timestep,x_cm,y_cm,z_cm,yaw_deg,basis_xx,basis_xy,basis_xz,basis_yx,basis_yy,basis_yz,basis_zx,basis_zy,basis_zz,teleport_flag,throttle_cmd,steering_cmd,cmd_move_cm,cmd_turn_deg,lidar_cm_0,lidar_cm_1,lidar_cm_2,lidar_cm_3,lidar_cm_4,lidar_cm_5,lidar_cm_6,lidar_cm_7,lidar_cm_8,lidar_cm_9,lidar_cm_10,lidar_cm_11,lidar_cm_12,lidar_cm_13,lidar_cm_14,lidar_cm_15,lidar_cm_16,lidar_class_0,lidar_class_1,lidar_class_2,lidar_class_3,lidar_class_4,lidar_class_5,lidar_class_6,lidar_class_7,lidar_class_8,lidar_class_9,lidar_class_10,lidar_class_11,lidar_class_12,lidar_class_13,lidar_class_14,lidar_class_15,lidar_class_16
0,-8199.258,6892.087,224.824,90.537,-0.009903,-0.995031,-0.099073,0.999937,-0.009324,-0.006312,0.005357,-0.099130,0.995060,1,0.08000,-0.12000,4.800,-0.240,575.000,400.000,-1,375.000,-1,325.000,325.000,325.000,325.000,-1,-1,-1,-1,525.000,725.000,550.000,-1,1,1,2,0,2,0,0,0,0,2,2,2,2,1,0,1,2
1,-8199.267,6901.688,224.887,90.057,-0.001613,-0.995071,-0.099154,0.999979,-0.000988,-0.006353,0.006224,-0.099162,0.995052,0,0.16000,-0.24000,9.600,-0.480,550.000,375.000,-1,375.000,-1,325.000,325.000,325.000,325.000,-1,-1,-1,-1,500.000,725.000,525.000,-1,1,1,2,0,2,0,0,0,0,2,2,2,2,1,0,1,2
2,-8199.139,6916.088,224.995,89.492,0.008145,-0.995027,-0.099269,0.999940,0.008826,-0.006421,0.007265,-0.099210,0.995040,0,0.24000,-0.28253,14.400,-0.565,550.000,375.000,-1,375.000,-1,325.000,325.000,325.000,325.000,-1,-1,-1,-1,500.000,725.000,500.000,-1,1,1,2,0,2,0,0,0,0,2,2,2,2,1,0,1,2
3,-8198.780,6935.285,225.158,88.929,0.017855,-0.994886,-0.099412,0.999806,0.018595,-0.006521,0.008336,-0.099277,0.995025,0,0.32000,-0.28130,19.200,-0.563,525.000,375.000,-1,375.000,-1,325.000,325.000,325.000,325.000,-1,-1,-1,-1,500.000,725.000,500.000,-1,1,1,2,0,2,1,0,0,0,2,2,2,2,1,0,1,2
4,-8198.097,6959.276,225.385,88.370,0.027508,-0.994649,-0.099583,0.999577,0.028311,-0.006655,0.009438,-0.099358,0.995007,0,0.40000,-0.27979,24.000,-0.560,475.000,350.000,-1,375.000,-1,300.000,325.000,325.000,325.000,-1,-1,-1,-1,475.000,725.000,475.000,-1,1,1,2,0,2,1,0,0,0,2,2,2,2,1,0,1,2
5,-8196.998,6988.056,225.686,87.814,0.037091,-0.994318,-0.099778,0.999256,0.037960,-0.006824,0.010573,-0.099451,0.994986,0,0.48000,-0.27799,28.800,-0.556,450.000,350.000,-1,375.000,-1,300.000,325.000,325.000,325.000,-1,-1,-1,-1,475.000,700.000,425.000,-1,1,1,2,0,2,1,0,0,0,2,2,2,2,1,0,1,2
6,-8195.393,7021.618,226.070,87.262,0.046593,-0.993896,-0.099995,0.998845,0.047532,-0.007032,0.011742,-0.099552,0.994963,0,0.56000,-0.27585,33.600,-0.552,425.000,325.000,-1,375.000,-1,300.000,325.000,325.000,325.000,-1,-1,-1,-1,450.000,700.000,400.000,-1,1,1,2,0,2,1,0,0,0,2,2,2,2,1,0,1,2
7,-8193.193,7059.955,226.548,86.715,0.055998,-0.993387,-0.100231,0.998347,0.057012,-0.007282,0.012948,-0.099658,0.994938,0,0.64000,-0.27334,38.400,-0.547,375.000,325.000,-1,375.000,-1,300.000,300.000,325.000,325.000,-1,-1,-1,-1,450.000,700.000,375.000,-1,1,1,2,0,2,1,0,0,0,2,2,2,2,1,0,1,2
8,-8190.310,7103.060,227.129,86.174,0.065291,-0.992794,-0.100486,0.997765,0.066385,-0.007579,0.014195,-0.099766,0.994910,0,0.72000,-0.27041,43.200,-0.541,325.000,325.000,-1,375.000,-1,300.000,300.000,325.000,325.000,-1,-1,-1,-1,425.000,700.000,325.000,-1,1,1,2,0,2,1,0,0,0,2,2,2,2,1,0,1,2
9,-8186.661,7150.921,227.822,85.640,0.074456,-0.992121,-0.100757,0.997104,0.075635,-0.007927,0.015486,-0.099875,0.994880,0,0.80000,-0.26701,48.000,-0.534,275.000,300.000,-1,375.000,-1,300.000,300.000,325.000,325.000,-1,-1,-1,-1,400.000,700.000,275.000,-1,1,1,2,0,2,1,0,0,0,2,2,2,2,1,0,1,2
10,-8182.161,7203.530,229.122,85.114,0.083347,-0.991569,-0.099222,0.996351,0.084758,-0.010085,0.018410,-0.098020,0.995014,0,0.88000,-0.26307,52.800,-0.526,225.000,300.000,-1,375.000,-1,300.000,325.000,325.000,325.000,-1,-1,-1,-1,400.000,700.000,250.000,-1,1,1,2,0,2,1,0,0,0,2,2,2,2,1,0,1,2
11,-8176.828,7259.714,233.959,84.597,0.091436,-0.992119,-0.085675,0.995291,0.093830,-0.024342,0.032189,-0.083045,0.996026,0,0.94058,-0.25852,56.435,-0.517,225.000,325.000,-1,400.000,-1,350.000,325.000,375.000,300.000,-1,500.000,325.000,-1,425.000,775.000,225.000,-1,1,1,2,0,2,0,0,0,0,2,0,0,2,1,0,1,2
12,-8171.001,7315.877,238.671,84.091,0.099714,-0.992260,-0.074006,0.993994,0.102705,-0.037775,0.045084,-0.069795,0.996542,0,0.94106,-0.25336,56.463,-0.507,200.000,350.000,-1,425.000,-1,375.000,350.000,400.000,300.000,-1,325.000,175.000,-1,450.000,825.000,225.000,-1,1,1,2,0,2,0,0,0,0,2,0,0,2,1,0,1,2
13,-8164.692,7371.989,243.106,83.595,0.108097,-0.992091,-0.063800,0.992511,0.111371,-0.050191,0.056899,-0.057897,0.996700,0,0.94107,-0.24784,56.464,-0.496,175.000,375.000,-1,450.000,-1,400.000,375.000,450.000,275.000,-1,275.000,125.000,-1,500.000,875.000,225.000,-1,1,1,2,0,2,0,0,0,0,2,0,0,2,1,0,1,2
14,-8157.916,7428.016,247.240,83.111,0.116487,-0.991662,-0.055108,0.990893,0.119812,-0.061454,0.067545,-0.047448,0.996587,0,0.94056,-0.24195,56.434,-0.484,175.000,400.000,-1,475.000,-1,425.000,400.000,450.000,275.000,-1,225.000,100.000,-1,550.000,925.000,200.000,-1,1,1,2,0,2,0,0,1,0,2,0,0,2,1,0,1,2
15,-8150.690,7483.922,251.053,82.640,0.124786,-0.991023,-0.047972,0.989196,0.128015,-0.071441,0.076941,-0.038539,0.996291,0,0.93948,-0.23567,56.369,-0.471,150.000,425.000,-1,500.000,-1,450.000,425.000,375.000,275.000,-1,225.000,75.000,875.000,600.000,975.000,200.000,-1,1,1,2,0,2,0,0,1,0,2,0,0,0,1,0,1,2
16,-8143.034,7539.667,254.526,82.182,0.132907,-0.990220,-0.042423,0.987475,0.135967,-0.080035,0.085021,-0.031254,0.995889,0,0.93778,-0.22902,56.267,-0.458,150.000,450.000,-1,500.000,-1,475.000,425.000,300.000,275.000,-1,200.000,50.000,750.000,675.000,-1,200.000,-1,1,1,2,0,2,0,0,1,0,2,0,0,0,1,2,1,2
17,-8134.967,7595.210,257.643,81.738,0.140770,-0.989294,-0.038482,0.985784,0.143660,-0.087133,0.091728,-0.025669,0.995453,0,0.93542,-0.22200,56.125,-0.444,125.000,475.000,-1,525.000,-1,475.000,450.000,250.000,275.000,-1,200.000,50.000,675.000,725.000,-1,200.000,-1,1,1,2,0,2,0,0,1,0,2,0,0,0,1,2,1,2
18,-8126.512,7650.510,260.389,81.308,0.148308,-0.988280,-0.036157,0.984171,0.151081,-0.092641,0.097018,-0.021845,0.995043,0,0.93236,-0.21463,55.941,-0.429,125.000,525.000,-1,525.000,-1,500.000,450.000,200.000,275.000,-1,175.000,50.000,625.000,775.000,-1,175.000,-1,1,1,2,0,2,0,0,1,0,2,0,0,0,1,2,1,2
19,-8117.694,7705.524,262.754,80.894,0.155472,-0.987204,-0.035446,0.982678,0.158223,-0.096485,0.100858,-0.019831,0.994703,0,0.92859,-0.20696,55.715,-0.414,100.000,550.000,-1,525.000,-1,500.000,450.000,175.000,275.000,-1,175.000,50.000,600.000,850.000,-1,175.000,-1,1,1,2,0,2,0,0,1,0,2,0,0,0,1,2,1,2
20,-7543.213,327.997,307.098,-1.669,0.996830,0.029075,-0.074061,-0.033173,0.997951,-0.054717,0.072318,0.057000,0.995751,1,0.00000,0.00000,55.446,-0.398,-1,400.000,-1,400.000,-1,325.000,325.000,300.000,300.000,-1,-1,-1,-1,900.000,900.000,-1,-1,2,0,2,0,2,0,0,0,0,2,2,2,2,0,0,2,2
21,-7538.414,327.877,307.450,-1.429,0.996948,0.024895,-0.073997,-0.028989,0.998078,-0.054771,0.072491,0.056749,0.995753,0,0.08000,0.12000,4.800,0.240,-1,400.000,-1,400.000,-1,325.000,325.000,300.000,300.000,-1,-1,-1,-1,900.000,900.000,-1,-1,2,0,2,0,2,0,0,0,0,2,2,2,2,0,0,2,2
22,-7528.817,327.680,308.155,-1.175,0.997058,0.020476,-0.073864,-0.024565,0.998191,-0.054874,0.072607,0.056527,0.995757,0,0.16000,0.12684,9.600,0.254,-1,400.000,-1,400.000,-1,325.000,325.000,300.000,300.000,-1,-1,-1,-1,900.000,900.000,-1,-1,2,0,2,0,2,0,0,0,0,2,2,2,2,0,0,2,2
23,-7514.419,327.448,309.215,-0.921,0.997154,0.016044,-0.073665,-0.020127,0.998282,-0.055028,0.072655,0.056354,0.995764,0,0.24000,0.12722,14.400,0.254,-1,400.000,-1,400.000,-1,325.000,325.000,300.000,300.000,-1,-1,-1,-1,925.000,900.000,-1,-1,2,0,2,0,2,0,0,0,0,2,2,2,2,0,0,2,2
24,-7495.220,327.225,310.632,-0.665,0.997235,0.011589,-0.073398,-0.015667,0.998351,-0.055233,0.072637,0.056230,0.995772,0,0.32000,0.12783,19.200,0.256,-1,400.000,-1,400.000,-1,325.000,325.000,300.000,300.000,-1,-1,-1,-1,925.000,900.000,-1,-1,2,0,2,0,2,0,0,0,0,2,2,2,2,0,0,2,2
25,-7471.221,327.054,312.408,-0.408,0.997302,0.007104,-0.073065,-0.011177,0.998397,-0.055491,0.072553,0.056158,0.995782,0,0.40000,0.12870,24.000,0.257,-1,400.000,-1,400.000,-1,325.000,325.000,300.000,300.000,-1,-1,-1,-1,925.000,925.000,-1,-1,2,0,2,0,2,0,0,0,0,2,2,2,2,0,0,2,2
26,-7442.421,326.980,314.546,-0.148,0.997353,0.002579,-0.072665,-0.006648,0.998420,-0.055803,0.072406,0.056138,0.995794,0,0.48000,0.12983,28.800,0.260,-1,425.000,-1,425.000,-1,325.000,325.000,300.000,300.000,-1,-1,-1,-1,925.000,925.000,-1,-1,2,0,2,0,2,0,0,0,0,2,2,2,2,0,0,2,2
27,-7408.821,327.047,317.048,0.114,0.997388,-0.001994,-0.072200,-0.002070,0.998419,-0.056172,0.072197,0.056174,0.995807,0,0.56000,0.13121,33.600,0.262,-1,425.000,-1,425.000,-1,350.000,350.000,300.000,300.000,-1,-1,-1,-1,950.000,925.000,-1,-1,2,0,2,0,2,0,0,0,0,2,2,2,2,0,0,2,2
28,-7370.422,327.302,319.916,0.380,0.997407,-0.006625,-0.071668,0.002565,0.998394,-0.056598,0.071928,0.056267,0.995821,0,0.64000,0.13288,38.400,0.266,-1,425.000,-1,425.000,-1,350.000,350.000,300.000,300.000,-1,-1,-1,-1,1000.000,950.000,-1,-1,2,0,2,0,2,0,0,0,0,2,2,2,2,0,0,2,2
29,-7327.225,327.792,323.153,0.650,0.997407,-0.011324,-0.071070,0.007267,0.998343,-0.057084,0.071599,0.056419,0.995837,0,0.72000,0.13483,43.200,0.270,-1,425.000,-1,425.000,-1,350.000,350.000,300.000,300.000,-1,-1,-1,-1,-1,1000.000,-1,-1,2,0,2,0,2,0,0,0,0,2,2,2,2,2,0,2,2
30,-7279.232,328.566,326.762,0.924,0.997389,-0.016101,-0.070405,0.012047,0.998265,-0.057632,0.071211,0.056633,0.995852,0,0.80000,0.13709,48.000,0.274,-1,425.000,-1,425.000,-1,350.000,350.000,300.000,300.000,-1,-1,-1,-1,-1,-1,-1,-1,2,0,2,0,2,0,0,0,0,2,2,2,2,2,2,2,2
31,-7231.163,329.576,330.391,1.203,0.997345,-0.020967,-0.069738,0.016916,0.998162,-0.058189,0.070830,0.056855,0.995867,0,0.80133,0.13968,48.080,0.279,-1,450.000,-1,450.000,-1,350.000,350.000,300.000,300.000,-1,-1,-1,-1,-1,-1,-1,-1,2,0,2,0,2,0,0,0,0,2,2,2,2,2,2,2,2
32,-7183.048,330.826,333.216,1.488,0.997377,-0.025925,-0.067584,0.021945,0.998017,-0.058990,0.068979,0.057352,0.995968,0,0.80219,0.14233,48.131,0.285,-1,450.000,-1,450.000,-1,350.000,350.000,300.000,300.000,-1,-1,-1,-1,-1,-1,-1,-1,2,0,2,0,2,0,0,0,0,2,2,2,2,2,2,2,2
33,-7134.897,332.320,335.571,1.778,0.997457,-0.030978,-0.064190,0.027196,0.997888,-0.058989,0.065882,0.057093,0.996193,0,0.80292,0.14504,48.175,0.290,-1,450.000,-1,450.000,-1,350.000,350.000,300.000,275.000,-1,-1,-1,-1,-1,-1,-1,-1,2,0,2,0,2,0,0,0,0,2,2,2,2,2,2,2,2
34,-7086.717,334.064,337.941,2.074,0.997497,-0.036127,-0.060789,0.032542,0.997729,-0.058967,0.062782,0.056841,0.996407,0,0.80354,0.14782,48.212,0.296,-1,425.000,-1,425.000,-1,350.000,350.000,275.000,275.000,-1,-1,-1,-1,-1,-1,-1,-1,2,0,2,0,2,0,0,0,0,2,2,2,2,2,2,2,2
35,-7038.518,336.063,340.324,2.375,0.997495,-0.041374,-0.057381,0.037987,0.997540,-0.058923,0.059678,0.056596,0.996612,0,0.80402,0.15066,48.241,0.301,-1,425.000,-1,425.000,-1,350.000,350.000,275.000,275.000,-1,-1,-1,-1,-1,-1,-1,-1,2,0,2,0,2,0,0,0,0,2,2,2,2,2,2,2,2
36,-6990.309,338.321,342.721,2.682,0.997449,-0.046722,-0.053966,0.043531,0.997317,-0.058857,0.056571,0.056358,0.996807,0,0.80437,0.15356,48.262,0.307,-1,425.000,-1,425.000,-1,350.000,350.000,275.000,275.000,-1,-1,-1,-1,-1,-1,-1,-1,2,0,2,0,2,0,0,0,0,2,2,2,2,2,2,2,2
37,-6942.101,340.843,345.132,2.995,0.997358,-0.052170,-0.050543,0.049177,0.997060,-0.058769,0.053460,0.056128,0.996991,0,0.80457,0.15652,48.274,0.313,-1,425.000,-1,425.000,-1,350.000,350.000,275.000,275.000,-1,-1,-1,-1,-1,-1,-1,-1,2,0,2,0,2,0,0,0,0,2,2,2,2,2,2,2,2
38,-6893.905,343.633,347.556,3.314,0.997220,-0.057723,-0.047113,0.054925,0.996766,-0.058657,0.050346,0.055906,0.997166,0,0.80463,0.15954,48.278,0.319,-1,425.000,-1,425.000,-1,350.000,350.000,275.000,275.000,-1,-1,-1,-1,-1,-1,-1,-1,2,0,2,0,2,0,0,0,0,2,2,2,2,2,2,2,2
39,-6845.730,346.697,349.992,3.640,0.997033,-0.063381,-0.043676,0.060779,0.996434,-0.058520,0.047229,0.055692,0.997330,0,0.80454,0.16261,48.272,0.325,-1,425.000,-1,425.000,-1,350.000,350.000,275.000,275.000,-1,-1,-1,-1,-1,-1,-1,-1,2,0,2,0,2,0,0,0,0,2,2,2,2,2,2,2,2
40,-6797.589,350.038,352.441,3.971,0.996795,-0.069145,-0.040232,0.066739,0.996062,-0.058359,0.044109,0.055487,0.997485,0,0.80430,0.16574,48.258,0.331,-1,425.000,-1,425.000,-1,350.000,350.000,275.000,275.000,-1,-1,-1,-1,-1,-1,-1,-1,2,0,2,0,2,0,0,0,0,2,2,2,2,2,2,2,2
41,-6749.492,353.661,354.901,4.309,0.996504,-0.075017,-0.036781,0.072806,0.995648,-0.058171,0.040985,0.055290,0.997629,0,0.80389,0.16891,48.234,0.338,-1,450.000,-1,450.000,-1,350.000,350.000,275.000,275.000,-1,-1,-1,-1,-1,-1,-1,-1,2,0,2,0,2,0,0,0,0,2,2,2,2,2,2,2,2
42,-6701.451,357.571,357.373,4.653,0.996157,-0.080999,-0.033324,0.078981,0.995190,-0.057957,0.037858,0.055102,0.997763,0,0.80333,0.17212,48.200,0.344,-1,450.000,-1,450.000,-1,350.000,350.000,275.000,275.000,-1,-1,-1,-1,-1,-1,-1,-1,2,0,2,0,2,0,0,0,0,2,2,2,2,2,2,2,2
43,-6651.742,362.127,359.956,5.237,0.995394,-0.091144,-0.029737,0.089324,0.994333,-0.057653,0.034823,0.054731,0.997894,0,0.83196,0.29212,49.918,0.584,-1,450.000,-1,450.000,-1,350.000,350.000,275.000,300.000,-1,-1,-1,-1,-1,-1,-1,-1,2,0,2,0,2,0,0,0,0,2,2,2,2,2,2,2,2
44,-6602.146,367.392,362.569,6.062,0.994082,-0.105441,-0.026147,0.103816,0.992949,-0.057230,0.031997,0.054177,0.998019,0,0.83127,0.41212,49.876,0.824,-1,450.000,-1,450.000,-1,350.000,375.000,300.000,300.000,-1,-1,-1,-1,-1,-1,-1,-1,2,0,2,0,2,0,0,0,0,2,2,2,2,2,2,2,2
45,-6552.691,373.577,364.246,7.126,0.992050,-0.123846,-0.022328,0.122316,0.990661,-0.060247,0.029581,0.057037,0.997934,0,0.83068,0.53212,49.841,1.064,-1,450.000,-1,450.000,-1,375.000,375.000,300.000,275.000,-1,-1,-1,-1,-1,-1,-1,-1,2,0,2,0,2,0,0,0,0,2,2,2,2,2,2,2,2
46,-6503.417,380.881,365.095,8.430,0.989064,-0.146343,-0.018358,0.144941,0.987454,-0.062666,0.027298,0.059320,0.997866,0,0.83021,0.65212,49.813,1.304,-1,450.000,-1,450.000,-1,375.000,375.000,300.000,275.000,-1,-1,-1,-1,-1,-1,-1,-1,2,0,2,0,2,0,0,0,0,2,2,2,2,2,2,2,2
47,-6454.377,389.505,365.362,9.974,0.984841,-0.172904,-0.013843,0.171736,0.983173,-0.062277,0.024378,0.058955,0.997963,0,0.82990,0.77212,49.794,1.544,-1,450.000,-1,450.000,-1,350.000,350.000,300.000,275.000,-1,-1,-1,-1,-1,-1,-1,-1,2,0,2,0,2,0,0,0,0,2,2,2,2,2,2,2,2
48,-6405.615,399.548,365.702,11.639,0.979465,-0.201397,-0.009324,0.200458,0.977755,-0.061737,0.021551,0.058600,0.998049,0,0.82977,0.83236,49.786,1.665,-1,450.000,-1,450.000,-1,350.000,350.000,300.000,275.000,-1,-1,-1,-1,-1,1000.000,-1,-1,2,0,2,0,2,0,0,0,0,2,2,2,2,2,0,2,2
49,-6357.171,411.005,366.112,13.307,0.973231,-0.229778,-0.004821,0.229066,0.971498,-0.060997,0.018699,0.058260,0.998126,0,0.82970,0.83403,49.782,1.668,-1,450.000,-1,450.000,-1,350.000,350.000,275.000,275.000,-1,-1,-1,-1,-1,975.000,-1,-1,2,0,2,0,2,0,0,0,0,2,2,2,2,2,0,2,2
50,-6309.089,423.868,366.590,14.978,0.966141,-0.258016,-0.000343,0.257530,0.964402,-0.060055,0.015826,0.057933,0.998195,0,0.82956,0.83556,49.773,1.671,-1,425.000,-1,425.000,-1,350.000,350.000,275.000,275.000,-1,-1,-1,-1,-1,975.000,-1,-1,2,0,2,0,2,0,0,0,0,2,2,2,2,2,0,2,2
51,-6261.416,438.127,367.134,16.652,0.958195,-0.286086,0.004097,0.285822,0.956470,-0.058910,0.012935,0.057618,0.998255,0,0.82935,0.83705,49.761,1.674,-1,425.000,-1,425.000,-1,350.000,350.000,275.000,275.000,-1,-1,-1,-1,-1,950.000,-1,-1,2,0,2,0,2,0,0,0,0,2,2,2,2,2,0,2,2
52,-6214.196,453.770,367.741,18.329,0.949398,-0.313960,0.008488,0.313915,0.947705,-0.057562,0.010028,0.057314,0.998306,0,0.82907,0.83851,49.744,1.677,-1,425.000,-1,425.000,-1,350.000,350.000,275.000,275.000,-1,-1,-1,-1,-1,925.000,-1,-1,2,0,2,0,2,0,0,0,0,2,2,2,2,2,0,2,2
53,-6167.474,470.782,368.523,20.009,0.939757,-0.341620,0.012356,0.341763,0.938132,-0.055731,0.007447,0.056596,0.998369,0,0.82872,0.83992,49.723,1.680,-1,425.000,-1,425.000,-1,350.000,350.000,275.000,275.000,-1,-1,-1,-1,-1,925.000,-1,-1,2,0,2,0,2,0,0,0,0,2,2,2,2,2,0,2,2
54,-6121.297,489.150,369.377,21.692,0.929277,-0.369035,0.016083,0.369352,0.927737,-0.053698,0.004896,0.055841,0.998428,0,0.82828,0.84129,49.697,1.683,-1,425.000,-1,425.000,-1,325.000,350.000,275.000,300.000,-1,-1,-1,-1,-1,900.000,-1,-1,2,0,2,0,2,0,0,1,0,2,2,2,2,2,1,2,2
55,-6075.708,508.855,370.277,23.377,0.917963,-0.396174,0.019759,0.396659,0.916519,-0.051527,0.002304,0.055137,0.998476,0,0.82777,0.84261,49.666,1.685,-1,425.000,-1,425.000,975.000,325.000,350.000,275.000,300.000,-1,-1,-1,-1,-1,875.000,-1,975.000,2,0,2,0,1,0,0,1,0,2,2,2,2,2,1,2,1
56,-6030.751,529.880,371.010,25.065,0.905837,-0.422993,0.023148,0.423626,0.904447,-0.050169,0.000285,0.055251,0.998472,0,0.82718,0.84388,49.631,1.688,-1,425.000,-1,425.000,900.000,325.000,325.000,250.000,300.000,-1,-1,-1,-1,-1,825.000,-1,925.000,2,0,2,0,1,0,0,1,0,2,2,2,2,2,1,2,1
57,-5986.471,552.206,371.205,26.755,0.892939,-0.449428,0.025969,0.450177,0.891462,-0.051342,-0.000076,0.057536,0.998343,0,0.82650,0.84510,49.590,1.690,-1,425.000,-1,425.000,850.000,325.000,350.000,250.000,300.000,-1,-1,-1,-1,-1,800.000,-1,900.000,2,0,2,0,1,0,0,1,0,2,2,2,2,2,1,2,1
58,-5942.910,575.808,371.350,28.447,0.879233,-0.475487,0.029367,0.476392,0.877660,-0.052561,-0.000783,0.060204,0.998186,0,0.82575,0.84626,49.545,1.693,-1,425.000,-1,425.000,800.000,325.000,325.000,250.000,300.000,-1,-1,-1,-1,-1,775.000,-1,850.000,2,0,2,0,1,0,0,1,0,2,2,2,2,2,1,2,1
59,-5900.110,600.663,371.678,30.142,0.864748,-0.501126,0.032921,0.502205,0.863028,-0.054526,-0.001087,0.063684,0.997970,0,0.82491,0.84736,49.494,1.695,-1,450.000,-1,425.000,750.000,325.000,325.000,250.000,300.000,-1,-1,-1,-1,-1,725.000,-1,800.000,2,0,2,0,1,0,0,1,0,2,2,2,2,2,1,2,1
60,-5858.112,626.746,372.085,31.839,0.849487,-0.526335,0.036655,0.527608,0.847607,-0.056492,-0.001335,0.067329,0.997730,0,0.82399,0.84841,49.439,1.697,-1,450.000,-1,425.000,700.000,350.000,350.000,250.000,300.000,-1,-1,-1,-1,-1,700.000,-1,750.000,2,0,2,0,1,0,0,1,0,2,2,2,2,2,1,2,1
61,-5818.797,652.569,372.280,33.296,0.835748,-0.547617,0.040517,0.549108,0.833804,-0.057027,-0.002555,0.069909,0.997550,0,0.78396,0.72841,47.038,1.457,-1,450.000,-1,425.000,675.000,350.000,325.000,250.000,300.000,-1,-1,-1,-1,-1,675.000,-1,725.000,2,0,2,0,1,0,0,1,0,2,2,2,2,2,1,2,1
62,-5780.100,679.177,371.758,34.513,0.823869,-0.565215,0.042101,0.566771,0.822008,-0.055440,-0.003272,0.069537,0.997574,0,0.78271,0.60841,46.963,1.217,-1,450.000,-1,425.000,625.000,350.000,325.000,225.000,300.000,-1,-1,-1,-1,-1,650.000,-1,675.000,2,0,2,0,1,0,0,1,0,2,2,2,2,2,1,2,1
63,-5741.943,706.381,370.946,35.489,0.814016,-0.579208,0.043537,0.580821,0.812340,-0.052444,-0.004991,0.067977,0.997674,0,0.78104,0.48841,46.862,0.977,-1,450.000,-1,400.000,600.000,350.000,325.000,225.000,300.000,-1,-1,-1,-1,-1,625.000,-1,650.000,2,0,2,0,1,0,0,1,0,2,2,2,2,2,1,2,1
64,-5704.240,733.998,369.961,36.226,0.806349,-0.589725,0.045020,0.591384,0.804986,-0.047572,-0.008186,0.064984,0.997853,0,0.77894,0.36841,46.736,0.737,-1,450.000,1000.000,400.000,550.000,350.000,325.000,225.000,300.000,-1,-1,-1,-1,-1,600.000,-1,600.000,2,0,1,0,1,0,0,1,0,2,2,2,2,2,1,2,1
65,-5666.899,761.851,368.873,36.723,0.801030,-0.596817,0.046480,0.598501,0.800022,-0.041967,-0.012139,0.061435,0.998037,0,0.77642,0.24841,46.585,0.497,-1,450.000,950.000,400.000,500.000,350.000,325.000,200.000,300.000,-1,-1,-1,-1,-1,575.000,-1,550.000,2,0,1,0,1,0,0,1,0,2,2,2,2,2,1,2,1
66,-5629.824,789.766,368.226,36.980,0.798227,-0.600454,0.047850,0.602176,0.797415,-0.038918,-0.014788,0.059880,0.998096,0,0.77348,0.12841,46.409,0.257,-1,450.000,900.000,400.000,475.000,350.000,325.000,200.000,300.000,-1,-1,-1,-1,975.000,525.000,-1,500.000,2,0,1,0,1,0,0,1,0,2,2,2,2,1,1,2,1
67,-5592.917,817.572,367.528,36.997,0.797923,-0.600742,0.049262,0.602499,0.797311,-0.035920,-0.017699,0.058342,0.998140,0,0.77015,0.00841,46.209,0.017,-1,450.000,850.000,400.000,425.000,350.000,325.000,200.000,300.000,-1,-1,-1,-1,925.000,500.000,-1,475.000,2,0,1,0,1,0,0,1,0,2,2,2,2,1,1,2,1
68,-5556.080,845.102,366.767,36.773,0.800124,-0.597685,0.050735,0.599472,0.799716,-0.032986,-0.020859,0.056807,0.998167,0,0.76646,-0.11159,45.988,-0.223,-1,425.000,800.000,400.000,400.000,350.000,325.000,225.000,300.000,-1,-1,-1,-1,875.000,475.000,-1,425.000,2,0,1,1,1,0,0,1,0,2,2,2,2,1,1,2,1
69,-5519.214,872.190,365.937,36.310,0.804790,-0.591252,0.052287,0.593064,0.804591,-0.030133,-0.024253,0.055261,0.998177,0,0.76246,-0.23159,45.747,-0.463,-1,425.000,750.000,375.000,350.000,350.000,325.000,225.000,300.000,-1,-1,-1,-1,800.000,450.000,-1,375.000,2,0,1,1,1,0,0,1,0,2,2,2,2,1,1,2,1
70,-5482.227,898.675,365.027,35.607,0.811840,-0.581383,0.053933,0.583214,0.811857,-0.027379,-0.027868,0.053682,0.998169,0,0.75819,-0.35159,45.491,-0.703,-1,425.000,675.000,350.000,325.000,350.000,325.000,225.000,300.000,-1,-1,-1,-1,725.000,400.000,-1,350.000,2,0,1,1,1,0,0,1,0,2,2,2,2,1,1,2,1
71,-5445.114,924.517,364.016,34.851,0.819295,-0.570669,0.055617,0.572511,0.819522,-0.024811,-0.031421,0.052169,0.998144,0,0.75373,-0.37792,45.224,-0.756,-1,425.000,625.000,300.000,275.000,350.000,325.000,250.000,300.000,-1,-1,-1,-1,675.000,375.000,-1,300.000,2,0,1,1,1,0,1,1,0,2,2,2,2,1,1,2,1
72,-5407.877,949.722,363.075,34.094,0.826571,-0.559796,0.058382,0.561717,0.827010,-0.022985,-0.035416,0.051793,0.998030,0,0.74941,-0.37873,44.964,-0.757,-1,425.000,550.000,275.000,250.000,350.000,300.000,250.000,300.000,-1,-1,-1,-1,600.000,350.000,-1,250.000,2,0,1,1,1,0,1,1,0,2,2,2,2,1,1,2,1
73,-5370.513,974.297,362.292,33.334,0.833650,-0.548768,0.062308,0.550836,0.834333,-0.021652,-0.040103,0.052372,0.997822,0,0.74535,-0.37975,44.721,-0.760,-1,425.000,500.000,250.000,200.000,325.000,250.000,275.000,300.000,-1,-1,-1,-1,525.000,300.000,-1,225.000,2,1,1,1,1,1,1,1,0,2,2,2,2,1,1,2,1
74,-5333.015,998.251,361.117,32.572,0.840687,-0.537644,0.064689,0.539754,0.841587,-0.019941,-0.043720,0.051680,0.997706,0,0.74159,-0.38097,44.495,-0.762,-1,375.000,450.000,225.000,175.000,300.000,225.000,300.000,300.000,-1,-1,-1,-1,475.000,275.000,-1,175.000,2,1,1,1,1,1,1,1,0,2,2,2,2,1,1,2,1
75,-5291.012,1024.053,363.768,31.570,0.850933,-0.523260,0.045965,0.524195,0.851534,-0.010470,-0.033662,0.033004,0.998888,0,0.82159,-0.50097,49.295,-1.002,-1,350.000,425.000,225.000,150.000,275.000,225.000,300.000,350.000,500.000,-1,-1,-1,425.000,250.000,-1,150.000,2,1,1,1,1,1,1,0,0,1,2,2,2,1,1,2,1
76,-5247.693,1049.576,366.946,30.510,0.861301,-0.507672,0.020742,0.507738,0.861508,0.002326,-0.019050,0.008529,0.999782,0,0.83799,-0.53011,50.280,-1.060,-1,325.000,400.000,200.000,150.000,250.000,200.000,300.000,400.000,400.000,-1,-1,-1,400.000,250.000,700.000,150.000,2,1,1,1,1,1,1,0,1,1,2,2,2,1,1,1,1
77,-5203.802,1074.355,369.750,29.445,0.870850,-0.491501,-0.006792,0.491542,0.870685,0.017165,-0.002523,-0.018287,0.999830,0,0.84006,-0.53271,50.404,-1.065,-1,275.000,375.000,200.000,150.000,225.000,200.000,275.000,400.000,325.000,150.000,-1,-1,350.000,250.000,600.000,150.000,2,1,1,1,1,1,1,0,1,1,0,2,2,1,1,1,1
78,-5159.355,1098.372,372.329,28.374,0.879421,-0.474700,-0.035757,0.475797,0.878903,0.033863,0.015352,-0.046793,0.998787,0,0.84200,-0.53550,50.520,-1.071,-1,250.000,350.000,200.000,150.000,200.000,175.000,250.000,400.000,275.000,0.000,400.000,-1,325.000,225.000,500.000,150.000,2,1,1,1,1,1,1,0,1,1,0,0,2,1,1,1,1
79,-5114.372,1121.604,375.729,27.297,0.887172,-0.457383,-0.061047,0.460390,0.886291,0.050301,0.031099,-0.072731,0.996867,0,0.84378,-0.53852,50.627,-1.077,-1,225.000,325.000,175.000,150.000,200.000,175.000,250.000,400.000,250.000,0.000,250.000,-1,300.000,225.000,400.000,150.000,2,1,1,1,1,1,1,0,1,1,0,0,2,1,1,1,1
80,2295.759,-2951.690,244.256,36.994,0.798150,-0.601344,-0.036629,0.602161,0.798191,0.017134,0.018934,-0.035733,0.999182,1,0.00000,0.00000,50.722,-1.084,-1,400.000,-1,425.000,-1,325.000,325.000,275.000,75.000,-1,525.000,625.000,-1,850.000,875.000,-1,-1,2,0,2,0,2,0,0,0,1,2,1,1,2,0,0,2,2
81,2299.586,-2948.792,244.352,37.138,0.796646,-0.603347,-0.036449,0.604157,0.796681,0.017134,0.018701,-0.035671,0.999189,0,0.08000,0.07191,4.800,0.144,-1,400.000,-1,425.000,-1,325.000,325.000,275.000,75.000,-1,550.000,625.000,-1,850.000,875.000,-1,-1,2,0,2,0,2,0,0,0,1,2,1,1,2,0,0,2,2
82,2307.224,-2942.977,244.578,37.281,0.795139,-0.605344,-0.036225,0.606148,0.795167,0.017172,0.018410,-0.035612,0.999196,0,0.16000,0.07185,9.600,0.144,-1,400.000,-1,425.000,-1,325.000,325.000,275.000,75.000,-1,550.000,625.000,-1,850.000,875.000,-1,-1,2,0,2,0,2,0,0,0,1,2,1,1,2,0,0,2,2
83,2318.660,-2934.226,244.907,37.425,0.793635,-0.607336,-0.035859,0.608128,0.793652,0.017226,0.017998,-0.035478,0.999208,0,0.24000,0.07174,14.400,0.143,-1,400.000,-1,425.000,-1,325.000,325.000,275.000,75.000,-1,575.000,650.000,-1,850.000,875.000,-1,-1,2,0,2,0,2,0,0,0,1,2,1,1,2,0,0,2,2
84,2333.878,-2922.519,245.330,37.568,0.792134,-0.609323,-0.035345,0.610097,0.792138,0.017294,0.017460,-0.035263,0.999226,0,0.32000,0.07160,19.200,0.143,-1,400.000,-1,425.000,-1,325.000,325.000,275.000,75.000,-1,600.000,675.000,-1,850.000,875.000,-1,-1,2,0,2,0,2,0,0,0,1,2,1,1,2,0,0,2,2
85,2352.865,-2907.839,245.837,37.711,0.790637,-0.611303,-0.034675,0.612055,0.790624,0.017380,0.016791,-0.034964,0.999248,0,0.40000,0.07145,24.000,0.143,-1,400.000,-1,425.000,-1,325.000,325.000,275.000,75.000,-1,625.000,700.000,-1,850.000,875.000,-1,-1,2,0,2,0,2,0,0,0,1,2,1,1,2,0,0,2,2
86,2375.605,-2890.166,246.413,37.854,0.789142,-0.613278,-0.033841,0.614003,0.789110,0.017483,0.015982,-0.034576,0.999274,0,0.48000,0.07132,28.800,0.143,-1,400.000,-1,425.000,-1,325.000,325.000,275.000,75.000,-1,650.000,725.000,-1,850.000,875.000,-1,-1,2,0,2,0,2,0,0,0,1,2,1,1,2,0,0,2,2
87,2402.083,-2869.481,247.637,37.996,0.787688,-0.615201,-0.032802,0.615932,0.787535,0.020406,0.013279,-0.036277,0.999254,0,0.56000,0.07124,33.600,0.142,-1,400.000,-1,425.000,-1,325.000,325.000,275.000,100.000,-1,700.000,775.000,-1,850.000,875.000,-1,-1,2,0,2,0,2,0,0,0,1,2,1,1,2,0,0,2,2
88,2432.253,-2845.783,251.693,38.138,0.786453,-0.616848,-0.031485,0.617647,0.785608,0.036515,0.002211,-0.048164,0.998837,0,0.63942,0.07125,38.365,0.143,-1,375.000,-1,425.000,-1,325.000,325.000,275.000,100.000,-1,800.000,900.000,-1,775.000,850.000,-1,-1,2,0,2,0,2,0,0,0,1,2,1,1,2,0,0,2,2
89,2462.173,-2822.159,255.088,38.281,0.785214,-0.618486,-0.030234,0.619184,0.783664,0.049818,-0.007118,-0.057838,0.998301,0,0.63536,0.07141,38.122,0.143,-1,375.000,-1,400.000,-1,325.000,325.000,250.000,125.000,-1,900.000,1000.000,-1,725.000,825.000,-1,-1,2,0,2,0,2,0,0,0,1,2,1,1,2,0,0,2,2
90,2491.847,-2798.610,257.833,38.425,0.783939,-0.620158,-0.029029,0.620662,0.781751,0.060360,-0.014739,-0.065336,0.997754,0,0.63138,0.07172,37.883,0.143,-1,375.000,-1,400.000,-1,300.000,325.000,250.000,150.000,-1,1000.000,-1,-1,700.000,825.000,-1,-1,2,0,2,0,2,0,0,0,1,2,1,2,2,0,0,2,2
91,2521.281,-2775.132,259.939,38.569,0.782603,-0.621898,-0.027848,0.622177,0.779901,0.068186,-0.020686,-0.070689,0.997284,0,0.62752,0.07217,37.651,0.144,-1,350.000,-1,400.000,-1,300.000,325.000,250.000,175.000,-1,-1,-1,-1,675.000,800.000,-1,-1,2,0,2,0,2,0,0,0,1,2,2,2,2,0,0,2,2
92,2550.483,-2751.720,261.400,38.715,0.781185,-0.623732,-0.026595,0.623797,0.778140,0.073324,-0.025040,-0.073869,0.996954,0,0.62380,0.07275,37.428,0.146,-1,350.000,-1,400.000,-1,300.000,325.000,250.000,175.000,-1,-1,-1,300.000,650.000,800.000,-1,-1,2,0,2,0,2,0,0,0,1,2,2,2,1,0,0,2,2
93,2579.460,-2728.368,262.181,38.862,0.779674,-0.625685,-0.025045,0.625561,0.776486,0.075774,-0.027964,-0.074746,0.996810,0,0.62025,0.07347,37.215,0.147,-1,350.000,-1,400.000,-1,300.000,325.000,250.000,200.000,-1,-1,-1,250.000,650.000,800.000,-1,-1,2,0,2,0,2,0,0,0,1,2,2,2,1,0,0,2,2
94,2608.222,-2705.070,262.348,39.010,0.778062,-0.627747,-0.023516,0.627503,0.774922,0.075735,-0.029319,-0.073683,0.996851,0,0.61690,0.07432,37.014,0.149,-1,350.000,-1,400.000,-1,300.000,325.000,250.000,225.000,-1,-1,-1,225.000,650.000,775.000,-1,-1,2,0,2,0,2,0,0,0,1,2,2,2,1,0,0,2,2
95,2636.777,-2681.818,261.867,39.161,0.776357,-0.629910,-0.021991,0.629614,0.773428,0.073453,-0.029261,-0.070871,0.997056,0,0.61375,0.07529,36.825,0.151,-1,350.000,-1,400.000,-1,300.000,325.000,250.000,225.000,-1,-1,-1,200.000,650.000,775.000,-1,-1,2,0,2,0,2,0,0,0,1,2,2,2,1,0,1,2,2
96,2665.135,-2658.602,260.809,39.313,0.774553,-0.632178,-0.020448,0.631906,0.772000,0.068628,-0.027599,-0.066077,0.997433,0,0.61083,0.07637,36.650,0.153,-1,350.000,-1,400.000,-1,300.000,325.000,250.000,250.000,-1,-1,-1,200.000,650.000,775.000,-1,-1,2,0,2,0,2,0,0,0,1,2,2,2,1,0,1,2,2
97,2693.307,-2635.413,259.181,39.469,0.772663,-0.634536,-0.018868,0.634349,0.770613,0.061286,-0.024348,-0.059323,0.997942,0,0.60814,0.07757,36.488,0.155,-1,375.000,-1,400.000,-1,300.000,325.000,250.000,275.000,-1,-1,-1,200.000,675.000,775.000,-1,-1,2,0,2,0,2,0,0,0,1,2,2,2,1,0,1,2,2
98,2721.301,-2612.241,256.967,39.626,0.770704,-0.636958,-0.017336,0.636897,0.769229,0.051472,-0.019450,-0.050711,0.998524,0,0.60568,0.07887,36.341,0.158,-1,375.000,-1,400.000,-1,325.000,325.000,275.000,300.000,-1,-1,-1,200.000,700.000,750.000,-1,-1,2,0,2,0,2,0,0,0,1,2,2,2,1,0,1,2,2
99,2749.129,-2589.076,254.125,39.787,0.768698,-0.639410,-0.016059,0.639484,0.767802,0.039247,-0.012765,-0.040438,0.999101,0,0.60346,0.08027,36.208,0.161,-1,400.000,-1,400.000,-1,325.000,325.000,275.000,300.000,-1,-1,-1,175.000,750.000,750.000,-1,-1,2,0,2,0,2,0,0,0,1,2,2,2,1,0,1,2,2
100,2776.798,-2565.907,250.719,39.950,0.766674,-0.641868,-0.014706,0.642020,0.766294,0.024555,-0.004492,-0.028267,0.999590,0,0.60148,0.08176,36.089,0.164,-1,400.000,-1,400.000,-1,325.000,325.000,275.000,300.000,-1,-1,-1,175.000,825.000,750.000,-1,-1,2,0,2,0,2,0,0,0,0,2,2,2,1,0,1,2,2
101,2804.317,-2542.722,249.476,40.117,0.764768,-0.644163,-0.013586,0.644301,0.764505,0.020208,-0.002631,-0.024208,0.999703,0,0.59974,0.08334,35.984,0.167,-1,400.000,-1,400.000,-1,325.000,325.000,300.000,300.000,-1,-1,-1,200.000,850.000,725.000,-1,-1,2,0,2,0,2,0,0,0,0,2,2,2,1,0,1,2,2
102,2831.697,-2519.513,249.432,40.287,0.762876,-0.646420,-0.012654,0.646530,0.762581,0.021678,-0.004363,-0.024719,0.999685,0,0.59822,0.08501,35.893,0.170,-1,400.000,-1,400.000,-1,325.000,325.000,300.000,300.000,-1,-1,-1,225.000,850.000,725.000,-1,-1,2,0,2,0,2,0,0,0,0,2,2,2,1,0,1,2,2
103,2858.947,-2496.271,249.344,40.461,0.760937,-0.648719,-0.011775,0.648797,0.760610,0.023121,-0.006043,-0.025233,0.999663,0,0.59693,0.08676,35.816,0.174,-1,400.000,-1,400.000,-1,325.000,325.000,300.000,300.000,-1,-1,-1,225.000,825.000,700.000,-1,-1,2,0,2,0,2,0,0,0,0,2,2,2,1,0,1,2,2
104,2886.077,-2472.987,249.223,40.638,0.758948,-0.651060,-0.010946,0.651107,0.758591,0.024476,-0.007632,-0.025703,0.999640,0,0.59585,0.08858,35.751,0.177,-1,400.000,-1,400.000,-1,325.000,325.000,300.000,300.000,-1,-1,-1,250.000,825.000,675.000,-1,1000.000,2,0,2,0,2,0,0,0,0,2,2,2,1,0,1,2,1
105,2913.093,-2449.651,249.107,40.819,0.756904,-0.653448,-0.010158,0.653464,0.756526,0.025542,-0.009005,-0.025970,0.999622,0,0.59499,0.09048,35.699,0.181,-1,400.000,-1,400.000,-1,325.000,325.000,300.000,300.000,-1,-1,-1,275.000,825.000,650.000,-1,950.000,2,0,2,0,2,0,0,0,0,2,2,2,1,0,1,2,1
106,2940.004,-2426.255,248.954,41.004,0.754805,-0.655881,-0.009417,0.655868,0.754409,0.026543,-0.010305,-0.026211,0.999603,0,0.59432,0.09244,35.659,0.185,-1,400.000,-1,400.000,-1,325.000,325.000,300.000,300.000,-1,-1,-1,300.000,825.000,650.000,-1,900.000,2,0,2,0,2,0,0,0,0,2,2,2,1,0,1,2,1
107,2966.816,-2402.789,248.764,41.193,0.752651,-0.658361,-0.008722,0.658318,0.752238,0.027481,-0.011531,-0.026426,0.999584,0,0.59385,0.09447,35.631,0.189,-1,400.000,-1,400.000,-1,325.000,325.000,300.000,300.000,-1,-1,-1,325.000,825.000,625.000,-1,850.000,2,0,2,1,2,0,0,0,0,2,2,2,1,0,1,2,1
108,2993.536,-2379.244,248.536,41.386,0.750440,-0.660890,-0.008073,0.660817,0.750011,0.028355,-0.012685,-0.026613,0.999565,0,0.59355,0.09655,35.613,0.193,-1,400.000,-1,400.000,-1,325.000,325.000,300.000,300.000,-1,-1,-1,325.000,825.000,600.000,-1,800.000,2,0,2,1,2,0,0,0,0,2,2,2,1,0,1,2,1
109,3020.169,-2355.612,248.271,41.583,0.748168,-0.663467,-0.007468,0.663366,0.747726,0.029165,-0.013765,-0.026774,0.999547,0,0.59344,0.09870,35.606,0.197,-1,400.000,-1,375.000,-1,325.000,325.000,300.000,300.000,-1,-1,-1,350.000,825.000,575.000,-1,750.000,2,0,2,1,2,0,0,0,0,2,2,2,1,0,1,2,1
110,3043.227,-2335.182,247.975,41.540,0.748666,-0.662911,-0.006939,0.662791,0.748220,0.029583,-0.014419,-0.026747,0.999538,0,0.51344,-0.02130,30.806,-0.043,-1,400.000,-1,375.000,-1,325.000,325.000,300.000,300.000,-1,-1,-1,375.000,825.000,575.000,-1,725.000,2,0,2,1,2,0,0,0,0,2,2,2,1,1,1,2,1
111,3062.777,-2318.033,247.698,41.258,0.751927,-0.659214,-0.006473,0.659080,0.751482,0.029805,-0.014784,-0.026678,0.999535,0,0.43344,-0.14130,26.006,-0.283,-1,400.000,-1,375.000,975.000,325.000,325.000,300.000,300.000,-1,-1,-1,400.000,800.000,550.000,-1,700.000,2,0,2,1,1,0,0,0,0,2,2,2,1,1,1,2,1
112,3078.846,-2304.194,247.477,40.735,0.757908,-0.652333,-0.006079,0.652190,0.757463,0.029954,-0.014935,-0.026667,0.999533,0,0.35344,-0.26130,21.206,-0.523,-1,400.000,-1,375.000,950.000,325.000,325.000,300.000,300.000,-1,-1,-1,425.000,775.000,550.000,-1,675.000,2,0,2,1,1,0,0,0,0,2,2,2,1,1,1,2,1
113,3091.412,-2293.647,247.304,40.009,0.766119,-0.642673,-0.005815,0.642527,0.765674,0.030045,-0.014857,-0.026755,0.999532,0,0.27344,-0.36333,16.406,-0.727,-1,400.000,-1,350.000,975.000,325.000,325.000,300.000,300.000,-1,-1,-1,425.000,750.000,525.000,-1,675.000,2,0,2,1,1,0,1,0,0,2,2,2,1,1,1,2,1
114,3100.395,-2286.298,247.154,39.284,0.774184,-0.632935,-0.005798,0.632793,0.773735,0.030125,-0.014582,-0.026991,0.999529,0,0.19344,-0.36228,11.606,-0.725,-1,400.000,975.000,350.000,-1,325.000,325.000,300.000,300.000,-1,-1,-1,450.000,725.000,525.000,-1,675.000,2,0,1,1,2,0,1,0,0,2,2,2,1,1,1,2,1
115,3105.717,-2282.055,247.069,38.561,0.782108,-0.623116,-0.005793,0.622980,0.781656,0.030153,-0.014260,-0.027192,0.999529,0,0.11344,-0.36155,6.806,-0.723,-1,400.000,950.000,350.000,-1,325.000,325.000,300.000,300.000,-1,-1,-1,450.000,700.000,525.000,-1,675.000,2,0,1,1,2,0,1,0,0,2,2,2,1,1,1,2,1
116,3107.299,-2280.821,247.046,37.971,0.788477,-0.615037,-0.005797,0.614906,0.788024,0.030137,-0.013968,-0.027327,0.999529,0,0.03344,-0.29480,2.006,-0.590,-1,400.000,950.000,350.000,-1,325.000,325.000,300.000,300.000,-1,-1,-1,450.000,700.000,525.000,-1,675.000,2,0,1,1,2,0,1,0,0,2,2,2,1,1,1,2,1
117,3105.079,-2282.517,247.085,37.383,0.794748,-0.606911,-0.005807,0.606786,0.794296,0.030069,-0.013637,-0.027421,0.999531,0,-0.04656,-0.29418,-2.794,-0.588,-1,400.000,925.000,350.000,-1,325.000,325.000,300.000,300.000,-1,-1,-1,450.000,700.000,525.000,-1,675.000,2,0,1,1,2,0,1,0,0,2,2,2,1,1,1,2,1
118,3098.998,-2287.065,247.181,36.796,0.800921,-0.598742,-0.005825,0.598623,0.800471,0.029948,-0.013269,-0.027473,0.999534,0,-0.12656,-0.29348,-7.594,-0.587,-1,400.000,925.000,350.000,-1,325.000,325.000,300.000,300.000,-1,-1,-1,450.000,700.000,525.000,-1,700.000,2,0,1,1,2,0,1,0,0,2,2,2,1,1,1,2,1
119,3088.981,-2294.363,247.330,36.073,0.808411,-0.588589,-0.005849,0.588479,0.807964,0.029763,-0.012792,-0.027503,0.999540,0,-0.20656,-0.36163,-12.394,-0.723,-1,400.000,925.000,350.000,-1,325.000,325.000,300.000,300.000,-1,-1,-1,425.000,675.000,550.000,-1,725.000,2,0,1,1,2,0,1,0,0,2,2,2,1,1,1,2,1
120,3075.396,-2303.999,247.518,35.348,0.815787,-0.578323,-0.005873,0.578222,0.815345,0.029523,-0.012285,-0.027481,0.999547,0,-0.27759,-0.36237,-16.655,-0.725,-1,400.000,925.000,375.000,-1,325.000,325.000,300.000,300.000,-1,-1,-1,425.000,700.000,550.000,-1,775.000,2,0,1,1,2,0,1,0,0,2,2,2,1,1,1,2,1
121,3061.717,-2313.443,247.661,34.621,0.823050,-0.567938,-0.005910,0.567849,0.822618,0.029109,-0.011670,-0.027314,0.999559,0,-0.27704,-0.36334,-16.623,-0.727,-1,400.000,925.000,375.000,-1,325.000,325.000,300.000,300.000,-1,-1,-1,425.000,700.000,575.000,-1,800.000,2,0,1,1,2,0,1,0,0,2,2,2,1,1,1,2,1
122,3047.949,-2322.692,247.781,33.893,0.830199,-0.557436,-0.005958,0.557359,0.829778,0.028626,-0.011014,-0.027086,0.999572,0,-0.27643,-0.36429,-16.586,-0.729,-1,400.000,925.000,375.000,-1,325.000,325.000,300.000,300.000,1000.000,-1,-1,425.000,700.000,575.000,-1,850.000,2,0,1,1,2,0,0,0,0,1,2,2,1,1,1,2,1
123,3034.100,-2331.742,247.888,33.162,0.837231,-0.546816,-0.006013,0.546751,0.836823,0.028127,-0.010349,-0.026837,0.999586,0,-0.27573,-0.36520,-16.544,-0.730,-1,400.000,950.000,375.000,-1,325.000,325.000,300.000,300.000,975.000,-1,-1,400.000,700.000,600.000,-1,900.000,2,0,1,1,2,0,0,0,0,1,2,2,1,1,1,2,1
124,3020.175,-2340.589,247.983,32.430,0.844144,-0.536082,-0.006077,0.536029,0.843748,0.027614,-0.009676,-0.026567,0.999600,0,-0.27496,-0.36609,-16.498,-0.732,-1,400.000,950.000,375.000,-1,325.000,325.000,300.000,300.000,950.000,-1,-1,400.000,700.000,600.000,-1,925.000,2,0,1,1,2,0,0,0,0,1,2,2,1,1,1,2,1
125,3006.181,-2349.231,248.067,31.696,0.850935,-0.525235,-0.006150,0.525194,0.850552,0.027087,-0.008996,-0.026279,0.999614,0,-0.27412,-0.36695,-16.447,-0.734,-1,400.000,975.000,375.000,-1,325.000,325.000,300.000,300.000,925.000,-1,-1,400.000,700.000,625.000,-1,1000.000,2,0,1,1,2,0,0,0,0,1,2,2,1,1,1,2,1
126,2992.125,-2357.664,248.139,30.961,0.857602,-0.514276,-0.006231,0.514247,0.857231,0.026547,-0.008311,-0.025971,0.999628,0,-0.27320,-0.36778,-16.392,-0.736,-1,400.000,1000.000,375.000,-1,325.000,325.000,300.000,300.000,900.000,-1,-1,400.000,700.000,625.000,-1,-1,2,0,1,1,2,0,0,0,0,1,2,2,1,1,1,2,2
127,2978.013,-2365.885,248.200,30.224,0.864141,-0.503210,-0.006322,0.503192,0.863784,0.025995,-0.007620,-0.025645,0.999642,0,-0.27220,-0.36858,-16.332,-0.737,-1,400.000,-1,375.000,-1,325.000,325.000,300.000,300.000,875.000,-1,-1,400.000,700.000,650.000,-1,-1,2,0,2,1,2,0,0,0,0,1,2,2,1,1,1,2,2
128,2963.852,-2373.892,248.247,29.485,0.870551,-0.492036,-0.006434,0.492029,0.870207,0.025438,-0.006917,-0.025311,0.999656,0,-0.27113,-0.36934,-16.268,-0.739,-1,400.000,-1,400.000,-1,325.000,325.000,300.000,300.000,850.000,-1,-1,400.000,700.000,650.000,-1,-1,2,0,2,1,2,0,0,0,0,1,2,2,1,1,1,2,2
129,2949.649,-2381.683,248.276,28.745,0.876829,-0.480758,-0.006593,0.480763,0.876497,0.024888,-0.006186,-0.024992,0.999669,0,-0.26999,-0.37007,-16.199,-0.740,-1,400.000,-1,400.000,-1,325.000,325.000,300.000,300.000,850.000,-1,-1,400.000,725.000,675.000,-1,-1,2,0,2,1,2,0,0,0,0,1,2,2,1,1,1,2,2
130,2935.411,-2389.254,248.296,28.003,0.882971,-0.469378,-0.006759,0.469395,0.882653,0.024329,-0.005454,-0.024655,0.999681,0,-0.26877,-0.37077,-16.126,-0.742,-1,400.000,-1,400.000,-1,325.000,325.000,300.000,300.000,825.000,-1,-1,400.000,725.000,675.000,-1,-1,2,0,2,1,2,0,0,0,0,1,2,2,1,1,1,2,2
131,2921.144,-2396.606,248.305,27.260,0.888977,-0.457899,-0.006930,0.457927,0.888672,0.023764,-0.004722,-0.024299,0.999694,0,-0.26749,-0.37143,-16.049,-0.743,-1,400.000,-1,400.000,-1,325.000,325.000,300.000,300.000,800.000,-1,-1,400.000,725.000,700.000,-1,-1,2,0,2,1,2,0,0,0,0,1,2,2,1,1,1,2,2
132,2906.856,-2403.735,248.306,26.516,0.894844,-0.446323,-0.007108,0.446362,0.894552,0.023192,-0.003992,-0.023926,0.999706,0,-0.26614,-0.37206,-15.968,-0.744,-1,400.000,-1,400.000,-1,325.000,325.000,300.000,300.000,775.000,-1,-1,400.000,725.000,700.000,-1,-1,2,0,2,0,2,0,0,0,0,1,2,2,1,1,1,2,2
133,2892.553,-2410.641,248.298,25.771,0.900568,-0.434653,-0.007292,0.434702,0.900290,0.022615,-0.003265,-0.023536,0.999718,0,-0.26472,-0.37265,-15.883,-0.745,-1,400.000,-1,400.000,-1,325.000,325.000,300.000,300.000,775.000,-1,-1,425.000,725.000,725.000,-1,-1,2,0,2,0,2,0,0,0,0,1,2,2,1,1,1,2,2
134,2878.241,-2417.322,248.281,25.024,0.906149,-0.422892,-0.007481,0.422951,0.905885,0.022034,-0.002541,-0.023130,0.999729,0,-0.26324,-0.37321,-15.795,-0.746,-1,400.000,-1,400.000,-1,325.000,325.000,300.000,300.000,750.000,-1,-1,425.000,750.000,725.000,-1,-1,2,0,2,0,2,0,0,0,0,1,2,2,1,1,1,2,2
135,2863.927,-2423.778,248.257,24.277,0.911584,-0.411043,-0.007676,0.411110,0.911333,0.021449,-0.001821,-0.022708,0.999740,0,-0.26170,-0.37373,-15.702,-0.747,-1,400.000,-1,400.000,-1,325.000,325.000,300.000,300.000,725.000,-1,-1,450.000,750.000,750.000,-1,-1,2,0,2,0,2,0,0,0,0,1,2,2,1,1,0,2,2
136,2849.618,-2430.008,248.225,23.529,0.916870,-0.399107,-0.007875,0.399183,0.916634,0.020862,-0.001107,-0.022271,0.999751,0,-0.26011,-0.37422,-15.607,-0.748,-1,400.000,-1,400.000,-1,325.000,325.000,300.000,300.000,725.000,-1,-1,450.000,750.000,750.000,-1,-1,2,0,2,0,2,0,0,0,0,1,2,2,1,1,0,2,2
