timestep,x_cm,y_cm,z_cm,yaw_deg,basis_xx,basis_xy,basis_xz,basis_yx,basis_yy,basis_yz,basis_zx,basis_zy,basis_zz,teleport_flag,throttle_cmd,steering_cmd,cmd_move_cm,cmd_turn_deg,lidar_cm_0,lidar_cm_1,lidar_cm_2,lidar_cm_3,lidar_cm_4,lidar_cm_5,lidar_cm_6,lidar_cm_7,lidar_cm_8,lidar_cm_9,lidar_cm_10,lidar_cm_11,lidar_cm_12,lidar_cm_13,lidar_cm_14,lidar_cm_15,lidar_cm_16,lidar_class_0,lidar_class_1,lidar_class_2,lidar_class_3,lidar_class_4,lidar_class_5,lidar_class_6,lidar_class_7,lidar_class_8,lidar_class_9,lidar_class_10,lidar_class_11,lidar_class_12,lidar_class_13,lidar_class_14,lidar_class_15,lidar_class_16
0,-2952.720,988.588,-280.697,102.232,-0.211631,-0.976676,0.036281,0.977327,-0.211731,0.001117,0.006591,0.035695,0.999341,1,0.08000,0.12000,4.800,0.240,-1,400.000,-1,400.000,-1,325.000,325.000,300.000,300.000,675.000,-1,-1,-1,750.000,750.000,-1,-1,2,0,2,0,2,0,0,0,0,1,2,2,2,0,0,2,2
1,-2954.807,997.958,-280.632,102.557,-0.217170,-0.975458,0.036324,0.976110,-0.217273,0.001125,0.006795,0.035701,0.999339,0,0.16000,0.16268,9.600,0.325,-1,400.000,-1,400.000,-1,325.000,325.000,300.000,300.000,700.000,-1,-1,-1,750.000,750.000,-1,-1,2,0,2,0,2,0,0,0,0,1,2,2,2,0,0,2,2
2,-2958.016,1011.996,-280.532,102.876,-0.222594,-0.974232,0.036388,0.974886,-0.222701,0.001135,0.006998,0.035727,0.999337,0,0.24000,0.15951,14.400,0.319,-1,400.000,-1,400.000,-1,325.000,325.000,300.000,300.000,700.000,-1,-1,-1,750.000,750.000,-1,-1,2,0,2,0,2,0,0,0,0,1,2,2,2,0,0,2,2
3,-2962.396,1030.690,-280.394,103.186,-0.227849,-0.973013,0.036475,0.973670,-0.227960,0.001148,0.007198,0.035776,0.999334,0,0.32000,0.15476,19.200,0.310,-1,400.000,-1,400.000,-1,325.000,325.000,300.000,300.000,725.000,-1,-1,-1,750.000,750.000,-1,-1,2,0,2,0,2,0,0,0,0,1,2,2,2,0,0,2,2
4,-2967.992,1054.028,-280.217,103.482,-0.232883,-0.971816,0.036585,0.972477,-0.232997,0.001162,0.007395,0.035849,0.999330,0,0.40000,0.14841,24.000,0.297,-1,400.000,-1,400.000,-1,325.000,325.000,300.000,300.000,725.000,-1,-1,-1,750.000,750.000,-1,-1,2,0,2,0,2,0,0,0,0,1,2,2,2,0,0,2,2
5,-2974.844,1082.001,-279.999,103.763,-0.237640,-0.970659,0.036721,0.971324,-0.237758,0.001179,0.007586,0.035948,0.999325,0,0.48000,0.14045,28.800,0.281,-1,400.000,-1,400.000,-1,325.000,325.000,300.000,300.000,750.000,-1,-1,-1,750.000,750.000,-1,-1,2,0,2,0,2,0,0,0,0,1,2,2,2,0,0,2,2
6,-2982.986,1114.599,-279.738,104.025,-0.242066,-0.969558,0.036884,0.970229,-0.242188,0.001199,0.007770,0.036076,0.999319,0,0.56000,0.13086,33.600,0.262,-1,400.000,-1,400.000,-1,325.000,325.000,300.000,300.000,775.000,-1,-1,-1,725.000,750.000,-1,-1,2,0,2,0,2,0,0,0,0,1,2,2,2,0,0,2,2
7,-2992.448,1151.815,-279.432,104.264,-0.246107,-0.968533,0.037078,0.969210,-0.246232,0.001223,0.007946,0.036237,0.999312,0,0.64000,0.11960,38.400,0.239,-1,400.000,-1,400.000,-1,325.000,325.000,300.000,300.000,825.000,-1,-1,-1,725.000,750.000,-1,-1,2,0,2,0,2,0,0,0,0,1,2,2,2,0,0,2,2
8,-3002.729,1191.634,-279.099,104.477,-0.249705,-0.967603,0.037293,0.968288,-0.249834,0.001249,0.008109,0.036422,0.999304,0,0.68541,0.10663,41.125,0.213,-1,400.000,-1,400.000,-1,325.000,325.000,300.000,300.000,850.000,-1,-1,-1,725.000,750.000,-1,-1,2,0,2,0,2,0,0,0,0,1,2,2,2,0,0,2,2
9,-3013.243,1231.817,-278.755,104.663,-0.252828,-0.966784,0.037519,0.967476,-0.252959,0.001276,0.008257,0.036621,0.999295,0,0.69225,0.09263,41.535,0.185,-1,375.000,-1,400.000,-1,325.000,325.000,300.000,300.000,900.000,-1,-1,-1,725.000,750.000,-1,-1,2,0,2,0,2,0,0,0,0,1,2,2,2,0,0,2,2
10,-3023.976,1272.384,-278.393,104.819,-0.255465,-0.966082,0.037734,0.966782,-0.255601,0.001244,0.008443,0.036798,0.999287,0,0.69939,0.07836,41.963,0.157,-1,375.000,-1,400.000,-1,325.000,325.000,300.000,300.000,925.000,-1,-1,-1,725.000,750.000,-1,-1,2,0,2,0,2,0,0,0,0,1,2,2,2,0,0,2,2
11,-3034.915,1313.359,-277.974,104.947,-0.257606,-0.965509,0.037827,0.966210,-0.257753,0.001032,0.008754,0.036815,0.999284,0,0.70683,0.06383,42.410,0.128,-1,375.000,-1,400.000,-1,325.000,325.000,300.000,300.000,975.000,-1,-1,-1,725.000,750.000,-1,-1,2,0,2,0,2,0,0,0,0,1,2,2,2,0,0,2,2
12,-3046.045,1354.764,-277.546,105.045,-0.259247,-0.965066,0.037930,0.965769,-0.259404,0.000817,0.009051,0.036844,0.999280,0,0.71458,0.04901,42.875,0.098,-1,375.000,-1,400.000,-1,325.000,325.000,300.000,300.000,-1,-1,-1,-1,725.000,725.000,-1,-1,2,0,2,0,2,0,0,0,0,2,2,2,2,0,0,2,2
13,-3057.349,1396.624,-277.109,105.113,-0.260379,-0.964757,0.038045,0.965461,-0.260546,0.000602,0.009332,0.036888,0.999276,0,0.72265,0.03391,43.359,0.068,-1,375.000,-1,400.000,-1,325.000,325.000,300.000,300.000,-1,-1,-1,-1,725.000,725.000,-1,-1,2,0,2,0,2,0,0,0,0,2,2,2,2,0,0,2,2
14,-3068.813,1438.962,-276.616,105.150,-0.260985,-0.964579,0.038400,0.965294,-0.261167,0.000285,0.009754,0.037141,0.999262,0,0.73104,0.01852,43.862,0.037,-1,375.000,-1,400.000,-1,325.000,325.000,300.000,300.000,-1,-1,-1,-1,725.000,725.000,-1,-1,2,0,2,0,2,0,0,0,0,2,2,2,2,0,0,2,2
15,-3080.417,1481.803,-276.114,105.156,-0.261062,-0.964543,0.038766,0.965269,-0.261259,-0.000034,0.010161,0.037411,0.999248,0,0.73976,0.00282,44.386,0.006,-1,375.000,-1,400.000,-1,325.000,325.000,300.000,300.000,-1,-1,-1,-1,725.000,725.000,-1,-1,2,0,2,0,2,0,0,0,0,2,2,2,2,0,0,2,2
16,-3092.144,1525.176,-275.605,105.129,-0.260599,-0.964653,0.039144,0.965389,-0.260812,-0.000356,0.010553,0.037697,0.999234,0,0.74883,-0.01319,44.930,-0.026,-1,375.000,-1,400.000,-1,325.000,325.000,300.000,300.000,-1,-1,-1,-1,725.000,725.000,-1,-1,2,0,2,0,2,0,0,0,0,2,2,2,2,0,0,2,2
17,-3103.973,1569.105,-275.088,105.070,-0.259586,-0.964911,0.039532,0.965658,-0.259815,-0.000683,0.010930,0.037997,0.999218,0,0.75824,-0.02953,45.494,-0.059,-1,375.000,-1,400.000,-1,325.000,325.000,300.000,300.000,-1,-1,-1,-1,725.000,725.000,-1,-1,2,0,2,0,2,0,0,0,0,2,2,2,2,0,0,2,2
18,-3115.882,1613.621,-274.539,104.978,-0.258009,-0.965320,0.039858,0.966076,-0.258257,-0.001112,0.011367,0.038219,0.999205,0,0.76801,-0.04619,46.081,-0.092,-1,375.000,-1,400.000,-1,325.000,325.000,300.000,300.000,-1,-1,-1,-1,725.000,725.000,-1,-1,2,0,2,0,2,0,0,0,0,2,2,2,2,0,0,2,2
19,-3127.850,1658.750,-273.984,104.851,-0.255857,-0.965879,0.040194,0.966643,-0.256124,-0.001546,0.011788,0.038457,0.999191,0,0.77816,-0.06321,46.690,-0.126,-1,400.000,-1,400.000,-1,325.000,325.000,300.000,300.000,-1,-1,-1,-1,725.000,725.000,-1,-1,2,0,2,0,2,0,0,0,0,2,2,2,2,0,0,2,2
20,-3139.850,1704.525,-273.423,104.690,-0.253118,-0.966586,0.040538,0.967359,-0.253404,-0.001986,0.012192,0.038712,0.999176,0,0.78869,-0.08057,47.321,-0.161,-1,400.000,-1,375.000,-1,325.000,325.000,300.000,300.000,-1,-1,-1,-1,725.000,725.000,-1,-1,2,0,2,0,2,0,0,0,0,2,2,2,2,0,0,2,2
21,-3151.858,1750.974,-272.859,104.494,-0.249778,-0.967439,0.040890,0.968221,-0.250083,-0.002431,0.012578,0.038984,0.999161,0,0.79960,-0.09831,47.976,-0.197,-1,375.000,-1,375.000,-1,325.000,325.000,300.000,300.000,-1,-1,-1,-1,725.000,725.000,-1,-1,2,0,2,0,2,0,0,0,0,2,2,2,2,0,0,2,2
22,-3163.843,1798.130,-272.291,104.261,-0.245823,-0.968437,0.041250,0.969228,-0.246147,-0.002883,0.012946,0.039272,0.999145,0,0.81092,-0.11642,48.655,-0.233,-1,375.000,-1,375.000,-1,325.000,325.000,300.000,300.000,-1,-1,-1,-1,725.000,725.000,-1,-1,2,0,2,0,2,0,0,0,0,2,2,2,2,0,0,2,2
23,-3175.777,1846.025,-271.721,103.991,-0.241237,-0.969573,0.041617,0.970375,-0.241580,-0.003342,0.013295,0.039578,0.999128,0,0.82266,-0.13491,49.360,-0.270,-1,375.000,-1,375.000,-1,325.000,325.000,300.000,300.000,-1,-1,-1,-1,725.000,700.000,-1,-1,2,0,2,0,2,0,0,0,0,2,2,2,2,0,0,2,2
24,-3187.574,1894.427,-271.150,103.697,-0.236243,-0.970787,0.041978,0.971598,-0.236605,-0.003801,0.013622,0.039887,0.999111,0,0.83030,-0.14683,49.818,-0.294,-1,375.000,-1,375.000,-1,325.000,325.000,300.000,300.000,-1,-1,-1,-1,725.000,700.000,-1,-1,2,0,2,0,2,0,0,0,0,2,2,2,2,0,0,2,2
25,-3199.122,1942.888,-270.443,103.404,-0.231249,-0.971995,0.041831,0.972794,-0.231628,-0.004407,0.013972,0.039673,0.999115,0,0.83030,-0.14683,49.818,-0.294,-1,375.000,-1,375.000,-1,325.000,325.000,300.000,300.000,-1,-1,-1,-1,725.000,700.000,-1,-1,2,0,2,0,2,0,0,0,0,2,2,2,2,0,0,2,2
26,-3210.422,1991.408,-269.641,103.110,-0.226241,-0.973192,0.041378,0.973962,-0.226649,-0.005390,0.014624,0.039081,0.999129,0,0.83030,-0.14683,49.818,-0.294,-1,375.000,-1,375.000,-1,325.000,325.000,300.000,300.000,-1,-1,-1,-1,725.000,700.000,-1,-1,2,0,2,0,2,0,0,0,0,2,2,2,2,0,0,2,2
27,-3221.473,2039.985,-268.810,102.816,-0.221230,-0.974358,0.041042,0.975104,-0.221662,-0.006235,0.015173,0.038641,0.999138,0,0.83030,-0.14683,49.818,-0.294,-1,375.000,-1,375.000,-1,325.000,325.000,300.000,300.000,-1,-1,-1,-1,725.000,700.000,-1,-1,2,0,2,0,2,0,0,0,0,2,2,2,2,0,0,2,2
28,-3232.275,2088.618,-267.833,102.523,-0.216190,-0.975473,0.041397,0.976219,-0.216664,-0.007273,0.016064,0.038841,0.999116,0,0.83030,-0.14683,49.818,-0.294,-1,375.000,-1,375.000,-1,325.000,325.000,300.000,300.000,-1,-1,-1,-1,725.000,700.000,-1,-1,2,0,2,0,2,0,0,0,0,2,2,2,2,0,0,2,2
29,-3242.828,2137.306,-266.865,102.229,-0.211144,-0.976563,0.041740,0.977308,-0.211660,-0.008305,0.016945,0.039039,0.999094,0,0.83030,-0.14683,49.818,-0.294,-1,375.000,-1,375.000,-1,325.000,325.000,300.000,300.000,-1,-1,-1,-1,725.000,725.000,-1,-1,2,0,2,0,2,0,0,0,0,2,2,2,2,0,0,2,2
30,-3254.178,2190.731,-265.812,101.994,-0.207084,-0.977417,0.042097,0.978158,-0.207647,-0.009431,0.017959,0.039224,0.999069,0,0.91030,-0.11763,54.618,-0.235,-1,375.000,-1,375.000,-1,325.000,325.000,300.000,300.000,-1,-1,-1,-1,725.000,725.000,-1,-1,2,0,2,0,2,0,0,0,0,2,2,2,2,0,0,2,2
31,-3265.364,2244.467,-264.743,101.759,-0.203023,-0.978257,0.042361,0.978991,-0.203631,-0.010512,0.018909,0.039337,0.999047,0,0.91478,-0.11763,54.887,-0.235,-1,375.000,-1,375.000,-1,325.000,325.000,300.000,300.000,-1,1000.000,1000.000,-1,725.000,725.000,-1,-1,2,0,2,0,2,0,0,0,0,2,0,0,2,0,0,2,2
32,-3276.328,2298.248,-263.673,101.523,-0.198962,-0.979082,0.042579,0.979807,-0.199612,-0.011568,0.019825,0.039417,0.999026,0,0.91478,-0.11763,54.887,-0.235,-1,400.000,-1,375.000,-1,325.000,325.000,300.000,300.000,-1,950.000,950.000,-1,725.000,725.000,-1,-1,2,0,2,0,2,0,0,0,0,2,0,0,2,0,0,2,2
33,-3287.072,2352.073,-262.607,101.288,-0.194895,-0.979889,0.042812,0.980605,-0.195589,-0.012629,0.020749,0.039521,0.999003,0,0.91478,-0.11763,54.887,-0.235,-1,400.000,-1,375.000,-1,325.000,325.000,300.000,300.000,-1,900.000,900.000,-1,725.000,725.000,-1,-1,2,0,2,0,2,0,0,0,0,2,0,0,2,0,0,2,2
34,-3297.595,2405.942,-261.547,101.053,-0.190826,-0.980680,0.043041,0.981385,-0.191564,-0.013685,0.021666,0.039628,0.998980,0,0.91478,-0.11763,54.887,-0.235,-1,400.000,-1,375.000,-1,325.000,325.000,300.000,300.000,-1,875.000,875.000,-1,750.000,725.000,-1,-1,2,0,2,0,2,0,0,0,0,2,0,0,2,0,0,2,2
35,-3307.896,2459.854,-260.497,100.818,-0.186753,-0.981454,0.043257,0.982147,-0.187535,-0.014734,0.022573,0.039733,0.998955,0,0.91478,-0.11763,54.887,-0.235,-1,400.000,-1,375.000,-1,325.000,325.000,300.000,300.000,-1,825.000,825.000,-1,750.000,725.000,-1,-1,2,0,2,0,2,0,0,0,0,2,0,0,2,0,0,2,2
36,-3317.977,2513.807,-259.455,100.582,-0.182678,-0.982212,0.043462,0.982893,-0.183502,-0.015775,0.023470,0.039837,0.998931,0,0.91478,-0.11763,54.887,-0.235,-1,400.000,-1,375.000,-1,325.000,325.000,300.000,300.000,-1,800.000,800.000,-1,750.000,725.000,-1,-1,2,0,2,0,2,0,0,0,0,2,0,0,2,0,0,2,2
37,-3327.835,2567.802,-258.418,100.347,-0.178600,-0.982954,0.043637,0.983621,-0.179467,-0.016798,0.024343,0.039922,0.998906,0,0.91478,-0.11763,54.887,-0.235,-1,400.000,-1,375.000,-1,325.000,325.000,300.000,300.000,-1,775.000,775.000,-1,750.000,725.000,-1,-1,2,0,2,0,2,0,0,0,0,2,0,0,2,0,0,2,2
38,-3337.471,2621.836,-257.122,100.112,-0.174560,-0.983717,0.042769,0.984333,-0.175436,-0.017632,0.024848,0.039021,0.998929,0,0.91478,-0.11763,54.887,-0.235,-1,400.000,-1,375.000,-1,325.000,325.000,300.000,300.000,-1,775.000,800.000,-1,750.000,725.000,-1,-1,2,0,2,0,2,0,0,0,0,2,0,0,2,0,0,2,2
39,-3346.885,2675.910,-255.743,99.877,-0.170519,-0.984462,0.041936,0.985029,-0.171401,-0.018414,0.025315,0.038168,0.998951,0,0.91478,-0.11763,54.887,-0.235,-1,400.000,-1,375.000,-1,325.000,325.000,300.000,300.000,-1,800.000,800.000,-1,750.000,725.000,-1,-1,2,0,2,0,2,0,0,0,0,2,0,0,2,0,0,2,2
40,-3356.078,2730.022,-254.196,99.641,-0.166458,-0.985162,0.041814,0.985713,-0.167358,-0.019013,0.025729,0.038052,0.998944,0,0.91478,-0.11763,54.887,-0.235,-1,400.000,-1,375.000,-1,325.000,325.000,300.000,300.000,-1,825.000,850.000,-1,750.000,725.000,-1,-1,2,0,2,0,2,0,0,0,0,2,0,0,2,0,0,2,2
41,-3365.048,2784.171,-252.659,99.406,-0.162395,-0.985844,0.041698,0.986379,-0.163313,-0.019616,0.026148,0.037944,0.998938,0,0.91478,-0.11763,54.887,-0.235,-1,400.000,-1,375.000,-1,325.000,325.000,300.000,300.000,-1,850.000,875.000,-1,750.000,725.000,-1,-1,2,0,2,0,2,0,0,0,0,2,0,0,2,0,0,2,2
42,-3373.796,2838.356,-251.135,99.171,-0.158329,-0.986511,0.041573,0.987029,-0.159264,-0.020216,0.026564,0.037833,0.998931,0,0.91478,-0.11763,54.887,-0.235,-1,400.000,-1,375.000,-1,325.000,325.000,300.000,300.000,-1,875.000,875.000,-1,750.000,725.000,-1,-1,2,0,2,0,2,0,0,0,0,2,0,0,2,0,0,2,2
43,-3382.321,2892.577,-249.624,98.936,-0.154261,-0.987161,0.041441,0.987662,-0.155213,-0.020811,0.026976,0.037719,0.998924,0,0.91478,-0.11763,54.887,-0.235,-1,400.000,-1,375.000,-1,325.000,325.000,300.000,300.000,-1,875.000,900.000,-1,750.000,725.000,-1,-1,2,0,2,0,2,0,0,0,0,2,0,0,2,0,0,2,2
44,-3390.623,2946.833,-248.124,98.700,-0.150191,-0.987794,0.041304,0.988278,-0.151159,-0.021399,0.027382,0.037606,0.998917,0,0.91478,-0.11763,54.887,-0.235,-1,400.000,-1,400.000,-1,325.000,325.000,300.000,300.000,-1,900.000,925.000,-1,750.000,725.000,-1,-1,2,0,2,0,2,0,0,0,0,2,0,0,2,0,0,2,2
45,-3398.703,3001.122,-246.632,98.465,-0.146118,-0.988410,0.041180,0.988877,-0.147102,-0.021962,0.027765,0.037513,0.998910,0,0.91478,-0.11763,54.887,-0.235,-1,400.000,-1,400.000,-1,325.000,325.000,300.000,300.000,-1,900.000,925.000,-1,750.000,725.000,-1,-1,2,0,2,0,2,0,0,0,0,2,0,0,2,0,0,2,2
46,-3406.560,3055.444,-245.152,98.230,-0.142044,-0.989009,0.041048,0.989460,-0.143043,-0.022522,0.028146,0.037417,0.998903,0,0.91478,-0.11763,54.887,-0.235,-1,400.000,-1,375.000,-1,325.000,325.000,300.000,300.000,-1,925.000,950.000,-1,750.000,725.000,-1,-1,2,0,2,0,2,0,0,0,0,2,0,0,2,0,0,2,2
47,-3414.193,3109.798,-243.685,97.995,-0.137967,-0.989592,0.040908,0.990026,-0.138982,-0.023081,0.028526,0.037316,0.998896,0,0.91478,-0.11763,54.887,-0.235,-1,400.000,-1,375.000,-1,325.000,325.000,300.000,300.000,-1,925.000,950.000,-1,750.000,725.000,-1,-1,2,0,2,0,2,0,0,0,0,2,0,0,2,0,0,2,2
48,-3421.604,3164.182,-242.231,97.759,-0.133889,-0.990158,0.040760,0.990575,-0.134918,-0.023638,0.028904,0.037211,0.998889,0,0.91478,-0.11763,54.887,-0.235,-1,400.000,-1,375.000,-1,325.000,325.000,300.000,300.000,-1,925.000,950.000,-1,750.000,725.000,-1,-1,2,0,2,0,2,0,0,0,0,2,0,0,2,0,0,2,2
49,-3428.791,3218.597,-240.789,97.524,-0.129808,-0.990707,0.040604,0.991107,-0.130852,-0.024193,0.029281,0.037102,0.998882,0,0.91478,-0.11763,54.887,-0.235,-1,400.000,-1,375.000,-1,325.000,325.000,300.000,300.000,-1,950.000,975.000,-1,750.000,725.000,-1,-1,2,0,2,0,2,0,0,0,0,2,0,0,2,0,0,2,2
50,-3435.754,3273.040,-239.260,97.289,-0.125743,-0.991254,0.040060,0.991624,-0.126785,-0.024633,0.029497,0.036627,0.998894,0,0.91478,-0.11763,54.887,-0.235,-1,400.000,-1,375.000,-1,325.000,325.000,300.000,300.000,-1,975.000,1000.000,-1,750.000,725.000,-1,-1,2,0,2,0,2,0,0,0,0,2,0,0,2,0,0,2,2
51,-3442.494,3327.512,-237.616,97.054,-0.121682,-0.991787,0.039404,0.992127,-0.122717,-0.024987,0.029617,0.036054,0.998911,0,0.91478,-0.11763,54.887,-0.235,-1,400.000,-1,375.000,-1,325.000,325.000,300.000,300.000,-1,1000.000,-1,-1,750.000,725.000,-1,-1,2,0,2,0,2,0,0,0,0,2,0,2,2,0,0,2,2
52,-3449.010,3382.011,-235.891,96.818,-0.117608,-0.992289,0.039122,0.992615,-0.118644,-0.025293,0.029740,0.035859,0.998914,0,0.91478,-0.11763,54.887,-0.235,-1,400.000,-1,375.000,-1,325.000,325.000,300.000,300.000,-1,-1,-1,-1,750.000,725.000,-1,-1,2,0,2,0,2,0,0,0,0,2,2,2,2,0,0,2,2
53,-3455.302,3436.536,-234.180,96.583,-0.113533,-0.992775,0.038835,0.993085,-0.114570,-0.025602,0.029867,0.035659,0.998918,0,0.91478,-0.11763,54.887,-0.235,-1,400.000,-1,400.000,-1,325.000,325.000,300.000,300.000,-1,-1,-1,-1,750.000,725.000,-1,-1,2,0,2,0,2,0,0,0,0,2,2,2,2,0,0,2,2
54,-3461.371,3491.087,-232.481,96.348,-0.109455,-0.993244,0.038540,0.993539,-0.110493,-0.025914,0.029998,0.035455,0.998921,0,0.91478,-0.11763,54.887,-0.235,-1,400.000,-1,400.000,-1,325.000,325.000,300.000,300.000,-1,-1,-1,-1,750.000,725.000,-1,-1,2,0,2,0,2,0,0,0,0,2,2,2,2,0,0,2,2
55,-3467.215,3545.662,-230.795,96.113,-0.105376,-0.993697,0.038240,0.993976,-0.106415,-0.026228,0.030132,0.035246,0.998924,0,0.91478,-0.11763,54.887,-0.235,-1,400.000,-1,400.000,-1,325.000,325.000,300.000,300.000,-1,-1,-1,-1,750.000,725.000,-1,-1,2,0,2,0,2,0,0,0,0,2,2,2,2,0,0,2,2
56,-3472.835,3600.260,-229.122,95.877,-0.101295,-0.994133,0.037934,0.994396,-0.102335,-0.026545,0.030271,0.035033,0.998928,0,0.91478,-0.11763,54.887,-0.235,-1,400.000,-1,400.000,-1,325.000,325.000,300.000,300.000,-1,-1,-1,-1,750.000,725.000,-1,-1,2,0,2,0,2,0,0,0,0,2,2,2,2,0,0,2,2
57,-3478.231,3654.881,-227.461,95.642,-0.097212,-0.994552,0.037622,0.994799,-0.098253,-0.026864,0.030414,0.034815,0.998931,0,0.91478,-0.11763,54.887,-0.235,-1,400.000,-1,375.000,-1,325.000,325.000,300.000,300.000,-1,-1,-1,-1,750.000,725.000,-1,-1,2,0,2,0,2,0,0,0,0,2,2,2,2,0,0,2,2
58,-3483.403,3709.524,-225.812,95.407,-0.093128,-0.994955,0.037305,0.995185,-0.094169,-0.027185,0.030561,0.034594,0.998934,0,0.91478,-0.11763,54.887,-0.235,-1,400.000,-1,375.000,-1,325.000,325.000,300.000,300.000,-1,-1,-1,-1,725.000,700.000,-1,-1,2,0,2,0,2,0,0,0,0,2,2,2,2,0,0,2,2
59,-3488.350,3764.188,-224.174,95.171,-0.089043,-0.995341,0.036982,0.995554,-0.090084,-0.027509,0.030712,0.034368,0.998937,0,0.91478,-0.11763,54.887,-0.235,-1,400.000,-1,375.000,-1,325.000,325.000,300.000,300.000,-1,-1,-1,-1,725.000,700.000,-1,-1,2,0,2,0,2,0,0,0,0,2,2,2,2,0,0,2,2
60,-3493.073,3818.872,-222.549,94.936,-0.084956,-0.995710,0.036653,0.995907,-0.085997,-0.027835,0.030867,0.034139,0.998940,0,0.91478,-0.11763,54.887,-0.235,-1,375.000,-1,375.000,-1,325.000,325.000,300.000,300.000,-1,-1,-1,-1,725.000,700.000,-1,-1,2,0,2,0,2,0,0,0,0,2,2,2,2,0,0,2,2
61,-3497.152,3871.159,-221.012,94.461,-0.076695,-0.996393,0.036327,0.996577,-0.077735,-0.028149,0.030871,0.034044,0.998943,0,0.87410,-0.23763,52.446,-0.475,-1,375.000,-1,375.000,-1,325.000,325.000,300.000,300.000,-1,-1,-1,-1,725.000,700.000,-1,-1,2,0,2,0,2,0,0,0,0,2,2,2,2,0,0,2,2
62,-3500.578,3923.493,-219.484,93.746,-0.064255,-0.997287,0.035925,0.997461,-0.065291,-0.028433,0.030701,0.034007,0.998950,0,0.87410,-0.35763,52.446,-0.715,-1,375.000,-1,375.000,-1,325.000,300.000,300.000,300.000,-1,-1,-1,-1,725.000,700.000,-1,-1,2,0,2,0,2,0,0,0,0,2,2,2,2,0,0,2,2
63,-3503.131,3975.877,-217.658,92.790,-0.047616,-0.998244,0.035242,0.998387,-0.048656,-0.029272,0.030936,0.033792,0.998950,0,0.87410,-0.47763,52.446,-0.955,-1,375.000,-1,375.000,-1,300.000,300.000,300.000,300.000,-1,-1,-1,-1,725.000,700.000,-1,-1,2,0,2,0,2,0,0,0,0,2,2,2,2,0,0,2,2
64,-3504.592,4028.303,-215.733,91.595,-0.026749,-0.999025,0.035128,0.999150,-0.027822,-0.030404,0.031351,0.034285,0.998920,0,0.87410,-0.59763,52.446,-1.195,-1,375.000,-1,375.000,-1,325.000,300.000,300.000,300.000,-1,-1,-1,-1,725.000,700.000,-1,-1,2,0,2,0,2,0,0,0,0,2,2,2,2,0,0,2,2
65,-3504.738,4080.749,-213.854,90.160,-0.001686,-0.999387,0.034979,0.999498,-0.002790,-0.031552,0.031630,0.034909,0.998890,0,0.87410,-0.71763,52.446,-1.435,-1,375.000,-1,375.000,-1,325.000,300.000,300.000,300.000,-1,-1,-1,-1,700.000,700.000,-1,-1,2,0,2,0,2,0,0,0,0,2,2,2,2,0,0,2,2
66,-3503.352,4133.177,-212.032,88.485,0.027563,-0.999015,0.034782,0.999115,0.026427,-0.032716,0.031764,0.035653,0.998859,0,0.87410,-0.83763,52.446,-1.675,-1,375.000,-1,375.000,-1,325.000,325.000,300.000,300.000,-1,-1,-1,-1,700.000,700.000,-1,-1,2,0,2,0,2,0,0,0,0,2,2,2,2,0,0,2,2
67,-3500.387,4185.540,-210.269,86.759,0.057669,-0.997739,0.034516,0.997827,0.056501,-0.033890,0.031863,0.036395,0.998829,0,0.87410,-0.86294,52.446,-1.726,-1,375.000,-1,375.000,-1,325.000,325.000,300.000,300.000,-1,1000.000,-1,-1,700.000,700.000,-1,-1,2,0,2,0,2,0,0,0,0,2,0,2,2,0,0,2,2
68,-3495.846,4237.789,-208.565,85.033,0.087720,-0.995559,0.034178,0.995632,0.086523,-0.035069,0.031956,0.037105,0.998800,0,0.87410,-0.86294,52.446,-1.726,-1,375.000,-1,375.000,-1,325.000,325.000,300.000,300.000,-1,950.000,-1,-1,700.000,700.000,-1,-1,2,0,2,0,2,0,0,0,0,2,0,2,2,0,0,2,2
69,-3489.734,4289.878,-206.922,83.307,0.117691,-0.992476,0.033771,0.992533,0.116465,-0.036247,0.032042,0.037785,0.998772,0,0.87410,-0.86294,52.446,-1.726,-1,375.000,-1,375.000,-1,325.000,325.000,300.000,300.000,-1,875.000,950.000,-1,700.000,700.000,-1,-1,2,0,2,0,2,0,0,0,0,2,0,0,2,0,0,2,2
70,-3482.056,4341.759,-205.339,81.581,0.147554,-0.988493,0.033297,0.988532,0.146299,-0.037420,0.032118,0.038437,0.998745,0,0.87410,-0.86294,52.446,-1.726,-1,375.000,-1,375.000,-1,325.000,325.000,300.000,300.000,-1,800.000,875.000,-1,675.000,700.000,-1,-1,2,0,2,0,2,0,0,0,0,2,0,0,2,0,0,2,2
71,-3472.819,4393.386,-203.815,79.855,0.177281,-0.983615,0.032759,0.983634,0.176000,-0.038581,0.032183,0.039062,0.998718,0,0.87410,-0.86294,52.446,-1.726,-1,375.000,-1,375.000,-1,325.000,325.000,300.000,300.000,-1,775.000,800.000,-1,675.000,700.000,-1,-1,2,0,2,0,2,0,0,0,0,2,0,0,2,0,0,2,2
72,-3462.031,4444.711,-202.351,78.129,0.206846,-0.977845,0.032159,0.977842,0.205539,-0.039727,0.032237,0.039663,0.998693,0,0.87410,-0.86294,52.446,-1.726,-1,375.000,-1,375.000,-1,300.000,300.000,300.000,300.000,-1,725.000,750.000,-1,675.000,700.000,-1,-1,2,0,2,0,2,0,0,0,0,2,0,0,2,0,0,2,2
73,-3449.702,4495.688,-200.947,76.404,0.236222,-0.971188,0.031500,0.971163,0.234891,-0.040852,0.032276,0.040242,0.998669,0,0.87410,-0.86294,52.446,-1.726,-1,375.000,-1,375.000,-1,300.000,300.000,300.000,300.000,-1,700.000,725.000,-1,675.000,700.000,-1,-1,2,0,2,0,2,0,0,0,0,2,0,0,2,0,0,2,2
74,-3435.844,4546.270,-199.369,74.678,0.265403,-0.963614,0.031777,0.963606,0.264018,-0.041926,0.032011,0.041748,0.998615,0,0.87410,-0.86294,52.446,-1.726,-1,375.000,-1,375.000,-1,300.000,300.000,300.000,300.000,-1,700.000,700.000,-1,675.000,700.000,-1,-1,2,0,2,0,2,0,0,0,0,2,0,0,2,0,0,2,2
75,-3420.469,4596.413,-197.532,72.952,0.294403,-0.955110,0.033045,0.955131,0.292885,-0.044076,0.032419,0.044539,0.998482,0,0.87410,-0.86294,52.446,-1.726,-1,375.000,-1,375.000,-1,300.000,300.000,300.000,300.000,-1,675.000,675.000,-1,675.000,700.000,-1,-1,2,0,2,0,2,0,0,0,0,2,0,0,2,0,0,2,2
76,-3403.592,4646.069,-195.766,71.226,0.323131,-0.945738,0.034151,0.945787,0.321477,-0.046256,0.032768,0.047247,0.998346,0,0.87410,-0.86294,52.446,-1.726,-1,375.000,-1,375.000,-1,300.000,300.000,325.000,300.000,-1,650.000,625.000,-1,675.000,700.000,-1,-1,2,0,2,0,2,0,0,0,0,2,0,0,2,0,0,2,2
77,-3385.226,4695.195,-193.916,69.500,0.351527,-0.935534,0.034724,0.935610,0.349780,-0.047834,0.032604,0.049303,0.998252,0,0.87410,-0.86294,52.446,-1.726,-1,375.000,-1,375.000,-1,300.000,300.000,325.000,300.000,-1,650.000,625.000,-1,675.000,725.000,-1,-1,2,0,2,0,2,0,0,0,0,2,0,0,2,0,0,2,2
78,-3365.388,4743.745,-191.949,67.774,0.379596,-0.924516,0.034306,0.924565,0.377773,-0.049670,0.032961,0.050572,0.998176,0,0.87410,-0.86294,52.446,-1.726,-1,375.000,-1,375.000,-1,300.000,300.000,325.000,300.000,-1,650.000,625.000,-1,675.000,725.000,-1,-1,2,0,2,0,2,0,0,0,0,2,0,0,2,0,0,2,2
79,-3343.982,4791.949,-190.023,66.054,0.407226,-0.912708,0.033638,0.912718,0.405333,-0.051486,0.033357,0.051669,0.998107,0,0.87903,-0.86010,52.742,-1.720,-1,375.000,-1,375.000,-1,300.000,300.000,300.000,300.000,-1,650.000,600.000,-1,675.000,750.000,-1,-1,2,0,2,0,2,0,0,0,0,2,0,0,2,0,0,2,2
80,-3323.399,4835.248,-188.337,64.574,0.430707,-0.901890,0.032957,0.901862,0.428754,-0.053061,0.033725,0.052577,0.998047,0,0.79903,-0.74010,47.942,-1.480,-1,375.000,-1,375.000,-1,300.000,325.000,300.000,300.000,-1,650.000,600.000,-1,700.000,750.000,-1,-1,2,0,2,0,2,0,0,0,0,2,0,0,2,0,0,2,2
81,-3301.818,4878.220,-186.743,63.334,0.450166,-0.892355,0.032436,0.892293,0.448153,-0.054522,0.034116,0.053487,0.997986,0,0.80144,-0.62010,48.086,-1.240,-1,375.000,-1,400.000,-1,300.000,325.000,300.000,300.000,-1,650.000,600.000,-1,700.000,750.000,-1,-1,2,0,2,0,2,0,0,0,0,2,0,0,2,0,0,2,2
82,-3279.383,4921.016,-185.216,62.333,0.465715,-0.884354,0.032044,0.884259,0.463639,-0.055903,0.034581,0.054370,0.997922,0,0.80533,-0.50010,48.320,-1.000,-1,375.000,-1,400.000,-1,325.000,325.000,300.000,300.000,-1,650.000,600.000,-1,700.000,775.000,-1,-1,2,0,2,0,2,0,0,0,0,2,0,0,2,0,0,2,2
83,-3256.158,4963.921,-183.702,61.573,0.477450,-0.878089,0.031635,0.877952,0.475313,-0.057255,0.035239,0.055111,0.997858,0,0.81313,-0.38010,48.788,-0.760,-1,375.000,-1,400.000,-1,325.000,325.000,300.000,325.000,-1,650.000,600.000,-1,700.000,775.000,-1,-1,2,0,2,0,2,0,0,0,0,2,0,0,2,0,0,2,2
84,-3232.385,5006.904,-182.192,61.053,0.485447,-0.873708,0.031225,0.873521,0.483249,-0.058583,0.036095,0.055714,0.997794,0,0.81864,-0.26010,49.119,-0.520,-1,375.000,-1,400.000,-1,325.000,325.000,300.000,325.000,-1,650.000,600.000,-1,700.000,775.000,-1,-1,2,0,2,0,2,0,0,0,0,2,0,0,2,0,0,2,2
85,-3208.242,5050.056,-180.677,60.773,0.489761,-0.871312,0.030823,0.871064,0.487503,-0.059896,0.037162,0.056183,0.997729,0,0.82411,-0.14010,49.447,-0.280,975.000,375.000,-1,400.000,-1,325.000,325.000,300.000,325.000,-1,650.000,600.000,-1,700.000,775.000,1000.000,-1,1,0,2,0,2,0,0,0,0,2,0,0,2,0,0,1,2
86,-3183.909,5093.477,-178.977,60.733,0.490429,-0.870919,0.031290,0.870657,0.488087,-0.061060,0.037906,0.057188,0.997644,0,0.82956,-0.02010,49.774,-0.040,925.000,375.000,-1,400.000,-1,325.000,325.000,300.000,325.000,-1,650.000,600.000,-1,700.000,775.000,975.000,-1,1,0,2,0,2,0,0,0,0,2,0,0,2,0,0,1,2
87,-3159.431,5137.191,-177.161,60.751,0.490208,-0.871007,0.032296,0.870761,0.487766,-0.062128,0.038361,0.058577,0.997546,0,0.83502,0.00926,50.101,0.019,900.000,375.000,-1,400.000,-1,325.000,325.000,300.000,325.000,-1,675.000,625.000,-1,700.000,775.000,925.000,-1,1,0,2,0,2,0,0,0,0,2,0,0,2,0,0,1,2
88,-3134.812,5181.200,-175.286,60.775,0.489911,-0.871132,0.033405,0.870901,0.487349,-0.063427,0.038973,0.060166,0.997427,0,0.84045,0.01220,50.427,0.024,850.000,375.000,-1,400.000,-1,325.000,325.000,300.000,325.000,-1,700.000,625.000,-1,700.000,775.000,875.000,-1,1,0,2,0,2,0,0,0,0,2,0,0,2,0,0,1,2
89,-3110.059,5225.504,-173.349,60.806,0.489534,-0.871296,0.034626,0.871077,0.486829,-0.064971,0.039752,0.061967,0.997286,0,0.84583,0.01531,50.750,0.031,825.000,375.000,-1,400.000,-1,325.000,325.000,300.000,325.000,-1,725.000,625.000,-1,725.000,775.000,850.000,-1,1,0,2,0,2,0,0,0,0,2,0,0,2,1,0,1,2
90,-3085.180,5270.102,-171.402,60.843,0.489059,-0.871513,0.035852,0.871308,0.486209,-0.066502,0.040526,0.063762,0.997142,0,0.85114,0.01859,51.068,0.037,775.000,375.000,-1,400.000,-1,325.000,325.000,300.000,300.000,-1,725.000,650.000,-1,700.000,775.000,800.000,-1,1,0,2,0,2,0,0,0,0,2,0,0,2,1,0,1,2
91,-3060.183,5314.994,-169.446,60.887,0.488481,-0.871786,0.037084,0.871597,0.485481,-0.068019,0.041294,0.065548,0.996995,0,0.85637,0.02206,51.382,0.044,750.000,375.000,-1,400.000,-1,325.000,325.000,300.000,300.000,-1,750.000,650.000,-1,675.000,775.000,750.000,-1,1,0,2,0,2,0,0,0,0,2,0,0,2,1,0,1,2
92,-3035.075,5360.177,-167.230,60.939,0.487730,-0.872172,0.037883,0.872015,0.484670,-0.068445,0.041335,0.066417,0.996935,0,0.86151,0.02574,51.691,0.051,700.000,375.000,-1,400.000,-1,325.000,325.000,300.000,300.000,-1,800.000,700.000,-1,650.000,775.000,725.000,-1,1,0,2,0,2,0,0,0,0,2,0,0,2,1,0,1,2
93,-3009.868,5405.650,-164.991,60.998,0.486857,-0.872626,0.038660,0.872504,0.483741,-0.068793,0.041329,0.067224,0.996882,0,0.86654,0.02965,51.993,0.059,650.000,375.000,-1,400.000,-1,325.000,325.000,300.000,300.000,-1,875.000,750.000,-1,625.000,800.000,675.000,-1,1,0,2,0,2,0,0,0,0,2,0,0,2,1,0,1,2
94,-2984.572,5451.411,-162.722,61.066,0.485874,-0.873153,0.039112,0.873026,0.482687,-0.069566,0.041863,0.067947,0.996810,0,0.87145,0.03379,52.287,0.068,625.000,375.000,-1,400.000,-1,325.000,325.000,300.000,300.000,-1,900.000,775.000,-1,600.000,800.000,625.000,-1,1,0,2,0,2,0,0,0,0,2,0,0,2,1,0,1,2
95,-2959.199,5497.455,-160.436,61.142,0.484758,-0.873755,0.039524,0.873618,0.481500,-0.070350,0.042438,0.068632,0.996739,0,0.87621,0.03820,52.573,0.076,575.000,375.000,-1,400.000,-1,325.000,325.000,300.000,300.000,-1,925.000,800.000,-1,575.000,800.000,575.000,-1,1,0,2,0,2,0,0,0,0,2,0,0,2,1,0,1,2
96,-2931.627,5547.768,-157.943,61.276,0.482773,-0.874832,0.039979,0.874683,0.479437,-0.071203,0.043123,0.069344,0.996660,0,0.95621,0.06682,57.373,0.134,525.000,375.000,-1,400.000,-1,325.000,325.000,300.000,300.000,-1,950.000,825.000,-1,550.000,800.000,550.000,-1,1,0,2,0,2,0,0,0,0,2,0,0,2,1,0,1,2
97,-2902.925,5600.458,-155.338,61.420,0.480626,-0.875992,0.040465,0.875829,0.477206,-0.072092,0.043842,0.070090,0.996577,0,1.00000,0.07218,60.000,0.144,475.000,375.000,-1,400.000,-1,325.000,325.000,300.000,300.000,-1,975.000,850.000,-1,550.000,825.000,500.000,-1,1,1,2,0,2,0,0,0,0,2,0,0,2,1,0,1,2
98,-2874.366,5653.225,-152.735,61.577,0.478292,-0.877245,0.040960,0.877069,0.474789,-0.072977,0.044572,0.070830,0.996492,0,1.00000,0.07819,60.000,0.156,425.000,350.000,-1,400.000,-1,325.000,325.000,300.000,300.000,-1,1000.000,875.000,-1,525.000,825.000,450.000,-1,1,1,2,0,2,1,0,0,0,2,0,0,2,1,0,1,2
99,-2845.964,5706.077,-150.203,61.746,0.475739,-0.878615,0.041324,0.878430,0.472180,-0.073528,0.045090,0.071280,0.996437,0,1.00000,0.08463,60.000,0.169,375.000,350.000,-1,400.000,-1,300.000,325.000,300.000,300.000,-1,-1,900.000,-1,500.000,825.000,400.000,-1,1,1,2,0,2,1,0,0,0,2,2,0,2,1,0,1,2
100,-2817.731,5759.019,-147.619,61.929,0.472966,-0.880079,0.042002,0.879913,0.469348,-0.073934,0.045354,0.071926,0.996378,0,1.00000,0.09155,60.000,0.183,325.000,325.000,-1,400.000,-1,300.000,325.000,300.000,300.000,-1,-1,950.000,-1,475.000,825.000,350.000,-1,1,1,2,1,2,1,1,0,0,2,2,0,2,1,0,1,2
101,-2789.681,5812.058,-144.978,62.127,0.469962,-0.881640,0.042964,0.881515,0.466275,-0.074286,0.045461,0.072785,0.996311,0,1.00000,0.09900,60.000,0.198,275.000,300.000,-1,400.000,-1,275.000,325.000,300.000,300.000,-1,-1,-1,-1,475.000,825.000,300.000,-1,1,1,2,0,2,1,1,0,0,2,2,2,2,1,0,1,2
102,-2761.840,5865.210,-139.721,62.341,0.467574,-0.882573,0.049395,0.882302,0.462557,-0.087091,0.054016,0.084303,0.994975,0,1.00000,0.10703,60.000,0.214,275.000,325.000,-1,425.000,-1,300.000,325.000,325.000,300.000,-1,900.000,750.000,-1,500.000,900.000,325.000,-1,1,1,2,0,2,1,1,0,0,2,0,0,2,1,0,1,2
103,-2734.217,5918.474,-134.392,62.572,0.465088,-0.883488,0.056058,0.883037,0.458497,-0.100135,0.062765,0.096073,0.993393,0,1.00000,0.11572,60.000,0.231,275.000,325.000,-1,450.000,-1,300.000,350.000,375.000,300.000,-1,650.000,375.000,-1,550.000,950.000,350.000,-1,1,1,2,0,2,1,1,1,0,2,0,0,2,1,0,1,2
104,-2707.961,5970.139,-129.459,63.044,0.458900,-0.886305,0.062248,0.885667,0.450741,-0.111474,0.070743,0.106287,0.991816,0,0.96589,0.23572,57.953,0.471,300.000,350.000,-1,450.000,-1,325.000,350.000,350.000,275.000,-1,475.000,250.000,-1,600.000,1000.000,375.000,-1,1,1,2,0,2,1,1,1,0,2,0,0,2,1,0,1,2
105,-2682.319,6022.185,-124.542,63.755,0.448950,-0.890953,0.068168,0.890142,0.439268,-0.121206,0.078045,0.115095,0.990284,0,0.96699,0.35572,58.020,0.711,300.000,350.000,-1,475.000,-1,325.000,375.000,350.000,275.000,-1,400.000,225.000,1000.000,725.000,-1,425.000,-1,1,1,2,0,2,1,1,1,0,2,0,0,0,1,2,1,2
106,-2657.525,6074.691,-119.691,64.707,0.435225,-0.897262,0.074164,0.896282,0.424005,-0.129993,0.085192,0.123049,0.988737,0,0.96777,0.47572,58.066,0.951,300.000,375.000,-1,500.000,-1,350.000,400.000,325.000,275.000,-1,375.000,200.000,900.000,875.000,-1,475.000,-1,1,1,2,0,2,1,0,1,0,2,0,0,0,1,2,1,2
107,-2633.677,6127.662,-115.013,65.747,0.420036,-0.903906,0.080763,0.902864,0.407237,-0.137821,0.091688,0.130808,0.987159,0,0.96821,0.52014,58.093,1.040,300.000,375.000,-1,500.000,-1,350.000,425.000,325.000,275.000,-1,350.000,150.000,775.000,1000.000,-1,-1,-1,1,1,2,0,2,1,0,1,0,2,0,0,0,1,2,2,2
108,-2610.821,6181.050,-110.382,66.807,0.404435,-0.910385,0.087357,0.909320,0.390059,-0.144881,0.097823,0.138031,0.985585,0,0.96794,0.53003,58.076,1.060,300.000,400.000,-1,525.000,-1,375.000,425.000,300.000,275.000,-1,325.000,150.000,700.000,-1,-1,-1,-1,1,1,2,0,2,1,0,1,0,2,0,0,0,2,2,2,2
109,-2589.004,6234.789,-105.784,67.889,0.388387,-0.916695,0.093942,0.915647,0.372443,-0.151249,0.103661,0.144761,0.984022,0,0.96666,0.54079,58.000,1.082,300.000,425.000,-1,525.000,-1,400.000,450.000,275.000,275.000,-1,300.000,125.000,625.000,-1,-1,-1,-1,1,1,2,0,2,1,0,1,0,2,0,0,0,2,2,2,2
110,-2568.280,6288.803,-101.258,68.994,0.371858,-0.922858,0.100278,0.921816,0.354369,-0.157088,0.109435,0.150852,0.982480,0,0.96424,0.55250,57.854,1.105,-1,450.000,-1,550.000,-1,425.000,450.000,275.000,275.000,-1,300.000,100.000,600.000,-1,-1,-1,-1,2,1,2,0,2,1,0,1,0,2,0,0,0,2,2,2,2
111,983.890,-9511.029,-299.410,144.150,-0.810334,-0.585029,0.033153,0.585923,-0.809676,0.033449,0.007275,0.046530,0.998890,1,0.00000,0.00000,57.629,1.130,-1,400.000,-1,375.000,-1,325.000,325.000,300.000,300.000,-1,775.000,900.000,-1,725.000,725.000,-1,-1,2,0,2,0,2,0,0,0,0,2,1,1,2,0,0,2,2
112,979.988,-9508.234,-299.360,144.390,-0.812776,-0.581637,0.033067,0.582529,-0.812126,0.033341,0.007463,0.046361,0.998897,0,0.08000,0.12000,4.800,0.240,-1,400.000,-1,375.000,-1,325.000,325.000,300.000,300.000,-1,775.000,925.000,-1,725.000,725.000,-1,-1,2,0,2,0,2,0,0,0,0,2,1,1,2,0,0,2,2
113,972.136,-9502.709,-299.256,144.870,-0.817617,-0.574822,0.032903,0.575710,-0.816983,0.033126,0.007840,0.046027,0.998909,0,0.16000,0.24000,9.600,0.480,-1,400.000,-1,375.000,-1,325.000,325.000,300.000,300.000,-1,800.000,950.000,-1,725.000,725.000,-1,-1,2,0,2,0,2,0,0,0,0,2,1,1,2,0,0,2,2
114,960.256,-9494.572,-299.095,145.590,-0.824770,-0.564523,0.032673,0.565406,-0.824160,0.032808,0.008407,0.045533,0.998927,0,0.24000,0.36000,14.400,0.720,-1,400.000,-1,375.000,-1,325.000,325.000,300.000,300.000,-1,825.000,975.000,-1,725.000,725.000,-1,-1,2,0,2,0,2,0,0,0,0,2,1,1,2,0,0,2,2
115,944.237,-9483.988,-298.870,146.550,-0.834106,-0.550652,0.032398,0.551528,-0.833527,0.032392,0.009168,0.044887,0.998950,0,0.32000,0.48000,19.200,0.960,-1,400.000,-1,375.000,-1,325.000,325.000,300.000,300.000,-1,875.000,-1,-1,700.000,725.000,-1,-1,2,0,2,0,2,0,0,0,0,2,1,2,2,0,0,2,2
116,923.940,-9471.182,-298.573,147.750,-0.845447,-0.533094,0.032102,0.533963,-0.844906,0.031885,0.010126,0.044099,0.998976,0,0.40000,0.60000,24.000,1.200,1000.000,400.000,-1,375.000,-1,325.000,325.000,300.000,300.000,-1,925.000,-1,-1,700.000,725.000,-1,-1,1,0,2,0,2,0,0,0,0,2,1,2,2,0,0,2,2
117,899.205,-9456.430,-298.193,149.190,-0.858567,-0.511713,0.031817,0.512577,-0.858070,0.031301,0.011284,0.043182,0.999003,0,0.48000,0.72000,28.800,1.440,975.000,375.000,-1,375.000,-1,325.000,325.000,300.000,300.000,-1,975.000,-1,-1,700.000,725.000,-1,-1,1,0,2,0,2,0,0,0,0,2,1,2,2,0,0,2,2
118,869.855,-9440.074,-297.719,150.870,-0.873189,-0.486359,0.031576,0.487218,-0.872742,0.030654,0.012649,0.042151,0.999031,0,0.56000,0.84000,33.600,1.680,950.000,375.000,-1,375.000,-1,325.000,325.000,300.000,300.000,-1,-1,-1,-1,700.000,725.000,1000.000,-1,1,0,2,0,2,0,0,0,0,2,2,2,2,0,0,1,2
119,835.705,-9422.515,-297.136,152.790,-0.888980,-0.456867,0.031418,0.457725,-0.888589,0.029968,0.014227,0.041022,0.999057,0,0.64000,0.96000,38.400,1.920,900.000,375.000,-1,400.000,-1,325.000,325.000,300.000,300.000,-1,-1,-1,-1,700.000,725.000,950.000,-1,1,0,2,0,2,0,0,0,0,2,2,2,2,0,0,1,2
120,796.620,-9404.115,-296.414,154.790,-0.904370,-0.425595,0.031372,0.426455,-0.904031,0.029387,0.015855,0.039956,0.999076,0,0.72000,1.00000,43.200,2.000,875.000,375.000,-1,375.000,-1,325.000,325.000,300.000,300.000,-1,-1,-1,-1,700.000,700.000,900.000,-1,1,0,2,0,2,0,0,0,0,2,2,2,2,0,0,1,2
121,752.505,-9385.198,-295.520,156.790,-0.918656,-0.393799,0.031504,0.394670,-0.918365,0.029027,0.017502,0.039099,0.999082,0,0.80000,1.00000,48.000,2.000,825.000,375.000,-1,375.000,-1,300.000,325.000,275.000,300.000,-1,-1,-1,-1,675.000,700.000,850.000,-1,1,0,2,0,2,0,0,0,0,2,2,2,2,0,0,1,2
122,703.282,-9366.096,-294.365,158.790,-0.931808,-0.361513,0.032288,0.362424,-0.931559,0.029081,0.019565,0.038800,0.999055,0,0.88000,1.00000,52.800,2.000,800.000,375.000,-1,375.000,-1,300.000,300.000,300.000,300.000,-1,-1,-1,-1,675.000,700.000,800.000,-1,1,0,2,0,2,0,0,0,0,2,2,2,2,0,0,1,2
123,648.889,-9347.144,-292.946,160.790,-0.943807,-0.328779,0.033661,0.329763,-0.943599,0.029614,0.022026,0.039050,0.998994,0,0.96000,1.00000,57.600,2.000,750.000,375.000,-1,375.000,-1,300.000,300.000,300.000,300.000,-1,-1,-1,-1,675.000,700.000,750.000,-1,1,0,2,0,2,0,0,0,0,2,2,2,2,1,0,1,2
124,591.576,-9329.392,-291.381,162.790,-0.954657,-0.295644,0.035002,0.296703,-0.954489,0.030308,0.024449,0.039318,0.998928,0,1.00000,1.00000,60.000,2.000,725.000,375.000,-1,375.000,-1,300.000,300.000,300.000,300.000,-1,-1,-1,-1,650.000,700.000,700.000,-1,1,0,2,0,2,0,0,0,0,2,2,2,2,1,0,1,2
125,533.678,-9313.651,-289.420,164.790,-0.964336,-0.262162,0.036424,0.263270,-0.964260,0.029857,0.027295,0.038382,0.998890,0,1.00000,1.00000,60.000,2.000,675.000,375.000,-1,375.000,-1,300.000,300.000,300.000,300.000,-1,-1,-1,-1,600.000,700.000,650.000,-1,1,0,2,0,2,0,0,0,0,2,2,2,2,1,0,1,2
126,475.266,-9299.939,-287.255,166.790,-0.972826,-0.228363,0.038208,0.229512,-0.972874,0.028974,0.030555,0.036956,0.998850,0,1.00000,1.00000,60.000,2.000,625.000,375.000,-1,375.000,-1,300.000,300.000,300.000,300.000,-1,-1,-1,-1,575.000,700.000,600.000,-1,1,0,2,0,2,0,0,0,0,2,2,2,2,1,0,1,2
127,416.411,-9288.274,-285.029,168.790,-0.980126,-0.194281,0.040089,0.195472,-0.980301,0.028291,0.033803,0.035565,0.998796,0,1.00000,1.00000,60.000,2.000,575.000,375.000,-1,375.000,-1,300.000,325.000,300.000,300.000,-1,-1,-1,-1,525.000,700.000,550.000,-1,1,0,2,0,2,0,0,0,0,2,2,2,2,1,0,1,2
128,357.184,-9278.671,-282.741,170.790,-0.986228,-0.159958,0.042052,0.161193,-0.986531,0.027813,0.037037,0.034208,0.998728,0,1.00000,1.00000,60.000,2.000,550.000,375.000,-1,375.000,-1,300.000,325.000,300.000,300.000,-1,-1,-1,-1,500.000,700.000,525.000,-1,1,0,2,0,2,0,0,0,0,2,2,2,2,1,0,1,2
129,297.659,-9271.140,-280.390,172.790,-0.991122,-0.125437,0.044078,0.126716,-0.991557,0.027540,0.040252,0.032881,0.998648,0,1.00000,1.00000,60.000,2.000,500.000,350.000,-1,375.000,-1,325.000,325.000,300.000,300.000,-1,1000.000,850.000,-1,450.000,700.000,475.000,-1,1,1,2,1,2,0,0,0,0,2,0,0,2,1,0,1,2
130,237.907,-9265.692,-277.976,174.790,-0.994803,-0.090759,0.046152,0.092086,-0.995372,0.027475,0.043444,0.031582,0.998557,0,1.00000,1.00000,60.000,2.000,450.000,325.000,900.000,375.000,-1,300.000,300.000,300.000,300.000,-1,850.000,725.000,-1,425.000,675.000,425.000,-1,1,1,1,1,2,1,1,0,0,2,0,0,2,1,1,1,2
131,178.001,-9262.332,-275.484,176.790,-0.997263,-0.055968,0.048304,0.057348,-0.997971,0.027671,0.046657,0.030365,0.998449,0,1.00000,1.00000,60.000,2.000,400.000,300.000,750.000,350.000,-1,275.000,300.000,300.000,300.000,-1,725.000,650.000,-1,375.000,625.000,375.000,-1,1,1,1,1,2,1,1,0,0,2,0,0,2,1,1,1,2
132,118.014,-9261.065,-272.890,178.790,-0.998496,-0.021106,0.050596,0.022554,-0.999347,0.028231,0.049967,0.029330,0.998320,0,1.00000,1.00000,60.000,2.000,350.000,275.000,650.000,325.000,-1,250.000,275.000,300.000,300.000,-1,650.000,600.000,-1,350.000,550.000,325.000,-1,1,1,1,1,2,1,1,0,0,2,0,0,2,1,1,1,2
133,58.020,-9261.892,-270.225,180.790,-0.998505,0.013784,0.052888,-0.012260,-0.999503,0.029031,0.053262,0.028339,0.998178,0,1.00000,1.00000,60.000,2.000,300.000,250.000,575.000,300.000,-1,225.000,250.000,300.000,300.000,-1,575.000,525.000,-1,300.000,475.000,275.000,-1,1,1,1,1,2,1,1,0,0,2,0,0,2,1,1,1,2
134,-1.909,-9264.812,-267.011,182.790,-0.997248,0.048661,0.055935,-0.047133,-0.998487,0.028324,0.057228,0.025609,0.998033,0,1.00000,1.00000,60.000,2.000,250.000,225.000,475.000,275.000,-1,200.000,225.000,275.000,300.000,-1,500.000,450.000,-1,275.000,425.000,225.000,-1,1,1,1,1,2,1,1,0,0,2,0,0,2,1,1,1,2
135,-61.703,-9269.826,-257.661,184.790,-0.993722,0.083471,0.074490,-0.081022,-0.996087,0.035312,0.077146,0.029055,0.996596,0,1.00000,1.00000,60.000,2.000,250.000,200.000,475.000,275.000,-1,200.000,225.000,325.000,325.000,-1,300.000,275.000,-1,275.000,425.000,225.000,-1,1,1,1,1,2,1,1,0,0,2,0,0,2,1,1,1,2
