timestep,x_cm,y_cm,z_cm,yaw_deg,basis_xx,basis_xy,basis_xz,basis_yx,basis_yy,basis_yz,basis_zx,basis_zy,basis_zz,teleport_flag,throttle_cmd,steering_cmd,cmd_move_cm,cmd_turn_deg,lidar_cm_0,lidar_cm_1,lidar_cm_2,lidar_cm_3,lidar_cm_4,lidar_cm_5,lidar_cm_6,lidar_cm_7,lidar_cm_8,lidar_cm_9,lidar_cm_10,lidar_cm_11,lidar_cm_12,lidar_cm_13,lidar_cm_14,lidar_cm_15,lidar_cm_16,lidar_class_0,lidar_class_1,lidar_class_2,lidar_class_3,lidar_class_4,lidar_class_5,lidar_class_6,lidar_class_7,lidar_class_8,lidar_class_9,lidar_class_10,lidar_class_11,lidar_class_12,lidar_class_13,lidar_class_14,lidar_class_15,lidar_class_16
0,-8199.074,8850.280,-28.933,-89.062,0.017877,0.999563,0.023532,-0.997879,0.016364,0.063008,0.062596,-0.024608,0.997736,1,0.08000,0.12000,4.800,0.240,-1,450.000,-1,350.000,-1,300.000,275.000,250.000,350.000,-1,-1,-1,-1,775.000,625.000,-1,-1,2,1,2,0,2,1,0,1,0,2,2,2,2,1,0,2,2
1,-8198.836,8840.684,-28.345,-88.582,0.026333,0.999344,0.024882,-0.997742,0.024736,0.062447,0.061791,-0.026470,0.997738,0,0.16000,0.24000,9.600,0.480,-1,450.000,-1,325.000,-1,300.000,275.000,250.000,350.000,-1,-1,-1,-1,775.000,625.000,-1,-1,2,1,2,0,2,1,0,1,0,2,2,2,2,1,0,2,2
2,-8198.332,8826.293,-27.466,-87.995,0.036681,0.998965,0.026897,-0.997491,0.034970,0.061547,0.060542,-0.029087,0.997742,0,0.24000,0.29351,14.400,0.587,-1,450.000,-1,325.000,-1,300.000,275.000,250.000,350.000,-1,-1,-1,-1,775.000,625.000,-1,-1,2,1,2,0,2,1,0,1,0,2,2,2,2,1,0,2,2
3,-8197.462,8807.113,-26.296,-87.407,0.047067,0.998454,0.029570,-0.997158,0.045221,0.060251,0.058821,-0.032321,0.997745,0,0.32000,0.29416,19.200,0.588,-1,450.000,-1,325.000,-1,300.000,275.000,275.000,350.000,-1,-1,-1,-1,750.000,625.000,-1,-1,2,1,2,0,2,1,0,1,0,2,2,2,2,1,0,2,2
4,-8196.128,8783.150,-24.846,-86.816,0.057500,0.997801,0.032957,-0.996740,0.055505,0.058550,0.056592,-0.036216,0.997740,0,0.40000,0.29537,24.000,0.591,-1,450.000,-1,325.000,-1,300.000,250.000,275.000,350.000,-1,-1,-1,-1,750.000,600.000,-1,-1,2,1,2,0,2,1,0,1,0,2,2,2,2,1,0,2,2
5,-8194.228,8754.413,-23.129,-86.222,0.067994,0.996995,0.037124,-0.996233,0.065841,0.056429,0.053815,-0.040821,0.997716,0,0.48000,0.29717,28.800,0.594,-1,425.000,-1,325.000,-1,300.000,250.000,275.000,350.000,-1,-1,-1,-1,725.000,600.000,-1,-1,2,1,2,0,2,1,0,1,0,2,2,2,2,1,0,2,2
6,-8191.661,8720.912,-21.158,-85.622,0.078556,0.996018,0.042146,-0.995633,0.076247,0.053868,0.050440,-0.046193,0.997658,0,0.56000,0.29962,33.600,0.599,-1,425.000,-1,325.000,-1,300.000,250.000,275.000,350.000,-1,-1,-1,-1,700.000,600.000,-1,-1,2,1,2,0,2,1,0,1,0,2,2,2,2,1,0,2,2
7,-8188.322,8682.658,-18.951,-85.017,0.089194,0.994852,0.048109,-0.994932,0.086743,0.050846,0.046411,-0.052400,0.997547,0,0.64000,0.30279,38.400,0.606,-1,400.000,-1,300.000,-1,300.000,250.000,275.000,350.000,-1,-1,-1,-1,675.000,575.000,950.000,-1,2,1,2,0,2,1,0,1,0,2,2,2,2,1,0,1,2
8,-8184.104,8639.665,-16.530,-84.403,0.099911,0.993469,0.055115,-0.994124,0.097351,0.047335,0.041661,-0.059521,0.997357,0,0.72000,0.30675,43.200,0.614,-1,375.000,-1,300.000,-1,300.000,250.000,300.000,350.000,-1,-1,-1,-1,625.000,550.000,875.000,-1,2,1,2,0,2,1,0,1,0,2,2,2,2,1,0,1,2
9,-8178.897,8591.949,-13.921,-83.780,0.110707,0.991836,0.063286,-0.993197,0.108096,0.043303,0.036109,-0.067649,0.997056,0,0.80000,0.31163,48.000,0.623,-1,375.000,-1,300.000,-1,275.000,225.000,300.000,375.000,-1,-1,-1,-1,575.000,550.000,800.000,975.000,2,1,2,0,2,1,1,1,0,2,2,2,2,1,0,1,0
10,-8172.586,8539.528,-11.181,-83.145,0.121570,0.989919,0.072670,-0.992141,0.119005,0.038656,0.029618,-0.076798,0.996607,0,0.88000,0.31756,52.800,0.635,-1,350.000,-1,275.000,-1,275.000,225.000,325.000,375.000,-1,-1,-1,-1,550.000,525.000,700.000,900.000,2,1,2,0,2,1,1,1,0,2,2,2,2,1,0,1,0
11,-8165.385,8484.955,-8.887,-82.496,0.132639,0.987606,0.083916,-0.990880,0.130098,0.035085,0.023733,-0.087805,0.995855,0,0.91746,0.32469,55.047,0.649,-1,325.000,-1,275.000,-1,250.000,225.000,325.000,375.000,-1,-1,-1,-1,500.000,500.000,600.000,825.000,2,1,2,0,2,1,1,1,0,2,2,2,2,1,0,1,0
12,-8157.591,8430.681,-4.833,-81.830,0.144673,0.985730,0.086058,-0.989056,0.141518,0.041735,0.028961,-0.091154,0.995416,0,0.91384,0.33277,54.830,0.666,-1,325.000,-1,275.000,-1,250.000,250.000,350.000,375.000,-1,-1,-1,-1,500.000,525.000,600.000,900.000,2,1,2,0,2,1,1,1,0,2,2,2,2,1,0,1,0
13,-8149.193,8376.774,-0.814,-81.147,0.157023,0.983673,0.087926,-0.986997,0.153208,0.048615,0.034350,-0.094417,0.994940,0,0.90929,0.34142,54.558,0.683,-1,325.000,-1,300.000,-1,250.000,250.000,-1,375.000,-1,-1,-1,-1,500.000,550.000,575.000,-1,2,1,2,0,2,1,1,2,0,2,2,2,2,1,0,1,2
14,-8139.900,8320.007,3.485,-80.704,0.165331,0.982207,0.089079,-0.985389,0.160765,0.056248,0.040926,-0.097077,0.994435,0,0.95870,0.22142,57.522,0.443,-1,325.000,-1,300.000,-1,275.000,250.000,-1,375.000,-1,-1,-1,-1,475.000,575.000,550.000,-1,2,1,2,0,2,1,1,2,0,2,2,2,2,1,0,1,2
15,-8130.481,8263.718,7.783,-80.502,0.169579,0.981433,0.089623,-0.984328,0.164208,0.064295,0.048384,-0.099122,0.993898,0,0.95119,0.10142,57.071,0.203,-1,325.000,-1,325.000,-1,275.000,275.000,-1,375.000,-1,0.000,-1,-1,475.000,600.000,525.000,-1,2,1,2,0,2,1,1,2,0,2,1,2,2,1,0,1,2
16,-8121.190,8207.961,12.057,-80.539,0.169779,0.981388,0.089734,-0.983845,0.163546,0.072814,0.056784,-0.100647,0.993300,0,0.94207,-0.01858,56.524,-0.037,-1,325.000,-1,350.000,-1,275.000,275.000,-1,375.000,-1,0.000,0.000,-1,500.000,650.000,500.000,-1,2,1,2,1,2,1,1,2,0,2,1,0,2,0,0,1,2
17,-8112.177,8152.801,16.274,-80.719,0.167584,0.981771,0.089673,-0.983651,0.160432,0.081808,0.065930,-0.101916,0.992606,0,0.93150,-0.09026,55.890,-0.181,-1,325.000,-1,350.000,-1,275.000,275.000,-1,375.000,625.000,0.000,0.000,-1,525.000,675.000,600.000,-1,2,1,2,0,2,1,1,2,0,0,1,0,2,0,0,0,2
18,-8103.446,8098.296,20.407,-80.899,0.165461,0.982137,0.089610,-0.983324,0.157339,0.091206,0.075478,-0.103207,0.991792,0,0.91997,-0.08962,55.198,-0.179,-1,325.000,-1,375.000,-1,275.000,300.000,-1,400.000,575.000,0.000,0.000,-1,575.000,725.000,-1,-1,2,0,2,0,2,1,0,2,0,1,1,0,2,0,0,2,2
19,-8094.995,8044.460,24.459,-81.077,0.163392,0.982488,0.089560,-0.982858,0.154249,0.100977,0.085394,-0.104523,0.990849,0,0.90822,-0.08948,54.493,-0.179,-1,325.000,-1,400.000,-1,275.000,300.000,-1,400.000,575.000,0.000,0.000,-1,600.000,800.000,-1,-1,2,0,2,0,2,0,0,2,0,1,1,1,2,0,0,2,2
20,-8086.818,7991.280,28.432,-81.257,0.161362,0.982825,0.089534,-0.982249,0.151147,0.111096,0.095655,-0.105871,0.989768,0,0.89670,-0.08982,53.802,-0.180,-1,350.000,-1,400.000,-1,300.000,325.000,-1,400.000,600.000,25.000,0.000,-1,650.000,850.000,-1,-1,2,0,2,0,2,0,0,2,0,1,1,1,2,0,0,2,2
21,-8078.907,7938.720,32.329,-81.438,0.159355,0.983152,0.089546,-0.981488,0.148015,0.121545,0.106243,-0.107257,0.988538,0,0.88583,-0.09061,53.150,-0.181,-1,350.000,-1,425.000,-1,300.000,325.000,-1,400.000,-1,25.000,0.000,-1,700.000,900.000,-1,-1,2,0,2,0,2,0,0,2,0,2,1,1,2,0,0,2,2
22,-8071.250,7886.722,36.182,-81.622,0.157406,0.983458,0.089631,-0.980513,0.144839,0.132722,0.117545,-0.108776,0.987092,0,0.87591,-0.09183,52.555,-0.184,-1,375.000,-1,450.000,-1,325.000,350.000,-1,400.000,-1,25.000,0.000,-1,775.000,975.000,-1,-1,2,0,2,0,2,0,0,2,0,2,1,1,2,0,0,2,2
23,-8064.247,7839.481,40.067,-81.566,0.159459,0.983166,0.089203,-0.978910,0.145784,0.143116,0.127703,-0.110143,0.985678,0,0.79591,0.02817,47.755,0.056,-1,400.000,-1,475.000,-1,325.000,350.000,-1,400.000,-1,0.000,0.000,-1,850.000,-1,-1,-1,2,0,2,0,2,0,0,2,0,2,1,1,2,1,2,2,2
24,-8057.730,7797.024,44.928,-81.269,0.163940,0.982843,0.084514,-0.978246,0.150936,0.142316,0.127118,-0.106007,0.986207,0,0.71591,0.14817,42.955,0.296,-1,400.000,-1,475.000,-1,350.000,350.000,-1,400.000,-1,0.000,0.000,-1,950.000,-1,-1,-1,2,0,2,0,2,0,0,2,0,2,1,1,2,1,2,2,2
25,-8051.588,7759.368,48.873,-80.733,0.172658,0.981592,0.081644,-0.977029,0.160163,0.140576,0.124912,-0.104040,0.986698,0,0.63591,0.26817,38.155,0.536,-1,400.000,-1,475.000,-1,350.000,350.000,-1,400.000,-1,25.000,0.000,-1,975.000,-1,-1,-1,2,0,2,0,2,0,0,2,0,2,1,1,2,1,2,2,2
26,-8045.772,7726.526,52.333,-79.957,0.185510,0.979486,0.078692,-0.974962,0.173475,0.139124,0.122619,-0.102530,0.987143,0,0.55591,0.38817,33.355,0.776,-1,400.000,-1,475.000,-1,350.000,350.000,-1,375.000,-1,50.000,0.000,-1,1000.000,1000.000,-1,-1,2,0,2,0,2,0,0,2,0,2,1,1,2,1,0,2,2
27,-8040.294,7698.503,55.299,-78.940,0.202470,0.976357,0.075713,-0.971877,0.190842,0.137967,0.120256,-0.101518,0.987539,0,0.47591,0.50817,28.555,1.016,-1,400.000,-1,475.000,-1,350.000,350.000,-1,375.000,-1,50.000,0.000,-1,1000.000,1000.000,-1,-1,2,0,2,0,2,0,0,2,0,2,1,1,2,1,0,2,2
28,-8035.227,7675.297,57.773,-77.684,0.223490,0.971989,0.072727,-0.967560,0.212214,0.137087,0.117813,-0.101005,0.987886,0,0.39591,0.62817,23.755,1.256,-1,400.000,-1,475.000,-1,350.000,350.000,-1,375.000,-1,50.000,0.000,-1,-1,975.000,-1,-1,2,0,2,0,2,0,0,2,0,2,1,1,2,2,0,2,2
29,-8030.773,7656.875,59.731,-76.410,0.244750,0.967055,0.070015,-0.962682,0.233771,0.136362,0.115502,-0.100777,0.988182,0,0.31591,0.63678,18.955,1.274,-1,400.000,-1,450.000,-1,350.000,350.000,-1,375.000,-1,50.000,0.000,-1,-1,975.000,-1,-1,2,0,2,0,2,0,0,2,0,2,1,1,2,2,0,2,2
30,-8027.142,7643.195,61.197,-75.139,0.265908,0.961628,0.067565,-0.957313,0.255175,0.135783,0.113332,-0.100786,0.988432,0,0.23591,0.63584,14.155,1.272,-1,400.000,-1,450.000,-1,350.000,350.000,-1,375.000,-1,25.000,0.000,-1,-1,950.000,-1,-1,2,0,2,0,2,0,0,2,0,2,1,1,2,2,0,2,2
31,-8024.542,7634.211,62.203,-73.868,0.286958,0.955712,0.065348,-0.951455,0.276424,0.135365,0.111306,-0.101020,0.988638,0,0.15591,0.63515,9.355,1.270,-1,400.000,-1,450.000,-1,350.000,350.000,-1,375.000,-1,25.000,0.000,-1,-1,950.000,-1,-1,2,0,2,0,2,0,0,2,0,2,1,1,2,2,0,2,2
32,-8023.179,7629.866,62.775,-72.599,0.307887,0.949314,0.063309,-0.945113,0.297516,0.135076,0.109394,-0.101422,0.988811,0,0.07591,0.63469,4.555,1.269,-1,400.000,-1,450.000,-1,350.000,350.000,-1,350.000,-1,25.000,0.000,-1,-1,950.000,-1,-1,2,0,2,0,2,0,0,2,0,2,1,1,2,2,0,2,2
33,-8023.257,7630.100,62.941,-71.330,0.328681,0.942444,0.061386,-0.938296,0.318450,0.134870,0.107559,-0.101927,0.988960,0,-0.00409,0.63448,-0.245,1.269,-1,400.000,-1,450.000,-1,350.000,350.000,-1,350.000,-1,0.000,0.000,-1,-1,950.000,-1,-1,2,0,2,0,2,0,0,2,0,2,1,1,2,2,0,2,2
34,-8024.977,7634.845,62.733,-70.061,0.349326,0.935109,0.059515,-0.931015,0.339224,0.134678,0.105750,-0.102456,0.989100,0,-0.08409,0.63449,-5.045,1.269,-1,400.000,-1,450.000,-1,350.000,350.000,-1,350.000,850.000,0.000,0.000,-1,-1,950.000,-1,-1,2,0,2,0,2,0,0,2,0,1,1,1,2,2,0,2,2
35,-8028.538,7644.026,62.184,-68.792,0.369804,0.927321,0.057630,-0.923281,0.359840,0.134413,0.103906,-0.102916,0.989248,0,-0.16409,0.63471,-9.845,1.269,-1,400.000,-1,450.000,-1,350.000,350.000,-1,350.000,825.000,0.000,0.000,-1,-1,950.000,-1,-1,2,0,2,0,2,0,0,2,0,1,1,1,2,2,0,2,2
36,-8034.137,7657.560,61.332,-67.521,0.390099,0.919089,0.055661,-0.915111,0.380298,0.133960,0.101953,-0.103193,0.989422,0,-0.24409,0.63512,-14.645,1.270,-1,400.000,-1,450.000,-1,350.000,350.000,-1,350.000,825.000,0.000,0.000,-1,-1,950.000,-1,-1,2,0,2,0,2,0,0,2,0,1,1,0,2,2,0,2,2
37,-8038.064,7666.590,60.838,-66.491,0.406400,0.912098,0.054003,-0.908182,0.396759,0.133367,0.100218,-0.103245,0.989594,0,-0.16409,0.51512,-9.845,1.030,-1,400.000,-1,450.000,-1,350.000,350.000,-1,350.000,800.000,0.000,0.000,-1,-1,950.000,-1,-1,2,0,2,0,2,0,0,2,0,1,1,0,2,2,0,2,2
38,-8040.140,7671.189,60.658,-65.701,0.418810,0.906541,0.052731,-0.902681,0.409302,0.132809,0.098814,-0.103221,0.989738,0,-0.08409,0.39512,-5.045,0.790,-1,400.000,-1,450.000,-1,350.000,350.000,-1,350.000,800.000,0.000,0.000,-1,-1,950.000,-1,-1,2,0,2,0,2,0,0,2,0,1,1,0,2,2,0,2,2
39,-8040.243,7671.413,60.763,-65.151,0.427408,0.902569,0.051884,-0.898751,0.417989,0.132405,0.097817,-0.103222,0.989837,0,-0.00409,0.27512,-0.245,0.550,-1,400.000,-1,450.000,-1,350.000,350.000,-1,350.000,800.000,0.000,0.000,-1,-1,950.000,-1,-1,2,0,2,0,2,0,0,2,0,1,1,0,2,2,0,2,2
40,-8038.307,7667.291,61.138,-64.840,0.432246,0.900285,0.051473,-0.896495,0.422867,0.132217,0.097267,-0.103296,0.989883,0,0.07591,0.15512,4.555,0.310,-1,400.000,-1,450.000,-1,350.000,350.000,-1,350.000,800.000,0.000,0.000,-1,-1,950.000,-1,-1,2,0,2,0,2,0,0,2,0,1,1,0,2,2,0,2,2
41,-8034.319,7658.829,61.782,-64.770,0.433352,0.899753,0.051485,-0.895972,0.423964,0.132247,0.097162,-0.103439,0.989879,0,0.15591,0.03512,9.355,0.070,-1,400.000,-1,450.000,-1,350.000,350.000,-1,350.000,825.000,0.000,0.000,-1,-1,950.000,-1,-1,2,0,2,0,2,0,0,2,0,1,1,0,2,2,0,2,2
42,-8028.291,7646.022,62.735,-64.794,0.433001,0.899911,0.051673,-0.896137,0.423586,0.132342,0.097208,-0.103610,0.989856,0,0.23591,-0.01179,14.155,-0.024,-1,400.000,-1,450.000,-1,350.000,350.000,-1,350.000,825.000,0.000,0.000,-1,-1,950.000,-1,-1,2,0,2,0,2,0,0,2,0,1,1,0,2,2,0,2,2
43,-8020.226,7628.869,64.028,-64.818,0.432629,0.900079,0.051862,-0.896318,0.423193,0.132369,0.097195,-0.103752,0.989843,0,0.31591,-0.01229,18.955,-0.025,-1,400.000,-1,450.000,-1,350.000,350.000,-1,350.000,850.000,0.000,0.000,-1,-1,925.000,-1,-1,2,0,2,0,2,0,0,2,0,1,1,0,2,2,0,2,2
44,-8010.128,7607.368,65.672,-64.844,0.432219,0.900267,0.052012,-0.896529,0.422784,0.132250,0.097071,-0.103791,0.989851,0,0.39591,-0.01298,23.755,-0.026,-1,600.000,-1,450.000,-1,350.000,350.000,-1,350.000,850.000,0.000,0.000,-1,-1,925.000,-1,-1,2,1,2,0,2,0,0,2,0,1,1,1,2,2,0,2,2
45,-7998.003,7581.515,67.682,-64.872,0.431755,0.900487,0.052066,-0.896785,0.422354,0.131885,0.096771,-0.103634,0.989897,0,0.47591,-0.01389,28.555,-0.028,-1,600.000,-1,450.000,-1,350.000,350.000,-1,350.000,875.000,0.000,0.000,-1,-1,925.000,-1,-1,2,1,2,0,2,0,0,2,0,1,1,1,2,2,0,2,2
46,-7983.856,7551.310,70.078,-64.902,0.431213,0.900753,0.051960,-0.897105,0.421901,0.131155,0.096216,-0.103169,0.989999,0,0.55591,-0.01507,33.355,-0.030,-1,600.000,-1,450.000,-1,350.000,350.000,-1,350.000,925.000,25.000,0.000,-1,-1,925.000,-1,-1,2,1,2,0,2,0,0,2,0,1,1,1,2,2,0,2,2
47,-7967.693,7516.748,72.879,-64.935,0.430569,0.901081,0.051619,-0.897511,0.421420,0.129919,0.095314,-0.102268,0.990180,0,0.63591,-0.01653,38.155,-0.033,-1,600.000,-1,450.000,-1,350.000,350.000,-1,350.000,950.000,50.000,0.000,-1,-1,925.000,-1,-1,2,1,2,0,2,0,0,2,0,1,1,1,2,2,0,2,2
48,-7949.521,7477.827,76.110,-64.972,0.429795,0.901487,0.050954,-0.898024,0.420908,0.128020,0.093961,-0.100780,0.990462,0,0.71591,-0.01833,42.955,-0.037,-1,625.000,-1,450.000,-1,350.000,350.000,-1,325.000,1000.000,100.000,0.000,-1,-1,900.000,-1,-1,2,1,2,0,2,0,0,2,0,1,1,1,2,2,0,2,2
49,-7931.437,7439.019,79.412,-65.013,0.428898,0.901968,0.050001,-0.898629,0.420348,0.125593,0.092263,-0.098799,0.990821,0,0.71359,-0.02048,42.815,-0.041,-1,600.000,-1,425.000,-1,350.000,350.000,-1,325.000,-1,125.000,0.000,-1,-1,875.000,-1,-1,2,1,2,0,2,0,0,2,0,2,1,1,2,2,0,2,2
50,-7913.429,7400.320,80.522,-65.058,0.428190,0.901682,0.060194,-0.899891,0.419343,0.119786,0.082767,-0.105459,0.990973,0,0.71143,-0.02276,42.686,-0.046,-1,550.000,-1,400.000,-1,325.000,325.000,-1,325.000,-1,225.000,50.000,-1,-1,825.000,-1,-1,2,1,2,0,2,0,0,2,0,2,1,1,2,2,0,2,2
51,-7895.493,7361.699,80.882,-65.109,0.427219,0.901093,0.074270,-0.901416,0.418107,0.112412,0.070241,-0.114973,0.990882,0,0.70975,-0.02515,42.585,-0.050,-1,500.000,-1,375.000,-1,300.000,300.000,-1,350.000,-1,350.000,175.000,-1,950.000,750.000,-1,-1,2,1,2,0,2,0,0,2,0,2,1,1,2,1,0,2,2
52,-7877.626,7323.129,81.985,-65.164,0.425851,0.900637,0.086629,-0.902911,0.416839,0.104867,0.058337,-0.122876,0.990706,0,0.70848,-0.02765,42.509,-0.055,-1,450.000,-1,350.000,-1,275.000,275.000,-1,350.000,-1,500.000,-1,-1,850.000,675.000,-1,-1,2,1,2,0,2,0,0,2,0,2,1,2,2,1,0,2,2
53,-7859.824,7284.586,83.669,-65.224,0.424178,0.900417,0.096554,-0.904331,0.415584,0.097339,0.047519,-0.128606,0.990557,0,0.70761,-0.03024,42.457,-0.060,-1,425.000,-1,325.000,-1,250.000,275.000,-1,350.000,-1,-1,-1,-1,775.000,625.000,-1,-1,2,1,2,0,2,0,0,2,0,2,2,2,2,1,0,2,2
54,-7842.081,7246.050,86.111,-65.290,0.422390,0.900388,0.104347,-0.905597,0.414316,0.090758,0.038485,-0.132831,0.990391,0,0.70710,-0.03292,42.426,-0.066,-1,400.000,-1,325.000,-1,250.000,250.000,-1,350.000,-1,-1,-1,-1,725.000,575.000,1000.000,-1,2,1,2,0,2,1,0,2,0,2,2,2,2,1,0,1,2
55,-7824.394,7207.500,89.064,-65.362,0.420478,0.900678,0.109439,-0.906784,0.413091,0.084249,0.030673,-0.134662,0.990417,0,0.70691,-0.03568,42.414,-0.071,-1,375.000,-1,300.000,-1,250.000,250.000,-1,350.000,-1,-1,-1,-1,675.000,550.000,950.000,-1,2,1,2,0,2,1,0,2,0,2,2,2,2,1,0,1,2
56,-7804.816,7164.536,93.042,-65.504,0.417401,0.901811,0.111866,-0.908419,0.410908,0.077002,0.023475,-0.133762,0.990735,0,0.78691,-0.07102,47.214,-0.142,975.000,350.000,-1,300.000,-1,250.000,250.000,-1,350.000,-1,-1,-1,-1,625.000,525.000,900.000,-1,1,1,2,0,2,1,0,2,0,2,2,2,2,1,0,1,2
57,-7784.261,7119.148,97.148,-65.635,0.414888,0.902849,0.112832,-0.909656,0.408884,0.073068,0.019835,-0.132953,0.990924,0,0.83043,-0.06568,49.826,-0.131,900.000,350.000,-1,300.000,-1,250.000,225.000,-1,350.000,-1,-1,-1,-1,575.000,500.000,825.000,1000.000,1,1,2,0,2,1,0,2,0,2,2,2,2,1,0,1,0
58,-7763.837,7073.798,100.928,-65.755,0.413122,0.903679,0.112667,-0.910434,0.406991,0.073946,0.020969,-0.133124,0.990877,0,0.82894,-0.05973,49.737,-0.119,850.000,350.000,-1,300.000,-1,250.000,225.000,-1,350.000,-1,-1,-1,-1,550.000,525.000,775.000,-1,1,1,2,0,2,1,0,2,0,2,2,2,2,1,0,1,2
59,-7743.542,7028.523,104.029,-65.861,0.411369,0.904094,0.115714,-0.911249,0.405150,0.074022,0.020041,-0.135895,0.990521,0,0.82693,-0.05346,49.616,-0.107,800.000,350.000,-1,300.000,-1,250.000,225.000,-1,350.000,-1,-1,-1,-1,525.000,525.000,725.000,-1,1,1,2,0,2,1,0,2,0,2,2,2,2,1,0,1,2
60,-7723.387,6983.355,107.322,-65.955,0.409893,0.904529,0.117537,-0.911917,0.403569,0.074425,0.019885,-0.137690,0.990276,0,0.82435,-0.04687,49.461,-0.094,750.000,325.000,-1,300.000,-1,250.000,225.000,-1,350.000,-1,-1,-1,-1,500.000,525.000,650.000,-1,1,1,2,0,2,1,0,2,0,2,2,2,2,1,0,1,2
61,-7703.373,6938.332,110.822,-66.035,0.408714,0.904997,0.118039,-0.912431,0.402265,0.075187,0.020561,-0.138432,0.990158,0,0.82118,-0.03998,49.271,-0.080,700.000,325.000,-1,300.000,-1,250.000,225.000,-1,350.000,-1,-1,-1,-1,475.000,525.000,600.000,-1,1,1,2,0,2,1,0,2,0,2,2,2,2,1,0,1,2
62,-1639.703,1639.725,224.420,-116.701,-0.412111,0.875737,0.251495,-0.895278,-0.440478,0.066753,0.169236,-0.197648,0.965554,1,0.00000,0.00000,49.044,-0.066,-1,525.000,-1,325.000,250.000,350.000,300.000,225.000,275.000,325.000,100.000,300.000,-1,-1,550.000,-1,400.000,2,1,2,1,1,1,1,0,1,0,0,0,2,2,1,2,1
63,4914.872,3606.315,234.709,-164.183,-0.961403,0.272537,-0.037784,-0.271650,-0.962018,-0.026985,-0.043703,-0.015680,0.998921,1,0.08000,0.00460,4.800,0.009,-1,425.000,-1,450.000,-1,350.000,350.000,275.000,275.000,-1,-1,-1,-1,1000.000,-1,-1,-1,2,0,2,0,2,0,0,0,0,2,2,2,2,0,2,2,2
64,4905.636,3603.697,234.300,-164.174,-0.961318,0.272691,-0.038821,-0.271775,-0.961974,-0.027288,-0.044786,-0.015682,0.998874,0,0.16000,0.00460,9.600,0.009,-1,425.000,-1,450.000,-1,350.000,350.000,275.000,275.000,-1,-1,-1,-1,975.000,-1,-1,-1,2,0,2,0,2,0,0,0,0,2,2,2,2,0,2,2,2
65,4891.782,3599.767,233.686,-164.164,-0.961210,0.272846,-0.040376,-0.271885,-0.961930,-0.027740,-0.046408,-0.015686,0.998799,0,0.24000,0.00460,14.400,0.009,-1,425.000,-1,450.000,-1,350.000,350.000,275.000,275.000,-1,-1,-1,-1,975.000,-1,-1,-1,2,0,2,0,2,0,0,0,0,2,2,2,2,0,2,2,2
66,4873.311,3594.525,232.865,-164.155,-0.961077,0.273000,-0.042449,-0.271978,-0.961886,-0.028339,-0.048567,-0.015691,0.998697,0,0.32000,0.00460,19.200,0.009,-1,425.000,-1,450.000,-1,350.000,350.000,275.000,300.000,-1,-1,-1,-1,975.000,-1,-1,-1,2,0,2,0,2,0,0,0,0,2,2,2,2,0,2,2,2
67,4850.224,3587.968,231.838,-164.146,-0.960915,0.273155,-0.045037,-0.272055,-0.961842,-0.029081,-0.051262,-0.015692,0.998562,0,0.40000,0.00460,24.000,0.009,-1,425.000,-1,450.000,-1,350.000,350.000,275.000,300.000,-1,-1,-1,-1,950.000,-1,-1,-1,2,0,2,0,2,0,0,0,0,2,2,2,2,0,2,2,2
68,4822.520,3580.096,230.604,-164.137,-0.960721,0.273309,-0.048140,-0.272114,-0.961798,-0.029962,-0.054490,-0.015685,0.998391,0,0.48000,0.00460,28.800,0.009,-1,425.000,-1,450.000,-1,325.000,350.000,275.000,300.000,-1,-1,-1,-1,925.000,-1,-1,-1,2,0,2,0,2,0,0,0,0,2,2,2,2,0,2,2,2
69,4790.201,3570.906,229.161,-164.128,-0.960489,0.273464,-0.051757,-0.272155,-0.961755,-0.030976,-0.058249,-0.015666,0.998179,0,0.56000,0.00460,33.600,0.009,-1,425.000,-1,450.000,-1,325.000,350.000,275.000,300.000,-1,-1,-1,-1,925.000,-1,-1,-1,2,0,2,0,2,0,0,0,0,2,2,2,2,0,2,2,2
70,4753.266,3560.397,227.508,-164.118,-0.960213,0.273619,-0.055886,-0.272176,-0.961711,-0.032117,-0.062534,-0.015629,0.997920,0,0.64000,0.00460,38.400,0.009,-1,425.000,-1,450.000,-1,325.000,350.000,275.000,300.000,-1,-1,-1,-1,900.000,-1,-1,-1,2,0,2,0,2,0,0,0,0,2,2,2,2,0,2,2,2
71,4712.500,3548.791,225.678,-164.109,-0.959894,0.273773,-0.060437,-0.272179,-0.961668,-0.033355,-0.067252,-0.015567,0.997615,0,0.70643,0.00460,42.386,0.009,-1,400.000,-1,450.000,-1,325.000,350.000,275.000,300.000,-1,-1,-1,-1,875.000,-1,-1,-1,2,0,2,0,2,0,0,0,0,2,2,2,2,0,2,2,2
72,4671.735,3537.179,223.702,-164.100,-0.959569,0.273930,-0.064724,-0.272229,-0.961633,-0.033952,-0.071542,-0.014960,0.997325,0,0.70643,0.00460,42.386,0.009,-1,400.000,-1,450.000,-1,325.000,350.000,275.000,300.000,-1,-1,-1,-1,875.000,-1,-1,-1,2,0,2,0,2,0,0,0,0,2,2,2,2,0,2,2,2
73,4626.302,3524.436,220.605,-164.331,-0.960378,0.270068,-0.068823,-0.268527,-0.962776,-0.030903,-0.074607,-0.011197,0.997150,0,0.78643,-0.11540,47.186,-0.231,-1,425.000,-1,450.000,-1,350.000,350.000,300.000,300.000,-1,-1,-1,-1,875.000,1000.000,-1,-1,2,0,2,0,2,0,0,0,0,2,2,2,2,0,0,2,2
74,4580.630,3512.030,217.247,-164.801,-0.962183,0.262158,-0.074005,-0.260849,-0.965002,-0.027008,-0.078495,-0.006683,0.996892,0,0.78876,-0.23540,47.326,-0.471,-1,425.000,-1,425.000,-1,350.000,350.000,300.000,300.000,-1,-1,-1,-1,875.000,950.000,-1,-1,2,0,2,0,2,0,0,0,0,2,2,2,2,0,0,2,2
75,4534.808,3500.191,213.790,-165.512,-0.965005,0.250171,-0.078610,-0.249094,-0.968197,-0.023379,-0.081959,-0.002979,0.996631,0,0.78876,-0.35540,47.326,-0.711,-1,425.000,-1,425.000,-1,350.000,350.000,300.000,300.000,-1,-1,-1,-1,850.000,925.000,-1,-1,2,0,2,0,2,0,0,0,0,2,2,2,2,0,0,2,2
76,4488.797,3489.114,209.414,-166.463,-0.968869,0.234071,-0.080650,-0.232969,-0.972214,-0.022942,-0.083779,-0.003439,0.996478,0,0.78876,-0.47540,47.326,-0.951,-1,425.000,-1,425.000,-1,350.000,350.000,300.000,275.000,-1,-1,-1,-1,850.000,900.000,-1,-1,2,0,2,0,2,0,0,0,0,2,2,2,2,0,0,2,2
77,4442.565,3478.994,204.849,-167.654,-0.973334,0.213814,-0.083090,-0.212591,-0.976861,-0.023404,-0.086171,-0.005116,0.996267,0,0.78876,-0.59540,47.326,-1.191,-1,425.000,-1,425.000,-1,325.000,350.000,300.000,275.000,-1,-1,-1,-1,825.000,900.000,-1,-1,2,0,2,0,2,0,0,0,0,2,2,2,2,0,0,2,2
78,4396.123,3469.888,200.295,-168.907,-0.977583,0.192393,-0.085537,-0.191042,-0.981294,-0.023787,-0.088514,-0.006913,0.996051,0,0.78876,-0.62668,47.326,-1.253,-1,400.000,-1,425.000,-1,325.000,350.000,300.000,275.000,-1,-1,-1,-1,825.000,875.000,-1,-1,2,0,2,0,2,0,0,0,0,2,2,2,2,0,0,2,2
79,4349.337,3461.773,195.739,-170.160,-0.981353,0.170885,-0.088006,-0.169404,-0.985252,-0.024081,-0.090823,-0.008723,0.995829,0,0.79141,-0.62655,47.484,-1.253,-1,400.000,-1,425.000,-1,325.000,325.000,300.000,275.000,-1,-1,-1,-1,800.000,875.000,-1,-1,2,0,2,0,2,0,0,0,0,2,2,2,2,0,0,2,2
80,4302.182,3454.652,191.180,-171.413,-0.984641,0.149305,-0.090496,-0.147694,-0.988735,-0.024285,-0.093103,-0.010546,0.995601,0,0.79481,-0.62625,47.689,-1.252,-1,400.000,-1,425.000,-1,325.000,325.000,300.000,275.000,-1,-1,-1,-1,800.000,850.000,-1,-1,2,0,2,0,2,0,0,0,0,2,2,2,2,0,0,2,2
81,4254.681,3448.536,186.619,-172.664,-0.987446,0.127672,-0.093005,-0.125928,-0.991739,-0.024400,-0.095352,-0.012382,0.995367,0,0.79822,-0.62577,47.893,-1.252,-1,400.000,-1,425.000,-1,325.000,325.000,300.000,275.000,-1,-1,-1,-1,775.000,850.000,-1,-1,2,0,2,0,2,0,0,0,0,2,2,2,2,0,0,2,2
82,4206.855,3443.437,182.058,-173.915,-0.989767,0.106000,-0.095532,-0.104124,-0.994264,-0.024426,-0.097573,-0.014229,0.995127,0,0.80160,-0.62512,48.096,-1.250,-1,400.000,-1,400.000,-1,325.000,325.000,300.000,275.000,-1,-1,-1,-1,775.000,825.000,-1,-1,2,0,2,0,2,0,0,0,0,2,2,2,2,0,0,2,2
83,4158.729,3439.364,177.499,-175.163,-0.991602,0.084307,-0.098072,-0.082298,-0.996310,-0.024363,-0.099764,-0.016087,0.994881,0,0.80496,-0.62428,48.297,-1.249,-1,400.000,-1,400.000,-1,325.000,325.000,300.000,300.000,-1,-1,-1,-1,750.000,800.000,-1,-1,2,0,2,0,2,0,0,0,0,2,2,2,2,0,0,2,2
84,4110.327,3436.326,172.946,-176.410,-0.992952,0.062612,-0.100626,-0.060469,-0.997876,-0.024212,-0.101928,-0.017956,0.994630,0,0.80828,-0.62326,48.497,-1.247,-1,400.000,-1,400.000,-1,325.000,325.000,300.000,300.000,-1,-1,-1,-1,750.000,800.000,-1,-1,2,0,2,0,2,0,0,0,0,2,2,2,2,0,0,2,2
85,4061.674,3434.332,168.399,-177.654,-0.993819,0.040930,-0.103190,-0.038653,-0.998965,-0.023972,-0.104065,-0.019836,0.994373,0,0.81155,-0.62204,48.693,-1.244,-1,400.000,-1,400.000,-1,325.000,325.000,300.000,300.000,-1,-1,-1,-1,725.000,775.000,975.000,-1,2,0,2,0,2,0,0,0,0,2,2,2,2,0,0,1,2
86,4012.797,3433.389,163.862,-178.895,-0.994204,0.019280,-0.105763,-0.016869,-0.999578,-0.023646,-0.106174,-0.021724,0.994110,0,0.81476,-0.62062,48.885,-1.241,1000.000,375.000,-1,400.000,-1,325.000,325.000,300.000,300.000,-1,-1,-1,-1,725.000,775.000,900.000,-1,1,0,2,0,2,0,0,0,0,2,2,2,2,0,0,1,2
87,3963.723,3433.502,159.336,-180.133,-0.994111,-0.002320,-0.108343,0.004865,-0.999718,-0.023232,-0.108259,-0.023622,0.993842,0,0.81789,-0.61898,49.073,-1.238,925.000,375.000,-1,400.000,-1,325.000,325.000,300.000,300.000,-1,-1,-1,-1,725.000,750.000,850.000,-1,1,0,2,0,2,0,0,0,0,2,2,2,2,0,0,1,2
88,3914.481,3434.676,154.376,-181.367,-0.993743,-0.023852,-0.109115,0.026500,-0.999387,-0.022882,-0.108502,-0.025630,0.993766,0,0.82092,-0.61712,49.255,-1.234,850.000,375.000,-1,400.000,-1,325.000,325.000,300.000,300.000,-1,-1,-1,-1,700.000,750.000,800.000,-1,1,0,2,0,2,0,0,0,0,2,2,2,2,1,0,1,2
89,3865.101,3436.915,149.161,-182.597,-0.993067,-0.045298,-0.108470,0.047981,-0.998600,-0.022254,-0.107310,-0.027304,0.993851,0,0.82385,-0.61502,49.431,-1.230,800.000,375.000,-1,400.000,-1,325.000,325.000,300.000,300.000,-1,-1,-1,-1,650.000,750.000,725.000,-1,1,0,2,0,2,0,0,0,0,2,2,2,2,1,0,1,2
90,3815.613,3440.221,143.956,-183.823,-0.991933,-0.066639,-0.107835,0.069363,-0.997355,-0.021702,-0.106104,-0.029007,0.993932,0,0.82664,-0.61269,49.598,-1.225,725.000,375.000,-1,400.000,-1,325.000,325.000,300.000,300.000,-1,-1,-1,-1,625.000,750.000,675.000,-1,1,0,2,0,2,0,0,0,0,2,2,2,2,1,0,1,2
91,3766.049,3444.594,138.764,-185.043,-0.990346,-0.087858,-0.107218,0.090628,-0.995659,-0.021228,-0.104888,-0.030740,0.994009,0,0.82928,-0.61010,49.757,-1.220,650.000,375.000,-1,400.000,-1,325.000,325.000,300.000,300.000,-1,-1,-1,-1,575.000,725.000,625.000,-1,1,0,2,0,2,0,0,0,0,2,2,2,2,1,0,1,2
92,3716.442,3450.033,133.585,-186.257,-0.988314,-0.108936,-0.106627,0.111757,-0.993517,-0.020835,-0.103666,-0.032508,0.994081,0,0.83174,-0.60725,49.904,-1.214,600.000,400.000,-1,400.000,-1,325.000,325.000,300.000,300.000,-1,-1,-1,-1,550.000,725.000,575.000,-1,1,0,2,0,2,0,0,0,0,2,2,2,2,1,0,1,2
93,3662.172,3456.918,127.934,-187.232,-0.986370,-0.125811,-0.106048,0.128664,-0.991477,-0.020473,-0.102569,-0.033838,0.994150,0,0.91174,-0.48725,54.704,-0.974,525.000,400.000,-1,400.000,-1,325.000,325.000,300.000,300.000,-1,-1,-1,-1,500.000,725.000,525.000,-1,1,0,2,0,2,0,0,0,0,2,2,2,2,1,0,1,2
94,3604.458,3464.994,121.935,-187.966,-0.984727,-0.138506,-0.105497,0.141371,-0.989752,-0.020141,-0.101626,-0.034748,0.994216,0,0.97127,-0.36725,58.276,-0.734,475.000,375.000,-1,400.000,-1,325.000,325.000,300.000,300.000,-1,-1,-1,-1,475.000,725.000,450.000,-1,1,1,2,0,2,0,0,0,0,2,2,2,2,1,0,1,2
95,3546.675,3473.590,115.933,-188.461,-0.983542,-0.147040,-0.104999,0.149901,-0.988502,-0.019848,-0.100873,-0.035261,0.994274,0,0.97366,-0.24725,58.419,-0.494,400.000,350.000,-1,400.000,-1,325.000,325.000,300.000,300.000,-1,-1,-1,-1,450.000,700.000,400.000,-1,1,1,2,0,2,1,0,0,0,2,2,2,2,1,0,1,2
96,3488.797,3482.462,109.919,-188.715,-0.982924,-0.151429,-0.104547,0.154268,-0.987835,-0.019573,-0.100312,-0.035367,0.994327,0,0.97590,-0.12725,58.554,-0.254,350.000,325.000,-1,400.000,-1,300.000,325.000,300.000,300.000,-1,-1,-1,-1,425.000,700.000,350.000,-1,1,1,2,0,2,1,0,0,0,2,2,2,2,1,0,1,2
97,3430.831,3491.596,103.892,-188.955,-0.982324,-0.155555,-0.104123,0.158374,-0.987190,-0.019332,-0.099782,-0.035481,0.994377,0,0.97802,-0.11970,58.681,-0.239,300.000,300.000,-1,375.000,-1,300.000,325.000,300.000,300.000,-1,-1,-1,-1,375.000,700.000,300.000,-1,1,1,2,0,2,1,0,0,0,2,2,2,2,1,0,1,2
98,3372.792,3500.981,97.852,-189.186,-0.981727,-0.159538,-0.103726,0.162342,-0.986549,-0.019127,-0.099279,-0.035616,0.994422,0,0.97988,-0.11564,58.793,-0.231,250.000,275.000,-1,375.000,-1,275.000,325.000,300.000,300.000,-1,-1,-1,-1,350.000,675.000,250.000,-1,1,1,2,0,2,1,0,0,0,2,2,2,2,1,0,1,2
99,3314.699,3510.608,92.031,-189.408,-0.981192,-0.163373,-0.102816,0.166061,-0.985950,-0.018093,-0.098415,-0.034827,0.994536,0,0.98142,-0.11127,58.885,-0.223,175.000,250.000,-1,375.000,-1,275.000,300.000,300.000,300.000,-1,-1,-1,-1,350.000,675.000,200.000,-1,1,1,2,0,2,1,0,0,0,2,2,2,2,1,0,1,2
100,3256.578,3520.475,91.871,-189.622,-0.982636,-0.167130,-0.080592,0.167453,-0.985876,0.002782,-0.079918,-0.010761,0.996743,0,0.98261,-0.10655,58.957,-0.213,175.000,275.000,-1,400.000,-1,300.000,350.000,350.000,275.000,-1,550.000,400.000,-1,375.000,750.000,175.000,-1,1,1,2,0,2,1,0,0,0,2,0,0,2,1,0,1,2
101,3198.443,3530.546,91.627,-189.824,-0.983562,-0.170621,-0.059111,0.169668,-0.985281,0.020823,-0.061794,0.010451,0.998034,0,0.98340,-0.10146,59.004,-0.203,150.000,300.000,-1,450.000,-1,325.000,375.000,400.000,275.000,-1,350.000,200.000,850.000,400.000,825.000,175.000,-1,1,1,2,0,2,1,0,0,0,2,0,0,0,1,0,1,2
102,3140.321,3540.808,91.199,-190.016,-0.984018,-0.173857,-0.038509,0.172492,-0.984340,0.036346,-0.044225,0.029123,0.998597,0,0.98373,-0.09598,59.024,-0.192,150.000,325.000,-1,475.000,-1,400.000,400.000,475.000,250.000,-1,275.000,150.000,625.000,425.000,875.000,175.000,-1,1,1,2,0,2,1,0,0,0,2,0,0,0,1,0,1,2
103,3082.241,3551.247,90.340,-190.197,-0.984049,-0.176838,-0.019408,0.175685,-0.983159,0.050334,-0.027982,0.046122,0.998544,0,0.98353,-0.09009,59.012,-0.180,125.000,350.000,-1,500.000,-1,450.000,450.000,450.000,250.000,-1,250.000,100.000,475.000,475.000,950.000,150.000,-1,1,1,2,0,2,1,0,1,0,2,0,0,0,1,0,1,2
104,3024.237,3561.844,89.049,-190.364,-0.983745,-0.179564,-0.001884,0.179093,-0.981827,0.062776,-0.013122,0.061418,0.998026,0,0.98275,-0.08376,58.965,-0.168,125.000,375.000,-1,550.000,-1,500.000,475.000,375.000,250.000,-1,225.000,75.000,400.000,550.000,-1,150.000,-1,1,1,2,0,2,0,0,1,0,2,0,0,0,1,2,1,2
105,2966.345,3572.578,87.323,-190.518,-0.983193,-0.182032,0.014003,0.182570,-0.980429,0.073668,0.000319,0.074987,0.997184,0,0.98131,-0.07698,58.879,-0.154,125.000,400.000,-1,575.000,-1,525.000,500.000,300.000,250.000,-1,200.000,50.000,325.000,625.000,-1,150.000,-1,1,1,2,0,2,0,0,1,0,2,0,0,0,1,2,1,2
106,2908.606,3583.429,85.167,-190.658,-0.982476,-0.184241,0.028210,0.185981,-0.979040,0.083017,0.012324,0.086809,0.996149,0,0.97917,-0.06976,58.750,-0.140,100.000,450.000,-1,575.000,-1,550.000,525.000,250.000,250.000,-1,175.000,50.000,300.000,725.000,-1,150.000,-1,1,1,2,0,2,0,0,1,0,2,0,0,0,1,2,1,2
107,2851.062,3594.372,82.586,-190.782,-0.981670,-0.186189,0.040711,0.189208,-0.977726,0.090841,0.022891,0.096878,0.995033,0,0.97625,-0.06209,58.575,-0.124,100.000,500.000,-1,600.000,-1,575.000,525.000,200.000,250.000,-1,175.000,50.000,275.000,800.000,-1,125.000,-1,1,1,2,0,2,0,0,1,0,2,0,0,0,1,2,1,2
108,-2295.674,327.751,390.666,-146.980,-0.801369,0.530382,0.276592,-0.570964,-0.816100,-0.089329,0.178348,-0.229509,0.956827,1,0.00000,0.00000,58.351,-0.108,-1,275.000,-1,250.000,325.000,225.000,225.000,250.000,275.000,375.000,600.000,975.000,-1,400.000,375.000,425.000,325.000,2,1,2,1,1,1,1,0,1,0,0,0,2,1,1,1,1
109,-8093.337,8216.134,1.214,-3.516,0.993188,0.061123,0.099206,-0.068588,0.994921,0.073671,-0.094199,-0.079973,0.992336,1,0.08000,-0.12000,4.800,-0.240,-1,-1,-1,-1,-1,-1,-1,225.000,225.000,-1,-1,-1,-1,-1,-1,-1,-1,2,2,2,2,2,2,2,1,1,2,2,2,2,2,2,2,2
110,-7543.214,2951.747,474.763,-5.335,0.994695,0.092645,0.044698,-0.096032,0.992095,0.080774,-0.036861,-0.084638,0.995730,1,0.00000,0.00000,9.600,-0.480,-1,400.000,-1,400.000,950.000,325.000,325.000,300.000,300.000,-1,-1,-1,-1,850.000,800.000,-1,-1,2,0,2,0,1,0,0,0,0,2,2,2,2,0,0,2,2
111,-7538.433,2951.321,474.580,-5.095,0.995071,0.088489,0.044768,-0.091896,0.992480,0.080858,-0.037277,-0.084574,0.995720,0,0.08000,0.12000,4.800,0.240,-1,400.000,-1,400.000,975.000,325.000,325.000,300.000,300.000,-1,-1,-1,-1,850.000,800.000,-1,-1,2,0,2,0,1,0,0,0,0,2,2,2,2,0,0,2,2
112,-7528.864,2950.549,474.207,-4.615,0.995769,0.080172,0.044912,-0.083620,0.993198,0.081030,-0.038110,-0.084443,0.995699,0,0.16000,0.24000,9.600,0.480,-1,400.000,-1,400.000,975.000,325.000,325.000,300.000,300.000,-1,-1,-1,-1,850.000,800.000,-1,-1,2,0,2,0,1,0,0,0,0,2,2,2,2,0,0,2,2
113,-7514.499,2949.564,473.635,-3.920,0.996656,0.068118,0.045131,-0.071626,0.994113,0.081295,-0.039328,-0.084256,0.995668,0,0.24000,0.34754,14.400,0.695,-1,400.000,-1,400.000,975.000,325.000,325.000,300.000,300.000,-1,-1,-1,-1,875.000,800.000,-1,-1,2,0,2,0,1,0,0,0,0,2,2,2,2,0,0,2,2
114,-7495.330,2948.483,472.859,-3.228,0.997391,0.056112,0.045426,-0.059689,0.994872,0.081655,-0.040612,-0.084153,0.995625,0,0.32000,0.34588,19.200,0.692,-1,400.000,-1,400.000,1000.000,325.000,325.000,300.000,300.000,-1,-1,-1,-1,875.000,800.000,-1,-1,2,0,2,0,1,0,0,0,0,2,2,2,2,0,0,2,2
115,-7471.354,2947.420,471.868,-2.540,0.997974,0.044167,0.045801,-0.047825,0.995475,0.082113,-0.041967,-0.084137,0.995570,0,0.40000,0.34387,24.000,0.688,-1,400.000,-1,400.000,-1,325.000,325.000,300.000,300.000,-1,-1,-1,-1,875.000,800.000,-1,-1,2,0,2,0,2,0,0,0,0,2,2,2,2,0,0,2,2
116,-7442.569,2946.487,470.655,-1.857,0.998407,0.032297,0.046257,-0.036047,0.995924,0.082675,-0.043398,-0.084211,0.995502,0,0.48000,0.34151,28.800,0.683,-1,400.000,-1,400.000,-1,325.000,325.000,300.000,300.000,-1,-1,-1,-1,875.000,800.000,-1,-1,2,0,2,0,2,0,0,0,0,2,2,2,2,0,0,2,2
117,-7408.977,2945.796,469.209,-1.180,0.998694,0.020516,0.046796,-0.024371,0.996223,0.083346,-0.044910,-0.084378,0.995421,0,0.56000,0.33880,33.600,0.678,-1,400.000,-1,400.000,-1,325.000,325.000,300.000,300.000,-1,-1,-1,-1,875.000,800.000,-1,-1,2,0,2,0,2,0,0,0,0,2,2,2,2,0,0,2,2
118,-7370.579,2945.456,467.522,-0.508,0.998836,0.008839,0.047421,-0.012812,0.996372,0.084131,-0.046505,-0.084641,0.995326,0,0.64000,0.33575,38.400,0.671,-1,400.000,-1,400.000,-1,325.000,325.000,300.000,300.000,-1,-1,-1,-1,875.000,800.000,-1,-1,2,0,2,0,2,0,0,0,0,2,2,2,2,0,0,2,2
119,-7327.379,2945.574,465.585,0.156,0.998837,-0.002720,0.048131,-0.001384,0.996377,0.085035,-0.048188,-0.085003,0.995215,0,0.72000,0.33236,43.200,0.665,-1,400.000,-1,400.000,-1,325.000,325.000,300.000,300.000,-1,-1,-1,-1,875.000,800.000,-1,-1,2,0,2,0,2,0,0,0,0,2,2,2,2,0,0,2,2
120,-7279.385,2946.260,463.386,0.817,0.998701,-0.014205,0.048929,0.009954,0.996240,0.086064,-0.049967,-0.085465,0.995087,0,0.80000,0.33024,48.000,0.660,-1,425.000,-1,400.000,-1,325.000,325.000,300.000,300.000,-1,-1,-1,-1,875.000,800.000,-1,-1,2,0,2,0,2,0,0,0,0,2,2,2,2,0,1,2,2
121,-7227.577,2947.595,460.955,1.475,0.998431,-0.025644,0.049780,0.021234,0.995966,0.087181,-0.051815,-0.085987,0.994948,0,0.86376,0.32901,51.826,0.658,-1,425.000,-1,400.000,975.000,325.000,325.000,300.000,300.000,-1,-1,-1,-1,875.000,775.000,-1,1000.000,2,0,2,0,1,0,0,0,0,2,2,2,2,0,1,2,1
122,-7175.945,2949.516,457.876,2.131,0.998012,-0.037042,0.050989,0.032479,0.995628,0.087574,-0.054010,-0.085744,0.994852,0,0.86113,0.32788,51.668,0.656,-1,425.000,-1,400.000,950.000,325.000,325.000,300.000,300.000,-1,-1,-1,-1,875.000,750.000,-1,950.000,2,0,2,0,1,0,0,0,0,2,2,2,2,0,1,2,1
123,-7124.506,2952.018,454.594,2.785,0.997445,-0.048403,0.052534,0.043641,0.995139,0.088280,-0.056551,-0.085762,0.994709,0,0.85832,0.32697,51.499,0.654,-1,425.000,-1,400.000,900.000,325.000,325.000,300.000,300.000,-1,-1,-1,-1,875.000,725.000,-1,900.000,2,0,2,0,1,0,0,0,0,2,2,2,2,0,1,2,1
124,-7073.277,2955.096,451.272,3.437,0.996749,-0.059734,0.054074,0.054770,0.994522,0.089027,-0.059096,-0.085776,0.994560,0,0.85536,0.32629,51.322,0.653,-1,400.000,-1,400.000,825.000,325.000,325.000,300.000,300.000,-1,-1,-1,-1,875.000,700.000,-1,850.000,2,0,2,0,1,0,0,0,0,2,2,2,2,0,1,2,1
125,-7022.270,2958.743,447.911,4.089,0.995922,-0.071041,0.055608,0.065873,0.993778,0.089813,-0.061642,-0.085783,0.994405,0,0.85229,0.32584,51.138,0.652,-1,400.000,-1,400.000,775.000,325.000,325.000,300.000,300.000,-1,-1,-1,-1,875.000,675.000,-1,825.000,2,0,2,0,1,0,0,0,0,2,2,2,2,0,1,2,1
126,-6971.495,2962.954,444.510,4.740,0.994966,-0.082331,0.057133,0.076956,0.992906,0.090636,-0.064190,-0.085783,0.994244,0,0.84916,0.32561,50.950,0.651,-1,400.000,-1,400.000,725.000,325.000,325.000,300.000,300.000,-1,-1,-1,-1,850.000,650.000,-1,775.000,2,0,2,0,1,0,0,0,0,2,2,2,2,0,1,2,1
127,-6920.959,2967.724,441.068,5.391,0.993880,-0.093611,0.058646,0.088026,0.991907,0.091496,-0.066737,-0.085774,0.994077,0,0.84602,0.32561,50.761,0.651,-1,400.000,-1,400.000,675.000,325.000,325.000,300.000,300.000,-1,-1,-1,-1,850.000,650.000,-1,725.000,2,0,2,1,1,0,0,0,0,2,2,2,2,0,1,2,1
128,-6870.666,2973.048,437.586,6.043,0.992664,-0.104887,0.060146,0.099090,0.990780,0.092390,-0.069282,-0.085753,0.993905,0,0.84291,0.32583,50.574,0.652,-1,400.000,-1,400.000,625.000,325.000,325.000,300.000,300.000,-1,-1,-1,-1,850.000,650.000,-1,700.000,2,0,2,1,1,0,0,0,0,2,2,2,2,0,1,2,1
129,-6820.618,2978.924,434.063,6.696,0.991316,-0.116164,0.061631,0.110153,0.989524,0.093318,-0.071826,-0.085719,0.993727,0,0.83986,0.32628,50.392,0.653,-1,400.000,-1,375.000,575.000,325.000,325.000,300.000,300.000,-1,-1,-1,-1,825.000,625.000,-1,675.000,2,0,2,1,1,0,0,0,0,2,2,2,2,0,1,2,1
130,-6775.377,2984.567,430.841,7.108,0.990372,-0.123284,0.062965,0.117082,0.988647,0.094176,-0.073860,-0.085898,0.993562,0,0.75986,0.20628,45.592,0.413,-1,400.000,-1,375.000,550.000,325.000,325.000,300.000,300.000,-1,-1,-1,-1,825.000,625.000,-1,625.000,2,0,2,1,1,0,0,0,0,2,2,2,2,0,1,2,1
131,-6734.914,2989.737,427.943,7.281,0.989921,-0.126257,0.064151,0.119889,0.988237,0.094944,-0.075384,-0.086296,0.993413,0,0.67986,0.08628,40.792,0.173,-1,400.000,-1,375.000,525.000,325.000,325.000,300.000,300.000,-1,-1,-1,-1,825.000,625.000,-1,600.000,2,0,2,1,1,0,0,0,0,2,2,2,2,0,1,2,1
132,-6699.207,2994.257,425.384,7.213,0.990002,-0.125087,0.065194,0.118580,0.988331,0.095604,-0.076392,-0.086917,0.993282,0,0.59986,-0.03372,35.992,-0.067,-1,400.000,-1,375.000,500.000,325.000,325.000,300.000,300.000,-1,-1,-1,-1,825.000,625.000,-1,575.000,2,0,2,1,1,0,0,0,0,2,2,2,2,0,1,2,1
133,-6663.579,2998.574,422.843,6.906,0.990590,-0.119772,0.066233,0.113135,0.988909,0.096231,-0.077024,-0.087832,0.993153,0,0.59812,-0.15372,35.887,-0.307,-1,400.000,-1,375.000,450.000,325.000,325.000,300.000,300.000,-1,-1,-1,-1,825.000,600.000,-1,550.000,2,0,2,1,1,0,0,0,0,2,2,2,2,0,1,2,1
134,-6627.849,3002.557,420.322,6.358,0.991618,-0.110306,0.067273,0.103547,0.989901,0.096815,-0.077273,-0.089037,0.993026,0,0.59918,-0.27372,35.951,-0.547,-1,400.000,-1,375.000,425.000,325.000,325.000,300.000,300.000,-1,-1,-1,-1,825.000,600.000,-1,525.000,2,0,2,1,1,0,0,0,0,2,2,2,2,0,1,2,1
135,-6592.003,3006.114,417.823,5.665,0.992810,-0.098306,0.068300,0.091435,0.991043,0.097332,-0.077256,-0.090387,0.992906,0,0.60036,-0.34672,36.021,-0.693,-1,400.000,-1,375.000,400.000,325.000,325.000,300.000,300.000,-1,-1,-1,-1,800.000,575.000,-1,475.000,2,0,2,1,1,0,0,0,0,2,2,2,2,0,1,2,1
136,-6556.042,3009.242,415.590,4.968,0.993986,-0.086223,0.067507,0.079354,0.991963,0.098553,-0.075462,-0.092603,0.992839,0,0.60159,-0.34857,36.095,-0.697,-1,400.000,-1,375.000,375.000,325.000,325.000,300.000,325.000,-1,-1,-1,-1,825.000,575.000,-1,450.000,2,0,2,1,1,0,0,0,0,2,2,2,2,0,1,2,1
137,-6519.976,3011.938,413.521,4.267,0.995096,-0.074054,0.065574,0.067189,0.992581,0.101336,-0.072592,-0.096433,0.992689,0,0.60277,-0.35049,36.166,-0.701,-1,425.000,-1,375.000,375.000,350.000,350.000,300.000,325.000,-1,-1,-1,-1,825.000,575.000,-1,450.000,2,0,2,1,1,0,0,0,0,2,2,2,2,0,1,2,1
