timestep,x_cm,y_cm,z_cm,yaw_deg,basis_xx,basis_xy,basis_xz,basis_yx,basis_yy,basis_yz,basis_zx,basis_zy,basis_zz,teleport_flag,throttle_cmd,steering_cmd,cmd_move_cm,cmd_turn_deg,lidar_cm_0,lidar_cm_1,lidar_cm_2,lidar_cm_3,lidar_cm_4,lidar_cm_5,lidar_cm_6,lidar_cm_7,lidar_cm_8,lidar_cm_9,lidar_cm_10,lidar_cm_11,lidar_cm_12,lidar_cm_13,lidar_cm_14,lidar_cm_15,lidar_cm_16,lidar_class_0,lidar_class_1,lidar_class_2,lidar_class_3,lidar_class_4,lidar_class_5,lidar_class_6,lidar_class_7,lidar_class_8,lidar_class_9,lidar_class_10,lidar_class_11,lidar_class_12,lidar_class_13,lidar_class_14,lidar_class_15,lidar_class_16
0,4259.773,7540.270,433.262,-142.507,-0.793640,0.606925,-0.042162,-0.608368,-0.791152,0.062980,0.004868,0.075633,0.997124,1,0.08000,0.12000,4.800,0.240,-1,400.000,-1,400.000,-1,325.000,325.000,300.000,300.000,525.000,-1,-1,-1,875.000,725.000,-1,-1,2,0,2,0,2,0,0,0,0,1,2,2,2,0,0,2,2
1,4252.206,7534.363,433.316,-142.027,-0.788539,0.613537,-0.042182,-0.614961,-0.786047,0.062871,0.005417,0.075517,0.997130,0,0.16000,0.24000,9.600,0.480,-1,400.000,-1,400.000,-1,325.000,325.000,300.000,300.000,525.000,-1,-1,-1,875.000,725.000,-1,-1,2,0,2,0,2,0,0,0,0,1,2,2,2,0,0,2,2
2,4240.967,7525.361,433.408,-141.307,-0.780783,0.623374,-0.042214,-0.624771,-0.778286,0.062712,0.006239,0.075339,0.997138,0,0.24000,0.36000,14.400,0.720,-1,400.000,-1,400.000,-1,325.000,325.000,300.000,300.000,550.000,-1,-1,-1,875.000,725.000,-1,-1,2,0,2,0,2,0,0,0,0,1,2,2,2,0,0,2,2
3,4226.185,7513.109,433.551,-140.347,-0.770252,0.636338,-0.042258,-0.637697,-0.767746,0.062509,0.007333,0.075096,0.997149,0,0.32000,0.48000,19.200,0.960,-1,400.000,-1,400.000,-1,325.000,325.000,300.000,300.000,550.000,-1,-1,-1,875.000,725.000,-1,-1,2,0,2,0,2,0,0,0,0,1,2,2,2,0,0,2,2
4,4208.032,7497.411,433.760,-139.147,-0.756785,0.652292,-0.042317,-0.653606,-0.754269,0.062269,0.008699,0.074783,0.997162,0,0.40000,0.60000,24.000,1.200,-1,400.000,-1,400.000,-1,325.000,325.000,300.000,300.000,575.000,-1,-1,-1,875.000,725.000,-1,-1,2,0,2,0,2,0,0,0,0,1,2,2,2,0,0,2,2
5,4186.729,7478.031,434.063,-137.707,-0.740188,0.671062,-0.042392,-0.672321,-0.737662,0.061963,0.010310,0.074365,0.997178,0,0.48000,0.72000,28.800,1.440,-1,400.000,-1,400.000,-1,325.000,325.000,300.000,300.000,600.000,-1,-1,-1,900.000,725.000,-1,-1,2,0,2,0,2,0,0,0,0,1,2,2,2,0,0,2,2
6,4162.495,7454.759,434.518,-136.159,-0.721828,0.690769,-0.042462,-0.691971,-0.719309,0.061415,0.011880,0.073714,0.997209,0,0.56000,0.77362,33.600,1.547,-1,400.000,-1,400.000,-1,325.000,325.000,300.000,300.000,625.000,-1,-1,-1,900.000,725.000,-1,-1,2,0,2,0,2,0,0,0,0,1,2,2,2,0,0,2,2
7,4135.523,7427.428,435.089,-134.620,-0.703043,0.709874,-0.042539,-0.711021,-0.700532,0.060859,0.013402,0.073033,0.997239,0,0.64000,0.76951,38.400,1.539,-1,400.000,-1,400.000,-1,325.000,325.000,300.000,300.000,650.000,-1,-1,-1,925.000,725.000,-1,-1,2,0,2,0,2,0,0,0,0,1,2,2,2,0,0,2,2
8,4106.011,7395.881,435.788,-133.091,-0.683869,0.728359,-0.042631,-0.729453,-0.681367,0.060312,0.014881,0.072342,0.997269,0,0.72000,0.76484,43.200,1.530,-1,400.000,-1,400.000,-1,325.000,325.000,300.000,300.000,675.000,-1,-1,-1,925.000,725.000,-1,-1,2,0,2,0,2,0,0,0,0,1,2,2,2,0,0,2,2
9,4075.910,7361.944,436.577,-131.572,-0.664344,0.746204,-0.042742,-0.747248,-0.661848,0.059815,0.016345,0.071676,0.997294,0,0.75606,0.75963,45.364,1.519,-1,425.000,-1,400.000,-1,325.000,325.000,300.000,300.000,700.000,-1,-1,-1,925.000,725.000,-1,-1,2,0,2,0,2,0,0,0,0,1,2,2,2,1,0,2,2
10,4044.524,7324.926,437.465,-130.292,-0.647540,0.760824,-0.042884,-0.761831,-0.645049,0.059375,0.017512,0.071118,0.997314,0,0.80888,0.63963,48.533,1.279,-1,425.000,-1,375.000,-1,325.000,325.000,300.000,300.000,750.000,-1,-1,-1,900.000,750.000,-1,-1,2,0,2,0,2,0,0,0,0,1,2,2,2,1,0,2,2
11,4013.679,7287.178,438.173,-129.253,-0.633607,0.772469,-0.042827,-0.773452,-0.631201,0.057937,0.017722,0.069834,0.997401,0,0.81247,0.51963,48.748,1.039,-1,425.000,-1,375.000,-1,325.000,325.000,300.000,300.000,775.000,-1,-1,-1,850.000,750.000,-1,-1,2,0,2,0,2,0,0,0,0,1,2,2,2,1,0,2,2
12,3983.234,7248.844,438.869,-128.454,-0.622717,0.781315,-0.042067,-0.782250,-0.620457,0.055836,0.017525,0.067677,0.997553,0,0.81588,0.39963,48.953,0.799,-1,425.000,-1,375.000,-1,325.000,325.000,300.000,300.000,825.000,-1,-1,-1,825.000,750.000,1000.000,-1,2,0,2,0,2,0,0,0,0,1,2,2,2,1,0,1,2
13,3953.045,7210.060,439.634,-127.894,-0.615009,0.787454,-0.040983,-0.788331,-0.612894,0.053802,0.017249,0.065397,0.997710,0,0.81916,0.27963,49.150,0.559,-1,425.000,-1,400.000,-1,325.000,325.000,300.000,300.000,850.000,-1,-1,-1,800.000,750.000,925.000,-1,2,0,2,0,2,0,0,0,0,1,2,2,2,1,0,1,2
14,3922.954,7170.955,440.393,-127.575,-0.610556,0.790968,-0.039901,-0.791797,-0.608582,0.051818,0.016703,0.063231,0.997859,0,0.82237,0.15963,49.342,0.319,975.000,425.000,-1,400.000,-1,350.000,325.000,300.000,300.000,900.000,-1,-1,-1,750.000,775.000,875.000,-1,1,0,2,0,2,0,0,0,0,1,2,2,2,1,0,1,2
15,3889.996,7128.000,441.213,-127.496,-0.609393,0.791922,-0.038728,-0.792711,-0.607574,0.049628,0.015771,0.060943,0.998017,0,0.90237,0.03963,54.142,0.079,900.000,425.000,-1,400.000,-1,350.000,325.000,300.000,300.000,950.000,-1,-1,-1,725.000,775.000,825.000,-1,1,0,2,0,2,0,0,0,0,1,2,2,2,1,0,1,2
16,3855.197,7082.908,442.075,-127.657,-0.611534,0.790330,-0.037494,-0.791087,-0.609882,0.047170,0.014413,0.058506,0.998183,0,0.94930,-0.08037,56.958,-0.161,800.000,425.000,-1,400.000,-1,350.000,325.000,300.000,300.000,1000.000,-1,-1,-1,700.000,775.000,775.000,-1,1,0,2,0,2,0,0,0,0,1,2,2,2,1,0,1,2
17,3819.896,7037.821,442.916,-128.057,-0.616964,0.786149,-0.036407,-0.786889,-0.615476,0.044664,0.012704,0.056204,0.998338,0,0.95437,-0.20037,57.262,-0.401,725.000,425.000,-1,400.000,-1,350.000,325.000,300.000,300.000,-1,-1,-1,-1,650.000,775.000,700.000,-1,1,0,2,0,2,0,0,0,0,2,2,2,2,1,0,1,2
18,3783.921,6992.917,443.696,-128.698,-0.625633,0.779315,-0.035375,-0.780044,-0.624307,0.042101,0.010725,0.053934,0.998487,0,0.95896,-0.32037,57.538,-0.641,650.000,425.000,-1,400.000,-1,350.000,325.000,300.000,300.000,-1,-1,-1,-1,625.000,775.000,650.000,-1,1,0,2,0,2,0,0,0,0,2,2,2,2,1,0,1,2
19,3747.211,6948.302,444.068,-129.447,-0.635654,0.771135,-0.035992,-0.771937,-0.634470,0.039517,0.007637,0.052903,0.998570,0,0.96295,-0.37427,57.777,-0.749,575.000,425.000,-1,400.000,-1,325.000,325.000,300.000,300.000,-1,-1,-1,-1,600.000,750.000,600.000,-1,1,0,2,0,2,0,0,0,0,2,2,2,2,1,0,1,2
20,3709.803,6904.006,444.324,-130.180,-0.645368,0.762982,-0.036848,-0.763859,-0.644324,0.036960,0.004458,0.052000,0.998637,0,0.96631,-0.36689,57.978,-0.734,525.000,425.000,-1,400.000,-1,325.000,325.000,300.000,300.000,-1,-1,-1,-1,550.000,725.000,550.000,-1,1,0,2,0,2,0,0,0,0,2,2,2,2,1,0,1,2
21,3671.734,6860.057,444.513,-130.898,-0.654770,0.754888,-0.037696,-0.755827,-0.653865,0.034431,0.001344,0.051036,0.998696,0,0.96907,-0.35891,58.144,-0.718,450.000,400.000,-1,375.000,-1,325.000,325.000,300.000,300.000,-1,-1,-1,-1,525.000,700.000,475.000,-1,1,1,2,0,2,0,0,0,0,2,2,2,2,1,0,1,2
22,3633.047,6816.483,444.535,-131.599,-0.663861,0.746890,-0.038005,-0.747855,-0.663095,0.031903,-0.001373,0.049602,0.998768,0,0.97116,-0.35033,58.269,-0.701,400.000,375.000,-1,375.000,-1,325.000,325.000,300.000,300.000,-1,-1,-1,-1,500.000,700.000,425.000,-1,1,1,2,0,2,0,0,0,0,2,2,2,2,1,0,1,2
23,3593.790,6773.314,444.353,-132.281,-0.672691,0.739015,-0.036651,-0.739920,-0.672008,0.030387,-0.002173,0.047560,0.998866,0,0.97249,-0.34110,58.349,-0.682,350.000,350.000,-1,375.000,-1,325.000,325.000,300.000,300.000,-1,-1,-1,-1,450.000,700.000,375.000,-1,1,1,2,0,2,0,0,0,0,2,2,2,2,1,0,1,2
24,3554.017,6730.580,444.289,-132.944,-0.681178,0.731267,-0.035291,-0.732112,-0.680573,0.028849,-0.002922,0.045488,0.998961,0,0.97298,-0.33123,58.379,-0.662,300.000,325.000,-1,375.000,-1,325.000,325.000,300.000,300.000,-1,-1,-1,-1,425.000,675.000,325.000,-1,1,1,2,0,2,1,0,0,0,2,2,2,2,1,0,1,2
25,3513.786,6688.313,444.307,-133.585,-0.689301,0.723684,-0.033848,-0.724464,-0.688795,0.026720,-0.003977,0.042940,0.999070,0,0.97254,-0.32071,58.352,-0.641,250.000,300.000,-1,375.000,-1,300.000,325.000,300.000,300.000,-1,-1,-1,-1,400.000,675.000,275.000,-1,1,1,2,0,2,1,0,0,0,2,2,2,2,1,1,1,2
26,3473.163,6646.545,444.819,-134.204,-0.697115,0.716211,-0.032763,-0.716952,-0.696584,0.027377,-0.003214,0.042574,0.999088,0,0.97108,-0.30953,58.265,-0.619,225.000,300.000,-1,375.000,-1,275.000,325.000,300.000,300.000,-1,-1,-1,-1,375.000,650.000,250.000,-1,1,1,2,0,2,1,0,0,0,2,2,2,2,1,1,1,2
27,3432.222,6605.304,448.358,-134.800,-0.704906,0.708511,-0.033463,-0.709259,-0.703571,0.044041,0.007660,0.054779,0.998469,0,0.96853,-0.29772,58.112,-0.595,225.000,300.000,-1,400.000,-1,275.000,325.000,325.000,275.000,-1,-1,-1,-1,375.000,675.000,250.000,-1,1,1,2,0,2,1,1,1,0,2,2,2,2,1,1,1,2
28,3391.031,6564.627,451.763,-135.370,-0.712397,0.700964,-0.033760,-0.701539,-0.710080,0.060252,0.018263,0.066607,0.997612,0,0.96483,-0.28531,57.890,-0.571,200.000,275.000,-1,425.000,-1,275.000,325.000,300.000,275.000,-1,625.000,750.000,-1,375.000,725.000,225.000,-1,1,1,2,1,2,1,1,1,0,2,0,0,2,1,1,1,2
29,3349.668,6524.547,455.083,-135.915,-0.719570,0.693613,-0.033466,-0.693825,-0.716124,0.075980,0.028735,0.077892,0.996548,0,0.95992,-0.27235,57.595,-0.545,200.000,275.000,-1,425.000,-1,275.000,325.000,300.000,275.000,-1,300.000,250.000,-1,375.000,875.000,225.000,-1,1,1,2,1,2,1,1,1,0,2,0,0,2,1,0,1,2
30,3308.211,6485.094,458.527,-136.433,-0.726411,0.686541,-0.031458,-0.686100,-0.721763,0.091238,0.039934,0.087860,0.995332,0,0.95380,-0.25893,57.228,-0.518,200.000,275.000,-1,425.000,-1,275.000,325.000,275.000,275.000,-1,275.000,175.000,-1,400.000,950.000,225.000,-1,1,1,2,1,2,1,1,1,0,2,0,0,2,1,0,1,2
31,3266.740,6446.294,461.496,-136.923,-0.732958,0.679645,-0.029255,-0.678293,-0.726869,0.107608,0.051870,0.098716,0.993763,0,0.94649,-0.24515,56.790,-0.490,200.000,275.000,-1,450.000,-1,275.000,325.000,275.000,250.000,-1,250.000,125.000,1000.000,425.000,-1,225.000,-1,1,1,2,1,2,1,1,1,0,2,0,0,0,1,2,1,2
32,3222.426,6405.840,464.494,-137.625,-0.741978,0.669914,-0.026149,-0.667359,-0.734296,0.124263,0.064044,0.109652,0.991905,0,1.00000,-0.35106,60.000,-0.702,200.000,300.000,-1,475.000,-1,300.000,350.000,250.000,250.000,-1,225.000,100.000,725.000,500.000,-1,225.000,-1,1,1,2,1,2,1,1,1,0,2,0,0,0,1,2,1,2
33,3177.635,6365.912,467.448,-138.305,-0.750633,0.660320,-0.022962,-0.656370,-0.741261,0.140393,0.075683,0.120455,0.989830,0,1.00000,-0.34001,60.000,-0.680,200.000,325.000,-1,500.000,-1,325.000,375.000,250.000,250.000,-1,200.000,75.000,550.000,-1,-1,225.000,-1,1,1,2,1,2,1,1,1,0,2,0,0,0,2,2,1,2
34,3132.393,6326.497,470.511,-138.960,-0.758922,0.650859,-0.020494,-0.645439,-0.747685,0.156129,0.086295,0.131718,0.987524,0,1.00000,-0.32764,60.000,-0.655,200.000,375.000,-1,575.000,-1,350.000,400.000,225.000,250.000,-1,200.000,50.000,450.000,-1,-1,225.000,-1,1,1,2,1,2,1,1,1,0,2,0,0,0,2,2,1,2
35,3086.722,6287.579,473.470,-139.588,-0.766790,0.641654,-0.017693,-0.634588,-0.753621,0.171326,0.096599,0.142599,0.985055,0,1.00000,-0.31378,60.000,-0.628,200.000,450.000,-1,625.000,-1,400.000,475.000,225.000,250.000,-1,200.000,50.000,350.000,-1,-1,-1,-1,1,1,2,0,2,1,1,1,0,2,0,0,0,2,2,2,2
36,-8855.091,4263.567,124.800,44.883,0.708916,-0.705203,0.011231,0.705008,0.708088,-0.039691,0.020038,0.036056,0.999149,1,0.00000,0.00000,60.000,-0.596,-1,400.000,-1,400.000,-1,325.000,325.000,325.000,325.000,-1,-1,-1,-1,775.000,800.000,-1,-1,2,0,2,0,2,0,0,0,0,2,2,2,2,0,0,2,2
37,-8851.705,4266.968,124.896,45.123,0.705957,-0.708165,0.011236,0.707967,0.705130,-0.039692,0.020186,0.035975,0.999149,0,0.08000,0.12000,4.800,0.240,-1,400.000,-1,400.000,-1,325.000,325.000,325.000,325.000,-1,-1,-1,-1,775.000,800.000,-1,-1,2,0,2,0,2,0,0,0,0,2,2,2,2,0,0,2,2
38,-8844.988,4273.827,125.093,45.603,0.700003,-0.714052,0.011243,0.713847,0.699176,-0.039691,0.020481,0.035810,0.999149,0,0.16000,0.24000,9.600,0.480,-1,400.000,-1,400.000,-1,325.000,325.000,325.000,325.000,-1,-1,-1,-1,775.000,800.000,-1,-1,2,0,2,0,2,0,0,0,0,2,2,2,2,0,0,2,2
39,-8835.044,4284.242,125.397,46.323,0.690978,-0.722788,0.011248,0.722573,0.690155,-0.039684,0.020920,0.035549,0.999149,0,0.24000,0.36000,14.400,0.720,-1,400.000,-1,400.000,-1,325.000,325.000,325.000,325.000,-1,-1,-1,-1,775.000,800.000,-1,-1,2,0,2,0,2,0,0,0,0,2,2,2,2,0,0,2,2
40,-8822.019,4298.348,125.820,47.283,0.678776,-0.734259,0.011245,0.734031,0.677957,-0.039663,0.021499,0.035176,0.999150,0,0.32000,0.48000,19.200,0.960,-1,400.000,-1,400.000,-1,325.000,325.000,325.000,325.000,-1,-1,-1,-1,775.000,800.000,-1,-1,2,0,2,0,2,0,0,0,0,2,2,2,2,0,0,2,2
41,-8806.111,4316.318,126.328,48.483,0.663259,-0.748305,0.011261,0.748056,0.662439,-0.039837,0.022350,0.034846,0.999143,0,0.40000,0.60000,24.000,1.200,-1,400.000,-1,400.000,-1,325.000,325.000,325.000,325.000,-1,-1,-1,-1,775.000,800.000,-1,-1,2,0,2,0,2,0,0,0,0,2,2,2,2,0,0,2,2
42,-8787.569,4338.355,126.961,49.923,0.644256,-0.764727,0.011254,0.764452,0.643434,-0.040065,0.023397,0.034415,0.999134,0,0.48000,0.72000,28.800,1.440,-1,400.000,-1,400.000,-1,325.000,325.000,325.000,325.000,-1,-1,-1,-1,800.000,775.000,-1,-1,2,0,2,0,2,0,0,0,0,2,2,2,2,0,0,2,2
43,-8766.658,4364.655,127.739,51.513,0.622801,-0.782301,0.011157,0.781994,0.621983,-0.040284,0.024575,0.033813,0.999126,0,0.56000,0.79491,33.600,1.590,-1,400.000,-1,400.000,-1,325.000,325.000,325.000,325.000,-1,-1,-1,-1,800.000,800.000,-1,-1,2,0,2,0,2,0,0,0,0,2,2,2,2,0,0,2,2
44,-8743.599,4395.361,128.685,53.095,0.600977,-0.799191,0.011001,0.798852,0.600164,-0.040478,0.025747,0.033114,0.999120,0,0.64000,0.79092,38.400,1.582,-1,400.000,-1,400.000,-1,325.000,325.000,325.000,325.000,-1,-1,-1,-1,800.000,800.000,-1,-1,2,0,2,0,2,0,0,0,0,2,2,2,2,0,0,2,2
45,-8718.616,4430.604,129.817,54.668,0.578819,-0.815385,0.010776,0.815012,0.578017,-0.040639,0.026908,0.032306,0.999116,0,0.72000,0.78643,43.200,1.573,-1,400.000,-1,400.000,-1,325.000,325.000,325.000,325.000,-1,-1,-1,-1,800.000,800.000,-1,-1,2,0,2,0,2,0,0,0,0,2,2,2,2,0,0,2,2
46,-8693.914,4467.544,131.051,56.230,0.556368,-0.830870,0.010501,0.830463,0.555580,-0.040758,0.028030,0.031398,0.999114,0,0.74065,0.78141,44.439,1.563,-1,400.000,-1,400.000,-1,325.000,325.000,325.000,300.000,-1,-1,-1,-1,825.000,825.000,-1,-1,2,0,2,0,2,0,0,0,0,2,2,2,2,0,0,2,2
47,-8670.192,4505.189,132.338,57.783,0.533649,-0.845645,0.010157,0.845207,0.532883,-0.040756,0.029052,0.030334,0.999118,0,0.74160,0.77624,44.496,1.552,-1,400.000,-1,400.000,-1,325.000,325.000,325.000,300.000,-1,-1,-1,-1,825.000,825.000,-1,-1,2,0,2,0,2,0,0,0,0,2,2,2,2,0,0,2,2
48,-8647.462,4543.508,133.579,59.325,0.510676,-0.859720,0.009556,0.859262,0.509957,-0.040164,0.029657,0.028722,0.999147,0,0.74256,0.77105,44.553,1.542,-1,400.000,-1,400.000,-1,325.000,325.000,325.000,300.000,-1,-1,-1,-1,825.000,825.000,-1,-1,2,0,2,0,2,0,0,0,0,2,2,2,2,0,0,2,2
49,-8625.736,4582.471,134.881,60.857,0.487486,-0.873086,0.008870,0.872609,0.486818,-0.039528,0.030193,0.027009,0.999179,0,0.74353,0.76585,44.612,1.532,-1,400.000,-1,400.000,-1,325.000,325.000,300.000,325.000,-1,-1,-1,-1,825.000,825.000,-1,-1,2,0,2,0,2,0,0,0,0,2,2,2,2,0,0,2,2
50,-8605.024,4622.050,136.242,62.378,0.464104,-0.885744,0.008097,0.885250,0.463490,-0.038853,0.030661,0.025200,0.999212,0,0.74450,0.76062,44.670,1.521,-1,400.000,-1,400.000,-1,325.000,325.000,300.000,325.000,-1,-1,-1,-1,825.000,825.000,-1,-1,2,0,2,0,2,0,0,0,0,2,2,2,2,0,0,2,2
51,-8585.338,4662.214,137.653,63.889,0.440555,-0.897697,0.007251,0.897188,0.439996,-0.038175,0.031079,0.023324,0.999245,0,0.74549,0.75538,44.729,1.511,-1,400.000,-1,400.000,-1,325.000,325.000,300.000,325.000,-1,-1,-1,-1,825.000,825.000,-1,-1,2,0,2,0,2,0,0,0,0,2,2,2,2,0,0,2,2
52,-8566.685,4702.933,139.039,65.389,0.416871,-0.908943,0.006489,0.908414,0.416359,-0.037802,0.031659,0.021653,0.999264,0,0.74648,0.75011,44.789,1.500,-1,400.000,-1,400.000,-1,325.000,325.000,300.000,325.000,-1,-1,-1,-1,825.000,850.000,-1,-1,2,0,2,0,2,0,0,0,0,2,2,2,2,0,0,2,2
53,-8549.073,4744.180,140.294,66.879,0.393083,-0.919480,0.006494,0.918959,0.392598,-0.037181,0.031638,0.020583,0.999287,0,0.74748,0.74483,44.849,1.490,-1,400.000,-1,400.000,-1,325.000,325.000,300.000,325.000,-1,-1,-1,-1,825.000,-1,-1,-1,2,0,2,0,2,0,0,0,0,2,2,2,2,0,2,2,2
54,-8532.510,4785.923,141.402,68.358,0.369215,-0.929315,0.007311,0.928827,0.368737,-0.036233,0.030976,0.020169,0.999317,0,0.74849,0.73953,44.909,1.479,-1,400.000,-1,400.000,-1,325.000,325.000,300.000,325.000,-1,-1,-1,-1,825.000,-1,-1,-1,2,0,2,0,2,0,0,0,0,2,2,2,2,0,2,2,2
55,-8517.001,4828.134,142.562,69.826,0.345272,-0.938469,0.008011,0.938014,0.344804,-0.035199,0.030271,0.019668,0.999348,0,0.74950,0.73421,44.970,1.468,-1,400.000,-1,400.000,-1,325.000,325.000,300.000,325.000,-1,-1,-1,-1,800.000,-1,-1,-1,2,0,2,0,2,0,0,0,0,2,2,2,2,0,2,2,2
56,-8502.551,4870.783,143.772,71.284,0.321274,-0.946947,0.008594,0.946526,0.320822,-0.034088,0.029522,0.019086,0.999382,0,0.75052,0.72887,45.031,1.458,-1,400.000,-1,400.000,-1,325.000,325.000,300.000,325.000,-1,-1,-1,-1,800.000,-1,-1,-1,2,0,2,0,2,0,0,0,0,2,2,2,2,0,2,2,2
57,-8487.581,4918.312,145.121,72.517,0.300799,-0.953645,0.008978,0.953258,0.300368,-0.032836,0.028617,0.018435,0.999420,0,0.83052,0.61671,49.831,1.233,-1,400.000,-1,400.000,-1,325.000,325.000,300.000,325.000,-1,-1,-1,-1,800.000,-1,-1,-1,2,0,2,0,2,0,0,0,0,2,2,2,2,0,2,2,2
58,-8473.382,4966.977,146.528,73.735,0.280446,-0.959826,0.009206,0.959471,0.280040,-0.031527,0.027682,0.017675,0.999461,0,0.84490,0.60878,50.694,1.218,-1,400.000,-1,400.000,-1,325.000,325.000,300.000,325.000,-1,-1,-1,-1,800.000,-1,-1,-1,2,0,2,0,2,0,0,0,0,2,2,2,2,0,2,2,2
59,-8460.124,5016.232,147.987,74.935,0.260253,-0.965495,0.009337,0.965171,0.259874,-0.030158,0.026691,0.016861,0.999502,0,0.85013,0.60020,51.008,1.200,-1,400.000,-1,400.000,-1,325.000,325.000,300.000,300.000,-1,-1,-1,-1,775.000,-1,-1,-1,2,0,2,1,2,0,0,0,0,2,2,2,2,0,2,2,2
60,-8447.814,5066.040,149.496,76.117,0.240256,-0.970664,0.009372,0.970371,0.239906,-0.028737,0.025645,0.015998,0.999543,0,0.85512,0.59101,51.307,1.182,-1,400.000,-1,400.000,-1,325.000,325.000,300.000,325.000,-1,-1,-1,-1,775.000,-1,-1,-1,2,0,2,1,2,0,0,0,0,2,2,2,2,0,2,2,2
61,-8436.454,5116.363,151.054,77.280,0.220489,-0.975345,0.009312,0.975081,0.220169,-0.027269,0.024547,0.015093,0.999585,0,0.85982,0.58118,51.589,1.162,-1,400.000,-1,425.000,-1,325.000,325.000,300.000,325.000,-1,-1,-1,-1,775.000,-1,-1,-1,2,0,2,1,2,0,0,0,0,2,2,2,2,0,2,2,2
62,-8426.046,5167.159,152.655,78.421,0.200989,-0.979551,0.009160,0.979314,0.200699,-0.025762,0.023397,0.014149,0.999626,0,0.86420,0.57070,51.852,1.141,-1,400.000,-1,425.000,-1,325.000,325.000,300.000,325.000,-1,-1,-1,-1,775.000,-1,-1,-1,2,0,2,1,2,0,0,0,0,2,2,2,2,1,2,2,2
63,-8416.589,5218.384,154.188,79.540,0.181785,-0.983302,0.008410,0.983079,0.181534,-0.024516,0.022580,0.012725,0.999664,0,0.86818,0.55953,52.091,1.119,-1,400.000,-1,425.000,-1,325.000,325.000,300.000,325.000,-1,-1,-1,-1,775.000,-1,-1,-1,2,0,2,1,2,0,0,0,0,2,2,2,2,1,2,2,2
64,-8408.078,5269.990,155.723,80.635,0.162919,-0.986612,0.007420,0.986396,0.162707,-0.023425,0.021904,0.011135,0.999698,0,0.87172,0.54767,52.303,1.095,-1,400.000,-1,425.000,-1,325.000,325.000,300.000,325.000,-1,-1,-1,-1,800.000,-1,-1,-1,2,0,2,1,2,0,0,0,0,2,2,2,2,1,2,2,2
65,-8400.506,5321.926,156.704,81.706,0.144473,-0.989472,0.008474,0.989281,0.144251,-0.022681,0.021220,0.011660,0.999707,0,0.87475,0.53508,52.485,1.070,-1,375.000,-1,450.000,-1,325.000,325.000,300.000,325.000,-1,-1,-1,-1,800.000,-1,-1,-1,2,0,2,1,2,0,0,0,0,2,2,2,2,1,2,2,2
66,-8393.864,5374.137,157.391,82.749,0.126456,-0.991915,0.010685,0.991769,0.126205,-0.021622,0.020099,0.013331,0.999709,0,0.87720,0.52175,52.632,1.043,-1,375.000,-1,425.000,-1,325.000,300.000,300.000,325.000,-1,-1,-1,-1,800.000,-1,-1,-1,2,0,2,1,2,0,0,0,0,2,2,2,2,1,2,2,2
67,-8388.357,5422.871,158.012,83.553,0.112557,-0.993563,0.012813,0.993463,0.112280,-0.020615,0.019043,0.015050,0.999705,0,0.81741,0.40175,49.045,0.803,-1,375.000,-1,425.000,-1,300.000,300.000,300.000,300.000,-1,-1,-1,-1,800.000,-1,-1,-1,2,0,2,1,2,0,0,0,0,2,2,2,2,1,2,2,2
68,-8383.501,5471.742,158.648,84.325,0.099163,-0.994960,0.014888,0.994909,0.098866,-0.019518,0.017948,0.016747,0.999699,0,0.81853,0.38642,49.112,0.773,-1,375.000,-1,425.000,-1,300.000,300.000,325.000,300.000,-1,-1,-1,-1,825.000,-1,-1,-1,2,0,2,1,2,0,0,0,0,2,2,2,2,1,2,2,2
69,-8379.278,5520.702,159.308,85.070,0.086237,-0.996132,0.016877,0.996132,0.085926,-0.018362,0.016841,0.018395,0.999689,0,0.81903,0.37227,49.142,0.745,-1,375.000,-1,425.000,-1,300.000,300.000,325.000,300.000,-1,-1,-1,-1,800.000,-1,-1,-1,2,0,2,1,2,0,0,0,0,2,2,2,2,1,2,2,2
70,-8375.667,5569.701,159.995,85.785,0.073807,-0.997096,0.018753,0.997148,0.073488,-0.017174,0.015746,0.019967,0.999677,0,0.81887,0.35746,49.132,0.715,-1,375.000,-1,425.000,-1,300.000,300.000,325.000,300.000,-1,-1,-1,-1,800.000,-1,-1,-1,2,1,2,1,2,0,0,0,0,2,2,2,2,1,2,2,2
71,-8372.645,5618.687,160.715,86.469,0.061900,-0.997872,0.020493,0.997974,0.061578,-0.015982,0.014686,0.021441,0.999662,0,0.81798,0.34199,49.079,0.684,-1,375.000,-1,-1,-1,300.000,300.000,325.000,300.000,-1,-1,-1,-1,800.000,-1,-1,-1,2,1,2,2,2,0,0,0,1,2,2,2,2,1,2,2,2
72,-8370.185,5667.604,161.471,87.121,0.050541,-0.998478,0.022080,0.998628,0.050221,-0.014813,0.013681,0.022799,0.999646,0,0.81631,0.32589,48.979,0.652,-1,400.000,-1,-1,-1,300.000,300.000,325.000,325.000,-1,-1,-1,-1,800.000,-1,-1,-1,2,1,2,2,2,1,1,0,1,2,2,2,2,1,2,2,2
73,-8368.258,5716.396,162.267,87.739,0.039756,-0.998933,0.023500,0.999128,0.039441,-0.013688,0.012747,0.024024,0.999630,0,0.81384,0.30917,48.830,0.618,-1,400.000,-1,-1,-1,325.000,325.000,325.000,350.000,-1,-1,-1,-1,800.000,-1,-1,-1,2,1,2,2,2,1,1,0,1,2,2,2,2,1,2,2,2
74,-8366.835,5765.006,163.103,88.323,0.029566,-0.999256,0.024745,0.999492,0.029261,-0.012631,0.011897,0.025106,0.999614,0,0.81052,0.29190,48.631,0.584,-1,400.000,-1,-1,-1,325.000,325.000,325.000,375.000,-1,-1,-1,-1,800.000,-1,-1,-1,2,1,2,2,2,1,1,0,1,2,2,2,2,1,2,2,2
75,-8365.882,5813.378,163.981,88.871,0.019993,-0.999467,0.025810,0.999738,0.019698,-0.011658,0.011143,0.026036,0.999599,0,0.80635,0.27411,48.381,0.548,-1,400.000,-1,-1,-1,325.000,350.000,325.000,400.000,-1,-1,-1,-1,800.000,-1,-1,-1,2,1,2,2,2,1,1,0,1,2,2,2,2,1,2,2,2
76,-8365.365,5861.456,164.899,89.383,0.011054,-0.999583,0.026695,0.999884,0.010769,-0.010784,0.010492,0.026811,0.999585,0,0.80134,0.25590,48.081,0.512,-1,425.000,-1,-1,-1,350.000,375.000,325.000,450.000,-1,-1,-1,-1,775.000,-1,-1,-1,2,1,2,2,2,1,1,0,1,2,2,2,2,1,2,2,2
77,-8365.246,5909.187,165.622,89.857,0.002763,-0.999603,0.028043,0.999948,0.002487,-0.009890,0.009817,0.028069,0.999558,0,0.79553,0.23735,47.732,0.475,-1,425.000,-1,-1,-1,350.000,375.000,325.000,475.000,-1,-1,-1,-1,775.000,-1,-1,-1,2,1,2,2,2,1,1,0,1,2,2,2,2,1,2,2,2
78,-8365.493,5956.525,163.534,90.295,-0.005056,-0.999313,0.036714,0.999984,-0.005138,-0.002151,0.002338,0.036703,0.999323,0,0.78898,0.21857,47.339,0.437,-1,400.000,-1,-1,-1,350.000,375.000,325.000,475.000,-1,-1,-1,-1,725.000,-1,-1,-1,2,1,2,2,2,1,1,0,1,2,2,2,2,1,2,2,2
79,-8366.074,6003.429,161.534,90.705,-0.012523,-0.998905,0.045074,0.999910,-0.012294,0.005344,-0.004784,0.045137,0.998969,0,0.78179,0.20527,46.907,0.411,-1,400.000,-1,925.000,-1,350.000,375.000,325.000,475.000,-1,-1,-1,-1,700.000,-1,-1,-1,2,1,2,1,2,1,1,0,1,2,2,2,2,1,2,2,2
80,-8366.969,6049.863,159.637,91.099,-0.019798,-0.998393,0.053095,0.999737,-0.019156,0.012575,-0.011538,0.053330,0.998510,0,0.77404,0.19702,46.443,0.394,-1,375.000,-1,800.000,-1,325.000,350.000,325.000,475.000,-1,-1,-1,-1,675.000,-1,850.000,-1,2,1,2,1,2,1,1,0,1,2,2,2,2,1,2,0,2
81,-8368.158,6095.799,157.853,91.478,-0.026880,-0.997790,0.060761,0.999478,-0.025736,0.019527,-0.017920,0.061254,0.997961,0,0.76585,0.18916,45.951,0.378,-1,375.000,-1,700.000,-1,325.000,350.000,350.000,500.000,-1,-1,-1,-1,625.000,-1,750.000,-1,2,1,2,1,2,1,1,0,1,2,2,2,2,1,2,1,2
82,-8370.019,6146.516,156.109,92.096,-0.038236,-0.996914,0.068560,0.998979,-0.036483,0.026647,-0.024064,0.069509,0.997291,0,0.84585,0.30916,50.751,0.618,-1,350.000,-1,600.000,-1,325.000,350.000,350.000,500.000,-1,-1,-1,-1,600.000,-1,675.000,-1,2,1,2,1,2,1,1,0,1,2,2,2,2,1,2,1,2
83,-8372.702,6201.519,154.466,92.786,-0.050922,-0.995780,0.076343,0.998252,-0.048456,0.033824,-0.029982,0.077932,0.996508,0,0.91781,0.34502,55.068,0.690,-1,350.000,-1,525.000,-1,300.000,350.000,350.000,600.000,-1,-1,0.000,-1,575.000,-1,600.000,-1,2,1,2,1,2,1,1,0,1,2,2,0,2,1,2,1,2
84,-8376.044,6256.913,153.079,93.446,-0.063113,-0.994507,0.083503,0.997383,-0.059894,0.040506,-0.035282,0.085841,0.995684,0,0.92491,0.33030,55.495,0.661,925.000,350.000,-1,475.000,-1,300.000,350.000,350.000,725.000,-1,-1,0.000,-1,550.000,-1,550.000,-1,0,1,2,1,2,1,1,0,1,2,2,0,2,1,2,1,2
85,-8380.025,6312.522,151.989,94.088,-0.074949,-0.993121,0.089958,0.996389,-0.070974,0.046607,-0.039902,0.093126,0.994854,0,0.92919,0.32062,55.751,0.641,800.000,325.000,-1,450.000,-1,300.000,325.000,350.000,800.000,-1,-1,0.000,-1,525.000,-1,500.000,-1,0,1,2,1,2,1,1,0,1,2,2,0,2,1,2,1,2
86,-8384.622,6368.287,151.225,94.706,-0.086348,-0.991661,0.095666,0.995300,-0.081641,0.052080,-0.043836,0.099714,0.994050,0,0.93256,0.30934,55.954,0.619,700.000,325.000,-1,425.000,-1,300.000,325.000,375.000,900.000,-1,-1,0.000,-1,500.000,1000.000,450.000,-1,0,1,2,1,2,1,1,0,1,2,2,0,2,1,1,1,2
87,-8389.807,6424.128,150.812,95.299,-0.097218,-0.990166,0.100598,0.994149,-0.091830,0.056885,-0.047088,0.105539,0.993300,0,0.93469,0.29607,56.082,0.592,625.000,325.000,-1,425.000,-1,275.000,325.000,375.000,975.000,-1,-1,0.000,-1,475.000,925.000,400.000,-1,0,1,2,1,2,1,1,0,1,2,2,0,2,1,1,1,2
88,1639.782,-3607.658,144.028,122.936,-0.543130,-0.835526,-0.083103,0.839619,-0.541272,-0.045435,-0.007019,-0.094452,0.995505,1,0.00000,0.00000,56.104,0.561,650.000,325.000,-1,400.000,-1,300.000,300.000,275.000,400.000,-1,25.000,0.000,425.000,575.000,725.000,800.000,-1,0,0,2,0,2,0,0,0,0,2,1,1,1,0,0,0,2
89,1637.158,-3603.640,143.605,123.176,-0.546764,-0.833407,-0.080507,0.837267,-0.544869,-0.045833,-0.005668,-0.092465,0.995700,0,0.08000,0.12000,4.800,0.240,675.000,350.000,-1,400.000,-1,300.000,300.000,275.000,400.000,-1,25.000,0.000,425.000,575.000,725.000,850.000,-1,0,0,2,0,2,0,0,0,0,2,1,1,1,0,0,0,2
90,1631.842,-3595.646,142.771,123.656,-0.553981,-0.829110,-0.075381,0.832524,-0.552029,-0.046555,-0.003013,-0.088547,0.996067,0,0.16000,0.24000,9.600,0.480,750.000,350.000,-1,400.000,-1,300.000,300.000,275.000,375.000,-1,25.000,0.000,425.000,600.000,725.000,975.000,-1,0,0,2,0,2,0,0,0,0,2,1,1,1,0,0,0,2
91,1623.718,-3583.758,141.552,124.376,-0.564680,-0.822514,-0.067869,0.825309,-0.562683,-0.047460,0.000848,-0.082813,0.996565,0,0.24000,0.36000,14.400,0.720,875.000,350.000,-1,400.000,-1,300.000,300.000,275.000,375.000,-1,25.000,0.000,450.000,625.000,750.000,-1,-1,0,0,2,0,2,0,0,0,0,2,1,1,1,0,0,2,2
92,1612.633,-3568.082,140.103,125.289,-0.578060,-0.813900,-0.058428,0.815973,-0.576034,-0.048714,0.005992,-0.075836,0.997102,0,0.32000,0.45637,19.200,0.913,-1,350.000,-1,400.000,-1,300.000,325.000,275.000,350.000,-1,25.000,0.000,450.000,650.000,750.000,-1,-1,2,0,2,0,2,0,0,0,0,2,1,1,1,0,0,2,2
93,1598.462,-3548.712,138.532,126.208,-0.591327,-0.805017,-0.047749,0.806344,-0.589349,-0.049784,0.011936,-0.067941,0.997618,0,0.40000,0.45943,24.000,0.919,-1,375.000,-1,400.000,-1,300.000,325.000,275.000,325.000,-1,25.000,0.000,475.000,675.000,775.000,-1,-1,2,0,2,0,2,0,0,0,0,2,1,1,1,0,0,2,2
94,1581.082,-3525.748,136.904,127.134,-0.604453,-0.795816,-0.036243,0.796429,-0.602618,-0.050517,0.018362,-0.059400,0.998065,0,0.48000,0.46327,28.800,0.927,-1,375.000,-1,400.000,-1,325.000,325.000,300.000,325.000,-1,25.000,0.000,500.000,700.000,775.000,-1,-1,2,0,2,0,2,0,0,0,0,2,1,1,1,0,0,2,2
95,1560.368,-3499.293,135.846,128.070,-0.617423,-0.786171,-0.026897,0.786283,-0.615772,-0.050829,0.023398,-0.052532,0.998345,0,0.56000,0.46789,33.600,0.936,-1,400.000,-1,400.000,-1,325.000,325.000,300.000,300.000,-1,25.000,0.000,525.000,750.000,800.000,-1,-1,2,0,2,0,2,0,0,0,0,2,1,1,1,0,0,2,2
96,1536.193,-3469.458,136.747,129.017,-0.630314,-0.775894,-0.026298,0.776002,-0.628678,-0.050851,0.022922,-0.052459,0.998360,0,0.64000,0.47329,38.400,0.947,-1,400.000,-1,400.000,-1,325.000,325.000,300.000,300.000,-1,75.000,25.000,575.000,750.000,800.000,-1,-1,2,0,2,0,2,0,0,0,0,2,1,1,1,0,0,2,2
97,1511.047,-3439.464,137.627,129.975,-0.643198,-0.765269,-0.025678,0.765372,-0.641579,-0.050814,0.022412,-0.052337,0.998378,0,0.65234,0.47947,39.141,0.959,-1,400.000,-1,400.000,-1,325.000,325.000,300.000,300.000,-1,100.000,50.000,600.000,750.000,825.000,-1,-1,2,0,2,0,2,0,0,0,0,2,1,1,1,0,0,2,2
98,1485.203,-3409.677,138.473,130.947,-0.656067,-0.754287,-0.025047,0.754386,-0.654469,-0.050720,0.021865,-0.052171,0.998399,0,0.65726,0.48578,39.436,0.972,-1,400.000,-1,400.000,-1,325.000,325.000,300.000,300.000,-1,125.000,100.000,625.000,750.000,825.000,-1,-1,2,0,2,0,2,0,0,0,0,2,1,1,1,0,0,2,2
99,1458.649,-3380.115,139.285,131.931,-0.668912,-0.742941,-0.024406,0.743037,-0.667337,-0.050564,0.021279,-0.051958,0.998423,0,0.66229,0.49215,39.738,0.984,-1,400.000,-1,400.000,-1,325.000,325.000,300.000,300.000,-1,175.000,150.000,675.000,750.000,825.000,-1,-1,2,0,2,0,2,0,0,0,0,2,1,1,1,0,0,2,2
100,1431.375,-3350.794,140.054,132.928,-0.681721,-0.731226,-0.023753,0.731321,-0.680175,-0.050312,0.020634,-0.051670,0.998451,0,0.66742,0.49857,40.045,0.997,-1,400.000,-1,400.000,-1,325.000,325.000,300.000,300.000,-1,200.000,175.000,700.000,775.000,825.000,-1,-1,2,0,2,0,2,0,0,0,0,2,1,1,1,0,0,2,2
101,1403.371,-3321.732,140.752,133.939,-0.694483,-0.719140,-0.023070,0.719236,-0.692977,-0.049831,0.019849,-0.051200,0.998491,0,0.67264,0.50504,40.358,1.010,-1,400.000,-1,400.000,-1,325.000,325.000,300.000,300.000,-1,225.000,225.000,725.000,775.000,850.000,-1,-1,2,0,2,0,2,0,0,1,0,2,1,1,1,0,0,2,2
102,1374.514,-3293.065,141.452,135.189,-0.709980,-0.703876,-0.022089,0.703966,-0.708527,-0.049211,0.018988,-0.050489,0.998544,0,0.67794,0.62504,40.676,1.250,-1,400.000,-1,400.000,-1,325.000,325.000,300.000,300.000,-1,275.000,275.000,775.000,775.000,850.000,-1,-1,2,0,2,0,2,0,0,1,0,2,1,1,1,0,0,2,2
103,1344.687,-3264.936,142.086,136.679,-0.728013,-0.685239,-0.021106,0.685331,-0.726618,-0.048457,0.017868,-0.049742,0.998602,0,0.68332,0.74504,40.999,1.490,-1,400.000,-1,400.000,-1,325.000,325.000,300.000,300.000,-1,300.000,325.000,825.000,775.000,875.000,-1,-1,2,0,2,0,2,0,0,1,0,2,1,1,1,0,0,2,2
104,1313.850,-3237.421,142.648,138.259,-0.746600,-0.664969,-0.020133,0.665066,-0.745269,-0.047553,0.016617,-0.048892,0.998666,0,0.68880,0.79011,41.328,1.580,-1,400.000,-1,400.000,-1,325.000,325.000,300.000,300.000,-1,325.000,375.000,875.000,775.000,875.000,-1,-1,2,0,2,0,2,0,0,1,0,2,1,1,1,1,0,2,2
105,1282.017,-3210.544,143.138,139.826,-0.764472,-0.644372,-0.019178,0.644475,-0.763210,-0.046495,0.015323,-0.047904,0.998734,0,0.69438,0.78345,41.663,1.567,-1,400.000,-1,400.000,-1,325.000,325.000,300.000,300.000,-1,375.000,425.000,975.000,775.000,875.000,-1,-1,2,0,2,0,2,0,0,0,0,2,1,1,1,1,0,2,2
106,1245.710,-3181.552,143.581,141.393,-0.781772,-0.623301,-0.018153,0.623407,-0.780587,-0.045246,0.014032,-0.046688,0.998811,0,0.77438,0.78334,46.463,1.567,-1,400.000,-1,400.000,-1,325.000,325.000,300.000,300.000,-1,425.000,475.000,-1,750.000,900.000,-1,-1,2,0,2,0,2,0,0,0,0,2,1,1,2,1,0,2,2
107,1207.421,-3152.657,144.099,142.960,-0.798494,-0.601735,-0.017934,0.601878,-0.797369,-0.044111,0.012243,-0.046017,0.998866,0,0.79949,0.78368,47.969,1.567,-1,400.000,-1,425.000,-1,325.000,325.000,300.000,300.000,-1,475.000,550.000,-1,725.000,900.000,-1,-1,2,0,2,0,2,0,0,0,0,2,1,1,2,1,0,2,2
108,1168.387,-3124.843,144.572,144.528,-0.814626,-0.579707,-0.017989,0.579895,-0.813558,-0.042959,0.010269,-0.045427,0.998915,0,0.79883,0.78399,47.930,1.568,-1,400.000,-1,425.000,-1,325.000,325.000,300.000,300.000,-1,525.000,625.000,-1,725.000,925.000,-1,-1,2,0,2,0,2,0,0,0,0,2,1,1,2,1,0,2,2
109,1128.640,-3098.130,144.949,146.096,-0.830156,-0.557239,-0.018076,0.557470,-0.829147,-0.041741,0.008272,-0.044728,0.998965,0,0.79817,0.78425,47.890,1.569,-1,400.000,-1,425.000,-1,325.000,325.000,300.000,300.000,-1,600.000,700.000,-1,700.000,925.000,-1,-1,2,0,2,0,2,0,0,0,0,2,1,1,2,1,0,2,2
110,1088.210,-3072.537,145.274,147.665,-0.845072,-0.534343,-0.018177,0.534614,-0.844117,-0.040667,0.006386,-0.044084,0.999007,0,0.79750,0.78446,47.850,1.569,-1,400.000,-1,425.000,-1,325.000,325.000,300.000,300.000,-1,650.000,800.000,-1,675.000,900.000,-1,-1,2,0,2,0,2,0,0,0,0,2,1,1,2,1,1,2,2
111,1047.128,-3048.081,145.512,149.235,-0.859360,-0.511043,-0.018302,0.511351,-0.858460,-0.039578,0.004515,-0.043370,0.999049,0,0.79684,0.78462,47.810,1.569,-1,400.000,-1,425.000,-1,325.000,325.000,300.000,300.000,-1,725.000,900.000,-1,675.000,825.000,-1,-1,2,0,2,0,2,0,0,0,0,2,1,1,2,1,1,2,2
112,1005.427,-3024.779,145.655,150.804,-0.873008,-0.487356,-0.018458,0.487698,-0.872166,-0.038418,0.002625,-0.042541,0.999091,0,0.79617,0.78473,47.770,1.569,-1,400.000,975.000,425.000,-1,325.000,325.000,300.000,300.000,-1,800.000,1000.000,-1,650.000,775.000,-1,-1,2,1,1,0,2,0,0,0,0,2,1,1,2,1,1,2,2
113,963.139,-3002.646,145.678,152.374,-0.886006,-0.463304,-0.018540,0.463674,-0.885227,-0.037152,0.000801,-0.041513,0.999138,0,0.79550,0.78479,47.730,1.570,-1,375.000,925.000,425.000,-1,325.000,325.000,300.000,300.000,-1,900.000,-1,-1,650.000,700.000,-1,-1,2,1,1,0,2,0,0,0,0,2,1,2,2,1,1,2,2
114,922.360,-2982.494,145.591,153.703,-0.896498,-0.442660,-0.018512,0.443046,-0.895782,-0.035831,-0.000722,-0.040325,0.999186,0,0.75812,0.66479,45.487,1.330,-1,375.000,875.000,425.000,-1,325.000,325.000,300.000,300.000,-1,1000.000,-1,-1,625.000,650.000,-1,925.000,2,1,1,0,2,0,0,0,0,2,1,2,2,1,1,2,1
115,881.255,-2963.145,145.425,154.793,-0.904738,-0.425568,-0.018452,0.425963,-0.904085,-0.034438,-0.002026,-0.039017,0.999236,0,0.75719,0.54479,45.431,1.090,-1,375.000,850.000,425.000,-1,325.000,325.000,300.000,300.000,-1,-1,-1,-1,625.000,600.000,-1,825.000,2,1,1,0,2,1,0,0,0,2,2,2,2,1,1,2,1
116,835.496,-2942.427,145.161,155.642,-0.910936,-0.412141,-0.018340,0.412536,-0.910350,-0.032814,-0.003172,-0.037458,0.999293,0,0.83719,0.42479,50.231,0.850,975.000,375.000,800.000,400.000,-1,300.000,325.000,300.000,300.000,-1,-1,-1,-1,600.000,550.000,-1,750.000,1,1,1,1,2,1,1,0,0,2,2,2,2,1,1,2,1
117,787.527,-2921.322,144.836,156.252,-0.915257,-0.402459,-0.018217,0.402849,-0.914745,-0.030908,-0.004225,-0.035627,0.999356,0,0.87344,0.30479,52.406,0.610,950.000,350.000,750.000,375.000,950.000,300.000,300.000,300.000,300.000,-1,-1,-1,-1,575.000,500.000,-1,650.000,1,1,1,1,1,1,1,0,0,2,2,2,2,1,1,2,1
118,739.056,-2900.367,144.508,156.622,-0.917821,-0.396580,-0.018146,0.396959,-0.917392,-0.028564,-0.005319,-0.033419,0.999427,0,0.88011,0.18479,52.807,0.370,925.000,350.000,700.000,350.000,825.000,275.000,300.000,300.000,300.000,-1,-1,-1,-1,550.000,475.000,-1,575.000,1,1,1,1,1,1,1,0,0,2,2,2,2,1,1,2,1
119,690.167,-2879.363,144.079,156.751,-0.918701,-0.394532,-0.018238,0.394901,-0.918350,-0.026211,-0.006408,-0.031282,0.999490,0,0.88683,0.06479,53.210,0.130,900.000,325.000,650.000,325.000,700.000,275.000,275.000,300.000,300.000,-1,-1,-1,-1,500.000,425.000,-1,500.000,1,1,1,1,1,1,1,0,0,2,2,2,2,1,1,2,1
120,640.945,-2858.103,143.597,156.641,-0.917927,-0.396327,-0.018294,0.396681,-0.917649,-0.023747,-0.007376,-0.029055,0.999551,0,0.89363,-0.05521,53.618,-0.110,875.000,300.000,575.000,300.000,600.000,250.000,250.000,300.000,300.000,-1,-1,-1,-1,475.000,375.000,-1,450.000,1,1,1,1,1,1,1,0,0,2,2,2,2,1,1,2,1
121,591.452,-2836.428,143.074,156.350,-0.915891,-0.401011,-0.018281,0.401342,-0.915684,-0.021157,-0.008256,-0.026714,0.999609,0,0.90052,-0.14556,54.031,-0.291,875.000,275.000,525.000,250.000,525.000,225.000,225.000,300.000,300.000,-1,-1,-1,-1,425.000,350.000,975.000,375.000,1,1,1,1,1,1,1,0,0,2,2,2,2,1,1,1,1
122,541.688,-2814.329,143.012,156.057,-0.913847,-0.405729,-0.016366,0.405983,-0.913714,-0.017476,-0.007863,-0.022615,0.999713,0,0.90750,-0.14649,54.450,-0.293,925.000,275.000,475.000,225.000,425.000,225.000,200.000,325.000,300.000,-1,-1,-1,-1,400.000,300.000,850.000,300.000,1,1,1,1,1,1,1,0,0,2,2,2,2,1,1,1,1
123,491.652,-2791.803,146.009,155.762,-0.911865,-0.410384,-0.009327,0.410485,-0.911515,-0.025363,0.001907,-0.026956,0.999635,0,0.91454,-0.14750,54.872,-0.295,-1,250.000,450.000,225.000,400.000,200.000,200.000,325.000,325.000,-1,-1,-1,-1,375.000,300.000,850.000,275.000,2,1,1,1,1,1,1,0,0,2,2,2,2,1,1,1,1
124,441.347,-2768.842,151.039,155.465,-0.909826,-0.414988,0.001429,0.414600,-0.909115,-0.040204,0.017983,-0.035986,0.999190,0,0.92161,-0.14859,55.297,-0.297,-1,250.000,425.000,225.000,400.000,200.000,200.000,325.000,350.000,-1,600.000,475.000,-1,375.000,275.000,900.000,275.000,2,1,1,1,1,1,1,0,0,2,0,0,2,1,1,1,1
125,390.775,-2745.439,156.820,155.165,-0.907602,-0.419586,0.014370,0.418239,-0.906608,-0.056008,0.036529,-0.044823,0.998327,0,0.92873,-0.14980,55.724,-0.300,-1,250.000,425.000,225.000,450.000,200.000,200.000,325.000,400.000,825.000,250.000,250.000,-1,375.000,275.000,-1,275.000,2,1,1,1,1,1,1,0,0,1,0,0,2,1,1,2,1
126,339.937,-2721.586,163.375,154.863,-0.905095,-0.424182,0.029540,0.421291,-0.903997,-0.072818,0.057593,-0.053462,0.996908,0,0.93588,-0.15114,56.153,-0.302,-1,250.000,425.000,200.000,525.000,200.000,200.000,325.000,450.000,725.000,125.000,175.000,-1,375.000,275.000,-1,300.000,2,1,1,1,1,1,1,0,0,1,0,0,2,1,1,2,1
127,5575.423,-327.966,180.782,150.053,-0.866465,-0.499168,0.008331,0.498980,-0.866433,-0.017697,0.016052,-0.011177,0.999809,1,0.00000,0.00000,56.584,-0.305,-1,400.000,-1,375.000,-1,325.000,325.000,300.000,300.000,-1,-1,-1,-1,750.000,725.000,-1,-1,2,0,2,0,2,0,0,0,0,2,2,2,2,0,0,2,2
128,5571.254,-325.588,180.862,150.293,-0.868550,-0.495534,0.008234,0.495345,-0.868514,-0.017778,0.015961,-0.011363,0.999808,0,0.08000,0.12000,4.800,0.240,-1,400.000,-1,375.000,-1,325.000,325.000,300.000,300.000,-1,-1,-1,-1,750.000,725.000,-1,-1,2,0,2,0,2,0,0,0,0,2,2,2,2,0,0,2,2
129,5562.876,-320.900,181.019,150.773,-0.872673,-0.488238,0.008043,0.488049,-0.872632,-0.017939,0.015777,-0.011730,0.999807,0,0.16000,0.24000,9.600,0.480,-1,400.000,-1,375.000,-1,325.000,325.000,300.000,300.000,-1,-1,-1,-1,750.000,725.000,-1,-1,2,0,2,0,2,0,0,0,0,2,2,2,2,0,0,2,2
130,5550.222,-314.028,181.254,151.493,-0.878744,-0.477231,0.007763,0.477043,-0.878692,-0.018178,0.015496,-0.012271,0.999805,0,0.24000,0.36000,14.400,0.720,-1,400.000,-1,375.000,-1,325.000,325.000,300.000,300.000,-1,-1,-1,-1,750.000,725.000,-1,-1,2,0,2,0,2,0,0,0,0,2,2,2,2,0,0,2,2
131,5533.199,-305.148,181.561,152.453,-0.886621,-0.462438,0.007402,0.462250,-0.886557,-0.018492,0.015114,-0.012974,0.999802,0,0.32000,0.48000,19.200,0.960,-1,400.000,-1,375.000,-1,325.000,325.000,300.000,300.000,-1,-1,-1,-1,750.000,725.000,-1,-1,2,0,2,0,2,0,0,0,0,2,2,2,2,0,0,2,2
132,5511.712,-294.457,181.938,153.547,-0.895296,-0.445417,0.006966,0.445230,-0.895217,-0.018880,0.014646,-0.013802,0.999797,0,0.40000,0.54717,24.000,1.094,-1,400.000,-1,375.000,-1,325.000,325.000,300.000,300.000,-1,-1,-1,-1,750.000,725.000,-1,-1,2,0,2,0,2,0,0,0,0,2,2,2,2,0,0,2,2
133,5485.686,-282.123,182.377,154.642,-0.903646,-0.428232,0.006459,0.428048,-0.903549,-0.019343,0.014119,-0.014715,0.999792,0,0.48000,0.54717,28.800,1.094,-1,400.000,-1,375.000,-1,325.000,325.000,300.000,300.000,-1,-1,-1,-1,750.000,725.000,-1,-1,2,0,2,0,2,0,0,0,0,2,2,2,2,0,0,2,2
134,5455.055,-268.315,182.877,155.736,-0.911665,-0.410892,0.005883,0.410711,-0.911549,-0.019875,0.013529,-0.015703,0.999785,0,0.56000,0.54717,33.600,1.094,-1,400.000,-1,375.000,-1,325.000,325.000,300.000,300.000,-1,-1,-1,-1,750.000,725.000,-1,-1,2,0,2,0,2,0,0,0,0,2,2,2,2,0,0,2,2
135,5419.752,-253.207,183.435,156.830,-0.919352,-0.393401,0.005241,0.393225,-0.919214,-0.020468,0.012870,-0.016756,0.999777,0,0.64000,0.54717,38.400,1.094,-1,400.000,-1,375.000,-1,325.000,325.000,300.000,300.000,-1,-1,-1,-1,725.000,725.000,-1,-1,2,0,2,0,2,0,0,0,0,2,2,2,2,0,0,2,2
136,5379.719,-236.972,184.049,157.925,-0.926704,-0.375766,0.004537,0.375597,-0.926542,-0.021119,0.012139,-0.017867,0.999767,0,0.72000,0.54717,43.200,1.094,-1,400.000,-1,375.000,-1,325.000,325.000,300.000,300.000,-1,-1,-1,-1,725.000,725.000,-1,-1,2,0,2,0,2,0,0,0,0,2,2,2,2,0,0,2,2
