timestep,x_cm,y_cm,z_cm,yaw_deg,basis_xx,basis_xy,basis_xz,basis_yx,basis_yy,basis_yz,basis_zx,basis_zy,basis_zz,teleport_flag,throttle_cmd,steering_cmd,cmd_move_cm,cmd_turn_deg,lidar_cm_0,lidar_cm_1,lidar_cm_2,lidar_cm_3,lidar_cm_4,lidar_cm_5,lidar_cm_6,lidar_cm_7,lidar_cm_8,lidar_cm_9,lidar_cm_10,lidar_cm_11,lidar_cm_12,lidar_cm_13,lidar_cm_14,lidar_cm_15,lidar_cm_16,lidar_class_0,lidar_class_1,lidar_class_2,lidar_class_3,lidar_class_4,lidar_class_5,lidar_class_6,lidar_class_7,lidar_class_8,lidar_class_9,lidar_class_10,lidar_class_11,lidar_class_12,lidar_class_13,lidar_class_14,lidar_class_15,lidar_class_16
0,2300.458,4920.493,78.112,11.943,0.978226,-0.206835,0.017110,0.206126,0.977859,0.036117,-0.024201,-0.031804,0.999201,1,0.08000,0.12000,4.800,0.240,-1,375.000,875.000,375.000,600.000,325.000,325.000,300.000,300.000,-1,625.000,575.000,-1,600.000,475.000,-1,525.000,2,0,1,1,1,0,0,0,0,2,0,0,2,1,1,2,1
1,2309.833,4922.558,77.846,12.423,0.976467,-0.215023,0.016638,0.214332,0.976103,0.035843,-0.023948,-0.031434,0.999219,0,0.16000,0.24000,9.600,0.480,-1,375.000,900.000,375.000,600.000,325.000,325.000,300.000,300.000,-1,625.000,575.000,-1,600.000,475.000,-1,525.000,2,0,1,1,1,0,0,0,0,2,0,0,2,1,1,2,1
2,2323.856,4925.832,77.439,13.143,0.973700,-0.227275,0.015947,0.226612,0.973341,0.035405,-0.023569,-0.030860,0.999246,0,0.24000,0.36000,14.400,0.720,-1,375.000,925.000,350.000,575.000,325.000,325.000,300.000,300.000,-1,600.000,550.000,-1,600.000,450.000,-1,500.000,2,0,1,1,1,0,0,0,0,2,0,0,2,1,1,2,1
3,2342.482,4930.490,76.884,14.040,0.970035,-0.242497,0.015050,0.241870,0.969685,0.034777,-0.023027,-0.030095,0.999282,0,0.32000,0.44868,19.200,0.897,-1,375.000,950.000,350.000,525.000,325.000,325.000,300.000,300.000,-1,550.000,500.000,-1,600.000,450.000,-1,475.000,2,0,1,1,1,0,1,0,0,2,0,0,2,1,1,2,1
4,2365.672,4936.673,76.184,14.932,0.966162,-0.257560,0.013949,0.256979,0.965820,0.033951,-0.022217,-0.029218,0.999326,0,0.40000,0.44570,24.000,0.891,-1,375.000,-1,350.000,500.000,325.000,300.000,300.000,300.000,-1,525.000,475.000,-1,600.000,425.000,-1,450.000,2,0,2,1,1,0,1,0,0,2,0,0,2,1,1,2,1
5,2393.381,4944.523,75.331,15.816,0.962087,-0.272448,0.012663,0.271922,0.961757,0.032904,-0.021144,-0.028213,0.999378,0,0.48000,0.44230,28.800,0.885,-1,375.000,-1,325.000,450.000,325.000,300.000,300.000,275.000,-1,500.000,450.000,-1,625.000,425.000,-1,425.000,2,1,2,1,1,1,1,0,0,2,0,0,2,1,1,2,1
6,2425.565,4954.174,74.321,16.693,0.957822,-0.287143,0.011212,0.286678,0.957505,0.031610,-0.019812,-0.027063,0.999437,0,0.56000,0.43841,33.600,0.877,-1,375.000,-1,300.000,425.000,300.000,300.000,300.000,275.000,-1,475.000,425.000,-1,625.000,400.000,-1,375.000,2,1,2,1,1,1,1,0,0,2,0,0,2,1,1,2,1
7,2462.176,4965.759,73.147,17.561,0.953379,-0.301623,0.009617,0.301225,0.953079,0.030047,-0.018228,-0.025750,0.999502,0,0.64000,0.43392,38.400,0.868,-1,350.000,-1,300.000,375.000,300.000,275.000,300.000,275.000,-1,450.000,400.000,-1,650.000,375.000,-1,350.000,2,1,2,1,1,1,1,0,0,2,0,0,2,1,1,2,1
8,2503.163,4979.408,71.804,18.419,0.948772,-0.315864,0.007904,0.315537,0.948494,0.028191,-0.016401,-0.024253,0.999571,0,0.72000,0.42874,43.200,0.857,-1,350.000,-1,275.000,325.000,275.000,250.000,300.000,275.000,-1,425.000,375.000,-1,700.000,350.000,-1,300.000,2,1,2,1,1,1,1,0,0,2,0,0,2,0,1,2,1
9,2548.475,4995.244,70.624,19.264,0.944018,-0.329828,0.006625,0.329539,0.943741,0.027512,-0.015327,-0.023788,0.999600,0,0.80000,0.42272,48.000,0.845,-1,350.000,-1,250.000,250.000,275.000,250.000,300.000,275.000,-1,425.000,375.000,-1,700.000,325.000,-1,250.000,2,1,2,1,1,1,1,0,0,2,0,0,2,0,1,2,1
10,2598.059,5013.389,72.682,20.095,0.939174,-0.343365,-0.007296,0.343401,0.938519,0.035476,-0.005334,-0.035823,0.999344,0,0.88000,0.41571,52.800,0.831,-1,350.000,-1,250.000,250.000,275.000,250.000,300.000,300.000,-1,350.000,350.000,-1,750.000,350.000,-1,225.000,2,1,2,1,1,1,1,0,0,2,0,0,2,0,1,2,1
11,2651.862,5033.955,76.652,20.910,0.933872,-0.356360,-0.029855,0.357446,0.932704,0.047906,0.010775,-0.055410,0.998406,0,0.96000,0.40750,57.600,0.815,-1,375.000,-1,275.000,250.000,300.000,250.000,275.000,350.000,-1,275.000,300.000,-1,825.000,350.000,-1,225.000,2,1,2,1,1,1,1,0,0,2,0,0,2,0,1,2,1
12,2707.604,5056.157,80.463,21.706,0.928075,-0.368840,-0.051325,0.371496,0.926567,0.058858,0.025847,-0.073692,0.996946,0,1.00000,0.39783,60.000,0.796,-1,425.000,-1,275.000,225.000,300.000,250.000,275.000,400.000,725.000,225.000,300.000,-1,900.000,400.000,-1,225.000,2,1,2,1,1,1,1,0,1,0,0,0,2,0,1,2,1
13,2763.041,5079.109,84.226,22.480,0.921993,-0.380863,-0.069795,0.385247,0.920412,0.066535,0.038899,-0.088233,0.995340,0,1.00000,0.38674,60.000,0.773,-1,500.000,-1,300.000,200.000,325.000,275.000,250.000,400.000,600.000,200.000,300.000,-1,975.000,425.000,-1,225.000,2,0,2,1,1,1,1,0,1,0,0,0,2,0,1,2,1
14,2818.175,5102.780,88.028,23.228,0.915622,-0.392476,-0.087168,0.398617,0.914464,0.069713,0.052352,-0.098577,0.993751,0,1.00000,0.37439,60.000,0.749,-1,525.000,-1,300.000,200.000,375.000,300.000,250.000,400.000,500.000,175.000,275.000,-1,-1,475.000,-1,250.000,2,0,2,1,1,1,1,0,1,0,0,0,2,2,1,2,1
15,2873.007,5127.144,90.957,23.950,0.909252,-0.403540,-0.102061,0.411415,0.908513,0.073080,0.063233,-0.108438,0.992090,0,1.00000,0.36063,60.000,0.721,-1,550.000,-1,325.000,200.000,400.000,325.000,250.000,400.000,450.000,125.000,250.000,-1,-1,775.000,-1,275.000,2,0,2,1,1,1,1,0,1,0,0,0,2,2,1,2,1
16,2927.540,5152.168,93.002,24.640,0.903044,-0.414015,-0.114472,0.423552,0.902611,0.076799,0.071527,-0.117838,0.990453,0,1.00000,0.34530,60.000,0.691,-1,575.000,-1,350.000,200.000,450.000,350.000,250.000,375.000,425.000,100.000,250.000,-1,-1,-1,-1,300.000,2,0,2,1,1,1,1,0,1,0,0,0,2,2,2,2,1
17,2981.783,5177.816,94.156,25.297,0.897144,-0.423857,-0.124413,0.434935,0.896809,0.081029,0.077230,-0.126806,0.988916,0,1.00000,0.32823,60.000,0.656,-1,600.000,-1,400.000,200.000,525.000,400.000,250.000,350.000,375.000,75.000,250.000,-1,-1,-1,-1,-1,2,0,2,1,1,0,1,0,1,0,0,0,2,2,2,2,2
18,3035.746,5204.046,94.887,25.915,0.891549,-0.433135,-0.132420,0.445462,0.891402,0.083470,0.081885,-0.133405,0.987673,0,1.00000,0.30928,60.000,0.619,-1,600.000,-1,475.000,200.000,525.000,450.000,250.000,275.000,350.000,50.000,250.000,-1,-1,-1,-1,-1,2,0,2,1,1,0,1,0,1,0,0,0,2,2,2,2,2
19,-327.965,5575.426,109.121,-31.022,0.857030,0.515252,0.003825,-0.515195,0.856767,0.022904,0.008524,-0.021600,0.999730,1,0.00000,0.00000,60.000,0.577,-1,400.000,-1,400.000,550.000,325.000,325.000,300.000,300.000,-1,-1,-1,-1,800.000,625.000,-1,625.000,2,0,2,0,1,0,0,0,0,2,2,2,2,0,1,2,1
20,-323.862,5572.935,109.170,-31.262,0.854865,0.518836,0.003866,-0.518780,0.854601,0.022894,0.008574,-0.021577,0.999730,0,0.08000,-0.12000,4.800,-0.240,-1,400.000,-1,400.000,550.000,325.000,325.000,300.000,300.000,-1,-1,-1,-1,800.000,625.000,-1,600.000,2,0,2,0,1,0,0,0,0,2,2,2,2,0,1,2,1
21,-315.698,5567.884,109.268,-31.742,0.850489,0.525978,0.003947,-0.525921,0.850226,0.022873,0.008675,-0.021529,0.999731,0,0.16000,-0.24000,9.600,-0.480,-1,400.000,-1,400.000,550.000,325.000,325.000,300.000,300.000,-1,-1,-1,-1,775.000,600.000,-1,600.000,2,0,2,0,1,0,0,0,0,2,2,2,2,0,1,2,1
22,-303.537,5560.171,109.420,-32.385,0.844538,0.535480,0.004062,-0.535423,0.844275,0.022841,0.008802,-0.021465,0.999731,0,0.24000,-0.32126,14.400,-0.643,-1,400.000,-1,400.000,550.000,325.000,325.000,300.000,300.000,-1,-1,-1,-1,775.000,600.000,-1,575.000,2,0,2,0,1,0,0,0,0,2,2,2,2,0,1,2,1
23,-287.440,5549.706,109.625,-33.029,0.838466,0.544938,0.004209,-0.544882,0.838203,0.022801,0.008897,-0.021411,0.999731,0,0.32000,-0.32206,19.200,-0.644,-1,400.000,-1,400.000,525.000,325.000,325.000,300.000,300.000,-1,-1,-1,-1,775.000,575.000,-1,550.000,2,0,2,0,1,0,0,0,0,2,2,2,2,0,1,2,1
24,-267.468,5536.398,109.888,-33.677,0.832249,0.554385,0.004384,-0.554330,0.831986,0.022752,0.008966,-0.021365,0.999732,0,0.40000,-0.32405,24.000,-0.648,-1,400.000,-1,400.000,500.000,325.000,325.000,300.000,300.000,-1,-1,-1,-1,775.000,575.000,-1,550.000,2,0,2,0,1,0,0,0,0,2,2,2,2,0,1,2,1
25,-243.685,5520.155,110.218,-34.332,0.825863,0.563853,0.004564,-0.563799,0.825600,0.022688,0.009025,-0.021310,0.999732,0,0.48000,-0.32725,28.800,-0.655,-1,400.000,-1,375.000,475.000,325.000,325.000,300.000,300.000,-1,-1,-1,-1,775.000,550.000,-1,500.000,2,0,2,0,1,0,0,0,0,2,2,2,2,0,1,2,1
26,-216.160,5500.885,110.607,-34.995,0.819280,0.573375,0.004743,-0.573322,0.819017,0.022674,0.009116,-0.021295,0.999732,0,0.56000,-0.33170,33.600,-0.663,-1,400.000,-1,375.000,450.000,325.000,325.000,300.000,300.000,-1,-1,-1,-1,775.000,525.000,-1,475.000,2,0,2,0,1,0,0,0,0,2,2,2,2,0,1,2,1
27,-184.964,5478.494,110.988,-35.670,0.812473,0.582978,0.004903,-0.582922,0.812200,0.023086,0.009477,-0.021615,0.999721,0,0.64000,-0.33747,38.400,-0.675,-1,400.000,-1,375.000,425.000,325.000,325.000,300.000,300.000,-1,-1,-1,-1,775.000,500.000,-1,450.000,2,0,2,0,1,0,0,0,0,2,2,2,2,0,1,2,1
28,-150.174,5452.883,111.444,-36.359,0.805406,0.592702,0.005067,-0.592642,0.805122,0.023540,0.009873,-0.021963,0.999710,0,0.72000,-0.34463,43.200,-0.689,-1,400.000,-1,375.000,375.000,325.000,325.000,300.000,300.000,-1,-1,-1,-1,775.000,475.000,-1,400.000,2,0,2,1,1,0,0,0,0,2,2,2,2,0,1,2,1
29,-111.873,5423.952,111.982,-37.066,0.798040,0.602582,0.005230,-0.602516,0.797744,0.024037,0.010312,-0.022334,0.999697,0,0.80000,-0.35333,48.000,-0.707,-1,400.000,-1,350.000,350.000,325.000,325.000,300.000,300.000,-1,-1,-1,-1,775.000,425.000,-1,375.000,2,0,2,1,1,0,0,0,0,2,2,2,2,0,1,2,1
30,-70.149,5391.595,112.565,-37.793,0.790331,0.612654,0.005625,-0.612587,0.790019,0.024635,0.010649,-0.022916,0.999681,0,0.88000,-0.36373,52.800,-0.727,-1,400.000,-1,325.000,300.000,325.000,325.000,300.000,300.000,-1,-1,-1,-1,775.000,400.000,-1,325.000,2,0,2,1,1,0,0,0,0,2,2,2,2,0,1,2,1
31,-25.099,5355.703,113.208,-38.545,0.782229,0.622960,0.006217,-0.622895,0.781895,0.025320,0.010912,-0.023679,0.999660,0,0.96000,-0.37605,57.600,-0.752,-1,400.000,-1,300.000,250.000,325.000,325.000,300.000,300.000,-1,-1,-1,-1,775.000,375.000,-1,275.000,2,0,2,1,1,0,1,0,1,2,2,2,2,0,1,2,1
32,21.314,5317.679,113.927,-39.327,0.773671,0.633551,0.006800,-0.633488,0.773315,0.026018,0.011225,-0.024437,0.999638,0,1.00000,-0.39060,60.000,-0.781,-1,400.000,-1,275.000,200.000,325.000,300.000,300.000,300.000,-1,-1,-1,-1,775.000,350.000,-1,225.000,2,0,2,1,1,0,1,0,1,2,2,2,2,0,1,2,1
33,67.185,5279.002,118.608,-40.140,0.764857,0.644153,0.007846,-0.643782,0.763864,0.045343,0.023215,-0.039732,0.998941,0,1.00000,-0.40686,60.000,-0.814,-1,425.000,-1,275.000,200.000,350.000,275.000,300.000,325.000,-1,775.000,-1,-1,850.000,350.000,-1,200.000,2,0,2,1,1,0,1,0,1,2,0,2,2,0,1,2,1
34,112.482,5239.653,124.259,-40.989,0.755755,0.654790,0.009196,-0.653723,0.753550,0.069336,0.038471,-0.058413,0.997551,0,1.00000,-0.42418,60.000,-0.848,-1,450.000,-1,275.000,175.000,350.000,275.000,300.000,375.000,-1,250.000,475.000,-1,950.000,350.000,-1,175.000,2,0,2,1,1,1,1,0,1,2,0,0,2,0,1,2,1
35,157.169,5199.611,130.695,-41.874,0.746429,0.665367,0.011415,-0.663111,0.742239,0.096776,0.055919,-0.079806,0.995241,0,1.00000,-0.44271,60.000,-0.885,-1,475.000,-1,275.000,175.000,350.000,275.000,275.000,400.000,850.000,150.000,300.000,-1,-1,375.000,-1,175.000,2,1,2,1,1,1,1,0,1,0,0,0,2,2,1,2,1
36,201.209,5158.857,137.929,-42.799,0.736983,0.675749,0.014826,-0.671693,0.729760,0.127588,0.075398,-0.103989,0.991716,0,1.00000,-0.46261,60.000,-0.925,-1,525.000,-1,300.000,150.000,375.000,300.000,275.000,475.000,575.000,75.000,250.000,-1,-1,450.000,-1,150.000,2,1,2,1,1,1,1,0,1,0,0,0,2,2,1,2,1
37,244.562,5117.369,145.963,-43.767,0.727544,0.685778,0.019688,-0.679209,0.715936,0.161587,0.096718,-0.130934,0.986662,0,1.00000,-0.48409,60.000,-0.968,-1,600.000,-1,325.000,150.000,425.000,350.000,250.000,675.000,400.000,50.000,200.000,-1,-1,725.000,-1,150.000,2,0,2,1,1,1,1,0,0,0,0,0,2,2,1,2,1
38,287.173,5075.119,152.913,-44.782,0.717545,0.696054,0.025262,-0.687044,0.701366,0.189885,0.114453,-0.153607,0.981481,0,1.00000,-0.50737,60.000,-1.015,-1,650.000,-1,375.000,125.000,475.000,375.000,250.000,825.000,300.000,25.000,200.000,-1,-1,850.000,-1,200.000,2,0,2,1,1,1,1,0,0,0,0,0,2,2,1,2,1
39,328.986,5032.080,157.802,-45.848,0.706284,0.707264,0.030666,-0.696624,0.686642,0.207938,0.126011,-0.168226,0.977661,0,1.00000,-0.53270,60.000,-1.065,-1,700.000,-1,425.000,125.000,600.000,425.000,225.000,875.000,250.000,25.000,175.000,-1,-1,875.000,-1,225.000,2,0,2,1,1,0,1,0,1,0,0,0,2,2,1,2,1
40,370.172,4988.442,162.023,-46.673,0.697702,0.715511,0.035455,-0.703452,0.674900,0.222860,0.135530,-0.180430,0.974206,0,1.00000,-0.41270,60.000,-0.825,-1,725.000,-1,475.000,125.000,650.000,575.000,225.000,850.000,225.000,0.000,175.000,-1,-1,875.000,-1,-1,2,0,2,1,1,0,1,0,1,0,0,0,2,2,1,2,2
41,-6511.823,-6967.689,-94.554,2.710,0.992025,-0.047288,0.116838,0.046783,0.998880,0.007068,-0.117041,-0.001545,0.993126,1,0.00000,0.00000,60.000,-0.585,-1,-1,-1,-1,-1,-1,-1,225.000,200.000,-1,-1,-1,-1,-1,-1,-1,-1,2,2,2,2,2,2,2,1,1,2,2,2,2,2,2,2,2
42,2300.066,-4261.428,206.082,26.143,0.897817,-0.440154,-0.013743,0.438770,0.896778,-0.057185,0.037495,0.045312,0.998269,1,0.08000,0.12000,4.800,0.240,-1,400.000,-1,400.000,-1,325.000,325.000,300.000,300.000,-1,-1,-1,-1,775.000,750.000,-1,-1,2,0,2,0,2,0,0,0,0,2,2,2,2,0,0,2,2
43,2308.648,-4257.127,206.427,26.623,0.894100,-0.447657,-0.013732,0.446263,0.893070,-0.057233,0.037885,0.045044,0.998266,0,0.16000,0.24000,9.600,0.480,-1,400.000,-1,400.000,-1,325.000,325.000,300.000,300.000,-1,-1,-1,-1,775.000,750.000,-1,-1,2,0,2,0,2,0,0,0,0,2,2,2,2,0,0,2,2
44,2321.439,-4250.513,206.951,27.343,0.888407,-0.458852,-0.013709,0.457443,0.887390,-0.057307,0.038461,0.044641,0.998262,0,0.24000,0.36000,14.400,0.720,-1,400.000,-1,400.000,-1,325.000,325.000,300.000,300.000,-1,-1,-1,-1,775.000,750.000,-1,-1,2,0,2,0,2,0,0,0,0,2,2,2,2,0,0,2,2
45,2338.344,-4241.410,207.661,28.303,0.880598,-0.473667,-0.013663,0.472239,0.879599,-0.057409,0.039211,0.044102,0.998257,0,0.32000,0.48000,19.200,0.960,-1,400.000,-1,400.000,-1,325.000,325.000,300.000,300.000,-1,-1,-1,-1,775.000,750.000,-1,-1,2,0,2,0,2,0,0,0,0,2,2,2,2,0,0,2,2
46,2359.232,-4229.591,208.565,29.503,0.870490,-0.491999,-0.013583,0.490548,0.869512,-0.057541,0.040121,0.043426,0.998251,0,0.40000,0.60000,24.000,1.200,-1,400.000,-1,400.000,-1,325.000,325.000,300.000,300.000,-1,-1,-1,-1,775.000,750.000,-1,-1,2,0,2,0,2,0,0,0,0,2,2,2,2,0,0,2,2
47,2383.933,-4214.783,209.687,30.943,0.857856,-0.513713,-0.013501,0.512236,0.856905,-0.057686,0.041203,0.042571,0.998243,0,0.48000,0.72000,28.800,1.440,-1,400.000,-1,400.000,-1,325.000,325.000,300.000,300.000,-1,-1,-1,-1,775.000,750.000,-1,-1,2,0,2,0,2,0,0,0,0,2,2,2,2,0,0,2,2
48,2412.232,-4196.670,211.074,32.623,0.842426,-0.538641,-0.013567,0.537130,0.841518,-0.057791,0.042546,0.041397,0.998237,0,0.56000,0.84000,33.600,1.680,-1,400.000,-1,400.000,-1,325.000,325.000,300.000,300.000,-1,-1,-1,-1,775.000,750.000,-1,-1,2,0,2,0,2,0,0,0,0,2,2,2,2,0,0,2,2
49,2443.862,-4174.897,212.753,34.543,0.823903,-0.566568,-0.013587,0.565031,0.823050,-0.057698,0.043873,0.039861,0.998242,0,0.64000,0.96000,38.400,1.920,-1,400.000,-1,400.000,-1,325.000,325.000,300.000,300.000,-1,-1,-1,-1,775.000,750.000,-1,-1,2,0,2,0,2,0,0,0,0,2,2,2,2,0,0,2,2
50,2478.585,-4149.196,214.731,36.509,0.803971,-0.594514,-0.013569,0.592961,0.803182,-0.057411,0.045030,0.038111,0.998258,0,0.72000,0.98309,43.200,1.966,-1,400.000,-1,400.000,-1,325.000,325.000,300.000,300.000,-1,-1,-1,-1,775.000,750.000,-1,-1,2,0,2,0,2,0,0,0,0,2,2,2,2,0,0,2,2
51,2516.170,-4119.341,216.968,38.463,0.783216,-0.621602,-0.013519,0.620038,0.782488,-0.057150,0.046103,0.036379,0.998274,0,0.80000,0.97728,48.000,1.955,-1,400.000,-1,400.000,-1,325.000,325.000,300.000,300.000,-1,-1,-1,-1,775.000,750.000,-1,-1,2,0,2,0,2,0,0,0,0,2,2,2,2,0,0,2,2
52,2555.870,-4085.548,219.461,40.405,0.761689,-0.647801,-0.013527,0.646224,0.761023,-0.056907,0.047159,0.034604,0.998288,0,0.86892,0.97093,52.135,1.942,-1,400.000,-1,400.000,-1,325.000,325.000,300.000,300.000,-1,-1,-1,-1,775.000,775.000,-1,-1,2,0,2,0,2,0,0,0,0,2,2,2,2,0,0,2,2
53,2594.437,-4050.400,222.044,42.345,0.739305,-0.673231,-0.013724,0.671636,0.738709,-0.056691,0.048304,0.032694,0.998297,0,0.86968,0.96980,52.181,1.940,-1,400.000,-1,400.000,-1,325.000,325.000,300.000,300.000,-1,-1,-1,-1,775.000,775.000,-1,-1,2,0,2,0,2,0,0,0,0,2,2,2,2,0,0,2,2
54,2631.793,-4013.967,224.626,44.284,0.716073,-0.697889,-0.013797,0.696284,0.715543,-0.056457,0.049273,0.030821,0.998310,0,0.86968,0.96980,52.181,1.940,-1,400.000,-1,400.000,-1,325.000,325.000,300.000,300.000,-1,-1,-1,-1,775.000,775.000,-1,-1,2,0,2,0,2,0,0,0,0,2,2,2,2,0,0,2,2
55,2667.894,-3976.291,227.191,46.224,0.692019,-0.721748,-0.013759,0.720143,0.691551,-0.056135,0.050031,0.028938,0.998328,0,0.86968,0.96980,52.181,1.940,-1,400.000,-1,400.000,-1,325.000,325.000,300.000,300.000,-1,-1,-1,-1,775.000,775.000,-1,-1,2,0,2,0,2,0,0,0,0,2,2,2,2,0,0,2,2
56,2702.700,-3937.414,229.776,48.164,0.667175,-0.744777,-0.013590,0.743173,0.666759,-0.055908,0.050700,0.027201,0.998343,0,0.86968,0.96980,52.181,1.940,-1,400.000,-1,400.000,-1,325.000,325.000,300.000,300.000,-1,-1,-1,-1,775.000,775.000,-1,-1,2,0,2,0,2,0,0,0,0,2,2,2,2,0,0,2,2
57,2736.169,-3897.381,232.373,50.103,0.641569,-0.766950,-0.013309,0.765348,0.641197,-0.055761,0.051299,0.025588,0.998355,0,0.86968,0.96980,52.181,1.940,-1,400.000,-1,400.000,-1,325.000,325.000,300.000,300.000,-1,-1,-1,-1,775.000,775.000,-1,-1,2,0,2,0,2,0,0,0,0,2,2,2,2,0,0,2,2
58,2768.265,-3856.239,234.984,52.043,0.615229,-0.788242,-0.012941,0.786644,0.614895,-0.055643,0.051817,0.024053,0.998367,0,0.86968,0.96980,52.181,1.940,-1,400.000,-1,400.000,-1,325.000,325.000,300.000,300.000,-1,-1,-1,-1,775.000,775.000,-1,-1,2,0,2,0,2,0,0,0,0,2,2,2,2,0,0,2,2
59,2798.949,-3814.033,237.675,53.982,0.588177,-0.808634,-0.012571,0.807055,0.587887,-0.055239,0.052058,0.022344,0.998394,0,0.86968,0.96980,52.181,1.940,-1,400.000,-1,400.000,-1,325.000,325.000,300.000,300.000,-1,-1,-1,-1,775.000,775.000,-1,-1,2,0,2,0,2,0,0,0,0,2,2,2,2,0,0,2,2
60,2828.187,-3770.814,240.376,55.922,0.560453,-0.828098,-0.012138,0.826538,0.560201,-0.054858,0.052228,0.020713,0.998420,0,0.86968,0.96980,52.181,1.940,-1,400.000,-1,400.000,-1,325.000,325.000,300.000,300.000,-1,-1,-1,-1,775.000,775.000,-1,-1,2,0,2,0,2,0,0,0,0,2,2,2,2,0,0,2,2
61,2853.561,-3730.799,242.850,57.622,0.535627,-0.844372,-0.011773,0.842830,0.535409,-0.054536,0.052353,0.019288,0.998442,0,0.78968,0.84980,47.381,1.700,-1,400.000,-1,400.000,-1,325.000,325.000,300.000,300.000,-1,-1,-1,-1,775.000,775.000,-1,-1,2,0,2,0,2,0,0,0,0,2,2,2,2,0,0,2,2
62,2875.796,-3693.675,245.141,59.081,0.513926,-0.857757,-0.011537,0.856227,0.513740,-0.054275,0.052481,0.018015,0.998459,0,0.72124,0.72980,43.274,1.460,-1,400.000,-1,400.000,-1,325.000,325.000,300.000,300.000,-1,-1,-1,-1,775.000,775.000,-1,-1,2,0,2,0,2,0,0,0,0,2,2,2,2,0,0,2,2
63,2897.237,-3656.085,247.440,60.301,0.495538,-0.868513,-0.011294,0.866996,0.495376,-0.054038,0.052528,0.016986,0.998475,0,0.72124,0.60980,43.274,1.220,-1,400.000,-1,400.000,-1,325.000,325.000,300.000,300.000,-1,-1,-1,-1,775.000,775.000,-1,-1,2,0,2,0,2,0,0,0,0,2,2,2,2,0,0,2,2
64,2918.031,-3618.135,249.802,61.280,0.480600,-0.876869,-0.011146,0.875377,0.480463,-0.053582,0.052340,0.015995,0.998501,0,0.72124,0.48980,43.274,0.980,-1,400.000,-1,400.000,-1,325.000,325.000,300.000,300.000,-1,-1,-1,-1,775.000,775.000,-1,-1,2,0,2,0,2,0,0,0,0,2,2,2,2,0,0,2,2
65,2938.334,-3579.919,252.155,62.020,0.469231,-0.883008,-0.010972,0.881536,0.469110,-0.053205,0.052128,0.015294,0.998523,0,0.72124,0.36980,43.274,0.740,-1,400.000,-1,400.000,-1,325.000,325.000,300.000,300.000,-1,-1,-1,-1,775.000,800.000,-1,-1,2,0,2,0,2,0,0,0,0,2,2,2,2,0,0,2,2
66,2958.303,-3541.528,254.497,62.520,0.461510,-0.887070,-0.010768,0.885616,0.461395,-0.052905,0.051899,0.014880,0.998541,0,0.72124,0.24980,43.274,0.500,-1,400.000,-1,400.000,-1,325.000,325.000,300.000,300.000,-1,-1,-1,-1,775.000,800.000,-1,-1,2,0,2,0,2,0,0,0,0,2,2,2,2,0,0,2,2
67,2978.097,-3503.046,256.828,62.779,0.457489,-0.889153,-0.010531,0.887714,0.457372,-0.052677,0.051655,0.014751,0.998556,0,0.72124,0.12980,43.274,0.260,-1,400.000,-1,400.000,-1,325.000,325.000,300.000,300.000,-1,-1,-1,-1,800.000,800.000,-1,-1,2,0,2,0,2,0,0,0,0,2,2,2,2,0,0,2,2
68,2997.879,-3464.558,259.148,62.799,0.457195,-0.889307,-0.010262,0.887880,0.457067,-0.052520,0.051396,0.014900,0.998567,0,0.72124,0.00980,43.274,0.020,-1,400.000,-1,400.000,-1,325.000,325.000,300.000,300.000,-1,-1,-1,-1,800.000,800.000,-1,-1,2,0,2,0,2,0,0,0,0,2,2,2,2,0,0,2,2
69,3017.808,-3426.146,261.418,62.578,0.460621,-0.887539,-0.010143,0.886117,0.460483,-0.052467,0.051238,0.015179,0.998571,0,0.72124,-0.11020,43.274,-0.220,-1,400.000,-1,400.000,-1,325.000,325.000,300.000,300.000,-1,-1,-1,-1,800.000,800.000,-1,-1,2,0,2,0,2,0,0,0,0,2,2,2,2,0,0,2,2
70,3038.045,-3387.895,263.648,62.118,0.467748,-0.883804,-0.010137,0.882381,0.467597,-0.052509,0.051148,0.015616,0.998569,0,0.72124,-0.23020,43.274,-0.460,-1,400.000,-1,400.000,-1,325.000,325.000,300.000,300.000,-1,-1,-1,-1,800.000,800.000,-1,-1,2,0,2,0,2,0,0,0,0,2,2,2,2,0,0,2,2
71,3058.749,-3349.895,265.800,61.417,0.478523,-0.878016,-0.010222,0.876604,0.478362,-0.052294,0.050805,0.016064,0.998579,0,0.72124,-0.35020,43.274,-0.700,-1,400.000,-1,400.000,-1,325.000,325.000,300.000,300.000,-1,-1,-1,-1,800.000,825.000,-1,-1,2,0,2,0,2,0,0,0,0,2,2,2,2,0,0,2,2
72,3080.073,-3312.239,267.886,60.477,0.492874,-0.870039,-0.010359,0.868649,0.492704,-0.051879,0.050241,0.016571,0.998600,0,0.72124,-0.47020,43.274,-0.940,-1,400.000,-1,400.000,-1,325.000,325.000,300.000,300.000,-1,-1,-1,-1,800.000,825.000,-1,-1,2,0,2,0,2,0,0,0,0,2,2,2,2,0,0,2,2
73,3102.168,-3275.031,269.948,59.297,0.510703,-0.859694,-0.010455,0.858326,0.510516,-0.051469,0.049585,0.017312,0.998620,0,0.72124,-0.59020,43.274,-1.180,-1,400.000,-1,400.000,-1,325.000,325.000,300.000,300.000,-1,-1,-1,-1,800.000,825.000,-1,-1,2,0,2,0,2,0,0,0,0,2,2,2,2,0,0,2,2
74,3125.140,-3238.357,271.983,57.937,0.530972,-0.847324,-0.010504,0.845981,0.530763,-0.051062,0.048841,0.018226,0.998640,0,0.72124,-0.67983,43.274,-1.360,-1,400.000,-1,400.000,-1,325.000,325.000,300.000,300.000,-1,-1,-1,-1,825.000,825.000,-1,-1,2,0,2,0,2,0,0,0,0,2,2,2,2,0,0,2,2
75,3148.976,-3202.239,273.995,56.577,0.550943,-0.834477,-0.010506,0.833158,0.550710,-0.050654,0.048055,0.019154,0.998661,0,0.72124,-0.67983,43.274,-1.360,-1,400.000,-1,400.000,-1,325.000,325.000,300.000,300.000,-1,-1,-1,-1,825.000,825.000,-1,-1,2,0,2,0,2,0,0,0,0,2,2,2,2,0,0,2,2
76,3173.662,-3166.697,275.999,55.218,0.570601,-0.821161,-0.010486,0.819871,0.570346,-0.050164,0.047174,0.020027,0.998686,0,0.72124,-0.67983,43.274,-1.360,-1,400.000,-1,400.000,-1,325.000,325.000,300.000,300.000,-1,-1,-1,-1,825.000,850.000,-1,-1,2,0,2,0,2,0,0,0,0,2,2,2,2,0,0,2,2
77,3199.205,-3131.721,277.982,53.859,0.589922,-0.807393,-0.010415,0.806135,0.589644,-0.049669,0.046243,0.020905,0.998711,0,0.72183,-0.67927,43.310,-1.359,-1,400.000,-1,400.000,-1,325.000,325.000,300.000,300.000,-1,-1,-1,-1,825.000,850.000,-1,-1,2,0,2,0,2,0,0,0,0,2,2,2,2,0,0,2,2
78,3225.678,-3097.211,279.930,52.507,0.608827,-0.793238,-0.010204,0.792014,0.608520,-0.049167,0.045210,0.021852,0.998738,0,0.72490,-0.67609,43.494,-1.352,-1,400.000,-1,400.000,-1,325.000,325.000,300.000,300.000,-1,-1,-1,-1,825.000,850.000,-1,-1,2,0,2,0,2,0,0,0,0,2,2,2,2,0,0,2,2
79,3255.811,-3059.471,282.024,51.395,0.624129,-0.781261,-0.009703,0.780079,0.623789,-0.048622,0.044039,0.022777,0.998770,0,0.80490,-0.55609,48.294,-1.112,-1,400.000,-1,400.000,-1,325.000,325.000,300.000,300.000,-1,-1,-1,-1,850.000,850.000,-1,-1,2,0,2,0,2,0,0,0,0,2,2,2,2,0,0,2,2
80,3289.567,-3018.489,284.234,50.523,0.635979,-0.771657,-0.008766,0.770527,0.635594,-0.048047,0.042648,0.023802,0.998807,0,0.88490,-0.43609,53.094,-0.872,-1,400.000,-1,400.000,-1,325.000,325.000,300.000,300.000,-1,-1,-1,-1,850.000,850.000,-1,-1,2,0,2,0,2,0,0,0,0,2,2,2,2,0,0,2,2
81,3326.865,-2974.211,286.592,49.890,0.644487,-0.764578,-0.007545,0.763508,0.644053,-0.047449,0.041138,0.024819,0.998845,0,0.96490,-0.31609,57.894,-0.632,-1,400.000,-1,400.000,-1,325.000,325.000,300.000,300.000,-1,-1,-1,-1,850.000,850.000,-1,-1,2,0,2,0,2,0,0,0,0,2,2,2,2,0,0,2,2
82,3365.713,-2928.727,288.993,49.498,0.649738,-0.760134,-0.006154,0.759126,0.649256,-0.046850,0.039608,0.025769,0.998883,0,0.99694,-0.19609,59.816,-0.392,-1,400.000,-1,400.000,-1,325.000,325.000,300.000,300.000,-1,-1,-1,-1,875.000,850.000,-1,-1,2,0,2,0,2,0,0,0,0,2,2,2,2,0,0,2,2
83,3404.802,-2883.208,291.318,49.346,0.651779,-0.758394,-0.004904,0.757443,0.651261,-0.046247,0.038267,0.026428,0.998918,0,1.00000,-0.07609,60.000,-0.152,-1,400.000,-1,400.000,-1,325.000,325.000,300.000,300.000,-1,-1,-1,-1,875.000,850.000,-1,-1,2,0,2,0,2,0,0,0,0,2,2,2,2,0,0,2,2
84,3443.822,-2837.629,293.523,49.434,0.650627,-0.759387,-0.004014,0.758483,0.650094,-0.045619,0.037252,0.026636,0.998951,0,1.00000,0.04391,60.000,0.088,-1,400.000,-1,400.000,-1,325.000,325.000,300.000,300.000,-1,-1,-1,-1,875.000,875.000,-1,-1,2,0,2,0,2,0,0,0,0,2,2,2,2,0,0,2,2
85,3482.580,-2791.827,295.701,49.762,0.646283,-0.763092,-0.003038,0.762235,0.645737,-0.044973,0.036280,0.026749,0.998984,0,1.00000,0.16391,60.000,0.328,-1,400.000,-1,400.000,-1,325.000,325.000,300.000,300.000,-1,-1,-1,-1,875.000,875.000,-1,-1,2,0,2,0,2,0,0,0,0,2,2,2,2,0,0,2,2
86,3520.957,-2745.705,297.857,50.237,0.639948,-0.768416,-0.001985,0.767606,0.639388,-0.044305,0.035313,0.026829,0.999016,0,1.00000,0.23744,60.000,0.475,1000.000,425.000,-1,400.000,-1,325.000,325.000,300.000,300.000,-1,-1,-1,-1,875.000,875.000,-1,-1,1,0,2,0,2,0,0,0,0,2,2,2,2,1,0,2,2
87,3558.943,-2699.261,299.897,50.721,0.633432,-0.773798,-0.000968,0.773052,0.632875,-0.043140,0.033994,0.026578,0.999069,0,1.00000,0.24216,60.000,0.484,975.000,425.000,-1,400.000,-1,325.000,325.000,300.000,300.000,-1,-1,-1,-1,850.000,875.000,-1,-1,1,0,2,0,2,0,0,0,0,2,2,2,2,1,0,2,2
88,3596.527,-2652.492,301.772,51.215,0.626722,-0.779243,-0.000058,0.778579,0.626192,-0.041224,0.032160,0.025791,0.999150,0,1.00000,0.24703,60.000,0.494,925.000,425.000,-1,400.000,-1,325.000,325.000,300.000,300.000,-1,-1,-1,-1,825.000,875.000,-1,-1,1,0,2,0,2,0,0,0,0,2,2,2,2,1,0,2,2
89,3633.698,-2605.393,303.516,51.719,0.619824,-0.784740,0.000842,0.784162,0.619325,-0.039064,0.030134,0.024873,0.999236,0,1.00000,0.25207,60.000,0.504,875.000,425.000,-1,400.000,-1,325.000,325.000,300.000,300.000,-1,-1,-1,-1,800.000,875.000,-1,-1,1,0,2,0,2,0,0,0,0,2,2,2,2,1,0,2,2
90,3670.445,-2557.963,305.109,52.234,0.612730,-0.790290,0.001746,0.789797,0.612267,-0.036751,0.027975,0.023897,0.999323,0,1.00000,0.25730,60.000,0.515,825.000,425.000,-1,400.000,-1,325.000,325.000,300.000,300.000,-1,-1,-1,-1,775.000,850.000,-1,-1,1,0,2,0,2,0,0,0,0,2,2,2,2,1,0,2,2
91,3706.755,-2510.197,306.583,52.759,0.605445,-0.795882,0.002797,0.795460,0.605001,-0.034876,0.026065,0.023340,0.999388,0,1.00000,0.26273,60.000,0.525,775.000,400.000,-1,400.000,-1,325.000,325.000,300.000,300.000,-1,-1,-1,-1,775.000,850.000,-1,-1,1,0,2,0,2,0,0,0,0,2,2,2,2,1,0,2,2
92,3742.616,-2462.093,308.003,53.296,0.597953,-0.801521,0.003931,0.801165,0.597525,-0.033150,0.024222,0.022971,0.999443,0,1.00000,0.26836,60.000,0.537,725.000,400.000,-1,400.000,-1,325.000,325.000,300.000,300.000,-1,-1,-1,-1,750.000,850.000,-1,-1,1,0,2,0,2,0,0,0,0,2,2,2,2,1,0,2,2
93,3778.015,-2413.648,309.388,53.844,0.590244,-0.807209,0.005127,0.806915,0.589828,-0.031485,0.022391,0.022721,0.999491,0,1.00000,0.27423,60.000,0.548,675.000,400.000,-1,400.000,-1,325.000,325.000,300.000,300.000,-1,-1,-1,-1,750.000,850.000,-1,-1,1,0,2,0,2,0,0,0,0,2,2,2,2,1,0,2,2
94,3812.938,-2364.859,310.585,54.405,0.582312,-0.812934,0.007109,0.812716,0.581895,-0.029840,0.020121,0.023154,0.999529,0,1.00000,0.28034,60.000,0.561,625.000,400.000,-1,400.000,-1,325.000,325.000,300.000,300.000,-1,-1,-1,-1,725.000,825.000,-1,-1,1,0,2,0,2,0,0,0,0,2,2,2,2,1,0,2,2
95,3847.371,-2315.723,311.762,54.978,0.574139,-0.818708,0.009082,0.818562,0.573724,-0.028241,0.017911,0.023648,0.999560,0,1.00000,0.28672,60.000,0.573,600.000,400.000,-1,400.000,-1,325.000,325.000,300.000,300.000,-1,-1,-1,-1,725.000,825.000,-1,-1,1,0,2,0,2,0,0,0,0,2,2,2,2,1,0,2,2
96,3881.299,-2266.237,312.917,55.565,0.565712,-0.824529,0.011061,0.824452,0.565302,-0.026685,0.015750,0.024215,0.999583,0,1.00000,0.29338,60.000,0.587,550.000,400.000,-1,400.000,-1,325.000,325.000,300.000,300.000,-1,-1,-1,-1,725.000,800.000,-1,-1,1,1,2,0,2,0,0,0,0,2,2,2,2,1,0,2,2
97,3914.706,-2216.398,314.032,56.166,0.557020,-0.830395,0.013136,0.830388,0.556617,-0.025162,0.013583,0.024924,0.999597,0,1.00000,0.30034,60.000,0.601,500.000,375.000,-1,400.000,-1,325.000,325.000,300.000,300.000,-1,-1,-1,-1,750.000,800.000,-1,-1,1,1,2,0,2,0,0,0,0,2,2,2,2,1,0,2,2
98,3947.576,-2166.203,315.086,56.781,0.548049,-0.836313,0.014917,0.836365,0.547660,-0.023705,0.011656,0.025468,0.999608,0,1.00000,0.30763,60.000,0.615,475.000,375.000,-1,400.000,-1,325.000,325.000,300.000,300.000,-1,-1,-1,-1,775.000,800.000,-1,-1,1,1,2,0,2,1,0,0,0,2,2,2,2,1,0,2,2
99,3979.892,-2115.649,315.944,57.412,0.538792,-0.842293,0.015691,0.842375,0.538427,-0.022397,0.010416,0.025285,0.999626,0,1.00000,0.31526,60.000,0.631,450.000,375.000,-1,400.000,-1,325.000,325.000,300.000,300.000,-1,-1,-1,-1,825.000,800.000,-1,-1,1,1,2,0,2,1,0,0,0,2,2,2,2,0,0,2,2
100,4011.636,-2064.734,316.757,58.058,0.529233,-0.848321,0.016249,0.848425,0.528893,-0.021177,0.009370,0.024994,0.999644,0,1.00000,0.32325,60.000,0.646,400.000,375.000,-1,400.000,-1,325.000,325.000,300.000,300.000,-1,-1,-1,-1,800.000,800.000,-1,-1,1,1,2,0,2,0,0,0,0,2,2,2,2,0,0,2,2
101,4042.786,-2013.454,318.829,58.721,0.519495,-0.854269,0.018666,0.854369,0.518967,-0.026961,0.013345,0.029954,0.999462,0,1.00000,0.33161,60.000,0.663,425.000,400.000,-1,400.000,-1,325.000,325.000,325.000,300.000,-1,-1,-1,-1,875.000,825.000,-1,-1,1,1,2,0,2,0,0,0,0,2,2,2,2,0,0,2,2
102,4073.324,-1961.807,320.812,59.402,0.509445,-0.860245,0.021068,0.860333,0.508704,-0.032367,0.017127,0.034615,0.999254,0,1.00000,0.34037,60.000,0.681,450.000,425.000,-1,425.000,-1,350.000,350.000,325.000,300.000,-1,-1,-1,-1,925.000,850.000,-1,-1,1,1,2,0,2,0,0,1,0,2,2,2,2,0,0,2,2
103,4103.231,-1909.792,322.502,60.101,0.499033,-0.866277,0.023053,0.866351,0.498107,-0.036395,0.020045,0.038134,0.999072,0,1.00000,0.34952,60.000,0.699,475.000,450.000,-1,425.000,-1,350.000,350.000,300.000,300.000,-1,-1,-1,-1,975.000,850.000,-1,-1,1,0,2,0,2,0,0,1,0,2,2,2,2,0,0,2,2
104,4132.483,-1857.406,323.793,60.819,0.488247,-0.872353,0.024809,0.872416,0.487155,-0.039627,0.022483,0.040992,0.998907,0,1.00000,0.35908,60.000,0.718,525.000,475.000,-1,425.000,-1,375.000,350.000,275.000,300.000,-1,-1,-1,-1,-1,875.000,-1,-1,1,0,2,0,2,0,0,1,0,2,2,2,2,2,0,2,2
105,4161.059,-1804.647,324.779,61.557,0.477052,-0.878484,0.026223,0.878542,0.475838,-0.041733,0.024184,0.042947,0.998785,0,1.00000,0.36905,60.000,0.738,-1,475.000,-1,450.000,-1,375.000,350.000,275.000,300.000,-1,-1,-1,-1,-1,900.000,-1,-1,2,0,2,0,2,0,0,1,0,2,2,2,2,2,0,2,2
106,4188.933,-1751.516,325.383,62.316,0.465420,-0.884652,0.027822,0.884746,0.464133,-0.042489,0.024675,0.044391,0.998709,0,1.00000,0.37939,60.000,0.759,-1,475.000,-1,450.000,-1,375.000,375.000,250.000,300.000,-1,-1,-1,-1,-1,900.000,-1,-1,2,0,2,0,2,0,0,1,0,2,2,2,2,2,0,2,2
107,4216.082,-1698.009,325.737,63.096,0.453337,-0.890868,0.028986,0.891003,0.452033,-0.042184,0.024478,0.044950,0.998689,0,1.00000,0.39010,60.000,0.780,-1,475.000,-1,450.000,-1,375.000,375.000,225.000,300.000,-1,-1,-1,-1,-1,900.000,-1,-1,2,0,2,0,2,0,0,1,0,2,2,2,2,2,0,2,2
108,4242.480,-1644.129,325.880,63.899,0.440782,-0.897124,0.029659,0.897304,0.439522,-0.040808,0.023574,0.044600,0.998727,0,1.00000,0.40113,60.000,0.802,-1,475.000,-1,450.000,-1,375.000,350.000,225.000,300.000,-1,-1,-1,-1,-1,900.000,-1,-1,2,0,2,0,2,0,0,1,0,2,2,2,2,2,0,2,2
109,4268.100,-1589.874,325.834,64.724,0.427747,-0.903407,0.029821,0.903631,0.426584,-0.038432,0.021998,0.043386,0.998816,0,1.00000,0.41242,60.000,0.825,1000.000,475.000,-1,425.000,-1,375.000,350.000,200.000,300.000,-1,-1,-1,-1,975.000,900.000,-1,-1,1,0,2,0,2,0,0,1,0,2,2,2,2,1,0,2,2
110,4292.930,-1535.253,325.610,65.555,0.414486,-0.909579,0.029442,0.909841,0.413468,-0.035124,0.019774,0.041346,0.998949,0,1.00000,0.41565,60.000,0.831,925.000,475.000,-1,425.000,-1,375.000,350.000,175.000,300.000,-1,-1,-1,-1,925.000,900.000,-1,-1,1,0,2,0,2,0,0,1,0,2,2,2,2,1,0,2,2
111,4315.255,-1484.770,325.162,66.146,0.404939,-0.913905,0.028323,0.914189,0.404107,-0.030927,0.016819,0.038416,0.999120,0,0.92000,0.29565,55.200,0.591,875.000,450.000,-1,425.000,-1,350.000,350.000,175.000,300.000,-1,-1,-1,-1,875.000,875.000,975.000,-1,1,0,2,0,2,0,0,1,0,2,2,2,2,1,0,1,2
112,4335.355,-1438.551,325.032,66.497,0.399152,-0.916420,0.029187,0.916813,0.398520,-0.025215,0.011475,0.036823,0.999256,0,0.84000,0.17565,50.400,0.351,825.000,450.000,-1,425.000,-1,350.000,350.000,175.000,300.000,-1,-1,-1,-1,825.000,850.000,900.000,-1,1,0,2,0,2,0,0,1,0,2,2,2,2,1,0,1,2
113,4353.459,-1396.699,325.453,66.609,0.397112,-0.917168,0.033228,0.917765,0.396728,-0.017733,0.003082,0.037538,0.999290,0,0.76000,0.05565,45.600,0.111,775.000,425.000,-1,400.000,-1,350.000,325.000,175.000,300.000,-1,-1,-1,-1,800.000,800.000,850.000,-1,1,0,2,0,2,0,0,1,0,2,2,2,2,1,0,1,2
114,4369.742,-1359.289,325.328,66.480,0.398881,-0.916322,0.035334,0.916986,0.398808,-0.009388,-0.005489,0.036146,0.999331,0,0.68000,-0.06435,40.800,-0.129,750.000,425.000,-1,400.000,-1,325.000,325.000,150.000,300.000,-1,-1,-1,-1,750.000,750.000,800.000,-1,1,0,2,0,2,0,0,1,0,2,2,2,2,1,0,1,2
115,4384.322,-1326.374,325.363,66.111,0.404533,-0.913756,0.037458,0.914442,0.404705,-0.003204,-0.012232,0.035550,0.999293,0,0.60000,-0.18435,36.000,-0.369,725.000,400.000,-1,375.000,-1,325.000,325.000,150.000,300.000,-1,-1,-1,-1,725.000,725.000,750.000,-1,1,0,2,0,2,0,0,1,0,2,2,2,2,1,0,1,2
116,4398.071,-1296.198,326.181,65.503,0.414056,-0.909314,0.041314,0.910117,0.414348,-0.001625,-0.015640,0.038273,0.999145,0,0.55268,-0.30435,33.161,-0.609,700.000,400.000,1000.000,375.000,-1,325.000,325.000,150.000,275.000,-1,-1,-1,-1,700.000,700.000,725.000,-1,1,0,1,0,2,0,0,1,0,2,2,2,2,1,0,1,2
117,4412.040,-1266.706,326.923,64.654,0.427310,-0.902988,0.044931,0.903907,0.427729,-0.000308,-0.018940,0.040745,0.998990,0,0.54388,-0.42435,32.633,-0.849,675.000,400.000,1000.000,375.000,-1,325.000,300.000,175.000,275.000,-1,-1,-1,-1,675.000,700.000,700.000,-1,1,0,1,0,2,0,0,1,0,2,2,2,2,1,0,1,2
118,4426.262,-1237.958,327.541,63.676,0.442495,-0.895476,0.048183,0.896502,0.443038,0.000668,-0.021945,0.042901,0.998838,0,0.53455,-0.48897,32.073,-0.978,650.000,400.000,975.000,375.000,-1,325.000,300.000,175.000,275.000,-1,-1,-1,-1,650.000,675.000,675.000,-1,1,0,1,0,2,0,0,1,0,2,2,2,2,1,0,1,2
119,4440.715,-1209.960,327.967,62.697,0.457595,-0.887700,0.050945,0.888826,0.458243,0.001181,-0.024393,0.044741,0.998701,0,0.52513,-0.48969,31.508,-0.979,625.000,400.000,975.000,375.000,-1,325.000,300.000,175.000,275.000,-1,-1,-1,-1,625.000,675.000,650.000,-1,1,0,1,0,2,0,0,1,0,2,2,2,2,1,0,1,2
120,4455.388,-1182.690,328.256,61.715,0.472614,-0.879669,0.053091,0.880873,0.473351,0.001492,-0.026443,0.046061,0.998589,0,0.51611,-0.49067,30.966,-0.981,600.000,400.000,950.000,375.000,-1,325.000,300.000,200.000,275.000,-1,-1,-1,-1,600.000,650.000,625.000,-1,1,0,1,0,2,0,0,1,0,2,2,2,2,1,0,1,2
121,4470.276,-1156.126,328.407,60.731,0.487560,-0.871380,0.054613,0.872637,0.488366,0.001634,-0.028095,0.046861,0.998506,0,0.50753,-0.49189,30.452,-0.984,575.000,400.000,950.000,375.000,-1,325.000,300.000,200.000,275.000,-1,-1,-1,-1,575.000,650.000,600.000,-1,1,0,1,0,2,0,0,1,0,2,2,2,2,1,0,1,2
122,4485.375,-1130.240,328.368,59.745,0.502425,-0.862822,0.055746,0.864118,0.503287,0.001673,-0.029499,0.047330,0.998444,0,0.49946,-0.49333,29.967,-0.987,550.000,400.000,975.000,375.000,-1,325.000,300.000,200.000,275.000,-1,-1,-1,-1,575.000,650.000,575.000,-1,1,0,1,0,2,0,0,1,0,2,2,2,2,1,0,1,2
123,4500.684,-1105.006,328.154,58.755,0.517214,-0.853994,0.056420,0.855308,0.518117,0.001621,-0.030616,0.047418,0.998406,0,0.49191,-0.49498,29.514,-0.990,525.000,400.000,975.000,350.000,-1,325.000,300.000,225.000,275.000,-1,-1,-1,-1,550.000,650.000,550.000,-1,1,0,1,0,2,0,0,1,0,2,2,2,2,1,0,1,2
124,4516.205,-1080.397,327.802,57.761,0.531940,-0.844899,0.056442,0.846202,0.532860,0.001481,-0.031327,0.046974,0.998405,0,0.48490,-0.49682,29.094,-0.994,500.000,400.000,-1,350.000,-1,325.000,300.000,225.000,275.000,-1,-1,-1,-1,525.000,650.000,525.000,-1,1,0,2,0,2,0,0,1,0,2,2,2,2,1,0,1,2
125,4531.940,-1056.386,327.314,56.764,0.546602,-0.835531,0.055806,0.836795,0.547515,0.001286,-0.031629,0.045995,0.998441,0,0.47846,-0.49883,28.707,-0.998,475.000,400.000,-1,350.000,-1,325.000,300.000,250.000,275.000,475.000,-1,-1,-1,525.000,650.000,500.000,-1,1,0,2,0,2,0,0,1,0,1,2,2,2,1,0,1,2
126,4547.894,-1032.946,326.726,55.762,0.561208,-0.825891,0.054320,0.827079,0.562085,0.001056,-0.031405,0.044335,0.998523,0,0.47257,-0.50100,28.354,-1.002,450.000,400.000,-1,350.000,-1,325.000,300.000,250.000,275.000,400.000,-1,-1,-1,500.000,650.000,475.000,-1,1,0,2,0,2,0,0,1,0,1,2,2,2,1,0,1,2
127,4564.073,-1010.051,326.013,54.755,0.575746,-0.815968,0.052090,0.817051,0.576564,0.000842,-0.030720,0.042076,0.998642,0,0.46723,-0.50333,28.034,-1.007,425.000,400.000,-1,350.000,-1,325.000,300.000,275.000,275.000,375.000,-1,-1,-1,500.000,650.000,450.000,-1,1,0,2,0,2,0,0,1,0,1,2,2,2,1,0,1,2
128,4580.483,-987.678,325.161,53.743,0.590206,-0.805754,0.049165,0.806710,0.590948,0.000685,-0.029606,0.039257,0.998790,0,0.46244,-0.50580,27.746,-1.012,400.000,400.000,-1,375.000,-1,325.000,300.000,275.000,275.000,325.000,-1,-1,-1,475.000,650.000,425.000,-1,1,1,2,0,2,0,0,1,0,1,2,2,2,1,0,1,2
129,4597.133,-965.803,324.170,52.727,0.604580,-0.795242,0.045537,0.796050,0.605230,0.000624,-0.028057,0.035873,0.998962,0,0.45818,-0.50839,27.491,-1.017,375.000,400.000,-1,375.000,-1,325.000,300.000,275.000,275.000,325.000,-1,-1,-1,475.000,675.000,400.000,-1,1,1,2,0,2,0,0,1,0,1,2,2,2,1,0,1,2
130,4614.030,-944.405,323.036,51.704,0.618856,-0.784423,0.041200,0.785072,0.619404,0.000695,-0.026065,0.031915,0.999151,0,0.45442,-0.51111,27.265,-1.022,350.000,375.000,-1,375.000,-1,325.000,300.000,300.000,275.000,300.000,-1,-1,-1,450.000,675.000,375.000,-1,1,1,2,0,2,0,0,1,0,1,2,2,2,1,0,1,2
131,4631.185,-923.466,321.757,50.676,0.633022,-0.773290,0.036145,0.773774,0.633461,0.000939,-0.023622,0.027374,0.999346,0,0.45115,-0.51394,27.069,-1.028,325.000,375.000,-1,375.000,-1,325.000,325.000,300.000,300.000,300.000,-1,-1,-1,450.000,700.000,350.000,-1,1,1,2,0,2,0,0,1,0,1,2,2,2,1,0,1,2
132,4648.606,-902.968,320.266,49.643,0.647072,-0.761837,0.030029,0.762153,0.647396,0.001406,-0.020511,0.021977,0.999548,0,0.44836,-0.51687,26.901,-1.034,300.000,350.000,-1,375.000,-1,325.000,325.000,300.000,300.000,300.000,-1,-1,-1,425.000,700.000,350.000,-1,1,1,2,0,2,0,0,1,0,1,2,2,2,1,0,1,2
133,4666.303,-882.894,318.603,48.603,0.660979,-0.750050,0.023069,0.750215,0.661191,0.002145,-0.016862,0.015889,0.999732,0,0.44601,-0.51991,26.761,-1.040,300.000,350.000,-1,375.000,-1,325.000,325.000,300.000,300.000,300.000,375.000,-1,-1,425.000,725.000,325.000,-1,1,1,2,0,2,0,0,0,0,1,1,2,2,1,0,1,2
134,4684.285,-863.231,317.322,47.557,0.674667,-0.737899,0.018141,0.737981,0.674815,0.003013,-0.014465,0.011355,0.999831,0,0.44409,-0.52304,26.646,-1.046,275.000,350.000,-1,400.000,-1,325.000,325.000,300.000,300.000,300.000,325.000,-1,-1,425.000,750.000,300.000,-1,1,1,2,0,2,0,0,0,0,1,1,2,2,1,0,1,2
135,4702.563,-843.968,316.942,46.504,0.688109,-0.725386,0.017919,0.725453,0.688262,0.003672,-0.014997,0.010472,0.999833,0,0.44258,-0.52626,26.555,-1.053,250.000,325.000,-1,400.000,-1,325.000,325.000,300.000,300.000,300.000,325.000,-1,-1,400.000,750.000,275.000,-1,1,1,2,0,2,0,0,0,0,1,1,2,2,1,0,1,2
136,4721.146,-825.094,316.552,45.445,0.701401,-0.712547,0.017696,0.712598,0.701559,0.004353,-0.015517,0.009557,0.999834,0,0.44146,-0.52956,26.487,-1.059,225.000,325.000,-1,400.000,-1,325.000,325.000,300.000,300.000,325.000,350.000,-1,-1,400.000,725.000,250.000,-1,1,1,2,0,2,0,0,0,0,1,1,2,2,1,0,1,2
137,4740.045,-806.600,316.151,44.379,0.714537,-0.699379,0.017473,0.699414,0.714699,0.005056,-0.016024,0.008608,0.999835,0,0.44070,-0.53294,26.442,-1.066,225.000,325.000,-1,375.000,-1,325.000,325.000,300.000,300.000,350.000,350.000,-1,-1,400.000,725.000,250.000,-1,1,1,2,0,2,1,0,0,0,1,1,2,2,1,0,1,2
