timestep,x_cm,y_cm,z_cm,yaw_deg,basis_xx,basis_xy,basis_xz,basis_yx,basis_yy,basis_yz,basis_zx,basis_zy,basis_zz,teleport_flag,throttle_cmd,steering_cmd,cmd_move_cm,cmd_turn_deg,lidar_cm_0,lidar_cm_1,lidar_cm_2,lidar_cm_3,lidar_cm_4,lidar_cm_5,lidar_cm_6,lidar_cm_7,lidar_cm_8,lidar_cm_9,lidar_cm_10,lidar_cm_11,lidar_cm_12,lidar_cm_13,lidar_cm_14,lidar_cm_15,lidar_cm_16,lidar_class_0,lidar_class_1,lidar_class_2,lidar_class_3,lidar_class_4,lidar_class_5,lidar_class_6,lidar_class_7,lidar_class_8,lidar_class_9,lidar_class_10,lidar_class_11,lidar_class_12,lidar_class_13,lidar_class_14,lidar_class_15,lidar_class_16
0,-3604.359,3604.112,-294.577,-47.161,0.680066,0.732856,-0.020791,-0.733130,0.679561,-0.026779,-0.005497,0.033454,0.999425,1,0.08000,-0.12000,4.800,-0.240,-1,400.000,800.000,400.000,400.000,325.000,325.000,275.000,275.000,-1,-1,-1,-1,725.000,475.000,-1,425.000,2,0,1,0,1,0,0,0,0,2,2,2,2,0,1,2,1
1,-3597.890,3597.018,-294.574,-47.641,0.673911,0.738522,-0.020727,-0.738789,0.673397,-0.026979,-0.005967,0.033494,0.999421,0,0.16000,-0.24000,9.600,-0.480,-1,400.000,775.000,400.000,400.000,325.000,325.000,275.000,275.000,-1,-1,-1,-1,725.000,475.000,-1,425.000,2,0,1,0,1,0,0,0,0,2,2,2,2,0,1,2,1
2,-3588.322,3586.256,-294.573,-48.361,0.664589,0.746924,-0.020637,-0.747179,0.664062,-0.027304,-0.006690,0.033566,0.999414,0,0.24000,-0.36000,14.400,-0.720,-1,400.000,750.000,400.000,375.000,325.000,325.000,275.000,275.000,-1,-1,-1,-1,725.000,450.000,-1,400.000,2,0,1,1,1,0,0,0,0,2,2,2,2,0,1,2,1
3,-3575.807,3571.695,-294.587,-49.321,0.651998,0.757942,-0.020527,-0.758182,0.651452,-0.027757,-0.007666,0.033661,0.999404,0,0.32000,-0.48000,19.200,-0.960,-1,400.000,725.000,375.000,350.000,325.000,325.000,275.000,275.000,-1,-1,-1,-1,725.000,450.000,-1,400.000,2,0,1,1,1,0,0,0,0,2,2,2,2,0,1,2,1
4,-3560.548,3553.171,-294.643,-50.521,0.636002,0.771418,-0.020391,-0.771637,0.635435,-0.028271,-0.008852,0.033715,0.999392,0,0.40000,-0.60000,24.000,-1.200,-1,400.000,675.000,375.000,350.000,325.000,325.000,275.000,275.000,-1,-1,-1,-1,725.000,425.000,-1,375.000,2,0,1,1,1,0,0,0,0,2,2,2,2,0,1,2,1
5,-3542.802,3530.488,-294.767,-51.961,0.616438,0.787144,-0.020227,-0.787337,0.615849,-0.028811,-0.010221,0.033686,0.999380,0,0.48000,-0.72000,28.800,-1.440,-1,400.000,625.000,350.000,325.000,325.000,325.000,275.000,275.000,-1,-1,-1,-1,725.000,400.000,-1,350.000,2,0,1,1,1,0,0,0,0,2,2,2,2,1,1,2,1
6,-3522.882,3503.429,-294.991,-53.641,0.593120,0.804865,-0.020034,-0.805028,0.592511,-0.029333,-0.011739,0.033526,0.999369,0,0.56000,-0.84000,33.600,-1.680,-1,400.000,575.000,325.000,300.000,325.000,325.000,275.000,275.000,-1,-1,-1,-1,650.000,375.000,950.000,300.000,2,0,1,1,1,0,0,0,0,2,2,2,2,1,1,1,1
7,-3501.057,3471.834,-295.333,-55.364,0.568670,0.822329,-0.019728,-0.822459,0.568046,-0.029769,-0.013273,0.033154,0.999362,0,0.64000,-0.86165,38.400,-1.723,-1,400.000,500.000,300.000,250.000,325.000,300.000,300.000,275.000,-1,-1,-1,-1,600.000,325.000,825.000,275.000,2,0,1,1,1,0,1,0,0,2,2,2,2,1,1,1,1
8,-3479.437,3438.427,-295.779,-57.089,0.543678,0.839071,-0.019330,-0.839164,0.543046,-0.030077,-0.014740,0.032574,0.999361,0,0.66319,-0.86245,39.792,-1.725,-1,400.000,450.000,275.000,225.000,325.000,275.000,300.000,275.000,-1,-1,-1,-1,525.000,300.000,750.000,225.000,2,0,1,1,1,0,1,0,0,2,2,2,2,1,1,1,1
9,-3458.767,3404.275,-296.322,-58.816,0.518162,0.855074,-0.018879,-0.855131,0.517529,-0.030252,-0.016097,0.031819,0.999364,0,0.66534,-0.86335,39.920,-1.727,925.000,375.000,400.000,225.000,200.000,300.000,250.000,300.000,275.000,-1,-1,-1,-1,450.000,275.000,650.000,200.000,1,1,1,1,1,1,1,0,0,2,2,2,2,1,1,1,1
10,-3439.073,3369.401,-296.962,-60.544,0.492143,0.870321,-0.018366,-0.870342,0.491516,-0.030293,-0.017338,0.030893,0.999372,0,0.66750,-0.86426,40.050,-1.729,800.000,325.000,350.000,200.000,175.000,275.000,200.000,300.000,275.000,-1,-1,-1,-1,400.000,225.000,575.000,175.000,1,1,1,1,1,1,1,0,0,2,2,2,2,1,1,1,1
11,-3420.382,3333.832,-294.217,-62.275,0.465339,0.885062,-0.011128,-0.885095,0.465168,-0.015013,-0.008111,0.016836,0.999825,0,0.66968,-0.86518,40.181,-1.730,675.000,300.000,325.000,200.000,150.000,250.000,200.000,300.000,300.000,-1,-1,-1,-1,350.000,225.000,500.000,150.000,1,1,1,1,1,1,1,0,0,2,2,2,2,1,1,1,1
12,-3402.716,3297.597,-288.951,-64.007,0.438304,0.898824,0.002475,-0.898781,0.438252,0.011284,0.009058,-0.007170,0.999933,0,0.67188,-0.86611,40.313,-1.732,575.000,275.000,300.000,175.000,150.000,225.000,175.000,275.000,350.000,850.000,425.000,-1,-1,325.000,200.000,450.000,150.000,1,1,1,1,1,1,1,0,0,0,0,2,2,1,1,1,1
13,-3386.094,3260.725,-283.698,-65.741,0.411485,0.911240,0.017953,-0.911028,0.410655,0.037276,0.026595,-0.031694,0.999144,0,0.67407,-0.86707,40.444,-1.734,500.000,225.000,275.000,175.000,150.000,200.000,175.000,250.000,425.000,600.000,175.000,425.000,-1,275.000,200.000,375.000,150.000,1,1,1,1,1,1,1,0,0,0,0,0,2,1,1,1,1
14,-3370.542,3223.245,-278.471,-67.477,0.385003,0.922240,0.035295,-0.921846,0.382435,0.062800,0.044419,-0.056715,0.997402,0,0.67627,-0.86806,40.576,-1.736,400.000,200.000,250.000,150.000,150.000,175.000,150.000,250.000,475.000,425.000,100.000,300.000,-1,250.000,175.000,325.000,125.000,1,1,1,1,1,1,1,0,1,0,0,0,2,1,1,1,1
15,-3356.081,3185.189,-273.153,-69.215,0.358923,0.931795,0.054147,-0.931303,0.353671,0.087127,0.062035,-0.081699,0.994725,0,0.67847,-0.86909,40.708,-1.738,325.000,175.000,225.000,150.000,150.000,150.000,150.000,225.000,525.000,325.000,75.000,250.000,-1,200.000,175.000,275.000,125.000,1,1,1,1,1,1,1,0,1,0,0,0,2,1,1,1,1
16,7130.608,4637.423,56.447,-113.472,-0.392794,0.915918,-0.082504,-0.915846,-0.397729,-0.055123,-0.083302,0.053909,0.995065,1,0.00000,0.00000,40.839,-1.740,-1,-1,-1,-1,-1,-1,-1,300.000,250.000,-1,-1,-1,-1,-1,-1,-1,-1,2,2,2,2,2,2,2,0,1,2,2,2,2,2,2,2,2
17,7128.677,4633.028,55.482,-113.712,-0.396465,0.914288,-0.083021,-0.914004,-0.401581,-0.057707,-0.086100,0.053003,0.994876,0,0.08000,-0.12000,4.800,-0.240,-1,-1,-1,-1,-1,-1,-1,275.000,250.000,-1,-1,-1,-1,-1,-1,-1,-1,2,2,2,2,2,2,2,0,1,2,2,2,2,2,2,2,2
18,7124.742,4624.270,53.511,-114.186,-0.403682,0.911025,-0.084106,-0.910282,-0.409169,-0.062996,-0.091804,0.051130,0.994464,0,0.16000,-0.23692,9.600,-0.474,-1,-1,-1,-1,-1,-1,-1,275.000,250.000,-1,-1,-1,-1,-1,-1,-1,-1,2,2,2,2,2,2,2,0,1,2,2,2,2,2,2,2,2
19,7118.731,4611.182,50.566,-114.659,-0.410694,0.907738,-0.085693,-0.906251,-0.416728,-0.071044,-0.100200,0.048482,0.993785,0,0.24000,-0.23641,14.400,-0.473,-1,-1,-1,-1,-1,-1,-1,250.000,250.000,-1,-1,-1,-1,-1,-1,-1,-1,2,2,2,2,2,2,2,0,1,2,2,2,2,2,2,2,2
20,7110.573,4593.798,46.545,-115.131,-0.417496,0.904421,-0.087863,-0.901805,-0.424268,-0.082128,-0.111555,0.044947,0.992741,0,0.32000,-0.23619,19.200,-0.472,-1,-1,-1,-1,-1,-1,-1,250.000,275.000,-1,-1,-1,-1,-1,-1,-1,-1,2,2,2,2,2,2,2,0,1,2,2,2,2,2,2,2,2
21,7100.197,4572.152,41.317,-115.604,-0.424088,0.901067,-0.090706,-0.896784,-0.431796,-0.096592,-0.126202,0.040380,0.991182,0,0.40000,-0.23626,24.000,-0.473,-1,-1,-1,-1,-1,-1,-1,225.000,275.000,-1,-1,-1,-1,-1,-1,-1,-1,2,2,2,2,2,2,2,1,1,2,2,2,2,2,2,2,2
22,9511.044,-5575.380,-103.955,12.938,0.962405,-0.223625,-0.154173,0.212500,0.973420,-0.085422,0.169177,0.049449,0.984344,1,0.00000,0.00000,28.800,-0.473,-1,-1,-1,825.000,-1,750.000,625.000,300.000,175.000,600.000,0.000,-1,-1,-1,-1,-1,-1,2,2,2,0,2,0,0,1,1,1,1,2,2,2,2,2,2
23,-6891.656,-6889.283,-173.680,-155.540,-0.909178,0.413707,0.047357,-0.415085,-0.909468,-0.023920,0.033174,-0.041405,0.998592,1,0.08000,-0.12000,4.800,-0.240,-1,375.000,-1,375.000,-1,325.000,300.000,325.000,325.000,-1,-1,-1,-1,750.000,725.000,-1,-1,2,0,2,0,2,0,0,0,0,2,2,2,2,0,0,2,2
24,-6900.427,-6893.184,-173.366,-156.020,-0.912598,0.406076,0.047611,-0.407463,-0.912908,-0.023935,0.033745,-0.041242,0.998579,0,0.16000,-0.24000,9.600,-0.480,-1,375.000,-1,375.000,-1,325.000,300.000,325.000,325.000,-1,-1,-1,-1,750.000,725.000,-1,-1,2,0,2,0,2,0,0,0,0,2,2,2,2,0,0,2,2
25,-6913.633,-6898.925,-172.878,-156.506,-0.915990,0.398322,0.047986,-0.399722,-0.916323,-0.023960,0.034427,-0.041128,0.998561,0,0.24000,-0.24295,14.400,-0.486,-1,375.000,-1,375.000,-1,325.000,300.000,325.000,325.000,-1,-1,-1,-1,750.000,750.000,-1,-1,2,0,2,0,2,0,0,0,0,2,2,2,2,0,0,2,2
26,-6931.306,-6906.430,-172.210,-156.992,-0.919310,0.390537,0.048480,-0.391956,-0.919671,-0.023991,0.035216,-0.041057,0.998536,0,0.32000,-0.24295,19.200,-0.486,-1,375.000,-1,375.000,-1,325.000,300.000,325.000,325.000,-1,-1,-1,-1,750.000,750.000,-1,-1,2,0,2,0,2,0,0,0,0,2,2,2,2,0,0,2,2
27,-6953.476,-6915.623,-171.356,-157.477,-0.922557,0.382725,0.049088,-0.384166,-0.922951,-0.024025,0.036111,-0.041023,0.998505,0,0.40000,-0.24295,24.000,-0.486,-1,375.000,-1,375.000,-1,325.000,325.000,325.000,325.000,-1,-1,-1,-1,750.000,750.000,-1,-1,2,0,2,0,2,0,0,0,0,2,2,2,2,0,0,2,2
28,-6980.172,-6926.428,-170.307,-157.963,-0.925733,0.374884,0.049808,-0.376353,-0.926164,-0.024057,0.037112,-0.041016,0.998469,0,0.48000,-0.24295,28.800,-0.486,-1,375.000,-1,375.000,-1,325.000,325.000,325.000,325.000,-1,-1,-1,-1,750.000,750.000,-1,-1,2,0,2,0,2,0,0,0,0,2,2,2,2,0,0,2,2
29,-7011.423,-6938.770,-169.056,-158.449,-0.928835,0.367016,0.050637,-0.368516,-0.929309,-0.024082,0.038219,-0.041029,0.998427,0,0.56000,-0.24295,33.600,-0.486,-1,375.000,-1,375.000,-1,325.000,325.000,325.000,325.000,-1,-1,-1,-1,775.000,750.000,-1,-1,2,0,2,0,2,0,0,0,0,2,2,2,2,0,0,2,2
30,-7047.257,-6952.572,-167.592,-158.935,-0.931865,0.359121,0.051574,-0.360656,-0.932388,-0.024096,0.039433,-0.041055,0.998378,0,0.64000,-0.24295,38.400,-0.486,-1,400.000,-1,400.000,-1,325.000,325.000,325.000,325.000,-1,-1,-1,-1,775.000,750.000,-1,-1,2,0,2,0,2,0,0,0,0,2,2,2,2,0,0,2,2
31,-7087.701,-6967.757,-165.907,-159.421,-0.934821,0.351201,0.052617,-0.352774,-0.935398,-0.024094,0.040756,-0.041085,0.998324,0,0.72000,-0.24295,43.200,-0.486,-1,400.000,-1,400.000,-1,325.000,325.000,325.000,325.000,-1,-1,-1,-1,775.000,775.000,-1,-1,2,0,2,0,2,0,0,0,0,2,2,2,2,0,0,2,2
32,-7132.780,-6984.247,-163.970,-159.907,-0.937704,0.343254,0.053735,-0.344871,-0.938339,-0.024162,0.042128,-0.041189,0.998263,0,0.80000,-0.24295,48.000,-0.486,-1,400.000,-1,400.000,-1,325.000,325.000,325.000,325.000,-1,-1,-1,-1,800.000,775.000,-1,-1,2,0,2,0,2,0,0,0,0,2,2,2,2,0,0,2,2
33,-7182.518,-7001.965,-161.780,-160.393,-0.940518,0.335282,0.054880,-0.336945,-0.941211,-0.024270,0.043516,-0.041318,0.998198,0,0.88000,-0.24295,52.800,-0.486,-1,400.000,-1,400.000,-1,325.000,325.000,325.000,325.000,-1,650.000,-1,-1,800.000,800.000,-1,-1,2,0,2,0,2,0,0,0,0,2,0,2,2,0,0,2,2
34,-7234.528,-7019.996,-159.523,-160.879,-0.943282,0.327291,0.055681,-0.328977,-0.944028,-0.024179,0.044651,-0.041125,0.998156,0,0.91744,-0.24295,55.046,-0.486,-1,400.000,-1,400.000,-1,325.000,325.000,325.000,325.000,-1,600.000,750.000,-1,800.000,825.000,-1,-1,2,0,2,0,2,0,0,0,0,2,0,0,2,0,0,2,2
35,-7286.688,-7037.586,-157.265,-161.365,-0.946001,0.319280,0.056060,-0.320961,-0.946792,-0.023853,0.045462,-0.040558,0.998142,0,0.91744,-0.24295,55.046,-0.486,-1,400.000,-1,400.000,-1,325.000,325.000,325.000,325.000,-1,575.000,725.000,-1,825.000,850.000,-1,-1,2,0,2,0,2,0,0,0,0,2,0,0,2,0,0,2,2
36,-7338.996,-7054.732,-154.959,-161.851,-0.948683,0.311247,0.055908,-0.312907,-0.949489,-0.023676,0.045715,-0.039956,0.998155,0,0.91744,-0.24295,55.046,-0.486,-1,400.000,-1,400.000,-1,325.000,325.000,300.000,325.000,-1,625.000,775.000,-1,825.000,850.000,-1,-1,2,0,2,0,2,0,0,0,0,2,0,0,2,0,0,2,2
37,-7391.447,-7071.434,-152.744,-162.337,-0.951318,0.303185,0.055432,-0.304840,-0.952097,-0.024156,0.045453,-0.039878,0.998170,0,0.91744,-0.24295,55.046,-0.486,-1,400.000,-1,400.000,-1,325.000,325.000,300.000,325.000,-1,675.000,850.000,-1,850.000,850.000,-1,-1,2,0,2,0,2,0,0,0,0,2,0,0,2,0,0,2,2
38,-7444.156,-7087.727,-150.487,-162.823,-0.953892,0.295094,0.054861,-0.296744,-0.954639,-0.024659,0.045096,-0.039802,0.998189,0,0.91949,-0.24314,55.169,-0.486,-1,400.000,-1,400.000,-1,325.000,325.000,300.000,325.000,-1,775.000,950.000,-1,850.000,875.000,-1,-1,2,0,2,0,2,0,0,0,0,2,0,0,2,0,0,2,2
39,-7497.228,-7103.640,-148.185,-163.310,-0.956405,0.286972,0.054196,-0.288612,-0.957115,-0.025184,0.044645,-0.039727,0.998213,0,0.92345,-0.24346,55.407,-0.487,-1,400.000,-1,400.000,-1,325.000,325.000,300.000,325.000,-1,900.000,-1,-1,875.000,875.000,-1,-1,2,0,2,0,2,0,0,0,0,2,0,2,2,0,0,2,2
40,-7550.664,-7119.168,-145.837,-163.797,-0.958856,0.278820,0.053437,-0.280448,-0.959524,-0.025726,0.044101,-0.039654,0.998240,0,0.92743,-0.24372,55.646,-0.487,-1,400.000,-1,400.000,-1,325.000,325.000,300.000,325.000,-1,-1,-1,-1,875.000,875.000,-1,-1,2,0,2,0,2,0,0,0,0,2,2,2,2,0,0,2,2
41,-7604.461,-7134.304,-143.444,-164.285,-0.961243,0.270640,0.052587,-0.272253,-0.961867,-0.026283,0.043468,-0.039582,0.998270,0,0.93143,-0.24394,55.886,-0.488,-1,400.000,-1,400.000,-1,325.000,325.000,300.000,325.000,-1,-1,-1,-1,875.000,875.000,-1,-1,2,0,2,0,2,0,0,0,0,2,2,2,2,0,0,2,2
42,-7658.618,-7149.046,-141.006,-164.773,-0.963567,0.262435,0.051646,-0.264031,-0.964140,-0.026852,0.042747,-0.039510,0.998304,0,0.93546,-0.24410,56.128,-0.488,-1,400.000,-1,400.000,-1,325.000,325.000,300.000,325.000,-1,-1,-1,-1,900.000,900.000,-1,-1,2,0,2,0,2,0,0,0,0,2,2,2,2,0,1,2,2
43,-7713.134,-7163.387,-138.523,-165.262,-0.965824,0.254208,0.050616,-0.255783,-0.966345,-0.027428,0.041940,-0.039437,0.998341,0,0.93951,-0.24420,56.371,-0.488,-1,400.000,-1,425.000,-1,325.000,325.000,300.000,325.000,-1,-1,-1,-1,900.000,875.000,-1,-1,2,0,2,0,2,0,0,0,0,2,2,2,2,0,1,2,2
44,-7768.007,-7177.323,-135.997,-165.750,-0.968015,0.245961,0.049500,-0.247511,-0.968480,-0.028008,0.041051,-0.039364,0.998381,0,0.94358,-0.24425,56.615,-0.488,-1,425.000,-1,425.000,-1,325.000,325.000,300.000,325.000,-1,-1,-1,-1,900.000,850.000,-1,-1,2,0,2,0,2,0,0,0,0,2,2,2,2,0,1,2,2
45,-7818.282,-7189.859,-133.681,-165.999,-0.969126,0.241758,0.048448,-0.243284,-0.969537,-0.028469,0.040090,-0.039377,0.998420,0,0.86358,-0.12425,51.815,-0.248,-1,425.000,-1,425.000,-1,325.000,350.000,300.000,325.000,-1,-1,-1,-1,925.000,825.000,-1,-1,2,0,2,0,2,0,0,0,0,2,2,2,2,1,1,2,2
46,-7863.901,-7201.227,-131.895,-166.007,-0.969263,0.241624,0.046347,-0.243047,-0.969612,-0.027946,0.038187,-0.038351,0.998534,0,0.78358,-0.00425,47.015,-0.008,-1,425.000,-1,425.000,-1,350.000,350.000,300.000,325.000,-1,-1,-1,-1,875.000,800.000,-1,-1,2,0,2,0,2,0,0,0,0,2,2,2,2,1,1,2,2
47,-7904.822,-7211.600,-130.447,-165.776,-0.968366,0.245551,0.044416,-0.246868,-0.968673,-0.026997,0.036396,-0.037107,0.998648,0,0.70358,0.11575,42.215,0.232,-1,425.000,-1,425.000,-1,350.000,350.000,300.000,325.000,-1,-1,-1,-1,850.000,775.000,-1,-1,2,0,2,0,2,0,0,0,0,2,2,2,2,1,1,2,2
48,-7941.012,-7221.092,-129.277,-165.304,-0.966375,0.253521,0.042976,-0.254764,-0.966643,-0.026376,0.034856,-0.036438,0.998728,0,0.62358,0.23575,37.415,0.472,-1,425.000,-1,425.000,-1,350.000,350.000,300.000,325.000,-1,-1,-1,-1,825.000,750.000,-1,-1,2,0,2,0,2,0,0,0,0,2,2,2,2,1,1,2,2
49,-7975.470,-7230.588,-128.365,-164.593,-0.963216,0.265503,0.041512,-0.266702,-0.963412,-0.026581,0.032936,-0.036674,0.998784,0,0.59571,0.35575,35.743,0.712,-1,425.000,-1,425.000,-1,350.000,350.000,300.000,325.000,-1,-1,-1,-1,800.000,725.000,-1,-1,2,0,2,0,2,0,0,0,0,2,2,2,2,1,1,2,2
50,-8009.940,-7240.598,-127.557,-163.807,-0.959556,0.278681,0.039869,-0.279842,-0.959660,-0.027224,0.030674,-0.037280,0.998834,0,0.59824,0.39281,35.895,0.786,-1,425.000,-1,425.000,-1,325.000,325.000,300.000,325.000,-1,-1,-1,-1,775.000,700.000,-1,-1,2,0,2,0,2,0,0,0,0,2,2,2,2,1,1,2,2
51,-8044.415,-7251.124,-126.769,-163.023,-0.955722,0.291775,0.038232,-0.292896,-0.955737,-0.027915,0.028395,-0.037877,0.998879,0,0.60076,0.39188,36.046,0.784,-1,425.000,-1,425.000,-1,325.000,325.000,300.000,300.000,-1,-1,-1,-1,750.000,675.000,-1,-1,2,0,2,0,2,0,0,0,0,2,2,2,2,1,1,2,2
52,-8078.886,-7262.164,-126.003,-162.242,-0.951719,0.304780,0.036603,-0.305858,-0.951646,-0.028655,0.026100,-0.038466,0.998919,0,0.60327,0.39084,36.196,0.782,-1,425.000,-1,425.000,-1,325.000,325.000,300.000,300.000,-1,-1,-1,-1,725.000,650.000,975.000,-1,2,0,2,0,2,0,0,0,0,2,2,2,2,1,1,1,2
53,-8113.346,-7273.720,-125.259,-161.462,-0.947549,0.317689,0.034983,-0.318723,-0.947391,-0.029442,0.023789,-0.039047,0.998954,0,0.60576,0.38969,36.346,0.779,-1,425.000,975.000,425.000,-1,325.000,325.000,300.000,300.000,-1,-1,-1,-1,700.000,625.000,950.000,975.000,2,0,1,0,2,0,0,0,0,2,2,2,2,1,1,1,1
54,-8147.785,-7285.791,-124.538,-160.685,-0.943217,0.330497,0.033372,-0.331484,-0.942975,-0.030277,0.021463,-0.039620,0.998984,0,0.60823,0.38843,36.494,0.777,-1,425.000,950.000,400.000,-1,325.000,325.000,300.000,300.000,-1,-1,-1,-1,675.000,600.000,900.000,875.000,2,0,1,0,2,0,0,0,0,2,2,2,2,1,1,1,1
55,-8182.195,-7298.376,-123.842,-159.911,-0.938725,0.343199,0.031773,-0.344136,-0.938403,-0.031158,0.019123,-0.040184,0.999009,0,0.61067,0.38705,36.640,0.774,-1,400.000,900.000,400.000,-1,325.000,325.000,300.000,300.000,-1,-1,-1,-1,650.000,575.000,875.000,800.000,2,0,1,1,2,0,0,0,0,2,2,2,2,1,1,1,1
56,-8216.568,-7311.475,-123.169,-159.140,-0.934079,0.355789,0.030187,-0.356673,-0.933678,-0.032086,0.016769,-0.040738,0.999029,0,0.61307,0.38555,36.784,0.771,-1,400.000,850.000,375.000,-1,325.000,325.000,300.000,300.000,-1,-1,-1,-1,625.000,550.000,825.000,725.000,2,0,1,1,2,0,0,0,0,2,2,2,2,1,1,1,1
57,-8250.894,-7325.085,-122.522,-158.372,-0.929282,0.368261,0.028616,-0.369090,-0.928806,-0.033060,0.014404,-0.041284,0.999044,0,0.61544,0.38391,36.926,0.768,1000.000,400.000,825.000,375.000,-1,325.000,325.000,300.000,300.000,-1,-1,-1,-1,600.000,525.000,800.000,650.000,1,0,1,1,2,0,0,0,0,2,2,2,2,1,1,1,1
58,-8285.164,-7339.205,-121.901,-157.608,-0.924340,0.380609,0.027060,-0.381380,-0.923790,-0.034078,0.012027,-0.041820,0.999053,0,0.61776,0.38214,37.065,0.764,950.000,400.000,775.000,350.000,-1,325.000,325.000,300.000,300.000,-1,-1,-1,-1,575.000,500.000,775.000,600.000,1,0,1,1,2,0,1,0,0,2,2,2,2,1,1,1,1
59,-8319.369,-7353.832,-121.306,-156.848,-0.919258,0.392827,0.025521,-0.393537,-0.918637,-0.035140,0.009640,-0.042346,0.999056,0,0.62002,0.38021,37.201,0.760,925.000,400.000,725.000,325.000,725.000,325.000,300.000,300.000,300.000,-1,-1,-1,-1,550.000,475.000,725.000,525.000,1,1,1,1,1,1,1,0,0,2,2,2,2,1,1,1,1
60,-8353.498,-7368.963,-120.738,-156.091,-0.914042,0.404908,0.024000,-0.405554,-0.913352,-0.036245,0.007245,-0.042863,0.999055,0,0.62221,0.37813,37.333,0.756,875.000,375.000,700.000,325.000,625.000,325.000,300.000,300.000,300.000,-1,-1,-1,-1,525.000,425.000,700.000,475.000,1,1,1,1,1,1,1,0,0,2,2,2,2,1,1,1,1
61,-8387.541,-7384.593,-120.198,-155.339,-0.908698,0.416848,0.022499,-0.417427,-0.907941,-0.037392,0.004841,-0.043370,0.999047,0,0.62433,0.37589,37.460,0.752,825.000,375.000,650.000,300.000,525.000,300.000,275.000,300.000,300.000,-1,-1,-1,-1,500.000,400.000,650.000,425.000,1,1,1,1,1,1,1,0,0,2,2,2,2,1,1,1,1
62,-8421.488,-7400.718,-119.986,-154.593,-0.903214,0.428660,0.021340,-0.429178,-0.902453,-0.037211,0.003308,-0.042768,0.999080,0,0.62636,0.37346,37.582,0.747,800.000,350.000,625.000,275.000,450.000,275.000,250.000,300.000,300.000,-1,-1,-1,-1,475.000,375.000,625.000,375.000,1,1,1,1,1,1,1,0,0,2,2,2,2,1,1,1,1
63,-8455.327,-7417.331,-119.803,-153.851,-0.897616,0.440317,0.020169,-0.440775,-0.896852,-0.037059,0.001771,-0.042155,0.999110,0,0.62829,0.37084,37.698,0.742,750.000,325.000,575.000,275.000,375.000,275.000,250.000,300.000,300.000,-1,-1,-1,-1,450.000,350.000,600.000,325.000,1,1,1,1,1,1,1,0,0,2,2,2,2,1,1,1,1
64,-8489.046,-7434.430,-117.783,-153.115,-0.891773,0.451672,0.027075,-0.452446,-0.890866,-0.040625,0.005771,-0.048478,0.998808,0,0.63010,0.36802,37.806,0.736,725.000,325.000,575.000,250.000,375.000,275.000,225.000,300.000,325.000,-1,-1,-1,-1,450.000,350.000,575.000,325.000,1,1,1,1,1,1,1,0,0,2,2,2,2,1,1,1,1
65,-8522.632,-7452.004,-115.620,-152.385,-0.885770,0.462816,0.034808,-0.464010,-0.884719,-0.044351,0.010269,-0.055436,0.998409,0,0.63178,0.36497,37.907,0.730,700.000,300.000,550.000,250.000,350.000,250.000,225.000,300.000,350.000,-1,-1,-1,-1,425.000,325.000,550.000,300.000,1,1,1,1,1,1,1,0,0,2,2,2,2,1,1,1,1
66,-8556.074,-7470.045,-113.324,-151.662,-0.879597,0.473734,0.043423,-0.475474,-0.878407,-0.048231,0.015295,-0.063071,0.997892,0,0.63329,0.36169,37.998,0.723,675.000,300.000,550.000,250.000,325.000,250.000,225.000,275.000,350.000,-1,-1,-1,-1,425.000,325.000,525.000,275.000,1,1,1,1,1,1,1,0,1,2,2,2,2,1,1,1,1
67,-8589.357,-7488.542,-110.886,-150.945,-0.873241,0.484407,0.052915,-0.486843,-0.871926,-0.052232,0.020836,-0.071372,0.997232,0,0.63463,0.35816,38.078,0.716,650.000,300.000,525.000,250.000,325.000,250.000,225.000,275.000,375.000,-1,-1,-1,-1,400.000,325.000,500.000,275.000,1,1,1,1,1,1,1,0,1,2,2,2,2,1,1,1,1
68,-8622.466,-7507.484,-108.384,-150.237,-0.866669,0.494803,0.063675,-0.498144,-0.865253,-0.056481,0.027148,-0.080669,0.996371,0,0.63575,0.35435,38.145,0.709,600.000,275.000,525.000,225.000,300.000,225.000,225.000,275.000,400.000,-1,-1,-1,-1,400.000,325.000,475.000,250.000,1,1,1,1,1,1,1,0,1,2,2,2,2,1,1,1,1
69,-8655.387,-7526.858,-105.878,-149.536,-0.859835,0.504883,0.076005,-0.509411,-0.858355,-0.061045,0.034419,-0.091207,0.995237,0,0.63664,0.35025,38.198,0.700,575.000,275.000,525.000,225.000,300.000,225.000,200.000,275.000,425.000,-1,200.000,-1,-1,375.000,325.000,450.000,250.000,1,1,1,1,1,1,1,0,1,2,0,2,2,1,1,1,1
70,-8688.101,-7546.649,-103.224,-148.844,-0.852748,0.514644,0.089232,-0.520616,-0.851265,-0.065628,0.042185,-0.102420,0.993846,0,0.63724,0.34582,38.235,0.692,550.000,275.000,500.000,225.000,275.000,225.000,200.000,275.000,450.000,-1,125.000,400.000,-1,375.000,300.000,425.000,225.000,1,1,1,1,1,1,1,0,1,2,0,0,2,1,1,1,1
71,-8720.592,-7566.838,-100.421,-148.162,-0.845389,0.524057,0.103355,-0.531765,-0.843976,-0.070209,0.050436,-0.114314,0.992164,0,0.63754,0.34105,38.252,0.682,525.000,250.000,500.000,225.000,275.000,225.000,200.000,250.000,475.000,750.000,100.000,300.000,-1,350.000,300.000,400.000,225.000,1,1,1,1,1,1,1,0,1,0,0,0,2,1,1,1,1
72,-8752.849,-7587.393,-95.426,-147.490,-0.837292,0.533796,0.118337,-0.542764,-0.837583,-0.062143,0.065946,-0.116261,0.991027,0,0.63746,0.33592,38.248,0.672,550.000,275.000,525.000,225.000,275.000,225.000,200.000,275.000,475.000,625.000,75.000,225.000,-1,375.000,325.000,425.000,250.000,1,1,1,1,1,1,1,0,1,0,0,0,2,1,1,1,1
73,-8784.843,-7608.302,-90.571,-146.830,-0.829022,0.543373,0.132165,-0.553300,-0.831300,-0.052905,0.081122,-0.116986,0.989815,0,0.63698,0.33039,38.219,0.661,600.000,275.000,550.000,225.000,275.000,225.000,200.000,275.000,475.000,550.000,75.000,200.000,-1,375.000,325.000,450.000,250.000,1,1,1,1,1,1,1,0,1,0,0,0,2,1,1,1,1
74,-2089.708,-6072.020,-113.909,102.770,-0.221238,-0.975208,0.004814,0.972745,-0.221025,-0.070103,0.069429,-0.010826,0.997528,1,0.00000,0.00000,38.161,0.649,-1,250.000,-1,550.000,-1,200.000,275.000,525.000,375.000,-1,150.000,100.000,-1,-1,-1,-1,-1,2,1,2,1,2,1,1,1,0,2,0,0,2,2,2,2,2
75,-4919.491,-5575.420,-271.919,9.630,0.985704,-0.167257,0.020301,0.166766,0.985708,0.023846,-0.024000,-0.020119,0.999509,1,0.00000,0.00000,4.800,-0.240,-1,375.000,-1,400.000,-1,325.000,325.000,300.000,300.000,-1,625.000,550.000,-1,700.000,700.000,-1,-1,2,0,2,0,2,0,0,0,0,2,0,0,2,0,0,2,2
76,-4914.756,-5574.637,-272.036,9.390,0.986399,-0.163126,0.020179,0.162640,0.986399,0.023768,-0.023782,-0.020163,0.999514,0,0.08000,-0.12000,4.800,-0.240,-1,375.000,-1,400.000,-1,325.000,325.000,300.000,300.000,-1,625.000,550.000,-1,700.000,700.000,-1,-1,2,0,2,0,2,0,0,0,0,2,0,0,2,0,0,2,2
77,-4905.272,-5573.150,-272.270,8.910,0.987736,-0.154857,0.019933,0.154379,0.987729,0.023620,-0.023346,-0.020253,0.999522,0,0.16000,-0.24000,9.600,-0.480,-1,375.000,-1,400.000,-1,325.000,325.000,300.000,300.000,-1,625.000,550.000,-1,700.000,700.000,-1,-1,2,0,2,0,2,0,0,0,0,2,0,0,2,0,0,2,2
78,-4891.018,-5571.098,-272.615,8.190,0.989611,-0.142432,0.019561,0.141967,0.989594,0.023416,-0.022692,-0.020396,0.999534,0,0.24000,-0.36000,14.400,-0.720,-1,400.000,-1,375.000,-1,325.000,325.000,300.000,300.000,-1,650.000,575.000,-1,700.000,700.000,-1,-1,2,0,2,0,2,0,0,0,0,2,0,0,2,0,0,2,2
79,-4871.971,-5568.682,-273.068,7.230,0.991869,-0.125832,0.019057,0.125382,0.991838,0.023179,-0.021819,-0.020601,0.999550,0,0.32000,-0.48000,19.200,-0.960,-1,400.000,-1,375.000,-1,325.000,325.000,300.000,300.000,-1,675.000,575.000,-1,700.000,675.000,-1,-1,2,0,2,0,2,0,0,0,0,2,0,0,2,0,0,2,2
80,-4848.104,-5566.161,-273.620,6.030,0.994298,-0.105032,0.018419,0.104602,0.994250,0.022936,-0.020722,-0.020878,0.999567,0,0.40000,-0.60000,24.000,-1.200,-1,400.000,-1,375.000,-1,325.000,325.000,300.000,300.000,-1,675.000,600.000,-1,700.000,675.000,-1,-1,2,0,2,0,2,0,0,0,0,2,0,0,2,0,0,2,2
81,-4819.405,-5563.746,-274.270,4.810,0.996324,-0.083828,0.017639,0.083420,0.996256,0.022700,-0.019476,-0.021146,0.999587,0,0.48000,-0.61031,28.800,-1.221,-1,375.000,-1,375.000,-1,325.000,325.000,300.000,300.000,-1,700.000,625.000,-1,700.000,675.000,-1,-1,2,0,2,0,2,0,0,0,0,2,0,0,2,0,0,2,2
82,-4785.871,-5561.642,-275.011,3.590,0.997899,-0.062595,0.016716,0.062213,0.997809,0.022495,-0.018087,-0.021407,0.999607,0,0.56000,-0.61005,33.600,-1.220,-1,375.000,-1,375.000,-1,325.000,325.000,300.000,300.000,-1,700.000,650.000,-1,700.000,675.000,-1,-1,2,0,2,0,2,0,0,0,0,2,0,0,2,0,0,2,2
83,-4747.504,-5560.054,-275.837,2.370,0.999022,-0.041345,0.015649,0.040990,0.998910,0.022341,-0.016556,-0.021678,0.999628,0,0.64000,-0.60974,38.400,-1.219,-1,375.000,-1,375.000,-1,325.000,325.000,300.000,300.000,-1,700.000,650.000,-1,725.000,675.000,-1,-1,2,0,2,0,2,0,0,0,0,2,0,0,2,0,0,2,2
84,-4704.313,-5559.186,-276.740,1.151,0.999694,-0.020090,0.014439,0.019766,0.999557,0.022263,-0.014880,-0.021971,0.999648,0,0.72000,-0.60934,43.200,-1.219,-1,375.000,-1,375.000,-1,325.000,325.000,300.000,300.000,-1,725.000,675.000,-1,725.000,675.000,-1,-1,2,0,2,0,2,0,0,0,0,2,0,0,2,0,0,2,2
85,-4656.313,-5559.443,-277.703,-0.307,0.999900,0.005361,0.013086,-0.005652,0.999735,0.022325,-0.012963,-0.022397,0.999665,0,0.80000,-0.72934,48.000,-1.459,-1,375.000,-1,375.000,-1,325.000,325.000,300.000,300.000,-1,725.000,700.000,-1,725.000,675.000,1000.000,-1,2,0,2,0,2,0,0,0,0,2,0,0,2,0,0,1,2
86,-4603.546,-5561.291,-278.699,-2.006,0.999320,0.034994,0.011627,-0.035249,0.999125,0.022525,-0.010829,-0.022920,0.999679,0,0.88000,-0.84934,52.800,-1.699,-1,375.000,-1,375.000,-1,325.000,300.000,300.000,300.000,-1,700.000,725.000,-1,725.000,675.000,950.000,-1,2,0,2,0,2,0,0,0,0,2,0,0,2,1,0,1,2
87,-4548.921,-5565.035,-278.937,-3.920,0.997610,0.068352,0.010082,-0.068566,0.997388,0.022709,-0.008503,-0.023346,0.999691,0,0.91254,-0.95723,54.752,-1.914,975.000,375.000,-1,375.000,-1,325.000,300.000,300.000,300.000,-1,725.000,750.000,-1,675.000,650.000,875.000,-1,1,0,2,0,2,0,0,0,0,2,0,0,2,1,0,1,2
88,-4494.221,-5570.621,-278.893,-5.832,0.994793,0.101573,0.008363,-0.101746,0.994526,0.023790,-0.005901,-0.024517,0.999682,0,0.91642,-0.95557,54.985,-1.911,875.000,375.000,-1,375.000,-1,325.000,300.000,300.000,300.000,-1,675.000,750.000,-1,650.000,650.000,800.000,-1,1,0,2,0,2,0,0,0,0,2,0,0,2,1,1,1,2
89,-4439.510,-5578.056,-278.796,-7.739,0.990876,0.134610,0.006652,-0.134736,0.990564,0.025082,-0.003213,-0.025749,0.999663,0,0.92022,-0.95357,55.213,-1.907,800.000,400.000,-1,375.000,-1,325.000,300.000,300.000,300.000,-1,650.000,725.000,-1,625.000,650.000,750.000,-1,1,0,2,0,2,0,0,0,0,2,0,0,2,1,1,1,2
90,-4384.857,-5587.340,-278.639,-9.641,0.985874,0.167414,0.004963,-0.167487,0.985516,0.026578,-0.000442,-0.027033,0.999634,0,0.92393,-0.95120,55.436,-1.902,725.000,400.000,-1,375.000,-1,325.000,300.000,300.000,300.000,-1,625.000,700.000,-1,575.000,625.000,700.000,-1,1,0,2,0,2,0,0,0,0,2,0,0,2,1,1,1,2
91,-4330.332,-5598.470,-278.418,-11.538,0.979803,0.199936,0.003311,-0.199949,0.979398,0.028268,0.002409,-0.028359,0.999595,0,0.92749,-0.94844,55.649,-1.897,675.000,400.000,-1,375.000,-1,325.000,300.000,300.000,300.000,-1,600.000,675.000,-1,550.000,625.000,625.000,-1,1,0,2,0,2,0,0,0,0,2,0,0,2,1,1,1,2
92,-4276.007,-5611.441,-278.128,-13.428,0.972684,0.232128,0.001710,-0.232073,0.972231,0.030142,0.005335,-0.029716,0.999544,0,0.93087,-0.94526,55.852,-1.891,600.000,375.000,-1,375.000,-1,325.000,300.000,300.000,300.000,-1,575.000,650.000,-1,525.000,625.000,575.000,-1,1,1,2,0,2,0,0,0,0,2,0,0,2,1,1,1,2
93,-4221.954,-5626.239,-277.766,-15.312,0.964538,0.263942,0.000172,-0.263811,0.964037,0.032190,0.008331,-0.031094,0.999482,0,0.93403,-0.94163,56.042,-1.883,525.000,350.000,-1,375.000,-1,325.000,300.000,300.000,300.000,-1,550.000,625.000,-1,500.000,625.000,500.000,-1,1,1,2,0,2,1,0,0,0,2,0,0,2,1,1,1,2
94,-4168.249,-5642.850,-277.326,-17.187,0.955394,0.295331,-0.001290,-0.295114,0.954842,0.034400,0.011391,-0.032485,0.999407,0,0.93690,-0.93753,56.214,-1.875,475.000,350.000,-1,375.000,-1,300.000,300.000,300.000,300.000,-1,525.000,600.000,-1,475.000,625.000,450.000,-1,1,1,2,1,2,1,0,0,0,2,0,0,2,1,1,1,2
95,-4114.971,-5661.250,-276.806,-19.053,0.945280,0.326248,-0.002664,-0.325936,0.944677,0.036759,0.014510,-0.033879,0.999321,0,0.93943,-0.93291,56.366,-1.866,400.000,325.000,-1,375.000,-1,300.000,300.000,300.000,300.000,-1,500.000,600.000,-1,450.000,625.000,400.000,-1,1,1,2,1,2,1,1,0,0,2,0,0,2,1,1,1,2
96,-4062.197,-5681.410,-276.201,-20.908,0.934231,0.356647,-0.003942,-0.356231,0.933573,0.039253,0.017680,-0.035267,0.999222,0,0.94154,-0.92774,56.493,-1.855,350.000,300.000,-1,350.000,-1,275.000,300.000,300.000,300.000,-1,450.000,575.000,-1,425.000,650.000,350.000,-1,1,1,2,1,2,1,1,0,0,2,0,0,2,1,0,1,2
97,-4010.012,-5703.296,-275.103,-22.752,0.922271,0.386507,-0.005338,-0.386003,0.921623,0.040173,0.020446,-0.034990,0.999178,0,0.94315,-0.92199,56.589,-1.844,275.000,275.000,-1,350.000,-1,275.000,275.000,300.000,300.000,-1,450.000,550.000,-1,400.000,650.000,300.000,-1,1,1,2,1,2,1,1,0,0,2,0,0,2,1,0,1,2
98,-3958.498,-5726.868,-270.700,-24.583,0.909141,0.415919,-0.021793,-0.415118,0.909148,0.033570,0.033775,-0.021473,0.999199,0,0.94415,-0.91560,56.649,-1.831,275.000,300.000,-1,375.000,-1,275.000,300.000,325.000,300.000,-1,375.000,400.000,-1,450.000,700.000,300.000,-1,1,1,2,1,2,1,1,0,0,2,0,0,2,1,0,1,2
99,-3907.741,-5752.066,-266.597,-26.400,0.894962,0.444621,-0.036831,-0.443782,0.895668,0.028905,0.045840,-0.009524,0.998903,0,0.94445,-0.90855,56.667,-1.817,300.000,300.000,-1,400.000,-1,275.000,300.000,350.000,300.000,-1,325.000,325.000,-1,475.000,750.000,325.000,-1,1,1,2,0,2,1,1,1,0,2,0,0,2,1,0,1,2
100,-3857.828,-5778.830,-262.766,-28.202,0.879864,0.472581,-0.050064,-0.471860,0.881287,0.026104,0.056457,0.000655,0.998405,0,0.94391,-0.90081,56.635,-1.802,300.000,325.000,-1,425.000,-1,300.000,325.000,350.000,275.000,-1,300.000,275.000,-1,525.000,825.000,375.000,-1,1,1,2,0,2,1,1,1,0,2,0,0,2,1,0,1,2
101,-3808.850,-5807.091,-259.054,-29.987,0.864030,0.499780,-0.060598,-0.499212,0.866111,0.025262,0.065110,0.008424,0.997843,0,0.94242,-0.89233,56.545,-1.785,325.000,350.000,-1,425.000,-1,300.000,350.000,325.000,275.000,-1,300.000,250.000,925.000,600.000,875.000,450.000,-1,1,1,2,0,2,1,1,1,0,2,0,0,0,1,0,1,2
102,-3760.897,-5836.766,-255.676,-31.753,0.847542,0.526201,-0.069176,-0.525770,0.850236,0.025775,0.072379,0.014525,0.997271,0,0.93985,-0.88313,56.391,-1.766,350.000,375.000,-1,450.000,-1,325.000,350.000,300.000,275.000,-1,300.000,225.000,875.000,700.000,900.000,-1,-1,1,1,2,0,2,1,0,1,0,2,0,0,0,1,0,2,2
103,-3714.060,-5867.764,-252.577,-33.499,0.830513,0.551830,-0.075713,-0.551451,0.833747,0.027726,0.078426,0.018725,0.996744,0,0.93608,-0.87319,56.165,-1.746,400.000,400.000,-1,450.000,-1,350.000,375.000,275.000,275.000,-1,275.000,200.000,825.000,825.000,950.000,-1,-1,1,1,2,0,2,1,0,1,0,2,0,0,0,1,0,2,2
104,-3668.425,-5899.983,-249.954,-35.224,0.813063,0.576644,-0.080066,-0.576275,0.816706,0.029985,0.082681,0.021761,0.996338,0,0.93102,-0.86258,55.861,-1.725,950.000,425.000,-1,475.000,-1,375.000,375.000,250.000,275.000,-1,275.000,175.000,775.000,900.000,1000.000,-1,-1,1,1,2,0,2,1,0,1,0,2,0,0,0,0,0,2,2
105,-3624.075,-5933.315,-247.693,-36.927,0.795278,0.600637,-0.082270,-0.600187,0.799184,0.032868,0.085491,0.023238,0.996068,0,0.92464,-0.85136,55.478,-1.703,-1,450.000,-1,475.000,-1,375.000,375.000,225.000,275.000,-1,275.000,150.000,775.000,925.000,-1,-1,-1,2,1,2,0,2,0,0,1,0,2,0,0,0,0,2,2,2
106,-3581.081,-5967.644,-245.788,-38.606,0.777235,0.623800,-0.082335,-0.623182,0.781240,0.036169,0.086886,0.023198,0.995948,0,0.91695,-0.83966,55.017,-1.679,-1,475.000,-1,475.000,-1,375.000,375.000,200.000,300.000,-1,275.000,150.000,775.000,925.000,-1,-1,-1,2,0,2,0,2,0,0,1,0,2,0,0,0,0,2,2,2
107,-3539.506,-6002.858,-244.137,-40.264,0.758973,0.646150,-0.080311,-0.645337,0.762891,0.039201,0.086598,0.022076,0.995999,0,0.90807,-0.82865,54.484,-1.657,-1,450.000,-1,475.000,-1,375.000,375.000,175.000,300.000,-1,275.000,150.000,825.000,900.000,-1,-1,-1,2,0,2,0,2,0,0,1,0,2,0,0,0,0,2,2,2
108,-3499.405,-6038.857,-239.842,-41.918,0.740390,0.667738,-0.077127,-0.667947,0.743724,0.026854,0.075292,0.031634,0.996660,0,0.89819,-0.82734,53.892,-1.655,-1,450.000,-1,450.000,-1,375.000,375.000,175.000,300.000,-1,475.000,350.000,900.000,850.000,975.000,-1,-1,2,0,2,0,2,0,0,1,0,2,0,0,0,0,0,2,2
109,-3460.819,-6075.561,-236.158,-43.571,0.721347,0.688741,-0.072756,-0.689647,0.723972,0.015868,0.063602,0.038729,0.997224,0,0.88759,-0.82651,53.255,-1.653,-1,425.000,-1,425.000,-1,350.000,350.000,200.000,275.000,-1,725.000,625.000,1000.000,800.000,900.000,-1,-1,2,0,2,0,2,0,0,1,0,2,0,0,0,0,0,2,2
110,-3423.774,-6112.895,-233.164,-45.224,0.701801,0.709204,-0.067118,-0.710481,0.703686,0.006573,0.051891,0.043073,0.997723,0,0.87660,-0.82617,52.596,-1.652,-1,400.000,-1,400.000,-1,325.000,325.000,200.000,275.000,-1,-1,925.000,-1,750.000,825.000,-1,-1,2,0,2,0,2,0,0,1,0,2,2,0,2,0,0,2,2
111,-3388.271,-6150.802,-230.843,-46.876,0.681705,0.729149,-0.060159,-0.730521,0.682889,-0.001199,0.040207,0.044765,0.998188,0,0.86562,-0.82632,51.937,-1.653,-1,375.000,-1,375.000,-1,325.000,325.000,200.000,275.000,-1,-1,-1,-1,700.000,750.000,-1,-1,2,0,2,0,2,0,0,1,0,2,2,2,2,0,0,2,2
112,-3354.298,-6189.241,-228.119,-48.530,0.660725,0.748434,-0.057342,-0.749944,0.661454,-0.007890,0.032024,0.048217,0.998323,0,0.85501,-0.82693,51.301,-1.654,-1,375.000,-1,375.000,-1,300.000,300.000,200.000,275.000,-1,-1,-1,-1,675.000,725.000,-1,-1,2,0,2,0,2,0,0,1,0,2,2,2,2,0,0,2,2
113,-3321.828,-6228.187,-224.562,-50.186,0.638810,0.766960,-0.060779,-0.768828,0.639319,-0.013222,0.028716,0.055175,0.998064,0,0.84509,-0.82798,50.705,-1.656,-1,375.000,-1,375.000,-1,300.000,300.000,225.000,275.000,-1,-1,-1,-1,675.000,725.000,-1,-1,2,0,2,0,2,0,0,1,0,2,2,2,2,0,0,2,2
114,-3288.550,-6270.170,-221.211,-51.602,0.619643,0.782290,-0.063766,-0.784436,0.619986,-0.016654,0.026505,0.060340,0.997826,0,0.89287,-0.70798,53.572,-1.416,-1,375.000,-1,350.000,-1,300.000,300.000,250.000,275.000,-1,-1,-1,-1,675.000,725.000,-1,-1,2,0,2,0,2,0,0,1,0,2,2,2,2,0,0,2,2
115,-3256.428,-6312.452,-218.248,-52.778,0.603415,0.794687,-0.066051,-0.797022,0.603677,-0.018168,0.025436,0.063607,0.997651,0,0.88498,-0.58798,53.099,-1.176,-1,375.000,-1,375.000,975.000,300.000,300.000,250.000,275.000,-1,-1,-1,-1,675.000,725.000,-1,-1,2,0,2,0,1,0,0,1,0,2,2,2,2,0,0,2,2
116,-3225.227,-6354.946,-215.749,-53.714,0.590251,0.804339,-0.068130,-0.806808,0.590540,-0.017976,0.025774,0.065578,0.997514,0,0.87863,-0.46798,52.718,-0.936,-1,375.000,-1,375.000,925.000,300.000,300.000,275.000,275.000,-1,-1,-1,-1,675.000,725.000,-1,975.000,2,0,2,0,1,0,0,1,0,2,2,2,2,0,0,2,1
117,-3194.717,-6397.577,-213.588,-54.410,0.580297,0.811424,-0.069618,-0.813951,0.580706,-0.016289,0.027210,0.066118,0.997441,0,0.87373,-0.34798,52.424,-0.696,-1,375.000,-1,375.000,875.000,300.000,300.000,300.000,275.000,-1,-1,-1,-1,700.000,750.000,-1,925.000,2,0,2,0,1,0,0,1,0,2,2,2,2,0,0,2,1
118,-3164.672,-6440.274,-211.671,-54.866,0.573661,0.816070,-0.070301,-0.818561,0.574266,-0.013304,0.029514,0.065178,0.997437,0,0.87013,-0.22798,52.208,-0.456,-1,375.000,-1,400.000,850.000,300.000,325.000,300.000,275.000,-1,-1,-1,-1,725.000,775.000,-1,875.000,2,0,2,0,1,0,0,1,0,2,2,2,2,0,0,2,1
119,-3134.928,-6483.001,-210.023,-55.156,0.569345,0.819070,-0.070498,-0.821452,0.570202,-0.009277,0.032600,0.063193,0.997469,0,0.86768,-0.14495,52.061,-0.290,-1,375.000,-1,400.000,800.000,325.000,325.000,325.000,300.000,575.000,-1,-1,-1,750.000,800.000,-1,825.000,2,0,2,0,1,0,0,1,0,1,2,2,2,0,1,2,1
120,-3105.458,-6525.806,-208.990,-55.452,0.564949,0.822082,-0.070809,-0.824375,0.566012,-0.005958,0.035181,0.061740,0.997472,0,0.86613,-0.14808,51.968,-0.296,-1,375.000,-1,400.000,775.000,325.000,325.000,325.000,275.000,550.000,-1,-1,-1,775.000,775.000,-1,800.000,2,0,2,0,1,0,0,0,0,1,2,2,2,0,1,2,1
121,-3076.246,-6568.719,-208.187,-55.755,0.560429,0.825178,-0.070716,-0.827312,0.561741,-0.001609,0.038397,0.059406,0.997495,0,0.86520,-0.15136,51.912,-0.303,-1,400.000,-1,425.000,725.000,325.000,325.000,325.000,275.000,550.000,-1,-1,-1,800.000,725.000,-1,750.000,2,0,2,0,1,0,0,0,0,1,2,2,2,0,1,2,1
122,-3047.281,-6611.771,-207.614,-56.064,0.555788,0.828355,-0.070205,-0.830250,0.557378,0.003764,0.042249,0.056195,0.997526,0,0.86480,-0.15476,51.888,-0.310,-1,400.000,-1,425.000,675.000,325.000,325.000,300.000,300.000,550.000,-1,-1,-1,825.000,700.000,-1,700.000,2,0,2,0,1,0,0,0,0,1,2,2,2,0,1,2,1
123,-3018.550,-6654.985,-206.966,-56.381,0.551052,0.831553,-0.069732,-0.833216,0.552880,0.008663,0.045757,0.053328,0.997528,0,0.86488,-0.15829,51.893,-0.317,-1,400.000,975.000,425.000,650.000,325.000,350.000,300.000,300.000,525.000,375.000,-1,-1,875.000,650.000,-1,675.000,2,0,1,0,1,0,0,0,0,1,1,2,2,0,1,2,1
124,-2990.045,-6698.384,-204.911,-56.705,0.546307,0.834534,-0.071426,-0.836397,0.548086,0.006541,0.044606,0.056166,0.997424,0,0.86539,-0.16192,51.923,-0.324,-1,400.000,925.000,425.000,600.000,325.000,350.000,300.000,300.000,575.000,450.000,-1,-1,875.000,625.000,-1,625.000,2,0,1,0,1,0,0,0,0,1,1,2,2,0,1,2,1
125,-2961.762,-6741.992,-202.725,-57.036,0.541457,0.837524,-0.073328,-0.839631,0.543144,0.003709,0.042934,0.059560,0.997301,0,0.86627,-0.16566,51.976,-0.331,-1,400.000,850.000,425.000,550.000,325.000,350.000,300.000,300.000,625.000,-1,-1,-1,900.000,575.000,-1,575.000,2,0,1,0,1,0,0,0,0,1,2,2,2,0,1,2,1
126,-2933.699,-6785.828,-200.844,-57.375,0.536597,0.840611,-0.073732,-0.842875,0.538108,0.000750,0.040307,0.061744,0.997278,0,0.86749,-0.16948,52.049,-0.339,-1,400.000,800.000,425.000,500.000,325.000,350.000,300.000,300.000,675.000,-1,-1,-1,900.000,525.000,-1,525.000,2,0,1,0,1,0,0,0,0,1,2,2,2,1,1,2,1
127,-2905.855,-6829.910,-199.147,-57.722,0.531687,0.843797,-0.072909,-0.846128,0.532976,-0.002088,0.037097,0.062800,0.997336,0,0.86900,-0.17338,52.140,-0.347,-1,400.000,725.000,425.000,450.000,325.000,350.000,300.000,300.000,725.000,-1,-1,-1,825.000,500.000,-1,475.000,2,0,1,0,1,0,0,0,0,1,2,2,2,1,1,2,1
128,-2880.648,-6869.982,-197.567,-57.829,0.530278,0.844757,-0.072041,-0.847120,0.531383,-0.004443,0.034528,0.063383,0.997392,0,0.78900,-0.05338,47.340,-0.107,-1,400.000,675.000,400.000,400.000,325.000,350.000,300.000,300.000,775.000,-1,-1,-1,775.000,450.000,-1,425.000,2,0,1,1,1,0,0,0,0,1,2,2,2,1,1,2,1
129,-2857.914,-6905.937,-196.144,-57.695,0.532386,0.843500,-0.071221,-0.845879,0.533334,-0.006560,0.032451,0.063736,0.997439,0,0.70900,0.06662,42.540,0.133,-1,400.000,625.000,375.000,375.000,325.000,350.000,300.000,300.000,825.000,-1,-1,-1,750.000,425.000,-1,375.000,2,0,1,1,1,0,0,0,0,1,2,2,2,1,1,2,1
130,-2837.538,-6937.704,-194.863,-57.322,0.537992,0.840001,-0.070449,-0.842384,0.538812,-0.008422,0.030884,0.063876,0.997480,0,0.62900,0.18662,37.740,0.373,-1,400.000,600.000,350.000,325.000,325.000,325.000,300.000,300.000,850.000,-1,-1,-1,700.000,400.000,-1,350.000,2,0,1,1,1,0,0,0,0,1,2,2,2,1,1,2,1
131,-2818.082,-6967.333,-193.630,-56.709,0.547061,0.834188,-0.069674,-0.836565,0.547773,-0.010142,0.029705,0.063835,0.997518,0,0.59076,0.30662,35.446,0.613,-1,400.000,575.000,325.000,300.000,325.000,325.000,300.000,300.000,900.000,-1,-1,-1,675.000,375.000,-1,325.000,2,0,1,1,1,0,0,0,0,1,2,2,2,1,1,2,1
132,-2798.176,-6996.685,-192.359,-55.856,0.559526,0.825949,-0.068839,-0.828312,0.560142,-0.011831,0.028788,0.063640,0.997558,0,0.59110,0.42662,35.466,0.853,-1,400.000,550.000,300.000,275.000,325.000,325.000,275.000,300.000,925.000,-1,-1,-1,650.000,350.000,-1,300.000,2,0,1,1,1,0,1,0,0,1,2,2,2,1,1,2,1
