timestep,x_cm,y_cm,z_cm,yaw_deg,basis_xx,basis_xy,basis_xz,basis_yx,basis_yy,basis_yz,basis_zx,basis_zy,basis_zz,teleport_flag,throttle_cmd,steering_cmd,cmd_move_cm,cmd_turn_deg,lidar_cm_0,lidar_cm_1,lidar_cm_2,lidar_cm_3,lidar_cm_4,lidar_cm_5,lidar_cm_6,lidar_cm_7,lidar_cm_8,lidar_cm_9,lidar_cm_10,lidar_cm_11,lidar_cm_12,lidar_cm_13,lidar_cm_14,lidar_cm_15,lidar_cm_16,lidar_class_0,lidar_class_1,lidar_class_2,lidar_class_3,lidar_class_4,lidar_class_5,lidar_class_6,lidar_class_7,lidar_class_8,lidar_class_9,lidar_class_10,lidar_class_11,lidar_class_12,lidar_class_13,lidar_class_14,lidar_class_15,lidar_class_16
0,-4922.983,9507.721,150.003,-136.921,-0.728489,0.681429,0.070415,-0.684272,-0.728721,-0.027166,0.032801,-0.067973,0.997148,1,0.08000,-0.12000,4.800,-0.240,900.000,400.000,-1,400.000,975.000,325.000,325.000,300.000,325.000,-1,-1,-1,-1,625.000,625.000,750.000,775.000,1,0,2,0,1,0,0,0,0,2,2,2,2,1,1,1,1
1,-4930.049,9501.223,150.350,-137.401,-0.734195,0.675314,0.070054,-0.678141,-0.734419,-0.027465,0.032901,-0.067671,0.997165,0,0.16000,-0.24000,9.600,-0.480,875.000,400.000,-1,400.000,-1,325.000,325.000,300.000,325.000,-1,-1,-1,-1,625.000,600.000,750.000,775.000,1,0,2,0,2,0,0,0,0,2,2,2,2,1,1,1,1
2,-4940.772,9491.610,150.862,-138.121,-0.742652,0.666049,0.069617,-0.668858,-0.742866,-0.027919,0.033121,-0.067298,0.997183,0,0.24000,-0.36000,14.400,-0.720,825.000,400.000,-1,400.000,-1,325.000,325.000,300.000,325.000,-1,-1,-1,-1,600.000,600.000,725.000,750.000,1,0,2,1,2,0,0,0,0,2,2,2,2,1,1,1,1
3,-4955.280,9479.034,151.529,-139.081,-0.753734,0.653526,0.069208,-0.656324,-0.753939,-0.028536,0.033530,-0.066932,0.997194,0,0.32000,-0.48000,19.200,-0.960,775.000,400.000,-1,400.000,-1,325.000,325.000,300.000,325.000,-1,-1,-1,-1,600.000,600.000,700.000,750.000,1,0,2,1,2,0,0,0,0,2,2,2,2,1,1,1,1
4,-4973.741,9463.697,152.393,-140.281,-0.767287,0.637613,0.068702,-0.640399,-0.767484,-0.029287,0.034054,-0.066468,0.997207,0,0.40000,-0.60000,24.000,-1.200,725.000,400.000,1000.000,400.000,-1,325.000,325.000,300.000,325.000,-1,-1,-1,-1,600.000,575.000,650.000,725.000,1,0,1,1,2,0,0,0,0,2,2,2,2,1,1,1,1
5,-4996.350,9445.856,153.472,-141.721,-0.783106,0.618148,0.068102,-0.620919,-0.783294,-0.030159,0.034701,-0.065903,0.997222,0,0.48000,-0.72000,28.800,-1.440,650.000,400.000,950.000,375.000,-1,325.000,325.000,300.000,325.000,-1,-1,-1,-1,575.000,550.000,625.000,725.000,1,0,1,1,2,0,0,0,0,2,2,2,2,1,1,1,1
6,-5023.326,9425.823,154.786,-143.401,-0.800935,0.594944,0.067416,-0.597699,-0.801116,-0.031137,0.035483,-0.065233,0.997239,0,0.56000,-0.84000,33.600,-1.680,600.000,400.000,900.000,375.000,-1,325.000,325.000,300.000,325.000,-1,-1,-1,-1,575.000,550.000,575.000,700.000,1,0,1,1,2,0,0,0,0,2,2,2,2,1,1,1,1
7,-5054.906,9403.975,156.292,-145.321,-0.820457,0.567807,0.066677,-0.570535,-0.820653,-0.031896,0.036608,-0.064211,0.997265,0,0.64000,-0.96000,38.400,-1.920,550.000,400.000,850.000,350.000,-1,325.000,325.000,300.000,325.000,-1,-1,-1,-1,550.000,525.000,550.000,675.000,1,1,1,1,2,0,1,0,0,2,2,2,2,1,1,1,1
8,-5091.269,9380.650,158.012,-147.321,-0.839809,0.538864,0.065926,-0.541558,-0.840037,-0.032460,0.037888,-0.062963,0.997296,0,0.72000,-1.00000,43.200,-2.000,500.000,400.000,775.000,350.000,-1,325.000,300.000,300.000,325.000,-1,-1,-1,-1,525.000,500.000,500.000,650.000,1,1,1,1,2,0,1,0,0,2,2,2,2,1,1,1,1
9,-5132.552,9356.160,159.997,-149.321,-0.858141,0.509259,0.065184,-0.511920,-0.858399,-0.033012,0.039142,-0.061698,0.997327,0,0.80000,-1.00000,48.000,-2.000,450.000,375.000,725.000,325.000,-1,300.000,275.000,300.000,325.000,-1,-1,-1,-1,475.000,475.000,475.000,650.000,1,1,1,1,2,1,1,0,0,2,2,2,2,1,1,1,1
10,-5178.875,9330.821,162.331,-151.321,-0.875409,0.479020,0.064800,-0.481675,-0.875702,-0.033693,0.040606,-0.060707,0.997329,0,0.88000,-1.00000,52.800,-2.000,400.000,350.000,650.000,325.000,-1,275.000,275.000,300.000,325.000,-1,-1,-1,-1,450.000,450.000,425.000,625.000,1,1,1,1,2,1,1,1,0,2,2,2,2,1,1,1,1
11,-5230.342,9304.956,165.537,-153.318,-0.891430,0.448179,0.066992,-0.451036,-0.891797,-0.035561,0.043806,-0.061916,0.997120,0,0.96000,-0.99853,57.600,-1.997,350.000,325.000,600.000,300.000,-1,275.000,250.000,300.000,325.000,-1,-1,-1,-1,400.000,450.000,375.000,625.000,1,1,1,1,2,1,1,1,0,2,2,2,2,1,1,1,1
12,-5284.856,9279.889,169.108,-155.306,-0.906252,0.416912,0.069940,-0.420053,-0.906704,-0.038002,0.047571,-0.063818,0.996827,0,1.00000,-0.99434,60.000,-1.989,325.000,275.000,575.000,300.000,-1,250.000,250.000,300.000,325.000,-1,-1,-1,-1,375.000,425.000,325.000,625.000,1,1,1,1,2,1,1,1,0,2,2,2,2,1,1,1,1
13,-5340.203,9256.719,172.859,-157.285,-0.919865,0.385293,0.073464,-0.388796,-0.920411,-0.041004,0.051818,-0.066281,0.996455,0,1.00000,-0.98942,60.000,-1.979,275.000,250.000,525.000,275.000,-1,225.000,225.000,275.000,350.000,-1,-1,-1,-1,325.000,425.000,275.000,-1,1,1,1,1,2,1,1,1,0,2,2,2,2,1,1,1,2
14,-5396.316,9235.468,178.780,-159.253,-0.931923,0.353591,0.080584,-0.357136,-0.933417,-0.034449,0.063037,-0.060883,0.996152,0,1.00000,-0.98365,60.000,-1.967,225.000,225.000,500.000,275.000,-1,200.000,225.000,275.000,350.000,-1,-1,-1,-1,300.000,425.000,225.000,-1,1,1,1,1,2,1,1,1,0,2,2,2,2,1,1,1,2
15,-5453.125,9216.148,187.768,-161.207,-0.942164,0.321851,0.093486,-0.324492,-0.945783,-0.014155,0.083861,-0.043672,0.995520,0,1.00000,-0.97693,60.000,-1.954,250.000,225.000,-1,300.000,-1,200.000,225.000,275.000,350.000,-1,300.000,250.000,-1,300.000,450.000,250.000,-1,1,1,2,1,2,1,1,1,0,2,0,0,2,1,1,1,2
16,-5510.554,9198.755,197.328,-163.145,-0.950881,0.289867,0.108636,-0.290812,-0.956752,0.007388,0.106079,-0.024567,0.994054,0,1.00000,-0.96913,60.000,-1.938,275.000,225.000,-1,300.000,-1,225.000,250.000,300.000,350.000,-1,225.000,150.000,-1,325.000,-1,250.000,-1,1,1,2,1,2,1,1,1,0,2,0,0,2,1,2,1,2
17,-4263.560,-1639.830,-80.266,47.200,0.679373,-0.733654,0.014289,0.733772,0.679373,-0.005598,-0.005601,0.014288,0.999882,1,0.00000,0.00000,60.000,-1.920,-1,400.000,-1,400.000,-1,325.000,325.000,300.000,300.000,-1,-1,-1,-1,850.000,825.000,-1,-1,2,0,2,0,2,0,0,0,0,2,2,2,2,0,0,2,2
18,-4260.284,-1636.322,-80.294,46.960,0.682437,-0.730802,0.014425,0.730921,0.682440,-0.005448,-0.005863,0.014261,0.999881,0,0.08000,-0.12000,4.800,-0.240,-1,400.000,-1,400.000,-1,325.000,325.000,300.000,300.000,-1,-1,-1,-1,850.000,825.000,-1,-1,2,0,2,0,2,0,0,0,0,2,2,2,2,0,0,2,2
19,-4253.673,-1629.360,-80.352,46.480,0.688529,-0.725060,0.014699,0.725181,0.688539,-0.005150,-0.006387,0.014206,0.999879,0,0.16000,-0.24000,9.600,-0.480,-1,400.000,-1,400.000,-1,325.000,325.000,300.000,300.000,-1,-1,-1,-1,850.000,825.000,-1,-1,2,0,2,0,2,0,0,0,0,2,2,2,2,0,0,2,2
20,-4243.627,-1619.044,-80.442,45.760,0.697576,-0.716351,0.015119,0.716475,0.697597,-0.004709,-0.007174,0.014117,0.999875,0,0.24000,-0.36000,14.400,-0.720,-1,400.000,-1,400.000,-1,325.000,325.000,300.000,300.000,-1,-1,-1,-1,850.000,825.000,-1,-1,2,0,2,0,2,0,0,0,0,2,2,2,2,0,0,2,2
21,-4230.003,-1605.515,-80.568,44.800,0.709467,-0.704564,0.015685,0.704691,0.709502,-0.004131,-0.008218,0.013984,0.999868,0,0.32000,-0.48000,19.200,-0.960,-1,400.000,-1,400.000,-1,325.000,325.000,300.000,300.000,-1,-1,-1,-1,825.000,825.000,-1,-1,2,0,2,0,2,0,0,0,0,2,2,2,2,0,0,2,2
22,-4212.623,-1588.964,-80.815,43.600,0.724056,-0.689556,0.016007,0.689679,0.724107,-0.003372,-0.009266,0.013481,0.999866,0,0.40000,-0.60000,24.000,-1.200,-1,400.000,-1,400.000,-1,325.000,325.000,300.000,300.000,-1,-1,-1,-1,825.000,825.000,-1,-1,2,0,2,0,2,0,0,0,0,2,2,2,2,0,0,2,2
23,-4191.274,-1569.634,-81.125,42.160,0.741143,-0.671147,0.016419,0.671265,0.741213,-0.002466,-0.010515,0.012850,0.999862,0,0.48000,-0.72000,28.800,-1.440,-1,400.000,-1,400.000,-1,325.000,325.000,300.000,300.000,-1,-1,-1,-1,825.000,800.000,-1,-1,2,0,2,0,2,0,0,0,0,2,2,2,2,0,0,2,2
24,-4165.717,-1547.821,-81.551,40.480,0.760486,-0.649133,0.016941,0.649246,0.760577,-0.001633,-0.011825,0.012241,0.999855,0,0.56000,-0.84000,33.600,-1.680,-1,400.000,-1,400.000,-1,325.000,325.000,300.000,300.000,-1,-1,-1,-1,825.000,800.000,-1,-1,2,0,2,0,2,0,0,0,0,2,2,2,2,0,0,2,2
25,-4135.773,-1523.780,-82.068,38.760,0.779611,-0.626018,0.017577,0.626125,0.779723,-0.000745,-0.013239,0.011587,0.999845,0,0.64000,-0.85995,38.400,-1.720,-1,400.000,-1,400.000,-1,325.000,325.000,300.000,300.000,-1,-1,-1,-1,825.000,800.000,-1,-1,2,0,2,0,2,0,0,0,0,2,2,2,2,0,0,2,2
26,-4101.285,-1497.764,-82.686,37.030,0.798141,-0.602192,0.018327,0.602290,0.798277,0.000189,-0.014744,0.010887,0.999832,0,0.72000,-0.86522,43.200,-1.730,-1,400.000,-1,400.000,-1,325.000,325.000,300.000,300.000,-1,-1,-1,-1,800.000,800.000,-1,-1,2,0,2,0,2,0,0,0,0,2,2,2,2,0,0,2,2
27,-4062.104,-1470.036,-83.412,35.287,0.816062,-0.577646,0.019184,0.577733,0.816225,0.001160,-0.016329,0.010136,0.999815,0,0.80000,-0.87119,48.000,-1.742,-1,400.000,-1,400.000,-1,325.000,325.000,300.000,300.000,-1,-1,-1,-1,800.000,800.000,-1,-1,2,0,2,0,2,0,0,0,0,2,2,2,2,0,0,2,2
28,-4018.091,-1440.869,-84.257,33.532,0.833354,-0.552372,0.020142,0.552447,0.833546,0.002158,-0.017981,0.009329,0.999795,0,0.88000,-0.87783,52.800,-1.756,-1,400.000,-1,400.000,-1,325.000,325.000,300.000,300.000,-1,-1,-1,-1,775.000,775.000,-1,-1,2,0,2,0,2,0,0,0,0,2,2,2,2,0,0,2,2
29,-3969.117,-1410.550,-85.299,31.761,0.849987,-0.526364,0.021508,0.526427,0.850215,0.003059,-0.019897,0.008722,0.999764,0,0.96000,-0.88505,57.600,-1.770,-1,400.000,-1,400.000,-1,325.000,325.000,300.000,300.000,-1,-1,-1,-1,775.000,775.000,-1,-1,2,0,2,0,2,0,0,0,0,2,2,2,2,0,0,2,2
30,-3918.490,-1381.349,-86.403,29.976,0.865943,-0.499620,0.022870,0.499670,0.866207,0.003895,-0.021756,0.008054,0.999731,0,0.97408,-0.89275,58.445,-1.785,-1,400.000,-1,400.000,-1,325.000,325.000,300.000,300.000,-1,-1,-1,-1,750.000,775.000,-1,-1,2,0,2,0,2,0,0,0,0,2,2,2,2,0,0,2,2
31,-3867.023,-1353.781,-87.553,28.175,0.881182,-0.472158,0.024184,0.472191,0.881484,0.004716,-0.023544,0.007264,0.999696,0,0.97307,-0.90033,58.384,-1.801,-1,400.000,-1,400.000,-1,325.000,325.000,300.000,300.000,-1,-1,-1,-1,750.000,750.000,-1,-1,2,0,2,0,2,0,0,0,1,2,2,2,2,0,0,2,2
32,-3819.117,-1329.776,-88.739,26.615,0.893698,-0.447979,0.024862,0.447985,0.894023,0.005617,-0.024743,0.006118,0.999675,0,0.89307,-0.78033,53.584,-1.561,-1,400.000,-1,400.000,-1,325.000,325.000,300.000,300.000,-1,-1,-1,-1,725.000,750.000,-1,-1,2,0,2,0,2,0,0,0,1,2,2,2,2,0,0,2,2
33,-3775.009,-1308.932,-89.851,25.294,0.903777,-0.427257,0.025282,0.427239,0.904116,0.006372,-0.025580,0.005042,0.999660,0,0.81307,-0.66033,48.784,-1.321,-1,400.000,-1,400.000,-1,325.000,325.000,300.000,300.000,-1,-1,-1,-1,725.000,750.000,-1,-1,2,0,2,0,2,0,0,0,1,2,2,2,2,0,0,2,2
34,-3734.894,-1290.893,-90.798,24.213,0.911669,-0.410131,0.025547,0.410100,0.912016,0.006674,-0.026037,0.004393,0.999651,0,0.73307,-0.54033,43.984,-1.081,-1,375.000,-1,400.000,-1,325.000,325.000,300.000,300.000,-1,-1,-1,-1,725.000,750.000,-1,-1,2,0,2,0,2,0,0,0,1,2,2,2,2,0,0,2,2
35,-3698.925,-1275.348,-91.704,23.373,0.917587,-0.396706,0.025671,0.396672,0.917937,0.006632,-0.026196,0.004098,0.999648,0,0.65307,-0.42033,39.184,-0.841,-1,375.000,-1,400.000,-1,325.000,325.000,300.000,300.000,-1,-1,-1,-1,725.000,750.000,-1,-1,2,0,2,0,2,0,0,0,1,2,2,2,2,0,0,2,2
36,-3667.221,-1262.039,-92.523,22.772,0.921695,-0.387061,0.025716,0.387028,0.922045,0.006478,-0.026219,0.003982,0.999648,0,0.57307,-0.30033,34.384,-0.601,-1,375.000,-1,400.000,-1,325.000,325.000,300.000,300.000,-1,-1,-1,-1,700.000,750.000,-1,-1,2,0,2,0,2,0,0,0,1,2,2,2,2,0,0,2,2
37,-3639.871,-1250.760,-93.227,22.411,0.924114,-0.381250,0.025727,0.381217,0.924464,0.006347,-0.026203,0.003942,0.999649,0,0.49307,-0.18033,29.584,-0.361,-1,375.000,-1,400.000,-1,325.000,325.000,300.000,300.000,-1,-1,-1,-1,700.000,750.000,-1,-1,2,0,2,0,2,0,0,0,1,2,2,2,2,0,0,2,2
38,-3616.939,-1241.359,-93.815,22.291,0.924916,-0.379302,0.025716,0.379271,0.925264,0.006245,-0.026163,0.003978,0.999650,0,0.41307,-0.06033,24.784,-0.121,-1,375.000,-1,400.000,-1,325.000,325.000,300.000,300.000,-1,-1,-1,-1,700.000,750.000,-1,-1,2,0,2,0,2,0,0,0,1,2,2,2,2,0,0,2,2
39,-3598.464,-1233.741,-94.287,22.410,0.924124,-0.381228,0.025695,0.381200,0.924472,0.006178,-0.026110,0.004086,0.999651,0,0.33307,0.05967,19.984,0.119,-1,375.000,-1,400.000,-1,325.000,325.000,300.000,300.000,-1,-1,-1,-1,700.000,750.000,-1,-1,2,0,2,0,2,0,0,0,1,2,2,2,2,0,0,2,2
40,-3584.463,-1227.864,-94.643,22.769,0.921715,-0.387018,0.025670,0.386993,0.922062,0.006152,-0.026050,0.004264,0.999652,0,0.25307,0.17967,15.184,0.359,-1,375.000,-1,400.000,-1,325.000,325.000,300.000,300.000,-1,-1,-1,-1,700.000,750.000,-1,-1,2,0,2,0,2,0,0,0,1,2,2,2,2,0,0,2,2
41,-3574.926,-1223.757,-94.885,23.299,0.918097,-0.395526,0.025647,0.395503,0.918444,0.006163,-0.025993,0.004485,0.999652,0,0.17307,0.26486,10.384,0.530,-1,375.000,-1,400.000,-1,325.000,325.000,300.000,300.000,-1,-1,-1,-1,700.000,750.000,-1,-1,2,0,2,0,2,0,0,0,1,2,2,2,2,0,0,2,2
42,-3561.010,-1217.680,-95.238,23.589,0.916085,-0.400165,0.025609,0.400145,0.916432,0.006124,-0.025920,0.004637,0.999653,0,0.25307,0.14486,15.184,0.290,-1,375.000,-1,400.000,-1,325.000,325.000,300.000,300.000,-1,-1,-1,-1,700.000,725.000,-1,-1,2,0,2,0,2,0,0,0,1,2,2,2,2,0,0,2,2
43,-3542.703,-1209.667,-95.702,23.638,0.915739,-0.400960,0.025553,0.400942,0.916084,0.006031,-0.025827,0.004723,0.999655,0,0.33307,0.02486,19.984,0.050,-1,375.000,-1,400.000,-1,325.000,325.000,300.000,300.000,-1,-1,-1,-1,700.000,725.000,-1,-1,2,0,2,0,2,0,0,0,1,2,2,2,2,0,0,2,2
44,-3519.965,-1199.805,-96.278,23.448,0.917069,-0.397915,0.025469,0.397900,0.917410,0.005878,-0.025705,0.004743,0.999658,0,0.41307,-0.09514,24.784,-0.190,-1,375.000,-1,400.000,-1,325.000,325.000,300.000,300.000,-1,-1,-1,-1,700.000,725.000,-1,-1,2,0,2,0,2,0,0,0,1,2,2,2,2,0,0,2,2
45,-3492.736,-1188.237,-96.966,23.018,0.920035,-0.391014,0.025348,0.391002,0.920373,0.005662,-0.025543,0.004702,0.999663,0,0.49307,-0.21514,29.584,-0.430,-1,375.000,-1,400.000,-1,325.000,325.000,300.000,300.000,-1,-1,-1,-1,675.000,725.000,-1,-1,2,0,2,0,2,0,0,0,1,2,2,2,2,0,0,2,2
46,-3460.934,-1175.163,-97.766,22.348,0.924553,-0.380221,0.025177,0.380211,0.924884,0.005379,-0.025331,0.004599,0.999669,0,0.57307,-0.33514,34.384,-0.670,-1,375.000,-1,375.000,-1,325.000,325.000,325.000,300.000,-1,-1,-1,-1,675.000,725.000,-1,-1,2,0,2,0,2,0,0,0,1,2,2,2,2,0,0,2,2
47,-3424.461,-1160.842,-98.680,21.437,0.930485,-0.365480,0.024941,0.365472,0.930809,0.005026,-0.025052,0.004439,0.999676,0,0.65307,-0.45514,39.184,-0.910,-1,375.000,-1,375.000,-1,325.000,325.000,325.000,300.000,-1,-1,-1,-1,675.000,725.000,-1,-1,2,0,2,0,2,0,0,0,0,2,2,2,2,0,0,2,2
48,-3383.205,-1145.592,-99.728,20.287,0.937646,-0.346721,0.024600,0.346717,0.937959,0.004527,-0.024644,0.004284,0.999687,0,0.73307,-0.57514,43.984,-1.150,-1,375.000,-1,375.000,-1,300.000,325.000,325.000,300.000,-1,-1,-1,-1,675.000,725.000,-1,-1,2,0,2,0,2,0,0,0,0,2,2,2,2,0,0,2,2
49,-3341.108,-1131.182,-100.840,18.897,0.945797,-0.323861,0.024123,0.323866,0.946095,0.003827,-0.024062,0.004194,0.999702,0,0.74158,-0.69514,44.495,-1.390,-1,375.000,-1,375.000,-1,300.000,325.000,300.000,300.000,-1,-1,-1,-1,650.000,750.000,-1,-1,2,0,2,0,2,0,0,0,0,2,2,2,2,0,0,2,2
50,-3298.820,-1118.038,-101.940,17.266,0.954646,-0.296814,0.023503,0.296822,0.954927,0.003236,-0.023404,0.003887,0.999719,0,0.73806,-0.81514,44.283,-1.630,-1,375.000,-1,400.000,-1,300.000,325.000,300.000,300.000,-1,-1,-1,-1,650.000,750.000,-1,-1,2,0,2,0,2,0,0,0,0,2,2,2,2,0,0,2,2
51,-3256.256,-1106.316,-103.039,15.396,0.963842,-0.265491,0.022854,0.265500,0.964107,0.002704,-0.022751,0.003461,0.999735,0,0.73581,-0.93514,44.149,-1.870,-1,375.000,-1,400.000,-1,300.000,325.000,300.000,300.000,-1,-1,-1,-1,650.000,750.000,-1,-1,2,0,2,0,2,0,0,0,0,2,2,2,2,0,0,2,2
52,-3213.365,-1096.101,-104.105,13.396,0.972535,-0.231683,0.022354,0.231694,0.972786,0.002113,-0.022235,0.003125,0.999748,0,0.73484,-1.00000,44.090,-2.000,-1,375.000,-1,400.000,-1,300.000,325.000,300.000,300.000,-1,-1,-1,-1,650.000,750.000,-1,-1,2,0,2,0,2,0,0,0,0,2,2,2,2,0,0,2,2
53,-3170.162,-1087.393,-104.941,11.396,0.980044,-0.197591,0.021705,0.197626,0.980277,0.000556,-0.021386,0.003744,0.999764,0,0.73454,-1.00000,44.073,-2.000,-1,375.000,-1,400.000,-1,300.000,325.000,300.000,300.000,-1,-1,-1,-1,650.000,750.000,-1,-1,2,0,2,0,2,0,0,0,0,2,2,2,2,0,0,2,2
54,-3126.698,-1080.201,-105.744,9.396,0.986360,-0.163259,0.020984,0.163318,0.986573,-0.001115,-0.020520,0.004527,0.999779,0,0.73425,-1.00000,44.055,-2.000,-1,375.000,-1,400.000,-1,300.000,325.000,300.000,300.000,-1,-1,-1,-1,650.000,775.000,-1,-1,2,0,2,0,2,0,0,0,0,2,2,2,2,0,0,2,2
55,-3083.026,-1074.532,-106.550,7.396,0.991473,-0.128728,0.020268,0.128809,0.991666,-0.002749,-0.019745,0.005336,0.999791,0,0.73397,-1.00000,44.038,-2.000,-1,375.000,-1,400.000,-1,300.000,325.000,300.000,300.000,-1,-1,-1,-1,650.000,775.000,-1,-1,2,0,2,0,2,0,0,0,0,2,2,2,2,0,0,2,2
56,-3039.200,-1070.392,-107.363,5.396,0.995376,-0.094041,0.019570,0.094142,0.995549,-0.004337,-0.019075,0.006159,0.999799,0,0.73369,-1.00000,44.021,-2.000,-1,375.000,-1,400.000,-1,300.000,325.000,300.000,300.000,-1,-1,-1,-1,675.000,800.000,-1,-1,2,0,2,0,2,0,0,0,0,2,2,2,2,0,0,2,2
57,-2995.273,-1067.785,-108.190,3.396,0.998065,-0.059239,0.018901,0.059359,0.998219,-0.005870,-0.018520,0.006981,0.999804,0,0.73342,-1.00000,44.005,-2.000,-1,375.000,-1,400.000,-1,325.000,325.000,325.000,300.000,-1,-1,-1,-1,675.000,800.000,-1,-1,2,0,2,0,2,0,0,0,0,2,2,2,2,0,0,2,2
58,-2951.297,-1066.713,-109.038,1.396,0.999536,-0.024365,0.018276,0.024503,0.999673,-0.007343,-0.018091,0.007787,0.999806,0,0.73315,-1.00000,43.989,-2.000,-1,375.000,-1,400.000,-1,325.000,325.000,300.000,300.000,-1,-1,-1,-1,675.000,800.000,-1,-1,2,0,2,0,2,0,0,0,0,2,2,2,2,0,0,2,2
59,-2907.326,-1067.176,-109.912,-0.604,0.999788,0.010537,0.017709,-0.010384,0.999908,-0.008749,-0.017799,0.008564,0.999805,0,0.73289,-1.00000,43.973,-2.000,-1,375.000,-1,400.000,-1,325.000,325.000,300.000,300.000,-1,-1,-1,-1,675.000,825.000,-1,-1,2,0,2,0,2,0,0,0,0,2,2,2,2,0,0,2,2
60,-2863.413,-1069.173,-110.818,-2.604,0.998819,0.045427,0.017212,-0.045258,0.998924,-0.010087,-0.017652,0.009296,0.999801,0,0.73264,-1.00000,43.958,-2.000,-1,375.000,-1,400.000,-1,325.000,325.000,300.000,300.000,-1,-1,-1,-1,700.000,825.000,-1,-1,2,0,2,0,2,0,0,0,0,2,2,2,2,0,0,2,2
61,-2824.368,-1072.153,-111.655,-4.364,0.996959,0.076085,0.016839,-0.075903,0.997052,-0.011222,-0.017643,0.009910,0.999795,0,0.65264,-0.88000,39.158,-1.760,-1,375.000,-1,400.000,-1,325.000,325.000,300.000,300.000,-1,-1,-1,-1,700.000,850.000,-1,-1,2,0,2,0,2,0,0,0,0,2,2,2,2,0,0,2,2
62,-2786.523,-1076.062,-112.491,-5.898,0.994569,0.102755,0.016548,-0.102560,0.994651,-0.012288,-0.017722,0.010524,0.999788,0,0.63411,-0.76720,38.047,-1.534,-1,375.000,-1,400.000,-1,325.000,325.000,300.000,300.000,-1,-1,-1,-1,700.000,850.000,-1,-1,2,0,2,0,2,0,0,0,0,2,2,2,2,0,0,2,2
63,-2748.868,-1080.974,-113.358,-7.432,0.991465,0.129343,0.016329,-0.129133,0.991538,-0.013307,-0.017912,0.011085,0.999778,0,0.63290,-0.76694,37.974,-1.534,-1,375.000,-1,400.000,-1,325.000,325.000,300.000,300.000,-1,-1,-1,-1,700.000,850.000,-1,-1,2,0,2,0,2,0,0,0,0,2,2,2,2,0,0,2,2
64,-2711.428,-1086.881,-114.259,-8.965,0.987652,0.155826,0.016190,-0.155602,0.987717,-0.014282,-0.018217,0.011586,0.999767,0,0.63172,-0.76662,37.903,-1.533,-1,375.000,-1,400.000,-1,325.000,325.000,300.000,300.000,-1,-1,-1,-1,700.000,850.000,-1,-1,2,0,2,0,2,0,0,0,0,2,2,2,2,0,0,2,2
65,-2674.228,-1093.774,-115.151,-10.498,0.983130,0.182183,0.016244,-0.181940,0.983189,-0.015413,-0.018779,0.012198,0.999749,0,0.63056,-0.76622,37.833,-1.532,-1,375.000,-1,425.000,-1,325.000,325.000,300.000,300.000,-1,-1,-1,-1,725.000,875.000,-1,-1,2,0,2,0,2,0,0,0,0,2,2,2,2,0,0,2,2
66,-2637.292,-1101.645,-115.936,-12.029,0.977905,0.208393,0.016564,-0.208113,0.977954,-0.017156,-0.019774,0.013329,0.999716,0,0.62942,-0.76577,37.765,-1.532,-1,375.000,-1,425.000,-1,325.000,325.000,300.000,300.000,-1,-1,-1,-1,725.000,850.000,-1,-1,2,0,2,0,2,0,0,0,0,2,2,2,2,0,0,2,2
67,-2600.644,-1110.484,-116.753,-13.560,0.971985,0.234436,0.016890,-0.234117,0.972025,-0.018903,-0.020849,0.014419,0.999679,0,0.62831,-0.76525,37.699,-1.531,-1,375.000,-1,425.000,-1,325.000,325.000,300.000,300.000,-1,-1,-1,-1,725.000,850.000,-1,-1,2,0,2,0,2,0,0,0,0,2,2,2,2,0,0,2,2
68,-2560.441,-1121.299,-117.694,-15.057,0.965521,0.259751,0.017301,-0.259386,0.965550,-0.020794,-0.022106,0.015589,0.999634,0,0.69386,-0.74867,41.632,-1.497,-1,375.000,-1,400.000,-1,325.000,325.000,300.000,300.000,-1,-1,-1,-1,725.000,825.000,-1,-1,2,0,2,0,2,0,0,0,1,2,2,2,2,0,0,2,2
69,-2520.563,-1133.157,-118.645,-16.560,0.958368,0.284986,0.017700,-0.284577,0.958390,-0.022472,-0.023367,0.016499,0.999591,0,0.69341,-0.75159,41.605,-1.503,-1,375.000,-1,400.000,-1,325.000,325.000,300.000,300.000,-1,-1,-1,-1,725.000,825.000,-1,-1,2,0,2,0,2,0,0,0,1,2,2,2,2,0,0,2,2
70,-2481.038,-1146.052,-119.610,-18.069,0.950526,0.310121,0.018036,-0.309671,0.950541,-0.023995,-0.024586,0.017222,0.999549,0,0.69292,-0.75449,41.575,-1.509,-1,400.000,-1,400.000,-1,325.000,325.000,300.000,300.000,-1,-1,-1,-1,725.000,800.000,-1,-1,2,0,2,0,2,0,0,0,1,2,2,2,2,0,0,2,2
71,-2441.898,-1159.977,-120.602,-19.584,0.941993,0.335135,0.018272,-0.334641,0.941999,-0.025563,-0.025780,0.017966,0.999506,0,0.69237,-0.75737,41.542,-1.515,-1,400.000,-1,425.000,-1,325.000,325.000,300.000,300.000,-1,-1,-1,-1,725.000,800.000,-1,-1,2,0,2,0,2,0,0,0,1,2,2,2,2,0,0,2,2
72,-2403.176,-1174.922,-121.655,-21.105,0.932765,0.360008,0.018533,-0.359470,0.932764,-0.027085,-0.027037,0.018602,0.999461,0,0.69178,-0.76024,41.507,-1.520,-1,400.000,-1,425.000,-1,325.000,325.000,300.000,275.000,-1,-1,-1,-1,725.000,775.000,-1,-1,2,0,2,0,2,0,0,0,1,2,2,2,2,0,0,2,2
73,-2364.900,-1190.879,-122.772,-22.631,0.922841,0.384720,0.018817,-0.384135,0.922835,-0.028555,-0.028351,0.019123,0.999415,0,0.69113,-0.76310,41.468,-1.526,-1,400.000,-1,425.000,-1,325.000,325.000,275.000,275.000,-1,-1,-1,-1,725.000,775.000,-1,-1,2,0,2,1,2,0,0,0,1,2,2,2,2,0,0,2,2
74,-2327.105,-1207.835,-123.957,-24.163,0.912221,0.409251,0.019127,-0.408619,0.912213,-0.029969,-0.029713,0.019523,0.999368,0,0.69042,-0.76597,41.425,-1.532,-1,400.000,-1,400.000,-1,325.000,325.000,275.000,275.000,-1,-1,-1,-1,725.000,750.000,-1,-1,2,0,2,1,2,0,0,0,1,2,2,2,2,0,0,2,2
75,-2289.820,-1225.780,-125.212,-25.700,0.900905,0.433580,0.019461,-0.432900,0.900898,-0.031324,-0.031114,0.019795,0.999320,0,0.68964,-0.76884,41.378,-1.538,-1,400.000,-1,400.000,-1,325.000,325.000,275.000,250.000,-1,-1,-1,-1,725.000,750.000,-1,-1,2,0,2,1,2,0,0,0,1,2,2,2,2,0,0,2,2
76,-2253.077,-1244.698,-126.539,-27.244,0.888893,0.457687,0.019822,-0.456958,0.888890,-0.032613,-0.032546,0.019932,0.999271,0,0.68879,-0.77172,41.327,-1.543,-1,400.000,-1,400.000,-1,325.000,325.000,275.000,250.000,-1,-1,-1,-1,725.000,725.000,-1,-1,2,0,2,1,2,0,0,0,1,2,2,2,2,0,0,2,2
77,-2216.908,-1264.577,-127.942,-28.793,0.876185,0.481551,0.020210,-0.480775,0.876191,-0.033834,-0.034001,0.019928,0.999223,0,0.68785,-0.77462,41.271,-1.549,-1,400.000,-1,375.000,-1,325.000,325.000,275.000,250.000,-1,-1,-1,-1,725.000,725.000,-1,-1,2,0,2,1,2,0,0,0,1,2,2,2,2,0,0,2,2
78,-2181.345,-1285.399,-128.342,-30.348,0.862779,0.505190,0.019890,-0.504551,0.862865,-0.029885,-0.032260,0.015748,0.999355,0,0.68684,-0.77754,41.210,-1.555,-1,400.000,-1,400.000,-1,325.000,325.000,275.000,250.000,-1,-1,-1,-1,725.000,725.000,-1,-1,2,0,2,1,2,0,1,0,1,2,2,2,2,0,0,2,2
79,-2146.419,-1307.146,-128.685,-31.909,0.848677,0.528541,0.019824,-0.528048,0.848836,-0.025339,-0.030220,0.011037,0.999482,0,0.68573,-0.78048,41.144,-1.561,-1,400.000,-1,400.000,-1,350.000,350.000,275.000,250.000,-1,-1,-1,-1,750.000,750.000,-1,-1,2,0,2,1,2,0,1,0,1,2,2,2,2,0,0,2,2
80,-2112.161,-1329.801,-129.183,-33.476,0.833882,0.551575,0.020149,-0.551205,0.834099,-0.021255,-0.028530,0.006618,0.999571,0,0.68452,-0.78346,41.071,-1.567,-1,400.000,-1,425.000,-1,350.000,350.000,275.000,250.000,-1,-1,-1,-1,750.000,750.000,-1,-1,2,0,2,1,2,0,0,0,1,2,2,2,2,0,0,2,2
81,-2078.602,-1353.342,-129.850,-35.049,0.818398,0.574274,0.020820,-0.574011,0.818660,-0.017548,-0.027122,0.002410,0.999629,0,0.68322,-0.78647,40.993,-1.573,-1,400.000,-1,425.000,-1,350.000,350.000,275.000,225.000,-1,-1,-1,-1,750.000,775.000,-1,-1,2,0,2,0,2,0,0,0,1,2,2,2,2,0,0,2,2
82,-2045.772,-1377.748,-130.607,-36.628,0.802241,0.596616,0.021398,-0.596445,0.802526,-0.014328,-0.025721,-0.001268,0.999668,0,0.68180,-0.78952,40.908,-1.579,-1,425.000,-1,425.000,-1,350.000,350.000,275.000,225.000,-1,-1,-1,-1,750.000,775.000,-1,-1,2,0,2,0,2,0,0,0,1,2,2,2,2,0,0,2,2
83,-2013.701,-1402.997,-131.410,-38.213,0.785419,0.618583,0.021719,-0.618488,0.785708,-0.011671,-0.024284,-0.004266,0.999696,0,0.68027,-0.79260,40.816,-1.585,-1,425.000,-1,425.000,-1,350.000,350.000,275.000,225.000,-1,-1,-1,-1,750.000,775.000,-1,-1,2,0,2,0,2,0,0,0,1,2,2,2,2,0,0,2,2
84,-1982.421,-1429.063,-132.324,-39.805,0.767925,0.640157,0.022148,-0.640123,0.768214,-0.009502,-0.023097,-0.006881,0.999710,0,0.67863,-0.79573,40.718,-1.591,-1,425.000,-1,425.000,-1,350.000,350.000,275.000,225.000,-1,-1,-1,-1,750.000,775.000,-1,-1,2,0,2,0,2,0,0,0,1,2,2,2,2,0,0,2,2
85,-1951.958,-1455.921,-133.368,-41.402,0.749771,0.661310,0.022651,-0.661330,0.750056,-0.007672,-0.022063,-0.009228,0.999714,0,0.67686,-0.79869,40.612,-1.597,-1,425.000,-1,425.000,-1,350.000,350.000,275.000,225.000,-1,-1,-1,-1,725.000,775.000,-1,-1,2,0,2,0,2,0,0,0,1,2,2,2,2,0,0,2,2
86,-1918.616,-1486.752,-134.792,-42.759,0.733889,0.678881,0.022950,-0.678936,0.734169,-0.006518,-0.021274,-0.010798,0.999715,0,0.75686,-0.67869,45.412,-1.357,-1,400.000,-1,425.000,-1,350.000,350.000,275.000,200.000,-1,-1,-1,-1,725.000,775.000,-1,-1,2,0,2,0,2,0,0,0,1,2,2,2,2,0,0,2,2
87,-1882.422,-1521.554,-136.650,-43.877,0.720507,0.693064,0.023042,-0.693129,0.720785,-0.006332,-0.020997,-0.011409,0.999714,0,0.83686,-0.55869,50.212,-1.117,-1,400.000,-1,425.000,-1,350.000,350.000,275.000,200.000,-1,-1,-1,-1,725.000,775.000,-1,-1,2,0,2,0,2,0,0,0,1,2,2,2,2,0,0,2,2
88,-1844.842,-1558.813,-138.898,-44.754,0.709805,0.704024,0.022978,-0.704070,0.710092,-0.007373,-0.021508,-0.010945,0.999709,0,0.88199,-0.43869,52.919,-0.877,-1,400.000,-1,425.000,-1,325.000,350.000,275.000,200.000,-1,-1,-1,-1,700.000,750.000,-1,-1,2,0,2,0,2,0,0,0,1,2,2,2,2,0,0,2,2
89,-1808.105,-1596.056,-141.476,-45.392,0.701930,0.711892,0.022454,-0.711885,0.702229,-0.009729,-0.022694,-0.009156,0.999701,0,0.87188,-0.31869,52.313,-0.637,-1,375.000,-1,400.000,-1,325.000,325.000,275.000,175.000,-1,-1,-1,-1,675.000,725.000,-1,-1,2,0,2,0,2,0,0,0,1,2,2,2,2,0,0,2,2
90,-1772.112,-1633.054,-143.974,-45.789,0.697045,0.716769,0.019264,-0.716651,0.697298,-0.013693,-0.023247,-0.004261,0.999721,0,0.86029,-0.19869,51.618,-0.397,-1,375.000,-1,400.000,-1,325.000,325.000,275.000,175.000,-1,-1,-1,-1,650.000,675.000,-1,-1,2,0,2,0,2,0,0,0,1,2,2,2,2,0,0,2,2
91,-1736.760,-1669.594,-146.809,-45.946,0.695160,0.718686,0.015561,-0.718435,0.695331,-0.019130,-0.024568,0.002118,0.999696,0,0.84736,-0.07869,50.842,-0.157,-1,375.000,-1,375.000,-1,300.000,325.000,300.000,175.000,-1,-1,-1,-1,650.000,650.000,-1,-1,2,0,2,0,2,0,0,0,1,2,2,2,2,0,0,2,2
92,-1701.989,-1705.522,-149.609,-45.937,0.695346,0.718554,0.013242,-0.718139,0.695420,-0.025819,-0.027761,0.008444,0.999579,0,0.83330,0.00448,49.998,0.009,-1,350.000,-1,375.000,-1,300.000,300.000,300.000,150.000,-1,-1,-1,-1,625.000,600.000,-1,1000.000,2,0,2,0,2,0,0,0,1,2,2,2,2,0,0,2,0
93,-1667.816,-1740.812,-149.535,-45.921,0.695394,0.718375,0.019070,-0.717928,0.695643,-0.025685,-0.031718,0.004170,0.999488,0,0.81874,0.00814,49.125,0.016,975.000,350.000,-1,350.000,1000.000,300.000,300.000,300.000,175.000,-1,-1,-1,-1,600.000,600.000,900.000,925.000,0,0,2,0,0,0,0,0,1,2,2,2,2,0,0,0,0
94,-1634.209,-1775.486,-148.940,-45.896,0.695554,0.718073,0.023981,-0.717744,0.695965,-0.021826,-0.032363,-0.002031,0.999474,0,0.80478,0.01263,48.287,0.025,875.000,350.000,-1,350.000,1000.000,300.000,300.000,300.000,175.000,-1,-1,-1,-1,575.000,600.000,825.000,925.000,0,0,2,0,0,0,0,0,1,2,2,2,2,0,0,0,0
95,-1601.134,-1809.568,-148.549,-45.860,0.695889,0.717622,0.027524,-0.717424,0.696397,-0.018248,-0.032263,-0.007048,0.999455,0,0.79156,0.01789,47.494,0.036,800.000,350.000,-1,350.000,-1,300.000,300.000,300.000,200.000,-1,-1,-1,-1,575.000,600.000,775.000,925.000,0,0,2,0,2,0,0,0,1,2,2,2,2,0,0,0,0
96,-1568.546,-1843.093,-148.261,-45.812,0.696420,0.717019,0.029700,-0.716932,0.696973,-0.015401,-0.031743,-0.010567,0.999440,0,0.77922,0.02387,46.753,0.048,775.000,350.000,-1,350.000,-1,300.000,300.000,300.000,200.000,-1,-1,-1,-1,550.000,600.000,750.000,925.000,0,0,2,0,2,0,0,0,1,2,2,2,2,0,0,0,0
97,-1536.399,-1876.093,-148.184,-45.751,0.697166,0.716255,0.030641,-0.716263,0.697716,-0.012673,-0.030456,-0.013112,0.999450,0,0.76784,0.03051,46.070,0.061,725.000,350.000,-1,350.000,-1,300.000,300.000,300.000,225.000,-1,-1,-1,-1,550.000,600.000,725.000,925.000,0,0,2,0,2,0,0,0,1,2,2,2,2,0,0,0,0
98,-1504.641,-1908.608,-148.183,-45.676,0.698140,0.715313,0.030468,-0.715412,0.698639,-0.009451,-0.028047,-0.015199,0.999491,0,0.75750,0.03777,45.450,0.076,725.000,350.000,-1,350.000,-1,300.000,300.000,300.000,225.000,-1,-1,-1,-1,550.000,600.000,725.000,925.000,0,0,2,0,2,0,0,0,1,2,2,2,2,0,0,0,0
99,-1473.222,-1940.675,-148.258,-45.584,0.699351,0.714181,0.029210,-0.714356,0.699758,-0.005769,-0.024560,-0.016832,0.999557,0,0.74824,0.04561,44.895,0.091,725.000,350.000,-1,350.000,-1,300.000,300.000,300.000,250.000,-1,-1,-1,-1,550.000,600.000,725.000,950.000,0,0,2,0,2,0,0,0,1,2,2,2,2,0,0,0,0
100,-1445.236,-1969.386,-148.537,-45.733,0.697593,0.715989,0.026905,-0.716195,0.697895,-0.002737,-0.020736,-0.017359,0.999634,0,0.66824,-0.07439,40.095,-0.149,725.000,350.000,-1,350.000,-1,300.000,300.000,300.000,275.000,-1,-1,-1,-1,550.000,600.000,725.000,950.000,0,0,2,0,2,0,0,0,1,2,2,2,2,0,0,0,0
101,-1420.452,-1995.161,-148.951,-46.122,0.692821,0.720712,0.023952,-0.720914,0.693024,-0.000253,-0.016782,-0.017092,0.999713,0,0.59595,-0.19439,35.757,-0.389,750.000,350.000,-1,350.000,-1,300.000,300.000,300.000,275.000,-1,-1,-1,525.000,550.000,600.000,725.000,975.000,0,0,2,0,2,0,0,0,1,2,2,2,1,0,0,0,0
102,-1396.080,-2021.070,-149.465,-46.751,0.684979,0.728286,0.020087,-0.728460,0.685085,0.002058,-0.012263,-0.016042,0.999796,0,0.59286,-0.31439,35.572,-0.629,775.000,350.000,-1,350.000,-1,300.000,300.000,300.000,275.000,-1,775.000,950.000,500.000,550.000,625.000,750.000,975.000,0,0,2,0,2,0,0,0,1,2,0,0,1,0,0,0,0
103,-1372.168,-2047.276,-150.018,-47.620,0.673960,0.738612,0.015158,-0.738734,0.673984,0.004273,-0.007060,-0.014077,0.999876,0,0.59126,-0.43439,35.476,-0.869,825.000,350.000,-1,350.000,-1,300.000,300.000,300.000,300.000,-1,625.000,725.000,475.000,575.000,625.000,775.000,1000.000,0,0,2,0,2,0,0,0,1,2,0,0,1,0,0,0,0
104,-1348.717,-2073.875,-150.497,-48.598,0.661314,0.750048,0.009620,-0.750107,0.661292,0.005715,-0.002075,-0.010995,0.999937,0,0.59100,-0.48946,35.460,-0.979,875.000,350.000,-1,375.000,-1,300.000,300.000,300.000,300.000,-1,550.000,625.000,450.000,575.000,625.000,825.000,-1,0,0,2,0,2,0,0,0,1,2,0,0,1,0,0,0,2
105,-1325.699,-2100.886,-150.925,-49.562,0.648637,0.761089,0.003553,-0.761092,0.648609,0.006703,0.002797,-0.007052,0.999971,0,0.59147,-0.48176,35.488,-0.964,925.000,350.000,-1,375.000,-1,300.000,300.000,300.000,300.000,-1,500.000,550.000,425.000,575.000,625.000,875.000,-1,0,0,2,0,2,0,0,0,1,2,0,0,1,0,0,0,2
106,-1303.106,-2128.304,-151.425,-50.510,0.635941,0.771732,-0.002952,-0.771697,0.635942,0.007871,0.007952,-0.002727,0.999965,0,0.59213,-0.47397,35.528,-0.948,1000.000,350.000,-1,375.000,-1,300.000,300.000,300.000,300.000,-1,475.000,500.000,400.000,600.000,625.000,950.000,-1,0,0,2,0,2,0,0,0,1,2,0,0,1,0,0,0,2
107,-1280.929,-2156.125,-151.999,-51.442,0.623229,0.781977,-0.009901,-0.781925,0.623304,0.009236,0.013394,0.001985,0.999908,0,0.59297,-0.46608,35.578,-0.932,-1,350.000,-1,375.000,-1,300.000,300.000,300.000,300.000,-1,425.000,450.000,400.000,600.000,625.000,-1,-1,2,0,2,0,2,0,0,0,1,2,0,0,1,0,0,2,2
108,-1259.163,-2184.346,-152.649,-52.358,0.610503,0.791825,-0.017297,-0.791783,0.610707,0.010815,0.019127,0.007093,0.999792,0,0.59399,-0.45809,35.639,-0.916,-1,350.000,-1,375.000,-1,300.000,300.000,300.000,300.000,-1,400.000,350.000,375.000,625.000,625.000,-1,-1,2,0,2,0,2,0,0,0,1,2,0,1,1,0,0,2,2
109,-1237.800,-2212.963,-152.339,-53.258,0.597877,0.801303,-0.021358,-0.801263,0.598181,0.012501,0.022793,0.009639,0.999694,0,0.59518,-0.45000,35.711,-0.900,-1,350.000,-1,375.000,-1,300.000,300.000,300.000,325.000,-1,375.000,350.000,375.000,625.000,650.000,-1,-1,2,0,2,0,2,0,0,0,1,2,0,1,1,0,0,2,2
110,-1216.833,-2241.971,-151.330,-54.142,0.585373,0.810424,-0.023495,-0.810370,0.585746,0.014203,0.025273,0.010726,0.999623,0,0.59654,-0.44182,35.793,-0.884,-1,350.000,-1,375.000,-1,300.000,300.000,300.000,325.000,-1,375.000,350.000,400.000,625.000,650.000,-1,-1,2,0,2,0,2,0,0,0,0,2,0,1,1,0,0,2,2
111,-1196.255,-2271.369,-150.299,-55.009,0.572958,0.819185,-0.025596,-0.819115,0.573408,0.015949,0.027742,0.011828,0.999545,0,0.59806,-0.43354,35.884,-0.867,-1,350.000,-1,375.000,-1,300.000,300.000,300.000,300.000,-1,375.000,350.000,400.000,625.000,650.000,-1,-1,2,0,2,0,2,0,0,0,0,2,0,0,1,0,0,2,2
112,-1176.059,-2301.152,-149.243,-55.859,0.560648,0.827592,-0.027659,-0.827504,0.561180,0.017737,0.030201,0.012944,0.999460,0,0.59974,-0.42515,35.985,-0.850,-1,375.000,-1,375.000,-1,300.000,300.000,300.000,300.000,-1,350.000,350.000,425.000,650.000,650.000,-1,-1,2,0,2,0,2,0,0,0,0,2,0,0,1,0,0,2,2
113,-1156.238,-2331.318,-148.165,-56.693,0.548453,0.835654,-0.029686,-0.835543,0.549076,0.019565,0.032650,0.014073,0.999368,0,0.60158,-0.41667,36.095,-0.833,-1,375.000,-1,375.000,-1,300.000,300.000,300.000,300.000,-1,325.000,325.000,425.000,650.000,650.000,-1,-1,2,0,2,0,2,0,0,0,0,2,0,0,1,0,0,2,2
114,-1135.399,-2363.772,-146.994,-57.296,0.539504,0.841381,-0.031835,-0.841243,0.540230,0.021513,0.035299,0.015174,0.999262,0,0.64281,-0.30193,38.569,-0.604,-1,375.000,-1,375.000,-1,300.000,300.000,300.000,300.000,-1,325.000,300.000,425.000,650.000,650.000,-1,-1,2,0,2,0,2,0,0,0,0,2,0,0,1,0,0,2,2
115,-1114.905,-2396.433,-145.798,-57.893,0.530594,0.846946,-0.033946,-0.846777,0.531429,0.023485,0.037930,0.016284,0.999148,0,0.64263,-0.29833,38.558,-0.597,-1,375.000,-1,375.000,-1,300.000,300.000,300.000,300.000,-1,300.000,300.000,450.000,650.000,650.000,-1,-1,2,0,2,0,2,0,0,0,0,2,0,0,1,0,0,2,2
116,-1094.747,-2429.305,-144.576,-58.482,0.521728,0.852351,-0.036021,-0.852148,0.522680,0.025480,0.040546,0.017401,0.999026,0,0.64267,-0.29465,38.560,-0.589,-1,375.000,-1,375.000,-1,300.000,300.000,300.000,300.000,-1,300.000,275.000,450.000,650.000,650.000,-1,-1,2,0,2,0,2,0,0,0,0,2,0,0,1,0,0,2,2
117,-1074.916,-2462.392,-143.186,-59.064,0.512947,0.857605,-0.037396,-0.857356,0.513993,0.027409,0.042727,0.018002,0.998925,0,0.64291,-0.29089,38.575,-0.582,-1,375.000,-1,375.000,-1,300.000,300.000,325.000,300.000,-1,300.000,275.000,475.000,650.000,650.000,-1,-1,2,0,2,0,2,0,0,0,0,2,0,0,1,0,0,2,2
118,-1055.405,-2495.700,-141.680,-59.638,0.504249,0.862708,-0.038317,-0.862404,0.505372,0.029286,0.044629,0.018277,0.998836,0,0.64336,-0.28705,38.601,-0.574,-1,375.000,-1,375.000,-1,300.000,300.000,325.000,300.000,-1,300.000,275.000,500.000,650.000,650.000,-1,-1,2,0,2,0,2,0,0,0,0,2,0,0,1,0,0,2,2
119,-1036.205,-2529.231,-140.019,-60.205,0.495613,0.867648,-0.039436,-0.867319,0.496814,0.030552,0.046101,0.019062,0.998755,0,0.64398,-0.28314,38.639,-0.566,-1,375.000,-1,375.000,-1,300.000,300.000,325.000,300.000,-1,300.000,300.000,500.000,650.000,650.000,-1,-1,2,0,2,0,2,0,0,0,0,2,0,0,1,0,0,2,2
120,-1017.308,-2562.990,-138.217,-60.763,0.487052,0.872441,-0.040329,-0.872060,0.488332,0.032303,0.047876,0.019436,0.998664,0,0.64479,-0.27916,38.687,-0.558,-1,375.000,-1,375.000,-1,300.000,300.000,300.000,300.000,-1,325.000,300.000,525.000,650.000,650.000,-1,-1,2,0,2,0,2,0,0,0,0,2,0,0,1,0,0,2,2
121,-998.710,-2596.980,-136.246,-61.313,0.478574,0.877093,-0.040922,-0.876620,0.479933,0.034671,0.050049,0.019281,0.998561,0,0.64575,-0.27510,38.745,-0.550,-1,375.000,-1,375.000,-1,300.000,300.000,300.000,300.000,-1,325.000,300.000,550.000,650.000,650.000,-1,-1,2,0,2,0,2,0,0,0,0,2,0,0,1,0,0,2,2
122,-980.401,-2631.203,-134.250,-61.855,0.470179,0.881596,-0.041472,-0.881026,0.471617,0.037017,0.052193,0.019133,0.998454,0,0.64688,-0.27098,38.813,-0.542,-1,375.000,-1,375.000,-1,300.000,300.000,300.000,300.000,-1,325.000,325.000,575.000,650.000,675.000,-1,-1,2,0,2,0,2,0,0,0,0,2,0,0,1,0,0,2,2
123,-961.072,-2668.160,-132.080,-62.390,0.461850,0.885963,-0.042015,-0.885284,0.463369,0.039509,0.054472,0.018948,0.998335,0,0.69510,-0.26739,41.706,-0.535,-1,375.000,-1,375.000,-1,300.000,300.000,300.000,325.000,-1,325.000,325.000,600.000,650.000,675.000,-1,-1,2,0,2,0,2,0,0,0,0,2,0,0,1,0,0,2,2
124,-942.136,-2705.199,-129.881,-62.921,0.453534,0.890224,-0.042535,-0.889436,0.455135,0.041911,0.056670,0.018824,0.998216,0,0.69330,-0.26567,41.598,-0.531,-1,375.000,-1,375.000,-1,300.000,300.000,300.000,325.000,-1,350.000,325.000,600.000,675.000,675.000,-1,-1,2,0,2,0,2,0,0,0,0,2,0,0,1,0,0,2,2
125,-923.586,-2742.320,-127.413,-63.449,0.445219,0.894362,-0.043555,-0.893540,0.446910,0.043104,0.058015,0.019728,0.998121,0,0.69163,-0.26382,41.498,-0.528,-1,375.000,-1,375.000,-1,300.000,300.000,300.000,300.000,-1,375.000,350.000,625.000,675.000,675.000,-1,-1,2,0,2,0,2,0,0,0,0,2,0,0,1,0,0,2,2
126,-907.347,-2775.229,-125.210,-63.736,0.440640,0.896583,-0.044445,-0.895725,0.442408,0.044169,0.059265,0.020348,0.998035,0,0.61163,-0.14382,36.698,-0.288,-1,375.000,-1,375.000,-1,300.000,300.000,300.000,300.000,-1,375.000,375.000,650.000,675.000,675.000,-1,-1,2,0,2,0,2,0,0,0,0,2,0,0,1,0,0,2,2
127,-893.256,-2803.846,-123.113,-63.784,0.439791,0.896940,-0.045628,-0.896030,0.441658,0.045480,0.060945,0.020883,0.997923,0,0.53163,-0.02382,31.898,-0.048,-1,375.000,-1,375.000,-1,300.000,300.000,300.000,300.000,-1,400.000,375.000,675.000,675.000,675.000,-1,-1,2,0,2,0,2,0,0,0,0,2,0,0,1,0,0,2,2
128,-881.204,-2828.116,-121.307,-63.592,0.442711,0.895448,-0.046680,-0.894483,0.444664,0.046620,0.062503,0.021116,0.997821,0,0.45163,0.09618,27.098,0.192,-1,375.000,-1,375.000,-1,300.000,300.000,300.000,300.000,-1,400.000,400.000,675.000,675.000,675.000,-1,-1,2,0,2,0,2,0,0,0,0,2,0,0,1,0,0,2,2
129,-871.159,-2848.023,-119.814,-63.225,0.448363,0.892587,-0.047527,-0.891568,0.450383,0.047564,0.063860,0.021048,0.997737,0,0.37163,0.18323,22.298,0.366,-1,375.000,-1,375.000,-1,300.000,300.000,300.000,300.000,-1,425.000,400.000,675.000,700.000,675.000,-1,-1,2,0,2,0,2,0,0,0,0,2,0,0,1,0,0,2,2
130,-863.176,-2863.594,-118.638,-62.856,0.454055,0.889670,-0.048188,-0.888603,0.456126,0.048298,0.064949,0.020891,0.997670,0,0.29163,0.18459,17.498,0.369,-1,375.000,-1,375.000,-1,300.000,300.000,300.000,300.000,-1,425.000,400.000,700.000,700.000,675.000,-1,-1,2,0,2,0,2,0,0,0,0,2,0,0,1,0,0,2,2
131,-857.309,-2874.856,-117.782,-62.485,0.459779,0.886699,-0.048666,-0.885594,0.461886,0.048832,0.065777,0.020646,0.997621,0,0.21163,0.18571,12.698,0.371,-1,375.000,-1,375.000,-1,300.000,300.000,300.000,300.000,-1,425.000,425.000,700.000,700.000,675.000,-1,-1,2,0,2,0,2,0,0,0,0,2,0,0,1,0,0,2,2
132,-853.615,-2881.836,-117.250,-62.112,0.465527,0.883678,-0.048957,-0.882543,0.467654,0.049172,0.066347,0.020316,0.997590,0,0.13163,0.18655,7.898,0.373,-1,375.000,-1,375.000,-1,300.000,300.000,300.000,300.000,-1,425.000,425.000,700.000,700.000,675.000,-1,-1,2,0,2,0,2,0,0,0,0,2,0,0,1,0,0,2,2
133,-852.149,-2884.565,-117.043,-61.737,0.471290,0.880613,-0.049062,-0.879456,0.473418,0.049324,0.066662,0.019902,0.997577,0,0.05163,0.18709,3.098,0.374,-1,375.000,-1,375.000,-1,300.000,300.000,300.000,300.000,-1,425.000,425.000,700.000,700.000,675.000,-1,-1,2,0,2,0,2,0,0,0,0,2,0,0,1,0,0,2,2
134,-852.965,-2883.071,-117.163,-61.363,0.477056,0.877507,-0.048976,-0.876337,0.479170,0.049292,0.066722,0.019405,0.997583,0,-0.02837,0.18730,-1.702,0.375,-1,375.000,-1,375.000,-1,300.000,300.000,300.000,300.000,-1,425.000,425.000,700.000,700.000,675.000,-1,-1,2,0,2,0,2,0,0,0,0,2,0,0,1,0,0,2,2
135,-856.118,-2877.385,-117.612,-60.989,0.482815,0.874367,-0.048696,-0.873192,0.484899,0.049078,0.066525,0.018825,0.997607,0,-0.10837,0.18718,-6.502,0.374,-1,375.000,-1,375.000,-1,300.000,300.000,300.000,300.000,-1,425.000,425.000,675.000,700.000,675.000,-1,-1,2,0,2,0,2,0,0,0,0,2,0,0,1,0,0,2,2
