timestep,x_cm,y_cm,z_cm,yaw_deg,basis_xx,basis_xy,basis_xz,basis_yx,basis_yy,basis_yz,basis_zx,basis_zy,basis_zz,teleport_flag,throttle_cmd,steering_cmd,cmd_move_cm,cmd_turn_deg,lidar_cm_0,lidar_cm_1,lidar_cm_2,lidar_cm_3,lidar_cm_4,lidar_cm_5,lidar_cm_6,lidar_cm_7,lidar_cm_8,lidar_cm_9,lidar_cm_10,lidar_cm_11,lidar_cm_12,lidar_cm_13,lidar_cm_14,lidar_cm_15,lidar_cm_16,lidar_class_0,lidar_class_1,lidar_class_2,lidar_class_3,lidar_class_4,lidar_class_5,lidar_class_6,lidar_class_7,lidar_class_8,lidar_class_9,lidar_class_10,lidar_class_11,lidar_class_12,lidar_class_13,lidar_class_14,lidar_class_15,lidar_class_16
0,7543.984,-9506.278,31.934,80.727,0.161029,-0.986089,0.041215,0.986946,0.161004,-0.003935,-0.002755,0.041311,0.999143,1,0.08000,0.12000,4.800,0.240,-1,400.000,-1,425.000,-1,325.000,325.000,300.000,300.000,-1,650.000,975.000,-1,950.000,1000.000,-1,-1,2,0,2,0,2,0,0,0,0,2,1,1,2,0,0,2,2
1,7545.451,-9496.791,31.907,81.207,0.152737,-0.987393,0.041559,0.988262,0.152736,-0.003223,-0.003165,0.041564,0.999131,0,0.16000,0.24000,9.600,0.480,-1,400.000,-1,425.000,-1,325.000,325.000,300.000,300.000,-1,675.000,-1,-1,950.000,1000.000,-1,-1,2,0,2,0,2,0,0,0,0,2,1,2,2,0,0,2,2
2,7547.473,-9482.534,31.874,81.927,0.140280,-0.989219,0.042044,0.990105,0.140314,-0.002149,-0.003773,0.041929,0.999113,0,0.24000,0.36000,14.400,0.720,-1,400.000,-1,425.000,-1,325.000,325.000,300.000,300.000,-1,725.000,-1,-1,925.000,1000.000,-1,-1,2,0,2,0,2,0,0,0,0,2,1,2,2,0,0,2,2
3,7549.851,-9463.482,31.844,82.887,0.123636,-0.991411,0.042631,0.992317,0.123719,-0.000711,-0.004569,0.042391,0.999091,0,0.32000,0.48000,19.200,0.960,-1,400.000,-1,425.000,-1,325.000,325.000,300.000,300.000,-1,800.000,-1,-1,925.000,975.000,-1,-1,2,0,2,0,2,0,0,0,0,2,1,2,2,0,0,2,2
4,7552.323,-9439.610,31.832,84.087,0.102783,-0.993762,0.043269,0.994688,0.102926,0.001094,-0.005541,0.042927,0.999063,0,0.40000,0.60000,24.000,1.200,-1,400.000,-1,425.000,-1,325.000,325.000,300.000,300.000,-1,925.000,-1,-1,925.000,975.000,-1,-1,2,0,2,0,2,0,0,0,0,2,1,2,2,0,0,2,2
5,7554.583,-9410.899,31.851,85.499,0.078188,-0.995972,0.043900,0.996916,0.078406,0.003266,-0.006695,0.043509,0.999031,0,0.48000,0.70598,28.800,1.412,-1,400.000,-1,425.000,-1,325.000,325.000,300.000,300.000,-1,-1,-1,-1,925.000,950.000,-1,-1,2,0,2,0,2,0,0,0,0,2,2,2,2,0,0,2,2
6,7556.396,-9377.348,31.917,86.906,0.053612,-0.997569,0.044507,0.998528,0.053923,0.005798,-0.008184,0.044131,0.998992,0,0.56000,0.70359,33.600,1.407,-1,400.000,-1,425.000,-1,325.000,325.000,300.000,300.000,-1,-1,-1,-1,900.000,950.000,-1,-1,2,0,2,0,2,0,0,0,0,2,2,2,2,0,0,2,2
7,7557.530,-9338.965,32.039,88.308,0.029084,-0.998561,0.045046,0.999527,0.029504,0.008682,-0.009998,0.044772,0.998947,0,0.64000,0.70082,38.400,1.402,-1,400.000,-1,425.000,-1,325.000,325.000,300.000,300.000,-1,-1,-1,-1,900.000,925.000,-1,-1,2,0,2,0,2,0,0,0,0,2,2,2,2,0,0,2,2
8,7557.754,-9295.766,32.228,89.703,0.004633,-0.998955,0.045474,0.999916,0.005179,0.011906,-0.012129,0.045415,0.998895,0,0.72000,0.69767,43.200,1.395,-1,400.000,-1,425.000,-1,325.000,325.000,325.000,325.000,-1,-1,-1,-1,900.000,925.000,-1,-1,2,0,2,0,2,0,0,0,0,2,2,2,2,0,0,2,2
9,7556.840,-9247.774,32.498,91.091,-0.019714,-0.998759,0.045745,0.999700,-0.019025,0.015456,-0.014566,0.046036,0.998834,0,0.80000,0.69416,48.000,1.388,-1,400.000,-1,425.000,-1,325.000,325.000,325.000,325.000,-1,-1,-1,-1,875.000,900.000,-1,-1,2,0,2,0,2,0,0,0,0,2,2,2,2,0,0,2,2
10,7554.634,-9196.680,32.787,92.472,-0.043917,-0.997974,0.046044,0.998891,-0.043080,0.019009,-0.016987,0.046827,0.998759,0,0.85237,0.69027,51.142,1.381,-1,400.000,-1,425.000,-1,325.000,325.000,325.000,325.000,-1,-1,-1,-1,875.000,900.000,-1,-1,2,0,2,0,2,0,0,0,0,2,2,2,2,0,0,2,2
11,7551.191,-9145.461,31.828,93.844,-0.067882,-0.996553,0.047690,0.997542,-0.066962,0.020642,-0.017377,0.048974,0.998649,0,0.85557,0.68616,51.334,1.372,-1,400.000,-1,400.000,-1,325.000,325.000,325.000,325.000,-1,-1,-1,-1,900.000,875.000,-1,-1,2,0,2,0,2,0,0,0,0,2,2,2,2,0,0,2,2
12,7546.514,-9094.150,30.509,95.208,-0.091640,-0.994649,0.047705,0.995633,-0.090664,0.022240,-0.017796,0.049535,0.998614,0,0.85874,0.68205,51.525,1.364,-1,400.000,-1,400.000,-1,325.000,325.000,325.000,325.000,-1,-1,-1,-1,900.000,875.000,-1,-1,2,0,2,0,2,0,0,0,0,2,2,2,2,0,0,2,2
13,7540.602,-9042.777,29.247,96.564,-0.115201,-0.992203,0.047563,0.993175,-0.114172,0.023815,-0.018199,0.049982,0.998584,0,0.86188,0.67795,51.713,1.356,-1,400.000,-1,400.000,-1,325.000,325.000,325.000,325.000,-1,-1,-1,-1,875.000,875.000,-1,-1,2,0,2,0,2,0,0,0,0,2,2,2,2,0,0,2,2
14,7533.458,-8991.373,28.044,97.912,-0.138553,-0.989227,0.047264,0.990180,-0.137475,0.025366,-0.018595,0.050315,0.998560,0,0.86497,0.67386,51.898,1.348,-1,400.000,-1,400.000,-1,325.000,325.000,325.000,325.000,-1,-1,-1,-1,875.000,850.000,-1,-1,2,0,2,0,2,0,0,0,0,2,2,2,2,0,0,2,2
15,7525.085,-8939.969,26.902,99.251,-0.161686,-0.985732,0.046810,0.986660,-0.160561,0.026888,-0.018989,0.050533,0.998542,0,0.86803,0.66977,52.082,1.340,-1,400.000,-1,400.000,-1,325.000,325.000,325.000,325.000,-1,-1,-1,-1,875.000,850.000,-1,-1,2,0,2,0,2,0,0,0,0,2,2,2,2,0,0,2,2
16,7515.487,-8888.595,25.822,100.583,-0.184587,-0.981730,0.046200,0.982625,-0.183420,0.028381,-0.019389,0.050636,0.998529,0,0.87105,0.66570,52.263,1.331,-1,400.000,-1,400.000,-1,325.000,325.000,300.000,325.000,-1,-1,-1,-1,875.000,850.000,-1,-1,2,0,2,0,2,0,0,0,0,2,2,2,2,0,0,2,2
17,7504.668,-8837.282,24.808,101.906,-0.207249,-0.977233,0.045436,0.978088,-0.206043,0.029843,-0.019801,0.050625,0.998521,0,0.87402,0.66163,52.441,1.323,-1,400.000,-1,400.000,-1,325.000,325.000,300.000,325.000,-1,-1,-1,-1,875.000,850.000,-1,-1,2,0,2,0,2,0,0,0,0,2,2,2,2,0,0,2,2
18,7492.544,-8785.701,23.853,103.228,-0.229768,-0.972227,0.044510,0.973035,-0.228527,0.031280,-0.020239,0.050497,0.998519,0,0.88312,0.66076,52.987,1.322,-1,400.000,-1,400.000,-1,325.000,325.000,300.000,325.000,-1,-1,-1,-1,875.000,850.000,-1,-1,2,0,2,0,2,0,0,0,0,2,2,2,2,0,0,2,2
19,7479.234,-8734.411,22.972,104.548,-0.252144,-0.966714,0.043431,0.967468,-0.250873,0.032674,-0.020691,0.050257,0.998522,0,0.88315,0.66021,52.989,1.320,-1,400.000,-1,400.000,-1,325.000,325.000,300.000,325.000,-1,-1,-1,-1,875.000,850.000,-1,-1,2,0,2,0,2,0,0,0,0,2,2,2,2,0,0,2,2
20,7464.746,-8683.439,22.165,105.867,-0.274365,-0.960699,0.042200,0.961393,-0.273069,0.034023,-0.021162,0.049905,0.998530,0,0.88319,0.65964,52.991,1.319,-1,400.000,-1,400.000,-1,325.000,325.000,300.000,325.000,-1,-1,-1,-1,875.000,850.000,-1,-1,2,0,2,0,2,0,0,0,0,2,2,2,2,0,0,2,2
21,7450.462,-8637.413,21.508,107.241,-0.297338,-0.953894,0.040938,0.954532,-0.296027,0.035174,-0.021433,0.049535,0.998542,0,0.80319,0.68686,48.191,1.374,-1,400.000,-1,400.000,-1,325.000,325.000,300.000,325.000,-1,-1,-1,-1,875.000,850.000,-1,-1,2,0,2,0,2,0,0,0,0,2,2,2,2,0,0,2,2
22,7436.613,-8596.292,20.832,108.614,-0.320109,-0.946521,0.040355,0.947146,-0.318790,0.035886,-0.021101,0.049710,0.998541,0,0.72319,0.68633,43.391,1.373,-1,425.000,-1,400.000,-1,325.000,325.000,300.000,325.000,-1,-1,-1,-1,875.000,850.000,-1,-1,2,0,2,0,2,0,0,0,0,2,2,2,2,0,0,2,2
23,7421.943,-8555.957,20.010,109.985,-0.342704,-0.938576,0.040358,0.939209,-0.341342,0.037039,-0.020988,0.050598,0.998499,0,0.71534,0.68586,42.920,1.372,-1,425.000,-1,400.000,-1,325.000,325.000,300.000,325.000,-1,-1,-1,-1,875.000,850.000,-1,-1,2,0,2,0,2,0,0,0,0,2,2,2,2,0,0,2,2
24,7406.310,-8515.980,18.991,111.356,-0.365136,-0.930057,0.040866,0.930703,-0.363665,0.039245,-0.021638,0.052363,0.998394,0,0.71542,0.68541,42.925,1.371,-1,425.000,-1,400.000,-1,325.000,325.000,300.000,325.000,-1,-1,-1,-1,850.000,825.000,-1,-1,2,0,2,0,2,0,0,0,0,2,2,2,2,0,0,2,2
25,7389.725,-8476.384,18.029,112.726,-0.387344,-0.921013,0.041229,0.921665,-0.385762,0.041482,-0.022301,0.054067,0.998288,0,0.71549,0.68498,42.929,1.370,-1,425.000,-1,400.000,-1,325.000,325.000,325.000,325.000,-1,-1,-1,-1,850.000,825.000,-1,-1,2,0,2,0,2,0,0,0,0,2,2,2,2,0,0,2,2
26,7372.196,-8437.192,17.019,114.095,-0.409294,-0.911472,0.041203,0.912121,-0.407630,0.043268,-0.022642,0.055292,0.998213,0,0.71556,0.68455,42.934,1.369,-1,425.000,-1,400.000,-1,325.000,325.000,325.000,325.000,-1,-1,-1,-1,850.000,825.000,-1,-1,2,0,2,0,2,0,0,0,0,2,2,2,2,0,0,2,2
27,7353.735,-8398.426,15.926,115.464,-0.430967,-0.901447,0.040747,0.902086,-0.429264,0.044417,-0.022548,0.055899,0.998182,0,0.71563,0.68414,42.938,1.368,-1,425.000,-1,400.000,-1,325.000,325.000,325.000,325.000,-1,-1,-1,-1,850.000,800.000,-1,-1,2,0,2,0,2,0,0,0,0,2,2,2,2,0,0,2,2
28,7334.353,-8360.107,14.861,116.831,-0.452381,-0.890925,0.040053,0.891539,-0.450644,0.045581,-0.022560,0.056329,0.998157,0,0.71569,0.68374,42.942,1.367,-1,400.000,-1,400.000,-1,325.000,325.000,325.000,300.000,-1,-1,-1,-1,825.000,800.000,-1,-1,2,0,2,0,2,0,0,0,0,2,2,2,2,0,0,2,2
29,7314.061,-8322.259,13.764,118.198,-0.473529,-0.879922,0.038820,0.880481,-0.471765,0.046802,-0.022868,0.056342,0.998150,0,0.71575,0.68336,42.945,1.367,-1,400.000,-1,400.000,-1,325.000,325.000,325.000,300.000,-1,-1,-1,-1,825.000,800.000,-1,-1,2,0,2,0,2,0,0,0,0,2,2,2,2,0,0,2,2
30,7292.871,-8284.902,12.725,119.564,-0.494395,-0.868428,0.037506,0.868928,-0.492608,0.047968,-0.023181,0.056305,0.998144,0,0.71581,0.68299,42.949,1.366,-1,400.000,-1,400.000,-1,325.000,325.000,325.000,300.000,-1,-1,-1,-1,800.000,800.000,-1,-1,2,0,2,0,2,0,0,0,0,2,2,2,2,0,0,2,2
31,7270.795,-8248.058,11.728,120.929,-0.514968,-0.856452,0.036031,0.856886,-0.513164,0.049086,-0.023549,0.056152,0.998144,0,0.71587,0.68263,42.952,1.365,-1,400.000,-1,400.000,-1,325.000,325.000,325.000,300.000,-1,-1,-1,-1,800.000,775.000,-1,-1,2,0,2,0,2,0,0,0,0,2,2,2,2,0,0,2,2
32,7247.846,-8211.748,10.781,122.294,-0.535237,-0.843999,0.034448,0.844363,-0.533421,0.050140,-0.023943,0.055923,0.998148,0,0.71592,0.68228,42.955,1.365,-1,400.000,-1,400.000,-1,325.000,325.000,300.000,300.000,-1,-1,-1,-1,800.000,775.000,-1,-1,2,0,2,0,2,0,0,0,0,2,2,2,2,0,0,2,2
33,7224.038,-8175.991,9.899,123.657,-0.555191,-0.831075,0.032826,0.831368,-0.553367,0.051119,-0.024318,0.055671,0.998153,0,0.71596,0.68195,42.958,1.364,-1,400.000,-1,400.000,-1,325.000,325.000,300.000,300.000,-1,-1,-1,-1,775.000,775.000,-1,-1,2,0,2,0,2,0,0,0,0,2,2,2,2,0,0,2,2
34,7199.385,-8140.809,9.080,125.021,-0.574819,-0.817687,0.031172,0.817909,-0.572991,0.052020,-0.024675,0.055398,0.998159,0,0.71601,0.68164,42.961,1.363,-1,400.000,-1,400.000,-1,325.000,325.000,300.000,300.000,-1,-1,-1,-1,775.000,775.000,-1,-1,2,0,2,0,2,0,0,0,0,2,2,2,2,0,0,2,2
35,7173.900,-8106.221,8.325,126.383,-0.594111,-0.803843,0.029489,0.803994,-0.592284,0.052844,-0.025012,0.055104,0.998167,0,0.71605,0.68133,42.963,1.363,-1,400.000,-1,400.000,-1,325.000,325.000,300.000,300.000,-1,-1,-1,-1,750.000,750.000,-1,-1,2,0,2,0,2,0,0,0,0,2,2,2,2,0,0,2,2
36,7147.598,-8072.247,7.482,127.745,-0.613055,-0.789526,0.028495,0.789648,-0.611217,0.053576,-0.024883,0.055347,0.998157,0,0.71609,0.68104,42.966,1.362,-1,400.000,-1,400.000,-1,325.000,325.000,300.000,300.000,-1,-1,-1,-1,750.000,750.000,-1,-1,2,0,2,0,2,0,0,0,0,2,2,2,2,0,0,2,2
37,7120.495,-8038.906,6.450,129.107,-0.631642,-0.774730,0.028675,0.774889,-0.629763,0.054271,-0.023987,0.056500,0.998114,0,0.71613,0.68077,42.968,1.362,-1,400.000,-1,400.000,-1,325.000,325.000,300.000,300.000,-1,-1,-1,-1,750.000,750.000,-1,-1,2,0,2,0,2,0,0,0,0,2,2,2,2,0,0,2,2
38,7092.606,-8006.217,5.478,130.468,-0.649863,-0.759503,0.028855,0.759701,-0.647944,0.054977,-0.023059,0.057648,0.998071,0,0.71616,0.68051,42.970,1.361,-1,400.000,-1,400.000,-1,325.000,325.000,300.000,300.000,-1,-1,-1,-1,725.000,725.000,-1,-1,2,0,2,0,2,0,0,0,0,2,2,2,2,0,0,2,2
39,7063.948,-7974.198,4.568,131.829,-0.667710,-0.743855,0.029034,0.744093,-0.665750,0.055693,-0.022098,0.058791,0.998026,0,0.71620,0.68026,42.972,1.361,-1,400.000,-1,400.000,-1,325.000,325.000,300.000,300.000,-1,-1,-1,-1,725.000,725.000,-1,-1,2,0,2,0,2,0,0,0,0,2,2,2,2,0,0,2,2
40,7034.536,-7942.867,3.736,133.189,-0.685170,-0.727797,0.029199,0.728079,-0.683175,0.056339,-0.021055,0.059861,0.997985,0,0.71623,0.68002,42.974,1.360,-1,400.000,-1,375.000,-1,325.000,325.000,300.000,300.000,-1,-1,-1,-1,725.000,725.000,-1,-1,2,0,2,0,2,0,0,0,0,2,2,2,2,0,0,2,2
41,7004.389,-7912.241,3.054,134.548,-0.702225,-0.711351,0.029317,0.711682,-0.700220,0.056582,-0.019721,0.060598,0.997967,0,0.71626,0.67980,42.975,1.360,-1,400.000,-1,375.000,-1,325.000,325.000,300.000,300.000,-1,-1,-1,-1,725.000,725.000,-1,-1,2,0,2,0,2,0,0,0,0,2,2,2,2,0,0,2,2
42,6977.063,-7885.583,2.495,135.709,-0.716471,-0.696996,0.029440,0.697370,-0.714456,0.056811,-0.018564,0.061234,0.997951,0,0.63626,0.58028,38.175,1.161,-1,400.000,-1,375.000,-1,325.000,325.000,300.000,300.000,-1,-1,-1,-1,700.000,725.000,-1,-1,2,0,2,0,2,0,0,0,0,2,2,2,2,0,0,2,2
43,6950.128,-7860.352,2.011,136.869,-0.730416,-0.682362,0.029568,0.682782,-0.728396,0.056989,-0.017350,0.061815,0.997937,0,0.61513,0.58010,36.908,1.160,-1,400.000,-1,375.000,-1,325.000,325.000,300.000,300.000,-1,-1,-1,-1,700.000,700.000,-1,-1,2,0,2,0,2,0,0,0,0,2,2,2,2,0,0,2,2
44,6922.687,-7835.669,1.625,138.029,-0.744052,-0.667462,0.029698,0.667931,-0.742042,0.056933,-0.015964,0.062198,0.997936,0,0.61515,0.57994,36.909,1.160,-1,400.000,-1,375.000,-1,325.000,325.000,300.000,300.000,-1,-1,-1,-1,700.000,700.000,-1,-1,2,0,2,0,2,0,0,0,0,2,2,2,2,0,0,2,2
45,6894.751,-7811.547,1.286,139.188,-0.757379,-0.652293,0.029851,0.652814,-0.755380,0.056874,-0.014549,0.062563,0.997935,0,0.61516,0.57979,36.910,1.160,-1,400.000,-1,375.000,-1,325.000,325.000,300.000,300.000,-1,-1,-1,-1,700.000,700.000,-1,-1,2,0,2,0,2,0,0,0,0,2,2,2,2,0,0,2,2
46,6866.333,-7787.994,0.996,140.348,-0.770392,-0.636863,0.030028,0.637436,-0.768406,0.056813,-0.013108,0.062910,0.997933,0,0.61518,0.57964,36.911,1.159,-1,400.000,-1,375.000,-1,325.000,325.000,300.000,300.000,-1,-1,-1,-1,700.000,700.000,-1,-1,2,0,2,0,2,0,0,0,0,2,2,2,2,0,0,2,2
47,6837.443,-7765.020,0.656,141.507,-0.783075,-0.621193,0.030230,0.621825,-0.781134,0.056244,-0.011325,0.062841,0.997959,0,0.61520,0.57951,36.912,1.159,-1,375.000,-1,375.000,-1,325.000,325.000,300.000,300.000,-1,-1,-1,-1,700.000,700.000,-1,-1,2,0,2,0,2,0,0,0,0,2,2,2,2,0,0,2,2
48,6808.093,-7742.634,0.360,142.665,-0.795435,-0.605272,0.030475,0.605965,-0.793542,0.055662,-0.009507,0.062742,0.997985,0,0.61521,0.57939,36.913,1.159,-1,375.000,-1,375.000,-1,325.000,325.000,300.000,300.000,-1,-1,-1,-1,700.000,700.000,-1,-1,2,0,2,0,2,0,0,0,0,2,2,2,2,0,0,2,2
49,6778.297,-7720.845,0.102,143.824,-0.807467,-0.589110,0.030765,0.589863,-0.805626,0.055026,-0.007631,0.062579,0.998011,0,0.61523,0.57928,36.914,1.159,-1,375.000,-1,375.000,-1,325.000,325.000,300.000,300.000,-1,-1,-1,-1,675.000,700.000,-1,-1,2,0,2,0,2,0,0,0,0,2,2,2,2,0,0,2,2
50,6747.964,-7699.580,-0.120,144.967,-0.819015,-0.572928,0.031104,0.573743,-0.817231,0.054342,-0.005715,0.062353,0.998038,0,0.61742,0.57160,37.045,1.143,-1,375.000,-1,375.000,-1,325.000,325.000,300.000,300.000,-1,-1,-1,-1,675.000,700.000,-1,-1,2,0,2,0,2,0,0,0,0,2,2,2,2,0,0,2,2
51,6717.183,-7678.902,-0.290,146.107,-0.830209,-0.556563,0.031487,0.557440,-0.828479,0.053692,-0.003797,0.062128,0.998061,0,0.61804,0.57001,37.082,1.140,-1,375.000,-1,375.000,-1,325.000,325.000,300.000,300.000,-1,-1,-1,-1,675.000,700.000,-1,-1,2,0,2,0,2,0,0,0,0,2,2,2,2,0,0,2,2
52,6685.973,-7658.823,-0.409,147.244,-0.841045,-0.540023,0.031910,0.540962,-0.839370,0.053079,-0.001879,0.061904,0.998080,0,0.61853,0.56842,37.112,1.137,-1,375.000,-1,375.000,-1,300.000,325.000,300.000,300.000,-1,-1,-1,-1,675.000,700.000,-1,-1,2,0,2,0,2,0,0,0,0,2,2,2,2,0,0,2,2
53,6654.353,-7639.353,-0.476,148.378,-0.851522,-0.523319,0.032371,0.524319,-0.849902,0.052504,0.000036,0.061681,0.998096,0,0.61890,0.56681,37.134,1.134,-1,375.000,-1,375.000,-1,300.000,300.000,300.000,300.000,-1,-1,-1,-1,675.000,700.000,-1,-1,2,0,2,0,2,0,0,0,0,2,2,2,2,0,0,2,2
54,6622.342,-7620.504,-0.355,149.508,-0.861623,-0.506439,0.033537,0.507543,-0.860042,0.052223,0.002395,0.062018,0.998072,0,0.61914,0.56521,37.149,1.130,-1,375.000,-1,375.000,-1,300.000,300.000,300.000,300.000,-1,-1,-1,-1,675.000,675.000,-1,-1,2,0,2,0,2,0,0,0,0,2,2,2,2,0,0,2,2
55,6589.959,-7602.285,-0.157,150.635,-0.871358,-0.489408,0.034850,0.490624,-0.869815,0.052062,0.004834,0.062463,0.998036,0,0.61927,0.56362,37.156,1.127,-1,375.000,-1,375.000,-1,300.000,300.000,300.000,300.000,-1,-1,-1,-1,675.000,675.000,-1,-1,2,0,2,0,2,0,0,0,0,2,2,2,2,0,0,2,2
56,6557.225,-7584.704,0.176,151.760,-0.880739,-0.472245,0.035827,0.473550,-0.879241,0.051825,0.007026,0.062610,0.998013,0,0.61929,0.56206,37.157,1.124,-1,375.000,-1,375.000,-1,300.000,300.000,325.000,300.000,-1,-1,-1,-1,675.000,675.000,-1,-1,2,0,2,0,2,0,0,0,0,2,2,2,2,0,0,2,2
57,6523.975,-7567.680,0.570,152.888,-0.889818,-0.454830,0.036798,0.456224,-0.888366,0.051637,0.009204,0.062736,0.997988,0,0.62259,0.56436,37.355,1.129,-1,375.000,-1,375.000,-1,300.000,300.000,325.000,300.000,-1,-1,-1,-1,675.000,675.000,-1,-1,2,0,2,0,2,0,0,0,0,2,2,2,2,0,0,2,2
58,6490.365,-7551.298,1.018,154.013,-0.898522,-0.437300,0.037779,0.438781,-0.897116,0.051509,0.011368,0.062859,0.997958,0,0.62317,0.56242,37.390,1.125,-1,375.000,-1,375.000,-1,300.000,300.000,325.000,300.000,-1,-1,-1,-1,675.000,675.000,-1,-1,2,0,2,0,2,0,0,0,0,2,2,2,2,0,0,2,2
59,6456.417,-7535.564,1.577,155.134,-0.906859,-0.419669,0.038524,0.421222,-0.905504,0.051320,0.013347,0.062767,0.997939,0,0.62361,0.56045,37.417,1.121,-1,375.000,-1,375.000,-1,300.000,300.000,325.000,300.000,-1,-1,-1,-1,675.000,675.000,-1,-1,2,0,2,0,2,0,0,0,0,2,2,2,2,0,0,2,2
60,6422.153,-7520.489,2.234,156.251,-0.914818,-0.401946,0.039331,0.403570,-0.913528,0.050969,0.015443,0.062500,0.997925,0,0.62391,0.55844,37.435,1.117,-1,375.000,-1,375.000,-1,300.000,300.000,325.000,300.000,-1,875.000,-1,-1,675.000,675.000,-1,-1,2,0,2,0,2,0,0,0,0,2,0,2,2,0,0,2,2
61,6383.240,-7504.073,3.230,157.128,-0.920791,-0.387941,0.040566,0.389639,-0.919627,0.049681,0.018032,0.061552,0.997941,0,0.70391,0.43844,42.235,0.877,-1,375.000,-1,375.000,-1,300.000,300.000,325.000,300.000,-1,800.000,825.000,-1,675.000,675.000,-1,-1,2,0,2,0,2,0,0,0,0,2,0,0,2,0,0,2,2
62,6339.703,-7486.274,4.376,157.765,-0.924968,-0.377716,0.042006,0.379488,-0.923933,0.048337,0.020553,0.060651,0.997947,0,0.78391,0.31844,47.035,0.637,-1,375.000,-1,375.000,-1,300.000,300.000,300.000,300.000,-1,725.000,750.000,-1,675.000,675.000,-1,-1,2,0,2,0,2,0,0,0,0,2,0,0,2,0,0,2,2
63,6291.588,-7466.992,5.671,158.162,-0.927477,-0.371325,0.043644,0.373172,-0.926574,0.046935,0.023011,0.059818,0.997944,0,0.86391,0.19844,51.835,0.397,-1,375.000,-1,375.000,-1,300.000,300.000,300.000,300.000,-1,650.000,700.000,-1,700.000,675.000,-1,-1,2,0,2,0,2,0,0,0,0,2,0,0,2,0,0,2,2
64,6239.943,-7446.459,7.085,158.318,-0.928396,-0.368803,0.045439,0.370724,-0.927628,0.045497,0.025371,0.059085,0.997931,0,0.92629,0.07844,55.577,0.157,-1,375.000,-1,375.000,-1,300.000,300.000,300.000,300.000,-1,600.000,650.000,-1,700.000,675.000,-1,-1,2,0,2,0,2,0,0,0,0,2,0,0,2,0,0,2,2
65,6188.330,-7425.851,8.512,158.235,-0.927765,-0.370161,0.047260,0.372151,-0.927124,0.044105,0.027490,0.058507,0.997908,0,0.92625,-0.04156,55.575,-0.083,-1,375.000,-1,375.000,-1,300.000,300.000,300.000,300.000,-1,550.000,600.000,-1,700.000,675.000,-1,-1,2,0,2,0,2,0,0,0,0,2,0,0,2,0,0,2,2
66,6136.838,-7404.955,9.944,157.912,-0.925564,-0.375392,0.049116,0.377449,-0.925043,0.042750,0.029386,0.058106,0.997878,0,0.92617,-0.16156,55.570,-0.323,-1,375.000,-1,375.000,-1,325.000,325.000,300.000,300.000,-1,525.000,575.000,-1,700.000,675.000,-1,-1,2,0,2,0,2,0,0,0,0,2,0,0,2,0,0,2,2
67,6085.558,-7383.556,11.364,157.349,-0.921729,-0.384470,0.050982,0.386591,-0.921322,0.041402,0.031053,0.057871,0.997841,0,0.92608,-0.28156,55.565,-0.563,-1,375.000,-1,375.000,-1,300.000,325.000,300.000,325.000,-1,500.000,550.000,-1,700.000,675.000,-1,-1,2,0,2,0,2,0,0,0,0,2,0,0,2,0,0,2,2
68,6034.586,-7361.447,12.809,156.551,-0.916189,-0.397261,0.052732,0.399443,-0.915872,0.040304,0.032285,0.057989,0.997795,0,0.92601,-0.39898,55.560,-0.798,-1,375.000,-1,375.000,-1,300.000,325.000,300.000,300.000,-1,475.000,500.000,-1,700.000,650.000,-1,-1,2,0,2,0,2,0,0,0,0,2,0,0,2,0,0,2,2
69,5983.929,-7338.629,14.466,155.750,-0.910478,-0.410000,0.054134,0.412262,-0.910169,0.040390,0.032711,0.059092,0.997716,0,0.92596,-0.40051,55.558,-0.801,-1,375.000,-1,375.000,-1,300.000,300.000,300.000,300.000,-1,475.000,525.000,-1,675.000,650.000,-1,-1,2,0,2,0,2,0,0,0,0,2,0,0,2,0,0,2,2
70,5933.604,-7315.106,16.221,154.946,-0.904536,-0.422688,0.056126,0.425078,-0.904238,0.040760,0.033522,0.060727,0.997591,0,0.92586,-0.40196,55.551,-0.804,-1,375.000,-1,375.000,-1,300.000,300.000,300.000,300.000,-1,500.000,525.000,-1,675.000,650.000,-1,-1,2,0,2,0,2,0,0,0,0,2,0,0,2,0,0,2,2
71,5883.623,-7290.881,17.977,154.139,-0.898385,-0.435329,0.058250,0.437860,-0.898100,0.041167,0.034393,0.062489,0.997453,0,0.92569,-0.40334,55.541,-0.807,-1,375.000,-1,375.000,-1,300.000,300.000,300.000,300.000,-1,500.000,500.000,-1,675.000,625.000,-1,-1,2,0,2,0,2,0,0,0,0,2,0,0,2,0,0,2,2
72,5834.003,-7265.959,19.737,153.330,-0.892028,-0.447918,0.060460,0.450600,-0.891757,0.041585,0.035289,0.064338,0.997304,0,0.92545,-0.40464,55.527,-0.809,-1,375.000,-1,375.000,-1,300.000,300.000,325.000,300.000,-1,500.000,500.000,-1,675.000,625.000,-1,-1,2,0,2,0,2,0,0,0,0,2,0,0,2,0,0,2,2
73,5784.756,-7240.344,21.895,152.518,-0.885513,-0.460491,0.061754,0.463230,-0.885293,0.040921,0.035827,0.064843,0.997252,0,0.92515,-0.40586,55.509,-0.812,-1,375.000,-1,350.000,1000.000,300.000,300.000,325.000,300.000,-1,525.000,525.000,-1,675.000,625.000,-1,-1,2,0,2,0,0,0,0,0,0,2,0,0,2,0,0,2,2
74,5735.898,-7214.042,24.251,151.704,-0.878770,-0.473025,0.063332,0.475808,-0.878668,0.039370,0.037025,0.064731,0.997216,0,0.92480,-0.40700,55.488,-0.814,-1,375.000,-1,350.000,1000.000,300.000,300.000,325.000,300.000,-1,550.000,550.000,-1,675.000,625.000,-1,-1,2,0,2,0,0,0,0,0,0,2,0,0,2,0,0,2,2
75,5687.441,-7187.057,26.869,150.888,-0.871789,-0.485523,0.065208,0.488322,-0.871895,0.036626,0.039072,0.063773,0.997199,0,0.92438,-0.40806,55.463,-0.816,-1,375.000,-1,350.000,-1,300.000,300.000,325.000,300.000,-1,550.000,550.000,-1,675.000,625.000,-1,-1,2,0,2,0,2,0,0,0,0,2,0,0,2,0,0,2,2
76,5642.172,-7161.248,29.342,150.312,-0.866707,-0.494295,0.067020,0.497107,-0.867020,0.034062,0.041272,0.062838,0.997170,0,0.86849,-0.28806,52.109,-0.576,-1,375.000,-1,350.000,-1,300.000,300.000,325.000,300.000,-1,550.000,525.000,-1,675.000,625.000,-1,-1,2,0,2,0,2,0,0,0,0,2,0,0,2,0,0,2,2
77,5597.093,-7135.181,31.845,149.961,-0.863494,-0.499632,0.068889,0.502457,-0.864026,0.031558,0.043755,0.061864,0.997125,0,0.86788,-0.17564,52.073,-0.351,-1,375.000,-1,350.000,-1,300.000,300.000,325.000,300.000,-1,525.000,525.000,-1,675.000,625.000,-1,-1,2,0,2,0,2,0,0,0,0,2,0,0,2,0,0,2,2
78,5552.218,-7108.861,34.369,149.608,-0.860227,-0.504968,0.070832,0.507806,-0.860980,0.029090,0.046296,0.060993,0.997064,0,0.86707,-0.17635,52.024,-0.353,-1,375.000,-1,375.000,-1,300.000,300.000,325.000,300.000,-1,525.000,525.000,-1,675.000,650.000,-1,-1,2,0,2,0,2,0,0,0,0,2,0,0,2,0,0,2,2
79,5507.549,-7082.290,36.909,149.254,-0.856904,-0.510301,0.072856,0.513149,-0.857886,0.026624,0.048916,0.060200,0.996987,0,0.86622,-0.17695,51.973,-0.354,-1,375.000,-1,375.000,-1,300.000,300.000,325.000,300.000,-1,475.000,525.000,-1,675.000,650.000,-1,-1,2,0,2,0,2,0,0,0,0,2,0,0,2,0,0,2,2
80,5463.092,-7055.471,39.463,148.899,-0.853528,-0.515626,0.074960,0.518484,-0.854746,0.024158,0.051616,0.059485,0.996894,0,0.86532,-0.17743,51.919,-0.355,-1,375.000,-1,375.000,-1,300.000,300.000,325.000,300.000,-1,425.000,450.000,-1,675.000,650.000,1000.000,-1,2,0,2,0,2,0,0,0,0,2,0,0,2,0,0,1,2
81,5418.850,-7028.406,42.095,148.544,-0.850108,-0.520933,0.077106,0.523812,-0.851549,0.022005,0.054196,0.059095,0.996780,0,0.86440,-0.17779,51.864,-0.356,-1,375.000,-1,375.000,-1,300.000,300.000,325.000,300.000,-1,400.000,425.000,-1,675.000,650.000,975.000,-1,2,0,2,0,2,0,0,0,0,2,0,0,2,0,0,1,2
82,5374.825,-7001.096,44.813,148.188,-0.846646,-0.526216,0.079293,0.529135,-0.848297,0.020215,0.056627,0.059071,0.996646,0,0.86345,-0.17804,51.807,-0.356,975.000,375.000,-1,375.000,-1,300.000,300.000,325.000,300.000,-1,375.000,400.000,-1,675.000,650.000,925.000,-1,1,0,2,0,2,0,0,0,0,2,0,0,2,0,0,1,2
83,5331.019,-6973.544,47.572,147.831,-0.843135,-0.531477,0.081586,0.534446,-0.844999,0.018533,0.059090,0.059230,0.996494,0,0.86249,-0.17818,51.749,-0.356,925.000,375.000,-1,375.000,-1,300.000,300.000,325.000,300.000,-1,350.000,375.000,-1,675.000,650.000,875.000,-1,1,0,2,0,2,0,0,0,0,2,0,0,2,0,0,1,2
84,5287.434,-6945.752,50.403,147.475,-0.839562,-0.536708,0.084140,0.539750,-0.841654,0.017013,0.061686,0.059698,0.996309,0,0.86153,-0.17820,51.692,-0.356,875.000,375.000,-1,375.000,-1,300.000,300.000,325.000,300.000,-1,325.000,350.000,-1,675.000,650.000,850.000,-1,1,0,2,0,2,0,0,0,0,2,0,0,2,0,0,1,2
85,5244.071,-6917.720,53.299,147.119,-0.835944,-0.541910,0.086784,0.545035,-0.838268,0.015590,0.064300,0.060333,0.996105,0,0.86056,-0.17811,51.634,-0.356,825.000,375.000,-1,375.000,-1,300.000,300.000,325.000,300.000,-1,325.000,325.000,-1,700.000,650.000,800.000,-1,1,0,2,0,2,0,0,0,0,2,0,0,2,1,0,1,2
86,5199.007,-6888.348,56.610,146.903,-0.833693,-0.545061,0.088679,0.548201,-0.836231,0.013912,0.066573,0.060212,0.995963,0,0.89651,-0.10771,53.790,-0.215,775.000,375.000,-1,375.000,-1,300.000,300.000,325.000,300.000,-1,325.000,350.000,-1,675.000,650.000,775.000,-1,1,0,2,0,2,0,0,0,0,2,0,0,2,1,0,1,2
87,5157.954,-6861.614,59.818,146.928,-0.833775,-0.544723,0.089978,0.547833,-0.836496,0.012349,0.068539,0.059589,0.995867,0,0.81651,0.01229,48.990,0.025,725.000,375.000,-1,375.000,-1,300.000,300.000,325.000,300.000,-1,350.000,350.000,-1,650.000,650.000,725.000,-1,1,0,2,0,2,0,0,0,0,2,0,0,2,1,0,1,2
88,5120.812,-6837.670,62.958,147.193,-0.836213,-0.540898,0.090429,0.543915,-0.839071,0.010799,0.070035,0.058216,0.995844,0,0.73651,0.13229,44.190,0.265,675.000,375.000,-1,375.000,-1,300.000,300.000,325.000,300.000,-1,375.000,375.000,-1,625.000,625.000,675.000,-1,1,0,2,0,2,0,0,0,0,2,0,0,2,1,0,1,2
89,5084.663,-6814.813,66.099,147.697,-0.840862,-0.533531,0.091083,0.536465,-0.843870,0.009466,0.071812,0.056822,0.995798,0,0.71282,0.25229,42.769,0.505,650.000,375.000,-1,375.000,-1,300.000,300.000,325.000,300.000,-1,375.000,400.000,-1,600.000,625.000,650.000,-1,1,0,2,0,2,0,0,0,0,2,0,0,2,1,0,1,2
90,5048.124,-6792.369,69.409,148.442,-0.847635,-0.522578,0.091795,0.525388,-0.850828,0.007765,0.074044,0.054810,0.995748,0,0.71469,0.37229,42.882,0.745,600.000,375.000,-1,375.000,-1,300.000,300.000,325.000,300.000,-1,400.000,425.000,-1,575.000,625.000,625.000,-1,1,0,2,0,2,0,0,0,0,2,0,0,2,1,0,1,2
91,5011.103,-6770.496,72.915,149.426,-0.856392,-0.507956,0.092590,0.510586,-0.859809,0.005581,0.076775,0.052055,0.995689,0,0.71665,0.49229,42.999,0.985,575.000,375.000,-1,375.000,-1,300.000,300.000,325.000,300.000,-1,425.000,450.000,-1,550.000,625.000,575.000,-1,1,0,2,0,2,0,0,0,0,2,0,0,2,1,0,1,2
92,4973.515,-6749.358,76.521,150.651,-0.866960,-0.489543,0.093429,0.491968,-0.870607,0.003396,0.079678,0.048908,0.995620,0,0.71873,0.61229,43.124,1.225,550.000,375.000,950.000,375.000,-1,300.000,300.000,325.000,300.000,-1,450.000,475.000,-1,525.000,650.000,550.000,-1,1,0,1,0,2,0,0,0,0,2,0,0,2,1,0,1,2
93,4935.282,-6729.125,80.230,152.116,-0.879101,-0.467209,0.094323,0.469403,-0.882983,0.001215,0.082718,0.045344,0.995541,0,0.72095,0.73229,43.257,1.465,500.000,375.000,875.000,375.000,-1,300.000,300.000,325.000,300.000,-1,450.000,500.000,-1,500.000,650.000,500.000,-1,1,0,1,0,2,0,0,0,0,2,0,0,2,1,1,1,2
94,4896.335,-6709.975,84.043,153.820,-0.892527,-0.440814,0.095283,0.442747,-0.896646,-0.000949,0.085854,0.041340,0.995450,0,0.72334,0.85229,43.400,1.705,475.000,375.000,800.000,375.000,-1,300.000,300.000,325.000,300.000,-1,475.000,525.000,-1,475.000,625.000,475.000,975.000,1,1,1,0,2,0,0,0,0,2,0,0,2,1,1,1,1
95,4856.620,-6692.095,87.959,155.765,-0.906893,-0.410206,0.096317,0.411848,-0.911247,-0.003080,0.089032,0.036875,0.995346,0,0.72591,0.97229,43.555,1.945,450.000,350.000,750.000,375.000,-1,300.000,300.000,325.000,300.000,-1,500.000,550.000,-1,450.000,575.000,425.000,850.000,1,1,1,0,2,0,0,0,0,2,0,0,2,1,1,1,1
96,4816.150,-6675.548,91.970,157.765,-0.920575,-0.378214,0.097441,0.379552,-0.925156,-0.005139,0.092092,0.032253,0.995228,0,0.72869,1.00000,43.722,2.000,400.000,325.000,700.000,375.000,-1,300.000,300.000,325.000,300.000,-1,500.000,600.000,-1,425.000,525.000,400.000,775.000,1,1,1,0,2,1,0,0,0,2,0,0,2,1,1,1,1
97,4774.966,-6660.363,96.070,159.765,-0.933129,-0.345745,0.098647,0.346770,-0.937923,-0.007107,0.094980,0.027576,0.995097,0,0.73157,1.00000,43.894,2.000,375.000,300.000,650.000,350.000,-1,275.000,300.000,325.000,325.000,-1,525.000,625.000,-1,400.000,500.000,375.000,675.000,1,1,1,1,2,1,1,0,0,2,0,0,2,1,1,1,1
98,4733.109,-6646.571,100.249,161.765,-0.944536,-0.312839,0.099920,0.313544,-0.949531,-0.008971,0.097684,0.022856,0.994955,0,0.73451,1.00000,44.070,2.000,350.000,275.000,600.000,325.000,-1,250.000,275.000,325.000,300.000,-1,550.000,650.000,-1,375.000,450.000,325.000,600.000,1,1,1,1,2,1,1,0,0,2,0,0,2,1,1,1,1
99,4690.624,-6634.197,104.498,163.765,-0.954782,-0.279537,0.101246,0.279917,-0.959964,-0.010721,0.100189,0.018104,0.994804,0,0.73750,1.00000,44.250,2.000,325.000,275.000,550.000,300.000,-1,250.000,250.000,325.000,300.000,-1,550.000,675.000,-1,350.000,400.000,300.000,500.000,1,1,1,1,2,1,1,0,0,2,0,0,2,1,1,1,1
100,4647.556,-6623.270,108.841,165.765,-0.963861,-0.245883,0.102540,0.245948,-0.969206,-0.012199,0.102382,0.013462,0.994654,0,0.74054,1.00000,44.432,2.000,275.000,250.000,500.000,275.000,600.000,225.000,225.000,325.000,300.000,-1,575.000,675.000,-1,325.000,375.000,275.000,425.000,1,1,1,1,1,1,1,0,0,2,0,0,2,1,1,1,1
101,4603.948,-6613.817,115.849,167.765,-0.970592,-0.211887,0.114256,0.212731,-0.977099,-0.004893,0.112676,0.019556,0.993439,0,0.74363,1.00000,44.618,2.000,300.000,250.000,500.000,250.000,500.000,225.000,225.000,350.000,300.000,-1,450.000,450.000,-1,325.000,350.000,250.000,375.000,1,1,1,1,1,1,1,0,0,2,0,0,2,1,1,1,1
102,4559.851,-6605.860,123.112,169.765,-0.975991,-0.177629,0.126056,0.179549,-0.983741,0.003947,0.123305,0.026486,0.992015,0,0.74678,1.00000,44.807,2.000,300.000,225.000,475.000,250.000,400.000,200.000,200.000,375.000,275.000,-1,350.000,300.000,1000.000,300.000,325.000,275.000,325.000,1,1,1,1,1,1,1,0,0,2,0,0,1,1,1,1,1
103,4515.312,-6599.413,133.489,171.765,-0.979328,-0.143204,0.142860,0.144879,-0.989448,0.001339,0.141161,0.022009,0.989742,0,0.74997,1.00000,44.998,2.000,375.000,225.000,500.000,250.000,425.000,200.000,200.000,400.000,300.000,-1,250.000,225.000,-1,325.000,325.000,275.000,300.000,1,1,1,1,1,1,1,0,0,2,0,0,2,1,1,1,1
104,-6887.267,4263.554,183.393,-103.297,-0.228908,0.971249,-0.065392,-0.973297,-0.229541,-0.002230,-0.017176,0.063135,0.997857,1,0.00000,0.00000,45.192,2.000,-1,375.000,-1,400.000,-1,300.000,325.000,300.000,325.000,-1,-1,-1,-1,700.000,800.000,-1,-1,2,0,2,0,2,0,0,0,0,2,2,2,2,0,0,2,2
105,-6888.390,4258.887,183.308,-103.537,-0.232963,0.970271,-0.065586,-0.972329,-0.233605,-0.002182,-0.017438,0.063263,0.997845,0,0.08000,-0.12000,4.800,-0.240,-1,375.000,-1,400.000,-1,300.000,325.000,300.000,325.000,-1,-1,-1,-1,700.000,800.000,-1,-1,2,0,2,0,2,0,0,0,0,2,2,2,2,0,0,2,2
106,-6890.693,4249.567,183.135,-103.883,-0.238802,0.968825,-0.065970,-0.970905,-0.239456,-0.002080,-0.017812,0.063554,0.997819,0,0.16000,-0.17302,9.600,-0.346,-1,375.000,-1,400.000,-1,325.000,325.000,300.000,325.000,-1,-1,-1,-1,700.000,800.000,-1,-1,2,0,2,0,2,0,0,0,0,2,2,2,2,0,0,2,2
107,-6894.233,4235.609,182.868,-104.229,-0.244629,0.967331,-0.066541,-0.969446,-0.245296,-0.001919,-0.018179,0.064039,0.997782,0,0.24000,-0.17302,14.400,-0.346,-1,375.000,-1,400.000,-1,325.000,325.000,300.000,325.000,-1,-1,-1,-1,700.000,800.000,-1,-1,2,0,2,0,2,0,0,0,0,2,2,2,2,0,0,2,2
108,-6899.064,4217.027,182.501,-104.575,-0.250443,0.965789,-0.067299,-0.967954,-0.251122,-0.001698,-0.018540,0.064717,0.997731,0,0.32000,-0.17302,19.200,-0.346,-1,375.000,-1,400.000,-1,325.000,325.000,300.000,325.000,-1,-1,-1,-1,700.000,800.000,-1,-1,2,0,2,0,2,0,0,0,0,2,2,2,2,0,0,2,2
109,-6905.243,4193.835,182.026,-104.921,-0.256244,0.964200,-0.068243,-0.966427,-0.256936,-0.001414,-0.018897,0.065590,0.997668,0,0.40000,-0.17302,24.000,-0.346,-1,375.000,-1,400.000,-1,325.000,325.000,300.000,325.000,-1,-1,-1,-1,700.000,775.000,-1,-1,2,0,2,0,2,0,0,0,0,2,2,2,2,0,0,2,2
110,-6912.826,4166.052,181.434,-105.267,-0.262032,0.962563,-0.069371,-0.964867,-0.262736,-0.001064,-0.019250,0.066655,0.997590,0,0.48000,-0.17302,28.800,-0.346,-1,375.000,-1,400.000,-1,325.000,325.000,300.000,325.000,-1,-1,-1,-1,700.000,775.000,-1,-1,2,0,2,0,2,0,0,0,0,2,2,2,2,0,0,2,2
111,-6921.869,4133.691,180.716,-105.613,-0.267807,0.960876,-0.070681,-0.963273,-0.268522,-0.000643,-0.019598,0.067913,0.997499,0,0.56000,-0.17302,33.600,-0.346,-1,375.000,-1,400.000,-1,325.000,325.000,300.000,325.000,-1,-1,-1,-1,675.000,775.000,-1,-1,2,0,2,0,2,0,0,0,0,2,2,2,2,0,0,2,2
112,-6932.426,4096.771,179.859,-105.959,-0.273568,0.959141,-0.072171,-0.961646,-0.274293,-0.000148,-0.019938,0.069362,0.997392,0,0.64000,-0.17302,38.400,-0.346,-1,375.000,-1,400.000,-1,325.000,325.000,300.000,325.000,-1,-1,-1,-1,675.000,775.000,-1,-1,2,0,2,0,2,0,0,0,0,2,2,2,2,0,0,2,2
113,-6944.553,4055.308,178.850,-106.305,-0.279315,0.957357,-0.073836,-0.959986,-0.280049,0.000427,-0.020269,0.071001,0.997270,0,0.72000,-0.17302,43.200,-0.346,-1,375.000,-1,400.000,-1,300.000,325.000,300.000,325.000,-1,-1,-1,-1,700.000,775.000,-1,-1,2,0,2,0,2,0,0,0,0,2,2,2,2,0,0,2,2
114,-6958.306,4009.320,177.717,-106.651,-0.285034,0.955510,-0.075871,-0.958293,-0.285784,0.001008,-0.020719,0.072994,0.997117,0,0.80000,-0.17302,48.000,-0.346,-1,375.000,-1,400.000,-1,300.000,325.000,300.000,325.000,-1,-1,-1,-1,700.000,750.000,-1,-1,2,0,2,0,2,0,0,0,0,2,2,2,2,0,0,2,2
115,-6973.132,3960.812,176.603,-106.997,-0.290743,0.953575,-0.078511,-0.956571,-0.291492,0.002007,-0.020971,0.075685,0.996911,0,0.84539,-0.17302,50.723,-0.346,-1,375.000,-1,400.000,-1,300.000,325.000,300.000,300.000,-1,-1,-1,-1,700.000,750.000,-1,-1,2,0,2,0,2,0,0,0,0,2,2,2,2,0,0,2,2
116,-6988.250,3912.394,175.477,-107.344,-0.296448,0.951584,-0.081284,-0.954816,-0.297179,0.003237,-0.021076,0.078571,0.996686,0,0.84539,-0.17302,50.723,-0.346,-1,375.000,-1,400.000,-1,300.000,325.000,325.000,300.000,-1,-1,-1,-1,700.000,725.000,-1,-1,2,0,2,0,2,0,0,0,0,2,2,2,2,0,0,2,2
117,-7003.661,3864.068,174.377,-107.690,-0.302131,0.949568,-0.083893,-0.953027,-0.302856,0.004260,-0.021362,0.081240,0.996466,0,0.84539,-0.17302,50.723,-0.346,-1,375.000,-1,400.000,-1,300.000,325.000,325.000,300.000,-1,-1,-1,-1,700.000,725.000,-1,-1,2,0,2,0,2,0,0,0,0,2,2,2,2,0,0,2,2
118,-7019.363,3815.836,173.516,-108.036,-0.307846,0.947590,-0.085459,-0.951196,-0.308543,0.005268,-0.021375,0.082910,0.996328,0,0.84539,-0.17302,50.723,-0.346,-1,375.000,-1,400.000,-1,300.000,325.000,325.000,300.000,-1,-1,-1,-1,700.000,725.000,-1,-1,2,0,2,0,2,0,0,0,0,2,2,2,2,0,0,2,2
119,-7035.358,3767.701,172.775,-108.382,-0.313606,0.945622,-0.086314,-0.949324,-0.314231,0.006606,-0.020876,0.084011,0.996246,0,0.84539,-0.17302,50.723,-0.346,-1,375.000,-1,400.000,-1,300.000,325.000,325.000,300.000,-1,-1,-1,-1,700.000,725.000,-1,-1,2,0,2,0,2,0,0,0,0,2,2,2,2,0,0,2,2
120,-7051.643,3719.663,171.915,-108.728,-0.319344,0.943647,-0.086895,-0.947415,-0.319916,0.007637,-0.020592,0.084764,0.996188,0,0.84539,-0.17302,50.723,-0.346,-1,375.000,-1,400.000,-1,300.000,325.000,325.000,300.000,-1,-1,-1,-1,700.000,700.000,-1,-1,2,0,2,0,2,0,0,0,0,2,2,2,2,0,0,2,2
121,-7068.218,3671.724,170.985,-109.074,-0.325068,0.941649,-0.087340,-0.945471,-0.325593,0.008571,-0.020366,0.085363,0.996142,0,0.84539,-0.17302,50.723,-0.346,-1,375.000,-1,400.000,-1,325.000,325.000,325.000,300.000,-1,-1,-1,-1,700.000,700.000,-1,-1,2,0,2,0,2,0,0,0,0,2,2,2,2,0,0,2,2
122,-7085.082,3623.886,170.020,-109.420,-0.330786,0.939617,-0.087752,-0.943492,-0.331257,0.009571,-0.020075,0.085959,0.996096,0,0.84539,-0.17302,50.723,-0.346,-1,375.000,-1,400.000,-1,325.000,325.000,325.000,300.000,-1,-1,-1,-1,700.000,700.000,-1,-1,2,0,2,0,2,0,0,0,0,2,2,2,2,0,0,2,2
123,-7102.235,3576.151,169.020,-109.766,-0.336499,0.937551,-0.088129,-0.941477,-0.336908,0.010639,-0.019717,0.086551,0.996052,0,0.84539,-0.17302,50.723,-0.346,-1,375.000,-1,400.000,-1,325.000,325.000,325.000,300.000,-1,-1,-1,-1,700.000,675.000,-1,-1,2,0,2,0,2,0,0,0,0,2,2,2,2,0,0,2,2
124,-7119.676,3528.520,167.986,-110.112,-0.342206,0.935451,-0.088469,-0.939427,-0.342547,0.011775,-0.019290,0.087140,0.996009,0,0.84539,-0.17302,50.723,-0.346,-1,375.000,-1,400.000,-1,325.000,325.000,325.000,325.000,-1,-1,-1,-1,700.000,675.000,-1,-1,2,0,2,0,2,0,0,0,0,2,2,2,2,0,0,2,2
125,-7137.404,3480.996,166.917,-110.458,-0.347907,0.933317,-0.088770,-0.937341,-0.348173,0.012981,-0.018792,0.087724,0.995968,0,0.84539,-0.17302,50.723,-0.346,-1,375.000,-1,375.000,-1,325.000,325.000,325.000,325.000,-1,-1,-1,-1,700.000,675.000,-1,-1,2,0,2,0,2,0,0,0,0,2,2,2,2,0,0,2,2
126,-7155.419,3433.580,165.812,-110.804,-0.353603,0.931149,-0.089031,-0.935218,-0.353785,0.014258,-0.018222,0.088305,0.995927,0,0.84539,-0.17302,50.723,-0.346,-1,375.000,-1,375.000,-1,300.000,325.000,325.000,300.000,-1,-1,-1,-1,700.000,675.000,-1,-1,2,0,2,0,2,0,0,0,0,2,2,2,2,0,0,2,2
127,-7172.167,3390.819,164.803,-111.390,-0.363140,0.927433,-0.089431,-0.931556,-0.363271,0.015383,-0.018221,0.088896,0.995874,0,0.76539,-0.29302,45.923,-0.586,-1,375.000,-1,375.000,-1,300.000,325.000,325.000,300.000,-1,-1,800.000,-1,700.000,650.000,-1,-1,2,0,2,0,2,0,0,0,0,2,2,0,2,0,0,2,2
128,-7187.715,3352.748,163.922,-112.216,-0.376459,0.922038,-0.090132,-0.926241,-0.376579,0.016323,-0.018891,0.089629,0.995796,0,0.68539,-0.41302,41.123,-0.826,-1,375.000,-1,375.000,-1,300.000,300.000,325.000,300.000,-1,-1,825.000,-1,700.000,650.000,-1,-1,2,0,2,0,2,0,0,0,0,2,2,0,2,0,0,2,2
129,-7202.072,3319.382,163.269,-113.282,-0.393567,0.914829,-0.090516,-0.919090,-0.393650,0.017697,-0.019442,0.090158,0.995738,0,0.60539,-0.53302,36.323,-1.066,-1,375.000,-1,375.000,-1,300.000,300.000,325.000,300.000,-1,-1,800.000,-1,700.000,650.000,-1,-1,2,0,2,0,2,0,0,0,0,2,2,0,2,0,0,2,2
130,-7217.108,3286.523,162.617,-114.588,-0.414343,0.905598,-0.090625,-0.909897,-0.414389,0.019196,-0.020170,0.090413,0.995700,0,0.60224,-0.65302,36.134,-1.306,-1,375.000,-1,375.000,-1,300.000,300.000,325.000,300.000,-1,-1,775.000,-1,700.000,650.000,-1,-1,2,0,2,0,2,0,0,0,0,2,2,0,2,0,0,2,2
131,-7233.025,3254.081,161.911,-116.134,-0.438646,0.894077,-0.090643,-0.898410,-0.438666,0.020771,-0.021191,0.090546,0.995667,0,0.60224,-0.77302,36.134,-1.546,-1,375.000,-1,375.000,1000.000,300.000,300.000,325.000,300.000,-1,-1,575.000,-1,700.000,650.000,-1,-1,2,0,2,0,0,0,0,0,0,2,2,0,2,0,0,2,2
132,-7249.946,3222.152,161.140,-117.920,-0.466316,0.879971,-0.090560,-0.884332,-0.466319,0.022425,-0.022497,0.090542,0.995638,0,0.60224,-0.89302,36.134,-1.786,-1,375.000,-1,375.000,975.000,300.000,300.000,325.000,300.000,-1,-1,550.000,-1,700.000,625.000,-1,-1,2,0,2,0,0,0,0,0,0,2,2,0,2,0,0,2,2
133,-7267.971,3190.832,160.419,-119.920,-0.496735,0.863207,-0.090159,-0.867559,-0.496773,0.023617,-0.024402,0.089950,0.995647,0,0.60224,-1.00000,36.134,-2.000,-1,375.000,-1,375.000,975.000,300.000,300.000,325.000,300.000,-1,-1,575.000,-1,700.000,625.000,-1,-1,2,0,2,0,0,0,0,0,0,2,2,0,2,0,0,2,2
134,-7287.079,3160.161,159.696,-121.920,-0.526547,0.845417,-0.089545,-0.849735,-0.526641,0.024492,-0.026453,0.088986,0.995682,0,0.60224,-1.00000,36.134,-2.000,-1,375.000,-1,375.000,950.000,300.000,300.000,325.000,300.000,-1,-1,-1,-1,700.000,625.000,-1,1000.000,2,0,2,0,0,0,0,0,0,2,2,2,2,0,0,2,0
135,-7307.246,3130.176,158.801,-123.920,-0.555764,0.826623,-0.088437,-0.830864,-0.555893,0.025449,-0.028125,0.087623,0.995757,0,0.60224,-1.00000,36.134,-2.000,-1,375.000,-1,375.000,950.000,300.000,300.000,325.000,300.000,-1,-1,-1,-1,675.000,625.000,-1,1000.000,2,0,2,0,0,0,0,0,0,2,2,2,2,0,0,2,0
136,-7328.447,3100.913,157.822,-125.920,-0.584318,0.806819,-0.087267,-0.810981,-0.584475,0.026417,-0.029692,0.086208,0.995835,0,0.60224,-1.00000,36.134,-2.000,-1,375.000,-1,350.000,925.000,300.000,300.000,300.000,300.000,-1,-1,-1,-1,675.000,625.000,-1,975.000,2,0,2,0,0,0,0,0,0,2,2,2,2,0,0,2,0
