timestep,x_cm,y_cm,z_cm,yaw_deg,basis_xx,basis_xy,basis_xz,basis_yx,basis_yy,basis_yz,basis_zx,basis_zy,basis_zz,teleport_flag,throttle_cmd,steering_cmd,cmd_move_cm,cmd_turn_deg,lidar_cm_0,lidar_cm_1,lidar_cm_2,lidar_cm_3,lidar_cm_4,lidar_cm_5,lidar_cm_6,lidar_cm_7,lidar_cm_8,lidar_cm_9,lidar_cm_10,lidar_cm_11,lidar_cm_12,lidar_cm_13,lidar_cm_14,lidar_cm_15,lidar_cm_16,lidar_class_0,lidar_class_1,lidar_class_2,lidar_class_3,lidar_class_4,lidar_class_5,lidar_class_6,lidar_class_7,lidar_class_8,lidar_class_9,lidar_class_10,lidar_class_11,lidar_class_12,lidar_class_13,lidar_class_14,lidar_class_15,lidar_class_16
0,-8203.677,-1638.225,-207.978,160.372,-0.941288,-0.335762,-0.035216,0.336539,-0.941479,-0.018960,-0.026789,-0.029698,0.999200,1,0.08000,-0.09845,4.800,-0.197,-1,375.000,-1,375.000,-1,325.000,325.000,300.000,300.000,-1,900.000,750.000,-1,675.000,700.000,-1,-1,2,0,2,0,2,0,0,0,0,2,0,0,2,0,0,2,2
1,-8212.708,-1634.969,-208.243,160.175,-0.940140,-0.338995,-0.034934,0.339766,-0.940317,-0.019047,-0.026392,-0.029776,0.999208,0,0.16000,-0.09845,9.600,-0.197,-1,375.000,-1,375.000,-1,325.000,325.000,300.000,300.000,-1,900.000,750.000,-1,675.000,700.000,-1,-1,2,0,2,0,2,0,0,0,0,2,0,0,2,0,0,2,2
2,-8226.238,-1630.039,-208.636,159.978,-0.938985,-0.342223,-0.034510,0.342986,-0.939144,-0.019183,-0.025845,-0.029849,0.999220,0,0.24000,-0.09845,14.400,-0.197,-1,375.000,-1,375.000,-1,325.000,325.000,300.000,300.000,-1,875.000,750.000,-1,675.000,700.000,-1,-1,2,0,2,0,2,0,0,0,0,2,0,0,2,0,0,2,2
3,-8244.255,-1623.403,-209.158,159.781,-0.937824,-0.345448,-0.033945,0.346200,-0.937961,-0.019373,-0.025147,-0.029920,0.999236,0,0.32000,-0.09845,19.200,-0.197,-1,375.000,-1,375.000,-1,325.000,325.000,300.000,300.000,-1,850.000,725.000,-1,675.000,700.000,-1,-1,2,0,2,0,2,0,0,0,0,2,0,0,2,0,0,2,2
4,-8266.747,-1615.031,-209.810,159.585,-0.936656,-0.348668,-0.033241,0.349406,-0.936766,-0.019622,-0.024298,-0.029994,0.999255,0,0.40000,-0.09845,24.000,-0.197,-1,375.000,-1,375.000,-1,325.000,325.000,300.000,300.000,-1,825.000,700.000,-1,675.000,700.000,-1,-1,2,0,2,0,2,0,0,0,0,2,0,0,2,0,0,2,2
5,-8293.703,-1604.893,-210.591,159.388,-0.935482,-0.351885,-0.032401,0.352604,-0.935560,-0.019938,-0.023297,-0.030076,0.999276,0,0.48000,-0.09845,28.800,-0.197,-1,375.000,-1,400.000,-1,325.000,325.000,300.000,300.000,-1,775.000,675.000,-1,675.000,700.000,-1,-1,2,0,2,0,2,0,0,0,0,2,0,0,2,0,0,2,2
6,-8325.112,-1592.956,-211.504,159.191,-0.934301,-0.355097,-0.031426,0.355796,-0.934342,-0.020329,-0.022144,-0.030175,0.999299,0,0.56000,-0.09845,33.600,-0.197,-1,375.000,-1,375.000,-1,325.000,325.000,300.000,325.000,-1,750.000,650.000,-1,650.000,700.000,-1,-1,2,0,2,0,2,0,0,0,0,2,0,0,2,0,0,2,2
7,-8360.959,-1579.191,-212.551,158.994,-0.933113,-0.358304,-0.030319,0.358980,-0.933113,-0.020805,-0.020836,-0.030297,0.999324,0,0.64000,-0.09845,38.400,-0.197,-1,375.000,-1,375.000,-1,300.000,325.000,300.000,325.000,-1,725.000,625.000,-1,650.000,700.000,-1,-1,2,0,2,0,2,0,0,0,0,2,0,0,2,0,0,2,2
8,-8401.235,-1563.566,-213.725,158.797,-0.931915,-0.361507,-0.029094,0.362157,-0.931873,-0.021337,-0.019398,-0.030421,0.999349,0,0.72000,-0.09845,43.200,-0.197,-1,375.000,-1,375.000,-1,300.000,325.000,300.000,325.000,-1,700.000,625.000,-1,650.000,700.000,-1,-1,2,0,2,0,2,0,0,0,0,2,0,0,2,0,0,2,2
9,-8442.568,-1547.367,-214.701,158.600,-0.930691,-0.364716,-0.028209,0.365328,-0.930647,-0.020756,-0.018682,-0.029623,0.999387,0,0.73991,-0.09845,44.394,-0.197,-1,375.000,-1,375.000,-1,300.000,300.000,300.000,300.000,-1,700.000,625.000,-1,650.000,675.000,-1,-1,2,0,2,0,2,0,0,0,0,2,0,0,2,0,0,2,2
10,-8483.846,-1531.026,-215.474,158.403,-0.929479,-0.367930,-0.026378,0.368469,-0.929432,-0.019664,-0.017282,-0.027997,0.999459,0,0.73991,-0.09845,44.394,-0.197,-1,375.000,-1,375.000,-1,300.000,300.000,300.000,300.000,-1,675.000,600.000,-1,650.000,675.000,-1,-1,2,0,2,0,2,0,0,0,0,2,0,0,2,0,0,2,2
11,-8525.067,-1514.543,-216.171,158.206,-0.928262,-0.371141,-0.024177,0.371600,-0.928211,-0.018400,-0.015612,-0.026065,0.999538,0,0.73991,-0.09845,44.394,-0.197,-1,375.000,-1,375.000,-1,300.000,300.000,300.000,300.000,-1,650.000,550.000,-1,650.000,675.000,-1,-1,2,0,2,0,2,0,0,0,0,2,0,0,2,0,0,2,2
12,-8566.231,-1497.919,-216.825,158.009,-0.927033,-0.374348,-0.021754,0.374726,-0.926979,-0.017054,-0.013781,-0.023961,0.999618,0,0.73991,-0.09845,44.394,-0.197,-1,375.000,-1,375.000,-1,300.000,300.000,300.000,300.000,-1,600.000,525.000,-1,650.000,675.000,-1,-1,2,0,2,0,2,0,0,0,0,2,0,0,2,0,0,2,2
13,-8607.338,-1481.153,-217.329,157.812,-0.925779,-0.377546,-0.019790,0.377865,-0.925722,-0.016009,-0.012276,-0.022299,0.999676,0,0.73991,-0.09845,44.394,-0.197,-1,375.000,-1,375.000,-1,300.000,300.000,300.000,300.000,-1,600.000,525.000,-1,650.000,675.000,-1,-1,2,0,2,0,2,0,0,0,0,2,0,0,2,0,0,2,2
14,-8648.387,-1464.247,-217.680,157.616,-0.924501,-0.380734,-0.018419,0.381015,-0.924441,-0.015354,-0.011181,-0.021213,0.999712,0,0.73991,-0.09845,44.394,-0.197,-1,375.000,-1,375.000,-1,300.000,300.000,300.000,300.000,-1,625.000,550.000,-1,650.000,675.000,-1,-1,2,0,2,0,2,0,0,0,0,2,0,0,2,0,0,2,2
15,-8689.377,-1447.199,-217.718,157.419,-0.923222,-0.383908,-0.016623,0.384159,-0.923126,-0.016161,-0.009141,-0.021307,0.999731,0,0.73991,-0.09845,44.394,-0.197,-1,375.000,-1,375.000,-1,300.000,300.000,300.000,300.000,-1,600.000,525.000,-1,650.000,675.000,-1,-1,2,0,2,0,2,0,0,0,0,2,0,0,2,0,0,2,2
16,-8730.309,-1430.011,-217.756,157.222,-0.921928,-0.387077,-0.014826,0.387296,-0.921799,-0.017002,-0.007086,-0.021416,0.999746,0,0.73991,-0.09845,44.394,-0.197,-1,375.000,-1,375.000,-1,300.000,300.000,300.000,300.000,-1,600.000,525.000,-1,650.000,675.000,-1,-1,2,0,2,0,2,0,0,0,0,2,0,0,2,0,0,2,2
17,-8771.182,-1412.683,-217.794,157.025,-0.920620,-0.390242,-0.013026,0.390427,-0.920460,-0.017875,-0.005015,-0.021542,0.999755,0,0.73991,-0.09845,44.394,-0.197,-1,375.000,-1,375.000,-1,300.000,300.000,300.000,300.000,-1,600.000,525.000,-1,650.000,700.000,-1,-1,2,0,2,0,2,0,0,0,0,2,0,0,2,0,0,2,2
18,-8811.995,-1395.214,-217.831,156.828,-0.919298,-0.393401,-0.011225,0.393550,-0.919111,-0.018782,-0.002928,-0.021684,0.999761,0,0.73991,-0.09845,44.394,-0.197,-1,375.000,-1,375.000,-1,300.000,300.000,300.000,300.000,-1,575.000,525.000,-1,650.000,700.000,-1,-1,2,0,2,0,2,0,0,0,0,2,0,0,2,0,0,2,2
19,-8852.747,-1377.605,-217.868,156.631,-0.917962,-0.396556,-0.009422,0.396667,-0.917751,-0.019722,-0.000826,-0.021842,0.999761,0,0.73991,-0.09845,44.394,-0.197,-1,375.000,-1,375.000,-1,300.000,300.000,300.000,300.000,-1,575.000,525.000,-1,650.000,700.000,-1,-1,2,0,2,0,2,0,0,0,0,2,0,0,2,0,0,2,2
20,-8893.439,-1359.856,-217.905,156.434,-0.916612,-0.399706,-0.007618,0.399777,-0.916379,-0.020696,0.001291,-0.022016,0.999757,0,0.73991,-0.09845,44.394,-0.197,-1,375.000,-1,375.000,-1,300.000,325.000,300.000,300.000,-1,575.000,525.000,-1,650.000,700.000,-1,-1,2,0,2,0,2,0,0,0,0,2,0,0,2,0,0,2,2
21,-8934.070,-1341.967,-217.942,156.237,-0.915247,-0.402851,-0.005813,0.402879,-0.914996,-0.021705,0.003425,-0.022207,0.999748,0,0.73991,-0.09845,44.394,-0.197,-1,375.000,-1,375.000,-1,300.000,325.000,300.000,300.000,-1,575.000,525.000,-1,650.000,700.000,-1,-1,2,0,2,0,2,0,0,0,0,2,0,0,2,0,0,2,2
22,-8974.639,-1323.939,-217.951,156.040,-0.913869,-0.405990,-0.003974,0.405970,-0.913600,-0.022876,0.005657,-0.022519,0.999730,0,0.73991,-0.09845,44.394,-0.197,-1,375.000,-1,375.000,-1,300.000,325.000,300.000,300.000,-1,550.000,525.000,-1,650.000,700.000,-1,-1,2,0,2,0,2,0,0,0,0,2,0,0,2,0,0,2,2
23,-9015.146,-1305.771,-217.957,155.843,-0.912476,-0.409124,-0.002131,0.409053,-0.912192,-0.024096,0.007914,-0.022859,0.999707,0,0.73991,-0.09845,44.394,-0.197,-1,375.000,-1,375.000,-1,300.000,325.000,300.000,325.000,-1,500.000,475.000,-1,650.000,700.000,-1,-1,2,0,2,0,2,0,0,0,0,2,0,0,2,0,0,2,2
24,-9055.590,-1287.464,-217.823,155.647,-0.911067,-0.412259,-0.000473,0.412145,-0.910786,-0.024627,0.009722,-0.022632,0.999697,0,0.73991,-0.09845,44.394,-0.197,-1,375.000,-1,375.000,-1,300.000,325.000,300.000,325.000,-1,475.000,450.000,-1,650.000,700.000,-1,-1,2,0,2,0,2,0,0,0,0,2,0,0,2,0,0,2,2
25,-9095.971,-1269.018,-217.540,155.450,-0.909641,-0.415394,0.000995,0.415248,-0.909380,-0.024417,0.011047,-0.021798,0.999701,0,0.73991,-0.09845,44.394,-0.197,-1,375.000,-1,375.000,-1,300.000,300.000,300.000,300.000,-1,475.000,450.000,-1,650.000,700.000,-1,-1,2,0,2,0,2,0,0,0,0,2,0,0,2,0,0,2,2
26,-9140.560,-1248.237,-216.912,155.013,-0.906432,-0.422336,0.003790,0.422143,-0.906228,-0.023361,0.013301,-0.019576,0.999720,0,0.81991,-0.21845,49.194,-0.437,-1,375.000,-1,375.000,-1,300.000,300.000,300.000,300.000,-1,475.000,425.000,-1,650.000,700.000,-1,-1,2,0,2,0,2,0,0,0,0,2,0,0,2,0,0,2,2
27,-9189.228,-1224.852,-216.123,154.336,-0.901349,-0.433035,0.007082,0.432800,-0.901222,-0.021982,0.015901,-0.016748,0.999733,0,0.89991,-0.33845,53.994,-0.677,-1,375.000,-1,375.000,-1,300.000,300.000,300.000,300.000,-1,475.000,425.000,-1,675.000,725.000,-1,-1,2,0,2,0,2,0,0,0,0,2,0,0,2,0,0,2,2
28,-9239.002,-1200.136,-215.301,153.593,-0.895620,-0.444697,0.010480,0.444433,-0.895574,-0.020641,0.018564,-0.013829,0.999732,0,0.92622,-0.37126,55.573,-0.743,-1,375.000,-1,375.000,-1,300.000,300.000,300.000,300.000,-1,475.000,400.000,-1,675.000,725.000,-1,-1,2,0,2,0,2,0,0,0,0,2,0,0,2,0,0,2,2
29,-9288.453,-1174.777,-214.173,152.851,-0.889749,-0.456276,0.012610,0.455997,-0.889757,-0.019956,0.020326,-0.012006,0.999721,0,0.92622,-0.37126,55.573,-0.743,-1,375.000,-1,375.000,-1,300.000,300.000,300.000,300.000,-1,500.000,425.000,-1,675.000,725.000,-1,-1,2,0,2,0,2,0,0,0,0,2,0,0,2,0,0,2,2
30,-9337.570,-1148.779,-212.943,152.108,-0.883731,-0.467776,0.014331,0.467488,-0.883784,-0.019494,0.021784,-0.010528,0.999707,0,0.92622,-0.37126,55.573,-0.743,-1,375.000,-1,375.000,-1,300.000,300.000,300.000,300.000,-1,550.000,450.000,-1,675.000,725.000,-1,-1,2,0,2,0,2,0,0,0,0,2,0,0,2,0,0,2,2
31,-9386.347,-1122.148,-211.425,151.366,-0.877560,-0.479192,0.016273,0.478864,-0.877652,-0.020382,0.024049,-0.010094,0.999660,0,0.92622,-0.37126,55.573,-0.743,-1,375.000,-1,375.000,-1,300.000,325.000,300.000,300.000,-1,550.000,475.000,-1,675.000,750.000,-1,-1,2,0,2,0,2,0,0,0,0,2,0,0,2,0,0,2,2
32,-9434.774,-1094.886,-209.907,150.623,-0.871237,-0.490527,0.018165,0.490160,-0.871373,-0.021278,0.026266,-0.009635,0.999609,0,0.92622,-0.37126,55.573,-0.743,-1,375.000,-1,400.000,-1,300.000,325.000,300.000,300.000,-1,575.000,500.000,-1,700.000,750.000,-1,-1,2,0,2,0,2,0,0,0,0,2,0,0,2,0,0,2,2
33,-9482.844,-1066.999,-208.394,149.881,-0.864764,-0.501780,0.020002,0.501374,-0.864947,-0.022154,0.028417,-0.009129,0.999554,0,0.92622,-0.37126,55.573,-0.743,-1,375.000,-1,400.000,-1,325.000,325.000,300.000,300.000,-1,575.000,525.000,-1,700.000,750.000,-1,-1,2,0,2,0,2,0,0,0,0,2,0,0,2,0,0,2,2
34,-9530.549,-1038.492,-206.887,149.138,-0.858142,-0.512949,0.021787,0.512505,-0.858376,-0.023006,0.030502,-0.008576,0.999498,0,0.92622,-0.37126,55.573,-0.743,-1,375.000,-1,400.000,-1,325.000,325.000,300.000,300.000,-1,600.000,525.000,-1,700.000,775.000,-1,-1,2,0,2,0,2,0,0,0,0,2,0,0,2,0,0,2,2
35,-9577.880,-1009.368,-205.358,148.396,-0.851377,-0.524032,0.023397,0.523550,-0.851660,-0.023875,0.032438,-0.008077,0.999441,0,0.92622,-0.37126,55.573,-0.743,-1,375.000,-1,400.000,-1,325.000,325.000,300.000,300.000,-1,625.000,550.000,-1,725.000,775.000,-1,-1,2,0,2,0,2,0,0,0,0,2,0,0,2,0,0,2,2
36,-9624.830,-979.634,-203.823,147.653,-0.844468,-0.535027,0.024900,0.534508,-0.844801,-0.024732,0.034268,-0.007577,0.999384,0,0.92622,-0.37126,55.573,-0.743,-1,375.000,-1,400.000,-1,325.000,325.000,300.000,300.000,-1,600.000,550.000,-1,725.000,800.000,-1,-1,2,0,2,0,2,0,0,0,0,2,0,0,2,0,0,2,2
37,-9671.391,-949.294,-202.020,146.911,-0.837416,-0.545936,0.026229,0.545434,-0.837806,-0.024118,0.035142,-0.005891,0.999365,0,0.92622,-0.37126,55.573,-0.743,-1,375.000,-1,400.000,-1,325.000,325.000,300.000,300.000,-1,625.000,575.000,-1,725.000,800.000,-1,-1,2,0,2,0,2,0,0,0,0,2,0,0,2,0,0,2,2
38,-9717.554,-918.353,-200.187,146.168,-0.830229,-0.556752,0.027329,0.556287,-0.830669,-0.023107,0.035566,-0.003981,0.999359,0,0.92622,-0.37126,55.573,-0.743,-1,400.000,-1,400.000,-1,325.000,325.000,300.000,300.000,-1,675.000,600.000,-1,750.000,800.000,-1,-1,2,0,2,0,2,0,0,0,0,2,0,0,2,0,0,2,2
39,-9763.313,-886.817,-198.375,145.426,-0.822901,-0.567473,0.028416,0.567047,-0.823389,-0.022075,0.035924,-0.002052,0.999352,0,0.92622,-0.37126,55.573,-0.743,-1,400.000,-1,400.000,-1,325.000,325.000,300.000,300.000,-1,725.000,625.000,-1,750.000,800.000,-1,-1,2,0,2,0,2,0,0,0,0,2,0,0,2,0,0,2,2
40,-9808.659,-854.690,-196.543,144.683,-0.815427,-0.578097,0.029701,0.577717,-0.815968,-0.020960,0.036352,0.000067,0.999339,0,0.92622,-0.37126,55.573,-0.743,-1,400.000,-1,400.000,-1,325.000,325.000,300.000,300.000,-1,750.000,650.000,-1,775.000,800.000,-1,-1,2,0,2,0,2,0,0,0,0,2,0,0,2,0,0,2,2
41,-9853.585,-821.979,-194.749,143.941,-0.807818,-0.588621,0.030900,0.588290,-0.808406,-0.019849,0.036663,0.002144,0.999325,0,0.92622,-0.37126,55.573,-0.743,-1,400.000,-1,400.000,-1,325.000,325.000,300.000,300.000,-1,800.000,700.000,-1,775.000,800.000,-1,-1,2,0,2,0,2,0,0,0,0,2,0,0,2,0,0,2,2
42,-9898.083,-788.688,-192.993,143.198,-0.800076,-0.599044,0.032015,0.598766,-0.800705,-0.018736,0.036858,0.004179,0.999312,0,0.92622,-0.37126,55.573,-0.743,-1,400.000,-1,400.000,-1,325.000,325.000,300.000,300.000,-1,850.000,725.000,-1,800.000,800.000,-1,-1,2,0,2,0,2,0,0,0,0,2,0,0,2,0,0,2,2
43,-9942.146,-754.823,-191.089,142.456,-0.792235,-0.609366,0.032198,0.609130,-0.792870,-0.017828,0.036393,0.005489,0.999322,0,0.92622,-0.37126,55.573,-0.743,-1,400.000,-1,400.000,-1,325.000,325.000,300.000,300.000,-1,950.000,800.000,-1,800.000,800.000,-1,-1,2,0,2,0,2,0,0,0,0,2,0,0,2,0,0,2,2
44,-9985.767,-720.390,-189.128,141.713,-0.784282,-0.619586,0.031859,0.619386,-0.784902,-0.016997,0.035537,0.006403,0.999348,0,0.92622,-0.37126,55.573,-0.743,-1,400.000,-1,400.000,-1,325.000,325.000,300.000,300.000,-1,-1,925.000,-1,800.000,800.000,-1,-1,2,0,2,0,2,0,0,0,0,2,2,0,2,0,0,2,2
45,-10028.938,-685.394,-187.181,140.971,-0.776198,-0.629702,0.031483,0.629533,-0.776803,-0.016292,0.034716,0.007174,0.999371,0,0.92622,-0.37126,55.573,-0.743,-1,400.000,-1,400.000,-1,325.000,325.000,300.000,300.000,-1,-1,-1,-1,800.000,800.000,-1,-1,2,0,2,0,2,0,0,0,0,2,2,2,2,0,0,2,2
46,-10071.651,-649.842,-185.285,140.228,-0.767986,-0.639712,0.031072,0.639573,-0.768573,-0.015530,0.033816,0.007946,0.999397,0,0.92622,-0.37126,55.573,-0.743,-1,400.000,-1,400.000,-1,325.000,325.000,300.000,300.000,-1,-1,-1,-1,800.000,800.000,-1,-1,2,0,2,0,2,0,0,0,0,2,2,2,2,0,0,2,2
47,-10113.900,-613.740,-183.387,139.486,-0.759646,-0.649615,0.030618,0.649499,-0.760215,-0.014967,0.032999,0.008517,0.999419,0,0.92622,-0.37126,55.573,-0.743,-1,400.000,-1,400.000,-1,325.000,325.000,300.000,300.000,-1,-1,-1,-1,800.000,800.000,-1,-1,2,0,2,0,2,0,0,0,0,2,2,2,2,0,0,2,2
48,-10155.678,-577.093,-181.537,138.743,-0.751180,-0.659409,0.030126,0.659315,-0.751729,-0.014369,0.032121,0.009069,0.999443,0,0.92622,-0.37126,55.573,-0.743,-1,400.000,-1,400.000,-1,325.000,325.000,300.000,300.000,-1,-1,-1,-1,800.000,800.000,-1,-1,2,0,2,0,2,0,0,0,0,2,2,2,2,0,0,2,2
49,-10196.978,-539.908,-179.791,138.001,-0.742589,-0.669093,0.029582,0.669013,-0.743119,-0.013992,0.031344,0.009400,0.999464,0,0.92622,-0.37126,55.573,-0.743,-1,400.000,-1,400.000,-1,325.000,325.000,300.000,300.000,-1,-1,-1,-1,800.000,775.000,-1,-1,2,0,2,0,2,0,0,0,0,2,2,2,2,0,0,2,2
50,-10237.792,-502.190,-178.087,137.258,-0.733875,-0.678665,0.029001,0.678601,-0.734383,-0.013516,0.030471,0.009761,0.999488,0,0.92622,-0.37126,55.573,-0.743,-1,400.000,-1,400.000,-1,325.000,325.000,300.000,300.000,-1,-1,-1,-1,800.000,775.000,-1,-1,2,0,2,0,2,0,0,0,0,2,2,2,2,0,0,2,2
51,-10278.114,-463.947,-176.404,136.516,-0.725040,-0.688121,0.028398,0.688078,-0.725523,-0.012819,0.029425,0.010246,0.999514,0,0.92622,-0.37126,55.573,-0.743,-1,400.000,-1,400.000,-1,325.000,325.000,300.000,300.000,-1,-1,-1,-1,800.000,775.000,-1,-1,2,0,2,0,2,0,0,0,0,2,2,2,2,0,0,2,2
52,-10317.936,-425.185,-174.794,135.773,-0.716083,-0.697463,0.027756,0.697438,-0.716542,-0.012175,0.028380,0.010640,0.999541,0,0.92622,-0.37126,55.573,-0.743,-1,400.000,-1,400.000,-1,325.000,325.000,300.000,300.000,-1,-1,-1,-1,800.000,775.000,-1,-1,2,0,2,0,2,0,0,0,0,2,2,2,2,0,0,2,2
53,-10353.959,-389.403,-173.386,135.193,-0.709001,-0.704685,0.027141,0.704672,-0.709437,-0.011634,0.027454,0.010877,0.999564,0,0.84622,-0.29024,50.773,-0.580,-1,400.000,-1,400.000,-1,325.000,325.000,300.000,300.000,-1,-1,-1,-1,800.000,775.000,-1,-1,2,0,2,0,2,0,0,0,0,2,2,2,2,0,0,2,2
54,-10386.246,-356.676,-172.135,134.612,-0.701840,-0.711833,0.026706,0.711834,-0.702259,-0.011161,0.026699,0.011178,0.999581,0,0.76622,-0.29024,45.973,-0.580,-1,400.000,-1,400.000,-1,325.000,325.000,300.000,300.000,-1,-1,-1,-1,800.000,750.000,-1,-1,2,0,2,0,2,0,0,0,0,2,2,2,2,0,0,2,2
55,-10414.864,-327.074,-171.029,134.032,-0.694602,-0.718909,0.026439,0.718921,-0.695009,-0.010751,0.026105,0.011540,0.999593,0,0.68622,-0.29024,41.173,-0.580,-1,400.000,-1,400.000,-1,325.000,325.000,300.000,300.000,-1,-1,-1,-1,800.000,750.000,-1,-1,2,0,2,0,2,0,0,0,0,2,2,2,2,0,0,2,2
56,-10439.879,-300.669,-170.106,133.451,-0.687294,-0.725911,0.026076,0.725931,-0.687688,-0.010423,0.025498,0.011766,0.999606,0,0.60622,-0.29024,36.373,-0.580,-1,400.000,-1,400.000,-1,325.000,325.000,300.000,300.000,-1,-1,-1,-1,800.000,750.000,-1,-1,2,0,2,0,2,0,0,0,0,2,2,2,2,0,0,2,2
57,-10461.360,-277.529,-169.324,132.871,-0.679914,-0.732839,0.025782,0.732866,-0.680297,-0.010153,0.024980,0.011992,0.999616,0,0.52622,-0.29024,31.573,-0.580,-1,400.000,-1,400.000,-1,325.000,325.000,300.000,300.000,-1,-1,-1,-1,800.000,750.000,-1,-1,2,0,2,0,2,0,0,0,0,2,2,2,2,0,0,2,2
58,-10479.375,-257.723,-168.674,132.288,-0.672435,-0.739715,0.025549,0.739749,-0.672809,-0.009934,0.024538,0.012220,0.999624,0,0.44622,-0.29125,26.773,-0.583,-1,400.000,-1,400.000,-1,325.000,325.000,300.000,300.000,-1,-1,-1,-1,800.000,750.000,-1,-1,2,0,2,0,2,0,0,0,0,2,2,2,2,0,0,2,2
59,-10493.993,-241.318,-168.138,131.704,-0.664865,-0.746535,0.025315,0.746574,-0.665231,-0.009765,0.024130,0.012407,0.999632,0,0.36622,-0.29209,21.973,-0.584,-1,400.000,-1,400.000,-1,325.000,325.000,300.000,300.000,-1,-1,-1,-1,800.000,750.000,-1,-1,2,0,2,0,2,0,0,0,0,2,2,2,2,0,0,2,2
60,-10505.287,-228.380,-167.724,131.119,-0.657207,-0.753291,0.025140,0.753335,-0.657566,-0.009636,0.023790,0.012606,0.999638,0,0.28622,-0.29273,17.173,-0.585,-1,400.000,-1,400.000,-1,325.000,325.000,300.000,300.000,-1,-1,-1,-1,800.000,725.000,-1,-1,2,0,2,0,2,0,0,0,0,2,2,2,2,0,0,2,2
61,-10513.328,-218.976,-167.428,130.532,-0.649466,-0.759979,0.025029,0.760027,-0.649822,-0.009542,0.023516,0.012826,0.999641,0,0.20622,-0.29317,12.373,-0.586,-1,400.000,-1,400.000,-1,325.000,325.000,300.000,300.000,-1,-1,-1,-1,800.000,725.000,-1,-1,2,0,2,0,2,0,0,0,0,2,2,2,2,0,0,2,2
62,-10518.190,-213.170,-167.247,129.945,-0.641649,-0.766592,0.024980,0.766645,-0.642002,-0.009479,0.023304,0.013069,0.999643,0,0.12622,-0.29342,7.573,-0.587,-1,400.000,-1,400.000,-1,325.000,325.000,300.000,300.000,-1,-1,-1,-1,800.000,725.000,-1,-1,2,0,2,0,2,0,0,0,0,2,2,2,2,0,0,2,2
63,-10519.949,-211.025,-167.178,129.358,-0.633759,-0.773126,0.024994,0.773184,-0.634112,-0.009444,0.023150,0.013340,0.999643,0,0.04622,-0.29351,2.773,-0.587,-1,400.000,-1,400.000,-1,325.000,325.000,300.000,300.000,-1,-1,-1,-1,800.000,725.000,-1,-1,2,0,2,0,2,0,0,0,0,2,2,2,2,0,0,2,2
64,-10518.680,-212.606,-167.220,128.771,-0.625804,-0.779577,0.025069,0.779640,-0.626157,-0.009434,0.023052,0.013641,0.999641,0,-0.03378,-0.29343,-2.027,-0.587,-1,400.000,-1,400.000,-1,325.000,325.000,300.000,300.000,-1,-1,-1,-1,800.000,725.000,-1,-1,2,0,2,0,2,0,0,0,0,2,2,2,2,0,0,2,2
65,-10514.460,-217.971,-167.372,128.185,-0.617786,-0.785942,0.025209,0.786009,-0.618143,-0.009448,0.023008,0.013978,0.999638,0,-0.11378,-0.29322,-6.827,-0.586,-1,400.000,-1,400.000,-1,325.000,325.000,300.000,300.000,-1,-1,-1,-1,800.000,725.000,-1,-1,2,0,2,0,2,0,0,0,0,2,2,2,2,0,0,2,2
66,-10507.366,-227.183,-167.630,127.599,-0.609712,-0.792216,0.025399,0.792289,-0.610072,-0.009483,0.023008,0.014342,0.999632,0,-0.19378,-0.29289,-11.627,-0.586,-1,400.000,-1,400.000,-1,325.000,325.000,300.000,300.000,-1,-1,-1,-1,800.000,725.000,-1,-1,2,0,2,0,2,0,0,0,0,2,2,2,2,0,0,2,2
67,-10497.477,-240.300,-167.984,127.014,-0.601585,-0.798399,0.025588,0.798477,-0.601949,-0.009537,0.023017,0.014694,0.999627,0,-0.27378,-0.29246,-16.427,-0.585,-1,400.000,-1,400.000,-1,325.000,325.000,300.000,300.000,-1,-1,-1,-1,800.000,725.000,-1,-1,2,0,2,0,2,0,0,0,0,2,2,2,2,0,0,2,2
68,-10487.336,-254.040,-168.355,126.430,-0.593409,-0.804488,0.025791,0.804572,-0.593778,-0.009592,0.023031,0.015059,0.999621,0,-0.28462,-0.29197,-17.077,-0.584,-1,400.000,-1,400.000,-1,325.000,325.000,300.000,300.000,-1,-1,-1,-1,800.000,725.000,-1,-1,2,0,2,0,2,0,0,0,0,2,2,2,2,0,0,2,2
69,-10477.259,-267.988,-168.731,125.847,-0.585184,-0.810483,0.026004,0.810573,-0.585558,-0.009646,0.023044,0.015433,0.999615,0,-0.28679,-0.29150,-17.208,-0.583,-1,400.000,-1,400.000,-1,325.000,325.000,300.000,300.000,-1,-1,-1,-1,800.000,725.000,-1,-1,2,0,2,0,2,0,0,0,0,2,2,2,2,0,0,2,2
70,-10467.248,-282.146,-169.112,125.265,-0.576910,-0.816386,0.026226,0.816482,-0.577289,-0.009698,0.023057,0.015818,0.999609,0,-0.28899,-0.29109,-17.340,-0.582,-1,400.000,-1,400.000,-1,325.000,325.000,300.000,300.000,-1,-1,-1,-1,800.000,725.000,-1,-1,2,0,2,0,2,0,0,0,0,2,2,2,2,0,0,2,2
71,-10457.305,-296.514,-169.498,124.684,-0.568587,-0.822198,0.026457,0.822300,-0.568971,-0.009750,0.023070,0.016212,0.999602,0,-0.29122,-0.29073,-17.473,-0.581,-1,400.000,-1,400.000,-1,325.000,325.000,300.000,300.000,-1,-1,-1,-1,800.000,725.000,-1,-1,2,0,2,0,2,0,0,0,0,2,2,2,2,0,0,2,2
72,-10447.432,-311.095,-169.889,124.103,-0.560214,-0.827917,0.026699,0.828026,-0.560604,-0.009800,0.023081,0.016617,0.999595,0,-0.29348,-0.29041,-17.609,-0.581,-1,400.000,-1,400.000,-1,325.000,325.000,300.000,300.000,-1,-1,-1,-1,800.000,725.000,-1,-1,2,0,2,0,2,0,0,0,0,2,2,2,2,0,0,2,2
73,-10437.661,-325.845,-170.284,123.522,-0.551788,-0.833549,0.026949,0.833664,-0.552183,-0.009850,0.023091,0.017032,0.999588,0,-0.29488,-0.29024,-17.693,-0.580,-1,400.000,-1,400.000,-1,325.000,325.000,300.000,300.000,-1,-1,-1,-1,800.000,725.000,-1,-1,2,0,2,0,2,0,0,0,0,2,2,2,2,0,0,2,2
74,-10428.040,-340.693,-170.680,122.942,-0.543306,-0.839094,0.027208,0.839217,-0.543706,-0.009898,0.023098,0.017456,0.999581,0,-0.29488,-0.29024,-17.693,-0.580,-1,400.000,-1,400.000,-1,325.000,325.000,300.000,300.000,-1,-1,-1,-1,800.000,725.000,-1,-1,2,0,2,0,2,0,0,0,0,2,2,2,2,0,0,2,2
75,-10418.570,-355.638,-171.083,122.361,-0.534768,-0.844553,0.027453,0.844684,-0.535174,-0.009942,0.023089,0.017872,0.999574,0,-0.29488,-0.29024,-17.693,-0.580,-1,400.000,-1,400.000,-1,325.000,325.000,300.000,300.000,-1,-1,-1,-1,800.000,725.000,-1,-1,2,0,2,0,2,0,0,0,0,2,2,2,2,0,0,2,2
76,-10409.252,-370.678,-171.502,121.781,-0.526177,-0.849926,0.027624,0.850063,-0.526587,-0.009976,0.023025,0.018233,0.999569,0,-0.29488,-0.29024,-17.693,-0.580,-1,400.000,-1,400.000,-1,325.000,325.000,300.000,300.000,-1,-1,-1,-1,800.000,725.000,-1,-1,2,0,2,0,2,0,0,0,0,2,2,2,2,0,0,2,2
77,-10400.086,-385.811,-171.923,121.201,-0.517533,-0.855211,0.027802,0.855355,-0.517945,-0.010006,0.022957,0.018602,0.999563,0,-0.29488,-0.29024,-17.693,-0.580,-1,400.000,-1,400.000,-1,325.000,325.000,300.000,300.000,-1,-1,-1,-1,800.000,725.000,-1,-1,2,0,2,0,2,0,0,0,0,2,2,2,2,0,0,2,2
78,-10391.075,-401.037,-172.346,120.620,-0.508836,-0.860409,0.027984,0.860560,-0.509251,-0.010032,0.022883,0.018977,0.999558,0,-0.29488,-0.29024,-17.693,-0.580,-1,400.000,-1,400.000,-1,325.000,325.000,300.000,300.000,-1,-1,-1,-1,800.000,725.000,-1,-1,2,0,2,0,2,0,0,0,0,2,2,2,2,0,0,2,2
79,-10384.574,-412.171,-172.657,120.280,-0.503709,-0.863416,0.028116,0.863571,-0.504127,-0.010054,0.022854,0.019216,0.999554,0,-0.21488,-0.17024,-12.893,-0.340,-1,400.000,-1,400.000,-1,325.000,325.000,300.000,300.000,-1,-1,-1,-1,800.000,750.000,-1,-1,2,0,2,0,2,0,0,0,0,2,2,2,2,0,0,2,2
80,-10380.506,-419.166,-172.855,120.179,-0.502191,-0.864297,0.028191,0.864454,-0.502611,-0.010071,0.022874,0.019312,0.999552,0,-0.13488,-0.05024,-8.093,-0.100,-1,400.000,-1,400.000,-1,325.000,325.000,300.000,300.000,-1,-1,-1,-1,800.000,750.000,-1,-1,2,0,2,0,2,0,0,0,0,2,2,2,2,0,0,2,2
81,-10378.844,-422.009,-172.939,120.319,-0.504294,-0.863071,0.028210,0.863227,-0.504715,-0.010086,0.022943,0.019265,0.999551,0,-0.05488,0.06976,-3.293,0.140,-1,400.000,-1,400.000,-1,325.000,325.000,300.000,300.000,-1,-1,-1,-1,800.000,750.000,-1,-1,2,0,2,0,2,0,0,0,0,2,2,2,2,0,0,2,2
82,-10379.613,-420.713,-172.906,120.698,-0.510001,-0.859712,0.028173,0.859865,-0.510422,-0.010097,0.023061,0.019075,0.999552,0,0.02512,0.18976,1.507,0.380,-1,400.000,-1,400.000,-1,325.000,325.000,300.000,300.000,-1,-1,-1,-1,800.000,750.000,-1,-1,2,0,2,0,2,0,0,0,0,2,2,2,2,0,0,2,2
83,-10382.892,-415.324,-172.757,121.318,-0.519270,-0.854148,0.028081,0.854294,-0.519691,-0.010103,0.023223,0.018744,0.999555,0,0.10512,0.30976,6.307,0.620,-1,400.000,-1,400.000,-1,325.000,325.000,300.000,300.000,-1,-1,-1,-1,800.000,750.000,-1,-1,2,0,2,0,2,0,0,0,0,2,2,2,2,0,0,2,2
84,-10388.807,-405.923,-172.489,122.177,-0.532031,-0.846264,0.027940,0.846401,-0.532450,-0.010099,0.023423,0.018276,0.999559,0,0.18512,0.42976,11.107,0.860,-1,400.000,-1,400.000,-1,325.000,325.000,300.000,300.000,-1,-1,-1,-1,800.000,750.000,-1,-1,2,0,2,0,2,0,0,0,0,2,2,2,2,0,0,2,2
85,-10397.535,-392.624,-172.101,123.277,-0.548180,-0.835900,0.027756,0.836026,-0.548597,-0.010081,0.023653,0.017678,0.999564,0,0.26512,0.54976,15.907,1.100,-1,400.000,-1,400.000,-1,325.000,325.000,300.000,300.000,-1,-1,-1,-1,800.000,750.000,-1,-1,2,0,2,0,2,0,0,0,0,2,2,2,2,0,0,2,2
86,-10409.257,-375.554,-171.592,124.480,-0.565616,-0.824209,0.027543,0.824324,-0.566030,-0.010038,0.023864,0.017026,0.999570,0,0.34512,0.60141,20.707,1.203,-1,400.000,-1,400.000,-1,325.000,325.000,300.000,300.000,-1,-1,-1,-1,800.000,750.000,-1,-1,2,0,2,0,2,0,0,0,0,2,2,2,2,0,0,2,2
87,-10424.135,-354.836,-170.982,125.682,-0.582806,-0.812155,0.027212,0.812258,-0.583214,-0.009957,0.023957,0.016301,0.999580,0,0.42512,0.60141,25.507,1.203,-1,400.000,-1,400.000,-1,325.000,325.000,300.000,300.000,-1,-1,-1,-1,800.000,750.000,-1,-1,2,0,2,0,2,0,0,0,0,2,2,2,2,0,0,2,2
88,-10442.326,-330.594,-170.274,126.885,-0.599744,-0.799744,0.026776,0.799834,-0.600141,-0.009839,0.023938,0.015516,0.999593,0,0.50512,0.60141,30.307,1.203,-1,400.000,-1,400.000,-1,325.000,325.000,300.000,300.000,-1,-1,-1,-1,800.000,750.000,-1,-1,2,0,2,0,2,0,0,0,0,2,2,2,2,0,0,2,2
89,-10463.982,-302.963,-169.458,128.088,-0.616419,-0.786979,0.026315,0.787057,-0.616804,-0.009688,0.023855,0.014739,0.999607,0,0.58512,0.60141,35.107,1.203,-1,400.000,-1,400.000,-1,325.000,325.000,300.000,300.000,-1,-1,-1,-1,800.000,750.000,-1,-1,2,0,2,0,2,0,0,0,0,2,2,2,2,0,0,2,2
90,-10488.561,-272.922,-168.565,129.290,-0.632816,-0.773870,0.025850,0.773938,-0.633190,-0.009508,0.023726,0.013989,0.999621,0,0.64690,0.60121,38.814,1.202,-1,400.000,-1,400.000,-1,325.000,325.000,300.000,300.000,-1,-1,-1,-1,800.000,725.000,-1,-1,2,0,2,0,2,0,0,0,0,2,2,2,2,0,0,2,2
91,-10513.954,-243.181,-167.679,130.491,-0.648906,-0.760444,0.025419,0.760503,-0.649268,-0.009320,0.023591,0.013283,0.999633,0,0.65178,0.60014,39.107,1.200,-1,400.000,-1,400.000,-1,325.000,325.000,300.000,300.000,-1,-1,-1,-1,800.000,725.000,-1,-1,2,0,2,0,2,0,0,0,0,2,2,2,2,0,0,2,2
92,-10540.156,-213.761,-166.760,131.688,-0.664680,-0.746715,0.024830,0.746764,-0.665027,-0.009131,0.023331,0.012473,0.999650,0,0.65661,0.59881,39.397,1.198,-1,400.000,-1,400.000,-1,325.000,325.000,300.000,300.000,-1,-1,-1,-1,800.000,725.000,-1,-1,2,0,2,0,2,0,0,0,0,2,2,2,2,0,0,2,2
93,-10567.160,-184.683,-165.847,132.883,-0.680122,-0.732697,0.024261,0.732736,-0.680454,-0.008941,0.023059,0.011696,0.999666,0,0.66138,0.59722,39.683,1.194,-1,400.000,-1,400.000,-1,325.000,325.000,300.000,300.000,-1,-1,-1,-1,800.000,725.000,-1,-1,2,0,2,0,2,0,0,0,0,2,2,2,2,0,0,2,2
94,-10594.958,-155.971,-164.908,134.074,-0.695225,-0.718406,0.023559,0.718434,-0.695540,-0.008762,0.022681,0.010834,0.999684,0,0.66607,0.59536,39.964,1.191,-1,400.000,-1,400.000,-1,325.000,325.000,300.000,300.000,-1,-1,-1,-1,800.000,725.000,-1,-1,2,0,2,0,2,0,0,0,0,2,2,2,2,0,0,2,2
95,-10623.541,-127.647,-163.977,135.260,-0.709974,-0.703856,0.022884,0.703875,-0.710272,-0.008587,0.022298,0.010011,0.999701,0,0.67066,0.59322,40.240,1.186,-1,400.000,-1,400.000,-1,325.000,325.000,300.000,300.000,-1,-1,-1,-1,800.000,725.000,-1,1000.000,2,0,2,0,2,0,0,0,0,2,2,2,2,0,0,2,1
96,-10652.896,-99.732,-163.057,136.442,-0.724359,-0.689065,0.022237,0.689075,-0.724641,-0.008415,0.021913,0.009227,0.999717,0,0.67514,0.59080,40.508,1.182,-1,400.000,-1,375.000,1000.000,325.000,325.000,300.000,300.000,-1,-1,-1,-1,800.000,725.000,-1,975.000,2,0,2,0,1,0,0,0,0,2,2,2,2,0,0,2,1
97,-10683.010,-72.251,-162.148,137.618,-0.738370,-0.674050,0.021619,0.674052,-0.738637,-0.008245,0.021527,0.008484,0.999732,0,0.67948,0.58808,40.769,1.176,-1,400.000,-1,375.000,950.000,325.000,325.000,300.000,300.000,-1,-1,-1,-1,800.000,725.000,-1,950.000,2,0,2,0,1,0,0,0,0,2,2,2,2,0,0,2,1
98,-10713.867,-45.226,-161.136,138.788,-0.751998,-0.658831,0.021006,0.658815,-0.752255,-0.008627,0.021485,0.007351,0.999742,0,0.68366,0.58507,41.019,1.170,-1,400.000,-1,375.000,875.000,325.000,325.000,300.000,300.000,-1,-1,-1,-1,800.000,725.000,-1,925.000,2,0,2,0,1,0,0,0,0,2,2,2,2,0,0,2,1
99,-10745.451,-18.678,-160.134,139.951,-0.765236,-0.643425,0.020445,0.643392,-0.765484,-0.009021,0.021455,0.006250,0.999750,0,0.68765,0.58175,41.259,1.163,-1,400.000,-1,375.000,850.000,325.000,325.000,300.000,300.000,-1,-1,-1,-1,800.000,725.000,-1,900.000,2,0,2,0,1,0,0,0,0,2,2,2,2,0,0,2,1
100,-10777.741,7.370,-159.148,141.108,-0.778078,-0.627851,0.019937,0.627802,-0.778316,-0.009412,0.021427,0.005193,0.999757,0,0.69144,0.57812,41.487,1.156,-1,400.000,-1,375.000,800.000,325.000,325.000,300.000,300.000,-1,-1,-1,-1,800.000,725.000,-1,875.000,2,0,2,0,1,0,0,0,0,2,2,2,2,0,0,2,1
101,-10810.716,32.896,-158.171,142.256,-0.790517,-0.612130,0.019484,0.612065,-0.790746,-0.009829,0.021424,0.004155,0.999762,0,0.69500,0.57417,41.700,1.148,-1,400.000,-1,375.000,775.000,325.000,325.000,300.000,300.000,-1,-1,-1,-1,800.000,725.000,-1,850.000,2,0,2,0,1,0,0,0,0,2,2,2,2,0,0,2,1
102,-10844.351,57.880,-157.203,143.396,-0.802549,-0.596281,0.019087,0.596201,-0.802769,-0.010270,0.021447,0.003137,0.999765,0,0.69830,0.56991,41.898,1.140,-1,400.000,-1,375.000,750.000,325.000,325.000,300.000,300.000,-1,-1,-1,-1,800.000,725.000,-1,825.000,2,0,2,0,1,0,0,0,0,2,2,2,2,0,0,2,1
103,-10878.619,82.299,-156.237,144.526,-0.814168,-0.580326,0.018745,0.580232,-0.814381,-0.010678,0.021462,0.002182,0.999767,0,0.70132,0.56532,42.079,1.131,-1,400.000,-1,375.000,700.000,325.000,325.000,300.000,300.000,-1,-1,-1,-1,800.000,725.000,-1,800.000,2,0,2,0,1,0,0,0,0,2,2,2,2,0,0,2,1
104,-10913.492,106.135,-155.234,145.647,-0.825373,-0.564286,0.018440,0.564183,-0.825578,-0.010852,0.021347,0.001446,0.999771,0,0.70401,0.56041,42.241,1.121,-1,400.000,-1,375.000,675.000,325.000,325.000,300.000,300.000,-1,-1,-1,-1,800.000,725.000,-1,775.000,2,0,2,0,1,0,0,0,0,2,2,2,2,0,0,2,1
105,-10948.939,129.368,-154.255,146.758,-0.836161,-0.548182,0.018188,0.548070,-0.836359,-0.011098,0.021295,0.000688,0.999773,0,0.70637,0.55518,42.382,1.110,-1,400.000,-1,375.000,650.000,325.000,325.000,300.000,300.000,-1,-1,-1,-1,825.000,725.000,-1,775.000,2,0,2,0,1,0,0,0,0,2,2,2,2,0,0,2,1
106,-10984.925,151.980,-153.329,147.857,-0.846530,-0.532036,0.018009,0.531911,-0.846721,-0.011560,0.021399,-0.000206,0.999771,0,0.70835,0.54963,42.501,1.099,-1,400.000,-1,375.000,650.000,325.000,325.000,300.000,300.000,-1,-1,-1,-1,825.000,725.000,-1,750.000,2,0,2,0,1,0,0,0,0,2,2,2,2,0,0,2,1
107,-11024.283,175.896,-152.337,148.716,-0.854418,-0.519279,0.017857,0.519139,-0.854604,-0.012069,0.021528,-0.001042,0.999768,0,0.76757,0.42963,46.054,0.859,-1,400.000,-1,375.000,625.000,325.000,325.000,300.000,300.000,-1,-1,-1,-1,825.000,750.000,-1,750.000,2,0,2,0,1,0,0,0,0,2,2,2,2,0,1,2,1
108,-11063.979,199.432,-151.363,149.335,-0.859985,-0.510011,0.017702,0.509859,-0.860166,-0.012601,0.021654,-0.001811,0.999764,0,0.76914,0.30963,46.148,0.619,-1,400.000,-1,375.000,600.000,325.000,325.000,300.000,300.000,-1,-1,-1,-1,825.000,750.000,-1,725.000,2,0,2,0,1,0,0,0,0,2,2,2,2,0,1,2,1
109,-11103.916,222.722,-150.513,149.751,-0.863676,-0.503760,0.017004,0.503591,-0.863839,-0.013365,0.021421,-0.002980,0.999766,0,0.77053,0.20772,46.232,0.415,-1,400.000,-1,375.000,550.000,325.000,325.000,300.000,300.000,-1,-1,-1,-1,825.000,725.000,-1,700.000,2,0,2,0,1,0,0,0,0,2,2,2,2,0,1,2,1
110,-11144.079,245.766,-149.672,150.154,-0.867214,-0.497667,0.016354,0.497483,-0.867359,-0.014130,0.021217,-0.004118,0.999766,0,0.77174,0.20159,46.305,0.403,-1,400.000,-1,400.000,550.000,325.000,325.000,300.000,300.000,-1,-1,-1,-1,825.000,700.000,-1,675.000,2,0,2,0,1,0,0,0,0,2,2,2,2,0,1,2,1
111,-11184.441,268.561,-148.840,150.544,-0.870598,-0.491742,0.015755,0.491544,-0.870725,-0.014896,0.021043,-0.005224,0.999765,0,0.77257,0.19521,46.354,0.390,-1,400.000,-1,400.000,525.000,325.000,325.000,300.000,300.000,-1,-1,-1,-1,850.000,700.000,-1,650.000,2,0,2,0,1,0,0,0,0,2,2,2,2,0,1,2,1
112,-11224.974,291.101,-147.914,150.922,-0.873837,-0.485996,0.014758,0.485783,-0.873936,-0.015843,0.020597,-0.006675,0.999766,0,0.77298,0.18858,46.379,0.377,-1,400.000,-1,400.000,500.000,325.000,325.000,300.000,300.000,-1,-1,-1,-1,850.000,675.000,-1,625.000,2,0,2,0,1,0,0,0,0,2,2,2,2,0,1,2,1
113,-11265.649,313.384,-146.985,151.285,-0.876921,-0.480437,0.013756,0.480212,-0.876991,-0.016816,0.020143,-0.008141,0.999764,0,0.77297,0.18171,46.378,0.363,-1,400.000,-1,400.000,475.000,325.000,325.000,300.000,300.000,-1,-1,-1,-1,850.000,650.000,-1,600.000,2,0,2,0,1,0,0,0,0,2,2,2,2,0,1,2,1
114,-11306.434,335.404,-146.058,151.634,-0.879852,-0.475077,0.012769,0.474840,-0.879892,-0.017806,0.019695,-0.009603,0.999760,0,0.77250,0.17461,46.350,0.349,-1,400.000,-1,400.000,450.000,325.000,325.000,300.000,300.000,-1,-1,-1,-1,850.000,625.000,-1,575.000,2,0,2,0,1,0,0,0,0,2,2,2,2,0,1,2,1
115,-11347.297,357.160,-145.258,151.969,-0.882628,-0.469926,0.011690,0.469692,-0.882642,-0.018229,0.018884,-0.010599,0.999765,0,0.77157,0.16729,46.294,0.335,-1,400.000,-1,400.000,425.000,325.000,325.000,300.000,300.000,-1,-1,-1,-1,850.000,625.000,-1,550.000,2,0,2,0,1,0,0,0,0,2,2,2,2,0,1,2,1
116,-11388.207,378.649,-144.468,152.288,-0.885252,-0.464991,0.010613,0.464761,-0.885240,-0.018630,0.018058,-0.011559,0.999770,0,0.77016,0.15978,46.210,0.320,-1,400.000,-1,400.000,400.000,325.000,325.000,300.000,300.000,-1,-1,-1,-1,850.000,600.000,-1,525.000,2,0,2,0,1,0,0,0,0,2,2,2,2,0,1,2,1
117,-11429.129,399.868,-143.681,152.593,-0.887723,-0.460280,0.009547,0.460056,-0.887686,-0.019048,0.017242,-0.012517,0.999773,0,0.76827,0.15208,46.096,0.304,-1,400.000,-1,375.000,375.000,325.000,325.000,300.000,300.000,-1,-1,-1,-1,850.000,575.000,-1,475.000,2,0,2,0,1,0,0,0,0,2,2,2,2,0,1,2,1
118,-11470.031,420.815,-142.894,152.881,-0.890042,-0.455799,0.008508,0.455582,-0.889981,-0.019474,0.016448,-0.013457,0.999774,0,0.76590,0.14424,45.954,0.288,-1,400.000,-1,375.000,375.000,325.000,325.000,300.000,300.000,-1,-1,-1,-1,850.000,575.000,-1,450.000,2,0,2,0,1,0,0,0,0,2,2,2,2,0,1,2,1
119,-11510.879,441.490,-142.015,153.154,-0.892207,-0.451557,0.007934,0.451344,-0.892132,-0.019708,0.015977,-0.014003,0.999774,0,0.76304,0.13627,45.782,0.273,-1,400.000,-1,375.000,350.000,325.000,325.000,300.000,300.000,-1,-1,-1,-1,850.000,550.000,-1,425.000,2,0,2,0,1,0,0,0,0,2,2,2,2,0,1,2,1
120,-11551.641,461.893,-141.141,153.410,-0.894225,-0.447556,0.007367,0.447348,-0.894138,-0.019953,0.015517,-0.014547,0.999774,0,0.75971,0.12822,45.583,0.256,-1,400.000,-1,375.000,325.000,325.000,325.000,300.000,300.000,-1,-1,-1,-1,850.000,525.000,-1,400.000,2,0,2,0,1,0,0,0,0,2,2,2,2,0,1,2,1
121,-11592.284,482.024,-140.271,153.650,-0.896100,-0.443800,0.006809,0.443596,-0.895999,-0.020207,0.015069,-0.015087,0.999773,0,0.75593,0.12012,45.356,0.240,-1,400.000,-1,375.000,300.000,325.000,325.000,300.000,300.000,-1,-1,-1,-1,850.000,525.000,-1,375.000,2,0,2,0,1,0,0,0,0,2,2,2,2,0,1,2,1
122,-11632.780,501.885,-139.406,153.874,-0.897834,-0.440289,0.006259,0.440090,-0.897720,-0.020471,0.014632,-0.015625,0.999771,0,0.75173,0.11201,45.104,0.224,-1,400.000,-1,375.000,275.000,325.000,325.000,300.000,300.000,-1,-1,-1,-1,875.000,500.000,-1,350.000,2,0,2,0,1,0,0,0,1,2,2,2,2,0,1,2,1
123,-11673.102,521.474,-138.626,154.090,-0.899490,-0.436903,0.005808,0.436702,-0.899358,-0.021142,0.014460,-0.016481,0.999760,0,0.74713,0.10778,44.828,0.216,-1,400.000,-1,400.000,250.000,325.000,325.000,300.000,275.000,-1,-1,-1,-1,875.000,500.000,-1,325.000,2,0,2,1,1,0,0,0,1,2,2,2,2,0,1,2,1
124,-11713.227,540.783,-137.896,154.301,-0.901101,-0.433575,0.005418,0.433369,-0.900947,-0.022047,0.014440,-0.017518,0.999742,0,0.74217,0.10565,44.530,0.211,-1,425.000,-1,375.000,250.000,325.000,325.000,300.000,275.000,-1,-1,-1,-1,875.000,500.000,-1,300.000,2,0,2,1,1,0,0,0,1,2,2,2,2,0,1,2,1
125,-11753.136,559.811,-137.335,154.509,-0.902679,-0.430294,0.004254,0.430091,-0.902484,-0.023327,0.013877,-0.019227,0.999719,0,0.73687,0.10381,44.212,0.208,-1,425.000,-1,375.000,225.000,325.000,325.000,300.000,250.000,-1,-1,-1,-1,900.000,500.000,-1,275.000,2,0,2,1,1,0,0,0,1,2,2,2,2,0,1,2,1
126,-11792.809,578.552,-136.847,154.713,-0.904223,-0.427052,0.002781,0.426860,-0.903978,-0.024764,0.013090,-0.021205,0.999689,0,0.73128,0.10229,43.877,0.205,-1,425.000,-1,350.000,200.000,325.000,325.000,300.000,250.000,-1,-1,-1,-1,900.000,500.000,-1,250.000,2,0,2,1,1,0,0,0,1,2,2,2,2,0,1,2,1
127,-11832.232,597.006,-136.362,154.915,-0.905735,-0.423842,0.001325,0.423665,-0.905440,-0.026202,0.012305,-0.023170,0.999656,0,0.72547,0.10106,43.528,0.202,-1,425.000,-1,350.000,175.000,325.000,325.000,300.000,225.000,-1,-1,-1,-1,900.000,500.000,-1,225.000,2,0,2,1,1,0,0,0,1,2,2,2,2,0,1,2,1
128,-11875.812,617.123,-135.841,155.220,-0.907987,-0.418998,-0.000224,0.418842,-0.907634,-0.027786,0.011439,-0.025323,0.999614,0,0.79999,0.15238,47.999,0.305,-1,425.000,-1,350.000,150.000,325.000,325.000,300.000,225.000,-1,-1,-1,-1,900.000,500.000,-1,200.000,2,0,2,1,1,0,0,0,1,2,2,2,2,0,1,2,1
129,-11919.389,636.975,-133.728,155.506,-0.910110,-0.414367,0.000768,0.414056,-0.909496,-0.037074,0.016060,-0.033423,0.999312,0,0.79809,0.14289,47.886,0.286,-1,425.000,-1,350.000,150.000,350.000,350.000,275.000,200.000,-1,-1,-1,-1,950.000,575.000,-1,200.000,2,0,2,1,1,0,0,0,1,2,2,2,2,0,1,2,1
130,-11962.915,656.557,-130.744,155.772,-0.912100,-0.409957,0.002868,0.409307,-0.911005,-0.050372,0.023263,-0.044770,0.998726,0,0.79546,0.13301,47.728,0.266,-1,450.000,-1,350.000,150.000,350.000,350.000,275.000,200.000,-1,-1,-1,-1,1000.000,-1,-1,225.000,2,0,2,1,1,0,1,0,1,2,2,2,2,0,2,2,1
131,-12006.338,675.870,-128.376,156.017,-0.913921,-0.405869,0.004331,0.404881,-0.912345,-0.060806,0.028631,-0.053818,0.998140,0,0.79207,0.12275,47.524,0.246,-1,450.000,-1,375.000,175.000,375.000,375.000,275.000,200.000,-1,700.000,-1,-1,-1,-1,-1,300.000,2,0,2,1,1,0,1,0,1,2,0,2,2,2,2,2,1
132,-12054.326,696.727,-126.425,156.503,-0.917392,-0.397948,0.005405,0.396654,-0.915349,-0.069292,0.032522,-0.061424,0.997582,0,0.87207,0.24275,52.324,0.486,-1,475.000,-1,400.000,175.000,400.000,375.000,275.000,175.000,-1,475.000,-1,-1,-1,-1,-1,-1,2,0,2,1,1,0,1,0,1,2,0,2,2,2,2,2,2
133,-12106.999,718.834,-124.951,157.229,-0.922398,-0.386197,0.005809,0.384725,-0.920007,-0.074658,0.034177,-0.066629,0.997192,0,0.95207,0.36275,57.124,0.726,-1,475.000,-1,450.000,225.000,400.000,400.000,275.000,175.000,975.000,375.000,925.000,-1,-1,-1,-1,-1,2,0,2,1,1,0,1,0,1,0,0,0,2,2,2,2,2
134,-12159.687,740.172,-124.080,157.951,-0.927216,-0.374489,0.005444,0.372993,-0.924632,-0.077014,0.033874,-0.069378,0.997015,0,0.94742,0.36144,56.845,0.723,-1,500.000,-1,550.000,-1,400.000,400.000,275.000,150.000,950.000,350.000,950.000,-1,-1,-1,-1,-1,2,0,2,0,2,0,1,0,1,0,0,0,2,2,2,2,2
135,-12212.073,760.655,-123.795,158.644,-0.931672,-0.363276,0.004308,0.361898,-0.929049,-0.076799,0.031902,-0.069992,0.997037,0,0.93748,0.34608,56.249,0.692,-1,500.000,-1,550.000,-1,400.000,425.000,275.000,150.000,975.000,400.000,-1,-1,-1,-1,-1,-1,2,0,2,0,2,0,0,0,1,0,0,2,2,2,2,2,2
