timestep,x_cm,y_cm,z_cm,yaw_deg,basis_xx,basis_xy,basis_xz,basis_yx,basis_yy,basis_yz,basis_zx,basis_zy,basis_zz,teleport_flag,throttle_cmd,steering_cmd,cmd_move_cm,cmd_turn_deg,lidar_cm_0,lidar_cm_1,lidar_cm_2,lidar_cm_3,lidar_cm_4,lidar_cm_5,lidar_cm_6,lidar_cm_7,lidar_cm_8,lidar_cm_9,lidar_cm_10,lidar_cm_11,lidar_cm_12,lidar_cm_13,lidar_cm_14,lidar_cm_15,lidar_cm_16,lidar_class_0,lidar_class_1,lidar_class_2,lidar_class_3,lidar_class_4,lidar_class_5,lidar_class_6,lidar_class_7,lidar_class_8,lidar_class_9,lidar_class_10,lidar_class_11,lidar_class_12,lidar_class_13,lidar_class_14,lidar_class_15,lidar_class_16
0,1644.152,-8857.179,-361.949,-26.264,0.894807,0.441532,-0.066101,-0.444569,0.894798,-0.041178,0.040966,0.066233,0.996963,1,0.08000,-0.05828,4.800,-0.117,-1,400.000,-1,350.000,425.000,300.000,300.000,425.000,250.000,500.000,0.000,75.000,-1,750.000,600.000,-1,525.000,2,0,2,0,1,0,0,0,0,1,1,1,2,0,0,2,1
1,1652.751,-8861.447,-361.919,-26.384,0.893785,0.443490,-0.066815,-0.446427,0.894027,-0.037677,0.043025,0.063504,0.997054,0,0.16000,-0.06021,9.600,-0.120,-1,400.000,-1,350.000,425.000,300.000,300.000,400.000,250.000,525.000,0.000,100.000,-1,750.000,625.000,-1,525.000,2,0,2,0,1,0,0,0,0,1,1,1,2,0,1,2,1
2,1665.636,-8867.878,-361.833,-26.512,0.892664,0.445599,-0.067771,-0.448370,0.893253,-0.032629,0.045998,0.059513,0.997167,0,0.24000,-0.06407,14.400,-0.128,-1,400.000,-1,350.000,425.000,300.000,300.000,400.000,275.000,525.000,0.000,100.000,-1,750.000,625.000,-1,525.000,2,0,2,0,1,0,0,0,0,1,1,1,2,0,1,2,1
3,1679.962,-8875.072,-361.706,-26.652,0.891441,0.447887,-0.068779,-0.450458,0.892383,-0.027188,0.049200,0.055219,0.997261,0,0.26718,-0.06988,16.031,-0.140,-1,400.000,-1,350.000,425.000,325.000,300.000,375.000,275.000,550.000,0.000,100.000,-1,750.000,625.000,-1,525.000,2,0,2,0,1,0,0,0,0,1,1,1,2,0,1,2,1
4,1694.460,-8882.400,-361.547,-26.805,0.890116,0.450364,-0.069758,-0.452719,0.891385,-0.021847,0.052342,0.051027,0.997325,0,0.27073,-0.07636,16.244,-0.153,-1,400.000,-1,375.000,400.000,325.000,300.000,375.000,275.000,550.000,25.000,100.000,-1,775.000,600.000,-1,500.000,2,0,2,0,1,0,0,0,0,1,1,1,2,0,1,2,1
5,1709.132,-8889.869,-361.356,-26.971,0.888685,0.453034,-0.070703,-0.455157,0.890256,-0.016611,0.055418,0.046943,0.997359,0,0.27439,-0.08294,16.463,-0.166,-1,400.000,-1,375.000,400.000,325.000,300.000,350.000,275.000,575.000,25.000,100.000,-1,775.000,600.000,-1,500.000,2,0,2,0,1,0,0,0,0,1,1,1,2,0,1,2,1
6,1723.981,-8897.487,-361.131,-27.150,0.887146,0.455899,-0.071612,-0.457776,0.888993,-0.011488,0.058425,0.042974,0.997366,0,0.27815,-0.08963,16.689,-0.179,-1,400.000,-1,375.000,400.000,325.000,300.000,350.000,275.000,600.000,25.000,100.000,-1,775.000,600.000,-1,500.000,2,0,2,0,1,0,0,0,0,1,1,1,2,0,1,2,1
7,1739.011,-8905.261,-360.869,-27.343,0.885495,0.458961,-0.072479,-0.460580,0.887594,-0.006485,0.061356,0.039125,0.997349,0,0.28201,-0.09643,16.921,-0.193,-1,400.000,-1,375.000,400.000,325.000,325.000,350.000,275.000,600.000,25.000,100.000,-1,775.000,600.000,-1,500.000,2,0,2,0,1,0,0,0,0,1,1,1,2,0,1,2,1
8,1754.224,-8913.200,-360.569,-27.549,0.883728,0.462224,-0.073302,-0.463575,0.886056,-0.001610,0.064206,0.035403,0.997308,0,0.28598,-0.10333,17.159,-0.207,-1,400.000,-1,375.000,375.000,325.000,325.000,325.000,275.000,625.000,25.000,100.000,-1,800.000,575.000,-1,475.000,2,0,2,0,1,0,0,0,0,1,1,1,2,0,1,2,1
9,1769.623,-8921.310,-360.229,-27.770,0.881842,0.465690,-0.074077,-0.466765,0.884376,0.003128,0.066969,0.031818,0.997248,0,0.29006,-0.11035,17.404,-0.221,-1,400.000,-1,400.000,375.000,325.000,325.000,325.000,300.000,650.000,25.000,100.000,-1,800.000,575.000,-1,475.000,2,0,2,0,1,0,0,0,0,1,1,1,2,0,1,2,1
10,1785.210,-8929.602,-359.846,-28.005,0.879832,0.469361,-0.074801,-0.470155,0.882550,0.007717,0.069638,0.028378,0.997169,0,0.29426,-0.11748,17.655,-0.235,-1,400.000,-1,400.000,375.000,325.000,325.000,325.000,300.000,675.000,25.000,100.000,-1,800.000,575.000,-1,450.000,2,0,2,0,1,0,0,0,0,1,1,1,2,0,1,2,1
11,1800.990,-8938.084,-359.072,-28.255,0.877731,0.473224,-0.075153,-0.473851,0.880544,0.010392,0.071093,0.026490,0.997118,0,0.29857,-0.12474,17.914,-0.249,-1,400.000,-1,400.000,350.000,325.000,325.000,300.000,300.000,700.000,25.000,125.000,-1,800.000,575.000,-1,450.000,2,0,2,0,1,0,0,0,0,1,1,1,2,0,1,2,1
12,1816.964,-8946.763,-357.782,-28.519,0.875552,0.477278,-0.074935,-0.477907,0.878348,0.010454,0.070808,0.026659,0.997134,0,0.30300,-0.13211,18.180,-0.264,-1,400.000,-1,400.000,350.000,325.000,325.000,300.000,300.000,775.000,50.000,125.000,-1,800.000,550.000,-1,425.000,2,0,2,0,1,0,0,0,0,1,1,1,2,0,1,2,1
13,1833.134,-8955.653,-356.481,-28.798,0.873229,0.481550,-0.074706,-0.482183,0.876007,0.010510,0.070504,0.026844,0.997150,0,0.30755,-0.13961,18.453,-0.279,-1,400.000,-1,400.000,325.000,325.000,325.000,300.000,300.000,825.000,75.000,150.000,-1,800.000,550.000,-1,425.000,2,0,2,0,1,0,0,0,0,1,1,1,2,0,1,2,1
14,1849.504,-8964.761,-355.167,-29.093,0.870756,0.486043,-0.074475,-0.486681,0.873516,0.010556,0.070186,0.027054,0.997167,0,0.31222,-0.14724,18.733,-0.294,-1,400.000,-1,400.000,325.000,325.000,325.000,300.000,300.000,900.000,100.000,175.000,-1,800.000,525.000,-1,400.000,2,0,2,0,1,0,0,0,0,1,1,1,2,0,1,2,1
15,1866.075,-8974.099,-353.839,-29.403,0.868127,0.490759,-0.074242,-0.491403,0.870868,0.010590,0.069852,0.027290,0.997184,0,0.31702,-0.15500,19.021,-0.310,-1,400.000,-1,400.000,300.000,325.000,325.000,300.000,300.000,975.000,125.000,175.000,-1,800.000,525.000,-1,375.000,2,0,2,0,1,0,0,0,0,1,1,1,2,0,1,2,1
16,1882.850,-8983.678,-352.507,-29.728,0.865339,0.495700,-0.073960,-0.496349,0.868058,0.010630,0.069471,0.027511,0.997205,0,0.32195,-0.16289,19.317,-0.326,-1,400.000,-1,400.000,300.000,325.000,325.000,300.000,300.000,-1,125.000,200.000,-1,800.000,500.000,-1,375.000,2,0,2,0,1,0,0,0,0,2,1,1,2,0,1,2,1
17,1899.830,-8993.510,-351.202,-30.070,0.862399,0.500869,-0.073476,-0.501513,0.865083,0.010736,0.068940,0.027591,0.997239,0,0.32702,-0.17092,19.621,-0.342,-1,400.000,-1,400.000,275.000,325.000,325.000,300.000,300.000,-1,150.000,225.000,-1,800.000,500.000,-1,350.000,2,0,2,0,1,0,0,0,0,2,1,1,2,0,1,2,1
18,1920.839,-9005.960,-349.589,-30.652,0.857303,0.509623,-0.072903,-0.510272,0.859945,0.010841,0.068217,0.027906,0.997280,0,0.40702,-0.29092,24.421,-0.582,-1,400.000,-1,400.000,275.000,325.000,325.000,300.000,300.000,-1,175.000,250.000,-1,800.000,475.000,-1,325.000,2,0,2,1,1,0,0,0,0,2,1,1,2,0,1,2,1
19,1945.761,-9021.216,-347.673,-31.474,0.849943,0.521897,-0.072255,-0.522559,0.852533,0.010920,0.067299,0.028476,0.997326,0,0.48702,-0.41092,29.221,-0.822,-1,400.000,-1,375.000,250.000,325.000,325.000,300.000,300.000,-1,200.000,275.000,-1,800.000,450.000,-1,300.000,2,0,2,1,1,0,0,0,0,2,1,1,2,0,1,2,1
20,1971.339,-9037.515,-345.702,-32.507,0.840428,0.537169,-0.071628,-0.537857,0.842965,0.010946,0.066260,0.029326,0.997371,0,0.50549,-0.51650,30.329,-1.033,-1,400.000,-1,350.000,225.000,325.000,325.000,300.000,300.000,-1,250.000,275.000,-1,800.000,425.000,-1,275.000,2,0,2,1,1,0,0,0,0,2,1,1,2,0,1,2,1
21,2000.036,-9056.455,-343.479,-33.424,0.831760,0.550582,-0.070962,-0.551294,0.834240,0.010899,0.065200,0.030056,0.997419,0,0.57307,-0.45861,34.384,-0.917,-1,400.000,-1,325.000,200.000,325.000,325.000,300.000,300.000,-1,275.000,325.000,-1,800.000,400.000,-1,250.000,2,0,2,1,1,0,0,0,1,2,1,1,2,0,1,2,1
22,2028.800,-9076.123,-341.244,-34.365,0.822639,0.564195,-0.070352,-0.564937,0.825064,0.010777,0.064125,0.030879,0.997464,0,0.58075,-0.47053,34.845,-0.941,-1,400.000,-1,325.000,175.000,325.000,325.000,300.000,300.000,-1,325.000,350.000,-1,800.000,375.000,-1,200.000,2,0,2,1,1,0,0,0,1,2,1,1,2,0,1,2,1
23,2057.611,-9096.545,-339.014,-35.330,0.813041,0.577998,-0.069872,-0.578779,0.815416,0.010558,0.063077,0.031857,0.997500,0,0.58858,-0.48270,35.315,-0.965,-1,400.000,-1,300.000,150.000,325.000,325.000,300.000,275.000,-1,375.000,375.000,-1,800.000,350.000,-1,175.000,2,0,2,1,1,0,1,0,1,2,1,1,2,0,1,2,1
24,2086.449,-9117.745,-336.784,-36.321,0.802948,0.591983,-0.069508,-0.592812,0.805276,0.010251,0.062041,0.032974,0.997529,0,0.59654,-0.49512,35.792,-0.990,-1,400.000,-1,275.000,125.000,325.000,300.000,300.000,250.000,-1,400.000,400.000,-1,800.000,325.000,-1,150.000,2,0,2,1,1,0,1,0,1,2,1,1,2,0,1,2,1
25,2115.290,-9139.753,-329.815,-37.336,0.792094,0.606409,-0.069676,-0.605771,0.794980,0.032371,0.075021,0.016567,0.997044,0,0.60461,-0.50781,36.276,-1.016,-1,425.000,-1,275.000,125.000,350.000,300.000,300.000,250.000,-1,400.000,400.000,-1,900.000,325.000,-1,150.000,2,0,2,1,1,0,1,0,1,2,1,1,2,0,1,2,1
26,2144.111,-9162.586,-321.962,-38.378,0.780885,0.620842,-0.069094,-0.618081,0.783930,0.058562,0.090523,-0.003025,0.995890,0,0.61277,-0.52077,36.766,-1.042,-1,450.000,-1,275.000,125.000,375.000,300.000,275.000,250.000,-1,325.000,400.000,-1,-1,350.000,-1,125.000,2,0,2,1,1,1,1,0,1,2,0,1,2,2,1,2,1
27,2172.886,-9186.263,-314.001,-39.446,0.769403,0.635182,-0.067550,-0.629871,0.772021,0.085118,0.106215,-0.022942,0.994078,0,0.62100,-0.53402,37.260,-1.068,-1,500.000,-1,275.000,125.000,400.000,300.000,275.000,250.000,1000.000,175.000,350.000,-1,-1,375.000,-1,125.000,2,0,2,1,1,1,1,0,1,0,0,1,2,2,1,2,1
28,2201.583,-9210.807,-305.934,-40.541,0.757678,0.649386,-0.064974,-0.641110,0.759230,0.112017,0.122072,-0.043218,0.991580,0,0.62928,-0.54758,37.757,-1.095,-1,550.000,-1,300.000,125.000,400.000,325.000,250.000,250.000,600.000,100.000,275.000,-1,-1,425.000,-1,125.000,2,0,2,1,1,1,1,0,1,0,0,0,2,2,1,2,1
29,2230.073,-9236.343,-298.058,-41.876,0.743266,0.666217,-0.060916,-0.654803,0.743131,0.137803,0.137075,-0.062536,0.988585,0,0.63758,-0.66758,38.255,-1.335,-1,600.000,-1,300.000,100.000,425.000,350.000,250.000,250.000,450.000,50.000,250.000,-1,-1,475.000,-1,125.000,2,0,2,1,1,1,1,0,1,0,0,0,2,2,1,2,1
30,2258.235,-9263.013,-290.330,-43.451,0.726009,0.685474,-0.055104,-0.670825,0.723567,0.162619,0.151343,-0.081098,0.985149,0,0.64633,-0.78758,38.780,-1.575,-1,650.000,-1,325.000,100.000,475.000,350.000,250.000,250.000,350.000,50.000,225.000,-1,-1,-1,-1,125.000,2,0,2,1,1,1,1,0,1,0,0,0,2,2,2,2,1
31,2285.965,-9290.919,-282.646,-45.195,0.706647,0.705977,-0.047395,-0.687953,0.701179,0.187268,0.165439,-0.099727,0.981165,0,0.65558,-0.87198,39.335,-1.744,-1,700.000,-1,325.000,100.000,625.000,375.000,225.000,250.000,275.000,25.000,200.000,-1,-1,-1,-1,125.000,2,0,2,1,1,0,1,0,1,0,0,0,2,2,2,2,1
32,2316.248,-9323.034,-274.636,-46.699,0.690206,0.722566,-0.038895,-0.700887,0.680928,0.212355,0.179925,-0.119308,0.976418,0,0.73558,-0.75198,44.135,-1.504,-1,775.000,-1,350.000,100.000,675.000,425.000,225.000,250.000,225.000,25.000,175.000,-1,-1,-1,-1,125.000,2,0,2,1,1,0,1,0,1,0,0,0,2,2,2,2,1
33,2349.034,-9359.373,-266.588,-47.963,0.676910,0.735456,-0.029960,-0.709899,0.663061,0.237473,0.194516,-0.139479,0.970932,0,0.81558,-0.63198,48.935,-1.264,-1,850.000,-1,400.000,100.000,750.000,850.000,225.000,225.000,175.000,0.000,175.000,-1,-1,-1,-1,125.000,2,0,2,1,1,0,0,0,1,0,0,0,2,2,2,2,1
34,2951.696,-6887.289,-376.801,-47.650,0.673625,0.738976,-0.011995,-0.738357,0.673598,0.033100,0.032540,-0.013440,0.999380,1,0.00000,0.00000,51.130,-1.024,-1,400.000,-1,375.000,-1,325.000,325.000,300.000,325.000,450.000,0.000,0.000,725.000,850.000,700.000,-1,-1,2,0,2,0,2,0,0,0,0,1,1,1,1,0,0,2,2
35,2948.477,-6883.728,-376.647,-47.890,0.670548,0.741786,-0.010872,-0.741192,0.670492,0.032776,0.031602,-0.013920,0.999404,0,-0.08000,-0.12000,-4.800,-0.240,-1,400.000,-1,375.000,-1,325.000,300.000,300.000,325.000,450.000,0.000,0.000,725.000,825.000,700.000,-1,-1,2,0,2,0,2,0,0,0,0,1,1,1,1,0,0,2,2
36,2942.100,-6876.552,-376.328,-48.370,0.664357,0.747366,-0.008574,-0.746826,0.664245,0.032090,0.029678,-0.014916,0.999448,0,-0.16000,-0.24000,-9.600,-0.480,-1,400.000,-1,375.000,-1,325.000,300.000,300.000,325.000,425.000,0.000,0.000,725.000,825.000,675.000,-1,-1,2,0,2,0,2,0,0,0,0,1,1,1,1,0,0,2,2
37,2932.670,-6865.669,-375.824,-49.090,0.654973,0.755636,-0.005010,-0.755181,0.654785,0.030964,0.026678,-0.016497,0.999508,0,-0.24000,-0.36000,-14.400,-0.720,-1,400.000,-1,375.000,-1,325.000,300.000,300.000,325.000,425.000,0.000,0.000,725.000,800.000,675.000,-1,-1,2,0,2,0,2,0,0,0,0,1,1,1,1,0,0,2,2
38,2920.341,-6850.950,-375.209,-50.050,0.642274,0.766475,-0.000152,-0.766154,0.642011,0.028786,0.022161,-0.018372,0.999586,0,-0.32000,-0.48000,-19.200,-0.960,-1,375.000,-1,375.000,-1,300.000,300.000,275.000,350.000,425.000,0.000,0.000,725.000,750.000,675.000,-1,-1,2,0,2,0,2,0,0,0,0,1,1,1,1,0,0,2,2
39,2905.319,-6832.232,-374.471,-51.250,0.626100,0.779719,0.006095,-0.779581,0.625792,0.025272,0.015891,-0.020574,0.999662,0,-0.40000,-0.60000,-24.000,-1.200,-1,375.000,-1,350.000,-1,300.000,300.000,275.000,350.000,400.000,0.000,0.000,750.000,725.000,650.000,-1,-1,2,0,2,0,2,0,0,0,0,1,1,1,1,0,0,2,2
40,2887.802,-6809.371,-373.485,-52.537,0.608378,0.793529,0.013687,-0.793608,0.608085,0.020488,0.007935,-0.023327,0.999696,0,-0.48000,-0.64349,-28.800,-1.287,-1,350.000,-1,350.000,-1,300.000,300.000,275.000,375.000,400.000,0.000,0.000,775.000,675.000,625.000,-1,-1,2,0,2,0,2,0,0,0,0,1,1,1,1,0,0,2,2
41,2867.975,-6782.245,-372.173,-53.833,0.590099,0.807018,0.022500,-0.807329,0.589932,0.014158,-0.001848,-0.026520,0.999647,0,-0.56000,-0.64810,-33.600,-1.296,-1,350.000,-1,350.000,-1,300.000,300.000,275.000,400.000,375.000,0.000,0.000,900.000,625.000,600.000,-1,-1,2,0,2,0,2,0,0,0,0,1,1,1,1,0,0,2,2
42,-8855.378,3607.504,83.327,113.027,-0.383647,-0.898351,-0.213966,0.922800,-0.381822,-0.051499,-0.035433,-0.217205,0.975483,1,0.00000,0.00000,-34.611,-1.307,150.000,275.000,-1,425.000,-1,250.000,300.000,200.000,325.000,-1,-1,-1,275.000,400.000,725.000,175.000,-1,0,0,2,0,2,0,0,0,1,2,2,2,1,0,0,0,2
43,2956.240,8853.532,216.274,-18.890,0.944774,0.323725,0.051035,-0.323951,0.946065,-0.004017,-0.049583,-0.012738,0.998689,1,0.08000,-0.12000,4.800,-0.240,-1,400.000,-1,400.000,-1,325.000,325.000,300.000,300.000,-1,-1,-1,-1,850.000,750.000,-1,-1,2,0,2,0,2,0,0,0,0,2,2,2,2,0,0,2,2
44,2965.302,8850.363,215.827,-19.276,0.942554,0.330091,0.051296,-0.330320,0.943860,-0.004199,-0.049802,-0.012986,0.998675,0,0.16000,-0.19304,9.600,-0.386,-1,400.000,-1,400.000,-1,325.000,325.000,300.000,300.000,-1,-1,-1,-1,850.000,750.000,-1,-1,2,0,2,0,2,0,0,0,0,2,2,2,2,0,0,2,2
45,2978.863,8845.519,215.158,-19.656,0.940323,0.336337,0.051683,-0.336567,0.941649,-0.004447,-0.050163,-0.013213,0.998654,0,0.24000,-0.18981,14.400,-0.380,-1,400.000,-1,400.000,-1,325.000,325.000,300.000,300.000,-1,-1,-1,-1,850.000,750.000,-1,-1,2,0,2,0,2,0,0,0,0,2,2,2,2,0,0,2,2
46,2996.902,8838.945,214.266,-20.026,0.938100,0.342409,0.052191,-0.342638,0.939455,-0.004762,-0.050661,-0.013415,0.998626,0,0.32000,-0.18498,19.200,-0.370,-1,400.000,-1,400.000,-1,325.000,325.000,300.000,300.000,-1,-1,-1,-1,850.000,750.000,-1,-1,2,0,2,0,2,0,0,0,0,2,2,2,2,0,0,2,2
47,3019.400,8830.586,213.151,-20.383,0.935911,0.348256,0.052809,-0.348483,0.937301,-0.005142,-0.051289,-0.013591,0.998591,0,0.40000,-0.17854,24.000,-0.357,-1,400.000,-1,400.000,-1,325.000,325.000,300.000,300.000,-1,-1,-1,-1,825.000,750.000,-1,-1,2,0,2,0,2,0,0,0,0,2,2,2,2,0,0,2,2
48,3046.336,8820.395,211.811,-20.724,0.933778,0.353828,0.053527,-0.354050,0.935210,-0.005585,-0.052035,-0.013736,0.998551,0,0.48000,-0.17050,28.800,-0.341,-1,400.000,-1,400.000,-1,325.000,325.000,300.000,300.000,-1,-1,-1,-1,825.000,725.000,-1,-1,2,0,2,0,2,0,0,0,0,2,2,2,2,0,0,2,2
49,3077.695,8808.329,210.245,-21.045,0.931727,0.359072,0.054328,-0.359287,0.933207,-0.006089,-0.052886,-0.013846,0.998505,0,0.56000,-0.16083,33.600,-0.322,-1,400.000,-1,400.000,-1,325.000,325.000,300.000,300.000,-1,-1,-1,-1,825.000,725.000,-1,-1,2,0,2,0,2,0,0,0,0,2,2,2,2,0,0,2,2
50,3113.462,8794.352,208.448,-21.344,0.929786,0.363938,0.055195,-0.364143,0.931319,-0.006651,-0.053824,-0.013915,0.998453,0,0.64000,-0.14953,38.400,-0.299,-1,400.000,-1,400.000,-1,325.000,325.000,300.000,300.000,-1,-1,-1,-1,825.000,725.000,-1,-1,2,0,2,0,2,0,0,0,0,2,2,2,2,0,0,2,2
51,3153.621,8778.430,206.395,-21.627,0.927924,0.368529,0.056071,-0.368727,0.929510,-0.007155,-0.054755,-0.014036,0.998401,0,0.72000,-0.14140,43.200,-0.283,-1,400.000,-1,375.000,-1,325.000,325.000,300.000,300.000,-1,-1,-1,-1,800.000,700.000,-1,-1,2,0,2,0,2,0,0,0,0,2,2,2,2,0,0,2,2
52,3194.243,8762.090,204.082,-21.913,0.926046,0.373149,0.056561,-0.373395,0.927649,-0.006555,-0.054915,-0.015049,0.998378,0,0.72976,-0.14269,43.786,-0.285,-1,400.000,-1,375.000,-1,325.000,325.000,300.000,300.000,-1,-1,-1,-1,800.000,700.000,-1,-1,2,0,2,0,2,0,0,0,0,2,2,2,2,0,0,2,2
53,3235.086,8745.422,201.612,-22.201,0.924094,0.377798,0.057608,-0.378120,0.925739,-0.005614,-0.055451,-0.016595,0.998323,0,0.73521,-0.14400,44.113,-0.288,-1,400.000,-1,375.000,-1,325.000,325.000,300.000,300.000,-1,-1,-1,-1,800.000,700.000,-1,-1,2,0,2,0,2,0,0,0,0,2,2,2,2,0,0,2,2
54,3276.148,8728.422,199.085,-22.491,0.922095,0.382478,0.058756,-0.382886,0.923784,-0.004594,-0.056035,-0.018260,0.998262,0,0.74070,-0.14532,44.442,-0.291,-1,400.000,-1,375.000,-1,325.000,325.000,300.000,300.000,-1,-1,-1,-1,775.000,700.000,-1,-1,2,0,2,0,2,0,0,0,0,2,2,2,2,0,0,2,2
55,3317.428,8711.083,196.576,-22.784,0.920068,0.387191,0.059650,-0.387675,0.921789,-0.003691,-0.056413,-0.019729,0.998213,0,0.74623,-0.14665,44.774,-0.293,-1,400.000,-1,375.000,-1,325.000,300.000,300.000,300.000,-1,-1,-1,-1,775.000,675.000,-1,-1,2,0,2,0,2,0,0,0,0,2,2,2,2,0,0,2,2
56,3358.926,8693.400,194.042,-23.080,0.918016,0.391937,0.060266,-0.392488,0.919753,-0.002910,-0.056571,-0.020982,0.998178,0,0.75180,-0.14798,45.108,-0.296,-1,400.000,-1,375.000,-1,325.000,300.000,300.000,325.000,-1,-1,-1,-1,775.000,675.000,-1,-1,2,0,2,0,2,0,0,0,0,2,2,2,2,0,0,2,2
57,3400.640,8675.367,191.485,-23.379,0.915938,0.396717,0.060610,-0.397322,0.917676,-0.002244,-0.056510,-0.022027,0.998159,0,0.75741,-0.14934,45.445,-0.299,-1,400.000,-1,375.000,-1,325.000,300.000,300.000,325.000,-1,-1,-1,-1,775.000,675.000,-1,-1,2,0,2,0,2,0,0,0,0,2,2,2,2,0,0,2,2
58,3442.569,8656.979,189.010,-23.681,0.913827,0.401528,0.060781,-0.402198,0.915552,-0.001313,-0.056176,-0.023246,0.998150,0,0.76307,-0.15070,45.784,-0.301,-1,400.000,-1,375.000,-1,300.000,300.000,300.000,325.000,-1,-1,-1,-1,750.000,675.000,-1,1000.000,2,0,2,0,2,0,0,0,0,2,2,2,2,0,0,2,1
59,3484.712,8638.230,186.587,-23.985,0.911682,0.406371,0.060820,-0.407110,0.913379,-0.000268,-0.055661,-0.024516,0.998149,0,0.76876,-0.15209,46.126,-0.304,-1,400.000,-1,375.000,-1,300.000,300.000,300.000,325.000,-1,-1,-1,-1,750.000,650.000,-1,975.000,2,0,2,0,2,0,0,0,0,2,2,2,2,0,0,2,1
60,3527.068,8619.113,184.208,-24.292,0.909499,0.411246,0.060735,-0.412053,0.911159,0.000855,-0.054988,-0.025803,0.998154,0,0.77449,-0.15350,46.470,-0.307,-1,375.000,-1,375.000,-1,300.000,300.000,300.000,325.000,-1,-1,-1,-1,750.000,650.000,-1,925.000,2,0,2,0,2,0,0,0,0,2,2,2,2,0,0,2,1
61,3569.634,8599.624,181.875,-24.602,0.907278,0.416153,0.060522,-0.417030,0.908891,0.002060,-0.054151,-0.027108,0.998165,0,0.78026,-0.15493,46.816,-0.310,-1,375.000,-1,375.000,-1,300.000,300.000,325.000,325.000,-1,-1,-1,-1,750.000,650.000,-1,875.000,2,0,2,0,2,0,0,0,0,2,2,2,2,0,1,2,1
62,3612.409,8579.756,179.591,-24.914,0.905019,0.421093,0.060179,-0.422038,0.906572,0.003352,-0.053145,-0.028431,0.998182,0,0.78607,-0.15639,47.164,-0.313,-1,375.000,-1,375.000,-1,300.000,300.000,325.000,325.000,-1,-1,-1,-1,750.000,625.000,-1,850.000,2,0,2,0,2,0,0,0,0,2,2,2,2,0,1,2,1
63,3655.392,8559.503,177.357,-25.230,0.902720,0.426066,0.059702,-0.427079,0.904202,0.004736,-0.051964,-0.029773,0.998205,0,0.79192,-0.15788,47.515,-0.316,-1,375.000,-1,375.000,1000.000,300.000,300.000,325.000,325.000,-1,-1,-1,-1,750.000,625.000,-1,800.000,2,0,2,0,1,0,0,0,0,2,2,2,2,0,1,2,1
64,3698.579,8538.859,175.074,-25.549,0.900371,0.431078,0.059196,-0.432135,0.901790,0.005747,-0.050905,-0.030755,0.998230,0,0.79780,-0.15941,47.868,-0.319,975.000,375.000,-1,375.000,950.000,300.000,300.000,325.000,325.000,-1,-1,-1,-1,750.000,600.000,975.000,750.000,1,0,2,0,1,0,0,0,0,2,2,2,2,0,1,1,1
65,3741.969,8517.818,172.841,-25.871,0.897979,0.436125,0.058551,-0.437225,0.899326,0.006832,-0.049677,-0.031735,0.998261,0,0.80372,-0.16098,48.223,-0.322,925.000,375.000,-1,375.000,875.000,300.000,300.000,325.000,325.000,-1,-1,-1,-1,750.000,575.000,925.000,725.000,1,0,2,0,1,0,0,0,0,2,2,2,2,0,1,1,1
66,3785.559,8496.373,170.615,-26.196,0.895548,0.441206,0.057712,-0.442354,0.896803,0.008228,-0.048126,-0.032898,0.998299,0,0.80966,-0.16261,48.580,-0.325,875.000,375.000,1000.000,350.000,825.000,300.000,300.000,325.000,325.000,-1,-1,-1,-1,750.000,550.000,900.000,675.000,1,0,1,1,1,0,1,0,0,2,2,2,2,0,1,1,1
67,3829.347,8474.518,168.294,-26.525,0.893086,0.446315,0.056566,-0.447537,0.894204,0.010474,-0.045906,-0.034670,0.998344,0,0.81564,-0.16429,48.939,-0.329,850.000,400.000,950.000,350.000,775.000,300.000,300.000,325.000,325.000,-1,-1,-1,-1,775.000,525.000,850.000,625.000,1,0,1,1,1,0,1,0,0,2,2,2,2,0,1,1,1
68,3873.329,8452.248,166.028,-26.857,0.890560,0.451462,0.055549,-0.452753,0.891546,0.012685,-0.043797,-0.036447,0.998375,0,0.82165,-0.16604,49.299,-0.332,800.000,400.000,900.000,350.000,725.000,300.000,300.000,325.000,325.000,-1,725.000,-1,-1,750.000,500.000,800.000,600.000,1,0,1,1,1,0,1,0,0,2,0,2,2,1,1,1,1
69,3917.501,8429.555,163.792,-27.193,0.887963,0.456645,0.054742,-0.458009,0.888822,0.014957,-0.041826,-0.038353,0.998389,0,0.82768,-0.16786,49.661,-0.336,750.000,400.000,850.000,325.000,650.000,300.000,300.000,325.000,325.000,-1,625.000,-1,-1,725.000,475.000,750.000,550.000,1,0,1,1,1,0,1,0,0,2,0,2,2,1,1,1,1
70,3961.860,8406.432,161.625,-27.532,0.885306,0.461871,0.053936,-0.463300,0.886034,0.017218,-0.039837,-0.040231,0.998396,0,0.83373,-0.16978,50.024,-0.340,700.000,400.000,800.000,325.000,600.000,300.000,275.000,325.000,325.000,-1,525.000,675.000,-1,675.000,475.000,700.000,500.000,1,0,1,1,1,1,1,0,0,2,0,0,2,1,1,1,1
71,4006.401,8382.874,159.532,-27.876,0.882585,0.467140,0.053140,-0.468628,0.883181,0.019471,-0.037837,-0.042088,0.998397,0,0.83980,-0.17179,50.388,-0.344,650.000,400.000,750.000,300.000,550.000,300.000,275.000,325.000,350.000,-1,475.000,625.000,-1,650.000,450.000,675.000,475.000,1,0,1,1,1,1,1,0,0,2,0,0,2,1,1,1,1
72,4051.121,8358.873,157.596,-28.223,0.879781,0.472450,0.052697,-0.474010,0.880248,0.021862,-0.036058,-0.044213,0.998371,0,0.84588,-0.17392,50.753,-0.348,600.000,400.000,700.000,300.000,500.000,300.000,275.000,325.000,350.000,-1,450.000,600.000,-1,600.000,400.000,625.000,425.000,1,0,1,1,1,1,1,0,0,2,0,0,2,1,1,1,1
73,4091.385,8336.729,155.947,-28.811,0.874928,0.481410,0.052389,-0.483036,0.875272,0.023996,-0.034302,-0.046300,0.998338,0,0.76588,-0.29392,45.953,-0.588,575.000,400.000,650.000,275.000,450.000,275.000,250.000,325.000,350.000,-1,425.000,575.000,-1,575.000,400.000,575.000,375.000,1,1,1,1,1,1,1,0,0,2,0,0,2,1,1,1,1
74,4127.155,8316.379,155.260,-29.639,0.867985,0.493895,0.051667,-0.495656,0.868030,0.029152,-0.030451,-0.050912,0.998239,0,0.68588,-0.41392,41.153,-0.828,525.000,375.000,625.000,275.000,425.000,275.000,250.000,325.000,350.000,-1,350.000,525.000,-1,525.000,375.000,550.000,350.000,1,1,1,1,1,1,1,0,0,2,0,0,2,1,1,1,1
75,4158.412,8297.819,154.937,-30.707,0.858745,0.509851,0.051073,-0.511733,0.858447,0.034618,-0.026193,-0.055864,0.998095,0,0.60588,-0.53392,36.353,-1.068,500.000,350.000,600.000,275.000,400.000,275.000,225.000,325.000,350.000,-1,325.000,450.000,-1,500.000,350.000,525.000,350.000,1,1,1,1,1,1,1,0,0,2,0,0,2,1,1,1,1
76,4185.168,8281.094,154.750,-32.015,0.846993,0.529173,0.050778,-0.531144,0.846364,0.039421,-0.022116,-0.060360,0.997932,0,0.52588,-0.65392,31.553,-1.308,475.000,325.000,575.000,250.000,400.000,250.000,225.000,325.000,375.000,-1,300.000,425.000,-1,475.000,350.000,500.000,325.000,1,1,1,1,1,1,1,0,0,2,0,0,2,1,1,1,1
77,4207.462,8266.305,154.614,-33.563,0.832486,0.551711,0.050808,-0.553741,0.831565,0.043254,-0.018386,-0.064143,0.997771,0,0.44588,-0.77392,26.753,-1.548,450.000,325.000,525.000,250.000,400.000,250.000,225.000,325.000,375.000,-1,300.000,400.000,-1,450.000,325.000,475.000,325.000,1,1,1,1,1,1,1,0,0,2,0,0,2,1,1,1,1
78,4225.369,8253.605,154.452,-35.351,0.814944,0.577279,0.051141,-0.579341,0.813795,0.045842,-0.015155,-0.066987,0.997639,0,0.36588,-0.89392,21.953,-1.788,425.000,300.000,500.000,250.000,400.000,225.000,225.000,325.000,375.000,-1,275.000,375.000,-1,425.000,325.000,450.000,325.000,1,1,1,1,1,1,1,0,0,2,0,0,2,1,1,1,1
79,4239.005,8243.199,154.201,-37.351,0.794351,0.605256,0.051692,-0.607330,0.793059,0.046995,-0.012551,-0.068725,0.997557,0,0.28588,-1.00000,17.153,-2.000,400.000,275.000,475.000,250.000,450.000,225.000,200.000,325.000,375.000,-1,275.000,375.000,-1,400.000,325.000,425.000,325.000,1,1,1,1,1,1,1,0,0,2,0,0,2,1,1,1,1
80,4248.559,8235.366,153.867,-39.351,0.772766,0.632535,0.052276,-0.634602,0.771416,0.046882,-0.010672,-0.069403,0.997532,0,0.20588,-1.00000,12.353,-2.000,400.000,275.000,450.000,225.000,500.000,225.000,200.000,325.000,375.000,-1,300.000,375.000,-1,375.000,325.000,400.000,325.000,1,1,1,1,1,1,1,0,0,2,0,0,2,1,1,1,1
81,4254.229,8230.375,153.419,-41.351,0.750211,0.659089,0.052784,-0.661130,0.748890,0.045500,-0.009541,-0.069031,0.997569,0,0.12588,-1.00000,7.553,-2.000,400.000,250.000,450.000,225.000,575.000,200.000,200.000,325.000,375.000,-1,300.000,375.000,-1,350.000,325.000,375.000,350.000,1,1,1,1,1,1,1,0,0,2,0,0,2,1,1,1,1
82,4257.117,8227.647,152.871,-43.351,0.726718,0.684878,0.053125,-0.686877,0.725490,0.043170,-0.008975,-0.067863,0.997654,0,0.06620,-1.00000,3.972,-2.000,375.000,250.000,425.000,225.000,650.000,200.000,200.000,325.000,375.000,-1,325.000,375.000,-1,325.000,325.000,375.000,350.000,1,1,1,1,1,1,1,0,0,2,0,0,2,1,1,1,1
83,4259.942,8224.781,153.092,-45.351,0.702489,0.709994,0.049174,-0.711671,0.701358,0.040277,-0.005892,-0.063290,0.997978,0,0.06707,-1.00000,4.024,-2.000,375.000,225.000,425.000,225.000,775.000,200.000,200.000,325.000,375.000,-1,325.000,350.000,-1,325.000,325.000,375.000,375.000,1,1,1,1,1,1,1,0,0,2,0,0,2,1,1,1,1
84,4262.694,8221.787,153.390,-47.351,0.677399,0.734268,0.044504,-0.735611,0.676364,0.037518,-0.002553,-0.058152,0.998304,0,0.06776,-1.00000,4.065,-2.000,375.000,225.000,425.000,250.000,925.000,200.000,200.000,325.000,350.000,-1,325.000,325.000,-1,325.000,325.000,350.000,425.000,1,1,1,1,1,1,1,0,0,2,0,0,2,1,1,1,1
85,4265.359,8218.677,153.679,-49.342,0.651567,0.757557,0.039602,-0.758591,0.650627,0.034992,0.000742,-0.052842,0.998603,0,0.06825,-0.99589,4.095,-1.992,350.000,225.000,425.000,250.000,-1,200.000,200.000,350.000,350.000,-1,350.000,300.000,-1,300.000,350.000,350.000,475.000,1,1,1,1,2,1,1,0,0,2,0,0,2,1,1,1,1
86,4267.927,8215.464,153.937,-51.322,0.625081,0.779795,0.034536,-0.780549,0.624232,0.032818,0.004033,-0.047472,0.998864,0,0.06854,-0.99004,4.112,-1.980,350.000,225.000,425.000,250.000,-1,200.000,200.000,350.000,350.000,-1,350.000,300.000,-1,300.000,350.000,325.000,525.000,1,1,1,1,2,1,1,0,0,2,0,0,2,1,1,1,1
87,4270.386,8212.160,154.175,-53.291,0.597983,0.800972,0.029337,-0.801476,0.597227,0.030931,0.007254,-0.042009,0.999091,0,0.06863,-0.98416,4.118,-1.968,350.000,225.000,450.000,250.000,-1,200.000,200.000,375.000,325.000,-1,350.000,275.000,-1,300.000,375.000,325.000,600.000,1,1,1,1,2,1,1,0,0,2,0,0,2,1,1,1,1
88,4272.727,8208.781,154.716,-55.247,0.570350,0.821037,0.024483,-0.821323,0.569631,0.030803,0.011344,-0.037677,0.999226,0,0.06851,-0.97825,4.111,-1.957,350.000,225.000,450.000,275.000,-1,200.000,225.000,375.000,325.000,-1,350.000,250.000,-1,300.000,375.000,300.000,675.000,1,1,1,1,2,1,1,0,0,2,0,0,2,1,1,1,1
89,4277.584,8201.310,155.630,-56.964,0.545557,0.837857,0.019062,-0.837913,0.544864,0.032023,0.016444,-0.033443,0.999305,0,0.14851,-0.85825,8.911,-1.717,350.000,225.000,450.000,275.000,-1,200.000,225.000,400.000,325.000,-1,350.000,225.000,-1,300.000,400.000,300.000,800.000,1,1,1,1,2,1,1,0,0,2,0,0,2,1,1,1,1
90,4284.758,8189.625,156.740,-58.440,0.523792,0.851752,0.012671,-0.851562,0.523176,0.033592,0.021983,-0.028386,0.999355,0,0.22851,-0.73825,13.711,-1.477,325.000,225.000,475.000,275.000,-1,200.000,225.000,400.000,325.000,-1,325.000,200.000,-1,300.000,450.000,275.000,900.000,1,1,1,1,2,1,1,0,0,2,0,0,2,1,1,1,1
91,4294.102,8173.646,158.092,-59.677,0.505221,0.862975,0.005154,-0.862534,0.504751,0.035519,0.028051,-0.022390,0.999356,0,0.30851,-0.61825,18.511,-1.237,325.000,225.000,525.000,275.000,-1,200.000,225.000,425.000,300.000,-1,325.000,175.000,-1,300.000,475.000,275.000,-1,1,1,1,1,2,1,1,0,0,2,0,0,2,1,1,1,2
92,4305.519,8153.321,159.736,-60.673,0.489958,0.871739,-0.003665,-0.871053,0.489731,0.037809,0.034754,-0.015332,0.999278,0,0.38851,-0.49825,23.311,-0.997,300.000,225.000,550.000,300.000,-1,200.000,225.000,450.000,300.000,-1,300.000,150.000,975.000,300.000,500.000,250.000,-1,1,1,1,1,2,1,1,1,0,2,0,0,0,1,1,1,2
93,4318.962,8128.633,161.724,-61.430,0.478071,0.878210,-0.013983,-0.877306,0.478223,0.040460,0.042219,-0.007076,0.999083,0,0.46851,-0.37825,28.111,-0.757,275.000,225.000,600.000,300.000,-1,200.000,225.000,450.000,300.000,-1,275.000,125.000,850.000,275.000,500.000,250.000,-1,1,1,1,1,2,1,1,1,0,2,0,0,0,1,1,1,2
94,6231.350,2951.704,102.925,36.466,0.804507,-0.593937,-0.002805,0.593457,0.803646,0.044290,-0.024051,-0.037296,0.999015,1,0.00000,0.00000,32.911,-0.517,425.000,350.000,-1,400.000,-1,300.000,325.000,300.000,375.000,500.000,0.000,0.000,-1,550.000,800.000,500.000,-1,1,0,2,0,2,0,0,0,0,1,1,1,2,1,0,1,2
95,6235.222,2954.541,102.708,36.226,0.806975,-0.590580,-0.002685,0.590119,0.806147,0.043441,-0.023491,-0.036640,0.999052,0,0.08000,-0.12000,4.800,-0.240,425.000,375.000,-1,400.000,-1,300.000,325.000,300.000,375.000,525.000,0.000,0.000,-1,550.000,800.000,500.000,-1,1,0,2,0,2,0,0,0,0,1,1,1,2,1,0,1,2
96,6243.014,2960.148,102.279,35.746,0.811870,-0.583833,-0.002462,0.583409,0.811104,0.041762,-0.022385,-0.035341,0.999125,0,0.16000,-0.24000,9.600,-0.480,425.000,375.000,-1,400.000,-1,300.000,325.000,300.000,375.000,525.000,25.000,0.000,-1,575.000,800.000,500.000,-1,1,0,2,0,2,0,0,0,0,1,1,1,2,1,0,1,2
97,6254.788,2968.439,101.608,35.157,0.817802,-0.575496,-0.002227,0.575129,0.817129,0.039084,-0.020673,-0.033244,0.999233,0,0.24000,-0.29485,14.400,-0.590,425.000,375.000,-1,400.000,-1,300.000,325.000,300.000,350.000,550.000,25.000,0.000,-1,575.000,825.000,500.000,-1,1,0,2,0,2,0,0,0,0,1,1,1,2,1,0,1,2
98,6270.599,2979.332,100.684,34.572,0.823595,-0.567175,-0.002075,0.566882,0.823041,0.035334,-0.018333,-0.030277,0.999373,0,0.32000,-0.29256,19.200,-0.585,425.000,375.000,-1,400.000,-1,300.000,325.000,300.000,350.000,575.000,50.000,0.000,-1,575.000,825.000,500.000,-1,1,0,2,0,2,0,0,0,0,1,1,1,2,1,0,1,2
99,6290.498,2992.749,99.549,33.993,0.829241,-0.558888,-0.002026,0.558677,0.828818,0.030675,-0.015465,-0.026568,0.999527,0,0.40000,-0.28950,24.000,-0.579,400.000,375.000,-1,400.000,-1,300.000,325.000,300.000,350.000,600.000,50.000,0.000,-1,550.000,825.000,475.000,-1,1,0,2,0,2,0,0,0,0,1,1,1,2,1,0,1,2
100,6314.537,3008.610,98.250,33.421,0.834732,-0.550653,-0.002089,0.550521,0.834437,0.025311,-0.012195,-0.022278,0.999677,0,0.48000,-0.28568,28.800,-0.571,400.000,375.000,-1,400.000,-1,325.000,325.000,300.000,325.000,650.000,75.000,0.000,-1,550.000,850.000,475.000,-1,1,0,2,0,2,0,0,0,0,1,1,1,2,1,0,1,2
101,6342.762,3026.840,96.846,32.859,0.840060,-0.542489,-0.002260,0.542424,0.839879,0.019494,-0.008678,-0.017602,0.999807,0,0.56000,-0.28111,33.600,-0.562,400.000,375.000,-1,400.000,-1,325.000,325.000,300.000,325.000,700.000,100.000,25.000,-1,550.000,850.000,475.000,-1,1,0,2,0,2,0,0,0,0,1,1,1,2,1,0,1,2
102,6375.218,3047.362,95.582,32.307,0.845220,-0.534413,-0.002429,0.534390,0.845117,0.014328,-0.005604,-0.013409,0.999894,0,0.64000,-0.27578,38.400,-0.552,375.000,375.000,-1,400.000,-1,325.000,325.000,300.000,300.000,750.000,125.000,50.000,-1,550.000,875.000,450.000,-1,1,0,2,0,2,0,0,0,0,1,1,1,2,1,0,1,2
103,6411.946,3070.106,95.374,31.768,0.850212,-0.526437,-0.002069,0.526410,0.850114,0.014062,-0.005644,-0.013045,0.999899,0,0.72000,-0.26969,43.200,-0.539,350.000,375.000,-1,400.000,-1,325.000,325.000,300.000,300.000,825.000,175.000,75.000,-1,550.000,875.000,425.000,-1,1,0,2,0,2,0,0,0,0,1,1,1,2,1,0,1,2
104,6452.985,3095.002,95.164,31.242,0.855005,-0.518618,-0.001688,0.518590,0.854913,0.013706,-0.005665,-0.012594,0.999905,0,0.80000,-0.26284,48.000,-0.526,325.000,400.000,-1,425.000,-1,325.000,325.000,300.000,300.000,950.000,225.000,125.000,-1,550.000,900.000,400.000,-1,1,1,2,0,2,0,0,0,0,1,1,1,2,1,0,1,2
105,6496.901,3121.110,94.848,30.732,0.859588,-0.510987,-0.000784,0.510952,0.859510,0.013067,-0.006003,-0.011633,0.999914,0,0.85150,-0.25523,51.090,-0.510,300.000,375.000,-1,425.000,-1,325.000,325.000,300.000,300.000,-1,275.000,175.000,-1,550.000,925.000,375.000,-1,1,1,2,0,2,0,0,1,0,2,1,1,2,1,0,1,2
106,6545.076,3149.443,94.263,30.461,0.861983,-0.506935,0.001340,0.506886,0.861932,0.011844,-0.007159,-0.009530,0.999929,0,0.93150,-0.13523,55.890,-0.270,275.000,375.000,-1,425.000,-1,325.000,325.000,300.000,300.000,-1,350.000,250.000,-1,525.000,925.000,325.000,-1,1,1,2,0,2,0,0,1,0,2,1,1,2,1,0,1,2
107,6596.811,3179.833,93.667,30.431,0.862241,-0.506486,0.003546,0.506429,0.862218,0.010476,-0.008364,-0.007237,0.999939,0,1.00000,-0.01523,60.000,-0.030,250.000,350.000,-1,425.000,-1,325.000,325.000,275.000,300.000,-1,425.000,300.000,-1,525.000,925.000,300.000,-1,1,1,2,0,2,0,0,1,0,2,1,1,2,1,0,1,2
108,6648.525,3210.258,93.104,30.470,0.861883,-0.507077,0.005598,0.507021,0.861887,0.009028,-0.009403,-0.004942,0.999944,0,1.00000,0.01941,60.000,0.039,200.000,350.000,-1,400.000,-1,325.000,325.000,250.000,300.000,-1,500.000,375.000,-1,525.000,925.000,250.000,-1,1,1,2,0,2,0,0,1,0,2,1,1,2,1,0,1,2
109,6700.207,3240.736,95.074,30.529,0.861371,-0.507953,0.004981,0.507975,0.861351,-0.005929,-0.001279,0.007638,0.999970,0,1.00000,0.02940,60.000,0.059,200.000,350.000,-1,425.000,-1,350.000,350.000,250.000,300.000,-1,525.000,400.000,-1,600.000,1000.000,275.000,-1,1,1,2,0,2,1,0,1,0,2,1,1,2,1,0,1,2
110,6751.846,3271.288,96.978,30.609,0.860713,-0.509071,0.004437,0.509048,0.860497,-0.020389,0.006562,0.019808,0.999782,0,1.00000,0.04003,60.000,0.080,225.000,375.000,-1,450.000,-1,350.000,375.000,250.000,300.000,-1,550.000,375.000,-1,950.000,-1,375.000,-1,1,1,2,0,2,1,0,1,0,2,1,1,2,0,2,1,2
111,6803.430,3301.934,98.093,30.711,0.859864,-0.510503,0.004500,0.510388,0.859401,-0.030570,0.011738,0.028583,0.999523,0,1.00000,0.05133,60.000,0.103,250.000,375.000,-1,450.000,-1,350.000,375.000,250.000,300.000,-1,575.000,325.000,-1,-1,-1,-1,-1,1,1,2,0,2,1,0,1,0,2,1,0,2,2,2,2,2
112,6855.087,3332.456,98.750,30.574,0.861149,-0.508331,0.004711,0.508120,0.860436,-0.038267,0.015399,0.035347,0.999256,0,1.00000,-0.06867,60.000,-0.137,275.000,400.000,-1,475.000,-1,375.000,375.000,225.000,300.000,-1,600.000,275.000,-1,-1,-1,-1,-1,1,1,2,0,2,1,0,1,0,2,1,0,2,2,2,2,2
113,6906.944,3362.636,98.927,30.197,0.864525,-0.502565,0.005031,0.502287,0.863613,-0.043363,0.017448,0.040015,0.999047,0,1.00000,-0.18867,60.000,-0.377,-1,450.000,-1,500.000,-1,375.000,400.000,200.000,300.000,-1,550.000,250.000,-1,-1,-1,-1,-1,2,1,2,0,2,1,1,1,0,2,0,0,2,2,2,2,2
114,6959.124,3392.255,98.623,29.579,0.869909,-0.493181,0.005496,0.492892,0.868890,-0.045697,0.017761,0.042461,0.998940,0,1.00000,-0.30867,60.000,-0.617,-1,475.000,-1,500.000,-1,400.000,400.000,200.000,300.000,-1,550.000,250.000,-1,-1,-1,-1,-1,2,1,2,0,2,1,0,1,0,2,0,0,2,2,2,2,2
115,7011.645,3421.217,97.890,28.874,0.875906,-0.482441,0.006272,0.482200,0.874877,-0.045539,0.016482,0.042912,0.998943,0,0.99962,-0.35257,59.977,-0.705,-1,525.000,-1,500.000,-1,400.000,400.000,175.000,300.000,-1,575.000,275.000,-1,-1,-1,-1,-1,2,0,2,0,2,0,0,1,0,2,0,0,2,2,2,2,2
116,7063.907,3449.242,96.710,28.203,0.881470,-0.472182,0.007411,0.472031,0.880503,-0.043606,0.014065,0.041936,0.999021,0,0.98836,-0.33548,59.302,-0.671,-1,500.000,-1,500.000,-1,400.000,400.000,150.000,300.000,-1,675.000,325.000,-1,-1,-1,-1,-1,2,0,2,0,2,0,0,1,0,2,0,0,2,2,2,2,2
117,7115.820,3476.313,94.877,27.541,0.886834,-0.462005,0.008731,0.461951,0.885956,-0.041024,0.011218,0.040415,0.999120,0,0.97578,-0.33105,58.547,-0.662,-1,500.000,-1,500.000,-1,400.000,400.000,150.000,300.000,-1,775.000,350.000,-1,-1,-1,-1,-1,2,0,2,0,2,0,0,1,0,2,0,0,2,2,2,2,2
118,7167.308,3502.413,92.445,26.883,0.892021,-0.451841,0.011778,0.451951,0.891273,-0.037055,0.006246,0.038377,0.999244,0,0.96210,-0.32887,57.726,-0.658,-1,500.000,-1,500.000,-1,400.000,400.000,150.000,300.000,-1,-1,450.000,-1,-1,-1,-1,-1,2,0,2,0,2,0,0,1,0,2,2,0,2,2,2,2,2
119,7218.312,3527.543,91.247,26.228,0.896892,-0.441534,0.025134,0.442199,0.896198,-0.035911,-0.006669,0.043322,0.999039,0,0.94765,-0.32746,56.859,-0.655,-1,475.000,-1,475.000,-1,375.000,375.000,150.000,275.000,-1,-1,-1,-1,975.000,-1,-1,-1,2,0,2,0,2,0,0,1,0,2,2,2,2,0,2,2,2
120,7268.799,3551.707,90.479,25.575,0.901296,-0.431154,0.042099,0.432600,0.900909,-0.034934,-0.022866,0.049698,0.998503,0,0.93284,-0.32682,55.971,-0.654,-1,450.000,-1,425.000,-1,350.000,350.000,150.000,275.000,-1,-1,-1,-1,875.000,1000.000,-1,-1,2,0,2,0,2,0,0,1,0,2,2,2,2,0,0,2,2
121,7318.757,3574.918,88.930,24.921,0.905374,-0.420782,0.056929,0.422886,0.905633,-0.031556,-0.038278,0.052644,0.997879,0,0.91808,-0.32691,55.085,-0.654,-1,425.000,-1,400.000,-1,325.000,325.000,175.000,275.000,-1,-1,-1,-1,775.000,875.000,-1,-1,2,0,2,0,2,0,0,1,0,2,2,2,2,0,0,2,2
122,7368.193,3597.202,86.837,24.265,0.909351,-0.410383,0.068309,0.412901,0.910362,-0.027455,-0.050919,0.053171,0.997286,0,0.90375,-0.32772,54.225,-0.655,-1,400.000,-1,375.000,-1,325.000,325.000,175.000,275.000,-1,-1,-1,-1,725.000,775.000,-1,-1,2,0,2,0,2,0,0,1,0,2,2,2,2,0,0,2,2
123,7417.134,3618.593,85.992,23.607,0.913481,-0.399773,0.075715,0.402872,0.914740,-0.030737,-0.056971,0.058581,0.996656,0,0.89018,-0.32920,53.411,-0.658,-1,375.000,-1,375.000,-1,300.000,300.000,200.000,275.000,-1,-1,-1,-1,700.000,750.000,-1,-1,2,0,2,0,2,0,0,1,0,2,2,2,2,0,0,2,2
124,7465.625,3639.123,84.824,22.944,0.917613,-0.389077,0.081275,0.392650,0.919085,-0.033289,-0.061747,0.062459,0.996136,0,0.87762,-0.33129,52.657,-0.663,-1,375.000,-1,375.000,-1,300.000,300.000,225.000,275.000,-1,-1,-1,-1,700.000,750.000,-1,-1,2,0,2,0,2,0,0,1,0,2,2,2,2,0,0,2,2
125,7509.985,3657.084,83.545,22.042,0.923315,-0.374492,0.085122,0.378423,0.924954,-0.035428,-0.065466,0.064923,0.995741,0,0.79762,-0.45129,47.857,-0.903,-1,375.000,-1,350.000,-1,300.000,300.000,250.000,275.000,950.000,-1,-1,-1,700.000,725.000,-1,-1,2,0,2,0,2,0,0,1,0,1,2,2,2,0,0,2,2
126,7553.389,3673.658,82.048,20.899,0.930397,-0.355945,0.087543,0.360122,0.932163,-0.037206,-0.068361,0.066143,0.995466,0,0.77434,-0.57129,46.460,-1.143,-1,375.000,-1,350.000,-1,300.000,300.000,275.000,275.000,450.000,-1,-1,-1,700.000,725.000,-1,-1,2,0,2,0,2,0,0,1,0,1,2,2,2,0,0,2,2
127,7596.651,3688.992,80.273,19.517,0.938638,-0.333353,0.088508,0.337641,0.940487,-0.038514,-0.070402,0.066035,0.995331,0,0.76498,-0.69129,45.899,-1.383,-1,375.000,-1,375.000,-1,300.000,300.000,300.000,275.000,425.000,-1,-1,-1,700.000,750.000,-1,-1,2,0,2,0,2,0,0,1,0,1,2,2,2,0,0,2,2
128,7639.830,3702.964,78.183,17.933,0.947552,-0.307260,0.087962,0.311505,0.949438,-0.039137,-0.071489,0.064485,0.995355,0,0.75636,-0.79198,45.382,-1.584,-1,375.000,-1,375.000,-1,300.000,300.000,350.000,275.000,425.000,-1,-1,-1,700.000,775.000,-1,-1,2,0,2,0,2,0,0,1,0,1,2,2,2,0,0,2,2
129,7682.937,3715.600,75.749,16.341,0.955906,-0.280814,0.085955,0.284847,0.957792,-0.038695,-0.071461,0.061473,0.995547,0,0.74869,-0.79611,44.921,-1.592,-1,375.000,-1,375.000,-1,300.000,300.000,400.000,275.000,425.000,-1,-1,-1,700.000,800.000,-1,-1,2,0,2,0,2,0,0,1,0,1,2,2,2,0,0,2,2
130,7726.017,3726.931,72.988,14.739,0.963662,-0.254008,0.082676,0.257682,0.965516,-0.037128,-0.070394,0.057083,0.995885,0,0.74242,-0.80058,44.545,-1.601,-1,375.000,-1,400.000,-1,300.000,325.000,375.000,275.000,425.000,-1,-1,-1,725.000,825.000,-1,-1,2,0,2,0,2,0,0,0,0,1,2,2,2,0,0,2,2
131,7769.110,3736.979,69.916,13.129,0.970779,-0.226838,0.078313,0.230032,0.972575,-0.034387,-0.068365,0.051396,0.996336,0,0.73748,-0.80537,44.249,-1.611,-1,375.000,-1,400.000,-1,325.000,325.000,375.000,275.000,425.000,-1,-1,-1,725.000,850.000,-1,-1,2,0,2,0,2,0,0,0,0,1,2,2,2,0,0,2,2
132,7812.251,3745.760,66.498,11.508,0.977220,-0.199302,0.072938,0.201936,0.978919,-0.030647,-0.065293,0.044677,0.996865,0,0.73377,-0.81044,44.026,-1.621,-1,400.000,-1,425.000,-1,325.000,325.000,350.000,300.000,425.000,-1,-1,-1,750.000,900.000,-1,-1,2,0,2,0,2,0,0,0,0,1,2,2,2,0,0,2,2
