timestep,x_cm,y_cm,z_cm,yaw_deg,basis_xx,basis_xy,basis_xz,basis_yx,basis_yy,basis_yz,basis_zx,basis_zy,basis_zz,teleport_flag,throttle_cmd,steering_cmd,cmd_move_cm,cmd_turn_deg,lidar_cm_0,lidar_cm_1,lidar_cm_2,lidar_cm_3,lidar_cm_4,lidar_cm_5,lidar_cm_6,lidar_cm_7,lidar_cm_8,lidar_cm_9,lidar_cm_10,lidar_cm_11,lidar_cm_12,lidar_cm_13,lidar_cm_14,lidar_cm_15,lidar_cm_16,lidar_class_0,lidar_class_1,lidar_class_2,lidar_class_3,lidar_class_4,lidar_class_5,lidar_class_6,lidar_class_7,lidar_class_8,lidar_class_9,lidar_class_10,lidar_class_11,lidar_class_12,lidar_class_13,lidar_class_14,lidar_class_15,lidar_class_16
0,2291.185,-6229.908,-41.309,162.457,-0.952994,-0.301413,-0.030860,0.300886,-0.953437,0.020607,-0.035635,0.010353,0.999311,1,0.08000,-0.12000,4.800,-0.240,-1,400.000,-1,400.000,-1,325.000,325.000,300.000,300.000,-1,-1,-1,-1,825.000,800.000,-1,-1,2,0,2,0,2,0,0,0,0,2,2,2,2,0,0,2,2
1,2282.050,-6226.955,-41.644,162.085,-0.951014,-0.307594,-0.030964,0.307066,-0.951464,0.020666,-0.035818,0.010145,0.999307,0,0.16000,-0.18588,9.600,-0.372,-1,400.000,-1,400.000,-1,325.000,325.000,300.000,300.000,-1,-1,-1,-1,825.000,800.000,-1,-1,2,0,2,0,2,0,0,0,0,2,2,2,2,0,0,2,2
2,2268.377,-6222.437,-42.147,161.713,-0.948992,-0.313761,-0.031120,0.313232,-0.949450,0.020752,-0.036058,0.009946,0.999300,0,0.24000,-0.18588,14.400,-0.372,-1,400.000,-1,400.000,-1,325.000,325.000,300.000,300.000,-1,-1,-1,-1,825.000,800.000,-1,-1,2,0,2,0,2,0,0,0,0,2,2,2,2,0,0,2,2
3,2250.186,-6216.294,-42.821,161.341,-0.946928,-0.319916,-0.031325,0.319384,-0.947396,0.020870,-0.036354,0.009757,0.999291,0,0.32000,-0.18588,19.200,-0.372,-1,400.000,-1,400.000,-1,325.000,325.000,300.000,300.000,-1,-1,-1,-1,825.000,800.000,-1,-1,2,0,2,0,2,0,0,0,0,2,2,2,2,0,0,2,2
4,2227.498,-6208.468,-43.665,160.969,-0.944823,-0.326057,-0.031577,0.325520,-0.945302,0.021021,-0.036704,0.009582,0.999280,0,0.40000,-0.18588,24.000,-0.372,-1,400.000,-1,400.000,-1,325.000,325.000,300.000,300.000,-1,-1,-1,-1,825.000,800.000,-1,-1,2,0,2,0,2,0,0,0,0,2,2,2,2,0,0,2,2
5,2200.334,-6198.901,-44.678,160.598,-0.942676,-0.332184,-0.031872,0.331640,-0.943167,0.021211,-0.037107,0.009425,0.999267,0,0.48000,-0.18588,28.800,-0.372,-1,400.000,-1,400.000,-1,325.000,325.000,300.000,300.000,-1,-1,-1,-1,825.000,800.000,-1,-1,2,0,2,0,2,0,0,0,0,2,2,2,2,0,0,2,2
6,2168.715,-6187.534,-45.861,160.226,-0.940488,-0.338297,-0.032207,0.337745,-0.940993,0.021442,-0.037560,0.009288,0.999251,0,0.56000,-0.18588,33.600,-0.372,-1,400.000,-1,400.000,-1,325.000,325.000,300.000,300.000,-1,-1,-1,-1,825.000,800.000,-1,-1,2,0,2,0,2,0,0,0,0,2,2,2,2,0,0,2,2
7,2132.664,-6174.308,-47.213,159.854,-0.938259,-0.344396,-0.032576,0.343833,-0.938780,0.021719,-0.038061,0.009178,0.999233,0,0.64000,-0.18588,38.400,-0.372,-1,400.000,-1,400.000,-1,325.000,325.000,300.000,300.000,-1,-1,-1,-1,825.000,825.000,-1,-1,2,0,2,0,2,0,0,0,0,2,2,2,2,0,0,2,2
8,2096.100,-6160.625,-48.586,159.482,-0.935990,-0.350482,-0.032935,0.349907,-0.936525,0.022017,-0.038561,0.009084,0.999215,0,0.65068,-0.18592,39.041,-0.372,-1,400.000,-1,400.000,-1,325.000,325.000,300.000,300.000,-1,-1,-1,-1,850.000,825.000,-1,-1,2,0,2,0,2,0,0,0,0,2,2,2,2,0,0,2,2
9,2059.478,-6146.647,-50.046,159.109,-0.933678,-0.356576,-0.033150,0.356007,-0.934226,0.021930,-0.038789,0.008674,0.999210,0,0.65332,-0.18662,39.199,-0.373,-1,400.000,-1,400.000,-1,325.000,325.000,300.000,300.000,-1,-1,-1,-1,850.000,825.000,-1,-1,2,0,2,0,2,0,0,0,0,2,2,2,2,0,0,2,2
10,2022.799,-6132.371,-51.592,158.734,-0.931307,-0.362679,-0.033643,0.362122,-0.931880,0.021609,-0.039189,0.007942,0.999200,0,0.65598,-0.18731,39.359,-0.375,-1,400.000,-1,400.000,-1,325.000,325.000,300.000,300.000,-1,-1,-1,-1,850.000,825.000,-1,-1,2,0,2,0,2,0,0,0,0,2,2,2,2,0,0,2,2
11,1986.065,-6117.797,-53.221,158.358,-0.928873,-0.368789,-0.034483,0.368250,-0.929487,0.021101,-0.039834,0.006901,0.999182,0,0.65865,-0.18799,39.519,-0.376,-1,400.000,-1,400.000,-1,325.000,325.000,300.000,300.000,-1,-1,-1,-1,850.000,825.000,-1,-1,2,0,2,0,2,0,0,0,0,2,2,2,2,0,0,2,2
12,1949.279,-6102.920,-54.859,157.981,-0.926390,-0.374905,-0.035330,0.374384,-0.927045,0.020605,-0.040478,0.005861,0.999163,0,0.66134,-0.18867,39.680,-0.377,-1,400.000,-1,400.000,-1,325.000,325.000,300.000,300.000,-1,-1,-1,-1,850.000,825.000,-1,-1,2,0,2,0,2,0,0,0,0,2,2,2,2,0,0,2,2
13,1912.442,-6087.739,-56.542,157.602,-0.923849,-0.381026,-0.036356,0.380528,-0.924553,0.020026,-0.041243,0.004667,0.999138,0,0.66404,-0.18934,39.843,-0.379,-1,400.000,-1,400.000,-1,325.000,325.000,300.000,300.000,-1,-1,-1,-1,850.000,825.000,-1,-1,2,0,2,0,2,0,0,0,0,2,2,2,2,0,0,2,2
14,1875.556,-6072.251,-58.298,157.222,-0.921269,-0.387151,-0.037113,0.386672,-0.922009,0.019614,-0.041812,0.003720,0.999119,0,0.66676,-0.19000,40.006,-0.380,-1,400.000,-1,400.000,-1,325.000,325.000,300.000,300.000,-1,-1,-1,-1,850.000,825.000,-1,-1,2,0,2,0,2,0,0,0,0,2,2,2,2,0,0,2,2
15,1838.623,-6056.453,-60.091,156.841,-0.918640,-0.393280,-0.037851,0.392815,-0.919414,0.019326,-0.042401,0.002885,0.999097,0,0.66949,-0.19066,40.169,-0.381,-1,400.000,-1,400.000,-1,325.000,325.000,300.000,300.000,-1,-1,-1,-1,850.000,825.000,-1,-1,2,0,2,0,2,0,0,0,0,2,2,2,2,0,1,2,2
16,1801.646,-6040.343,-62.048,156.459,-0.915951,-0.399411,-0.038795,0.398930,-0.916768,0.019776,-0.043464,0.002637,0.999051,0,0.67224,-0.19131,40.334,-0.383,-1,400.000,-1,400.000,-1,325.000,325.000,300.000,300.000,-1,-1,-1,-1,850.000,825.000,-1,-1,2,0,2,0,2,0,0,0,0,2,2,2,2,0,1,2,2
17,1764.626,-6023.918,-64.010,156.075,-0.913211,-0.405545,-0.039742,0.405046,-0.914072,0.020245,-0.044538,0.002391,0.999005,0,0.67500,-0.19195,40.500,-0.384,-1,400.000,-1,400.000,-1,325.000,325.000,300.000,300.000,-1,-1,-1,-1,850.000,800.000,-1,-1,2,0,2,0,2,0,0,0,0,2,2,2,2,0,1,2,2
18,1727.566,-6007.177,-65.980,155.689,-0.910419,-0.411681,-0.040693,0.411164,-0.911326,0.020736,-0.045621,0.002147,0.998957,0,0.67777,-0.19259,40.666,-0.385,-1,400.000,-1,400.000,-1,325.000,325.000,300.000,300.000,-1,-1,-1,-1,850.000,775.000,-1,-1,2,0,2,0,2,0,0,0,0,2,2,2,2,0,1,2,2
19,1694.966,-5992.223,-67.715,155.360,-0.907994,-0.416919,-0.041530,0.416385,-0.908941,0.021184,-0.046580,0.001943,0.998913,0,0.59777,-0.16488,35.866,-0.330,-1,400.000,-1,400.000,-1,325.000,325.000,300.000,300.000,-1,-1,-1,-1,850.000,775.000,-1,-1,2,0,2,0,2,0,0,0,0,2,2,2,2,0,1,2,2
20,1664.460,-5978.017,-69.341,155.029,-0.905532,-0.422162,-0.042315,0.421611,-0.906519,0.021616,-0.047485,0.001733,0.998870,0,0.56086,-0.16545,33.651,-0.331,-1,400.000,-1,400.000,-1,325.000,325.000,300.000,300.000,-1,-1,-1,-1,850.000,750.000,-1,-1,2,0,2,0,2,0,0,0,0,2,2,2,2,0,1,2,2
21,1633.911,-5963.575,-70.973,154.697,-0.903032,-0.427406,-0.043103,0.426839,-0.904058,0.022063,-0.048398,0.001526,0.998827,0,0.56317,-0.16596,33.790,-0.332,-1,400.000,-1,400.000,-1,325.000,325.000,300.000,300.000,-1,-1,-1,-1,850.000,725.000,-1,-1,2,0,2,0,2,0,0,0,0,2,2,2,2,0,1,2,2
22,1603.322,-5948.895,-72.610,154.364,-0.900492,-0.432653,-0.043893,0.432068,-0.901560,0.022526,-0.049318,0.001319,0.998782,0,0.56549,-0.16647,33.929,-0.333,-1,400.000,-1,400.000,-1,325.000,325.000,300.000,300.000,-1,-1,-1,-1,850.000,725.000,-1,-1,2,0,2,0,2,0,0,0,0,2,2,2,2,0,1,2,2
23,1572.693,-5933.976,-74.263,154.030,-0.897912,-0.437900,-0.044696,0.437295,-0.899023,0.023053,-0.050277,0.001155,0.998735,0,0.56782,-0.16699,34.069,-0.334,-1,400.000,-1,400.000,-1,325.000,325.000,300.000,300.000,-1,-1,-1,-1,850.000,700.000,-1,1000.000,2,0,2,0,2,0,0,0,0,2,2,2,2,0,1,2,1
24,1542.025,-5918.816,-75.953,153.695,-0.895291,-0.443149,-0.045532,0.442514,-0.896447,0.023746,-0.051340,0.001111,0.998681,0,0.57017,-0.16750,34.210,-0.335,-1,400.000,-1,400.000,-1,325.000,325.000,300.000,300.000,-1,-1,-1,-1,850.000,675.000,-1,950.000,2,0,2,0,2,0,0,0,0,2,2,2,2,0,1,2,1
25,1511.321,-5903.413,-77.648,153.359,-0.892630,-0.448399,-0.046368,0.447733,-0.893833,0.024456,-0.052411,0.001069,0.998625,0,0.57252,-0.16801,34.351,-0.336,1000.000,400.000,-1,400.000,-1,325.000,325.000,300.000,300.000,-1,-1,-1,-1,850.000,675.000,1000.000,925.000,1,0,2,0,2,0,0,0,0,2,2,2,2,0,1,1,1
26,1480.581,-5887.765,-79.348,153.022,-0.889929,-0.453649,-0.047204,0.452951,-0.891180,0.025182,-0.053491,0.001029,0.998568,0,0.57488,-0.16853,34.493,-0.337,950.000,400.000,-1,400.000,-1,325.000,325.000,300.000,300.000,-1,-1,-1,-1,850.000,650.000,975.000,875.000,1,0,2,1,2,0,1,0,0,2,2,2,2,0,1,1,1
27,1449.808,-5871.870,-81.168,152.684,-0.887194,-0.458900,-0.047922,0.458201,-0.888488,0.025339,-0.054206,0.000522,0.998530,0,0.57726,-0.16904,34.636,-0.338,925.000,400.000,-1,400.000,-1,325.000,325.000,300.000,300.000,-1,-1,-1,-1,825.000,625.000,950.000,850.000,1,0,2,1,2,0,1,0,0,2,2,2,2,1,1,1,1
28,1419.002,-5855.728,-83.010,152.345,-0.884420,-0.464151,-0.048631,0.463454,-0.885756,0.025431,-0.054879,-0.000047,0.998493,0,0.57964,-0.16957,34.779,-0.339,900.000,400.000,-1,375.000,-1,325.000,325.000,300.000,300.000,-1,-1,-1,-1,825.000,625.000,900.000,800.000,1,0,2,1,2,0,1,0,0,2,2,2,2,1,1,1,1
29,1388.166,-5839.335,-84.904,152.005,-0.881595,-0.469402,-0.049521,0.468714,-0.882984,0.025409,-0.055654,-0.000811,0.998450,0,0.58204,-0.17009,34.922,-0.340,850.000,400.000,-1,375.000,-1,325.000,325.000,300.000,300.000,-1,-1,-1,-1,800.000,600.000,875.000,775.000,1,0,2,1,2,0,1,0,0,2,2,2,2,1,1,1,1
30,1357.302,-5822.691,-86.920,151.663,-0.878705,-0.474652,-0.050825,0.473993,-0.880171,0.025076,-0.056637,-0.002056,0.998393,0,0.58444,-0.17063,35.066,-0.341,825.000,400.000,-1,375.000,1000.000,325.000,325.000,300.000,300.000,-1,-1,-1,-1,775.000,575.000,850.000,725.000,1,0,2,1,1,0,1,0,0,2,2,2,2,1,1,1,1
31,1326.410,-5805.793,-88.945,151.321,-0.875772,-0.479901,-0.052146,0.479273,-0.877317,0.024752,-0.057627,-0.003315,0.998333,0,0.58685,-0.17117,35.211,-0.342,775.000,400.000,-1,375.000,950.000,325.000,300.000,300.000,300.000,-1,-1,-1,-1,750.000,550.000,800.000,700.000,1,0,2,1,1,1,1,0,0,2,2,2,2,1,1,1,1
32,1295.493,-5788.640,-90.977,150.977,-0.872795,-0.485148,-0.053485,0.484554,-0.874420,0.024439,-0.058625,-0.004586,0.998270,0,0.58927,-0.17172,35.356,-0.343,750.000,400.000,1000.000,350.000,900.000,325.000,300.000,300.000,300.000,-1,-1,-1,-1,725.000,550.000,775.000,650.000,1,0,1,1,1,1,1,0,0,2,2,2,2,1,1,1,1
33,1260.579,-5768.802,-93.289,150.394,-0.867707,-0.494022,-0.055018,0.493473,-0.869427,0.024115,-0.059748,-0.006225,0.998194,0,0.66927,-0.29172,40.156,-0.583,700.000,400.000,950.000,350.000,850.000,325.000,300.000,300.000,300.000,-1,-1,-1,-1,675.000,525.000,725.000,625.000,1,0,1,1,1,1,1,0,0,2,2,2,2,1,1,1,1
34,1221.815,-5746.033,-95.971,149.571,-0.860421,-0.506460,-0.056343,0.505954,-0.862227,0.023964,-0.060717,-0.007888,0.998124,0,0.74927,-0.41172,44.956,-0.823,675.000,400.000,900.000,325.000,775.000,300.000,300.000,300.000,300.000,-1,-1,-1,-1,650.000,500.000,700.000,575.000,1,0,1,1,1,1,1,0,0,2,2,2,2,1,1,1,1
35,1179.387,-5720.041,-99.053,148.507,-0.850791,-0.522368,-0.057322,0.521900,-0.852668,0.024043,-0.061436,-0.009461,0.998066,0,0.82927,-0.53172,49.756,-1.063,625.000,400.000,825.000,325.000,725.000,300.000,275.000,300.000,300.000,-1,-1,-1,-1,600.000,475.000,650.000,525.000,1,1,1,1,1,1,1,0,0,2,2,2,2,1,1,1,1
36,1133.527,-5690.490,-102.427,147.204,-0.838593,-0.541618,-0.058403,0.541196,-0.840548,0.024191,-0.062193,-0.011321,0.998000,0,0.90927,-0.65172,54.556,-1.303,575.000,375.000,775.000,300.000,675.000,275.000,275.000,300.000,325.000,-1,-1,-1,-1,550.000,450.000,600.000,475.000,1,1,1,1,1,1,1,0,0,2,2,2,2,1,1,1,1
37,1084.386,-5657.199,-105.276,145.882,-0.825812,-0.560821,-0.059285,0.560681,-0.827777,0.020540,-0.060594,-0.016278,0.998030,0,0.98927,-0.66075,59.356,-1.322,525.000,350.000,725.000,300.000,650.000,275.000,250.000,300.000,325.000,-1,-1,-1,-1,500.000,425.000,550.000,450.000,1,1,1,1,1,1,1,0,0,2,2,2,2,1,1,1,1
38,1035.500,-5622.411,-107.650,144.561,-0.812618,-0.579675,-0.060233,0.579954,-0.814520,0.014535,-0.057487,-0.023121,0.998079,0,1.00000,-0.66043,60.000,-1.321,475.000,325.000,675.000,275.000,650.000,250.000,250.000,300.000,325.000,-1,-1,-1,-1,475.000,400.000,475.000,400.000,1,1,1,1,1,1,1,0,0,2,2,2,2,1,1,1,1
39,987.429,-5586.508,-109.723,143.241,-0.799022,-0.598156,-0.061429,0.598918,-0.800778,0.007196,-0.053496,-0.031041,0.998086,0,1.00000,-0.65998,60.000,-1.320,425.000,300.000,625.000,275.000,700.000,250.000,225.000,300.000,350.000,-1,-1,-1,-1,425.000,375.000,425.000,375.000,1,1,1,1,1,1,1,0,0,2,2,2,2,1,1,1,1
40,940.197,-5549.507,-110.974,141.923,-0.785247,-0.616292,-0.059758,0.617429,-0.786627,-0.000705,-0.046573,-0.037450,0.998213,0,1.00000,-0.65940,60.000,-1.319,375.000,275.000,600.000,250.000,800.000,225.000,225.000,300.000,375.000,-1,-1,-1,-1,375.000,350.000,375.000,375.000,1,1,1,1,1,1,1,0,0,2,2,2,2,1,1,1,1
41,893.831,-5511.427,-110.309,140.605,-0.771571,-0.634197,-0.049722,0.635286,-0.772230,-0.008494,-0.033010,-0.038141,0.998727,0,1.00000,-0.65866,60.000,-1.317,350.000,275.000,-1,250.000,-1,225.000,225.000,325.000,375.000,-1,375.000,525.000,-1,375.000,350.000,325.000,425.000,1,1,2,1,2,1,1,0,0,2,0,0,2,1,1,1,1
42,848.351,-5472.293,-109.054,139.290,-0.757498,-0.651745,-0.037737,0.652629,-0.757451,-0.018544,-0.016498,-0.038676,0.999116,0,1.00000,-0.65776,60.000,-1.316,300.000,275.000,-1,250.000,-1,225.000,225.000,325.000,400.000,-1,200.000,275.000,-1,350.000,350.000,300.000,525.000,1,1,2,1,2,1,1,0,0,2,0,0,2,1,1,1,1
43,4263.630,-327.974,-193.863,-18.992,0.917871,0.325360,-0.227272,-0.321230,0.945343,0.056010,0.233074,0.021596,0.972219,1,0.00000,0.00000,60.000,-1.313,-1,225.000,-1,275.000,-1,200.000,225.000,525.000,400.000,600.000,100.000,100.000,500.000,300.000,400.000,-1,450.000,2,1,2,1,2,1,1,0,0,0,0,0,0,1,1,2,1
44,-7540.385,-331.840,-119.265,-53.936,0.587775,0.807787,0.044725,-0.808656,0.588277,0.002343,-0.024418,-0.037544,0.998997,1,0.08000,0.10897,4.800,0.218,-1,400.000,-1,375.000,-1,325.000,325.000,300.000,300.000,-1,675.000,775.000,-1,750.000,800.000,-1,-1,2,0,2,0,2,0,0,0,0,2,0,0,2,0,0,2,2
45,-7534.705,-339.579,-119.512,-53.719,0.590837,0.805560,0.044541,-0.806423,0.591334,0.002453,-0.024362,-0.037369,0.999005,0,0.16000,0.10843,9.600,0.217,-1,400.000,-1,375.000,-1,325.000,325.000,300.000,300.000,-1,675.000,775.000,-1,750.000,800.000,-1,-1,2,0,2,0,2,0,0,0,0,2,0,0,2,0,0,2,2
46,-7526.140,-351.155,-119.858,-53.504,0.593874,0.803338,0.044294,-0.804196,0.594358,0.002721,-0.024141,-0.037237,0.999015,0,0.24000,0.10757,14.400,0.215,-1,400.000,-1,375.000,-1,325.000,325.000,300.000,300.000,-1,675.000,775.000,-1,750.000,800.000,-1,-1,2,0,2,0,2,0,0,0,0,2,0,0,2,0,0,2,2
47,-7514.663,-366.547,-120.326,-53.291,0.596873,0.801130,0.043960,-0.801982,0.597340,0.003056,-0.023811,-0.037080,0.999029,0,0.32000,0.10637,19.200,0.213,-1,400.000,-1,400.000,-1,325.000,325.000,300.000,275.000,-1,675.000,800.000,-1,775.000,800.000,-1,-1,2,0,2,0,2,0,0,0,0,2,0,0,2,1,0,2,2
48,-7500.247,-385.735,-120.922,-53.081,0.599827,0.798944,0.043538,-0.799788,0.600272,0.003453,-0.023377,-0.036892,0.999046,0,0.40000,0.10484,24.000,0.210,-1,400.000,-1,400.000,-1,325.000,325.000,300.000,275.000,-1,700.000,800.000,-1,775.000,825.000,-1,-1,2,0,2,0,2,0,0,0,0,2,0,0,2,1,0,2,2
49,-7482.865,-408.698,-121.653,-52.875,0.602725,0.796788,0.043029,-0.797622,0.603145,0.003900,-0.022845,-0.036671,0.999066,0,0.48000,0.10298,28.800,0.206,-1,400.000,-1,400.000,-1,325.000,325.000,300.000,275.000,-1,700.000,800.000,-1,775.000,825.000,-1,-1,2,0,2,0,2,0,0,0,0,2,0,0,2,1,0,2,2
50,-7462.492,-435.417,-122.519,-52.674,0.605556,0.794668,0.042484,-0.795491,0.605949,0.004386,-0.022257,-0.036451,0.999088,0,0.56000,0.10078,33.600,0.202,-1,400.000,-1,400.000,-1,325.000,325.000,300.000,275.000,-1,725.000,825.000,-1,750.000,850.000,-1,-1,2,0,2,0,2,0,0,0,0,2,0,0,2,1,0,2,2
51,-7439.103,-465.872,-123.322,-52.477,0.608273,0.792569,0.042872,-0.793417,0.608659,0.004883,-0.022225,-0.036985,0.999069,0,0.64000,0.09825,38.400,0.196,-1,400.000,-1,400.000,-1,325.000,325.000,300.000,275.000,-1,750.000,850.000,-1,750.000,850.000,-1,-1,2,0,2,0,2,0,0,0,0,2,0,0,2,1,0,2,2
52,-7412.676,-500.046,-124.264,-52.286,0.610915,0.790512,0.043300,-0.791385,0.611294,0.005400,-0.022200,-0.037566,0.999048,0,0.72000,0.09584,43.200,0.192,-1,400.000,-1,400.000,-1,325.000,325.000,300.000,300.000,-1,800.000,900.000,-1,750.000,875.000,-1,-1,2,0,2,0,2,0,0,0,0,2,0,0,2,1,0,2,2
53,-7385.752,-534.627,-125.263,-52.096,0.613515,0.788471,0.043731,-0.789371,0.613888,0.005883,-0.022207,-0.038129,0.999026,0,0.73045,0.09462,43.827,0.189,-1,400.000,-1,400.000,-1,325.000,325.000,300.000,300.000,-1,825.000,950.000,-1,725.000,875.000,-1,-1,2,0,2,0,2,0,0,0,0,2,0,0,2,1,1,2,2
54,-7358.776,-569.042,-126.302,-51.909,0.616077,0.786447,0.044158,-0.787372,0.616446,0.006322,-0.022249,-0.038663,0.999005,0,0.72879,0.09351,43.727,0.187,-1,400.000,-1,425.000,-1,325.000,325.000,300.000,300.000,-1,875.000,975.000,-1,725.000,850.000,-1,-1,2,0,2,0,2,0,0,0,0,2,0,0,2,1,1,2,2
55,-7331.755,-603.286,-127.552,-51.724,0.618593,0.784456,0.044397,-0.785380,0.618986,0.005924,-0.022834,-0.038533,0.998996,0,0.72700,0.09252,43.620,0.185,-1,400.000,-1,425.000,-1,325.000,325.000,300.000,300.000,-1,925.000,-1,-1,700.000,825.000,-1,-1,2,1,2,0,2,0,0,0,0,2,0,2,2,1,1,2,2
56,-7304.697,-637.353,-128.890,-51.541,0.621075,0.782482,0.044586,-0.783396,0.621501,0.005250,-0.023602,-0.038189,0.998992,0,0.72510,0.09167,43.506,0.183,-1,400.000,-1,425.000,-1,325.000,325.000,300.000,300.000,-1,1000.000,-1,-1,675.000,825.000,-1,-1,2,1,2,0,2,1,0,0,1,2,0,2,2,1,1,2,2
57,-7277.605,-671.241,-130.212,-51.359,0.623542,0.780522,0.044498,-0.781414,0.623996,0.004539,-0.024223,-0.037602,0.998999,0,0.72310,0.09095,43.386,0.182,-1,400.000,-1,425.000,-1,325.000,325.000,300.000,275.000,-1,-1,-1,-1,675.000,800.000,-1,-1,2,1,2,0,2,1,0,0,1,2,2,2,2,1,1,2,2
58,-7250.485,-704.946,-131.562,-51.178,0.625988,0.778569,0.044376,-0.779436,0.626470,0.003790,-0.024850,-0.036961,0.999008,0,0.72101,0.09037,43.261,0.181,-1,375.000,-1,425.000,-1,325.000,325.000,300.000,275.000,-1,-1,-1,-1,650.000,775.000,-1,975.000,2,1,2,0,2,1,0,0,1,2,2,2,2,1,1,2,1
59,-7223.341,-738.465,-132.951,-50.999,0.628415,0.776617,0.044269,-0.777460,0.628926,0.003002,-0.025511,-0.036304,0.999015,0,0.71886,0.08992,43.132,0.180,-1,375.000,-1,425.000,975.000,325.000,350.000,300.000,300.000,-1,-1,-1,-1,625.000,725.000,-1,925.000,2,1,2,0,1,1,1,0,1,2,2,2,2,1,1,2,1
60,-7196.176,-771.797,-134.246,-50.819,0.630819,0.774680,0.044034,-0.775473,0.631379,0.001516,-0.026628,-0.035104,0.999029,0,0.71666,0.08961,43.000,0.179,-1,375.000,-1,425.000,925.000,325.000,325.000,300.000,300.000,-1,-1,-1,-1,600.000,700.000,-1,875.000,2,1,2,0,1,1,1,0,1,2,2,2,2,1,1,2,1
61,-7166.502,-807.750,-135.662,-50.465,0.635571,0.770800,0.043774,-0.771530,0.636193,-0.000341,-0.028111,-0.033557,0.999041,0,0.77695,0.17721,46.617,0.354,-1,375.000,-1,425.000,850.000,300.000,325.000,300.000,300.000,-1,-1,-1,-1,575.000,675.000,-1,825.000,2,1,2,1,1,1,1,0,1,2,2,2,2,1,1,2,1
62,-7136.479,-843.670,-137.084,-50.109,0.640300,0.766873,0.043839,-0.767547,0.640989,-0.002210,-0.029795,-0.032233,0.999036,0,0.78025,0.17768,46.815,0.355,-1,350.000,-1,400.000,775.000,300.000,325.000,300.000,300.000,-1,-1,-1,-1,575.000,625.000,-1,775.000,2,1,2,1,1,1,1,0,0,2,2,2,2,1,1,2,1
63,-7106.105,-879.554,-138.505,-49.753,0.645002,0.762897,0.044271,-0.763523,0.645768,-0.004086,-0.031706,-0.031167,0.999011,0,0.78356,0.17817,47.013,0.356,-1,350.000,-1,400.000,725.000,300.000,300.000,300.000,300.000,-1,-1,-1,-1,550.000,600.000,-1,700.000,2,1,2,1,1,1,1,0,0,2,2,2,2,1,1,2,1
64,-7075.377,-915.399,-139.976,-49.396,0.649698,0.758883,0.044603,-0.759451,0.650537,-0.005977,-0.033551,-0.029991,0.998987,0,0.78688,0.17866,47.213,0.357,-1,325.000,-1,375.000,675.000,275.000,300.000,300.000,300.000,-1,-1,-1,-1,525.000,575.000,-1,650.000,2,1,2,1,1,1,1,0,0,2,2,2,2,1,1,2,1
65,-7044.296,-951.203,-141.172,-49.037,0.654472,0.754856,0.043124,-0.755310,0.655320,-0.007956,-0.034265,-0.027365,0.999038,0,0.79021,0.17918,47.413,0.358,-1,325.000,-1,375.000,625.000,275.000,300.000,300.000,300.000,-1,-1,-1,-1,500.000,550.000,-1,600.000,2,1,2,1,1,1,1,0,0,2,2,2,2,1,1,2,1
66,-7012.859,-986.962,-142.307,-48.678,0.659268,0.750792,0.040949,-0.751114,0.660097,-0.010005,-0.034542,-0.024161,0.999111,0,0.79355,0.17972,47.613,0.359,-1,325.000,-1,350.000,575.000,275.000,275.000,300.000,300.000,-1,-1,-1,-1,475.000,500.000,-1,550.000,2,1,2,1,1,1,1,0,0,2,2,2,2,1,1,2,1
67,-6981.063,-1022.672,-143.381,-48.317,0.664086,0.746686,0.038070,-0.746865,0.664865,-0.012138,-0.034375,-0.020372,0.999201,0,0.79691,0.18029,47.814,0.361,-1,300.000,-1,350.000,525.000,250.000,275.000,325.000,300.000,-1,-1,-1,-1,450.000,475.000,-1,500.000,2,1,2,1,1,1,1,0,0,2,2,2,2,1,1,2,1
68,-6948.908,-1058.331,-144.397,-47.956,0.668924,0.742532,0.034450,-0.742565,0.669620,-0.014372,-0.033740,-0.015968,0.999303,0,0.80027,0.18090,48.016,0.362,-1,300.000,-1,325.000,475.000,250.000,275.000,325.000,300.000,-1,-1,-1,-1,450.000,450.000,-1,450.000,2,1,2,1,1,1,1,0,0,2,2,2,2,1,1,2,1
69,-6913.454,-1097.479,-145.246,-47.834,0.670728,0.741156,0.028490,-0.741086,0.671242,-0.015023,-0.030258,-0.011038,0.999481,0,0.88027,0.06090,52.816,0.122,-1,275.000,-1,300.000,425.000,250.000,250.000,325.000,300.000,-1,-1,-1,-1,425.000,425.000,-1,425.000,2,1,2,1,1,1,1,0,0,2,2,2,2,1,1,2,1
70,-6874.867,-1140.264,-144.833,-47.952,0.669438,0.742553,0.021648,-0.742541,0.669724,-0.010179,-0.022057,-0.009260,0.999714,0,0.96027,-0.05910,57.616,-0.118,-1,275.000,-1,300.000,400.000,250.000,250.000,350.000,300.000,-1,-1,-1,-1,425.000,425.000,-1,375.000,2,1,2,1,1,1,1,0,0,2,2,2,2,1,1,2,1
71,-6835.692,-1184.249,-143.970,-48.310,0.664982,0.746740,0.013384,-0.746755,0.665082,-0.004869,-0.012537,-0.006757,0.999899,0,0.98169,-0.17910,58.901,-0.358,-1,275.000,-1,275.000,375.000,250.000,250.000,350.000,300.000,-1,975.000,800.000,-1,525.000,400.000,-1,350.000,2,1,2,1,1,1,1,0,0,2,0,0,2,1,1,2,1
72,-6796.791,-1228.772,-142.749,-48.855,0.657964,0.753039,0.003949,-0.753048,0.657964,0.001381,-0.001559,-0.003882,0.999991,0,0.98540,-0.27230,59.124,-0.545,-1,275.000,-1,275.000,350.000,250.000,250.000,375.000,325.000,-1,500.000,275.000,875.000,-1,400.000,-1,350.000,2,1,2,1,1,1,1,0,0,2,0,0,1,2,1,2,1
73,2951.701,-5575.429,-37.577,-128.968,-0.628935,0.776994,-0.026867,-0.777457,-0.628489,0.023736,0.001557,0.035817,0.999357,1,0.00000,0.00000,59.333,-0.537,-1,400.000,-1,400.000,-1,325.000,325.000,300.000,300.000,-1,-1,-1,-1,775.000,775.000,-1,-1,2,0,2,0,2,0,0,0,0,2,2,2,2,0,0,2,2
74,2948.698,-5579.173,-37.572,-128.728,-0.625677,0.779620,-0.026861,-0.780080,-0.625228,0.023753,0.001724,0.035815,0.999357,0,0.08000,0.12000,4.800,0.240,-1,400.000,-1,400.000,-1,325.000,325.000,300.000,300.000,-1,-1,-1,-1,775.000,775.000,-1,-1,2,0,2,0,2,0,0,0,0,2,2,2,2,0,0,2,2
75,2942.755,-5586.713,-37.561,-128.248,-0.619129,0.784830,-0.026849,-0.785286,-0.618675,0.023794,0.002063,0.035816,0.999356,0,0.16000,0.24000,9.600,0.480,-1,400.000,-1,400.000,-1,325.000,325.000,300.000,300.000,-1,-1,-1,-1,775.000,775.000,-1,-1,2,0,2,0,2,0,0,0,0,2,2,2,2,0,0,2,2
76,2933.966,-5598.119,-37.544,-127.614,-0.610412,0.791629,-0.026833,-0.792080,-0.609951,0.023865,0.002526,0.035821,0.999355,0,0.24000,0.31707,14.400,0.634,-1,400.000,-1,400.000,-1,325.000,325.000,300.000,300.000,-1,-1,-1,-1,775.000,775.000,-1,-1,2,0,2,0,2,0,0,0,0,2,2,2,2,0,0,2,2
77,2922.417,-5613.457,-37.512,-126.980,-0.601621,0.798332,-0.026800,-0.798776,-0.601153,0.023930,0.002993,0.035804,0.999354,0,0.32000,0.31707,19.200,0.634,-1,400.000,-1,400.000,-1,325.000,325.000,300.000,300.000,-1,-1,-1,-1,775.000,775.000,-1,-1,2,0,2,0,2,0,0,0,0,2,2,2,2,0,0,2,2
78,2908.193,-5632.788,-37.458,-126.346,-0.592757,0.804937,-0.026754,-0.805374,-0.592281,0.023996,0.003470,0.035770,0.999354,0,0.40000,0.31707,24.000,0.634,-1,400.000,-1,400.000,-1,325.000,325.000,300.000,300.000,-1,-1,-1,-1,775.000,775.000,-1,-1,2,0,2,0,2,0,0,0,0,2,2,2,2,0,0,2,2
79,2891.382,-5656.172,-37.374,-125.712,-0.583820,0.811444,-0.026695,-0.811874,-0.583337,0.024059,0.003950,0.035719,0.999354,0,0.48000,0.31707,28.800,0.634,-1,400.000,-1,400.000,-1,325.000,325.000,300.000,300.000,-1,-1,-1,-1,775.000,775.000,-1,-1,2,0,2,0,2,0,0,0,0,2,2,2,2,0,0,2,2
80,2872.073,-5683.670,-37.254,-125.078,-0.574811,0.817853,-0.026621,-0.818274,-0.574322,0.024112,0.004431,0.035643,0.999355,0,0.56000,0.31707,33.600,0.634,-1,400.000,-1,400.000,-1,325.000,325.000,300.000,300.000,-1,-1,-1,-1,775.000,775.000,-1,-1,2,0,2,0,2,0,0,0,0,2,2,2,2,0,0,2,2
81,2850.354,-5715.337,-37.100,-124.444,-0.565733,0.824163,-0.026479,-0.824574,-0.565238,0.024156,0.004942,0.035499,0.999357,0,0.64000,0.31707,38.400,0.634,-1,400.000,-1,400.000,-1,325.000,325.000,300.000,300.000,-1,-1,-1,-1,775.000,775.000,-1,-1,2,0,2,0,2,0,0,0,0,2,2,2,2,0,0,2,2
82,2826.316,-5751.232,-36.895,-123.809,-0.556585,0.830374,-0.026312,-0.830773,-0.556086,0.024182,0.005448,0.035318,0.999361,0,0.72000,0.31707,43.200,0.634,-1,400.000,-1,400.000,-1,325.000,325.000,300.000,300.000,-1,-1,-1,-1,775.000,775.000,-1,-1,2,0,2,0,2,0,0,0,0,2,2,2,2,0,0,2,2
83,2800.051,-5791.408,-36.632,-123.175,-0.547368,0.836484,-0.026121,-0.836871,-0.546866,0.024182,0.005943,0.035097,0.999366,0,0.80000,0.31707,48.000,0.634,-1,400.000,-1,400.000,-1,325.000,325.000,300.000,300.000,-1,-1,-1,-1,775.000,800.000,-1,-1,2,0,2,0,2,0,0,0,0,2,2,2,2,0,0,2,2
84,2771.807,-5835.671,-36.323,-122.541,-0.538081,0.842496,-0.025875,-0.842869,-0.537581,0.024058,0.006359,0.034754,0.999376,0,0.87511,0.31707,52.506,0.634,-1,400.000,-1,400.000,-1,325.000,325.000,300.000,300.000,-1,-1,-1,-1,775.000,800.000,-1,-1,2,0,2,0,2,0,0,0,0,2,2,2,2,0,0,2,2
85,2744.055,-5880.244,-35.992,-121.907,-0.528726,0.848407,-0.025585,-0.848766,-0.528232,0.023800,0.006677,0.034300,0.999389,0,0.87511,0.31707,52.506,0.634,-1,400.000,-1,400.000,-1,325.000,325.000,300.000,300.000,-1,-1,-1,-1,800.000,800.000,-1,-1,2,0,2,0,2,0,0,0,0,2,2,2,2,0,0,2,2
86,2716.798,-5925.121,-35.627,-121.273,-0.519304,0.854216,-0.025276,-0.854562,-0.518819,0.023484,0.006947,0.033795,0.999405,0,0.87511,0.31707,52.506,0.634,-1,400.000,-1,400.000,-1,325.000,325.000,300.000,300.000,-1,-1,-1,-1,800.000,800.000,-1,-1,2,0,2,0,2,0,0,0,0,2,2,2,2,0,0,2,2
87,2690.039,-5970.297,-35.226,-120.639,-0.509816,0.859922,-0.024945,-0.860254,-0.509342,0.023111,0.007168,0.033241,0.999422,0,0.87511,0.31707,52.506,0.634,-1,400.000,-1,400.000,-1,325.000,325.000,300.000,300.000,-1,-1,-1,-1,800.000,800.000,-1,-1,2,0,2,0,2,0,0,0,0,2,2,2,2,0,0,2,2
88,2663.782,-6015.767,-34.865,-120.005,-0.500269,0.865516,-0.024772,-0.865838,-0.499799,0.022918,0.007455,0.032913,0.999430,0,0.87511,0.31707,52.506,0.634,-1,400.000,-1,400.000,-1,325.000,325.000,300.000,300.000,-1,-1,-1,-1,800.000,825.000,-1,-1,2,0,2,0,2,0,0,0,0,2,2,2,2,0,0,2,2
89,2638.030,-6061.524,-34.534,-119.371,-0.490658,0.870998,-0.024840,-0.871319,-0.490192,0.022684,0.007581,0.032774,0.999434,0,0.87511,0.31707,52.506,0.634,-1,400.000,-1,400.000,-1,325.000,325.000,300.000,300.000,-1,-1,-1,-1,800.000,825.000,-1,-1,2,0,2,0,2,0,0,0,0,2,2,2,2,0,0,2,2
90,2612.786,-6107.564,-34.289,-118.736,-0.480980,0.876362,-0.025445,-0.876701,-0.480518,0.022316,0.007331,0.033041,0.999427,0,0.87511,0.31707,52.506,0.634,-1,400.000,-1,400.000,-1,325.000,325.000,300.000,300.000,-1,-1,-1,-1,800.000,825.000,-1,-1,2,0,2,0,2,0,0,0,0,2,2,2,2,0,0,2,2
91,2588.054,-6153.880,-34.039,-118.102,-0.471241,0.881617,-0.026140,-0.881977,-0.470784,0.021881,0.006985,0.033366,0.999419,0,0.87511,0.31707,52.506,0.634,-1,400.000,-1,400.000,-1,325.000,325.000,300.000,300.000,-1,-1,-1,-1,800.000,825.000,-1,-1,2,0,2,0,2,0,0,0,0,2,2,2,2,0,0,2,2
92,2563.446,-6200.736,-33.772,-117.708,-0.465150,0.884825,-0.026842,-0.885208,-0.464703,0.021389,0.006452,0.033710,0.999411,0,0.88207,0.19707,52.924,0.394,-1,400.000,-1,400.000,-1,325.000,325.000,300.000,300.000,-1,-1,-1,-1,800.000,825.000,-1,-1,2,0,2,0,2,0,0,0,0,2,2,2,2,0,0,2,2
93,2538.964,-6247.657,-33.528,-117.554,-0.462752,0.886064,-0.027403,-0.886469,-0.462317,0.020881,0.005833,0.033954,0.999406,0,0.88207,0.07707,52.924,0.154,-1,400.000,-1,400.000,-1,325.000,325.000,300.000,300.000,-1,-1,-1,-1,800.000,825.000,-1,-1,2,0,2,0,2,0,0,0,0,2,2,2,2,0,0,2,2
94,2514.411,-6294.542,-33.286,-117.640,-0.464059,0.885362,-0.027976,-0.885790,-0.463640,0.020337,0.005035,0.034218,0.999402,0,0.88207,-0.04293,52.924,-0.086,-1,400.000,-1,400.000,-1,325.000,325.000,300.000,300.000,-1,-1,-1,-1,800.000,825.000,-1,-1,2,0,2,0,2,0,0,0,0,2,2,2,2,0,0,2,2
95,2489.593,-6341.286,-33.057,-117.966,-0.469063,0.882703,-0.028571,-0.883156,-0.468664,0.019763,0.004055,0.034503,0.999396,0,0.88207,-0.16293,52.924,-0.326,-1,400.000,-1,400.000,-1,325.000,325.000,300.000,300.000,-1,-1,-1,-1,800.000,825.000,-1,-1,2,0,2,0,2,0,0,0,0,2,2,2,2,0,0,2,2
96,2464.314,-6387.783,-32.851,-118.532,-0.477729,0.878022,-0.029181,-0.878502,-0.477354,0.019169,0.002901,0.034793,0.999390,0,0.88207,-0.28293,52.924,-0.566,-1,400.000,-1,400.000,-1,325.000,325.000,300.000,300.000,-1,-1,-1,-1,800.000,825.000,-1,-1,2,0,2,0,2,0,0,0,0,2,2,2,2,0,0,2,2
97,2438.504,-6433.988,-32.705,-119.188,-0.487725,0.872494,-0.029632,-0.872996,-0.487374,0.018584,0.001773,0.034932,0.999388,0,0.88207,-0.32805,52.924,-0.656,-1,400.000,-1,400.000,-1,325.000,325.000,300.000,300.000,-1,-1,-1,-1,825.000,825.000,-1,-1,2,0,2,0,2,0,0,0,0,2,2,2,2,0,0,2,2
98,2412.167,-6479.894,-32.612,-119.844,-0.497653,0.866856,-0.030034,-0.867376,-0.497333,0.017862,0.000546,0.034940,0.999389,0,0.88207,-0.32805,52.924,-0.656,-1,400.000,-1,400.000,-1,325.000,325.000,300.000,300.000,-1,-1,-1,-1,825.000,825.000,-1,-1,2,0,2,0,2,0,0,0,0,2,2,2,2,0,0,2,2
99,2385.305,-6525.495,-32.647,-120.500,-0.507506,0.861117,-0.030253,-0.861648,-0.507234,0.016632,-0.001023,0.034508,0.999404,0,0.88207,-0.32805,52.924,-0.656,-1,400.000,-1,400.000,-1,325.000,325.000,300.000,300.000,-1,-1,-1,-1,825.000,825.000,-1,-1,2,0,2,0,2,0,0,0,0,2,2,2,2,0,0,2,2
100,2357.924,-6570.786,-32.712,-121.156,-0.517292,0.855266,-0.030483,-0.855805,-0.517070,0.015376,-0.002611,0.034041,0.999417,0,0.88207,-0.32805,52.924,-0.656,-1,400.000,-1,400.000,-1,325.000,325.000,300.000,300.000,-1,-1,-1,-1,825.000,825.000,-1,-1,2,0,2,0,2,0,0,0,0,2,2,2,2,0,0,2,2
101,2330.025,-6615.760,-32.820,-121.812,-0.527011,0.849302,-0.030749,-0.849848,-0.526837,0.014158,-0.004175,0.033594,0.999427,0,0.88207,-0.32805,52.924,-0.656,-1,400.000,-1,400.000,-1,325.000,325.000,300.000,300.000,-1,-1,-1,-1,825.000,825.000,-1,-1,2,0,2,0,2,0,0,0,0,2,2,2,2,0,0,2,2
102,2301.613,-6660.412,-33.087,-122.468,-0.536671,0.843214,-0.031222,-0.843775,-0.536528,0.013484,-0.005381,0.033581,0.999422,0,0.88207,-0.32805,52.924,-0.656,-1,400.000,-1,400.000,-1,325.000,325.000,300.000,300.000,-1,-1,-1,-1,825.000,825.000,-1,-1,2,0,2,0,2,0,0,0,0,2,2,2,2,0,0,2,2
103,2272.682,-6704.752,-33.433,-123.124,-0.546256,0.837015,-0.031767,-0.837593,-0.546140,0.013009,-0.006460,0.033714,0.999411,0,0.88240,-0.32783,52.944,-0.656,-1,400.000,-1,400.000,-1,325.000,325.000,300.000,300.000,-1,-1,-1,-1,825.000,825.000,-1,-1,2,0,2,0,2,0,0,0,0,2,2,2,2,0,0,2,2
104,2243.160,-6748.892,-33.831,-123.776,-0.555714,0.830746,-0.032290,-0.831339,-0.555626,0.012458,-0.007592,0.033767,0.999401,0,0.88505,-0.32593,53.103,-0.652,-1,400.000,-1,400.000,-1,325.000,325.000,300.000,300.000,-1,-1,-1,-1,825.000,825.000,-1,-1,2,0,2,0,2,0,0,0,0,2,2,2,2,0,0,2,2
105,2213.055,-6792.821,-34.404,-124.423,-0.565025,0.824406,-0.033188,-0.825023,-0.564979,0.011652,-0.009145,0.033964,0.999381,0,0.88757,-0.32389,53.254,-0.648,-1,400.000,-1,400.000,-1,325.000,325.000,300.000,300.000,-1,-1,-1,-1,825.000,800.000,-1,-1,2,0,2,0,2,0,0,0,0,2,2,2,2,0,0,2,2
106,2182.376,-6836.525,-35.022,-125.067,-0.574199,0.818003,-0.034147,-0.818646,-0.574196,0.010868,-0.010717,0.034195,0.999358,0,0.88995,-0.32171,53.397,-0.643,-1,400.000,-1,400.000,-1,325.000,325.000,300.000,300.000,-1,-1,-1,-1,825.000,800.000,-1,-1,2,0,2,0,2,0,0,0,0,2,2,2,2,0,0,2,2
107,2151.135,-6879.994,-35.672,-125.706,-0.583234,0.811545,-0.035111,-0.812211,-0.583275,0.010112,-0.012273,0.034415,0.999332,0,0.89218,-0.31939,53.531,-0.639,-1,400.000,-1,400.000,-1,325.000,325.000,300.000,300.000,-1,-1,-1,-1,825.000,800.000,-1,-1,2,0,2,0,2,0,0,0,0,2,2,2,2,0,0,2,2
108,2119.340,-6923.213,-36.355,-126.339,-0.592127,0.805037,-0.036076,-0.805727,-0.592213,0.009384,-0.013810,0.034624,0.999305,0,0.89424,-0.31693,53.655,-0.634,-1,400.000,-1,400.000,-1,325.000,325.000,300.000,300.000,-1,-1,-1,-1,825.000,800.000,-1,-1,2,0,2,0,2,0,0,0,0,2,2,2,2,0,0,2,2
109,2087.006,-6966.172,-37.071,-126.968,-0.600873,0.798485,-0.037042,-0.799197,-0.601006,0.008683,-0.015329,0.034821,0.999276,0,0.89613,-0.31433,53.768,-0.629,-1,400.000,-1,400.000,-1,325.000,325.000,300.000,300.000,-1,-1,-1,-1,825.000,775.000,-1,-1,2,0,2,0,2,0,0,0,0,2,2,2,2,0,0,2,2
110,2054.144,-7008.858,-37.905,-127.591,-0.609487,0.791906,-0.037559,-0.792624,-0.609659,0.008018,-0.016548,0.034657,0.999262,0,0.89783,-0.31159,53.870,-0.623,-1,400.000,-1,400.000,-1,325.000,325.000,300.000,300.000,-1,-1,-1,-1,825.000,775.000,-1,-1,2,0,2,0,2,0,0,0,0,2,2,2,2,0,0,2,2
111,2020.768,-7051.257,-38.831,-128.209,-0.617953,0.785297,-0.037984,-0.786016,-0.618162,0.007372,-0.017691,0.034412,0.999251,0,0.89932,-0.30871,53.959,-0.617,-1,400.000,-1,400.000,-1,325.000,325.000,300.000,300.000,-1,-1,-1,-1,825.000,775.000,-1,-1,2,0,2,0,2,0,0,0,0,2,2,2,2,0,0,2,2
112,1986.894,-7093.357,-39.822,-128.820,-0.626260,0.778659,-0.038566,-0.779385,-0.626510,0.006742,-0.018912,0.034280,0.999233,0,0.90060,-0.30571,54.036,-0.611,-1,400.000,-1,400.000,-1,325.000,325.000,300.000,300.000,-1,-1,-1,-1,800.000,775.000,-1,-1,2,0,2,0,2,0,0,0,0,2,2,2,2,0,0,2,2
113,1952.537,-7135.147,-40.878,-129.425,-0.634411,0.772008,-0.039059,-0.772731,-0.634706,0.005905,-0.020232,0.033928,0.999219,0,0.90166,-0.30258,54.100,-0.605,-1,400.000,-1,400.000,-1,325.000,325.000,300.000,300.000,-1,-1,-1,-1,800.000,775.000,-1,-1,2,0,2,0,2,0,0,0,0,2,2,2,2,0,0,2,2
114,1917.713,-7176.612,-42.034,-130.024,-0.642402,0.765353,-0.039434,-0.766059,-0.642753,0.004685,-0.021761,0.033218,0.999211,0,0.90248,-0.29932,54.149,-0.599,-1,400.000,-1,400.000,-1,325.000,325.000,300.000,300.000,-1,-1,-1,-1,800.000,775.000,-1,-1,2,0,2,0,2,0,0,0,0,2,2,2,2,0,0,2,2
115,1882.440,-7217.742,-43.203,-130.616,-0.650236,0.758690,-0.039785,-0.759378,-0.650641,0.003518,-0.023217,0.032499,0.999202,0,0.90305,-0.29595,54.183,-0.592,-1,400.000,-1,400.000,-1,325.000,325.000,300.000,300.000,-1,-1,-1,-1,775.000,750.000,-1,-1,2,0,2,0,2,0,0,0,0,2,2,2,2,0,0,2,2
116,1846.737,-7258.524,-44.449,-131.201,-0.657925,0.752032,-0.039782,-0.752688,-0.658373,0.002388,-0.024396,0.031515,0.999206,0,0.90337,-0.29248,54.202,-0.585,-1,400.000,-1,400.000,-1,325.000,325.000,300.000,300.000,-1,-1,-1,-1,775.000,750.000,-1,-1,2,0,2,0,2,0,0,0,0,2,2,2,2,0,0,2,2
117,1810.622,-7298.946,-45.731,-131.779,-0.665458,0.745374,-0.039788,-0.746002,-0.665942,0.001426,-0.025434,0.030630,0.999207,0,0.90343,-0.28892,54.206,-0.578,-1,400.000,-1,400.000,-1,325.000,325.000,300.000,300.000,-1,-1,-1,-1,775.000,750.000,-1,-1,2,0,2,0,2,0,0,0,0,2,2,2,2,0,0,2,2
118,1774.115,-7338.997,-47.103,-132.349,-0.672835,0.738719,-0.039836,-0.739329,-0.673344,0.000884,-0.026170,0.030047,0.999206,0,0.90322,-0.28528,54.193,-0.571,-1,400.000,-1,400.000,-1,325.000,325.000,300.000,300.000,-1,-1,-1,-1,775.000,750.000,-1,-1,2,0,2,0,2,0,0,0,0,2,2,2,2,0,0,2,2
119,1737.235,-7378.667,-48.481,-132.912,-0.680054,0.732078,-0.039856,-0.732670,-0.680584,0.000379,-0.026848,0.029459,0.999205,0,0.90274,-0.28158,54.165,-0.563,-1,400.000,-1,400.000,-1,325.000,325.000,300.000,300.000,-1,-1,-1,-1,750.000,750.000,-1,-1,2,0,2,0,2,0,0,0,0,2,2,2,2,0,0,2,2
120,1700.002,-7417.945,-49.863,-133.468,-0.687114,0.725456,-0.039848,-0.726030,-0.687663,-0.000093,-0.027469,0.028867,0.999206,0,0.90201,-0.27783,54.120,-0.556,-1,400.000,-1,400.000,-1,325.000,325.000,300.000,300.000,-1,-1,-1,-1,750.000,750.000,-1,-1,2,0,2,0,2,0,0,0,0,2,2,2,2,0,0,2,2
121,1665.761,-7453.442,-51.124,-133.969,-0.693425,0.719428,-0.039816,-0.719986,-0.693989,-0.000476,-0.027974,0.028337,0.999207,0,0.82201,-0.25042,49.320,-0.501,-1,400.000,-1,375.000,-1,325.000,325.000,300.000,325.000,-1,-1,-1,-1,750.000,725.000,-1,-1,2,0,2,0,2,0,0,0,0,2,2,2,2,0,0,2,2
122,1634.576,-7485.216,-52.248,-134.463,-0.699599,0.713426,-0.039806,-0.713973,-0.700173,-0.000671,-0.028350,0.027951,0.999207,0,0.74201,-0.24699,44.520,-0.494,-1,400.000,-1,375.000,-1,325.000,325.000,300.000,325.000,-1,-1,-1,-1,750.000,725.000,-1,-1,2,0,2,0,2,0,0,0,0,2,2,2,2,0,0,2,2
123,1603.473,-7516.373,-53.401,-134.951,-0.705643,0.707439,-0.039984,-0.707983,-0.706229,-0.000783,-0.028792,0.027755,0.999200,0,0.73375,-0.24406,44.025,-0.488,-1,400.000,-1,375.000,-1,325.000,325.000,300.000,325.000,-1,-1,-1,-1,750.000,725.000,-1,-1,2,0,2,0,2,0,0,0,0,2,2,2,2,0,0,2,2
124,1572.164,-7547.208,-54.566,-135.437,-0.711608,0.701430,-0.040133,-0.701974,-0.712202,-0.000742,-0.029103,0.027644,0.999194,0,0.73238,-0.24282,43.943,-0.486,-1,400.000,-1,375.000,-1,325.000,325.000,300.000,325.000,-1,-1,-1,-1,725.000,725.000,-1,-1,2,0,2,0,2,0,0,0,0,2,2,2,2,0,0,2,2
125,1540.662,-7577.714,-55.766,-135.920,-0.717503,0.695397,-0.040158,-0.695943,-0.718097,-0.000538,-0.029211,0.027562,0.999193,0,0.73087,-0.24171,43.852,-0.483,-1,375.000,-1,375.000,-1,325.000,325.000,325.000,300.000,-1,-1,-1,-1,725.000,725.000,-1,-1,2,0,2,0,2,0,0,0,0,2,2,2,2,0,0,2,2
126,1508.976,-7607.886,-57.036,-136.402,-0.723343,0.689346,-0.039707,-0.689880,-0.723924,-0.000366,-0.028997,0.027128,0.999211,0,0.72923,-0.24075,43.754,-0.482,-1,375.000,-1,375.000,-1,325.000,325.000,325.000,300.000,-1,-1,-1,-1,725.000,725.000,-1,-1,2,0,2,0,2,0,0,0,0,2,2,2,2,0,0,2,2
127,1477.115,-7637.720,-58.285,-136.881,-0.729114,0.683267,-0.039238,-0.683788,-0.729680,-0.000173,-0.028749,0.026704,0.999230,0,0.72747,-0.23993,43.648,-0.480,-1,375.000,-1,375.000,-1,325.000,325.000,325.000,300.000,-1,-1,-1,-1,725.000,725.000,-1,-1,2,0,2,0,2,0,0,0,0,2,2,2,2,0,0,2,2
128,1445.088,-7667.212,-59.515,-137.360,-0.734818,0.677157,-0.038749,-0.677667,-0.735369,0.000040,-0.028468,0.026288,0.999249,0,0.72562,-0.23925,43.537,-0.479,-1,375.000,-1,375.000,-1,325.000,325.000,325.000,325.000,-1,-1,-1,-1,725.000,725.000,-1,-1,2,0,2,0,2,0,0,0,0,2,2,2,2,0,0,2,2
129,1412.902,-7696.358,-60.724,-137.837,-0.740459,0.671012,-0.038240,-0.671511,-0.740994,0.000272,-0.028153,0.025880,0.999269,0,0.72370,-0.23872,43.422,-0.477,-1,375.000,-1,375.000,-1,325.000,325.000,325.000,325.000,-1,-1,-1,-1,725.000,725.000,-1,-1,2,0,2,0,2,0,0,0,0,2,2,2,2,0,0,2,2
130,1376.756,-7728.277,-62.063,-138.555,-0.748829,0.661690,-0.037698,-0.662176,-0.749348,0.000567,-0.027874,0.025388,0.999289,0,0.80370,-0.35872,48.222,-0.717,-1,375.000,-1,375.000,-1,325.000,325.000,325.000,325.000,-1,-1,-1,-1,725.000,725.000,-1,-1,2,0,2,0,2,0,0,0,0,2,2,2,2,0,0,2,2
131,1336.449,-7762.725,-63.539,-139.480,-0.759446,0.649508,-0.037165,-0.649983,-0.759948,0.000943,-0.027631,0.024872,0.999309,0,0.88370,-0.46277,53.022,-0.926,-1,375.000,-1,375.000,-1,325.000,325.000,325.000,325.000,-1,-1,-1,-1,725.000,725.000,-1,-1,2,0,2,0,2,0,0,1,0,2,2,2,2,0,0,2,2
132,1294.998,-7797.009,-65.024,-140.406,-0.769866,0.637157,-0.036576,-0.637620,-0.770350,0.001316,-0.027338,0.024335,0.999330,0,0.89653,-0.46274,53.792,-0.925,-1,375.000,-1,375.000,-1,325.000,325.000,325.000,325.000,-1,-1,-1,-1,725.000,725.000,-1,-1,2,0,2,0,2,0,0,0,0,2,2,2,2,0,0,2,2
133,1253.132,-7830.512,-66.488,-141.332,-0.780091,0.624633,-0.035944,-0.625083,-0.780556,0.001688,-0.027002,0.023785,0.999352,0,0.89369,-0.46297,53.621,-0.926,-1,375.000,-1,375.000,-1,325.000,325.000,325.000,325.000,-1,-1,-1,-1,725.000,725.000,-1,-1,2,0,2,0,2,0,0,0,0,2,2,2,2,0,0,2,2
134,1210.861,-7863.231,-67.912,-142.259,-0.790123,0.611931,-0.035305,-0.612371,-0.790568,0.002132,-0.026606,0.023305,0.999374,0,0.89091,-0.46346,53.455,-0.927,-1,375.000,-1,375.000,-1,300.000,325.000,325.000,325.000,-1,-1,-1,-1,700.000,750.000,-1,-1,2,0,2,0,2,0,0,0,0,2,2,2,2,0,0,2,2
135,1168.192,-7895.166,-69.277,-143.187,-0.799959,0.599046,-0.034765,-0.599481,-0.800385,0.002674,-0.026223,0.022980,0.999392,0,0.88826,-0.46418,53.296,-0.928,-1,375.000,-1,375.000,-1,300.000,325.000,325.000,325.000,-1,-1,-1,-1,700.000,750.000,-1,-1,2,0,2,0,2,0,0,0,0,2,2,2,2,0,0,2,2
136,1125.133,-7926.317,-70.600,-144.117,-0.809606,0.585975,-0.034230,-0.586407,-0.810010,0.003291,-0.025798,0.022737,0.999409,0,0.88577,-0.46515,53.146,-0.930,-1,375.000,-1,375.000,-1,300.000,325.000,325.000,325.000,-1,-1,-1,-1,700.000,750.000,-1,-1,2,0,2,0,2,0,0,0,0,2,2,2,2,0,0,2,2
