timestep,x_cm,y_cm,z_cm,yaw_deg,basis_xx,basis_xy,basis_xz,basis_yx,basis_yy,basis_yz,basis_zx,basis_zy,basis_zz,teleport_flag,throttle_cmd,steering_cmd,cmd_move_cm,cmd_turn_deg,lidar_cm_0,lidar_cm_1,lidar_cm_2,lidar_cm_3,lidar_cm_4,lidar_cm_5,lidar_cm_6,lidar_cm_7,lidar_cm_8,lidar_cm_9,lidar_cm_10,lidar_cm_11,lidar_cm_12,lidar_cm_13,lidar_cm_14,lidar_cm_15,lidar_cm_16,lidar_class_0,lidar_class_1,lidar_class_2,lidar_class_3,lidar_class_4,lidar_class_5,lidar_class_6,lidar_class_7,lidar_class_8,lidar_class_9,lidar_class_10,lidar_class_11,lidar_class_12,lidar_class_13,lidar_class_14,lidar_class_15,lidar_class_16
0,-6229.878,-8859.650,379.241,108.013,-0.310415,-0.950264,-0.025307,0.949839,-0.308990,-0.048294,0.038072,-0.039029,0.998513,1,-0.08000,0.12000,-4.800,0.240,-1,450.000,-1,400.000,575.000,350.000,325.000,350.000,350.000,-1,0.000,-1,675.000,875.000,750.000,-1,775.000,2,0,2,0,1,0,0,0,0,2,0,2,1,0,0,2,1
1,-6226.833,-8868.754,378.952,108.493,-0.318366,-0.947649,-0.024588,0.947184,-0.316942,-0.048891,0.038538,-0.038855,0.998501,0,-0.16000,0.24000,-9.600,0.480,-1,450.000,-1,400.000,575.000,350.000,325.000,350.000,350.000,-1,0.000,-1,650.000,900.000,775.000,-1,825.000,2,0,2,0,1,0,0,0,0,2,0,2,1,0,0,2,1
2,-6222.115,-8882.359,378.519,109.122,-0.328762,-0.944121,-0.023481,0.943596,-0.327342,-0.049740,0.039274,-0.038509,0.998486,0,-0.24000,0.31485,-14.400,0.630,-1,450.000,-1,400.000,600.000,350.000,325.000,350.000,350.000,-1,0.000,-1,650.000,925.000,775.000,-1,900.000,2,0,2,0,1,0,0,0,0,2,0,2,1,0,0,2,1
3,-6215.627,-8900.430,377.931,109.750,-0.339083,-0.940500,-0.021980,0.939890,-0.337676,-0.050800,0.040355,-0.037884,0.998467,0,-0.32000,0.31395,-19.200,0.628,-1,450.000,-1,400.000,625.000,350.000,325.000,350.000,350.000,-1,-1,-1,625.000,950.000,775.000,-1,-1,2,0,2,0,1,0,0,0,0,2,2,2,1,0,0,2,2
4,-6207.270,-8922.928,377.193,110.376,-0.349317,-0.936790,-0.020066,0.936073,-0.347935,-0.052041,0.041770,-0.036962,0.998443,0,-0.40000,0.31273,-24.000,0.625,-1,450.000,-1,400.000,625.000,350.000,325.000,350.000,350.000,-1,-1,-1,600.000,975.000,800.000,-1,-1,2,0,2,0,1,0,0,0,0,2,2,2,1,0,0,2,2
5,-6196.950,-8949.815,376.313,110.998,-0.359448,-0.932997,-0.017723,0.932150,-0.358107,-0.053430,0.043503,-0.035726,0.998414,0,-0.48000,0.31122,-28.800,0.622,-1,450.000,-1,400.000,650.000,350.000,325.000,350.000,350.000,-1,-1,-1,575.000,1000.000,800.000,-1,-1,2,0,2,0,1,0,0,0,0,2,2,2,1,0,0,2,2
6,-6184.571,-8981.051,375.300,111.617,-0.369462,-0.929126,-0.014938,0.928129,-0.368183,-0.054931,0.045538,-0.034160,0.998378,0,-0.56000,0.30940,-33.600,0.619,-1,450.000,-1,400.000,700.000,350.000,325.000,375.000,350.000,-1,-1,-1,550.000,-1,825.000,-1,-1,2,0,2,0,1,0,0,0,0,2,2,2,1,2,0,2,2
7,-6171.487,-9013.061,374.283,112.231,-0.379351,-0.925175,-0.012007,0.924028,-0.378149,-0.056345,0.047589,-0.032470,0.998339,0,-0.57635,0.30730,-34.581,0.615,-1,450.000,-1,400.000,725.000,350.000,325.000,375.000,350.000,-1,-1,-1,525.000,-1,825.000,-1,-1,2,0,2,0,1,0,0,0,0,2,2,2,1,2,0,2,2
8,-6158.042,-9044.979,373.293,112.842,-0.389113,-0.921146,-0.009008,0.919854,-0.388004,-0.057627,0.049588,-0.030710,0.998298,0,-0.57724,0.30515,-34.634,0.610,-1,475.000,-1,400.000,750.000,350.000,325.000,375.000,325.000,-1,-1,-1,500.000,-1,850.000,-1,-1,2,0,2,0,1,0,0,0,0,2,2,2,1,2,0,2,2
9,-6144.240,-9076.800,371.868,113.448,-0.398827,-0.916989,-0.008293,0.915661,-0.397724,-0.058141,0.050017,-0.030782,0.998274,0,-0.57808,0.30301,-34.685,0.606,-1,450.000,-1,400.000,775.000,350.000,325.000,375.000,325.000,-1,-1,-1,475.000,-1,850.000,-1,-1,2,0,2,0,1,0,0,0,0,2,2,2,1,2,0,2,2
10,-6130.087,-9108.516,370.398,114.050,-0.408437,-0.912752,-0.007898,0.911408,-0.407329,-0.058474,0.050155,-0.031082,0.998258,0,-0.57886,0.30088,-34.731,0.602,-1,450.000,-1,400.000,800.000,350.000,325.000,375.000,325.000,-1,-1,-1,450.000,-1,850.000,-1,-1,2,0,2,0,1,0,0,0,0,2,2,2,1,2,0,2,2
11,-6115.585,-9140.122,368.296,114.647,-0.418073,-0.908369,-0.009000,0.906904,-0.416787,-0.061758,0.052348,-0.033981,0.998051,0,-0.57957,0.29878,-34.774,0.598,-1,450.000,-1,400.000,850.000,350.000,325.000,375.000,350.000,-1,-1,-1,425.000,-1,875.000,-1,-1,2,0,2,0,1,0,0,0,0,2,2,2,1,2,0,2,2
12,-6102.690,-9167.180,366.213,115.485,-0.431504,-0.902049,-0.010609,0.900438,-0.429958,-0.065935,0.054915,-0.038004,0.997768,0,-0.49957,0.41878,-29.974,0.838,-1,450.000,-1,400.000,875.000,350.000,325.000,375.000,350.000,-1,-1,-1,400.000,-1,900.000,-1,-1,2,0,2,0,1,0,0,0,0,2,2,2,1,2,0,2,2
13,-6091.434,-9189.698,364.465,116.562,-0.448575,-0.893665,-0.011939,0.891935,-0.446777,-0.069594,0.056860,-0.041867,0.997504,0,-0.41957,0.53878,-25.174,1.078,-1,450.000,-1,400.000,925.000,325.000,325.000,350.000,350.000,-1,-1,-1,375.000,-1,925.000,-1,-1,2,0,2,0,1,0,0,0,0,2,2,2,1,2,0,2,2
14,-6081.908,-9207.708,363.046,117.880,-0.469170,-0.883013,-0.012972,0.881188,-0.467131,-0.072768,0.058195,-0.045571,0.997265,0,-0.33957,0.65878,-20.374,1.318,-1,450.000,-1,400.000,975.000,325.000,325.000,350.000,350.000,-1,-1,-1,375.000,-1,950.000,-1,-1,2,0,2,0,1,0,0,0,0,2,2,2,1,2,0,2,2
15,-6074.255,-9221.272,361.953,119.437,-0.493139,-0.869843,-0.013712,0.867952,-0.490877,-0.075485,0.058929,-0.049126,0.997053,0,-0.25957,0.77878,-15.574,1.558,-1,450.000,-1,400.000,-1,325.000,325.000,350.000,350.000,-1,-1,-1,350.000,-1,975.000,-1,-1,2,0,2,0,2,0,0,0,0,2,2,2,1,2,0,2,2
16,-6068.669,-9230.486,361.179,121.235,-0.520297,-0.853868,-0.014181,0.851940,-0.517831,-0.077774,0.059065,-0.052547,0.996870,0,-0.17957,0.89878,-10.774,1.798,-1,450.000,-1,400.000,-1,325.000,325.000,325.000,350.000,-1,-1,-1,350.000,-1,1000.000,-1,-1,2,0,2,0,2,0,0,0,0,2,2,2,1,2,0,2,2
17,-6065.412,-9235.495,360.726,123.054,-0.547224,-0.836862,-0.014408,0.834924,-0.544588,-0.079534,0.058713,-0.055553,0.996728,0,-0.09957,0.90959,-5.974,1.819,-1,450.000,-1,425.000,-1,325.000,325.000,325.000,350.000,-1,-1,-1,350.000,-1,-1,-1,-1,2,0,2,0,2,0,0,0,0,2,2,2,1,2,2,2,2
18,-6064.742,-9236.459,360.578,124.872,-0.573557,-0.819037,-0.014490,0.817117,-0.570783,-0.080783,0.057894,-0.058173,0.996626,0,-0.01957,0.90921,-1.174,1.818,-1,450.000,-1,425.000,-1,350.000,325.000,325.000,350.000,-1,-1,-1,350.000,-1,-1,-1,-1,2,0,2,0,2,0,0,0,0,2,2,2,1,2,2,2,2
19,-6066.909,-9233.554,360.720,126.691,-0.599284,-0.800405,-0.014527,0.798532,-0.596401,-0.081559,0.056616,-0.060477,0.996563,0,0.06043,0.90913,3.626,1.818,-1,450.000,-1,425.000,-1,350.000,325.000,325.000,350.000,-1,-1,-1,350.000,-1,-1,-1,-1,2,0,2,0,2,0,0,0,0,2,2,2,1,2,2,2,2
20,-6072.156,-9226.962,361.137,128.509,-0.624392,-0.780974,-0.014618,0.779181,-0.621425,-0.081904,0.054880,-0.062531,0.996533,0,0.14043,0.90938,8.426,1.819,-1,450.000,-1,425.000,-1,350.000,350.000,325.000,375.000,-1,-1,550.000,375.000,-1,-1,-1,-1,2,0,2,0,2,0,0,0,0,2,2,1,1,2,2,2,2
21,-6080.716,-9216.881,361.814,130.329,-0.648870,-0.760754,-0.014863,0.759073,-0.645837,-0.081866,0.052681,-0.064402,0.996533,0,0.22043,0.90997,13.226,1.820,-1,450.000,-1,450.000,-1,350.000,350.000,325.000,375.000,-1,-1,500.000,400.000,-1,-1,-1,-1,2,0,2,0,2,0,0,0,0,2,2,1,1,2,2,2,2
22,-6092.757,-9203.468,362.741,131.909,-0.669573,-0.742587,-0.015374,0.741052,-0.666504,-0.081333,0.050150,-0.065851,0.996568,0,0.30043,0.78997,18.026,1.580,-1,450.000,-1,450.000,-1,350.000,350.000,325.000,375.000,-1,-1,475.000,425.000,-1,-1,-1,-1,2,0,2,0,2,0,0,0,0,2,2,1,1,2,2,2,2
23,-6108.397,-9186.844,363.908,133.249,-0.686714,-0.726746,-0.016235,0.725388,-0.683637,-0.080331,0.047281,-0.066941,0.996636,0,0.38043,0.66997,22.826,1.340,-1,450.000,-1,450.000,-1,350.000,350.000,325.000,375.000,-1,-1,475.000,475.000,-1,-1,-1,-1,2,0,2,0,2,0,0,0,0,2,2,1,1,2,2,2,2
24,-6127.709,-9167.090,365.310,134.349,-0.700486,-0.713451,-0.017507,0.712305,-0.697425,-0.078864,0.044056,-0.067713,0.996732,0,0.46043,0.54997,27.626,1.100,-1,450.000,-1,450.000,-1,350.000,350.000,325.000,375.000,-1,-1,500.000,525.000,-1,-1,-1,-1,2,0,2,0,2,0,0,0,0,2,2,1,1,2,2,2,2
25,-6150.721,-9144.247,366.947,135.209,-0.711047,-0.702881,-0.019229,0.701980,-0.708031,-0.076918,0.040449,-0.068191,0.996852,0,0.54043,0.42997,32.426,0.860,-1,450.000,-1,450.000,-1,350.000,350.000,325.000,375.000,-1,-1,525.000,575.000,-1,-1,-1,-1,2,0,2,0,2,0,0,0,0,2,2,1,1,2,2,2,2
26,-6177.421,-9118.309,368.577,135.829,-0.718486,-0.695215,-0.021308,0.694625,-0.715631,-0.073274,0.035692,-0.067447,0.997084,0,0.62043,0.30997,37.226,0.620,-1,450.000,-1,450.000,-1,350.000,350.000,325.000,350.000,-1,-1,550.000,675.000,-1,-1,-1,-1,2,0,2,0,2,0,0,0,0,2,2,1,1,2,2,2,2
27,-6207.757,-9089.225,369.649,136.209,-0.722846,-0.690605,-0.023613,0.690414,-0.720383,-0.066159,0.028680,-0.064126,0.997530,0,0.70043,0.18997,42.026,0.380,-1,450.000,-1,450.000,-1,350.000,350.000,350.000,350.000,-1,-1,625.000,775.000,-1,1000.000,-1,-1,2,0,2,0,2,0,0,0,0,2,2,1,1,2,0,2,2
28,-6239.427,-9059.012,370.420,136.349,-0.724357,-0.688920,-0.026387,0.689042,-0.722148,-0.061021,0.022983,-0.062383,0.997788,0,0.72950,0.06997,43.770,0.140,-1,450.000,-1,450.000,-1,350.000,350.000,350.000,350.000,-1,-1,675.000,900.000,-1,950.000,-1,-1,2,0,2,0,2,0,0,0,0,2,2,1,1,2,0,2,2
29,-6271.138,-9028.653,371.302,136.249,-0.722972,-0.690259,-0.029233,0.690658,-0.721026,-0.055804,0.017441,-0.060535,0.998014,0,0.73169,-0.05003,43.901,-0.100,-1,450.000,-1,450.000,-1,350.000,350.000,350.000,325.000,-1,-1,750.000,-1,-1,900.000,-1,-1,2,0,2,0,2,0,0,0,0,2,2,1,2,2,0,2,2
30,-6302.772,-8998.008,371.660,135.909,-0.718764,-0.694500,-0.032366,0.695110,-0.716889,-0.053788,0.014153,-0.061159,0.998028,0,0.73406,-0.17003,44.043,-0.340,-1,475.000,-1,450.000,-1,350.000,350.000,350.000,325.000,-1,-1,825.000,-1,-1,875.000,-1,-1,2,0,2,0,2,0,0,0,0,2,2,1,2,2,0,2,2
31,-6334.288,-8967.027,371.981,135.488,-0.713555,-0.699695,-0.035586,0.700508,-0.711724,-0.052315,0.011278,-0.062258,0.997996,0,0.73657,-0.21025,44.194,-0.421,-1,475.000,-1,425.000,-1,350.000,350.000,350.000,325.000,-1,-1,925.000,-1,-1,875.000,-1,-1,2,0,2,0,2,0,0,0,0,2,2,1,2,2,0,2,2
32,-6365.690,-8935.709,372.364,135.075,-0.708381,-0.704759,-0.038865,0.705781,-0.706607,-0.050797,0.008337,-0.063414,0.997952,0,0.73915,-0.20666,44.349,-0.413,-1,475.000,-1,425.000,-1,350.000,350.000,350.000,325.000,-1,-1,-1,-1,-1,850.000,-1,-1,2,0,2,0,2,0,0,0,0,2,2,2,2,2,0,2,2
33,-6396.979,-8904.058,372.811,134.669,-0.703244,-0.709694,-0.042208,0.710928,-0.701539,-0.049233,0.005330,-0.064629,0.997895,0,0.74177,-0.20304,44.506,-0.406,-1,475.000,-1,425.000,-1,350.000,350.000,350.000,325.000,-1,-1,-1,-1,-1,825.000,-1,-1,2,0,2,0,2,0,0,0,0,2,2,2,2,2,0,2,2
34,-6430.290,-8869.891,372.942,134.269,-0.698055,-0.714431,-0.048027,0.716044,-0.696423,-0.047711,0.000640,-0.067694,0.997706,0,0.79530,-0.20010,47.718,-0.400,-1,475.000,-1,425.000,-1,350.000,350.000,350.000,325.000,-1,-1,-1,-1,-1,800.000,-1,-1,2,0,2,0,2,0,0,0,0,2,2,2,2,2,0,2,2
35,-6463.329,-8835.524,373.036,133.866,-0.692745,-0.719124,-0.054449,0.721169,-0.691219,-0.046174,-0.004432,-0.071254,0.997448,0,0.79453,-0.20111,47.672,-0.402,-1,475.000,-1,425.000,-1,350.000,350.000,350.000,325.000,-1,-1,-1,-1,-1,775.000,-1,-1,2,0,2,0,2,0,0,0,0,2,2,2,2,2,0,2,2
36,-6496.091,-8800.964,372.694,133.462,-0.687209,-0.723674,-0.063552,0.726373,-0.685840,-0.044775,-0.011184,-0.076933,0.996974,0,0.79369,-0.20202,47.621,-0.404,-1,450.000,-1,400.000,1000.000,350.000,325.000,325.000,325.000,-1,-1,0.000,-1,1000.000,750.000,-1,-1,2,0,2,0,1,0,0,0,0,2,2,0,2,0,0,2,2
37,-6528.571,-8766.211,372.037,133.057,-0.681603,-0.728245,-0.071253,0.731523,-0.680449,-0.043151,-0.017060,-0.081535,0.996524,0,0.79279,-0.20284,47.567,-0.406,-1,425.000,-1,400.000,950.000,325.000,325.000,325.000,325.000,-1,-1,-1,-1,925.000,725.000,-1,-1,2,0,2,0,1,0,0,0,0,2,2,2,2,0,0,2,2
38,-6560.764,-8731.270,371.304,132.650,-0.675939,-0.732827,-0.077915,0.736620,-0.675041,-0.041355,-0.022290,-0.085347,0.996102,0,0.79183,-0.20357,47.510,-0.407,-1,425.000,-1,400.000,900.000,325.000,325.000,325.000,325.000,-1,-1,-1,-1,875.000,700.000,-1,1000.000,2,0,2,0,1,0,0,0,0,2,2,2,2,0,0,2,1
39,-6589.612,-8699.776,370.677,132.482,-0.673344,-0.734593,-0.083551,0.738834,-0.672718,-0.039686,-0.027053,-0.088452,0.995713,0,0.71183,-0.08357,42.710,-0.167,-1,425.000,-1,375.000,875.000,325.000,325.000,325.000,325.000,-1,-1,-1,-1,825.000,675.000,-1,950.000,2,0,2,0,1,0,0,0,0,2,2,2,2,0,0,2,1
40,-6617.658,-8669.234,370.079,132.555,-0.673811,-0.733556,-0.088739,0.738218,-0.673485,-0.038103,-0.031814,-0.091183,0.995326,0,0.69109,0.03643,41.465,0.073,-1,400.000,-1,375.000,825.000,325.000,325.000,325.000,325.000,-1,-1,-1,-1,800.000,650.000,-1,925.000,2,0,2,0,1,0,0,0,0,2,2,2,2,0,0,2,1
41,-6645.713,-8638.807,368.986,132.675,-0.675040,-0.732105,-0.091339,0.736950,-0.674966,-0.036404,-0.034999,-0.091886,0.995154,0,0.68977,0.05962,41.386,0.119,-1,400.000,-1,375.000,800.000,325.000,300.000,325.000,325.000,-1,-1,-1,-1,775.000,625.000,-1,875.000,2,0,2,0,1,0,0,0,0,2,2,2,2,0,0,2,1
42,-6673.772,-8608.499,367.613,132.793,-0.676380,-0.730740,-0.092354,0.735614,-0.676515,-0.034636,-0.037169,-0.091364,0.995124,0,0.68839,0.05938,41.303,0.119,-1,400.000,-1,350.000,775.000,325.000,300.000,325.000,325.000,-1,-1,-1,-1,750.000,625.000,-1,850.000,2,0,2,0,1,0,0,0,0,2,2,2,2,0,0,2,1
43,-6701.838,-8578.310,366.619,132.912,-0.677781,-0.729294,-0.093504,0.734269,-0.677982,-0.034495,-0.038237,-0.092038,0.995021,0,0.68699,0.05924,41.219,0.118,-1,400.000,-1,350.000,725.000,325.000,300.000,325.000,325.000,-1,-1,-1,-1,725.000,600.000,-1,800.000,2,0,2,0,1,0,0,0,0,2,2,2,2,0,0,2,1
44,-6729.909,-8548.242,365.733,133.030,-0.679199,-0.727832,-0.094598,0.732916,-0.679433,-0.034707,-0.039012,-0.092905,0.994910,0,0.68559,0.05921,41.135,0.118,-1,400.000,-1,350.000,700.000,325.000,300.000,325.000,325.000,-1,-1,-1,-1,725.000,600.000,-1,775.000,2,0,2,0,1,0,0,0,0,2,2,2,2,0,0,2,1
45,-6757.984,-8518.292,364.897,133.149,-0.680628,-0.726366,-0.095596,0.731555,-0.680883,-0.035003,-0.039664,-0.093758,0.994805,0,0.68419,0.05929,41.051,0.119,-1,400.000,-1,350.000,675.000,325.000,300.000,325.000,325.000,-1,-1,-1,-1,725.000,600.000,-1,750.000,2,0,2,0,1,0,0,0,0,2,2,2,2,0,0,2,1
46,-6786.065,-8488.462,364.112,133.268,-0.682069,-0.724893,-0.096498,0.730182,-0.682335,-0.035383,-0.040195,-0.094595,0.994704,0,0.68280,0.05947,40.968,0.119,-1,400.000,-1,350.000,650.000,325.000,300.000,350.000,325.000,-1,-1,-1,-1,700.000,575.000,-1,700.000,2,0,2,0,1,0,0,0,0,2,2,2,2,0,0,2,1
47,-6814.152,-8458.749,363.377,133.387,-0.683526,-0.723411,-0.097306,0.728796,-0.683792,-0.035845,-0.040606,-0.095417,0.994609,0,0.68145,0.05976,40.887,0.120,-1,400.000,-1,350.000,625.000,300.000,300.000,350.000,325.000,-1,-1,-1,-1,700.000,575.000,-1,675.000,2,0,2,0,1,0,0,0,0,2,2,2,2,0,0,2,1
48,-6842.247,-8429.153,362.565,133.508,-0.685023,-0.721888,-0.098088,0.727392,-0.685228,-0.036929,-0.040554,-0.096645,0.994492,0,0.68012,0.06015,40.807,0.120,-1,400.000,-1,350.000,600.000,300.000,300.000,350.000,325.000,-1,-1,-1,-1,675.000,575.000,-1,650.000,2,0,2,0,1,0,0,0,0,2,2,2,2,0,0,2,1
49,-6872.133,-8397.856,361.118,133.675,-0.687134,-0.719777,-0.098829,0.725413,-0.687242,-0.038401,-0.040280,-0.098078,0.994363,0,0.72125,0.08387,43.275,0.168,-1,375.000,-1,350.000,550.000,300.000,300.000,350.000,325.000,-1,-1,-1,-1,675.000,575.000,-1,625.000,2,0,2,0,1,0,0,0,0,2,2,2,2,0,0,2,1
50,-6902.147,-8366.601,359.738,133.837,-0.689185,-0.717727,-0.099463,0.723489,-0.689177,-0.039986,-0.039848,-0.099518,0.994238,0,0.72222,0.08106,43.333,0.162,-1,375.000,-1,350.000,525.000,300.000,300.000,350.000,325.000,-1,-1,-1,-1,675.000,575.000,-1,575.000,2,0,2,0,1,0,0,0,0,2,2,2,2,0,0,2,1
51,-6932.282,-8335.393,358.116,133.994,-0.691239,-0.715649,-0.100176,0.721613,-0.690944,-0.043255,-0.038260,-0.102188,0.994029,0,0.72304,0.07815,43.383,0.156,-1,375.000,-1,325.000,500.000,300.000,275.000,350.000,325.000,-1,-1,-1,-1,650.000,550.000,-1,550.000,2,0,2,0,1,0,0,0,0,2,2,2,2,0,0,2,1
52,-6962.527,-8304.236,356.359,134.144,-0.693277,-0.713574,-0.100889,0.719778,-0.692565,-0.047668,-0.035858,-0.105665,0.993755,0,0.72371,0.07513,43.423,0.150,-1,375.000,-1,325.000,475.000,300.000,275.000,350.000,325.000,-1,-1,-1,-1,650.000,550.000,-1,525.000,2,0,2,0,1,0,0,0,0,2,2,2,2,0,1,2,1
53,-6992.871,-8273.135,354.695,134.288,-0.695251,-0.711570,-0.101462,0.717992,-0.694101,-0.052073,-0.033371,-0.109053,0.993476,0,0.72421,0.07200,43.452,0.144,-1,375.000,-1,325.000,450.000,300.000,275.000,350.000,325.000,-1,-1,-1,-1,650.000,525.000,-1,500.000,2,0,2,0,1,0,0,0,0,2,2,2,2,0,1,2,1
54,-7023.303,-8242.092,353.127,134.426,-0.697159,-0.709640,-0.101879,0.716255,-0.695551,-0.056467,-0.030791,-0.112338,0.993193,0,0.72453,0.06875,43.472,0.137,-1,375.000,-1,325.000,425.000,300.000,275.000,350.000,325.000,-1,425.000,-1,-1,650.000,525.000,-1,475.000,2,0,2,0,1,0,0,0,0,2,0,2,2,0,1,2,1
55,-7057.319,-8207.843,351.857,134.803,-0.702205,-0.704899,-0.100133,0.711461,-0.700068,-0.061061,-0.027058,-0.114118,0.993099,0,0.80453,0.18875,48.272,0.377,-1,375.000,-1,325.000,400.000,300.000,275.000,350.000,325.000,-1,200.000,-1,-1,650.000,525.000,-1,450.000,2,0,2,0,1,0,0,0,0,2,0,2,2,0,1,2,1
56,-7095.121,-8170.595,350.520,135.421,-0.710169,-0.697167,-0.098073,0.703645,-0.707477,-0.066039,-0.023344,-0.115907,0.992986,0,0.88453,0.30875,53.072,0.617,-1,375.000,-1,350.000,375.000,300.000,275.000,350.000,325.000,-1,75.000,500.000,-1,675.000,525.000,-1,425.000,2,0,2,0,1,0,0,0,0,2,0,0,2,0,1,2,1
57,-7134.813,-8132.436,349.506,136.124,-0.719009,-0.688198,-0.097003,0.694702,-0.715753,-0.071314,-0.020352,-0.118664,0.992726,0,0.91767,0.35196,55.060,0.704,-1,375.000,-1,350.000,350.000,300.000,275.000,350.000,325.000,-1,100.000,425.000,-1,675.000,550.000,-1,425.000,2,0,2,0,1,0,0,0,0,2,0,0,2,0,0,2,1
58,-7174.903,-8094.819,348.882,136.818,-0.727528,-0.679176,-0.097068,0.685838,-0.723695,-0.076756,-0.018117,-0.122415,0.992314,0,0.91628,0.34659,54.977,0.693,-1,375.000,-1,350.000,325.000,300.000,300.000,325.000,325.000,-1,125.000,400.000,-1,675.000,575.000,-1,425.000,2,0,2,1,1,0,0,0,0,2,0,0,2,0,0,2,1
59,-7215.358,-8057.757,348.330,137.500,-0.735806,-0.670183,-0.097184,0.677004,-0.731370,-0.082241,-0.015961,-0.126307,0.991863,0,0.91443,0.34107,54.866,0.682,-1,375.000,-1,350.000,325.000,300.000,300.000,325.000,325.000,-1,150.000,400.000,-1,675.000,575.000,-1,825.000,2,0,2,0,1,0,0,0,0,2,0,0,2,0,0,2,0
60,-7256.141,-8021.263,347.851,138.171,-0.743843,-0.661226,-0.097349,0.668210,-0.738778,-0.087765,-0.013887,-0.130333,0.991373,0,0.91214,0.33543,54.729,0.671,-1,375.000,-1,350.000,325.000,300.000,300.000,325.000,325.000,-1,175.000,400.000,-1,700.000,575.000,-1,850.000,2,0,2,0,1,0,0,0,0,2,0,0,2,0,0,2,0
61,-7297.218,-7985.348,347.365,138.830,-0.751667,-0.652341,-0.097197,0.659439,-0.745951,-0.093261,-0.011666,-0.134196,0.990886,0,0.90942,0.32969,54.565,0.659,-1,375.000,-1,350.000,375.000,300.000,300.000,325.000,325.000,-1,200.000,375.000,-1,700.000,600.000,-1,900.000,2,0,2,0,1,0,0,0,0,2,0,0,2,0,0,2,0
62,-7338.554,-7950.021,346.614,139.478,-0.759357,-0.643618,-0.095563,0.650618,-0.752990,-0.098502,-0.008561,-0.136973,0.990538,0,0.90628,0.32391,54.377,0.648,-1,375.000,-1,350.000,-1,300.000,300.000,325.000,300.000,-1,225.000,350.000,-1,725.000,600.000,-1,-1,2,0,2,0,2,0,0,0,1,2,0,0,2,0,0,2,2
63,-7380.125,-7915.299,346.736,140.121,-0.767086,-0.634603,-0.094113,0.641535,-0.759535,-0.107421,-0.003313,-0.142778,0.989749,0,0.90276,0.32144,54.166,0.643,-1,400.000,-1,350.000,-1,325.000,300.000,325.000,275.000,-1,225.000,300.000,-1,750.000,625.000,-1,-1,2,0,2,0,2,0,0,0,1,2,0,0,2,0,0,2,2
64,-7421.900,-7881.187,346.240,140.761,-0.774486,-0.625762,-0.092699,0.632591,-0.766195,-0.113026,-0.000298,-0.146177,0.989258,0,0.89890,0.32015,53.934,0.640,-1,400.000,-1,375.000,-1,325.000,300.000,325.000,250.000,-1,225.000,325.000,-1,750.000,625.000,-1,-1,2,0,2,0,2,0,0,0,1,2,0,0,2,0,0,2,2
65,-7463.856,-7847.696,345.259,141.399,-0.781595,-0.617050,-0.091426,0.623785,-0.772945,-0.115967,0.000890,-0.147670,0.989036,0,0.89475,0.31913,53.685,0.638,-1,400.000,-1,375.000,-1,325.000,300.000,325.000,225.000,-1,250.000,350.000,-1,775.000,625.000,-1,-1,2,0,2,0,2,0,0,0,1,2,0,0,2,0,0,2,2
66,-7505.976,-7814.837,344.687,142.036,-0.788663,-0.608159,-0.090299,0.614819,-0.779418,-0.120435,0.002863,-0.150500,0.988606,0,0.89038,0.31839,53.423,0.637,-1,400.000,-1,375.000,-1,325.000,300.000,325.000,225.000,-1,250.000,350.000,-1,775.000,650.000,-1,-1,2,0,2,0,2,0,0,0,1,2,0,0,2,0,0,2,2
67,-7548.242,-7782.611,344.267,142.672,-0.795570,-0.599240,-0.089330,0.605846,-0.785814,-0.124283,0.004278,-0.152996,0.988217,0,0.88586,0.31792,53.151,0.636,-1,400.000,-1,375.000,-1,325.000,300.000,325.000,200.000,-1,275.000,325.000,-1,800.000,650.000,-1,-1,2,0,2,0,2,0,0,0,1,2,0,0,2,0,0,2,2
68,-7590.640,-7751.020,344.205,143.307,-0.802263,-0.590362,-0.088586,0.596954,-0.792243,-0.126475,0.004485,-0.154348,0.988006,0,0.88126,0.31773,52.875,0.635,-1,400.000,-1,375.000,-1,325.000,300.000,325.000,200.000,-1,300.000,350.000,-1,800.000,650.000,-1,-1,2,0,2,0,2,0,0,0,1,2,0,0,2,0,0,2,2
69,-7633.164,-7720.064,344.181,143.943,-0.808840,-0.581404,-0.088025,0.588012,-0.798561,-0.128614,0.004484,-0.155788,0.987780,0,0.87666,0.31782,52.600,0.636,-1,400.000,-1,375.000,-1,325.000,300.000,300.000,225.000,-1,300.000,375.000,-1,800.000,650.000,-1,-1,2,0,2,0,2,0,0,0,1,2,0,0,2,0,0,2,2
70,-7675.808,-7689.739,344.221,144.579,-0.815299,-0.572368,-0.087653,0.579025,-0.804786,-0.130572,0.004193,-0.157209,0.987556,0,0.87215,0.31819,52.329,0.636,-1,400.000,-1,375.000,-1,325.000,300.000,300.000,225.000,-1,325.000,400.000,-1,825.000,650.000,-1,-1,2,0,2,0,2,0,0,0,1,2,0,0,2,0,0,2,2
71,-7718.572,-7660.040,344.278,145.217,-0.821657,-0.563233,-0.087456,0.569970,-0.810900,-0.132572,0.003751,-0.158776,0.987307,0,0.86778,0.31881,52.067,0.638,-1,400.000,-1,375.000,-1,325.000,300.000,300.000,250.000,-1,350.000,425.000,-1,825.000,675.000,-1,-1,2,0,2,0,2,0,0,0,1,2,0,0,2,0,0,2,2
72,-7761.459,-7630.960,344.337,145.856,-0.827921,-0.553989,-0.087422,0.560836,-0.816899,-0.134682,0.003198,-0.160536,0.987025,0,0.86363,0.31970,51.818,0.639,-1,400.000,-1,375.000,-1,325.000,300.000,300.000,275.000,-1,375.000,475.000,-1,825.000,700.000,-1,-1,2,0,2,0,2,0,0,0,1,2,0,0,2,0,0,2,2
73,-7804.476,-7602.492,344.316,146.498,-0.834072,-0.544602,-0.087933,0.551650,-0.822743,-0.137027,0.002279,-0.162798,0.986657,0,0.85976,0.32083,51.586,0.642,-1,400.000,-1,375.000,-1,325.000,300.000,300.000,300.000,-1,400.000,500.000,900.000,825.000,725.000,-1,-1,2,0,2,0,2,0,0,0,0,2,0,0,1,0,0,2,2
74,-7843.671,-7576.947,344.260,146.900,-0.837864,-0.538592,-0.088892,0.545876,-0.826189,-0.139395,0.001635,-0.165318,0.986239,0,0.77976,0.20083,46.786,0.402,-1,400.000,-1,375.000,-1,325.000,300.000,300.000,300.000,-1,425.000,550.000,600.000,800.000,750.000,-1,-1,2,0,2,0,2,0,0,0,0,2,0,0,1,0,0,2,2
75,-7878.913,-7554.127,344.878,147.061,-0.839219,-0.535818,-0.092788,0.543793,-0.827026,-0.142540,-0.000362,-0.170080,0.985430,0,0.69976,0.08083,41.986,0.162,-1,400.000,-1,375.000,-1,325.000,300.000,300.000,300.000,-1,525.000,650.000,550.000,800.000,750.000,-1,-1,2,0,2,0,2,0,0,0,0,2,0,0,1,0,0,2,2
76,-7910.097,-7533.871,345.029,146.983,-0.838474,-0.536675,-0.094562,0.544942,-0.825871,-0.144825,-0.000372,-0.172963,0.984928,0,0.61976,-0.03917,37.186,-0.078,-1,400.000,-1,375.000,-1,325.000,300.000,300.000,325.000,-1,550.000,700.000,525.000,775.000,775.000,-1,-1,2,0,2,0,2,0,0,0,0,2,0,0,1,0,0,2,2
77,-7937.219,-7516.172,344.816,146.868,-0.837491,-0.538199,-0.094610,0.546451,-0.824602,-0.146365,0.000758,-0.174279,0.984696,0,0.53976,-0.05729,32.386,-0.115,-1,400.000,-1,375.000,-1,325.000,300.000,300.000,325.000,-1,550.000,700.000,525.000,775.000,800.000,-1,-1,2,0,2,0,2,0,0,0,0,2,0,0,1,0,0,2,2
78,-7960.292,-7501.051,344.686,146.756,-0.836505,-0.539684,-0.094867,0.547956,-0.823353,-0.147760,0.001635,-0.175585,0.984463,0,0.45976,-0.05606,27.586,-0.112,-1,400.000,-1,375.000,-1,325.000,325.000,300.000,325.000,-1,550.000,725.000,500.000,775.000,800.000,-1,-1,2,0,2,0,2,0,0,0,0,2,0,0,1,0,0,2,2
79,-7979.326,-7488.525,344.772,146.646,-0.835525,-0.541151,-0.095146,0.549447,-0.822147,-0.148941,0.002375,-0.176721,0.984258,0,0.37976,-0.05497,22.786,-0.110,-1,400.000,-1,375.000,-1,325.000,325.000,300.000,325.000,-1,550.000,725.000,500.000,775.000,825.000,-1,-1,2,0,2,0,2,0,0,0,0,2,0,0,1,0,0,2,2
80,-7994.331,-7478.609,344.896,146.538,-0.834564,-0.542627,-0.095174,0.550902,-0.821013,-0.149816,0.003155,-0.177463,0.984122,0,0.29976,-0.05404,17.986,-0.108,-1,400.000,-1,375.000,-1,325.000,325.000,300.000,325.000,-1,550.000,725.000,500.000,750.000,825.000,-1,-1,2,0,2,0,2,0,0,0,0,2,0,0,1,0,0,2,2
81,-8005.319,-7471.319,344.995,146.432,-0.833602,-0.544099,-0.095201,0.552352,-0.819920,-0.150460,0.003807,-0.178008,0.984022,0,0.21976,-0.05329,13.186,-0.107,-1,400.000,-1,375.000,-1,325.000,325.000,300.000,325.000,-1,550.000,725.000,500.000,750.000,825.000,-1,-1,2,0,2,0,2,0,0,0,0,2,0,0,1,0,0,2,2
82,-8012.298,-7466.670,345.064,146.326,-0.832636,-0.545573,-0.095220,0.553803,-0.818866,-0.150864,0.004335,-0.178348,0.983958,0,0.13976,-0.05273,8.386,-0.105,-1,400.000,-1,375.000,-1,325.000,325.000,300.000,325.000,-1,550.000,725.000,500.000,750.000,850.000,-1,-1,2,0,2,0,2,0,0,0,0,2,0,0,1,0,0,2,2
83,-8015.278,-7464.676,345.095,146.222,-0.831662,-0.547056,-0.095225,0.555262,-0.817848,-0.151025,0.004739,-0.178477,0.983933,0,0.05976,-0.05236,3.586,-0.105,-1,400.000,-1,375.000,-1,325.000,325.000,300.000,325.000,-1,550.000,725.000,500.000,750.000,850.000,-1,-1,2,0,2,0,2,0,0,0,0,2,0,0,1,0,0,2,2
84,-8014.270,-7465.353,345.086,146.117,-0.830676,-0.548554,-0.095214,0.556733,-0.816863,-0.150942,0.005023,-0.178392,0.983947,0,-0.02024,-0.05221,-1.214,-0.104,-1,400.000,-1,375.000,-1,325.000,325.000,300.000,325.000,-1,550.000,725.000,500.000,750.000,850.000,-1,-1,2,0,2,0,2,0,0,0,0,2,0,0,1,0,0,2,2
85,-8009.283,-7468.714,345.034,146.013,-0.829674,-0.550074,-0.095187,0.558224,-0.815905,-0.150613,0.005185,-0.178095,0.984000,0,-0.10024,-0.05226,-6.014,-0.105,-1,400.000,-1,375.000,-1,325.000,325.000,300.000,325.000,-1,550.000,725.000,500.000,750.000,825.000,-1,-1,2,0,2,0,2,0,0,0,0,2,0,0,1,0,0,2,2
86,-8000.327,-7474.775,344.937,145.908,-0.828651,-0.551619,-0.095146,0.559741,-0.814971,-0.150044,0.005226,-0.177591,0.984090,0,-0.18024,-0.05252,-10.814,-0.105,-1,400.000,-1,375.000,-1,325.000,325.000,300.000,325.000,-1,550.000,725.000,525.000,775.000,825.000,-1,-1,2,0,2,0,2,0,0,0,0,2,0,0,1,0,0,2,2
87,-7995.338,-7478.134,344.883,146.043,-0.829913,-0.549720,-0.095141,0.557873,-0.816301,-0.149769,0.004667,-0.177372,0.984133,0,-0.10024,0.06748,-6.014,0.135,-1,400.000,-1,375.000,-1,325.000,325.000,300.000,325.000,-1,550.000,725.000,525.000,775.000,825.000,-1,-1,2,0,2,0,2,0,0,0,0,2,0,0,1,0,0,2,2
88,-7994.326,-7478.807,344.868,146.418,-0.833435,-0.544361,-0.095170,0.552606,-0.819873,-0.149784,0.003509,-0.177426,0.984128,0,-0.02024,0.18748,-1.214,0.375,-1,400.000,-1,375.000,-1,325.000,325.000,300.000,325.000,-1,550.000,725.000,500.000,750.000,825.000,-1,-1,2,0,2,0,2,0,0,0,0,2,0,0,1,0,0,2,2
89,-7997.326,-7476.847,344.882,146.825,-0.837235,-0.538491,-0.095212,0.546838,-0.823683,-0.150046,0.002374,-0.177690,0.984084,0,0.05976,0.20372,3.586,0.407,-1,400.000,-1,375.000,-1,325.000,325.000,300.000,325.000,-1,575.000,750.000,500.000,750.000,825.000,-1,-1,2,0,2,0,2,0,0,0,0,2,0,0,1,0,0,2,2
90,-8004.377,-7472.311,344.916,147.233,-0.841007,-0.532570,-0.095267,0.541022,-0.827423,-0.150553,0.001354,-0.178158,0.984001,0,0.13976,0.20387,8.386,0.408,-1,400.000,-1,375.000,-1,325.000,325.000,300.000,325.000,-1,575.000,750.000,500.000,750.000,825.000,-1,-1,2,0,2,0,2,0,0,0,0,2,0,0,1,0,0,2,2
91,-8015.515,-7465.256,344.961,147.641,-0.844756,-0.526591,-0.095336,0.535152,-0.831095,-0.151309,0.000444,-0.178838,0.983878,0,0.21976,0.20424,13.186,0.408,-1,400.000,-1,375.000,-1,325.000,325.000,300.000,325.000,-1,575.000,775.000,475.000,750.000,850.000,-1,-1,2,0,2,0,2,0,0,0,0,2,0,0,1,0,0,2,2
92,-8030.776,-7455.741,345.008,148.051,-0.848483,-0.520548,-0.095427,0.529223,-0.834699,-0.152320,-0.000363,-0.179743,0.983713,0,0.29976,0.20483,17.986,0.410,-1,400.000,-1,375.000,-1,325.000,325.000,300.000,325.000,-1,600.000,775.000,475.000,750.000,850.000,-1,-1,2,0,2,0,2,0,0,0,0,2,0,0,1,0,0,2,2
93,-8050.196,-7443.826,345.050,148.462,-0.852191,-0.514433,-0.095548,0.523230,-0.838235,-0.153598,-0.001076,-0.180889,0.983503,0,0.37976,0.20566,22.786,0.411,-1,400.000,-1,400.000,-1,325.000,325.000,300.000,325.000,-1,600.000,800.000,475.000,750.000,850.000,-1,-1,2,0,2,0,2,0,0,0,0,2,0,0,1,0,0,2,2
94,-8073.810,-7429.570,344.815,148.876,-0.855809,-0.508327,-0.095885,0.517286,-0.841855,-0.153936,-0.002471,-0.181339,0.983417,0,0.45976,0.20675,27.586,0.413,-1,400.000,-1,400.000,-1,325.000,325.000,300.000,325.000,-1,625.000,850.000,475.000,750.000,875.000,-1,-1,2,0,2,0,2,0,0,0,0,2,0,0,1,0,0,2,2
95,-8101.655,-7413.034,344.511,149.292,-0.859400,-0.502148,-0.096330,0.511289,-0.845440,-0.154319,-0.003950,-0.181874,0.983314,0,0.53976,0.20811,32.386,0.416,-1,400.000,-1,400.000,-1,325.000,325.000,300.000,300.000,-1,675.000,900.000,500.000,750.000,875.000,-1,-1,2,0,2,0,2,0,0,0,0,2,0,0,1,0,0,2,2
96,-8133.764,-7394.282,344.131,149.711,-0.862965,-0.495884,-0.096906,0.505234,-0.848993,-0.154757,-0.005531,-0.182510,0.983188,0,0.61976,0.20978,37.186,0.420,-1,400.000,-1,400.000,-1,325.000,325.000,300.000,300.000,-1,725.000,950.000,500.000,725.000,875.000,-1,-1,2,0,2,0,2,0,0,0,0,2,0,0,1,0,0,2,2
97,-8170.174,-7373.378,343.666,150.135,-0.866505,-0.489526,-0.097638,0.499116,-0.852515,-0.155247,-0.007240,-0.183255,0.983039,0,0.69976,0.21176,41.986,0.424,-1,400.000,-1,400.000,-1,325.000,325.000,300.000,300.000,-1,800.000,-1,525.000,725.000,900.000,-1,-1,2,0,2,0,2,0,0,0,0,2,0,2,1,0,0,2,2
98,-8209.087,-7351.421,343.133,150.563,-0.870025,-0.483066,-0.098513,0.492925,-0.856016,-0.155764,-0.009084,-0.184078,0.982870,0,0.74469,0.21410,44.682,0.428,1000.000,400.000,-1,400.000,-1,325.000,325.000,300.000,300.000,-1,875.000,-1,550.000,725.000,900.000,-1,-1,1,0,2,0,2,0,0,0,0,2,0,2,1,0,0,2,2
99,-8248.161,-7329.763,342.559,150.997,-0.873527,-0.476500,-0.099487,0.486650,-0.859505,-0.156278,-0.011043,-0.184928,0.982690,0,0.74462,0.21668,44.677,0.433,950.000,400.000,-1,400.000,-1,325.000,325.000,300.000,300.000,-1,950.000,-1,600.000,700.000,925.000,-1,-1,1,0,2,0,2,0,0,0,0,2,0,2,1,0,0,2,2
100,-8287.408,-7308.399,341.943,151.435,-0.877013,-0.469826,-0.100560,0.480288,-0.862983,-0.156791,-0.013117,-0.185805,0.982499,0,0.74478,0.21935,44.687,0.439,925.000,400.000,-1,400.000,-1,325.000,325.000,300.000,300.000,-1,-1,-1,625.000,700.000,925.000,1000.000,-1,1,0,2,0,2,0,0,0,0,2,2,2,1,0,0,1,2
101,-8326.840,-7287.330,341.284,151.879,-0.880480,-0.463040,-0.101730,0.473837,-0.866449,-0.157306,-0.015305,-0.186708,0.982296,0,0.74516,0.22211,44.709,0.444,875.000,375.000,-1,400.000,-1,325.000,325.000,300.000,300.000,-1,-1,-1,650.000,675.000,950.000,950.000,-1,1,0,2,0,2,0,0,0,0,2,2,2,1,0,0,1,2
102,-8366.468,-7266.555,340.551,152.329,-0.883936,-0.456130,-0.102968,0.467280,-0.869883,-0.157967,-0.017517,-0.187747,0.982061,0,0.74575,0.22496,44.745,0.450,825.000,375.000,-1,400.000,-1,325.000,325.000,300.000,300.000,-1,-1,-1,700.000,675.000,975.000,900.000,-1,1,0,2,0,2,0,0,0,0,2,2,2,1,0,0,1,2
103,-8406.303,-7246.073,339.546,152.785,-0.887366,-0.449110,-0.104320,0.460636,-0.873316,-0.158537,-0.019904,-0.188734,0.981827,0,0.74655,0.22789,44.793,0.456,800.000,375.000,-1,400.000,-1,325.000,325.000,300.000,300.000,-1,-1,-1,725.000,675.000,975.000,850.000,-1,1,0,2,0,2,0,0,0,0,2,2,2,1,0,0,1,2
104,-8446.353,-7225.886,338.349,153.247,-0.890749,-0.442028,-0.105718,0.453928,-0.876851,-0.158371,-0.022695,-0.189057,0.981704,0,0.74754,0.23089,44.853,0.462,750.000,375.000,-1,400.000,-1,300.000,325.000,300.000,325.000,-1,-1,-1,775.000,650.000,1000.000,825.000,-1,1,0,2,0,2,0,0,0,0,2,2,2,1,0,0,1,2
105,-8486.628,-7205.990,337.629,153.715,-0.894322,-0.434987,-0.104757,0.446788,-0.880704,-0.157291,-0.023840,-0.187473,0.981980,0,0.74871,0.23397,44.923,0.468,725.000,375.000,-1,400.000,-1,300.000,325.000,300.000,325.000,-1,-1,-1,800.000,650.000,-1,775.000,-1,1,0,2,0,2,0,0,0,0,2,2,2,1,0,2,1,2
106,-8527.139,-7186.394,336.830,154.189,-0.897874,-0.427793,-0.103995,0.439537,-0.884502,-0.156407,-0.025074,-0.186143,0.982203,0,0.75005,0.23711,45.003,0.474,675.000,375.000,-1,425.000,-1,300.000,325.000,300.000,325.000,-1,-1,-1,850.000,650.000,-1,750.000,-1,1,0,2,0,2,0,0,0,0,2,2,2,1,0,2,1,2
107,-8570.117,-7166.044,335.903,154.666,-0.901376,-0.420512,-0.103394,0.432233,-0.888222,-0.155678,-0.026372,-0.185015,0.982382,0,0.79258,0.23828,47.555,0.477,650.000,375.000,-1,425.000,-1,300.000,325.000,300.000,325.000,-1,-1,-1,900.000,650.000,-1,700.000,-1,1,0,2,0,2,0,0,0,0,2,2,2,1,1,2,1,2
108,-8613.193,-7146.081,334.875,155.140,-0.904811,-0.413323,-0.102377,0.424908,-0.892071,-0.153823,-0.027749,-0.182682,0.982780,0,0.79131,0.23733,47.479,0.475,625.000,375.000,-1,425.000,-1,300.000,325.000,300.000,325.000,-1,-1,-1,950.000,625.000,-1,675.000,-1,1,0,2,0,2,0,0,0,0,2,2,2,1,1,2,1,2
109,-8657.837,-7125.985,333.499,155.775,-0.909365,-0.403664,-0.100553,0.414980,-0.897151,-0.151366,-0.029110,-0.179374,0.983350,0,0.81602,0.31740,48.961,0.635,575.000,375.000,-1,425.000,-1,300.000,325.000,300.000,325.000,-1,-1,-1,1000.000,625.000,-1,625.000,-1,1,0,2,0,2,0,0,0,0,2,2,2,1,1,2,1,2
110,-8702.807,-7106.346,332.142,156.414,-0.913875,-0.393822,-0.098670,0.404879,-0.902044,-0.149634,-0.030076,-0.176696,0.983806,0,0.81790,0.31968,49.074,0.639,550.000,375.000,-1,425.000,-1,300.000,325.000,300.000,325.000,-1,-1,-1,-1,600.000,-1,600.000,-1,1,0,2,0,2,0,0,0,0,2,2,2,2,1,2,1,2
111,-8748.096,-7087.170,330.626,157.059,-0.918295,-0.383844,-0.096939,0.394667,-0.906854,-0.147830,-0.031166,-0.174010,0.984251,0,0.81972,0.32203,49.183,0.644,500.000,375.000,-1,425.000,-1,300.000,325.000,300.000,325.000,-1,-1,-1,-1,575.000,-1,550.000,-1,1,0,2,0,2,0,0,0,0,2,2,2,2,1,2,1,2
112,-8793.696,-7068.469,328.947,157.707,-0.922623,-0.373730,-0.095362,0.384342,-0.911583,-0.145937,-0.032389,-0.171296,0.984687,0,0.82147,0.32445,49.288,0.649,475.000,375.000,-1,450.000,-1,300.000,325.000,300.000,325.000,-1,-1,-1,-1,575.000,-1,525.000,-1,1,0,2,0,2,0,0,0,0,2,2,2,2,1,2,1,2
113,-8839.599,-7050.253,327.107,158.361,-0.926856,-0.363476,-0.093935,0.373899,-0.916228,-0.143963,-0.033739,-0.168555,0.985115,0,0.82313,0.32696,49.388,0.654,425.000,375.000,-1,450.000,-1,300.000,325.000,300.000,325.000,-1,-1,-1,-1,550.000,-1,475.000,-1,1,1,2,0,2,0,0,0,0,2,2,2,2,1,2,1,2
114,-8885.798,-7032.532,325.108,159.020,-0.930994,-0.353080,-0.092652,0.363333,-0.920787,-0.141915,-0.035206,-0.165786,0.985533,0,0.82472,0.32955,49.483,0.659,400.000,350.000,-1,450.000,-1,300.000,350.000,300.000,325.000,-1,-1,-1,-1,550.000,-1,450.000,-1,1,1,2,0,2,0,0,0,0,2,2,2,2,1,2,1,2
115,-8932.283,-7015.317,322.952,159.685,-0.935036,-0.342540,-0.091510,0.352640,-0.925257,-0.139801,-0.036783,-0.162989,0.985942,0,0.82620,0.33224,49.572,0.664,350.000,350.000,-1,450.000,-1,325.000,350.000,300.000,325.000,-1,-1,-1,-1,525.000,-1,400.000,-1,1,1,2,0,2,0,0,0,0,2,2,2,2,1,2,1,2
116,-8977.974,-6998.778,320.525,160.109,-0.937618,-0.335854,-0.089861,0.345661,-0.928262,-0.137289,-0.037305,-0.159786,0.986446,0,0.80990,0.21224,48.594,0.424,325.000,350.000,-1,450.000,-1,300.000,350.000,300.000,325.000,-1,-1,-1,-1,525.000,-1,350.000,-1,1,1,2,0,2,0,0,0,0,2,2,2,2,1,2,1,2
117,-9023.778,-6982.365,317.861,160.294,-0.938803,-0.333049,-0.087900,0.342466,-0.929858,-0.134467,-0.036950,-0.156340,0.987012,0,0.81093,0.09224,48.656,0.184,300.000,325.000,-1,450.000,-1,300.000,325.000,275.000,325.000,-1,-1,-1,-1,525.000,-1,325.000,-1,1,1,2,0,2,0,0,0,0,2,2,2,2,1,2,1,2
118,-9069.621,-6965.946,315.195,160.303,-0.938940,-0.333079,-0.086311,0.342133,-0.930422,-0.131373,-0.036548,-0.152881,0.987569,0,0.81159,0.00472,48.695,0.009,250.000,325.000,-1,450.000,-1,300.000,325.000,275.000,325.000,-1,-1,575.000,-1,550.000,-1,300.000,-1,1,1,2,0,2,0,0,0,0,2,2,0,2,1,2,1,2
119,-9115.484,-6949.531,313.156,160.321,-0.938987,-0.333111,-0.085675,0.341833,-0.931397,-0.125099,-0.038126,-0.146753,0.988438,0,0.81186,0.00863,48.711,0.017,225.000,325.000,-1,425.000,-1,300.000,325.000,275.000,325.000,-1,-1,-1,-1,550.000,1000.000,250.000,-1,1,1,2,0,2,0,0,0,0,2,2,2,2,1,0,1,2
120,-9161.348,-6933.121,313.109,160.346,-0.939717,-0.333372,-0.076127,0.340335,-0.933432,-0.113478,-0.033229,-0.132546,0.990620,0,0.81187,0.01270,48.712,0.025,225.000,350.000,-1,450.000,-1,325.000,350.000,300.000,300.000,-1,-1,475.000,-1,625.000,-1,275.000,-1,1,1,2,0,2,0,0,0,0,2,2,0,2,1,2,1,2
121,-9207.208,-6916.748,312.691,160.380,-0.940346,-0.333374,-0.067909,0.338958,-0.935185,-0.102650,-0.029287,-0.119545,0.992397,0,0.81160,0.01696,48.696,0.034,225.000,375.000,-1,450.000,-1,325.000,350.000,325.000,300.000,-1,-1,375.000,-1,675.000,1000.000,275.000,-1,1,0,2,0,2,0,0,0,0,2,2,0,2,0,1,1,2
122,-9253.051,-6900.426,311.958,160.423,-0.940893,-0.333121,-0.061244,0.337668,-0.936683,-0.092762,-0.026466,-0.107959,0.993803,0,0.81103,0.02138,48.662,0.043,225.000,400.000,-1,450.000,-1,325.000,350.000,350.000,300.000,-1,825.000,325.000,-1,725.000,1000.000,300.000,-1,1,0,2,0,2,0,0,0,0,2,0,0,2,0,1,1,2
123,-9298.860,-6884.167,311.133,160.475,-0.941404,-0.332596,-0.056015,0.336399,-0.937902,-0.084713,-0.024361,-0.098593,0.994830,0,0.81015,0.02598,48.609,0.052,225.000,400.000,-1,450.000,-1,350.000,350.000,325.000,300.000,-1,825.000,300.000,-1,750.000,975.000,325.000,-1,1,0,2,0,2,0,0,1,0,2,0,0,2,0,1,1,2
124,-9344.620,-6867.986,310.408,160.536,-0.941962,-0.331795,-0.051185,0.335022,-0.938841,-0.079612,-0.021640,-0.092140,0.995511,0,0.80895,0.03075,48.537,0.062,225.000,400.000,-1,450.000,-1,350.000,350.000,300.000,300.000,-1,775.000,300.000,-1,775.000,950.000,375.000,-1,1,0,2,0,2,0,0,1,0,2,0,0,2,0,1,1,2
125,-9390.313,-6851.894,309.301,160.607,-0.942509,-0.330784,-0.047516,0.333596,-0.939704,-0.075297,-0.019744,-0.086820,0.996028,0,0.80740,0.03568,48.444,0.071,225.000,425.000,-1,475.000,-1,350.000,375.000,275.000,300.000,-1,750.000,275.000,925.000,800.000,950.000,450.000,-1,1,0,2,0,2,0,0,1,0,2,0,0,0,0,1,1,2
126,-9435.923,-6835.907,307.819,160.689,-0.943060,-0.329565,-0.044988,0.332098,-0.940511,-0.071763,-0.018661,-0.082617,0.996407,0,0.80551,0.04075,48.331,0.082,225.000,425.000,-1,475.000,-1,350.000,375.000,250.000,300.000,-1,750.000,225.000,875.000,825.000,925.000,-1,-1,1,0,2,0,2,0,0,1,0,2,0,0,0,0,1,2,2
127,-9481.431,-6820.039,305.971,160.781,-0.943624,-0.328139,-0.043572,0.330509,-0.941277,-0.069001,-0.018372,-0.079512,0.996665,0,0.80326,0.04596,48.196,0.092,225.000,425.000,-1,475.000,-1,350.000,375.000,225.000,300.000,-1,750.000,125.000,850.000,825.000,900.000,-1,-1,1,0,2,0,2,0,0,1,0,2,0,0,0,0,1,2,2
128,-9526.822,-6804.304,303.764,160.883,-0.944206,-0.326506,-0.043238,0.328817,-0.942014,-0.067000,-0.018855,-0.077479,0.996816,0,0.80067,0.05127,48.040,0.103,225.000,425.000,-1,475.000,-1,350.000,375.000,200.000,300.000,-1,775.000,100.000,850.000,825.000,875.000,-1,-1,1,0,2,0,2,0,0,1,0,2,0,0,0,0,1,2,2
129,-9572.077,-6788.718,301.209,160.997,-0.944807,-0.324667,-0.043948,0.327012,-0.942730,-0.065747,-0.020085,-0.076489,0.996868,0,0.79774,0.05667,47.864,0.113,225.000,425.000,-1,475.000,-1,350.000,375.000,175.000,300.000,-1,800.000,100.000,850.000,800.000,850.000,-1,-1,1,0,2,0,2,0,0,1,0,2,0,0,0,0,1,2,2
130,-9617.181,-6773.292,298.313,161.119,-0.945412,-0.322661,-0.045667,0.325131,-0.943417,-0.065231,-0.022036,-0.076517,0.996825,0,0.79448,0.06093,47.669,0.122,225.000,400.000,-1,450.000,-1,350.000,350.000,150.000,325.000,-1,850.000,125.000,875.000,800.000,825.000,-1,-1,1,0,2,0,2,0,0,1,0,2,0,0,0,0,1,2,2
131,-9662.116,-6758.034,295.083,161.243,-0.945984,-0.320585,-0.048373,0.323273,-0.944040,-0.065452,-0.024683,-0.077554,0.996683,0,0.79092,0.06224,47.455,0.124,225.000,400.000,-1,450.000,-1,350.000,350.000,150.000,325.000,-1,900.000,150.000,925.000,775.000,800.000,-1,-1,1,0,2,0,2,0,0,1,0,2,0,0,0,0,1,2,2
132,-9706.867,-6742.951,291.528,161.370,-0.946512,-0.318445,-0.052031,0.321450,-0.944596,-0.066398,-0.028004,-0.079572,0.996436,0,0.78707,0.06336,47.224,0.127,275.000,400.000,-1,450.000,-1,325.000,350.000,125.000,325.000,-1,1000.000,175.000,1000.000,725.000,775.000,-1,1000.000,1,0,2,0,2,0,0,1,0,2,0,0,1,0,1,2,1
133,-9751.417,-6728.039,289.501,161.498,-0.946996,-0.316435,-0.055387,0.319526,-0.945637,-0.060612,-0.033196,-0.075097,0.996624,0,0.78299,0.06428,46.979,0.129,325.000,375.000,-1,425.000,950.000,325.000,325.000,125.000,325.000,-1,-1,275.000,1000.000,700.000,725.000,-1,925.000,1,0,2,0,1,0,0,1,0,2,2,0,1,0,1,2,1
