timestep,x_cm,y_cm,z_cm,yaw_deg,basis_xx,basis_xy,basis_xz,basis_yx,basis_yy,basis_yz,basis_zx,basis_zy,basis_zz,teleport_flag,throttle_cmd,steering_cmd,cmd_move_cm,cmd_turn_deg,lidar_cm_0,lidar_cm_1,lidar_cm_2,lidar_cm_3,lidar_cm_4,lidar_cm_5,lidar_cm_6,lidar_cm_7,lidar_cm_8,lidar_cm_9,lidar_cm_10,lidar_cm_11,lidar_cm_12,lidar_cm_13,lidar_cm_14,lidar_cm_15,lidar_cm_16,lidar_class_0,lidar_class_1,lidar_class_2,lidar_class_3,lidar_class_4,lidar_class_5,lidar_class_6,lidar_class_7,lidar_class_8,lidar_class_9,lidar_class_10,lidar_class_11,lidar_class_12,lidar_class_13,lidar_class_14,lidar_class_15,lidar_class_16
0,4263.558,6231.363,269.967,11.452,0.979753,-0.198402,0.026854,0.199229,0.979407,-0.032703,-0.019813,0.037391,0.999104,1,0.00000,0.00000,4.800,0.240,-1,400.000,-1,375.000,-1,325.000,325.000,300.000,300.000,-1,-1,-1,-1,700.000,675.000,-1,-1,2,0,2,0,2,0,0,0,0,2,2,2,2,0,0,2,2
1,4268.267,6232.298,269.871,11.234,0.980501,-0.194682,0.026771,0.195507,0.980157,-0.032705,-0.019873,0.037302,0.999106,0,0.08000,-0.10878,4.800,-0.218,-1,400.000,-1,375.000,-1,325.000,325.000,300.000,300.000,-1,-1,-1,-1,700.000,675.000,-1,-1,2,0,2,0,2,0,0,0,0,2,2,2,2,0,0,2,2
2,4277.690,6234.132,269.676,11.016,0.981238,-0.190956,0.026613,0.191776,0.980893,-0.032724,-0.019856,0.037214,0.999110,0,0.16000,-0.10890,9.600,-0.218,-1,400.000,-1,375.000,-1,325.000,325.000,300.000,300.000,-1,-1,-1,-1,700.000,675.000,-1,-1,2,0,2,0,2,0,0,0,0,2,2,2,2,0,0,2,2
3,4291.835,6236.830,269.380,10.798,0.981964,-0.187219,0.026382,0.188033,0.981616,-0.032759,-0.019764,0.037129,0.999115,0,0.24000,-0.10912,14.400,-0.218,-1,400.000,-1,375.000,-1,325.000,325.000,300.000,300.000,-1,-1,-1,-1,700.000,675.000,-1,-1,2,0,2,0,2,0,0,0,0,2,2,2,2,0,0,2,2
4,4310.708,6240.355,268.983,10.579,0.982680,-0.183468,0.026078,0.184273,0.982327,-0.032812,-0.019597,0.037049,0.999121,0,0.32000,-0.10945,19.200,-0.219,-1,400.000,-1,375.000,-1,325.000,325.000,300.000,300.000,-1,-1,-1,-1,700.000,650.000,-1,-1,2,0,2,0,2,0,0,0,0,2,2,2,2,0,0,2,2
5,4334.317,6244.671,268.484,10.359,0.983386,-0.179699,0.025702,0.180493,0.983026,-0.032885,-0.019356,0.036978,0.999129,0,0.40000,-0.10988,24.000,-0.220,-1,375.000,-1,375.000,-1,325.000,325.000,300.000,300.000,-1,-1,-1,-1,700.000,650.000,-1,-1,2,0,2,0,2,0,0,0,0,2,2,2,2,0,0,2,2
6,4362.667,6249.740,267.880,10.139,0.984082,-0.175910,0.025256,0.176691,0.983714,-0.032981,-0.019043,0.036918,0.999137,0,0.48000,-0.11039,28.800,-0.221,-1,375.000,-1,375.000,-1,325.000,325.000,300.000,300.000,-1,-1,-1,-1,700.000,650.000,-1,-1,2,0,2,0,2,0,0,0,0,2,2,2,2,0,0,2,2
7,4395.765,6255.527,267.170,9.917,0.984769,-0.172099,0.024741,0.172864,0.984389,-0.033102,-0.018658,0.036875,0.999146,0,0.56000,-0.11097,33.600,-0.222,-1,375.000,-1,375.000,-1,325.000,325.000,300.000,300.000,-1,-1,-1,-1,700.000,650.000,-1,-1,2,0,2,0,2,0,0,0,0,2,2,2,2,0,0,2,2
8,4433.617,6261.993,266.354,9.693,0.985446,-0.168263,0.024159,0.169011,0.985053,-0.033252,-0.018203,0.036852,0.999155,0,0.64000,-0.11160,38.400,-0.223,-1,375.000,-1,375.000,-1,300.000,300.000,300.000,300.000,-1,-1,-1,-1,675.000,650.000,-1,-1,2,0,2,0,2,0,0,0,0,2,2,2,2,0,0,2,2
9,4476.229,6269.100,265.430,9.469,0.986113,-0.164402,0.023512,0.165131,0.985705,-0.033437,-0.017679,0.036855,0.999164,0,0.72000,-0.11225,43.200,-0.225,-1,375.000,-1,375.000,-1,300.000,300.000,300.000,300.000,-1,-1,-1,-1,675.000,625.000,-1,-1,2,0,2,0,2,0,0,0,0,2,2,2,2,0,0,2,2
10,4523.605,6276.810,264.395,9.243,0.986770,-0.160516,0.022803,0.161225,0.986344,-0.033659,-0.017089,0.036890,0.999173,0,0.80000,-0.11289,48.000,-0.226,-1,375.000,-1,350.000,-1,300.000,300.000,300.000,300.000,-1,-1,-1,-1,675.000,625.000,-1,-1,2,0,2,0,2,0,0,0,0,2,2,2,2,0,0,2,2
11,4575.753,6285.084,263.536,9.016,0.987422,-0.156613,0.021680,0.157270,0.987007,-0.032909,-0.016244,0.035905,0.999223,0,0.88000,-0.11348,52.800,-0.227,-1,375.000,-1,350.000,-1,300.000,300.000,300.000,300.000,-1,-1,-1,-1,675.000,625.000,-1,-1,2,0,2,0,2,0,0,0,0,2,2,2,2,0,0,2,2
12,4632.677,6293.883,263.108,8.788,0.988087,-0.152700,0.019172,0.153235,0.987717,-0.030557,-0.014270,0.033131,0.999349,0,0.96000,-0.11399,57.600,-0.228,-1,375.000,-1,350.000,-1,300.000,300.000,300.000,300.000,-1,-1,-1,-1,675.000,625.000,-1,-1,2,0,2,0,2,0,0,0,0,2,2,2,2,0,0,2,2
13,4691.212,6302.694,263.157,8.560,0.988745,-0.148759,0.015933,0.149187,0.988344,-0.030303,-0.011239,0.032339,0.999414,0,0.98658,-0.11436,59.195,-0.229,-1,375.000,-1,350.000,-1,300.000,300.000,300.000,300.000,-1,650.000,700.000,-1,675.000,625.000,-1,-1,2,0,2,0,2,0,0,0,0,2,0,0,2,0,0,2,2
14,4749.652,6311.251,263.242,8.330,0.989380,-0.144809,0.012575,0.145131,0.988950,-0.030249,-0.008056,0.031752,0.999463,0,0.98439,-0.11454,59.063,-0.229,-1,375.000,-1,375.000,-1,300.000,300.000,300.000,325.000,-1,575.000,625.000,-1,700.000,650.000,-1,-1,2,0,2,0,2,0,0,0,0,2,0,0,2,0,0,2,2
15,4807.996,6319.556,263.311,8.101,0.989987,-0.140857,0.009235,0.141075,0.989540,-0.030156,-0.004890,0.031157,0.999503,0,0.98219,-0.11453,58.932,-0.229,-1,375.000,-1,375.000,-1,300.000,300.000,300.000,325.000,-1,525.000,575.000,-1,700.000,650.000,-1,-1,2,0,2,0,2,0,0,0,0,2,0,0,2,0,0,2,2
16,4866.243,6327.610,263.364,7.873,0.990566,-0.136910,0.005911,0.137026,0.990112,-0.030027,-0.001742,0.030554,0.999532,0,0.98002,-0.11431,58.801,-0.229,-1,375.000,-1,375.000,-1,300.000,300.000,300.000,325.000,-1,500.000,525.000,-1,700.000,650.000,-1,-1,2,0,2,0,2,0,0,0,0,2,0,0,2,0,0,2,2
17,4924.395,6335.416,263.403,7.645,0.991116,-0.132975,0.002605,0.132993,0.990667,-0.029862,0.001390,0.029943,0.999551,0,0.97789,-0.11390,58.674,-0.228,-1,375.000,-1,375.000,-1,300.000,300.000,325.000,325.000,-1,475.000,500.000,-1,725.000,650.000,-1,-1,2,0,2,0,2,0,0,0,0,2,0,0,2,0,0,2,2
18,4982.455,6342.975,263.428,7.418,0.991637,-0.129058,-0.000685,0.128981,0.991203,-0.029662,0.004508,0.029326,0.999560,0,0.97584,-0.11330,58.551,-0.227,-1,375.000,-1,375.000,-1,325.000,300.000,325.000,300.000,-1,450.000,475.000,-1,725.000,650.000,-1,-1,2,0,2,0,2,0,0,0,0,2,0,0,2,0,0,2,2
19,5040.429,6350.292,263.438,7.193,0.992128,-0.125167,-0.003960,0.124998,0.991720,-0.029428,0.007611,0.028701,0.999559,0,0.97390,-0.11250,58.434,-0.225,-1,400.000,-1,375.000,-1,325.000,300.000,300.000,300.000,-1,400.000,450.000,-1,750.000,675.000,-1,-1,2,0,2,0,2,0,0,0,0,2,0,0,2,0,0,2,2
20,5098.323,6357.370,263.435,6.970,0.992589,-0.121307,-0.007221,0.121050,0.992218,-0.029161,0.010702,0.028071,0.999549,0,0.97208,-0.11152,58.325,-0.223,-1,400.000,-1,375.000,-1,325.000,300.000,300.000,300.000,-1,350.000,400.000,-1,750.000,675.000,-1,-1,2,0,2,0,2,0,0,0,0,2,0,0,2,0,0,2,2
21,5156.143,6364.214,263.419,6.750,0.993019,-0.117486,-0.010467,0.117144,0.992695,-0.028862,0.013781,0.027434,0.999529,0,0.97040,-0.11036,58.224,-0.221,-1,400.000,-1,375.000,-1,325.000,300.000,300.000,300.000,-1,325.000,375.000,-1,775.000,675.000,-1,-1,2,0,2,0,2,0,0,0,0,2,0,0,2,0,0,2,2
22,5213.898,6370.826,263.440,6.532,0.993421,-0.113710,-0.013578,0.113293,0.993158,-0.028336,0.016707,0.026612,0.999506,0,0.96887,-0.10903,58.132,-0.218,-1,400.000,-1,375.000,-1,325.000,300.000,300.000,300.000,-1,300.000,350.000,-1,775.000,675.000,-1,-1,2,0,2,0,2,0,0,0,0,2,0,0,2,0,0,2,2
23,5271.598,6377.212,264.225,6.317,0.993810,-0.109991,-0.015581,0.109582,0.993662,-0.025042,0.018237,0.023180,0.999565,0,0.96752,-0.10752,58.051,-0.215,-1,400.000,-1,375.000,-1,325.000,300.000,300.000,300.000,-1,325.000,375.000,-1,775.000,675.000,-1,-1,2,0,2,0,2,0,0,0,0,2,0,0,2,0,0,2,2
24,5329.250,6383.378,265.586,6.105,0.994194,-0.106322,-0.016538,0.105916,0.994092,-0.023729,0.018963,0.021839,0.999582,0,0.96636,-0.10586,57.982,-0.212,-1,400.000,-1,375.000,-1,325.000,300.000,300.000,300.000,-1,350.000,425.000,-1,775.000,700.000,-1,-1,2,0,2,0,2,0,0,0,0,2,0,0,2,0,0,2,2
25,5382.128,6389.059,266.851,6.133,0.994125,-0.106815,-0.017500,0.106412,0.994066,-0.022575,0.019808,0.020580,0.999592,0,0.88636,0.01414,53.182,0.028,-1,400.000,-1,375.000,-1,325.000,300.000,300.000,300.000,-1,400.000,450.000,-1,775.000,700.000,-1,-1,2,0,2,0,2,0,0,0,0,2,0,0,2,0,0,2,2
26,5430.223,6394.311,267.996,6.233,0.993921,-0.108547,-0.018381,0.108147,0.993903,-0.021490,0.020601,0.019372,0.999600,0,0.80636,0.04982,48.382,0.100,-1,400.000,-1,375.000,-1,325.000,300.000,300.000,300.000,-1,450.000,500.000,-1,800.000,700.000,-1,-1,2,0,2,0,2,0,0,0,0,2,0,0,2,0,0,2,2
27,5477.825,6399.596,269.124,6.336,0.993707,-0.110339,-0.019254,0.109946,0.993728,-0.020395,0.021384,0.018149,0.999607,0,0.79824,0.05160,47.894,0.103,-1,400.000,-1,375.000,-1,325.000,325.000,300.000,300.000,-1,475.000,550.000,-1,800.000,700.000,-1,-1,2,0,2,0,2,0,0,0,0,2,0,0,2,0,0,2,2
28,5525.386,6404.967,270.245,6.443,0.993482,-0.112197,-0.020130,0.111813,0.993542,-0.019277,0.022163,0.016901,0.999612,0,0.79772,0.05349,47.863,0.107,-1,400.000,-1,375.000,-1,325.000,325.000,300.000,300.000,-1,500.000,575.000,-1,800.000,725.000,-1,-1,2,0,2,0,2,0,0,0,0,2,0,0,2,0,0,2,2
29,5572.916,6410.427,271.360,6.554,0.993244,-0.114123,-0.021008,0.113751,0.993344,-0.018137,0.022938,0.015625,0.999615,0,0.79738,0.05547,47.843,0.111,-1,400.000,-1,375.000,-1,325.000,325.000,300.000,300.000,-1,550.000,600.000,-1,800.000,725.000,-1,-1,2,0,2,0,2,0,0,0,0,2,0,0,2,0,0,2,2
30,5620.424,6415.982,272.469,6.669,0.992994,-0.116121,-0.021889,0.115763,0.993132,-0.016974,0.023710,0.014322,0.999616,0,0.79719,0.05757,47.832,0.115,-1,400.000,-1,375.000,-1,325.000,325.000,300.000,300.000,-1,575.000,650.000,-1,800.000,725.000,-1,-1,2,0,2,0,2,0,0,0,0,2,0,0,2,0,0,2,2
31,5669.833,6421.858,273.617,6.782,0.992742,-0.118083,-0.022808,0.117743,0.992919,-0.015740,0.024505,0.012940,0.999616,0,0.82928,0.05655,49.757,0.113,-1,400.000,-1,375.000,-1,325.000,325.000,300.000,300.000,-1,600.000,675.000,-1,825.000,725.000,-1,-1,2,0,2,0,2,0,0,0,0,2,0,0,2,0,0,2,2
32,5719.166,6427.821,274.756,6.893,0.992489,-0.120007,-0.023729,0.119687,0.992706,-0.014481,0.025294,0.011532,0.999614,0,0.82820,0.05544,49.692,0.111,-1,400.000,-1,375.000,-1,325.000,325.000,300.000,300.000,-1,625.000,700.000,-1,825.000,725.000,-1,-1,2,0,2,0,2,0,0,0,0,2,0,0,2,0,0,2,2
33,5768.416,6433.870,275.886,7.002,0.992237,-0.121896,-0.024652,0.121599,0.992492,-0.013196,0.026075,0.010096,0.999609,0,0.82701,0.05446,49.620,0.109,-1,400.000,-1,375.000,-1,325.000,325.000,300.000,300.000,-1,650.000,750.000,-1,825.000,750.000,-1,-1,2,0,2,0,2,0,0,0,0,2,0,0,2,0,0,2,2
34,5817.361,6439.767,276.975,6.871,0.992492,-0.119626,-0.025473,0.119354,0.992780,-0.011968,0.026721,0.008838,0.999604,0,0.82166,-0.06554,49.299,-0.131,-1,400.000,-1,400.000,-1,325.000,325.000,300.000,300.000,-1,675.000,775.000,-1,825.000,750.000,-1,-1,2,0,2,0,2,0,0,0,0,2,0,0,2,0,0,2,2
35,5866.274,6445.340,278.054,6.500,0.993225,-0.113195,-0.026269,0.112949,0.993543,-0.010696,0.027310,0.007657,0.999598,0,0.82049,-0.18554,49.229,-0.371,-1,400.000,-1,400.000,-1,325.000,325.000,300.000,300.000,-1,700.000,800.000,-1,825.000,750.000,975.000,-1,2,0,2,0,2,0,0,0,0,2,0,0,2,1,1,1,2
36,5915.182,6450.384,279.206,5.889,0.994372,-0.102594,-0.026454,0.102389,0.994704,-0.008992,0.027236,0.006233,0.999610,0,0.81945,-0.30554,49.167,-0.611,-1,400.000,-1,400.000,-1,325.000,325.000,300.000,325.000,-1,750.000,825.000,-1,775.000,750.000,925.000,-1,2,0,2,0,2,0,0,0,0,2,0,0,2,1,0,1,2
37,5964.105,6454.696,280.448,5.038,0.995796,-0.087808,-0.026076,0.087632,0.996122,-0.007821,0.026662,0.005503,0.999629,0,0.81856,-0.42554,49.114,-0.851,950.000,400.000,-1,400.000,-1,325.000,325.000,300.000,325.000,-1,800.000,875.000,-1,725.000,750.000,850.000,-1,1,0,2,0,2,0,0,0,0,2,0,0,2,1,0,1,2
38,6013.059,6458.073,281.700,3.947,0.997299,-0.068824,-0.025653,0.068674,0.997617,-0.006685,0.026051,0.004905,0.999649,0,0.81784,-0.54554,49.070,-1.091,875.000,400.000,-1,400.000,-1,325.000,325.000,300.000,325.000,-1,825.000,925.000,-1,675.000,775.000,800.000,-1,1,0,2,0,2,0,0,0,0,2,0,0,2,1,0,1,2
39,6062.039,6460.446,282.942,2.774,0.998509,-0.048388,-0.025251,0.048263,0.998819,-0.005541,0.025489,0.004314,0.999666,0,0.81729,-0.58650,49.037,-1.173,800.000,400.000,-1,400.000,-1,325.000,325.000,300.000,325.000,-1,875.000,975.000,-1,650.000,775.000,725.000,-1,1,0,2,0,2,0,0,0,0,2,0,0,2,1,0,1,2
40,6113.628,6462.011,284.205,1.738,0.999233,-0.030322,-0.024760,0.030221,0.999533,-0.004454,0.024884,0.003703,0.999683,0,0.86021,-0.51795,51.613,-1.036,725.000,400.000,-1,400.000,-1,325.000,325.000,300.000,325.000,-1,925.000,-1,-1,600.000,775.000,675.000,-1,1,0,2,0,2,0,0,0,0,2,0,2,2,1,0,1,2
41,6165.427,6462.649,285.457,0.706,0.999630,-0.012324,-0.024267,0.012245,0.999919,-0.003397,0.024307,0.003098,0.999700,0,0.86339,-0.51574,51.803,-1.031,650.000,400.000,-1,375.000,-1,325.000,325.000,300.000,325.000,-1,975.000,-1,-1,550.000,775.000,625.000,-1,1,0,2,0,2,0,0,0,0,2,0,2,2,1,0,1,2
42,6217.414,6462.359,286.699,-0.320,0.999702,0.005592,-0.023774,-0.005650,0.999981,-0.002372,0.023760,0.002505,0.999715,0,0.86646,-0.51326,51.987,-1.027,600.000,400.000,-1,375.000,-1,325.000,325.000,300.000,325.000,-1,-1,-1,-1,525.000,775.000,550.000,-1,1,1,2,0,2,0,0,0,0,2,2,2,2,1,0,1,2
43,6269.562,6461.137,287.935,-1.341,0.999455,0.023410,-0.023280,-0.023449,0.999724,-0.001386,0.023241,0.001931,0.999728,0,0.86938,-0.51052,52.163,-1.021,525.000,375.000,-1,375.000,-1,325.000,325.000,300.000,325.000,-1,-1,-1,-1,475.000,800.000,500.000,-1,1,1,2,1,2,1,0,0,0,2,2,2,2,1,0,1,2
44,6321.847,6458.986,289.164,-2.356,0.998895,0.041115,-0.022786,-0.041136,0.999153,-0.000444,0.022748,0.001381,0.999740,0,0.87214,-0.50749,52.329,-1.015,475.000,350.000,-1,375.000,-1,300.000,300.000,300.000,325.000,-1,-1,-1,-1,450.000,800.000,450.000,-1,1,1,2,1,2,1,1,0,0,2,2,2,2,1,0,1,2
45,6374.239,6455.905,290.388,-3.365,0.998027,0.058691,-0.022292,-0.058696,0.998276,0.000446,0.022280,0.000864,0.999751,0,0.87471,-0.50414,52.483,-1.008,400.000,325.000,-1,400.000,-1,300.000,300.000,300.000,325.000,-1,-1,-1,-1,425.000,800.000,400.000,-1,1,1,2,0,2,1,1,0,0,2,2,2,2,1,0,1,2
46,6426.709,6451.900,291.606,-4.366,0.996860,0.076121,-0.021810,-0.076111,0.997099,0.001268,0.021843,0.000396,0.999761,0,0.87705,-0.50046,52.623,-1.001,350.000,300.000,-1,400.000,-1,275.000,300.000,300.000,325.000,-1,-1,-1,-1,400.000,800.000,325.000,-1,1,1,2,0,2,1,1,0,0,2,2,2,2,1,0,1,2
47,6479.226,6446.974,292.819,-5.358,0.995401,0.093387,-0.021339,-0.093365,0.995630,0.002019,0.021434,-0.000017,0.999770,0,0.87913,-0.49643,52.748,-0.993,300.000,275.000,-1,400.000,-1,250.000,300.000,300.000,325.000,-1,-1,-1,-1,375.000,800.000,275.000,-1,1,1,2,0,2,1,1,0,0,2,2,2,2,1,0,1,2
48,6531.756,6441.135,294.033,-6.342,0.993660,0.110471,-0.020863,-0.110439,0.993879,0.002722,0.021036,-0.000401,0.999779,0,0.88089,-0.49201,52.853,-0.984,225.000,250.000,-1,400.000,-1,250.000,300.000,300.000,325.000,-1,-1,-1,-1,350.000,800.000,225.000,-1,1,1,2,0,2,1,1,0,0,2,2,2,2,1,1,1,2
49,6584.263,6434.396,299.488,-7.317,0.991188,0.127338,-0.036484,-0.127856,0.991718,-0.012199,0.034628,0.016756,0.999260,0,0.88228,-0.48718,52.937,-0.974,225.000,275.000,-1,425.000,-1,250.000,325.000,350.000,300.000,-1,775.000,800.000,-1,350.000,825.000,225.000,-1,1,1,2,0,2,1,1,0,0,2,0,0,2,1,1,1,2
50,6636.709,6426.772,304.624,-8.281,0.988204,0.143937,-0.052299,-0.145489,0.988987,-0.027167,0.047813,0.034455,0.998262,0,0.88326,-0.48191,52.996,-0.964,200.000,275.000,-1,475.000,-1,275.000,350.000,400.000,300.000,-1,475.000,350.000,-1,375.000,875.000,225.000,-1,1,1,2,0,2,1,1,0,0,2,0,0,2,1,1,1,2
51,6689.051,6418.276,309.371,-9.233,0.984786,0.160241,-0.067221,-0.163175,0.985758,-0.040671,0.059746,0.051022,0.996909,0,0.88375,-0.47617,53.025,-0.952,200.000,300.000,-1,500.000,-1,300.000,400.000,450.000,275.000,-1,350.000,200.000,-1,400.000,925.000,225.000,-1,1,1,2,0,2,1,1,0,0,2,0,0,2,1,1,1,2
52,6741.242,6408.926,313.750,-10.173,0.980998,0.176232,-0.081153,-0.180777,0.982122,-0.052497,0.070451,0.066170,0.995318,0,0.88367,-0.46993,53.020,-0.940,200.000,300.000,-1,525.000,-1,325.000,425.000,450.000,275.000,-1,300.000,125.000,1000.000,450.000,1000.000,200.000,-1,1,1,2,0,2,1,0,1,0,2,0,0,0,1,1,1,2
53,6793.234,6398.743,317.734,-11.099,0.976912,0.191895,-0.093916,-0.198162,0.978166,-0.062629,0.079847,0.079794,0.993608,0,0.88295,-0.46317,52.977,-0.926,175.000,325.000,-1,550.000,-1,350.000,450.000,400.000,275.000,-1,275.000,100.000,750.000,500.000,-1,200.000,-1,1,1,2,0,2,1,0,1,0,2,0,0,0,1,2,1,2
54,6844.973,6387.753,321.301,-12.011,0.972607,0.207220,-0.105338,-0.215210,0.973979,-0.071066,0.087870,0.091789,0.991894,0,0.88151,-0.45587,52.891,-0.912,175.000,350.000,-1,550.000,-1,400.000,475.000,325.000,250.000,-1,250.000,75.000,600.000,550.000,-1,225.000,-1,1,1,2,1,2,1,1,1,0,2,0,0,0,1,2,1,2
55,6896.402,6375.984,324.431,-12.907,0.968164,0.222202,-0.115258,-0.231807,0.969644,-0.077822,0.094467,0.102062,0.990282,0,0.87926,-0.44801,52.756,-0.896,175.000,375.000,-1,550.000,-1,425.000,475.000,300.000,250.000,-1,250.000,50.000,500.000,600.000,-1,225.000,-1,1,1,2,1,2,1,1,1,0,2,0,0,0,1,2,1,2
56,6947.461,6363.471,327.105,-13.786,0.963664,0.236839,-0.123529,-0.247856,0.965242,-0.082921,0.099597,0.110526,0.988870,0,0.87612,-0.43959,52.567,-0.879,150.000,400.000,-1,550.000,-1,425.000,475.000,250.000,250.000,-1,225.000,50.000,450.000,625.000,-1,225.000,-1,1,1,2,1,2,1,1,1,0,2,0,0,0,1,2,1,2
57,6887.221,9510.680,492.703,170.711,-0.986250,-0.156211,-0.053939,0.136881,-0.955031,0.263021,-0.092600,0.252021,0.963281,1,0.00000,0.00000,52.322,-0.861,225.000,150.000,300.000,225.000,825.000,150.000,175.000,500.000,375.000,475.000,50.000,25.000,675.000,200.000,300.000,200.000,375.000,1,1,1,1,0,1,1,1,1,1,1,1,1,1,1,1,1
58,-6892.092,8199.157,376.098,-180.062,-0.998475,-0.001082,-0.055189,0.001233,-0.999996,-0.002700,-0.055186,-0.002764,0.998472,1,0.08000,-0.12000,4.800,-0.240,-1,375.000,-1,400.000,-1,325.000,325.000,300.000,300.000,-1,-1,900.000,-1,675.000,700.000,-1,-1,2,0,2,0,2,0,0,0,0,2,2,0,2,0,0,2,2
59,-6901.691,8199.248,375.559,-180.542,-0.998446,-0.009459,-0.054923,0.009616,-0.999950,-0.002588,-0.054896,-0.003112,0.998487,0,0.16000,-0.24000,9.600,-0.480,-1,375.000,-1,400.000,-1,325.000,325.000,300.000,300.000,-1,-1,900.000,-1,675.000,700.000,-1,-1,2,0,2,0,2,0,0,0,0,2,2,0,2,0,0,2,2
60,-6916.088,8199.565,374.752,-181.262,-0.998269,-0.022024,-0.054527,0.022189,-0.999751,-0.002430,-0.054460,-0.003635,0.998509,0,0.24000,-0.36000,14.400,-0.720,-1,375.000,-1,375.000,-1,325.000,325.000,300.000,300.000,-1,-1,875.000,-1,675.000,700.000,-1,-1,2,0,2,0,2,0,0,0,0,2,2,0,2,0,0,2,2
61,-6935.273,8200.310,373.678,-182.222,-0.997788,-0.038771,-0.054005,0.038948,-0.999239,-0.002236,-0.053877,-0.004334,0.998538,0,0.32000,-0.48000,19.200,-0.960,-1,375.000,-1,375.000,-1,325.000,325.000,300.000,300.000,-1,-1,875.000,-1,675.000,700.000,-1,-1,2,0,2,0,2,0,0,0,0,2,2,0,2,0,0,2,2
62,-6959.231,8201.742,372.337,-183.422,-0.996790,-0.059688,-0.053362,0.059881,-0.998203,-0.002022,-0.053146,-0.005211,0.998573,0,0.40000,-0.60000,24.000,-1.200,-1,375.000,-1,375.000,-1,325.000,325.000,300.000,300.000,-1,-1,875.000,-1,675.000,700.000,-1,-1,2,0,2,0,2,0,0,0,0,2,2,0,2,0,0,2,2
63,-6987.930,8204.144,370.732,-184.784,-0.995128,-0.083391,-0.052603,0.083601,-0.996498,-0.001804,-0.052268,-0.006192,0.998614,0,0.48000,-0.68080,28.800,-1.362,-1,375.000,-1,375.000,-1,325.000,325.000,300.000,300.000,-1,-1,875.000,-1,675.000,700.000,-1,-1,2,0,2,0,2,0,0,0,0,2,2,0,2,0,0,2,2
64,-7021.337,8207.740,368.865,-186.145,-0.992908,-0.107045,-0.051728,0.107270,-0.994229,-0.001588,-0.051259,-0.007126,0.998660,0,0.56000,-0.68080,33.600,-1.362,-1,375.000,-1,375.000,-1,325.000,325.000,300.000,300.000,-1,-1,850.000,-1,675.000,675.000,-1,-1,2,0,2,0,2,0,0,0,0,2,2,0,2,0,0,2,2
65,-7059.408,8212.757,366.737,-187.507,-0.990131,-0.130639,-0.050742,0.130878,-0.991398,-0.001392,-0.050123,-0.008019,0.998711,0,0.64000,-0.68080,38.400,-1.362,-1,375.000,-1,375.000,-1,300.000,325.000,300.000,300.000,-1,-1,800.000,-1,675.000,675.000,-1,-1,2,0,2,0,2,0,0,0,0,2,2,0,2,0,0,2,2
66,-7092.627,8217.798,364.878,-188.628,-0.987423,-0.150019,-0.049891,0.150269,-0.988644,-0.001264,-0.049135,-0.008746,0.998754,0,0.56000,-0.56080,33.600,-1.122,-1,375.000,-1,375.000,-1,300.000,300.000,300.000,300.000,-1,-1,775.000,-1,675.000,675.000,-1,-1,2,0,2,0,2,0,0,0,0,2,2,0,2,0,0,2,2
67,-7121.032,8222.556,363.287,-189.510,-0.985032,-0.165212,-0.049169,0.165469,-0.986214,-0.001184,-0.048295,-0.009302,0.998790,0,0.48000,-0.44080,28.800,-0.882,-1,375.000,-1,375.000,-1,300.000,300.000,300.000,300.000,-1,975.000,750.000,-1,675.000,675.000,-1,-1,2,0,2,0,2,0,0,0,0,2,0,0,2,0,0,2,2
68,-7144.656,8226.786,361.962,-190.152,-0.983148,-0.176244,-0.048569,0.176507,-0.984299,-0.001131,-0.047607,-0.009684,0.998819,0,0.40000,-0.32080,24.000,-0.642,-1,375.000,-1,375.000,-1,300.000,300.000,300.000,300.000,-1,925.000,725.000,-1,675.000,675.000,-1,-1,2,0,2,0,2,0,0,0,0,2,0,0,2,0,0,2,2
69,-7163.531,8230.302,360.942,-190.553,-0.981906,-0.183139,-0.048183,0.183395,-0.983039,-0.000906,-0.047200,-0.009726,0.998838,0,0.32000,-0.20080,19.200,-0.402,-1,375.000,-1,375.000,-1,300.000,300.000,300.000,300.000,-1,925.000,725.000,-1,675.000,675.000,-1,-1,2,0,2,0,2,0,0,0,0,2,0,0,2,0,0,2,2
70,-7177.680,8232.980,360.228,-190.715,-0.981401,-0.185911,-0.047849,0.186150,-0.982521,-0.000532,-0.046914,-0.009429,0.998854,0,0.24000,-0.08080,14.400,-0.162,-1,375.000,-1,375.000,-1,300.000,300.000,300.000,300.000,-1,900.000,725.000,-1,650.000,675.000,-1,-1,2,0,2,0,2,0,0,0,0,2,0,0,2,0,0,2,2
71,-7187.115,8234.752,359.788,-190.636,-0.981674,-0.184568,-0.047453,0.184782,-0.982779,-0.000141,-0.046610,-0.008907,0.998873,0,0.16000,0.03920,9.600,0.078,-1,375.000,-1,375.000,-1,300.000,300.000,300.000,300.000,-1,875.000,700.000,-1,675.000,675.000,-1,-1,2,0,2,0,2,0,0,0,0,2,0,0,2,0,0,2,2
72,-7191.837,8235.611,359.559,-190.318,-0.982695,-0.179104,-0.047255,0.179302,-0.983794,0.000048,-0.046498,-0.008426,0.998883,0,0.08000,0.15920,4.800,0.318,-1,375.000,-1,375.000,-1,300.000,300.000,300.000,300.000,-1,850.000,675.000,-1,675.000,675.000,-1,-1,2,0,2,0,2,0,0,0,0,2,0,0,2,0,0,2,2
73,-7191.837,8235.612,359.542,-189.760,-0.984395,-0.169508,-0.047256,0.169696,-0.985496,0.000031,-0.046576,-0.007989,0.998883,0,-0.00000,0.27920,-0.000,0.558,-1,375.000,-1,375.000,-1,300.000,300.000,300.000,300.000,-1,850.000,675.000,-1,675.000,675.000,-1,-1,2,0,2,0,2,0,0,0,0,2,0,0,2,0,0,2,2
74,-7196.579,8236.359,359.295,-188.961,-0.986673,-0.155761,-0.047063,0.155924,-0.987769,0.000213,-0.046520,-0.007128,0.998892,0,0.08000,0.39920,4.800,0.798,-1,375.000,-1,375.000,-1,300.000,300.000,300.000,300.000,-1,800.000,650.000,-1,675.000,675.000,-1,-1,2,0,2,0,2,0,0,0,0,2,0,0,2,0,0,2,2
75,-7206.085,8237.693,358.820,-187.983,-0.989208,-0.138883,-0.046679,0.139006,-0.990291,0.000610,-0.046311,-0.005885,0.998910,0,0.16000,0.48890,9.600,0.978,-1,375.000,-1,375.000,-1,300.000,300.000,300.000,300.000,-1,775.000,625.000,-1,675.000,675.000,-1,-1,2,0,2,0,2,0,0,0,0,2,0,0,2,0,0,2,2
76,-7220.378,8239.450,358.121,-187.006,-0.991461,-0.121979,-0.046113,0.122052,-0.992523,0.001241,-0.045919,-0.004397,0.998935,0,0.24000,0.48848,14.400,0.977,-1,375.000,-1,375.000,-1,300.000,300.000,300.000,300.000,-1,725.000,600.000,-1,675.000,675.000,-1,-1,2,0,2,0,2,0,0,0,0,2,0,0,2,0,0,2,2
77,-7239.471,8241.467,357.242,-186.031,-0.993423,-0.105061,-0.045526,0.105080,-0.994462,0.001963,-0.045480,-0.002834,0.998961,0,0.32000,0.48785,19.200,0.976,-1,375.000,-1,375.000,-1,300.000,300.000,300.000,300.000,-1,700.000,575.000,-1,675.000,675.000,-1,-1,2,0,2,0,2,0,0,0,0,2,0,0,2,0,0,2,2
78,-7263.378,8243.582,356.424,-185.057,-0.995106,-0.088140,-0.044663,0.088145,-0.996106,0.001865,-0.044653,-0.002081,0.999000,0,0.40000,0.48703,24.000,0.974,-1,375.000,-1,375.000,-1,300.000,300.000,300.000,300.000,-1,675.000,575.000,-1,675.000,675.000,-1,-1,2,0,2,0,2,0,0,0,0,2,0,0,2,0,0,2,2
79,-7292.105,8245.634,355.493,-184.085,-0.996513,-0.071230,-0.043459,0.071228,-0.997459,0.001596,-0.043462,-0.001505,0.999054,0,0.48000,0.48600,28.800,0.972,-1,375.000,-1,375.000,-1,300.000,300.000,300.000,300.000,-1,625.000,550.000,-1,675.000,675.000,-1,-1,2,0,2,0,2,0,0,0,0,2,0,0,2,0,0,2,2
80,-7325.655,8247.460,354.401,-183.115,-0.997637,-0.054341,-0.042041,0.054332,-0.998522,0.001370,-0.042053,-0.000917,0.999115,0,0.56000,0.48477,33.600,0.970,-1,375.000,-1,375.000,-1,300.000,300.000,300.000,300.000,-1,600.000,550.000,-1,675.000,675.000,-1,-1,2,0,2,0,2,0,0,0,0,2,0,0,2,0,0,2,2
81,-7364.028,8248.899,353.146,-182.148,-0.998480,-0.037487,-0.040407,0.037469,-0.999297,0.001199,-0.040424,-0.000317,0.999183,0,0.64000,0.48336,38.400,0.967,-1,375.000,-1,375.000,-1,300.000,300.000,300.000,300.000,-1,600.000,525.000,-1,675.000,675.000,-1,-1,2,0,2,0,2,0,0,0,0,2,0,0,2,0,0,2,2
82,-7402.959,8249.704,351.870,-181.185,-0.999035,-0.020678,-0.038741,0.020651,-0.999786,0.001091,-0.038755,0.000290,0.999249,0,0.64899,0.48175,38.940,0.964,-1,375.000,-1,375.000,-1,300.000,300.000,300.000,300.000,-1,575.000,525.000,-1,675.000,675.000,-1,-1,2,0,2,0,2,0,0,0,0,2,0,0,2,0,0,2,2
83,-7441.911,8249.857,350.591,-180.225,-0.999305,-0.003920,-0.037068,0.003883,-0.999992,0.001048,-0.037071,0.000904,0.999312,0,0.64922,0.48014,38.953,0.960,-1,375.000,-1,375.000,-1,300.000,300.000,300.000,325.000,-1,550.000,525.000,-1,675.000,675.000,-1,-1,2,0,2,0,2,0,0,0,0,2,0,0,2,0,0,2,2
84,-7480.868,8249.359,349.308,-179.267,-0.999292,0.012785,-0.035390,-0.012831,-0.999917,0.001069,-0.035374,0.001522,0.999373,0,0.64933,0.47855,38.960,0.957,-1,375.000,-1,375.000,-1,300.000,300.000,300.000,325.000,-1,550.000,525.000,-1,675.000,675.000,-1,-1,2,0,2,0,2,0,0,0,0,2,0,0,2,0,0,2,2
85,-7519.811,8248.212,348.023,-178.313,-0.998998,0.029433,-0.033713,-0.029488,-0.999564,0.001152,-0.033664,0.002145,0.999431,0,0.64934,0.47704,38.960,0.954,-1,375.000,-1,375.000,-1,300.000,300.000,300.000,325.000,-1,550.000,525.000,-1,675.000,675.000,-1,-1,2,0,2,0,2,0,0,0,0,2,0,0,2,0,0,2,2
86,-7558.724,8246.419,346.737,-177.361,-0.998426,0.046034,-0.032039,-0.046099,-0.998936,0.001297,-0.031945,0.002771,0.999486,0,0.64925,0.47595,38.955,0.952,-1,375.000,-1,375.000,-1,325.000,325.000,300.000,325.000,-1,525.000,500.000,-1,675.000,675.000,-1,-1,2,0,2,0,2,0,0,0,0,2,0,0,2,0,0,2,2
87,-7597.592,8243.982,345.450,-176.412,-0.997577,0.062589,-0.030372,-0.062664,-0.998034,0.001502,-0.030219,0.003402,0.999538,0,0.64906,0.47498,38.944,0.950,-1,375.000,-1,375.000,-1,325.000,325.000,300.000,300.000,-1,525.000,500.000,-1,675.000,675.000,-1,-1,2,0,2,0,2,0,0,0,0,2,0,0,2,0,0,2,2
88,-7636.397,8240.903,344.163,-175.463,-0.996453,0.079097,-0.028716,-0.079180,-0.996859,0.001767,-0.028486,0.004035,0.999586,0,0.64880,0.47412,38.928,0.948,-1,375.000,-1,375.000,-1,325.000,325.000,300.000,300.000,-1,525.000,500.000,-1,675.000,675.000,-1,-1,2,0,2,0,2,0,0,0,0,2,0,0,2,0,0,2,2
89,-7675.127,8237.185,342.876,-174.517,-0.995056,0.095557,-0.027074,-0.095649,-0.995413,0.002091,-0.026750,0.004670,0.999631,0,0.64846,0.47338,38.907,0.947,-1,375.000,-1,375.000,-1,325.000,300.000,300.000,300.000,-1,525.000,500.000,-1,675.000,675.000,-1,-1,2,0,2,0,2,0,0,0,0,2,0,0,2,0,0,2,2
90,-7713.765,8232.831,341.591,-173.571,-0.993386,0.111970,-0.025449,-0.112069,-0.993697,0.002471,-0.025012,0.005307,0.999673,0,0.64805,0.47277,38.883,0.946,-1,375.000,-1,375.000,-1,300.000,300.000,300.000,300.000,-1,525.000,500.000,-1,675.000,675.000,-1,-1,2,0,2,0,2,0,0,0,0,2,0,0,2,0,0,2,2
91,-7752.299,8227.844,340.308,-172.626,-0.991444,0.128335,-0.023843,-0.128440,-0.991713,0.002907,-0.023273,0.005945,0.999711,0,0.64759,0.47227,38.856,0.945,-1,375.000,-1,375.000,-1,300.000,300.000,300.000,300.000,-1,475.000,450.000,-1,675.000,675.000,-1,-1,2,0,2,0,2,0,0,0,0,2,0,0,2,0,0,2,2
92,-7790.716,8222.228,339.027,-171.683,-0.989232,0.144653,-0.022261,-0.144763,-0.989461,0.003397,-0.021535,0.006583,0.999746,0,0.64709,0.47190,38.826,0.944,-1,375.000,-1,375.000,-1,300.000,300.000,300.000,300.000,-1,450.000,425.000,-1,675.000,675.000,-1,-1,2,0,2,0,2,0,0,0,0,2,0,0,2,0,0,2,2
93,-7829.004,8215.985,337.824,-170.739,-0.986746,0.160922,-0.020878,-0.161031,-0.986943,0.003631,-0.020021,0.006945,0.999775,0,0.64656,0.47166,38.794,0.943,-1,375.000,-1,375.000,-1,300.000,300.000,300.000,300.000,-1,425.000,425.000,-1,675.000,675.000,-1,-1,2,0,2,0,2,0,0,0,0,2,0,0,2,0,0,2,2
94,-7867.152,8209.118,337.074,-169.796,-0.983992,0.177146,-0.019464,-0.177222,-0.984168,0.002231,-0.018761,0.005644,0.999808,0,0.64601,0.47153,38.761,0.943,-1,375.000,-1,375.000,-1,300.000,300.000,300.000,300.000,-1,425.000,425.000,-1,675.000,675.000,-1,-1,2,0,2,0,2,0,0,0,0,2,0,0,2,0,0,2,2
95,-7905.149,8201.631,336.384,-168.853,-0.980974,0.193322,-0.017805,-0.193365,-0.981127,0.000703,-0.017333,0.004133,0.999841,0,0.64546,0.47153,38.727,0.943,-1,375.000,-1,375.000,-1,300.000,300.000,300.000,300.000,-1,425.000,425.000,-1,675.000,675.000,-1,-1,2,0,2,0,2,0,0,0,0,2,0,0,2,0,0,2,2
96,-7942.985,8193.527,335.911,-167.910,-0.977676,0.209449,-0.016763,-0.209478,-0.977813,-0.000021,-0.016396,0.003491,0.999859,0,0.64490,0.47166,38.694,0.943,-1,375.000,-1,375.000,-1,300.000,300.000,300.000,300.000,-1,450.000,475.000,-1,675.000,675.000,-1,-1,2,0,2,0,2,0,0,0,0,2,0,0,2,0,0,2,2
97,-7980.651,8184.808,335.636,-166.966,-0.974115,0.225527,-0.015423,-0.225556,-0.974230,0.000175,-0.014986,0.003649,0.999881,0,0.64437,0.47191,38.662,0.944,-1,375.000,-1,375.000,-1,300.000,300.000,300.000,300.000,-1,475.000,475.000,-1,700.000,675.000,-1,-1,2,0,2,0,2,0,0,0,0,2,0,0,2,0,0,2,2
98,-8018.139,8175.476,335.362,-166.022,-0.970285,0.241556,-0.014094,-0.241585,-0.970379,0.000414,-0.013577,0.003807,0.999901,0,0.64387,0.47228,38.632,0.945,-1,375.000,-1,375.000,-1,300.000,300.000,300.000,300.000,-1,475.000,500.000,-1,700.000,700.000,-1,-1,2,0,2,0,2,0,0,0,0,2,0,0,2,0,0,2,2
99,-8050.853,8166.850,335.126,-165.230,-0.966869,0.254944,-0.012940,-0.254973,-0.966948,0.000663,-0.012343,0.003940,0.999916,0,0.56387,0.39595,33.832,0.792,-1,375.000,-1,375.000,-1,300.000,300.000,300.000,300.000,-1,500.000,500.000,-1,700.000,700.000,-1,-1,2,0,2,0,2,0,0,0,0,2,0,0,2,0,0,2,2
100,-8078.820,8159.061,334.922,-164.437,-0.963261,0.268301,-0.011954,-0.268330,-0.963327,0.000888,-0.011277,0.004063,0.999928,0,0.48387,0.39647,29.032,0.793,-1,375.000,-1,375.000,-1,300.000,300.000,300.000,300.000,-1,500.000,525.000,-1,700.000,700.000,-1,-1,2,0,2,0,2,0,0,0,0,2,0,0,2,0,0,2,2
101,-8102.071,8152.237,334.749,-163.643,-0.959460,0.281624,-0.011135,-0.281653,-0.959516,0.001083,-0.010380,0.004175,0.999937,0,0.40387,0.39699,24.232,0.794,-1,375.000,-1,375.000,-1,300.000,300.000,300.000,300.000,-1,500.000,525.000,-1,700.000,700.000,-1,-1,2,0,2,0,2,0,0,0,0,2,0,0,2,0,0,2,2
102,-8120.639,8146.506,334.608,-162.848,-0.955468,0.294910,-0.010482,-0.294938,-0.955516,0.001241,-0.009650,0.004277,0.999944,0,0.32387,0.39749,19.432,0.795,-1,375.000,-1,375.000,-1,300.000,300.000,300.000,300.000,-1,525.000,550.000,-1,700.000,700.000,-1,-1,2,0,2,0,2,0,0,0,0,2,0,0,2,0,0,2,2
103,-8134.559,8141.997,334.497,-162.052,-0.951284,0.308153,-0.009992,-0.308181,-0.951327,0.001355,-0.009088,0.004368,0.999949,0,0.24387,0.39793,14.632,0.796,-1,375.000,-1,375.000,-1,300.000,300.000,300.000,300.000,-1,525.000,550.000,-1,700.000,700.000,-1,-1,2,0,2,0,2,0,0,0,0,2,0,0,2,0,0,2,2
104,-8143.869,8138.837,334.417,-161.255,-0.946912,0.321349,-0.009663,-0.321376,-0.946950,0.001419,-0.008694,0.004449,0.999952,0,0.16387,0.39828,9.832,0.797,-1,375.000,-1,375.000,-1,300.000,300.000,300.000,300.000,-1,525.000,550.000,-1,700.000,700.000,-1,-1,2,0,2,0,2,0,0,0,0,2,0,0,2,0,0,2,2
105,-8148.611,8137.154,334.364,-160.458,-0.942351,0.334491,-0.009490,-0.334518,-0.942388,0.001426,-0.008466,0.004518,0.999954,0,0.08387,0.39854,5.032,0.797,-1,375.000,-1,375.000,-1,300.000,300.000,300.000,300.000,-1,525.000,550.000,-1,700.000,700.000,-1,-1,2,0,2,0,2,0,0,0,0,2,0,0,2,0,0,2,2
106,-8148.829,8137.074,334.341,-159.661,-0.937605,0.347573,-0.009469,-0.347600,-0.937642,0.001369,-0.008403,0.004575,0.999954,0,0.00387,0.39868,0.232,0.797,-1,375.000,-1,375.000,-1,300.000,300.000,300.000,300.000,-1,525.000,575.000,-1,700.000,700.000,-1,-1,2,0,2,0,2,0,0,0,0,2,0,0,2,0,0,2,2
107,-8144.568,8138.721,334.344,-158.863,-0.932676,0.360587,-0.009595,-0.360615,-0.932714,0.001241,-0.008502,0.004617,0.999953,0,-0.07613,0.39868,-4.568,0.797,-1,375.000,-1,375.000,-1,300.000,300.000,300.000,300.000,-1,525.000,575.000,-1,700.000,700.000,-1,-1,2,0,2,0,2,0,0,0,0,2,0,0,2,0,0,2,2
108,-8135.878,8142.220,334.374,-158.066,-0.927567,0.373528,-0.009861,-0.373555,-0.927607,0.001034,-0.008761,0.004643,0.999951,0,-0.15613,0.39855,-9.368,0.797,-1,375.000,-1,375.000,-1,300.000,300.000,300.000,300.000,-1,525.000,575.000,-1,700.000,700.000,-1,-1,2,0,2,0,2,0,0,0,0,2,0,0,2,0,0,2,2
109,-8122.810,8147.695,334.429,-157.270,-0.922280,0.386387,-0.010260,-0.386414,-0.922325,0.000742,-0.009177,0.004650,0.999947,0,-0.23613,0.39826,-14.168,0.797,-1,375.000,-1,375.000,-1,300.000,300.000,300.000,300.000,-1,525.000,575.000,-1,700.000,700.000,-1,-1,2,0,2,0,2,0,0,0,0,2,0,0,2,0,0,2,2
110,-8107.160,8154.508,334.498,-156.474,-0.916820,0.399157,-0.010729,-0.399184,-0.916871,0.000390,-0.009681,0.004640,0.999942,0,-0.28449,0.39781,-17.069,0.796,-1,375.000,-1,375.000,-1,300.000,300.000,300.000,300.000,-1,525.000,575.000,-1,700.000,700.000,-1,-1,2,0,2,0,2,0,0,0,0,2,0,0,2,0,0,2,2
111,-8091.593,8161.543,334.564,-155.680,-0.911191,0.411833,-0.011179,-0.411858,-0.911248,0.000021,-0.010178,0.004623,0.999938,0,-0.28472,0.39727,-17.083,0.795,-1,375.000,-1,375.000,-1,300.000,300.000,300.000,300.000,-1,525.000,575.000,-1,700.000,700.000,-1,-1,2,0,2,0,2,0,0,0,0,2,0,0,2,0,0,2,2
112,-8076.112,8168.800,334.628,-154.886,-0.905395,0.424411,-0.011611,-0.424436,-0.905458,-0.000363,-0.010667,0.004599,0.999933,0,-0.28496,0.39671,-17.097,0.793,-1,375.000,-1,375.000,-1,300.000,300.000,300.000,300.000,-1,525.000,575.000,-1,700.000,700.000,-1,-1,2,0,2,0,2,0,0,0,0,2,0,0,2,0,0,2,2
113,-8060.719,8176.276,334.689,-154.094,-0.899434,0.436891,-0.012023,-0.436914,-0.899503,-0.000762,-0.011148,0.004568,0.999927,0,-0.28520,0.39615,-17.112,0.792,-1,375.000,-1,375.000,-1,300.000,300.000,300.000,300.000,-1,500.000,575.000,-1,700.000,700.000,-1,-1,2,0,2,0,2,0,0,0,0,2,0,0,2,0,0,2,2
114,-8045.418,8183.971,334.747,-153.303,-0.893310,0.449270,-0.012416,-0.449291,-0.893385,-0.001174,-0.011620,0.004529,0.999922,0,-0.28546,0.39557,-17.127,0.791,-1,375.000,-1,375.000,-1,300.000,300.000,300.000,300.000,-1,500.000,550.000,-1,700.000,700.000,-1,-1,2,0,2,0,2,0,0,0,0,2,0,0,2,0,0,2,2
115,-8030.210,8191.883,334.836,-152.513,-0.887026,0.461544,-0.012755,-0.461565,-0.887105,-0.001428,-0.011974,0.004620,0.999918,0,-0.28571,0.39499,-17.143,0.790,-1,375.000,-1,375.000,-1,300.000,300.000,300.000,300.000,-1,500.000,550.000,-1,700.000,675.000,-1,-1,2,0,2,0,2,0,0,0,0,2,0,0,2,0,0,2,2
116,-8015.098,8200.012,335.019,-151.724,-0.880584,0.473712,-0.012987,-0.473738,-0.880665,-0.001195,-0.012003,0.005100,0.999915,0,-0.28598,0.39440,-17.159,0.789,-1,375.000,-1,375.000,-1,300.000,300.000,300.000,300.000,-1,475.000,550.000,-1,700.000,700.000,-1,-1,2,0,2,0,2,0,0,0,0,2,0,0,2,0,0,2,2
117,-8000.086,8208.355,335.198,-150.936,-0.873986,0.485771,-0.013218,-0.485802,-0.874068,-0.000976,-0.012027,0.005568,0.999912,0,-0.28626,0.39380,-17.175,0.788,-1,375.000,-1,375.000,-1,300.000,300.000,300.000,300.000,-1,475.000,550.000,-1,700.000,700.000,-1,-1,2,0,2,0,2,0,0,0,0,2,0,0,2,0,0,2,2
118,-7985.174,8216.912,335.373,-150.150,-0.867233,0.497720,-0.013446,-0.497756,-0.867317,-0.000772,-0.012046,0.006024,0.999909,0,-0.28654,0.39319,-17.192,0.786,-1,375.000,-1,375.000,-1,300.000,300.000,300.000,300.000,-1,475.000,525.000,-1,700.000,700.000,-1,-1,2,0,2,0,2,0,0,0,0,2,0,0,2,0,0,2,2
119,-7970.367,8225.681,335.545,-149.365,-0.860328,0.509557,-0.013672,-0.509598,-0.860413,-0.000582,-0.012060,0.006467,0.999906,0,-0.28682,0.39257,-17.209,0.785,-1,375.000,-1,375.000,-1,300.000,300.000,300.000,300.000,-1,450.000,525.000,-1,700.000,700.000,-1,-1,2,0,2,0,2,0,0,0,0,2,0,0,2,0,0,2,2
120,-7955.666,8234.662,335.722,-148.581,-0.853272,0.521279,-0.013940,-0.521325,-0.853358,-0.000389,-0.012098,0.006935,0.999903,0,-0.28712,0.39195,-17.227,0.784,-1,375.000,-1,375.000,-1,325.000,300.000,300.000,300.000,-1,450.000,500.000,-1,700.000,700.000,-1,-1,2,0,2,0,2,0,0,0,0,2,0,0,2,0,0,2,2
121,-7941.073,8243.852,335.990,-147.798,-0.846062,0.532883,-0.014670,-0.532940,-0.846153,-0.000050,-0.012440,0.007776,0.999892,0,-0.28742,0.39131,-17.245,0.783,-1,375.000,-1,375.000,-1,325.000,300.000,300.000,300.000,-1,450.000,525.000,-1,700.000,700.000,-1,-1,2,0,2,0,2,0,0,0,0,2,0,0,2,0,0,2,2
122,-7926.591,8253.250,336.259,-147.017,-0.838704,0.544368,-0.015425,-0.544437,-0.838802,0.000269,-0.012792,0.008623,0.999881,0,-0.28773,0.39067,-17.264,0.781,-1,375.000,-1,375.000,-1,325.000,300.000,300.000,300.000,-1,450.000,525.000,-1,725.000,700.000,-1,-1,2,0,2,0,2,0,0,0,0,2,0,0,2,0,0,2,2
123,-7912.223,8262.855,336.557,-146.237,-0.831201,0.555732,-0.016338,-0.555815,-0.831306,0.000609,-0.013243,0.009587,0.999866,0,-0.28805,0.39002,-17.283,0.780,-1,375.000,-1,375.000,-1,325.000,300.000,300.000,300.000,-1,450.000,525.000,-1,725.000,675.000,-1,-1,2,0,2,0,2,0,0,0,0,2,0,0,2,0,0,2,2
124,-7897.971,8272.666,336.850,-145.458,-0.823555,0.566974,-0.017254,-0.567071,-0.823669,0.000917,-0.013692,0.010540,0.999851,0,-0.28838,0.38936,-17.303,0.779,-1,375.000,-1,375.000,-1,325.000,300.000,300.000,300.000,-1,450.000,525.000,-1,725.000,675.000,-1,-1,2,0,2,0,2,0,0,0,0,2,0,0,2,0,0,2,2
125,-7883.836,8282.680,337.141,-144.681,-0.815770,0.578091,-0.018174,-0.578203,-0.815892,0.001193,-0.014138,0.011482,0.999834,0,-0.28871,0.38869,-17.322,0.777,-1,400.000,-1,375.000,-1,325.000,300.000,300.000,300.000,-1,475.000,525.000,-1,725.000,675.000,-1,-1,2,0,2,0,2,0,0,0,0,2,0,0,2,0,0,2,2
126,-7869.823,8292.897,337.428,-143.905,-0.807848,0.589081,-0.019096,-0.589210,-0.807978,0.001437,-0.014583,0.012412,0.999817,0,-0.28905,0.38802,-17.343,0.776,-1,400.000,-1,375.000,-1,325.000,300.000,300.000,300.000,-1,475.000,550.000,-1,725.000,675.000,-1,-1,2,0,2,0,2,0,0,0,0,2,0,0,2,0,0,2,2
127,-7855.932,8303.315,337.712,-143.130,-0.799791,0.599944,-0.020019,-0.600090,-0.799931,0.001649,-0.015025,0.013332,0.999798,0,-0.28939,0.38733,-17.364,0.775,-1,400.000,-1,375.000,-1,325.000,300.000,300.000,300.000,-1,475.000,550.000,-1,725.000,675.000,-1,-1,2,0,2,0,2,0,0,0,0,2,0,0,2,0,0,2,2
128,-7842.166,8313.933,337.993,-142.357,-0.791602,0.610678,-0.020943,-0.610841,-0.791751,0.001828,-0.015465,0.014240,0.999779,0,-0.28975,0.38664,-17.385,0.773,-1,400.000,-1,375.000,-1,325.000,300.000,300.000,300.000,-1,500.000,550.000,-1,725.000,675.000,-1,-1,2,0,2,0,2,0,0,0,0,2,0,0,2,0,0,2,2
129,-7832.273,8321.711,338.193,-141.824,-0.785870,0.618014,-0.021609,-0.618191,-0.786026,0.001939,-0.015787,0.014882,0.999765,0,-0.20975,0.26664,-12.585,0.533,-1,400.000,-1,375.000,-1,325.000,300.000,300.000,300.000,-1,500.000,550.000,-1,725.000,675.000,-1,-1,2,0,2,0,2,0,0,0,0,2,0,0,2,0,0,2,2
130,-7826.183,8326.560,338.317,-141.472,-0.782051,0.622825,-0.022023,-0.623009,-0.782212,0.001998,-0.015982,0.015283,0.999755,0,-0.12975,0.17588,-7.785,0.352,-1,400.000,-1,375.000,-1,325.000,300.000,300.000,300.000,-1,500.000,550.000,-1,725.000,675.000,-1,-1,2,0,2,0,2,0,0,0,0,2,0,0,2,0,0,2,2
131,-7823.859,8328.434,338.366,-141.121,-0.778216,0.627604,-0.022197,-0.627793,-0.778378,0.002013,-0.016015,0.015502,0.999752,0,-0.04975,0.17556,-2.985,0.351,-1,400.000,-1,375.000,-1,325.000,300.000,300.000,300.000,-1,500.000,550.000,-1,725.000,675.000,-1,-1,2,0,2,0,2,0,0,0,0,2,0,0,2,0,0,2,2
132,-7825.265,8327.286,338.341,-140.770,-0.774359,0.632359,-0.022133,-0.632547,-0.774520,0.001988,-0.015886,0.015539,0.999753,0,0.03025,0.17544,1.815,0.351,-1,400.000,-1,375.000,-1,325.000,300.000,300.000,300.000,-1,500.000,550.000,-1,725.000,675.000,-1,-1,2,0,2,0,2,0,0,0,0,2,0,0,2,0,0,2,2
133,-7830.364,8323.071,338.243,-140.419,-0.770477,0.637094,-0.021832,-0.637277,-0.770633,0.001928,-0.015596,0.015399,0.999760,0,0.11025,0.17551,6.615,0.351,-1,400.000,-1,375.000,-1,325.000,300.000,300.000,300.000,-1,500.000,575.000,-1,725.000,675.000,-1,-1,2,0,2,0,2,0,0,0,0,2,0,0,2,0,0,2,2
134,-7839.117,8315.743,338.072,-140.067,-0.766565,0.641813,-0.021295,-0.641988,-0.766712,0.001839,-0.015147,0.015081,0.999772,0,0.19025,0.17579,11.415,0.352,-1,400.000,-1,375.000,-1,325.000,300.000,300.000,300.000,-1,500.000,575.000,-1,725.000,675.000,-1,-1,2,0,2,0,2,0,0,0,0,2,0,0,2,0,0,2,2
