timestep,x_cm,y_cm,z_cm,yaw_deg,basis_xx,basis_xy,basis_xz,basis_yx,basis_yy,basis_yz,basis_zx,basis_zy,basis_zz,teleport_flag,throttle_cmd,steering_cmd,cmd_move_cm,cmd_turn_deg,lidar_cm_0,lidar_cm_1,lidar_cm_2,lidar_cm_3,lidar_cm_4,lidar_cm_5,lidar_cm_6,lidar_cm_7,lidar_cm_8,lidar_cm_9,lidar_cm_10,lidar_cm_11,lidar_cm_12,lidar_cm_13,lidar_cm_14,lidar_cm_15,lidar_cm_16,lidar_class_0,lidar_class_1,lidar_class_2,lidar_class_3,lidar_class_4,lidar_class_5,lidar_class_6,lidar_class_7,lidar_class_8,lidar_class_9,lidar_class_10,lidar_class_11,lidar_class_12,lidar_class_13,lidar_class_14,lidar_class_15,lidar_class_16
0,-2955.777,3605.103,-106.044,32.009,0.848324,-0.529152,-0.018576,0.529278,0.846518,0.057213,-0.014550,-0.058367,0.998189,1,-0.08000,0.12000,-4.800,0.240,-1,400.000,-1,400.000,-1,325.000,325.000,300.000,325.000,-1,-1,-1,-1,750.000,775.000,-1,-1,2,0,2,0,2,0,0,0,0,2,2,2,2,0,0,2,2
1,-2963.875,3599.946,-105.909,32.489,0.843865,-0.536228,-0.018738,0.536349,0.842060,0.057142,-0.014862,-0.058270,0.998190,0,-0.16000,0.24000,-9.600,0.480,-1,400.000,-1,400.000,-1,325.000,325.000,300.000,325.000,-1,-1,-1,-1,750.000,775.000,-1,-1,2,0,2,0,2,0,0,0,0,2,2,2,2,0,0,2,2
2,-2975.923,3592.059,-105.695,33.209,0.837067,-0.546772,-0.018980,0.546886,0.835263,0.057025,-0.015326,-0.058114,0.998192,0,-0.24000,0.36000,-14.400,0.720,-1,400.000,-1,400.000,-1,325.000,325.000,300.000,325.000,-1,-1,-1,-1,750.000,775.000,-1,-1,2,0,2,0,2,0,0,0,0,2,2,2,2,0,0,2,2
3,-2988.824,3583.302,-105.439,34.169,0.827798,-0.560696,-0.019262,0.560799,0.825995,0.056901,-0.015994,-0.057905,0.998194,0,-0.25985,0.48000,-15.591,0.960,-1,400.000,-1,400.000,-1,325.000,325.000,300.000,325.000,-1,-1,-1,-1,775.000,775.000,-1,-1,2,0,2,0,2,0,0,0,0,2,2,2,2,0,0,2,2
4,-3001.672,3574.234,-105.159,35.215,0.817438,-0.575684,-0.019550,0.575773,0.815637,0.056764,-0.016733,-0.057658,0.998196,0,-0.26210,0.52282,-15.726,1.046,-1,400.000,-1,400.000,-1,325.000,325.000,300.000,325.000,-1,-1,-1,-1,775.000,775.000,-1,-1,2,0,2,0,2,0,0,0,0,2,2,2,2,0,0,2,2
5,-3014.449,3564.858,-104.867,36.271,0.806696,-0.590633,-0.019876,0.590710,0.804895,0.056619,-0.017443,-0.057416,0.998198,0,-0.26412,0.52822,-15.847,1.056,-1,400.000,-1,400.000,-1,325.000,325.000,300.000,325.000,-1,-1,-1,-1,775.000,775.000,-1,-1,2,0,2,0,2,0,0,0,0,2,2,2,2,0,0,2,2
6,-3027.135,3555.180,-104.554,37.338,0.795566,-0.605530,-0.020195,0.605595,0.793768,0.056453,-0.018153,-0.057142,0.998201,0,-0.26594,0.53356,-15.956,1.067,-1,400.000,-1,400.000,-1,325.000,325.000,300.000,325.000,-1,-1,-1,-1,775.000,775.000,-1,-1,2,0,2,0,2,0,0,0,0,2,2,2,2,0,0,2,2
7,-3039.713,3545.205,-104.220,38.416,0.784047,-0.620363,-0.020499,0.620414,0.782253,0.056275,-0.018876,-0.056840,0.998205,0,-0.26755,0.53883,-16.053,1.078,-1,400.000,-1,400.000,-1,325.000,325.000,300.000,325.000,-1,-1,-1,-1,775.000,775.000,-1,-1,2,0,2,0,2,0,0,0,0,2,2,2,2,0,0,2,2
8,-3052.165,3534.939,-103.907,39.504,0.772141,-0.635111,-0.020789,0.635144,0.770338,0.056309,-0.019748,-0.056682,0.998197,0,-0.26895,0.54404,-16.137,1.088,-1,400.000,-1,400.000,-1,325.000,325.000,300.000,325.000,-1,-1,-1,-1,775.000,775.000,-1,-1,2,0,2,0,2,0,0,0,0,2,2,2,2,0,0,2,2
9,-3064.469,3524.392,-103.574,40.602,0.759841,-0.649767,-0.021071,0.649781,0.758031,0.056333,-0.020630,-0.056496,0.998190,0,-0.27011,0.54916,-16.206,1.098,-1,400.000,-1,400.000,-1,325.000,325.000,300.000,325.000,-1,-1,-1,-1,775.000,775.000,-1,-1,2,0,2,0,2,0,0,0,0,2,2,2,2,0,0,2,2
10,-3076.609,3513.572,-103.221,41.711,0.747146,-0.664317,-0.021345,0.664311,0.745329,0.056348,-0.021524,-0.056280,0.998183,0,-0.27103,0.55419,-16.262,1.108,-1,400.000,-1,400.000,-1,325.000,325.000,300.000,325.000,-1,-1,-1,-1,775.000,775.000,-1,-1,2,0,2,0,2,0,0,0,0,2,2,2,2,0,0,2,2
11,-3088.565,3502.489,-102.847,42.829,0.734056,-0.678745,-0.021610,0.678718,0.732233,0.056355,-0.022427,-0.056035,0.998177,0,-0.27169,0.55911,-16.301,1.118,-1,400.000,-1,400.000,-1,325.000,325.000,300.000,325.000,-1,-1,-1,-1,775.000,775.000,-1,-1,2,0,2,0,2,0,0,0,0,2,2,2,2,0,0,2,2
12,-3100.317,3491.157,-102.452,43.957,0.720570,-0.693037,-0.021867,0.692989,0.718742,0.056354,-0.023338,-0.055760,0.998171,0,-0.27209,0.56392,-16.326,1.128,-1,400.000,-1,400.000,-1,325.000,325.000,300.000,325.000,-1,-1,-1,-1,775.000,775.000,-1,-1,2,0,2,0,2,0,0,0,0,2,2,2,2,0,0,2,2
13,-3111.848,3479.588,-102.038,45.094,0.706690,-0.707177,-0.022115,0.707107,0.704858,0.056346,-0.024259,-0.055456,0.998166,0,-0.27222,0.56861,-16.333,1.137,-1,400.000,-1,400.000,-1,325.000,325.000,300.000,325.000,-1,-1,-1,-1,775.000,775.000,-1,-1,2,0,2,0,2,0,0,0,0,2,2,2,2,0,0,2,2
14,-3123.138,3467.798,-101.605,46.240,0.692418,-0.721150,-0.022354,0.721057,0.690582,0.056331,-0.025186,-0.055123,0.998162,0,-0.27207,0.57316,-16.324,1.146,-1,400.000,-1,400.000,-1,325.000,325.000,300.000,325.000,-1,-1,-1,-1,775.000,775.000,-1,-1,2,0,2,0,2,0,0,0,0,2,2,2,2,0,0,2,2
15,-3134.172,3455.801,-101.153,47.396,0.677756,-0.734940,-0.022585,0.734823,0.675918,0.056311,-0.026120,-0.054761,0.998158,0,-0.27164,0.57756,-16.299,1.155,-1,400.000,-1,400.000,-1,325.000,325.000,300.000,325.000,-1,-1,-1,-1,775.000,775.000,-1,-1,2,0,2,0,2,0,0,0,0,2,2,2,2,0,0,2,2
16,-3141.819,3447.214,-100.821,48.311,0.665945,-0.745654,-0.022754,0.745517,0.664105,0.056299,-0.026868,-0.054456,0.998155,0,-0.19164,0.45756,-11.499,0.915,-1,400.000,-1,400.000,-1,325.000,325.000,300.000,325.000,-1,-1,-1,-1,775.000,775.000,-1,-1,2,0,2,0,2,0,0,0,0,2,2,2,2,0,0,2,2
17,-3146.215,3442.160,-100.619,48.986,0.657122,-0.753437,-0.022868,0.753285,0.655281,0.056297,-0.027432,-0.054220,0.998152,0,-0.11164,0.33756,-6.699,0.675,-1,400.000,-1,400.000,-1,325.000,325.000,300.000,325.000,-1,-1,-1,-1,800.000,775.000,-1,-1,2,0,2,0,2,0,0,0,0,2,2,2,2,0,0,2,2
18,-3147.450,3440.717,-100.555,49.421,0.651388,-0.758398,-0.022928,0.758235,0.649546,0.056308,-0.027811,-0.054064,0.998150,0,-0.03164,0.21756,-1.899,0.435,-1,400.000,-1,400.000,-1,325.000,325.000,300.000,325.000,-1,-1,-1,-1,800.000,775.000,-1,-1,2,0,2,0,2,0,0,0,0,2,2,2,2,0,0,2,2
19,-3145.570,3442.928,-100.631,49.616,0.648805,-0.760609,-0.022939,0.760439,0.646961,0.056335,-0.028008,-0.053994,0.998148,0,0.04836,0.09756,2.901,0.195,-1,400.000,-1,400.000,-1,325.000,325.000,300.000,325.000,-1,-1,-1,-1,800.000,775.000,-1,-1,2,0,2,0,2,0,0,0,0,2,2,2,2,0,0,2,2
20,-3140.600,3448.810,-100.842,49.807,0.646271,-0.762763,-0.022930,0.762585,0.644425,0.056389,-0.028235,-0.053929,0.998146,0,0.12836,0.09548,7.701,0.191,-1,400.000,-1,400.000,-1,325.000,325.000,300.000,325.000,-1,-1,-1,-1,800.000,775.000,-1,-1,2,0,2,0,2,0,0,0,0,2,2,2,2,0,0,2,2
21,-3132.563,3458.386,-101.190,49.994,0.643781,-0.764867,-0.022908,0.764680,0.641931,0.056475,-0.028491,-0.053875,0.998141,0,0.20836,0.09361,12.501,0.187,-1,400.000,-1,400.000,-1,325.000,325.000,300.000,325.000,-1,-1,-1,-1,800.000,775.000,-1,-1,2,0,2,0,2,0,0,0,0,2,2,2,2,0,0,2,2
22,-3121.483,3471.674,-101.673,50.175,0.641366,-0.766894,-0.022880,0.766695,0.639511,0.056598,-0.028773,-0.053842,0.998135,0,0.28836,0.09056,17.301,0.181,-1,400.000,-1,400.000,-1,325.000,325.000,300.000,325.000,-1,-1,-1,-1,800.000,775.000,-1,-1,2,0,2,0,2,0,0,0,0,2,2,2,2,0,0,2,2
23,-3107.379,3488.691,-102.289,50.348,0.639060,-0.768817,-0.022856,0.768607,0.637198,0.056764,-0.029078,-0.053843,0.998126,0,0.36836,0.08632,22.101,0.173,-1,400.000,-1,400.000,-1,325.000,325.000,300.000,325.000,-1,-1,-1,-1,800.000,775.000,-1,-1,2,0,2,0,2,0,0,0,0,2,2,2,2,0,0,2,2
24,-3090.272,3509.451,-103.038,50.510,0.636896,-0.770611,-0.022848,0.770389,0.635023,0.056981,-0.029401,-0.053893,0.998114,0,0.44836,0.08086,26.901,0.162,-1,400.000,-1,400.000,-1,325.000,325.000,300.000,325.000,-1,-1,-1,-1,800.000,775.000,-1,-1,2,0,2,0,2,0,0,0,0,2,2,2,2,0,0,2,2
25,-3070.174,3533.969,-104.008,50.658,0.634909,-0.772261,-0.022429,0.772003,0.633034,0.057254,-0.030017,-0.053667,0.998108,0,0.52836,0.07414,31.701,0.148,-1,400.000,-1,400.000,-1,325.000,325.000,300.000,325.000,-1,-1,-1,-1,800.000,775.000,-1,-1,2,0,2,0,2,0,0,0,0,2,2,2,2,0,0,2,2
26,-3046.989,3562.161,-105.130,50.566,0.636152,-0.771253,-0.021894,0.770960,0.634275,0.057586,-0.030526,-0.053513,0.998100,0,0.60836,-0.04586,36.501,-0.092,-1,400.000,-1,400.000,-1,325.000,325.000,300.000,325.000,-1,-1,-1,-1,775.000,775.000,-1,-1,2,0,2,0,2,0,0,0,0,2,2,2,2,0,0,2,2
27,-3020.571,3593.908,-106.376,50.235,0.640612,-0.767569,-0.021304,0.767243,0.638730,0.057982,-0.030898,-0.053489,0.998090,0,0.68836,-0.16586,41.301,-0.332,-1,400.000,-1,400.000,-1,325.000,325.000,300.000,325.000,-1,-1,-1,-1,775.000,775.000,-1,-1,2,0,2,0,2,0,0,0,0,2,2,2,2,0,0,2,2
28,-2993.335,3625.982,-107.612,49.663,0.648242,-0.761152,-0.020709,0.760800,0.646353,0.058402,-0.031068,-0.053614,0.998078,0,0.70129,-0.28586,42.077,-0.572,-1,400.000,-1,400.000,-1,325.000,325.000,300.000,325.000,-1,-1,-1,-1,775.000,750.000,-1,-1,2,0,2,0,2,0,0,0,0,2,2,2,2,0,0,2,2
29,-2965.507,3657.827,-108.813,48.851,0.658961,-0.751909,-0.020104,0.751537,0.657062,0.058833,-0.031028,-0.053877,0.998065,0,0.70483,-0.40586,42.290,-0.812,-1,400.000,-1,400.000,-1,325.000,325.000,300.000,325.000,-1,-1,-1,-1,775.000,750.000,-1,-1,2,0,2,0,2,0,0,0,0,2,2,2,2,0,0,2,2
30,-2936.940,3689.331,-110.030,47.799,0.672654,-0.739696,-0.019635,0.739315,0.670730,0.059458,-0.030811,-0.054511,0.998038,0,0.70878,-0.52586,42.527,-1.052,-1,400.000,-1,400.000,-1,325.000,325.000,300.000,325.000,-1,-1,-1,-1,775.000,750.000,-1,-1,2,0,2,0,2,0,0,0,0,2,2,2,2,0,0,2,2
31,-2907.486,3720.378,-111.217,46.508,0.689155,-0.724359,-0.019224,0.723983,0.687206,0.059977,-0.030234,-0.055252,0.998015,0,0.71325,-0.64586,42.795,-1.292,-1,400.000,-1,400.000,-1,325.000,325.000,300.000,325.000,-1,-1,-1,-1,775.000,750.000,-1,-1,2,0,2,0,2,0,0,0,0,2,2,2,2,0,0,2,2
32,-2876.996,3750.844,-112.467,44.976,0.708245,-0.705717,-0.018747,0.705372,0.706310,0.059808,-0.028967,-0.055583,0.998034,0,0.71837,-0.76586,43.102,-1.532,-1,400.000,-1,400.000,-1,325.000,325.000,300.000,325.000,-1,-1,-1,-1,775.000,750.000,-1,-1,2,0,2,0,2,0,0,0,0,2,2,2,2,0,0,2,2
33,-2845.321,3780.593,-113.627,43.204,0.729696,-0.683527,-0.018307,0.683222,0.727774,0.059601,-0.027416,-0.055998,0.998054,0,0.72424,-0.88586,43.454,-1.772,-1,400.000,-1,400.000,-1,325.000,325.000,300.000,325.000,-1,-1,-1,-1,775.000,750.000,-1,-1,2,0,2,0,2,0,0,0,0,2,2,2,2,0,0,2,2
34,-2812.373,3809.543,-114.695,41.305,0.751917,-0.659015,-0.017909,0.658758,0.750012,0.059334,-0.025670,-0.056412,0.998078,0,0.73097,-0.94968,43.858,-1.899,-1,400.000,-1,400.000,-1,325.000,325.000,300.000,325.000,-1,-1,-1,-1,750.000,750.000,-1,-1,2,0,2,0,2,0,0,0,0,2,2,2,2,0,0,2,2
35,-2778.113,3837.660,-115.671,39.376,0.773644,-0.633377,-0.017562,0.633173,0.771759,0.058999,-0.023815,-0.056763,0.998104,0,0.73868,-0.96470,44.321,-1.929,-1,400.000,-1,400.000,-1,325.000,325.000,300.000,325.000,-1,-1,-1,-1,750.000,750.000,-1,-1,2,0,2,0,2,0,0,0,0,2,2,2,2,0,0,2,2
36,-2746.836,3861.821,-116.488,37.686,0.791953,-0.610337,-0.017302,0.610178,0.790080,0.058799,-0.022217,-0.057123,0.998120,0,0.65868,-0.84470,39.521,-1.689,-1,400.000,-1,400.000,-1,325.000,325.000,300.000,325.000,-1,-1,-1,-1,750.000,750.000,-1,-1,2,0,2,0,2,0,0,0,0,2,2,2,2,0,0,2,2
37,-2714.819,3885.286,-117.272,36.237,0.807116,-0.590146,-0.017089,0.590023,0.805248,0.058715,-0.020889,-0.057472,0.998129,0,0.66157,-0.72470,39.694,-1.449,-1,400.000,-1,400.000,-1,325.000,325.000,300.000,325.000,-1,-1,-1,-1,750.000,750.000,-1,-1,2,0,2,0,2,0,0,0,0,2,2,2,2,0,0,2,2
38,-2682.154,3908.181,-118.019,35.027,0.819374,-0.573012,-0.016853,0.572917,0.817515,0.058602,-0.019802,-0.057672,0.998139,0,0.66482,-0.60470,39.889,-1.209,-1,400.000,-1,400.000,-1,325.000,325.000,325.000,325.000,-1,-1,-1,-1,750.000,725.000,-1,-1,2,0,2,0,2,0,0,0,0,2,2,2,2,0,0,2,2
39,-2649.041,3930.424,-118.717,33.890,0.830569,-0.556668,-0.016620,0.556599,0.828720,0.058483,-0.018782,-0.057825,0.998150,0,0.66482,-0.56865,39.889,-1.137,-1,400.000,-1,375.000,-1,325.000,325.000,325.000,325.000,-1,-1,-1,-1,750.000,725.000,-1,-1,2,0,2,0,2,0,0,0,0,2,2,2,2,0,0,2,2
40,-2615.493,3952.005,-119.354,32.753,0.841438,-0.540104,-0.016429,0.540062,0.839598,0.058378,-0.017736,-0.057994,0.998159,0,0.66482,-0.56865,39.889,-1.137,-1,375.000,-1,375.000,-1,325.000,325.000,325.000,325.000,-1,-1,-1,-1,750.000,725.000,-1,-1,2,0,2,0,2,0,0,0,0,2,2,2,2,0,0,2,2
41,-2581.524,3972.916,-119.931,31.615,0.851976,-0.523327,-0.016278,0.523315,0.850144,0.058288,-0.016665,-0.058178,0.998167,0,0.66482,-0.56865,39.889,-1.137,-1,375.000,-1,375.000,-1,325.000,325.000,325.000,325.000,-1,-1,-1,-1,750.000,750.000,-1,-1,2,0,2,0,2,0,0,0,0,2,2,2,2,0,0,2,2
42,-2547.146,3993.148,-120.499,30.478,0.862176,-0.506350,-0.016195,0.506374,0.860363,0.057983,-0.015426,-0.058192,0.998186,0,0.66482,-0.56865,39.889,-1.137,-1,375.000,-1,375.000,-1,325.000,300.000,325.000,325.000,-1,-1,-1,-1,725.000,750.000,-1,-1,2,0,2,0,2,0,0,0,0,2,2,2,2,0,0,2,2
43,-2512.373,4012.694,-121.088,29.341,0.872033,-0.489173,-0.016358,0.489249,0.870244,0.057549,-0.013916,-0.058188,0.998209,0,0.66482,-0.56865,39.889,-1.137,-1,375.000,-1,375.000,-1,325.000,300.000,325.000,325.000,-1,-1,-1,-1,725.000,750.000,-1,-1,2,0,2,0,2,0,0,0,0,2,2,2,2,0,0,2,2
44,-2473.078,4033.979,-121.690,28.443,0.879566,-0.475487,-0.016594,0.475610,0.877801,0.057110,-0.012589,-0.058124,0.998230,0,0.74482,-0.44865,44.689,-0.897,-1,375.000,-1,375.000,-1,325.000,300.000,325.000,325.000,-1,-1,-1,-1,725.000,750.000,-1,-1,2,0,2,0,2,0,0,0,0,2,2,2,2,0,0,2,2
45,-2430.264,4056.539,-122.271,27.786,0.884946,-0.465389,-0.016846,0.465552,0.883205,0.056658,-0.011490,-0.057981,0.998252,0,0.80656,-0.32865,48.394,-0.657,-1,375.000,-1,375.000,-1,325.000,300.000,325.000,325.000,-1,-1,-1,-1,725.000,750.000,-1,-1,2,0,2,0,2,0,0,0,0,2,2,2,2,0,0,2,2
46,-2387.198,4078.614,-122.780,27.139,0.890127,-0.455391,-0.017083,0.455593,0.888413,0.056200,-0.010416,-0.057808,0.998273,0,0.80656,-0.32348,48.394,-0.647,-1,375.000,-1,375.000,-1,325.000,300.000,325.000,325.000,-1,-1,-1,-1,725.000,750.000,-1,-1,2,0,2,0,2,0,0,0,0,2,2,2,2,0,0,2,2
47,-2343.886,4100.201,-123.217,26.492,0.895196,-0.445336,-0.017305,0.445574,0.893508,0.055736,-0.009359,-0.057605,0.998296,0,0.80656,-0.32348,48.394,-0.647,-1,375.000,-1,375.000,-1,325.000,300.000,325.000,325.000,-1,-1,-1,-1,725.000,750.000,-1,-1,2,0,2,0,2,0,0,0,0,2,2,2,2,0,0,2,2
48,-2300.332,4121.297,-123.583,25.845,0.900152,-0.435225,-0.017512,0.435497,0.898492,0.055265,-0.008318,-0.057374,0.998318,0,0.80656,-0.32348,48.394,-0.647,-1,375.000,-1,375.000,-1,325.000,300.000,325.000,325.000,-1,-1,-1,-1,725.000,750.000,-1,-1,2,0,2,0,2,0,0,0,0,2,2,2,2,0,0,2,2
49,-2256.544,4141.901,-123.880,25.198,0.904993,-0.425058,-0.017704,0.425364,0.903362,0.054788,-0.007295,-0.057113,0.998341,0,0.80656,-0.32348,48.394,-0.647,-1,375.000,-1,375.000,-1,325.000,300.000,325.000,325.000,-1,-1,-1,-1,725.000,750.000,-1,-1,2,0,2,0,2,0,0,0,0,2,2,2,2,0,0,2,2
50,-2212.525,4162.009,-124.138,24.551,0.909718,-0.414835,-0.018021,0.415180,0.908113,0.054375,-0.006191,-0.056948,0.998358,0,0.80656,-0.32348,48.394,-0.647,-1,375.000,-1,375.000,-1,325.000,300.000,325.000,325.000,-1,-1,-1,-1,725.000,775.000,-1,-1,2,0,2,0,2,0,0,0,0,2,2,2,2,0,0,2,2
51,-2168.282,4181.618,-124.371,23.904,0.914326,-0.404555,-0.018512,0.404948,0.912741,0.054057,-0.004972,-0.056922,0.998366,0,0.80656,-0.32348,48.394,-0.647,-1,375.000,-1,400.000,-1,325.000,325.000,325.000,325.000,-1,-1,-1,-1,750.000,775.000,-1,-1,2,0,2,0,2,0,0,0,0,2,2,2,2,0,0,2,2
52,-2123.821,4200.727,-124.543,23.257,0.918818,-0.394224,-0.019007,0.394664,0.917252,0.053750,-0.003756,-0.056888,0.998374,0,0.80656,-0.32348,48.394,-0.647,-1,375.000,-1,400.000,-1,325.000,325.000,325.000,325.000,-1,-1,-1,-1,750.000,775.000,-1,-1,2,0,2,0,2,0,0,0,0,2,2,2,2,0,0,2,2
53,-2079.147,4219.332,-124.667,22.610,0.923192,-0.383843,-0.019520,0.384331,0.921650,0.053399,-0.002506,-0.056800,0.998382,0,0.80656,-0.32348,48.394,-0.647,-1,375.000,-1,400.000,-1,325.000,325.000,325.000,325.000,-1,-1,-1,-1,750.000,775.000,-1,-1,2,0,2,0,2,0,0,0,0,2,2,2,2,0,0,2,2
54,-2034.265,4237.432,-124.752,21.964,0.927447,-0.373416,-0.020062,0.373952,0.925934,0.052972,-0.001204,-0.056631,0.998394,0,0.80656,-0.32348,48.394,-0.647,-1,400.000,-1,400.000,-1,325.000,325.000,325.000,325.000,-1,-1,-1,-1,750.000,800.000,-1,-1,2,0,2,0,2,0,0,0,0,2,2,2,2,0,0,2,2
55,-1989.182,4255.024,-124.900,21.317,0.931592,-0.362950,-0.020095,0.363506,0.930124,0.052272,-0.000281,-0.056001,0.998431,0,0.80656,-0.32348,48.394,-0.647,-1,400.000,-1,400.000,-1,325.000,325.000,325.000,325.000,-1,-1,-1,-1,750.000,800.000,-1,-1,2,0,2,0,2,0,0,0,0,2,2,2,2,0,0,2,2
56,-1943.903,4272.105,-124.998,20.670,0.935620,-0.352437,-0.020098,0.353009,0.934198,0.051560,0.000604,-0.055335,0.998468,0,0.80656,-0.32348,48.394,-0.647,-1,400.000,-1,400.000,-1,325.000,325.000,325.000,325.000,-1,-1,-1,-1,750.000,800.000,-1,-1,2,0,2,0,2,0,0,0,0,2,2,2,2,0,0,2,2
57,-1898.434,4288.674,-125.043,20.023,0.939529,-0.341879,-0.020088,0.342466,0.938154,0.050843,0.001463,-0.054648,0.998505,0,0.80656,-0.32348,48.394,-0.647,-1,400.000,-1,400.000,-1,325.000,325.000,325.000,325.000,-1,-1,-1,-1,750.000,800.000,-1,-1,2,0,2,0,2,0,0,0,0,2,2,2,2,0,0,2,2
58,-1852.781,4304.729,-125.040,19.376,0.943321,-0.331277,-0.020036,0.331875,0.941989,0.050153,0.002259,-0.053960,0.998541,0,0.80656,-0.32348,48.394,-0.647,-1,400.000,-1,400.000,-1,325.000,325.000,325.000,325.000,-1,-1,-1,-1,750.000,800.000,-1,-1,2,0,2,0,2,0,0,0,0,2,2,2,2,0,0,2,2
59,-1806.949,4320.267,-125.073,18.729,0.946999,-0.320626,-0.019792,0.321224,0.945688,0.049892,0.002720,-0.053606,0.998558,0,0.80656,-0.32348,48.394,-0.647,-1,400.000,-1,400.000,-1,325.000,325.000,325.000,325.000,-1,-1,-1,-1,750.000,800.000,-1,-1,2,0,2,0,2,0,0,0,0,2,2,2,2,0,0,2,2
60,-1760.945,4335.287,-125.048,18.082,0.950558,-0.309934,-0.019513,0.310531,0.949268,0.049596,0.003152,-0.053204,0.998579,0,0.80656,-0.32348,48.394,-0.647,-1,400.000,-1,400.000,-1,325.000,325.000,325.000,325.000,-1,-1,-1,-1,750.000,800.000,-1,-1,2,0,2,0,2,0,0,0,0,2,2,2,2,0,0,2,2
61,-1714.775,4349.786,-124.968,17.435,0.953996,-0.299202,-0.019202,0.299797,0.952730,0.049265,0.003554,-0.052755,0.998601,0,0.80656,-0.32348,48.394,-0.647,-1,400.000,-1,400.000,-1,325.000,325.000,325.000,325.000,-1,-1,-1,-1,750.000,800.000,-1,-1,2,0,2,0,2,0,0,0,0,2,2,2,2,0,0,2,2
62,-1668.443,4363.764,-124.834,16.788,0.957314,-0.288433,-0.018858,0.289022,0.956073,0.048898,0.003926,-0.052261,0.998626,0,0.80656,-0.32348,48.394,-0.647,-1,375.000,-1,400.000,-1,325.000,325.000,300.000,325.000,-1,-1,-1,-1,750.000,800.000,-1,-1,2,0,2,0,2,0,0,0,0,2,2,2,2,0,0,2,2
63,-1621.957,4377.217,-124.646,16.141,0.960511,-0.277627,-0.018483,0.278209,0.959295,0.048496,0.004267,-0.051724,0.998652,0,0.80656,-0.32348,48.394,-0.647,-1,375.000,-1,400.000,-1,325.000,325.000,300.000,325.000,-1,-1,-1,-1,750.000,800.000,-1,-1,2,0,2,0,2,0,0,0,0,2,2,2,2,0,0,2,2
64,-1575.322,4390.144,-124.407,15.494,0.963586,-0.266786,-0.018078,0.267358,0.962398,0.048060,0.004577,-0.051143,0.998681,0,0.80656,-0.32348,48.394,-0.647,-1,375.000,-1,400.000,-1,325.000,325.000,300.000,325.000,-1,-1,-1,-1,725.000,800.000,-1,-1,2,0,2,0,2,0,0,0,0,2,2,2,2,0,0,2,2
65,-1528.544,4402.544,-124.118,14.847,0.966540,-0.255910,-0.017645,0.256472,0.965380,0.047588,0.004856,-0.050521,0.998711,0,0.80656,-0.32348,48.394,-0.647,-1,375.000,-1,400.000,-1,325.000,325.000,300.000,325.000,-1,-1,-1,-1,725.000,800.000,-1,-1,2,0,2,0,2,0,0,0,0,2,2,2,2,0,0,2,2
66,-1481.628,4414.415,-123.780,14.200,0.969370,-0.245001,-0.017183,0.245550,0.968240,0.047081,0.005103,-0.049859,0.998743,0,0.80656,-0.32348,48.394,-0.647,-1,375.000,-1,400.000,-1,325.000,325.000,300.000,325.000,-1,-1,-1,-1,725.000,800.000,-1,-1,2,0,2,0,2,0,0,0,0,2,2,2,2,0,0,2,2
67,-1434.582,4425.755,-123.396,13.553,0.972079,-0.234061,-0.016693,0.234595,0.970978,0.046539,0.005316,-0.049156,0.998777,0,0.80656,-0.32348,48.394,-0.647,-1,375.000,-1,400.000,-1,325.000,325.000,300.000,325.000,-1,-1,-1,-1,725.000,800.000,-1,-1,2,0,2,0,2,0,0,0,0,2,2,2,2,0,0,2,2
68,-1392.131,4435.669,-123.036,13.146,0.973722,-0.227166,-0.016164,0.227680,0.972651,0.045963,0.005281,-0.048436,0.998812,0,0.72656,-0.20348,43.594,-0.407,-1,375.000,-1,400.000,-1,325.000,325.000,325.000,325.000,-1,-1,-1,-1,725.000,800.000,-1,-1,2,0,2,0,2,0,0,0,0,2,2,2,2,0,0,2,2
69,-1354.328,4444.382,-122.777,12.979,0.974381,-0.224341,-0.015867,0.224838,0.973352,0.045085,0.005330,-0.047497,0.998857,0,0.64656,-0.08348,38.794,-0.167,-1,375.000,-1,400.000,-1,325.000,325.000,325.000,325.000,-1,-1,-1,-1,725.000,800.000,-1,-1,2,0,2,0,2,0,0,0,0,2,2,2,2,0,0,2,2
70,-1321.213,4452.058,-122.567,13.052,0.974096,-0.225591,-0.015660,0.226073,0.973107,0.044195,0.005269,-0.046590,0.998900,0,0.56656,0.03652,33.994,0.073,-1,375.000,-1,400.000,-1,325.000,325.000,325.000,325.000,-1,-1,-1,-1,725.000,800.000,-1,-1,2,0,2,0,2,0,0,0,0,2,2,2,2,0,0,2,2
71,-1292.799,4458.762,-122.387,13.276,0.973207,-0.229409,-0.015490,0.229875,0.972252,0.043412,0.005101,-0.045810,0.998937,0,0.48656,0.11219,29.194,0.224,-1,375.000,-1,400.000,-1,325.000,325.000,325.000,325.000,-1,-1,-1,-1,725.000,800.000,-1,-1,2,0,2,0,2,0,0,0,0,2,2,2,2,0,0,2,2
72,-1269.080,4464.456,-122.236,13.501,0.972302,-0.233222,-0.015350,0.233674,0.971375,0.042753,0.004940,-0.045156,0.998968,0,0.40656,0.11219,24.394,0.224,-1,375.000,-1,400.000,-1,325.000,325.000,325.000,325.000,-1,-1,-1,-1,725.000,800.000,-1,-1,2,0,2,0,2,0,0,0,0,2,2,2,2,0,0,2,2
73,-1250.046,4469.105,-122.146,13.725,0.971382,-0.237027,-0.015366,0.237474,0.970472,0.042317,0.004882,-0.044754,0.998986,0,0.32656,0.11216,19.594,0.224,-1,375.000,-1,400.000,-1,325.000,325.000,325.000,325.000,-1,-1,-1,-1,725.000,800.000,-1,-1,2,0,2,0,2,0,0,0,0,2,2,2,2,0,0,2,2
74,-1235.688,4472.670,-122.084,13.947,0.970457,-0.240780,-0.015399,0.241224,0.969560,0.041997,0.004818,-0.044471,0.998999,0,0.24656,0.11075,14.794,0.222,-1,375.000,-1,400.000,-1,325.000,325.000,325.000,325.000,-1,-1,-1,-1,750.000,800.000,-1,-1,2,0,2,0,2,0,0,0,0,2,2,2,2,0,0,2,2
75,-1225.999,4475.116,-122.054,14.166,0.969529,-0.244492,-0.015396,0.244932,0.968638,0.041828,0.004686,-0.044325,0.999006,0,0.16656,0.10969,9.994,0.219,-1,375.000,-1,400.000,-1,325.000,325.000,325.000,325.000,-1,-1,-1,-1,750.000,800.000,-1,-1,2,0,2,0,2,0,0,0,0,2,2,2,2,0,0,2,2
76,-1220.968,4476.406,-122.040,14.384,0.968593,-0.248176,-0.015392,0.248611,0.967704,0.041731,0.004538,-0.044247,0.999010,0,0.08656,0.10896,5.194,0.218,-1,375.000,-1,400.000,-1,325.000,325.000,325.000,325.000,-1,-1,-1,-1,750.000,800.000,-1,-1,2,0,2,0,2,0,0,0,0,2,2,2,2,0,0,2,2
77,-1220.587,4476.506,-122.039,14.601,0.967646,-0.251842,-0.015393,0.252274,0.966757,0.041694,0.004381,-0.044228,0.999012,0,0.00656,0.10858,0.394,0.217,-1,375.000,-1,400.000,-1,325.000,325.000,325.000,325.000,-1,-1,-1,-1,750.000,800.000,-1,-1,2,0,2,0,2,0,0,0,0,2,2,2,2,0,0,2,2
78,-1224.847,4475.379,-122.048,14.818,0.966686,-0.255502,-0.015397,0.255931,0.965795,0.041714,0.004212,-0.044265,0.999011,0,-0.07344,0.10854,-4.406,0.217,-1,375.000,-1,400.000,-1,325.000,325.000,325.000,325.000,-1,-1,-1,-1,750.000,800.000,-1,-1,2,0,2,0,2,0,0,0,0,2,2,2,2,0,0,2,2
79,-1224.467,4475.482,-122.046,15.275,0.964619,-0.263199,-0.015398,0.263621,0.963727,0.041641,0.003879,-0.044227,0.999014,0,0.00656,0.22854,0.394,0.457,-1,375.000,-1,400.000,-1,325.000,325.000,325.000,325.000,-1,-1,-1,-1,750.000,800.000,-1,-1,2,0,2,0,2,0,0,0,0,2,2,2,2,0,0,2,2
80,-1219.474,4476.911,-122.037,15.972,0.961348,-0.274906,-0.015395,0.275316,0.960459,0.041477,0.003384,-0.044112,0.999021,0,0.08656,0.34854,5.194,0.697,-1,375.000,-1,400.000,-1,325.000,325.000,325.000,325.000,-1,-1,-1,-1,750.000,800.000,-1,-1,2,0,2,0,2,0,0,0,0,2,2,2,2,0,0,2,2
81,-1209.913,4479.818,-122.025,16.909,0.956727,-0.290579,-0.015389,0.290973,0.955842,0.041228,0.002729,-0.043922,0.999031,0,0.16656,0.46854,9.994,0.937,-1,375.000,-1,400.000,-1,325.000,325.000,325.000,325.000,-1,-1,-1,-1,750.000,800.000,-1,-1,2,0,2,0,2,0,0,0,0,2,2,2,2,0,0,2,2
82,-1195.851,4484.411,-122.021,18.087,0.950561,-0.310157,-0.015383,0.310532,0.949683,0.040903,0.001922,-0.043657,0.999045,0,0.24656,0.58854,14.794,1.177,-1,375.000,-1,400.000,-1,325.000,325.000,325.000,325.000,-1,-1,-1,-1,750.000,800.000,-1,-1,2,0,2,0,2,0,0,0,0,2,2,2,2,0,0,2,2
83,-1177.382,4490.952,-122.031,19.504,0.942606,-0.333552,-0.015378,0.333905,0.941736,0.040512,0.000970,-0.043322,0.999061,0,0.32656,0.70854,19.594,1.417,-1,375.000,-1,400.000,-1,325.000,325.000,325.000,325.000,-1,-1,-1,-1,750.000,800.000,-1,-1,2,0,2,0,2,0,0,0,0,2,2,2,2,0,0,2,2
84,-1154.633,4499.758,-122.067,21.161,0.932574,-0.360652,-0.015381,0.360979,0.931713,0.040067,-0.000120,-0.042918,0.999079,0,0.40656,0.82854,24.394,1.657,-1,375.000,-1,400.000,-1,325.000,325.000,325.000,325.000,-1,-1,-1,-1,750.000,800.000,-1,-1,2,0,2,0,2,0,0,0,0,2,2,2,2,0,0,2,2
85,-1127.772,4511.191,-122.142,23.058,0.920132,-0.391305,-0.015397,0.391606,0.919281,0.039583,-0.001335,-0.042451,0.999098,0,0.48656,0.94854,29.194,1.897,-1,375.000,-1,400.000,-1,325.000,325.000,325.000,325.000,-1,-1,-1,-1,750.000,800.000,-1,-1,2,0,2,0,2,0,0,0,0,2,2,2,2,0,0,2,2
86,-1096.973,4525.577,-122.264,25.036,0.906083,-0.422818,-0.015437,0.423092,0.905243,0.039092,-0.002554,-0.041952,0.999116,0,0.56656,0.98923,33.994,1.978,-1,400.000,-1,400.000,-1,325.000,325.000,325.000,325.000,-1,-1,-1,-1,750.000,800.000,-1,-1,2,0,2,0,2,0,0,0,0,2,2,2,2,0,0,2,2
87,-1062.411,4543.195,-122.485,27.011,0.890983,-0.453773,-0.015467,0.454020,0.890145,0.038836,-0.003854,-0.041624,0.999126,0,0.64656,0.98757,38.794,1.975,-1,400.000,-1,400.000,-1,325.000,325.000,325.000,325.000,-1,-1,-1,-1,750.000,800.000,-1,-1,2,0,2,0,2,0,0,0,0,2,2,2,2,0,0,2,2
88,-1024.278,4564.319,-122.816,28.983,0.874855,-0.484137,-0.015511,0.484357,0.874007,0.038868,-0.005261,-0.041516,0.999124,0,0.72656,0.98599,43.594,1.972,-1,400.000,-1,400.000,-1,325.000,325.000,325.000,325.000,-1,-1,-1,-1,750.000,800.000,-1,-1,2,0,2,0,2,0,0,0,0,2,2,2,2,0,0,2,2
89,-982.776,4589.209,-123.216,30.952,0.857717,-0.513884,-0.015633,0.514079,0.856857,0.038964,-0.006628,-0.041457,0.999118,0,0.80656,0.98457,48.394,1.969,-1,400.000,-1,400.000,-1,325.000,325.000,325.000,325.000,-1,-1,-1,-1,750.000,800.000,-1,-1,2,0,2,0,2,0,0,0,0,2,2,2,2,0,0,2,2
90,-942.038,4615.344,-123.637,32.682,0.841833,-0.539506,-0.015820,0.539681,0.840961,0.039104,-0.007793,-0.041457,0.999110,0,0.80669,0.86457,48.402,1.729,-1,400.000,-1,400.000,-1,325.000,325.000,325.000,325.000,-1,-1,-1,-1,750.000,800.000,-1,-1,2,0,2,0,2,0,0,0,0,2,2,2,2,0,0,2,2
91,-902.025,4642.507,-124.067,34.171,0.827540,-0.561177,-0.016055,0.561338,0.826654,0.039273,-0.008768,-0.041512,0.999100,0,0.80603,0.74457,48.362,1.489,-1,375.000,-1,400.000,-1,325.000,325.000,325.000,325.000,-1,-1,-1,-1,750.000,800.000,-1,-1,2,0,2,0,2,0,0,0,0,2,2,2,2,0,0,2,2
92,-862.647,4670.512,-124.564,35.420,0.815116,-0.579068,-0.016339,0.579222,0.814229,0.039143,-0.009363,-0.041370,0.999100,0,0.80535,0.62457,48.321,1.249,-1,375.000,-1,400.000,-1,325.000,325.000,325.000,325.000,-1,-1,-1,-1,750.000,800.000,-1,-1,2,0,2,0,2,0,0,0,0,2,2,2,2,0,0,2,2
93,-823.800,4699.183,-125.064,36.429,0.804794,-0.593322,-0.016629,0.593475,0.803909,0.038959,-0.009747,-0.041223,0.999102,0,0.80471,0.50457,48.282,1.009,-1,375.000,-1,400.000,-1,325.000,325.000,325.000,325.000,-1,-1,-1,-1,750.000,800.000,-1,-1,2,0,2,0,2,0,0,0,0,2,2,2,2,0,0,2,2
94,-785.368,4728.352,-125.547,37.198,0.796757,-0.604063,-0.016909,0.604217,0.795876,0.038759,-0.009955,-0.041098,0.999106,0,0.80414,0.38457,48.248,0.769,-1,375.000,-1,400.000,-1,325.000,325.000,325.000,325.000,-1,-1,-1,-1,750.000,800.000,-1,-1,2,0,2,0,2,0,0,0,0,2,2,2,2,0,0,2,2
95,-747.229,4757.858,-126.003,37.727,0.791143,-0.611390,-0.017165,0.611549,0.790268,0.038535,-0.009995,-0.040984,0.999110,0,0.80367,0.26457,48.220,0.529,-1,375.000,-1,400.000,-1,325.000,325.000,325.000,325.000,-1,-1,-1,-1,750.000,800.000,-1,-1,2,0,2,0,2,0,0,0,0,2,2,2,2,0,0,2,2
96,-709.255,4787.544,-126.538,38.016,0.788047,-0.615384,-0.016855,0.615530,0.787189,0.038155,-0.010211,-0.040443,0.999130,0,0.80332,0.14457,48.199,0.289,-1,375.000,-1,400.000,-1,325.000,325.000,325.000,325.000,-1,-1,-1,-1,750.000,800.000,-1,-1,2,0,2,0,2,0,0,0,0,2,2,2,2,0,0,2,2
97,-671.318,4817.253,-127.086,38.066,0.787518,-0.616078,-0.016235,0.616203,0.786686,0.037672,-0.010437,-0.039671,0.999158,0,0.80310,0.02457,48.186,0.049,-1,375.000,-1,400.000,-1,325.000,325.000,325.000,325.000,-1,-1,-1,-1,750.000,800.000,-1,-1,2,0,2,0,2,0,0,0,0,2,2,2,2,0,0,2,2
98,-633.287,4846.832,-127.583,37.875,0.789562,-0.613474,-0.015546,0.613580,0.788759,0.037126,-0.010514,-0.038852,0.999190,0,0.80300,-0.09543,48.180,-0.191,-1,400.000,-1,400.000,-1,325.000,325.000,325.000,325.000,-1,-1,-1,-1,750.000,800.000,-1,-1,2,0,2,0,2,0,0,0,0,2,2,2,2,0,0,2,2
99,-595.034,4876.124,-128.022,37.444,0.794147,-0.607546,-0.014779,0.607636,0.793377,0.036496,-0.010447,-0.037963,0.999225,0,0.80301,-0.21543,48.180,-0.431,-1,400.000,-1,400.000,-1,325.000,325.000,325.000,325.000,-1,-1,-1,-1,750.000,800.000,-1,-1,2,0,2,0,2,0,0,0,0,2,2,2,2,0,0,2,2
100,-556.435,4904.971,-128.452,36.773,0.801197,-0.598231,-0.014229,0.598316,0.800458,0.035834,-0.010047,-0.037224,0.999256,0,0.80312,-0.33543,48.187,-0.671,-1,400.000,-1,400.000,-1,325.000,325.000,325.000,325.000,-1,-1,-1,-1,750.000,825.000,-1,-1,2,0,2,0,2,0,0,0,0,2,2,2,2,0,0,2,2
101,-517.472,4933.344,-128.983,36.062,0.808544,-0.588262,-0.014306,0.588364,0.807827,0.035272,-0.009192,-0.036937,0.999275,0,0.80331,-0.35540,48.198,-0.711,-1,400.000,-1,400.000,-1,325.000,325.000,325.000,325.000,-1,-1,-1,-1,750.000,825.000,-1,-1,2,0,2,0,2,0,0,0,0,2,2,2,2,0,0,2,2
102,-478.151,4961.241,-129.480,35.355,0.815734,-0.578253,-0.014175,0.578365,0.815044,0.034601,-0.008455,-0.036423,0.999301,0,0.80354,-0.35374,48.213,-0.707,-1,400.000,-1,400.000,-1,325.000,325.000,325.000,325.000,-1,-1,-1,-1,750.000,825.000,-1,-1,2,0,2,0,2,0,0,0,0,2,2,2,2,0,0,2,2
103,-438.476,4988.662,-129.924,34.651,0.822767,-0.568206,-0.013997,0.568325,0.822104,0.033950,-0.007784,-0.035888,0.999326,0,0.80382,-0.35200,48.229,-0.704,-1,400.000,-1,400.000,-1,325.000,325.000,325.000,325.000,-1,-1,-1,-1,750.000,850.000,-1,-1,2,0,2,0,2,0,0,0,0,2,2,2,2,0,0,2,2
104,-398.453,5015.608,-130.513,33.950,0.829655,-0.558109,-0.013687,0.558222,0.828980,0.034348,-0.007824,-0.036138,0.999316,0,0.80413,-0.35020,48.248,-0.700,-1,400.000,-1,400.000,-1,325.000,325.000,325.000,325.000,-1,-1,-1,-1,750.000,850.000,-1,-1,2,0,2,0,2,0,0,0,0,2,2,2,2,0,0,2,2
105,-358.088,5042.076,-131.040,33.254,0.836382,-0.547985,-0.013310,0.548090,0.835699,0.034706,-0.007896,-0.036322,0.999309,0,0.80449,-0.34832,48.269,-0.697,-1,400.000,-1,400.000,-1,325.000,325.000,325.000,325.000,-1,-1,-1,-1,725.000,850.000,-1,-1,2,0,2,0,2,0,0,0,0,2,2,2,2,0,0,2,2
106,-317.385,5068.067,-131.504,32.561,0.842950,-0.537839,-0.012865,0.537933,0.842260,0.035022,-0.008000,-0.036442,0.999304,0,0.80488,-0.34638,48.293,-0.693,-1,400.000,-1,400.000,-1,325.000,325.000,325.000,325.000,-1,-1,-1,-1,725.000,850.000,-1,-1,2,0,2,0,2,0,0,0,0,2,2,2,2,0,0,2,2
107,-276.372,5093.565,-131.907,31.868,0.849394,-0.527615,-0.012356,0.527697,0.848699,0.035294,-0.008135,-0.036498,0.999301,0,0.80488,-0.34638,48.293,-0.693,-1,400.000,-1,400.000,-1,325.000,325.000,325.000,325.000,-1,-1,-1,-1,725.000,850.000,-1,-1,2,0,2,0,2,0,0,0,0,2,2,2,2,0,0,2,2
108,-235.053,5118.564,-132.250,31.175,0.855714,-0.517315,-0.011783,0.517383,0.855017,0.035521,-0.008301,-0.036492,0.999299,0,0.80488,-0.34638,48.293,-0.693,-1,375.000,-1,400.000,-1,325.000,325.000,300.000,325.000,-1,-1,-1,-1,725.000,850.000,-1,-1,2,0,2,0,2,0,0,0,0,2,2,2,2,0,0,2,2
109,-193.435,5143.062,-132.532,30.483,0.861909,-0.506941,-0.011148,0.506992,0.861211,0.035701,-0.008498,-0.036423,0.999300,0,0.80488,-0.34638,48.293,-0.693,-1,375.000,-1,400.000,-1,325.000,325.000,300.000,325.000,-1,-1,-1,-1,725.000,850.000,-1,-1,2,0,2,0,2,0,0,0,0,2,2,2,2,0,0,2,2
110,-151.523,5167.055,-132.847,29.790,0.867973,-0.496500,-0.010519,0.496539,0.867292,0.035405,-0.008456,-0.035954,0.999318,0,0.80488,-0.34638,48.293,-0.693,-1,375.000,-1,400.000,-1,325.000,325.000,300.000,325.000,-1,-1,-1,-1,725.000,875.000,-1,-1,2,0,2,0,2,0,0,0,0,2,2,2,2,0,0,2,2
111,-109.325,5190.539,-133.167,29.097,0.873907,-0.485993,-0.009918,0.486025,0.873259,0.034607,-0.008158,-0.035063,0.999352,0,0.80488,-0.34638,48.293,-0.693,-1,375.000,-1,425.000,-1,325.000,325.000,300.000,325.000,-1,-1,-1,-1,750.000,875.000,-1,-1,2,0,2,0,2,0,0,0,0,2,2,2,2,0,0,2,2
112,-66.845,5213.511,-133.463,28.404,0.879712,-0.475419,-0.009077,0.475439,0.879109,0.033534,-0.007963,-0.033816,0.999396,0,0.80488,-0.34638,48.293,-0.693,-1,375.000,-1,425.000,-1,325.000,325.000,300.000,325.000,-1,-1,-1,-1,750.000,875.000,-1,-1,2,0,2,0,2,0,0,0,0,2,2,2,2,0,0,2,2
113,-24.091,5235.968,-133.939,27.712,0.885392,-0.464789,-0.007191,0.464767,0.884856,0.031949,-0.008487,-0.031630,0.999464,0,0.80488,-0.34638,48.293,-0.693,-1,400.000,-1,425.000,-1,325.000,325.000,300.000,300.000,-1,-1,-1,-1,750.000,875.000,-1,-1,2,0,2,0,2,0,0,0,0,2,2,2,2,0,0,2,2
114,14.583,5255.866,-134.328,27.228,0.889280,-0.457330,-0.005482,0.457273,0.888805,0.030442,-0.009049,-0.029579,0.999521,0,0.72488,-0.24189,43.493,-0.484,-1,400.000,-1,425.000,-1,325.000,325.000,300.000,300.000,-1,-1,-1,-1,750.000,875.000,-1,-1,2,0,2,0,2,0,0,0,0,2,2,2,2,0,0,2,2
115,49.137,5273.278,-134.642,26.744,0.893104,-0.449833,-0.003956,0.449749,0.892682,0.029050,-0.009537,-0.027724,0.999570,0,0.64488,-0.24189,38.693,-0.484,-1,400.000,-1,425.000,-1,325.000,325.000,300.000,300.000,-1,-1,-1,-1,750.000,875.000,-1,-1,2,0,2,0,2,0,0,0,0,2,2,2,2,0,0,2,2
116,81.525,5289.256,-134.940,26.260,0.896863,-0.442300,-0.002617,0.442198,0.896491,0.027653,-0.009885,-0.025958,0.999614,0,0.60191,-0.24189,36.115,-0.484,-1,400.000,-1,425.000,-1,325.000,325.000,300.000,300.000,-1,-1,-1,-1,750.000,875.000,-1,-1,2,0,2,0,2,0,0,0,0,2,2,2,2,0,0,2,2
117,114.047,5304.961,-135.385,25.776,0.900559,-0.434729,-0.002026,0.434625,0.900222,0.026481,-0.009688,-0.024728,0.999647,0,0.60191,-0.24189,36.115,-0.484,-1,400.000,-1,425.000,-1,325.000,325.000,300.000,300.000,-1,-1,-1,-1,750.000,900.000,-1,-1,2,0,2,0,2,0,0,0,0,2,2,2,2,0,0,2,2
118,146.700,5320.390,-135.804,25.293,0.904191,-0.427125,-0.001439,0.427022,0.903888,0.025294,-0.009503,-0.023485,0.999679,0,0.60191,-0.24189,36.115,-0.484,-1,400.000,-1,425.000,-1,325.000,325.000,300.000,300.000,-1,-1,-1,-1,750.000,900.000,-1,-1,2,0,2,0,2,0,0,0,0,2,2,2,2,0,0,2,2
119,179.481,5335.544,-136.393,24.809,0.907763,-0.419482,-0.000612,0.419364,0.907471,0.025089,-0.009969,-0.023032,0.999685,0,0.60191,-0.24189,36.115,-0.484,-1,400.000,-1,425.000,-1,325.000,325.000,300.000,300.000,-1,-1,-1,-1,750.000,900.000,-1,-1,2,0,2,0,2,0,0,0,0,2,2,2,2,0,0,2,2
120,212.390,5350.420,-136.973,24.325,0.911270,-0.411809,0.000249,0.411675,0.910989,0.024952,-0.010502,-0.022636,0.999689,0,0.60191,-0.24189,36.115,-0.484,-1,400.000,-1,400.000,-1,325.000,325.000,300.000,300.000,-1,-1,-1,-1,750.000,900.000,-1,-1,2,0,2,0,2,0,0,0,0,2,2,2,2,0,0,2,2
121,245.423,5365.017,-137.530,23.841,0.914712,-0.404106,0.001125,0.403956,0.914442,0.024801,-0.011051,-0.022231,0.999692,0,0.60191,-0.24189,36.115,-0.484,-1,400.000,-1,400.000,-1,325.000,325.000,300.000,300.000,-1,-1,-1,-1,750.000,900.000,-1,-1,2,0,2,0,2,0,0,0,0,2,2,2,2,0,0,2,2
122,278.578,5379.336,-138.062,23.358,0.918087,-0.396374,0.002015,0.396209,0.917830,0.024633,-0.011614,-0.021817,0.999695,0,0.60191,-0.24189,36.115,-0.484,-1,400.000,-1,400.000,-1,325.000,325.000,300.000,300.000,-1,-1,-1,-1,750.000,900.000,-1,-1,2,0,2,0,2,0,0,0,0,2,2,2,2,0,0,2,2
123,311.853,5393.374,-138.572,22.874,0.921396,-0.388614,0.002920,0.388433,0.921152,0.024451,-0.012191,-0.021395,0.999697,0,0.60191,-0.24189,36.115,-0.484,-1,400.000,-1,400.000,-1,325.000,325.000,300.000,300.000,-1,-1,-1,-1,750.000,900.000,-1,-1,2,0,2,0,2,0,0,0,0,2,2,2,2,0,0,2,2
124,345.246,5407.130,-139.058,22.390,0.924639,-0.380826,0.003839,0.380630,0.924409,0.024252,-0.012784,-0.020964,0.999698,0,0.60191,-0.24189,36.115,-0.484,-1,400.000,-1,400.000,-1,325.000,325.000,300.000,300.000,-1,-1,-1,-1,750.000,900.000,-1,-1,2,0,2,0,2,0,0,0,0,2,2,2,2,0,0,2,2
125,378.753,5420.604,-139.522,21.906,0.927815,-0.373010,0.004772,0.372800,0.927600,0.024038,-0.013393,-0.020524,0.999700,0,0.60191,-0.24189,36.115,-0.484,-1,375.000,-1,425.000,-1,325.000,325.000,300.000,300.000,-1,-1,-1,-1,750.000,900.000,-1,-1,2,0,2,0,2,0,0,0,0,2,2,2,2,0,0,2,2
126,412.372,5433.794,-139.963,21.422,0.930924,-0.365168,0.005719,0.364944,0.930725,0.023807,-0.014016,-0.020076,0.999700,0,0.60191,-0.24189,36.115,-0.484,-1,375.000,-1,425.000,-1,325.000,325.000,300.000,300.000,-1,-1,-1,-1,750.000,900.000,-1,-1,2,0,2,0,2,0,0,0,0,2,2,2,2,0,0,2,2
127,446.102,5446.701,-140.366,20.939,0.933965,-0.357300,0.006755,0.357061,0.933785,0.023516,-0.014710,-0.019552,0.999701,0,0.60191,-0.24189,36.115,-0.484,-1,375.000,-1,425.000,-1,325.000,325.000,300.000,300.000,-1,-1,-1,-1,750.000,900.000,-1,-1,2,0,2,0,2,0,0,0,0,2,2,2,2,0,0,2,2
128,479.940,5459.322,-140.735,20.455,0.936938,-0.349407,0.007861,0.349153,0.936779,0.023173,-0.015461,-0.018967,0.999701,0,0.60191,-0.24189,36.115,-0.484,-1,375.000,-1,425.000,-1,325.000,325.000,300.000,325.000,-1,-1,-1,-1,750.000,900.000,-1,-1,2,0,2,0,2,0,0,0,0,2,2,2,2,0,0,2,2
129,513.883,5471.656,-141.083,19.971,0.939843,-0.341489,0.008979,0.341221,0.939706,0.022813,-0.016227,-0.018376,0.999699,0,0.60191,-0.24189,36.115,-0.484,-1,375.000,-1,425.000,-1,325.000,325.000,300.000,325.000,-1,-1,-1,-1,750.000,900.000,-1,-1,2,0,2,0,2,0,0,0,0,2,2,2,2,0,0,2,2
130,547.929,5483.704,-141.411,19.487,0.942680,-0.333546,0.010106,0.333265,0.942566,0.022433,-0.017008,-0.017779,0.999697,0,0.60191,-0.24189,36.115,-0.484,-1,400.000,-1,425.000,-1,325.000,325.000,300.000,325.000,-1,-1,-1,-1,750.000,900.000,-1,-1,2,0,2,0,2,0,0,0,0,2,2,2,2,0,0,2,2
131,582.076,5495.464,-141.935,19.004,0.945451,-0.325583,0.010904,0.325313,0.945372,0.021079,-0.017171,-0.016382,0.999718,0,0.60191,-0.24189,36.115,-0.484,-1,400.000,-1,425.000,-1,325.000,325.000,300.000,325.000,-1,-1,-1,-1,750.000,900.000,-1,-1,2,0,2,0,2,0,0,0,0,2,2,2,2,0,0,2,2
132,616.321,5506.934,-142.549,18.520,0.948148,-0.317598,0.012132,0.317338,0.948114,0.019430,-0.017674,-0.014572,0.999738,0,0.60191,-0.24189,36.115,-0.484,-1,400.000,-1,425.000,-1,325.000,325.000,300.000,300.000,-1,-1,-1,-1,750.000,900.000,-1,-1,2,0,2,0,2,0,0,0,0,2,2,2,2,0,0,2,2
133,655.172,5519.765,-143.331,18.276,0.949463,-0.313572,0.013893,0.313327,0.949488,0.017279,-0.018609,-0.012052,0.999754,0,0.68191,-0.12189,40.915,-0.244,-1,400.000,-1,425.000,-1,325.000,325.000,300.000,300.000,-1,-1,-1,-1,750.000,900.000,-1,-1,2,0,2,0,2,0,0,0,0,2,2,2,2,0,0,2,2
134,698.582,5534.097,-144.192,18.272,0.949450,-0.313518,0.015848,0.313299,0.949538,0.014871,-0.019710,-0.009154,0.999764,0,0.76191,-0.00189,45.715,-0.004,-1,400.000,-1,425.000,-1,325.000,325.000,300.000,300.000,-1,-1,-1,-1,750.000,900.000,-1,-1,2,0,2,0,2,0,0,0,0,2,2,2,2,0,0,2,2
135,746.484,5550.132,-145.301,18.508,0.948122,-0.317437,0.017251,0.317250,0.948256,0.012729,-0.020399,-0.006596,0.999770,0,0.84191,0.11811,50.515,0.236,-1,400.000,-1,425.000,-1,325.000,325.000,300.000,300.000,-1,-1,-1,-1,750.000,900.000,-1,-1,2,0,2,0,2,0,0,0,0,2,2,2,2,0,0,2,2
136,795.007,5566.826,-146.668,18.985,0.945426,-0.325310,0.018509,0.325140,0.945594,0.011649,-0.021292,-0.004996,0.999761,0,0.85524,0.23811,51.315,0.476,-1,400.000,-1,425.000,-1,325.000,325.000,300.000,300.000,-1,-1,-1,-1,750.000,900.000,-1,-1,2,0,2,0,2,0,0,0,0,2,2,2,2,0,0,2,2
137,843.318,5584.124,-148.077,19.701,0.941256,-0.337107,0.019894,0.336949,0.941459,0.010938,-0.022417,-0.003592,0.999742,0,0.85524,0.35811,51.315,0.716,-1,400.000,-1,425.000,-1,325.000,325.000,300.000,300.000,-1,-1,-1,-1,750.000,900.000,-1,-1,2,0,2,0,2,0,0,0,0,2,2,2,2,0,0,2,2
138,891.334,5602.227,-149.452,20.657,0.935467,-0.352773,0.021265,0.352630,0.935707,0.010239,-0.023509,-0.002079,0.999721,0,0.85524,0.47811,51.315,0.956,-1,400.000,-1,400.000,-1,325.000,325.000,300.000,300.000,-1,-1,-1,-1,750.000,875.000,-1,-1,2,0,2,0,2,0,0,0,0,2,2,2,2,0,0,2,2
139,938.961,5621.327,-150.791,21.853,0.927865,-0.372231,0.022613,0.372108,0.928140,0.009569,-0.024550,-0.000464,0.999698,0,0.85524,0.59811,51.315,1.196,-1,375.000,-1,400.000,-1,325.000,325.000,300.000,300.000,-1,-1,-1,-1,750.000,875.000,-1,-1,2,0,2,0,2,0,0,0,0,2,2,2,2,0,0,2,2
