timestep,x_cm,y_cm,z_cm,yaw_deg,basis_xx,basis_xy,basis_xz,basis_yx,basis_yy,basis_yz,basis_zx,basis_zy,basis_zz,teleport_flag,throttle_cmd,steering_cmd,cmd_move_cm,cmd_turn_deg,lidar_cm_0,lidar_cm_1,lidar_cm_2,lidar_cm_3,lidar_cm_4,lidar_cm_5,lidar_cm_6,lidar_cm_7,lidar_cm_8,lidar_cm_9,lidar_cm_10,lidar_cm_11,lidar_cm_12,lidar_cm_13,lidar_cm_14,lidar_cm_15,lidar_cm_16,lidar_class_0,lidar_class_1,lidar_class_2,lidar_class_3,lidar_class_4,lidar_class_5,lidar_class_6,lidar_class_7,lidar_class_8,lidar_class_9,lidar_class_10,lidar_class_11,lidar_class_12,lidar_class_13,lidar_class_14,lidar_class_15,lidar_class_16
0,9514.052,-2299.487,-72.135,-51.024,0.630909,0.775763,-0.012079,-0.773466,0.627666,-0.088240,-0.060872,0.065015,0.996026,1,0.08000,0.12000,4.800,0.240,-1,375.000,-1,375.000,-1,300.000,300.000,300.000,300.000,-1,700.000,675.000,-1,650.000,700.000,-1,-1,2,0,2,0,2,0,0,0,0,2,0,0,2,0,0,2,2
1,9520.153,-2306.899,-72.654,-50.544,0.637380,0.770451,-0.012340,-0.768214,0.634121,-0.087964,-0.059947,0.065546,0.996047,0,0.16000,0.24000,9.600,0.480,-1,375.000,-1,375.000,-1,300.000,300.000,300.000,300.000,-1,675.000,675.000,-1,650.000,700.000,-1,-1,2,0,2,0,2,0,0,0,0,2,0,0,2,0,0,2,2
2,9529.443,-2317.901,-73.418,-49.824,0.647002,0.762382,-0.012744,-0.760238,0.643719,-0.087549,-0.058542,0.066333,0.996079,0,0.24000,0.36000,14.400,0.720,-1,375.000,-1,375.000,-1,300.000,300.000,300.000,300.000,-1,675.000,675.000,-1,650.000,700.000,-1,-1,2,0,2,0,2,0,0,0,0,2,0,0,2,0,0,2,2
3,9542.074,-2332.360,-74.411,-48.864,0.659670,0.751438,-0.013306,-0.749418,0.656356,-0.086997,-0.056639,0.067361,0.996120,0,0.32000,0.48000,19.200,0.960,-1,375.000,-1,375.000,-1,300.000,300.000,300.000,300.000,-1,675.000,675.000,-1,650.000,700.000,-1,-1,2,0,2,0,2,0,0,0,0,2,0,0,2,0,0,2,2
4,9558.238,-2350.100,-75.609,-47.664,0.675240,0.737464,-0.014047,-0.735603,0.671892,-0.086313,-0.054215,0.068615,0.996169,0,0.40000,0.60000,24.000,1.200,-1,375.000,-1,375.000,-1,300.000,300.000,300.000,300.000,-1,650.000,625.000,-1,625.000,700.000,-1,-1,2,0,2,0,2,0,0,0,0,2,0,0,2,0,0,2,2
5,9578.078,-2370.975,-76.980,-46.460,0.690561,0.723120,-0.014924,-0.721430,0.687183,-0.085547,-0.051606,0.069842,0.996222,0,0.48000,0.60208,28.800,1.204,-1,375.000,-1,375.000,-1,300.000,300.000,300.000,300.000,-1,650.000,600.000,-1,625.000,700.000,-1,-1,2,0,2,0,2,0,0,0,0,2,0,0,2,0,0,2,2
6,9601.733,-2394.836,-78.490,-45.252,0.705615,0.708416,-0.015904,-0.706910,0.702214,-0.084698,-0.048833,0.071007,0.996280,0,0.56000,0.60388,33.600,1.208,-1,375.000,-1,375.000,-1,300.000,300.000,300.000,300.000,-1,625.000,550.000,-1,625.000,700.000,-1,-1,2,0,2,0,2,0,0,0,0,2,0,0,2,0,0,2,2
7,9629.337,-2421.529,-80.144,-44.040,0.720404,0.693343,-0.017139,-0.692040,0.716980,-0.083784,-0.045803,0.072219,0.996337,0,0.64000,0.60608,38.400,1.212,-1,375.000,-1,375.000,-1,300.000,300.000,300.000,300.000,-1,600.000,525.000,-1,625.000,700.000,-1,-1,2,0,2,0,2,0,0,0,0,2,0,0,2,0,0,2,2
8,9657.950,-2448.043,-81.745,-42.822,0.734928,0.677893,-0.018493,-0.676802,0.731484,-0.082889,-0.042663,0.073433,0.996387,0,0.65017,0.60869,39.010,1.217,-1,375.000,-1,375.000,-1,300.000,300.000,300.000,300.000,-1,550.000,500.000,-1,625.000,700.000,-1,-1,2,0,2,0,2,0,0,0,0,2,0,0,2,0,0,2,2
9,9687.237,-2474.043,-83.272,-41.600,0.749176,0.662070,-0.019949,-0.661196,0.745715,-0.082029,-0.039433,0.074644,0.996430,0,0.65271,0.61135,39.163,1.223,-1,375.000,-1,375.000,-1,300.000,300.000,300.000,300.000,-1,525.000,475.000,-1,625.000,700.000,-1,-1,2,0,2,0,2,0,0,0,0,2,0,0,2,0,0,2,2
10,9717.192,-2499.509,-84.723,-40.372,0.763138,0.645878,-0.021506,-0.645226,0.759663,-0.081211,-0.036115,0.075851,0.996465,0,0.65530,0.61400,39.318,1.228,-1,375.000,-1,375.000,-1,300.000,300.000,300.000,325.000,-1,500.000,450.000,-1,625.000,700.000,-1,-1,2,0,2,0,2,0,0,0,0,2,0,0,2,0,0,2,2
11,9747.811,-2524.424,-86.082,-39.138,0.776802,0.629316,-0.023244,-0.628898,0.773313,-0.080461,-0.032661,0.077120,0.996487,0,0.65794,0.61664,39.476,1.233,-1,350.000,-1,375.000,-1,300.000,300.000,300.000,325.000,-1,475.000,450.000,-1,625.000,700.000,-1,-1,2,0,2,0,2,0,0,0,0,2,0,0,2,0,0,2,2
12,9779.089,-2548.770,-87.231,-37.900,0.790154,0.612367,-0.025757,-0.612237,0.786624,-0.079934,-0.028687,0.078930,0.996467,0,0.66062,0.61928,39.637,1.239,-1,375.000,-1,375.000,-1,300.000,300.000,325.000,325.000,-1,450.000,425.000,-1,625.000,675.000,-1,-1,2,0,2,0,2,0,0,0,0,2,0,0,2,0,0,2,2
13,9811.019,-2572.528,-88.310,-36.656,0.803183,0.595056,-0.028387,-0.595222,0.799610,-0.079590,-0.024662,0.080822,0.996423,0,0.66334,0.62193,39.800,1.244,-1,375.000,-1,375.000,-1,300.000,300.000,325.000,325.000,-1,450.000,400.000,-1,625.000,675.000,-1,-1,2,0,2,0,2,0,0,0,0,2,0,0,2,0,0,2,2
14,9843.594,-2595.681,-89.321,-35.407,0.815876,0.577389,-0.031121,-0.577861,0.812260,-0.079444,-0.020592,0.082800,0.996353,0,0.66611,0.62457,39.966,1.249,-1,375.000,-1,375.000,-1,300.000,300.000,325.000,325.000,-1,425.000,375.000,-1,650.000,675.000,-1,-1,2,0,2,0,2,0,0,0,0,2,0,0,2,0,0,2,2
15,9876.809,-2618.210,-90.250,-34.152,0.828220,0.559374,-0.033951,-0.560162,0.824565,-0.079443,-0.016443,0.084814,0.996261,0,0.66891,0.62721,40.135,1.254,-1,375.000,-1,375.000,-1,300.000,300.000,325.000,325.000,-1,400.000,375.000,-1,650.000,675.000,-1,-1,2,0,2,0,2,0,0,0,0,2,0,0,2,0,0,2,2
16,9910.653,-2640.095,-91.096,-32.893,0.840204,0.541015,-0.036869,-0.542132,0.836515,-0.079594,-0.012220,0.086863,0.996145,0,0.67176,0.62986,40.305,1.260,-1,375.000,-1,375.000,-1,300.000,300.000,325.000,300.000,-1,400.000,350.000,-1,-1,675.000,-1,-1,2,0,2,0,2,0,0,0,0,2,0,0,2,2,0,2,2
17,9946.037,-2661.940,-91.512,-31.692,0.851268,0.523329,-0.038329,-0.524653,0.847612,-0.079333,-0.009029,0.087643,0.996111,0,0.69308,0.60044,41.585,1.201,-1,375.000,-1,375.000,-1,300.000,300.000,325.000,300.000,-1,400.000,350.000,-1,-1,650.000,-1,-1,2,0,2,0,2,0,0,0,0,2,0,0,2,2,0,2,2
18,9982.135,-2683.192,-91.797,-30.489,0.861977,0.505392,-0.039680,-0.506913,0.858361,-0.079089,-0.005911,0.088288,0.996077,0,0.69818,0.60139,41.891,1.203,-1,375.000,-1,375.000,-1,300.000,300.000,325.000,300.000,-1,425.000,375.000,-1,-1,650.000,-1,-1,2,0,2,0,2,0,0,0,0,2,0,0,2,2,0,2,2
19,10018.944,-2703.834,-91.838,-29.285,0.872306,0.487229,-0.041107,-0.488954,0.868781,-0.078378,-0.002475,0.088469,0.996076,0,0.70337,0.60225,42.202,1.205,-1,375.000,-1,375.000,-1,300.000,300.000,325.000,300.000,-1,425.000,400.000,-1,-1,650.000,-1,-1,2,0,2,0,2,0,0,0,0,2,0,0,2,2,0,2,2
20,10056.458,-2723.846,-91.524,-28.079,0.882234,0.468866,-0.042746,-0.470808,0.878901,-0.076629,0.001641,0.087730,0.996143,0,0.70865,0.60301,42.519,1.206,-1,375.000,-1,375.000,-1,300.000,300.000,325.000,325.000,-1,450.000,400.000,-1,-1,650.000,-1,-1,2,0,2,0,2,0,0,0,0,2,0,0,2,2,0,2,2
21,10094.672,-2743.210,-91.089,-26.871,0.891782,0.450277,-0.044442,-0.452428,0.888651,-0.074890,0.005773,0.086892,0.996201,0,0.71402,0.60366,42.841,1.207,-1,375.000,-1,375.000,-1,300.000,300.000,325.000,325.000,-1,450.000,425.000,-1,-1,650.000,-1,-1,2,0,2,0,2,0,0,0,0,2,0,0,2,2,0,2,2
22,10133.581,-2761.904,-90.533,-25.663,0.900943,0.431471,-0.046194,-0.433824,0.898022,-0.073164,0.009916,0.085957,0.996250,0,0.71947,0.60420,43.168,1.208,-1,375.000,-1,375.000,-1,300.000,300.000,325.000,325.000,-1,450.000,425.000,-1,-1,700.000,-1,-1,2,0,2,0,2,0,0,0,0,2,0,0,2,2,1,2,2
23,10173.179,-2779.911,-89.855,-24.454,0.909710,0.412460,-0.048000,-0.415005,0.907009,-0.071454,0.014065,0.084923,0.996288,0,0.72501,0.60464,43.500,1.209,-1,-1,-1,375.000,-1,300.000,300.000,325.000,325.000,-1,450.000,425.000,-1,-1,750.000,-1,-1,2,2,2,0,2,0,0,0,0,2,0,0,2,2,1,2,2
24,10213.457,-2797.211,-89.058,-23.244,0.918077,0.393254,-0.049856,-0.395983,0.915604,-0.069764,0.018214,0.083791,0.996317,0,0.73063,0.60496,43.838,1.210,-1,-1,-1,375.000,-1,300.000,300.000,325.000,325.000,-1,425.000,450.000,-1,-1,775.000,-1,-1,2,2,2,0,2,0,0,0,0,2,0,0,2,2,1,2,2
25,10254.410,-2813.785,-88.141,-22.033,0.926038,0.373864,-0.051761,-0.376768,0.923801,-0.068097,0.022358,0.082562,0.996335,0,0.73633,0.60517,44.180,1.210,-1,-1,-1,375.000,-1,875.000,300.000,325.000,325.000,-1,400.000,450.000,-1,-1,800.000,-1,-1,2,2,2,0,2,1,0,0,0,2,0,0,2,2,1,2,2
26,10296.027,-2829.614,-87.104,-20.823,0.933587,0.354304,-0.053710,-0.357371,0.931595,-0.066456,0.026491,0.081237,0.996343,0,0.74211,0.60526,44.527,1.211,-1,-1,-1,400.000,-1,1000.000,300.000,325.000,325.000,-1,375.000,425.000,-1,-1,825.000,-1,-1,2,2,2,1,2,1,1,0,0,2,0,0,2,2,1,2,2
27,10338.301,-2844.678,-85.975,-19.612,0.940714,0.334581,-0.055800,-0.337812,0.938973,-0.064904,0.030679,0.079906,0.996330,0,0.74797,0.60523,44.878,1.210,-1,-1,-1,500.000,-1,-1,650.000,325.000,325.000,-1,375.000,400.000,-1,-1,825.000,-1,-1,2,2,2,1,2,2,1,0,0,2,0,0,2,2,1,2,2
28,10381.222,-2858.958,-84.743,-18.402,0.947415,0.314710,-0.057983,-0.318099,0.945933,-0.063426,0.034888,0.078535,0.996301,0,0.75391,0.60508,45.235,1.210,-1,-1,-1,575.000,-1,-1,775.000,325.000,325.000,-1,350.000,375.000,-1,-1,850.000,-1,-1,2,2,2,1,2,2,1,0,0,2,0,0,2,2,1,2,2
29,10428.958,-2873.947,-83.102,-17.432,0.952465,0.298663,-0.060092,-0.302215,0.951175,-0.062708,0.038429,0.077887,0.996221,0,0.83391,0.48508,50.035,0.970,-1,-1,-1,625.000,-1,-1,875.000,325.000,325.000,-1,350.000,375.000,-1,-1,875.000,-1,-1,2,2,2,1,2,2,1,0,0,2,0,0,2,2,1,2,2
30,10480.533,-2889.454,-88.987,-16.702,0.957469,0.287090,-0.028856,-0.288071,0.956811,-0.039094,0.016387,0.045744,0.998819,0,0.89762,0.36508,53.857,0.730,-1,-1,-1,600.000,-1,1000.000,800.000,250.000,350.000,-1,775.000,875.000,-1,-1,825.000,-1,-1,2,2,2,1,2,1,1,0,0,2,0,0,2,2,1,2,2
31,10532.633,-2904.617,-95.471,-16.212,0.960227,0.279171,0.005258,-0.279088,0.960182,-0.012653,-0.008581,0.010682,0.999906,0,0.90438,0.24508,54.263,0.490,-1,-1,-1,550.000,-1,925.000,725.000,175.000,375.000,-1,-1,-1,-1,-1,775.000,-1,775.000,2,2,2,1,2,1,1,0,0,2,2,2,2,2,1,2,0
32,-4919.486,2295.784,57.146,-13.661,0.971530,0.235773,0.023244,-0.236712,0.970082,0.053936,-0.009831,-0.057902,0.998274,1,0.00000,0.00000,54.659,0.250,-1,400.000,-1,375.000,-1,325.000,325.000,300.000,300.000,-1,-1,-1,-1,800.000,700.000,-1,-1,2,0,2,0,2,0,0,0,0,2,2,2,2,0,0,2,2
33,-4914.817,2294.670,57.105,-13.421,0.972507,0.231707,0.023271,-0.232654,0.971057,0.054047,-0.010074,-0.057975,0.998267,0,0.08000,0.12000,4.800,0.240,-1,400.000,-1,375.000,-1,325.000,325.000,300.000,300.000,-1,-1,-1,-1,800.000,700.000,-1,-1,2,0,2,0,2,0,0,0,0,2,2,2,2,0,0,2,2
34,-4905.469,2292.488,57.022,-13.143,0.973617,0.226992,0.023318,-0.227952,0.972160,0.054247,-0.010355,-0.058131,0.998255,0,0.16000,0.13895,9.600,0.278,-1,400.000,-1,375.000,-1,325.000,325.000,300.000,300.000,-1,-1,-1,-1,800.000,700.000,-1,-1,2,0,2,0,2,0,0,0,0,2,2,2,2,0,0,2,2
35,-4891.430,2289.282,56.893,-12.865,0.974705,0.222271,0.023380,-0.223244,0.973236,0.054530,-0.010634,-0.058370,0.998238,0,0.24000,0.13895,14.400,0.278,-1,400.000,-1,375.000,-1,325.000,325.000,300.000,300.000,-1,-1,-1,-1,800.000,700.000,-1,-1,2,0,2,0,2,0,0,0,0,2,2,2,2,0,0,2,2
36,-4872.692,2285.098,56.718,-12.587,0.975769,0.217544,0.023454,-0.218533,0.974284,0.054893,-0.010910,-0.058689,0.998217,0,0.32000,0.13895,19.200,0.278,-1,400.000,-1,375.000,-1,325.000,325.000,300.000,300.000,-1,-1,-1,-1,800.000,700.000,-1,-1,2,0,2,0,2,0,0,0,0,2,2,2,2,0,0,2,2
37,-4849.244,2279.982,56.493,-12.309,0.976810,0.212811,0.023536,-0.213817,0.975305,0.055334,-0.011179,-0.059083,0.998190,0,0.40000,0.13895,24.000,0.278,-1,400.000,-1,375.000,-1,325.000,325.000,300.000,300.000,-1,-1,-1,-1,800.000,700.000,-1,-1,2,0,2,0,2,0,0,0,0,2,2,2,2,0,0,2,2
38,-4821.076,2273.979,56.219,-12.031,0.977828,0.208073,0.023620,-0.209096,0.976299,0.055848,-0.011439,-0.059548,0.998160,0,0.48000,0.13895,28.800,0.278,-1,400.000,-1,375.000,-1,325.000,325.000,300.000,300.000,-1,-1,-1,-1,800.000,700.000,-1,-1,2,0,2,0,2,0,0,0,0,2,2,2,2,0,0,2,2
39,-4788.181,2267.136,55.894,-11.753,0.978824,0.203329,0.023698,-0.204371,0.977266,0.056431,-0.011685,-0.060079,0.998125,0,0.56000,0.13895,33.600,0.278,-1,400.000,-1,375.000,-1,325.000,325.000,300.000,300.000,-1,-1,-1,-1,800.000,700.000,-1,-1,2,0,2,0,2,0,0,0,0,2,2,2,2,0,0,2,2
40,-4754.026,2260.203,55.551,-11.475,0.979797,0.198580,0.023759,-0.199641,0.978209,0.057020,-0.011919,-0.060612,0.998090,0,0.58086,0.13895,34.852,0.278,-1,400.000,-1,375.000,-1,325.000,325.000,300.000,300.000,-1,-1,-1,-1,800.000,700.000,-1,-1,2,0,2,0,2,0,0,0,0,2,2,2,2,0,0,2,2
41,-4719.838,2253.435,55.203,-11.197,0.980747,0.193827,0.023802,-0.194905,0.979130,0.057597,-0.012141,-0.061127,0.998056,0,0.58086,0.13895,34.852,0.278,-1,400.000,-1,375.000,-1,325.000,325.000,300.000,300.000,-1,-1,-1,-1,800.000,700.000,-1,-1,2,0,2,0,2,0,0,0,0,2,2,2,2,0,0,2,2
42,-4690.307,2247.867,54.883,-10.680,0.982456,0.184964,0.023827,-0.186065,0.980817,0.058115,-0.012621,-0.061528,0.998026,0,0.50086,0.25895,30.052,0.518,-1,400.000,-1,375.000,-1,325.000,325.000,300.000,300.000,-1,-1,-1,-1,800.000,700.000,-1,-1,2,0,2,0,2,0,0,0,0,2,2,2,2,0,0,2,2
43,-4665.433,2243.516,54.586,-9.922,0.984813,0.171971,0.023842,-0.173101,0.983161,0.058577,-0.013367,-0.061815,0.997998,0,0.42086,0.37895,25.252,0.758,-1,400.000,-1,375.000,-1,325.000,325.000,300.000,300.000,-1,-1,-1,-1,800.000,700.000,-1,-1,2,0,2,0,2,0,0,0,0,2,2,2,2,0,0,2,2
44,-4645.229,2240.344,54.313,-8.924,0.987655,0.154821,0.023850,-0.155986,0.985996,0.058988,-0.014383,-0.061979,0.997974,0,0.34086,0.49895,20.452,0.998,-1,400.000,-1,375.000,-1,325.000,325.000,300.000,300.000,-1,-1,-1,-1,825.000,700.000,-1,-1,2,0,2,0,2,0,0,0,0,2,2,2,2,0,0,2,2
45,-4629.724,2238.210,54.052,-7.837,0.990411,0.136086,0.023788,-0.137285,0.988747,0.059434,-0.015432,-0.062130,0.997949,0,0.26086,0.54353,15.652,1.087,-1,400.000,-1,375.000,-1,325.000,325.000,300.000,300.000,-1,-1,-1,-1,825.000,700.000,-1,-1,2,0,2,0,2,0,0,0,0,2,2,2,2,0,0,2,2
46,-4618.948,2236.935,53.851,-6.750,0.992812,0.117303,0.023746,-0.118536,0.991150,0.059753,-0.016527,-0.062138,0.997931,0,0.18086,0.54353,10.852,1.087,-1,400.000,-1,375.000,-1,325.000,325.000,300.000,300.000,-1,-1,-1,-1,825.000,700.000,-1,-1,2,0,2,0,2,0,0,0,0,2,2,2,2,0,0,2,2
47,-4612.927,2236.338,53.722,-5.663,0.994856,0.098479,0.023729,-0.099746,0.993205,0.059955,-0.017664,-0.062013,0.997919,0,0.10086,0.54353,6.052,1.087,-1,400.000,-1,375.000,-1,325.000,325.000,300.000,300.000,-1,-1,-1,-1,825.000,725.000,-1,-1,2,0,2,0,2,0,0,0,0,2,2,2,2,0,0,2,2
48,-4611.680,2236.238,53.679,-4.575,0.996543,0.079620,0.023723,-0.080918,0.994911,0.060034,-0.018822,-0.061746,0.997914,0,0.02086,0.54353,1.252,1.087,-1,400.000,-1,375.000,-1,325.000,325.000,300.000,300.000,-1,-1,-1,-1,825.000,725.000,-1,-1,2,0,2,0,2,0,0,0,0,2,2,2,2,0,0,2,2
49,-4615.222,2236.454,53.731,-3.488,0.997872,0.060732,0.023735,-0.062061,0.996267,0.060007,-0.020002,-0.061352,0.997916,0,-0.05914,0.54353,-3.548,1.087,-1,400.000,-1,375.000,-1,325.000,325.000,300.000,300.000,-1,-1,-1,-1,850.000,725.000,-1,-1,2,0,2,0,2,0,0,0,0,2,2,2,2,0,0,2,2
50,-4623.563,2236.804,53.863,-2.401,0.998845,0.041821,0.023672,-0.043176,0.997265,0.059992,-0.021099,-0.060945,0.997918,0,-0.13914,0.54353,-8.348,1.087,-1,400.000,-1,375.000,-1,325.000,325.000,300.000,300.000,-1,-1,-1,-1,850.000,725.000,-1,-1,2,0,2,0,2,0,0,0,0,2,2,2,2,0,0,2,2
51,-4636.227,2237.094,54.092,-1.314,0.999460,0.022894,0.023575,-0.024272,0.997907,0.059931,-0.022154,-0.060471,0.997924,0,-0.21111,0.54353,-12.666,1.087,-1,400.000,-1,375.000,-1,325.000,325.000,300.000,300.000,-1,-1,-1,-1,850.000,725.000,-1,-1,2,0,2,0,2,0,0,0,0,2,2,2,2,0,0,2,2
52,-4648.894,2237.144,54.337,-0.227,0.999717,0.003958,0.023466,-0.005357,0.998192,0.059867,-0.023186,-0.059975,0.997931,0,-0.21111,0.54353,-12.666,1.087,-1,400.000,-1,375.000,-1,325.000,325.000,300.000,300.000,-1,-1,-1,-1,850.000,725.000,-1,-1,2,0,2,0,2,0,0,0,0,2,2,2,2,0,0,2,2
53,-4661.559,2236.954,54.598,0.860,0.999615,-0.014981,0.023344,0.013562,0.998118,0.059797,-0.024196,-0.059458,0.997938,0,-0.21111,0.54353,-12.666,1.087,-1,400.000,-1,375.000,-1,325.000,325.000,300.000,300.000,-1,-1,-1,-1,850.000,725.000,-1,-1,2,0,2,0,2,0,0,0,0,2,2,2,2,0,0,2,2
54,-4674.219,2236.523,54.875,1.947,0.999155,-0.033915,0.023210,0.032478,0.997686,0.059724,-0.025182,-0.058919,0.997945,0,-0.21111,0.54353,-12.666,1.087,-1,400.000,-1,375.000,-1,325.000,325.000,300.000,300.000,-1,-1,-1,-1,850.000,725.000,-1,-1,2,0,2,0,2,0,0,0,0,2,2,2,2,0,0,2,2
55,-4686.868,2235.852,55.167,3.034,0.998337,-0.052839,0.023066,0.051384,0.996896,0.059645,-0.026146,-0.058361,0.997953,0,-0.21111,0.54353,-12.666,1.087,-1,400.000,-1,400.000,-1,325.000,325.000,300.000,300.000,-1,-1,-1,-1,850.000,725.000,-1,-1,2,0,2,0,2,0,0,0,0,2,2,2,2,0,0,2,2
56,-4699.502,2234.942,55.475,4.121,0.997160,-0.071745,0.022911,0.070274,0.995748,0.059563,-0.027087,-0.057783,0.997962,0,-0.21111,0.54353,-12.666,1.087,-1,400.000,-1,400.000,-1,325.000,325.000,300.000,300.000,-1,-1,-1,-1,850.000,750.000,-1,-1,2,0,2,0,2,0,0,0,0,2,2,2,2,0,0,2,2
57,-4712.116,2233.792,55.797,5.208,0.995625,-0.090626,0.022746,0.089141,0.994242,0.059476,-0.028005,-0.057188,0.997971,0,-0.21111,0.54353,-12.666,1.087,-1,400.000,-1,400.000,-1,325.000,325.000,300.000,300.000,-1,-1,-1,-1,850.000,750.000,-1,-1,2,0,2,0,2,0,0,0,0,2,2,2,2,0,0,2,2
58,-4724.707,2232.402,56.133,6.295,0.993733,-0.109476,0.022572,0.107978,0.992378,0.059384,-0.028901,-0.056575,0.997980,0,-0.21111,0.54353,-12.666,1.087,-1,400.000,-1,400.000,-1,325.000,325.000,300.000,300.000,-1,-1,-1,-1,875.000,750.000,-1,-1,2,0,2,0,2,0,0,0,0,2,2,2,2,0,0,2,2
59,-4737.269,2230.775,56.484,7.382,0.991484,-0.128288,0.022388,0.126778,0.990158,0.059289,-0.029774,-0.055946,0.997990,0,-0.21111,0.54353,-12.666,1.087,-1,400.000,-1,400.000,-1,325.000,325.000,300.000,300.000,-1,-1,-1,-1,875.000,750.000,-1,-1,2,0,2,0,2,0,0,0,0,2,2,2,2,0,0,2,2
60,-4749.797,2228.909,56.848,8.469,0.988879,-0.147055,0.022196,0.145534,0.987581,0.059190,-0.030624,-0.055301,0.998000,0,-0.21111,0.54353,-12.666,1.087,-1,400.000,-1,400.000,-1,325.000,325.000,300.000,300.000,-1,-1,-1,-1,875.000,750.000,-1,-1,2,0,2,0,2,0,0,0,0,2,2,2,2,0,0,2,2
61,-4762.288,2226.805,57.226,9.556,0.985919,-0.165771,0.021995,0.164239,0.984649,0.059086,-0.031452,-0.054642,0.998011,0,-0.21111,0.54353,-12.666,1.087,-1,400.000,-1,400.000,-1,325.000,325.000,300.000,300.000,-1,-1,-1,-1,875.000,750.000,-1,-1,2,0,2,0,2,0,0,0,0,2,2,2,2,0,0,2,2
62,-4774.737,2224.465,57.617,10.644,0.982604,-0.184429,0.021787,0.182888,0.981363,0.058980,-0.032258,-0.053969,0.998021,0,-0.21111,0.54353,-12.666,1.087,-1,400.000,-1,400.000,-1,325.000,325.000,300.000,300.000,-1,-1,-1,-1,875.000,750.000,-1,-1,2,0,2,0,2,0,0,0,0,2,2,2,2,0,0,2,2
63,-4787.139,2221.890,58.021,11.731,0.978937,-0.203021,0.021571,0.201472,0.977724,0.058870,-0.033043,-0.053284,0.998033,0,-0.21111,0.54353,-12.666,1.087,-1,400.000,-1,400.000,-1,325.000,325.000,300.000,300.000,-1,-1,-1,-1,875.000,750.000,-1,-1,2,0,2,0,2,0,0,0,0,2,2,2,2,0,0,2,2
64,-4799.490,2219.079,58.438,12.818,0.974917,-0.221542,0.021349,0.219986,0.973732,0.058757,-0.033805,-0.052587,0.998044,0,-0.21111,0.54353,-12.666,1.087,-1,400.000,-1,400.000,-1,325.000,325.000,300.000,300.000,-1,-1,-1,-1,875.000,775.000,-1,-1,2,0,2,0,2,0,0,0,0,2,2,2,2,0,0,2,2
65,-4811.786,2216.035,58.867,13.905,0.970547,-0.239984,0.021119,0.238422,0.969390,0.058641,-0.034546,-0.051879,0.998056,0,-0.21111,0.54353,-12.666,1.087,-1,400.000,-1,400.000,-1,325.000,325.000,300.000,300.000,-1,-1,-1,-1,875.000,775.000,-1,-1,2,0,2,0,2,0,0,0,0,2,2,2,2,0,0,2,2
66,-4824.021,2212.758,59.307,14.992,0.965828,-0.258342,0.020884,0.256774,0.964698,0.058523,-0.035266,-0.051161,0.998068,0,-0.21111,0.54353,-12.666,1.087,-1,400.000,-1,400.000,-1,325.000,325.000,300.000,300.000,-1,-1,-1,-1,875.000,775.000,-1,-1,2,0,2,0,2,0,0,0,0,2,2,2,2,0,0,2,2
67,-4836.192,2209.249,59.759,16.079,0.960761,-0.276608,0.020642,0.275035,0.959659,0.058403,-0.035964,-0.050434,0.998080,0,-0.21111,0.54353,-12.666,1.087,-1,400.000,-1,400.000,-1,325.000,325.000,300.000,300.000,-1,-1,-1,-1,875.000,775.000,-1,-1,2,0,2,0,2,0,0,0,0,2,2,2,2,0,0,2,2
68,-4847.926,2205.678,60.209,16.926,0.956574,-0.290773,0.020426,0.289199,0.955492,0.058295,-0.036468,-0.049856,0.998090,0,-0.20442,0.42353,-12.265,0.847,-1,400.000,-1,400.000,-1,325.000,325.000,300.000,300.000,-1,-1,-1,-1,875.000,775.000,-1,-1,2,0,2,0,2,0,0,0,0,2,2,2,2,0,0,2,2
69,-4859.622,2201.983,60.670,17.533,0.953445,-0.300887,0.020234,0.299315,0.952378,0.058200,-0.036782,-0.049435,0.998100,0,-0.20442,0.30353,-12.265,0.607,-1,400.000,-1,400.000,-1,325.000,325.000,300.000,300.000,-1,-1,-1,-1,875.000,775.000,-1,-1,2,0,2,0,2,0,0,0,0,2,2,2,2,0,0,2,2
70,-4871.293,2198.213,61.139,17.900,0.951503,-0.306986,0.020068,0.305418,0.950443,0.058123,-0.036916,-0.049175,0.998108,0,-0.20442,0.18353,-12.265,0.367,-1,400.000,-1,400.000,-1,325.000,325.000,300.000,300.000,-1,-1,-1,-1,875.000,775.000,-1,-1,2,0,2,0,2,0,0,0,0,2,2,2,2,0,0,2,2
71,-4882.956,2194.417,61.613,18.027,0.950823,-0.309094,0.019929,0.307533,0.949764,0.058064,-0.036875,-0.049079,0.998114,0,-0.20442,0.06353,-12.265,0.127,-1,400.000,-1,400.000,-1,325.000,325.000,300.000,300.000,-1,-1,-1,-1,875.000,775.000,-1,-1,2,0,2,0,2,0,0,0,0,2,2,2,2,0,0,2,2
72,-4894.627,2190.645,62.089,17.914,0.951432,-0.307221,0.019820,0.305669,0.950368,0.058023,-0.036662,-0.049146,0.998118,0,-0.20442,-0.05647,-12.265,-0.113,-1,400.000,-1,400.000,-1,325.000,325.000,300.000,300.000,-1,-1,-1,-1,875.000,775.000,-1,-1,2,0,2,0,2,0,0,0,0,2,2,2,2,0,0,2,2
73,-4906.310,2186.911,62.564,17.721,0.952466,-0.304006,0.019724,0.302463,0.951395,0.057990,-0.036395,-0.049268,0.998122,0,-0.20442,-0.09680,-12.265,-0.194,-1,400.000,-1,400.000,-1,325.000,325.000,300.000,300.000,-1,-1,-1,-1,850.000,775.000,-1,-1,2,0,2,0,2,0,0,0,0,2,2,2,2,0,0,2,2
74,-4918.006,2183.218,63.036,17.527,0.953489,-0.300788,0.019633,0.299254,0.952411,0.057960,-0.036132,-0.049389,0.998126,0,-0.20442,-0.09680,-12.265,-0.194,-1,400.000,-1,400.000,-1,325.000,325.000,300.000,300.000,-1,-1,-1,-1,850.000,775.000,-1,-1,2,0,2,0,2,0,0,0,0,2,2,2,2,0,0,2,2
75,-4929.714,2179.564,63.504,17.333,0.954501,-0.297566,0.019545,0.296042,0.953417,0.057933,-0.035873,-0.049511,0.998129,0,-0.20442,-0.09680,-12.265,-0.194,-1,400.000,-1,400.000,-1,325.000,325.000,300.000,300.000,-1,-1,-1,-1,850.000,775.000,-1,-1,2,0,2,0,2,0,0,0,0,2,2,2,2,0,0,2,2
76,-4941.435,2175.949,63.970,17.140,0.955502,-0.294341,0.019461,0.292826,0.954411,0.057909,-0.035619,-0.049633,0.998132,0,-0.20442,-0.09680,-12.265,-0.194,-1,400.000,-1,400.000,-1,325.000,325.000,300.000,300.000,-1,-1,-1,-1,850.000,775.000,-1,-1,2,0,2,0,2,0,0,0,0,2,2,2,2,0,0,2,2
77,-4953.167,2172.374,64.432,16.946,0.956492,-0.291113,0.019381,0.289606,0.955394,0.057887,-0.035368,-0.049755,0.998135,0,-0.20442,-0.09680,-12.265,-0.194,-1,400.000,-1,400.000,-1,325.000,325.000,300.000,300.000,-1,-1,-1,-1,850.000,775.000,-1,-1,2,0,2,0,2,0,0,0,0,2,2,2,2,0,0,2,2
78,-4964.912,2168.839,64.891,16.753,0.957471,-0.287881,0.019306,0.286382,0.956366,0.057867,-0.035122,-0.049878,0.998138,0,-0.20442,-0.09680,-12.265,-0.194,-1,400.000,-1,400.000,-1,325.000,325.000,300.000,300.000,-1,-1,-1,-1,850.000,775.000,-1,-1,2,0,2,0,2,0,0,0,0,2,2,2,2,0,0,2,2
79,-4976.668,2165.343,65.347,16.559,0.958440,-0.284646,0.019234,0.283155,0.957328,0.057851,-0.034880,-0.050000,0.998140,0,-0.20442,-0.09680,-12.265,-0.194,-1,400.000,-1,400.000,-1,325.000,325.000,300.000,300.000,-1,-1,-1,-1,850.000,775.000,-1,-1,2,0,2,0,2,0,0,0,0,2,2,2,2,0,0,2,2
80,-4988.436,2161.887,65.799,16.365,0.959397,-0.281408,0.019165,0.279925,0.958278,0.057836,-0.034641,-0.050123,0.998142,0,-0.20442,-0.09680,-12.265,-0.194,-1,400.000,-1,400.000,-1,325.000,325.000,300.000,300.000,-1,-1,-1,-1,850.000,775.000,-1,-1,2,0,2,0,2,0,0,0,0,2,2,2,2,0,0,2,2
81,-5000.216,2158.471,66.249,16.172,0.960343,-0.278167,0.019101,0.276691,0.959218,0.057824,-0.034407,-0.050245,0.998144,0,-0.20442,-0.09680,-12.265,-0.194,-1,400.000,-1,400.000,-1,325.000,325.000,300.000,300.000,-1,-1,-1,-1,850.000,775.000,-1,-1,2,0,2,0,2,0,0,0,0,2,2,2,2,0,0,2,2
82,-5012.008,2155.095,66.695,15.978,0.961278,-0.274923,0.019041,0.273454,0.960146,0.057813,-0.034176,-0.050368,0.998146,0,-0.20442,-0.09680,-12.265,-0.194,-1,400.000,-1,400.000,-1,325.000,325.000,300.000,300.000,-1,-1,-1,-1,850.000,775.000,-1,-1,2,0,2,0,2,0,0,0,0,2,2,2,2,0,0,2,2
83,-5019.183,2153.034,66.964,16.025,0.961056,-0.275701,0.018983,0.274234,0.959924,0.057799,-0.034157,-0.050342,0.998148,0,-0.12442,0.02320,-7.465,0.046,-1,400.000,-1,400.000,-1,325.000,325.000,300.000,300.000,-1,-1,-1,-1,850.000,775.000,-1,-1,2,0,2,0,2,0,0,0,0,2,2,2,2,0,0,2,2
84,-5021.741,2152.286,67.056,16.311,0.959668,-0.280498,0.018924,0.279030,0.958543,0.057778,-0.034346,-0.050167,0.998150,0,-0.04442,0.14320,-2.665,0.286,-1,400.000,-1,400.000,-1,325.000,325.000,300.000,300.000,-1,-1,-1,-1,850.000,775.000,-1,-1,2,0,2,0,2,0,0,0,0,2,2,2,2,0,0,2,2
85,-5019.697,2152.904,66.970,16.837,0.957053,-0.289298,0.018866,0.287823,0.955941,0.057746,-0.034740,-0.049836,0.998153,0,0.03558,0.26320,2.135,0.526,-1,400.000,-1,400.000,-1,325.000,325.000,300.000,300.000,-1,-1,-1,-1,850.000,775.000,-1,-1,2,0,2,0,2,0,0,0,0,2,2,2,2,0,0,2,2
86,-5013.088,2155.001,66.700,17.604,0.953101,-0.302066,0.018813,0.300581,0.952010,0.057698,-0.035338,-0.049337,0.998157,0,0.11558,0.38320,6.935,0.766,-1,400.000,-1,400.000,-1,325.000,325.000,300.000,300.000,-1,-1,-1,-1,850.000,775.000,-1,-1,2,0,2,0,2,0,0,0,0,2,2,2,2,0,0,2,2
87,-5001.966,2158.745,66.235,18.610,0.947653,-0.318751,0.018773,0.317252,0.946589,0.057628,-0.036140,-0.048656,0.998162,0,0.19558,0.50320,11.735,1.006,-1,400.000,-1,400.000,-1,325.000,325.000,300.000,300.000,-1,-1,-1,-1,850.000,775.000,-1,-1,2,0,2,0,2,0,0,0,0,2,2,2,2,0,0,2,2
88,-4986.415,2164.361,65.563,19.857,0.940498,-0.339280,0.018761,0.337762,0.939472,0.057531,-0.037145,-0.047771,0.998167,0,0.27558,0.62320,16.535,1.246,-1,400.000,-1,400.000,-1,325.000,325.000,300.000,300.000,-1,-1,-1,-1,850.000,800.000,-1,-1,2,0,2,0,2,0,0,0,0,2,2,2,2,0,0,2,2
89,-4966.543,2172.125,64.669,21.343,0.931383,-0.363555,0.018795,0.362014,0.930404,0.057401,-0.038355,-0.046658,0.998174,0,0.35558,0.74320,21.335,1.486,-1,400.000,-1,400.000,-1,325.000,325.000,300.000,300.000,-1,-1,-1,-1,850.000,800.000,-1,-1,2,0,2,0,2,0,0,0,0,2,2,2,2,0,0,2,2
90,-4942.499,2182.366,63.535,23.069,0.920008,-0.391445,0.018896,0.389877,0.919086,0.057237,-0.039772,-0.045291,0.998182,0,0.43558,0.86320,26.135,1.726,-1,400.000,-1,400.000,-1,325.000,325.000,300.000,300.000,-1,-1,-1,-1,850.000,800.000,-1,-1,2,0,2,0,2,0,0,0,0,2,2,2,2,0,0,2,2
91,-4914.470,2195.456,62.139,25.036,0.906030,-0.422783,0.019094,0.421184,0.905180,0.057041,-0.041399,-0.043639,0.998189,0,0.51558,0.98320,30.935,1.966,-1,400.000,-1,400.000,-1,325.000,325.000,300.000,300.000,-1,-1,-1,-1,850.000,800.000,-1,-1,2,0,2,0,2,0,0,0,0,2,2,2,2,0,0,2,2
92,-4882.641,2211.698,60.468,27.036,0.890713,-0.454150,0.019435,0.452517,0.889942,0.056848,-0.043114,-0.041841,0.998194,0,0.59558,1.00000,35.735,2.000,-1,400.000,-1,400.000,-1,325.000,325.000,300.000,300.000,-1,-1,-1,-1,850.000,825.000,-1,-1,2,0,2,0,2,0,0,0,0,2,2,2,2,0,0,2,2
93,-4847.200,2231.371,58.506,29.036,0.874303,-0.484970,0.019944,0.483297,0.873619,0.056688,-0.044915,-0.039924,0.998193,0,0.67558,1.00000,40.535,2.000,-1,400.000,-1,400.000,-1,325.000,325.000,300.000,300.000,-1,-1,-1,-1,850.000,825.000,-1,-1,2,0,2,0,2,0,0,0,0,2,2,2,2,0,0,2,2
94,-4808.355,2254.743,56.238,31.036,0.856819,-0.515204,0.020638,0.513487,0.856229,0.056591,-0.046827,-0.037892,0.998184,0,0.75558,1.00000,45.335,2.000,-1,400.000,-1,400.000,-1,325.000,325.000,300.000,300.000,-1,-1,-1,-1,850.000,825.000,-1,-1,2,0,2,0,2,0,0,0,0,2,2,2,2,0,0,2,2
95,-4766.325,2282.074,53.675,33.036,0.838280,-0.544813,0.021545,0.543037,0.837790,0.056732,-0.048959,-0.035857,0.998157,0,0.83558,1.00000,50.135,2.000,-1,400.000,-1,400.000,-1,325.000,325.000,300.000,300.000,-1,-1,-1,-1,850.000,850.000,-1,-1,2,0,2,0,2,0,0,0,0,2,2,2,2,0,0,2,2
96,-4722.522,2312.786,50.899,35.036,0.818712,-0.573759,0.022627,0.571904,0.818322,0.057234,-0.051354,-0.033917,0.998104,0,0.89162,1.00000,53.497,2.000,-1,400.000,-1,400.000,-1,325.000,325.000,300.000,300.000,-1,-1,-1,-1,850.000,850.000,-1,-1,2,0,2,0,2,0,0,0,0,2,2,2,2,0,0,2,2
97,-4679.817,2345.007,48.033,37.036,0.798139,-0.602008,0.023677,0.600077,0.797852,0.057792,-0.053682,-0.031918,0.998048,0,0.89162,1.00000,53.497,2.000,-1,400.000,-1,400.000,-1,325.000,325.000,300.000,300.000,-1,-1,-1,-1,850.000,875.000,-1,-1,2,0,2,0,2,0,0,0,0,2,2,2,2,0,0,2,2
98,-4641.863,2375.517,45.275,38.796,0.779207,-0.626269,0.024968,0.624265,0.779037,0.058267,-0.055942,-0.029815,0.997989,0,0.81162,0.88000,48.697,1.760,-1,400.000,-1,425.000,-1,325.000,325.000,275.000,300.000,-1,-1,-1,-1,825.000,875.000,-1,-1,2,0,2,0,2,0,0,0,0,2,2,2,2,0,0,2,2
99,-4606.379,2405.626,42.533,40.316,0.762244,-0.646752,0.026392,0.644677,0.762195,0.058742,-0.058107,-0.027762,0.997924,0,0.77561,0.76000,46.537,1.520,-1,400.000,-1,425.000,-1,325.000,325.000,275.000,300.000,-1,-1,-1,-1,825.000,900.000,-1,-1,2,0,2,0,2,0,0,0,0,2,2,2,2,0,0,2,2
100,-4571.576,2436.520,39.709,41.596,0.747521,-0.663651,0.027934,0.661504,0.747597,0.059265,-0.060214,-0.025823,0.997851,0,0.77561,0.64000,46.537,1.280,-1,400.000,-1,425.000,-1,325.000,325.000,275.000,300.000,-1,-1,-1,-1,825.000,900.000,-1,-1,2,0,2,0,2,0,0,0,0,2,2,2,2,0,0,2,2
101,-4537.340,2468.040,36.808,42.636,0.735258,-0.677141,0.029585,0.674920,0.735461,0.059836,-0.062276,-0.024028,0.997770,0,0.77561,0.52000,46.537,1.040,-1,400.000,-1,425.000,-1,325.000,325.000,300.000,300.000,-1,-1,-1,-1,825.000,900.000,-1,-1,2,0,2,0,2,0,0,0,0,2,2,2,2,0,0,2,2
102,-4503.547,2500.036,33.836,43.436,0.725631,-0.687370,0.031336,0.685072,0.725962,0.060456,-0.064305,-0.022401,0.997679,0,0.77561,0.40000,46.537,0.800,-1,400.000,-1,425.000,-1,325.000,325.000,300.000,300.000,-1,-1,-1,-1,800.000,875.000,-1,-1,2,0,2,0,2,0,0,0,0,2,2,2,2,0,0,2,2
103,-4470.069,2532.360,30.733,43.996,0.718792,-0.694450,0.032831,0.692078,0.719228,0.061156,-0.066082,-0.021237,0.997588,0,0.77561,0.28000,46.537,0.560,-1,400.000,-1,425.000,-1,325.000,325.000,300.000,300.000,-1,-1,-1,-1,800.000,875.000,-1,-1,2,0,2,0,2,0,0,0,0,2,2,2,2,0,0,2,2
104,-4436.772,2564.871,27.679,44.316,0.714806,-0.698476,0.034398,0.696069,0.715358,0.061244,-0.067384,-0.019834,0.997530,0,0.77561,0.16000,46.537,0.320,-1,400.000,-1,425.000,-1,325.000,350.000,300.000,300.000,-1,-1,-1,-1,800.000,875.000,-1,-1,2,0,2,0,2,0,0,0,0,2,2,2,2,0,0,2,2
105,-4403.520,2597.428,24.557,44.396,0.713737,-0.699489,0.035984,0.697043,0.714398,0.061372,-0.068636,-0.018721,0.997466,0,0.77561,0.04000,46.537,0.080,-1,400.000,-1,425.000,-1,325.000,350.000,300.000,300.000,-1,-1,-1,-1,800.000,875.000,-1,-1,2,0,2,0,2,0,0,0,0,2,2,2,2,0,0,2,2
106,-4370.177,2629.893,21.370,44.236,0.715597,-0.697502,0.037570,0.695013,0.716359,0.061540,-0.069838,-0.017926,0.997397,0,0.77561,-0.08000,46.537,-0.160,-1,400.000,-1,425.000,-1,325.000,350.000,300.000,300.000,-1,-1,-1,-1,800.000,875.000,-1,-1,2,0,2,0,2,0,0,0,0,2,2,2,2,0,0,2,2
107,-4336.609,2662.124,18.121,43.836,0.720366,-0.692489,0.039140,0.689952,0.721217,0.061747,-0.070987,-0.017476,0.997324,0,0.77561,-0.20000,46.537,-0.400,-1,400.000,-1,425.000,-1,325.000,325.000,300.000,275.000,-1,-1,-1,-1,800.000,850.000,-1,-1,2,0,2,0,2,0,0,0,0,2,2,2,2,0,0,2,2
108,-4302.683,2693.978,14.789,43.196,0.727982,-0.684390,0.040664,0.681789,0.728906,0.062130,-0.072161,-0.017505,0.997239,0,0.77561,-0.32000,46.537,-0.640,-1,400.000,-1,425.000,-1,325.000,325.000,300.000,275.000,-1,-1,-1,-1,800.000,850.000,-1,-1,2,0,2,0,2,0,0,0,0,2,2,2,2,0,0,2,2
109,-4268.272,2725.308,11.377,42.316,0.738347,-0.673105,0.042114,0.670402,0.739321,0.062966,-0.073519,-0.018257,0.997127,0,0.77561,-0.44000,46.537,-0.880,-1,400.000,-1,425.000,-1,325.000,325.000,300.000,275.000,-1,-1,-1,-1,800.000,850.000,-1,-1,2,0,2,0,2,0,0,0,0,2,2,2,2,0,0,2,2
110,-4233.255,2755.959,7.906,41.196,0.751311,-0.658511,0.043521,0.655699,0.752321,0.063821,-0.074769,-0.019413,0.997012,0,0.77561,-0.56000,46.537,-1.120,-1,400.000,-1,425.000,-1,325.000,325.000,300.000,275.000,-1,-1,-1,-1,800.000,825.000,-1,-1,2,0,2,0,2,0,0,0,0,2,2,2,2,0,0,2,2
111,-4197.520,2785.770,4.383,39.836,0.766688,-0.640449,0.044874,0.637519,0.767713,0.064702,-0.075888,-0.020998,0.996895,0,0.77561,-0.68000,46.537,-1.360,-1,400.000,-1,425.000,-1,325.000,325.000,275.000,275.000,-1,-1,-1,-1,800.000,825.000,-1,-1,2,0,2,0,2,0,0,0,0,2,2,2,2,0,0,2,2
112,-4160.973,2814.579,0.812,38.246,0.784131,-0.618876,0.046162,0.615820,0.785152,0.065592,-0.076837,-0.023005,0.996778,0,0.77561,-0.79493,46.537,-1.590,-1,400.000,-1,400.000,-1,325.000,325.000,275.000,275.000,-1,-1,-1,-1,800.000,825.000,-1,-1,2,0,2,0,2,0,0,0,0,2,2,2,2,0,0,2,2
113,-4123.640,2842.363,-2.834,36.656,0.800970,-0.596825,0.047399,0.593655,0.801982,0.066323,-0.077596,-0.024984,0.996672,0,0.77561,-0.79493,46.537,-1.590,-1,400.000,-1,400.000,-1,325.000,325.000,275.000,275.000,-1,-1,-1,-1,800.000,800.000,-1,-1,2,0,2,0,2,0,0,0,0,2,2,2,2,0,0,2,2
114,-4085.550,2869.100,-6.517,35.066,0.817193,-0.574314,0.048579,0.571026,0.818188,0.067065,-0.078263,-0.027065,0.996565,0,0.77561,-0.79493,46.537,-1.590,-1,400.000,-1,400.000,-1,325.000,325.000,275.000,275.000,-1,-1,-1,-1,775.000,800.000,-1,-1,2,0,2,0,2,0,0,0,0,2,2,2,2,0,0,2,2
115,-4046.734,2894.770,-10.229,33.476,0.832787,-0.551359,0.049699,0.547953,0.833756,0.067817,-0.078828,-0.029245,0.996459,0,0.77561,-0.79493,46.537,-1.590,-1,400.000,-1,400.000,-1,325.000,325.000,275.000,275.000,-1,-1,-1,-1,775.000,800.000,-1,-1,2,0,2,0,2,0,0,0,0,2,2,2,2,0,0,2,2
116,-4007.220,2919.354,-13.856,31.887,0.847703,-0.527985,0.051301,0.524458,0.848685,0.068388,-0.079647,-0.031067,0.996339,0,0.77561,-0.79493,46.537,-1.590,-1,400.000,-1,400.000,-1,325.000,325.000,275.000,275.000,-1,-1,-1,-1,775.000,775.000,-1,-1,2,0,2,0,2,0,0,0,0,2,2,2,2,0,0,2,2
117,-3967.039,2942.832,-17.473,30.297,0.861957,-0.504206,0.052973,0.500558,0.862958,0.068887,-0.080446,-0.032861,0.996217,0,0.77561,-0.79493,46.537,-1.590,-1,400.000,-1,400.000,-1,325.000,325.000,275.000,275.000,-1,-1,-1,-1,750.000,775.000,-1,-1,2,0,2,0,2,0,0,0,0,2,2,2,2,0,0,2,2
118,-3930.517,2963.033,-20.734,28.947,0.873537,-0.483712,0.054377,0.479957,0.874549,0.069324,-0.081088,-0.034459,0.996111,0,0.69561,-0.67493,41.737,-1.350,-1,400.000,-1,400.000,-1,325.000,325.000,275.000,275.000,-1,-1,-1,-1,750.000,775.000,-1,-1,2,0,2,0,2,0,0,0,0,2,2,2,2,0,0,2,2
119,-3897.855,2980.282,-23.633,27.837,0.882691,-0.466659,0.055550,0.462812,0.883712,0.069707,-0.081619,-0.035820,0.996020,0,0.61561,-0.55493,36.937,-1.110,-1,400.000,-1,400.000,-1,325.000,325.000,300.000,275.000,-1,-1,-1,-1,750.000,750.000,-1,-1,2,0,2,0,2,0,0,0,0,2,2,2,2,0,0,2,2
120,-3869.213,2994.856,-26.168,26.967,0.889630,-0.453171,0.056522,0.449246,0.890659,0.070037,-0.082081,-0.036915,0.995942,0,0.53561,-0.43493,32.137,-0.870,-1,400.000,-1,400.000,-1,325.000,325.000,300.000,275.000,-1,-1,-1,-1,750.000,750.000,-1,-1,2,0,2,0,2,0,0,0,0,2,2,2,2,0,0,2,2
121,-3844.714,3006.984,-28.360,26.337,0.894527,-0.443338,0.057204,0.439348,0.895556,0.070374,-0.082429,-0.037819,0.995879,0,0.45561,-0.31493,27.337,-0.630,-1,400.000,-1,400.000,-1,325.000,325.000,300.000,275.000,-1,-1,-1,-1,725.000,750.000,-1,-1,2,0,2,0,2,0,0,0,0,2,2,2,2,0,0,2,2
122,-3824.449,3016.846,-30.200,25.948,0.897503,-0.437223,0.057650,0.433181,0.898529,0.070704,-0.082714,-0.038484,0.995830,0,0.37561,-0.19493,22.537,-0.390,-1,400.000,-1,400.000,-1,325.000,325.000,300.000,275.000,-1,-1,-1,-1,725.000,725.000,-1,-1,2,0,2,0,2,0,0,0,0,2,2,2,2,0,0,2,2
123,-3808.480,3024.565,-31.660,25.798,0.898625,-0.434867,0.058003,0.430787,0.899659,0.070967,-0.083044,-0.038786,0.995791,0,0.29561,-0.07493,17.737,-0.150,-1,400.000,-1,400.000,-1,325.000,325.000,300.000,275.000,-1,-1,-1,-1,725.000,725.000,-1,-1,2,0,2,0,2,0,0,0,0,2,2,2,2,0,0,2,2
124,-3796.842,3030.213,-32.735,25.888,0.897921,-0.436283,0.058269,0.432177,0.898976,0.071164,-0.083430,-0.038717,0.995761,0,0.21561,0.04507,12.937,0.090,-1,400.000,-1,400.000,-1,325.000,325.000,300.000,275.000,-1,-1,-1,-1,725.000,725.000,-1,-1,2,0,2,0,2,0,0,0,0,2,2,2,2,0,0,2,2
125,-3789.543,3033.807,-33.382,26.218,0.895386,-0.441461,0.058277,0.437343,0.896457,0.071380,-0.083755,-0.038425,0.995745,0,0.13561,0.16507,8.137,0.330,-1,400.000,-1,400.000,-1,325.000,325.000,300.000,275.000,-1,-1,-1,-1,725.000,725.000,-1,-1,2,0,2,0,2,0,0,0,0,2,2,2,2,0,0,2,2
126,-3786.564,3035.311,-33.640,26.788,0.890942,-0.450371,0.058214,0.446254,0.892043,0.071525,-0.084142,-0.037746,0.995739,0,0.05561,0.28507,3.337,0.570,-1,400.000,-1,400.000,-1,325.000,325.000,300.000,275.000,-1,-1,-1,-1,725.000,725.000,-1,-1,2,0,2,0,2,0,0,0,0,2,2,2,2,0,0,2,2
127,-3787.861,3034.632,-33.504,27.598,0.884476,-0.462957,0.058076,0.458855,0.885621,0.071600,-0.084581,-0.036680,0.995741,0,-0.02439,0.40507,-1.463,0.810,-1,400.000,-1,400.000,-1,325.000,325.000,300.000,275.000,-1,-1,-1,-1,725.000,725.000,-1,-1,2,0,2,0,2,0,0,0,0,2,2,2,2,0,0,2,2
128,-3793.357,3031.629,-32.969,28.648,0.875832,-0.479136,0.057860,0.475062,0.877034,0.071610,-0.085056,-0.035231,0.995753,0,-0.10439,0.52507,-6.263,1.050,-1,400.000,-1,400.000,-1,325.000,325.000,300.000,275.000,-1,-1,-1,-1,725.000,725.000,-1,-1,2,0,2,0,2,0,0,0,0,2,2,2,2,0,0,2,2
129,-3802.944,3026.106,-32.032,29.939,0.864808,-0.498792,0.057558,0.494762,0.866078,0.071557,-0.085541,-0.033405,0.995774,0,-0.18439,0.64507,-11.063,1.290,-1,400.000,-1,400.000,-1,325.000,325.000,300.000,275.000,-1,-1,-1,-1,725.000,725.000,-1,-1,2,0,2,0,2,0,0,0,0,2,2,2,2,0,0,2,2
130,-3816.474,3017.824,-30.688,31.469,0.851164,-0.521778,0.057157,0.517805,0.852510,0.071448,-0.086007,-0.031218,0.995805,0,-0.26439,0.76507,-15.863,1.530,-1,400.000,-1,400.000,-1,325.000,325.000,300.000,275.000,-1,-1,-1,-1,725.000,725.000,-1,-1,2,0,2,0,2,0,0,0,0,2,2,2,2,0,0,2,2
131,-3833.772,3006.519,-28.938,33.163,0.835350,-0.546790,0.056656,0.542888,0.836774,0.071284,-0.086386,-0.028790,0.995846,0,-0.34439,0.84697,-20.663,1.694,-1,400.000,-1,400.000,-1,325.000,325.000,300.000,275.000,-1,-1,-1,-1,725.000,750.000,-1,-1,2,0,2,0,2,0,0,0,0,2,2,2,2,0,0,2,2
132,-3853.113,2993.046,-26.956,34.859,0.818784,-0.571361,0.056023,0.567535,0.820273,0.071107,-0.086582,-0.026426,0.995894,0,-0.39286,0.84825,-23.571,1.697,-1,400.000,-1,400.000,-1,325.000,325.000,275.000,275.000,-1,-1,-1,-1,725.000,750.000,-1,-1,2,0,2,0,2,0,0,0,0,2,2,2,2,0,0,2,2
133,-3872.075,2978.985,-25.001,36.556,0.801500,-0.595440,0.055209,0.591691,0.803034,0.070976,-0.086596,-0.024221,0.995949,0,-0.39344,0.84868,-23.606,1.697,-1,400.000,-1,400.000,-1,325.000,325.000,275.000,275.000,-1,-1,-1,-1,725.000,750.000,-1,-1,2,0,2,0,2,0,0,0,0,2,2,2,2,0,0,2,2
134,-3890.612,2964.368,-23.046,38.254,0.783511,-0.618996,0.054356,0.615324,0.785084,0.070846,-0.086527,-0.022062,0.996005,0,-0.39344,0.84868,-23.606,1.697,-1,400.000,-1,400.000,-1,325.000,325.000,275.000,275.000,-1,-1,-1,-1,725.000,750.000,-1,-1,2,0,2,0,2,0,0,0,0,2,2,2,2,0,0,2,2
135,-3908.708,2949.209,-21.091,39.951,0.764830,-0.642008,0.053485,0.638413,0.766439,0.070711,-0.086390,-0.019936,0.996062,0,-0.39344,0.84868,-23.606,1.697,-1,400.000,-1,400.000,-1,325.000,325.000,275.000,275.000,-1,-1,-1,-1,725.000,775.000,-1,-1,2,0,2,0,2,0,0,0,0,2,2,2,2,0,0,2,2
136,-3926.347,2933.521,-19.030,41.649,0.745433,-0.664459,0.053132,0.660940,0.747121,0.070480,-0.086527,-0.017421,0.996097,0,-0.39344,0.84868,-23.606,1.697,-1,400.000,-1,400.000,-1,325.000,325.000,275.000,275.000,-1,-1,-1,-1,725.000,775.000,-1,-1,2,0,2,0,2,0,0,0,0,2,2,2,2,0,0,2,2
137,-3943.514,2917.317,-16.974,43.346,0.725379,-0.686325,0.052753,0.682881,0.727141,0.070281,-0.086595,-0.014957,0.996131,0,-0.39344,0.84868,-23.606,1.697,-1,400.000,-1,400.000,-1,325.000,325.000,275.000,275.000,-1,-1,-1,-1,725.000,775.000,-1,-1,2,0,2,0,2,0,0,0,0,2,2,2,2,0,0,2,2
138,-3960.193,2900.611,-14.924,45.043,0.704686,-0.707586,0.052347,0.704215,0.706516,0.070116,-0.086597,-0.012546,0.996164,0,-0.39344,0.84868,-23.606,1.697,-1,400.000,-1,400.000,-1,325.000,325.000,275.000,275.000,-1,-1,-1,-1,750.000,775.000,-1,-1,2,0,2,0,2,0,0,0,0,2,2,2,2,0,0,2,2
139,-3976.370,2883.419,-12.881,46.741,0.683373,-0.728222,0.051912,0.724923,0.685266,0.069983,-0.086537,-0.010192,0.996197,0,-0.39344,0.84868,-23.606,1.697,-1,400.000,-1,400.000,-1,325.000,325.000,275.000,275.000,-1,-1,-1,-1,750.000,775.000,-1,-1,2,0,2,0,2,0,0,0,0,2,2,2,2,0,0,2,2
