timestep,x_cm,y_cm,z_cm,yaw_deg,basis_xx,basis_xy,basis_xz,basis_yx,basis_yy,basis_yz,basis_zx,basis_zy,basis_zz,teleport_flag,throttle_cmd,steering_cmd,cmd_move_cm,cmd_turn_deg,lidar_cm_0,lidar_cm_1,lidar_cm_2,lidar_cm_3,lidar_cm_4,lidar_cm_5,lidar_cm_6,lidar_cm_7,lidar_cm_8,lidar_cm_9,lidar_cm_10,lidar_cm_11,lidar_cm_12,lidar_cm_13,lidar_cm_14,lidar_cm_15,lidar_cm_16,lidar_class_0,lidar_class_1,lidar_class_2,lidar_class_3,lidar_class_4,lidar_class_5,lidar_class_6,lidar_class_7,lidar_class_8,lidar_class_9,lidar_class_10,lidar_class_11,lidar_class_12,lidar_class_13,lidar_class_14,lidar_class_15,lidar_class_16
0,1644.616,-4919.931,-109.537,-5.329,0.993444,0.092853,-0.066681,-0.094075,0.995446,-0.015413,0.064946,0.021585,0.997655,1,0.08000,0.12000,4.800,0.240,-1,375.000,675.000,425.000,775.000,325.000,325.000,300.000,300.000,-1,-1,-1,-1,525.000,525.000,1000.000,650.000,2,1,1,1,1,0,0,0,0,2,2,2,2,1,1,1,1
1,1654.181,-4920.743,-108.906,-4.849,0.994232,0.084511,-0.066034,-0.085718,0.996196,-0.015656,0.064460,0.021226,0.997695,0,0.16000,0.24000,9.600,0.480,-1,375.000,650.000,400.000,750.000,325.000,325.000,300.000,300.000,-1,-1,-1,-1,525.000,525.000,-1,625.000,2,1,1,1,1,0,0,0,0,2,2,2,2,1,1,2,1
2,1668.544,-4921.780,-107.955,-4.129,0.995281,0.071987,-0.065064,-0.073170,0.997191,-0.015987,0.063730,0.020673,0.997753,0,0.24000,0.36000,14.400,0.720,-1,375.000,625.000,400.000,700.000,325.000,325.000,300.000,300.000,-1,-1,-1,-1,500.000,500.000,-1,600.000,2,1,1,1,1,0,0,0,0,2,2,2,2,1,1,2,1
3,1687.714,-4922.842,-106.680,-3.169,0.996433,0.055270,-0.063771,-0.056420,0.998273,-0.016366,0.062756,0.019905,0.997830,0,0.32000,0.48000,19.200,0.960,-1,375.000,600.000,375.000,650.000,325.000,325.000,300.000,325.000,-1,-1,-1,-1,500.000,475.000,-1,575.000,2,1,1,1,1,1,1,0,0,2,2,2,2,1,1,2,1
4,1711.699,-4923.667,-105.073,-1.969,0.997475,0.034353,-0.062160,-0.035456,0.999231,-0.016739,0.061537,0.018900,0.997926,0,0.40000,0.60000,24.000,1.200,-1,350.000,575.000,350.000,600.000,300.000,325.000,300.000,325.000,-1,-1,-1,-1,475.000,450.000,-1,525.000,2,1,1,1,1,1,1,0,0,2,2,2,2,1,1,2,1
5,1740.497,-4924.040,-103.131,-0.742,0.998101,0.012948,-0.060227,-0.014001,0.999756,-0.017088,0.059991,0.017899,0.998038,0,0.48000,0.61349,28.800,1.227,-1,350.000,550.000,325.000,550.000,300.000,300.000,300.000,325.000,-1,-1,-1,-1,475.000,425.000,-1,475.000,2,1,1,1,1,1,1,0,0,2,2,2,2,1,1,2,1
6,1774.095,-4923.759,-100.849,0.480,0.998283,-0.008372,-0.057978,0.007375,0.999822,-0.017377,0.058113,0.016919,0.998167,0,0.56000,0.61088,33.600,1.222,-1,325.000,500.000,300.000,500.000,275.000,275.000,325.000,325.000,-1,-1,-1,-1,450.000,400.000,-1,425.000,2,1,1,1,1,1,1,0,0,2,2,2,2,1,1,2,1
7,1812.478,-4922.623,-98.225,1.696,0.998025,-0.029590,-0.055420,0.028657,0.999435,-0.017563,0.055909,0.015940,0.998309,0,0.64000,0.60806,38.400,1.216,-1,300.000,475.000,275.000,425.000,250.000,250.000,325.000,325.000,-1,-1,-1,-1,450.000,350.000,-1,375.000,2,1,1,1,1,1,1,0,0,2,2,2,2,1,1,2,1
8,1855.622,-4920.433,-95.255,2.906,0.997330,-0.050687,-0.052565,0.049824,0.998603,-0.017603,0.053383,0.014937,0.998462,0,0.72000,0.60493,43.200,1.210,-1,300.000,450.000,250.000,375.000,250.000,225.000,325.000,325.000,-1,-1,-1,-1,425.000,325.000,-1,325.000,2,1,1,1,1,1,1,0,0,2,2,2,2,1,1,2,1
9,1903.498,-4916.995,-91.933,4.109,0.996205,-0.071639,-0.049421,0.070855,0.997334,-0.017452,0.050540,0.013884,0.998626,0,0.80000,0.60142,48.000,1.203,-1,275.000,400.000,225.000,300.000,225.000,200.000,325.000,325.000,-1,-1,-1,-1,400.000,275.000,-1,275.000,2,1,1,1,1,1,1,0,0,2,2,2,2,1,1,2,1
10,1956.072,-4912.115,-87.704,5.303,0.994509,-0.092424,-0.049084,0.091777,0.995662,-0.015277,0.050283,0.010688,0.998678,0,0.88000,0.59741,52.800,1.195,-1,250.000,350.000,200.000,225.000,200.000,175.000,325.000,350.000,-1,-1,-1,-1,375.000,250.000,-1,200.000,2,1,1,1,1,1,1,0,0,2,2,2,2,1,1,2,1
11,2013.307,-4905.609,-76.997,6.489,0.990864,-0.112999,-0.073619,0.113741,0.993493,0.005948,0.072468,-0.014267,0.997269,0,0.96000,0.59277,57.600,1.186,-1,250.000,400.000,175.000,225.000,200.000,175.000,300.000,425.000,-1,-1,-1,-1,425.000,225.000,-1,200.000,2,1,1,1,1,1,1,0,0,2,2,2,2,1,1,2,1
12,2072.777,-4897.607,-64.467,7.664,0.985431,-0.133277,-0.105658,0.136132,0.990484,0.020248,0.101954,-0.034336,0.994196,0,1.00000,0.58733,60.000,1.175,-1,300.000,475.000,175.000,225.000,225.000,175.000,300.000,500.000,-1,25.000,325.000,-1,-1,225.000,-1,200.000,2,1,1,1,1,1,1,0,0,2,0,0,2,2,1,2,1
13,2132.075,-4888.397,-52.263,8.826,0.978637,-0.153188,-0.137122,0.159289,0.986625,0.034625,0.129984,-0.055727,0.989949,0,1.00000,0.58098,60.000,1.162,-1,350.000,-1,175.000,225.000,225.000,175.000,300.000,600.000,-1,25.000,125.000,-1,-1,250.000,-1,200.000,2,1,2,1,1,1,1,0,1,2,0,0,2,2,1,2,1
14,4263.566,4919.493,-231.867,25.638,0.898378,-0.432620,0.075871,0.432629,0.901409,0.017175,-0.075821,0.017394,0.996970,1,0.00000,0.00000,60.000,1.147,-1,375.000,-1,375.000,-1,300.000,300.000,350.000,325.000,700.000,400.000,475.000,-1,675.000,650.000,-1,-1,2,0,2,0,2,0,0,0,0,1,1,1,2,0,0,2,2
15,4267.885,4921.588,-232.236,25.878,0.896568,-0.436390,0.075689,0.436411,0.899584,0.017135,-0.075567,0.017669,0.996984,0,0.08000,0.12000,4.800,0.240,-1,375.000,-1,375.000,-1,300.000,300.000,350.000,325.000,700.000,400.000,475.000,-1,675.000,650.000,-1,-1,2,0,2,0,2,0,0,0,0,1,1,1,2,0,0,2,2
16,4276.487,4925.851,-232.971,26.358,0.892901,-0.443906,0.075327,0.443952,0.895888,0.017055,-0.075056,0.018214,0.997013,0,0.16000,0.24000,9.600,0.480,-1,375.000,-1,375.000,-1,300.000,300.000,350.000,325.000,700.000,400.000,500.000,-1,700.000,650.000,-1,-1,2,0,2,0,2,0,0,0,0,1,1,1,2,0,0,2,2
17,4289.308,4932.406,-234.070,27.078,0.887283,-0.455122,0.074787,0.455205,0.890226,0.016929,-0.074282,0.019023,0.997056,0,0.24000,0.36000,14.400,0.720,-1,375.000,-1,375.000,-1,300.000,300.000,350.000,325.000,700.000,425.000,525.000,-1,700.000,650.000,-1,-1,2,0,2,0,2,0,0,0,0,1,1,1,2,0,0,2,2
18,4306.255,4941.431,-235.530,28.038,0.879572,-0.469964,0.074073,0.470095,0.882457,0.016750,-0.073238,0.020088,0.997112,0,0.32000,0.48000,19.200,0.960,-1,375.000,-1,375.000,-1,300.000,300.000,350.000,325.000,700.000,450.000,550.000,-1,700.000,650.000,-1,-1,2,0,2,0,2,0,0,0,0,1,1,1,2,0,0,2,2
19,4327.197,4953.154,-237.344,29.238,0.869585,-0.488328,0.073192,0.488518,0.872398,0.016507,-0.071913,0.021401,0.997181,0,0.40000,0.60000,24.000,1.200,-1,375.000,-1,375.000,-1,300.000,300.000,350.000,300.000,700.000,475.000,575.000,-1,700.000,650.000,-1,-1,2,0,2,0,2,0,0,0,0,1,1,1,2,0,0,2,2
20,4351.966,4967.848,-239.515,30.678,0.857091,-0.510079,0.072203,0.510341,0.859820,0.016171,-0.070330,0.022988,0.997259,0,0.48000,0.72000,28.800,1.440,-1,375.000,-1,375.000,-1,300.000,300.000,350.000,300.000,725.000,525.000,625.000,-1,700.000,650.000,-1,-1,2,0,2,0,2,0,0,0,0,1,1,1,2,0,0,2,2
21,4380.348,4985.831,-242.085,32.358,0.841806,-0.535041,0.071366,0.535398,0.844455,0.015646,-0.068637,0.025038,0.997327,0,0.56000,0.84000,33.600,1.680,-1,375.000,-1,375.000,-1,300.000,300.000,350.000,300.000,725.000,550.000,675.000,-1,700.000,650.000,-1,-1,2,0,2,0,2,0,0,0,0,1,1,1,2,0,0,2,2
22,4409.286,5005.556,-244.562,34.278,0.823436,-0.563009,0.070525,0.563423,0.826018,0.015781,-0.067140,0.026741,0.997385,0,0.58370,0.96000,35.022,1.920,-1,375.000,-1,375.000,-1,300.000,300.000,350.000,300.000,725.000,625.000,725.000,-1,700.000,650.000,-1,-1,2,0,2,0,2,0,0,0,0,1,1,1,2,0,0,2,2
23,4438.015,5026.643,-246.854,36.278,0.803314,-0.591477,0.069583,0.591893,0.805843,0.016697,-0.065949,0.027773,0.997436,0,0.59395,1.00000,35.637,2.000,-1,375.000,-1,375.000,-1,300.000,300.000,350.000,300.000,750.000,675.000,-1,-1,700.000,650.000,-1,-1,2,0,2,0,2,0,0,0,0,1,1,2,2,0,0,2,2
24,4466.474,5049.102,-249.128,38.278,0.782226,-0.619225,0.068431,0.619638,0.784691,0.017572,-0.064578,0.028657,0.997501,0,0.60423,1.00000,36.254,2.000,-1,375.000,-1,375.000,-1,300.000,300.000,350.000,300.000,750.000,725.000,-1,-1,700.000,650.000,-1,-1,2,0,2,0,2,0,0,0,0,1,1,2,2,0,0,2,2
25,4494.595,5072.933,-251.378,40.278,0.760199,-0.646219,0.067074,0.646626,0.762586,0.018379,-0.063027,0.029400,0.997579,0,0.61436,1.00000,36.861,2.000,-1,375.000,-1,375.000,-1,300.000,300.000,350.000,300.000,775.000,800.000,-1,-1,700.000,650.000,-1,-1,2,0,2,0,2,0,0,0,0,1,1,2,2,0,0,2,2
26,4522.311,5098.133,-253.546,42.278,0.737276,-0.672431,0.065274,0.672819,0.739559,0.019138,-0.061143,0.029807,0.997684,0,0.62432,1.00000,37.459,2.000,-1,375.000,-1,375.000,-1,300.000,300.000,325.000,300.000,775.000,875.000,-1,-1,700.000,650.000,-1,-1,2,0,2,0,2,0,0,0,0,1,1,2,2,0,0,2,2
27,4549.550,5124.695,-255.583,44.278,0.713499,-0.697833,0.062834,0.698185,0.715643,0.019826,-0.058802,0.029724,0.997827,0,0.63411,1.00000,38.047,2.000,-1,375.000,-1,375.000,-1,300.000,300.000,325.000,300.000,800.000,950.000,-1,-1,700.000,650.000,-1,-1,2,0,2,0,2,0,0,0,0,1,1,2,2,0,0,2,2
28,4576.244,5152.607,-257.620,46.278,0.688848,-0.722385,0.060399,0.722708,0.690855,0.020316,-0.056403,0.029656,0.997968,0,0.64371,1.00000,38.622,2.000,-1,375.000,-1,375.000,-1,300.000,300.000,325.000,300.000,800.000,-1,-1,-1,700.000,675.000,-1,-1,2,0,2,0,2,0,0,0,0,1,2,2,2,0,0,2,2
29,4602.322,5181.855,-259.678,48.278,0.663352,-0.746059,0.057966,0.746353,0.665226,0.020755,-0.054045,0.029495,0.998103,0,0.65310,1.00000,39.186,2.000,-1,375.000,-1,375.000,-1,300.000,300.000,325.000,300.000,825.000,-1,-1,-1,700.000,675.000,-1,-1,2,0,2,0,2,0,0,0,0,1,2,2,2,0,0,2,2
30,4627.716,5212.418,-261.728,50.278,0.637041,-0.768824,0.055570,0.769097,0.638786,0.021010,-0.051650,0.029355,0.998234,0,0.66227,1.00000,39.736,2.000,-1,375.000,-1,375.000,-1,300.000,300.000,325.000,300.000,850.000,-1,-1,-1,700.000,675.000,-1,-1,2,0,2,0,2,0,0,0,0,1,2,2,2,0,0,2,2
31,4652.355,5244.274,-263.763,52.278,0.609948,-0.790651,0.053233,0.790911,0.611568,0.021080,-0.049222,0.029245,0.998360,0,0.67122,1.00000,40.273,2.000,-1,375.000,-1,375.000,-1,300.000,300.000,325.000,300.000,850.000,-1,-1,-1,700.000,675.000,-1,-1,2,0,2,0,2,0,0,0,0,1,2,2,2,0,0,2,2
32,4676.173,5277.394,-265.748,54.278,0.582094,-0.811512,0.051134,0.811770,0.583601,0.020982,-0.046869,0.029296,0.998471,0,0.67992,1.00000,40.795,2.000,-1,375.000,-1,375.000,-1,300.000,300.000,325.000,300.000,875.000,-1,-1,-1,725.000,675.000,-1,-1,2,0,2,0,2,0,0,0,0,1,2,2,2,0,0,2,2
33,4699.103,5311.747,-267.616,56.278,0.553495,-0.831374,0.049616,0.831647,0.554916,0.020773,-0.044803,0.029765,0.998552,0,0.68839,1.00000,41.303,2.000,-1,375.000,-1,375.000,-1,300.000,300.000,325.000,300.000,900.000,-1,-1,-1,725.000,675.000,-1,-1,2,0,2,0,2,0,0,0,0,1,2,2,2,0,0,2,2
34,4721.078,5347.299,-269.540,58.278,0.524217,-0.850213,0.048314,0.850525,0.525551,0.020098,-0.042479,0.030556,0.998630,0,0.69659,1.00000,41.796,2.000,-1,375.000,-1,375.000,-1,300.000,300.000,325.000,300.000,925.000,-1,-1,-1,725.000,700.000,-1,-1,2,0,2,0,2,0,0,0,0,1,2,2,2,0,0,2,2
35,4742.036,5384.010,-271.433,60.278,0.494296,-0.868015,0.047127,0.868366,0.495547,0.019353,-0.040152,0.031358,0.998701,0,0.70454,1.00000,42.273,2.000,-1,375.000,-1,375.000,-1,300.000,300.000,325.000,300.000,950.000,-1,-1,-1,725.000,700.000,-1,-1,2,0,2,0,2,0,0,0,0,1,2,2,2,0,0,2,2
36,4764.107,5425.587,-273.419,62.038,0.467483,-0.882814,0.045809,0.883189,0.468648,0.018631,-0.037916,0.031748,0.998776,0,0.78454,0.88000,47.073,1.760,-1,375.000,-1,375.000,-1,300.000,300.000,325.000,300.000,975.000,-1,-1,-1,725.000,700.000,-1,-1,2,0,2,0,2,0,0,0,0,1,2,2,2,0,0,2,2
37,4785.547,5468.699,-275.325,63.558,0.443981,-0.894934,0.044434,0.895318,0.445065,0.017982,-0.035869,0.031799,0.998850,0,0.80248,0.76000,48.149,1.520,-1,375.000,-1,375.000,-1,300.000,300.000,325.000,300.000,-1,-1,-1,-1,725.000,700.000,-1,-1,2,0,2,0,2,0,0,0,0,2,2,2,2,0,0,2,2
38,4806.205,5512.675,-277.135,64.838,0.423957,-0.904658,0.043061,0.905042,0.424965,0.017410,-0.034050,0.031591,0.998921,0,0.80978,0.64000,48.587,1.280,-1,375.000,-1,375.000,-1,325.000,300.000,325.000,300.000,-1,-1,-1,-1,725.000,700.000,-1,-1,2,0,2,0,2,0,0,0,0,2,2,2,2,0,0,2,2
39,4826.233,5557.402,-278.857,65.878,0.407540,-0.912235,0.041694,0.912610,0.408481,0.016904,-0.032451,0.031162,0.998987,0,0.81677,0.52000,49.006,1.040,-1,375.000,-1,375.000,-1,325.000,300.000,325.000,300.000,-1,-1,-1,-1,725.000,700.000,-1,-1,2,0,2,0,2,0,0,0,0,2,2,2,2,0,0,2,2
40,4845.796,5602.779,-280.357,66.678,0.394832,-0.917881,0.040034,0.918214,0.395718,0.017025,-0.031469,0.030038,0.999053,0,0.82357,0.40000,49.414,0.800,-1,375.000,-1,375.000,-1,325.000,300.000,325.000,300.000,-1,-1,-1,-1,725.000,700.000,-1,-1,2,0,2,0,2,0,0,0,0,2,2,2,2,0,0,2,2
41,4865.071,5648.717,-281.821,67.238,0.385907,-0.921735,0.038477,0.922032,0.386741,0.017009,-0.030559,0.028913,0.999115,0,0.83030,0.28000,49.818,0.560,-1,375.000,-1,375.000,-1,325.000,300.000,325.000,300.000,-1,-1,-1,-1,725.000,700.000,-1,-1,2,0,2,0,2,0,0,0,0,2,2,2,2,0,0,2,2
42,4884.748,5696.358,-283.290,67.558,0.380815,-0.923910,0.037004,0.924174,0.381599,0.016848,-0.029687,0.027782,0.999173,0,0.85908,0.16000,51.545,0.320,-1,375.000,-1,375.000,-1,325.000,300.000,325.000,300.000,-1,-1,-1,-1,725.000,700.000,-1,-1,2,0,2,0,2,0,0,0,0,2,2,2,2,0,0,2,2
43,4904.453,5744.256,-284.721,67.638,0.379584,-0.924469,0.035670,0.924707,0.380320,0.016548,-0.028864,0.026703,0.999227,0,0.86322,0.04000,51.793,0.080,-1,375.000,-1,375.000,-1,325.000,300.000,325.000,300.000,-1,600.000,-1,-1,725.000,700.000,-1,-1,2,0,2,0,2,0,0,0,0,2,0,2,2,0,0,2,2
44,4924.389,5792.333,-286.140,67.478,0.382224,-0.923431,0.034358,0.923645,0.382911,0.016072,-0.027998,0.025592,0.999280,0,0.86745,-0.08000,52.047,-0.160,-1,375.000,-1,375.000,-1,325.000,300.000,325.000,300.000,-1,625.000,-1,-1,725.000,700.000,-1,-1,2,0,2,0,2,0,0,0,0,2,0,2,2,0,0,2,2
45,4944.640,5840.567,-287.530,67.225,0.386354,-0.921756,0.033101,0.921956,0.386989,0.015368,-0.026975,0.024580,0.999334,0,0.87188,-0.12634,52.313,-0.253,-1,375.000,-1,375.000,-1,325.000,300.000,325.000,300.000,-1,625.000,-1,-1,725.000,700.000,-1,-1,2,0,2,0,2,0,0,0,0,2,0,2,2,0,0,2,2
46,4965.232,5888.958,-288.855,66.948,0.390869,-0.919888,0.032053,0.920085,0.391454,0.014414,-0.025806,0.023857,0.999382,0,0.87651,-0.13870,52.591,-0.277,-1,375.000,-1,375.000,-1,325.000,300.000,325.000,300.000,-1,625.000,-1,-1,725.000,700.000,-1,-1,2,0,2,0,2,0,0,0,0,2,0,2,2,0,0,2,2
47,4986.073,5937.265,-290.156,66.664,0.395476,-0.917950,0.031092,0.918145,0.396015,0.013447,-0.024657,0.023229,0.999426,0,0.87685,-0.14201,52.611,-0.284,-1,375.000,-1,375.000,-1,325.000,325.000,325.000,300.000,-1,625.000,750.000,-1,725.000,725.000,-1,-1,2,0,2,0,2,0,0,0,0,2,0,0,2,0,0,2,2
48,5007.147,5985.448,-291.429,66.376,0.400131,-0.915960,0.030215,0.916156,0.400629,0.012480,-0.023536,0.022688,0.999466,0,0.87650,-0.14397,52.590,-0.288,-1,400.000,-1,375.000,-1,325.000,325.000,325.000,300.000,-1,625.000,750.000,-1,725.000,725.000,-1,-1,2,0,2,0,2,0,0,0,0,2,0,0,2,0,0,2,2
49,5028.456,6033.498,-292.663,66.085,0.404829,-0.913920,0.029401,0.914116,0.405288,0.011554,-0.022475,0.022198,0.999501,0,0.87605,-0.14575,52.563,-0.292,-1,400.000,-1,375.000,-1,325.000,325.000,325.000,300.000,-1,625.000,750.000,-1,725.000,725.000,-1,-1,2,0,2,0,2,0,0,0,0,2,0,0,2,0,0,2,2
50,5049.998,6081.408,-293.890,65.790,0.409568,-0.911840,0.028330,0.912024,0.409991,0.010925,-0.021577,0.021363,0.999539,0,0.87550,-0.14735,52.530,-0.295,-1,400.000,-1,375.000,-1,325.000,325.000,325.000,300.000,-1,625.000,750.000,-1,725.000,725.000,-1,-1,2,0,2,0,2,0,0,0,0,2,0,0,2,0,0,2,2
51,5071.772,6129.171,-295.095,65.492,0.414337,-0.909715,0.027279,0.909886,0.414728,0.010417,-0.020790,0.020504,0.999574,0,0.87486,-0.14876,52.492,-0.298,-1,400.000,-1,375.000,-1,325.000,325.000,325.000,300.000,-1,625.000,750.000,-1,725.000,725.000,-1,-1,2,0,2,0,2,0,0,0,0,2,0,0,2,0,0,2,2
52,5093.778,6176.780,-296.254,65.192,0.419130,-0.907545,0.026307,0.907705,0.419491,0.009918,-0.020037,0.019722,0.999605,0,0.87415,-0.14999,52.449,-0.300,-1,400.000,-1,375.000,-1,325.000,325.000,325.000,325.000,-1,625.000,750.000,-1,725.000,725.000,-1,-1,2,0,2,0,2,0,0,0,0,2,0,0,2,0,0,2,2
53,5116.016,6224.229,-297.366,64.890,0.423941,-0.905333,0.025414,0.905484,0.424276,0.009427,-0.019318,0.019016,0.999633,0,0.87337,-0.15103,52.402,-0.302,-1,400.000,-1,375.000,-1,325.000,325.000,325.000,325.000,-1,650.000,750.000,-1,725.000,725.000,-1,-1,2,0,2,0,2,0,0,0,0,2,0,0,2,0,0,2,2
54,5138.482,6271.515,-298.431,64.587,0.428764,-0.903082,0.024603,0.903225,0.429075,0.008943,-0.018633,0.018388,0.999657,0,0.87253,-0.15189,52.352,-0.304,-1,375.000,-1,375.000,1000.000,325.000,325.000,325.000,325.000,-1,650.000,750.000,-1,725.000,725.000,-1,-1,2,0,2,0,1,0,0,0,0,2,0,0,2,0,0,2,2
55,5161.915,6320.230,-299.480,64.312,0.433113,-0.901024,0.023855,0.901161,0.433402,0.008449,-0.017951,0.017838,0.999680,0,0.90096,-0.13729,54.058,-0.275,-1,375.000,-1,375.000,975.000,325.000,325.000,325.000,325.000,-1,675.000,775.000,-1,700.000,725.000,-1,-1,2,0,2,0,1,0,0,0,0,2,0,0,2,0,0,2,2
56,5185.665,6368.986,-300.482,64.028,0.437599,-0.898871,0.023191,0.899004,0.437869,0.007957,-0.017307,0.017367,0.999699,0,0.90388,-0.14207,54.233,-0.284,-1,375.000,-1,375.000,950.000,325.000,325.000,325.000,325.000,-1,675.000,775.000,-1,700.000,725.000,-1,-1,2,0,2,0,1,0,0,0,0,2,0,0,2,0,0,2,2
57,5209.738,6417.765,-301.411,63.734,0.442223,-0.896617,0.022729,0.896748,0.442477,0.007493,-0.016775,0.017069,0.999714,0,0.90660,-0.14699,54.396,-0.294,-1,375.000,-1,375.000,925.000,325.000,325.000,325.000,325.000,-1,700.000,800.000,-1,700.000,725.000,-1,-1,2,0,2,0,1,0,0,0,0,2,0,0,2,0,0,2,2
58,5234.136,6466.551,-302.324,63.430,0.446981,-0.894255,0.022731,0.894391,0.447229,0.007108,-0.016523,0.017154,0.999716,0,0.90911,-0.15206,54.547,-0.304,-1,375.000,-1,375.000,900.000,300.000,300.000,325.000,325.000,-1,725.000,825.000,-1,700.000,725.000,-1,-1,2,0,2,0,1,0,0,0,0,2,0,0,2,0,0,2,2
59,5258.864,6515.324,-303.077,63.115,0.451891,-0.891775,0.023052,0.891933,0.452127,0.006037,-0.015806,0.017832,0.999716,0,0.91139,-0.15727,54.683,-0.315,-1,375.000,-1,375.000,875.000,300.000,300.000,325.000,325.000,-1,750.000,825.000,-1,700.000,700.000,-1,-1,2,0,2,0,1,0,0,0,0,2,0,0,2,0,0,2,2
60,5283.676,6563.112,-303.768,62.561,0.460510,-0.887346,0.023408,0.887527,0.460730,0.004809,-0.015053,0.018561,0.999714,0,0.89743,-0.27727,53.846,-0.555,-1,375.000,-1,375.000,825.000,300.000,300.000,325.000,325.000,-1,775.000,825.000,-1,700.000,700.000,-1,-1,2,0,2,0,1,0,0,0,0,2,0,0,2,0,0,2,2
61,5309.206,6610.657,-304.447,61.766,0.472781,-0.880861,0.023723,0.881063,0.472985,0.003547,-0.014345,0.019225,0.999712,0,0.89943,-0.39727,53.966,-0.795,-1,375.000,-1,375.000,800.000,300.000,300.000,325.000,325.000,-1,800.000,800.000,-1,700.000,700.000,-1,-1,2,0,2,0,1,0,0,0,0,2,0,0,2,0,0,2,2
62,5335.650,6657.841,-305.181,60.732,0.488630,-0.872174,0.023517,0.872387,0.488810,0.002263,-0.013469,0.019410,0.999721,0,0.90148,-0.51727,54.089,-1.035,-1,375.000,-1,375.000,750.000,300.000,300.000,325.000,325.000,-1,775.000,800.000,-1,700.000,700.000,-1,-1,2,0,2,0,1,0,0,0,0,2,0,0,2,0,0,2,2
63,5363.203,6704.536,-305.888,59.457,0.507930,-0.861084,0.023267,0.861304,0.508088,0.001020,-0.012700,0.019522,0.999729,0,0.90364,-0.63727,54.218,-1.275,-1,375.000,-1,375.000,725.000,300.000,300.000,325.000,325.000,-1,800.000,775.000,-1,675.000,700.000,-1,-1,2,0,2,0,1,0,0,0,0,2,0,0,2,0,0,2,2
64,5392.054,6750.606,-306.556,57.942,0.530536,-0.847354,0.022864,0.847579,0.530670,-0.000262,-0.011911,0.019518,0.999739,0,0.90597,-0.75727,54.358,-1.515,-1,375.000,-1,375.000,675.000,300.000,300.000,325.000,325.000,-1,800.000,750.000,-1,675.000,725.000,-1,-1,2,0,2,0,1,0,0,0,0,2,0,0,2,0,0,2,2
65,5422.388,6795.897,-307.137,56.188,0.556263,-0.830714,0.022059,0.830934,0.556368,-0.001593,-0.010950,0.019216,0.999755,0,0.90852,-0.87727,54.511,-1.755,-1,375.000,-1,375.000,625.000,300.000,300.000,325.000,325.000,-1,775.000,700.000,-1,675.000,725.000,-1,-1,2,0,2,0,1,0,0,0,0,2,0,0,2,0,1,2,2
66,5454.379,6840.242,-307.722,54.193,0.584867,-0.810850,0.021256,0.811066,0.584947,-0.002914,-0.010071,0.018944,0.999770,0,0.91133,-0.99727,54.680,-1.995,-1,375.000,-1,375.000,575.000,300.000,325.000,300.000,325.000,-1,775.000,675.000,-1,675.000,700.000,-1,-1,2,0,2,0,1,0,0,0,0,2,0,0,2,0,1,2,2
67,5488.013,6883.593,-308.301,52.193,0.612836,-0.789945,0.020451,0.790156,0.612891,-0.004210,-0.009208,0.018740,0.999782,0,0.91447,-1.00000,54.868,-2.000,-1,375.000,-1,375.000,550.000,300.000,325.000,300.000,325.000,-1,775.000,650.000,-1,675.000,675.000,-1,-1,2,0,2,0,1,0,0,0,0,2,0,0,2,0,1,2,2
68,5523.261,6925.889,-308.873,50.193,0.640057,-0.768076,0.019651,0.768282,0.640088,-0.005481,-0.008368,0.018605,0.999792,0,0.91763,-1.00000,55.058,-2.000,-1,375.000,-1,400.000,500.000,325.000,325.000,300.000,325.000,-1,775.000,650.000,-1,675.000,650.000,-1,675.000,2,0,2,0,1,0,0,0,0,2,0,0,2,0,1,2,1
69,5560.089,6967.069,-309.360,48.193,0.666489,-0.745266,0.019252,0.745474,0.666501,-0.006746,-0.007804,0.018848,0.999792,0,0.92077,-1.00000,55.246,-2.000,-1,375.000,-1,400.000,450.000,325.000,325.000,300.000,325.000,-1,825.000,650.000,-1,675.000,650.000,-1,575.000,2,0,2,0,1,0,0,0,0,2,0,0,2,0,1,2,1
70,5598.462,7007.075,-309.826,46.193,0.692094,-0.721547,0.019385,0.721763,0.692099,-0.007522,-0.007989,0.019197,0.999784,0,0.92390,-1.00000,55.434,-2.000,-1,375.000,-1,400.000,400.000,325.000,325.000,300.000,325.000,-1,900.000,675.000,-1,675.000,625.000,-1,500.000,2,0,2,0,1,0,0,0,0,2,0,0,2,0,1,2,1
71,5638.340,7045.846,-310.300,44.193,0.716856,-0.696948,0.019524,0.697173,0.716854,-0.008379,-0.008156,0.019618,0.999774,0,0.92698,-1.00000,55.619,-2.000,-1,375.000,-1,375.000,350.000,325.000,325.000,300.000,325.000,-1,1000.000,725.000,-1,675.000,600.000,-1,450.000,2,0,2,1,1,0,0,0,0,2,0,0,2,0,1,2,1
72,5679.681,7083.323,-310.829,42.193,0.740746,-0.671496,0.019678,0.671735,0.740730,-0.009539,-0.008171,0.020284,0.999761,0,0.93000,-1.00000,55.800,-2.000,-1,375.000,-1,350.000,325.000,325.000,325.000,300.000,325.000,-1,-1,750.000,-1,675.000,575.000,-1,375.000,2,0,2,1,1,0,0,0,0,2,2,0,2,0,1,2,1
73,5722.440,7119.449,-311.360,40.193,0.763734,-0.645227,0.019813,0.645479,0.763702,-0.010753,-0.008194,0.021001,0.999746,0,0.93294,-1.00000,55.976,-2.000,-1,375.000,-1,350.000,275.000,325.000,325.000,300.000,325.000,-1,-1,800.000,-1,675.000,550.000,-1,325.000,2,0,2,1,1,0,1,0,0,2,2,0,2,0,1,2,1
74,5766.566,7154.165,-311.777,38.193,0.785796,-0.618164,0.019925,0.618435,0.785734,-0.012626,-0.007851,0.022244,0.999722,0,0.93576,-1.00000,56.146,-2.000,-1,375.000,-1,325.000,225.000,325.000,300.000,300.000,325.000,-1,-1,825.000,-1,675.000,525.000,-1,275.000,2,0,2,1,1,0,1,0,0,2,2,0,2,0,1,2,1
75,5812.008,7187.415,-312.171,36.193,0.806903,-0.590347,0.019967,0.590638,0.806803,-0.014681,-0.007443,0.023640,0.999693,0,0.93845,-1.00000,56.307,-2.000,-1,375.000,-1,300.000,175.000,325.000,300.000,300.000,300.000,-1,-1,825.000,-1,675.000,500.000,-1,225.000,2,0,2,1,1,0,1,0,0,2,2,0,2,0,1,2,1
76,5858.708,7219.142,-308.549,34.193,0.827163,-0.561959,0.001557,0.561940,0.827104,-0.011025,0.004908,0.009994,0.999938,0,0.94097,-1.00000,56.458,-2.000,-1,400.000,-1,325.000,175.000,325.000,325.000,300.000,350.000,-1,550.000,525.000,-1,750.000,650.000,-1,200.000,2,0,2,1,1,0,1,0,0,2,0,0,2,0,1,2,1
77,5906.605,7249.296,-303.827,32.193,0.845991,-0.532762,-0.021532,0.532802,0.846229,-0.004307,0.020516,-0.007829,0.999759,0,0.94329,-1.00000,56.597,-2.000,-1,425.000,-1,350.000,175.000,375.000,375.000,275.000,375.000,-1,275.000,375.000,-1,825.000,725.000,-1,200.000,2,0,2,1,1,0,1,0,1,2,0,0,2,0,1,2,1
78,5955.630,7277.824,-299.444,30.193,0.863383,-0.502769,-0.042357,0.503352,0.864074,0.003679,0.034750,-0.024496,0.999096,0,0.94535,-1.00000,56.721,-2.000,-1,475.000,-1,375.000,150.000,400.000,425.000,275.000,350.000,-1,150.000,275.000,-1,900.000,700.000,-1,200.000,2,0,2,1,1,0,0,0,1,2,0,0,2,0,1,2,1
79,6005.715,7304.676,-295.389,28.193,0.879428,-0.472063,-0.061348,0.473612,0.880639,0.012886,0.047943,-0.040388,0.998033,0,0.94712,-1.00000,56.827,-2.000,-1,500.000,-1,425.000,150.000,425.000,475.000,250.000,325.000,800.000,100.000,225.000,-1,1000.000,650.000,-1,200.000,2,0,2,1,1,0,0,0,1,0,0,0,2,0,1,2,1
80,6056.783,7329.803,-291.670,26.193,0.894171,-0.440717,-0.078906,0.443618,0.895918,0.023119,0.060504,-0.055677,0.996614,0,0.94854,-1.00000,56.913,-2.000,-1,525.000,-1,450.000,150.000,475.000,500.000,250.000,300.000,600.000,75.000,200.000,-1,-1,625.000,-1,200.000,2,0,2,1,1,0,0,0,1,0,0,0,2,2,1,2,1
81,6108.751,7353.159,-288.141,24.193,0.907665,-0.408802,-0.095003,0.413394,0.909909,0.034216,0.072457,-0.070330,0.994889,0,0.94956,-1.00000,56.974,-2.000,-1,575.000,-1,475.000,125.000,500.000,550.000,250.000,275.000,475.000,50.000,200.000,-1,-1,575.000,-1,200.000,2,0,2,1,1,0,1,0,1,0,0,0,2,2,1,2,1
82,6161.534,7374.701,-284.741,22.193,0.919925,-0.376376,-0.109907,0.382999,0.922587,0.046314,0.083967,-0.084699,0.992862,0,0.95011,-1.00000,57.006,-2.000,-1,600.000,-1,450.000,125.000,525.000,525.000,250.000,250.000,375.000,50.000,175.000,-1,-1,550.000,-1,200.000,2,0,2,1,1,0,1,0,1,0,0,0,2,2,1,2,1
83,6215.036,7394.390,-281.394,20.193,0.930948,-0.343490,-0.123893,0.352507,0.933914,0.059530,0.095257,-0.099092,0.990508,0,0.95011,-1.00000,57.007,-2.000,-1,600.000,-1,425.000,125.000,500.000,475.000,225.000,225.000,300.000,25.000,175.000,-1,-1,525.000,-1,175.000,2,1,2,1,1,1,1,0,1,0,0,0,2,2,1,2,1
84,6269.158,7412.190,-277.896,18.193,0.940786,-0.310213,-0.136708,0.321943,0.943887,0.073690,0.106178,-0.113338,0.987867,0,0.94950,-1.00000,56.970,-2.000,-1,575.000,-1,400.000,100.000,475.000,450.000,225.000,200.000,275.000,25.000,175.000,-1,-1,475.000,-1,175.000,2,1,2,1,1,1,1,0,1,0,0,0,2,2,1,2,1
85,-1639.825,-2295.766,-328.334,-24.918,0.904854,0.421309,-0.061140,-0.420024,0.906907,0.033162,0.069419,-0.004326,0.997578,1,0.00000,0.00000,55.161,-1.760,-1,375.000,-1,450.000,-1,325.000,350.000,325.000,325.000,-1,-1,975.000,-1,775.000,-1,-1,-1,2,0,2,0,2,0,0,0,0,2,2,0,2,0,2,2,2
86,-1635.481,-2297.806,-328.001,-25.158,0.903070,0.425105,-0.061243,-0.423855,0.905137,0.032789,0.069372,-0.003653,0.997584,0,0.08000,-0.12000,4.800,-0.240,-1,375.000,-1,450.000,-1,325.000,350.000,325.000,325.000,-1,-1,1000.000,-1,775.000,-1,-1,-1,2,0,2,0,2,0,0,0,0,2,2,0,2,0,2,2,2
87,-1626.826,-2301.960,-327.334,-25.638,0.899453,0.432675,-0.061458,-0.431493,0.901547,0.032038,0.069269,-0.002298,0.997595,0,0.16000,-0.24000,9.600,-0.480,-1,375.000,-1,450.000,-1,325.000,350.000,325.000,325.000,-1,-1,-1,-1,800.000,-1,-1,-1,2,0,2,0,2,0,0,0,0,2,2,2,2,0,2,2,2
88,-1613.923,-2308.353,-326.335,-26.358,0.893908,0.443971,-0.061798,-0.442895,0.896041,0.030896,0.069091,-0.000248,0.997610,0,0.24000,-0.36000,14.400,-0.720,-1,400.000,-1,450.000,-1,325.000,350.000,325.000,325.000,-1,-1,-1,-1,800.000,-1,-1,-1,2,0,2,0,2,0,0,0,0,2,2,2,2,0,2,2,2
89,-1596.864,-2317.164,-325.008,-27.318,0.886292,0.458920,-0.062288,-0.457987,0.888474,0.029350,0.068811,0.002514,0.997627,0,0.32000,-0.48000,19.200,-0.960,-1,400.000,-1,450.000,-1,325.000,350.000,325.000,325.000,-1,-1,-1,-1,825.000,-1,-1,-1,2,0,2,0,2,0,0,0,0,2,2,2,2,0,2,2,2
90,-1575.775,-2328.621,-323.358,-28.518,0.876417,0.477419,-0.062961,-0.476671,0.878655,0.027383,0.068394,0.006013,0.997640,0,0.40000,-0.60000,24.000,-1.200,-1,400.000,-1,450.000,-1,325.000,350.000,325.000,325.000,-1,-1,-1,-1,850.000,-1,-1,-1,2,0,2,0,2,0,0,0,0,2,2,2,2,0,2,2,2
91,-1550.800,-2342.963,-321.396,-29.868,0.864839,0.497973,-0.063846,-0.497450,0.867133,0.024972,0.067798,0.010164,0.997647,0,0.48000,-0.67509,28.800,-1.350,-1,400.000,-1,450.000,-1,350.000,350.000,325.000,325.000,-1,-1,-1,-1,850.000,-1,-1,-1,2,0,2,0,2,0,0,0,0,2,2,2,2,0,2,2,2
92,-1522.116,-2360.461,-319.201,-31.388,0.851247,0.520767,-0.064652,-0.520501,0.853572,0.022224,0.066759,0.014734,0.997660,0,0.56000,-0.75991,33.600,-1.520,-1,425.000,-1,475.000,-1,350.000,350.000,325.000,325.000,-1,-1,-1,-1,875.000,-1,-1,-1,2,0,2,0,2,0,0,0,0,2,2,2,2,0,2,2,2
93,-1489.879,-2381.325,-317.234,-32.911,0.837214,0.543251,-0.062857,-0.543189,0.839382,0.019569,0.063392,0.017760,0.997831,0,0.64000,-0.76179,38.400,-1.524,-1,425.000,-1,475.000,-1,350.000,350.000,325.000,300.000,-1,-1,-1,-1,875.000,-1,-1,-1,2,0,2,0,2,0,0,0,0,2,2,2,2,0,2,2,2
94,-1454.251,-2405.754,-315.051,-34.439,0.822557,0.565405,-0.060967,-0.565571,0.824541,0.016167,0.059411,0.021183,0.998009,0,0.72000,-0.76408,43.200,-1.528,-1,425.000,-1,475.000,-1,350.000,350.000,325.000,300.000,-1,-1,-1,-1,875.000,-1,-1,-1,2,0,2,0,2,0,0,0,0,2,2,2,2,0,2,2,2
95,-1419.169,-2431.216,-312.952,-35.973,0.807260,0.587225,-0.059145,-0.587603,0.809051,0.012610,0.055256,0.024574,0.998170,0,0.72247,-0.76680,43.348,-1.534,-1,425.000,-1,475.000,-1,350.000,350.000,300.000,300.000,-1,-1,-1,-1,875.000,-1,-1,-1,2,0,2,0,2,0,0,0,0,2,2,2,2,0,2,2,2
96,-1384.706,-2457.670,-310.992,-37.512,0.791345,0.608692,-0.057160,-0.609258,0.792922,0.008970,0.050784,0.027727,0.998325,0,0.72409,-0.76954,43.445,-1.539,-1,425.000,-1,450.000,-1,350.000,350.000,300.000,300.000,-1,-1,-1,-1,875.000,-1,-1,-1,2,0,2,0,2,0,0,0,0,2,2,2,2,0,2,2,2
97,-1350.892,-2485.106,-309.140,-39.056,0.774804,0.629788,-0.055195,-0.630518,0.776157,0.005194,0.046111,0.030777,0.998462,0,0.72575,-0.77228,43.545,-1.545,-1,425.000,-1,450.000,-1,350.000,350.000,300.000,300.000,-1,-1,-1,-1,875.000,-1,-1,-1,2,0,2,0,2,0,0,0,0,2,2,2,2,0,2,2,2
98,-1317.754,-2513.514,-307.367,-40.607,0.757635,0.650488,-0.053438,-0.651367,0.758762,0.001249,0.041359,0.033861,0.998570,0,0.72746,-0.77503,43.648,-1.550,-1,425.000,-1,450.000,-1,350.000,350.000,300.000,300.000,-1,-1,-1,-1,850.000,-1,-1,-1,2,0,2,0,2,0,0,0,0,2,2,2,2,0,2,2,2
99,-1285.322,-2542.881,-305.674,-42.162,0.739845,0.670772,-0.051904,-0.671784,0.740741,-0.002848,0.036537,0.036976,0.998648,0,0.72921,-0.77779,43.753,-1.556,-1,400.000,-1,450.000,975.000,325.000,350.000,300.000,300.000,-1,-1,-1,-1,850.000,975.000,-1,-1,2,0,2,0,1,0,0,0,0,2,2,2,2,0,1,2,2
100,-1252.846,-2573.892,-304.234,-43.681,0.721973,0.690062,-0.050687,-0.691227,0.722592,-0.008178,0.030983,0.040940,0.998681,0,0.74840,-0.75936,44.904,-1.519,-1,400.000,-1,450.000,900.000,325.000,350.000,275.000,300.000,-1,-1,-1,-1,850.000,925.000,-1,-1,2,0,2,0,1,0,0,0,0,2,2,2,2,0,1,2,2
101,-1221.031,-2605.933,-302.950,-45.204,0.703552,0.708900,-0.049757,-0.710201,0.703859,-0.014028,0.025077,0.045207,0.998663,0,0.75256,-0.76180,45.153,-1.524,-1,400.000,-1,450.000,850.000,325.000,350.000,275.000,300.000,-1,-1,-1,-1,825.000,875.000,-1,-1,2,0,2,0,1,0,0,0,0,2,2,2,2,0,1,2,2
102,-1189.906,-2638.997,-301.747,-46.733,0.684588,0.727273,-0.049114,-0.728680,0.684562,-0.020004,0.019073,0.049483,0.998593,0,0.75681,-0.76418,45.409,-1.528,-1,400.000,-1,450.000,800.000,325.000,350.000,275.000,300.000,-1,-1,-1,-1,825.000,825.000,-1,975.000,2,0,2,0,1,0,0,0,0,2,2,2,2,0,1,2,1
103,-1159.503,-2673.076,-300.638,-48.266,0.665096,0.745160,-0.048814,-0.746644,0.664712,-0.026089,0.013007,0.053798,0.998467,0,0.76117,-0.76651,45.670,-1.533,-1,400.000,-1,425.000,750.000,325.000,350.000,300.000,300.000,-1,-1,-1,-1,825.000,775.000,-1,875.000,2,0,2,0,1,0,0,0,0,2,2,2,2,0,1,2,1
104,-1129.852,-2708.164,-299.623,-49.803,0.645091,0.762542,-0.048870,-0.764075,0.644321,-0.032259,0.006889,0.058150,0.998284,0,0.76563,-0.76878,45.938,-1.538,-1,400.000,-1,425.000,700.000,325.000,325.000,300.000,275.000,-1,-1,-1,-1,800.000,725.000,-1,800.000,2,0,2,0,1,0,0,0,0,2,2,2,2,0,1,2,1
105,-1100.986,-2744.252,-299.315,-51.345,0.624496,0.779515,-0.048604,-0.781024,0.623496,-0.035425,0.002690,0.060084,0.998190,0,0.77019,-0.77100,46.212,-1.542,-1,400.000,-1,425.000,650.000,325.000,325.000,300.000,275.000,-1,-1,-1,-1,800.000,700.000,-1,725.000,2,0,2,0,1,0,0,0,0,2,2,2,2,0,1,2,1
106,-1072.936,-2781.329,-299.262,-52.892,0.603374,0.795991,-0.048352,-0.797458,0.602184,-0.037887,-0.001041,0.061419,0.998112,0,0.77485,-0.77317,46.491,-1.546,-1,400.000,-1,425.000,600.000,325.000,325.000,300.000,275.000,-1,-1,-1,-1,800.000,650.000,-1,675.000,2,0,2,0,1,0,0,0,0,2,2,2,2,0,1,2,1
107,-1045.734,-2819.383,-299.338,-54.442,0.581756,0.811932,-0.048236,-0.813350,0.580379,-0.040278,-0.004708,0.062664,0.998024,0,0.77960,-0.77530,46.776,-1.551,-1,400.000,-1,425.000,575.000,325.000,325.000,300.000,275.000,-1,-1,-1,-1,775.000,625.000,-1,625.000,2,0,2,0,1,0,0,0,0,2,2,2,2,0,1,2,1
108,-1019.412,-2858.402,-299.720,-55.997,0.559671,0.827357,-0.047422,-0.828669,0.558120,-0.042545,-0.008732,0.063108,0.997968,0,0.78445,-0.77738,47.067,-1.555,-1,400.000,-1,425.000,525.000,325.000,325.000,300.000,275.000,-1,-1,-1,-1,775.000,575.000,-1,575.000,2,0,2,0,1,0,0,0,0,2,2,2,2,0,1,2,1
109,-994.004,-2898.374,-300.431,-57.556,0.537120,0.842258,-0.045877,-0.843406,0.535422,-0.044602,-0.013003,0.062650,0.997951,0,0.78938,-0.77942,47.363,-1.559,-1,400.000,-1,425.000,475.000,325.000,325.000,300.000,275.000,-1,-1,-1,-1,775.000,550.000,-1,525.000,2,0,2,0,1,0,0,0,0,2,2,2,2,0,1,2,1
110,-972.003,-2934.810,-301.146,-58.875,0.517731,0.854378,-0.044646,-0.855380,0.515907,-0.046527,-0.016718,0.062277,0.997919,0,0.70938,-0.65942,42.563,-1.319,-1,400.000,-1,400.000,450.000,325.000,325.000,300.000,300.000,-1,-1,-1,-1,750.000,500.000,-1,475.000,2,0,2,1,1,0,0,0,0,2,2,2,2,0,1,2,1
111,-953.096,-2967.499,-301.836,-59.954,0.501672,0.863955,-0.043673,-0.864829,0.499738,-0.048288,-0.019894,0.061995,0.997878,0,0.62938,-0.53942,37.763,-1.079,-1,400.000,-1,375.000,400.000,325.000,325.000,300.000,300.000,-1,-1,-1,-1,725.000,475.000,-1,425.000,2,0,2,1,1,0,0,0,0,2,2,2,2,0,1,2,1
112,-937.116,-2996.330,-302.488,-61.001,0.485900,0.872959,-0.042928,-0.873719,0.483872,-0.049835,-0.022733,0.061722,0.997834,0,0.54938,-0.52364,32.963,-1.047,-1,400.000,-1,375.000,375.000,325.000,325.000,300.000,300.000,-1,-1,-1,-1,725.000,450.000,-1,400.000,2,0,2,1,1,0,0,0,0,2,2,2,2,0,1,2,1
113,-923.917,-3021.208,-303.086,-62.051,0.469909,0.881697,-0.042378,-0.882353,0.467801,-0.051149,-0.025273,0.061428,0.997792,0,0.46938,-0.52506,28.163,-1.050,-1,400.000,-1,350.000,350.000,325.000,325.000,300.000,300.000,-1,-1,-1,-1,700.000,425.000,-1,375.000,2,0,2,1,1,0,0,0,0,2,2,2,2,0,1,2,1
114,-913.348,-3042.044,-303.614,-63.103,0.453721,0.890154,-0.041992,-0.890719,0.451545,-0.052219,-0.027522,0.061096,0.997752,0,0.38938,-0.52593,23.363,-1.052,-1,400.000,-1,325.000,350.000,325.000,325.000,300.000,300.000,-1,-1,-1,-1,700.000,425.000,-1,350.000,2,0,2,1,1,0,1,0,0,2,2,2,2,0,1,2,1
115,-905.256,-3058.751,-304.057,-64.155,0.437358,0.898318,-0.041745,-0.898804,0.435130,-0.053040,-0.029482,0.060718,0.997719,0,0.30938,-0.52621,18.563,-1.052,-1,400.000,-1,325.000,325.000,325.000,300.000,300.000,300.000,-1,-1,-1,-1,675.000,400.000,-1,325.000,2,0,2,1,1,0,1,0,0,2,2,2,2,0,1,2,1
116,-899.485,-3071.246,-304.402,-65.207,0.420844,0.906178,-0.041614,-0.906598,0.418577,-0.053607,-0.031159,0.060288,0.997695,0,0.22938,-0.52591,13.763,-1.052,-1,400.000,-1,300.000,300.000,325.000,300.000,300.000,300.000,-1,-1,-1,-1,675.000,375.000,-1,325.000,2,0,2,1,1,0,1,0,0,2,2,2,2,0,1,2,1
117,-895.877,-3079.450,-304.639,-66.257,0.404204,0.913723,-0.041582,-0.914089,0.401912,-0.053920,-0.032556,0.059805,0.997679,0,0.14938,-0.52503,8.963,-1.050,-1,400.000,-1,300.000,300.000,325.000,300.000,300.000,300.000,-1,-1,-1,-1,675.000,375.000,-1,300.000,2,1,2,1,1,1,1,0,0,2,2,2,2,0,1,2,1
118,-894.271,-3083.291,-304.755,-67.304,0.387462,0.920945,-0.041636,-0.921270,0.385159,-0.053980,-0.033676,0.059273,0.997674,0,0.06938,-0.52357,4.163,-1.047,-1,400.000,-1,300.000,300.000,325.000,300.000,300.000,300.000,-1,-1,-1,-1,675.000,375.000,-1,300.000,2,1,2,1,1,1,1,0,0,2,2,2,2,0,1,2,1
119,-894.507,-3082.700,-304.742,-68.347,0.370644,0.927835,-0.041767,-0.928133,0.368342,-0.053787,-0.034521,0.058701,0.997679,0,-0.01062,-0.52157,-0.637,-1.043,-1,375.000,-1,300.000,300.000,325.000,300.000,300.000,300.000,-1,-1,-1,-1,675.000,375.000,-1,300.000,2,1,2,1,1,1,1,0,0,2,2,2,2,0,1,2,1
120,-896.421,-3077.611,-304.591,-69.386,0.353772,0.934390,-0.041968,-0.934673,0.351484,-0.053344,-0.035093,0.058099,0.997694,0,-0.09062,-0.51905,-5.437,-1.038,-1,375.000,-1,300.000,325.000,325.000,300.000,300.000,300.000,-1,-1,-1,-1,675.000,375.000,-1,325.000,2,1,2,1,1,1,1,0,0,2,2,2,2,0,1,2,1
121,-899.853,-3067.966,-304.296,-70.418,0.336870,0.940603,-0.042238,-0.940885,0.334607,-0.052656,-0.035395,0.057479,0.997719,0,-0.17062,-0.51608,-10.237,-1.032,-1,400.000,-1,300.000,325.000,325.000,300.000,300.000,300.000,-1,-1,-1,-1,675.000,375.000,-1,325.000,2,1,2,1,1,1,1,0,0,2,2,2,2,0,1,2,1
122,-904.639,-3053.711,-303.848,-71.443,0.319959,0.946474,-0.042576,-0.946769,0.317732,-0.051725,-0.035428,0.056860,0.997753,0,-0.25062,-0.51270,-15.037,-1.025,-1,400.000,1000.000,325.000,350.000,325.000,300.000,300.000,300.000,-1,-1,-1,-1,700.000,375.000,-1,350.000,2,1,1,1,1,1,1,0,0,2,2,2,2,0,1,2,1
123,-909.833,-3037.277,-303.322,-72.461,0.303064,0.952002,-0.042939,-0.952315,0.300878,-0.050688,-0.035336,0.056253,0.997791,0,-0.28726,-0.50898,-17.236,-1.018,-1,400.000,975.000,325.000,375.000,325.000,300.000,300.000,300.000,-1,-1,-1,-1,700.000,400.000,-1,375.000,2,1,1,1,1,0,1,0,0,2,2,2,2,0,1,2,1
124,-914.752,-3020.704,-302.782,-73.471,0.286199,0.957192,-0.043287,-0.957522,0.284052,-0.049657,-0.035236,0.055660,0.997828,0,-0.28814,-0.50521,-17.288,-1.010,-1,400.000,850.000,325.000,400.000,325.000,325.000,300.000,275.000,-1,-1,-1,-1,675.000,400.000,-1,375.000,2,1,1,1,1,0,1,0,0,2,2,2,2,1,1,2,1
125,-919.396,-3003.988,-302.227,-74.475,0.269367,0.962049,-0.043620,-0.962397,0.267259,-0.048632,-0.035129,0.055080,0.997864,0,-0.28915,-0.50160,-17.349,-1.003,-1,400.000,825.000,350.000,425.000,325.000,325.000,300.000,275.000,-1,-1,-1,-1,675.000,425.000,-1,400.000,2,0,1,1,1,0,1,0,0,2,2,2,2,1,1,2,1
126,-923.766,-2987.127,-301.657,-75.471,0.252568,0.966581,-0.043939,-0.966945,0.250499,-0.047612,-0.035015,0.054512,0.997899,0,-0.29030,-0.49813,-17.418,-0.996,-1,400.000,800.000,350.000,450.000,325.000,325.000,300.000,275.000,-1,-1,-1,-1,650.000,425.000,-1,425.000,2,0,1,1,1,0,0,0,0,2,2,2,2,1,1,2,1
127,-927.862,-2970.119,-301.072,-76.460,0.235806,0.970792,-0.044243,-0.971173,0.233775,-0.046598,-0.034894,0.053956,0.997933,0,-0.29158,-0.49480,-17.495,-0.990,-1,400.000,775.000,375.000,450.000,325.000,325.000,300.000,275.000,-1,-1,-1,-1,650.000,450.000,-1,450.000,2,0,1,1,1,0,0,0,0,2,2,2,2,1,1,2,1
128,-931.684,-2952.961,-300.470,-77.444,0.219082,0.974690,-0.044532,-0.975087,0.217089,-0.045589,-0.034767,0.053410,0.997967,0,-0.29297,-0.49161,-17.578,-0.983,-1,400.000,775.000,375.000,475.000,325.000,325.000,300.000,275.000,-1,-1,-1,-1,650.000,450.000,-1,475.000,2,0,1,1,1,0,0,0,0,2,2,2,2,1,1,2,1
129,-935.230,-2935.653,-299.852,-78.421,0.202398,0.978278,-0.044805,-0.978691,0.200442,-0.044584,-0.034635,0.052874,0.998000,0,-0.29447,-0.48855,-17.668,-0.977,-1,400.000,775.000,400.000,500.000,325.000,325.000,300.000,275.000,-1,-1,-1,-1,650.000,475.000,-1,500.000,2,0,1,1,1,0,0,0,0,2,2,2,2,1,1,2,1
130,-938.501,-2918.192,-299.216,-79.392,0.185755,0.981562,-0.045063,-0.981990,0.183835,-0.043585,-0.034498,0.052347,0.998033,0,-0.29608,-0.48563,-17.765,-0.971,-1,400.000,775.000,400.000,525.000,325.000,325.000,300.000,275.000,-1,-1,-1,-1,650.000,475.000,-1,525.000,2,0,1,1,1,0,0,0,0,2,2,2,2,1,1,2,1
131,-940.725,-2905.419,-298.745,-80.123,0.173190,0.983849,-0.045235,-0.984287,0.171296,-0.042860,-0.034419,0.051947,0.998057,0,-0.21608,-0.36563,-12.965,-0.731,-1,425.000,775.000,425.000,550.000,325.000,350.000,300.000,275.000,-1,-1,-1,-1,650.000,500.000,-1,525.000,2,0,1,1,1,0,0,0,0,2,2,2,2,1,1,2,1
132,-942.057,-2897.364,-298.445,-80.615,0.164734,0.985296,-0.045334,-0.985738,0.162857,-0.042403,-0.034396,0.051673,0.998072,0,-0.13608,-0.24563,-8.165,-0.491,-1,425.000,775.000,425.000,575.000,325.000,350.000,300.000,275.000,-1,-1,-1,-1,650.000,500.000,-1,550.000,2,0,1,1,1,0,0,0,0,2,2,2,2,1,1,2,1
133,-942.591,-2894.042,-298.320,-80.866,0.160406,0.986008,-0.045367,-0.986451,0.158536,-0.042210,-0.034427,0.051523,0.998078,0,-0.05608,-0.12563,-3.365,-0.251,-1,425.000,775.000,425.000,575.000,325.000,350.000,300.000,275.000,-1,-1,-1,-1,650.000,500.000,-1,550.000,2,0,1,1,1,0,0,0,0,2,2,2,2,1,1,2,1
134,-942.363,-2895.459,-298.372,-80.877,0.160215,0.986040,-0.045338,-0.986479,0.158342,-0.042280,-0.034511,0.051499,0.998077,0,0.02392,-0.00563,1.435,-0.011,-1,425.000,775.000,425.000,575.000,325.000,350.000,300.000,275.000,-1,-1,-1,-1,650.000,500.000,-1,550.000,2,0,1,1,1,0,0,0,0,2,2,2,2,1,1,2,1
