timestep,x_cm,y_cm,z_cm,yaw_deg,basis_xx,basis_xy,basis_xz,basis_yx,basis_yy,basis_yz,basis_zx,basis_zy,basis_zz,teleport_flag,throttle_cmd,steering_cmd,cmd_move_cm,cmd_turn_deg,lidar_cm_0,lidar_cm_1,lidar_cm_2,lidar_cm_3,lidar_cm_4,lidar_cm_5,lidar_cm_6,lidar_cm_7,lidar_cm_8,lidar_cm_9,lidar_cm_10,lidar_cm_11,lidar_cm_12,lidar_cm_13,lidar_cm_14,lidar_cm_15,lidar_cm_16,lidar_class_0,lidar_class_1,lidar_class_2,lidar_class_3,lidar_class_4,lidar_class_5,lidar_class_6,lidar_class_7,lidar_class_8,lidar_class_9,lidar_class_10,lidar_class_11,lidar_class_12,lidar_class_13,lidar_class_14,lidar_class_15,lidar_class_16
0,-6441.136,-4394.880,-126.331,-67.009,0.389665,0.920544,-0.027564,-0.919311,0.390583,0.048079,0.055025,0.006606,0.998463,1,0.00000,0.00000,4.800,0.240,-1,400.000,-1,325.000,-1,250.000,225.000,375.000,375.000,-1,225.000,300.000,-1,-1,675.000,-1,-1,2,1,2,1,2,1,1,0,0,2,0,0,2,2,1,2,2
1,-6439.265,-4399.301,-126.108,-67.066,0.388742,0.920936,-0.027500,-0.919669,0.389661,0.048710,0.055574,0.006356,0.998434,0,0.08000,-0.02870,4.800,-0.057,-1,400.000,-1,325.000,-1,250.000,225.000,375.000,375.000,-1,225.000,275.000,-1,-1,675.000,-1,-1,2,1,2,1,2,1,1,0,0,2,0,0,2,2,1,2,2
2,-6435.533,-4408.146,-125.665,-67.123,0.387828,0.921327,-0.027301,-0.919987,0.388746,0.050006,0.056685,0.005722,0.998376,0,0.16000,-0.02853,9.600,-0.057,-1,425.000,-1,325.000,-1,250.000,225.000,375.000,375.000,-1,200.000,275.000,-1,-1,700.000,-1,-1,2,1,2,1,2,1,1,0,0,2,0,0,2,2,1,2,2
3,-6429.949,-4421.419,-125.005,-67.180,0.386926,0.921717,-0.026930,-0.920262,0.387834,0.051984,0.058359,0.004669,0.998285,0,0.24000,-0.02841,14.400,-0.057,-1,425.000,-1,325.000,-1,250.000,250.000,375.000,375.000,-1,200.000,275.000,-1,-1,725.000,-1,-1,2,1,2,1,2,1,1,0,0,2,0,0,2,2,1,2,2
4,-6422.520,-4439.124,-124.132,-67.237,0.386040,0.922106,-0.026337,-0.920490,0.386924,0.054667,0.060599,0.003139,0.998157,0,0.32000,-0.02834,19.200,-0.057,-1,450.000,-1,325.000,-1,275.000,250.000,400.000,375.000,-1,175.000,250.000,-1,-1,750.000,-1,-1,2,1,2,1,2,1,1,0,0,2,0,0,2,2,1,2,2
5,-6413.255,-4461.264,-123.048,-67.293,0.385176,0.922492,-0.025449,-0.920662,0.386015,0.058087,0.063409,0.001056,0.997987,0,0.40000,-0.02831,24.000,-0.057,-1,475.000,-1,325.000,-1,275.000,250.000,400.000,375.000,-1,175.000,250.000,-1,-1,775.000,-1,-1,2,1,2,1,2,1,1,0,0,2,0,0,2,2,1,2,2
6,-6402.165,-4487.844,-121.568,-67.350,0.384402,0.922871,-0.023315,-0.920787,0.385101,0.062040,0.066234,-0.002380,0.997801,0,0.48000,-0.02834,28.800,-0.057,-1,525.000,-1,350.000,-1,300.000,250.000,375.000,400.000,-1,175.000,225.000,-1,-1,825.000,-1,-1,2,1,2,1,2,1,1,1,0,2,0,0,2,2,1,2,2
7,-6389.257,-4518.866,-119.788,-67.407,0.383706,0.923233,-0.020234,-0.920848,0.384177,0.066686,0.069340,-0.006955,0.997569,0,0.56000,-0.02843,33.600,-0.057,-1,550.000,-1,350.000,-1,325.000,250.000,375.000,400.000,-1,150.000,225.000,-1,-1,925.000,-1,-1,2,1,2,1,2,1,1,1,0,2,0,0,2,2,1,2,2
8,-6374.539,-4554.334,-118.016,-67.464,0.383048,0.923576,-0.016780,-0.920930,0.383238,0.070835,0.071852,-0.011680,0.997347,0,0.64000,-0.02860,38.400,-0.057,-1,575.000,-1,375.000,-1,350.000,275.000,375.000,425.000,-1,150.000,225.000,-1,-1,975.000,-1,-1,2,1,2,1,2,1,1,1,0,2,0,0,2,2,1,2,2
9,-5348.965,-3910.852,-189.513,-46.732,0.677359,0.727951,0.106169,-0.724124,0.685214,-0.078277,-0.129730,-0.023857,0.991262,1,0.00000,0.00000,43.200,-0.093,-1,-1,-1,-1,-1,-1,-1,225.000,225.000,-1,-1,-1,-1,-1,-1,-1,-1,2,2,2,2,2,2,2,1,0,2,2,2,2,2,2,2,2
10,-5345.689,-3914.361,-190.276,-46.972,0.674124,0.730811,0.107107,-0.726844,0.682155,-0.079764,-0.131356,-0.024079,0.991043,0,0.08000,-0.12000,4.800,-0.240,-1,-1,-1,-1,-1,-1,-1,225.000,200.000,-1,-1,-1,-1,-1,-1,-1,-1,2,2,2,2,2,2,2,1,0,2,2,2,2,2,2,2,2
11,-5339.197,-3921.434,-191.813,-47.452,0.667611,0.736492,0.108967,-0.732235,0.676001,-0.082789,-0.134636,-0.024519,0.990592,0,0.16000,-0.24000,9.600,-0.480,-1,-1,-1,-1,-1,-1,-1,225.000,200.000,-1,-1,-1,-1,-1,-1,-1,-1,2,2,2,2,2,2,2,1,0,2,2,2,2,2,2,2,2
12,-5329.557,-3932.135,-194.999,-47.999,0.659354,0.742841,0.115925,-0.738227,0.668881,-0.087289,-0.142383,-0.028025,0.989415,0,0.24000,-0.27338,14.400,-0.547,-1,-1,-1,-1,-1,-1,-1,225.000,200.000,-1,-1,-1,-1,-1,-1,-1,-1,2,2,2,2,2,2,2,1,0,2,2,2,2,2,2,2,2
13,5575.424,6231.356,-23.766,-86.643,0.058532,0.998251,0.008241,-0.998281,0.058554,-0.002365,-0.002843,-0.008088,0.999963,1,0.00000,0.00000,19.200,-0.529,-1,400.000,-1,375.000,-1,325.000,300.000,325.000,325.000,-1,675.000,-1,-1,800.000,625.000,-1,-1,2,0,2,0,2,0,0,0,0,2,0,2,2,0,0,2,2
14,5575.685,6226.563,-23.770,-86.883,0.054351,0.998486,0.008485,-0.998518,0.054372,-0.002220,-0.002678,-0.008352,0.999962,0,0.08000,-0.12000,4.800,-0.240,-1,400.000,-1,375.000,-1,325.000,300.000,325.000,325.000,-1,675.000,-1,-1,800.000,625.000,-1,-1,2,0,2,0,2,0,0,0,0,2,0,2,2,0,0,2,2
15,5576.127,6216.973,-23.776,-87.363,0.045986,0.998902,0.008976,-0.998939,0.046005,-0.001927,-0.002338,-0.008878,0.999958,0,0.16000,-0.24000,9.600,-0.480,-1,400.000,-1,375.000,-1,325.000,300.000,325.000,325.000,-1,625.000,-1,-1,800.000,625.000,-1,-1,2,0,2,0,2,0,0,0,0,2,0,2,2,0,0,2,2
16,5576.616,6202.582,-23.786,-88.055,0.033914,0.999378,0.009716,-0.999423,0.033930,-0.001478,-0.001806,-0.009660,0.999952,0,0.24000,-0.34619,14.400,-0.692,-1,400.000,-1,350.000,-1,325.000,300.000,325.000,325.000,-1,575.000,-1,-1,800.000,625.000,-1,-1,2,0,2,0,2,0,0,0,0,2,0,2,2,0,0,2,2
17,5577.035,6183.386,-23.805,-88.748,0.021841,0.999704,0.010710,-0.999761,0.021851,-0.000860,-0.001094,-0.010688,0.999942,0,0.32000,-0.34619,19.200,-0.692,-1,400.000,-1,350.000,-1,325.000,300.000,325.000,325.000,-1,550.000,1000.000,-1,775.000,625.000,-1,-1,2,0,2,0,2,0,0,0,0,2,0,0,2,0,0,2,2
18,5577.270,6159.387,-23.832,-89.440,0.009767,0.999881,0.011960,-0.999952,0.009769,-0.000070,-0.000187,-0.011959,0.999928,0,0.40000,-0.34619,24.000,-0.692,-1,400.000,-1,350.000,-1,325.000,300.000,325.000,325.000,-1,500.000,875.000,-1,775.000,625.000,-1,-1,2,0,2,0,2,0,0,0,0,2,0,0,2,0,0,2,2
19,5577.203,6130.587,-23.865,-90.133,-0.002302,0.999907,0.013468,-0.999997,-0.002314,0.000900,0.000931,-0.013466,0.999909,0,0.48000,-0.34619,28.800,-0.692,-1,400.000,-1,350.000,-1,325.000,300.000,325.000,325.000,-1,475.000,775.000,-1,775.000,625.000,-1,-1,2,0,2,0,2,0,0,0,0,2,0,0,2,0,0,2,2
20,5576.720,6096.991,-23.901,-90.825,-0.014364,0.999781,0.015236,-0.999894,-0.014397,0.002056,0.002275,-0.015205,0.999882,0,0.56000,-0.34619,33.600,-0.692,-1,400.000,-1,350.000,-1,300.000,300.000,325.000,325.000,-1,425.000,700.000,-1,775.000,625.000,-1,-1,2,0,2,0,2,0,0,0,0,2,0,0,2,0,0,2,2
21,5575.703,6058.604,-23.935,-91.517,-0.026414,0.999502,0.017264,-0.999644,-0.026476,0.003405,0.003860,-0.017168,0.999845,0,0.64000,-0.34619,38.400,-0.692,-1,400.000,-1,350.000,-1,300.000,300.000,325.000,325.000,-1,375.000,625.000,-1,775.000,625.000,-1,-1,2,0,2,0,2,0,0,0,0,2,0,0,2,0,0,2,2
22,5574.038,6015.436,-23.960,-92.210,-0.038447,0.999069,0.019552,-0.999244,-0.038551,0.004954,0.005703,-0.019347,0.999797,0,0.72000,-0.34619,43.200,-0.692,-1,400.000,-1,350.000,-1,300.000,300.000,325.000,325.000,-1,350.000,575.000,-1,775.000,625.000,-1,-1,2,0,2,0,2,0,0,0,0,2,0,0,2,0,0,2,2
23,5571.608,5967.498,-23.968,-92.902,-0.050459,0.998482,0.022100,-0.998696,-0.050618,0.006713,0.007821,-0.021733,0.999733,0,0.80000,-0.34619,48.000,-0.692,-1,375.000,-1,350.000,-1,300.000,300.000,325.000,325.000,-1,325.000,500.000,-1,750.000,625.000,-1,-1,2,0,2,0,2,0,0,0,0,2,0,0,2,0,0,2,2
24,5568.299,5914.801,-23.875,-93.595,-0.062451,0.997745,0.024596,-0.997997,-0.062677,0.008532,0.010054,-0.024014,0.999661,0,0.88000,-0.34619,52.800,-0.692,-1,375.000,-1,350.000,-1,300.000,300.000,325.000,325.000,-1,300.000,450.000,-1,750.000,625.000,-1,-1,2,0,2,0,2,0,0,0,0,2,0,0,2,0,0,2,2
25,5564.229,5860.503,-22.982,-94.287,-0.074433,0.996880,0.026253,-0.997150,-0.074726,0.010368,0.012297,-0.025406,0.999602,0,0.90751,-0.34619,54.451,-0.692,-1,375.000,-1,350.000,-1,300.000,300.000,325.000,300.000,-1,325.000,450.000,-1,750.000,625.000,-1,-1,2,0,2,0,2,0,0,0,0,2,0,0,2,0,0,2,2
26,5559.503,5806.257,-21.839,-94.979,-0.086386,0.995848,0.028696,-0.996155,-0.086762,0.012124,0.014564,-0.027538,0.999515,0,0.90751,-0.34619,54.451,-0.692,-1,375.000,-1,350.000,-1,300.000,300.000,325.000,325.000,-1,325.000,450.000,-1,750.000,650.000,-1,-1,2,0,2,0,2,0,0,0,0,2,0,0,2,0,0,2,2
27,5554.122,5752.073,-20.655,-95.672,-0.098315,0.994668,0.031132,-0.995012,-0.098784,0.013906,0.016907,-0.029610,0.999419,0,0.90751,-0.34619,54.451,-0.692,-1,375.000,-1,350.000,-1,300.000,300.000,325.000,325.000,-1,350.000,450.000,-1,750.000,650.000,-1,-1,2,0,2,0,2,0,0,0,0,2,0,0,2,0,0,2,2
28,5548.087,5697.958,-19.426,-96.364,-0.110217,0.993341,0.033558,-0.993720,-0.110790,0.015710,0.019323,-0.031615,0.999313,0,0.90751,-0.34619,54.451,-0.692,-1,375.000,-1,375.000,-1,300.000,300.000,325.000,325.000,-1,350.000,475.000,-1,725.000,675.000,-1,-1,2,0,2,0,2,0,0,0,0,2,0,0,2,0,0,2,2
29,5541.398,5643.919,-18.147,-97.056,-0.122091,0.991867,0.035969,-0.992279,-0.122777,0.017535,0.021809,-0.033550,0.999199,0,0.90751,-0.34619,54.451,-0.692,-1,375.000,-1,375.000,-1,300.000,300.000,325.000,325.000,-1,375.000,475.000,-1,725.000,675.000,-1,-1,2,0,2,0,2,0,0,0,0,2,0,0,2,0,0,2,2
30,5534.057,5589.965,-16.813,-97.749,-0.133935,0.990247,0.038360,-0.990691,-0.134746,0.019380,0.024360,-0.035408,0.999076,0,0.90751,-0.34619,54.451,-0.692,-1,375.000,-1,375.000,-1,300.000,300.000,325.000,325.000,-1,375.000,475.000,-1,725.000,700.000,-1,-1,2,0,2,0,2,0,0,0,0,2,0,0,2,0,0,2,2
31,5526.065,5536.104,-15.418,-98.441,-0.145748,0.988483,0.040729,-0.988954,-0.146692,0.021242,0.026972,-0.037183,0.998944,0,0.90751,-0.34619,54.451,-0.692,-1,375.000,-1,375.000,-1,300.000,300.000,325.000,325.000,-1,400.000,475.000,-1,725.000,700.000,-1,-1,2,0,2,0,2,0,0,0,0,2,0,0,2,0,0,2,2
32,5517.422,5482.343,-13.959,-99.134,-0.157528,0.986575,0.043070,-0.987070,-0.158616,0.023121,0.029642,-0.038871,0.998804,0,0.90751,-0.34619,54.451,-0.692,-1,375.000,-1,375.000,-1,300.000,300.000,325.000,325.000,-1,350.000,475.000,-1,725.000,725.000,-1,-1,2,0,2,0,2,0,0,0,0,2,0,0,2,0,0,2,2
33,5508.130,5428.691,-12.430,-99.826,-0.169274,0.984524,0.045379,-0.985037,-0.170516,0.025015,0.032365,-0.040466,0.998657,0,0.90751,-0.34619,54.451,-0.692,-1,375.000,-1,375.000,-1,300.000,300.000,325.000,325.000,-1,325.000,475.000,-1,725.000,750.000,-1,-1,2,0,2,0,2,0,0,0,0,2,0,0,2,0,0,2,2
34,5498.190,5375.155,-10.827,-100.518,-0.180986,0.982331,0.047652,-0.982858,-0.182389,0.026923,0.035138,-0.041962,0.998501,0,0.90751,-0.34619,54.451,-0.692,-1,375.000,-1,375.000,-1,300.000,300.000,325.000,325.000,-1,325.000,425.000,-1,725.000,750.000,-1,-1,2,0,2,0,2,0,0,0,0,2,0,0,2,0,0,2,2
35,5487.604,5321.742,-9.145,-101.211,-0.192661,0.979997,0.049884,-0.980531,-0.194235,0.028844,0.037956,-0.043356,0.998338,0,0.90751,-0.34619,54.451,-0.692,-1,375.000,-1,375.000,-1,325.000,325.000,325.000,325.000,-1,300.000,375.000,-1,725.000,775.000,-1,-1,2,0,2,0,2,0,0,0,0,2,0,0,2,0,0,2,2
36,5476.373,5268.462,-7.056,-101.903,-0.204382,0.977579,0.050670,-0.978064,-0.206063,0.030470,0.040228,-0.043331,0.998251,0,0.90751,-0.34619,54.451,-0.692,-1,375.000,-1,400.000,-1,325.000,325.000,325.000,325.000,-1,300.000,375.000,-1,750.000,800.000,-1,-1,2,0,2,0,2,0,0,0,0,2,0,0,2,0,0,2,2
37,5464.498,5215.322,-4.779,-102.595,-0.216085,0.975040,0.051023,-0.975443,-0.217866,0.032329,0.042638,-0.042784,0.998174,0,0.90751,-0.34619,54.451,-0.692,-1,400.000,-1,400.000,-1,325.000,325.000,325.000,325.000,-1,325.000,375.000,-1,750.000,850.000,-1,-1,2,0,2,0,2,0,0,0,0,2,0,0,2,0,0,2,2
38,5451.983,5162.328,-2.395,-103.288,-0.227785,0.972351,0.051462,-0.972703,-0.229636,0.033412,0.044306,-0.042447,0.998116,0,0.90751,-0.34619,54.451,-0.692,-1,400.000,-1,400.000,-1,325.000,325.000,350.000,325.000,-1,350.000,400.000,-1,750.000,875.000,-1,-1,2,0,2,0,2,0,0,0,0,2,0,0,2,0,0,2,2
39,5438.828,5109.491,-0.126,-103.980,-0.239512,0.969544,0.051179,-0.969835,-0.241379,0.034004,0.045322,-0.041491,0.998110,0,0.90751,-0.34619,54.451,-0.692,-1,400.000,-1,400.000,-1,325.000,325.000,350.000,300.000,-1,400.000,425.000,-1,775.000,925.000,-1,-1,2,0,2,0,2,0,0,0,0,2,0,0,2,0,0,2,2
40,5424.966,5056.539,2.186,-104.670,-0.251162,0.966610,0.050812,-0.966841,-0.253036,0.034508,0.046213,-0.040460,0.998112,0,0.91225,-0.34465,54.735,-0.689,-1,400.000,-1,400.000,-1,325.000,325.000,350.000,300.000,-1,425.000,450.000,-1,775.000,975.000,-1,-1,2,0,2,0,2,0,0,0,0,2,0,0,2,0,0,2,2
41,5411.941,5008.333,4.306,-105.119,-0.258749,0.964630,0.050374,-0.964813,-0.260617,0.034838,0.046734,-0.039588,0.998123,0,0.83225,-0.22465,49.935,-0.449,-1,400.000,-1,400.000,-1,325.000,325.000,350.000,300.000,-1,475.000,475.000,-1,775.000,1000.000,-1,-1,2,0,2,0,2,0,0,0,0,2,0,0,2,0,0,2,2
42,5399.254,4962.048,6.334,-105.328,-0.262295,0.963697,0.049892,-0.963849,-0.264146,0.034951,0.046861,-0.038920,0.998143,0,0.79987,-0.10465,47.992,-0.209,-1,400.000,-1,425.000,-1,325.000,325.000,325.000,300.000,-1,525.000,525.000,-1,775.000,-1,-1,-1,2,0,2,0,2,0,0,0,0,2,0,0,2,0,2,2,2
43,5386.346,4915.483,8.285,-105.494,-0.265114,0.962938,0.049644,-0.963095,-0.266937,0.034527,0.046500,-0.038659,0.998170,0,0.80534,-0.08292,48.321,-0.166,-1,400.000,-1,425.000,-1,325.000,325.000,325.000,300.000,-1,575.000,575.000,-1,775.000,-1,-1,-1,2,0,2,0,2,0,0,0,0,2,0,0,2,0,2,2,2
44,5373.219,4868.641,10.260,-105.655,-0.267855,0.962195,0.049335,-0.962360,-0.269643,0.033984,0.046002,-0.038375,0.998204,0,0.81079,-0.08045,48.647,-0.161,-1,400.000,-1,425.000,-1,325.000,325.000,325.000,300.000,-1,625.000,625.000,-1,775.000,-1,-1,-1,2,0,2,0,2,0,0,0,0,2,0,0,2,0,2,2,2
45,5359.877,4821.523,12.257,-105.811,-0.270513,0.961470,0.048960,-0.961647,-0.272259,0.033317,0.045363,-0.038070,0.998245,0,0.81618,-0.07783,48.971,-0.156,-1,400.000,-1,425.000,-1,325.000,325.000,325.000,300.000,-1,700.000,700.000,-1,775.000,-1,-1,-1,2,0,2,0,2,0,0,0,0,2,0,0,2,0,2,2,2
46,5346.323,4774.131,14.277,-105.961,-0.273084,0.960766,0.048518,-0.960957,-0.274780,0.032523,0.044579,-0.037742,0.998293,0,0.82153,-0.07504,49.292,-0.150,-1,400.000,-1,425.000,-1,325.000,325.000,325.000,325.000,-1,775.000,775.000,-1,775.000,-1,-1,-1,2,0,2,0,2,0,0,0,0,2,0,0,2,0,2,2,2
47,5332.561,4726.470,16.320,-106.105,-0.275560,0.960084,0.048006,-0.960292,-0.277200,0.031599,0.043645,-0.037392,0.998347,0,0.82680,-0.07207,49.608,-0.144,-1,400.000,-1,425.000,-1,325.000,325.000,325.000,325.000,-1,850.000,850.000,-1,775.000,-1,975.000,-1,2,0,2,0,2,0,0,0,0,2,0,0,2,0,2,1,2
48,5318.599,4678.543,18.412,-106.243,-0.277945,0.959432,0.047300,-0.959657,-0.279514,0.030492,0.042476,-0.036917,0.998415,0,0.83201,-0.06891,49.920,-0.138,1000.000,400.000,-1,425.000,-1,325.000,325.000,325.000,325.000,-1,950.000,975.000,-1,775.000,-1,925.000,-1,1,0,2,0,2,0,0,0,0,2,0,0,2,1,2,1,2
49,5304.439,4630.353,20.628,-106.374,-0.280253,0.958822,0.046041,-0.959056,-0.281718,0.029089,0.040862,-0.036004,0.998516,0,0.83712,-0.06556,50.227,-0.131,925.000,400.000,-1,425.000,-1,325.000,325.000,325.000,325.000,-1,-1,-1,-1,725.000,-1,875.000,-1,1,0,2,0,2,0,0,0,0,2,2,2,2,1,2,1,2
50,5290.090,4581.905,22.851,-106.498,-0.282438,0.958239,0.044792,-0.958486,-0.283801,0.027612,0.039170,-0.035134,0.998615,0,0.84213,-0.06200,50.528,-0.124,875.000,400.000,-1,425.000,-1,325.000,325.000,325.000,325.000,-1,-1,-1,-1,700.000,975.000,825.000,-1,1,0,2,0,2,0,0,0,0,2,2,2,2,1,1,1,2
51,5275.559,4533.205,25.016,-106.614,-0.284494,0.957693,0.043439,-0.957943,-0.285757,0.026221,0.037525,-0.034153,0.998712,0,0.84703,-0.05821,50.822,-0.116,800.000,400.000,-1,425.000,-1,325.000,325.000,325.000,350.000,-1,-1,-1,-1,675.000,950.000,775.000,-1,1,0,2,0,2,0,0,0,0,2,2,2,2,1,1,1,2
52,5260.853,4484.259,26.917,-106.722,-0.286420,0.957210,0.041382,-0.957414,-0.287586,0.025545,0.036353,-0.032303,0.998817,0,0.85179,-0.05419,51.107,-0.108,750.000,400.000,-1,425.000,-1,325.000,325.000,325.000,350.000,-1,-1,-1,-1,650.000,925.000,725.000,-1,1,0,2,0,2,0,0,0,0,2,2,2,2,1,1,1,2
53,5245.982,4435.074,28.701,-106.822,-0.288221,0.956772,0.038927,-0.956928,-0.289273,0.024685,0.034879,-0.030135,0.998937,0,0.85640,-0.04991,51.384,-0.100,675.000,400.000,-1,425.000,-1,325.000,325.000,325.000,350.000,-1,-1,-1,-1,600.000,875.000,675.000,-1,1,0,2,0,2,0,0,0,0,2,2,2,2,1,1,1,2
54,5230.690,4385.032,30.210,-106.991,-0.291232,0.956002,0.035259,-0.956097,-0.292121,0.023318,0.032592,-0.026920,0.999106,0,0.87212,-0.08453,52.327,-0.169,625.000,400.000,-1,425.000,-1,325.000,325.000,325.000,350.000,-1,-1,-1,-1,575.000,850.000,625.000,-1,1,0,2,0,2,0,0,0,0,2,2,2,2,1,1,1,2
55,5215.132,4334.645,31.627,-107.158,-0.294176,0.955219,0.031879,-0.955266,-0.294926,0.022046,0.030461,-0.023968,0.999249,0,0.87890,-0.08343,52.734,-0.167,575.000,400.000,1000.000,425.000,-1,325.000,325.000,325.000,350.000,-1,-1,-1,-1,550.000,800.000,575.000,-1,1,0,1,0,2,0,0,0,0,2,2,2,2,1,1,1,2
56,5199.309,4283.913,32.954,-107.323,-0.297053,0.954427,0.028775,-0.954436,-0.297685,0.020860,0.028475,-0.021268,0.999368,0,0.88572,-0.08222,53.143,-0.164,525.000,375.000,950.000,425.000,-1,325.000,325.000,300.000,350.000,-1,-1,-1,-1,500.000,750.000,525.000,-1,1,1,1,0,2,0,0,0,0,2,2,2,2,1,1,1,2
57,5183.218,4232.833,34.246,-107.484,-0.299872,0.953634,0.025674,-0.953613,-0.300395,0.019651,0.026452,-0.018591,0.999477,0,0.89257,-0.08089,53.554,-0.162,475.000,350.000,900.000,425.000,-1,325.000,325.000,300.000,350.000,-1,-1,-1,-1,475.000,725.000,475.000,-1,1,1,1,0,2,0,0,0,0,2,2,2,2,1,1,1,2
58,5166.861,4181.404,35.502,-107.643,-0.302629,0.952841,0.022577,-0.952796,-0.303051,0.018417,0.024390,-0.015938,0.999575,0,0.89946,-0.07941,53.968,-0.159,425.000,325.000,825.000,425.000,-1,300.000,325.000,300.000,350.000,-1,-1,-1,-1,425.000,675.000,425.000,-1,1,1,1,1,2,1,0,0,0,2,2,2,2,1,1,1,2
59,5150.237,4129.625,36.720,-107.799,-0.305317,0.952051,0.019486,-0.951990,-0.305648,0.017158,0.022291,-0.013312,0.999663,0,0.90638,-0.07777,54.383,-0.156,375.000,300.000,775.000,400.000,-1,275.000,300.000,300.000,350.000,-1,-1,-1,-1,400.000,650.000,350.000,-1,1,1,1,1,2,1,1,0,0,2,2,2,2,1,1,1,2
60,5133.348,4077.494,37.899,-107.951,-0.307931,0.951267,0.016402,-0.951195,-0.308181,0.015873,0.020154,-0.010713,0.999739,0,0.91331,-0.07596,54.799,-0.152,325.000,275.000,700.000,375.000,-1,250.000,275.000,300.000,350.000,-1,-1,-1,-1,375.000,600.000,300.000,-1,1,1,1,1,2,1,1,0,0,2,2,2,2,1,1,1,2
61,5116.195,4025.010,39.042,-108.099,-0.310465,0.950492,0.013299,-0.950415,-0.310643,0.014551,0.017962,-0.008122,0.999806,0,0.92026,-0.07395,55.216,-0.148,250.000,250.000,650.000,350.000,-1,225.000,250.000,300.000,350.000,-1,-1,-1,-1,325.000,550.000,250.000,-1,1,1,1,1,2,1,1,0,0,2,2,2,2,1,1,1,2
62,5098.780,3972.172,42.177,-108.242,-0.313014,0.949739,0.004330,-0.949485,-0.313031,0.022136,0.022379,0.002818,0.999746,0,0.92722,-0.07172,55.633,-0.143,225.000,225.000,625.000,325.000,-1,225.000,250.000,325.000,350.000,-1,-1,-1,-1,300.000,550.000,225.000,-1,1,1,1,1,2,1,1,0,0,2,2,2,2,1,1,1,2
63,5081.110,3918.979,47.052,-108.380,-0.315812,0.948772,-0.009710,-0.948260,-0.315256,0.037649,0.032660,0.021098,0.999244,0,0.93418,-0.06922,56.051,-0.138,225.000,225.000,700.000,325.000,-1,200.000,250.000,375.000,325.000,-1,-1,-1,-1,300.000,575.000,225.000,-1,1,1,1,1,2,1,1,0,0,2,2,2,2,1,1,1,2
64,5063.188,3865.429,51.906,-108.513,-0.318855,0.947502,-0.023886,-0.946820,-0.317275,0.053560,0.043169,0.039694,0.998279,0,0.94113,-0.06642,56.468,-0.133,225.000,225.000,-1,300.000,-1,200.000,225.000,425.000,300.000,-1,-1,-1,-1,300.000,625.000,225.000,-1,1,1,2,1,2,1,1,0,0,2,2,2,2,1,1,1,2
65,5045.018,3811.525,58.174,-108.640,-0.322034,0.946205,-0.031476,-0.944896,-0.319166,0.072826,0.058863,0.053194,0.996848,0,0.94804,-0.06327,56.882,-0.127,225.000,225.000,-1,325.000,-1,200.000,250.000,425.000,325.000,-1,750.000,200.000,-1,300.000,-1,225.000,-1,1,1,2,1,2,1,1,1,0,2,0,0,2,1,2,1,2
66,5026.602,3757.268,65.702,-108.759,-0.325269,0.945049,-0.032898,-0.942242,-0.320971,0.095693,0.079875,0.062124,0.994867,0,0.95489,-0.05970,57.293,-0.119,250.000,225.000,-1,350.000,-1,200.000,250.000,400.000,325.000,-1,325.000,100.000,750.000,300.000,-1,225.000,-1,1,1,2,1,2,1,1,1,0,2,0,0,0,1,2,1,2
67,-6564.828,-4719.023,-115.395,23.225,0.916645,-0.392473,-0.075682,0.397647,0.914615,0.073190,0.040495,-0.097183,0.994442,1,0.00000,0.00000,60.000,-0.359,-1,500.000,-1,-1,-1,425.000,450.000,275.000,300.000,775.000,825.000,-1,-1,1000.000,-1,-1,-1,2,0,2,2,2,1,1,0,1,1,0,2,2,0,2,2,2
68,-6560.408,-4717.149,-115.531,22.985,0.918346,-0.388668,-0.074680,0.393743,0.916321,0.072953,0.040076,-0.096401,0.994535,0,0.08000,-0.12000,4.800,-0.240,-1,500.000,-1,-1,-1,425.000,450.000,275.000,300.000,800.000,825.000,-1,-1,1000.000,-1,-1,-1,2,0,2,2,2,1,1,0,1,1,0,2,2,1,2,2,2
69,-6551.570,-4713.402,-115.863,22.985,0.918505,-0.388716,-0.072445,0.393560,0.916434,0.072522,0.038200,-0.095123,0.994732,0,0.16000,0.00000,9.600,0.000,-1,500.000,-1,-1,-1,425.000,450.000,275.000,300.000,800.000,950.000,-1,-1,1000.000,-1,-1,-1,2,0,2,2,2,1,1,0,1,1,0,2,2,1,2,2,2
70,-7262.021,-5216.399,-129.481,-79.662,0.172611,0.980179,-0.097236,-0.982121,0.178797,0.058912,0.075129,0.085328,0.993516,1,0.00000,0.00000,14.400,0.240,-1,625.000,-1,625.000,-1,450.000,450.000,350.000,300.000,-1,250.000,100.000,450.000,-1,-1,-1,-1,2,1,2,1,2,1,1,1,0,2,0,0,1,2,2,2,2
71,-7261.139,-5221.117,-129.246,-79.422,0.176591,0.979361,-0.098319,-0.981351,0.182890,0.059171,0.075932,0.086036,0.993394,0,0.08000,0.12000,4.800,0.240,-1,650.000,-1,625.000,-1,450.000,475.000,350.000,300.000,-1,250.000,100.000,450.000,-1,-1,-1,-1,2,1,2,1,2,1,1,1,0,2,0,0,1,2,2,2,2
72,-7259.295,-5230.538,-128.773,-78.942,0.184535,0.977672,-0.100516,-0.979762,0.191064,0.059670,0.077543,0.087471,0.993144,0,0.16000,0.24000,9.600,0.480,-1,650.000,-1,625.000,-1,450.000,475.000,350.000,300.000,-1,250.000,100.000,450.000,-1,-1,-1,-1,2,1,2,1,2,1,1,1,0,2,0,0,1,2,2,2,2
73,-7256.406,-5244.645,-128.097,-78.441,0.192679,0.975751,-0.103846,-0.978015,0.199565,0.060507,0.079763,0.089904,0.992751,0,0.24000,0.25058,14.400,0.501,-1,675.000,-1,650.000,-1,475.000,475.000,350.000,300.000,-1,250.000,75.000,450.000,-1,-1,-1,-1,2,1,2,1,2,1,1,1,0,2,0,0,1,2,2,2,2
74,-7252.384,-5263.419,-127.215,-77.925,0.200892,0.973600,-0.108375,-0.976125,0.208276,0.061652,0.082597,0.093402,0.992197,0,0.32000,0.25796,19.200,0.516,-1,725.000,-1,650.000,-1,500.000,500.000,375.000,275.000,-1,225.000,75.000,450.000,-1,-1,-1,-1,2,1,2,1,2,1,1,1,0,2,0,0,1,2,2,2,2
75,-7247.135,-5286.838,-126.120,-77.385,0.209309,0.971159,-0.114192,-0.974056,0.217347,0.063056,0.086057,0.098031,0.991456,0,0.40000,0.27005,24.000,0.540,-1,750.000,-1,675.000,-1,525.000,525.000,375.000,275.000,-1,225.000,50.000,450.000,-1,-1,-1,-1,2,1,2,0,2,1,1,1,0,2,0,1,1,2,2,2,2
76,-7240.551,-5314.875,-124.236,-76.810,0.218106,0.968120,-0.123183,-0.971924,0.226893,0.062319,0.088282,0.106132,0.990425,0,0.48000,0.28751,28.800,0.575,-1,775.000,-1,675.000,-1,575.000,550.000,375.000,275.000,-1,225.000,50.000,450.000,-1,-1,-1,-1,2,1,2,0,2,1,1,1,0,2,0,1,1,2,2,2,2
77,-7232.527,-5347.501,-123.815,-76.187,0.228952,0.965347,-0.125246,-0.969779,0.237340,0.056552,0.084318,0.108513,0.990513,0,0.56000,0.31136,33.600,0.623,-1,775.000,-1,675.000,-1,575.000,550.000,375.000,275.000,-1,275.000,50.000,475.000,-1,-1,-1,-1,2,1,2,0,2,1,1,1,0,2,0,1,1,2,2,2,2
78,-7223.114,-5384.727,-124.272,-75.805,0.236530,0.963818,-0.122914,-0.968650,0.243803,0.047733,0.075973,0.107771,0.991269,0,0.64000,0.19136,38.400,0.383,-1,750.000,-1,650.000,-1,575.000,550.000,375.000,275.000,-1,325.000,75.000,525.000,-1,-1,-1,-1,2,1,2,0,2,1,1,1,0,2,0,1,0,2,2,2,2
79,983.900,-8855.079,-128.150,-14.236,0.969312,0.245802,0.003854,-0.245802,0.968827,0.030908,0.003864,-0.030907,0.999515,1,0.00000,0.00000,43.200,0.147,-1,400.000,-1,375.000,-1,325.000,325.000,300.000,300.000,625.000,425.000,450.000,-1,800.000,725.000,-1,-1,2,0,2,0,2,0,0,0,0,1,1,1,2,0,0,2,2
80,988.557,-8856.240,-128.123,-13.996,0.970333,0.241741,0.003937,-0.241745,0.969846,0.030961,0.003666,-0.030994,0.999513,0,0.08000,0.12000,4.800,0.240,-1,400.000,-1,375.000,-1,325.000,325.000,300.000,300.000,625.000,425.000,450.000,-1,800.000,725.000,-1,-1,2,0,2,0,2,0,0,0,0,1,1,1,2,0,0,2,2
81,997.891,-8858.484,-128.071,-13.516,0.972323,0.233606,0.004100,-0.233619,0.971832,0.031064,0.003273,-0.031162,0.999509,0,0.16000,0.24000,9.600,0.480,-1,400.000,-1,375.000,-1,325.000,325.000,300.000,300.000,625.000,450.000,475.000,-1,800.000,725.000,-1,-1,2,0,2,0,2,0,0,0,0,1,1,1,2,0,0,2,2
82,1011.934,-8861.673,-127.999,-12.796,0.975179,0.221374,0.004338,-0.221400,0.974683,0.031217,0.002683,-0.031403,0.999503,0,0.24000,0.36000,14.400,0.720,-1,400.000,-1,375.000,-1,325.000,325.000,300.000,300.000,650.000,450.000,500.000,-1,800.000,725.000,-1,-1,2,0,2,0,2,0,0,0,0,1,1,1,2,0,0,2,2
83,1030.725,-8865.611,-127.917,-11.836,0.978749,0.205011,0.004643,-0.205055,0.978246,0.031417,0.001898,-0.031701,0.999496,0,0.32000,0.48000,19.200,0.960,-1,400.000,-1,375.000,-1,325.000,325.000,300.000,300.000,650.000,475.000,525.000,-1,800.000,725.000,-1,-1,2,0,2,0,2,0,0,0,0,1,1,1,2,0,0,2,2
84,1054.313,-8870.040,-127.834,-10.636,0.982824,0.184477,0.005009,-0.184543,0.982315,0.031657,0.000919,-0.032038,0.999486,0,0.40000,0.60000,24.000,1.200,-1,400.000,-1,375.000,-1,325.000,325.000,300.000,300.000,675.000,500.000,575.000,-1,800.000,700.000,-1,-1,2,0,2,0,2,0,0,0,0,1,1,1,2,0,0,2,2
85,1082.743,-8874.643,-127.763,-9.196,0.987146,0.159731,0.005427,-0.159823,0.986629,0.031932,-0.000254,-0.032388,0.999475,0,0.48000,0.72000,28.800,1.440,-1,400.000,-1,375.000,-1,325.000,325.000,300.000,300.000,700.000,525.000,625.000,-1,800.000,700.000,-1,-1,2,0,2,0,2,0,0,0,0,1,1,1,2,0,0,2,2
86,1112.990,-8878.633,-127.724,-7.516,0.991400,0.130736,0.005843,-0.130857,0.990878,0.032213,-0.001578,-0.032700,0.999464,0,0.50849,0.84000,30.509,1.680,-1,400.000,-1,375.000,-1,325.000,325.000,300.000,300.000,725.000,575.000,750.000,-1,800.000,700.000,-1,-1,2,0,2,0,2,0,0,0,0,1,1,1,2,0,0,2,2
87,1143.827,-8881.655,-127.730,-5.596,0.995220,0.097463,0.006239,-0.097616,0.994694,0.032485,-0.003039,-0.032939,0.999453,0,0.51643,0.96000,30.986,1.920,-1,400.000,-1,375.000,-1,325.000,325.000,300.000,300.000,750.000,625.000,950.000,-1,800.000,700.000,-1,-1,2,0,2,0,2,0,0,0,0,1,1,1,2,0,0,2,2
88,1175.247,-8883.629,-127.783,-3.596,0.998011,0.062689,0.006628,-0.062874,0.997485,0.032732,-0.004559,-0.033084,0.999442,0,0.52470,1.00000,31.482,2.000,-1,400.000,-1,375.000,-1,325.000,325.000,300.000,300.000,800.000,675.000,-1,-1,800.000,725.000,-1,-1,2,0,2,0,2,0,0,0,0,1,1,2,2,0,0,2,2
89,1207.216,-8884.520,-127.883,-1.596,0.999588,0.027840,0.007023,-0.028056,0.999063,0.032947,-0.006099,-0.033130,0.999432,0,0.53302,1.00000,31.981,2.000,-1,400.000,-1,375.000,-1,325.000,325.000,300.000,300.000,825.000,775.000,-1,-1,800.000,725.000,-1,-1,2,0,2,0,2,0,0,0,0,1,1,2,2,0,0,2,2
90,1239.688,-8884.291,-128.032,0.404,0.999948,-0.007044,0.007434,0.006794,0.999428,0.033129,-0.007664,-0.033077,0.999423,0,0.54122,1.00000,32.473,2.000,-1,400.000,-1,400.000,-1,325.000,325.000,300.000,300.000,875.000,-1,-1,-1,800.000,725.000,-1,-1,2,0,2,0,2,0,0,0,0,1,2,2,2,0,0,2,2
91,1272.616,-8882.909,-128.232,2.404,0.999090,-0.041920,0.007872,0.041636,0.998578,0.033280,-0.009256,-0.032922,0.999415,0,0.54929,1.00000,32.957,2.000,-1,400.000,-1,400.000,-1,325.000,325.000,300.000,300.000,900.000,-1,-1,-1,800.000,725.000,-1,-1,2,0,2,0,2,0,0,0,0,1,2,2,2,0,0,2,2
92,1305.949,-8880.341,-128.495,4.404,0.997016,-0.076745,0.008279,0.076429,0.996517,0.033357,-0.010810,-0.032625,0.999409,0,0.55720,1.00000,33.432,2.000,-1,400.000,-1,400.000,-1,325.000,325.000,300.000,300.000,925.000,-1,-1,-1,800.000,725.000,-1,-1,2,0,2,0,2,0,0,0,0,1,2,2,2,0,0,2,2
93,1339.635,-8876.561,-128.835,6.404,0.993730,-0.111477,0.008528,0.111134,0.993240,0.033528,-0.012208,-0.032370,0.999401,0,0.56496,1.00000,33.897,2.000,-1,400.000,-1,400.000,-1,325.000,325.000,300.000,300.000,950.000,-1,-1,-1,800.000,725.000,-1,-1,2,0,2,0,2,0,0,0,0,1,2,2,2,0,0,2,2
94,1373.618,-8871.540,-129.323,8.404,0.989236,-0.146073,0.008631,0.145703,0.988744,0.033985,-0.013498,-0.032362,0.999385,0,0.57253,1.00000,34.352,2.000,-1,400.000,-1,400.000,-1,325.000,325.000,300.000,300.000,975.000,-1,-1,-1,800.000,725.000,-1,-1,2,0,2,0,2,0,0,0,0,1,2,2,2,0,0,2,2
95,1407.840,-8865.257,-129.883,10.404,0.983537,-0.180491,0.008822,0.180092,0.983047,0.034420,-0.014885,-0.032265,0.999369,0,0.57992,1.00000,34.795,2.000,-1,400.000,-1,400.000,-1,325.000,325.000,300.000,300.000,1000.000,-1,-1,-1,800.000,750.000,-1,-1,2,0,2,0,2,0,0,0,0,1,2,2,2,0,0,2,2
96,1442.244,-8857.690,-130.511,12.404,0.976640,-0.214690,0.009091,0.214260,0.976157,0.034800,-0.016346,-0.032039,0.999353,0,0.58710,1.00000,35.226,2.000,-1,400.000,-1,400.000,-1,325.000,325.000,300.000,300.000,-1,-1,-1,-1,800.000,750.000,-1,-1,2,0,2,0,2,0,0,0,0,2,2,2,2,0,0,2,2
97,1476.767,-8848.824,-131.210,14.404,0.968552,-0.248630,0.009449,0.248166,0.968081,0.035123,-0.017880,-0.031674,0.999338,0,0.59407,1.00000,35.644,2.000,-1,400.000,-1,400.000,-1,325.000,325.000,300.000,300.000,-1,-1,-1,-1,800.000,750.000,-1,-1,2,0,2,0,2,0,0,0,0,2,2,2,2,0,0,2,2
98,1511.348,-8838.643,-131.983,16.404,0.959284,-0.282268,0.009906,0.281769,0.958829,0.035391,-0.019488,-0.031159,0.999324,0,0.60081,1.00000,36.049,2.000,-1,400.000,-1,400.000,-1,325.000,325.000,300.000,300.000,-1,-1,-1,-1,800.000,750.000,-1,-1,2,0,2,0,2,0,0,0,0,2,2,2,2,0,0,2,2
99,1541.040,-8828.902,-132.707,18.164,0.950160,-0.311589,0.010387,0.311058,0.949725,0.035578,-0.020950,-0.030574,0.999313,0,0.52081,0.88000,31.249,1.760,-1,400.000,-1,400.000,-1,325.000,325.000,300.000,300.000,-1,-1,-1,-1,800.000,750.000,-1,-1,2,0,2,0,2,0,0,0,0,2,2,2,2,0,0,2,2
100,1565.943,-8819.994,-133.360,19.684,0.941557,-0.336678,0.010861,0.336118,0.941143,0.035706,-0.022243,-0.029969,0.999303,0,0.44081,0.76000,26.449,1.520,-1,400.000,-1,400.000,-1,325.000,325.000,300.000,300.000,-1,-1,-1,-1,775.000,750.000,-1,-1,2,0,2,0,2,0,0,0,0,2,2,2,2,0,0,2,2
101,1586.159,-8812.248,-133.924,20.964,0.933797,-0.357624,0.011299,0.357040,0.933403,0.035790,-0.023346,-0.029387,0.999295,0,0.36081,0.64000,21.649,1.280,-1,400.000,-1,400.000,-1,325.000,325.000,300.000,300.000,-1,-1,-1,-1,775.000,750.000,-1,-1,2,0,2,0,2,0,0,0,0,2,2,2,2,0,0,2,2
102,1601.781,-8805.936,-134.381,22.004,0.927148,-0.374512,0.011676,0.373909,0.926772,0.035844,-0.024245,-0.028867,0.999289,0,0.28081,0.52000,16.849,1.040,-1,400.000,-1,400.000,-1,325.000,325.000,300.000,275.000,-1,-1,-1,-1,775.000,750.000,-1,-1,2,0,2,0,2,0,0,0,0,2,2,2,2,0,0,2,2
103,1612.888,-8801.266,-134.720,22.804,0.921825,-0.387420,0.011969,0.386803,0.921464,0.035874,-0.024927,-0.028440,0.999285,0,0.20081,0.40000,12.049,0.800,-1,400.000,-1,400.000,-1,325.000,325.000,300.000,275.000,-1,-1,-1,-1,775.000,750.000,-1,-1,2,0,2,0,2,0,0,0,0,2,2,2,2,0,0,2,2
104,1619.542,-8798.391,-134.930,23.364,0.917992,-0.396412,0.012161,0.395785,0.917642,0.035887,-0.025386,-0.028131,0.999282,0,0.12081,0.28000,7.249,0.560,-1,400.000,-1,400.000,-1,325.000,325.000,300.000,275.000,-1,-1,-1,-1,750.000,750.000,-1,-1,2,0,2,0,2,0,0,0,0,2,2,2,2,0,0,2,2
105,1621.785,-8797.408,-135.006,23.684,0.915763,-0.401532,0.012242,0.400901,0.915418,0.035885,-0.025616,-0.027954,0.999281,0,0.04081,0.16000,2.449,0.320,-1,400.000,-1,400.000,-1,325.000,325.000,300.000,275.000,-1,-1,-1,-1,750.000,750.000,-1,-1,2,0,2,0,2,0,0,0,0,2,2,2,2,0,0,2,2
106,1619.633,-8798.355,-134.945,23.764,0.915202,-0.402811,0.012207,0.402181,0.914858,0.035869,-0.025616,-0.027918,0.999282,0,-0.03919,0.04000,-2.351,0.080,-1,400.000,-1,400.000,-1,325.000,325.000,300.000,275.000,-1,-1,-1,-1,750.000,750.000,-1,-1,2,0,2,0,2,0,0,0,0,2,2,2,2,0,0,2,2
107,1613.080,-8801.219,-134.748,23.604,0.916325,-0.400253,0.012056,0.399629,0.915976,0.035838,-0.025387,-0.028021,0.999285,0,-0.11919,-0.08000,-7.151,-0.160,-1,400.000,-1,400.000,-1,325.000,325.000,300.000,275.000,-1,-1,-1,-1,775.000,750.000,-1,-1,2,0,2,0,2,0,0,0,0,2,2,2,2,0,0,2,2
108,1602.105,-8805.951,-134.423,23.326,0.918260,-0.395803,0.011810,0.395189,0.917903,0.035783,-0.025003,-0.028191,0.999290,0,-0.19919,-0.13898,-11.951,-0.278,-1,400.000,-1,400.000,-1,325.000,325.000,300.000,275.000,-1,-1,-1,-1,775.000,750.000,-1,-1,2,0,2,0,2,0,0,0,0,2,2,2,2,0,0,2,2
109,1586.692,-8812.511,-133.978,23.054,0.920131,-0.391443,0.011488,0.390842,0.919765,0.035695,-0.024539,-0.028354,0.999297,0,-0.27919,-0.13587,-16.751,-0.272,-1,400.000,-1,400.000,-1,325.000,325.000,300.000,275.000,-1,-1,-1,-1,775.000,750.000,-1,-1,2,0,2,0,2,0,0,0,0,2,2,2,2,0,0,2,2
110,1566.823,-8820.859,-133.419,22.791,0.921923,-0.387215,0.011098,0.386629,0.921549,0.035570,-0.024001,-0.028502,0.999306,0,-0.35919,-0.13152,-21.551,-0.263,-1,400.000,-1,400.000,-1,325.000,325.000,300.000,300.000,-1,-1,-1,-1,775.000,750.000,-1,-1,2,0,2,0,2,0,0,0,0,2,2,2,2,0,0,2,2
111,1542.485,-8830.960,-132.752,22.539,0.923621,-0.383158,0.010650,0.382591,0.923239,0.035403,-0.023397,-0.028625,0.999316,0,-0.43919,-0.12595,-26.351,-0.252,-1,400.000,-1,400.000,-1,325.000,325.000,300.000,300.000,-1,-1,-1,-1,775.000,750.000,-1,-1,2,0,2,0,2,0,0,0,0,2,2,2,2,0,0,2,2
112,1514.966,-8842.246,-132.018,22.301,0.925213,-0.379313,0.010174,0.378766,0.924823,0.035197,-0.022760,-0.028712,0.999329,0,-0.49572,-0.11919,-29.743,-0.238,-1,400.000,-1,400.000,-1,325.000,325.000,300.000,300.000,-1,-1,-1,-1,800.000,750.000,-1,-1,2,0,2,0,2,0,0,0,0,2,2,2,2,0,0,2,2
113,1487.261,-8853.484,-131.300,22.078,0.926688,-0.375706,0.009723,0.375179,0.926293,0.034975,-0.022147,-0.028763,0.999341,0,-0.49830,-0.11162,-29.898,-0.223,-1,400.000,-1,400.000,-1,325.000,325.000,300.000,300.000,-1,-1,-1,-1,800.000,775.000,-1,-1,2,0,2,0,2,0,0,0,0,2,2,2,2,0,0,2,2
114,1463.927,-8862.729,-130.709,21.614,0.929698,-0.368203,0.009353,0.367693,0.929296,0.034790,-0.021502,-0.028905,0.999351,0,-0.41830,-0.23162,-25.098,-0.463,-1,400.000,-1,400.000,-1,325.000,325.000,300.000,300.000,-1,-1,-1,-1,800.000,775.000,-1,-1,2,0,2,0,2,0,0,0,0,2,2,2,2,0,0,2,2
115,1444.966,-8869.974,-130.241,20.911,0.934150,-0.356767,0.009060,0.356274,0.933739,0.034650,-0.020822,-0.029140,0.999358,0,-0.33830,-0.35162,-20.298,-0.703,-1,400.000,-1,400.000,-1,325.000,325.000,300.000,300.000,1000.000,-1,-1,-1,800.000,775.000,-1,-1,2,0,2,0,2,0,0,0,0,1,2,2,2,0,0,2,2
116,1430.399,-8875.266,-129.889,19.968,0.939897,-0.341344,0.008837,0.340866,0.939476,0.034559,-0.020099,-0.029470,0.999364,0,-0.25830,-0.47162,-15.498,-0.943,-1,400.000,-1,400.000,-1,325.000,325.000,300.000,300.000,1000.000,-1,-1,-1,800.000,775.000,-1,-1,2,0,2,0,2,0,0,0,0,1,2,2,2,0,0,2,2
117,1420.271,-8878.711,-129.646,18.785,0.946745,-0.321867,0.008679,0.321403,0.946313,0.034525,-0.019326,-0.029897,0.999366,0,-0.17830,-0.59162,-10.698,-1.183,-1,400.000,-1,400.000,-1,325.000,325.000,300.000,300.000,1000.000,-1,-1,-1,800.000,775.000,-1,-1,2,0,2,0,2,0,0,0,0,1,2,2,2,0,0,2,2
118,1414.642,-8880.471,-129.506,17.361,0.954447,-0.298258,0.008578,0.297808,0.954000,0.034556,-0.018490,-0.030427,0.999366,0,-0.09830,-0.71162,-5.898,-1.423,-1,400.000,-1,400.000,-1,325.000,325.000,300.000,300.000,1000.000,-1,-1,-1,800.000,775.000,-1,-1,2,0,2,0,2,0,0,0,0,1,2,2,2,0,0,2,2
119,1413.585,-8880.768,-129.458,15.700,0.962691,-0.270469,0.008526,0.270032,0.962227,0.034661,-0.017579,-0.031065,0.999363,0,-0.01830,-0.83069,-1.098,-1.661,-1,400.000,-1,400.000,-1,325.000,325.000,300.000,300.000,1000.000,-1,-1,-1,800.000,750.000,-1,-1,2,0,2,0,2,0,0,0,0,1,2,2,2,0,0,2,2
120,1417.176,-8879.869,-129.497,14.039,0.970123,-0.242463,0.008520,0.242037,0.969642,0.034831,-0.016707,-0.031728,0.999357,0,0.06170,-0.83039,3.702,-1.661,-1,400.000,-1,400.000,-1,325.000,325.000,300.000,300.000,-1,-1,-1,-1,800.000,750.000,-1,-1,2,0,2,0,2,0,0,0,0,2,2,2,2,0,0,2,2
121,1425.480,-8878.047,-129.613,12.376,0.976748,-0.214219,0.008550,0.213802,0.976247,0.035077,-0.015861,-0.032433,0.999348,0,0.14170,-0.83143,8.502,-1.663,-1,400.000,-1,400.000,-1,325.000,325.000,300.000,300.000,-1,-1,-1,-1,800.000,750.000,-1,-1,2,0,2,0,2,0,0,0,0,2,2,2,2,0,0,2,2
122,1438.551,-8875.575,-129.796,10.708,0.982567,-0.185710,0.008606,0.185301,0.982044,0.035407,-0.015027,-0.033195,0.999336,0,0.22170,-0.83391,13.302,-1.668,-1,400.000,-1,400.000,-1,325.000,325.000,300.000,300.000,-1,-1,-1,-1,800.000,750.000,-1,-1,2,0,2,0,2,0,0,0,0,2,2,2,2,0,0,2,2
123,1456.428,-8872.733,-130.038,9.033,0.987575,-0.156906,0.008683,0.156504,0.987027,0.035830,-0.014192,-0.034026,0.999320,0,0.30170,-0.83792,18.102,-1.676,-1,400.000,-1,400.000,-1,325.000,325.000,300.000,300.000,-1,-1,-1,-1,800.000,725.000,-1,-1,2,0,2,0,2,0,0,0,0,2,2,2,2,0,0,2,2
124,1479.142,-8869.804,-130.327,7.346,0.991764,-0.127775,0.008772,0.127379,0.991188,0.036356,-0.013340,-0.034939,0.999300,0,0.38170,-0.84356,22.902,-1.687,-1,400.000,-1,400.000,-1,325.000,325.000,300.000,300.000,-1,-1,-1,-1,800.000,725.000,-1,-1,2,0,2,0,2,0,0,0,0,2,2,2,2,0,0,2,2
125,1506.710,-8867.080,-130.654,5.644,0.995119,-0.098279,0.008867,0.097889,0.994510,0.036993,-0.012454,-0.035945,0.999276,0,0.46170,-0.85090,27.702,-1.702,-1,400.000,-1,400.000,-1,325.000,325.000,300.000,300.000,1000.000,-1,-1,-1,775.000,725.000,-1,-1,2,0,2,0,2,0,0,0,0,1,2,2,2,0,0,2,2
126,1539.136,-8864.855,-131.006,3.924,0.997619,-0.068379,0.008963,0.067995,0.996971,0.037753,-0.011518,-0.037054,0.999247,0,0.54170,-0.86006,32.502,-1.720,-1,400.000,-1,400.000,-1,325.000,325.000,300.000,300.000,975.000,-1,-1,-1,775.000,700.000,-1,-1,2,0,2,0,2,0,0,0,0,1,2,2,2,0,0,2,2
127,1576.411,-8863.435,-131.370,2.181,0.999235,-0.038035,0.009055,0.037658,0.998543,0.038647,-0.010511,-0.038277,0.999212,0,0.62170,-0.87112,37.302,-1.742,-1,400.000,-1,375.000,-1,325.000,325.000,300.000,300.000,975.000,-1,-1,-1,775.000,700.000,-1,-1,2,0,2,0,2,0,0,0,0,1,2,2,2,0,0,2,2
128,1618.512,-8863.131,-131.731,0.413,0.999932,-0.007203,0.009135,0.006835,0.999189,0.039689,-0.009414,-0.039623,0.999170,0,0.70170,-0.88417,42.102,-1.768,-1,400.000,-1,375.000,-1,325.000,325.000,300.000,300.000,975.000,-1,-1,-1,775.000,700.000,-1,-1,2,0,2,0,2,0,0,0,0,1,2,2,2,0,0,2,2
129,1662.315,-8864.190,-132.048,-1.386,0.999666,0.024160,0.009199,-0.024516,0.998866,0.040821,-0.008202,-0.041033,0.999124,0,0.73027,-0.89928,43.816,-1.799,-1,400.000,-1,375.000,-1,325.000,325.000,300.000,300.000,975.000,-1,-1,-1,750.000,700.000,-1,-1,2,0,2,0,2,0,0,0,0,1,2,2,2,0,0,2,2
130,1706.544,-8866.674,-132.302,-3.216,0.998385,0.056055,0.009244,-0.056396,0.997524,0.042022,-0.006866,-0.042475,0.999074,0,0.73831,-0.91538,44.298,-1.831,-1,400.000,-1,375.000,-1,325.000,325.000,300.000,300.000,-1,-1,-1,-1,750.000,675.000,-1,-1,2,0,2,0,2,0,0,0,0,2,2,2,2,0,0,2,2
131,1751.201,-8870.644,-132.488,-5.080,0.996036,0.088466,0.009275,-0.088787,0.995109,0.043299,-0.005399,-0.043951,0.999019,0,0.74721,-0.93201,44.833,-1.864,-1,400.000,-1,375.000,-1,325.000,325.000,300.000,300.000,-1,-1,-1,-1,750.000,675.000,-1,-1,2,0,2,0,2,0,0,0,0,2,2,2,2,0,0,2,2
132,1796.283,-8876.161,-132.599,-6.979,0.992563,0.121374,0.009294,-0.121670,0.991565,0.044659,-0.003795,-0.045457,0.998959,0,0.75695,-0.94916,45.417,-1.898,-1,400.000,-1,375.000,-1,325.000,325.000,300.000,300.000,-1,-1,-1,-1,750.000,675.000,-1,-1,2,0,2,0,2,0,0,0,0,2,2,2,2,0,0,2,2
133,1841.484,-8883.236,-132.627,-8.897,0.987951,0.154485,0.009305,-0.154751,0.986877,0.046099,-0.002061,-0.046984,0.998894,0,0.76251,-0.95909,45.751,-1.918,-1,400.000,-1,375.000,-1,325.000,325.000,300.000,300.000,-1,-1,-1,-1,750.000,675.000,-1,-1,2,0,2,0,2,0,0,0,0,2,2,2,2,0,0,2,2
134,1886.627,-8891.870,-132.568,-10.827,0.982196,0.187630,0.009314,-0.187861,0.981041,0.047620,-0.000202,-0.048522,0.998822,0,0.76603,-0.96529,45.962,-1.931,-1,400.000,-1,375.000,-1,325.000,300.000,300.000,300.000,-1,-1,-1,-1,750.000,650.000,-1,-1,2,0,2,0,2,0,0,0,0,2,2,2,2,0,0,2,2
135,1931.684,-8902.082,-132.406,-12.771,0.975283,0.220775,0.009020,-0.220949,0.974041,0.049253,0.002088,-0.050028,0.998746,0,0.76999,-0.97170,46.199,-1.943,-1,400.000,-1,375.000,-1,325.000,300.000,300.000,300.000,-1,-1,-1,-1,725.000,650.000,-1,-1,2,0,2,0,2,0,0,0,0,2,2,2,2,0,0,2,2
136,1976.620,-8913.893,-132.011,-14.727,0.967199,0.253890,0.008057,-0.253968,0.965888,0.050597,0.005064,-0.050984,0.998687,0,0.77436,-0.97831,46.461,-1.957,-1,400.000,-1,375.000,-1,325.000,300.000,300.000,300.000,-1,-1,-1,-1,725.000,650.000,-1,-1,2,0,2,0,2,0,0,0,0,2,2,2,2,0,0,2,2
137,2021.396,-8927.324,-131.521,-16.698,0.957924,0.286932,0.007151,-0.286907,0.956539,0.052137,0.008119,-0.051995,0.998614,0,0.77911,-0.98510,46.746,-1.970,-1,400.000,-1,375.000,-1,325.000,300.000,300.000,300.000,-1,-1,-1,-1,725.000,650.000,-1,-1,2,0,2,0,2,0,0,0,0,2,2,2,2,0,0,2,2
