timestep,x_cm,y_cm,z_cm,yaw_deg,basis_xx,basis_xy,basis_xz,basis_yx,basis_yy,basis_yz,basis_zx,basis_zy,basis_zz,teleport_flag,throttle_cmd,steering_cmd,cmd_move_cm,cmd_turn_deg,lidar_cm_0,lidar_cm_1,lidar_cm_2,lidar_cm_3,lidar_cm_4,lidar_cm_5,lidar_cm_6,lidar_cm_7,lidar_cm_8,lidar_cm_9,lidar_cm_10,lidar_cm_11,lidar_cm_12,lidar_cm_13,lidar_cm_14,lidar_cm_15,lidar_cm_16,lidar_class_0,lidar_class_1,lidar_class_2,lidar_class_3,lidar_class_4,lidar_class_5,lidar_class_6,lidar_class_7,lidar_class_8,lidar_class_9,lidar_class_10,lidar_class_11,lidar_class_12,lidar_class_13,lidar_class_14,lidar_class_15,lidar_class_16
0,4258.853,8856.027,261.354,168.640,-0.980298,-0.196933,0.015270,0.197196,-0.980194,0.018241,0.011375,0.020893,0.999717,1,0.08000,-0.06841,4.800,-0.137,-1,400.000,-1,400.000,-1,325.000,325.000,325.000,325.000,-1,-1,-1,-1,775.000,750.000,-1,-1,2,0,2,0,2,0,0,0,0,2,2,2,2,0,0,2,2
1,4249.445,8857.940,261.475,168.503,-0.979825,-0.199278,0.015184,0.199540,-0.979718,0.018333,0.011223,0.020992,0.999717,0,0.16000,-0.06856,9.600,-0.137,-1,400.000,-1,400.000,-1,325.000,325.000,325.000,325.000,-1,-1,-1,-1,775.000,750.000,-1,-1,2,0,2,0,2,0,0,0,0,2,2,2,2,0,0,2,2
2,4235.341,8860.845,261.655,168.365,-0.979345,-0.201632,0.015061,0.201893,-0.979233,0.018468,0.011024,0.021127,0.999716,0,0.24000,-0.06889,14.400,-0.138,-1,375.000,-1,400.000,-1,325.000,325.000,325.000,325.000,-1,-1,-1,-1,775.000,750.000,-1,-1,2,0,2,0,2,0,0,0,0,2,2,2,2,0,0,2,2
3,4216.545,8864.762,261.895,168.226,-0.978857,-0.204003,0.014903,0.204262,-0.978739,0.018650,0.010782,0.021300,0.999715,0,0.32000,-0.06939,19.200,-0.139,-1,375.000,-1,400.000,-1,325.000,325.000,325.000,325.000,-1,-1,-1,-1,775.000,750.000,-1,-1,2,0,2,0,2,0,0,0,0,2,2,2,2,0,0,2,2
4,4193.062,8869.717,262.193,168.086,-0.978358,-0.206397,0.014716,0.206654,-0.978232,0.018879,0.010499,0.021511,0.999713,0,0.40000,-0.07011,24.000,-0.140,-1,375.000,-1,400.000,-1,325.000,325.000,325.000,325.000,-1,-1,-1,-1,775.000,725.000,-1,-1,2,0,2,0,2,0,0,0,0,2,2,2,2,0,0,2,2
5,4164.897,8875.732,262.551,167.944,-0.977846,-0.208822,0.014504,0.209077,-0.977711,0.019156,0.010180,0.021764,0.999711,0,0.48000,-0.07108,28.800,-0.142,-1,375.000,-1,400.000,-1,325.000,325.000,325.000,325.000,-1,-1,-1,-1,750.000,725.000,-1,-1,2,0,2,0,2,0,0,0,0,2,2,2,2,0,0,2,2
6,4132.056,8882.833,262.970,167.799,-0.977319,-0.211289,0.014273,0.211542,-0.977175,0.019484,0.009831,0.022061,0.999708,0,0.56000,-0.07234,33.600,-0.145,-1,375.000,-1,400.000,-1,325.000,325.000,325.000,325.000,-1,-1,-1,-1,750.000,725.000,-1,-1,2,0,2,0,2,0,0,0,0,2,2,2,2,0,0,2,2
7,4094.545,8891.046,263.449,167.651,-0.976775,-0.213808,0.014031,0.214060,-0.976619,0.019862,0.009456,0.022404,0.999704,0,0.64000,-0.07394,38.400,-0.148,-1,375.000,-1,375.000,-1,325.000,325.000,325.000,325.000,-1,-1,-1,-1,750.000,725.000,-1,-1,2,0,2,0,2,0,0,0,0,2,2,2,2,0,0,2,2
8,4052.369,8900.396,263.989,167.499,-0.976209,-0.216394,0.013785,0.216643,-0.976040,0.020293,0.009064,0.022796,0.999699,0,0.72000,-0.07593,43.200,-0.152,-1,375.000,-1,375.000,-1,300.000,325.000,325.000,325.000,-1,-1,-1,-1,750.000,725.000,-1,-1,2,0,2,0,2,0,0,0,0,2,2,2,2,0,0,2,2
9,4005.535,8910.914,264.578,167.343,-0.975616,-0.219062,0.013580,0.219309,-0.975436,0.020705,0.008711,0.023179,0.999693,0,0.80000,-0.07837,48.000,-0.157,-1,375.000,-1,375.000,-1,300.000,325.000,325.000,325.000,-1,-1,-1,-1,750.000,700.000,-1,-1,2,0,2,0,2,0,0,0,0,2,2,2,2,0,0,2,2
10,3957.870,8921.761,265.050,167.180,-0.974989,-0.221831,0.013715,0.222079,-0.974813,0.020523,0.008817,0.023055,0.999695,0,0.81474,-0.08133,48.884,-0.163,-1,375.000,-1,375.000,-1,300.000,300.000,325.000,325.000,-1,-1,-1,-1,750.000,700.000,-1,-1,2,0,2,0,2,0,0,0,0,2,2,2,2,0,0,2,2
11,3910.366,8932.719,265.535,167.011,-0.974327,-0.224709,0.013905,0.224960,-0.974155,0.020382,0.008965,0.022987,0.999696,0,0.81253,-0.08460,48.752,-0.169,-1,375.000,-1,375.000,-1,300.000,300.000,325.000,325.000,-1,-1,-1,-1,750.000,700.000,-1,-1,2,0,2,0,2,0,0,0,0,2,2,2,2,0,0,2,2
12,3860.382,8944.407,266.049,166.838,-0.973640,-0.227640,0.014316,0.227899,-0.973474,0.020278,0.009320,0.023007,0.999692,0,0.85554,-0.08623,51.332,-0.172,-1,375.000,-1,375.000,-1,300.000,300.000,325.000,325.000,-1,-1,-1,-1,750.000,700.000,-1,-1,2,0,2,0,2,0,0,0,0,2,2,2,2,0,0,2,2
13,3810.666,8956.191,266.679,166.665,-0.972937,-0.230580,0.015029,0.230850,-0.972789,0.019768,0.010062,0.022703,0.999692,0,0.85156,-0.08650,51.094,-0.173,-1,375.000,-1,375.000,-1,300.000,300.000,325.000,325.000,-1,-1,-1,-1,750.000,700.000,-1,-1,2,0,2,0,2,0,0,0,0,2,2,2,2,0,0,2,2
14,3761.213,8968.072,267.333,166.491,-0.972220,-0.233538,0.015784,0.233819,-0.972089,0.019261,0.010846,0.022416,0.999690,0,0.84766,-0.08710,50.860,-0.174,-1,375.000,-1,375.000,-1,325.000,300.000,325.000,325.000,-1,-1,-1,-1,750.000,700.000,-1,-1,2,0,2,0,2,0,0,0,0,2,2,2,2,0,0,2,2
15,3712.017,8980.051,268.011,166.315,-0.971484,-0.236524,0.016582,0.236817,-0.971373,0.018755,0.011671,0.022147,0.999687,0,0.84389,-0.08801,50.633,-0.176,-1,375.000,-1,375.000,-1,325.000,300.000,325.000,325.000,1000.000,-1,-1,-1,750.000,700.000,-1,-1,2,0,2,0,2,0,0,0,0,1,2,2,2,0,0,2,2
16,3663.069,8992.131,268.713,166.137,-0.970728,-0.239550,0.017421,0.239855,-0.970637,0.018252,0.012538,0.021897,0.999682,0,0.84027,-0.08922,50.416,-0.178,-1,400.000,-1,375.000,-1,325.000,300.000,325.000,325.000,925.000,-1,-1,-1,750.000,700.000,-1,-1,2,0,2,0,2,0,0,0,0,1,2,2,2,0,0,2,2
17,3614.359,9004.316,269.441,165.955,-0.969948,-0.242624,0.018304,0.242942,-0.969879,0.017750,0.013446,0.021664,0.999675,0,0.83686,-0.09073,50.211,-0.181,-1,400.000,-1,375.000,-1,325.000,325.000,325.000,325.000,900.000,-1,-1,-1,750.000,725.000,-1,-1,2,0,2,0,2,0,0,0,0,1,2,2,2,0,0,2,2
18,3565.873,9016.612,270.194,165.770,-0.969141,-0.245756,0.019231,0.246087,-0.969094,0.017250,0.014398,0.021450,0.999666,0,0.83367,-0.09253,50.020,-0.185,-1,400.000,-1,375.000,-1,325.000,325.000,325.000,325.000,900.000,-1,-1,-1,775.000,725.000,-1,-1,2,0,2,0,2,0,0,0,0,1,2,2,2,0,0,2,2
19,3513.982,9030.182,271.038,165.345,-0.967269,-0.252940,0.020324,0.253286,-0.967247,0.016724,0.015428,0.021325,0.999654,0,0.89394,-0.21253,53.636,-0.425,-1,400.000,-1,375.000,-1,325.000,325.000,325.000,325.000,900.000,-1,-1,-1,775.000,725.000,-1,-1,2,0,2,0,2,0,0,0,0,1,2,2,2,0,0,2,2
20,3462.435,9044.303,271.800,164.680,-0.964251,-0.264152,0.021039,0.264500,-0.964255,0.015854,0.016099,0.020852,0.999653,0,0.89077,-0.33253,53.446,-0.665,-1,400.000,-1,375.000,-1,325.000,325.000,325.000,325.000,900.000,-1,-1,-1,775.000,750.000,-1,-1,2,0,2,0,2,0,0,0,0,1,2,2,2,0,0,2,2
21,3411.297,9059.184,272.549,163.775,-0.959944,-0.279354,0.021663,0.279698,-0.959973,0.014863,0.016644,0.020327,0.999655,0,0.88765,-0.45253,53.259,-0.905,-1,400.000,-1,375.000,-1,325.000,325.000,325.000,325.000,900.000,-1,-1,-1,775.000,750.000,-1,-1,2,0,2,0,2,0,0,0,0,1,2,2,2,0,0,2,2
22,3360.637,9075.031,273.316,162.630,-0.954153,-0.298484,0.022333,0.298826,-0.954207,0.013861,0.017173,0.019899,0.999654,0,0.88468,-0.57253,53.081,-1.145,-1,400.000,-1,375.000,-1,325.000,325.000,325.000,325.000,900.000,-1,575.000,-1,775.000,775.000,-1,-1,2,0,2,0,2,0,0,0,0,1,2,0,2,0,0,2,2
23,3310.529,9092.046,274.095,161.245,-0.946643,-0.321464,0.022993,0.321802,-0.946720,0.012846,0.017639,0.019560,0.999653,0,0.88195,-0.69253,52.917,-1.385,-1,400.000,-1,375.000,-1,325.000,325.000,325.000,325.000,900.000,700.000,550.000,-1,775.000,800.000,-1,-1,2,0,2,0,2,0,0,0,0,1,0,0,2,0,0,2,2
24,3261.059,9110.424,274.888,159.620,-0.937128,-0.348184,0.023645,0.348520,-0.937227,0.011838,0.018039,0.019335,0.999650,0,0.87956,-0.81253,52.774,-1.625,-1,400.000,-1,375.000,-1,325.000,325.000,325.000,325.000,900.000,700.000,525.000,-1,775.000,800.000,-1,-1,2,0,2,0,2,0,0,0,0,1,0,0,2,0,0,2,2
25,3212.302,9130.310,275.719,157.812,-0.925661,-0.377577,0.024252,0.377909,-0.925779,0.010836,0.018361,0.019196,0.999647,0,0.87761,-0.90385,52.656,-1.808,-1,400.000,-1,400.000,-1,325.000,325.000,325.000,325.000,900.000,675.000,525.000,-1,775.000,825.000,-1,-1,2,0,2,0,2,0,0,0,0,1,0,0,2,0,0,2,2
26,3164.275,9151.698,276.678,155.994,-0.913210,-0.406753,0.024481,0.407073,-0.913344,0.009706,0.018412,0.018829,0.999653,0,0.87624,-0.90878,52.574,-1.818,-1,400.000,-1,400.000,-1,325.000,325.000,325.000,325.000,900.000,700.000,525.000,-1,800.000,850.000,-1,-1,2,0,2,0,2,0,0,0,0,1,0,0,2,0,0,2,2
27,3116.986,9174.593,277.238,154.166,-0.899778,-0.435672,0.024266,0.436009,-0.899878,0.010713,0.017169,0.020219,0.999648,0,0.87566,-0.91410,52.540,-1.828,-1,400.000,-1,400.000,-1,325.000,300.000,325.000,325.000,950.000,850.000,625.000,-1,775.000,875.000,-1,-1,2,0,2,0,2,0,0,0,0,1,0,0,2,0,0,2,2
28,3070.444,9199.000,277.729,152.327,-0.885342,-0.464315,0.024103,0.464678,-0.885393,0.012379,0.015592,0.022160,0.999633,0,0.87588,-0.91977,52.553,-1.840,-1,375.000,-1,400.000,-1,300.000,300.000,325.000,325.000,1000.000,-1,800.000,-1,775.000,875.000,-1,-1,2,0,2,0,2,0,0,0,0,1,2,0,2,0,0,2,2
29,3024.664,9224.926,278.236,150.475,-0.869891,-0.492654,0.024111,0.493048,-0.869884,0.014335,0.013911,0.024358,0.999607,0,0.87686,-0.92578,52.612,-1.852,-1,375.000,-1,400.000,-1,300.000,325.000,325.000,325.000,-1,-1,-1,-1,775.000,875.000,-1,-1,2,0,2,0,2,0,0,0,0,2,2,2,2,0,0,2,2
30,2979.664,9252.382,278.763,148.611,-0.853419,-0.520659,0.024315,0.521085,-0.853344,0.016575,0.012119,0.026816,0.999567,0,0.87857,-0.93210,52.714,-1.864,-1,375.000,-1,400.000,-1,300.000,325.000,325.000,325.000,-1,-1,-1,-1,775.000,875.000,-1,-1,2,0,2,0,2,0,0,0,0,2,2,2,2,0,0,2,2
31,2935.467,9281.376,279.114,146.734,-0.835908,-0.548307,0.024837,0.548762,-0.835783,0.018067,0.010852,0.028732,0.999528,0,0.88099,-0.93873,52.859,-1.877,-1,375.000,-1,400.000,-1,300.000,325.000,325.000,325.000,-1,-1,-1,-1,775.000,900.000,-1,-1,2,0,2,0,2,0,0,0,0,2,2,2,2,0,0,2,2
32,2892.099,9311.920,279.474,144.842,-0.817364,-0.575555,0.025542,0.576043,-0.817181,0.019746,0.009507,0.030853,0.999479,0,0.88406,-0.94563,53.044,-1.891,-1,375.000,-1,425.000,-1,300.000,325.000,325.000,325.000,-1,-1,-1,-1,800.000,900.000,-1,-1,2,0,2,0,2,0,0,0,0,2,2,2,2,0,0,2,2
33,2849.595,9344.022,279.845,142.937,-0.797782,-0.602366,0.026446,0.602892,-0.797531,0.021594,0.008084,0.033172,0.999417,0,0.88775,-0.95280,53.265,-1.906,-1,375.000,-1,425.000,-1,325.000,325.000,325.000,325.000,-1,-1,-1,-1,825.000,925.000,-1,-1,2,0,2,0,2,0,0,0,0,2,2,2,2,0,0,2,2
34,2811.785,9374.343,280.181,141.271,-0.779946,-0.625246,0.027423,0.625810,-0.779627,0.023314,0.006803,0.035345,0.999352,0,0.80775,-0.83280,48.465,-1.666,-1,400.000,-1,425.000,-1,325.000,325.000,325.000,325.000,-1,-1,-1,-1,825.000,925.000,-1,-1,2,0,2,0,2,0,0,0,0,2,2,2,2,0,0,2,2
35,2778.411,9402.500,280.495,139.845,-0.764160,-0.644401,0.028413,0.645002,-0.763774,0.024933,0.005634,0.037379,0.999285,0,0.72775,-0.71280,43.665,-1.426,-1,400.000,-1,425.000,-1,325.000,325.000,325.000,325.000,-1,-1,-1,-1,850.000,950.000,-1,-1,2,0,2,0,2,0,0,0,0,2,2,2,2,0,0,2,2
36,2747.730,9429.491,280.802,138.660,-0.750675,-0.660017,0.029391,0.660656,-0.750221,0.026500,0.004559,0.039311,0.999217,0,0.68105,-0.59280,40.863,-1.186,-1,400.000,-1,425.000,-1,325.000,325.000,325.000,325.000,-1,-1,-1,-1,850.000,950.000,-1,-1,2,0,2,0,2,0,0,0,0,2,2,2,2,0,0,2,2
37,2717.313,9457.153,281.125,137.714,-0.739696,-0.672257,0.030340,0.672932,-0.739170,0.028120,0.003523,0.041217,0.999144,0,0.68524,-0.47280,41.115,-0.946,-1,400.000,-1,425.000,-1,325.000,325.000,325.000,325.000,-1,-1,-1,-1,850.000,950.000,-1,-1,2,0,2,0,2,0,0,0,0,2,2,2,2,0,0,2,2
38,2687.096,9485.424,281.269,136.905,-0.730165,-0.682601,0.030254,0.683268,-0.729565,0.029647,0.001836,0.042319,0.999102,0,0.68967,-0.40474,41.380,-0.809,-1,425.000,-1,425.000,-1,325.000,325.000,325.000,325.000,-1,-1,-1,-1,850.000,950.000,-1,-1,2,0,2,0,2,0,0,0,0,2,2,2,2,0,0,2,2
39,2657.090,9514.318,280.901,136.083,-0.720390,-0.693025,0.027456,0.693567,-0.719729,0.030900,-0.001653,0.041303,0.999145,0,0.69427,-0.41095,41.656,-0.822,-1,400.000,-1,425.000,-1,325.000,325.000,325.000,325.000,-1,-1,-1,-1,825.000,950.000,-1,-1,2,0,2,0,2,0,0,0,0,2,2,2,2,0,0,2,2
40,2627.306,9543.847,280.541,135.248,-0.710304,-0.703462,0.024659,0.703875,-0.709588,0.032319,-0.005238,0.040313,0.999173,0,0.69902,-0.41725,41.941,-0.835,-1,400.000,-1,425.000,-1,325.000,325.000,325.000,325.000,-1,-1,-1,-1,825.000,925.000,-1,-1,2,0,2,0,2,0,0,0,0,2,2,2,2,0,0,2,2
41,2597.896,9573.870,280.118,134.410,-0.700008,-0.713786,0.022334,0.714083,-0.699237,0.033945,-0.008613,0.039710,0.999174,0,0.70046,-0.41914,42.027,-0.838,-1,400.000,-1,425.000,-1,325.000,325.000,325.000,325.000,-1,-1,-1,-1,800.000,925.000,-1,-1,2,0,2,0,2,0,0,0,0,2,2,2,2,0,0,2,2
42,2568.927,9604.319,279.427,133.572,-0.689546,-0.723924,0.021464,0.724156,-0.688705,0.035839,-0.011162,0.040256,0.999127,0,0.70046,-0.41914,42.027,-0.838,-1,400.000,-1,425.000,-1,325.000,325.000,325.000,325.000,-1,-1,-1,-1,775.000,900.000,-1,-1,2,0,2,0,2,0,0,0,0,2,2,2,2,0,0,2,2
43,2538.176,9637.326,278.665,132.974,-0.682005,-0.731046,0.020990,0.731223,-0.681081,0.037968,-0.013460,0.041242,0.999059,0,0.75186,-0.29914,45.112,-0.598,-1,400.000,-1,425.000,-1,325.000,325.000,325.000,325.000,-1,-1,-1,-1,775.000,900.000,-1,-1,2,0,2,0,2,0,0,0,0,2,2,2,2,0,0,2,2
44,2507.739,9670.623,277.894,132.431,-0.675109,-0.737424,0.020819,0.737553,-0.674093,0.040185,-0.015600,0.042485,0.998975,0,0.75186,-0.27126,45.112,-0.543,-1,400.000,-1,425.000,-1,325.000,325.000,325.000,325.000,-1,-1,-1,-1,775.000,875.000,-1,-1,2,0,2,0,2,0,0,0,0,2,2,2,2,0,0,2,2
45,2477.618,9704.206,277.144,131.888,-0.668157,-0.743729,0.020798,0.743809,-0.667041,0.042480,-0.017721,0.043853,0.998881,0,0.75186,-0.27126,45.112,-0.543,-1,400.000,-1,425.000,-1,325.000,325.000,325.000,325.000,-1,-1,-1,-1,775.000,875.000,-1,-1,2,0,2,0,2,0,0,0,0,2,2,2,2,0,0,2,2
46,2447.816,9738.073,276.413,131.346,-0.661150,-0.749962,0.020928,0.749992,-0.659925,0.044849,-0.019825,0.045348,0.998775,0,0.75186,-0.27126,45.112,-0.543,-1,400.000,-1,425.000,-1,325.000,325.000,300.000,325.000,-1,-1,-1,-1,750.000,850.000,-1,-1,2,0,2,0,2,0,0,0,0,2,2,2,2,0,0,2,2
47,2418.336,9772.220,275.616,130.803,-0.654099,-0.756109,0.021284,0.756084,-0.652735,0.047687,-0.022164,0.047285,0.998636,0,0.75186,-0.27126,45.112,-0.543,-1,400.000,-1,425.000,-1,325.000,325.000,300.000,325.000,-1,-1,-1,-1,750.000,825.000,-1,-1,2,0,2,0,2,0,0,0,0,2,2,2,2,0,0,2,2
48,2389.181,9806.645,274.660,130.261,-0.647023,-0.762154,0.021965,0.762060,-0.645461,0.051422,-0.025014,0.050010,0.998435,0,0.75186,-0.27126,45.112,-0.543,-1,375.000,-1,400.000,-1,325.000,325.000,325.000,325.000,-1,-1,-1,-1,750.000,800.000,-1,-1,2,0,2,0,2,0,0,0,0,2,2,2,2,0,0,2,2
49,2360.353,9841.344,273.715,129.718,-0.639901,-0.768118,0.022830,0.767952,-0.638121,0.055249,-0.027869,0.052886,0.998212,0,0.75186,-0.27126,45.112,-0.543,-1,375.000,-1,400.000,-1,325.000,325.000,325.000,325.000,-1,-1,-1,-1,725.000,800.000,-1,-1,2,0,2,0,2,0,0,0,0,2,2,2,2,0,0,2,2
50,2331.854,9876.315,272.782,129.176,-0.632738,-0.773998,0.023881,0.773756,-0.630715,0.059162,-0.030729,0.055913,0.997963,0,0.75186,-0.27126,45.112,-0.543,-1,375.000,-1,400.000,-1,325.000,325.000,325.000,325.000,-1,-1,-1,-1,725.000,775.000,-1,-1,2,0,2,0,2,0,0,0,0,2,2,2,2,0,0,2,2
51,2303.688,9911.553,271.839,128.633,-0.625530,-0.779796,0.025096,0.779479,-0.623247,0.063049,-0.033524,0.059001,0.997695,0,0.75186,-0.27126,45.112,-0.543,-1,375.000,-1,400.000,-1,300.000,325.000,325.000,300.000,-1,-1,-1,-1,725.000,750.000,-1,-1,2,0,2,0,2,0,0,0,0,2,2,2,2,0,0,2,2
52,2275.857,9947.058,270.442,128.091,-0.618186,-0.785605,0.025912,0.785264,-0.615790,0.064524,-0.034734,0.060235,0.997580,0,0.75186,-0.27126,45.112,-0.543,-1,375.000,-1,400.000,-1,300.000,325.000,325.000,300.000,-1,-1,-1,-1,700.000,725.000,-1,-1,2,0,2,0,2,0,0,0,0,2,2,2,2,0,0,2,2
53,2248.364,9982.824,268.803,127.548,-0.610732,-0.791394,0.026487,0.791065,-0.608319,0.064532,-0.034958,0.060365,0.997564,0,0.75186,-0.27126,45.112,-0.543,-1,375.000,-1,400.000,-1,300.000,325.000,325.000,300.000,-1,-1,-1,-1,700.000,725.000,-1,-1,2,0,2,0,2,0,0,0,0,2,2,2,2,0,0,2,2
54,2221.211,10018.850,267.209,127.006,-0.603224,-0.797109,0.027150,0.796798,-0.600791,0.064522,-0.035120,0.060554,0.997547,0,0.75186,-0.27126,45.112,-0.543,-1,375.000,-1,400.000,-1,300.000,325.000,325.000,325.000,-1,-1,-1,-1,700.000,725.000,-1,-1,2,0,2,0,2,0,0,0,0,2,2,2,2,0,0,2,2
55,2194.401,10055.130,265.661,126.463,-0.595663,-0.802750,0.027898,0.802462,-0.593208,0.064493,-0.035223,0.060803,0.997528,0,0.75186,-0.27126,45.112,-0.543,-1,375.000,-1,400.000,-1,300.000,325.000,325.000,325.000,-1,-1,-1,-1,700.000,725.000,-1,-1,2,0,2,0,2,0,0,0,0,2,2,2,2,0,0,2,2
56,2167.935,10091.664,264.047,125.921,-0.588045,-0.808338,0.028148,0.808043,-0.585585,0.064471,-0.035632,0.060657,0.997523,0,0.75186,-0.27126,45.112,-0.543,-1,375.000,-1,400.000,-1,300.000,325.000,325.000,325.000,-1,-1,-1,-1,675.000,700.000,-1,-1,2,0,2,0,2,0,0,0,0,2,2,2,2,0,0,2,2
57,2141.817,10128.446,262.447,125.378,-0.580375,-0.813857,0.028319,0.813550,-0.577913,0.064448,-0.036086,0.060443,0.997519,0,0.75186,-0.27126,45.112,-0.543,-1,375.000,-1,375.000,-1,300.000,300.000,325.000,325.000,-1,-1,-1,-1,675.000,700.000,-1,-1,2,0,2,0,2,0,0,0,0,2,2,2,2,0,0,2,2
58,2116.048,10165.474,260.902,124.836,-0.572652,-0.819298,0.028633,0.818988,-0.570184,0.064413,-0.036447,0.060336,0.997512,0,0.75186,-0.27126,45.112,-0.543,-1,375.000,-1,375.000,-1,300.000,300.000,325.000,325.000,-1,-1,-1,-1,675.000,700.000,-1,-1,2,0,2,0,2,0,0,0,0,2,2,2,2,0,0,2,2
59,2089.235,10205.145,259.299,124.053,-0.561426,-0.827013,0.029154,0.826702,-0.558945,0.064373,-0.036942,0.060242,0.997500,0,0.79804,-0.39126,47.882,-0.783,-1,375.000,-1,375.000,-1,300.000,300.000,325.000,325.000,-1,-1,-1,-1,675.000,700.000,-1,-1,2,0,2,0,2,0,0,0,0,2,2,2,2,0,0,2,2
60,2063.135,10245.289,257.719,123.031,-0.546601,-0.836860,0.029883,0.836549,-0.544100,0.064354,-0.037596,0.060175,0.997480,0,0.79804,-0.51126,47.882,-1.023,-1,375.000,-1,375.000,-1,300.000,300.000,325.000,325.000,-1,-1,-1,-1,650.000,675.000,-1,-1,2,0,2,0,2,0,0,0,0,2,2,2,2,0,0,2,2
61,2037.900,10285.983,256.143,121.804,-0.528590,-0.848319,0.030775,0.848007,-0.526060,0.064380,-0.038425,0.060128,0.997451,0,0.79804,-0.61337,47.882,-1.227,-1,375.000,-1,375.000,-1,300.000,300.000,325.000,325.000,-1,-1,-1,-1,650.000,675.000,-1,-1,2,0,2,0,2,0,0,0,0,2,2,2,2,0,0,2,2
62,2013.543,10327.208,254.445,120.577,-0.510343,-0.859382,0.031815,0.859076,-0.507776,0.064440,-0.039223,0.060218,0.997414,0,0.79804,-0.61337,47.882,-1.227,-1,350.000,-1,375.000,-1,300.000,300.000,325.000,325.000,-1,-1,-1,-1,625.000,675.000,-1,-1,2,0,2,0,2,0,0,0,0,2,2,2,2,0,0,2,2
63,1990.072,10368.944,252.580,119.350,-0.491873,-0.870005,0.033928,0.869774,-0.489232,0.064377,-0.039409,0.061175,0.997349,0,0.79804,-0.61337,47.882,-1.227,-1,350.000,-1,375.000,-1,300.000,300.000,325.000,325.000,-1,-1,-1,-1,625.000,675.000,-1,-1,2,0,2,0,2,0,0,0,0,2,2,2,2,0,0,2,2
64,1967.501,10411.173,250.724,118.124,-0.473185,-0.880216,0.036273,0.880077,-0.470460,0.064283,-0.039518,0.062341,0.997272,0,0.79804,-0.61337,47.882,-1.227,-1,350.000,-1,375.000,-1,300.000,300.000,325.000,325.000,-1,-1,-1,-1,625.000,675.000,-1,-1,2,0,2,0,2,0,0,0,0,2,2,2,2,0,0,2,2
65,1945.839,10453.876,249.009,116.897,-0.454251,-0.890039,0.038569,0.890013,-0.451484,0.063555,-0.039153,0.063197,0.997233,0,0.79804,-0.61337,47.882,-1.227,-1,350.000,-1,375.000,-1,300.000,300.000,325.000,325.000,-1,-1,-1,-1,625.000,675.000,-1,-1,2,0,2,0,2,0,0,0,0,2,2,2,2,0,0,2,2
66,1925.096,10497.032,247.335,115.670,-0.435103,-0.899448,0.040976,0.899553,-0.432300,0.062623,-0.038612,0.064107,0.997196,0,0.79804,-0.61337,47.882,-1.227,-1,350.000,-1,375.000,-1,300.000,300.000,325.000,325.000,-1,-1,-1,-1,625.000,675.000,-1,-1,2,0,2,0,2,0,0,0,0,2,2,2,2,0,0,2,2
67,1905.281,10540.623,245.678,114.444,-0.415758,-0.908436,0.043460,0.908677,-0.412918,0.061688,-0.038094,0.065138,0.997149,0,0.79804,-0.61337,47.882,-1.227,-1,350.000,-1,375.000,-1,300.000,300.000,325.000,325.000,-1,-1,-1,-1,625.000,675.000,-1,-1,2,0,2,0,2,0,0,0,0,2,2,2,2,0,0,2,2
68,1886.404,10584.628,243.976,113.217,-0.396209,-0.917017,0.045813,0.917398,-0.393352,0.060461,-0.037423,0.065984,0.997119,0,0.79804,-0.61337,47.882,-1.227,-1,350.000,-1,375.000,-1,300.000,300.000,325.000,325.000,-1,-1,850.000,-1,600.000,675.000,-1,-1,2,0,2,0,2,0,0,0,0,2,2,0,2,0,0,2,2
69,1866.882,10633.560,242.030,111.750,-0.372571,-0.926745,0.048309,0.927288,-0.369735,0.058583,-0.036430,0.066623,0.997113,0,0.87804,-0.73337,52.682,-1.467,-1,350.000,-1,375.000,-1,300.000,300.000,325.000,325.000,-1,-1,625.000,-1,600.000,675.000,1000.000,-1,2,0,2,0,2,0,0,0,0,2,2,0,2,0,0,0,2
70,1847.725,10685.839,240.124,110.124,-0.346089,-0.936778,0.051660,0.937542,-0.343255,0.056493,-0.035189,0.067985,0.997066,0,0.92795,-0.81309,55.677,-1.626,-1,350.000,-1,375.000,-1,300.000,300.000,325.000,325.000,-1,-1,525.000,-1,625.000,675.000,1000.000,-1,2,0,2,0,2,0,0,0,0,2,2,0,2,0,0,0,2
71,1830.033,10738.698,238.229,108.504,-0.319436,-0.946008,0.055036,0.946994,-0.316600,0.054477,-0.034112,0.069520,0.996997,0,0.92901,-0.81004,55.741,-1.620,-1,350.000,-1,375.000,-1,300.000,300.000,325.000,325.000,-1,875.000,425.000,-1,625.000,700.000,1000.000,-1,2,0,2,0,2,0,0,0,0,2,0,0,2,0,0,0,2
72,1813.822,10792.081,236.333,106.891,-0.292651,-0.954433,0.058427,0.955642,-0.289806,0.052534,-0.033207,0.071210,0.996908,0,0.92983,-0.80664,55.790,-1.613,-1,350.000,-1,375.000,-1,300.000,300.000,325.000,325.000,-1,825.000,350.000,-1,625.000,700.000,1000.000,-1,2,0,2,0,2,0,0,0,0,2,0,0,2,0,0,0,2
73,1799.108,10845.923,234.362,105.283,-0.265722,-0.962077,0.061634,0.963509,-0.262889,0.050395,-0.032281,0.072776,0.996826,0,0.93027,-0.80373,55.816,-1.607,-1,350.000,-1,375.000,-1,300.000,300.000,325.000,325.000,-1,750.000,350.000,-1,625.000,700.000,1000.000,-1,2,0,2,0,2,0,0,0,0,2,0,0,2,0,0,0,2
74,1785.904,10900.162,232.344,103.680,-0.238667,-0.968941,0.064741,0.970592,-0.235851,0.048230,-0.031463,0.074348,0.996736,0,0.93037,-0.80133,55.822,-1.603,-1,350.000,-1,375.000,-1,300.000,300.000,325.000,325.000,-1,675.000,350.000,-1,625.000,700.000,1000.000,-1,2,0,2,0,2,0,0,0,0,2,0,0,2,0,0,0,2
75,1774.221,10954.738,230.299,102.082,-0.211506,-0.975020,0.067838,0.976889,-0.208698,0.046175,-0.030864,0.076037,0.996627,0,0.93019,-0.79941,55.811,-1.599,-1,350.000,-1,375.000,-1,300.000,300.000,325.000,325.000,-1,575.000,350.000,-1,625.000,700.000,-1,-1,2,0,2,0,2,0,0,0,0,2,0,0,2,0,0,2,2
76,1764.067,11009.593,228.215,100.486,-0.184245,-0.980318,0.070920,0.982407,-0.181438,0.044231,-0.030493,0.077822,0.996501,0,0.92977,-0.79796,55.786,-1.596,-1,350.000,-1,375.000,-1,300.000,300.000,325.000,325.000,-1,525.000,350.000,-1,625.000,700.000,-1,-1,2,0,2,0,2,0,0,0,0,2,0,0,2,0,0,2,2
77,1755.448,11064.675,226.080,98.892,-0.156892,-0.984841,0.073980,0.987149,-0.154075,0.042396,-0.030355,0.079681,0.996358,0,0.92918,-0.79699,55.751,-1.594,-1,350.000,-1,375.000,-1,300.000,300.000,325.000,325.000,-1,525.000,350.000,-1,625.000,725.000,-1,-1,2,0,2,0,2,0,0,0,0,2,0,0,2,0,0,2,2
78,1748.369,11119.933,223.929,97.299,-0.129460,-0.988605,0.076819,0.991112,-0.126619,0.040787,-0.030595,0.081416,0.996210,0,0.92849,-0.79652,55.709,-1.593,-1,350.000,-1,375.000,-1,300.000,300.000,325.000,325.000,-1,550.000,350.000,-1,625.000,725.000,-1,-1,2,0,2,0,2,0,0,0,0,2,0,0,2,0,0,2,2
79,1742.834,11175.324,222.207,95.706,-0.101864,-0.991738,0.077975,0.994326,-0.099086,0.038711,-0.030665,0.081476,0.996203,0,0.92776,-0.79653,55.665,-1.593,-1,350.000,-1,375.000,-1,300.000,300.000,300.000,325.000,-1,575.000,375.000,-1,625.000,725.000,-1,-1,2,0,2,0,2,0,0,0,0,2,0,0,2,0,0,2,2
80,1738.845,11230.805,220.769,94.112,-0.074210,-0.994005,0.080297,0.996769,-0.071452,0.036694,-0.030737,0.082761,0.996095,0,0.92705,-0.79703,55.623,-1.594,-1,350.000,-1,375.000,-1,300.000,300.000,300.000,325.000,-1,600.000,400.000,-1,650.000,725.000,-1,-1,2,0,2,0,2,0,0,0,0,2,0,0,2,0,0,2,2
81,1736.404,11286.339,219.256,92.515,-0.046479,-0.995493,0.082658,0.998440,-0.043734,0.034725,-0.030953,0.084143,0.995973,0,0.92645,-0.79802,55.587,-1.596,-1,375.000,-1,400.000,-1,300.000,325.000,300.000,325.000,-1,650.000,425.000,-1,650.000,725.000,-1,-1,2,0,2,0,2,0,0,0,0,2,0,0,2,0,0,2,2
82,1735.514,11341.894,217.636,90.917,-0.018680,-0.996210,0.084956,0.999333,-0.015937,0.032857,-0.031379,0.085513,0.995843,0,0.92601,-0.79949,55.560,-1.599,-1,375.000,-1,400.000,-1,300.000,325.000,300.000,325.000,-1,700.000,450.000,-1,650.000,700.000,-1,-1,2,0,2,0,2,0,0,0,0,2,0,0,2,0,0,2,2
83,1736.178,11397.438,215.899,89.314,0.009183,-0.996150,0.087181,0.999446,0.011933,0.031082,-0.032002,0.086847,0.995707,0,0.92579,-0.80142,55.547,-1.603,-1,375.000,-1,400.000,-1,300.000,325.000,300.000,325.000,-1,750.000,475.000,-1,650.000,700.000,-1,-1,2,0,2,0,2,0,0,0,0,2,0,0,2,0,0,2,2
84,1738.401,11452.946,214.032,87.706,0.037105,-0.995311,0.089326,0.998772,0.039871,0.029391,-0.032814,0.088126,0.995569,0,0.92585,-0.80383,55.551,-1.608,-1,375.000,-1,400.000,-1,300.000,325.000,300.000,325.000,-1,825.000,500.000,-1,650.000,700.000,-1,-1,2,0,2,0,2,0,0,0,0,2,0,0,2,0,0,2,2
85,1742.187,11508.392,212.025,86.093,0.065080,-0.993687,0.091382,0.997307,0.067871,0.027776,-0.033803,0.089328,0.995428,0,0.92624,-0.80668,55.574,-1.613,-1,375.000,-1,400.000,-1,325.000,325.000,300.000,325.000,-1,950.000,525.000,-1,650.000,700.000,-1,-1,2,0,2,0,2,0,0,0,0,2,0,0,2,0,0,2,2
86,1747.543,11563.755,209.866,84.473,0.093102,-0.991272,0.093337,0.995043,0.095926,0.026233,-0.034957,0.090432,0.995289,0,0.92700,-0.80998,55.620,-1.620,-1,375.000,-1,400.000,-1,325.000,325.000,300.000,325.000,-1,-1,575.000,-1,675.000,700.000,-1,-1,2,0,2,0,2,0,0,0,0,2,2,0,2,0,0,2,2
87,1754.476,11619.000,207.543,82.846,0.121143,-0.988061,0.095179,0.991973,0.124007,0.024755,-0.036262,0.091416,0.995152,0,0.92795,-0.81309,55.677,-1.626,-1,375.000,-1,375.000,-1,300.000,325.000,300.000,325.000,-1,-1,600.000,-1,675.000,675.000,-1,-1,2,0,2,0,2,0,0,0,0,2,2,0,2,0,0,2,2
88,1762.974,11674.026,205.051,81.220,0.149075,-0.984067,0.096894,0.988107,0.151985,0.023341,-0.037696,0.092262,0.995021,0,0.92795,-0.81309,55.677,-1.626,-1,375.000,-1,375.000,1000.000,300.000,325.000,300.000,325.000,-1,-1,625.000,-1,675.000,675.000,-1,-1,2,0,2,0,0,0,0,0,0,2,2,0,2,0,0,2,2
89,1773.031,11728.789,202.378,79.594,0.176877,-0.979295,0.098468,0.983450,0.179838,0.021988,-0.039241,0.092950,0.994897,0,0.92795,-0.81309,55.677,-1.626,-1,375.000,-1,375.000,950.000,300.000,300.000,300.000,300.000,-1,-1,650.000,-1,650.000,675.000,-1,-1,2,0,2,0,0,0,0,0,0,2,2,0,2,0,0,2,2
90,1784.636,11783.245,199.784,77.968,0.204472,-0.973651,0.100973,0.978012,0.207526,0.020614,-0.041025,0.094538,0.994676,0,0.92795,-0.81309,55.677,-1.626,-1,375.000,-1,375.000,875.000,300.000,300.000,300.000,300.000,-1,-1,725.000,-1,650.000,650.000,-1,1000.000,2,0,2,0,0,0,0,0,0,2,2,0,2,0,0,2,0
91,1797.781,11837.350,197.256,76.342,0.231902,-0.967140,0.104224,0.971815,0.235017,0.018505,-0.042392,0.096995,0.994382,0,0.92795,-0.81309,55.677,-1.626,-1,375.000,-1,375.000,800.000,300.000,300.000,300.000,300.000,-1,-1,775.000,-1,650.000,650.000,-1,950.000,2,0,2,0,0,0,0,0,0,2,2,0,2,0,0,2,0
92,1812.458,11891.059,194.926,74.716,0.259129,-0.959974,0.106307,0.964823,0.262340,0.017174,-0.044375,0.098117,0.994185,0,0.92795,-0.81309,55.677,-1.626,-1,375.000,-1,375.000,750.000,300.000,300.000,300.000,300.000,-1,-1,1000.000,-1,650.000,625.000,-1,875.000,2,0,2,0,0,0,0,0,0,2,2,0,2,0,0,2,0
93,1827.055,11939.799,193.262,73.329,0.282397,-0.953417,0.106058,0.958258,0.285507,0.015064,-0.044642,0.097377,0.994246,0,0.84795,-0.69309,50.877,-1.386,-1,375.000,-1,375.000,750.000,300.000,300.000,300.000,300.000,-1,-1,-1,-1,650.000,625.000,-1,850.000,2,0,2,0,0,0,0,0,0,2,2,2,2,0,0,2,0
94,1842.593,11988.144,191.535,72.183,0.301570,-0.947576,0.105618,0.952413,0.304541,0.012847,-0.044339,0.096717,0.994324,0,0.84633,-0.57309,50.780,-1.146,-1,375.000,-1,375.000,725.000,300.000,300.000,300.000,300.000,-1,-1,1000.000,-1,650.000,600.000,-1,850.000,2,0,2,0,0,0,0,0,0,2,2,0,2,0,0,2,0
95,1858.894,12036.237,189.754,71.277,0.316711,-0.942695,0.104978,0.947525,0.319507,0.010532,-0.043470,0.096134,0.994419,0,0.84633,-0.45309,50.780,-0.906,-1,375.000,-1,375.000,725.000,300.000,300.000,300.000,300.000,-1,-1,750.000,-1,675.000,600.000,-1,825.000,2,0,2,0,0,0,0,0,0,2,2,0,2,0,0,2,0
96,1875.752,12084.137,187.936,70.611,0.327879,-0.938962,0.104148,0.943784,0.330462,0.008109,-0.042031,0.095635,0.994529,0,0.84633,-0.33309,50.780,-0.666,-1,375.000,-1,375.000,700.000,300.000,300.000,300.000,300.000,-1,-1,650.000,-1,675.000,600.000,-1,825.000,2,0,2,0,0,0,0,0,0,2,2,0,2,0,0,2,0
97,1892.966,12131.910,186.098,70.185,0.335115,-0.936514,0.103144,0.941327,0.337451,0.005569,-0.040022,0.095226,0.994651,0,0.84633,-0.21309,50.780,-0.426,-1,375.000,-1,375.000,700.000,300.000,300.000,300.000,300.000,-1,-1,575.000,-1,675.000,600.000,-1,825.000,2,0,2,0,0,0,0,0,0,2,2,0,2,0,0,2,0
98,1910.334,12179.626,184.258,69.998,0.338450,-0.935441,0.101988,0.940239,0.340502,0.002902,-0.037441,0.094911,0.994781,0,0.84633,-0.09309,50.780,-0.186,-1,375.000,-1,375.000,700.000,300.000,300.000,300.000,300.000,-1,725.000,550.000,-1,675.000,600.000,-1,825.000,2,0,2,0,0,0,0,0,0,2,0,0,2,0,0,2,0
99,1927.658,12227.359,182.430,70.052,0.337895,-0.935780,0.100707,0.940559,0.339631,0.000095,-0.034292,0.094688,0.994916,0,0.84633,0.02691,50.780,0.054,-1,375.000,-1,375.000,700.000,300.000,300.000,300.000,300.000,-1,625.000,525.000,-1,700.000,600.000,-1,850.000,2,0,2,0,0,0,0,0,0,2,0,0,2,0,0,2,0
100,1944.736,12275.180,180.632,70.346,0.333445,-0.937522,0.099335,0.942273,0.334832,-0.002863,-0.030576,0.094555,0.995050,0,0.84633,0.14691,50.780,0.294,-1,375.000,-1,350.000,725.000,300.000,300.000,300.000,300.000,-1,525.000,475.000,-1,700.000,600.000,-1,875.000,2,0,2,0,0,0,0,0,0,2,0,0,2,0,0,2,0
101,1961.368,12323.158,178.957,70.880,0.325108,-0.940631,0.097561,0.945318,0.326094,-0.006111,-0.026065,0.094213,0.995211,0,0.84633,0.26691,50.780,0.534,-1,375.000,-1,350.000,750.000,300.000,300.000,300.000,275.000,-1,425.000,375.000,-1,700.000,600.000,-1,925.000,2,0,2,0,0,0,0,0,0,2,0,0,2,0,0,2,0
102,1977.351,12371.355,177.633,71.654,0.312842,-0.945003,0.095388,0.949579,0.313378,-0.009693,-0.020733,0.093611,0.995393,0,0.84633,0.38691,50.780,0.774,-1,375.000,-1,375.000,800.000,300.000,300.000,300.000,275.000,-1,350.000,325.000,-1,725.000,625.000,-1,-1,2,0,2,0,0,0,0,0,0,2,0,0,2,0,0,2,2
103,1992.477,12419.828,176.486,72.667,0.296490,-0.950373,0.094262,0.954911,0.296601,-0.013159,-0.015452,0.093913,0.995460,0,0.84633,0.50691,50.780,1.014,-1,400.000,-1,375.000,850.000,325.000,300.000,300.000,275.000,-1,325.000,300.000,-1,750.000,625.000,-1,-1,2,0,2,0,0,0,0,0,0,2,0,0,2,0,0,2,2
104,2006.538,12468.621,175.437,73.921,0.276036,-0.956559,0.093800,0.961096,0.275712,-0.016652,-0.009933,0.094747,0.995452,0,0.84633,0.62691,50.780,1.254,-1,400.000,-1,375.000,900.000,325.000,325.000,300.000,275.000,-1,300.000,300.000,-1,775.000,625.000,-1,-1,2,0,2,0,0,0,0,0,0,2,0,0,2,0,0,2,2
105,2019.323,12517.763,174.606,75.415,0.251386,-0.963367,0.093427,0.967876,0.250668,-0.019533,-0.004602,0.095336,0.995435,0,0.84633,0.74691,50.780,1.494,-1,400.000,-1,375.000,975.000,325.000,325.000,300.000,275.000,-1,300.000,300.000,-1,800.000,650.000,-1,-1,2,0,2,0,0,0,0,0,0,2,0,0,2,0,0,2,2
106,2032.139,12571.843,174.478,76.669,0.230464,-0.968782,0.091365,0.973080,0.229566,-0.020363,-0.001247,0.093599,0.995609,0,0.92633,0.62691,55.580,1.254,-1,400.000,-1,375.000,-1,325.000,325.000,300.000,275.000,-1,325.000,325.000,-1,825.000,650.000,-1,-1,2,0,2,0,2,0,0,0,0,2,0,0,2,0,0,2,2
107,2044.370,12627.849,174.490,77.683,0.213473,-0.972863,0.089254,0.976948,0.212426,-0.021176,0.001641,0.091717,0.995784,0,0.95544,0.50691,57.327,1.014,-1,400.000,-1,375.000,-1,325.000,325.000,300.000,250.000,-1,350.000,375.000,-1,850.000,675.000,-1,-1,2,0,2,0,2,0,0,0,0,2,0,0,2,0,0,2,2
108,2055.843,12684.015,174.614,78.456,0.200467,-0.975814,0.087173,0.979692,0.199303,-0.021942,0.004037,0.089801,0.995952,0,0.95544,0.38691,57.327,0.774,-1,400.000,-1,375.000,-1,325.000,325.000,300.000,250.000,-1,400.000,425.000,-1,850.000,700.000,-1,-1,2,0,2,0,2,0,0,0,0,2,0,0,2,0,0,2,2
109,2066.792,12740.286,174.829,78.990,0.191489,-0.977798,0.085100,0.981477,0.190236,-0.022671,0.005979,0.087865,0.996114,0,0.95544,0.26691,57.327,0.534,-1,400.000,-1,375.000,-1,325.000,325.000,300.000,250.000,-1,425.000,450.000,-1,875.000,725.000,-1,-1,2,0,2,0,2,0,0,0,0,2,0,0,2,0,0,2,2
110,2077.453,12796.612,175.114,79.284,0.186569,-0.978928,0.083019,0.982413,0.185251,-0.023373,0.007501,0.085919,0.996274,0,0.95544,0.14691,57.327,0.294,-1,400.000,-1,375.000,-1,325.000,325.000,300.000,250.000,-1,475.000,500.000,-1,875.000,725.000,-1,-1,2,0,2,0,2,0,0,0,0,2,0,0,2,0,0,2,2
111,2088.062,12852.949,175.447,79.338,0.185725,-0.979264,0.080918,0.982564,0.184363,-0.024055,0.008638,0.083975,0.996430,0,0.95544,0.02691,57.327,0.054,-1,425.000,-1,375.000,-1,325.000,325.000,300.000,250.000,-1,500.000,550.000,-1,900.000,750.000,-1,-1,2,0,2,0,2,0,0,0,0,2,0,0,2,0,0,2,2
112,2098.853,12909.251,175.808,79.152,0.188962,-0.978818,0.078789,0.981939,0.187574,-0.024723,0.009420,0.082038,0.996585,0,0.95544,-0.09309,57.327,-0.186,-1,425.000,-1,375.000,-1,325.000,325.000,300.000,275.000,-1,525.000,575.000,-1,925.000,775.000,-1,-1,2,0,2,0,2,0,0,0,0,2,0,0,2,0,0,2,2
113,2110.063,12965.471,176.178,78.726,0.196278,-0.977550,0.076629,0.980499,0.194880,-0.025379,0.009875,0.080116,0.996737,0,0.95544,-0.21309,57.327,-0.426,-1,425.000,-1,400.000,-1,350.000,325.000,300.000,275.000,-1,575.000,625.000,-1,950.000,800.000,-1,-1,2,0,2,0,2,0,0,0,0,2,0,0,2,0,0,2,2
114,2121.698,13021.605,176.555,78.292,0.203707,-0.976196,0.074471,0.978978,0.202309,-0.025932,0.010249,0.078188,0.996886,0,0.95544,-0.21695,57.327,-0.434,-1,425.000,-1,400.000,-1,350.000,325.000,300.000,275.000,-1,575.000,650.000,-1,1000.000,825.000,-1,-1,2,0,2,0,2,0,0,0,0,2,0,0,2,0,0,2,2
115,2133.759,13077.649,177.073,77.858,0.211067,-0.974827,0.071858,0.977421,0.209737,-0.025662,0.009944,0.075652,0.997085,0,0.95544,-0.21695,57.327,-0.434,-1,425.000,-1,400.000,-1,350.000,350.000,300.000,275.000,-1,575.000,700.000,-1,-1,850.000,-1,-1,2,0,2,0,2,0,0,0,0,2,0,0,2,2,0,2,2
116,2146.244,13133.600,177.270,77.424,0.218330,-0.973477,0.068369,0.975838,0.217173,-0.024016,0.008531,0.071961,0.997371,0,0.95544,-0.21695,57.327,-0.434,-1,425.000,-1,400.000,-1,350.000,350.000,300.000,275.000,-1,650.000,775.000,-1,-1,850.000,-1,-1,2,0,2,0,2,0,0,0,0,2,0,0,2,2,0,2,2
117,2159.153,13189.454,177.407,76.990,0.225579,-0.972047,0.065110,0.974200,0.224595,-0.022157,0.006915,0.068428,0.997632,0,0.95544,-0.21695,57.327,-0.434,-1,425.000,-1,425.000,-1,350.000,350.000,300.000,275.000,-1,700.000,850.000,-1,-1,875.000,-1,-1,2,0,2,0,2,0,0,0,0,2,0,0,2,2,0,2,2
118,2171.581,13240.490,177.062,76.316,0.236817,-0.969445,0.063980,0.971547,0.236038,-0.019572,0.003873,0.066795,0.997759,0,0.87544,-0.33695,52.527,-0.674,-1,425.000,-1,400.000,-1,350.000,350.000,300.000,275.000,-1,825.000,925.000,-1,-1,875.000,-1,-1,2,0,2,0,2,0,0,0,0,2,0,0,2,2,0,2,2
119,2184.591,13290.669,176.673,75.467,0.250975,-0.965946,0.062922,0.967993,0.250397,-0.017027,0.000692,0.065181,0.997873,0,0.86397,-0.42430,51.838,-0.849,-1,425.000,-1,400.000,-1,350.000,350.000,300.000,275.000,-1,925.000,-1,-1,-1,900.000,-1,-1,2,0,2,0,2,0,0,0,0,2,0,2,2,2,0,2,2
120,2198.343,13340.651,176.238,74.619,0.265084,-0.962232,0.061963,0.964222,0.264703,-0.014424,-0.002522,0.063569,0.997974,0,0.86397,-0.42430,51.838,-0.849,-1,425.000,-1,400.000,-1,350.000,350.000,300.000,275.000,-1,-1,-1,-1,1000.000,900.000,-1,-1,2,0,2,0,2,0,0,0,0,2,2,2,2,0,0,2,2
121,2212.833,13390.423,175.756,73.770,0.279142,-0.958303,0.061112,0.960232,0.278954,-0.011766,-0.005773,0.061966,0.998062,0,0.86397,-0.42430,51.838,-0.849,-1,425.000,-1,400.000,-1,350.000,325.000,300.000,275.000,-1,-1,-1,-1,1000.000,900.000,-1,-1,2,0,2,0,2,0,0,0,0,2,2,2,2,0,0,2,2
122,2228.058,13439.976,175.229,72.922,0.293144,-0.954160,0.060382,0.956025,0.293144,-0.009055,-0.009060,0.060381,0.998134,0,0.86397,-0.42430,51.838,-0.849,-1,425.000,-1,400.000,-1,350.000,325.000,300.000,275.000,-1,-1,-1,-1,1000.000,900.000,-1,-1,2,0,2,0,2,0,0,0,0,2,2,2,2,0,0,2,2
123,2244.016,13489.297,174.655,72.073,0.307087,-0.949802,0.059781,0.951601,0.307273,-0.006298,-0.012387,0.058821,0.998192,0,0.86397,-0.42430,51.838,-0.849,-1,425.000,-1,400.000,-1,350.000,325.000,300.000,275.000,-1,-1,-1,-1,1000.000,900.000,-1,-1,2,0,2,0,2,0,0,0,0,2,2,2,2,0,0,2,2
124,2260.703,13538.377,174.034,71.224,0.320967,-0.945231,0.059319,0.946959,0.321334,-0.003498,-0.015755,0.057295,0.998233,0,0.86397,-0.42430,51.838,-0.849,-1,425.000,-1,400.000,-1,350.000,325.000,300.000,275.000,-1,-1,-1,-1,-1,900.000,-1,-1,2,0,2,0,2,0,0,0,0,2,2,2,2,2,0,2,2
125,2278.114,13587.204,173.367,70.376,0.334779,-0.940447,0.059005,0.942102,0.335327,-0.000660,-0.019165,0.055810,0.998257,0,0.86397,-0.42430,51.838,-0.849,-1,425.000,-1,400.000,-1,350.000,325.000,300.000,275.000,-1,-1,-1,-1,-1,900.000,-1,-1,2,0,2,0,2,0,0,0,0,2,2,2,2,2,0,2,2
126,2296.247,13635.768,172.654,69.527,0.348520,-0.935452,0.058849,0.937028,0.349246,0.002209,-0.022619,0.054373,0.998264,0,0.86397,-0.42430,51.838,-0.849,-1,425.000,-1,400.000,-1,350.000,325.000,300.000,275.000,-1,-1,-1,-1,-1,900.000,-1,-1,2,0,2,0,2,0,0,0,0,2,2,2,2,2,0,2,2
127,2315.097,13684.058,171.660,68.679,0.362251,-0.930292,0.057708,0.931735,0.363107,0.004745,-0.025369,0.052050,0.998322,0,0.86397,-0.42430,51.838,-0.849,-1,425.000,-1,400.000,-1,350.000,325.000,300.000,275.000,-1,-1,-1,-1,-1,900.000,-1,-1,2,0,2,0,2,0,0,0,0,2,2,2,2,2,0,2,2
128,2334.661,13732.063,170.256,67.830,0.375919,-0.924987,0.055534,0.926210,0.376916,0.008333,-0.028640,0.048304,0.998422,0,0.86397,-0.42430,51.838,-0.849,-1,425.000,-1,400.000,-1,350.000,325.000,300.000,275.000,-1,-1,-1,-1,-1,900.000,-1,-1,2,0,2,0,2,0,0,0,0,2,2,2,2,2,0,2,2
129,2354.934,13779.774,168.654,66.981,0.389513,-0.919486,0.053155,0.920452,0.390652,0.012620,-0.032369,0.044011,0.998507,0,0.86397,-0.42430,51.838,-0.849,-1,425.000,-1,400.000,-1,350.000,325.000,300.000,275.000,-1,-1,-1,-1,1000.000,900.000,-1,-1,2,0,2,0,2,0,0,0,0,2,2,2,2,0,0,2,2
130,2373.865,13823.045,167.160,66.373,0.399216,-0.915431,0.051114,0.916164,0.400461,0.016586,-0.035652,0.040207,0.998555,0,0.78718,-0.30430,47.231,-0.609,-1,425.000,-1,425.000,-1,350.000,325.000,275.000,300.000,-1,-1,-1,-1,975.000,900.000,-1,-1,2,0,2,0,2,0,0,0,0,2,2,2,2,0,0,2,2
131,2393.074,13866.193,165.373,66.004,0.405073,-0.912930,0.049742,0.913495,0.406384,0.019452,-0.037972,0.037559,0.998573,0,0.78718,-0.18430,47.231,-0.369,-1,425.000,-1,425.000,-1,350.000,325.000,275.000,300.000,-1,-1,-1,-1,975.000,900.000,-1,-1,2,0,2,0,2,0,0,0,0,2,2,2,2,0,0,2,2
132,2412.379,13909.299,163.411,65.876,0.407099,-0.912075,0.048888,0.912520,0.408459,0.021646,-0.039711,0.035800,0.998570,0,0.78718,-0.06430,47.231,-0.129,-1,425.000,-1,425.000,-1,350.000,325.000,275.000,300.000,-1,-1,-1,-1,975.000,900.000,-1,-1,2,0,2,0,2,0,0,0,0,2,2,2,2,0,0,2,2
133,2431.600,13952.442,161.183,65.987,0.405214,-0.912868,0.049732,0.913257,0.406685,0.023847,-0.041994,0.035755,0.998478,0,0.78718,0.05570,47.231,0.111,-1,425.000,-1,425.000,-1,350.000,325.000,275.000,300.000,-1,-1,-1,-1,950.000,900.000,-1,-1,2,0,2,0,2,0,0,0,0,2,2,2,2,0,0,2,2
134,2450.555,13995.702,158.928,66.338,0.399490,-0.915340,0.050607,0.915674,0.401077,0.026064,-0.044155,0.035927,0.998378,0,0.78718,0.17570,47.231,0.351,-1,425.000,-1,425.000,-1,325.000,325.000,275.000,300.000,-1,-1,-1,-1,950.000,900.000,-1,-1,2,0,2,0,2,0,0,0,0,2,2,2,2,0,0,2,2
135,2469.063,14039.156,156.654,66.930,0.389897,-0.919417,0.051497,0.919700,0.391602,0.028297,-0.046183,0.036329,0.998272,0,0.78718,0.29570,47.231,0.591,-1,425.000,-1,425.000,-1,325.000,325.000,275.000,300.000,-1,-1,-1,-1,950.000,900.000,-1,-1,2,0,2,0,2,0,0,0,0,2,2,2,2,0,0,2,2
136,2486.939,14082.873,154.371,67.761,0.376385,-0.924981,0.052386,0.925215,0.378211,0.030547,-0.048069,0.036971,0.998160,0,0.78718,0.41570,47.231,0.831,-1,425.000,-1,400.000,-1,325.000,325.000,275.000,300.000,-1,-1,-1,-1,950.000,900.000,-1,-1,2,0,2,0,2,0,0,0,0,2,2,2,2,0,0,2,2
137,2503.993,14126.918,152.086,68.832,0.358888,-0.931860,0.053254,0.932051,0.360837,0.032814,-0.049794,0.037859,0.998042,0,0.78718,0.53570,47.231,1.071,-1,425.000,-1,400.000,-1,325.000,325.000,300.000,300.000,-1,-1,-1,-1,925.000,900.000,-1,-1,2,0,2,0,2,0,0,0,0,2,2,2,2,0,0,2,2
