timestep,x_cm,y_cm,z_cm,yaw_deg,basis_xx,basis_xy,basis_xz,basis_yx,basis_yy,basis_yz,basis_zx,basis_zy,basis_zz,teleport_flag,throttle_cmd,steering_cmd,cmd_move_cm,cmd_turn_deg,lidar_cm_0,lidar_cm_1,lidar_cm_2,lidar_cm_3,lidar_cm_4,lidar_cm_5,lidar_cm_6,lidar_cm_7,lidar_cm_8,lidar_cm_9,lidar_cm_10,lidar_cm_11,lidar_cm_12,lidar_cm_13,lidar_cm_14,lidar_cm_15,lidar_cm_16,lidar_class_0,lidar_class_1,lidar_class_2,lidar_class_3,lidar_class_4,lidar_class_5,lidar_class_6,lidar_class_7,lidar_class_8,lidar_class_9,lidar_class_10,lidar_class_11,lidar_class_12,lidar_class_13,lidar_class_14,lidar_class_15,lidar_class_16
0,9512.988,-6882.911,-69.466,65.760,0.410401,-0.911825,0.012084,0.911676,0.410559,0.016974,-0.020439,0.004050,0.999783,1,0.08000,-0.12000,4.800,-0.240,-1,375.000,-1,425.000,575.000,325.000,325.000,325.000,325.000,-1,-1,-1,-1,725.000,750.000,-1,725.000,2,0,2,0,1,0,0,0,0,2,2,2,2,0,1,2,1
1,9517.003,-6874.191,-69.639,65.280,0.418012,-0.908352,0.012756,0.908204,0.418182,0.016984,-0.020762,0.004485,0.999774,0,0.16000,-0.24000,9.600,-0.480,-1,375.000,-1,425.000,550.000,325.000,325.000,325.000,325.000,-1,-1,-1,-1,725.000,725.000,-1,700.000,2,0,2,0,1,0,0,0,0,2,2,2,2,0,1,2,1
2,9523.188,-6861.187,-69.902,64.560,0.429372,-0.903023,0.013774,0.902878,0.429562,0.016980,-0.021250,0.005145,0.999761,0,0.24000,-0.36000,14.400,-0.720,-1,375.000,-1,425.000,550.000,325.000,325.000,325.000,325.000,-1,-1,-1,-1,725.000,700.000,-1,675.000,2,0,2,0,1,0,0,0,0,2,2,2,2,0,1,2,1
3,9531.725,-6843.989,-70.259,63.600,0.444412,-0.895694,0.015146,0.895554,0.444629,0.016939,-0.021906,0.006036,0.999742,0,0.32000,-0.48000,19.200,-0.960,-1,400.000,-1,425.000,525.000,325.000,325.000,325.000,325.000,-1,-1,-1,-1,725.000,700.000,-1,650.000,2,0,2,0,1,0,0,0,0,2,2,2,2,0,1,2,1
4,9542.845,-6822.720,-70.715,62.400,0.463034,-0.886180,0.016879,0.886049,0.463287,0.016827,-0.022731,0.007164,0.999716,0,0.40000,-0.60000,24.000,-1.200,-1,400.000,-1,425.000,500.000,325.000,325.000,325.000,325.000,-1,-1,-1,-1,750.000,675.000,-1,600.000,2,0,2,0,1,0,0,0,0,2,2,2,2,0,1,2,1
5,9556.825,-6797.541,-71.278,60.960,0.485109,-0.874248,0.018979,0.874132,0.485405,0.016604,-0.023729,0.008535,0.999682,0,0.48000,-0.72000,28.800,-1.440,-1,400.000,-1,425.000,475.000,325.000,350.000,325.000,325.000,-1,-1,-1,-1,750.000,625.000,-1,575.000,2,0,2,0,1,0,0,0,0,2,2,2,2,0,1,2,1
6,9573.937,-6768.625,-71.963,59.382,0.508931,-0.860541,0.021439,0.860448,0.509280,0.016223,-0.024879,0.010190,0.999639,0,0.56000,-0.78875,33.600,-1.577,-1,400.000,-1,425.000,425.000,325.000,350.000,325.000,325.000,-1,-1,-1,-1,750.000,600.000,-1,525.000,2,0,2,0,1,0,0,0,0,2,2,2,2,0,1,2,1
7,9594.403,-6736.133,-73.178,57.796,0.532501,-0.846105,0.023415,0.845994,0.532911,0.017329,-0.027141,0.010581,0.999576,0,0.64000,-0.79335,38.400,-1.587,-1,400.000,-1,425.000,400.000,325.000,350.000,325.000,325.000,-1,-1,-1,-1,750.000,550.000,-1,475.000,2,0,2,0,1,0,0,0,0,2,2,2,2,0,1,2,1
8,9615.997,-6703.880,-74.521,56.196,0.555855,-0.830896,0.025229,0.830756,0.556326,0.018577,-0.029471,0.010633,0.999509,0,0.64691,-0.79996,38.815,-1.600,-1,400.000,-1,425.000,375.000,325.000,325.000,325.000,325.000,-1,-1,-1,-1,750.000,525.000,-1,425.000,2,0,2,1,1,0,0,0,0,2,2,2,2,0,1,2,1
9,9638.564,-6672.147,-75.898,54.582,0.578965,-0.814901,0.027129,0.814732,0.579502,0.019739,-0.031806,0.010675,0.999437,0,0.64898,-0.80680,38.939,-1.614,-1,400.000,-1,400.000,325.000,325.000,325.000,300.000,325.000,-1,-1,-1,-1,725.000,475.000,-1,375.000,2,0,2,1,1,0,0,0,0,2,2,2,2,0,1,2,1
10,9662.095,-6640.972,-77.257,52.955,0.601803,-0.798111,0.029175,0.797922,0.602411,0.020547,-0.033975,0.010914,0.999363,0,0.65098,-0.81374,39.059,-1.627,-1,400.000,-1,375.000,300.000,325.000,325.000,300.000,325.000,-1,-1,-1,-1,725.000,450.000,-1,350.000,2,0,2,1,1,0,0,0,0,2,2,2,2,0,1,2,1
11,9686.581,-6610.394,-78.572,51.313,0.624341,-0.780521,0.031368,0.780327,0.625024,0.020849,-0.035879,0.011461,0.999290,0,0.65290,-0.82080,39.174,-1.642,-1,375.000,-1,325.000,250.000,325.000,325.000,300.000,325.000,-1,-1,-1,-1,725.000,400.000,-1,300.000,2,0,2,1,1,0,0,0,0,2,2,2,2,0,1,2,1
12,9712.012,-6580.452,-79.921,49.657,0.646554,-0.762129,0.033584,0.761933,0.647314,0.021038,-0.037773,0.011987,0.999214,0,0.65473,-0.82798,39.284,-1.656,-1,375.000,-1,300.000,225.000,325.000,325.000,300.000,300.000,-1,-1,-1,-1,725.000,375.000,-1,250.000,2,0,2,1,1,0,1,0,0,2,2,2,2,0,1,2,1
13,9738.375,-6551.188,-81.303,47.987,0.668411,-0.742929,0.035812,0.742734,0.669253,0.021111,-0.039651,0.012488,0.999136,0,0.65646,-0.83528,39.388,-1.671,-1,375.000,-1,275.000,200.000,325.000,300.000,300.000,300.000,-1,-1,-1,-1,725.000,350.000,-1,225.000,2,0,2,1,1,0,1,0,0,2,2,2,2,1,1,2,1
14,9768.094,-6519.908,-82.453,46.466,0.687879,-0.724913,0.036388,0.724701,0.688739,0.021153,-0.040395,0.011820,0.999114,0,0.71912,-0.76034,43.147,-1.521,-1,400.000,-1,250.000,150.000,325.000,275.000,300.000,300.000,-1,-1,-1,-1,725.000,300.000,-1,175.000,2,0,2,1,1,0,1,0,1,2,2,2,2,1,1,2,1
15,9798.837,-6489.240,-79.123,44.929,0.707825,-0.706217,0.015530,0.705846,0.707972,0.023614,-0.027671,-0.005753,0.999601,0,0.72375,-0.76846,43.425,-1.537,-1,425.000,-1,250.000,150.000,325.000,275.000,275.000,300.000,-1,-1,-1,-1,800.000,300.000,-1,175.000,2,0,2,1,1,1,1,0,1,2,2,2,2,0,1,2,1
16,9830.594,-6459.229,-75.725,43.375,0.727028,-0.686582,-0.005996,0.686460,0.726663,0.027064,-0.014225,-0.023793,0.999616,0,0.72825,-0.77674,43.695,-1.553,-1,425.000,-1,250.000,150.000,325.000,250.000,275.000,325.000,-1,-1,-1,-1,875.000,300.000,-1,175.000,2,1,2,1,1,1,1,0,1,2,2,2,2,0,1,2,1
17,9863.355,-6429.923,-72.204,41.805,0.745425,-0.665995,-0.028163,0.666590,0.744744,0.031859,-0.000244,-0.042521,0.999096,0,0.73260,-0.78521,43.956,-1.570,-1,450.000,-1,225.000,150.000,325.000,250.000,250.000,325.000,-1,150.000,-1,-1,975.000,300.000,-1,150.000,2,1,2,1,1,1,1,0,1,2,0,2,2,0,1,2,1
18,9897.105,-6401.371,-68.565,40.217,0.762954,-0.644447,-0.050895,0.646297,0.762135,0.038102,0.014234,-0.061964,0.997977,0,0.73678,-0.79389,44.207,-1.588,-1,450.000,-1,225.000,150.000,325.000,250.000,250.000,325.000,-1,75.000,225.000,-1,-1,300.000,-1,150.000,2,1,2,1,1,1,1,0,1,2,0,0,2,2,1,2,1
19,9931.827,-6373.622,-64.842,38.612,0.779549,-0.621925,-0.074247,0.625657,0.778746,0.045918,0.029262,-0.082249,0.996182,0,0.74077,-0.80278,44.446,-1.606,-1,475.000,-1,225.000,125.000,325.000,250.000,250.000,325.000,675.000,50.000,200.000,-1,-1,300.000,-1,150.000,2,1,2,1,1,1,1,0,1,0,0,0,2,2,1,2,1
20,9967.500,-6346.727,-61.433,36.988,0.794985,-0.598325,-0.100026,0.604880,0.794354,0.055877,0.046023,-0.104925,0.993415,0,0.74455,-0.81190,44.673,-1.624,-1,550.000,-1,225.000,125.000,325.000,250.000,225.000,350.000,450.000,25.000,200.000,-1,-1,300.000,-1,125.000,2,1,2,1,1,1,1,0,1,0,0,0,2,2,1,2,1
21,-327.966,-2295.772,-27.433,-97.102,-0.119950,0.991616,-0.048051,-0.989041,-0.123555,-0.080825,-0.086085,0.037829,0.995569,1,0.00000,0.00000,44.885,-1.643,-1,375.000,-1,350.000,825.000,300.000,300.000,450.000,275.000,400.000,250.000,-1,-1,650.000,600.000,-1,875.000,2,0,2,0,0,0,0,0,0,1,1,2,2,0,0,2,0
22,-328.540,-2300.538,-27.882,-96.862,-0.115875,0.992143,-0.047165,-0.989575,-0.119403,-0.080522,-0.085521,0.037343,0.995636,0,0.08000,0.12000,4.800,0.240,-1,375.000,-1,350.000,850.000,300.000,300.000,450.000,275.000,400.000,275.000,-1,-1,650.000,600.000,-1,875.000,2,0,2,0,0,0,0,0,0,1,1,2,2,0,0,2,0
23,-329.607,-2310.078,-28.774,-96.382,-0.107713,0.993144,-0.045424,-0.990592,-0.111091,-0.079910,-0.084408,0.036390,0.995767,0,0.16000,0.24000,9.600,0.480,-1,375.000,-1,350.000,850.000,300.000,300.000,425.000,275.000,400.000,275.000,-1,-1,650.000,600.000,-1,900.000,2,0,2,0,0,0,0,0,0,1,1,2,2,0,0,2,0
24,-331.028,-2324.407,-30.097,-95.662,-0.095443,0.994510,-0.042890,-0.991987,-0.098607,-0.078980,-0.082776,0.035008,0.995953,0,0.24000,0.36000,14.400,0.720,-1,375.000,-1,350.000,875.000,300.000,300.000,425.000,275.000,400.000,300.000,-1,-1,650.000,600.000,-1,900.000,2,0,2,0,0,0,0,0,0,1,1,2,2,0,0,2,0
25,-332.602,-2343.542,-31.832,-94.702,-0.079039,0.996083,-0.039647,-0.993603,-0.081936,-0.077720,-0.080664,0.033251,0.996187,0,0.32000,0.48000,19.200,0.960,-1,375.000,-1,350.000,900.000,300.000,300.000,425.000,275.000,400.000,325.000,-1,-1,650.000,600.000,-1,925.000,2,0,2,0,0,0,0,0,0,1,1,2,2,0,0,2,0
26,-334.068,-2367.497,-33.956,-93.502,-0.058471,0.997647,-0.035807,-0.995228,-0.061061,-0.076113,-0.078120,0.031186,0.996456,0,0.40000,0.60000,24.000,1.200,-1,375.000,-1,350.000,925.000,300.000,300.000,400.000,275.000,400.000,375.000,-1,-1,650.000,600.000,-1,975.000,2,0,2,0,0,0,0,0,0,1,1,2,2,0,0,2,0
27,-335.105,-2396.278,-36.440,-92.062,-0.033715,0.998935,-0.031497,-0.996599,-0.035974,-0.074144,-0.075198,0.028890,0.996750,0,0.48000,0.72000,28.800,1.440,-1,375.000,-1,350.000,975.000,300.000,300.000,400.000,275.000,425.000,-1,-1,-1,650.000,600.000,-1,-1,2,0,2,0,0,0,0,0,0,1,2,2,2,0,0,2,2
28,-335.329,-2429.876,-39.253,-90.382,-0.004754,0.999628,-0.026857,-0.997397,-0.006673,-0.071795,-0.071948,0.026446,0.997058,0,0.56000,0.84000,33.600,1.680,-1,375.000,-1,350.000,-1,300.000,300.000,375.000,300.000,425.000,-1,-1,-1,650.000,625.000,-1,-1,2,0,2,0,2,0,0,0,0,1,2,2,2,0,0,2,2
29,-334.405,-2464.304,-42.032,-88.462,0.028448,0.999342,-0.022497,-0.997225,0.026824,-0.069446,-0.068797,0.024411,0.997332,0,0.57402,0.96000,34.441,1.920,-1,375.000,-1,350.000,-1,300.000,300.000,375.000,300.000,425.000,-1,-1,-1,650.000,625.000,-1,-1,2,0,2,0,2,0,0,0,0,1,2,2,2,0,0,2,2
30,-332.266,-2498.906,-44.731,-86.462,0.063057,0.997838,-0.018517,-0.995841,0.061687,-0.067050,-0.065762,0.022668,0.997578,0,0.57780,1.00000,34.668,2.000,-1,375.000,-1,350.000,-1,300.000,300.000,350.000,300.000,450.000,-1,-1,-1,650.000,625.000,-1,-1,2,0,2,0,2,0,0,0,0,1,2,2,2,0,0,2,2
31,-328.898,-2533.642,-47.356,-84.462,0.097627,0.995111,-0.014901,-0.993239,0.096477,-0.064562,-0.062809,0.021104,0.997802,0,0.58167,1.00000,34.900,2.000,-1,375.000,-1,350.000,-1,300.000,300.000,350.000,300.000,450.000,-1,-1,-1,650.000,625.000,-1,-1,2,0,2,0,2,0,0,0,0,1,2,2,2,0,0,2,2
32,-324.289,-2568.468,-49.911,-82.462,0.132110,0.991167,-0.011629,-0.989423,0.131151,-0.061982,-0.059910,0.019695,0.998009,0,0.58549,1.00000,35.129,2.000,-1,375.000,-1,350.000,-1,300.000,300.000,350.000,300.000,475.000,-1,-1,-1,650.000,625.000,-1,-1,2,0,2,0,2,0,0,0,0,1,2,2,2,0,0,2,2
33,-318.431,-2603.334,-52.410,-80.462,0.166455,0.986010,-0.008826,-0.984442,0.165666,-0.058556,-0.056275,0.018435,0.998245,0,0.58926,1.00000,35.355,2.000,-1,375.000,-1,350.000,-1,300.000,300.000,325.000,300.000,475.000,-1,-1,-1,650.000,650.000,-1,-1,2,0,2,0,2,0,0,0,0,1,2,2,2,0,0,2,2
34,-311.315,-2638.193,-54.627,-78.462,0.200575,0.979661,-0.005755,-0.978315,0.199983,-0.053910,-0.051663,0.016443,0.998529,0,0.59297,1.00000,35.578,2.000,-1,375.000,-1,375.000,-1,300.000,300.000,325.000,325.000,475.000,-1,-1,-1,675.000,650.000,-1,-1,2,0,2,0,2,0,0,0,0,1,2,2,2,0,0,2,2
35,-302.935,-2672.995,-56.725,-76.462,0.234506,0.972109,-0.003396,-0.970963,0.234057,-0.049485,-0.047310,0.014902,0.998769,0,0.59663,1.00000,35.798,2.000,-1,375.000,-1,375.000,-1,300.000,300.000,325.000,325.000,500.000,-1,-1,-1,675.000,675.000,-1,-1,2,0,2,0,2,0,0,0,0,1,2,2,2,0,0,2,2
36,-293.288,-2707.693,-58.097,-74.462,0.268304,0.963328,-0.003552,-0.962275,0.267834,-0.047876,-0.045169,0.016263,0.998847,0,0.60023,1.00000,36.014,2.000,-1,375.000,-1,375.000,-1,300.000,300.000,325.000,325.000,525.000,-1,-1,-1,675.000,675.000,-1,-1,2,0,2,0,2,0,0,0,0,1,2,2,2,0,0,2,2
37,-282.372,-2742.234,-59.403,-72.462,0.301783,0.953368,-0.004111,-0.952417,0.301283,-0.046155,-0.042764,0.017844,0.998926,0,0.60376,1.00000,36.226,2.000,-1,375.000,-1,375.000,-1,300.000,300.000,325.000,325.000,525.000,-1,-1,-1,675.000,675.000,-1,-1,2,0,2,0,2,0,0,0,0,1,2,2,2,0,0,2,2
38,-270.187,-2776.570,-60.696,-70.462,0.334890,0.942245,-0.004806,-0.941396,0.334362,-0.044462,-0.040287,0.019414,0.999000,0,0.60724,1.00000,36.434,2.000,-1,375.000,-1,375.000,-1,300.000,300.000,325.000,325.000,550.000,-1,-1,-1,700.000,675.000,-1,-1,2,0,2,0,2,0,0,0,0,1,2,2,2,0,0,2,2
39,-256.021,-2812.909,-62.073,-68.702,0.363682,0.931506,-0.005605,-0.930758,0.363133,-0.042702,-0.037742,0.020747,0.999072,0,0.65005,0.88000,39.003,1.760,-1,375.000,-1,375.000,-1,300.000,300.000,325.000,325.000,575.000,-1,-1,-1,700.000,700.000,-1,-1,2,0,2,0,2,0,0,0,0,1,2,2,2,0,0,2,2
40,-240.825,-2849.026,-63.442,-67.182,0.388268,0.921524,-0.006459,-0.920871,0.387705,-0.041000,-0.035279,0.021867,0.999138,0,0.65306,0.76000,39.184,1.520,-1,375.000,-1,375.000,-1,300.000,300.000,325.000,325.000,600.000,-1,-1,-1,725.000,700.000,-1,-1,2,0,2,0,2,0,0,0,0,1,2,2,2,0,0,2,2
41,-224.762,-2884.940,-64.806,-65.902,0.408756,0.912614,-0.007365,-0.912049,0.408185,-0.039383,-0.032935,0.022815,0.999197,0,0.65571,0.64000,39.343,1.280,-1,375.000,-1,375.000,-1,300.000,300.000,325.000,325.000,625.000,500.000,-1,-1,725.000,700.000,-1,-1,2,0,2,0,2,0,0,0,0,1,0,2,2,0,0,2,2
42,-207.986,-2920.680,-66.158,-64.856,0.425348,0.904992,-0.008301,-0.904509,0.424774,-0.037836,-0.030715,0.023601,0.999249,0,0.65803,0.52314,39.482,1.046,-1,375.000,-1,375.000,-1,325.000,300.000,325.000,325.000,650.000,350.000,525.000,-1,750.000,700.000,-1,-1,2,0,2,0,2,0,0,0,0,1,0,0,2,0,0,2,2
43,-190.511,-2956.221,-67.490,-63.818,0.441663,0.897133,-0.009281,-0.896727,0.441087,-0.036361,-0.028527,0.024381,0.999296,0,0.66007,0.51891,39.604,1.038,-1,375.000,-1,375.000,-1,325.000,325.000,325.000,300.000,675.000,325.000,425.000,-1,775.000,725.000,-1,-1,2,0,2,0,2,0,0,0,0,1,0,0,2,0,0,2,2
44,-172.344,-2991.553,-68.800,-62.789,0.457699,0.889048,-0.010303,-0.888716,0.457123,-0.034963,-0.026374,0.025159,0.999335,0,0.66217,0.51465,39.730,1.029,-1,400.000,-1,375.000,-1,325.000,325.000,325.000,300.000,700.000,300.000,400.000,-1,800.000,725.000,-1,-1,2,0,2,0,2,0,0,0,0,1,0,0,2,0,0,2,2
45,-153.489,-3026.670,-70.088,-61.768,0.473453,0.880746,-0.011365,-0.880485,0.472878,-0.033648,-0.024261,0.025937,0.999369,0,0.66431,0.51036,39.859,1.021,-1,400.000,-1,375.000,-1,325.000,325.000,325.000,300.000,725.000,300.000,375.000,-1,800.000,750.000,-1,-1,2,0,2,0,2,0,0,0,0,1,0,0,2,0,0,2,2
46,-133.953,-3061.563,-71.351,-60.756,0.488923,0.872238,-0.012462,-0.872045,0.488351,-0.032421,-0.022193,0.026719,0.999397,0,0.66650,0.50604,39.990,1.012,-1,400.000,-1,375.000,-1,325.000,325.000,325.000,300.000,750.000,275.000,375.000,-1,825.000,750.000,-1,-1,2,0,2,0,2,0,0,0,0,1,0,0,2,0,0,2,2
47,-113.741,-3096.224,-72.588,-59.753,0.504108,0.863534,-0.013592,-0.863405,0.503540,-0.031286,-0.020173,0.027507,0.999418,0,0.66873,0.50170,40.124,1.003,-1,400.000,-1,400.000,-1,325.000,325.000,325.000,300.000,775.000,275.000,350.000,-1,850.000,775.000,-1,-1,2,0,2,0,2,0,0,0,0,1,0,0,2,0,0,2,2
48,-92.860,-3130.645,-73.481,-58.758,0.519000,0.854671,-0.013267,-0.854560,0.518460,-0.030441,-0.019139,0.027137,0.999449,0,0.67099,0.49734,40.260,0.995,-1,400.000,-1,400.000,-1,325.000,325.000,325.000,300.000,800.000,300.000,375.000,-1,875.000,775.000,-1,-1,2,0,2,0,2,0,0,0,0,1,0,0,2,0,0,2,2
49,-71.317,-3164.819,-74.281,-57.772,0.533607,0.845639,-0.012569,-0.845532,0.533099,-0.029691,-0.018408,0.026471,0.999480,0,0.67330,0.49295,40.398,0.986,-1,400.000,-1,400.000,-1,325.000,325.000,325.000,300.000,825.000,325.000,425.000,-1,875.000,800.000,-1,1000.000,2,0,2,0,2,0,0,0,0,1,0,0,2,0,0,2,1
50,-49.117,-3198.738,-75.146,-56.795,0.547929,0.836446,-0.011510,-0.836332,0.547455,-0.029019,-0.017972,0.025526,0.999513,0,0.67563,0.48853,40.538,0.977,-1,400.000,-1,400.000,-1,325.000,325.000,325.000,300.000,850.000,375.000,475.000,-1,875.000,800.000,-1,950.000,2,0,2,0,2,0,0,0,0,1,0,0,2,0,1,2,1
51,-26.268,-3232.395,-76.003,-55.827,0.561966,0.827094,-0.010532,-0.826973,0.561522,-0.028433,-0.017603,0.024688,0.999540,0,0.67800,0.48409,40.680,0.968,-1,400.000,-1,400.000,975.000,325.000,325.000,325.000,300.000,875.000,400.000,525.000,-1,900.000,775.000,-1,925.000,2,0,2,0,1,0,0,0,0,1,0,0,2,0,1,2,1
52,-2.775,-3265.782,-76.865,-54.868,0.575719,0.817591,-0.009647,-0.817464,0.575300,-0.027988,-0.017333,0.023999,0.999562,0,0.68040,0.47963,40.824,0.959,-1,400.000,-1,400.000,925.000,325.000,325.000,300.000,300.000,900.000,450.000,575.000,-1,900.000,750.000,-1,875.000,2,0,2,0,1,0,0,0,0,1,0,0,2,0,1,2,1
53,21.354,-3298.892,-77.729,-53.917,0.589188,0.807947,-0.008849,-0.807813,0.588787,-0.027693,-0.017164,0.023465,0.999577,0,0.68282,0.47514,40.969,0.950,-1,400.000,-1,400.000,850.000,325.000,325.000,300.000,300.000,925.000,500.000,650.000,-1,900.000,750.000,-1,850.000,2,0,2,0,1,0,0,0,0,1,0,0,2,0,1,2,1
54,48.767,-3335.544,-78.693,-53.207,0.599161,0.800588,-0.008074,-0.800444,0.598775,-0.027538,-0.017212,0.022963,0.999588,0,0.76282,0.35549,45.769,0.711,-1,400.000,-1,400.000,800.000,325.000,325.000,300.000,300.000,950.000,575.000,700.000,-1,925.000,725.000,-1,800.000,2,0,2,0,1,0,0,0,0,1,0,0,2,0,1,2,1
55,78.018,-3373.672,-79.704,-52.504,0.608925,0.793193,-0.007417,-0.793037,0.608546,-0.027656,-0.017423,0.022722,0.999590,0,0.80093,0.35114,48.056,0.702,-1,425.000,-1,400.000,750.000,325.000,325.000,300.000,300.000,975.000,625.000,775.000,-1,925.000,700.000,-1,750.000,2,0,2,0,1,0,0,0,0,1,0,0,2,0,1,2,1
56,107.876,-3411.630,-80.648,-51.812,0.618475,0.785774,-0.006941,-0.785598,0.618085,-0.028385,-0.018014,0.023009,0.999573,0,0.80489,0.34630,48.294,0.693,-1,425.000,-1,400.000,700.000,325.000,325.000,300.000,300.000,1000.000,725.000,875.000,-1,925.000,675.000,-1,725.000,2,0,2,0,1,0,0,0,0,1,0,0,2,0,1,2,1
57,138.322,-3449.401,-81.615,-51.129,0.627794,0.778352,-0.006486,-0.778155,0.627391,-0.029246,-0.018694,0.023407,0.999551,0,0.80857,0.34109,48.514,0.682,-1,425.000,-1,425.000,650.000,350.000,325.000,300.000,300.000,-1,850.000,1000.000,-1,925.000,650.000,-1,675.000,2,0,2,0,1,0,0,0,0,2,0,0,2,0,1,2,1
58,169.336,-3486.969,-82.605,-50.458,0.636877,0.770942,-0.006047,-0.770720,0.636456,-0.030239,-0.019464,0.023919,0.999524,0,0.81193,0.33552,48.716,0.671,-1,425.000,-1,425.000,600.000,350.000,350.000,300.000,300.000,-1,975.000,-1,-1,950.000,625.000,-1,650.000,2,0,2,0,1,0,0,0,0,2,0,2,2,0,1,2,1
59,200.897,-3524.315,-83.619,-49.799,0.645715,0.763558,-0.005622,-0.763308,0.645273,-0.031367,-0.020323,0.024545,0.999492,0,0.81493,0.32955,48.896,0.659,-1,425.000,-1,425.000,550.000,350.000,350.000,325.000,300.000,-1,-1,-1,-1,950.000,600.000,-1,600.000,2,0,2,0,1,0,0,0,0,2,2,2,2,0,1,2,1
60,232.979,-3561.421,-84.829,-49.153,0.654292,0.756230,-0.004293,-0.755926,0.653845,-0.032595,-0.021843,0.024572,0.999459,0,0.81754,0.32318,49.052,0.646,-1,425.000,-1,425.000,500.000,350.000,350.000,300.000,300.000,-1,-1,-1,-1,950.000,575.000,-1,575.000,2,0,2,0,1,0,0,0,0,2,2,2,2,0,1,2,1
61,265.555,-3598.268,-86.151,-48.520,0.662603,0.748966,-0.002502,-0.748594,0.662161,-0.033917,-0.023745,0.024347,0.999422,0,0.81971,0.31641,49.183,0.633,-1,425.000,-1,425.000,475.000,350.000,350.000,300.000,300.000,-1,-1,-1,-1,925.000,550.000,-1,525.000,2,0,2,0,1,0,0,0,0,2,2,2,2,0,1,2,1
62,298.595,-3634.837,-87.541,-47.902,0.670645,0.741778,-0.000620,-0.741327,0.670208,-0.035447,-0.025878,0.024232,0.999371,0,0.82140,0.30921,49.284,0.618,-1,425.000,-1,400.000,425.000,350.000,350.000,300.000,300.000,-1,-1,-1,-1,925.000,525.000,-1,475.000,2,0,2,1,1,0,0,0,0,2,2,2,2,0,1,2,1
63,332.066,-3671.107,-89.080,-47.299,0.678417,0.734676,0.001299,-0.734125,0.677974,-0.037575,-0.028487,0.024538,0.999293,0,0.82256,0.30158,49.353,0.603,-1,425.000,-1,400.000,400.000,350.000,350.000,300.000,300.000,-1,-1,-1,-1,900.000,500.000,-1,450.000,2,0,2,1,1,0,0,0,0,2,2,2,2,1,1,2,1
64,365.930,-3707.057,-90.739,-46.712,0.685900,0.727688,0.003298,-0.727035,0.685463,-0.039507,-0.031010,0.024700,0.999214,0,0.82314,0.29352,49.388,0.587,-1,425.000,-1,375.000,350.000,350.000,350.000,300.000,300.000,-1,-1,-1,-1,875.000,475.000,-1,400.000,2,0,2,1,1,0,0,0,0,2,2,2,2,1,1,2,1
65,400.149,-3742.667,-92.525,-46.141,0.693090,0.720832,0.005312,-0.720076,0.692667,-0.041258,-0.033420,0.024770,0.999134,0,0.82310,0.28502,49.386,0.570,-1,425.000,-1,350.000,325.000,350.000,350.000,300.000,300.000,-1,-1,-1,-1,850.000,450.000,-1,350.000,2,0,2,1,1,0,0,0,0,2,2,2,2,1,1,2,1
66,434.679,-3777.915,-94.379,-45.589,0.699986,0.714119,0.007305,-0.713254,0.699579,-0.043117,-0.035901,0.024971,0.999043,0,0.82239,0.27609,49.343,0.552,-1,425.000,-1,325.000,275.000,350.000,325.000,300.000,300.000,-1,-1,-1,-1,825.000,425.000,-1,325.000,2,0,2,1,1,0,1,0,0,2,2,2,2,1,1,2,1
67,469.476,-3812.780,-96.300,-45.056,0.706584,0.707569,0.009276,-0.706584,0.706192,-0.045081,-0.038449,0.025300,0.998940,0,0.82096,0.26674,49.258,0.533,-1,425.000,-1,300.000,250.000,350.000,325.000,300.000,300.000,-1,-1,-1,-1,825.000,400.000,-1,275.000,2,0,2,1,1,0,1,0,0,2,2,2,2,1,1,2,1
68,504.491,-3847.240,-98.285,-44.542,0.712879,0.701197,0.011226,-0.700084,0.712502,-0.047152,-0.041061,0.025754,0.998825,0,0.81879,0.25699,49.127,0.514,-1,425.000,-1,300.000,200.000,350.000,300.000,300.000,300.000,-1,-1,-1,-1,800.000,375.000,-1,225.000,2,0,2,1,1,0,1,0,0,2,2,2,2,1,1,2,1
69,539.673,-3881.274,-98.175,-44.048,0.718730,0.695145,0.014138,-0.694286,0.718636,-0.039101,-0.037341,0.018287,0.999135,0,0.81584,0.24687,48.951,0.494,-1,425.000,-1,275.000,200.000,350.000,275.000,275.000,300.000,-1,-1,-1,-1,850.000,350.000,-1,225.000,2,0,2,1,1,1,1,0,1,2,2,2,2,1,1,2,1
70,573.940,-3914.128,-96.657,-43.794,0.721629,0.692061,0.017407,-0.691652,0.721817,-0.024441,-0.029479,0.005598,0.999550,0,0.79122,0.12687,47.473,0.254,-1,450.000,-1,275.000,175.000,350.000,275.000,275.000,300.000,-1,-1,-1,-1,925.000,350.000,-1,200.000,2,0,2,1,1,1,1,0,1,2,2,2,2,0,1,2,1
71,608.046,-3946.811,-95.140,-43.781,0.721722,0.691882,0.020435,-0.691847,0.721977,-0.009840,-0.021562,-0.007036,0.999743,0,0.78730,0.00687,47.238,0.014,-1,450.000,-1,275.000,175.000,350.000,275.000,275.000,275.000,-1,-1,-1,-1,975.000,350.000,-1,200.000,2,1,2,1,1,1,1,0,1,2,2,2,2,0,1,2,1
72,641.849,-3979.459,-93.646,-44.007,0.719001,0.694607,0.023630,-0.694875,0.719115,0.004776,-0.013675,-0.019854,0.999709,0,0.78325,-0.11313,46.995,-0.226,-1,450.000,-1,275.000,175.000,350.000,275.000,250.000,275.000,-1,-1,-1,-1,-1,350.000,-1,200.000,2,1,2,1,1,1,1,0,1,2,2,2,2,2,1,2,1
73,675.211,-4012.207,-92.163,-44.473,0.713434,0.700194,0.027203,-0.700699,0.713192,0.019443,-0.005787,-0.032932,0.999441,0,0.77916,-0.23313,46.749,-0.466,-1,450.000,-1,275.000,175.000,350.000,275.000,250.000,275.000,-1,250.000,-1,-1,-1,350.000,-1,200.000,2,1,2,1,1,1,1,0,1,2,0,2,2,2,1,2,1
74,711.434,-4048.645,-90.726,-45.177,0.705040,0.708454,0.031797,-0.709158,0.704096,0.036651,0.003577,-0.048390,0.998822,0,0.85632,-0.35184,51.379,-0.704,-1,475.000,-1,250.000,175.000,350.000,275.000,250.000,275.000,975.000,150.000,550.000,-1,-1,375.000,-1,200.000,2,1,2,1,1,1,1,0,1,0,0,0,2,2,1,2,1
75,747.387,-4085.720,-89.513,-45.890,0.696602,0.716526,0.036552,-0.717327,0.694596,0.054574,0.013715,-0.064236,0.997840,0,0.86074,-0.35679,51.644,-0.714,-1,500.000,-1,275.000,175.000,350.000,275.000,250.000,275.000,625.000,100.000,350.000,-1,-1,400.000,-1,175.000,2,1,2,1,1,1,1,0,1,0,0,0,2,2,1,2,1
76,783.043,-4123.427,-88.414,-46.615,0.688115,0.724412,0.041535,-0.725196,0.684688,0.072750,0.024262,-0.080181,0.996485,0,0.86491,-0.36222,51.894,-0.724,-1,550.000,-1,275.000,150.000,350.000,275.000,225.000,275.000,475.000,75.000,275.000,-1,-1,450.000,-1,175.000,2,1,2,1,1,1,1,0,1,0,0,0,2,2,1,2,1
77,7543.934,5576.614,188.026,-30.761,0.845070,0.457238,-0.277112,-0.532289,0.768218,-0.355681,0.050252,0.448079,0.892580,1,0.00000,0.00000,52.124,-0.736,200.000,300.000,-1,950.000,-1,325.000,450.000,400.000,200.000,-1,-1,750.000,175.000,-1,-1,175.000,-1,1,1,2,0,2,1,1,1,0,2,2,0,0,2,2,1,2
78,7547.216,-3604.967,-19.185,33.655,0.831978,-0.554166,0.026687,0.554225,0.832347,0.005823,-0.025440,0.009946,0.999627,1,0.08000,-0.12000,4.800,-0.240,-1,375.000,-1,375.000,-1,300.000,300.000,325.000,300.000,-1,-1,-1,-1,700.000,650.000,-1,-1,2,0,2,0,2,0,0,0,0,2,2,2,2,0,0,2,2
79,7555.232,-3599.684,-19.404,33.386,0.834583,-0.550253,0.026345,0.550308,0.834942,0.005766,-0.025169,0.009686,0.999636,0,0.16000,-0.13454,9.600,-0.269,-1,375.000,-1,375.000,-1,300.000,300.000,325.000,300.000,-1,-1,-1,-1,700.000,650.000,-1,-1,2,0,2,0,2,0,0,0,0,2,2,2,2,0,0,2,2
80,7567.293,-3591.816,-19.737,33.117,0.837173,-0.546327,0.025847,0.546378,0.837520,0.005689,-0.024755,0.009360,0.999650,0,0.24000,-0.13454,14.400,-0.269,-1,375.000,-1,375.000,-1,300.000,300.000,325.000,300.000,-1,-1,-1,-1,700.000,650.000,-1,-1,2,0,2,0,2,0,0,0,0,2,2,2,2,0,0,2,2
81,7583.423,-3581.402,-20.184,32.848,0.839749,-0.542390,0.025193,0.542435,0.840079,0.005580,-0.024191,0.008980,0.999667,0,0.32000,-0.13454,19.200,-0.269,-1,375.000,-1,375.000,-1,300.000,300.000,325.000,300.000,-1,-1,-1,-1,700.000,650.000,-1,-1,2,0,2,0,2,0,0,0,0,2,2,2,2,0,0,2,2
82,7603.647,-3568.479,-20.747,32.579,0.842310,-0.538440,0.024394,0.538481,0.842620,0.005424,-0.023475,0.008567,0.999688,0,0.40000,-0.13454,24.000,-0.269,-1,375.000,-1,375.000,-1,325.000,300.000,325.000,300.000,-1,-1,-1,-1,675.000,650.000,-1,-1,2,0,2,0,2,0,0,0,0,2,2,2,2,0,0,2,2
83,7627.988,-3553.086,-21.424,32.310,0.844857,-0.534479,0.023435,0.534516,0.845143,0.005208,-0.022590,0.008126,0.999712,0,0.48000,-0.13454,28.800,-0.269,-1,375.000,-1,375.000,-1,325.000,300.000,325.000,300.000,-1,-1,-1,-1,675.000,625.000,-1,-1,2,0,2,0,2,0,0,0,0,2,2,2,2,0,0,2,2
84,7656.469,-3535.260,-22.212,32.041,0.847388,-0.530506,0.022304,0.530539,0.847646,0.004916,-0.021514,0.007667,0.999739,0,0.56000,-0.13454,33.600,-0.269,-1,375.000,-1,375.000,-1,325.000,300.000,325.000,300.000,-1,-1,-1,-1,675.000,625.000,-1,-1,2,0,2,0,2,0,0,0,0,2,2,2,2,0,0,2,2
85,7689.115,-3515.041,-23.098,31.772,0.849902,-0.526521,0.021000,0.526550,0.850132,0.004592,-0.020271,0.007155,0.999769,0,0.64000,-0.13454,38.400,-0.269,-1,375.000,-1,375.000,-1,325.000,300.000,325.000,300.000,-1,-1,-1,-1,675.000,625.000,-1,-1,2,0,2,0,2,0,0,0,0,2,2,2,2,0,0,2,2
86,7725.948,-3492.468,-23.934,31.503,0.852398,-0.522527,0.019599,0.522539,0.852601,0.004895,-0.019268,0.006069,0.999796,0,0.72000,-0.13454,43.200,-0.269,-1,375.000,-1,375.000,-1,325.000,300.000,325.000,300.000,-1,-1,-1,-1,650.000,625.000,-1,-1,2,0,2,0,2,0,0,0,0,2,2,2,2,0,0,2,2
87,7766.887,-3467.407,-24.843,31.473,0.852695,-0.522097,0.018048,0.522095,0.852872,0.005227,-0.018122,0.004966,0.999823,0,0.80000,-0.01454,48.000,-0.029,-1,375.000,-1,350.000,-1,300.000,300.000,325.000,300.000,-1,-1,-1,-1,650.000,625.000,-1,-1,2,0,2,0,2,0,0,0,0,2,2,2,2,0,0,2,2
88,7811.860,-3439.744,-25.644,31.596,0.851627,-0.523918,0.015525,0.523895,0.851763,0.005837,-0.016282,0.003162,0.999862,0,0.88000,0.06108,52.800,0.122,-1,375.000,-1,350.000,-1,300.000,300.000,325.000,300.000,-1,-1,-1,-1,650.000,625.000,-1,-1,2,0,2,0,2,0,0,0,0,2,2,2,2,0,0,2,2
89,7860.857,-3409.461,-26.201,31.718,0.850571,-0.525736,0.011417,0.525691,0.850648,0.006892,-0.013335,0.000139,0.999911,0,0.96000,0.06108,57.600,0.122,-1,375.000,-1,350.000,-1,300.000,300.000,325.000,300.000,-1,550.000,-1,-1,650.000,625.000,-1,-1,2,0,2,0,2,0,0,0,0,2,0,2,2,0,0,2,2
90,7910.697,-3378.511,-26.748,31.840,0.849496,-0.527546,0.007201,0.527495,0.849522,0.007870,-0.010270,-0.002887,0.999943,0,0.97781,0.06108,58.669,0.122,-1,375.000,-1,350.000,-1,300.000,300.000,300.000,325.000,-1,450.000,700.000,-1,650.000,650.000,-1,-1,2,0,2,0,2,0,0,0,0,2,0,0,2,0,0,2,2
91,7960.471,-3347.454,-27.214,31.962,0.848398,-0.529350,0.003022,0.529311,0.848385,0.008517,-0.007072,-0.005626,0.999959,0,0.97781,0.06108,58.669,0.122,-1,375.000,-1,375.000,-1,300.000,300.000,300.000,325.000,-1,375.000,550.000,-1,650.000,650.000,-1,-1,2,0,2,0,2,0,0,0,0,2,0,0,2,0,0,2,2
92,8010.179,-3316.291,-27.157,32.084,0.847274,-0.531156,0.000235,0.531139,0.847251,0.007541,-0.004204,-0.006265,0.999972,0,0.97781,0.06108,58.669,0.122,-1,375.000,-1,375.000,-1,300.000,300.000,300.000,325.000,-1,375.000,525.000,-1,650.000,675.000,-1,-1,2,0,2,0,2,0,0,0,0,2,0,0,2,0,0,2,2
93,8059.821,-3285.023,-27.068,32.206,0.846137,-0.532959,-0.002542,0.532963,0.846114,0.006456,-0.001290,-0.006817,0.999976,0,0.97781,0.06108,58.669,0.122,-1,375.000,-1,375.000,-1,300.000,300.000,300.000,325.000,-1,375.000,500.000,-1,650.000,700.000,-1,-1,2,0,2,0,2,0,0,0,0,2,0,0,2,0,0,2,2
94,8109.395,-3253.649,-26.648,32.329,0.844983,-0.534764,-0.005480,0.534786,0.844980,0.003683,0.002661,-0.006043,0.999978,0,0.97781,0.06108,58.669,0.122,-1,375.000,-1,375.000,-1,300.000,300.000,300.000,300.000,-1,400.000,475.000,-1,650.000,725.000,-1,-1,2,0,2,0,2,0,0,0,0,2,0,0,2,0,0,2,2
95,8158.903,-3222.169,-26.164,32.451,0.843815,-0.536568,-0.008419,0.536591,0.843842,0.000609,0.006778,-0.005032,0.999964,0,0.97781,0.06108,58.669,0.122,-1,375.000,-1,375.000,-1,300.000,300.000,300.000,300.000,-1,400.000,450.000,-1,675.000,750.000,-1,-1,2,0,2,0,2,0,0,0,0,2,0,0,2,0,0,2,2
96,8208.343,-3190.583,-25.670,32.573,0.842634,-0.538368,-0.011319,0.538378,0.842700,-0.002394,0.010827,-0.004077,0.999933,0,0.97781,0.06108,58.669,0.122,-1,375.000,-1,375.000,-1,300.000,300.000,300.000,300.000,-1,375.000,375.000,-1,700.000,800.000,-1,-1,2,0,2,0,2,0,0,0,0,2,0,0,2,0,0,2,2
97,8257.716,-3158.892,-25.154,32.695,0.841440,-0.540165,-0.014172,0.540149,0.841553,-0.005270,0.014773,-0.003221,0.999886,0,0.97781,0.06108,58.669,0.122,-1,375.000,-1,375.000,-1,300.000,325.000,300.000,300.000,-1,325.000,350.000,-1,725.000,825.000,-1,-1,2,0,2,0,2,0,0,0,0,2,0,0,2,0,0,2,2
98,8307.022,-3127.096,-24.618,32.817,0.840233,-0.541959,-0.016981,0.541906,0.840401,-0.008019,0.018617,-0.002464,0.999824,0,0.97781,0.06108,58.669,0.122,-1,375.000,-1,400.000,-1,325.000,325.000,300.000,300.000,-1,300.000,300.000,-1,750.000,850.000,-1,-1,2,0,2,0,2,0,0,0,0,2,0,0,2,0,0,2,2
99,8356.259,-3095.195,-23.840,32.939,0.839017,-0.543750,-0.019643,0.543671,0.839243,-0.009615,0.021714,-0.002612,0.999761,0,0.97781,0.06108,58.669,0.122,-1,375.000,-1,400.000,-1,325.000,325.000,300.000,300.000,-1,300.000,300.000,-1,775.000,900.000,-1,-1,2,0,2,0,2,0,0,0,0,2,0,0,2,0,0,2,2
100,8405.429,-3063.189,-22.761,33.062,0.837795,-0.545536,-0.022140,0.545462,0.838079,-0.009768,0.023884,-0.003893,0.999707,0,0.97781,0.06108,58.669,0.122,-1,400.000,-1,425.000,-1,325.000,325.000,300.000,300.000,-1,300.000,325.000,-1,800.000,975.000,-1,-1,2,0,2,0,2,0,0,0,0,2,0,0,2,0,0,2,2
101,8454.530,-3031.078,-21.730,33.184,0.836571,-0.547319,-0.024314,0.547252,0.836909,-0.009912,0.025774,-0.005014,0.999655,0,0.97781,0.06108,58.669,0.122,-1,400.000,-1,425.000,-1,325.000,325.000,300.000,300.000,-1,325.000,350.000,-1,825.000,-1,-1,-1,2,0,2,0,2,0,0,0,0,2,0,0,2,0,2,2,2
102,8503.562,-2998.863,-21.174,33.306,0.835408,-0.549104,-0.024039,0.549015,0.835743,-0.010739,0.025987,-0.004226,0.999653,0,0.97781,0.06108,58.669,0.122,-1,400.000,-1,425.000,-1,325.000,350.000,300.000,300.000,-1,350.000,375.000,-1,825.000,-1,-1,-1,2,0,2,0,2,0,0,0,0,2,0,0,2,0,2,2,2
103,8552.525,-2966.543,-20.400,33.428,0.834272,-0.550887,-0.022651,0.550767,0.834575,-0.011798,0.025404,-0.002633,0.999674,0,0.97781,0.06108,58.669,0.122,-1,400.000,-1,425.000,-1,325.000,350.000,300.000,300.000,-1,400.000,425.000,-1,825.000,-1,-1,-1,2,0,2,0,2,0,0,0,0,2,0,0,2,0,2,2,2
104,8601.420,-2934.119,-19.617,33.550,0.833133,-0.552667,-0.021182,0.552521,0.833401,-0.012749,0.024699,-0.001082,0.999694,0,0.97781,0.06108,58.669,0.122,-1,400.000,-1,425.000,-1,325.000,350.000,300.000,300.000,-1,475.000,475.000,-1,850.000,-1,-1,-1,2,0,2,0,2,0,0,0,0,2,0,0,2,0,2,2,2
105,8650.245,-2901.590,-18.524,33.672,0.832017,-0.554443,-0.018486,0.554269,0.832221,-0.013958,0.023123,0.001367,0.999732,0,0.97781,0.06108,58.669,0.122,-1,425.000,-1,450.000,-1,350.000,350.000,300.000,300.000,-1,550.000,550.000,-1,850.000,-1,-1,-1,2,0,2,0,2,0,0,0,0,2,0,0,2,0,2,2,2
106,8699.000,-2868.958,-17.348,33.795,0.830900,-0.556212,-0.015294,0.556020,0.831031,-0.015182,0.021154,0.004111,0.999768,0,0.97781,0.06108,58.669,0.122,-1,425.000,-1,450.000,-1,350.000,350.000,300.000,300.000,-1,675.000,650.000,-1,850.000,-1,-1,-1,2,0,2,0,2,0,0,0,0,2,0,0,2,0,2,2,2
107,8747.686,-2836.221,-16.336,33.917,0.829770,-0.557976,-0.012029,0.557793,0.829834,-0.015608,0.018691,0.006241,0.999806,0,0.97781,0.06108,58.669,0.122,-1,425.000,-1,425.000,-1,350.000,350.000,300.000,300.000,-1,800.000,775.000,-1,850.000,-1,-1,-1,2,0,2,0,2,0,0,0,0,2,0,0,2,0,2,2,2
108,8796.302,-2803.381,-15.752,34.039,0.828622,-0.559743,-0.008587,0.559611,0.828640,-0.013845,0.014865,0.006667,0.999867,0,0.97781,0.06108,58.669,0.122,-1,425.000,-1,425.000,-1,350.000,350.000,300.000,300.000,-1,1000.000,950.000,-1,825.000,-1,-1,-1,2,0,2,0,2,0,0,0,0,2,0,0,2,0,2,2,2
109,8844.848,-2770.438,-15.204,34.161,0.827456,-0.561507,-0.005141,0.561423,0.827443,-0.011947,0.010962,0.006999,0.999915,0,0.97781,0.06108,58.669,0.122,-1,400.000,-1,425.000,-1,350.000,350.000,300.000,300.000,-1,-1,-1,-1,800.000,-1,-1,-1,2,0,2,0,2,0,0,0,0,2,2,2,2,0,2,2,2
110,8893.324,-2737.391,-14.694,34.283,0.826272,-0.563269,-0.001691,0.563228,0.826242,-0.009913,0.006981,0.007239,0.999949,0,0.97781,0.06108,58.669,0.122,-1,400.000,-1,425.000,-1,325.000,350.000,300.000,300.000,-1,-1,-1,-1,800.000,-1,-1,-1,2,0,2,0,2,0,0,0,0,2,2,2,2,0,2,2,2
111,8937.895,-2707.139,-14.274,34.165,0.827430,-0.561568,0.001506,0.561560,0.827398,-0.007931,0.003208,0.007408,0.999967,0,0.89781,-0.05892,53.869,-0.118,-1,400.000,-1,425.000,-1,325.000,350.000,275.000,300.000,-1,-1,-1,-1,800.000,-1,-1,-1,2,0,2,0,2,0,0,0,0,2,2,2,2,0,2,2,2
112,8978.661,-2679.829,-13.818,33.819,0.830796,-0.556560,0.004409,0.556577,0.830769,-0.006688,0.000059,0.008011,0.999968,0,0.81781,-0.17295,49.069,-0.346,-1,400.000,-1,450.000,-1,325.000,350.000,275.000,300.000,-1,-1,-1,-1,800.000,-1,-1,-1,2,0,2,0,2,0,0,0,0,2,2,2,2,0,2,2,2
113,9015.587,-2655.412,-13.741,33.474,0.834130,-0.551525,0.006889,0.551565,0.834100,-0.007278,-0.001732,0.009870,0.999950,0,0.73781,-0.17295,44.269,-0.346,-1,400.000,-1,450.000,-1,325.000,350.000,275.000,300.000,-1,-1,-1,-1,800.000,-1,-1,-1,2,0,2,0,2,0,0,0,0,2,2,2,2,0,2,2,2
114,9052.137,-2631.561,-13.759,33.128,0.837429,-0.546467,0.009291,0.546536,0.837396,-0.008185,-0.003307,0.011932,0.999923,0,0.72739,-0.17295,43.643,-0.346,-1,400.000,-1,450.000,-1,325.000,350.000,275.000,300.000,-1,-1,-1,-1,800.000,-1,-1,-1,2,0,2,0,2,0,0,0,0,2,2,2,2,0,2,2,2
115,9088.829,-2607.930,-13.801,32.782,0.840692,-0.541387,0.011678,0.541491,0.840657,-0.009097,-0.004892,0.013972,0.999890,0,0.72739,-0.17295,43.643,-0.346,-1,400.000,-1,450.000,-1,325.000,350.000,275.000,300.000,-1,-1,-1,-1,825.000,-1,-1,-1,2,0,2,0,2,0,0,0,0,2,2,2,2,0,2,2,2
116,9125.664,-2584.522,-14.085,32.436,0.843907,-0.536279,0.015033,0.536442,0.843874,-0.010353,-0.007134,0.016801,0.999833,0,0.72739,-0.17295,43.643,-0.346,-1,400.000,-1,450.000,-1,325.000,350.000,275.000,300.000,-1,-1,-1,-1,825.000,-1,-1,-1,2,0,2,0,2,0,0,0,0,2,2,2,2,0,2,2,2
117,9162.639,-2561.336,-14.541,32.090,0.847067,-0.531141,0.019135,0.531393,0.847044,-0.011793,-0.009945,0.020158,0.999747,0,0.72739,-0.17295,43.643,-0.346,-1,400.000,-1,450.000,-1,325.000,350.000,275.000,300.000,-1,-1,-1,-1,825.000,-1,-1,-1,2,0,2,0,2,0,0,0,0,2,2,2,2,0,2,2,2
118,9199.754,-2538.373,-15.002,31.744,0.850181,-0.525980,0.023182,0.526336,0.850174,-0.013194,-0.012769,0.023419,0.999644,0,0.72739,-0.17295,43.643,-0.346,-1,400.000,-1,450.000,-1,325.000,350.000,300.000,300.000,-1,-1,-1,-1,825.000,1000.000,-1,-1,2,0,2,0,2,0,0,0,0,2,2,2,2,0,0,2,2
119,9237.006,-2515.635,-15.486,31.398,0.853249,-0.520796,0.027162,0.521272,0.853265,-0.014648,-0.015548,0.026657,0.999524,0,0.72739,-0.17295,43.643,-0.346,-1,400.000,-1,425.000,-1,325.000,350.000,300.000,275.000,-1,-1,-1,-1,825.000,975.000,-1,-1,2,0,2,0,2,0,0,0,0,2,2,2,2,0,0,2,2
120,9274.395,-2493.122,-16.060,31.052,0.856282,-0.515592,0.030761,0.516193,0.856322,-0.016038,-0.018072,0.029611,0.999398,0,0.72739,-0.17295,43.643,-0.346,-1,400.000,-1,425.000,-1,325.000,350.000,300.000,275.000,-1,-1,-1,-1,850.000,975.000,-1,-1,2,0,2,0,2,0,0,0,0,2,2,2,2,0,0,2,2
121,9311.919,-2470.836,-17.010,30.706,0.859325,-0.510390,0.032592,0.511060,0.859380,-0.016832,-0.019417,0.031121,0.999327,0,0.72739,-0.17295,43.643,-0.346,-1,400.000,-1,425.000,-1,325.000,350.000,300.000,275.000,-1,-1,-1,-1,850.000,975.000,-1,-1,2,0,2,0,2,0,0,0,0,2,2,2,2,0,0,2,2
122,9349.578,-2448.776,-17.986,30.360,0.862337,-0.505168,0.034358,0.505911,0.862405,-0.017650,-0.020714,0.032603,0.999254,0,0.72739,-0.17295,43.643,-0.346,-1,400.000,-1,425.000,-1,350.000,350.000,300.000,300.000,-1,-1,-1,-1,850.000,975.000,-1,-1,2,0,2,0,2,0,0,0,0,2,2,2,2,0,0,2,2
123,9387.369,-2426.945,-19.188,30.014,0.865301,-0.499942,0.036220,0.500742,0.865421,-0.017442,-0.022625,0.033230,0.999192,0,0.72739,-0.17295,43.643,-0.346,-1,400.000,-1,425.000,-1,325.000,350.000,300.000,300.000,-1,-1,-1,-1,850.000,950.000,-1,-1,2,0,2,0,2,0,0,0,0,2,2,2,2,0,0,2,2
124,9425.291,-2405.342,-20.577,29.669,0.868220,-0.494709,0.038162,0.495548,0.868425,-0.016417,-0.025019,0.033165,0.999137,0,0.72739,-0.17295,43.643,-0.346,-1,400.000,-1,425.000,-1,325.000,350.000,300.000,300.000,-1,-1,-1,-1,850.000,950.000,-1,-1,2,0,2,0,2,0,0,0,0,2,2,2,2,0,0,2,2
125,9463.343,-2383.969,-21.998,29.323,0.871105,-0.489459,0.040071,0.490332,0.871400,-0.015374,-0.027392,0.033041,0.999079,0,0.72739,-0.17295,43.643,-0.346,-1,400.000,-1,425.000,-1,325.000,350.000,300.000,300.000,-1,-1,-1,-1,850.000,950.000,-1,-1,2,0,2,0,2,0,0,0,0,2,2,2,2,0,0,2,2
126,9501.523,-2362.826,-23.371,28.977,0.873940,-0.484187,0.042334,0.485107,0.874335,-0.014473,-0.030006,0.033185,0.998999,0,0.72739,-0.17295,43.643,-0.346,-1,400.000,-1,425.000,-1,325.000,350.000,275.000,300.000,-1,-1,-1,-1,850.000,925.000,-1,-1,2,0,2,0,2,0,0,0,0,2,2,2,2,0,0,2,2
127,9539.830,-2341.914,-24.718,28.631,0.876726,-0.478895,0.044843,0.479871,0.877232,-0.013676,-0.032788,0.033509,0.998900,0,0.72739,-0.17295,43.643,-0.346,-1,400.000,-1,425.000,-1,325.000,325.000,275.000,300.000,-1,-1,-1,-1,850.000,925.000,-1,-1,2,0,2,0,2,0,0,0,0,2,2,2,2,0,0,2,2
128,9578.263,-2321.233,-26.091,28.285,0.879475,-0.473586,0.047341,0.474615,0.880099,-0.012879,-0.035565,0.033795,0.998796,0,0.72739,-0.17295,43.643,-0.346,-1,400.000,-1,425.000,-1,325.000,325.000,275.000,300.000,-1,-1,-1,-1,850.000,900.000,-1,-1,2,0,2,0,2,0,0,0,0,2,2,2,2,0,0,2,2
129,9616.820,-2300.785,-27.491,27.939,0.882185,-0.468260,0.049829,0.469340,0.882935,-0.012082,-0.038339,0.034045,0.998685,0,0.72739,-0.17295,43.643,-0.346,-1,400.000,-1,425.000,-1,325.000,325.000,275.000,300.000,-1,-1,-1,-1,850.000,900.000,-1,-1,2,0,2,0,2,0,0,0,0,2,2,2,2,0,0,2,2
130,9655.500,-2280.569,-28.918,27.593,0.884857,-0.462917,0.052308,0.464046,0.885739,-0.011285,-0.041107,0.034259,0.998567,0,0.72739,-0.17295,43.643,-0.346,-1,400.000,-1,425.000,-1,325.000,325.000,275.000,300.000,-1,-1,-1,-1,850.000,900.000,-1,-1,2,0,2,0,2,0,0,0,0,2,2,2,2,0,0,2,2
131,9694.301,-2260.588,-30.489,27.247,0.887501,-0.457552,0.054666,0.458746,0.888499,-0.011040,-0.043519,0.034876,0.998444,0,0.72739,-0.17295,43.643,-0.346,-1,400.000,-1,425.000,-1,325.000,325.000,275.000,300.000,-1,-1,-1,-1,850.000,875.000,-1,-1,2,0,2,0,2,0,0,0,0,2,2,2,2,0,0,2,2
132,9733.222,-2240.841,-32.362,26.901,0.890133,-0.452154,0.056746,0.453461,0.891194,-0.012056,-0.045121,0.036464,0.998316,0,0.72739,-0.17295,43.643,-0.346,-1,400.000,-1,425.000,-1,325.000,325.000,275.000,300.000,-1,-1,-1,-1,850.000,875.000,-1,-1,2,0,2,0,2,0,0,0,0,2,2,2,2,0,0,2,2
133,9772.261,-2221.329,-34.268,26.555,0.892725,-0.446739,0.058884,0.448166,0.893855,-0.013064,-0.046797,0.038052,0.998179,0,0.72739,-0.17295,43.643,-0.346,-1,400.000,-1,425.000,-1,325.000,325.000,275.000,300.000,-1,-1,-1,-1,850.000,850.000,-1,-1,2,0,2,0,2,0,0,0,0,2,2,2,2,0,0,2,2
134,9811.417,-2202.053,-36.268,26.209,0.895260,-0.441303,0.061328,0.442872,0.896473,-0.014183,-0.048720,0.039857,0.998017,0,0.72739,-0.17295,43.643,-0.346,-1,400.000,-1,425.000,-1,325.000,325.000,275.000,300.000,-1,-1,-1,-1,875.000,850.000,-1,-1,2,0,2,0,2,0,0,0,0,2,2,2,2,0,0,2,2
135,9850.689,-2183.014,-38.297,25.864,0.897754,-0.435851,0.063804,0.437569,0.899055,-0.015288,-0.050700,0.041644,0.997845,0,0.72739,-0.17295,43.643,-0.346,-1,400.000,-1,400.000,-1,325.000,325.000,300.000,300.000,-1,-1,-1,-1,875.000,825.000,-1,-1,2,0,2,0,2,0,0,0,0,2,2,2,2,0,0,2,2
136,9890.075,-2164.212,-40.353,25.518,0.900207,-0.430383,0.066312,0.432256,0.901602,-0.016383,-0.052736,0.043412,0.997664,0,0.72739,-0.17295,43.643,-0.346,-1,400.000,-1,400.000,-1,325.000,325.000,300.000,300.000,-1,-1,-1,-1,875.000,825.000,-1,-1,2,0,2,0,2,0,0,0,0,2,2,2,2,0,0,2,2
