timestep,x_cm,y_cm,z_cm,yaw_deg,basis_xx,basis_xy,basis_xz,basis_yx,basis_yy,basis_yz,basis_zx,basis_zy,basis_zz,teleport_flag,throttle_cmd,steering_cmd,cmd_move_cm,cmd_turn_deg,lidar_cm_0,lidar_cm_1,lidar_cm_2,lidar_cm_3,lidar_cm_4,lidar_cm_5,lidar_cm_6,lidar_cm_7,lidar_cm_8,lidar_cm_9,lidar_cm_10,lidar_cm_11,lidar_cm_12,lidar_cm_13,lidar_cm_14,lidar_cm_15,lidar_cm_16,lidar_class_0,lidar_class_1,lidar_class_2,lidar_class_3,lidar_class_4,lidar_class_5,lidar_class_6,lidar_class_7,lidar_class_8,lidar_class_9,lidar_class_10,lidar_class_11,lidar_class_12,lidar_class_13,lidar_class_14,lidar_class_15,lidar_class_16
0,-8851.848,-7539.665,137.803,46.949,0.685431,-0.728093,0.008023,0.723858,0.680168,-0.115763,0.078829,0.085155,0.993245,1,0.08000,0.12000,4.800,0.240,375.000,400.000,-1,400.000,-1,325.000,325.000,75.000,125.000,-1,-1,-1,-1,525.000,825.000,425.000,-1,1,0,2,0,2,0,0,1,1,2,2,2,2,1,0,1,2
1,-8845.352,-7532.598,139.797,47.429,0.679162,-0.733932,0.009100,0.730064,0.674197,-0.111648,0.075807,0.082470,0.993706,0,0.16000,0.24000,9.600,0.480,375.000,400.000,-1,375.000,-1,325.000,325.000,75.000,125.000,-1,-1,-1,-1,525.000,800.000,425.000,-1,1,0,2,0,2,0,0,1,1,2,2,2,2,1,0,1,2
2,-8835.741,-7521.877,142.715,48.149,0.669679,-0.742575,0.010588,0.739200,0.665127,-0.105780,0.071507,0.078666,0.994333,0,0.24000,0.36000,14.400,0.720,350.000,375.000,-1,375.000,-1,325.000,325.000,75.000,125.000,-1,-1,-1,-1,500.000,800.000,400.000,-1,1,0,2,0,2,0,0,1,1,2,2,2,2,1,0,1,2
3,-8823.169,-7507.368,146.567,49.109,0.656869,-0.753905,0.012264,0.751116,0.652843,-0.098089,0.065943,0.073644,0.995102,0,0.32000,0.48000,19.200,0.960,325.000,375.000,-1,375.000,-1,300.000,300.000,75.000,150.000,-1,-1,-1,-1,475.000,775.000,375.000,-1,1,1,2,0,2,0,0,1,1,2,2,2,2,1,0,1,2
4,-8807.837,-7488.906,151.329,50.309,0.640596,-0.767753,0.013842,0.765591,0.637194,-0.088624,0.059221,0.067369,0.995969,0,0.40000,0.60000,24.000,1.200,300.000,375.000,-1,375.000,-1,300.000,300.000,100.000,150.000,-1,-1,-1,-1,450.000,750.000,350.000,-1,1,1,2,0,2,0,0,1,1,2,2,2,2,1,0,1,2
5,-8790.002,-7466.295,156.679,51.749,0.620760,-0.783852,0.015264,0.782253,0.617959,-0.078786,0.052324,0.060848,0.996775,0,0.48000,0.72000,28.800,1.440,275.000,350.000,-1,375.000,-1,300.000,300.000,100.000,175.000,-1,-1,-1,-1,425.000,700.000,300.000,-1,1,1,2,0,2,0,0,1,1,2,2,2,2,1,0,1,2
6,-8769.979,-7439.315,162.580,53.429,0.597222,-0.801889,0.017341,0.800792,0.594903,-0.069444,0.045370,0.055360,0.997435,0,0.56000,0.84000,33.600,1.680,250.000,325.000,-1,350.000,-1,300.000,300.000,100.000,200.000,-1,-1,-1,375.000,375.000,700.000,275.000,-1,1,1,2,0,2,0,0,1,1,2,2,2,1,1,0,1,2
7,-8748.144,-7407.729,168.785,55.349,0.569802,-0.821535,0.020143,0.820849,0.567816,-0.061577,0.039150,0.051621,0.997899,0,0.64000,0.96000,38.400,1.920,225.000,300.000,-1,350.000,-1,275.000,300.000,100.000,225.000,-1,-1,-1,325.000,350.000,675.000,225.000,-1,1,1,2,0,2,0,0,1,1,2,2,2,1,1,0,1,2
8,-8724.836,-7371.358,174.820,57.349,0.540674,-0.840904,0.023522,0.840506,0.538833,-0.056650,0.034963,0.050400,0.998117,0,0.72000,1.00000,43.200,2.000,200.000,250.000,-1,350.000,-1,275.000,275.000,100.000,275.000,-1,-1,-1,300.000,300.000,650.000,200.000,-1,1,1,2,0,2,1,0,1,1,2,2,2,1,1,0,1,2
9,-8700.367,-7330.064,180.354,59.349,0.511040,-0.859105,0.027873,0.858893,0.509103,-0.055820,0.033765,0.052466,0.998052,0,0.80000,1.00000,48.000,2.000,150.000,225.000,-1,350.000,-1,250.000,275.000,125.000,325.000,-1,-1,-1,275.000,275.000,650.000,150.000,-1,1,1,2,1,2,1,1,1,1,2,2,2,1,1,0,1,2
10,-8675.426,-7284.374,188.636,61.349,0.482015,-0.875227,0.040487,0.874816,0.478198,-0.077613,0.048568,0.072829,0.996161,0,0.86756,1.00000,52.053,2.000,125.000,225.000,-1,350.000,-1,225.000,275.000,125.000,350.000,-1,-1,-1,250.000,275.000,700.000,150.000,-1,1,1,2,1,2,1,1,1,0,2,2,2,1,1,0,1,2
11,-8652.357,-7238.258,200.536,63.349,0.455704,-0.887731,0.065330,0.886165,0.445529,-0.127338,0.083936,0.115921,0.989706,0,0.85932,1.00000,51.559,2.000,125.000,225.000,-1,425.000,-1,225.000,300.000,175.000,300.000,-1,-1,-1,225.000,275.000,850.000,150.000,-1,1,1,2,0,2,1,1,1,0,2,2,2,1,1,0,1,2
12,-8631.139,-7191.782,210.759,65.349,0.431748,-0.897238,0.092506,0.893781,0.411752,-0.177809,0.121447,0.159449,0.979707,0,0.85141,1.00000,51.084,2.000,150.000,250.000,-1,500.000,-1,250.000,350.000,200.000,250.000,-1,-1,-1,200.000,300.000,-1,150.000,-1,1,1,2,0,2,1,1,1,0,2,2,2,1,1,2,1,2
13,-8611.755,-7145.000,220.258,67.349,0.409973,-0.904103,0.120496,0.898255,0.377284,-0.225375,0.158302,0.200634,0.966792,0,0.84386,1.00000,50.631,2.000,150.000,250.000,-1,575.000,-1,275.000,400.000,250.000,225.000,-1,-1,225.000,200.000,350.000,-1,150.000,-1,1,1,2,0,2,1,1,1,0,2,2,1,1,1,2,1,2
14,-8594.144,-7097.987,233.024,69.349,0.386751,-0.911302,0.141249,0.903248,0.343460,-0.257250,0.185919,0.227075,0.955966,0,0.83671,1.00000,50.202,2.000,150.000,275.000,-1,650.000,-1,300.000,500.000,275.000,225.000,-1,-1,200.000,200.000,375.000,-1,150.000,-1,1,1,2,0,2,1,1,1,0,2,2,1,1,1,2,1,2
15,-6888.461,8855.267,-49.643,84.671,0.181286,-0.919500,0.348791,0.958452,0.085768,-0.272056,0.220240,0.383620,0.896845,1,0.00000,0.00000,55.002,2.000,-1,-1,-1,250.000,50.000,400.000,275.000,225.000,200.000,250.000,0.000,-1,-1,-1,350.000,-1,50.000,2,2,2,1,1,1,1,1,1,1,1,2,2,2,1,2,1
16,-4919.501,-8855.098,146.912,-127.096,-0.599257,0.797626,-0.068437,-0.792420,-0.603152,-0.090989,-0.113853,-0.000295,0.993498,1,0.00000,0.00000,4.800,0.240,800.000,250.000,400.000,225.000,350.000,200.000,200.000,250.000,375.000,-1,-1,625.000,475.000,350.000,275.000,475.000,275.000,1,1,1,1,1,1,1,0,0,2,2,1,1,1,1,1,1
17,-4922.412,-8858.914,146.439,-127.336,-0.602716,0.795092,-0.067545,-0.789828,-0.606487,-0.091359,-0.113604,-0.001715,0.993525,0,0.08000,-0.12000,4.800,-0.240,775.000,250.000,400.000,200.000,350.000,200.000,175.000,250.000,375.000,-1,-1,-1,475.000,350.000,275.000,475.000,275.000,1,1,1,1,1,1,1,0,0,2,2,2,1,1,1,1,1
18,-4928.297,-8866.499,145.491,-127.816,-0.609604,0.789976,-0.065732,-0.784598,-0.613121,-0.092137,-0.113088,-0.004594,0.993574,0,0.16000,-0.24000,9.600,-0.480,725.000,250.000,375.000,200.000,350.000,200.000,175.000,250.000,375.000,-1,-1,-1,475.000,325.000,275.000,450.000,275.000,1,1,1,1,1,1,1,0,0,2,2,2,1,1,1,1,1
19,-4937.268,-8877.762,144.773,-128.536,-0.619750,0.782203,-0.063781,-0.777056,-0.622994,-0.089787,-0.109967,-0.006084,0.993917,0,0.24000,-0.36000,14.400,-0.720,675.000,225.000,375.000,200.000,375.000,200.000,175.000,250.000,375.000,-1,-1,-1,500.000,325.000,275.000,425.000,275.000,1,1,1,1,1,1,1,0,0,2,2,2,1,1,1,1,1
20,-4949.479,-8892.576,144.442,-129.496,-0.633048,0.771657,-0.061609,-0.767141,-0.636014,-0.083558,-0.103662,-0.005634,0.994597,0,0.32000,-0.48000,19.200,-0.960,625.000,225.000,375.000,200.000,375.000,200.000,175.000,250.000,375.000,-1,-1,-1,500.000,300.000,275.000,400.000,275.000,1,1,1,1,1,1,1,0,0,2,2,2,1,1,1,1,1
21,-4965.127,-8910.771,144.170,-130.696,-0.649427,0.758172,-0.058477,-0.754450,-0.652038,-0.075183,-0.095131,-0.004708,0.995454,0,0.40000,-0.60000,24.000,-1.200,575.000,225.000,350.000,200.000,425.000,200.000,175.000,275.000,375.000,-1,-1,650.000,500.000,300.000,275.000,400.000,275.000,1,1,1,1,1,1,1,0,0,2,2,1,1,1,1,1,1
22,-4984.448,-8932.125,144.097,-132.136,-0.668693,0.741552,-0.054318,-0.738764,-0.670889,-0.064302,-0.084125,-0.002870,0.996451,0,0.48000,-0.72000,28.800,-1.440,550.000,225.000,350.000,200.000,450.000,175.000,175.000,300.000,375.000,925.000,275.000,400.000,525.000,300.000,275.000,375.000,275.000,1,1,1,1,1,1,1,0,0,0,0,0,1,1,1,1,1
23,-5007.709,-8956.367,144.309,-133.816,-0.690634,0.721567,-0.048629,-0.719795,-0.692344,-0.050539,-0.070136,0.000099,0.997537,0,0.56000,-0.84000,33.600,-1.680,500.000,225.000,350.000,200.000,525.000,175.000,175.000,325.000,400.000,850.000,200.000,250.000,525.000,275.000,275.000,350.000,300.000,1,1,1,1,1,1,1,0,0,0,0,0,1,1,1,1,1
24,-5035.207,-8983.167,144.880,-135.736,-0.714979,0.697959,-0.040709,-0.697166,-0.716124,-0.033561,-0.052577,0.004385,0.998607,0,0.64000,-0.96000,38.400,-1.920,450.000,200.000,350.000,200.000,625.000,175.000,175.000,350.000,400.000,775.000,150.000,175.000,550.000,275.000,275.000,325.000,350.000,1,1,1,1,1,1,1,0,0,0,0,0,1,1,1,1,1
25,328.010,-7543.112,329.822,-20.445,0.938415,0.345502,0.002214,-0.341596,0.926805,0.156031,0.051857,-0.147178,0.987750,1,0.00000,0.00000,43.200,-1.949,-1,450.000,-1,325.000,325.000,325.000,300.000,225.000,200.000,450.000,475.000,750.000,475.000,900.000,500.000,-1,400.000,2,1,2,1,1,1,1,0,1,0,0,0,1,1,1,2,1
26,8855.141,5575.532,49.484,-27.572,0.886160,0.458391,0.067813,-0.463362,0.877879,0.120931,-0.004098,-0.138586,0.990342,1,0.00000,0.00000,4.800,-0.240,-1,375.000,-1,350.000,-1,300.000,300.000,325.000,325.000,500.000,325.000,425.000,-1,700.000,650.000,-1,-1,2,0,2,0,2,0,0,0,0,1,0,0,2,0,0,2,2
27,8859.405,5573.329,49.456,-27.332,0.888066,0.454700,0.067722,-0.459694,0.879772,0.121170,-0.004484,-0.138738,0.990319,0,0.08000,0.12000,4.800,0.240,-1,375.000,-1,350.000,-1,300.000,300.000,325.000,325.000,500.000,325.000,425.000,-1,700.000,650.000,-1,-1,2,0,2,0,2,0,0,0,0,1,0,0,2,0,0,2,2
28,8867.970,5568.994,49.392,-26.852,0.891833,0.447295,0.067542,-0.452335,0.883513,0.121646,-0.005263,-0.139040,0.990273,0,0.16000,0.24000,9.600,0.480,-1,375.000,-1,350.000,-1,300.000,300.000,325.000,325.000,500.000,325.000,425.000,-1,700.000,650.000,-1,-1,2,0,2,0,2,0,0,0,0,1,0,0,2,0,0,2,2
29,8880.897,5562.653,49.277,-26.132,0.897366,0.436129,0.067278,-0.441241,0.889007,0.122362,-0.006445,-0.139489,0.990203,0,0.24000,0.36000,14.400,0.720,-1,375.000,-1,375.000,-1,300.000,300.000,325.000,325.000,525.000,325.000,450.000,-1,700.000,650.000,-1,-1,2,0,2,0,2,0,0,0,0,1,0,0,2,0,0,2,2
30,8898.272,5554.489,49.089,-25.172,0.904523,0.421138,0.066935,-0.426348,0.896114,0.123316,-0.008048,-0.140079,0.990108,0,0.32000,0.48000,19.200,0.960,-1,375.000,-1,375.000,-1,300.000,300.000,325.000,325.000,525.000,350.000,475.000,-1,725.000,650.000,-1,-1,2,0,2,0,2,0,0,0,0,1,0,0,2,0,0,2,2
31,8919.958,5544.849,48.806,-23.972,0.913115,0.402238,0.066525,-0.407577,0.904645,0.124493,-0.010106,-0.140791,0.989988,0,0.39557,0.60000,23.734,1.200,-1,375.000,-1,375.000,-1,300.000,300.000,325.000,325.000,550.000,350.000,475.000,-1,725.000,650.000,-1,-1,2,0,2,0,2,0,0,0,0,1,0,0,2,0,0,2,2
32,8942.206,5535.622,48.451,-22.532,0.922891,0.379342,0.066125,-0.384850,0.914383,0.125674,-0.012790,-0.141432,0.989865,0,0.40149,0.72000,24.089,1.440,-1,375.000,-1,375.000,-1,300.000,300.000,325.000,325.000,550.000,375.000,525.000,-1,725.000,650.000,-1,-1,2,0,2,0,2,0,0,0,0,1,0,0,2,0,0,2,2
33,8965.067,5526.901,48.008,-20.886,0.933349,0.352901,0.065736,-0.358613,0.924826,0.126861,-0.016025,-0.141980,0.989740,0,0.40786,0.82275,24.471,1.645,-1,375.000,-1,375.000,-1,325.000,300.000,325.000,300.000,575.000,375.000,575.000,-1,725.000,675.000,-1,-1,2,0,2,0,2,0,0,0,0,1,0,0,2,0,0,2,2
34,8988.547,5518.700,47.475,-19.257,0.942957,0.326434,0.065364,-0.332355,0.934419,0.128068,-0.019271,-0.142487,0.989609,0,0.41456,0.81480,24.874,1.630,-1,400.000,-1,375.000,-1,325.000,300.000,325.000,300.000,600.000,400.000,625.000,-1,725.000,675.000,-1,-1,2,0,2,0,2,0,0,0,0,1,0,0,2,0,0,2,2
35,9012.623,5511.045,46.850,-17.643,0.951731,0.299970,0.065009,-0.306106,0.943177,0.129293,-0.022531,-0.142952,0.989473,0,0.42112,0.80684,25.267,1.614,-1,400.000,-1,375.000,-1,325.000,300.000,300.000,300.000,600.000,425.000,700.000,-1,725.000,675.000,-1,-1,2,0,2,0,2,0,0,0,0,1,0,0,2,0,0,2,2
36,9037.272,5503.958,46.131,-16.045,0.959684,0.273538,0.064674,-0.279893,0.951116,0.130534,-0.025806,-0.143373,0.989332,0,0.42753,0.79889,25.652,1.598,-1,400.000,-1,375.000,-1,325.000,300.000,300.000,300.000,625.000,450.000,775.000,-1,725.000,675.000,-1,-1,2,0,2,0,2,0,0,0,0,1,0,0,2,0,0,2,2
37,9062.471,5497.461,45.315,-14.463,0.966834,0.247164,0.064358,-0.253743,0.958251,0.131790,-0.029098,-0.143749,0.989186,0,0.43378,0.79094,26.027,1.582,-1,400.000,-1,375.000,-1,325.000,300.000,300.000,300.000,650.000,475.000,875.000,-1,725.000,675.000,-1,-1,2,0,2,0,2,0,0,0,0,1,0,0,2,0,0,2,2
38,9092.491,5490.466,44.272,-13.121,0.972338,0.224634,0.064022,-0.231411,0.963681,0.133295,-0.031754,-0.144424,0.989006,0,0.51378,0.67094,30.827,1.342,-1,400.000,-1,375.000,-1,325.000,300.000,300.000,300.000,650.000,525.000,950.000,-1,725.000,700.000,-1,-1,2,0,2,0,2,0,0,0,0,1,0,0,2,0,0,2,2
39,9127.335,5483.050,43.016,-12.019,0.976469,0.206032,0.063713,-0.212986,0.967689,0.134963,-0.033848,-0.145357,0.988800,0,0.59378,0.55094,35.627,1.102,-1,400.000,-1,375.000,-1,325.000,300.000,300.000,300.000,675.000,550.000,-1,-1,725.000,700.000,-1,-1,2,0,2,0,2,0,0,0,0,1,0,2,2,0,0,2,2
40,9166.996,5475.229,41.712,-11.158,0.979492,0.191436,0.062834,-0.198439,0.970594,0.136269,-0.034899,-0.145943,0.988677,0,0.67378,0.43094,40.427,0.862,-1,400.000,-1,375.000,-1,325.000,300.000,300.000,300.000,700.000,575.000,-1,-1,725.000,700.000,-1,-1,2,0,2,0,2,0,0,0,0,1,0,2,2,0,0,2,2
41,9207.443,5467.707,40.411,-10.536,0.981565,0.180876,0.061758,-0.187858,0.972538,0.137403,-0.035209,-0.146471,0.988588,0,0.68569,0.31094,41.142,0.622,-1,400.000,-1,375.000,-1,325.000,300.000,300.000,300.000,725.000,600.000,-1,-1,725.000,725.000,-1,-1,2,0,2,0,2,0,0,0,0,1,0,2,2,0,0,2,2
42,9248.280,5460.394,39.045,-10.154,0.982806,0.174376,0.060711,-0.181299,0.973641,0.138399,-0.034978,-0.147026,0.988514,0,0.69147,0.19094,41.488,0.382,-1,400.000,-1,375.000,-1,325.000,325.000,300.000,300.000,750.000,600.000,975.000,-1,725.000,725.000,-1,-1,2,0,2,0,2,0,0,0,0,1,0,0,2,0,0,2,2
43,9289.489,5453.246,37.595,-9.842,0.983788,0.169067,0.059813,-0.175935,0.974513,0.139178,-0.034758,-0.147444,0.988459,0,0.69709,0.15581,41.825,0.312,-1,400.000,-1,375.000,-1,325.000,325.000,325.000,300.000,775.000,600.000,975.000,-1,700.000,725.000,-1,-1,2,0,2,0,2,0,0,0,0,1,0,0,2,0,0,2,2
44,9331.077,5446.245,36.112,-9.556,0.984664,0.164193,0.058965,-0.171009,0.975279,0.139951,-0.034528,-0.147889,0.988401,0,0.70289,0.14291,42.173,0.286,-1,400.000,-1,375.000,-1,325.000,325.000,325.000,300.000,800.000,625.000,950.000,-1,700.000,725.000,-1,-1,2,0,2,0,2,0,0,0,0,1,0,0,2,0,0,2,2
45,9373.055,5439.374,34.598,-9.297,0.985440,0.159762,0.058168,-0.166529,0.975943,0.140723,-0.034287,-0.148361,0.988339,0,0.70895,0.12977,42.537,0.260,-1,400.000,-1,375.000,-1,325.000,325.000,325.000,300.000,825.000,625.000,950.000,-1,700.000,750.000,-1,-1,2,0,2,0,2,0,0,0,0,1,0,0,2,0,0,2,2
46,9415.435,5432.614,33.053,-9.064,0.986121,0.155784,0.057421,-0.162504,0.976510,0.141495,-0.034030,-0.148862,0.988272,0,0.71528,0.11639,42.917,0.233,-1,400.000,-1,375.000,-1,325.000,325.000,325.000,300.000,850.000,650.000,950.000,-1,700.000,750.000,-1,-1,2,0,2,0,2,0,0,0,0,1,0,0,2,0,0,2,2
47,9458.231,5425.945,31.480,-8.859,0.986710,0.152268,0.056724,-0.158946,0.976983,0.142269,-0.033756,-0.149394,0.988201,0,0.72189,0.10275,43.313,0.205,1000.000,400.000,-1,400.000,-1,325.000,325.000,300.000,300.000,875.000,650.000,950.000,-1,675.000,750.000,-1,-1,0,0,2,0,2,0,0,0,0,1,0,0,2,0,0,2,2
48,9501.457,5419.346,29.880,-8.681,0.987212,0.149225,0.056077,-0.155862,0.977366,0.143049,-0.033462,-0.149960,0.988126,0,0.72878,0.08884,43.727,0.178,975.000,400.000,-1,400.000,-1,325.000,325.000,300.000,300.000,900.000,675.000,950.000,-1,675.000,775.000,-1,-1,0,0,2,0,2,0,0,0,0,1,0,0,2,0,0,2,2
49,9545.126,5412.797,28.254,-8.532,0.987629,0.146663,0.055481,-0.153263,0.977661,0.143836,-0.033146,-0.150560,0.988045,0,0.73596,0.07466,44.158,0.149,925.000,375.000,-1,400.000,-1,325.000,325.000,300.000,300.000,950.000,675.000,950.000,-1,675.000,775.000,-1,-1,0,0,2,0,2,0,0,0,0,1,0,0,2,0,0,2,2
50,9589.253,5406.273,26.605,-8.411,0.987965,0.144594,0.054936,-0.151159,0.977871,0.144634,-0.032807,-0.151197,0.987959,0,0.74345,0.06020,44.607,0.120,900.000,375.000,-1,400.000,-1,325.000,325.000,300.000,300.000,975.000,675.000,950.000,-1,650.000,775.000,-1,-1,0,0,2,0,2,0,0,0,0,1,0,0,2,0,0,2,2
51,9633.854,5399.751,24.933,-8.320,0.988220,0.143028,0.054444,-0.149561,0.977997,0.145444,-0.032444,-0.151873,0.987867,0,0.75125,0.04546,45.075,0.091,875.000,375.000,-1,400.000,-1,325.000,325.000,300.000,300.000,-1,700.000,950.000,-1,650.000,800.000,1000.000,-1,0,0,2,0,2,0,0,0,0,2,0,0,2,0,0,0,2
52,9678.944,5393.207,23.241,-8.259,0.988396,0.141974,0.054008,-0.148478,0.978039,0.146269,-0.032055,-0.152591,0.987769,0,0.75938,0.03041,45.563,0.061,825.000,375.000,-1,400.000,-1,325.000,325.000,300.000,300.000,-1,700.000,950.000,-1,650.000,825.000,950.000,-1,0,0,2,0,2,0,0,0,0,2,0,0,2,0,0,0,2
53,9724.539,5386.615,21.530,-8.229,0.988493,0.141443,0.053629,-0.147922,0.977997,0.147112,-0.031641,-0.153352,0.987665,0,0.76783,0.01505,46.070,0.030,800.000,375.000,-1,400.000,-1,300.000,325.000,300.000,300.000,-1,725.000,950.000,-1,650.000,825.000,900.000,-1,0,0,2,0,2,0,0,0,0,2,0,0,2,0,0,0,2
54,9770.658,5379.945,19.804,-8.231,0.988509,0.141446,0.053311,-0.147904,0.977869,0.147974,-0.031201,-0.154159,0.987553,0,0.77664,-0.00062,46.598,-0.001,775.000,375.000,-1,400.000,-1,300.000,325.000,300.000,300.000,-1,725.000,950.000,-1,625.000,850.000,875.000,-1,0,0,2,0,2,0,0,0,0,2,0,0,2,0,0,0,2
55,9817.316,5373.168,18.350,-8.264,0.988440,0.142020,0.053073,-0.148427,0.977828,0.147723,-0.030917,-0.153893,0.987604,0,0.78580,-0.01663,47.148,-0.033,750.000,350.000,-1,400.000,-1,300.000,325.000,275.000,325.000,-1,775.000,1000.000,-1,625.000,850.000,850.000,-1,0,0,2,0,2,0,0,0,0,2,0,0,2,0,0,0,2
56,9864.295,5366.296,17.381,-8.316,0.988376,0.142959,0.051723,-0.149088,0.978030,0.145707,-0.029757,-0.151725,0.987975,0,0.79131,-0.02611,47.479,-0.052,750.000,350.000,-1,400.000,-1,300.000,325.000,300.000,325.000,-1,800.000,975.000,-1,625.000,875.000,825.000,-1,0,0,2,0,2,0,0,0,0,2,0,0,2,0,0,0,2
57,9911.268,5359.381,16.366,-8.368,0.988326,0.143900,0.050052,-0.149708,0.978234,0.143687,-0.028286,-0.149503,0.988357,0,0.79131,-0.02611,47.479,-0.052,725.000,375.000,-1,400.000,-1,300.000,325.000,300.000,325.000,-1,800.000,950.000,-1,625.000,875.000,825.000,-1,0,0,2,0,2,0,0,0,0,2,0,0,2,0,0,0,2
58,9958.234,5352.424,15.370,-8.421,0.988276,0.144841,0.048292,-0.150321,0.978431,0.141688,-0.026729,-0.147286,0.988733,0,0.79131,-0.02611,47.479,-0.052,725.000,375.000,-1,400.000,-1,300.000,325.000,300.000,325.000,-1,800.000,900.000,-1,625.000,900.000,800.000,-1,0,0,2,0,2,0,0,0,0,2,0,0,2,0,0,0,2
59,10005.194,5345.423,14.364,-8.473,0.988223,0.145782,0.046515,-0.150940,0.978634,0.139618,-0.025168,-0.144994,0.989112,0,0.79131,-0.02611,47.479,-0.052,700.000,375.000,-1,400.000,-1,300.000,325.000,300.000,325.000,-1,800.000,875.000,-1,625.000,925.000,800.000,-1,0,0,2,0,2,0,0,0,0,2,0,0,2,0,0,0,2
60,10052.147,5338.380,13.324,-8.525,0.988162,0.146723,0.044807,-0.151575,0.978828,0.137553,-0.023677,-0.142716,0.989480,0,0.79131,-0.02611,47.479,-0.052,700.000,375.000,-1,425.000,-1,300.000,325.000,300.000,325.000,-1,800.000,825.000,-1,625.000,925.000,775.000,-1,0,0,2,0,2,0,0,0,0,2,0,0,2,0,0,0,2
61,10099.094,5331.294,12.251,-8.577,0.988095,0.147664,0.043169,-0.152226,0.979014,0.135494,-0.022256,-0.140452,0.989837,0,0.79131,-0.02611,47.479,-0.052,675.000,375.000,-1,425.000,-1,325.000,325.000,300.000,325.000,-1,800.000,800.000,-1,625.000,950.000,775.000,-1,0,0,2,0,2,0,0,0,0,2,0,0,2,0,0,0,2
62,10147.505,5324.150,11.084,-8.389,0.988631,0.144504,0.041563,-0.148825,0.979827,0.133378,-0.021451,-0.138047,0.990193,0,0.81559,0.09389,48.935,0.188,675.000,375.000,-1,425.000,-1,325.000,325.000,300.000,325.000,-1,800.000,750.000,-1,600.000,975.000,750.000,-1,0,0,2,0,2,0,0,0,0,2,0,0,2,0,0,0,2
63,10195.967,5317.368,9.837,-7.962,0.989730,0.137232,0.040023,-0.141360,0.981220,0.131242,-0.021260,-0.135552,0.990542,0,0.81559,0.21389,48.935,0.428,650.000,375.000,-1,425.000,-1,325.000,325.000,300.000,325.000,-1,800.000,725.000,-1,600.000,975.000,750.000,-1,0,0,2,0,2,0,0,0,0,2,0,0,2,0,0,0,2
64,10244.487,5311.016,8.506,-7.453,0.990953,0.128558,0.038523,-0.132511,0.982742,0.129073,-0.021264,-0.133010,0.990887,0,0.81559,0.25440,48.935,0.509,625.000,350.000,-1,425.000,-1,325.000,325.000,300.000,325.000,-1,775.000,675.000,-1,600.000,975.000,725.000,-1,0,0,2,0,2,0,0,0,0,2,0,0,2,0,0,0,2
65,10293.062,5305.096,7.093,-6.944,0.992098,0.119867,0.037052,-0.123649,0.984182,0.126869,-0.021258,-0.130448,0.991227,0,0.81559,0.25440,48.935,0.509,600.000,350.000,-1,425.000,-1,300.000,325.000,300.000,325.000,-1,750.000,625.000,-1,575.000,975.000,700.000,-1,0,0,2,0,2,0,0,0,0,2,0,0,2,0,0,0,2
66,10341.688,5299.607,5.601,-6.435,0.993164,0.111160,0.035604,-0.114775,0.985542,0.124632,-0.021235,-0.127867,0.991564,0,0.81559,0.25440,48.935,0.509,600.000,350.000,-1,425.000,-1,300.000,325.000,275.000,325.000,-1,750.000,575.000,-1,575.000,975.000,675.000,-1,0,0,2,0,2,0,0,0,0,2,0,0,2,0,0,0,2
67,10390.360,5294.550,4.035,-5.926,0.994152,0.102439,0.034173,-0.105889,0.986821,0.122363,-0.021188,-0.125266,0.991897,0,0.81559,0.25440,48.935,0.509,575.000,350.000,-1,425.000,-1,300.000,325.000,275.000,325.000,-1,725.000,525.000,-1,575.000,950.000,650.000,-1,0,0,2,0,2,0,0,0,0,2,0,0,2,0,0,0,2
68,10439.076,5289.925,2.398,-5.418,0.995061,0.093702,0.032753,-0.096991,0.988017,0.120061,-0.021110,-0.122645,0.992226,0,0.81559,0.25440,48.935,0.509,550.000,350.000,-1,400.000,-1,300.000,325.000,275.000,325.000,-1,700.000,475.000,-1,550.000,925.000,625.000,-1,0,0,2,0,2,0,0,0,0,2,0,0,2,0,0,0,2
69,10487.830,5285.732,1.093,-4.909,0.995881,0.084969,0.031649,-0.088099,0.989322,0.116104,-0.021446,-0.118414,0.992733,0,0.81559,0.25440,48.935,0.509,525.000,350.000,-1,400.000,-1,300.000,325.000,275.000,325.000,-1,725.000,450.000,-1,550.000,900.000,600.000,-1,0,0,2,0,2,0,0,0,0,2,0,0,2,0,0,0,2
70,10536.620,5281.968,0.532,-4.400,0.996652,0.076232,0.029557,-0.079057,0.990722,0.110547,-0.020855,-0.112514,0.993431,0,0.81559,0.25440,48.935,0.509,550.000,325.000,-1,400.000,-1,300.000,325.000,275.000,325.000,-1,725.000,425.000,-1,550.000,875.000,600.000,-1,0,0,2,0,2,0,0,0,0,2,0,0,2,0,0,0,2
71,10585.441,5278.640,0.241,-3.891,0.997359,0.067469,0.026879,-0.069955,0.991909,0.105938,-0.019514,-0.107538,0.994009,0,0.81559,0.25440,48.935,0.509,550.000,350.000,-1,400.000,-1,300.000,325.000,300.000,350.000,-1,675.000,425.000,-1,550.000,850.000,625.000,-1,0,0,2,0,2,0,0,0,0,2,0,0,2,0,0,0,2
72,10634.290,5275.746,-0.125,-3.382,0.997984,0.058689,0.024164,-0.060848,0.992998,0.101257,-0.018052,-0.102523,0.994567,0,0.81559,0.25440,48.935,0.509,575.000,350.000,-1,425.000,-1,300.000,325.000,300.000,350.000,-1,650.000,400.000,-1,550.000,850.000,625.000,-1,0,0,2,0,2,0,0,0,0,2,0,0,2,0,0,0,2
73,10683.163,5273.285,-0.560,-2.874,0.998525,0.049894,0.021408,-0.051737,0.993986,0.096513,-0.016464,-0.097478,0.995101,0,0.81559,0.25440,48.935,0.509,575.000,350.000,-1,425.000,-1,300.000,325.000,300.000,350.000,-1,625.000,400.000,-1,550.000,825.000,625.000,-1,0,0,2,0,2,0,0,0,0,2,0,0,2,0,0,0,2
74,10732.056,5271.260,-1.058,-2.365,0.998982,0.041085,0.018610,-0.042625,0.994873,0.091706,-0.014747,-0.092406,0.995612,0,0.81559,0.25440,48.935,0.509,600.000,350.000,-1,425.000,-1,300.000,325.000,300.000,350.000,-1,600.000,375.000,-1,550.000,825.000,650.000,-1,0,0,2,0,2,0,0,0,0,2,0,0,2,0,0,0,2
75,10780.965,5269.668,-1.612,-1.856,0.999355,0.032264,0.015767,-0.033515,0.995659,0.086837,-0.012897,-0.087309,0.996098,0,0.81559,0.25440,48.935,0.509,600.000,350.000,-1,425.000,-1,300.000,325.000,300.000,350.000,-1,575.000,375.000,-1,550.000,825.000,650.000,-1,0,0,2,0,2,0,0,0,0,2,0,0,2,0,0,0,2
76,10829.886,5268.512,-2.215,-1.347,0.999642,0.023431,0.012879,-0.024409,0.996341,0.081907,-0.010913,-0.082192,0.996557,0,0.81559,0.25440,48.935,0.509,625.000,350.000,-1,425.000,-1,300.000,325.000,300.000,350.000,-1,575.000,350.000,-1,550.000,800.000,650.000,-1,0,0,2,0,2,0,0,0,0,2,0,0,2,0,0,0,2
77,10878.816,5267.790,-2.861,-0.838,0.999844,0.014588,0.009944,-0.015311,0.996920,0.076916,-0.008792,-0.077056,0.996988,0,0.81559,0.25440,48.935,0.509,625.000,350.000,-1,425.000,-1,300.000,325.000,300.000,350.000,-1,550.000,300.000,-1,550.000,800.000,675.000,-1,0,0,2,0,2,0,0,0,0,2,0,0,2,0,0,0,2
78,10927.750,5267.503,-3.542,-0.330,0.999959,0.005737,0.006962,-0.006223,0.997395,0.071865,-0.006531,-0.071905,0.997390,0,0.81559,0.25440,48.935,0.509,650.000,350.000,-1,400.000,-1,300.000,325.000,300.000,350.000,-1,525.000,250.000,-1,550.000,775.000,675.000,-1,0,0,2,0,2,0,0,0,0,2,0,0,2,0,0,0,2
79,10976.685,5267.652,-4.253,0.179,0.999987,-0.003121,0.003930,0.002852,0.997765,0.066755,-0.004130,-0.066743,0.997762,0,0.81559,0.25440,48.935,0.509,650.000,350.000,-1,400.000,-1,300.000,325.000,300.000,350.000,-1,525.000,225.000,-1,550.000,775.000,700.000,-1,0,0,2,0,2,0,0,0,0,2,0,0,2,0,0,0,2
80,11025.616,5268.235,-4.987,0.688,0.999928,-0.011986,0.000849,0.011911,0.998031,0.061586,-0.001585,-0.061572,0.998101,0,0.81559,0.25440,48.935,0.509,675.000,350.000,-1,400.000,-1,300.000,325.000,300.000,350.000,-1,450.000,200.000,-1,550.000,750.000,700.000,-1,0,0,2,0,2,0,0,0,0,2,0,0,2,0,0,0,2
81,11074.541,5269.253,-5.737,1.197,0.999780,-0.020854,-0.002284,0.020950,0.998191,0.056360,0.001104,-0.056395,0.998408,0,0.81559,0.25440,48.935,0.509,700.000,325.000,-1,400.000,-1,300.000,300.000,300.000,350.000,-1,400.000,200.000,1000.000,550.000,750.000,725.000,-1,0,0,2,0,2,0,0,0,0,2,0,0,0,0,0,0,2
82,11123.455,5270.705,-6.496,1.706,0.999543,-0.029726,-0.005469,0.029967,0.998245,0.051076,0.003941,-0.051217,0.998680,0,0.81559,0.25440,48.935,0.509,725.000,325.000,-1,400.000,-1,300.000,300.000,300.000,350.000,-1,350.000,175.000,975.000,550.000,750.000,750.000,-1,0,0,2,0,2,0,0,0,0,2,0,0,0,0,0,0,2
83,11172.354,5272.594,-6.276,2.214,0.999220,-0.038596,-0.008307,0.038948,0.998115,0.047431,0.006461,-0.047718,0.998840,0,0.81559,0.25440,48.935,0.509,750.000,325.000,-1,400.000,-1,300.000,300.000,300.000,350.000,-1,350.000,175.000,975.000,550.000,750.000,775.000,-1,0,0,2,0,2,0,0,0,0,2,0,0,0,0,0,0,2
84,11221.234,5274.916,-5.152,2.723,0.998807,-0.047467,-0.011440,0.047920,0.997912,0.043301,0.009361,-0.043797,0.998997,0,0.81559,0.25440,48.935,0.509,800.000,350.000,-1,400.000,-1,300.000,300.000,300.000,350.000,-1,375.000,200.000,975.000,575.000,750.000,875.000,-1,0,0,2,0,2,0,0,0,0,2,0,0,0,0,0,0,2
85,11270.091,5277.673,-4.035,3.232,0.998305,-0.056336,-0.014594,0.056869,0.997615,0.039118,0.012355,-0.039882,0.999128,0,0.81559,0.25440,48.935,0.509,950.000,350.000,-1,400.000,-1,300.000,300.000,325.000,350.000,-1,375.000,225.000,975.000,575.000,750.000,1000.000,-1,0,0,2,0,2,0,0,0,0,2,0,0,0,0,0,0,2
86,11318.948,5280.865,-2.919,3.741,0.997714,-0.065203,-0.017762,0.065792,0.997223,0.034882,0.015439,-0.035970,0.999234,0,0.81601,0.25444,48.961,0.509,-1,350.000,-1,400.000,-1,300.000,300.000,325.000,375.000,-1,375.000,250.000,975.000,575.000,750.000,-1,-1,2,0,2,0,2,0,0,0,0,2,0,0,0,0,0,2,2
87,11368.157,5284.521,-1.808,4.251,0.997033,-0.074084,-0.020914,0.074704,0.996735,0.030631,0.018576,-0.032103,0.999312,0,0.82241,0.25490,49.344,0.510,-1,350.000,-1,400.000,-1,300.000,300.000,325.000,375.000,-1,400.000,275.000,975.000,600.000,750.000,-1,-1,2,0,2,0,2,0,0,0,0,2,0,0,0,0,0,2,2
88,11417.717,5288.648,-0.710,4.761,0.996263,-0.082972,-0.023997,0.083599,0.996149,0.026436,0.021711,-0.028343,0.999362,0,0.82886,0.25527,49.732,0.511,-1,350.000,-1,400.000,-1,300.000,300.000,325.000,375.000,-1,400.000,275.000,1000.000,625.000,750.000,-1,-1,2,0,2,0,2,0,0,0,0,2,0,0,0,0,0,2,2
89,11467.628,5293.252,0.405,5.272,0.995403,-0.091863,-0.027080,0.092473,0.995468,0.022193,0.024919,-0.024595,0.999387,0,0.83538,0.25555,50.123,0.511,-1,350.000,-1,400.000,-1,300.000,300.000,325.000,375.000,-1,400.000,250.000,1000.000,625.000,750.000,-1,-1,2,0,2,0,2,0,0,0,0,2,0,0,0,0,0,2,2
90,11517.888,5298.342,1.543,5.784,0.994454,-0.100754,-0.030155,0.101321,0.994693,0.017905,0.028191,-0.020861,0.999385,0,0.84195,0.25572,50.517,0.511,-1,350.000,-1,400.000,-1,300.000,325.000,325.000,350.000,-1,425.000,225.000,1000.000,650.000,750.000,-1,-1,2,0,2,0,2,0,0,0,0,2,0,0,0,0,0,2,2
91,11568.496,5303.925,2.710,6.295,0.993416,-0.109639,-0.033212,0.110138,0.993824,0.013578,0.031519,-0.017146,0.999356,0,0.84858,0.25579,50.915,0.512,-1,350.000,-1,400.000,-1,300.000,325.000,325.000,350.000,-1,400.000,225.000,1000.000,675.000,750.000,-1,-1,2,0,2,0,2,0,0,0,0,2,0,0,0,0,0,2,2
92,11619.451,5310.006,3.911,6.807,0.992291,-0.118514,-0.036245,0.118918,0.992861,0.009216,0.034894,-0.013455,0.999300,0,0.85527,0.25575,51.316,0.512,-1,350.000,-1,400.000,-1,300.000,325.000,325.000,350.000,-1,375.000,200.000,-1,675.000,750.000,-1,-1,2,0,2,0,2,0,0,0,0,2,0,0,2,0,0,2,2
93,11675.140,5316.921,5.275,7.078,0.991593,-0.123223,-0.039490,0.123492,0.992336,0.004454,0.038639,-0.009293,0.999210,0,0.93527,0.13575,56.116,0.272,-1,375.000,-1,400.000,-1,300.000,325.000,325.000,350.000,-1,350.000,200.000,-1,700.000,775.000,-1,-1,2,0,2,0,2,0,0,0,0,2,0,0,2,0,0,2,2
94,11734.679,5324.348,6.805,7.110,0.991384,-0.123772,-0.042867,0.123861,0.992299,-0.000602,0.042611,-0.004713,0.999081,0,1.00000,0.01575,60.000,0.032,-1,375.000,-1,400.000,-1,300.000,325.000,325.000,350.000,-1,325.000,200.000,-1,725.000,775.000,-1,-1,2,0,2,0,2,0,0,0,0,2,0,0,2,0,1,2,2
95,11794.245,5331.558,8.824,6.901,0.991718,-0.120162,-0.045339,0.120104,0.992753,-0.004006,0.045492,-0.001473,0.998964,0,1.00000,-0.10425,60.000,-0.208,-1,375.000,-1,400.000,-1,300.000,325.000,325.000,325.000,-1,325.000,200.000,-1,750.000,750.000,1000.000,-1,2,0,2,0,2,0,0,0,0,2,0,0,2,0,1,1,2
96,11853.865,5338.301,11.548,6.453,0.992574,-0.112387,-0.046550,0.112248,0.993664,-0.005610,0.046886,0.000343,0.998900,0,1.00000,-0.22425,60.000,-0.448,-1,375.000,1000.000,400.000,-1,300.000,325.000,325.000,325.000,-1,375.000,250.000,-1,725.000,725.000,950.000,-1,2,0,1,0,2,0,0,0,0,2,0,0,2,1,1,1,2
97,11913.562,5344.328,14.267,5.764,0.993847,-0.100439,-0.046701,0.100221,0.994941,-0.006995,0.047168,0.002272,0.998884,0,1.00000,-0.34425,60.000,-0.688,-1,375.000,950.000,400.000,-1,300.000,325.000,325.000,350.000,-1,425.000,300.000,-1,675.000,700.000,875.000,-1,2,0,1,0,2,0,0,0,0,2,0,0,2,1,1,1,2
98,11973.348,5349.386,16.985,4.836,0.995335,-0.084302,-0.046909,0.084003,0.996431,-0.008325,0.047443,0.004345,0.998864,0,1.00000,-0.46425,60.000,-0.928,950.000,375.000,900.000,400.000,-1,325.000,325.000,325.000,350.000,-1,500.000,375.000,-1,625.000,675.000,800.000,-1,1,0,1,0,2,0,0,0,0,2,0,0,2,1,1,1,2
99,12033.225,5353.224,19.732,3.667,0.996841,-0.063964,-0.047083,0.063574,0.997930,-0.009730,0.047608,0.006706,0.998844,0,1.00000,-0.58425,60.000,-1.168,850.000,375.000,850.000,400.000,-1,325.000,325.000,325.000,350.000,-1,575.000,425.000,-1,575.000,675.000,725.000,-1,1,0,1,0,2,0,0,0,0,2,0,0,2,1,1,1,2
100,12093.179,5355.590,22.511,2.259,0.998105,-0.039414,-0.047243,0.038925,0.999179,-0.011246,0.047648,0.009385,0.998820,0,1.00000,-0.70425,60.000,-1.408,750.000,375.000,825.000,400.000,-1,325.000,325.000,325.000,350.000,-1,675.000,500.000,-1,525.000,650.000,650.000,-1,1,0,1,0,2,0,0,0,0,2,0,0,2,1,1,1,2
101,12153.175,5356.238,25.325,0.618,0.998817,-0.010790,-0.047419,0.010189,0.999865,-0.012909,0.047552,0.012410,0.998792,0,1.00000,-0.82034,60.000,-1.641,650.000,375.000,800.000,400.000,-1,325.000,325.000,325.000,350.000,-1,825.000,575.000,-1,475.000,650.000,550.000,-1,1,1,1,1,2,0,0,0,0,2,0,0,2,1,1,1,2
102,12213.166,5355.179,28.171,-1.012,0.998710,0.017662,-0.047609,-0.018382,0.999723,-0.014714,0.047335,0.015570,0.998758,0,1.00000,-0.81522,60.000,-1.630,550.000,350.000,775.000,375.000,-1,300.000,300.000,325.000,350.000,-1,1000.000,650.000,-1,425.000,675.000,475.000,-1,1,1,1,1,2,1,1,0,0,2,0,0,2,1,1,1,2
103,12273.103,5352.426,31.041,-2.631,0.997800,0.045892,-0.047845,-0.046735,0.998768,-0.016667,0.047022,0.018866,0.998716,0,1.00000,-0.80932,60.000,-1.619,475.000,300.000,775.000,350.000,-1,275.000,300.000,325.000,350.000,-1,-1,750.000,-1,400.000,775.000,400.000,-1,1,1,1,1,2,1,1,0,0,2,2,0,2,1,1,1,2
104,12332.939,5347.995,33.928,-4.236,0.996106,0.073846,-0.048164,-0.074821,0.997020,-0.018770,0.046635,0.022300,0.998663,0,1.00000,-0.80259,60.000,-1.605,375.000,275.000,800.000,350.000,-1,250.000,275.000,325.000,350.000,-1,-1,875.000,-1,350.000,1000.000,325.000,-1,1,1,1,1,2,1,1,0,0,2,2,0,2,1,0,1,2
105,12392.629,5341.907,36.823,-5.826,0.993651,0.101471,-0.048599,-0.102586,0.994502,-0.021021,0.046198,0.025873,0.998597,0,1.00000,-0.79493,60.000,-1.590,300.000,250.000,-1,350.000,-1,225.000,275.000,350.000,325.000,-1,-1,-1,-1,325.000,-1,275.000,-1,1,1,2,1,2,1,1,0,0,2,2,2,2,1,2,1,2
106,12452.131,5334.186,41.205,-7.398,0.990127,0.128686,-0.055573,-0.130418,0.991042,-0.028742,0.051377,0.035705,0.998041,0,1.00000,-0.78628,60.000,-1.573,225.000,225.000,-1,350.000,-1,225.000,250.000,375.000,325.000,-1,-1,900.000,-1,300.000,-1,200.000,-1,1,1,2,1,2,1,1,0,0,2,2,0,2,1,2,1,2
107,12511.407,5324.871,49.786,-8.951,0.984671,0.155297,-0.079414,-0.159545,0.985911,-0.050254,0.070491,0.062153,0.995574,0,1.00000,-0.77653,60.000,-1.553,225.000,250.000,-1,425.000,-1,225.000,275.000,450.000,300.000,-1,600.000,275.000,1000.000,325.000,-1,200.000,-1,1,1,2,1,2,1,1,0,0,2,0,0,0,1,2,1,2
108,12570.416,5313.983,58.278,-10.483,0.978050,0.181279,-0.102741,-0.188635,0.979758,-0.067009,0.088514,0.084919,0.992448,0,1.00000,-0.76555,60.000,-1.531,200.000,250.000,-1,550.000,-1,250.000,325.000,525.000,300.000,-1,300.000,125.000,775.000,350.000,-1,200.000,-1,1,1,2,0,2,1,1,0,0,2,0,0,0,1,2,1,2
109,12629.119,5301.552,65.821,-11.989,0.970573,0.206535,-0.123817,-0.217470,0.972586,-0.082364,0.103412,0.106866,0.988881,0,1.00000,-0.75323,60.000,-1.506,175.000,275.000,-1,625.000,-1,275.000,350.000,550.000,300.000,-1,250.000,75.000,575.000,400.000,-1,200.000,-1,1,1,2,0,2,1,1,1,0,2,0,0,0,1,2,1,2
110,12684.058,5288.649,72.029,-13.255,0.963488,0.227448,-0.141271,-0.241995,0.965523,-0.095934,0.114580,0.126618,0.985312,0,0.94047,-0.63323,56.428,-1.266,175.000,300.000,-1,700.000,-1,300.000,400.000,525.000,275.000,-1,225.000,50.000,450.000,425.000,-1,200.000,-1,1,1,2,0,2,1,1,1,0,2,0,0,0,1,2,1,2
111,12738.739,5274.772,77.424,-14.282,0.957078,0.244067,-0.156308,-0.262339,0.958773,-0.109238,0.123203,0.145556,0.981649,0,0.94016,-0.51323,56.409,-1.026,175.000,325.000,-1,775.000,-1,325.000,450.000,475.000,275.000,-1,225.000,50.000,375.000,-1,-1,200.000,-1,1,1,2,0,2,1,1,1,0,2,0,0,0,2,2,1,2
112,12793.134,5260.173,82.064,-15.068,0.951666,0.256458,-0.168999,-0.278495,0.952563,-0.122734,0.129506,0.163868,0.977945,0,0.93858,-0.39323,56.315,-0.786,150.000,325.000,-1,825.000,-1,350.000,625.000,450.000,250.000,-1,225.000,25.000,325.000,-1,-1,200.000,-1,1,1,2,0,2,1,1,1,0,2,0,0,0,2,2,1,2
113,12847.215,5245.107,86.022,-15.615,0.947488,0.264687,-0.179465,-0.290477,0.947053,-0.136796,0.133755,0.181743,0.974207,0,0.93561,-0.27323,56.136,-0.546,150.000,-1,-1,850.000,-1,675.000,725.000,400.000,250.000,-1,225.000,25.000,275.000,-1,-1,200.000,-1,1,2,2,0,2,1,0,1,0,2,0,0,0,2,2,1,2
114,1639.837,-6887.277,276.678,-31.319,0.854495,0.519225,0.015605,-0.519355,0.853336,0.045697,0.010411,-0.047153,0.998833,1,0.00000,0.00000,55.866,-0.306,475.000,325.000,625.000,350.000,-1,275.000,275.000,-1,325.000,-1,750.000,825.000,-1,400.000,650.000,350.000,950.000,1,0,1,0,2,0,0,2,0,2,0,0,2,1,0,1,1
115,1643.927,-6889.791,277.154,-31.559,0.852326,0.522832,0.013663,-0.522874,0.851215,0.045129,0.011965,-0.045609,0.998888,0,0.08000,-0.12000,4.800,-0.240,475.000,325.000,625.000,350.000,-1,275.000,275.000,-1,325.000,-1,725.000,800.000,-1,400.000,650.000,350.000,950.000,1,0,1,0,2,0,0,2,0,2,0,0,2,1,0,1,1
116,1652.065,-6894.884,278.134,-32.029,0.848025,0.529869,0.009634,-0.529740,0.847018,0.043999,0.015153,-0.042415,0.998985,0,0.16000,-0.23491,9.600,-0.470,450.000,325.000,625.000,350.000,-1,275.000,275.000,-1,325.000,-1,675.000,725.000,-1,400.000,675.000,350.000,1000.000,1,0,1,0,2,0,0,2,0,2,0,0,2,1,1,1,1
117,1664.209,-6902.623,279.519,-32.498,0.843649,0.536880,0.004037,-0.536541,0.842796,0.042640,0.019490,-0.038139,0.999082,0,0.24000,-0.23458,14.400,-0.469,425.000,350.000,625.000,375.000,-1,275.000,300.000,-1,325.000,-1,625.000,625.000,-1,400.000,675.000,350.000,-1,1,1,1,0,2,0,0,2,0,2,0,0,2,1,1,1,2
118,1680.316,-6913.073,281.371,-32.966,0.839171,0.543857,-0.003437,-0.543285,0.838547,0.040982,0.025170,-0.032524,0.999154,0,0.32000,-0.23412,19.200,-0.468,400.000,350.000,625.000,375.000,-1,300.000,300.000,-1,300.000,-1,525.000,525.000,-1,400.000,675.000,350.000,-1,1,1,1,0,2,0,0,2,0,2,0,0,2,1,1,1,2
119,1700.344,-6926.298,283.771,-33.433,0.834538,0.550793,-0.013173,-0.549994,0.834260,0.038939,0.032437,-0.025251,0.999155,0,0.40000,-0.23360,24.000,-0.467,375.000,350.000,600.000,400.000,-1,300.000,325.000,-1,300.000,-1,400.000,400.000,-1,400.000,675.000,325.000,-1,1,1,1,0,2,0,0,2,0,2,0,0,2,1,1,1,2
120,1724.248,-6942.362,285.378,-33.900,0.829901,0.557607,-0.018441,-0.556692,0.829818,0.038677,0.036869,-0.021832,0.999082,0,0.48000,-0.23307,28.800,-0.466,325.000,325.000,600.000,400.000,-1,325.000,325.000,-1,300.000,-1,375.000,350.000,-1,375.000,650.000,325.000,-1,1,1,1,0,2,0,0,2,0,2,0,0,2,1,1,1,2
121,1751.984,-6961.328,286.283,-34.365,0.825316,0.564325,-0.019785,-0.563329,0.825262,0.040036,0.038921,-0.021897,0.999002,0,0.56000,-0.23260,33.600,-0.465,275.000,325.000,575.000,400.000,-1,325.000,325.000,-1,300.000,-1,350.000,325.000,-1,375.000,650.000,300.000,-1,1,1,1,0,2,1,0,2,0,2,0,0,2,1,1,1,2
122,1783.506,-6983.259,285.152,-34.829,0.820752,0.570863,-0.021916,-0.569257,0.820467,0.052723,0.048079,-0.030796,0.998369,0,0.64000,-0.23228,38.400,-0.465,250.000,300.000,550.000,425.000,-1,300.000,325.000,-1,300.000,1000.000,150.000,175.000,-1,350.000,625.000,250.000,-1,1,1,1,0,2,1,0,2,0,0,0,0,2,1,1,1,2
123,1818.768,-7008.218,284.336,-35.294,0.816164,0.577329,-0.023819,-0.575030,0.815579,0.064593,0.056718,-0.039022,0.997627,0,0.72000,-0.23221,43.200,-0.464,200.000,275.000,500.000,425.000,-1,275.000,350.000,-1,325.000,850.000,50.000,75.000,-1,325.000,600.000,225.000,-1,1,1,1,0,2,1,1,2,0,0,0,0,2,1,1,1,2
124,1857.721,-7036.267,283.984,-35.759,0.811531,0.583756,-0.025428,-0.580761,0.810626,0.074844,0.064304,-0.045971,0.996871,0,0.80000,-0.23250,48.000,-0.465,150.000,250.000,475.000,425.000,-1,250.000,325.000,-1,325.000,800.000,0.000,25.000,-1,275.000,600.000,175.000,-1,1,1,1,1,2,1,1,2,0,1,1,0,2,1,1,1,2
125,1897.356,-7065.309,287.636,-36.225,0.805791,0.590564,-0.043991,-0.586597,0.806156,0.077571,0.081274,-0.036701,0.996016,0,0.81888,-0.23327,49.133,-0.467,125.000,225.000,450.000,425.000,-1,250.000,300.000,-1,325.000,900.000,0.000,0.000,-1,275.000,600.000,150.000,-1,1,1,1,1,2,1,1,2,0,1,1,0,2,1,1,1,2
126,1936.276,-7094.317,294.329,-36.694,0.798387,0.597481,-0.074798,-0.593049,0.801746,0.074135,0.104263,-0.014830,0.994439,0,0.80894,-0.23454,48.536,-0.469,125.000,225.000,450.000,400.000,-1,225.000,300.000,-1,300.000,-1,0.000,0.000,800.000,275.000,675.000,125.000,-1,1,1,1,1,2,1,1,2,0,2,1,0,0,1,1,1,2
127,1974.516,-7123.300,301.656,-37.167,0.789842,0.604109,-0.105837,-0.600361,0.796840,0.067914,0.125363,0.009899,0.992062,0,0.79960,-0.23625,47.976,-0.473,125.000,225.000,475.000,400.000,-1,225.000,300.000,-1,275.000,-1,0.000,0.000,500.000,250.000,-1,125.000,-1,1,1,1,1,2,1,1,2,0,2,1,0,0,1,2,1,2
128,2009.907,-7150.383,309.141,-37.447,0.782616,0.607633,-0.135261,-0.605817,0.793413,0.059007,0.143172,0.035764,0.989051,0,0.74265,-0.13984,44.559,-0.280,125.000,225.000,550.000,400.000,-1,225.000,275.000,-1,275.000,-1,0.000,0.000,375.000,250.000,-1,125.000,-1,1,1,1,1,2,1,1,2,0,2,0,0,0,1,2,1,2
129,2044.841,-7177.376,317.283,-37.731,0.774500,0.610716,-0.164848,-0.612119,0.789294,0.048217,0.159560,0.063563,0.985140,0,0.73568,-0.14217,44.141,-0.284,125.000,200.000,-1,400.000,-1,200.000,275.000,-1,250.000,-1,0.000,0.000,275.000,250.000,-1,125.000,-1,1,1,2,1,2,1,1,2,0,2,0,0,0,1,2,1,2
130,2083.393,-7207.536,327.287,-38.096,0.764234,0.614100,-0.197048,-0.620705,0.783314,0.033849,0.175137,0.096440,0.979809,0,0.81568,-0.18237,48.941,-0.365,125.000,200.000,-1,425.000,-1,200.000,275.000,-1,250.000,-1,50.000,0.000,225.000,250.000,-1,125.000,-1,1,1,2,1,2,1,1,2,0,2,0,0,0,1,2,1,2
131,-6887.295,6231.178,-242.137,-108.858,-0.236875,0.929619,0.282311,-0.903662,-0.317526,0.287353,0.356770,-0.187047,0.915275,1,0.00000,0.00000,52.772,-0.341,350.000,900.000,-1,-1,-1,650.000,725.000,325.000,350.000,-1,0.000,0.000,550.000,-1,-1,-1,-1,1,0,2,2,2,1,1,1,1,2,1,1,1,2,2,2,2
132,-8200.270,-2300.431,398.416,-103.484,-0.233000,0.972256,-0.020703,-0.972433,-0.233139,-0.004520,-0.009221,0.019079,0.999775,1,0.08000,0.12000,4.800,0.240,-1,400.000,-1,425.000,-1,325.000,325.000,325.000,325.000,-1,-1,-1,-1,825.000,900.000,-1,-1,2,0,2,0,2,0,0,0,0,2,2,2,2,0,0,2,2
