timestep,x_cm,y_cm,z_cm,yaw_deg,basis_xx,basis_xy,basis_xz,basis_yx,basis_yy,basis_yz,basis_zx,basis_zy,basis_zz,teleport_flag,throttle_cmd,steering_cmd,cmd_move_cm,cmd_turn_deg,lidar_cm_0,lidar_cm_1,lidar_cm_2,lidar_cm_3,lidar_cm_4,lidar_cm_5,lidar_cm_6,lidar_cm_7,lidar_cm_8,lidar_cm_9,lidar_cm_10,lidar_cm_11,lidar_cm_12,lidar_cm_13,lidar_cm_14,lidar_cm_15,lidar_cm_16,lidar_class_0,lidar_class_1,lidar_class_2,lidar_class_3,lidar_class_4,lidar_class_5,lidar_class_6,lidar_class_7,lidar_class_8,lidar_class_9,lidar_class_10,lidar_class_11,lidar_class_12,lidar_class_13,lidar_class_14,lidar_class_15,lidar_class_16
0,-988.688,-328.281,124.059,-176.265,-0.997849,0.065128,0.007453,-0.064980,-0.997713,0.018589,0.008646,0.018065,0.999799,1,0.08000,-0.12000,4.800,-0.240,-1,400.000,-1,400.000,-1,325.000,325.000,300.000,300.000,-1,-1,-1,-1,800.000,800.000,-1,-1,2,0,2,0,2,0,0,0,0,2,2,2,2,0,0,2,2
1,-998.273,-328.826,124.139,-176.745,-0.998361,0.056767,0.007314,-0.056623,-0.998223,0.018588,0.008356,0.018144,0.999800,0,0.16000,-0.24000,9.600,-0.480,-1,400.000,-1,400.000,-1,325.000,325.000,300.000,300.000,-1,-1,-1,-1,800.000,800.000,-1,-1,2,0,2,0,2,0,0,0,0,2,2,2,2,0,0,2,2
2,-1012.659,-329.463,124.255,-177.465,-0.998997,0.044219,0.007102,-0.044080,-0.998855,0.018597,0.007917,0.018266,0.999802,0,0.24000,-0.36000,14.400,-0.720,-1,400.000,-1,400.000,-1,325.000,325.000,300.000,300.000,-1,-1,-1,-1,800.000,800.000,-1,-1,2,0,2,0,2,0,0,0,0,2,2,2,2,0,0,2,2
3,-1031.851,-329.991,124.405,-178.425,-0.999599,0.027477,0.006816,-0.027346,-0.999452,0.018628,0.007324,0.018434,0.999803,0,0.32000,-0.48000,19.200,-0.960,-1,400.000,-1,400.000,-1,325.000,325.000,300.000,300.000,-1,-1,-1,-1,800.000,800.000,-1,-1,2,0,2,0,2,0,0,0,0,2,2,2,2,0,0,2,2
4,-1055.851,-330.148,124.586,-179.625,-0.999958,0.006540,0.006453,-0.006418,-0.999805,0.018696,0.006574,0.018654,0.999804,0,0.40000,-0.60000,24.000,-1.200,-1,400.000,-1,400.000,-1,325.000,325.000,300.000,300.000,-1,-1,-1,-1,800.000,800.000,-1,-1,2,0,2,0,2,0,0,0,0,2,2,2,2,0,0,2,2
5,-1084.647,-329.661,124.791,-180.968,-0.999839,-0.016889,0.006014,0.017000,-0.999678,0.018818,0.005694,0.018917,0.999805,0,0.48000,-0.67134,28.800,-1.343,-1,400.000,-1,400.000,-1,325.000,325.000,300.000,300.000,-1,-1,-1,-1,800.000,800.000,-1,-1,2,0,2,0,2,0,0,0,0,2,2,2,2,0,0,2,2
6,-1118.219,-328.307,125.019,-182.311,-0.999172,-0.040309,0.005504,0.040407,-0.999003,0.019006,0.004732,0.019212,0.999804,0,0.56000,-0.67134,33.600,-1.343,-1,400.000,-1,400.000,-1,325.000,325.000,300.000,300.000,-1,-1,-1,-1,800.000,800.000,-1,-1,2,0,2,0,2,0,0,0,0,2,2,2,2,0,0,2,2
7,-1156.541,-325.860,125.262,-183.653,-0.997957,-0.063706,0.004925,0.063790,-0.997777,0.019269,0.003686,0.019544,0.999802,0,0.64000,-0.67134,38.400,-1.343,-1,400.000,-1,400.000,-1,325.000,325.000,300.000,300.000,-1,-1,-1,-1,800.000,800.000,-1,-1,2,0,2,0,2,0,0,0,0,2,2,2,2,0,0,2,2
8,-1199.577,-322.098,125.517,-184.996,-0.996193,-0.087068,0.004282,0.087136,-0.996003,0.019616,0.002557,0.019914,0.999798,0,0.72000,-0.67134,43.200,-1.343,-1,400.000,-1,400.000,-1,325.000,325.000,300.000,300.000,-1,-1,-1,-1,800.000,800.000,-1,-1,2,0,2,0,2,0,0,0,0,2,2,2,2,0,0,2,2
9,-1247.284,-316.799,125.777,-186.339,-0.993883,-0.110381,0.003581,0.110431,-0.993681,0.020051,0.001345,0.020324,0.999793,0,0.80000,-0.67134,48.000,-1.343,-1,400.000,-1,400.000,-1,325.000,325.000,300.000,300.000,-1,-1,-1,-1,800.000,775.000,-1,-1,2,0,2,0,2,0,0,0,0,2,2,2,2,0,0,2,2
10,-1299.610,-309.741,125.907,-187.681,-0.991026,-0.133635,0.002890,0.133667,-0.990824,0.020041,0.000185,0.020248,0.999795,0,0.88000,-0.67134,52.800,-1.343,-1,400.000,-1,400.000,-1,325.000,325.000,300.000,300.000,-1,-1,-1,-1,800.000,775.000,-1,-1,2,0,2,0,2,0,0,0,0,2,2,2,2,0,0,2,2
11,-1352.001,-301.421,125.826,-189.024,-0.987625,-0.156818,0.002086,0.156828,-0.987432,0.019566,-0.001008,0.019651,0.999806,0,0.88412,-0.67134,53.047,-1.343,-1,400.000,-1,400.000,-1,325.000,325.000,300.000,300.000,-1,-1,-1,-1,800.000,775.000,-1,-1,2,0,2,0,2,0,0,0,0,2,2,2,2,0,0,2,2
12,-1404.182,-291.875,125.585,-190.367,-0.983682,-0.179912,0.001405,0.179905,-0.983488,0.019640,-0.002152,0.019572,0.999806,0,0.88412,-0.67134,53.047,-1.343,-1,400.000,-1,400.000,-1,325.000,325.000,300.000,300.000,-1,-1,-1,-1,800.000,775.000,-1,-1,2,0,2,0,2,0,0,0,0,2,2,2,2,0,0,2,2
13,-1456.126,-281.109,125.317,-191.709,-0.979197,-0.202908,0.000730,0.202883,-0.979003,0.019782,-0.003299,0.019518,0.999804,0,0.88412,-0.67134,53.047,-1.343,-1,400.000,-1,400.000,-1,325.000,325.000,300.000,300.000,-1,-1,-1,-1,800.000,775.000,-1,-1,2,0,2,0,2,0,0,0,0,2,2,2,2,0,0,2,2
14,-1507.802,-269.129,125.030,-193.052,-0.974175,-0.225793,0.000084,0.225750,-0.973981,0.019953,-0.004424,0.019457,0.999801,0,0.88412,-0.67134,53.047,-1.343,-1,400.000,-1,400.000,-1,325.000,325.000,300.000,300.000,-1,-1,-1,-1,800.000,775.000,-1,-1,2,0,2,0,2,0,0,0,0,2,2,2,2,0,0,2,2
15,-1559.184,-255.941,124.725,-194.395,-0.968618,-0.248554,-0.000533,0.248493,-0.968424,0.020148,-0.005524,0.019383,0.999797,0,0.88412,-0.67134,53.047,-1.343,-1,400.000,-1,400.000,-1,325.000,325.000,300.000,300.000,-1,-1,-1,-1,800.000,775.000,-1,-1,2,0,2,0,2,0,0,0,0,2,2,2,2,0,0,2,2
16,-1610.243,-241.553,124.401,-195.737,-0.962528,-0.271178,-0.001117,0.271100,-0.962336,0.020360,-0.006596,0.019294,0.999792,0,0.88412,-0.67134,53.047,-1.343,-1,400.000,-1,400.000,-1,325.000,325.000,300.000,300.000,-1,-1,-1,-1,800.000,750.000,-1,-1,2,0,2,0,2,0,0,0,0,2,2,2,2,0,0,2,2
17,-1660.951,-225.973,124.058,-197.080,-0.955910,-0.293654,-0.001669,0.293559,-0.955719,0.020583,-0.007639,0.019185,0.999787,0,0.88412,-0.67134,53.047,-1.343,-1,400.000,-1,400.000,-1,325.000,325.000,300.000,300.000,-1,-1,-1,-1,800.000,750.000,-1,-1,2,0,2,0,2,0,0,0,0,2,2,2,2,0,0,2,2
18,-1711.279,-209.208,123.698,-198.423,-0.948767,-0.315969,-0.002186,0.315858,-0.948578,0.020810,-0.008649,0.019053,0.999781,0,0.88412,-0.67134,53.047,-1.343,-1,400.000,-1,400.000,-1,325.000,325.000,300.000,300.000,-1,-1,-1,-1,800.000,750.000,-1,-1,2,0,2,0,2,0,0,0,0,2,2,2,2,0,0,2,2
19,-1761.201,-191.269,123.319,-199.765,-0.941103,-0.338110,-0.002670,0.337984,-0.940917,0.021037,-0.009625,0.018895,0.999775,0,0.88412,-0.67134,53.047,-1.343,-1,400.000,-1,400.000,-1,325.000,325.000,300.000,300.000,-1,-1,-1,-1,800.000,750.000,-1,-1,2,0,2,0,2,0,0,0,0,2,2,2,2,0,0,2,2
20,-1810.689,-172.165,122.914,-201.108,-0.932921,-0.360066,-0.003164,0.359924,-0.932740,0.021231,-0.010595,0.018668,0.999770,0,0.88412,-0.67134,53.047,-1.343,-1,400.000,-1,400.000,-1,325.000,325.000,300.000,300.000,-1,-1,-1,-1,800.000,750.000,-1,-1,2,0,2,0,2,0,0,0,0,2,2,2,2,0,0,2,2
21,-1859.716,-151.907,122.429,-202.451,-0.924227,-0.381827,-0.003507,0.381676,-0.924055,0.021097,-0.011296,0.018159,0.999771,0,0.88412,-0.67134,53.047,-1.343,-1,400.000,-1,400.000,-1,325.000,325.000,300.000,300.000,-1,-1,-1,-1,800.000,725.000,-1,-1,2,0,2,0,2,0,0,0,0,2,2,2,2,0,0,2,2
22,-1912.744,-128.791,121.780,-203.553,-0.916705,-0.399546,-0.003904,0.399392,-0.916552,0.020470,-0.011757,0.017206,0.999783,0,0.96412,-0.55134,57.847,-1.103,-1,400.000,-1,400.000,-1,325.000,325.000,300.000,300.000,-1,-1,-1,-1,800.000,725.000,-1,-1,2,0,2,0,2,0,0,0,0,2,2,2,2,0,0,2,2
23,-1967.364,-103.995,121.056,-204.416,-0.910580,-0.413308,-0.004542,0.413151,-0.910450,0.019695,-0.012276,0.016057,0.999796,0,0.99974,-0.43134,59.984,-0.863,-1,400.000,-1,400.000,-1,325.000,325.000,300.000,300.000,-1,-1,-1,-1,800.000,725.000,-1,-1,2,0,2,0,2,0,0,0,0,2,2,2,2,0,0,2,2
24,-2021.711,-78.608,120.345,-205.039,-0.906029,-0.423185,-0.005125,0.423027,-0.905919,0.018928,-0.012653,0.014982,0.999808,0,0.99974,-0.31134,59.984,-0.623,-1,400.000,-1,400.000,-1,325.000,325.000,300.000,300.000,-1,-1,-1,-1,800.000,725.000,-1,-1,2,0,2,0,2,0,0,0,0,2,2,2,2,0,0,2,2
25,-2075.887,-52.858,119.590,-205.422,-0.903178,-0.429231,-0.005394,0.429077,-0.903083,0.018278,-0.012717,0.014194,0.999818,0,0.99974,-0.19134,59.984,-0.383,-1,400.000,-1,375.000,-1,325.000,325.000,300.000,300.000,-1,-1,-1,-1,800.000,725.000,-1,-1,2,0,2,0,2,0,0,0,0,2,2,2,2,0,0,2,2
26,-2129.909,-26.785,118.810,-205.763,-0.900600,-0.434612,-0.005597,0.434461,-0.900515,0.017775,-0.012765,0.013577,0.999826,0,0.99974,-0.17081,59.984,-0.342,-1,400.000,-1,375.000,-1,325.000,325.000,300.000,300.000,-1,-1,-1,-1,800.000,725.000,-1,-1,2,0,2,0,2,0,0,0,0,2,2,2,2,0,0,2,2
27,-2183.790,-0.388,118.019,-206.101,-0.898020,-0.439916,-0.005810,0.439766,-0.897944,0.017401,-0.012872,0.013071,0.999832,0,1.00000,-0.16887,60.000,-0.338,-1,400.000,-1,375.000,-1,325.000,325.000,300.000,300.000,-1,-1,-1,-1,800.000,700.000,-1,-1,2,0,2,0,2,0,0,0,0,2,2,2,2,0,0,2,2
28,-2237.517,26.322,117.264,-206.434,-0.895444,-0.445133,-0.005986,0.444987,-0.895377,0.016938,-0.012899,0.012503,0.999839,0,1.00000,-0.16660,60.000,-0.333,-1,400.000,-1,375.000,-1,325.000,325.000,300.000,300.000,-1,-1,-1,-1,800.000,700.000,-1,-1,2,0,2,0,2,0,0,0,0,2,2,2,2,0,0,2,2
29,-2291.087,53.346,116.546,-206.769,-0.892826,-0.450360,-0.006125,0.450218,-0.892768,0.016383,-0.012847,0.011870,0.999847,0,1.00000,-0.16735,60.000,-0.335,-1,400.000,-1,375.000,-1,325.000,325.000,300.000,300.000,-1,-1,-1,-1,800.000,700.000,-1,-1,2,0,2,0,2,0,0,0,0,2,2,2,2,0,0,2,2
30,-2344.499,80.679,115.852,-207.100,-0.890202,-0.455524,-0.006217,0.455390,-0.890154,0.015672,-0.012673,0.011120,0.999858,0,1.00000,-0.16582,60.000,-0.332,-1,400.000,-1,375.000,-1,325.000,325.000,300.000,300.000,-1,-1,-1,-1,800.000,700.000,-1,-1,2,0,2,0,2,0,0,0,0,2,2,2,2,0,0,2,2
31,-2397.754,108.318,115.202,-207.429,-0.887575,-0.460621,-0.006282,0.460496,-0.887537,0.014901,-0.012439,0.010333,0.999869,0,1.00000,-0.16416,60.000,-0.328,-1,400.000,-1,375.000,-1,325.000,325.000,300.000,300.000,-1,-1,-1,-1,800.000,700.000,-1,-1,2,0,2,0,2,0,0,0,0,2,2,2,2,0,0,2,2
32,-2450.852,136.258,114.601,-207.753,-0.884948,-0.465647,-0.006325,0.465532,-0.884919,0.014084,-0.012155,0.009519,0.999881,0,1.00000,-0.16236,60.000,-0.325,-1,400.000,-1,375.000,-1,325.000,325.000,300.000,300.000,-1,-1,-1,-1,825.000,725.000,-1,-1,2,0,2,0,2,0,0,0,0,2,2,2,2,0,0,2,2
33,-2503.792,164.495,113.953,-208.074,-0.882324,-0.470600,-0.006256,0.470501,-0.882308,0.012732,-0.011512,0.008290,0.999899,0,1.00000,-0.16041,60.000,-0.321,975.000,400.000,-1,375.000,-1,325.000,325.000,300.000,300.000,-1,-1,-1,-1,825.000,725.000,975.000,-1,1,0,2,0,2,0,0,0,0,2,2,2,2,1,0,1,2
34,-2552.460,190.542,113.344,-208.155,-0.881656,-0.471849,-0.006441,0.471764,-0.881652,0.011324,-0.011022,0.006945,0.999915,0,0.92000,-0.04041,55.200,-0.081,900.000,400.000,-1,375.000,-1,325.000,325.000,300.000,300.000,-1,-1,-1,-1,775.000,725.000,925.000,-1,1,0,2,0,2,0,0,0,0,2,2,2,2,1,0,1,2
35,-2599.158,215.367,112.680,-207.996,-0.882955,-0.469403,-0.007195,0.469331,-0.882969,0.009688,-0.010900,0.005177,0.999927,0,0.88145,0.07959,52.887,0.159,850.000,400.000,-1,375.000,-1,325.000,325.000,300.000,300.000,-1,-1,-1,-1,750.000,725.000,875.000,-1,1,0,2,0,2,0,0,0,0,2,2,2,2,1,0,1,2
36,-2646.191,239.952,112.056,-207.597,-0.886196,-0.463243,-0.007938,0.463187,-0.886225,0.007996,-0.010739,0.003409,0.999937,0,0.88450,0.19959,53.070,0.399,800.000,400.000,-1,375.000,-1,325.000,325.000,300.000,300.000,-1,-1,-1,-1,725.000,725.000,825.000,-1,1,0,2,0,2,0,0,0,0,2,2,2,2,1,0,1,2
37,-2693.659,264.094,111.473,-206.958,-0.891301,-0.453330,-0.008670,0.453290,-0.891341,0.006231,-0.010552,0.001624,0.999943,0,0.88759,0.31959,53.255,0.639,750.000,400.000,-1,375.000,-1,325.000,325.000,300.000,325.000,-1,-1,-1,-1,675.000,725.000,775.000,-1,1,0,2,0,2,0,0,0,0,2,2,2,2,1,0,1,2
38,-2741.662,287.588,110.866,-206.078,-0.898147,-0.439601,-0.009092,0.439577,-0.898193,0.004517,-0.010153,0.000061,0.999948,0,0.89073,0.43959,53.444,0.879,700.000,400.000,-1,375.000,-1,325.000,325.000,300.000,325.000,-1,-1,-1,-1,650.000,725.000,725.000,-1,1,0,2,0,2,0,0,0,0,2,2,2,2,1,0,1,2
39,-2790.290,310.222,110.152,-204.959,-0.906557,-0.421973,-0.009696,0.421960,-0.906608,0.003438,-0.010241,-0.000974,0.999947,0,0.89396,0.55959,53.637,1.119,650.000,400.000,-1,400.000,-1,325.000,325.000,300.000,300.000,-1,-1,-1,-1,625.000,725.000,650.000,-1,1,0,2,0,2,0,0,0,0,2,2,2,2,1,0,1,2
40,-2839.625,331.775,109.337,-203.600,-0.916302,-0.400349,-0.010512,0.400341,-0.916361,0.002945,-0.010812,-0.001509,0.999940,0,0.89729,0.67959,53.837,1.359,625.000,400.000,-1,375.000,-1,325.000,325.000,300.000,300.000,-1,-1,-1,-1,575.000,725.000,600.000,-1,1,0,2,0,2,0,0,0,0,2,2,2,2,1,0,1,2
41,-2889.650,352.229,108.561,-202.238,-0.925549,-0.378456,-0.011417,0.378454,-0.925617,0.002374,-0.011466,-0.002123,0.999932,0,0.90075,0.68096,54.045,1.362,575.000,400.000,-1,375.000,-1,325.000,325.000,300.000,300.000,-1,-1,-1,-1,550.000,725.000,550.000,-1,1,0,2,0,2,0,0,0,0,2,2,2,2,1,0,1,2
42,-2940.344,371.561,107.824,-200.874,-0.934283,-0.356317,-0.012406,0.356324,-0.934361,0.001722,-0.012205,-0.002812,0.999922,0,0.90425,0.68193,54.255,1.364,525.000,400.000,-1,375.000,-1,325.000,325.000,300.000,300.000,-1,-1,-1,-1,500.000,750.000,500.000,-1,1,1,2,0,2,0,0,0,0,2,2,2,2,1,0,1,2
43,-2991.684,389.750,107.122,-199.509,-0.942496,-0.333945,-0.013474,0.333962,-0.942586,0.000988,-0.013030,-0.003569,0.999909,0,0.90779,0.68287,54.467,1.366,475.000,350.000,-1,375.000,-1,325.000,325.000,300.000,300.000,-1,-1,-1,-1,475.000,750.000,450.000,-1,1,1,2,0,2,0,0,0,0,2,2,2,2,1,0,1,2
44,-3043.648,406.776,106.454,-198.141,-0.950182,-0.311353,-0.014614,0.311384,-0.950284,0.000170,-0.013940,-0.004389,0.999893,0,0.91137,0.68378,54.682,1.368,425.000,325.000,-1,375.000,-1,300.000,325.000,300.000,300.000,-1,-1,-1,-1,450.000,750.000,400.000,-1,1,1,2,0,2,1,1,0,0,2,2,2,2,1,0,1,2
45,-3096.212,422.617,105.817,-196.772,-0.957333,-0.288554,-0.015821,0.288601,-0.957449,-0.000732,-0.014937,-0.005267,0.999875,0,0.91498,0.68466,54.899,1.369,375.000,300.000,-1,375.000,-1,275.000,300.000,300.000,300.000,-1,-1,-1,-1,400.000,750.000,350.000,-1,1,1,2,1,2,1,1,0,0,2,2,2,2,1,0,1,2
46,-3149.351,437.254,105.208,-195.401,-0.963943,-0.265561,-0.017090,0.265628,-0.964074,-0.001718,-0.016019,-0.006196,0.999852,0,0.91863,0.68552,55.118,1.371,325.000,275.000,-1,350.000,-1,275.000,275.000,300.000,300.000,-1,-1,-1,-1,375.000,775.000,300.000,-1,1,1,2,1,2,1,1,0,0,2,2,2,2,1,0,1,2
47,-3203.038,450.668,104.602,-194.028,-0.970006,-0.242387,-0.018361,0.242479,-0.970152,-0.002900,-0.017110,-0.007266,0.999827,0,0.92230,0.68637,55.338,1.373,275.000,250.000,-1,350.000,-1,250.000,275.000,300.000,300.000,-1,-1,-1,-1,325.000,775.000,250.000,-1,1,1,2,1,2,1,1,0,0,2,2,2,2,1,0,1,2
48,-3257.248,462.839,106.119,-192.653,-0.975661,-0.219053,-0.010087,0.219039,-0.975713,0.002550,-0.010401,0.000279,0.999946,0,0.92599,0.68721,55.559,1.374,250.000,250.000,-1,325.000,-1,225.000,250.000,325.000,300.000,-1,-1,-1,-1,325.000,825.000,225.000,-1,1,1,2,1,2,1,1,0,0,2,2,2,2,1,0,1,2
49,-3311.953,473.745,109.751,-191.277,-0.980677,-0.195531,0.006296,0.195607,-0.980560,0.015491,0.003144,0.016423,0.999860,0,0.92970,0.68807,55.782,1.376,250.000,225.000,-1,350.000,-1,225.000,250.000,375.000,275.000,-1,-1,-1,-1,300.000,925.000,225.000,-1,1,1,2,1,2,1,1,0,0,2,2,2,2,1,0,1,2
50,-3367.126,483.369,114.071,-189.899,-0.984798,-0.171840,0.025373,0.172492,-0.984663,0.026197,0.020482,0.030176,0.999335,0,0.93343,0.68895,56.006,1.378,250.000,225.000,-1,375.000,-1,225.000,275.000,425.000,275.000,-1,425.000,325.000,-1,325.000,-1,225.000,-1,1,1,2,1,2,1,1,0,0,2,0,0,2,1,2,1,2
51,-3422.737,491.691,119.023,-188.520,-0.987940,-0.148019,0.045451,0.149670,-0.988104,0.035341,0.039680,0.041717,0.998341,0,0.93716,0.68988,56.229,1.380,250.000,250.000,-1,400.000,-1,225.000,275.000,450.000,275.000,-1,275.000,150.000,-1,325.000,-1,225.000,-1,1,1,2,1,2,1,1,0,0,2,0,0,2,1,2,1,2
52,-9511.012,-8855.070,97.429,-14.788,0.966855,0.254838,0.015776,-0.253431,0.965359,-0.062079,-0.031050,0.056023,0.997947,1,0.00000,0.00000,56.453,1.382,500.000,375.000,825.000,375.000,-1,325.000,300.000,300.000,300.000,-1,-1,-1,-1,450.000,600.000,475.000,-1,1,1,1,0,2,0,0,0,0,2,2,2,2,1,1,1,2
53,-9506.366,-8856.276,97.283,-14.548,0.967912,0.250792,0.015797,-0.249395,0.966419,-0.061941,-0.030801,0.056014,0.997955,0,0.08000,0.12000,4.800,0.240,500.000,375.000,825.000,375.000,-1,325.000,300.000,300.000,300.000,-1,-1,-1,-1,450.000,600.000,475.000,-1,1,1,1,0,2,0,0,0,0,2,2,2,2,1,1,1,2
54,-9497.054,-8858.609,96.997,-14.068,0.969975,0.242688,0.015841,-0.241309,0.968487,-0.061664,-0.030306,0.055990,0.997971,0,0.16000,0.24000,9.600,0.480,475.000,375.000,800.000,375.000,-1,325.000,300.000,300.000,300.000,-1,-1,-1,-1,450.000,600.000,450.000,-1,1,1,1,0,2,0,0,0,0,2,2,2,2,1,1,1,2
55,-9483.050,-8861.963,96.580,-13.469,0.972451,0.232563,0.015908,-0.231208,0.970974,-0.061252,-0.029691,0.055887,0.997996,0,0.24000,0.29915,14.400,0.598,475.000,350.000,750.000,375.000,-1,325.000,300.000,300.000,300.000,-1,-1,-1,-1,425.000,575.000,450.000,-1,1,1,1,0,2,0,0,0,0,2,2,2,2,1,1,1,2
56,-9464.333,-8866.241,96.043,-12.872,0.974819,0.222423,0.016000,-0.221094,0.973361,-0.060711,-0.029077,0.055645,0.998027,0,0.32000,0.29888,19.200,0.598,450.000,350.000,725.000,375.000,-1,325.000,300.000,300.000,300.000,-1,-1,-1,-1,425.000,575.000,425.000,-1,1,1,1,0,2,1,0,0,0,2,2,2,2,1,1,1,2
57,-9440.882,-8871.343,95.394,-12.274,0.977079,0.212266,0.016117,-0.210965,0.975648,-0.060039,-0.028469,0.055263,0.998066,0,0.40000,0.29874,24.000,0.597,425.000,325.000,700.000,375.000,-1,300.000,300.000,300.000,300.000,-1,-1,-1,-1,400.000,550.000,400.000,-1,1,1,1,1,2,1,0,0,0,2,2,2,2,1,1,1,2
58,-9412.678,-8877.172,94.641,-11.677,0.979233,0.202087,0.016259,-0.200816,0.977837,-0.059234,-0.027869,0.054739,0.998112,0,0.48000,0.29870,28.800,0.597,400.000,325.000,650.000,350.000,-1,300.000,300.000,300.000,300.000,-1,-1,-1,-1,375.000,525.000,375.000,-1,1,1,1,1,2,1,1,0,0,2,2,2,2,1,1,1,2
59,-9379.704,-8883.629,93.795,-11.079,0.981280,0.191885,0.016425,-0.190645,0.979927,-0.058295,-0.027281,0.054072,0.998164,0,0.56000,0.29879,33.600,0.598,375.000,300.000,600.000,350.000,-1,275.000,300.000,300.000,300.000,-1,-1,-1,-1,350.000,500.000,350.000,-1,1,1,1,1,2,1,1,0,0,2,2,2,2,1,1,1,2
60,-9341.945,-8890.615,92.864,-10.481,0.983222,0.181656,0.016615,-0.180448,0.981919,-0.057221,-0.026709,0.053263,0.998223,0,0.64000,0.29899,38.400,0.598,325.000,275.000,550.000,325.000,-1,250.000,275.000,300.000,300.000,-1,-1,-1,-1,325.000,475.000,325.000,-1,1,1,1,1,2,1,1,0,0,2,2,2,2,1,1,1,2
61,-9299.387,-8898.030,91.857,-9.883,0.985059,0.171395,0.016826,-0.170222,0.983813,-0.056011,-0.026154,0.052309,0.998288,0,0.72000,0.29931,43.200,0.599,300.000,250.000,500.000,300.000,-1,225.000,250.000,300.000,300.000,-1,-1,-1,-1,300.000,450.000,275.000,-1,1,1,1,1,2,1,1,0,0,2,2,2,2,1,1,1,2
62,-9252.016,-8905.773,90.785,-9.283,0.986790,0.161101,0.017059,-0.159963,0.985608,-0.054664,-0.025620,0.051213,0.998359,0,0.80000,0.29977,48.000,0.600,250.000,225.000,450.000,275.000,-1,200.000,225.000,300.000,300.000,-1,-1,-1,-1,275.000,400.000,225.000,-1,1,1,1,1,2,1,1,0,0,2,2,2,2,1,1,1,2
63,-9200.145,-8913.689,91.538,-8.682,0.988534,0.150705,0.009392,-0.149887,0.986896,-0.059755,-0.018275,0.057662,0.998169,0,0.87452,0.30038,52.471,0.601,200.000,200.000,425.000,250.000,-1,175.000,200.000,325.000,300.000,-1,-1,-1,-1,225.000,375.000,200.000,-1,1,1,1,1,2,1,1,0,0,2,2,2,2,1,1,1,2
64,-9147.977,-8921.073,96.121,-8.080,0.990052,0.140110,-0.012899,-0.140692,0.986927,-0.078622,0.001714,0.079655,0.996821,0,0.87815,0.30115,52.689,0.602,200.000,200.000,425.000,250.000,-1,175.000,200.000,400.000,275.000,-1,450.000,400.000,-1,225.000,400.000,200.000,-1,1,1,1,1,2,1,1,0,0,2,0,0,2,1,1,1,2
65,-9095.516,-8927.938,103.659,-7.476,0.990678,0.129572,-0.042062,-0.132803,0.987383,-0.086247,0.030356,0.091029,0.995385,0,0.88179,0.30198,52.907,0.604,200.000,200.000,475.000,275.000,-1,175.000,225.000,450.000,300.000,-1,225.000,175.000,-1,225.000,450.000,200.000,-1,1,1,1,1,2,1,1,0,0,2,0,0,2,1,1,1,2
66,-8855.082,-4263.538,34.827,-6.319,0.993929,0.109868,-0.005890,-0.109300,0.992094,0.061667,0.012618,-0.060649,0.998079,1,0.00000,0.00000,53.126,0.606,800.000,375.000,-1,425.000,-1,325.000,325.000,300.000,300.000,-1,825.000,525.000,-1,625.000,775.000,950.000,-1,0,0,2,0,2,0,0,0,0,2,0,0,2,0,0,0,2
67,-8850.312,-4264.075,34.879,-6.416,0.993742,0.111538,-0.006014,-0.110963,0.991929,0.061354,0.012809,-0.060303,0.998098,0,0.08000,-0.04815,4.800,-0.096,800.000,375.000,-1,425.000,-1,325.000,325.000,300.000,300.000,-1,825.000,525.000,-1,625.000,775.000,950.000,-1,0,0,2,0,2,0,0,0,0,2,0,0,2,0,0,0,2
68,-8840.774,-4265.164,34.986,-6.512,0.993551,0.113211,-0.006265,-0.112627,0.991780,0.060727,0.013089,-0.059630,0.998135,0,0.16000,-0.04820,9.600,-0.096,800.000,375.000,-1,425.000,-1,325.000,325.000,300.000,300.000,-1,850.000,525.000,-1,625.000,775.000,950.000,-1,0,0,2,0,2,0,0,0,0,2,0,0,2,0,0,0,2
69,-8826.470,-4266.822,35.149,-6.609,0.993356,0.114890,-0.006640,-0.114293,0.991646,0.059787,0.013454,-0.058631,0.998189,0,0.24000,-0.04829,14.400,-0.097,825.000,375.000,-1,425.000,-1,325.000,325.000,300.000,300.000,-1,850.000,525.000,-1,625.000,775.000,950.000,-1,0,0,2,0,2,0,0,0,0,2,0,0,2,0,0,0,2
70,-8807.401,-4269.065,35.364,-6.706,0.993156,0.116575,-0.007138,-0.115963,0.991527,0.058536,0.013902,-0.057308,0.998260,0,0.32000,-0.04843,19.200,-0.097,825.000,375.000,-1,425.000,-1,325.000,325.000,300.000,300.000,-1,850.000,550.000,-1,625.000,775.000,950.000,-1,0,0,2,0,2,0,0,0,0,2,0,0,2,0,0,0,2
71,-8783.570,-4271.909,35.628,-6.803,0.992951,0.118268,-0.007758,-0.117640,0.991420,0.056977,0.014430,-0.055663,0.998345,0,0.40000,-0.04859,24.000,-0.097,825.000,375.000,-1,425.000,-1,325.000,325.000,300.000,300.000,-1,875.000,550.000,-1,625.000,775.000,950.000,-1,0,0,2,0,2,0,0,0,0,2,0,0,2,0,0,0,2
72,-8754.979,-4275.371,35.935,-6.900,0.992741,0.119969,-0.008498,-0.119326,0.991324,0.055113,0.015037,-0.053699,0.998444,0,0.48000,-0.04878,28.800,-0.098,825.000,375.000,-1,400.000,-1,325.000,325.000,300.000,300.000,-1,875.000,575.000,-1,625.000,775.000,975.000,-1,0,0,2,0,2,0,0,0,0,2,0,0,2,0,0,0,2
73,-8721.663,-4279.462,36.280,-6.998,0.992526,0.121678,-0.009357,-0.121021,0.991237,0.052951,0.015718,-0.051422,0.998553,0,0.55944,-0.04898,33.566,-0.098,825.000,375.000,-1,400.000,-1,300.000,325.000,300.000,300.000,-1,900.000,575.000,-1,625.000,775.000,975.000,-1,0,0,2,0,2,0,0,0,0,2,0,0,2,0,0,0,2
74,-8688.370,-4283.608,36.609,-7.097,0.992305,0.123393,-0.010209,-0.122726,0.991140,0.050800,0.016387,-0.049156,0.998657,0,0.55918,-0.04916,33.551,-0.098,850.000,350.000,-1,400.000,-1,300.000,325.000,300.000,300.000,-1,900.000,575.000,-1,625.000,750.000,975.000,-1,0,0,2,0,2,0,0,0,0,2,0,0,2,0,0,0,2
75,-8655.099,-4287.810,36.920,-7.195,0.992081,0.125112,-0.011057,-0.124438,0.991033,0.048662,0.017046,-0.046901,0.998754,0,0.55891,-0.04930,33.535,-0.099,850.000,350.000,-1,400.000,-1,300.000,325.000,300.000,300.000,-1,925.000,600.000,-1,625.000,750.000,975.000,-1,0,0,2,0,2,0,0,0,0,2,0,0,2,0,0,0,2
76,-8621.852,-4292.067,37.215,-7.294,0.991853,0.126834,-0.011898,-0.126156,0.990918,0.046537,0.017693,-0.044657,0.998846,0,0.55864,-0.04940,33.518,-0.099,850.000,350.000,-1,400.000,-1,300.000,325.000,300.000,300.000,-1,925.000,600.000,-1,625.000,750.000,975.000,-1,0,0,2,0,2,0,0,0,0,2,0,0,2,0,0,0,2
77,-8588.629,-4296.379,37.492,-7.393,0.991620,0.128557,-0.012734,-0.127879,0.990794,0.044426,0.018328,-0.042425,0.998932,0,0.55837,-0.04945,33.502,-0.099,850.000,350.000,-1,400.000,-1,300.000,325.000,300.000,300.000,-1,925.000,600.000,-1,625.000,750.000,975.000,-1,0,0,2,0,2,0,0,0,0,2,0,0,2,0,0,0,2
78,-8555.429,-4300.746,37.852,-7.492,0.991387,0.130281,-0.013343,-0.129624,0.990678,0.041890,0.018677,-0.039800,0.999033,0,0.55809,-0.04945,33.485,-0.099,875.000,350.000,-1,400.000,-1,300.000,300.000,300.000,300.000,-1,950.000,575.000,-1,600.000,725.000,1000.000,-1,0,0,2,0,2,0,0,0,0,2,0,0,2,0,0,0,2
79,-8522.254,-4305.168,38.482,-7.591,0.991143,0.132008,-0.014497,-0.131376,0.990595,0.038248,0.019410,-0.036005,0.999163,0,0.55782,-0.04941,33.469,-0.099,900.000,350.000,-1,375.000,-1,300.000,300.000,300.000,300.000,-1,975.000,550.000,-1,625.000,725.000,-1,-1,0,0,2,0,2,0,0,0,0,2,0,0,2,0,0,2,2
80,-8489.102,-4309.646,39.195,-7.689,0.990899,0.133729,-0.015339,-0.133132,0.990483,0.034916,0.019862,-0.032556,0.999273,0,0.55755,-0.04932,33.453,-0.099,950.000,350.000,-1,375.000,-1,300.000,300.000,300.000,300.000,-1,-1,575.000,-1,625.000,725.000,-1,-1,0,0,2,0,2,0,0,0,0,2,2,0,2,0,0,2,2
81,-8455.974,-4314.177,40.411,-7.788,0.990642,0.135436,-0.016874,-0.134817,0.990300,0.033612,0.021263,-0.031023,0.999292,0,0.55728,-0.04918,33.437,-0.098,975.000,350.000,-1,375.000,-1,300.000,300.000,300.000,300.000,-1,-1,550.000,-1,625.000,725.000,-1,-1,0,0,2,0,2,0,0,0,0,2,2,0,2,0,0,2,2
82,-8422.868,-4318.763,41.625,-7.886,0.990380,0.137136,-0.018447,-0.136496,0.990112,0.032353,0.022701,-0.029524,0.999306,0,0.55702,-0.04900,33.421,-0.098,-1,350.000,-1,375.000,-1,300.000,300.000,300.000,300.000,-1,-1,550.000,-1,625.000,725.000,-1,-1,2,0,2,0,2,0,0,0,0,2,2,0,2,0,0,2,2
83,-8389.786,-4323.403,42.826,-7.983,0.990114,0.138827,-0.020037,-0.138171,0.989920,0.031105,0.024153,-0.028029,0.999315,0,0.55677,-0.04877,33.406,-0.098,-1,350.000,-1,375.000,-1,300.000,300.000,300.000,300.000,-1,-1,525.000,-1,625.000,725.000,-1,-1,2,0,2,0,2,0,0,0,0,2,2,0,2,0,0,2,2
84,-8356.726,-4328.097,44.015,-8.080,0.989843,0.140509,-0.021645,-0.139839,0.989724,0.029868,0.025619,-0.026538,0.999319,0,0.55653,-0.04850,33.392,-0.097,-1,350.000,-1,375.000,-1,300.000,300.000,300.000,300.000,-1,-1,525.000,-1,625.000,725.000,-1,-1,2,0,2,0,2,0,0,0,0,2,2,0,2,0,0,2,2
85,-8323.687,-4332.845,45.192,-8.177,0.989567,0.142179,-0.023270,-0.141499,0.989524,0.028641,0.027099,-0.025050,0.999319,0,0.55630,-0.04819,33.378,-0.096,-1,350.000,-1,400.000,-1,300.000,300.000,300.000,300.000,-1,1000.000,525.000,-1,625.000,725.000,-1,-1,2,0,2,0,2,0,0,0,0,2,0,0,2,0,0,2,2
86,-8290.669,-4337.646,46.356,-8.272,0.989288,0.143836,-0.024914,-0.143150,0.989321,0.027426,0.028593,-0.023566,0.999313,0,0.55609,-0.04783,33.365,-0.096,-1,375.000,-1,400.000,-1,300.000,325.000,300.000,325.000,-1,1000.000,525.000,-1,625.000,725.000,-1,-1,2,0,2,0,2,0,0,0,0,2,0,0,2,0,0,2,2
87,-8252.887,-4343.042,47.682,-8.128,0.989596,0.141348,-0.026845,-0.140658,0.989715,0.026078,0.030255,-0.022031,0.999299,0,0.63609,0.07217,38.165,0.144,-1,375.000,-1,400.000,-1,300.000,325.000,300.000,325.000,-1,1000.000,500.000,-1,650.000,725.000,-1,-1,2,0,2,0,2,0,0,0,0,2,0,0,2,0,0,2,2
88,-8210.313,-4348.831,49.155,-7.743,0.990458,0.134710,-0.029088,-0.134018,0.990674,0.024571,0.032127,-0.020438,0.999275,0,0.71609,0.19217,42.965,0.384,-1,375.000,-1,400.000,-1,300.000,325.000,300.000,325.000,-1,825.000,500.000,-1,650.000,725.000,-1,-1,2,0,2,0,2,0,0,0,0,2,0,0,2,0,0,2,2
89,-8162.916,-4354.752,50.759,-7.119,0.991788,0.123911,-0.031671,-0.123222,0.992116,0.022863,0.034255,-0.018773,0.999237,0,0.79609,0.31217,47.765,0.624,-1,375.000,-1,400.000,-1,300.000,325.000,300.000,325.000,-1,725.000,475.000,-1,650.000,725.000,-1,-1,2,0,2,0,2,0,0,0,0,2,0,0,2,0,0,2,2
90,-8114.869,-4360.018,52.343,-6.255,0.993454,0.108934,-0.034388,-0.108254,0.993900,0.021067,0.036473,-0.017206,0.999187,0,0.80558,0.43217,48.335,0.864,-1,375.000,-1,400.000,-1,300.000,325.000,300.000,325.000,-1,650.000,450.000,-1,650.000,725.000,-1,-1,2,0,2,0,2,0,0,0,0,2,0,0,2,0,0,2,2
91,-8066.762,-4364.511,53.881,-5.335,0.994974,0.092968,-0.037186,-0.092305,0.995546,0.019174,0.038803,-0.015645,0.999124,0,0.80528,0.45988,48.317,0.920,-1,375.000,-1,400.000,-1,300.000,325.000,300.000,325.000,-1,575.000,400.000,-1,675.000,725.000,-1,-1,2,0,2,0,2,0,0,0,0,2,0,0,2,0,0,2,2
92,-8018.600,-4368.227,55.375,-4.413,0.996231,0.076934,-0.040050,-0.076298,0.996937,0.017181,0.041250,-0.014060,0.999050,0,0.80508,0.46113,48.305,0.922,-1,375.000,-1,400.000,-1,300.000,325.000,300.000,325.000,-1,550.000,350.000,-1,675.000,725.000,-1,-1,2,0,2,0,2,0,0,0,0,2,0,0,2,0,0,2,2
93,-7970.389,-4371.166,56.831,-3.488,0.997223,0.060830,-0.042971,-0.060232,0.998070,0.015085,0.043806,-0.012454,0.998962,0,0.80501,0.46254,48.300,0.925,-1,375.000,-1,375.000,-1,300.000,325.000,300.000,325.000,-1,450.000,300.000,1000.000,675.000,725.000,-1,-1,2,0,2,0,2,0,0,0,0,2,0,0,0,0,0,2,2
94,-7922.132,-4373.323,58.252,-2.560,0.997946,0.044655,-0.045937,-0.044106,0.998944,0.012884,0.046464,-0.010831,0.998861,0,0.80507,0.46410,48.304,0.928,-1,375.000,-1,375.000,-1,300.000,325.000,300.000,300.000,-1,400.000,275.000,1000.000,700.000,725.000,-1,-1,2,0,2,0,2,0,0,0,0,2,0,0,0,0,0,2,2
95,-7873.834,-4374.696,59.736,-1.628,0.998410,0.028407,-0.048682,-0.027943,0.999557,0.010203,0.048950,-0.008827,0.998762,0,0.80529,0.46581,48.317,0.932,-1,375.000,-1,375.000,-1,300.000,300.000,300.000,300.000,-1,350.000,250.000,1000.000,700.000,725.000,-1,-1,2,0,2,0,2,0,0,0,0,2,0,0,0,0,0,2,2
96,-7825.497,-4375.280,62.383,-0.693,0.998692,0.012087,-0.049674,-0.011627,0.999887,0.009528,0.049783,-0.008938,0.998720,0,0.80567,0.46767,48.340,0.935,-1,375.000,-1,375.000,-1,300.000,300.000,300.000,300.000,-1,375.000,300.000,-1,700.000,725.000,-1,-1,2,0,2,0,2,0,0,0,0,2,0,0,2,0,0,2,2
97,-7777.126,-4375.072,65.107,0.247,0.998698,-0.004307,-0.050821,0.004777,0.999947,0.009148,0.050779,-0.009379,0.998666,0,0.80620,0.46967,48.372,0.939,-1,375.000,-1,375.000,-1,300.000,325.000,300.000,300.000,-1,400.000,325.000,-1,725.000,750.000,-1,-1,2,0,2,0,2,0,0,0,0,2,0,0,2,0,0,2,2
98,-7728.722,-4374.066,67.820,1.190,0.998432,-0.020773,-0.051980,0.021255,0.999736,0.008726,0.051785,-0.009817,0.998610,0,0.80691,0.47181,48.414,0.944,-1,375.000,-1,375.000,-1,300.000,325.000,300.000,300.000,-1,425.000,350.000,-1,725.000,750.000,-1,-1,2,0,2,0,2,0,0,0,0,2,0,0,2,0,0,2,2
99,-7680.289,-4372.257,70.521,2.139,0.997889,-0.037314,-0.053144,0.037805,0.999251,0.008266,0.052796,-0.010258,0.998553,0,0.80778,0.47408,48.467,0.948,-1,375.000,-1,375.000,-1,300.000,325.000,300.000,325.000,-1,450.000,400.000,-1,750.000,775.000,-1,-1,2,0,2,0,2,0,0,0,0,2,0,0,2,0,0,2,2
100,-7631.830,-4369.640,73.213,3.091,0.997067,-0.053927,-0.054309,0.054427,0.998487,0.007770,0.053808,-0.010703,0.998494,0,0.80882,0.47648,48.529,0.953,-1,375.000,-1,375.000,-1,300.000,325.000,300.000,325.000,-1,475.000,425.000,-1,775.000,775.000,-1,-1,2,0,2,0,2,0,0,0,0,2,0,0,2,0,0,2,2
101,-7583.419,-4366.217,75.892,4.045,0.995966,-0.070528,-0.055467,0.071037,0.997447,0.007243,0.054815,-0.011154,0.998434,0,0.80886,0.47655,48.531,0.953,-1,375.000,-1,375.000,-1,325.000,325.000,300.000,325.000,-1,500.000,450.000,-1,775.000,800.000,-1,-1,2,0,2,0,2,0,0,0,0,2,0,0,2,0,0,2,2
102,-7535.072,-4361.989,78.558,4.998,0.994589,-0.087110,-0.056613,0.087626,0.996131,0.006689,0.055811,-0.011613,0.998374,0,0.80886,0.47655,48.531,0.953,-1,375.000,-1,400.000,-1,325.000,325.000,300.000,325.000,-1,525.000,475.000,-1,800.000,800.000,-1,-1,2,0,2,0,2,0,0,0,0,2,0,0,2,0,0,2,2
103,-7486.802,-4356.958,81.212,5.951,0.992935,-0.103667,-0.057742,0.104190,0.994539,0.006112,0.056793,-0.012085,0.998313,0,0.80886,0.47655,48.531,0.953,-1,400.000,-1,400.000,-1,325.000,325.000,300.000,325.000,-1,550.000,500.000,-1,800.000,825.000,-1,-1,2,0,2,0,2,0,0,0,0,2,0,0,2,0,0,2,2
104,-7438.622,-4351.124,83.853,6.904,0.991004,-0.120195,-0.058850,0.120725,0.992671,0.005517,0.057755,-0.012572,0.998252,0,0.80886,0.47655,48.531,0.953,-1,400.000,-1,400.000,-1,325.000,325.000,300.000,300.000,-1,575.000,525.000,-1,825.000,825.000,-1,-1,2,0,2,0,2,0,0,0,0,2,0,0,2,0,0,2,2
105,-7390.546,-4344.489,86.484,7.857,0.988799,-0.136690,-0.059932,0.137226,0.990528,0.004909,0.058693,-0.013079,0.998190,0,0.80886,0.47655,48.531,0.953,-1,400.000,-1,400.000,-1,325.000,325.000,300.000,300.000,-1,575.000,550.000,-1,850.000,850.000,-1,-1,2,0,2,0,2,0,0,0,0,2,0,0,2,0,0,2,2
106,-7342.587,-4337.056,89.103,8.810,0.986320,-0.153146,-0.060983,0.153690,0.988110,0.004294,0.059601,-0.013608,0.998130,0,0.80886,0.47655,48.531,0.953,-1,400.000,-1,400.000,-1,325.000,325.000,300.000,300.000,-1,600.000,600.000,-1,850.000,875.000,-1,-1,2,0,2,0,2,0,0,0,0,2,0,0,2,0,0,2,2
107,-7294.752,-4328.826,91.712,9.763,0.983569,-0.169549,-0.062002,0.170100,0.985420,0.003677,0.060475,-0.014163,0.998069,0,0.80896,0.47622,48.538,0.952,-1,400.000,-1,425.000,-1,325.000,325.000,300.000,300.000,-1,625.000,600.000,-1,875.000,925.000,-1,-1,2,0,2,0,2,0,0,0,0,2,0,0,2,0,0,2,2
108,-7247.038,-4319.800,94.425,10.712,0.980587,-0.185852,-0.062516,0.186435,0.982461,0.003570,0.060756,-0.015156,0.998038,0,0.80935,0.47474,48.561,0.949,-1,425.000,-1,425.000,-1,325.000,325.000,300.000,300.000,-1,675.000,600.000,-1,900.000,950.000,-1,-1,2,0,2,0,2,0,0,0,0,2,0,0,2,0,0,2,2
109,-7199.463,-4309.983,96.927,11.659,0.977442,-0.202060,-0.061478,0.202625,0.979252,0.003030,0.059590,-0.015419,0.998104,0,0.80962,0.47341,48.577,0.947,-1,425.000,-1,425.000,-1,325.000,325.000,300.000,300.000,-1,725.000,675.000,-1,900.000,975.000,-1,-1,2,0,2,0,2,0,0,0,0,2,0,0,2,0,0,2,2
110,-7152.048,-4299.381,99.458,12.603,0.974048,-0.218174,-0.060259,0.218714,0.975786,0.002431,0.058269,-0.015547,0.998180,0,0.80977,0.47224,48.586,0.944,-1,425.000,-1,425.000,-1,325.000,325.000,300.000,300.000,-1,775.000,750.000,-1,925.000,975.000,-1,-1,2,0,2,0,2,0,0,0,0,2,0,0,2,0,0,2,2
111,-7104.811,-4288.000,101.812,13.546,0.970437,-0.234192,-0.058361,0.234748,0.972052,0.002767,0.056082,-0.016386,0.998292,0,0.80982,0.47123,48.589,0.942,-1,425.000,-1,425.000,-1,325.000,325.000,300.000,300.000,-1,850.000,850.000,-1,900.000,975.000,-1,-1,2,0,2,0,2,0,0,0,0,2,0,0,2,0,0,2,2
112,-7057.769,-4275.846,104.116,14.487,0.966571,-0.250116,-0.056410,0.250698,0.968059,0.003382,0.053762,-0.017411,0.998402,0,0.80978,0.47039,48.587,0.941,-1,425.000,-1,400.000,-1,325.000,325.000,300.000,300.000,-1,925.000,925.000,-1,900.000,975.000,-1,-1,2,0,2,0,2,0,0,0,0,2,0,0,2,0,0,2,2
113,-7010.939,-4262.924,106.407,15.426,0.962445,-0.265948,-0.054501,0.266557,0.963810,0.004090,0.051441,-0.018464,0.998505,0,0.80967,0.46971,48.580,0.939,-1,425.000,-1,400.000,-1,325.000,325.000,300.000,300.000,-1,-1,1000.000,-1,900.000,975.000,-1,-1,2,0,2,0,2,0,0,0,0,2,2,0,2,0,0,2,2
114,-6964.337,-4249.239,108.685,16.364,0.958060,-0.281692,-0.052639,0.282327,0.959306,0.004891,0.049119,-0.019547,0.998602,0,0.80950,0.46919,48.570,0.938,-1,400.000,-1,400.000,-1,325.000,325.000,300.000,300.000,-1,-1,-1,-1,900.000,975.000,-1,-1,2,0,2,0,2,0,0,0,0,2,2,2,2,0,0,2,2
115,-6922.494,-4236.396,110.725,17.063,0.954642,-0.293358,-0.050995,0.294013,0.955784,0.005689,0.047071,-0.020424,0.998683,0,0.72950,0.34919,43.770,0.698,-1,400.000,-1,400.000,-1,325.000,325.000,300.000,300.000,-1,-1,-1,-1,900.000,975.000,-1,-1,2,0,2,0,2,0,0,0,0,2,2,2,2,0,0,2,2
116,-6884.151,-4224.291,112.589,17.521,0.952341,-0.300991,-0.049505,0.301660,0.953393,0.006474,0.045249,-0.021099,0.998753,0,0.67014,0.22919,40.208,0.458,-1,400.000,-1,400.000,-1,325.000,325.000,300.000,300.000,-1,-1,-1,-1,900.000,975.000,-1,-1,2,0,2,0,2,0,0,0,0,2,2,2,2,0,0,2,2
117,-6845.865,-4212.043,114.441,17.740,0.951263,-0.304620,-0.048023,0.305297,0.952229,0.007289,0.043509,-0.021595,0.998820,0,0.66996,0.10919,40.198,0.218,-1,400.000,-1,425.000,-1,325.000,325.000,300.000,300.000,-1,-1,-1,-1,900.000,1000.000,-1,-1,2,0,2,0,2,0,0,0,0,2,2,2,2,0,0,2,2
118,-6807.582,-4199.812,116.284,17.718,0.951452,-0.304258,-0.046539,0.304938,0.952337,0.008115,0.041851,-0.021913,0.998884,0,0.66982,-0.01081,40.189,-0.022,-1,400.000,-1,425.000,-1,325.000,325.000,300.000,300.000,-1,-1,-1,-1,900.000,1000.000,-1,-1,2,0,2,0,2,0,0,0,0,2,2,2,2,0,0,2,2
119,-6769.251,-4187.758,118.121,17.456,0.952905,-0.299906,-0.045041,0.300583,0.953714,0.008935,0.040276,-0.022052,0.998945,0,0.66970,-0.13081,40.182,-0.262,-1,400.000,-1,425.000,-1,325.000,325.000,300.000,300.000,-1,-1,-1,-1,900.000,1000.000,-1,-1,2,0,2,0,2,0,0,0,0,2,2,2,2,0,0,2,2
120,-6730.821,-4176.042,119.954,16.955,0.955567,-0.291545,-0.043519,0.292213,0.956304,0.009727,0.038782,-0.022011,0.999005,0,0.66961,-0.25081,40.177,-0.502,-1,400.000,-1,425.000,-1,325.000,325.000,300.000,300.000,-1,-1,-1,-1,900.000,1000.000,-1,-1,2,0,2,0,2,0,0,0,0,2,2,2,2,0,0,2,2
121,-6692.245,-4164.825,121.786,16.213,0.959332,-0.279144,-0.041963,0.279797,0.960002,0.010470,0.037362,-0.021785,0.999064,0,0.66956,-0.37081,40.173,-0.742,-1,425.000,-1,425.000,-1,325.000,350.000,300.000,325.000,-1,-1,-1,-1,900.000,-1,-1,-1,2,0,2,0,2,0,0,0,0,2,2,2,2,0,2,2,2
122,-6653.485,-4154.271,123.620,15.231,0.964044,-0.262659,-0.040365,0.263292,0.964652,0.011142,0.036011,-0.021369,0.999123,0,0.66953,-0.49081,40.172,-0.982,-1,425.000,-1,425.000,-1,325.000,350.000,300.000,325.000,-1,-1,-1,-1,900.000,-1,-1,-1,2,0,2,0,2,0,0,0,0,2,2,2,2,0,2,2,2
123,-6614.508,-4144.546,125.294,14.010,0.969481,-0.242040,-0.039036,0.242627,0.970057,0.011019,0.035200,-0.020154,0.999177,0,0.66953,-0.61081,40.172,-1.222,-1,425.000,-1,425.000,-1,350.000,350.000,300.000,325.000,-1,-1,-1,-1,900.000,-1,-1,-1,2,0,2,0,2,0,0,0,0,2,2,2,2,0,2,2,2
124,-6575.318,-4135.712,126.591,12.705,0.974833,-0.219890,-0.036722,0.220371,0.975369,0.009574,0.033712,-0.017426,0.999280,0,0.66955,-0.65268,40.173,-1.305,-1,425.000,-1,425.000,-1,350.000,350.000,300.000,300.000,-1,-1,-1,-1,900.000,-1,-1,-1,2,0,2,0,2,0,0,0,0,2,2,2,2,0,2,2,2
125,-6535.936,-4127.772,127.801,11.400,0.979683,-0.197629,-0.034125,0.197997,0.980172,0.007723,0.031922,-0.014323,0.999388,0,0.66958,-0.65250,40.175,-1.305,-1,425.000,-1,425.000,-1,350.000,350.000,300.000,300.000,-1,-1,-1,-1,900.000,-1,-1,-1,2,0,2,0,2,0,0,0,0,2,2,2,2,0,2,2,2
126,-6496.381,-4120.730,128.790,10.095,0.983997,-0.175265,-0.032135,0.175561,0.984446,0.006606,0.030477,-0.012142,0.999462,0,0.66961,-0.65234,40.177,-1.305,-1,425.000,-1,425.000,-1,350.000,350.000,325.000,300.000,-1,-1,-1,-1,900.000,1000.000,-1,-1,2,0,2,0,2,0,0,0,0,2,2,2,2,0,0,2,2
127,-6456.675,-4114.590,129.389,8.790,0.987807,-0.152811,-0.029759,0.153084,0.988188,0.007111,0.028321,-0.011580,0.999532,0,0.66964,-0.65219,40.178,-1.304,-1,425.000,-1,425.000,-1,350.000,350.000,300.000,300.000,-1,-1,-1,-1,900.000,1000.000,-1,-1,2,0,2,0,2,0,0,0,0,2,2,2,2,0,0,2,2
128,-6416.838,-4109.355,129.998,7.486,0.991099,-0.130283,-0.027358,0.130531,0.991416,0.007494,0.026146,-0.010999,0.999598,0,0.66966,-0.65205,40.180,-1.304,-1,425.000,-1,425.000,-1,350.000,350.000,300.000,300.000,-1,-1,-1,-1,875.000,1000.000,-1,-1,2,0,2,0,2,0,0,0,0,2,2,2,2,0,0,2,2
129,-6376.890,-4105.027,130.614,6.183,0.993872,-0.107690,-0.024933,0.107913,0.994130,0.007757,0.023952,-0.010400,0.999659,0,0.66969,-0.65193,40.181,-1.304,-1,425.000,-1,425.000,-1,325.000,350.000,300.000,300.000,-1,-1,-1,-1,875.000,975.000,-1,-1,2,0,2,0,2,0,0,0,0,2,2,2,2,0,0,2,2
130,-6336.853,-4101.610,131.238,4.879,0.996123,-0.085046,-0.022489,0.085242,0.996329,0.007899,0.021735,-0.009785,0.999716,0,0.66971,-0.65182,40.183,-1.304,-1,425.000,-1,425.000,-1,325.000,350.000,300.000,300.000,-1,-1,-1,-1,850.000,975.000,-1,-1,2,0,2,0,2,0,0,0,0,2,2,2,2,0,0,2,2
131,-6296.747,-4099.104,131.867,3.575,0.997853,-0.062360,-0.020028,0.062529,0.998012,0.007920,0.019494,-0.009155,0.999768,0,0.66973,-0.65173,40.184,-1.303,-1,400.000,-1,425.000,-1,325.000,325.000,300.000,300.000,-1,-1,-1,-1,850.000,950.000,-1,-1,2,0,2,0,2,0,0,0,0,2,2,2,2,0,0,2,2
132,-6256.594,-4097.511,132.500,2.272,0.999060,-0.039644,-0.017552,0.039786,0.999178,0.007820,0.017228,-0.008511,0.999815,0,0.66976,-0.65165,40.185,-1.303,-1,400.000,-1,425.000,-1,325.000,325.000,300.000,300.000,-1,-1,-1,-1,850.000,950.000,-1,-1,2,0,2,0,2,0,0,0,0,2,2,2,2,0,0,2,2
133,-6216.413,-4096.831,133.136,0.969,0.999744,-0.016910,-0.015064,0.017026,0.999826,0.007600,0.014933,-0.007854,0.999858,0,0.66978,-0.65158,40.187,-1.303,-1,400.000,-1,425.000,-1,325.000,325.000,300.000,300.000,-1,-1,-1,-1,825.000,950.000,-1,-1,2,0,2,0,2,0,0,0,0,2,2,2,2,0,0,2,2
134,-6176.226,-4097.065,133.775,-0.334,0.999904,0.005831,-0.012567,-0.005740,0.999957,0.007258,0.012609,-0.007186,0.999895,0,0.66980,-0.65153,40.188,-1.303,-1,400.000,-1,425.000,-1,325.000,325.000,300.000,300.000,-1,-1,-1,-1,825.000,925.000,-1,-1,2,0,2,0,2,0,0,0,0,2,2,2,2,0,0,2,2
135,-6136.054,-4098.213,134.415,-1.637,0.999541,0.028568,-0.010063,-0.028500,0.999571,0.006796,0.010253,-0.006506,0.999926,0,0.66981,-0.65149,40.189,-1.303,-1,400.000,-1,425.000,-1,325.000,325.000,300.000,300.000,-1,-1,-1,-1,825.000,925.000,-1,-1,2,0,2,0,2,0,0,0,0,2,2,2,2,0,0,2,2
136,-6095.916,-4100.275,135.054,-2.940,0.998655,0.051289,-0.007555,-0.051243,0.998667,0.006212,0.007863,-0.005816,0.999952,0,0.66983,-0.65147,40.190,-1.303,-1,400.000,-1,425.000,-1,325.000,325.000,300.000,300.000,-1,-1,-1,-1,825.000,925.000,-1,-1,2,0,2,0,2,0,0,0,0,2,2,2,2,0,0,2,2
