timestep,x_cm,y_cm,z_cm,yaw_deg,basis_xx,basis_xy,basis_xz,basis_yx,basis_yy,basis_yz,basis_zx,basis_zy,basis_zz,teleport_flag,throttle_cmd,steering_cmd,cmd_move_cm,cmd_turn_deg,lidar_cm_0,lidar_cm_1,lidar_cm_2,lidar_cm_3,lidar_cm_4,lidar_cm_5,lidar_cm_6,lidar_cm_7,lidar_cm_8,lidar_cm_9,lidar_cm_10,lidar_cm_11,lidar_cm_12,lidar_cm_13,lidar_cm_14,lidar_cm_15,lidar_cm_16,lidar_class_0,lidar_class_1,lidar_class_2,lidar_class_3,lidar_class_4,lidar_class_5,lidar_class_6,lidar_class_7,lidar_class_8,lidar_class_9,lidar_class_10,lidar_class_11,lidar_class_12,lidar_class_13,lidar_class_14,lidar_class_15,lidar_class_16
0,6228.093,1643.353,-33.071,132.784,-0.679519,-0.733646,0.004261,0.732783,-0.678980,-0.044883,0.035821,-0.027377,0.998983,1,0.08000,0.12000,4.800,0.240,-1,400.000,-1,400.000,-1,325.000,325.000,300.000,300.000,-1,-1,-1,-1,800.000,850.000,-1,-1,2,0,2,0,2,0,0,0,0,2,2,2,2,0,0,2,2
1,6221.513,1650.344,-32.723,133.264,-0.685644,-0.727926,0.004110,0.727077,-0.685097,-0.044741,0.035384,-0.027688,0.998990,0,0.16000,0.24000,9.600,0.480,-1,400.000,-1,400.000,-1,325.000,325.000,300.000,300.000,-1,-1,-1,-1,800.000,850.000,-1,-1,2,0,2,0,2,0,0,0,0,2,2,2,2,0,0,2,2
2,6211.513,1660.705,-32.205,133.984,-0.694741,-0.719250,0.003883,0.718422,-0.694181,-0.044531,0.034724,-0.028148,0.999000,0,0.24000,0.36000,14.400,0.720,-1,400.000,-1,400.000,-1,325.000,325.000,300.000,300.000,-1,-1,-1,-1,800.000,850.000,-1,-1,2,0,2,0,2,0,0,0,0,2,2,2,2,0,0,2,2
3,6197.950,1674.294,-31.527,134.944,-0.706698,-0.707506,0.003578,0.706706,-0.706122,-0.044256,0.033838,-0.028747,0.999014,0,0.32000,0.48000,19.200,0.960,-1,400.000,-1,400.000,-1,325.000,325.000,300.000,300.000,-1,-1,-1,-1,800.000,850.000,-1,-1,2,0,2,0,2,0,0,0,0,2,2,2,2,0,0,2,2
4,6180.644,1690.922,-30.720,136.144,-0.721364,-0.692549,0.003250,0.691780,-0.720769,-0.043966,0.032791,-0.029467,0.999028,0,0.40000,0.60000,24.000,1.200,-1,400.000,-1,400.000,-1,325.000,325.000,300.000,300.000,-1,-1,-1,-1,800.000,850.000,-1,-1,2,0,2,0,2,0,0,0,0,2,2,2,2,0,0,2,2
5,6159.418,1710.387,-29.826,137.478,-0.737287,-0.675573,0.003066,0.674835,-0.736679,-0.043615,0.031724,-0.030087,0.999044,0,0.48000,0.66683,28.800,1.334,-1,400.000,-1,400.000,-1,325.000,325.000,300.000,300.000,-1,-1,-1,-1,800.000,850.000,-1,-1,2,0,2,0,2,0,0,0,0,2,2,2,2,0,0,2,2
6,6134.138,1732.521,-28.815,138.796,-0.752630,-0.658437,0.002833,0.657732,-0.752011,-0.043219,0.030588,-0.030665,0.999062,0,0.56000,0.65904,33.600,1.318,-1,400.000,-1,400.000,-1,325.000,325.000,300.000,300.000,-1,-1,-1,-1,800.000,850.000,-1,-1,2,0,2,0,2,0,0,0,0,2,2,2,2,0,0,2,2
7,6104.681,1757.155,-27.695,140.095,-0.767371,-0.641198,0.002551,0.640529,-0.766741,-0.042783,0.029389,-0.031196,0.999081,0,0.64000,0.64993,38.400,1.300,-1,400.000,-1,400.000,-1,325.000,325.000,300.000,300.000,-1,-1,-1,-1,800.000,850.000,-1,-1,2,0,2,0,2,0,0,0,0,2,2,2,2,0,0,2,2
8,6070.931,1784.121,-26.477,141.374,-0.781489,-0.623916,0.002222,0.623285,-0.780849,-0.042308,0.028132,-0.031678,0.999102,0,0.72000,0.63945,43.200,1.279,-1,400.000,-1,400.000,-1,325.000,325.000,300.000,300.000,-1,-1,-1,-1,800.000,850.000,-1,-1,2,0,2,0,2,0,0,0,0,2,2,2,2,0,0,2,2
9,6032.784,1813.255,-25.173,142.630,-0.794964,-0.606654,0.001848,0.606063,-0.794318,-0.041796,0.026824,-0.032107,0.999124,0,0.80000,0.62756,48.000,1.255,-1,400.000,-1,400.000,-1,325.000,325.000,300.000,300.000,-1,-1,-1,-1,800.000,850.000,-1,-1,2,0,2,0,2,0,0,0,0,2,2,2,2,0,0,2,2
10,5993.645,1841.840,-23.910,143.858,-0.807783,-0.589478,0.001444,0.588928,-0.807130,-0.041299,0.025510,-0.032510,0.999146,0,0.80778,0.61419,48.467,1.228,-1,400.000,-1,400.000,-1,325.000,325.000,300.000,300.000,-1,-1,-1,-1,800.000,850.000,-1,-1,2,0,2,0,2,0,0,0,0,2,2,2,2,0,0,2,2
11,5953.601,1869.817,-22.733,145.059,-0.819958,-0.572423,0.000798,0.571917,-0.819292,-0.040880,0.024055,-0.033064,0.999164,0,0.81414,0.60045,48.849,1.201,-1,400.000,-1,400.000,1000.000,325.000,325.000,300.000,300.000,-1,-1,-1,-1,800.000,850.000,-1,-1,2,0,2,0,1,0,0,0,0,2,2,2,2,0,0,2,2
12,5912.783,1897.101,-21.599,146.239,-0.831577,-0.555409,0.000156,0.554949,-0.830899,-0.040482,0.022613,-0.033577,0.999180,0,0.81830,0.59035,49.098,1.181,-1,400.000,-1,400.000,1000.000,325.000,325.000,300.000,300.000,-1,-1,-1,-1,800.000,850.000,-1,-1,2,0,2,0,1,0,0,0,0,2,2,2,2,0,0,2,2
13,5875.556,1921.111,-20.651,147.180,-0.840579,-0.541689,-0.000437,0.541271,-0.839898,-0.039959,0.021278,-0.033826,0.999201,0,0.73830,0.47035,44.298,0.941,-1,400.000,-1,400.000,975.000,325.000,325.000,300.000,300.000,-1,-1,-1,-1,800.000,850.000,-1,-1,2,0,2,0,1,0,0,0,0,2,2,2,2,0,0,2,2
14,5842.103,1942.111,-19.899,147.881,-0.847134,-0.531378,-0.001001,0.531003,-0.846463,-0.039196,0.019980,-0.033736,0.999231,0,0.65830,0.35035,39.498,0.701,-1,400.000,-1,400.000,950.000,325.000,325.000,300.000,300.000,-1,-1,-1,-1,800.000,850.000,-1,-1,2,0,2,0,1,0,0,0,0,2,2,2,2,0,0,2,2
15,5812.568,1960.322,-19.276,148.342,-0.851373,-0.524559,-0.001415,0.524217,-0.850714,-0.038498,0.018991,-0.033518,0.999258,0,0.57830,0.23035,34.698,0.461,-1,400.000,-1,400.000,950.000,325.000,325.000,300.000,300.000,-1,-1,-1,-1,800.000,850.000,-1,-1,2,0,2,0,1,0,0,0,0,2,2,2,2,0,0,2,2
16,5787.059,1975.916,-18.763,148.562,-0.853382,-0.521283,-0.001724,0.520965,-0.852737,-0.037873,0.018272,-0.033218,0.999281,0,0.49830,0.11035,29.898,0.221,-1,400.000,-1,400.000,925.000,325.000,325.000,300.000,300.000,-1,-1,-1,-1,800.000,850.000,-1,-1,2,0,2,0,1,0,0,0,0,2,2,2,2,0,0,2,2
17,5765.650,1989.014,-18.339,148.543,-0.853203,-0.521576,-0.001983,0.521276,-0.852571,-0.037333,0.017781,-0.032886,0.999301,0,0.41830,-0.00965,25.098,-0.019,-1,400.000,-1,400.000,900.000,325.000,325.000,300.000,300.000,-1,-1,-1,-1,800.000,850.000,-1,-1,2,0,2,0,1,0,0,0,0,2,2,2,2,0,0,2,2
18,5748.383,1999.685,-18.001,148.284,-0.850831,-0.525435,-0.002187,0.525148,-0.850212,-0.036876,0.017516,-0.032524,0.999317,0,0.33830,-0.12965,20.298,-0.259,-1,400.000,-1,400.000,900.000,325.000,325.000,300.000,300.000,-1,-1,-1,-1,800.000,850.000,-1,-1,2,0,2,0,1,0,0,0,0,2,2,2,2,0,0,2,2
19,5735.238,2007.894,-17.743,148.014,-0.848350,-0.529430,-0.002339,0.529151,-0.847741,-0.036518,0.017351,-0.032217,0.999330,0,0.25830,-0.13464,15.498,-0.269,-1,400.000,-1,400.000,875.000,325.000,325.000,300.000,300.000,-1,-1,-1,-1,775.000,850.000,-1,-1,2,0,2,0,1,0,0,0,0,2,2,2,2,0,0,2,2
20,5726.191,2013.604,-17.565,147.742,-0.845826,-0.533454,-0.002439,0.533179,-0.845225,-0.036262,0.017283,-0.031972,0.999339,0,0.17830,-0.13602,10.698,-0.272,-1,400.000,-1,400.000,875.000,325.000,325.000,300.000,300.000,-1,-1,-1,-1,775.000,850.000,-1,-1,2,0,2,0,1,0,0,0,0,2,2,2,2,0,0,2,2
21,5721.218,2016.776,-17.469,147.469,-0.843268,-0.537488,-0.002490,0.537215,-0.842672,-0.036111,0.017311,-0.031789,0.999345,0,0.09830,-0.13685,5.898,-0.274,-1,400.000,-1,400.000,850.000,325.000,325.000,300.000,300.000,-1,-1,-1,-1,775.000,850.000,-1,-1,2,0,2,0,1,0,0,0,0,2,2,2,2,0,0,2,2
22,5720.295,2017.371,-17.455,147.194,-0.840686,-0.541518,-0.002493,0.541243,-0.840092,-0.036066,0.017436,-0.031669,0.999346,0,0.01830,-0.13714,1.098,-0.274,-1,400.000,-1,400.000,850.000,325.000,325.000,300.000,300.000,-1,-1,-1,-1,775.000,850.000,-1,-1,2,0,2,0,1,0,0,0,0,2,2,2,2,1,0,2,2
23,5723.397,2015.351,-17.524,146.921,-0.838090,-0.545527,-0.002449,0.545246,-0.837497,-0.036129,0.017658,-0.031615,0.999344,0,-0.06170,-0.13688,-3.702,-0.274,-1,400.000,-1,400.000,850.000,325.000,325.000,300.000,300.000,-1,-1,-1,-1,775.000,850.000,-1,-1,2,0,2,0,1,0,0,0,0,2,2,2,2,1,0,2,2
24,5730.499,2010.677,-17.679,146.649,-0.835491,-0.549499,-0.002359,0.549209,-0.834896,-0.036302,0.017978,-0.031626,0.999338,0,-0.14170,-0.13608,-8.502,-0.272,-1,400.000,-1,400.000,850.000,325.000,325.000,300.000,300.000,-1,-1,-1,-1,775.000,850.000,-1,-1,2,0,2,0,1,0,0,0,0,2,2,2,2,1,0,2,2
25,5741.576,2003.311,-17.920,146.379,-0.832901,-0.553418,-0.002224,0.553117,-0.832300,-0.036586,0.018396,-0.031703,0.999328,0,-0.22170,-0.13475,-13.302,-0.269,-1,400.000,-1,400.000,875.000,325.000,325.000,300.000,300.000,-1,-1,-1,-1,775.000,850.000,-1,-1,2,0,2,0,1,0,0,0,0,2,2,2,2,1,0,2,2
26,5756.603,1993.219,-18.251,146.113,-0.830329,-0.557270,-0.002045,0.556953,-0.829720,-0.036983,0.018913,-0.031847,0.999314,0,-0.30170,-0.13289,-18.102,-0.266,-1,400.000,-1,400.000,875.000,325.000,325.000,300.000,300.000,-1,-1,-1,-1,775.000,850.000,-1,-1,2,0,2,0,1,0,0,0,0,2,2,2,2,0,0,2,2
27,5775.556,1980.363,-18.674,145.852,-0.827786,-0.561041,-0.001820,0.560704,-0.827167,-0.037493,0.019530,-0.032057,0.999295,0,-0.38170,-0.13053,-22.902,-0.261,-1,400.000,-1,400.000,875.000,325.000,325.000,300.000,300.000,-1,-1,-1,-1,800.000,850.000,-1,-1,2,0,2,0,1,0,0,0,0,2,2,2,2,0,0,2,2
28,5798.413,1964.711,-19.193,145.597,-0.825283,-0.564717,-0.001551,0.564356,-0.824651,-0.038118,0.020247,-0.032334,0.999272,0,-0.46170,-0.12768,-27.702,-0.255,-1,400.000,-1,400.000,900.000,325.000,325.000,300.000,300.000,-1,-1,-1,-1,800.000,850.000,-1,-1,2,0,2,0,1,0,0,0,0,2,2,2,2,0,0,2,2
29,5822.965,1947.740,-19.759,145.348,-0.822830,-0.568287,-0.001262,0.567900,-0.822183,-0.038797,0.021010,-0.032640,0.999246,0,-0.49745,-0.12438,-29.847,-0.249,-1,400.000,-1,400.000,925.000,325.000,325.000,300.000,300.000,-1,-1,-1,-1,800.000,850.000,-1,-1,2,0,2,0,1,0,0,0,0,2,2,2,2,0,0,2,2
30,5847.491,1930.635,-20.356,145.106,-0.820429,-0.571748,-0.000880,0.571332,-0.819770,-0.039452,0.021836,-0.032870,0.999221,0,-0.49836,-0.12094,-29.901,-0.242,-1,400.000,-1,400.000,950.000,325.000,325.000,300.000,300.000,-1,-1,-1,-1,800.000,850.000,-1,-1,2,0,2,0,1,0,0,0,0,2,2,2,2,0,0,2,2
31,5871.997,1913.393,-20.969,144.871,-0.818080,-0.575104,-0.000465,0.574656,-0.817412,-0.040104,0.022684,-0.033076,0.999195,0,-0.49940,-0.11757,-29.964,-0.235,-1,400.000,-1,400.000,950.000,325.000,325.000,300.000,300.000,-1,-1,-1,-1,800.000,850.000,-1,-1,2,0,2,0,1,0,0,0,0,2,2,2,2,0,0,2,2
32,5896.493,1896.013,-21.654,144.642,-0.815781,-0.578361,-0.000065,0.577889,-0.815111,-0.040471,0.023354,-0.033053,0.999181,0,-0.50059,-0.11429,-30.035,-0.229,-1,400.000,-1,400.000,975.000,325.000,325.000,300.000,300.000,-1,-1,-1,-1,800.000,850.000,-1,-1,2,0,2,0,1,0,0,0,0,2,2,2,2,0,0,2,2
33,5920.985,1878.491,-22.376,144.420,-0.813533,-0.581519,0.000335,0.581026,-0.812866,-0.040716,0.023949,-0.032929,0.999171,0,-0.50190,-0.11108,-30.114,-0.222,-1,400.000,-1,400.000,1000.000,325.000,325.000,300.000,300.000,-1,-1,-1,-1,800.000,850.000,-1,-1,2,0,2,0,1,0,0,0,0,2,2,2,2,0,0,2,2
34,5945.481,1860.827,-23.109,144.204,-0.811335,-0.584581,0.000741,0.584066,-0.810672,-0.040963,0.024547,-0.032802,0.999160,0,-0.50334,-0.10795,-30.201,-0.216,-1,400.000,-1,400.000,1000.000,325.000,325.000,300.000,300.000,-1,-1,-1,-1,800.000,850.000,-1,-1,2,0,2,0,1,0,0,0,0,2,2,2,2,0,0,2,2
35,5969.988,1843.018,-23.853,143.995,-0.809189,-0.587548,0.001153,0.587011,-0.808530,-0.041212,0.025147,-0.032672,0.999150,0,-0.50491,-0.10490,-30.295,-0.210,-1,400.000,-1,400.000,-1,325.000,325.000,300.000,300.000,-1,-1,-1,-1,800.000,850.000,-1,-1,2,0,2,0,2,0,0,0,0,2,2,2,2,0,0,2,2
36,5994.591,1825.010,-24.611,143.798,-0.807164,-0.590325,0.001574,0.589765,-0.806510,-0.041464,0.025747,-0.032540,0.999139,0,-0.50816,-0.09842,-30.490,-0.197,-1,400.000,-1,400.000,-1,325.000,325.000,300.000,300.000,-1,-1,-1,-1,800.000,850.000,-1,-1,2,0,2,0,2,0,0,0,0,2,2,2,2,0,0,2,2
37,6015.205,1809.679,-25.286,143.361,-0.802642,-0.596459,0.001800,0.595880,-0.801989,-0.041720,0.026328,-0.032413,0.999128,0,-0.42816,-0.21842,-25.690,-0.437,-1,400.000,-1,400.000,-1,325.000,325.000,300.000,300.000,-1,-1,-1,-1,800.000,850.000,-1,-1,2,0,2,0,2,0,0,0,0,2,2,2,2,0,0,2,2
38,6031.818,1797.016,-25.851,142.684,-0.795542,-0.605896,0.001960,0.605298,-0.794893,-0.041944,0.026972,-0.032182,0.999118,0,-0.34816,-0.33842,-20.890,-0.677,-1,400.000,-1,400.000,-1,325.000,325.000,300.000,300.000,-1,-1,-1,-1,800.000,850.000,-1,-1,2,0,2,0,2,0,0,0,0,2,2,2,2,0,0,2,2
39,6044.457,1787.059,-26.298,141.767,-0.785747,-0.618544,0.002068,0.617928,-0.785105,-0.042133,0.027684,-0.031828,0.999110,0,-0.26816,-0.45842,-16.090,-0.917,-1,400.000,-1,400.000,-1,325.000,325.000,300.000,300.000,-1,-1,-1,-1,800.000,850.000,-1,-1,2,0,2,0,2,0,0,0,0,2,2,2,2,0,0,2,2
40,6053.182,1779.895,-26.622,140.610,-0.773101,-0.634279,0.002122,0.633644,-0.772469,-0.042284,0.028459,-0.031345,0.999103,0,-0.18816,-0.57842,-11.290,-1.157,-1,400.000,-1,400.000,-1,325.000,325.000,300.000,300.000,-1,-1,-1,-1,800.000,850.000,-1,-1,2,0,2,0,2,0,0,0,0,2,2,2,2,0,0,2,2
41,6058.095,1775.656,-26.815,139.214,-0.757412,-0.652934,0.002122,0.652280,-0.756792,-0.042394,0.029286,-0.030725,0.999099,0,-0.10816,-0.69842,-6.490,-1.397,-1,400.000,-1,400.000,-1,325.000,325.000,300.000,300.000,-1,-1,-1,-1,800.000,850.000,-1,-1,2,0,2,0,2,0,0,0,0,2,2,2,2,0,0,2,2
42,6059.343,1774.517,-26.870,137.577,-0.738455,-0.674300,0.002066,0.673629,-0.737849,-0.042459,0.030155,-0.029962,0.999096,0,-0.02816,-0.81842,-1.690,-1.637,-1,400.000,-1,400.000,-1,325.000,325.000,300.000,300.000,-1,-1,-1,-1,800.000,850.000,-1,-1,2,0,2,0,2,0,0,0,0,2,2,2,2,0,0,2,2
43,6057.117,1776.690,-26.777,135.700,-0.715975,-0.698123,0.001955,0.697435,-0.715389,-0.042475,0.031051,-0.029047,0.999096,0,0.05184,-0.93842,3.110,-1.877,-1,400.000,-1,400.000,-1,325.000,325.000,300.000,300.000,-1,-1,-1,-1,800.000,850.000,-1,-1,2,0,2,0,2,0,0,0,0,2,2,2,2,0,0,2,2
44,6051.651,1782.409,-26.527,133.702,-0.691206,-0.722656,0.001796,0.721953,-0.690640,-0.042433,0.031904,-0.028033,0.999098,0,0.13184,-0.99878,7.910,-1.998,-1,400.000,-1,400.000,-1,325.000,325.000,300.000,300.000,-1,-1,-1,-1,800.000,850.000,-1,-1,2,0,2,0,2,0,0,0,0,2,2,2,2,0,0,2,2
45,6043.196,1791.899,-26.110,131.703,-0.665575,-0.746329,0.001598,0.745616,-0.665030,-0.042327,0.032653,-0.026981,0.999103,0,0.21184,-0.99953,12.710,-1.999,-1,400.000,-1,400.000,-1,325.000,325.000,300.000,300.000,-1,-1,-1,-1,800.000,850.000,-1,-1,2,0,2,0,2,0,0,0,0,2,2,2,2,0,0,2,2
46,6032.010,1805.371,-25.520,129.703,-0.639120,-0.769106,0.001367,0.768386,-0.638597,-0.042156,0.033295,-0.025893,0.999110,0,0.29184,-1.00000,17.510,-2.000,-1,400.000,-1,400.000,-1,325.000,325.000,300.000,300.000,-1,-1,-1,-1,800.000,850.000,-1,-1,2,0,2,0,2,0,0,0,0,2,2,2,2,0,0,2,2
47,6018.366,1823.023,-24.751,127.703,-0.611885,-0.790946,0.001108,0.790223,-0.611384,-0.041919,0.033833,-0.024774,0.999120,0,0.37184,-1.00000,22.310,-2.000,-1,400.000,-1,400.000,-1,325.000,325.000,300.000,300.000,-1,-1,-1,-1,825.000,850.000,-1,-1,2,0,2,0,2,0,0,0,0,2,2,2,2,0,0,2,2
48,6002.544,1845.039,-23.797,125.703,-0.583902,-0.811824,0.000828,0.811101,-0.583424,-0.041615,0.034267,-0.023627,0.999133,0,0.45184,-1.00000,27.110,-2.000,-1,400.000,-1,400.000,-1,325.000,325.000,300.000,300.000,-1,-1,-1,-1,825.000,850.000,-1,-1,2,0,2,0,2,0,0,0,0,2,2,2,2,0,1,2,2
49,5984.838,1871.586,-22.654,123.703,-0.555205,-0.831713,0.000535,0.830993,-0.554751,-0.041245,0.034601,-0.022455,0.999149,0,0.53184,-1.00000,31.910,-2.000,-1,400.000,-1,400.000,-1,325.000,325.000,300.000,300.000,-1,-1,-1,-1,825.000,825.000,-1,1000.000,2,0,2,0,2,0,0,0,0,2,2,2,2,0,1,2,1
50,5965.546,1902.819,-21.394,121.703,-0.525825,-0.850593,0.000275,0.849888,-0.525403,-0.040521,0.034612,-0.021073,0.999179,0,0.61184,-1.00000,36.710,-2.000,-1,400.000,-1,400.000,-1,325.000,325.000,300.000,300.000,-1,-1,-1,-1,825.000,800.000,-1,975.000,2,0,2,0,2,0,0,0,0,2,2,2,2,0,1,2,1
51,5944.977,1938.875,-20.059,119.703,-0.495790,-0.868442,0.000212,0.867770,-0.495415,-0.039233,0.034177,-0.019268,0.999230,0,0.69184,-1.00000,41.510,-2.000,-1,400.000,-1,400.000,-1,325.000,325.000,300.000,300.000,-1,-1,-1,-1,825.000,775.000,-1,950.000,2,0,2,0,2,0,0,0,0,2,2,2,2,0,1,2,1
52,5923.448,1979.877,-18.550,117.703,-0.465146,-0.885234,0.000263,0.884597,-0.464822,-0.037806,0.033589,-0.017353,0.999285,0,0.77184,-1.00000,46.310,-2.000,-1,400.000,-1,400.000,-1,325.000,325.000,300.000,300.000,-1,-1,-1,-1,850.000,725.000,-1,925.000,2,0,2,0,2,0,0,0,0,2,2,2,2,0,1,2,1
53,5901.282,2025.930,-16.866,115.703,-0.433929,-0.900947,0.000449,0.900348,-0.433659,-0.036251,0.032855,-0.015326,0.999343,0,0.85184,-1.00000,51.110,-2.000,-1,400.000,-1,400.000,-1,325.000,325.000,300.000,300.000,-1,-1,-1,-1,850.000,700.000,-1,875.000,2,0,2,0,2,0,0,0,0,2,2,2,2,0,1,2,1
54,5878.806,2077.124,-15.072,113.703,-0.402187,-0.915557,0.000632,0.914991,-0.401963,-0.034886,0.032195,-0.013452,0.999391,0,0.93184,-1.00000,55.910,-2.000,1000.000,400.000,-1,400.000,-1,325.000,325.000,300.000,300.000,-1,-1,-1,-1,850.000,650.000,-1,825.000,1,0,2,0,2,0,0,0,0,2,2,2,2,0,1,2,1
55,5857.585,2130.440,-13.457,111.703,-0.369975,-0.929042,0.000114,0.928520,-0.369771,-0.033477,0.031143,-0.012280,0.999439,0,0.95640,-1.00000,57.384,-2.000,975.000,400.000,925.000,400.000,-1,325.000,325.000,300.000,300.000,-1,-1,-1,-1,775.000,625.000,-1,800.000,1,0,1,0,2,0,0,0,0,2,2,2,2,1,1,2,1
56,5838.082,2184.902,-11.953,109.703,-0.337326,-0.941387,-0.001007,0.940922,-0.337125,-0.031809,0.029605,-0.011678,0.999493,0,0.96414,-1.00000,57.849,-2.000,950.000,400.000,850.000,400.000,-1,325.000,325.000,300.000,300.000,-1,-1,-1,-1,725.000,575.000,975.000,750.000,1,0,1,0,2,0,0,0,0,2,2,2,2,1,1,1,1
57,5820.348,2240.460,-10.420,107.703,-0.304263,-0.952586,-0.002020,0.952175,-0.304068,-0.030081,0.028040,-0.011076,0.999545,0,0.97201,-1.00000,58.320,-2.000,900.000,400.000,775.000,400.000,-1,325.000,325.000,300.000,300.000,-1,-1,-1,-1,650.000,550.000,850.000,700.000,1,0,1,0,2,0,0,0,0,2,2,2,2,1,1,1,1
58,5805.862,2291.983,-9.000,105.703,-0.270826,-0.962624,-0.002843,0.962260,-0.270640,-0.028458,0.026625,-0.010443,0.999591,0,0.89201,-1.00000,53.520,-2.000,875.000,400.000,700.000,375.000,-1,325.000,325.000,300.000,300.000,-1,-1,-1,-1,575.000,525.000,750.000,675.000,1,0,1,1,2,0,0,0,0,2,2,2,2,1,1,1,1
59,5794.321,2339.317,-7.693,103.703,-0.237057,-0.971489,-0.003488,0.971165,-0.236881,-0.026954,0.025359,-0.009777,0.999631,0,0.81201,-1.00000,48.720,-2.000,825.000,400.000,625.000,350.000,-1,325.000,325.000,300.000,300.000,-1,-1,-1,-1,525.000,500.000,650.000,650.000,1,0,1,1,2,0,1,0,0,2,2,2,2,1,1,1,1
60,5785.412,2382.324,-6.503,101.703,-0.202998,-0.979171,-0.003970,0.978879,-0.202834,-0.025579,0.024241,-0.009078,0.999665,0,0.73201,-1.00000,43.920,-2.000,700.000,375.000,600.000,350.000,-1,325.000,300.000,300.000,300.000,-1,-1,-1,-1,475.000,475.000,575.000,650.000,1,1,1,1,2,1,1,0,0,2,2,2,2,1,1,1,1
61,5778.815,2420.884,-5.442,99.708,-0.168777,-0.985645,-0.004338,0.985379,-0.168624,-0.024382,0.023300,-0.008390,0.999693,0,0.65201,-0.99753,39.120,-1.995,625.000,350.000,550.000,325.000,-1,300.000,275.000,300.000,300.000,-1,-1,-1,-1,425.000,450.000,525.000,675.000,1,1,1,1,2,1,1,0,0,2,2,2,2,1,1,1,1
62,5774.203,2454.893,-4.510,97.722,-0.134503,-0.990902,-0.004607,0.990657,-0.134361,-0.023359,0.022528,-0.007706,0.999717,0,0.57201,-0.99312,34.320,-1.986,525.000,325.000,525.000,325.000,-1,275.000,275.000,300.000,300.000,-1,-1,-1,-1,400.000,450.000,450.000,775.000,1,1,1,1,2,1,1,0,0,2,2,2,2,1,1,1,1
63,5771.248,2484.266,-3.698,95.745,-0.100236,-0.994952,-0.004752,0.994723,-0.100106,-0.022472,0.021883,-0.006979,0.999736,0,0.49201,-0.98825,29.520,-1.977,475.000,300.000,525.000,300.000,-1,250.000,250.000,300.000,300.000,-1,-1,-1,-1,375.000,450.000,400.000,-1,1,1,1,1,2,1,1,0,0,2,2,2,2,1,1,1,2
64,5769.619,2508.932,-3.009,93.779,-0.066032,-0.997806,-0.004789,0.997589,-0.065913,-0.021727,0.021364,-0.006212,0.999752,0,0.41201,-0.98302,24.720,-1.966,425.000,275.000,500.000,300.000,-1,250.000,250.000,300.000,300.000,-1,-1,-1,-1,325.000,450.000,350.000,-1,1,1,1,1,2,1,1,0,0,2,2,2,2,1,1,1,2
65,5768.985,2528.842,-2.446,91.824,-0.031941,-0.999479,-0.004736,0.999270,-0.031834,-0.021131,0.020969,-0.005408,0.999766,0,0.33201,-0.97753,19.920,-1.955,375.000,250.000,500.000,300.000,-1,225.000,250.000,300.000,300.000,-1,-1,-1,-1,325.000,450.000,325.000,-1,1,1,1,1,2,1,1,0,0,2,2,2,2,1,1,1,2
66,5769.016,2543.963,-2.012,89.881,0.001990,-0.999987,-0.004610,0.999784,0.002085,-0.020686,0.020695,-0.004568,0.999775,0,0.25201,-0.97188,15.120,-1.944,325.000,250.000,525.000,300.000,-1,225.000,250.000,300.000,300.000,-1,-1,-1,-1,300.000,475.000,300.000,-1,1,1,1,1,2,1,1,0,0,2,2,2,2,1,1,1,2
67,5769.386,2554.277,-1.709,87.948,0.035721,-0.999352,-0.004429,0.999151,0.035804,-0.020395,0.020540,-0.003697,0.999782,0,0.17201,-0.96620,10.320,-1.932,300.000,250.000,525.000,300.000,-1,225.000,250.000,300.000,300.000,-1,-1,-1,-1,300.000,500.000,275.000,-1,1,1,1,1,2,1,1,0,0,2,2,2,2,1,1,1,2
68,5769.768,2559.784,-1.539,86.027,0.069216,-0.997593,-0.004208,0.997391,0.069288,-0.020257,0.020500,-0.002795,0.999786,0,0.09201,-0.96062,5.520,-1.921,275.000,225.000,575.000,300.000,-1,225.000,250.000,300.000,300.000,-1,-1,-1,-1,300.000,525.000,250.000,-1,1,1,1,1,2,1,1,0,0,2,2,2,2,1,1,1,2
69,5769.842,2560.500,-1.504,84.116,0.102447,-0.994731,-0.003965,0.994526,0.102507,-0.020271,0.020570,-0.001866,0.999787,0,0.01201,-0.95524,0.720,-1.910,275.000,225.000,600.000,300.000,-1,225.000,250.000,300.000,300.000,-1,-1,-1,-1,300.000,600.000,250.000,-1,1,1,1,1,2,1,1,0,0,2,2,2,2,1,1,1,2
70,5769.352,2556.914,-1.591,82.216,0.135390,-0.990785,-0.003716,0.990575,0.135438,-0.020419,0.020734,-0.000916,0.999785,0,-0.06034,-0.95018,-3.620,-1.900,250.000,250.000,675.000,325.000,-1,225.000,250.000,300.000,300.000,-1,-1,-1,-1,300.000,800.000,250.000,-1,1,1,1,1,2,1,1,0,0,2,2,2,2,1,0,1,2
71,5768.725,2553.235,-1.678,80.325,0.168022,-0.985777,-0.003476,0.985562,0.168058,-0.020574,0.020865,0.000031,0.999782,0,-0.06219,-0.94550,-3.731,-1.891,250.000,250.000,-1,325.000,-1,225.000,250.000,300.000,300.000,-1,-1,-1,-1,300.000,775.000,225.000,-1,1,1,2,1,2,1,1,0,0,2,2,2,2,1,0,1,2
72,5767.953,2549.463,-1.765,78.443,0.200314,-0.979726,-0.003245,0.979507,0.200338,-0.020735,0.020965,0.000975,0.999780,0,-0.06417,-0.94091,-3.850,-1.882,250.000,250.000,-1,350.000,-1,225.000,275.000,300.000,300.000,-1,-1,-1,-1,325.000,775.000,225.000,-1,1,1,2,1,2,1,1,0,0,2,2,2,2,1,0,1,2
73,5767.030,2545.595,-1.859,76.570,0.232236,-0.972655,-0.003058,0.972432,0.232249,-0.020910,0.021049,0.001882,0.999777,0,-0.06628,-0.93638,-3.977,-1.873,250.000,250.000,-1,350.000,-1,250.000,275.000,300.000,300.000,-1,-1,-1,-1,325.000,775.000,225.000,-1,1,1,2,1,2,1,1,0,0,2,2,2,2,1,0,1,2
74,5765.946,2541.631,-1.985,74.707,0.263757,-0.964584,-0.003021,0.964356,0.263761,-0.021136,0.021184,0.002661,0.999772,0,-0.06850,-0.93194,-4.110,-1.864,225.000,250.000,-1,350.000,-1,250.000,275.000,300.000,300.000,-1,-1,-1,-1,325.000,775.000,225.000,-1,1,1,2,1,2,1,1,0,0,2,2,2,2,1,0,1,2
75,5764.693,2537.570,-2.110,72.851,0.294853,-0.955538,-0.003000,0.955305,0.294848,-0.021357,0.021292,0.003431,0.999767,0,-0.07083,-0.92758,-4.250,-1.855,225.000,250.000,-1,375.000,-1,250.000,275.000,300.000,300.000,-1,-1,-1,-1,350.000,775.000,225.000,-1,1,1,2,1,2,1,1,0,0,2,2,2,2,1,0,1,2
76,5761.782,2529.002,-2.347,71.236,0.321678,-0.946845,-0.002905,0.946607,0.321663,-0.021639,0.021424,0.004211,0.999762,0,-0.15083,-0.80758,-9.050,-1.615,225.000,275.000,-1,375.000,-1,250.000,275.000,300.000,300.000,-1,-1,-1,-1,350.000,775.000,225.000,-1,1,1,2,1,2,1,1,0,0,2,2,2,2,1,0,1,2
77,5757.013,2515.999,-2.693,69.861,0.344318,-0.938849,-0.002742,0.938605,0.344292,-0.021987,0.021587,0.004997,0.999754,0,-0.23083,-0.68758,-13.850,-1.375,250.000,275.000,-1,375.000,-1,250.000,300.000,300.000,300.000,-1,-1,-1,-1,375.000,775.000,250.000,-1,1,1,2,1,2,1,1,0,0,2,2,2,2,1,0,1,2
78,5751.781,2502.561,-3.048,68.726,0.362859,-0.931841,-0.002578,0.931591,0.362823,-0.022326,0.021740,0.005700,0.999747,0,-0.24034,-0.56758,-14.420,-1.135,250.000,275.000,-1,375.000,-1,275.000,300.000,300.000,300.000,-1,-1,-1,-1,375.000,775.000,250.000,-1,1,1,2,1,2,1,1,0,0,2,2,2,2,1,0,1,2
79,5746.286,2489.076,-3.407,67.831,0.377380,-0.926055,-0.002441,0.925800,0.377335,-0.022658,0.021903,0.006290,0.999740,0,-0.24269,-0.44758,-14.562,-0.895,250.000,300.000,-1,375.000,-1,275.000,300.000,300.000,300.000,-1,-1,-1,-1,375.000,775.000,275.000,-1,1,1,2,1,2,1,1,0,0,2,2,2,2,1,0,1,2
80,5740.590,2475.541,-3.804,67.176,0.387947,-0.921678,-0.002494,0.921414,0.387899,-0.023028,0.022192,0.006636,0.999732,0,-0.24475,-0.32758,-14.685,-0.655,275.000,300.000,-1,375.000,-1,275.000,300.000,300.000,300.000,-1,-1,-1,-1,400.000,775.000,275.000,-1,1,1,2,1,2,1,1,0,0,2,2,2,2,1,0,1,2
81,5734.754,2461.951,-4.208,66.761,0.394617,-0.918842,-0.002575,0.918570,0.394566,-0.023392,0.022509,0.006866,0.999723,0,-0.24650,-0.20758,-14.790,-0.415,275.000,300.000,-1,400.000,-1,275.000,300.000,300.000,300.000,-1,-1,-1,-1,400.000,775.000,300.000,-1,1,1,2,1,2,1,1,0,0,2,2,2,2,1,0,1,2
82,5728.842,2448.299,-4.618,66.585,0.397425,-0.917631,-0.002679,0.917350,0.397373,-0.023751,0.022859,0.006982,0.999714,0,-0.24796,-0.08758,-14.877,-0.175,300.000,300.000,-1,400.000,-1,300.000,325.000,300.000,300.000,-1,-1,-1,-1,425.000,775.000,300.000,-1,1,1,2,1,2,1,1,0,0,2,2,2,2,1,0,1,2
83,5722.872,2434.595,-5.030,66.460,0.399437,-0.916756,-0.002790,0.916466,0.399385,-0.024110,0.023217,0.007074,0.999705,0,-0.24914,-0.06284,-14.948,-0.126,325.000,325.000,-1,400.000,-1,300.000,325.000,300.000,300.000,-1,-1,-1,-1,425.000,775.000,325.000,-1,1,1,2,1,2,1,1,0,0,2,2,2,2,1,0,1,2
84,5716.843,2420.841,-5.443,66.331,0.401496,-0.915856,-0.002903,0.915557,0.401442,-0.024469,0.023576,0.007166,0.999696,0,-0.25029,-0.06434,-15.017,-0.129,325.000,325.000,-1,400.000,-1,300.000,325.000,300.000,300.000,-1,-1,-1,-1,425.000,775.000,325.000,-1,1,1,2,1,2,1,1,0,0,2,2,2,2,1,0,1,2
85,5710.754,2407.036,-5.857,66.199,0.403599,-0.914931,-0.003020,0.914623,0.403545,-0.024829,0.023936,0.007259,0.999687,0,-0.25146,-0.06581,-15.088,-0.132,350.000,325.000,-1,400.000,-1,300.000,325.000,300.000,300.000,-1,-1,-1,-1,450.000,775.000,350.000,-1,1,1,2,0,2,1,0,0,0,2,2,2,2,1,0,1,2
86,5704.604,2393.180,-6.271,66.065,0.405746,-0.913981,-0.003140,0.913663,0.405691,-0.025190,0.024297,0.007351,0.999678,0,-0.25267,-0.06726,-15.160,-0.135,350.000,325.000,-1,400.000,-1,325.000,325.000,300.000,300.000,-1,-1,-1,-1,450.000,775.000,375.000,-1,1,1,2,0,2,1,0,0,0,2,2,2,2,1,0,1,2
87,5698.390,2379.270,-6.685,65.927,0.407936,-0.913005,-0.003264,0.912677,0.407881,-0.025551,0.024659,0.007444,0.999668,0,-0.25390,-0.06868,-15.234,-0.137,375.000,350.000,-1,400.000,-1,325.000,325.000,300.000,300.000,-1,-1,-1,-1,450.000,775.000,375.000,-1,1,1,2,0,2,1,0,0,0,2,2,2,2,1,0,1,2
88,5692.111,2365.307,-7.101,65.787,0.410168,-0.912003,-0.003390,0.911666,0.410113,-0.025912,0.025022,0.007537,0.999658,0,-0.25516,-0.07008,-15.310,-0.140,375.000,350.000,-1,400.000,-1,325.000,325.000,300.000,300.000,-1,-1,-1,-1,475.000,775.000,400.000,-1,1,1,2,0,2,1,0,0,0,2,2,2,2,1,0,1,2
89,5685.765,2351.290,-7.518,65.644,0.412442,-0.910977,-0.003522,0.910630,0.412387,-0.026270,0.025384,0.007627,0.999649,0,-0.25645,-0.07146,-15.387,-0.143,400.000,350.000,-1,400.000,-1,325.000,325.000,300.000,300.000,-1,-1,-1,-1,475.000,775.000,400.000,-1,1,1,2,0,2,0,0,0,0,2,2,2,2,1,0,1,2
90,5679.351,2337.217,-7.938,65.499,0.414756,-0.909925,-0.003663,0.909569,0.414700,-0.026619,0.025740,0.007709,0.999639,0,-0.25776,-0.07281,-15.466,-0.146,425.000,375.000,-1,400.000,-1,325.000,325.000,300.000,300.000,-1,-1,-1,-1,475.000,775.000,425.000,-1,1,1,2,0,2,0,0,0,0,2,2,2,2,1,0,1,2
91,5672.868,2323.087,-8.358,65.350,0.417109,-0.908848,-0.003807,0.908482,0.417054,-0.026967,0.026097,0.007790,0.999629,0,-0.25910,-0.07415,-15.546,-0.148,425.000,375.000,-1,400.000,-1,325.000,325.000,300.000,300.000,-1,-1,-1,-1,500.000,775.000,425.000,-1,1,1,2,0,2,0,0,0,0,2,2,2,2,1,0,1,2
92,5666.312,2308.900,-8.780,65.200,0.419501,-0.907746,-0.003955,0.907369,0.419446,-0.027315,0.026454,0.007870,0.999619,0,-0.26047,-0.07546,-15.628,-0.151,450.000,375.000,-1,400.000,-1,325.000,325.000,300.000,300.000,-1,-1,-1,-1,500.000,775.000,450.000,-1,1,1,2,0,2,0,0,0,0,2,2,2,2,1,0,1,2
93,5659.684,2294.656,-9.202,65.046,0.421932,-0.906618,-0.004108,0.906231,0.421877,-0.027663,0.026812,0.007949,0.999609,0,-0.26185,-0.07676,-15.711,-0.154,450.000,375.000,-1,400.000,-1,325.000,325.000,300.000,300.000,-1,-1,-1,-1,500.000,775.000,475.000,-1,1,1,2,0,2,0,0,0,0,2,2,2,2,1,0,1,2
94,5652.981,2280.353,-9.626,64.890,0.424399,-0.905465,-0.004265,0.905067,0.424345,-0.028009,0.027171,0.008027,0.999599,0,-0.26326,-0.07804,-15.796,-0.156,475.000,400.000,-1,400.000,-1,325.000,325.000,300.000,300.000,-1,-1,-1,-1,525.000,775.000,475.000,-1,1,1,2,0,2,0,0,0,0,2,2,2,2,1,0,1,2
95,5646.201,2265.991,-10.050,64.731,0.426903,-0.904286,-0.004426,0.903878,0.426849,-0.028355,0.027531,0.008104,0.999588,0,-0.26470,-0.07930,-15.882,-0.159,475.000,400.000,-1,400.000,-1,325.000,325.000,300.000,300.000,-1,-1,-1,-1,525.000,775.000,500.000,-1,1,1,2,0,2,0,0,0,0,2,2,2,2,1,0,1,2
96,5639.344,2251.568,-10.475,64.570,0.429443,-0.903082,-0.004592,0.902663,0.429390,-0.028701,0.027891,0.008180,0.999578,0,-0.26616,-0.08055,-15.969,-0.161,500.000,400.000,-1,400.000,-1,325.000,325.000,300.000,300.000,-1,-1,-1,-1,525.000,775.000,500.000,-1,1,0,2,0,2,0,0,0,0,2,2,2,2,1,0,1,2
97,5632.407,2237.086,-10.901,64.407,0.432018,-0.901852,-0.004762,0.901422,0.431966,-0.029045,0.028251,0.008255,0.999567,0,-0.26764,-0.08178,-16.058,-0.164,525.000,400.000,-1,400.000,-1,325.000,325.000,300.000,300.000,-1,-1,-1,-1,550.000,800.000,525.000,-1,1,0,2,0,2,0,0,0,0,2,2,2,2,1,0,1,2
98,5625.389,2222.542,-11.328,64.241,0.434628,-0.900597,-0.004937,0.900155,0.434576,-0.029389,0.028613,0.008329,0.999556,0,-0.26914,-0.08299,-16.148,-0.166,525.000,400.000,-1,400.000,-1,325.000,325.000,300.000,300.000,-1,-1,-1,-1,550.000,800.000,550.000,-1,1,0,2,0,2,0,0,0,0,2,2,2,2,1,0,1,2
99,5618.289,2207.937,-11.756,64.072,0.437272,-0.899315,-0.005117,0.898863,0.437221,-0.029731,0.028975,0.008401,0.999545,0,-0.27066,-0.08419,-16.240,-0.168,550.000,400.000,-1,400.000,-1,325.000,325.000,300.000,300.000,-1,-1,-1,-1,575.000,800.000,550.000,-1,1,0,2,0,2,0,0,0,0,2,2,2,2,1,0,1,2
100,5611.104,2193.270,-12.184,63.902,0.439948,-0.898007,-0.005301,0.897544,0.439899,-0.030073,0.029338,0.008472,0.999534,0,-0.27221,-0.08538,-16.332,-0.171,550.000,400.000,-1,400.000,-1,325.000,325.000,300.000,300.000,-1,-1,-1,-1,575.000,800.000,575.000,-1,1,0,2,0,2,0,0,0,0,2,2,2,2,1,0,1,2
101,5603.833,2178.540,-12.614,63.728,0.442658,-0.896674,-0.005491,0.896199,0.442610,-0.030413,0.029701,0.008542,0.999522,0,-0.27377,-0.08655,-16.426,-0.173,575.000,400.000,-1,400.000,-1,325.000,325.000,300.000,300.000,-1,-1,-1,-1,575.000,800.000,575.000,-1,1,0,2,0,2,0,0,0,0,2,2,2,2,1,0,1,2
102,5596.475,2163.748,-13.044,63.553,0.445400,-0.895314,-0.005685,0.894827,0.445353,-0.030752,0.030065,0.008610,0.999511,0,-0.27536,-0.08772,-16.522,-0.175,600.000,400.000,-1,400.000,-1,325.000,325.000,300.000,300.000,-1,-1,-1,-1,600.000,800.000,600.000,-1,1,0,2,0,2,0,0,0,0,2,2,2,2,1,0,1,2
103,5589.027,2148.892,-13.476,63.375,0.448173,-0.893927,-0.005885,0.893429,0.448128,-0.031090,0.030430,0.008676,0.999499,0,-0.27697,-0.08887,-16.618,-0.178,600.000,400.000,-1,400.000,-1,325.000,325.000,300.000,300.000,-1,-1,-1,-1,600.000,800.000,625.000,-1,1,0,2,0,2,0,0,0,0,2,2,2,2,1,0,1,2
104,5581.489,2133.972,-13.908,63.195,0.450978,-0.892515,-0.006090,0.892004,0.450934,-0.031427,0.030795,0.008740,0.999488,0,-0.27860,-0.09001,-16.716,-0.180,625.000,400.000,-1,400.000,-1,325.000,325.000,300.000,300.000,-1,-1,-1,-1,625.000,800.000,625.000,-1,1,0,2,0,2,0,0,0,0,2,2,2,2,1,0,1,2
105,5573.859,2118.988,-14.341,63.013,0.453813,-0.891075,-0.006301,0.890552,0.453771,-0.031762,0.031161,0.008803,0.999476,0,-0.28024,-0.09114,-16.815,-0.182,650.000,400.000,-1,400.000,-1,325.000,325.000,300.000,300.000,-1,-1,-1,-1,625.000,800.000,650.000,-1,1,0,2,0,2,0,0,0,0,2,2,2,2,1,0,1,2
106,5568.328,2108.323,-14.700,62.591,0.460374,-0.887703,-0.006196,0.887177,0.460324,-0.031923,0.031190,0.009200,0.999471,0,-0.20024,-0.21114,-12.015,-0.422,650.000,400.000,-1,400.000,-1,325.000,325.000,300.000,300.000,-1,-1,-1,-1,625.000,800.000,650.000,-1,1,0,2,0,2,0,0,0,0,2,2,2,2,1,0,1,2
107,5564.957,2101.944,-14.919,62.140,0.467347,-0.884053,-0.006097,0.883525,0.467289,-0.031997,0.031136,0.009567,0.999469,0,-0.12024,-0.22529,-7.215,-0.451,650.000,400.000,-1,400.000,-1,325.000,325.000,300.000,300.000,-1,-1,-1,-1,650.000,800.000,675.000,-1,1,0,2,0,2,0,0,0,0,2,2,2,2,1,0,1,2
108,5563.811,2099.818,-14.992,61.690,0.474286,-0.880350,-0.006041,0.879824,0.474222,-0.031995,0.031031,0.009859,0.999470,0,-0.04024,-0.22517,-2.415,-0.450,650.000,400.000,-1,400.000,-1,325.000,325.000,300.000,300.000,-1,-1,-1,-1,650.000,800.000,675.000,-1,1,0,2,0,2,0,0,0,0,2,2,2,2,1,0,1,2
109,5564.959,2101.910,-14.920,61.240,0.481178,-0.876602,-0.006027,0.876079,0.481110,-0.031918,0.030879,0.010078,0.999472,0,0.03976,-0.22465,2.385,-0.449,650.000,400.000,-1,400.000,-1,325.000,325.000,300.000,300.000,-1,-1,-1,-1,650.000,800.000,675.000,-1,1,0,2,0,2,0,0,0,0,2,2,2,2,1,0,1,2
110,5568.465,2108.181,-14.704,60.793,0.488010,-0.872817,-0.006051,0.872299,0.487940,-0.031768,0.030680,0.010225,0.999477,0,0.11976,-0.22373,7.185,-0.447,650.000,400.000,-1,400.000,-1,325.000,325.000,300.000,325.000,-1,-1,-1,-1,650.000,800.000,675.000,-1,1,0,2,0,2,0,0,0,0,2,2,2,2,1,0,1,2
111,5574.395,2118.597,-14.344,60.348,0.494770,-0.869003,-0.006110,0.868491,0.494700,-0.031545,0.030435,0.010301,0.999484,0,0.19976,-0.22238,11.985,-0.445,625.000,400.000,-1,400.000,-1,325.000,325.000,300.000,325.000,-1,-1,-1,-1,650.000,800.000,650.000,-1,1,0,2,0,2,0,0,0,0,2,2,2,2,1,0,1,2
112,5582.811,2133.120,-13.841,59.907,0.501444,-0.865168,-0.006203,0.864665,0.501376,-0.031250,0.030146,0.010306,0.999492,0,0.27976,-0.22058,16.785,-0.441,625.000,400.000,-1,400.000,-1,325.000,325.000,300.000,325.000,-1,-1,-1,-1,625.000,800.000,650.000,-1,1,0,2,0,2,0,0,0,0,2,2,2,2,1,0,1,2
113,5593.776,2151.713,-13.253,59.471,0.508025,-0.861321,-0.006052,0.860832,0.507954,-0.030843,0.029640,0.010459,0.999506,0,0.35976,-0.21830,21.585,-0.437,600.000,400.000,-1,400.000,-1,325.000,325.000,300.000,300.000,-1,-1,-1,-1,625.000,800.000,625.000,-1,1,0,2,0,2,0,0,0,0,2,2,2,2,1,0,1,2
114,5607.350,2174.339,-12.564,59.040,0.514497,-0.857473,-0.005729,0.857003,0.514417,-0.030342,0.028965,0.010701,0.999523,0,0.43976,-0.21551,26.385,-0.431,575.000,400.000,-1,400.000,-1,325.000,325.000,300.000,300.000,-1,-1,-1,-1,600.000,800.000,600.000,-1,1,0,2,0,2,0,0,0,0,2,2,2,2,1,0,1,2
115,5623.591,2200.962,-11.752,58.615,0.520840,-0.853638,-0.005339,0.853189,0.520752,-0.029764,0.028189,0.010947,0.999543,0,0.51976,-0.21215,31.185,-0.424,550.000,400.000,-1,400.000,-1,325.000,325.000,300.000,300.000,-1,-1,-1,-1,600.000,775.000,575.000,-1,1,0,2,0,2,0,0,0,0,2,2,2,2,1,0,1,2
116,5642.554,2231.545,-10.820,58.199,0.527035,-0.849829,-0.004892,0.849405,0.526940,-0.029085,0.027295,0.011173,0.999565,0,0.59976,-0.20817,35.985,-0.416,500.000,400.000,-1,400.000,-1,325.000,325.000,300.000,300.000,-1,-1,-1,-1,575.000,775.000,550.000,-1,1,0,2,0,2,0,0,0,0,2,2,2,2,1,0,1,2
117,5664.292,2266.054,-9.771,57.792,0.533065,-0.846063,-0.004395,0.845666,0.532962,-0.028289,0.026277,0.011363,0.999590,0,0.67976,-0.20351,40.785,-0.407,475.000,400.000,-1,400.000,-1,325.000,325.000,300.000,300.000,-1,-1,-1,-1,575.000,775.000,525.000,-1,1,0,2,0,2,0,0,0,0,2,2,2,2,1,0,1,2
118,5688.855,2304.456,-8.594,57.396,0.538909,-0.842355,-0.003832,0.841988,0.538799,-0.027422,0.025164,0.011551,0.999617,0,0.75976,-0.19809,45.585,-0.396,425.000,400.000,-1,400.000,-1,325.000,325.000,300.000,300.000,-1,-1,-1,-1,550.000,775.000,500.000,-1,1,1,2,0,2,0,0,0,0,2,2,2,2,1,0,1,2
119,5716.120,2346.827,-7.290,57.239,0.541208,-0.840883,-0.003213,0.840546,0.541092,-0.026484,0.024008,0.011633,0.999644,0,0.83976,-0.07809,50.385,-0.156,400.000,375.000,-1,400.000,-1,325.000,325.000,300.000,300.000,-1,-1,-1,-1,550.000,775.000,450.000,-1,1,1,2,0,2,0,0,0,0,2,2,2,2,1,0,1,2
120,5745.915,2393.278,-5.854,57.323,0.539980,-0.841674,-0.002552,0.841369,0.539861,-0.025462,0.022809,0.011602,0.999673,0,0.91976,0.04191,55.185,0.084,350.000,350.000,-1,400.000,-1,325.000,325.000,300.000,300.000,-1,-1,-1,-1,525.000,775.000,400.000,-1,1,1,2,0,2,1,0,0,0,2,2,2,2,1,0,1,2
121,5777.815,2443.635,-4.394,57.647,0.535207,-0.844717,-0.002417,0.844437,0.535099,-0.024405,0.021909,0.011021,0.999699,0,0.99352,0.16191,59.611,0.324,300.000,350.000,-1,400.000,-1,300.000,325.000,300.000,300.000,-1,-1,-1,-1,525.000,775.000,350.000,-1,1,1,2,0,2,1,0,0,0,2,2,2,2,1,0,1,2
122,5809.283,2494.410,-3.031,58.211,0.526851,-0.849953,-0.002941,0.849687,0.526767,-0.023401,0.021439,0.009830,0.999722,0,0.99559,0.28191,59.735,0.564,275.000,325.000,-1,400.000,-1,300.000,325.000,300.000,300.000,-1,-1,-1,-1,500.000,775.000,300.000,-1,1,1,2,0,2,1,1,0,0,2,2,2,2,1,0,1,2
123,5840.094,2545.719,-0.784,59.015,0.514916,-0.857238,-0.001930,0.856910,0.514779,-0.026591,0.023789,0.012038,0.999645,0,0.99748,0.40191,59.849,0.804,225.000,325.000,-1,400.000,-1,300.000,325.000,325.000,300.000,-1,-1,-1,-1,500.000,775.000,275.000,-1,1,1,2,0,2,1,1,0,0,2,2,2,2,1,0,1,2
124,5870.014,2597.674,4.116,60.059,0.499564,-0.866266,0.004294,0.865580,0.498958,-0.042580,0.034743,0.024988,0.999084,0,0.99923,0.52191,59.954,1.044,225.000,325.000,-1,425.000,-1,325.000,350.000,350.000,300.000,-1,-1,-1,-1,575.000,850.000,275.000,-1,1,1,2,0,2,1,0,0,0,2,2,2,2,1,0,1,2
125,5898.891,2650.268,8.716,61.225,0.482326,-0.875928,0.010540,0.874856,0.481053,-0.056702,0.044596,0.036569,0.998336,0,1.00000,0.58305,60.000,1.166,225.000,350.000,-1,450.000,-1,350.000,375.000,350.000,275.000,-1,925.000,625.000,-1,650.000,925.000,300.000,-1,1,1,2,0,2,1,0,1,0,2,0,0,2,1,0,1,2
126,5926.676,2703.448,12.998,62.407,0.464769,-0.885272,0.016821,0.883807,0.462681,-0.069364,0.053624,0.047105,0.997450,0,1.00000,0.59089,60.000,1.182,225.000,375.000,-1,475.000,-1,375.000,400.000,350.000,275.000,-1,500.000,300.000,-1,-1,975.000,300.000,-1,1,1,2,0,2,1,0,1,0,2,0,0,2,2,0,1,2
127,5953.342,2757.198,16.810,63.605,0.446899,-0.894276,0.023475,0.892404,0.443826,-0.081446,0.062417,0.057347,0.996401,0,1.00000,0.59924,60.000,1.198,225.000,400.000,-1,500.000,-1,400.000,425.000,325.000,275.000,-1,350.000,150.000,-1,-1,-1,325.000,-1,1,1,2,0,2,1,0,1,0,2,0,0,2,2,2,1,2
128,5978.859,2811.502,20.241,64.821,0.428654,-0.902947,0.030712,0.900753,0.424484,-0.091965,0.070003,0.067085,0.995289,0,1.00000,0.60817,60.000,1.216,225.000,425.000,-1,525.000,-1,450.000,450.000,300.000,275.000,-1,275.000,125.000,1000.000,-1,-1,375.000,-1,1,1,2,0,2,1,0,1,0,2,0,0,0,2,2,1,2
129,6003.199,2866.344,23.444,66.057,0.409980,-0.911299,0.038077,0.908858,0.404655,-0.101149,0.076769,0.076076,0.994142,0,1.00000,0.61772,60.000,1.235,225.000,450.000,-1,525.000,-1,500.000,450.000,275.000,250.000,-1,275.000,100.000,775.000,-1,-1,400.000,-1,1,1,2,0,2,0,0,1,0,2,0,0,0,2,2,1,2
130,6026.330,2921.706,26.491,67.313,0.390838,-0.919337,0.045435,0.916717,0.384328,-0.109187,0.082918,0.084325,0.992982,0,1.00000,0.62796,60.000,1.256,200.000,500.000,-1,550.000,-1,500.000,475.000,250.000,250.000,-1,250.000,100.000,625.000,-1,-1,-1,-1,1,1,2,0,2,0,0,1,0,2,0,0,0,2,2,2,2
131,6048.173,2977.445,29.408,68.591,0.371197,-0.927051,0.052811,0.924322,0.363484,-0.116225,0.088550,0.091957,0.991818,0,0.99777,0.63893,59.866,1.278,200.000,550.000,-1,575.000,-1,525.000,500.000,225.000,250.000,-1,250.000,75.000,525.000,-1,-1,-1,-1,1,1,2,0,2,0,0,1,0,2,0,0,0,2,2,2,2
132,6068.666,3033.454,32.227,69.892,0.351035,-0.934421,0.060258,0.931654,0.342101,-0.122422,0.093780,0.099115,0.990647,0,0.99401,0.65063,59.640,1.301,200.000,600.000,-1,575.000,-1,550.000,500.000,200.000,250.000,-1,225.000,75.000,475.000,-1,-1,-1,-1,1,1,2,0,2,0,0,1,0,2,0,0,0,2,2,2,2
133,6087.760,3089.640,34.981,71.218,0.330338,-0.941421,0.067849,0.938685,0.320157,-0.127945,0.098728,0.105954,0.989458,0,0.98905,0.66307,59.343,1.326,175.000,650.000,-1,600.000,-1,575.000,525.000,175.000,250.000,-1,225.000,50.000,425.000,-1,-1,-1,-1,1,1,2,0,2,0,0,1,0,2,0,0,0,2,2,2,2
134,-8855.070,983.947,231.974,84.217,0.091213,-0.994197,0.057039,0.975633,0.100694,0.194939,-0.199551,0.037869,0.979155,1,0.00000,0.00000,58.970,1.352,400.000,275.000,475.000,250.000,375.000,225.000,225.000,525.000,425.000,-1,0.000,0.000,-1,375.000,375.000,375.000,325.000,0,0,1,0,0,0,0,0,1,2,1,1,2,1,0,0,0
135,4264.297,6882.540,100.515,-81.412,0.146039,0.987780,0.054434,-0.987058,0.149175,-0.058854,-0.066255,-0.045135,0.996781,1,0.08000,-0.12000,4.800,-0.240,-1,375.000,-1,375.000,575.000,325.000,325.000,300.000,300.000,-1,-1,-1,-1,675.000,600.000,-1,625.000,2,0,2,1,1,0,0,0,0,2,2,2,2,0,1,2,1
