timestep,x_cm,y_cm,z_cm,yaw_deg,basis_xx,basis_xy,basis_xz,basis_yx,basis_yy,basis_yz,basis_zx,basis_zy,basis_zz,teleport_flag,throttle_cmd,steering_cmd,cmd_move_cm,cmd_turn_deg,lidar_cm_0,lidar_cm_1,lidar_cm_2,lidar_cm_3,lidar_cm_4,lidar_cm_5,lidar_cm_6,lidar_cm_7,lidar_cm_8,lidar_cm_9,lidar_cm_10,lidar_cm_11,lidar_cm_12,lidar_cm_13,lidar_cm_14,lidar_cm_15,lidar_cm_16,lidar_class_0,lidar_class_1,lidar_class_2,lidar_class_3,lidar_class_4,lidar_class_5,lidar_class_6,lidar_class_7,lidar_class_8,lidar_class_9,lidar_class_10,lidar_class_11,lidar_class_12,lidar_class_13,lidar_class_14,lidar_class_15,lidar_class_16
0,6892.080,-6231.649,251.747,-3.569,0.997710,0.062219,0.026523,-0.061202,0.997419,-0.037543,-0.028791,0.035834,0.998943,1,0.08000,0.12000,4.800,0.240,-1,375.000,-1,400.000,-1,325.000,325.000,300.000,300.000,-1,575.000,575.000,-1,700.000,725.000,-1,-1,2,0,2,0,2,0,0,0,0,2,0,0,2,0,0,2,2
1,6901.666,-6232.167,251.473,-3.089,0.998204,0.053860,0.026246,-0.052855,0.997895,-0.037586,-0.028215,0.036131,0.998949,0,0.16000,0.24000,9.600,0.480,-1,375.000,-1,400.000,-1,325.000,325.000,300.000,300.000,-1,575.000,575.000,-1,700.000,725.000,-1,-1,2,0,2,0,2,0,0,0,0,2,0,0,2,0,0,2,2
2,6916.054,-6232.762,251.068,-2.369,0.998812,0.041316,0.025827,-0.040328,0.998477,-0.037660,-0.027343,0.036574,0.998957,0,0.24000,0.36000,14.400,0.720,-1,375.000,-1,400.000,-1,325.000,325.000,300.000,300.000,-1,575.000,575.000,-1,700.000,725.000,-1,-1,2,0,2,0,2,0,0,0,0,2,0,0,2,0,0,2,2
3,6935.248,-6233.234,250.540,-1.409,0.999379,0.024580,0.025262,-0.023616,0.999007,-0.037781,-0.026166,0.037161,0.998967,0,0.32000,0.48000,19.200,0.960,-1,375.000,-1,375.000,-1,325.000,325.000,300.000,300.000,-1,600.000,575.000,-1,700.000,725.000,-1,-1,2,0,2,0,2,0,0,0,0,2,0,0,2,0,0,2,2
4,6959.247,-6233.321,249.897,-0.209,0.999692,0.003653,0.024549,-0.002719,0.999275,-0.037966,-0.024670,0.037887,0.998977,0,0.40000,0.60000,24.000,1.200,-1,375.000,-1,375.000,-1,325.000,325.000,300.000,300.000,-1,600.000,575.000,-1,700.000,725.000,-1,-1,2,0,2,0,2,0,0,0,0,2,0,0,2,0,0,2,2
5,6988.040,-6232.702,249.151,1.231,0.999489,-0.021459,0.023684,0.022355,0.999019,-0.038234,-0.022840,0.038744,0.998988,0,0.48000,0.72000,28.800,1.440,-1,375.000,-1,375.000,-1,325.000,325.000,300.000,300.000,-1,600.000,600.000,-1,700.000,725.000,-1,-1,2,0,2,0,2,0,0,0,0,2,0,0,2,0,0,2,2
6,7021.597,-6230.995,248.320,2.911,0.998455,-0.050736,0.022662,0.051586,0.997922,-0.038610,-0.020656,0.039720,0.998997,0,0.56000,0.84000,33.600,1.680,-1,375.000,-1,375.000,-1,325.000,325.000,300.000,300.000,-1,600.000,600.000,-1,700.000,725.000,-1,-1,2,0,2,0,2,0,0,0,0,2,0,0,2,0,0,2,2
7,7059.860,-6227.761,247.422,4.831,0.996222,-0.084139,0.021483,0.084931,0.995618,-0.039123,-0.018097,0.040800,0.999003,0,0.64000,0.96000,38.400,1.920,-1,375.000,-1,375.000,-1,325.000,325.000,300.000,300.000,-1,625.000,600.000,-1,700.000,700.000,-1,-1,2,0,2,0,2,0,0,0,0,2,0,0,2,0,0,2,2
8,7102.753,-6222.622,246.474,6.831,0.992710,-0.118829,0.020143,0.119555,0.992030,-0.039790,-0.015254,0.041908,0.999005,0,0.72000,1.00000,43.200,2.000,-1,375.000,-1,375.000,-1,300.000,325.000,300.000,300.000,-1,625.000,600.000,-1,700.000,700.000,-1,-1,2,0,2,0,2,0,0,0,0,2,0,0,2,0,0,2,2
9,7150.183,-6215.253,245.495,8.831,0.987993,-0.153370,0.018642,0.154019,0.987232,-0.040627,-0.012173,0.043010,0.999000,0,0.80000,1.00000,48.000,2.000,-1,375.000,-1,375.000,-1,300.000,300.000,300.000,300.000,-1,625.000,550.000,-1,700.000,700.000,-1,-1,2,0,2,0,2,0,0,0,0,2,0,0,2,0,0,2,2
10,7202.042,-6205.331,244.821,10.831,0.982071,-0.187731,0.017110,0.188285,0.981281,-0.040442,-0.009198,0.042938,0.999035,0,0.88000,1.00000,52.800,2.000,-1,375.000,-1,375.000,-1,300.000,300.000,300.000,300.000,-1,600.000,525.000,-1,700.000,700.000,-1,-1,2,0,2,0,2,0,0,0,0,2,0,0,2,0,0,2,2
11,7254.602,-6193.361,244.436,12.831,0.974959,-0.221872,0.015113,0.222307,0.974171,-0.039638,-0.005928,0.042005,0.999100,0,0.89843,1.00000,53.906,2.000,-1,375.000,-1,375.000,-1,300.000,300.000,300.000,300.000,-1,550.000,525.000,-1,725.000,700.000,-1,-1,2,0,2,0,2,0,0,0,0,2,0,0,2,0,0,2,2
12,7306.783,-6179.544,244.379,14.831,0.966647,-0.255735,0.013868,0.256091,0.965836,-0.039737,-0.003232,0.041963,0.999114,0,0.89966,1.00000,53.980,2.000,-1,375.000,-1,375.000,-1,300.000,300.000,300.000,300.000,-1,575.000,525.000,-1,725.000,700.000,-1,-1,2,0,2,0,2,0,0,0,0,2,0,0,2,0,0,2,2
13,7358.524,-6163.891,244.512,16.831,0.957161,-0.289284,0.012552,0.289556,0.956311,-0.040324,-0.000338,0.042231,0.999108,0,0.90096,1.00000,54.058,2.000,-1,375.000,-1,375.000,-1,325.000,325.000,300.000,325.000,-1,575.000,550.000,-1,725.000,700.000,-1,-1,2,0,2,0,2,0,0,0,0,2,0,0,2,0,0,2,2
14,7409.765,-6146.417,244.738,18.831,0.946509,-0.322480,0.011244,0.322666,0.945627,-0.040944,0.002571,0.042382,0.999098,0,0.90232,1.00000,54.139,2.000,-1,375.000,-1,375.000,-1,325.000,325.000,300.000,300.000,-1,575.000,550.000,-1,750.000,700.000,-1,-1,2,0,2,0,2,0,0,0,0,2,0,0,2,0,0,2,2
15,7460.444,-6127.134,245.061,20.831,0.934705,-0.355285,0.009945,0.355382,0.933796,-0.041584,0.005488,0.042403,0.999086,0,0.90373,1.00000,54.224,2.000,-1,375.000,-1,375.000,-1,325.000,325.000,300.000,300.000,-1,575.000,575.000,-1,750.000,700.000,-1,-1,2,0,2,0,2,0,0,0,0,2,0,0,2,0,0,2,2
16,7510.502,-6106.060,245.456,22.831,0.921762,-0.387658,0.008769,0.387668,0.920828,-0.042295,0.008321,0.042386,0.999067,0,0.90521,1.00000,54.313,2.000,-1,400.000,-1,375.000,-1,325.000,325.000,300.000,300.000,-1,600.000,575.000,-1,750.000,725.000,-1,-1,2,0,2,0,2,0,0,0,0,2,0,0,2,0,0,2,2
17,7559.876,-6083.214,245.918,24.831,0.907695,-0.419559,0.007749,0.419485,0.906740,-0.043067,0.011043,0.042342,0.999042,0,0.90674,1.00000,54.405,2.000,-1,400.000,-1,375.000,-1,325.000,325.000,300.000,300.000,-1,600.000,600.000,-1,775.000,725.000,-1,-1,2,0,2,0,2,0,0,0,0,2,0,0,2,0,0,2,2
18,7608.509,-6058.615,246.456,26.831,0.892523,-0.450950,0.006863,0.450796,0.891549,-0.043862,0.013661,0.042242,0.999014,0,0.90833,1.00000,54.500,2.000,-1,400.000,-1,375.000,-1,325.000,325.000,300.000,300.000,-1,625.000,625.000,-1,775.000,725.000,-1,-1,2,0,2,0,2,0,0,0,0,2,0,0,2,0,0,2,2
19,7656.339,-6032.287,247.072,28.831,0.876263,-0.481794,0.006115,0.481561,0.875274,-0.044659,0.016163,0.042078,0.998984,0,0.90997,1.00000,54.598,2.000,-1,400.000,-1,375.000,-1,325.000,325.000,300.000,300.000,-1,650.000,650.000,-1,800.000,725.000,-1,-1,2,0,2,0,2,0,0,0,0,2,0,0,2,0,0,2,2
20,7703.309,-6004.253,247.810,30.831,0.858935,-0.512055,0.005534,0.511754,0.857941,-0.045229,0.018412,0.041681,0.998961,0,0.91166,1.00000,54.700,2.000,-1,400.000,-1,400.000,-1,325.000,325.000,300.000,300.000,-1,675.000,675.000,-1,800.000,750.000,-1,-1,2,0,2,0,2,0,0,0,0,2,0,0,2,0,0,2,2
21,7749.359,-5974.541,248.823,32.831,0.840549,-0.541711,0.005168,0.541368,0.839589,-0.044846,0.019954,0.040493,0.998981,0,0.91340,1.00000,54.804,2.000,-1,400.000,-1,400.000,-1,325.000,325.000,300.000,300.000,-1,725.000,700.000,-1,800.000,750.000,-1,-1,2,0,2,0,2,0,0,0,0,2,0,0,2,0,0,2,2
22,7794.433,-5943.180,249.905,34.831,0.821136,-0.570712,0.004837,0.570333,0.820214,-0.044383,0.021363,0.039203,0.999003,0,0.91518,1.00000,54.911,2.000,1000.000,400.000,-1,400.000,-1,325.000,325.000,300.000,300.000,-1,775.000,750.000,-1,825.000,750.000,-1,-1,1,0,2,0,2,0,0,0,0,2,0,0,2,0,0,2,2
23,7838.471,-5910.199,251.137,36.831,0.800717,-0.599028,0.004181,0.598606,0.799848,-0.043759,0.022868,0.037541,0.999033,0,0.91699,1.00000,55.020,2.000,925.000,400.000,-1,400.000,-1,325.000,325.000,300.000,300.000,-1,800.000,800.000,-1,825.000,775.000,-1,-1,1,0,2,0,2,0,0,0,0,2,0,0,2,0,0,2,2
24,7881.418,-5875.632,252.416,38.831,0.779320,-0.626615,0.003665,0.626160,0.778502,-0.043108,0.024159,0.035890,0.999064,0,0.91884,1.00000,55.130,2.000,850.000,400.000,-1,400.000,-1,325.000,325.000,300.000,300.000,-1,850.000,850.000,-1,825.000,800.000,-1,-1,1,0,2,0,2,0,0,0,0,2,0,0,2,1,0,2,2
25,7924.265,-5838.608,253.775,40.831,0.756971,-0.653441,0.003274,0.652962,0.756203,-0.042391,0.025224,0.034226,0.999096,0,0.94378,1.00000,56.627,2.000,800.000,400.000,-1,400.000,-1,325.000,325.000,300.000,300.000,-1,900.000,925.000,-1,800.000,800.000,-1,-1,1,0,2,0,2,0,0,0,0,2,0,0,2,1,0,2,2
26,7966.019,-5799.904,255.161,42.831,0.733699,-0.679468,0.003080,0.678972,0.732974,-0.041778,0.026129,0.032744,0.999122,0,0.94889,1.00000,56.933,2.000,750.000,400.000,-1,400.000,-1,325.000,325.000,300.000,300.000,-1,975.000,1000.000,-1,775.000,825.000,-1,-1,1,0,2,0,2,0,0,0,0,2,0,0,2,1,0,2,2
27,8006.619,-5759.544,256.654,44.831,0.709539,-0.704658,0.003464,0.704163,0.708838,-0.041264,0.026621,0.031717,0.999142,0,0.95414,1.00000,57.248,2.000,700.000,400.000,-1,400.000,-1,325.000,325.000,300.000,300.000,-1,-1,-1,-1,750.000,850.000,-1,-1,1,0,2,0,2,0,0,0,0,2,2,2,2,1,0,2,2
28,8046.006,-5717.556,258.161,46.831,0.684515,-0.728988,0.003959,0.728499,0.683834,-0.040747,0.026996,0.030776,0.999162,0,0.95951,1.00000,57.571,2.000,650.000,400.000,-1,400.000,-1,325.000,325.000,300.000,300.000,-1,-1,-1,-1,700.000,850.000,850.000,-1,1,0,2,0,2,0,0,0,0,2,2,2,2,1,0,1,2
29,8084.122,-5673.971,259.684,48.831,0.658658,-0.752429,0.004562,0.751949,0.657994,-0.040219,0.027260,0.029921,0.999180,0,0.96501,1.00000,57.901,2.000,600.000,400.000,-1,400.000,-1,325.000,325.000,300.000,300.000,-1,-1,-1,-1,675.000,875.000,750.000,-1,1,0,2,0,2,0,0,0,0,2,2,2,2,1,0,1,2
30,8120.905,-5628.821,261.165,50.831,0.632002,-0.774947,0.005537,0.774488,0.631344,-0.039673,0.027249,0.029362,0.999197,0,0.97062,1.00000,58.237,2.000,550.000,400.000,-1,400.000,-1,325.000,325.000,300.000,300.000,-1,-1,-1,-1,650.000,875.000,650.000,-1,1,0,2,0,2,0,0,0,0,2,2,2,2,1,0,1,2
31,8156.298,-5582.141,262.636,52.831,0.604578,-0.796517,0.006728,0.796086,0.603921,-0.039078,0.027063,0.028982,0.999213,0,0.97634,1.00000,58.581,2.000,500.000,400.000,-1,400.000,-1,325.000,325.000,300.000,300.000,-1,-1,-1,-1,600.000,875.000,575.000,-1,1,1,2,0,2,0,0,0,0,2,2,2,2,1,0,1,2
32,8187.459,-5538.308,263.988,54.591,0.579835,-0.814696,0.007901,0.814295,0.579177,-0.038454,0.026752,0.028731,0.999229,0,0.89634,0.88000,53.781,1.760,450.000,400.000,-1,400.000,-1,325.000,325.000,300.000,300.000,-1,-1,-1,-1,575.000,875.000,525.000,-1,1,1,2,0,2,0,0,0,0,2,2,2,2,1,0,1,2
33,8214.771,-5497.649,265.283,56.111,0.558018,-0.829781,0.008936,0.829416,0.557368,-0.037541,0.026170,0.028361,0.999255,0,0.81634,0.76000,48.981,1.520,400.000,375.000,-1,425.000,-1,325.000,325.000,300.000,300.000,-1,-1,-1,-1,550.000,875.000,450.000,-1,1,1,2,0,2,0,0,0,0,2,2,2,2,1,0,1,2
34,8238.731,-5460.198,266.438,57.391,0.539341,-0.842029,0.009928,0.841698,0.538696,-0.036748,0.025594,0.028176,0.999275,0,0.74100,0.64000,44.460,1.280,375.000,350.000,-1,425.000,-1,325.000,325.000,300.000,300.000,-1,-1,-1,-1,525.000,875.000,400.000,-1,1,1,2,0,2,1,0,0,0,2,2,2,2,1,0,1,2
35,8262.137,-5422.107,267.569,58.431,0.523967,-0.851668,0.010944,0.851374,0.523324,-0.035965,0.024903,0.028162,0.999293,0,0.74513,0.52000,44.708,1.040,325.000,350.000,-1,425.000,-1,325.000,325.000,300.000,300.000,-1,-1,-1,-1,500.000,875.000,375.000,-1,1,1,2,0,2,1,0,0,0,2,2,2,2,1,0,1,2
36,8285.124,-5383.498,268.650,59.231,0.512020,-0.858890,0.011942,0.858637,0.511381,-0.035092,0.024033,0.028222,0.999313,0,0.74890,0.40000,44.934,0.800,300.000,325.000,-1,425.000,-1,300.000,325.000,300.000,300.000,-1,-1,-1,-1,475.000,875.000,325.000,-1,1,1,2,1,2,1,1,0,0,2,2,2,2,1,0,1,2
37,8307.833,-5344.494,269.694,59.791,0.503595,-0.863843,0.012960,0.863632,0.502959,-0.034217,0.023040,0.028424,0.999330,0,0.75222,0.28000,45.133,0.560,250.000,300.000,-1,400.000,-1,300.000,325.000,300.000,300.000,-1,-1,-1,-1,475.000,875.000,275.000,-1,1,1,2,1,2,1,1,0,0,2,2,2,2,1,0,1,2
38,8330.404,-5305.217,272.625,60.111,0.499028,-0.866405,0.017713,0.866126,0.497993,-0.042764,0.028230,0.036683,0.998928,0,0.75500,0.16000,45.300,0.320,250.000,325.000,-1,425.000,-1,300.000,325.000,325.000,275.000,-1,-1,-1,-1,475.000,900.000,275.000,-1,1,1,2,0,2,1,1,0,0,2,2,2,2,1,0,1,2
39,8352.981,-5265.797,275.901,60.191,0.498221,-0.866738,0.023274,0.866361,0.496576,-0.053204,0.034557,0.046671,0.998312,0,0.75712,0.04000,45.427,0.080,250.000,325.000,-1,450.000,-1,300.000,325.000,350.000,275.000,-1,-1,-1,-1,525.000,950.000,300.000,-1,1,1,2,0,2,1,1,0,0,2,2,2,2,1,0,1,2
40,8377.699,-5222.072,279.284,60.511,0.493882,-0.869037,0.029258,0.868562,0.491466,-0.063725,0.041000,0.056885,0.997539,0,0.83712,0.16000,50.227,0.320,250.000,325.000,-1,450.000,-1,300.000,350.000,350.000,275.000,-1,-1,-1,-1,550.000,1000.000,300.000,-1,1,1,2,0,2,1,1,1,0,2,2,2,2,1,0,1,2
41,8404.309,-5173.906,282.743,61.071,0.485987,-0.873233,0.035784,0.872674,0.482637,-0.074175,0.047502,0.067276,0.996603,0,0.91712,0.28000,55.027,0.560,250.000,350.000,-1,475.000,-1,325.000,375.000,325.000,275.000,-1,-1,525.000,-1,600.000,-1,325.000,-1,1,1,2,0,2,1,1,1,0,2,2,0,2,1,2,1,2
42,8432.505,-5121.139,286.188,61.871,0.474509,-0.879196,0.043084,0.878582,0.470028,-0.084663,0.054185,0.078027,0.995478,0,0.99712,0.40000,59.827,0.800,250.000,350.000,-1,500.000,-1,325.000,400.000,325.000,275.000,-1,675.000,300.000,975.000,775.000,-1,350.000,-1,1,1,2,0,2,1,1,1,0,2,0,0,0,1,2,1,2
43,8459.817,-5067.715,289.600,62.911,0.459299,-0.886877,0.049931,0.886186,0.453632,-0.094300,0.060983,0.087560,0.994291,0,1.00000,0.52000,60.000,1.040,250.000,375.000,-1,525.000,-1,350.000,425.000,300.000,275.000,-1,500.000,200.000,750.000,1000.000,-1,400.000,-1,1,1,2,0,2,1,1,1,0,2,0,0,0,1,2,1,2
44,8485.927,-5013.694,292.819,64.191,0.440286,-0.896016,0.057483,0.895322,0.433333,-0.103059,0.067433,0.096841,0.993013,0,1.00000,0.64000,60.000,1.280,250.000,375.000,-1,525.000,-1,375.000,450.000,300.000,250.000,-1,425.000,150.000,650.000,-1,-1,425.000,-1,1,1,2,0,2,1,0,1,0,2,0,0,0,2,2,1,2
45,8510.593,-4959.000,295.890,65.711,0.417386,-0.906327,0.066032,0.905739,0.409022,-0.111077,0.073663,0.106170,0.991616,0,1.00000,0.76000,60.000,1.520,250.000,400.000,-1,550.000,-1,375.000,450.000,275.000,250.000,-1,350.000,125.000,550.000,-1,-1,-1,-1,1,1,2,0,2,1,0,1,0,2,0,0,0,2,2,2,2
46,8533.567,-4903.574,299.023,67.471,0.390509,-0.917529,0.075123,0.917091,0.380606,-0.118673,0.080294,0.115238,0.990087,0,1.00000,0.88000,60.000,1.760,250.000,425.000,-1,575.000,-1,400.000,475.000,275.000,250.000,-1,325.000,100.000,475.000,-1,-1,-1,-1,1,1,2,0,2,1,0,1,0,2,0,0,0,2,2,2,2
47,8554.590,-4847.380,302.229,69.471,0.359592,-0.929204,0.085283,0.929013,0.347960,-0.125931,0.087341,0.124513,0.988366,0,1.00000,1.00000,60.000,2.000,250.000,450.000,-1,575.000,-1,425.000,500.000,250.000,250.000,-1,300.000,75.000,425.000,-1,-1,-1,-1,1,1,2,0,2,1,0,1,0,2,0,0,0,2,2,2,2
48,-9511.026,-7543.215,480.260,126.236,-0.592313,-0.805615,0.012225,0.800941,-0.590389,-0.099673,0.087515,-0.049246,0.994945,1,0.00000,0.00000,60.000,2.000,625.000,425.000,-1,425.000,-1,350.000,325.000,325.000,325.000,-1,-1,825.000,500.000,675.000,-1,725.000,-1,1,0,2,0,2,0,0,0,0,2,2,1,1,1,2,1,2
49,-9513.847,-7539.332,480.654,125.996,-0.588950,-0.808082,0.011876,0.803409,-0.587010,-0.099763,0.087588,-0.049214,0.994940,0,0.08000,-0.12000,4.800,-0.240,625.000,425.000,-1,425.000,-1,350.000,325.000,325.000,325.000,-1,-1,825.000,500.000,675.000,-1,725.000,-1,1,0,2,0,2,0,0,0,0,2,2,1,1,1,2,1,2
50,-9519.424,-7531.517,481.448,125.516,-0.582192,-0.812975,0.011181,0.808305,-0.580222,-0.099929,0.087727,-0.049141,0.994932,0,0.16000,-0.24000,9.600,-0.480,625.000,425.000,-1,425.000,-1,350.000,325.000,325.000,325.000,-1,-1,850.000,500.000,650.000,-1,700.000,-1,1,0,2,0,2,0,0,0,0,2,2,1,1,1,2,1,2
51,-9527.641,-7519.692,482.631,124.796,-0.571974,-0.820209,0.010159,0.815551,-0.569965,-0.100082,0.087878,-0.048959,0.994927,0,0.24000,-0.36000,14.400,-0.720,600.000,425.000,-1,425.000,-1,350.000,325.000,325.000,325.000,-1,-1,900.000,525.000,650.000,-1,700.000,-1,1,0,2,0,2,0,0,0,0,2,2,1,1,1,2,1,2
52,-9538.332,-7503.744,484.180,123.836,-0.558197,-0.829661,0.008868,0.825037,-0.556155,-0.100028,0.087921,-0.048518,0.994945,0,0.32000,-0.48000,19.200,-0.960,600.000,425.000,-1,425.000,-1,350.000,325.000,325.000,325.000,-1,-1,950.000,525.000,650.000,-1,675.000,-1,1,0,2,0,2,0,0,0,0,2,2,1,1,1,2,1,2
53,-9551.274,-7483.532,486.144,122.636,-0.540753,-0.841150,0.007269,0.836571,-0.538673,-0.099900,0.087947,-0.047940,0.994971,0,0.40000,-0.60000,24.000,-1.200,575.000,425.000,-1,425.000,-1,350.000,325.000,325.000,325.000,-1,-1,-1,550.000,650.000,-1,675.000,-1,1,0,2,0,2,0,0,0,0,2,2,2,1,1,2,1,2
54,-9566.191,-7458.896,488.541,121.196,-0.519504,-0.854451,0.005375,0.849931,-0.517383,-0.099661,0.087937,-0.047206,0.995007,0,0.48000,-0.72000,28.800,-1.440,550.000,425.000,-1,450.000,-1,350.000,325.000,325.000,325.000,-1,-1,-1,575.000,675.000,-1,650.000,-1,1,0,2,0,2,0,0,0,0,2,2,2,1,1,2,1,2
55,-9582.781,-7429.678,491.385,119.588,-0.495397,-0.868660,0.003225,0.864218,-0.493232,-0.099245,0.087801,-0.046378,0.995058,0,0.56000,-0.80364,33.600,-1.607,550.000,425.000,-1,450.000,-1,350.000,350.000,300.000,325.000,-1,-1,-1,600.000,675.000,-1,650.000,-1,1,0,2,0,2,0,0,0,0,2,2,2,1,1,2,1,2
56,-9600.813,-7395.775,494.682,118.008,-0.471323,-0.881960,0.000897,0.877625,-0.469106,-0.098559,0.087346,-0.045666,0.995131,0,0.64000,-0.79008,38.400,-1.580,525.000,425.000,-1,450.000,-1,350.000,350.000,300.000,325.000,-1,-1,-1,625.000,700.000,-1,650.000,-1,1,0,2,0,2,0,0,0,0,2,2,2,1,1,2,1,2
57,-9620.060,-7357.099,498.412,116.458,-0.447352,-0.894357,-0.001467,0.890150,-0.445088,-0.097616,0.086651,-0.044974,0.995223,0,0.72000,-0.77513,43.200,-1.550,500.000,450.000,-1,475.000,-1,350.000,350.000,300.000,325.000,-1,-1,-1,675.000,700.000,-1,675.000,-1,1,0,2,0,2,0,0,0,0,2,2,2,1,1,2,1,2
58,-9638.693,-7317.011,502.210,114.929,-0.423375,-0.905948,-0.003479,0.901859,-0.421094,-0.096592,0.086043,-0.044033,0.995318,0,0.73678,-0.76417,44.207,-1.528,475.000,450.000,-1,475.000,-1,350.000,375.000,300.000,325.000,-1,-1,-1,700.000,725.000,-1,725.000,-1,1,0,2,0,2,0,0,0,0,2,2,2,1,1,2,1,2
59,-9656.145,-7276.714,505.895,113.418,-0.399310,-0.916802,-0.005072,0.912864,-0.397070,-0.094951,0.085037,-0.042545,0.995469,0,0.73189,-0.75596,43.914,-1.512,450.000,475.000,-1,500.000,-1,375.000,375.000,300.000,325.000,-1,-1,-1,750.000,725.000,-1,775.000,-1,1,0,2,0,2,0,0,1,0,2,2,2,1,1,2,1,2
60,-9672.420,-7236.271,508.930,111.921,-0.375004,-0.927010,-0.004955,0.923382,-0.373052,-0.090541,0.082084,-0.038528,0.995880,0,0.72660,-0.74824,43.596,-1.496,450.000,475.000,-1,475.000,-1,375.000,375.000,300.000,325.000,-1,-1,-1,775.000,750.000,-1,875.000,-1,1,0,2,0,2,0,0,1,0,2,2,2,1,1,2,1,2
61,-9687.526,-7195.733,511.977,110.439,-0.350671,-0.936488,-0.004540,0.933150,-0.349003,-0.086184,0.079126,-0.034459,0.996269,0,0.72102,-0.74102,43.261,-1.482,475.000,475.000,-1,475.000,-1,375.000,375.000,300.000,325.000,-1,-1,-1,800.000,775.000,-1,-1,-1,1,0,2,0,2,0,0,1,0,2,2,2,1,1,2,2,2
62,-9702.794,-7151.137,515.316,108.900,-0.325140,-0.945658,-0.003757,0.942619,-0.323772,-0.081496,0.075851,-0.030039,0.996667,0,0.78564,-0.76951,47.138,-1.539,500.000,475.000,-1,475.000,-1,375.000,375.000,275.000,325.000,-1,-1,-1,850.000,775.000,-1,-1,-1,1,0,2,0,2,0,0,1,0,2,2,2,1,1,2,2,2
63,-9716.844,-7106.295,518.263,107.398,-0.300103,-0.953898,-0.004214,0.951137,-0.298892,-0.077468,0.072637,-0.027257,0.996986,0,0.78319,-0.75114,46.991,-1.502,525.000,475.000,-1,475.000,-1,375.000,375.000,275.000,300.000,-1,-1,-1,875.000,825.000,-1,-1,-1,1,0,2,0,2,0,0,1,0,2,2,2,1,1,2,2,2
64,-9729.687,-7061.308,520.418,105.933,-0.275676,-0.961215,-0.008268,0.958926,-0.274401,-0.071872,0.066815,-0.027742,0.997380,0,0.77977,-0.73255,46.786,-1.465,500.000,475.000,-1,475.000,-1,375.000,375.000,250.000,300.000,-1,-1,-1,925.000,-1,-1,-1,-1,1,0,2,0,2,0,0,1,0,2,2,2,1,2,2,2,2
65,-9741.340,-7016.266,522.582,104.505,-0.251662,-0.967741,-0.011952,0.965889,-0.250364,-0.066153,0.061026,-0.028192,0.997738,0,0.77543,-0.71386,46.526,-1.428,500.000,475.000,-1,450.000,-1,375.000,375.000,250.000,300.000,-1,-1,-1,975.000,-1,-1,-1,-1,1,0,2,0,2,0,0,1,0,2,2,2,1,2,2,2,2
66,-9751.826,-6971.257,524.751,103.115,-0.228092,-0.973520,-0.015269,0.972069,-0.226806,-0.060343,0.055282,-0.028606,0.998061,0,0.77025,-0.69518,46.215,-1.390,500.000,450.000,-1,450.000,1000.000,350.000,350.000,225.000,325.000,-1,-1,-1,-1,-1,-1,-1,-1,1,0,2,0,1,0,0,1,0,2,2,2,2,2,2,2,2
67,-9761.165,-6926.358,526.922,101.749,-0.204778,-0.978639,-0.018231,0.977551,-0.203535,-0.054470,0.049596,-0.028976,0.998349,0,0.76434,-0.68288,45.861,-1.366,500.000,450.000,-1,475.000,925.000,350.000,350.000,225.000,325.000,-1,-1,-1,-1,-1,-1,-1,-1,1,0,2,0,1,0,0,1,0,2,2,2,2,2,2,2,2
68,-9769.373,-6881.637,529.092,100.400,-0.181610,-0.983150,-0.020845,0.982387,-0.180439,-0.048559,0.043979,-0.029297,0.998603,0,0.75781,-0.67446,45.469,-1.349,525.000,450.000,-1,475.000,850.000,350.000,350.000,225.000,325.000,-1,-1,-1,-1,-1,-1,-1,-1,1,0,2,0,1,0,0,1,0,2,2,2,2,2,2,2,2
69,-9776.472,-6837.153,531.261,99.067,-0.158590,-0.987074,-0.023115,0.986596,-0.157515,-0.042632,0.038440,-0.029566,0.998823,0,0.75079,-0.66659,45.048,-1.333,525.000,450.000,-1,475.000,800.000,350.000,350.000,200.000,325.000,-1,-1,-1,-1,-1,-1,-1,-1,1,0,2,0,1,0,0,1,0,2,2,2,2,2,2,2,2
70,-9782.486,-6792.954,533.426,97.748,-0.135719,-0.990431,-0.025046,0.990198,-0.134759,-0.036710,0.032984,-0.029782,0.999012,0,0.74344,-0.65927,44.606,-1.319,-1,475.000,-1,500.000,750.000,350.000,375.000,200.000,325.000,-1,-1,-1,-1,-1,-1,-1,-1,2,0,2,0,1,0,0,1,0,2,2,2,2,2,2,2,2
71,-9787.441,-6749.079,535.586,96.443,-0.112996,-0.993238,-0.026644,0.993212,-0.112167,-0.030811,0.027614,-0.029945,0.999170,0,0.73591,-0.65250,44.154,-1.305,-1,475.000,-1,500.000,700.000,375.000,375.000,200.000,350.000,-1,-1,-1,-1,-1,-1,-1,-1,2,0,2,0,1,0,0,1,0,2,2,2,2,2,2,2,2
72,-9791.621,-6700.304,537.857,94.898,-0.086015,-0.995916,-0.027430,0.996047,-0.085348,-0.024626,0.022184,-0.029439,0.999320,0,0.81591,-0.77250,48.954,-1.545,-1,500.000,-1,500.000,650.000,375.000,375.000,200.000,350.000,-1,-1,-1,-1,-1,-1,-1,-1,2,0,2,0,1,0,0,1,0,2,2,2,2,2,2,2,2
73,-9794.664,-6647.577,540.300,93.302,-0.058064,-0.997927,-0.027742,0.998177,-0.057576,-0.018081,0.016446,-0.028741,0.999452,0,0.88024,-0.79806,52.814,-1.596,-1,500.000,-1,525.000,575.000,400.000,400.000,225.000,350.000,-1,-1,-1,-1,-1,-1,-1,-1,2,0,2,0,1,0,0,1,0,2,2,2,2,2,2,2,2
74,-9796.232,-6595.308,542.765,91.718,-0.030282,-0.999158,-0.027695,0.999483,-0.029970,-0.011608,0.010768,-0.028032,0.999549,0,0.87155,-0.79197,52.293,-1.584,-1,525.000,-1,525.000,525.000,400.000,400.000,225.000,350.000,-1,-1,-1,-1,-1,975.000,-1,-1,2,0,2,0,1,0,0,1,0,2,2,2,2,2,1,2,2
75,-9796.363,-6543.497,543.633,90.145,-0.002689,-0.999634,-0.026921,0.999979,-0.002527,-0.006045,0.005975,-0.026937,0.999619,0,0.86352,-0.78662,51.811,-1.573,-1,525.000,-1,525.000,475.000,400.000,400.000,225.000,350.000,875.000,-1,-1,-1,-1,900.000,-1,700.000,2,0,2,0,1,0,0,1,0,1,2,2,2,2,1,2,1
76,-9794.965,-6486.902,541.213,88.584,0.024781,-0.999295,-0.028200,0.999690,0.024701,0.003166,-0.002467,-0.028270,0.999597,0,0.94352,-0.78041,56.611,-1.561,-1,525.000,-1,500.000,425.000,400.000,400.000,225.000,350.000,650.000,-1,-1,-1,-1,800.000,-1,600.000,2,0,2,0,1,0,0,1,0,1,2,2,2,2,1,2,1
77,-9792.063,-6430.704,538.858,87.043,0.051901,-0.998232,-0.028970,0.998594,0.051562,0.012323,-0.010807,-0.029569,0.999504,0,0.93788,-0.77046,56.273,-1.541,-1,500.000,-1,500.000,350.000,400.000,375.000,225.000,325.000,525.000,-1,-1,-1,-1,700.000,-1,500.000,2,0,2,0,1,0,0,1,0,1,2,2,2,2,1,2,1
78,-9787.710,-6375.130,536.577,85.521,0.078672,-0.996471,-0.029249,0.996719,0.078065,0.021372,-0.019013,-0.030835,0.999344,0,0.92906,-0.76129,55.744,-1.523,-1,475.000,-1,475.000,300.000,375.000,375.000,200.000,325.000,450.000,-1,-1,-1,-1,650.000,-1,400.000,2,0,2,1,1,0,0,1,0,1,2,2,2,2,1,2,1
79,-9781.957,-6320.240,534.788,84.015,0.105103,-0.993986,-0.030730,0.994126,0.104215,0.029216,-0.025838,-0.033621,0.999101,0,0.91984,-0.75293,55.190,-1.506,-1,475.000,-1,425.000,250.000,375.000,375.000,200.000,325.000,450.000,-1,-1,-1,-1,575.000,-1,350.000,2,0,2,1,1,0,0,1,0,1,2,2,2,2,1,2,1
80,-9774.853,-6266.074,533.960,82.524,0.131231,-0.990719,-0.035422,0.990901,0.130011,0.034816,-0.029888,-0.039668,0.998766,0,0.91050,-0.74540,54.630,-1.491,-1,475.000,-1,400.000,225.000,375.000,375.000,225.000,325.000,450.000,-1,-1,-1,-1,525.000,-1,275.000,2,0,2,1,1,0,0,1,0,1,2,2,2,2,1,2,1
81,-9767.297,-6216.820,533.729,81.273,0.153139,-0.987335,-0.041453,0.987682,0.151558,0.038924,-0.032149,-0.046903,0.998382,0,0.83050,-0.62540,49.830,-1.251,-1,500.000,-1,375.000,200.000,375.000,375.000,225.000,350.000,425.000,-1,-1,-1,-1,500.000,-1,250.000,2,0,2,1,1,0,0,1,0,1,2,2,2,2,1,2,1
82,-9759.686,-6172.437,533.943,80.262,0.170834,-0.984110,-0.048402,0.984745,0.168884,0.041893,-0.033053,-0.054820,0.997949,0,0.75050,-0.50540,45.030,-1.011,-1,500.000,-1,375.000,175.000,400.000,400.000,250.000,350.000,425.000,-1,-1,-1,-1,475.000,-1,225.000,2,0,2,1,1,0,0,1,1,1,2,2,2,2,1,2,1
83,-9751.857,-6130.192,534.466,79.491,0.184348,-0.981252,-0.056223,0.982303,0.182015,0.044167,-0.033105,-0.063370,0.997441,0,0.71607,-0.38540,42.964,-0.771,-1,525.000,-1,350.000,150.000,400.000,425.000,250.000,325.000,400.000,-1,-1,-1,-1,475.000,-1,200.000,2,0,2,1,1,0,0,1,1,1,2,2,2,2,1,2,1
84,-9742.720,-6083.310,535.310,78.961,0.193741,-0.978832,-0.065975,0.980512,0.190963,0.046149,-0.032573,-0.073630,0.996754,0,0.79607,-0.26540,47.764,-0.531,-1,550.000,-1,350.000,150.000,425.000,450.000,250.000,300.000,400.000,-1,-1,-1,-1,475.000,-1,175.000,2,0,2,1,1,0,0,1,1,1,2,2,2,2,1,2,1
85,-9732.660,-6033.034,536.508,78.670,0.199000,-0.976915,-0.077688,0.979499,0.195741,0.047603,-0.031298,-0.085569,0.995841,0,0.85454,-0.14540,51.272,-0.291,-1,575.000,-1,350.000,125.000,450.000,475.000,250.000,275.000,375.000,-1,-1,-1,-1,475.000,-1,150.000,2,0,2,1,1,0,1,1,1,1,2,2,2,2,1,2,1
86,-9722.397,-5982.731,538.114,78.451,0.202935,-0.974942,-0.091129,0.978766,0.199221,0.048254,-0.028890,-0.098987,0.994669,0,0.85566,-0.10938,51.340,-0.219,-1,600.000,-1,350.000,125.000,475.000,475.000,250.000,250.000,375.000,-1,-1,-1,-1,500.000,-1,150.000,2,0,2,1,1,0,1,1,1,1,2,2,2,2,1,2,1
87,-9711.944,-5932.444,539.041,78.227,0.206596,-0.972051,-0.111509,0.978170,0.202587,0.046282,-0.022398,-0.118636,0.992685,0,0.85602,-0.11185,51.361,-0.224,-1,625.000,-1,375.000,100.000,525.000,475.000,250.000,250.000,325.000,-1,-1,-1,-1,525.000,-1,150.000,2,0,2,1,1,0,1,1,1,1,2,2,2,2,1,2,1
88,-9701.311,-5882.273,539.865,77.993,0.210078,-0.968168,-0.136083,0.977574,0.205915,0.044138,-0.014711,-0.142303,0.989714,0,0.85476,-0.11724,51.286,-0.234,-1,650.000,-1,400.000,100.000,550.000,475.000,250.000,225.000,300.000,50.000,-1,-1,-1,575.000,-1,125.000,2,0,2,1,1,0,1,1,1,1,0,2,2,2,1,2,1
89,-9690.503,-5832.386,539.596,77.737,0.213153,-0.964272,-0.157306,0.977008,0.209602,0.039028,-0.004662,-0.162008,0.986778,0,0.85073,-0.12821,51.044,-0.256,-1,675.000,-1,400.000,100.000,600.000,500.000,225.000,225.000,275.000,50.000,-1,-1,-1,625.000,-1,175.000,2,0,2,1,1,0,1,0,1,1,0,2,2,2,1,2,1
90,-9679.498,-5782.844,536.283,77.457,0.217387,-0.961871,-0.165971,0.976085,0.213994,0.038284,-0.001308,-0.170324,0.985387,0,0.84581,-0.13960,50.749,-0.279,-1,700.000,-1,400.000,100.000,625.000,500.000,225.000,200.000,275.000,25.000,-1,-1,-1,625.000,-1,175.000,2,0,2,1,1,0,1,0,1,1,0,2,2,2,1,2,1
91,-2295.763,6231.356,262.291,72.184,0.305838,-0.952000,0.012624,0.952012,0.305951,0.008237,-0.011704,0.009499,0.999886,1,0.00000,0.00000,50.400,-0.303,-1,675.000,-1,750.000,-1,550.000,575.000,125.000,100.000,-1,-1,-1,400.000,-1,-1,-1,-1,2,0,2,0,2,0,0,1,1,2,2,2,1,2,2,2,2
92,-9510.995,1639.820,87.987,-109.695,-0.338926,0.940095,-0.036745,-0.939816,-0.336511,0.059218,0.043305,0.054604,0.997569,1,0.00000,0.00000,4.800,0.240,-1,425.000,-1,400.000,-1,325.000,325.000,300.000,300.000,525.000,525.000,450.000,-1,950.000,775.000,-1,-1,2,0,2,0,2,0,0,0,0,1,1,1,2,0,0,2,2
93,-9512.605,1635.298,88.201,-109.597,-0.337305,0.940678,-0.036735,-0.940408,-0.334908,0.058908,0.043111,0.054416,0.997587,0,0.08000,0.04895,4.800,0.098,-1,425.000,-1,400.000,-1,325.000,325.000,300.000,300.000,525.000,525.000,450.000,-1,950.000,775.000,-1,-1,2,0,2,0,2,0,0,0,0,1,1,1,2,0,0,2,2
94,-9515.809,1626.249,88.631,-109.495,-0.335605,0.941287,-0.036719,-0.941037,-0.333242,0.058292,0.042634,0.054117,0.997624,0,0.16000,0.05086,9.600,0.102,-1,425.000,-1,400.000,-1,325.000,325.000,300.000,300.000,550.000,550.000,475.000,-1,950.000,775.000,-1,-1,2,0,2,0,2,0,0,0,0,1,1,1,2,0,0,2,2
95,-9520.589,1612.665,89.281,-109.386,-0.333763,0.941942,-0.036696,-0.941726,-0.331452,0.057372,0.041878,0.053706,0.997678,0,0.24000,0.05471,14.400,0.109,-1,425.000,-1,400.000,-1,325.000,325.000,300.000,275.000,550.000,575.000,500.000,-1,950.000,775.000,-1,-1,2,0,2,0,2,0,0,0,0,1,1,1,2,0,0,2,2
96,-9526.924,1594.541,90.153,-109.265,-0.331716,0.942666,-0.036668,-0.942495,-0.329471,0.056148,0.040848,0.053185,0.997749,0,0.32000,0.06048,19.200,0.121,-1,425.000,-1,400.000,-1,325.000,325.000,300.000,275.000,575.000,600.000,525.000,-1,950.000,775.000,-1,-1,2,0,2,0,2,0,0,0,0,1,1,1,2,0,0,2,2
97,-9534.789,1571.866,91.250,-109.129,-0.329399,0.943480,-0.036635,-0.943362,-0.327238,0.054622,0.039546,0.052552,0.997835,0,0.40000,0.06820,24.000,0.136,-1,425.000,-1,400.000,-1,325.000,325.000,300.000,275.000,575.000,625.000,550.000,-1,925.000,775.000,-1,-1,2,0,2,0,2,0,0,0,0,1,1,1,2,0,0,2,2
98,-9544.153,1544.632,92.576,-108.973,-0.326749,0.944402,-0.036597,-0.944348,-0.324685,0.052795,0.037978,0.051811,0.997935,0,0.48000,0.07786,28.800,0.156,-1,425.000,-1,400.000,-1,325.000,325.000,300.000,275.000,600.000,675.000,575.000,-1,925.000,775.000,-1,-1,2,0,2,0,2,0,0,0,0,1,1,1,2,0,0,2,2
99,-9553.609,1516.850,93.937,-108.794,-0.323713,0.945449,-0.036557,-0.945455,-0.321745,0.050939,0.036398,0.051053,0.998032,0,0.48911,0.08950,29.347,0.179,-1,425.000,-1,400.000,-1,325.000,325.000,300.000,275.000,625.000,700.000,625.000,-1,900.000,775.000,-1,-1,2,0,2,0,2,0,0,0,0,1,1,1,2,0,0,2,2
100,-9563.108,1488.611,95.329,-108.591,-0.320281,0.946619,-0.036512,-0.946683,-0.318410,0.049058,0.034814,0.050278,0.998128,0,0.49657,0.10138,29.794,0.203,-1,425.000,-1,400.000,-1,325.000,325.000,300.000,275.000,650.000,750.000,650.000,-1,900.000,750.000,-1,-1,2,0,2,0,2,0,0,0,0,1,1,1,2,0,0,2,2
101,-9574.159,1455.830,96.961,-108.628,-0.320799,0.946443,-0.036526,-0.946582,-0.319036,0.046901,0.032736,0.049620,0.998232,0,0.57657,-0.01862,34.594,-0.037,-1,425.000,-1,400.000,-1,325.000,325.000,300.000,275.000,675.000,825.000,700.000,-1,900.000,750.000,-1,-1,2,0,2,0,2,0,0,0,0,1,1,1,2,0,0,2,2
102,-9586.924,1418.561,98.761,-108.906,-0.325266,0.944926,-0.036293,-0.945134,-0.323624,0.044601,0.030399,0.048809,0.998345,0,0.65657,-0.13862,39.394,-0.277,-1,425.000,-1,375.000,-1,325.000,325.000,300.000,300.000,700.000,900.000,750.000,-1,875.000,750.000,-1,-1,2,0,2,0,2,0,0,0,0,1,1,1,2,0,0,2,2
103,-9601.513,1376.844,100.344,-109.274,-0.331208,0.942946,-0.033975,-0.943110,-0.329726,0.042720,0.029080,0.046191,0.998509,0,0.73657,-0.18396,44.194,-0.368,-1,425.000,-1,400.000,-1,325.000,325.000,300.000,300.000,750.000,975.000,825.000,-1,875.000,750.000,-1,-1,2,0,2,0,2,0,0,0,0,1,1,1,2,0,0,2,2
104,-9617.075,1333.164,101.821,-109.605,-0.336509,0.941168,-0.031062,-0.941289,-0.335236,0.039896,0.027136,0.042664,0.998721,0,0.77283,-0.16595,46.370,-0.332,-1,425.000,-1,400.000,-1,325.000,325.000,300.000,300.000,775.000,-1,875.000,-1,850.000,750.000,-1,-1,2,0,2,0,2,0,0,0,0,1,2,1,2,0,0,2,2
105,-9633.123,1288.837,103.330,-109.900,-0.341191,0.939572,-0.028154,-0.939656,-0.340112,0.037027,0.025214,0.039089,0.998918,0,0.78570,-0.14705,47.142,-0.294,-1,400.000,-1,400.000,-1,325.000,325.000,300.000,300.000,825.000,-1,950.000,-1,825.000,750.000,-1,-1,2,0,2,0,2,0,0,0,0,1,2,1,2,0,0,2,2
106,-9649.638,1243.845,104.746,-110.155,-0.345267,0.938156,-0.025561,-0.938205,-0.344342,0.034638,0.023694,0.035941,0.999073,0,0.79880,-0.12782,47.928,-0.256,-1,400.000,-1,400.000,-1,325.000,325.000,300.000,300.000,875.000,-1,-1,-1,825.000,750.000,-1,-1,2,0,2,0,2,0,0,0,0,1,2,2,2,0,0,2,2
107,-9666.602,1198.165,105.833,-110.372,-0.348771,0.936897,-0.024143,-0.936915,-0.347902,0.033976,0.023433,0.034470,0.999131,0,0.81213,-0.10825,48.728,-0.216,-1,400.000,-1,400.000,-1,325.000,325.000,300.000,300.000,925.000,-1,-1,-1,800.000,750.000,-1,-1,2,0,2,0,2,0,0,0,0,1,2,2,2,0,0,2,2
108,-9683.991,1151.775,106.787,-110.548,-0.351623,0.935845,-0.023554,-0.935866,-0.350799,0.033083,0.022698,0.033676,0.999175,0,0.82570,-0.08833,49.542,-0.177,-1,400.000,-1,400.000,-1,325.000,325.000,300.000,300.000,1000.000,-1,-1,-1,800.000,750.000,-1,-1,2,0,2,0,2,0,0,0,0,1,2,2,2,0,0,2,2
109,-9701.784,1104.650,107.778,-110.684,-0.353812,0.935035,-0.022962,-0.935058,-0.353030,0.032185,0.021988,0.032858,0.999218,0,0.83954,-0.06805,50.373,-0.136,-1,400.000,-1,400.000,-1,325.000,325.000,300.000,300.000,-1,-1,-1,-1,800.000,725.000,-1,-1,2,0,2,0,2,0,0,0,0,2,2,2,2,0,0,2,2
110,-9719.956,1056.763,108.811,-110.779,-0.355326,0.934475,-0.022365,-0.934500,-0.354587,0.031283,0.021303,0.032016,0.999260,0,0.85365,-0.04741,51.219,-0.095,-1,400.000,-1,375.000,-1,325.000,325.000,300.000,300.000,-1,-1,-1,-1,800.000,725.000,-1,-1,2,0,2,0,2,0,0,0,0,2,2,2,2,0,0,2,2
111,-9738.479,1008.084,109.887,-110.832,-0.356155,0.934173,-0.021762,-0.934199,-0.355458,0.030375,0.020640,0.031148,0.999302,0,0.86805,-0.02639,52.083,-0.053,-1,400.000,-1,375.000,-1,325.000,325.000,300.000,300.000,-1,-1,-1,-1,775.000,725.000,-1,-1,2,0,2,0,2,0,0,0,0,2,2,2,2,0,0,2,2
112,-9757.324,958.585,111.010,-110.842,-0.356287,0.934137,-0.021150,-0.934162,-0.355630,0.029460,0.019998,0.030254,0.999342,0,0.88275,-0.00498,52.965,-0.010,-1,400.000,-1,375.000,-1,325.000,325.000,300.000,300.000,-1,-1,-1,-1,775.000,725.000,-1,-1,2,0,2,0,2,0,0,0,0,2,2,2,2,0,0,2,2
113,-9776.459,908.233,112.183,-110.808,-0.355709,0.934371,-0.020528,-0.934396,-0.355091,0.028535,0.019373,0.029331,0.999382,0,0.89777,0.01682,53.866,0.034,-1,400.000,-1,375.000,-1,325.000,325.000,300.000,300.000,-1,-1,-1,-1,775.000,725.000,-1,-1,2,0,2,0,2,0,0,0,0,2,2,2,2,0,0,2,2
114,-9795.853,856.994,113.409,-110.730,-0.354406,0.934880,-0.019892,-0.934903,-0.353827,0.027601,0.018765,0.028379,0.999421,0,0.91311,0.03903,54.786,0.078,-1,400.000,-1,375.000,-1,325.000,325.000,300.000,300.000,-1,-1,-1,-1,750.000,725.000,-1,-1,2,0,2,0,2,0,0,0,0,2,2,2,2,0,0,2,2
115,-9816.019,803.347,114.729,-110.602,-0.352274,0.935700,-0.019222,-0.935721,-0.351735,0.026627,0.018154,0.027366,0.999461,0,0.95520,0.06440,57.312,0.129,-1,400.000,-1,375.000,-1,325.000,325.000,300.000,300.000,-1,-1,-1,-1,750.000,700.000,-1,-1,2,0,2,0,2,0,0,0,0,2,2,2,2,0,0,2,2
116,-9836.344,748.848,115.984,-110.452,-0.349795,0.936657,-0.017807,-0.936653,-0.349302,0.025882,0.018023,0.025732,0.999506,0,0.96941,0.07492,58.165,0.150,-1,400.000,-1,375.000,975.000,325.000,325.000,300.000,300.000,-1,-1,-1,-1,750.000,700.000,-1,-1,2,0,2,0,1,0,0,0,0,2,2,2,2,0,0,2,2
117,-9856.722,693.746,117.239,-110.295,-0.347206,0.937653,-0.015944,-0.937608,-0.346754,0.025569,0.018446,0.023827,0.999546,0,0.97917,0.07838,58.750,0.157,-1,400.000,-1,375.000,950.000,325.000,325.000,300.000,300.000,-1,-1,-1,-1,750.000,700.000,-1,-1,2,0,2,0,1,0,0,0,0,2,2,2,2,0,0,2,2
118,-9877.051,638.337,118.580,-110.148,-0.344771,0.938579,-0.014213,-0.938496,-0.344356,0.025398,0.018944,0.022096,0.999576,0,0.98367,0.07366,59.020,0.147,-1,400.000,-1,375.000,925.000,325.000,325.000,300.000,300.000,-1,-1,-1,-1,750.000,725.000,-1,-1,2,0,2,0,1,0,0,0,0,2,2,2,2,0,0,2,2
119,-9897.335,582.641,119.944,-110.010,-0.342504,0.939427,-0.012951,-0.939315,-0.342113,0.025426,0.019455,0.020874,0.999593,0,0.98792,0.06870,59.275,0.137,-1,400.000,-1,375.000,900.000,325.000,325.000,300.000,300.000,-1,-1,-1,-1,725.000,725.000,-1,-1,2,0,2,0,1,0,0,0,0,2,2,2,2,0,0,2,2
120,-9917.576,526.675,121.182,-109.883,-0.340424,0.940195,-0.012068,-0.940048,-0.340035,0.026175,0.020506,0.020255,0.999585,0,0.99189,0.06347,59.513,0.127,-1,400.000,-1,375.000,850.000,325.000,325.000,300.000,300.000,-1,-1,-1,-1,750.000,725.000,-1,-1,2,0,2,0,1,0,0,0,0,2,2,2,2,0,0,2,2
121,-9935.950,475.139,122.365,-109.623,-0.336147,0.941743,-0.011205,-0.941564,-0.335763,0.026857,0.021530,0.019578,0.999576,0,0.91189,0.13020,54.713,0.260,-1,400.000,-1,375.000,850.000,325.000,325.000,300.000,300.000,-1,-1,-1,-1,750.000,725.000,-1,-1,2,0,2,0,1,0,0,0,0,2,2,2,2,0,0,2,2
122,-9953.582,424.998,123.541,-109.373,-0.332039,0.943208,-0.010392,-0.942998,-0.331662,0.027490,0.022482,0.018928,0.999568,0,0.88586,0.12478,53.151,0.250,-1,400.000,-1,375.000,825.000,325.000,325.000,300.000,300.000,-1,-1,-1,-1,750.000,725.000,-1,-1,2,0,2,0,1,0,0,0,0,2,2,2,2,0,0,2,2
123,-9971.054,374.639,124.746,-109.135,-0.328105,0.944592,-0.009600,-0.944351,-0.327736,0.028098,0.023395,0.018285,0.999559,0,0.88839,0.11928,53.303,0.239,-1,400.000,-1,375.000,800.000,325.000,325.000,300.000,300.000,-1,-1,-1,-1,750.000,725.000,-1,-1,2,0,2,0,1,0,0,0,0,2,2,2,2,0,0,2,2
124,-9988.370,324.088,125.979,-108.908,-0.324353,0.945895,-0.008829,-0.945625,-0.323993,0.028679,0.024267,0.017651,0.999550,0,0.89058,0.11354,53.435,0.227,-1,400.000,-1,375.000,775.000,325.000,325.000,300.000,300.000,-1,-1,-1,-1,750.000,725.000,-1,-1,2,0,2,0,1,0,0,0,0,2,2,2,2,0,0,2,2
125,-10005.530,273.367,127.239,-108.692,-0.320793,0.947115,-0.008078,-0.946817,-0.320442,0.029233,0.025099,0.017026,0.999540,0,0.89241,0.10757,53.545,0.215,-1,400.000,-1,375.000,750.000,325.000,325.000,300.000,300.000,-1,-1,-1,-1,750.000,725.000,-1,-1,2,0,2,0,1,0,0,0,0,2,2,2,2,0,0,2,2
126,-10022.539,222.504,128.526,-108.490,-0.317432,0.948253,-0.007347,-0.947928,-0.317092,0.029760,0.025891,0.016411,0.999530,0,0.89386,0.10137,53.632,0.203,-1,400.000,-1,375.000,725.000,325.000,325.000,300.000,300.000,-1,-1,-1,-1,750.000,750.000,-1,1000.000,2,0,2,0,1,0,0,0,0,2,2,2,2,0,0,2,1
127,-10039.398,171.525,129.842,-108.300,-0.314278,0.949308,-0.006624,-0.948957,-0.313951,0.030243,0.026630,0.015790,0.999521,0,0.89490,0.09494,53.694,0.190,-1,400.000,-1,400.000,725.000,325.000,325.000,300.000,300.000,-1,-1,-1,-1,750.000,750.000,-1,975.000,2,0,2,0,1,0,0,0,0,2,2,2,2,0,0,2,1
128,-10056.112,120.460,131.195,-108.123,-0.311339,0.950281,-0.005888,-0.949907,-0.311027,0.030649,0.027294,0.015135,0.999513,0,0.89552,0.08830,53.731,0.177,-1,400.000,-1,400.000,700.000,325.000,325.000,300.000,300.000,-1,-1,-1,-1,750.000,750.000,-1,950.000,2,0,2,0,1,0,0,0,0,2,2,2,2,0,0,2,1
129,-10072.684,69.337,132.632,-107.960,-0.308630,0.951167,-0.005477,-0.950778,-0.308326,0.030922,0.027723,0.014750,0.999507,0,0.89570,0.08145,53.742,0.163,-1,400.000,-1,400.000,675.000,325.000,325.000,300.000,300.000,-1,-1,-1,-1,750.000,750.000,-1,925.000,2,0,2,0,1,0,0,0,0,2,2,2,2,0,0,2,1
130,-10089.118,18.187,134.173,-107.812,-0.306161,0.951964,-0.005369,-0.951560,-0.305854,0.031431,0.028279,0.014732,0.999492,0,0.89541,0.07441,53.725,0.149,-1,400.000,1000.000,400.000,650.000,325.000,325.000,300.000,300.000,-1,-1,-1,-1,750.000,750.000,-1,900.000,2,0,1,0,1,0,0,0,0,2,2,2,2,0,0,2,1
131,-10105.418,-32.958,135.735,-107.677,-0.303931,0.952679,-0.005282,-0.952258,-0.303620,0.031940,0.028825,0.014737,0.999476,0,0.89466,0.06720,53.680,0.134,-1,400.000,950.000,400.000,650.000,325.000,325.000,300.000,300.000,-1,-1,-1,-1,750.000,750.000,-1,875.000,2,0,1,0,1,0,0,0,0,2,2,2,2,0,0,2,1
132,-10121.589,-84.067,137.325,-107.557,-0.301942,0.953312,-0.005147,-0.952876,-0.301629,0.032351,0.029288,0.014672,0.999463,0,0.89343,0.05985,53.606,0.120,-1,400.000,900.000,400.000,625.000,325.000,325.000,300.000,300.000,-1,-1,-1,-1,750.000,750.000,-1,850.000,2,0,1,0,1,0,0,0,0,2,2,2,2,0,0,2,1
133,-10137.635,-135.107,138.938,-107.453,-0.300198,0.953864,-0.004959,-0.953413,-0.299887,0.032725,0.029728,0.014552,0.999452,0,0.89172,0.05237,53.503,0.105,-1,400.000,850.000,400.000,600.000,325.000,325.000,300.000,300.000,-1,-1,-1,-1,750.000,725.000,-1,825.000,2,0,1,0,1,0,0,0,0,2,2,2,2,0,1,2,1
134,-10153.563,-186.047,140.552,-107.363,-0.298706,0.954333,-0.004797,-0.953869,-0.298395,0.033085,0.030143,0.014458,0.999441,0,0.88954,0.04481,53.372,0.090,-1,400.000,800.000,400.000,575.000,325.000,325.000,300.000,300.000,-1,-1,-1,-1,775.000,675.000,-1,775.000,2,0,1,0,1,0,0,0,0,2,2,2,2,0,1,2,1
135,-10169.377,-236.857,142.164,-107.289,-0.297468,0.954721,-0.004665,-0.954244,-0.297156,0.033429,0.030529,0.014396,0.999430,0,0.88689,0.03719,53.214,0.074,-1,400.000,750.000,400.000,550.000,325.000,325.000,300.000,300.000,-1,-1,-1,-1,775.000,625.000,-1,725.000,2,0,1,0,1,0,0,0,0,2,2,2,2,0,1,2,1
