timestep,x_cm,y_cm,z_cm,yaw_deg,basis_xx,basis_xy,basis_xz,basis_yx,basis_yy,basis_yz,basis_zx,basis_zy,basis_zz,teleport_flag,throttle_cmd,steering_cmd,cmd_move_cm,cmd_turn_deg,lidar_cm_0,lidar_cm_1,lidar_cm_2,lidar_cm_3,lidar_cm_4,lidar_cm_5,lidar_cm_6,lidar_cm_7,lidar_cm_8,lidar_cm_9,lidar_cm_10,lidar_cm_11,lidar_cm_12,lidar_cm_13,lidar_cm_14,lidar_cm_15,lidar_cm_16,lidar_class_0,lidar_class_1,lidar_class_2,lidar_class_3,lidar_class_4,lidar_class_5,lidar_class_6,lidar_class_7,lidar_class_8,lidar_class_9,lidar_class_10,lidar_class_11,lidar_class_12,lidar_class_13,lidar_class_14,lidar_class_15,lidar_class_16
0,4267.544,-2293.078,146.174,33.700,0.828089,-0.553377,-0.089679,0.557460,0.829749,0.027463,0.059214,-0.072734,0.995592,1,0.08000,-0.01190,4.800,-0.024,-1,400.000,-1,425.000,-1,325.000,325.000,300.000,300.000,-1,-1,-1,-1,750.000,-1,-1,-1,2,0,2,0,2,0,0,0,0,2,2,2,2,0,2,2,2
1,4275.533,-2287.755,146.755,33.676,0.828359,-0.553027,-0.089345,0.557099,0.829985,0.027684,0.058845,-0.072706,0.995616,0,0.16000,-0.01210,9.600,-0.024,-1,400.000,-1,425.000,-1,325.000,325.000,300.000,300.000,-1,-1,-1,-1,750.000,-1,-1,-1,2,0,2,0,2,0,0,0,0,2,2,2,2,0,2,2,2
2,4287.520,-2279.776,147.627,33.651,0.828654,-0.552665,-0.088846,0.556719,0.830228,0.028015,0.058279,-0.072677,0.995651,0,0.24000,-0.01252,14.400,-0.025,-1,400.000,-1,425.000,-1,325.000,325.000,300.000,300.000,-1,-1,-1,-1,750.000,-1,-1,-1,2,0,2,0,2,0,0,0,0,2,2,2,2,0,2,2,2
3,4303.507,-2269.144,148.790,33.625,0.828978,-0.552285,-0.088187,0.556316,0.830484,0.028458,0.057521,-0.072651,0.995697,0,0.32000,-0.01316,19.200,-0.026,-1,400.000,-1,425.000,-1,325.000,325.000,300.000,300.000,-1,-1,-1,-1,750.000,-1,-1,-1,2,0,2,0,2,0,0,0,0,2,2,2,2,0,2,2,2
4,4323.498,-2255.864,150.244,33.597,0.829333,-0.551879,-0.087384,0.555882,0.830755,0.029013,0.056582,-0.072637,0.995752,0,0.40000,-0.01401,24.000,-0.028,-1,400.000,-1,425.000,-1,325.000,325.000,300.000,300.000,-1,-1,-1,-1,750.000,-1,-1,-1,2,0,2,0,2,0,0,0,0,2,2,2,2,0,2,2,2
5,4347.495,-2239.940,151.986,33.566,0.829724,-0.551442,-0.086426,0.555412,0.831046,0.029678,0.055458,-0.072626,0.995816,0,0.48000,-0.01509,28.800,-0.030,-1,400.000,-1,425.000,-1,325.000,325.000,300.000,300.000,-1,-1,-1,-1,750.000,-1,-1,-1,2,0,2,0,2,0,0,0,0,2,2,2,2,0,2,2,2
6,4375.503,-2221.378,154.013,33.534,0.830155,-0.550966,-0.085318,0.554897,0.831362,0.030449,0.054154,-0.072620,0.995888,0,0.56000,-0.01639,33.600,-0.033,-1,400.000,-1,425.000,-1,325.000,325.000,300.000,300.000,-1,-1,-1,-1,750.000,-1,-1,-1,2,0,2,0,2,0,0,0,0,2,2,2,2,0,2,2,2
7,4407.525,-2200.185,156.225,33.498,0.830614,-0.550461,-0.084106,0.554324,0.831728,0.030861,0.052965,-0.072256,0.995979,0,0.64000,-0.01793,38.400,-0.036,-1,400.000,-1,425.000,-1,325.000,325.000,300.000,300.000,-1,-1,-1,-1,750.000,-1,-1,-1,2,0,2,0,2,0,0,0,0,2,2,2,2,0,2,2,2
8,4443.566,-2176.368,158.530,33.458,0.831093,-0.549930,-0.082832,0.553682,0.832169,0.030507,0.052154,-0.071216,0.996096,0,0.72000,-0.01971,43.200,-0.039,-1,400.000,-1,425.000,-1,325.000,325.000,300.000,300.000,-1,-1,-1,-1,750.000,-1,-1,-1,2,0,2,0,2,0,0,0,0,2,2,2,2,0,2,2,2
9,4483.632,-2149.936,161.084,33.415,0.831619,-0.549342,-0.081437,0.552975,0.832653,0.030121,0.051262,-0.070082,0.996223,0,0.80000,-0.02173,48.000,-0.043,-1,400.000,-1,450.000,-1,325.000,350.000,300.000,300.000,-1,-1,-1,-1,750.000,-1,-1,-1,2,0,2,0,2,0,0,0,0,2,2,2,2,0,2,2,2
10,4526.666,-2121.597,163.634,33.367,0.832255,-0.548716,-0.079135,0.552154,0.833222,0.029448,0.049778,-0.068203,0.996429,0,0.85878,-0.02400,51.527,-0.048,-1,400.000,-1,450.000,-1,325.000,350.000,300.000,300.000,-1,-1,-1,-1,750.000,-1,-1,-1,2,0,2,0,2,0,0,0,0,2,2,2,2,0,2,2,2
11,4569.757,-2093.279,165.777,33.314,0.833059,-0.548069,-0.075054,0.551172,0.833915,0.028197,0.047135,-0.064858,0.996781,0,0.85939,-0.02647,51.563,-0.053,-1,400.000,-1,425.000,-1,325.000,350.000,300.000,300.000,-1,-1,-1,-1,750.000,1000.000,-1,-1,2,0,2,0,2,0,0,0,0,2,2,2,2,0,0,2,2
12,4612.901,-2064.989,167.926,33.256,0.833889,-0.547340,-0.071053,0.550132,0.834642,0.026969,0.044543,-0.061578,0.997108,0,0.85987,-0.02896,51.592,-0.058,-1,400.000,-1,425.000,-1,325.000,350.000,300.000,300.000,-1,-1,-1,-1,725.000,975.000,-1,-1,2,0,2,0,2,0,0,0,0,2,2,2,2,0,0,2,2
13,4656.094,-2036.734,170.147,33.193,0.834737,-0.546537,-0.067166,0.549028,0.835417,0.025428,0.042214,-0.058102,0.997418,0,0.86022,-0.03147,51.613,-0.063,-1,400.000,-1,425.000,-1,325.000,350.000,300.000,300.000,-1,-1,-1,-1,725.000,950.000,-1,-1,2,0,2,0,2,0,0,0,0,2,2,2,2,0,0,2,2
14,4695.405,-2011.314,172.248,32.890,0.837771,-0.542222,-0.064300,0.544457,0.838466,0.023274,0.041293,-0.054507,0.997659,0,0.78022,-0.15147,46.813,-0.303,-1,400.000,-1,425.000,-1,325.000,350.000,300.000,300.000,-1,-1,-1,-1,725.000,925.000,-1,-1,2,0,2,0,2,0,0,0,0,2,2,2,2,0,0,2,2
15,4730.899,-1988.837,174.023,32.347,0.842965,-0.534334,-0.062424,0.536391,0.843695,0.021527,0.041164,-0.051630,0.997818,0,0.70022,-0.27147,42.013,-0.543,-1,400.000,-1,425.000,-1,325.000,350.000,300.000,300.000,-1,-1,-1,-1,725.000,925.000,-1,-1,2,0,2,0,2,0,0,0,0,2,2,2,2,0,0,2,2
16,4762.608,-1969.358,175.616,31.564,0.850264,-0.522828,-0.060839,0.524729,0.851036,0.019940,0.041351,-0.048878,0.997948,0,0.62022,-0.39147,37.213,-0.783,-1,400.000,-1,425.000,-1,325.000,350.000,300.000,300.000,-1,-1,-1,-1,750.000,925.000,-1,-1,2,0,2,0,2,0,0,0,0,2,2,2,2,0,0,2,2
17,4790.525,-1952.888,176.892,30.541,0.859538,-0.507603,-0.059446,0.509392,0.860321,0.019187,0.041403,-0.046773,0.998047,0,0.54022,-0.51147,32.413,-1.023,-1,400.000,-1,425.000,-1,325.000,350.000,300.000,300.000,-1,-1,-1,-1,750.000,925.000,-1,-1,2,0,2,0,2,0,0,0,0,2,2,2,2,0,0,2,2
18,4814.581,-1939.329,177.807,29.408,0.869490,-0.490515,-0.058150,0.492242,0.870240,0.019487,0.041046,-0.045567,0.998118,0,0.46022,-0.56664,27.613,-1.133,-1,400.000,-1,425.000,-1,325.000,350.000,300.000,300.000,-1,-1,-1,-1,750.000,925.000,-1,-1,2,0,2,0,2,0,0,0,0,2,2,2,2,0,0,2,2
19,4834.673,-1928.524,178.566,28.273,0.879101,-0.473206,-0.057076,0.474881,0.879829,0.019751,0.040871,-0.044468,0.998174,0,0.38022,-0.56744,22.813,-1.135,-1,400.000,-1,425.000,-1,325.000,350.000,300.000,300.000,-1,-1,-1,-1,750.000,925.000,-1,-1,2,0,2,0,2,0,0,0,0,2,2,2,2,0,0,2,2
20,4850.704,-1920.308,179.163,27.137,0.888361,-0.455690,-0.056223,0.457323,0.889076,0.020005,0.040871,-0.043484,0.998218,0,0.30022,-0.56799,18.013,-1.136,-1,400.000,-1,425.000,-1,325.000,350.000,300.000,300.000,-1,-1,-1,-1,750.000,925.000,-1,-1,2,0,2,0,2,0,0,0,0,2,2,2,2,0,0,2,2
21,4862.581,-1914.515,179.585,26.001,0.897263,-0.437982,-0.055600,0.439583,0.897974,0.020230,0.041067,-0.042593,0.998248,0,0.22022,-0.56828,13.213,-1.137,-1,400.000,-1,425.000,-1,325.000,350.000,300.000,300.000,-1,-1,-1,-1,750.000,900.000,-1,-1,2,0,2,0,2,0,0,0,0,2,2,2,2,0,0,2,2
22,4870.215,-1910.978,179.825,24.864,0.905798,-0.420098,-0.055213,0.421677,0.906516,0.020433,0.041468,-0.041790,0.998265,0,0.14022,-0.56831,8.413,-1.137,-1,400.000,-1,425.000,-1,325.000,350.000,275.000,300.000,-1,-1,-1,-1,750.000,900.000,-1,-1,2,0,2,0,2,0,0,0,0,2,2,2,2,0,0,2,2
23,4873.523,-1909.525,179.875,23.728,0.913959,-0.402053,-0.055072,0.403619,0.914695,0.020619,0.042084,-0.041073,0.998269,0,0.06022,-0.56808,3.613,-1.136,-1,400.000,-1,425.000,-1,325.000,350.000,275.000,300.000,-1,-1,-1,-1,750.000,925.000,-1,-1,2,0,2,0,2,0,0,0,0,2,2,2,2,0,0,2,2
24,4872.428,-1909.981,179.729,22.593,0.921740,-0.383863,-0.055185,0.385426,0.922504,0.020794,0.042926,-0.040437,0.998260,0,-0.01978,-0.56758,-1.187,-1.135,-1,400.000,-1,425.000,-1,325.000,350.000,275.000,300.000,-1,-1,-1,-1,750.000,925.000,-1,-1,2,0,2,0,2,0,0,0,0,2,2,2,2,0,0,2,2
25,4868.613,-1911.480,179.460,21.459,0.929140,-0.365546,-0.055458,0.367112,0.929940,0.020972,0.043906,-0.039845,0.998241,0,-0.06832,-0.56681,-4.099,-1.134,-1,400.000,-1,425.000,-1,325.000,350.000,275.000,300.000,-1,-1,-1,-1,750.000,925.000,-1,-1,2,0,2,0,2,0,0,0,0,2,2,2,2,0,0,2,2
26,4864.803,-1912.892,179.192,20.327,0.936165,-0.347115,-0.055726,0.348685,0.937001,0.021164,0.044869,-0.039244,0.998222,0,-0.06773,-0.56587,-4.064,-1.132,-1,400.000,-1,425.000,-1,325.000,350.000,275.000,300.000,-1,-1,-1,-1,750.000,925.000,-1,-1,2,0,2,0,2,0,0,0,0,2,2,2,2,0,0,2,2
27,4860.997,-1914.218,178.924,19.197,0.942816,-0.328579,-0.055991,0.330151,0.943686,0.021369,0.045816,-0.038632,0.998203,0,-0.06717,-0.56494,-4.030,-1.130,-1,400.000,-1,425.000,-1,350.000,350.000,275.000,300.000,-1,-1,-1,-1,775.000,925.000,-1,-1,2,0,2,0,2,0,0,0,0,2,2,2,2,0,0,2,2
28,4857.197,-1915.458,178.658,18.069,0.949089,-0.309944,-0.056250,0.311519,0.949995,0.021588,0.046746,-0.038012,0.998183,0,-0.06662,-0.56402,-3.997,-1.128,-1,400.000,-1,425.000,-1,350.000,350.000,275.000,300.000,-1,-1,-1,-1,775.000,925.000,-1,-1,2,0,2,0,2,0,0,0,0,2,2,2,2,0,0,2,2
29,4853.403,-1916.614,178.393,16.943,0.954986,-0.291219,-0.056504,0.292797,0.955926,0.021820,0.047660,-0.037382,0.998164,0,-0.06610,-0.56311,-3.966,-1.126,-1,400.000,-1,425.000,-1,350.000,350.000,275.000,300.000,-1,-1,-1,-1,775.000,925.000,-1,-1,2,0,2,0,2,0,0,0,0,2,2,2,2,0,0,2,2
30,4849.617,-1917.687,178.130,15.819,0.960506,-0.272411,-0.056753,0.273991,0.961479,0.022066,0.048555,-0.036744,0.998144,0,-0.06559,-0.56220,-3.936,-1.124,-1,400.000,-1,425.000,-1,350.000,350.000,275.000,300.000,-1,-1,-1,-1,775.000,950.000,-1,-1,2,0,2,0,2,0,0,0,0,2,2,2,2,0,0,2,2
31,4845.839,-1918.679,177.867,14.696,0.965648,-0.253528,-0.056994,0.255110,0.966654,0.022325,0.049434,-0.036098,0.998125,0,-0.06511,-0.56129,-3.906,-1.123,-1,400.000,-1,425.000,-1,350.000,350.000,275.000,275.000,-1,-1,-1,-1,775.000,950.000,-1,-1,2,0,2,0,2,0,0,0,0,2,2,2,2,0,0,2,2
32,4842.069,-1919.589,177.606,13.575,0.970412,-0.234577,-0.057229,0.236161,0.971451,0.022597,0.050294,-0.035444,0.998105,0,-0.06464,-0.56040,-3.878,-1.121,-1,400.000,-1,425.000,-1,350.000,350.000,275.000,275.000,-1,-1,-1,-1,800.000,950.000,-1,-1,2,0,2,0,2,0,0,0,0,2,2,2,2,0,0,2,2
33,4833.603,-1921.497,177.139,12.695,0.973874,-0.219619,-0.057774,0.221218,0.974957,0.022823,0.051315,-0.035007,0.998069,0,-0.14464,-0.44040,-8.678,-0.881,-1,400.000,-1,425.000,-1,350.000,350.000,275.000,275.000,-1,-1,-1,-1,800.000,950.000,-1,-1,2,0,2,0,2,0,0,0,0,2,2,2,2,0,0,2,2
34,4820.422,-1924.311,176.461,12.054,0.976219,-0.208703,-0.058639,0.210329,0.977360,0.023003,0.052511,-0.034789,0.998014,0,-0.22464,-0.32040,-13.478,-0.641,-1,425.000,-1,425.000,-1,350.000,350.000,275.000,275.000,-1,-1,-1,-1,800.000,950.000,-1,-1,2,0,2,0,2,0,0,0,0,2,2,2,2,0,0,2,2
35,4802.521,-1928.003,175.573,11.653,0.977585,-0.201861,-0.059832,0.203527,0.978796,0.023134,0.053893,-0.034793,0.997940,0,-0.30464,-0.20040,-18.278,-0.401,-1,425.000,-1,425.000,-1,350.000,350.000,275.000,275.000,-1,-1,-1,-1,800.000,975.000,-1,-1,2,0,2,0,2,0,0,0,0,2,2,2,2,0,0,2,2
36,4779.905,-1932.602,174.476,11.492,0.978054,-0.199112,-0.061355,0.200832,0.979351,0.023207,0.055467,-0.035019,0.997846,0,-0.38464,-0.08040,-23.078,-0.161,-1,425.000,-1,425.000,-1,350.000,350.000,275.000,275.000,-1,-1,-1,-1,825.000,975.000,-1,-1,2,0,2,0,2,0,0,0,0,2,2,2,2,0,0,2,2
37,4753.972,-1937.911,173.236,11.571,0.977666,-0.200463,-0.063115,0.202247,0.979060,0.023207,0.057141,-0.035453,0.997736,0,-0.44120,0.03960,-26.472,0.079,-1,425.000,-1,450.000,-1,350.000,350.000,275.000,275.000,-1,-1,-1,-1,825.000,1000.000,-1,-1,2,0,2,0,2,0,0,0,0,2,2,2,2,0,0,2,2
38,4728.027,-1943.374,172.015,11.891,0.976418,-0.205910,-0.064883,0.207760,0.977907,0.023112,0.058691,-0.036047,0.997625,0,-0.44191,0.15960,-26.514,0.319,-1,425.000,-1,450.000,-1,350.000,350.000,275.000,275.000,-1,-1,-1,-1,825.000,1000.000,-1,-1,2,0,2,0,2,0,0,0,0,2,2,2,2,0,0,2,2
39,4702.088,-1949.101,170.816,12.450,0.974240,-0.215438,-0.066653,0.217355,0.975824,0.022906,0.060106,-0.036803,0.997513,0,-0.44273,0.27960,-26.564,0.559,-1,425.000,-1,450.000,-1,350.000,350.000,275.000,275.000,-1,-1,-1,-1,850.000,-1,-1,-1,2,0,2,0,2,0,0,0,0,2,2,2,2,0,2,2,2
40,4676.165,-1955.146,169.631,13.126,0.971504,-0.226933,-0.068415,0.228919,0.973183,0.022626,0.061446,-0.037642,0.997400,0,-0.44364,0.33813,-26.619,0.676,-1,425.000,-1,450.000,-1,350.000,350.000,275.000,300.000,-1,-1,-1,-1,850.000,-1,-1,-1,2,0,2,0,2,0,0,0,0,2,2,2,2,0,2,2,2
41,4650.259,-1961.510,168.277,13.804,0.968651,-0.238425,-0.069779,0.240516,0.970369,0.023161,0.062190,-0.039218,0.997294,0,-0.44460,0.33917,-26.676,0.678,-1,425.000,-1,450.000,-1,350.000,350.000,275.000,300.000,-1,-1,-1,-1,850.000,-1,-1,-1,2,0,2,0,2,0,0,0,0,2,2,2,2,0,2,2,2
42,4624.376,-1968.196,166.717,14.485,0.965642,-0.249906,-0.071297,0.252166,0.967373,0.024535,0.062839,-0.041670,0.997153,0,-0.44555,0.34021,-26.733,0.680,-1,425.000,-1,450.000,-1,350.000,350.000,275.000,300.000,-1,-1,-1,-1,850.000,-1,-1,-1,2,0,2,0,2,0,0,0,0,2,2,2,2,0,2,2,2
43,4598.518,-1975.204,165.098,15.167,0.962462,-0.261381,-0.073123,0.263839,0.964214,0.026095,0.063686,-0.044408,0.996981,0,-0.44651,0.34125,-26.791,0.682,-1,425.000,-1,450.000,-1,350.000,350.000,275.000,300.000,-1,-1,-1,-1,825.000,-1,-1,-1,2,0,2,0,2,0,0,0,0,2,2,2,2,0,2,2,2
44,4572.691,-1982.537,163.491,15.852,0.959131,-0.272848,-0.074979,0.275513,0.960900,0.027654,0.064502,-0.047182,0.996802,0,-0.44747,0.34229,-26.848,0.685,-1,425.000,-1,450.000,-1,350.000,350.000,275.000,300.000,-1,-1,-1,-1,825.000,-1,-1,-1,2,0,2,0,2,0,0,0,0,2,2,2,2,0,2,2,2
45,4546.899,-1990.195,161.891,16.539,0.955647,-0.284305,-0.076874,0.287184,0.957430,0.029192,0.065302,-0.049974,0.996613,0,-0.44842,0.34334,-26.905,0.687,-1,425.000,-1,450.000,-1,350.000,350.000,275.000,300.000,-1,-1,-1,-1,825.000,-1,-1,-1,2,0,2,0,2,0,0,0,0,2,2,2,2,0,2,2,2
46,4521.146,-1998.179,160.127,17.227,0.952066,-0.295766,-0.078057,0.298777,0.953853,0.029956,0.065595,-0.051842,0.996499,0,-0.44937,0.34439,-26.962,0.689,-1,425.000,-1,450.000,-1,350.000,350.000,275.000,300.000,-1,-1,-1,-1,825.000,-1,-1,-1,2,0,2,0,2,0,0,0,0,2,2,2,2,0,2,2,2
47,4495.437,-2006.491,158.263,17.918,0.948368,-0.307223,-0.078813,0.310321,0.950148,0.030340,0.065562,-0.053231,0.996428,0,-0.45032,0.34544,-27.019,0.691,-1,400.000,-1,450.000,-1,325.000,350.000,275.000,300.000,-1,-1,-1,-1,825.000,-1,-1,-1,2,0,2,0,2,0,0,0,0,2,2,2,2,0,2,2,2
48,4469.777,-2015.132,156.267,18.611,0.944497,-0.318678,-0.079815,0.321834,0.946318,0.030078,0.065945,-0.054095,0.996356,0,-0.45126,0.34650,-27.076,0.693,-1,400.000,-1,450.000,-1,325.000,350.000,275.000,300.000,-1,-1,-1,-1,800.000,-1,-1,-1,2,0,2,0,2,0,0,0,0,2,2,2,2,0,2,2,2
49,4444.170,-2024.102,154.260,19.306,0.940470,-0.330121,-0.080850,0.333331,0.942342,0.029703,0.066383,-0.054884,0.996284,0,-0.45221,0.34756,-27.132,0.695,-1,400.000,-1,425.000,-1,325.000,350.000,275.000,300.000,-1,-1,-1,-1,800.000,-1,-1,-1,2,0,2,0,2,0,0,0,0,2,2,2,2,0,2,2,2
50,4418.621,-2033.402,152.264,20.004,0.936290,-0.341548,-0.081885,0.344813,0.938214,0.029307,0.066816,-0.055675,0.996211,0,-0.45315,0.34862,-27.189,0.697,-1,400.000,-1,425.000,-1,325.000,325.000,275.000,300.000,-1,-1,-1,-1,800.000,-1,-1,-1,2,0,2,0,2,0,0,0,0,2,2,2,2,0,2,2,2
51,4393.135,-2043.034,150.280,20.703,0.931957,-0.352959,-0.082918,0.356278,0.933933,0.028891,0.067242,-0.056467,0.996138,0,-0.45408,0.34969,-27.245,0.699,-1,400.000,-1,425.000,-1,325.000,325.000,275.000,300.000,-1,-1,-1,-1,800.000,-1,-1,-1,2,0,2,0,2,0,0,0,0,2,2,2,2,0,2,2,2
52,4367.717,-2052.997,148.307,21.404,0.927470,-0.364351,-0.083948,0.367724,0.929500,0.028454,0.067663,-0.057260,0.996064,0,-0.45501,0.35076,-27.301,0.702,-1,400.000,-1,425.000,-1,325.000,325.000,275.000,300.000,-1,-1,-1,-1,800.000,-1,-1,-1,2,0,2,0,2,0,0,0,0,2,2,2,2,0,2,2,2
53,4346.835,-2061.377,146.687,21.866,0.924426,-0.371816,-0.084791,0.375227,0.926508,0.028068,0.068124,-0.057763,0.996003,0,-0.37501,0.23076,-22.501,0.462,-1,400.000,-1,425.000,-1,325.000,325.000,275.000,300.000,-1,-1,-1,-1,800.000,-1,-1,-1,2,0,2,0,2,0,0,0,0,2,2,2,2,0,2,2,2
54,4330.433,-2068.032,145.410,22.088,0.922920,-0.375390,-0.085450,0.378826,0.925052,0.027745,0.068630,-0.057977,0.995956,0,-0.29501,0.11076,-17.701,0.222,-1,400.000,-1,425.000,-1,325.000,325.000,275.000,300.000,-1,-1,-1,-1,800.000,-1,-1,-1,2,0,2,0,2,0,0,0,0,2,2,2,2,0,2,2,2
55,4318.486,-2072.901,144.478,22.171,0.922326,-0.376738,-0.085927,0.380188,0.924500,0.027501,0.069079,-0.058034,0.995922,0,-0.21501,0.04178,-12.901,0.084,-1,400.000,-1,425.000,-1,325.000,325.000,300.000,300.000,-1,-1,-1,-1,800.000,-1,-1,-1,2,0,2,0,2,0,0,0,0,2,2,2,2,0,2,2,2
56,4310.989,-2075.969,143.893,22.256,0.921740,-0.378101,-0.086228,0.381562,0.923939,0.027350,0.069329,-0.058111,0.995900,0,-0.13501,0.04232,-8.101,0.085,-1,400.000,-1,425.000,-1,325.000,325.000,300.000,300.000,-1,-1,-1,-1,800.000,-1,-1,-1,2,0,2,0,2,0,0,0,0,2,2,2,2,0,2,2,2
57,4307.936,-2077.224,143.657,22.341,0.921164,-0.379475,-0.086352,0.382942,0.923369,0.027291,0.069379,-0.058207,0.995891,0,-0.05501,0.04266,-3.301,0.085,-1,400.000,-1,425.000,-1,325.000,325.000,300.000,300.000,-1,-1,-1,-1,800.000,-1,-1,-1,2,0,2,0,2,0,0,0,0,2,2,2,2,0,2,2,2
58,4309.321,-2076.652,143.767,22.427,0.920600,-0.380851,-0.086299,0.384320,0.922795,0.027326,0.069230,-0.058323,0.995894,0,0.02499,0.04279,1.499,0.086,-1,400.000,-1,425.000,-1,325.000,325.000,300.000,300.000,-1,-1,-1,-1,800.000,-1,-1,-1,2,0,2,0,2,0,0,0,0,2,2,2,2,0,2,2,2
59,4315.140,-2074.240,144.224,22.512,0.920053,-0.382223,-0.086070,0.385692,0.922219,0.027455,0.068881,-0.058456,0.995911,0,0.10499,0.04272,6.299,0.085,-1,400.000,-1,425.000,-1,325.000,325.000,300.000,300.000,-1,-1,-1,-1,800.000,-1,-1,-1,2,0,2,0,2,0,0,0,0,2,2,2,2,0,2,2,2
60,4325.387,-2069.975,145.027,22.597,0.919523,-0.383586,-0.085665,0.387049,0.921644,0.027678,0.068336,-0.058607,0.995939,0,0.18499,0.04244,11.099,0.085,-1,400.000,-1,425.000,-1,325.000,325.000,300.000,300.000,-1,-1,-1,-1,800.000,-1,-1,-1,2,0,2,0,2,0,0,0,0,2,2,2,2,0,2,2,2
61,4340.057,-2063.844,146.172,22.681,0.919015,-0.384931,-0.085086,0.388385,0.921072,0.027996,0.067594,-0.058775,0.995980,0,0.26499,0.04195,15.899,0.084,-1,400.000,-1,425.000,-1,325.000,325.000,275.000,300.000,-1,-1,-1,-1,800.000,-1,-1,-1,2,0,2,0,2,0,0,0,0,2,2,2,2,0,2,2,2
62,4359.143,-2055.835,147.659,22.763,0.918529,-0.386253,-0.084335,0.389693,0.920507,0.028409,0.066658,-0.058960,0.996032,0,0.34499,0.04125,20.699,0.082,-1,400.000,-1,425.000,-1,325.000,325.000,275.000,300.000,-1,-1,-1,-1,775.000,-1,-1,-1,2,0,2,0,2,0,0,0,0,2,2,2,2,0,2,2,2
63,4382.642,-2045.935,149.486,22.844,0.918070,-0.387543,-0.083416,0.390965,0.919951,0.028918,0.065531,-0.059161,0.996095,0,0.42499,0.04033,25.499,0.081,-1,400.000,-1,425.000,-1,325.000,325.000,275.000,300.000,-1,-1,-1,-1,775.000,-1,-1,-1,2,0,2,0,2,0,0,0,0,2,2,2,2,0,2,2,2
64,4410.548,-2034.134,151.650,22.922,0.917638,-0.388796,-0.082330,0.392195,0.919408,0.029522,0.064217,-0.059380,0.996168,0,0.50499,0.03918,30.299,0.078,-1,400.000,-1,425.000,-1,325.000,325.000,275.000,300.000,-1,-1,-1,-1,775.000,-1,-1,-1,2,0,2,0,2,0,0,0,0,2,2,2,2,0,2,2,2
65,4442.799,-2020.284,154.146,23.241,0.915575,-0.393886,-0.081098,0.397267,0.917204,0.030256,0.062466,-0.059919,0.996247,0,0.58499,0.15918,35.099,0.318,-1,400.000,-1,425.000,-1,325.000,350.000,275.000,300.000,-1,-1,-1,-1,775.000,-1,-1,-1,2,0,2,0,2,0,0,0,0,2,2,2,2,0,2,2,2
66,4479.305,-2004.183,156.921,23.799,0.911770,-0.402813,-0.080105,0.406117,0.913337,0.029729,0.061188,-0.059639,0.996343,0,0.66499,0.27918,39.899,0.558,-1,400.000,-1,450.000,-1,325.000,350.000,275.000,300.000,-1,-1,-1,-1,775.000,-1,-1,-1,2,0,2,0,2,0,0,0,0,2,2,2,2,0,2,2,2
67,4519.948,-1985.578,159.883,24.597,0.906124,-0.415522,-0.079251,0.418704,0.907685,0.028189,0.060222,-0.058725,0.996456,0,0.74499,0.39918,44.699,0.798,-1,400.000,-1,450.000,-1,350.000,350.000,275.000,300.000,-1,-1,-1,-1,775.000,-1,-1,-1,2,0,2,0,2,0,0,0,0,2,2,2,2,0,2,2,2
68,4563.284,-1964.783,162.454,25.636,0.898685,-0.431976,-0.075910,0.434825,0.900158,0.025340,0.057385,-0.055780,0.996793,0,0.80114,0.51918,48.068,1.038,-1,400.000,-1,450.000,-1,350.000,350.000,275.000,300.000,-1,-1,-1,-1,775.000,-1,-1,-1,2,0,2,0,2,0,0,0,0,2,2,2,2,0,2,2,2
69,4606.175,-1943.010,164.957,26.914,0.889061,-0.452020,-0.072446,0.454555,0.890433,0.022547,0.054317,-0.052976,0.997117,0,0.80169,0.63918,48.102,1.278,-1,400.000,-1,450.000,-1,325.000,350.000,300.000,300.000,-1,-1,-1,-1,775.000,1000.000,-1,-1,2,0,2,0,2,0,0,0,0,2,2,2,2,0,0,2,2
70,4648.488,-1920.102,167.417,28.433,0.876999,-0.475519,-0.068961,0.477769,0.878259,0.019928,0.051089,-0.050424,0.997420,0,0.80195,0.75918,48.117,1.518,-1,400.000,-1,450.000,-1,325.000,350.000,300.000,275.000,-1,-1,-1,-1,750.000,975.000,-1,-1,2,0,2,0,2,0,0,0,0,2,2,2,2,0,0,2,2
71,4690.074,-1895.907,169.740,30.191,0.862187,-0.502293,-0.065850,0.504315,0.863339,0.017690,0.047965,-0.048461,0.997673,0,0.80188,0.87918,48.113,1.758,-1,400.000,-1,450.000,-1,325.000,350.000,300.000,300.000,-1,-1,-1,-1,750.000,950.000,-1,-1,2,0,2,0,2,0,0,0,0,2,2,2,2,0,0,2,2
72,4730.794,-1870.328,171.855,32.137,0.844778,-0.531344,-0.063428,0.533204,0.845837,0.015908,0.045197,-0.047259,0.997860,0,0.80146,0.97278,48.088,1.946,-1,400.000,-1,450.000,-1,325.000,350.000,300.000,300.000,-1,-1,-1,-1,750.000,925.000,-1,-1,2,0,2,0,2,0,0,0,0,2,2,2,2,0,0,2,2
73,4770.586,-1843.411,173.902,34.076,0.826445,-0.559698,-0.061042,0.561410,0.827415,0.014285,0.042511,-0.046075,0.998033,0,0.80070,0.96978,48.042,1.940,-1,400.000,-1,425.000,-1,325.000,350.000,300.000,300.000,-1,-1,-1,-1,725.000,900.000,-1,-1,2,0,2,0,2,0,0,0,0,2,2,2,2,0,0,2,2
74,4809.398,-1815.201,175.878,36.011,0.807204,-0.587346,-0.058701,0.588922,0.808089,0.012813,0.039910,-0.044913,0.998193,0,0.79968,0.96743,47.981,1.935,-1,375.000,-1,425.000,-1,325.000,350.000,300.000,300.000,-1,-1,-1,-1,725.000,875.000,-1,-1,2,0,2,0,2,0,0,0,0,2,2,2,2,0,0,2,2
75,4847.177,-1785.745,177.619,37.943,0.787073,-0.614276,-0.056404,0.615758,0.787839,0.012333,0.036862,-0.044438,0.998332,0,0.79845,0.96625,47.907,1.933,-1,375.000,-1,425.000,-1,325.000,325.000,300.000,300.000,-1,-1,-1,-1,725.000,850.000,-1,-1,2,0,2,0,2,0,0,0,0,2,2,2,2,0,0,2,2
76,4883.877,-1755.087,179.245,39.874,0.766060,-0.640477,-0.054232,0.641881,0.766707,0.012187,0.033774,-0.044146,0.998454,0,0.79702,0.96532,47.821,1.931,-1,375.000,-1,425.000,-1,325.000,325.000,300.000,300.000,-1,-1,-1,-1,700.000,825.000,-1,-1,2,0,2,0,2,0,0,0,0,2,2,2,2,0,0,2,2
77,4919.454,-1723.273,180.808,41.803,0.744181,-0.665936,-0.052195,0.667266,0.744721,0.012078,0.030827,-0.043816,0.998564,0,0.79544,0.96463,47.727,1.929,-1,375.000,-1,400.000,-1,325.000,325.000,300.000,325.000,-1,-1,-1,-1,700.000,800.000,-1,-1,2,0,2,0,2,0,0,0,0,2,2,2,2,0,0,2,2
78,4953.867,-1690.351,182.305,43.732,0.721458,-0.690630,-0.050290,0.691891,0.721902,0.011992,0.028023,-0.043447,0.998663,0,0.79376,0.96420,47.626,1.928,-1,375.000,-1,400.000,-1,300.000,325.000,300.000,325.000,-1,-1,-1,-1,675.000,800.000,-1,-1,2,0,2,0,2,0,0,0,0,2,2,2,2,0,0,2,2
79,4987.080,-1656.364,183.881,45.660,0.697804,-0.714523,-0.050271,0.715768,0.698253,0.010899,0.027314,-0.043588,0.998676,0,0.79202,0.96402,47.521,1.928,-1,375.000,-1,400.000,-1,300.000,325.000,300.000,325.000,-1,-1,-1,-1,675.000,775.000,-1,-1,2,0,2,0,2,0,0,0,0,2,2,2,2,0,0,2,2
80,5019.060,-1621.357,185.072,47.588,0.673321,-0.737646,-0.050182,0.738826,0.673847,0.008108,0.027835,-0.042535,0.998707,0,0.79026,0.96410,47.416,1.928,-1,375.000,-1,400.000,-1,300.000,325.000,300.000,325.000,-1,-1,-1,-1,675.000,775.000,-1,-1,2,0,2,0,2,0,0,0,0,2,2,2,2,0,0,2,2
81,5049.777,-1585.371,186.227,49.517,0.648063,-0.759939,-0.050064,0.761057,0.648663,0.005361,0.028400,-0.041575,0.998732,0,0.78854,0.96443,47.313,1.929,-1,375.000,-1,400.000,-1,300.000,325.000,300.000,325.000,-1,-1,-1,-1,675.000,775.000,-1,-1,2,0,2,0,2,0,0,0,0,2,2,2,2,0,0,2,2
82,5079.203,-1548.449,187.433,51.447,0.622076,-0.781393,-0.049459,0.782430,0.622733,0.002658,0.028723,-0.040352,0.998773,0,0.78690,0.96501,47.214,1.930,-1,375.000,-1,400.000,-1,325.000,325.000,300.000,325.000,-1,-1,-1,-1,700.000,775.000,-1,-1,2,0,2,0,2,0,0,0,0,2,2,2,2,0,0,2,2
83,5107.313,-1510.629,188.737,53.379,0.595391,-0.801994,-0.048120,0.802925,0.596080,0.000052,0.028642,-0.038667,0.998842,0,0.78538,0.96583,47.123,1.932,-1,375.000,-1,400.000,-1,325.000,325.000,300.000,325.000,-1,-1,550.000,-1,700.000,775.000,-1,-1,2,0,2,0,2,0,0,0,0,2,2,0,2,0,0,2,2
84,5134.085,-1471.949,190.010,55.312,0.568000,-0.821702,-0.046713,0.822533,0.568712,-0.002433,0.028565,-0.037041,0.998905,0,0.78403,0.96690,47.042,1.934,-1,375.000,-1,400.000,-1,325.000,325.000,300.000,325.000,-1,925.000,350.000,-1,700.000,750.000,-1,-1,2,0,2,0,2,0,0,0,0,2,0,0,2,0,0,2,2
85,5159.497,-1432.444,191.248,57.249,0.539923,-0.840497,-0.045246,0.841232,0.540653,-0.004793,0.028491,-0.035475,0.998964,0,0.78288,0.96819,46.973,1.936,-1,375.000,-1,400.000,-1,325.000,325.000,300.000,325.000,-1,725.000,225.000,-1,700.000,750.000,-1,-1,2,0,2,0,2,0,0,0,0,2,0,0,2,0,0,2,2
86,5183.530,-1392.150,192.467,59.188,0.511183,-0.858360,-0.043695,0.859000,0.511926,-0.007109,0.028470,-0.033900,0.999020,0,0.78195,0.96972,46.917,1.939,-1,375.000,-1,400.000,-1,325.000,325.000,300.000,325.000,-1,575.000,250.000,-1,700.000,750.000,-1,-1,2,0,2,0,2,0,0,0,0,2,0,0,2,0,0,2,2
87,5206.162,-1351.099,193.699,61.131,0.481804,-0.875273,-0.041979,0.875812,0.482558,-0.009549,0.028615,-0.032165,0.999073,0,0.78128,0.97145,46.877,1.943,-1,375.000,-1,400.000,-1,325.000,325.000,325.000,325.000,-1,475.000,275.000,-1,725.000,750.000,-1,-1,2,0,2,0,2,0,0,0,0,2,0,0,2,0,0,2,2
88,5227.377,-1309.325,194.886,63.078,0.451811,-0.891209,-0.040173,0.891651,0.452569,-0.011847,0.028740,-0.030468,0.999122,0,0.78088,0.97340,46.853,1.947,-1,375.000,-1,400.000,-1,325.000,325.000,325.000,325.000,-1,400.000,300.000,-1,725.000,750.000,-1,-1,2,0,2,0,2,0,0,0,0,2,0,0,2,0,0,2,2
89,5247.153,-1266.858,196.030,65.029,0.421230,-0.906144,-0.038309,0.906495,0.421985,-0.014008,0.028859,-0.028827,0.999168,0,0.78076,0.97555,46.846,1.951,-1,375.000,-1,375.000,-1,325.000,325.000,325.000,300.000,-1,375.000,300.000,-1,750.000,725.000,-1,-1,2,0,2,0,2,0,0,0,0,2,0,0,2,0,0,2,2
90,5265.473,-1223.731,197.368,66.985,0.390088,-0.920037,-0.036924,0.920343,0.390822,-0.015045,0.028273,-0.028114,0.999205,0,0.78095,0.97789,46.857,1.956,-1,375.000,-1,375.000,-1,325.000,325.000,325.000,300.000,-1,375.000,350.000,-1,750.000,725.000,-1,-1,2,0,2,0,2,0,0,0,0,2,0,0,2,0,0,2,2
91,5282.317,-1179.976,198.884,68.946,0.358404,-0.932866,-0.036153,0.933170,0.359112,-0.015235,0.027195,-0.028276,0.999230,0,0.78143,0.98041,46.886,1.961,-1,375.000,-1,375.000,-1,325.000,325.000,325.000,300.000,-1,425.000,400.000,-1,775.000,725.000,-1,-1,2,0,2,0,2,0,0,0,0,2,0,0,2,0,0,2,2
92,5297.665,-1135.623,200.241,70.912,0.326162,-0.944608,-0.036524,0.944934,0.326883,-0.015734,0.026801,-0.029380,0.999209,0,0.78222,0.98310,46.933,1.966,-1,375.000,-1,375.000,-1,325.000,325.000,325.000,300.000,-1,450.000,425.000,-1,775.000,725.000,-1,-1,2,0,2,0,2,0,0,0,0,2,0,0,2,0,0,2,2
93,5311.497,-1090.707,201.524,72.884,0.293435,-0.955261,-0.037057,0.955613,0.294175,-0.016288,0.026460,-0.030632,0.999180,0,0.78330,0.98596,46.998,1.972,-1,400.000,-1,375.000,-1,325.000,325.000,325.000,300.000,-1,475.000,475.000,-1,800.000,750.000,-1,-1,2,0,2,0,2,0,0,0,0,2,0,0,2,0,0,2,2
94,5323.791,-1045.260,202.770,74.862,0.260261,-0.964807,-0.037567,0.965187,0.261019,-0.016838,0.026051,-0.031877,0.999152,0,0.78467,0.98897,47.080,1.978,-1,400.000,-1,375.000,-1,325.000,325.000,325.000,300.000,-1,525.000,500.000,-1,800.000,750.000,-1,-1,2,0,2,0,2,0,0,0,0,2,0,0,2,0,0,2,2
95,5333.590,-1004.131,203.854,76.600,0.230857,-0.972245,-0.038004,0.972650,0.231630,-0.017327,0.025649,-0.032964,0.999127,0,0.70467,0.86897,42.280,1.738,-1,400.000,-1,375.000,-1,325.000,325.000,325.000,300.000,-1,550.000,550.000,-1,825.000,775.000,-1,-1,2,0,2,0,2,0,0,0,0,2,0,0,2,0,0,2,2
96,5341.319,-967.456,204.789,78.097,0.205342,-0.977938,-0.038375,0.978364,0.206129,-0.017758,0.025276,-0.033899,0.999106,0,0.62467,0.74897,37.480,1.498,-1,400.000,-1,375.000,-1,325.000,325.000,325.000,300.000,-1,575.000,575.000,-1,825.000,775.000,-1,-1,2,0,2,0,2,0,0,0,0,2,0,0,2,0,0,2,2
97,5347.356,-935.338,205.584,79.355,0.183808,-0.982201,-0.038688,0.982646,0.184605,-0.018130,0.024950,-0.034684,0.999087,0,0.54467,0.62897,32.680,1.258,-1,400.000,-1,375.000,-1,325.000,325.000,325.000,300.000,-1,575.000,600.000,-1,850.000,800.000,-1,-1,2,0,2,0,2,0,0,0,0,2,0,0,2,0,0,2,2
98,5352.018,-907.850,206.247,80.373,0.166316,-0.985303,-0.038947,0.985763,0.167123,-0.018446,0.024684,-0.035324,0.999071,0,0.46467,0.50897,27.880,1.018,-1,400.000,-1,400.000,-1,325.000,325.000,325.000,300.000,-1,600.000,625.000,-1,850.000,800.000,-1,-1,2,0,2,0,2,0,0,0,0,2,0,0,2,0,0,2,2
99,5355.568,-885.045,206.787,81.151,0.152912,-0.987464,-0.039156,0.987936,0.153727,-0.018706,0.024491,-0.035823,0.999058,0,0.38467,0.38897,23.080,0.778,-1,400.000,-1,400.000,-1,325.000,325.000,325.000,300.000,-1,625.000,625.000,-1,850.000,800.000,-1,-1,2,0,2,0,2,0,0,0,0,2,0,0,2,0,0,2,2
100,5358.210,-866.956,207.209,81.689,0.143626,-0.988851,-0.039319,0.989332,0.144447,-0.018912,0.024380,-0.036184,0.999048,0,0.30467,0.26897,18.280,0.538,-1,400.000,-1,400.000,-1,325.000,325.000,325.000,300.000,-1,625.000,650.000,-1,875.000,800.000,-1,-1,2,0,2,0,2,0,0,0,0,2,0,0,2,0,0,2,2
101,5360.089,-853.607,207.518,81.987,0.138475,-0.989580,-0.039440,0.990066,0.139302,-0.019063,0.024358,-0.036408,0.999040,0,0.22467,0.14897,13.480,0.298,-1,400.000,-1,400.000,-1,325.000,325.000,325.000,300.000,-1,650.000,650.000,-1,875.000,825.000,-1,-1,2,0,2,0,2,0,0,0,0,2,0,0,2,0,0,2,2
102,5361.290,-845.010,207.717,82.045,0.137468,-0.989717,-0.039519,0.990205,0.138301,-0.019159,0.024428,-0.036498,0.999035,0,0.14467,0.02897,8.680,0.058,-1,400.000,-1,400.000,-1,325.000,325.000,325.000,300.000,-1,650.000,675.000,-1,875.000,825.000,-1,-1,2,0,2,0,2,0,0,0,0,2,0,0,2,0,0,2,2
103,5361.840,-841.169,207.806,81.863,0.140609,-0.989275,-0.039557,0.989760,0.141446,-0.019203,0.024592,-0.036452,0.999033,0,0.06467,-0.09103,3.880,-0.182,-1,400.000,-1,400.000,-1,325.000,325.000,325.000,300.000,-1,650.000,675.000,-1,875.000,825.000,-1,-1,2,0,2,0,2,0,0,0,0,2,0,0,2,0,0,2,2
104,5361.703,-842.078,207.784,81.441,0.147890,-0.988212,-0.039556,0.988692,0.148730,-0.019192,0.024849,-0.036270,0.999033,0,-0.01533,-0.21103,-0.920,-0.422,-1,400.000,-1,400.000,-1,325.000,325.000,325.000,300.000,-1,650.000,675.000,-1,875.000,825.000,-1,-1,2,0,2,0,2,0,0,0,0,2,0,0,2,0,0,2,2
105,5360.787,-847.724,207.647,80.779,0.159299,-0.986439,-0.039515,0.986909,0.160141,-0.019127,0.025195,-0.035950,0.999036,0,-0.09533,-0.33103,-5.720,-0.662,-1,400.000,-1,400.000,-1,325.000,325.000,325.000,300.000,-1,650.000,650.000,-1,875.000,825.000,-1,-1,2,0,2,0,2,0,0,0,0,2,0,0,2,0,0,2,2
106,5358.952,-858.082,207.391,79.955,0.173461,-0.984051,-0.039430,0.984509,0.174303,-0.019008,0.025577,-0.035523,0.999042,0,-0.17533,-0.41173,-10.520,-0.823,-1,400.000,-1,400.000,-1,325.000,325.000,325.000,300.000,-1,650.000,650.000,-1,875.000,800.000,-1,-1,2,0,2,0,2,0,0,0,0,2,0,0,2,0,0,2,2
107,5356.064,-873.127,207.012,79.132,0.187592,-0.981461,-0.039300,0.981906,0.188431,-0.018833,0.025890,-0.035055,0.999050,0,-0.25533,-0.41173,-15.320,-0.823,-1,400.000,-1,400.000,-1,325.000,325.000,325.000,300.000,-1,625.000,625.000,-1,850.000,800.000,-1,-1,2,0,2,0,2,0,0,0,0,2,0,0,2,0,0,2,2
108,5352.010,-892.719,206.509,78.309,0.201687,-0.978668,-0.039121,0.979101,0.202520,-0.018605,0.026131,-0.034551,0.999061,0,-0.33347,-0.41173,-20.008,-0.823,-1,400.000,-1,400.000,-1,325.000,325.000,325.000,300.000,-1,625.000,625.000,-1,850.000,800.000,-1,-1,2,0,2,0,2,0,0,0,0,2,0,0,2,0,0,2,2
109,5347.674,-912.252,205.997,77.485,0.215742,-0.975674,-0.038939,0.976095,0.216568,-0.018375,0.026361,-0.034044,0.999073,0,-0.33347,-0.41173,-20.008,-0.823,-1,400.000,-1,400.000,-1,325.000,325.000,325.000,300.000,-1,600.000,600.000,-1,850.000,800.000,-1,-1,2,0,2,0,2,0,0,0,0,2,0,0,2,0,0,2,2
110,5343.059,-931.720,205.478,76.662,0.229752,-0.972477,-0.038753,0.972886,0.230572,-0.018144,0.026580,-0.033534,0.999084,0,-0.33347,-0.41173,-20.008,-0.823,-1,400.000,-1,375.000,-1,325.000,325.000,325.000,300.000,-1,600.000,600.000,-1,850.000,800.000,-1,-1,2,0,2,0,2,0,0,0,0,2,0,0,2,0,0,2,2
111,5338.164,-951.120,204.950,75.838,0.243716,-0.969080,-0.038563,0.969477,0.244528,-0.017911,0.026787,-0.033021,0.999096,0,-0.33347,-0.41173,-20.008,-0.823,-1,400.000,-1,375.000,-1,325.000,325.000,325.000,300.000,-1,575.000,575.000,-1,825.000,775.000,-1,-1,2,0,2,0,2,0,0,0,0,2,0,0,2,0,0,2,2
112,5332.982,-970.477,204.414,75.013,0.257657,-0.965474,-0.038369,0.965860,0.258462,-0.017677,0.026984,-0.032504,0.999107,0,-0.33398,-0.41254,-20.039,-0.825,-1,400.000,-1,375.000,-1,325.000,325.000,325.000,300.000,-1,575.000,550.000,-1,825.000,775.000,-1,-1,2,0,2,0,2,0,0,0,0,2,0,0,2,0,0,2,2
113,5327.507,-989.807,203.869,74.185,0.271591,-0.961656,-0.038170,0.962029,0.272389,-0.017442,0.027170,-0.031984,0.999119,0,-0.33484,-0.41392,-20.090,-0.828,-1,400.000,-1,375.000,-1,325.000,325.000,325.000,300.000,-1,550.000,550.000,-1,825.000,775.000,-1,-1,2,0,2,0,2,0,0,0,0,2,0,0,2,0,0,2,2
114,5321.738,-1009.103,203.316,73.355,0.285515,-0.957622,-0.037967,0.957984,0.286305,-0.017204,0.027345,-0.031460,0.999131,0,-0.33566,-0.41528,-20.139,-0.831,-1,400.000,-1,375.000,-1,325.000,325.000,325.000,300.000,-1,550.000,525.000,-1,825.000,775.000,-1,-1,2,0,2,0,2,0,0,0,0,2,0,0,2,0,0,2,2
115,5315.676,-1028.356,202.753,72.521,0.299423,-0.953373,-0.037759,0.953724,0.300205,-0.016965,0.027509,-0.030932,0.999143,0,-0.33643,-0.41662,-20.186,-0.833,-1,400.000,-1,375.000,-1,325.000,325.000,325.000,300.000,-1,525.000,525.000,-1,825.000,750.000,-1,-1,2,0,2,0,2,0,0,0,0,2,0,0,2,0,0,2,2
116,5309.319,-1047.561,202.183,71.686,0.313313,-0.948907,-0.037546,0.949247,0.314087,-0.016724,0.027662,-0.030401,0.999155,0,-0.33716,-0.41794,-20.229,-0.836,-1,400.000,-1,375.000,-1,325.000,325.000,325.000,300.000,-1,525.000,500.000,-1,800.000,750.000,-1,-1,2,0,2,0,2,0,0,0,0,2,0,0,2,0,0,2,2
117,5302.669,-1066.709,201.604,70.847,0.327179,-0.944225,-0.037329,0.944553,0.327944,-0.016482,0.027804,-0.029866,0.999167,0,-0.33784,-0.41923,-20.270,-0.838,-1,400.000,-1,375.000,-1,325.000,325.000,325.000,300.000,-1,500.000,500.000,-1,800.000,750.000,-1,-1,2,0,2,0,2,0,0,0,0,2,0,0,2,0,0,2,2
118,5295.725,-1085.794,201.018,70.006,0.341016,-0.939325,-0.037106,0.939642,0.341773,-0.016238,0.027935,-0.029329,0.999179,0,-0.33847,-0.42050,-20.308,-0.841,-1,375.000,-1,375.000,-1,325.000,325.000,325.000,300.000,-1,500.000,475.000,-1,800.000,750.000,-1,-1,2,0,2,0,2,0,0,0,0,2,0,0,2,0,0,2,2
119,5288.489,-1104.806,200.424,69.163,0.354822,-0.934206,-0.036879,0.934513,0.355570,-0.015993,0.028054,-0.028789,0.999192,0,-0.33905,-0.42175,-20.343,-0.843,-1,375.000,-1,375.000,-1,325.000,325.000,325.000,300.000,-1,475.000,450.000,-1,800.000,725.000,-1,-1,2,0,2,0,2,0,0,0,0,2,0,0,2,0,0,2,2
120,5280.961,-1123.740,199.754,68.317,0.368575,-0.928862,-0.036988,0.929165,0.369326,-0.015850,0.028383,-0.028526,0.999190,0,-0.33959,-0.42296,-20.375,-0.846,-1,375.000,-1,375.000,-1,325.000,325.000,325.000,300.000,-1,475.000,450.000,-1,775.000,725.000,-1,-1,2,0,2,0,2,0,0,0,0,2,0,0,2,0,0,2,2
121,5273.142,-1142.586,199.048,67.468,0.382280,-0.923296,-0.037234,0.923598,0.383039,-0.015737,0.028792,-0.028374,0.999183,0,-0.34007,-0.42415,-20.404,-0.848,-1,375.000,-1,375.000,-1,325.000,325.000,325.000,300.000,-1,450.000,425.000,-1,775.000,725.000,-1,-1,2,0,2,0,2,0,0,0,0,2,0,0,2,0,0,2,2
122,5265.035,-1161.338,198.333,66.618,0.395938,-0.917512,-0.037494,0.917813,0.396706,-0.015612,0.029199,-0.028231,0.999175,0,-0.34049,-0.42531,-20.430,-0.851,-1,375.000,-1,375.000,-1,325.000,325.000,325.000,300.000,-1,450.000,400.000,-1,775.000,725.000,-1,-1,2,0,2,0,2,0,0,0,0,2,0,0,2,0,0,2,2
123,5256.640,-1179.988,197.610,65.765,0.409544,-0.911508,-0.037770,0.911810,0.410321,-0.015476,0.029604,-0.028101,0.999167,0,-0.34087,-0.42644,-20.452,-0.853,-1,375.000,-1,375.000,-1,325.000,325.000,325.000,300.000,-1,450.000,375.000,-1,775.000,725.000,-1,-1,2,0,2,0,2,0,0,0,0,2,0,0,2,0,0,2,2
124,5249.980,-1194.153,197.070,64.820,0.424498,-0.904624,-0.038170,0.904926,0.425290,-0.015401,0.030165,-0.028003,0.999153,0,-0.26087,-0.47222,-15.652,-0.944,-1,375.000,-1,375.000,-1,325.000,325.000,325.000,300.000,-1,475.000,350.000,-1,775.000,725.000,-1,-1,2,0,2,0,2,0,0,0,0,2,0,0,2,0,0,2,2
125,5245.202,-1203.896,196.685,63.874,0.439366,-0.897483,-0.038501,0.897783,0.440171,-0.015341,0.030715,-0.027825,0.999141,0,-0.18087,-0.47303,-10.852,-0.946,-1,375.000,-1,375.000,-1,325.000,325.000,325.000,300.000,-1,475.000,350.000,-1,775.000,750.000,-1,-1,2,0,2,0,2,0,0,0,0,2,0,0,2,0,0,2,2
126,5242.448,-1209.285,196.459,62.927,0.454133,-0.890091,-0.038753,0.890386,0.454950,-0.015301,0.031250,-0.027557,0.999132,0,-0.10087,-0.47358,-6.052,-0.947,-1,375.000,-1,400.000,-1,325.000,325.000,325.000,300.000,-1,500.000,350.000,-1,750.000,750.000,-1,-1,2,0,2,0,2,0,0,0,0,2,0,0,2,0,0,2,2
127,5241.860,-1210.390,196.397,61.979,0.468788,-0.882453,-0.038919,0.882739,0.469615,-0.015286,0.031766,-0.027190,0.999125,0,-0.02087,-0.47387,-1.252,-0.948,-1,375.000,-1,400.000,-1,325.000,325.000,325.000,300.000,-1,525.000,350.000,-1,750.000,750.000,-1,-1,2,0,2,0,2,0,0,0,0,2,0,0,2,0,0,2,2
128,5243.578,-1207.286,196.504,61.032,0.483321,-0.874574,-0.038992,0.874849,0.484155,-0.015301,0.032260,-0.026717,0.999122,0,0.05913,-0.47393,3.548,-0.948,-1,375.000,-1,400.000,-1,325.000,325.000,325.000,300.000,-1,550.000,350.000,-1,750.000,750.000,-1,-1,2,0,2,0,2,0,0,0,0,2,0,0,2,0,0,2,2
129,5247.742,-1200.050,196.786,60.084,0.497720,-0.866462,-0.038966,0.866720,0.498559,-0.015353,0.032730,-0.026131,0.999123,0,0.13913,-0.47377,8.348,-0.948,-1,375.000,-1,400.000,-1,325.000,325.000,325.000,300.000,-1,600.000,350.000,-1,750.000,750.000,-1,-1,2,0,2,0,2,0,0,0,0,2,0,0,2,0,0,2,2
130,5254.487,-1188.764,197.247,59.137,0.511976,-0.858121,-0.038838,0.858359,0.512817,-0.015448,0.033173,-0.025428,0.999126,0,0.21913,-0.47339,13.148,-0.947,-1,375.000,-1,400.000,-1,325.000,325.000,325.000,300.000,-1,675.000,375.000,-1,750.000,750.000,-1,-1,2,0,2,0,2,0,0,0,0,2,0,0,2,0,0,2,2
131,5263.947,-1173.512,197.893,58.192,0.526080,-0.849559,-0.038604,0.849772,0.526920,-0.015592,0.033588,-0.024602,0.999133,0,0.29913,-0.47281,17.948,-0.946,-1,375.000,-1,400.000,-1,325.000,325.000,325.000,300.000,-1,725.000,400.000,-1,750.000,750.000,-1,-1,2,0,2,0,2,0,0,0,0,2,0,0,2,0,0,2,2
132,5276.254,-1154.381,198.731,57.248,0.540021,-0.840781,-0.038265,0.840965,0.540859,-0.015792,0.033974,-0.023651,0.999143,0,0.37913,-0.47202,22.748,-0.944,-1,375.000,-1,400.000,-1,325.000,325.000,325.000,300.000,-1,825.000,425.000,-1,775.000,750.000,-1,-1,2,0,2,0,2,0,0,0,0,2,0,0,2,0,0,2,2
133,5291.537,-1131.461,199.765,56.306,0.553792,-0.831795,-0.037820,0.831947,0.554623,-0.016054,0.034330,-0.022573,0.999156,0,0.45913,-0.47104,27.548,-0.942,-1,375.000,-1,400.000,-1,325.000,325.000,325.000,300.000,-1,925.000,475.000,-1,775.000,750.000,-1,-1,2,0,2,0,2,0,0,0,0,2,0,0,2,0,0,2,2
134,5309.811,-1104.769,201.017,55.603,0.563965,-0.824956,-0.037308,0.825074,0.564787,-0.016385,0.034588,-0.021541,0.999169,0,0.53913,-0.35104,32.348,-0.702,-1,375.000,-1,375.000,-1,325.000,325.000,300.000,300.000,-1,-1,550.000,-1,775.000,750.000,-1,-1,2,0,2,0,2,0,0,0,0,2,2,0,2,0,0,2,2
135,5331.043,-1074.287,202.437,55.141,0.570605,-0.820386,-0.037111,0.820479,0.571430,-0.016804,0.034992,-0.020860,0.999170,0,0.61913,-0.23104,37.148,-0.462,-1,375.000,-1,375.000,-1,325.000,325.000,300.000,300.000,-1,-1,600.000,-1,775.000,750.000,-1,-1,2,0,2,0,2,0,0,0,0,2,2,0,2,0,0,2,2
136,5354.902,-1040.315,203.913,54.919,0.573755,-0.818166,-0.037543,0.818247,0.574606,-0.017309,0.035734,-0.020788,0.999145,0,0.69187,-0.11104,41.512,-0.222,-1,375.000,-1,400.000,-1,325.000,325.000,300.000,300.000,-1,-1,625.000,-1,775.000,750.000,-1,-1,2,0,2,0,2,0,0,0,0,2,2,0,2,0,0,2,2
137,5378.772,-1006.305,205.405,54.937,0.573473,-0.818344,-0.037964,0.818416,0.574350,-0.017806,0.036376,-0.020859,0.999120,0,0.69253,0.00896,41.552,0.018,-1,375.000,-1,400.000,-1,325.000,325.000,300.000,300.000,-1,-1,625.000,-1,800.000,750.000,-1,-1,2,0,2,0,2,0,0,0,0,2,2,0,2,0,0,2,2
138,5402.513,-972.152,206.910,55.195,0.569756,-0.820918,-0.038372,0.820984,0.570658,-0.018297,0.036917,-0.021078,0.999096,0,0.69322,0.12896,41.593,0.258,-1,375.000,-1,400.000,-1,325.000,325.000,300.000,300.000,-1,-1,625.000,-1,800.000,750.000,-1,-1,2,0,2,0,2,0,0,0,0,2,2,0,2,0,0,2,2
