timestep,x_cm,y_cm,z_cm,yaw_deg,basis_xx,basis_xy,basis_xz,basis_yx,basis_yy,basis_yz,basis_zx,basis_zy,basis_zz,teleport_flag,throttle_cmd,steering_cmd,cmd_move_cm,cmd_turn_deg,lidar_cm_0,lidar_cm_1,lidar_cm_2,lidar_cm_3,lidar_cm_4,lidar_cm_5,lidar_cm_6,lidar_cm_7,lidar_cm_8,lidar_cm_9,lidar_cm_10,lidar_cm_11,lidar_cm_12,lidar_cm_13,lidar_cm_14,lidar_cm_15,lidar_cm_16,lidar_class_0,lidar_class_1,lidar_class_2,lidar_class_3,lidar_class_4,lidar_class_5,lidar_class_6,lidar_class_7,lidar_class_8,lidar_class_9,lidar_class_10,lidar_class_11,lidar_class_12,lidar_class_13,lidar_class_14,lidar_class_15,lidar_class_16
0,-2293.170,-6891.331,80.813,-57.328,0.539747,0.841702,-0.014514,-0.840463,0.539774,0.047599,0.047898,-0.013493,0.998761,1,0.08000,-0.12000,4.800,-0.240,-1,400.000,-1,375.000,-1,325.000,325.000,325.000,225.000,-1,-1,-1,-1,775.000,675.000,-1,-1,2,0,2,0,2,0,0,0,1,2,2,2,2,0,0,2,2
1,-2288.038,-6899.444,81.172,-57.681,0.534552,0.845010,-0.014575,-0.843765,0.534587,0.047719,0.048115,-0.013210,0.998754,0,0.16000,-0.17625,9.600,-0.352,-1,400.000,-1,375.000,-1,325.000,325.000,325.000,225.000,-1,1000.000,-1,-1,775.000,675.000,-1,-1,2,0,2,0,2,0,0,0,1,2,0,2,2,0,0,2,2
2,-2280.415,-6911.661,81.662,-58.035,0.529304,0.848304,-0.014764,-0.847059,0.529357,0.047679,0.048262,-0.012731,0.998754,0,0.24000,-0.17710,14.400,-0.354,-1,400.000,-1,375.000,-1,325.000,325.000,325.000,225.000,-1,975.000,-1,-1,775.000,675.000,-1,-1,2,0,2,0,2,0,0,0,1,2,0,2,2,0,0,2,2
3,-2270.352,-6928.013,82.273,-58.392,0.523990,0.851590,-0.015104,-0.850353,0.524070,0.047432,0.048309,-0.012010,0.998760,0,0.32000,-0.17834,19.200,-0.357,-1,400.000,-1,375.000,-1,325.000,325.000,325.000,225.000,-1,950.000,-1,-1,775.000,675.000,-1,-1,2,0,2,0,2,0,0,0,1,2,0,2,2,0,0,2,2
4,-2257.902,-6948.531,82.991,-58.752,0.518599,0.854875,-0.015629,-0.853657,0.518718,0.046909,0.048208,-0.010985,0.998777,0,0.40000,-0.17990,24.000,-0.360,-1,400.000,-1,375.000,-1,325.000,325.000,325.000,225.000,-1,950.000,-1,-1,750.000,650.000,-1,-1,2,0,2,0,2,0,0,0,1,2,0,2,2,0,0,2,2
5,-2243.118,-6973.247,84.119,-59.115,0.513156,0.858149,-0.015843,-0.856904,0.513287,0.047450,0.048852,-0.010773,0.998748,0,0.48000,-0.18169,28.800,-0.363,-1,400.000,-1,375.000,-1,325.000,325.000,325.000,225.000,-1,850.000,-1,-1,750.000,650.000,-1,-1,2,0,2,0,2,0,0,0,1,2,0,2,2,0,0,2,2
6,-2226.056,-7002.193,85.552,-59.482,0.507646,0.861419,-0.015913,-0.860118,0.507777,0.048575,0.049924,-0.010972,0.998693,0,0.56000,-0.18356,33.600,-0.367,-1,400.000,-1,375.000,-1,325.000,325.000,325.000,200.000,-1,700.000,950.000,-1,750.000,650.000,-1,-1,2,0,2,0,2,0,0,0,1,2,0,0,2,0,0,2,2
7,-2206.771,-7035.399,87.192,-59.853,0.502062,0.864684,-0.016001,-0.863319,0.502191,0.049838,0.051129,-0.011208,0.998629,0,0.64000,-0.18536,38.400,-0.371,-1,400.000,-1,375.000,-1,325.000,325.000,325.000,200.000,-1,525.000,825.000,-1,750.000,650.000,-1,-1,2,0,2,0,2,0,0,0,1,2,0,0,2,0,0,2,2
8,-2186.297,-7071.186,89.789,-60.227,0.496580,0.867905,-0.012249,-0.866551,0.496519,0.050578,0.049979,-0.014501,0.998645,0,0.68716,-0.18688,41.230,-0.374,-1,400.000,-1,375.000,-1,325.000,300.000,325.000,200.000,-1,750.000,-1,-1,725.000,650.000,-1,-1,2,0,2,0,2,0,0,0,1,2,0,2,2,0,0,2,2
9,-2166.512,-7106.302,92.391,-60.602,0.491046,0.871094,-0.008320,-0.869772,0.490790,0.051197,0.048681,-0.017903,0.998654,0,0.67178,-0.18786,40.307,-0.376,-1,400.000,-1,375.000,-1,325.000,300.000,325.000,225.000,-1,-1,-1,-1,700.000,625.000,-1,-1,2,0,2,0,2,0,0,0,1,2,2,2,2,0,0,2,2
10,-2147.396,-7140.756,94.840,-60.979,0.485453,0.874249,-0.004978,-0.872958,0.485031,0.051847,0.047742,-0.020824,0.998643,0,0.65669,-0.18815,39.402,-0.376,-1,375.000,-1,350.000,-1,300.000,300.000,300.000,225.000,-1,-1,-1,-1,700.000,625.000,-1,-1,2,0,2,0,2,0,0,0,1,2,2,2,2,0,0,2,2
11,-2128.929,-7174.562,97.451,-61.354,0.479871,0.877338,-0.001610,-0.876022,0.479250,0.053886,0.048048,-0.024449,0.998546,0,0.64202,-0.18780,38.521,-0.376,-1,375.000,-1,350.000,-1,300.000,300.000,300.000,225.000,-1,-1,-1,-1,675.000,625.000,-1,-1,2,0,2,0,2,0,0,0,1,2,2,2,2,0,0,2,2
12,-2111.085,-7207.739,99.916,-61.728,0.474282,0.880372,0.001254,-0.879029,0.473478,0.055911,0.048629,-0.027619,0.998435,0,0.62785,-0.18687,37.671,-0.374,-1,375.000,-1,350.000,-1,300.000,300.000,300.000,225.000,-1,-1,-1,-1,675.000,650.000,-1,-1,2,0,2,0,2,0,0,0,1,2,2,2,2,0,0,2,2
13,-2093.838,-7240.310,102.244,-62.099,0.468705,0.883347,0.003649,-0.881969,0.467734,0.057927,0.049463,-0.030369,0.998314,0,0.61426,-0.18538,36.856,-0.371,-1,375.000,-1,375.000,-1,300.000,300.000,300.000,225.000,-1,-1,-1,-1,675.000,650.000,-1,-1,2,0,2,0,2,0,0,0,1,2,2,2,2,0,0,2,2
14,-2077.159,-7272.302,104.442,-62.465,0.463159,0.886257,0.005613,-0.884834,0.462035,0.059941,0.050530,-0.032729,0.998186,0,0.60131,-0.18340,36.079,-0.367,-1,375.000,-1,375.000,-1,300.000,300.000,300.000,250.000,-1,-1,-1,-1,675.000,650.000,-1,-1,2,0,2,0,2,0,0,0,1,2,2,2,2,0,0,2,2
15,-2061.019,-7303.743,106.572,-62.827,0.457650,0.889104,0.007068,-0.887631,0.456401,0.061719,0.051649,-0.034520,0.998069,0,0.58904,-0.18095,35.342,-0.362,-1,375.000,-1,375.000,-1,300.000,300.000,300.000,250.000,-1,900.000,-1,-1,675.000,650.000,-1,-1,2,0,2,0,2,0,0,0,1,2,0,2,2,0,0,2,2
16,-2045.387,-7334.665,108.726,-63.184,0.452172,0.891896,0.007856,-0.890383,0.450851,0.062867,0.052529,-0.035421,0.997991,0,0.57747,-0.17807,34.648,-0.356,-1,375.000,-1,375.000,-1,300.000,300.000,300.000,250.000,-1,850.000,-1,-1,675.000,650.000,-1,-1,2,0,2,0,2,0,0,0,1,2,0,2,2,0,0,2,2
17,-2030.236,-7365.099,110.770,-63.533,0.446769,0.894611,0.008302,-0.893042,0.445390,0.064062,0.053613,-0.036035,0.997911,0,0.56661,-0.17481,33.997,-0.350,-1,375.000,-1,375.000,-1,300.000,300.000,300.000,250.000,-1,800.000,-1,-1,675.000,650.000,-1,-1,2,0,2,0,2,0,0,0,1,2,0,2,2,0,0,2,2
18,-2015.535,-7395.076,112.926,-63.876,0.441413,0.897274,0.007327,-0.895580,0.440045,0.065551,0.055593,-0.035497,0.997822,0,0.55646,-0.17120,33.388,-0.342,-1,375.000,-1,375.000,-1,300.000,300.000,300.000,250.000,-1,725.000,-1,-1,675.000,650.000,-1,-1,2,0,2,0,2,0,0,0,1,2,0,2,2,0,0,2,2
19,-2001.256,-7424.628,115.044,-64.210,0.436140,0.899860,0.005755,-0.898011,0.434814,0.067175,0.057946,-0.034466,0.997725,0,0.54701,-0.16726,32.820,-0.335,-1,375.000,-1,375.000,-1,300.000,300.000,300.000,275.000,-1,650.000,975.000,-1,675.000,650.000,-1,-1,2,0,2,0,2,0,0,0,1,2,0,0,2,0,0,2,2
20,-1987.371,-7453.786,117.066,-64.536,0.430969,0.902358,0.003936,-0.900340,0.429705,0.068864,0.060448,-0.033222,0.997618,0,0.53824,-0.16301,32.294,-0.326,-1,375.000,-1,375.000,-1,300.000,300.000,300.000,275.000,-1,575.000,850.000,-1,675.000,675.000,-1,-1,2,0,2,0,2,0,0,0,1,2,0,0,2,0,0,2,2
21,-1973.855,-7482.580,118.999,-64.853,0.425909,0.904764,0.001887,-0.902563,0.424726,0.070618,0.063091,-0.031779,0.997502,0,0.53013,-0.15849,31.808,-0.317,-1,375.000,-1,375.000,-1,300.000,300.000,300.000,275.000,-1,550.000,750.000,-1,700.000,675.000,-1,-1,2,0,2,0,2,0,0,0,1,2,0,0,2,0,0,2,2
22,-1960.682,-7511.039,120.848,-65.161,0.420967,0.907076,-0.000381,-0.904681,0.419886,0.072438,0.065867,-0.030150,0.997373,0,0.52267,-0.15372,31.360,-0.307,-1,375.000,-1,375.000,-1,300.000,300.000,300.000,275.000,-1,525.000,675.000,-1,700.000,675.000,-1,-1,2,0,2,0,2,0,0,0,1,2,0,0,2,0,0,2,2
23,-1947.827,-7539.193,122.618,-65.458,0.416151,0.909291,-0.002854,-0.906691,0.415194,0.074326,0.068769,-0.028344,0.997230,0,0.51582,-0.14871,30.949,-0.297,-1,375.000,-1,375.000,-1,300.000,300.000,300.000,275.000,-1,475.000,600.000,-1,725.000,675.000,-1,-1,2,0,2,0,2,0,0,0,1,2,0,0,2,0,0,2,2
24,-1935.268,-7567.068,124.512,-65.745,0.411517,0.911390,-0.004617,-0.908616,0.410650,0.076052,0.071209,-0.027101,0.997093,0,0.50956,-0.14347,30.573,-0.287,-1,375.000,-1,375.000,-1,300.000,300.000,325.000,275.000,-1,475.000,550.000,-1,725.000,675.000,-1,-1,2,0,2,0,2,0,0,0,1,2,0,0,2,0,0,2,2
25,-1921.034,-7599.452,127.019,-66.272,0.403096,0.915143,-0.005267,-0.912222,0.402257,0.077726,0.073250,-0.026526,0.996961,0,0.58956,-0.26347,35.373,-0.527,-1,375.000,-1,375.000,-1,300.000,300.000,325.000,275.000,-1,475.000,525.000,-1,725.000,700.000,-1,-1,2,0,2,0,2,0,0,0,1,2,0,0,2,0,0,2,2
26,-1905.362,-7636.443,129.884,-67.039,0.390778,0.920466,-0.005955,-0.917371,0.389980,0.079660,0.075646,-0.025667,0.996804,0,0.66956,-0.38347,40.173,-0.767,-1,375.000,-1,375.000,-1,325.000,300.000,325.000,275.000,-1,450.000,500.000,-1,725.000,700.000,-1,-1,2,0,2,0,2,0,0,0,1,2,0,0,2,0,0,2,2
27,-1889.118,-7676.742,133.005,-68.046,0.374499,0.927204,-0.006620,-0.923914,0.373755,0.081795,0.078315,-0.024516,0.996627,0,0.72417,-0.50347,43.450,-1.007,-1,400.000,-1,375.000,-1,325.000,300.000,325.000,275.000,-1,400.000,450.000,-1,725.000,700.000,-1,-1,2,0,2,0,2,0,0,0,1,2,0,0,2,0,0,2,2
28,-1873.811,-7717.237,136.143,-69.293,0.354180,0.935150,-0.007177,-0.931657,0.353501,0.083980,0.081071,-0.023058,0.996442,0,0.72150,-0.62347,43.290,-1.247,-1,400.000,-1,375.000,-1,325.000,300.000,325.000,275.000,-1,375.000,400.000,-1,725.000,700.000,-1,-1,2,0,2,0,2,0,0,0,1,2,0,0,2,0,0,2,2
29,-1859.575,-7758.069,139.307,-70.780,0.329729,0.944045,-0.007601,-0.940340,0.329129,0.086227,0.083904,-0.021284,0.996247,0,0.72070,-0.74347,43.242,-1.487,-1,400.000,-1,375.000,-1,325.000,325.000,325.000,300.000,-1,350.000,375.000,-1,750.000,725.000,-1,-1,2,0,2,0,2,0,0,0,1,2,0,0,2,0,0,2,2
30,-1846.562,-7799.361,142.742,-72.507,0.301128,0.953559,-0.006826,-0.949688,0.300537,0.088146,0.086104,-0.020060,0.996084,0,0.72156,-0.86347,43.293,-1.727,-1,400.000,-1,375.000,-1,325.000,325.000,325.000,300.000,-1,350.000,375.000,-1,750.000,725.000,-1,-1,2,0,2,0,2,0,0,0,1,2,0,0,2,0,0,2,2
31,-1834.936,-7841.210,146.271,-74.473,0.268231,0.963338,-0.005650,-0.959312,0.267638,0.089951,0.088166,-0.018707,0.995930,0,0.72389,-0.98347,43.434,-1.967,-1,400.000,-1,375.000,-1,325.000,325.000,325.000,300.000,-1,325.000,375.000,-1,725.000,750.000,-1,-1,2,0,2,0,2,0,0,0,1,2,0,0,2,0,0,2,2
32,-1824.726,-7883.653,149.837,-76.473,0.234460,0.972116,-0.004338,-0.967935,0.233861,0.091707,0.090164,-0.017303,0.995777,0,0.72755,-1.00000,43.653,-2.000,-1,375.000,-1,375.000,-1,325.000,325.000,300.000,300.000,-1,325.000,375.000,-1,725.000,775.000,-1,-1,2,0,2,0,2,0,0,0,1,2,0,0,2,0,0,2,2
33,-1815.083,-7930.936,153.977,-78.473,0.200360,0.979717,-0.003327,-0.975426,0.199798,0.092866,0.091647,-0.015362,0.995673,0,0.80427,-1.00000,48.256,-2.000,-1,375.000,-1,400.000,-1,325.000,325.000,300.000,300.000,-1,350.000,375.000,-1,725.000,800.000,-1,-1,2,0,2,0,2,0,0,0,1,2,0,0,2,0,0,2,2
34,-1807.085,-7978.595,158.565,-80.473,0.165860,0.986142,-0.003839,-0.981807,0.165493,0.093102,0.092447,-0.011673,0.995649,0,0.80541,-1.00000,48.325,-2.000,-1,375.000,-1,400.000,-1,325.000,325.000,300.000,300.000,-1,400.000,425.000,-1,750.000,800.000,-1,-1,2,0,2,0,2,0,0,0,1,2,0,0,2,0,0,2,2
35,-1800.746,-8026.575,163.180,-82.473,0.131148,0.991353,-0.004382,-0.986975,0.130981,0.093398,0.093165,-0.007924,0.995619,0,0.80662,-1.00000,48.397,-2.000,-1,375.000,-1,400.000,-1,325.000,325.000,300.000,300.000,-1,450.000,450.000,-1,750.000,825.000,-1,-1,2,0,2,0,2,0,0,0,1,2,0,0,2,0,0,2,2
36,-1796.078,-8074.824,167.808,-84.473,0.096270,0.995343,-0.004919,-0.990929,0.096306,0.093730,0.093768,-0.004149,0.995585,0,0.80790,-1.00000,48.474,-2.000,-1,375.000,-1,400.000,-1,325.000,325.000,300.000,300.000,-1,475.000,500.000,-1,775.000,850.000,-1,-1,2,0,2,0,2,0,0,0,1,2,0,0,2,0,0,2,2
37,-1793.091,-8123.285,172.442,-86.473,0.061270,0.998106,-0.005449,-0.993662,0.061511,0.094091,0.094248,-0.000350,0.995549,0,0.80922,-1.00000,48.553,-2.000,-1,375.000,-1,400.000,-1,325.000,325.000,325.000,300.000,-1,525.000,525.000,-1,775.000,875.000,-1,-1,2,0,2,0,2,0,0,0,1,2,0,0,2,0,0,2,2
38,-1791.794,-8171.903,177.076,-88.473,0.026192,0.999639,-0.005976,-0.995171,0.026640,0.094474,0.094599,0.003473,0.995509,0,0.81058,-1.00000,48.635,-2.000,-1,375.000,-1,400.000,-1,325.000,325.000,325.000,300.000,-1,575.000,575.000,-1,800.000,900.000,-1,-1,2,0,2,0,2,0,0,0,1,2,0,0,2,0,0,2,2
39,-1792.196,-8220.620,181.704,-90.473,-0.008920,0.999939,-0.006502,-0.995455,-0.008263,0.094872,0.094813,0.007318,0.995468,0,0.81198,-1.00000,48.719,-2.000,-1,375.000,-1,400.000,-1,325.000,325.000,325.000,300.000,-1,625.000,600.000,-1,800.000,925.000,-1,-1,2,0,2,0,2,0,0,0,1,2,0,0,2,0,0,2,2
40,-1794.301,-8269.378,186.319,-92.473,-0.044022,0.999006,-0.007030,-0.994515,-0.043154,0.095281,0.094883,0.011186,0.995426,0,0.81339,-1.00000,48.804,-2.000,-1,400.000,-1,400.000,-1,325.000,325.000,325.000,300.000,-1,650.000,650.000,-1,825.000,950.000,-1,-1,2,0,2,0,2,0,0,0,1,2,0,0,2,0,0,2,2
41,-1798.113,-8318.119,190.914,-94.473,-0.079071,0.996840,-0.007565,-0.992351,-0.077988,0.095695,0.094802,0.015074,0.995382,0,0.81483,-1.00000,48.890,-2.000,-1,400.000,-1,425.000,-1,325.000,325.000,325.000,300.000,-1,700.000,700.000,-1,850.000,1000.000,-1,-1,2,0,2,0,2,0,0,0,1,2,0,0,2,0,0,2,2
42,-1803.634,-8366.783,195.484,-96.473,-0.114021,0.993445,-0.008113,-0.988967,-0.112723,0.096110,0.094565,0.018982,0.995338,0,0.81627,-1.00000,48.976,-2.000,-1,400.000,-1,425.000,-1,325.000,325.000,300.000,300.000,-1,750.000,725.000,-1,850.000,-1,-1,-1,2,0,2,0,2,0,0,0,1,2,0,0,2,0,2,2,2
43,-1810.862,-8415.311,200.021,-98.473,-0.148830,0.988825,-0.008679,-0.984369,-0.147313,0.096522,0.094165,0.022909,0.995293,0,0.81772,-1.00000,49.063,-2.000,-1,425.000,-1,425.000,-1,325.000,350.000,300.000,300.000,-1,825.000,775.000,-1,975.000,-1,-1,-1,2,0,2,0,2,0,0,0,1,2,0,0,2,0,2,2,2
44,-1819.795,-8463.643,204.521,-100.473,-0.183454,0.982985,-0.009271,-0.978562,-0.181714,0.096931,0.093597,0.026854,0.995248,0,0.81917,-1.00000,49.150,-2.000,-1,425.000,-1,450.000,-1,350.000,350.000,300.000,300.000,-1,875.000,825.000,-1,-1,-1,-1,-1,2,0,2,0,2,0,0,0,1,2,0,0,2,2,2,2,2
45,-1830.428,-8511.718,208.833,-102.473,-0.217782,0.975950,-0.009588,-0.971690,-0.215889,0.095967,0.091589,0.030217,0.995338,0,0.82061,-1.00000,49.237,-2.000,-1,425.000,-1,450.000,-1,350.000,350.000,300.000,300.000,-1,975.000,900.000,-1,-1,-1,-1,-1,2,0,2,0,2,0,0,0,1,2,0,0,2,2,2,2,2
46,-1842.754,-8559.475,212.805,-104.473,-0.251728,0.967755,-0.009130,-0.963746,-0.249800,0.093768,0.088464,0.032404,0.995552,0,0.82205,-1.00000,49.323,-2.000,-1,425.000,-1,450.000,-1,350.000,350.000,300.000,300.000,-1,-1,-1,-1,-1,-1,-1,-1,2,0,2,0,2,0,0,0,1,2,2,2,2,2,2,2,2
47,-1856.765,-8606.856,216.677,-106.473,-0.285358,0.958381,-0.008814,-0.954637,-0.283402,0.091390,0.085089,0.034493,0.995776,0,0.82348,-1.00000,49.409,-2.000,-1,425.000,-1,450.000,-1,350.000,350.000,300.000,300.000,-1,-1,-1,-1,-1,-1,-1,-1,2,0,2,0,2,0,0,0,1,2,2,2,2,2,2,2,2
48,-1872.446,-8653.800,220.138,-108.473,-0.318716,0.947796,-0.010103,-0.944422,-0.316640,0.088349,0.080538,0.037700,0.996038,0,0.82490,-1.00000,49.494,-2.000,-1,425.000,-1,450.000,-1,350.000,350.000,300.000,300.000,-1,-1,-1,-1,-1,-1,-1,-1,2,0,2,0,2,0,0,0,1,2,2,2,2,2,2,2,2
49,-1889.786,-8700.247,223.440,-110.473,-0.351680,0.936045,-0.011890,-0.933065,-0.349479,0.085170,0.075567,0.041047,0.996296,0,0.82630,-1.00000,49.578,-2.000,-1,425.000,-1,450.000,-1,350.000,350.000,300.000,300.000,-1,-1,-1,-1,-1,-1,-1,-1,2,0,2,0,2,0,0,0,1,2,2,2,2,2,2,2,2
50,-1908.768,-8746.137,226.640,-112.473,-0.384188,0.923150,-0.013890,-0.920569,-0.381880,0.081981,0.070377,0.044283,0.996537,0,0.82769,-1.00000,49.662,-2.000,-1,425.000,-1,475.000,-1,350.000,350.000,300.000,300.000,-1,-1,-1,-1,-1,-1,-1,-1,2,0,2,0,2,0,0,0,1,2,2,2,2,2,2,2,2
51,-1929.374,-8791.412,229.731,-114.473,-0.416201,0.909130,-0.016107,-0.906949,-0.413806,0.078796,0.064971,0.047403,0.996761,0,0.82907,-1.00000,49.744,-2.000,-1,425.000,-1,475.000,-1,350.000,350.000,300.000,300.000,-1,-1,-1,-1,-1,-1,-1,-1,2,0,2,0,2,0,0,0,1,2,2,2,2,2,2,2,2
52,-1951.582,-8836.014,232.254,-116.473,-0.447738,0.893926,-0.020636,-0.892280,-0.445178,0.075179,0.058018,0.052073,0.996956,0,0.83042,-1.00000,49.825,-2.000,-1,425.000,-1,475.000,-1,350.000,350.000,300.000,300.000,-1,-1,-1,-1,-1,-1,-1,-1,2,0,2,0,2,0,0,0,1,2,2,2,2,2,2,2,2
53,-1975.372,-8879.884,234.438,-118.473,-0.478687,0.877588,-0.026428,-0.876548,-0.475965,0.071558,0.050220,0.057419,0.997086,0,0.83176,-1.00000,49.906,-2.000,-1,425.000,-1,475.000,-1,325.000,350.000,300.000,300.000,-1,-1,-1,-1,-1,-1,-1,-1,2,0,2,0,2,0,0,0,1,2,2,2,2,2,2,2,2
54,-2000.718,-8922.965,236.473,-120.473,-0.508970,0.860168,-0.032558,-0.859750,-0.506141,0.068192,0.042178,0.062700,0.997141,0,0.83308,-1.00000,49.985,-2.000,-1,450.000,-1,475.000,-1,325.000,350.000,300.000,300.000,-1,-1,-1,-1,-1,-1,-1,-1,2,0,2,0,2,0,0,0,1,2,2,2,2,2,2,2,2
55,-2027.595,-8965.202,238.354,-122.473,-0.538546,0.841693,-0.039010,-0.841914,-0.535669,0.065109,0.033906,0.067907,0.997115,0,0.83438,-1.00000,50.063,-2.000,-1,450.000,-1,475.000,-1,325.000,350.000,300.000,275.000,-1,-1,-1,-1,-1,-1,-1,-1,2,0,2,0,2,0,0,0,1,2,2,2,2,2,2,2,2
56,-2053.057,-9002.625,239.587,-124.233,-0.563970,0.824658,-0.043326,-0.825340,-0.561141,0.062719,0.027410,0.071131,0.997090,0,0.75438,-0.88000,45.263,-1.760,-1,450.000,-1,475.000,-1,325.000,350.000,300.000,275.000,-1,-1,-1,-1,-1,-1,-1,-1,2,0,2,0,2,0,0,0,1,2,2,2,2,2,2,2,2
57,-2076.698,-9035.463,240.419,-125.753,-0.585471,0.809359,-0.046486,-0.810392,-0.582729,0.060749,0.022079,0.073239,0.997070,0,0.67438,-0.76000,40.463,-1.520,-1,450.000,-1,475.000,-1,350.000,350.000,300.000,300.000,-1,-1,-1,-1,-1,-1,-1,-1,2,0,2,0,2,0,0,0,1,2,2,2,2,2,2,2,2
58,-2100.253,-9066.684,241.133,-127.033,-0.603218,0.796032,-0.049610,-0.797393,-0.600582,0.058864,0.017063,0.075067,0.997033,0,0.65183,-0.64000,39.110,-1.280,-1,475.000,-1,475.000,-1,350.000,350.000,300.000,300.000,-1,-1,-1,-1,-1,-1,-1,-1,2,0,2,0,2,0,0,0,1,2,2,2,2,2,2,2,2
59,-2124.415,-9097.443,241.591,-128.151,-0.618388,0.784112,-0.052586,-0.785787,-0.615945,0.056128,0.011621,0.076031,0.997038,0,0.65188,-0.55866,39.113,-1.117,-1,475.000,-1,475.000,-1,350.000,350.000,300.000,300.000,-1,-1,-1,-1,-1,-1,-1,-1,2,0,2,0,2,0,0,0,1,2,2,2,2,2,2,2,2
60,-2149.151,-9127.706,241.539,-129.258,-0.633089,0.772109,-0.055201,-0.774065,-0.631023,0.051326,0.004796,0.075223,0.997155,0,0.65143,-0.55369,39.086,-1.107,-1,475.000,-1,475.000,-1,350.000,350.000,300.000,300.000,-1,-1,-1,-1,-1,-1,-1,-1,2,0,2,0,2,0,0,0,1,2,2,2,2,2,2,2,2
61,-2174.447,-9157.472,241.409,-130.355,-0.647413,0.759929,-0.058000,-0.762137,-0.645733,0.046658,-0.001996,0.074411,0.997226,0,0.65103,-0.54865,39.062,-1.097,-1,475.000,-1,475.000,-1,375.000,350.000,300.000,300.000,-1,-1,-1,-1,-1,-1,-1,-1,2,0,2,0,2,0,0,0,1,2,2,2,2,2,2,2,2
62,-2200.288,-9186.737,241.201,-131.442,-0.661358,0.747588,-0.060974,-0.750019,-0.660073,0.042133,-0.008749,0.073597,0.997250,0,0.65068,-0.54351,39.041,-1.087,-1,475.000,-1,475.000,-1,375.000,350.000,300.000,325.000,-1,-1,-1,-1,-1,-1,-1,-1,2,0,2,0,2,0,0,0,1,2,2,2,2,2,2,2,2
63,-2226.663,-9215.498,240.916,-132.519,-0.674923,0.735098,-0.064111,-0.737726,-0.674044,0.037755,-0.015459,0.072778,0.997228,0,0.65038,-0.53830,39.023,-1.077,-1,475.000,-1,475.000,-1,375.000,350.000,300.000,325.000,-1,-1,-1,-1,-1,-1,-1,-1,2,0,2,0,2,0,0,0,0,2,2,2,2,2,2,2,2
64,-2253.559,-9243.753,240.553,-133.585,-0.688105,0.722474,-0.067400,-0.725273,-0.687644,0.033531,-0.022122,0.071956,0.997162,0,0.65014,-0.53300,39.008,-1.066,-1,475.000,-1,450.000,-1,375.000,350.000,325.000,325.000,-1,-1,-1,-1,-1,-1,-1,-1,2,0,2,0,2,0,0,0,0,2,2,2,2,2,2,2,2
65,-2280.963,-9271.500,239.565,-134.640,-0.700876,0.709770,-0.070706,-0.712678,-0.700915,0.028426,-0.029383,0.070314,0.997092,0,0.64995,-0.52762,38.997,-1.055,-1,475.000,-1,450.000,-1,350.000,350.000,325.000,325.000,-1,-1,-1,-1,-1,-1,-1,-1,2,0,2,0,2,0,0,0,0,2,2,2,2,2,2,2,2
66,-2308.863,-9298.737,238.145,-135.685,-0.713251,0.696978,-0.074125,-0.699935,-0.713838,0.022935,-0.036928,0.068241,0.996985,0,0.64983,-0.52216,38.990,-1.044,-1,450.000,-1,450.000,-1,350.000,350.000,325.000,325.000,-1,-1,-1,-1,-1,-1,-1,-1,2,0,2,0,2,0,0,0,0,2,2,2,2,2,2,2,2
67,-2337.247,-9325.464,236.661,-136.718,-0.725248,0.684086,-0.077726,-0.687056,-0.726389,0.017668,-0.044373,0.066215,0.996818,0,0.64977,-0.51662,38.986,-1.033,-1,450.000,-1,450.000,-1,350.000,350.000,325.000,325.000,-1,-1,-1,-1,-1,-1,-1,-1,2,0,2,0,2,0,0,0,0,2,2,2,2,2,2,2,2
68,-2366.103,-9351.681,235.115,-137.740,-0.736867,0.671108,-0.081494,-0.674057,-0.738571,0.012629,-0.051714,0.064237,0.996594,0,0.64977,-0.51100,38.986,-1.022,-1,450.000,-1,450.000,-1,350.000,350.000,325.000,325.000,-1,-1,-1,-1,-1,-1,-1,-1,2,0,2,0,2,0,0,0,0,2,2,2,2,2,2,2,2
69,-2395.419,-9377.388,233.034,-138.750,-0.748159,0.657986,-0.085513,-0.661018,-0.750303,0.010032,-0.057559,0.064031,0.996287,0,0.64983,-0.50529,38.990,-1.011,-1,450.000,-1,450.000,-1,350.000,350.000,325.000,325.000,-1,-1,-1,-1,-1,-1,-1,-1,2,0,2,0,2,0,0,0,0,2,2,2,2,2,2,2,2
70,-2425.185,-9402.586,230.843,-139.750,-0.759078,0.644804,-0.089602,-0.647929,-0.761660,0.007896,-0.063155,0.064050,0.995946,0,0.64996,-0.49951,38.998,-0.999,-1,425.000,-1,450.000,-1,350.000,350.000,325.000,325.000,-1,-1,-1,-1,1000.000,-1,-1,-1,2,0,2,0,2,0,0,0,0,2,2,2,2,0,2,2,2
71,-2455.390,-9427.275,228.582,-140.737,-0.769623,0.631580,-0.093737,-0.634801,-0.772652,0.006032,-0.068616,0.064147,0.995579,0,0.65017,-0.49364,39.010,-0.987,-1,425.000,-1,425.000,-1,350.000,350.000,325.000,325.000,-1,-1,-1,-1,975.000,975.000,-1,-1,2,0,2,0,2,0,0,0,0,2,2,2,2,0,1,2,2
72,-2486.023,-9451.456,226.251,-141.712,-0.779797,0.618329,-0.097903,-0.621650,-0.783283,0.004437,-0.073942,0.064321,0.995186,0,0.65044,-0.48769,39.026,-0.975,-1,425.000,-1,425.000,-1,350.000,350.000,325.000,325.000,-1,-1,-1,-1,950.000,950.000,-1,-1,2,0,2,0,2,0,0,0,0,2,2,2,2,0,1,2,2
73,-2517.076,-9475.132,223.852,-142.675,-0.789605,0.605063,-0.102087,-0.608491,-0.793555,0.003105,-0.079133,0.064571,0.994771,0,0.65078,-0.48166,39.047,-0.963,-1,425.000,-1,425.000,-1,325.000,350.000,325.000,325.000,-1,-1,-1,-1,925.000,925.000,-1,-1,2,0,2,0,2,0,0,0,0,2,2,2,2,0,1,2,2
74,-2548.537,-9498.303,221.054,-143.627,-0.799189,0.591835,-0.105018,-0.595268,-0.803525,0.001692,-0.083383,0.063866,0.994469,0,0.65120,-0.47555,39.072,-0.951,-1,425.000,-1,425.000,-1,350.000,350.000,325.000,325.000,-1,-1,-1,-1,925.000,875.000,-1,-1,2,0,2,0,2,0,0,0,0,2,2,2,2,0,1,2,2
75,-2580.397,-9520.972,217.619,-144.565,-0.808435,0.578617,-0.107864,-0.582054,-0.813150,0.000464,-0.087442,0.063158,0.994166,0,0.65169,-0.46935,39.102,-0.939,-1,425.000,-1,425.000,1000.000,325.000,350.000,325.000,325.000,-1,-1,-1,-1,900.000,850.000,-1,-1,2,0,2,0,1,0,0,0,0,2,2,2,2,0,1,2,2
76,-2612.648,-9543.144,213.955,-145.491,-0.817237,0.565395,-0.111592,-0.568922,-0.822391,-0.000288,-0.091935,0.063252,0.993754,0,0.65226,-0.46307,39.136,-0.926,-1,425.000,-1,425.000,950.000,325.000,325.000,325.000,325.000,-1,-1,-1,-1,875.000,825.000,-1,-1,2,0,2,0,1,0,0,0,0,2,2,2,2,0,1,2,2
77,-2645.281,-9564.820,210.246,-146.405,-0.825688,0.552205,-0.115363,-0.555841,-0.831289,-0.000791,-0.096337,0.063471,0.993323,0,0.65291,-0.45671,39.174,-0.913,-1,425.000,-1,425.000,900.000,325.000,325.000,325.000,325.000,-1,-1,-1,-1,850.000,800.000,-1,-1,2,0,2,0,1,0,0,0,0,2,2,2,2,0,1,2,2
78,-2678.286,-9586.004,206.509,-147.305,-0.833803,0.539063,-0.119097,-0.542818,-0.839849,-0.001071,-0.100601,0.063755,0.992882,0,0.65363,-0.45026,39.218,-0.901,-1,400.000,-1,425.000,850.000,325.000,325.000,325.000,325.000,-1,-1,-1,-1,825.000,775.000,-1,-1,2,0,2,0,1,0,0,0,0,2,2,2,2,0,1,2,2
79,-2711.657,-9606.700,202.714,-148.193,-0.841605,0.525982,-0.122651,-0.529859,-0.848085,-0.001185,-0.104642,0.063990,0.992449,0,0.65443,-0.44373,39.266,-0.887,-1,400.000,-1,425.000,800.000,325.000,325.000,325.000,325.000,-1,-1,-1,-1,825.000,725.000,-1,975.000,2,0,2,0,1,0,0,0,0,2,2,2,2,0,1,2,1
80,-2745.385,-9626.910,198.323,-149.067,-0.849436,0.513046,-0.123463,-0.516775,-0.856119,-0.002115,-0.106784,0.062006,0.992347,0,0.65532,-0.43711,39.319,-0.874,-1,400.000,-1,400.000,775.000,325.000,325.000,325.000,325.000,-1,-1,-1,-1,800.000,725.000,-1,925.000,2,0,2,0,1,0,0,0,0,2,2,2,2,0,1,2,1
81,-2779.463,-9646.641,193.916,-149.928,-0.856949,0.500183,-0.124316,-0.503777,-0.863829,-0.002904,-0.108840,0.060139,0.992238,0,0.65629,-0.43040,39.377,-0.861,-1,400.000,-1,400.000,725.000,325.000,325.000,325.000,325.000,-1,-1,-1,-1,800.000,700.000,-1,875.000,2,0,2,0,1,0,0,0,0,2,2,2,2,0,1,2,1
82,-2809.715,-9663.388,189.968,-151.029,-0.866329,0.483569,-0.125038,-0.486970,-0.873410,-0.003815,-0.111055,0.057585,0.992145,0,0.57629,-0.55040,34.577,-1.101,-1,400.000,-1,400.000,700.000,325.000,325.000,325.000,325.000,-1,-1,-1,-1,775.000,675.000,-1,825.000,2,0,2,0,1,0,0,0,0,2,2,2,2,0,1,2,1
83,-2836.026,-9677.334,186.419,-152.070,-0.874895,0.467687,-0.125807,-0.470846,-0.882200,-0.005188,-0.113413,0.054696,0.992041,0,0.49629,-0.52083,29.777,-1.042,-1,400.000,-1,400.000,675.000,325.000,325.000,325.000,325.000,-1,-1,-1,-1,775.000,650.000,-1,775.000,2,0,2,0,1,0,0,0,0,2,2,2,2,0,1,2,1
84,-2858.303,-9688.630,183.430,-153.108,-0.883162,0.451697,-0.126468,-0.454633,-0.890657,-0.006270,-0.115472,0.051959,0.991951,0,0.41629,-0.51891,24.977,-1.038,-1,400.000,-1,400.000,650.000,325.000,325.000,325.000,325.000,-1,-1,-1,-1,750.000,625.000,-1,725.000,2,0,2,0,1,0,0,0,0,2,2,2,2,0,1,2,1
85,-2876.462,-9697.429,181.002,-154.142,-0.891131,0.435609,-0.127009,-0.438336,-0.898783,-0.007106,-0.117249,0.049340,0.991876,0,0.33629,-0.51702,20.177,-1.034,-1,400.000,-1,400.000,625.000,325.000,325.000,325.000,325.000,-1,-1,-1,-1,750.000,625.000,-1,700.000,2,0,2,0,1,0,0,0,0,2,2,2,2,0,1,2,1
86,-2890.419,-9703.885,179.142,-155.172,-0.898802,0.419428,-0.127415,-0.421961,-0.906581,-0.007740,-0.118758,0.046808,0.991819,0,0.25629,-0.51515,15.377,-1.030,-1,400.000,-1,400.000,600.000,325.000,325.000,325.000,325.000,-1,-1,-1,-1,725.000,600.000,-1,675.000,2,0,2,0,1,0,0,0,0,2,2,2,2,0,1,2,1
87,-2900.097,-9708.153,177.854,-156.199,-0.906178,0.403164,-0.127671,-0.405512,-0.914053,-0.008207,-0.120007,0.044335,0.991783,0,0.17629,-0.51328,10.577,-1.027,-1,400.000,-1,400.000,600.000,325.000,325.000,325.000,325.000,-1,-1,-1,-1,725.000,600.000,-1,650.000,2,0,2,0,1,0,0,0,0,2,2,2,2,0,1,2,1
88,-2905.425,-9710.389,177.145,-157.222,-0.913260,0.386825,-0.127763,-0.388993,-0.921201,-0.008543,-0.121000,0.041897,0.991768,0,0.09629,-0.51139,5.777,-1.023,-1,400.000,-1,400.000,600.000,325.000,325.000,325.000,325.000,-1,-1,-1,-1,725.000,600.000,-1,650.000,2,0,2,0,1,0,0,0,0,2,2,2,2,0,1,2,1
89,-2906.333,-9710.750,177.023,-158.241,-0.920049,0.370418,-0.127672,-0.372412,-0.928026,-0.008777,-0.121734,0.039472,0.991778,0,0.01629,-0.50949,0.977,-1.019,-1,400.000,-1,400.000,600.000,325.000,325.000,325.000,325.000,-1,-1,-1,-1,725.000,600.000,-1,650.000,2,0,2,0,1,0,0,0,0,2,2,2,2,0,1,2,1
90,-2902.758,-9709.396,177.497,-159.256,-0.926548,0.353952,-0.127384,-0.355773,-0.934530,-0.008937,-0.122207,0.037040,0.991813,0,-0.06371,-0.50755,-3.823,-1.015,-1,400.000,-1,425.000,625.000,325.000,325.000,325.000,325.000,-1,-1,-1,-1,725.000,600.000,-1,650.000,2,0,2,1,1,0,0,0,0,2,2,2,2,0,1,2,1
91,-2894.642,-9706.484,178.575,-160.267,-0.932759,0.337435,-0.126879,-0.339082,-0.940713,-0.009048,-0.122409,0.034583,0.991877,0,-0.14371,-0.50557,-8.623,-1.011,-1,400.000,-1,425.000,650.000,325.000,325.000,325.000,325.000,-1,-1,-1,-1,725.000,600.000,-1,650.000,2,0,2,1,1,0,0,0,0,2,2,2,2,0,1,2,1
92,-2881.930,-9702.174,180.267,-161.274,-0.938684,0.320876,-0.126138,-0.322346,-0.946578,-0.009134,-0.122331,0.032087,0.991971,0,-0.22371,-0.50355,-13.423,-1.007,-1,400.000,-1,425.000,675.000,325.000,325.000,325.000,325.000,-1,-1,-1,-1,725.000,600.000,-1,650.000,2,0,2,0,1,0,0,0,0,2,2,2,2,0,1,2,1
93,-2867.122,-9697.441,182.245,-162.277,-0.944309,0.304281,-0.125275,-0.305573,-0.952124,-0.009249,-0.122091,0.029547,0.992079,0,-0.25910,-0.50148,-15.546,-1.003,-1,400.000,-1,425.000,725.000,325.000,325.000,325.000,325.000,-1,-1,-1,-1,750.000,600.000,-1,675.000,2,0,2,0,1,0,0,0,0,2,2,2,2,0,1,2,1
94,-2852.195,-9692.955,184.248,-163.276,-0.949621,0.287660,-0.124386,-0.288767,-0.957353,-0.009424,-0.121793,0.026969,0.992189,0,-0.25977,-0.49939,-15.586,-0.999,-1,400.000,-1,425.000,775.000,325.000,325.000,325.000,325.000,-1,-1,-1,-1,750.000,600.000,-1,675.000,2,0,2,0,1,0,0,0,0,2,2,2,2,0,1,2,1
95,-2837.150,-9688.718,186.274,-164.270,-0.954622,0.271016,-0.123475,-0.271937,-0.962267,-0.009662,-0.121435,0.024354,0.992301,0,-0.26050,-0.49731,-15.630,-0.995,-1,400.000,-1,425.000,850.000,325.000,325.000,325.000,325.000,-1,-1,-1,-1,750.000,625.000,-1,700.000,2,0,2,0,1,0,0,0,0,2,2,2,2,0,1,2,1
96,-2822.102,-9684.751,188.307,-165.234,-0.959193,0.254813,-0.122554,-0.255548,-0.966745,-0.009950,-0.121014,0.021774,0.992412,0,-0.25936,-0.48173,-15.562,-0.963,-1,400.000,-1,425.000,900.000,325.000,325.000,325.000,325.000,-1,-1,-1,-1,750.000,625.000,-1,725.000,2,0,2,0,1,0,0,0,0,2,2,2,2,0,1,2,1
97,-2806.933,-9681.023,190.365,-166.192,-0.963465,0.238630,-0.121617,-0.239176,-0.970922,-0.010299,-0.120538,0.019165,0.992524,0,-0.26034,-0.47891,-15.620,-0.958,-1,400.000,-1,425.000,1000.000,325.000,325.000,325.000,325.000,-1,-1,-1,-1,775.000,650.000,-1,750.000,2,0,2,0,1,0,0,0,0,2,2,2,2,0,1,2,1
98,-2791.641,-9677.533,192.446,-167.144,-0.967444,0.222469,-0.120666,-0.222825,-0.974800,-0.010709,-0.120007,0.016527,0.992635,0,-0.26142,-0.47619,-15.685,-0.952,-1,400.000,-1,425.000,-1,325.000,350.000,325.000,325.000,-1,-1,-1,-1,775.000,650.000,-1,775.000,2,0,2,0,2,0,0,0,0,2,2,2,2,0,1,2,1
99,-2776.225,-9674.281,194.455,-168.091,-0.971089,0.206332,-0.120053,-0.206535,-0.978379,-0.010888,-0.119704,0.014222,0.992708,0,-0.26259,-0.47358,-15.755,-0.947,-1,400.000,-1,425.000,-1,325.000,350.000,325.000,325.000,-1,-1,-1,-1,775.000,650.000,-1,825.000,2,0,2,0,2,0,0,0,0,2,2,2,2,0,1,2,1
100,-2756.033,-9670.432,197.096,-169.205,-0.975045,0.187278,-0.119225,-0.187297,-0.982240,-0.011154,-0.119196,0.011455,0.992805,0,-0.34259,-0.55701,-20.555,-1.114,-1,400.000,-1,425.000,-1,325.000,350.000,325.000,325.000,-1,-1,-1,-1,800.000,675.000,-1,875.000,2,0,2,0,2,0,0,0,0,2,2,2,2,0,1,2,1
101,-2734.922,-9666.831,199.866,-170.320,-0.978633,0.168144,-0.118346,-0.167973,-0.985725,-0.011490,-0.118589,0.008635,0.992906,0,-0.35693,-0.55722,-21.416,-1.114,-1,400.000,-1,425.000,-1,325.000,350.000,325.000,325.000,-1,-1,-1,-1,800.000,700.000,-1,925.000,2,0,2,0,2,0,0,0,0,2,2,2,2,0,1,2,1
102,-2713.934,-9663.670,202.627,-171.434,-0.981844,0.148940,-0.117473,-0.148576,-0.988829,-0.011902,-0.117933,0.005768,0.993005,0,-0.35375,-0.55732,-21.225,-1.115,-1,400.000,-1,425.000,-1,325.000,350.000,325.000,325.000,-1,-1,-1,-1,800.000,700.000,-1,975.000,2,0,2,0,2,0,0,0,0,2,2,2,2,1,1,2,1
103,-2693.077,-9660.942,205.380,-172.549,-0.984676,0.129678,-0.116609,-0.129117,-0.991552,-0.012392,-0.117231,0.002854,0.993101,0,-0.35057,-0.55730,-21.034,-1.115,-1,425.000,-1,425.000,-1,325.000,350.000,325.000,350.000,-1,-1,-1,-1,800.000,725.000,-1,-1,2,0,2,0,2,0,0,0,0,2,2,2,2,1,1,2,2
104,-2672.359,-9658.642,208.123,-173.663,-0.987126,0.110371,-0.115759,-0.109607,-0.993890,-0.012960,-0.116482,-0.000106,0.993193,0,-0.34742,-0.55717,-20.845,-1.114,-1,425.000,-1,425.000,-1,350.000,350.000,325.000,350.000,-1,-1,-1,-1,800.000,750.000,-1,-1,2,0,2,0,2,0,0,0,0,2,2,2,2,1,1,2,2
105,-2651.786,-9656.762,210.849,-174.777,-0.989193,0.091029,-0.114942,-0.090057,-0.995843,-0.013633,-0.115705,-0.003134,0.993279,0,-0.34430,-0.55693,-20.658,-1.114,-1,425.000,-1,425.000,-1,350.000,350.000,325.000,350.000,-1,-1,-1,-1,825.000,775.000,-1,-1,2,0,2,0,2,0,0,0,0,2,2,2,2,1,1,2,2
106,-2631.365,-9655.296,213.429,-175.890,-0.990862,0.071664,-0.114262,-0.070414,-0.997406,-0.014944,-0.115037,-0.006762,0.993338,0,-0.34122,-0.55658,-20.473,-1.113,-1,425.000,-1,425.000,-1,350.000,350.000,325.000,350.000,-1,-1,-1,-1,825.000,800.000,-1,-1,2,0,2,0,2,0,0,0,0,2,2,2,2,1,1,2,2
107,-2611.100,-9654.236,215.775,-177.003,-0.992205,0.052288,-0.113112,-0.050693,-0.998571,-0.016930,-0.113836,-0.011064,0.993438,0,-0.33821,-0.55613,-20.293,-1.112,-1,425.000,-1,425.000,-1,350.000,350.000,325.000,350.000,-1,-1,-1,-1,825.000,825.000,-1,-1,2,0,2,0,2,0,0,0,0,2,2,2,2,1,1,2,2
108,-2590.994,-9653.574,217.536,-178.114,-0.993190,0.032913,-0.111764,-0.031221,-0.999370,-0.016854,-0.112248,-0.013250,0.993592,0,-0.33528,-0.55557,-20.117,-1.111,-1,425.000,-1,425.000,-1,325.000,350.000,325.000,350.000,-1,-1,-1,-1,825.000,850.000,-1,-1,2,0,2,0,2,0,0,0,0,2,2,2,2,1,1,2,2
109,-2571.049,-9653.304,219.112,-179.224,-0.993846,0.013550,-0.109935,-0.011838,-0.999799,-0.016207,-0.110132,-0.014806,0.993807,0,-0.33243,-0.55491,-19.946,-1.110,-1,425.000,-1,425.000,-1,325.000,350.000,325.000,350.000,-1,-1,-1,-1,850.000,875.000,-1,-1,2,0,2,0,2,0,0,0,0,2,2,2,2,1,1,2,2
110,-2555.903,-9653.329,220.317,-180.093,-0.994089,-0.001630,-0.108555,0.003363,-0.999870,-0.015787,-0.108515,-0.016059,0.993965,0,-0.25243,-0.43491,-15.146,-0.870,-1,425.000,-1,425.000,-1,325.000,350.000,325.000,350.000,-1,-1,-1,-1,850.000,900.000,-1,-1,2,0,2,0,2,0,0,0,0,2,2,2,2,1,1,2,2
111,-2545.558,-9653.460,221.145,-180.723,-0.994111,-0.012620,-0.107625,0.014373,-0.999776,-0.015529,-0.107405,-0.016984,0.994070,0,-0.17243,-0.31491,-10.346,-0.630,-1,425.000,-1,425.000,-1,325.000,350.000,325.000,350.000,-1,-1,-1,-1,850.000,925.000,-1,-1,2,0,2,0,2,0,0,0,0,2,2,2,2,1,1,2,2
112,-2540.013,-9653.568,221.590,-181.113,-0.994054,-0.019422,-0.107144,0.021190,-0.999657,-0.015387,-0.106808,-0.017566,0.994124,0,-0.09243,-0.19491,-5.546,-0.390,-1,425.000,-1,425.000,-1,325.000,350.000,325.000,350.000,-1,-1,-1,-1,850.000,925.000,-1,-1,2,0,2,0,2,0,0,0,0,2,2,2,2,1,1,2,2
113,-2539.267,-9653.585,221.651,-181.263,-0.994003,-0.022036,-0.107109,0.023812,-0.999599,-0.015335,-0.106728,-0.017794,0.994129,0,-0.01243,-0.07491,-0.746,-0.150,-1,425.000,-1,425.000,-1,325.000,350.000,325.000,350.000,-1,-1,-1,-1,850.000,925.000,-1,-1,2,0,2,0,2,0,0,0,0,2,2,2,2,1,1,2,2
114,-2543.321,-9653.502,221.326,-181.173,-0.993992,-0.020463,-0.107521,0.022241,-0.999634,-0.015369,-0.107167,-0.017668,0.994084,0,0.06757,0.04509,4.054,0.090,-1,425.000,-1,425.000,-1,325.000,350.000,325.000,350.000,-1,-1,-1,-1,850.000,925.000,-1,-1,2,0,2,0,2,0,0,0,0,2,2,2,2,1,1,2,2
115,-2552.174,-9653.371,220.616,-180.843,-0.994001,-0.014702,-0.108379,0.016477,-0.999744,-0.015501,-0.108123,-0.017194,0.993989,0,0.14757,0.16509,8.854,0.330,-1,425.000,-1,425.000,-1,325.000,350.000,325.000,350.000,-1,-1,-1,-1,850.000,900.000,-1,-1,2,0,2,0,2,0,0,0,0,2,2,2,2,1,1,2,2
116,-2565.829,-9653.306,219.524,-180.272,-0.993955,-0.004752,-0.109687,0.006521,-0.999854,-0.015767,-0.109596,-0.016387,0.993841,0,0.22757,0.28509,13.654,0.570,-1,425.000,-1,425.000,-1,325.000,350.000,325.000,350.000,-1,-1,-1,-1,850.000,900.000,-1,-1,2,0,2,0,2,0,0,0,0,2,2,2,2,1,1,2,2
117,-2584.283,-9653.402,218.054,-179.701,-0.993749,0.005210,-0.111516,-0.003434,-0.999864,-0.016109,-0.111585,-0.015626,0.993632,0,0.30757,0.28544,18.454,0.571,-1,425.000,-1,425.000,-1,325.000,350.000,325.000,350.000,-1,-1,-1,-1,825.000,875.000,-1,-1,2,0,2,0,2,0,0,0,0,2,2,2,2,1,1,2,2
118,-2607.535,-9653.754,216.206,-179.132,-0.993381,0.015146,-0.113867,-0.013346,-0.999774,-0.016553,-0.114092,-0.014924,0.993358,0,0.38757,0.28470,23.254,0.569,-1,425.000,-1,450.000,-1,325.000,350.000,325.000,350.000,-1,-1,-1,-1,825.000,850.000,-1,-1,2,0,2,0,2,0,0,0,0,2,2,2,2,1,1,2,2
119,-2635.581,-9654.456,213.058,-178.564,-0.993043,0.025053,-0.115059,-0.023445,-0.999608,-0.015301,-0.115397,-0.012497,0.993241,0,0.46757,0.28386,28.054,0.568,-1,425.000,-1,450.000,-1,350.000,350.000,325.000,350.000,-1,-1,-1,-1,800.000,825.000,-1,-1,2,0,2,0,2,0,0,0,0,2,2,2,2,1,1,2,2
120,-2668.415,-9655.603,208.680,-177.998,-0.992561,0.034926,-0.116629,-0.033468,-0.999336,-0.014433,-0.117056,-0.010422,0.993071,0,0.54757,0.28297,32.854,0.566,-1,425.000,-1,425.000,-1,325.000,350.000,325.000,350.000,-1,-1,-1,-1,800.000,800.000,-1,-1,2,0,2,0,2,0,0,0,0,2,2,2,2,1,1,2,2
121,-2706.032,-9657.288,203.673,-177.434,-0.991949,0.044765,-0.118459,-0.043464,-0.998963,-0.013542,-0.118942,-0.008284,0.992867,0,0.62757,0.28208,37.654,0.564,-1,400.000,-1,425.000,-1,325.000,350.000,325.000,350.000,-1,-1,-1,-1,775.000,750.000,-1,-1,2,0,2,0,2,0,0,0,0,2,2,2,2,1,1,2,2
122,-2748.424,-9659.605,198.037,-176.872,-0.991207,0.054571,-0.120543,-0.053435,-0.998491,-0.012637,-0.121050,-0.006085,0.992628,0,0.70757,0.28127,42.454,0.563,-1,400.000,-1,425.000,-1,325.000,350.000,325.000,325.000,-1,-1,-1,-1,750.000,725.000,-1,-1,2,0,2,0,2,0,0,0,0,2,2,2,2,1,1,2,2
123,-2795.581,-9662.645,191.777,-176.310,-0.990334,0.064349,-0.122877,-0.063387,-0.997920,-0.011724,-0.123375,-0.003822,0.992353,0,0.78757,0.28060,47.254,0.561,-1,400.000,-1,425.000,-1,325.000,350.000,325.000,325.000,-1,-1,-1,-1,725.000,675.000,-1,-1,2,0,2,0,2,0,0,0,0,2,2,2,2,1,1,2,2
124,-2845.926,-9666.385,185.102,-175.750,-0.989338,0.074105,-0.125374,-0.073326,-0.997249,-0.010828,-0.125831,-0.001520,0.992050,0,0.84138,0.28015,50.483,0.560,-1,400.000,-1,425.000,-1,325.000,325.000,300.000,325.000,-1,-1,-1,-1,700.000,625.000,-1,900.000,2,0,2,0,2,0,0,0,0,2,2,2,2,1,1,2,1
125,-2900.998,-9671.211,177.812,-174.992,-0.987916,0.087294,-0.128066,-0.086741,-0.996182,-0.009899,-0.128441,0.001329,0.991716,0,0.92138,0.37908,55.283,0.758,-1,400.000,-1,425.000,-1,325.000,325.000,300.000,325.000,-1,-1,-1,-1,675.000,575.000,-1,775.000,2,0,2,1,2,0,0,0,0,2,2,2,2,1,1,2,1
126,-2957.344,-9676.892,170.366,-174.241,-0.986316,0.100341,-0.130816,-0.100020,-0.994944,-0.009038,-0.131061,0.004170,0.991365,0,0.94384,0.37545,56.631,0.751,-1,400.000,-1,400.000,-1,325.000,325.000,300.000,325.000,-1,-1,-1,-1,675.000,525.000,-1,675.000,2,0,2,1,2,0,0,0,0,2,2,2,2,1,1,2,1
127,-3014.002,-9683.349,162.894,-173.498,-0.984550,0.113227,-0.133570,-0.113143,-0.993544,-0.008243,-0.133641,0.006997,0.991005,0,0.95039,0.37134,57.023,0.743,-1,375.000,1000.000,375.000,-1,325.000,325.000,300.000,325.000,-1,-1,-1,-1,650.000,475.000,-1,575.000,2,1,1,1,2,1,1,0,0,2,2,2,2,1,1,2,1
128,-3070.952,-9690.578,155.397,-172.765,-0.982627,0.125934,-0.136324,-0.126093,-0.991990,-0.007499,-0.136176,0.009821,0.990636,0,0.95678,0.36674,57.407,0.733,-1,375.000,950.000,325.000,675.000,300.000,300.000,300.000,325.000,-1,-1,-1,-1,625.000,450.000,-1,500.000,2,1,1,1,1,1,1,0,0,2,2,2,2,1,1,2,1
129,-3128.174,-9698.577,147.881,-172.042,-0.980557,0.138440,-0.139075,-0.138850,-0.990290,-0.006792,-0.138665,0.012650,0.990259,0,0.96296,0.36159,57.778,0.723,-1,350.000,900.000,300.000,525.000,300.000,275.000,300.000,325.000,-1,-1,-1,-1,625.000,400.000,-1,400.000,2,1,1,1,1,1,1,0,0,2,2,2,2,1,1,2,1
130,-3187.525,-9707.385,140.088,-171.559,-0.978927,0.146781,-0.141975,-0.147424,-0.989055,-0.006038,-0.141308,0.015020,0.989852,0,1.00000,0.24159,60.000,0.483,-1,325.000,850.000,275.000,400.000,275.000,250.000,325.000,325.000,-1,-1,-1,-1,600.000,375.000,1000.000,325.000,2,1,1,1,1,1,1,0,0,2,2,2,2,1,1,1,1
131,-3246.838,-9716.445,132.118,-171.315,-0.977907,0.150971,-0.144588,-0.151927,-0.988382,-0.004473,-0.143583,0.017592,0.989482,0,1.00000,0.12159,60.000,0.243,1000.000,325.000,775.000,250.000,325.000,250.000,225.000,325.000,325.000,-1,-1,-1,-1,600.000,325.000,925.000,275.000,0,1,1,1,1,1,1,0,0,2,2,2,2,1,1,1,1
132,-3306.145,-9725.510,128.584,-171.312,-0.980011,0.151049,-0.129472,-0.150162,-0.988521,-0.016638,-0.130499,0.003136,0.991443,0,1.00000,0.00159,60.000,0.003,1000.000,325.000,775.000,250.000,325.000,250.000,225.000,300.000,375.000,-1,-1,-1,-1,700.000,325.000,900.000,250.000,1,1,1,1,1,1,1,0,0,2,2,2,2,0,1,1,1
133,-3365.487,-9734.332,125.429,-171.549,-0.982892,0.146954,-0.111032,-0.144792,-0.989084,-0.027335,-0.113837,-0.010791,0.993441,0,1.00000,-0.11841,60.000,-0.237,1000.000,350.000,775.000,250.000,325.000,275.000,225.000,300.000,425.000,-1,-1,700.000,-1,725.000,350.000,875.000,250.000,1,1,1,1,1,1,1,0,0,2,2,0,2,1,1,1,1
134,-3424.902,-9742.660,122.464,-172.026,-0.986027,0.138687,-0.092290,-0.135827,-0.990056,-0.036609,-0.096450,-0.023562,0.995059,0,1.00000,-0.23841,60.000,-0.477,-1,375.000,775.000,250.000,350.000,275.000,250.000,300.000,475.000,-1,150.000,200.000,-1,700.000,350.000,850.000,225.000,2,1,1,1,1,1,1,0,0,2,0,0,2,1,1,1,1
135,-3484.417,-9750.245,119.401,-172.743,-0.989221,0.126240,-0.074192,-0.123034,-0.991321,-0.046329,-0.079397,-0.036702,0.996167,0,1.00000,-0.35841,60.000,-0.717,-1,400.000,775.000,250.000,425.000,300.000,250.000,300.000,525.000,-1,100.000,175.000,-1,650.000,350.000,800.000,225.000,2,1,1,1,1,1,1,0,1,2,0,0,2,1,1,1,1
