timestep,x_cm,y_cm,z_cm,yaw_deg,basis_xx,basis_xy,basis_xz,basis_yx,basis_yy,basis_yz,basis_zx,basis_zy,basis_zz,teleport_flag,throttle_cmd,steering_cmd,cmd_move_cm,cmd_turn_deg,lidar_cm_0,lidar_cm_1,lidar_cm_2,lidar_cm_3,lidar_cm_4,lidar_cm_5,lidar_cm_6,lidar_cm_7,lidar_cm_8,lidar_cm_9,lidar_cm_10,lidar_cm_11,lidar_cm_12,lidar_cm_13,lidar_cm_14,lidar_cm_15,lidar_cm_16,lidar_class_0,lidar_class_1,lidar_class_2,lidar_class_3,lidar_class_4,lidar_class_5,lidar_class_6,lidar_class_7,lidar_class_8,lidar_class_9,lidar_class_10,lidar_class_11,lidar_class_12,lidar_class_13,lidar_class_14,lidar_class_15,lidar_class_16
0,-6231.196,-984.021,259.795,-121.326,-0.492120,0.835836,0.243302,-0.860916,-0.508709,0.006259,0.129002,-0.206382,0.969930,1,0.00000,0.00000,4.800,-0.240,-1,550.000,-1,300.000,100.000,350.000,275.000,200.000,300.000,150.000,25.000,200.000,-1,-1,450.000,-1,125.000,2,1,2,1,1,1,1,0,1,0,0,0,2,2,1,2,1
1,2295.717,-327.932,489.326,65.617,0.400398,-0.904669,-0.145792,0.911080,0.410052,-0.042301,0.098051,-0.115891,0.988410,1,0.00000,0.00000,4.800,-0.240,-1,500.000,-1,300.000,275.000,325.000,275.000,250.000,250.000,525.000,400.000,-1,900.000,-1,425.000,-1,300.000,2,1,2,1,1,1,1,0,1,0,0,2,1,2,1,2,1
2,-7543.253,3607.636,191.834,78.978,0.193834,-0.979446,-0.055799,0.980044,0.190770,0.055864,-0.044071,-0.065514,0.996878,1,0.00000,0.00000,4.800,0.240,-1,375.000,-1,375.000,-1,300.000,300.000,300.000,325.000,-1,-1,-1,-1,700.000,700.000,-1,-1,2,0,2,0,2,0,0,0,0,2,2,2,2,0,0,2,2
3,-7542.355,3612.351,191.623,79.218,0.189730,-0.980247,-0.055848,0.980840,0.186668,0.055756,-0.044230,-0.065357,0.996881,0,0.08000,0.12000,4.800,0.240,-1,375.000,-1,375.000,-1,300.000,300.000,300.000,325.000,-1,-1,-1,-1,700.000,700.000,-1,-1,2,0,2,0,2,0,0,0,0,2,2,2,2,0,0,2,2
4,-7540.638,3621.796,191.195,79.698,0.181510,-0.981796,-0.055945,0.982380,0.178453,0.055541,-0.044546,-0.065041,0.996888,0,0.16000,0.24000,9.600,0.480,-1,375.000,-1,375.000,-1,300.000,300.000,300.000,325.000,-1,-1,-1,-1,700.000,700.000,-1,-1,2,0,2,0,2,0,0,0,0,2,2,2,2,0,0,2,2
5,-7538.241,3635.995,190.542,80.418,0.169156,-0.983992,-0.056090,0.984561,0.166107,0.055219,-0.045018,-0.064564,0.996898,0,0.24000,0.36000,14.400,0.720,-1,375.000,-1,375.000,-1,300.000,300.000,300.000,325.000,-1,-1,-1,-1,700.000,700.000,-1,-1,2,0,2,0,2,0,0,0,0,2,2,2,2,0,0,2,2
6,-7535.363,3654.977,189.649,81.378,0.152643,-0.986678,-0.056279,0.987227,0.149603,0.054791,-0.045641,-0.063923,0.996911,0,0.32000,0.48000,19.200,0.960,-1,375.000,-1,375.000,-1,300.000,300.000,300.000,325.000,-1,-1,-1,-1,700.000,700.000,-1,-1,2,0,2,0,2,0,0,0,0,2,2,2,2,0,0,2,2
7,-7532.175,3678.764,188.507,82.368,0.135573,-0.989155,-0.056503,0.989690,0.132547,0.054262,-0.046184,-0.063277,0.996927,0,0.40000,0.49475,24.000,0.989,-1,375.000,-1,375.000,-1,300.000,300.000,300.000,325.000,-1,-1,-1,-1,700.000,700.000,-1,-1,2,0,2,0,2,0,0,0,0,2,2,2,2,0,0,2,2
8,-7528.833,3707.369,187.107,83.337,0.118804,-0.991294,-0.056761,0.991824,0.115796,0.053634,-0.046594,-0.062669,0.996946,0,0.48000,0.48474,28.800,0.969,-1,375.000,-1,375.000,-1,300.000,300.000,300.000,300.000,-1,-1,-1,-1,725.000,700.000,-1,-1,2,0,2,0,2,0,0,0,0,2,2,2,2,0,0,2,2
9,-7525.485,3740.801,185.440,84.283,0.102411,-0.993105,-0.057054,0.993637,0.099426,0.052907,-0.046869,-0.062109,0.996968,0,0.56000,0.47276,33.600,0.946,-1,375.000,-1,375.000,-1,300.000,300.000,300.000,300.000,-1,-1,-1,-1,725.000,675.000,-1,-1,2,0,2,0,2,0,0,0,0,2,2,2,2,0,0,2,2
10,-7522.276,3779.067,183.497,85.206,0.086375,-0.994609,-0.057381,0.995153,0.083418,0.052082,-0.047015,-0.061602,0.996993,0,0.64000,0.46152,38.400,0.923,-1,375.000,-1,375.000,-1,300.000,300.000,300.000,300.000,-1,-1,-1,-1,725.000,675.000,-1,-1,2,0,2,0,2,0,0,0,0,2,2,2,2,0,0,2,2
11,-7519.359,3822.167,181.268,86.129,0.070313,-0.995852,-0.057744,0.996414,0.067386,0.051160,-0.047057,-0.061134,0.997020,0,0.72000,0.46152,43.200,0.923,-1,375.000,-1,375.000,-1,300.000,300.000,300.000,300.000,-1,-1,-1,-1,725.000,675.000,-1,-1,2,0,2,0,2,0,0,0,0,2,2,2,2,0,0,2,2
12,-7516.890,3870.103,178.743,87.052,0.054229,-0.996834,-0.058143,0.997422,0.051337,0.050143,-0.047000,-0.060712,0.997048,0,0.80000,0.46152,48.000,0.923,-1,375.000,-1,375.000,-1,300.000,300.000,300.000,300.000,-1,-1,-1,-1,725.000,675.000,-1,-1,2,0,2,0,2,0,0,0,0,2,2,2,2,0,0,2,2
13,-7515.024,3922.870,175.921,87.975,0.038128,-0.997557,-0.058541,0.998173,0.035273,0.049062,-0.046877,-0.060305,0.997079,0,0.88000,0.46152,52.800,0.923,-1,375.000,-1,375.000,-1,300.000,300.000,300.000,300.000,-1,-1,-1,-1,725.000,675.000,-1,-1,2,0,2,0,2,0,0,0,0,2,2,2,2,0,0,2,2
14,-7513.950,3978.694,173.513,88.898,0.022024,-0.997999,-0.059265,0.998671,0.019198,0.047834,-0.046601,-0.060240,0.997096,0,0.93059,0.46152,55.835,0.923,-1,375.000,-1,375.000,-1,300.000,300.000,300.000,300.000,-1,675.000,700.000,-1,725.000,675.000,-1,-1,2,0,2,0,2,0,0,0,0,2,0,0,2,0,0,2,2
15,-7513.776,4034.529,171.244,89.821,0.005927,-0.998152,-0.060478,0.998917,0.003119,0.046427,-0.046152,-0.060687,0.997089,0,0.93059,0.46152,55.835,0.923,-1,375.000,-1,375.000,-1,300.000,300.000,300.000,300.000,-1,675.000,725.000,-1,725.000,675.000,-1,-1,2,0,2,0,2,0,0,0,0,2,0,0,2,0,0,2,2
16,-7514.501,4090.382,168.918,90.744,-0.010170,-0.998045,-0.061662,0.998902,-0.012961,0.045029,-0.045741,-0.061136,0.997081,0,0.93098,0.46152,55.859,0.923,-1,375.000,-1,375.000,-1,300.000,300.000,325.000,300.000,-1,650.000,725.000,-1,725.000,675.000,-1,-1,2,0,2,0,2,0,0,0,0,2,0,0,2,0,0,2,2
17,-7516.139,4146.657,166.516,91.667,-0.026263,-0.997678,-0.062833,0.998626,-0.029036,0.043633,-0.045356,-0.061601,0.997070,0,0.93831,0.46152,56.299,0.923,-1,375.000,-1,375.000,-1,300.000,300.000,325.000,325.000,-1,650.000,725.000,-1,725.000,675.000,-1,-1,2,0,2,0,2,0,0,0,0,2,0,0,2,0,0,2,2
18,-7518.704,4203.341,164.036,92.590,-0.042339,-0.997051,-0.064001,0.998089,-0.045095,0.042236,-0.044998,-0.062091,0.997056,0,0.94570,0.46127,56.742,0.923,-1,400.000,-1,375.000,-1,300.000,300.000,325.000,325.000,-1,650.000,750.000,-1,725.000,675.000,-1,-1,2,0,2,0,2,0,0,0,0,2,0,0,2,0,0,2,2
19,-7522.206,4260.421,161.474,93.511,-0.058384,-0.996164,-0.065174,0.997294,-0.061122,0.040840,-0.044667,-0.062613,0.997038,0,0.95314,0.46076,57.188,0.922,-1,400.000,-1,375.000,-1,300.000,300.000,325.000,325.000,-1,675.000,750.000,-1,725.000,675.000,-1,-1,2,0,2,0,2,0,0,0,0,2,0,0,2,0,0,2,2
20,-7526.660,4317.885,158.827,94.431,-0.074384,-0.995019,-0.066360,0.996242,-0.077106,0.039442,-0.044362,-0.063177,0.997016,0,0.96061,0.45998,57.637,0.920,-1,400.000,-1,375.000,-1,300.000,300.000,325.000,325.000,-1,675.000,750.000,-1,725.000,675.000,-1,-1,2,0,2,0,2,0,0,0,0,2,0,0,2,0,0,2,2
21,-7532.075,4375.719,156.093,95.349,-0.090324,-0.993618,-0.067570,0.994936,-0.093031,0.038040,-0.044084,-0.063792,0.996989,0,0.96812,0.45891,58.087,0.918,-1,400.000,-1,375.000,-1,300.000,300.000,325.000,325.000,-1,675.000,775.000,-1,750.000,675.000,-1,975.000,2,0,2,0,2,0,0,0,0,2,0,0,2,0,0,2,1
22,-7538.463,4433.906,153.269,96.264,-0.106190,-0.991962,-0.068812,0.993379,-0.108883,0.036633,-0.043831,-0.064466,0.996957,0,0.97563,0.45754,58.538,0.915,-1,400.000,975.000,375.000,1000.000,300.000,300.000,325.000,325.000,-1,675.000,775.000,-1,750.000,675.000,-1,925.000,2,0,1,0,1,0,0,0,0,2,0,0,2,0,0,2,1
23,-7545.832,4492.433,150.351,97.176,-0.121965,-0.990056,-0.070096,0.991576,-0.124646,0.035217,-0.043604,-0.065210,0.996918,0,0.98315,0.45584,58.989,0.912,-1,375.000,925.000,375.000,925.000,300.000,300.000,325.000,325.000,-1,700.000,800.000,-1,750.000,675.000,-1,850.000,2,0,1,0,1,0,0,0,0,2,0,0,2,0,0,2,1
24,-7554.190,4551.280,147.361,98.083,-0.137626,-0.987898,-0.071525,0.989530,-0.140304,0.033843,-0.043469,-0.066118,0.996864,0,0.99065,0.45379,59.439,0.908,-1,375.000,875.000,375.000,850.000,300.000,300.000,300.000,325.000,-1,700.000,800.000,-1,750.000,675.000,-1,800.000,2,0,1,0,1,0,0,0,0,2,0,0,2,0,0,2,1
25,-7563.547,4610.431,144.686,98.986,-0.153080,-0.985397,-0.074557,0.987251,-0.155824,0.032468,-0.043612,-0.068636,0.996688,0,0.99812,0.45136,59.887,0.903,-1,375.000,850.000,375.000,775.000,300.000,300.000,300.000,325.000,-1,725.000,850.000,-1,725.000,675.000,-1,725.000,2,0,1,0,1,0,0,0,0,2,0,0,2,0,1,2,1
26,-7573.846,4669.540,142.284,99.883,-0.168442,-0.982736,-0.076527,0.984739,-0.171216,0.031209,-0.043773,-0.070102,0.996579,0,1.00000,0.44855,60.000,0.897,-1,375.000,800.000,375.000,725.000,300.000,300.000,300.000,325.000,-1,775.000,900.000,-1,725.000,625.000,-1,675.000,2,0,1,0,1,0,0,0,0,2,0,0,2,1,1,2,1
27,-7585.063,4728.482,140.037,100.774,-0.183723,-0.979914,-0.077551,0.982015,-0.186462,0.029629,-0.043494,-0.070712,0.996548,0,1.00000,0.44531,60.000,0.891,-1,375.000,750.000,375.000,650.000,300.000,300.000,300.000,325.000,-1,775.000,925.000,-1,700.000,575.000,-1,600.000,2,0,1,0,1,0,0,0,0,2,0,0,2,1,1,2,1
28,-7597.186,4787.244,137.723,101.657,-0.198834,-0.976877,-0.078586,0.979081,-0.201536,0.028005,-0.043195,-0.071373,0.996514,0,1.00000,0.44163,60.000,0.883,-1,400.000,700.000,375.000,575.000,300.000,300.000,325.000,325.000,-1,750.000,975.000,-1,675.000,525.000,-1,550.000,2,0,1,0,1,0,0,0,0,2,0,0,2,1,1,2,1
29,-7610.206,4845.813,135.341,102.532,-0.213757,-0.973636,-0.079634,0.975946,-0.216418,0.026331,-0.042871,-0.072090,0.996476,0,1.00000,0.43747,60.000,0.875,-1,400.000,675.000,375.000,525.000,325.000,300.000,325.000,325.000,-1,750.000,1000.000,-1,650.000,475.000,-1,500.000,2,0,1,0,1,0,0,0,0,2,0,0,2,1,1,2,1
30,-7623.874,4904.235,132.909,103.167,-0.224572,-0.971113,-0.080666,0.973542,-0.227179,0.024626,-0.042240,-0.073001,0.996437,0,1.00000,0.31747,60.000,0.635,-1,400.000,625.000,375.000,450.000,325.000,300.000,325.000,325.000,-1,725.000,975.000,-1,625.000,425.000,-1,425.000,2,0,1,1,1,0,0,0,0,2,0,0,2,1,1,2,1
31,-7637.944,4962.562,130.439,103.562,-0.231309,-0.969444,-0.081695,0.972004,-0.233848,0.022887,-0.041292,-0.074114,0.996395,0,1.00000,0.19747,60.000,0.395,-1,400.000,575.000,325.000,400.000,325.000,300.000,325.000,325.000,-1,700.000,950.000,-1,625.000,375.000,-1,375.000,2,0,1,1,1,0,0,0,0,2,0,0,2,1,1,2,1
32,-7652.172,5020.850,127.946,103.717,-0.233989,-0.968712,-0.082738,0.971415,-0.236446,0.021114,-0.040016,-0.075433,0.996348,0,1.00000,0.07747,60.000,0.155,-1,375.000,525.000,300.000,325.000,300.000,275.000,325.000,325.000,-1,675.000,900.000,-1,600.000,325.000,-1,325.000,2,1,1,1,1,1,1,0,0,2,0,0,2,1,1,2,1
33,-7666.314,5079.160,125.442,103.632,-0.232623,-0.968949,-0.083811,0.971808,-0.234980,0.019308,-0.038403,-0.076957,0.996295,0,1.00000,-0.04253,60.000,-0.085,-1,350.000,450.000,250.000,275.000,275.000,250.000,325.000,325.000,-1,625.000,850.000,-1,575.000,275.000,-1,250.000,2,1,1,1,1,1,1,0,0,2,0,0,2,1,1,2,1
34,-7680.125,5137.548,122.943,103.307,-0.227209,-0.970136,-0.084929,0.973164,-0.229448,0.017475,-0.036440,-0.078679,0.996234,0,1.00000,-0.16253,60.000,-0.325,-1,300.000,400.000,200.000,200.000,250.000,200.000,325.000,325.000,-1,600.000,800.000,-1,525.000,225.000,-1,200.000,2,1,1,1,1,1,1,0,0,2,0,0,2,1,1,2,1
35,-7693.361,5196.071,120.524,102.742,-0.217711,-0.972185,-0.086360,0.975411,-0.219832,0.015742,-0.034288,-0.080809,0.996140,0,1.00000,-0.28253,60.000,-0.565,-1,275.000,325.000,175.000,150.000,200.000,175.000,325.000,325.000,-1,525.000,750.000,-1,450.000,200.000,-1,150.000,2,1,1,1,1,1,1,0,0,2,0,0,2,1,1,2,1
36,-7705.930,5254.738,130.297,102.042,-0.209046,-0.969953,-0.124461,0.977900,-0.206908,-0.030014,0.003361,-0.127985,0.991770,0,1.00000,-0.34992,60.000,-0.700,-1,275.000,350.000,175.000,150.000,225.000,175.000,275.000,475.000,750.000,100.000,225.000,-1,925.000,200.000,-1,125.000,2,1,1,1,1,1,1,0,0,0,0,0,2,0,1,2,1
37,-7717.805,5313.556,142.564,101.334,-0.204695,-0.964244,-0.168326,0.977724,-0.193263,-0.081882,0.046423,-0.181337,0.982325,0,1.00000,-0.35404,60.000,-0.708,-1,325.000,450.000,175.000,125.000,225.000,175.000,250.000,700.000,400.000,25.000,175.000,-1,-1,200.000,-1,125.000,2,1,1,1,1,1,1,0,0,0,0,0,2,2,1,2,1
38,8199.155,-4263.562,175.012,-129.302,-0.633549,0.773642,0.009711,-0.773630,-0.633268,-0.021632,-0.010586,-0.021218,0.999719,1,0.00000,0.00000,60.000,-0.717,-1,400.000,-1,375.000,-1,325.000,325.000,300.000,300.000,-1,-1,-1,-1,700.000,725.000,-1,-1,2,0,2,0,2,0,0,0,0,2,2,2,2,0,0,2,2
39,8196.099,-4267.263,174.966,-129.542,-0.636784,0.770981,0.009739,-0.770971,-0.636502,-0.021639,-0.010484,-0.021288,0.999718,0,0.08000,-0.12000,4.800,-0.240,-1,400.000,-1,375.000,-1,325.000,325.000,300.000,300.000,-1,-1,-1,-1,675.000,725.000,-1,-1,2,0,2,0,2,0,0,0,0,2,2,2,2,0,0,2,2
40,8189.926,-4274.615,174.906,-130.022,-0.643217,0.765622,0.009765,-0.765616,-0.642939,-0.021484,-0.010170,-0.021296,0.999721,0,0.16000,-0.24000,9.600,-0.480,-1,400.000,-1,375.000,-1,325.000,325.000,300.000,300.000,-1,-1,-1,-1,675.000,725.000,-1,-1,2,0,2,0,2,0,0,0,0,2,2,2,2,0,0,2,2
41,8180.527,-4285.525,174.818,-130.742,-0.652783,0.757482,0.009821,-0.757483,-0.652508,-0.021252,-0.009690,-0.021312,0.999726,0,0.24000,-0.36000,14.400,-0.720,-1,400.000,-1,375.000,-1,325.000,325.000,300.000,300.000,-1,-1,-1,-1,675.000,725.000,-1,-1,2,0,2,0,2,0,0,0,0,2,2,2,2,0,0,2,2
42,8167.754,-4299.860,174.708,-131.702,-0.665376,0.746442,0.009931,-0.746453,-0.665107,-0.020982,-0.009057,-0.021374,0.999731,0,0.32000,-0.48000,19.200,-0.960,-1,400.000,-1,375.000,-1,325.000,325.000,300.000,300.000,-1,-1,-1,-1,675.000,725.000,-1,-1,2,0,2,0,2,0,0,0,0,2,2,2,2,0,0,2,2
43,8151.416,-4317.440,174.607,-132.902,-0.680857,0.732346,0.010135,-0.732369,-0.680590,-0.020805,-0.008339,-0.021588,0.999732,0,0.40000,-0.60000,24.000,-1.200,-1,400.000,-1,375.000,-1,325.000,325.000,300.000,300.000,-1,-1,-1,-1,675.000,725.000,-1,-1,2,0,2,0,2,0,0,0,0,2,2,2,2,0,0,2,2
44,8131.287,-4338.038,174.498,-134.342,-0.699040,0.715007,0.010401,-0.715044,-0.698775,-0.020618,-0.007474,-0.021850,0.999733,0,0.48000,-0.72000,28.800,-1.440,-1,400.000,-1,375.000,-1,325.000,325.000,300.000,300.000,-1,-1,-1,-1,675.000,700.000,-1,-1,2,0,2,0,2,0,0,0,0,2,2,2,2,0,0,2,2
45,8107.108,-4361.369,174.383,-136.022,-0.719693,0.694209,0.010760,-0.694262,-0.719432,-0.020434,-0.006444,-0.022177,0.999733,0,0.56000,-0.84000,33.600,-1.680,-1,375.000,-1,375.000,-1,325.000,325.000,300.000,300.000,-1,-1,-1,-1,675.000,700.000,-1,-1,2,0,2,0,2,0,0,0,0,2,2,2,2,0,0,2,2
46,8078.597,-4387.092,174.268,-137.942,-0.742539,0.669709,0.011233,-0.669783,-0.742280,-0.020274,-0.005240,-0.022578,0.999731,0,0.64000,-0.96000,38.400,-1.920,-1,375.000,-1,375.000,-1,325.000,325.000,300.000,300.000,-1,-1,-1,-1,675.000,700.000,-1,-1,2,0,2,0,2,0,0,0,0,2,2,2,2,0,0,2,2
47,8045.532,-4414.894,174.157,-139.942,-0.765448,0.643389,0.011842,-0.643486,-0.765192,-0.020187,-0.003927,-0.023072,0.999726,0,0.72000,-1.00000,43.200,-2.000,-1,375.000,-1,375.000,-1,325.000,325.000,300.000,300.000,-1,-1,-1,-1,675.000,700.000,-1,-1,2,0,2,0,2,0,0,0,0,2,2,2,2,0,0,2,2
48,8009.271,-4443.284,174.056,-141.942,-0.787424,0.616284,0.012563,-0.616406,-0.787169,-0.020186,-0.002551,-0.023639,0.999717,0,0.76754,-1.00000,46.052,-2.000,-1,375.000,-1,375.000,-1,325.000,325.000,300.000,300.000,-1,-1,-1,-1,650.000,700.000,-1,-1,2,0,2,0,2,0,0,0,0,2,2,2,2,0,0,2,2
49,7972.041,-4470.390,173.972,-143.942,-0.808439,0.588428,0.013348,-0.588578,-0.808186,-0.020256,-0.001131,-0.024232,0.999706,0,0.76754,-1.00000,46.052,-2.000,-1,375.000,-1,375.000,-1,325.000,325.000,300.000,300.000,-1,-1,-1,-1,650.000,700.000,-1,-1,2,0,2,0,2,0,0,0,0,2,2,2,2,0,0,2,2
50,7933.888,-4496.181,173.957,-145.942,-0.828466,0.559853,0.014435,-0.560039,-0.828213,-0.020476,0.000492,-0.025048,0.999686,0,0.76754,-1.00000,46.052,-2.000,-1,375.000,-1,375.000,-1,325.000,325.000,300.000,300.000,-1,-1,-1,-1,650.000,700.000,-1,-1,2,0,2,0,2,0,0,0,0,2,2,2,2,0,0,2,2
51,7894.858,-4520.625,174.059,-147.942,-0.847476,0.530594,0.015929,-0.530827,-0.847225,-0.020783,0.002469,-0.026069,0.999657,0,0.76754,-1.00000,46.052,-2.000,-1,375.000,-1,375.000,-1,325.000,325.000,300.000,300.000,-1,-1,-1,-1,650.000,700.000,-1,-1,2,0,2,0,2,0,0,0,0,2,2,2,2,0,0,2,2
52,7854.999,-4543.691,174.351,-149.942,-0.865443,0.500698,0.017612,-0.500983,-0.865218,-0.020336,0.005056,-0.026423,0.999638,0,0.76754,-1.00000,46.052,-2.000,-1,375.000,-1,375.000,-1,325.000,325.000,300.000,300.000,-1,925.000,-1,-1,650.000,700.000,-1,-1,2,0,2,0,2,0,0,0,0,2,0,2,2,0,0,2,2
53,7814.359,-4565.352,174.662,-151.942,-0.882350,0.470193,0.019399,-0.470530,-0.882156,-0.020042,0.007690,-0.026812,0.999611,0,0.76754,-1.00000,46.052,-2.000,-1,375.000,-1,375.000,-1,325.000,325.000,300.000,300.000,-1,750.000,975.000,-1,650.000,725.000,-1,-1,2,0,2,0,2,0,0,0,0,2,0,0,2,0,0,2,2
54,7772.987,-4585.582,175.098,-153.942,-0.898189,0.439120,0.020766,-0.439497,-0.898029,-0.019678,0.010007,-0.026801,0.999591,0,0.76754,-1.00000,46.052,-2.000,-1,375.000,-1,375.000,-1,325.000,325.000,300.000,300.000,-1,650.000,800.000,-1,650.000,725.000,-1,-1,2,0,2,0,2,0,0,0,0,2,0,0,2,0,0,2,2
55,7730.935,-4604.355,175.689,-155.942,-0.912943,0.407517,0.021574,-0.407914,-0.912820,-0.019137,0.011894,-0.026272,0.999584,0,0.76754,-1.00000,46.052,-2.000,-1,375.000,-1,375.000,-1,325.000,325.000,300.000,300.000,-1,625.000,725.000,-1,650.000,725.000,-1,-1,2,0,2,0,2,0,0,0,0,2,0,0,2,0,0,2,2
56,7683.885,-4623.649,176.628,-157.702,-0.924992,0.379302,0.022804,-0.379714,-0.924934,-0.017713,0.014374,-0.025044,0.999583,0,0.84754,-0.88000,50.852,-1.760,-1,375.000,-1,375.000,-1,325.000,325.000,300.000,300.000,-1,600.000,675.000,-1,650.000,725.000,-1,-1,2,0,2,0,2,0,0,0,0,2,0,0,2,0,0,2,2
57,7634.037,-4642.562,177.683,-159.222,-0.934690,0.354642,0.024141,-0.355070,-0.934694,-0.016506,0.016710,-0.024000,0.999572,0,0.88859,-0.76000,53.315,-1.520,-1,375.000,-1,400.000,-1,325.000,325.000,300.000,300.000,-1,600.000,650.000,-1,650.000,725.000,-1,-1,2,0,2,0,2,0,0,0,0,2,0,0,2,0,0,2,2
58,7583.400,-4660.491,178.765,-160.502,-0.942339,0.333682,0.025565,-0.334122,-0.942405,-0.015365,0.018966,-0.023020,0.999555,0,0.89528,-0.64000,53.717,-1.280,-1,375.000,-1,400.000,-1,325.000,325.000,275.000,300.000,-1,600.000,625.000,-1,675.000,725.000,-1,-1,2,0,2,0,2,0,0,0,0,2,0,0,2,0,0,2,2
59,7532.060,-4677.627,179.871,-161.542,-0.948197,0.316529,0.027061,-0.316979,-0.948326,-0.014256,0.021150,-0.022096,0.999532,0,0.90208,-0.52000,54.125,-1.040,-1,375.000,-1,400.000,-1,325.000,325.000,275.000,300.000,-1,600.000,625.000,-1,675.000,750.000,-1,-1,2,0,2,0,2,0,0,0,0,2,0,0,2,0,0,2,2
60,7480.090,-4694.170,181.000,-162.342,-0.952477,0.303263,0.028615,-0.303720,-0.952671,-0.013149,0.023273,-0.021215,0.999504,0,0.90897,-0.40000,54.538,-0.800,-1,375.000,-1,400.000,-1,325.000,325.000,275.000,300.000,-1,575.000,625.000,-1,675.000,750.000,-1,-1,2,0,2,0,2,0,0,0,0,2,0,0,2,0,0,2,2
61,7427.563,-4710.327,182.152,-162.902,-0.955345,0.293943,0.030216,-0.294402,-0.955606,-0.012006,0.025345,-0.020366,0.999471,0,0.91593,-0.28000,54.956,-0.560,-1,375.000,-1,400.000,-1,325.000,325.000,275.000,300.000,-1,575.000,600.000,-1,675.000,750.000,-1,-1,2,0,2,0,2,0,0,0,0,2,0,0,2,0,0,2,2
62,7374.544,-4726.312,183.324,-163.222,-0.956918,0.288606,0.031852,-0.289065,-0.957249,-0.010792,0.027376,-0.019535,0.999434,0,0.92294,-0.16000,55.376,-0.320,-1,375.000,-1,400.000,-1,325.000,325.000,275.000,300.000,-1,575.000,600.000,-1,675.000,750.000,-1,-1,2,0,2,0,2,0,0,0,0,2,0,0,2,0,0,2,2
63,7321.098,-4742.343,184.513,-163.302,-0.957262,0.287273,0.033513,-0.287726,-0.957666,-0.009471,0.029374,-0.018708,0.999393,0,0.92997,-0.04000,55.798,-0.080,-1,375.000,-1,400.000,-1,325.000,325.000,275.000,300.000,-1,575.000,550.000,-1,700.000,775.000,-1,1000.000,2,0,2,0,2,0,0,0,0,2,0,0,2,0,1,2,1
64,7267.295,-4758.647,185.911,-163.142,-0.956411,0.289949,0.034735,-0.290395,-0.956870,-0.008443,0.030789,-0.018162,0.999361,0,0.93699,0.08000,56.220,0.160,-1,375.000,-1,400.000,-1,325.000,325.000,275.000,300.000,-1,550.000,525.000,-1,700.000,750.000,-1,925.000,2,0,2,0,2,0,0,0,0,2,0,0,2,0,1,2,1
65,7213.205,-4775.450,187.579,-162.742,-0.954326,0.296625,0.035713,-0.297058,-0.954831,-0.007376,0.031912,-0.017648,0.999335,0,0.94399,0.20000,56.639,0.400,-1,375.000,975.000,400.000,-1,325.000,325.000,275.000,300.000,-1,550.000,525.000,-1,700.000,700.000,-1,875.000,2,0,1,0,2,0,0,0,0,2,0,0,2,0,1,2,1
66,7158.912,-4792.984,189.273,-162.102,-0.950914,0.307275,0.036674,-0.307691,-0.951467,-0.006148,0.033005,-0.017131,0.999308,0,0.95091,0.32000,57.054,0.640,-1,375.000,925.000,400.000,-1,325.000,325.000,275.000,300.000,-1,550.000,500.000,-1,700.000,675.000,1000.000,800.000,2,0,1,0,2,0,0,0,0,2,0,0,2,0,1,1,1
67,7104.508,-4811.481,191.177,-161.222,-0.946072,0.321858,0.036804,-0.322220,-0.946655,-0.004206,0.033487,-0.015838,0.999314,0,0.95770,0.44000,57.462,0.880,-1,375.000,875.000,400.000,900.000,325.000,325.000,275.000,300.000,-1,575.000,525.000,-1,700.000,625.000,950.000,750.000,2,0,1,0,1,0,0,0,0,2,0,0,2,0,1,1,1
68,7050.105,-4831.172,193.125,-160.102,-0.939591,0.340308,0.036869,-0.340607,-0.940204,-0.001961,0.033997,-0.014401,0.999318,0,0.96428,0.56000,57.857,1.120,-1,375.000,825.000,400.000,775.000,325.000,325.000,275.000,300.000,-1,600.000,550.000,-1,700.000,600.000,900.000,675.000,2,0,1,0,1,0,0,0,0,2,0,0,2,0,1,1,1
69,6995.833,-4852.285,195.067,-158.742,-0.931243,0.362534,0.036822,-0.362766,-0.931880,0.000401,0.034459,-0.012985,0.999322,0,0.97057,0.68000,58.234,1.360,-1,375.000,775.000,400.000,675.000,325.000,325.000,275.000,300.000,-1,625.000,575.000,-1,675.000,550.000,875.000,600.000,2,0,1,0,1,0,0,0,0,2,0,0,2,1,1,1,1
70,6941.849,-4875.042,196.998,-157.142,-0.920755,0.388419,0.036622,-0.388581,-0.921410,0.002889,0.034866,-0.011571,0.999325,0,0.97642,0.80000,58.585,1.600,-1,375.000,725.000,400.000,575.000,325.000,325.000,275.000,300.000,-1,650.000,575.000,-1,650.000,500.000,825.000,550.000,2,0,1,0,1,0,0,0,0,2,0,0,2,1,1,1,1
71,6888.248,-4899.459,198.921,-155.509,-0.909315,0.414528,0.036226,-0.414614,-0.909981,0.005480,0.035236,-0.010037,0.999329,0,0.98167,0.81657,58.900,1.633,-1,375.000,675.000,375.000,500.000,325.000,325.000,275.000,300.000,-1,675.000,600.000,-1,625.000,475.000,800.000,475.000,2,0,1,1,1,0,0,0,0,2,0,0,2,1,1,1,1
72,6835.109,-4925.501,200.838,-153.892,-0.897266,0.440050,0.035620,-0.440054,-0.897934,0.008157,0.035574,-0.008356,0.999332,0,0.98629,0.80857,59.177,1.617,-1,375.000,625.000,350.000,425.000,325.000,325.000,275.000,300.000,-1,700.000,600.000,-1,575.000,425.000,775.000,425.000,2,0,1,1,1,0,0,0,0,2,0,0,2,1,1,1,1
73,6782.510,-4953.125,202.745,-152.293,-0.884655,0.464947,0.034798,-0.464865,-0.885315,0.010903,0.035876,-0.006531,0.999335,0,0.99018,0.79967,59.411,1.599,1000.000,375.000,575.000,325.000,350.000,325.000,300.000,300.000,275.000,-1,725.000,625.000,-1,550.000,375.000,725.000,350.000,1,0,1,1,1,0,1,0,0,2,0,0,2,1,1,1,1
74,6730.534,-4982.277,204.745,-150.713,-0.871512,0.489179,0.034210,-0.489017,-0.872170,0.013516,0.036449,-0.004950,0.999323,0,0.99321,0.78980,59.593,1.580,975.000,375.000,525.000,275.000,300.000,300.000,275.000,300.000,275.000,-1,725.000,625.000,-1,500.000,350.000,700.000,300.000,1,0,1,1,1,0,1,0,0,2,0,0,2,1,1,1,1
75,6679.267,-5012.893,207.246,-149.155,-0.857841,0.512708,0.035198,-0.512513,-0.858548,0.015033,0.037927,-0.005143,0.999267,0,0.99523,0.77891,59.714,1.558,950.000,375.000,475.000,250.000,225.000,300.000,250.000,300.000,300.000,-1,725.000,600.000,-1,475.000,300.000,675.000,250.000,1,1,1,1,1,1,1,0,0,2,0,0,2,1,1,1,1
76,6628.794,-5044.898,210.761,-147.621,-0.843563,0.535492,0.040625,-0.535356,-0.844492,0.015056,0.042370,-0.009048,0.999061,0,0.99606,0.76696,59.764,1.534,925.000,350.000,450.000,225.000,200.000,275.000,225.000,300.000,300.000,-1,650.000,525.000,-1,450.000,275.000,625.000,200.000,1,1,1,1,1,1,1,0,0,2,0,0,2,1,1,1,1
77,6579.206,-5078.205,219.622,-146.113,-0.827366,0.557250,0.070262,-0.558163,-0.829695,0.007718,0.062597,-0.032832,0.997499,0,0.99554,0.75392,59.733,1.508,-1,325.000,450.000,225.000,175.000,275.000,225.000,275.000,350.000,-1,350.000,350.000,-1,450.000,275.000,650.000,200.000,2,1,1,1,1,1,1,0,1,2,0,0,2,1,1,1,1
78,6530.598,-5112.714,228.507,-144.634,-0.809945,0.577869,0.100283,-0.580639,-0.814159,0.001900,0.082745,-0.056689,0.994957,0,0.99349,0.73977,59.609,1.480,-1,325.000,450.000,225.000,175.000,250.000,225.000,250.000,375.000,925.000,250.000,275.000,-1,450.000,275.000,650.000,175.000,2,1,1,1,1,1,1,0,1,0,0,0,2,1,1,1,1
79,6483.061,-5148.311,237.399,-143.185,-0.791330,0.597285,0.130567,-0.602697,-0.797966,-0.002448,0.102725,-0.080630,0.991437,0,0.98972,0.72452,59.383,1.449,-1,325.000,450.000,225.000,175.000,250.000,200.000,250.000,375.000,600.000,175.000,250.000,-1,450.000,275.000,675.000,175.000,2,1,1,1,1,1,1,0,1,0,0,0,2,1,1,1,1
80,6435.802,-5185.287,246.426,-141.976,-0.773764,0.612597,0.161288,-0.621482,-0.783405,-0.006006,0.122675,-0.104885,0.986889,0,1.00000,0.60452,60.000,1.209,-1,325.000,500.000,225.000,150.000,250.000,200.000,250.000,375.000,425.000,100.000,225.000,-1,450.000,275.000,700.000,175.000,2,1,1,1,1,1,1,0,1,0,0,0,2,1,1,1,1
81,9511.019,-5575.423,147.087,-28.716,0.876929,0.480354,0.015965,-0.479656,0.876791,-0.034168,-0.030411,0.022306,0.999289,1,0.00000,0.00000,60.000,0.969,-1,400.000,-1,400.000,-1,325.000,325.000,300.000,300.000,-1,-1,-1,-1,850.000,825.000,-1,-1,2,0,2,0,2,0,0,0,0,2,2,2,2,0,0,2,2
82,9515.221,-5577.743,146.963,-28.896,0.875414,0.483106,0.016079,-0.482400,0.875278,-0.034321,-0.030654,0.022289,0.999281,0,0.08000,-0.08998,4.800,-0.180,-1,400.000,-1,400.000,-1,325.000,325.000,300.000,300.000,-1,-1,-1,-1,850.000,825.000,-1,-1,2,0,2,0,2,0,0,0,0,2,2,2,2,0,0,2,2
83,9523.611,-5582.408,146.711,-29.076,0.873889,0.485852,0.016321,-0.485132,0.873756,-0.034599,-0.031071,0.022318,0.999268,0,0.16000,-0.08998,9.600,-0.180,-1,400.000,-1,400.000,-1,325.000,325.000,300.000,300.000,-1,-1,-1,-1,850.000,825.000,-1,-1,2,0,2,0,2,0,0,0,0,2,2,2,2,0,0,2,2
84,9536.174,-5589.445,146.329,-29.256,0.872352,0.488593,0.016684,-0.487852,0.872224,-0.035003,-0.031654,0.022395,0.999248,0,0.24000,-0.08998,14.400,-0.180,-1,400.000,-1,400.000,-1,325.000,325.000,300.000,300.000,-1,-1,-1,-1,850.000,825.000,-1,-1,2,0,2,0,2,0,0,0,0,2,2,2,2,0,0,2,2
85,9552.896,-5598.881,145.813,-29.436,0.870805,0.491329,0.017156,-0.490560,0.870683,-0.035530,-0.032394,0.022524,0.999221,0,0.32000,-0.08998,19.200,-0.180,-1,400.000,-1,400.000,-1,325.000,325.000,300.000,300.000,-1,-1,-1,-1,850.000,825.000,-1,-1,2,0,2,0,2,0,0,0,0,2,2,2,2,0,0,2,2
86,9573.760,-5610.742,145.158,-29.616,0.869248,0.494059,0.017722,-0.493255,0.869132,-0.036181,-0.033278,0.022709,0.999188,0,0.40000,-0.08998,24.000,-0.180,-1,400.000,-1,400.000,-1,325.000,325.000,300.000,300.000,-1,-1,-1,-1,850.000,825.000,-1,-1,2,0,2,0,2,0,0,0,0,2,2,2,2,0,0,2,2
87,9598.753,-5625.053,144.358,-29.796,0.867680,0.496784,0.018363,-0.495939,0.867571,-0.036955,-0.034290,0.022958,0.999148,0,0.48000,-0.08998,28.800,-0.180,-1,400.000,-1,400.000,-1,325.000,325.000,300.000,300.000,-1,-1,-1,-1,850.000,825.000,-1,-1,2,0,2,0,2,0,0,0,0,2,2,2,2,0,0,2,2
88,9627.859,-5641.841,143.407,-29.976,0.866103,0.499502,0.019057,-0.498610,0.866000,-0.037848,-0.035409,0.023278,0.999102,0,0.56000,-0.08998,33.600,-0.180,-1,400.000,-1,400.000,-1,325.000,325.000,300.000,300.000,-1,-1,-1,-1,850.000,825.000,-1,-1,2,0,2,0,2,0,0,0,0,2,2,2,2,0,0,2,2
89,9661.062,-5661.132,142.210,-30.156,0.864512,0.502219,0.019874,-0.501284,0.864426,-0.038511,-0.036520,0.023331,0.999061,0,0.64000,-0.08998,38.400,-0.180,-1,400.000,-1,400.000,-1,325.000,325.000,300.000,300.000,-1,-1,-1,-1,850.000,825.000,-1,-1,2,0,2,0,2,0,0,0,0,2,2,2,2,0,0,2,2
90,9698.347,-5682.951,140.645,-30.336,0.862908,0.504939,0.020641,-0.503993,0.862857,-0.038330,-0.037165,0.022672,0.999052,0,0.72000,-0.08998,43.200,-0.180,-1,400.000,-1,400.000,-1,325.000,325.000,300.000,300.000,-1,-1,-1,-1,850.000,825.000,-1,-1,2,0,2,0,2,0,0,0,0,2,2,2,2,0,0,2,2
91,9739.698,-5707.324,138.880,-30.516,0.861295,0.507654,0.021422,-0.506695,0.861279,-0.038191,-0.037838,0.022040,0.999041,0,0.80000,-0.08998,48.000,-0.180,-1,400.000,-1,400.000,-1,325.000,325.000,300.000,300.000,-1,-1,-1,-1,850.000,825.000,-1,-1,2,0,2,0,2,0,0,0,0,2,2,2,2,0,0,2,2
92,9784.271,-5733.785,136.781,-30.696,0.859648,0.510370,0.022978,-0.509392,0.859703,-0.037812,-0.039052,0.020800,0.999021,0,0.86392,-0.08998,51.835,-0.180,-1,400.000,-1,400.000,-1,325.000,325.000,300.000,300.000,-1,-1,-1,-1,850.000,825.000,-1,-1,2,0,2,0,2,0,0,0,0,2,2,2,2,0,0,2,2
93,9828.760,-5760.386,134.610,-30.876,0.857986,0.513081,0.024638,-0.512085,0.858118,-0.037438,-0.040351,0.019504,0.998995,0,0.86392,-0.08998,51.835,-0.180,-1,400.000,-1,400.000,-1,325.000,325.000,300.000,300.000,-1,-1,-1,-1,850.000,825.000,-1,-1,2,0,2,0,2,0,0,0,0,2,2,2,2,0,0,2,2
94,9873.165,-5787.127,132.416,-31.056,0.856318,0.515785,0.026161,-0.514772,0.856521,-0.037160,-0.041574,0.018354,0.998967,0,0.86392,-0.08998,51.835,-0.180,-1,400.000,-1,400.000,-1,325.000,325.000,300.000,300.000,-1,-1,-1,-1,850.000,825.000,-1,-1,2,0,2,0,2,0,0,0,0,2,2,2,2,0,0,2,2
95,9917.486,-5814.007,130.190,-31.236,0.854646,0.518482,0.027509,-0.517452,0.854912,-0.036991,-0.042697,0.017380,0.998937,0,0.86392,-0.08998,51.835,-0.180,-1,400.000,-1,400.000,-1,325.000,325.000,300.000,300.000,-1,-1,-1,-1,875.000,825.000,-1,-1,2,0,2,0,2,0,0,0,0,2,2,2,2,0,0,2,2
96,9961.723,-5841.026,127.899,-31.416,0.852976,0.521170,0.028532,-0.520125,0.853289,-0.036984,-0.043621,0.016707,0.998908,0,0.86392,-0.08998,51.835,-0.180,-1,400.000,-1,400.000,-1,325.000,325.000,300.000,300.000,-1,-1,-1,-1,875.000,825.000,-1,-1,2,0,2,0,2,0,0,0,0,2,2,2,2,0,0,2,2
97,10005.874,-5868.183,125.579,-31.596,0.851297,0.523852,0.029532,-0.522783,0.851655,-0.037165,-0.044620,0.016200,0.998873,0,0.86392,-0.08998,51.835,-0.180,-1,400.000,-1,400.000,-1,325.000,325.000,300.000,300.000,-1,-1,-1,-1,875.000,825.000,-1,-1,2,0,2,0,2,0,0,0,0,2,2,2,2,0,0,2,2
98,10049.940,-5895.479,123.140,-31.776,0.849611,0.526524,0.030559,-0.525404,0.850006,-0.037967,-0.045966,0.016201,0.998812,0,0.86392,-0.08998,51.835,-0.180,-1,400.000,-1,400.000,-1,325.000,325.000,300.000,300.000,-1,-1,-1,-1,900.000,825.000,-1,-1,2,0,2,0,2,0,0,0,0,2,2,2,2,0,0,2,2
99,10093.920,-5922.914,120.657,-31.956,0.847916,0.529190,0.031565,-0.528004,0.848345,-0.039025,-0.047430,0.016423,0.998740,0,0.86392,-0.08998,51.835,-0.180,-1,400.000,-1,400.000,-1,325.000,325.000,300.000,300.000,-1,-1,-1,-1,900.000,825.000,-1,-1,2,0,2,0,2,0,0,0,0,2,2,2,2,0,0,2,2
100,10137.814,-5950.486,118.171,-32.135,0.846214,0.531849,0.032527,-0.530594,0.846674,-0.040159,-0.048898,0.016724,0.998664,0,0.86392,-0.08998,51.835,-0.180,-1,400.000,-1,400.000,-1,325.000,325.000,300.000,300.000,-1,-1,-1,-1,900.000,825.000,-1,-1,2,0,2,0,2,0,0,0,0,2,2,2,2,0,0,2,2
101,10181.621,-5978.197,115.673,-32.315,0.844505,0.534502,0.033441,-0.533175,0.844994,-0.041336,-0.050352,0.017079,0.998586,0,0.86392,-0.08998,51.835,-0.180,-1,400.000,-1,400.000,-1,325.000,325.000,300.000,300.000,-1,-1,-1,-1,900.000,850.000,-1,-1,2,0,2,0,2,0,0,0,0,2,2,2,2,0,0,2,2
102,10225.341,-6006.044,113.124,-32.495,0.842789,0.537151,0.034283,-0.535759,0.843308,-0.042349,-0.051659,0.017324,0.998515,0,0.86392,-0.08998,51.835,-0.180,-1,400.000,-1,400.000,-1,325.000,325.000,300.000,300.000,-1,-1,-1,-1,925.000,850.000,-1,-1,2,0,2,0,2,0,0,0,0,2,2,2,2,0,0,2,2
103,10268.465,-6033.449,110.598,-32.435,0.843321,0.536263,0.035092,-0.534803,0.843863,-0.043361,-0.052865,0.017800,0.998443,0,0.85159,0.03002,51.096,0.060,-1,400.000,-1,400.000,-1,325.000,325.000,325.000,300.000,-1,-1,-1,-1,925.000,850.000,-1,-1,2,0,2,0,2,0,0,0,0,2,2,2,2,0,0,2,2
104,10311.733,-6060.628,107.977,-32.135,0.846090,0.531833,0.035848,-0.530325,0.846654,-0.043946,-0.053723,0.018171,0.998391,0,0.85159,0.15002,51.096,0.300,-1,400.000,-1,400.000,-1,325.000,325.000,325.000,300.000,-1,-1,-1,-1,950.000,875.000,-1,-1,2,0,2,0,2,0,0,0,0,2,2,2,2,0,0,2,2
105,10355.255,-6087.398,105.249,-31.595,0.851040,0.523827,0.036546,-0.522299,0.851627,-0.044003,-0.054174,0.018360,0.998363,0,0.85159,0.27002,51.096,0.540,-1,425.000,-1,400.000,-1,325.000,325.000,325.000,300.000,-1,-1,-1,-1,950.000,875.000,-1,-1,2,0,2,0,2,0,0,0,0,2,2,2,2,0,0,2,2
106,10399.137,-6113.572,102.531,-30.815,0.858070,0.512180,0.037257,-0.510624,0.858672,-0.044113,-0.054586,0.018828,0.998332,0,0.85159,0.39002,51.096,0.780,-1,425.000,-1,400.000,-1,325.000,325.000,325.000,300.000,-1,-1,-1,-1,975.000,900.000,-1,-1,2,0,2,0,2,0,0,0,0,2,2,2,2,0,0,2,2
107,10443.478,-6138.962,99.505,-29.795,0.866952,0.496818,0.039563,-0.495234,0.867663,-0.043634,-0.056005,0.018236,0.998264,0,0.85159,0.51002,51.096,1.020,-1,425.000,-1,425.000,-1,325.000,325.000,300.000,300.000,-1,-1,-1,-1,975.000,900.000,-1,-1,2,0,2,0,2,0,0,0,0,2,2,2,2,0,0,2,2
108,10488.367,-6163.370,96.434,-28.535,0.877552,0.477623,0.042181,-0.476013,0.878388,-0.042969,-0.057574,0.017628,0.998186,0,0.85159,0.63002,51.096,1.260,-1,425.000,-1,425.000,-1,350.000,325.000,300.000,300.000,-1,-1,-1,-1,950.000,925.000,-1,-1,2,0,2,0,2,0,0,0,0,2,2,2,2,0,0,2,2
109,10533.879,-6186.595,93.333,-27.035,0.889645,0.454467,0.044621,-0.452832,0.890594,-0.042269,-0.058949,0.017399,0.998109,0,0.85159,0.75002,51.096,1.500,-1,425.000,-1,425.000,-1,350.000,350.000,300.000,300.000,-1,-1,-1,-1,950.000,925.000,-1,-1,2,0,2,0,2,0,0,0,0,2,2,2,2,0,0,2,2
110,10580.034,-6208.515,90.174,-25.404,0.902126,0.428936,0.046723,-0.427276,0.903164,-0.041599,-0.060042,0.017564,0.998041,0,0.85159,0.81541,51.096,1.631,-1,425.000,-1,425.000,-1,350.000,350.000,300.000,300.000,-1,-1,-1,-1,925.000,950.000,-1,-1,2,0,2,0,2,0,0,0,0,2,2,2,2,0,0,2,2
111,10626.794,-6229.113,86.918,-23.773,0.913892,0.403055,0.048463,-0.401360,0.914996,-0.041143,-0.060927,0.018149,0.997977,0,0.85159,0.81541,51.096,1.631,-1,425.000,-1,425.000,-1,350.000,350.000,300.000,325.000,-1,-1,-1,-1,925.000,950.000,-1,-1,2,0,2,0,2,0,0,0,0,2,2,2,2,0,0,2,2
112,10674.122,-6248.371,83.106,-22.143,0.924879,0.376832,0.050958,-0.374925,0.926046,-0.043241,-0.063484,0.020887,0.997764,0,0.85159,0.81541,51.096,1.631,-1,425.000,-1,425.000,-1,350.000,350.000,300.000,300.000,-1,-1,-1,-1,925.000,925.000,-1,-1,2,0,2,0,2,0,0,0,0,2,2,2,2,0,0,2,2
113,10721.978,-6266.275,79.317,-20.512,0.935103,0.350303,0.053578,-0.348176,0.936338,-0.045212,-0.066006,0.023623,0.997540,0,0.85159,0.81541,51.096,1.631,-1,425.000,-1,425.000,-1,350.000,350.000,300.000,300.000,-1,-1,-1,-1,900.000,900.000,-1,-1,2,0,2,0,2,0,0,0,0,2,2,2,2,0,0,2,2
114,10768.329,-6282.344,75.710,-19.121,0.943195,0.327454,0.056196,-0.325112,0.944509,-0.046969,-0.068458,0.026031,0.997314,0,0.81762,0.69541,49.057,1.391,-1,425.000,-1,425.000,-1,325.000,350.000,300.000,300.000,-1,-1,-1,-1,875.000,900.000,-1,-1,2,0,2,0,2,0,0,0,0,2,2,2,2,0,0,2,2
115,10814.994,-6297.479,72.131,-17.970,0.949432,0.308401,0.058891,-0.305843,0.950840,-0.048609,-0.070987,0.028140,0.997080,0,0.81762,0.57541,49.057,1.151,-1,425.000,-1,425.000,-1,325.000,325.000,300.000,300.000,-1,-1,-1,-1,875.000,875.000,-1,-1,2,0,2,0,2,0,0,0,0,2,2,2,2,0,0,2,2
116,10861.893,-6311.871,68.574,-17.059,0.954052,0.293232,0.061642,-0.290458,0.955572,-0.050162,-0.073613,0.029952,0.996837,0,0.81762,0.45541,49.057,0.911,-1,400.000,-1,425.000,-1,325.000,325.000,300.000,300.000,-1,-1,-1,-1,850.000,850.000,-1,-1,2,0,2,0,2,0,0,0,0,2,2,2,2,0,0,2,2
117,10908.993,-6325.590,65.033,-16.240,0.957973,0.279525,0.064445,-0.276530,0.959617,-0.051647,-0.076279,0.031655,0.996584,0,0.81762,0.40961,49.057,0.819,-1,400.000,-1,425.000,-1,325.000,325.000,300.000,300.000,-1,-1,-1,-1,825.000,850.000,-1,-1,2,0,2,0,2,0,0,0,0,2,2,2,2,0,0,2,2
118,10956.284,-6338.635,61.505,-15.421,0.961687,0.265761,0.067299,-0.262538,0.963461,-0.053065,-0.078943,0.033363,0.996321,0,0.81762,0.40961,49.057,0.819,-1,400.000,-1,400.000,-1,325.000,325.000,300.000,300.000,-1,-1,-1,-1,825.000,825.000,-1,-1,2,0,2,0,2,0,0,0,0,2,2,2,2,0,0,2,2
119,11003.757,-6351.002,57.993,-14.602,0.965192,0.251944,0.070201,-0.248486,0.967106,-0.054411,-0.081601,0.035073,0.996048,0,0.81762,0.40961,49.057,0.819,-1,400.000,-1,400.000,-1,325.000,325.000,300.000,300.000,-1,-1,-1,-1,800.000,825.000,-1,-1,2,0,2,0,2,0,0,0,0,2,2,2,2,0,0,2,2
120,11051.403,-6362.689,54.497,-13.783,0.968488,0.238077,0.073149,-0.234378,0.970549,-0.055685,-0.084252,0.036786,0.995765,0,0.81762,0.40961,49.057,0.819,-1,400.000,-1,400.000,-1,325.000,325.000,325.000,300.000,-1,-1,-1,-1,800.000,800.000,-1,-1,2,0,2,0,2,0,0,0,0,2,2,2,2,0,0,2,2
121,11099.210,-6373.694,50.802,-12.963,0.971609,0.224169,0.075658,-0.220329,0.973824,-0.055873,-0.086202,0.037617,0.995567,0,0.81762,0.40961,49.057,0.819,-1,400.000,-1,400.000,-1,325.000,325.000,325.000,300.000,-1,-1,-1,-1,775.000,800.000,-1,-1,2,0,2,0,2,0,0,0,0,2,2,2,2,0,0,2,2
122,11147.169,-6384.014,46.935,-12.144,0.974544,0.210223,0.077914,-0.206328,0.976928,-0.055149,-0.087710,0.037669,0.995434,0,0.81762,0.40961,49.057,0.819,-1,400.000,-1,400.000,-1,325.000,325.000,300.000,300.000,-1,-1,-1,-1,750.000,775.000,-1,-1,2,0,2,0,2,0,0,0,0,2,2,2,2,0,0,2,2
123,11195.271,-6393.648,42.966,-11.325,0.977311,0.196230,0.079731,-0.192274,0.979818,-0.054662,-0.088848,0.038091,0.995317,0,0.81762,0.40961,49.057,0.819,-1,400.000,-1,400.000,-1,325.000,325.000,300.000,300.000,-1,-1,-1,-1,750.000,775.000,-1,-1,2,0,2,0,2,0,0,0,0,2,2,2,2,0,0,2,2
124,11243.506,-6402.592,38.600,-10.506,0.980009,0.182188,0.079937,-0.178129,0.982451,-0.055325,-0.088614,0.039980,0.995263,0,0.81762,0.40961,49.057,0.819,-1,400.000,-1,400.000,-1,325.000,325.000,300.000,300.000,-1,-1,-1,-1,725.000,775.000,-1,-1,2,0,2,0,2,0,0,0,0,2,2,2,2,0,0,2,2
125,11291.864,-6410.845,34.258,-9.687,0.982507,0.168110,0.080119,-0.163957,0.984881,-0.055917,-0.088308,0.041803,0.995216,0,0.81762,0.40961,49.057,0.819,-1,400.000,-1,400.000,-1,325.000,325.000,300.000,300.000,-1,-1,-1,-1,725.000,750.000,-1,-1,2,0,2,0,2,0,0,0,0,2,2,2,2,0,0,2,2
126,11340.334,-6418.406,29.935,-8.867,0.984803,0.154000,0.080293,-0.149757,0.987109,-0.056469,-0.087954,0.043587,0.995170,0,0.81762,0.40961,49.057,0.819,-1,400.000,-1,400.000,-1,325.000,325.000,300.000,300.000,-1,-1,-1,-1,725.000,725.000,-1,-1,2,0,2,0,2,0,0,0,0,2,2,2,2,0,0,2,2
127,11388.908,-6425.274,25.632,-8.048,0.986897,0.139860,0.080457,-0.135532,0.989133,-0.056984,-0.087553,0.045333,0.995128,0,0.81762,0.40961,49.057,0.819,-1,400.000,-1,400.000,-1,325.000,325.000,300.000,300.000,-1,-1,-1,-1,700.000,725.000,-1,-1,2,0,2,0,2,0,0,0,0,2,2,2,2,0,0,2,2
128,11437.575,-6431.446,21.351,-7.229,0.988789,0.125694,0.080611,-0.121285,0.990953,-0.057463,-0.087104,0.047042,0.995088,0,0.81762,0.40961,49.057,0.819,-1,400.000,-1,400.000,-1,325.000,325.000,300.000,300.000,-1,-1,-1,-1,700.000,700.000,-1,-1,2,0,2,0,2,0,0,0,0,2,2,2,2,0,0,2,2
129,11486.326,-6436.922,17.094,-6.410,0.990477,0.111504,0.080754,-0.107018,0.992569,-0.057911,-0.086611,0.048717,0.995050,0,0.81762,0.40961,49.057,0.819,-1,400.000,-1,400.000,-1,325.000,325.000,300.000,300.000,-1,-1,-1,-1,700.000,700.000,-1,-1,2,0,2,0,2,0,0,0,0,2,2,2,2,0,0,2,2
130,11535.149,-6441.700,12.863,-5.590,0.991963,0.097294,0.080886,-0.092735,0.993981,-0.058328,-0.086074,0.050358,0.995015,0,0.81762,0.40961,49.057,0.819,-1,375.000,-1,400.000,-1,325.000,325.000,300.000,300.000,-1,-1,-1,-1,675.000,675.000,-1,-1,2,0,2,0,2,0,0,0,0,2,2,2,2,0,0,2,2
131,11584.036,-6445.779,8.659,-4.771,0.993246,0.083065,0.081007,-0.078439,0.995188,-0.058718,-0.085495,0.051968,0.994982,0,0.81762,0.40961,49.057,0.819,-1,375.000,-1,375.000,-1,325.000,325.000,300.000,300.000,-1,-1,-1,-1,675.000,675.000,-1,-1,2,0,2,0,2,0,0,0,0,2,2,2,2,0,0,2,2
132,11632.976,-6449.160,4.484,-3.952,0.994326,0.068823,0.081117,-0.064132,0.996191,-0.059084,-0.084875,0.053547,0.994952,0,0.81762,0.40961,49.057,0.819,-1,375.000,-1,375.000,-1,300.000,300.000,300.000,300.000,-1,-1,-1,-1,675.000,650.000,-1,-1,2,0,2,0,2,0,0,0,0,2,2,2,2,0,0,2,2
133,11681.960,-6451.840,0.339,-3.133,0.995202,0.054568,0.081217,-0.049816,0.996989,-0.059428,-0.084215,0.055097,0.994923,0,0.81762,0.40961,49.057,0.819,-1,375.000,-1,375.000,-1,300.000,300.000,300.000,300.000,-1,-1,-1,-1,675.000,650.000,-1,-1,2,0,2,0,2,0,0,0,0,2,2,2,2,0,0,2,2
134,11730.977,-6453.819,-3.772,-2.314,0.995874,0.040305,0.081305,-0.035495,0.997582,-0.059751,-0.083517,0.056619,0.994897,0,0.81762,0.40961,49.057,0.819,-1,375.000,-1,375.000,-1,300.000,300.000,300.000,300.000,-1,-1,-1,-1,650.000,625.000,-1,-1,2,0,2,0,2,0,0,0,0,2,2,2,2,0,0,2,2
135,11780.017,-6455.097,-7.849,-1.494,0.996343,0.026035,0.081384,-0.021172,0.997970,-0.060058,-0.082783,0.058115,0.994872,0,0.81762,0.40961,49.057,0.819,-1,350.000,-1,350.000,-1,300.000,300.000,300.000,300.000,-1,-1,-1,-1,650.000,625.000,-1,-1,2,0,2,0,2,0,0,0,0,2,2,2,2,0,0,2,2
