timestep,x_cm,y_cm,z_cm,yaw_deg,basis_xx,basis_xy,basis_xz,basis_yx,basis_yy,basis_yz,basis_zx,basis_zy,basis_zz,teleport_flag,throttle_cmd,steering_cmd,cmd_move_cm,cmd_turn_deg,lidar_cm_0,lidar_cm_1,lidar_cm_2,lidar_cm_3,lidar_cm_4,lidar_cm_5,lidar_cm_6,lidar_cm_7,lidar_cm_8,lidar_cm_9,lidar_cm_10,lidar_cm_11,lidar_cm_12,lidar_cm_13,lidar_cm_14,lidar_cm_15,lidar_cm_16,lidar_class_0,lidar_class_1,lidar_class_2,lidar_class_3,lidar_class_4,lidar_class_5,lidar_class_6,lidar_class_7,lidar_class_8,lidar_class_9,lidar_class_10,lidar_class_11,lidar_class_12,lidar_class_13,lidar_class_14,lidar_class_15,lidar_class_16
0,8086.711,772.933,-268.687,-80.579,0.159914,0.986248,0.041734,-0.980213,0.163647,-0.111362,-0.116660,-0.023100,0.992903,1,0.08000,-0.12000,4.800,-0.240,-1,-1,-1,975.000,-1,-1,-1,250.000,350.000,-1,-1,-1,-1,-1,-1,-1,-1,2,2,2,1,2,2,2,1,0,2,2,2,2,2,2,2,2
1,8088.185,763.571,-269.400,-81.059,0.151311,0.987530,0.043466,-0.981241,0.155371,-0.114133,-0.119463,-0.025381,0.992514,0,0.15795,-0.24000,9.477,-0.480,-1,-1,-1,950.000,-1,-1,-1,250.000,350.000,-1,-1,-1,-1,-1,-1,-1,-1,2,2,2,1,2,2,2,1,0,2,2,2,2,2,2,2,2
2,8089.562,754.050,-270.044,-81.779,0.138581,0.989347,0.044593,-0.982772,0.142941,-0.117163,-0.122289,-0.027588,0.992111,0,0.16032,-0.36000,9.619,-0.720,-1,-1,-1,925.000,975.000,-1,-1,275.000,350.000,-1,-1,-1,-1,-1,-1,-1,-1,2,2,2,1,0,2,2,1,0,2,2,2,2,2,2,2,2
3,8090.795,744.383,-270.596,-82.739,0.121722,0.991544,0.044982,-0.984655,0.126337,-0.120387,-0.125052,-0.029638,0.991707,0,0.16240,-0.48000,9.744,-0.960,-1,-1,-1,900.000,875.000,-1,-1,275.000,350.000,-1,-1,-1,-1,-1,-1,-1,-1,2,2,2,1,0,2,2,1,0,2,2,2,2,2,2,2,2
4,8091.836,734.592,-271.026,-83.939,0.100736,0.993919,0.044476,-0.986691,0.105539,-0.123700,-0.127641,-0.031423,0.991322,0,0.16408,-0.60000,9.845,-1.200,-1,-1,-1,850.000,825.000,-1,-1,300.000,350.000,-1,-1,-1,-1,-1,-1,-1,-1,2,2,2,1,0,2,2,1,0,2,2,2,2,2,2,2,2
5,8092.635,724.714,-271.299,-85.379,0.075632,0.996212,0.042902,-0.988635,0.080524,-0.126954,-0.129928,-0.032813,0.990980,0,0.16516,-0.72000,9.910,-1.440,-1,-1,-1,800.000,775.000,-1,-1,350.000,350.000,-1,-1,-1,-1,-1,-1,-1,-1,2,2,2,1,0,2,2,1,0,2,2,2,2,2,2,2,2
6,8092.897,719.610,-270.984,-87.059,0.046604,0.998149,0.039068,-0.990331,0.051284,-0.128900,-0.130665,-0.032683,0.990888,0,0.08516,-0.84000,5.110,-1.680,-1,-1,-1,725.000,875.000,-1,-1,375.000,350.000,-1,-1,-1,-1,-1,-1,-1,-1,2,2,2,1,0,2,2,1,0,2,2,2,2,2,2,2,2
7,8092.900,719.299,-270.095,-88.957,0.013997,0.999350,0.033211,-0.991423,0.018187,-0.129417,-0.129937,-0.031115,0.991034,0,0.00516,-0.94930,0.310,-1.899,-1,-1,-1,675.000,-1,-1,975.000,425.000,350.000,-1,-1,-1,-1,-1,1000.000,-1,-1,2,2,2,1,2,2,1,1,0,2,2,2,2,2,1,2,2
8,8092.963,723.789,-268.781,-90.840,-0.018190,0.999487,0.026370,-0.991604,-0.014657,-0.128477,-0.128025,-0.028486,0.991362,0,-0.07484,-0.94138,-4.490,-1.883,-1,-1,-1,600.000,-1,-1,925.000,475.000,350.000,-1,-1,-1,-1,-1,925.000,-1,1000.000,2,2,2,1,2,2,1,1,0,2,2,2,2,2,1,2,1
9,8093.362,732.282,-267.149,-92.709,-0.050041,0.998566,0.019007,-0.990856,-0.047249,-0.126384,-0.125304,-0.025158,0.991799,0,-0.14169,-0.93445,-8.502,-1.869,-1,-1,-1,550.000,-1,-1,875.000,550.000,350.000,-1,-1,-1,-1,-1,875.000,-1,900.000,2,2,2,1,2,2,1,1,0,2,2,2,2,2,1,2,1
10,8094.050,740.924,-265.491,-94.566,-0.081673,0.996589,0.011813,-0.989098,-0.079590,-0.123900,-0.122537,-0.021803,0.992224,0,-0.14448,-0.92852,-8.669,-1.857,-1,-1,-1,525.000,-1,-1,725.000,575.000,350.000,-1,-1,-1,-1,-1,825.000,-1,800.000,2,2,2,1,2,2,1,1,0,2,2,2,2,2,1,2,1
11,8095.035,749.712,-263.812,-96.412,-0.113064,0.993576,0.004825,-0.986346,-0.111653,-0.121060,-0.119743,-0.018446,0.992634,0,-0.14737,-0.92282,-8.842,-1.846,-1,-1,-1,475.000,-1,1000.000,600.000,600.000,350.000,-1,-1,-1,-1,-1,775.000,-1,750.000,2,2,2,1,2,1,1,1,0,2,2,2,2,2,1,2,1
12,8096.326,758.640,-262.119,-98.246,-0.144195,0.989547,-0.001923,-0.982615,-0.143414,-0.117896,-0.116940,-0.015110,0.993024,0,-0.15034,-0.91733,-9.021,-1.835,-1,-1,-1,450.000,-1,950.000,525.000,600.000,325.000,-1,-1,-1,-1,-1,725.000,-1,700.000,2,2,2,1,2,1,1,1,1,2,2,2,2,2,1,2,0
13,8097.933,767.702,-260.414,-100.071,-0.175046,0.984524,-0.008400,-0.977921,-0.174848,-0.114448,-0.114145,-0.011819,0.993394,0,-0.15339,-0.91207,-9.203,-1.824,-1,-1,-1,425.000,-1,925.000,475.000,625.000,325.000,-1,-1,-1,-1,-1,700.000,-1,700.000,2,2,2,1,2,1,1,1,1,2,2,2,2,2,1,2,0
14,8099.865,776.892,-258.704,-101.885,-0.205595,0.978528,-0.014580,-0.972279,-0.205933,-0.110752,-0.111377,-0.008594,0.993741,0,-0.15649,-0.90700,-9.389,-1.814,-1,-1,-1,400.000,-1,850.000,425.000,650.000,325.000,-1,-1,-1,-1,-1,675.000,-1,875.000,2,2,2,1,2,1,1,1,1,2,2,2,2,2,1,2,0
15,8102.131,786.199,-256.993,-103.689,-0.235824,0.971581,-0.020440,-0.965703,-0.236645,-0.106849,-0.108650,-0.005458,0.994065,0,-0.15964,-0.90215,-9.578,-1.804,-1,-1,-1,375.000,-1,750.000,375.000,675.000,325.000,-1,-1,-1,-1,-1,650.000,-1,-1,2,2,2,1,2,1,1,1,1,2,2,2,2,2,1,2,2
16,8104.737,795.615,-255.284,-105.484,-0.265711,0.963703,-0.025963,-0.958210,-0.266965,-0.102780,-0.105981,-0.002432,0.994365,0,-0.16283,-0.89748,-9.770,-1.795,-1,-1,-1,375.000,-1,650.000,350.000,700.000,325.000,-1,-1,-1,-1,-1,625.000,-1,-1,2,2,2,1,2,1,1,1,1,2,2,2,2,2,1,2,2
17,8107.694,805.130,-253.583,-107.270,-0.295235,0.954917,-0.031133,-0.949815,-0.296872,-0.098585,-0.103383,0.000465,0.994642,0,-0.16605,-0.89301,-9.963,-1.786,-1,-1,-1,350.000,-1,600.000,325.000,725.000,325.000,-1,-1,-1,-1,-1,600.000,-1,-1,2,2,2,1,2,1,1,1,1,2,2,2,2,2,1,2,2
18,8111.008,814.732,-251.892,-109.047,-0.324377,0.945245,-0.035942,-0.940535,-0.326346,-0.094303,-0.100869,0.003215,0.994895,0,-0.16929,-0.88871,-10.158,-1.777,-1,-1,-1,325.000,-1,550.000,300.000,750.000,325.000,-1,-1,-1,-1,-1,575.000,-1,-1,2,2,2,1,2,1,1,1,1,2,2,2,2,2,1,2,2
19,8114.687,824.411,-250.215,-110.816,-0.353115,0.934708,-0.040382,-0.930386,-0.355369,-0.089975,-0.098451,0.005799,0.995125,0,-0.17255,-0.88460,-10.353,-1.769,-1,-1,-1,325.000,-1,500.000,275.000,800.000,300.000,-1,-1,-1,-1,-1,575.000,-1,-1,2,2,2,1,2,1,1,1,1,2,2,2,2,2,1,2,2
20,8118.737,834.152,-248.555,-112.578,-0.381430,0.923328,-0.044453,-0.919385,-0.383924,-0.085639,-0.096139,0.008204,0.995334,0,-0.17582,-0.88065,-10.549,-1.761,-1,-1,-1,325.000,-1,450.000,275.000,825.000,300.000,-1,-1,-1,-1,-1,575.000,-1,-1,2,2,2,1,2,1,1,1,0,2,2,2,2,2,0,2,2
21,8123.164,843.944,-246.914,-114.331,-0.409301,0.911128,-0.048154,-0.907550,-0.411993,-0.081331,-0.093942,0.010414,0.995523,0,-0.17909,-0.87687,-10.746,-1.754,-1,-1,-1,325.000,-1,425.000,275.000,850.000,300.000,-1,-1,-1,-1,-1,550.000,-1,-1,2,2,2,1,2,1,1,1,0,2,2,2,2,2,0,2,2
22,8125.756,849.296,-245.593,-115.845,-0.433061,0.899904,-0.051292,-0.896669,-0.435907,-0.077260,-0.091885,0.012534,0.995691,0,-0.09909,-0.75687,-5.946,-1.514,-1,-1,-1,325.000,-1,400.000,275.000,875.000,300.000,-1,-1,-1,-1,-1,575.000,-1,-1,2,2,2,1,2,1,1,1,0,2,2,2,2,2,0,2,2
23,8126.278,850.316,-244.569,-117.119,-0.452818,0.889965,-0.054011,-0.887065,-0.455790,-0.073293,-0.089845,0.014723,0.995847,0,-0.01909,-0.63687,-1.146,-1.274,-1,-1,-1,325.000,-1,375.000,275.000,900.000,300.000,-1,-1,-1,-1,-1,600.000,-1,-1,2,2,2,1,2,1,1,1,0,2,2,2,2,2,0,2,2
24,8124.554,847.095,-243.815,-118.153,-0.468680,0.881564,-0.056430,-0.879003,-0.471754,-0.069300,-0.087713,0.017122,0.995999,0,0.06091,-0.51687,3.654,-1.034,-1,-1,-1,325.000,-1,375.000,275.000,925.000,300.000,-1,-1,-1,-1,-1,600.000,-1,-1,2,2,2,1,2,1,1,1,0,2,2,2,2,2,0,2,2
25,8120.462,839.697,-243.304,-118.946,-0.480740,0.874900,-0.058650,-0.872696,-0.483897,-0.065156,-0.085385,0.019861,0.996150,0,0.14091,-0.39687,8.454,-0.794,-1,-1,-1,350.000,-1,400.000,300.000,975.000,300.000,-1,-1,-1,-1,-1,625.000,-1,-1,2,2,2,1,2,1,1,1,0,2,2,2,2,2,0,2,2
26,8113.936,828.161,-244.755,-119.500,-0.489554,0.870244,-0.054887,-0.867972,-0.492364,-0.064817,-0.083431,0.015909,0.996387,0,0.22091,-0.27687,13.254,-0.554,-1,-1,-1,350.000,-1,400.000,300.000,1000.000,300.000,-1,-1,-1,-1,-1,625.000,-1,-1,2,2,2,1,2,1,1,1,0,2,2,2,2,2,0,2,2
27,8104.921,812.519,-247.134,-119.955,-0.497088,0.866383,-0.047790,-0.864036,-0.499293,-0.064403,-0.079658,0.009279,0.996779,0,0.30091,-0.22724,18.054,-0.454,-1,-1,-1,350.000,-1,425.000,300.000,-1,300.000,-1,-1,-1,-1,-1,675.000,-1,-1,2,2,2,1,2,1,1,2,0,2,2,2,2,2,0,2,2
28,8093.360,792.805,-249.986,-120.393,-0.504378,0.862578,-0.039519,-0.860196,-0.505921,-0.064091,-0.075277,0.001668,0.997161,0,0.38091,-0.21894,22.854,-0.438,-1,1000.000,-1,350.000,-1,425.000,300.000,-1,325.000,-1,0.000,-1,-1,-1,700.000,-1,-1,2,1,2,1,2,1,1,2,0,2,0,2,2,2,0,2,2
29,8079.198,769.054,-253.234,-120.809,-0.511312,0.858858,-0.030384,-0.856502,-0.512171,-0.063911,-0.070452,-0.006655,0.997493,0,0.46091,-0.20837,27.654,-0.417,-1,975.000,-1,350.000,-1,425.000,325.000,-1,325.000,-1,0.000,-1,-1,-1,750.000,-1,-1,2,1,2,1,2,1,1,2,0,2,0,2,2,2,0,2,2
30,8062.389,741.292,-257.473,-121.200,-0.517887,0.855227,-0.019499,-0.852771,-0.517934,-0.067271,-0.067631,-0.018210,0.997544,0,0.54091,-0.19511,32.454,-0.390,-1,925.000,-1,375.000,-1,425.000,325.000,-1,325.000,800.000,0.000,-1,-1,-1,800.000,-1,-1,2,1,2,1,2,1,1,2,0,0,1,2,2,2,0,2,2
31,8042.906,709.536,-265.903,-121.557,-0.524821,0.851212,-0.001462,-0.847654,-0.522783,-0.090444,-0.077751,-0.046228,0.995900,0,0.62091,-0.17860,37.254,-0.357,-1,825.000,-1,350.000,-1,400.000,300.000,-1,375.000,700.000,0.000,0.000,-1,-1,750.000,-1,-1,2,1,2,1,2,1,1,2,0,1,1,0,2,2,0,2,2
32,8020.723,673.805,-274.554,-121.873,-0.531564,0.846865,0.016116,-0.842386,-0.526574,-0.114481,-0.088464,-0.074430,0.993295,0,0.70091,-0.15815,42.054,-0.316,-1,675.000,-1,325.000,-1,350.000,275.000,-1,400.000,700.000,0.000,0.000,-1,-1,700.000,-1,-1,2,1,2,1,2,1,1,2,0,1,1,1,2,2,0,2,2
33,7995.829,634.107,-283.151,-122.139,-0.537928,0.842364,0.032489,-0.837087,-0.529211,-0.138639,-0.099591,-0.101774,0.989810,0,0.78091,-0.13294,46.854,-0.266,-1,550.000,-1,300.000,-1,325.000,250.000,-1,450.000,725.000,0.000,0.000,-1,875.000,650.000,-1,-1,2,1,2,0,2,1,1,2,0,1,1,1,2,1,0,2,2
34,7968.232,590.439,-291.394,-122.343,-0.543655,0.837997,0.046907,-0.831938,-0.530647,-0.162152,-0.110992,-0.127179,0.985650,0,0.86091,-0.10221,51.654,-0.204,-1,475.000,-1,275.000,-1,300.000,225.000,-1,500.000,750.000,0.000,0.000,-1,750.000,600.000,-1,-1,2,1,2,0,2,1,1,2,0,1,1,1,2,1,0,2,2
35,7937.930,542.802,-299.529,-122.506,-0.548575,0.834103,0.057778,-0.827300,-0.531502,-0.181880,-0.120998,-0.147574,0.981622,0,0.94091,-0.08127,56.454,-0.163,-1,400.000,-1,250.000,-1,250.000,225.000,-1,575.000,800.000,0.000,-1,-1,650.000,550.000,-1,-1,2,1,2,0,2,1,1,2,0,1,1,2,2,1,0,2,2
36,7907.142,494.714,-306.639,-122.665,-0.552965,0.830825,0.062928,-0.822846,-0.532658,-0.197991,-0.130977,-0.161262,0.978182,0,0.95160,-0.07944,57.096,-0.159,-1,350.000,-1,250.000,-1,225.000,200.000,-1,600.000,875.000,0.000,-1,-1,550.000,500.000,875.000,-1,2,1,2,0,2,1,1,2,0,1,1,2,2,1,0,1,2
37,7877.574,448.837,-312.380,-122.823,-0.556649,0.828432,0.061989,-0.818678,-0.534359,-0.210302,-0.141096,-0.167813,0.975669,0,0.90959,-0.07913,54.576,-0.158,-1,300.000,1000.000,225.000,-1,200.000,175.000,-1,625.000,925.000,0.000,-1,-1,450.000,450.000,775.000,-1,2,1,0,0,2,1,1,2,0,1,1,2,2,1,0,1,2
38,-7543.201,-2951.680,-198.159,-53.077,0.601024,0.797823,0.047419,-0.799211,0.599529,0.042743,0.005673,-0.063588,0.997960,1,0.00000,0.00000,52.233,-0.161,-1,375.000,-1,300.000,-1,300.000,275.000,300.000,500.000,500.000,75.000,200.000,-1,700.000,-1,-1,-1,2,1,2,1,2,1,1,0,1,0,0,0,2,1,2,2,2
39,-5575.348,-8199.117,-328.405,36.141,0.772112,-0.588764,0.239166,0.582368,0.806179,0.104513,-0.254344,0.058586,0.965338,1,0.00000,0.00000,4.800,-0.240,850.000,325.000,675.000,250.000,200.000,250.000,225.000,325.000,250.000,-1,-1,-1,-1,475.000,350.000,625.000,200.000,0,0,0,0,0,0,0,1,0,2,2,2,2,0,0,0,0
40,5580.168,6888.026,-515.046,8.387,0.988600,-0.145342,0.039321,0.148071,0.985826,-0.078885,-0.027298,0.083808,0.996108,1,0.08000,0.12000,4.800,0.240,-1,400.000,-1,375.000,750.000,325.000,325.000,300.000,300.000,-1,725.000,750.000,-1,750.000,600.000,-1,850.000,2,0,2,0,0,0,0,0,0,2,0,0,2,0,0,2,0
41,5589.653,6889.506,-515.341,8.867,0.987370,-0.153596,0.038832,0.156256,0.984576,-0.078703,-0.026145,0.083777,0.996141,0,0.16000,0.24000,9.600,0.480,-1,400.000,-1,375.000,750.000,325.000,325.000,300.000,300.000,-1,700.000,750.000,-1,750.000,600.000,-1,850.000,2,0,2,0,0,0,0,0,0,2,0,0,2,0,0,2,0
42,5603.851,6891.905,-515.772,9.587,0.985396,-0.165956,0.038116,0.168516,0.982572,-0.078458,-0.024432,0.083735,0.996188,0,0.24000,0.36000,14.400,0.720,-1,400.000,-1,375.000,750.000,325.000,325.000,300.000,300.000,-1,700.000,725.000,-1,750.000,600.000,-1,850.000,2,0,2,0,0,0,0,0,0,2,0,0,2,0,0,2,0
43,5622.726,6895.419,-516.329,10.547,0.982521,-0.182396,0.037194,0.184824,0.979657,-0.078180,-0.022178,0.083687,0.996245,0,0.32000,0.48000,19.200,0.960,-1,400.000,-1,375.000,750.000,325.000,325.000,300.000,300.000,-1,675.000,700.000,-1,750.000,625.000,-1,875.000,2,0,2,0,0,0,0,0,0,2,0,0,2,0,0,2,0
44,5646.222,6900.306,-516.998,11.747,0.978539,-0.202873,0.036095,0.205143,0.975626,-0.077908,-0.019410,0.083641,0.996307,0,0.40000,0.60000,24.000,1.200,-1,400.000,-1,375.000,750.000,325.000,325.000,300.000,300.000,-1,650.000,700.000,-1,775.000,625.000,-1,900.000,2,0,2,0,0,0,0,0,0,2,0,0,2,0,0,2,0
45,5674.261,6906.876,-517.762,13.187,0.973194,-0.227328,0.034863,0.229417,0.970223,-0.077689,-0.016164,0.083605,0.996368,0,0.48000,0.72000,28.800,1.440,-1,400.000,-1,375.000,750.000,325.000,325.000,300.000,300.000,-1,625.000,675.000,-1,775.000,625.000,-1,900.000,2,0,2,0,0,0,0,0,0,2,0,0,2,0,0,2,0
46,5706.760,6915.404,-518.601,14.703,0.966907,-0.252915,0.033549,0.254813,0.963876,-0.077542,-0.012725,0.083524,0.996424,0,0.56000,0.75791,33.600,1.516,-1,400.000,-1,375.000,750.000,325.000,325.000,300.000,275.000,-1,600.000,650.000,-1,775.000,625.000,-1,925.000,2,0,2,0,0,0,0,0,0,2,0,0,2,0,0,2,0
47,5743.630,6926.129,-519.499,16.218,0.959947,-0.278327,0.032200,0.280031,0.956860,-0.077473,-0.009248,0.083387,0.996474,0,0.64000,0.75791,38.400,1.516,-1,400.000,-1,375.000,775.000,325.000,300.000,300.000,275.000,-1,600.000,625.000,-1,800.000,625.000,-1,925.000,2,0,2,0,0,0,0,0,0,2,0,0,2,0,0,2,0
48,5784.776,6939.288,-520.453,17.734,0.952317,-0.303545,0.030866,0.305056,0.949176,-0.077492,-0.005775,0.083212,0.996515,0,0.72000,0.75791,43.200,1.516,-1,400.000,-1,375.000,775.000,325.000,300.000,300.000,275.000,-1,575.000,600.000,-1,825.000,625.000,-1,925.000,2,0,2,0,0,0,0,0,0,2,0,0,2,0,0,2,0
49,5830.092,6955.112,-521.052,19.250,0.943987,-0.328593,0.030234,0.329962,0.940945,-0.075808,-0.003539,0.081538,0.996664,0,0.80000,0.75791,48.000,1.516,-1,400.000,-1,350.000,775.000,325.000,300.000,300.000,275.000,-1,600.000,650.000,-1,825.000,625.000,-1,925.000,2,0,2,0,0,0,0,0,0,2,0,0,2,0,0,2,0
50,5879.462,6973.828,-521.032,20.766,0.935004,-0.353486,0.028540,0.354634,0.932233,-0.071948,-0.001174,0.077393,0.997000,0,0.88000,0.75791,52.800,1.516,-1,400.000,-1,350.000,775.000,325.000,300.000,275.000,275.000,-1,650.000,725.000,-1,850.000,625.000,-1,950.000,2,0,2,0,0,0,0,0,0,2,0,0,2,0,0,2,0
51,5932.762,6995.664,-520.845,22.282,0.925371,-0.378164,0.026105,0.379061,0.922901,-0.067580,0.001464,0.072432,0.997372,0,0.96000,0.75791,57.600,1.516,-1,400.000,-1,375.000,800.000,325.000,300.000,275.000,275.000,-1,675.000,775.000,-1,850.000,650.000,-1,975.000,2,0,2,0,0,0,0,0,0,2,0,0,2,0,0,2,0
52,5985.650,7018.983,-520.474,23.797,0.915081,-0.402588,0.023460,0.403251,0.912899,-0.063279,0.004059,0.067365,0.997720,0,0.96336,0.75791,57.802,1.516,-1,400.000,-1,375.000,850.000,325.000,300.000,275.000,300.000,-1,700.000,850.000,-1,875.000,650.000,-1,-1,2,0,2,0,0,0,0,0,0,2,0,0,2,0,0,2,2
53,6037.902,7043.694,-519.856,25.313,0.904120,-0.426701,0.022226,0.427244,0.902152,-0.059861,0.005492,0.063617,0.997959,0,0.96336,0.75791,57.802,1.516,-1,400.000,-1,375.000,850.000,325.000,300.000,275.000,300.000,-1,800.000,975.000,-1,875.000,650.000,-1,-1,2,0,2,0,0,0,0,0,0,2,0,0,2,0,0,2,2
54,6089.482,7069.780,-519.020,26.829,0.892541,-0.450486,0.020794,0.450902,0.890688,-0.057987,0.007601,0.061132,0.998101,0,0.96336,0.75791,57.802,1.516,-1,400.000,-1,375.000,875.000,325.000,325.000,275.000,275.000,-1,900.000,-1,-1,875.000,650.000,-1,-1,2,0,2,0,0,0,0,0,0,2,0,2,2,0,0,2,2
55,6140.354,7097.222,-518.092,28.345,0.880344,-0.473939,0.019391,0.474230,0.878550,-0.057061,0.010007,0.059430,0.998182,0,0.96336,0.75791,57.802,1.516,-1,425.000,-1,375.000,875.000,325.000,325.000,275.000,275.000,-1,950.000,-1,-1,875.000,650.000,-1,-1,2,0,2,0,0,0,0,0,0,2,0,2,2,0,0,2,2
56,6190.482,7126.000,-517.236,29.861,0.867526,-0.497058,0.018210,0.497242,0.865785,-0.056280,0.012209,0.057879,0.998249,0,0.96336,0.75791,57.802,1.516,-1,425.000,-1,375.000,900.000,325.000,325.000,300.000,275.000,-1,-1,-1,-1,900.000,650.000,-1,-1,2,0,2,0,0,0,0,0,0,2,2,2,2,0,0,2,2
57,6239.831,7156.094,-516.579,31.377,0.854086,-0.519843,0.017329,0.519947,0.852425,-0.055016,0.013828,0.055999,0.998335,0,0.96336,0.75791,57.802,1.516,-1,425.000,-1,375.000,900.000,325.000,325.000,300.000,275.000,-1,-1,-1,-1,900.000,650.000,-1,-1,2,0,2,0,0,0,0,0,0,2,2,2,2,0,0,2,2
58,6288.368,7187.483,-516.198,32.892,0.840028,-0.542284,0.016738,0.542345,0.838490,-0.052877,0.014640,0.053496,0.998461,0,0.96336,0.75791,57.802,1.516,-1,425.000,-1,375.000,875.000,325.000,325.000,300.000,275.000,-1,-1,-1,-1,875.000,650.000,-1,-1,2,0,2,0,0,0,0,0,0,2,2,2,2,0,0,2,2
59,6336.056,7220.144,-515.892,34.408,0.825381,-0.564342,0.016274,0.564368,0.823950,-0.050935,0.015336,0.051225,0.998569,0,0.96336,0.75791,57.802,1.516,-1,425.000,-1,375.000,875.000,325.000,325.000,300.000,275.000,-1,-1,-1,-1,875.000,625.000,-1,1000.000,2,0,2,0,0,0,0,0,0,2,2,2,2,0,0,2,0
60,6382.865,7254.055,-515.314,35.924,0.810126,-0.586037,0.016020,0.586067,0.808867,-0.047539,0.014902,0.047902,0.998741,0,0.96336,0.75791,57.802,1.516,-1,425.000,-1,375.000,850.000,350.000,325.000,300.000,275.000,-1,-1,-1,-1,850.000,625.000,-1,975.000,2,0,2,0,0,0,0,0,0,2,2,2,2,0,0,2,0
61,6428.761,7289.192,-514.566,37.440,0.794283,-0.607341,0.015840,0.607395,0.793228,-0.043135,0.013633,0.043882,0.998944,0,0.96336,0.75791,57.802,1.516,-1,425.000,-1,350.000,800.000,350.000,325.000,300.000,275.000,-1,-1,-1,-1,850.000,625.000,-1,925.000,2,0,2,0,0,0,0,0,0,2,2,2,2,0,0,2,0
62,6473.710,7325.531,-513.823,38.956,0.777879,-0.628219,0.015649,0.628299,0.777018,-0.038521,0.012040,0.039797,0.999135,0,0.96336,0.75791,57.802,1.516,-1,425.000,-1,350.000,775.000,325.000,300.000,300.000,275.000,-1,-1,-1,-1,825.000,600.000,-1,900.000,2,0,2,0,0,0,0,0,0,2,2,2,2,0,0,2,0
63,6517.687,7363.049,-512.628,40.472,0.760938,-0.648698,0.012790,0.648711,0.760289,-0.033678,0.012123,0.033924,0.999351,0,0.96344,0.75805,57.807,1.516,-1,425.000,-1,350.000,775.000,325.000,300.000,300.000,275.000,-1,-1,-1,-1,800.000,625.000,-1,875.000,2,0,2,0,0,0,0,0,0,2,2,2,2,0,0,2,0
64,6560.751,7401.816,-511.407,41.996,0.743365,-0.668822,0.009228,0.668766,0.742902,-0.029137,0.012632,0.027831,0.999533,0,0.96572,0.76226,57.943,1.525,-1,425.000,-1,350.000,775.000,325.000,300.000,300.000,275.000,-1,-1,-1,-1,800.000,625.000,-1,875.000,2,0,2,0,0,0,0,0,0,2,2,2,2,0,0,2,0
65,6602.864,7441.817,-510.264,43.529,0.725161,-0.688558,0.005450,0.688452,0.724850,-0.025025,0.013280,0.021899,0.999672,0,0.96804,0.76647,58.083,1.533,-1,425.000,-1,350.000,775.000,325.000,300.000,300.000,300.000,-1,-1,-1,-1,775.000,625.000,-1,875.000,2,0,2,0,0,0,0,0,0,2,2,2,2,0,0,2,0
66,6643.986,7483.038,-509.204,45.070,0.706327,-0.707884,0.001479,0.707746,0.706144,-0.021363,0.014078,0.016136,0.999771,0,0.97042,0.77069,58.225,1.541,-1,425.000,-1,350.000,775.000,325.000,300.000,300.000,300.000,-1,-1,-1,-1,775.000,625.000,-1,875.000,2,0,2,0,0,0,0,0,0,2,2,2,2,0,0,2,0
67,6680.848,7521.708,-508.102,46.372,0.690039,-0.723772,0.000239,0.723649,0.689917,-0.018622,0.013314,0.013023,0.999827,0,0.89042,0.65069,53.425,1.301,-1,400.000,-1,350.000,750.000,325.000,300.000,300.000,300.000,-1,-1,-1,-1,750.000,625.000,-1,850.000,2,0,2,0,0,0,0,0,0,2,2,2,2,0,0,2,0
68,6713.741,7557.520,-507.117,47.433,0.676493,-0.736449,-0.000772,0.736342,0.676412,-0.016356,0.012568,0.010496,0.999866,0,0.81042,0.53069,48.625,1.061,-1,400.000,-1,350.000,750.000,325.000,300.000,300.000,275.000,-1,-1,-1,-1,750.000,625.000,-1,825.000,2,0,2,0,0,0,0,0,0,2,2,2,2,0,0,2,0
69,6743.770,7591.170,-506.244,48.255,0.665847,-0.746086,-0.001828,0.745992,0.665799,-0.014402,0.011962,0.008226,0.999895,0,0.75169,0.41069,45.101,0.821,-1,400.000,-1,350.000,725.000,325.000,300.000,300.000,275.000,-1,-1,-1,-1,725.000,625.000,-1,800.000,2,0,2,0,0,0,0,0,0,2,2,2,2,0,0,2,0
70,6773.525,7625.201,-505.591,48.836,0.658217,-0.752818,-0.003934,0.752732,0.658208,-0.012506,0.012004,0.005270,0.999914,0,0.75341,0.29069,45.205,0.581,-1,400.000,-1,350.000,700.000,325.000,300.000,300.000,275.000,-1,-1,-1,-1,725.000,600.000,-1,800.000,2,0,2,0,0,0,0,0,0,2,2,2,2,0,0,2,0
71,6803.138,7659.480,-505.087,49.177,0.653687,-0.756735,-0.006722,0.756662,0.653719,-0.010673,0.012471,0.001890,0.999920,0,0.75497,0.17069,45.298,0.341,-1,400.000,-1,350.000,700.000,325.000,300.000,300.000,275.000,-1,-1,-1,-1,700.000,600.000,-1,775.000,2,0,2,0,0,0,0,0,0,2,2,2,2,0,0,2,0
72,6832.742,7693.872,-504.621,49.279,0.652310,-0.757891,-0.009608,0.757841,0.652379,-0.008886,0.013003,-0.001485,0.999914,0,0.75631,0.05069,45.378,0.101,-1,375.000,-1,350.000,675.000,300.000,300.000,275.000,275.000,-1,-1,-1,-1,700.000,600.000,-1,750.000,2,0,2,0,0,0,0,0,0,2,2,2,2,0,0,2,0
73,6862.471,7728.240,-504.194,49.140,0.654101,-0.756302,-0.012586,0.756285,0.654204,-0.007096,0.013601,-0.004877,0.999896,0,0.75737,-0.06931,45.442,-0.139,-1,375.000,-1,350.000,675.000,300.000,300.000,275.000,275.000,-1,-1,-1,-1,675.000,575.000,-1,750.000,2,0,2,0,0,0,0,0,0,2,2,2,2,0,0,2,0
74,6892.455,7762.445,-503.475,48.761,0.659038,-0.751954,-0.015339,0.751953,0.659180,-0.006967,0.015350,-0.006942,0.999858,0,0.75811,-0.18931,45.487,-0.379,-1,375.000,-1,350.000,675.000,300.000,300.000,275.000,275.000,975.000,-1,-1,-1,675.000,575.000,-1,725.000,2,0,2,0,0,0,0,0,0,0,2,2,2,0,0,2,0
75,6922.822,7796.340,-502.308,48.143,0.667060,-0.744789,-0.017888,0.744778,0.667257,-0.008579,0.018325,-0.007600,0.999803,0,0.75847,-0.30931,45.508,-0.619,-1,375.000,-1,350.000,675.000,300.000,300.000,300.000,275.000,950.000,-1,-1,-1,675.000,575.000,-1,725.000,2,0,2,0,0,0,0,0,0,0,2,2,2,0,0,2,0
76,6953.690,7829.773,-500.754,47.284,0.678078,-0.734697,-0.020771,0.734699,0.678334,-0.008976,0.020684,-0.009174,0.999744,0,0.75840,-0.42931,45.504,-0.859,-1,375.000,-1,350.000,675.000,300.000,300.000,300.000,275.000,925.000,-1,-1,-1,675.000,575.000,-1,725.000,2,0,2,0,0,0,0,0,0,0,2,2,2,0,0,2,0
77,6985.171,7862.585,-499.161,46.186,0.691959,-0.721546,-0.023758,0.721560,0.692287,-0.009540,0.023331,-0.010541,0.999672,0,0.75785,-0.54931,45.471,-1.099,-1,375.000,-1,350.000,675.000,300.000,300.000,300.000,300.000,925.000,-1,-1,-1,650.000,575.000,-1,700.000,2,0,2,0,0,0,0,0,0,0,2,2,2,0,0,2,0
78,7017.335,7894.637,-497.532,44.900,0.707877,-0.705824,-0.026877,0.705848,0.708289,-0.010205,0.026239,-0.011748,0.999587,0,0.75679,-0.64272,45.407,-1.285,-1,375.000,-1,350.000,675.000,300.000,300.000,300.000,300.000,900.000,-1,-1,-1,650.000,550.000,-1,700.000,2,0,2,0,0,0,0,0,0,0,2,2,2,0,0,2,0
79,7050.139,7925.900,-495.876,43.623,0.723328,-0.689846,-0.030144,0.689882,0.723840,-0.010842,0.029299,-0.012953,0.999487,0,0.75524,-0.63881,45.315,-1.278,-1,375.000,-1,350.000,675.000,300.000,300.000,300.000,300.000,900.000,300.000,-1,-1,650.000,550.000,1000.000,700.000,2,0,2,0,0,0,0,0,0,0,0,2,2,0,0,1,0
80,7083.546,7956.351,-494.257,42.349,0.738352,-0.673582,-0.033537,0.673623,0.738982,-0.011732,0.032686,-0.013929,0.999369,0,0.75339,-0.63667,45.203,-1.273,-1,375.000,-1,350.000,675.000,300.000,300.000,325.000,300.000,875.000,300.000,975.000,-1,650.000,550.000,925.000,700.000,2,0,2,0,0,0,0,0,0,0,0,0,2,0,0,1,0
81,7117.525,7985.970,-492.664,41.079,0.752949,-0.657034,-0.037078,0.657074,0.753718,-0.012804,0.036359,-0.014722,0.999230,0,0.75126,-0.63486,45.076,-1.270,-1,375.000,-1,350.000,675.000,300.000,300.000,325.000,300.000,875.000,275.000,425.000,-1,650.000,550.000,850.000,700.000,2,0,2,0,0,0,0,0,0,0,0,0,2,0,0,1,0
82,7153.905,8016.068,-490.686,39.601,0.769415,-0.637350,-0.042251,0.637418,0.770398,-0.013589,0.041211,-0.016476,0.999015,0,0.78693,-0.73925,47.216,-1.479,-1,375.000,-1,350.000,-1,300.000,300.000,325.000,300.000,850.000,275.000,350.000,-1,625.000,550.000,800.000,725.000,2,0,2,0,2,0,0,0,0,0,0,0,2,0,0,1,0
83,7191.274,8045.387,-488.339,38.118,0.785302,-0.617160,-0.049127,0.617314,0.786596,-0.013801,0.047160,-0.019488,0.998697,0,0.79163,-0.74166,47.498,-1.483,950.000,375.000,-1,350.000,-1,300.000,300.000,325.000,300.000,825.000,250.000,325.000,-1,625.000,575.000,750.000,-1,1,0,2,0,2,0,0,0,0,0,0,0,2,0,0,1,2
84,7225.431,8071.009,-486.192,36.874,0.798142,-0.599911,-0.055464,0.600171,0.799754,-0.013706,0.052580,-0.022349,0.998367,0,0.71163,-0.62166,42.698,-1.243,825.000,375.000,-1,350.000,-1,300.000,300.000,325.000,300.000,825.000,250.000,325.000,-1,625.000,575.000,700.000,-1,1,0,2,0,2,0,0,0,0,0,0,0,2,0,0,1,2
85,7259.521,8095.660,-484.043,35.871,0.808115,-0.585772,-0.061814,0.586171,0.810077,-0.013372,0.057907,-0.025427,0.997998,0,0.70114,-0.50166,42.068,-1.003,750.000,375.000,-1,350.000,-1,300.000,300.000,325.000,325.000,825.000,250.000,325.000,-1,625.000,600.000,675.000,-1,1,0,2,0,2,0,0,0,0,0,0,0,2,1,0,1,2
86,7294.139,8119.997,-481.847,35.108,0.815387,-0.574876,-0.068284,0.575453,0.817734,-0.012870,0.063237,-0.028800,0.997583,0,0.70527,-0.38166,42.316,-0.763,675.000,375.000,-1,350.000,-1,300.000,300.000,300.000,325.000,800.000,225.000,300.000,-1,625.000,600.000,625.000,-1,1,0,2,0,2,0,0,0,0,0,0,0,2,1,0,1,2
87,7329.174,8144.152,-479.086,34.584,0.820291,-0.567357,-0.072314,0.568019,0.822912,-0.013053,0.066913,-0.030369,0.997297,0,0.70923,-0.26166,42.554,-0.523,625.000,375.000,-1,350.000,-1,300.000,300.000,300.000,325.000,825.000,250.000,325.000,-1,600.000,-1,600.000,-1,1,0,2,0,2,0,0,0,0,0,0,0,2,1,2,1,2
88,7364.513,8168.259,-476.034,34.301,0.822842,-0.563265,-0.075254,0.563966,0.825686,-0.013622,0.069809,-0.031232,0.997071,0,0.71297,-0.14166,42.778,-0.283,575.000,375.000,-1,350.000,-1,300.000,300.000,300.000,325.000,850.000,275.000,350.000,-1,600.000,-1,575.000,-1,1,0,2,0,2,0,0,0,0,0,0,0,2,1,2,1,2
89,7400.042,8192.457,-472.897,34.258,0.823017,-0.562624,-0.078091,0.563362,0.826086,-0.014323,0.072568,-0.032205,0.996843,0,0.71644,-0.02166,42.986,-0.043,525.000,350.000,-1,350.000,-1,300.000,300.000,300.000,325.000,875.000,300.000,375.000,-1,575.000,-1,525.000,-1,1,0,2,0,2,0,0,0,0,0,0,0,2,1,2,1,2
90,7435.642,8216.883,-469.625,34.454,0.820807,-0.565440,-0.080958,0.566192,0.824126,-0.015561,0.075519,-0.033065,0.996596,0,0.71955,0.09834,43.173,0.197,500.000,375.000,-1,350.000,-1,300.000,300.000,300.000,300.000,875.000,325.000,375.000,-1,550.000,-1,500.000,-1,1,0,2,0,2,0,0,0,0,0,0,0,2,1,2,1,2
91,7471.186,8241.670,-466.001,34.891,0.816135,-0.571699,-0.084170,0.572384,0.819785,-0.018142,0.079373,-0.033371,0.996286,0,0.72222,0.21834,43.333,0.437,450.000,375.000,-1,350.000,-1,300.000,300.000,300.000,300.000,900.000,325.000,350.000,-1,525.000,-1,475.000,-1,1,0,2,0,2,0,0,0,0,0,0,0,2,1,2,1,2
92,7506.540,8266.951,-462.384,35.568,0.808977,-0.581328,-0.087260,0.581952,0.812959,-0.020747,0.083000,-0.033997,0.995969,0,0.72435,0.33834,43.461,0.677,425.000,375.000,-1,350.000,-1,300.000,300.000,300.000,300.000,900.000,300.000,325.000,-1,500.000,-1,425.000,-1,1,0,2,0,2,0,0,0,0,0,0,0,2,1,2,1,2
93,7541.556,8292.846,-458.789,36.484,0.799215,-0.594241,-0.090186,0.594806,0.803528,-0.023404,0.086375,-0.034938,0.995650,0,0.72584,0.45834,43.550,0.917,400.000,375.000,-1,375.000,-1,300.000,300.000,300.000,300.000,900.000,275.000,300.000,-1,475.000,-1,400.000,-1,1,0,2,0,2,0,0,0,0,0,0,0,2,1,2,1,2
94,7576.075,8319.469,-455.230,37.641,0.786693,-0.610313,-0.092909,0.610826,0.791333,-0.026135,0.089472,-0.036191,0.995332,0,0.72654,0.57834,43.593,1.157,375.000,375.000,-1,-1,-1,300.000,300.000,300.000,300.000,900.000,250.000,275.000,-1,425.000,-1,375.000,-1,1,1,2,2,2,0,0,0,0,0,0,0,2,1,2,1,2
95,7609.925,8346.918,-451.723,39.038,0.771219,-0.629383,-0.095386,0.629849,0.776178,-0.028953,0.092259,-0.037749,0.995019,0,0.72633,0.69834,43.580,1.397,325.000,350.000,-1,-1,-1,300.000,300.000,300.000,300.000,900.000,250.000,275.000,-1,400.000,-1,325.000,-1,1,1,2,2,2,0,0,0,0,0,0,0,2,1,2,1,2
96,7642.919,8375.272,-448.025,40.674,0.752581,-0.651223,-0.097619,0.651765,0.757801,-0.030648,0.093935,-0.040560,0.994752,0,0.72505,0.81834,43.503,1.637,300.000,325.000,-1,-1,-1,325.000,300.000,300.000,300.000,900.000,250.000,275.000,-1,375.000,-1,300.000,-1,1,1,2,2,2,0,0,0,0,0,0,0,2,1,2,1,2
97,7674.904,8404.537,-443.968,42.454,0.731678,-0.674311,-0.099754,0.675136,0.737068,-0.030384,0.094014,-0.045117,0.994548,0,0.72255,0.88982,43.353,1.780,275.000,300.000,-1,-1,-1,300.000,300.000,300.000,300.000,925.000,275.000,300.000,-1,325.000,-1,250.000,-1,1,1,2,2,2,1,0,0,0,0,0,0,2,1,2,1,2
98,7705.818,8434.615,-439.991,44.212,0.710342,-0.696458,-0.101783,0.697564,0.715885,-0.030207,0.093903,-0.049543,0.994348,0,0.71887,0.87894,43.132,1.758,225.000,250.000,-1,-1,-1,275.000,325.000,300.000,300.000,925.000,300.000,350.000,-1,300.000,-1,225.000,-1,1,1,2,2,2,1,0,0,0,0,0,0,2,1,2,1,2
99,7735.620,8465.415,-433.351,45.947,0.688503,-0.718050,-0.101821,0.717942,0.694688,-0.044352,0.102581,-0.042565,0.993814,0,0.71426,0.86773,42.855,1.735,225.000,250.000,-1,-1,-1,250.000,375.000,325.000,300.000,975.000,300.000,300.000,-1,275.000,-1,200.000,-1,1,1,2,2,2,1,1,0,0,0,0,0,2,1,2,1,2
100,7766.530,8499.647,-425.824,47.923,0.663035,-0.741833,-0.100342,0.739999,0.669760,-0.061828,0.113071,-0.033258,0.993030,0,0.76866,0.98773,46.120,1.975,225.000,225.000,-1,-1,-1,225.000,325.000,350.000,275.000,-1,275.000,275.000,-1,250.000,-1,200.000,-1,1,1,2,2,2,1,1,0,0,2,0,0,2,1,2,1,2
101,7796.474,8535.234,-417.913,49.923,0.636680,-0.764991,-0.097092,0.760978,0.643661,-0.081322,0.124705,-0.022109,0.991947,0,0.77509,1.00000,46.505,2.000,225.000,200.000,325.000,-1,-1,200.000,275.000,400.000,-1,-1,275.000,250.000,-1,225.000,-1,200.000,-1,1,1,1,2,2,1,1,0,2,2,0,0,2,1,2,1,2
102,7825.391,8572.156,-414.558,51.923,0.612910,-0.787148,-0.068848,0.780470,0.616696,-0.102727,0.123319,0.009229,0.992324,0,0.78164,1.00000,46.899,2.000,200.000,175.000,275.000,-1,-1,175.000,225.000,450.000,-1,-1,325.000,250.000,675.000,200.000,-1,175.000,-1,1,1,1,2,2,1,1,0,2,2,0,0,0,1,2,1,2
103,7850.306,8606.089,-412.288,53.683,0.592099,-0.805016,-0.036972,0.796884,0.591714,-0.121864,0.119979,0.042693,0.991858,0,0.70164,0.88000,42.099,1.760,175.000,150.000,225.000,-1,-1,150.000,175.000,550.000,-1,-1,375.000,200.000,450.000,175.000,-1,150.000,-1,1,1,1,2,2,1,1,0,2,2,0,0,0,1,2,1,2
104,-328.005,6231.410,-196.447,36.215,0.805220,-0.587363,0.081397,0.592576,0.802098,-0.074110,-0.021759,0.107909,0.993923,1,0.00000,0.00000,37.299,1.520,950.000,375.000,-1,775.000,-1,300.000,325.000,300.000,150.000,-1,725.000,375.000,475.000,650.000,-1,-1,-1,0,0,2,1,2,0,0,0,1,2,0,0,1,0,2,2,2
105,-331.887,6228.587,-195.974,36.005,0.807453,-0.584531,0.079648,0.589553,0.804385,-0.073434,-0.021143,0.106251,0.994114,0,-0.08000,-0.10476,-4.800,-0.210,975.000,375.000,-1,825.000,-1,325.000,325.000,300.000,150.000,-1,700.000,375.000,475.000,650.000,-1,-1,-1,0,0,2,1,2,0,0,0,1,2,0,0,1,0,2,2,2
106,-339.672,6222.970,-195.165,35.796,0.809726,-0.581761,0.076804,0.586470,0.806741,-0.072259,-0.019923,0.103554,0.994424,0,-0.16000,-0.10443,-9.600,-0.209,975.000,375.000,-1,850.000,-1,325.000,325.000,300.000,150.000,-1,625.000,350.000,475.000,675.000,-1,-1,-1,0,0,2,1,2,0,0,0,1,2,0,0,1,0,2,2,2
107,-351.379,6214.586,-194.044,35.589,0.812015,-0.579051,0.073017,0.583353,0.809143,-0.070616,-0.018191,0.099936,0.994828,0,-0.24000,-0.10374,-14.400,-0.207,1000.000,375.000,-1,900.000,-1,325.000,325.000,300.000,150.000,-1,525.000,325.000,475.000,675.000,-1,-1,-1,0,0,2,1,2,0,0,0,1,2,0,0,1,0,2,2,2
108,-366.416,6203.901,-192.697,35.384,0.814286,-0.576390,0.068650,0.580238,0.811551,-0.068621,-0.016160,0.095710,0.995278,0,-0.30745,-0.10261,-18.447,-0.205,-1,375.000,-1,425.000,-1,325.000,350.000,300.000,175.000,-1,400.000,300.000,475.000,675.000,-1,-1,-1,2,0,2,0,2,0,0,0,1,2,0,0,1,0,2,2,2
109,-381.081,6193.558,-191.428,35.182,0.816474,-0.573730,0.064836,0.577201,0.813868,-0.066768,-0.014461,0.091938,0.995660,0,-0.29909,-0.10099,-17.945,-0.202,-1,400.000,-1,450.000,-1,325.000,350.000,300.000,175.000,-1,350.000,275.000,475.000,700.000,-1,-1,-1,2,0,2,1,2,0,0,0,1,2,0,0,1,0,2,2,2
110,-395.391,6183.541,-190.165,34.983,0.818569,-0.571068,0.061859,0.574255,0.816081,-0.065146,-0.013279,0.088849,0.995957,0,-0.29113,-0.09925,-17.468,-0.199,-1,400.000,-1,450.000,-1,325.000,350.000,300.000,175.000,-1,325.000,275.000,475.000,700.000,-1,-1,-1,2,0,2,0,2,0,0,0,1,2,0,0,1,0,2,2,2
111,-409.362,6173.832,-188.990,34.788,0.820596,-0.568429,0.059258,0.571377,0.818218,-0.063628,-0.012318,0.086072,0.996213,0,-0.28356,-0.09740,-17.013,-0.195,-1,400.000,-1,475.000,-1,350.000,350.000,300.000,175.000,-1,325.000,275.000,475.000,725.000,-1,-1,-1,2,0,2,1,2,0,0,0,1,2,0,0,1,0,2,2,2
112,-423.010,6164.415,-187.898,34.597,0.822556,-0.565820,0.057008,0.568567,0.820281,-0.062212,-0.011562,0.083586,0.996434,0,-0.27636,-0.09545,-16.582,-0.191,-1,400.000,-1,475.000,-1,350.000,375.000,300.000,200.000,-1,300.000,275.000,475.000,725.000,-1,-1,-1,2,0,2,0,2,0,0,0,1,2,0,0,1,0,2,2,2
113,-436.350,6155.274,-186.883,34.411,0.824452,-0.563245,0.055084,0.565826,0.822273,-0.060893,-0.010996,0.081372,0.996623,0,-0.26953,-0.09342,-16.172,-0.187,-1,400.000,-1,475.000,-1,350.000,375.000,300.000,200.000,-1,300.000,250.000,475.000,725.000,-1,-1,-1,2,0,2,0,2,0,0,0,1,2,0,0,1,0,2,2,2
114,-449.399,6146.394,-185.976,34.228,0.826279,-0.560717,0.053479,0.563160,0.824205,-0.059482,-0.010725,0.079266,0.996796,0,-0.26306,-0.09130,-15.784,-0.183,-1,400.000,-1,475.000,-1,350.000,375.000,300.000,200.000,-1,275.000,250.000,475.000,725.000,-1,-1,-1,2,0,2,0,2,0,0,0,1,2,0,0,1,0,2,2,2
115,-462.171,6137.761,-185.189,34.050,0.828036,-0.558242,0.052181,0.560572,0.826080,-0.057887,-0.010790,0.077184,0.996958,0,-0.25693,-0.08912,-15.416,-0.178,-1,400.000,-1,475.000,-1,350.000,375.000,300.000,225.000,-1,300.000,250.000,475.000,750.000,-1,-1,-1,2,0,2,0,2,0,0,0,1,2,0,0,1,0,2,2,2
116,-474.679,6129.359,-184.464,33.884,0.829658,-0.555922,0.051161,0.558163,0.827811,-0.056409,-0.010993,0.075356,0.997096,0,-0.25113,-0.08306,-15.068,-0.166,-1,400.000,-1,500.000,-1,350.000,375.000,300.000,225.000,-1,325.000,250.000,475.000,750.000,-1,-1,-1,2,0,2,0,2,0,0,0,1,2,0,0,1,0,2,2,2
117,-486.937,6121.171,-183.799,33.737,0.831079,-0.553865,0.050412,0.556040,0.829331,-0.055048,-0.011319,0.073781,0.997210,0,-0.24569,-0.07339,-14.742,-0.147,-1,400.000,-1,500.000,-1,350.000,375.000,300.000,225.000,-1,325.000,275.000,500.000,750.000,-1,-1,-1,2,0,2,0,2,0,0,0,1,2,0,0,1,0,2,2,2
118,-498.961,6113.178,-183.190,33.609,0.832307,-0.552063,0.049911,0.554190,0.830650,-0.053800,-0.011758,0.072438,0.997304,0,-0.24065,-0.06410,-14.439,-0.128,-1,400.000,-1,500.000,-1,350.000,375.000,300.000,225.000,-1,350.000,275.000,500.000,750.000,-1,-1,-1,2,0,2,0,2,0,0,0,1,2,0,0,1,0,2,2,2
119,-510.767,6105.363,-182.632,33.498,0.833353,-0.550507,0.049638,0.552604,0.831779,-0.052657,-0.012300,0.071313,0.997378,0,-0.23596,-0.05515,-14.158,-0.110,-1,400.000,-1,500.000,-1,350.000,375.000,300.000,250.000,-1,375.000,275.000,500.000,750.000,-1,-1,-1,2,0,2,0,2,0,0,0,1,2,0,0,1,0,2,2,2
120,-522.368,6097.711,-182.121,33.405,0.834225,-0.549192,0.049575,0.551273,0.832727,-0.051615,-0.012936,0.070388,0.997436,0,-0.23162,-0.04654,-13.897,-0.093,-1,400.000,-1,500.000,-1,350.000,375.000,300.000,250.000,-1,375.000,275.000,500.000,750.000,-1,-1,-1,2,0,2,0,2,0,0,0,1,2,0,0,1,0,2,2,2
121,-533.777,6090.208,-181.656,33.329,0.834930,-0.548108,0.049706,0.550187,0.833503,-0.050667,-0.013659,0.069651,0.997478,0,-0.22760,-0.03825,-13.656,-0.077,-1,400.000,-1,500.000,-1,350.000,375.000,300.000,250.000,-1,400.000,275.000,500.000,750.000,-1,-1,-1,2,0,2,0,2,0,0,0,1,2,0,0,1,0,2,2,2
122,-545.008,6082.838,-181.231,33.268,0.835475,-0.547248,0.050016,0.549339,0.834114,-0.049807,-0.014462,0.069088,0.997506,0,-0.22388,-0.03027,-13.433,-0.061,-1,400.000,-1,500.000,-1,350.000,375.000,300.000,250.000,-1,425.000,300.000,525.000,750.000,-1,-1,-1,2,0,2,0,2,0,0,0,1,2,0,0,1,0,2,2,2
123,-556.073,6075.591,-180.845,33.223,0.835866,-0.546606,0.050493,0.548719,0.834568,-0.049030,-0.015340,0.068689,0.997520,0,-0.22045,-0.02258,-13.227,-0.045,-1,400.000,-1,500.000,-1,350.000,375.000,300.000,275.000,-1,425.000,325.000,525.000,750.000,-1,-1,-1,2,0,2,0,2,0,0,0,1,2,0,0,1,0,2,2,2
124,-566.982,6068.453,-180.496,33.193,0.836111,-0.546173,0.051126,0.548319,0.834871,-0.048332,-0.016286,0.068444,0.997522,0,-0.21728,-0.01516,-13.037,-0.030,-1,400.000,-1,500.000,500.000,350.000,375.000,300.000,275.000,-1,450.000,350.000,525.000,725.000,-1,-1,-1,2,0,2,0,1,0,0,0,1,2,0,0,1,0,2,2,2
125,-577.748,6061.414,-180.288,33.177,0.836235,-0.545960,0.051378,0.548110,0.835055,-0.047534,-0.016952,0.067910,0.997547,0,-0.21437,-0.00801,-12.862,-0.016,-1,400.000,-1,500.000,475.000,350.000,375.000,300.000,275.000,-1,450.000,350.000,550.000,725.000,-1,-1,-1,2,0,2,0,1,0,0,0,1,2,0,0,1,0,2,2,2
126,-588.379,6054.464,-180.123,33.175,0.836224,-0.545944,0.051709,0.548104,0.835101,-0.046786,-0.017639,0.067466,0.997566,0,-0.21169,-0.00110,-12.701,-0.002,-1,400.000,-1,500.000,475.000,350.000,375.000,300.000,300.000,-1,450.000,350.000,550.000,725.000,-1,-1,-1,2,0,2,0,1,0,0,0,1,2,0,0,1,0,2,2,2
127,-595.010,6050.168,-179.993,32.932,0.838504,-0.542430,0.051777,0.544587,0.837433,-0.046159,-0.018322,0.066901,0.997591,0,-0.13169,-0.12110,-7.901,-0.242,-1,400.000,-1,500.000,450.000,350.000,375.000,275.000,300.000,-1,450.000,350.000,575.000,725.000,-1,-1,-1,2,0,2,0,1,0,0,0,1,2,0,0,1,0,2,2,2
128,-597.627,6048.503,-179.887,32.450,0.843033,-0.535390,0.051501,0.537528,0.842011,-0.045614,-0.018943,0.066137,0.997631,0,-0.05169,-0.24110,-3.101,-0.482,-1,400.000,-1,500.000,425.000,350.000,375.000,275.000,300.000,-1,475.000,375.000,600.000,725.000,-1,-1,-1,2,0,2,0,1,0,0,0,1,2,0,0,1,0,2,2,2
129,-596.181,6049.396,-179.797,31.728,0.849725,-0.524770,0.050825,0.526866,0.848750,-0.045108,-0.019467,0.065108,0.997688,0,0.02831,-0.36110,1.699,-0.722,-1,400.000,-1,500.000,400.000,350.000,375.000,275.000,300.000,-1,475.000,375.000,625.000,725.000,-1,-1,-1,2,0,2,0,1,0,0,0,1,2,0,0,1,0,2,2,2
130,-590.596,6052.719,-179.720,30.766,0.858447,-0.510488,0.049715,0.512518,0.857518,-0.044594,-0.019866,0.063762,0.997767,0,0.10831,-0.48110,6.499,-0.962,-1,400.000,-1,500.000,375.000,350.000,375.000,275.000,300.000,-1,475.000,375.000,750.000,750.000,-1,-1,-1,2,0,2,0,1,0,0,0,1,2,0,0,1,0,2,2,2
131,-580.768,6058.293,-179.656,29.564,0.869015,-0.492437,0.048156,0.494376,0.868133,-0.044017,-0.020130,0.062059,0.997869,0,0.18831,-0.60110,11.299,-1.202,-1,400.000,-1,500.000,375.000,350.000,375.000,275.000,300.000,-1,475.000,375.000,-1,750.000,-1,-1,-1,2,0,2,0,1,0,0,0,1,2,0,0,2,0,2,2,2
132,-566.568,6065.880,-179.702,28.121,0.881214,-0.470502,0.045707,0.472296,0.880385,-0.043118,-0.019953,0.059583,0.998024,0,0.26831,-0.72110,16.099,-1.442,-1,425.000,-1,500.000,350.000,375.000,400.000,275.000,300.000,-1,475.000,375.000,-1,775.000,-1,-1,-1,2,0,2,1,1,0,0,0,1,2,0,0,2,0,2,2,2
133,-547.854,6075.183,-179.936,26.439,0.894768,-0.444548,0.042033,0.446123,0.894004,-0.041605,-0.019082,0.055979,0.998250,0,0.34831,-0.84110,20.899,-1.682,-1,425.000,-1,500.000,325.000,375.000,400.000,275.000,300.000,-1,450.000,350.000,-1,800.000,-1,-1,-1,2,0,2,1,1,0,0,0,1,2,0,0,2,0,2,2,2
134,-524.471,6085.845,-180.271,24.517,0.909313,-0.414410,0.037596,0.415731,0.908630,-0.039492,-0.017795,0.051540,0.998512,0,0.42831,-0.96110,25.699,-1.922,-1,450.000,-1,500.000,325.000,375.000,425.000,275.000,300.000,-1,375.000,300.000,-1,825.000,-1,-1,-1,2,0,2,1,1,0,0,0,1,2,0,0,2,0,2,2,2
135,-496.296,6097.521,-180.938,22.517,0.923349,-0.382556,0.032827,0.383604,0.922803,-0.035820,-0.016590,0.045667,0.998819,0,0.50831,-1.00000,30.499,-2.000,-1,450.000,-1,475.000,300.000,400.000,425.000,275.000,300.000,-1,275.000,250.000,-1,875.000,-1,-1,-1,2,0,2,1,1,0,0,0,1,2,0,0,2,1,2,2,2
