timestep,x_cm,y_cm,z_cm,yaw_deg,basis_xx,basis_xy,basis_xz,basis_yx,basis_yy,basis_yz,basis_zx,basis_zy,basis_zz,teleport_flag,throttle_cmd,steering_cmd,cmd_move_cm,cmd_turn_deg,lidar_cm_0,lidar_cm_1,lidar_cm_2,lidar_cm_3,lidar_cm_4,lidar_cm_5,lidar_cm_6,lidar_cm_7,lidar_cm_8,lidar_cm_9,lidar_cm_10,lidar_cm_11,lidar_cm_12,lidar_cm_13,lidar_cm_14,lidar_cm_15,lidar_cm_16,lidar_class_0,lidar_class_1,lidar_class_2,lidar_class_3,lidar_class_4,lidar_class_5,lidar_class_6,lidar_class_7,lidar_class_8,lidar_class_9,lidar_class_10,lidar_class_11,lidar_class_12,lidar_class_13,lidar_class_14,lidar_class_15,lidar_class_16
0,331.781,-6228.440,-412.467,37.367,0.794414,-0.606883,-0.024458,0.606103,0.794712,-0.032740,0.039307,0.011185,0.999165,1,0.08000,0.12000,4.800,0.240,375.000,375.000,675.000,375.000,700.000,300.000,300.000,275.000,275.000,900.000,250.000,225.000,925.000,525.000,475.000,450.000,525.000,1,0,1,0,1,0,0,0,0,0,0,0,0,1,1,1,1
1,339.362,-6222.550,-412.073,37.847,0.789275,-0.613521,-0.025240,0.612699,0.789601,-0.033624,0.040559,0.011075,0.999116,0,0.16000,0.24000,9.600,0.480,375.000,375.000,675.000,375.000,675.000,300.000,300.000,275.000,275.000,900.000,250.000,225.000,925.000,525.000,475.000,425.000,500.000,1,0,1,0,1,0,0,0,0,0,0,0,0,1,1,1,1
2,350.621,-6213.572,-411.483,38.567,0.781462,-0.623395,-0.026358,0.622509,0.781830,-0.034983,0.042415,0.010930,0.999040,0,0.24000,0.36000,14.400,0.720,375.000,375.000,650.000,375.000,600.000,300.000,300.000,275.000,275.000,900.000,250.000,225.000,925.000,500.000,475.000,425.000,475.000,1,0,1,1,1,0,0,0,0,0,0,0,0,1,1,1,1
3,365.431,-6201.352,-410.701,39.527,0.770853,-0.636408,-0.027747,0.635432,0.771277,-0.036850,0.044852,0.010775,0.998936,0,0.32000,0.48000,19.200,0.960,350.000,375.000,650.000,375.000,550.000,300.000,300.000,275.000,275.000,900.000,225.000,225.000,925.000,500.000,450.000,400.000,475.000,1,0,1,1,1,0,0,0,0,0,0,0,0,1,1,1,1
4,383.619,-6185.693,-409.732,40.727,0.757289,-0.652422,-0.029319,0.651326,0.757781,-0.039265,0.047835,0.010639,0.998799,0,0.40000,0.60000,24.000,1.200,325.000,375.000,650.000,375.000,500.000,300.000,300.000,275.000,275.000,900.000,225.000,200.000,925.000,475.000,450.000,375.000,450.000,1,0,1,1,1,0,0,0,0,0,0,0,0,1,1,1,1
5,404.973,-6166.368,-408.497,42.145,0.740839,-0.670967,-0.030978,0.669738,0.741415,-0.041885,0.051071,0.010283,0.998642,0,0.48000,0.70864,28.800,1.417,325.000,375.000,625.000,350.000,450.000,300.000,300.000,275.000,275.000,925.000,225.000,200.000,925.000,450.000,425.000,350.000,400.000,1,0,1,1,1,0,0,0,0,0,0,0,0,1,1,1,1
6,429.318,-6143.210,-406.468,43.569,0.723829,-0.689200,-0.032785,0.687948,0.724526,-0.042306,0.052910,0.008068,0.998567,0,0.56000,0.71204,33.600,1.424,300.000,375.000,600.000,350.000,400.000,325.000,325.000,275.000,275.000,925.000,250.000,225.000,950.000,425.000,400.000,325.000,375.000,1,1,1,1,1,0,0,0,0,0,0,0,0,1,1,1,1
7,456.470,-6116.056,-404.193,45.003,0.706232,-0.707135,-0.034578,0.705848,0.707053,-0.043062,0.054899,0.006004,0.998474,0,0.64000,0.71737,38.400,1.435,250.000,350.000,550.000,325.000,350.000,325.000,325.000,275.000,275.000,925.000,275.000,250.000,950.000,400.000,400.000,300.000,350.000,1,1,1,1,1,0,0,0,0,0,0,0,0,1,1,1,1
8,486.233,-6084.744,-401.688,46.453,0.688002,-0.724801,-0.036291,0.723465,0.688946,-0.044168,0.057015,0.004132,0.998365,0,0.72000,0.72472,43.200,1.449,225.000,300.000,525.000,325.000,300.000,325.000,325.000,275.000,275.000,950.000,300.000,275.000,950.000,350.000,375.000,250.000,300.000,1,1,1,1,1,0,0,0,0,0,0,0,0,1,1,1,1
9,518.401,-6049.117,-398.968,47.921,0.669085,-0.742221,-0.037849,0.740822,0.670150,-0.045632,0.059234,0.002492,0.998241,0,0.80000,0.73420,48.000,1.468,200.000,275.000,475.000,300.000,250.000,300.000,325.000,275.000,275.000,950.000,325.000,325.000,950.000,325.000,350.000,200.000,275.000,1,1,1,1,1,1,1,0,0,0,0,0,0,1,1,1,1
10,552.753,-6009.020,-396.054,49.413,0.649420,-0.759420,-0.039177,0.757937,0.650599,-0.047456,0.061528,0.001125,0.998105,0,0.88000,0.74599,52.800,1.492,150.000,250.000,425.000,275.000,200.000,250.000,300.000,275.000,300.000,975.000,350.000,350.000,950.000,275.000,325.000,175.000,225.000,1,1,1,1,1,1,1,0,0,0,0,0,0,1,1,1,1
11,589.049,-5964.290,-387.075,50.934,0.629595,-0.776192,-0.033706,0.772473,0.630036,-0.079626,0.083042,0.024095,0.996255,0,0.96000,0.76027,57.600,1.521,150.000,225.000,400.000,250.000,175.000,250.000,300.000,325.000,275.000,-1,325.000,275.000,725.000,275.000,300.000,150.000,200.000,1,1,1,1,1,1,1,1,0,2,0,0,0,1,1,1,1
12,625.582,-5916.679,-369.906,52.488,0.607588,-0.792696,-0.049697,0.783720,0.608513,-0.124483,0.128919,0.036685,0.990976,0,1.00000,0.77733,60.000,1.555,150.000,225.000,375.000,275.000,175.000,225.000,275.000,325.000,300.000,950.000,250.000,200.000,525.000,275.000,300.000,150.000,175.000,1,1,1,1,1,1,1,1,1,0,0,0,0,1,1,1,1
13,660.780,-5868.065,-351.324,54.081,0.583867,-0.808992,-0.068056,0.792055,0.586024,-0.170951,0.178180,0.045909,0.982926,0,1.00000,0.79625,60.000,1.593,150.000,225.000,375.000,250.000,175.000,225.000,250.000,325.000,300.000,850.000,200.000,125.000,425.000,275.000,275.000,150.000,175.000,1,1,1,1,1,1,1,1,1,0,0,0,0,1,1,1,1
14,-5575.417,6231.346,-25.418,-143.760,-0.806860,0.590708,0.006450,-0.590376,-0.805924,-0.044074,-0.020837,-0.039369,0.999007,1,0.00000,0.00000,60.000,1.422,-1,400.000,-1,375.000,-1,325.000,325.000,200.000,300.000,-1,-1,-1,-1,800.000,800.000,-1,-1,2,0,2,0,2,0,0,1,0,2,2,2,2,0,0,2,2
15,-5579.277,6228.492,-25.447,-143.520,-0.804380,0.594082,0.006320,-0.593739,-0.803447,-0.044118,-0.021132,-0.039240,0.999006,0,0.08000,0.12000,4.800,0.240,-1,400.000,-1,375.000,-1,325.000,325.000,200.000,300.000,-1,-1,-1,-1,800.000,800.000,-1,-1,2,0,2,0,2,0,0,1,0,2,2,2,2,0,0,2,2
16,-5586.964,6222.742,-25.502,-143.199,-0.801036,0.598590,0.005575,-0.598215,-0.800123,-0.044070,-0.021919,-0.038637,0.999013,0,0.16000,0.16058,9.600,0.321,-1,400.000,-1,375.000,-1,325.000,325.000,200.000,300.000,-1,-1,-1,-1,800.000,800.000,-1,-1,2,0,2,0,2,0,0,1,0,2,2,2,2,0,0,2,2
17,-5598.446,6214.052,-25.549,-142.878,-0.797667,0.603083,0.004212,-0.602654,-0.796792,-0.043937,-0.023141,-0.037585,0.999025,0,0.24000,0.16035,14.400,0.321,-1,400.000,-1,375.000,-1,325.000,325.000,200.000,300.000,-1,-1,-1,-1,800.000,800.000,-1,-1,2,0,2,0,2,0,0,1,0,2,2,2,2,0,0,2,2
18,-5613.691,6202.379,-25.601,-142.558,-0.794274,0.607555,0.002348,-0.607056,-0.793453,-0.043762,-0.024725,-0.036184,0.999039,0,0.32000,0.15997,19.200,0.320,-1,400.000,-1,375.000,-1,325.000,325.000,200.000,300.000,-1,-1,-1,-1,800.000,775.000,-1,-1,2,0,2,0,2,0,0,1,0,2,2,2,2,0,0,2,2
19,-5632.665,6187.683,-25.688,-142.239,-0.790860,0.611997,0.000114,-0.611419,-0.790106,-0.043590,-0.026587,-0.034543,0.999050,0,0.40000,0.15944,24.000,0.319,-1,400.000,-1,375.000,-1,325.000,325.000,200.000,300.000,-1,-1,-1,-1,775.000,775.000,-1,-1,2,0,2,0,2,0,0,1,0,2,2,2,2,0,0,2,2
20,-5655.336,6169.922,-25.846,-141.922,-0.787429,0.616401,-0.002315,-0.615740,-0.786749,-0.043474,-0.028619,-0.032807,0.999052,0,0.48000,0.15871,28.800,0.317,-1,400.000,-1,375.000,-1,325.000,325.000,225.000,300.000,-1,-1,-1,-1,775.000,775.000,-1,-1,2,0,2,0,2,0,0,1,0,2,2,2,2,0,0,2,2
21,-5681.671,6149.055,-26.124,-141.607,-0.783990,0.620756,-0.004723,-0.620015,-0.783385,-0.043461,-0.030679,-0.031145,0.999044,0,0.56000,0.15773,33.600,0.315,-1,400.000,-1,375.000,-1,325.000,325.000,225.000,300.000,-1,-1,-1,-1,775.000,750.000,-1,-1,2,0,2,0,2,0,0,1,0,2,2,2,2,0,0,2,2
22,-5711.637,6125.042,-26.582,-141.294,-0.780554,0.625051,-0.006847,-0.624239,-0.780016,-0.043590,-0.032586,-0.029750,0.999026,0,0.64000,0.15645,38.400,0.313,-1,400.000,-1,375.000,-1,325.000,300.000,250.000,300.000,-1,-1,-1,-1,775.000,750.000,-1,-1,2,0,2,0,2,0,0,1,0,2,2,2,2,0,0,2,2
23,-5743.945,6098.866,-27.245,-140.984,-0.777140,0.629272,-0.008333,-0.628401,-0.776647,-0.043955,-0.034131,-0.028923,0.998999,0,0.69302,0.15480,41.581,0.310,-1,400.000,-1,375.000,1000.000,325.000,300.000,250.000,300.000,-1,-1,-1,-1,775.000,750.000,-1,-1,2,0,2,0,1,0,0,1,0,2,2,2,2,0,0,2,2
24,-5774.667,6073.481,-28.107,-140.435,-0.771067,0.636694,-0.008754,-0.635782,-0.770576,-0.044653,-0.035176,-0.028865,0.998964,0,0.66421,0.27480,39.852,0.550,-1,400.000,-1,375.000,975.000,325.000,325.000,275.000,300.000,-1,-1,-1,-1,775.000,750.000,-1,-1,2,0,2,0,1,0,0,1,0,2,2,2,2,0,0,2,2
25,-5804.925,6047.894,-29.143,-139.781,-0.763774,0.645429,-0.008379,-0.644489,-0.763254,-0.045583,-0.035816,-0.029415,0.998925,0,0.66045,0.32667,39.627,0.653,-1,400.000,-1,375.000,950.000,325.000,325.000,275.000,300.000,-1,-1,-1,-1,750.000,750.000,-1,1000.000,2,0,2,0,1,0,0,1,0,2,2,2,2,0,0,2,1
26,-5834.748,6022.089,-30.398,-139.132,-0.756444,0.654014,-0.007627,-0.653053,-0.755877,-0.046601,-0.036243,-0.030270,0.998884,0,0.65729,0.32441,39.438,0.649,-1,400.000,-1,375.000,900.000,325.000,325.000,300.000,300.000,-1,-1,-1,-1,750.000,750.000,-1,975.000,2,0,2,0,1,0,0,1,0,2,2,2,2,0,0,2,1
27,-5864.152,5996.063,-31.935,-138.488,-0.749075,0.662450,-0.006796,-0.661470,-0.748457,-0.047642,-0.036647,-0.031192,0.998841,0,0.65445,0.32201,39.267,0.644,-1,400.000,-1,375.000,875.000,325.000,325.000,300.000,300.000,-1,-1,-1,-1,750.000,750.000,-1,950.000,2,0,2,0,1,0,0,1,0,2,2,2,2,0,0,2,1
28,-5893.151,5969.813,-33.590,-137.849,-0.741690,0.670723,-0.005159,-0.669747,-0.740986,-0.048765,-0.036531,-0.032713,0.998797,0,0.65192,0.31949,39.115,0.639,-1,400.000,-1,375.000,875.000,325.000,325.000,300.000,300.000,575.000,-1,-1,-1,750.000,750.000,-1,950.000,2,0,2,0,1,0,0,1,0,1,2,2,2,0,0,2,1
29,-5921.759,5943.335,-35.374,-137.216,-0.734293,0.678827,-0.002712,-0.677881,-0.733470,-0.049999,-0.035929,-0.034876,0.998746,0,0.64968,0.31683,38.981,0.634,-1,400.000,-1,400.000,850.000,325.000,325.000,325.000,300.000,550.000,-1,-1,-1,750.000,750.000,-1,1000.000,2,0,2,0,1,0,0,1,0,1,2,2,2,0,1,2,1
30,-5949.990,5916.625,-37.289,-136.588,-0.726887,0.686757,0.000553,-0.685872,-0.725910,-0.051326,-0.034847,-0.037688,0.998682,0,0.64773,0.31406,38.864,0.628,-1,400.000,-1,400.000,825.000,325.000,325.000,325.000,300.000,525.000,-1,-1,-1,750.000,750.000,-1,-1,2,0,2,0,1,0,0,0,0,1,2,2,2,0,1,2,2
31,-5977.856,5889.679,-39.337,-135.965,-0.719472,0.694506,0.004640,-0.693723,-0.718309,-0.052721,-0.033282,-0.041150,0.998598,0,0.64607,0.31117,38.764,0.622,-1,400.000,-1,400.000,825.000,325.000,325.000,300.000,300.000,500.000,-1,-1,-1,750.000,750.000,-1,-1,2,0,2,0,1,0,0,0,0,1,2,2,2,0,1,2,2
32,-6005.372,5862.495,-41.020,-135.349,-0.712014,0.702130,0.007002,-0.701397,-0.710733,-0.053860,-0.032840,-0.043260,0.998524,0,0.64467,0.30818,38.680,0.616,-1,400.000,-1,400.000,800.000,325.000,325.000,300.000,300.000,500.000,-1,-1,-1,725.000,750.000,-1,-1,2,0,2,0,1,0,0,0,0,1,2,2,2,0,1,2,2
33,-6032.550,5835.068,-42.135,-134.739,-0.704512,0.709661,0.006578,-0.708868,-0.703218,-0.054684,-0.034181,-0.043189,0.998482,0,0.64352,0.30508,38.611,0.610,-1,375.000,-1,400.000,775.000,325.000,325.000,300.000,325.000,500.000,-1,-1,-1,725.000,750.000,-1,-1,2,0,2,0,1,0,0,0,0,1,2,2,2,0,1,2,2
34,-6059.399,5807.395,-43.402,-134.135,-0.696996,0.717049,0.006171,-0.716219,-0.695717,-0.054843,-0.035032,-0.042645,0.998476,0,0.64263,0.30189,38.558,0.604,-1,375.000,-1,400.000,725.000,325.000,325.000,300.000,325.000,525.000,-1,-1,-1,725.000,750.000,-1,-1,2,0,2,0,1,0,0,0,0,1,2,2,2,0,1,2,2
35,-6085.932,5779.473,-44.695,-133.538,-0.689483,0.724279,0.005836,-0.723419,-0.688222,-0.054915,-0.035757,-0.042085,0.998474,0,0.64196,0.29861,38.518,0.597,-1,375.000,-1,400.000,725.000,325.000,325.000,300.000,325.000,525.000,-1,-1,-1,725.000,775.000,-1,-1,2,0,2,0,1,0,0,0,0,1,2,2,2,0,1,2,2
36,-6112.157,5751.298,-45.992,-132.947,-0.681982,0.731348,0.005587,-0.730462,-0.680735,-0.055000,-0.036421,-0.041590,0.998471,0,0.64153,0.29523,38.492,0.590,-1,375.000,-1,400.000,725.000,325.000,325.000,300.000,325.000,550.000,-1,-1,-1,700.000,-1,-1,-1,2,0,2,0,1,0,0,0,0,1,2,2,2,0,2,2,2
37,-6138.085,5722.868,-47.295,-132.364,-0.674499,0.738256,0.005421,-0.737347,-0.673264,-0.055096,-0.037025,-0.041159,0.998466,0,0.64130,0.29177,38.478,0.584,-1,375.000,-1,400.000,800.000,325.000,325.000,300.000,325.000,550.000,-1,-1,-1,700.000,-1,-1,-1,2,0,2,0,1,0,0,0,0,1,2,2,2,0,2,2,2
38,-6163.725,5694.179,-48.603,-131.787,-0.667039,0.745003,0.005339,-0.744075,-0.665812,-0.055200,-0.037569,-0.040793,0.998461,0,0.64128,0.28823,38.477,0.576,-1,375.000,-1,375.000,-1,325.000,325.000,300.000,325.000,575.000,-1,-1,-1,700.000,-1,-1,-1,2,0,2,0,2,0,0,0,0,1,2,2,2,0,2,2,2
39,-6189.085,5665.229,-49.916,-131.218,-0.659608,0.751590,0.005340,-0.750645,-0.658386,-0.055310,-0.038054,-0.040491,0.998455,0,0.64145,0.28461,38.487,0.569,-1,375.000,-1,375.000,-1,300.000,325.000,300.000,325.000,600.000,-1,-1,-1,700.000,-1,-1,-1,2,0,2,0,2,0,0,0,0,1,2,2,2,0,2,2,2
40,-6214.174,5636.015,-51.223,-130.656,-0.652213,0.758016,0.005477,-0.757060,-0.650990,-0.055424,-0.038447,-0.040295,0.998448,0,0.64181,0.28091,38.508,0.562,-1,375.000,-1,375.000,-1,300.000,300.000,300.000,325.000,600.000,-1,-1,-1,675.000,-1,-1,-1,2,0,2,0,2,0,0,0,0,1,2,2,2,0,2,2,2
41,-6239.000,5606.536,-52.525,-130.102,-0.644856,0.764283,0.005703,-0.763321,-0.643630,-0.055502,-0.038749,-0.040144,0.998442,0,0.64234,0.27714,38.540,0.554,-1,375.000,-1,375.000,-1,300.000,300.000,300.000,325.000,625.000,-1,-1,-1,675.000,-1,-1,-1,2,0,2,0,2,0,0,0,0,1,2,2,2,0,2,2,2
42,-6266.735,5573.232,-54.116,-129.788,-0.640641,0.767818,0.005853,-0.766882,-0.639442,-0.054821,-0.038350,-0.039609,0.998479,0,0.72234,0.15714,43.340,0.314,-1,375.000,-1,375.000,-1,300.000,300.000,300.000,325.000,650.000,-1,-1,-1,675.000,-1,-1,-1,2,0,2,0,2,0,0,0,0,1,2,2,2,0,2,2,2
43,-6297.130,5536.640,-55.896,-129.713,-0.639622,0.768667,0.006001,-0.767778,-0.638463,-0.053686,-0.037435,-0.038946,0.998540,0,0.79282,0.03714,47.569,0.074,-1,375.000,-1,375.000,-1,300.000,300.000,300.000,325.000,650.000,-1,-1,-1,675.000,-1,-1,-1,2,0,2,0,2,0,0,0,0,1,2,2,2,0,2,2,2
44,-6327.484,5500.053,-57.617,-129.680,-0.639159,0.769050,0.006245,-0.768211,-0.638035,-0.052558,-0.036435,-0.038390,0.998598,0,0.79232,0.01645,47.539,0.033,-1,375.000,-1,375.000,-1,300.000,300.000,300.000,325.000,675.000,-1,-1,-1,675.000,-1,-1,-1,2,0,2,1,2,0,0,0,0,1,2,2,2,0,2,2,2
45,-6359.773,5460.755,-59.390,-129.408,-0.635466,0.772101,0.006555,-0.771313,-0.634382,-0.051340,-0.035482,-0.037681,0.998660,0,0.84770,0.13645,50.862,0.273,-1,375.000,-1,425.000,-1,300.000,300.000,300.000,325.000,700.000,-1,-1,-1,675.000,-1,-1,-1,2,0,2,1,2,0,0,0,0,1,2,2,2,0,2,2,2
46,-6391.633,5421.265,-61.114,-128.895,-0.628510,0.777770,0.007013,-0.777032,-0.627462,-0.050134,-0.034593,-0.036960,0.998718,0,0.84567,0.25645,50.740,0.513,-1,375.000,-1,-1,-1,300.000,300.000,300.000,325.000,725.000,-1,-1,-1,650.000,-1,-1,-1,2,0,2,2,2,0,0,0,0,1,2,2,2,0,2,2,2
47,-6422.851,5381.511,-62.795,-128.142,-0.618220,0.785968,0.007616,-0.785279,-0.617204,-0.048954,-0.033776,-0.036245,0.998772,0,0.84243,0.37645,50.546,0.753,-1,375.000,-1,-1,-1,300.000,300.000,300.000,325.000,750.000,-1,-1,-1,650.000,-1,-1,-1,2,0,2,2,2,0,0,0,0,1,2,2,2,0,2,2,2
48,-6453.211,5341.440,-64.436,-127.149,-0.604495,0.796565,0.008354,-0.795923,-0.603507,-0.047808,-0.033041,-0.035549,0.998822,0,0.83789,0.49645,50.274,0.993,-1,375.000,-1,-1,-1,300.000,300.000,300.000,325.000,775.000,-1,-1,-1,650.000,-1,-1,-1,2,0,2,2,2,0,0,0,1,1,2,2,2,0,2,2,2
49,-6482.552,5301.057,-65.825,-126.000,-0.588365,0.808546,0.008917,-0.807976,-0.587447,-0.045626,-0.031652,-0.034050,0.998919,0,0.83197,0.57436,49.918,1.149,-1,375.000,-1,-1,-1,300.000,325.000,325.000,300.000,825.000,-1,-1,-1,650.000,-1,-1,-1,2,0,2,2,2,0,1,0,1,1,2,2,2,0,2,2,2
50,-6510.851,5260.457,-67.652,-124.875,-0.572310,0.820005,0.007306,-0.819426,-0.571517,-0.043682,-0.031644,-0.030986,0.999019,0,0.82482,0.56245,49.489,1.125,-1,375.000,-1,-1,-1,300.000,-1,325.000,275.000,850.000,-1,-1,-1,650.000,-1,-1,-1,2,0,2,2,2,0,2,0,1,1,2,2,2,0,2,2,2
51,-6538.094,5219.710,-70.526,-123.763,-0.556123,0.831100,0.000631,-0.830369,-0.555602,-0.042348,-0.034845,-0.024074,0.999103,0,0.81692,0.55601,49.015,1.112,-1,350.000,-1,-1,-1,300.000,-1,325.000,275.000,900.000,-1,-1,-1,650.000,-1,-1,-1,2,0,2,2,2,0,2,0,1,1,2,2,2,0,2,2,2
52,-6566.727,5174.769,-74.242,-122.500,-0.537348,0.843308,-0.009409,-0.842404,-0.537237,-0.041620,-0.040153,-0.014438,0.999089,0,0.88812,0.63187,53.287,1.264,-1,350.000,-1,-1,-1,275.000,-1,325.000,250.000,975.000,-1,-1,-1,625.000,-1,-1,-1,2,0,2,2,2,0,2,0,1,1,2,2,2,0,2,2,2
53,-6594.325,5129.313,-78.517,-121.261,-0.518469,0.854810,-0.022126,-0.853788,-0.518933,-0.041883,-0.047284,-0.002824,0.998877,0,0.88630,0.61933,53.178,1.239,-1,325.000,-1,-1,-1,275.000,-1,350.000,250.000,-1,-1,-1,-1,575.000,-1,-1,-1,2,0,2,2,2,0,2,0,1,2,2,2,2,0,2,2,2
54,-6620.861,5083.445,-83.321,-120.049,-0.499436,0.865548,-0.037295,-0.864536,-0.500712,-0.043177,-0.056045,0.010679,0.998371,0,0.88315,0.60592,52.989,1.212,-1,300.000,-1,-1,-1,250.000,-1,350.000,250.000,-1,-1,-1,-1,550.000,-1,-1,-1,2,0,2,2,2,0,2,0,1,2,2,2,2,0,2,2,2
55,-6646.309,5037.278,-89.176,-118.866,-0.479956,0.875406,-0.057496,-0.874647,-0.482566,-0.046071,-0.068077,0.028176,0.997282,0,0.87857,0.59168,52.714,1.183,-1,275.000,-1,-1,-1,225.000,-1,375.000,225.000,-1,-1,-1,-1,500.000,-1,850.000,-1,2,0,2,2,2,0,2,0,1,2,2,2,2,0,2,0,2
56,-6670.650,4990.929,-95.762,-117.712,-0.459897,0.884248,-0.081235,-0.884137,-0.464484,-0.050556,-0.082436,0.048572,0.995412,0,0.87249,0.57666,52.349,1.153,-1,250.000,-1,-1,-1,200.000,-1,400.000,225.000,-1,-1,-1,-1,450.000,-1,675.000,-1,2,0,2,2,2,0,2,0,1,2,2,2,2,0,2,0,2
57,-6693.870,4944.519,-102.951,-116.590,-0.439093,0.891944,-0.107852,-0.893005,-0.446466,-0.056653,-0.098684,0.071437,0.992551,0,0.86485,0.56096,51.891,1.122,-1,225.000,-1,-1,-1,175.000,-1,425.000,225.000,-1,-1,-1,800.000,375.000,-1,500.000,-1,2,0,2,2,2,0,2,0,1,2,2,2,1,0,2,0,2
58,-6715.961,4898.169,-110.664,-115.501,-0.417369,0.898362,-0.136929,-0.901238,-0.428516,-0.064370,-0.116504,0.096540,0.988487,0,0.85567,0.54471,51.340,1.089,850.000,200.000,-1,-1,-1,150.000,-1,450.000,225.000,-1,-1,-1,500.000,325.000,-1,375.000,-1,0,0,2,2,2,0,2,0,1,2,2,2,1,0,2,0,2
59,-6736.923,4851.996,-118.820,-114.445,-0.394562,0.903373,-0.168043,-0.908817,-0.410642,-0.073661,-0.135548,0.123657,0.983024,0,0.84505,0.52807,50.703,1.056,625.000,150.000,-1,-1,-1,125.000,875.000,500.000,225.000,-1,-1,0.000,350.000,250.000,-1,275.000,-1,0,0,2,2,2,0,1,0,1,2,2,0,1,0,2,0,2
60,-6756.765,4806.108,-127.341,-113.420,-0.370506,0.906873,-0.200767,-0.915731,-0.392819,-0.084444,-0.155445,0.152562,0.975993,0,0.83313,0.51233,49.988,1.025,450.000,125.000,-1,-1,-1,100.000,625.000,575.000,225.000,-1,-1,0.000,275.000,200.000,-1,175.000,-1,0,0,2,2,2,0,1,0,1,2,2,0,1,0,2,0,2
61,-6775.479,4760.590,-136.140,-112.400,-0.344686,0.908934,-0.234587,-0.922114,-0.374641,-0.096699,-0.175779,0.182985,0.967274,0,0.82012,0.50997,49.207,1.020,275.000,100.000,-1,-1,-1,75.000,475.000,700.000,250.000,-1,-1,0.000,225.000,150.000,-1,100.000,-1,0,0,2,2,2,0,1,0,1,2,2,0,1,0,2,0,2
62,7543.115,7543.133,135.412,132.039,-0.661166,-0.735962,0.145668,0.747121,-0.663574,0.038481,0.068341,0.134274,0.988585,1,0.00000,0.00000,48.374,1.017,450.000,175.000,250.000,175.000,750.000,150.000,150.000,350.000,325.000,-1,525.000,625.000,-1,200.000,225.000,250.000,325.000,1,1,1,1,1,1,1,0,0,2,1,1,2,1,1,1,1
63,7539.909,7546.707,136.415,131.860,-0.658467,-0.737888,0.148133,0.749323,-0.661141,0.037511,0.070258,0.135699,0.988256,0,0.08000,-0.08951,4.800,-0.179,425.000,175.000,250.000,175.000,775.000,150.000,150.000,375.000,325.000,-1,525.000,625.000,-1,200.000,225.000,250.000,325.000,1,1,1,1,1,1,1,0,0,2,1,1,2,1,1,1,1
64,7533.520,7553.874,138.449,131.684,-0.655411,-0.739738,0.152395,0.751581,-0.658718,0.034885,0.074580,0.137401,0.987704,0,0.16000,-0.08792,9.600,-0.176,425.000,175.000,250.000,175.000,825.000,150.000,150.000,375.000,325.000,-1,500.000,500.000,-1,200.000,225.000,250.000,325.000,1,1,1,1,1,1,1,0,0,2,1,0,2,1,1,1,1
65,7523.971,7564.654,141.519,131.512,-0.651919,-0.741528,0.158548,0.753874,-0.656327,0.030145,0.081707,0.139177,0.986891,0,0.24000,-0.08609,14.400,-0.172,425.000,175.000,250.000,175.000,-1,150.000,150.000,400.000,325.000,-1,375.000,350.000,-1,200.000,225.000,250.000,325.000,1,1,1,1,2,1,1,0,0,2,0,0,2,1,1,1,1
66,7511.280,7579.066,145.755,131.344,-0.647897,-0.743237,0.166817,0.756170,-0.653964,0.023203,0.091847,0.141176,0.985715,0,0.32000,-0.08399,19.200,-0.168,425.000,150.000,250.000,175.000,-1,150.000,150.000,400.000,325.000,-1,275.000,250.000,-1,200.000,225.000,250.000,325.000,1,1,1,1,2,1,1,0,0,2,0,0,2,1,1,1,1
67,7495.468,7597.126,151.304,131.181,-0.643201,-0.744848,0.177464,0.758413,-0.651628,0.013798,0.105363,0.143466,0.984031,0,0.40000,-0.08157,24.000,-0.163,450.000,150.000,250.000,175.000,-1,150.000,150.000,425.000,350.000,-1,200.000,175.000,-1,200.000,225.000,225.000,350.000,1,1,1,1,2,1,1,0,0,2,0,0,2,1,1,1,1
68,3607.617,-2951.676,-209.047,30.398,0.862927,-0.505269,0.007771,0.504832,0.861295,-0.057592,0.022407,0.053621,0.998310,1,0.00000,0.00000,28.800,-0.158,-1,425.000,-1,425.000,-1,325.000,325.000,300.000,300.000,-1,-1,-1,-1,925.000,900.000,-1,-1,2,0,2,0,2,0,0,0,0,2,2,2,2,0,0,2,2
69,3611.767,-2949.265,-208.951,30.158,0.865031,-0.501655,0.007936,0.501236,0.863400,-0.057462,0.021974,0.053684,0.998316,0,0.08000,-0.12000,4.800,-0.240,-1,425.000,-1,425.000,-1,325.000,325.000,300.000,300.000,-1,-1,-1,-1,925.000,900.000,-1,-1,2,0,2,0,2,0,0,0,0,2,2,2,2,0,0,2,2
70,3620.108,-2944.512,-208.765,29.678,0.869195,-0.494401,0.008265,0.494019,0.867567,-0.057199,0.021109,0.053800,0.998329,0,0.16000,-0.24000,9.600,-0.480,-1,425.000,-1,425.000,-1,325.000,325.000,300.000,300.000,-1,-1,-1,-1,925.000,900.000,-1,-1,2,0,2,0,2,0,0,0,0,2,2,2,2,0,0,2,2
71,3632.708,-2937.540,-208.498,28.958,0.875325,-0.483456,0.008760,0.483130,0.873704,-0.056801,0.019807,0.053952,0.998347,0,0.24000,-0.36000,14.400,-0.720,-1,425.000,-1,425.000,-1,325.000,325.000,300.000,300.000,-1,-1,-1,-1,925.000,900.000,-1,-1,2,0,2,0,2,0,0,0,0,2,2,2,2,0,0,2,2
72,3649.654,-2928.512,-208.166,28.046,0.882888,-0.469490,0.009421,0.469235,0.881279,-0.056271,0.018116,0.054102,0.998371,0,0.32000,-0.45582,19.200,-0.912,-1,425.000,-1,425.000,-1,325.000,325.000,300.000,300.000,-1,-1,-1,-1,925.000,875.000,-1,-1,2,0,2,0,2,0,0,0,0,2,2,2,2,0,0,2,2
73,3671.013,-2917.567,-207.783,27.133,0.890236,-0.455384,0.010255,0.455211,0.888645,-0.055621,0.016216,0.054183,0.998399,0,0.40000,-0.45656,24.000,-0.913,-1,425.000,-1,425.000,-1,325.000,325.000,275.000,300.000,-1,-1,-1,-1,925.000,875.000,-1,-1,2,0,2,0,2,0,0,0,0,2,2,2,2,0,0,2,2
74,3696.850,-2904.844,-207.364,26.218,0.897371,-0.441133,0.011263,0.441051,0.895805,-0.054846,0.014105,0.054184,0.998431,0,0.48000,-0.45758,28.800,-0.915,-1,425.000,-1,425.000,-1,325.000,325.000,275.000,300.000,-1,-1,-1,-1,925.000,875.000,-1,-1,2,0,2,0,2,0,0,0,0,2,2,2,2,0,0,2,2
75,3727.228,-2890.485,-206.927,25.300,0.904293,-0.426731,0.012451,0.426750,0.902760,-0.053941,0.011778,0.054092,0.998466,0,0.56000,-0.45886,33.600,-0.918,-1,425.000,-1,400.000,-1,325.000,325.000,275.000,300.000,-1,-1,-1,-1,925.000,875.000,-1,-1,2,0,2,0,2,0,0,0,0,2,2,2,2,0,0,2,2
76,3762.205,-2874.635,-206.487,24.379,0.911001,-0.412172,0.013824,0.412301,0.909511,-0.052902,0.009232,0.053893,0.998504,0,0.64000,-0.46041,38.400,-0.921,-1,425.000,-1,400.000,1000.000,325.000,325.000,275.000,300.000,-1,-1,-1,-1,925.000,850.000,-1,-1,2,0,2,0,1,0,0,0,0,2,2,2,2,0,1,2,2
77,3801.836,-2857.441,-206.064,23.455,0.917494,-0.397451,0.015389,0.397697,0.916058,-0.051723,0.006460,0.053575,0.998543,0,0.72000,-0.46222,43.200,-0.924,-1,425.000,-1,400.000,950.000,325.000,325.000,275.000,300.000,-1,-1,-1,-1,925.000,825.000,-1,975.000,2,0,2,0,1,0,0,0,0,2,2,2,2,0,1,2,1
78,3846.174,-2839.052,-205.717,22.526,0.923776,-0.382559,0.016926,0.382915,0.922394,-0.050657,0.003767,0.053277,0.998573,0,0.80000,-0.46431,48.000,-0.929,-1,425.000,-1,400.000,925.000,325.000,325.000,275.000,300.000,-1,-1,-1,-1,925.000,800.000,-1,925.000,2,0,2,0,1,0,0,0,0,2,2,2,2,0,1,2,1
79,3895.269,-2819.622,-205.539,21.593,0.929836,-0.367483,0.019017,0.367974,0.928504,-0.049758,0.000628,0.053264,0.998580,0,0.88000,-0.46669,52.800,-0.933,-1,425.000,-1,400.000,875.000,350.000,325.000,300.000,275.000,-1,-1,-1,-1,925.000,750.000,-1,875.000,2,0,2,0,1,0,0,0,0,2,2,2,2,0,1,2,1
80,3949.185,-2799.352,-205.569,20.604,0.935970,-0.351409,0.021731,0.352067,0.934687,-0.049080,-0.003064,0.053589,0.998558,0,0.96000,-0.49410,57.600,-0.988,-1,425.000,-1,400.000,800.000,325.000,325.000,300.000,275.000,-1,-1,-1,-1,925.000,725.000,-1,800.000,2,0,2,0,1,0,0,0,0,2,2,2,2,0,1,2,1
81,4005.029,-2779.456,-205.747,19.610,0.941854,-0.335136,0.024403,0.335956,0.940634,-0.048385,-0.006739,0.053770,0.998531,0,0.98804,-0.49705,59.283,-0.994,-1,425.000,-1,400.000,750.000,325.000,325.000,300.000,275.000,-1,-1,-1,-1,925.000,675.000,-1,750.000,2,0,2,0,1,0,0,0,0,2,2,2,2,0,1,2,1
82,4061.575,-2760.416,-206.359,18.610,0.947504,-0.318684,0.026022,0.319596,0.946399,-0.046769,-0.009723,0.052630,0.998567,0,0.99442,-0.50014,59.665,-1.000,-1,425.000,-1,400.000,675.000,325.000,325.000,300.000,275.000,-1,-1,-1,-1,900.000,625.000,-1,675.000,2,0,2,0,1,0,0,0,0,2,2,2,2,0,1,2,1
83,4118.766,-2742.271,-207.218,17.604,0.952891,-0.302036,0.027788,0.303034,0.951936,-0.044600,-0.012981,0.050920,0.998618,0,1.00000,-0.50327,60.000,-1.007,-1,425.000,-1,400.000,625.000,325.000,325.000,300.000,275.000,-1,-1,-1,-1,900.000,600.000,-1,625.000,2,0,2,0,1,0,0,0,0,2,2,2,2,0,1,2,1
84,4176.269,-2725.141,-208.202,16.591,0.958018,-0.285187,0.029502,0.286254,0.957213,-0.042437,-0.016137,0.049100,0.998663,0,1.00000,-0.50646,60.000,-1.013,-1,425.000,-1,400.000,575.000,325.000,325.000,300.000,275.000,-1,-1,-1,-1,875.000,550.000,-1,575.000,2,0,2,0,1,0,0,0,0,2,2,2,2,0,1,2,1
85,4234.068,-2709.036,-209.307,15.571,0.962877,-0.268137,0.031166,0.269259,0.962225,-0.040280,-0.019188,0.047176,0.998702,0,1.00000,-0.50969,60.000,-1.019,-1,425.000,-1,400.000,500.000,325.000,325.000,300.000,275.000,-1,-1,-1,-1,875.000,525.000,-1,500.000,2,0,2,1,1,0,0,0,0,2,2,2,2,0,1,2,1
86,4292.146,-2693.969,-210.526,14.545,0.967461,-0.250888,0.032781,0.252051,0.966963,-0.038130,-0.022132,0.045151,0.998735,0,1.00000,-0.51300,60.000,-1.026,-1,425.000,-1,375.000,450.000,325.000,325.000,300.000,275.000,-1,-1,-1,-1,875.000,475.000,-1,450.000,2,0,2,1,1,0,0,0,0,2,2,2,2,0,1,2,1
87,4350.486,-2679.950,-211.854,13.512,0.971764,-0.233440,0.034348,0.234629,0.971419,-0.035986,-0.024966,0.043029,0.998762,0,1.00000,-0.51638,60.000,-1.033,-1,425.000,-1,325.000,400.000,325.000,300.000,300.000,300.000,-1,-1,-1,-1,850.000,450.000,-1,400.000,2,1,2,1,1,1,1,0,0,2,2,2,2,0,1,2,1
88,4409.070,-2666.993,-213.283,12.473,0.975780,-0.215794,0.035870,0.216996,0.975585,-0.033850,-0.027689,0.040814,0.998783,0,1.00000,-0.51989,60.000,-1.040,-1,400.000,-1,300.000,350.000,325.000,300.000,300.000,300.000,-1,-1,-1,-1,850.000,400.000,-1,350.000,2,1,2,1,1,1,1,0,0,2,2,2,2,0,1,2,1
89,4467.882,-2655.109,-214.809,11.426,0.979501,-0.197949,0.037347,0.199149,0.979456,-0.031723,-0.030300,0.038510,0.998799,0,1.00000,-0.52353,60.000,-1.047,-1,400.000,-1,275.000,275.000,300.000,275.000,300.000,300.000,-1,-1,-1,-1,825.000,375.000,-1,275.000,2,1,2,1,1,1,1,0,0,2,2,2,2,0,1,2,1
90,4526.902,-2644.309,-216.397,10.371,0.982917,-0.179903,0.038838,0.181089,0.983024,-0.029499,-0.032872,0.036028,0.998810,0,1.00000,-0.52735,60.000,-1.055,-1,400.000,-1,250.000,225.000,275.000,250.000,300.000,300.000,-1,-1,-1,-1,825.000,325.000,-1,225.000,2,1,2,1,1,1,1,0,0,2,2,2,2,0,1,2,1
91,4586.112,-2634.607,-215.653,9.308,0.986362,-0.161696,0.030738,0.162340,0.986537,-0.019746,-0.027131,0.024467,0.999332,0,1.00000,-0.53138,60.000,-1.063,-1,400.000,-1,250.000,200.000,275.000,225.000,300.000,325.000,-1,-1,-1,-1,850.000,325.000,-1,200.000,2,1,2,1,1,1,1,0,0,2,2,2,2,0,1,2,1
92,4645.493,-2626.013,-212.323,8.237,0.989600,-0.143264,0.012942,0.143285,0.989681,-0.000681,-0.012711,0.002529,0.999916,0,1.00000,-0.53569,60.000,-1.071,-1,450.000,-1,250.000,200.000,300.000,225.000,275.000,375.000,-1,-1,-1,-1,950.000,325.000,-1,200.000,2,1,2,1,1,1,1,0,0,2,2,2,2,0,1,2,1
93,4705.025,-2618.537,-209.044,7.156,0.992201,-0.124550,-0.004941,0.124622,0.992024,0.018911,0.002546,-0.019380,0.999809,0,1.00000,-0.54033,60.000,-1.081,-1,500.000,-1,250.000,175.000,300.000,225.000,275.000,425.000,775.000,200.000,650.000,-1,-1,325.000,-1,175.000,2,0,2,1,1,1,1,0,0,0,0,0,2,2,1,2,1
94,4764.689,-2612.190,-205.818,6.065,0.994163,-0.105572,-0.022254,0.106389,0.993543,0.039421,0.017949,-0.041559,0.998975,0,1.00000,-0.54537,60.000,-1.091,-1,550.000,-1,250.000,175.000,300.000,225.000,250.000,475.000,550.000,100.000,350.000,-1,-1,325.000,-1,175.000,2,0,2,1,1,1,1,0,0,0,0,0,2,2,1,2,1
95,4824.441,-2606.726,-202.610,5.215,0.995099,-0.090701,-0.039384,0.092986,0.993816,0.060688,0.033636,-0.064053,0.997379,0,1.00000,-0.42537,60.000,-0.851,-1,600.000,-1,250.000,150.000,325.000,250.000,250.000,550.000,425.000,50.000,250.000,-1,-1,325.000,-1,150.000,2,0,2,1,1,1,1,0,1,0,0,0,2,2,1,2,1
96,4884.247,-2601.893,-199.458,4.604,0.995203,-0.079964,-0.056366,0.084459,0.993007,0.082485,0.049376,-0.086850,0.994997,0,1.00000,-0.30537,60.000,-0.611,-1,625.000,-1,250.000,150.000,325.000,250.000,250.000,625.000,325.000,25.000,225.000,-1,-1,325.000,-1,150.000,2,0,2,1,1,1,1,0,1,0,0,0,2,2,1,2,1
97,-8199.156,-2951.699,-97.115,138.111,-0.744648,-0.667364,0.011175,0.667334,-0.744084,0.031706,-0.012845,0.031067,0.999435,1,0.00000,0.00000,60.000,-0.371,-1,375.000,-1,375.000,400.000,300.000,300.000,300.000,125.000,-1,650.000,550.000,-1,675.000,550.000,-1,475.000,2,0,2,0,1,0,0,0,1,2,1,1,2,0,1,2,1
98,-8202.737,-2948.502,-97.154,138.248,-0.746232,-0.665589,0.011333,0.665567,-0.745671,0.031537,-0.012540,0.031077,0.999438,0,0.08000,0.06825,4.800,0.137,-1,375.000,-1,375.000,400.000,300.000,300.000,300.000,125.000,-1,675.000,550.000,-1,675.000,550.000,-1,475.000,2,0,2,0,1,0,0,0,1,2,1,1,2,0,1,2,1
99,-8209.914,-2942.127,-97.233,138.385,-0.747813,-0.663807,0.011671,0.663801,-0.747257,0.031216,-0.012001,0.031091,0.999445,0,0.16000,0.06837,9.600,0.137,-1,375.000,-1,375.000,400.000,300.000,300.000,300.000,125.000,-1,675.000,550.000,-1,675.000,550.000,-1,475.000,2,0,2,0,1,0,0,0,1,2,1,1,2,0,1,2,1
100,-8220.703,-2932.589,-97.352,138.522,-0.749392,-0.662014,0.012195,0.662031,-0.748846,0.030739,-0.011218,0.031109,0.999453,0,0.24000,0.06865,14.400,0.137,-1,375.000,-1,375.000,375.000,300.000,300.000,300.000,125.000,-1,675.000,575.000,-1,675.000,550.000,-1,450.000,2,0,2,0,1,0,0,0,1,2,1,1,2,0,1,2,1
101,-8235.118,-2919.907,-96.999,138.660,-0.750980,-0.660241,0.010545,0.660222,-0.750484,0.029681,-0.011683,0.029252,0.999504,0,0.32000,0.06917,19.200,0.138,-1,375.000,-1,375.000,375.000,300.000,300.000,275.000,125.000,-1,700.000,600.000,-1,650.000,550.000,-1,450.000,2,0,2,0,1,0,0,0,1,2,1,1,2,0,1,2,1
102,-8253.174,-2904.096,-95.350,138.800,-0.752558,-0.658520,0.002907,0.658337,-0.752227,0.027330,-0.015810,0.022481,0.999622,0,0.40000,0.07003,24.000,0.140,-1,375.000,-1,375.000,375.000,300.000,300.000,275.000,125.000,-1,725.000,625.000,-1,650.000,550.000,-1,450.000,2,0,2,0,1,0,0,0,1,2,1,1,2,0,1,2,1
103,-8274.890,-2885.179,-93.574,138.943,-0.754109,-0.656730,-0.004958,0.656439,-0.753964,0.025022,-0.020170,0.015615,0.999675,0,0.48000,0.07135,28.800,0.143,-1,350.000,-1,375.000,350.000,300.000,300.000,275.000,150.000,-1,775.000,675.000,600.000,625.000,550.000,-1,425.000,2,0,2,0,1,0,0,0,1,2,1,1,1,0,1,2,1
104,-8300.283,-2863.174,-91.796,139.090,-0.755656,-0.654851,-0.012429,0.654515,-0.755702,0.022886,-0.024379,0.009159,0.999661,0,0.56000,0.07331,33.600,0.147,950.000,350.000,-1,375.000,350.000,300.000,300.000,275.000,175.000,-1,800.000,700.000,375.000,600.000,550.000,975.000,425.000,0,0,2,1,1,0,0,0,1,2,1,1,1,0,1,0,1
105,-8329.370,-2838.104,-90.220,139.242,-0.757241,-0.652865,-0.018798,0.652544,-0.757466,0.020776,-0.027803,0.003466,0.999607,0,0.64000,0.07609,38.400,0.152,825.000,350.000,-1,375.000,325.000,300.000,300.000,275.000,200.000,-1,850.000,750.000,350.000,575.000,575.000,875.000,400.000,0,0,2,1,1,0,0,0,1,2,1,1,1,0,1,0,1
106,-8362.171,-2809.991,-89.020,139.402,-0.758933,-0.650754,-0.023245,0.650482,-0.759288,0.018840,-0.029910,-0.000823,0.999552,0,0.72000,0.07989,43.200,0.160,750.000,350.000,-1,350.000,300.000,300.000,300.000,275.000,225.000,-1,900.000,825.000,300.000,575.000,650.000,800.000,375.000,0,0,2,1,1,0,0,0,1,2,1,1,1,0,0,0,1
107,-8397.941,-2779.519,-88.395,139.571,-0.760811,-0.648497,-0.024856,0.648274,-0.761212,0.017272,-0.030121,-0.002973,0.999542,0,0.78316,0.08496,46.990,0.170,725.000,325.000,-1,350.000,275.000,300.000,300.000,275.000,250.000,-1,950.000,850.000,275.000,575.000,650.000,775.000,375.000,0,0,2,1,1,0,0,0,1,2,1,1,1,0,0,0,1
108,-8433.091,-2749.766,-88.459,139.754,-0.762928,-0.646066,-0.023210,0.645866,-0.763277,0.016283,-0.028236,-0.002568,0.999598,0,0.76752,0.09137,46.051,0.183,750.000,325.000,-1,350.000,275.000,300.000,300.000,275.000,275.000,-1,1000.000,900.000,275.000,575.000,650.000,775.000,400.000,0,0,2,1,1,0,0,0,1,2,1,1,1,0,0,0,1
109,-8467.700,-2720.675,-89.089,139.951,-0.765285,-0.643439,-0.018022,0.643242,-0.765497,0.015965,-0.024068,0.000625,0.999710,0,0.75354,0.09853,45.212,0.197,800.000,350.000,-1,350.000,250.000,300.000,300.000,275.000,300.000,-1,-1,925.000,250.000,575.000,650.000,850.000,-1,0,0,2,1,1,0,0,0,1,2,2,1,1,0,0,0,2
110,-8501.848,-2692.188,-90.349,140.164,-0.767826,-0.640581,-0.009915,0.640405,-0.767866,0.016229,-0.018009,0.006112,0.999819,0,0.74117,0.10636,44.470,0.213,950.000,350.000,-1,375.000,250.000,300.000,300.000,275.000,300.000,-1,-1,950.000,250.000,600.000,650.000,1000.000,-1,0,0,2,0,1,0,0,0,1,2,2,1,1,0,0,0,2
111,-8535.610,-2664.251,-89.969,140.394,-0.770449,-0.637501,0.000809,0.637493,-0.770430,0.006376,-0.003441,0.005428,0.999979,0,0.73037,0.11480,43.822,0.230,-1,375.000,-1,400.000,300.000,300.000,325.000,275.000,275.000,-1,-1,975.000,250.000,650.000,725.000,-1,-1,2,0,2,0,1,0,0,0,1,2,2,1,1,0,0,2,2
112,-8569.062,-2636.815,-90.892,140.641,-0.773079,-0.634146,0.014388,0.634218,-0.773154,0.000567,0.010765,0.009564,0.999896,0,0.72106,0.12381,43.264,0.248,-1,400.000,-1,425.000,-1,325.000,325.000,300.000,250.000,-1,600.000,675.000,250.000,700.000,775.000,-1,-1,2,0,2,0,2,0,0,0,1,2,0,0,1,0,0,2,2
113,-8606.365,-2606.505,-92.944,140.902,-0.775547,-0.630545,0.030664,0.630799,-0.775944,-0.001744,0.024893,0.017990,0.999528,0,0.80106,0.13049,48.064,0.261,-1,400.000,-1,425.000,-1,350.000,350.000,300.000,225.000,-1,325.000,375.000,250.000,775.000,825.000,-1,-1,2,0,2,0,2,0,0,0,1,2,0,0,1,0,0,2,2
114,-8645.155,-2575.285,-92.454,141.172,-0.778471,-0.626887,0.031552,0.627112,-0.778921,-0.003383,0.026697,0.017153,0.999496,0,0.82989,0.13513,49.793,0.270,-1,425.000,-1,425.000,-1,350.000,350.000,300.000,200.000,-1,350.000,375.000,275.000,775.000,825.000,-1,-1,2,0,2,0,2,0,0,0,1,2,0,0,1,0,0,2,2
115,-8683.620,-2544.640,-92.840,141.454,-0.781530,-0.623024,0.032426,0.623331,-0.781957,-0.000819,0.025866,0.019573,0.999474,0,0.81966,0.14076,49.180,0.282,-1,400.000,-1,425.000,-1,325.000,350.000,300.000,175.000,-1,375.000,350.000,300.000,775.000,800.000,-1,-1,2,0,2,0,2,0,0,0,1,2,0,1,1,0,0,2,2
116,-8721.783,-2514.554,-93.862,141.748,-0.784759,-0.618910,0.033220,0.619416,-0.785033,0.006870,0.021827,0.025968,0.999424,0,0.80994,0.14713,48.597,0.294,-1,400.000,-1,400.000,-1,325.000,325.000,300.000,175.000,-1,450.000,400.000,325.000,750.000,750.000,-1,-1,2,0,2,0,2,0,0,0,1,2,0,1,1,0,0,2,2
117,-8759.674,-2485.014,-94.897,142.057,-0.788145,-0.614554,0.033904,0.615240,-0.788197,0.014995,0.017508,0.032677,0.999313,0,0.80076,0.15420,48.045,0.308,-1,375.000,-1,375.000,-1,325.000,300.000,300.000,150.000,-1,550.000,550.000,350.000,725.000,700.000,-1,-1,2,0,2,0,2,0,0,0,1,2,0,0,1,0,0,2,2
118,-8797.320,-2456.002,-93.989,142.380,-0.791568,-0.610099,0.034637,0.610789,-0.791671,0.013958,0.018905,0.032204,0.999303,0,0.79212,0.16193,47.527,0.324,-1,375.000,-1,375.000,-1,325.000,300.000,300.000,150.000,-1,575.000,475.000,375.000,725.000,700.000,-1,-1,2,0,2,0,2,0,0,0,1,2,0,1,1,0,0,2,2
119,-8834.152,-2427.704,-93.079,142.464,-0.792423,-0.608948,0.035335,0.609640,-0.792573,0.012930,0.020132,0.031788,0.999292,0,0.77414,0.04193,46.448,0.084,-1,375.000,-1,375.000,-1,325.000,300.000,300.000,150.000,-1,600.000,500.000,425.000,725.000,700.000,-1,-1,2,0,2,0,2,0,0,0,1,2,0,1,1,0,0,2,2
120,-8870.612,-2399.532,-92.162,142.308,-0.790725,-0.611112,0.036003,0.611804,-0.790920,0.011892,0.021208,0.031430,0.999281,0,0.76793,-0.07807,46.076,-0.156,-1,375.000,-1,375.000,-1,325.000,300.000,300.000,150.000,-1,625.000,550.000,450.000,725.000,700.000,-1,-1,2,0,2,0,2,0,0,0,1,2,0,1,1,0,0,2,2
121,-8906.661,-2371.278,-91.243,141.912,-0.786446,-0.616572,0.036630,0.617262,-0.786683,0.010840,0.022133,0.031136,0.999270,0,0.76336,-0.19807,45.802,-0.396,-1,375.000,-1,375.000,-1,325.000,300.000,300.000,150.000,-1,625.000,575.000,475.000,725.000,700.000,-1,-1,2,0,2,0,2,0,0,0,1,2,0,1,1,0,0,2,2
122,-8942.253,-2342.739,-90.310,141.276,-0.779520,-0.625271,0.037211,0.625960,-0.779793,0.009860,0.022852,0.030978,0.999259,0,0.76035,-0.31807,45.621,-0.636,-1,375.000,-1,375.000,-1,325.000,300.000,300.000,175.000,-1,625.000,625.000,500.000,725.000,700.000,-1,-1,2,0,2,0,2,0,0,0,1,2,0,1,1,0,0,2,2
123,-8977.332,-2313.719,-89.291,140.400,-0.769843,-0.637116,0.037744,0.637814,-0.770134,0.009343,0.023116,0.031266,0.999244,0,0.75877,-0.43807,45.526,-0.876,-1,375.000,-1,375.000,-1,300.000,300.000,300.000,175.000,-1,650.000,675.000,500.000,725.000,700.000,-1,-1,2,0,2,0,2,0,0,0,1,2,0,1,1,0,0,2,2
124,-9011.914,-2284.132,-88.229,139.451,-0.759156,-0.649768,0.038516,0.650484,-0.759468,0.008847,0.023503,0.031770,0.999219,0,0.75853,-0.47430,45.512,-0.949,-1,375.000,-1,375.000,-1,300.000,300.000,300.000,200.000,-1,650.000,700.000,525.000,750.000,700.000,-1,-1,2,0,2,0,2,0,0,0,1,2,0,0,1,0,0,2,2
125,-9046.027,-2253.974,-86.072,138.523,-0.748658,-0.662045,0.034749,0.662622,-0.748916,0.007517,0.021048,0.028653,0.999368,0,0.75887,-0.46399,45.532,-0.928,-1,375.000,-1,375.000,-1,300.000,300.000,300.000,200.000,-1,775.000,825.000,550.000,725.000,700.000,-1,-1,2,0,2,0,2,0,0,0,1,2,0,0,1,0,0,2,2
126,-9079.682,-2223.258,-83.528,137.616,-0.738250,-0.673896,0.029172,0.674301,-0.738432,0.006008,0.017493,0.024106,0.999556,0,0.75941,-0.45344,45.565,-0.907,-1,375.000,-1,375.000,-1,300.000,300.000,300.000,225.000,-1,975.000,1000.000,575.000,700.000,700.000,-1,-1,2,0,2,0,2,0,0,0,1,2,0,0,1,0,0,2,2
127,-9112.892,-2191.995,-81.557,136.731,-0.727827,-0.685266,0.026039,0.685585,-0.727975,0.005008,0.015524,0.021497,0.999648,0,0.76017,-0.44266,45.610,-0.885,-1,375.000,-1,375.000,-1,300.000,300.000,300.000,250.000,-1,-1,-1,525.000,700.000,700.000,-1,-1,2,0,2,0,2,0,0,0,1,2,2,2,1,0,0,2,2
128,-9145.670,-2160.195,-80.171,135.868,-0.717429,-0.696166,0.025466,0.696466,-0.717577,0.004410,0.015204,0.020900,0.999666,0,0.76115,-0.43165,45.669,-0.863,-1,375.000,-1,375.000,-1,300.000,300.000,300.000,275.000,-1,-1,-1,450.000,700.000,725.000,-1,-1,2,0,2,0,2,0,0,0,1,2,2,2,1,0,0,2,2
129,-9178.031,-2127.865,-79.380,135.027,-0.707077,-0.706598,0.027578,0.706941,-0.707260,0.004108,0.016601,0.022401,0.999611,0,0.76238,-0.42042,45.743,-0.841,-1,375.000,-1,375.000,-1,300.000,300.000,300.000,300.000,-1,-1,-1,400.000,700.000,725.000,-1,-1,2,0,2,0,2,0,0,0,1,2,2,2,1,0,0,2,2
130,-9209.990,-2095.014,-79.197,134.209,-0.696771,-0.716559,0.032456,0.717021,-0.697040,0.003995,0.019761,0.026056,0.999465,0,0.76387,-0.40896,45.832,-0.818,-1,375.000,-1,375.000,-1,300.000,300.000,300.000,325.000,-1,1000.000,-1,350.000,725.000,725.000,-1,-1,2,0,2,0,2,0,0,0,1,2,0,2,1,0,0,2,2
131,-9241.563,-2061.646,-79.636,133.414,-0.686486,-0.726032,0.040178,0.726723,-0.686920,0.003962,0.024723,0.031919,0.999185,0,0.76562,-0.39727,45.937,-0.795,-1,400.000,-1,375.000,-1,325.000,325.000,300.000,325.000,-1,825.000,825.000,325.000,750.000,725.000,-1,-1,2,0,2,0,2,0,0,0,0,2,0,0,1,0,0,2,2
132,-9272.767,-2027.767,-79.207,132.644,-0.676505,-0.735143,0.043667,0.735944,-0.677033,0.003523,0.026974,0.034520,0.999040,0,0.76765,-0.38535,46.059,-0.771,-1,400.000,-1,375.000,-1,325.000,325.000,300.000,300.000,-1,700.000,700.000,325.000,775.000,750.000,-1,-1,2,0,2,0,2,0,0,0,0,2,0,0,1,0,0,2,2
