timestep,x_cm,y_cm,z_cm,yaw_deg,basis_xx,basis_xy,basis_xz,basis_yx,basis_yy,basis_yz,basis_zx,basis_zy,basis_zz,teleport_flag,throttle_cmd,steering_cmd,cmd_move_cm,cmd_turn_deg,lidar_cm_0,lidar_cm_1,lidar_cm_2,lidar_cm_3,lidar_cm_4,lidar_cm_5,lidar_cm_6,lidar_cm_7,lidar_cm_8,lidar_cm_9,lidar_cm_10,lidar_cm_11,lidar_cm_12,lidar_cm_13,lidar_cm_14,lidar_cm_15,lidar_cm_16,lidar_class_0,lidar_class_1,lidar_class_2,lidar_class_3,lidar_class_4,lidar_class_5,lidar_class_6,lidar_class_7,lidar_class_8,lidar_class_9,lidar_class_10,lidar_class_11,lidar_class_12,lidar_class_13,lidar_class_14,lidar_class_15,lidar_class_16
0,-6235.795,-982.073,-324.738,157.620,-0.924632,-0.380689,-0.011494,0.380832,-0.924522,-0.015077,-0.004887,-0.018318,0.999820,1,0.08000,0.12000,4.800,0.240,-1,375.000,-1,400.000,-1,325.000,325.000,300.000,300.000,-1,825.000,775.000,-1,700.000,725.000,-1,-1,2,0,2,0,2,0,0,0,0,2,0,0,2,0,0,2,2
1,-6244.702,-978.492,-324.783,158.100,-0.927790,-0.372931,-0.011360,0.373072,-0.927679,-0.015155,-0.004887,-0.018298,0.999821,0,0.16000,0.24000,9.600,0.480,-1,375.000,-1,400.000,-1,325.000,325.000,300.000,300.000,-1,825.000,775.000,-1,700.000,725.000,-1,-1,2,0,2,0,2,0,0,0,0,2,0,0,2,0,0,2,2
2,-6258.119,-973.261,-324.854,158.700,-0.931651,-0.363183,-0.011157,0.363322,-0.931539,-0.015269,-0.004847,-0.018279,0.999821,0,0.24000,0.30042,14.400,0.601,-1,375.000,-1,400.000,-1,325.000,325.000,300.000,300.000,-1,825.000,775.000,-1,700.000,725.000,-1,-1,2,0,2,0,2,0,0,0,0,2,0,0,2,0,0,2,2
3,-6276.079,-966.473,-324.955,159.294,-0.935367,-0.353511,-0.010884,0.353647,-0.935252,-0.015418,-0.004729,-0.018271,0.999822,0,0.32000,0.29684,19.200,0.594,-1,375.000,-1,400.000,-1,325.000,325.000,300.000,300.000,-1,825.000,775.000,-1,700.000,725.000,-1,-1,2,0,2,0,2,0,0,0,0,2,0,0,2,0,0,2,2
4,-6298.614,-958.217,-325.086,159.881,-0.938941,-0.343916,-0.010542,0.344047,-0.938823,-0.015602,-0.004532,-0.018277,0.999823,0,0.40000,0.29334,24.000,0.587,-1,375.000,-1,400.000,-1,325.000,325.000,300.000,300.000,-1,825.000,775.000,-1,700.000,725.000,-1,-1,2,0,2,0,2,0,0,0,0,2,0,0,2,0,0,2,2
5,-6325.756,-948.585,-325.251,160.461,-0.942380,-0.334391,-0.010130,0.334517,-0.942257,-0.015818,-0.004255,-0.018295,0.999824,0,0.48000,0.29012,28.800,0.580,-1,375.000,-1,400.000,-1,325.000,325.000,300.000,300.000,-1,825.000,775.000,-1,700.000,725.000,-1,-1,2,0,2,0,2,0,0,0,0,2,0,0,2,0,0,2,2
6,-6357.532,-937.665,-325.449,161.034,-0.945682,-0.324950,-0.009645,0.325070,-0.945554,-0.016065,-0.003900,-0.018328,0.999824,0,0.56000,0.28652,33.600,0.573,-1,375.000,-1,400.000,-1,325.000,325.000,300.000,300.000,-1,825.000,775.000,-1,700.000,725.000,-1,-1,2,0,2,0,2,0,0,0,0,2,0,0,2,0,0,2,2
7,-6393.968,-925.544,-325.682,161.599,-0.948847,-0.315605,-0.009089,0.315717,-0.948713,-0.016343,-0.003465,-0.018377,0.999825,0,0.64000,0.28266,38.400,0.565,-1,375.000,-1,375.000,-1,325.000,325.000,300.000,300.000,-1,825.000,775.000,-1,700.000,725.000,-1,-1,2,0,2,0,2,0,0,0,0,2,0,0,2,0,0,2,2
8,-6435.090,-912.307,-325.951,162.157,-0.951878,-0.306360,-0.008460,0.306463,-0.951737,-0.016650,-0.002951,-0.018441,0.999826,0,0.72000,0.27870,43.200,0.557,-1,375.000,-1,375.000,-1,325.000,325.000,300.000,300.000,-1,825.000,800.000,-1,700.000,725.000,-1,-1,2,0,2,0,2,0,0,0,0,2,0,0,2,0,0,2,2
9,-6480.920,-898.038,-326.199,162.706,-0.954777,-0.297218,-0.007870,0.297312,-0.954634,-0.016699,-0.002549,-0.018283,0.999830,0,0.80000,0.27478,48.000,0.550,-1,375.000,-1,375.000,-1,300.000,325.000,300.000,300.000,-1,825.000,800.000,-1,700.000,725.000,-1,-1,2,0,2,0,2,0,0,0,0,2,0,0,2,0,0,2,2
10,-6528.559,-883.699,-326.267,163.249,-0.957554,-0.288177,-0.006715,0.288249,-0.957420,-0.016073,-0.001797,-0.017326,0.999848,0,0.82917,0.27108,49.750,0.542,-1,375.000,-1,375.000,-1,300.000,325.000,300.000,300.000,-1,850.000,825.000,-1,700.000,725.000,-1,-1,2,0,2,0,2,0,0,0,0,2,0,0,2,0,0,2,2
11,-6576.163,-869.854,-326.264,163.785,-0.960214,-0.279214,-0.005256,0.279263,-0.960095,-0.015191,-0.000804,-0.016054,0.999871,0,0.82627,0.26798,49.576,0.536,-1,375.000,-1,375.000,-1,300.000,325.000,300.000,300.000,-1,850.000,825.000,-1,700.000,725.000,-1,-1,2,0,2,0,2,0,0,0,0,2,0,0,2,0,0,2,2
12,-6624.533,-856.278,-326.216,164.322,-0.962798,-0.270194,-0.003995,0.270224,-0.962690,-0.014404,0.000046,-0.014947,0.999888,0,0.83732,0.26893,50.239,0.538,-1,375.000,-1,375.000,-1,300.000,300.000,300.000,300.000,-1,850.000,825.000,-1,700.000,725.000,-1,-1,2,0,2,0,2,0,0,0,0,2,0,0,2,0,0,2,2
13,-6672.906,-843.180,-325.956,164.849,-0.965244,-0.261336,-0.002805,0.261349,-0.965137,-0.014418,0.001061,-0.014650,0.999892,0,0.83524,0.26330,50.114,0.527,-1,375.000,-1,375.000,-1,300.000,325.000,300.000,300.000,-1,875.000,825.000,-1,675.000,725.000,-1,-1,2,0,2,0,2,0,0,0,0,2,0,0,2,0,0,2,2
14,-6721.254,-830.555,-325.643,165.365,-0.967562,-0.252627,-0.001502,0.252622,-0.967454,-0.014664,0.002251,-0.014568,0.999891,0,0.83282,0.25819,49.969,0.516,-1,375.000,-1,375.000,-1,300.000,325.000,300.000,300.000,-1,825.000,800.000,-1,675.000,725.000,-1,-1,2,0,2,0,2,0,0,0,0,2,0,0,2,0,0,2,2
15,-6769.555,-818.398,-325.342,165.873,-0.969763,-0.244049,-0.000206,0.244025,-0.969655,-0.014866,0.003429,-0.014466,0.999889,0,0.83012,0.25375,49.807,0.508,-1,375.000,-1,375.000,-1,325.000,325.000,300.000,300.000,-1,800.000,775.000,-1,675.000,725.000,-1,-1,2,0,2,0,2,0,0,0,0,2,0,0,2,0,0,2,2
16,-6817.789,-806.708,-325.051,166.376,-0.971868,-0.235524,0.001084,0.235482,-0.971763,-0.015025,0.004592,-0.014347,0.999887,0,0.82719,0.25158,49.631,0.503,-1,375.000,-1,400.000,-1,325.000,325.000,300.000,300.000,-1,775.000,750.000,-1,675.000,725.000,-1,-1,2,0,2,0,2,0,0,0,0,2,0,0,2,0,0,2,2
17,-6865.943,-795.481,-324.770,166.876,-0.973885,-0.227031,0.002367,0.226970,-0.973784,-0.015143,0.005743,-0.014211,0.999883,0,0.82408,0.25014,49.445,0.500,-1,375.000,-1,400.000,-1,325.000,325.000,300.000,300.000,-1,750.000,725.000,-1,675.000,725.000,-1,-1,2,0,2,0,2,0,0,0,0,2,0,0,2,0,0,2,2
18,-6910.430,-785.322,-324.518,167.137,-0.974902,-0.222605,0.003552,0.222528,-0.974807,-0.015220,0.006850,-0.014048,0.999878,0,0.76054,0.13014,45.632,0.260,-1,375.000,-1,400.000,-1,325.000,325.000,300.000,300.000,-1,725.000,725.000,-1,675.000,725.000,-1,-1,2,0,2,0,2,0,0,0,0,2,0,0,2,0,0,2,2
19,-6954.764,-775.214,-324.274,167.157,-0.974976,-0.222261,0.004722,0.222167,-0.974889,-0.015287,0.008001,-0.013856,0.999872,0,0.75786,0.01014,45.472,0.020,-1,375.000,-1,400.000,-1,325.000,325.000,300.000,300.000,-1,725.000,700.000,-1,675.000,725.000,-1,-1,2,0,2,0,2,0,0,0,0,2,0,0,2,0,0,2,2
20,-6998.927,-764.967,-324.038,166.937,-0.974110,-0.225998,0.005871,0.225887,-0.974032,-0.015361,0.009190,-0.013637,0.999865,0,0.75561,-0.10986,45.337,-0.220,-1,375.000,-1,400.000,-1,325.000,325.000,300.000,300.000,-1,700.000,700.000,-1,675.000,725.000,-1,-1,2,0,2,0,2,0,0,0,0,2,0,0,2,0,0,2,2
21,-7042.903,-754.392,-323.806,166.477,-0.972258,-0.233807,0.006993,0.233679,-0.972191,-0.015459,0.010413,-0.013396,0.999856,0,0.75382,-0.22986,45.229,-0.460,-1,375.000,-1,400.000,-1,325.000,325.000,300.000,300.000,-1,700.000,675.000,-1,675.000,725.000,-1,-1,2,0,2,0,2,0,0,0,0,2,0,0,2,0,0,2,2
22,-7086.668,-743.299,-323.579,165.778,-0.969322,-0.245662,0.008081,0.245518,-0.969266,-0.015596,0.011664,-0.013134,0.999846,0,0.75249,-0.34986,45.149,-0.700,-1,375.000,-1,400.000,-1,325.000,325.000,300.000,300.000,-1,700.000,675.000,-1,675.000,725.000,-1,-1,2,0,2,0,2,0,0,0,0,2,0,0,2,0,0,2,2
23,-7130.196,-731.504,-323.332,164.838,-0.965154,-0.261527,0.009076,0.261368,-0.965112,-0.015677,0.012859,-0.012759,0.999836,0,0.75162,-0.46986,45.097,-0.940,-1,375.000,-1,400.000,-1,300.000,325.000,300.000,300.000,-1,700.000,675.000,-1,675.000,725.000,-1,-1,2,0,2,0,2,0,0,0,0,2,0,0,2,0,0,2,2
24,-7173.447,-718.822,-322.766,163.658,-0.959554,-0.281347,0.009989,0.281193,-0.959542,-0.014447,0.013650,-0.011053,0.999846,0,0.75121,-0.58986,45.073,-1.180,-1,375.000,-1,400.000,-1,300.000,325.000,300.000,300.000,-1,725.000,700.000,-1,675.000,725.000,-1,-1,2,0,2,0,2,0,0,0,0,2,0,0,2,0,0,2,2
25,-7216.373,-705.071,-322.048,162.239,-0.952269,-0.305042,0.011552,0.304896,-0.952299,-0.012835,0.014916,-0.008700,0.999851,0,0.75124,-0.70986,45.074,-1.420,-1,375.000,-1,400.000,-1,300.000,325.000,300.000,300.000,-1,750.000,700.000,-1,700.000,725.000,-1,-1,2,0,2,0,2,0,0,0,0,2,0,0,2,0,0,2,2
26,-7258.908,-690.075,-321.336,160.579,-0.943012,-0.332501,0.013108,0.332368,-0.943081,-0.011349,0.016136,-0.006345,0.999850,0,0.75169,-0.82986,45.102,-1.660,-1,375.000,-1,400.000,-1,325.000,325.000,300.000,300.000,-1,750.000,700.000,-1,700.000,725.000,-1,-1,2,0,2,0,2,0,0,0,0,2,0,0,2,0,0,2,2
27,-7300.972,-673.657,-320.522,158.679,-0.931452,-0.363586,0.014215,0.363467,-0.931550,-0.010283,0.016980,-0.004412,0.999846,0,0.75256,-0.94986,45.154,-1.900,-1,375.000,-1,400.000,-1,325.000,325.000,300.000,300.000,-1,775.000,725.000,-1,700.000,725.000,-1,-1,2,0,2,0,2,0,0,0,0,2,0,0,2,0,0,2,2
28,-7342.506,-655.752,-319.567,156.679,-0.918177,-0.395877,0.015220,0.395764,-0.918298,-0.009950,0.017916,-0.003112,0.999835,0,0.75382,-1.00000,45.229,-2.000,-1,375.000,-1,400.000,-1,325.000,325.000,300.000,300.000,-1,825.000,750.000,-1,700.000,750.000,-1,-1,2,0,2,0,2,0,0,0,0,2,0,0,2,0,0,2,2
29,-7383.466,-636.372,-318.517,154.679,-0.903782,-0.427685,0.016250,0.427568,-0.903925,-0.010259,0.019076,-0.002324,0.999815,0,0.75523,-1.00000,45.314,-2.000,-1,375.000,-1,400.000,-1,325.000,325.000,300.000,300.000,-1,850.000,750.000,-1,700.000,750.000,-1,-1,2,0,2,0,2,0,0,0,0,2,0,0,2,0,0,2,2
30,-7423.799,-615.536,-317.490,152.679,-0.888286,-0.458971,0.017130,0.458850,-0.888450,-0.010676,0.020119,-0.001623,0.999796,0,0.75660,-1.00000,45.396,-2.000,-1,375.000,-1,400.000,-1,325.000,325.000,300.000,300.000,-1,850.000,775.000,-1,725.000,750.000,-1,-1,2,0,2,0,2,0,0,0,0,2,0,0,2,0,0,2,2
31,-7463.449,-593.266,-316.487,150.679,-0.871709,-0.489699,0.017853,0.489572,-0.871891,-0.011187,0.021044,-0.001011,0.999778,0,0.75794,-1.00000,45.476,-2.000,-1,400.000,-1,400.000,-1,325.000,325.000,300.000,300.000,-1,900.000,800.000,-1,725.000,750.000,-1,-1,2,0,2,0,2,0,0,0,0,2,0,0,2,0,0,2,2
32,-7502.366,-569.585,-315.513,148.679,-0.854072,-0.519829,0.018413,0.519696,-0.854270,-0.011784,0.021855,-0.000495,0.999761,0,0.75926,-1.00000,45.555,-2.000,-1,400.000,-1,400.000,-1,325.000,325.000,300.000,300.000,-1,925.000,825.000,-1,725.000,750.000,-1,-1,2,0,2,0,2,0,0,0,0,2,0,0,2,0,0,2,2
33,-7540.497,-544.518,-314.573,146.679,-0.835396,-0.549326,0.018804,0.549185,-0.835608,-0.012468,0.022562,-0.000089,0.999745,0,0.76054,-1.00000,45.633,-2.000,-1,400.000,-1,400.000,-1,325.000,325.000,300.000,300.000,-1,950.000,850.000,-1,725.000,750.000,-1,-1,2,0,2,0,2,0,0,0,0,2,0,0,2,0,0,2,2
34,-7577.792,-518.091,-313.668,144.679,-0.815706,-0.578154,0.019021,0.578002,-0.815928,-0.013226,0.023166,0.000206,0.999732,0,0.76181,-1.00000,45.709,-2.000,-1,400.000,-1,400.000,-1,325.000,325.000,300.000,300.000,-1,975.000,900.000,-1,725.000,750.000,-1,-1,2,0,2,0,2,0,0,0,0,2,0,0,2,0,0,2,2
35,-7614.202,-490.334,-312.800,142.679,-0.795025,-0.606277,0.019060,0.606114,-0.795253,-0.014046,0.023673,0.000386,0.999720,0,0.76307,-1.00000,45.784,-2.000,-1,400.000,-1,400.000,-1,325.000,325.000,300.000,300.000,-1,-1,925.000,-1,725.000,750.000,-1,-1,2,0,2,0,2,0,0,0,0,2,2,0,2,0,0,2,2
36,-7649.678,-461.275,-311.812,140.679,-0.773379,-0.633661,0.018928,0.633506,-0.773610,-0.014082,0.023566,0.001101,0.999722,0,0.76431,-1.00000,45.858,-2.000,-1,400.000,-1,400.000,-1,325.000,325.000,275.000,300.000,-1,-1,1000.000,-1,725.000,750.000,-1,-1,2,0,2,0,2,0,0,0,0,2,2,0,2,0,0,2,2
37,-7684.175,-430.947,-310.770,138.679,-0.750793,-0.660273,0.018695,0.660135,-0.751023,-0.013664,0.023062,0.002082,0.999732,0,0.76554,-1.00000,45.932,-2.000,-1,400.000,-1,400.000,-1,325.000,325.000,275.000,300.000,-1,-1,-1,-1,725.000,750.000,-1,-1,2,0,2,0,2,0,0,0,0,2,2,2,2,0,0,2,2
38,-7717.645,-399.384,-309.784,136.679,-0.727295,-0.686080,0.018365,0.685956,-0.727521,-0.013347,0.022518,0.002891,0.999742,0,0.76676,-1.00000,46.005,-2.000,-1,400.000,-1,400.000,-1,325.000,325.000,275.000,300.000,-1,-1,-1,-1,725.000,725.000,-1,-1,2,0,2,0,2,0,0,0,0,2,2,2,2,0,0,2,2
39,-7750.008,-366.929,-308.856,134.919,-0.705884,-0.708099,0.017990,0.707985,-0.706105,-0.013138,0.022006,0.003463,0.999752,0,0.76390,-0.88000,45.834,-1.760,-1,375.000,-1,400.000,-1,325.000,325.000,275.000,300.000,-1,-1,-1,-1,725.000,725.000,-1,-1,2,0,2,0,2,0,0,0,0,2,2,2,2,0,0,2,2
40,-7781.532,-333.592,-307.754,133.399,-0.686830,-0.726576,0.018760,0.726476,-0.687070,-0.012927,0.022282,0.004750,0.999740,0,0.76468,-0.76000,45.881,-1.520,-1,400.000,-1,400.000,-1,325.000,325.000,300.000,300.000,-1,-1,-1,-1,725.000,725.000,-1,-1,2,0,2,0,2,0,0,0,0,2,2,2,2,0,0,2,2
41,-7812.316,-299.546,-306.609,132.119,-0.670394,-0.741737,0.019976,0.741652,-0.670662,-0.012828,0.022912,0.006215,0.999718,0,0.76500,-0.64000,45.900,-1.280,-1,400.000,-1,400.000,-1,325.000,325.000,300.000,300.000,-1,-1,-1,-1,750.000,700.000,-1,-1,2,0,2,0,2,0,0,0,0,2,2,2,2,0,0,2,2
42,-7842.471,-264.954,-305.518,131.079,-0.656786,-0.753781,0.021133,0.753708,-0.657083,-0.012863,0.023582,0.007480,0.999694,0,0.76484,-0.52000,45.890,-1.040,-1,400.000,-1,400.000,-1,325.000,325.000,300.000,300.000,-1,-1,-1,-1,750.000,700.000,-1,-1,2,0,2,0,2,0,0,0,0,2,2,2,2,0,0,2,2
43,-7872.030,-229.904,-304.426,130.142,-0.644339,-0.764423,0.022009,0.764359,-0.644659,-0.013013,0.024136,0.008438,0.999673,0,0.76418,-0.46868,45.851,-0.937,-1,400.000,-1,400.000,-1,325.000,325.000,300.000,300.000,-1,-1,-1,-1,750.000,700.000,-1,-1,2,0,2,0,2,0,0,0,0,2,2,2,2,0,0,2,2
44,-7900.976,-194.416,-303.302,129.203,-0.631706,-0.774882,0.022461,0.774821,-0.632041,-0.013262,0.024473,0.009026,0.999660,0,0.76327,-0.46954,45.796,-0.939,-1,400.000,-1,375.000,-1,325.000,325.000,300.000,300.000,-1,-1,-1,-1,750.000,700.000,-1,-1,2,0,2,0,2,0,0,0,0,2,2,2,2,0,0,2,2
45,-7929.301,-158.502,-302.217,128.262,-0.618887,-0.785149,0.022823,0.785089,-0.619234,-0.013591,0.024803,0.009507,0.999647,0,0.76231,-0.47024,45.739,-0.940,-1,400.000,-1,375.000,-1,325.000,325.000,300.000,300.000,-1,-1,-1,-1,750.000,700.000,-1,-1,2,0,2,0,2,0,0,0,0,2,2,2,2,0,0,2,2
46,-7956.995,-122.176,-301.078,127.321,-0.605900,-0.795218,0.022660,0.795152,-0.606249,-0.013986,0.024860,0.009544,0.999645,0,0.76131,-0.47078,45.679,-0.942,-1,400.000,-1,375.000,-1,325.000,325.000,300.000,300.000,-1,-1,-1,-1,750.000,700.000,-1,-1,2,0,2,0,2,0,0,0,0,2,2,2,2,0,0,2,2
47,-7984.050,-85.450,-299.970,126.378,-0.592743,-0.805081,0.022364,0.805007,-0.593090,-0.014439,0.024888,0.009445,0.999646,0,0.76027,-0.47115,45.616,-0.942,-1,400.000,-1,375.000,-1,325.000,325.000,300.000,300.000,-1,-1,-1,-1,725.000,675.000,-1,-1,2,0,2,0,2,0,0,0,0,2,2,2,2,0,0,2,2
48,-8010.460,-48.336,-298.706,125.436,-0.579423,-0.814737,0.021746,0.814627,-0.579768,-0.015875,0.025542,0.008516,0.999637,0,0.75919,-0.47136,45.551,-0.943,-1,400.000,-1,375.000,-1,325.000,325.000,300.000,300.000,-1,-1,-1,-1,725.000,700.000,-1,-1,2,0,2,0,2,0,0,0,0,2,2,2,2,0,0,2,2
49,-8036.218,-10.848,-297.441,124.493,-0.565948,-0.824174,0.020974,0.824019,-0.566289,-0.017572,0.026360,0.007338,0.999626,0,0.75807,-0.47141,45.484,-0.943,-1,400.000,-1,375.000,-1,325.000,325.000,300.000,300.000,-1,-1,-1,-1,725.000,700.000,-1,-1,2,0,2,0,2,0,0,0,0,2,2,2,2,0,0,2,2
50,-8061.318,27.001,-296.217,123.550,-0.552327,-0.833385,0.020098,0.833183,-0.552659,-0.019329,0.027216,0.006069,0.999611,0,0.75693,-0.47129,45.416,-0.943,-1,400.000,-1,375.000,-1,325.000,325.000,300.000,300.000,-1,-1,-1,-1,725.000,700.000,-1,-1,2,0,2,0,2,0,0,0,0,2,2,2,2,0,0,2,2
51,-8085.754,65.199,-295.034,122.608,-0.538568,-0.842365,0.019116,0.842113,-0.538887,-0.021143,0.028111,0.004711,0.999594,0,0.75576,-0.47102,45.345,-0.942,-1,375.000,-1,375.000,-1,325.000,325.000,300.000,300.000,-1,-1,-1,-1,725.000,700.000,-1,-1,2,0,2,0,2,0,0,0,0,2,2,2,2,0,0,2,2
52,-8109.522,103.733,-293.802,121.667,-0.524678,-0.851107,0.018184,0.850815,-0.524980,-0.022571,0.028756,0.003629,0.999580,0,0.75457,-0.47058,45.274,-0.941,-1,375.000,-1,375.000,-1,325.000,300.000,300.000,300.000,-1,-1,-1,-1,700.000,700.000,-1,-1,2,0,2,0,2,0,0,0,0,2,2,2,2,0,0,2,2
53,-8132.617,142.588,-292.485,120.727,-0.510661,-0.859606,0.017384,0.859291,-0.510949,-0.023450,0.029040,0.002963,0.999574,0,0.75336,-0.46998,45.201,-0.940,-1,375.000,-1,375.000,-1,300.000,300.000,300.000,300.000,-1,-1,-1,-1,700.000,700.000,-1,-1,2,0,2,0,2,0,0,0,0,2,2,2,2,0,0,2,2
54,-8155.037,181.753,-291.094,119.789,-0.496526,-0.867860,0.016766,0.867535,-0.496802,-0.023908,0.029078,0.002674,0.999574,0,0.75214,-0.46922,45.128,-0.938,-1,375.000,-1,375.000,-1,300.000,300.000,300.000,300.000,-1,-1,-1,-1,700.000,700.000,-1,-1,2,0,2,0,2,0,0,0,0,2,2,2,2,0,0,2,2
55,-8176.779,221.215,-289.409,118.852,-0.482233,-0.875862,0.017800,0.875522,-0.482547,-0.024697,0.030220,0.003674,0.999537,0,0.75091,-0.46830,45.055,-0.937,-1,375.000,-1,375.000,-1,300.000,300.000,300.000,300.000,-1,-1,-1,-1,700.000,700.000,-1,-1,2,0,2,0,2,0,0,0,0,2,2,2,2,0,0,2,2
56,-8197.839,260.962,-287.750,117.918,-0.467843,-0.883612,0.018803,0.883254,-0.468197,-0.025582,0.031409,0.004639,0.999496,0,0.74968,-0.46723,44.981,-0.934,-1,375.000,-1,375.000,-1,300.000,300.000,300.000,300.000,-1,850.000,-1,-1,700.000,700.000,-1,-1,2,0,2,0,2,0,0,0,0,2,0,2,2,0,0,2,2
57,-8218.217,300.979,-286.118,116.986,-0.453364,-0.891106,0.019771,0.890728,-0.453761,-0.026563,0.032642,0.005568,0.999452,0,0.74846,-0.46600,44.907,-0.932,-1,375.000,-1,375.000,-1,300.000,300.000,300.000,300.000,-1,775.000,1000.000,-1,700.000,700.000,-1,-1,2,0,2,0,2,0,0,0,0,2,0,0,2,0,0,2,2
58,-8240.236,345.544,-284.358,116.294,-0.442521,-0.896517,0.020788,0.896111,-0.442963,-0.027735,0.034073,0.006355,0.999399,0,0.82846,-0.34600,49.707,-0.692,-1,375.000,-1,375.000,-1,325.000,300.000,300.000,300.000,-1,725.000,875.000,-1,700.000,700.000,-1,-1,2,0,2,0,2,0,0,0,0,2,0,0,2,0,0,2,2
59,-8263.657,393.902,-282.500,115.842,-0.435384,-0.899980,0.021857,0.899538,-0.435875,-0.029064,0.035685,0.007007,0.999339,0,0.89552,-0.22600,53.731,-0.452,-1,375.000,-1,375.000,-1,325.000,300.000,300.000,300.000,-1,700.000,800.000,-1,700.000,700.000,-1,-1,2,0,2,0,2,0,0,0,0,2,0,0,2,0,0,2,2
60,-8286.831,442.206,-280.655,115.630,-0.432000,-0.901584,0.022853,0.901096,-0.432541,-0.030570,0.037447,0.007386,0.999271,0,0.89291,-0.10600,53.575,-0.212,-1,375.000,-1,375.000,1000.000,325.000,325.000,300.000,300.000,-1,675.000,750.000,-1,725.000,700.000,-1,1000.000,2,0,2,0,1,0,0,0,0,2,0,0,2,0,0,2,1
61,-8309.894,490.369,-278.779,115.587,-0.431285,-0.901904,0.023715,0.901352,-0.431873,-0.032397,0.039461,0.007404,0.999194,0,0.89001,-0.02122,53.400,-0.042,-1,400.000,-1,375.000,950.000,325.000,325.000,300.000,300.000,-1,650.000,725.000,-1,725.000,725.000,-1,950.000,2,0,2,0,1,0,0,0,0,2,0,0,2,0,0,2,1
62,-8332.849,538.385,-276.750,115.552,-0.430719,-0.902173,0.023757,0.901555,-0.431321,-0.034063,0.040978,0.006747,0.999137,0,0.88701,-0.01760,53.221,-0.035,-1,400.000,-1,375.000,900.000,325.000,325.000,325.000,300.000,-1,650.000,700.000,-1,725.000,725.000,-1,925.000,2,0,2,0,1,0,0,0,0,2,0,0,2,0,0,2,1
63,-8355.712,586.262,-274.610,115.525,-0.430316,-0.902381,0.023174,0.901695,-0.430903,-0.035620,0.042129,0.005568,0.999097,0,0.88426,-0.01337,53.056,-0.027,-1,400.000,-1,375.000,850.000,325.000,325.000,300.000,300.000,-1,675.000,700.000,-1,725.000,725.000,-1,875.000,2,0,2,0,1,0,0,0,0,2,0,0,2,0,0,2,1
64,-8378.496,634.014,-272.432,115.508,-0.430071,-0.902516,0.022458,0.901747,-0.430637,-0.037467,0.043486,0.004138,0.999045,0,0.88181,-0.00855,52.909,-0.017,-1,400.000,-1,375.000,825.000,325.000,325.000,300.000,300.000,-1,625.000,675.000,-1,725.000,725.000,-1,825.000,2,0,2,0,1,0,0,0,0,2,0,0,2,0,1,2,1
65,-8401.221,681.653,-270.279,115.502,-0.429999,-0.902567,0.021744,0.901714,-0.430540,-0.039328,0.044858,0.002696,0.998990,0,0.87969,-0.00313,52.782,-0.006,-1,400.000,-1,400.000,775.000,325.000,325.000,300.000,300.000,-1,600.000,650.000,-1,725.000,675.000,-1,775.000,2,0,2,0,1,0,0,0,0,2,0,0,2,0,1,2,1
66,-8423.905,729.195,-268.151,115.508,-0.430119,-0.902527,0.021035,0.901587,-0.430631,-0.041202,0.046244,0.001243,0.998929,0,0.87794,0.00285,52.677,0.006,-1,400.000,-1,400.000,725.000,325.000,325.000,300.000,300.000,-1,575.000,625.000,-1,725.000,650.000,-1,750.000,2,0,2,0,1,0,0,0,0,2,0,0,2,0,1,2,1
67,-8446.556,776.636,-265.720,115.523,-0.430353,-0.902415,0.021071,0.901457,-0.430867,-0.041568,0.046591,0.001105,0.998913,0,0.87618,0.00749,52.571,0.015,-1,400.000,-1,400.000,675.000,325.000,325.000,300.000,300.000,-1,625.000,675.000,-1,725.000,625.000,-1,700.000,2,0,2,0,1,0,0,0,0,2,0,0,2,0,1,2,1
68,-8471.380,828.358,-263.039,115.639,-0.432180,-0.901536,0.021264,0.900566,-0.432702,-0.041828,0.046911,0.001072,0.998898,0,0.95618,0.05826,57.371,0.117,-1,400.000,-1,400.000,625.000,325.000,325.000,300.000,300.000,-1,675.000,700.000,-1,725.000,600.000,-1,650.000,2,0,2,0,1,0,0,0,0,2,0,0,2,0,1,2,1
69,-8496.779,881.030,-260.155,115.744,-0.433774,-0.900745,0.022348,0.899754,-0.434345,-0.042274,0.047785,0.001770,0.998856,0,0.97460,0.05226,58.476,0.105,-1,400.000,-1,400.000,575.000,325.000,325.000,300.000,300.000,-1,700.000,725.000,-1,725.000,550.000,-1,600.000,2,0,2,0,1,0,0,0,0,2,0,0,2,0,1,2,1
70,-8522.352,933.847,-257.285,115.835,-0.435161,-0.900048,0.023436,0.899038,-0.435784,-0.042699,0.048644,0.002489,0.998813,0,0.97802,0.04579,58.681,0.092,-1,400.000,-1,400.000,525.000,325.000,325.000,300.000,300.000,-1,725.000,750.000,-1,700.000,525.000,-1,550.000,2,0,2,0,1,0,0,0,0,2,0,0,2,1,1,2,1
71,-8548.075,986.790,-254.430,115.913,-0.436329,-0.899453,0.024527,0.898426,-0.437006,-0.043102,0.049486,0.003229,0.998770,0,0.98102,0.03892,58.861,0.078,-1,400.000,-1,375.000,475.000,325.000,325.000,300.000,300.000,-1,750.000,775.000,-1,675.000,500.000,-1,475.000,2,0,2,1,1,0,0,0,0,2,0,0,2,1,1,2,1
72,-8574.458,1040.678,-251.473,116.086,-0.438994,-0.898133,0.025341,0.897090,-0.439709,-0.043416,0.050136,0.003674,0.998736,0,1.00000,0.08621,60.000,0.172,-1,400.000,-1,350.000,425.000,325.000,325.000,300.000,300.000,-1,800.000,800.000,-1,675.000,450.000,-1,425.000,2,0,2,1,1,0,0,0,0,2,0,0,2,1,1,2,1
73,-8600.996,1094.490,-248.486,116.251,-0.441563,-0.896856,0.025907,0.895802,-0.442305,-0.043649,0.050606,0.003933,0.998711,0,1.00000,0.08287,60.000,0.166,-1,400.000,-1,325.000,375.000,325.000,300.000,300.000,300.000,-1,850.000,850.000,-1,650.000,425.000,-1,375.000,2,0,2,1,1,0,1,0,0,2,0,0,2,1,1,2,1
74,-8627.684,1148.228,-245.519,116.410,-0.444015,-0.895629,0.026458,0.894564,-0.444783,-0.043855,0.051045,0.004196,0.998688,0,1.00000,0.07920,60.000,0.158,-1,375.000,-1,300.000,325.000,325.000,275.000,300.000,300.000,-1,875.000,875.000,-1,625.000,375.000,-1,325.000,2,1,2,1,1,1,1,0,0,2,0,0,2,1,1,2,1
75,-8654.512,1201.896,-242.517,116.560,-0.446351,-0.894458,0.026737,0.893387,-0.447131,-0.043979,0.051292,0.004257,0.998675,0,1.00000,0.07516,60.000,0.150,-1,375.000,-1,275.000,275.000,300.000,250.000,300.000,300.000,-1,925.000,925.000,-1,600.000,350.000,-1,275.000,2,1,2,1,1,1,1,0,0,2,0,0,2,1,1,2,1
76,-8681.472,1255.499,-238.058,116.701,-0.448700,-0.893360,0.024013,0.891938,-0.449341,-0.050395,0.055811,-0.001194,0.998441,0,1.00000,0.07070,60.000,0.141,-1,350.000,-1,250.000,225.000,275.000,250.000,275.000,300.000,-1,825.000,875.000,-1,625.000,325.000,-1,225.000,2,1,2,1,1,1,1,0,0,2,0,0,2,1,1,2,1
77,-8708.340,1309.149,-230.224,116.603,-0.447899,-0.893968,0.014417,0.891311,-0.447721,-0.071495,0.070369,-0.019172,0.997337,0,1.00000,-0.04930,60.000,-0.099,-1,350.000,-1,250.000,225.000,275.000,225.000,275.000,350.000,-1,400.000,525.000,-1,875.000,325.000,-1,225.000,2,1,2,1,1,1,1,0,0,2,0,0,2,0,1,2,1
78,-8734.894,1362.957,-222.433,116.264,-0.443727,-0.896151,0.004533,0.892142,-0.442209,-0.092379,0.084790,-0.036947,0.995714,0,1.00000,-0.16930,60.000,-0.339,-1,350.000,-1,250.000,225.000,275.000,225.000,275.000,375.000,925.000,225.000,350.000,-1,975.000,325.000,-1,225.000,2,1,2,1,1,1,1,0,1,0,0,0,2,0,1,2,1
79,-8760.905,1417.029,-214.600,115.686,-0.436144,-0.899858,-0.005754,0.894434,-0.432795,-0.112591,0.098826,-0.054252,0.993625,0,1.00000,-0.28930,60.000,-0.579,-1,375.000,-1,250.000,225.000,275.000,225.000,250.000,375.000,725.000,150.000,300.000,-1,-1,325.000,-1,225.000,2,1,2,1,1,1,1,0,1,0,0,0,2,2,1,2,1
80,-8786.142,1471.468,-206.112,114.867,-0.424875,-0.905147,-0.013762,0.898034,-0.419523,-0.132421,0.114087,-0.068621,0.991098,0,1.00000,-0.40930,60.000,-0.819,-1,400.000,-1,250.000,225.000,275.000,225.000,250.000,375.000,550.000,100.000,250.000,-1,-1,325.000,-1,225.000,2,1,2,1,1,1,1,0,1,0,0,0,2,2,1,2,1
81,983.982,-6231.348,284.434,-73.917,0.265266,0.956555,-0.120983,-0.957850,0.275792,0.080389,0.110263,0.094559,0.989394,1,0.00000,0.00000,60.000,-1.059,150.000,200.000,500.000,425.000,475.000,200.000,325.000,750.000,250.000,-1,200.000,25.000,475.000,250.000,500.000,150.000,475.000,1,1,1,1,1,1,1,0,0,2,0,0,1,1,1,1,1
82,985.334,-6235.954,285.093,-73.677,0.268875,0.955206,-0.123645,-0.956672,0.279742,0.080763,0.111735,0.096573,0.989034,0,0.08000,0.12000,4.800,0.240,150.000,200.000,475.000,425.000,475.000,200.000,325.000,750.000,250.000,-1,200.000,25.000,450.000,250.000,500.000,150.000,475.000,1,1,1,1,1,1,1,0,0,2,0,0,1,1,1,1,1
83,-8199.274,-2951.712,-195.787,121.583,-0.543330,-0.838262,0.045928,0.816973,-0.515354,0.258775,-0.193252,0.178123,0.964845,1,0.00000,0.00000,9.600,0.480,900.000,300.000,675.000,250.000,200.000,250.000,225.000,750.000,300.000,-1,0.000,125.000,-1,450.000,350.000,625.000,200.000,0,0,0,0,0,0,0,0,0,2,1,1,2,0,0,0,0
84,8194.671,7544.942,-9.636,158.865,-0.932849,-0.360179,-0.007991,0.359292,-0.931725,0.052889,-0.026496,0.046467,0.998568,1,0.08000,-0.12000,4.800,-0.240,-1,375.000,-1,375.000,-1,300.000,300.000,275.000,250.000,-1,-1,-1,375.000,750.000,700.000,-1,-1,2,0,2,0,2,0,0,0,1,2,2,2,1,0,0,2,2
85,8185.746,7548.478,-9.810,158.385,-0.929806,-0.367969,-0.007773,0.367072,-0.928666,0.053262,-0.026818,0.046670,0.998550,0,0.16000,-0.24000,9.600,-0.480,-1,375.000,-1,375.000,-1,300.000,300.000,275.000,250.000,-1,-1,-1,375.000,750.000,700.000,-1,-1,2,0,2,0,2,0,0,0,1,2,2,2,1,0,0,2,2
86,8172.426,7553.950,-10.072,157.665,-0.925119,-0.379604,-0.007460,0.378694,-0.923957,0.053794,-0.027313,0.046940,0.998524,0,0.24000,-0.36000,14.400,-0.720,-1,375.000,-1,375.000,-1,300.000,300.000,275.000,250.000,-1,-1,-1,400.000,750.000,700.000,-1,-1,2,0,2,0,2,0,0,0,1,2,2,2,1,0,0,2,2
87,8154.791,7561.543,-10.427,156.705,-0.918643,-0.395026,-0.007060,0.394096,-0.917454,0.054459,-0.027990,0.047246,0.998491,0,0.32000,-0.48000,19.200,-0.960,-1,375.000,-1,375.000,-1,300.000,300.000,300.000,250.000,-1,-1,-1,400.000,750.000,700.000,-1,-1,2,0,2,0,2,0,0,0,1,2,2,2,1,0,0,2,2
88,8132.951,7571.494,-10.882,155.505,-0.910186,-0.414147,-0.006575,0.413193,-0.908967,0.055234,-0.028851,0.047557,0.998452,0,0.40000,-0.60000,24.000,-1.200,-1,375.000,-1,375.000,-1,300.000,300.000,300.000,275.000,-1,-1,-1,425.000,750.000,700.000,-1,-1,2,0,2,0,2,0,0,0,1,2,2,2,1,0,0,2,2
89,8107.051,7584.090,-11.450,154.065,-0.899513,-0.436852,-0.005990,0.435870,-0.898260,0.056099,-0.029888,0.047850,0.998407,0,0.48000,-0.72000,28.800,-1.440,-1,375.000,-1,375.000,-1,300.000,300.000,300.000,275.000,-1,-1,-1,425.000,750.000,700.000,-1,-1,2,0,2,0,2,0,0,0,1,2,2,2,1,0,0,2,2
90,8078.394,7599.062,-12.132,152.415,-0.886587,-0.462532,-0.005262,0.461520,-0.885294,0.057041,-0.031042,0.048143,0.998358,0,0.53886,-0.82511,32.332,-1.650,-1,375.000,-1,375.000,-1,300.000,300.000,300.000,275.000,-1,-1,-1,450.000,750.000,700.000,-1,-1,2,0,2,0,2,0,0,0,1,2,2,2,1,0,0,2,2
91,8050.118,7614.881,-12.861,150.776,-0.873022,-0.487661,-0.004459,0.486623,-0.871692,0.057887,-0.032116,0.048367,0.998313,0,0.54000,-0.81957,32.400,-1.639,-1,375.000,-1,375.000,-1,300.000,300.000,300.000,275.000,-1,-1,-1,475.000,775.000,700.000,-1,-1,2,0,2,0,2,0,0,0,1,2,2,2,1,0,0,2,2
92,8022.240,7631.535,-13.749,149.148,-0.858840,-0.512234,-0.003137,0.511220,-0.857495,0.057940,-0.032369,0.048157,0.998315,0,0.54122,-0.81399,32.473,-1.628,-1,375.000,-1,375.000,-1,300.000,300.000,300.000,300.000,-1,-1,-1,500.000,775.000,700.000,-1,-1,2,0,2,0,2,0,0,0,1,2,2,2,1,0,0,2,2
93,7994.778,7649.009,-14.680,147.531,-0.844073,-0.536226,-0.001640,0.535244,-0.842705,0.057977,-0.032471,0.048058,0.998317,0,0.54250,-0.80838,32.550,-1.617,-1,400.000,-1,375.000,-1,300.000,300.000,300.000,300.000,-1,-1,-1,525.000,775.000,700.000,-1,-1,2,0,2,0,2,0,0,0,1,2,2,2,1,0,0,2,2
94,7967.749,7667.291,-15.676,145.925,-0.828745,-0.559626,0.000009,0.558685,-0.827351,0.057979,-0.032439,0.048055,0.998318,0,0.54385,-0.80274,32.631,-1.605,-1,400.000,-1,375.000,-1,325.000,300.000,300.000,300.000,-1,-1,-1,550.000,800.000,700.000,-1,-1,2,0,2,0,2,0,0,0,1,2,2,2,1,0,0,2,2
95,7941.172,7686.368,-16.935,144.331,-0.812871,-0.582443,0.000908,0.581516,-0.811487,0.057686,-0.032862,0.047419,0.998334,0,0.54525,-0.79707,32.715,-1.594,-1,400.000,-1,375.000,-1,325.000,300.000,300.000,325.000,-1,-1,-1,575.000,800.000,700.000,-1,-1,2,0,2,0,2,0,0,0,1,2,2,2,1,0,0,2,2
96,7915.062,7706.224,-18.304,142.748,-0.796488,-0.604652,0.001891,0.603743,-0.795111,0.057380,-0.033191,0.046844,0.998351,0,0.54670,-0.79138,32.802,-1.583,-1,400.000,-1,375.000,-1,325.000,300.000,300.000,325.000,-1,-1,-1,600.000,800.000,700.000,-1,-1,2,0,2,0,2,0,0,0,1,2,2,2,1,0,0,2,2
97,7885.870,7729.926,-19.981,140.926,-0.776874,-0.629647,0.003386,0.628775,-0.775490,0.057073,-0.033310,0.046468,0.998364,0,0.62670,-0.91138,37.602,-1.823,-1,400.000,-1,375.000,-1,325.000,300.000,300.000,325.000,-1,-1,-1,625.000,800.000,700.000,-1,-1,2,0,2,0,2,0,0,0,1,2,2,2,1,0,0,2,2
98,7854.940,7756.884,-21.951,138.926,-0.754455,-0.656329,0.005530,0.655517,-0.753044,0.056766,-0.033093,0.046453,0.998372,0,0.68380,-1.00000,41.028,-2.000,-1,400.000,-1,375.000,-1,325.000,300.000,300.000,325.000,-1,-1,-1,650.000,800.000,700.000,-1,-1,2,0,2,0,2,0,0,0,0,2,2,2,1,0,0,2,2
99,7824.871,7784.997,-24.083,136.926,-0.731123,-0.682195,0.008282,0.681473,-0.729664,0.056443,-0.032462,0.046910,0.998371,0,0.68607,-1.00000,41.164,-2.000,-1,400.000,-1,375.000,-1,325.000,300.000,300.000,325.000,-1,-1,-1,650.000,825.000,700.000,-1,-1,2,0,2,0,2,0,0,0,1,2,2,2,1,0,0,2,2
100,7795.700,7814.244,-25.694,134.926,-0.706835,-0.707296,0.010833,0.706740,-0.705463,0.053298,-0.030056,0.045329,0.998520,0,0.68846,-1.00000,41.308,-2.000,-1,400.000,-1,375.000,-1,325.000,325.000,325.000,300.000,-1,775.000,975.000,700.000,850.000,700.000,-1,-1,2,0,2,0,2,0,0,0,1,2,0,0,1,0,0,2,2
101,7764.300,7848.008,-26.335,132.926,-0.681594,-0.731672,0.009311,0.731173,-0.680522,0.047706,-0.028569,0.039324,0.998818,0,0.76846,-1.00000,46.108,-2.000,-1,425.000,-1,375.000,-1,325.000,325.000,325.000,300.000,-1,575.000,825.000,-1,850.000,725.000,-1,-1,2,0,2,0,2,0,0,0,1,2,0,0,2,0,0,2,2
102,7732.477,7884.715,-27.204,130.926,-0.655531,-0.755131,0.007553,0.754674,-0.654707,0.042734,-0.027325,0.033713,0.999058,0,0.80968,-1.00000,48.581,-2.000,-1,425.000,-1,400.000,-1,325.000,325.000,325.000,300.000,-1,475.000,700.000,-1,850.000,750.000,-1,-1,2,0,2,0,2,0,0,0,1,2,0,0,2,0,0,2,2
103,7701.910,7922.566,-28.249,128.926,-0.628683,-0.777641,0.005704,0.777212,-0.628052,0.038628,-0.026456,0.028718,0.999237,0,0.81087,-1.00000,48.652,-2.000,-1,425.000,-1,400.000,-1,325.000,325.000,325.000,275.000,-1,425.000,625.000,-1,850.000,750.000,-1,-1,2,0,2,0,2,0,0,0,1,2,0,0,2,0,0,2,2
104,7672.640,7961.515,-29.455,126.926,-0.601080,-0.799180,0.003830,0.798769,-0.600601,0.035318,-0.025925,0.024289,0.999369,0,0.81201,-1.00000,48.721,-2.000,-1,425.000,-1,400.000,-1,325.000,325.000,300.000,275.000,-1,425.000,550.000,-1,850.000,775.000,-1,-1,2,0,2,0,2,0,0,0,1,2,0,0,2,0,0,2,2
105,7644.710,8001.515,-30.696,124.926,-0.572763,-0.819718,0.002137,0.819308,-0.572389,0.033242,-0.026025,0.020791,0.999445,0,0.81310,-1.00000,48.786,-2.000,-1,425.000,-1,400.000,-1,325.000,325.000,300.000,275.000,-1,425.000,550.000,-1,850.000,775.000,-1,-1,2,0,2,0,2,0,0,0,1,2,0,0,2,0,0,2,2
106,7618.160,8042.515,-32.060,122.926,-0.543754,-0.839245,0.000541,0.838831,-0.543465,0.031759,-0.026359,0.017723,0.999495,0,0.81409,-1.00000,48.846,-2.000,-1,425.000,-1,400.000,-1,325.000,325.000,325.000,250.000,-1,425.000,550.000,-1,850.000,775.000,-1,-1,2,0,2,0,2,0,0,0,1,2,0,0,2,0,0,2,2
107,7593.031,8084.462,-33.580,120.926,-0.514082,-0.857741,-0.000732,0.857343,-0.513869,0.030019,-0.026125,0.014804,0.999549,0,0.81497,-1.00000,48.898,-2.000,-1,425.000,-1,400.000,-1,325.000,325.000,325.000,250.000,-1,425.000,550.000,-1,850.000,775.000,-1,-1,2,0,2,0,2,0,0,0,1,2,0,0,2,0,0,2,2
108,7569.359,8127.298,-35.245,118.926,-0.483784,-0.875186,-0.001721,0.874828,-0.483640,0.027729,-0.025101,0.011909,0.999614,0,0.81570,-1.00000,48.942,-2.000,-1,425.000,-1,425.000,-1,350.000,325.000,325.000,250.000,-1,400.000,525.000,-1,825.000,775.000,-1,-1,2,0,2,0,2,0,0,0,1,2,0,0,2,1,0,2,2
109,7544.826,8175.105,-37.277,117.166,-0.456643,-0.889647,-0.002363,0.889316,-0.456542,0.026181,-0.024371,0.009854,0.999654,0,0.89557,-0.88000,53.734,-1.760,-1,425.000,-1,425.000,-1,350.000,350.000,325.000,225.000,-1,375.000,500.000,-1,800.000,800.000,-1,-1,2,0,2,0,2,0,0,0,1,2,0,0,2,1,0,2,2
110,7521.617,8223.447,-39.476,115.646,-0.432867,-0.901454,-0.002588,0.901137,-0.432788,0.025442,-0.024055,0.008680,0.999673,0,0.89375,-0.76000,53.625,-1.520,-1,425.000,-1,400.000,-1,350.000,325.000,325.000,225.000,-1,350.000,500.000,-1,775.000,775.000,-1,-1,2,0,2,0,2,0,0,0,1,2,0,0,2,1,0,2,2
111,7499.574,8272.119,-41.854,114.366,-0.412624,-0.910899,-0.002301,0.910579,-0.412544,0.025552,-0.024224,0.008448,0.999671,0,0.89050,-0.64000,53.430,-1.280,-1,425.000,-1,400.000,-1,325.000,325.000,325.000,200.000,-1,325.000,500.000,-1,750.000,775.000,1000.000,-1,2,0,2,0,2,0,0,0,1,2,0,0,2,1,0,1,2
112,7478.529,8320.925,-44.427,113.326,-0.396045,-0.918230,-0.001410,0.917892,-0.395940,0.026571,-0.024957,0.009229,0.999646,0,0.88584,-0.52000,53.150,-1.040,-1,400.000,-1,400.000,-1,325.000,325.000,325.000,200.000,-1,300.000,500.000,-1,725.000,750.000,925.000,-1,2,0,2,0,2,0,0,0,1,2,0,0,2,1,0,1,2
113,7458.305,8369.686,-47.215,112.526,-0.383234,-0.923651,0.000166,0.923276,-0.383073,0.028586,-0.026340,0.011108,0.999591,0,0.87981,-0.40000,52.789,-0.800,950.000,400.000,-1,400.000,-1,325.000,325.000,325.000,175.000,-1,325.000,500.000,-1,700.000,750.000,875.000,-1,1,0,2,0,2,0,0,0,1,2,0,0,2,1,0,1,2
114,7438.724,8418.236,-49.711,111.966,-0.374223,-0.927339,0.000105,0.926853,-0.374023,0.032424,-0.030028,0.012231,0.999474,0,0.87250,-0.28000,52.350,-0.560,850.000,400.000,-1,375.000,-1,325.000,325.000,325.000,175.000,-1,475.000,650.000,-1,675.000,700.000,800.000,-1,1,0,2,0,2,0,0,0,1,2,0,0,2,1,0,1,2
115,7419.682,8466.454,-50.181,111.550,-0.367292,-0.930081,-0.006793,0.929487,-0.367304,0.033785,-0.033918,0.006095,0.999406,0,0.86402,-0.20790,51.841,-0.416,775.000,375.000,-1,375.000,-1,325.000,300.000,300.000,175.000,-1,775.000,900.000,-1,650.000,700.000,725.000,-1,1,0,2,0,2,0,0,0,1,2,0,0,2,1,0,1,2
116,7401.176,8514.300,-50.632,111.146,-0.360512,-0.932663,-0.013081,0.932046,-0.360750,0.033901,-0.036337,0.000030,0.999340,0,0.85499,-0.20181,51.300,-0.404,700.000,375.000,-1,375.000,-1,300.000,300.000,300.000,175.000,-1,975.000,-1,-1,625.000,700.000,675.000,-1,1,0,2,0,2,0,0,0,1,2,0,2,2,1,0,1,2
117,7383.182,8561.776,-51.300,110.756,-0.353952,-0.935086,-0.018244,0.934489,-0.354385,0.033786,-0.038058,-0.005091,0.999263,0,0.84620,-0.19509,50.772,-0.390,625.000,375.000,-1,375.000,-1,300.000,300.000,300.000,175.000,-1,-1,-1,-1,600.000,700.000,625.000,-1,1,0,2,0,2,0,0,0,1,2,2,2,2,1,0,1,2
118,7365.676,8608.894,-52.116,110.381,-0.347650,-0.937362,-0.022194,0.936801,-0.348239,0.033681,-0.039300,-0.009082,0.999186,0,0.83775,-0.18777,50.265,-0.376,550.000,375.000,-1,375.000,-1,300.000,300.000,300.000,175.000,-1,-1,-1,-1,575.000,700.000,575.000,-1,1,0,2,0,2,0,0,0,1,2,2,2,2,1,0,1,2
119,7348.632,8655.670,-52.976,110.021,-0.341647,-0.939505,-0.024631,0.938970,-0.342338,0.033755,-0.040145,-0.011595,0.999127,0,0.82973,-0.17988,49.784,-0.360,500.000,375.000,-1,375.000,-1,300.000,300.000,300.000,175.000,-1,-1,-1,-1,550.000,700.000,525.000,-1,1,0,2,0,2,0,0,0,1,2,2,2,2,1,0,1,2
120,7332.019,8702.123,-53.923,109.678,-0.335976,-0.941522,-0.025606,0.941019,-0.336704,0.033371,-0.040042,-0.012884,0.999115,0,0.82225,-0.17144,49.335,-0.343,450.000,375.000,-1,375.000,-1,300.000,300.000,300.000,200.000,-1,-1,-1,-1,550.000,700.000,475.000,-1,1,0,2,0,2,0,0,0,1,2,2,2,2,1,0,1,2
121,7315.806,8748.282,-55.053,109.353,-0.330631,-0.943410,-0.025696,0.942939,-0.331356,0.032699,-0.039364,-0.013418,0.999135,0,0.81539,-0.16248,48.923,-0.325,425.000,375.000,-1,375.000,-1,300.000,300.000,300.000,200.000,-1,-1,-1,-1,525.000,700.000,450.000,-1,1,0,2,0,2,0,0,0,1,2,2,2,2,1,0,1,2
122,7299.961,8794.177,-56.361,109.047,-0.325628,-0.945169,-0.024944,0.944729,-0.326313,0.031736,-0.038135,-0.013231,0.999185,0,0.80922,-0.15302,48.553,-0.306,375.000,375.000,-1,375.000,-1,300.000,300.000,300.000,225.000,-1,-1,-1,-1,525.000,700.000,425.000,-1,1,0,2,0,2,0,0,0,1,2,2,2,2,1,0,1,2
123,7284.451,8839.842,-57.838,108.761,-0.320979,-0.946798,-0.023386,0.946388,-0.321592,0.030479,-0.036378,-0.012349,0.999262,0,0.80379,-0.14308,48.227,-0.286,350.000,375.000,-1,375.000,-1,300.000,300.000,300.000,225.000,-1,-1,-1,-1,500.000,700.000,400.000,-1,1,0,2,0,2,0,0,0,1,2,2,2,2,1,0,1,2
124,7269.241,8885.314,-59.481,108.495,-0.316694,-0.948294,-0.021056,0.947914,-0.317209,0.028926,-0.034110,-0.010799,0.999360,0,0.79915,-0.13269,47.949,-0.265,325.000,375.000,-1,375.000,-1,300.000,300.000,325.000,250.000,-1,-1,-1,-1,500.000,700.000,350.000,-1,1,1,2,0,2,0,0,0,1,2,2,2,2,1,0,1,2
125,7254.296,8930.633,-61.285,108.252,-0.312781,-0.949655,-0.017981,0.949308,-0.313179,0.027077,-0.031345,-0.008600,0.999472,0,0.79533,-0.12186,47.720,-0.244,300.000,375.000,-1,375.000,-1,300.000,325.000,325.000,250.000,-1,-1,-1,-1,500.000,700.000,325.000,-1,1,1,2,0,2,0,0,0,1,2,2,2,2,1,0,1,2
126,7239.582,8975.838,-63.010,108.030,-0.309282,-0.950881,-0.013014,0.950578,-0.309518,0.024495,-0.027320,-0.004795,0.999615,0,0.79233,-0.11061,47.540,-0.221,275.000,350.000,-1,375.000,-1,325.000,325.000,325.000,275.000,-1,900.000,-1,-1,475.000,725.000,325.000,-1,1,1,2,0,2,0,0,0,1,2,0,2,2,1,0,1,2
127,7225.064,9020.970,-64.345,107.832,-0.306205,-0.951954,-0.004655,0.951733,-0.306235,0.020590,-0.021026,0.001874,0.999777,0,0.79016,-0.09896,47.410,-0.198,250.000,350.000,-1,400.000,-1,325.000,325.000,325.000,275.000,-1,725.000,800.000,425.000,475.000,725.000,300.000,-1,1,1,2,0,2,0,0,1,1,2,0,0,1,1,0,1,2
128,7212.326,9061.631,-65.543,107.395,-0.299038,-0.954234,0.003732,0.954127,-0.298940,0.016631,-0.014754,0.008534,0.999855,0,0.71016,-0.21896,42.610,-0.438,250.000,350.000,-1,400.000,-1,325.000,325.000,325.000,275.000,-1,575.000,525.000,375.000,500.000,750.000,300.000,-1,1,1,2,0,2,0,0,1,1,2,0,0,1,1,0,1,2
129,7200.797,9100.017,-65.719,106.717,-0.287746,-0.957675,0.007794,0.957639,-0.287620,0.014207,-0.011365,0.011552,0.999869,0,0.66800,-0.33896,40.080,-0.678,225.000,350.000,-1,400.000,-1,325.000,325.000,300.000,275.000,-1,500.000,450.000,350.000,500.000,775.000,275.000,-1,1,1,2,0,2,0,0,1,1,2,0,0,1,1,0,1,2
130,7189.858,9138.674,-65.777,105.799,-0.272361,-0.962128,0.011352,0.962160,-0.272232,0.011720,-0.008186,0.014115,0.999867,0,0.66958,-0.45896,40.175,-0.918,225.000,375.000,-1,400.000,-1,350.000,325.000,275.000,275.000,-1,475.000,400.000,350.000,500.000,775.000,275.000,-1,1,1,2,0,2,0,0,1,1,2,0,0,1,1,0,1,2
131,7178.126,9182.091,-65.600,105.121,-0.260919,-0.965228,0.015975,0.965353,-0.260815,0.008354,-0.003897,0.017601,0.999837,0,0.74958,-0.33896,44.975,-0.678,200.000,375.000,-1,425.000,-1,350.000,350.000,275.000,275.000,-1,425.000,350.000,350.000,525.000,800.000,275.000,-1,1,1,2,0,2,0,0,1,1,2,0,0,1,1,0,1,2
132,7165.508,9230.240,-65.172,104.683,-0.253435,-0.967099,0.022135,0.967351,-0.253405,0.004186,0.001561,0.022473,0.999746,0,0.82958,-0.21896,49.775,-0.438,200.000,375.000,-1,425.000,-1,350.000,350.000,250.000,275.000,-1,375.000,300.000,350.000,525.000,825.000,300.000,-1,1,1,2,0,2,0,0,1,1,2,0,0,1,1,0,1,2
133,7152.878,9279.207,-64.518,104.460,-0.249516,-0.967932,0.029160,0.968346,-0.249610,0.000427,0.006866,0.028343,0.999575,0,0.84281,-0.11127,50.569,-0.223,200.000,375.000,-1,425.000,-1,375.000,350.000,250.000,300.000,-1,350.000,250.000,375.000,550.000,850.000,300.000,-1,1,1,2,0,2,0,0,1,1,2,0,0,1,1,0,1,2
