timestep,x_cm,y_cm,z_cm,yaw_deg,basis_xx,basis_xy,basis_xz,basis_yx,basis_yy,basis_yz,basis_zx,basis_zy,basis_zz,teleport_flag,throttle_cmd,steering_cmd,cmd_move_cm,cmd_turn_deg,lidar_cm_0,lidar_cm_1,lidar_cm_2,lidar_cm_3,lidar_cm_4,lidar_cm_5,lidar_cm_6,lidar_cm_7,lidar_cm_8,lidar_cm_9,lidar_cm_10,lidar_cm_11,lidar_cm_12,lidar_cm_13,lidar_cm_14,lidar_cm_15,lidar_cm_16,lidar_class_0,lidar_class_1,lidar_class_2,lidar_class_3,lidar_class_4,lidar_class_5,lidar_class_6,lidar_class_7,lidar_class_8,lidar_class_9,lidar_class_10,lidar_class_11,lidar_class_12,lidar_class_13,lidar_class_14,lidar_class_15,lidar_class_16
0,-4266.577,8202.890,-137.551,128.606,-0.626114,-0.779235,-0.027822,0.778159,-0.622188,-0.085736,0.049498,-0.075330,0.995929,1,0.08000,-0.12000,4.800,-0.240,-1,425.000,-1,425.000,-1,350.000,350.000,300.000,300.000,-1,-1,-1,-1,-1,925.000,-1,-1,2,0,2,0,2,0,0,0,0,2,2,2,2,2,0,2,2
1,-4272.504,8210.442,-137.099,128.126,-0.619563,-0.784437,-0.028281,0.783381,-0.615652,-0.085359,0.049548,-0.075040,0.995949,0,0.16000,-0.24000,9.600,-0.480,-1,425.000,-1,425.000,-1,350.000,350.000,300.000,300.000,-1,-1,-1,-1,-1,925.000,-1,-1,2,0,2,0,2,0,0,0,0,2,2,2,2,2,0,2,2
2,-4281.251,8221.881,-136.411,127.406,-0.609655,-0.792137,-0.028966,0.791112,-0.605766,-0.084788,0.049617,-0.074607,0.995978,0,0.24000,-0.36000,14.400,-0.720,-1,425.000,-1,425.000,-1,350.000,350.000,300.000,300.000,-1,-1,-1,-1,-1,925.000,-1,-1,2,0,2,0,2,0,0,0,0,2,2,2,2,2,0,2,2
3,-4292.657,8237.326,-135.474,126.446,-0.596295,-0.802210,-0.029872,0.801226,-0.592434,-0.084016,0.049701,-0.074033,0.996017,0,0.32000,-0.48000,19.200,-0.960,-1,425.000,-1,425.000,-1,350.000,325.000,300.000,300.000,-1,-1,-1,-1,-1,925.000,-1,-1,2,0,2,0,2,0,0,0,0,2,2,2,2,2,0,2,2
4,-4306.507,8256.928,-134.273,125.246,-0.579358,-0.814484,-0.030992,0.813551,-0.575535,-0.083034,0.049793,-0.073320,0.996065,0,0.40000,-0.60000,24.000,-1.200,-1,425.000,-1,425.000,-1,325.000,325.000,300.000,300.000,-1,-1,-1,-1,-1,900.000,-1,-1,2,0,2,0,2,0,0,0,0,2,2,2,2,2,0,2,2
5,-4322.554,8280.843,-132.793,123.863,-0.559526,-0.828182,-0.032313,0.827314,-0.555747,-0.081829,0.049812,-0.072519,0.996122,0,0.48000,-0.69131,28.800,-1.383,-1,425.000,-1,425.000,-1,325.000,325.000,300.000,300.000,-1,-1,-1,-1,-1,900.000,-1,-1,2,0,2,0,2,0,0,0,0,2,2,2,2,2,0,2,2
6,-4340.597,8309.188,-131.020,122.479,-0.539340,-0.841408,-0.033823,0.840630,-0.535610,-0.080391,0.049526,-0.071791,0.996189,0,0.56000,-0.69201,33.600,-1.384,-1,425.000,-1,425.000,-1,325.000,325.000,300.000,300.000,-1,-1,-1,-1,1000.000,900.000,-1,-1,2,0,2,0,2,0,0,0,0,2,2,2,2,0,0,2,2
7,-4360.428,8342.072,-128.948,121.093,-0.518799,-0.854158,-0.035517,0.853494,-0.515123,-0.078718,0.048943,-0.071152,0.996264,0,0.64000,-0.69307,38.400,-1.386,-1,425.000,-1,425.000,-1,325.000,325.000,300.000,300.000,-1,-1,-1,-1,1000.000,875.000,-1,-1,2,0,2,0,2,0,0,0,0,2,2,2,2,0,0,2,2
8,-4381.834,8379.596,-126.744,119.704,-0.497895,-0.866466,-0.036581,0.865876,-0.494307,-0.076940,0.048583,-0.069982,0.996364,0,0.72000,-0.69450,43.200,-1.389,-1,425.000,-1,425.000,-1,325.000,325.000,300.000,300.000,-1,-1,-1,-1,975.000,875.000,-1,-1,2,0,2,0,2,0,0,0,0,2,2,2,2,0,0,2,2
9,-4404.598,8421.855,-124.299,118.312,-0.476632,-0.878303,-0.037503,0.877783,-0.473147,-0.075025,0.048151,-0.068679,0.996476,0,0.80000,-0.69630,48.000,-1.393,-1,425.000,-1,425.000,-1,325.000,325.000,300.000,300.000,-1,-1,-1,-1,975.000,850.000,-1,-1,2,0,2,0,2,0,0,0,0,2,2,2,2,0,0,2,2
10,-4427.848,8467.656,-121.698,116.915,-0.455001,-0.889666,-0.038314,0.889225,-0.451639,-0.072809,0.047472,-0.067198,0.996610,0,0.85606,-0.69848,51.364,-1.397,-1,425.000,-1,400.000,-1,325.000,325.000,300.000,300.000,-1,-1,-1,-1,975.000,850.000,-1,-1,2,0,2,0,2,0,0,0,0,2,2,2,2,0,0,2,2
11,-4449.973,8514.019,-119.173,115.513,-0.432990,-0.900562,-0.038818,0.900198,-0.429791,-0.070159,0.046499,-0.065322,0.996780,0,0.85618,-0.70097,51.371,-1.402,-1,425.000,-1,400.000,-1,325.000,325.000,300.000,300.000,-1,-1,-1,-1,950.000,850.000,-1,-1,2,0,2,0,2,0,0,0,0,2,2,2,2,0,0,2,2
12,-4470.954,8560.912,-116.606,114.106,-0.410642,-0.910952,-0.039232,0.910657,-0.407598,-0.067586,0.045577,-0.063480,0.996942,0,0.85621,-0.70349,51.373,-1.407,-1,425.000,-1,400.000,-1,325.000,325.000,300.000,300.000,-1,-1,-1,-1,950.000,825.000,-1,-1,2,0,2,0,2,0,0,0,0,2,2,2,2,0,0,2,2
13,-4490.771,8608.305,-114.056,112.694,-0.387982,-0.920811,-0.039700,0.920573,-0.385064,-0.065358,0.044896,-0.061904,0.997072,0,0.85615,-0.70604,51.369,-1.412,-1,425.000,-1,400.000,-1,325.000,325.000,300.000,300.000,-1,-1,-1,-1,925.000,825.000,-1,-1,2,0,2,0,2,0,0,0,0,2,2,2,2,0,0,2,2
14,-4509.408,8656.165,-111.715,111.276,-0.365077,-0.930085,-0.040762,0.929888,-0.362183,-0.064274,0.045017,-0.061369,0.997099,0,0.85600,-0.70864,51.360,-1.417,-1,400.000,-1,400.000,-1,325.000,325.000,325.000,300.000,-1,-1,-1,-1,925.000,800.000,-1,-1,2,0,2,0,2,0,0,0,1,2,2,2,2,0,0,2,2
15,-4528.707,8708.905,-109.204,110.099,-0.345875,-0.937329,-0.042257,0.937223,-0.342997,-0.062974,0.044534,-0.061385,0.997120,0,0.93600,-0.58864,56.160,-1.177,-1,400.000,-1,400.000,-1,325.000,325.000,325.000,275.000,-1,-1,-1,-1,900.000,800.000,-1,-1,2,0,2,0,2,0,0,0,1,2,2,2,2,0,0,2,2
16,-4548.402,8765.581,-106.499,109.162,-0.330474,-0.942800,-0.043772,0.942801,-0.327613,-0.061611,0.043747,-0.061630,0.997140,0,1.00000,-0.46864,60.000,-0.937,-1,400.000,-1,400.000,-1,325.000,325.000,325.000,275.000,-1,-1,-1,-1,875.000,800.000,-1,-1,2,0,2,0,2,0,0,0,1,2,2,2,2,0,0,2,2
17,-4567.405,8822.492,-103.848,108.465,-0.318950,-0.946676,-0.045557,0.946816,-0.316102,-0.060162,0.042554,-0.062322,0.997148,0,1.00000,-0.34864,60.000,-0.697,-1,400.000,-1,400.000,-1,325.000,325.000,325.000,250.000,-1,-1,-1,-1,850.000,800.000,-1,-1,2,0,2,0,2,0,0,0,1,2,2,2,2,0,0,2,2
18,-4585.750,8879.619,-101.268,107.802,-0.307957,-0.950203,-0.047709,0.950511,-0.305116,-0.058586,0.041112,-0.063390,0.997142,0,1.00000,-0.33122,60.000,-0.662,-1,400.000,-1,400.000,-1,325.000,325.000,325.000,250.000,-1,-1,-1,-1,850.000,775.000,-1,-1,2,0,2,0,2,0,0,0,1,2,2,2,2,0,0,2,2
19,-4603.412,8936.898,-98.723,107.137,-0.296872,-0.953632,-0.049535,0.954082,-0.294044,-0.057143,0.039928,-0.064224,0.997136,0,0.99899,-0.33273,59.940,-0.665,-1,400.000,-1,400.000,-1,325.000,325.000,325.000,250.000,-1,-1,-1,-1,825.000,775.000,-1,-1,2,0,2,0,2,0,0,0,1,2,2,2,2,0,0,2,2
20,-4620.361,8994.230,-96.203,106.469,-0.285702,-0.956956,-0.051092,0.957526,-0.282892,-0.055820,0.038963,-0.064870,0.997133,0,0.99643,-0.33404,59.786,-0.668,-1,400.000,-1,400.000,-1,325.000,325.000,325.000,250.000,-1,-1,-1,-1,800.000,775.000,-1,-1,2,0,2,0,2,0,0,0,1,2,2,2,2,0,0,2,2
21,-4636.593,9051.598,-93.664,105.798,-0.274458,-0.960161,-0.052571,0.960844,-0.271667,-0.054544,0.038089,-0.065483,0.997126,0,0.99366,-0.33515,59.619,-0.670,-1,400.000,-1,400.000,-1,325.000,325.000,325.000,250.000,-1,-1,-1,-1,800.000,775.000,-1,-1,2,0,2,0,2,0,0,0,1,2,2,2,2,0,0,2,2
22,-4652.105,9108.981,-91.142,105.126,-0.263148,-0.963253,-0.053826,0.964030,-0.260378,-0.053382,0.037405,-0.065937,0.997122,0,0.99072,-0.33605,59.443,-0.672,-1,400.000,-1,400.000,-1,325.000,325.000,325.000,250.000,-1,-1,-1,-1,775.000,775.000,-1,-1,2,0,2,0,2,0,0,0,1,2,2,2,2,0,0,2,2
23,-4666.895,9166.365,-88.817,104.453,-0.251773,-0.966270,-0.054152,0.967072,-0.249044,-0.052422,0.037167,-0.065568,0.997156,0,0.98764,-0.33673,59.258,-0.673,-1,400.000,-1,400.000,-1,325.000,325.000,325.000,250.000,-1,-1,-1,-1,775.000,750.000,-1,-1,2,0,2,0,2,0,0,0,1,2,2,2,2,0,0,2,2
24,-4680.962,9223.733,-86.495,103.778,-0.240340,-0.969165,-0.054358,0.969987,-0.237661,-0.051402,0.036898,-0.065080,0.997198,0,0.98446,-0.33720,59.068,-0.674,-1,400.000,-1,375.000,-1,300.000,325.000,325.000,250.000,-1,-1,-1,-1,750.000,750.000,-1,-1,2,0,2,0,2,0,0,0,1,2,2,2,2,0,0,2,2
25,-4694.310,9281.074,-84.166,103.103,-0.228898,-0.971921,-0.054552,0.972742,-0.226234,-0.050898,0.037127,-0.064715,0.997213,0,0.98123,-0.33745,58.874,-0.675,-1,375.000,-1,375.000,-1,300.000,300.000,325.000,275.000,-1,-1,-1,-1,750.000,750.000,-1,-1,2,0,2,0,2,0,0,0,1,2,2,2,2,0,0,2,2
26,-4705.862,9333.900,-81.904,102.337,-0.215875,-0.974908,-0.054336,0.975688,-0.213223,-0.050689,0.037831,-0.063958,0.997235,0,0.90123,-0.38324,54.074,-0.766,-1,375.000,-1,375.000,-1,300.000,300.000,325.000,275.000,-1,-1,-1,-1,725.000,750.000,-1,-1,2,0,2,0,2,0,0,0,1,2,2,2,2,0,0,2,2
27,-4716.035,9383.587,-79.728,101.571,-0.202821,-0.977722,-0.054061,0.978455,-0.200178,-0.050553,0.038605,-0.063149,0.997257,0,0.84529,-0.38309,50.717,-0.766,-1,375.000,-1,375.000,-1,300.000,300.000,350.000,275.000,-1,-1,-1,-1,725.000,750.000,-1,-1,2,0,2,0,2,0,0,0,1,2,2,2,2,0,0,2,2
28,-4725.514,9433.259,-77.617,100.805,-0.189776,-0.980336,-0.054097,0.981021,-0.187100,-0.050896,0.039774,-0.062730,0.997238,0,0.84280,-0.38280,50.568,-0.766,-1,375.000,-1,375.000,-1,300.000,300.000,350.000,275.000,-1,-1,-1,-1,725.000,750.000,-1,-1,2,0,2,0,2,0,0,0,1,2,2,2,2,0,0,2,2
29,-4734.304,9482.910,-75.485,100.040,-0.176721,-0.982769,-0.054176,0.983404,-0.174004,-0.051368,0.041056,-0.062355,0.997209,0,0.84037,-0.38237,50.422,-0.765,-1,375.000,-1,400.000,-1,300.000,325.000,350.000,275.000,-1,-1,-1,-1,725.000,750.000,-1,-1,2,0,2,0,2,0,0,0,1,2,2,2,2,0,0,2,2
30,-4742.410,9532.535,-73.305,99.277,-0.163652,-0.985028,-0.054199,0.985609,-0.160896,-0.051845,0.042349,-0.061904,0.997183,0,0.83804,-0.38179,50.282,-0.764,-1,375.000,-1,400.000,-1,300.000,325.000,350.000,300.000,-1,-1,-1,-1,725.000,750.000,-1,-1,2,0,2,0,2,0,0,0,1,2,2,2,2,0,0,2,2
31,-4749.834,9582.131,-71.078,98.515,-0.150575,-0.987113,-0.054171,0.987635,-0.147783,-0.052324,0.043645,-0.061380,0.997160,0,0.83580,-0.38109,50.148,-0.762,-1,375.000,-1,400.000,-1,300.000,325.000,350.000,300.000,-1,-1,-1,-1,700.000,775.000,-1,-1,2,0,2,0,2,0,0,0,1,2,2,2,2,0,0,2,2
32,-4756.583,9631.695,-68.806,97.754,-0.137498,-0.989024,-0.054094,0.989482,-0.134673,-0.052804,0.044939,-0.060786,0.997139,0,0.83369,-0.38025,50.021,-0.760,-1,375.000,-1,400.000,-1,300.000,325.000,350.000,300.000,-1,-1,-1,-1,700.000,775.000,-1,-1,2,0,2,0,2,0,0,0,1,2,2,2,2,0,0,2,2
33,-4762.660,9681.226,-66.490,96.996,-0.124426,-0.990760,-0.053973,0.991151,-0.121573,-0.053281,0.046227,-0.060125,0.997120,0,0.83171,-0.37928,49.902,-0.759,-1,375.000,-1,400.000,-1,300.000,325.000,325.000,300.000,-1,-1,-1,-1,700.000,775.000,-1,-1,2,0,2,0,2,0,0,0,1,2,2,2,2,0,0,2,2
34,-4768.071,9730.724,-64.132,96.239,-0.111366,-0.992322,-0.053810,0.992643,-0.108488,-0.053753,0.047502,-0.059401,0.997103,0,0.82986,-0.37820,49.792,-0.756,-1,375.000,-1,400.000,-1,300.000,325.000,325.000,300.000,-1,-1,-1,-1,700.000,775.000,1000.000,-1,2,0,2,0,2,0,0,0,1,2,2,2,2,0,0,1,2
35,-4772.820,9780.187,-61.734,95.485,-0.098325,-0.993709,-0.053609,0.993959,-0.095425,-0.054217,0.048760,-0.058616,0.997089,0,0.82817,-0.37699,49.690,-0.754,-1,375.000,-1,400.000,-1,300.000,325.000,325.000,300.000,-1,-1,-1,-1,700.000,775.000,950.000,-1,2,0,2,0,2,0,0,0,1,2,2,2,2,0,0,1,2
36,-4776.912,9829.616,-59.327,94.734,-0.085307,-0.994930,-0.053255,0.995095,-0.082390,-0.054753,0.050087,-0.057664,0.997079,0,0.82664,-0.37567,49.598,-0.751,975.000,375.000,-1,400.000,-1,300.000,325.000,325.000,300.000,-1,-1,-1,-1,700.000,800.000,875.000,-1,1,0,2,0,2,0,0,0,1,2,2,2,2,0,0,1,2
37,-4780.353,9879.013,-56.826,93.985,-0.072295,-0.996007,-0.052386,0.996058,-0.069392,-0.055256,0.051400,-0.056175,0.997097,0,0.82526,-0.37425,49.516,-0.748,925.000,375.000,-1,400.000,-1,300.000,325.000,325.000,300.000,-1,-1,-1,-1,700.000,800.000,825.000,-1,1,0,2,0,2,0,0,0,1,2,2,2,2,1,0,1,2
38,-4783.146,9928.377,-54.178,93.240,-0.059294,-0.996934,-0.051063,0.996849,-0.056434,-0.055741,0.052688,-0.054207,0.997139,0,0.82405,-0.37272,49.443,-0.745,850.000,375.000,-1,400.000,-1,300.000,325.000,325.000,325.000,-1,-1,-1,-1,675.000,800.000,775.000,-1,1,0,2,0,2,0,0,0,1,2,2,2,2,1,0,1,2
39,-4785.296,9977.710,-51.487,92.498,-0.046330,-0.997689,-0.049703,0.997471,-0.043521,-0.056198,0.053905,-0.052181,0.997182,0,0.82299,-0.37109,49.380,-0.742,775.000,375.000,-1,400.000,-1,300.000,325.000,325.000,325.000,-1,-1,-1,750.000,625.000,800.000,725.000,-1,1,0,2,0,2,0,0,0,1,2,2,2,1,1,0,1,2
40,-4786.809,10027.013,-48.758,91.759,-0.033409,-0.998274,-0.048310,0.997925,-0.030657,-0.056627,0.055049,-0.050101,0.997226,0,0.82210,-0.36937,49.326,-0.739,725.000,375.000,-1,400.000,-1,300.000,325.000,325.000,325.000,-1,-1,-1,700.000,600.000,800.000,675.000,-1,1,0,2,0,2,0,0,0,1,2,2,2,1,1,0,1,2
41,-4787.689,10076.287,-45.993,91.024,-0.020536,-0.998689,-0.046886,0.998213,-0.017848,-0.057029,0.056118,-0.047974,0.997271,0,0.82137,-0.36756,49.282,-0.735,650.000,375.000,-1,400.000,-1,300.000,325.000,325.000,300.000,-1,-1,-1,675.000,575.000,800.000,625.000,-1,1,0,2,0,2,0,0,0,1,2,2,2,1,1,0,1,2
42,-4787.939,10125.534,-43.196,90.293,-0.007716,-0.998937,-0.045436,0.998338,-0.005100,-0.057403,0.057110,-0.045803,0.997317,0,0.82079,-0.36567,49.247,-0.731,600.000,375.000,-1,400.000,-1,300.000,325.000,325.000,300.000,-1,-1,-1,650.000,550.000,800.000,575.000,-1,1,0,2,0,2,0,0,0,0,2,2,2,1,1,0,1,2
43,-4787.564,10174.755,-40.371,89.565,0.005045,-0.999020,-0.043961,0.998302,0.007582,-0.057747,0.058024,-0.043595,0.997363,0,0.82036,-0.36369,49.222,-0.727,550.000,375.000,-1,400.000,-1,325.000,325.000,325.000,300.000,-1,-1,-1,650.000,550.000,800.000,525.000,-1,1,1,2,0,2,0,0,0,0,2,2,2,1,1,0,1,2
44,-4786.569,10223.950,-37.521,88.842,0.017741,-0.998940,-0.042466,0.998109,0.020194,-0.058062,0.058858,-0.041356,0.997409,0,0.82008,-0.36164,49.205,-0.723,500.000,375.000,-1,400.000,-1,325.000,325.000,325.000,300.000,-1,-1,-1,650.000,525.000,800.000,475.000,-1,1,1,2,0,2,0,0,0,0,2,2,2,1,1,0,1,2
45,-4784.956,10273.120,-34.649,88.123,0.030367,-0.998700,-0.040952,0.997760,0.032731,-0.058347,0.059611,-0.039089,0.997456,0,0.81994,-0.35951,49.197,-0.719,450.000,375.000,-1,400.000,-1,325.000,325.000,325.000,300.000,-1,-1,-1,675.000,525.000,800.000,450.000,-1,1,1,2,0,2,0,0,0,0,2,2,2,1,1,0,1,2
46,-4782.731,10322.266,-31.758,87.408,0.042919,-0.998300,-0.039423,0.997258,0.045188,-0.058599,0.060281,-0.036800,0.997503,0,0.81994,-0.35731,49.196,-0.715,400.000,375.000,1000.000,400.000,-1,325.000,325.000,325.000,300.000,-1,-1,-1,675.000,525.000,800.000,400.000,-1,1,1,1,0,2,0,0,0,0,2,2,2,1,1,0,1,2
47,-4779.834,10375.927,-28.584,86.910,0.051700,-0.997950,-0.037725,0.996815,0.053865,-0.058815,0.060726,-0.034564,0.997556,0,0.89565,-0.24891,53.739,-0.498,350.000,375.000,975.000,400.000,-1,325.000,325.000,325.000,300.000,-1,-1,-1,700.000,525.000,800.000,350.000,-1,1,1,1,0,2,0,0,0,0,2,2,2,1,1,0,1,2
48,-4776.474,10429.634,-25.400,86.421,0.060343,-0.997528,-0.036020,0.996306,0.062399,-0.059002,0.061104,-0.032326,0.997608,0,0.89686,-0.24492,53.812,-0.490,300.000,375.000,925.000,400.000,-1,325.000,325.000,325.000,300.000,-1,-1,-1,725.000,525.000,800.000,325.000,-1,1,1,1,0,2,0,0,0,0,2,2,2,1,1,0,1,2
49,-4772.658,10483.365,-22.050,85.939,0.068865,-0.997057,-0.033677,0.995712,0.070784,-0.059565,0.061774,-0.029431,0.997656,0,0.89777,-0.24068,53.866,-0.481,250.000,375.000,875.000,400.000,-1,325.000,325.000,325.000,300.000,-1,-1,-1,725.000,525.000,775.000,275.000,-1,1,1,1,0,2,0,0,0,0,2,2,2,1,1,1,1,2
50,-4768.396,10537.098,-16.873,85.467,0.077535,-0.996683,-0.024726,0.994673,0.079021,-0.066194,0.067928,-0.019462,0.997500,0,0.89834,-0.23618,53.900,-0.472,225.000,400.000,825.000,425.000,-1,325.000,325.000,325.000,300.000,-1,-1,750.000,725.000,550.000,775.000,275.000,-1,1,0,1,0,2,0,0,0,0,2,2,0,1,1,1,1,2
51,-4763.701,10590.807,-11.907,85.004,0.086043,-0.996140,-0.017379,0.993591,0.087081,-0.072063,0.073298,-0.011068,0.997249,0,0.89854,-0.23142,53.913,-0.463,225.000,425.000,800.000,425.000,-1,350.000,350.000,350.000,300.000,-1,850.000,475.000,725.000,600.000,775.000,275.000,-1,1,0,1,0,2,0,0,0,0,2,0,0,1,1,1,1,2
52,-4758.583,10644.465,-7.266,84.551,0.094359,-0.995474,-0.011352,0.992512,0.094955,-0.076831,0.077561,-0.004017,0.996979,0,0.89835,-0.22638,53.901,-0.453,200.000,425.000,750.000,425.000,-1,350.000,350.000,350.000,300.000,-1,650.000,375.000,725.000,575.000,750.000,250.000,-1,1,0,1,0,2,0,0,0,0,2,0,0,1,1,1,1,2
53,-4753.056,10698.045,-2.975,84.109,0.102428,-0.994718,-0.006696,0.991465,0.102634,-0.080394,0.080656,0.001596,0.996741,0,0.89772,-0.22108,53.863,-0.442,175.000,450.000,725.000,450.000,-1,350.000,350.000,375.000,300.000,-1,575.000,325.000,725.000,550.000,750.000,250.000,-1,1,0,1,0,2,0,0,0,0,2,0,0,1,1,1,1,2
54,-4747.133,10751.516,0.941,83.678,0.110206,-0.993903,-0.003455,0.990477,0.110113,-0.082651,0.082528,0.005686,0.996573,0,0.89664,-0.21552,53.798,-0.431,175.000,450.000,675.000,450.000,-1,375.000,375.000,325.000,300.000,-1,550.000,300.000,725.000,500.000,775.000,250.000,-1,1,1,1,0,2,0,0,1,0,2,0,0,1,1,1,1,2
55,-4740.829,10804.849,4.462,83.259,0.117656,-0.993053,-0.001664,0.989569,0.117383,-0.083512,0.083128,0.008179,0.996505,0,0.89507,-0.20970,53.704,-0.419,150.000,400.000,625.000,450.000,-1,375.000,375.000,250.000,300.000,-1,550.000,300.000,750.000,450.000,875.000,250.000,-1,1,1,1,1,2,0,0,1,0,2,0,0,1,1,0,1,2
56,-4734.162,10858.013,7.569,82.851,0.124757,-0.992186,-0.001349,0.988759,0.124439,-0.082895,0.082415,0.009008,0.996557,0,0.89300,-0.20365,53.580,-0.407,150.000,375.000,575.000,425.000,-1,350.000,350.000,200.000,300.000,-1,575.000,325.000,775.000,400.000,850.000,250.000,-1,1,1,1,1,2,1,1,1,0,2,0,0,1,1,0,1,2
57,-4727.148,10910.975,10.246,82.457,0.131500,-0.991313,-0.002525,0.988054,0.131274,-0.080723,0.080353,0.008121,0.996733,0,0.89041,-0.19740,53.425,-0.395,150.000,325.000,525.000,375.000,-1,300.000,325.000,175.000,300.000,-1,675.000,375.000,825.000,350.000,850.000,250.000,-1,1,1,1,1,2,1,1,1,0,2,0,0,1,1,0,1,2
58,-4720.634,10959.161,12.542,82.302,0.134054,-0.990966,-0.003977,0.987899,0.133953,-0.078184,0.078011,0.006552,0.996931,0,0.81041,-0.07740,48.625,-0.155,125.000,275.000,475.000,350.000,-1,275.000,300.000,150.000,300.000,-1,825.000,450.000,850.000,325.000,825.000,250.000,-1,1,1,1,1,2,1,1,1,0,2,0,0,1,1,0,1,2
59,-4714.459,11005.353,14.773,82.387,0.132473,-0.991173,-0.005148,0.988278,0.132480,-0.075859,0.075872,0.004962,0.997105,0,0.77672,0.04260,46.603,0.085,125.000,250.000,400.000,325.000,-1,250.000,275.000,125.000,300.000,-1,975.000,500.000,900.000,275.000,550.000,225.000,-1,1,1,1,1,2,1,1,1,0,2,0,0,1,1,1,1,2
60,-4708.569,11051.407,17.156,82.712,0.126786,-0.991914,-0.005626,0.989143,0.126853,-0.074192,0.074305,0.003842,0.997228,0,0.77383,0.16260,46.430,0.325,125.000,200.000,350.000,300.000,-1,200.000,225.000,125.000,300.000,-1,-1,575.000,950.000,225.000,450.000,175.000,-1,1,1,1,1,2,1,1,1,0,2,2,0,1,1,1,1,2
61,-4703.154,11097.348,19.818,83.277,0.117017,-0.993118,-0.004944,0.990388,0.117062,-0.073678,0.073749,0.003725,0.997270,0,0.77098,0.28260,46.259,0.565,100.000,175.000,300.000,250.000,-1,175.000,200.000,100.000,300.000,-1,975.000,575.000,975.000,200.000,375.000,150.000,-1,1,1,1,1,2,1,1,1,0,2,0,0,1,1,1,1,2
62,-4698.410,11143.199,27.731,84.083,0.104834,-0.994360,0.016082,0.990877,0.103063,-0.086841,0.084694,0.025039,0.996092,0,0.76824,0.40260,46.094,0.805,100.000,150.000,275.000,250.000,-1,150.000,200.000,125.000,275.000,-1,625.000,350.000,950.000,175.000,350.000,125.000,-1,1,1,1,1,2,1,1,1,0,2,0,0,1,1,1,1,2
63,-4694.552,11188.985,43.856,85.128,0.092962,-0.993820,0.060666,0.988320,0.084715,-0.126675,0.120752,0.071733,0.990087,0,0.76564,0.52260,45.939,1.045,100.000,150.000,300.000,250.000,-1,150.000,200.000,150.000,250.000,-1,325.000,150.000,525.000,175.000,425.000,125.000,-1,1,1,1,1,2,1,1,1,0,2,0,0,0,1,1,1,2
64,5575.426,-6887.289,-210.159,-79.478,0.183355,0.982855,0.019425,-0.982486,0.182547,0.037385,0.033198,-0.025940,0.999112,1,0.00000,0.00000,45.795,1.102,-1,400.000,-1,375.000,-1,325.000,300.000,300.000,300.000,-1,475.000,550.000,-1,825.000,700.000,-1,-1,2,0,2,0,2,0,0,0,0,2,0,0,2,0,0,2,2
65,5576.285,-6892.012,-209.994,-79.686,0.179796,0.983510,0.019546,-0.983136,0.178981,0.037554,0.033436,-0.025968,0.999103,0,0.08000,-0.10392,4.800,-0.208,-1,400.000,-1,375.000,-1,325.000,300.000,300.000,300.000,-1,475.000,550.000,-1,825.000,700.000,-1,-1,2,0,2,0,2,0,0,0,0,2,0,0,2,0,0,2,2
66,5577.970,-6901.463,-209.670,-79.894,0.176244,0.984148,0.019786,-0.983765,0.175414,0.037896,0.033825,-0.026144,0.999086,0,0.16000,-0.10384,9.600,-0.208,-1,400.000,-1,375.000,-1,325.000,300.000,300.000,300.000,-1,475.000,550.000,-1,825.000,700.000,-1,-1,2,0,2,0,2,0,0,0,0,2,0,0,2,0,0,2,2
67,5580.445,-6915.648,-209.188,-80.101,0.172704,0.984768,0.020148,-0.984374,0.171849,0.038413,0.034366,-0.026467,0.999059,0,0.24000,-0.10370,14.400,-0.207,-1,400.000,-1,375.000,-1,325.000,300.000,300.000,300.000,-1,475.000,550.000,-1,825.000,700.000,-1,-1,2,0,2,0,2,0,0,0,0,2,0,0,2,0,0,2,2
68,5583.678,-6934.574,-208.550,-80.308,0.169177,0.985370,0.020635,-0.984962,0.168288,0.039106,0.035061,-0.026941,0.999022,0,0.32000,-0.10350,19.200,-0.207,-1,400.000,-1,375.000,-1,325.000,300.000,300.000,300.000,-1,475.000,550.000,-1,825.000,700.000,-1,-1,2,0,2,0,2,0,0,0,0,2,0,0,2,0,0,2,2
69,5587.633,-6958.246,-207.756,-80.515,0.165665,0.985953,0.021251,-0.985528,0.164732,0.039973,0.035911,-0.027565,0.998975,0,0.40000,-0.10326,24.000,-0.207,-1,400.000,-1,375.000,-1,325.000,300.000,300.000,300.000,-1,500.000,575.000,-1,825.000,700.000,-1,-1,2,0,2,0,2,0,0,0,0,2,0,0,2,0,0,2,2
70,5592.277,-6986.670,-206.810,-80.721,0.162170,0.986518,0.021998,-0.986072,0.161183,0.041014,0.036916,-0.028343,0.998916,0,0.48000,-0.10301,28.800,-0.206,-1,400.000,-1,375.000,-1,325.000,325.000,300.000,300.000,-1,500.000,575.000,-1,850.000,700.000,-1,-1,2,0,2,0,2,0,0,0,0,2,0,0,2,0,0,2,2
71,5597.576,-7019.849,-205.714,-80.926,0.158693,0.987063,0.022880,-0.986593,0.157639,0.042230,0.038077,-0.029275,0.998846,0,0.56000,-0.10276,33.600,-0.206,-1,400.000,-1,375.000,-1,325.000,325.000,300.000,300.000,-1,525.000,600.000,-1,850.000,700.000,-1,-1,2,0,2,0,2,0,0,0,0,2,0,0,2,0,0,2,2
72,5603.497,-7057.790,-204.471,-81.131,0.155233,0.987589,0.023901,-0.987092,0.154099,0.043618,0.039393,-0.030364,0.998762,0,0.64000,-0.10255,38.400,-0.205,-1,400.000,-1,375.000,-1,325.000,325.000,300.000,300.000,-1,525.000,600.000,-1,850.000,700.000,-1,-1,2,0,2,0,2,0,0,0,0,2,0,0,2,0,0,2,2
73,5610.004,-7100.497,-203.086,-81.336,0.151788,0.988095,0.025065,-0.987568,0.150561,0.045177,0.040865,-0.031611,0.998664,0,0.72000,-0.10243,43.200,-0.205,-1,400.000,-1,375.000,-1,325.000,325.000,300.000,300.000,-1,500.000,625.000,-1,875.000,725.000,-1,-1,2,0,2,0,2,0,0,0,0,2,0,0,2,0,0,2,2
74,5617.066,-7147.975,-201.563,-81.541,0.148357,0.988582,0.026375,-0.988021,0.147021,0.046906,0.042492,-0.033018,0.998551,0,0.80000,-0.10242,48.000,-0.205,-1,425.000,-1,375.000,-1,325.000,325.000,300.000,300.000,-1,450.000,625.000,-1,875.000,725.000,-1,-1,2,0,2,0,2,0,0,0,0,2,0,0,2,0,0,2,2
75,5624.351,-7198.191,-199.745,-81.746,0.144944,0.989023,0.028702,-0.988485,0.143469,0.048098,0.043452,-0.035343,0.998430,0,0.84569,-0.10257,50.741,-0.205,-1,425.000,-1,375.000,-1,325.000,325.000,300.000,300.000,-1,450.000,625.000,-1,900.000,725.000,-1,-1,2,0,2,0,2,0,0,0,0,2,0,0,2,0,0,2,2
76,5631.432,-7248.270,-197.806,-81.952,0.141509,0.989439,0.031381,-0.988973,0.139902,0.048569,0.043665,-0.037908,0.998327,0,0.84295,-0.10292,50.577,-0.206,-1,425.000,-1,375.000,-1,325.000,325.000,300.000,300.000,-1,450.000,650.000,-1,900.000,750.000,-1,-1,2,0,2,0,2,0,0,0,0,2,0,0,2,0,0,2,2
77,5638.311,-7298.216,-195.649,-82.159,0.137984,0.989877,0.033220,-0.989500,0.136320,0.048025,0.043010,-0.039497,0.998294,0,0.84029,-0.10346,50.418,-0.207,-1,425.000,-1,375.000,-1,325.000,325.000,300.000,300.000,-1,525.000,750.000,-1,900.000,750.000,-1,-1,2,0,2,0,2,0,0,0,0,2,0,0,2,0,0,2,2
78,5644.988,-7348.036,-193.521,-82.367,0.134431,0.990302,0.035076,-0.990017,0.132710,0.047483,0.042367,-0.041109,0.998256,0,0.83775,-0.10418,50.265,-0.208,-1,425.000,-1,375.000,-1,325.000,325.000,300.000,300.000,-1,600.000,825.000,-1,900.000,750.000,-1,-1,2,0,2,0,2,0,0,0,0,2,0,0,2,0,0,2,2
79,5651.464,-7397.737,-191.415,-82.577,0.130844,0.990715,0.036930,-0.990523,0.129068,0.046954,0.041752,-0.042724,0.998214,0,0.83535,-0.10509,50.121,-0.210,-1,425.000,-1,375.000,-1,325.000,325.000,300.000,300.000,-1,675.000,900.000,-1,900.000,750.000,-1,-1,2,0,2,0,2,0,0,0,0,2,0,0,2,0,0,2,2
80,5657.739,-7447.328,-189.329,-82.790,0.127216,0.991117,0.038780,-0.991020,0.125387,0.046439,0.041164,-0.044340,0.998168,0,0.83311,-0.10616,49.987,-0.212,-1,425.000,-1,375.000,-1,325.000,325.000,300.000,300.000,850.000,750.000,950.000,-1,900.000,775.000,-1,-1,2,0,2,0,2,0,0,0,0,1,0,0,2,0,0,2,2
81,5663.812,-7496.819,-187.263,-83.005,0.123543,0.991507,0.040628,-0.991508,0.121661,0.045937,0.040604,-0.045958,0.998118,0,0.83105,-0.10741,49.863,-0.215,-1,400.000,-1,375.000,-1,325.000,325.000,300.000,300.000,775.000,825.000,-1,-1,900.000,775.000,-1,-1,2,0,2,0,2,0,0,0,0,1,0,2,2,0,0,2,2
82,5669.685,-7546.223,-185.214,-83.222,0.119820,0.991887,0.042473,-0.991987,0.117885,0.045448,0.040072,-0.047578,0.998063,0,0.82919,-0.10881,49.751,-0.218,1000.000,400.000,-1,375.000,-1,325.000,325.000,300.000,300.000,750.000,900.000,-1,-1,900.000,775.000,-1,-1,1,0,2,0,2,0,0,0,0,1,0,2,2,0,0,2,2
83,5675.355,-7595.550,-183.180,-83.443,0.116039,0.992256,0.044315,-0.992456,0.114054,0.044971,0.039568,-0.049199,0.998005,0,0.82754,-0.11037,49.652,-0.221,950.000,425.000,-1,400.000,-1,325.000,325.000,300.000,300.000,700.000,1000.000,-1,-1,900.000,775.000,-1,-1,1,0,2,0,2,0,0,0,0,1,0,2,2,0,0,2,2
84,5680.824,-7644.814,-181.161,-83.667,0.112197,0.992613,0.046156,-0.992917,0.110162,0.044505,0.039092,-0.050822,0.997942,0,0.82610,-0.11208,49.566,-0.224,900.000,425.000,-1,400.000,-1,325.000,325.000,300.000,300.000,675.000,-1,-1,-1,900.000,775.000,-1,-1,1,0,2,0,2,0,0,0,0,1,2,2,2,0,0,2,2
85,5686.088,-7694.027,-179.154,-83.895,0.108289,0.992960,0.047994,-0.993368,0.106205,0.044052,0.038644,-0.052446,0.997876,0,0.82489,-0.11394,49.494,-0.228,875.000,425.000,-1,400.000,-1,325.000,325.000,300.000,300.000,675.000,-1,-1,-1,900.000,800.000,-1,-1,1,0,2,0,2,0,0,0,0,1,2,2,2,0,0,2,2
86,5691.148,-7743.202,-177.157,-84.127,0.104310,0.993296,0.049831,-0.993810,0.102177,0.043609,0.038225,-0.054072,0.997805,0,0.82391,-0.11593,49.435,-0.232,825.000,425.000,-1,400.000,-1,325.000,325.000,300.000,300.000,675.000,-1,-1,-1,900.000,800.000,-1,-1,1,0,2,0,2,0,0,0,0,1,2,2,2,1,0,2,2
87,5696.000,-7792.353,-175.169,-84.363,0.100256,0.993619,0.051667,-0.994242,0.098074,0.043178,0.037835,-0.055698,0.997731,0,0.82316,-0.11805,49.390,-0.236,800.000,425.000,-1,400.000,-1,325.000,325.000,300.000,300.000,675.000,-1,-1,-1,875.000,800.000,975.000,-1,1,0,2,0,2,0,0,0,0,1,2,2,2,1,0,1,2
88,5700.384,-7836.726,-173.393,-84.359,0.100356,0.993521,0.053331,-0.994253,0.098133,0.042794,0.037283,-0.057319,0.997660,0,0.74316,0.00195,44.590,0.004,775.000,425.000,-1,400.000,-1,325.000,325.000,300.000,300.000,675.000,-1,-1,-1,825.000,800.000,950.000,-1,1,0,2,0,2,0,0,0,0,1,2,2,2,1,0,1,2
89,5704.464,-7876.306,-172.038,-84.115,0.104564,0.993046,0.054097,-0.993856,0.102356,0.042105,0.036275,-0.058167,0.997648,0,0.66316,0.12195,39.790,0.244,750.000,425.000,-1,400.000,-1,325.000,325.000,300.000,300.000,675.000,-1,-1,-1,800.000,800.000,900.000,-1,1,0,2,0,2,0,0,0,0,1,2,2,2,1,0,1,2
90,5708.949,-7916.475,-170.830,-83.631,0.112896,0.992098,0.054738,-0.993002,0.110734,0.041056,0.034670,-0.058990,0.997656,0,0.67365,0.24195,40.419,0.484,725.000,425.000,-1,400.000,-1,325.000,325.000,300.000,300.000,700.000,-1,-1,-1,775.000,800.000,875.000,-1,1,0,2,0,2,0,0,0,0,1,2,2,2,1,0,1,2
91,5713.949,-7956.651,-169.742,-82.907,0.125359,0.990546,0.055716,-0.991577,0.123250,0.039808,0.032565,-0.060237,0.997653,0,0.67477,0.36195,40.486,0.724,675.000,425.000,-1,400.000,-1,325.000,325.000,300.000,300.000,700.000,-1,-1,-1,725.000,800.000,825.000,-1,1,0,2,0,2,0,0,0,0,1,2,2,2,1,0,1,2
92,5719.634,-7996.810,-168.704,-81.943,0.141929,0.988252,0.056701,-0.989417,0.139885,0.038545,0.030161,-0.061572,0.997647,0,0.67599,0.48195,40.560,0.964,650.000,425.000,-1,400.000,-1,325.000,325.000,300.000,300.000,725.000,-1,-1,-1,700.000,800.000,775.000,-1,1,0,2,0,2,0,0,0,0,1,2,2,2,1,0,1,2
93,5726.113,-8036.930,-167.723,-80.829,0.161033,0.985260,0.057712,-0.986565,0.159063,0.037269,0.027540,-0.062938,0.997637,0,0.67734,0.55714,40.640,1.114,600.000,425.000,-1,400.000,-1,325.000,325.000,300.000,300.000,750.000,-1,-1,-1,675.000,800.000,725.000,-1,1,0,2,0,2,0,0,0,0,1,2,2,2,1,0,1,2
94,5733.388,-8077.000,-166.798,-79.711,0.180125,0.981887,0.058759,-0.983329,0.178236,0.035989,0.024864,-0.064262,0.997623,0,0.67876,0.55884,40.726,1.118,575.000,425.000,975.000,400.000,-1,325.000,325.000,300.000,300.000,775.000,-1,-1,-1,650.000,775.000,700.000,-1,1,0,1,0,2,0,0,0,0,1,2,2,2,1,1,1,2
95,5741.462,-8117.002,-165.932,-78.590,0.199199,0.978130,0.059842,-0.979709,0.197397,0.034706,0.022134,-0.065541,0.997604,0,0.68017,0.56056,40.810,1.121,525.000,400.000,900.000,400.000,-1,325.000,325.000,300.000,300.000,800.000,-1,-1,-1,625.000,725.000,650.000,-1,1,0,1,0,2,0,0,0,0,1,2,2,2,1,1,1,2
96,5750.339,-8156.920,-165.128,-77.466,0.218247,0.973988,0.060955,-0.975702,0.216540,0.033422,0.019353,-0.066768,0.997581,0,0.68156,0.56232,40.893,1.125,500.000,400.000,850.000,400.000,-1,325.000,325.000,300.000,300.000,825.000,-1,-1,-1,600.000,675.000,600.000,-1,1,0,1,1,2,0,0,0,0,1,2,2,2,1,1,1,2
97,5760.018,-8196.735,-164.389,-76.337,0.237264,0.969458,0.062102,-0.971304,0.235657,0.032149,0.016532,-0.067947,0.997552,0,0.68292,0.56412,40.975,1.128,450.000,400.000,800.000,400.000,-1,325.000,325.000,300.000,300.000,875.000,-1,-1,-1,550.000,625.000,575.000,-1,1,0,1,1,2,0,0,0,0,1,2,2,2,1,1,1,2
98,5770.503,-8236.428,-163.713,-75.206,0.256244,0.964538,0.063287,-0.966515,0.254742,0.030901,0.013683,-0.069087,0.997517,0,0.68425,0.56595,41.055,1.132,425.000,400.000,725.000,375.000,-1,325.000,325.000,300.000,300.000,900.000,-1,-1,-1,525.000,600.000,525.000,-1,1,0,1,1,2,0,0,0,0,1,2,2,2,1,1,1,2
99,5781.794,-8275.980,-163.104,-74.070,0.275180,0.959226,0.064509,-0.961332,0.273788,0.029683,0.010811,-0.070183,0.997476,0,0.68555,0.56783,41.133,1.136,400.000,400.000,675.000,350.000,-1,325.000,325.000,300.000,300.000,925.000,-1,-1,-1,500.000,550.000,475.000,-1,1,1,1,1,2,0,1,0,0,1,2,2,2,1,1,1,2
100,5793.891,-8315.372,-162.564,-72.930,0.294065,0.953520,0.065762,-0.955753,0.292788,0.028500,0.007921,-0.071233,0.997428,0,0.68681,0.56976,41.208,1.140,350.000,375.000,625.000,350.000,-1,325.000,300.000,300.000,300.000,950.000,-1,-1,-1,475.000,500.000,425.000,-1,1,1,1,1,2,1,1,0,0,1,2,2,2,1,1,1,2
101,5806.795,-8354.584,-162.097,-71.787,0.312893,0.947419,0.067043,-0.949775,0.311736,0.027356,0.005018,-0.072235,0.997375,0,0.68802,0.57174,41.281,1.143,325.000,350.000,575.000,325.000,-1,300.000,275.000,300.000,300.000,975.000,-1,-1,-1,450.000,475.000,400.000,775.000,1,1,1,1,2,1,1,1,0,1,2,2,2,1,1,1,1
102,5820.504,-8393.596,-161.704,-70.639,0.331659,0.940920,0.068347,-0.943397,0.330625,0.026255,0.002106,-0.073186,0.997316,0,0.68918,0.57379,41.351,1.148,300.000,325.000,525.000,300.000,-1,275.000,275.000,275.000,300.000,-1,-1,-1,-1,400.000,425.000,350.000,625.000,1,1,1,1,2,1,1,1,0,2,2,2,2,1,1,1,1
103,5835.018,-8432.386,-161.503,-69.488,0.350378,0.934051,0.069164,-0.936608,0.349459,0.025368,-0.000475,-0.073668,0.997283,0,0.69029,0.57590,41.417,1.152,250.000,300.000,475.000,275.000,-1,250.000,250.000,275.000,300.000,-1,-1,-1,-1,375.000,400.000,300.000,525.000,1,1,1,1,2,1,1,1,0,2,2,2,2,1,1,1,1
104,5850.334,-8470.933,-161.262,-68.331,0.369112,0.926749,0.069946,-0.929383,0.368210,0.025840,-0.001808,-0.074545,0.997216,0,0.69132,0.57808,41.479,1.156,225.000,275.000,450.000,275.000,-1,250.000,225.000,275.000,300.000,-1,-1,-1,-1,350.000,350.000,275.000,425.000,1,1,1,1,2,1,1,1,0,2,2,2,2,1,1,1,1
105,5866.451,-8509.216,-158.978,-67.171,0.388225,0.918956,0.069284,-0.921558,0.386847,0.032861,0.003395,-0.076607,0.997056,0,0.69228,0.58034,41.537,1.161,200.000,275.000,425.000,250.000,-1,225.000,225.000,275.000,325.000,-1,-1,-1,-1,325.000,325.000,250.000,400.000,1,1,1,1,2,1,1,1,0,2,2,2,2,1,1,1,1
106,5883.944,-8548.794,-155.255,-66.152,0.405225,0.911988,0.063799,-0.914116,0.403157,0.043085,0.013572,-0.075779,0.997032,0,0.72120,0.50959,43.272,1.019,200.000,250.000,400.000,250.000,-1,225.000,225.000,275.000,325.000,-1,-1,-1,-1,300.000,325.000,250.000,375.000,1,1,1,1,2,1,1,1,0,2,2,2,2,1,1,1,1
107,5902.212,-8588.220,-150.926,-65.136,0.422093,0.904735,0.057370,-0.906183,0.419270,0.055180,0.025870,-0.075279,0.996827,0,0.72421,0.50767,43.453,1.015,200.000,250.000,375.000,225.000,-1,225.000,200.000,275.000,350.000,-1,-1,-1,-1,300.000,300.000,225.000,350.000,1,1,1,1,2,1,1,1,0,2,2,2,2,1,1,1,1
108,5921.250,-8627.478,-146.033,-64.125,0.438803,0.897190,0.050012,-0.897669,0.435166,0.069436,0.040534,-0.075363,0.996332,0,0.72718,0.50553,43.631,1.011,200.000,225.000,375.000,225.000,-1,200.000,200.000,275.000,350.000,-1,250.000,250.000,-1,275.000,300.000,200.000,350.000,1,1,1,1,2,1,1,1,0,2,0,0,2,1,1,1,1
109,5941.055,-8666.553,-140.531,-63.119,0.455297,0.889370,0.041544,-0.888479,0.450836,0.085741,0.057526,-0.075948,0.995451,0,0.73008,0.50316,43.805,1.006,200.000,225.000,350.000,225.000,-1,200.000,200.000,275.000,375.000,-1,150.000,175.000,-1,275.000,300.000,200.000,325.000,1,1,1,1,2,1,1,1,0,2,0,0,2,1,1,1,1
110,-8199.153,2295.762,-79.493,-142.653,-0.794645,0.606634,0.023114,-0.606490,-0.794975,0.013601,0.026626,-0.003210,0.999640,1,0.00000,0.00000,43.975,1.001,-1,375.000,-1,350.000,-1,300.000,300.000,325.000,300.000,-1,325.000,375.000,-1,650.000,600.000,-1,-1,2,0,2,0,2,0,0,0,0,2,0,0,2,0,0,2,2
111,-8202.957,2292.834,-79.379,-142.413,-0.792087,0.609958,0.023433,-0.609810,-0.792427,0.013847,0.027015,-0.003321,0.999630,0,0.08000,0.12000,4.800,0.240,-1,375.000,-1,350.000,-1,300.000,300.000,325.000,300.000,-1,325.000,375.000,-1,650.000,600.000,-1,-1,2,0,2,0,2,0,0,0,0,2,0,0,2,0,0,2,2
112,-8210.515,2286.915,-79.149,-141.933,-0.786928,0.616575,0.024068,-0.616418,-0.787288,0.014342,0.027791,-0.003549,0.999607,0,0.16000,0.24000,9.600,0.480,-1,375.000,-1,350.000,-1,300.000,300.000,325.000,300.000,-1,325.000,375.000,-1,650.000,600.000,-1,-1,2,0,2,0,2,0,0,0,0,2,0,0,2,0,0,2,2
113,-8221.745,2277.901,-78.799,-141.244,-0.779423,0.625998,0.025010,-0.625828,-0.779815,0.015095,0.028953,-0.003886,0.999573,0,0.24000,0.34456,14.400,0.689,-1,375.000,-1,350.000,-1,300.000,300.000,325.000,300.000,-1,300.000,375.000,-1,650.000,600.000,-1,-1,2,0,2,0,2,0,0,0,0,2,0,0,2,0,0,2,2
114,-8236.572,2265.702,-78.308,-140.555,-0.771793,0.635331,0.026261,-0.635140,-0.772228,0.016127,0.030526,-0.004233,0.999525,0,0.32000,0.34456,19.200,0.689,-1,375.000,-1,350.000,-1,300.000,300.000,325.000,300.000,-1,300.000,350.000,-1,675.000,625.000,-1,-1,2,0,2,0,2,0,0,0,0,2,0,0,2,0,0,2,2
115,-8254.921,2250.232,-77.670,-139.866,-0.764038,0.644572,0.027815,-0.644352,-0.764530,0.017444,0.032509,-0.004595,0.999461,0,0.40000,0.34456,24.000,0.689,-1,375.000,-1,350.000,-1,300.000,300.000,325.000,300.000,-1,275.000,350.000,-1,675.000,625.000,-1,-1,2,0,2,0,2,0,0,0,0,2,0,0,2,0,0,2,2
116,-8276.715,2231.405,-76.876,-139.177,-0.756156,0.653719,0.029663,-0.653460,-0.756721,0.019055,0.034903,-0.004976,0.999378,0,0.48000,0.34456,28.800,0.689,-1,375.000,-1,350.000,-1,300.000,300.000,325.000,300.000,-1,275.000,325.000,-1,675.000,625.000,-1,-1,2,0,2,0,2,0,0,0,0,2,0,0,2,0,0,2,2
117,-8301.875,2209.135,-75.595,-138.488,-0.748147,0.662767,0.031878,-0.662514,-0.748797,0.019459,0.036766,-0.006561,0.999302,0,0.56000,0.34456,33.600,0.689,-1,375.000,-1,350.000,-1,300.000,300.000,325.000,300.000,-1,275.000,325.000,-1,675.000,625.000,-1,-1,2,0,2,0,2,0,0,0,0,2,0,0,2,0,0,2,2
118,-8330.321,2183.340,-74.034,-137.799,-0.740009,0.671715,0.034440,-0.671480,-0.740761,0.019696,0.038742,-0.008550,0.999213,0,0.64000,0.34456,38.400,0.689,-1,375.000,-1,350.000,-1,300.000,300.000,325.000,300.000,-1,275.000,350.000,-1,700.000,625.000,-1,-1,2,0,2,0,2,0,0,0,0,2,0,0,2,0,0,2,2
119,-8361.972,2153.938,-72.233,-137.109,-0.731739,0.680561,0.037341,-0.680351,-0.732613,0.020036,0.040992,-0.010744,0.999102,0,0.72000,0.34456,43.200,0.689,-1,375.000,-1,350.000,-1,300.000,300.000,325.000,300.000,-1,275.000,350.000,-1,700.000,625.000,-1,-1,2,0,2,0,2,0,0,0,0,2,0,0,2,0,0,2,2
120,-8396.744,2120.849,-70.177,-136.420,-0.723335,0.689303,0.040583,-0.689124,-0.724354,0.020484,0.043517,-0.013150,0.998966,0,0.80000,0.34456,48.000,0.689,-1,375.000,-1,350.000,-1,300.000,300.000,325.000,300.000,-1,300.000,375.000,-1,700.000,625.000,-1,-1,2,0,2,0,2,0,0,0,0,2,0,0,2,0,0,2,2
121,-8434.553,2083.993,-67.846,-135.731,-0.714794,0.697939,0.044166,-0.697799,-0.715984,0.021050,0.046314,-0.015773,0.998802,0,0.88000,0.34456,52.800,0.689,-1,375.000,-1,350.000,-1,300.000,300.000,325.000,300.000,-1,300.000,375.000,-1,700.000,625.000,-1,-1,2,0,2,0,2,0,0,0,0,2,0,0,2,0,0,2,2
122,-8473.901,2044.702,-65.284,-135.042,-0.706103,0.706460,0.048296,-0.706388,-0.707499,0.021470,0.049337,-0.018956,0.998602,0,0.92675,0.34456,55.605,0.689,-1,375.000,-1,350.000,-1,300.000,300.000,325.000,325.000,-1,300.000,400.000,-1,700.000,625.000,-1,-1,2,0,2,0,2,0,0,0,0,2,0,0,2,0,0,2,2
123,-8512.773,2004.942,-62.647,-134.353,-0.697272,0.714864,0.052729,-0.714895,-0.698898,0.021629,0.052314,-0.022615,0.998375,0,0.92675,0.34456,55.605,0.689,-1,375.000,-1,375.000,-1,300.000,300.000,325.000,325.000,-1,325.000,400.000,-1,700.000,650.000,-1,-1,2,0,2,0,2,0,0,0,0,2,0,0,2,0,0,2,2
124,-8551.164,1964.716,-59.927,-133.664,-0.688316,0.723153,0.057189,-0.723301,-0.690187,0.021871,0.055288,-0.026311,0.998124,0,0.92675,0.34456,55.605,0.689,-1,375.000,-1,375.000,-1,300.000,300.000,325.000,325.000,-1,325.000,425.000,-1,700.000,650.000,-1,-1,2,0,2,0,2,0,0,0,0,2,0,0,2,0,0,2,2
125,-8589.068,1924.032,-57.125,-132.975,-0.679236,0.731324,0.061673,-0.731605,-0.681368,0.022197,0.058255,-0.030044,0.997850,0,0.92675,0.34456,55.605,0.689,-1,375.000,-1,375.000,-1,300.000,300.000,325.000,325.000,-1,325.000,425.000,-1,700.000,650.000,-1,-1,2,0,2,0,2,0,0,0,0,2,0,0,2,0,0,2,2
126,-8626.481,1882.895,-54.089,-132.286,-0.670093,0.739394,0.065359,-0.739789,-0.672457,0.022688,0.060727,-0.033148,0.997604,0,0.92675,0.34456,55.605,0.689,-1,375.000,-1,375.000,-1,300.000,300.000,325.000,325.000,-1,350.000,450.000,-1,700.000,675.000,-1,-1,2,0,2,0,2,0,0,0,0,2,0,0,2,0,0,2,2
127,-8663.395,1841.311,-50.657,-131.596,-0.660970,0.747383,0.067356,-0.747832,-0.663476,0.023406,0.062182,-0.034900,0.997454,0,0.92675,0.34456,55.605,0.689,-1,375.000,-1,375.000,-1,300.000,300.000,325.000,325.000,-1,375.000,500.000,-1,725.000,675.000,-1,-1,2,0,2,0,2,0,0,0,0,2,0,0,2,0,0,2,2
128,-8699.807,1799.286,-47.146,-130.907,-0.651743,0.755260,0.069378,-0.755766,-0.654396,0.024135,0.063629,-0.036704,0.997298,0,0.92675,0.34456,55.605,0.689,-1,375.000,-1,375.000,-1,300.000,300.000,325.000,325.000,-1,425.000,525.000,-1,725.000,675.000,-1,-1,2,0,2,0,2,0,0,0,0,2,0,0,2,0,0,2,2
129,-8735.711,1756.826,-43.555,-130.218,-0.642413,0.763023,0.071425,-0.763591,-0.645220,0.024876,0.065066,-0.038559,0.997136,0,0.92675,0.34456,55.605,0.689,-1,375.000,-1,375.000,-1,300.000,300.000,325.000,325.000,-1,450.000,550.000,-1,725.000,675.000,-1,-1,2,0,2,0,2,0,0,0,0,2,0,0,2,0,0,2,2
130,-8768.211,1717.775,-40.240,-129.769,-0.636245,0.768016,0.073106,-0.768628,-0.639185,0.025559,0.066358,-0.039930,0.996997,0,0.84675,0.22456,50.805,0.449,-1,375.000,-1,375.000,-1,300.000,300.000,325.000,325.000,-1,475.000,550.000,-1,725.000,700.000,-1,-1,2,0,2,0,2,0,0,0,0,2,0,0,2,0,0,2,2
131,-8797.417,1682.230,-37.244,-129.408,-0.631272,0.771994,0.074307,-0.772632,-0.634314,0.026189,0.067351,-0.040880,0.996891,0,0.76675,0.18032,46.005,0.361,-1,375.000,-1,375.000,-1,300.000,300.000,325.000,325.000,-1,475.000,550.000,-1,725.000,700.000,-1,-1,2,0,2,0,2,0,0,0,0,2,0,0,2,0,0,2,2
132,-8823.375,1650.229,-34.517,-129.048,-0.626285,0.775942,0.075374,-0.776605,-0.629419,0.026758,0.068204,-0.041778,0.996796,0,0.68675,0.18032,41.205,0.361,-1,375.000,-1,375.000,-1,300.000,300.000,325.000,325.000,-1,475.000,550.000,-1,725.000,700.000,-1,-1,2,0,2,0,2,0,0,0,0,2,0,0,2,0,0,2,2
133,-8846.130,1621.812,-32.073,-128.687,-0.621284,0.779861,0.076309,-0.780549,-0.624500,0.027264,0.068918,-0.042624,0.996711,0,0.60675,0.18032,36.405,0.361,-1,375.000,-1,375.000,-1,300.000,300.000,325.000,325.000,-1,500.000,550.000,-1,725.000,700.000,-1,-1,2,0,2,0,2,0,0,0,0,2,0,0,2,0,0,2,2
