timestep,x_cm,y_cm,z_cm,yaw_deg,basis_xx,basis_xy,basis_xz,basis_yx,basis_yy,basis_yz,basis_zx,basis_zy,basis_zz,teleport_flag,throttle_cmd,steering_cmd,cmd_move_cm,cmd_turn_deg,lidar_cm_0,lidar_cm_1,lidar_cm_2,lidar_cm_3,lidar_cm_4,lidar_cm_5,lidar_cm_6,lidar_cm_7,lidar_cm_8,lidar_cm_9,lidar_cm_10,lidar_cm_11,lidar_cm_12,lidar_cm_13,lidar_cm_14,lidar_cm_15,lidar_cm_16,lidar_class_0,lidar_class_1,lidar_class_2,lidar_class_3,lidar_class_4,lidar_class_5,lidar_class_6,lidar_class_7,lidar_class_8,lidar_class_9,lidar_class_10,lidar_class_11,lidar_class_12,lidar_class_13,lidar_class_14,lidar_class_15,lidar_class_16
0,-2293.601,4259.273,-175.703,-63.349,0.447805,0.893191,0.040980,-0.893891,0.448276,-0.002609,-0.020701,-0.035464,0.999157,1,0.08000,0.12000,4.800,0.240,-1,400.000,-1,400.000,-1,325.000,325.000,300.000,325.000,-1,-1,-1,-1,775.000,750.000,-1,-1,2,0,2,0,2,0,0,0,0,2,2,2,2,0,0,2,2
1,-2289.223,4250.730,-175.890,-62.869,0.455269,0.889406,0.041085,-0.890108,0.455743,-0.002493,-0.020942,-0.035435,0.999153,0,0.16000,0.24000,9.600,0.480,-1,400.000,-1,400.000,-1,325.000,325.000,300.000,325.000,-1,-1,-1,-1,775.000,750.000,-1,-1,2,0,2,0,2,0,0,0,0,2,2,2,2,0,0,2,2
2,-2282.496,4237.998,-176.174,-62.149,0.466404,0.883610,0.041244,-0.884315,0.466884,-0.002312,-0.021299,-0.035394,0.999146,0,0.24000,0.36000,14.400,0.720,-1,400.000,-1,400.000,-1,325.000,325.000,300.000,325.000,-1,-1,-1,-1,775.000,750.000,-1,-1,2,0,2,0,2,0,0,0,0,2,2,2,2,0,0,2,2
3,-2273.260,4221.165,-176.563,-61.247,0.480244,0.876154,0.041458,-0.876865,0.480732,-0.002060,-0.021735,-0.035364,0.999138,0,0.32000,0.45082,19.200,0.902,-1,400.000,-1,400.000,-1,325.000,325.000,300.000,325.000,-1,-1,-1,-1,775.000,750.000,-1,-1,2,0,2,0,2,0,0,0,0,2,2,2,2,0,0,2,2
4,-2261.385,4200.309,-177.062,-60.345,0.493966,0.868480,0.041726,-0.869199,0.494459,-0.001742,-0.022145,-0.035408,0.999128,0,0.40000,0.45082,24.000,0.902,-1,400.000,-1,400.000,-1,325.000,325.000,300.000,325.000,-1,-1,-1,-1,775.000,750.000,-1,-1,2,0,2,0,2,0,0,0,0,2,2,2,2,0,0,2,2
5,-2246.744,4175.508,-177.691,-59.444,0.507563,0.860589,0.042025,-0.861319,0.508063,-0.001422,-0.022574,-0.035475,0.999116,0,0.48000,0.45082,28.800,0.902,-1,400.000,-1,400.000,-1,325.000,325.000,300.000,325.000,-1,-1,-1,-1,775.000,775.000,-1,-1,2,0,2,0,2,0,0,0,0,2,2,2,2,0,0,2,2
6,-2229.209,4146.847,-178.547,-58.542,0.521028,0.852495,0.042214,-0.853222,0.521546,-0.001495,-0.023291,-0.035239,0.999107,0,0.56000,0.45082,33.600,0.902,-1,400.000,-1,400.000,-1,325.000,325.000,300.000,325.000,-1,-1,-1,-1,775.000,750.000,-1,-1,2,0,2,0,2,0,0,0,0,2,2,2,2,0,0,2,2
7,-2208.656,4114.410,-179.547,-57.641,0.534363,0.844188,0.042460,-0.844914,0.534901,-0.001561,-0.024029,-0.035041,0.999097,0,0.64000,0.45082,38.400,0.902,-1,400.000,-1,400.000,-1,325.000,325.000,300.000,325.000,-1,-1,-1,-1,775.000,750.000,-1,-1,2,0,2,0,2,0,0,0,0,2,2,2,2,0,0,2,2
8,-2184.963,4078.287,-180.695,-56.739,0.547562,0.835671,0.042779,-0.836397,0.548121,-0.001614,-0.024797,-0.034896,0.999083,0,0.72000,0.45082,43.200,0.902,-1,400.000,-1,400.000,-1,325.000,325.000,300.000,325.000,-1,-1,-1,-1,775.000,750.000,-1,-1,2,0,2,0,2,0,0,0,0,2,2,2,2,0,0,2,2
9,-2158.176,4038.457,-181.984,-56.077,0.557156,0.829284,0.043196,-0.830018,0.557734,-0.001630,-0.025443,-0.034946,0.999065,0,0.80000,0.33082,48.000,0.662,-1,400.000,-1,400.000,-1,325.000,325.000,300.000,300.000,-1,-1,-1,-1,775.000,750.000,-1,-1,2,0,2,0,2,0,0,0,0,2,2,2,2,0,0,2,2
10,-2129.240,3996.111,-183.385,-55.656,0.563220,0.825151,0.043689,-0.825898,0.563818,-0.001657,-0.025999,-0.035149,0.999044,0,0.85481,0.21082,51.289,0.422,-1,400.000,-1,400.000,-1,325.000,325.000,300.000,300.000,-1,-1,-1,-1,750.000,750.000,-1,-1,2,0,2,0,2,0,0,0,0,2,2,2,2,0,0,2,2
11,-2100.171,3953.856,-184.800,-55.474,0.565809,0.823349,0.044231,-0.824113,0.566424,-0.001674,-0.026431,-0.035504,0.999020,0,0.85481,0.09082,51.289,0.182,-1,400.000,-1,400.000,-1,325.000,325.000,300.000,300.000,-1,-1,-1,-1,750.000,750.000,-1,-1,2,0,2,0,2,0,0,0,0,2,2,2,2,0,0,2,2
12,-2071.144,3911.571,-186.201,-55.532,0.564946,0.823908,0.044846,-0.824697,0.565573,-0.001593,-0.026676,-0.036085,0.998993,0,0.85481,-0.02918,51.289,-0.058,-1,400.000,-1,400.000,-1,325.000,325.000,300.000,300.000,-1,-1,-1,-1,750.000,750.000,-1,-1,2,0,2,0,2,0,0,0,0,2,2,2,2,0,0,2,2
13,-2042.338,3869.136,-187.585,-55.831,0.560623,0.826818,0.045540,-0.827639,0.561259,-0.001422,-0.026735,-0.036894,0.998962,0,0.85481,-0.14918,51.289,-0.298,-1,400.000,-1,400.000,-1,325.000,325.000,300.000,300.000,-1,-1,-1,-1,750.000,750.000,-1,-1,2,0,2,0,2,0,0,0,0,2,2,2,2,0,0,2,2
14,-2013.932,3826.432,-188.924,-56.369,0.552802,0.832026,0.046298,-0.832884,0.553446,-0.001319,-0.026720,-0.037832,0.998927,0,0.85481,-0.26918,51.289,-0.538,-1,400.000,-1,400.000,-1,325.000,325.000,300.000,300.000,-1,-1,-1,-1,725.000,750.000,-1,-1,2,0,2,0,2,0,0,0,0,2,2,2,2,0,0,2,2
15,-1986.108,3783.347,-190.191,-57.147,0.541420,0.839436,0.047035,-0.840331,0.542072,-0.001328,-0.026612,-0.038806,0.998892,0,0.85481,-0.38918,51.289,-0.778,-1,375.000,-1,400.000,-1,325.000,325.000,300.000,300.000,-1,-1,-1,-1,725.000,750.000,-1,-1,2,0,2,0,2,0,0,0,0,2,2,2,2,0,0,2,2
16,-1958.995,3739.810,-191.411,-58.088,0.527545,0.848183,0.047780,-0.849118,0.528201,-0.001321,-0.026358,-0.039874,0.998857,0,0.85481,-0.47015,51.289,-0.940,-1,375.000,-1,375.000,-1,325.000,325.000,300.000,300.000,-1,-1,-1,-1,725.000,750.000,-1,-1,2,0,2,0,2,0,0,0,0,2,2,2,2,0,0,2,2
17,-1932.601,3695.835,-192.486,-59.028,0.513553,0.856713,0.048024,-0.857671,0.514197,-0.001231,-0.025748,-0.040556,0.998845,0,0.85481,-0.47015,51.289,-0.940,-1,375.000,-1,375.000,-1,325.000,325.000,300.000,300.000,-1,-1,-1,-1,725.000,750.000,-1,-1,2,0,2,0,2,0,0,0,0,2,2,2,2,0,0,2,2
18,-1906.932,3651.432,-193.592,-59.968,0.499446,0.865023,0.047842,-0.865989,0.500061,-0.001046,-0.024829,-0.040908,0.998854,0,0.85481,-0.47015,51.289,-0.940,-1,375.000,-1,375.000,-1,325.000,325.000,300.000,300.000,-1,-1,-1,-1,700.000,750.000,-1,-1,2,0,2,0,2,0,0,0,0,2,2,2,2,0,0,2,2
19,-1881.995,3606.613,-194.705,-60.909,0.485220,0.873109,0.047349,-0.874072,0.485796,-0.000765,-0.023670,-0.041015,0.998878,0,0.85481,-0.47015,51.289,-0.940,-1,375.000,-1,375.000,-1,325.000,325.000,300.000,300.000,-1,-1,-1,-1,700.000,750.000,-1,-1,2,0,2,0,2,0,0,0,0,2,2,2,2,0,0,2,2
20,-1857.797,3561.392,-195.768,-61.849,0.470867,0.880961,0.046815,-0.881919,0.471402,-0.000424,-0.022443,-0.041087,0.998903,0,0.85481,-0.47015,51.289,-0.940,-1,375.000,-1,400.000,-1,325.000,325.000,300.000,300.000,-1,-1,-1,-1,700.000,750.000,-1,-1,2,0,2,0,2,0,0,0,0,2,2,2,2,0,0,2,2
21,-1834.285,3515.683,-196.785,-62.779,0.456553,0.888493,0.046246,-0.889444,0.457043,-0.000022,-0.021156,-0.041123,0.998930,0,0.85669,-0.46490,51.402,-0.930,-1,375.000,-1,400.000,-1,325.000,325.000,300.000,300.000,-1,-1,-1,-1,700.000,750.000,-1,-1,2,0,2,0,2,0,0,0,0,2,2,2,2,0,0,2,2
22,-1811.432,3469.462,-197.756,-63.691,0.442400,0.895655,0.045645,-0.896599,0.442843,0.000442,-0.019818,-0.041121,0.998958,0,0.85935,-0.45600,51.561,-0.912,-1,375.000,-1,400.000,-1,325.000,325.000,325.000,300.000,-1,-1,-1,-1,725.000,750.000,-1,-1,2,0,2,0,2,0,0,0,0,2,2,2,2,0,0,2,2
23,-1789.252,3422.783,-198.684,-64.585,0.428414,0.902461,0.045015,-0.903395,0.428809,0.000967,-0.018430,-0.041081,0.998986,0,0.86135,-0.44722,51.681,-0.894,-1,375.000,-1,400.000,-1,325.000,325.000,325.000,300.000,-1,-1,-1,-1,725.000,775.000,-1,-1,2,0,2,0,2,0,0,0,0,2,2,2,2,0,0,2,2
24,-1767.755,3375.695,-199.591,-65.462,0.414601,0.908926,0.044255,-0.909846,0.414944,0.001580,-0.016928,-0.040920,0.999019,0,0.86271,-0.43864,51.763,-0.877,-1,375.000,-1,400.000,-1,325.000,325.000,325.000,300.000,-1,-1,-1,-1,725.000,775.000,-1,-1,2,0,2,0,2,0,0,0,0,2,2,2,2,0,0,2,2
25,-1746.952,3328.246,-200.483,-66.325,0.400923,0.915081,0.043454,-0.915981,0.401216,0.002116,-0.015498,-0.040652,0.999053,0,0.86348,-0.43134,51.809,-0.863,-1,375.000,-1,400.000,-1,325.000,325.000,325.000,300.000,-1,-1,-1,-1,725.000,775.000,-1,-1,2,0,2,0,2,0,0,0,0,2,2,2,2,0,0,2,2
26,-1726.850,3280.482,-201.373,-67.175,0.387351,0.920948,0.042576,-0.921823,0.387603,0.002514,-0.014187,-0.040222,0.999090,0,0.86369,-0.42503,51.822,-0.850,-1,375.000,-1,400.000,-1,325.000,325.000,300.000,300.000,-1,-1,-1,-1,725.000,775.000,-1,-1,2,0,2,0,2,0,0,0,0,2,2,2,2,0,0,2,2
27,-1709.072,3236.950,-202.136,-67.785,0.377566,0.925039,0.041789,-0.925890,0.377782,0.002894,-0.013110,-0.039785,0.999122,0,0.78369,-0.30503,47.022,-0.610,-1,375.000,-1,400.000,-1,325.000,325.000,300.000,300.000,-1,-1,-1,-1,725.000,800.000,-1,-1,2,0,2,0,2,0,0,0,0,2,2,2,2,0,0,2,2
28,-1691.701,3193.618,-202.827,-68.155,0.371618,0.927483,0.040935,-0.928304,0.371809,0.003140,-0.012308,-0.039167,0.999157,0,0.77808,-0.18503,46.685,-0.370,-1,375.000,-1,400.000,-1,325.000,325.000,300.000,300.000,-1,-1,-1,-1,725.000,800.000,-1,-1,2,0,2,0,2,0,0,0,0,2,2,2,2,0,0,2,2
29,-1674.443,3150.281,-203.437,-68.285,0.369538,0.928356,0.039971,-0.929140,0.369715,0.003136,-0.011866,-0.038297,0.999196,0,0.77745,-0.06503,46.647,-0.130,-1,375.000,-1,400.000,-1,325.000,325.000,300.000,300.000,-1,-1,-1,-1,725.000,800.000,-1,-1,2,0,2,0,2,0,0,0,0,2,2,2,2,0,0,2,2
30,-1657.116,3107.014,-204.081,-68.175,0.371331,0.927669,0.039301,-0.928426,0.371505,0.003032,-0.011788,-0.037614,0.999223,0,0.77679,0.05497,46.607,0.110,-1,375.000,-1,400.000,-1,325.000,325.000,300.000,300.000,-1,-1,-1,-1,725.000,800.000,-1,-1,2,0,2,0,2,0,0,0,0,2,2,2,2,0,0,2,2
31,-1639.540,3063.889,-204.703,-67.825,0.377000,0.925408,0.038622,-0.926138,0.377175,0.002928,-0.011857,-0.036873,0.999250,0,0.77616,0.17497,46.570,0.350,-1,375.000,-1,400.000,-1,325.000,325.000,300.000,300.000,-1,-1,-1,-1,725.000,800.000,-1,-1,2,0,2,0,2,0,0,0,0,2,2,2,2,0,0,2,2
32,-1621.533,3020.977,-205.310,-67.235,0.386516,0.921502,0.037938,-0.922204,0.386694,0.002829,-0.012063,-0.036080,0.999276,0,0.77562,0.29497,46.537,0.590,-1,375.000,-1,400.000,-1,325.000,325.000,300.000,300.000,-1,-1,-1,-1,725.000,800.000,-1,-1,2,0,2,0,2,0,0,0,0,2,2,2,2,0,0,2,2
33,-1602.916,2978.353,-205.909,-66.405,0.399831,0.915832,0.037257,-0.916505,0.400013,0.002741,-0.012393,-0.035243,0.999302,0,0.77520,0.41497,46.512,0.830,-1,375.000,-1,400.000,-1,325.000,325.000,300.000,300.000,-1,-1,-1,-1,725.000,800.000,-1,-1,2,0,2,0,2,0,0,0,0,2,2,2,2,0,0,2,2
34,-1583.593,2936.063,-206.503,-65.443,0.415159,0.909013,0.036584,-0.909659,0.415347,0.002669,-0.012769,-0.034386,0.999327,0,0.77493,0.48105,46.496,0.962,-1,375.000,-1,400.000,-1,325.000,325.000,300.000,300.000,-1,-1,-1,-1,725.000,800.000,-1,-1,2,0,2,0,2,0,0,0,0,2,2,2,2,0,0,2,2
35,-1563.565,2894.114,-207.094,-64.477,0.430435,0.901906,0.035918,-0.902526,0.430627,0.002613,-0.013110,-0.033542,0.999351,0,0.77476,0.48306,46.485,0.966,-1,375.000,-1,400.000,-1,325.000,325.000,300.000,300.000,-1,-1,-1,-1,725.000,800.000,-1,-1,2,0,2,0,2,0,0,0,0,2,2,2,2,0,0,2,2
36,-1542.228,2851.182,-207.680,-63.573,0.444625,0.895022,0.035272,-0.895618,0.444816,0.002651,-0.013317,-0.032769,0.999374,0,0.79903,0.45206,47.942,0.904,-1,375.000,-1,400.000,-1,325.000,325.000,300.000,300.000,-1,-1,-1,-1,725.000,825.000,-1,-1,2,0,2,0,2,0,0,0,0,2,2,2,2,0,0,2,2
37,-1520.057,2808.280,-208.255,-62.670,0.458690,0.887921,0.034635,-0.888494,0.458880,0.002731,-0.013468,-0.032026,0.999396,0,0.80488,0.45157,48.293,0.903,-1,375.000,-1,400.000,-1,325.000,325.000,300.000,325.000,-1,-1,-1,-1,725.000,825.000,-1,-1,2,0,2,0,2,0,0,0,0,2,2,2,2,0,0,2,2
38,-1497.049,2765.426,-208.857,-61.769,0.472622,0.880616,0.033830,-0.881163,0.472805,0.002870,-0.013467,-0.031167,0.999423,0,0.81066,0.45072,48.640,0.901,-1,375.000,-1,400.000,-1,325.000,325.000,300.000,325.000,-1,-1,-1,-1,725.000,825.000,-1,-1,2,0,2,0,2,0,0,0,0,2,2,2,2,0,1,2,2
39,-1473.205,2722.639,-209.500,-60.870,0.486406,0.873117,0.032789,-0.873632,0.486578,0.003071,-0.013273,-0.030139,0.999458,0,0.81637,0.44947,48.982,0.899,-1,375.000,-1,400.000,-1,325.000,325.000,300.000,325.000,-1,-1,-1,-1,725.000,800.000,-1,-1,2,0,2,0,2,0,0,0,0,2,2,2,2,0,1,2,2
40,-1448.526,2679.939,-210.218,-59.974,0.500017,0.865439,0.031595,-0.865913,0.500186,0.002890,-0.013302,-0.028804,0.999497,0,0.82199,0.44782,49.319,0.896,-1,375.000,-1,400.000,-1,325.000,325.000,300.000,325.000,-1,-1,-1,-1,725.000,775.000,-1,-1,2,0,2,0,2,0,0,0,0,2,2,2,2,0,1,2,2
41,-1423.017,2637.343,-211.031,-59.083,0.513439,0.857594,0.030231,-0.858018,0.513615,0.002221,-0.013622,-0.027079,0.999540,0,0.82749,0.44573,49.650,0.891,-1,375.000,-1,400.000,-1,325.000,325.000,300.000,300.000,-1,-1,-1,-1,725.000,750.000,-1,-1,2,0,2,0,2,0,0,0,0,2,2,2,2,0,1,2,2
42,-1396.681,2594.874,-211.833,-58.196,0.526662,0.849584,0.028885,-0.849961,0.526844,0.001525,-0.013922,-0.025354,0.999582,0,0.83287,0.44320,49.972,0.886,-1,375.000,-1,400.000,-1,325.000,325.000,300.000,300.000,-1,-1,-1,-1,750.000,725.000,-1,975.000,2,0,2,0,2,0,0,0,0,2,2,2,2,0,1,2,1
43,-1368.208,2550.093,-212.621,-57.550,0.536239,0.843626,0.027258,-0.843951,0.536420,0.000786,-0.013959,-0.023426,0.999628,0,0.88445,0.32320,53.067,0.646,-1,375.000,-1,400.000,-1,325.000,325.000,300.000,300.000,-1,-1,-1,-1,750.000,700.000,-1,925.000,2,0,2,0,2,0,0,0,0,2,2,2,2,0,1,2,1
44,-1339.246,2505.249,-213.404,-57.143,0.542241,0.839834,0.025576,-0.840112,0.542413,0.000263,-0.013652,-0.021630,0.999673,0,0.88972,0.20320,53.383,0.406,-1,400.000,-1,400.000,-1,325.000,325.000,300.000,300.000,-1,-1,-1,-1,750.000,675.000,-1,850.000,2,0,2,0,2,0,0,0,0,2,2,2,2,0,1,2,1
45,-1309.988,2460.234,-214.179,-56.977,0.544709,0.838284,0.023924,-0.838522,0.544868,-0.000187,-0.013193,-0.019959,0.999714,0,0.89481,0.08320,53.688,0.166,-1,400.000,-1,400.000,975.000,325.000,325.000,325.000,300.000,-1,-1,-1,-1,750.000,650.000,-1,800.000,2,0,2,0,1,0,0,0,0,2,2,2,2,0,1,2,1
46,-1280.626,2414.932,-214.956,-57.051,0.543657,0.839007,0.022455,-0.839210,0.543806,-0.000681,-0.012782,-0.018475,0.999748,0,0.89975,-0.03680,53.985,-0.074,-1,400.000,-1,400.000,875.000,325.000,325.000,325.000,300.000,-1,-1,-1,-1,750.000,625.000,-1,750.000,2,0,2,0,1,0,0,0,0,2,2,2,2,0,1,2,1
47,-1251.354,2369.225,-215.923,-57.364,0.539053,0.841978,0.022242,-0.842170,0.539211,-0.001328,-0.013111,-0.018016,0.999752,0,0.90461,-0.15680,54.276,-0.314,-1,400.000,-1,400.000,800.000,325.000,325.000,300.000,300.000,-1,-1,-1,-1,750.000,575.000,-1,675.000,2,0,2,0,1,0,0,0,0,2,2,2,2,0,1,2,1
48,-1222.372,2322.991,-216.846,-57.918,0.530885,0.847153,0.022171,-0.847336,0.531053,-0.002037,-0.013500,-0.017705,0.999752,0,0.90946,-0.27680,54.567,-0.554,-1,400.000,-1,400.000,725.000,325.000,325.000,300.000,300.000,-1,-1,-1,-1,750.000,550.000,-1,625.000,2,0,2,0,1,0,0,0,0,2,2,2,2,1,1,2,1
49,-1193.878,2276.107,-217.735,-58.711,0.519092,0.854431,0.022161,-0.854605,0.519271,-0.002819,-0.013916,-0.017476,0.999750,0,0.91439,-0.39680,54.863,-0.794,-1,400.000,-1,375.000,675.000,325.000,325.000,300.000,300.000,-1,-1,-1,-1,750.000,525.000,-1,575.000,2,0,2,1,1,0,0,0,0,2,2,2,2,1,1,2,1
50,-1166.081,2228.451,-218.586,-59.745,0.503583,0.863661,0.022196,-0.863827,0.503775,-0.003692,-0.014371,-0.017314,0.999747,0,0.91951,-0.51680,55.171,-1.034,-1,400.000,-1,350.000,600.000,325.000,325.000,300.000,300.000,-1,-1,-1,-1,750.000,475.000,-1,525.000,2,0,2,1,1,0,0,0,0,2,2,2,2,1,1,2,1
51,-1139.191,2179.903,-219.393,-61.019,0.484249,0.874647,0.022255,-0.874804,0.484455,-0.004677,-0.014872,-0.017204,0.999741,0,0.92494,-0.63680,55.497,-1.274,-1,400.000,-1,325.000,550.000,325.000,325.000,300.000,300.000,-1,-1,-1,-1,750.000,450.000,-1,475.000,2,0,2,1,1,0,1,0,0,2,2,2,2,1,1,2,1
52,-1113.431,2130.350,-220.153,-62.532,0.460962,0.887140,0.022316,-0.887286,0.461183,-0.005793,-0.015431,-0.017130,0.999734,0,0.93082,-0.75680,55.849,-1.514,-1,400.000,-1,300.000,475.000,325.000,300.000,300.000,325.000,-1,-1,-1,-1,750.000,400.000,-1,425.000,2,1,2,1,1,1,1,0,0,2,2,2,2,1,1,2,1
53,-1089.031,2079.683,-221.019,-64.286,0.433599,0.900847,0.021613,-0.900971,0.433824,-0.006894,-0.015587,-0.016483,0.999743,0,0.93728,-0.87680,56.237,-1.754,-1,375.000,-1,275.000,425.000,300.000,275.000,300.000,300.000,-1,-1,-1,-1,750.000,375.000,-1,375.000,2,1,2,1,1,1,1,0,0,2,2,2,2,1,1,2,1
54,-1066.165,2027.831,-221.329,-66.203,0.403219,0.914851,0.021508,-0.914986,0.403433,-0.006542,-0.014662,-0.017042,0.999747,0,0.94448,-0.95882,56.669,-1.918,-1,350.000,-1,250.000,375.000,275.000,250.000,300.000,325.000,-1,-1,-1,-1,775.000,350.000,-1,325.000,2,1,2,1,1,1,1,0,0,2,2,2,2,1,1,2,1
55,-1044.877,1974.792,-219.276,-68.133,0.372274,0.927734,0.026870,-0.928097,0.372323,0.003351,-0.006895,-0.026185,0.999633,0,0.95253,-0.96489,57.152,-1.930,-1,350.000,-1,250.000,400.000,275.000,225.000,300.000,350.000,-1,-1,-1,-1,850.000,325.000,-1,325.000,2,1,2,1,1,1,1,0,0,2,2,2,2,0,1,2,1
56,-1025.216,1920.561,-217.069,-70.076,0.340806,0.939548,0.033169,-0.940133,0.340551,0.013237,0.001141,-0.035695,0.999362,0,0.96142,-0.97158,57.685,-1.943,-1,350.000,-1,225.000,450.000,250.000,225.000,275.000,375.000,-1,-1,-1,-1,900.000,300.000,-1,325.000,2,1,2,1,1,1,1,0,0,2,2,2,2,1,1,2,1
57,-1008.557,1869.964,-215.140,-71.779,0.313069,0.948873,0.040343,-0.949684,0.312350,0.023203,0.009416,-0.045578,0.998916,0,0.88781,-0.85158,53.269,-1.703,-1,325.000,-1,225.000,525.000,250.000,200.000,275.000,400.000,-1,650.000,750.000,-1,850.000,300.000,-1,325.000,2,1,2,1,1,1,1,0,1,2,0,0,2,1,1,2,1
58,-993.030,1818.401,-211.488,-73.243,0.289369,0.956362,0.040458,-0.956920,0.287966,0.037143,0.023872,-0.049463,0.998491,0,0.89748,-0.73158,53.849,-1.463,-1,350.000,-1,225.000,-1,250.000,200.000,300.000,425.000,-1,250.000,375.000,-1,825.000,300.000,-1,350.000,2,1,2,1,2,1,1,0,1,2,0,0,2,1,1,2,1
59,-2951.691,983.898,-201.534,-74.769,0.262088,0.964721,0.024955,-0.964602,0.262663,-0.023460,-0.029187,-0.017923,0.999413,1,0.00000,0.00000,54.312,-1.223,-1,375.000,-1,400.000,-1,325.000,325.000,300.000,300.000,-1,-1,-1,600.000,725.000,725.000,-1,-1,2,0,2,0,2,0,0,0,0,2,2,2,1,0,0,2,2
60,-2950.433,979.266,-201.669,-74.800,0.261577,0.964861,0.024934,-0.964742,0.262151,-0.023454,-0.029166,-0.017920,0.999414,0,0.08000,-0.01522,4.800,-0.030,-1,375.000,-1,400.000,-1,325.000,325.000,300.000,300.000,-1,-1,-1,600.000,725.000,725.000,-1,-1,2,0,2,0,2,0,0,0,0,2,2,2,1,0,0,2,2
61,-2947.921,970.001,-201.940,-74.829,0.261083,0.964995,0.024895,-0.964877,0.261655,-0.023441,-0.029135,-0.017900,0.999415,0,0.16000,-0.01470,9.600,-0.029,-1,375.000,-1,400.000,-1,325.000,325.000,300.000,300.000,-1,-1,-1,600.000,725.000,725.000,-1,-1,2,0,2,0,2,0,0,0,0,2,2,2,1,0,0,2,2
62,-2944.159,956.101,-202.346,-74.857,0.260625,0.965121,0.024835,-0.965002,0.261195,-0.023421,-0.029091,-0.017862,0.999417,0,0.24000,-0.01366,14.400,-0.027,-1,375.000,-1,400.000,-1,325.000,325.000,300.000,300.000,-1,-1,-1,625.000,725.000,725.000,-1,-1,2,0,2,0,2,0,0,0,0,2,2,2,1,0,0,2,2
63,-2939.151,937.565,-202.885,-74.881,0.260220,0.965232,0.024756,-0.965113,0.260788,-0.023390,-0.029033,-0.017806,0.999420,0,0.32000,-0.01209,19.200,-0.024,-1,375.000,-1,400.000,-1,325.000,325.000,300.000,300.000,-1,-1,-1,625.000,725.000,725.000,-1,-1,2,0,2,0,2,0,0,0,0,2,2,2,1,0,0,2,2
64,-2932.899,914.394,-203.558,-74.901,0.259888,0.965324,0.024656,-0.965204,0.260452,-0.023346,-0.028958,-0.017731,0.999423,0,0.40000,-0.00999,24.000,-0.020,-1,375.000,-1,400.000,-1,325.000,325.000,300.000,300.000,-1,-1,-1,650.000,725.000,725.000,-1,-1,2,0,2,0,2,0,0,0,0,2,2,2,1,0,0,2,2
65,-2925.404,886.586,-204.363,-74.915,0.259646,0.965392,0.024536,-0.965272,0.260206,-0.023283,-0.028862,-0.017638,0.999428,0,0.48000,-0.00732,28.800,-0.015,-1,375.000,-1,400.000,-1,325.000,325.000,300.000,300.000,-1,-1,-1,650.000,700.000,725.000,-1,-1,2,0,2,0,2,0,0,0,0,2,2,2,1,0,0,2,2
66,-2916.664,854.143,-205.299,-74.923,0.259515,0.965431,0.024394,-0.965311,0.260069,-0.023198,-0.028740,-0.017527,0.999433,0,0.56000,-0.00409,33.600,-0.008,-1,375.000,-1,375.000,-1,325.000,325.000,300.000,300.000,-1,-1,-1,675.000,700.000,725.000,-1,-1,2,0,2,0,2,0,0,0,0,2,2,2,1,0,0,2,2
67,-2906.677,817.064,-206.364,-74.924,0.259513,0.965436,0.024229,-0.965316,0.260061,-0.023085,-0.028588,-0.017398,0.999440,0,0.64000,-0.00025,38.400,-0.001,-1,375.000,-1,375.000,-1,325.000,325.000,300.000,300.000,-1,-1,-1,700.000,700.000,725.000,-1,-1,2,0,2,0,2,0,0,0,0,2,2,2,1,0,0,2,2
68,-2895.434,775.353,-207.558,-74.916,0.259663,0.965400,0.024041,-0.965282,0.260203,-0.022936,-0.028399,-0.017251,0.999448,0,0.72000,0.00420,43.200,0.008,-1,375.000,-1,375.000,-1,325.000,325.000,300.000,300.000,-1,-1,-1,725.000,700.000,725.000,-1,-1,2,0,2,0,2,0,0,0,0,2,2,2,1,0,0,2,2
69,-2882.928,729.011,-208.890,-74.897,0.259989,0.965319,0.023778,-0.965202,0.260517,-0.022723,-0.028130,-0.017043,0.999459,0,0.80000,0.00929,48.000,0.019,-1,375.000,-1,375.000,-1,300.000,325.000,300.000,300.000,-1,-1,-1,750.000,700.000,725.000,-1,-1,2,0,2,0,2,0,0,0,0,2,2,2,1,0,0,2,2
70,-2869.712,680.144,-210.254,-74.867,0.260514,0.965183,0.023526,-0.965079,0.261024,-0.022092,-0.027464,-0.016949,0.999479,0,0.84371,0.01505,50.623,0.030,-1,375.000,-1,375.000,-1,300.000,325.000,300.000,300.000,-1,-1,-1,800.000,700.000,725.000,-1,-1,2,0,2,0,2,0,0,0,0,2,2,2,1,0,0,2,2
71,-2856.415,631.119,-211.539,-74.824,0.261245,0.964987,0.023490,-0.964907,0.261739,-0.021166,-0.026573,-0.017136,0.999500,0,0.84659,0.02124,50.796,0.042,-1,375.000,-1,375.000,-1,300.000,300.000,300.000,325.000,-1,-1,-1,825.000,700.000,725.000,-1,-1,2,0,2,0,2,0,0,0,0,2,2,2,1,0,0,2,2
72,-2843.021,581.927,-212.798,-74.769,0.262190,0.964732,0.023411,-0.964673,0.262666,-0.020297,-0.025731,-0.017262,0.999520,0,0.84973,0.02755,50.984,0.055,-1,375.000,-1,375.000,-1,300.000,300.000,300.000,325.000,-1,-1,-1,875.000,700.000,725.000,-1,-1,2,0,2,0,2,0,0,0,0,2,2,2,1,0,0,2,2
73,-2829.516,532.554,-213.918,-74.701,0.263370,0.964426,0.022760,-0.964381,0.263813,-0.019297,-0.024614,-0.016867,0.999555,0,0.85311,0.03399,51.187,0.068,-1,375.000,-1,375.000,-1,300.000,325.000,300.000,325.000,-1,-1,-1,925.000,700.000,725.000,-1,-1,2,0,2,0,2,0,0,0,0,2,2,2,1,0,0,2,2
74,-2817.411,487.775,-214.887,-74.873,0.260508,0.965221,0.022017,-0.965187,0.260918,-0.018339,-0.023445,-0.016474,0.999589,0,0.77311,-0.08601,46.387,-0.172,-1,375.000,-1,375.000,-1,300.000,325.000,300.000,325.000,-1,-1,-1,975.000,700.000,725.000,-1,-1,2,0,2,0,2,0,0,0,0,2,2,2,1,0,0,2,2
75,-2805.123,440.983,-215.878,-75.285,0.253596,0.967077,0.021238,-0.967056,0.253971,-0.017348,-0.022171,-0.016139,0.999624,0,0.80630,-0.20601,48.378,-0.412,-1,375.000,-1,375.000,-1,300.000,325.000,300.000,325.000,-1,-1,-1,1000.000,700.000,725.000,-1,-1,2,0,2,0,2,0,0,0,0,2,2,2,1,0,0,2,2
76,-2793.380,394.101,-216.845,-75.937,0.242608,0.969909,0.020463,-0.969901,0.242951,-0.016366,-0.020845,-0.015877,0.999657,0,0.80552,-0.32601,48.331,-0.652,-1,375.000,-1,375.000,-1,325.000,325.000,300.000,325.000,-1,-1,-1,-1,700.000,725.000,-1,-1,2,0,2,0,2,0,0,0,0,2,2,2,2,0,0,2,2
77,-2782.370,347.116,-217.790,-76.812,0.227813,0.973506,0.019688,-0.973510,0.228126,-0.015412,-0.019495,-0.015656,0.999687,0,0.80430,-0.43709,48.258,-0.874,-1,375.000,-1,375.000,-1,325.000,325.000,300.000,325.000,-1,-1,-1,-1,700.000,725.000,-1,-1,2,0,2,0,2,0,0,0,0,2,2,2,2,0,0,2,2
78,-2772.096,300.066,-218.710,-77.682,0.213031,0.976862,0.018936,-0.976877,0.213314,-0.014461,-0.018166,-0.015417,0.999716,0,0.80264,-0.43514,48.159,-0.870,-1,375.000,-1,375.000,-1,325.000,325.000,325.000,325.000,-1,-1,1000.000,-1,700.000,725.000,-1,-1,2,0,2,0,2,0,0,0,0,2,2,0,2,0,0,2,2
79,-2762.557,252.976,-219.605,-78.549,0.198253,0.979982,0.018208,-0.980006,0.198509,-0.013514,-0.016858,-0.015165,0.999743,0,0.80078,-0.43349,48.047,-0.867,-1,375.000,-1,375.000,-1,325.000,325.000,325.000,300.000,-1,975.000,900.000,-1,700.000,725.000,-1,-1,2,0,2,0,2,0,0,0,0,2,0,0,2,0,0,2,2
80,-2753.752,205.868,-220.477,-79.413,0.183474,0.982869,0.017504,-0.982901,0.183704,-0.012572,-0.015572,-0.014899,0.999768,0,0.79873,-0.43217,47.924,-0.864,-1,375.000,-1,375.000,-1,325.000,325.000,325.000,300.000,-1,925.000,850.000,-1,700.000,725.000,-1,-1,2,0,2,0,2,0,0,0,0,2,0,0,2,0,0,2,2
81,-2745.680,158.762,-221.325,-80.276,0.168686,0.985526,0.016825,-0.985566,0.168892,-0.011634,-0.014308,-0.014620,0.999791,0,0.79654,-0.43117,47.792,-0.862,-1,375.000,-1,375.000,-1,325.000,325.000,300.000,300.000,-1,875.000,775.000,-1,700.000,725.000,-1,-1,2,0,2,0,2,0,0,0,0,2,0,0,2,0,0,2,2
82,-2738.337,111.676,-222.151,-81.137,0.153882,0.987957,0.016171,-0.988003,0.154064,-0.010703,-0.013066,-0.014330,0.999812,0,0.79425,-0.43050,47.655,-0.861,-1,375.000,-1,375.000,-1,300.000,325.000,300.000,300.000,-1,825.000,750.000,-1,700.000,725.000,-1,-1,2,0,2,0,2,0,0,0,0,2,0,0,2,0,0,2,2
83,-2731.722,64.626,-222.957,-81.997,0.139053,0.990163,0.015542,-0.990214,0.139214,-0.009779,-0.011847,-0.014030,0.999831,0,0.79189,-0.43015,47.513,-0.860,-1,375.000,-1,375.000,-1,300.000,300.000,300.000,300.000,-1,800.000,700.000,-1,700.000,725.000,-1,-1,2,0,2,0,2,0,0,0,0,2,0,0,2,0,0,2,2
84,-2725.832,17.623,-223.644,-82.857,0.124187,0.992141,0.015318,-0.992200,0.124332,-0.008941,-0.010775,-0.014088,0.999843,0,0.78951,-0.43012,47.371,-0.860,-1,375.000,-1,375.000,-1,300.000,300.000,300.000,300.000,-1,775.000,700.000,-1,700.000,725.000,-1,-1,2,0,2,0,2,0,0,0,0,2,0,0,2,0,0,2,2
85,-2720.664,-29.323,-224.086,-83.718,0.109278,0.993887,0.015725,-0.993965,0.109411,-0.007897,-0.009570,-0.014767,0.999845,0,0.78715,-0.43041,47.229,-0.861,-1,375.000,-1,375.000,-1,300.000,300.000,300.000,300.000,-1,775.000,700.000,-1,700.000,725.000,-1,-1,2,0,2,0,2,0,0,0,0,2,0,0,2,0,0,2,2
86,-2716.216,-76.203,-224.245,-84.580,0.094335,0.995427,0.015064,-0.995506,0.094447,-0.006878,-0.008269,-0.014348,0.999863,0,0.78485,-0.43102,47.091,-0.862,-1,375.000,-1,375.000,-1,300.000,325.000,300.000,300.000,-1,775.000,700.000,-1,700.000,725.000,-1,-1,2,0,2,0,2,0,0,0,0,2,0,0,2,0,0,2,2
87,-2712.486,-123.014,-224.374,-85.444,0.079338,0.996744,0.014358,-0.996824,0.079428,-0.005818,-0.006939,-0.013851,0.999880,0,0.78265,-0.43195,46.959,-0.864,-1,375.000,-1,375.000,-1,300.000,325.000,300.000,325.000,-1,800.000,700.000,-1,700.000,725.000,-1,-1,2,0,2,0,2,0,0,0,0,2,0,0,2,0,0,2,2
88,-2709.472,-169.752,-224.489,-86.310,0.064278,0.997838,0.013681,-0.997916,0.064349,-0.004766,-0.005636,-0.013346,0.999895,0,0.78058,-0.43318,46.835,-0.866,-1,375.000,-1,375.000,-1,300.000,325.000,300.000,325.000,-1,800.000,700.000,-1,700.000,725.000,-1,-1,2,0,2,0,2,0,0,0,0,2,0,0,2,0,0,2,2
89,-2707.173,-216.416,-224.593,-87.180,0.049149,0.998706,0.013032,-0.998782,0.049201,-0.003721,-0.004358,-0.012833,0.999908,0,0.77868,-0.43471,46.721,-0.869,-1,375.000,-1,375.000,-1,325.000,325.000,325.000,325.000,-1,800.000,700.000,-1,700.000,725.000,-1,-1,2,0,2,0,2,0,0,0,0,2,0,0,2,0,0,2,2
90,-2705.589,-263.007,-224.685,-88.053,0.033942,0.999347,0.012413,-0.999419,0.033978,-0.002685,-0.003105,-0.012314,0.999919,0,0.77697,-0.43653,46.618,-0.873,-1,375.000,-1,400.000,-1,325.000,325.000,325.000,325.000,-1,800.000,700.000,-1,700.000,725.000,-1,-1,2,0,2,0,2,0,0,0,0,2,0,0,2,0,0,2,2
91,-2704.630,-304.815,-224.761,-88.686,0.022912,0.999667,0.011880,-0.999735,0.022934,-0.001757,-0.002029,-0.011836,0.999928,0,0.69697,-0.31653,41.818,-0.633,-1,375.000,-1,400.000,-1,325.000,325.000,325.000,325.000,-1,775.000,700.000,-1,700.000,725.000,-1,-1,2,0,2,0,2,0,0,0,0,2,0,0,2,0,0,2,2
92,-2704.035,-341.828,-224.825,-89.079,0.016064,0.999806,0.011420,-0.999870,0.016076,-0.000935,-0.001119,-0.011404,0.999934,0,0.61697,-0.19653,37.018,-0.393,-1,375.000,-1,400.000,-1,325.000,325.000,325.000,325.000,-1,775.000,700.000,-1,700.000,750.000,-1,-1,2,0,2,0,2,0,0,0,0,2,0,0,2,0,0,2,2
93,-2703.549,-378.144,-224.885,-89.232,0.013403,0.999850,0.010971,-0.999910,0.013405,-0.000127,-0.000274,-0.010968,0.999940,0,0.60531,-0.07653,36.319,-0.153,-1,375.000,-1,400.000,-1,325.000,325.000,325.000,325.000,-1,775.000,700.000,-1,700.000,750.000,-1,-1,2,0,2,0,2,0,0,0,0,2,0,0,2,0,0,2,2
94,-2703.007,-414.441,-224.945,-89.145,0.014928,0.999833,0.010514,-0.999888,0.014922,0.000685,0.000528,-0.010523,0.999944,0,0.60503,0.04347,36.302,0.087,-1,375.000,-1,400.000,-1,325.000,325.000,325.000,325.000,-1,775.000,675.000,-1,700.000,750.000,-1,-1,2,0,2,0,2,0,0,0,0,2,0,0,2,0,0,2,2
95,-2702.258,-450.735,-225.006,-88.818,0.020641,0.999737,0.010039,-0.999786,0.020627,0.001501,0.001293,-0.010068,0.999948,0,0.60503,0.16347,36.302,0.327,-1,375.000,-1,400.000,-1,325.000,325.000,325.000,300.000,-1,750.000,675.000,-1,700.000,750.000,-1,-1,2,0,2,0,2,0,0,0,0,2,0,0,2,0,0,2,2
96,-2701.150,-487.034,-225.070,-88.251,0.030539,0.999488,0.009538,-0.999532,0.030518,0.002323,0.002031,-0.009604,0.999952,0,0.60527,0.28347,36.316,0.567,-1,375.000,-1,400.000,-1,325.000,325.000,325.000,300.000,-1,725.000,675.000,-1,700.000,750.000,-1,-1,2,0,2,0,2,0,0,0,0,2,0,0,2,0,0,2,2
97,-2699.629,-523.346,-225.136,-87.602,0.041863,0.999083,0.009014,-0.999120,0.041836,0.003148,0.002768,-0.009138,0.999954,0,0.60573,0.32446,36.344,0.649,-1,375.000,-1,400.000,-1,325.000,325.000,300.000,300.000,-1,725.000,650.000,-1,700.000,750.000,-1,-1,2,0,2,0,2,0,0,0,0,2,0,0,2,0,0,2,2
98,-2697.699,-559.672,-225.205,-86.958,0.053100,0.998553,0.008474,-0.998583,0.053068,0.003976,0.003520,-0.008673,0.999956,0,0.60628,0.32212,36.377,0.644,-1,375.000,-1,400.000,-1,325.000,325.000,300.000,300.000,-1,700.000,650.000,-1,700.000,750.000,-1,-1,2,0,2,0,2,0,0,0,0,2,0,0,2,0,0,2,2
99,-2695.361,-596.009,-225.275,-86.318,0.064246,0.997903,0.007918,-0.997925,0.064209,0.004805,0.004286,-0.008210,0.999957,0,0.60687,0.31975,36.412,0.639,-1,375.000,-1,375.000,-1,325.000,325.000,300.000,300.000,-1,700.000,650.000,-1,700.000,750.000,-1,-1,2,0,2,0,2,0,0,0,0,2,0,0,2,0,0,2,2
100,-2692.618,-632.355,-225.332,-85.684,0.075300,0.997133,0.007402,-0.997148,0.075259,0.005596,0.005023,-0.007803,0.999957,0,0.60750,0.31733,36.450,0.635,-1,375.000,-1,375.000,-1,325.000,325.000,300.000,300.000,-1,700.000,625.000,-1,700.000,750.000,-1,-1,2,0,2,0,2,0,0,0,0,2,0,0,2,0,0,2,2
101,-2689.472,-668.709,-225.180,-85.054,0.086261,0.996243,0.007663,-0.996257,0.086214,0.006256,0.005571,-0.008174,0.999951,0,0.60816,0.31489,36.489,0.630,-1,375.000,-1,375.000,-1,300.000,325.000,300.000,300.000,-1,700.000,625.000,-1,700.000,750.000,-1,-1,2,0,2,0,2,0,0,0,0,2,0,0,2,0,0,2,2
102,-2685.925,-705.067,-224.852,-84.429,0.097123,0.995245,0.007378,-0.995254,0.097073,0.006754,0.006006,-0.007999,0.999950,0,0.60885,0.31241,36.531,0.625,-1,375.000,-1,375.000,-1,300.000,325.000,300.000,300.000,-1,700.000,625.000,-1,700.000,750.000,-1,-1,2,0,2,0,2,0,0,0,0,2,0,0,2,0,0,2,2
103,-2681.981,-741.429,-224.480,-83.809,0.107884,0.994139,0.006901,-0.994142,0.107834,0.007351,0.006564,-0.007653,0.999949,0,0.60959,0.30989,36.575,0.620,-1,375.000,-1,400.000,-1,300.000,325.000,300.000,300.000,-1,700.000,625.000,-1,700.000,750.000,-1,-1,2,0,2,0,2,0,0,0,0,2,0,0,2,0,0,2,2
104,-2677.642,-777.792,-224.106,-83.195,0.118545,0.992928,0.006413,-0.992923,0.118493,0.007953,0.007137,-0.007310,0.999948,0,0.61035,0.30734,36.621,0.615,-1,375.000,-1,400.000,-1,325.000,325.000,300.000,300.000,-1,700.000,650.000,-1,700.000,750.000,-1,-1,2,0,2,0,2,0,0,0,0,2,0,0,2,0,0,2,2
105,-2672.910,-814.155,-223.730,-82.585,0.129102,0.991614,0.005914,-0.991601,0.129049,0.008560,0.007725,-0.006969,0.999946,0,0.61116,0.30476,36.669,0.610,-1,375.000,-1,400.000,-1,325.000,325.000,325.000,300.000,-1,700.000,650.000,-1,700.000,750.000,-1,-1,2,0,2,0,2,0,0,0,0,2,0,0,2,0,0,2,2
106,-2667.787,-850.516,-223.351,-81.981,0.139554,0.990200,0.005404,-0.990179,0.139501,0.009172,0.008328,-0.006631,0.999943,0,0.61199,0.30215,36.720,0.604,-1,375.000,-1,400.000,-1,325.000,325.000,325.000,300.000,-1,700.000,650.000,-1,700.000,750.000,-1,-1,2,0,2,0,2,0,0,0,0,2,0,0,2,0,0,2,2
107,-2662.277,-886.872,-222.969,-81.382,0.149898,0.988689,0.004884,-0.988661,0.149845,0.009788,0.008946,-0.006296,0.999940,0,0.61286,0.29950,36.772,0.599,-1,375.000,-1,400.000,-1,325.000,325.000,325.000,300.000,-1,700.000,650.000,-1,700.000,750.000,-1,-1,2,0,2,0,2,0,0,0,0,2,0,0,2,0,0,2,2
108,-2656.382,-923.224,-222.584,-80.788,0.160133,0.987086,0.004346,-0.987049,0.160081,0.010414,0.009584,-0.005957,0.999936,0,0.61377,0.29682,36.826,0.594,-1,375.000,-1,400.000,-1,325.000,325.000,325.000,300.000,-1,725.000,650.000,-1,725.000,750.000,-1,-1,2,0,2,0,2,0,0,0,0,2,0,0,2,0,0,2,2
109,-2650.104,-959.568,-222.195,-80.200,0.170257,0.985392,0.003795,-0.985347,0.170206,0.011046,0.010239,-0.005620,0.999932,0,0.61471,0.29410,36.883,0.588,-1,375.000,-1,400.000,-1,325.000,325.000,325.000,300.000,-1,725.000,675.000,-1,725.000,750.000,-1,-1,2,0,2,0,2,0,0,0,0,2,0,0,2,0,0,2,2
110,-2643.446,-995.905,-221.802,-79.617,0.180268,0.983612,0.003231,-0.983557,0.180219,0.011684,0.010910,-0.005285,0.999927,0,0.61569,0.29135,36.941,0.583,-1,375.000,-1,400.000,-1,325.000,325.000,325.000,300.000,-1,725.000,675.000,-1,725.000,750.000,-1,-1,2,0,2,0,2,0,0,0,0,2,0,0,2,0,0,2,2
111,-2636.259,-1033.047,-221.395,-79.047,0.190040,0.981773,0.002644,-0.981708,0.189994,0.012342,0.011614,-0.004941,0.999920,0,0.63052,0.28494,37.831,0.570,-1,375.000,-1,400.000,-1,325.000,325.000,325.000,300.000,-1,725.000,675.000,-1,725.000,750.000,-1,-1,2,0,2,0,2,0,0,0,0,2,0,0,2,0,0,2,2
112,-2628.665,-1070.278,-220.980,-78.472,0.199886,0.979817,0.002043,-0.979741,0.199844,0.013007,0.012336,-0.004602,0.999913,0,0.63329,0.28769,37.998,0.575,-1,375.000,-1,400.000,-1,325.000,325.000,325.000,300.000,-1,725.000,675.000,-1,725.000,750.000,-1,-1,2,0,2,0,2,0,0,0,0,2,0,0,2,0,0,2,2
113,-2619.867,-1112.161,-220.522,-78.137,0.205615,0.978632,0.001434,-0.978545,0.205576,0.013727,0.013138,-0.004226,0.999905,0,0.71329,0.16769,42.798,0.335,-1,375.000,-1,400.000,-1,325.000,325.000,325.000,300.000,-1,725.000,675.000,-1,725.000,750.000,-1,-1,2,0,2,0,2,0,0,0,0,2,0,0,2,0,0,2,2
114,-2610.004,-1158.726,-220.007,-78.041,0.207238,0.978290,0.000781,-0.978190,0.207206,0.014524,0.014047,-0.003774,0.999894,0,0.79329,0.04769,47.598,0.095,-1,375.000,-1,400.000,-1,325.000,325.000,325.000,300.000,-1,725.000,700.000,-1,725.000,775.000,-1,-1,2,0,2,0,2,0,0,0,0,2,0,0,2,0,0,2,2
115,-2599.276,-1210.014,-219.423,-78.186,0.204761,0.978812,0.000051,-0.978696,0.204736,0.015418,0.015081,-0.003207,0.999881,0,0.87329,-0.07231,52.398,-0.145,-1,375.000,-1,400.000,-1,325.000,325.000,325.000,300.000,-1,725.000,700.000,-1,725.000,775.000,-1,-1,2,0,2,0,2,0,0,0,0,2,0,0,2,0,0,2,2
116,-2588.047,-1265.559,-218.732,-78.570,0.198179,0.980166,-0.000575,-0.980034,0.198161,0.016317,0.016107,-0.002670,0.999867,0,0.94449,-0.19231,56.669,-0.385,-1,375.000,-1,400.000,-1,325.000,325.000,325.000,300.000,-1,750.000,725.000,-1,725.000,775.000,-1,-1,2,0,2,0,2,0,0,0,0,2,0,0,2,0,0,2,2
117,-2577.389,-1321.400,-217.939,-79.195,0.187477,0.982269,-0.000860,-0.982124,0.187465,0.017010,0.016869,-0.002344,0.999855,0,0.94748,-0.31231,56.849,-0.625,-1,375.000,-1,400.000,-1,325.000,325.000,325.000,300.000,-1,775.000,750.000,-1,725.000,775.000,-1,-1,2,0,2,0,2,0,0,0,0,2,0,0,2,0,0,2,2
118,-2567.550,-1377.543,-217.048,-80.060,0.172623,0.984987,-0.001419,-0.984835,0.172621,0.017366,0.017350,-0.001600,0.999848,0,0.94997,-0.43231,56.998,-0.865,-1,375.000,-1,400.000,-1,325.000,325.000,325.000,300.000,-1,825.000,775.000,-1,725.000,800.000,-1,-1,2,0,2,0,2,0,0,0,0,2,0,0,2,0,0,2,2
119,-2558.778,-1433.977,-216.082,-81.164,0.153587,0.988133,-0.002169,-0.987980,0.153601,0.017386,0.017513,-0.000527,0.999847,0,0.95185,-0.55231,57.111,-1.105,-1,375.000,-1,400.000,-1,325.000,325.000,325.000,300.000,-1,875.000,825.000,-1,750.000,800.000,-1,-1,2,0,2,0,2,0,0,0,0,2,0,0,2,0,0,2,2
120,-2551.262,-1490.661,-215.099,-82.447,0.131408,0.991324,-0.002948,-0.991172,0.131439,0.017395,0.017631,0.000636,0.999844,0,0.95301,-0.64145,57.181,-1.283,-1,375.000,-1,400.000,-1,325.000,325.000,300.000,300.000,-1,950.000,900.000,-1,750.000,800.000,-1,-1,2,0,2,0,2,0,0,0,0,2,0,0,2,0,0,2,2
121,-2545.001,-1547.523,-214.103,-83.716,0.109399,0.993991,-0.003745,-0.993840,0.109448,0.017390,0.017695,0.001819,0.999842,0,0.95341,-0.63462,57.205,-1.269,-1,375.000,-1,400.000,-1,325.000,325.000,300.000,300.000,-1,-1,950.000,-1,750.000,800.000,-1,-1,2,0,2,0,2,0,0,0,0,2,2,0,2,0,0,2,2
122,-2539.988,-1604.493,-213.098,-84.972,0.087582,0.996147,-0.004556,-0.996000,0.087648,0.017373,0.017705,0.003017,0.999839,0,0.95317,-0.62759,57.190,-1.255,-1,375.000,-1,400.000,-1,325.000,325.000,300.000,300.000,-1,-1,-1,-1,775.000,825.000,-1,-1,2,0,2,0,2,0,0,0,0,2,2,2,2,0,0,2,2
123,-2536.214,-1661.505,-212.107,-86.213,0.065972,0.997807,-0.005310,-0.997664,0.066055,0.017407,0.017720,0.004149,0.999834,0,0.95228,-0.62044,57.137,-1.241,-1,375.000,-1,400.000,-1,325.000,325.000,300.000,300.000,-1,-1,-1,-1,775.000,825.000,-1,-1,2,0,2,0,2,0,0,0,0,2,2,2,2,0,0,2,2
124,-2533.665,-1718.494,-211.120,-87.439,0.044584,0.998987,-0.006057,-0.998849,0.044683,0.017439,0.017692,0.005273,0.999830,0,0.95077,-0.61321,57.046,-1.226,-1,400.000,-1,400.000,-1,325.000,325.000,300.000,300.000,-1,-1,-1,-1,775.000,825.000,-1,-1,2,0,2,0,2,0,0,0,0,2,2,2,2,0,0,2,2
125,-2532.325,-1775.397,-210.133,-88.651,0.023427,0.999702,-0.006826,-0.999571,0.023543,0.017440,0.017596,0.006414,0.999825,0,0.94866,-0.60599,56.919,-1.212,-1,400.000,-1,400.000,-1,325.000,325.000,300.000,300.000,-1,-1,-1,-1,800.000,825.000,-1,-1,2,0,2,0,2,0,0,0,0,2,2,2,2,0,0,2,2
126,-2532.175,-1832.157,-209.150,-89.849,0.002506,0.999968,-0.007612,-0.999845,0.002639,0.017415,0.017434,0.007567,0.999819,0,0.94599,-0.59894,56.759,-1.198,-1,400.000,-1,400.000,-1,325.000,325.000,300.000,300.000,-1,-1,-1,-1,800.000,825.000,-1,-1,2,0,2,0,2,0,0,0,0,2,2,2,2,0,0,2,2
127,-2533.202,-1888.717,-208.176,-91.041,-0.018317,0.999797,-0.008414,-0.999684,-0.018169,0.017365,0.017208,0.008730,0.999814,0,0.94283,-0.59614,56.570,-1.192,-1,400.000,-1,400.000,-1,325.000,325.000,300.000,300.000,-1,-1,-1,-1,825.000,825.000,-1,-1,2,0,2,0,2,0,0,0,0,2,2,2,2,0,0,2,2
128,-2535.047,-1940.453,-207.290,-92.042,-0.035790,0.999317,-0.009161,-0.999215,-0.035628,0.017296,0.016958,0.009773,0.999808,0,0.86283,-0.50037,51.770,-1.001,-1,400.000,-1,400.000,-1,325.000,325.000,300.000,300.000,-1,-1,-1,-1,825.000,850.000,-1,-1,2,0,2,0,2,0,0,0,0,2,2,2,2,0,0,2,2
129,-2537.537,-1987.357,-206.663,-93.039,-0.053176,0.998542,-0.009284,-0.998453,-0.053016,0.016761,0.016245,0.010161,0.999816,0,0.78283,-0.49866,46.970,-0.997,-1,400.000,-1,400.000,-1,325.000,325.000,300.000,300.000,-1,-1,-1,-1,825.000,850.000,-1,-1,2,0,2,0,2,0,0,0,0,2,2,2,2,0,0,2,2
130,-2540.504,-2029.422,-206.315,-94.034,-0.070501,0.997466,-0.009522,-0.997400,-0.070346,0.015670,0.014960,0.010602,0.999832,0,0.70283,-0.49747,42.170,-0.995,-1,400.000,-1,400.000,-1,325.000,325.000,300.000,300.000,-1,-1,-1,-1,825.000,825.000,-1,-1,2,0,2,0,2,0,0,0,0,2,2,2,2,0,0,2,2
131,-2543.864,-2067.621,-206.012,-95.028,-0.087776,0.996093,-0.009738,-0.996046,-0.087629,0.014645,0.013735,0.010985,0.999845,0,0.63910,-0.49671,38.346,-0.993,-1,400.000,-1,400.000,-1,325.000,325.000,300.000,300.000,-1,-1,-1,-1,825.000,825.000,-1,-1,2,0,2,0,2,0,0,0,0,2,2,2,2,0,0,2,2
132,-2547.864,-2105.555,-205.715,-96.020,-0.105010,0.994421,-0.009989,-0.994393,-0.104870,0.013618,0.012494,0.011363,0.999857,0,0.63574,-0.49628,38.145,-0.993,-1,400.000,-1,400.000,-1,325.000,325.000,300.000,300.000,-1,-1,-1,-1,825.000,825.000,-1,-1,2,0,2,0,2,0,0,0,0,2,2,2,2,0,0,2,2
133,-2552.496,-2143.212,-205.425,-97.012,-0.122205,0.992452,-0.010280,-0.992441,-0.122074,0.012597,0.011247,0.011741,0.999868,0,0.63235,-0.49610,37.941,-0.992,-1,400.000,-1,400.000,-1,325.000,325.000,300.000,300.000,-1,-1,-1,-1,825.000,825.000,-1,-1,2,0,2,0,2,0,0,0,0,2,2,2,2,0,0,2,2
134,-2557.751,-2180.582,-205.142,-98.005,-0.139366,0.990184,-0.010608,-0.990190,-0.139243,0.011586,0.009995,0.012119,0.999877,0,0.62896,-0.49619,37.737,-0.992,-1,400.000,-1,400.000,-1,325.000,325.000,300.000,300.000,-1,-1,-1,-1,825.000,825.000,-1,-1,2,0,2,0,2,0,0,0,0,2,2,2,2,0,0,2,2
135,-2563.622,-2217.656,-204.867,-98.998,-0.156496,0.987618,-0.010973,-0.987640,-0.156382,0.010588,0.008741,0.012494,0.999884,0,0.62560,-0.49652,37.536,-0.993,-1,400.000,-1,400.000,-1,325.000,325.000,300.000,300.000,-1,-1,-1,-1,825.000,800.000,-1,-1,2,0,2,0,2,0,0,0,0,2,2,2,2,0,0,2,2
136,-2570.100,-2254.429,-204.599,-99.992,-0.173599,0.984751,-0.011372,-0.984788,-0.173494,0.009606,0.007487,0.012867,0.999889,0,0.62232,-0.49710,37.339,-0.994,-1,400.000,-1,400.000,-1,325.000,325.000,300.000,300.000,-1,-1,-1,-1,825.000,800.000,-1,-1,2,0,2,0,2,0,0,0,0,2,2,2,2,0,0,2,2
