timestep,x_cm,y_cm,z_cm,yaw_deg,basis_xx,basis_xy,basis_xz,basis_yx,basis_yy,basis_yz,basis_zx,basis_zy,basis_zz,teleport_flag,throttle_cmd,steering_cmd,cmd_move_cm,cmd_turn_deg,lidar_cm_0,lidar_cm_1,lidar_cm_2,lidar_cm_3,lidar_cm_4,lidar_cm_5,lidar_cm_6,lidar_cm_7,lidar_cm_8,lidar_cm_9,lidar_cm_10,lidar_cm_11,lidar_cm_12,lidar_cm_13,lidar_cm_14,lidar_cm_15,lidar_cm_16,lidar_class_0,lidar_class_1,lidar_class_2,lidar_class_3,lidar_class_4,lidar_class_5,lidar_class_6,lidar_class_7,lidar_class_8,lidar_class_9,lidar_class_10,lidar_class_11,lidar_class_12,lidar_class_13,lidar_class_14,lidar_class_15,lidar_class_16
0,9510.978,-2951.406,645.786,29.779,0.790180,-0.477994,0.383585,0.543947,0.835337,-0.079590,-0.282379,0.271541,0.920069,1,0.00000,0.00000,4.800,-0.240,-1,325.000,550.000,200.000,50.000,250.000,200.000,-1,225.000,-1,0.000,-1,-1,500.000,250.000,800.000,50.000,2,0,0,0,0,0,0,2,0,2,1,2,2,0,0,0,0
1,-8855.892,8203.884,7.332,99.652,-0.167617,-0.985685,-0.018185,0.985850,-0.167629,-0.000840,-0.002221,-0.018068,0.999834,1,0.08000,-0.12000,4.800,-0.240,200.000,275.000,-1,550.000,-1,275.000,400.000,450.000,275.000,-1,500.000,175.000,950.000,350.000,-1,200.000,-1,1,1,2,0,2,1,1,1,0,2,0,0,0,1,2,1,2
2,-8857.421,8213.362,7.444,99.172,-0.159390,-0.987094,-0.015514,0.987216,-0.159372,-0.002416,-0.000088,-0.015700,0.999877,0,0.16000,-0.24000,9.600,-0.480,200.000,275.000,-1,550.000,-1,275.000,400.000,450.000,275.000,-1,500.000,175.000,850.000,375.000,-1,200.000,-1,1,1,2,0,2,1,1,1,0,2,0,0,0,1,2,1,2
3,-8859.537,8227.605,7.609,98.452,-0.147010,-0.989067,-0.011626,0.989130,-0.146963,-0.004811,0.003050,-0.012207,0.999921,0,0.24000,-0.36000,14.400,-0.720,200.000,275.000,-1,550.000,-1,275.000,425.000,450.000,275.000,-1,475.000,150.000,725.000,375.000,-1,200.000,-1,1,1,2,0,2,1,1,1,0,2,0,0,0,1,2,1,2
4,-8862.040,8246.642,7.821,97.492,-0.130432,-0.991435,-0.006678,0.991432,-0.130377,-0.008050,0.007110,-0.007670,0.999945,0,0.32000,-0.48000,19.200,-0.960,175.000,275.000,-1,575.000,-1,300.000,425.000,450.000,250.000,-1,475.000,150.000,625.000,475.000,-1,200.000,-1,1,1,2,0,2,1,1,1,0,2,0,0,0,1,2,1,2
5,-8864.669,8270.497,8.062,96.292,-0.109607,-0.993975,-0.000902,0.993903,-0.109588,-0.012131,0.011959,-0.002226,0.999926,0,0.40000,-0.60000,24.000,-1.200,175.000,300.000,-1,575.000,-1,300.000,450.000,425.000,250.000,-1,450.000,125.000,550.000,-1,-1,200.000,-1,1,1,2,0,2,1,1,1,0,2,0,0,0,2,2,1,2
6,-8867.106,8299.194,8.302,94.852,-0.084494,-0.996409,0.005373,0.996272,-0.084574,-0.017004,0.017397,0.003916,0.999841,0,0.48000,-0.72000,28.800,-1.440,175.000,300.000,-1,600.000,-1,350.000,500.000,400.000,250.000,-1,450.000,100.000,500.000,-1,-1,175.000,-1,1,1,2,0,2,1,1,1,0,2,0,0,0,2,2,1,2
7,-8868.966,8332.743,8.491,93.172,-0.055070,-0.998414,0.011710,0.998214,-0.055323,-0.022526,0.023138,0.010449,0.999678,0,0.56000,-0.84000,33.600,-1.680,150.000,375.000,-1,625.000,-1,400.000,500.000,350.000,250.000,975.000,425.000,75.000,475.000,-1,-1,175.000,-1,1,1,2,0,2,1,0,1,0,1,0,0,0,2,2,1,2
8,-8869.955,8371.131,8.606,91.474,-0.025214,-0.999519,0.018035,0.999271,-0.025717,-0.028224,0.028675,0.017310,0.999439,0,0.64000,-0.84887,38.400,-1.698,150.000,475.000,-1,625.000,-1,450.000,525.000,300.000,250.000,850.000,400.000,75.000,425.000,-1,-1,175.000,-1,1,1,2,0,2,1,0,1,0,1,0,0,0,2,2,1,2
9,-8869.811,8414.331,8.608,89.806,0.004206,-0.999699,0.024163,0.999422,0.003387,-0.033813,0.033721,0.024291,0.999136,0,0.72000,-0.83400,43.200,-1.668,125.000,625.000,-1,650.000,-1,525.000,550.000,275.000,250.000,800.000,375.000,50.000,400.000,-1,-1,175.000,-1,1,1,2,0,2,1,0,1,0,1,0,0,0,2,2,1,2
10,-8868.283,8462.307,8.441,88.172,0.033066,-0.999008,0.029837,0.998730,0.031892,-0.038991,0.038001,0.031089,0.998794,0,0.80000,-0.81717,48.000,-1.634,125.000,850.000,-1,650.000,-1,550.000,550.000,225.000,250.000,775.000,375.000,25.000,375.000,-1,-1,-1,-1,1,0,2,0,2,1,0,1,0,1,0,0,0,2,2,2,2
11,-7543.219,3607.694,344.186,0.479,0.999295,-0.008325,-0.036621,0.004773,0.995367,-0.096032,0.037250,0.095790,0.994704,1,0.00000,0.00000,52.215,-1.597,-1,300.000,325.000,175.000,125.000,200.000,150.000,250.000,425.000,-1,0.000,25.000,-1,-1,200.000,-1,125.000,2,1,1,1,1,1,1,1,1,2,1,1,2,2,1,2,1
12,6231.352,4263.560,260.724,78.113,0.206223,-0.978303,0.019863,0.978439,0.205931,-0.015781,0.011348,0.022689,0.999678,1,0.00000,0.00000,4.800,0.240,-1,425.000,-1,400.000,-1,325.000,325.000,300.000,275.000,600.000,425.000,475.000,-1,-1,-1,-1,-1,2,0,2,0,2,0,0,0,0,1,1,1,2,2,2,2,2
13,6232.361,4268.253,260.792,77.873,0.210314,-0.977431,0.019905,0.977571,0.210027,-0.015593,0.011060,0.022738,0.999680,0,0.08000,-0.12000,4.800,-0.240,-1,425.000,-1,400.000,-1,325.000,325.000,300.000,275.000,600.000,425.000,475.000,-1,-1,-1,-1,-1,2,0,2,0,2,0,0,0,0,1,1,1,2,2,2,2,2
14,6234.456,4277.622,260.929,77.393,0.218486,-0.975635,0.019997,0.975784,0.218207,-0.015224,0.010490,0.022839,0.999684,0,0.16000,-0.24000,9.600,-0.480,-1,425.000,-1,400.000,-1,325.000,325.000,300.000,275.000,600.000,450.000,475.000,-1,-1,-1,-1,-1,2,0,2,0,2,0,0,0,0,1,1,1,2,2,2,2,2
15,6237.775,4291.634,261.135,76.673,0.230715,-0.972812,0.020158,0.972973,0.230449,-0.014692,0.009647,0.023003,0.999689,0,0.24000,-0.36000,14.400,-0.720,-1,425.000,-1,400.000,-1,325.000,325.000,300.000,275.000,600.000,450.000,500.000,-1,-1,-1,-1,-1,2,0,2,0,2,0,0,0,0,1,1,1,2,2,2,2,2
16,6242.452,4310.256,261.408,75.902,0.243768,-0.969620,0.020352,0.969795,0.243519,-0.013975,0.008594,0.023143,0.999695,0,0.32000,-0.38555,19.200,-0.771,-1,425.000,-1,400.000,-1,325.000,325.000,300.000,275.000,600.000,475.000,500.000,-1,-1,-1,-1,-1,2,0,2,0,2,0,0,0,0,1,1,1,2,2,2,2,2
17,6248.613,4333.452,261.748,75.127,0.256843,-0.966234,0.020593,0.966425,0.256615,-0.013080,0.007354,0.023261,0.999702,0,0.40000,-0.38761,24.000,-0.775,-1,450.000,-1,400.000,-1,325.000,325.000,325.000,275.000,625.000,500.000,525.000,-1,-1,-1,-1,-1,2,0,2,0,2,0,0,0,0,1,1,1,2,2,2,2,2
18,6256.384,4361.183,262.157,74.346,0.269956,-0.962645,0.020919,0.962854,0.269753,-0.012033,0.005941,0.023390,0.999709,0,0.48000,-0.39027,28.800,-0.781,-1,450.000,-1,400.000,-1,325.000,325.000,325.000,275.000,625.000,550.000,550.000,-1,-1,-1,-1,-1,2,0,2,0,2,0,0,0,0,1,1,1,2,2,2,2,2
19,6265.893,4393.410,262.636,73.559,0.283125,-0.958845,0.021372,0.959073,0.282950,-0.010865,0.004371,0.023574,0.999713,0,0.56000,-0.39354,33.600,-0.787,-1,450.000,-1,400.000,-1,350.000,325.000,325.000,275.000,650.000,575.000,600.000,-1,-1,-1,-1,-1,2,0,2,0,2,0,0,0,0,1,1,1,2,2,2,2,2
20,6277.272,4430.085,263.188,72.764,0.296368,-0.954820,0.022005,0.955070,0.296223,-0.009616,0.002663,0.023866,0.999712,0,0.64000,-0.39747,38.400,-0.795,-1,475.000,-1,425.000,-1,350.000,325.000,325.000,275.000,675.000,625.000,625.000,-1,-1,-1,-1,-1,2,0,2,0,2,0,0,0,0,1,1,1,2,2,2,2,2
21,6289.600,4467.939,263.772,71.960,0.309705,-0.950559,0.022828,0.950832,0.309591,-0.008455,0.000970,0.024324,0.999704,0,0.66351,-0.40208,39.811,-0.804,-1,500.000,-1,425.000,-1,350.000,350.000,325.000,300.000,725.000,675.000,675.000,-1,-1,-1,-1,-1,2,0,2,0,2,0,0,0,0,1,1,1,2,2,2,2,2
22,6302.494,4505.697,264.102,71.146,0.323164,-0.946075,0.022535,0.946343,0.323067,-0.007918,0.000211,0.023884,0.999715,0,0.66499,-0.40698,39.900,-0.814,-1,500.000,-1,425.000,-1,375.000,350.000,350.000,300.000,750.000,725.000,725.000,-1,-1,-1,-1,-1,2,0,2,0,2,0,0,0,0,1,1,1,2,2,2,2,2
23,6315.967,4543.368,263.751,70.322,0.336702,-0.941396,0.020158,0.941610,0.336663,-0.005367,-0.001734,0.020788,0.999782,0,0.66680,-0.41202,40.008,-0.824,-1,500.000,-1,450.000,-1,375.000,350.000,325.000,300.000,775.000,750.000,750.000,-1,-1,-1,-1,-1,2,0,2,0,2,0,0,0,0,1,1,1,2,2,2,2,2
24,6330.032,4580.958,262.929,69.487,0.350329,-0.936477,0.016726,0.936612,0.350368,-0.000639,-0.005262,0.015890,0.999860,0,0.66891,-0.41720,40.135,-0.834,-1,500.000,-1,450.000,-1,375.000,350.000,325.000,300.000,825.000,800.000,800.000,-1,-1,-1,-1,-1,2,0,2,0,2,0,0,0,0,1,1,1,2,2,2,2,2
25,6346.214,4622.877,262.047,68.893,0.360004,-0.932857,0.013231,0.932906,0.360089,0.004686,-0.009135,0.010656,0.999901,0,0.74891,-0.29720,44.935,-0.594,-1,500.000,-1,450.000,-1,375.000,350.000,325.000,300.000,875.000,875.000,850.000,-1,-1,1000.000,-1,-1,2,0,2,0,2,0,0,0,0,1,1,1,2,2,0,2,2
26,6364.411,4669.164,260.969,68.539,0.365774,-0.930650,0.009983,0.930613,0.365867,0.010061,-0.013016,0.005610,0.999900,0,0.82891,-0.17720,49.735,-0.354,-1,500.000,-1,450.000,-1,375.000,375.000,300.000,300.000,925.000,925.000,925.000,-1,-1,1000.000,-1,-1,2,0,2,0,2,0,0,0,0,1,1,1,2,2,0,2,2
27,6383.486,4717.399,259.280,68.424,0.367651,-0.929932,0.007718,0.929796,0.367730,0.015951,-0.017672,0.001312,0.999843,0,0.86450,-0.05720,51.870,-0.114,-1,500.000,-1,450.000,-1,375.000,350.000,300.000,325.000,1000.000,975.000,975.000,-1,-1,950.000,-1,-1,2,0,2,0,2,0,0,0,0,1,1,1,2,2,0,2,2
28,6402.553,4765.927,256.905,68.550,0.365579,-0.930736,0.009031,0.930459,0.365691,0.022729,-0.024457,0.000094,0.999701,0,0.86898,0.06280,52.139,0.126,-1,475.000,-1,425.000,-1,375.000,350.000,300.000,300.000,-1,-1,-1,-1,-1,900.000,-1,-1,2,0,2,0,2,0,0,0,0,2,2,2,2,2,0,2,2
29,6421.412,4814.842,254.573,68.916,0.359592,-0.933051,0.010493,0.932588,0.359744,0.029401,-0.031207,-0.000787,0.999513,0,0.87373,0.18280,52.424,0.366,-1,475.000,-1,425.000,-1,350.000,350.000,325.000,300.000,-1,-1,-1,-1,-1,875.000,-1,-1,2,0,2,0,2,0,0,0,0,2,2,2,2,2,0,2,2
30,6439.858,4864.233,252.278,69.521,0.349658,-0.936800,0.012019,0.936109,0.349862,0.036008,-0.037937,-0.001339,0.999279,0,0.87870,0.30280,52.722,0.606,-1,450.000,-1,425.000,-1,350.000,350.000,325.000,300.000,-1,-1,-1,-1,975.000,825.000,-1,-1,2,0,2,0,2,0,0,0,0,2,2,2,2,0,0,2,2
31,6457.676,4914.180,250.013,70.367,0.335729,-0.941861,0.013527,0.940899,0.335998,0.042595,-0.044663,-0.001573,0.999001,0,0.88382,0.42280,53.029,0.846,-1,450.000,-1,400.000,-1,350.000,325.000,325.000,300.000,-1,-1,-1,-1,925.000,775.000,-1,-1,2,0,2,0,2,0,0,0,0,2,2,2,2,0,0,2,2
32,6474.644,4964.753,247.772,71.452,0.317746,-0.948058,0.014931,0.946782,0.318093,0.049206,-0.051400,-0.001499,0.998677,0,0.88904,0.54280,53.343,1.086,-1,425.000,-1,400.000,-1,350.000,325.000,325.000,300.000,-1,-1,-1,-1,875.000,750.000,-1,-1,2,0,2,0,2,0,0,0,0,2,2,2,2,0,0,2,2
33,6490.531,5016.006,245.549,72.778,0.295637,-0.955164,0.016148,0.953528,0.296075,0.055887,-0.058163,-0.001124,0.998306,0,0.89431,0.66280,53.659,1.326,-1,425.000,-1,400.000,-1,325.000,325.000,350.000,300.000,-1,-1,-1,-1,850.000,700.000,-1,-1,2,0,2,0,2,0,0,0,0,2,2,2,2,0,0,2,2
34,6505.442,5069.211,243.286,74.344,0.269325,-0.962897,0.017127,0.960845,0.269868,0.062840,-0.065130,-0.000468,0.997877,0,0.92089,0.78280,55.254,1.566,-1,400.000,-1,375.000,-1,325.000,325.000,350.000,300.000,-1,-1,-1,-1,800.000,675.000,-1,-1,2,0,2,0,2,0,0,0,0,2,2,2,2,0,0,2,2
35,6518.728,5123.095,241.031,76.149,0.238737,-0.970922,0.017739,0.968400,0.239395,0.069937,-0.072150,0.000482,0.997394,0,0.92494,0.90280,55.496,1.806,-1,400.000,-1,375.000,-1,325.000,300.000,350.000,300.000,-1,-1,-1,-1,775.000,650.000,-1,-1,2,0,2,0,2,0,0,0,0,2,2,2,2,0,0,2,2
36,6530.178,5177.659,238.767,78.149,0.204592,-0.978684,0.017868,0.975637,0.205364,0.077182,-0.079207,0.001642,0.996857,0,0.92918,1.00000,55.751,2.000,-1,400.000,-1,350.000,975.000,300.000,300.000,350.000,300.000,-1,-1,-1,-1,750.000,625.000,-1,975.000,2,0,2,0,0,0,0,0,0,2,2,2,2,0,0,2,0
37,6539.761,5232.854,235.473,80.149,0.170609,-0.985256,0.012799,0.981899,0.171083,0.081267,-0.082258,-0.001298,0.996610,0,0.93367,1.00000,56.020,2.000,950.000,375.000,-1,350.000,925.000,300.000,300.000,350.000,325.000,-1,-1,-1,-1,725.000,600.000,-1,925.000,1,0,2,0,0,0,0,0,0,2,2,2,2,0,0,2,0
38,6547.451,5288.628,231.866,82.149,0.136342,-0.990623,0.008737,0.987121,0.136594,0.083276,-0.083688,-0.002729,0.996488,0,0.93835,1.00000,56.301,2.000,900.000,375.000,-1,350.000,900.000,300.000,300.000,350.000,325.000,-1,-1,-1,-1,700.000,600.000,-1,900.000,1,0,2,0,0,0,0,0,0,2,2,2,2,0,0,2,0
39,6553.220,5344.925,227.630,84.149,0.101841,-0.994786,0.005353,0.991470,0.101938,0.081220,-0.081342,-0.002964,0.996682,0,0.94322,1.00000,56.593,2.000,850.000,375.000,-1,350.000,900.000,300.000,300.000,350.000,325.000,-1,-1,-1,-1,700.000,625.000,950.000,900.000,1,0,2,0,0,0,0,0,0,2,2,2,2,0,0,1,0
40,6557.040,5401.693,223.391,86.149,0.067206,-0.997737,0.002069,0.994592,0.067159,0.079224,-0.079184,-0.003267,0.996855,0,0.94828,1.00000,56.897,2.000,825.000,400.000,-1,350.000,900.000,300.000,300.000,350.000,325.000,-1,-1,-1,-1,700.000,625.000,875.000,900.000,1,0,2,0,0,0,0,0,0,2,2,2,2,0,0,1,0
41,6558.888,5458.874,219.139,88.149,0.032480,-0.999472,-0.001110,0.996485,0.032297,0.077299,-0.077222,-0.003617,0.997007,0,0.95352,1.00000,57.211,2.000,775.000,400.000,-1,350.000,900.000,325.000,300.000,350.000,325.000,-1,-1,-1,-1,700.000,600.000,825.000,900.000,1,0,2,0,0,0,0,0,0,2,2,2,2,0,0,1,0
42,6558.738,5516.410,214.858,90.149,-0.002295,-0.999989,-0.004179,0.997146,-0.002603,0.075453,-0.075463,-0.003994,0.997141,0,0.95894,1.00000,57.537,2.000,725.000,400.000,-1,350.000,900.000,325.000,300.000,350.000,325.000,-1,-1,-1,-1,675.000,600.000,750.000,900.000,1,0,2,0,0,0,0,0,0,2,2,2,2,0,0,1,0
43,6556.980,5569.117,210.925,91.909,-0.032896,-0.999435,-0.006877,0.996713,-0.033315,0.073841,-0.074028,-0.004425,0.997246,0,0.87894,0.88000,52.737,1.760,700.000,400.000,-1,375.000,900.000,325.000,300.000,350.000,325.000,-1,-1,-1,-1,675.000,600.000,700.000,900.000,1,0,2,0,0,0,0,0,0,2,2,2,2,1,0,1,0
44,6554.045,5618.106,207.250,93.429,-0.059295,-0.998197,-0.009295,0.995580,-0.059814,0.072409,-0.072834,-0.004960,0.997332,0,0.81795,0.76000,49.077,1.520,650.000,400.000,-1,375.000,875.000,325.000,300.000,350.000,325.000,-1,-1,-1,-1,650.000,600.000,650.000,900.000,1,0,2,0,0,0,0,0,0,2,2,2,2,1,0,1,0
45,6549.991,5667.307,203.538,94.709,-0.081472,-0.996608,-0.011654,0.994090,-0.082097,0.071029,-0.071745,-0.005798,0.997406,0,0.82279,0.64000,49.367,1.280,600.000,400.000,-1,350.000,875.000,325.000,300.000,350.000,300.000,-1,-1,-1,-1,600.000,600.000,600.000,875.000,1,0,2,0,0,0,0,0,0,2,2,2,2,1,0,1,0
46,6545.017,5716.707,199.786,95.749,-0.099434,-0.994946,-0.013974,0.992526,-0.100171,0.069692,-0.070740,-0.006940,0.997471,0,0.82751,0.52000,49.650,1.040,550.000,375.000,-1,350.000,875.000,300.000,300.000,350.000,300.000,-1,-1,-1,-1,575.000,575.000,550.000,875.000,1,0,2,0,0,0,0,0,0,2,2,2,2,1,0,1,0
47,6539.323,5766.304,195.991,96.549,-0.113196,-0.993439,-0.016274,0.991118,-0.114052,0.068387,-0.069794,-0.008388,0.997526,0,0.83205,0.40000,49.923,0.800,500.000,375.000,-1,350.000,850.000,300.000,300.000,325.000,300.000,-1,-1,-1,-1,550.000,575.000,500.000,850.000,1,0,2,0,0,0,0,0,0,2,2,2,2,1,0,1,0
48,6533.112,5816.098,192.108,97.109,-0.122758,-0.992259,-0.018766,0.990034,-0.123754,0.067218,-0.069020,-0.010327,0.997562,0,0.83634,0.28000,50.180,0.560,450.000,375.000,-1,350.000,850.000,300.000,300.000,325.000,300.000,-1,-1,-1,-1,525.000,575.000,450.000,825.000,1,0,2,0,0,0,0,0,0,2,2,2,2,1,0,1,0
49,6526.442,5866.074,188.190,97.601,-0.131114,-0.991135,-0.021446,0.989003,-0.132264,0.066183,-0.068432,-0.012533,0.997577,0,0.84031,0.24592,50.419,0.492,400.000,350.000,-1,325.000,825.000,300.000,275.000,325.000,300.000,-1,-1,-1,-1,500.000,550.000,400.000,800.000,1,0,2,0,0,0,0,0,0,2,2,2,2,1,0,1,0
50,6519.303,5916.213,185.032,98.102,-0.139441,-0.989863,-0.026980,0.987961,-0.140913,0.063852,-0.067006,-0.017751,0.997595,0,0.84408,0.25049,50.645,0.501,350.000,350.000,-1,325.000,850.000,275.000,275.000,325.000,300.000,-1,600.000,-1,-1,475.000,550.000,375.000,800.000,1,0,2,0,0,0,0,0,0,2,0,2,2,1,0,1,0
51,6511.685,5966.499,182.671,98.613,-0.148131,-0.988511,-0.030058,0.986893,-0.149719,0.060222,-0.064030,-0.020743,0.997732,0,0.84767,0.25527,50.860,0.511,325.000,350.000,-1,325.000,925.000,275.000,275.000,325.000,300.000,-1,525.000,-1,-1,450.000,550.000,325.000,825.000,1,0,2,0,0,0,0,0,0,2,0,2,2,1,0,1,0
52,6503.581,6016.916,181.573,99.133,-0.157424,-0.987154,-0.027286,0.985869,-0.158702,0.053630,-0.057271,-0.018458,0.998188,0,0.85109,0.26029,51.065,0.521,275.000,350.000,-1,350.000,-1,300.000,275.000,350.000,300.000,-1,425.000,750.000,-1,450.000,575.000,300.000,900.000,1,1,2,0,2,0,0,0,0,2,0,0,2,1,0,1,0
53,6494.978,6067.444,180.781,99.664,-0.166948,-0.985700,-0.022880,0.984729,-0.167855,0.046183,-0.049363,-0.014820,0.998671,0,0.85428,0.26556,51.257,0.531,250.000,350.000,-1,350.000,-1,300.000,300.000,350.000,300.000,-1,375.000,525.000,-1,425.000,600.000,275.000,-1,1,1,2,0,2,0,0,0,0,2,0,0,2,1,0,1,2
54,6485.866,6118.064,180.319,100.206,-0.176667,-0.984129,-0.016698,0.983449,-0.177187,0.037861,-0.040219,-0.009733,0.999143,0,0.85724,0.27111,51.434,0.542,225.000,325.000,-1,375.000,-1,300.000,300.000,375.000,300.000,-1,325.000,400.000,-1,425.000,625.000,250.000,-1,1,1,2,0,2,0,0,0,0,2,0,0,2,1,0,1,2
55,6476.234,6168.751,180.209,100.760,-0.186529,-0.982412,-0.008597,0.981999,-0.186702,0.028653,-0.029754,-0.003097,0.999552,0,0.85992,0.27697,51.595,0.554,200.000,325.000,-1,375.000,-1,325.000,325.000,425.000,300.000,-1,300.000,325.000,-1,400.000,650.000,225.000,-1,1,1,2,0,2,0,0,0,0,2,0,0,2,1,0,1,2
56,6466.074,6219.480,180.475,101.327,-0.196463,-0.980510,0.001572,0.980348,-0.196401,0.018552,-0.017881,0.005186,0.999827,0,0.86228,0.28317,51.737,0.566,200.000,325.000,-1,400.000,-1,350.000,325.000,450.000,300.000,-1,250.000,225.000,-1,400.000,700.000,200.000,-1,1,1,2,0,2,0,0,0,0,2,0,0,2,1,0,1,2
57,6455.374,6270.221,181.139,101.906,-0.206375,-0.978373,0.013961,0.978463,-0.206286,0.007563,-0.004519,0.015222,0.999874,0,0.86429,0.28972,51.857,0.579,175.000,325.000,-1,425.000,-1,375.000,350.000,500.000,275.000,-1,200.000,150.000,-1,375.000,750.000,200.000,-1,1,1,2,0,2,0,0,0,0,2,0,0,2,1,0,1,2
58,6444.125,6320.942,182.225,102.499,-0.216143,-0.975939,0.028725,0.976306,-0.216351,-0.004298,0.010409,0.027116,0.999578,0,0.86589,0.29666,51.953,0.593,150.000,325.000,-1,425.000,-1,375.000,375.000,550.000,275.000,-1,175.000,125.000,-1,375.000,800.000,175.000,-1,1,1,2,0,2,1,0,0,0,2,0,0,2,1,0,1,2
59,6432.320,6371.608,183.754,103.108,-0.225619,-0.973128,0.046021,0.973842,-0.226589,-0.017000,0.026971,0.040982,0.998796,0,0.86703,0.30402,52.022,0.608,150.000,300.000,-1,475.000,-1,375.000,400.000,625.000,275.000,-1,150.000,100.000,775.000,375.000,875.000,175.000,-1,1,1,2,0,2,1,0,0,0,2,0,0,0,1,0,1,2
60,6419.949,6422.178,185.748,103.731,-0.234619,-0.969844,0.066004,0.971035,-0.236982,-0.030494,0.045216,0.056937,0.997353,0,0.86766,0.31183,52.060,0.624,125.000,300.000,-1,500.000,-1,375.000,425.000,525.000,250.000,-1,150.000,75.000,525.000,375.000,-1,150.000,-1,1,1,2,0,2,1,0,1,0,2,0,0,0,1,2,1,2
61,6407.006,6472.608,188.183,104.371,-0.242919,-0.965983,0.088691,0.967845,-0.247510,-0.044895,0.065320,0.074933,0.995047,0,0.86771,0.32013,52.063,0.640,125.000,300.000,-1,525.000,-1,375.000,475.000,425.000,250.000,-1,125.000,50.000,375.000,375.000,-1,150.000,-1,1,1,2,0,2,1,0,1,0,2,0,0,0,1,2,1,2
62,6393.489,6522.852,191.804,105.029,-0.250657,-0.961634,0.111498,0.964285,-0.258197,-0.059071,0.085593,0.092710,0.992007,0,0.86711,0.32894,52.027,0.658,100.000,300.000,-1,575.000,-1,375.000,500.000,375.000,250.000,-1,125.000,50.000,325.000,400.000,-1,125.000,-1,1,1,2,0,2,1,0,1,0,2,0,0,0,1,2,1,2
63,6379.391,6572.855,196.263,105.706,-0.257417,-0.956622,0.136421,0.960266,-0.269000,-0.074351,0.107824,0.111861,0.987857,0,0.86580,0.33828,51.948,0.677,100.000,325.000,-1,625.000,-1,375.000,550.000,350.000,225.000,-1,125.000,25.000,250.000,400.000,-1,125.000,-1,1,1,2,0,2,1,1,1,0,2,0,0,0,1,2,1,2
64,6364.709,6622.560,201.550,106.402,-0.262850,-0.950567,0.165328,0.955924,-0.279807,-0.088981,0.130843,0.134652,0.982216,0,0.86370,0.34817,51.822,0.696,100.000,325.000,-1,725.000,-1,375.000,550.000,325.000,225.000,-1,125.000,0.000,200.000,425.000,-1,100.000,-1,1,1,2,0,2,1,1,1,0,2,0,0,0,1,2,1,2
65,6231.372,6231.379,172.456,-34.122,0.827241,0.559817,-0.047720,-0.561660,0.826170,-0.044508,0.014508,0.063621,0.997869,1,0.00000,0.00000,51.645,0.717,-1,400.000,-1,325.000,325.000,325.000,275.000,450.000,225.000,375.000,0.000,0.000,-1,825.000,525.000,-1,450.000,2,0,2,0,0,0,0,0,0,1,1,1,2,0,0,2,0
66,-4260.932,-4262.316,158.518,-154.490,-0.902076,0.430467,0.030936,-0.428800,-0.902084,0.048732,0.048884,0.030694,0.998333,1,-0.04849,-0.12000,-2.910,-0.240,-1,450.000,-1,475.000,175.000,375.000,375.000,275.000,150.000,800.000,200.000,350.000,575.000,825.000,875.000,-1,-1,2,0,2,0,1,0,0,0,1,0,0,0,1,0,0,2,2
67,-4258.432,-4261.148,158.996,-154.970,-0.905577,0.422916,0.032747,-0.421264,-0.905703,0.047304,0.049665,0.029042,0.998344,0,-0.04600,-0.24000,-2.760,-0.480,-1,450.000,-1,475.000,175.000,375.000,400.000,275.000,150.000,775.000,175.000,350.000,575.000,825.000,900.000,-1,-1,2,0,2,0,1,0,0,0,1,0,0,0,1,0,0,2,2
68,-4256.133,-4260.108,159.679,-155.690,-0.910717,0.411527,0.035214,-0.409906,-0.911003,0.045285,0.050716,0.026807,0.998353,0,-0.04205,-0.36000,-2.523,-0.720,-1,450.000,-1,500.000,175.000,375.000,400.000,275.000,150.000,725.000,175.000,325.000,600.000,850.000,900.000,-1,-1,2,0,2,0,1,0,0,0,1,0,0,0,1,0,0,2,2
69,-4254.111,-4259.234,160.555,-156.650,-0.917352,0.396234,0.038248,-0.394665,-0.917835,0.042641,0.052002,0.024022,0.998358,0,-0.03672,-0.48000,-2.203,-0.960,-1,450.000,-1,500.000,150.000,375.000,400.000,275.000,175.000,700.000,150.000,325.000,625.000,850.000,950.000,-1,-1,2,0,2,0,1,0,0,0,1,0,0,0,1,0,0,2,2
70,-4252.442,-4258.553,161.611,-157.850,-0.925291,0.376954,0.041748,-0.375468,-0.926000,0.039329,0.053484,0.020715,0.998354,0,-0.03004,-0.60000,-1.802,-1.200,-1,475.000,-1,500.000,150.000,400.000,400.000,275.000,175.000,650.000,150.000,300.000,675.000,850.000,975.000,-1,-1,2,0,2,0,1,0,0,0,1,0,0,0,1,0,0,2,2
71,-4251.204,-4258.084,162.831,-159.290,-0.934289,0.353589,0.045595,-0.352230,-0.935248,0.035294,0.055122,0.016915,0.998336,0,-0.02208,-0.72000,-1.325,-1.440,-1,475.000,-1,525.000,150.000,400.000,425.000,275.000,175.000,600.000,125.000,275.000,-1,875.000,1000.000,-1,-1,2,0,2,0,1,0,0,0,1,0,0,0,2,0,0,2,2
72,-4250.473,-4257.830,164.197,-160.970,-0.944052,0.326039,0.049652,-0.324857,-0.945272,0.030483,0.056873,0.012648,0.998301,0,-0.01290,-0.84000,-0.774,-1.680,-1,475.000,-1,550.000,150.000,400.000,425.000,275.000,200.000,550.000,125.000,275.000,-1,900.000,-1,-1,300.000,2,0,2,0,1,0,0,0,1,0,0,0,2,0,2,2,1
73,-4250.326,-4257.783,165.687,-162.890,-0.954231,0.294200,0.053759,-0.293256,-0.955711,0.024844,0.058687,0.007941,0.998245,0,-0.00257,-0.96000,-0.154,-1.920,-1,500.000,-1,550.000,125.000,425.000,425.000,275.000,225.000,525.000,100.000,250.000,-1,900.000,950.000,-1,250.000,2,0,2,1,1,0,0,0,1,0,0,0,2,0,1,2,1
74,-4250.840,-4257.921,167.162,-164.890,-0.963715,0.260674,0.057471,-0.260013,-0.965422,0.018821,0.060390,0.003195,0.998170,0,0.00886,-1.00000,0.531,-2.000,-1,500.000,-1,500.000,125.000,425.000,450.000,275.000,225.000,475.000,100.000,250.000,-1,925.000,800.000,-1,200.000,2,0,2,1,1,0,0,0,1,0,0,0,2,0,1,2,1
75,-4252.031,-4258.197,168.563,-166.890,-0.972046,0.226823,0.060642,-0.226474,-0.973935,0.012660,0.061933,-0.001428,0.998079,0,0.02038,-1.00000,1.223,-2.000,-1,500.000,-1,450.000,125.000,425.000,450.000,275.000,250.000,450.000,100.000,225.000,-1,950.000,700.000,-1,175.000,2,0,2,1,1,0,0,0,1,0,0,0,2,0,1,2,1
76,-4253.888,-4258.561,169.894,-168.890,-0.979215,0.192692,0.063303,-0.192679,-0.981241,0.006371,0.063343,-0.005958,0.997974,0,0.03153,-1.00000,1.892,-2.000,-1,525.000,-1,425.000,125.000,450.000,475.000,275.000,275.000,425.000,75.000,225.000,-1,950.000,625.000,-1,175.000,2,0,2,1,1,0,0,0,1,0,0,0,2,0,1,2,1
77,-4256.398,-4258.963,171.158,-170.890,-0.985214,0.158324,0.065482,-0.158667,-0.987332,-0.000037,0.064646,-0.010426,0.997854,0,0.04236,-1.00000,2.541,-2.000,-1,525.000,-1,375.000,125.000,450.000,475.000,275.000,300.000,400.000,75.000,225.000,-1,975.000,575.000,-1,175.000,2,0,2,1,1,0,0,0,1,0,0,0,2,0,1,2,1
78,-4259.546,-4259.356,172.358,-172.890,-0.990034,0.123763,0.067204,-0.124479,-0.992201,-0.006557,0.065868,-0.014857,0.997718,0,0.05287,-1.00000,3.172,-2.000,-1,525.000,-1,350.000,125.000,450.000,500.000,275.000,325.000,375.000,75.000,200.000,-1,975.000,500.000,-1,150.000,2,0,2,1,1,0,0,0,1,0,0,0,2,0,1,2,1
79,-4263.317,-4259.693,173.497,-174.890,-0.993669,0.089054,0.068488,-0.090157,-0.995840,-0.013185,0.067029,-0.019276,0.997565,0,0.06311,-1.00000,3.786,-2.000,-1,525.000,-1,325.000,125.000,475.000,475.000,275.000,350.000,375.000,50.000,200.000,-1,1000.000,450.000,-1,150.000,2,0,2,1,1,0,1,0,1,0,0,0,2,0,1,2,1
80,-4267.696,-4259.931,174.577,-176.890,-0.996117,0.054240,0.069353,-0.055742,-0.998247,-0.019916,0.068151,-0.023705,0.997393,0,0.07309,-1.00000,4.385,-2.000,-1,550.000,-1,325.000,125.000,475.000,425.000,275.000,375.000,350.000,50.000,200.000,-1,1000.000,425.000,-1,150.000,2,0,2,1,1,0,1,0,1,0,0,0,2,0,1,2,1
81,-4272.665,-4260.028,175.600,-178.890,-0.997372,0.019366,0.069811,-0.021278,-0.999416,-0.026747,0.069252,-0.028162,0.997202,0,0.08283,-1.00000,4.970,-2.000,-1,550.000,-1,300.000,125.000,475.000,375.000,275.000,425.000,350.000,50.000,200.000,-1,-1,375.000,-1,150.000,2,0,2,1,1,0,1,0,1,0,0,0,2,2,1,2,1
82,-4278.207,-4259.942,176.568,-180.890,-0.997435,-0.015523,0.069873,0.013193,-0.999346,-0.033674,0.070350,-0.032666,0.996987,0,0.09237,-1.00000,5.542,-2.000,-1,550.000,-1,275.000,125.000,500.000,350.000,250.000,450.000,325.000,50.000,175.000,-1,-1,350.000,-1,125.000,2,0,2,1,1,0,1,0,1,0,0,0,2,2,1,2,1
83,-4284.302,-4259.637,177.478,-182.874,-0.996318,-0.050112,0.069568,0.047360,-0.998050,-0.040657,0.071470,-0.037213,0.996748,0,0.10171,-0.99224,6.103,-1.984,-1,550.000,-1,275.000,125.000,500.000,325.000,250.000,475.000,325.000,50.000,175.000,-1,-1,325.000,-1,125.000,2,0,2,1,1,0,1,0,1,0,0,0,2,2,1,2,1
84,-4290.927,-4259.078,178.333,-184.834,-0.994062,-0.084201,0.068927,0.081023,-0.995571,-0.047681,0.072636,-0.041813,0.996482,0,0.11081,-0.97998,6.648,-1.960,-1,550.000,-1,250.000,125.000,500.000,300.000,250.000,475.000,300.000,50.000,175.000,-1,-1,325.000,-1,125.000,2,0,2,1,1,0,1,0,1,0,0,0,2,2,1,2,1
85,-4298.056,-4258.233,179.137,-186.770,-0.990713,-0.117764,0.067968,0.114155,-0.991953,-0.054754,0.073869,-0.046487,0.996184,0,0.11964,-0.96806,7.179,-1.936,-1,575.000,-1,250.000,125.000,475.000,275.000,250.000,500.000,300.000,25.000,175.000,-1,-1,300.000,-1,125.000,2,0,2,1,1,1,1,0,1,0,0,0,2,2,1,2,1
86,-4305.663,-4257.073,179.897,-188.683,-0.986315,-0.150776,0.066707,0.146731,-0.987239,-0.061886,0.075187,-0.051251,0.995852,0,0.12824,-0.95647,7.695,-1.913,-1,575.000,-1,225.000,125.000,425.000,250.000,250.000,500.000,300.000,25.000,175.000,-1,-1,275.000,-1,125.000,2,0,2,1,1,1,1,0,1,0,0,0,2,2,1,2,1
87,-4313.723,-4255.570,180.615,-190.574,-0.980912,-0.183211,0.065156,0.178726,-0.981470,-0.069087,0.076606,-0.056124,0.995481,0,0.13663,-0.94517,8.198,-1.890,-1,575.000,-1,225.000,125.000,400.000,250.000,250.000,500.000,275.000,25.000,150.000,-1,-1,275.000,-1,125.000,2,0,2,1,1,1,1,0,1,0,0,0,2,2,1,2,1
88,-4322.210,-4253.700,181.297,-192.442,-0.974549,-0.215048,0.063320,0.210117,-0.974689,-0.076366,0.078140,-0.061118,0.995067,0,0.14483,-0.93412,8.690,-1.868,-1,600.000,900.000,225.000,125.000,375.000,225.000,250.000,525.000,275.000,25.000,150.000,-1,-1,250.000,-1,125.000,2,0,1,1,1,1,1,0,1,0,0,0,2,2,1,2,1
89,-4331.099,-4251.439,181.946,-194.289,-0.967268,-0.246264,0.061207,0.240881,-0.966936,-0.083733,0.079803,-0.066249,0.994607,0,0.15287,-0.92331,9.172,-1.847,-1,600.000,775.000,200.000,125.000,350.000,225.000,250.000,525.000,275.000,25.000,150.000,-1,-1,250.000,-1,125.000,2,0,1,1,1,1,1,0,1,0,0,0,2,2,1,2,1
90,-4340.367,-4248.764,182.566,-196.114,-0.959115,-0.276839,0.058816,0.270997,-0.958251,-0.091195,0.081606,-0.071527,0.994095,0,0.16075,-0.91271,9.645,-1.825,-1,600.000,675.000,200.000,125.000,325.000,200.000,225.000,525.000,250.000,25.000,150.000,-1,-1,225.000,-1,125.000,2,0,1,1,1,1,1,0,1,0,0,0,2,2,1,2,1
91,-4349.988,-4245.657,183.161,-197.919,-0.950132,-0.306753,0.056147,0.300446,-0.948672,-0.098759,0.083560,-0.076965,0.993526,0,0.16850,-0.90229,10.110,-1.805,-1,525.000,575.000,175.000,125.000,300.000,200.000,225.000,525.000,250.000,25.000,150.000,-1,-1,225.000,-1,125.000,2,1,1,1,1,1,1,0,1,0,0,0,2,2,1,2,1
92,-4919.512,-4919.512,200.249,138.013,-0.744591,-0.667035,0.025461,0.666666,-0.741167,0.078921,-0.033772,0.075738,0.996556,1,0.00000,0.00000,10.568,-1.784,-1,375.000,975.000,375.000,400.000,300.000,300.000,325.000,300.000,-1,325.000,300.000,-1,700.000,500.000,-1,425.000,2,0,1,0,1,0,0,0,0,2,0,0,2,0,1,2,1
93,-4923.072,-4916.293,200.065,137.876,-0.742985,-0.668815,0.025692,0.668463,-0.739572,0.078680,-0.033622,0.075632,0.996569,0,0.08000,-0.06867,4.800,-0.137,-1,375.000,975.000,375.000,400.000,300.000,300.000,325.000,300.000,-1,325.000,300.000,-1,700.000,500.000,-1,425.000,2,0,1,0,1,0,0,0,0,2,0,0,2,0,1,2,1
94,-4930.177,-4909.837,199.701,137.738,-0.741356,-0.670602,0.026159,0.670293,-0.737964,0.078212,-0.033145,0.075517,0.996593,0,0.16000,-0.06907,9.600,-0.138,-1,375.000,950.000,375.000,375.000,300.000,300.000,325.000,300.000,-1,325.000,300.000,-1,700.000,475.000,-1,425.000,2,0,1,0,1,0,0,0,0,2,0,0,2,0,1,2,1
95,-4940.811,-4900.126,199.160,137.598,-0.739689,-0.672413,0.026858,0.672171,-0.736327,0.077519,-0.032349,0.075393,0.996629,0,0.24000,-0.07014,14.400,-0.140,-1,375.000,925.000,375.000,375.000,300.000,300.000,325.000,300.000,-1,325.000,300.000,-1,700.000,475.000,-1,425.000,2,0,1,0,1,0,0,0,0,2,0,0,2,0,1,2,1
96,-4954.956,-4887.144,198.443,137.454,-0.737966,-0.674266,0.027782,0.674115,-0.734644,0.076603,-0.031241,0.075259,0.996675,0,0.32000,-0.07191,19.200,-0.144,-1,375.000,900.000,375.000,350.000,300.000,300.000,325.000,300.000,-1,325.000,300.000,-1,700.000,475.000,-1,400.000,2,0,1,0,1,0,0,0,0,2,0,0,2,0,1,2,1
97,-4972.595,-4870.869,197.619,137.305,-0.736171,-0.676188,0.028664,0.676129,-0.732908,0.075464,-0.030020,0.074935,0.996736,0,0.40000,-0.07439,24.000,-0.149,-1,375.000,875.000,375.000,350.000,300.000,300.000,325.000,300.000,-1,325.000,275.000,-1,700.000,450.000,-1,375.000,2,0,1,0,1,0,0,0,0,2,0,0,2,0,1,2,1
98,-4993.710,-4851.283,196.805,137.150,-0.734312,-0.678163,0.029680,0.678189,-0.731065,0.074855,-0.029066,0.075096,0.996753,0,0.48000,-0.07761,28.800,-0.155,-1,375.000,850.000,375.000,325.000,300.000,300.000,325.000,300.000,-1,325.000,300.000,-1,725.000,425.000,-1,350.000,2,0,1,1,1,0,0,0,0,2,0,0,2,0,1,2,1
99,-5018.278,-4828.363,195.867,136.987,-0.732348,-0.680230,0.030874,0.680357,-0.729117,0.074184,-0.027951,0.075334,0.996767,0,0.56000,-0.08161,33.600,-0.163,-1,375.000,800.000,375.000,300.000,300.000,300.000,325.000,300.000,-1,350.000,300.000,-1,725.000,400.000,-1,325.000,2,0,1,1,1,0,0,0,0,2,0,0,2,0,1,2,1
100,-5046.277,-4802.083,194.811,136.814,-0.730258,-0.682410,0.032253,0.682650,-0.727043,0.073470,-0.026687,0.075669,0.996776,0,0.64000,-0.08644,38.400,-0.173,-1,375.000,750.000,350.000,275.000,300.000,300.000,325.000,300.000,-1,350.000,325.000,-1,725.000,375.000,-1,300.000,2,0,1,1,1,0,0,0,0,2,0,0,2,0,1,2,1
101,-5077.681,-4772.418,193.643,136.629,-0.728020,-0.684721,0.033824,0.685089,-0.724819,0.072736,-0.025288,0.076125,0.996778,0,0.72000,-0.09215,43.200,-0.184,-1,375.000,725.000,325.000,225.000,300.000,300.000,325.000,300.000,-1,375.000,325.000,-1,750.000,350.000,-1,250.000,2,0,1,1,1,0,0,0,0,2,0,0,2,0,1,2,1
102,-5112.460,-4739.336,192.373,136.432,-0.725610,-0.687185,0.035594,0.687696,-0.722419,0.072007,-0.023768,0.076727,0.996769,0,0.80000,-0.09881,48.000,-0.198,-1,375.000,675.000,300.000,200.000,300.000,325.000,300.000,300.000,-1,375.000,350.000,-1,775.000,325.000,-1,225.000,2,0,1,1,1,0,1,0,0,2,0,0,2,0,1,2,1
103,-5150.582,-4702.804,191.008,136.219,-0.723001,-0.689824,0.037574,0.690492,-0.719817,0.071312,-0.022146,0.077504,0.996746,0,0.88000,-0.10649,52.800,-0.213,-1,400.000,600.000,250.000,150.000,325.000,275.000,300.000,300.000,-1,400.000,375.000,-1,750.000,275.000,-1,175.000,2,0,1,1,1,0,1,0,0,2,0,0,2,1,1,2,1
104,-5192.007,-4662.782,190.147,135.988,-0.720059,-0.692814,0.039044,0.693660,-0.717137,0.067446,-0.018727,0.075649,0.996959,0,0.96000,-0.11527,57.600,-0.231,-1,400.000,550.000,225.000,125.000,325.000,250.000,300.000,300.000,-1,400.000,375.000,-1,750.000,250.000,-1,125.000,2,0,1,1,1,0,1,0,1,2,0,0,2,1,1,2,1
105,-5234.271,-4621.563,198.612,135.738,-0.715764,-0.697409,0.036095,0.698234,-0.715607,0.019383,0.012311,0.039076,0.999160,0,0.98393,-0.12522,59.036,-0.250,-1,475.000,-1,225.000,125.000,350.000,225.000,275.000,300.000,-1,225.000,275.000,-1,-1,250.000,-1,125.000,2,0,2,1,1,1,1,0,1,2,0,0,2,2,1,2,1
106,-5276.179,-4580.317,207.293,135.466,-0.712103,-0.701327,0.032401,0.700696,-0.712838,-0.029787,0.043987,0.001491,0.999031,0,0.97997,-0.13575,58.798,-0.272,-1,500.000,-1,200.000,100.000,350.000,225.000,250.000,300.000,600.000,75.000,225.000,-1,-1,225.000,-1,125.000,2,1,2,1,1,1,1,0,1,0,0,0,2,2,1,2,1
107,-5318.884,-4538.164,216.357,135.371,-0.711610,-0.702006,0.028253,0.698342,-0.711159,-0.081067,0.077002,-0.037958,0.996308,0,1.00000,-0.04765,60.000,-0.095,-1,575.000,-1,200.000,100.000,350.000,225.000,250.000,300.000,350.000,25.000,200.000,-1,-1,225.000,-1,100.000,2,1,2,1,1,1,1,0,1,0,0,0,2,2,1,2,1
108,-5361.519,-4495.937,226.090,135.260,-0.712247,-0.701603,0.021366,0.693397,-0.707996,-0.133950,0.109107,-0.080590,0.990758,0,1.00000,-0.05562,60.000,-0.111,-1,800.000,-1,200.000,100.000,375.000,250.000,225.000,300.000,225.000,0.000,175.000,-1,-1,250.000,-1,100.000,2,0,2,1,1,1,1,0,1,0,0,0,2,2,1,2,1
109,-5404.075,-4453.626,236.035,135.131,-0.714090,-0.699925,0.013436,0.685640,-0.703133,-0.188417,0.141325,-0.125334,0.981997,0,1.00000,-0.06442,60.000,-0.129,-1,1000.000,-1,225.000,100.000,450.000,275.000,200.000,300.000,150.000,0.000,150.000,-1,-1,300.000,-1,100.000,2,0,2,1,1,1,1,0,1,0,0,0,2,2,1,2,1
110,-8855.091,-6887.289,241.037,116.250,-0.443316,-0.896146,-0.019835,0.895618,-0.441934,-0.050621,0.036598,-0.040206,0.998521,1,0.00000,0.00000,60.000,-0.148,-1,425.000,-1,475.000,-1,350.000,350.000,300.000,300.000,675.000,450.000,525.000,-1,-1,-1,-1,-1,2,0,2,0,2,0,0,0,0,1,1,1,2,2,2,2,2
111,-8857.232,-6882.994,241.252,116.490,-0.447060,-0.894276,-0.020189,0.893782,-0.445678,-0.050241,0.035932,-0.040506,0.998533,0,0.08000,0.12000,4.800,0.240,-1,425.000,-1,475.000,-1,350.000,350.000,300.000,300.000,675.000,450.000,550.000,-1,-1,-1,-1,-1,2,0,2,0,2,0,0,0,0,1,1,1,2,2,2,2,2
112,-8861.587,-6874.438,241.679,116.970,-0.454523,-0.890489,-0.020905,0.890062,-0.453144,-0.049496,0.034603,-0.041104,0.998556,0,0.16000,0.24000,9.600,0.480,-1,425.000,-1,475.000,-1,350.000,350.000,300.000,300.000,675.000,475.000,550.000,-1,-1,-1,-1,-1,2,0,2,0,2,0,0,0,0,1,1,1,2,2,2,2,2
113,-8868.279,-6861.688,242.312,117.690,-0.465657,-0.884692,-0.021999,0.884364,-0.464280,-0.048412,0.032616,-0.041998,0.998585,0,0.24000,0.36000,14.400,0.720,-1,425.000,-1,475.000,-1,350.000,350.000,300.000,300.000,675.000,500.000,575.000,-1,-1,-1,-1,-1,2,0,2,0,2,0,0,0,0,1,1,1,2,2,2,2,2
114,-8877.485,-6844.839,243.144,118.650,-0.480382,-0.876745,-0.023490,0.876547,-0.479013,-0.047029,0.029981,-0.043182,0.998617,0,0.32000,0.48000,19.200,0.960,-1,425.000,-1,475.000,-1,350.000,350.000,300.000,300.000,700.000,525.000,625.000,-1,-1,-1,-1,-1,2,0,2,0,2,0,0,0,0,1,1,1,2,2,2,2,2
115,-8889.431,-6824.024,244.164,119.850,-0.498591,-0.866465,-0.025402,0.866426,-0.497238,-0.045406,0.026712,-0.044648,0.998646,0,0.40000,0.60000,24.000,1.200,-1,425.000,-1,500.000,-1,350.000,350.000,300.000,325.000,725.000,575.000,675.000,-1,-1,-1,-1,-1,2,0,2,0,2,0,0,0,0,1,1,1,2,2,2,2,2
116,-8904.390,-6799.414,245.314,121.290,-0.520136,-0.853634,-0.027687,0.853781,-0.518818,-0.043422,0.022702,-0.046224,0.998673,0,0.48000,0.72000,28.800,1.440,-1,425.000,-1,500.000,-1,325.000,350.000,300.000,325.000,725.000,625.000,725.000,-1,-1,-1,-1,-1,2,0,2,0,2,0,0,0,0,1,1,1,2,2,2,2,2
117,-8922.676,-6771.227,246.507,122.970,-0.544828,-0.838001,-0.030277,0.838359,-0.543585,-0.040857,0.017780,-0.047643,0.998706,0,0.56000,0.84000,33.600,1.680,-1,400.000,-1,500.000,-1,325.000,350.000,300.000,325.000,775.000,700.000,800.000,-1,975.000,-1,-1,-1,2,0,2,0,2,0,0,0,0,1,1,1,2,0,2,2,2
118,-8944.641,-6739.730,247.283,124.890,-0.572484,-0.819333,-0.030925,0.819801,-0.571366,-0.038297,0.013708,-0.047277,0.998788,0,0.64000,0.96000,38.400,1.920,-1,400.000,-1,525.000,-1,325.000,350.000,300.000,325.000,800.000,775.000,900.000,-1,925.000,-1,-1,-1,2,0,2,0,2,0,0,0,0,1,1,1,2,0,2,2,2
119,-8968.665,-6707.720,247.629,126.890,-0.600636,-0.798963,-0.029915,0.799452,-0.599664,-0.035758,0.010631,-0.045393,0.998913,0,0.66705,1.00000,40.023,2.000,-1,400.000,-1,525.000,-1,325.000,350.000,300.000,325.000,825.000,850.000,1000.000,-1,900.000,-1,-1,-1,2,0,2,0,2,0,0,0,0,1,1,1,2,0,2,2,2
120,-8994.205,-6676.055,247.927,128.890,-0.628066,-0.777615,-0.029135,0.778124,-0.627236,-0.033135,0.007492,-0.043481,0.999026,0,0.67802,1.00000,40.681,2.000,-1,400.000,-1,525.000,-1,325.000,375.000,300.000,325.000,850.000,925.000,-1,-1,900.000,-1,-1,-1,2,0,2,0,2,0,0,0,0,1,1,2,2,0,2,2,2
121,-9022.689,-6642.881,248.201,130.650,-0.651568,-0.758048,-0.028667,0.758578,-0.650878,-0.030288,0.004301,-0.041481,0.999130,0,0.72875,0.88000,43.725,1.760,-1,400.000,-1,550.000,-1,325.000,375.000,300.000,325.000,875.000,-1,-1,-1,875.000,-1,-1,-1,2,0,2,0,2,0,0,0,0,1,2,2,2,0,2,2,2
122,-9052.227,-6610.451,247.611,132.330,-0.673368,-0.738783,-0.027848,0.739306,-0.672954,-0.023637,-0.001278,-0.036505,0.999333,0,0.73110,0.84004,43.866,1.680,-1,400.000,-1,525.000,-1,325.000,375.000,300.000,300.000,950.000,-1,-1,-1,850.000,-1,-1,-1,2,0,2,0,2,0,0,0,0,1,2,2,2,0,2,2,2
123,-9082.814,-6578.772,246.837,133.998,-0.694455,-0.719014,-0.027401,0.719499,-0.694300,-0.016380,-0.007247,-0.031090,0.999490,0,0.73392,0.83396,44.035,1.668,-1,375.000,-1,525.000,-1,325.000,375.000,300.000,300.000,1000.000,-1,-1,-1,800.000,-1,-1,-1,2,0,2,0,2,0,0,0,0,1,2,2,2,0,2,2,2
124,-9114.446,-6547.852,246.190,135.655,-0.714861,-0.698757,-0.026694,0.699153,-0.714913,-0.009230,-0.012634,-0.025261,0.999601,0,0.73723,0.82828,44.234,1.657,-1,375.000,-1,500.000,-1,325.000,350.000,300.000,300.000,-1,-1,-1,-1,775.000,-1,-1,-1,2,0,2,0,2,0,0,0,0,2,2,2,2,0,2,2,2
125,-9147.122,-6517.699,245.577,137.301,-0.734574,-0.678023,-0.026198,0.678297,-0.734785,-0.002227,-0.017740,-0.019406,0.999654,0,0.74105,0.82299,44.463,1.646,-1,375.000,-1,500.000,-1,325.000,350.000,300.000,325.000,-1,-1,-1,-1,750.000,-1,-1,-1,2,0,2,0,2,0,0,0,0,2,2,2,2,0,2,2,2
126,-9180.842,-6488.319,244.947,138.937,-0.753586,-0.656829,-0.026148,0.656956,-0.753915,0.004577,-0.022720,-0.013729,0.999648,0,0.74538,0.81805,44.723,1.636,-1,375.000,-1,475.000,-1,325.000,350.000,300.000,325.000,-1,-1,-1,1000.000,725.000,-1,-1,-1,2,0,2,0,2,0,0,0,0,2,2,2,1,0,2,2,2
127,-9215.608,-6459.725,244.076,140.564,-0.771898,-0.635193,-0.026540,0.635180,-0.772300,0.009990,-0.026843,-0.009147,0.999598,0,0.75024,0.81346,45.014,1.627,-1,350.000,-1,475.000,-1,300.000,350.000,325.000,325.000,-1,-1,-1,975.000,725.000,-1,-1,-1,2,0,2,0,2,0,0,0,0,2,2,2,1,0,2,2,2
128,-9251.422,-6431.926,242.988,142.182,-0.789501,-0.613143,-0.027256,0.613006,-0.789952,0.014116,-0.030186,-0.005563,0.999529,0,0.75561,0.80921,45.337,1.618,-1,350.000,-1,450.000,-1,300.000,350.000,325.000,325.000,-1,-1,-1,975.000,700.000,-1,-1,-1,2,0,2,0,2,0,0,0,0,2,2,2,1,0,2,2,2
129,-9288.288,-6404.936,241.746,143.793,-0.806415,-0.590708,-0.027544,0.590428,-0.806884,0.018232,-0.032995,-0.001560,0.999454,0,0.76149,0.80526,45.689,1.611,-1,350.000,-1,450.000,-1,300.000,325.000,325.000,350.000,-1,-1,-1,1000.000,675.000,-1,-1,-1,2,0,2,0,2,0,0,0,0,2,2,2,1,0,2,2,2
130,-9326.209,-6378.772,240.448,145.396,-0.822626,-0.567900,-0.027852,0.567470,-0.823094,0.022245,-0.035558,0.002495,0.999365,0,0.76786,0.80162,46.071,1.603,975.000,350.000,-1,450.000,-1,300.000,325.000,325.000,350.000,-1,-1,-1,-1,650.000,-1,-1,-1,0,0,2,0,2,0,0,0,0,2,2,2,2,0,2,2,2
131,-9365.189,-6353.451,239.128,146.992,-0.838128,-0.544738,-0.028311,0.544151,-0.838581,0.026113,-0.037966,0.006481,0.999258,0,0.77470,0.79825,46.482,1.597,950.000,350.000,-1,425.000,-1,300.000,325.000,325.000,350.000,-1,-1,-1,-1,625.000,1000.000,975.000,-1,0,0,2,0,2,0,0,0,0,2,2,2,2,0,0,0,2
132,-9405.230,-6328.993,238.136,148.583,-0.852925,-0.521245,-0.028696,0.520563,-0.853359,0.028166,-0.039169,0.009085,0.999191,0,0.78199,0.79516,46.920,1.590,925.000,350.000,-1,425.000,-1,300.000,325.000,325.000,350.000,-1,-1,-1,-1,625.000,950.000,900.000,-1,0,0,2,0,2,0,0,0,0,2,2,2,2,0,0,0,2
