timestep,x_cm,y_cm,z_cm,yaw_deg,basis_xx,basis_xy,basis_xz,basis_yx,basis_yy,basis_yz,basis_zx,basis_zy,basis_zz,teleport_flag,throttle_cmd,steering_cmd,cmd_move_cm,cmd_turn_deg,lidar_cm_0,lidar_cm_1,lidar_cm_2,lidar_cm_3,lidar_cm_4,lidar_cm_5,lidar_cm_6,lidar_cm_7,lidar_cm_8,lidar_cm_9,lidar_cm_10,lidar_cm_11,lidar_cm_12,lidar_cm_13,lidar_cm_14,lidar_cm_15,lidar_cm_16,lidar_class_0,lidar_class_1,lidar_class_2,lidar_class_3,lidar_class_4,lidar_class_5,lidar_class_6,lidar_class_7,lidar_class_8,lidar_class_9,lidar_class_10,lidar_class_11,lidar_class_12,lidar_class_13,lidar_class_14,lidar_class_15,lidar_class_16
0,7544.311,4268.234,-14.071,76.346,0.234686,-0.968112,0.087646,0.971941,0.235172,-0.004881,-0.015886,0.086332,0.996140,1,0.08000,0.12000,4.800,0.240,-1,400.000,950.000,400.000,625.000,325.000,325.000,300.000,300.000,-1,-1,-1,-1,875.000,550.000,-1,650.000,2,0,1,0,1,0,0,0,0,2,2,2,2,0,1,2,1
1,7546.499,4277.581,-14.201,76.826,0.226589,-0.970057,0.087450,0.973870,0.227056,-0.004708,-0.015289,0.086232,0.996158,0,0.16000,0.24000,9.600,0.480,-1,400.000,950.000,400.000,650.000,325.000,325.000,300.000,300.000,-1,-1,-1,-1,875.000,550.000,-1,650.000,2,0,1,0,1,0,0,0,0,2,2,2,2,0,1,2,1
2,7549.604,4291.642,-14.384,77.546,0.214415,-0.972845,0.087166,0.976637,0.214851,-0.004459,-0.014389,0.086086,0.996184,0,0.24000,0.36000,14.400,0.720,-1,400.000,950.000,400.000,625.000,325.000,325.000,300.000,300.000,-1,-1,-1,-1,875.000,550.000,-1,625.000,2,0,1,0,1,0,0,0,0,2,2,2,2,0,1,2,1
3,7553.451,4310.452,-14.606,78.443,0.199205,-0.976105,0.086814,0.979868,0.199603,-0.004156,-0.013272,0.085894,0.996216,0,0.32000,0.44835,19.200,0.897,-1,400.000,975.000,400.000,625.000,325.000,325.000,300.000,300.000,-1,-1,-1,-1,875.000,525.000,-1,600.000,2,0,1,1,1,1,0,0,0,2,2,2,2,0,1,2,1
4,7557.892,4334.037,-14.858,79.337,0.183992,-0.979120,0.086437,0.982852,0.184356,-0.003827,-0.012188,0.085659,0.996250,0,0.40000,0.44692,24.000,0.894,-1,400.000,-1,375.000,600.000,325.000,325.000,300.000,300.000,-1,-1,-1,-1,875.000,500.000,-1,575.000,2,0,2,1,1,1,1,0,0,2,2,2,2,0,1,2,1
5,7562.780,4362.418,-15.129,80.227,0.168788,-0.981889,0.086048,0.985589,0.169119,-0.003478,-0.011137,0.085395,0.996285,0,0.48000,0.44527,28.800,0.891,-1,400.000,-1,375.000,575.000,325.000,325.000,300.000,300.000,-1,-1,-1,-1,900.000,500.000,-1,525.000,2,0,2,1,1,1,1,0,0,2,2,2,2,0,1,2,1
6,7567.970,4395.614,-15.406,81.114,0.153605,-0.984412,0.085662,0.988080,0.153907,-0.003112,-0.010120,0.085119,0.996319,0,0.56000,0.44337,33.600,0.887,-1,400.000,-1,350.000,550.000,325.000,300.000,300.000,300.000,-1,-1,-1,-1,900.000,475.000,-1,500.000,2,0,2,1,1,1,1,0,0,2,2,2,2,0,1,2,1
7,7573.317,4433.639,-15.679,81.996,0.138458,-0.986689,0.085294,0.990326,0.138733,-0.002732,-0.009138,0.084847,0.996352,0,0.64000,0.44117,38.400,0.882,-1,425.000,-1,325.000,500.000,325.000,300.000,300.000,300.000,-1,-1,-1,-1,925.000,450.000,-1,450.000,2,0,2,1,1,1,1,0,0,2,2,2,2,0,1,2,1
8,7578.676,4476.505,-15.936,82.874,0.123363,-0.988718,0.084955,0.992328,0.123613,-0.002338,-0.008190,0.084592,0.996382,0,0.72000,0.43862,43.200,0.877,-1,425.000,-1,325.000,425.000,325.000,275.000,300.000,300.000,-1,-1,-1,-1,950.000,425.000,-1,400.000,2,0,2,1,1,1,1,0,0,2,2,2,2,0,1,2,1
9,7584.101,4524.197,-16.178,83.511,0.112370,-0.990050,0.084703,0.993637,0.112611,-0.001941,-0.007617,0.084383,0.996404,0,0.80000,0.31862,48.000,0.637,-1,425.000,-1,300.000,375.000,325.000,275.000,300.000,300.000,-1,-1,-1,-1,1000.000,400.000,-1,350.000,2,0,2,1,1,1,1,0,0,2,2,2,2,0,1,2,1
10,7589.704,4576.698,-16.537,83.908,0.105496,-0.990861,0.084059,0.994392,0.105750,-0.001436,-0.007466,0.083739,0.996460,0,0.88000,0.19862,52.800,0.397,-1,425.000,-1,275.000,325.000,325.000,250.000,300.000,300.000,-1,-1,-1,-1,-1,375.000,-1,300.000,2,0,2,1,1,1,1,0,0,2,2,2,2,2,1,2,1
11,7595.665,4633.989,-16.551,84.065,0.102904,-0.991572,0.078715,0.994672,0.103074,-0.001909,-0.006221,0.078492,0.996895,0,0.96000,0.07862,57.600,0.157,-1,425.000,-1,250.000,275.000,325.000,250.000,300.000,300.000,-1,-1,-1,-1,-1,350.000,-1,250.000,2,0,2,1,1,1,1,0,0,2,2,2,2,2,1,2,1
12,7601.905,4693.065,-13.527,83.983,0.105066,-0.992586,0.061105,0.994458,0.104629,-0.010312,0.003842,0.061850,0.998078,0,0.99008,-0.04138,59.405,-0.083,-1,450.000,-1,250.000,250.000,325.000,250.000,275.000,350.000,-1,-1,-1,-1,-1,325.000,-1,225.000,2,0,2,1,1,1,1,0,0,2,2,2,2,2,1,2,1
13,7608.492,4752.256,-10.383,83.660,0.111043,-0.992892,0.042830,0.993717,0.110320,-0.018893,0.014033,0.044659,0.998904,0,0.99260,-0.16138,59.556,-0.323,-1,475.000,-1,250.000,225.000,325.000,250.000,275.000,375.000,-1,600.000,1000.000,-1,-1,325.000,-1,225.000,2,0,2,1,1,1,1,0,1,2,0,0,2,2,1,2,1
14,7615.676,4811.525,-7.078,83.097,0.120800,-0.992398,0.023528,0.992373,0.120144,-0.027575,0.024539,0.026679,0.999343,0,0.99504,-0.28138,59.702,-0.563,-1,525.000,-1,250.000,200.000,350.000,250.000,275.000,400.000,775.000,275.000,675.000,-1,-1,325.000,-1,200.000,2,0,2,1,1,1,1,0,1,0,0,0,2,2,1,2,1
15,7623.705,4870.829,-3.563,82.294,0.134268,-0.990941,0.002798,0.990307,0.134079,-0.036269,0.035565,0.007641,0.999338,0,0.99741,-0.40138,59.845,-0.803,-1,575.000,-1,250.000,175.000,350.000,250.000,250.000,425.000,575.000,150.000,450.000,-1,-1,325.000,-1,175.000,2,0,2,1,1,1,1,0,1,0,0,0,2,2,1,2,1
16,7632.830,4930.116,0.217,81.252,0.151328,-0.988286,-0.019785,0.987350,0.152083,-0.044845,0.047328,-0.012748,0.998798,0,0.99973,-0.52138,59.984,-1.043,-1,625.000,-1,225.000,175.000,325.000,250.000,250.000,425.000,450.000,100.000,325.000,-1,-1,300.000,-1,175.000,2,0,2,1,1,1,1,0,1,0,0,0,2,2,1,2,1
17,3607.616,-4263.568,21.978,133.915,-0.694554,-0.719273,-0.015553,0.718606,-0.692544,-0.063154,0.034654,-0.055040,0.997883,1,0.00000,0.00000,60.000,-1.283,-1,425.000,-1,400.000,-1,350.000,325.000,275.000,300.000,-1,800.000,825.000,-1,975.000,800.000,-1,-1,2,0,2,0,2,0,0,0,0,2,0,0,2,0,0,2,2
18,3604.301,-4260.096,22.137,133.675,-0.691538,-0.722170,-0.015677,0.721503,-0.689528,-0.063117,0.034772,-0.054959,0.997883,0,0.08000,-0.12000,4.800,-0.240,-1,425.000,-1,400.000,-1,350.000,325.000,275.000,300.000,-1,800.000,825.000,-1,1000.000,800.000,-1,-1,2,0,2,0,2,0,0,0,0,2,0,0,2,0,0,2,2
19,3597.730,-4253.097,22.457,133.195,-0.685469,-0.727928,-0.015928,0.727260,-0.683460,-0.063044,0.035005,-0.054799,0.997884,0,0.16000,-0.24000,9.600,-0.480,-1,425.000,-1,400.000,-1,350.000,325.000,300.000,300.000,-1,800.000,850.000,-1,1000.000,800.000,-1,-1,2,0,2,0,2,0,0,0,0,2,0,0,2,0,0,2,2
20,3588.006,-4242.476,22.942,132.475,-0.676275,-0.736468,-0.016317,0.735800,-0.674268,-0.062939,0.035351,-0.054570,0.997884,0,0.24000,-0.36000,14.400,-0.720,-1,425.000,-1,400.000,-1,350.000,325.000,300.000,300.000,-1,825.000,850.000,-1,1000.000,800.000,-1,-1,2,0,2,0,2,0,0,0,0,2,0,0,2,0,0,2,2
21,3575.280,-4228.099,23.587,131.515,-0.663854,-0.747672,-0.016862,0.747003,-0.661843,-0.062850,0.035831,-0.054319,0.997881,0,0.32000,-0.48000,19.200,-0.960,-1,425.000,-1,400.000,-1,350.000,325.000,300.000,300.000,-1,850.000,875.000,-1,1000.000,800.000,-1,-1,2,0,2,0,2,0,0,0,0,2,0,0,2,0,0,2,2
22,3559.715,-4209.831,24.390,130.432,-0.649618,-0.760058,-0.017558,0.759392,-0.647600,-0.062744,0.036318,-0.054093,0.997875,0,0.40000,-0.54153,24.000,-1.083,-1,425.000,-1,400.000,-1,350.000,325.000,300.000,300.000,-1,875.000,900.000,-1,975.000,800.000,-1,-1,2,0,2,0,2,0,0,0,0,2,0,0,2,0,0,2,2
23,3541.454,-4187.560,25.337,129.350,-0.635163,-0.772158,-0.018403,0.771506,-0.633134,-0.062610,0.036693,-0.053965,0.997868,0,0.48000,-0.54110,28.800,-1.082,-1,425.000,-1,400.000,1000.000,350.000,325.000,300.000,300.000,-1,900.000,950.000,-1,975.000,775.000,-1,-1,2,0,2,0,1,0,0,0,0,2,0,0,2,0,0,2,2
24,3520.643,-4161.180,26.442,128.269,-0.620497,-0.783966,-0.019512,0.783341,-0.618447,-0.062456,0.036896,-0.054039,0.997857,0,0.56000,-0.54068,33.600,-1.081,-1,425.000,-1,400.000,975.000,350.000,325.000,300.000,300.000,-1,950.000,1000.000,-1,950.000,775.000,-1,-1,2,0,2,0,1,0,0,0,0,2,0,0,2,0,0,2,2
25,3497.433,-4130.588,27.816,127.188,-0.605628,-0.795458,-0.021460,0.794907,-0.603528,-0.062270,0.036582,-0.054772,0.997829,0,0.64000,-0.54030,38.400,-1.081,-1,425.000,-1,400.000,950.000,350.000,325.000,300.000,300.000,-1,1000.000,-1,-1,950.000,775.000,-1,-1,2,0,2,0,1,0,0,0,0,2,0,2,2,0,0,2,2
26,3471.974,-4095.687,29.336,126.108,-0.590555,-0.806648,-0.023754,0.806191,-0.588394,-0.062045,0.036072,-0.055791,0.997791,0,0.72000,-0.54003,43.200,-1.080,-1,425.000,-1,400.000,900.000,350.000,325.000,300.000,300.000,-1,-1,-1,-1,925.000,750.000,-1,-1,2,0,2,0,1,0,0,0,0,2,2,2,2,0,0,2,2
27,3444.422,-4056.382,30.990,125.028,-0.575279,-0.817531,-0.026419,0.817193,-0.573045,-0.061776,0.035365,-0.057128,0.997740,0,0.80000,-0.53989,48.000,-1.080,-1,425.000,-1,400.000,875.000,350.000,325.000,300.000,300.000,-1,-1,-1,-1,900.000,750.000,-1,-1,2,0,2,0,1,0,0,0,0,2,2,2,2,0,0,2,2
28,3414.935,-4012.583,32.765,123.948,-0.559798,-0.828104,-0.029488,0.827912,-0.557480,-0.061468,0.034463,-0.058823,0.997673,0,0.88000,-0.53996,52.800,-1.080,-1,425.000,-1,400.000,825.000,325.000,325.000,300.000,300.000,-1,-1,-1,-1,875.000,750.000,-1,1000.000,2,0,2,0,1,0,0,1,0,2,2,2,2,0,0,2,1
29,3385.755,-3967.425,34.602,122.868,-0.544125,-0.838360,-0.032870,0.838326,-0.541692,-0.061478,0.033735,-0.061008,0.997567,0,0.89607,-0.54029,53.764,-1.081,-1,425.000,-1,400.000,775.000,325.000,325.000,300.000,300.000,-1,-1,-1,-1,850.000,725.000,-1,925.000,2,0,2,0,1,0,0,0,0,2,2,2,2,0,0,2,1
30,3357.527,-3921.877,36.419,121.786,-0.528249,-0.848307,-0.036445,0.848444,-0.525687,-0.061608,0.033104,-0.063466,0.997435,0,0.89310,-0.54089,53.586,-1.082,-1,425.000,-1,375.000,725.000,325.000,325.000,300.000,300.000,-1,-1,-1,-1,825.000,700.000,-1,850.000,2,0,2,0,1,0,0,0,0,2,2,2,2,0,1,2,1
31,3330.251,-3875.948,38.201,120.703,-0.512167,-0.857940,-0.040305,0.858271,-0.509459,-0.061828,0.032511,-0.066259,0.997273,0,0.89028,-0.54175,53.417,-1.084,-1,400.000,-1,375.000,700.000,325.000,325.000,300.000,300.000,-1,-1,-1,-1,800.000,675.000,-1,800.000,2,0,2,0,1,0,0,0,0,2,2,2,2,0,1,2,1
32,3303.928,-3829.647,40.061,119.617,-0.495851,-0.867282,-0.044205,0.867830,-0.493022,-0.061649,0.031673,-0.068931,0.997118,0,0.88767,-0.54286,53.260,-1.086,-1,400.000,-1,375.000,650.000,325.000,325.000,275.000,300.000,-1,-1,-1,-1,775.000,650.000,-1,750.000,2,0,2,0,1,0,0,0,0,2,2,2,2,0,1,2,1
33,3278.558,-3782.980,42.016,118.528,-0.479293,-0.876338,-0.048068,0.877123,-0.476375,-0.061013,0.030569,-0.071405,0.996979,0,0.88529,-0.54422,53.117,-1.088,-1,400.000,-1,375.000,600.000,325.000,300.000,275.000,300.000,-1,-1,-1,-1,750.000,625.000,-1,675.000,2,0,2,0,1,0,0,0,0,2,2,2,2,0,1,2,1
34,3254.140,-3735.950,44.303,117.437,-0.462538,-0.885171,-0.050303,0.886067,-0.459550,-0.060811,0.030712,-0.072700,0.996881,0,0.88318,-0.54581,52.991,-1.092,-1,400.000,-1,375.000,575.000,325.000,300.000,300.000,300.000,-1,-1,-1,-1,750.000,600.000,-1,625.000,2,0,2,0,1,0,0,0,0,2,2,2,2,0,1,2,1
35,3229.290,-3685.327,46.823,116.146,-0.442547,-0.895293,-0.051010,0.896163,-0.439493,-0.061143,0.032322,-0.072771,0.996825,0,0.93987,-0.64534,56.392,-1.291,-1,400.000,-1,375.000,525.000,300.000,300.000,300.000,300.000,900.000,-1,-1,-1,750.000,600.000,-1,575.000,2,0,2,0,1,0,0,0,0,1,2,2,2,0,1,2,1
36,3205.535,-3634.034,49.273,114.851,-0.422280,-0.905015,-0.051267,0.905809,-0.419147,-0.061854,0.034491,-0.072558,0.996768,0,0.94210,-0.64773,56.526,-1.295,-1,375.000,-1,375.000,475.000,300.000,300.000,300.000,300.000,825.000,-1,-1,-1,750.000,575.000,-1,525.000,2,0,2,0,1,0,0,0,0,1,2,2,2,0,1,2,1
37,3182.898,-3582.095,51.750,113.550,-0.401737,-0.914304,-0.051527,0.915010,-0.398505,-0.062852,0.036932,-0.072398,0.996692,0,0.94429,-0.65018,56.657,-1.300,-1,375.000,-1,375.000,425.000,300.000,300.000,300.000,300.000,775.000,-1,-1,-1,725.000,550.000,-1,475.000,2,0,2,1,1,0,0,0,0,1,2,2,2,0,1,2,1
38,3161.401,-3529.535,54.254,112.245,-0.380926,-0.923153,-0.051809,0.923755,-0.377576,-0.064128,0.039638,-0.072287,0.996596,0,0.94642,-0.65270,56.785,-1.305,-1,375.000,-1,350.000,400.000,325.000,300.000,325.000,300.000,775.000,-1,-1,-1,725.000,525.000,-1,425.000,2,0,2,1,1,0,1,0,0,1,2,2,2,0,1,2,1
39,3141.068,-3476.382,56.787,110.934,-0.359852,-0.931552,-0.052132,0.932037,-0.356364,-0.065669,0.042597,-0.072220,0.996479,0,0.94848,-0.65531,56.909,-1.311,-1,400.000,-1,325.000,350.000,325.000,300.000,325.000,300.000,775.000,-1,-1,-1,725.000,500.000,-1,375.000,2,0,2,1,1,0,1,0,0,1,2,2,2,0,1,2,1
40,3121.921,-3422.663,59.351,109.618,-0.338520,-0.939493,-0.052511,0.939844,-0.334875,-0.067465,0.045798,-0.072190,0.996339,0,0.95047,-0.65802,57.028,-1.316,-1,375.000,-1,325.000,300.000,325.000,300.000,325.000,300.000,800.000,-1,-1,-1,725.000,500.000,-1,325.000,2,0,2,1,1,0,1,0,0,1,2,2,2,0,1,2,1
41,3103.982,-3368.409,61.961,108.297,-0.316937,-0.946962,-0.053047,0.947170,-0.313114,-0.069484,0.049189,-0.072266,0.996172,0,0.95236,-0.66084,57.142,-1.322,-1,375.000,-1,325.000,250.000,325.000,300.000,325.000,300.000,825.000,-1,-1,-1,725.000,475.000,-1,300.000,2,0,2,1,1,0,1,0,0,1,2,2,2,0,1,2,1
42,3087.271,-3313.652,66.115,106.969,-0.295645,-0.953539,-0.057939,0.953600,-0.290961,-0.077388,0.056934,-0.078130,0.995316,0,0.95414,-0.66380,57.248,-1.328,-1,400.000,-1,300.000,225.000,325.000,300.000,325.000,325.000,850.000,625.000,975.000,-1,750.000,475.000,-1,250.000,2,0,2,1,1,0,1,0,0,1,0,0,2,0,1,2,1
43,3073.333,-3263.087,71.923,105.401,-0.271067,-0.960135,-0.068291,0.959998,-0.264489,-0.091925,0.070198,-0.090477,0.993421,0,0.87414,-0.78380,52.448,-1.568,-1,425.000,-1,325.000,225.000,350.000,325.000,300.000,350.000,850.000,300.000,475.000,-1,775.000,500.000,-1,250.000,2,0,2,1,1,0,1,0,0,1,0,0,2,0,1,2,1
44,3062.126,-3216.771,77.393,103.594,-0.242313,-0.967050,-0.078097,0.966713,-0.233842,-0.103846,0.082162,-0.100661,0.991523,0,0.79414,-0.90380,47.648,-1.808,-1,425.000,-1,325.000,225.000,375.000,350.000,300.000,400.000,850.000,200.000,350.000,-1,800.000,500.000,-1,250.000,2,0,2,1,1,0,1,0,0,0,0,0,2,1,1,2,1
45,3053.509,-3174.794,82.847,101.594,-0.209977,-0.973846,-0.086799,0.973304,-0.199791,-0.112975,0.092679,-0.108203,0.989799,0,0.71414,-1.00000,42.848,-2.000,-1,450.000,950.000,325.000,225.000,375.000,350.000,275.000,425.000,750.000,200.000,300.000,-1,775.000,475.000,-1,250.000,2,0,1,1,1,0,1,0,0,0,0,0,2,1,1,2,1
46,3047.162,-3137.275,87.921,99.594,-0.177474,-0.979476,-0.095554,0.978768,-0.165556,-0.120853,0.102553,-0.114973,0.988061,0,0.63414,-1.00000,38.048,-2.000,-1,475.000,900.000,325.000,200.000,400.000,350.000,275.000,450.000,700.000,175.000,275.000,-1,775.000,475.000,-1,225.000,2,0,1,1,1,0,1,0,0,0,0,0,2,1,1,2,1
47,3042.764,-3104.314,92.571,97.594,-0.144815,-0.983941,-0.104349,0.983129,-0.131176,-0.127475,0.111740,-0.121049,0.986337,0,0.55414,-1.00000,33.248,-2.000,-1,475.000,850.000,325.000,200.000,425.000,350.000,275.000,475.000,650.000,150.000,275.000,-1,725.000,450.000,-1,225.000,2,0,1,1,1,0,1,0,0,0,0,0,2,1,1,2,1
48,3039.987,-3075.997,96.746,95.594,-0.111992,-0.987261,-0.113023,0.986415,-0.096693,-0.132800,0.120180,-0.126360,0.984678,0,0.47414,-1.00000,28.448,-2.000,-1,500.000,825.000,300.000,200.000,425.000,350.000,275.000,500.000,625.000,125.000,275.000,-1,700.000,425.000,-1,225.000,2,0,1,1,1,0,1,0,0,0,0,0,2,1,1,2,1
49,3038.502,-3052.391,100.381,93.594,-0.078977,-0.989464,-0.121338,0.988655,-0.062143,-0.136748,0.127767,-0.130762,0.983146,0,0.39414,-1.00000,23.648,-2.000,-1,525.000,775.000,300.000,175.000,450.000,325.000,275.000,550.000,600.000,100.000,250.000,-1,675.000,400.000,-1,200.000,2,1,1,1,1,0,1,0,0,0,0,0,2,1,1,2,1
50,3037.976,-3033.545,103.397,91.594,-0.045723,-0.990591,-0.128990,0.989877,-0.027561,-0.139225,0.134360,-0.134050,0.981824,0,0.31414,-1.00000,18.848,-2.000,-1,500.000,750.000,300.000,175.000,475.000,300.000,275.000,575.000,575.000,75.000,250.000,-1,650.000,400.000,-1,200.000,2,1,1,1,1,1,1,0,0,0,0,0,2,1,1,2,1
51,3038.075,-3019.493,105.708,89.594,-0.012168,-0.990687,-0.135617,0.990105,0.007025,-0.140149,0.139797,-0.135981,0.980799,0,0.23414,-1.00000,14.048,-2.000,-1,500.000,725.000,275.000,175.000,450.000,300.000,250.000,575.000,575.000,75.000,250.000,-1,625.000,375.000,925.000,200.000,2,1,1,1,1,1,1,0,0,0,0,0,2,1,1,1,1
52,3038.466,-3010.249,107.226,87.594,0.021760,-0.989795,-0.140825,0.989352,0.041593,-0.139470,0.143904,-0.136291,0.980161,0,0.15414,-1.00000,9.248,-2.000,-1,475.000,700.000,275.000,175.000,425.000,275.000,250.000,600.000,550.000,75.000,250.000,-1,600.000,350.000,800.000,175.000,2,1,1,1,1,1,1,0,0,0,0,0,2,1,1,1,1
53,3039.486,-2996.234,109.593,85.834,0.051049,-0.987743,-0.147508,0.987529,0.071951,-0.140034,0.148930,-0.138520,0.979098,0,0.23414,-0.88000,14.048,-1.760,-1,475.000,675.000,250.000,175.000,400.000,275.000,250.000,625.000,525.000,75.000,225.000,-1,575.000,325.000,725.000,175.000,2,1,1,1,1,1,1,0,0,0,0,0,2,1,1,1,1
54,3041.351,-2977.473,112.890,84.314,0.075565,-0.984857,-0.156035,0.985007,0.098063,-0.141931,0.155083,-0.142971,0.977501,0,0.31414,-0.76000,18.848,-1.520,-1,475.000,650.000,250.000,175.000,375.000,250.000,250.000,650.000,475.000,50.000,225.000,-1,575.000,325.000,675.000,175.000,2,1,1,1,1,1,1,0,0,0,0,0,2,1,1,1,1
55,3044.213,-2953.994,117.187,83.034,0.095174,-0.981401,-0.166717,0.982103,0.119914,-0.145237,0.162527,-0.149910,0.975250,0,0.39414,-0.64000,23.648,-1.280,-1,450.000,625.000,250.000,175.000,375.000,250.000,250.000,700.000,425.000,50.000,225.000,-1,550.000,325.000,650.000,175.000,2,1,1,1,1,1,1,0,0,0,0,0,2,1,1,1,1
56,7543.225,-4919.490,189.807,-72.640,0.298588,0.954020,-0.026289,-0.954352,0.298247,-0.016128,-0.007546,0.029905,0.999524,1,0.00000,0.00000,28.448,-1.040,200.000,225.000,600.000,425.000,-1,225.000,300.000,575.000,275.000,-1,650.000,100.000,-1,275.000,550.000,175.000,650.000,1,1,1,1,2,1,1,0,0,2,0,0,2,1,1,1,1
57,7544.677,-4924.065,189.881,-72.400,0.302580,0.952714,-0.027957,-0.953098,0.302226,-0.016223,-0.007006,0.031554,0.999477,0,0.08000,0.12000,4.800,0.240,200.000,225.000,600.000,425.000,-1,225.000,300.000,575.000,275.000,-1,625.000,100.000,-1,275.000,550.000,175.000,650.000,1,1,1,1,2,1,1,0,0,2,0,0,2,1,1,1,1
58,7547.658,-4933.191,190.037,-71.920,0.310541,0.950043,-0.031337,-0.950542,0.310162,-0.016426,-0.005886,0.034888,0.999374,0,0.16000,0.24000,9.600,0.480,200.000,225.000,600.000,425.000,875.000,225.000,300.000,575.000,275.000,-1,550.000,75.000,-1,275.000,525.000,175.000,625.000,1,1,1,1,1,1,1,0,0,2,0,0,2,1,1,1,1
59,7552.301,-4946.821,190.291,-71.200,0.322425,0.945890,-0.036519,-0.946586,0.322014,-0.016771,-0.004104,0.039976,0.999192,0,0.24000,0.36000,14.400,0.720,200.000,225.000,575.000,400.000,775.000,225.000,300.000,600.000,275.000,-1,500.000,50.000,-1,275.000,500.000,175.000,600.000,1,1,1,1,1,1,1,0,0,2,0,0,2,1,1,1,1
60,7558.796,-4964.889,190.671,-70.240,0.338155,0.940078,-0.043641,-0.941089,0.337715,-0.017317,-0.001541,0.046926,0.998897,0,0.32000,0.48000,19.200,0.960,175.000,200.000,550.000,375.000,700.000,200.000,275.000,625.000,275.000,-1,425.000,25.000,-1,275.000,500.000,175.000,575.000,1,1,1,1,1,1,1,0,0,2,0,0,2,1,1,1,1
61,-6887.345,-2295.755,-43.645,95.038,-0.079671,-0.993199,0.084899,0.991759,-0.087551,-0.093535,0.100331,0.076747,0.991990,1,0.00000,0.00000,24.000,1.092,-1,375.000,-1,400.000,-1,325.000,325.000,300.000,300.000,-1,800.000,675.000,-1,675.000,675.000,-1,-1,2,0,2,0,2,0,0,0,0,2,0,0,2,0,0,2,2
62,-6887.776,-2290.974,-43.162,95.153,-0.081649,-0.993027,0.085029,0.991572,-0.089546,-0.093629,0.100590,0.076668,0.991970,0,0.08000,0.05754,4.800,0.115,-1,375.000,-1,400.000,-1,325.000,325.000,300.000,300.000,-1,800.000,675.000,-1,675.000,675.000,-1,-1,2,0,2,0,2,0,0,0,0,2,0,0,2,0,0,2,2
63,-6888.658,-2281.415,-42.194,95.268,-0.083607,-0.992843,0.085279,0.991372,-0.091542,-0.093820,0.100955,0.076699,0.991930,0,0.16000,0.05757,9.600,0.115,-1,375.000,-1,400.000,-1,325.000,325.000,300.000,300.000,-1,800.000,675.000,-1,675.000,675.000,-1,-1,2,0,2,0,2,0,0,0,0,2,0,0,2,0,0,2,2
64,-6890.009,-2267.079,-40.739,95.383,-0.085547,-0.992646,0.085651,0.991158,-0.093538,-0.094107,0.101426,0.076843,0.991871,0,0.24000,0.05765,14.400,0.115,-1,375.000,-1,400.000,-1,325.000,325.000,300.000,300.000,-1,800.000,675.000,-1,675.000,675.000,-1,-1,2,0,2,0,2,0,0,0,0,2,0,0,2,0,0,2,2
65,-6891.849,-2247.967,-38.795,95.499,-0.087468,-0.992435,0.086150,0.990931,-0.095537,-0.094487,0.102003,0.077104,0.991791,0,0.32000,0.05775,19.200,0.116,-1,375.000,-1,400.000,-1,325.000,325.000,300.000,300.000,-1,800.000,675.000,-1,675.000,675.000,-1,-1,2,0,2,0,2,0,0,0,0,2,0,0,2,0,0,2,2
66,-6894.198,-2224.082,-36.361,95.614,-0.089371,-0.992211,0.086781,0.990691,-0.097540,-0.094960,0.102685,0.077486,0.991691,0,0.40000,0.05789,24.000,0.116,-1,375.000,-1,400.000,-1,325.000,325.000,300.000,300.000,-1,800.000,675.000,-1,675.000,675.000,-1,-1,2,0,2,0,2,0,0,0,0,2,0,0,2,0,0,2,2
67,-6897.074,-2195.426,-33.433,95.731,-0.091256,-0.991972,0.087549,0.990438,-0.099545,-0.095521,0.103469,0.077995,0.991570,0,0.48000,0.05803,28.800,0.116,-1,375.000,-1,375.000,-1,325.000,325.000,300.000,300.000,-1,800.000,675.000,-1,675.000,650.000,-1,-1,2,0,2,0,2,0,0,0,0,2,0,0,2,0,0,2,2
68,-6900.498,-2162.001,-30.010,95.847,-0.093121,-0.991717,0.088462,0.990171,-0.101554,-0.096167,0.104354,0.078637,0.991426,0,0.56000,0.05817,33.600,0.116,-1,375.000,-1,375.000,-1,325.000,325.000,300.000,300.000,-1,800.000,675.000,-1,675.000,650.000,-1,-1,2,0,2,0,2,0,0,0,0,2,0,0,2,0,0,2,2
69,-6904.489,-2123.809,-26.088,95.963,-0.094965,-0.991447,0.089527,0.989892,-0.103566,-0.096893,0.105337,0.079421,0.991260,0,0.64000,0.05830,38.400,0.117,-1,375.000,-1,375.000,-1,325.000,325.000,300.000,275.000,-1,800.000,675.000,-1,675.000,650.000,-1,-1,2,0,2,0,2,0,0,0,0,2,0,0,2,0,0,2,2
70,-6909.066,-2080.852,-21.665,96.080,-0.096785,-0.991159,0.090753,0.989600,-0.105578,-0.097695,0.106413,0.080354,0.991070,0,0.72000,0.05839,43.200,0.117,-1,375.000,-1,375.000,975.000,325.000,325.000,300.000,275.000,-1,800.000,675.000,-1,650.000,650.000,-1,-1,2,0,2,0,0,0,0,0,0,2,0,0,2,0,0,2,2
71,-6913.867,-2036.649,-17.100,96.197,-0.098595,-0.990861,0.092047,0.989304,-0.107590,-0.098503,0.107506,0.081351,0.990871,0,0.74105,0.05842,44.463,0.117,-1,375.000,-1,375.000,950.000,300.000,325.000,300.000,275.000,-1,800.000,675.000,-1,650.000,625.000,-1,1000.000,2,0,2,0,0,0,0,0,0,2,0,0,2,0,0,2,0
72,-6918.756,-1992.477,-12.466,96.314,-0.100436,-0.990574,0.093144,0.989018,-0.109601,-0.099147,0.108421,0.082163,0.990704,0,0.74069,0.05836,44.441,0.117,-1,375.000,-1,375.000,900.000,300.000,300.000,300.000,275.000,-1,800.000,675.000,-1,650.000,625.000,-1,975.000,2,0,2,0,0,0,0,0,0,2,0,0,2,0,0,2,0
73,-6923.729,-1948.336,-7.164,96.430,-0.102438,-0.990477,0.091985,0.988598,-0.111629,-0.101062,0.110368,0.080584,0.990619,0,0.74033,0.05823,44.420,0.116,-1,375.000,-1,375.000,900.000,300.000,300.000,275.000,275.000,-1,800.000,675.000,-1,650.000,625.000,-1,975.000,2,0,2,0,0,0,0,0,0,2,0,0,2,0,0,2,0
74,-6928.791,-1904.226,-1.567,96.546,-0.104294,-0.990299,0.091819,0.988142,-0.113640,-0.103254,0.112687,0.079961,0.990408,0,0.73999,0.05801,44.399,0.116,-1,375.000,-1,375.000,900.000,300.000,300.000,300.000,300.000,-1,775.000,650.000,-1,675.000,625.000,-1,1000.000,2,0,2,0,0,0,0,0,0,2,0,0,2,0,0,2,0
75,-6933.939,-1860.145,4.131,96.662,-0.106065,-0.990084,0.092110,0.987653,-0.115637,-0.105687,0.115290,0.079763,0.990124,0,0.73966,0.05772,44.379,0.115,-1,375.000,-1,375.000,900.000,300.000,325.000,300.000,300.000,-1,775.000,625.000,-1,675.000,650.000,-1,1000.000,2,0,2,0,0,0,0,0,0,2,0,0,2,0,0,2,0
76,-6939.174,-1816.094,9.827,96.776,-0.107824,-0.989865,0.092414,0.987158,-0.117621,-0.108091,0.117866,0.079572,0.989836,0,0.73935,0.05734,44.361,0.115,-1,375.000,-1,375.000,925.000,300.000,325.000,300.000,300.000,-1,725.000,625.000,-1,675.000,650.000,-1,-1,2,0,2,0,0,0,0,0,0,2,0,0,2,0,0,2,2
77,-6944.494,-1772.070,15.523,96.890,-0.109568,-0.989645,0.092729,0.986659,-0.119588,-0.110468,0.120413,0.079388,0.989544,0,0.73906,0.05689,44.343,0.114,-1,375.000,-1,375.000,925.000,300.000,325.000,300.000,300.000,-1,700.000,600.000,-1,700.000,650.000,-1,-1,2,0,2,0,0,0,0,0,0,2,0,0,2,0,0,2,2
78,-6949.899,-1728.072,21.217,97.003,-0.111293,-0.989421,0.093055,0.986155,-0.121536,-0.112816,0.122932,0.079211,0.989249,0,0.73880,0.05635,44.328,0.113,-1,375.000,-1,375.000,925.000,325.000,325.000,300.000,300.000,-1,675.000,600.000,-1,700.000,650.000,-1,-1,2,0,2,0,0,0,0,0,0,2,0,0,2,0,0,2,2
79,-6955.388,-1684.099,26.910,97.114,-0.112998,-0.989196,0.093392,0.985647,-0.123462,-0.115135,0.125422,0.079041,0.988950,0,0.73856,0.05574,44.314,0.111,-1,375.000,-1,375.000,925.000,325.000,325.000,300.000,300.000,-1,650.000,575.000,-1,725.000,650.000,-1,-1,2,0,2,0,0,0,0,0,0,2,0,0,2,0,0,2,2
80,-6960.959,-1640.148,32.601,97.224,-0.114679,-0.988970,0.093739,0.985137,-0.125365,-0.117425,0.127882,0.078879,0.988648,0,0.73837,0.05505,44.302,0.110,-1,375.000,-1,375.000,925.000,325.000,325.000,300.000,300.000,-1,625.000,575.000,-1,725.000,650.000,-1,-1,2,0,2,0,0,0,0,0,0,2,0,0,2,0,0,2,2
81,-6966.613,-1596.217,38.292,97.333,-0.116334,-0.988743,0.094095,0.984624,-0.127240,-0.119686,0.130311,0.078725,0.988343,0,0.73821,0.05428,44.293,0.109,-1,375.000,-1,375.000,925.000,325.000,325.000,300.000,300.000,-1,600.000,575.000,-1,750.000,650.000,-1,-1,2,0,2,0,0,0,0,0,0,2,0,0,2,0,0,2,2
82,-6972.348,-1552.304,43.981,97.440,-0.117961,-0.988515,0.094461,0.984110,-0.129085,-0.121917,0.132710,0.078579,0.988035,0,0.73809,0.05344,44.286,0.107,-1,400.000,-1,375.000,925.000,325.000,325.000,300.000,275.000,-1,575.000,550.000,-1,750.000,650.000,-1,-1,2,0,2,0,0,0,0,0,0,2,0,0,2,0,0,2,2
83,-6978.162,-1508.405,49.670,97.545,-0.119556,-0.988288,0.094835,0.983596,-0.130899,-0.124118,0.135078,0.078441,0.987725,0,0.73802,0.05252,44.281,0.105,-1,400.000,-1,375.000,925.000,325.000,325.000,300.000,275.000,-1,575.000,550.000,-1,775.000,650.000,-1,-1,2,0,2,0,0,0,0,0,0,2,0,0,2,0,0,2,2
84,-6984.056,-1464.519,55.358,97.648,-0.121117,-0.988061,0.095218,0.983081,-0.132677,-0.126290,0.137415,0.078311,0.987413,0,0.73800,0.05152,44.280,0.103,-1,400.000,-1,375.000,925.000,325.000,325.000,300.000,275.000,-1,550.000,550.000,-1,800.000,650.000,-1,-1,2,0,2,0,0,0,0,0,0,2,0,0,2,0,0,2,2
85,-6990.027,-1420.641,61.045,97.749,-0.122642,-0.987835,0.095608,0.982567,-0.134419,-0.128431,0.139720,0.078190,0.987099,0,0.73802,0.05046,44.281,0.101,-1,400.000,-1,375.000,-1,325.000,325.000,300.000,275.000,-1,525.000,525.000,-1,800.000,650.000,-1,-1,2,0,2,0,2,0,0,0,0,2,0,0,2,0,0,2,2
86,-6996.074,-1376.769,66.733,97.848,-0.124129,-0.987611,0.096004,0.982054,-0.136120,-0.130542,0.141993,0.078077,0.986784,0,0.73810,0.04932,44.286,0.099,-1,400.000,-1,375.000,-1,325.000,325.000,300.000,275.000,-1,475.000,500.000,-1,825.000,650.000,-1,-1,2,0,2,0,2,0,0,0,0,2,0,0,2,0,0,2,2
87,-7002.655,-1328.126,73.427,97.706,-0.121709,-0.988021,0.094876,0.982147,-0.133694,-0.132338,0.143437,0.077075,0.986654,0,0.81810,-0.07068,49.086,-0.141,-1,400.000,-1,375.000,-1,325.000,325.000,300.000,275.000,-1,475.000,500.000,-1,875.000,650.000,-1,-1,2,0,2,0,2,0,0,0,0,2,0,0,2,0,0,2,2
88,-7009.523,-1274.679,81.321,97.325,-0.115373,-0.989043,0.092105,0.982772,-0.127134,-0.134148,0.144387,0.075041,0.986672,0,0.89810,-0.19068,53.886,-0.381,-1,400.000,-1,375.000,-1,325.000,325.000,300.000,275.000,-1,475.000,550.000,-1,1000.000,650.000,-1,-1,2,0,2,0,2,0,0,0,0,2,0,0,2,0,0,2,2
89,-7016.048,-1219.154,89.772,96.703,-0.104763,-0.990389,0.090303,0.983967,-0.116404,-0.135129,0.144342,0.074699,0.986704,0,0.93177,-0.31068,55.906,-0.621,-1,400.000,-1,375.000,-1,325.000,325.000,300.000,275.000,-1,525.000,600.000,-1,-1,700.000,-1,-1,2,0,2,0,2,0,0,0,0,2,0,0,2,2,0,2,2
90,-7021.753,-1163.395,98.174,95.842,-0.089963,-0.992015,0.088385,0.985472,-0.101501,-0.136168,0.144052,0.074851,0.986735,0,0.93415,-0.43068,56.049,-0.861,-1,400.000,-1,375.000,-1,325.000,325.000,300.000,275.000,-1,550.000,650.000,-1,-1,750.000,-1,-1,2,0,2,0,2,0,0,0,0,2,0,0,2,2,0,2,2
91,-7026.385,-1107.542,106.493,94.741,-0.070959,-0.993736,0.086332,0.987099,-0.082411,-0.137270,0.143525,0.075477,0.986764,0,0.93407,-0.55068,56.044,-1.101,-1,400.000,-1,375.000,-1,325.000,325.000,300.000,275.000,-1,550.000,675.000,-1,-1,800.000,-1,-1,2,0,2,0,2,0,0,0,0,2,0,0,2,2,0,2,2
92,-7029.709,-1051.597,114.721,93.399,-0.047741,-0.995311,0.084130,0.988604,-0.059121,-0.138447,0.142771,0.076562,0.986790,0,0.93403,-0.67068,56.042,-1.341,-1,400.000,-1,375.000,-1,325.000,325.000,300.000,275.000,-1,575.000,700.000,-1,-1,825.000,-1,-1,2,0,2,0,2,0,0,0,0,2,0,0,2,2,0,2,2
93,-7031.488,-995.584,122.847,91.818,-0.020300,-0.996444,0.081773,0.989687,-0.031628,-0.139709,0.141798,0.078093,0.986810,0,0.93401,-0.79068,56.041,-1.581,-1,400.000,-1,375.000,-1,325.000,325.000,300.000,275.000,-1,575.000,700.000,-1,-1,875.000,-1,-1,2,0,2,0,2,0,0,0,0,2,0,0,2,2,0,2,2
94,-7031.535,-939.541,130.863,90.047,0.010477,-0.996799,0.079257,0.990001,-0.000811,-0.141057,0.140670,0.079942,0.986824,0,0.93402,-0.88571,56.041,-1.771,-1,425.000,-1,375.000,-1,325.000,300.000,300.000,275.000,-1,575.000,700.000,-1,-1,900.000,-1,-1,2,0,2,0,2,0,0,0,0,2,0,0,2,2,0,2,2
95,-7029.849,-883.522,138.772,88.275,0.041233,-0.996210,0.076582,0.989345,0.029997,-0.142463,0.139626,0.081641,0.986833,0,0.93405,-0.88566,56.043,-1.771,-1,450.000,-1,400.000,-1,325.000,325.000,300.000,275.000,1000.000,575.000,700.000,-1,-1,925.000,-1,-1,2,0,2,0,2,0,0,0,0,0,0,0,2,2,0,2,2
96,-7026.433,-827.580,146.578,86.504,0.071945,-0.994677,0.073770,0.987721,0.060768,-0.143929,0.138679,0.083219,0.986835,0,0.93407,-0.88564,56.044,-1.771,-1,475.000,-1,400.000,-1,350.000,325.000,300.000,300.000,950.000,575.000,700.000,-1,-1,-1,-1,-1,2,0,2,0,2,0,0,0,0,0,0,0,2,2,2,2,2
97,-7021.289,-771.768,154.286,84.733,0.102589,-0.992198,0.070840,0.985127,0.091473,-0.145456,0.137842,0.084709,0.986825,0,0.93410,-0.88565,56.046,-1.771,-1,500.000,-1,425.000,-1,375.000,350.000,300.000,300.000,925.000,550.000,675.000,-1,-1,-1,-1,-1,2,0,2,0,2,0,0,0,0,0,0,0,2,2,2,2,2
98,-7014.422,-716.141,161.900,82.961,0.133139,-0.988775,0.067811,0.981566,0.122084,-0.147053,0.137123,0.086139,0.986801,0,0.93413,-0.88567,56.048,-1.771,-1,525.000,-1,450.000,-1,375.000,375.000,300.000,300.000,900.000,475.000,675.000,-1,-1,-1,-1,-1,2,0,2,0,2,0,0,0,0,0,0,0,2,2,2,2,2
99,-7005.834,-660.752,168.776,81.190,0.163076,-0.984632,0.062492,0.977423,0.152607,-0.146138,0.134356,0.084912,0.987288,0,0.93416,-0.88571,56.049,-1.771,-1,550.000,-1,450.000,-1,400.000,375.000,300.000,300.000,875.000,450.000,700.000,-1,-1,-1,-1,-1,2,0,2,0,2,0,0,0,0,0,0,0,2,2,2,2,2
100,-6995.533,-605.655,174.938,79.418,0.192321,-0.979816,0.054534,0.972801,0.183043,-0.141964,0.129117,0.080354,0.988368,0,0.93418,-0.88578,56.051,-1.772,-1,525.000,-1,450.000,-1,400.000,375.000,300.000,300.000,850.000,475.000,775.000,-1,-1,-1,-1,-1,2,0,2,0,2,0,0,0,0,0,0,0,2,2,2,2,2
101,-6983.505,-550.764,180.063,77.644,0.221775,-0.973751,0.051239,0.967676,0.213312,-0.134539,0.120078,0.079420,0.989583,0,0.93656,-0.88726,56.194,-1.775,-1,525.000,-1,450.000,-1,375.000,375.000,275.000,300.000,875.000,625.000,900.000,-1,-1,-1,-1,-1,2,0,2,0,2,0,0,0,0,0,0,0,2,2,2,2,2
102,-6969.773,-496.246,185.052,75.866,0.251178,-0.966710,0.048792,0.961565,0.243431,-0.127020,0.110914,0.078821,0.990699,0,0.93703,-0.88891,56.222,-1.778,-1,500.000,-1,425.000,-1,375.000,350.000,275.000,300.000,900.000,850.000,-1,-1,-1,-1,-1,-1,2,0,2,0,2,0,0,0,0,0,0,2,2,2,2,2,2
103,-6954.346,-442.152,190.001,74.085,0.280470,-0.958719,0.046847,0.954440,0.273372,-0.119631,0.101886,0.078265,0.991713,0,0.93751,-0.89058,56.251,-1.781,-1,500.000,-1,425.000,-1,375.000,350.000,300.000,275.000,950.000,-1,-1,-1,-1,-1,-1,-1,2,0,2,0,2,0,0,0,0,0,2,2,2,2,2,2,2
104,-6937.232,-388.537,194.919,72.300,0.309615,-0.949777,0.045421,0.946304,0.303107,-0.112406,0.092993,0.077785,0.992624,0,0.93802,-0.89228,56.281,-1.785,-1,500.000,-1,400.000,-1,350.000,350.000,300.000,275.000,1000.000,-1,-1,-1,-1,-1,-1,-1,2,0,2,0,2,0,0,0,0,0,2,2,2,2,2,2,2
105,-6918.444,-335.451,199.813,70.512,0.338578,-0.939884,0.044529,0.937160,0.332604,-0.105380,0.084234,0.077410,0.993435,0,0.93854,-0.89401,56.312,-1.788,-1,525.000,-1,400.000,-1,350.000,325.000,300.000,275.000,-1,-1,-1,-1,-1,-1,-1,-1,2,0,2,0,2,0,0,0,0,2,2,2,2,2,2,2,2
106,-6897.994,-282.949,204.690,68.721,0.367322,-0.929044,0.044183,0.927016,0.361831,-0.098588,0.075606,0.077172,0.994147,0,0.93908,-0.89576,56.345,-1.792,-1,525.000,-1,400.000,-1,350.000,325.000,325.000,275.000,-1,-1,-1,-1,-1,-1,-1,-1,2,0,2,0,2,0,0,0,0,2,2,2,2,2,2,2,2
107,-6875.896,-231.082,209.556,66.926,0.395810,-0.917259,0.044390,0.915878,0.390758,-0.092068,0.067105,0.077097,0.994763,0,0.93964,-0.89753,56.378,-1.795,-1,525.000,-1,375.000,-1,350.000,325.000,325.000,275.000,-1,-1,-1,-1,-1,1000.000,-1,-1,2,0,2,0,2,0,0,0,0,2,2,2,2,2,0,2,2
108,-6852.167,-179.902,214.418,65.127,0.424001,-0.904535,0.045156,0.903756,0.419349,-0.085860,0.058727,0.077215,0.995283,0,0.94021,-0.89925,56.413,-1.799,-1,550.000,-1,375.000,-1,350.000,325.000,350.000,275.000,-1,-1,-1,-1,-1,950.000,-1,-1,2,0,2,0,2,0,0,0,0,2,2,2,2,2,0,2,2
109,-6826.821,-129.463,218.494,63.325,0.451823,-0.891094,0.042504,0.890531,0.447682,-0.080836,0.053005,0.074375,0.995821,0,0.94080,-0.90098,56.448,-1.802,-1,550.000,-1,375.000,-1,375.000,325.000,350.000,275.000,-1,-1,-1,-1,-1,950.000,-1,-1,2,0,2,0,2,0,0,0,0,2,2,2,2,2,0,2,2
110,-6799.880,-79.817,221.725,61.520,0.479228,-0.876927,0.036592,0.876324,0.475740,-0.075682,0.048959,0.068336,0.996460,0,0.94140,-0.90272,56.484,-1.805,-1,550.000,-1,400.000,-1,375.000,350.000,325.000,275.000,-1,-1,-1,-1,-1,975.000,-1,-1,2,0,2,0,2,0,0,0,0,2,2,2,2,2,0,2,2
111,-6771.363,-31.017,223.710,59.711,0.505975,-0.862065,0.028859,0.861575,0.503531,-0.064385,0.040973,0.057441,0.997508,0,0.94202,-0.90447,56.521,-1.809,-1,525.000,-1,400.000,-1,375.000,350.000,325.000,300.000,-1,-1,-1,-1,-1,950.000,-1,-1,2,0,2,0,2,0,0,0,0,2,2,2,2,2,0,2,2
112,-6741.299,16.890,225.713,57.898,0.532445,-0.846177,0.022047,0.845818,0.530840,-0.052932,0.033087,0.046831,0.998355,0,0.94265,-0.90624,56.559,-1.812,-1,525.000,-1,400.000,-1,375.000,350.000,300.000,300.000,-1,-1,-1,-1,-1,925.000,-1,-1,2,0,2,0,2,0,0,0,0,2,2,2,2,2,0,2,2
113,-6709.711,63.853,227.735,56.082,0.558590,-0.829286,0.016176,0.829058,0.557629,-0.041390,0.025304,0.036531,0.999012,0,0.94329,-0.90802,56.597,-1.816,-1,500.000,-1,400.000,-1,375.000,350.000,300.000,325.000,-1,-1,-1,-1,-1,925.000,-1,-1,2,0,2,0,2,0,0,0,0,2,2,2,2,2,0,2,2
114,-6676.629,109.823,228.819,54.263,0.584447,-0.811336,0.012483,0.811174,0.583805,-0.034184,0.020447,0.030105,0.999338,0,0.94394,-0.90981,56.636,-1.820,-1,500.000,-1,425.000,-1,350.000,350.000,300.000,350.000,-1,-1,-1,-1,-1,900.000,-1,-1,2,0,2,0,2,0,0,0,0,2,2,2,2,2,0,2,2
115,-6642.078,154.749,229.659,52.439,0.609843,-0.792462,0.009781,0.792351,0.609408,-0.028331,0.016490,0.025027,0.999551,0,0.94460,-0.91161,56.676,-1.823,-1,475.000,-1,425.000,-1,350.000,350.000,325.000,350.000,-1,-1,-1,-1,-1,900.000,-1,-1,2,0,2,0,2,0,0,0,0,2,2,2,2,2,0,2,2
116,-6609.111,195.249,230.389,50.856,0.631423,-0.775396,0.008171,0.775335,0.631130,-0.023033,0.012703,0.020879,0.999701,0,0.87036,-0.79161,52.222,-1.583,-1,475.000,-1,425.000,-1,350.000,350.000,325.000,350.000,-1,-1,-1,-1,1000.000,900.000,-1,-1,2,0,2,0,2,0,0,0,0,2,2,2,2,1,0,2,2
117,-6575.182,234.991,231.073,49.513,0.649365,-0.760442,0.007289,0.760425,0.649179,-0.017885,0.008869,0.017157,0.999813,0,0.87092,-0.67161,52.255,-1.343,-1,475.000,-1,425.000,-1,350.000,350.000,325.000,350.000,-1,-1,-1,-1,900.000,875.000,-1,-1,2,0,2,0,2,0,0,0,0,2,2,2,2,1,0,2,2
118,-6539.595,275.087,230.950,48.410,0.663827,-0.747808,0.010764,0.747881,0.663706,-0.012965,0.002551,0.016656,0.999858,0,0.89351,-0.55161,53.610,-1.103,-1,475.000,-1,400.000,-1,350.000,350.000,350.000,350.000,-1,-1,-1,-1,825.000,850.000,-1,-1,2,0,2,0,2,0,0,0,0,2,2,2,2,1,0,2,2
119,-6503.257,314.808,230.714,47.547,0.674933,-0.737722,0.015191,0.737867,0.674895,-0.008316,-0.004117,0.016821,0.999850,0,0.89726,-0.43161,53.835,-0.863,-1,450.000,975.000,400.000,-1,350.000,325.000,350.000,350.000,-1,-1,-1,-1,750.000,800.000,-1,-1,2,1,1,0,2,0,0,0,0,2,2,2,2,1,0,2,2
120,-6466.335,354.295,230.531,46.923,0.682803,-0.730335,0.019761,0.730524,0.682876,-0.003826,-0.010700,0.017048,0.999797,0,0.90099,-0.31161,54.059,-0.623,-1,450.000,925.000,400.000,-1,350.000,325.000,350.000,350.000,-1,-1,-1,-1,675.000,750.000,1000.000,-1,2,1,1,0,2,0,0,0,0,2,2,2,2,1,0,1,2
121,-6428.996,393.697,229.864,46.540,0.687594,-0.725774,0.021611,0.725931,0.687767,0.000840,-0.015473,0.015110,0.999766,0,0.90472,-0.19161,54.283,-0.383,-1,425.000,850.000,375.000,-1,325.000,325.000,350.000,325.000,-1,-1,-1,-1,625.000,750.000,900.000,-1,2,1,1,0,2,0,0,0,0,2,2,2,2,1,0,1,2
122,-6391.341,433.108,228.629,46.306,0.690549,-0.723005,0.020143,0.723058,0.690763,0.005825,-0.018126,0.010543,0.999780,0,0.90846,-0.11687,54.508,-0.234,-1,400.000,800.000,375.000,-1,325.000,325.000,350.000,325.000,-1,-1,-1,-1,575.000,725.000,800.000,-1,2,1,1,0,2,0,0,0,0,2,2,2,2,1,0,1,2
123,-6353.372,472.529,227.485,46.075,0.693479,-0.720237,0.018613,0.720179,0.693704,0.010851,-0.020727,0.005879,0.999768,0,0.91221,-0.11570,54.733,-0.231,-1,375.000,725.000,375.000,-1,325.000,325.000,350.000,325.000,-1,0.000,-1,-1,525.000,725.000,725.000,-1,2,1,1,0,2,0,0,0,0,2,0,2,2,1,0,1,2
124,-6315.090,511.959,226.433,45.846,0.696379,-0.717472,0.017017,0.717296,0.696586,0.015922,-0.023277,0.001118,0.999728,0,0.91594,-0.11442,54.956,-0.229,-1,350.000,675.000,375.000,-1,325.000,325.000,350.000,325.000,-1,0.000,-1,-1,475.000,700.000,625.000,-1,2,1,1,0,2,1,0,0,0,2,0,2,2,1,1,1,2
125,-6276.497,551.397,225.474,45.620,0.699248,-0.714714,0.015354,0.714414,0.699407,0.021038,-0.025775,-0.003742,0.999661,0,0.91965,-0.11301,55.179,-0.226,925.000,325.000,625.000,375.000,-1,300.000,300.000,350.000,325.000,-1,25.000,-1,-1,450.000,650.000,550.000,-1,1,1,1,0,2,1,0,0,0,2,0,2,2,1,1,1,2
126,-6237.597,590.842,224.532,45.397,0.702085,-0.711963,0.013574,0.711523,0.702159,0.026609,-0.028476,-0.009024,0.999554,0,0.92333,-0.11146,55.400,-0.223,675.000,300.000,550.000,375.000,-1,275.000,300.000,350.000,325.000,-1,125.000,0.000,-1,400.000,600.000,475.000,-1,1,1,1,0,2,1,0,0,0,2,0,0,2,1,1,1,2
127,-6198.391,630.293,224.273,45.178,0.704858,-0.709246,0.012081,0.708748,0.704859,0.029158,-0.029196,-0.011990,0.999502,0,0.92698,-0.10976,55.619,-0.220,550.000,275.000,500.000,375.000,-1,250.000,300.000,350.000,325.000,-1,-1,-1,-1,350.000,575.000,400.000,-1,1,1,1,0,2,1,1,0,0,2,2,2,2,1,1,1,2
128,-6158.884,669.747,224.741,44.962,0.707539,-0.706589,0.010976,0.706152,0.707527,0.027461,-0.027169,-0.011679,0.999563,0,0.93058,-0.10787,55.835,-0.216,450.000,250.000,450.000,375.000,-1,225.000,275.000,350.000,325.000,-1,-1,-1,-1,325.000,525.000,350.000,-1,1,1,1,1,2,1,1,0,0,2,2,2,2,1,1,1,2
129,-6119.080,709.205,225.944,44.750,0.710129,-0.703997,0.010214,0.703716,0.710157,0.021473,-0.022370,-0.008061,0.999717,0,0.93412,-0.10579,56.047,-0.212,375.000,225.000,425.000,350.000,-1,225.000,250.000,375.000,325.000,-1,-1,-1,-1,300.000,500.000,300.000,-1,1,1,1,1,2,1,1,0,0,2,2,2,2,1,1,1,2
130,-6078.985,748.664,227.284,44.543,0.712648,-0.701450,0.010045,0.701401,0.712718,0.008320,-0.012995,0.001117,0.999915,0,0.93759,-0.10348,56.255,-0.207,325.000,225.000,375.000,325.000,-1,200.000,250.000,425.000,325.000,-1,350.000,225.000,-1,275.000,500.000,250.000,-1,1,1,1,1,2,1,1,0,0,2,0,0,2,1,1,1,2
131,-6038.609,788.125,228.900,44.342,0.715191,-0.698852,0.010340,0.698928,0.715100,-0.011446,0.000605,0.015413,0.999881,0,0.94096,-0.10091,56.458,-0.202,300.000,200.000,350.000,300.000,-1,175.000,225.000,475.000,300.000,-1,275.000,150.000,-1,250.000,500.000,225.000,-1,1,1,1,1,2,1,1,0,0,2,0,0,2,1,1,1,2
132,-5997.961,827.588,231.391,44.146,0.717853,-0.696111,0.010774,0.695994,0.717189,-0.035099,0.016706,0.032694,0.999326,0,0.94421,-0.09804,56.653,-0.196,275.000,175.000,425.000,300.000,-1,175.000,200.000,550.000,300.000,-1,225.000,75.000,-1,225.000,625.000,200.000,-1,1,1,1,1,2,1,1,0,0,2,0,0,2,1,1,1,2
133,-8198.948,-1639.793,210.605,-75.241,0.235822,0.954397,0.183069,-0.965555,0.251428,-0.066983,-0.109957,-0.160967,0.980816,1,0.00000,0.00000,56.839,-0.190,-1,475.000,-1,475.000,300.000,400.000,400.000,275.000,250.000,-1,-1,-1,-1,975.000,-1,-1,-1,2,0,2,1,1,0,0,0,1,2,2,2,2,0,2,2,2
134,-8197.742,-1644.439,210.065,-75.481,0.231782,0.955268,0.183686,-0.966611,0.247383,-0.066819,-0.109271,-0.162066,0.980711,0,0.08000,-0.12000,4.800,-0.240,-1,475.000,-1,475.000,300.000,400.000,400.000,275.000,250.000,-1,-1,-1,-1,1000.000,-1,-1,-1,2,0,2,1,1,0,0,0,1,2,2,2,2,0,2,2,2
