timestep,x_cm,y_cm,z_cm,yaw_deg,basis_xx,basis_xy,basis_xz,basis_yx,basis_yy,basis_yz,basis_zx,basis_zy,basis_zz,teleport_flag,throttle_cmd,steering_cmd,cmd_move_cm,cmd_turn_deg,lidar_cm_0,lidar_cm_1,lidar_cm_2,lidar_cm_3,lidar_cm_4,lidar_cm_5,lidar_cm_6,lidar_cm_7,lidar_cm_8,lidar_cm_9,lidar_cm_10,lidar_cm_11,lidar_cm_12,lidar_cm_13,lidar_cm_14,lidar_cm_15,lidar_cm_16,lidar_class_0,lidar_class_1,lidar_class_2,lidar_class_3,lidar_class_4,lidar_class_5,lidar_class_6,lidar_class_7,lidar_class_8,lidar_class_9,lidar_class_10,lidar_class_11,lidar_class_12,lidar_class_13,lidar_class_14,lidar_class_15,lidar_class_16
0,2956.018,985.983,-315.498,25.596,0.901787,-0.431585,0.022675,0.432167,0.900937,-0.039312,-0.003463,0.045250,0.998970,1,0.08000,-0.12000,4.800,-0.240,-1,400.000,-1,400.000,-1,325.000,325.000,300.000,300.000,-1,-1,-1,550.000,775.000,850.000,-1,-1,2,0,2,0,2,0,0,0,0,2,2,2,1,0,0,2,2
1,2964.711,990.058,-315.526,25.116,0.905361,-0.424021,0.022980,0.424623,0.904517,-0.039284,-0.004128,0.045324,0.998964,0,0.16000,-0.24000,9.600,-0.480,-1,400.000,-1,400.000,-1,325.000,325.000,300.000,300.000,-1,-1,-1,550.000,775.000,850.000,-1,-1,2,0,2,0,2,0,0,0,0,2,2,2,1,0,0,2,2
2,2977.825,996.006,-315.578,24.396,0.910602,-0.412620,0.023431,0.413253,0.909770,-0.039243,-0.005124,0.045417,0.998955,0,0.24000,-0.36000,14.400,-0.720,-1,400.000,-1,400.000,-1,325.000,325.000,300.000,300.000,-1,-1,-1,575.000,775.000,850.000,-1,-1,2,0,2,0,2,0,0,0,0,2,2,2,1,0,0,2,2
3,2995.442,1003.642,-315.664,23.436,0.917367,-0.397317,0.024021,0.397991,0.916552,-0.039191,-0.006446,0.045513,0.998943,0,0.32000,-0.48000,19.200,-0.960,-1,400.000,-1,400.000,-1,325.000,325.000,300.000,300.000,-1,-1,-1,575.000,775.000,850.000,-1,-1,2,0,2,0,2,0,0,0,0,2,2,2,1,0,0,2,2
4,3017.657,1012.725,-315.798,22.236,0.925461,-0.378034,0.024743,0.378757,0.924669,-0.039131,-0.008087,0.045586,0.998928,0,0.40000,-0.60000,24.000,-1.200,-1,400.000,-1,400.000,-1,325.000,325.000,300.000,300.000,-1,-1,-1,600.000,800.000,850.000,-1,-1,2,0,2,0,2,0,0,0,0,2,2,2,1,0,0,2,2
5,3044.581,1022.950,-315.997,20.796,0.934639,-0.354677,0.025586,0.355457,0.933876,-0.039065,-0.010039,0.045606,0.998909,0,0.48000,-0.72000,28.800,-1.440,-1,400.000,-1,400.000,-1,325.000,325.000,300.000,300.000,-1,-1,-1,625.000,800.000,850.000,-1,-1,2,0,2,0,2,0,0,0,0,2,2,2,1,0,0,2,2
6,3076.329,1033.953,-316.281,19.116,0.944601,-0.327147,0.026539,0.327992,0.943875,-0.038996,-0.012292,0.045540,0.998887,0,0.56000,-0.84000,33.600,-1.680,-1,400.000,-1,400.000,-1,325.000,325.000,300.000,300.000,-1,-1,-1,650.000,800.000,850.000,-1,-1,2,0,2,0,2,0,0,0,0,2,2,2,1,0,0,2,2
7,3109.804,1044.313,-316.638,17.196,0.954996,-0.295343,0.027497,0.296253,0.954315,-0.038951,-0.014737,0.045344,0.998863,0,0.58401,-0.96000,35.041,-1.920,-1,400.000,-1,400.000,-1,325.000,325.000,300.000,300.000,-1,-1,-1,675.000,800.000,850.000,-1,-1,2,0,2,0,2,0,0,0,0,2,2,2,1,0,0,2,2
8,3144.092,1053.626,-317.062,15.196,0.964687,-0.261861,0.028431,0.262837,0.964055,-0.038923,-0.017217,0.045021,0.998838,0,0.59216,-1.00000,35.530,-2.000,-1,400.000,-1,400.000,-1,325.000,325.000,300.000,300.000,-1,-1,-1,700.000,800.000,850.000,-1,-1,2,0,2,0,2,0,0,0,0,2,2,2,1,0,0,2,2
9,3179.158,1061.848,-317.552,13.196,0.973205,-0.228061,0.029342,0.229099,0.972626,-0.038903,-0.019667,0.044582,0.998812,0,0.60028,-1.00000,36.017,-2.000,-1,400.000,-1,400.000,-1,325.000,325.000,300.000,300.000,-1,-1,-1,725.000,800.000,850.000,-1,-1,2,0,2,0,2,0,0,0,0,2,2,2,1,0,0,2,2
10,3214.954,1068.932,-318.110,11.196,0.980539,-0.193983,0.030231,0.195079,0.980016,-0.038890,-0.022083,0.044031,0.998786,0,0.60816,-1.00000,36.490,-2.000,-1,400.000,-1,400.000,-1,325.000,325.000,300.000,300.000,-1,-1,-1,775.000,825.000,850.000,-1,-1,2,0,2,0,2,0,0,0,0,2,2,2,1,0,0,2,2
11,3251.429,1074.837,-318.864,9.196,0.986688,-0.159664,0.030901,0.160819,0.986197,-0.039396,-0.024184,0.043841,0.998746,0,0.61582,-1.00000,36.949,-2.000,-1,400.000,-1,400.000,-1,325.000,325.000,300.000,300.000,-1,-1,-1,800.000,825.000,850.000,-1,-1,2,0,2,0,2,0,0,0,0,2,2,2,1,0,0,2,2
12,3288.529,1079.522,-319.820,7.196,0.991626,-0.125148,0.031884,0.126387,0.991160,-0.040360,-0.026551,0.044052,0.998676,0,0.62325,-1.00000,37.395,-2.000,-1,400.000,-1,400.000,-1,325.000,325.000,300.000,300.000,-1,-1,-1,825.000,825.000,850.000,-1,-1,2,0,2,0,2,0,0,0,0,2,2,2,1,0,0,2,2
13,3326.200,1082.947,-321.007,5.196,0.995365,-0.090483,0.032584,0.091778,0.994947,-0.040718,-0.028735,0.043520,0.998639,0,0.63043,-1.00000,37.826,-2.000,-1,400.000,-1,400.000,-1,325.000,325.000,300.000,300.000,-1,-1,-1,875.000,825.000,850.000,-1,-1,2,0,2,0,2,0,0,0,0,2,2,2,1,0,0,2,2
14,3364.383,1085.078,-322.410,3.196,0.997889,-0.055707,0.033383,0.057043,0.997551,-0.040472,-0.031047,0.042291,0.998623,0,0.63737,-1.00000,38.242,-2.000,-1,400.000,-1,400.000,-1,325.000,325.000,300.000,300.000,-1,-1,-1,900.000,825.000,850.000,-1,-1,2,0,2,0,2,0,0,0,0,2,2,2,1,0,0,2,2
15,3403.019,1085.884,-323.883,1.196,0.999198,-0.020861,0.034191,0.022232,0.998943,-0.040241,-0.033315,0.040969,0.998605,0,0.64406,-1.00000,38.644,-2.000,-1,400.000,-1,400.000,-1,325.000,325.000,300.000,300.000,-1,-1,-1,950.000,825.000,850.000,-1,-1,2,0,2,0,2,0,0,0,0,2,2,2,1,0,0,2,2
16,3436.861,1085.551,-325.214,-0.564,0.999343,0.009830,0.034897,-0.008430,0.999162,-0.040055,-0.035262,0.039735,0.998588,0,0.56406,-0.88000,33.844,-1.760,-1,400.000,-1,400.000,-1,325.000,325.000,300.000,300.000,-1,-1,-1,975.000,850.000,850.000,-1,-1,2,0,2,0,2,0,0,0,0,2,2,2,1,0,0,2,2
17,3465.886,1084.494,-326.384,-2.084,0.998709,0.036332,0.035503,-0.034909,0.998593,-0.039910,-0.036903,0.038619,0.998572,0,0.48406,-0.76000,29.044,-1.520,-1,400.000,-1,400.000,-1,325.000,325.000,300.000,300.000,-1,-1,-1,-1,850.000,850.000,-1,-1,2,0,2,0,2,0,0,0,0,2,2,2,2,0,0,2,2
18,3490.088,1083.071,-327.381,-3.364,0.997630,0.058632,0.036009,-0.057192,0.997570,-0.039799,-0.038255,0.037646,0.998559,0,0.40406,-0.64000,24.244,-1.280,-1,400.000,-1,400.000,-1,325.000,325.000,300.000,300.000,-1,-1,-1,-1,850.000,850.000,-1,-1,2,0,2,0,2,0,0,0,0,2,2,2,2,0,0,2,2
19,3509.474,1081.578,-328.193,-4.404,0.996387,0.076731,0.036415,-0.075278,0.996371,-0.039719,-0.039331,0.036834,0.998547,0,0.32406,-0.52000,19.444,-1.040,-1,400.000,-1,400.000,-1,325.000,325.000,300.000,300.000,-1,-1,-1,-1,850.000,825.000,-1,-1,2,0,2,0,2,0,0,0,0,2,2,2,2,0,0,2,2
20,3524.057,1080.249,-328.812,-5.204,0.995207,0.090637,0.036720,-0.089175,0.995226,-0.039663,-0.040140,0.036198,0.998538,0,0.24406,-0.40000,14.644,-0.800,-1,400.000,-1,400.000,-1,325.000,325.000,300.000,300.000,-1,-1,-1,-1,850.000,825.000,-1,-1,2,0,2,0,2,0,0,0,0,2,2,2,2,0,0,2,2
21,3533.848,1079.235,-329.232,-5.914,0.993999,0.102973,0.036912,-0.101506,0.994045,-0.039625,-0.040773,0.035641,0.998533,0,0.16406,-0.35523,9.844,-0.710,-1,400.000,-1,400.000,-1,325.000,325.000,300.000,300.000,-1,-1,-1,-1,850.000,825.000,-1,-1,2,0,2,0,2,0,0,0,0,2,2,2,2,0,0,2,2
22,3538.858,1078.653,-329.449,-6.620,0.992652,0.115209,0.036986,-0.113742,0.992721,-0.039602,-0.041280,0.035104,0.998531,0,0.08406,-0.35282,5.044,-0.706,-1,400.000,-1,400.000,-1,325.000,325.000,300.000,300.000,-1,-1,-1,-1,850.000,825.000,-1,-1,2,0,2,0,2,0,0,0,0,2,2,2,2,0,0,2,2
23,3539.100,1078.622,-329.459,-7.323,0.991165,0.127386,0.036941,-0.125922,0.991250,-0.039591,-0.041661,0.034590,0.998533,0,0.00406,-0.35160,0.244,-0.703,-1,400.000,-1,400.000,-1,325.000,325.000,300.000,300.000,-1,-1,-1,-1,850.000,825.000,-1,-1,2,0,2,0,2,0,0,0,0,2,2,2,2,0,0,2,2
24,3534.588,1079.258,-329.259,-8.026,0.989533,0.139543,0.036775,-0.138085,0.989629,-0.039592,-0.041918,0.034099,0.998539,0,-0.07594,-0.35154,-4.556,-0.703,-1,400.000,-1,400.000,-1,325.000,325.000,300.000,300.000,-1,-1,-1,-1,850.000,825.000,-1,-1,2,0,2,0,2,0,0,0,0,2,2,2,2,0,0,2,2
25,3525.340,1080.678,-328.844,-8.731,0.987751,0.151715,0.036489,-0.150267,0.987852,-0.039602,-0.042054,0.033634,0.998549,0,-0.15594,-0.35261,-9.356,-0.705,-1,400.000,-1,400.000,-1,325.000,325.000,300.000,300.000,-1,-1,-1,-1,850.000,825.000,-1,-1,2,0,2,0,2,0,0,0,0,2,2,2,2,0,0,2,2
26,3511.375,1083.000,-328.211,-9.441,0.985811,0.163938,0.036084,-0.162504,0.985912,-0.039623,-0.042071,0.033197,0.998563,0,-0.23594,-0.35474,-14.156,-0.709,-1,400.000,-1,400.000,-1,325.000,325.000,300.000,300.000,-1,-1,-1,-1,850.000,825.000,-1,-1,2,0,2,0,2,0,0,0,0,2,2,2,2,0,0,2,2
27,3492.716,1086.342,-327.356,-10.157,0.983704,0.176243,0.035558,-0.174827,0.983800,-0.039653,-0.041971,0.032790,0.998581,0,-0.31594,-0.35788,-18.956,-0.716,-1,400.000,-1,400.000,-1,325.000,325.000,300.000,300.000,-1,-1,-1,-1,850.000,825.000,-1,-1,2,0,2,0,2,0,0,0,0,2,2,2,2,0,0,2,2
28,3469.386,1090.826,-326.277,-10.880,0.981422,0.188660,0.034914,-0.187265,0.981507,-0.039694,-0.041757,0.032419,0.998602,0,-0.39594,-0.36194,-23.756,-0.724,-1,400.000,-1,400.000,-1,325.000,325.000,300.000,300.000,-1,-1,-1,-1,850.000,825.000,-1,-1,2,0,2,0,2,0,0,0,0,2,2,2,2,0,0,2,2
29,3441.415,1096.575,-324.969,-11.614,0.978952,0.201215,0.034152,-0.199842,0.979021,-0.039748,-0.041433,0.032087,0.998626,0,-0.47594,-0.36683,-28.556,-0.734,-1,400.000,-1,400.000,-1,325.000,325.000,300.000,300.000,-1,-1,-1,-1,850.000,825.000,-1,-1,2,0,2,0,2,0,0,0,0,2,2,2,2,0,0,2,2
30,3410.558,1103.336,-323.510,-12.359,0.976281,0.213927,0.033316,-0.212580,0.976332,-0.039811,-0.041044,0.031785,0.998652,0,-0.52647,-0.37244,-31.588,-0.745,-1,400.000,-1,400.000,-1,325.000,325.000,300.000,300.000,-1,-1,-1,-1,850.000,825.000,-1,-1,2,0,2,0,2,0,0,0,0,2,2,2,2,0,0,2,2
31,3379.857,1110.489,-322.043,-13.116,0.973399,0.226804,0.032482,-0.225481,0.973431,-0.039873,-0.040662,0.031488,0.998677,0,-0.52539,-0.37832,-31.524,-0.757,-1,400.000,-1,400.000,-1,325.000,325.000,300.000,300.000,-1,-1,-1,-1,850.000,825.000,-1,-1,2,0,2,0,2,0,0,0,0,2,2,2,2,0,0,2,2
32,3349.342,1118.032,-320.576,-13.883,0.970299,0.239827,0.031667,-0.238526,0.970313,-0.039964,-0.040312,0.031224,0.998699,0,-0.52390,-0.38383,-31.434,-0.768,-1,400.000,-1,400.000,-1,325.000,325.000,300.000,300.000,-1,-1,-1,-1,850.000,825.000,-1,-1,2,0,2,0,2,0,0,0,0,2,2,2,2,0,0,2,2
33,3323.546,1124.660,-319.458,-14.411,0.968064,0.248750,0.031241,-0.247436,0.968052,-0.040622,-0.040348,0.031595,0.998686,0,-0.44390,-0.26383,-26.634,-0.528,-1,400.000,-1,400.000,-1,325.000,325.000,300.000,300.000,-1,-1,-1,-1,850.000,800.000,-1,-1,2,0,2,0,2,0,0,0,0,2,2,2,2,0,0,2,2
34,3302.427,1130.200,-318.621,-14.699,0.966826,0.253601,0.030564,-0.252277,0.966769,-0.041410,-0.040050,0.032326,0.998675,0,-0.36390,-0.14383,-21.834,-0.288,-1,425.000,-1,400.000,-1,325.000,325.000,300.000,300.000,-1,-1,-1,-1,850.000,800.000,-1,-1,2,0,2,0,2,0,0,0,0,2,2,2,2,0,0,2,2
35,3285.954,1134.536,-317.964,-14.746,0.966633,0.254399,0.030041,-0.253068,0.966535,-0.042030,-0.039728,0.033025,0.998665,0,-0.28390,-0.02383,-17.034,-0.048,-1,425.000,-1,400.000,-1,325.000,325.000,300.000,300.000,-1,-1,-1,-1,850.000,800.000,-1,-1,2,0,2,0,2,0,0,0,0,2,2,2,2,0,0,2,2
36,3274.113,1137.611,-317.485,-14.554,0.967493,0.251148,0.029692,-0.249810,0.967363,-0.042478,-0.039391,0.033680,0.998656,0,-0.20390,0.09617,-12.234,0.192,-1,425.000,-1,400.000,-1,325.000,325.000,300.000,300.000,-1,-1,-1,-1,875.000,800.000,-1,-1,2,0,2,0,2,0,0,0,0,2,2,2,2,0,0,2,2
37,3266.903,1139.425,-317.186,-14.122,0.969367,0.243836,0.029518,-0.242495,0.969210,-0.042757,-0.039034,0.034290,0.998649,0,-0.12390,0.21617,-7.434,0.432,-1,425.000,-1,400.000,-1,325.000,325.000,300.000,300.000,-1,-1,-1,-1,850.000,800.000,-1,-1,2,0,2,0,2,0,0,0,0,2,2,2,2,0,0,2,2
38,3264.342,1140.038,-317.064,-13.449,0.972162,0.232442,0.029518,-0.231098,0.971986,-0.042867,-0.038655,0.034852,0.998645,0,-0.04390,0.33617,-2.634,0.672,-1,425.000,-1,400.000,-1,325.000,325.000,300.000,300.000,-1,-1,-1,-1,850.000,800.000,-1,-1,2,0,2,0,2,0,0,0,0,2,2,2,2,0,0,2,2
39,3266.456,1139.568,-317.117,-12.537,0.975735,0.216932,0.029690,-0.215587,0.975546,-0.042805,-0.038249,0.035365,0.998642,0,0.03610,0.45617,2.166,0.912,-1,425.000,-1,400.000,-1,325.000,325.000,300.000,300.000,-1,-1,-1,-1,850.000,800.000,-1,-1,2,0,2,0,2,0,0,0,0,2,2,2,2,0,0,2,2
40,3273.285,1138.193,-317.338,-11.385,0.979890,0.197266,0.030025,-0.195922,0.979695,-0.042564,-0.037812,0.035825,0.998642,0,0.11610,0.57617,6.966,1.152,-1,425.000,-1,400.000,-1,325.000,325.000,300.000,300.000,-1,-1,-1,-1,850.000,800.000,-1,-1,2,0,2,0,2,0,0,0,0,2,2,2,2,0,0,2,2
41,3284.873,1136.151,-317.719,-9.992,0.984379,0.173400,0.030516,-0.172059,0.984185,-0.042137,-0.037340,0.036228,0.998646,0,0.19610,0.69617,11.766,1.392,-1,400.000,-1,400.000,-1,325.000,325.000,300.000,300.000,-1,-1,-1,-1,850.000,800.000,-1,-1,2,0,2,0,2,0,0,0,0,2,2,2,2,0,0,2,2
42,3301.255,1133.692,-318.256,-8.538,0.988441,0.148373,0.031130,-0.147038,0.988259,-0.041515,-0.036924,0.036458,0.998653,0,0.27610,0.72690,16.566,1.454,-1,400.000,-1,400.000,-1,325.000,325.000,300.000,300.000,-1,-1,-1,-1,850.000,825.000,-1,-1,2,0,2,0,2,0,0,0,0,2,2,2,2,0,0,2,2
43,3312.925,1132.192,-318.677,-7.325,0.991354,0.127403,0.031385,-0.126073,0.991164,-0.041233,-0.036361,0.036920,0.998657,0,0.19610,0.60690,11.766,1.214,-1,400.000,-1,400.000,-1,325.000,325.000,300.000,300.000,-1,-1,-1,-1,850.000,825.000,-1,-1,2,0,2,0,2,0,0,0,0,2,2,2,2,0,0,2,2
44,3319.848,1131.422,-318.964,-6.351,0.993369,0.110537,0.031607,-0.109201,0.993163,-0.041251,-0.035951,0.037526,0.998649,0,0.11610,0.48690,6.966,0.974,-1,400.000,-1,400.000,-1,325.000,325.000,300.000,300.000,-1,-1,-1,-1,850.000,825.000,-1,-1,2,0,2,0,2,0,0,0,0,2,2,2,2,0,0,2,2
45,3322.004,1131.210,-319.059,-5.617,0.994699,0.097806,0.031732,-0.096466,0.994478,-0.041325,-0.035598,0.038045,0.998642,0,0.03610,0.36690,2.166,0.734,-1,400.000,-1,400.000,-1,325.000,325.000,300.000,300.000,-1,-1,-1,-1,850.000,825.000,-1,-1,2,0,2,0,2,0,0,0,0,2,2,2,2,0,0,2,2
46,3319.380,1131.441,-318.950,-5.019,0.995666,0.087416,0.031728,-0.086076,0.995428,-0.041402,-0.035202,0.038491,0.998639,0,-0.04390,0.29911,-2.634,0.598,-1,400.000,-1,400.000,-1,325.000,325.000,300.000,300.000,-1,-1,-1,-1,850.000,825.000,-1,-1,2,0,2,0,2,0,0,0,0,2,2,2,2,0,0,2,2
47,3311.968,1132.014,-318.642,-4.422,0.996527,0.077037,0.031610,-0.075700,0.996267,-0.041497,-0.034688,0.038960,0.998638,0,-0.12390,0.29855,-7.434,0.597,-1,400.000,-1,400.000,-1,325.000,325.000,300.000,300.000,-1,-1,-1,-1,850.000,825.000,-1,-1,2,0,2,0,2,0,0,0,0,2,2,2,2,0,0,2,2
48,3299.762,1132.831,-318.137,-3.828,0.997279,0.066705,0.031377,-0.065376,0.996993,-0.041612,-0.034058,0.039447,0.998641,0,-0.20390,0.29695,-12.234,0.594,-1,400.000,-1,400.000,-1,325.000,325.000,300.000,300.000,-1,-1,-1,-1,850.000,825.000,-1,-1,2,0,2,0,2,0,0,0,0,2,2,2,2,0,0,2,2
49,3283.149,1133.772,-317.527,-3.239,0.997918,0.056458,0.031186,-0.055127,0.997595,-0.042018,-0.033484,0.040211,0.998630,0,-0.27733,0.29429,-16.640,0.589,-1,400.000,-1,400.000,-1,325.000,325.000,300.000,300.000,-1,-1,-1,-1,850.000,825.000,-1,-1,2,0,2,0,2,0,0,0,0,2,2,2,2,0,0,2,2
50,3266.432,1134.548,-316.988,-2.658,0.998449,0.046332,0.030876,-0.044999,0.998080,-0.042569,-0.032789,0.041113,0.998616,0,-0.27890,0.29065,-16.734,0.581,-1,400.000,-1,400.000,-1,325.000,325.000,300.000,300.000,-1,-1,-1,-1,850.000,825.000,-1,-1,2,0,2,0,2,0,0,0,0,2,2,2,2,0,0,2,2
51,3249.615,1135.161,-316.540,-2.084,0.998870,0.036331,0.030623,-0.035006,0.998472,-0.042769,-0.032131,0.041649,0.998616,0,-0.28048,0.28698,-16.829,0.574,-1,400.000,-1,400.000,-1,325.000,325.000,300.000,300.000,-1,-1,-1,-1,850.000,825.000,-1,-1,2,0,2,0,2,0,0,0,0,2,2,2,2,0,0,2,2
52,3232.698,1135.609,-316.120,-1.517,0.999191,0.026456,0.030294,-0.025145,0.998764,-0.042873,-0.031391,0.042076,0.998621,0,-0.28205,0.28327,-16.923,0.567,-1,400.000,-1,400.000,-1,325.000,325.000,300.000,300.000,-1,-1,-1,-1,850.000,825.000,-1,-1,2,0,2,0,2,0,0,0,0,2,2,2,2,0,0,2,2
53,3215.683,1135.894,-315.704,-0.958,0.999411,0.016709,0.029961,-0.015413,0.998957,-0.042981,-0.030648,0.042494,0.998627,0,-0.28362,0.27954,-17.017,0.559,-1,400.000,-1,400.000,-1,325.000,325.000,300.000,300.000,-1,-1,-1,-1,850.000,825.000,-1,-1,2,0,2,0,2,0,0,0,0,2,2,2,2,0,0,2,2
54,3198.573,1136.016,-315.293,-0.407,0.999536,0.007092,0.029623,-0.005812,0.999054,-0.043092,-0.029901,0.042900,0.998632,0,-0.28517,0.27577,-17.110,0.552,-1,400.000,-1,400.000,-1,325.000,325.000,300.000,300.000,-1,-1,-1,-1,825.000,825.000,-1,-1,2,0,2,0,2,0,0,0,0,2,2,2,2,0,0,2,2
55,3181.369,1135.975,-314.886,0.137,0.999568,-0.002393,0.029281,0.003657,0.999059,-0.043208,-0.029150,0.043296,0.998637,0,-0.28672,0.27198,-17.203,0.544,-1,400.000,-1,400.000,-1,325.000,325.000,300.000,300.000,-1,-1,-1,1000.000,825.000,825.000,-1,-1,2,0,2,0,2,0,0,0,0,2,2,2,1,0,0,2,2
56,3164.075,1135.772,-314.483,0.674,0.999512,-0.011744,0.028934,0.012992,0.998976,-0.043327,-0.028396,0.043682,0.998642,0,-0.28826,0.26816,-17.295,0.536,-1,400.000,-1,400.000,-1,325.000,325.000,300.000,300.000,-1,-1,-1,975.000,825.000,825.000,-1,-1,2,0,2,0,2,0,0,0,0,2,2,2,1,0,0,2,2
57,3146.692,1135.407,-314.085,1.202,0.999372,-0.020960,0.028583,0.022191,0.998809,-0.043449,-0.027638,0.044056,0.998647,0,-0.28978,0.26432,-17.387,0.529,-1,400.000,-1,400.000,-1,325.000,325.000,300.000,300.000,-1,-1,-1,975.000,825.000,825.000,-1,-1,2,0,2,0,2,0,0,0,0,2,2,2,1,0,0,2,2
58,3129.223,1134.882,-313.691,1.723,0.999150,-0.030039,0.028227,0.031253,0.998561,-0.043575,-0.026877,0.044420,0.998651,0,-0.29128,0.26045,-17.477,0.521,-1,400.000,-1,400.000,-1,325.000,325.000,300.000,300.000,-1,-1,-1,950.000,825.000,825.000,-1,-1,2,0,2,0,2,0,0,0,0,2,2,2,1,0,0,2,2
59,3111.670,1134.197,-313.302,2.236,0.998851,-0.038980,0.027866,0.040175,0.998236,-0.043704,-0.026113,0.044773,0.998656,0,-0.29277,0.25656,-17.566,0.513,-1,400.000,-1,400.000,-1,325.000,325.000,300.000,300.000,-1,-1,-1,950.000,825.000,825.000,-1,-1,2,0,2,0,2,0,0,0,0,2,2,2,1,0,0,2,2
60,3094.036,1133.353,-312.918,2.742,0.998479,-0.047781,0.027500,0.048958,0.997838,-0.043836,-0.025346,0.045115,0.998660,0,-0.29423,0.25265,-17.654,0.505,-1,400.000,-1,400.000,-1,325.000,325.000,300.000,300.000,-1,-1,-1,925.000,825.000,825.000,-1,-1,2,0,2,0,2,0,0,0,0,2,2,2,1,0,0,2,2
61,3076.325,1132.351,-312.538,3.239,0.998037,-0.056442,0.027130,0.057599,0.997371,-0.043970,-0.024577,0.045447,0.998664,0,-0.29567,0.24872,-17.740,0.497,-1,400.000,-1,400.000,-1,325.000,325.000,300.000,300.000,-1,-1,-1,925.000,825.000,825.000,-1,-1,2,0,2,0,2,0,0,0,0,2,2,2,1,0,0,2,2
62,3058.538,1131.192,-312.164,3.728,0.997529,-0.064960,0.026754,0.066098,0.996838,-0.044108,-0.023804,0.045767,0.998668,0,-0.29707,0.24477,-17.824,0.490,-1,400.000,-1,400.000,-1,325.000,325.000,300.000,300.000,-1,-1,-1,900.000,825.000,825.000,-1,-1,2,0,2,0,2,0,0,0,0,2,2,2,1,0,0,2,2
63,3035.968,1129.622,-311.694,3.978,0.997251,-0.069300,0.026238,0.070416,0.996533,-0.044312,-0.023077,0.046038,0.998673,0,-0.37707,0.12477,-22.624,0.250,-1,400.000,-1,400.000,-1,325.000,325.000,300.000,300.000,-1,-1,-1,900.000,825.000,825.000,-1,-1,2,0,2,0,2,0,0,0,0,2,2,2,1,0,0,2,2
64,3008.610,1127.715,-311.124,3.988,0.997256,-0.069466,0.025582,0.070557,0.996511,-0.044579,-0.022396,0.046262,0.998678,0,-0.45707,0.00477,-27.424,0.010,-1,400.000,-1,400.000,-1,325.000,325.000,300.000,275.000,-1,-1,-1,900.000,825.000,825.000,-1,-1,2,0,2,0,2,0,0,0,0,2,2,2,1,0,0,2,2
65,2979.416,1125.798,-310.512,3.757,0.997546,-0.065456,0.024857,0.066524,0.996775,-0.044877,-0.021839,0.046420,0.998683,0,-0.48761,-0.11523,-29.257,-0.230,-1,400.000,-1,400.000,-1,325.000,325.000,300.000,275.000,-1,-1,-1,900.000,825.000,825.000,-1,-1,2,0,2,0,2,0,0,0,0,2,2,2,1,0,0,2,2
66,2950.262,1124.124,-309.891,3.287,0.998068,-0.057270,0.024109,0.058315,0.997275,-0.045181,-0.021455,0.046500,0.998688,0,-0.48669,-0.23523,-29.202,-0.470,-1,400.000,-1,400.000,-1,325.000,325.000,300.000,275.000,-1,-1,-1,900.000,850.000,825.000,-1,-1,2,0,2,0,2,0,0,0,0,2,2,2,1,0,0,2,2
67,2921.206,1122.817,-309.256,2.576,0.998719,-0.044899,0.023340,0.045926,0.997909,-0.045485,-0.021249,0.046499,0.998692,0,-0.48476,-0.35523,-29.086,-0.710,-1,400.000,-1,400.000,-1,325.000,325.000,300.000,275.000,-1,-1,-1,925.000,850.000,825.000,-1,-1,2,0,2,0,2,0,0,0,0,2,2,2,1,0,0,2,2
68,2892.314,1121.997,-308.604,1.626,0.999344,-0.028340,0.022553,0.029350,0.998520,-0.045781,-0.021222,0.046413,0.998697,0,-0.48173,-0.47523,-28.904,-0.950,-1,400.000,-1,400.000,-1,325.000,325.000,300.000,275.000,-1,-1,-1,950.000,850.000,825.000,-1,-1,2,0,2,0,2,0,0,0,0,2,2,2,1,0,0,2,2
69,2863.663,1121.771,-307.931,0.452,0.999732,-0.007881,0.021753,0.008876,0.998899,-0.046062,-0.021366,0.046243,0.998702,0,-0.47753,-0.58687,-28.652,-1.174,-1,400.000,-1,400.000,-1,325.000,325.000,300.000,275.000,-1,-1,-1,975.000,850.000,825.000,-1,-1,2,0,2,0,2,0,0,0,0,2,2,2,1,0,0,2,2
70,2835.337,1122.132,-307.240,-0.731,0.999699,0.012744,0.020964,-0.011761,0.998857,-0.046326,-0.021531,0.046066,0.998706,0,-0.47215,-0.59149,-28.329,-1.183,-1,400.000,-1,400.000,-1,325.000,325.000,300.000,275.000,-1,-1,-1,1000.000,850.000,800.000,-1,-1,2,0,2,0,2,0,0,0,0,2,2,2,1,0,0,2,2
71,2807.377,1123.070,-306.532,-1.922,0.999235,0.033507,0.020189,-0.032538,0.998385,-0.046573,-0.021717,0.045880,0.998711,0,-0.46627,-0.59563,-27.976,-1.191,-1,400.000,-1,400.000,-1,325.000,325.000,300.000,275.000,-1,-1,-1,-1,850.000,800.000,-1,-1,2,0,2,0,2,0,0,0,0,2,2,2,2,0,0,2,2
72,2779.823,1124.573,-305.808,-3.121,0.998331,0.054385,0.019428,-0.053427,0.997474,-0.046801,-0.021924,0.045685,0.998715,0,-0.45992,-0.59930,-27.595,-1.199,-1,400.000,-1,400.000,-1,325.000,325.000,300.000,300.000,-1,-1,-1,-1,850.000,800.000,-1,-1,2,0,2,0,2,0,0,0,0,2,2,2,2,0,0,2,2
73,2752.710,1126.623,-305.069,-4.326,0.996982,0.075349,0.018683,-0.074403,0.996119,-0.047012,-0.022152,0.045480,0.998720,0,-0.45318,-0.60248,-27.191,-1.205,-1,400.000,-1,400.000,-1,325.000,325.000,300.000,300.000,-1,-1,-1,-1,850.000,800.000,-1,-1,2,0,2,0,2,0,0,0,0,2,2,2,2,0,0,2,2
74,2726.070,1129.205,-304.316,-5.536,0.995183,0.096375,0.017955,-0.095440,0.994315,-0.047205,-0.022402,0.045264,0.998724,0,-0.44608,-0.60520,-26.765,-1.210,-1,400.000,-1,400.000,-1,325.000,325.000,300.000,300.000,-1,-1,-1,-1,850.000,800.000,-1,-1,2,0,2,0,2,0,0,0,0,2,2,2,2,0,0,2,2
75,2699.930,1132.299,-303.551,-6.751,0.992931,0.117437,0.017245,-0.116511,0.992059,-0.047380,-0.022673,0.045036,0.998728,0,-0.43871,-0.60745,-26.323,-1.215,-1,400.000,-1,400.000,-1,325.000,325.000,300.000,300.000,-1,-1,-1,-1,850.000,800.000,-1,-1,2,0,2,0,2,0,0,0,0,2,2,2,2,0,0,2,2
76,2678.603,1135.193,-302.910,-7.726,0.990800,0.134300,0.016674,-0.133381,0.989925,-0.047516,-0.022887,0.044855,0.998731,0,-0.35871,-0.48745,-21.523,-0.975,-1,425.000,-1,400.000,-1,325.000,325.000,300.000,300.000,-1,-1,-1,-1,850.000,800.000,-1,-1,2,0,2,0,2,0,0,0,0,2,2,2,2,0,0,2,2
77,2662.062,1137.653,-302.421,-8.461,0.989005,0.146986,0.016282,-0.146070,0.988124,-0.047697,-0.023099,0.044795,0.998729,0,-0.27871,-0.36745,-16.723,-0.735,-1,425.000,-1,400.000,-1,325.000,325.000,300.000,300.000,-1,-1,-1,-1,875.000,775.000,-1,-1,2,0,2,0,2,0,0,0,0,2,2,2,2,0,0,2,2
78,2650.285,1139.509,-302.120,-8.956,0.987702,0.155514,0.016127,-0.154589,0.986810,-0.048041,-0.023386,0.044957,0.998715,0,-0.19871,-0.24745,-11.923,-0.495,-1,425.000,-1,400.000,-1,325.000,325.000,300.000,300.000,-1,-1,-1,-1,850.000,775.000,-1,-1,2,0,2,0,2,0,0,0,0,2,2,2,2,0,0,2,2
79,2643.256,1140.661,-301.953,-9.305,0.986738,0.161530,0.015981,-0.160600,0.985838,-0.048288,-0.023555,0.045081,0.998706,0,-0.11871,-0.17475,-7.123,-0.350,-1,425.000,-1,400.000,-1,325.000,325.000,300.000,300.000,-1,-1,-1,-1,850.000,775.000,-1,-1,2,0,2,0,2,0,0,0,0,2,2,2,2,0,0,2,2
80,2640.967,1141.050,-301.902,-9.655,0.985735,0.167548,0.015915,-0.166615,0.984835,-0.048360,-0.023776,0.045018,0.998703,0,-0.03871,-0.17497,-2.323,-0.350,-1,425.000,-1,400.000,-1,325.000,325.000,300.000,300.000,-1,-1,-1,-1,850.000,775.000,-1,-1,2,0,2,0,2,0,0,0,0,2,2,2,2,0,0,2,2
81,2643.406,1140.620,-301.969,-10.005,0.984694,0.173564,0.015932,-0.172627,0.983805,-0.048254,-0.024049,0.044765,0.998708,0,0.04129,-0.17503,2.477,-0.350,-1,425.000,-1,400.000,-1,325.000,325.000,300.000,300.000,-1,-1,-1,-1,850.000,775.000,-1,-1,2,0,2,0,2,0,0,0,0,2,2,2,2,0,0,2,2
82,2650.565,1139.311,-302.156,-10.355,0.983614,0.179573,0.016033,-0.178633,0.982746,-0.047971,-0.024371,0.044320,0.998720,0,0.12129,-0.17497,7.277,-0.350,-1,425.000,-1,400.000,-1,325.000,325.000,300.000,300.000,-1,-1,-1,-1,850.000,775.000,-1,-1,2,0,2,0,2,0,0,0,0,2,2,2,2,0,0,2,2
83,2662.433,1137.068,-302.477,-10.705,0.982498,0.185572,0.016178,-0.184630,0.981657,-0.047546,-0.024705,0.043726,0.998738,0,0.20129,-0.17481,12.077,-0.350,-1,425.000,-1,400.000,-1,325.000,325.000,300.000,300.000,-1,-1,-1,-1,875.000,775.000,-1,-1,2,0,2,0,2,0,0,0,0,2,2,2,2,0,0,2,2
84,2678.997,1133.831,-302.937,-11.054,0.981346,0.191555,0.016355,-0.190614,0.980540,-0.046989,-0.025038,0.042995,0.998761,0,0.28129,-0.17453,16.877,-0.349,-1,425.000,-1,400.000,-1,325.000,325.000,300.000,300.000,-1,-1,-1,-1,875.000,775.000,-1,-1,2,0,2,0,2,0,0,0,0,2,2,2,2,0,0,2,2
85,2700.246,1129.546,-303.617,-11.402,0.980156,0.197515,0.016780,-0.196561,0.979382,-0.046644,-0.025647,0.042420,0.998771,0,0.36129,-0.17411,21.677,-0.348,-1,425.000,-1,400.000,-1,325.000,325.000,300.000,300.000,-1,-1,-1,-1,875.000,775.000,-1,-1,2,0,2,0,2,0,0,0,0,2,2,2,2,0,0,2,2
86,2726.169,1124.154,-304.456,-11.749,0.978932,0.203449,0.017318,-0.202478,0.978194,-0.046254,-0.026350,0.041773,0.998780,0,0.44129,-0.17352,26.477,-0.347,-1,400.000,-1,400.000,-1,325.000,325.000,300.000,300.000,-1,-1,-1,-1,875.000,775.000,-1,-1,2,0,2,0,2,0,0,0,0,2,2,2,2,0,0,2,2
87,2756.752,1117.600,-305.452,-12.095,0.977676,0.209348,0.017963,-0.208358,0.976979,-0.045808,-0.027139,0.041042,0.998789,0,0.52129,-0.17269,31.277,-0.345,-1,400.000,-1,400.000,-1,325.000,325.000,300.000,300.000,-1,-1,-1,-1,850.000,775.000,-1,-1,2,0,2,0,2,0,0,0,0,2,2,2,2,0,0,2,2
88,2791.983,1109.829,-306.604,-12.438,0.976390,0.215201,0.018718,-0.214190,0.975741,-0.045308,-0.028014,0.040229,0.998798,0,0.60129,-0.17153,36.077,-0.343,-1,400.000,-1,400.000,-1,325.000,325.000,300.000,300.000,-1,-1,-1,-1,850.000,775.000,-1,-1,2,0,2,0,2,0,0,0,0,2,2,2,2,0,0,2,2
89,2831.848,1100.788,-307.913,-12.777,0.975079,0.220994,0.019585,-0.219960,0.974482,-0.044757,-0.028976,0.039333,0.998806,0,0.68129,-0.16995,40.877,-0.340,-1,400.000,-1,400.000,-1,325.000,325.000,300.000,300.000,-1,-1,-1,-1,850.000,775.000,-1,-1,2,0,2,0,2,0,0,0,0,2,2,2,2,0,0,2,2
90,2876.334,1090.424,-309.377,-13.113,0.973746,0.226707,0.020569,-0.225649,0.973207,-0.044158,-0.030029,0.038357,0.998813,0,0.76129,-0.16783,45.677,-0.336,-1,400.000,-1,400.000,-1,325.000,325.000,300.000,300.000,-1,-1,-1,-1,850.000,775.000,-1,-1,2,0,2,0,2,0,0,0,0,2,2,2,2,0,0,2,2
91,2925.112,1078.765,-310.985,-13.443,0.972398,0.232319,0.021665,-0.231236,0.971924,-0.043519,-0.031167,0.037308,0.998818,0,0.83585,-0.16503,50.151,-0.330,-1,400.000,-1,400.000,-1,325.000,325.000,300.000,300.000,-1,-1,-1,-1,850.000,800.000,-1,-1,2,0,2,0,2,0,0,0,0,2,2,2,2,0,0,2,2
92,2973.543,1066.899,-312.584,-13.766,0.971047,0.237801,0.022769,-0.236695,0.970636,-0.042900,-0.032303,0.036269,0.998820,0,0.83107,-0.16143,49.864,-0.323,-1,400.000,-1,400.000,-1,325.000,325.000,300.000,300.000,-1,-1,-1,-1,850.000,800.000,-1,-1,2,0,2,0,2,0,0,0,0,2,2,2,2,0,0,2,2
93,3021.649,1054.832,-314.172,-14.081,0.969698,0.243136,0.023883,-0.242007,0.969352,-0.042303,-0.033436,0.035241,0.998819,0,0.82660,-0.15730,49.596,-0.315,-1,400.000,-1,400.000,-1,325.000,325.000,300.000,275.000,-1,-1,-1,-1,850.000,800.000,-1,-1,2,0,2,0,2,0,0,0,0,2,2,2,2,0,0,2,2
94,3069.450,1042.571,-315.751,-14.386,0.968359,0.248307,0.025005,-0.247158,0.968077,-0.041726,-0.034568,0.034225,0.998816,0,0.82247,-0.15267,49.348,-0.305,-1,400.000,-1,400.000,-1,325.000,325.000,300.000,300.000,-1,-1,-1,-1,850.000,800.000,-1,-1,2,0,2,0,2,0,0,0,0,2,2,2,2,0,0,2,2
95,3116.969,1030.121,-317.319,-14.681,0.967035,0.253298,0.026137,-0.252129,0.966818,-0.041169,-0.035698,0.033222,0.998810,0,0.81870,-0.14754,49.122,-0.295,-1,425.000,-1,400.000,-1,325.000,325.000,300.000,300.000,-1,-1,-1,-1,850.000,800.000,-1,-1,2,0,2,0,2,0,0,0,0,2,2,2,2,0,0,2,2
96,3166.011,1017.221,-318.930,-14.736,0.966756,0.254235,0.027340,-0.253046,0.966602,-0.040602,-0.036750,0.032334,0.998801,0,0.84517,-0.02754,50.710,-0.055,-1,425.000,-1,400.000,-1,325.000,325.000,300.000,300.000,-1,-1,-1,-1,850.000,800.000,-1,-1,2,0,2,0,2,0,0,0,0,2,2,2,2,0,0,2,2
97,3214.968,1004.384,-320.597,-14.693,0.966913,0.253519,0.028413,-0.252329,0.966827,-0.039703,-0.037536,0.031220,0.998807,0,0.84353,0.02148,50.612,0.043,-1,425.000,-1,400.000,-1,325.000,325.000,300.000,300.000,-1,-1,-1,-1,850.000,800.000,-1,-1,2,0,2,0,2,0,0,0,0,2,2,2,2,0,0,2,2
98,3263.847,991.610,-322.472,-14.645,0.967078,0.252719,0.029898,-0.251551,0.967099,-0.037971,-0.038510,0.029200,0.998831,0,0.84201,0.02416,50.521,0.048,-1,425.000,-1,400.000,-1,325.000,325.000,300.000,300.000,-1,-1,-1,-1,850.000,825.000,-1,-1,2,0,2,0,2,0,0,0,0,2,2,2,2,0,0,2,2
99,3312.665,978.902,-324.370,-14.591,0.967260,0.251821,0.031543,-0.250678,0.967396,-0.036131,-0.039613,0.027041,0.998849,0,0.84075,0.02705,50.445,0.054,-1,425.000,-1,400.000,-1,325.000,325.000,300.000,300.000,-1,-1,-1,-1,850.000,825.000,-1,-1,2,0,2,0,2,0,0,0,0,2,2,2,2,0,0,2,2
100,3361.438,966.260,-326.475,-14.530,0.967488,0.250811,0.032586,-0.249687,0.967695,-0.034966,-0.040303,0.025693,0.998857,0,0.83975,0.03017,50.385,0.060,-1,425.000,-1,400.000,-1,325.000,325.000,300.000,300.000,-1,-1,-1,-1,850.000,825.000,-1,-1,2,0,2,0,2,0,0,0,0,2,2,2,2,0,0,2,2
101,3410.184,953.687,-328.845,-14.463,0.967735,0.249681,0.033877,-0.248525,0.967996,-0.034925,-0.041513,0.025379,0.998816,0,0.83902,0.03350,50.341,0.067,-1,400.000,-1,400.000,-1,325.000,325.000,300.000,300.000,-1,-1,-1,-1,850.000,825.000,-1,-1,2,0,2,0,2,0,0,0,0,2,2,2,2,0,0,2,2
102,3458.920,941.183,-331.213,-14.389,0.968011,0.248431,0.035178,-0.247243,0.968324,-0.034912,-0.042737,0.025098,0.998771,0,0.83857,0.03704,50.314,0.074,-1,400.000,-1,400.000,-1,325.000,325.000,300.000,300.000,-1,-1,-1,-1,850.000,825.000,-1,-1,2,0,2,0,2,0,0,0,0,2,2,2,2,0,0,2,2
103,3507.663,928.751,-333.579,-14.308,0.968315,0.247054,0.036489,-0.245831,0.968683,-0.034928,-0.043975,0.024851,0.998723,0,0.83840,0.04078,50.304,0.082,-1,400.000,-1,400.000,-1,325.000,325.000,300.000,300.000,-1,-1,-1,-1,850.000,825.000,-1,-1,2,0,2,0,2,0,0,0,0,2,2,2,2,0,0,2,2
104,3556.433,916.394,-335.944,-14.218,0.968648,0.245543,0.037810,-0.244285,0.969073,-0.034971,-0.045227,0.024638,0.998673,0,0.83850,0.04471,50.310,0.089,-1,400.000,-1,400.000,-1,325.000,325.000,300.000,300.000,-1,-1,-1,-1,850.000,825.000,-1,-1,2,0,2,0,2,0,0,0,0,2,2,2,2,0,0,2,2
105,3605.245,904.114,-338.307,-14.121,0.969012,0.243892,0.039141,-0.242597,0.969494,-0.035041,-0.046493,0.024459,0.998619,0,0.83888,0.04883,50.333,0.098,-1,400.000,-1,400.000,-1,325.000,325.000,300.000,300.000,-1,-1,-1,-1,850.000,825.000,-1,-1,2,0,2,0,2,0,0,0,0,2,2,2,2,0,0,2,2
106,3654.118,891.916,-340.670,-14.014,0.969408,0.242094,0.040484,-0.240761,0.969948,-0.035137,-0.047774,0.024315,0.998562,0,0.83954,0.05314,50.373,0.106,-1,400.000,-1,400.000,-1,325.000,325.000,300.000,300.000,-1,-1,-1,-1,850.000,850.000,-1,-1,2,0,2,0,2,0,0,0,0,2,2,2,2,0,0,2,2
107,3703.071,879.802,-343.034,-13.899,0.969835,0.240143,0.041839,-0.238771,0.970436,-0.035258,-0.049069,0.024204,0.998502,0,0.84048,0.05762,50.429,0.115,-1,400.000,-1,400.000,-1,325.000,325.000,300.000,300.000,-1,-1,-1,-1,850.000,850.000,-1,-1,2,0,2,0,2,0,0,0,0,2,2,2,2,0,0,2,2
108,3748.024,868.973,-345.195,-13.544,0.971252,0.234121,0.043093,-0.232708,0.971903,-0.035375,-0.050165,0.024330,0.998445,0,0.77065,0.17762,46.239,0.355,-1,400.000,-1,400.000,-1,325.000,325.000,300.000,300.000,-1,-1,-1,-1,850.000,850.000,-1,-1,2,0,2,0,2,0,0,0,0,2,2,2,2,0,0,2,2
109,3793.158,858.596,-347.347,-12.949,0.973577,0.224010,0.044364,-0.222553,0.974275,-0.035484,-0.051171,0.024673,0.998385,0,0.77186,0.29762,46.312,0.595,-1,400.000,-1,400.000,-1,325.000,325.000,300.000,300.000,-1,-1,-1,-1,850.000,850.000,-1,-1,2,0,2,0,2,0,0,0,0,2,2,2,2,0,0,2,2
110,3838.519,848.860,-349.485,-12.113,0.976682,0.209781,0.045651,-0.208277,0.977423,-0.035569,-0.052082,0.025231,0.998324,0,0.77323,0.41762,46.394,0.835,-1,400.000,-1,400.000,-1,325.000,325.000,300.000,300.000,-1,-1,-1,-1,850.000,850.000,-1,-1,2,0,2,0,2,0,0,0,0,2,2,2,2,0,0,2,2
111,3884.146,839.949,-351.655,-11.051,0.980350,0.191624,0.046834,-0.190086,0.981130,-0.035381,-0.052730,0.025783,0.998276,0,0.77481,0.53107,46.489,1.062,-1,400.000,-1,400.000,-1,325.000,325.000,300.000,300.000,-1,-1,-1,-1,850.000,850.000,-1,-1,2,0,2,0,2,0,0,0,0,2,2,2,2,0,0,2,2
112,3930.040,831.874,-354.036,-9.979,0.983694,0.173233,0.048341,-0.171700,0.984553,-0.034269,-0.053531,0.025410,0.998243,0,0.77666,0.53611,46.600,1.072,-1,400.000,-1,400.000,-1,325.000,325.000,300.000,300.000,-1,-1,-1,-1,850.000,850.000,-1,-1,2,0,2,0,2,0,0,0,0,2,2,2,2,0,0,2,2
113,3976.211,824.647,-356.513,-8.896,0.986727,0.154599,0.049683,-0.153071,0.987656,-0.033234,-0.054208,0.025188,0.998212,0,0.77889,0.54136,46.733,1.083,-1,400.000,-1,425.000,-1,325.000,325.000,300.000,300.000,-1,-1,-1,-1,850.000,875.000,-1,-1,2,0,2,0,2,0,0,0,0,2,2,2,2,0,0,2,2
114,4022.666,818.281,-359.394,-7.803,0.989440,0.135715,0.050885,-0.134111,0.990392,-0.033725,-0.054973,0.026545,0.998135,0,0.78148,0.54681,46.889,1.094,-1,400.000,-1,400.000,-1,325.000,325.000,300.000,300.000,-1,-1,-1,-1,850.000,875.000,-1,-1,2,0,2,0,2,0,0,0,0,2,2,2,2,0,0,2,2
115,4069.411,812.792,-362.282,-6.698,0.991811,0.116587,0.052141,-0.114900,0.992785,-0.034284,-0.055762,0.028012,0.998051,0,0.78443,0.55246,47.066,1.105,-1,400.000,-1,400.000,-1,325.000,325.000,300.000,300.000,-1,-1,-1,-1,850.000,875.000,-1,-1,2,0,2,0,2,0,0,0,0,2,2,2,2,0,0,2,2
116,4116.451,808.196,-365.156,-5.581,0.993830,0.097215,0.053405,-0.095441,0.994826,-0.034826,-0.056514,0.029514,0.997965,0,0.78773,0.55830,47.264,1.117,-1,400.000,-1,400.000,-1,325.000,325.000,300.000,300.000,-1,-1,-1,-1,850.000,875.000,-1,-1,2,0,2,0,2,0,0,0,0,2,2,2,2,0,0,2,2
117,4163.898,804.499,-368.022,-4.455,0.995480,0.077646,0.054681,-0.075784,0.996498,-0.035348,-0.057234,0.031044,0.997878,0,0.79318,0.56290,47.591,1.126,-1,400.000,-1,400.000,-1,325.000,325.000,300.000,300.000,-1,-1,-1,-1,850.000,875.000,-1,-1,2,0,2,0,2,0,0,0,0,2,2,2,2,0,0,2,2
118,4206.606,801.835,-370.576,-3.570,0.996499,0.062229,0.055835,-0.060288,0.997539,-0.035794,-0.057925,0.032302,0.997798,0,0.71318,0.44290,42.791,0.886,-1,400.000,-1,400.000,-1,325.000,325.000,300.000,300.000,-1,-1,-1,-1,850.000,875.000,-1,-1,2,0,2,0,2,0,0,0,0,2,2,2,2,0,0,2,2
119,4244.548,799.897,-372.830,-2.924,0.997079,0.050980,0.056867,-0.048971,0.998145,-0.036177,-0.058606,0.033286,0.997726,0,0.63318,0.32290,37.991,0.646,-1,400.000,-1,400.000,-1,325.000,325.000,300.000,300.000,-1,-1,-1,-1,825.000,875.000,-1,-1,2,0,2,0,2,0,0,0,0,2,2,2,2,0,0,2,2
120,4277.707,798.439,-374.790,-2.518,0.997364,0.043908,0.057774,-0.041841,0.998457,-0.036506,-0.059288,0.033993,0.997662,0,0.55318,0.20290,33.191,0.406,-1,400.000,-1,400.000,-1,325.000,325.000,300.000,300.000,-1,-1,-1,-1,825.000,875.000,-1,-1,2,0,2,0,2,0,0,0,0,2,2,2,2,0,0,2,2
121,4306.074,797.274,-376.465,-2.352,0.997441,0.041018,0.058558,-0.038904,0.998565,-0.036793,-0.059983,0.034421,0.997606,0,0.47318,0.08290,28.391,0.166,-1,400.000,-1,400.000,-1,325.000,325.000,300.000,300.000,-1,-1,-1,-1,825.000,875.000,-1,-1,2,0,2,0,2,0,0,0,0,2,2,2,2,0,0,2,2
122,4329.644,796.275,-377.857,-2.426,0.997348,0.042310,0.059216,-0.040160,0.998506,-0.037045,-0.060694,0.034568,0.997558,0,0.39318,-0.03710,23.591,-0.074,-1,400.000,-1,400.000,-1,325.000,325.000,300.000,300.000,-1,-1,-1,-1,825.000,875.000,-1,-1,2,0,2,0,2,0,0,0,0,2,2,2,2,0,0,2,2
123,4348.413,795.377,-378.969,-2.741,0.997069,0.047785,0.059747,-0.045610,0.998264,-0.037267,-0.061424,0.034433,0.997518,0,0.31318,-0.15710,18.791,-0.314,-1,400.000,-1,400.000,-1,325.000,325.000,300.000,300.000,-1,-1,-1,-1,825.000,875.000,-1,-1,2,0,2,0,2,0,0,0,0,2,2,2,2,0,0,2,2
124,4362.381,794.573,-379.802,-3.295,0.996535,0.057440,0.060150,-0.055249,0.997769,-0.037465,-0.062168,0.034012,0.997486,0,0.23318,-0.27710,13.991,-0.554,-1,400.000,-1,400.000,-1,325.000,325.000,300.000,300.000,-1,-1,-1,-1,850.000,875.000,-1,-1,2,0,2,0,2,0,0,0,0,2,2,2,2,0,0,2,2
125,4371.549,793.917,-380.353,-4.089,0.995626,0.071266,0.060424,-0.069073,0.996901,-0.037638,-0.062919,0.033300,0.997463,0,0.15318,-0.39710,9.191,-0.794,-1,400.000,-1,400.000,-1,325.000,325.000,300.000,300.000,-1,-1,-1,-1,850.000,875.000,-1,-1,2,0,2,0,2,0,0,0,0,2,2,2,2,0,0,2,2
126,4375.923,793.533,-380.617,-5.016,0.994332,0.087380,0.060563,-0.085195,0.995648,-0.037775,-0.063600,0.032401,0.997449,0,0.07318,-0.46328,4.391,-0.927,-1,400.000,-1,400.000,-1,325.000,325.000,300.000,300.000,-1,-1,-1,-1,850.000,875.000,-1,-1,2,0,2,0,2,0,0,0,0,2,2,2,2,0,0,2,2
127,4375.517,793.575,-380.589,-5.942,0.992787,0.103472,0.060565,-0.101303,0.994135,-0.037859,-0.064127,0.031451,0.997446,0,-0.00682,-0.46328,-0.409,-0.927,-1,400.000,-1,400.000,-1,325.000,325.000,300.000,300.000,-1,-1,-1,-1,850.000,875.000,-1,-1,2,0,2,0,2,0,0,0,0,2,2,2,2,0,0,2,2
128,4370.345,794.197,-380.264,-6.869,0.990989,0.119538,0.060431,-0.117394,0.992363,-0.037886,-0.064498,0.030451,0.997453,0,-0.08682,-0.46328,-5.209,-0.927,-1,400.000,-1,400.000,-1,325.000,325.000,300.000,300.000,-1,-1,-1,-1,850.000,875.000,-1,-1,2,0,2,0,2,0,0,0,0,2,2,2,2,0,0,2,2
129,4361.569,795.398,-379.710,-7.795,0.988937,0.135574,0.060193,-0.133461,0.990330,-0.037866,-0.064745,0.029413,0.997468,0,-0.14764,-0.46328,-8.858,-0.927,-1,400.000,-1,400.000,-1,325.000,325.000,300.000,300.000,-1,-1,-1,-1,850.000,875.000,-1,-1,2,0,2,0,2,0,0,0,0,2,2,2,2,0,0,2,2
130,4352.813,796.741,-379.150,-8.722,0.986626,0.151576,0.059954,-0.149494,0.988038,-0.037839,-0.064972,0.028371,0.997484,0,-0.14764,-0.46328,-8.858,-0.927,-1,400.000,-1,400.000,-1,325.000,325.000,300.000,300.000,-1,-1,-1,-1,850.000,850.000,-1,-1,2,0,2,0,2,0,0,0,0,2,2,2,2,0,0,2,2
131,4344.080,798.226,-378.586,-9.648,0.984056,0.167538,0.059712,-0.165488,0.985487,-0.037807,-0.065180,0.027323,0.997499,0,-0.14764,-0.46328,-8.858,-0.927,-1,400.000,-1,400.000,-1,325.000,325.000,300.000,300.000,-1,-1,-1,-1,850.000,850.000,-1,-1,2,0,2,0,2,0,0,0,0,2,2,2,2,0,0,2,2
132,4335.372,799.851,-378.017,-10.575,0.981227,0.183458,0.059470,-0.181440,0.982676,-0.037769,-0.065369,0.026270,0.997515,0,-0.14764,-0.46328,-8.858,-0.927,-1,400.000,-1,400.000,-1,325.000,325.000,300.000,300.000,-1,-1,-1,-1,850.000,850.000,-1,-1,2,0,2,0,2,0,0,0,0,2,2,2,2,0,0,2,2
133,4326.691,801.617,-377.445,-11.502,0.978141,0.199330,0.059226,-0.197345,0.979608,-0.037726,-0.065538,0.025213,0.997531,0,-0.14764,-0.46328,-8.858,-0.927,-1,400.000,-1,400.000,-1,325.000,325.000,300.000,300.000,-1,-1,-1,-1,850.000,850.000,-1,-1,2,0,2,0,2,0,0,0,0,2,2,2,2,0,0,2,2
134,4318.041,803.523,-376.868,-12.428,0.974798,0.215151,0.058981,-0.213199,0.976282,-0.037676,-0.065688,0.024152,0.997548,0,-0.14764,-0.46328,-8.858,-0.927,-1,400.000,-1,400.000,-1,325.000,325.000,300.000,300.000,-1,-1,-1,-1,850.000,850.000,-1,-1,2,0,2,0,2,0,0,0,0,2,2,2,2,0,0,2,2
135,4309.422,805.569,-376.288,-13.355,0.971199,0.230916,0.058735,-0.228998,0.972700,-0.037621,-0.065819,0.023088,0.997564,0,-0.14764,-0.46328,-8.858,-0.927,-1,400.000,-1,400.000,-1,325.000,325.000,300.000,300.000,-1,-1,-1,-1,850.000,850.000,-1,-1,2,0,2,0,2,0,0,0,0,2,2,2,2,0,0,2,2
136,4300.837,807.754,-375.704,-14.281,0.967345,0.246621,0.058489,-0.244737,0.968862,-0.037561,-0.065931,0.022020,0.997581,0,-0.14764,-0.46328,-8.858,-0.927,-1,400.000,-1,400.000,-1,325.000,325.000,300.000,300.000,-1,-1,-1,-1,850.000,850.000,-1,-1,2,0,2,0,2,0,0,0,0,2,2,2,2,0,0,2,2
137,4292.289,810.078,-375.116,-15.208,0.963237,0.262263,0.058241,-0.260413,0.964769,-0.037495,-0.066023,0.020950,0.997598,0,-0.14764,-0.46328,-8.858,-0.927,-1,400.000,-1,400.000,-1,325.000,325.000,300.000,300.000,-1,-1,-1,-1,850.000,825.000,-1,-1,2,0,2,0,2,0,0,0,0,2,2,2,2,0,0,2,2
138,4283.779,812.539,-374.524,-16.134,0.958877,0.277836,0.057989,-0.276020,0.960423,-0.037427,-0.066093,0.019881,0.997615,0,-0.14764,-0.46328,-8.858,-0.927,-1,400.000,-1,400.000,-1,325.000,325.000,300.000,300.000,-1,-1,-1,-1,850.000,825.000,-1,-1,2,0,2,0,2,0,0,0,0,2,2,2,2,0,0,2,2
139,4275.311,815.138,-373.929,-17.061,0.954264,0.293336,0.057734,-0.291556,0.955824,-0.037355,-0.066141,0.018814,0.997633,0,-0.14764,-0.46328,-8.858,-0.927,-1,400.000,-1,400.000,-1,325.000,325.000,300.000,300.000,-1,-1,-1,-1,875.000,825.000,-1,-1,2,0,2,0,2,0,0,0,0,2,2,2,2,0,0,2,2
