timestep,x_cm,y_cm,z_cm,yaw_deg,basis_xx,basis_xy,basis_xz,basis_yx,basis_yy,basis_yz,basis_zx,basis_zy,basis_zz,teleport_flag,throttle_cmd,steering_cmd,cmd_move_cm,cmd_turn_deg,lidar_cm_0,lidar_cm_1,lidar_cm_2,lidar_cm_3,lidar_cm_4,lidar_cm_5,lidar_cm_6,lidar_cm_7,lidar_cm_8,lidar_cm_9,lidar_cm_10,lidar_cm_11,lidar_cm_12,lidar_cm_13,lidar_cm_14,lidar_cm_15,lidar_cm_16,lidar_class_0,lidar_class_1,lidar_class_2,lidar_class_3,lidar_class_4,lidar_class_5,lidar_class_6,lidar_class_7,lidar_class_8,lidar_class_9,lidar_class_10,lidar_class_11,lidar_class_12,lidar_class_13,lidar_class_14,lidar_class_15,lidar_class_16
0,4923.116,-8202.300,-166.607,-40.990,0.754818,0.655855,-0.010191,-0.655934,0.754753,-0.009957,0.001161,0.014201,0.999898,1,0.08000,-0.12000,4.800,-0.240,-1,400.000,-1,400.000,-1,325.000,325.000,325.000,300.000,850.000,625.000,550.000,-1,800.000,775.000,-1,-1,2,0,2,0,2,0,0,0,0,1,1,1,2,0,0,2,2
1,4930.309,-8208.657,-166.604,-41.470,0.749299,0.662155,-0.010064,-0.662231,0.749232,-0.010038,0.000893,0.014186,0.999899,0,0.16000,-0.24000,9.600,-0.480,-1,400.000,-1,400.000,-1,325.000,325.000,325.000,300.000,925.000,625.000,550.000,-1,800.000,775.000,-1,-1,2,0,2,0,2,0,0,0,0,1,1,1,2,0,0,2,2
2,4940.978,-8218.328,-166.600,-42.190,0.740922,0.671518,-0.009878,-0.671591,0.740853,-0.010169,0.000490,0.014168,0.999900,0,0.24000,-0.36000,14.400,-0.720,-1,400.000,-1,400.000,-1,325.000,325.000,325.000,300.000,-1,625.000,575.000,-1,800.000,775.000,-1,-1,2,0,2,0,2,0,0,0,0,2,1,1,2,0,0,2,2
3,4955.021,-8231.421,-166.591,-42.995,0.731418,0.681861,-0.009642,-0.681929,0.731345,-0.010360,-0.000012,0.014153,0.999900,0,0.32000,-0.40252,19.200,-0.805,-1,400.000,-1,400.000,-1,325.000,325.000,325.000,300.000,-1,625.000,600.000,-1,800.000,775.000,-1,-1,2,0,2,0,2,0,0,0,0,2,1,1,2,0,0,2,2
4,4972.344,-8248.032,-166.606,-43.798,0.721785,0.692054,-0.009398,-0.692117,0.721708,-0.010522,-0.000499,0.014099,0.999900,0,0.40000,-0.40188,24.000,-0.804,-1,400.000,-1,400.000,-1,325.000,325.000,325.000,300.000,-1,650.000,650.000,-1,800.000,775.000,-1,-1,2,0,2,0,2,0,0,0,0,2,1,1,2,0,0,2,2
5,4992.850,-8268.254,-166.677,-44.601,0.712027,0.702091,-0.009214,-0.702151,0.711950,-0.010561,-0.000855,0.013989,0.999902,0,0.48000,-0.40109,28.800,-0.802,-1,400.000,-1,400.000,-1,325.000,325.000,325.000,300.000,-1,675.000,700.000,-1,800.000,750.000,-1,-1,2,0,2,0,2,0,0,0,0,2,1,1,2,0,0,2,2
6,5016.442,-8292.179,-166.756,-45.401,0.702155,0.711967,-0.009043,-0.712024,0.702075,-0.010642,-0.001228,0.013911,0.999902,0,0.56000,-0.40014,33.600,-0.800,-1,400.000,-1,400.000,-1,325.000,325.000,325.000,300.000,-1,675.000,725.000,-1,800.000,750.000,-1,-1,2,0,2,0,2,0,0,0,0,2,1,1,2,0,0,2,2
7,5043.021,-8319.894,-166.840,-46.199,0.692173,0.721677,-0.008901,-0.721730,0.692091,-0.010767,-0.001610,0.013876,0.999902,0,0.64000,-0.39901,38.400,-0.798,-1,400.000,-1,400.000,-1,325.000,325.000,325.000,300.000,-1,725.000,775.000,-1,775.000,750.000,-1,-1,2,0,2,0,2,0,0,0,0,2,1,1,2,0,0,2,2
8,5072.487,-8351.486,-166.927,-46.994,0.682091,0.731214,-0.008804,-0.731264,0.682006,-0.010940,-0.001996,0.013900,0.999901,0,0.72000,-0.39769,43.200,-0.795,-1,400.000,-1,400.000,-1,325.000,325.000,325.000,300.000,-1,750.000,850.000,-1,775.000,750.000,-1,-1,2,0,2,0,2,0,0,0,0,2,1,1,2,0,0,2,2
9,5104.738,-8387.037,-167.014,-47.787,0.671917,0.740574,-0.008769,-0.740622,0.671829,-0.011165,-0.002377,0.013997,0.999899,0,0.80000,-0.39617,48.000,-0.792,-1,400.000,-1,400.000,-1,325.000,325.000,300.000,300.000,-1,775.000,900.000,-1,775.000,750.000,-1,-1,2,0,2,0,2,0,0,0,0,2,1,1,2,0,0,2,2
10,5139.672,-8426.627,-167.097,-48.575,0.661660,0.749752,-0.008817,-0.749799,0.661567,-0.011442,-0.002746,0.014182,0.999896,0,0.88000,-0.39443,52.800,-0.789,-1,400.000,-1,400.000,-1,325.000,325.000,300.000,300.000,-1,825.000,925.000,-1,775.000,750.000,-1,-1,2,0,2,0,2,0,0,0,0,2,1,1,2,0,0,2,2
11,5176.694,-8469.762,-167.246,-49.360,0.651332,0.758744,-0.008575,-0.758785,0.651235,-0.011757,-0.003336,0.014164,0.999894,0,0.94739,-0.39245,56.844,-0.785,-1,400.000,-1,400.000,-1,325.000,325.000,300.000,300.000,-1,875.000,975.000,-1,775.000,750.000,-1,-1,2,0,2,0,2,0,0,0,0,2,1,1,2,0,0,2,2
12,5213.129,-8513.400,-167.450,-50.141,0.640942,0.767547,-0.008062,-0.767578,0.640841,-0.012105,-0.004125,0.013947,0.999894,0,0.94749,-0.39024,56.849,-0.780,-1,400.000,-1,400.000,-1,325.000,325.000,300.000,300.000,-1,925.000,-1,-1,775.000,750.000,-1,-1,2,0,2,0,2,0,0,0,0,2,1,2,2,0,0,2,2
13,5246.109,-8553.668,-167.618,-50.681,0.633677,0.773559,-0.007704,-0.773583,0.633573,-0.012458,-0.004756,0.013854,0.999893,0,0.86749,-0.27024,52.049,-0.540,-1,400.000,-1,375.000,-1,325.000,325.000,325.000,300.000,-1,975.000,-1,-1,775.000,750.000,-1,-1,2,0,2,0,2,0,0,0,0,2,1,2,2,0,0,2,2
14,5275.856,-8590.378,-167.753,-50.982,0.629615,0.776871,-0.007460,-0.776889,0.629507,-0.012791,-0.005241,0.013849,0.999890,0,0.78749,-0.15024,47.249,-0.300,-1,400.000,-1,375.000,-1,325.000,325.000,325.000,300.000,-1,1000.000,-1,-1,750.000,725.000,-1,-1,2,0,2,0,2,0,0,0,0,2,1,2,2,0,0,2,2
15,5304.810,-8626.187,-167.900,-51.042,0.628797,0.777536,-0.007248,-0.777550,0.628687,-0.012956,-0.005517,0.013782,0.999890,0,0.76752,-0.03024,46.051,-0.060,-1,400.000,-1,375.000,-1,325.000,325.000,325.000,300.000,-1,-1,-1,-1,750.000,725.000,-1,-1,2,0,2,0,2,0,0,0,0,2,2,2,2,0,0,2,2
16,5333.883,-8661.914,-168.160,-50.863,0.631227,0.775566,-0.007110,-0.775580,0.631123,-0.012596,-0.005282,0.013465,0.999895,0,0.76769,0.08976,46.061,0.180,-1,400.000,-1,375.000,-1,325.000,325.000,325.000,325.000,-1,-1,-1,-1,750.000,725.000,-1,-1,2,0,2,0,2,0,0,0,0,2,2,2,2,0,0,2,2
17,5363.224,-8697.436,-168.398,-50.443,0.636885,0.770927,-0.007014,-0.770943,0.636787,-0.012221,-0.004955,0.013190,0.999901,0,0.76788,0.20976,46.073,0.420,-1,400.000,-1,375.000,-1,325.000,325.000,325.000,325.000,-1,-1,-1,-1,750.000,725.000,-1,-1,2,0,2,0,2,0,0,0,0,2,2,2,2,0,0,2,2
18,5392.981,-8732.628,-168.603,-49.784,0.645713,0.763549,-0.006910,-0.763567,0.645621,-0.011821,-0.004565,0.012909,0.999906,0,0.76811,0.32976,46.087,0.660,-1,400.000,-1,375.000,-1,325.000,325.000,325.000,325.000,-1,-1,-1,-1,775.000,725.000,-1,-1,2,0,2,0,2,0,0,0,0,2,2,2,2,0,0,2,2
19,5423.299,-8767.363,-168.771,-48.884,0.657616,0.753322,-0.006794,-0.753342,0.657531,-0.011388,-0.004112,0.012607,0.999912,0,0.76842,0.44976,46.105,0.900,-1,400.000,-1,375.000,-1,325.000,325.000,325.000,325.000,-1,-1,-1,-1,775.000,725.000,-1,-1,2,0,2,0,2,0,0,0,0,2,2,2,2,0,0,2,2
20,5454.319,-8801.507,-168.901,-47.745,0.672464,0.740100,-0.006656,-0.740121,0.672385,-0.010913,-0.003601,0.012264,0.999918,0,0.76884,0.56976,46.130,1.140,-1,400.000,-1,375.000,-1,325.000,325.000,325.000,325.000,-1,-1,-1,-1,800.000,725.000,-1,-1,2,0,2,0,2,0,0,0,0,2,2,2,2,0,0,2,2
21,5486.175,-8834.918,-168.993,-46.365,0.690082,0.723702,-0.006482,-0.723724,0.690011,-0.010384,-0.003042,0.011857,0.999925,0,0.76940,0.68976,46.164,1.380,-1,400.000,-1,375.000,-1,325.000,325.000,325.000,325.000,-1,-1,-1,-1,800.000,725.000,-1,-1,2,0,2,0,2,0,0,0,0,2,2,2,2,0,0,2,2
22,5518.873,-8867.568,-169.041,-44.958,0.707648,0.706537,-0.006300,-0.706560,0.707585,-0.009825,-0.002484,0.011404,0.999932,0,0.77013,0.70382,46.208,1.408,-1,400.000,-1,375.000,-1,325.000,325.000,325.000,325.000,-1,-1,-1,-1,825.000,725.000,-1,-1,2,0,2,0,2,0,0,0,0,2,2,2,2,0,0,2,2
23,5552.409,-8899.442,-169.180,-43.544,0.724861,0.688868,-0.006166,-0.688892,0.724797,-0.009875,-0.002333,0.011406,0.999932,0,0.77112,0.70672,46.267,1.413,-1,400.000,-1,375.000,-1,325.000,325.000,325.000,325.000,-1,-1,-1,-1,825.000,725.000,-1,-1,2,0,2,0,2,0,0,0,0,2,2,2,2,0,0,2,2
24,5586.780,-8930.525,-169.271,-42.125,0.741702,0.670702,-0.005994,-0.670726,0.741640,-0.009879,-0.002181,0.011348,0.999933,0,0.77235,0.70974,46.341,1.419,-1,400.000,-1,375.000,-1,325.000,325.000,325.000,300.000,-1,-1,-1,-1,850.000,700.000,-1,-1,2,0,2,0,2,0,0,0,0,2,2,2,2,0,0,2,2
25,5621.980,-8960.801,-169.317,-40.699,0.758160,0.652042,-0.005791,-0.652065,0.758099,-0.009837,-0.002024,0.011235,0.999935,0,0.77382,0.71288,46.429,1.426,-1,400.000,-1,375.000,-1,325.000,325.000,325.000,300.000,-1,-1,-1,-1,850.000,700.000,-1,-1,2,0,2,0,2,0,0,0,0,2,2,2,2,0,0,2,2
26,5658.004,-8990.251,-169.341,-39.267,0.774220,0.632892,-0.005557,-0.632914,0.774163,-0.009625,-0.001789,0.010969,0.999938,0,0.77552,0.71613,46.531,1.432,-1,400.000,-1,375.000,-1,325.000,325.000,325.000,300.000,-1,-1,-1,-1,875.000,700.000,-1,-1,2,0,2,0,2,0,0,0,0,2,2,2,2,0,0,2,2
27,5694.848,-9018.859,-169.405,-37.828,0.789866,0.613256,-0.005306,-0.613278,0.789817,-0.008922,-0.001280,0.010301,0.999946,0,0.77743,0.71948,46.646,1.439,-1,400.000,-1,375.000,-1,325.000,325.000,325.000,300.000,-1,-1,-1,-1,875.000,700.000,-1,-1,2,0,2,0,2,0,0,0,0,2,2,2,2,0,0,2,2
28,5732.504,-9046.603,-169.425,-36.382,0.805086,0.593136,-0.005056,-0.593157,0.805045,-0.008166,-0.000773,0.009573,0.999954,0,0.77955,0.72293,46.773,1.446,-1,400.000,-1,375.000,-1,325.000,325.000,325.000,300.000,-1,-1,-1,-1,900.000,725.000,-1,-1,2,0,2,0,2,0,0,0,0,2,2,2,2,0,0,2,2
29,5770.965,-9073.463,-169.403,-34.929,0.819865,0.572537,-0.004808,-0.572557,0.819832,-0.007359,-0.000272,0.008786,0.999961,0,0.78186,0.72647,46.912,1.453,-1,425.000,-1,375.000,-1,325.000,325.000,325.000,300.000,-1,-1,-1,-1,925.000,725.000,-1,-1,2,0,2,0,2,0,0,0,0,2,2,2,2,0,0,2,2
30,5810.223,-9099.416,-169.337,-33.469,0.834186,0.551464,-0.004563,-0.551482,0.834161,-0.006502,0.000221,0.007940,0.999968,0,0.78435,0.73010,47.061,1.460,-1,425.000,-1,375.000,-1,325.000,325.000,325.000,300.000,-1,-1,-1,-1,950.000,750.000,-1,-1,2,0,2,0,2,0,0,0,0,2,2,2,2,0,0,2,2
31,5850.213,-9124.409,-169.615,-32.004,0.848013,0.529969,-0.002416,-0.529974,0.847999,-0.004926,-0.000562,0.005458,0.999985,0,0.78597,0.73238,47.158,1.465,-1,425.000,-1,375.000,-1,325.000,325.000,300.000,300.000,-1,-1,-1,-1,950.000,750.000,-1,-1,2,0,2,0,2,0,0,0,0,2,2,2,2,0,0,2,2
32,5890.829,-9148.371,-169.835,-30.539,0.861283,0.508125,-0.000260,-0.508123,0.861279,-0.003029,-0.001315,0.002741,0.999995,0,0.78597,0.73238,47.158,1.465,-1,425.000,-1,400.000,-1,325.000,325.000,300.000,300.000,-1,-1,-1,-1,975.000,750.000,-1,-1,2,0,2,0,2,0,0,0,0,2,2,2,2,0,0,2,2
33,5932.045,-9171.287,-170.010,-29.074,0.873988,0.485945,0.001846,-0.485944,0.873990,-0.000944,-0.002073,-0.000072,0.999998,0,0.78597,0.73238,47.158,1.465,-1,425.000,-1,400.000,-1,325.000,325.000,300.000,300.000,-1,-1,-1,-1,975.000,775.000,-1,-1,2,0,2,0,2,0,0,0,0,2,2,2,2,0,0,2,2
34,5973.833,-9193.142,-170.162,-27.610,0.886118,0.463443,0.003892,-0.463450,0.886122,0.001240,-0.002874,-0.002903,0.999992,0,0.78597,0.73238,47.158,1.465,-1,425.000,-1,400.000,-1,325.000,325.000,300.000,300.000,-1,-1,-1,-1,975.000,775.000,-1,-1,2,0,2,0,2,0,0,0,0,2,2,2,2,0,0,2,2
35,6016.166,-9213.922,-170.427,-26.145,0.897670,0.440636,0.005307,-0.440655,0.897670,0.003255,-0.003330,-0.005261,0.999981,0,0.78597,0.73238,47.158,1.465,-1,425.000,-1,400.000,-1,350.000,325.000,300.000,300.000,-1,-1,-1,-1,1000.000,775.000,-1,-1,2,0,2,0,2,0,0,0,0,2,2,2,2,0,0,2,2
36,6059.016,-9233.613,-170.886,-24.680,0.908631,0.417542,0.006959,-0.417575,0.908632,0.004318,-0.004520,-0.006829,0.999966,0,0.78597,0.73238,47.158,1.465,-1,425.000,-1,400.000,-1,350.000,325.000,300.000,300.000,-1,-1,-1,-1,1000.000,775.000,-1,-1,2,0,2,0,2,0,0,0,0,2,2,2,2,0,0,2,2
37,6102.356,-9252.202,-171.664,-23.215,0.918990,0.394178,0.009065,-0.394224,0.919006,0.003933,-0.006781,-0.007188,0.999951,0,0.78597,0.73238,47.158,1.465,-1,425.000,-1,400.000,-1,325.000,325.000,300.000,300.000,-1,-1,-1,-1,1000.000,775.000,-1,-1,2,0,2,0,2,0,0,0,0,2,2,2,2,0,0,2,2
38,6146.157,-9269.677,-172.417,-21.751,0.928742,0.370556,0.011276,-0.370616,0.928779,0.003667,-0.009115,-0.007585,0.999930,0,0.78597,0.73238,47.158,1.465,-1,425.000,-1,400.000,-1,325.000,325.000,300.000,300.000,-1,-1,-1,-1,1000.000,775.000,-1,-1,2,0,2,0,2,0,0,0,0,2,2,2,2,0,0,2,2
39,6193.198,-9287.046,-173.189,-20.266,0.938000,0.346362,0.013739,-0.346438,0.938066,0.003523,-0.011668,-0.008064,0.999899,0,0.83575,0.74246,50.145,1.485,-1,425.000,-1,400.000,-1,325.000,325.000,300.000,300.000,-1,-1,-1,-1,1000.000,775.000,-1,-1,2,0,2,0,2,0,0,0,0,2,2,2,2,0,0,2,2
40,6240.673,-9303.190,-173.937,-18.781,0.946621,0.321936,0.016303,-0.322031,0.946723,0.003514,-0.014303,-0.008577,0.999861,0,0.83575,0.74246,50.145,1.485,-1,425.000,-1,400.000,-1,325.000,325.000,300.000,300.000,-1,-1,-1,-1,1000.000,775.000,-1,-1,2,0,2,0,2,0,0,0,0,2,2,2,2,0,0,2,2
41,6288.550,-9318.098,-174.664,-17.296,0.954598,0.297293,0.018964,-0.297410,0.954743,0.003646,-0.017022,-0.009121,0.999814,0,0.83575,0.74246,50.145,1.485,-1,425.000,-1,400.000,-1,325.000,325.000,300.000,300.000,-1,-1,-1,-1,1000.000,775.000,-1,-1,2,0,2,0,2,0,0,0,0,2,2,2,2,0,0,2,2
42,6336.798,-9331.760,-175.373,-15.811,0.961925,0.272451,0.021716,-0.272595,0.962121,0.003921,-0.019826,-0.009691,0.999756,0,0.83575,0.74246,50.145,1.485,-1,425.000,-1,400.000,-1,325.000,325.000,300.000,275.000,-1,-1,-1,-1,975.000,775.000,-1,-1,2,0,2,0,2,0,0,0,0,2,2,2,2,0,0,2,2
43,6385.442,-9344.181,-176.067,-14.324,0.968606,0.247384,0.024557,-0.247560,0.968863,0.004342,-0.022718,-0.010285,0.999689,0,0.83674,0.74367,50.205,1.487,-1,425.000,-1,400.000,-1,325.000,325.000,300.000,275.000,-1,-1,-1,-1,975.000,775.000,-1,-1,2,0,2,0,2,0,0,0,0,2,2,2,2,0,0,2,2
44,6434.495,-9355.354,-176.723,-12.832,0.974638,0.222082,0.027589,-0.222298,0.974966,0.004999,-0.025788,-0.011006,0.999607,0,0.83848,0.74572,50.309,1.491,-1,425.000,-1,400.000,-1,325.000,325.000,300.000,300.000,-1,-1,-1,-1,975.000,775.000,-1,-1,2,0,2,0,2,0,0,0,0,2,2,2,2,0,0,2,2
45,6483.927,-9365.264,-177.357,-11.337,0.980010,0.196560,0.030743,-0.196826,0.980421,0.005858,-0.028990,-0.011792,0.999510,0,0.84027,0.74774,50.416,1.495,-1,425.000,-1,400.000,-1,350.000,325.000,300.000,300.000,-1,-1,-1,-1,975.000,775.000,-1,-1,2,0,2,0,2,0,0,0,0,2,2,2,2,0,0,2,2
46,6533.712,-9373.896,-178.433,-9.837,0.984733,0.170831,0.033441,-0.171209,0.985196,0.008748,-0.031451,-0.014340,0.999402,0,0.84211,0.74974,50.527,1.499,-1,425.000,-1,400.000,-1,350.000,325.000,300.000,300.000,-1,-1,-1,-1,950.000,800.000,-1,-1,2,0,2,0,2,0,0,0,0,2,2,2,2,0,0,2,2
47,6583.818,-9381.235,-179.837,-8.334,0.988763,0.144915,0.036714,-0.145472,0.989277,0.012966,-0.034441,-0.018161,0.999242,0,0.84401,0.75172,50.641,1.503,-1,425.000,-1,400.000,-1,350.000,325.000,300.000,300.000,-1,-1,-1,-1,950.000,800.000,-1,-1,2,0,2,0,2,0,0,0,0,2,2,2,2,0,0,2,2
48,6634.216,-9387.267,-182.168,-6.826,0.992163,0.118841,0.038589,-0.119459,0.992739,0.014112,-0.036631,-0.018612,0.999156,0,0.84596,0.75367,50.757,1.507,-1,425.000,-1,400.000,-1,350.000,325.000,300.000,300.000,-1,-1,-1,-1,925.000,800.000,-1,-1,2,0,2,0,2,0,0,0,0,2,2,2,2,0,0,2,2
49,6684.874,-9391.980,-184.649,-5.315,0.994864,0.092618,0.040831,-0.093289,0.995529,0.014823,-0.039276,-0.018556,0.999056,0,0.84796,0.75561,50.877,1.511,-1,425.000,-1,400.000,-1,350.000,325.000,300.000,300.000,-1,-1,-1,-1,925.000,800.000,-1,-1,2,0,2,0,2,0,0,0,0,2,2,2,2,0,0,2,2
50,6735.763,-9395.360,-187.152,-3.800,0.996870,0.066265,0.043124,-0.066992,0.997631,0.015639,-0.041986,-0.018479,0.998947,0,0.85000,0.75752,51.000,1.515,-1,425.000,-1,400.000,-1,350.000,325.000,300.000,300.000,-1,-1,-1,-1,900.000,775.000,-1,-1,2,0,2,0,2,0,0,0,0,2,2,2,2,0,0,2,2
51,6786.848,-9397.395,-189.682,-2.281,0.998173,0.039800,0.045464,-0.040588,0.999039,0.016559,-0.044761,-0.018375,0.998829,0,0.85210,0.75941,51.126,1.519,-1,425.000,-1,400.000,-1,325.000,325.000,300.000,300.000,-1,-1,-1,-1,900.000,775.000,-1,-1,2,0,2,0,2,0,0,0,0,2,2,2,2,0,0,2,2
52,6838.099,-9398.074,-192.241,-0.759,0.998767,0.013241,0.047847,-0.014096,0.999746,0.017584,-0.047602,-0.018237,0.998700,0,0.85424,0.76127,51.254,1.523,-1,425.000,-1,400.000,-1,325.000,325.000,300.000,275.000,-1,-1,-1,-1,900.000,775.000,-1,-1,2,0,2,0,2,0,0,0,0,2,2,2,2,0,0,2,2
53,6889.480,-9397.385,-194.832,0.767,0.998646,-0.013392,0.050272,0.012465,0.999747,0.018712,-0.050510,-0.018060,0.998560,0,0.85643,0.76312,51.386,1.526,-1,425.000,-1,400.000,-1,325.000,325.000,300.000,300.000,-1,-1,-1,-1,875.000,775.000,-1,-1,2,0,2,0,2,0,0,0,0,2,2,2,2,0,0,2,2
54,6940.959,-9395.320,-197.460,2.297,0.997804,-0.040079,0.052735,0.039075,0.999037,0.019943,-0.053484,-0.017839,0.998409,0,0.85866,0.76495,51.520,1.530,950.000,425.000,-1,400.000,-1,325.000,325.000,300.000,300.000,-1,-1,-1,-1,875.000,750.000,-1,-1,1,0,2,0,2,0,0,0,0,2,2,2,2,0,0,2,2
55,6992.500,-9391.869,-200.128,3.831,0.996236,-0.066801,0.055233,0.065714,0.997612,0.021276,-0.056523,-0.017567,0.998247,0,0.86094,0.76676,51.656,1.534,900.000,400.000,-1,400.000,-1,325.000,325.000,300.000,300.000,-1,-1,-1,-1,850.000,750.000,-1,-1,1,0,2,0,2,0,0,0,0,2,2,2,2,0,0,2,2
56,7044.068,-9387.023,-202.838,5.368,0.993939,-0.093538,0.057764,0.092362,0.995466,0.022711,-0.059626,-0.017238,0.998072,0,0.86325,0.76856,51.795,1.537,850.000,400.000,-1,400.000,-1,325.000,325.000,300.000,300.000,-1,-1,-1,-1,850.000,750.000,-1,-1,1,0,2,0,2,0,0,0,0,2,2,2,2,0,0,2,2
57,7095.627,-9380.776,-205.596,6.909,0.990907,-0.120270,0.060323,0.119000,0.992598,0.024246,-0.062793,-0.016847,0.997884,0,0.86560,0.77034,51.936,1.541,775.000,400.000,-1,400.000,-1,325.000,325.000,300.000,300.000,-1,-1,-1,-1,850.000,750.000,-1,-1,1,0,2,0,2,0,0,0,0,2,2,2,2,0,0,2,2
58,7147.141,-9373.120,-208.403,8.453,0.987137,-0.146977,0.062909,0.145606,0.989004,0.025880,-0.066021,-0.016387,0.997684,0,0.86799,0.77212,52.079,1.544,725.000,400.000,-1,400.000,-1,325.000,325.000,300.000,300.000,-1,-1,-1,-1,825.000,725.000,925.000,-1,1,0,2,0,2,0,0,0,0,2,2,2,2,0,0,1,2
59,7198.572,-9364.051,-211.542,10.001,0.982675,-0.173641,0.064794,0.172254,0.984697,0.026448,-0.068395,-0.014829,0.997548,0,0.87041,0.77388,52.224,1.548,675.000,400.000,-1,375.000,-1,325.000,325.000,300.000,300.000,-1,-1,-1,-1,800.000,725.000,825.000,-1,1,0,2,0,2,0,0,0,0,2,2,2,2,1,0,1,2
60,7249.883,-9353.564,-214.858,11.552,0.977502,-0.200241,0.066280,0.198884,0.979664,0.026533,-0.070245,-0.012754,0.997448,0,0.87286,0.77565,52.371,1.551,625.000,400.000,-1,375.000,-1,325.000,325.000,300.000,300.000,-1,-1,-1,-1,750.000,725.000,775.000,-1,1,0,2,0,2,0,0,0,0,2,2,2,2,1,0,1,2
61,7301.035,-9341.654,-218.519,13.107,0.971673,-0.226751,0.066598,0.225372,0.973881,0.027638,-0.071126,-0.011846,0.997397,0,0.87533,0.77741,52.520,1.555,575.000,400.000,-1,375.000,-1,325.000,325.000,300.000,300.000,-1,-1,-1,-1,725.000,725.000,700.000,-1,1,0,2,0,2,0,0,0,0,2,2,2,2,1,0,1,2
62,7351.988,-9328.320,-222.234,14.665,0.965128,-0.253154,0.066645,0.251743,0.967362,0.028921,-0.071791,-0.011135,0.997358,0,0.87782,0.77918,52.669,1.558,550.000,400.000,-1,400.000,-1,325.000,325.000,300.000,300.000,-1,-1,-1,-1,675.000,725.000,625.000,-1,1,0,2,0,2,0,0,0,0,2,2,2,2,1,0,1,2
63,7402.704,-9313.559,-226.018,16.227,0.957844,-0.279430,0.066739,0.277989,0.960110,0.030164,-0.072505,-0.010339,0.997314,0,0.88033,0.78096,52.820,1.562,500.000,400.000,-1,400.000,-1,325.000,325.000,300.000,300.000,-1,-1,-1,-1,625.000,725.000,575.000,-1,1,0,2,0,2,0,0,0,0,2,2,2,2,1,0,1,2
64,7453.142,-9297.373,-229.873,17.793,0.949822,-0.305558,0.066882,0.304091,0.952126,0.031366,-0.073264,-0.009453,0.997268,0,0.88285,0.78275,52.971,1.566,450.000,400.000,-1,400.000,-1,325.000,325.000,300.000,300.000,-1,-1,-1,-1,600.000,725.000,525.000,-1,1,0,2,0,2,0,0,0,0,2,2,2,2,1,0,1,2
65,7503.261,-9279.761,-233.803,19.362,0.941061,-0.331519,0.067079,0.330028,0.943411,0.032526,-0.074066,-0.008471,0.997217,0,0.88538,0.78457,53.123,1.569,400.000,400.000,-1,400.000,-1,325.000,325.000,300.000,300.000,-1,-1,-1,-1,550.000,725.000,450.000,-1,1,0,2,0,2,0,0,0,0,2,2,2,2,1,0,1,2
66,7553.018,-9260.726,-237.809,20.935,0.931562,-0.357292,0.067334,0.355781,0.933964,0.033644,-0.074908,-0.007385,0.997163,0,0.88790,0.78643,53.274,1.573,350.000,400.000,-1,400.000,-1,325.000,325.000,300.000,300.000,-1,-1,-1,-1,525.000,725.000,400.000,-1,1,1,2,0,2,0,0,0,0,2,2,2,2,1,0,1,2
67,7602.373,-9240.272,-241.895,22.511,0.921327,-0.382857,0.067649,0.381330,0.923787,0.034719,-0.075785,-0.006191,0.997105,0,0.89042,0.78833,53.425,1.577,325.000,375.000,-1,400.000,-1,325.000,325.000,300.000,300.000,-1,-1,-1,-1,475.000,725.000,350.000,-1,1,1,2,0,2,0,0,0,0,2,2,2,2,1,0,1,2
68,7650.009,-9219.215,-245.217,23.848,0.912161,-0.404309,0.067053,0.403043,0.914620,0.032052,-0.074287,-0.002211,0.997234,0,0.86805,0.66833,52.083,1.337,275.000,350.000,-1,400.000,-1,325.000,325.000,300.000,300.000,-1,-1,-1,-1,450.000,725.000,300.000,-1,1,1,2,0,2,0,0,0,0,2,2,2,2,1,0,1,2
69,7697.355,-9197.194,-247.765,24.945,0.904342,-0.421736,0.065611,0.421024,0.906705,0.025002,-0.070034,0.005013,0.997532,0,0.87028,0.54833,52.217,1.097,250.000,325.000,-1,400.000,-1,350.000,325.000,325.000,275.000,-1,-1,-1,-1,425.000,750.000,275.000,-1,1,1,2,0,2,0,0,0,0,2,2,2,2,1,0,1,2
70,7744.469,-9174.417,-250.012,25.801,0.898047,-0.435211,0.064050,0.435116,0.900229,0.016161,-0.064693,0.013356,0.997816,0,0.87221,0.42833,52.333,0.857,250.000,325.000,-1,425.000,-1,350.000,350.000,325.000,275.000,-1,-1,-1,-1,425.000,800.000,250.000,-1,1,1,2,0,2,1,0,0,0,2,2,2,2,1,0,1,2
71,7791.420,-9151.091,-251.936,26.418,0.893459,-0.444799,0.062327,0.445347,0.895341,0.005576,-0.058284,0.022775,0.998040,0,0.87379,0.30833,52.427,0.617,225.000,300.000,-1,425.000,-1,325.000,375.000,350.000,275.000,-1,-1,-1,-1,400.000,825.000,250.000,-1,1,1,2,0,2,1,0,1,0,2,2,2,2,1,0,1,2
72,7838.278,-9127.424,-253.327,26.795,0.890762,-0.450554,0.059534,0.451681,0.892157,-0.006293,-0.050278,0.032496,0.998206,0,0.87493,0.18833,52.496,0.377,200.000,300.000,-1,450.000,-1,325.000,375.000,350.000,275.000,-1,675.000,450.000,-1,400.000,875.000,225.000,-1,1,1,2,0,2,1,0,1,0,2,0,0,2,1,0,1,2
73,7885.072,-9103.552,-254.379,27.023,0.889263,-0.453922,0.056263,0.455556,0.889981,-0.020036,-0.040979,0.043448,0.998215,0,0.87555,0.11432,52.533,0.229,200.000,300.000,-1,475.000,-1,325.000,400.000,350.000,275.000,-1,450.000,275.000,-1,400.000,950.000,200.000,-1,1,1,2,0,2,1,0,1,0,2,0,0,2,1,0,1,2
74,7931.770,-9079.480,-255.112,27.262,0.887727,-0.457336,0.052775,0.459364,0.887523,-0.035885,-0.030428,0.056099,0.997961,0,0.87563,0.11932,52.538,0.239,175.000,300.000,-1,500.000,-1,325.000,400.000,350.000,250.000,-1,350.000,175.000,825.000,425.000,-1,200.000,-1,1,1,2,0,2,1,1,1,0,2,0,0,0,1,2,1,2
75,7978.341,-9055.211,-255.519,27.511,0.886157,-0.460773,0.049130,0.463009,0.884714,-0.053879,-0.018640,0.070493,0.997338,0,0.87528,0.12468,52.517,0.249,150.000,300.000,-1,525.000,-1,325.000,400.000,350.000,250.000,-1,275.000,125.000,625.000,425.000,-1,175.000,-1,1,1,2,0,2,1,1,1,0,2,0,0,0,1,2,1,2
76,8024.756,-9030.748,-255.601,27.772,0.884567,-0.464202,0.045357,0.466379,0.881481,-0.074038,-0.005612,0.086645,0.996223,0,0.87445,0.13042,52.467,0.261,150.000,325.000,-1,575.000,-1,325.000,400.000,350.000,250.000,-1,250.000,75.000,475.000,450.000,-1,200.000,-1,1,1,2,0,2,1,1,1,0,2,0,0,0,1,2,1,2
77,8070.980,-9006.104,-256.607,28.045,0.882783,-0.467841,0.042664,0.469760,0.878210,-0.089851,0.004568,0.099361,0.995041,0,0.87307,0.13656,52.384,0.273,150.000,325.000,-1,575.000,-1,325.000,400.000,325.000,250.000,-1,225.000,75.000,400.000,450.000,-1,200.000,-1,1,1,2,1,2,1,1,1,0,2,0,0,0,1,2,1,2
78,8116.977,-8981.285,-258.119,28.331,0.880838,-0.471672,0.040619,0.473232,0.874841,-0.103462,0.013265,0.110355,0.993804,0,0.87109,0.14312,52.265,0.286,150.000,325.000,-1,575.000,-1,325.000,400.000,300.000,225.000,-1,200.000,50.000,350.000,450.000,-1,200.000,-1,1,1,2,1,2,1,1,1,0,2,0,0,0,1,2,1,2
79,983.898,1639.832,167.149,30.515,0.861489,-0.507739,-0.006167,0.507602,0.861448,-0.015754,0.013311,0.010442,0.999857,1,0.00000,0.00000,52.107,0.300,500.000,425.000,750.000,425.000,-1,350.000,350.000,300.000,200.000,-1,-1,-1,-1,625.000,575.000,550.000,850.000,1,0,1,1,2,0,0,0,1,2,2,2,2,1,1,1,1
80,979.753,1637.412,167.334,30.275,0.863599,-0.504129,-0.007096,0.503987,0.863573,-0.015450,0.013917,0.009766,0.999855,0,-0.08000,-0.12000,-4.800,-0.240,500.000,425.000,750.000,425.000,-1,350.000,350.000,300.000,200.000,-1,-1,-1,-1,625.000,600.000,575.000,875.000,1,0,1,1,2,0,0,0,1,2,2,2,2,1,1,1,1
81,971.422,1632.641,167.686,29.795,0.867772,-0.496883,-0.008857,0.496733,0.867776,-0.014851,0.015065,0.008488,0.999850,0,-0.16000,-0.24000,-9.600,-0.480,525.000,425.000,775.000,425.000,-1,350.000,350.000,300.000,200.000,-1,-1,-1,-1,650.000,600.000,575.000,925.000,1,0,1,1,2,0,0,0,1,2,2,2,2,1,1,1,1
82,958.837,1625.643,168.168,29.075,0.873917,-0.485946,-0.011262,0.485791,0.873963,-0.013978,0.016635,0.006745,0.999839,0,-0.24000,-0.36000,-14.400,-0.720,525.000,425.000,775.000,425.000,-1,350.000,350.000,300.000,200.000,-1,-1,-1,-1,675.000,625.000,600.000,1000.000,1,0,1,1,2,0,0,0,1,2,2,2,2,1,1,1,1
83,941.902,1616.595,168.727,28.115,0.881893,-0.471240,-0.014035,0.471088,0.881992,-0.012878,0.018448,0.004745,0.999819,0,-0.32000,-0.48000,-19.200,-0.960,550.000,450.000,800.000,450.000,-1,350.000,350.000,300.000,225.000,-1,-1,-1,-1,700.000,675.000,625.000,-1,1,0,1,1,2,0,0,0,1,2,2,2,2,1,1,1,2
84,920.515,1605.706,169.273,26.982,0.890992,-0.453710,-0.016743,0.453568,0.891145,-0.011709,0.020232,0.002838,0.999791,0,-0.40000,-0.56653,-24.000,-1.133,575.000,450.000,850.000,450.000,-1,350.000,375.000,300.000,225.000,-1,-1,-1,-1,725.000,725.000,650.000,-1,1,0,1,1,2,0,0,0,1,2,2,2,2,1,1,1,2
85,895.550,1593.606,169.681,25.857,0.899685,-0.436134,-0.018810,0.436003,0.899881,-0.010790,0.021633,0.001506,0.999765,0,-0.46238,-0.56230,-27.743,-1.125,600.000,450.000,875.000,450.000,-1,375.000,375.000,300.000,250.000,-1,-1,-1,-1,750.000,775.000,700.000,-1,1,0,1,1,2,0,0,0,1,2,2,2,2,1,1,1,2
86,870.544,1582.082,169.915,24.743,0.907972,-0.418551,-0.020051,0.418429,0.908193,-0.010162,0.022464,0.000837,0.999747,0,-0.45890,-0.55717,-27.534,-1.114,625.000,450.000,900.000,475.000,-1,375.000,375.000,300.000,275.000,-1,-1,-1,-1,775.000,825.000,725.000,-1,1,0,1,1,2,0,0,0,1,2,2,2,2,1,1,1,2
87,845.495,1571.118,169.983,23.639,0.915861,-0.400970,-0.020516,0.400850,0.916091,-0.009861,0.022748,0.000808,0.999741,0,-0.45571,-0.55215,-27.343,-1.104,650.000,450.000,950.000,475.000,425.000,375.000,375.000,300.000,275.000,-1,-1,-1,-1,800.000,900.000,750.000,-1,1,0,1,0,1,0,0,0,1,2,2,2,2,1,1,1,2
88,820.403,1560.702,169.889,22.544,0.923361,-0.383398,-0.020253,0.383273,0.923582,-0.009916,0.022507,0.001393,0.999746,0,-0.45281,-0.54724,-27.168,-1.094,675.000,450.000,975.000,450.000,400.000,375.000,375.000,300.000,300.000,-1,-1,-1,-1,800.000,975.000,800.000,-1,1,0,1,1,1,0,0,0,1,2,2,2,2,1,1,1,2
89,795.265,1550.820,169.642,21.459,0.930477,-0.365841,-0.019314,0.365704,0.930674,-0.010352,0.021762,0.002569,0.999760,0,-0.45018,-0.54246,-27.011,-1.085,700.000,450.000,-1,425.000,375.000,375.000,375.000,300.000,325.000,-1,-1,-1,-1,825.000,-1,825.000,-1,1,0,2,1,1,0,0,0,1,2,2,2,2,1,2,1,2
90,770.077,1541.461,169.236,20.384,0.937214,-0.348304,-0.017731,0.348152,0.937372,-0.011144,0.020502,0.004271,0.999781,0,-0.44784,-0.53782,-26.870,-1.076,725.000,450.000,-1,400.000,350.000,350.000,350.000,300.000,350.000,-1,-1,-1,-1,825.000,975.000,875.000,-1,1,0,2,1,1,0,0,0,1,2,2,2,2,1,1,1,2
91,749.279,1534.077,168.753,19.548,0.942228,-0.334593,-0.015917,0.334433,0.942344,-0.011946,0.018996,0.005933,0.999802,0,-0.36784,-0.41782,-22.070,-0.836,725.000,450.000,-1,400.000,350.000,350.000,350.000,300.000,375.000,1000.000,-1,-1,-1,850.000,900.000,900.000,-1,1,0,2,1,1,0,0,0,1,1,2,2,2,1,1,1,2
92,732.934,1528.498,168.313,18.847,0.946278,-0.323041,-0.014243,0.322876,0.946355,-0.012756,0.017600,0.007472,0.999817,0,-0.28784,-0.35033,-17.270,-0.701,750.000,425.000,-1,375.000,350.000,350.000,350.000,300.000,350.000,1000.000,-1,-1,-1,850.000,825.000,925.000,525.000,1,0,2,1,1,0,0,0,0,1,2,2,2,1,1,1,1
93,721.084,1524.613,167.964,18.152,0.950148,-0.311534,-0.012897,0.311368,0.950195,-0.013392,0.016427,0.008709,0.999827,0,-0.20784,-0.34755,-12.470,-0.695,750.000,425.000,-1,375.000,325.000,350.000,350.000,300.000,350.000,1000.000,-1,-1,-1,850.000,725.000,950.000,475.000,1,0,2,1,1,0,0,0,0,1,2,2,2,1,1,1,1
94,713.768,1522.311,167.732,17.462,0.953846,-0.300056,-0.012003,0.299892,0.953874,-0.013761,0.015579,0.009526,0.999833,0,-0.12784,-0.34530,-7.670,-0.691,775.000,425.000,-1,375.000,325.000,350.000,350.000,300.000,350.000,1000.000,-1,-1,-1,850.000,650.000,950.000,450.000,1,0,2,1,1,0,0,0,0,1,2,2,2,1,1,1,1
95,711.019,1521.483,167.638,16.775,0.957381,-0.288595,-0.011639,0.288433,0.957401,-0.013791,0.015123,0.009846,0.999837,0,-0.04784,-0.34355,-2.870,-0.687,775.000,425.000,-1,350.000,325.000,350.000,350.000,300.000,350.000,1000.000,-1,-1,-1,850.000,600.000,950.000,425.000,1,0,2,1,1,0,1,0,0,1,2,2,2,1,1,1,1
96,712.874,1522.018,167.710,16.090,0.960758,-0.277136,-0.011806,0.276978,0.960782,-0.013456,0.015072,0.009658,0.999840,0,0.03216,-0.34229,1.930,-0.685,775.000,425.000,-1,350.000,325.000,350.000,350.000,300.000,350.000,1000.000,-1,-1,-1,825.000,600.000,950.000,425.000,1,0,2,1,1,0,1,0,0,1,2,2,2,1,1,1,1
97,719.362,1523.805,167.940,15.407,0.963983,-0.265666,-0.012600,0.265512,0.964025,-0.012661,0.015510,0.008860,0.999840,0,0.11216,-0.34150,6.730,-0.683,775.000,425.000,-1,350.000,325.000,350.000,350.000,300.000,350.000,1000.000,-1,-1,-1,825.000,575.000,950.000,400.000,1,0,2,1,1,0,1,0,0,1,2,2,2,1,1,1,1
98,730.513,1526.736,168.338,14.725,0.967058,-0.254170,-0.013999,0.254024,0.967131,-0.011391,0.016434,0.007459,0.999837,0,0.19216,-0.34116,11.530,-0.682,800.000,425.000,-1,350.000,325.000,350.000,350.000,300.000,350.000,-1,-1,-1,-1,800.000,575.000,950.000,400.000,1,0,2,1,1,0,1,0,0,2,2,2,2,1,1,1,1
99,746.355,1530.698,168.866,14.042,0.969988,-0.242634,-0.015908,0.242508,0.970104,-0.009441,0.017723,0.005300,0.999829,0,0.27216,-0.34128,16.330,-0.683,800.000,450.000,-1,350.000,325.000,350.000,350.000,300.000,375.000,-1,-1,-1,-1,800.000,575.000,950.000,400.000,1,0,2,1,1,0,1,0,0,2,2,2,2,1,1,1,1
100,766.913,1535.580,169.520,13.358,0.972772,-0.231042,-0.018290,0.230955,0.972941,-0.006800,0.019367,0.002391,0.999810,0,0.35216,-0.34187,21.130,-0.684,800.000,450.000,-1,350.000,300.000,350.000,350.000,300.000,375.000,-1,-1,-1,-1,775.000,600.000,925.000,400.000,1,0,2,1,1,0,1,0,0,2,2,2,2,1,1,1,1
101,792.211,1541.268,170.318,12.673,0.975410,-0.219379,-0.021156,0.219353,0.975639,-0.003579,0.021426,-0.001150,0.999770,0,0.43216,-0.34295,25.930,-0.686,775.000,450.000,-1,350.000,300.000,375.000,350.000,300.000,375.000,-1,-1,-1,-1,750.000,675.000,900.000,375.000,1,0,2,1,1,0,1,0,0,2,2,2,2,1,1,1,1
102,822.271,1547.648,171.250,11.984,0.977902,-0.207628,-0.024456,0.207695,0.978194,0.000219,0.023877,-0.005294,0.999701,0,0.51216,-0.34452,30.730,-0.689,775.000,450.000,-1,350.000,300.000,375.000,350.000,300.000,400.000,-1,-1,-1,-1,725.000,-1,850.000,375.000,1,0,2,1,1,0,1,0,1,2,2,2,2,1,2,1,1
103,857.114,1554.604,172.307,11.290,0.980246,-0.195769,-0.028136,0.195971,0.980599,0.004585,0.026692,-0.010008,0.999594,0,0.59216,-0.34665,35.530,-0.693,775.000,475.000,-1,375.000,275.000,375.000,375.000,300.000,375.000,-1,575.000,-1,-1,700.000,-1,825.000,375.000,1,0,2,1,1,0,1,0,1,2,0,2,2,1,2,1,1
104,896.756,1562.018,173.479,10.592,0.982441,-0.183784,-0.032144,0.184172,0.982848,0.009509,0.029845,-0.015262,0.999438,0,0.67216,-0.34937,40.330,-0.699,750.000,475.000,-1,375.000,275.000,400.000,375.000,300.000,350.000,-1,200.000,750.000,-1,675.000,-1,775.000,375.000,1,0,2,1,1,0,1,0,1,2,0,0,2,1,2,1,1
105,941.216,1569.766,174.757,9.886,0.984484,-0.171651,-0.036428,0.172284,0.984933,0.014982,0.033307,-0.021025,0.999224,0,0.75216,-0.35274,45.130,-0.705,725.000,475.000,-1,375.000,275.000,400.000,375.000,275.000,325.000,-1,175.000,475.000,-1,650.000,-1,725.000,350.000,1,0,2,1,1,0,1,0,1,2,0,0,2,1,2,1,1
106,990.508,1577.727,176.135,9.172,0.986374,-0.159345,-0.040945,0.160293,0.986846,0.020998,0.037060,-0.027275,0.998941,0,0.83216,-0.35685,49.930,-0.714,700.000,475.000,-1,375.000,250.000,400.000,400.000,275.000,325.000,-1,125.000,350.000,-1,600.000,-1,675.000,350.000,1,1,2,1,1,1,1,0,1,2,0,0,2,1,2,1,1
107,1042.065,1585.386,177.546,8.449,0.988116,-0.146841,-0.045445,0.148167,0.988585,0.027312,0.040916,-0.033721,0.998593,0,0.86871,-0.36180,52.122,-0.724,650.000,450.000,-1,425.000,250.000,400.000,425.000,275.000,300.000,-1,100.000,325.000,-1,575.000,-1,625.000,-1,1,1,2,1,1,1,1,0,1,2,0,0,2,1,2,1,2
108,1093.639,1592.374,178.947,7.714,0.989715,-0.134121,-0.049766,0.135877,0.990151,0.033740,0.044751,-0.040155,0.998191,0,0.86742,-0.36734,52.045,-0.735,575.000,425.000,-1,475.000,225.000,400.000,450.000,275.000,275.000,-1,75.000,300.000,-1,550.000,-1,550.000,-1,1,1,2,1,1,1,1,0,1,2,0,0,2,1,2,1,2
109,1145.193,1598.677,180.355,6.968,0.991164,-0.121176,-0.053956,0.123417,0.991535,0.040334,0.048612,-0.046636,0.997728,0,0.86562,-0.37322,51.937,-0.746,525.000,400.000,-1,550.000,225.000,400.000,450.000,275.000,250.000,850.000,50.000,275.000,-1,525.000,-1,500.000,-1,1,1,2,1,1,1,1,0,1,0,0,0,2,1,2,1,2
110,1196.686,1604.282,181.784,6.209,0.992454,-0.107997,-0.058060,0.110784,0.992726,0.047145,0.052546,-0.053222,0.997199,0,0.86328,-0.37946,51.797,-0.759,450.000,400.000,-1,600.000,-1,400.000,475.000,275.000,250.000,725.000,25.000,250.000,-1,500.000,-1,450.000,-1,1,1,2,1,2,1,1,0,1,0,0,0,2,1,2,1,2
111,1639.829,-4263.561,-133.758,-122.901,-0.542771,0.839614,0.021165,-0.839018,-0.543183,0.031623,0.038048,-0.000593,0.999276,1,0.00000,0.00000,51.622,-0.772,425.000,400.000,-1,400.000,-1,350.000,325.000,200.000,275.000,-1,425.000,425.000,-1,575.000,800.000,525.000,-1,1,1,2,0,2,0,0,1,0,2,0,0,2,1,0,1,2
112,1637.205,-4267.580,-133.829,-123.141,-0.546267,0.837331,0.021686,-0.836770,-0.546695,0.030676,0.037542,-0.001389,0.999294,0,0.08000,-0.12000,4.800,-0.240,425.000,400.000,-1,400.000,-1,325.000,325.000,175.000,300.000,-1,450.000,425.000,-1,575.000,800.000,525.000,-1,1,1,2,0,2,0,0,1,0,2,0,0,2,1,0,1,2
113,1631.905,-4275.584,-133.940,-123.513,-0.551665,0.833759,0.022639,-0.833264,-0.552121,0.028877,0.036576,-0.002934,0.999327,0,0.16000,-0.18610,9.600,-0.372,425.000,400.000,-1,400.000,-1,325.000,325.000,175.000,300.000,-1,450.000,450.000,-1,575.000,775.000,525.000,-1,1,1,2,0,2,0,0,1,0,2,0,0,2,1,0,1,2
114,1623.877,-4287.538,-134.059,-123.885,-0.557027,0.830150,0.023923,-0.829749,-0.557516,0.026326,0.035192,-0.005185,0.999367,0,0.24000,-0.18594,14.400,-0.372,425.000,400.000,-1,400.000,-1,325.000,325.000,175.000,300.000,-1,475.000,475.000,-1,550.000,775.000,500.000,-1,1,1,2,0,2,0,0,1,0,2,0,0,2,1,0,1,2
115,1613.069,-4303.407,-134.215,-124.256,-0.562354,0.826501,0.025563,-0.826226,-0.562874,0.022867,0.033288,-0.008261,0.999412,0,0.32000,-0.18572,19.200,-0.371,400.000,375.000,-1,400.000,-1,325.000,325.000,175.000,300.000,-1,525.000,525.000,-1,550.000,775.000,475.000,-1,1,1,2,0,2,0,0,1,0,2,0,0,2,1,0,1,2
116,1599.432,-4323.156,-134.270,-124.627,-0.567656,0.822813,0.027325,-0.822671,-0.568195,0.019181,0.031309,-0.011591,0.999443,0,0.40000,-0.18547,24.000,-0.371,375.000,375.000,-1,400.000,-1,325.000,325.000,175.000,300.000,-1,575.000,575.000,-1,525.000,750.000,450.000,-1,1,1,2,0,2,0,0,1,0,2,0,0,2,1,0,1,2
117,1582.914,-4346.748,-133.398,-124.998,-0.572940,0.819120,0.027964,-0.818974,-0.573502,0.019444,0.031964,-0.011762,0.999420,0,0.48000,-0.18522,28.800,-0.370,375.000,350.000,-1,400.000,-1,325.000,325.000,175.000,300.000,-1,575.000,575.000,-1,525.000,775.000,425.000,-1,1,1,2,0,2,0,0,1,0,2,0,0,2,1,0,1,2
118,1563.465,-4374.148,-132.119,-125.368,-0.578243,0.815407,0.027334,-0.815243,-0.578785,0.019642,0.031837,-0.010926,0.999433,0,0.56000,-0.18502,33.600,-0.370,350.000,350.000,-1,400.000,-1,325.000,325.000,175.000,300.000,-1,625.000,625.000,-1,525.000,775.000,400.000,-1,1,1,2,0,2,1,0,1,0,2,0,0,2,1,0,1,2
119,1541.037,-4405.317,-129.577,-125.737,-0.583711,0.811690,0.020978,-0.811473,-0.584061,0.019575,0.028141,-0.005597,0.999588,0,0.64000,-0.18489,38.400,-0.370,325.000,350.000,-1,375.000,-1,325.000,325.000,175.000,300.000,-1,825.000,775.000,-1,525.000,750.000,375.000,-1,1,1,2,0,2,1,0,1,0,2,0,0,2,1,0,1,2
120,1515.580,-4440.219,-126.961,-126.107,-0.589106,0.807916,0.015022,-0.807678,-0.589297,0.019611,0.024696,-0.000580,0.999695,0,0.72000,-0.18491,43.200,-0.370,300.000,325.000,-1,375.000,-1,300.000,325.000,175.000,300.000,-1,975.000,925.000,-1,500.000,725.000,350.000,-1,1,1,2,0,2,1,0,1,0,2,0,0,2,1,0,1,2
121,1487.044,-4478.815,-124.355,-126.477,-0.594432,0.804085,0.009860,-0.803852,-0.594502,0.019752,0.021744,0.003816,0.999756,0,0.80000,-0.18512,48.000,-0.370,275.000,325.000,-1,375.000,-1,300.000,300.000,200.000,275.000,-1,-1,-1,-1,525.000,700.000,325.000,-1,1,1,2,0,2,1,0,1,0,2,2,2,2,1,0,1,2
122,1455.381,-4521.068,-120.398,-126.849,-0.599783,0.800153,0.004012,-0.799794,-0.599650,0.027379,0.024313,0.013213,0.999617,0,0.88000,-0.18560,52.800,-0.371,275.000,325.000,-1,375.000,-1,300.000,325.000,225.000,275.000,-1,-1,-1,-1,550.000,725.000,350.000,-1,1,1,2,0,2,1,1,1,0,2,2,2,2,1,0,1,2
123,1423.107,-4563.561,-115.907,-127.221,-0.605219,0.796058,-0.001095,-0.795460,-0.604710,0.039600,0.030862,0.024837,0.999215,0,0.88932,-0.18640,53.359,-0.373,300.000,350.000,-1,400.000,-1,325.000,325.000,250.000,275.000,-1,-1,-1,-1,675.000,750.000,425.000,-1,1,1,2,0,2,1,1,1,0,2,2,2,2,1,0,1,2
124,1390.750,-4605.590,-112.202,-127.596,-0.610657,0.791886,-0.003708,-0.791020,-0.609756,0.049848,0.037213,0.033373,0.998750,0,0.88402,-0.18751,53.041,-0.375,325.000,375.000,-1,400.000,-1,325.000,350.000,250.000,275.000,-1,-1,975.000,-1,975.000,775.000,-1,-1,1,1,2,0,2,1,0,1,0,2,2,0,2,0,0,2,2
125,1358.295,-4647.174,-109.271,-127.974,-0.616056,0.787693,-0.003875,-0.786506,-0.614842,0.058114,0.043394,0.038849,0.998302,0,0.87916,-0.18888,52.750,-0.378,375.000,400.000,-1,425.000,-1,350.000,350.000,250.000,275.000,-1,1000.000,850.000,-1,-1,825.000,-1,-1,1,1,2,0,2,1,0,1,0,2,0,0,2,2,0,2,2
126,1322.564,-4692.256,-106.875,-128.401,-0.622002,0.783015,-0.001266,-0.781433,-0.620642,0.064543,0.049753,0.041135,0.997914,0,0.95872,-0.21362,57.523,-0.427,425.000,450.000,-1,425.000,-1,375.000,375.000,250.000,275.000,-1,850.000,675.000,-1,-1,875.000,-1,-1,1,1,2,0,2,0,0,1,0,2,0,0,2,2,0,2,2
127,1286.624,-4736.934,-105.348,-128.814,-0.627538,0.778575,0.004131,-0.776585,-0.626296,0.068333,0.055790,0.039674,0.997654,0,0.95564,-0.20611,57.338,-0.412,-1,500.000,-1,450.000,-1,400.000,375.000,250.000,275.000,525.000,700.000,550.000,-1,-1,925.000,-1,-1,2,1,2,0,2,0,0,1,0,1,0,0,2,2,0,2,2
128,1250.519,-4781.183,-104.738,-129.210,-0.632622,0.774365,0.012175,-0.772001,-0.631787,0.069710,0.061673,0.034701,0.997493,0,0.95181,-0.19828,57.109,-0.397,-1,525.000,-1,475.000,-1,400.000,400.000,225.000,275.000,450.000,550.000,425.000,-1,-1,1000.000,-1,-1,2,0,2,0,2,0,0,1,0,1,0,0,2,2,0,2,2
129,1214.297,-4824.979,-104.190,-129.591,-0.637440,0.770279,0.018428,-0.767780,-0.637017,0.068725,0.064677,0.029659,0.997465,0,0.94724,-0.19017,56.834,-0.380,-1,525.000,-1,475.000,-1,400.000,400.000,200.000,275.000,425.000,375.000,325.000,-1,-1,-1,-1,-1,2,0,2,0,2,0,0,1,0,1,1,0,2,2,2,2,2
130,1178.002,-4868.302,-102.849,-129.954,-0.642257,0.766261,0.018722,-0.763957,-0.641928,0.065553,0.062249,0.027799,0.997673,0,0.94196,-0.18187,56.518,-0.364,-1,525.000,-1,475.000,-1,400.000,400.000,175.000,275.000,425.000,400.000,350.000,-1,-1,-1,-1,-1,2,0,2,0,2,0,0,1,0,1,1,0,2,2,2,2,2
131,1141.667,-4911.126,-101.992,-130.312,-0.646920,0.762311,0.019399,-0.760318,-0.646759,0.060158,0.058406,0.024168,0.998000,0,0.93603,-0.17881,56.162,-0.358,-1,500.000,-1,450.000,-1,400.000,375.000,175.000,275.000,450.000,450.000,450.000,-1,-1,1000.000,-1,-1,2,0,2,0,2,0,0,1,0,1,1,0,2,2,0,2,2
132,1105.321,-4953.427,-101.611,-130.667,-0.651498,0.758376,0.020414,-0.756785,-0.651546,0.052571,0.053170,0.018801,0.998408,0,0.92953,-0.17754,55.772,-0.355,-1,475.000,-1,450.000,-1,375.000,375.000,150.000,275.000,450.000,525.000,600.000,-1,-1,975.000,-1,-1,2,0,2,0,2,0,0,1,0,1,1,0,2,2,0,2,2
133,1068.990,-4995.189,-100.970,-131.020,-0.656173,0.754396,0.017961,-0.753313,-0.656255,0.042989,0.044218,0.014678,0.998914,0,0.92258,-0.17663,55.355,-0.353,-1,450.000,-1,425.000,-1,375.000,350.000,150.000,275.000,475.000,1000.000,900.000,-1,1000.000,900.000,-1,-1,2,0,2,0,2,0,0,1,0,1,0,0,2,0,0,2,2
134,1032.691,-5036.402,-98.993,-131.372,-0.661031,0.750331,0.006466,-0.749832,-0.660864,0.031794,0.028129,0.016169,0.999474,0,0.91534,-0.17608,54.920,-0.352,-1,425.000,-1,400.000,-1,350.000,325.000,150.000,275.000,525.000,-1,-1,-1,875.000,800.000,-1,-1,2,0,2,0,2,0,0,1,0,1,2,2,2,0,0,2,2
