timestep,x_cm,y_cm,z_cm,yaw_deg,basis_xx,basis_xy,basis_xz,basis_yx,basis_yy,basis_yz,basis_zx,basis_zy,basis_zz,teleport_flag,throttle_cmd,steering_cmd,cmd_move_cm,cmd_turn_deg,lidar_cm_0,lidar_cm_1,lidar_cm_2,lidar_cm_3,lidar_cm_4,lidar_cm_5,lidar_cm_6,lidar_cm_7,lidar_cm_8,lidar_cm_9,lidar_cm_10,lidar_cm_11,lidar_cm_12,lidar_cm_13,lidar_cm_14,lidar_cm_15,lidar_cm_16,lidar_class_0,lidar_class_1,lidar_class_2,lidar_class_3,lidar_class_4,lidar_class_5,lidar_class_6,lidar_class_7,lidar_class_8,lidar_class_9,lidar_class_10,lidar_class_11,lidar_class_12,lidar_class_13,lidar_class_14,lidar_class_15,lidar_class_16
0,6890.194,-9514.839,-180.006,-52.844,0.604758,0.796280,-0.014362,-0.795760,0.603438,-0.051275,-0.032162,0.042438,0.998581,1,0.08000,0.12000,4.800,0.240,-1,375.000,-1,425.000,-1,325.000,325.000,300.000,700.000,-1,-1,-1,-1,725.000,-1,-1,-1,2,0,2,1,2,0,0,0,1,2,2,2,2,0,2,2,2
1,6896.056,-9522.441,-180.229,-52.364,0.611408,0.791186,-0.014302,-0.790669,0.610079,-0.051431,-0.031966,0.042753,0.998574,0,0.16000,0.24000,9.600,0.480,-1,375.000,-1,425.000,-1,325.000,325.000,300.000,725.000,-1,-1,-1,-1,725.000,-1,-1,-1,2,0,2,1,2,0,0,0,1,2,2,2,2,0,2,2,2
2,6904.992,-9533.733,-180.556,-51.644,0.621303,0.783441,-0.014216,-0.782931,0.619960,-0.051659,-0.031658,0.043226,0.998564,0,0.24000,0.36000,14.400,0.720,-1,375.000,-1,425.000,-1,325.000,325.000,300.000,750.000,-1,-1,-1,-1,725.000,-1,-1,-1,2,0,2,1,2,0,0,0,1,2,2,2,2,0,2,2,2
3,6917.158,-9548.587,-180.976,-50.684,0.634343,0.772923,-0.014110,-0.772421,0.632982,-0.051950,-0.031222,0.043853,0.998550,0,0.32000,0.48000,19.200,0.960,-1,375.000,-1,425.000,-1,325.000,325.000,300.000,775.000,-1,-1,-1,-1,725.000,-1,-1,-1,2,0,2,1,2,0,0,0,1,2,2,2,2,0,2,2,2
4,6932.749,-9566.832,-181.478,-49.484,0.650390,0.759471,-0.013994,-0.758982,0.649008,-0.052294,-0.030634,0.044633,0.998534,0,0.40000,0.60000,24.000,1.200,-1,375.000,-1,425.000,-1,325.000,325.000,300.000,875.000,-1,-1,-1,-1,725.000,-1,-1,-1,2,0,2,1,2,0,0,0,1,2,2,2,2,0,2,2,2
5,6952.004,-9588.249,-182.176,-48.044,0.669274,0.742874,-0.014490,-0.742430,0.667846,-0.052716,-0.029484,0.046039,0.998504,0,0.48000,0.72000,28.800,1.440,-1,375.000,-1,450.000,-1,325.000,325.000,300.000,975.000,-1,-1,-1,-1,725.000,950.000,-1,-1,2,0,2,1,2,0,0,0,1,2,2,2,2,0,1,2,2
6,6975.154,-9612.600,-184.224,-46.457,0.689623,0.723863,-0.021057,-0.723757,0.687959,-0.053741,-0.024415,0.052301,0.998333,0,0.56000,0.79382,33.600,1.588,-1,400.000,-1,450.000,-1,325.000,325.000,300.000,-1,-1,-1,925.000,-1,750.000,900.000,-1,-1,2,0,2,1,2,0,0,0,2,2,2,0,2,0,1,2,2
7,7002.372,-9639.687,-186.239,-44.868,0.709405,0.704275,-0.027224,-0.704528,0.707527,-0.055183,-0.019602,0.058328,0.998105,0,0.64000,0.79437,38.400,1.589,-1,400.000,-1,450.000,-1,325.000,325.000,300.000,-1,-1,975.000,775.000,-1,750.000,850.000,-1,-1,2,0,2,1,2,0,0,0,2,2,0,0,2,0,1,2,2
8,7032.211,-9667.778,-188.047,-43.277,0.728630,0.684139,-0.032438,-0.684736,0.726569,-0.056867,-0.015336,0.063646,0.997855,0,0.68303,0.79540,40.982,1.591,-1,400.000,-1,425.000,-1,325.000,325.000,300.000,-1,-1,875.000,200.000,-1,775.000,825.000,-1,-1,2,0,2,1,2,0,0,0,2,2,0,0,2,0,0,2,2
9,7062.324,-9694.586,-189.505,-41.683,0.747314,0.663478,-0.036319,-0.664367,0.745108,-0.058568,-0.011797,0.067897,0.997623,0,0.67197,0.79696,40.318,1.594,-1,400.000,-1,425.000,-1,325.000,325.000,300.000,-1,-1,500.000,25.000,-1,775.000,825.000,-1,-1,2,0,2,1,2,0,0,0,2,2,0,0,2,0,0,2,2
10,7092.701,-9720.149,-190.621,-40.085,0.765466,0.642300,-0.038902,-0.643414,0.763148,-0.060187,-0.008970,0.071102,0.997429,0,0.66170,0.79892,39.702,1.598,-1,400.000,-1,425.000,-1,325.000,325.000,325.000,-1,-1,375.000,50.000,-1,800.000,800.000,-1,-1,2,0,2,1,2,0,1,0,2,2,0,1,2,0,0,2,2
11,7119.930,-9741.982,-191.332,-38.728,0.780436,0.623948,-0.040112,-0.625195,0.778045,-0.061464,-0.007142,0.073046,0.997303,0,0.58170,0.67892,34.902,1.358,-1,400.000,-1,400.000,-1,325.000,325.000,325.000,-1,-1,325.000,75.000,-1,800.000,800.000,-1,-1,2,0,2,1,2,0,0,0,2,2,0,1,2,0,0,2,2
12,7143.776,-9760.351,-191.737,-37.610,0.792445,0.608603,-0.040412,-0.609913,0.790008,-0.062403,-0.006052,0.074099,0.997233,0,0.50170,0.55892,30.102,1.118,-1,400.000,-1,400.000,-1,325.000,325.000,325.000,-1,-1,325.000,100.000,-1,800.000,800.000,-1,-1,2,0,2,0,2,0,0,0,2,2,0,1,2,0,0,2,2
13,7164.054,-9775.483,-191.934,-36.732,0.801677,0.596410,-0.040115,-0.597732,0.799215,-0.063032,-0.005533,0.074509,0.997205,0,0.42170,0.43892,25.302,0.878,-1,400.000,-1,400.000,-1,325.000,325.000,325.000,-1,-1,325.000,125.000,-1,800.000,800.000,-1,-1,2,0,2,0,2,0,0,0,2,2,0,1,2,0,0,2,2
14,7180.621,-9787.560,-192.336,-36.094,0.808320,0.587421,-0.039437,-0.588708,0.805729,-0.064993,-0.006403,0.075752,0.997106,0,0.34170,0.31892,20.502,0.638,-1,400.000,-1,400.000,-1,325.000,325.000,325.000,-1,-1,400.000,175.000,-1,800.000,775.000,-1,-1,2,0,2,0,2,0,0,0,2,2,0,1,2,0,0,2,2
15,7193.373,-9796.721,-192.574,-35.696,0.812425,0.581781,-0.038683,-0.583021,0.809746,-0.066327,-0.007265,0.076438,0.997048,0,0.26170,0.19892,15.702,0.398,-1,400.000,-1,400.000,-1,325.000,325.000,325.000,-1,-1,450.000,200.000,-1,775.000,775.000,-1,-1,2,0,2,0,2,0,0,0,2,2,0,1,2,0,0,2,2
16,7202.244,-9803.057,-192.702,-35.538,0.814059,0.579535,-0.038039,-0.580726,0.811326,-0.067137,-0.008046,0.076744,0.997018,0,0.18170,0.07892,10.902,0.158,-1,400.000,-1,400.000,-1,325.000,325.000,325.000,-1,-1,525.000,225.000,-1,775.000,750.000,-1,-1,2,0,2,0,2,0,0,0,2,2,0,1,2,0,0,2,2
17,7207.204,-9806.611,-192.768,-35.621,0.813253,0.580693,-0.037618,-0.581844,0.810488,-0.067575,-0.008751,0.076843,0.997005,0,0.10170,-0.04108,6.102,-0.082,-1,400.000,-1,400.000,-1,325.000,325.000,325.000,-1,-1,575.000,225.000,-1,775.000,750.000,-1,-1,2,0,2,0,2,0,0,0,2,2,0,1,2,0,0,2,2
18,7208.258,-9807.376,-192.794,-35.943,0.809992,0.585242,-0.037464,-0.586365,0.807212,-0.067710,-0.009385,0.076812,0.997001,0,0.02170,-0.16108,1.302,-0.322,-1,400.000,-1,400.000,-1,325.000,325.000,325.000,-1,-1,625.000,225.000,-1,775.000,750.000,-1,-1,2,0,2,0,2,0,0,0,2,2,0,1,2,0,0,2,2
19,7205.429,-9805.318,-192.758,-36.025,0.809143,0.586403,-0.037674,-0.587540,0.806377,-0.067474,-0.009187,0.076731,0.997009,0,-0.05830,-0.04108,-3.498,-0.082,-1,400.000,-1,400.000,-1,325.000,325.000,325.000,-1,-1,600.000,225.000,-1,775.000,750.000,-1,-1,2,0,2,0,2,0,0,0,2,2,0,1,2,0,0,2,2
20,7198.704,-9800.456,-192.655,-35.867,0.810718,0.584187,-0.038234,-0.585380,0.807999,-0.066839,-0.008154,0.076569,0.997031,0,-0.13830,0.07892,-8.298,0.158,-1,400.000,-1,400.000,-1,325.000,325.000,325.000,-1,-1,525.000,200.000,-1,775.000,775.000,-1,-1,2,0,2,0,2,0,0,0,2,2,0,1,2,0,0,2,2
21,7189.484,-9793.887,-192.498,-35.469,0.814696,0.578573,-0.039031,-0.579852,0.812051,-0.065910,-0.006439,0.076329,0.997062,0,-0.18869,0.19892,-11.321,0.398,-1,400.000,-1,400.000,-1,325.000,325.000,325.000,-1,-1,425.000,200.000,-1,775.000,775.000,-1,-1,2,0,2,0,2,0,0,0,2,2,0,1,2,0,0,2,2
22,7180.183,-9787.414,-192.332,-34.831,0.821017,0.569507,-0.039906,-0.570887,0.818456,-0.064937,-0.004321,0.076096,0.997091,0,-0.18885,0.31892,-11.331,0.638,-1,400.000,-1,400.000,-1,325.000,325.000,325.000,-1,-1,325.000,175.000,-1,800.000,775.000,-1,-1,2,0,2,0,2,0,0,0,2,2,0,1,2,0,0,2,2
23,7170.756,-9781.051,-192.198,-34.019,0.828932,0.557855,-0.040859,-0.559346,0.826452,-0.064102,-0.001992,0.075990,0.997107,0,-0.18956,0.40603,-11.373,0.812,-1,400.000,-1,400.000,-1,325.000,325.000,325.000,-1,-1,250.000,150.000,-1,800.000,800.000,-1,-1,2,0,2,0,2,0,0,0,2,2,0,1,2,0,0,2,2
24,7161.185,-9774.785,-192.306,-33.209,0.836690,0.546084,-0.041737,-0.547677,0.834208,-0.064394,-0.000347,0.076737,0.997051,0,-0.19065,0.40500,-11.439,0.810,-1,400.000,-1,400.000,-1,325.000,325.000,325.000,-1,-1,200.000,150.000,-1,800.000,800.000,-1,-1,2,0,2,0,2,0,0,0,2,2,0,1,2,0,0,2,2
25,7151.472,-9768.619,-192.426,-32.401,0.844260,0.534237,-0.042618,-0.535932,0.841777,-0.064717,0.001301,0.077479,0.996993,0,-0.19174,0.40396,-11.504,0.808,-1,400.000,-1,400.000,-1,325.000,325.000,325.000,-1,-1,150.000,125.000,-1,800.000,800.000,-1,-1,2,0,2,0,2,0,0,0,2,2,0,1,2,0,0,2,2
26,7141.617,-9762.556,-192.557,-31.596,0.851642,0.522315,-0.043502,-0.524115,0.849158,-0.065072,0.002952,0.078218,0.996932,0,-0.19283,0.40291,-11.570,0.806,-1,400.000,-1,400.000,-1,325.000,325.000,325.000,-1,-1,125.000,100.000,-1,825.000,800.000,-1,-1,2,0,2,0,2,0,0,0,2,2,0,1,2,0,0,2,2
27,7131.623,-9756.599,-192.699,-30.792,0.858837,0.510323,-0.044388,-0.512229,0.856351,-0.065458,0.004607,0.078954,0.996868,0,-0.19391,0.40185,-11.634,0.804,-1,400.000,-1,400.000,-1,325.000,325.000,325.000,-1,-1,75.000,100.000,-1,825.000,800.000,-1,-1,2,0,2,0,2,0,0,0,2,2,0,1,2,0,0,2,2
28,7121.491,-9750.750,-192.852,-29.990,0.865842,0.498264,-0.045285,-0.500278,0.863355,-0.065880,0.006271,0.079697,0.996799,0,-0.19498,0.40077,-11.699,0.802,-1,400.000,-1,400.000,-1,325.000,325.000,325.000,-1,-1,50.000,75.000,-1,825.000,800.000,-1,-1,2,0,2,0,2,0,0,0,2,2,0,1,2,0,0,2,2
29,7111.222,-9745.012,-193.015,-29.191,0.872658,0.486142,-0.046192,-0.488267,0.870169,-0.066339,0.007945,0.080446,0.996727,0,-0.19605,0.39968,-11.763,0.799,-1,400.000,-1,400.000,-1,325.000,325.000,325.000,-1,-1,25.000,75.000,-1,825.000,800.000,-1,-1,2,0,2,0,2,0,0,0,2,2,0,1,2,0,0,2,2
30,7100.818,-9739.387,-193.191,-28.394,0.879286,0.473959,-0.047102,-0.476197,0.876795,-0.066832,0.009623,0.081195,0.996652,0,-0.19711,0.39858,-11.827,0.797,-1,400.000,-1,400.000,-1,325.000,325.000,325.000,-1,-1,0.000,50.000,-1,850.000,800.000,-1,-1,2,0,2,0,2,0,0,0,2,2,1,1,2,0,0,2,2
31,7090.281,-9733.877,-193.380,-27.599,0.885725,0.461721,-0.048014,-0.464073,0.883232,-0.067360,0.011306,0.081945,0.996573,0,-0.19817,0.39746,-11.890,0.795,-1,425.000,-1,400.000,-1,325.000,325.000,325.000,-1,-1,0.000,25.000,-1,850.000,800.000,-1,-1,2,0,2,0,2,0,0,0,2,2,1,1,2,0,0,2,2
32,7079.613,-9728.485,-193.583,-26.806,0.891975,0.449430,-0.048928,-0.451899,0.889479,-0.067925,0.012993,0.082698,0.996490,0,-0.19921,0.39633,-11.953,0.793,-1,425.000,-1,400.000,-1,325.000,325.000,325.000,-1,-1,0.000,25.000,-1,850.000,800.000,-1,-1,2,0,2,0,2,0,0,0,2,2,1,1,2,0,0,2,2
33,7068.815,-9723.214,-193.799,-26.016,0.898036,0.437090,-0.049845,-0.439678,0.895538,-0.068526,0.014686,0.083454,0.996403,0,-0.20025,0.39519,-12.015,0.790,-1,425.000,-1,400.000,-1,325.000,325.000,325.000,-1,-1,0.000,0.000,-1,850.000,800.000,-1,-1,2,0,2,0,2,0,0,0,2,2,1,1,2,0,0,2,2
34,7057.890,-9718.065,-194.002,-25.228,0.903912,0.424700,-0.050731,-0.427409,0.901398,-0.069303,0.016296,0.084326,0.996305,0,-0.20128,0.39404,-12.077,0.788,-1,425.000,-1,400.000,-1,325.000,325.000,325.000,-1,-1,0.000,0.000,-1,850.000,800.000,-1,-1,2,0,2,0,2,0,0,0,2,2,0,1,2,0,0,2,2
35,7046.840,-9713.041,-194.129,-24.442,0.909612,0.412255,-0.051501,-0.415085,0.907042,-0.070568,0.017621,0.085567,0.996177,0,-0.20230,0.39288,-12.138,0.786,-1,425.000,-1,400.000,-1,325.000,325.000,325.000,-1,-1,0.000,0.000,-1,875.000,800.000,-1,-1,2,0,2,0,2,0,0,0,2,2,0,1,2,0,0,2,2
36,7035.666,-9708.144,-194.271,-23.659,0.915124,0.399771,-0.052257,-0.402726,0.912494,-0.071873,0.018952,0.086818,0.996044,0,-0.20331,0.39170,-12.199,0.783,-1,425.000,-1,400.000,-1,325.000,325.000,325.000,-1,-1,0.000,0.000,-1,875.000,800.000,-1,-1,2,0,2,0,2,0,0,0,2,2,0,1,2,0,0,2,2
37,7024.372,-9703.376,-194.427,-22.878,0.920449,0.387252,-0.053000,-0.390336,0.917757,-0.073217,0.020288,0.088080,0.995907,0,-0.20431,0.39052,-12.259,0.781,-1,425.000,-1,400.000,-1,325.000,325.000,350.000,-1,-1,0.000,0.000,-1,875.000,800.000,-1,-1,2,0,2,0,2,0,0,0,2,2,0,1,2,0,0,2,2
38,7012.959,-9698.740,-194.598,-22.099,0.925587,0.374702,-0.053729,-0.377916,0.922829,-0.074602,0.021630,0.089355,0.995765,0,-0.20530,0.38932,-12.318,0.779,-1,425.000,-1,400.000,-1,325.000,325.000,350.000,-1,-1,0.000,0.000,-1,875.000,800.000,-1,-1,2,0,2,0,2,0,0,0,2,2,0,1,2,0,0,2,2
39,7001.429,-9694.238,-194.784,-21.323,0.930539,0.362123,-0.054445,-0.365472,0.927712,-0.076027,0.022978,0.090644,0.995618,0,-0.20628,0.38812,-12.377,0.776,-1,425.000,-1,400.000,-1,325.000,325.000,350.000,350.000,-1,0.000,0.000,-1,900.000,800.000,-1,-1,2,0,2,0,2,0,0,0,1,2,0,1,2,0,0,2,2
40,6994.346,-9691.548,-194.909,-20.786,0.933861,0.353398,-0.054891,-0.356836,0.930989,-0.076990,0.023895,0.091485,0.995520,0,-0.12628,0.26812,-7.577,0.536,-1,425.000,-1,400.000,-1,325.000,325.000,350.000,275.000,-1,0.000,0.000,-1,900.000,800.000,-1,-1,2,0,2,0,2,0,0,0,1,2,0,1,2,0,0,2,2
41,6991.741,-9690.585,-194.983,-20.269,0.936995,0.344965,-0.055138,-0.348470,0.934092,-0.077718,0.024694,0.092036,0.995449,0,-0.04628,0.25850,-2.777,0.517,-1,425.000,-1,400.000,-1,325.000,325.000,350.000,275.000,-1,0.000,0.000,-1,900.000,800.000,-1,-1,2,0,2,0,2,0,0,0,1,2,0,1,2,0,0,2,2
42,6993.645,-9691.268,-194.997,-19.753,0.940057,0.336524,-0.055175,-0.340071,0.937142,-0.078212,0.025386,0.092287,0.995409,0,0.03372,0.25823,2.023,0.516,-1,425.000,-1,400.000,-1,325.000,325.000,350.000,275.000,-1,0.000,0.000,-1,900.000,800.000,-1,-1,2,0,2,0,2,0,0,0,1,2,0,1,2,0,0,2,2
43,7000.086,-9693.516,-194.934,-19.236,0.943057,0.328059,-0.054968,-0.331619,0.940147,-0.078436,0.025946,0.092199,0.995403,0,0.11372,0.25843,6.823,0.517,-1,425.000,-1,400.000,-1,325.000,325.000,350.000,250.000,-1,0.000,0.000,-1,900.000,800.000,-1,-1,2,0,2,0,2,0,0,0,1,2,1,1,2,0,0,2,2
44,7011.094,-9697.246,-194.775,-18.718,0.946000,0.319557,-0.054470,-0.323094,0.943118,-0.078345,0.026336,0.091713,0.995437,0,0.19372,0.25912,11.623,0.518,-1,425.000,-1,400.000,-1,325.000,325.000,350.000,250.000,-1,0.000,0.000,-1,900.000,800.000,-1,-1,2,0,2,0,2,0,0,0,0,2,1,1,2,0,0,2,2
45,7026.695,-9702.376,-194.496,-18.197,0.948896,0.311001,-0.053616,-0.314473,0.946066,-0.077878,0.026505,0.090759,0.995520,0,0.27372,0.26033,16.423,0.521,-1,425.000,-1,400.000,-1,325.000,325.000,350.000,250.000,-1,0.000,25.000,-1,900.000,800.000,-1,-1,2,0,2,0,2,0,0,0,1,2,1,1,2,0,0,2,2
46,7046.916,-9708.820,-194.069,-17.673,0.951751,0.302374,-0.052334,-0.305733,0.949002,-0.076964,0.026393,0.089251,0.995659,0,0.35372,0.26207,21.223,0.524,-1,425.000,-1,400.000,-1,325.000,325.000,350.000,300.000,-1,0.000,75.000,-1,875.000,800.000,-1,-1,2,0,2,0,2,0,0,0,1,2,1,1,2,0,0,2,2
47,7071.782,-9716.494,-193.463,-17.144,0.954573,0.293660,-0.050537,-0.296846,0.951934,-0.075519,0.025931,0.087090,0.995863,0,0.43372,0.26439,26.023,0.529,-1,425.000,-1,400.000,-1,325.000,325.000,350.000,325.000,-1,0.000,125.000,-1,875.000,775.000,-1,-1,2,0,2,0,2,0,0,0,1,2,1,1,2,0,0,2,2
48,7101.317,-9725.308,-192.643,-16.610,0.957367,0.284836,-0.048133,-0.287787,0.954874,-0.073448,0.025041,0.084169,0.996137,0,0.51372,0.26732,30.823,0.535,-1,425.000,-1,400.000,-1,325.000,325.000,325.000,375.000,-1,0.000,200.000,-1,875.000,775.000,-1,-1,2,0,2,0,2,0,0,0,1,2,1,1,2,0,0,2,2
49,7135.547,-9735.171,-191.462,-16.068,0.960150,0.275871,-0.044802,-0.278514,0.957792,-0.071169,0.023278,0.080811,0.996458,0,0.59372,0.27089,35.623,0.542,-1,400.000,-1,400.000,-1,325.000,325.000,325.000,400.000,-1,50.000,300.000,-1,850.000,775.000,-1,-1,2,0,2,0,2,0,0,0,1,2,1,1,2,0,0,2,2
50,7174.495,-9745.990,-189.846,-15.518,0.962923,0.266739,-0.040372,-0.269001,0.960685,-0.068719,0.020454,0.077031,0.996819,0,0.67372,0.27515,40.423,0.550,-1,400.000,-1,400.000,-1,325.000,325.000,325.000,425.000,-1,150.000,425.000,-1,825.000,775.000,-1,-1,2,0,2,0,2,0,0,0,1,2,1,1,2,0,0,2,2
51,7218.184,-9757.667,-187.861,-14.957,0.965666,0.257425,-0.034955,-0.259241,0.963593,-0.065441,0.016836,0.072256,0.997244,0,0.75372,0.28013,45.223,0.560,-1,400.000,-1,400.000,-1,325.000,325.000,325.000,450.000,-1,275.000,575.000,-1,800.000,750.000,-1,-1,2,0,2,0,2,0,0,0,1,2,1,1,2,0,0,2,2
52,7265.787,-9769.882,-185.781,-14.386,0.968340,0.247881,-0.029556,-0.249288,0.966442,-0.062019,0.013190,0.067423,0.997637,0,0.81909,0.28588,49.146,0.572,-1,400.000,-1,400.000,-1,325.000,325.000,325.000,450.000,-1,400.000,750.000,-1,775.000,750.000,-1,-1,2,0,2,0,2,0,0,0,1,2,1,1,2,0,0,2,2
53,7313.573,-9781.620,-185.041,-13.801,0.970816,0.238005,-0.029479,-0.239431,0.968911,-0.062320,0.013730,0.067559,0.997621,0,0.82011,0.29229,49.207,0.585,-1,400.000,-1,400.000,-1,325.000,325.000,325.000,425.000,-1,475.000,800.000,-1,775.000,750.000,-1,-1,2,0,2,0,2,0,0,0,1,2,1,1,2,0,0,2,2
54,7366.150,-9793.962,-184.169,-13.211,0.973212,0.228013,-0.029459,-0.229460,0.971310,-0.062497,0.014364,0.067582,0.997610,0,0.90011,0.29505,54.007,0.590,-1,400.000,-1,400.000,-1,325.000,325.000,325.000,400.000,-1,550.000,875.000,-1,775.000,750.000,-1,-1,2,0,2,0,2,0,0,0,1,2,1,1,2,0,0,2,2
55,7419.346,-9805.870,-183.254,-12.618,0.975516,0.217944,-0.029459,-0.219412,0.973620,-0.062630,0.015032,0.067560,0.997602,0,0.90854,0.29663,54.513,0.593,-1,400.000,-1,400.000,-1,325.000,325.000,325.000,375.000,-1,625.000,950.000,-1,775.000,750.000,-1,-1,2,0,2,0,2,0,0,0,1,2,1,1,2,0,0,2,2
56,7472.235,-9817.131,-182.309,-12.020,0.977731,0.207782,-0.029477,-0.209272,0.975844,-0.062721,0.015732,0.067493,0.997596,0,0.90126,0.29871,54.075,0.597,-1,400.000,-1,400.000,-1,325.000,325.000,325.000,350.000,-1,700.000,-1,-1,775.000,750.000,-1,-1,2,0,2,0,2,0,0,0,1,2,1,2,2,0,0,2,2
57,7524.848,-9827.757,-181.336,-11.418,0.979856,0.197510,-0.029512,-0.199023,0.977982,-0.062772,0.016464,0.067381,0.997591,0,0.89459,0.30125,53.675,0.603,-1,400.000,-1,400.000,-1,325.000,325.000,325.000,350.000,-1,775.000,-1,-1,775.000,750.000,-1,-1,2,0,2,0,2,0,0,0,1,2,1,2,2,0,0,2,2
58,7577.218,-9837.756,-180.342,-10.809,0.981892,0.187116,-0.029586,-0.188654,0.980037,-0.062748,0.017254,0.067193,0.997591,0,0.88860,0.30422,53.316,0.608,-1,400.000,-1,400.000,-1,325.000,325.000,325.000,325.000,-1,875.000,-1,-1,800.000,750.000,-1,-1,2,0,2,0,2,0,0,0,1,2,1,2,2,0,0,2,2
59,7629.381,-9847.136,-179.375,-10.194,0.983833,0.176589,-0.029815,-0.178155,0.982020,-0.062435,0.018254,0.066737,0.997604,0,0.88334,0.30759,53.000,0.615,-1,400.000,-1,400.000,-1,325.000,325.000,325.000,325.000,-1,950.000,-1,-1,800.000,750.000,-1,-1,2,0,2,0,2,0,0,0,0,2,1,2,2,0,0,2,2
60,7681.376,-9855.904,-178.370,-9.571,0.985683,0.165911,-0.030049,-0.167507,0.983911,-0.062126,0.019258,0.066270,0.997616,0,0.87882,0.31134,52.729,0.623,-1,400.000,-1,400.000,-1,325.000,325.000,325.000,300.000,-1,-1,-1,-1,800.000,750.000,-1,-1,2,0,2,0,2,0,0,0,0,2,2,2,2,0,0,2,2
61,7733.242,-9864.064,-177.328,-8.941,0.987439,0.155073,-0.030286,-0.156697,0.985710,-0.061821,0.020267,0.065790,0.997628,0,0.87506,0.31544,52.504,0.631,-1,400.000,-1,400.000,-1,325.000,325.000,325.000,300.000,-1,-1,-1,-1,800.000,750.000,-1,-1,2,0,2,0,2,0,0,0,0,2,2,2,2,0,0,2,2
62,7785.016,-9871.618,-176.247,-8.301,0.989098,0.144062,-0.030527,-0.145715,0.987412,-0.061520,0.021280,0.065298,0.997639,0,0.87204,0.31987,52.323,0.640,-1,400.000,-1,400.000,-1,325.000,325.000,325.000,300.000,-1,-1,-1,-1,800.000,750.000,-1,-1,2,0,2,0,2,0,0,0,0,2,2,2,2,0,0,2,2
63,7832.219,-9878.169,-175.236,-7.901,0.990070,0.137173,-0.030744,-0.138847,0.988418,-0.061255,0.021986,0.064915,0.997649,0,0.79427,0.19987,47.656,0.400,-1,400.000,-1,400.000,-1,325.000,325.000,300.000,300.000,-1,-1,-1,-1,825.000,750.000,-1,-1,2,0,2,0,2,0,0,0,0,2,2,2,2,0,0,2,2
64,7879.371,-9884.579,-174.312,-7.741,0.990453,0.134423,-0.030549,-0.136075,0.988840,-0.060657,0.022054,0.064235,0.997691,0,0.79309,0.07987,47.585,0.160,-1,400.000,-1,400.000,-1,325.000,325.000,300.000,300.000,-1,-1,-1,-1,825.000,750.000,-1,-1,2,0,2,0,2,0,0,0,0,2,2,2,2,0,0,2,2
65,7926.495,-9891.053,-173.409,-7.822,0.990277,0.135814,-0.030088,-0.137420,0.988693,-0.060008,0.021597,0.063559,0.997744,0,0.79278,-0.04013,47.567,-0.080,-1,400.000,-1,400.000,-1,325.000,325.000,300.000,300.000,-1,-1,-1,-1,825.000,750.000,-1,-1,2,0,2,0,2,0,0,0,0,2,2,2,2,0,0,2,2
66,7973.609,-9897.794,-172.559,-8.142,0.989523,0.141343,-0.029445,-0.142889,0.987946,-0.059543,0.020674,0.063127,0.997791,0,0.79322,-0.16013,47.593,-0.320,-1,400.000,-1,400.000,-1,325.000,325.000,300.000,300.000,-1,-1,-1,-1,800.000,750.000,-1,-1,2,0,2,0,2,0,0,0,0,2,2,2,2,0,0,2,2
67,8020.720,-9905.006,-171.725,-8.702,0.988114,0.151000,-0.028814,-0.152482,0.986539,-0.059072,0.019506,0.062763,0.997838,0,0.79433,-0.28013,47.660,-0.560,-1,400.000,-1,400.000,-1,325.000,325.000,300.000,300.000,-1,-1,-1,-1,800.000,750.000,-1,-1,2,0,2,0,2,0,0,0,0,2,2,2,2,0,0,2,2
68,8067.842,-9912.787,-170.912,-9.376,0.986289,0.162601,-0.028202,-0.164017,0.984715,-0.058602,0.018242,0.062424,0.997883,0,0.79599,-0.33710,47.760,-0.674,-1,400.000,-1,400.000,-1,325.000,325.000,300.000,300.000,-1,-1,-1,-1,800.000,725.000,-1,-1,2,0,2,0,2,0,0,0,0,2,2,2,2,0,0,2,2
69,8114.989,-9921.135,-170.118,-10.040,0.984358,0.174003,-0.027613,-0.175356,0.982787,-0.058137,0.017022,0.062070,0.997927,0,0.79800,-0.33191,47.880,-0.664,-1,400.000,-1,400.000,-1,325.000,325.000,300.000,300.000,-1,-1,-1,-1,800.000,725.000,-1,-1,2,0,2,0,2,0,0,0,0,2,2,2,2,0,0,2,2
70,8162.165,-9930.044,-169.343,-10.693,0.982328,0.185201,-0.027048,-0.186493,0.980762,-0.057674,0.015847,0.061699,0.997969,0,0.80017,-0.32663,48.010,-0.653,-1,400.000,-1,400.000,-1,325.000,325.000,300.000,300.000,-1,-1,-1,-1,800.000,725.000,-1,-1,2,0,2,0,2,0,0,0,0,2,2,2,2,0,0,2,2
71,8209.376,-9939.509,-168.585,-11.336,0.980207,0.196192,-0.026509,-0.197427,0.978647,-0.057211,0.014718,0.061312,0.998010,0,0.80250,-0.32127,48.150,-0.643,-1,400.000,-1,375.000,-1,325.000,325.000,300.000,300.000,-1,-1,-1,-1,775.000,725.000,-1,-1,2,0,2,0,2,0,0,0,0,2,2,2,2,0,0,2,2
72,8256.625,-9949.525,-167.842,-11.968,0.978001,0.206975,-0.025995,-0.208154,0.976448,-0.056748,0.013637,0.060910,0.998050,0,0.80497,-0.31584,48.298,-0.632,-1,400.000,-1,375.000,-1,325.000,325.000,300.000,300.000,-1,-1,-1,-1,775.000,725.000,-1,-1,2,0,2,0,2,0,0,0,0,2,2,2,2,0,0,2,2
73,8303.915,-9960.086,-167.113,-12.588,0.975717,0.217545,-0.025507,-0.218672,0.974174,-0.056280,0.012605,0.060491,0.998089,0,0.80759,-0.31033,48.455,-0.621,-1,400.000,-1,375.000,-1,325.000,325.000,300.000,300.000,-1,-1,-1,-1,775.000,700.000,-1,-1,2,0,2,0,2,0,0,0,0,2,2,2,2,0,0,2,2
74,8351.251,-9971.187,-166.396,-13.198,0.973362,0.227902,-0.025047,-0.228979,0.971830,-0.055808,0.011623,0.060057,0.998127,0,0.81033,-0.30475,48.620,-0.609,-1,400.000,-1,375.000,-1,325.000,325.000,300.000,300.000,-1,-1,-1,-1,775.000,700.000,-1,-1,2,0,2,0,2,0,0,0,0,2,2,2,2,0,0,2,2
75,8393.784,-9981.730,-165.765,-13.921,0.970421,0.240157,-0.024660,-0.241188,0.968897,-0.055388,0.010591,0.059697,0.998160,0,0.73033,-0.36167,43.820,-0.723,-1,400.000,-1,375.000,-1,325.000,325.000,300.000,300.000,-1,-1,-1,-1,775.000,700.000,-1,-1,2,0,2,0,2,0,0,0,0,2,2,2,2,0,0,2,2
76,8431.539,-9991.588,-165.219,-14.634,0.967369,0.252202,-0.024339,-0.253190,0.965851,-0.055016,0.009633,0.059383,0.998189,0,0.65033,-0.35654,39.020,-0.713,1000.000,400.000,-1,375.000,-1,325.000,325.000,300.000,300.000,-1,-1,-1,-1,775.000,700.000,-1,-1,1,0,2,0,2,0,0,0,0,2,2,2,2,1,0,2,2
77,8467.795,-10001.534,-164.793,-15.338,0.964202,0.264059,-0.024228,-0.265015,0.962717,-0.054252,0.008999,0.058731,0.998233,0,0.62659,-0.35196,37.596,-0.704,950.000,400.000,-1,375.000,-1,325.000,325.000,300.000,300.000,-1,-1,-1,-1,750.000,700.000,-1,-1,1,0,2,0,2,0,0,0,0,2,2,2,2,1,0,2,2
78,8508.582,-10013.103,-164.334,-15.835,0.961875,0.272413,-0.024218,-0.273348,0.960437,-0.053301,0.008740,0.057889,0.998285,0,0.70659,-0.24852,42.396,-0.497,925.000,400.000,-1,375.000,-1,325.000,325.000,300.000,300.000,-1,-1,-1,-1,725.000,700.000,1000.000,-1,1,0,2,0,2,0,0,0,0,2,2,2,2,1,0,1,2
79,8550.106,-10025.265,-163.869,-16.324,0.959514,0.280617,-0.024239,-0.281532,0.958123,-0.052339,0.008537,0.057044,0.998335,0,0.72115,-0.24458,43.269,-0.489,875.000,400.000,-1,375.000,-1,325.000,325.000,300.000,300.000,-1,-1,-1,-1,725.000,675.000,975.000,-1,1,0,2,0,2,0,0,0,0,2,2,2,2,1,0,1,2
80,8591.709,-10037.831,-163.436,-16.805,0.957121,0.288657,-0.024404,-0.289563,0.955775,-0.051457,0.008471,0.056317,0.998377,0,0.72431,-0.24036,43.459,-0.481,850.000,400.000,-1,375.000,-1,325.000,325.000,300.000,300.000,-1,-1,-1,-1,700.000,675.000,950.000,-1,1,0,2,0,2,0,0,0,0,2,2,2,2,1,0,1,2
81,8633.376,-10050.790,-163.030,-17.277,0.954702,0.296529,-0.024799,-0.297439,0.953399,-0.050611,0.008635,0.055695,0.998411,0,0.72726,-0.23591,43.636,-0.472,800.000,400.000,-1,375.000,-1,325.000,300.000,300.000,300.000,-1,-1,-1,-1,700.000,675.000,925.000,-1,1,0,2,0,2,0,0,0,0,2,2,2,2,1,0,1,2
82,8675.093,-10064.136,-162.592,-17.739,0.952265,0.304226,-0.025248,-0.305142,0.951013,-0.049630,0.008912,0.054965,0.998449,0,0.72998,-0.23123,43.799,-0.462,775.000,400.000,-1,375.000,-1,325.000,300.000,300.000,300.000,-1,-1,-1,-1,700.000,675.000,900.000,-1,1,0,2,0,2,0,0,0,0,2,2,2,2,1,0,1,2
83,8716.842,-10077.856,-162.145,-18.192,0.949819,0.311742,-0.025707,-0.312664,0.948619,-0.048622,0.009229,0.054220,0.998486,0,0.73243,-0.22630,43.946,-0.453,750.000,400.000,-1,375.000,-1,325.000,300.000,300.000,300.000,-1,-1,-1,-1,700.000,675.000,900.000,-1,1,0,2,0,2,0,0,0,0,2,2,2,2,1,0,1,2
84,8758.608,-10091.941,-161.689,-18.634,0.947370,0.319068,-0.026175,-0.319996,0.946223,-0.047587,0.009584,0.053458,0.998524,0,0.73461,-0.22113,44.077,-0.442,725.000,400.000,-1,375.000,-1,325.000,300.000,300.000,300.000,-1,-1,-1,-1,700.000,675.000,900.000,-1,1,0,2,0,2,0,0,0,0,2,2,2,2,1,0,1,2
85,8800.374,-10106.376,-161.222,-19.066,0.944926,0.326197,-0.026650,-0.327132,0.943833,-0.046524,0.009977,0.052680,0.998562,0,0.73649,-0.21572,44.190,-0.431,700.000,400.000,-1,375.000,-1,325.000,300.000,300.000,300.000,-1,-1,-1,-1,700.000,675.000,900.000,-1,1,0,2,0,2,0,0,0,0,2,2,2,2,1,0,1,2
86,8842.121,-10121.148,-160.742,-19.486,0.942493,0.333123,-0.027133,-0.334064,0.941455,-0.045433,0.010410,0.051885,0.998599,0,0.73806,-0.21006,44.283,-0.420,650.000,400.000,-1,375.000,-1,325.000,300.000,300.000,300.000,-1,-1,-1,-1,700.000,675.000,950.000,-1,1,1,2,0,2,0,0,0,0,2,2,2,2,1,0,1,2
87,8883.831,-10136.242,-160.250,-19.894,0.940078,0.339838,-0.027622,-0.340785,0.939096,-0.044314,0.010880,0.051072,0.998636,0,0.73928,-0.20415,44.357,-0.408,650.000,400.000,-1,375.000,-1,325.000,300.000,300.000,300.000,-1,-1,-1,-1,725.000,675.000,-1,-1,1,0,2,0,2,0,0,0,0,2,2,2,2,0,0,2,2
88,8925.483,-10151.642,-159.743,-20.290,0.937689,0.346335,-0.028117,-0.347288,0.936765,-0.043167,0.011388,0.050242,0.998672,0,0.74014,-0.19800,44.408,-0.396,625.000,375.000,-1,375.000,-1,325.000,300.000,300.000,300.000,-1,-1,-1,-1,700.000,650.000,-1,-1,1,0,2,0,2,0,0,0,0,2,2,2,2,0,0,2,2
89,8967.059,-10167.331,-159.221,-20.673,0.935334,0.352608,-0.028615,-0.353566,0.934467,-0.041992,0.011933,0.049394,0.998708,0,0.74062,-0.19162,44.437,-0.383,600.000,375.000,-1,375.000,-1,325.000,300.000,300.000,300.000,-1,-1,-1,-1,700.000,650.000,-1,-1,1,0,2,0,2,0,0,0,0,2,2,2,2,0,0,2,2
90,9008.537,-10183.289,-158.683,-21.043,0.933018,0.358650,-0.029118,-0.359613,0.932210,-0.040789,0.012515,0.048528,0.998743,0,0.74070,-0.18500,44.442,-0.370,600.000,375.000,-1,375.000,-1,300.000,300.000,300.000,325.000,-1,975.000,-1,-1,700.000,650.000,-1,-1,1,0,2,0,2,0,0,0,0,2,0,2,2,0,0,2,2
91,9049.896,-10199.498,-158.127,-21.400,0.930749,0.364456,-0.029623,-0.365422,0.930001,-0.039559,0.013132,0.047644,0.998778,0,0.74036,-0.17816,44.421,-0.356,575.000,375.000,-1,375.000,-1,300.000,300.000,300.000,325.000,-1,850.000,-1,-1,700.000,650.000,-1,-1,1,0,2,0,2,0,0,0,0,2,0,2,2,0,0,2,2
92,9091.114,-10215.936,-157.541,-21.742,0.928536,0.370019,-0.030110,-0.370987,0.927845,-0.038369,0.013740,0.046797,0.998810,0,0.73958,-0.17110,44.375,-0.342,575.000,375.000,-1,375.000,-1,300.000,300.000,300.000,325.000,-1,725.000,-1,-1,700.000,650.000,-1,-1,1,0,2,0,2,0,0,0,0,2,0,2,2,0,0,2,2
93,9132.170,-10232.581,-156.655,-22.070,0.926350,0.375314,-0.031862,-0.376355,0.925701,-0.037881,0.015278,0.047083,0.998774,0,0.73836,-0.16385,44.302,-0.328,600.000,375.000,-1,375.000,-1,300.000,300.000,300.000,300.000,-1,650.000,850.000,-1,700.000,650.000,-1,-1,1,0,2,0,2,0,0,0,0,2,0,0,2,0,0,2,2
94,9173.042,-10249.412,-155.691,-22.382,0.924220,0.380354,-0.033883,-0.381481,0.923616,-0.037508,0.017029,0.047592,0.998722,0,0.73669,-0.15642,44.201,-0.313,650.000,375.000,-1,375.000,-1,300.000,300.000,325.000,300.000,-1,625.000,700.000,-1,700.000,650.000,-1,-1,1,0,2,0,2,0,0,0,0,2,0,0,2,0,0,2,2
95,9213.707,-10266.406,-154.899,-22.680,0.922188,0.385153,-0.035018,-0.386315,0.921640,-0.036616,0.018172,0.047295,0.998716,0,0.73456,-0.14884,44.074,-0.298,725.000,375.000,-1,375.000,-1,300.000,300.000,325.000,300.000,-1,600.000,675.000,-1,700.000,650.000,-1,-1,1,0,2,0,2,0,0,0,0,2,0,0,2,0,0,2,2
96,9258.734,-10285.277,-154.162,-22.738,0.921778,0.386103,-0.035339,-0.387251,0.921306,-0.035105,0.019004,0.046044,0.998759,0,0.81368,-0.02884,48.821,-0.058,800.000,375.000,-1,375.000,-1,300.000,300.000,325.000,300.000,-1,600.000,675.000,-1,675.000,625.000,-1,-1,1,0,2,0,2,0,0,1,0,2,0,0,2,0,0,2,2
97,9303.455,-10303.852,-153.186,-22.555,0.922961,0.383183,-0.036254,-0.384351,0.922563,-0.033926,0.020446,0.045247,0.998767,0,0.80709,0.09116,48.425,0.182,875.000,375.000,-1,350.000,-1,300.000,300.000,300.000,300.000,-1,575.000,675.000,-1,675.000,625.000,-1,975.000,1,0,2,0,2,0,0,1,0,2,0,0,2,0,0,2,1
98,9347.895,-10322.082,-151.834,-22.304,0.924556,0.379152,-0.037946,-0.380355,0.924287,-0.031995,0.022942,0.044014,0.998767,0,0.80056,0.12573,48.034,0.251,975.000,375.000,-1,350.000,-1,300.000,300.000,275.000,300.000,-1,550.000,625.000,-1,675.000,625.000,-1,925.000,1,0,2,0,2,0,0,1,0,2,0,0,2,0,0,2,1
99,9392.027,-10339.925,-150.430,-22.013,0.926391,0.374471,-0.039643,-0.375701,0.926254,-0.030033,0.025473,0.042717,0.998762,0,0.79338,0.14558,47.603,0.291,-1,375.000,-1,375.000,-1,300.000,300.000,275.000,300.000,-1,525.000,600.000,-1,675.000,625.000,-1,875.000,2,0,2,0,2,0,0,1,0,2,0,0,2,0,0,2,1
100,9435.822,-10357.338,-148.982,-21.682,0.928453,0.369143,-0.041334,-0.370392,0.928451,-0.028078,0.028012,0.041378,0.998751,0,0.78549,0.16526,47.130,0.331,-1,375.000,-1,375.000,1000.000,300.000,300.000,250.000,300.000,-1,500.000,575.000,-1,700.000,625.000,-1,850.000,2,0,2,0,1,0,0,1,0,2,0,0,2,0,1,2,1
101,9479.249,-10374.291,-147.495,-21.324,0.930658,0.363354,-0.043017,-0.364614,0.930792,-0.026134,0.030544,0.040006,0.998732,0,0.77697,0.17902,46.618,0.358,-1,375.000,-1,375.000,950.000,300.000,300.000,250.000,325.000,-1,475.000,550.000,-1,700.000,625.000,-1,800.000,2,0,2,0,1,0,0,1,0,2,0,0,2,0,1,2,1
102,9522.093,-10390.914,-145.980,-21.206,0.931318,0.361453,-0.044697,-0.362719,0.931584,-0.024226,0.032882,0.038774,0.998707,0,0.76593,0.05902,45.956,0.118,-1,375.000,-1,375.000,900.000,300.000,300.000,250.000,325.000,-1,450.000,525.000,-1,700.000,600.000,-1,775.000,2,0,2,0,1,0,0,1,0,2,0,0,2,0,1,2,1
103,9564.277,-10407.386,-144.449,-21.328,0.930459,0.363450,-0.046370,-0.364716,0.930851,-0.022341,0.035044,0.037699,0.998674,0,0.75476,-0.06098,45.286,-0.122,-1,375.000,-1,375.000,850.000,300.000,300.000,225.000,325.000,-1,425.000,525.000,-1,700.000,600.000,-1,725.000,2,0,2,0,1,0,0,1,0,2,0,0,2,0,1,2,1
104,9605.620,-10423.830,-142.913,-21.690,0.928054,0.369336,-0.048028,-0.370599,0.928567,-0.020472,0.037036,0.036798,0.998636,0,0.74155,-0.18098,44.493,-0.362,-1,375.000,-1,375.000,800.000,300.000,300.000,225.000,325.000,-1,425.000,500.000,-1,700.000,575.000,-1,700.000,2,0,2,0,1,0,0,1,0,2,0,0,2,0,1,2,1
105,9645.946,-10440.363,-141.386,-22.292,0.924030,0.379081,-0.049664,-0.380339,0.924660,-0.018612,0.038867,0.036087,0.998593,0,0.72639,-0.30098,43.583,-0.602,-1,375.000,-1,375.000,775.000,300.000,300.000,225.000,325.000,-1,400.000,475.000,-1,700.000,575.000,-1,675.000,2,0,2,1,1,0,0,1,0,2,0,0,2,0,1,2,1
106,9685.158,-10456.920,-139.872,-22.891,0.919923,0.388732,-0.051271,-0.389982,0.920670,-0.016759,0.040689,0.035412,0.998544,0,0.70940,-0.29938,42.564,-0.599,-1,375.000,-1,375.000,725.000,300.000,300.000,225.000,325.000,-1,375.000,450.000,-1,700.000,550.000,-1,625.000,2,0,2,1,1,0,0,1,0,2,0,0,2,0,1,2,1
107,9723.254,-10473.473,-138.024,-23.486,0.915769,0.398270,-0.052418,-0.399558,0.916559,-0.016501,0.041472,0.036055,0.998489,0,0.69227,-0.29773,41.536,-0.595,-1,375.000,-1,350.000,675.000,300.000,300.000,225.000,325.000,-1,400.000,450.000,-1,700.000,525.000,-1,600.000,2,0,2,1,1,0,0,1,0,2,0,0,2,0,1,2,1
108,9760.242,-10490.002,-136.086,-24.080,0.911527,0.407739,-0.053539,-0.409071,0.912356,-0.016371,0.042172,0.036824,0.998432,0,0.67522,-0.29700,40.513,-0.594,-1,375.000,-1,350.000,650.000,300.000,300.000,250.000,325.000,-1,425.000,475.000,-1,700.000,500.000,-1,575.000,2,0,2,1,1,0,0,1,0,2,0,0,2,0,1,2,1
109,9796.141,-10506.495,-134.248,-24.675,0.907149,0.417172,-0.055206,-0.418545,0.908061,-0.015663,0.043596,0.037315,0.998352,0,0.65844,-0.29712,39.506,-0.594,-1,375.000,-1,350.000,600.000,300.000,300.000,250.000,300.000,-1,425.000,450.000,-1,700.000,500.000,-1,525.000,2,0,2,1,1,0,1,1,0,2,0,0,2,0,1,2,1
110,9830.980,-10522.941,-132.582,-25.271,0.902642,0.426598,-0.057027,-0.427984,0.903674,-0.014213,0.045471,0.037236,0.998271,0,0.64209,-0.29805,38.525,-0.596,-1,375.000,-1,325.000,575.000,300.000,300.000,250.000,300.000,-1,400.000,450.000,-1,700.000,475.000,-1,500.000,2,0,2,1,1,0,1,1,0,2,0,0,2,0,1,2,1
111,9864.793,-10539.338,-131.082,-25.870,0.897993,0.436039,-0.058972,-0.437408,0.899183,-0.012044,0.047775,0.036610,0.998187,0,0.62631,-0.29973,37.578,-0.599,-1,375.000,-1,325.000,550.000,300.000,300.000,250.000,300.000,-1,375.000,400.000,-1,700.000,450.000,-1,475.000,2,0,2,1,1,0,1,1,0,2,0,0,2,0,1,2,1
112,9897.620,-10555.687,-129.608,-26.474,0.893207,0.445506,-0.060867,-0.446850,0.894555,-0.009853,0.050059,0.035999,0.998097,0,0.61120,-0.30208,36.672,-0.604,-1,375.000,-1,325.000,525.000,300.000,300.000,275.000,300.000,-1,350.000,375.000,-1,725.000,450.000,-1,450.000,2,0,2,1,1,0,1,1,0,2,0,0,2,0,1,2,1
113,9929.505,-10571.992,-127.783,-27.084,0.888330,0.455006,-0.061964,-0.456349,0.889758,-0.008766,0.051145,0.036065,0.998040,0,0.59687,-0.30507,35.812,-0.610,-1,375.000,-1,300.000,475.000,300.000,275.000,275.000,300.000,-1,375.000,375.000,-1,725.000,425.000,-1,425.000,2,0,2,1,1,0,1,1,0,2,0,0,2,0,1,2,1
114,9960.494,-10588.263,-125.936,-27.702,0.883305,0.464566,-0.062852,-0.465897,0.884806,-0.007615,0.052075,0.036009,0.997994,0,0.58335,-0.30863,35.001,-0.617,-1,375.000,-1,300.000,450.000,300.000,275.000,300.000,300.000,-1,375.000,400.000,-1,725.000,400.000,-1,400.000,2,0,2,1,1,0,1,1,0,2,0,0,2,0,1,2,1
115,9990.636,-10604.510,-124.111,-28.327,0.878110,0.474196,-0.063726,-0.475516,0.879683,-0.006489,0.052982,0.036001,0.997946,0,0.57069,-0.31271,34.242,-0.625,-1,375.000,-1,275.000,425.000,300.000,275.000,300.000,300.000,-1,400.000,400.000,-1,725.000,375.000,-1,375.000,2,0,2,1,1,0,1,1,0,2,0,0,2,0,1,2,1
116,10019.977,-10620.750,-121.743,-28.962,0.872679,0.483944,-0.065037,-0.485125,0.874440,-0.002737,0.055547,0.033939,0.997879,0,0.55892,-0.31728,33.535,-0.635,-1,375.000,-1,275.000,400.000,300.000,250.000,300.000,325.000,625.000,375.000,400.000,-1,725.000,375.000,-1,350.000,2,0,2,1,1,1,1,1,0,1,0,0,2,1,1,2,1
117,10048.566,-10636.997,-119.094,-29.606,0.867029,0.493801,-0.066498,-0.494756,0.869029,0.002409,0.058978,0.030812,0.997784,0,0.54804,-0.32229,32.882,-0.645,-1,400.000,-1,275.000,375.000,300.000,250.000,325.000,325.000,525.000,375.000,400.000,-1,700.000,350.000,-1,325.000,2,0,2,1,1,1,1,1,0,1,0,0,2,1,1,2,1
118,10076.449,-10653.267,-116.346,-30.262,0.861168,0.503761,-0.067934,-0.504435,0.863412,0.008097,0.062734,0.027295,0.997657,0,0.53804,-0.32770,32.282,-0.655,-1,400.000,-1,275.000,375.000,300.000,250.000,325.000,325.000,475.000,325.000,375.000,-1,700.000,350.000,-1,325.000,2,0,2,1,1,1,1,0,0,1,0,0,2,1,1,2,1
119,10108.182,-10672.455,-113.035,-31.157,0.853008,0.517249,-0.069502,-0.517530,0.855528,0.015309,0.067379,0.022911,0.997464,0,0.61804,-0.44770,37.082,-0.895,-1,375.000,-1,250.000,350.000,275.000,225.000,300.000,350.000,450.000,275.000,375.000,-1,675.000,350.000,-1,300.000,2,1,2,1,1,1,1,0,0,1,0,0,2,1,1,2,1
120,10143.598,-10694.815,-109.087,-32.263,0.842660,0.533730,-0.071113,-0.533456,0.845476,0.024384,0.073139,0.017388,0.997170,0,0.69804,-0.55316,41.882,-1.106,-1,350.000,-1,250.000,350.000,275.000,225.000,300.000,350.000,425.000,225.000,325.000,-1,650.000,325.000,-1,300.000,2,1,2,1,1,1,1,0,0,1,0,0,2,1,1,2,1
121,10179.848,-10718.703,-104.732,-33.381,0.831886,0.550178,-0.072598,-0.549173,0.834978,0.034954,0.079849,0.010791,0.996749,0,0.72353,-0.55907,43.412,-1.118,-1,325.000,-1,225.000,325.000,250.000,225.000,300.000,375.000,400.000,200.000,300.000,-1,625.000,300.000,-1,275.000,2,1,2,1,1,1,1,0,0,1,0,0,2,1,1,2,1
122,10215.646,-10743.321,-100.113,-34.513,0.820690,0.566587,-0.073802,-0.564672,0.823995,0.046672,0.087256,0.003371,0.996180,0,0.72407,-0.56569,43.444,-1.131,-1,300.000,-1,225.000,325.000,250.000,200.000,300.000,400.000,400.000,150.000,250.000,-1,625.000,300.000,-1,275.000,2,1,2,1,1,1,1,0,0,1,0,0,2,1,1,2,1
123,10253.201,-10770.493,-94.951,-35.884,0.806774,0.586141,-0.074527,-0.583063,0.810193,0.060209,0.095672,-0.005121,0.995400,0,0.77254,-0.68569,46.353,-1.371,-1,275.000,-1,225.000,300.000,225.000,200.000,275.000,425.000,400.000,125.000,225.000,-1,625.000,275.000,-1,250.000,2,1,2,1,1,1,1,0,0,1,0,0,2,1,1,2,1
124,10290.103,-10798.793,-89.503,-37.483,0.790081,0.608468,-0.074419,-0.604070,0.793459,0.074312,0.104265,-0.013758,0.994454,0,0.77503,-0.79939,46.502,-1.599,-1,250.000,-1,200.000,300.000,200.000,175.000,275.000,475.000,400.000,100.000,225.000,-1,650.000,275.000,-1,250.000,2,1,2,1,1,1,1,0,0,1,0,0,2,1,1,2,1
125,10326.353,-10828.250,-83.685,-39.096,0.772696,0.630457,-0.073930,-0.624515,0.775888,0.089326,0.113678,-0.022851,0.993255,0,0.77845,-0.80651,46.707,-1.613,-1,225.000,-1,200.000,300.000,200.000,175.000,275.000,500.000,400.000,75.000,200.000,-1,-1,250.000,-1,225.000,2,1,2,1,1,1,1,0,0,1,0,0,2,2,1,2,1
126,-4300.808,58.696,110.663,-135.652,-0.716999,0.696316,0.032499,-0.695914,-0.712339,-0.090974,-0.040196,-0.087845,0.995323,1,0.00000,0.00000,46.986,-1.628,-1,-1,-1,275.000,-1,700.000,225.000,225.000,350.000,-1,-1,-1,-1,-1,450.000,-1,625.000,2,2,2,1,2,1,1,1,0,2,2,2,2,2,0,2,0
127,-4304.224,55.324,110.025,-135.412,-0.714242,0.699094,0.033545,-0.698616,-0.709214,-0.094605,-0.042347,-0.091006,0.994950,0,0.08000,0.12000,4.800,0.240,-1,-1,-1,275.000,-1,700.000,225.000,225.000,350.000,-1,-1,-1,-1,-1,450.000,-1,600.000,2,2,2,1,2,1,1,1,0,2,2,2,2,2,0,2,0
128,-4310.997,48.521,108.741,-134.932,-0.708719,0.704585,0.035752,-0.703947,-0.702907,-0.101886,-0.046656,-0.097376,0.994153,0,0.16000,0.24000,9.600,0.480,-1,-1,-1,275.000,-1,700.000,225.000,200.000,375.000,-1,-1,-1,-1,-1,425.000,-1,550.000,2,2,2,1,2,1,1,1,0,2,2,2,2,2,0,2,0
129,-4321.027,38.189,106.810,-134.212,-0.700417,0.712648,0.039357,-0.711752,-0.693303,-0.112873,-0.053152,-0.107071,0.992830,0,0.24000,0.36000,14.400,0.720,-1,-1,-1,250.000,-1,700.000,225.000,200.000,375.000,-1,-1,-1,-1,-1,400.000,-1,500.000,2,2,2,1,2,1,1,1,0,2,2,2,2,2,0,2,0
130,-4334.166,24.188,104.215,-133.252,-0.689327,0.723070,0.044710,-0.721808,-0.680237,-0.127555,-0.061818,-0.120199,0.990823,0,0.32000,0.48000,19.200,0.960,-1,-1,-1,250.000,925.000,725.000,200.000,175.000,400.000,-1,-1,-1,-1,-1,375.000,-1,425.000,2,2,2,1,0,1,1,1,0,2,2,2,2,2,1,2,0
131,-4350.216,6.345,100.929,-132.052,-0.675449,0.735551,0.052275,-0.733824,-0.663496,-0.145860,-0.072604,-0.136882,0.987923,0,0.40000,0.60000,24.000,1.200,-1,-1,-1,225.000,775.000,725.000,175.000,150.000,425.000,-1,-1,-1,-1,-1,650.000,-1,350.000,2,2,2,1,0,1,1,1,0,2,2,2,2,2,1,2,0
132,-4368.927,-15.548,96.926,-130.612,-0.658819,0.749690,0.062634,-0.747434,-0.642828,-0.167675,-0.085441,-0.157282,0.983851,0,0.48000,0.72000,28.800,1.440,-1,-1,-1,200.000,650.000,725.000,175.000,125.000,450.000,-1,-1,-1,-1,-1,675.000,-1,275.000,2,2,2,1,0,1,1,1,0,2,2,2,2,2,1,2,0
133,-4389.989,-41.724,92.174,-128.932,-0.639517,0.764964,0.076476,-0.762217,-0.617947,-0.192786,-0.100216,-0.181581,0.978256,0,0.56000,0.84000,33.600,1.680,-1,-1,-1,250.000,525.000,750.000,375.000,100.000,525.000,375.000,-1,-1,-1,-1,700.000,-1,225.000,2,2,2,1,0,1,1,1,0,1,2,2,2,2,1,2,1
134,-4413.033,-72.437,86.636,-127.012,-0.617691,0.780714,0.094576,-0.777708,-0.588560,-0.220834,-0.116745,-0.209960,0.970715,0,0.64000,0.96000,38.400,1.920,-1,-1,-1,400.000,375.000,750.000,500.000,75.000,600.000,225.000,-1,-1,-1,-1,725.000,-1,175.000,2,2,2,1,0,1,1,1,0,1,2,2,2,2,1,2,1
135,9511.090,-9511.063,-86.265,-110.102,-0.325296,0.929576,-0.173410,-0.938180,-0.340214,-0.063826,-0.118327,0.141927,0.982779,1,0.00000,0.00000,38.218,2.000,-1,425.000,-1,300.000,250.000,325.000,275.000,275.000,225.000,-1,-1,-1,-1,750.000,475.000,-1,325.000,2,0,2,0,0,0,0,1,0,2,2,2,2,0,0,2,0
