timestep,x_cm,y_cm,z_cm,yaw_deg,basis_xx,basis_xy,basis_xz,basis_yx,basis_yy,basis_yz,basis_zx,basis_zy,basis_zz,teleport_flag,throttle_cmd,steering_cmd,cmd_move_cm,cmd_turn_deg,lidar_cm_0,lidar_cm_1,lidar_cm_2,lidar_cm_3,lidar_cm_4,lidar_cm_5,lidar_cm_6,lidar_cm_7,lidar_cm_8,lidar_cm_9,lidar_cm_10,lidar_cm_11,lidar_cm_12,lidar_cm_13,lidar_cm_14,lidar_cm_15,lidar_cm_16,lidar_class_0,lidar_class_1,lidar_class_2,lidar_class_3,lidar_class_4,lidar_class_5,lidar_class_6,lidar_class_7,lidar_class_8,lidar_class_9,lidar_class_10,lidar_class_11,lidar_class_12,lidar_class_13,lidar_class_14,lidar_class_15,lidar_class_16
0,-6889.654,2291.583,-150.246,-119.512,-0.492163,0.870255,0.020799,-0.869448,-0.492602,0.037461,0.042847,0.000353,0.999082,1,0.08000,-0.12000,4.800,-0.240,-1,400.000,-1,375.000,-1,325.000,325.000,300.000,300.000,-1,-1,-1,-1,725.000,725.000,-1,-1,2,0,2,0,2,0,0,0,0,2,2,2,2,0,0,2,2
1,-6894.453,2283.269,-149.844,-119.992,-0.499436,0.866097,0.020974,-0.865291,-0.499875,0.037371,0.042852,0.000516,0.999081,0,0.16000,-0.24000,9.600,-0.480,-1,400.000,-1,375.000,-1,325.000,325.000,300.000,300.000,-1,-1,-1,-1,725.000,725.000,-1,-1,2,0,2,0,2,0,0,0,0,2,2,2,2,0,0,2,2
2,-6901.775,2270.869,-149.238,-120.562,-0.508034,0.861075,0.021235,-0.860270,-0.508477,0.037229,0.042854,0.000646,0.999081,0,0.24000,-0.28535,14.400,-0.571,-1,400.000,-1,375.000,-1,325.000,325.000,300.000,300.000,-1,-1,-1,-1,725.000,725.000,-1,-1,2,0,2,0,2,0,0,0,0,2,2,2,2,0,0,2,2
3,-6911.702,2254.435,-148.425,-121.133,-0.516579,0.855968,0.021581,-0.855167,-0.517029,0.037028,0.042853,0.000673,0.999081,0,0.32000,-0.28535,19.200,-0.571,-1,400.000,-1,375.000,-1,325.000,325.000,300.000,300.000,-1,-1,-1,-1,725.000,725.000,-1,-1,2,0,2,0,2,0,0,0,0,2,2,2,2,0,0,2,2
4,-6924.314,2234.016,-147.406,-121.704,-0.525068,0.850775,0.022013,-0.849981,-0.525529,0.036766,0.042848,0.000594,0.999081,0,0.40000,-0.28535,24.000,-0.571,-1,400.000,-1,375.000,-1,325.000,325.000,300.000,300.000,-1,-1,-1,-1,725.000,725.000,-1,-1,2,0,2,0,2,0,0,0,0,2,2,2,2,0,0,2,2
5,-6939.693,2209.666,-146.181,-122.275,-0.533502,0.845499,0.022529,-0.844713,-0.533977,0.036437,0.042838,0.000408,0.999082,0,0.48000,-0.28535,28.800,-0.571,-1,400.000,-1,375.000,-1,325.000,325.000,300.000,300.000,-1,-1,-1,-1,725.000,725.000,-1,-1,2,0,2,0,2,0,0,0,0,2,2,2,2,0,0,2,2
6,-6957.917,2181.437,-144.659,-122.845,-0.541886,0.840138,0.022976,-0.839345,-0.542372,0.036496,0.043123,0.000492,0.999070,0,0.56000,-0.28535,33.600,-0.571,-1,375.000,-1,375.000,-1,325.000,325.000,300.000,300.000,-1,-1,-1,-1,725.000,725.000,-1,-1,2,0,2,0,2,0,0,0,0,2,2,2,2,0,0,2,2
7,-6979.064,2149.385,-142.907,-123.416,-0.550214,0.834694,0.023473,-0.833892,-0.550714,0.036597,0.043474,0.000563,0.999054,0,0.64000,-0.28535,38.400,-0.571,-1,375.000,-1,375.000,-1,325.000,325.000,300.000,300.000,-1,-1,-1,-1,725.000,725.000,-1,-1,2,0,2,0,2,0,0,0,0,2,2,2,2,0,0,2,2
8,-7003.213,2113.565,-140.937,-123.987,-0.558484,0.829167,0.024040,-0.828356,-0.559000,0.036684,0.043855,0.000573,0.999038,0,0.72000,-0.28535,43.200,-0.571,-1,375.000,-1,375.000,-1,325.000,325.000,300.000,300.000,-1,-1,-1,-1,725.000,750.000,-1,-1,2,0,2,0,2,0,0,0,0,2,2,2,2,0,0,2,2
9,-7030.440,2074.034,-138.751,-124.557,-0.566695,0.823558,0.024679,-0.822738,-0.567232,0.036751,0.044265,0.000522,0.999020,0,0.80000,-0.28535,48.000,-0.571,-1,375.000,-1,375.000,-1,325.000,325.000,300.000,300.000,-1,-1,-1,-1,725.000,750.000,-1,-1,2,0,2,0,2,0,0,0,0,2,2,2,2,0,0,2,2
10,-7060.822,2030.851,-136.253,-125.128,-0.574853,0.817867,0.025248,-0.817018,-0.575406,0.037276,0.045014,0.000800,0.998986,0,0.88000,-0.28535,52.800,-0.571,-1,375.000,-1,400.000,-1,325.000,325.000,300.000,300.000,-1,-1,-1,-1,725.000,750.000,-1,-1,2,0,2,0,2,0,0,0,0,2,2,2,2,0,0,2,2
11,-7091.899,1987.599,-133.697,-125.699,-0.582956,0.812095,0.025778,-0.811207,-0.583524,0.037977,0.045883,0.001227,0.998946,0,0.88764,-0.28535,53.259,-0.571,-1,375.000,-1,400.000,-1,325.000,325.000,300.000,300.000,-1,-1,-1,-1,725.000,750.000,-1,-1,2,0,2,0,2,0,0,0,0,2,2,2,2,0,0,2,2
12,-7123.406,1944.660,-131.148,-126.270,-0.591000,0.806242,0.026331,-0.805318,-0.591584,0.038632,0.046724,0.001626,0.998907,0,0.88764,-0.28535,53.259,-0.571,-1,375.000,-1,400.000,-1,325.000,325.000,300.000,300.000,-1,-1,-1,-1,725.000,750.000,-1,-1,2,0,2,0,2,0,0,0,0,2,2,2,2,0,0,2,2
13,-7155.340,1902.036,-128.611,-126.840,-0.598985,0.800309,0.026882,-0.799349,-0.599584,0.039240,0.047522,0.002016,0.998868,0,0.88764,-0.28535,53.259,-0.571,-1,375.000,-1,400.000,-1,325.000,325.000,300.000,300.000,-1,-1,-1,-1,725.000,750.000,-1,-1,2,0,2,0,2,0,0,0,0,2,2,2,2,0,0,2,2
14,-7187.696,1859.733,-126.137,-127.411,-0.606921,0.794296,0.027213,-0.793301,-0.607525,0.039821,0.048162,0.002580,0.998836,0,0.88764,-0.28535,53.259,-0.571,-1,375.000,-1,400.000,-1,325.000,325.000,300.000,300.000,-1,1000.000,-1,-1,725.000,775.000,-1,-1,2,0,2,0,2,0,0,0,0,2,0,2,2,0,0,2,2
15,-7220.471,1817.754,-123.674,-127.982,-0.614797,0.788204,0.027558,-0.787176,-0.615406,0.040374,0.048782,0.003128,0.998805,0,0.88764,-0.28535,53.259,-0.571,-1,375.000,-1,400.000,-1,325.000,325.000,300.000,300.000,-1,975.000,-1,-1,725.000,775.000,-1,-1,2,0,2,0,2,0,0,0,0,2,0,2,2,0,0,2,2
16,-7253.664,1776.104,-121.221,-128.552,-0.622610,0.782034,0.027919,-0.780973,-0.623225,0.040892,0.049378,0.003656,0.998773,0,0.88764,-0.28535,53.259,-0.571,-1,375.000,-1,400.000,-1,325.000,325.000,300.000,300.000,-1,950.000,-1,-1,750.000,775.000,-1,-1,2,0,2,0,2,0,0,0,0,2,0,2,2,0,0,2,2
17,-7287.269,1734.786,-118.771,-129.123,-0.630360,0.775786,0.028326,-0.774693,-0.630983,0.041374,0.049971,0.004137,0.998742,0,0.88764,-0.28535,53.259,-0.571,-1,375.000,-1,400.000,-1,325.000,325.000,300.000,300.000,-1,925.000,-1,-1,750.000,775.000,-1,-1,2,0,2,0,2,0,0,0,0,2,0,2,2,0,0,2,2
18,-7318.063,1697.369,-116.376,-129.454,-0.634818,0.772130,0.028651,-0.771012,-0.635449,0.041782,0.050467,0.004433,0.998716,0,0.80764,-0.16535,48.459,-0.331,-1,375.000,-1,400.000,-1,325.000,325.000,300.000,300.000,-1,925.000,-1,-1,750.000,775.000,-1,-1,2,0,2,0,2,0,0,0,0,2,0,2,2,0,0,2,2
19,-7347.296,1661.962,-114.060,-129.544,-0.636040,0.771122,0.028697,-0.769984,-0.636670,0.042150,0.050773,0.004713,0.998699,0,0.76525,-0.04535,45.915,-0.091,-1,400.000,-1,400.000,-1,325.000,325.000,300.000,300.000,-1,950.000,-1,-1,750.000,775.000,-1,-1,2,0,2,0,2,0,0,0,0,2,0,2,2,0,0,2,2
20,-7376.437,1626.480,-111.746,-129.395,-0.634025,0.772778,0.028737,-0.771623,-0.634658,0.042505,0.051085,0.004775,0.998683,0,0.76525,0.07465,45.915,0.149,-1,400.000,-1,400.000,-1,325.000,325.000,300.000,300.000,-1,975.000,-1,-1,750.000,800.000,-1,-1,2,0,2,0,2,0,0,0,0,2,0,2,2,0,0,2,2
21,-7405.336,1590.800,-109.434,-129.006,-0.628752,0.777073,0.028768,-0.775905,-0.629393,0.042850,0.051404,0.004621,0.998667,0,0.76525,0.19465,45.915,0.389,-1,400.000,-1,400.000,-1,325.000,325.000,300.000,300.000,-1,1000.000,-1,-1,750.000,800.000,-1,-1,2,0,2,0,2,0,0,0,0,2,0,2,2,0,0,2,2
22,-7433.841,1554.804,-107.117,-128.377,-0.620170,0.783940,0.028758,-0.782761,-0.620822,0.043191,0.051713,0.004275,0.998653,0,0.76525,0.31465,45.915,0.629,-1,400.000,-1,400.000,-1,325.000,325.000,300.000,300.000,-1,-1,-1,-1,750.000,800.000,-1,-1,2,0,2,0,2,0,0,0,0,2,2,2,2,0,0,2,2
23,-7461.867,1518.435,-104.710,-127.618,-0.609744,0.792094,0.028256,-0.790909,-0.610384,0.043524,0.051722,0.004190,0.998653,0,0.76525,0.37945,45.915,0.759,-1,400.000,-1,400.000,-1,325.000,325.000,300.000,300.000,-1,-1,-1,-1,750.000,800.000,-1,-1,2,0,2,0,2,0,0,0,0,2,2,2,2,0,0,2,2
24,-7489.409,1481.697,-102.311,-126.859,-0.599211,0.800110,0.027749,-0.798918,-0.599839,0.043843,0.051724,0.004102,0.998653,0,0.76525,0.37945,45.915,0.759,-1,400.000,-1,400.000,-1,325.000,325.000,300.000,300.000,-1,-1,-1,-1,750.000,800.000,-1,-1,2,0,2,0,2,0,0,0,0,2,2,2,2,0,0,2,2
25,-7516.462,1444.598,-99.920,-126.100,-0.588573,0.807985,0.027238,-0.806788,-0.589190,0.044150,0.051721,0.004010,0.998654,0,0.76525,0.37945,45.915,0.759,-1,400.000,-1,400.000,-1,325.000,325.000,300.000,300.000,-1,-1,-1,-1,750.000,800.000,-1,-1,2,0,2,0,2,0,0,0,0,2,2,2,2,0,0,2,2
26,-7543.022,1407.144,-97.561,-125.341,-0.577834,0.815718,0.026692,-0.814510,-0.578436,0.044552,0.051782,0.004003,0.998650,0,0.76525,0.37945,45.915,0.759,-1,400.000,-1,400.000,-1,325.000,325.000,300.000,300.000,-1,-1,-1,-1,750.000,800.000,-1,-1,2,0,2,0,2,0,0,0,0,2,2,2,2,0,0,2,2
27,-7569.083,1369.341,-95.223,-124.582,-0.566997,0.823307,0.026079,-0.822079,-0.567581,0.045143,0.051968,0.004157,0.998640,0,0.76525,0.37945,45.915,0.759,-1,400.000,-1,400.000,-1,325.000,325.000,300.000,300.000,-1,-1,-1,-1,750.000,800.000,-1,-1,2,0,2,0,2,0,0,0,0,2,2,2,2,0,0,2,2
28,-7594.640,1331.196,-92.900,-123.823,-0.556059,0.830752,0.025469,-0.829507,-0.556626,0.045672,0.052119,0.004269,0.998632,0,0.76525,0.37945,45.915,0.759,-1,400.000,-1,400.000,-1,325.000,325.000,300.000,300.000,-1,-1,-1,-1,775.000,800.000,-1,-1,2,0,2,0,2,0,0,0,0,2,2,2,2,0,0,2,2
29,-7619.691,1292.717,-90.597,-123.064,-0.545024,0.838052,0.024872,-0.836793,-0.545574,0.046124,0.052223,0.004326,0.998626,0,0.76525,0.37945,45.915,0.759,-1,400.000,-1,400.000,-1,325.000,325.000,300.000,300.000,-1,-1,-1,-1,775.000,800.000,-1,-1,2,0,2,0,2,0,0,0,0,2,2,2,2,0,0,2,2
30,-7644.229,1253.908,-88.300,-122.305,-0.533892,0.845204,0.024266,-0.843932,-0.534426,0.046563,0.052324,0.004380,0.998621,0,0.76525,0.37945,45.915,0.759,-1,400.000,-1,400.000,-1,325.000,325.000,300.000,300.000,-1,-1,-1,-1,775.000,800.000,-1,-1,2,0,2,0,2,0,0,0,0,2,2,2,2,0,0,2,2
31,-7668.252,1214.779,-85.946,-121.546,-0.522662,0.852209,0.023758,-0.850939,-0.523184,0.046703,0.052231,0.004193,0.998626,0,0.76525,0.37945,45.915,0.759,-1,400.000,-1,400.000,-1,325.000,325.000,300.000,300.000,-1,-1,-1,-1,775.000,800.000,-1,-1,2,0,2,0,2,0,0,0,0,2,2,2,2,0,0,2,2
32,-7691.754,1175.334,-83.557,-120.788,-0.511335,0.859065,0.023318,-0.857806,-0.511852,0.046654,0.052015,0.003853,0.998639,0,0.76525,0.37945,45.915,0.759,-1,400.000,-1,400.000,-1,325.000,325.000,300.000,300.000,-1,-1,-1,-1,775.000,800.000,-1,-1,2,0,2,0,2,0,0,0,0,2,2,2,2,0,0,2,2
33,-7714.731,1135.582,-81.175,-120.029,-0.499917,0.865770,0.022897,-0.864522,-0.500429,0.046605,0.051808,0.003504,0.998651,0,0.76525,0.37945,45.915,0.759,-1,400.000,-1,400.000,-1,325.000,325.000,300.000,300.000,-1,-1,-1,-1,775.000,800.000,-1,-1,2,0,2,0,2,0,0,0,0,2,2,2,2,0,0,2,2
34,-7737.180,1095.529,-78.785,-119.270,-0.488408,0.872324,0.022554,-0.871086,-0.488919,0.046567,0.051649,0.003098,0.998661,0,0.76525,0.37945,45.915,0.759,-1,400.000,-1,400.000,-1,325.000,325.000,300.000,300.000,-1,-1,-1,-1,775.000,800.000,-1,-1,2,0,2,0,2,0,0,0,0,2,2,2,2,0,0,2,2
35,-7760.275,1052.897,-76.271,-118.445,-0.475810,0.879268,0.022195,-0.878040,-0.476320,0.046528,0.051483,0.002651,0.998670,0,0.80809,0.41214,48.485,0.824,-1,400.000,-1,400.000,-1,325.000,325.000,300.000,300.000,-1,-1,-1,-1,775.000,800.000,-1,-1,2,0,2,0,2,0,0,0,0,2,2,2,2,0,0,2,2
36,-7782.753,1009.938,-73.767,-117.621,-0.463112,0.886031,0.021840,-0.884813,-0.463622,0.046490,0.051317,0.002206,0.998680,0,0.80809,0.41214,48.485,0.824,-1,400.000,-1,400.000,-1,325.000,325.000,300.000,300.000,-1,-1,-1,-1,775.000,800.000,-1,-1,2,0,2,0,2,0,0,0,0,2,2,2,2,0,0,2,2
37,-7804.612,966.659,-71.273,-116.797,-0.450319,0.892609,0.021489,-0.891401,-0.450828,0.046454,0.051153,0.001764,0.998689,0,0.80809,0.41214,48.485,0.824,-1,400.000,-1,400.000,-1,325.000,325.000,300.000,300.000,-1,-1,-1,-1,775.000,800.000,-1,-1,2,0,2,0,2,0,0,0,0,2,2,2,2,0,0,2,2
38,-7825.846,923.071,-68.790,-115.973,-0.437432,0.899003,0.021141,-0.897805,-0.437940,0.046419,0.050989,0.001324,0.998698,0,0.80809,0.41214,48.485,0.824,-1,400.000,-1,400.000,-1,325.000,325.000,300.000,300.000,-1,-1,-1,-1,800.000,800.000,-1,-1,2,0,2,0,2,0,0,0,0,2,2,2,2,0,0,2,2
39,-7846.450,879.182,-66.337,-115.148,-0.424459,0.905211,0.020705,-0.904023,-0.424962,0.046364,0.050768,0.000962,0.998710,0,0.80809,0.41214,48.485,0.824,-1,400.000,-1,400.000,-1,325.000,325.000,300.000,300.000,-1,-1,-1,-1,800.000,800.000,-1,-1,2,0,2,0,2,0,0,0,0,2,2,2,2,0,0,2,2
40,-7866.421,835.000,-63.920,-114.324,-0.411403,0.911231,0.020160,-0.910055,-0.411896,0.046280,0.050475,0.000693,0.998725,0,0.80809,0.41214,48.485,0.824,-1,400.000,-1,400.000,-1,325.000,325.000,300.000,300.000,-1,-1,-1,-1,800.000,800.000,-1,-1,2,0,2,0,2,0,0,0,0,2,2,2,2,0,0,2,2
41,-7885.754,790.537,-61.504,-113.500,-0.398261,0.917062,0.019633,-0.915898,-0.398745,0.046196,0.050193,0.000417,0.998739,0,0.80809,0.41214,48.485,0.824,-1,400.000,-1,400.000,-1,325.000,325.000,300.000,300.000,-1,-1,-1,-1,800.000,800.000,-1,-1,2,0,2,0,2,0,0,0,0,2,2,2,2,0,0,2,2
42,-7904.446,745.799,-59.078,-112.675,-0.385039,0.922703,0.019069,-0.921551,-0.385511,0.046097,0.049885,0.000176,0.998755,0,0.80809,0.41214,48.485,0.824,-1,400.000,-1,400.000,-1,325.000,325.000,300.000,300.000,-1,-1,-1,-1,800.000,800.000,-1,-1,2,0,2,0,2,0,0,0,0,2,2,2,2,0,0,2,2
43,-7922.492,700.797,-56.736,-111.851,-0.371724,0.928154,0.018765,-0.927027,-0.372197,0.045713,0.049413,-0.000403,0.998778,0,0.80809,0.41214,48.485,0.824,-1,400.000,-1,400.000,-1,325.000,325.000,300.000,300.000,-1,-1,-1,-1,800.000,800.000,-1,-1,2,0,2,0,2,0,0,0,0,2,2,2,2,0,0,2,2
44,-7940.394,654.801,-54.404,-111.267,-0.362235,0.931901,0.018622,-0.930804,-0.362712,0.045196,0.048873,-0.000962,0.998805,0,0.82263,0.29214,49.358,0.584,-1,400.000,-1,400.000,-1,325.000,325.000,300.000,300.000,-1,-1,-1,-1,800.000,800.000,-1,-1,2,0,2,0,2,0,0,0,0,2,2,2,2,0,0,2,2
45,-7958.020,608.698,-52.080,-110.923,-0.356629,0.934063,0.018494,-0.932994,-0.357106,0.044685,0.048343,-0.001319,0.998830,0,0.82263,0.17214,49.358,0.344,-1,400.000,-1,400.000,-1,325.000,325.000,300.000,300.000,-1,-1,-1,-1,800.000,775.000,-1,-1,2,0,2,0,2,0,0,0,0,2,2,2,2,0,0,2,2
46,-7975.562,562.563,-49.748,-110.818,-0.354932,0.934711,0.018411,-0.933671,-0.355405,0.044115,0.047778,-0.001532,0.998857,0,0.82263,0.05214,49.358,0.104,-1,400.000,-1,400.000,-1,325.000,325.000,300.000,300.000,-1,-1,-1,-1,800.000,775.000,-1,-1,2,0,2,0,2,0,0,0,0,2,2,2,2,0,0,2,2
47,-7993.213,516.470,-47.471,-110.954,-0.357163,0.933867,0.018103,-0.932856,-0.357619,0.043455,0.047055,-0.001367,0.998891,0,0.82263,-0.06786,49.358,-0.136,-1,400.000,-1,400.000,-1,325.000,325.000,300.000,300.000,-1,-1,-1,-1,800.000,775.000,-1,-1,2,0,2,0,2,0,0,0,0,2,2,2,2,0,0,2,2
48,-8011.166,470.493,-45.230,-111.330,-0.363307,0.931502,0.017660,-0.930521,-0.363735,0.042760,0.046254,-0.000899,0.998929,0,0.82263,-0.18786,49.358,-0.376,-1,400.000,-1,400.000,-1,325.000,325.000,300.000,300.000,-1,-1,-1,-1,800.000,775.000,-1,-1,2,0,2,0,2,0,0,0,0,2,2,2,2,0,0,2,2
49,-8029.612,424.712,-42.989,-111.945,-0.373327,0.927540,0.017232,-0.926585,-0.373724,0.042082,0.045473,-0.000257,0.998966,0,0.82263,-0.30786,49.358,-0.616,-1,400.000,-1,400.000,-1,325.000,325.000,300.000,300.000,-1,-1,-1,-1,800.000,775.000,-1,-1,2,0,2,0,2,0,0,0,0,2,2,2,2,0,0,2,2
50,-8048.740,379.212,-40.748,-112.801,-0.387170,0.921855,0.016813,-0.920924,-0.387535,0.041426,0.044705,0.000556,0.999000,0,0.82263,-0.42786,49.358,-0.856,-1,400.000,-1,400.000,-1,325.000,325.000,300.000,300.000,-1,-1,-1,-1,800.000,775.000,-1,-1,2,0,2,0,2,0,0,0,0,2,2,2,2,0,0,2,2
51,-8068.734,334.086,-38.508,-113.897,-0.404763,0.914275,0.016396,-0.913365,-0.405092,0.040795,0.043940,0.001536,0.999033,0,0.82263,-0.54786,49.358,-1.096,-1,400.000,-1,400.000,-1,325.000,325.000,300.000,300.000,-1,-1,-1,-1,800.000,750.000,-1,-1,2,0,2,0,2,0,0,0,0,2,2,2,2,0,0,2,2
52,-8089.775,289.438,-36.270,-115.233,-0.426002,0.904581,0.015979,-0.903692,-0.426293,0.040192,0.043169,0.002682,0.999064,0,0.82263,-0.66786,49.358,-1.336,-1,400.000,-1,400.000,-1,325.000,325.000,300.000,300.000,-1,-1,-1,-1,800.000,750.000,-1,-1,2,0,2,0,2,0,0,0,0,2,2,2,2,0,0,2,2
53,-8112.035,245.385,-34.035,-116.808,-0.450753,0.892513,0.015556,-0.891642,-0.451004,0.039620,0.042377,0.003989,0.999094,0,0.82263,-0.78786,49.358,-1.576,-1,400.000,-1,400.000,-1,325.000,325.000,300.000,300.000,-1,-1,-1,-1,800.000,750.000,-1,-1,2,0,2,0,2,0,0,0,0,2,2,2,2,0,0,2,2
54,-8135.680,202.060,-31.807,-118.624,-0.478846,0.877769,0.015124,-0.876915,-0.479054,0.039084,0.041552,0.005453,0.999121,0,0.82263,-0.90786,49.358,-1.816,-1,400.000,-1,400.000,-1,325.000,325.000,300.000,300.000,-1,-1,-1,-1,775.000,750.000,-1,-1,2,0,2,0,2,0,0,0,0,2,2,2,2,0,0,2,2
55,-8160.823,159.586,-29.684,-120.624,-0.509216,0.860508,0.015013,-0.859663,-0.509391,0.038738,0.040982,0.006820,0.999137,0,0.82263,-1.00000,49.358,-2.000,-1,400.000,-1,400.000,-1,325.000,325.000,300.000,300.000,-1,-1,-1,-1,775.000,750.000,-1,-1,2,0,2,0,2,0,0,0,0,2,2,2,2,0,0,2,2
56,-8187.433,118.016,-27.637,-122.624,-0.538951,0.842200,0.015211,-0.841358,-0.539108,0.038457,0.040589,0.007928,0.999144,0,0.82263,-1.00000,49.358,-2.000,-1,400.000,-1,400.000,-1,325.000,325.000,300.000,300.000,-1,-1,-1,-1,775.000,725.000,-1,-1,2,0,2,0,2,0,0,0,0,2,2,2,2,0,0,2,2
57,-8212.596,81.244,-25.823,-124.384,-0.564573,0.825239,0.015435,-0.824407,-0.564716,0.038075,0.040137,0.008771,0.999156,0,0.74263,-0.88000,44.558,-1.760,-1,400.000,-1,375.000,-1,325.000,325.000,300.000,300.000,-1,-1,-1,-1,775.000,725.000,-1,-1,2,0,2,0,2,0,0,0,0,2,2,2,2,0,0,2,2
58,-8235.911,49.040,-24.251,-125.904,-0.586269,0.809965,0.015688,-0.809148,-0.586404,0.037537,0.039603,0.009313,0.999172,0,0.66263,-0.76000,39.758,-1.520,-1,400.000,-1,375.000,-1,325.000,325.000,300.000,300.000,-1,-1,-1,-1,750.000,725.000,-1,-1,2,0,2,0,2,0,0,0,0,2,2,2,2,0,0,2,2
59,-8257.038,21.190,-22.844,-127.184,-0.604220,0.796659,0.015865,-0.795851,-0.604348,0.037217,0.039237,0.009862,0.999181,0,0.58263,-0.64000,34.958,-1.280,-1,400.000,-1,375.000,-1,325.000,325.000,300.000,300.000,-1,-1,-1,-1,750.000,725.000,-1,-1,2,0,2,0,2,0,0,0,0,2,2,2,2,0,0,2,2
60,-8275.698,-2.502,-21.627,-128.224,-0.618584,0.785555,0.016011,-0.784752,-0.618706,0.036980,0.038956,0.010311,0.999188,0,0.50263,-0.52000,30.158,-1.040,-1,400.000,-1,375.000,-1,325.000,325.000,300.000,300.000,-1,-1,-1,-1,750.000,725.000,-1,-1,2,0,2,0,2,0,0,0,0,2,2,2,2,0,0,2,2
61,-8291.664,-22.202,-20.602,-129.024,-0.629494,0.776837,0.016134,-0.776038,-0.629611,0.036808,0.038751,0.010650,0.999192,0,0.42263,-0.40000,25.358,-0.800,-1,400.000,-1,375.000,-1,325.000,325.000,300.000,300.000,-1,-1,-1,-1,750.000,725.000,-1,-1,2,0,2,0,2,0,0,0,0,2,2,2,2,0,0,2,2
62,-8304.764,-38.045,-19.770,-129.584,-0.637058,0.770645,0.016238,-0.769848,-0.637172,0.036684,0.038617,0.010869,0.999195,0,0.34263,-0.28000,20.558,-0.560,-1,400.000,-1,375.000,-1,325.000,325.000,300.000,300.000,-1,-1,-1,-1,750.000,725.000,-1,-1,2,0,2,0,2,0,0,0,0,2,2,2,2,0,0,2,2
63,-8314.872,-50.133,-19.131,-129.904,-0.641352,0.767073,0.016324,-0.766278,-0.641466,0.036599,0.038545,0.010963,0.999197,0,0.26263,-0.16000,15.758,-0.320,-1,400.000,-1,375.000,-1,325.000,325.000,300.000,300.000,-1,-1,-1,-1,750.000,725.000,-1,-1,2,0,2,0,2,0,0,0,0,2,2,2,2,0,0,2,2
64,-8321.936,-58.510,-18.687,-130.142,-0.644526,0.764407,0.016385,-0.763613,-0.644640,0.036543,0.038496,0.011041,0.999198,0,0.18263,-0.11877,10.958,-0.238,-1,400.000,-1,375.000,-1,325.000,325.000,300.000,300.000,-1,-1,-1,-1,750.000,725.000,-1,-1,2,0,2,0,2,0,0,0,0,2,2,2,2,0,0,2,2
65,-8325.925,-63.200,-18.436,-130.379,-0.647691,0.761726,0.016412,-0.760933,-0.647803,0.036513,0.038445,0.011161,0.999198,0,0.10263,-0.11877,6.158,-0.238,-1,400.000,-1,375.000,-1,325.000,325.000,300.000,300.000,-1,-1,-1,-1,750.000,725.000,-1,-1,2,0,2,0,2,0,0,0,0,2,2,2,2,0,0,2,2
66,-8326.809,-64.231,-18.378,-130.617,-0.650846,0.759033,0.016407,-0.758239,-0.650954,0.036506,0.038390,0.011320,0.999199,0,0.02263,-0.11877,1.358,-0.238,-1,400.000,-1,375.000,-1,325.000,325.000,300.000,300.000,-1,-1,-1,-1,750.000,725.000,-1,-1,2,0,2,0,2,0,0,0,0,2,2,2,2,0,0,2,2
67,-8324.557,-61.627,-18.514,-130.854,-0.653991,0.756326,0.016369,-0.755531,-0.654094,0.036521,0.038328,0.011517,0.999199,0,-0.05737,-0.11877,-3.442,-0.238,-1,400.000,-1,375.000,-1,325.000,325.000,300.000,300.000,-1,-1,-1,-1,750.000,725.000,-1,-1,2,0,2,0,2,0,0,0,0,2,2,2,2,0,0,2,2
68,-8319.140,-55.415,-18.842,-131.092,-0.657125,0.753605,0.016300,-0.752810,-0.657222,0.036557,0.038262,0.011752,0.999199,0,-0.13737,-0.11877,-8.242,-0.238,-1,400.000,-1,375.000,-1,325.000,325.000,300.000,300.000,-1,-1,-1,-1,750.000,725.000,-1,-1,2,0,2,0,2,0,0,0,0,2,2,2,2,0,0,2,2
69,-8310.696,-45.814,-19.351,-131.329,-0.660250,0.750871,0.016204,-0.750075,-0.660339,0.036614,0.038193,0.012020,0.999198,0,-0.21309,-0.11877,-12.785,-0.238,-1,400.000,-1,375.000,-1,325.000,325.000,300.000,300.000,-1,-1,-1,-1,750.000,725.000,-1,-1,2,0,2,0,2,0,0,0,0,2,2,2,2,0,0,2,2
70,-8302.213,-36.249,-19.858,-131.567,-0.663362,0.748125,0.016113,-0.747326,-0.663444,0.036672,0.038125,0.012285,0.999197,0,-0.21309,-0.11877,-12.785,-0.238,-1,400.000,-1,375.000,-1,325.000,325.000,300.000,300.000,-1,-1,-1,-1,750.000,725.000,-1,-1,2,0,2,0,2,0,0,0,0,2,2,2,2,0,0,2,2
71,-8293.691,-26.718,-20.363,-131.804,-0.666464,0.745365,0.016026,-0.744565,-0.666538,0.036732,0.038060,0.012548,0.999197,0,-0.21309,-0.11877,-12.785,-0.238,-1,400.000,-1,375.000,-1,325.000,325.000,300.000,300.000,-1,-1,-1,-1,750.000,725.000,-1,-1,2,0,2,0,2,0,0,0,0,2,2,2,2,0,0,2,2
72,-8285.129,-17.223,-20.865,-132.042,-0.669553,0.742593,0.015942,-0.741792,-0.669620,0.036793,0.037998,0.012809,0.999196,0,-0.21309,-0.11877,-12.785,-0.238,-1,400.000,-1,375.000,-1,325.000,325.000,300.000,300.000,-1,-1,-1,-1,750.000,725.000,-1,-1,2,0,2,0,2,0,0,0,0,2,2,2,2,0,0,2,2
73,-8276.527,-7.764,-21.365,-132.280,-0.672631,0.739808,0.015863,-0.739005,-0.672691,0.036856,0.037937,0.013068,0.999195,0,-0.21309,-0.11877,-12.785,-0.238,-1,400.000,-1,375.000,-1,325.000,325.000,300.000,300.000,-1,-1,-1,-1,750.000,725.000,-1,-1,2,0,2,0,2,0,0,0,0,2,2,2,2,0,0,2,2
74,-8267.887,1.660,-21.863,-132.517,-0.675697,0.737010,0.015788,-0.736205,-0.675750,0.036920,0.037879,0.013324,0.999193,0,-0.21309,-0.11877,-12.785,-0.238,-1,400.000,-1,375.000,-1,325.000,325.000,300.000,300.000,-1,-1,-1,-1,750.000,725.000,-1,-1,2,0,2,0,2,0,0,0,0,2,2,2,2,0,0,2,2
75,-8259.207,11.048,-22.359,-132.755,-0.678752,0.734200,0.015717,-0.733393,-0.678798,0.036986,0.037823,0.013578,0.999192,0,-0.21309,-0.11877,-12.785,-0.238,-1,400.000,-1,375.000,-1,325.000,325.000,300.000,300.000,-1,-1,-1,-1,750.000,725.000,-1,-1,2,0,2,0,2,0,0,0,0,2,2,2,2,0,0,2,2
76,-8250.489,20.400,-22.853,-132.992,-0.681794,0.731376,0.015650,-0.730568,-0.681834,0.037052,0.037770,0.013829,0.999191,0,-0.21309,-0.11877,-12.785,-0.238,-1,400.000,-1,375.000,-1,325.000,325.000,300.000,300.000,-1,-1,-1,-1,750.000,725.000,-1,-1,2,0,2,0,2,0,0,0,0,2,2,2,2,0,0,2,2
77,-8241.732,29.715,-23.344,-133.230,-0.684825,0.728541,0.015587,-0.727731,-0.684858,0.037121,0.037719,0.014078,0.999189,0,-0.21309,-0.11877,-12.785,-0.238,-1,400.000,-1,375.000,-1,325.000,325.000,300.000,300.000,-1,-1,-1,-1,750.000,725.000,-1,-1,2,0,2,0,2,0,0,0,0,2,2,2,2,0,0,2,2
78,-8232.936,38.994,-23.851,-133.467,-0.687845,0.725692,0.015516,-0.724877,-0.687869,0.037274,0.037723,0.014392,0.999185,0,-0.21309,-0.11877,-12.785,-0.238,-1,400.000,-1,375.000,-1,325.000,325.000,300.000,300.000,-1,-1,-1,-1,750.000,725.000,-1,-1,2,0,2,0,2,0,0,0,0,2,2,2,2,0,0,2,2
79,-8224.103,48.237,-24.360,-133.705,-0.690853,0.722830,0.015448,-0.722009,-0.690869,0.037451,0.037743,0.014720,0.999179,0,-0.21309,-0.11877,-12.785,-0.238,-1,400.000,-1,375.000,-1,325.000,325.000,300.000,300.000,-1,-1,-1,-1,750.000,725.000,-1,-1,2,0,2,0,2,0,0,0,0,2,2,2,2,0,0,2,2
80,-8215.230,57.442,-24.868,-133.942,-0.693849,0.719956,0.015384,-0.719129,-0.693856,0.037632,0.037768,0.015048,0.999173,0,-0.21309,-0.11877,-12.785,-0.238,-1,400.000,-1,375.000,-1,325.000,325.000,300.000,300.000,-1,-1,-1,-1,750.000,725.000,-1,-1,2,0,2,0,2,0,0,0,0,2,2,2,2,0,0,2,2
81,-8206.320,66.611,-25.374,-134.180,-0.696833,0.717070,0.015325,-0.716237,-0.696832,0.037817,0.037796,0.015375,0.999167,0,-0.21309,-0.11877,-12.785,-0.238,-1,400.000,-1,400.000,-1,325.000,325.000,300.000,300.000,-1,-1,-1,-1,750.000,725.000,-1,-1,2,0,2,0,2,0,0,0,0,2,2,2,2,0,0,2,2
82,-8197.372,75.743,-25.879,-134.418,-0.699805,0.714171,0.015271,-0.713332,-0.699795,0.038006,0.037829,0.015703,0.999161,0,-0.21309,-0.11877,-12.785,-0.238,-1,400.000,-1,400.000,-1,325.000,325.000,300.000,300.000,-1,-1,-1,-1,750.000,725.000,-1,-1,2,0,2,0,2,0,0,0,0,2,2,2,2,0,0,2,2
83,-8188.386,84.838,-26.381,-134.655,-0.702765,0.711260,0.015222,-0.710414,-0.702747,0.038198,0.037866,0.016031,0.999154,0,-0.21309,-0.11877,-12.785,-0.238,-1,400.000,-1,400.000,-1,325.000,325.000,300.000,300.000,-1,-1,-1,-1,750.000,725.000,-1,-1,2,0,2,0,2,0,0,0,0,2,2,2,2,0,0,2,2
84,-8179.362,93.896,-26.884,-134.893,-0.705712,0.708336,0.015179,-0.707484,-0.705686,0.038384,0.037900,0.016349,0.999148,0,-0.21309,-0.11877,-12.785,-0.238,-1,400.000,-1,400.000,-1,325.000,325.000,300.000,300.000,-1,-1,-1,-1,750.000,725.000,-1,-1,2,0,2,0,2,0,0,0,0,2,2,2,2,0,0,2,2
85,-8170.301,102.916,-27.402,-135.130,-0.708646,0.705401,0.015150,-0.704546,-0.708614,0.038487,0.037885,0.016600,0.999144,0,-0.21309,-0.11877,-12.785,-0.238,-1,400.000,-1,400.000,-1,325.000,325.000,300.000,300.000,-1,-1,-1,-1,750.000,725.000,-1,-1,2,0,2,0,2,0,0,0,0,2,2,2,2,0,0,2,2
86,-8161.202,111.898,-27.918,-135.368,-0.711568,0.702454,0.015126,-0.701596,-0.711529,0.038593,0.037873,0.016849,0.999141,0,-0.21309,-0.11877,-12.785,-0.238,-1,400.000,-1,400.000,-1,325.000,325.000,300.000,300.000,-1,-1,-1,-1,750.000,750.000,-1,-1,2,0,2,0,2,0,0,0,0,2,2,2,2,0,0,2,2
87,-8152.067,120.842,-28.430,-135.605,-0.714478,0.699495,0.015105,-0.698633,-0.714432,0.038716,0.037873,0.017109,0.999136,0,-0.21309,-0.11877,-12.785,-0.238,-1,400.000,-1,400.000,-1,325.000,325.000,300.000,300.000,-1,-1,-1,-1,750.000,750.000,-1,-1,2,0,2,0,2,0,0,0,0,2,2,2,2,0,0,2,2
88,-8146.361,126.429,-28.746,-135.603,-0.714449,0.699525,0.015094,-0.698659,-0.714402,0.038799,0.037924,0.017174,0.999133,0,-0.13309,0.00123,-7.985,0.002,-1,400.000,-1,400.000,-1,325.000,325.000,300.000,300.000,-1,-1,-1,-1,750.000,750.000,-1,-1,2,0,2,0,2,0,0,0,0,2,2,2,2,0,0,2,2
89,-8144.095,128.667,-28.871,-135.360,-0.711481,0.702544,0.015093,-0.701677,-0.711437,0.038825,0.038014,0.017033,0.999132,0,-0.05309,0.12123,-3.185,0.242,-1,400.000,-1,400.000,-1,325.000,325.000,300.000,300.000,-1,-1,-1,-1,750.000,750.000,-1,-1,2,0,2,0,2,0,0,0,0,2,2,2,2,0,0,2,2
90,-8145.234,127.523,-28.801,-134.878,-0.705536,0.708513,0.015101,-0.707647,-0.705500,0.038796,0.038141,0.016686,0.999133,0,0.02691,0.24123,1.615,0.482,-1,400.000,-1,400.000,-1,325.000,325.000,300.000,300.000,-1,-1,-1,-1,750.000,750.000,-1,-1,2,0,2,0,2,0,0,0,0,2,2,2,2,0,0,2,2
91,-8149.703,122.921,-28.537,-134.155,-0.696540,0.717359,0.015120,-0.716495,-0.696517,0.038711,0.038301,0.016130,0.999136,0,0.10691,0.36123,6.415,0.722,-1,400.000,-1,400.000,-1,325.000,325.000,300.000,300.000,-1,-1,-1,-1,750.000,750.000,-1,-1,2,0,2,0,2,0,0,0,0,2,2,2,2,0,0,2,2
92,-8157.379,114.745,-28.075,-133.193,-0.684382,0.728966,0.015158,-0.728107,-0.684377,0.038570,0.038490,0.015360,0.999141,0,0.18691,0.48123,11.215,0.962,-1,400.000,-1,400.000,-1,325.000,325.000,300.000,300.000,-1,-1,-1,-1,750.000,750.000,-1,-1,2,0,2,0,2,0,0,0,0,2,2,2,2,0,0,2,2
93,-8168.093,102.842,-27.410,-131.991,-0.668920,0.743178,0.015224,-0.742326,-0.668939,0.038374,0.038703,0.014368,0.999147,0,0.26691,0.60123,16.015,1.202,-1,400.000,-1,400.000,-1,325.000,325.000,300.000,300.000,-1,-1,-1,-1,750.000,725.000,-1,-1,2,0,2,0,2,0,0,0,0,2,2,2,2,0,0,2,2
94,-8181.625,87.026,-26.553,-130.548,-0.649981,0.759795,0.015346,-0.758955,-0.650031,0.038048,0.038884,0.013083,0.999158,0,0.34691,0.72123,20.815,1.442,-1,400.000,-1,400.000,-1,325.000,325.000,300.000,300.000,-1,-1,-1,-1,750.000,725.000,-1,-1,2,0,2,0,2,0,0,0,0,2,2,2,2,0,0,2,2
95,-8197.698,67.082,-25.510,-128.866,-0.627367,0.778568,0.015557,-0.777747,-0.627455,0.037545,0.038993,0.011455,0.999174,0,0.42691,0.84123,25.615,1.682,-1,400.000,-1,375.000,-1,325.000,325.000,300.000,300.000,-1,-1,-1,-1,750.000,725.000,-1,-1,2,0,2,0,2,0,0,0,0,2,2,2,2,0,0,2,2
96,-8215.978,42.774,-24.302,-126.943,-0.600865,0.799194,0.015813,-0.798388,-0.600995,0.037165,0.039206,0.009706,0.999184,0,0.50691,0.96123,30.415,1.922,-1,400.000,-1,375.000,-1,325.000,325.000,300.000,300.000,-1,-1,-1,-1,750.000,725.000,-1,-1,2,0,2,0,2,0,0,0,0,2,2,2,2,0,0,2,2
97,-8236.148,13.908,-22.908,-124.943,-0.572574,0.819695,0.016128,-0.818904,-0.572746,0.036848,0.039442,0.007891,0.999191,0,0.58691,1.00000,35.215,2.000,-1,400.000,-1,375.000,-1,325.000,325.000,300.000,300.000,-1,-1,-1,-1,750.000,725.000,-1,-1,2,0,2,0,2,0,0,0,0,2,2,2,2,0,0,2,2
98,-8257.909,-19.672,-21.294,-122.943,-0.543579,0.839195,0.016535,-0.838422,-0.543798,0.036500,0.039622,0.005977,0.999197,0,0.66691,1.00000,40.015,2.000,-1,400.000,-1,375.000,-1,325.000,325.000,300.000,300.000,-1,-1,-1,-1,750.000,725.000,-1,-1,2,0,2,0,2,0,0,0,0,2,2,2,2,0,0,2,2
99,-8280.952,-58.109,-19.459,-120.943,-0.513916,0.857671,0.017057,-0.856919,-0.514184,0.036105,0.039737,0.003939,0.999202,0,0.74691,1.00000,44.815,2.000,-1,400.000,-1,375.000,-1,325.000,325.000,300.000,300.000,-1,-1,-1,-1,775.000,725.000,-1,-1,2,0,2,0,2,0,0,0,0,2,2,2,2,0,0,2,2
100,-8304.963,-101.527,-17.459,-118.943,-0.483625,0.875098,0.017606,-0.874363,-0.483941,0.035922,0.039956,0.001979,0.999199,0,0.82691,1.00000,49.615,2.000,-1,400.000,-1,375.000,-1,325.000,325.000,300.000,300.000,-1,-1,-1,-1,775.000,725.000,-1,-1,2,0,2,0,2,0,0,0,0,2,2,2,2,0,0,2,2
101,-8325.766,-142.033,-15.625,-117.183,-0.456478,0.889550,0.018122,-0.888828,-0.456837,0.035851,0.040170,0.000258,0.999193,0,0.75894,0.88000,45.536,1.760,-1,400.000,-1,375.000,-1,325.000,325.000,300.000,300.000,-1,-1,-1,-1,775.000,725.000,-1,-1,2,0,2,0,2,0,0,0,0,2,2,2,2,0,0,2,2
102,-8345.487,-183.078,-13.824,-115.663,-0.432689,0.901355,0.018428,-0.900648,-0.433080,0.035705,0.040164,-0.001148,0.999192,0,0.75894,0.76000,45.536,1.520,-1,400.000,-1,375.000,-1,325.000,325.000,300.000,300.000,-1,-1,-1,-1,775.000,725.000,-1,-1,2,0,2,0,2,0,0,0,0,2,2,2,2,0,0,2,2
103,-8364.286,-224.552,-12.011,-114.383,-0.412418,0.910802,0.018739,-0.910112,-0.412836,0.035529,0.040096,-0.002402,0.999193,0,0.75894,0.64000,45.536,1.280,-1,400.000,-1,375.000,-1,325.000,325.000,300.000,300.000,-1,-1,-1,-1,775.000,725.000,-1,-1,2,0,2,0,2,0,0,0,0,2,2,2,2,0,0,2,2
104,-8382.162,-266.433,-10.182,-113.114,-0.392108,0.919721,0.019109,-0.919049,-0.392556,0.035341,0.040006,-0.003705,0.999193,0,0.75894,0.63470,45.536,1.269,-1,400.000,-1,375.000,-1,325.000,325.000,300.000,300.000,-1,-1,-1,-1,775.000,725.000,-1,-1,2,0,2,0,2,0,0,0,0,2,2,2,2,0,0,2,2
105,-8399.105,-308.700,-8.339,-111.844,-0.371604,0.928186,0.019538,-0.927534,-0.372082,0.035144,0.039890,-0.005063,0.999191,0,0.75894,0.63470,45.536,1.269,-1,400.000,-1,375.000,-1,325.000,325.000,300.000,300.000,-1,-1,-1,-1,775.000,725.000,-1,-1,2,0,2,0,2,0,0,0,0,2,2,2,2,0,0,2,2
106,-8415.108,-351.332,-6.484,-110.575,-0.350914,0.936193,0.020022,-0.935564,-0.351426,0.034938,0.039745,-0.006472,0.999189,0,0.75894,0.63470,45.536,1.269,-1,400.000,-1,375.000,-1,325.000,325.000,300.000,300.000,-1,-1,-1,-1,775.000,725.000,-1,-1,2,0,2,0,2,0,0,0,0,2,2,2,2,0,0,2,2
107,-8430.163,-394.308,-4.621,-109.306,-0.330051,0.943739,0.020560,-0.943133,-0.330596,0.034726,0.039569,-0.007929,0.999185,0,0.75894,0.63470,45.536,1.269,-1,400.000,-1,375.000,-1,325.000,325.000,300.000,300.000,-1,-1,-1,-1,775.000,725.000,-1,-1,2,0,2,0,2,0,0,0,0,2,2,2,2,0,0,2,2
108,-8444.261,-437.606,-2.752,-108.036,-0.309024,0.950819,0.021147,-0.950239,-0.309604,0.034507,0.039358,-0.009431,0.999181,0,0.75894,0.63470,45.536,1.269,-1,400.000,-1,375.000,-1,325.000,325.000,300.000,300.000,-1,-1,-1,-1,775.000,725.000,-1,-1,2,0,2,0,2,0,0,0,0,2,2,2,2,0,0,2,2
109,-8457.397,-481.207,-0.879,-106.767,-0.287845,0.957429,0.021783,-0.956878,-0.288459,0.034284,0.039108,-0.010975,0.999175,0,0.75894,0.63470,45.536,1.269,-1,400.000,-1,375.000,-1,325.000,325.000,300.000,300.000,-1,-1,-1,-1,775.000,725.000,-1,-1,2,0,2,0,2,0,0,0,0,2,2,2,2,0,0,2,2
110,-8469.564,-525.088,0.995,-105.497,-0.266523,0.963567,0.022463,-0.963047,-0.267173,0.034056,0.038817,-0.012556,0.999167,0,0.75894,0.63470,45.536,1.269,-1,400.000,-1,375.000,-1,325.000,325.000,300.000,300.000,-1,-1,-1,-1,775.000,725.000,-1,-1,2,0,2,0,2,0,0,0,0,2,2,2,2,0,0,2,2
111,-8480.756,-569.227,2.867,-104.228,-0.245070,0.969228,0.023185,-0.968742,-0.245756,0.033824,0.038481,-0.014171,0.999159,0,0.75894,0.63470,45.536,1.269,-1,400.000,-1,375.000,-1,325.000,325.000,300.000,300.000,-1,-1,-1,-1,775.000,725.000,-1,-1,2,0,2,0,2,0,0,0,0,2,2,2,2,0,0,2,2
112,-8490.967,-613.604,4.663,-102.959,-0.223479,0.974406,0.024282,-0.973955,-0.224217,0.033753,0.038334,-0.016106,0.999135,0,0.75894,0.63470,45.536,1.269,-1,400.000,-1,375.000,-1,325.000,325.000,300.000,300.000,-1,-1,-1,-1,775.000,725.000,-1,-1,2,0,2,0,2,0,0,0,0,2,2,2,2,0,0,2,2
113,-8500.193,-658.196,6.450,-101.689,-0.201779,0.979101,0.025416,-0.978687,-0.202569,0.033723,0.038167,-0.018070,0.999108,0,0.75894,0.63470,45.536,1.269,-1,400.000,-1,375.000,-1,325.000,325.000,300.000,300.000,-1,-1,-1,-1,775.000,725.000,-1,-1,2,0,2,0,2,0,0,0,0,2,2,2,2,0,0,2,2
114,-8508.428,-702.981,8.207,-100.420,-0.179980,0.983313,0.026509,-0.982936,-0.180822,0.033779,0.038008,-0.019977,0.999078,0,0.75894,0.63470,45.536,1.269,-1,400.000,-1,375.000,-1,325.000,325.000,300.000,300.000,-1,-1,-1,-1,775.000,725.000,-1,-1,2,0,2,0,2,0,0,0,0,2,2,2,2,0,0,2,2
115,-8515.974,-748.611,9.912,-99.390,-0.162238,0.986372,0.027359,-0.986023,-0.163122,0.033916,0.037916,-0.021474,0.999050,0,0.77082,0.51470,46.249,1.029,-1,400.000,-1,375.000,-1,325.000,325.000,300.000,300.000,-1,-1,-1,-1,775.000,725.000,-1,-1,2,0,2,0,2,0,0,0,0,2,2,2,2,0,0,2,2
116,-8522.890,-794.340,11.629,-98.601,-0.148593,0.988498,0.028138,-0.988175,-0.149512,0.033993,0.037809,-0.022754,0.999026,0,0.77082,0.39470,46.249,0.789,-1,400.000,-1,375.000,-1,325.000,325.000,300.000,300.000,-1,-1,-1,-1,775.000,725.000,-1,-1,2,0,2,0,2,0,0,0,0,2,2,2,2,0,0,2,2
117,-8529.367,-840.133,13.354,-98.052,-0.139071,0.989860,0.028910,-0.989562,-0.140023,0.034052,0.037755,-0.023873,0.999002,0,0.77082,0.27470,46.249,0.549,-1,400.000,-1,375.000,-1,325.000,325.000,300.000,300.000,-1,-1,-1,-1,775.000,725.000,-1,-1,2,0,2,0,2,0,0,0,0,2,2,2,2,0,0,2,2
118,-8535.598,-885.960,15.087,-97.742,-0.133688,0.990579,0.029687,-0.990303,-0.134673,0.034102,0.037779,-0.024840,0.998977,0,0.77082,0.15470,46.249,0.309,-1,400.000,-1,375.000,-1,325.000,325.000,300.000,300.000,-1,-1,-1,-1,775.000,725.000,-1,-1,2,0,2,0,2,0,0,0,0,2,2,2,2,0,0,2,2
119,-8541.772,-931.795,16.832,-97.673,-0.132454,0.990721,0.030468,-0.990464,-0.133470,0.034149,0.037898,-0.025654,0.998952,0,0.77082,0.03470,46.249,0.069,-1,400.000,-1,375.000,-1,325.000,325.000,300.000,300.000,-1,-1,-1,-1,775.000,725.000,-1,-1,2,0,2,0,2,0,0,0,0,2,2,2,2,0,0,2,2
120,-8548.084,-977.611,18.593,-97.843,-0.135371,0.990302,0.031251,-0.990061,-0.136417,0.034194,0.038126,-0.026311,0.998926,0,0.77082,-0.08530,46.249,-0.171,-1,400.000,-1,375.000,-1,325.000,325.000,300.000,300.000,-1,-1,-1,-1,775.000,725.000,-1,-1,2,0,2,0,2,0,0,0,0,2,2,2,2,0,0,2,2
121,-8554.723,-1023.381,20.376,-98.254,-0.142432,0.989286,0.032035,-0.989057,-0.143508,0.034242,0.038473,-0.026807,0.998900,0,0.77082,-0.20530,46.249,-0.411,-1,400.000,-1,375.000,-1,325.000,325.000,300.000,300.000,-1,-1,-1,-1,750.000,750.000,-1,-1,2,0,2,0,2,0,0,0,0,2,2,2,2,0,0,2,2
122,-8561.882,-1069.073,22.185,-98.904,-0.153626,0.987584,0.032819,-0.987361,-0.154731,0.034296,0.038948,-0.027135,0.998873,0,0.77082,-0.32530,46.249,-0.651,-1,400.000,-1,375.000,-1,325.000,325.000,300.000,300.000,-1,-1,-1,-1,750.000,750.000,-1,-1,2,0,2,0,2,0,0,0,0,2,2,2,2,0,0,2,2
123,-8569.729,-1114.651,24.034,-99.768,-0.168466,0.985133,0.033641,-0.984913,-0.169602,0.034378,0.039572,-0.027342,0.998843,0,0.77082,-0.43196,46.249,-0.864,-1,400.000,-1,375.000,-1,325.000,325.000,300.000,300.000,-1,-1,-1,-1,750.000,750.000,-1,-1,2,0,2,0,2,0,0,0,0,2,2,2,2,0,0,2,2
124,-8578.262,-1160.107,25.915,-100.632,-0.183268,0.982459,0.034462,-0.982240,-0.184436,0.034465,0.040216,-0.027534,0.998812,0,0.77082,-0.43196,46.249,-0.864,-1,400.000,-1,375.000,-1,325.000,325.000,300.000,300.000,-1,-1,-1,-1,750.000,750.000,-1,-1,2,0,2,0,2,0,0,0,0,2,2,2,2,0,0,2,2
125,-8587.480,-1205.428,27.828,-101.496,-0.198026,0.979562,0.035280,-0.979344,-0.199227,0.034554,0.040877,-0.027709,0.998780,0,0.77082,-0.43196,46.249,-0.864,-1,400.000,-1,375.000,-1,325.000,325.000,300.000,300.000,-1,-1,-1,-1,750.000,750.000,-1,-1,2,0,2,0,2,0,0,0,0,2,2,2,2,0,0,2,2
126,-8597.379,-1250.605,29.776,-102.360,-0.212740,0.976442,0.036083,-0.976225,-0.213973,0.034640,0.041545,-0.027856,0.998748,0,0.77082,-0.43196,46.249,-0.864,-1,400.000,-1,400.000,-1,325.000,325.000,300.000,300.000,-1,-1,-1,-1,750.000,750.000,-1,-1,2,0,2,0,2,0,0,0,0,2,2,2,2,0,0,2,2
127,-8607.960,-1295.627,31.811,-103.224,-0.227409,0.973108,0.036701,-0.972878,-0.228671,0.034901,0.042355,-0.027768,0.998717,0,0.77082,-0.43196,46.249,-0.864,-1,400.000,-1,400.000,-1,325.000,325.000,300.000,300.000,-1,-1,-1,-1,750.000,750.000,-1,-1,2,0,2,0,2,0,0,0,0,2,2,2,2,0,0,2,2
128,-8619.217,-1340.485,33.890,-104.088,-0.242026,0.969553,0.037287,-0.969307,-0.243319,0.035217,0.043217,-0.027619,0.998684,0,0.77082,-0.43196,46.249,-0.864,-1,400.000,-1,400.000,-1,325.000,325.000,300.000,300.000,-1,-1,-1,-1,750.000,750.000,-1,-1,2,0,2,0,2,0,0,0,0,2,2,2,2,0,0,2,2
129,-8631.150,-1385.169,35.975,-104.952,-0.256587,0.965780,0.037854,-0.965513,-0.257911,0.035576,0.044121,-0.027420,0.998650,0,0.77082,-0.43196,46.249,-0.864,-1,400.000,-1,400.000,-1,325.000,325.000,300.000,300.000,-1,-1,-1,-1,775.000,775.000,-1,-1,2,0,2,0,2,0,0,0,0,2,2,2,2,0,0,2,2
130,-8643.755,-1429.667,38.012,-105.816,-0.271107,0.961793,0.038151,-0.961504,-0.272447,0.035821,0.044847,-0.026971,0.998630,0,0.77082,-0.43196,46.249,-0.864,-1,400.000,-1,400.000,-1,325.000,325.000,300.000,300.000,-1,-1,-1,-1,775.000,775.000,-1,-1,2,0,2,0,2,0,0,0,0,2,2,2,2,0,0,2,2
131,-8657.030,-1473.970,40.059,-106.680,-0.285569,0.957588,0.038416,-0.957277,-0.286921,0.036016,0.045511,-0.026489,0.998613,0,0.77082,-0.43196,46.249,-0.864,-1,400.000,-1,400.000,-1,325.000,325.000,300.000,300.000,-1,-1,-1,-1,775.000,775.000,-1,-1,2,0,2,0,2,0,0,0,0,2,2,2,2,0,0,2,2
132,-8670.971,-1518.068,42.123,-107.544,-0.299967,0.953165,0.038673,-0.952834,-0.301330,0.036171,0.046130,-0.025998,0.998597,0,0.77082,-0.43196,46.249,-0.864,-1,400.000,-1,400.000,-1,325.000,325.000,300.000,300.000,-1,-1,-1,-1,775.000,775.000,-1,-1,2,0,2,0,2,0,0,0,0,2,2,2,2,0,0,2,2
133,-8685.575,-1561.950,44.204,-108.408,-0.314299,0.948526,0.038919,-0.948175,-0.315672,0.036282,0.046701,-0.025499,0.998583,0,0.77082,-0.43196,46.249,-0.864,-1,400.000,-1,400.000,-1,325.000,325.000,300.000,300.000,-1,-1,-1,-1,775.000,775.000,-1,-1,2,0,2,0,2,0,0,0,0,2,2,2,2,0,0,2,2
134,-8700.840,-1605.608,46.301,-109.271,-0.328562,0.943671,0.039152,-0.943301,-0.329941,0.036350,0.047220,-0.024989,0.998572,0,0.77082,-0.43196,46.249,-0.864,-1,400.000,-1,400.000,-1,325.000,325.000,300.000,300.000,-1,-1,-1,-1,775.000,800.000,-1,-1,2,0,2,0,2,0,0,0,0,2,2,2,2,0,0,2,2
135,-8716.761,-1649.030,48.414,-110.135,-0.342752,0.938601,0.039368,-0.938215,-0.344137,0.036370,0.047685,-0.024470,0.998563,0,0.77082,-0.43196,46.249,-0.864,-1,400.000,-1,400.000,-1,325.000,325.000,300.000,300.000,-1,-1,-1,-1,775.000,800.000,-1,-1,2,0,2,0,2,0,0,0,0,2,2,2,2,0,0,2,2
136,-8733.334,-1692.207,50.544,-110.999,-0.356867,0.933317,0.039565,-0.932917,-0.358254,0.036342,0.048093,-0.023941,0.998556,0,0.77082,-0.43196,46.249,-0.864,-1,400.000,-1,400.000,-1,325.000,325.000,300.000,300.000,-1,-1,-1,-1,775.000,800.000,-1,-1,2,0,2,0,2,0,0,0,0,2,2,2,2,0,0,2,2
137,-8750.557,-1735.130,52.692,-111.863,-0.370902,0.927821,0.039745,-0.927408,-0.372290,0.036251,0.048431,-0.023414,0.998552,0,0.77082,-0.43196,46.249,-0.864,-1,400.000,-1,400.000,-1,325.000,325.000,300.000,300.000,-1,-1,-1,-1,775.000,800.000,-1,-1,2,0,2,0,2,0,0,0,0,2,2,2,2,0,0,2,2
138,-8768.426,-1777.788,54.864,-112.727,-0.384856,0.922113,0.039915,-0.921692,-0.386242,0.036080,0.048686,-0.022904,0.998551,0,0.77082,-0.43196,46.249,-0.864,-1,400.000,-1,400.000,-1,325.000,325.000,300.000,300.000,-1,-1,-1,-1,775.000,800.000,-1,-1,2,0,2,0,2,0,0,0,0,2,2,2,2,0,0,2,2
139,-8786.935,-1820.172,57.051,-113.591,-0.398725,0.916196,0.040053,-0.915767,-0.400106,0.035854,0.048875,-0.022384,0.998554,0,0.77082,-0.43196,46.249,-0.864,-1,400.000,-1,400.000,-1,325.000,325.000,300.000,300.000,-1,-1,-1,-1,775.000,800.000,-1,-1,2,0,2,0,2,0,0,0,0,2,2,2,2,0,0,2,2
