timestep,x_cm,y_cm,z_cm,yaw_deg,basis_xx,basis_xy,basis_xz,basis_yx,basis_yy,basis_yz,basis_zx,basis_zy,basis_zz,teleport_flag,throttle_cmd,steering_cmd,cmd_move_cm,cmd_turn_deg,lidar_cm_0,lidar_cm_1,lidar_cm_2,lidar_cm_3,lidar_cm_4,lidar_cm_5,lidar_cm_6,lidar_cm_7,lidar_cm_8,lidar_cm_9,lidar_cm_10,lidar_cm_11,lidar_cm_12,lidar_cm_13,lidar_cm_14,lidar_cm_15,lidar_cm_16,lidar_class_0,lidar_class_1,lidar_class_2,lidar_class_3,lidar_class_4,lidar_class_5,lidar_class_6,lidar_class_7,lidar_class_8,lidar_class_9,lidar_class_10,lidar_class_11,lidar_class_12,lidar_class_13,lidar_class_14,lidar_class_15,lidar_class_16
0,-4923.708,4261.263,-417.114,-151.459,-0.877356,0.477577,-0.046538,-0.478412,-0.878098,0.008122,-0.036986,0.029390,0.998883,1,0.08000,0.12000,4.800,0.240,-1,425.000,-1,400.000,-1,325.000,325.000,300.000,300.000,-1,-1,-1,-1,850.000,750.000,-1,-1,2,0,2,0,2,0,0,0,0,2,2,2,2,0,0,2,2
1,-4932.103,4256.606,-417.467,-150.979,-0.873318,0.484915,-0.046613,-0.485748,-0.874063,0.007853,-0.036935,0.029500,0.998882,0,0.16000,0.24000,9.600,0.480,-1,425.000,-1,400.000,-1,325.000,325.000,300.000,300.000,-1,-1,-1,-1,850.000,750.000,-1,-1,2,0,2,0,2,0,0,0,0,2,2,2,2,0,0,2,2
2,-4944.606,4249.462,-417.996,-150.259,-0.867145,0.495858,-0.046729,-0.496689,-0.867896,0.007454,-0.036860,0.029673,0.998880,0,0.24000,0.36000,14.400,0.720,-1,425.000,-1,400.000,-1,325.000,325.000,300.000,300.000,-1,-1,-1,-1,850.000,750.000,-1,-1,2,0,2,0,2,0,0,0,0,2,2,2,2,0,0,2,2
3,-4961.115,4239.659,-418.699,-149.299,-0.858702,0.510326,-0.046889,-0.511155,-0.859461,0.006930,-0.036763,0.029919,0.998876,0,0.32000,0.48000,19.200,0.960,-1,425.000,-1,400.000,-1,325.000,325.000,300.000,300.000,-1,-1,-1,-1,850.000,750.000,-1,-1,2,0,2,0,2,0,0,0,0,2,2,2,2,0,0,2,2
4,-4981.490,4226.976,-419.576,-148.099,-0.847808,0.528208,-0.047099,-0.529036,-0.848576,0.006290,-0.036645,0.030250,0.998870,0,0.40000,0.60000,24.000,1.200,-1,425.000,-1,400.000,-1,325.000,325.000,300.000,300.000,-1,-1,-1,-1,825.000,750.000,-1,-1,2,0,2,0,2,0,0,0,0,2,2,2,2,0,0,2,2
5,-5005.550,4211.147,-420.653,-146.659,-0.834238,0.549357,-0.047478,-0.550190,-0.835021,0.005580,-0.036580,0.030777,0.998857,0,0.48000,0.72000,28.800,1.440,-1,425.000,-1,400.000,-1,325.000,325.000,300.000,300.000,-1,-1,-1,-1,825.000,750.000,-1,-1,2,0,2,0,2,0,0,0,0,2,2,2,2,0,0,2,2
6,-5033.066,4191.865,-421.913,-144.979,-0.817738,0.573589,-0.047964,-0.574431,-0.818539,0.004783,-0.036517,0.031463,0.998838,0,0.56000,0.84000,33.600,1.680,-1,425.000,-1,400.000,-1,325.000,325.000,300.000,300.000,-1,-1,-1,-1,825.000,750.000,-1,-1,2,0,2,0,2,0,0,0,0,2,2,2,2,0,0,2,2
7,-5063.757,4168.787,-423.333,-143.059,-0.798015,0.600676,-0.048580,-0.601529,-0.798842,0.003793,-0.036529,0.032249,0.998812,0,0.64000,0.96000,38.400,1.920,-1,425.000,-1,400.000,-1,325.000,325.000,300.000,300.000,-1,-1,-1,-1,825.000,750.000,-1,-1,2,1,2,0,2,0,0,0,0,2,2,2,2,0,0,2,2
8,-5097.358,4141.635,-424.928,-141.059,-0.776509,0.628172,-0.049330,-0.629038,-0.777370,0.002675,-0.036667,0.033108,0.998779,0,0.72000,1.00000,43.200,2.000,950.000,400.000,-1,400.000,-1,325.000,325.000,300.000,300.000,-1,-1,-1,-1,825.000,750.000,-1,-1,1,1,2,0,2,0,0,0,0,2,2,2,2,0,0,2,2
9,-5133.616,4110.181,-426.711,-139.059,-0.754046,0.654899,-0.050223,-0.655781,-0.754950,0.001451,-0.036965,0.034029,0.998737,0,0.80000,1.00000,48.000,2.000,625.000,400.000,-1,400.000,-1,325.000,325.000,300.000,300.000,-1,-1,-1,-1,800.000,750.000,-1,-1,1,1,2,0,2,0,0,0,0,2,2,2,2,0,0,2,2
10,-5172.269,4074.211,-428.683,-137.059,-0.730653,0.680824,-0.051223,-0.681724,-0.731610,0.000113,-0.037398,0.035003,0.998687,0,0.88000,1.00000,52.800,2.000,525.000,400.000,-1,400.000,-1,325.000,325.000,300.000,300.000,-1,-1,-1,-1,800.000,750.000,-1,-1,1,1,2,0,2,1,0,0,0,2,2,2,2,0,0,2,2
11,-5211.097,4035.463,-430.563,-135.059,-0.706410,0.705933,-0.051404,-0.706817,-0.707395,-0.001367,-0.037328,0.035368,0.998677,0,0.91425,1.00000,54.855,2.000,450.000,400.000,-1,400.000,-1,325.000,325.000,300.000,300.000,-1,-1,-1,-1,775.000,750.000,-1,-1,1,1,2,0,2,0,0,0,0,2,2,2,2,0,0,2,2
12,-5248.592,3995.334,-431.140,-133.059,-0.681392,0.730025,-0.052622,-0.731180,-0.682172,0.004137,-0.032877,0.041295,0.998606,0,0.91534,1.00000,54.920,2.000,475.000,425.000,-1,400.000,-1,350.000,325.000,300.000,275.000,-1,-1,-1,-1,825.000,775.000,1000.000,-1,1,1,2,0,2,0,0,1,0,2,2,2,2,0,0,1,2
13,-5284.696,3953.882,-431.619,-131.059,-0.655570,0.753168,-0.054460,-0.754615,-0.656088,0.010248,-0.028012,0.047815,0.998463,0,0.91620,1.00000,54.972,2.000,525.000,425.000,-1,425.000,-1,350.000,350.000,275.000,275.000,-1,-1,-1,-1,825.000,800.000,950.000,-1,1,0,2,0,2,0,0,1,0,2,2,2,2,1,1,1,2
14,-5319.354,3911.166,-432.281,-129.059,-0.628958,0.775372,-0.056658,-0.777079,-0.629212,0.015472,-0.023653,0.053759,0.998274,0,0.91680,1.00000,55.008,2.000,575.000,450.000,-1,425.000,-1,350.000,350.000,275.000,275.000,-1,-1,-1,-1,775.000,900.000,900.000,-1,1,0,2,0,2,0,0,1,0,2,2,2,2,1,1,1,2
15,-5352.512,3867.252,-433.070,-127.059,-0.601580,0.796607,-0.059325,-0.798566,-0.601579,0.019878,-0.019854,0.059333,0.998041,0,0.91712,1.00000,55.027,2.000,575.000,450.000,-1,425.000,-1,375.000,350.000,275.000,275.000,-1,-1,-1,-1,750.000,875.000,850.000,-1,1,0,2,0,2,0,0,1,0,2,2,2,2,1,1,1,2
16,-5384.117,3822.207,-434.023,-125.059,-0.573478,0.816845,-0.062345,-0.819058,-0.573221,0.023712,-0.016369,0.064662,0.997773,0,0.91713,1.00000,55.028,2.000,550.000,475.000,-1,425.000,-1,375.000,350.000,250.000,275.000,-1,-1,-1,-1,725.000,850.000,800.000,-1,1,0,2,0,2,0,0,1,0,2,2,2,2,1,1,1,2
17,-5414.119,3776.103,-435.111,-123.059,-0.544690,0.836069,-0.065579,-0.838535,-0.544180,0.026985,-0.013125,0.069689,0.997482,0,0.91679,1.00000,55.007,2.000,500.000,475.000,-1,425.000,-1,375.000,350.000,250.000,275.000,-1,-1,-1,-1,700.000,850.000,725.000,-1,1,0,2,0,2,0,0,1,0,2,2,2,2,1,1,1,2
18,-5442.473,3729.017,-436.155,-121.059,-0.515289,0.854290,-0.068306,-0.856963,-0.514512,0.029870,-0.009627,0.073928,0.997217,0,0.91607,1.00000,54.964,2.000,475.000,475.000,-1,425.000,-1,375.000,375.000,225.000,275.000,-1,-1,-1,-1,650.000,825.000,675.000,-1,1,0,2,0,2,0,0,1,0,2,2,2,2,1,1,1,2
19,-5469.133,3681.030,-437.116,-119.059,-0.485314,0.871494,-0.070493,-0.874321,-0.484255,0.032554,-0.005766,0.077432,0.996981,0,0.91495,1.00000,54.897,2.000,425.000,475.000,-1,450.000,-1,375.000,375.000,225.000,275.000,-1,-1,500.000,-1,625.000,825.000,600.000,-1,1,1,2,0,2,0,0,1,0,2,2,0,2,1,0,1,2
20,-5494.059,3632.225,-438.105,-117.059,-0.454775,0.887623,-0.072830,-0.890604,-0.453423,0.035088,-0.001877,0.080820,0.996727,0,0.91339,1.00000,54.803,2.000,400.000,450.000,-1,450.000,-1,400.000,375.000,225.000,275.000,-1,800.000,350.000,-1,600.000,825.000,550.000,-1,1,1,2,0,2,0,0,1,0,2,0,0,2,1,0,1,2
21,-5517.216,3582.690,-438.932,-115.059,-0.423681,0.902697,-0.075048,-0.905810,-0.422071,0.036933,0.001663,0.083627,0.996496,0,0.91137,1.00000,54.682,2.000,350.000,425.000,-1,450.000,-1,400.000,375.000,200.000,275.000,-1,600.000,300.000,-1,550.000,825.000,475.000,-1,1,1,2,0,2,1,0,1,0,2,0,0,2,1,0,1,2
22,-5538.571,3532.516,-439.674,-113.059,-0.392096,0.916664,-0.077383,-0.919909,-0.390220,0.038668,0.005249,0.086347,0.996251,0,0.90886,1.00000,54.531,2.000,325.000,400.000,-1,450.000,-1,375.000,375.000,200.000,275.000,-1,500.000,275.000,950.000,525.000,825.000,425.000,-1,1,1,2,0,2,1,1,1,0,2,0,0,0,1,0,1,2
23,-5558.097,3481.795,-440.345,-111.059,-0.360079,0.929484,-0.080010,-0.932877,-0.357899,0.040599,0.009101,0.089259,0.995967,0,0.90584,1.00000,54.351,2.000,275.000,375.000,-1,425.000,-1,350.000,350.000,175.000,275.000,-1,450.000,250.000,875.000,475.000,825.000,375.000,-1,1,1,2,1,2,1,1,1,0,2,0,0,0,1,0,1,2
24,-5575.770,3430.624,-440.912,-109.059,-0.327684,0.941132,-0.083034,-0.944694,-0.325146,0.042818,0.013299,0.092472,0.995626,0,0.90232,1.00000,54.139,2.000,250.000,350.000,-1,425.000,-1,325.000,350.000,175.000,275.000,-1,400.000,250.000,825.000,450.000,825.000,325.000,-1,1,1,2,1,2,1,1,1,0,2,0,0,0,1,0,1,2
25,-5591.937,3378.699,-441.343,-107.299,-0.298864,0.950347,-0.086717,-0.954149,-0.295986,0.044638,0.016754,0.096082,0.995232,0,0.90641,0.88000,54.385,1.760,200.000,325.000,-1,400.000,-1,300.000,325.000,175.000,275.000,-1,375.000,225.000,775.000,425.000,825.000,275.000,-1,1,1,2,1,2,1,1,1,0,2,0,0,0,1,0,1,2
26,-5606.539,3326.649,-439.587,-105.689,-0.272155,0.957087,-0.099576,-0.962103,-0.268820,0.045761,0.017029,0.108256,0.993977,0,0.90102,0.80530,54.061,1.611,200.000,300.000,-1,375.000,-1,275.000,300.000,175.000,275.000,-1,500.000,300.000,725.000,375.000,775.000,225.000,-1,1,1,2,1,2,1,1,1,0,2,0,0,0,1,1,1,2
27,-5619.560,3274.577,-435.906,-104.074,-0.246186,0.961994,-0.118153,-0.968908,-0.241164,0.055295,0.024700,0.128093,0.991455,0,0.89462,0.80754,53.677,1.615,200.000,275.000,-1,350.000,-1,250.000,275.000,200.000,250.000,-1,525.000,325.000,600.000,375.000,725.000,225.000,-1,1,1,2,1,2,1,1,1,0,2,0,0,0,1,1,1,2
28,-5631.010,3222.560,-432.155,-102.455,-0.220345,0.965823,-0.136507,-0.974863,-0.213316,0.064324,0.033007,0.147250,0.988548,0,0.88775,0.80944,53.265,1.619,200.000,275.000,-1,325.000,-1,250.000,275.000,200.000,250.000,-1,525.000,300.000,525.000,350.000,675.000,225.000,-1,1,1,2,1,2,1,1,1,0,2,0,0,0,1,1,1,2
29,-5640.915,3170.669,-425.617,-100.833,-0.195335,0.970207,-0.143325,-0.979498,-0.185651,0.078217,0.049279,0.155665,0.986580,0,0.88051,0.81098,52.830,1.622,225.000,275.000,-1,350.000,-1,250.000,275.000,225.000,250.000,-1,475.000,300.000,475.000,350.000,925.000,250.000,-1,1,1,2,1,2,1,1,1,0,2,0,0,0,1,0,1,2
30,-5649.275,3118.964,-418.832,-99.208,-0.170538,0.973975,-0.149297,-0.983078,-0.157895,0.092880,0.066890,0.162610,0.984421,0,0.87298,0.81218,52.379,1.624,250.000,275.000,-1,350.000,-1,250.000,275.000,225.000,250.000,-1,425.000,250.000,450.000,350.000,-1,250.000,-1,1,1,2,1,2,1,1,1,0,2,0,0,0,1,2,1,2
31,-5656.103,3067.501,-412.081,-97.582,-0.145888,0.976991,-0.155582,-0.985655,-0.130051,0.107571,0.084862,0.169043,0.981948,0,0.86526,0.81302,51.916,1.626,300.000,250.000,-1,375.000,-1,250.000,275.000,225.000,275.000,-1,375.000,250.000,425.000,350.000,-1,275.000,-1,1,1,2,1,2,1,1,1,0,2,0,0,0,1,2,1,2
32,9511.147,3607.522,-102.199,-117.640,-0.476818,0.878088,-0.040080,-0.864037,-0.459835,0.204917,0.161505,0.132339,0.977958,1,0.00000,0.00000,51.448,1.627,275.000,200.000,-1,250.000,-1,175.000,200.000,700.000,350.000,750.000,75.000,50.000,275.000,250.000,375.000,200.000,425.000,1,1,2,1,2,1,1,0,0,0,0,0,0,1,1,1,1
33,2295.813,-6226.556,-274.976,89.354,0.011245,-0.999616,-0.025325,0.999936,0.011273,-0.000978,0.001264,-0.025312,0.999679,1,0.08000,-0.12000,4.800,-0.240,-1,350.000,-1,375.000,-1,300.000,300.000,325.000,325.000,850.000,350.000,325.000,-1,625.000,650.000,-1,-1,2,0,2,0,2,0,0,0,0,1,0,0,2,0,0,2,2
34,2296.002,-6216.958,-274.978,88.874,0.019594,-0.999490,-0.025210,0.999805,0.019647,-0.001851,0.002345,-0.025169,0.999680,0,0.16000,-0.24000,9.600,-0.480,-1,350.000,-1,375.000,-1,300.000,300.000,325.000,325.000,825.000,350.000,300.000,-1,625.000,675.000,-1,-1,2,0,2,0,2,0,0,0,0,1,0,0,2,0,0,2,2
35,2296.466,-6202.565,-274.978,88.154,0.032116,-0.999170,-0.025063,0.999476,0.032205,-0.003155,0.003959,-0.024948,0.999681,0,0.24000,-0.36000,14.400,-0.720,-1,375.000,-1,375.000,-1,300.000,300.000,325.000,325.000,800.000,350.000,300.000,-1,625.000,675.000,-1,-1,2,0,2,0,2,0,0,0,0,1,0,0,2,0,0,2,2
36,2297.344,-6183.385,-274.970,87.379,0.045578,-0.998650,-0.024901,0.998943,0.045713,-0.004885,0.006016,-0.024652,0.999678,0,0.32000,-0.38738,19.200,-0.775,-1,375.000,-1,375.000,-1,300.000,300.000,325.000,325.000,775.000,325.000,275.000,-1,625.000,675.000,-1,-1,2,0,2,0,2,0,0,0,0,1,0,0,2,0,0,2,2
37,2298.766,-6159.428,-274.952,86.603,0.059044,-0.997949,-0.024738,0.998219,0.059235,-0.007034,0.008485,-0.024279,0.999669,0,0.40000,-0.38799,24.000,-0.776,-1,375.000,-1,375.000,-1,300.000,300.000,325.000,325.000,750.000,300.000,275.000,-1,625.000,675.000,-1,-1,2,0,2,0,2,0,0,0,0,1,0,0,2,0,0,2,2
38,2300.863,-6130.704,-274.922,85.825,0.072528,-0.997063,-0.024591,0.997302,0.072782,-0.009599,0.011360,-0.023829,0.999652,0,0.48000,-0.38906,28.800,-0.778,-1,375.000,-1,375.000,-1,300.000,300.000,325.000,325.000,725.000,300.000,250.000,-1,625.000,700.000,-1,-1,2,0,2,0,2,0,0,0,0,1,0,0,2,0,0,2,2
39,2303.767,-6097.229,-274.877,85.044,0.086050,-0.995990,-0.024477,0.996183,0.086376,-0.012573,0.014637,-0.023302,0.999621,0,0.56000,-0.39074,33.600,-0.781,-1,375.000,-1,375.000,-1,300.000,300.000,325.000,325.000,725.000,275.000,225.000,-1,650.000,700.000,-1,-1,2,0,2,0,2,0,0,0,0,1,0,0,2,0,0,2,2
40,2307.610,-6059.022,-274.817,84.257,0.099635,-0.994725,-0.024412,0.994856,0.100040,-0.015950,0.018308,-0.022697,0.999575,0,0.64000,-0.39323,38.400,-0.786,-1,375.000,-1,375.000,-1,300.000,300.000,300.000,325.000,700.000,250.000,225.000,-1,650.000,700.000,-1,-1,2,0,2,0,2,0,0,0,0,1,0,0,2,0,0,2,2
41,2312.528,-6016.103,-274.740,83.464,0.113316,-0.993259,-0.024414,0.993307,0.113807,-0.019723,0.022368,-0.022015,0.999507,0,0.72000,-0.39672,43.200,-0.793,-1,375.000,-1,375.000,-1,300.000,300.000,300.000,325.000,700.000,225.000,200.000,-1,650.000,725.000,-1,-1,2,0,2,0,2,0,0,0,0,1,0,0,2,0,0,2,2
42,2318.660,-5968.496,-274.648,82.661,0.127132,-0.991583,-0.024500,0.991523,0.127715,-0.023882,0.026810,-0.021256,0.999415,0,0.80000,-0.40141,48.000,-0.803,-1,375.000,-1,375.000,-1,300.000,325.000,300.000,325.000,700.000,225.000,175.000,-1,675.000,750.000,-1,-1,2,0,2,0,2,0,0,0,0,1,0,0,2,0,0,2,2
43,2325.948,-5917.636,-273.970,81.846,0.141234,-0.989727,-0.022202,0.989516,0.141816,-0.027306,0.030174,-0.018113,0.999381,0,0.85632,-0.40754,51.379,-0.815,-1,375.000,-1,375.000,-1,300.000,325.000,300.000,300.000,700.000,225.000,200.000,-1,675.000,750.000,-1,-1,2,0,2,0,2,0,0,0,0,1,0,0,2,0,0,2,2
44,2333.880,-5867.471,-272.713,81.015,0.155640,-0.987637,-0.018679,0.987274,0.156153,-0.030116,0.032661,-0.013754,0.999372,0,0.84646,-0.41511,50.788,-0.830,-1,375.000,-1,375.000,-1,300.000,325.000,300.000,300.000,700.000,250.000,225.000,-1,675.000,750.000,-1,-1,2,0,2,0,2,0,0,0,0,1,0,0,2,0,0,2,2
45,2342.464,-5817.938,-270.746,80.168,0.170251,-0.985242,-0.017708,0.984819,0.170741,-0.031300,0.033861,-0.012110,0.999353,0,0.83786,-0.42356,50.272,-0.847,-1,375.000,-1,400.000,-1,300.000,325.000,300.000,300.000,700.000,300.000,250.000,-1,700.000,750.000,-1,-1,2,0,2,0,2,0,0,0,0,1,0,0,2,0,0,2,2
46,2351.715,-5768.970,-268.764,79.303,0.185140,-0.982566,-0.016939,0.982084,0.185611,-0.032545,0.035121,-0.010610,0.999327,0,0.83056,-0.43286,49.834,-0.866,-1,375.000,-1,400.000,-1,300.000,325.000,300.000,300.000,725.000,350.000,300.000,-1,700.000,775.000,-1,-1,2,0,2,0,2,0,0,0,0,1,0,0,2,0,0,2,2
47,2361.649,-5720.504,-266.805,78.417,0.200335,-0.979593,-0.016205,0.979054,0.200783,-0.033757,0.036322,-0.009103,0.999299,0,0.82457,-0.44295,49.474,-0.886,-1,375.000,-1,400.000,-1,300.000,325.000,300.000,300.000,725.000,400.000,350.000,-1,700.000,775.000,-1,-1,2,0,2,0,2,0,0,0,0,1,0,0,2,0,0,2,2
48,2372.289,-5672.475,-264.869,77.509,0.215854,-0.976303,-0.015505,0.975707,0.216277,-0.034938,0.037463,-0.007587,0.999269,0,0.81988,-0.45379,49.193,-0.908,-1,375.000,-1,400.000,-1,325.000,325.000,300.000,300.000,725.000,450.000,400.000,-1,725.000,800.000,-1,-1,2,0,2,0,2,0,0,0,0,1,0,0,2,0,0,2,2
49,2383.660,-5624.823,-262.954,76.578,0.231713,-0.972671,-0.014839,0.972020,0.232109,-0.036087,0.038545,-0.006062,0.999238,0,0.81650,-0.46535,48.990,-0.931,-1,375.000,-1,400.000,-1,325.000,325.000,300.000,300.000,750.000,500.000,425.000,-1,725.000,800.000,-1,-1,2,0,2,0,2,0,0,0,0,1,0,0,2,0,0,2,2
50,2395.792,-5577.490,-261.060,75.623,0.247928,-0.968674,-0.014205,0.967970,0.248293,-0.037204,0.039566,-0.004526,0.999207,0,0.81439,-0.47759,48.863,-0.955,-1,375.000,-1,400.000,-1,325.000,325.000,300.000,300.000,750.000,550.000,475.000,-1,725.000,825.000,-1,-1,2,0,2,0,2,0,0,0,0,1,0,0,2,0,0,2,2
51,2408.720,-5530.420,-259.185,74.642,0.264510,-0.964287,-0.013604,0.963531,0.264843,-0.038291,0.040526,-0.002979,0.999174,0,0.81354,-0.49050,48.813,-0.981,-1,375.000,-1,400.000,-1,325.000,325.000,300.000,300.000,775.000,575.000,525.000,-1,750.000,850.000,-1,-1,2,0,2,0,2,0,0,0,0,1,0,0,2,0,0,2,2
52,2422.480,-5483.563,-257.328,73.634,0.281471,-0.959481,-0.013033,0.958675,0.281769,-0.039345,0.041423,-0.001420,0.999141,0,0.81393,-0.50406,48.836,-1.008,-1,400.000,-1,400.000,-1,325.000,325.000,300.000,300.000,800.000,625.000,550.000,-1,750.000,875.000,-1,-1,2,0,2,0,2,0,0,0,0,1,0,0,2,0,0,2,2
53,2435.454,-5441.481,-255.670,72.866,0.294339,-0.955619,-0.012535,0.954770,0.294606,-0.040267,0.042173,-0.000116,0.999110,0,0.73393,-0.38406,44.036,-0.768,-1,400.000,-1,400.000,-1,325.000,325.000,300.000,300.000,850.000,675.000,600.000,-1,775.000,875.000,-1,-1,2,0,2,0,2,0,0,0,0,1,0,0,2,0,0,2,2
54,2447.358,-5404.095,-254.206,72.338,0.303162,-0.952862,-0.012093,0.951977,0.303401,-0.041068,0.042802,0.000938,0.999083,0,0.65393,-0.26406,39.236,-0.528,-1,400.000,-1,400.000,-1,325.000,325.000,300.000,300.000,875.000,700.000,625.000,-1,775.000,900.000,-1,-1,2,0,2,0,2,0,0,0,0,1,0,0,2,0,0,2,2
55,2458.010,-5371.348,-252.940,71.981,0.309110,-0.950954,-0.011729,0.950040,0.309327,-0.041717,0.043299,0.001752,0.999061,0,0.57393,-0.17835,34.436,-0.357,-1,400.000,-1,400.000,-1,325.000,325.000,300.000,300.000,900.000,725.000,650.000,-1,775.000,900.000,-1,-1,2,0,2,0,2,0,0,0,0,1,0,0,2,0,0,2,2
56,2468.113,-5340.969,-251.715,71.603,0.315417,-0.948888,-0.011078,0.947957,0.315600,-0.042129,0.043472,0.002787,0.999051,0,0.53358,-0.18918,32.015,-0.378,-1,400.000,-1,425.000,-1,325.000,325.000,300.000,300.000,925.000,750.000,675.000,-1,800.000,925.000,-1,-1,2,0,2,0,2,0,0,0,0,1,0,0,2,0,0,2,2
57,2478.500,-5310.451,-250.425,71.204,0.322065,-0.946664,-0.010082,0.945724,0.322196,-0.042366,0.043354,0.004110,0.999051,0,0.53728,-0.19944,32.237,-0.399,-1,400.000,-1,425.000,-1,325.000,325.000,300.000,300.000,950.000,800.000,725.000,-1,800.000,925.000,-1,-1,2,0,2,0,2,0,0,0,0,1,0,0,2,0,0,2,2
58,2489.190,-5279.781,-249.199,70.784,0.329034,-0.944273,-0.009253,0.943338,0.329123,-0.042331,0.043018,0.005200,0.999061,0,0.54133,-0.20993,32.480,-0.420,-1,400.000,-1,425.000,-1,325.000,325.000,300.000,300.000,1000.000,850.000,750.000,-1,800.000,925.000,-1,-1,2,0,2,0,2,0,0,0,0,1,0,0,2,0,0,2,2
59,2500.204,-5248.945,-247.978,70.343,0.336338,-0.941704,-0.008425,0.940775,0.336384,-0.042283,0.042652,0.006296,0.999070,0,0.54574,-0.22066,32.744,-0.441,-1,400.000,-1,425.000,-1,325.000,325.000,300.000,300.000,-1,875.000,800.000,-1,800.000,925.000,-1,-1,2,0,2,0,2,0,0,0,0,2,0,0,2,0,0,2,2
60,2511.566,-5217.930,-246.764,69.880,0.343981,-0.938946,-0.007596,0.938025,0.343985,-0.042221,0.042257,0.007398,0.999079,0,0.55050,-0.23165,33.030,-0.463,-1,400.000,-1,425.000,-1,325.000,325.000,300.000,300.000,-1,925.000,825.000,-1,825.000,925.000,-1,-1,2,0,2,0,2,0,0,0,0,2,0,0,2,0,0,2,2
61,2524.340,-5183.940,-245.423,69.404,0.351799,-0.936051,-0.006752,0.935145,0.351762,-0.042042,0.041728,0.008476,0.999093,0,0.60520,-0.23773,36.312,-0.475,-1,400.000,-1,425.000,-1,325.000,325.000,300.000,300.000,-1,975.000,875.000,-1,825.000,950.000,-1,-1,2,0,2,0,2,0,0,0,0,2,0,0,2,0,0,2,2
62,2537.449,-5149.939,-243.979,68.915,0.359795,-0.933011,-0.006191,0.932138,0.359733,-0.041365,0.040821,0.009112,0.999125,0,0.60733,-0.24439,36.440,-0.489,-1,400.000,-1,425.000,-1,325.000,325.000,300.000,300.000,-1,-1,950.000,-1,825.000,950.000,-1,-1,2,0,2,0,2,0,0,0,0,2,2,0,2,0,0,2,2
63,2550.905,-5115.930,-242.604,68.413,0.367996,-0.929812,-0.005390,0.928978,0.367902,-0.040597,0.039730,0.009932,0.999161,0,0.60958,-0.25135,36.575,-0.503,-1,400.000,-1,425.000,-1,325.000,325.000,300.000,300.000,-1,-1,1000.000,-1,825.000,950.000,-1,-1,2,0,2,0,2,0,0,0,0,2,2,0,2,0,0,2,2
64,2564.722,-5081.912,-241.299,67.895,0.376410,-0.926443,-0.004348,0.925655,0.376276,-0.039743,0.038456,0.010935,0.999200,0,0.61194,-0.25860,36.717,-0.517,-1,400.000,-1,425.000,-1,325.000,325.000,300.000,300.000,-1,-1,-1,-1,825.000,950.000,-1,-1,2,0,2,0,2,0,0,0,0,2,2,2,2,0,0,2,2
65,2578.911,-5047.886,-240.015,67.363,0.385033,-0.922897,-0.003288,0.922155,0.384862,-0.038875,0.037143,0.011936,0.999239,0,0.61443,-0.26616,36.866,-0.532,-1,400.000,-1,425.000,-1,325.000,325.000,300.000,300.000,-1,-1,-1,-1,825.000,950.000,-1,-1,2,0,2,0,2,0,0,0,0,2,2,2,2,0,0,2,2
66,2593.486,-5013.853,-238.751,66.815,0.393874,-0.919162,-0.002210,0.918467,0.393668,-0.037992,0.035791,0.012934,0.999276,0,0.61705,-0.27402,37.023,-0.548,-1,400.000,-1,425.000,-1,325.000,325.000,300.000,300.000,-1,-1,-1,-1,825.000,950.000,-1,-1,2,0,2,0,2,0,0,0,0,2,2,2,2,0,0,2,2
67,2608.463,-4979.814,-237.565,66.251,0.402943,-0.915225,-0.000863,0.914585,0.402696,-0.037027,0.034236,0.014131,0.999314,0,0.61981,-0.28220,37.188,-0.564,-1,400.000,-1,425.000,-1,325.000,325.000,300.000,300.000,-1,-1,-1,-1,825.000,950.000,-1,-1,2,0,2,0,2,0,0,0,0,2,2,2,2,0,0,2,2
68,2625.911,-4941.623,-236.291,65.446,0.415790,-0.909461,0.000803,0.908887,0.415496,-0.035896,0.032312,0.015655,0.999355,0,0.69981,-0.40220,41.988,-0.804,-1,400.000,-1,425.000,-1,325.000,325.000,300.000,300.000,-1,-1,-1,-1,825.000,950.000,-1,-1,2,0,2,0,2,0,0,0,0,2,2,2,2,0,0,2,2
69,2646.126,-4899.427,-234.923,64.402,0.432333,-0.901710,0.002695,0.901213,0.431991,-0.034629,0.030061,0.017400,0.999397,0,0.77981,-0.52220,46.788,-1.044,-1,400.000,-1,425.000,-1,325.000,325.000,300.000,300.000,-1,-1,-1,-1,825.000,925.000,-1,-1,2,0,2,0,2,0,0,0,0,2,2,2,2,0,0,2,2
70,2667.639,-4856.988,-233.594,63.117,0.452464,-0.891770,0.004668,0.891355,0.452079,-0.033343,0.027624,0.019248,0.999433,0,0.79300,-0.64220,47.580,-1.284,-1,400.000,-1,425.000,-1,325.000,325.000,300.000,300.000,-1,-1,-1,-1,825.000,925.000,-1,-1,2,0,2,0,2,0,0,0,0,2,2,2,2,0,0,2,2
71,2690.390,-4814.922,-232.334,61.593,0.476046,-0.879395,0.006670,0.879064,0.475624,-0.032069,0.025029,0.021130,0.999463,0,0.79707,-0.76220,47.824,-1.524,-1,400.000,-1,425.000,-1,325.000,325.000,300.000,300.000,-1,-1,-1,-1,825.000,925.000,-1,-1,2,0,2,0,2,0,0,0,0,2,2,2,2,0,0,2,2
72,2714.372,-4773.441,-231.176,59.966,0.500829,-0.865504,0.008560,0.865256,0.500381,-0.030837,0.022406,0.022851,0.999488,0,0.79858,-0.81348,47.915,-1.627,-1,400.000,-1,425.000,-1,325.000,325.000,300.000,300.000,-1,-1,-1,-1,825.000,925.000,-1,-1,2,0,2,0,2,0,0,0,0,2,2,2,2,0,0,2,2
73,2739.445,-4732.786,-230.201,58.336,0.525246,-0.850892,0.009938,0.850714,0.524789,-0.029687,0.020045,0.024048,0.999510,0,0.79608,-0.81520,47.765,-1.630,-1,400.000,-1,425.000,-1,325.000,325.000,300.000,300.000,-1,-1,-1,-1,850.000,925.000,-1,-1,2,0,2,0,2,0,0,0,0,2,2,2,2,0,0,2,2
74,2765.596,-4692.974,-229.310,56.701,0.549292,-0.835554,0.011325,0.835445,0.548834,-0.028528,0.017621,0.025131,0.999529,0,0.79387,-0.81733,47.632,-1.635,-1,400.000,-1,425.000,-1,325.000,325.000,300.000,300.000,-1,-1,-1,-1,850.000,900.000,-1,-1,2,0,2,0,2,0,0,0,0,2,2,2,2,0,0,2,2
75,2792.811,-4654.018,-228.555,55.061,0.572952,-0.819491,0.012641,0.819452,0.572507,-0.027098,0.014970,0.025885,0.999553,0,0.79202,-0.81984,47.521,-1.640,-1,400.000,-1,425.000,-1,325.000,325.000,300.000,300.000,-1,-1,-1,-1,850.000,900.000,-1,-1,2,0,2,0,2,0,0,0,0,2,2,2,2,0,0,2,2
76,2821.082,-4615.929,-227.901,53.416,0.596217,-0.802702,0.013959,0.802731,0.595793,-0.025583,0.012219,0.026458,0.999575,0,0.79057,-0.82273,47.434,-1.645,-1,400.000,-1,425.000,-1,325.000,325.000,300.000,300.000,-1,-1,-1,-1,850.000,900.000,-1,-1,2,0,2,0,2,0,0,0,0,2,2,2,2,0,0,2,2
77,2850.401,-4578.719,-227.332,51.764,0.619074,-0.785183,0.015303,0.785276,0.618678,-0.024065,0.009428,0.026915,0.999593,0,0.78954,-0.82598,47.373,-1.652,-1,400.000,-1,425.000,-1,325.000,325.000,300.000,300.000,-1,-1,-1,-1,850.000,900.000,-1,-1,2,0,2,0,2,0,0,0,0,2,2,2,2,0,0,2,2
78,2880.763,-4542.400,-226.851,50.105,0.641509,-0.766934,0.016672,0.767087,0.641147,-0.022548,0.006604,0.027253,0.999607,0,0.78898,-0.82957,47.339,-1.659,-1,400.000,-1,425.000,-1,325.000,325.000,300.000,300.000,-1,-1,-1,-1,850.000,900.000,-1,-1,2,0,2,0,2,0,0,0,0,2,2,2,2,0,0,2,2
79,2912.166,-4506.983,-226.492,48.438,0.663507,-0.747951,0.018091,0.748160,0.663180,-0.021192,0.003853,0.027597,0.999612,0,0.78890,-0.83350,47.334,-1.667,-1,400.000,-1,425.000,-1,325.000,325.000,300.000,300.000,-1,-1,-1,-1,850.000,900.000,-1,-1,2,0,2,0,2,0,0,0,0,2,2,2,2,0,0,2,2
80,2944.608,-4472.481,-226.358,46.762,0.685049,-0.728234,0.019541,0.728496,0.684759,-0.019962,0.001156,0.027910,0.999610,0,0.78931,-0.83776,47.359,-1.676,-1,400.000,-1,425.000,-1,325.000,325.000,300.000,300.000,-1,-1,-1,-1,850.000,875.000,-1,-1,2,0,2,0,2,0,0,0,0,2,2,2,2,0,0,2,2
81,2978.089,-4438.910,-226.384,45.078,0.706111,-0.707791,0.020954,0.708099,0.705874,-0.018381,-0.001780,0.027816,0.999611,0,0.79022,-0.84232,47.413,-1.685,-1,400.000,-1,400.000,-1,325.000,325.000,300.000,300.000,-1,-1,-1,-1,850.000,875.000,-1,-1,2,0,2,0,2,0,0,0,0,2,2,2,2,0,0,2,2
82,3012.610,-4406.285,-226.496,43.383,0.726677,-0.686614,0.022392,0.686963,0.726498,-0.016834,-0.004709,0.027615,0.999608,0,0.79163,-0.84718,47.498,-1.694,-1,400.000,-1,400.000,-1,325.000,325.000,300.000,300.000,-1,-1,-1,-1,850.000,875.000,-1,-1,2,0,2,0,2,0,0,0,0,2,2,2,2,0,0,2,2
83,3048.171,-4374.625,-226.790,41.679,0.746731,-0.664698,0.023876,0.665086,0.746600,-0.015762,-0.007349,0.027649,0.999591,0,0.79354,-0.85233,47.612,-1.705,-1,400.000,-1,400.000,-1,325.000,325.000,300.000,300.000,-1,-1,-1,-1,850.000,875.000,-1,-1,2,0,2,0,2,0,0,0,0,2,2,2,2,0,0,2,2
84,3084.775,-4343.951,-227.189,39.963,0.766244,-0.642050,0.025353,0.642474,0.766165,-0.014810,-0.009916,0.027637,0.999569,0,0.79594,-0.85775,47.756,-1.715,-1,400.000,-1,400.000,-1,325.000,325.000,300.000,300.000,-1,-1,-1,-1,850.000,850.000,-1,-1,2,0,2,0,2,0,0,0,0,2,2,2,2,0,0,2,2
85,3122.421,-4314.288,-227.679,38.236,0.785192,-0.618672,0.026813,0.619128,0.785167,-0.013906,-0.012450,0.027520,0.999544,0,0.79882,-0.86343,47.929,-1.727,-1,400.000,-1,400.000,-1,325.000,325.000,300.000,300.000,-1,-1,-1,-1,850.000,850.000,-1,-1,2,0,2,0,2,0,0,0,0,2,2,2,2,0,0,2,2
86,3161.657,-4284.990,-228.273,36.749,0.800929,-0.598093,0.028222,0.598576,0.800960,-0.013037,-0.014807,0.027335,0.999517,0,0.81612,-0.74343,48.967,-1.487,-1,400.000,-1,400.000,-1,325.000,325.000,300.000,300.000,-1,-1,-1,-1,850.000,850.000,-1,-1,2,0,2,0,2,0,0,0,0,2,2,2,2,0,0,2,2
87,3201.709,-4256.419,-229.012,35.503,0.813712,-0.580530,0.029301,0.581026,0.813795,-0.012131,-0.016803,0.026896,0.999497,0,0.81997,-0.62343,49.198,-1.247,-1,400.000,-1,400.000,-1,325.000,325.000,300.000,300.000,-1,-1,-1,-1,850.000,850.000,-1,-1,2,0,2,0,2,0,0,0,0,2,2,2,2,0,0,2,2
88,3242.371,-4228.477,-229.957,34.496,0.823728,-0.566139,0.030951,0.566665,0.823869,-0.011434,-0.019026,0.026958,0.999456,0,0.82228,-0.50343,49.337,-1.007,-1,400.000,-1,400.000,-1,325.000,325.000,300.000,300.000,-1,-1,-1,-1,825.000,825.000,-1,-1,2,0,2,0,2,0,0,0,0,2,2,2,2,0,0,2,2
89,3283.403,-4201.082,-230.971,33.729,0.831172,-0.555060,0.032578,0.555615,0.831370,-0.010782,-0.021100,0.027062,0.999411,0,0.82228,-0.38343,49.337,-0.767,-1,400.000,-1,400.000,-1,325.000,325.000,300.000,300.000,-1,-1,-1,-1,825.000,825.000,-1,-1,2,0,2,0,2,0,0,0,0,2,2,2,2,0,0,2,2
90,3324.686,-4174.066,-232.042,33.202,0.836180,-0.547390,0.034159,0.547972,0.836435,-0.010151,-0.023015,0.027206,0.999365,0,0.82228,-0.26343,49.337,-0.527,-1,400.000,-1,400.000,-1,325.000,325.000,300.000,300.000,-1,-1,-1,-1,825.000,825.000,-1,-1,2,0,2,0,2,0,0,0,0,2,2,2,2,0,0,2,2
91,3366.103,-4147.256,-233.164,32.915,0.838849,-0.543193,0.035697,0.543800,0.839161,-0.009527,-0.024780,0.027404,0.999317,0,0.82228,-0.14343,49.337,-0.287,-1,400.000,-1,400.000,-1,325.000,325.000,300.000,300.000,-1,-1,-1,-1,825.000,800.000,-1,-1,2,0,2,0,2,0,0,0,0,2,2,2,2,0,0,2,2
92,3407.542,-4120.481,-234.446,32.868,0.839251,-0.542509,0.036628,0.543121,0.839609,-0.008708,-0.026029,0.027202,0.999291,0,0.82228,-0.02343,49.337,-0.047,-1,400.000,-1,400.000,-1,325.000,325.000,300.000,300.000,-1,-1,-1,-1,825.000,800.000,-1,-1,2,0,2,0,2,0,0,0,0,2,2,2,2,0,0,2,2
93,3448.891,-4093.566,-235.764,33.061,0.837375,-0.545338,0.037535,0.545954,0.837778,-0.007877,-0.027150,0.027089,0.999264,0,0.82228,0.09657,49.337,0.193,-1,400.000,-1,400.000,-1,325.000,325.000,300.000,300.000,-1,-1,-1,-1,825.000,800.000,-1,-1,2,0,2,0,2,0,0,0,0,2,2,2,2,0,0,2,2
94,3490.095,-4066.430,-237.118,33.368,0.834404,-0.549812,0.038428,0.550430,0.834852,-0.007000,-0.028233,0.026993,0.999237,0,0.82228,0.15322,49.337,0.306,-1,400.000,-1,400.000,-1,325.000,325.000,300.000,300.000,-1,-1,-1,-1,825.000,800.000,-1,-1,2,0,2,0,2,0,0,0,0,2,2,2,2,0,0,2,2
95,3531.153,-4039.074,-238.545,33.674,0.831405,-0.554274,0.039318,0.554886,0.831906,-0.005885,-0.029447,0.026710,0.999209,0,0.82228,0.15322,49.337,0.306,-1,400.000,-1,400.000,-1,325.000,325.000,300.000,300.000,-1,-1,-1,-1,800.000,800.000,-1,-1,2,0,2,0,2,0,0,0,0,2,2,2,2,0,0,2,2
96,3572.064,-4011.499,-239.995,33.981,0.828383,-0.558719,0.040181,0.559324,0.828935,-0.004794,-0.030629,0.026446,0.999181,0,0.82228,0.15322,49.337,0.306,-1,400.000,-1,400.000,-1,325.000,325.000,300.000,300.000,-1,-1,-1,-1,800.000,800.000,-1,-1,2,0,2,0,2,0,0,0,0,2,2,2,2,0,0,2,2
97,3612.828,-3983.706,-241.449,34.287,0.825339,-0.563147,0.041009,0.563747,0.825939,-0.003834,-0.031712,0.026283,0.999151,0,0.82228,0.15322,49.337,0.306,-1,400.000,-1,400.000,-1,325.000,325.000,300.000,300.000,-1,-1,-1,-1,800.000,775.000,-1,-1,2,0,2,0,2,0,0,0,0,2,2,2,2,0,0,2,2
98,3653.442,-3955.695,-242.928,34.594,0.822271,-0.567558,0.041811,0.568153,0.822918,-0.002895,-0.032764,0.026136,0.999121,0,0.82228,0.15322,49.337,0.306,-1,400.000,-1,400.000,-1,325.000,325.000,300.000,300.000,-1,-1,-1,-1,800.000,775.000,-1,-1,2,0,2,0,2,0,0,0,0,2,2,2,2,0,0,2,2
99,3693.906,-3927.467,-244.432,34.900,0.819180,-0.571954,0.042588,0.572541,0.819874,-0.001978,-0.033785,0.026004,0.999091,0,0.82228,0.15322,49.337,0.306,-1,400.000,-1,400.000,-1,325.000,325.000,300.000,300.000,-1,-1,-1,-1,775.000,775.000,-1,-1,2,0,2,0,2,0,0,0,0,2,2,2,2,0,0,2,2
100,3734.218,-3899.023,-245.978,35.207,0.816067,-0.576331,0.043334,0.576914,0.816804,-0.001167,-0.034723,0.025953,0.999060,0,0.82228,0.15322,49.337,0.306,-1,400.000,-1,400.000,-1,325.000,325.000,300.000,300.000,-1,-1,-1,-1,775.000,775.000,-1,-1,2,0,2,0,2,0,0,0,0,2,2,2,2,0,0,2,2
101,3774.377,-3870.364,-247.659,35.513,0.812936,-0.580686,0.044029,0.581281,0.813702,-0.000895,-0.035306,0.026321,0.999030,0,0.82228,0.15322,49.337,0.306,-1,400.000,-1,400.000,-1,325.000,325.000,300.000,300.000,-1,-1,-1,-1,775.000,775.000,-1,-1,2,0,2,0,2,0,0,0,0,2,2,2,2,0,0,2,2
102,3814.382,-3841.490,-249.390,35.819,0.809785,-0.585022,0.044700,0.585635,0.810575,-0.000758,-0.035789,0.026792,0.999000,0,0.82228,0.15322,49.337,0.306,-1,400.000,-1,400.000,-1,325.000,325.000,300.000,300.000,-1,-1,-1,-1,775.000,775.000,-1,-1,2,0,2,0,2,0,0,0,0,2,2,2,2,0,0,2,2
103,3854.233,-3812.403,-251.139,36.126,0.806610,-0.589342,0.045355,0.589971,0.807424,-0.000615,-0.036258,0.027254,0.998971,0,0.82228,0.15322,49.337,0.306,-1,400.000,-1,400.000,-1,325.000,325.000,300.000,300.000,-1,-1,-1,-1,775.000,775.000,-1,-1,2,0,2,0,2,0,0,0,0,2,2,2,2,0,0,2,2
104,3893.927,-3783.103,-252.856,36.432,0.803423,-0.593647,0.045761,0.594285,0.804255,-0.000405,-0.036563,0.027520,0.998952,0,0.82228,0.15322,49.337,0.306,-1,400.000,-1,400.000,-1,325.000,325.000,300.000,300.000,-1,-1,-1,-1,775.000,775.000,-1,-1,2,0,2,0,2,0,0,0,0,2,2,2,2,0,0,2,2
105,3933.464,-3753.592,-254.590,36.739,0.800215,-0.597936,0.046141,0.598580,0.801063,-0.000189,-0.036849,0.027770,0.998935,0,0.82228,0.15322,49.337,0.306,-1,400.000,-1,400.000,-1,325.000,325.000,300.000,300.000,-1,-1,-1,-1,775.000,775.000,-1,-1,2,0,2,0,2,0,0,0,0,2,2,2,2,0,0,2,2
106,3972.843,-3723.869,-256.345,37.045,0.796984,-0.602208,0.046510,0.602859,0.797848,0.000028,-0.037125,0.028017,0.998918,0,0.82228,0.15322,49.337,0.306,-1,400.000,-1,400.000,-1,325.000,325.000,300.000,300.000,-1,-1,-1,-1,775.000,750.000,-1,-1,2,0,2,0,2,0,0,0,0,2,2,2,2,0,0,2,2
107,4012.062,-3693.936,-258.120,37.352,0.793730,-0.606462,0.046868,0.607120,0.794610,0.000246,-0.037391,0.028259,0.998901,0,0.82228,0.15322,49.337,0.306,-1,400.000,-1,400.000,-1,325.000,325.000,300.000,300.000,-1,-1,-1,-1,775.000,750.000,-1,-1,2,0,2,0,2,0,0,0,0,2,2,2,2,0,0,2,2
108,4050.451,-3664.567,-259.919,37.418,0.793015,-0.607384,0.047028,0.608038,0.793908,0.000510,-0.037646,0.028190,0.998893,0,0.80558,0.03322,48.335,0.066,-1,400.000,-1,400.000,-1,325.000,325.000,300.000,300.000,-1,-1,-1,-1,775.000,750.000,-1,-1,2,0,2,0,2,0,0,0,0,2,2,2,2,0,0,2,2
109,4088.928,-3635.314,-261.763,37.244,0.794846,-0.604982,0.047085,0.605623,0.795751,0.000806,-0.037956,0.027875,0.998891,0,0.80558,-0.08678,48.335,-0.174,-1,400.000,-1,400.000,-1,325.000,325.000,300.000,300.000,-1,-1,-1,-1,775.000,750.000,-1,-1,2,0,2,0,2,0,0,0,0,2,2,2,2,0,0,2,2
110,4127.826,-3606.182,-263.628,36.831,0.799183,-0.599229,0.047238,0.599857,0.800106,0.001088,-0.038447,0.027466,0.998883,0,0.80996,-0.20678,48.597,-0.414,-1,400.000,-1,400.000,-1,325.000,325.000,300.000,300.000,-1,-1,-1,-1,775.000,750.000,-1,-1,2,0,2,0,2,0,0,0,0,2,2,2,2,0,0,2,2
111,4167.278,-3577.332,-265.501,36.177,0.805963,-0.590074,0.047291,0.590682,0.806903,0.001371,-0.038968,0.026830,0.998880,0,0.81459,-0.32678,48.875,-0.654,-1,400.000,-1,400.000,-1,325.000,325.000,300.000,300.000,-1,-1,-1,-1,775.000,750.000,-1,-1,2,0,2,0,2,0,0,0,0,2,2,2,2,0,0,2,2
112,4207.280,-3548.788,-267.379,35.511,0.812775,-0.580652,0.047326,0.581247,0.813726,0.001439,-0.039346,0.026339,0.998878,0,0.81903,-0.33337,49.142,-0.667,-1,400.000,-1,400.000,-1,325.000,325.000,300.000,300.000,-1,-1,-1,-1,775.000,750.000,-1,-1,2,0,2,0,2,0,0,0,0,2,2,2,2,0,0,2,2
113,4247.816,-3520.561,-269.304,34.851,0.819406,-0.571254,0.047349,0.571836,0.820366,0.001516,-0.039709,0.025834,0.998877,0,0.82326,-0.32976,49.396,-0.660,-1,400.000,-1,400.000,-1,325.000,325.000,300.000,300.000,-1,-1,-1,-1,775.000,750.000,-1,-1,2,0,2,0,2,0,0,0,0,2,2,2,2,0,0,2,2
114,4288.870,-3492.662,-271.275,34.199,0.825853,-0.561893,0.047359,0.562460,0.826823,0.001602,-0.040058,0.025314,0.998877,0,0.82727,-0.32590,49.636,-0.652,-1,400.000,-1,400.000,-1,325.000,325.000,300.000,300.000,-1,-1,-1,-1,775.000,725.000,-1,-1,2,0,2,0,2,0,0,0,0,2,2,2,2,0,0,2,2
115,4330.423,-3465.101,-273.290,33.556,0.832115,-0.552578,0.047357,0.553130,0.833093,0.001698,-0.040391,0.024782,0.998877,0,0.83104,-0.32178,49.862,-0.644,-1,400.000,-1,400.000,-1,325.000,325.000,300.000,300.000,-1,-1,-1,-1,775.000,725.000,-1,-1,2,0,2,0,2,0,0,0,0,2,2,2,2,0,0,2,2
116,4372.455,-3437.888,-275.350,32.921,0.838189,-0.543320,0.047343,0.543858,0.839176,0.001803,-0.040709,0.024237,0.998877,0,0.83454,-0.31742,50.072,-0.635,-1,400.000,-1,400.000,-1,325.000,325.000,300.000,300.000,-1,-1,-1,-1,775.000,725.000,-1,-1,2,0,2,0,2,0,0,0,0,2,2,2,2,0,0,2,2
117,4414.944,-3411.032,-277.437,32.295,0.844075,-0.534133,0.047326,0.534651,0.845070,0.001993,-0.041058,0.023621,0.998878,0,0.83775,-0.31281,50.265,-0.626,1000.000,400.000,-1,375.000,-1,325.000,325.000,300.000,300.000,-1,-1,-1,-1,750.000,725.000,-1,-1,1,0,2,0,2,0,0,0,0,2,2,2,2,0,0,2,2
118,4457.868,-3384.543,-279.528,31.679,0.849768,-0.525028,0.047320,0.525520,0.850778,0.002363,-0.041499,0.022859,0.998877,0,0.84065,-0.30794,50.439,-0.616,1000.000,400.000,-1,375.000,-1,325.000,325.000,300.000,300.000,-1,-1,-1,-1,750.000,725.000,-1,-1,1,0,2,0,2,0,0,0,0,2,2,2,2,0,0,2,2
119,4501.201,-3358.430,-281.660,31.074,0.855273,-0.516014,0.047308,0.516480,0.856295,0.002741,-0.041924,0.022089,0.998877,0,0.84322,-0.30283,50.593,-0.606,1000.000,400.000,-1,375.000,-1,325.000,325.000,300.000,300.000,-1,-1,-1,-1,750.000,725.000,-1,-1,1,0,2,0,2,0,0,0,0,2,2,2,2,0,0,2,2
120,4544.919,-3332.701,-283.700,30.479,0.860613,-0.507107,0.046772,0.507530,0.861628,0.003226,-0.041936,0.020962,0.998900,0,0.84544,-0.29748,50.727,-0.595,975.000,400.000,-1,375.000,-1,325.000,325.000,300.000,300.000,-1,-1,-1,-1,750.000,725.000,-1,-1,1,0,2,0,2,0,0,0,0,2,2,2,2,0,0,2,2
121,4588.992,-3307.363,-285.718,29.895,0.865775,-0.498315,0.045999,0.498689,0.866773,0.003773,-0.041751,0.019672,0.998934,0,0.84729,-0.29189,50.837,-0.584,975.000,400.000,-1,375.000,-1,325.000,325.000,300.000,300.000,-1,-1,-1,-1,750.000,725.000,-1,-1,1,0,2,0,2,0,0,0,0,2,2,2,2,0,0,2,2
122,4633.392,-3282.424,-287.771,29.323,0.870747,-0.489647,0.045225,0.489972,0.871727,0.004340,-0.041549,0.018380,0.998967,0,0.84875,-0.28608,50.925,-0.572,1000.000,400.000,-1,375.000,-1,325.000,325.000,300.000,300.000,-1,-1,-1,-1,750.000,725.000,-1,-1,1,0,2,0,2,0,0,0,0,2,2,2,2,0,0,2,2
123,4678.088,-3257.890,-289.855,28.763,0.875530,-0.481113,0.044474,0.481392,0.876492,0.004915,-0.041346,0.017106,0.998998,0,0.84979,-0.28005,50.987,-0.560,-1,400.000,-1,375.000,-1,325.000,325.000,300.000,300.000,-1,-1,-1,-1,750.000,725.000,-1,-1,2,0,2,0,2,0,0,0,0,2,2,2,2,0,0,2,2
124,4723.050,-3233.766,-291.916,28.215,0.880115,-0.472721,0.043955,0.472961,0.881067,0.005443,-0.041301,0.015999,0.999019,0,0.85041,-0.27383,51.024,-0.548,-1,400.000,-1,375.000,-1,325.000,325.000,300.000,300.000,-1,-1,-1,-1,750.000,700.000,-1,-1,2,0,2,0,2,0,0,0,0,2,2,2,2,0,0,2,2
125,4768.245,-3210.059,-293.952,27.680,0.884517,-0.464484,0.043421,0.464687,0.885455,0.005898,-0.041187,0.014960,0.999039,0,0.85058,-0.26743,51.035,-0.535,-1,400.000,-1,375.000,-1,325.000,325.000,300.000,300.000,-1,-1,-1,-1,750.000,700.000,-1,-1,2,0,2,0,2,0,0,0,0,2,2,2,2,0,0,2,2
126,4813.638,-3186.771,-295.897,27.158,0.888744,-0.456405,0.042761,0.456597,0.889655,0.005753,-0.040668,0.014412,0.999069,0,0.85032,-0.26087,51.019,-0.522,-1,400.000,-1,375.000,-1,325.000,325.000,300.000,300.000,-1,-1,-1,-1,750.000,700.000,-1,-1,2,0,2,0,2,0,0,0,0,2,2,2,2,0,0,2,2
127,4859.198,-3163.907,-297.868,26.650,0.892792,-0.448498,0.042089,0.448677,0.893676,0.005618,-0.040134,0.013869,0.999098,0,0.84959,-0.25417,50.976,-0.508,-1,400.000,-1,375.000,-1,325.000,325.000,300.000,300.000,-1,-1,-1,-1,750.000,700.000,-1,-1,2,0,2,0,2,0,0,0,0,2,2,2,2,0,0,2,2
128,4904.891,-3141.468,-299.863,26.155,0.896666,-0.440768,0.041407,0.440935,0.897522,0.005493,-0.039584,0.013332,0.999127,0,0.84842,-0.24737,50.905,-0.495,-1,400.000,-1,400.000,-1,325.000,325.000,300.000,300.000,-1,-1,-1,-1,750.000,700.000,-1,-1,2,0,2,0,2,0,0,0,0,2,2,2,2,0,0,2,2
129,4950.682,-3119.455,-301.880,25.674,0.900368,-0.433221,0.040714,0.433376,0.901197,0.005378,-0.039021,0.012802,0.999156,0,0.84680,-0.24049,50.808,-0.481,-1,400.000,-1,375.000,-1,325.000,325.000,300.000,300.000,-1,-1,-1,-1,750.000,700.000,-1,-1,2,0,2,0,2,0,0,0,0,2,2,2,2,0,0,2,2
130,4996.540,-3097.869,-303.918,25.207,0.903903,-0.425861,0.040012,0.426005,0.904705,0.005272,-0.038445,0.012280,0.999185,0,0.84474,-0.23358,50.684,-0.467,-1,400.000,-1,375.000,-1,325.000,325.000,300.000,300.000,-1,-1,-1,-1,750.000,675.000,-1,-1,2,0,2,0,2,0,0,0,0,2,2,2,2,0,0,2,2
131,5042.432,-3076.709,-305.973,24.754,0.907277,-0.418692,0.039302,0.418825,0.908052,0.005176,-0.037856,0.011765,0.999214,0,0.84226,-0.22667,50.536,-0.453,-1,400.000,-1,375.000,-1,325.000,325.000,300.000,300.000,-1,-1,-1,-1,725.000,675.000,-1,-1,2,0,2,0,2,0,0,0,0,2,2,2,2,0,0,2,2
132,5088.329,-3055.972,-308.035,24.314,0.910497,-0.411707,0.038636,0.411831,0.911246,0.005062,-0.037291,0.011303,0.999241,0,0.83939,-0.22004,50.364,-0.440,-1,400.000,-1,375.000,-1,325.000,325.000,300.000,300.000,-1,-1,-1,-1,725.000,675.000,-1,-1,2,0,2,0,2,0,0,0,0,2,2,2,2,0,0,2,2
133,5134.204,-3035.663,-310.013,23.879,0.913618,-0.404781,0.038131,0.404886,0.914352,0.005294,-0.037008,0.010602,0.999259,0,0.83616,-0.21746,50.169,-0.435,-1,400.000,-1,375.000,-1,325.000,325.000,300.000,300.000,-1,-1,-1,-1,725.000,675.000,-1,-1,2,0,2,0,2,0,0,0,0,2,2,2,2,0,0,2,2
134,5180.034,-3015.785,-311.919,23.448,0.916651,-0.397905,0.037719,0.397977,0.917376,0.005915,-0.036956,0.009589,0.999271,0,0.83258,-0.21521,49.955,-0.430,-1,375.000,-1,375.000,-1,325.000,300.000,300.000,300.000,-1,-1,-1,-1,725.000,675.000,-1,-1,2,0,2,0,2,0,0,0,0,2,2,2,2,0,0,2,2
135,5229.220,-2995.131,-313.624,22.778,0.921321,-0.387152,0.035781,0.387146,0.921989,0.007393,-0.035852,0.007041,0.999332,0,0.88912,-0.33521,53.347,-0.670,-1,375.000,-1,375.000,1000.000,325.000,300.000,300.000,300.000,-1,-1,-1,-1,725.000,675.000,-1,-1,2,0,2,0,0,0,0,0,0,2,2,2,2,0,0,2,2
136,5278.459,-2975.370,-315.348,21.868,0.927431,-0.372459,0.033863,0.372377,0.928038,0.008924,-0.034750,0.004334,0.999387,0,0.88428,-0.45521,53.057,-0.910,-1,375.000,-1,375.000,1000.000,300.000,300.000,300.000,300.000,-1,975.000,-1,-1,725.000,675.000,-1,-1,2,0,2,0,0,0,0,0,0,2,0,2,2,0,0,2,2
