timestep,x_cm,y_cm,z_cm,yaw_deg,basis_xx,basis_xy,basis_xz,basis_yx,basis_yy,basis_yz,basis_zx,basis_zy,basis_zz,teleport_flag,throttle_cmd,steering_cmd,cmd_move_cm,cmd_turn_deg,lidar_cm_0,lidar_cm_1,lidar_cm_2,lidar_cm_3,lidar_cm_4,lidar_cm_5,lidar_cm_6,lidar_cm_7,lidar_cm_8,lidar_cm_9,lidar_cm_10,lidar_cm_11,lidar_cm_12,lidar_cm_13,lidar_cm_14,lidar_cm_15,lidar_cm_16,lidar_class_0,lidar_class_1,lidar_class_2,lidar_class_3,lidar_class_4,lidar_class_5,lidar_class_6,lidar_class_7,lidar_class_8,lidar_class_9,lidar_class_10,lidar_class_11,lidar_class_12,lidar_class_13,lidar_class_14,lidar_class_15,lidar_class_16
0,-2947.512,8201.507,118.191,29.375,0.871423,-0.490509,-0.004764,0.490527,0.871418,0.003739,0.002317,-0.005595,0.999982,1,0.08000,0.12000,4.800,0.240,-1,400.000,-1,400.000,-1,325.000,325.000,300.000,300.000,-1,-1,-1,-1,800.000,875.000,-1,-1,2,0,2,0,2,0,0,0,0,2,2,2,2,0,0,2,2
1,-2939.186,8206.286,118.225,29.855,0.867284,-0.497792,-0.004600,0.497809,0.867278,0.003848,0.002074,-0.005628,0.999982,0,0.16000,0.24000,9.600,0.480,-1,400.000,-1,400.000,-1,325.000,325.000,300.000,300.000,-1,-1,-1,-1,800.000,875.000,-1,-1,2,0,2,0,2,0,0,0,0,2,2,2,2,0,0,2,2
2,-2926.788,8213.611,118.276,30.575,0.860962,-0.508651,-0.004360,0.508667,0.860954,0.004017,0.001710,-0.005676,0.999982,0,0.24000,0.36000,14.400,0.720,-1,400.000,-1,400.000,-1,325.000,325.000,300.000,300.000,-1,-1,-1,-1,800.000,875.000,-1,-1,2,0,2,0,2,0,0,0,0,2,2,2,2,0,0,2,2
3,-2910.424,8223.653,118.342,31.535,0.852320,-0.523004,-0.004050,0.523019,0.852311,0.004249,0.001229,-0.005740,0.999983,0,0.32000,0.48000,19.200,0.960,-1,400.000,-1,400.000,-1,325.000,325.000,300.000,300.000,-1,-1,-1,-1,775.000,875.000,-1,-1,2,0,2,0,2,0,0,0,0,2,2,2,2,0,0,2,2
4,-2890.191,8236.562,118.417,32.540,0.843009,-0.537886,-0.003662,0.537898,0.842997,0.004545,0.000642,-0.005801,0.999983,0,0.40000,0.50295,24.000,1.006,-1,400.000,-1,400.000,-1,325.000,325.000,300.000,300.000,-1,-1,-1,-1,775.000,875.000,-1,-1,2,0,2,0,2,0,0,0,0,2,2,2,2,0,0,2,2
5,-2866.189,8252.479,118.494,33.551,0.833399,-0.552663,-0.003182,0.552672,0.833384,0.004900,-0.000057,-0.005842,0.999983,0,0.48000,0.50504,28.800,1.010,-1,400.000,-1,400.000,-1,325.000,325.000,300.000,300.000,-1,-1,-1,-1,775.000,875.000,-1,-1,2,0,2,0,2,0,0,0,0,2,2,2,2,0,0,2,2
6,-2838.521,8271.542,118.576,34.566,0.823479,-0.567340,-0.002638,0.567346,0.823462,0.005328,-0.000851,-0.005884,0.999982,0,0.56000,0.50755,33.600,1.015,-1,400.000,-1,400.000,-1,325.000,325.000,300.000,300.000,-1,-1,-1,-1,775.000,875.000,-1,-1,2,0,2,0,2,0,0,0,0,2,2,2,2,0,0,2,2
7,-2807.292,8293.888,118.553,35.587,0.813240,-0.581924,-0.002063,0.581926,0.813224,0.005320,-0.001418,-0.005527,0.999984,0,0.64000,0.51049,38.400,1.021,-1,400.000,-1,400.000,-1,325.000,325.000,300.000,300.000,-1,-1,-1,-1,775.000,875.000,-1,-1,2,0,2,0,2,0,0,0,0,2,2,2,2,0,0,2,2
8,-2772.617,8319.654,118.472,36.614,0.802672,-0.596419,-0.001431,0.596418,0.802658,0.005105,-0.001897,-0.004951,0.999986,0,0.72000,0.51387,43.200,1.028,-1,400.000,-1,400.000,-1,325.000,325.000,300.000,300.000,-1,-1,-1,-1,775.000,875.000,-1,-1,2,0,2,0,2,0,0,0,0,2,2,2,2,0,0,2,2
9,-2735.493,8348.295,118.380,37.650,0.791764,-0.610827,-0.000745,0.610823,0.791752,0.004911,-0.002410,-0.004343,0.999988,0,0.78147,0.51768,46.888,1.035,-1,400.000,-1,400.000,-1,325.000,325.000,300.000,300.000,-1,-1,-1,-1,775.000,875.000,-1,-1,2,0,2,0,2,0,0,0,0,2,2,2,2,0,0,2,2
10,-2698.741,8377.731,118.258,38.693,0.780506,-0.625148,0.000054,0.625141,0.780497,0.004721,-0.002993,-0.003651,0.999989,0,0.78479,0.52182,47.088,1.044,-1,400.000,-1,425.000,-1,325.000,325.000,300.000,300.000,-1,-1,-1,-1,775.000,875.000,-1,-1,2,0,2,0,2,0,0,0,0,2,2,2,2,0,0,2,2
11,-2662.381,8407.967,117.925,39.745,0.768893,-0.639375,0.001806,0.639364,0.768892,0.004369,-0.004182,-0.002205,0.999989,0,0.78816,0.52599,47.289,1.052,-1,400.000,-1,400.000,-1,325.000,325.000,300.000,300.000,-1,-1,-1,-1,775.000,850.000,-1,-1,2,0,2,0,2,0,0,0,0,2,2,2,2,0,0,2,2
12,-2626.458,8438.980,117.596,40.804,0.756938,-0.653477,0.003523,0.653465,0.756946,0.004091,-0.005340,-0.000794,0.999985,0,0.79096,0.52946,47.458,1.059,-1,400.000,-1,400.000,-1,325.000,325.000,300.000,300.000,-1,-1,-1,-1,775.000,850.000,-1,-1,2,0,2,0,2,0,0,0,0,2,2,2,2,0,0,2,2
13,-2591.114,8470.651,117.313,41.863,0.744722,-0.667354,0.005209,0.667344,0.744740,0.003665,-0.006326,0.000747,0.999980,0,0.79096,0.52946,47.458,1.059,-1,400.000,-1,400.000,-1,325.000,325.000,300.000,300.000,-1,-1,-1,-1,775.000,850.000,-1,-1,2,0,2,0,2,0,0,0,0,2,2,2,2,0,0,2,2
14,-2556.362,8502.969,117.034,42.922,0.732250,-0.681002,0.006856,0.680997,0.732278,0.003312,-0.007276,0.002244,0.999971,0,0.79096,0.52946,47.458,1.059,-1,400.000,-1,400.000,-1,325.000,325.000,300.000,300.000,-1,-1,-1,-1,775.000,825.000,-1,-1,2,0,2,0,2,0,0,0,0,2,2,2,2,0,0,2,2
15,-2522.213,8535.925,116.719,43.981,0.719527,-0.694416,0.008256,0.694418,0.719565,0.003055,-0.008062,0.003535,0.999961,0,0.79096,0.52946,47.458,1.059,-1,400.000,-1,400.000,-1,325.000,325.000,300.000,300.000,-1,-1,-1,-1,750.000,825.000,-1,-1,2,0,2,0,2,0,0,0,0,2,2,2,2,0,0,2,2
16,-2488.679,8569.506,116.333,45.040,0.706561,-0.707592,0.009224,0.707600,0.706607,0.002901,-0.008570,0.004477,0.999953,0,0.79096,0.52946,47.458,1.059,-1,400.000,-1,400.000,-1,325.000,325.000,300.000,300.000,-1,-1,-1,-1,750.000,825.000,-1,-1,2,0,2,0,2,0,0,0,0,2,2,2,2,0,0,2,2
17,-2454.239,8605.422,115.935,46.203,0.692047,-0.721780,0.010202,0.721795,0.692101,0.002780,-0.009067,0.005440,0.999944,0,0.82934,0.58129,49.761,1.163,-1,400.000,-1,400.000,-1,325.000,325.000,300.000,300.000,-1,-1,-1,-1,750.000,825.000,-1,-1,2,0,2,0,2,0,0,0,0,2,2,2,2,0,0,2,2
18,-2420.446,8642.122,115.533,47.361,0.677300,-0.735622,0.011152,0.735646,0.677361,0.002648,-0.009502,0.006410,0.999934,0,0.83146,0.57930,49.888,1.159,-1,400.000,-1,400.000,-1,325.000,325.000,300.000,300.000,-1,-1,-1,-1,750.000,825.000,-1,-1,2,0,2,0,2,0,0,0,0,2,2,2,2,0,0,2,2
19,-2387.323,8679.581,115.138,48.515,0.662331,-0.749114,0.012067,0.749146,0.662400,0.002550,-0.009903,0.007351,0.999924,0,0.83340,0.57717,50.004,1.154,-1,400.000,-1,400.000,-1,325.000,325.000,300.000,300.000,-1,-1,-1,-1,750.000,800.000,-1,-1,2,0,2,0,2,0,0,0,0,2,2,2,2,0,0,2,2
20,-2354.890,8717.777,114.748,49.665,0.647154,-0.762250,0.012946,0.762290,0.647230,0.002484,-0.010272,0.008261,0.999913,0,0.83513,0.57489,50.108,1.150,-1,400.000,-1,400.000,-1,325.000,325.000,300.000,300.000,-1,-1,-1,-1,725.000,800.000,-1,-1,2,0,2,0,2,0,0,0,0,2,2,2,2,0,0,2,2
21,-2323.170,8756.685,114.365,50.810,0.631781,-0.775024,0.013787,0.775074,0.631865,0.002447,-0.010608,0.009140,0.999902,0,0.83665,0.57248,50.199,1.145,-1,400.000,-1,400.000,-1,325.000,325.000,300.000,325.000,-1,-1,-1,-1,725.000,800.000,-1,-1,2,0,2,0,2,0,0,0,0,2,2,2,2,0,0,2,2
22,-2292.182,8796.277,114.055,51.950,0.616231,-0.787436,0.014273,0.787493,0.616319,0.002433,-0.010713,0.009741,0.999895,0,0.83795,0.56994,50.277,1.140,-1,400.000,-1,400.000,-1,325.000,325.000,300.000,325.000,-1,-1,-1,-1,725.000,800.000,-1,-1,2,0,2,0,2,0,0,0,0,2,2,2,2,0,0,2,2
23,-2261.945,8836.526,113.452,53.085,0.600513,-0.799476,0.014912,0.799549,0.600599,0.001637,-0.010265,0.010940,0.999887,0,0.83902,0.56729,50.341,1.135,-1,400.000,-1,400.000,-1,325.000,325.000,300.000,325.000,-1,-1,-1,-1,725.000,800.000,-1,-1,2,0,2,0,2,0,0,0,0,2,2,2,2,0,0,2,2
24,-2232.479,8877.403,112.828,54.214,0.584639,-0.811146,0.015484,0.811233,0.584722,0.001057,-0.009911,0.011943,0.999880,0,0.83985,0.56453,50.391,1.129,-1,400.000,-1,400.000,-1,325.000,325.000,300.000,325.000,-1,-1,-1,-1,725.000,800.000,-1,-1,2,0,2,0,2,0,0,0,0,2,2,2,2,0,0,2,2
25,-2203.799,8918.879,112.228,55.337,0.568621,-0.822444,0.016032,0.822545,0.568700,0.000505,-0.009533,0.012899,0.999871,0,0.84044,0.56168,50.426,1.123,-1,400.000,-1,400.000,-1,325.000,325.000,300.000,325.000,-1,-1,-1,-1,725.000,775.000,-1,-1,2,0,2,0,2,0,0,0,0,2,2,2,2,0,0,2,2
26,-2175.922,8960.924,111.651,56.455,0.552469,-0.833369,0.016555,0.833483,0.552545,-0.000020,-0.009131,0.013809,0.999863,0,0.84078,0.55877,50.447,1.118,-1,375.000,-1,400.000,-1,325.000,325.000,300.000,325.000,-1,-1,-1,-1,725.000,775.000,-1,-1,2,0,2,0,2,0,0,0,0,2,2,2,2,0,0,2,2
27,-2148.863,9003.507,111.130,57.566,0.536194,-0.843919,0.017213,0.844049,0.536266,-0.000503,-0.008807,0.014799,0.999852,0,0.84087,0.55580,50.452,1.112,-1,375.000,-1,400.000,-1,325.000,325.000,300.000,325.000,-1,-1,-1,-1,725.000,775.000,-1,-1,2,0,2,0,2,0,0,0,0,2,2,2,2,0,0,2,2
28,-2122.636,9046.596,110.648,58.672,0.519806,-0.854096,0.017929,0.854242,0.519875,-0.000946,-0.008513,0.015807,0.999839,0,0.84072,0.55279,50.443,1.106,-1,375.000,-1,400.000,-1,325.000,325.000,300.000,325.000,-1,-1,-1,-1,700.000,750.000,-1,-1,2,0,2,0,2,0,0,0,0,2,2,2,2,0,0,2,2
29,-2099.826,9086.131,110.241,60.017,0.499604,-0.866055,0.018568,0.866216,0.499667,-0.001353,-0.008106,0.016760,0.999827,0,0.76072,0.67279,45.643,1.346,-1,375.000,-1,400.000,-1,325.000,325.000,300.000,325.000,-1,-1,-1,-1,700.000,750.000,-1,-1,2,0,2,0,2,0,0,0,0,2,2,2,2,0,0,2,2
30,-2078.500,9125.579,109.969,61.603,0.475451,-0.879529,0.019392,0.879712,0.475501,-0.002222,-0.007266,0.018116,0.999809,0,0.74740,0.79279,44.844,1.586,-1,375.000,-1,400.000,-1,325.000,325.000,325.000,300.000,-1,-1,-1,-1,700.000,750.000,-1,-1,2,0,2,0,2,0,0,0,0,2,2,2,2,0,0,2,2
31,-2058.469,9165.631,109.759,63.429,0.447196,-0.894205,0.020302,0.894414,0.447228,-0.003192,-0.006226,0.019586,0.999789,0,0.74635,0.91279,44.781,1.826,-1,375.000,-1,400.000,-1,325.000,325.000,325.000,300.000,-1,-1,-1,-1,700.000,750.000,-1,-1,2,0,2,0,2,0,0,0,0,2,2,2,2,0,0,2,2
32,-2039.777,9206.232,109.582,65.279,0.418092,-0.908157,0.021233,0.908390,0.418103,-0.004101,-0.005153,0.021002,0.999766,0,0.74497,0.92539,44.698,1.851,-1,375.000,-1,375.000,-1,325.000,325.000,325.000,300.000,-1,-1,-1,-1,700.000,725.000,-1,-1,2,0,2,0,2,0,0,0,0,2,2,2,2,0,0,2,2
33,-2022.442,9247.328,109.439,67.128,0.388584,-0.921146,0.022172,0.921404,0.388574,-0.004935,-0.004070,0.022347,0.999742,0,0.74338,0.92443,44.603,1.849,-1,375.000,-1,375.000,-1,325.000,325.000,325.000,300.000,-1,-1,-1,-1,700.000,725.000,-1,-1,2,0,2,0,2,0,0,0,0,2,2,2,2,0,0,2,2
34,-2006.477,9288.865,109.391,68.976,0.358695,-0.933172,0.022974,0.933449,0.358668,-0.005452,-0.003153,0.023400,0.999721,0,0.74164,0.92371,44.499,1.847,-1,375.000,-1,375.000,-1,300.000,325.000,325.000,300.000,-1,-1,-1,-1,700.000,725.000,-1,-1,2,0,2,0,2,0,0,0,0,2,2,2,2,0,0,2,2
35,-1991.896,9330.789,109.548,70.822,0.328465,-0.944236,0.022989,0.944514,0.328411,-0.006186,-0.001709,0.023746,0.999717,0,0.73979,0.92321,44.387,1.846,-1,375.000,-1,375.000,-1,325.000,325.000,325.000,300.000,-1,-1,-1,-1,700.000,725.000,-1,-1,2,0,2,0,2,0,0,0,0,2,2,2,2,0,0,2,2
36,-1978.707,9373.050,109.761,72.668,0.297906,-0.954320,0.022900,0.954595,0.297825,-0.006958,-0.000180,0.023933,0.999714,0,0.73786,0.92294,44.272,1.846,-1,375.000,-1,375.000,-1,325.000,325.000,325.000,300.000,-1,-1,950.000,-1,700.000,725.000,-1,-1,2,0,2,0,2,0,0,0,0,2,2,0,2,0,0,2,2
37,-1966.831,9415.227,109.993,74.274,0.271071,-0.962289,0.022811,0.962559,0.270963,-0.007736,0.001263,0.024054,0.999710,0,0.73028,0.80294,43.817,1.606,-1,375.000,-1,375.000,-1,325.000,325.000,325.000,300.000,-1,-1,925.000,-1,700.000,725.000,-1,-1,2,0,2,0,2,0,0,0,0,2,2,0,2,0,0,2,2
38,-1955.991,9457.570,110.238,75.640,0.248081,-0.968473,0.022727,0.968736,0.247948,-0.008522,0.002618,0.024131,0.999705,0,0.72848,0.68294,43.709,1.366,-1,375.000,-1,375.000,-1,325.000,325.000,325.000,325.000,-1,1000.000,900.000,-1,700.000,725.000,-1,-1,2,0,2,0,2,0,0,0,0,2,0,0,2,0,0,2,2
39,-1946.006,9500.023,110.426,76.765,0.229031,-0.973163,0.022353,0.973411,0.228872,-0.009457,0.004087,0.023924,0.999705,0,0.72686,0.56294,43.612,1.126,-1,375.000,-1,375.000,-1,325.000,325.000,325.000,325.000,-1,850.000,875.000,-1,725.000,725.000,-1,-1,2,0,2,0,2,0,0,0,0,2,0,0,2,0,0,2,2
40,-1936.698,9542.542,110.626,77.651,0.213983,-0.976590,0.021984,0.976822,0.213800,-0.010410,0.005466,0.023702,0.999704,0,0.72544,0.44294,43.527,0.886,-1,375.000,-1,375.000,-1,325.000,325.000,325.000,325.000,-1,825.000,850.000,-1,725.000,725.000,-1,-1,2,0,2,0,2,0,0,0,0,2,0,0,2,0,0,2,2
41,-1927.884,9585.094,110.838,78.297,0.202985,-0.978943,0.021638,0.979159,0.202779,-0.011364,0.006738,0.023493,0.999701,0,0.72424,0.32294,43.454,0.646,-1,375.000,-1,375.000,-1,325.000,325.000,325.000,325.000,-1,800.000,800.000,-1,725.000,725.000,-1,-1,2,0,2,0,2,0,0,0,0,2,0,0,2,0,0,2,2
42,-1919.383,9627.648,111.059,78.703,0.196068,-0.980359,0.021303,0.980559,0.195840,-0.012319,0.007905,0.023304,0.999697,0,0.72326,0.20294,43.395,0.406,-1,375.000,-1,375.000,-1,325.000,325.000,325.000,325.000,-1,775.000,775.000,-1,725.000,725.000,-1,-1,2,0,2,0,2,0,0,0,0,2,0,0,2,0,0,2,2
43,-1911.014,9670.182,111.283,78.869,0.193249,-0.980926,0.020971,0.981109,0.193002,-0.013271,0.008970,0.023139,0.999692,0,0.72249,0.08294,43.349,0.166,-1,375.000,-1,375.000,-1,325.000,325.000,325.000,325.000,-1,750.000,750.000,-1,725.000,725.000,-1,-1,2,0,2,0,2,0,0,0,0,2,0,0,2,0,0,2,2
44,-1902.597,9712.672,111.506,78.795,0.194537,-0.980678,0.020630,0.980845,0.194271,-0.014218,0.009936,0.023001,0.999686,0,0.72193,-0.03706,43.316,-0.074,-1,375.000,-1,375.000,-1,325.000,325.000,300.000,325.000,-1,725.000,725.000,-1,725.000,725.000,-1,-1,2,0,2,0,2,0,0,0,0,2,0,0,2,0,0,2,2
45,-1893.951,9755.093,111.725,78.481,0.199928,-0.979601,0.020270,0.979751,0.199645,-0.015160,0.010804,0.022890,0.999680,0,0.72156,-0.15706,43.293,-0.314,-1,375.000,-1,375.000,-1,325.000,325.000,300.000,325.000,-1,700.000,700.000,-1,725.000,725.000,-1,-1,2,0,2,0,2,0,0,0,0,2,0,0,2,0,0,2,2
46,-1884.899,9797.418,112.050,77.927,0.209408,-0.977615,0.020400,0.977763,0.209108,-0.015895,0.011273,0.023275,0.999666,0,0.72137,-0.27706,43.282,-0.554,-1,375.000,-1,375.000,-1,325.000,325.000,300.000,300.000,-1,700.000,700.000,-1,725.000,725.000,-1,-1,2,0,2,0,2,0,0,0,0,2,0,0,2,0,0,2,2
47,-1875.260,9839.612,112.512,77.132,0.222961,-0.974600,0.021069,0.974756,0.222632,-0.016877,0.011758,0.024300,0.999636,0,0.72134,-0.39706,43.281,-0.794,-1,375.000,-1,375.000,-1,325.000,325.000,300.000,300.000,-1,700.000,700.000,-1,725.000,725.000,-1,-1,2,0,2,0,2,0,0,0,0,2,0,0,2,0,0,2,2
48,-1865.029,9881.674,112.970,76.329,0.236636,-0.971356,0.021690,0.971521,0.236278,-0.017856,0.012220,0.025298,0.999605,0,0.72146,-0.40194,43.288,-0.804,-1,375.000,-1,375.000,-1,325.000,325.000,325.000,300.000,-1,700.000,700.000,-1,725.000,725.000,-1,-1,2,0,2,0,2,0,0,0,0,2,0,0,2,0,0,2,2
49,-1854.209,9923.597,113.586,75.527,0.250207,-0.967948,0.021768,0.968114,0.249837,-0.018366,0.012339,0.025669,0.999594,0,0.72162,-0.40066,43.297,-0.801,-1,375.000,-1,375.000,-1,325.000,325.000,325.000,300.000,-1,725.000,725.000,-1,725.000,725.000,-1,-1,2,0,2,0,2,0,0,0,0,2,0,0,2,0,0,2,2
50,-1842.802,9965.376,114.258,74.729,0.263687,-0.964368,0.021535,0.964525,0.263305,-0.019011,0.012663,0.025784,0.999587,0,0.72180,-0.39936,43.308,-0.799,-1,375.000,-1,375.000,-1,325.000,325.000,325.000,300.000,-1,725.000,725.000,-1,725.000,725.000,-1,-1,2,0,2,0,2,0,0,0,0,2,0,0,2,0,0,2,2
51,-1830.812,10007.004,114.919,73.932,0.277070,-0.960614,0.021287,0.960762,0.276677,-0.019654,0.012991,0.025898,0.999580,0,0.72201,-0.39802,43.321,-0.796,-1,375.000,-1,375.000,-1,325.000,325.000,300.000,300.000,-1,750.000,725.000,-1,725.000,725.000,-1,-1,2,0,2,0,2,0,0,0,0,2,0,0,2,0,0,2,2
52,-1818.243,10048.477,115.569,73.139,0.290353,-0.956688,0.021024,0.956827,0.289949,-0.020295,0.013321,0.026009,0.999573,0,0.72226,-0.39665,43.335,-0.793,-1,375.000,-1,375.000,-1,325.000,325.000,300.000,300.000,-1,750.000,750.000,-1,725.000,725.000,-1,-1,2,0,2,0,2,0,0,0,0,2,0,0,2,0,0,2,2
53,-1805.097,10089.788,116.209,72.349,0.303535,-0.952594,0.020744,0.952722,0.303120,-0.020934,0.013653,0.026118,0.999566,0,0.72252,-0.39526,43.351,-0.791,-1,375.000,-1,375.000,-1,325.000,325.000,300.000,300.000,-1,775.000,750.000,-1,725.000,725.000,-1,-1,2,0,2,0,2,0,0,0,0,2,0,0,2,0,0,2,2
54,-1791.380,10130.930,116.839,71.561,0.316612,-0.948335,0.020450,0.948452,0.316186,-0.021569,0.013989,0.026224,0.999558,0,0.72282,-0.39383,43.369,-0.788,-1,375.000,-1,375.000,-1,325.000,325.000,300.000,300.000,-1,775.000,775.000,-1,725.000,725.000,-1,-1,2,0,2,0,2,0,0,0,0,2,0,0,2,0,0,2,2
55,-1777.094,10171.900,117.458,70.776,0.329581,-0.943913,0.020140,0.944019,0.329144,-0.022200,0.014326,0.026329,0.999551,0,0.72314,-0.39239,43.389,-0.785,-1,375.000,-1,375.000,-1,325.000,325.000,300.000,300.000,-1,800.000,775.000,-1,725.000,725.000,-1,-1,2,0,2,0,2,0,0,0,0,2,0,0,2,0,0,2,2
56,-1762.243,10212.690,118.068,69.994,0.342439,-0.939331,0.019815,0.939425,0.341992,-0.022828,0.014667,0.026432,0.999543,0,0.72349,-0.39091,43.410,-0.782,-1,375.000,-1,375.000,-1,325.000,325.000,300.000,300.000,-1,800.000,775.000,-1,725.000,725.000,-1,-1,2,0,2,0,2,0,0,0,0,2,0,0,2,0,0,2,2
57,-1746.831,10253.296,118.657,69.216,0.355187,-0.934592,0.019503,0.934674,0.354727,-0.023499,0.015044,0.026576,0.999534,0,0.72387,-0.38942,43.432,-0.779,-1,375.000,-1,400.000,-1,325.000,325.000,300.000,325.000,-1,800.000,775.000,-1,725.000,725.000,-1,-1,2,0,2,0,2,0,0,0,0,2,0,0,2,0,0,2,2
58,-1730.862,10293.712,119.233,68.440,0.367819,-0.929700,0.019182,0.929769,0.367348,-0.024177,0.015431,0.026727,0.999524,0,0.72427,-0.38789,43.456,-0.776,-1,375.000,-1,400.000,-1,325.000,325.000,300.000,325.000,-1,825.000,800.000,-1,750.000,750.000,-1,-1,2,0,2,0,2,0,0,0,0,2,0,0,2,0,0,2,2
59,-1714.339,10333.932,119.801,67.667,0.380333,-0.924657,0.018845,0.924714,0.379850,-0.024852,0.015821,0.026878,0.999514,0,0.72470,-0.38635,43.482,-0.773,-1,375.000,-1,400.000,-1,325.000,325.000,300.000,325.000,-1,825.000,800.000,-1,750.000,750.000,-1,-1,2,0,2,0,2,0,0,0,0,2,0,0,2,0,0,2,2
60,-1697.267,10373.952,120.402,66.898,0.392728,-0.919464,0.018707,0.919514,0.392232,-0.025463,0.016074,0.027201,0.999501,0,0.72515,-0.38478,43.509,-0.770,-1,375.000,-1,400.000,-1,325.000,325.000,300.000,325.000,-1,850.000,800.000,-1,750.000,750.000,-1,-1,2,0,2,0,2,0,0,0,0,2,0,0,2,0,0,2,2
61,-1679.650,10413.766,121.056,66.131,0.405002,-0.914122,0.018859,0.914174,0.404488,-0.025995,0.016134,0.027768,0.999484,0,0.72562,-0.38319,43.537,-0.766,-1,400.000,-1,400.000,-1,325.000,325.000,300.000,300.000,-1,875.000,825.000,-1,750.000,750.000,-1,-1,2,0,2,0,2,0,0,0,0,2,0,0,2,0,0,2,2
62,-1661.492,10453.369,121.713,65.368,0.417153,-0.908637,0.019027,0.908691,0.416620,-0.026598,0.016241,0.028385,0.999465,0,0.72612,-0.38157,43.567,-0.763,-1,400.000,-1,400.000,-1,325.000,325.000,300.000,300.000,-1,900.000,850.000,-1,750.000,750.000,-1,-1,2,0,2,0,2,0,0,0,0,2,0,0,2,0,0,2,2
63,-1642.797,10492.756,122.363,64.608,0.429178,-0.903016,0.019182,0.903072,0.428627,-0.027216,0.016355,0.029003,0.999446,0,0.72665,-0.37994,43.599,-0.760,-1,400.000,-1,400.000,-1,325.000,325.000,300.000,300.000,-1,925.000,875.000,-1,750.000,750.000,-1,-1,2,0,2,0,2,0,0,0,0,2,0,0,2,0,0,2,2
64,-1623.569,10531.923,123.005,63.852,0.441076,-0.897262,0.019320,0.897318,0.440505,-0.027844,0.016473,0.029617,0.999426,0,0.72719,-0.37828,43.631,-0.757,-1,400.000,-1,400.000,-1,325.000,325.000,300.000,300.000,-1,950.000,900.000,-1,750.000,750.000,-1,-1,2,0,2,0,2,0,0,0,0,2,0,0,2,0,0,2,2
65,-1603.812,10570.863,123.658,63.098,0.452843,-0.891379,0.019404,0.891437,0.452254,-0.028398,0.016538,0.030157,0.999408,0,0.72775,-0.37660,43.665,-0.753,-1,400.000,-1,400.000,-1,325.000,325.000,300.000,300.000,-1,975.000,925.000,-1,750.000,750.000,-1,-1,2,0,2,0,2,0,0,0,0,2,0,0,2,0,0,2,2
66,-1583.375,10609.878,124.384,62.353,0.464399,-0.885415,0.019329,0.885475,0.463804,-0.028636,0.016390,0.030414,0.999403,0,0.73406,-0.37256,44.044,-0.745,-1,400.000,-1,400.000,-1,325.000,325.000,300.000,300.000,-1,1000.000,950.000,-1,750.000,725.000,-1,-1,2,0,2,0,2,0,0,0,0,2,0,0,2,0,0,2,2
67,-1562.373,10648.728,125.104,61.605,0.475927,-0.879274,0.019249,0.879335,0.475327,-0.028880,0.016244,0.030671,0.999398,0,0.73605,-0.37424,44.163,-0.748,-1,400.000,-1,400.000,-1,325.000,325.000,300.000,300.000,-1,-1,1000.000,-1,750.000,725.000,-1,-1,2,0,2,0,2,0,0,0,0,2,2,0,2,0,0,2,2
68,-1540.805,10687.404,125.820,60.853,0.487424,-0.872957,0.019078,0.873017,0.486822,-0.029088,0.016105,0.030834,0.999395,0,0.73805,-0.37593,44.283,-0.752,-1,400.000,-1,400.000,-1,325.000,325.000,300.000,300.000,-1,-1,-1,-1,750.000,725.000,-1,-1,2,0,2,0,2,0,0,0,0,2,2,2,2,0,0,2,2
69,-1516.535,10729.455,126.595,60.008,0.500241,-0.865680,0.018870,0.865739,0.499636,-0.029311,0.015946,0.030999,0.999392,0,0.80920,-0.42237,48.552,-0.845,-1,400.000,-1,400.000,-1,325.000,325.000,300.000,300.000,-1,-1,-1,-1,750.000,725.000,-1,-1,2,0,2,0,2,0,0,0,0,2,2,2,2,0,0,2,2
70,-1491.577,10771.255,127.361,59.160,0.513005,-0.858183,0.018658,0.858240,0.512398,-0.029542,0.015793,0.031168,0.999389,0,0.81140,-0.42422,48.684,-0.848,-1,400.000,-1,400.000,-1,325.000,325.000,300.000,300.000,-1,-1,-1,-1,750.000,725.000,-1,-1,2,0,2,0,2,0,0,0,0,2,2,2,2,0,0,2,2
71,-1465.932,10812.791,128.121,58.308,0.525713,-0.850462,0.018441,0.850518,0.525102,-0.029783,0.015646,0.031341,0.999386,0,0.81360,-0.42609,48.816,-0.852,-1,400.000,-1,400.000,-1,325.000,325.000,300.000,300.000,-1,-1,-1,-1,750.000,725.000,-1,-1,2,0,2,0,2,0,0,0,0,2,2,2,2,0,0,2,2
72,-1439.597,10854.051,128.873,57.452,0.538359,-0.842519,0.018219,0.842573,0.537744,-0.030032,0.015506,0.031519,0.999383,0,0.81580,-0.42796,48.948,-0.856,-1,400.000,-1,400.000,1000.000,325.000,325.000,300.000,300.000,-1,-1,-1,-1,750.000,725.000,-1,-1,2,0,2,0,1,0,0,0,0,2,2,2,2,0,0,2,2
73,-1412.574,10895.022,129.618,56.592,0.550940,-0.834351,0.017991,0.834403,0.550322,-0.030290,0.015371,0.031700,0.999379,0,0.81800,-0.42985,49.080,-0.860,-1,400.000,-1,375.000,950.000,325.000,325.000,300.000,300.000,-1,-1,-1,-1,750.000,725.000,-1,-1,2,0,2,0,1,0,0,0,0,2,2,2,2,0,0,2,2
74,-1384.862,10935.689,130.356,55.728,0.563453,-0.825957,0.017759,0.826008,0.562830,-0.030555,0.015242,0.031885,0.999375,0,0.82019,-0.43176,49.212,-0.864,-1,400.000,-1,375.000,925.000,325.000,325.000,300.000,300.000,-1,-1,-1,-1,750.000,725.000,-1,-1,2,0,2,0,1,0,0,0,0,2,2,2,2,0,0,2,2
75,-1356.462,10976.040,131.125,54.861,0.575892,-0.817338,0.017492,0.817385,0.575266,-0.030830,0.015136,0.032053,0.999372,0,0.82238,-0.43368,49.343,-0.867,-1,400.000,-1,375.000,875.000,325.000,325.000,300.000,300.000,-1,-1,-1,-1,750.000,725.000,-1,-1,2,0,2,0,1,0,0,0,0,2,2,2,2,0,0,2,2
76,-1327.375,11016.060,131.912,53.990,0.588255,-0.808494,0.017104,0.808534,0.587626,-0.031118,0.015108,0.032134,0.999369,0,0.82456,-0.43563,49.474,-0.871,-1,400.000,-1,375.000,850.000,325.000,325.000,300.000,300.000,-1,-1,-1,-1,750.000,725.000,-1,975.000,2,0,2,0,1,0,0,0,0,2,2,2,2,0,0,2,1
77,-1297.602,11055.735,132.691,53.115,0.600538,-0.799422,0.016712,0.799454,0.599905,-0.031408,0.015083,0.032222,0.999367,0,0.82673,-0.43761,49.604,-0.875,-1,400.000,-1,375.000,800.000,325.000,325.000,300.000,300.000,-1,-1,-1,-1,750.000,725.000,-1,925.000,2,0,2,0,1,0,0,0,0,2,2,2,2,0,0,2,1
78,-1267.144,11095.050,133.424,52.235,0.612731,-0.790124,0.016268,0.790150,0.612103,-0.031505,0.014935,0.032158,0.999371,0,0.82888,-0.43961,49.733,-0.879,-1,400.000,-1,375.000,775.000,325.000,325.000,300.000,300.000,-1,-1,-1,-1,750.000,725.000,-1,875.000,2,0,2,0,1,0,0,0,0,2,2,2,2,0,0,2,1
79,-1236.005,11133.991,134.152,51.352,0.624837,-0.780595,0.015828,0.780615,0.624212,-0.031614,0.014798,0.032109,0.999375,0,0.83101,-0.44166,49.860,-0.883,-1,400.000,-1,375.000,725.000,325.000,325.000,300.000,300.000,-1,-1,-1,-1,750.000,725.000,-1,825.000,2,0,2,0,1,0,0,0,0,2,2,2,2,0,0,2,1
80,-1204.185,11172.543,134.862,50.465,0.636850,-0.770835,0.015331,0.770847,0.636229,-0.031739,0.014712,0.032030,0.999379,0,0.83311,-0.44374,49.987,-0.887,-1,400.000,-1,375.000,675.000,325.000,325.000,300.000,300.000,-1,-1,-1,-1,750.000,725.000,-1,775.000,2,0,2,0,1,0,0,0,0,2,2,2,2,0,1,2,1
81,-1171.689,11210.689,135.565,49.573,0.648768,-0.760842,0.014825,0.760845,0.648150,-0.031878,0.014645,0.031961,0.999382,0,0.83518,-0.44586,50.111,-0.892,-1,400.000,-1,375.000,650.000,325.000,325.000,300.000,300.000,-1,-1,-1,-1,750.000,700.000,-1,725.000,2,0,2,0,1,0,0,0,0,2,2,2,2,0,1,2,1
82,-1138.520,11248.414,136.275,48.677,0.660585,-0.750614,0.014321,0.750610,0.659971,-0.031982,0.014555,0.031877,0.999386,0,0.83722,-0.44804,50.233,-0.896,-1,400.000,-1,375.000,600.000,325.000,325.000,300.000,300.000,-1,-1,-1,-1,750.000,675.000,-1,675.000,2,0,2,0,1,0,0,0,0,2,2,2,2,0,1,2,1
83,-1104.681,11285.701,136.988,47.776,0.672299,-0.740151,0.013824,0.740139,0.671689,-0.032069,0.014451,0.031791,0.999390,0,0.83921,-0.45028,50.353,-0.901,-1,400.000,-1,375.000,575.000,325.000,325.000,300.000,300.000,-1,-1,-1,-1,750.000,625.000,-1,650.000,2,0,2,0,1,0,0,0,0,2,2,2,2,0,1,2,1
84,-1070.178,11322.535,137.697,46.871,0.683905,-0.729449,0.013338,0.729430,0.683299,-0.032170,0.014353,0.031731,0.999393,0,0.84116,-0.45258,50.470,-0.905,-1,400.000,-1,375.000,525.000,325.000,325.000,300.000,300.000,-1,-1,-1,-1,750.000,600.000,-1,600.000,2,0,2,0,1,0,0,0,0,2,2,2,2,0,1,2,1
85,-1035.015,11358.897,138.401,45.961,0.695401,-0.718507,0.012865,0.718481,0.694797,-0.032287,0.014260,0.031695,0.999396,0,0.84304,-0.45495,50.583,-0.910,-1,400.000,-1,375.000,500.000,325.000,325.000,300.000,300.000,-1,-1,-1,-1,750.000,575.000,-1,550.000,2,0,2,0,1,0,0,0,0,2,2,2,2,0,1,2,1
86,-999.200,11394.771,139.124,45.046,0.706784,-0.707321,0.012416,0.707286,0.706178,-0.032542,0.014250,0.031782,0.999393,0,0.84486,-0.45739,50.692,-0.915,-1,400.000,-1,375.000,450.000,325.000,325.000,300.000,300.000,-1,-1,-1,-1,750.000,525.000,-1,500.000,2,0,2,0,1,0,0,0,0,2,2,2,2,0,1,2,1
87,-962.738,11430.138,139.860,44.126,0.718050,-0.695888,0.011988,0.695845,0.717438,-0.032912,0.014303,0.031974,0.999386,0,0.84661,-0.45993,50.796,-0.920,-1,400.000,-1,375.000,400.000,325.000,325.000,300.000,300.000,-1,-1,-1,-1,750.000,500.000,-1,450.000,2,0,2,0,1,0,0,0,0,2,2,2,2,0,1,2,1
88,-925.637,11464.979,140.578,43.201,0.729194,-0.684208,0.011613,0.684157,0.728574,-0.033299,0.014323,0.032227,0.999378,0,0.84826,-0.46257,50.896,-0.925,-1,400.000,-1,375.000,375.000,325.000,325.000,300.000,300.000,-1,-1,-1,-1,750.000,475.000,-1,400.000,2,0,2,1,1,0,0,0,0,2,2,2,2,0,1,2,1
89,-887.907,11499.276,141.324,42.271,0.740210,-0.672283,0.011192,0.672225,0.739588,-0.033513,0.014252,0.032331,0.999376,0,0.84982,-0.46532,50.989,-0.931,-1,400.000,-1,350.000,325.000,325.000,325.000,300.000,300.000,-1,-1,-1,-1,750.000,450.000,-1,375.000,2,0,2,1,1,0,0,0,0,2,2,2,2,0,1,2,1
90,-849.556,11533.009,142.040,41.334,0.751096,-0.660108,0.010589,0.660039,0.750478,-0.033649,0.014265,0.032263,0.999378,0,0.85126,-0.46818,51.075,-0.936,-1,400.000,-1,325.000,300.000,325.000,325.000,300.000,300.000,-1,-1,-1,-1,725.000,400.000,-1,325.000,2,0,2,1,1,0,0,0,0,2,2,2,2,1,1,2,1
91,-810.595,11566.158,142.753,40.392,0.761850,-0.647677,0.010004,0.647597,0.761234,-0.033792,0.014271,0.032223,0.999379,0,0.85256,-0.47118,51.154,-0.942,-1,400.000,825.000,300.000,250.000,325.000,300.000,300.000,300.000,-1,-1,-1,-1,675.000,375.000,-1,275.000,2,0,1,1,1,0,1,0,0,2,2,2,2,1,1,2,1
92,-771.038,11598.701,143.461,39.443,0.772467,-0.634985,0.009437,0.634895,0.771853,-0.033942,0.014269,0.032210,0.999379,0,0.85373,-0.47433,51.224,-0.949,-1,400.000,725.000,275.000,225.000,325.000,275.000,300.000,300.000,-1,-1,-1,-1,625.000,350.000,-1,225.000,2,0,1,1,1,0,1,0,0,2,2,2,2,1,1,2,1
93,-730.896,11630.617,144.637,38.488,0.782939,-0.622062,0.006696,0.621901,0.782375,-0.033598,0.015661,0.030470,0.999413,0,0.85472,-0.47763,51.283,-0.955,-1,400.000,650.000,250.000,175.000,300.000,250.000,300.000,300.000,-1,-1,-1,-1,600.000,300.000,-1,200.000,2,1,1,1,1,1,1,0,0,2,2,2,2,1,1,2,1
94,-690.182,11661.880,150.199,37.526,0.792946,-0.609072,-0.016367,0.608546,0.793018,-0.028172,0.030138,0.012379,0.999469,0,0.85552,-0.48111,51.331,-0.962,-1,375.000,700.000,250.000,175.000,300.000,250.000,300.000,350.000,-1,400.000,525.000,-1,600.000,300.000,-1,200.000,2,1,1,1,1,1,1,0,1,2,0,0,2,1,1,2,1
95,-648.918,11692.474,155.774,36.556,0.802317,-0.595602,-0.039312,0.595225,0.803259,-0.021959,0.044656,-0.005781,0.998986,0,0.85611,-0.48479,51.367,-0.970,-1,375.000,-1,250.000,175.000,275.000,225.000,275.000,350.000,-1,200.000,350.000,-1,600.000,300.000,-1,175.000,2,1,2,1,1,1,1,0,1,2,0,0,2,1,1,2,1
96,-607.122,11722.374,161.358,35.579,0.811061,-0.581656,-0.062106,0.581960,0.813080,-0.014944,0.059190,-0.024023,0.997958,0,0.85646,-0.48867,51.388,-0.977,-1,350.000,-1,225.000,175.000,275.000,225.000,275.000,375.000,850.000,125.000,275.000,-1,625.000,300.000,-1,175.000,2,1,2,1,1,1,1,0,1,0,0,0,2,1,1,2,1
97,-564.098,11752.327,167.042,34.842,0.816665,-0.570786,-0.085214,0.572342,0.819983,-0.007306,0.074044,-0.042805,0.996336,0,0.87369,-0.36867,52.422,-0.737,-1,350.000,-1,225.000,175.000,250.000,225.000,275.000,375.000,600.000,75.000,250.000,-1,-1,300.000,-1,175.000,2,1,2,1,1,1,1,0,1,0,0,0,2,2,1,2,1
98,-520.824,11781.857,172.765,34.302,0.819721,-0.562491,-0.107985,0.565841,0.824514,0.000459,0.088776,-0.061479,0.994152,0,0.87311,-0.26971,52.387,-0.539,-1,350.000,-1,225.000,175.000,250.000,225.000,250.000,375.000,475.000,50.000,225.000,-1,-1,300.000,-1,175.000,2,1,2,1,1,1,1,0,1,0,0,0,2,2,1,2,1
99,1639.832,-7543.217,135.244,-21.398,0.931096,0.364717,-0.006424,-0.364354,0.930725,0.031567,0.017492,-0.027051,0.999481,1,0.00000,0.00000,52.310,-0.550,-1,400.000,-1,400.000,-1,325.000,325.000,300.000,300.000,-1,-1,-1,-1,750.000,775.000,-1,-1,2,0,2,0,2,0,0,0,0,2,2,2,2,0,0,2,2
100,1644.301,-7544.969,135.327,-21.404,0.931063,0.364801,-0.006434,-0.364438,0.930693,0.031555,0.017500,-0.027035,0.999481,0,0.08000,-0.00259,4.800,-0.005,-1,400.000,-1,400.000,-1,325.000,325.000,300.000,300.000,-1,-1,-1,-1,750.000,775.000,-1,-1,2,0,2,0,2,0,0,0,0,2,2,2,2,0,0,2,2
101,1653.239,-7548.473,135.492,-21.409,0.931030,0.364886,-0.006455,-0.364523,0.930660,0.031529,0.017512,-0.027001,0.999482,0,0.16000,-0.00261,9.600,-0.005,-1,400.000,-1,400.000,-1,325.000,325.000,300.000,300.000,-1,-1,-1,-1,750.000,775.000,-1,-1,2,0,2,0,2,0,0,0,0,2,2,2,2,0,0,2,2
102,1666.645,-7553.731,135.739,-21.414,0.930995,0.364973,-0.006487,-0.364610,0.930628,0.031488,0.017529,-0.026950,0.999483,0,0.24000,-0.00265,14.400,-0.005,-1,400.000,-1,400.000,-1,325.000,325.000,300.000,300.000,-1,-1,-1,-1,750.000,775.000,-1,-1,2,0,2,0,2,0,0,0,0,2,2,2,2,0,0,2,2
103,1684.518,-7560.742,136.067,-21.419,0.930960,0.365062,-0.006530,-0.364698,0.930595,0.031429,0.017551,-0.026877,0.999485,0,0.32000,-0.00271,19.200,-0.005,-1,400.000,-1,400.000,-1,325.000,325.000,300.000,300.000,-1,-1,-1,-1,750.000,775.000,-1,-1,2,0,2,0,2,0,0,0,0,2,2,2,2,0,0,2,2
104,1706.860,-7569.509,136.475,-21.425,0.930924,0.365152,-0.006586,-0.364789,0.930563,0.031347,0.017575,-0.026780,0.999487,0,0.40000,-0.00276,24.000,-0.006,-1,400.000,-1,400.000,-1,325.000,325.000,300.000,300.000,-1,-1,-1,-1,750.000,775.000,-1,-1,2,0,2,0,2,0,0,0,0,2,2,2,2,0,0,2,2
105,1733.669,-7580.032,136.963,-21.431,0.930888,0.365245,-0.006654,-0.364881,0.930530,0.031239,0.017602,-0.026652,0.999490,0,0.48000,-0.00281,28.800,-0.006,-1,400.000,-1,400.000,-1,325.000,325.000,300.000,300.000,-1,-1,-1,-1,750.000,775.000,-1,-1,2,0,2,0,2,0,0,0,0,2,2,2,2,0,0,2,2
106,1764.944,-7592.312,137.528,-21.436,0.930850,0.365339,-0.006737,-0.364975,0.930498,0.031098,0.017630,-0.026488,0.999494,0,0.56000,-0.00284,33.600,-0.006,-1,400.000,-1,400.000,-1,325.000,325.000,300.000,300.000,-1,-1,-1,-1,750.000,800.000,-1,-1,2,0,2,0,2,0,0,0,0,2,2,2,2,0,0,2,2
107,1797.573,-7605.126,138.114,-21.442,0.930813,0.365432,-0.006827,-0.365069,0.930466,0.030933,0.017656,-0.026301,0.999498,0,0.58424,-0.00283,35.055,-0.006,-1,400.000,-1,400.000,-1,325.000,325.000,300.000,300.000,-1,-1,-1,-1,750.000,800.000,-1,-1,2,0,2,0,2,0,0,0,0,2,2,2,2,0,0,2,2
108,1830.191,-7617.941,138.696,-21.448,0.930776,0.365524,-0.006920,-0.365162,0.930436,0.030751,0.017679,-0.026095,0.999503,0,0.58409,-0.00276,35.045,-0.006,-1,400.000,-1,400.000,-1,325.000,325.000,300.000,300.000,-1,-1,-1,-1,750.000,800.000,-1,-1,2,0,2,0,2,0,0,0,0,2,2,2,2,0,0,2,2
109,1862.800,-7630.755,139.295,-21.453,0.930741,0.365613,-0.006984,-0.365254,0.930410,0.030448,0.017631,-0.025788,0.999512,0,0.58394,-0.00264,35.036,-0.005,-1,375.000,-1,400.000,-1,325.000,325.000,300.000,300.000,-1,-1,-1,-1,750.000,800.000,-1,-1,2,0,2,0,2,0,0,0,0,2,2,2,2,0,0,2,2
110,1895.400,-7643.568,139.898,-21.458,0.930707,0.365697,-0.007048,-0.365343,0.930387,0.030088,0.017561,-0.025428,0.999522,0,0.58379,-0.00248,35.028,-0.005,-1,375.000,-1,400.000,-1,325.000,325.000,300.000,300.000,-1,-1,-1,-1,750.000,800.000,-1,-1,2,0,2,0,2,0,0,0,0,2,2,2,2,0,0,2,2
111,1927.991,-7656.382,140.554,-21.462,0.930674,0.365775,-0.007379,-0.365422,0.930372,0.029563,0.017679,-0.024817,0.999536,0,0.58366,-0.00225,35.019,-0.005,-1,400.000,-1,400.000,-1,325.000,325.000,300.000,300.000,-1,-1,-1,-1,750.000,800.000,-1,-1,2,0,2,0,2,0,0,0,0,2,2,2,2,0,0,2,2
112,1961.158,-7669.413,141.215,-21.450,0.930747,0.365581,-0.007712,-0.365230,0.930465,0.029017,0.017784,-0.024190,0.999549,0,0.59392,0.00615,35.635,0.012,-1,400.000,-1,400.000,-1,325.000,325.000,300.000,300.000,-1,-1,-1,-1,750.000,800.000,-1,-1,2,0,2,0,2,0,0,0,0,2,2,2,2,0,0,2,2
113,1994.462,-7682.491,141.859,-21.439,0.930813,0.365408,-0.007989,-0.365060,0.930548,0.028489,0.017844,-0.023601,0.999562,0,0.59633,0.00548,35.780,0.011,-1,400.000,-1,400.000,-1,325.000,325.000,300.000,300.000,-1,-1,-1,-1,750.000,800.000,-1,-1,2,0,2,0,2,0,0,0,0,2,2,2,2,0,0,2,2
114,2027.902,-7695.617,142.488,-21.429,0.930870,0.365258,-0.008204,-0.364913,0.930621,0.027982,0.017855,-0.023054,0.999575,0,0.59874,0.00478,35.924,0.010,-1,400.000,-1,400.000,-1,325.000,325.000,300.000,300.000,-1,-1,-1,-1,750.000,800.000,-1,-1,2,0,2,0,2,0,0,0,0,2,2,2,2,0,0,2,2
115,2061.479,-7708.790,143.130,-21.421,0.930919,0.365130,-0.008330,-0.364791,0.930683,0.027511,0.017798,-0.022572,0.999587,0,0.60114,0.00405,36.069,0.008,-1,400.000,-1,400.000,-1,325.000,325.000,300.000,300.000,-1,-1,-1,-1,750.000,800.000,-1,-1,2,0,2,0,2,0,0,0,0,2,2,2,2,0,0,2,2
116,2095.192,-7722.012,143.782,-21.415,0.930959,0.365026,-0.008470,-0.364692,0.930734,0.027103,0.017777,-0.022142,0.999597,0,0.60355,0.00330,36.213,0.007,-1,400.000,-1,400.000,-1,325.000,325.000,300.000,300.000,-1,-1,-1,-1,750.000,800.000,-1,-1,2,0,2,0,2,0,0,0,0,2,2,2,2,0,1,2,2
117,2129.040,-7735.283,144.453,-21.410,0.930988,0.364947,-0.008640,-0.364614,0.930773,0.026803,0.017823,-0.021803,0.999603,0,0.60595,0.00251,36.357,0.005,-1,400.000,-1,400.000,-1,325.000,325.000,300.000,300.000,-1,-1,-1,-1,750.000,800.000,-1,-1,2,0,2,0,2,0,0,0,0,2,2,2,2,0,1,2,2
118,2163.024,-7748.606,145.117,-21.406,0.931007,0.364895,-0.008800,-0.364564,0.930801,0.026488,0.017856,-0.021452,0.999610,0,0.60836,0.00169,36.501,0.003,-1,400.000,-1,400.000,-1,325.000,325.000,300.000,300.000,-1,-1,-1,-1,750.000,775.000,-1,-1,2,0,2,0,2,0,0,0,0,2,2,2,2,0,1,2,2
119,2197.142,-7761.980,145.773,-21.405,0.931015,0.364871,-0.008950,-0.364542,0.930819,0.026157,0.017875,-0.021090,0.999618,0,0.61076,0.00084,36.645,0.002,-1,400.000,-1,400.000,-1,325.000,325.000,300.000,300.000,-1,-1,-1,-1,750.000,775.000,-1,-1,2,0,2,0,2,0,0,0,0,2,2,2,2,0,1,2,2
120,2231.393,-7775.406,146.421,-21.405,0.931012,0.364875,-0.009091,-0.364550,0.930826,0.025811,0.017880,-0.020716,0.999626,0,0.61315,-0.00005,36.789,-0.000,-1,400.000,-1,400.000,-1,325.000,325.000,300.000,300.000,-1,-1,-1,-1,750.000,750.000,-1,-1,2,0,2,0,2,0,0,0,0,2,2,2,2,0,1,2,2
121,2265.778,-7788.886,147.061,-21.407,0.930997,0.364910,-0.009222,-0.364589,0.930821,0.025450,0.017870,-0.020331,0.999634,0,0.61554,-0.00098,36.932,-0.002,-1,400.000,-1,400.000,-1,325.000,325.000,300.000,300.000,-1,-1,-1,-1,750.000,750.000,-1,-1,2,0,2,0,2,0,0,0,0,2,2,2,2,0,1,2,2
122,2300.294,-7802.420,147.693,-21.411,0.930970,0.364976,-0.009342,-0.364659,0.930804,0.025072,0.017846,-0.019935,0.999642,0,0.61792,-0.00194,37.075,-0.004,-1,400.000,-1,400.000,-1,325.000,325.000,300.000,300.000,-1,-1,-1,-1,750.000,725.000,-1,-1,2,0,2,0,2,0,0,0,0,2,2,2,2,0,1,2,2
123,2334.942,-7816.010,148.318,-21.416,0.930930,0.365075,-0.009452,-0.364763,0.930773,0.024679,0.017808,-0.019527,0.999651,0,0.62030,-0.00296,37.218,-0.006,-1,400.000,-1,400.000,-1,325.000,325.000,300.000,300.000,-1,-1,-1,-1,750.000,725.000,-1,-1,2,0,2,0,2,0,0,0,0,2,2,2,2,0,1,2,2
124,2369.720,-7829.657,148.934,-21.424,0.930877,0.365208,-0.009552,-0.364901,0.930730,0.024270,0.017754,-0.019107,0.999660,0,0.62266,-0.00401,37.359,-0.008,-1,400.000,-1,400.000,-1,325.000,325.000,300.000,300.000,-1,-1,-1,-1,750.000,700.000,-1,-1,2,0,2,0,2,0,0,0,0,2,2,2,2,0,1,2,2
125,2404.627,-7843.361,149.541,-21.435,0.930810,0.365377,-0.009641,-0.365076,0.930672,0.023845,0.017685,-0.018675,0.999669,0,0.62501,-0.00512,37.501,-0.010,-1,400.000,-1,400.000,-1,325.000,325.000,300.000,300.000,-1,-1,-1,-1,750.000,700.000,-1,1000.000,2,0,2,1,2,0,0,0,0,2,2,2,2,0,1,2,1
126,2439.661,-7857.124,150.136,-21.447,0.930728,0.365584,-0.009713,-0.365290,0.930600,0.023382,0.017588,-0.018214,0.999679,0,0.62735,-0.00627,37.641,-0.013,-1,400.000,-1,400.000,-1,325.000,325.000,300.000,300.000,-1,-1,-1,-1,750.000,675.000,-1,950.000,2,0,2,1,2,0,0,0,0,2,2,2,2,0,1,2,1
127,2474.821,-7870.948,150.712,-21.462,0.930630,0.365830,-0.009762,-0.365545,0.930513,0.022861,0.017447,-0.017707,0.999691,0,0.62967,-0.00748,37.780,-0.015,-1,400.000,-1,400.000,-1,325.000,325.000,300.000,300.000,-1,-1,-1,-1,750.000,675.000,-1,900.000,2,0,2,1,2,0,0,0,0,2,2,2,2,0,1,2,1
128,2510.106,-7884.832,151.308,-21.480,0.930517,0.366119,-0.009754,-0.365845,0.930412,0.022178,0.017195,-0.017069,0.999706,0,0.63197,-0.00875,37.918,-0.017,-1,400.000,-1,400.000,-1,325.000,325.000,300.000,300.000,-1,-1,-1,-1,750.000,650.000,-1,875.000,2,0,2,1,2,0,0,0,0,2,2,2,2,0,1,2,1
129,2545.513,-7898.779,151.930,-21.500,0.930387,0.366451,-0.009679,-0.366193,0.930295,0.021296,0.016808,-0.016269,0.999726,0,0.63425,-0.01008,38.055,-0.020,-1,400.000,-1,400.000,950.000,325.000,325.000,300.000,300.000,-1,-1,-1,-1,750.000,625.000,-1,825.000,2,0,2,1,1,0,0,0,0,2,2,2,2,0,1,2,1
130,2581.040,-7912.790,152.567,-21.523,0.930238,0.366829,-0.009722,-0.366586,0.930162,0.020337,0.016503,-0.015354,0.999746,0,0.63650,-0.01148,38.190,-0.023,-1,400.000,-1,375.000,875.000,325.000,325.000,300.000,300.000,-1,-1,-1,-1,750.000,625.000,-1,775.000,2,0,2,1,1,0,1,0,0,2,2,2,2,0,1,2,1
131,2621.092,-7928.411,153.243,-21.306,0.931618,0.363307,-0.009824,-0.363079,0.931557,0.019377,0.016192,-0.014485,0.999764,0,0.71650,0.10852,42.990,0.217,-1,400.000,-1,375.000,800.000,325.000,325.000,300.000,300.000,-1,-1,-1,-1,750.000,600.000,-1,750.000,2,0,2,1,1,0,1,0,0,2,2,2,2,0,1,2,1
132,2665.720,-7945.503,153.967,-20.956,0.933813,0.357625,-0.009927,-0.357413,0.933767,0.018310,0.015817,-0.013550,0.999783,0,0.79650,0.17469,47.790,0.349,-1,400.000,-1,375.000,725.000,325.000,325.000,300.000,300.000,-1,-1,-1,-1,750.000,575.000,-1,700.000,2,0,2,1,1,0,1,0,0,2,2,2,2,0,1,2,1
133,2714.944,-7964.017,154.773,-20.612,0.935944,0.352011,-0.009852,-0.351817,0.935910,0.017234,0.015288,-0.012664,0.999803,0,0.87650,0.17217,52.590,0.344,-1,400.000,-1,350.000,650.000,325.000,325.000,300.000,300.000,-1,-1,-1,-1,750.000,550.000,-1,625.000,2,0,2,1,1,0,1,0,0,2,2,2,2,0,1,2,1
134,2768.779,-7983.903,156.046,-20.274,0.938003,0.346474,-0.010290,-0.346262,0.937966,0.017972,0.015879,-0.013295,0.999786,0,0.95650,0.16922,57.390,0.338,-1,400.000,-1,350.000,600.000,325.000,300.000,300.000,300.000,-1,-1,-1,-1,750.000,550.000,-1,600.000,2,0,2,1,1,0,1,0,0,2,2,2,2,0,1,2,1
135,2825.181,-8004.367,157.700,-19.942,0.939984,0.341031,-0.011327,-0.340764,0.939927,0.020395,0.017602,-0.015311,0.999728,0,1.00000,0.16576,60.000,0.332,-1,400.000,-1,350.000,550.000,325.000,300.000,300.000,325.000,-1,-1,-1,-1,775.000,525.000,-1,550.000,2,0,2,1,1,0,1,0,0,2,2,2,2,0,1,2,1
136,2881.698,-8024.512,159.491,-19.618,0.941883,0.335701,-0.012680,-0.335352,0.941797,0.023615,0.019869,-0.017990,0.999641,0,1.00000,0.16183,60.000,0.324,-1,400.000,-1,350.000,525.000,325.000,300.000,300.000,325.000,-1,-1,-1,-1,800.000,500.000,-1,525.000,2,0,2,1,1,0,1,0,0,2,2,2,2,0,1,2,1
137,2938.325,-8044.346,161.416,-19.303,0.943698,0.330496,-0.014354,-0.330030,0.943567,0.027609,0.022669,-0.021318,0.999516,0,1.00000,0.15752,60.000,0.315,-1,400.000,-1,325.000,475.000,350.000,300.000,300.000,325.000,-1,-1,-1,-1,800.000,500.000,-1,475.000,2,0,2,1,1,0,1,0,0,2,2,2,2,0,1,2,1
