timestep,x_cm,y_cm,z_cm,yaw_deg,basis_xx,basis_xy,basis_xz,basis_yx,basis_yy,basis_yz,basis_zx,basis_zy,basis_zz,teleport_flag,throttle_cmd,steering_cmd,cmd_move_cm,cmd_turn_deg,lidar_cm_0,lidar_cm_1,lidar_cm_2,lidar_cm_3,lidar_cm_4,lidar_cm_5,lidar_cm_6,lidar_cm_7,lidar_cm_8,lidar_cm_9,lidar_cm_10,lidar_cm_11,lidar_cm_12,lidar_cm_13,lidar_cm_14,lidar_cm_15,lidar_cm_16,lidar_class_0,lidar_class_1,lidar_class_2,lidar_class_3,lidar_class_4,lidar_class_5,lidar_class_6,lidar_class_7,lidar_class_8,lidar_class_9,lidar_class_10,lidar_class_11,lidar_class_12,lidar_class_13,lidar_class_14,lidar_class_15,lidar_class_16
0,-4259.279,-1642.006,-224.744,-26.992,0.890291,0.453782,-0.038255,-0.454190,0.890902,-0.002245,0.033063,0.019374,0.999265,1,0.08000,-0.12000,4.800,-0.240,-1,375.000,-1,375.000,-1,325.000,325.000,300.000,300.000,-1,625.000,550.000,-1,725.000,725.000,-1,-1,2,0,2,0,2,0,0,0,0,2,0,0,2,0,0,2,2
1,-4250.762,-1646.435,-224.453,-27.472,0.886449,0.461228,-0.038438,-0.461638,0.887066,-0.002045,0.033154,0.019557,0.999259,0,0.16000,-0.24000,9.600,-0.480,-1,375.000,-1,375.000,-1,325.000,325.000,300.000,300.000,-1,625.000,575.000,-1,725.000,725.000,-1,-1,2,0,2,0,2,0,0,0,0,2,0,0,2,0,0,2,2
2,-4238.070,-1653.238,-224.021,-28.192,0.880569,0.472336,-0.038701,-0.472749,0.881196,-0.001737,0.033282,0.019825,0.999249,0,0.24000,-0.36000,14.400,-0.720,-1,375.000,-1,375.000,-1,325.000,325.000,300.000,300.000,-1,625.000,575.000,-1,725.000,725.000,-1,-1,2,0,2,0,2,0,0,0,0,2,0,0,2,0,0,2,2
3,-4221.275,-1662.543,-223.446,-28.988,0.873903,0.484529,-0.039043,-0.484944,0.874544,-0.001324,0.033503,0.020091,0.999237,0,0.32000,-0.39798,19.200,-0.796,-1,375.000,-1,375.000,-1,325.000,325.000,300.000,300.000,-1,625.000,575.000,-1,725.000,750.000,-1,-1,2,0,2,0,2,0,0,0,0,2,0,0,2,0,0,2,2
4,-4200.447,-1674.466,-222.729,-29.790,0.867014,0.496719,-0.039458,-0.497133,0.867674,-0.000804,0.033837,0.020313,0.999221,0,0.40000,-0.40094,24.000,-0.802,-1,375.000,-1,375.000,-1,325.000,325.000,300.000,300.000,-1,650.000,600.000,-1,725.000,750.000,-1,-1,2,0,2,0,2,0,0,0,0,2,0,0,2,0,0,2,2
5,-4175.657,-1689.127,-221.872,-30.600,0.859880,0.508932,-0.039933,-0.509344,0.860563,-0.000171,0.034278,0.020487,0.999202,0,0.48000,-0.40494,28.800,-0.810,-1,375.000,-1,375.000,-1,325.000,325.000,300.000,300.000,-1,650.000,600.000,-1,750.000,750.000,-1,-1,2,0,2,0,2,0,0,0,0,2,0,0,2,0,0,2,2
6,-4146.984,-1706.642,-220.864,-31.420,0.852476,0.521193,-0.040522,-0.521602,0.853189,0.000557,0.034863,0.020662,0.999179,0,0.56000,-0.40999,33.600,-0.820,-1,375.000,-1,375.000,-1,325.000,325.000,300.000,300.000,-1,675.000,625.000,-1,750.000,750.000,-1,-1,2,0,2,0,2,0,0,0,0,2,0,0,2,0,0,2,2
7,-4114.508,-1727.134,-219.555,-32.252,0.844776,0.533521,-0.041337,-0.533951,0.845515,0.000743,0.035348,0.021445,0.999145,0,0.64000,-0.41611,38.400,-0.832,-1,400.000,-1,375.000,-1,325.000,325.000,300.000,300.000,-1,700.000,650.000,-1,750.000,750.000,-1,-1,2,0,2,0,2,0,0,0,0,2,0,0,2,0,0,2,2
8,-4078.318,-1750.725,-218.005,-33.099,0.836759,0.545942,-0.042202,-0.546409,0.837518,0.000559,0.035650,0.022592,0.999109,0,0.72000,-0.42330,43.200,-0.847,-1,400.000,-1,375.000,-1,325.000,325.000,300.000,300.000,-1,700.000,675.000,-1,775.000,775.000,-1,-1,2,0,2,0,2,0,0,0,0,2,0,0,2,0,0,2,2
9,-4038.506,-1777.539,-216.293,-33.962,0.828393,0.558482,-0.043161,-0.558988,0.829176,0.000428,0.036027,0.023772,0.999068,0,0.80000,-0.43160,48.000,-0.863,-1,400.000,-1,375.000,-1,325.000,325.000,300.000,300.000,-1,725.000,700.000,-1,775.000,775.000,-1,-1,2,0,2,0,2,0,0,0,0,2,0,0,2,0,0,2,2
10,-3995.172,-1807.705,-214.403,-34.844,0.819641,0.571162,-0.044301,-0.571711,0.820455,0.000340,0.036541,0.025049,0.999018,0,0.88000,-0.44101,52.800,-0.882,-1,400.000,-1,400.000,-1,325.000,325.000,300.000,300.000,-1,725.000,700.000,-1,800.000,775.000,-1,-1,2,0,2,0,2,0,0,0,0,2,0,0,2,0,0,2,2
11,-3948.270,-1841.142,-212.383,-35.486,0.813135,0.580305,-0.045362,-0.580888,0.813983,0.000402,0.037157,0.026024,0.998971,0,0.96000,-0.32101,57.600,-0.642,-1,400.000,-1,400.000,-1,325.000,325.000,300.000,300.000,-1,725.000,700.000,-1,825.000,800.000,-1,-1,2,0,2,0,2,0,0,0,0,2,0,0,2,0,0,2,2
12,-3901.524,-1874.965,-210.401,-35.888,0.808999,0.585993,-0.046179,-0.586596,0.809879,0.000613,0.037758,0.026592,0.998933,0,0.96165,-0.20101,57.699,-0.402,-1,400.000,-1,400.000,-1,325.000,325.000,300.000,300.000,-1,750.000,700.000,-1,825.000,800.000,-1,-1,2,0,2,0,2,0,0,0,0,2,0,0,2,0,0,2,2
13,-3854.849,-1908.939,-208.423,-36.050,0.807310,0.588280,-0.046655,-0.588883,0.808217,0.000998,0.038294,0.026669,0.998911,0,0.96217,-0.08101,57.730,-0.162,-1,400.000,-1,400.000,-1,325.000,325.000,300.000,300.000,-1,750.000,725.000,-1,850.000,825.000,-1,-1,2,0,2,0,2,0,0,0,0,2,0,0,2,0,0,2,2
14,-3808.180,-1942.858,-206.272,-36.010,0.807740,0.587728,-0.046178,-0.588285,0.808651,0.001859,0.038434,0.025665,0.998931,0,0.96156,0.02010,57.694,0.040,-1,425.000,-1,400.000,-1,325.000,325.000,300.000,300.000,-1,800.000,775.000,-1,850.000,850.000,-1,-1,2,0,2,0,2,0,0,0,0,2,0,0,2,0,0,2,2
15,-3761.588,-1976.706,-204.169,-35.997,0.807894,0.587569,-0.045499,-0.588074,0.808802,0.002765,0.038425,0.024523,0.998961,0,0.95981,0.00622,57.588,0.012,-1,425.000,-1,400.000,-1,350.000,325.000,300.000,300.000,-1,850.000,825.000,-1,875.000,850.000,-1,-1,2,0,2,0,2,0,0,0,0,2,0,0,2,0,0,2,2
16,-3715.118,-2010.476,-202.194,-36.005,0.807849,0.587699,-0.044600,-0.588161,0.808737,0.003331,0.038028,0.023541,0.998999,0,0.95742,-0.00410,57.445,-0.008,-1,425.000,-1,425.000,-1,350.000,325.000,300.000,300.000,-1,925.000,900.000,-1,875.000,875.000,-1,-1,2,0,2,0,2,0,0,0,0,2,0,0,2,0,0,2,2
17,-3668.805,-2044.160,-200.524,-36.029,0.807672,0.588030,-0.043446,-0.588487,0.808502,0.002727,0.036730,0.023365,0.999052,0,0.95444,-0.01162,57.266,-0.023,-1,425.000,-1,425.000,-1,350.000,325.000,300.000,300.000,-1,-1,-1,-1,850.000,875.000,-1,-1,2,0,2,0,2,0,0,0,0,2,2,2,2,0,0,2,2
18,-3622.687,-2077.748,-198.839,-36.065,0.807367,0.588548,-0.042073,-0.589010,0.808124,0.001716,0.035010,0.023396,0.999113,0,0.95089,-0.01838,57.054,-0.037,-1,425.000,-1,425.000,-1,350.000,325.000,300.000,300.000,-1,-1,-1,-1,850.000,850.000,-1,-1,2,0,2,0,2,0,0,0,0,2,2,2,2,0,0,2,2
19,-3576.793,-2111.231,-197.202,-36.114,0.806946,0.589235,-0.040501,-0.589698,0.807624,0.000628,0.033080,0.023377,0.999179,0,0.94684,-0.02435,56.810,-0.049,-1,425.000,-1,400.000,-1,350.000,325.000,300.000,300.000,-1,-1,-1,-1,850.000,850.000,-1,-1,2,0,2,0,2,0,0,0,0,2,2,2,2,0,0,2,2
20,-3531.152,-2144.603,-195.620,-36.173,0.806424,0.590068,-0.038734,-0.590527,0.807017,-0.000509,0.030959,0.023284,0.999249,0,0.94233,-0.02954,56.540,-0.059,-1,425.000,-1,400.000,-1,325.000,325.000,300.000,300.000,-1,-1,-1,-1,850.000,850.000,-1,-1,2,0,2,0,2,0,0,0,0,2,2,2,2,0,0,2,2
21,-3485.788,-2177.855,-194.080,-36.241,0.805814,0.591025,-0.036772,-0.591477,0.806320,-0.001765,0.028607,0.023172,0.999322,0,0.93744,-0.03393,56.246,-0.068,-1,425.000,-1,400.000,-1,325.000,325.000,275.000,300.000,-1,-1,-1,-1,825.000,825.000,-1,-1,2,0,2,0,2,0,0,0,0,2,2,2,2,0,0,2,2
22,-3440.719,-2210.981,-192.611,-36.316,0.805132,0.592084,-0.034627,-0.592520,0.805550,-0.002985,0.026126,0.022921,0.999396,0,0.93222,-0.03753,55.933,-0.075,-1,400.000,-1,400.000,-1,325.000,325.000,275.000,300.000,-1,-1,-1,-1,825.000,825.000,-1,-1,2,0,2,0,2,0,0,0,0,2,2,2,2,0,0,2,2
23,-3399.685,-2241.490,-191.349,-36.631,0.801949,0.596510,-0.032461,-0.596923,0.802289,-0.003953,0.023685,0.022547,0.999465,0,0.85222,-0.15753,51.133,-0.315,-1,400.000,-1,400.000,-1,325.000,325.000,275.000,300.000,-1,-1,-1,-1,800.000,800.000,-1,-1,2,0,2,0,2,0,0,0,0,2,2,2,2,0,0,2,2
24,-3359.715,-2271.814,-190.162,-37.186,0.796211,0.604259,-0.030302,-0.604646,0.796479,-0.004818,0.021223,0.022158,0.999529,0,0.83619,-0.27753,50.171,-0.555,-1,400.000,-1,400.000,-1,325.000,325.000,275.000,275.000,-1,-1,-1,-1,800.000,800.000,-1,-1,2,0,2,0,2,0,0,0,0,2,2,2,2,0,0,2,2
25,-3320.345,-2302.553,-189.010,-37.981,0.787820,0.615258,-0.028233,-0.615619,0.788024,-0.005633,0.018783,0.021818,0.999585,0,0.83248,-0.39753,49.949,-0.795,-1,400.000,-1,400.000,-1,325.000,325.000,275.000,275.000,-1,-1,-1,-1,800.000,800.000,-1,-1,2,0,2,0,2,0,0,0,0,2,2,2,2,0,0,2,2
26,-3281.677,-2333.885,-187.775,-39.016,0.776629,0.629392,-0.026714,-0.629738,0.776780,-0.006503,0.016657,0.021873,0.999622,0,0.82948,-0.51753,49.769,-1.035,-1,400.000,-1,400.000,-1,325.000,325.000,275.000,275.000,-1,-1,-1,-1,775.000,775.000,-1,-1,2,0,2,0,2,0,0,0,0,2,2,2,2,0,0,2,2
27,-3243.819,-2365.980,-186.603,-40.291,0.762477,0.646520,-0.025314,-0.646851,0.762581,-0.007315,0.014575,0.021952,0.999653,0,0.82720,-0.63753,49.632,-1.275,-1,400.000,-1,400.000,-1,325.000,325.000,275.000,300.000,-1,-1,-1,-1,775.000,775.000,-1,-1,2,0,2,0,2,0,0,0,0,2,2,2,2,0,0,2,2
28,-3206.774,-2398.872,-185.527,-41.601,0.747551,0.663775,-0.023861,-0.664086,0.747613,-0.008025,0.012512,0.021845,0.999683,0,0.82566,-0.65459,49.540,-1.309,-1,400.000,-1,400.000,-1,325.000,325.000,275.000,300.000,-1,-1,-1,-1,775.000,775.000,-1,-1,2,0,2,0,2,0,0,0,0,2,2,2,2,0,0,2,2
29,-3170.553,-2432.542,-184.808,-42.911,0.732197,0.680686,-0.023546,-0.681000,0.732230,-0.008811,0.011243,0.022486,0.999684,0,0.82423,-0.65507,49.454,-1.310,-1,400.000,-1,400.000,-1,325.000,325.000,275.000,300.000,-1,-1,-1,-1,775.000,775.000,-1,-1,2,0,2,0,2,0,0,0,0,2,2,2,2,0,0,2,2
30,-3135.174,-2466.973,-184.199,-44.222,0.716451,0.697250,-0.023220,-0.697565,0.716460,-0.009447,0.010049,0.022965,0.999686,0,0.82280,-0.65539,49.368,-1.311,-1,400.000,-1,400.000,-1,325.000,325.000,300.000,300.000,-1,-1,-1,-1,775.000,750.000,-1,-1,2,0,2,0,2,0,0,0,0,2,2,2,2,0,0,2,2
31,-3100.651,-2502.144,-183.691,-45.533,0.700327,0.713456,-0.022838,-0.713766,0.700314,-0.009926,0.008912,0.023252,0.999690,0,0.82137,-0.65554,49.282,-1.311,-1,400.000,-1,400.000,-1,325.000,325.000,300.000,300.000,-1,-1,-1,-1,750.000,750.000,-1,-1,2,0,2,0,2,0,0,0,0,2,2,2,2,0,0,2,2
32,-3067.001,-2538.033,-183.286,-46.844,0.683837,0.729291,-0.022392,-0.729593,0.683805,-0.010250,0.007837,0.023346,0.999697,0,0.81996,-0.65553,49.198,-1.311,-1,400.000,-1,400.000,-1,325.000,325.000,300.000,300.000,-1,-1,-1,-1,750.000,750.000,-1,-1,2,0,2,0,2,0,0,0,0,2,2,2,2,0,0,2,2
33,-3034.236,-2574.620,-182.916,-48.154,0.666989,0.744748,-0.021822,-0.745034,0.666949,-0.010111,0.007024,0.023002,0.999711,0,0.81856,-0.65535,49.114,-1.311,-1,400.000,-1,400.000,-1,325.000,325.000,300.000,300.000,-1,-1,-1,-1,750.000,750.000,-1,-1,2,0,2,0,2,0,0,0,0,2,2,2,2,0,0,2,2
34,-3002.370,-2611.884,-182.621,-49.464,0.649799,0.759812,-0.021133,-0.760079,0.649758,-0.009696,0.006364,0.022363,0.999730,0,0.81718,-0.65501,49.031,-1.310,-1,400.000,-1,400.000,-1,325.000,325.000,300.000,300.000,-1,-1,-1,-1,725.000,750.000,-1,-1,2,0,2,0,2,0,0,0,0,2,2,2,2,0,0,2,2
35,-2971.415,-2649.802,-182.419,-50.773,0.632281,0.774472,-0.020328,-0.774717,0.632242,-0.009105,0.005801,0.021505,0.999752,0,0.81581,-0.65452,48.949,-1.309,-1,400.000,-1,400.000,-1,325.000,325.000,300.000,300.000,-1,-1,-1,-1,725.000,750.000,-1,-1,2,0,2,0,2,0,0,0,0,2,2,2,2,0,0,2,2
36,-2941.384,-2688.354,-182.206,-52.081,0.614451,0.788716,-0.019429,-0.788938,0.614415,-0.008466,0.005260,0.020530,0.999775,0,0.81447,-0.65386,48.868,-1.308,-1,400.000,-1,400.000,-1,325.000,325.000,300.000,300.000,-1,-1,-1,-1,725.000,750.000,-1,-1,2,0,2,0,2,0,0,0,0,2,2,2,2,0,0,2,2
37,-2912.286,-2727.517,-181.979,-53.387,0.596326,0.802529,-0.018521,-0.802730,0.596287,-0.008116,0.004531,0.019707,0.999796,0,0.81316,-0.65305,48.790,-1.306,-1,400.000,-1,400.000,-1,325.000,325.000,300.000,300.000,-1,-1,-1,-1,725.000,750.000,-1,-1,2,0,2,0,2,0,0,0,0,2,2,2,2,0,0,2,2
38,-2884.131,-2767.268,-181.700,-54.691,0.577922,0.815900,-0.017705,-0.816085,0.577872,-0.008322,0.003441,0.019258,0.999809,0,0.81187,-0.65209,48.712,-1.304,-1,400.000,-1,375.000,-1,325.000,325.000,300.000,300.000,-1,-1,-1,-1,700.000,725.000,-1,-1,2,0,2,0,2,0,0,0,0,2,2,2,2,0,0,2,2
39,-2856.929,-2807.587,-181.493,-55.993,0.559250,0.828828,-0.016830,-0.828996,0.559191,-0.008468,0.002393,0.018688,0.999823,0,0.81062,-0.65097,48.637,-1.302,-1,400.000,-1,375.000,-1,325.000,325.000,300.000,300.000,-1,-1,-1,-1,700.000,725.000,-1,-1,2,0,2,0,2,0,0,0,0,2,2,2,2,0,0,2,2
40,-2830.688,-2848.451,-181.248,-57.293,0.540318,0.841300,-0.016458,-0.841459,0.540254,-0.008498,0.001742,0.018440,0.999828,0,0.80940,-0.64971,48.564,-1.299,-1,400.000,-1,375.000,-1,325.000,325.000,300.000,300.000,-1,-1,-1,-1,700.000,725.000,-1,-1,2,0,2,0,2,0,0,0,0,2,2,2,2,0,0,2,2
41,-2804.053,-2892.033,-180.936,-58.569,0.521451,0.853119,-0.016661,-0.853280,0.521387,-0.008353,0.001561,0.018572,0.999826,0,0.85128,-0.63793,51.077,-1.276,-1,400.000,-1,375.000,-1,325.000,325.000,300.000,300.000,-1,-1,-1,-1,700.000,725.000,-1,-1,2,0,2,0,2,0,0,0,0,2,2,2,2,0,0,2,2
42,-2778.621,-2935.389,-180.688,-59.605,0.505940,0.862404,-0.016826,-0.862567,0.505878,-0.008086,0.001539,0.018604,0.999826,0,0.83773,-0.51793,50.264,-1.036,-1,400.000,-1,375.000,-1,325.000,325.000,300.000,300.000,-1,-1,-1,-1,700.000,725.000,-1,-1,2,0,2,0,2,0,0,0,0,2,2,2,2,0,0,2,2
43,-2753.805,-2979.072,-180.494,-60.400,0.493908,0.869349,-0.016959,-0.869512,0.493851,-0.007711,0.001672,0.018555,0.999826,0,0.83733,-0.39793,50.240,-0.796,-1,400.000,-1,375.000,-1,325.000,325.000,300.000,300.000,-1,-1,-1,-1,700.000,725.000,-1,-1,2,0,2,0,2,0,0,0,0,2,2,2,2,0,0,2,2
44,-2729.451,-3022.929,-180.348,-60.956,0.485445,0.874101,-0.017070,-0.874265,0.485395,-0.007245,0.001953,0.018441,0.999828,0,0.83610,-0.27793,50.166,-0.556,-1,375.000,-1,375.000,-1,325.000,325.000,300.000,300.000,-1,-1,-1,-1,700.000,725.000,-1,-1,2,0,2,0,2,0,0,0,0,2,2,2,2,0,0,2,2
45,-2705.399,-3066.811,-180.244,-61.272,0.480611,0.876766,-0.017167,-0.876931,0.480570,-0.006706,0.002371,0.018278,0.999830,0,0.83402,-0.15793,50.041,-0.316,-1,375.000,-1,375.000,-1,325.000,325.000,300.000,300.000,-1,-1,-1,-1,700.000,725.000,-1,-1,2,0,2,0,2,0,0,0,0,2,2,2,2,0,0,2,2
46,-2681.562,-3110.609,-180.115,-61.444,0.477970,0.878200,-0.017598,-0.878371,0.477942,-0.006049,0.003099,0.018348,0.999827,0,0.83108,-0.08580,49.865,-0.172,-1,375.000,-1,375.000,-1,325.000,325.000,300.000,300.000,-1,-1,-1,-1,700.000,725.000,-1,-1,2,0,2,0,2,0,0,0,0,2,2,2,2,0,0,2,2
47,-2657.963,-3154.296,-179.783,-61.622,0.475215,0.879676,-0.018451,-0.879860,0.475204,-0.005262,0.004139,0.018735,0.999816,0,0.82756,-0.08913,49.653,-0.178,-1,375.000,-1,400.000,-1,325.000,325.000,300.000,300.000,-1,-1,-1,-1,700.000,750.000,-1,-1,2,0,2,0,2,0,0,0,0,2,2,2,2,0,0,2,2
48,-2634.605,-3197.868,-179.472,-61.806,0.472363,0.881195,-0.019214,-0.881389,0.472370,-0.004436,0.005167,0.019030,0.999806,0,0.82395,-0.09212,49.437,-0.184,-1,375.000,-1,400.000,-1,325.000,325.000,300.000,300.000,-1,-1,-1,-1,700.000,750.000,-1,-1,2,0,2,0,2,0,0,0,0,2,2,2,2,0,0,2,2
49,-2611.494,-3241.322,-179.172,-61.994,0.469454,0.882733,-0.019898,-0.882934,0.469483,-0.003475,0.006275,0.019200,0.999796,0,0.82029,-0.09372,49.217,-0.187,-1,375.000,-1,400.000,-1,325.000,325.000,300.000,300.000,-1,-1,-1,-1,700.000,750.000,-1,-1,2,0,2,0,2,0,0,0,0,2,2,2,2,0,0,2,2
50,-2588.628,-3284.654,-178.894,-62.180,0.466562,0.884250,-0.020526,-0.884457,0.466615,-0.002433,0.007426,0.019290,0.999786,0,0.81659,-0.09298,48.995,-0.186,-1,375.000,-1,400.000,-1,325.000,325.000,300.000,300.000,-1,-1,-1,-1,700.000,750.000,-1,-1,2,0,2,0,2,0,0,0,0,2,2,2,2,0,0,2,2
51,-2566.005,-3327.860,-178.591,-62.363,0.463708,0.885742,-0.020871,-0.885948,0.463783,-0.001377,0.008460,0.019129,0.999781,0,0.81285,-0.09172,48.771,-0.183,-1,375.000,-1,400.000,-1,325.000,325.000,300.000,300.000,-1,-1,-1,-1,700.000,750.000,-1,-1,2,0,2,0,2,0,0,0,1,2,2,2,2,0,0,2,2
52,-2543.621,-3370.937,-178.258,-62.543,0.460906,0.887195,-0.021232,-0.887400,0.461000,-0.000494,0.009350,0.019069,0.999774,0,0.80910,-0.08995,48.546,-0.180,-1,375.000,-1,400.000,-1,325.000,325.000,275.000,300.000,-1,-1,-1,-1,700.000,750.000,-1,-1,2,0,2,0,2,0,0,0,1,2,2,2,2,0,0,2,2
53,-2521.472,-3413.884,-177.800,-62.718,0.458175,0.888593,-0.021859,-0.888808,0.458279,-0.000253,0.009793,0.019544,0.999761,0,0.80536,-0.08766,48.322,-0.175,-1,375.000,-1,400.000,-1,325.000,325.000,275.000,300.000,-1,-1,-1,-1,700.000,750.000,-1,-1,2,0,2,0,2,0,0,0,1,2,2,2,2,0,0,2,2
54,-2499.551,-3456.698,-177.337,-62.888,0.455523,0.889938,-0.022570,-0.890164,0.455640,0.000030,0.010310,0.020077,0.999745,0,0.80167,-0.08487,48.100,-0.170,-1,375.000,-1,400.000,-1,325.000,325.000,275.000,300.000,-1,-1,-1,-1,700.000,750.000,-1,-1,2,0,2,0,2,0,0,0,0,2,2,2,2,0,0,2,2
55,-2477.851,-3499.381,-176.849,-63.051,0.452965,0.891219,-0.023467,-0.891461,0.453098,0.000375,0.010967,0.020750,0.999725,0,0.79803,-0.08158,47.882,-0.163,-1,375.000,-1,400.000,-1,325.000,325.000,275.000,300.000,-1,-1,-1,-1,700.000,750.000,-1,-1,2,0,2,0,2,0,0,0,0,2,2,2,2,0,0,2,2
56,-2456.363,-3541.932,-176.374,-63.207,0.450520,0.892434,-0.024346,-0.892691,0.450669,0.000741,0.011633,0.021400,0.999703,0,0.79449,-0.07780,47.669,-0.156,-1,375.000,-1,400.000,-1,325.000,325.000,275.000,300.000,-1,-1,-1,-1,700.000,750.000,-1,-1,2,0,2,0,2,0,0,0,0,2,2,2,2,0,0,2,2
57,-2435.076,-3584.354,-175.912,-63.354,0.448203,0.893576,-0.025207,-0.893847,0.448371,0.001126,0.012308,0.022026,0.999682,0,0.79106,-0.07355,47.463,-0.147,-1,375.000,-1,400.000,-1,325.000,325.000,275.000,300.000,-1,-1,-1,-1,700.000,750.000,-1,-1,2,0,2,0,2,0,0,0,0,2,2,2,2,0,0,2,2
58,-2413.980,-3626.651,-175.463,-63.491,0.446030,0.894639,-0.026051,-0.894924,0.446216,0.001530,0.012993,0.022631,0.999659,0,0.78777,-0.06883,47.266,-0.138,-1,375.000,-1,400.000,-1,325.000,325.000,275.000,300.000,-1,950.000,975.000,-1,725.000,750.000,-1,-1,2,0,2,0,2,0,0,0,0,2,0,0,2,0,0,2,2
59,-2393.061,-3668.827,-175.003,-63.619,0.444016,0.895614,-0.026929,-0.895915,0.444221,0.001844,0.013614,0.023307,0.999636,0,0.78464,-0.06364,47.079,-0.127,-1,375.000,-1,400.000,-1,325.000,325.000,275.000,300.000,-1,900.000,925.000,-1,725.000,750.000,-1,-1,2,0,2,0,2,0,0,0,0,2,0,0,2,0,0,2,2
60,-2372.304,-3710.887,-174.372,-63.735,0.442183,0.896482,-0.028195,-0.896821,0.442392,0.001316,0.013653,0.024704,0.999602,0,0.78172,-0.05801,46.903,-0.116,-1,375.000,-1,400.000,-1,325.000,325.000,275.000,300.000,-1,950.000,975.000,-1,725.000,750.000,-1,-1,2,0,2,0,2,0,0,0,0,2,0,0,2,0,0,2,2
61,-2351.696,-3752.839,-173.755,-63.839,0.440538,0.897251,-0.029443,-0.897629,0.440751,0.000822,0.013714,0.026067,0.999566,0,0.77901,-0.05192,46.741,-0.104,-1,375.000,-1,400.000,-1,325.000,325.000,300.000,300.000,-1,1000.000,1000.000,-1,725.000,750.000,-1,-1,2,0,2,0,2,0,0,0,0,2,0,0,2,0,0,2,2
62,-2331.219,-3794.692,-173.149,-63.929,0.439096,0.897917,-0.030656,-0.898334,0.439313,0.000355,0.013787,0.027383,0.999530,0,0.77656,-0.04540,46.593,-0.091,-1,375.000,-1,400.000,-1,325.000,325.000,300.000,300.000,-1,-1,-1,-1,725.000,750.000,-1,-1,2,0,2,0,2,0,0,0,0,2,2,2,2,0,0,2,2
63,-2310.855,-3836.454,-172.535,-64.006,0.437874,0.898475,-0.031759,-0.898930,0.438092,-0.000101,0.013822,0.028594,0.999496,0,0.77438,-0.03845,46.463,-0.077,-1,375.000,-1,400.000,-1,325.000,325.000,300.000,300.000,-1,-1,-1,-1,725.000,750.000,-1,-1,2,0,2,0,2,0,0,0,0,2,2,2,2,0,0,2,2
64,-2290.586,-3878.137,-171.892,-64.069,0.436880,0.898923,-0.032749,-0.899411,0.437104,-0.000366,0.013986,0.029615,0.999464,0,0.77249,-0.03108,46.350,-0.062,-1,375.000,-1,400.000,-1,325.000,325.000,300.000,300.000,-1,-1,-1,-1,725.000,725.000,-1,-1,2,0,2,0,2,0,0,0,0,2,2,2,2,0,0,2,2
65,-2270.392,-3919.752,-171.181,-64.115,0.436127,0.899259,-0.033553,-0.899770,0.436364,-0.000283,0.014387,0.030313,0.999437,0,0.77093,-0.02329,46.256,-0.047,-1,375.000,-1,400.000,-1,325.000,325.000,300.000,300.000,-1,-1,-1,-1,725.000,725.000,-1,-1,2,0,2,0,2,0,0,0,0,2,2,2,2,0,0,2,2
66,-2250.252,-3961.312,-170.481,-64.145,0.435630,0.899471,-0.034330,-0.900004,0.435881,-0.000189,0.014794,0.030980,0.999411,0,0.76972,-0.01509,46.183,-0.030,-1,375.000,-1,400.000,-1,325.000,325.000,300.000,300.000,-1,-1,-1,-1,725.000,725.000,-1,-1,2,0,2,0,2,0,0,0,0,2,2,2,2,0,0,2,2
67,-2230.143,-4002.831,-169.789,-64.158,0.435404,0.899552,-0.035083,-0.900107,0.435669,-0.000087,0.015206,0.031616,0.999384,0,0.76887,-0.00649,46.132,-0.013,-1,375.000,-1,375.000,-1,325.000,325.000,300.000,300.000,-1,-1,-1,-1,750.000,725.000,-1,-1,2,0,2,0,2,0,0,0,0,2,2,2,2,0,0,2,2
68,-2210.043,-4044.324,-169.006,-64.153,0.435459,0.899496,-0.035797,-0.900073,0.435740,0.000052,0.015645,0.032197,0.999359,0,0.76841,0.00252,46.105,0.005,-1,375.000,-1,375.000,-1,325.000,325.000,300.000,300.000,-1,-1,-1,-1,750.000,725.000,-1,-1,2,0,2,0,2,0,0,0,0,2,2,2,2,0,0,2,2
69,-2189.927,-4085.805,-168.113,-64.129,0.435805,0.899308,-0.036316,-0.899893,0.436111,0.000564,0.016345,0.032435,0.999340,0,0.76836,0.01193,46.102,0.024,-1,375.000,-1,375.000,-1,325.000,325.000,300.000,300.000,-1,-1,-1,-1,750.000,725.000,-1,-1,2,0,2,0,2,0,0,0,0,2,2,2,2,0,0,2,2
70,-2169.769,-4127.291,-167.193,-64.086,0.436452,0.898966,-0.037020,-0.899564,0.436787,0.001094,0.017153,0.032824,0.999314,0,0.76873,0.02172,46.124,0.043,-1,375.000,-1,400.000,-1,325.000,325.000,300.000,300.000,-1,-1,-1,-1,750.000,725.000,-1,-1,2,0,2,0,2,0,0,0,0,2,2,2,2,0,0,2,2
71,-2149.544,-4168.798,-166.285,-64.022,0.437418,0.898467,-0.037711,-0.899079,0.437783,0.001597,0.017944,0.033206,0.999287,0,0.76954,0.03191,46.172,0.064,-1,400.000,-1,400.000,-1,325.000,325.000,300.000,300.000,-1,-1,-1,-1,775.000,725.000,-1,-1,2,0,2,0,2,0,0,0,0,2,2,2,2,0,0,2,2
72,-2129.531,-4210.193,-165.406,-64.198,0.434621,0.899795,-0.038392,-0.900423,0.435011,0.002037,0.018534,0.033684,0.999261,0,0.76632,-0.08809,45.979,-0.176,-1,400.000,-1,400.000,-1,325.000,325.000,300.000,300.000,-1,-1,-1,-1,775.000,725.000,-1,-1,2,0,2,0,2,0,0,0,0,2,2,2,2,0,0,2,2
73,-2109.817,-4251.738,-164.558,-64.614,0.428045,0.902914,-0.039050,-0.903559,0.428456,0.002434,0.018929,0.034243,0.999234,0,0.76640,-0.20809,45.984,-0.416,-1,400.000,-1,400.000,-1,325.000,325.000,300.000,300.000,-1,-1,-1,-1,800.000,725.000,-1,-1,2,0,2,0,2,0,0,0,0,2,2,2,2,0,0,2,2
74,-2090.599,-4293.463,-163.747,-65.271,0.417650,0.907741,-0.039672,-0.908407,0.418079,0.002802,0.019130,0.034868,0.999209,0,0.76564,-0.32809,45.938,-0.656,-1,400.000,-1,400.000,-1,325.000,325.000,300.000,300.000,-1,-1,-1,-1,800.000,725.000,-1,-1,2,0,2,0,2,0,0,0,0,2,2,2,2,0,0,2,2
75,-2072.042,-4335.471,-162.978,-66.167,0.403379,0.914148,-0.040247,-0.914833,0.403820,0.003160,0.019141,0.035544,0.999185,0,0.76541,-0.44809,45.925,-0.896,-1,400.000,-1,400.000,-1,325.000,325.000,300.000,300.000,-1,-1,-1,-1,800.000,725.000,-1,-1,2,0,2,0,2,0,0,0,0,2,2,2,2,0,0,2,2
76,-2054.155,-4377.786,-162.248,-67.086,0.388643,0.920487,-0.040751,-0.921190,0.389096,0.003526,0.019102,0.036169,0.999163,0,0.76566,-0.45955,45.939,-0.919,-1,400.000,-1,400.000,-1,325.000,325.000,300.000,300.000,-1,-1,-1,-1,825.000,725.000,-1,-1,2,0,2,0,2,0,0,0,0,2,2,2,2,0,0,2,2
77,-2036.935,-4420.402,-161.555,-67.998,0.373916,0.926548,-0.041184,-0.927267,0.374380,0.003901,0.019033,0.036730,0.999144,0,0.76606,-0.45626,45.963,-0.913,-1,400.000,-1,400.000,-1,325.000,325.000,300.000,300.000,-1,-1,-1,-1,825.000,725.000,-1,-1,2,0,2,0,2,0,0,0,0,2,2,2,2,0,0,2,2
78,-2020.381,-4463.313,-160.899,-68.904,0.359206,0.932333,-0.041548,-0.933066,0.359679,0.004283,0.018937,0.037228,0.999127,0,0.76657,-0.45289,45.994,-0.906,-1,400.000,-1,375.000,-1,325.000,325.000,300.000,300.000,-1,-1,-1,-1,850.000,725.000,-1,-1,2,0,2,0,2,0,0,0,0,2,2,2,2,0,0,2,2
79,-2004.489,-4506.514,-160.202,-69.803,0.344535,0.937856,-0.041501,-0.938589,0.345006,0.004555,0.018590,0.037383,0.999128,0,0.76718,-0.44945,46.031,-0.899,-1,400.000,-1,375.000,-1,325.000,325.000,300.000,300.000,-1,-1,-1,-1,850.000,725.000,-1,-1,2,0,2,0,2,0,0,0,0,2,2,2,2,0,0,2,2
80,-1989.257,-4549.997,-159.471,-70.695,0.329902,0.943121,-0.041079,-0.943839,0.330369,0.004963,0.018252,0.037134,0.999144,0,0.76789,-0.44595,46.073,-0.892,-1,400.000,-1,375.000,-1,325.000,325.000,300.000,300.000,-1,-1,-1,-1,850.000,725.000,-1,-1,2,0,2,0,2,0,0,0,0,2,2,2,2,0,0,2,2
81,-1974.683,-4593.756,-158.712,-71.580,0.315304,0.948129,-0.040432,-0.948818,0.315772,0.005602,0.018079,0.036596,0.999167,0,0.76870,-0.44238,46.122,-0.885,-1,400.000,-1,375.000,-1,325.000,325.000,300.000,300.000,-1,-1,-1,-1,850.000,750.000,-1,-1,2,0,2,0,2,0,0,0,0,2,2,2,2,0,0,2,2
82,-1960.765,-4637.785,-157.951,-72.457,0.300762,0.952879,-0.039551,-0.953534,0.301223,0.006134,0.017759,0.035868,0.999199,0,0.76960,-0.43875,46.176,-0.878,-1,400.000,-1,375.000,-1,325.000,325.000,300.000,300.000,-1,-1,-1,-1,875.000,750.000,-1,-1,2,0,2,0,2,0,0,0,0,2,2,2,2,0,0,2,2
83,-1947.501,-4682.077,-157.097,-73.327,0.286292,0.957377,-0.038304,-0.957991,0.286728,0.006312,0.017026,0.034888,0.999246,0,0.77060,-0.43506,46.236,-0.870,-1,400.000,-1,375.000,-1,325.000,325.000,300.000,300.000,-1,-1,-1,-1,875.000,750.000,-1,-1,2,0,2,0,2,0,0,0,0,2,2,2,2,0,0,2,2
84,-1934.887,-4726.627,-156.303,-74.190,0.271885,0.961619,-0.036972,-0.962193,0.272292,0.006377,0.016199,0.033840,0.999296,0,0.77168,-0.43130,46.301,-0.863,-1,400.000,-1,375.000,-1,325.000,325.000,300.000,300.000,-1,-1,-1,-1,875.000,750.000,-1,-1,2,0,2,0,2,0,0,0,0,2,2,2,2,0,0,2,2
85,-1922.921,-4771.427,-155.560,-75.045,0.257543,0.965610,-0.035616,-0.966144,0.257922,0.006422,0.015387,0.032756,0.999345,0,0.77284,-0.42749,46.371,-0.855,-1,400.000,-1,375.000,-1,325.000,325.000,300.000,300.000,-1,-1,-1,-1,900.000,750.000,-1,-1,2,0,2,0,2,0,0,0,0,2,2,2,2,0,0,2,2
86,-1911.600,-4816.472,-154.864,-75.892,0.243273,0.969353,-0.034246,-0.969848,0.243625,0.006453,0.014598,0.031644,0.999393,0,0.77409,-0.42362,46.446,-0.847,-1,400.000,-1,375.000,-1,325.000,325.000,300.000,300.000,-1,-1,-1,-1,900.000,750.000,-1,-1,2,0,2,0,2,0,0,0,0,2,2,2,2,0,0,2,2
87,-1900.923,-4861.755,-154.212,-76.732,0.229080,0.972853,-0.032864,-0.973309,0.229406,0.006473,0.013837,0.030504,0.999439,0,0.77542,-0.41970,46.525,-0.839,-1,400.000,-1,375.000,-1,325.000,325.000,300.000,300.000,-1,-1,-1,-1,900.000,750.000,-1,-1,2,0,2,0,2,0,0,0,0,2,2,2,2,0,0,2,2
88,-1890.885,-4907.271,-153.602,-77.563,0.214971,0.976113,-0.031471,-0.976532,0.215272,0.006484,0.013104,0.029338,0.999484,0,0.77682,-0.41572,46.609,-0.831,-1,425.000,-1,375.000,-1,325.000,325.000,300.000,300.000,-1,-1,-1,-1,900.000,750.000,-1,-1,2,0,2,0,2,0,0,0,0,2,2,2,2,0,0,2,2
89,-1881.485,-4953.013,-153.032,-78.386,0.200953,0.979139,-0.030067,-0.979522,0.201230,0.006489,0.012404,0.028147,0.999527,0,0.77830,-0.41168,46.698,-0.823,-1,425.000,-1,375.000,-1,325.000,325.000,300.000,300.000,-1,-1,-1,-1,900.000,750.000,-1,-1,2,0,2,0,2,0,0,0,0,2,2,2,2,0,0,2,2
90,-1872.719,-4998.976,-152.500,-79.202,0.187030,0.981936,-0.028652,-0.982284,0.187286,0.006489,0.011738,0.026931,0.999568,0,0.77985,-0.40760,46.791,-0.815,-1,425.000,-1,400.000,-1,325.000,325.000,300.000,300.000,-1,-1,-1,-1,925.000,750.000,-1,-1,2,0,2,0,2,0,0,0,0,2,2,2,2,0,0,2,2
91,-1864.584,-5045.153,-152.002,-80.009,0.173210,0.984509,-0.027229,-0.984822,0.173444,0.006488,0.011110,0.025692,0.999608,0,0.78147,-0.40346,46.888,-0.807,-1,425.000,-1,400.000,-1,325.000,325.000,300.000,300.000,-1,-1,-1,-1,925.000,750.000,-1,-1,2,0,2,0,2,0,0,0,0,2,2,2,2,0,0,2,2
92,-1857.078,-5091.538,-151.538,-80.807,0.159497,0.986861,-0.025795,-0.987142,0.159712,0.006487,0.010522,0.024429,0.999646,0,0.78315,-0.39927,46.989,-0.799,-1,425.000,-1,400.000,-1,325.000,325.000,300.000,300.000,-1,-1,-1,-1,925.000,750.000,-1,-1,2,0,2,0,2,0,0,0,0,2,2,2,2,0,0,2,2
93,-1850.196,-5138.127,-151.114,-81.597,0.145896,0.989001,-0.024316,-0.989249,0.146093,0.006529,0.010009,0.023102,0.999683,0,0.78491,-0.39503,47.094,-0.790,-1,425.000,-1,400.000,-1,325.000,325.000,300.000,300.000,-1,-1,-1,-1,925.000,750.000,-1,-1,2,0,2,0,2,0,0,0,0,2,2,2,2,0,0,2,2
94,-1843.936,-5184.914,-150.720,-82.379,0.132414,0.990932,-0.022818,-0.991148,0.132595,0.006584,0.009550,0.021744,0.999718,0,0.78672,-0.39075,47.203,-0.781,-1,425.000,-1,400.000,-1,325.000,325.000,300.000,300.000,-1,-1,-1,-1,925.000,750.000,-1,-1,2,0,2,0,2,0,0,0,0,2,2,2,2,0,0,2,2
95,-1838.295,-5231.892,-150.313,-83.151,0.119063,0.992662,-0.021131,-0.992847,0.119221,0.006375,0.008848,0.020221,0.999756,0,0.78860,-0.38641,47.316,-0.773,-1,425.000,-1,400.000,-1,325.000,325.000,300.000,300.000,-1,-1,-1,-1,950.000,750.000,-1,-1,2,0,2,0,2,0,0,0,0,2,2,2,2,0,0,2,2
96,-1833.267,-5279.057,-150.011,-83.916,0.105847,0.994188,-0.019640,-0.994353,0.105976,0.005635,0.007683,0.018933,0.999791,0,0.79054,-0.38202,47.432,-0.764,-1,425.000,-1,400.000,-1,325.000,325.000,300.000,300.000,-1,-1,-1,-1,950.000,750.000,-1,-1,2,0,2,0,2,0,0,0,0,2,2,2,2,0,0,2,2
97,-1828.738,-5325.590,-149.900,-84.440,0.096788,0.995150,-0.017544,-0.995285,0.096882,0.004580,0.006258,0.017018,0.999836,0,0.77921,-0.26202,46.753,-0.524,-1,425.000,-1,400.000,-1,325.000,325.000,300.000,300.000,-1,-1,-1,-1,925.000,750.000,-1,-1,2,0,2,0,2,0,0,0,0,2,2,2,2,0,0,2,2
98,-1824.428,-5372.263,-149.817,-84.724,0.091885,0.995649,-0.015476,-0.995757,0.091950,0.003507,0.004915,0.015088,0.999874,0,0.78119,-0.14202,46.872,-0.284,-1,425.000,-1,400.000,-1,325.000,325.000,300.000,300.000,-1,-1,-1,-1,925.000,750.000,-1,-1,2,0,2,0,2,0,0,0,0,2,2,2,2,0,0,2,2
99,-1820.143,-5419.061,-149.754,-84.768,0.091146,0.995747,-0.013449,-0.995831,0.091187,0.002427,0.003643,0.013172,0.999907,0,0.78324,-0.02202,46.994,-0.044,-1,425.000,-1,400.000,-1,325.000,325.000,300.000,300.000,-1,-1,-1,-1,925.000,750.000,-1,-1,2,0,2,0,2,0,0,0,0,2,2,2,2,0,0,2,2
100,-1815.685,-5465.973,-149.708,-84.572,0.094573,0.995452,-0.011454,-0.995515,0.094594,0.001337,0.002414,0.011276,0.999934,0,0.78538,0.09798,47.123,0.196,-1,425.000,-1,400.000,-1,325.000,325.000,300.000,300.000,-1,-1,-1,-1,925.000,750.000,-1,-1,2,0,2,0,2,0,0,0,0,2,2,2,2,0,0,2,2
101,-1810.857,-5512.987,-149.678,-84.136,0.102161,0.994723,-0.009483,-0.994767,0.102167,0.000232,0.001200,0.009409,0.999955,0,0.78769,0.21798,47.261,0.436,-1,425.000,-1,400.000,-1,325.000,325.000,300.000,300.000,-1,-1,-1,-1,900.000,750.000,-1,-1,2,0,2,0,2,0,0,0,0,2,2,2,2,0,0,2,2
102,-1805.457,-5560.090,-149.664,-83.460,0.113901,0.993464,-0.007527,-0.993492,0.113897,-0.000892,-0.000029,0.007579,0.999971,0,0.79020,0.33798,47.412,0.676,-1,425.000,-1,400.000,-1,325.000,325.000,300.000,300.000,-1,-1,-1,-1,900.000,775.000,-1,-1,2,0,2,0,2,0,0,0,0,2,2,2,2,0,0,2,2
103,-1799.297,-5607.160,-149.667,-82.544,0.129775,0.991528,-0.005584,-0.991543,0.129765,-0.002039,-0.001297,0.005801,0.999982,0,0.79118,0.45798,47.471,0.916,-1,425.000,-1,400.000,-1,325.000,325.000,300.000,300.000,-1,-1,-1,-1,900.000,775.000,-1,-1,2,0,2,0,2,0,0,0,0,2,2,2,2,0,0,2,2
104,-1792.188,-5654.096,-149.690,-81.388,0.149754,0.988716,-0.003652,-0.988720,0.149743,-0.003213,-0.002629,0.004092,0.999988,0,0.79118,0.57798,47.471,1.156,-1,425.000,-1,400.000,-1,325.000,325.000,300.000,300.000,-1,-1,-1,-1,900.000,775.000,-1,-1,2,0,2,0,2,0,0,0,0,2,2,2,2,0,0,2,2
105,-1784.041,-5700.862,-149.736,-80.117,0.171640,0.985158,-0.001725,-0.985151,0.171631,-0.004416,-0.004055,0.002457,0.999989,0,0.79118,0.63529,47.471,1.271,-1,425.000,-1,400.000,-1,325.000,325.000,300.000,300.000,-1,-1,-1,-1,900.000,775.000,-1,-1,2,0,2,0,2,0,0,0,0,2,2,2,2,0,0,2,2
106,-1774.840,-5747.545,-149.809,-78.850,0.193373,0.981125,0.000203,-0.981109,0.193371,-0.005653,-0.005586,0.000894,0.999984,0,0.79301,0.63346,47.581,1.267,-1,425.000,-1,400.000,-1,325.000,325.000,300.000,300.000,-1,-1,-1,-1,875.000,775.000,-1,-1,2,0,2,0,2,0,0,0,0,2,2,2,2,0,0,2,2
107,-1764.575,-5794.199,-149.913,-77.591,0.214884,0.976637,0.002129,-0.976613,0.214894,-0.006926,-0.007221,-0.000591,0.999974,0,0.79616,0.62986,47.770,1.260,-1,425.000,-1,400.000,-1,325.000,325.000,300.000,300.000,-1,-1,-1,-1,875.000,800.000,-1,-1,2,0,2,0,2,0,0,0,0,2,2,2,2,0,0,2,2
108,-1753.253,-5840.780,-150.100,-76.339,0.236158,0.971707,0.003857,-0.971675,0.236183,-0.008147,-0.008827,-0.001824,0.999959,0,0.79896,0.62603,47.938,1.252,-1,425.000,-1,400.000,-1,325.000,325.000,300.000,300.000,-1,-1,-1,-1,875.000,775.000,-1,-1,2,0,2,0,2,0,0,0,0,2,2,2,2,0,0,2,2
109,-1740.884,-5887.246,-150.579,-75.095,0.257189,0.966350,0.004643,-0.966305,0.257223,-0.009524,-0.010397,-0.002037,0.999944,0,0.80139,0.62199,48.084,1.244,-1,425.000,-1,400.000,-1,325.000,325.000,300.000,300.000,-1,-1,-1,-1,875.000,775.000,-1,-1,2,0,2,0,2,0,0,0,0,2,2,2,2,0,0,2,2
110,-1727.483,-5933.552,-151.148,-73.859,0.277956,0.960579,0.005295,-0.960516,0.278000,-0.011156,-0.012188,-0.001985,0.999924,0,0.80344,0.61777,48.206,1.236,-1,425.000,-1,400.000,-1,325.000,325.000,300.000,300.000,-1,-1,-1,-1,875.000,775.000,-1,-1,2,0,2,0,2,0,0,0,0,2,2,2,2,0,0,2,2
111,-1713.063,-5979.655,-151.813,-72.632,0.298446,0.954407,0.006123,-0.954326,0.298501,-0.012604,-0.013857,-0.002082,0.999902,0,0.80510,0.61339,48.306,1.227,-1,425.000,-1,400.000,-1,325.000,325.000,300.000,275.000,-1,-1,-1,-1,850.000,775.000,-1,-1,2,0,2,0,2,0,0,0,0,2,2,2,2,0,0,2,2
112,-1697.643,-6025.514,-152.611,-71.415,0.318644,0.947847,0.007252,-0.947749,0.318717,-0.013814,-0.015404,-0.002471,0.999878,0,0.80635,0.60887,48.381,1.218,-1,425.000,-1,400.000,-1,325.000,325.000,300.000,275.000,-1,-1,-1,-1,850.000,750.000,-1,-1,2,0,2,0,2,0,0,0,0,2,2,2,2,0,0,2,2
113,-1681.242,-6071.084,-153.480,-70.206,0.338542,0.940913,0.008484,-0.940796,0.338636,-0.015089,-0.017070,-0.002873,0.999850,0,0.80720,0.60425,48.432,1.208,-1,400.000,-1,400.000,-1,325.000,325.000,300.000,275.000,-1,-1,-1,-1,825.000,750.000,-1,-1,2,0,2,0,2,0,0,0,0,2,2,2,2,0,0,2,2
114,-1663.882,-6116.327,-154.396,-69.007,0.358135,0.933619,0.009683,-0.933481,0.358252,-0.016378,-0.018760,-0.003174,0.999819,0,0.80766,0.59956,48.459,1.199,-1,400.000,-1,400.000,-1,325.000,325.000,300.000,275.000,-1,-1,-1,-1,825.000,750.000,-1,-1,2,0,2,0,2,0,0,0,0,2,2,2,2,0,0,2,2
115,-1645.584,-6161.203,-155.361,-67.817,0.377418,0.925980,0.010845,-0.925817,0.377559,-0.017682,-0.020468,-0.003366,0.999785,0,0.80772,0.59483,48.463,1.190,-1,400.000,-1,400.000,-1,325.000,325.000,300.000,275.000,-1,-1,-1,-1,800.000,725.000,-1,-1,2,0,2,0,2,0,0,0,0,2,2,2,2,0,0,2,2
116,-1626.373,-6205.675,-156.377,-66.637,0.396386,0.918006,0.011962,-0.917816,0.396551,-0.019001,-0.022187,-0.003447,0.999748,0,0.80739,0.59011,48.444,1.180,-1,400.000,-1,400.000,-1,325.000,325.000,300.000,275.000,-1,-1,-1,-1,775.000,725.000,-1,-1,2,0,2,0,2,0,0,0,0,2,2,2,2,0,0,2,2
117,-1606.275,-6249.708,-157.448,-65.466,0.415037,0.909711,0.013031,-0.909490,0.415227,-0.020336,-0.023910,-0.003411,0.999708,0,0.80671,0.58544,48.403,1.171,-1,400.000,-1,400.000,-1,325.000,325.000,300.000,275.000,-1,-1,-1,-1,775.000,700.000,-1,-1,2,0,2,0,2,0,0,0,0,2,2,2,2,0,0,2,2
118,-1584.333,-6295.783,-158.633,-64.535,0.429734,0.902846,0.014090,-0.902590,0.429952,-0.021738,-0.025684,-0.003376,0.999664,0,0.85055,0.46544,51.033,0.931,-1,400.000,-1,400.000,-1,325.000,325.000,300.000,275.000,-1,-1,-1,-1,750.000,700.000,-1,-1,2,0,2,0,2,0,0,0,0,2,2,2,2,0,0,2,2
119,-1561.868,-6341.528,-159.870,-63.844,0.440562,0.897596,0.015087,-0.897304,0.440807,-0.023104,-0.027389,-0.003358,0.999619,0,0.84938,0.34544,50.963,0.691,-1,400.000,-1,375.000,-1,325.000,325.000,300.000,300.000,-1,-1,-1,-1,750.000,700.000,-1,-1,2,0,2,0,2,0,0,0,0,2,2,2,2,0,0,2,2
120,-1539.078,-6387.026,-161.046,-63.394,0.447578,0.894098,0.016241,-0.893785,0.447856,-0.023938,-0.028677,-0.003802,0.999582,0,0.84812,0.22544,50.887,0.451,-1,400.000,-1,375.000,-1,325.000,325.000,300.000,300.000,-1,-1,-1,-1,725.000,675.000,-1,-1,2,0,2,0,2,0,0,0,0,2,2,2,2,0,0,2,2
121,-1516.154,-6432.373,-162.361,-63.183,0.450843,0.892442,0.016937,-0.892110,0.451144,-0.024683,-0.029669,-0.003981,0.999552,0,0.84685,0.10544,50.811,0.211,-1,400.000,-1,375.000,-1,325.000,325.000,300.000,300.000,-1,-1,-1,-1,725.000,675.000,-1,-1,2,0,2,0,2,0,0,0,0,2,2,2,2,0,0,2,2
122,-1493.287,-6477.665,-163.787,-63.212,0.450376,0.892671,0.017307,-0.892320,0.450690,-0.025366,-0.030443,-0.004019,0.999528,0,0.84561,-0.01456,50.737,-0.029,-1,400.000,-1,375.000,-1,325.000,300.000,300.000,300.000,-1,-1,-1,-1,700.000,675.000,-1,-1,2,0,2,0,2,0,0,0,0,2,2,2,2,0,0,2,2
123,-1470.664,-6523.001,-164.917,-63.481,0.446146,0.894772,0.018339,-0.894452,0.446489,-0.024566,-0.030170,-0.005443,0.999530,0,0.84446,-0.13456,50.668,-0.269,-1,400.000,-1,375.000,1000.000,325.000,300.000,300.000,300.000,-1,-1,-1,-1,700.000,650.000,-1,-1,2,0,2,0,0,0,0,0,0,2,2,2,2,0,0,2,2
124,-1448.472,-6568.481,-166.009,-63.990,0.438141,0.898694,0.019549,-0.898419,0.438516,-0.023405,-0.029606,-0.007309,0.999535,0,0.84342,-0.25456,50.605,-0.509,-1,400.000,-1,375.000,975.000,325.000,300.000,300.000,300.000,-1,-1,-1,-1,700.000,675.000,-1,-1,2,0,2,0,0,0,0,0,0,2,2,2,2,0,0,2,2
125,-1426.899,-6614.199,-167.144,-64.739,0.426316,0.904335,0.020792,-0.904109,0.426721,-0.022252,-0.028996,-0.009312,0.999536,0,0.84253,-0.37456,50.552,-0.749,-1,375.000,-1,375.000,950.000,325.000,300.000,300.000,300.000,-1,-1,-1,-1,700.000,650.000,-1,-1,2,0,2,0,0,0,0,0,0,2,2,2,2,0,0,2,2
126,-1406.136,-6660.243,-168.350,-65.728,0.410603,0.911545,0.022163,-0.911377,0.411037,-0.020974,-0.028229,-0.011587,0.999534,0,0.84182,-0.49456,50.509,-0.989,-1,375.000,-1,375.000,950.000,300.000,300.000,300.000,300.000,-1,-1,-1,-1,675.000,650.000,-1,-1,2,0,2,0,0,0,0,0,0,2,2,2,2,0,0,2,2
127,-1385.742,-6708.190,-169.540,-66.957,0.390934,0.920127,0.023152,-0.920025,0.391379,-0.019402,-0.026913,-0.013715,0.999544,0,0.86841,-0.61456,52.105,-1.229,-1,375.000,-1,375.000,925.000,300.000,300.000,275.000,300.000,-1,-1,-1,-1,675.000,650.000,-1,-1,2,0,2,0,0,0,0,0,0,2,2,2,2,0,0,2,2
128,-1366.533,-6756.770,-170.419,-68.427,0.367254,0.929848,0.022528,-0.929801,0.367655,-0.017301,-0.024370,-0.014593,0.999597,0,0.87066,-0.73456,52.239,-1.469,-1,375.000,-1,375.000,925.000,300.000,300.000,300.000,300.000,-1,-1,-1,-1,700.000,625.000,-1,1000.000,2,0,2,0,0,0,0,0,0,2,2,2,2,0,0,2,0
129,-1348.563,-6805.977,-171.316,-69.938,0.342634,0.939211,0.022028,-0.939218,0.342990,-0.015074,-0.021713,-0.015524,0.999644,0,0.87309,-0.75592,52.385,-1.512,-1,375.000,-1,375.000,925.000,325.000,300.000,300.000,300.000,-1,-1,-1,-1,700.000,625.000,-1,1000.000,2,0,2,0,1,0,0,0,0,2,2,2,2,0,0,2,0
130,-1331.858,-6855.783,-172.151,-71.458,0.317661,0.947965,0.021289,-0.948020,0.317962,-0.012587,-0.018701,-0.016184,0.999694,0,0.87556,-0.75971,52.534,-1.519,-1,375.000,-1,375.000,950.000,325.000,300.000,300.000,300.000,-1,-1,-1,-1,700.000,625.000,-1,1000.000,2,0,2,0,1,0,0,0,0,2,2,2,2,0,0,2,0
131,-1316.442,-6906.159,-173.011,-72.985,0.292336,0.956090,0.020769,-0.956188,0.292583,-0.009988,-0.015626,-0.016939,0.999734,0,0.87803,-0.76354,52.682,-1.527,-1,400.000,-1,375.000,-1,325.000,300.000,300.000,300.000,-1,-1,-1,-1,675.000,625.000,-1,975.000,2,0,2,0,2,0,0,0,0,2,2,2,2,0,0,2,0
132,-1302.341,-6957.071,-173.815,-74.520,0.266665,0.963565,0.020803,-0.963706,0.266864,-0.007427,-0.012708,-0.018068,0.999756,0,0.88049,-0.76741,52.829,-1.535,-1,400.000,-1,375.000,-1,325.000,325.000,300.000,300.000,-1,775.000,-1,-1,675.000,625.000,-1,975.000,2,0,2,0,2,0,0,0,0,2,0,2,2,0,0,2,0
133,-1289.580,-7008.488,-174.614,-76.062,0.240672,0.970376,0.021144,-0.970557,0.240822,-0.004832,-0.009781,-0.019359,0.999765,0,0.88294,-0.77132,52.976,-1.543,-1,400.000,-1,375.000,-1,325.000,300.000,300.000,300.000,-1,475.000,725.000,-1,675.000,625.000,-1,950.000,2,0,2,0,2,0,0,0,0,2,0,0,2,0,0,2,0
134,-1279.042,-7055.498,-175.353,-77.365,0.218593,0.975577,0.021600,-0.975790,0.218694,-0.002426,-0.007090,-0.020546,0.999764,0,0.80294,-0.65132,48.176,-1.303,-1,375.000,-1,350.000,-1,325.000,300.000,300.000,300.000,-1,425.000,525.000,-1,675.000,600.000,-1,950.000,2,0,2,0,2,0,0,0,0,2,0,0,2,0,0,2,0
135,-1270.264,-7098.367,-176.031,-78.428,0.200506,0.979443,0.022103,-0.979681,0.200560,-0.000211,-0.004640,-0.021612,0.999756,0,0.72932,-0.53132,43.759,-1.063,-1,375.000,-1,350.000,-1,300.000,300.000,300.000,300.000,-1,375.000,450.000,-1,675.000,600.000,-1,925.000,2,0,2,0,2,0,0,0,0,2,0,0,2,0,0,2,0
136,-1262.083,-7141.454,-176.717,-79.250,0.186471,0.982200,0.022617,-0.982458,0.186473,0.002031,-0.002223,-0.022599,0.999742,0,0.73094,-0.41132,43.857,-0.823,-1,375.000,-1,350.000,-1,300.000,300.000,300.000,300.000,-1,325.000,400.000,-1,675.000,600.000,-1,925.000,2,0,2,0,2,0,0,0,0,2,0,0,2,0,0,2,0
137,-1254.328,-7184.693,-177.108,-79.833,0.176511,0.983999,0.024299,-0.984299,0.176467,0.003939,-0.000412,-0.024613,0.999697,0,0.73215,-0.29132,43.929,-0.583,-1,375.000,-1,350.000,-1,300.000,300.000,275.000,300.000,-1,325.000,400.000,-1,650.000,600.000,-1,925.000,2,0,2,0,2,0,0,0,0,2,0,0,2,0,0,2,0
