timestep,x_cm,y_cm,z_cm,yaw_deg,basis_xx,basis_xy,basis_xz,basis_yx,basis_yy,basis_yz,basis_zx,basis_zy,basis_zz,teleport_flag,throttle_cmd,steering_cmd,cmd_move_cm,cmd_turn_deg,lidar_cm_0,lidar_cm_1,lidar_cm_2,lidar_cm_3,lidar_cm_4,lidar_cm_5,lidar_cm_6,lidar_cm_7,lidar_cm_8,lidar_cm_9,lidar_cm_10,lidar_cm_11,lidar_cm_12,lidar_cm_13,lidar_cm_14,lidar_cm_15,lidar_cm_16,lidar_class_0,lidar_class_1,lidar_class_2,lidar_class_3,lidar_class_4,lidar_class_5,lidar_class_6,lidar_class_7,lidar_class_8,lidar_class_9,lidar_class_10,lidar_class_11,lidar_class_12,lidar_class_13,lidar_class_14,lidar_class_15,lidar_class_16
0,-6887.608,-5580.213,-368.316,-94.012,-0.070542,0.996392,0.047198,-0.997435,-0.069881,-0.015526,-0.012172,-0.048172,0.998765,1,0.08000,-0.08518,4.800,-0.170,-1,375.000,-1,375.000,-1,300.000,300.000,275.000,350.000,-1,450.000,450.000,450.000,625.000,650.000,-1,-1,2,0,2,0,2,0,0,0,0,2,1,1,1,0,0,2,2
1,-6888.308,-5589.788,-368.430,-94.179,-0.073416,0.996208,0.046687,-0.997237,-0.072798,-0.014797,-0.011342,-0.047644,0.998800,0,0.16000,-0.08384,9.600,-0.168,-1,375.000,-1,375.000,-1,300.000,300.000,275.000,350.000,-1,450.000,450.000,475.000,625.000,650.000,-1,-1,2,0,2,0,2,0,0,0,0,2,1,1,1,0,0,2,2
2,-6889.399,-5604.146,-368.591,-94.342,-0.076178,0.996033,0.045998,-0.997042,-0.075623,-0.013694,-0.010161,-0.046905,0.998848,0,0.24000,-0.08116,14.400,-0.162,-1,375.000,-1,375.000,-1,300.000,300.000,275.000,350.000,-1,475.000,450.000,475.000,625.000,650.000,-1,-1,2,0,2,0,2,0,0,0,0,2,1,1,1,0,0,2,2
3,-6890.905,-5623.287,-368.798,-94.496,-0.078782,0.995870,0.045131,-0.996855,-0.078306,-0.012212,-0.008627,-0.045951,0.998906,0,0.32000,-0.07710,19.200,-0.154,-1,375.000,-1,375.000,-1,300.000,300.000,275.000,350.000,-1,475.000,475.000,475.000,625.000,650.000,-1,-1,2,0,2,0,2,0,0,0,0,2,1,1,1,0,0,2,2
4,-6892.847,-5647.209,-369.052,-94.639,-0.081180,0.995724,0.044083,-0.996677,-0.080800,-0.010340,-0.006734,-0.044776,0.998974,0,0.40000,-0.07162,24.000,-0.143,-1,375.000,-1,375.000,-1,300.000,300.000,275.000,350.000,-1,500.000,500.000,475.000,650.000,675.000,-1,-1,2,0,2,0,2,0,0,0,0,2,1,1,1,0,0,2,2
5,-6895.242,-5675.909,-369.355,-94.769,-0.083323,0.995601,0.042842,-0.996513,-0.083053,-0.008061,-0.004468,-0.043364,0.999049,0,0.48000,-0.06467,28.800,-0.129,-1,375.000,-1,375.000,-1,300.000,300.000,275.000,350.000,-1,525.000,525.000,500.000,650.000,675.000,-1,-1,2,0,2,0,2,0,0,0,0,2,1,1,1,0,0,2,2
6,-6898.102,-5709.387,-369.713,-94.881,-0.085160,0.995507,0.041388,-0.996366,-0.085011,-0.005356,-0.001813,-0.041694,0.999129,0,0.56000,-0.05617,33.600,-0.112,-1,375.000,-1,375.000,-1,300.000,300.000,275.000,325.000,-1,550.000,550.000,500.000,650.000,675.000,-1,-1,2,0,2,0,2,0,0,0,0,2,1,1,1,0,0,2,2
7,-6901.432,-5747.642,-370.131,-94.973,-0.086637,0.995449,0.039695,-0.996239,-0.086618,-0.002195,0.001253,-0.039735,0.999209,0,0.64000,-0.04606,38.400,-0.092,-1,375.000,-1,375.000,-1,300.000,300.000,300.000,325.000,-1,575.000,575.000,500.000,650.000,675.000,-1,-1,2,0,2,0,2,0,0,0,0,2,1,1,1,0,0,2,2
8,-6904.887,-5786.790,-370.572,-95.041,-0.087710,0.995425,0.037905,-0.996136,-0.087815,0.001118,0.004441,-0.037661,0.999281,0,0.65501,-0.03423,39.300,-0.068,-1,375.000,-1,375.000,-1,300.000,300.000,300.000,325.000,-1,600.000,600.000,525.000,675.000,675.000,-1,-1,2,0,2,0,2,0,0,0,0,2,1,1,1,0,0,2,2
9,-6908.105,-5821.140,-370.959,-95.350,-0.092973,0.995007,0.036303,-0.995641,-0.093179,0.004031,0.007394,-0.035770,0.999333,0,0.57501,-0.15423,34.500,-0.308,-1,375.000,-1,375.000,-1,325.000,300.000,300.000,325.000,-1,650.000,625.000,525.000,675.000,675.000,-1,-1,2,0,2,0,2,0,0,0,0,2,1,1,1,0,0,2,2
10,-6911.158,-5850.684,-371.272,-95.898,-0.102418,0.994126,0.034984,-0.994691,-0.102705,0.006510,0.010065,-0.034131,0.999367,0,0.49501,-0.27423,29.700,-0.548,-1,375.000,-1,375.000,-1,325.000,300.000,300.000,300.000,-1,650.000,650.000,550.000,675.000,675.000,-1,-1,2,0,2,0,2,0,0,0,0,2,1,1,1,0,0,2,2
11,-6913.954,-5875.427,-371.485,-96.446,-0.111855,0.993149,0.033803,-0.993649,-0.112201,0.008499,0.012234,-0.032638,0.999392,0,0.41501,-0.27361,24.900,-0.547,-1,375.000,-1,375.000,-1,325.000,300.000,300.000,300.000,-1,675.000,675.000,550.000,675.000,675.000,-1,-1,2,0,2,0,2,0,0,0,0,2,1,1,1,0,0,2,2
12,-6916.396,-5895.378,-371.505,-96.977,-0.121017,0.992122,0.032383,-0.992548,-0.121408,0.010397,0.014247,-0.030884,0.999421,0,0.33501,-0.26554,20.100,-0.531,-1,375.000,-1,375.000,-1,325.000,300.000,300.000,300.000,-1,700.000,700.000,550.000,700.000,675.000,-1,-1,2,0,2,0,2,0,0,0,0,2,1,1,1,0,0,2,2
13,-6918.393,-5910.548,-371.491,-97.495,-0.129955,0.991025,0.031321,-0.991393,-0.130379,0.011873,0.015850,-0.029508,0.999439,0,0.25501,-0.25901,15.300,-0.518,-1,375.000,-1,375.000,-1,325.000,300.000,300.000,300.000,-1,700.000,700.000,550.000,700.000,675.000,-1,-1,2,0,2,0,2,0,0,0,0,2,1,1,1,0,0,2,2
14,-6919.855,-5920.946,-371.462,-98.003,-0.138721,0.989857,0.030649,-0.990186,-0.139165,0.012861,0.016995,-0.028564,0.999447,0,0.17501,-0.25403,10.500,-0.508,-1,375.000,-1,375.000,-1,325.000,300.000,300.000,300.000,-1,700.000,700.000,550.000,700.000,675.000,-1,-1,2,0,2,0,2,0,0,0,0,2,0,1,1,0,0,2,2
15,-6920.698,-5926.584,-371.420,-98.504,-0.147366,0.988616,0.030345,-0.988924,-0.147822,0.013353,0.017686,-0.028041,0.999450,0,0.09501,-0.25063,5.700,-0.501,-1,375.000,-1,375.000,-1,325.000,300.000,300.000,300.000,-1,675.000,725.000,550.000,700.000,675.000,-1,-1,2,0,2,0,2,0,0,0,0,2,0,1,1,0,0,2,2
16,-6920.839,-5927.473,-371.371,-99.002,-0.155943,0.987299,0.030384,-0.987603,-0.156402,0.013346,0.017929,-0.027926,0.999449,0,0.01501,-0.24878,0.900,-0.498,-1,375.000,-1,375.000,-1,325.000,300.000,300.000,300.000,-1,675.000,725.000,550.000,700.000,675.000,-1,-1,2,0,2,0,2,0,0,0,0,2,0,1,1,0,0,2,2
17,-6920.195,-5923.627,-371.320,-99.499,-0.164504,0.985897,0.030734,-0.986217,-0.164958,0.012846,0.017735,-0.028197,0.999445,0,-0.06499,-0.24849,-3.900,-0.497,-1,375.000,-1,375.000,-1,325.000,300.000,300.000,300.000,-1,675.000,700.000,550.000,700.000,675.000,-1,-1,2,0,2,0,2,0,0,0,0,2,0,1,1,0,0,2,2
18,-6918.685,-5915.059,-371.275,-99.998,-0.173104,0.984404,0.031359,-0.984755,-0.173543,0.011864,0.017122,-0.028827,0.999438,0,-0.14499,-0.24974,-8.700,-0.499,-1,375.000,-1,375.000,-1,325.000,300.000,300.000,300.000,-1,700.000,700.000,550.000,700.000,675.000,-1,-1,2,0,2,0,2,0,0,0,0,2,0,1,1,0,0,2,2
19,-6916.224,-5901.786,-371.248,-100.503,-0.181792,0.982809,0.032212,-0.983205,-0.182207,0.010425,0.016115,-0.029776,0.999427,0,-0.22499,-0.25248,-13.500,-0.505,-1,375.000,-1,375.000,-1,325.000,300.000,300.000,300.000,-1,700.000,700.000,550.000,700.000,675.000,-1,-1,2,0,2,0,2,0,0,0,0,2,1,1,1,0,0,2,2
20,-6912.726,-5883.824,-371.252,-101.016,-0.190621,0.981101,0.033240,-0.981553,-0.190998,0.008561,0.014748,-0.030995,0.999411,0,-0.30499,-0.25668,-18.300,-0.513,-1,375.000,-1,375.000,-1,300.000,300.000,300.000,300.000,-1,700.000,675.000,550.000,700.000,675.000,-1,-1,2,0,2,0,2,0,0,0,0,2,1,1,1,0,0,2,2
21,-6908.104,-5861.191,-371.303,-101.541,-0.199636,0.979267,0.034379,-0.979783,-0.199963,0.006323,0.013067,-0.032421,0.999389,0,-0.38499,-0.26228,-23.100,-0.525,-1,375.000,-1,375.000,-1,300.000,300.000,300.000,300.000,-1,675.000,675.000,550.000,675.000,675.000,-1,-1,2,0,2,0,2,0,0,0,0,2,1,1,1,0,0,2,2
22,-6902.265,-5833.909,-371.301,-102.079,-0.208875,0.977311,0.035148,-0.977874,-0.209149,0.004269,0.011524,-0.033479,0.999373,0,-0.46499,-0.26919,-27.900,-0.538,-1,375.000,-1,375.000,-1,300.000,300.000,300.000,325.000,-1,675.000,650.000,550.000,675.000,675.000,-1,-1,2,0,2,0,2,0,0,0,0,2,1,1,1,0,0,2,2
23,-6895.113,-5802.002,-371.282,-102.634,-0.218390,0.975219,0.035420,-0.975814,-0.218595,0.001986,0.009679,-0.034130,0.999371,0,-0.54499,-0.27733,-32.700,-0.555,-1,375.000,-1,375.000,-1,300.000,300.000,300.000,325.000,-1,650.000,625.000,550.000,675.000,675.000,-1,-1,2,0,2,0,2,0,0,0,0,2,1,1,1,0,0,2,2
24,-6886.545,-5765.494,-371.340,-103.207,-0.228204,0.972970,0.035384,-0.973582,-0.228336,-0.000336,0.007753,-0.034526,0.999374,0,-0.62499,-0.28656,-37.500,-0.573,-1,375.000,-1,375.000,-1,300.000,300.000,300.000,325.000,-1,625.000,600.000,550.000,675.000,675.000,-1,-1,2,0,2,0,2,0,0,0,0,2,1,1,1,0,0,2,2
25,-6877.558,-5728.908,-371.498,-103.801,-0.238334,0.970553,0.034993,-0.971164,-0.238401,-0.002312,0.006099,-0.034535,0.999385,0,-0.62789,-0.29673,-37.673,-0.593,-1,375.000,-1,375.000,-1,300.000,300.000,300.000,325.000,-1,600.000,575.000,550.000,675.000,675.000,-1,-1,2,0,2,0,2,0,0,0,0,2,1,1,1,0,0,2,2
26,-6868.274,-5692.784,-371.759,-104.414,-0.248758,0.967960,0.034245,-0.968554,-0.248773,-0.003881,0.004762,-0.034134,0.999406,0,-0.62165,-0.30647,-37.299,-0.613,-1,375.000,-1,375.000,-1,300.000,300.000,300.000,325.000,-1,575.000,525.000,525.000,675.000,675.000,-1,-1,2,0,2,0,2,0,0,0,0,2,1,1,1,0,0,2,2
27,-6859.717,-5661.432,-372.130,-105.266,-0.263174,0.964180,0.033101,-0.964740,-0.263163,-0.004765,0.004117,-0.033188,0.999441,0,-0.54165,-0.42647,-32.499,-0.853,-1,375.000,-1,375.000,-1,300.000,300.000,300.000,325.000,-1,550.000,500.000,525.000,675.000,650.000,-1,-1,2,0,2,0,2,0,0,0,1,2,1,1,1,0,0,2,2
28,-6851.916,-5634.854,-372.607,-106.359,-0.281533,0.959031,0.031607,-0.959543,-0.281520,-0.004965,0.004136,-0.031726,0.999488,0,-0.46165,-0.54647,-27.699,-1.093,-1,375.000,-1,375.000,-1,325.000,300.000,300.000,300.000,-1,525.000,475.000,525.000,675.000,650.000,-1,-1,2,0,2,0,2,0,0,0,1,2,1,1,1,0,0,2,2
29,-6844.957,-5613.039,-373.182,-107.692,-0.303767,0.952279,0.029841,-0.952735,-0.303771,-0.004496,0.004784,-0.029796,0.999545,0,-0.38165,-0.66647,-22.899,-1.333,-1,375.000,-1,375.000,-1,300.000,300.000,300.000,300.000,-1,500.000,475.000,500.000,675.000,650.000,-1,-1,2,0,2,0,2,0,0,0,1,2,1,1,1,0,0,2,2
30,-6838.989,-5595.953,-373.837,-109.259,-0.329679,0.943680,0.027910,-0.944074,-0.329717,-0.003389,0.006004,-0.027466,0.999605,0,-0.30165,-0.78339,-18.099,-1.567,-1,375.000,-1,375.000,-1,325.000,300.000,300.000,275.000,-1,500.000,450.000,500.000,675.000,650.000,-1,-1,2,0,2,0,2,0,0,0,1,2,1,1,1,0,0,2,2
31,-6834.260,-5583.523,-374.489,-110.832,-0.355450,0.934331,0.026100,-0.934665,-0.355524,-0.001913,0.007491,-0.025075,0.999658,0,-0.22165,-0.78665,-13.299,-1.573,-1,375.000,-1,375.000,-1,325.000,300.000,300.000,275.000,-1,475.000,425.000,475.000,675.000,650.000,-1,-1,2,0,2,0,2,0,0,0,1,2,1,1,1,0,0,2,2
32,-6831.021,-5575.666,-375.099,-112.410,-0.381024,0.924240,0.024532,-0.924520,-0.381134,-0.000221,0.009146,-0.022764,0.999699,0,-0.14165,-0.78882,-8.499,-1.578,-1,375.000,-1,375.000,-1,325.000,300.000,300.000,250.000,-1,475.000,425.000,475.000,700.000,650.000,-1,-1,2,0,2,0,2,0,0,0,1,2,1,1,1,0,0,2,2
33,-6829.517,-5572.287,-375.628,-113.990,-0.406351,0.913420,0.023299,-0.913652,-0.406494,0.001537,0.010875,-0.020662,0.999727,0,-0.06165,-0.79008,-3.699,-1.580,-1,375.000,-1,375.000,-1,325.000,300.000,300.000,250.000,-1,475.000,425.000,475.000,700.000,650.000,-1,-1,2,0,2,0,2,0,0,0,1,2,1,1,1,0,0,2,2
34,-6829.993,-5573.280,-376.042,-115.571,-0.431386,0.901887,0.022470,-0.902079,-0.431558,0.003217,0.012598,-0.018882,0.999742,0,0.01835,-0.79058,1.101,-1.581,-1,375.000,-1,375.000,-1,325.000,300.000,300.000,250.000,-1,475.000,425.000,475.000,700.000,675.000,-1,-1,2,0,2,0,2,0,0,0,1,2,1,1,1,0,0,2,2
35,-6832.709,-5578.519,-376.380,-117.393,-0.459814,0.887744,0.021973,-0.887897,-0.460016,0.004961,0.014512,-0.017228,0.999746,0,0.09835,-0.91058,5.901,-1.821,-1,375.000,-1,375.000,-1,325.000,300.000,300.000,250.000,-1,475.000,425.000,475.000,700.000,675.000,-1,-1,2,0,2,0,2,0,0,0,1,2,1,1,1,0,0,2,2
36,-6837.955,-5587.846,-376.587,-119.357,-0.489957,0.871471,0.021912,-0.871591,-0.490190,0.006547,0.016447,-0.015890,0.999738,0,0.17835,-0.98229,10.701,-1.965,-1,375.000,-1,375.000,-1,325.000,300.000,300.000,225.000,-1,450.000,450.000,475.000,700.000,675.000,-1,-1,2,0,2,0,2,0,0,0,1,2,0,1,1,0,0,2,2
37,-6846.013,-5601.089,-376.595,-121.320,-0.519490,0.854184,0.022360,-0.854283,-0.519751,0.007698,0.018197,-0.015102,0.999720,0,0.25835,-0.98121,15.501,-1.962,-1,375.000,-1,375.000,-1,325.000,300.000,300.000,225.000,-1,400.000,450.000,500.000,700.000,675.000,-1,-1,2,0,2,0,2,0,0,0,1,2,0,1,1,0,0,2,2
38,-6857.153,-5618.061,-376.350,-123.279,-0.548365,0.835913,0.023334,-0.836008,-0.548656,0.008170,0.019632,-0.015027,0.999694,0,0.33835,-0.97977,20.301,-1.960,-1,375.000,-1,375.000,-1,300.000,300.000,300.000,225.000,-1,400.000,450.000,525.000,700.000,675.000,-1,-1,2,0,2,0,2,0,0,0,1,2,0,0,1,0,0,2,2
39,-6871.635,-5638.564,-375.948,-125.235,-0.576543,0.816696,0.024621,-0.816795,-0.576866,0.008398,0.021062,-0.015269,0.999662,0,0.41835,-0.97803,25.101,-1.956,-1,375.000,-1,375.000,-1,300.000,300.000,300.000,250.000,-1,375.000,425.000,525.000,700.000,675.000,-1,-1,2,0,2,0,2,0,0,0,1,2,0,0,1,0,0,2,2
40,-6889.708,-5662.385,-375.293,-127.187,-0.603985,0.796562,0.026286,-0.796685,-0.604342,0.007983,0.022245,-0.016120,0.999623,0,0.49835,-0.97600,29.901,-1.952,-1,375.000,-1,375.000,-1,300.000,300.000,300.000,250.000,-1,375.000,425.000,550.000,675.000,675.000,-1,-1,2,0,2,0,2,0,0,0,1,2,0,0,1,0,0,2,2
41,-6911.609,-5689.302,-374.203,-129.134,-0.630671,0.775560,0.027583,-0.775699,-0.631056,0.007656,0.023345,-0.016568,0.999590,0,0.57835,-0.97366,34.701,-1.947,-1,375.000,-1,375.000,-1,300.000,300.000,300.000,250.000,-1,400.000,450.000,600.000,675.000,675.000,-1,-1,2,0,2,0,2,0,0,0,1,2,0,0,1,0,0,2,2
42,-6937.565,-5719.079,-372.778,-131.076,-0.656552,0.753728,0.028889,-0.753876,-0.656973,0.007609,0.024715,-0.016783,0.999554,0,0.65835,-0.97098,39.501,-1.942,-1,375.000,-1,375.000,-1,300.000,300.000,300.000,250.000,-1,425.000,475.000,625.000,675.000,675.000,-1,-1,2,0,2,0,2,0,0,0,1,2,0,0,1,0,0,2,2
43,-6967.785,-5751.473,-371.149,-133.012,-0.681593,0.731103,0.030336,-0.731262,-0.682055,0.007552,0.026212,-0.017037,0.999511,0,0.73835,-0.96787,44.301,-1.936,-1,375.000,-1,375.000,-1,300.000,300.000,300.000,250.000,-1,475.000,500.000,650.000,675.000,675.000,-1,-1,2,0,2,0,2,0,0,0,1,2,0,0,1,0,0,2,2
44,-7002.469,-5786.228,-369.351,-134.941,-0.705759,0.707734,0.031892,-0.707900,-0.706271,0.007705,0.027977,-0.017138,0.999462,0,0.81835,-0.96426,49.101,-1.929,-1,375.000,-1,375.000,-1,300.000,300.000,300.000,275.000,-1,500.000,525.000,700.000,675.000,675.000,-1,-1,2,0,2,0,2,0,0,0,1,2,0,0,1,0,0,2,2
45,-7041.489,-5822.792,-367.407,-136.861,-0.729013,0.683678,0.033517,-0.683829,-0.729592,0.008522,0.030280,-0.016707,0.999402,0,0.89123,-0.96002,53.474,-1.920,-1,375.000,-1,375.000,-1,300.000,300.000,300.000,275.000,-1,500.000,550.000,725.000,675.000,700.000,-1,-1,2,0,2,0,2,0,0,0,1,2,0,0,1,0,0,2,2
46,-7081.474,-5857.832,-365.503,-138.771,-0.751329,0.658995,0.035092,-0.659092,-0.751991,0.010356,0.033214,-0.015348,0.999330,0,0.88609,-0.95506,53.166,-1.910,-1,375.000,-1,375.000,-1,300.000,300.000,300.000,275.000,-1,500.000,525.000,775.000,675.000,700.000,-1,-1,2,0,2,0,2,0,0,0,1,2,0,0,1,0,0,2,2
47,-7122.384,-5891.352,-363.731,-140.670,-0.772687,0.633724,0.036724,-0.633737,-0.773443,0.012770,0.036497,-0.013406,0.999244,0,0.88147,-0.94975,52.888,-1.899,-1,375.000,-1,375.000,-1,300.000,300.000,300.000,275.000,-1,500.000,500.000,800.000,700.000,700.000,-1,-1,2,0,2,0,2,0,0,0,1,2,0,0,1,0,0,2,2
48,-7164.180,-5923.355,-362.074,-142.559,-0.793066,0.607913,0.038570,-0.607808,-0.793928,0.015753,0.040198,-0.010950,0.999132,0,0.87735,-0.94412,52.641,-1.888,-1,375.000,-1,375.000,-1,300.000,325.000,300.000,300.000,-1,475.000,475.000,825.000,700.000,725.000,-1,-1,2,0,2,0,2,0,0,0,1,2,0,0,1,0,0,2,2
49,-7206.824,-5953.845,-360.547,-144.435,-0.812454,0.581608,0.040629,-0.581342,-0.813430,0.019314,0.044282,-0.007928,0.998988,0,0.87371,-0.93819,52.422,-1.876,-1,375.000,-1,375.000,-1,325.000,325.000,300.000,300.000,-1,425.000,425.000,850.000,725.000,725.000,-1,-1,2,0,2,0,2,0,0,0,1,2,0,0,1,0,0,2,2
50,-7250.278,-5982.827,-358.519,-146.299,-0.830858,0.554848,0.042654,-0.554511,-0.831925,0.020448,0.046830,-0.006663,0.998881,0,0.87053,-0.93198,52.232,-1.864,-1,375.000,-1,375.000,-1,325.000,325.000,300.000,300.000,-1,425.000,425.000,875.000,725.000,750.000,-1,-1,2,0,2,0,2,0,0,0,1,2,0,0,1,0,0,2,2
51,-7294.506,-6010.302,-356.316,-148.150,-0.848267,0.527689,0.044590,-0.527317,-0.849417,0.020687,0.048792,-0.005965,0.998791,0,0.86779,-0.92550,52.067,-1.851,-1,375.000,-1,400.000,-1,325.000,325.000,300.000,300.000,-1,425.000,450.000,925.000,750.000,750.000,-1,-1,2,0,2,0,2,0,0,0,0,2,0,0,1,0,0,2,2
52,-7339.471,-6036.276,-353.864,-149.987,-0.864730,0.500184,0.045363,-0.499754,-0.865908,0.021189,0.049878,-0.004347,0.998746,0,0.86546,-0.91878,51.928,-1.838,-1,375.000,-1,400.000,-1,325.000,325.000,300.000,300.000,-1,450.000,475.000,975.000,750.000,750.000,-1,-1,2,0,2,0,2,0,0,0,0,2,0,0,1,0,0,2,2
53,-7385.138,-6060.751,-351.349,-151.811,-0.880201,0.472378,0.045883,-0.471887,-0.881392,0.021692,0.050687,-0.002558,0.998711,0,0.86354,-0.91181,51.812,-1.824,-1,400.000,-1,400.000,-1,325.000,325.000,300.000,300.000,-1,475.000,500.000,1000.000,750.000,775.000,-1,-1,2,0,2,0,2,0,0,0,0,2,0,0,1,0,0,2,2
54,-7431.472,-6083.731,-348.808,-153.620,-0.894670,0.444317,0.046350,-0.443764,-0.895870,0.022163,0.051371,-0.000740,0.998679,0,0.86199,-0.90463,51.719,-1.809,-1,400.000,-1,400.000,-1,325.000,325.000,300.000,300.000,-1,525.000,525.000,-1,750.000,775.000,-1,-1,2,0,2,0,2,0,0,0,0,2,0,0,2,0,0,2,2
55,-7478.437,-6105.219,-346.250,-155.415,-0.908141,0.416045,0.046755,-0.415434,-0.909343,0.022576,0.051909,0.001078,0.998651,0,0.86079,-0.89723,51.647,-1.794,-1,400.000,-1,400.000,-1,325.000,325.000,300.000,300.000,-1,550.000,550.000,-1,750.000,775.000,-1,-1,2,0,2,0,2,0,0,0,0,2,0,0,2,0,0,2,2
56,-7525.999,-6125.218,-343.619,-157.194,-0.920634,0.387609,0.046822,-0.386933,-0.921819,0.023091,0.052111,0.003141,0.998636,0,0.85992,-0.88963,51.595,-1.779,-1,400.000,-1,400.000,-1,325.000,325.000,300.000,300.000,-1,600.000,600.000,-1,775.000,775.000,-1,-1,2,0,2,0,2,0,0,0,0,2,0,0,2,0,0,2,2
57,-7574.122,-6143.732,-340.949,-158.958,-0.932148,0.359050,0.046717,-0.358310,-0.933303,0.023653,0.052094,0.005309,0.998628,0,0.85937,-0.88185,51.562,-1.764,-1,400.000,-1,400.000,-1,325.000,325.000,300.000,300.000,-1,650.000,650.000,-1,775.000,775.000,-1,-1,2,0,2,0,2,0,0,0,0,2,0,0,2,0,0,2,2
58,-7622.773,-6160.764,-338.292,-160.706,-0.942682,0.330414,0.046655,-0.329613,-0.943807,0.024155,0.052014,0.007392,0.998619,0,0.85911,-0.87388,51.547,-1.748,975.000,400.000,-1,400.000,-1,325.000,325.000,300.000,300.000,-1,725.000,700.000,-1,775.000,775.000,1000.000,-1,1,0,2,0,2,0,0,0,0,2,0,0,2,0,0,1,2
59,-7671.918,-6176.319,-335.647,-162.437,-0.952249,0.301740,0.046626,-0.300883,-0.953344,0.024597,0.051873,0.009394,0.998610,0,0.85913,-0.86574,51.548,-1.731,900.000,400.000,-1,400.000,-1,325.000,325.000,300.000,300.000,-1,775.000,750.000,-1,800.000,775.000,1000.000,-1,1,0,2,0,2,0,0,0,0,2,0,0,2,0,0,1,2
60,-7721.522,-6190.401,-333.018,-164.152,-0.960864,0.273070,0.046625,-0.272160,-0.961928,0.024987,0.051673,0.011319,0.998600,0,0.85940,-0.85743,51.564,-1.715,850.000,400.000,-1,400.000,-1,325.000,325.000,300.000,300.000,-1,825.000,800.000,-1,800.000,775.000,975.000,-1,1,0,2,0,2,0,0,0,0,2,0,0,2,0,0,1,2
61,-7771.551,-6203.015,-330.405,-165.850,-0.968541,0.244443,0.046645,-0.243484,-0.969574,0.025327,0.051417,0.013173,0.998590,0,0.85992,-0.84897,51.595,-1.698,825.000,400.000,-1,400.000,-1,325.000,325.000,300.000,300.000,-1,900.000,850.000,-1,800.000,800.000,1000.000,-1,1,0,2,0,2,0,0,0,0,2,0,0,2,0,0,1,2
62,-7821.973,-6214.165,-327.794,-167.531,-0.975302,0.215895,0.046649,-0.214894,-0.976303,0.025558,0.051062,0.014902,0.998584,0,0.86066,-0.84035,51.640,-1.681,800.000,400.000,-1,400.000,-1,325.000,325.000,300.000,300.000,-1,950.000,900.000,-1,800.000,800.000,975.000,-1,1,0,2,0,2,0,0,0,0,2,0,0,2,0,0,1,2
63,-7872.753,-6223.858,-325.264,-169.194,-0.981178,0.187463,0.046342,-0.186420,-0.982128,0.025928,0.050374,0.016801,0.998589,0,0.86162,-0.83158,51.697,-1.663,775.000,400.000,-1,400.000,-1,325.000,325.000,300.000,300.000,-1,-1,975.000,-1,800.000,800.000,925.000,-1,1,0,2,0,2,0,0,0,0,2,2,0,2,0,0,1,2
64,-7923.859,-6232.100,-322.774,-170.839,-0.986178,0.159181,0.045979,-0.158098,-0.987073,0.026318,0.049574,0.018685,0.998596,0,0.86277,-0.82267,51.766,-1.645,775.000,400.000,-1,400.000,-1,325.000,325.000,300.000,300.000,-1,-1,-1,-1,750.000,800.000,875.000,-1,1,0,2,0,2,0,0,0,0,2,2,2,2,1,0,1,2
65,-7970.395,-6238.438,-320.660,-172.244,-0.989819,0.134922,0.045317,-0.133841,-0.990659,0.026112,0.048417,0.019781,0.998631,0,0.78277,-0.70267,46.966,-1.405,775.000,400.000,-1,400.000,-1,325.000,325.000,300.000,300.000,-1,-1,-1,-1,700.000,800.000,800.000,-1,1,0,2,0,2,0,0,0,0,2,2,2,2,1,0,1,2
66,-8012.283,-6243.278,-318.779,-173.410,-0.992388,0.114744,0.044721,-0.113667,-0.993180,0.025942,0.047393,0.020661,0.998663,0,0.70277,-0.58267,42.166,-1.165,775.000,400.000,-1,400.000,-1,325.000,325.000,300.000,300.000,-1,-1,-1,-1,650.000,800.000,750.000,-1,1,0,2,0,2,0,0,0,0,2,2,2,2,1,0,1,2
67,-8049.467,-6246.967,-317.123,-174.335,-0.994137,0.098689,0.044193,-0.097616,-0.994890,0.025803,0.046513,0.021338,0.998690,0,0.62277,-0.46267,37.366,-0.925,750.000,400.000,-1,400.000,-1,325.000,325.000,300.000,300.000,-1,-1,-1,-1,625.000,800.000,700.000,-1,1,0,2,0,2,0,0,0,0,2,2,2,2,1,0,1,2
68,-8081.910,-6249.794,-315.687,-175.020,-0.995267,0.086781,0.043734,-0.085715,-0.995988,0.025690,0.045787,0.021819,0.998713,0,0.54277,-0.34267,32.566,-0.685,725.000,400.000,-1,400.000,-1,325.000,325.000,300.000,300.000,-1,-1,-1,-1,600.000,800.000,675.000,-1,1,0,2,0,2,0,0,0,0,2,2,2,2,1,0,1,2
69,-8111.116,-6252.110,-314.399,-175.466,-0.995930,0.079036,0.043324,-0.077978,-0.996627,0.025589,0.045201,0.022106,0.998733,0,0.48829,-0.22267,29.297,-0.445,700.000,400.000,-1,400.000,-1,325.000,325.000,300.000,300.000,-1,-1,-1,-1,575.000,800.000,625.000,-1,1,0,2,0,2,0,0,0,0,2,2,2,2,1,0,1,2
70,-8140.314,-6254.320,-313.113,-175.671,-0.996224,0.075464,0.042921,-0.074417,-0.996902,0.025484,0.044711,0.022193,0.998753,0,0.48804,-0.10267,29.282,-0.205,650.000,400.000,-1,400.000,-1,325.000,325.000,300.000,300.000,-1,-1,-1,-1,550.000,800.000,600.000,-1,1,0,2,0,2,0,0,0,0,2,2,2,2,1,0,1,2
71,-8169.459,-6256.544,-311.828,-175.636,-0.996195,0.076067,0.042526,-0.075035,-0.996858,0.025369,0.044322,0.022081,0.998773,0,0.48716,0.01733,29.230,0.035,625.000,400.000,-1,400.000,-1,325.000,325.000,300.000,300.000,-1,-1,-1,-1,525.000,800.000,575.000,-1,1,0,2,0,2,0,0,0,0,2,2,2,2,1,0,1,2
72,-8203.378,-6259.296,-310.328,-175.362,-0.995838,0.080845,0.042072,-0.079833,-0.996489,0.025218,0.043963,0.021754,0.998796,0,0.56716,0.13733,34.030,0.275,600.000,400.000,-1,400.000,-1,325.000,325.000,300.000,300.000,-1,-1,-1,-1,500.000,800.000,550.000,-1,1,1,2,0,2,0,0,0,0,2,2,2,2,1,0,1,2
73,-8238.251,-6262.440,-308.777,-174.847,-0.995091,0.089794,0.041615,-0.088805,-0.995734,0.025039,0.043686,0.021220,0.998820,0,0.58358,0.25733,35.015,0.515,550.000,375.000,950.000,400.000,-1,325.000,325.000,300.000,300.000,-1,-1,-1,-1,475.000,775.000,500.000,-1,1,1,1,0,2,0,1,0,0,2,2,2,2,1,0,1,2
74,-8275.611,-6266.306,-307.101,-174.092,-0.993841,0.102903,0.041134,-0.101942,-0.994481,0.024815,0.043461,0.020469,0.998845,0,0.62598,0.37733,37.559,0.755,525.000,350.000,850.000,400.000,-1,325.000,325.000,300.000,300.000,-1,-1,-1,-1,450.000,775.000,475.000,-1,1,1,1,0,2,1,1,0,0,2,2,2,2,1,0,1,2
75,-8313.086,-6270.842,-305.404,-173.098,-0.991922,0.120153,0.040666,-0.119224,-0.992564,0.024549,0.043313,0.019503,0.998871,0,0.62916,0.49733,37.749,0.995,500.000,350.000,775.000,400.000,-1,300.000,300.000,300.000,300.000,-1,-1,-1,-1,425.000,775.000,450.000,-1,1,1,1,0,2,1,1,0,0,2,2,2,2,1,0,1,2
76,-8350.662,-6276.214,-303.679,-171.863,-0.989119,0.141515,0.040215,-0.140623,-0.989767,0.024233,0.043233,0.018315,0.998897,0,0.63263,0.61733,37.958,1.235,450.000,325.000,675.000,400.000,-1,275.000,300.000,300.000,300.000,-1,-1,-1,1000.000,375.000,775.000,400.000,-1,1,1,1,0,2,1,1,0,0,2,2,2,1,1,0,1,2
77,-8388.316,-6282.590,-301.924,-170.388,-0.985163,0.166944,0.039788,-0.166092,-0.985822,0.023859,0.043207,0.016897,0.998923,0,0.63651,0.73733,38.190,1.475,425.000,300.000,600.000,400.000,-1,275.000,300.000,300.000,300.000,-1,-1,-1,1000.000,350.000,775.000,375.000,1000.000,1,1,1,0,2,1,1,0,0,2,2,2,1,1,0,1,1
78,-8426.021,-6290.142,-300.134,-168.674,-0.979738,0.196372,0.039392,-0.195566,-0.980411,0.023418,0.043219,0.015240,0.998949,0,0.64091,0.85733,38.454,1.715,400.000,275.000,525.000,400.000,1000.000,250.000,275.000,300.000,300.000,-1,-1,-1,-1,325.000,775.000,350.000,950.000,1,1,1,0,1,1,1,0,0,2,2,2,2,1,1,1,1
79,-8463.767,-6298.929,-298.325,-166.895,-0.973179,0.226711,0.039055,-0.225949,-0.973868,0.022987,0.043246,0.013546,0.998973,0,0.64592,0.88924,38.755,1.778,375.000,250.000,450.000,350.000,950.000,225.000,250.000,300.000,300.000,-1,-1,-1,-1,300.000,750.000,325.000,925.000,1,1,1,1,1,1,1,0,0,2,2,2,2,1,1,1,1
80,-8501.555,-6308.980,-296.593,-165.105,-0.965627,0.257030,0.038732,-0.256297,-0.966326,0.022932,0.043322,0.012216,0.998986,0,0.65170,0.89517,39.102,1.790,350.000,225.000,400.000,325.000,900.000,200.000,225.000,300.000,300.000,-1,-1,-1,-1,275.000,600.000,300.000,875.000,1,1,1,1,1,1,1,0,0,2,2,2,2,1,1,1,1
81,-8539.386,-6320.327,-294.859,-163.303,-0.957075,0.287301,0.038279,-0.286596,-0.957778,0.022912,0.043245,0.010958,0.999004,0,0.65827,0.90121,39.496,1.802,325.000,200.000,350.000,275.000,850.000,175.000,200.000,300.000,300.000,-1,-1,-1,-1,250.000,450.000,275.000,825.000,1,1,1,1,1,1,1,0,0,2,2,2,2,1,1,1,1
82,-8577.257,-6333.007,-293.090,-161.488,-0.947507,0.317491,0.037817,-0.316816,-0.948212,0.022833,0.043108,0.009653,0.999024,0,0.66562,0.90733,39.937,1.815,275.000,175.000,300.000,250.000,800.000,175.000,175.000,300.000,300.000,-1,-1,-1,-1,200.000,350.000,250.000,800.000,1,1,1,1,1,1,1,0,0,2,2,2,2,1,1,1,1
83,-8615.160,-6347.057,-291.341,-159.661,-0.936902,0.347565,0.037589,-0.346927,-0.937621,0.022547,0.043081,0.008083,0.999039,0,0.67372,0.91351,40.423,1.827,250.000,150.000,250.000,200.000,750.000,150.000,150.000,300.000,300.000,-1,-1,-1,-1,175.000,275.000,200.000,650.000,1,1,1,1,1,1,1,0,0,2,2,2,2,1,1,1,1
84,-8653.084,-6362.516,-287.562,-157.821,-0.924873,0.377494,0.045912,-0.377094,-0.926011,0.017425,0.049093,-0.001197,0.998794,0,0.68255,0.91971,40.953,1.839,225.000,125.000,200.000,175.000,750.000,125.000,150.000,300.000,325.000,-1,-1,-1,-1,150.000,225.000,175.000,525.000,1,1,1,1,1,1,1,1,0,2,2,2,2,1,1,1,1
85,-8691.012,-6379.428,-278.140,-155.970,-0.910996,0.407218,0.065258,-0.405904,-0.913324,0.032877,0.072989,0.003463,0.997327,0,0.69207,0.92590,41.524,1.852,225.000,125.000,200.000,175.000,775.000,125.000,125.000,325.000,350.000,-1,425.000,450.000,-1,150.000,200.000,175.000,425.000,1,1,1,1,1,1,1,1,0,2,0,0,2,1,1,1,1
86,-8728.923,-6397.833,-266.557,-154.106,-0.895139,0.436701,0.089539,-0.433670,-0.899574,0.051938,0.103228,0.007661,0.994628,0,0.70226,0.93203,42.135,1.864,200.000,125.000,175.000,150.000,850.000,125.000,125.000,350.000,375.000,-1,175.000,175.000,-1,150.000,200.000,175.000,375.000,1,1,1,1,1,1,1,1,0,2,0,0,2,1,1,1,1
87,-4263.565,-8199.145,-237.251,125.555,-0.581729,-0.813059,-0.022941,0.808609,-0.581136,0.091828,-0.087994,0.034868,0.995511,1,0.00000,0.00000,42.783,1.876,-1,375.000,-1,375.000,-1,325.000,325.000,300.000,300.000,-1,950.000,925.000,-1,725.000,700.000,-1,-1,2,0,2,0,2,0,0,0,0,2,0,0,2,0,0,2,2
88,-4266.340,-8195.228,-237.678,125.315,-0.578309,-0.815497,-0.022873,0.811054,-0.577732,0.091741,-0.088029,0.034503,0.995520,0,0.08000,-0.12000,4.800,-0.240,-1,375.000,-1,375.000,-1,325.000,325.000,300.000,300.000,-1,950.000,900.000,-1,725.000,700.000,-1,-1,2,0,2,0,2,0,0,0,0,2,0,0,2,0,0,2,2
89,-4271.852,-8187.368,-238.536,125.047,-0.574484,-0.818200,-0.022732,0.813774,-0.573921,0.091577,-0.087975,0.034111,0.995538,0,0.16000,-0.13395,9.600,-0.268,-1,375.000,-1,375.000,-1,325.000,325.000,300.000,300.000,-1,950.000,900.000,-1,725.000,700.000,-1,-1,2,0,2,0,2,0,0,0,0,2,0,0,2,0,0,2,2
90,-4280.067,-8175.541,-239.827,124.781,-0.570675,-0.820867,-0.022517,0.816467,-0.570122,0.091338,-0.087814,0.033740,0.995565,0,0.24000,-0.13305,14.400,-0.266,-1,375.000,-1,375.000,-1,325.000,325.000,300.000,300.000,-1,925.000,875.000,-1,725.000,700.000,-1,-1,2,0,2,0,2,0,0,0,0,2,0,0,2,0,0,2,2
91,-4290.946,-8159.721,-241.543,124.518,-0.566895,-0.823490,-0.022238,0.819127,-0.566349,0.090996,-0.087529,0.033369,0.995603,0,0.32000,-0.13171,19.200,-0.263,-1,375.000,-1,375.000,-1,325.000,325.000,300.000,300.000,-1,900.000,875.000,-1,725.000,700.000,-1,-1,2,0,2,0,2,0,0,0,0,2,0,0,2,0,0,2,2
92,-4304.456,-8139.885,-243.689,124.258,-0.563158,-0.826059,-0.021891,0.821742,-0.562615,0.090576,-0.087137,0.033020,0.995649,0,0.40000,-0.12991,24.000,-0.260,-1,375.000,-1,375.000,-1,325.000,325.000,300.000,300.000,-1,875.000,850.000,-1,725.000,700.000,-1,-1,2,0,2,0,2,0,0,0,0,2,0,0,2,0,0,2,2
93,-4320.562,-8116.010,-246.263,124.003,-0.559478,-0.828567,-0.021476,0.824304,-0.558935,0.090080,-0.086641,0.032695,0.995703,0,0.48000,-0.12765,28.800,-0.255,-1,400.000,-1,375.000,-1,325.000,325.000,300.000,300.000,-1,850.000,800.000,-1,725.000,700.000,-1,-1,2,0,2,0,2,0,0,0,0,2,0,0,2,0,0,2,2
94,-4339.231,-8088.073,-249.263,123.753,-0.555870,-0.831004,-0.020995,0.826804,-0.555322,0.089514,-0.086045,0.032399,0.995764,0,0.56000,-0.12491,33.600,-0.250,-1,400.000,-1,375.000,-1,325.000,325.000,300.000,300.000,-1,800.000,775.000,-1,725.000,700.000,-1,-1,2,0,2,0,2,0,0,0,0,2,0,0,2,0,0,2,2
95,-4360.430,-8056.056,-252.641,123.510,-0.552334,-0.833367,-0.020664,0.829228,-0.551795,0.088900,-0.085489,0.031967,0.995826,0,0.64000,-0.12168,38.400,-0.243,-1,400.000,-1,375.000,-1,325.000,325.000,300.000,300.000,-1,775.000,750.000,-1,725.000,700.000,-1,-1,2,0,2,0,2,0,0,0,0,2,0,0,2,0,0,2,2
96,-4384.132,-8019.938,-256.351,123.274,-0.548872,-0.835651,-0.020686,0.831563,-0.548372,0.088268,-0.085104,0.031246,0.995882,0,0.72000,-0.11794,43.200,-0.236,-1,400.000,-1,375.000,-1,325.000,325.000,300.000,300.000,-1,775.000,750.000,-1,725.000,700.000,-1,-1,2,0,2,0,2,0,0,0,0,2,0,0,2,0,0,2,2
97,-4410.307,-7979.703,-260.466,123.046,-0.545526,-0.837839,-0.020697,0.833806,-0.545064,0.087593,-0.084670,0.030527,0.995941,0,0.80000,-0.11367,48.000,-0.227,-1,400.000,-1,375.000,-1,325.000,325.000,300.000,300.000,-1,775.000,775.000,-1,725.000,700.000,-1,-1,2,0,2,0,2,0,0,0,0,2,0,0,2,0,0,2,2
98,-4437.399,-7937.709,-264.690,122.829,-0.542303,-0.839926,-0.020775,0.835967,-0.541891,0.086679,-0.084061,0.029639,0.996020,0,0.83291,-0.10885,49.975,-0.218,-1,400.000,-1,375.000,-1,325.000,325.000,300.000,300.000,-1,775.000,775.000,-1,725.000,700.000,-1,-1,2,0,2,0,2,0,0,0,0,2,0,0,2,0,0,2,2
99,-4464.422,-7895.489,-268.776,122.621,-0.539198,-0.841916,-0.021056,0.838075,-0.538868,0.085155,-0.083039,0.028269,0.996145,0,0.83547,-0.10373,50.128,-0.207,-1,375.000,-1,375.000,-1,325.000,325.000,300.000,300.000,-1,750.000,775.000,-1,725.000,700.000,-1,-1,2,0,2,0,2,0,0,0,0,2,0,0,2,0,0,2,2
100,-4491.387,-7853.040,-272.870,122.424,-0.536242,-0.843795,-0.021321,0.840069,-0.535989,0.083670,-0.082028,0.026957,0.996265,0,0.83816,-0.09852,50.290,-0.197,-1,375.000,-1,375.000,-1,325.000,325.000,300.000,300.000,-1,725.000,750.000,-1,725.000,700.000,-1,-1,2,0,2,0,2,0,0,0,0,2,0,0,2,0,0,2,2
101,-4518.235,-7810.455,-276.963,122.230,-0.533333,-0.845631,-0.021570,0.842015,-0.533150,0.082229,-0.081035,0.025693,0.996380,0,0.83903,-0.09687,50.342,-0.194,-1,375.000,-1,375.000,-1,325.000,325.000,300.000,300.000,-1,725.000,750.000,-1,725.000,700.000,-1,-1,2,0,2,0,2,0,0,0,0,2,0,0,2,0,0,2,2
102,-4545.755,-7766.883,-281.122,122.277,-0.533977,-0.845217,-0.021819,0.841696,-0.533844,0.080985,-0.080098,0.024879,0.996476,0,0.85892,0.02313,51.535,0.046,-1,375.000,-1,375.000,-1,325.000,325.000,300.000,300.000,-1,725.000,750.000,-1,725.000,700.000,-1,-1,2,0,2,0,2,0,0,0,0,2,0,0,2,0,0,2,2
103,-4573.493,-7723.449,-285.210,122.563,-0.538182,-0.842544,-0.021915,0.839098,-0.538062,0.080023,-0.079214,0.024678,0.996552,0,0.85892,0.14313,51.535,0.286,-1,375.000,-1,375.000,-1,325.000,325.000,300.000,300.000,-1,725.000,775.000,-1,725.000,675.000,-1,-1,2,0,2,0,2,0,0,0,0,2,0,0,2,0,0,2,2
104,-4601.628,-7680.272,-289.279,123.089,-0.545901,-0.837562,-0.021941,0.834192,-0.545776,0.079070,-0.078201,0.024861,0.996628,0,0.85892,0.26313,51.535,0.526,-1,375.000,-1,375.000,-1,325.000,325.000,300.000,300.000,-1,750.000,775.000,-1,725.000,675.000,-1,-1,2,0,2,0,2,0,0,0,0,2,0,0,2,0,0,2,2
105,-4630.339,-7637.475,-293.238,123.855,-0.557099,-0.830169,-0.021439,0.826890,-0.556915,0.078093,-0.076770,0.025778,0.996716,0,0.85892,0.38313,51.535,0.766,-1,375.000,-1,375.000,-1,325.000,325.000,300.000,300.000,-1,750.000,800.000,-1,725.000,675.000,-1,-1,2,0,2,0,2,0,0,0,0,2,0,0,2,0,0,2,2
106,-4659.797,-7595.189,-297.123,124.862,-0.571657,-0.820231,-0.020730,0.817047,-0.571387,0.077144,-0.075121,0.027163,0.996804,0,0.85892,0.50313,51.535,1.006,-1,375.000,-1,375.000,-1,325.000,325.000,300.000,300.000,-1,750.000,800.000,-1,725.000,675.000,-1,-1,2,0,2,0,2,0,0,0,0,2,0,0,2,0,0,2,2
107,-4690.167,-7553.554,-300.966,126.108,-0.589428,-0.807572,-0.020050,0.804480,-0.589065,0.076255,-0.073393,0.028817,0.996887,0,0.85892,0.62313,51.535,1.246,-1,375.000,-1,375.000,-1,325.000,325.000,300.000,300.000,-1,750.000,800.000,-1,725.000,675.000,-1,-1,2,0,2,0,2,0,0,0,0,2,0,0,2,0,0,2,2
108,-4721.607,-7512.720,-304.771,127.594,-0.610247,-0.791975,-0.019337,0.788975,-0.609777,0.075434,-0.071533,0.030777,0.996963,0,0.85892,0.74313,51.535,1.486,-1,400.000,-1,375.000,-1,325.000,325.000,300.000,300.000,-1,750.000,800.000,-1,725.000,675.000,-1,-1,2,0,2,0,2,0,0,0,0,2,0,0,2,0,0,2,2
109,-4754.264,-7472.853,-308.530,129.321,-0.633900,-0.773191,-0.018590,0.770283,-0.633312,0.074692,-0.069525,0.033028,0.997033,0,0.85892,0.86313,51.535,1.726,-1,400.000,-1,375.000,-1,325.000,325.000,300.000,300.000,-1,750.000,825.000,-1,750.000,650.000,-1,-1,2,0,2,0,2,0,0,0,0,2,0,0,2,0,0,2,2
110,-4788.268,-7434.129,-312.087,131.287,-0.660094,-0.750956,-0.018495,0.748120,-0.659424,0.074011,-0.067775,0.035018,0.997086,0,0.85892,0.98313,51.535,1.966,-1,400.000,-1,375.000,-1,325.000,325.000,300.000,300.000,-1,800.000,875.000,-1,725.000,650.000,-1,-1,2,0,2,0,2,0,0,0,0,2,0,0,2,0,0,2,2
111,-4823.604,-7396.616,-315.478,133.287,-0.685911,-0.727442,-0.018831,0.724663,-0.685190,0.073336,-0.066251,0.036656,0.997129,0,0.85892,1.00000,51.535,2.000,-1,400.000,-1,375.000,-1,325.000,325.000,300.000,300.000,-1,850.000,925.000,-1,725.000,650.000,-1,-1,2,0,2,0,2,0,0,0,0,2,0,0,2,0,0,2,2
112,-4860.227,-7360.358,-318.807,135.287,-0.710891,-0.703043,-0.019095,0.700324,-0.710116,0.072680,-0.064657,0.038295,0.997173,0,0.85892,1.00000,51.535,2.000,-1,400.000,-1,375.000,-1,325.000,325.000,300.000,300.000,-1,925.000,1000.000,-1,725.000,650.000,-1,-1,2,0,2,0,2,0,0,0,0,2,0,0,2,0,0,2,2
113,-4898.094,-7325.401,-322.022,137.287,-0.734999,-0.677793,-0.019307,0.675148,-0.734177,0.071827,-0.062858,0.039758,0.997230,0,0.85892,1.00000,51.535,2.000,-1,400.000,-1,375.000,1000.000,325.000,325.000,300.000,300.000,-1,975.000,-1,-1,725.000,650.000,-1,-1,2,0,2,0,0,0,0,0,0,2,0,2,2,0,0,2,2
114,-4937.157,-7291.787,-325.158,139.287,-0.758211,-0.651720,-0.019440,0.649153,-0.757341,0.070960,-0.060968,0.041183,0.997290,0,0.85892,1.00000,51.535,2.000,-1,400.000,-1,375.000,1000.000,325.000,300.000,300.000,300.000,-1,-1,-1,-1,725.000,650.000,-1,-1,2,0,2,0,0,0,0,0,0,2,2,2,2,0,0,2,2
115,-4977.369,-7259.556,-327.977,141.287,-0.780478,-0.624879,-0.019497,0.622458,-0.779607,0.068979,-0.058304,0.041700,0.997428,0,0.85892,1.00000,51.535,2.000,-1,400.000,-1,375.000,-1,325.000,325.000,300.000,300.000,-1,-1,-1,-1,725.000,650.000,-1,-1,2,0,2,0,2,0,0,0,0,2,2,2,2,0,0,2,2
116,-5016.381,-7230.209,-330.530,143.047,-0.799287,-0.600636,-0.019400,0.598366,-0.798427,0.066879,-0.055659,0.041847,0.997572,0,0.81364,0.88000,48.818,1.760,-1,400.000,-1,375.000,-1,325.000,325.000,300.000,300.000,-1,975.000,-1,-1,725.000,650.000,-1,-1,2,0,2,0,2,0,0,0,0,2,0,2,2,0,0,2,2
117,-5056.158,-7201.907,-333.049,144.567,-0.814926,-0.579248,-0.019164,0.577124,-0.814081,0.064806,-0.053140,0.041752,0.997714,0,0.81364,0.76000,48.818,1.520,-1,400.000,-1,375.000,-1,325.000,325.000,300.000,300.000,-1,925.000,-1,-1,725.000,675.000,-1,-1,2,0,2,0,2,0,0,0,0,2,0,2,2,0,0,2,2
118,-5096.557,-7174.501,-335.520,145.847,-0.827653,-0.560925,-0.018823,0.558936,-0.826827,0.062835,-0.050809,0.041485,0.997846,0,0.81364,0.64000,48.818,1.280,-1,400.000,-1,375.000,-1,325.000,325.000,300.000,300.000,-1,900.000,-1,-1,725.000,675.000,-1,-1,2,0,2,0,2,0,0,0,0,2,0,2,2,0,0,2,2
119,-5137.447,-7147.832,-337.947,146.887,-0.837691,-0.545835,-0.018405,0.543972,-0.836887,0.060956,-0.048675,0.041050,0.997971,0,0.81364,0.52000,48.818,1.040,-1,400.000,-1,375.000,-1,325.000,325.000,300.000,300.000,-1,850.000,1000.000,-1,725.000,675.000,-1,-1,2,0,2,0,2,0,0,0,0,2,0,0,2,0,0,2,2
120,-5178.705,-7121.736,-340.207,147.687,-0.845237,-0.534098,-0.017714,0.532338,-0.844429,0.059634,-0.046809,0.040975,0.998063,0,0.81364,0.40000,48.818,0.800,-1,400.000,-1,375.000,-1,325.000,325.000,300.000,300.000,-1,850.000,975.000,-1,725.000,675.000,-1,-1,2,0,2,0,2,0,0,0,0,2,0,0,2,0,0,2,2
121,-5220.295,-7096.173,-342.374,148.423,-0.852047,-0.523196,-0.016768,0.521534,-0.851218,0.058564,-0.044913,0.041154,0.998143,0,0.81364,0.36826,48.818,0.737,-1,400.000,-1,375.000,-1,325.000,325.000,300.000,300.000,-1,825.000,950.000,-1,725.000,675.000,-1,-1,2,0,2,0,2,0,0,0,0,2,0,0,2,0,0,2,2
122,-5262.210,-7071.147,-344.514,149.160,-0.858718,-0.512206,-0.015772,0.510639,-0.857865,0.057581,-0.043024,0.041392,0.998216,0,0.81364,0.36826,48.818,0.737,-1,400.000,-1,375.000,-1,325.000,325.000,300.000,300.000,-1,800.000,950.000,-1,725.000,675.000,-1,-1,2,0,2,0,2,0,0,0,0,2,0,0,2,0,0,2,2
123,-5304.444,-7046.662,-346.625,149.896,-0.865247,-0.501130,-0.014731,0.499656,-0.864367,0.056688,-0.041141,0.041689,0.998283,0,0.81364,0.36826,48.818,0.737,-1,400.000,-1,375.000,-1,325.000,325.000,300.000,300.000,-1,775.000,925.000,-1,725.000,675.000,-1,-1,2,0,2,0,2,0,0,0,0,2,0,0,2,0,0,2,2
124,-5346.989,-7022.722,-348.684,150.633,-0.871630,-0.489972,-0.013751,0.488584,-0.870728,0.055844,-0.039335,0.041957,0.998345,0,0.81364,0.36826,48.818,0.737,-1,400.000,-1,375.000,-1,325.000,300.000,300.000,300.000,-1,750.000,925.000,-1,725.000,675.000,-1,-1,2,0,2,0,2,0,0,0,0,2,0,0,2,0,0,2,2
125,-5389.838,-6999.330,-350.696,151.369,-0.877867,-0.478734,-0.012807,0.477428,-0.876944,0.055055,-0.037587,0.042216,0.998401,0,0.81364,0.36826,48.818,0.737,-1,400.000,-1,375.000,-1,325.000,300.000,300.000,275.000,-1,750.000,875.000,-1,725.000,675.000,-1,-1,2,0,2,0,2,0,0,0,0,2,0,0,2,0,0,2,2
126,-5432.985,-6976.491,-352.583,152.106,-0.883956,-0.467423,-0.011773,0.466214,-0.883027,0.053917,-0.035598,0.042172,0.998476,0,0.81364,0.36826,48.818,0.737,-1,400.000,-1,375.000,-1,325.000,300.000,300.000,275.000,-1,725.000,800.000,-1,700.000,675.000,-1,-1,2,0,2,0,2,0,0,0,0,2,0,0,2,0,0,2,2
127,-5476.421,-6954.209,-354.327,152.842,-0.889892,-0.456041,-0.010901,0.454930,-0.888978,0.052500,-0.033632,0.041760,0.998561,0,0.81364,0.36826,48.818,0.737,-1,400.000,-1,375.000,-1,325.000,325.000,300.000,275.000,-1,650.000,750.000,-1,700.000,700.000,-1,-1,2,0,2,0,2,0,0,0,0,2,0,0,2,0,0,2,2
128,-5520.140,-6932.486,-355.805,153.579,-0.895662,-0.444599,-0.010981,0.443555,-0.894812,0.050694,-0.032365,0.040534,0.998654,0,0.81364,0.36826,48.818,0.737,-1,400.000,-1,375.000,-1,325.000,325.000,300.000,300.000,-1,675.000,775.000,-1,700.000,700.000,-1,-1,2,0,2,0,2,0,0,0,0,2,0,0,2,0,0,2,2
129,-5564.134,-6911.327,-357.260,154.315,-0.901289,-0.433080,-0.010973,0.432102,-0.900495,0.048956,-0.031083,0.039382,0.998741,0,0.81364,0.36826,48.818,0.737,-1,400.000,-1,375.000,-1,325.000,325.000,300.000,300.000,-1,675.000,775.000,-1,700.000,700.000,-1,-1,2,0,2,0,2,0,0,0,0,2,0,0,2,0,0,2,2
130,-5604.072,-6892.819,-358.542,155.136,-0.907389,-0.420150,-0.010901,0.419232,-0.906638,0.047455,-0.029822,0.038490,0.998814,0,0.73364,0.41042,44.018,0.821,-1,400.000,-1,375.000,-1,325.000,325.000,300.000,300.000,-1,675.000,800.000,-1,700.000,675.000,-1,-1,2,0,2,0,2,0,0,0,0,2,0,0,2,0,0,2,2
131,-5639.888,-6876.840,-359.660,155.957,-0.913307,-0.407129,-0.010776,0.406264,-0.912588,0.046173,-0.028633,0.037792,0.998875,0,0.65364,0.41042,39.218,0.821,-1,375.000,-1,375.000,-1,325.000,325.000,300.000,300.000,-1,700.000,825.000,-1,675.000,675.000,-1,-1,2,0,2,0,2,0,0,0,0,2,0,0,2,0,0,2,2
