timestep,x_cm,y_cm,z_cm,yaw_deg,basis_xx,basis_xy,basis_xz,basis_yx,basis_yy,basis_yz,basis_zx,basis_zy,basis_zz,teleport_flag,throttle_cmd,steering_cmd,cmd_move_cm,cmd_turn_deg,lidar_cm_0,lidar_cm_1,lidar_cm_2,lidar_cm_3,lidar_cm_4,lidar_cm_5,lidar_cm_6,lidar_cm_7,lidar_cm_8,lidar_cm_9,lidar_cm_10,lidar_cm_11,lidar_cm_12,lidar_cm_13,lidar_cm_14,lidar_cm_15,lidar_cm_16,lidar_class_0,lidar_class_1,lidar_class_2,lidar_class_3,lidar_class_4,lidar_class_5,lidar_class_6,lidar_class_7,lidar_class_8,lidar_class_9,lidar_class_10,lidar_class_11,lidar_class_12,lidar_class_13,lidar_class_14,lidar_class_15,lidar_class_16
0,8854.972,-4919.280,92.361,28.293,0.882452,-0.465325,-0.068931,0.469809,0.864464,0.178834,-0.023628,-0.190197,0.981462,1,0.00000,0.00000,4.800,0.240,200.000,300.000,-1,400.000,-1,275.000,300.000,225.000,350.000,-1,-1,200.000,350.000,450.000,725.000,250.000,-1,0,0,2,0,2,0,0,0,1,2,2,1,1,0,0,0,2
1,3607.628,9511.019,-176.695,10.716,0.981880,-0.185890,0.036847,0.186589,0.982299,-0.016532,-0.033121,0.023107,0.999184,1,0.00000,0.00000,4.800,-0.240,-1,400.000,-1,350.000,-1,325.000,300.000,300.000,250.000,350.000,-1,-1,-1,825.000,650.000,-1,-1,2,0,2,0,2,0,0,1,0,1,2,2,2,0,0,2,2
2,3612.341,9511.931,-176.837,10.956,0.981096,-0.190005,0.036715,0.190682,0.981524,-0.015871,-0.033021,0.022572,0.999200,0,0.08000,0.12000,4.800,0.240,-1,400.000,-1,350.000,-1,325.000,300.000,300.000,250.000,350.000,-1,-1,-1,825.000,675.000,-1,-1,2,0,2,0,2,0,0,1,0,1,2,2,2,0,0,2,2
3,3621.750,9513.834,-177.119,11.436,0.979478,-0.198226,0.036459,0.198857,0.979920,-0.014575,-0.032837,0.021526,0.999229,0,0.16000,0.24000,9.600,0.480,-1,400.000,-1,375.000,-1,325.000,300.000,325.000,250.000,350.000,-1,-1,-1,825.000,675.000,-1,-1,2,0,2,0,2,0,0,1,0,1,2,2,2,0,0,2,2
4,3635.827,9516.866,-177.534,12.156,0.976921,-0.210530,0.036087,0.211098,0.977383,-0.012687,-0.032599,0.020012,0.999268,0,0.24000,0.36000,14.400,0.720,-1,400.000,-1,375.000,-1,325.000,300.000,325.000,275.000,350.000,-1,-1,-1,825.000,675.000,-1,-1,2,0,2,0,2,0,0,1,0,1,2,2,2,0,0,2,2
5,3654.526,9521.223,-178.075,13.116,0.973270,-0.226884,0.035610,0.227373,0.973754,-0.010265,-0.032346,0.018087,0.999313,0,0.32000,0.48000,19.200,0.960,-1,400.000,-1,375.000,-1,325.000,300.000,325.000,275.000,350.000,-1,-1,-1,825.000,675.000,-1,-1,2,0,2,0,2,0,0,1,0,1,2,2,2,0,0,2,2
6,3677.781,9527.157,-178.735,14.316,0.968321,-0.247237,0.035039,0.247633,0.968826,-0.007376,-0.032123,0.015819,0.999359,0,0.40000,0.60000,24.000,1.200,-1,400.000,-1,375.000,-1,325.000,300.000,325.000,275.000,375.000,-1,-1,-1,825.000,700.000,-1,-1,2,0,2,0,2,0,0,1,0,1,2,2,2,0,0,2,2
7,3705.502,9534.968,-179.505,15.737,0.961908,-0.271204,0.034387,0.271498,0.962430,-0.004107,-0.031981,0.013287,0.999400,0,0.48000,0.71071,28.800,1.421,-1,400.000,-1,375.000,-1,325.000,300.000,325.000,275.000,375.000,-1,-1,-1,825.000,700.000,-1,-1,2,0,2,0,2,0,0,1,0,1,2,2,2,0,0,2,2
8,3737.607,9544.878,-180.351,17.154,0.954927,-0.294917,0.033724,0.295109,0.955463,-0.000729,-0.032007,0.010648,0.999431,0,0.56000,0.70814,33.600,1.416,-1,400.000,-1,375.000,-1,325.000,325.000,325.000,275.000,400.000,-1,-1,-1,825.000,700.000,-1,-1,2,0,2,0,2,0,0,1,0,1,2,2,2,0,0,2,2
9,3774.009,9557.103,-181.294,18.564,0.947399,-0.318351,0.032988,0.318436,0.947940,0.002809,-0.032164,0.007844,0.999452,0,0.64000,0.70512,38.400,1.410,-1,400.000,-1,375.000,-1,325.000,325.000,325.000,275.000,425.000,-1,-1,-1,825.000,725.000,-1,-1,2,0,2,0,2,0,0,0,0,1,2,2,2,0,0,2,2
10,3814.612,9571.855,-182.366,19.967,0.939343,-0.341478,0.032060,0.341447,0.939878,0.006585,-0.032381,0.004762,0.999464,0,0.72000,0.70166,43.200,1.403,-1,400.000,-1,375.000,-1,325.000,325.000,325.000,275.000,425.000,-1,-1,-1,800.000,725.000,-1,-1,2,0,2,0,2,0,0,0,0,1,2,2,2,0,0,2,2
11,3855.694,9587.924,-183.834,21.363,0.930798,-0.364267,0.030412,0.364166,0.931291,0.008995,-0.031600,0.002702,0.999497,0,0.73521,0.69771,44.113,1.395,-1,400.000,-1,375.000,-1,325.000,325.000,325.000,275.000,450.000,-1,-1,-1,825.000,750.000,-1,-1,2,0,2,0,2,0,0,0,0,1,2,2,2,0,0,2,2
12,3896.417,9605.000,-185.527,22.750,0.921757,-0.386707,0.028656,0.386555,0.922202,0.010895,-0.030640,0.001035,0.999530,0,0.73598,0.69361,44.159,1.387,-1,400.000,-1,400.000,-1,325.000,325.000,325.000,275.000,450.000,-1,-1,-1,825.000,750.000,-1,-1,2,0,2,0,2,0,0,0,0,1,2,2,2,0,0,2,2
13,3936.770,9623.075,-187.295,24.129,0.912245,-0.408788,0.026505,0.408586,0.912629,0.012868,-0.029449,-0.000909,0.999566,0,0.73693,0.68946,44.216,1.379,-1,400.000,-1,400.000,-1,325.000,325.000,300.000,300.000,475.000,-1,-1,-1,825.000,750.000,-1,-1,2,0,2,0,2,0,0,0,0,1,2,2,2,0,0,2,2
14,3976.739,9642.139,-189.157,25.499,0.902276,-0.430497,0.023903,0.430250,0.902587,0.014912,-0.027994,-0.003170,0.999603,0,0.73805,0.68526,44.283,1.371,-1,400.000,-1,400.000,-1,325.000,325.000,300.000,300.000,475.000,-1,-1,-1,825.000,775.000,-1,-1,2,0,2,0,2,0,0,0,0,1,2,2,2,0,0,2,2
15,4016.312,9662.182,-191.114,26.861,0.891860,-0.451824,0.020975,0.451542,0.892089,0.016937,-0.026364,-0.005635,0.999637,0,0.73932,0.68100,44.359,1.362,-1,400.000,-1,400.000,-1,325.000,325.000,300.000,300.000,500.000,-1,-1,-1,850.000,775.000,-1,-1,2,0,2,0,2,0,0,0,0,1,2,2,2,0,0,2,2
16,4055.475,9683.194,-192.339,28.215,0.880919,-0.472770,0.021667,0.472482,0.881172,0.017232,-0.027239,-0.004943,0.999617,0,0.74073,0.67670,44.444,1.353,-1,400.000,-1,400.000,-1,325.000,325.000,300.000,300.000,525.000,-1,-1,-1,850.000,775.000,-1,-1,2,0,2,0,2,0,0,0,0,1,2,2,2,0,0,2,2
17,4094.215,9705.165,-193.602,29.559,0.869560,-0.493320,0.022393,0.493026,0.869838,0.017541,-0.028131,-0.004212,0.999595,0,0.74227,0.67235,44.536,1.345,-1,400.000,-1,400.000,-1,325.000,325.000,300.000,300.000,550.000,-1,-1,-1,850.000,775.000,-1,-1,2,0,2,0,2,0,0,0,0,1,2,2,2,0,0,2,2
18,4132.517,9728.084,-194.919,30.895,0.857797,-0.513466,0.023162,0.513165,0.858102,0.017947,-0.029091,-0.003509,0.999571,0,0.74393,0.66795,44.636,1.336,-1,400.000,-1,400.000,-1,325.000,325.000,300.000,300.000,575.000,-1,-1,-1,850.000,775.000,-1,-1,2,0,2,0,2,0,0,0,0,1,2,2,2,0,0,2,2
19,4170.368,9751.940,-196.308,32.222,0.845648,-0.533203,0.023978,0.532888,0.845983,0.018542,-0.030171,-0.002903,0.999541,0,0.74569,0.66352,44.741,1.327,-1,400.000,-1,400.000,-1,325.000,325.000,300.000,300.000,600.000,-1,-1,-1,850.000,775.000,-1,-1,2,0,2,0,2,0,0,0,0,1,2,2,2,0,0,2,2
20,4207.753,9776.723,-197.729,33.540,0.833129,-0.552523,0.024806,0.552197,0.833495,0.019117,-0.031238,-0.002229,0.999509,0,0.74755,0.65905,44.853,1.318,-1,400.000,-1,400.000,-1,325.000,325.000,300.000,300.000,625.000,-1,-1,-1,850.000,775.000,-1,-1,2,0,2,0,2,0,0,0,0,1,2,2,2,0,0,2,2
21,4244.657,9802.419,-199.185,34.849,0.820256,-0.571421,0.025649,0.571084,0.820655,0.019681,-0.032295,-0.001495,0.999477,0,0.74949,0.65454,44.969,1.309,-1,400.000,-1,400.000,-1,325.000,325.000,300.000,300.000,675.000,-1,-1,-1,850.000,775.000,-1,-1,2,0,2,0,2,0,0,0,0,1,2,2,2,0,0,2,2
22,4281.067,9829.018,-200.681,36.149,0.807046,-0.589893,0.026509,0.589546,0.807481,0.020264,-0.033359,-0.000726,0.999443,0,0.75151,0.65000,45.091,1.300,-1,400.000,-1,400.000,-1,325.000,325.000,300.000,300.000,700.000,-1,-1,-1,825.000,775.000,-1,-1,2,0,2,0,2,0,0,0,0,1,2,2,2,0,0,2,2
23,4316.968,9856.506,-202.218,37.440,0.793515,-0.607935,0.027382,0.607577,0.793987,0.020867,-0.034427,0.000078,0.999407,0,0.75360,0.64543,45.216,1.291,-1,400.000,-1,400.000,-1,325.000,325.000,300.000,300.000,725.000,-1,-1,-1,825.000,775.000,-1,-1,2,0,2,0,2,0,0,0,0,1,2,2,2,0,0,2,2
24,4352.346,9884.872,-203.795,38.722,0.779678,-0.625542,0.028266,0.625173,0.780190,0.021492,-0.035497,0.000914,0.999369,0,0.75575,0.64083,45.345,1.282,-1,400.000,-1,400.000,-1,325.000,325.000,300.000,300.000,750.000,-1,-1,-1,825.000,775.000,-1,-1,2,0,2,0,2,0,0,0,0,1,2,2,2,0,0,2,2
25,4387.187,9914.101,-205.475,39.994,0.765553,-0.642711,0.029168,0.642343,0.766106,0.021855,-0.036392,0.002005,0.999336,0,0.75797,0.63620,45.478,1.272,-1,400.000,-1,400.000,-1,325.000,325.000,300.000,300.000,800.000,-1,-1,-1,825.000,775.000,-1,-1,2,0,2,0,2,0,0,0,0,1,2,2,2,0,0,2,2
26,4421.478,9944.181,-207.167,41.257,0.751154,-0.659441,0.030083,0.659068,0.751750,0.022369,-0.037365,0.003024,0.999297,0,0.76023,0.63154,45.614,1.263,-1,400.000,-1,400.000,-1,325.000,325.000,300.000,300.000,825.000,-1,-1,-1,825.000,775.000,-1,-1,2,0,2,0,2,0,0,0,0,1,2,2,2,0,0,2,2
27,4455.204,9975.097,-208.903,42.511,0.736498,-0.675729,0.031009,0.675353,0.737139,0.022897,-0.038331,0.004078,0.999257,0,0.76254,0.62686,45.753,1.254,-1,400.000,-1,400.000,-1,325.000,325.000,300.000,300.000,850.000,-1,-1,-1,825.000,775.000,-1,-1,2,0,2,0,2,0,0,0,0,1,2,2,2,0,0,2,2
28,4488.353,10006.837,-210.680,43.756,0.721599,-0.691573,0.031946,0.691195,0.722288,0.023440,-0.039285,0.005167,0.999215,0,0.76490,0.62215,45.894,1.244,-1,400.000,-1,400.000,-1,325.000,325.000,300.000,300.000,900.000,-1,-1,-1,850.000,775.000,-1,-1,2,0,2,0,2,0,0,0,0,1,2,2,2,0,0,2,2
29,4520.912,10039.385,-212.475,44.990,0.706480,-0.706974,0.032774,0.706594,0.707212,0.024009,-0.040152,0.006196,0.999174,0,0.76729,0.61742,46.037,1.235,-1,400.000,-1,400.000,-1,325.000,325.000,300.000,300.000,925.000,-1,-1,-1,850.000,775.000,-1,-1,2,0,2,0,2,0,0,0,0,1,2,2,2,0,0,2,2
30,4552.868,10072.727,-214.163,46.216,0.691180,-0.721934,0.032904,0.721544,0.691930,0.024649,-0.040563,0.006705,0.999155,0,0.76971,0.61267,46.183,1.225,-1,400.000,-1,400.000,-1,325.000,325.000,300.000,300.000,950.000,-1,-1,-1,850.000,800.000,-1,-1,2,0,2,0,2,0,0,0,0,1,2,2,2,0,0,2,2
31,4584.209,10106.847,-215.905,47.431,0.675683,-0.736449,0.033095,0.736052,0.676454,0.025262,-0.040991,0.007291,0.999133,0,0.77217,0.60789,46.330,1.216,-1,400.000,-1,400.000,-1,325.000,325.000,300.000,300.000,1000.000,-1,-1,-1,850.000,800.000,-1,-1,2,0,2,0,2,0,0,0,0,1,2,2,2,0,0,2,2
32,4614.924,10141.732,-217.732,48.638,0.659997,-0.750521,0.033494,0.750120,0.660797,0.025842,-0.041527,0.008069,0.999105,0,0.77465,0.60310,46.479,1.206,-1,400.000,-1,400.000,-1,325.000,325.000,300.000,300.000,-1,-1,-1,-1,850.000,825.000,-1,-1,2,0,2,0,2,0,0,0,0,2,2,2,2,0,0,2,2
33,4645.000,10177.366,-219.622,49.834,0.644141,-0.764151,0.034008,0.763747,0.644975,0.026404,-0.042111,0.008966,0.999073,0,0.77716,0.59828,46.630,1.197,-1,400.000,-1,400.000,-1,325.000,325.000,300.000,300.000,-1,-1,-1,-1,850.000,825.000,-1,-1,2,0,2,0,2,0,0,0,0,2,2,2,2,0,0,2,2
34,4674.521,10213.551,-221.571,50.791,0.631251,-0.774806,0.034606,0.774398,0.632124,0.026974,-0.042775,0.009771,0.999037,0,0.77833,0.47828,46.700,0.957,-1,400.000,-1,400.000,-1,325.000,325.000,300.000,300.000,-1,-1,-1,-1,850.000,850.000,-1,-1,2,0,2,0,2,0,0,0,0,2,2,2,2,0,0,2,2
35,4703.660,10250.226,-223.632,51.532,0.621138,-0.782918,0.035014,0.782501,0.622039,0.027560,-0.043358,0.010280,0.999007,0,0.78070,0.37080,46.842,0.742,-1,400.000,-1,400.000,-1,325.000,325.000,300.000,300.000,-1,-1,-1,-1,850.000,850.000,-1,-1,2,0,2,0,2,0,0,0,0,2,2,2,2,0,0,2,2
36,4732.413,10287.379,-225.743,52.264,0.611048,-0.790793,0.035586,0.790368,0.611986,0.028144,-0.044034,0.010928,0.998970,0,0.78298,0.36587,46.979,0.732,-1,400.000,-1,400.000,-1,325.000,325.000,300.000,300.000,-1,-1,-1,-1,875.000,850.000,-1,-1,2,0,2,0,2,0,0,0,0,2,2,2,2,0,0,2,2
37,4760.780,10325.005,-227.916,52.986,0.600991,-0.798433,0.036246,0.798001,0.601971,0.028730,-0.044758,0.011658,0.998930,0,0.78535,0.36089,47.121,0.722,-1,400.000,-1,400.000,-1,325.000,325.000,300.000,275.000,-1,-1,-1,-1,875.000,875.000,-1,-1,2,0,2,0,2,0,0,0,0,2,2,2,2,0,0,2,2
38,4788.765,10363.099,-230.151,53.698,0.590975,-0.805841,0.036994,0.805404,0.592001,0.029320,-0.045527,0.012468,0.998885,0,0.78781,0.35585,47.268,0.712,-1,425.000,-1,400.000,-1,325.000,325.000,300.000,275.000,-1,-1,-1,-1,875.000,875.000,-1,-1,2,0,2,0,2,0,0,0,0,2,2,2,2,0,0,2,2
39,4816.371,10401.657,-232.450,54.399,0.581007,-0.813019,0.037826,0.812578,0.582084,0.029920,-0.046344,0.013353,0.998836,0,0.79035,0.35075,47.421,0.702,-1,425.000,-1,400.000,-1,325.000,325.000,300.000,275.000,-1,-1,-1,-1,875.000,875.000,-1,-1,2,0,2,0,2,0,0,0,0,2,2,2,2,0,0,2,2
40,4845.614,10443.546,-235.086,55.080,0.571234,-0.819877,0.038656,0.819405,0.572371,0.031088,-0.047614,0.013917,0.998769,0,0.85145,0.34065,51.087,0.681,-1,425.000,-1,425.000,-1,325.000,325.000,300.000,275.000,-1,-1,-1,-1,875.000,900.000,-1,-1,2,0,2,0,2,0,0,0,0,2,2,2,2,0,0,2,2
41,4874.416,10485.880,-237.781,55.770,0.561247,-0.826702,0.039583,0.826203,0.562451,0.032214,-0.048895,0.014623,0.998697,0,0.85338,0.34500,51.203,0.690,-1,425.000,-1,425.000,-1,325.000,325.000,300.000,275.000,-1,-1,-1,-1,875.000,900.000,-1,-1,2,0,2,0,2,0,0,0,0,2,2,2,2,0,0,2,2
42,4902.760,10528.652,-240.471,56.469,0.551044,-0.833492,0.040518,0.832955,0.552321,0.033577,-0.050365,0.015247,0.998615,0,0.85518,0.34941,51.311,0.699,-1,425.000,-1,425.000,-1,325.000,325.000,300.000,275.000,-1,-1,-1,-1,875.000,900.000,-1,-1,2,0,2,0,2,0,0,0,0,2,2,2,2,0,0,2,2
43,4930.627,10571.856,-243.089,57.177,0.540624,-0.840248,0.041350,0.839642,0.541980,0.035469,-0.052214,0.015544,0.998515,0,0.85685,0.35389,51.411,0.708,-1,400.000,-1,425.000,-1,325.000,325.000,300.000,275.000,-1,-1,-1,-1,850.000,900.000,-1,-1,2,0,2,0,2,0,0,0,0,2,2,2,2,0,0,2,2
44,4958.001,10615.482,-245.804,57.894,0.529977,-0.846955,0.042322,0.846294,0.531420,0.037138,-0.053945,0.016135,0.998414,0,0.85838,0.35845,51.503,0.717,-1,400.000,-1,425.000,-1,325.000,325.000,300.000,275.000,-1,-1,-1,-1,850.000,900.000,-1,-1,2,0,2,0,2,0,0,0,0,2,2,2,2,0,0,2,2
45,4984.862,10659.523,-248.598,58.620,0.519101,-0.853610,0.043404,0.852902,0.520636,0.038682,-0.055617,0.016939,0.998308,0,0.85976,0.36307,51.586,0.726,-1,400.000,-1,425.000,-1,325.000,325.000,300.000,275.000,-1,-1,-1,-1,850.000,900.000,-1,-1,2,0,2,0,2,0,0,0,0,2,2,2,2,0,0,2,2
46,5011.193,10703.968,-251.524,59.356,0.507979,-0.860208,0.044718,0.859455,0.509626,0.040233,-0.057398,0.017995,0.998189,0,0.86098,0.36776,51.659,0.736,-1,400.000,-1,425.000,-1,325.000,325.000,300.000,275.000,-1,-1,-1,-1,850.000,900.000,-1,-1,2,0,2,0,2,0,0,0,0,2,2,2,2,0,0,2,2
47,5036.976,10748.807,-254.547,60.101,0.496617,-0.866742,0.046157,0.865950,0.498386,0.041740,-0.059182,0.019241,0.998062,0,0.86204,0.37252,51.723,0.745,-1,400.000,-1,425.000,-1,325.000,325.000,300.000,275.000,-1,-1,-1,-1,850.000,900.000,-1,-1,2,0,2,0,2,0,0,0,0,2,2,2,2,0,0,2,2
48,5062.191,10794.027,-257.650,60.855,0.485014,-0.873207,0.047657,0.872382,0.486913,0.043196,-0.060924,0.020624,0.997929,0,0.86293,0.37736,51.776,0.755,-1,400.000,-1,425.000,-1,325.000,325.000,300.000,275.000,-1,-1,-1,-1,825.000,875.000,-1,-1,2,0,2,0,2,0,0,0,0,2,2,2,2,0,0,2,2
49,5086.821,10839.618,-260.828,61.620,0.473166,-0.879597,0.049218,0.878745,0.475203,0.044602,-0.062621,0.022146,0.997792,0,0.86363,0.38225,51.818,0.765,-1,400.000,-1,425.000,-1,325.000,325.000,300.000,300.000,-1,-1,-1,-1,825.000,875.000,-1,-1,2,0,2,0,2,0,0,0,0,2,2,2,2,0,0,2,2
50,5110.847,10885.564,-264.080,62.394,0.461070,-0.885906,0.050839,0.885033,0.463253,0.045961,-0.064268,0.023803,0.997649,0,0.86415,0.38722,51.849,0.774,-1,400.000,-1,425.000,-1,325.000,325.000,300.000,300.000,-1,-1,-1,-1,825.000,875.000,-1,-1,2,0,2,0,2,0,0,0,0,2,2,2,2,0,0,2,2
51,5134.251,10931.853,-267.400,63.179,0.448723,-0.892126,0.052519,0.891240,0.451061,0.047272,-0.065862,0.025595,0.997500,0,0.86447,0.39224,51.868,0.784,-1,400.000,-1,425.000,-1,325.000,325.000,300.000,300.000,-1,-1,-1,-1,825.000,875.000,-1,-1,2,0,2,0,2,0,0,0,0,2,2,2,2,0,0,2,2
52,5157.013,10978.468,-270.784,63.973,0.436122,-0.898250,0.054257,0.897360,0.438622,0.048538,-0.067398,0.027519,0.997347,0,0.86459,0.39733,51.876,0.795,-1,400.000,-1,425.000,-1,325.000,325.000,300.000,300.000,-1,-1,-1,-1,825.000,850.000,-1,-1,2,0,2,0,2,0,0,0,0,2,2,2,2,0,0,2,2
53,5179.116,11025.394,-274.300,64.778,0.423296,-0.904278,0.055696,0.903387,0.425939,0.049677,-0.068645,0.029287,0.997211,0,0.86451,0.40247,51.870,0.805,-1,400.000,-1,425.000,-1,325.000,325.000,300.000,300.000,-1,-1,-1,-1,800.000,850.000,-1,-1,2,0,2,0,2,0,0,0,0,2,2,2,2,0,0,2,2
54,5200.541,11072.613,-277.899,65.594,0.410224,-0.910198,0.057062,0.909314,0.413006,0.050741,-0.069751,0.031072,0.997080,0,0.86421,0.40765,51.853,0.815,-1,400.000,-1,425.000,-1,325.000,325.000,300.000,300.000,-1,-1,-1,-1,800.000,850.000,-1,-1,2,0,2,0,2,0,0,0,0,2,2,2,2,0,0,2,2
55,5221.272,11120.108,-281.600,66.419,0.396894,-0.916006,0.058380,0.915113,0.399824,0.052049,-0.071019,0.032766,0.996937,0,0.86370,0.41288,51.822,0.826,-1,400.000,-1,425.000,-1,325.000,325.000,300.000,300.000,-1,-1,-1,-1,800.000,850.000,-1,-1,2,0,2,0,2,0,0,0,0,2,2,2,2,0,0,2,2
56,5242.468,11170.056,-285.487,67.005,0.387343,-0.920001,0.059693,0.919092,0.390420,0.053308,-0.072349,0.034215,0.996792,0,0.90432,0.29288,54.259,0.586,-1,400.000,-1,400.000,-1,325.000,325.000,300.000,300.000,-1,-1,-1,-1,800.000,825.000,-1,-1,2,0,2,0,2,0,0,0,0,2,2,2,2,0,0,2,2
57,5263.327,11220.046,-289.420,67.351,0.381618,-0.922299,0.061095,0.921373,0.384844,0.054472,-0.073751,0.035504,0.996645,0,0.90279,0.17288,54.167,0.346,-1,400.000,-1,400.000,-1,325.000,325.000,300.000,300.000,-1,-1,-1,-1,800.000,825.000,-1,-1,2,0,2,0,2,0,0,0,0,2,2,2,2,0,0,2,2
58,5284.041,11269.948,-293.435,67.457,0.379746,-0.922967,0.062657,0.922033,0.383124,0.055418,-0.075154,0.036727,0.996495,0,0.90050,0.05288,54.030,0.106,-1,400.000,-1,400.000,-1,325.000,325.000,275.000,300.000,-1,-1,-1,-1,800.000,825.000,-1,-1,2,0,2,0,2,0,0,1,0,2,2,2,2,0,0,2,2
59,5304.773,11319.641,-297.471,67.354,0.381258,-0.922248,0.064044,0.921295,0.384772,0.056276,-0.076542,0.037548,0.996359,0,0.89740,-0.05155,53.844,-0.103,-1,400.000,-1,400.000,-1,325.000,325.000,275.000,300.000,-1,-1,-1,-1,800.000,800.000,-1,-1,2,0,2,0,2,0,0,1,0,2,2,2,2,0,0,2,2
60,5325.501,11369.084,-301.554,67.255,0.382698,-0.921561,0.065328,0.920589,0.386340,0.057065,-0.077827,0.038302,0.996231,0,0.89353,-0.04907,53.612,-0.098,-1,400.000,-1,400.000,-1,325.000,325.000,275.000,300.000,-1,-1,-1,-1,800.000,800.000,-1,-1,2,0,2,0,2,0,0,1,0,2,2,2,2,0,0,2,2
61,5346.211,11418.259,-305.676,67.162,0.384074,-0.920901,0.066548,0.919913,0.387839,0.057796,-0.079035,0.039021,0.996108,0,0.88931,-0.04695,53.359,-0.094,-1,400.000,-1,400.000,-1,325.000,325.000,275.000,300.000,-1,-1,-1,-1,800.000,800.000,-1,-1,2,0,2,0,2,0,0,1,0,2,2,2,2,0,0,2,2
62,5366.893,11467.153,-309.836,67.071,0.385398,-0.920263,0.067706,0.919262,0.389281,0.058471,-0.080166,0.039704,0.995990,0,0.88480,-0.04518,53.088,-0.090,-1,400.000,-1,400.000,-1,325.000,325.000,275.000,300.000,-1,-1,-1,-1,800.000,800.000,-1,-1,2,0,2,0,2,0,0,1,0,2,2,2,2,0,0,2,2
63,5387.539,11515.753,-314.032,66.984,0.386682,-0.919643,0.068800,0.918630,0.390676,0.059090,-0.081220,0.040352,0.995879,0,0.88005,-0.04378,52.803,-0.088,-1,400.000,-1,400.000,-1,325.000,325.000,300.000,300.000,-1,-1,-1,-1,800.000,775.000,-1,-1,2,0,2,0,2,0,0,1,0,2,2,2,2,0,0,2,2
64,5408.141,11564.050,-318.262,66.898,0.387938,-0.919036,0.069831,0.918013,0.392038,0.059654,-0.082200,0.040964,0.995774,0,0.87512,-0.04274,52.507,-0.085,-1,400.000,-1,400.000,-1,325.000,325.000,300.000,300.000,-1,-1,-1,-1,800.000,775.000,-1,-1,2,0,2,0,2,0,0,1,0,2,2,2,2,0,0,2,2
65,5428.695,11612.038,-322.525,66.814,0.389177,-0.918438,0.070800,0.917406,0.393378,0.060162,-0.083106,0.041538,0.995675,0,0.87007,-0.04207,52.204,-0.084,-1,400.000,-1,400.000,-1,325.000,325.000,300.000,300.000,-1,-1,-1,-1,800.000,775.000,-1,-1,2,0,2,0,2,0,0,0,0,2,2,2,2,0,0,2,2
66,5449.198,11659.715,-326.819,66.730,0.390413,-0.917843,0.071706,0.916805,0.394707,0.060618,-0.083940,0.042075,0.995582,0,0.86497,-0.04175,51.898,-0.084,-1,400.000,-1,400.000,-1,325.000,325.000,300.000,300.000,-1,-1,-1,-1,800.000,750.000,-1,-1,2,0,2,0,2,0,0,0,0,2,2,2,2,0,0,2,2
67,5469.649,11707.081,-331.205,66.647,0.391689,-0.917256,0.072255,0.916208,0.396041,0.060940,-0.084513,0.042331,0.995523,0,0.85987,-0.04179,51.592,-0.084,-1,400.000,-1,400.000,-1,325.000,325.000,300.000,300.000,-1,-1,-1,-1,800.000,750.000,-1,-1,2,0,2,0,2,0,0,0,0,2,2,2,2,0,0,2,2
68,5490.050,11754.139,-335.643,66.563,0.392990,-0.916675,0.072562,0.915584,0.397393,0.061529,-0.085237,0.042256,0.995464,0,0.85483,-0.04218,51.290,-0.084,-1,400.000,-1,400.000,-1,325.000,325.000,300.000,300.000,-1,-1,-1,-1,800.000,750.000,-1,-1,2,0,2,0,2,0,0,0,0,2,2,2,2,0,0,2,2
69,5510.403,11800.896,-340.110,66.477,0.394322,-0.916090,0.072726,0.914932,0.398770,0.062309,-0.086082,0.041969,0.995404,0,0.84992,-0.04291,50.995,-0.086,-1,400.000,-1,400.000,-1,325.000,325.000,300.000,300.000,-1,-1,-1,-1,800.000,750.000,-1,-1,2,0,2,0,2,0,0,0,0,2,2,2,2,0,0,2,2
70,5530.715,11847.362,-344.575,66.389,0.395690,-0.915487,0.072888,0.914267,0.400180,0.063016,-0.086859,0.041704,0.995347,0,0.84519,-0.04397,50.711,-0.088,-1,400.000,-1,400.000,-1,325.000,325.000,300.000,300.000,-1,-1,-1,-1,800.000,750.000,-1,-1,2,0,2,0,2,0,0,0,0,2,2,2,2,0,0,2,2
71,5550.991,11893.548,-349.025,66.298,0.397106,-0.914864,0.073015,0.913581,0.401634,0.063714,-0.087615,0.041404,0.995294,0,0.84067,-0.04536,50.440,-0.091,-1,400.000,-1,400.000,-1,325.000,325.000,300.000,300.000,-1,-1,-1,-1,775.000,725.000,-1,-1,2,0,2,0,2,0,0,0,0,2,2,2,2,0,0,2,2
72,5571.240,11939.468,-353.451,66.204,0.398582,-0.914217,0.073075,0.912867,0.403143,0.064415,-0.088350,0.041033,0.995244,0,0.83643,-0.04705,50.186,-0.094,-1,400.000,-1,375.000,-1,325.000,325.000,300.000,300.000,-1,-1,-1,-1,775.000,725.000,-1,-1,2,0,2,0,2,0,0,0,0,2,2,2,2,0,0,2,2
73,5591.472,11985.136,-357.805,66.106,0.400160,-0.913549,0.072809,0.912129,0.404718,0.064989,-0.088838,0.040406,0.995226,0,0.83248,-0.04905,49.949,-0.098,-1,400.000,-1,375.000,-1,325.000,325.000,300.000,300.000,-1,-1,-1,-1,775.000,725.000,-1,-1,2,0,2,0,2,0,0,0,0,2,2,2,2,0,0,2,2
74,5611.698,12030.569,-362.149,66.003,0.401817,-0.912846,0.072487,0.911360,0.406365,0.065507,-0.089254,0.039740,0.995216,0,0.82886,-0.05133,49.732,-0.103,-1,400.000,-1,375.000,-1,325.000,325.000,300.000,300.000,-1,-1,-1,-1,775.000,700.000,-1,-1,2,0,2,0,2,0,0,0,0,2,2,2,2,0,0,2,2
75,5631.929,12075.785,-366.484,65.895,0.403564,-0.912106,0.072110,0.910554,0.408093,0.065971,-0.089600,0.039037,0.995213,0,0.82560,-0.05389,49.536,-0.108,-1,400.000,-1,375.000,-1,325.000,325.000,300.000,300.000,-1,-1,-1,-1,775.000,700.000,-1,-1,2,0,2,0,2,0,0,0,0,2,2,2,2,0,0,2,2
76,5652.177,12120.803,-370.812,65.782,0.405407,-0.911322,0.071676,0.909708,0.409909,0.066381,-0.089875,0.038293,0.995217,0,0.82270,-0.05672,49.362,-0.113,-1,400.000,-1,375.000,-1,325.000,325.000,300.000,300.000,750.000,-1,-1,-1,750.000,700.000,-1,-1,2,0,2,0,2,0,0,0,0,1,2,2,2,0,0,2,2
77,5672.458,12165.640,-375.135,65.662,0.407354,-0.910492,0.071187,0.908817,0.411823,0.066738,-0.090081,0.037510,0.995228,0,0.82018,-0.05980,49.211,-0.120,-1,400.000,-1,375.000,-1,325.000,325.000,300.000,300.000,700.000,-1,-1,-1,750.000,675.000,-1,-1,2,0,2,0,2,0,0,0,0,1,2,2,2,0,0,2,2
78,5692.784,12210.316,-379.426,65.536,0.409411,-0.909606,0.070713,0.907888,0.413839,0.066903,-0.090119,0.036809,0.995251,0,0.81805,-0.06312,49.083,-0.126,-1,400.000,-1,375.000,-1,325.000,325.000,300.000,300.000,675.000,-1,-1,-1,750.000,675.000,-1,-1,2,0,2,0,2,0,0,0,0,1,2,2,2,0,0,2,2
79,5713.171,12254.850,-383.642,65.403,0.411578,-0.908655,0.070359,0.906935,0.415961,0.066666,-0.089843,0.036373,0.995292,0,0.81630,-0.06667,48.978,-0.133,-1,400.000,-1,375.000,-1,325.000,325.000,300.000,300.000,675.000,-1,-1,-1,750.000,675.000,-1,-1,2,0,2,0,2,0,0,0,0,1,2,2,2,0,0,2,2
80,5733.633,12299.259,-387.859,65.262,0.413870,-0.907645,0.069948,0.905926,0.418202,0.066372,-0.089495,0.035899,0.995340,0,0.81495,-0.07045,48.897,-0.141,-1,400.000,-1,375.000,-1,325.000,325.000,300.000,300.000,675.000,-1,-1,-1,750.000,650.000,-1,-1,2,0,2,0,2,0,0,0,0,1,2,2,2,0,0,2,2
81,5754.186,12343.563,-392.138,65.113,0.416327,-0.906579,0.069183,0.904860,0.420570,0.065948,-0.088884,0.035145,0.995422,0,0.81398,-0.07443,48.839,-0.149,-1,400.000,-1,375.000,-1,325.000,300.000,300.000,300.000,700.000,-1,-1,-1,750.000,650.000,-1,-1,2,0,2,0,2,0,0,0,0,1,2,2,2,0,0,2,2
82,5774.846,12387.778,-396.445,64.956,0.418927,-0.905450,0.068271,0.903726,0.423069,0.065508,-0.088197,0.034256,0.995514,0,0.81340,-0.07862,48.804,-0.157,-1,400.000,-1,375.000,-1,325.000,300.000,300.000,300.000,700.000,-1,-1,-1,750.000,650.000,-1,-1,2,0,2,0,2,0,0,0,0,1,2,2,2,0,0,2,2
83,5795.628,12431.921,-400.810,64.790,0.421669,-0.904254,0.067222,0.902499,0.425708,0.065331,-0.087693,0.033119,0.995597,0,0.81318,-0.08301,48.791,-0.166,-1,375.000,-1,375.000,-1,325.000,300.000,300.000,300.000,700.000,-1,-1,-1,725.000,650.000,-1,-1,2,0,2,0,2,0,0,0,0,1,2,2,2,0,0,2,2
84,5814.647,12471.588,-404.724,64.384,0.428183,-0.901253,0.066350,0.899466,0.432123,0.065045,-0.087293,0.031829,0.995674,0,0.73318,-0.20301,43.991,-0.406,-1,375.000,-1,375.000,-1,300.000,300.000,300.000,300.000,725.000,-1,-1,-1,725.000,650.000,-1,-1,2,0,2,0,2,0,0,0,0,1,2,2,2,0,0,2,2
85,5833.106,12508.998,-408.417,63.738,0.438437,-0.896365,0.065590,0.894545,0.442278,0.064651,-0.086960,0.030328,0.995750,0,0.69527,-0.32301,41.716,-0.646,-1,375.000,-1,375.000,-1,300.000,300.000,300.000,300.000,725.000,-1,-1,-1,725.000,625.000,-1,-1,2,0,2,0,2,0,0,0,0,1,2,2,2,0,0,2,2
86,5852.074,12545.987,-412.060,62.852,0.452376,-0.889467,0.064847,0.887603,0.456110,0.064225,-0.086703,0.028505,0.995826,0,0.69281,-0.44301,41.569,-0.886,-1,375.000,-1,375.000,-1,300.000,300.000,300.000,300.000,750.000,-1,-1,-1,700.000,625.000,-1,-1,2,0,2,0,2,0,0,0,0,1,2,2,2,0,0,2,2
87,5871.693,12582.463,-415.543,61.726,0.469956,-0.880393,0.063638,0.878467,0.473534,0.063727,-0.086240,0.025955,0.995936,0,0.69029,-0.56301,41.417,-1.126,-1,375.000,-1,350.000,-1,300.000,300.000,300.000,300.000,750.000,-1,-1,-1,700.000,625.000,-1,-1,2,0,2,0,2,0,0,0,0,1,2,2,2,0,0,2,2
88,5892.102,12618.327,-418.859,60.360,0.491068,-0.868923,0.061843,0.866932,0.494427,0.063018,-0.085335,0.022668,0.996094,0,0.68775,-0.68301,41.265,-1.366,-1,375.000,-1,350.000,-1,300.000,300.000,300.000,300.000,775.000,-1,-1,-1,700.000,625.000,-1,-1,2,0,2,0,2,0,0,0,0,1,2,2,2,0,0,2,2
89,5913.430,12653.480,-422.081,58.754,0.515518,-0.854792,0.059773,0.852737,0.518627,0.062183,-0.084153,0.018914,0.996273,0,0.68528,-0.80301,41.117,-1.606,-1,375.000,-1,350.000,-1,300.000,300.000,300.000,300.000,775.000,-1,-1,-1,675.000,625.000,-1,-1,2,0,2,0,2,0,0,0,0,1,2,2,2,0,0,2,2
90,5935.765,12687.834,-425.226,56.971,0.542167,-0.838303,0.057477,0.836193,0.545002,0.061261,-0.082680,0.014848,0.996465,0,0.68295,-0.89127,40.977,-1.783,-1,375.000,-1,350.000,-1,300.000,300.000,325.000,300.000,800.000,775.000,-1,-1,675.000,625.000,-1,-1,2,0,2,0,2,0,0,0,0,1,0,2,2,0,0,2,2
91,5959.091,12721.374,-428.341,55.182,0.568371,-0.820923,0.055144,0.818777,0.570936,0.060304,-0.080989,0.010875,0.996656,0,0.68091,-0.89447,40.855,-1.789,-1,375.000,-1,350.000,-1,300.000,300.000,325.000,300.000,800.000,600.000,800.000,-1,675.000,625.000,-1,-1,2,0,2,0,2,0,0,0,0,1,0,0,2,0,0,2,2
92,5983.402,12754.093,-431.425,53.386,0.594105,-0.802654,0.052776,0.800490,0.596404,0.059316,-0.079086,0.007007,0.996843,0,0.67937,-0.89796,40.762,-1.796,-1,375.000,-1,350.000,-1,300.000,300.000,325.000,300.000,825.000,525.000,675.000,-1,650.000,625.000,-1,-1,2,0,2,0,2,0,0,0,0,1,0,0,2,0,0,2,2
93,6008.693,12785.982,-434.369,51.583,0.619300,-0.783501,0.050928,0.781338,0.621380,0.058301,-0.077325,0.003686,0.996999,0,0.67835,-0.90172,40.701,-1.803,-1,375.000,-1,350.000,-1,300.000,300.000,325.000,300.000,850.000,500.000,600.000,-1,650.000,650.000,-1,-1,2,0,2,0,2,0,0,0,0,1,0,0,2,0,0,2,2
94,6034.960,12817.034,-437.273,49.771,0.643975,-0.763472,0.049059,0.761324,0.645841,0.057230,-0.075378,0.000495,0.997155,0,0.67785,-0.90575,40.671,-1.811,-1,375.000,-1,350.000,-1,300.000,300.000,325.000,300.000,850.000,475.000,575.000,-1,650.000,650.000,-1,-1,2,0,2,0,2,0,0,0,0,1,0,0,2,0,0,2,2
95,6062.200,12847.236,-440.140,47.951,0.668104,-0.742572,0.047160,0.740454,0.669761,0.056107,-0.073249,-0.002566,0.997310,0,0.67788,-0.91003,40.673,-1.820,-1,375.000,-1,375.000,-1,300.000,300.000,325.000,300.000,875.000,450.000,525.000,-1,650.000,650.000,-1,-1,2,0,2,0,2,0,0,0,0,1,0,0,2,0,0,2,2
96,6090.413,12876.577,-443.048,46.122,0.691687,-0.720806,0.044803,0.718730,0.693112,0.054978,-0.070682,-0.005826,0.997482,0,0.67841,-0.91454,40.705,-1.829,-1,375.000,-1,375.000,-1,300.000,300.000,325.000,300.000,900.000,425.000,500.000,-1,625.000,650.000,-1,-1,2,0,2,0,2,0,0,0,0,1,0,0,2,0,0,2,2
97,6119.597,12905.041,-445.894,44.284,0.714656,-0.698182,0.042527,0.696161,0.715865,0.053819,-0.068019,-0.008857,0.997645,0,0.67945,-0.91928,40.767,-1.839,-1,375.000,-1,375.000,-1,300.000,300.000,325.000,300.000,950.000,400.000,450.000,-1,625.000,650.000,-1,-1,2,0,2,0,2,0,0,0,0,1,0,0,2,0,0,2,2
98,6147.711,12930.906,-448.496,42.614,0.734860,-0.677010,0.040475,0.675052,0.735885,0.052701,-0.065465,-0.011405,0.997790,0,0.63670,-0.83483,38.202,-1.670,-1,375.000,-1,375.000,-1,300.000,300.000,325.000,300.000,975.000,400.000,425.000,-1,625.000,650.000,-1,-1,2,0,2,0,2,0,0,0,0,1,0,0,2,0,0,2,2
99,6176.773,12956.098,-451.015,40.919,0.754709,-0.654930,0.038491,0.653055,0.755567,0.051358,-0.062719,-0.013624,0.997938,0,0.64103,-0.84748,38.462,-1.695,-1,375.000,-1,375.000,-1,300.000,300.000,325.000,300.000,1000.000,375.000,400.000,-1,625.000,675.000,1000.000,-1,2,0,2,0,2,0,0,0,0,1,0,0,2,0,0,0,2
100,6206.823,12980.604,-453.429,39.198,0.774169,-0.631923,0.036555,0.630157,0.774878,0.049668,-0.059712,-0.015416,0.998097,0,0.64627,-0.86062,38.776,-1.721,-1,375.000,-1,375.000,-1,300.000,300.000,325.000,300.000,-1,350.000,350.000,-1,625.000,675.000,1000.000,-1,2,0,2,0,2,0,0,0,0,2,0,0,2,0,0,0,2
101,6236.037,13003.198,-455.686,37.716,0.790351,-0.611668,0.034763,0.610005,0.790936,0.048098,-0.056916,-0.016808,0.998237,0,0.61553,-0.74062,36.932,-1.481,-1,375.000,-1,375.000,-1,300.000,300.000,325.000,300.000,-1,325.000,350.000,-1,625.000,675.000,975.000,-1,2,0,2,0,2,0,0,0,0,2,0,0,2,0,0,0,2
102,6266.056,13025.390,-457.929,36.475,0.803506,-0.594380,0.033020,0.592824,0.803987,0.046526,-0.054202,-0.017809,0.998371,0,0.62219,-0.62062,37.331,-1.241,-1,375.000,-1,375.000,-1,300.000,300.000,325.000,300.000,-1,300.000,325.000,-1,625.000,675.000,975.000,-1,2,0,2,0,2,0,0,0,0,2,0,0,2,0,0,0,2
103,6296.822,13047.314,-460.102,35.474,0.813846,-0.580237,0.031313,0.578805,0.814245,0.044613,-0.051383,-0.018184,0.998513,0,0.62965,-0.50062,37.779,-1.001,-1,375.000,-1,375.000,-1,300.000,300.000,325.000,300.000,-1,300.000,300.000,-1,625.000,700.000,1000.000,-1,2,0,2,0,2,0,0,0,0,2,0,0,2,0,0,0,2
104,6328.278,13069.105,-462.182,34.713,0.821547,-0.569371,0.029628,0.568085,0.821887,0.042204,-0.048381,-0.017841,0.998670,0,0.63779,-0.38062,38.268,-0.761,-1,375.000,-1,375.000,-1,300.000,325.000,325.000,300.000,-1,300.000,300.000,-1,625.000,700.000,-1,-1,2,0,2,0,2,0,0,0,0,2,0,0,2,0,0,2,2
105,6360.364,13090.904,-464.220,34.191,0.826747,-0.561877,0.027996,0.560733,0.827043,0.039724,-0.045474,-0.017143,0.998818,0,0.64651,-0.26062,38.791,-0.521,-1,375.000,-1,375.000,-1,300.000,325.000,325.000,300.000,-1,275.000,275.000,-1,625.000,700.000,-1,-1,2,0,2,0,2,0,0,0,0,2,0,0,2,0,0,2,2
106,6393.015,13112.852,-465.951,33.910,0.829543,-0.557811,0.026537,0.556750,0.829792,0.038406,-0.043443,-0.017085,0.998910,0,0.65571,-0.14062,39.343,-0.281,-1,375.000,-1,375.000,-1,300.000,325.000,325.000,300.000,-1,300.000,300.000,-1,625.000,725.000,-1,-1,2,0,2,0,2,0,0,0,0,2,0,0,2,0,0,2,2
107,6426.159,13135.098,-467.656,33.869,0.829985,-0.557218,0.025165,0.556242,0.830199,0.036937,-0.041474,-0.016659,0.999001,0,0.66530,-0.02062,39.918,-0.041,-1,375.000,-1,375.000,-1,300.000,325.000,325.000,300.000,-1,300.000,300.000,-1,625.000,725.000,-1,-1,2,0,2,0,2,0,0,0,0,2,0,0,2,0,0,2,2
108,6459.705,13157.782,-469.340,34.068,0.828079,-0.560102,0.023888,0.559214,0.828272,0.035291,-0.039552,-0.015865,0.999092,0,0.67493,0.09938,40.496,0.199,-1,375.000,-1,400.000,-1,300.000,325.000,325.000,300.000,-1,325.000,325.000,-1,625.000,725.000,-1,-1,2,0,2,0,2,0,0,0,0,2,0,0,2,0,0,2,2
109,6493.299,13180.722,-470.920,34.327,0.825571,-0.563848,0.022517,0.563045,0.825740,0.033683,-0.037585,-0.015130,0.999179,0,0.67798,0.12957,40.679,0.259,-1,375.000,-1,400.000,-1,300.000,325.000,325.000,300.000,-1,325.000,325.000,-1,625.000,725.000,-1,-1,2,0,2,0,2,0,0,0,0,2,0,0,2,0,0,2,2
110,6526.789,13203.812,-472.327,34.586,0.823051,-0.567580,0.020971,0.566850,0.823186,0.032347,-0.035622,-0.014736,0.999257,0,0.67798,0.12957,40.679,0.259,-1,375.000,-1,400.000,-1,300.000,325.000,325.000,300.000,-1,350.000,350.000,-1,625.000,725.000,-1,-1,2,0,2,0,2,0,0,0,0,2,0,0,2,0,0,2,2
111,6560.174,13227.054,-473.703,34.845,0.820507,-0.571302,0.019557,0.570644,0.820617,0.030858,-0.033678,-0.014159,0.999332,0,0.67798,0.12957,40.679,0.259,-1,375.000,-1,400.000,-1,300.000,325.000,325.000,300.000,-1,350.000,350.000,-1,625.000,725.000,-1,-1,2,0,2,0,2,0,0,0,0,2,0,0,2,0,0,2,2
112,6593.454,13250.447,-475.047,35.104,0.817939,-0.575014,0.018278,0.574428,0.818034,0.029217,-0.031752,-0.013398,0.999406,0,0.67798,0.12957,40.679,0.259,-1,375.000,-1,400.000,-1,300.000,325.000,300.000,300.000,-1,350.000,375.000,-1,625.000,725.000,-1,-1,2,0,2,0,2,0,0,0,0,2,0,0,2,0,0,2,2
113,6626.628,13273.990,-476.359,35.363,0.815350,-0.578715,0.017137,0.578199,0.815435,0.027426,-0.029846,-0.012453,0.999477,0,0.67798,0.12957,40.679,0.259,-1,375.000,-1,400.000,-1,300.000,325.000,300.000,300.000,-1,375.000,375.000,-1,625.000,750.000,-1,-1,2,0,2,0,2,0,0,0,0,2,0,0,2,0,0,2,2
114,6659.695,13297.683,-477.605,35.622,0.812735,-0.582406,0.016301,0.581957,0.812821,0.025439,-0.028066,-0.011189,0.999543,0,0.67798,0.12957,40.679,0.259,-1,375.000,-1,400.000,-1,300.000,325.000,300.000,300.000,-1,375.000,375.000,-1,625.000,750.000,-1,-1,2,0,2,0,2,0,0,0,0,2,0,0,2,0,0,2,2
115,6692.654,13321.525,-478.763,35.882,0.810093,-0.586086,0.015885,0.585703,0.810193,0.023229,-0.026484,-0.009513,0.999604,0,0.67798,0.12957,40.679,0.259,-1,375.000,-1,400.000,-1,300.000,325.000,300.000,300.000,-1,400.000,400.000,-1,650.000,750.000,-1,-1,2,0,2,0,2,0,0,0,0,2,0,0,2,0,0,2,2
116,6725.690,13345.646,-479.911,36.136,0.807486,-0.589682,0.015533,0.589362,0.807599,0.020885,-0.024860,-0.007709,0.999661,0,0.68174,0.12701,40.904,0.254,-1,375.000,-1,400.000,-1,300.000,325.000,300.000,300.000,-1,400.000,400.000,-1,650.000,750.000,-1,-1,2,0,2,0,2,0,0,0,0,2,0,0,2,0,0,2,2
117,6758.800,13370.043,-481.048,36.384,0.804920,-0.593188,0.015246,0.592930,0.805043,0.018406,-0.023192,-0.005775,0.999714,0,0.68546,0.12430,41.128,0.249,-1,375.000,-1,400.000,-1,300.000,325.000,300.000,300.000,-1,425.000,425.000,-1,650.000,750.000,-1,-1,2,0,2,0,2,0,0,0,0,2,0,0,2,0,0,2,2
118,6791.981,13394.709,-482.186,36.627,0.802397,-0.596602,0.015030,0.596403,0.802529,0.015865,-0.021527,-0.003766,0.999761,0,0.68908,0.12147,41.345,0.243,-1,375.000,-1,400.000,-1,300.000,325.000,300.000,300.000,-1,450.000,425.000,-1,650.000,750.000,-1,-1,2,0,2,0,2,0,0,0,0,2,0,0,2,0,0,2,2
119,6825.228,13419.639,-483.410,36.864,0.799922,-0.599919,0.014897,0.599766,0.800058,0.013700,-0.020137,-0.002024,0.999795,0,0.69260,0.11850,41.556,0.237,-1,375.000,-1,375.000,-1,300.000,300.000,300.000,275.000,-1,450.000,400.000,-1,650.000,750.000,-1,-1,2,0,2,0,2,0,0,0,0,2,0,0,2,0,0,2,2
120,6858.538,13444.827,-484.492,37.095,0.797485,-0.603138,0.015571,0.603032,0.797637,0.011314,-0.019244,0.000367,0.999815,0,0.69602,0.11540,41.761,0.231,-1,350.000,-1,375.000,-1,300.000,300.000,300.000,275.000,-1,475.000,400.000,-1,650.000,750.000,-1,-1,2,0,2,0,2,0,0,0,0,2,0,0,2,0,0,2,2
121,6891.906,13470.264,-485.110,37.319,0.795137,-0.606256,0.014530,0.606186,0.795268,0.009350,-0.017224,0.001373,0.999851,0,0.69931,0.11217,41.958,0.224,-1,375.000,-1,375.000,-1,300.000,300.000,300.000,275.000,-1,475.000,400.000,-1,650.000,750.000,-1,-1,2,0,2,0,2,0,0,0,0,2,0,0,2,0,0,2,2
122,6925.328,13495.944,-485.675,37.537,0.792847,-0.609271,0.013504,0.609231,0.792959,0.007362,-0.015193,0.002390,0.999882,0,0.70247,0.10880,42.148,0.218,-1,375.000,-1,375.000,-1,300.000,300.000,300.000,275.000,-1,500.000,375.000,-1,650.000,775.000,-1,-1,2,0,2,0,2,0,0,0,0,2,0,0,2,0,0,2,2
123,6958.799,13521.857,-486.208,37.747,0.790619,-0.612179,0.012585,0.612166,0.790711,0.005327,-0.013212,0.003492,0.999907,0,0.70550,0.10529,42.330,0.211,-1,375.000,-1,400.000,-1,300.000,300.000,300.000,300.000,-1,475.000,375.000,-1,675.000,775.000,-1,-1,2,0,2,0,2,0,0,0,0,2,0,0,2,0,0,2,2
124,6988.486,13544.817,-486.662,37.718,0.790946,-0.611770,0.011907,0.611777,0.791022,0.003489,-0.011554,0.004525,0.999923,0,0.62550,-0.01471,37.530,-0.029,-1,375.000,-1,400.000,-1,300.000,325.000,300.000,300.000,-1,475.000,375.000,-1,675.000,800.000,-1,-1,2,0,2,0,2,0,0,0,0,2,0,0,2,0,0,2,2
125,7014.470,13564.719,-486.975,37.449,0.793822,-0.608042,0.011439,0.608060,0.793888,0.002200,-0.010419,0.005209,0.999932,0,0.54550,-0.13471,32.730,-0.269,-1,375.000,-1,400.000,-1,300.000,325.000,300.000,300.000,-1,500.000,375.000,-1,675.000,800.000,-1,-1,2,0,2,0,2,0,0,0,0,2,0,0,2,0,0,2,2
126,7036.794,13581.504,-487.242,36.939,0.799203,-0.600957,0.011142,0.600985,0.799260,0.001061,-0.009543,0.005848,0.999937,0,0.46550,-0.25471,27.930,-0.509,-1,375.000,-1,400.000,1000.000,300.000,325.000,300.000,300.000,-1,500.000,400.000,-1,700.000,800.000,-1,-1,2,0,2,0,1,0,0,0,0,2,0,0,2,0,0,2,2
127,7055.461,13595.161,-487.476,36.190,0.806999,-0.590450,0.010989,0.590485,0.807049,0.000058,-0.008903,0.006442,0.999940,0,0.38550,-0.37471,23.130,-0.749,-1,375.000,-1,400.000,1000.000,300.000,325.000,300.000,300.000,-1,525.000,400.000,-1,700.000,825.000,-1,-1,2,0,2,0,1,0,0,0,0,2,0,0,2,0,0,2,2
128,7070.439,13605.727,-487.682,35.200,0.817077,-0.576424,0.010956,0.576465,0.817121,-0.000801,-0.008491,0.006970,0.999940,0,0.30550,-0.49471,18.330,-0.989,-1,375.000,-1,400.000,975.000,300.000,325.000,300.000,300.000,-1,550.000,425.000,-1,700.000,825.000,-1,-1,2,0,2,0,1,0,0,0,0,2,0,0,2,0,0,2,2
129,7081.659,13613.287,-487.862,33.971,0.829258,-0.558757,0.011022,0.558805,0.829298,-0.001516,-0.008293,0.007416,0.999938,0,0.22550,-0.61471,13.530,-1.229,-1,375.000,-1,400.000,950.000,300.000,325.000,300.000,300.000,-1,550.000,425.000,-1,725.000,825.000,-1,-1,2,0,2,0,1,0,0,0,0,2,0,0,2,0,0,2,2
130,7089.022,13617.978,-488.020,32.502,0.843313,-0.537306,0.011169,0.537358,0.843352,-0.002095,-0.008294,0.007769,0.999935,0,0.14550,-0.73471,8.730,-1.469,-1,375.000,-1,400.000,925.000,300.000,325.000,300.000,300.000,-1,600.000,450.000,-1,725.000,825.000,-1,-1,2,0,2,0,1,0,0,0,0,2,0,0,2,0,0,2,2
131,7092.398,13619.989,-488.160,30.792,0.858965,-0.511908,0.011382,0.511965,0.859003,-0.002552,-0.008471,0.008020,0.999932,0,0.06550,-0.85471,3.930,-1.709,-1,375.000,-1,400.000,925.000,300.000,325.000,300.000,275.000,-1,625.000,475.000,-1,750.000,825.000,-1,-1,2,0,2,0,1,0,0,0,0,2,0,0,2,0,1,2,2
132,7091.636,13619.570,-488.285,28.843,0.875879,-0.482391,0.011644,0.482451,0.875918,-0.002908,-0.008797,0.008165,0.999928,0,-0.01450,-0.97471,-0.870,-1.949,-1,375.000,-1,400.000,900.000,325.000,325.000,300.000,275.000,-1,650.000,500.000,-1,750.000,825.000,-1,-1,2,0,2,0,1,0,0,0,0,2,0,0,2,0,1,2,2
133,7089.700,13618.590,-488.407,26.843,0.892178,-0.451527,0.011899,0.451591,0.892219,-0.003261,-0.009144,0.008283,0.999924,0,-0.03615,-1.00000,-2.169,-2.000,-1,375.000,-1,400.000,900.000,325.000,325.000,300.000,275.000,-1,675.000,525.000,-1,750.000,825.000,-1,-1,2,0,2,0,1,0,0,0,0,2,0,0,2,0,1,2,2
134,7087.781,13617.702,-488.532,24.843,0.907390,-0.420114,0.012128,0.420182,0.907433,-0.003646,-0.009474,0.008404,0.999920,0,-0.03525,-1.00000,-2.115,-2.000,-1,375.000,-1,400.000,900.000,325.000,325.000,300.000,275.000,-1,700.000,550.000,-1,750.000,825.000,-1,975.000,2,0,2,0,1,0,0,0,0,2,0,0,2,0,1,2,1
135,7085.877,13616.900,-488.658,22.843,0.921497,-0.388188,0.012335,0.388261,0.921541,-0.004047,-0.009796,0.008519,0.999916,0,-0.03442,-1.00000,-2.065,-2.000,-1,375.000,-1,400.000,925.000,325.000,325.000,300.000,275.000,-1,725.000,600.000,-1,775.000,800.000,-1,950.000,2,0,2,0,1,0,0,0,0,2,0,0,2,0,1,2,1
136,7083.990,13616.181,-488.755,20.843,0.934481,-0.355791,0.012562,0.355866,0.934527,-0.004333,-0.010198,0.008519,0.999912,0,-0.03366,-1.00000,-2.020,-2.000,-1,375.000,-1,400.000,925.000,325.000,325.000,300.000,275.000,-1,775.000,650.000,-1,775.000,800.000,-1,950.000,2,0,2,0,1,0,0,0,0,2,0,0,2,0,1,2,1
137,7086.617,13617.090,-488.886,19.083,0.944966,-0.326920,0.012727,0.327001,0.945012,-0.004792,-0.010461,0.008690,0.999908,0,0.04634,-0.88000,2.780,-1.760,-1,375.000,-1,400.000,925.000,325.000,325.000,300.000,275.000,-1,825.000,675.000,-1,775.000,800.000,-1,925.000,2,0,2,0,1,0,0,0,0,2,0,0,2,0,1,2,1
