timestep,x_cm,y_cm,z_cm,yaw_deg,basis_xx,basis_xy,basis_xz,basis_yx,basis_yy,basis_yz,basis_zx,basis_zy,basis_zz,teleport_flag,throttle_cmd,steering_cmd,cmd_move_cm,cmd_turn_deg,lidar_cm_0,lidar_cm_1,lidar_cm_2,lidar_cm_3,lidar_cm_4,lidar_cm_5,lidar_cm_6,lidar_cm_7,lidar_cm_8,lidar_cm_9,lidar_cm_10,lidar_cm_11,lidar_cm_12,lidar_cm_13,lidar_cm_14,lidar_cm_15,lidar_cm_16,lidar_class_0,lidar_class_1,lidar_class_2,lidar_class_3,lidar_class_4,lidar_class_5,lidar_class_6,lidar_class_7,lidar_class_8,lidar_class_9,lidar_class_10,lidar_class_11,lidar_class_12,lidar_class_13,lidar_class_14,lidar_class_15,lidar_class_16
0,-331.441,-324.654,54.466,136.078,-0.719402,-0.692427,-0.054821,0.694351,-0.718994,-0.030398,-0.018368,-0.059933,0.998033,1,0.08000,-0.12000,4.800,-0.240,-1,425.000,-1,400.000,-1,325.000,325.000,325.000,300.000,425.000,625.000,775.000,-1,1000.000,825.000,-1,-1,2,0,2,0,2,0,0,0,0,1,1,1,2,0,0,2,2
1,-338.300,-317.937,54.346,135.598,-0.713549,-0.698421,-0.055280,0.700360,-0.713162,-0.029925,-0.018523,-0.060069,0.998022,0,0.16000,-0.24000,9.600,-0.480,-1,425.000,-1,400.000,-1,325.000,325.000,325.000,300.000,425.000,625.000,775.000,-1,975.000,825.000,-1,-1,2,0,2,0,2,0,0,0,0,1,1,1,2,0,0,2,2
2,-348.477,-307.749,54.169,134.968,-0.705781,-0.706217,-0.055951,0.708179,-0.705428,-0.029213,-0.018839,-0.060242,0.998006,0,0.24000,-0.31517,14.400,-0.630,-1,425.000,-1,400.000,-1,325.000,325.000,325.000,300.000,450.000,625.000,775.000,-1,975.000,825.000,-1,-1,2,0,2,0,2,0,0,0,0,1,1,1,2,0,0,2,2
3,-361.896,-294.016,53.891,134.334,-0.697873,-0.713962,-0.056850,0.715960,-0.697561,-0.028459,-0.019337,-0.060563,0.997977,0,0.32000,-0.31684,19.200,-0.634,-1,425.000,-1,400.000,-1,325.000,325.000,325.000,300.000,450.000,625.000,775.000,-1,975.000,825.000,-1,-1,2,0,2,0,2,0,0,0,0,1,1,1,2,0,0,2,2
4,-378.476,-276.664,53.356,133.696,-0.689831,-0.721637,-0.058080,0.723708,-0.689517,-0.028493,-0.019486,-0.061689,0.997905,0,0.40000,-0.31910,24.000,-0.638,-1,425.000,-1,400.000,-1,325.000,325.000,325.000,300.000,475.000,650.000,800.000,-1,975.000,825.000,-1,-1,2,0,2,0,2,0,0,0,0,1,1,1,2,0,0,2,2
5,-398.138,-255.619,52.718,133.052,-0.681619,-0.729286,-0.059478,0.731440,-0.681311,-0.028464,-0.019764,-0.062906,0.997824,0,0.48000,-0.32199,28.800,-0.644,-1,425.000,-1,400.000,-1,325.000,325.000,325.000,300.000,500.000,675.000,825.000,-1,950.000,825.000,-1,-1,2,0,2,0,2,0,0,0,0,1,1,1,2,0,0,2,2
6,-419.661,-232.052,52.002,132.401,-0.673229,-0.736924,-0.060866,0.739162,-0.672930,-0.028381,-0.020044,-0.064096,0.997742,0,0.53193,-0.32553,31.916,-0.651,-1,425.000,-1,400.000,-1,325.000,325.000,325.000,300.000,525.000,700.000,825.000,-1,950.000,825.000,-1,-1,2,0,2,0,2,0,0,0,0,1,1,1,2,0,0,2,2
7,-440.942,-208.203,51.305,131.742,-0.664650,-0.744559,-0.062237,0.746880,-0.664357,-0.028281,-0.020291,-0.065281,0.997661,0,0.53272,-0.32953,31.963,-0.659,-1,425.000,-1,400.000,-1,325.000,325.000,325.000,300.000,525.000,725.000,850.000,-1,950.000,825.000,-1,-1,2,0,2,0,2,0,0,0,0,1,1,1,2,0,0,2,2
8,-461.986,-184.060,50.627,131.075,-0.655875,-0.752186,-0.063593,0.754591,-0.655591,-0.028164,-0.020506,-0.066459,0.997578,0,0.53376,-0.33362,32.026,-0.667,-1,425.000,-1,400.000,-1,325.000,325.000,325.000,300.000,550.000,750.000,875.000,-1,925.000,800.000,-1,-1,2,0,2,0,2,0,0,0,0,1,1,1,2,0,0,2,2
9,-485.975,-156.120,49.854,130.648,-0.650169,-0.756995,-0.065099,0.759495,-0.649914,-0.027933,-0.021163,-0.067603,0.997488,0,0.61376,-0.21362,36.826,-0.427,-1,425.000,-1,400.000,-1,325.000,325.000,300.000,300.000,600.000,775.000,900.000,-1,925.000,800.000,-1,-1,2,0,2,0,2,0,0,0,0,1,1,1,2,0,0,2,2
10,-512.988,-124.449,48.976,130.460,-0.647592,-0.759057,-0.066756,0.761662,-0.647387,-0.027608,-0.022261,-0.068724,0.997387,0,0.69376,-0.09362,41.626,-0.187,-1,425.000,-1,400.000,-1,325.000,325.000,300.000,300.000,625.000,800.000,950.000,-1,925.000,800.000,-1,-1,2,0,2,0,2,0,0,0,0,1,1,1,2,0,0,2,2
11,-543.125,-89.135,47.980,130.476,-0.647674,-0.758825,-0.068575,0.761547,-0.647538,-0.027220,-0.023750,-0.069853,0.997275,0,0.77376,0.00762,46.426,0.015,-1,425.000,-1,400.000,-1,325.000,325.000,300.000,300.000,650.000,850.000,1000.000,-1,925.000,800.000,-1,-1,2,0,2,0,2,0,0,0,0,1,1,1,2,0,0,2,2
12,-576.380,-50.170,46.749,130.478,-0.647546,-0.758725,-0.070851,0.761592,-0.647513,-0.026557,-0.025728,-0.071156,0.997133,0,0.85376,0.00133,51.226,0.003,-1,425.000,-1,400.000,-1,325.000,325.000,300.000,300.000,700.000,925.000,-1,-1,900.000,800.000,-1,-1,2,0,2,0,2,0,0,0,0,1,1,2,2,0,0,2,2
13,-610.844,-9.775,45.262,130.467,-0.647161,-0.758741,-0.074125,0.761826,-0.647266,-0.025844,-0.028370,-0.073195,0.996914,0,0.88499,-0.00569,53.099,-0.011,-1,425.000,-1,400.000,-1,325.000,325.000,300.000,300.000,725.000,975.000,-1,-1,875.000,800.000,-1,-1,2,0,2,0,2,0,0,0,0,1,1,2,2,0,0,2,2
14,-645.463,30.840,43.762,130.441,-0.646570,-0.758917,-0.077407,0.762227,-0.646820,-0.025185,-0.030955,-0.075286,0.996681,0,0.88944,-0.01303,53.367,-0.026,-1,425.000,-1,400.000,-1,325.000,325.000,300.000,300.000,775.000,-1,-1,-1,875.000,800.000,-1,-1,2,0,2,0,2,0,0,0,0,1,2,2,2,0,0,2,2
15,-680.235,71.692,42.249,130.400,-0.645771,-0.759255,-0.080697,0.762797,-0.646171,-0.024579,-0.033483,-0.077428,0.996436,0,0.89412,-0.02049,53.647,-0.041,-1,400.000,-1,400.000,-1,325.000,325.000,300.000,300.000,825.000,-1,-1,-1,850.000,800.000,-1,-1,2,0,2,0,2,0,0,0,0,1,2,2,2,0,0,2,2
16,-715.683,113.418,40.671,130.347,-0.644800,-0.759713,-0.084074,0.763508,-0.645346,-0.024175,-0.035891,-0.079779,0.996166,0,0.91249,-0.02659,54.750,-0.053,-1,400.000,-1,400.000,-1,325.000,325.000,300.000,300.000,850.000,-1,-1,-1,825.000,800.000,-1,-1,2,0,2,0,2,0,0,0,0,1,2,2,2,0,0,2,2
17,-751.156,155.271,38.693,130.282,-0.643805,-0.760371,-0.085740,0.764290,-0.644430,-0.023884,-0.037093,-0.080907,0.996031,0,0.91440,-0.03231,54.864,-0.065,-1,400.000,-1,400.000,-1,325.000,325.000,300.000,300.000,900.000,-1,-1,-1,825.000,800.000,-1,-1,2,0,2,0,2,0,0,0,0,1,2,2,2,0,0,2,2
18,-786.659,197.274,36.640,130.206,-0.642678,-0.761176,-0.087040,0.765192,-0.643370,-0.023603,-0.038033,-0.081772,0.995925,0,0.91662,-0.03820,54.997,-0.076,-1,400.000,-1,400.000,-1,325.000,325.000,300.000,300.000,925.000,-1,-1,-1,825.000,800.000,-1,-1,2,0,2,0,2,0,0,0,0,1,2,2,2,0,0,2,2
19,-822.196,239.447,34.591,130.117,-0.641389,-0.762113,-0.088343,0.766227,-0.642146,-0.023344,-0.038939,-0.082663,0.995817,0,0.91915,-0.04427,55.149,-0.089,-1,400.000,-1,400.000,-1,325.000,325.000,325.000,325.000,975.000,-1,-1,-1,800.000,800.000,-1,-1,2,0,2,0,2,0,0,0,0,1,2,2,2,0,0,2,2
20,-857.767,281.813,32.538,130.016,-0.639928,-0.763183,-0.089684,0.767402,-0.640750,-0.023104,-0.039833,-0.083609,0.995702,0,0.92198,-0.05050,55.319,-0.101,-1,400.000,-1,400.000,-1,325.000,325.000,325.000,325.000,-1,-1,-1,-1,800.000,800.000,-1,-1,2,0,2,0,2,0,0,0,0,2,2,2,2,0,0,2,2
21,-893.373,324.393,30.495,129.902,-0.638297,-0.764393,-0.090999,0.768715,-0.639182,-0.022882,-0.040674,-0.084558,0.995588,0,0.92509,-0.05689,55.506,-0.114,-1,400.000,-1,400.000,-1,325.000,325.000,325.000,325.000,-1,-1,-1,-1,800.000,800.000,-1,-1,2,0,2,0,2,0,0,0,0,2,2,2,2,0,0,2,2
22,-929.016,367.208,28.467,129.775,-0.636492,-0.765745,-0.092262,0.770169,-0.637437,-0.022677,-0.041447,-0.085491,0.995476,0,0.92848,-0.06344,55.709,-0.127,-1,400.000,-1,400.000,-1,325.000,325.000,325.000,325.000,-1,-1,-1,-1,800.000,800.000,-1,-1,2,0,2,0,2,0,0,0,0,2,2,2,2,0,0,2,2
23,-964.694,410.279,26.455,129.635,-0.634509,-0.767243,-0.093472,0.771766,-0.635509,-0.022488,-0.042149,-0.086407,0.995368,0,0.93214,-0.07015,55.929,-0.140,-1,400.000,-1,400.000,-1,325.000,325.000,325.000,325.000,-1,-1,-1,-1,775.000,825.000,-1,-1,2,0,2,0,2,0,0,0,0,2,2,2,2,0,0,2,2
24,-1000.405,453.628,24.003,129.481,-0.632362,-0.768921,-0.094225,0.773493,-0.633423,-0.022022,-0.042752,-0.086808,0.995307,0,0.93606,-0.07700,56.164,-0.154,-1,400.000,-1,400.000,-1,325.000,325.000,325.000,325.000,-1,-1,-1,-1,775.000,825.000,-1,-1,2,0,2,0,2,0,0,0,0,2,2,2,2,0,0,2,2
25,-1036.147,497.275,21.447,129.313,-0.630052,-0.770721,-0.094990,0.775368,-0.631121,-0.022146,-0.042881,-0.087605,0.995232,0,0.94023,-0.08400,56.414,-0.168,-1,400.000,-1,400.000,-1,325.000,325.000,325.000,325.000,-1,-1,-1,-1,775.000,825.000,-1,-1,2,0,2,0,2,0,0,0,0,2,2,2,2,0,0,2,2
26,-1071.917,541.241,18.922,129.131,-0.627549,-0.772669,-0.095734,0.777393,-0.628620,-0.022320,-0.042934,-0.088430,0.995157,0,0.94464,-0.09115,56.679,-0.182,-1,400.000,-1,400.000,-1,325.000,325.000,325.000,325.000,-1,-1,-1,-1,775.000,825.000,-1,-1,2,0,2,0,2,0,0,0,0,2,2,2,2,0,0,2,2
27,-1107.711,585.546,16.381,128.934,-0.624840,-0.774778,-0.096410,0.779565,-0.625923,-0.022325,-0.043048,-0.089108,0.995091,0,0.94929,-0.09844,56.957,-0.197,-1,400.000,-1,400.000,-1,325.000,325.000,325.000,325.000,-1,-1,-1,-1,775.000,825.000,-1,-1,2,0,2,0,2,0,0,0,0,2,2,2,2,0,0,2,2
28,-1140.448,626.151,13.898,128.876,-0.623981,-0.775418,-0.096821,0.780208,-0.625150,-0.021510,-0.043849,-0.088963,0.995069,0,0.86929,-0.02888,52.157,-0.058,-1,400.000,-1,400.000,-1,325.000,325.000,325.000,300.000,-1,-1,-1,-1,775.000,825.000,-1,-1,2,0,2,0,2,0,0,0,0,2,2,2,2,0,0,2,2
29,-1170.134,663.049,11.666,128.818,-0.623132,-0.776056,-0.097179,0.780848,-0.624374,-0.020808,-0.044528,-0.088848,0.995049,0,0.78929,-0.02888,47.357,-0.058,-1,400.000,-1,400.000,-1,325.000,325.000,325.000,300.000,-1,-1,-1,-1,775.000,825.000,-1,-1,2,0,2,0,2,0,0,0,0,2,2,2,2,0,0,2,2
30,-1197.041,696.562,9.661,128.761,-0.622291,-0.776691,-0.097490,0.781486,-0.623596,-0.020202,-0.045104,-0.088759,0.995031,0,0.71630,-0.02888,42.978,-0.058,-1,400.000,-1,400.000,-1,325.000,325.000,325.000,300.000,-1,-1,-1,-1,775.000,825.000,-1,-1,2,0,2,0,2,0,0,0,0,2,2,2,2,0,0,2,2
31,-1223.914,730.102,7.674,128.703,-0.621452,-0.777325,-0.097789,0.782121,-0.622817,-0.019626,-0.045649,-0.088679,0.995014,0,0.71630,-0.02888,42.978,-0.058,-1,400.000,-1,400.000,-1,325.000,325.000,325.000,300.000,-1,-1,-1,-1,775.000,825.000,-1,-1,2,0,2,0,2,0,0,0,0,2,2,2,2,0,0,2,2
32,-1250.753,763.669,5.713,128.645,-0.620621,-0.777960,-0.098019,0.782753,-0.622039,-0.019103,-0.046111,-0.088581,0.995001,0,0.71630,-0.02888,42.978,-0.058,-1,400.000,-1,400.000,-1,325.000,325.000,325.000,300.000,-1,-1,-1,-1,750.000,825.000,-1,-1,2,0,2,0,2,0,0,0,0,2,2,2,2,0,0,2,2
33,-1277.559,797.263,3.770,128.587,-0.619793,-0.778593,-0.098238,0.783384,-0.621259,-0.018609,-0.046543,-0.088492,0.994989,0,0.71630,-0.02888,42.978,-0.058,-1,400.000,-1,400.000,-1,325.000,325.000,325.000,300.000,-1,-1,-1,-1,750.000,825.000,-1,-1,2,0,2,0,2,0,0,0,0,2,2,2,2,0,0,2,2
34,-1304.331,830.884,1.851,128.530,-0.618964,-0.779225,-0.098444,0.784014,-0.620479,-0.018113,-0.046969,-0.088393,0.994978,0,0.71630,-0.02888,42.978,-0.058,-1,400.000,-1,400.000,-1,325.000,325.000,325.000,300.000,-1,-1,-1,-1,750.000,825.000,-1,-1,2,0,2,0,2,0,0,0,0,2,2,2,2,0,0,2,2
35,-1331.068,864.532,-0.044,128.472,-0.618136,-0.779858,-0.098637,0.784642,-0.619699,-0.017614,-0.047389,-0.088283,0.994968,0,0.71630,-0.02888,42.978,-0.058,-1,400.000,-1,400.000,-1,325.000,325.000,325.000,300.000,-1,-1,-1,-1,750.000,825.000,-1,-1,2,0,2,0,2,0,0,0,0,2,2,2,2,0,0,2,2
36,-1357.956,898.436,-1.936,128.416,-0.617328,-0.780470,-0.098856,0.785250,-0.618942,-0.017109,-0.047833,-0.088189,0.994955,0,0.72119,-0.02800,43.271,-0.056,-1,400.000,-1,400.000,-1,325.000,325.000,325.000,300.000,-1,-1,-1,-1,750.000,825.000,-1,-1,2,0,2,0,2,0,0,0,0,2,2,2,2,0,0,2,2
37,-1385.016,932.623,-4.052,128.362,-0.616502,-0.781032,-0.099571,0.785852,-0.618191,-0.016595,-0.048593,-0.088479,0.994892,0,0.72668,-0.02696,43.601,-0.054,-1,400.000,-1,400.000,-1,325.000,325.000,325.000,325.000,-1,-1,-1,-1,750.000,825.000,-1,-1,2,0,2,0,2,0,0,0,0,2,2,2,2,0,0,2,2
38,-1412.250,967.096,-6.272,128.310,-0.615755,-0.781600,-0.099741,0.786411,-0.617494,-0.016077,-0.049024,-0.088337,0.994884,0,0.73221,-0.02586,43.933,-0.052,-1,400.000,-1,400.000,-1,325.000,325.000,300.000,325.000,-1,-1,-1,-1,750.000,825.000,-1,-1,2,0,2,0,2,0,0,0,0,2,2,2,2,0,0,2,2
39,-1439.662,1001.853,-8.478,128.261,-0.615038,-0.782142,-0.099908,0.786944,-0.616828,-0.015553,-0.049462,-0.088188,0.994875,0,0.73776,-0.02469,44.266,-0.049,-1,400.000,-1,400.000,-1,325.000,325.000,300.000,325.000,-1,-1,-1,-1,725.000,825.000,-1,-1,2,0,2,0,2,0,0,0,0,2,2,2,2,0,0,2,2
40,-1467.251,1036.896,-10.672,128.214,-0.614355,-0.782658,-0.100073,0.787450,-0.616196,-0.015023,-0.049907,-0.088032,0.994867,0,0.74333,-0.02346,44.600,-0.047,-1,375.000,-1,400.000,-1,325.000,325.000,300.000,325.000,-1,-1,-1,-1,725.000,825.000,-1,-1,2,0,2,0,2,0,0,0,0,2,2,2,2,0,0,2,2
41,-1495.021,1072.224,-12.851,128.169,-0.613707,-0.783145,-0.100236,0.787926,-0.615599,-0.014486,-0.050360,-0.087869,0.994858,0,0.74893,-0.02215,44.936,-0.044,-1,375.000,-1,400.000,-1,325.000,325.000,300.000,325.000,-1,-1,-1,-1,725.000,825.000,-1,-1,2,0,2,0,2,0,0,0,0,2,2,2,2,1,0,2,2
42,-1522.973,1107.838,-15.148,128.128,-0.613154,-0.783637,-0.099781,0.788352,-0.615067,-0.013950,-0.050440,-0.087216,0.994912,0,0.75455,-0.02077,45.273,-0.042,-1,375.000,-1,400.000,-1,325.000,325.000,300.000,325.000,-1,-1,-1,-1,725.000,825.000,-1,-1,2,0,2,0,2,0,0,0,0,2,2,2,2,1,0,2,2
43,-1551.109,1143.737,-17.499,128.089,-0.612670,-0.784113,-0.099007,0.788735,-0.614587,-0.013412,-0.050332,-0.086308,0.994996,0,0.76019,-0.01930,45.611,-0.039,-1,375.000,-1,400.000,-1,325.000,325.000,300.000,325.000,-1,-1,-1,-1,700.000,825.000,-1,-1,2,0,2,0,2,0,0,0,0,2,2,2,2,1,0,2,2
44,-1579.432,1179.921,-19.837,128.054,-0.612228,-0.784556,-0.098223,0.789084,-0.614150,-0.012870,-0.050226,-0.085386,0.995081,0,0.76585,-0.01775,45.951,-0.036,-1,375.000,-1,400.000,-1,325.000,325.000,300.000,325.000,-1,-1,-1,-1,700.000,825.000,-1,-1,2,0,2,0,2,0,0,0,0,2,2,2,2,1,0,2,2
45,-1607.945,1216.389,-22.161,128.022,-0.611832,-0.784964,-0.097429,0.789398,-0.613758,-0.012324,-0.050124,-0.084450,0.995166,0,0.77152,-0.01610,46.291,-0.032,-1,375.000,-1,400.000,-1,325.000,325.000,300.000,325.000,-1,-1,-1,-1,675.000,800.000,1000.000,-1,2,0,2,0,2,0,0,0,0,2,2,2,2,1,0,1,2
46,-1636.649,1253.140,-24.558,127.993,-0.611470,-0.785359,-0.096515,0.789666,-0.613433,-0.011308,-0.050325,-0.083129,0.995267,0,0.77720,-0.01436,46.632,-0.029,-1,375.000,-1,400.000,-1,325.000,325.000,300.000,325.000,-1,-1,-1,-1,675.000,800.000,950.000,-1,2,0,2,0,2,0,0,0,0,2,2,2,2,1,1,1,2
47,-1665.546,1290.173,-26.996,127.968,-0.611150,-0.785731,-0.095515,0.789887,-0.613172,-0.009962,-0.050739,-0.081535,0.995378,0,0.78289,-0.01250,46.973,-0.025,-1,375.000,-1,400.000,-1,325.000,325.000,300.000,300.000,-1,-1,-1,-1,650.000,775.000,900.000,-1,2,0,2,0,2,0,0,0,0,2,2,2,2,1,1,1,2
48,-1694.640,1327.486,-29.419,127.947,-0.610886,-0.786058,-0.094507,0.790065,-0.612963,-0.008626,-0.051149,-0.079936,0.995487,0,0.78858,-0.01052,47.315,-0.021,-1,375.000,-1,400.000,-1,325.000,325.000,300.000,300.000,-1,-1,-1,-1,625.000,750.000,850.000,1000.000,2,0,2,0,2,0,0,0,0,2,2,2,2,1,1,1,1
49,-1723.933,1365.076,-31.827,127.930,-0.610681,-0.786339,-0.093491,0.790197,-0.612810,-0.007298,-0.051554,-0.078333,0.995593,0,0.79427,-0.00842,47.656,-0.017,1000.000,375.000,-1,400.000,-1,325.000,325.000,300.000,300.000,-1,-1,-1,-1,625.000,725.000,800.000,950.000,1,0,2,0,2,0,0,0,0,2,2,2,2,1,1,1,1
50,-1753.428,1402.943,-34.223,127.918,-0.610540,-0.786569,-0.092473,0.790281,-0.612716,-0.005997,-0.051943,-0.076741,0.995697,0,0.79996,-0.00619,47.998,-0.012,900.000,375.000,-1,400.000,-1,325.000,325.000,325.000,300.000,-1,-1,-1,-1,600.000,700.000,750.000,900.000,1,1,2,0,2,0,0,0,0,2,2,2,2,1,1,1,1
51,-1783.127,1441.081,-36.790,127.910,-0.610490,-0.786701,-0.091671,0.790333,-0.612651,-0.005639,-0.051726,-0.075894,0.995773,0,0.80563,-0.00380,48.338,-0.008,850.000,375.000,-1,400.000,-1,325.000,325.000,325.000,300.000,-1,-1,-1,-1,575.000,675.000,700.000,825.000,1,1,2,0,2,0,0,0,0,2,2,2,2,1,1,1,1
52,-1815.803,1482.985,-39.573,127.948,-0.611064,-0.786357,-0.090793,0.789901,-0.613212,-0.005257,-0.051542,-0.074930,0.995856,0,0.88563,0.01877,53.138,0.038,775.000,375.000,-1,400.000,925.000,325.000,325.000,325.000,300.000,-1,-1,-1,-1,550.000,650.000,650.000,775.000,1,1,2,0,1,0,0,0,0,2,2,2,2,1,1,1,1
53,-1851.465,1528.647,-42.564,127.991,-0.611724,-0.785954,-0.089837,0.789404,-0.613855,-0.004853,-0.051333,-0.073887,0.995945,0,0.96563,0.02168,57.938,0.043,700.000,350.000,950.000,400.000,850.000,325.000,325.000,325.000,300.000,-1,-1,-1,-1,525.000,625.000,600.000,725.000,1,1,1,0,1,0,0,0,0,2,2,2,2,1,1,1,1
54,-1888.438,1575.901,-45.673,128.041,-0.612452,-0.785464,-0.089160,0.788842,-0.614581,-0.004446,-0.051304,-0.073056,0.996007,0,1.00000,0.02510,60.000,0.050,625.000,350.000,900.000,400.000,750.000,300.000,325.000,300.000,325.000,-1,-1,-1,-1,500.000,575.000,550.000,650.000,1,1,1,0,1,1,0,0,0,2,2,2,2,1,1,1,1
55,-1925.457,1623.119,-48.428,128.099,-0.613420,-0.784961,-0.086903,0.788154,-0.615465,-0.004069,-0.050291,-0.070989,0.996208,0,1.00000,0.02891,60.000,0.058,550.000,325.000,850.000,400.000,675.000,300.000,325.000,300.000,325.000,-1,-1,-1,-1,475.000,550.000,500.000,600.000,1,1,1,0,1,1,0,0,0,2,2,2,2,1,1,1,1
56,-1962.530,1670.296,-50.835,128.165,-0.614627,-0.784429,-0.083088,0.787337,-0.616512,-0.003718,-0.048309,-0.067704,0.996535,0,1.00000,0.03306,60.000,0.066,500.000,325.000,800.000,400.000,600.000,300.000,325.000,325.000,300.000,-1,-1,-1,-1,450.000,525.000,450.000,550.000,1,1,1,1,1,1,0,0,0,2,2,2,2,1,1,1,1
57,-1999.664,1717.423,-52.895,128.240,-0.616065,-0.783852,-0.077715,0.786389,-0.617723,-0.003384,-0.045353,-0.063199,0.996970,0,1.00000,0.03757,60.000,0.075,450.000,300.000,750.000,375.000,525.000,275.000,325.000,325.000,300.000,-1,-1,-1,-1,425.000,475.000,425.000,500.000,1,1,1,1,1,1,1,0,0,2,2,2,2,1,1,1,1
58,-2036.866,1764.497,-54.728,128.325,-0.617759,-0.783226,-0.070220,0.785294,-0.619115,-0.003064,-0.041075,-0.057036,0.997527,0,1.00000,0.04250,60.000,0.085,425.000,300.000,725.000,350.000,475.000,275.000,300.000,325.000,300.000,-1,-1,675.000,-1,400.000,450.000,375.000,450.000,1,1,1,1,1,1,1,0,0,2,2,0,2,1,1,1,1
59,-2074.147,1811.508,-56.300,128.421,-0.619665,-0.782511,-0.060760,0.784060,-0.620679,-0.002741,-0.035567,-0.049338,0.998149,0,1.00000,0.04792,60.000,0.096,400.000,275.000,700.000,325.000,400.000,250.000,300.000,350.000,300.000,-1,675.000,475.000,-1,400.000,400.000,350.000,400.000,1,1,1,1,1,1,1,0,0,2,0,0,2,1,1,1,1
60,-2111.516,1858.450,-57.523,128.529,-0.621724,-0.781655,-0.049739,0.782696,-0.622399,-0.002402,-0.029080,-0.040423,0.998759,0,1.00000,0.05388,60.000,0.108,375.000,275.000,700.000,300.000,350.000,250.000,275.000,375.000,300.000,-1,550.000,325.000,-1,375.000,375.000,325.000,350.000,1,1,1,1,1,1,1,0,0,2,0,0,2,1,1,1,1
61,-2148.986,1905.310,-57.251,128.650,-0.623965,-0.780511,-0.038348,0.781241,-0.624186,-0.007372,-0.018182,-0.034559,0.999237,0,1.00000,0.06049,60.000,0.121,350.000,275.000,-1,275.000,300.000,250.000,250.000,375.000,300.000,-1,375.000,200.000,-1,350.000,350.000,325.000,300.000,1,1,2,1,1,1,1,0,0,2,0,0,2,1,1,1,1
62,-2186.570,1952.080,-54.177,128.786,-0.626436,-0.778973,-0.027910,0.779473,-0.625986,-0.023740,0.001022,-0.036626,0.999329,0,1.00000,0.06785,60.000,0.136,350.000,275.000,-1,275.000,300.000,250.000,250.000,400.000,325.000,-1,225.000,125.000,-1,375.000,375.000,325.000,300.000,1,1,2,1,1,1,1,0,1,2,0,0,2,1,1,1,1
63,-2224.278,1998.751,-50.273,128.938,-0.629005,-0.777229,-0.016332,0.777072,-0.627989,-0.042292,0.022614,-0.039293,0.998972,0,1.00000,0.07608,60.000,0.152,350.000,275.000,-1,275.000,300.000,250.000,250.000,425.000,325.000,-1,150.000,100.000,900.000,400.000,375.000,325.000,300.000,1,1,2,1,1,1,1,0,1,2,0,0,0,1,1,1,1
64,-8855.083,-8855.085,-183.990,-69.658,0.347360,0.937567,-0.017606,-0.937546,0.347604,0.013384,0.018668,0.011857,0.999755,1,0.00000,0.00000,60.000,0.171,-1,400.000,-1,400.000,-1,325.000,325.000,300.000,300.000,-1,-1,-1,-1,800.000,875.000,-1,-1,2,0,2,0,2,0,0,0,0,2,2,2,2,0,0,2,2
65,-8856.733,-8850.577,-184.078,-69.898,0.343430,0.939014,-0.017559,-0.938993,0.343673,0.013442,0.018657,0.011872,0.999755,0,-0.08000,-0.12000,-4.800,-0.240,-1,400.000,-1,400.000,-1,325.000,325.000,300.000,300.000,-1,-1,-1,-1,800.000,875.000,-1,-1,2,0,2,0,2,0,0,0,0,2,2,2,2,0,0,2,2
66,-8859.957,-8841.535,-184.253,-70.378,0.335551,0.941860,-0.017464,-0.941838,0.335794,0.013559,0.018635,0.011899,0.999756,0,-0.16000,-0.24000,-9.600,-0.480,-1,400.000,-1,400.000,-1,325.000,325.000,300.000,300.000,-1,-1,-1,-1,800.000,875.000,-1,-1,2,0,2,0,2,0,0,0,0,2,2,2,2,0,0,2,2
67,-8864.622,-8827.911,-184.511,-71.098,0.323689,0.946005,-0.017315,-0.945981,0.323932,0.013738,0.018605,0.011933,0.999756,0,-0.24000,-0.36000,-14.400,-0.720,-1,400.000,-1,400.000,-1,325.000,325.000,300.000,300.000,-1,-1,-1,-1,800.000,875.000,-1,-1,2,0,2,0,2,0,0,0,0,2,2,2,2,0,0,2,2
68,-8869.283,-8813.517,-184.781,-72.058,0.307794,0.951299,-0.017142,-0.951273,0.308037,0.013926,0.018528,0.012020,0.999756,0,-0.25217,-0.48000,-15.130,-0.960,-1,400.000,-1,400.000,-1,325.000,325.000,300.000,300.000,-1,-1,-1,-1,800.000,875.000,-1,-1,2,0,2,0,2,0,0,0,0,2,2,2,2,0,0,2,2
69,-8873.641,-8799.028,-185.051,-73.258,0.287805,0.957539,-0.016947,-0.957512,0.288046,0.014115,0.018397,0.012164,0.999757,0,-0.25217,-0.60000,-15.130,-1.200,-1,400.000,-1,400.000,-1,325.000,325.000,300.000,300.000,-1,-1,-1,-1,800.000,875.000,-1,-1,2,0,2,0,2,0,0,0,0,2,2,2,2,0,0,2,2
70,-8877.634,-8784.434,-185.319,-74.698,0.263651,0.964473,-0.016730,-0.964446,0.263892,0.014306,0.018213,0.012363,0.999758,0,-0.25217,-0.72000,-15.130,-1.440,-1,400.000,-1,400.000,-1,325.000,325.000,300.000,300.000,-1,-1,-1,-1,800.000,875.000,-1,-1,2,0,2,0,2,0,0,0,0,2,2,2,2,0,0,2,2
71,-8881.198,-8769.730,-185.585,-76.378,0.235262,0.971792,-0.016491,-0.971766,0.235502,0.014499,0.017974,0.012614,0.999759,0,-0.25217,-0.84000,-15.130,-1.680,-1,400.000,-1,400.000,-1,325.000,325.000,300.000,300.000,-1,-1,-1,-1,800.000,875.000,-1,-1,2,0,2,0,2,0,0,0,0,2,2,2,2,0,0,2,2
72,-8884.267,-8754.914,-185.847,-78.298,0.202571,0.979133,-0.016229,-0.979108,0.202810,0.014695,0.017680,0.012914,0.999760,0,-0.25217,-0.96000,-15.130,-1.920,-1,400.000,-1,400.000,-1,325.000,325.000,300.000,300.000,-1,-1,-1,-1,800.000,875.000,-1,-1,2,0,2,0,2,0,0,0,0,2,2,2,2,0,0,2,2
73,-8886.816,-8740.000,-186.103,-80.298,0.168277,0.985611,-0.015954,-0.985587,0.168514,0.014897,0.017371,0.013218,0.999762,0,-0.25217,-1.00000,-15.130,-2.000,-1,400.000,-1,400.000,-1,325.000,325.000,300.000,300.000,-1,-1,-1,-1,825.000,875.000,-1,-1,2,0,2,0,2,0,0,0,0,2,2,2,2,0,0,2,2
74,-8888.844,-8725.006,-186.350,-82.298,0.133778,0.990887,-0.015670,-0.990864,0.134014,0.015107,0.017070,0.013506,0.999763,0,-0.25217,-1.00000,-15.130,-2.000,-1,400.000,-1,400.000,-1,325.000,325.000,300.000,300.000,-1,-1,-1,-1,825.000,875.000,-1,-1,2,0,2,0,2,0,0,0,0,2,2,2,2,0,0,2,2
75,-8890.347,-8709.951,-186.590,-84.298,0.099116,0.994957,-0.015377,-0.994934,0.099350,0.015326,0.016777,0.013780,0.999764,0,-0.25217,-1.00000,-15.130,-2.000,-1,400.000,-1,400.000,-1,325.000,325.000,300.000,300.000,-1,-1,-1,-1,825.000,875.000,-1,-1,2,0,2,0,2,0,0,0,0,2,2,2,2,0,0,2,2
76,-8891.324,-8694.853,-186.821,-86.298,0.064332,0.997815,-0.015076,-0.997792,0.064566,0.015554,0.016493,0.014042,0.999765,0,-0.25217,-1.00000,-15.130,-2.000,-1,400.000,-1,400.000,-1,325.000,325.000,300.000,300.000,-1,-1,-1,-1,825.000,875.000,-1,-1,2,0,2,0,2,0,0,0,0,2,2,2,2,0,0,2,2
77,-8891.774,-8679.729,-187.045,-88.298,0.029471,0.999457,-0.014766,-0.999434,0.029703,0.015790,0.016220,0.014292,0.999766,0,-0.25217,-1.00000,-15.130,-2.000,-1,400.000,-1,400.000,-1,325.000,325.000,300.000,300.000,-1,-1,-1,-1,825.000,875.000,-1,-1,2,0,2,0,2,0,0,0,0,2,2,2,2,0,0,2,2
78,-8891.695,-8664.599,-187.261,-90.298,-0.005427,0.999881,-0.014448,-0.999858,-0.005195,0.016035,0.015958,0.014533,0.999767,0,-0.25217,-1.00000,-15.130,-2.000,-1,400.000,-1,400.000,-1,325.000,325.000,300.000,300.000,-1,-1,-1,-1,825.000,875.000,-1,-1,2,0,2,0,2,0,0,0,0,2,2,2,2,0,0,2,2
79,-8891.089,-8649.481,-187.469,-92.298,-0.040319,0.999087,-0.014122,-0.999063,-0.040087,0.016289,0.015708,0.014766,0.999768,0,-0.25217,-1.00000,-15.130,-2.000,-1,400.000,-1,400.000,-1,325.000,325.000,300.000,300.000,-1,-1,-1,-1,825.000,875.000,-1,-1,2,0,2,0,2,0,0,0,0,2,2,2,2,0,0,2,2
80,-8889.955,-8634.394,-187.669,-94.298,-0.075161,0.997076,-0.013788,-0.997051,-0.074930,0.016553,0.015471,0.014991,0.999768,0,-0.25217,-1.00000,-15.130,-2.000,-1,400.000,-1,400.000,-1,325.000,325.000,300.000,300.000,-1,-1,-1,-1,825.000,850.000,-1,-1,2,0,2,0,2,0,0,0,0,2,2,2,2,0,0,2,2
81,-8888.295,-8619.355,-187.862,-96.298,-0.109912,0.993850,-0.013446,-0.993824,-0.109682,0.016826,0.015247,0.015212,0.999768,0,-0.25217,-1.00000,-15.130,-2.000,-1,400.000,-1,400.000,-1,325.000,325.000,300.000,300.000,-1,-1,-1,-1,825.000,850.000,-1,-1,2,0,2,0,2,0,0,0,0,2,2,2,2,0,0,2,2
82,-8886.111,-8604.383,-188.048,-98.298,-0.144530,0.989414,-0.013095,-0.989386,-0.144299,0.017108,0.015037,0.015429,0.999768,0,-0.25217,-1.00000,-15.130,-2.000,-1,400.000,-1,400.000,-1,325.000,325.000,300.000,300.000,-1,-1,-1,-1,825.000,850.000,-1,-1,2,0,2,0,2,0,0,0,0,2,2,2,2,0,0,2,2
83,-8883.407,-8589.496,-188.226,-100.298,-0.178971,0.983772,-0.012736,-0.983742,-0.178741,0.017399,0.014840,0.015642,0.999768,0,-0.25217,-1.00000,-15.130,-2.000,-1,400.000,-1,400.000,-1,325.000,325.000,300.000,300.000,-1,-1,-1,-1,850.000,850.000,-1,-1,2,0,2,0,2,0,0,0,0,2,2,2,2,0,0,2,2
84,-8880.184,-8574.714,-188.431,-102.298,-0.213196,0.976929,-0.012515,-0.976901,-0.212964,0.017625,0.014553,0.015984,0.999766,0,-0.25217,-1.00000,-15.130,-2.000,-1,400.000,-1,400.000,-1,325.000,325.000,300.000,300.000,-1,-1,-1,-1,850.000,850.000,-1,-1,2,0,2,0,2,0,0,0,0,2,2,2,2,0,0,2,2
85,-8876.447,-8560.052,-188.656,-104.298,-0.247162,0.968895,-0.012404,-0.968870,-0.246927,0.017839,0.014221,0.016427,0.999764,0,-0.25217,-1.00000,-15.130,-2.000,-1,400.000,-1,400.000,-1,325.000,325.000,300.000,300.000,-1,-1,-1,-1,850.000,850.000,-1,-1,2,0,2,0,2,0,0,0,0,2,2,2,2,0,0,2,2
86,-8872.201,-8545.530,-188.878,-106.298,-0.280827,0.959680,-0.012300,-0.959658,-0.280588,0.018096,0.013915,0.016885,0.999761,0,-0.25217,-1.00000,-15.130,-2.000,-1,400.000,-1,400.000,-1,325.000,325.000,300.000,300.000,-1,-1,-1,-1,850.000,850.000,-1,-1,2,0,2,0,2,0,0,0,0,2,2,2,2,0,0,2,2
87,-8867.451,-8531.165,-189.092,-108.298,-0.314150,0.949295,-0.012188,-0.949276,-0.313907,0.018381,0.013623,0.017344,0.999757,0,-0.25217,-1.00000,-15.130,-2.000,-1,400.000,-1,400.000,-1,325.000,325.000,300.000,300.000,-1,-1,-1,-1,850.000,850.000,-1,-1,2,0,2,0,2,0,0,0,0,2,2,2,2,0,0,2,2
88,-8862.202,-8516.974,-189.298,-110.298,-0.347090,0.937754,-0.012068,-0.937737,-0.346843,0.018692,0.013343,0.017805,0.999752,0,-0.25217,-1.00000,-15.130,-2.000,-1,400.000,-1,400.000,-1,325.000,325.000,300.000,300.000,-1,-1,-1,-1,850.000,850.000,-1,-1,2,0,2,0,2,0,0,0,0,2,2,2,2,0,0,2,2
89,-8856.462,-8502.975,-189.497,-112.298,-0.379608,0.925071,-0.011940,-0.925055,-0.379356,0.019029,0.013073,0.018269,0.999748,0,-0.25217,-1.00000,-15.130,-2.000,-1,400.000,-1,400.000,-1,325.000,325.000,300.000,300.000,-1,-1,-1,-1,850.000,850.000,-1,-1,2,0,2,0,2,0,0,0,0,2,2,2,2,0,0,2,2
90,-8852.211,-8493.560,-189.640,-114.298,-0.411661,0.911260,-0.011850,-0.911249,-0.411406,0.019267,0.012682,0.018730,0.999744,0,-0.17217,-1.00000,-10.330,-2.000,-1,400.000,-1,400.000,-1,325.000,325.000,300.000,300.000,-1,-1,-1,-1,850.000,850.000,-1,-1,2,0,2,0,2,0,0,0,0,2,2,2,2,0,0,2,2
91,-8849.761,-8488.603,-189.728,-116.298,-0.443211,0.896339,-0.011803,-0.896335,-0.442954,0.019397,0.012158,0.019176,0.999742,0,-0.09217,-1.00000,-5.530,-2.000,-1,400.000,-1,400.000,-1,325.000,325.000,300.000,300.000,-1,-1,-1,-1,850.000,825.000,-1,-1,2,0,2,0,2,0,0,0,0,2,2,2,2,0,0,2,2
92,-8849.415,-8487.960,-189.766,-118.298,-0.474220,0.880327,-0.011803,-0.880331,-0.473962,0.019411,0.011494,0.019596,0.999742,0,-0.01217,-1.00000,-0.730,-2.000,-1,400.000,-1,400.000,-1,325.000,325.000,300.000,300.000,-1,-1,-1,-1,850.000,825.000,-1,-1,2,0,2,0,2,0,0,0,0,2,2,2,2,0,0,2,2
93,-8851.468,-8491.474,-189.758,-120.298,-0.504648,0.863244,-0.011856,-0.863259,-0.504392,0.019303,0.010683,0.019976,0.999743,0,0.06783,-1.00000,4.070,-2.000,-1,400.000,-1,400.000,-1,325.000,325.000,300.000,300.000,-1,-1,-1,-1,850.000,825.000,-1,-1,2,0,2,0,2,0,0,0,0,2,2,2,2,0,0,2,2
94,-8856.207,-8498.971,-189.710,-122.298,-0.534460,0.845109,-0.011968,-0.845138,-0.534208,0.019070,0.009723,0.020307,0.999747,0,0.14783,-1.00000,8.870,-2.000,-1,400.000,-1,400.000,-1,325.000,325.000,300.000,300.000,-1,-1,-1,-1,850.000,825.000,-1,-1,2,0,2,0,2,0,0,0,0,2,2,2,2,0,0,2,2
95,-8863.910,-8510.264,-189.631,-124.298,-0.563618,0.825946,-0.012145,-0.825990,-0.563374,0.018710,0.008611,0.020577,0.999751,0,0.22783,-1.00000,13.670,-2.000,-1,400.000,-1,400.000,-1,325.000,325.000,300.000,300.000,-1,-1,-1,-1,850.000,825.000,-1,-1,2,0,2,0,2,0,0,0,0,2,2,2,2,0,0,2,2
96,-8874.844,-8525.150,-189.529,-126.298,-0.592088,0.805778,-0.012391,-0.805840,-0.591853,0.018225,0.007351,0.020776,0.999757,0,0.30783,-1.00000,18.470,-2.000,-1,400.000,-1,400.000,-1,325.000,325.000,300.000,300.000,-1,-1,-1,-1,850.000,800.000,-1,-1,2,0,2,0,2,0,0,0,0,2,2,2,2,0,0,2,2
97,-8889.265,-8543.412,-189.416,-128.298,-0.619834,0.784630,-0.012710,-0.784710,-0.619612,0.017609,0.005941,0.020888,0.999764,0,0.38783,-1.00000,23.270,-2.000,-1,400.000,-1,400.000,-1,325.000,325.000,300.000,300.000,-1,-1,-1,-1,850.000,800.000,-1,-1,2,0,2,0,2,0,0,0,0,2,2,2,2,0,0,2,2
98,-8907.420,-8564.821,-189.306,-130.298,-0.646823,0.762528,-0.013106,-0.762628,-0.646618,0.016870,0.004389,0.020907,0.999772,0,0.46783,-1.00000,28.070,-2.000,-1,400.000,-1,400.000,-1,325.000,325.000,300.000,300.000,-1,-1,-1,-1,850.000,800.000,-1,-1,2,0,2,0,2,0,0,0,0,2,2,2,2,0,0,2,2
99,-8929.541,-8589.133,-189.211,-132.298,-0.673022,0.739498,-0.013583,-0.739617,-0.672837,0.016018,0.002706,0.020827,0.999779,0,0.54783,-1.00000,32.870,-2.000,-1,400.000,-1,400.000,-1,325.000,325.000,300.000,300.000,-1,-1,-1,-1,850.000,775.000,-1,-1,2,0,2,0,2,0,0,0,0,2,2,2,2,0,0,2,2
100,-8955.849,-8616.094,-189.155,-134.298,-0.698400,0.715568,-0.014147,-0.715707,-0.698237,0.015096,0.000924,0.020668,0.999786,0,0.62783,-1.00000,37.670,-2.000,-1,400.000,-1,400.000,-1,325.000,325.000,300.000,300.000,-1,-1,-1,-1,850.000,775.000,-1,-1,2,0,2,0,2,0,0,0,0,2,2,2,2,0,0,2,2
101,-8986.552,-8645.437,-189.154,-136.298,-0.722926,0.690767,-0.014792,-0.690925,-0.722789,0.014109,-0.000945,0.020420,0.999791,0,0.70783,-1.00000,42.470,-2.000,-1,400.000,-1,400.000,-1,325.000,325.000,300.000,300.000,-1,-1,-1,-1,850.000,775.000,-1,-1,2,0,2,0,2,0,0,0,0,2,2,2,2,0,0,2,2
102,-9021.844,-8676.884,-189.220,-138.298,-0.746570,0.665126,-0.015513,-0.665301,-0.746461,0.013048,-0.002902,0.020062,0.999795,0,0.78783,-1.00000,47.270,-2.000,-1,400.000,-1,400.000,-1,325.000,325.000,300.000,300.000,-1,-1,-1,-1,825.000,750.000,-1,-1,2,0,2,0,2,0,0,0,0,2,2,2,2,0,0,2,2
103,-9058.379,-8707.218,-189.356,-140.298,-0.769305,0.638676,-0.016243,-0.638864,-0.769226,0.012028,-0.004812,0.019631,0.999796,0,0.79144,-1.00000,47.486,-2.000,-1,400.000,-1,400.000,-1,325.000,325.000,300.000,300.000,-1,-1,-1,-1,825.000,750.000,-1,-1,2,0,2,0,2,0,0,0,0,2,2,2,2,0,0,2,2
104,-9095.951,-8736.258,-189.560,-142.298,-0.791103,0.611447,-0.016970,-0.611646,-0.791054,0.011058,-0.006663,0.019127,0.999795,0,0.79144,-1.00000,47.486,-2.000,-1,400.000,-1,400.000,-1,325.000,325.000,300.000,300.000,-1,-1,-1,-1,800.000,725.000,-1,-1,2,0,2,0,2,0,0,0,0,2,2,2,2,0,0,2,2
105,-9134.512,-8763.970,-189.715,-144.298,-0.811948,0.583478,-0.017152,-0.583674,-0.811927,0.009986,-0.008099,0.018119,0.999803,0,0.79144,-1.00000,47.486,-2.000,-1,400.000,-1,375.000,-1,325.000,325.000,300.000,300.000,-1,-1,-1,-1,800.000,725.000,-1,-1,2,0,2,0,2,0,0,0,0,2,2,2,2,0,0,2,2
106,-9177.889,-8793.164,-189.925,-146.058,-0.829476,0.558279,-0.017149,-0.558464,-0.829483,0.008746,-0.009342,0.016832,0.999815,0,0.87144,-0.88000,52.286,-1.760,-1,400.000,-1,375.000,-1,325.000,325.000,300.000,300.000,-1,-1,-1,-1,800.000,725.000,-1,-1,2,0,2,0,2,0,0,0,0,2,2,2,2,0,0,2,2
107,-9225.409,-8823.346,-190.311,-147.578,-0.843993,0.536094,-0.016696,-0.536257,-0.844023,0.007263,-0.010198,0.015083,0.999834,0,0.93824,-0.76000,56.294,-1.520,-1,400.000,-1,375.000,-1,325.000,325.000,300.000,300.000,-1,-1,-1,-1,775.000,725.000,-1,-1,2,0,2,0,2,0,0,0,0,2,2,2,2,0,0,2,2
108,-9273.590,-8852.460,-190.805,-148.858,-0.855763,0.517121,-0.016024,-0.517257,-0.855811,0.005696,-0.010768,0.013163,0.999855,0,0.93824,-0.64000,56.294,-1.280,-1,400.000,-1,375.000,-1,325.000,325.000,300.000,300.000,-1,-1,-1,-1,775.000,725.000,-1,-1,2,0,2,0,2,0,0,0,0,2,2,2,2,0,0,2,2
109,-9322.292,-8880.694,-191.350,-149.898,-0.865013,0.501513,-0.015390,-0.501624,-0.865076,0.004146,-0.011234,0.011306,0.999873,0,0.93824,-0.52000,56.294,-1.040,-1,400.000,-1,375.000,-1,325.000,325.000,300.000,300.000,-1,-1,-1,-1,775.000,725.000,-1,-1,2,0,2,0,2,0,0,0,0,2,2,2,2,0,0,2,2
110,-9371.384,-8908.245,-191.896,-150.698,-0.871938,0.489394,-0.014744,-0.489482,-0.872008,0.002866,-0.011454,0.009717,0.999887,0,0.93824,-0.40000,56.294,-0.800,-1,400.000,-1,375.000,-1,325.000,325.000,300.000,300.000,-1,-1,-1,-1,775.000,725.000,-1,-1,2,0,2,0,2,0,0,0,0,2,2,2,2,0,0,2,2
111,-9420.742,-8935.315,-192.332,-151.258,-0.876690,0.480852,-0.014012,-0.480928,-0.876756,0.002511,-0.011077,0.008940,0.999899,0,0.93824,-0.28000,56.294,-0.560,-1,400.000,-1,375.000,-1,325.000,325.000,300.000,300.000,-1,-1,-1,-1,775.000,725.000,-1,-1,2,0,2,0,2,0,0,0,0,2,2,2,2,0,0,2,2
112,-9470.251,-8962.109,-192.811,-151.578,-0.879372,0.475950,-0.013265,-0.476017,-0.879434,0.002183,-0.010627,0.008234,0.999910,0,0.93824,-0.16000,56.294,-0.320,-1,400.000,-1,375.000,-1,325.000,325.000,300.000,300.000,-1,-1,-1,-1,775.000,725.000,-1,-1,2,0,2,0,2,0,0,0,0,2,2,2,2,0,0,2,2
113,-9519.797,-8988.834,-193.329,-151.658,-0.880046,0.474724,-0.012506,-0.474782,-0.880102,0.001892,-0.010108,0.007603,0.999920,0,0.93824,-0.04000,56.294,-0.080,-1,400.000,-1,375.000,-1,325.000,325.000,300.000,300.000,-1,-1,-1,-1,775.000,725.000,-1,-1,2,0,2,0,2,0,0,0,0,2,2,2,2,0,0,2,2
114,-9569.269,-9015.698,-193.886,-151.498,-0.878726,0.477182,-0.011741,-0.477231,-0.878776,0.001649,-0.009531,0.007052,0.999930,0,0.93824,0.08000,56.294,0.160,-1,400.000,-1,375.000,-1,325.000,325.000,300.000,300.000,-1,-1,-1,-1,775.000,750.000,-1,-1,2,0,2,0,2,0,0,0,0,2,2,2,2,0,0,2,2
115,-9618.551,-9042.906,-194.478,-151.098,-0.875382,0.483307,-0.010977,-0.483350,-0.875426,0.001466,-0.008900,0.006589,0.999939,0,0.93824,0.20000,56.294,0.400,-1,400.000,-1,400.000,-1,325.000,325.000,300.000,300.000,-1,-1,-1,-1,775.000,750.000,-1,-1,2,0,2,0,2,0,0,0,0,2,2,2,2,0,0,2,2
116,-9667.527,-9070.662,-195.106,-150.458,-0.869937,0.493056,-0.010222,-0.493094,-0.869975,0.001356,-0.008224,0.006220,0.999947,0,0.93824,0.32000,56.294,0.640,-1,400.000,-1,400.000,-1,325.000,325.000,300.000,300.000,-1,-1,-1,-1,775.000,750.000,-1,-1,2,0,2,0,2,0,0,0,0,2,2,2,2,0,0,2,2
117,-9716.070,-9099.168,-195.566,-149.578,-0.862267,0.506363,-0.009622,-0.506389,-0.862305,0.000384,-0.008102,0.005204,0.999954,0,0.93824,0.44000,56.294,0.880,-1,400.000,-1,400.000,-1,325.000,325.000,300.000,300.000,-1,-1,-1,-1,750.000,750.000,-1,-1,2,0,2,0,2,0,0,0,0,2,2,2,2,0,0,2,2
118,-9764.048,-9128.617,-196.056,-148.458,-0.852209,0.523123,-0.009032,-0.523140,-0.852247,-0.000614,-0.008019,0.004202,0.999959,0,0.93824,0.56000,56.294,1.120,-1,400.000,-1,400.000,-1,325.000,325.000,300.000,300.000,-1,-1,-1,-1,750.000,750.000,-1,-1,2,0,2,0,2,0,0,0,0,2,2,2,2,0,0,2,2
119,-9811.312,-9159.197,-196.570,-147.098,-0.839557,0.543205,-0.008446,-0.543213,-0.839593,-0.001541,-0.007928,0.003294,0.999963,0,0.93824,0.68000,56.294,1.360,-1,400.000,-1,400.000,-1,325.000,325.000,300.000,300.000,-1,-1,-1,-1,750.000,750.000,-1,-1,2,0,2,0,2,0,0,0,0,2,2,2,2,0,0,2,2
120,-9857.762,-9191.000,-197.090,-145.601,-0.825092,0.564944,-0.007823,-0.564945,-0.825125,-0.002334,-0.007774,0.002494,0.999967,0,0.93824,0.74813,56.294,1.496,-1,400.000,-1,400.000,-1,325.000,325.000,300.000,300.000,-1,-1,-1,-1,750.000,775.000,-1,-1,2,0,2,0,2,0,0,0,0,2,2,2,2,0,0,2,2
121,-9903.366,-9224.005,-197.617,-144.105,-0.810064,0.586298,-0.007166,-0.586293,-0.810093,-0.002980,-0.007553,0.001787,0.999970,0,0.93824,0.74813,56.294,1.496,-1,400.000,-1,400.000,-1,325.000,325.000,300.000,300.000,-1,-1,-1,-1,750.000,775.000,-1,-1,2,0,2,0,2,0,0,0,0,2,2,2,2,0,0,2,2
122,-9948.092,-9258.190,-198.083,-142.609,-0.794480,0.607251,-0.006864,-0.607244,-0.794508,-0.003348,-0.007486,0.001508,0.999971,0,0.93824,0.74813,56.294,1.496,-1,400.000,-1,400.000,-1,325.000,325.000,300.000,300.000,-1,-1,-1,-1,750.000,775.000,-1,-1,2,0,2,0,2,0,0,0,0,2,2,2,2,0,0,2,2
123,-9991.911,-9293.531,-198.461,-141.113,-0.778351,0.627790,-0.007055,-0.627783,-0.778381,-0.003452,-0.007659,0.001742,0.999969,0,0.93824,0.74813,56.294,1.496,-1,400.000,-1,400.000,-1,325.000,325.000,300.000,300.000,-1,-1,-1,-1,725.000,775.000,-1,-1,2,0,2,0,2,0,0,0,0,2,2,2,2,0,0,2,2
124,-10034.792,-9330.004,-198.842,-139.616,-0.761691,0.647900,-0.007247,-0.647894,-0.761723,-0.003480,-0.007775,0.002044,0.999968,0,0.93824,0.74813,56.294,1.496,-1,375.000,-1,400.000,-1,325.000,325.000,300.000,300.000,-1,-1,-1,-1,725.000,775.000,-1,-1,2,0,2,0,2,0,0,0,0,2,2,2,2,0,0,2,2
125,-10076.705,-9367.585,-199.225,-138.120,-0.744511,0.667568,-0.007444,-0.667564,-0.744545,-0.003432,-0.007833,0.002414,0.999966,0,0.93824,0.74813,56.294,1.496,-1,375.000,-1,400.000,-1,325.000,325.000,300.000,300.000,-1,-1,-1,-1,725.000,775.000,-1,-1,2,0,2,0,2,0,0,0,0,2,2,2,2,0,0,2,2
126,-10117.623,-9406.247,-199.612,-136.624,-0.726824,0.686781,-0.007651,-0.686779,-0.726859,-0.003307,-0.007832,0.002851,0.999965,0,0.93824,0.74813,56.294,1.496,-1,375.000,-1,400.000,-1,325.000,325.000,300.000,300.000,-1,-1,-1,-1,725.000,775.000,-1,-1,2,0,2,0,2,0,0,0,0,2,2,2,2,0,0,2,2
127,-10157.518,-9445.964,-200.000,-135.128,-0.708641,0.705525,-0.007875,-0.705527,-0.708677,-0.003091,-0.007762,0.003366,0.999964,0,0.93824,0.74813,56.294,1.496,-1,375.000,-1,375.000,-1,325.000,325.000,300.000,300.000,-1,-1,-1,-1,700.000,775.000,-1,-1,2,0,2,0,2,0,0,0,0,2,2,2,2,0,0,2,2
128,-10196.362,-9486.710,-200.271,-133.631,-0.689980,0.723789,-0.007545,-0.723792,-0.690012,-0.002862,-0.007278,0.003486,0.999967,0,0.93824,0.74813,56.294,1.496,-1,375.000,-1,375.000,-1,325.000,325.000,300.000,300.000,-1,-1,-1,-1,700.000,775.000,-1,-1,2,0,2,0,2,0,0,0,0,2,2,2,2,0,0,2,2
129,-10234.129,-9528.455,-200.506,-132.135,-0.670850,0.741560,-0.007027,-0.741564,-0.670878,-0.002546,-0.006602,0.003503,0.999972,0,0.93824,0.74813,56.294,1.496,-1,375.000,-1,375.000,-1,325.000,325.000,300.000,300.000,-1,-1,-1,-1,700.000,775.000,-1,-1,2,0,2,0,2,0,0,0,0,2,2,2,2,0,0,2,2
130,-10270.793,-9571.173,-200.725,-130.639,-0.651263,0.758825,-0.006446,-0.758830,-0.651286,-0.002148,-0.005828,0.003493,0.999977,0,0.93824,0.74813,56.294,1.496,-1,375.000,-1,375.000,-1,325.000,325.000,300.000,300.000,-1,-1,-1,-1,700.000,775.000,-1,-1,2,0,2,0,2,0,0,0,0,2,2,2,2,0,0,2,2
131,-10303.466,-9610.975,-200.926,-129.383,-0.634475,0.772921,-0.005796,-0.772927,-0.634493,-0.001711,-0.005000,0.003394,0.999982,0,0.85824,0.62813,51.494,1.256,-1,375.000,-1,400.000,-1,325.000,325.000,300.000,300.000,-1,-1,-1,-1,700.000,775.000,-1,-1,2,0,2,0,2,0,0,0,0,2,2,2,2,0,0,2,2
132,-10335.211,-9651.075,-201.110,-128.366,-0.620672,0.784053,-0.005147,-0.784059,-0.620685,-0.001199,-0.004135,0.003292,0.999986,0,0.85242,0.50813,51.145,1.016,-1,375.000,-1,400.000,-1,325.000,325.000,300.000,300.000,-1,-1,-1,-1,700.000,775.000,-1,-1,2,0,2,0,2,0,0,0,0,2,2,2,2,0,0,2,2
133,-10366.410,-9691.602,-201.271,-127.590,-0.609997,0.792390,-0.004530,-0.792397,-0.610006,-0.000614,-0.003250,0.003215,0.999990,0,0.85242,0.38813,51.145,0.776,-1,375.000,-1,400.000,-1,325.000,325.000,300.000,300.000,-1,-1,-1,-1,700.000,775.000,-1,-1,2,0,2,0,2,0,0,0,0,2,2,2,2,0,0,2,2
134,-10397.228,-9732.420,-201.409,-127.054,-0.602558,0.798065,-0.003947,-0.798071,-0.602563,0.000036,-0.002349,0.003172,0.999992,0,0.85242,0.26813,51.145,0.536,-1,375.000,-1,400.000,-1,300.000,325.000,300.000,300.000,-1,-1,-1,-1,700.000,775.000,-1,-1,2,0,2,0,2,0,0,0,0,2,2,2,2,0,0,2,2
135,-10427.835,-9773.396,-201.456,-126.758,-0.598428,0.801169,-0.003486,-0.801176,-0.598428,0.001092,-0.001211,0.003447,0.999993,0,0.85242,0.14813,51.145,0.296,-1,375.000,-1,400.000,-1,300.000,325.000,300.000,325.000,-1,-1,-1,-1,700.000,775.000,-1,-1,2,0,2,0,2,0,0,0,0,2,2,2,2,0,0,2,2
