timestep,x_cm,y_cm,z_cm,yaw_deg,basis_xx,basis_xy,basis_xz,basis_yx,basis_yy,basis_yz,basis_zx,basis_zy,basis_zz,teleport_flag,throttle_cmd,steering_cmd,cmd_move_cm,cmd_turn_deg,lidar_cm_0,lidar_cm_1,lidar_cm_2,lidar_cm_3,lidar_cm_4,lidar_cm_5,lidar_cm_6,lidar_cm_7,lidar_cm_8,lidar_cm_9,lidar_cm_10,lidar_cm_11,lidar_cm_12,lidar_cm_13,lidar_cm_14,lidar_cm_15,lidar_cm_16,lidar_class_0,lidar_class_1,lidar_class_2,lidar_class_3,lidar_class_4,lidar_class_5,lidar_class_6,lidar_class_7,lidar_class_8,lidar_class_9,lidar_class_10,lidar_class_11,lidar_class_12,lidar_class_13,lidar_class_14,lidar_class_15,lidar_class_16
0,-4923.342,-4266.443,323.769,-144.803,-0.806805,0.568532,-0.160740,-0.585385,-0.806045,0.087273,-0.079946,0.164507,0.983131,1,0.08000,-0.07748,4.800,-0.155,425.000,225.000,400.000,225.000,325.000,200.000,200.000,350.000,225.000,-1,-1,-1,-1,300.000,300.000,350.000,275.000,1,1,1,1,0,1,1,1,0,2,2,2,2,1,1,1,1
1,-4931.200,-4271.956,323.548,-144.959,-0.808867,0.566284,-0.158292,-0.582949,-0.807506,0.090024,-0.076843,0.165093,0.983280,0,0.16000,-0.07783,9.600,-0.156,425.000,225.000,400.000,225.000,350.000,200.000,200.000,350.000,225.000,-1,-1,-1,-1,300.000,300.000,350.000,275.000,1,1,1,1,0,1,1,1,0,2,2,2,2,1,1,1,1
2,-4943.010,-4280.194,323.251,-145.116,-0.811229,0.564000,-0.154310,-0.580302,-0.808957,0.094009,-0.071809,0.165809,0.983540,0,0.24000,-0.07854,14.400,-0.157,425.000,225.000,400.000,225.000,375.000,200.000,200.000,350.000,225.000,-1,-1,-1,-1,300.000,300.000,350.000,275.000,1,1,1,1,0,1,1,1,0,2,2,2,2,1,1,1,1
3,-4958.788,-4291.133,323.299,-145.275,-0.814125,0.561798,-0.146913,-0.577204,-0.810590,0.098892,-0.063529,0.165309,0.984194,0,0.32000,-0.07960,19.200,-0.159,400.000,225.000,400.000,225.000,400.000,200.000,200.000,375.000,225.000,-1,-1,-1,-1,300.000,300.000,350.000,300.000,1,1,1,1,1,1,1,1,0,2,2,2,2,1,1,1,1
4,-4978.549,-4304.751,323.398,-145.437,-0.817345,0.559549,-0.137304,-0.573741,-0.812244,0.105265,-0.052623,0.164815,0.984920,0,0.40000,-0.08103,24.000,-0.162,400.000,225.000,400.000,225.000,425.000,200.000,200.000,375.000,225.000,-1,-1,-1,-1,300.000,300.000,325.000,300.000,1,1,1,1,1,1,1,1,0,2,2,2,2,1,1,1,1
5,-5001.124,-4320.212,323.569,-145.603,-0.820762,0.557231,-0.125871,-0.569904,-0.813907,0.112985,-0.039488,0.164469,0.985592,0,0.45606,-0.08285,27.363,-0.166,400.000,225.000,425.000,225.000,475.000,200.000,200.000,400.000,250.000,-1,150.000,-1,-1,300.000,300.000,325.000,325.000,1,1,1,1,1,1,1,1,0,2,1,2,2,1,1,1,1
6,-5023.759,-4335.617,323.805,-145.773,-0.824131,0.554823,-0.113932,-0.565819,-0.815566,0.121247,-0.025648,0.164388,0.986062,0,0.45633,-0.08494,27.380,-0.170,400.000,225.000,475.000,225.000,550.000,200.000,200.000,425.000,250.000,-1,100.000,275.000,-1,300.000,325.000,325.000,350.000,1,1,1,1,1,1,1,1,0,2,1,1,2,1,1,1,1
7,-5046.461,-4350.968,324.107,-145.947,-0.827430,0.552324,-0.101479,-0.561459,-0.817223,0.130039,-0.011107,0.164574,0.986302,0,0.45676,-0.08706,27.406,-0.174,425.000,225.000,500.000,225.000,625.000,200.000,200.000,450.000,250.000,475.000,100.000,175.000,950.000,300.000,350.000,325.000,400.000,1,1,1,1,1,1,1,1,0,1,1,1,0,1,1,1,1
8,-8199.152,1639.830,-125.649,-158.138,-0.928067,0.372363,-0.006099,-0.372279,-0.928048,-0.011670,-0.010005,-0.008560,0.999913,1,0.00000,0.00000,32.206,-0.382,-1,425.000,-1,475.000,-1,350.000,350.000,-1,350.000,-1,0.000,0.000,-1,900.000,-1,-1,-1,2,0,2,0,2,0,0,2,0,2,0,0,2,0,2,2,2
9,-8203.600,1638.024,-125.779,-157.898,-0.926496,0.376249,-0.006435,-0.376166,-0.926484,-0.011225,-0.010186,-0.007979,0.999916,0,0.08000,0.12000,4.800,0.240,-1,425.000,-1,475.000,-1,350.000,350.000,-1,350.000,-1,0.000,0.000,-1,900.000,-1,-1,-1,2,0,2,0,2,0,0,2,0,2,0,0,2,0,2,2,2
10,-8212.464,1634.337,-126.044,-157.418,-0.923306,0.384001,-0.007091,-0.383922,-0.923307,-0.010358,-0.010525,-0.006841,0.999921,0,0.16000,0.24000,9.600,0.480,-1,425.000,-1,475.000,-1,350.000,350.000,-1,350.000,-1,0.000,0.000,-1,900.000,-1,-1,-1,2,0,2,0,2,0,0,2,0,2,0,0,2,0,2,2,2
11,-8225.689,1628.641,-126.448,-156.698,-0.918398,0.395577,-0.008043,-0.395506,-0.918418,-0.009107,-0.010989,-0.005183,0.999926,0,0.24000,0.36000,14.400,0.720,-1,425.000,-1,475.000,-1,350.000,350.000,-1,350.000,-1,0.000,0.000,-1,900.000,-1,-1,-1,2,0,2,0,2,0,0,2,0,2,0,0,2,0,2,2,2
12,-8243.193,1620.752,-126.996,-155.738,-0.911628,0.410912,-0.009267,-0.410855,-0.911670,-0.007518,-0.011538,-0.003046,0.999929,0,0.32000,0.48000,19.200,0.960,-1,400.000,-1,475.000,-1,350.000,350.000,-1,350.000,-1,0.000,0.000,-1,900.000,-1,-1,-1,2,0,2,0,2,0,0,2,0,2,0,0,2,0,2,2,2
13,-8264.862,1610.434,-127.693,-154.538,-0.902805,0.429917,-0.010750,-0.429880,-0.902868,-0.005635,-0.012129,-0.000466,0.999926,0,0.40000,0.60000,24.000,1.200,-1,400.000,-1,475.000,-1,350.000,350.000,-1,350.000,-1,0.000,0.000,-1,900.000,-1,-1,-1,2,0,2,0,2,0,0,2,0,2,0,0,2,0,2,2,2
14,-8290.571,1597.454,-128.591,-153.211,-0.892587,0.450708,-0.012287,-0.450698,-0.892669,-0.003710,-0.012641,0.002226,0.999918,0,0.48000,0.66344,28.800,1.327,-1,400.000,-1,475.000,-1,350.000,350.000,-1,325.000,-1,0.000,0.000,-1,875.000,-1,-1,-1,2,0,2,0,2,0,0,2,0,2,0,0,2,0,2,2,2
15,-8320.207,1581.620,-129.722,-151.886,-0.881907,0.471223,-0.013774,-0.471243,-0.882001,-0.001914,-0.013051,0.004803,0.999903,0,0.56000,0.66244,33.600,1.325,-1,400.000,-1,475.000,-1,350.000,350.000,-1,325.000,-1,0.000,0.000,-1,875.000,-1,-1,-1,2,0,2,0,2,0,0,2,0,2,0,0,2,0,2,2,2
16,-8353.649,1562.748,-131.011,-150.563,-0.870771,0.491446,-0.015451,-0.491503,-0.870876,-0.000113,-0.013511,0.007496,0.999881,0,0.64000,0.66125,38.400,1.323,-1,425.000,-1,450.000,-1,350.000,350.000,-1,325.000,-1,0.000,0.000,-1,875.000,-1,-1,-1,2,0,2,0,2,0,0,2,0,2,0,0,2,0,2,2,2
17,-8390.773,1540.656,-132.309,-149.244,-0.859181,0.511359,-0.017870,-0.511464,-0.859304,0.001514,-0.014581,0.010440,0.999839,0,0.72000,0.65986,43.200,1.320,-1,425.000,-1,450.000,-1,350.000,350.000,-1,325.000,-1,0.000,0.000,-1,875.000,1000.000,-1,-1,2,0,2,0,2,0,0,2,0,2,1,0,2,0,0,2,2
18,-8431.185,1515.332,-133.546,-147.927,-0.847134,0.530942,-0.021545,-0.531123,-0.847288,0.003340,-0.016482,0.014272,0.999762,0,0.79484,0.65825,47.691,1.317,-1,425.000,-1,450.000,-1,350.000,350.000,225.000,325.000,-1,0.000,0.000,-1,875.000,975.000,-1,-1,2,0,2,0,2,0,0,0,0,2,1,0,2,0,0,2,2
19,-8470.967,1489.114,-134.557,-146.614,-0.834621,0.550167,-0.026911,-0.550482,-0.834829,0.005499,-0.019441,0.019404,0.999623,0,0.79408,0.65640,47.645,1.313,-1,425.000,-1,450.000,-1,350.000,350.000,250.000,325.000,-1,0.000,0.000,-1,850.000,950.000,-1,-1,2,0,2,0,2,0,0,0,0,2,1,0,2,0,0,2,2
20,-8510.111,1462.014,-135.305,-145.305,-0.821625,0.569011,-0.034030,-0.569544,-0.821923,0.007889,-0.023481,0.025863,0.999390,0,0.79348,0.65449,47.609,1.309,-1,400.000,-1,450.000,-1,350.000,350.000,250.000,325.000,-1,0.000,100.000,-1,825.000,900.000,-1,-1,2,0,2,0,2,0,0,0,0,2,0,0,2,0,0,2,2
21,-8548.428,1434.413,-135.745,-144.236,-0.810546,0.584118,-0.042685,-0.584975,-0.810987,0.010245,-0.028632,0.033274,0.999036,0,0.78705,0.53449,47.223,1.069,-1,400.000,-1,425.000,-1,325.000,350.000,275.000,300.000,-1,150.000,350.000,-1,825.000,850.000,-1,-1,2,0,2,0,2,0,0,1,0,2,0,0,2,0,0,2,2
22,-8586.303,1406.261,-135.824,-143.380,-0.801229,0.595986,-0.053226,-0.597327,-0.801898,0.012689,-0.035119,0.041960,0.998502,0,0.78652,0.42846,47.191,0.857,-1,400.000,-1,425.000,-1,325.000,325.000,-1,300.000,-1,-1,-1,-1,800.000,800.000,-1,-1,2,0,2,0,2,0,0,2,0,2,2,2,2,0,0,2,2
23,-8623.727,1377.569,-136.481,-142.527,-0.791618,0.607681,-0.063755,-0.609478,-0.792714,0.011857,-0.043334,0.048244,0.997895,0,0.78594,0.42634,47.156,0.853,-1,400.000,-1,400.000,-1,325.000,325.000,-1,300.000,-1,-1,-1,-1,775.000,750.000,-1,-1,2,0,2,0,2,0,0,2,0,2,2,2,2,0,0,2,2
24,-8663.589,1346.061,-139.260,-141.675,-0.782362,0.619443,-0.064814,-0.621140,-0.783658,0.008100,-0.045775,0.046596,0.997864,0,0.84684,0.42573,50.811,0.851,-1,400.000,-1,400.000,-1,325.000,325.000,-1,300.000,-1,-1,-1,-1,750.000,750.000,-1,-1,2,0,2,0,2,0,0,2,0,2,2,2,2,0,0,2,2
25,-8702.887,1314.035,-141.576,-140.822,-0.772951,0.631045,-0.065798,-0.632744,-0.774332,0.006708,-0.046716,0.046818,0.997810,0,0.84493,0.42691,50.696,0.854,-1,375.000,-1,400.000,-1,325.000,325.000,-1,300.000,-1,-1,-1,-1,725.000,725.000,-1,-1,2,0,2,0,2,0,0,2,0,2,2,2,2,0,0,2,2
26,-8741.608,1281.504,-143.431,-139.966,-0.763387,0.642477,-0.066811,-0.644289,-0.764743,0.007663,-0.046170,0.048895,0.997736,0,0.84287,0.42795,50.572,0.856,-1,375.000,-1,400.000,-1,325.000,325.000,-1,300.000,-1,-1,-1,-1,725.000,700.000,-1,-1,2,0,2,0,2,0,0,2,0,2,2,2,2,0,0,2,2
27,-8779.736,1248.482,-144.830,-139.108,-0.753677,0.653723,-0.067956,-0.655761,-0.754890,0.010935,-0.044151,0.052804,0.997628,0,0.84068,0.42886,50.441,0.858,-1,400.000,-1,400.000,-1,325.000,325.000,-1,300.000,-1,-1,-1,-1,750.000,700.000,-1,-1,2,0,2,0,2,0,0,2,0,2,2,2,2,0,0,2,2
28,-8817.263,1214.985,-146.749,-138.249,-0.743722,0.664913,-0.069050,-0.667040,-0.744937,0.011215,-0.043981,0.054400,0.997550,0,0.83838,0.42964,50.303,0.859,-1,400.000,-1,400.000,-1,325.000,325.000,-1,300.000,-1,-1,-1,-1,725.000,675.000,-1,-1,2,0,2,0,2,0,0,2,0,2,2,2,2,0,0,2,2
29,-8854.178,1181.026,-148.857,-137.388,-0.733565,0.675994,-0.070098,-0.678167,-0.734833,0.010514,-0.044403,0.055250,0.997485,0,0.83598,0.43027,50.159,0.861,-1,400.000,-1,400.000,-1,325.000,325.000,-1,300.000,-1,-1,-1,-1,725.000,675.000,-1,-1,2,0,2,0,2,0,0,2,0,2,2,2,2,0,0,2,2
30,-8890.470,1146.617,-150.944,-136.527,-0.723233,0.686929,-0.071147,-0.689155,-0.724546,0.009946,-0.044717,0.056224,0.997416,0,0.83351,0.43077,50.011,0.862,-1,375.000,-1,400.000,1000.000,325.000,325.000,-1,300.000,-1,-1,-1,-1,700.000,650.000,-1,-1,2,0,2,0,0,0,0,2,0,2,2,2,2,0,0,2,2
31,-8926.131,1111.772,-153.045,-135.664,-0.712734,0.697707,-0.072219,-0.700001,-0.714077,0.009670,-0.044823,0.057445,0.997342,0,0.83098,0.43113,49.859,0.862,-1,375.000,-1,375.000,950.000,325.000,325.000,-1,300.000,-1,-1,-1,-1,700.000,625.000,-1,1000.000,2,0,2,0,0,0,0,2,0,2,2,2,2,0,0,2,0
32,-8961.155,1076.503,-155.194,-134.802,-0.702078,0.708313,-0.073345,-0.710701,-0.703425,0.009843,-0.044621,0.059037,0.997258,0,0.82842,0.43135,49.705,0.863,-1,375.000,-1,375.000,900.000,300.000,325.000,-1,300.000,-1,-1,-1,-1,700.000,625.000,-1,950.000,2,0,2,0,0,0,0,2,0,2,2,2,2,0,0,2,0
33,-8995.537,1040.822,-157.273,-133.939,-0.691278,0.718760,-0.074292,-0.721236,-0.692616,0.010099,-0.044197,0.060564,0.997185,0,0.82586,0.43143,49.551,0.863,-1,375.000,-1,375.000,850.000,300.000,300.000,-1,300.000,-1,-1,-1,-1,675.000,600.000,-1,900.000,2,0,2,0,0,0,0,2,0,2,2,2,2,0,0,2,0
34,-9029.274,1004.739,-159.090,-133.076,-0.680406,0.729074,-0.074156,-0.731573,-0.681684,0.010375,-0.042987,0.061309,0.997193,0,0.82330,0.43137,49.398,0.863,-1,375.000,-1,375.000,825.000,300.000,300.000,-1,300.000,-1,-1,-1,-1,675.000,600.000,-1,850.000,2,0,2,0,0,0,0,2,0,2,2,2,2,0,0,2,0
35,-9062.362,968.265,-160.845,-132.214,-0.669401,0.739218,-0.073885,-0.741737,-0.670605,0.010776,-0.041582,0.062016,0.997209,0,0.82077,0.43117,49.246,0.862,-1,375.000,-1,350.000,775.000,300.000,300.000,-1,300.000,-1,-1,-1,-1,675.000,600.000,-1,825.000,2,0,2,0,0,0,0,2,0,2,2,2,2,0,0,2,0
36,-9094.892,931.305,-162.545,-131.353,-0.658283,0.749175,-0.073487,-0.751707,-0.659400,0.011309,-0.039985,0.062685,0.997232,0,0.82062,0.43025,49.237,0.860,-1,375.000,-1,350.000,750.000,300.000,300.000,-1,300.000,-1,-1,-1,-1,675.000,575.000,-1,800.000,2,0,2,0,0,0,0,2,0,2,2,2,2,0,0,2,0
37,-9127.088,893.607,-164.640,-130.498,-0.647425,0.759076,-0.068141,-0.761316,-0.648273,0.011829,-0.035194,0.059535,0.997606,0,0.82626,0.42746,49.576,0.855,-1,375.000,-1,350.000,775.000,300.000,300.000,-1,300.000,-1,-1,-1,-1,675.000,575.000,-1,850.000,2,0,2,0,0,0,0,2,0,2,2,2,2,0,0,2,0
38,-9158.939,855.178,-166.296,-129.650,-0.636555,0.768769,-0.061578,-0.770666,-0.637114,0.012625,-0.029526,0.055493,0.998022,0,0.83189,0.42410,49.914,0.848,-1,375.000,-1,350.000,825.000,325.000,300.000,-1,300.000,-1,-1,-1,-1,675.000,600.000,-1,-1,2,0,2,0,0,0,0,2,0,2,2,2,2,0,0,2,2
39,-9190.433,816.021,-167.489,-128.810,-0.625490,0.778123,-0.057339,-0.779826,-0.625845,0.013759,-0.025179,0.053320,0.998260,0,0.83752,0.42017,50.251,0.840,-1,375.000,-1,350.000,875.000,325.000,300.000,-1,300.000,-1,-1,-1,-1,675.000,600.000,-1,-1,2,0,2,0,0,0,0,2,0,2,2,2,2,0,0,2,2
40,-9224.484,772.765,-168.275,-128.209,-0.617461,0.784657,-0.055277,-0.786288,-0.617673,0.015199,-0.022217,0.052848,0.998355,0,0.91752,0.30017,55.051,0.600,-1,375.000,-1,350.000,875.000,325.000,300.000,-1,300.000,-1,-1,-1,-1,675.000,600.000,-1,-1,2,0,2,0,0,0,0,2,0,2,2,2,2,0,0,2,2
41,-9258.734,728.686,-168.368,-127.849,-0.612542,0.788429,-0.056322,-0.790164,-0.612651,0.017330,-0.020842,0.055119,0.998262,0,0.93036,0.18017,55.822,0.360,-1,375.000,-1,350.000,850.000,325.000,300.000,875.000,300.000,-1,-1,-1,-1,675.000,600.000,-1,-1,2,0,2,0,0,0,0,1,0,2,2,2,2,0,0,2,2
42,-9293.100,684.266,-169.031,-127.729,-0.611093,0.789718,-0.053958,-0.791376,-0.610996,0.020193,-0.017021,0.055041,0.998339,0,0.93603,0.06017,56.162,0.120,-1,375.000,-1,350.000,-1,325.000,300.000,300.000,300.000,-1,500.000,525.000,-1,675.000,600.000,-1,-1,2,0,2,0,2,0,0,0,0,2,0,0,2,0,0,2,2
43,-9327.767,639.652,-169.898,-127.848,-0.612981,0.788480,-0.050542,-0.789996,-0.612676,0.023143,-0.012718,0.054115,0.998454,0,0.94166,-0.05983,56.500,-0.120,-1,375.000,-1,350.000,-1,300.000,300.000,300.000,300.000,-1,350.000,400.000,-1,700.000,625.000,-1,-1,2,0,2,0,2,0,0,0,0,2,0,0,2,0,0,2,2
44,-9362.782,594.876,-170.761,-128.026,-0.615640,0.786613,-0.047206,-0.787983,-0.615140,0.026183,-0.008442,0.053317,0.998542,0,0.94736,-0.08870,56.842,-0.177,-1,375.000,-1,350.000,-1,300.000,300.000,300.000,300.000,-1,300.000,350.000,-1,700.000,625.000,-1,-1,2,0,2,0,2,0,0,0,0,2,0,0,2,0,0,2,2
45,-9398.169,549.934,-171.430,-128.217,-0.618437,0.784616,-0.043749,-0.785820,-0.617800,0.028444,-0.004711,0.051970,0.998638,0,0.95335,-0.09540,57.201,-0.191,-1,375.000,-1,350.000,-1,300.000,300.000,300.000,300.000,-1,275.000,325.000,-1,700.000,675.000,-1,-1,2,0,2,0,2,0,0,0,0,2,0,0,2,0,1,2,2
46,-9433.953,504.822,-171.978,-128.422,-0.621393,0.782465,-0.040255,-0.783498,-0.620657,0.030253,-0.001312,0.050339,0.998731,0,0.95969,-0.10255,57.581,-0.205,-1,375.000,-1,350.000,-1,300.000,300.000,300.000,275.000,-1,275.000,325.000,-1,700.000,-1,-1,-1,2,0,2,0,2,0,0,0,0,2,0,0,2,0,2,2,2
47,-9470.161,459.535,-172.485,-128.642,-0.624528,0.780134,-0.036811,-0.781000,-0.623712,0.031980,0.001990,0.048722,0.998810,0,0.96637,-0.11019,57.982,-0.220,-1,375.000,-1,350.000,-1,300.000,300.000,300.000,275.000,-1,250.000,325.000,-1,725.000,-1,-1,-1,2,0,2,0,2,0,0,0,0,2,0,0,2,0,2,2,2
48,-9506.820,414.070,-172.922,-128.879,-0.627859,0.777615,-0.033271,-0.778309,-0.626981,0.033621,0.005284,0.047005,0.998881,0,0.97339,-0.11833,58.404,-0.237,-1,375.000,-1,375.000,-1,300.000,300.000,300.000,275.000,-1,225.000,300.000,-1,725.000,-1,-1,-1,2,0,2,0,2,0,0,0,0,2,0,0,2,0,2,2,2
49,-9543.959,368.425,-172.520,-129.133,-0.631394,0.774903,-0.029450,-0.775415,-0.630482,0.034983,0.008541,0.044924,0.998954,0,0.98075,-0.12698,58.845,-0.254,-1,375.000,-1,375.000,-1,325.000,300.000,300.000,275.000,-1,250.000,300.000,-1,725.000,-1,-1,-1,2,0,2,0,2,0,0,0,0,2,0,0,2,0,2,2,2
50,-9581.607,322.601,-171.727,-129.405,-0.635127,0.771983,-0.025619,-0.772327,-0.634229,0.035564,0.011206,0.042374,0.999039,0,0.98843,-0.13619,59.306,-0.272,-1,400.000,-1,375.000,-1,325.000,300.000,300.000,275.000,-1,250.000,325.000,-1,750.000,-1,-1,-1,2,0,2,0,2,0,0,0,0,2,0,0,2,0,2,2,2
51,-9619.793,276.603,-170.947,-129.697,-0.639089,0.768820,-0.021931,-0.769011,-0.638220,0.036026,0.013701,0.039889,0.999110,0,0.99638,-0.14598,59.783,-0.292,-1,400.000,-1,400.000,-1,325.000,325.000,300.000,275.000,-1,275.000,350.000,-1,750.000,-1,-1,-1,2,0,2,1,2,0,0,0,0,2,0,0,2,0,2,2,2
52,-9658.159,230.472,-170.047,-129.749,-0.639805,0.768300,-0.019088,-0.768377,-0.638966,0.036317,0.015705,0.037902,0.999158,0,1.00000,-0.02598,60.000,-0.052,-1,400.000,-1,-1,-1,325.000,325.000,300.000,300.000,-1,300.000,375.000,-1,775.000,-1,-1,-1,2,0,2,2,2,0,0,0,0,2,0,0,2,0,2,2,2
53,-9696.374,184.216,-169.049,-129.561,-0.637288,0.770438,-0.016972,-0.770431,-0.636479,0.036480,0.017303,0.036324,0.999190,0,1.00000,0.09402,60.000,0.188,-1,400.000,-1,-1,-1,325.000,325.000,300.000,300.000,-1,350.000,425.000,-1,775.000,-1,-1,-1,2,0,2,2,2,0,0,0,0,2,0,0,2,0,2,2,2
54,-9734.242,137.675,-168.064,-129.133,-0.631517,0.775217,-0.014982,-0.775132,-0.630742,0.036542,0.018878,0.034690,0.999220,0,1.00000,0.21402,60.000,0.428,-1,400.000,-1,-1,-1,325.000,325.000,300.000,300.000,-1,375.000,475.000,-1,800.000,-1,-1,-1,2,0,2,2,2,0,1,0,0,2,0,0,2,0,2,2,2
55,-9771.564,90.696,-167.081,-128.465,-0.622434,0.782562,-0.013139,-0.782406,-0.621695,0.036554,0.020438,0.033032,0.999245,0,1.00000,0.33402,60.000,0.668,-1,400.000,-1,-1,-1,325.000,425.000,300.000,300.000,-1,425.000,525.000,-1,800.000,-1,-1,-1,2,0,2,2,2,0,1,0,0,2,0,0,2,0,2,2,2
56,-9808.308,43.264,-168.041,-127.766,-0.612853,0.789920,-0.020920,-0.790033,-0.611973,0.036570,0.016085,0.038939,0.999112,0,1.00000,0.34947,60.000,0.699,-1,375.000,-1,-1,-1,325.000,625.000,300.000,275.000,-1,525.000,625.000,-1,-1,-1,-1,-1,2,0,2,2,2,0,1,0,1,2,0,0,2,2,2,2,2
57,-9844.504,-4.588,-169.633,-127.108,-0.603661,0.796607,-0.031782,-0.797182,-0.602652,0.036206,0.009688,0.047192,0.998839,0,1.00000,0.32878,60.000,0.658,-1,375.000,-1,-1,-1,300.000,-1,300.000,275.000,-1,725.000,800.000,-1,-1,-1,-1,-1,2,0,2,2,2,0,2,0,1,2,0,0,2,2,2,2,2
58,-9880.185,-52.825,-171.779,-126.496,-0.594833,0.802569,-0.045349,-0.803848,-0.593781,0.035398,0.001482,0.057509,0.998344,0,1.00000,0.30624,60.000,0.612,-1,350.000,-1,-1,-1,275.000,-1,325.000,250.000,-1,1000.000,-1,-1,-1,-1,-1,-1,2,0,2,2,2,0,2,0,1,2,0,2,2,2,2,2,2
59,-9915.389,-101.413,-174.415,-125.932,-0.586318,0.807743,-0.061504,-0.810035,-0.585405,0.033833,-0.008677,0.069657,0.997533,0,1.00000,0.28174,60.000,0.563,-1,325.000,-1,-1,-1,325.000,-1,325.000,250.000,-1,-1,-1,-1,-1,-1,-1,-1,2,0,2,2,2,1,2,0,1,2,2,2,2,2,2,2,2
60,-9950.155,-150.314,-177.165,-125.422,-0.577925,0.811934,-0.082255,-0.815795,-0.577485,0.031471,-0.021948,0.085292,0.996114,0,1.00000,0.25512,60.000,0.510,-1,300.000,-1,-1,-1,400.000,-1,325.000,250.000,-1,-1,-1,-1,-1,-1,-1,-1,2,0,2,2,2,1,2,0,1,2,2,2,2,2,2,2,2
61,-9984.531,-199.491,-180.482,-124.970,-0.569624,0.815098,-0.105567,-0.821080,-0.570094,0.028646,-0.036834,0.102996,0.994000,0,1.00000,0.22626,60.000,0.453,-1,300.000,-1,-1,-1,650.000,-1,350.000,225.000,-1,-1,-1,-1,-1,-1,-1,-1,2,1,2,2,2,1,2,0,1,2,2,2,2,2,2,2,2
62,-10018.567,-248.905,-184.460,-124.580,-0.561279,0.817091,-0.131637,-0.825901,-0.563243,0.025374,-0.053411,0.122961,0.990973,0,1.00000,0.19504,60.000,0.390,-1,350.000,-1,-1,-1,625.000,1000.000,375.000,225.000,-1,-1,-1,-1,-1,-1,-1,-1,2,1,2,2,2,1,1,0,1,2,2,2,2,2,2,2,2
63,-10052.320,-298.514,-189.036,-124.257,-0.552788,0.817792,-0.160130,-0.830257,-0.556957,0.021737,-0.071409,0.144965,0.986857,0,1.00000,0.16137,60.000,0.323,-1,400.000,-1,-1,-1,600.000,925.000,400.000,225.000,-1,-1,-1,-1,-1,-1,500.000,-1,2,1,2,2,2,1,1,0,1,2,2,2,2,2,2,0,2
64,-10085.850,-348.275,-194.206,-124.006,-0.544016,0.817048,-0.190997,-0.834157,-0.551239,0.017834,-0.090714,0.169024,0.981429,0,1.00000,0.12521,60.000,0.250,800.000,425.000,-1,-1,-1,575.000,850.000,425.000,225.000,-1,-1,-1,-1,975.000,-1,350.000,-1,0,1,2,2,2,1,1,0,1,2,2,2,2,1,2,0,2
65,-983.620,-2951.317,-179.367,-29.560,0.826131,0.479780,0.295497,-0.524909,0.845954,0.093981,-0.204887,-0.232749,0.950710,1,0.00000,0.00000,60.000,0.173,0.000,0.000,675.000,-1,-1,0.000,525.000,675.000,-1,-1,-1,0.000,0.000,0.000,-1,0.000,-1,1,1,1,2,2,1,1,1,2,2,2,1,1,1,2,1,2
66,-8195.360,3610.572,-120.604,37.731,0.791051,-0.611679,-0.009331,0.610738,0.790527,-0.045448,0.035176,0.030253,0.998923,1,0.08000,0.12000,4.800,0.240,-1,375.000,-1,425.000,-1,325.000,325.000,300.000,300.000,-1,-1,-1,-1,675.000,850.000,-1,-1,2,0,2,0,2,0,0,0,0,2,2,2,2,0,0,2,2
67,-8187.806,3616.496,-120.148,38.104,0.787061,-0.616809,-0.009099,0.615873,0.786537,-0.045396,0.035158,0.030126,0.998928,0,0.16000,0.18626,9.600,0.373,-1,375.000,-1,425.000,-1,325.000,325.000,300.000,300.000,-1,-1,-1,-1,675.000,850.000,-1,-1,2,0,2,0,2,0,0,0,0,2,2,2,2,0,0,2,2
68,-8176.533,3625.456,-119.478,38.476,0.783041,-0.621909,-0.008678,0.620984,0.782510,-0.045355,0.034997,0.030126,0.998933,0,0.24000,0.18626,14.400,0.373,-1,375.000,-1,400.000,-1,325.000,325.000,300.000,300.000,-1,-1,-1,-1,675.000,825.000,-1,-1,2,0,2,0,2,0,0,0,0,2,2,2,2,0,0,2,2
69,-8161.580,3637.499,-118.594,38.849,0.778993,-0.626981,-0.008072,0.626072,0.778447,-0.045328,0.034703,0.030257,0.998940,0,0.32000,0.18626,19.200,0.373,-1,375.000,-1,400.000,-1,325.000,325.000,300.000,300.000,-1,-1,-1,-1,675.000,825.000,-1,-1,2,0,2,0,2,0,0,0,0,2,2,2,2,0,0,2,2
70,-8142.987,3652.675,-117.493,39.221,0.774914,-0.632024,-0.007286,0.631135,0.774347,-0.045321,0.034286,0.030522,0.998946,0,0.40000,0.18626,24.000,0.373,-1,375.000,-1,400.000,-1,325.000,325.000,300.000,300.000,-1,-1,-1,-1,675.000,825.000,-1,-1,2,0,2,0,2,0,0,0,0,2,2,2,2,0,0,2,2
71,-8120.794,3671.030,-116.174,39.594,0.770807,-0.637037,-0.006327,0.636174,0.770212,-0.045343,0.033758,0.030926,0.998951,0,0.48000,0.18626,28.800,0.373,-1,375.000,-1,400.000,-1,325.000,325.000,300.000,300.000,-1,-1,-1,-1,650.000,825.000,-1,-1,2,0,2,0,2,0,0,0,0,2,2,2,2,0,0,2,2
72,-8095.043,3692.613,-114.806,39.966,0.766681,-0.642008,-0.005182,0.641148,0.766026,-0.046196,0.033627,0.032095,0.998919,0,0.56000,0.18626,33.600,0.373,-1,375.000,-1,400.000,-1,325.000,325.000,300.000,300.000,-1,-1,-1,-1,650.000,800.000,-1,-1,2,0,2,0,2,0,0,0,0,2,2,2,2,0,0,2,2
73,-8065.774,3717.471,-113.383,40.339,0.762537,-0.646934,-0.003844,0.646056,0.761787,-0.047872,0.033898,0.034021,0.998846,0,0.64000,0.18626,38.400,0.373,-1,375.000,-1,400.000,-1,325.000,325.000,300.000,300.000,-1,-1,-1,-1,650.000,800.000,-1,-1,2,0,2,0,2,0,0,0,0,2,2,2,2,0,0,2,2
74,-8033.029,3745.649,-111.781,40.711,0.758369,-0.651822,-0.002328,0.650927,0.757505,-0.049797,0.034223,0.036249,0.998757,0,0.72000,0.18626,43.200,0.373,-1,375.000,-1,400.000,-1,325.000,325.000,300.000,300.000,-1,-1,-1,-1,650.000,800.000,-1,-1,2,0,2,0,2,0,0,0,0,2,2,2,2,0,0,2,2
75,-7996.850,3777.194,-109.999,41.084,0.754178,-0.656670,-0.000640,0.655757,0.753180,-0.051990,0.034622,0.038790,0.998647,0,0.80000,0.18626,48.000,0.373,-1,375.000,-1,400.000,-1,325.000,325.000,300.000,300.000,-1,-1,-1,-1,650.000,775.000,-1,-1,2,0,2,0,2,0,0,0,0,2,2,2,2,0,0,2,2
76,-7958.919,3810.704,-108.118,41.457,0.749961,-0.661481,0.001135,0.660549,0.748812,-0.054366,0.035112,0.041522,0.998520,0,0.84356,0.18626,50.614,0.373,-1,375.000,-1,400.000,-1,325.000,325.000,300.000,300.000,-1,-1,-1,-1,650.000,775.000,-1,-1,2,0,2,0,2,0,0,0,0,2,2,2,2,0,0,2,2
77,-7921.206,3844.460,-106.290,41.829,0.745722,-0.666250,0.003152,0.665309,0.744400,-0.056853,0.035532,0.044493,0.998378,0,0.84356,0.18626,50.614,0.373,-1,375.000,-1,400.000,-1,300.000,325.000,300.000,300.000,-1,-1,-1,-1,650.000,775.000,-1,-1,2,0,2,0,2,0,0,0,0,2,2,2,2,0,0,2,2
78,-7883.714,3878.462,-104.205,42.202,0.741487,-0.670946,0.005284,0.669953,0.739910,-0.060794,0.036880,0.048618,0.998136,0,0.84356,0.18626,50.614,0.373,-1,375.000,-1,400.000,-1,300.000,325.000,300.000,300.000,-1,-1,-1,-1,650.000,750.000,-1,-1,2,0,2,0,2,0,0,0,0,2,2,2,2,0,0,2,2
79,-7846.444,3912.707,-102.094,42.574,0.737232,-0.675600,0.007371,0.674549,0.735377,-0.064845,0.038389,0.052778,0.997868,0,0.84356,0.18626,50.614,0.373,-1,375.000,-1,400.000,-1,300.000,325.000,300.000,300.000,-1,-1,-1,-1,650.000,750.000,-1,-1,2,0,2,0,2,0,0,0,0,2,2,2,2,0,0,2,2
80,-7809.397,3947.193,-99.969,42.947,0.732956,-0.680211,0.009409,0.679098,0.730802,-0.068958,0.040030,0.056933,0.997575,0,0.84356,0.18626,50.614,0.373,-1,375.000,-1,400.000,-1,300.000,325.000,300.000,300.000,-1,-1,-1,-1,650.000,725.000,-1,-1,2,0,2,0,2,0,0,0,0,2,2,2,2,0,0,2,2
81,-7772.576,3981.920,-97.906,43.319,0.728654,-0.684793,0.011000,0.683589,0.726199,-0.073079,0.042055,0.060768,0.997266,0,0.84356,0.18626,50.614,0.373,-1,375.000,-1,400.000,-1,300.000,325.000,300.000,300.000,-1,-1,-1,-1,675.000,725.000,-1,-1,2,0,2,0,2,0,0,0,0,2,2,2,2,0,0,2,2
82,-7735.980,4016.885,-95.917,43.692,0.724289,-0.689406,0.011176,0.688055,0.721633,-0.076326,0.044555,0.062971,0.997020,0,0.84356,0.18626,50.614,0.373,-1,375.000,-1,400.000,-1,300.000,325.000,300.000,300.000,-1,-1,-1,1000.000,675.000,725.000,-1,-1,2,0,2,0,2,0,0,0,0,2,2,2,0,0,0,2,2
83,-7699.612,4052.086,-93.536,44.064,0.719846,-0.694044,0.011177,0.692602,0.717095,-0.077957,0.046090,0.063858,0.996894,0,0.84356,0.18626,50.614,0.373,-1,375.000,-1,400.000,-1,300.000,325.000,300.000,300.000,-1,-1,600.000,1000.000,675.000,700.000,-1,-1,2,0,2,0,2,0,0,0,0,2,2,0,0,0,0,2,2
84,-7660.293,4090.318,-90.924,44.197,0.718294,-0.695651,0.011095,0.694115,0.715437,-0.079717,0.047517,0.064962,0.996756,0,0.91403,0.06626,54.842,0.133,-1,375.000,-1,400.000,-1,300.000,325.000,300.000,300.000,-1,-1,500.000,1000.000,675.000,700.000,-1,-1,2,0,2,0,2,0,0,0,0,2,2,0,0,0,0,2,2
85,-7620.904,4128.477,-88.294,44.089,0.719650,-0.694252,0.010918,0.692625,0.716682,-0.081468,0.048735,0.066190,0.996616,0,0.91403,-0.05374,54.842,-0.107,-1,375.000,-1,375.000,-1,300.000,325.000,300.000,300.000,-1,-1,525.000,-1,675.000,700.000,-1,-1,2,0,2,0,2,0,0,0,0,2,2,0,2,0,0,2,2
86,-7581.283,4166.396,-85.660,43.742,0.723894,-0.689829,0.010630,0.688116,0.720814,-0.083208,0.049737,0.067549,0.996475,0,0.91403,-0.17374,54.842,-0.347,-1,375.000,-1,375.000,-1,300.000,300.000,300.000,300.000,-1,-1,550.000,-1,675.000,700.000,-1,-1,2,0,2,0,2,0,0,0,0,2,2,0,2,0,0,2,2
87,-7541.276,4203.908,-83.034,43.154,0.730971,-0.682332,0.010222,0.680535,0.727774,-0.084956,0.050529,0.069056,0.996332,0,0.91403,-0.29374,54.842,-0.587,-1,375.000,-1,375.000,-1,300.000,300.000,300.000,300.000,-1,-1,575.000,-1,675.000,700.000,-1,-1,2,0,2,0,2,0,0,0,0,2,2,0,2,0,0,2,2
88,-7500.731,4240.838,-80.327,42.327,0.740774,-0.671692,0.009175,0.669785,0.737488,-0.086603,0.051404,0.070299,0.996201,0,0.91403,-0.41374,54.842,-0.827,-1,375.000,-1,375.000,-1,300.000,300.000,300.000,300.000,-1,-1,600.000,-1,675.000,700.000,-1,-1,2,0,2,0,2,0,0,0,0,2,2,0,2,0,0,2,2
89,-7459.511,4277.013,-77.539,41.270,0.753053,-0.657914,0.007776,0.655886,0.749689,-0.088203,0.052201,0.071522,0.996072,0,0.91403,-0.52858,54.842,-1.057,-1,375.000,-1,375.000,-1,300.000,325.000,300.000,300.000,-1,-1,625.000,-1,700.000,700.000,-1,-1,2,0,2,0,2,0,0,0,0,2,2,0,2,0,0,2,2
90,-7417.632,4312.423,-74.549,40.212,0.765114,-0.643846,0.007907,0.641782,0.761553,-0.090289,0.052111,0.074156,0.995884,0,0.91403,-0.52858,54.842,-1.057,-1,375.000,-1,375.000,-1,300.000,325.000,300.000,300.000,-1,-1,625.000,-1,700.000,700.000,-1,-1,2,0,2,0,2,0,0,0,0,2,2,0,2,0,0,2,2
91,-7375.106,4347.054,-71.612,39.155,0.776909,-0.629563,0.007961,0.627465,0.773152,-0.092322,0.051967,0.076721,0.995697,0,0.91403,-0.52858,54.842,-1.057,-1,375.000,-1,375.000,-1,300.000,325.000,300.000,300.000,-1,-1,625.000,-1,700.000,700.000,-1,-1,2,0,2,0,2,0,0,0,0,2,2,0,2,0,0,2,2
92,-7331.949,4380.895,-68.726,38.098,0.788432,-0.615071,0.007943,0.612940,0.784482,-0.094296,0.051768,0.079215,0.995512,0,0.91403,-0.52858,54.842,-1.057,-1,375.000,-1,375.000,-1,300.000,300.000,300.000,300.000,-1,-1,625.000,-1,725.000,700.000,-1,-1,2,0,2,0,2,0,0,0,0,2,2,0,2,0,0,2,2
93,-7288.175,4413.933,-65.857,37.041,0.799677,-0.600382,0.007685,0.598207,0.795550,-0.096167,0.051623,0.081499,0.995336,0,0.91403,-0.52858,54.842,-1.057,-1,375.000,-1,375.000,-1,300.000,300.000,300.000,300.000,-1,-1,625.000,-1,725.000,700.000,-1,-1,2,0,2,0,2,0,0,0,0,2,2,0,2,0,0,2,2
94,-7243.798,4446.158,-62.823,35.984,0.810623,-0.585534,0.006350,0.583248,0.806398,-0.097691,0.052080,0.082894,0.995197,0,0.91403,-0.52858,54.842,-1.057,-1,375.000,-1,375.000,-1,325.000,325.000,300.000,300.000,-1,750.000,625.000,-1,750.000,700.000,-1,-1,2,0,2,0,2,0,0,0,0,2,0,0,2,0,0,2,2
95,-7198.834,4477.558,-59.860,34.927,0.821289,-0.570490,0.005038,0.568098,0.816969,-0.099126,0.052434,0.084273,0.995062,0,0.91403,-0.52858,54.842,-1.057,-1,375.000,-1,375.000,-1,325.000,325.000,300.000,300.000,-1,750.000,625.000,-1,775.000,725.000,-1,-1,2,0,2,0,2,0,0,0,0,2,0,0,2,0,0,2,2
96,-7153.298,4508.124,-56.970,33.869,0.831672,-0.555255,0.003751,0.552763,0.827260,-0.100474,0.052686,0.085635,0.994933,0,0.91403,-0.52858,54.842,-1.057,-1,400.000,-1,375.000,-1,325.000,325.000,300.000,300.000,-1,750.000,600.000,-1,800.000,725.000,-1,-1,2,0,2,0,2,0,0,0,0,2,0,0,2,0,0,2,2
97,-7107.206,4537.844,-54.181,32.812,0.841764,-0.539840,0.002517,0.537264,0.837274,-0.101589,0.052734,0.086866,0.994823,0,0.91403,-0.52858,54.842,-1.057,-1,400.000,-1,375.000,-1,325.000,325.000,300.000,300.000,-1,750.000,625.000,-1,825.000,725.000,-1,-1,2,0,2,0,2,0,0,0,0,2,0,0,2,0,0,2,2
98,-7060.573,4566.708,-51.483,31.755,0.851565,-0.524248,0.001358,0.521605,0.847006,-0.102514,0.052593,0.088006,0.994731,0,0.91403,-0.52858,54.842,-1.057,-1,400.000,-1,375.000,-1,325.000,325.000,300.000,300.000,-1,750.000,625.000,-1,850.000,725.000,-1,-1,2,0,2,0,2,0,0,0,0,2,0,0,2,0,0,2,2
99,-7017.437,4592.077,-49.107,30.458,0.863190,-0.504880,0.000348,0.502211,0.858556,-0.103280,0.051845,0.089325,0.994652,0,0.83403,-0.64858,50.042,-1.297,-1,400.000,-1,375.000,-1,325.000,325.000,300.000,300.000,-1,775.000,625.000,-1,875.000,725.000,-1,-1,2,0,2,0,2,0,0,0,0,2,0,0,2,0,0,2,2
100,-6977.836,4613.958,-47.036,28.921,0.876391,-0.481599,-0.000560,0.478938,0.871668,-0.103986,0.050568,0.090864,0.994579,0,0.75403,-0.76858,45.242,-1.537,-1,400.000,-1,375.000,-1,325.000,325.000,300.000,300.000,-1,800.000,650.000,-1,900.000,750.000,-1,-1,2,0,2,0,2,0,0,0,0,2,0,0,2,0,0,2,2
101,-6939.187,4633.924,-45.120,27.320,0.889463,-0.457005,-0.001370,0.454387,0.884679,-0.104292,0.048874,0.092141,0.994546,0,0.72501,-0.80046,43.501,-1.601,-1,400.000,-1,375.000,-1,325.000,325.000,300.000,300.000,-1,825.000,675.000,-1,925.000,750.000,-1,-1,2,0,2,0,2,0,0,0,0,2,0,0,2,0,0,2,2
102,-6899.995,4652.803,-43.190,25.719,0.901831,-0.432085,-0.002003,0.429562,0.897046,-0.103849,0.046669,0.092794,0.994591,0,0.72501,-0.80046,43.501,-1.601,-1,400.000,-1,375.000,-1,325.000,325.000,300.000,300.000,-1,875.000,725.000,-1,950.000,750.000,-1,-1,2,0,2,0,2,0,0,0,0,2,0,0,2,0,0,2,2
103,-6860.290,4670.579,-41.386,24.118,0.913498,-0.406834,-0.002569,0.404416,0.908721,-0.103314,0.044366,0.093338,0.994645,0,0.72501,-0.80046,43.501,-1.601,-1,400.000,-1,375.000,-1,325.000,325.000,300.000,300.000,-1,950.000,800.000,-1,975.000,750.000,-1,-1,2,0,2,0,2,0,0,0,0,2,0,0,2,0,0,2,2
104,-6820.104,4687.238,-39.705,22.517,0.924458,-0.381272,-0.003068,0.378966,0.919694,-0.102703,0.041980,0.093782,0.994707,0,0.72501,-0.80046,43.501,-1.601,-1,425.000,-1,375.000,-1,325.000,325.000,300.000,300.000,-1,1000.000,850.000,-1,1000.000,725.000,-1,-1,2,0,2,0,2,0,0,0,0,2,0,0,2,0,0,2,2
105,-6779.468,4702.768,-38.146,20.916,0.934701,-0.355418,-0.003503,0.353231,0.929956,-0.102031,0.039521,0.094131,0.994775,0,0.72501,-0.80046,43.501,-1.601,-1,425.000,-1,375.000,-1,325.000,325.000,300.000,300.000,-1,-1,925.000,-1,1000.000,725.000,-1,-1,2,0,2,0,2,0,0,0,0,2,2,0,2,0,0,2,2
106,-6738.415,4717.157,-36.708,19.315,0.944221,-0.329290,-0.003878,0.327227,0.939499,-0.101313,0.037005,0.094392,0.994847,0,0.72501,-0.80046,43.501,-1.601,-1,425.000,-1,375.000,-1,325.000,325.000,300.000,300.000,-1,-1,1000.000,-1,-1,725.000,-1,-1,2,0,2,0,2,0,0,0,0,2,2,0,2,2,0,2,2
107,-6696.975,4730.393,-35.387,17.714,0.953010,-0.302909,-0.004199,0.300974,0.948315,-0.100564,0.034444,0.094575,0.994922,0,0.72501,-0.80046,43.501,-1.601,-1,425.000,-1,375.000,-1,325.000,325.000,300.000,300.000,-1,-1,-1,-1,-1,725.000,-1,-1,2,0,2,0,2,0,0,0,0,2,2,2,2,2,0,2,2
108,-6655.182,4742.467,-34.183,16.114,0.961063,-0.276294,-0.004474,0.274488,0.956398,-0.099798,0.031852,0.094685,0.994998,0,0.72501,-0.80046,43.501,-1.601,-1,425.000,-1,375.000,-1,325.000,325.000,300.000,300.000,-1,-1,-1,-1,-1,725.000,-1,-1,2,0,2,0,2,0,0,0,0,2,2,2,2,2,0,2,2
109,-6613.067,4753.366,-32.958,14.513,0.968369,-0.249481,-0.004500,0.247847,0.963798,-0.098314,0.028864,0.094089,0.995145,0,0.72501,-0.80046,43.501,-1.601,-1,425.000,-1,375.000,-1,325.000,325.000,300.000,300.000,-1,-1,-1,-1,-1,725.000,-1,-1,2,0,2,0,2,0,0,0,0,2,2,2,2,2,0,2,2
110,-6570.665,4763.085,-31.759,12.912,0.974926,-0.222481,-0.004693,0.221005,0.970492,-0.096447,0.026012,0.092991,0.995327,0,0.72501,-0.80046,43.501,-1.601,-1,425.000,-1,375.000,-1,325.000,325.000,300.000,300.000,-1,-1,-1,-1,-1,700.000,-1,-1,2,0,2,0,2,0,0,0,0,2,2,2,2,2,0,2,2
111,-6528.007,4771.615,-30.673,11.311,0.980731,-0.195303,-0.004905,0.193975,0.976439,-0.094559,0.023257,0.091785,0.995507,0,0.72501,-0.80046,43.501,-1.601,-1,425.000,-1,375.000,-1,325.000,325.000,300.000,300.000,-1,-1,-1,-1,-1,700.000,-1,-1,2,0,2,0,2,0,0,0,0,2,2,2,2,2,0,2,2
112,-6485.128,4778.950,-29.697,9.710,0.985781,-0.167966,-0.004858,0.166801,0.981625,-0.092678,0.020336,0.090550,0.995684,0,0.72501,-0.80046,43.501,-1.601,-1,425.000,-1,375.000,-1,325.000,325.000,300.000,300.000,-1,-1,-1,-1,1000.000,700.000,-1,-1,2,0,2,0,2,0,0,0,0,2,2,2,2,0,0,2,2
113,-6442.060,4785.084,-28.889,8.109,0.990070,-0.140496,-0.004698,0.139498,0.986069,-0.090599,0.017362,0.089043,0.995876,0,0.72501,-0.80046,43.501,-1.601,-1,425.000,-1,375.000,-1,325.000,325.000,300.000,300.000,-1,-1,-1,-1,975.000,675.000,-1,-1,2,0,2,0,2,0,0,0,0,2,2,2,2,0,0,2,2
114,-6398.838,4790.012,-28.200,6.508,0.993595,-0.112908,-0.004585,0.112063,0.989750,-0.088529,0.014534,0.087448,0.996063,0,0.72501,-0.80046,43.501,-1.601,-1,425.000,-1,375.000,-1,325.000,300.000,300.000,300.000,-1,-1,-1,-1,950.000,675.000,-1,-1,2,0,2,0,2,0,0,0,0,2,2,2,2,0,0,2,2
115,-6355.495,4793.731,-27.622,4.907,0.996351,-0.085226,-0.004525,0.084517,0.992662,-0.086479,0.011862,0.085781,0.996243,0,0.72501,-0.80046,43.501,-1.601,-1,425.000,-1,375.000,-1,325.000,300.000,325.000,300.000,-1,-1,-1,-1,925.000,675.000,-1,-1,2,0,2,0,2,0,0,0,0,2,2,2,2,0,0,2,2
116,-6312.066,4796.237,-27.147,3.306,0.998337,-0.057468,-0.004527,0.056882,0.994802,-0.084457,0.009357,0.084060,0.996417,0,0.72501,-0.80046,43.501,-1.601,-1,425.000,-1,375.000,-1,325.000,300.000,325.000,325.000,-1,-1,-1,-1,900.000,650.000,-1,-1,2,0,2,0,2,0,0,0,0,2,2,2,2,0,0,2,2
117,-6268.583,4797.529,-26.766,1.705,0.999550,-0.029658,-0.004599,0.029178,0.996166,-0.082473,0.007027,0.082302,0.996583,0,0.72501,-0.80046,43.501,-1.601,-1,400.000,-1,375.000,1000.000,325.000,300.000,325.000,325.000,-1,-1,-1,-1,875.000,650.000,-1,-1,2,0,2,0,0,0,0,0,0,2,2,2,2,0,0,2,2
118,-6225.081,4797.606,-26.472,0.104,0.999987,-0.001816,-0.004751,0.001428,0.996751,-0.080533,0.004882,0.080525,0.996741,0,0.72501,-0.80046,43.501,-1.601,-1,400.000,-1,375.000,1000.000,325.000,300.000,325.000,325.000,-1,-1,-1,-1,875.000,650.000,-1,-1,2,0,2,0,0,0,0,0,0,2,2,2,2,0,0,2,2
119,-6181.594,4796.468,-26.257,-1.497,0.999649,0.026035,-0.004994,-0.026347,0.996554,-0.078645,0.002929,0.078749,0.996890,0,0.72501,-0.80046,43.501,-1.601,-1,400.000,-1,375.000,975.000,325.000,300.000,325.000,325.000,-1,-1,-1,-1,850.000,650.000,-1,-1,2,0,2,0,0,0,0,0,0,2,2,2,2,0,0,2,2
120,-6138.156,4794.115,-26.111,-3.097,0.998534,0.053874,-0.005337,-0.054125,0.995575,-0.076814,0.001175,0.076990,0.997031,0,0.72501,-0.80046,43.501,-1.601,-1,400.000,-1,375.000,950.000,325.000,300.000,325.000,325.000,-1,975.000,-1,-1,825.000,625.000,-1,-1,2,0,2,0,0,0,0,0,0,2,0,2,2,0,0,2,2
121,-6094.801,4790.550,-26.027,-4.698,0.996642,0.081677,-0.005791,-0.081881,0.993813,-0.075045,-0.000374,0.075267,0.997163,0,0.72501,-0.80046,43.501,-1.601,-1,400.000,-1,350.000,950.000,300.000,300.000,325.000,325.000,-1,875.000,-1,-1,800.000,625.000,-1,1000.000,2,0,2,0,0,0,0,0,0,2,0,2,2,0,0,2,0
122,-6051.562,4785.776,-25.996,-6.299,0.993975,0.109424,-0.006369,-0.109596,0.991267,-0.073343,-0.001712,0.073599,0.997286,0,0.72501,-0.80046,43.501,-1.601,-1,375.000,-1,350.000,925.000,300.000,300.000,325.000,325.000,-1,775.000,-1,-1,775.000,625.000,-1,975.000,2,0,2,0,0,0,0,0,0,2,0,2,2,0,0,2,0
123,-6003.692,4779.335,-26.022,-7.660,0.991097,0.132953,-0.007103,-0.133119,0.988518,-0.071495,-0.002484,0.071804,0.997416,0,0.80501,-0.68046,48.301,-1.361,-1,375.000,-1,350.000,925.000,300.000,300.000,325.000,325.000,-1,700.000,975.000,-1,750.000,625.000,-1,950.000,2,0,2,0,0,0,0,0,0,2,0,0,2,0,0,2,0
124,-5951.214,4771.227,-26.098,-8.781,0.988304,0.152286,-0.008027,-0.152474,0.985863,-0.069474,-0.002667,0.069885,0.997551,0,0.88501,-0.56046,53.101,-1.121,-1,375.000,-1,350.000,900.000,300.000,300.000,350.000,325.000,-1,650.000,900.000,-1,750.000,600.000,-1,925.000,2,0,2,0,0,0,0,0,0,2,0,0,2,0,0,2,0
125,-5898.298,4762.217,-26.097,-9.662,0.985832,0.167442,-0.009929,-0.167729,0.983505,-0.067709,-0.001572,0.068415,0.997656,0,0.89461,-0.44046,53.677,-0.881,-1,375.000,-1,350.000,900.000,300.000,300.000,350.000,325.000,-1,550.000,800.000,-1,725.000,600.000,-1,900.000,2,0,2,0,0,0,0,0,0,2,0,0,2,0,0,2,0
126,-5845.486,4752.616,-25.944,-10.303,0.983876,0.178451,-0.011947,-0.178850,0.981669,-0.065868,-0.000026,0.066943,0.997757,0,0.89461,-0.32046,53.677,-0.641,-1,375.000,-1,350.000,900.000,300.000,300.000,350.000,325.000,-1,450.000,725.000,-1,725.000,600.000,-1,900.000,2,0,2,0,0,0,0,0,0,2,0,0,2,0,0,2,0
127,-5792.744,4742.645,-25.501,-10.704,0.982571,0.185344,-0.014239,-0.185876,0.980549,-0.063042,0.002278,0.064590,0.997909,0,0.89461,-0.20046,53.677,-0.401,-1,375.000,-1,350.000,900.000,300.000,300.000,350.000,325.000,-1,375.000,625.000,-1,700.000,600.000,-1,875.000,2,0,2,0,0,0,0,0,0,2,0,0,2,0,0,2,0
128,-5740.029,4732.526,-25.007,-10.865,0.982006,0.188125,-0.016506,-0.188786,0.980170,-0.060221,0.004850,0.062254,0.998049,0,0.89461,-0.08046,53.677,-0.161,-1,375.000,-1,350.000,900.000,300.000,300.000,350.000,325.000,-1,325.000,550.000,-1,700.000,625.000,-1,875.000,2,0,2,0,0,0,0,0,0,2,0,0,2,0,0,2,0
129,-5687.301,4722.480,-24.451,-10.786,0.982220,0.186799,-0.018723,-0.187579,0.980570,-0.057406,0.007636,0.059898,0.998175,0,0.89461,0.03954,53.677,0.079,-1,400.000,-1,350.000,875.000,300.000,300.000,350.000,325.000,-1,300.000,500.000,-1,700.000,600.000,-1,850.000,2,0,2,0,0,0,0,0,0,2,0,0,2,0,0,2,0
130,-5634.518,4712.727,-23.826,-10.467,0.983196,0.181361,-0.020849,-0.182249,0.981736,-0.054587,0.010568,0.057469,0.998291,0,0.89461,0.15954,53.677,0.319,-1,400.000,-1,350.000,850.000,300.000,300.000,350.000,325.000,-1,275.000,475.000,-1,700.000,600.000,-1,825.000,2,0,2,0,0,0,0,0,0,2,0,0,2,0,0,2,0
131,-5581.642,4703.490,-23.179,-9.907,0.984871,0.171799,-0.022657,-0.172766,0.983611,-0.051581,0.013424,0.054715,0.998412,0,0.89461,0.27954,53.677,0.559,-1,400.000,-1,350.000,825.000,325.000,300.000,350.000,325.000,-1,275.000,475.000,-1,700.000,600.000,-1,825.000,2,0,2,0,0,0,0,0,0,2,0,0,2,0,0,2,0
132,-5528.664,4694.860,-22.442,-9.250,0.986729,0.160531,-0.024428,-0.161561,0.985665,-0.048610,0.016275,0.051912,0.998519,0,0.89461,0.32858,53.677,0.657,-1,375.000,-1,350.000,800.000,325.000,300.000,350.000,325.000,-1,275.000,475.000,-1,700.000,600.000,-1,800.000,2,0,2,0,0,0,0,0,0,2,0,0,2,0,0,2,0
133,-5475.590,4686.839,-21.620,-8.593,0.988455,0.149237,-0.026167,-0.150314,0.987584,-0.045655,0.019029,0.049061,0.998615,0,0.89461,0.32858,53.677,0.657,-1,375.000,-1,350.000,775.000,300.000,300.000,350.000,325.000,-1,275.000,475.000,-1,700.000,575.000,-1,775.000,2,0,2,0,0,0,0,0,0,2,0,0,2,0,0,2,0
134,-5422.427,4679.426,-20.720,-7.936,0.990051,0.137919,-0.027872,-0.139026,0.989367,-0.042714,0.021685,0.046164,0.998698,0,0.89461,0.32858,53.677,0.657,-1,375.000,-1,350.000,775.000,300.000,300.000,350.000,325.000,-1,275.000,475.000,-1,700.000,575.000,-1,750.000,2,0,2,0,0,0,0,0,0,2,0,0,2,0,0,2,0
135,-5369.183,4672.624,-19.747,-7.279,0.991516,0.126579,-0.029545,-0.127700,0.991014,-0.039788,0.024243,0.043224,0.998771,0,0.89461,0.32858,53.677,0.657,-1,375.000,-1,350.000,750.000,300.000,300.000,350.000,325.000,-1,275.000,475.000,-1,700.000,575.000,-1,725.000,2,0,2,0,0,0,0,0,0,2,0,0,2,0,0,2,0
136,-5315.865,4666.433,-18.708,-6.622,0.992851,0.115218,-0.031185,-0.116339,0.992525,-0.036877,0.026703,0.040241,0.998833,0,0.89461,0.32858,53.677,0.657,-1,375.000,-1,350.000,725.000,300.000,300.000,350.000,325.000,-1,275.000,475.000,-1,700.000,550.000,-1,725.000,2,0,2,0,0,0,0,0,0,2,0,0,2,0,0,2,0
