timestep,x_cm,y_cm,z_cm,yaw_deg,basis_xx,basis_xy,basis_xz,basis_yx,basis_yy,basis_yz,basis_zx,basis_zy,basis_zz,teleport_flag,throttle_cmd,steering_cmd,cmd_move_cm,cmd_turn_deg,lidar_cm_0,lidar_cm_1,lidar_cm_2,lidar_cm_3,lidar_cm_4,lidar_cm_5,lidar_cm_6,lidar_cm_7,lidar_cm_8,lidar_cm_9,lidar_cm_10,lidar_cm_11,lidar_cm_12,lidar_cm_13,lidar_cm_14,lidar_cm_15,lidar_cm_16,lidar_class_0,lidar_class_1,lidar_class_2,lidar_class_3,lidar_class_4,lidar_class_5,lidar_class_6,lidar_class_7,lidar_class_8,lidar_class_9,lidar_class_10,lidar_class_11,lidar_class_12,lidar_class_13,lidar_class_14,lidar_class_15,lidar_class_16
0,4263.538,8199.147,-23.259,104.414,-0.248728,-0.966854,-0.057688,0.968568,-0.248489,-0.011392,-0.003320,-0.058708,0.998270,1,0.00000,0.00000,4.800,0.240,-1,375.000,-1,400.000,-1,325.000,325.000,325.000,325.000,-1,-1,-1,-1,-1,800.000,-1,-1,2,0,2,0,2,0,0,0,0,2,2,2,2,2,0,2,2
1,4264.436,8195.711,-23.242,104.654,-0.252767,-0.965803,-0.057733,0.967520,-0.252536,-0.011385,-0.003584,-0.058736,0.998267,0,-0.05920,0.12000,-3.552,0.240,-1,375.000,-1,400.000,-1,325.000,325.000,325.000,325.000,-1,-1,-1,-1,-1,800.000,-1,-1,2,0,2,0,2,0,0,0,0,2,2,2,2,2,0,2,2
2,4265.377,8192.234,-23.217,105.134,-0.260834,-0.963653,-0.057776,0.965375,-0.260618,-0.011369,-0.004101,-0.058741,0.998265,0,-0.06001,0.24000,-3.601,0.480,-1,375.000,-1,400.000,-1,325.000,325.000,325.000,325.000,-1,-1,-1,-1,-1,800.000,-1,-1,2,0,2,0,2,0,0,0,0,2,2,2,2,2,0,2,2
3,4266.371,8188.732,-23.184,105.854,-0.272900,-0.960304,-0.057816,0.962030,-0.272707,-0.011343,-0.004874,-0.058717,0.998263,0,-0.06067,0.36000,-3.640,0.720,-1,375.000,-1,400.000,-1,325.000,325.000,325.000,325.000,-1,-1,-1,-1,-1,800.000,-1,-1,2,0,2,0,2,0,0,0,0,2,2,2,2,2,0,2,2
4,4267.424,8185.215,-23.146,106.672,-0.286563,-0.956313,-0.057856,0.958044,-0.286397,-0.011311,-0.005753,-0.058670,0.998261,0,-0.06119,0.40921,-3.671,0.818,-1,375.000,-1,400.000,-1,325.000,325.000,325.000,325.000,-1,-1,-1,-1,-1,800.000,-1,-1,2,0,2,0,2,0,0,0,0,2,2,2,2,2,0,2,2
5,4268.536,8181.684,-23.104,107.483,-0.300038,-0.952169,-0.057895,0.953904,-0.299899,-0.011276,-0.006626,-0.058609,0.998259,0,-0.06170,0.40531,-3.702,0.811,-1,375.000,-1,400.000,-1,325.000,325.000,325.000,325.000,-1,-1,-1,-1,-1,800.000,-1,-1,2,0,2,1,2,0,0,0,0,2,2,2,2,2,0,2,2
6,4269.709,8178.136,-23.058,108.285,-0.313326,-0.947877,-0.057934,0.949616,-0.313214,-0.011238,-0.007494,-0.058536,0.998257,0,-0.06227,0.40148,-3.736,0.803,-1,375.000,-1,400.000,-1,325.000,325.000,325.000,325.000,-1,-1,-1,-1,-1,800.000,-1,-1,2,0,2,1,2,0,0,0,0,2,2,2,2,2,1,2,2
7,4270.943,8174.568,-23.009,109.081,-0.326430,-0.943442,-0.057973,0.945184,-0.326345,-0.011197,-0.008355,-0.058450,0.998255,0,-0.06292,0.39772,-3.775,0.795,-1,375.000,-1,400.000,-1,325.000,325.000,325.000,325.000,-1,-1,-1,-1,-1,825.000,-1,-1,2,0,2,1,2,0,0,0,0,2,2,2,2,2,1,2,2
8,4272.240,8170.977,-22.956,109.869,-0.339351,-0.938869,-0.058011,0.940615,-0.339292,-0.011153,-0.009211,-0.058351,0.998254,0,-0.06363,0.39405,-3.818,0.788,-1,375.000,-1,400.000,-1,325.000,325.000,325.000,325.000,-1,-1,-1,-1,-1,875.000,-1,-1,2,0,2,1,2,0,0,0,0,2,2,2,2,2,1,2,2
9,4273.603,8167.360,-22.899,110.650,-0.352090,-0.934164,-0.058050,0.935912,-0.352059,-0.011107,-0.010062,-0.058240,0.998252,0,-0.06441,0.39044,-3.865,0.781,-1,375.000,-1,400.000,-1,325.000,325.000,325.000,325.000,-1,-1,-1,-1,-1,950.000,-1,-1,2,0,2,1,2,0,0,0,0,2,2,2,2,2,1,2,2
10,4275.034,8163.715,-22.838,111.424,-0.364650,-0.929331,-0.058089,0.931081,-0.364646,-0.011057,-0.010906,-0.058117,0.998250,0,-0.06526,0.38692,-3.915,0.774,-1,375.000,-1,400.000,-1,325.000,325.000,325.000,325.000,-1,-1,-1,-1,-1,-1,-1,-1,2,0,2,1,2,0,0,0,0,2,2,2,2,2,2,2,2
11,4276.533,8160.039,-22.773,112.191,-0.377032,-0.924374,-0.058127,0.926126,-0.377055,-0.011005,-0.011745,-0.057982,0.998249,0,-0.06617,0.38346,-3.970,0.767,-1,375.000,-1,400.000,-1,325.000,325.000,325.000,325.000,-1,-1,-1,-1,-1,-1,-1,-1,2,0,2,1,2,0,0,0,0,2,2,2,2,2,2,2,2
12,4278.104,8156.329,-22.704,112.951,-0.389239,-0.919298,-0.058166,0.921051,-0.389288,-0.010949,-0.012578,-0.057836,0.998247,0,-0.06714,0.38008,-4.028,0.760,-1,375.000,-1,400.000,-1,325.000,325.000,325.000,325.000,-1,-1,-1,-1,-1,-1,-1,-1,2,0,2,1,2,0,0,0,0,2,2,2,2,2,2,2,2
13,4279.748,8152.584,-22.631,113.704,-0.401272,-0.914108,-0.058204,0.915861,-0.401348,-0.010891,-0.013405,-0.057677,0.998245,0,-0.06817,0.37677,-4.090,0.754,-1,375.000,-1,400.000,-1,325.000,325.000,325.000,325.000,-1,-1,-1,-1,-1,-1,-1,-1,2,0,2,1,2,0,0,0,0,2,2,2,2,2,2,2,2
14,4281.469,8148.801,-22.553,114.451,-0.413134,-0.908806,-0.058242,0.910559,-0.413237,-0.010829,-0.014226,-0.057507,0.998244,0,-0.06926,0.37353,-4.156,0.747,-1,375.000,-1,400.000,-1,325.000,325.000,325.000,325.000,-1,-1,-1,-1,-1,-1,-1,-1,2,0,2,0,2,0,0,0,0,2,2,2,2,2,2,2,2
15,4283.267,8144.978,-22.471,115.192,-0.424825,-0.903397,-0.058280,0.905150,-0.424955,-0.010764,-0.015042,-0.057325,0.998242,0,-0.07041,0.37036,-4.225,0.741,-1,375.000,-1,400.000,-1,325.000,325.000,325.000,325.000,-1,-1,-1,-1,-1,-1,-1,-1,2,0,2,0,2,0,0,0,0,2,2,2,2,2,2,2,2
16,4285.146,8141.113,-22.384,115.927,-0.436350,-0.897885,-0.058318,0.899638,-0.436507,-0.010696,-0.015853,-0.057132,0.998241,0,-0.07162,0.36727,-4.297,0.735,-1,375.000,-1,400.000,-1,325.000,325.000,325.000,325.000,-1,-1,-1,-1,-1,-1,-1,-1,2,0,2,0,2,0,0,0,0,2,2,2,2,2,2,2,2
17,4287.108,8137.204,-22.293,116.655,-0.447708,-0.892273,-0.058356,0.894024,-0.447892,-0.010624,-0.016657,-0.056928,0.998239,0,-0.07289,0.36424,-4.373,0.728,-1,375.000,-1,400.000,-1,325.000,325.000,325.000,325.000,-1,-1,-1,-1,-1,-1,-1,-1,2,0,2,0,2,0,0,0,0,2,2,2,2,2,2,2,2
18,4289.156,8133.250,-22.196,117.378,-0.458904,-0.886565,-0.058393,0.888314,-0.459115,-0.010549,-0.017457,-0.056712,0.998238,0,-0.07421,0.36129,-4.453,0.723,-1,375.000,-1,400.000,-1,325.000,325.000,325.000,325.000,-1,-1,-1,-1,700.000,-1,-1,-1,2,0,2,0,2,0,0,0,0,2,2,2,2,0,2,2,2
19,4291.292,8129.249,-22.094,118.095,-0.469939,-0.880763,-0.058430,0.882510,-0.470176,-0.010470,-0.018250,-0.056485,0.998237,0,-0.07559,0.35841,-4.535,0.717,-1,375.000,-1,400.000,-1,325.000,325.000,325.000,325.000,-1,-1,-1,-1,700.000,-1,-1,-1,2,0,2,0,2,0,0,0,0,2,2,2,2,0,2,2,2
20,4293.519,8125.199,-21.987,118.806,-0.480814,-0.874871,-0.058466,0.876616,-0.481079,-0.010388,-0.019039,-0.056247,0.998235,0,-0.07703,0.35560,-4.622,0.711,-1,375.000,-1,400.000,-1,325.000,325.000,325.000,325.000,-1,-1,-1,-1,700.000,-1,-1,-1,2,0,2,0,2,0,0,0,0,2,2,2,2,0,2,2,2
21,4295.839,8121.100,-21.874,119.511,-0.491533,-0.868892,-0.058502,0.870633,-0.491825,-0.010302,-0.019822,-0.055998,0.998234,0,-0.07851,0.35286,-4.711,0.706,-1,375.000,-1,400.000,-1,325.000,325.000,325.000,325.000,-1,-1,-1,-1,700.000,-1,-1,-1,2,0,2,0,2,0,0,0,0,2,2,2,2,0,2,2,2
22,4298.257,8116.948,-21.756,120.212,-0.502098,-0.862827,-0.058538,0.864565,-0.502416,-0.010211,-0.020600,-0.055737,0.998233,0,-0.08006,0.35019,-4.803,0.700,-1,375.000,-1,400.000,-1,325.000,325.000,325.000,325.000,-1,-1,-1,-1,700.000,-1,-1,-1,2,0,2,0,2,0,0,0,0,2,2,2,2,0,2,2,2
23,4300.773,8112.745,-21.632,120.907,-0.512510,-0.856681,-0.058573,0.858415,-0.512856,-0.010117,-0.021372,-0.055465,0.998232,0,-0.08165,0.34759,-4.899,0.695,-1,375.000,-1,400.000,-1,325.000,325.000,325.000,325.000,-1,-1,-1,-1,725.000,-1,-1,-1,2,0,2,0,2,0,0,0,0,2,2,2,2,0,2,2,2
24,4303.392,8108.488,-21.502,121.597,-0.522773,-0.850455,-0.058607,0.852184,-0.523146,-0.010018,-0.022140,-0.055182,0.998231,0,-0.08329,0.34507,-4.998,0.690,-1,375.000,-1,375.000,-1,325.000,325.000,325.000,325.000,-1,-1,-1,-1,725.000,-1,-1,-1,2,0,2,0,2,0,0,0,0,2,2,2,2,0,2,2,2
25,4306.115,8104.177,-21.365,122.282,-0.532888,-0.844151,-0.058641,0.845876,-0.533288,-0.009915,-0.022903,-0.054887,0.998230,0,-0.08499,0.34262,-5.099,0.685,-1,375.000,-1,375.000,-1,325.000,325.000,325.000,325.000,-1,-1,-1,-1,725.000,-1,-1,-1,2,0,2,0,2,0,0,0,0,2,2,2,2,0,2,2,2
26,4308.947,8099.810,-21.222,122.963,-0.542858,-0.837772,-0.058674,0.839491,-0.543285,-0.009808,-0.023660,-0.054581,0.998229,0,-0.08673,0.34024,-5.204,0.680,-1,375.000,-1,375.000,-1,325.000,325.000,325.000,325.000,-1,-1,-1,-1,725.000,-1,-1,-1,2,0,2,0,2,0,0,0,0,2,2,2,2,0,2,2,2
27,4309.170,8099.473,-21.200,123.403,-0.549273,-0.833580,-0.058688,0.835295,-0.549715,-0.009776,-0.024113,-0.054392,0.998228,0,-0.00673,0.22024,-0.404,0.440,-1,375.000,-1,375.000,-1,325.000,325.000,325.000,325.000,-1,-1,-1,-1,725.000,-1,-1,-1,2,0,2,0,2,0,0,0,0,2,2,2,2,0,2,2,2
28,4306.737,8103.134,-21.303,123.604,-0.552185,-0.831654,-0.058685,0.833369,-0.552630,-0.009824,-0.024261,-0.054330,0.998228,0,0.07327,0.10024,4.396,0.200,-1,375.000,-1,375.000,-1,325.000,325.000,325.000,325.000,-1,-1,-1,-1,725.000,-1,-1,-1,2,0,2,0,2,0,0,0,0,2,2,2,2,0,2,2,2
29,4301.653,8110.797,-21.528,123.564,-0.551617,-0.832032,-0.058661,0.833749,-0.552054,-0.009950,-0.024105,-0.054397,0.998228,0,0.15327,-0.01976,9.196,-0.040,-1,375.000,-1,375.000,-1,325.000,325.000,325.000,325.000,-1,-1,-1,-1,725.000,-1,-1,-1,2,0,2,0,2,0,0,0,0,2,2,2,2,0,2,2,2
30,4293.972,8122.497,-21.871,123.285,-0.547566,-0.834707,-0.058614,0.836428,-0.547983,-0.010150,-0.023647,-0.054584,0.998229,0,0.23327,-0.13976,13.996,-0.280,-1,375.000,-1,375.000,-1,325.000,325.000,325.000,325.000,-1,-1,-1,-1,725.000,-1,-1,-1,2,0,2,0,2,0,0,0,0,2,2,2,2,0,2,2,2
31,4283.799,8138.302,-22.319,122.765,-0.539999,-0.839628,-0.058537,0.841355,-0.540383,-0.010416,-0.022887,-0.054875,0.998231,0,0.31327,-0.25976,18.796,-0.520,-1,375.000,-1,375.000,-1,325.000,325.000,325.000,325.000,-1,-1,-1,-1,700.000,-1,-1,-1,2,0,2,0,2,0,0,0,0,2,2,2,2,0,2,2,2
32,4271.290,8158.310,-22.857,122.015,-0.528984,-0.846619,-0.058422,0.848351,-0.529325,-0.010736,-0.021835,-0.055241,0.998234,0,0.39327,-0.37536,23.596,-0.751,-1,375.000,-1,375.000,-1,325.000,325.000,325.000,325.000,-1,-1,-1,-1,700.000,-1,-1,-1,2,0,2,0,2,0,0,0,0,2,2,2,2,0,2,2,2
33,4256.551,8182.582,-23.465,121.268,-0.517937,-0.853432,-0.058265,0.855168,-0.518233,-0.011090,-0.020730,-0.055571,0.998240,0,0.47327,-0.37351,28.396,-0.747,-1,375.000,-1,400.000,-1,325.000,325.000,325.000,325.000,-1,-1,-1,-1,700.000,-1,-1,-1,2,0,2,1,2,0,0,0,0,2,2,2,2,0,2,2,2
34,4239.691,8211.177,-24.129,120.524,-0.506861,-0.860071,-0.058058,0.861806,-0.507109,-0.011471,-0.019576,-0.055849,0.998247,0,0.55327,-0.37168,33.196,-0.743,-1,375.000,-1,425.000,-1,325.000,325.000,325.000,325.000,-1,-1,-1,-1,-1,-1,-1,-1,2,0,2,1,2,0,0,0,0,2,2,2,2,2,2,2,2
35,4220.817,8244.154,-24.833,119.785,-0.495761,-0.866535,-0.057786,0.868265,-0.495959,-0.011872,-0.018372,-0.056060,0.998258,0,0.63327,-0.36980,37.996,-0.740,-1,375.000,-1,525.000,-1,325.000,325.000,325.000,325.000,-1,-1,-1,-1,-1,-1,-1,-1,2,0,2,1,2,0,0,0,0,2,2,2,2,2,2,2,2
36,4200.037,8281.567,-25.572,119.049,-0.484641,-0.872826,-0.057418,0.874545,-0.484791,-0.012235,-0.017157,-0.056144,0.998275,0,0.71327,-0.36781,42.796,-0.736,-1,375.000,-1,-1,-1,325.000,325.000,325.000,325.000,-1,-1,-1,-1,-1,-1,-1,-1,2,0,2,2,2,0,1,0,0,2,2,2,2,2,2,2,2
37,4177.459,8323.467,-26.332,118.318,-0.473512,-0.878946,-0.056933,0.880643,-0.473614,-0.012546,-0.015937,-0.056078,0.998299,0,0.79327,-0.36562,47.596,-0.731,-1,375.000,-1,-1,-1,325.000,450.000,325.000,325.000,-1,-1,-1,-1,-1,-1,-1,-1,2,0,2,2,2,0,1,0,0,2,2,2,2,2,2,2,2
38,4153.191,8369.905,-27.080,117.591,-0.462385,-0.884887,-0.056341,0.886558,-0.462438,-0.012873,-0.014663,-0.055901,0.998329,0,0.87327,-0.36316,52.396,-0.726,-1,-1,-1,-1,-1,-1,-1,325.000,325.000,-1,-1,-1,-1,-1,-1,-1,-1,2,2,2,2,2,2,2,0,0,2,2,2,2,2,2,2,2
39,4127.341,8420.926,-27.863,116.871,-0.451289,-0.890661,-0.055321,0.892281,-0.451285,-0.013282,-0.013135,-0.055356,0.998380,0,0.95327,-0.36036,57.196,-0.721,-1,-1,-1,-1,-1,-1,-1,325.000,325.000,-1,-1,-1,-1,-1,-1,-1,-1,2,2,2,2,2,2,2,0,0,2,2,2,2,2,2,2,2
40,4101.125,8474.896,-29.076,115.910,-0.436310,-0.898226,-0.053143,0.899705,-0.436348,-0.011498,-0.012862,-0.052830,0.998521,0,1.00000,-0.48036,60.000,-0.961,-1,-1,-1,-1,-1,-1,-1,325.000,325.000,-1,-1,-1,-1,-1,-1,-1,-1,2,2,2,2,2,2,2,0,0,2,2,2,2,2,2,2,2
41,4075.823,8529.300,-31.476,114.946,-0.421027,-0.905774,-0.048061,0.906898,-0.421329,-0.004155,-0.016486,-0.045336,0.998836,0,1.00000,-0.48201,60.000,-0.964,-1,-1,-1,-1,-1,-1,-1,325.000,300.000,-1,-1,-1,-1,-1,-1,-1,-1,2,2,2,2,2,2,2,0,0,2,2,2,2,2,2,2,2
42,4051.427,8584.118,-34.330,113.995,-0.405849,-0.913002,-0.041404,0.913679,-0.406399,0.005497,-0.021845,-0.035599,0.999127,0,1.00000,-0.47548,60.000,-0.951,-1,-1,-1,-1,-1,-1,-1,325.000,275.000,-1,-1,-1,-1,-1,-1,-1,-1,2,2,2,2,2,2,2,0,0,2,2,2,2,2,2,2,2
43,4027.931,8639.326,-37.640,113.059,-0.390888,-0.919839,-0.033203,0.919989,-0.391570,0.017131,-0.028759,-0.023851,0.999302,0,1.00000,-0.46790,60.000,-0.936,-1,-1,-1,-1,-1,-1,-1,350.000,250.000,-1,-1,-1,-1,-1,-1,-1,-1,2,2,2,2,2,2,2,0,0,2,2,2,2,2,2,2,2
44,4005.308,8694.901,-48.114,112.141,-0.374144,-0.925595,-0.057354,0.925479,-0.376615,0.040627,-0.059204,-0.037879,0.997527,0,1.00000,-0.45916,60.000,-0.918,-1,-1,-1,-1,-1,-1,-1,275.000,250.000,-1,-1,-1,-1,-1,-1,-1,-1,2,2,2,2,2,2,2,0,0,2,2,2,2,2,2,2,2
45,-7543.102,9511.042,-235.184,-75.100,0.266877,0.954966,0.129678,-0.961235,0.254089,0.107076,0.069304,-0.153227,0.985758,1,0.00000,0.00000,60.000,-0.898,-1,400.000,-1,275.000,-1,300.000,250.000,250.000,250.000,475.000,450.000,750.000,-1,-1,-1,-1,-1,2,1,2,1,2,1,1,0,1,0,0,0,2,2,2,2,2
46,6231.360,2295.766,20.219,-19.446,0.941540,0.332859,-0.052030,-0.333442,0.942767,-0.002708,0.048150,0.019899,0.998642,1,0.00000,0.00000,4.800,0.240,-1,400.000,-1,400.000,-1,325.000,325.000,300.000,325.000,-1,-1,-1,-1,775.000,750.000,-1,-1,2,0,2,0,2,0,0,0,0,2,2,2,2,0,0,2,2
47,6235.891,2294.181,20.448,-19.287,0.942464,0.330230,-0.052054,-0.330810,0.943693,-0.002711,0.048228,0.019775,0.998641,0,0.08000,0.07987,4.800,0.160,-1,400.000,-1,400.000,-1,325.000,325.000,300.000,325.000,-1,-1,-1,-1,775.000,750.000,-1,-1,2,0,2,0,2,0,0,0,0,2,2,2,2,0,0,2,2
48,6244.961,2291.035,20.909,-19.127,0.943380,0.327599,-0.052091,-0.328176,0.944613,-0.002710,0.048318,0.019652,0.998639,0,0.16000,0.07987,9.600,0.160,-1,400.000,-1,400.000,-1,325.000,325.000,300.000,325.000,-1,-1,-1,-1,775.000,750.000,-1,-1,2,0,2,0,2,0,0,0,0,2,2,2,2,0,0,2,2
49,6258.579,2286.355,21.605,-18.967,0.944288,0.324965,-0.052139,-0.325539,0.945525,-0.002702,0.048420,0.019525,0.998636,0,0.24000,0.07987,14.400,0.160,-1,400.000,-1,400.000,-1,325.000,325.000,300.000,325.000,-1,-1,-1,-1,775.000,750.000,-1,-1,2,0,2,0,2,0,0,0,0,2,2,2,2,0,0,2,2
50,6276.754,2280.165,22.536,-18.807,0.945188,0.322328,-0.052194,-0.322900,0.946429,-0.002683,0.048533,0.019390,0.998633,0,0.32000,0.07987,19.200,0.160,-1,400.000,-1,400.000,-1,325.000,325.000,300.000,325.000,-1,-1,-1,-1,775.000,750.000,-1,-1,2,0,2,0,2,0,0,0,0,2,2,2,2,0,0,2,2
51,6299.494,2272.491,23.707,-18.648,0.946080,0.319689,-0.052255,-0.320257,0.947327,-0.002647,0.048657,0.019239,0.998630,0,0.40000,0.07987,24.000,0.160,-1,400.000,-1,400.000,-1,325.000,325.000,300.000,325.000,-1,-1,-1,-1,775.000,750.000,-1,-1,2,0,2,0,2,0,0,0,0,2,2,2,2,0,0,2,2
52,6326.808,2263.358,25.118,-18.488,0.946965,0.317048,-0.052319,-0.317611,0.948218,-0.002587,0.048789,0.019066,0.998627,0,0.48000,0.07987,28.800,0.160,-1,400.000,-1,375.000,-1,325.000,325.000,300.000,325.000,-1,-1,-1,-1,775.000,750.000,-1,-1,2,0,2,0,2,0,0,0,0,2,2,2,2,0,0,2,2
53,6358.703,2252.792,26.775,-18.328,0.947843,0.314405,-0.052381,-0.314960,0.949102,-0.002494,0.048930,0.018862,0.998624,0,0.56000,0.07987,33.600,0.160,-1,400.000,-1,400.000,-1,325.000,325.000,300.000,300.000,-1,-1,-1,-1,775.000,750.000,-1,-1,2,0,2,0,2,0,0,0,0,2,2,2,2,0,0,2,2
54,6395.189,2240.819,28.679,-18.169,0.948713,0.311759,-0.052438,-0.312306,0.949979,-0.002360,0.049079,0.018616,0.998621,0,0.64000,0.07987,38.400,0.160,-1,400.000,-1,400.000,-1,325.000,325.000,300.000,300.000,-1,-1,-1,-1,775.000,750.000,-1,-1,2,0,2,0,2,0,0,0,0,2,2,2,2,0,0,2,2
55,6436.272,2227.463,30.836,-18.009,0.949576,0.309111,-0.052486,-0.309646,0.950849,-0.002174,0.049235,0.018317,0.998619,0,0.72000,0.07987,43.200,0.160,-1,400.000,-1,400.000,-1,325.000,325.000,300.000,300.000,-1,-1,-1,-1,775.000,750.000,-1,-1,2,0,2,0,2,0,0,0,0,2,2,2,2,0,0,2,2
56,6481.962,2212.750,33.234,-17.849,0.950431,0.306462,-0.052549,-0.306978,0.951715,-0.001851,0.049445,0.017891,0.998617,0,0.80000,0.07987,48.000,0.160,-1,400.000,-1,400.000,-1,325.000,325.000,300.000,300.000,-1,-1,-1,-1,775.000,750.000,-1,-1,2,0,2,0,2,0,0,0,0,2,2,2,2,0,0,2,2
57,6531.756,2196.869,35.826,-17.689,0.951285,0.303811,-0.052491,-0.304296,0.952577,-0.001320,0.049600,0.017229,0.998621,0,0.87110,0.07987,52.266,0.160,-1,400.000,-1,400.000,-1,325.000,325.000,300.000,300.000,-1,-1,-1,-1,775.000,750.000,-1,-1,2,0,2,0,2,0,0,0,0,2,2,2,2,0,0,2,2
58,6582.265,2181.147,38.462,-17.290,0.953390,0.297162,-0.052371,-0.297606,0.954689,-0.000702,0.049790,0.016255,0.998627,0,0.88164,0.19987,52.899,0.400,-1,400.000,-1,400.000,-1,325.000,325.000,300.000,300.000,-1,-1,-1,-1,775.000,750.000,-1,-1,2,0,2,0,2,0,0,0,0,2,2,2,2,0,0,2,2
59,6632.923,2165.916,41.105,-16.733,0.956236,0.287885,-0.052302,-0.288283,0.957545,-0.000072,0.050060,0.015147,0.998631,0,0.88164,0.27812,52.899,0.556,-1,400.000,-1,400.000,-1,325.000,325.000,300.000,300.000,-1,-1,-1,-1,775.000,725.000,-1,-1,2,0,2,0,2,0,0,0,0,2,2,2,2,0,0,2,2
60,6683.727,2151.178,43.701,-16.177,0.958994,0.278579,-0.052189,-0.278943,0.960308,0.000329,0.050210,0.014242,0.998637,0,0.88164,0.27812,52.899,0.556,-1,400.000,-1,400.000,-1,325.000,325.000,300.000,300.000,-1,-1,-1,-1,775.000,725.000,-1,-1,2,0,2,0,2,0,0,0,0,2,2,2,2,0,0,2,2
61,6734.672,2136.933,46.301,-15.621,0.961665,0.269247,-0.052019,-0.269576,0.962979,0.000704,0.050282,0.013346,0.998646,0,0.88164,0.27812,52.899,0.556,-1,400.000,-1,400.000,-1,325.000,325.000,300.000,300.000,-1,-1,-1,-1,775.000,725.000,-1,-1,2,0,2,0,2,0,0,0,0,2,2,2,2,0,0,2,2
62,6785.753,2123.184,48.922,-15.065,0.964247,0.259888,-0.051823,-0.260181,0.965559,0.001130,0.050332,0.012394,0.998656,0,0.88164,0.27812,52.899,0.556,-1,400.000,-1,375.000,-1,325.000,325.000,300.000,300.000,-1,-1,-1,-1,800.000,725.000,-1,-1,2,0,2,0,2,0,0,0,0,2,2,2,2,0,0,2,2
63,6836.964,2109.932,51.566,-14.508,0.966738,0.250505,-0.051621,-0.250760,0.968048,0.001595,0.050371,0.011403,0.998665,0,0.88164,0.27812,52.899,0.556,-1,400.000,-1,375.000,-1,325.000,325.000,300.000,300.000,-1,-1,-1,-1,800.000,725.000,-1,-1,2,0,2,0,2,0,0,0,0,2,2,2,2,0,0,2,2
64,6888.302,2097.177,54.235,-13.952,0.969138,0.241098,-0.051416,-0.241312,0.970445,0.002093,0.050401,0.010378,0.998675,0,0.88164,0.27812,52.899,0.556,-1,400.000,-1,375.000,-1,325.000,325.000,300.000,300.000,-1,-1,-1,-1,800.000,725.000,-1,-1,2,0,2,0,2,0,0,0,0,2,2,2,2,0,0,2,2
65,6939.762,2084.922,56.924,-13.396,0.971446,0.231668,-0.051203,-0.231840,0.972750,0.002630,0.050418,0.009316,0.998685,0,0.88164,0.27812,52.899,0.556,-1,400.000,-1,375.000,-1,325.000,325.000,300.000,300.000,-1,-1,-1,-1,800.000,750.000,-1,-1,2,0,2,0,2,0,0,0,0,2,2,2,2,0,0,2,2
66,6991.338,2073.166,59.634,-12.840,0.973664,0.222215,-0.050983,-0.222344,0.974963,0.003204,0.050419,0.008216,0.998694,0,0.88164,0.27812,52.899,0.556,-1,400.000,-1,375.000,-1,325.000,325.000,300.000,300.000,-1,-1,-1,-1,800.000,750.000,-1,-1,2,0,2,0,2,0,0,0,0,2,2,2,2,0,0,2,2
67,7043.025,2061.912,62.361,-12.283,0.975789,0.212742,-0.050756,-0.212825,0.977083,0.003814,0.050404,0.007081,0.998704,0,0.88164,0.27812,52.899,0.556,-1,400.000,-1,375.000,-1,325.000,325.000,300.000,300.000,-1,-1,-1,-1,800.000,750.000,-1,-1,2,0,2,0,2,0,0,0,0,2,2,2,2,0,0,2,2
68,7090.079,2051.938,64.857,-11.967,0.976961,0.207347,-0.050548,-0.207392,0.978248,0.004396,0.050360,0.006189,0.998712,0,0.80164,0.15812,48.099,0.316,-1,400.000,-1,400.000,-1,325.000,325.000,300.000,300.000,-1,-1,-1,-1,800.000,750.000,-1,-1,2,0,2,0,2,0,0,0,0,2,2,2,2,0,0,2,2
69,7132.448,2043.017,67.116,-11.891,0.977245,0.206045,-0.050364,-0.206061,0.978527,0.004937,0.050300,0.005553,0.998719,0,0.72164,0.03812,43.299,0.076,-1,400.000,-1,400.000,-1,325.000,325.000,300.000,300.000,-1,-1,-1,-1,800.000,750.000,-1,-1,2,0,2,0,2,0,0,0,0,2,2,2,2,0,0,2,2
70,7172.386,2034.488,69.231,-12.055,0.976658,0.208842,-0.050237,-0.208829,0.977936,0.005571,0.050292,0.005050,0.998722,0,0.68064,-0.08188,40.839,-0.164,-1,400.000,-1,400.000,-1,325.000,325.000,300.000,300.000,-1,-1,-1,-1,800.000,750.000,-1,-1,2,0,2,0,2,0,0,0,0,2,2,2,2,0,0,2,2
71,7212.263,2025.677,71.308,-12.458,0.975173,0.215728,-0.049995,-0.215682,0.976443,0.006377,0.050193,0.004564,0.998729,0,0.68064,-0.20188,40.839,-0.404,-1,400.000,-1,400.000,-1,325.000,325.000,300.000,300.000,-1,-1,-1,-1,800.000,750.000,-1,-1,2,0,2,0,2,0,0,0,0,2,2,2,2,0,0,2,2
72,7252.038,2016.420,73.391,-13.102,0.972696,0.226686,-0.049755,-0.226612,0.973959,0.007189,0.050089,0.004283,0.998736,0,0.68064,-0.32188,40.839,-0.644,-1,400.000,-1,400.000,-1,325.000,325.000,300.000,300.000,-1,-1,-1,-1,800.000,750.000,-1,-1,2,0,2,0,2,0,0,0,0,2,2,2,2,0,0,2,2
73,7291.666,2006.550,75.426,-13.986,0.969084,0.241681,-0.049671,-0.241594,0.970346,0.007836,0.050092,0.004406,0.998735,0,0.68064,-0.44188,40.839,-0.884,-1,400.000,-1,400.000,-1,325.000,325.000,300.000,300.000,-1,-1,-1,-1,800.000,750.000,-1,-1,2,0,2,0,2,0,0,0,0,2,2,2,2,0,0,2,2
74,7331.093,1995.904,77.417,-15.110,0.964159,0.260664,-0.049514,-0.260579,0.965417,0.008273,0.049958,0.004926,0.998739,0,0.68064,-0.56188,40.839,-1.124,-1,400.000,-1,400.000,-1,325.000,325.000,300.000,300.000,-1,-1,-1,-1,775.000,725.000,-1,-1,2,0,2,0,2,0,0,0,0,2,2,2,2,0,0,2,2
75,7370.255,1984.324,79.414,-16.473,0.957681,0.283566,-0.049371,-0.283488,0.958936,0.008712,0.049815,0.005653,0.998742,0,0.68064,-0.68188,40.839,-1.364,-1,400.000,-1,400.000,-1,325.000,325.000,300.000,300.000,-1,-1,-1,-1,775.000,725.000,-1,-1,2,0,2,0,2,0,0,0,0,2,2,2,2,0,0,2,2
76,7409.078,1971.652,81.418,-18.077,0.949365,0.310291,-0.049250,-0.310225,0.950619,0.009158,0.049660,0.006584,0.998745,0,0.68064,-0.80188,40.839,-1.604,-1,400.000,-1,375.000,-1,325.000,325.000,300.000,300.000,-1,-1,-1,-1,775.000,725.000,-1,-1,2,0,2,0,2,0,0,0,0,2,2,2,2,0,0,2,2
77,7447.473,1957.737,83.442,-19.921,0.938881,0.340713,-0.049176,-0.340661,0.940136,0.009683,0.049531,0.007661,0.998743,0,0.68064,-0.92188,40.839,-1.844,-1,400.000,-1,375.000,-1,325.000,325.000,300.000,300.000,-1,-1,-1,-1,775.000,725.000,-1,-1,2,0,2,0,2,0,0,0,0,2,2,2,2,0,0,2,2
78,7485.359,1942.491,85.467,-21.921,0.926405,0.373312,-0.049122,-0.373277,0.927664,0.010218,0.049384,0.008870,0.998741,0,0.68064,-1.00000,40.839,-2.000,-1,400.000,-1,375.000,-1,325.000,325.000,300.000,300.000,-1,-1,-1,-1,775.000,725.000,-1,-1,2,0,2,0,2,0,0,0,0,2,2,2,2,0,0,2,2
79,7522.690,1925.933,87.490,-23.921,0.912796,0.405455,-0.049088,-0.405437,0.914060,0.010763,0.049233,0.010077,0.998736,0,0.68064,-1.00000,40.839,-2.000,-1,400.000,-1,375.000,-1,325.000,325.000,300.000,300.000,-1,-1,-1,-1,775.000,725.000,-1,-1,2,0,2,0,2,0,0,0,0,2,2,2,2,0,0,2,2
80,7559.420,1908.081,89.514,-25.921,0.898073,0.437102,-0.049063,-0.437102,0.899341,0.011291,0.049060,0.011305,0.998732,0,0.68064,-1.00000,40.839,-2.000,-1,400.000,-1,375.000,-1,325.000,325.000,300.000,300.000,-1,-1,-1,-1,775.000,725.000,-1,-1,2,0,2,0,2,0,0,0,0,2,2,2,2,0,0,2,2
81,7595.505,1888.958,91.545,-27.921,0.882252,0.468215,-0.049043,-0.468236,0.883525,0.011768,0.048840,0.012581,0.998727,0,0.68064,-1.00000,40.839,-2.000,-1,400.000,-1,375.000,-1,325.000,325.000,300.000,300.000,-1,-1,-1,-1,775.000,725.000,-1,-1,2,0,2,0,2,0,0,0,0,2,2,2,2,0,0,2,2
82,7635.156,1866.360,93.810,-29.681,0.867438,0.495123,-0.049034,-0.495159,0.868716,0.012271,0.048672,0.013635,0.998722,0,0.76064,-0.88000,45.639,-1.760,-1,400.000,-1,375.000,-1,325.000,325.000,300.000,300.000,-1,-1,-1,-1,775.000,725.000,-1,-1,2,0,2,0,2,0,0,0,0,2,2,2,2,0,0,2,2
83,7678.299,1840.231,96.315,-31.201,0.853982,0.517986,-0.049038,-0.518030,0.855267,0.012809,0.048575,0.014464,0.998715,0,0.84064,-0.76000,50.439,-1.520,-1,400.000,-1,375.000,-1,325.000,325.000,300.000,300.000,-1,-1,-1,-1,775.000,725.000,-1,-1,2,0,2,0,2,0,0,0,0,2,2,2,2,0,0,2,2
84,7724.341,1810.920,98.984,-32.481,0.842179,0.536959,-0.049079,-0.536992,0.843477,0.013642,0.048722,0.014866,0.998702,0,0.90967,-0.64000,54.580,-1.280,-1,400.000,-1,375.000,-1,325.000,325.000,300.000,300.000,-1,-1,-1,-1,750.000,725.000,-1,-1,2,0,2,0,2,0,0,0,0,2,2,2,2,0,0,2,2
85,7769.844,1780.779,101.670,-33.521,0.832278,0.552178,-0.049114,-0.552195,0.833590,0.014466,0.048929,0.015080,0.998688,0,0.90967,-0.52000,54.580,-1.040,-1,400.000,-1,375.000,-1,325.000,325.000,300.000,300.000,-1,-1,-1,-1,750.000,725.000,-1,-1,2,0,2,0,2,0,0,0,0,2,2,2,2,0,0,2,2
86,7814.921,1750.005,104.351,-34.321,0.824480,0.563764,-0.049013,-0.563755,0.825800,0.015328,0.049116,0.014993,0.998681,0,0.90967,-0.40000,54.580,-0.800,-1,400.000,-1,375.000,-1,325.000,325.000,300.000,300.000,-1,-1,-1,-1,750.000,725.000,-1,-1,2,0,2,0,2,0,0,0,0,2,2,2,2,0,0,2,2
87,7859.695,1718.792,107.050,-34.881,0.818929,0.571811,-0.048869,-0.571770,0.820254,0.016201,0.049349,0.014675,0.998674,0,0.90967,-0.28000,54.580,-0.560,-1,400.000,-1,375.000,-1,325.000,325.000,300.000,300.000,-1,-1,-1,-1,750.000,725.000,-1,-1,2,0,2,0,2,0,0,0,0,2,2,2,2,0,0,2,2
88,7904.294,1687.330,109.777,-35.201,0.815723,0.576388,-0.048716,-0.576308,0.817054,0.017080,0.049649,0.014143,0.998667,0,0.90967,-0.16000,54.580,-0.320,-1,400.000,-1,375.000,-1,325.000,325.000,300.000,300.000,-1,-1,-1,-1,750.000,725.000,-1,-1,2,0,2,0,2,0,0,0,0,2,2,2,2,0,0,2,2
89,7948.849,1655.805,112.533,-35.281,0.814920,0.577534,-0.048577,-0.577410,0.816257,0.017968,0.050028,0.013407,0.998658,0,0.90967,-0.04000,54.580,-0.080,-1,400.000,-1,375.000,-1,325.000,325.000,300.000,300.000,-1,-1,-1,-1,750.000,725.000,-1,-1,2,0,2,0,2,0,0,0,0,2,2,2,2,0,0,2,2
90,7993.492,1624.405,115.280,-35.121,0.816525,0.575258,-0.048632,-0.575088,0.817875,0.018818,0.050600,0.012602,0.998639,0,0.90967,0.08000,54.580,0.160,-1,400.000,-1,375.000,-1,325.000,325.000,300.000,300.000,-1,-1,-1,-1,750.000,725.000,-1,-1,2,0,2,0,2,0,0,0,0,2,2,2,2,0,0,2,2
91,8034.408,1596.051,117.833,-34.721,0.820517,0.569541,-0.048728,-0.569323,0.821880,0.019604,0.051213,0.011657,0.998620,0,0.82967,0.20000,49.780,0.400,-1,400.000,-1,375.000,-1,325.000,325.000,300.000,300.000,-1,-1,-1,-1,750.000,725.000,-1,-1,2,0,2,0,2,0,0,0,0,2,2,2,2,0,0,2,2
92,8072.767,1570.098,120.261,-34.081,0.826822,0.560331,-0.048934,-0.560065,0.828200,0.020294,0.051899,0.010627,0.998596,0,0.77189,0.32000,46.313,0.640,-1,400.000,-1,375.000,-1,325.000,325.000,300.000,300.000,-1,-1,-1,-1,750.000,725.000,-1,-1,2,0,2,0,2,0,0,0,0,2,2,2,2,0,0,2,2
93,8111.520,1544.738,122.680,-33.201,0.835329,0.547552,-0.049108,-0.547238,0.836718,0.020817,0.052488,0.009485,0.998577,0,0.77189,0.44000,46.313,0.880,-1,400.000,-1,375.000,-1,325.000,325.000,300.000,300.000,-1,-1,-1,-1,750.000,725.000,-1,-1,2,0,2,0,2,0,0,0,0,2,2,2,2,0,0,2,2
94,8150.667,1519.990,125.131,-32.300,0.843835,0.534336,-0.049268,-0.533973,0.845232,0.021351,0.053051,0.008291,0.998557,0,0.77189,0.45040,46.313,0.901,-1,400.000,-1,375.000,-1,325.000,325.000,300.000,300.000,-1,-1,-1,-1,775.000,725.000,-1,-1,2,0,2,0,2,0,0,0,0,2,2,2,2,0,0,2,2
95,8190.198,1495.860,127.612,-31.399,0.852133,0.520987,-0.049413,-0.520574,0.853536,0.021898,0.053584,0.007063,0.998538,0,0.77189,0.45040,46.313,0.901,-1,400.000,-1,375.000,-1,325.000,325.000,300.000,300.000,-1,-1,-1,-1,775.000,725.000,-1,-1,2,0,2,0,2,0,0,0,0,2,2,2,2,0,0,2,2
96,8230.103,1472.355,130.122,-30.499,0.860222,0.507508,-0.049545,-0.507044,0.861628,0.022457,0.054086,0.005803,0.998519,0,0.77189,0.45040,46.313,0.901,-1,400.000,-1,375.000,-1,325.000,325.000,300.000,300.000,-1,-1,-1,-1,775.000,725.000,-1,-1,2,0,2,0,2,0,0,0,0,2,2,2,2,0,0,2,2
97,8270.373,1449.481,132.661,-29.598,0.868098,0.493903,-0.049663,-0.493386,0.869506,0.023028,0.054556,0.004513,0.998501,0,0.77189,0.45040,46.313,0.901,-1,400.000,-1,375.000,-1,325.000,325.000,300.000,300.000,-1,-1,-1,-1,775.000,725.000,-1,-1,2,0,2,0,2,0,0,0,0,2,2,2,2,0,0,2,2
98,8310.998,1427.242,135.225,-28.697,0.875760,0.480174,-0.049768,-0.479604,0.877167,0.023611,0.054993,0.003191,0.998482,0,0.77189,0.45040,46.313,0.901,-1,400.000,-1,375.000,-1,325.000,325.000,300.000,300.000,-1,-1,-1,-1,775.000,725.000,-1,-1,2,0,2,0,2,0,0,0,0,2,2,2,2,0,0,2,2
99,8351.968,1405.645,137.816,-27.796,0.883206,0.466327,-0.049861,-0.465702,0.884611,0.024207,0.055395,0.001841,0.998463,0,0.77189,0.45040,46.313,0.901,-1,400.000,-1,375.000,-1,325.000,325.000,300.000,300.000,-1,-1,-1,-1,775.000,725.000,-1,-1,2,0,2,0,2,0,0,0,0,2,2,2,2,0,0,2,2
100,8393.271,1384.694,140.407,-26.895,0.890433,0.452363,-0.049964,-0.451675,0.891834,0.024928,0.055836,0.000371,0.998440,0,0.77189,0.45040,46.313,0.901,-1,400.000,-1,375.000,-1,325.000,325.000,300.000,300.000,-1,-1,-1,-1,775.000,725.000,-1,-1,2,0,2,0,2,0,0,0,0,2,2,2,2,0,0,2,2
101,8434.899,1364.395,143.018,-25.995,0.897440,0.438286,-0.050062,-0.437534,0.898835,0.025680,0.056253,-0.001142,0.998416,0,0.77189,0.45040,46.313,0.901,-1,400.000,-1,375.000,-1,325.000,325.000,300.000,300.000,-1,-1,-1,-1,775.000,750.000,-1,-1,2,0,2,0,2,0,0,0,0,2,2,2,2,0,0,2,2
102,8476.841,1344.754,145.589,-25.094,0.904241,0.424099,-0.049875,-0.423275,0.905611,0.026585,0.056443,-0.002929,0.998402,0,0.77189,0.45040,46.313,0.901,-1,400.000,-1,375.000,-1,325.000,325.000,300.000,300.000,-1,-1,-1,-1,800.000,750.000,-1,-1,2,0,2,0,2,0,0,0,0,2,2,2,2,0,0,2,2
103,8519.087,1325.774,148.157,-24.193,0.910823,0.409807,-0.049593,-0.408908,0.912160,0.027546,0.056525,-0.004811,0.998390,0,0.77189,0.45040,46.313,0.901,-1,400.000,-1,400.000,-1,325.000,325.000,300.000,300.000,-1,-1,-1,-1,800.000,750.000,-1,-1,2,0,2,0,2,0,0,0,0,2,2,2,2,0,0,2,2
104,8561.626,1307.460,150.741,-23.292,0.917180,0.395412,-0.049307,-0.394438,0.918479,0.028528,0.056568,-0.006717,0.998376,0,0.77189,0.45040,46.313,0.901,-1,400.000,-1,400.000,-1,325.000,325.000,300.000,300.000,-1,-1,-1,-1,800.000,750.000,-1,-1,2,0,2,0,2,0,0,0,0,2,2,2,2,0,0,2,2
105,8604.447,1289.818,153.323,-22.391,0.923305,0.380918,-0.049088,-0.379871,0.924569,0.029493,0.056619,-0.008584,0.998359,0,0.77189,0.45040,46.313,0.901,-1,400.000,-1,400.000,-1,325.000,325.000,300.000,300.000,-1,-1,-1,-1,800.000,750.000,-1,-1,2,0,2,0,2,0,0,0,0,2,2,2,2,0,0,2,2
106,8647.541,1272.851,155.877,-21.491,0.929195,0.366329,-0.048976,-0.365215,0.930428,0.030357,0.056689,-0.010321,0.998339,0,0.77189,0.45040,46.313,0.901,-1,400.000,-1,400.000,-1,325.000,325.000,300.000,300.000,-1,-1,-1,-1,825.000,750.000,-1,-1,2,0,2,0,2,0,0,0,0,2,2,2,2,0,0,2,2
107,8690.896,1256.564,158.378,-20.590,0.934864,0.351652,-0.048681,-0.350504,0.936059,0.030673,0.056355,-0.011612,0.998343,0,0.77189,0.45040,46.313,0.901,-1,400.000,-1,400.000,-1,325.000,325.000,300.000,300.000,-1,-1,-1,-1,825.000,750.000,-1,-1,2,0,2,0,2,0,0,0,0,2,2,2,2,0,0,2,2
108,8734.502,1240.960,160.891,-19.689,0.940302,0.336887,-0.048364,-0.335706,0.941457,0.030994,0.055974,-0.012908,0.998349,0,0.77189,0.45040,46.313,0.901,-1,400.000,-1,400.000,-1,325.000,325.000,300.000,300.000,-1,-1,-1,-1,825.000,750.000,-1,-1,2,0,2,0,2,0,0,0,0,2,2,2,2,0,0,2,2
109,8778.347,1226.044,163.410,-18.788,0.945507,0.322039,-0.048027,-0.320826,0.946620,0.031331,0.055553,-0.014216,0.998355,0,0.77189,0.45040,46.313,0.901,-1,400.000,-1,400.000,-1,325.000,325.000,300.000,300.000,-1,-1,-1,-1,825.000,750.000,-1,-1,2,0,2,0,2,0,0,0,0,2,2,2,2,0,0,2,2
110,8822.422,1211.819,165.936,-17.887,0.950479,0.307111,-0.047671,-0.305867,0.951547,0.031686,0.055093,-0.015536,0.998360,0,0.77189,0.45040,46.313,0.901,-1,400.000,-1,400.000,-1,325.000,325.000,300.000,300.000,-1,-1,-1,-1,825.000,750.000,-1,-1,2,0,2,0,2,0,0,0,0,2,2,2,2,0,0,2,2
111,8866.715,1198.289,168.466,-16.987,0.955215,0.292108,-0.047297,-0.290833,0.956237,0.032058,0.054592,-0.016866,0.998366,0,0.77189,0.45040,46.313,0.901,-1,400.000,-1,400.000,-1,325.000,325.000,300.000,300.000,-1,-1,-1,-1,825.000,775.000,-1,-1,2,0,2,0,2,0,0,0,0,2,2,2,2,0,0,2,2
112,8911.215,1185.457,170.998,-16.086,0.959715,0.277032,-0.046905,-0.275727,0.960688,0.032448,0.054051,-0.018207,0.998372,0,0.77189,0.45040,46.313,0.901,-1,400.000,-1,400.000,-1,325.000,325.000,300.000,300.000,-1,-1,-1,-1,850.000,775.000,-1,-1,2,0,2,0,2,0,0,0,0,2,2,2,2,0,0,2,2
113,8955.911,1173.326,173.531,-15.185,0.963978,0.261888,-0.046496,-0.260554,0.964900,0.032856,0.053469,-0.019558,0.998378,0,0.77189,0.45040,46.313,0.901,-1,400.000,-1,400.000,-1,325.000,325.000,300.000,300.000,-1,-1,-1,-1,850.000,775.000,-1,-1,2,0,2,0,2,0,0,0,0,2,2,2,2,0,0,2,2
114,9000.793,1161.899,176.063,-14.284,0.968001,0.246679,-0.046070,-0.245317,0.968871,0.033284,0.052847,-0.020917,0.998384,0,0.77189,0.45040,46.313,0.901,-1,400.000,-1,400.000,-1,325.000,325.000,300.000,300.000,-1,-1,-1,-1,850.000,775.000,-1,-1,2,0,2,0,2,0,0,0,0,2,2,2,2,0,0,2,2
115,9045.848,1151.179,178.592,-13.383,0.971786,0.231410,-0.045628,-0.230021,0.972601,0.033731,0.052184,-0.022284,0.998389,0,0.77189,0.45040,46.313,0.901,-1,400.000,-1,400.000,-1,325.000,325.000,300.000,300.000,-1,-1,-1,-1,850.000,775.000,-1,-1,2,0,2,0,2,0,0,0,0,2,2,2,2,0,0,2,2
116,9091.067,1141.169,181.114,-12.483,0.975329,0.216084,-0.045181,-0.214669,0.976088,0.034190,0.051488,-0.023648,0.998394,0,0.77189,0.45040,46.313,0.901,-1,400.000,-1,400.000,-1,325.000,325.000,300.000,300.000,-1,-1,-1,-1,875.000,800.000,-1,-1,2,0,2,0,2,0,0,0,0,2,2,2,2,0,0,2,2
117,9136.437,1131.871,183.586,-11.582,0.978626,0.200705,-0.044825,-0.199252,0.979328,0.034865,0.050896,-0.025188,0.998386,0,0.77189,0.45040,46.313,0.901,-1,425.000,-1,400.000,-1,325.000,325.000,300.000,300.000,-1,-1,-1,-1,875.000,800.000,-1,-1,2,0,2,0,2,0,0,0,0,2,2,2,2,0,0,2,2
118,9181.948,1123.288,185.822,-10.681,0.981711,0.185272,-0.043790,-0.183760,0.982298,0.036373,0.049754,-0.027661,0.998378,0,0.77189,0.45040,46.313,0.901,-1,425.000,-1,400.000,-1,325.000,325.000,300.000,300.000,-1,-1,-1,-1,875.000,800.000,-1,-1,2,0,2,0,2,0,0,0,0,2,2,2,2,0,0,2,2
119,9227.588,1115.422,188.004,-9.780,0.984547,0.169794,-0.042857,-0.168229,0.985021,0.037848,0.048641,-0.030054,0.998364,0,0.77189,0.45040,46.313,0.901,-1,425.000,-1,400.000,-1,325.000,325.000,300.000,300.000,-1,-1,-1,-1,875.000,800.000,-1,-1,2,0,2,0,2,0,0,0,0,2,2,2,2,0,0,2,2
120,9273.346,1108.273,189.871,-8.880,0.987149,0.154282,-0.041642,-0.152731,0.987530,0.038175,0.047013,-0.031325,0.998403,0,0.77189,0.45040,46.313,0.901,-1,425.000,-1,400.000,-1,325.000,325.000,300.000,300.000,-1,-1,-1,-1,875.000,800.000,-1,-1,2,0,2,0,2,0,0,0,0,2,2,2,2,0,0,2,2
121,9319.211,1101.845,191.700,-7.979,0.989507,0.138732,-0.040354,-0.137205,0.989796,0.038446,0.045276,-0.032506,0.998446,0,0.77189,0.45040,46.313,0.901,-1,400.000,-1,400.000,-1,325.000,325.000,300.000,300.000,-1,-1,-1,-1,875.000,800.000,-1,-1,2,0,2,0,2,0,0,0,0,2,2,2,2,0,0,2,2
122,9369.908,1095.335,193.712,-7.318,0.991100,0.127304,-0.038908,-0.125805,0.991295,0.038816,0.043510,-0.033576,0.998489,0,0.85189,0.33040,51.113,0.661,-1,400.000,-1,400.000,-1,325.000,325.000,300.000,300.000,-1,-1,-1,-1,875.000,800.000,-1,-1,2,0,2,0,2,0,0,0,0,2,2,2,2,0,0,2,2
123,9421.834,1089.055,195.771,-6.897,0.992067,0.120016,-0.037413,-0.118549,0.992173,0.039239,0.041829,-0.034493,0.998529,0,0.87175,0.21040,52.305,0.421,-1,400.000,-1,400.000,-1,325.000,325.000,300.000,300.000,-1,-1,-1,-1,875.000,800.000,-1,-1,2,0,2,0,2,0,0,0,0,2,2,2,2,0,0,2,2
124,9473.780,1082.938,197.835,-6.716,0.992496,0.116882,-0.035910,-0.115449,0.992520,0.039686,0.040280,-0.035242,0.998567,0,0.87175,0.09040,52.305,0.181,-1,400.000,-1,400.000,-1,325.000,325.000,300.000,300.000,-1,-1,-1,-1,875.000,800.000,-1,-1,2,0,2,0,2,0,0,0,0,2,2,2,2,0,0,2,2
125,9525.719,1076.767,199.912,-6.776,0.992429,0.117905,-0.034405,-0.116508,0.992379,0.040135,0.038875,-0.035822,0.998602,0,0.87175,-0.02960,52.305,-0.059,-1,400.000,-1,400.000,-1,325.000,325.000,300.000,300.000,-1,-1,-1,-1,875.000,800.000,-1,-1,2,0,2,0,2,0,0,0,0,2,2,2,2,0,0,2,2
126,9577.626,1070.325,202.011,-7.075,0.991851,0.123084,-0.032904,-0.121724,0.991735,0.040564,0.037625,-0.036228,0.998635,0,0.87175,-0.14960,52.305,-0.299,-1,400.000,-1,400.000,-1,325.000,325.000,300.000,300.000,-1,-1,-1,-1,850.000,800.000,-1,-1,2,0,2,0,2,0,0,0,0,2,2,2,2,0,0,2,2
127,9629.469,1063.395,204.140,-7.614,0.990697,0.132410,-0.031415,-0.131089,0.990524,0.040952,0.036539,-0.036453,0.998667,0,0.87175,-0.26960,52.305,-0.539,-1,400.000,-1,400.000,-1,325.000,325.000,300.000,300.000,-1,-1,-1,-1,850.000,775.000,-1,-1,2,0,2,0,2,0,0,0,0,2,2,2,2,0,0,2,2
128,9681.214,1055.761,206.307,-8.393,0.988851,0.145869,-0.029944,-0.144586,0.988631,0.041277,0.035625,-0.036487,0.998699,0,0.87175,-0.38960,52.305,-0.779,-1,400.000,-1,400.000,-1,325.000,325.000,300.000,300.000,-1,-1,-1,-1,850.000,775.000,-1,-1,2,0,2,0,2,0,0,0,0,2,2,2,2,0,0,2,2
129,9732.815,1047.207,208.524,-9.412,0.986143,0.163432,-0.028504,-0.162189,0.985886,0.041518,0.034887,-0.036320,0.998731,0,0.87175,-0.50960,52.305,-1.019,-1,400.000,-1,400.000,-1,325.000,325.000,300.000,300.000,-1,-1,-1,-1,850.000,775.000,-1,-1,2,0,2,0,2,0,0,0,0,2,2,2,2,0,0,2,2
130,9784.215,1037.521,210.757,-10.672,0.982351,0.185059,-0.027207,-0.183846,0.982064,0.041845,0.034462,-0.036105,0.998754,0,0.87175,-0.62960,52.305,-1.259,-1,400.000,-1,400.000,-1,325.000,325.000,300.000,300.000,-1,-1,-1,-1,850.000,775.000,-1,-1,2,0,2,0,2,0,0,0,0,2,2,2,2,0,0,2,2
131,9835.344,1026.494,212.676,-12.171,0.977210,0.210681,-0.025968,-0.209443,0.976847,0.043636,0.034560,-0.037203,0.998710,0,0.87175,-0.74960,52.305,-1.499,-1,400.000,-1,400.000,-1,325.000,325.000,300.000,300.000,-1,-1,-1,-1,825.000,775.000,-1,-1,2,0,2,0,2,0,0,0,0,2,2,2,2,0,0,2,2
132,9886.115,1013.920,214.597,-13.910,0.970405,0.240223,-0.024641,-0.238963,0.969968,0.045367,0.034799,-0.038136,0.998666,0,0.87175,-0.86960,52.305,-1.739,-1,400.000,-1,400.000,-1,325.000,325.000,300.000,300.000,-1,-1,-1,-1,825.000,775.000,-1,-1,2,0,2,0,2,0,0,0,0,2,2,2,2,0,0,2,2
133,9936.422,999.600,216.346,-15.889,0.961550,0.273582,-0.023975,-0.272304,0.961103,0.046179,0.035676,-0.037875,0.998645,0,0.87175,-0.98960,52.305,-1.979,-1,400.000,-1,400.000,-1,325.000,325.000,300.000,300.000,-1,-1,-1,-1,825.000,775.000,-1,-1,2,0,2,0,2,0,0,0,0,2,2,2,2,0,0,2,2
134,9986.198,983.533,218.104,-17.889,0.951438,0.306966,-0.023210,-0.305687,0.950994,0.046547,0.036361,-0.037191,0.998646,0,0.87175,-1.00000,52.305,-2.000,-1,400.000,-1,400.000,-1,325.000,325.000,300.000,300.000,-1,-1,-1,-1,800.000,775.000,-1,-1,2,0,2,0,2,0,0,0,0,2,2,2,2,0,0,2,2
135,10035.383,965.738,219.954,-19.889,0.940164,0.339978,-0.022517,-0.338699,0.939729,0.046825,0.037079,-0.036397,0.998649,0,0.87175,-1.00000,52.305,-2.000,-1,400.000,-1,400.000,-1,325.000,325.000,300.000,300.000,-1,-1,-1,-1,800.000,750.000,-1,-1,2,0,2,0,2,0,0,0,0,2,2,2,2,0,0,2,2
136,10083.917,946.237,221.897,-21.889,0.927742,0.372579,-0.021900,-0.371300,0.927322,0.047017,0.037826,-0.035488,0.998654,0,0.87175,-1.00000,52.305,-2.000,-1,400.000,-1,400.000,-1,325.000,325.000,300.000,300.000,-1,-1,-1,-1,800.000,775.000,-1,-1,2,0,2,0,2,0,0,0,0,2,2,2,2,0,0,2,2
137,10131.741,925.055,223.932,-23.889,0.914187,0.404729,-0.021367,-0.403451,0.913787,0.047125,0.038598,-0.034461,0.998660,0,0.87175,-1.00000,52.305,-2.000,-1,400.000,-1,400.000,-1,325.000,325.000,300.000,300.000,-1,-1,-1,-1,800.000,775.000,-1,-1,2,0,2,0,2,0,0,0,0,2,2,2,2,0,0,2,2
138,10178.796,902.216,226.062,-25.889,0.899514,0.436391,-0.020922,-0.435113,0.899140,0.047155,0.039390,-0.033313,0.998668,0,0.87175,-1.00000,52.305,-2.000,-1,400.000,-1,400.000,-1,325.000,325.000,325.000,300.000,-1,-1,-1,-1,800.000,775.000,-1,-1,2,0,2,0,2,0,0,0,0,2,2,2,2,0,0,2,2
139,10225.026,877.750,228.258,-27.889,0.883745,0.467522,-0.020447,-0.466247,0.883397,0.047163,0.040113,-0.032147,0.998678,0,0.87175,-1.00000,52.305,-2.000,-1,400.000,-1,400.000,-1,325.000,325.000,325.000,300.000,-1,-1,-1,-1,775.000,775.000,-1,-1,2,0,2,0,2,0,0,0,0,2,2,2,2,0,0,2,2
140,10270.373,851.684,230.517,-29.889,0.866899,0.498086,-0.019924,-0.496816,0.866574,0.047149,0.040750,-0.030975,0.998689,0,0.87175,-1.00000,52.305,-2.000,-1,400.000,-1,400.000,-1,325.000,325.000,325.000,300.000,-1,-1,-1,-1,775.000,775.000,-1,-1,2,0,2,0,2,0,0,0,0,2,2,2,2,0,0,2,2
141,10314.784,824.052,232.803,-31.889,0.848994,0.528042,-0.019512,-0.526765,0.848690,0.047367,0.041572,-0.029936,0.998687,0,0.87175,-1.00000,52.305,-2.000,-1,400.000,-1,400.000,-1,325.000,325.000,325.000,300.000,-1,-1,-1,-1,775.000,775.000,-1,-1,2,0,2,0,2,0,0,0,0,2,2,2,2,0,0,2,2
