timestep,x_cm,y_cm,z_cm,yaw_deg,basis_xx,basis_xy,basis_xz,basis_yx,basis_yy,basis_yz,basis_zx,basis_zy,basis_zz,teleport_flag,throttle_cmd,steering_cmd,cmd_move_cm,cmd_turn_deg,lidar_cm_0,lidar_cm_1,lidar_cm_2,lidar_cm_3,lidar_cm_4,lidar_cm_5,lidar_cm_6,lidar_cm_7,lidar_cm_8,lidar_cm_9,lidar_cm_10,lidar_cm_11,lidar_cm_12,lidar_cm_13,lidar_cm_14,lidar_cm_15,lidar_cm_16,lidar_class_0,lidar_class_1,lidar_class_2,lidar_class_3,lidar_class_4,lidar_class_5,lidar_class_6,lidar_class_7,lidar_class_8,lidar_class_9,lidar_class_10,lidar_class_11,lidar_class_12,lidar_class_13,lidar_class_14,lidar_class_15,lidar_class_16
0,4918.901,-8854.597,-144.441,57.375,0.586447,-0.804472,-0.094367,0.767764,0.514967,0.381244,-0.258105,-0.296031,0.919645,1,0.00000,0.00000,4.800,-0.240,25.000,200.000,575.000,350.000,-1,200.000,275.000,175.000,350.000,-1,-1,-1,225.000,250.000,550.000,25.000,900.000,0,0,0,0,2,0,0,0,1,2,2,2,1,0,0,0,0
1,-5575.431,983.895,35.379,-176.509,-0.995094,0.060895,0.077977,-0.059810,-0.998079,0.016175,0.078812,0.011432,0.996824,1,0.00000,0.00000,4.800,0.240,-1,400.000,-1,375.000,-1,325.000,325.000,300.000,300.000,675.000,550.000,975.000,-1,925.000,725.000,-1,-1,2,0,2,0,2,0,0,0,0,1,1,0,2,0,0,2,2
2,-5570.639,984.171,35.003,-176.705,-0.995297,0.057480,0.077979,-0.056371,-0.998276,0.016356,0.078784,0.011883,0.996821,0,-0.08000,-0.09798,-4.800,-0.196,-1,400.000,-1,375.000,-1,325.000,325.000,300.000,300.000,675.000,525.000,975.000,-1,925.000,725.000,-1,-1,2,0,2,0,2,0,0,0,0,1,1,0,2,0,0,2,2
3,-5561.053,984.690,34.247,-176.899,-0.995486,0.054089,0.077986,-0.052940,-0.998458,0.016723,0.078771,0.012519,0.996814,0,-0.16000,-0.09731,-9.600,-0.195,-1,400.000,-1,375.000,-1,325.000,325.000,300.000,300.000,650.000,500.000,950.000,-1,925.000,725.000,-1,-1,2,0,2,0,2,0,0,0,0,1,1,0,2,0,0,2,2
4,-5547.534,985.376,33.179,-177.091,-0.995661,0.050744,0.077998,-0.049544,-0.998623,0.017242,0.078766,0.013303,0.996804,0,-0.22561,-0.09596,-13.537,-0.192,-1,400.000,-1,375.000,-1,325.000,325.000,300.000,300.000,650.000,475.000,925.000,-1,925.000,725.000,-1,-1,2,0,2,0,2,0,0,0,0,1,1,0,2,0,0,2,2
5,-5533.937,986.022,32.104,-177.279,-0.995822,0.047464,0.078008,-0.046213,-0.998774,0.017764,0.078755,0.014085,0.996794,0,-0.22688,-0.09406,-13.613,-0.188,-1,400.000,-1,375.000,-1,325.000,325.000,300.000,300.000,650.000,450.000,900.000,-1,925.000,700.000,-1,-1,2,0,2,0,2,0,0,0,0,1,1,0,2,0,0,2,2
6,-5520.261,986.628,31.023,-177.464,-0.995970,0.044250,0.078016,-0.042948,-0.998910,0.018289,0.078740,0.014864,0.996784,0,-0.22815,-0.09216,-13.689,-0.184,-1,400.000,-1,375.000,-1,325.000,325.000,300.000,300.000,625.000,425.000,875.000,-1,925.000,700.000,-1,-1,2,0,2,0,2,0,0,0,0,1,1,0,2,0,0,2,2
7,-5506.508,987.193,29.936,-177.644,-0.996104,0.041103,0.078022,-0.039750,-0.999032,0.018815,0.078720,0.015641,0.996774,0,-0.22941,-0.09024,-13.765,-0.180,-1,400.000,-1,375.000,-1,325.000,325.000,300.000,300.000,625.000,425.000,850.000,-1,925.000,700.000,-1,-1,2,0,2,0,2,0,0,0,0,1,1,0,2,0,0,2,2
8,-5492.678,987.719,28.842,-177.821,-0.996226,0.038022,0.078027,-0.036619,-0.999142,0.019344,0.078695,0.016414,0.996764,0,-0.23067,-0.08832,-13.840,-0.177,-1,400.000,-1,375.000,-1,325.000,325.000,300.000,300.000,600.000,400.000,825.000,-1,925.000,700.000,-1,-1,2,0,2,0,2,0,0,0,0,1,1,0,2,0,0,2,2
9,-5478.771,988.206,27.743,-177.993,-0.996336,0.035009,0.078030,-0.033554,-0.999239,0.019876,0.078666,0.017184,0.996753,0,-0.23192,-0.08639,-13.915,-0.173,-1,400.000,-1,375.000,-1,325.000,325.000,300.000,300.000,575.000,375.000,825.000,-1,900.000,700.000,-1,-1,2,0,2,0,2,0,0,0,0,1,1,0,2,0,0,2,2
10,-5464.788,988.655,26.637,-178.162,-0.996435,0.032063,0.078031,-0.030557,-0.999325,0.020409,0.078633,0.017952,0.996742,0,-0.23317,-0.08445,-13.990,-0.169,-1,400.000,-1,375.000,-1,325.000,325.000,300.000,300.000,575.000,375.000,800.000,-1,900.000,700.000,-1,-1,2,0,2,0,2,0,0,0,0,1,1,0,2,0,0,2,2
11,-5450.729,989.065,25.525,-178.327,-0.996524,0.029184,0.078031,-0.027629,-0.999399,0.020945,0.078595,0.018716,0.996731,0,-0.23441,-0.08250,-14.065,-0.165,-1,400.000,-1,375.000,-1,325.000,325.000,300.000,300.000,550.000,350.000,775.000,-1,900.000,700.000,-1,-1,2,0,2,0,2,0,0,0,0,1,1,0,2,0,0,2,2
12,-5436.596,989.438,24.408,-178.488,-0.996602,0.026374,0.078029,-0.024768,-0.999462,0.021483,0.078554,0.019478,0.996720,0,-0.23565,-0.08054,-14.139,-0.161,-1,400.000,-1,375.000,-1,325.000,325.000,300.000,300.000,550.000,325.000,750.000,-1,900.000,700.000,-1,-1,2,0,2,0,2,0,0,0,0,1,1,0,2,0,0,2,2
13,-5422.387,989.773,23.285,-178.646,-0.996671,0.023632,0.078026,-0.021975,-0.999516,0.022024,0.078508,0.020236,0.996708,0,-0.23687,-0.07858,-14.212,-0.157,-1,400.000,-1,375.000,-1,325.000,325.000,300.000,300.000,525.000,325.000,725.000,-1,900.000,700.000,-1,-1,2,0,2,0,2,0,0,0,0,1,1,0,2,0,0,2,2
14,-5408.105,990.072,22.156,-178.799,-0.996731,0.020959,0.078021,-0.019252,-0.999560,0.022566,0.078460,0.020990,0.996696,0,-0.23809,-0.07661,-14.285,-0.153,-1,400.000,-1,375.000,-1,325.000,325.000,300.000,300.000,525.000,300.000,725.000,-1,900.000,700.000,-1,-1,2,0,2,0,2,0,0,0,0,1,1,0,2,0,0,2,2
15,-5393.750,990.336,21.022,-178.948,-0.996783,0.018355,0.078015,-0.016597,-0.999595,0.023111,0.078408,0.021742,0.996684,0,-0.23929,-0.07463,-14.357,-0.149,-1,400.000,-1,375.000,-1,325.000,325.000,300.000,300.000,500.000,275.000,700.000,-1,900.000,700.000,-1,-1,2,0,2,0,2,0,0,0,0,1,1,0,2,0,0,2,2
16,-5379.323,990.564,19.882,-179.093,-0.996827,0.015819,0.078008,-0.014012,-0.999622,0.023658,0.078353,0.022490,0.996672,0,-0.24048,-0.07265,-14.429,-0.145,-1,400.000,-1,375.000,-1,325.000,325.000,300.000,300.000,500.000,275.000,675.000,-1,875.000,700.000,-1,-1,2,0,2,0,2,0,0,0,0,1,1,0,2,0,0,2,2
17,-5364.825,990.757,18.737,-179.235,-0.996864,0.013353,0.078000,-0.011497,-0.999641,0.024207,0.078295,0.023234,0.996659,0,-0.24166,-0.07066,-14.500,-0.141,-1,400.000,-1,375.000,-1,325.000,325.000,300.000,300.000,475.000,250.000,650.000,-1,875.000,700.000,-1,-1,2,0,2,0,2,0,0,0,0,1,1,0,2,0,0,2,2
18,-5350.256,990.916,17.587,-179.372,-0.996894,0.010957,0.077990,-0.009051,-0.999653,0.024758,0.078234,0.023975,0.996647,0,-0.24282,-0.06866,-14.569,-0.137,-1,400.000,-1,375.000,-1,325.000,325.000,300.000,300.000,475.000,225.000,650.000,-1,875.000,700.000,-1,-1,2,0,2,0,2,0,0,0,0,1,1,0,2,0,0,2,2
19,-5335.618,991.042,16.432,-179.505,-0.996918,0.008631,0.077979,-0.006675,-0.999657,0.025311,0.078171,0.024713,0.996634,0,-0.24397,-0.06666,-14.638,-0.133,-1,400.000,-1,375.000,-1,325.000,325.000,300.000,300.000,450.000,225.000,625.000,-1,875.000,700.000,-1,-1,2,0,2,0,2,0,0,0,0,1,1,0,2,0,0,2,2
20,-5320.912,991.136,15.272,-179.635,-0.996936,0.006375,0.077968,-0.004369,-0.999656,0.025866,0.078106,0.025446,0.996620,0,-0.24511,-0.06466,-14.706,-0.129,-1,400.000,-1,375.000,-1,325.000,325.000,300.000,300.000,450.000,200.000,600.000,-1,875.000,700.000,-1,-1,2,0,2,0,2,0,0,0,0,1,1,0,2,0,0,2,2
21,-5306.139,991.197,14.107,-179.760,-0.996948,0.004188,0.077955,-0.002134,-0.999649,0.026423,0.078038,0.026176,0.996607,0,-0.24622,-0.06265,-14.773,-0.125,-1,400.000,-1,375.000,-1,325.000,325.000,300.000,300.000,425.000,175.000,575.000,-1,875.000,700.000,-1,-1,2,0,2,0,2,0,0,0,0,1,1,0,2,0,0,2,2
22,-5291.301,991.228,12.938,-179.881,-0.996956,0.002072,0.077941,0.000031,-0.999636,0.026982,0.077969,0.026902,0.996593,0,-0.24731,-0.06064,-14.839,-0.121,-1,400.000,-1,375.000,-1,325.000,325.000,300.000,300.000,400.000,175.000,575.000,-1,875.000,700.000,-1,-1,2,0,2,0,2,0,0,0,0,1,1,0,2,0,0,2,2
23,-5276.398,991.228,11.764,-179.998,-0.996959,0.000027,0.077927,0.002126,-0.999618,0.027543,0.077898,0.027625,0.996579,0,-0.24838,-0.05862,-14.903,-0.117,-1,400.000,-1,375.000,-1,325.000,325.000,300.000,300.000,400.000,150.000,550.000,-1,875.000,700.000,-1,-1,2,0,2,0,2,0,0,0,0,1,1,0,2,0,0,2,2
24,-5261.432,991.198,10.586,-180.112,-0.996958,-0.001948,0.077912,0.004150,-0.999596,0.028106,0.077825,0.028343,0.996564,0,-0.24943,-0.05660,-14.966,-0.113,-1,400.000,-1,375.000,-1,325.000,325.000,300.000,300.000,375.000,150.000,525.000,-1,875.000,700.000,-1,-1,2,0,2,0,2,0,0,0,0,1,1,0,2,0,0,2,2
25,-5246.405,991.140,9.408,-180.221,-0.996953,-0.003852,0.077905,0.006100,-0.999571,0.028633,0.077762,0.029021,0.996550,0,-0.25046,-0.05458,-15.027,-0.109,-1,400.000,-1,375.000,-1,325.000,325.000,300.000,300.000,375.000,125.000,525.000,-1,850.000,700.000,-1,-1,2,0,2,0,2,0,0,0,0,1,1,0,2,0,0,2,2
26,-5231.318,991.053,8.650,-180.326,-0.997048,-0.005686,0.076572,0.008022,-0.999511,0.030233,0.076363,0.030758,0.996606,0,-0.25145,-0.05256,-15.087,-0.105,-1,400.000,-1,375.000,-1,325.000,300.000,325.000,300.000,350.000,125.000,575.000,-1,850.000,675.000,-1,-1,2,0,2,0,2,0,0,0,0,1,1,0,2,0,0,2,2
27,-5221.030,991.018,8.490,-180.191,-0.997214,-0.003332,0.074513,0.005776,-0.999452,0.032605,0.074363,0.032945,0.996687,0,-0.17145,0.06744,-10.287,0.135,-1,400.000,-1,375.000,-1,325.000,300.000,325.000,300.000,350.000,125.000,675.000,-1,850.000,675.000,-1,-1,2,0,2,0,2,0,0,0,0,1,1,0,2,0,0,2,2
28,-5215.543,991.035,8.455,-179.816,-0.997312,0.003207,0.073201,-0.000707,-0.999416,0.034153,0.073268,0.034009,0.996732,0,-0.09145,0.18744,-5.487,0.375,-1,400.000,-1,375.000,-1,325.000,300.000,325.000,300.000,350.000,150.000,700.000,-1,850.000,675.000,-1,-1,2,0,2,0,2,0,0,0,0,1,1,0,2,0,0,2,2
29,-5214.856,991.044,8.544,-179.201,-0.997261,0.013932,0.072642,-0.011421,-0.999327,0.034864,0.073079,0.033939,0.996749,0,-0.01145,0.30744,-0.687,0.615,-1,400.000,-1,375.000,-1,325.000,300.000,325.000,300.000,350.000,175.000,725.000,-1,850.000,675.000,-1,-1,2,0,2,0,2,0,0,0,0,1,1,0,2,0,0,2,2
30,-5218.967,990.926,8.762,-178.346,-0.996927,0.028842,0.072837,-0.026363,-0.999048,0.034770,0.073771,0.032743,0.996738,0,0.06855,0.42744,4.113,0.855,-1,400.000,-1,375.000,-1,325.000,300.000,325.000,300.000,350.000,175.000,725.000,-1,850.000,675.000,-1,-1,2,0,2,0,2,0,0,0,0,1,1,0,2,0,0,2,2
31,-5227.870,990.500,9.124,-177.251,-0.996122,0.047930,0.073777,-0.045526,-0.998387,0.033926,0.075284,0.030436,0.996697,0,0.14855,0.54744,8.913,1.095,-1,400.000,-1,375.000,-1,325.000,300.000,325.000,300.000,350.000,200.000,700.000,-1,875.000,675.000,-1,-1,2,0,2,0,2,0,0,0,0,1,1,0,2,0,0,2,2
32,-5241.548,989.525,9.800,-175.917,-0.994631,0.071183,0.075108,-0.068956,-0.997111,0.031851,0.077158,0.026501,0.996667,0,0.22855,0.66744,13.713,1.335,-1,400.000,-1,375.000,-1,325.000,325.000,325.000,300.000,350.000,250.000,700.000,-1,875.000,700.000,-1,-1,2,0,2,0,2,0,0,0,0,1,1,0,2,0,0,2,2
33,-5259.971,987.702,10.720,-174.342,-0.992135,0.098573,0.077146,-0.096592,-0.994901,0.029005,0.079612,0.021325,0.996598,0,0.30855,0.78744,18.513,1.575,-1,400.000,-1,375.000,-1,325.000,325.000,300.000,300.000,350.000,550.000,625.000,-1,900.000,700.000,-1,-1,2,0,2,0,2,0,0,0,0,1,0,0,2,0,0,2,2
34,-5283.086,984.672,12.403,-172.527,-0.988440,0.130043,0.077947,-0.128265,-0.991361,0.027424,0.080840,0.017109,0.996580,0,0.38855,0.90744,23.313,1.815,-1,425.000,-1,375.000,-1,325.000,325.000,300.000,300.000,375.000,525.000,650.000,-1,925.000,725.000,-1,-1,2,0,2,0,2,0,0,0,0,1,0,0,2,0,0,2,2
35,-5310.816,980.046,14.688,-170.527,-0.983284,0.164571,0.077899,-0.162979,-0.986276,0.026424,0.081179,0.013286,0.996611,0,0.46855,1.00000,28.113,2.000,-1,425.000,-1,375.000,-1,325.000,325.000,300.000,300.000,375.000,600.000,700.000,-1,925.000,725.000,-1,-1,2,0,2,0,2,0,0,0,0,1,0,0,2,0,0,2,2
36,-5343.071,973.500,17.355,-168.527,-0.976929,0.198901,0.077774,-0.197515,-0.979976,0.025200,0.081229,0.009257,0.996652,0,0.54855,1.00000,32.913,2.000,-1,425.000,-1,375.000,-1,325.000,325.000,300.000,300.000,400.000,675.000,800.000,-1,950.000,725.000,-1,-1,2,0,2,0,2,0,0,0,0,1,0,0,2,0,0,2,2
37,-5379.746,964.714,20.397,-166.527,-0.969381,0.232987,0.077577,-0.231826,-0.972467,0.023780,0.080981,0.005068,0.996703,0,0.62855,1.00000,37.713,2.000,-1,425.000,-1,375.000,-1,325.000,325.000,300.000,300.000,425.000,775.000,875.000,-1,975.000,750.000,-1,-1,2,0,2,0,2,0,0,0,0,1,0,0,2,0,0,2,2
38,-5418.057,954.110,23.577,-164.527,-0.960649,0.266787,0.077313,-0.265857,-0.963755,0.022277,0.080454,0.000847,0.996758,0,0.66253,1.00000,39.752,2.000,-1,425.000,-1,400.000,-1,325.000,325.000,300.000,300.000,450.000,875.000,950.000,-1,975.000,750.000,-1,-1,2,0,2,0,2,0,0,0,0,1,0,0,2,0,0,2,2
39,-5456.192,942.106,26.739,-162.527,-0.950746,0.300258,0.076992,-0.299557,-0.953852,0.020768,0.079674,-0.003319,0.996815,0,0.66633,1.00000,39.980,2.000,-1,425.000,-1,400.000,-1,325.000,325.000,300.000,300.000,475.000,975.000,-1,-1,1000.000,775.000,-1,-1,2,0,2,0,2,0,0,0,0,1,0,2,2,0,0,2,2
40,-5494.095,928.704,29.872,-160.527,-0.939683,0.333356,0.076611,-0.332883,-0.942772,0.019252,0.078644,-0.007412,0.996875,0,0.67004,1.00000,40.203,2.000,-1,425.000,-1,400.000,-1,325.000,325.000,300.000,300.000,500.000,-1,-1,-1,1000.000,775.000,-1,-1,2,0,2,0,2,0,0,0,0,1,2,2,2,0,0,2,2
41,-5527.094,915.883,32.587,-158.767,-0.929000,0.362143,0.076229,-0.361864,-0.932058,0.017920,0.077539,-0.010937,0.996929,0,0.59004,0.88000,35.403,1.760,-1,425.000,-1,400.000,-1,325.000,325.000,300.000,300.000,525.000,-1,-1,-1,1000.000,800.000,-1,-1,2,0,2,0,2,0,0,0,0,1,2,2,2,0,0,2,2
42,-5556.571,903.520,35.000,-157.247,-0.919071,0.386724,0.075846,-0.386615,-0.922090,0.016712,0.076400,-0.013963,0.996979,0,0.53275,0.76000,31.965,1.520,-1,425.000,-1,400.000,-1,350.000,325.000,300.000,300.000,550.000,-1,-1,-1,-1,825.000,-1,-1,2,0,2,0,2,0,0,0,0,1,2,2,2,2,0,2,2
43,-5585.913,890.435,37.382,-155.967,-0.910217,0.407209,0.075406,-0.407254,-0.913184,0.015486,0.075166,-0.016614,0.997033,0,0.53546,0.64000,32.127,1.280,-1,425.000,-1,400.000,-1,350.000,325.000,300.000,300.000,575.000,-1,-1,-1,-1,825.000,-1,-1,2,0,2,0,2,0,0,0,0,1,2,2,2,2,0,2,2
44,-5615.142,876.760,39.692,-154.927,-0.902713,0.423701,0.074746,-0.423874,-0.905608,0.014319,0.073758,-0.018757,0.997100,0,0.53783,0.52000,32.270,1.040,-1,425.000,-1,400.000,-1,350.000,325.000,300.000,300.000,600.000,-1,-1,-1,-1,850.000,-1,-1,2,0,2,0,2,0,0,0,0,1,2,2,2,2,0,2,2
45,-5644.288,862.624,41.976,-154.127,-0.896754,0.436288,0.074062,-0.436577,-0.899572,0.013108,0.072344,-0.020579,0.997167,0,0.53989,0.40000,32.393,0.800,-1,425.000,-1,400.000,-1,350.000,325.000,300.000,300.000,625.000,-1,-1,-1,-1,850.000,-1,-1,2,0,2,0,2,0,0,0,0,1,2,2,2,2,0,2,2
46,-5673.391,848.156,44.233,-153.567,-0.892498,0.445045,0.073359,-0.445436,-0.895235,0.011855,0.070950,-0.022097,0.997235,0,0.54169,0.28000,32.501,0.560,-1,425.000,-1,400.000,-1,350.000,325.000,300.000,300.000,650.000,-1,-1,-1,-1,850.000,-1,-1,2,0,2,0,2,0,0,0,0,1,2,2,2,2,0,2,2
47,-5702.496,833.483,46.465,-153.247,-0.890056,0.450025,0.072640,-0.450506,-0.892711,0.010559,0.069599,-0.023327,0.997302,0,0.54325,0.16000,32.595,0.320,-1,425.000,-1,400.000,1000.000,350.000,325.000,300.000,300.000,675.000,-1,-1,-1,-1,875.000,-1,-1,2,0,2,0,1,0,0,0,0,1,2,2,2,2,0,2,2
48,-5731.655,818.733,48.674,-153.167,-0.889490,0.451261,0.071908,-0.451820,-0.892061,0.009223,0.068308,-0.024286,0.997369,0,0.54462,0.04000,32.677,0.080,-1,425.000,-1,400.000,975.000,350.000,325.000,300.000,300.000,700.000,-1,-1,-1,-1,875.000,-1,-1,2,0,2,0,1,0,0,0,0,1,2,2,2,2,1,2,2
49,-5760.920,804.031,50.874,-153.327,-0.890815,0.448760,0.071153,-0.449390,-0.893302,0.007801,0.067062,-0.025026,0.997435,0,0.54585,-0.08000,32.751,-0.160,-1,425.000,-1,400.000,950.000,350.000,325.000,300.000,300.000,725.000,-1,-1,-1,-1,850.000,-1,-1,2,0,2,0,1,0,0,0,0,1,2,2,2,2,1,2,2
50,-5790.348,789.504,53.076,-153.727,-0.894000,0.442507,0.070370,-0.443201,-0.896400,0.006269,0.065854,-0.025584,0.997501,0,0.54698,-0.20000,32.819,-0.400,-1,425.000,-1,400.000,925.000,350.000,325.000,300.000,300.000,725.000,-1,-1,-1,-1,825.000,-1,-1,2,0,2,0,1,0,0,0,0,1,2,2,2,2,1,2,2
51,-5819.995,775.278,55.262,-154.367,-0.898963,0.432463,0.069579,-0.433212,-0.901280,0.004726,0.064754,-0.025894,0.997565,0,0.54805,-0.32000,32.883,-0.640,-1,425.000,-1,400.000,900.000,350.000,350.000,300.000,300.000,750.000,-1,-1,-1,-1,825.000,-1,-1,2,0,2,0,1,0,0,0,0,1,2,2,2,2,1,2,2
52,-5849.875,761.400,57.387,-155.087,-0.904420,0.421095,0.068583,-0.421882,-0.906645,0.003283,0.063563,-0.025964,0.997640,0,0.54911,-0.36023,32.947,-0.720,-1,425.000,-1,400.000,850.000,350.000,350.000,300.000,300.000,800.000,-1,-1,-1,-1,800.000,-1,-1,2,0,2,0,1,0,0,0,0,1,2,2,2,2,1,2,2
53,-5879.997,747.873,59.461,-155.816,-0.909800,0.409534,0.067424,-0.410348,-0.911927,0.001933,0.062278,-0.025909,0.997723,0,0.55034,-0.36427,33.020,-0.729,-1,425.000,-1,400.000,825.000,350.000,350.000,300.000,300.000,825.000,-1,-1,-1,-1,775.000,-1,1000.000,2,0,2,0,1,0,0,0,0,1,2,2,2,2,1,2,1
54,-5910.371,734.699,61.518,-156.553,-0.915089,0.397773,0.066247,-0.398612,-0.917120,0.000608,0.060998,-0.025850,0.997803,0,0.55179,-0.36841,33.107,-0.737,-1,425.000,-1,400.000,800.000,350.000,350.000,300.000,300.000,850.000,-1,-1,-1,-1,750.000,-1,950.000,2,0,2,0,1,0,0,0,0,1,2,2,2,2,1,2,1
55,-5945.400,720.211,63.856,-157.529,-0.921847,0.382082,0.064891,-0.382942,-0.923772,-0.000879,0.059609,-0.025659,0.997892,0,0.63179,-0.48841,37.907,-0.977,-1,425.000,-1,400.000,775.000,350.000,350.000,300.000,300.000,875.000,-1,-1,-1,-1,725.000,-1,900.000,2,0,2,0,1,0,0,0,0,1,2,2,2,2,1,2,1
56,-5982.854,705.474,66.292,-158.523,-0.928441,0.366009,0.063525,-0.366894,-0.930260,-0.002458,0.058195,-0.025589,0.997977,0,0.67082,-0.49674,40.249,-0.993,-1,450.000,-1,400.000,725.000,350.000,325.000,300.000,300.000,925.000,-1,-1,-1,-1,700.000,-1,825.000,2,0,2,0,1,0,0,0,0,1,2,2,2,2,1,2,1
57,-6020.786,691.308,68.665,-159.521,-0.934761,0.349752,0.062411,-0.350673,-0.936489,-0.004119,0.057006,-0.025736,0.998042,0,0.67485,-0.49892,40.491,-0.998,-1,450.000,-1,400.000,700.000,350.000,325.000,300.000,300.000,975.000,-1,-1,-1,-1,675.000,-1,775.000,2,0,2,0,1,0,0,0,0,1,2,2,2,2,1,2,1
58,-6059.189,677.726,70.861,-160.523,-0.940838,0.333311,0.061046,-0.334305,-0.942442,-0.006571,0.055343,-0.026590,0.998113,0,0.67891,-0.50109,40.735,-1.002,-1,450.000,-1,400.000,650.000,350.000,325.000,300.000,300.000,-1,-1,-1,-1,1000.000,650.000,-1,725.000,2,0,2,0,1,0,0,0,0,2,2,2,2,0,1,2,1
59,-6098.059,664.742,73.033,-161.530,-0.946648,0.316696,0.059669,-0.317761,-0.948128,-0.009041,0.053711,-0.027519,0.998177,0,0.68302,-0.50328,40.981,-1.007,-1,425.000,-1,400.000,625.000,350.000,325.000,300.000,300.000,-1,-1,-1,-1,975.000,625.000,-1,675.000,2,0,2,0,1,0,0,0,0,2,2,2,2,0,1,2,1
60,-6137.389,652.372,75.184,-162.540,-0.952185,0.299911,0.058291,-0.301042,-0.953542,-0.011496,0.052135,-0.028495,0.998233,0,0.68717,-0.50546,41.230,-1.011,-1,425.000,-1,400.000,575.000,350.000,325.000,275.000,300.000,-1,-1,-1,-1,950.000,600.000,-1,650.000,2,0,2,0,1,0,0,0,0,2,2,2,2,0,1,2,1
61,-6177.173,640.629,77.286,-163.556,-0.957439,0.282959,0.056967,-0.284148,-0.958681,-0.013811,0.050705,-0.029410,0.998281,0,0.69135,-0.50766,41.481,-1.015,-1,425.000,-1,400.000,550.000,350.000,325.000,275.000,300.000,-1,-1,-1,-1,950.000,575.000,-1,600.000,2,0,2,0,1,0,0,0,0,2,2,2,2,0,1,2,1
62,-6217.404,629.529,79.377,-164.576,-0.962409,0.265845,0.055642,-0.267089,-0.963537,-0.016133,0.049324,-0.030388,0.998320,0,0.69556,-0.50988,41.734,-1.020,-1,425.000,-1,400.000,525.000,350.000,325.000,275.000,300.000,-1,-1,-1,-1,925.000,550.000,-1,550.000,2,0,2,1,1,0,0,0,0,2,2,2,2,0,1,2,1
63,-6258.073,619.086,81.461,-165.600,-0.967089,0.248571,0.054319,-0.249868,-0.968104,-0.018463,0.047997,-0.031428,0.998353,0,0.69981,-0.51212,41.988,-1.024,-1,425.000,-1,375.000,475.000,350.000,325.000,275.000,300.000,-1,-1,-1,-1,900.000,525.000,-1,500.000,2,0,2,1,1,0,0,0,0,2,2,2,2,0,1,2,1
64,-6299.172,609.316,83.540,-166.629,-0.971476,0.231140,0.053000,-0.232489,-0.972377,-0.020797,0.046729,-0.032525,0.998378,0,0.70408,-0.51440,42.245,-1.029,-1,425.000,-1,350.000,450.000,350.000,325.000,275.000,300.000,-1,-1,-1,-1,900.000,500.000,-1,475.000,2,0,2,1,1,1,1,0,0,2,2,2,2,0,1,2,1
65,-6340.692,600.234,85.617,-167.662,-0.975562,0.213557,0.051686,-0.214955,-0.976350,-0.023134,0.045523,-0.033679,0.998395,0,0.70836,-0.51671,42.502,-1.033,-1,425.000,-1,350.000,400.000,325.000,300.000,275.000,300.000,-1,-1,-1,-1,875.000,475.000,-1,425.000,2,0,2,1,1,1,1,0,0,2,2,2,2,0,1,2,1
66,-6382.623,591.855,87.697,-168.700,-0.979344,0.195824,0.050380,-0.197269,-0.980018,-0.025472,0.044385,-0.034885,0.998405,0,0.71267,-0.51908,42.760,-1.038,-1,425.000,-1,325.000,375.000,325.000,300.000,275.000,300.000,-1,-1,-1,-1,850.000,450.000,-1,400.000,2,0,2,1,1,1,1,0,0,2,2,2,2,0,1,2,1
67,-6424.954,584.195,89.784,-169.743,-0.982816,0.177944,0.049084,-0.179435,-0.983377,-0.027811,0.043320,-0.036140,0.998407,0,0.71697,-0.52151,43.018,-1.043,-1,425.000,-1,300.000,325.000,325.000,275.000,300.000,300.000,-1,-1,-1,-1,850.000,425.000,-1,350.000,2,0,2,1,1,1,1,0,0,2,2,2,2,0,1,2,1
68,-6467.673,577.269,91.881,-170.791,-0.985972,0.159921,0.047801,-0.161455,-0.986420,-0.030147,0.042331,-0.037442,0.998402,0,0.72128,-0.52401,43.277,-1.048,-1,400.000,-1,300.000,300.000,300.000,275.000,300.000,300.000,-1,-1,-1,-1,825.000,400.000,-1,300.000,2,0,2,1,1,1,1,0,0,2,2,2,2,0,1,2,1
69,-6510.767,571.092,93.993,-171.844,-0.988807,0.141755,0.046533,-0.143332,-0.989142,-0.032480,0.041423,-0.038786,0.998389,0,0.72558,-0.52660,43.535,-1.053,-1,400.000,-1,275.000,275.000,300.000,250.000,300.000,300.000,-1,-1,-1,-1,825.000,375.000,-1,275.000,2,0,2,1,1,1,1,0,0,2,2,2,2,0,1,2,1
70,-6554.224,565.680,97.304,-172.903,-0.991100,0.123427,0.049871,-0.125404,-0.991352,-0.038665,0.044668,-0.044575,0.998007,0,0.72986,-0.52929,43.792,-1.059,-1,425.000,-1,275.000,250.000,300.000,250.000,300.000,300.000,-1,-1,-1,-1,825.000,375.000,-1,250.000,2,0,2,1,1,1,1,0,0,2,2,2,2,0,1,2,1
71,-6602.554,560.633,102.401,-174.044,-0.992878,0.103596,0.058835,-0.106615,-0.993005,-0.050740,0.053167,-0.056651,0.996977,0,0.80986,-0.57058,48.592,-1.141,-1,425.000,-1,275.000,225.000,300.000,250.000,275.000,350.000,-1,-1,-1,-1,850.000,375.000,-1,250.000,2,0,2,1,1,1,1,0,0,2,2,2,2,0,1,2,1
72,-6655.759,556.151,108.190,-175.192,-0.994070,0.083612,0.069531,-0.088085,-0.994057,-0.063965,0.063769,-0.069710,0.995527,0,0.88986,-0.57395,53.392,-1.148,-1,450.000,-1,275.000,225.000,325.000,250.000,275.000,375.000,900.000,-1,-1,-1,875.000,375.000,-1,225.000,2,0,2,1,1,1,1,0,0,0,2,2,2,0,1,2,1
73,-6713.834,552.435,114.578,-176.348,-0.994690,0.063462,0.081021,-0.069886,-0.994415,-0.079085,0.075550,-0.084327,0.993570,0,0.96986,-0.57819,58.192,-1.156,-1,475.000,-1,275.000,225.000,325.000,250.000,275.000,425.000,725.000,225.000,-1,-1,925.000,375.000,-1,225.000,2,0,2,1,1,1,1,0,0,0,0,2,2,0,1,2,1
74,-6772.347,549.885,121.107,-177.515,-0.994793,0.043137,0.092342,-0.051933,-0.994115,-0.095073,0.087697,-0.099373,0.991178,0,0.97609,-0.58347,58.565,-1.167,-1,500.000,-1,275.000,200.000,325.000,250.000,275.000,450.000,575.000,125.000,450.000,-1,975.000,375.000,-1,225.000,2,0,2,1,1,1,1,0,0,0,0,0,2,0,1,2,1
75,-6831.171,548.530,127.799,-178.694,-0.994374,0.022642,0.103482,-0.034269,-0.993117,-0.112001,0.100234,-0.114917,0.988305,0,0.98059,-0.58929,58.835,-1.179,-1,525.000,-1,275.000,200.000,350.000,250.000,275.000,500.000,475.000,100.000,300.000,-1,-1,375.000,-1,200.000,2,0,2,1,1,1,1,0,1,0,0,0,2,2,1,2,1
76,-6890.257,548.396,134.685,-179.885,-0.993429,0.001982,0.114436,-0.016949,-0.991374,-0.129967,0.113191,-0.131052,0.984892,0,0.98470,-0.59576,59.082,-1.192,-1,550.000,-1,275.000,200.000,350.000,250.000,250.000,525.000,400.000,75.000,250.000,-1,-1,375.000,-1,200.000,2,0,2,1,1,1,1,0,1,0,0,0,2,2,1,2,1
77,-6949.550,549.506,141.798,-181.091,-0.991955,-0.018839,0.125183,-0.000032,-0.988827,-0.149064,0.126592,-0.147869,0.980872,0,0.98829,-0.60300,59.298,-1.206,-1,575.000,-1,275.000,175.000,350.000,250.000,250.000,575.000,350.000,50.000,225.000,-1,-1,425.000,-1,200.000,2,0,2,1,1,1,1,0,1,0,0,0,2,2,1,2,1
78,983.903,5575.429,-135.124,-42.701,0.734688,0.677809,0.028435,-0.678352,0.734509,0.018300,-0.008482,-0.032733,0.999428,1,0.00000,0.00000,59.474,-1.222,-1,400.000,-1,400.000,-1,325.000,325.000,300.000,300.000,-1,-1,-1,-1,850.000,975.000,-1,-1,2,0,2,0,2,0,0,0,0,2,2,2,2,0,0,2,2
79,987.445,5572.189,-135.166,-42.461,0.737515,0.674727,0.028534,-0.675273,0.737343,0.018181,-0.008772,-0.032677,0.999427,0,0.08000,0.12000,4.800,0.240,-1,400.000,-1,400.000,-1,325.000,325.000,300.000,300.000,-1,-1,-1,-1,850.000,975.000,-1,-1,2,0,2,0,2,0,0,0,0,2,2,2,2,0,0,2,2
80,994.581,5565.767,-135.255,-41.981,0.743131,0.668529,0.028734,-0.669081,0.742973,0.017945,-0.009352,-0.032561,0.999426,0,0.16000,0.24000,9.600,0.480,-1,400.000,-1,400.000,-1,325.000,325.000,300.000,300.000,-1,-1,-1,-1,850.000,975.000,-1,-1,2,0,2,0,2,0,0,0,0,2,2,2,2,0,0,2,2
81,1005.405,5556.271,-135.395,-41.261,0.751456,0.659144,0.029038,-0.659704,0.751319,0.017593,-0.010221,-0.032377,0.999423,0,0.24000,0.36000,14.400,0.720,-1,400.000,-1,400.000,-1,325.000,325.000,300.000,300.000,-1,-1,-1,-1,850.000,975.000,-1,-1,2,0,2,0,2,0,0,0,0,2,2,2,2,0,0,2,2
82,1020.048,5543.852,-135.644,-40.301,0.762377,0.646473,0.029225,-0.647035,0.762268,0.017086,-0.011232,-0.031935,0.999427,0,0.32000,0.48000,19.200,0.960,-1,400.000,-1,400.000,-1,325.000,325.000,300.000,300.000,-1,-1,-1,-1,850.000,975.000,-1,-1,2,0,2,0,2,0,0,0,0,2,2,2,2,0,0,2,2
83,1038.635,5528.669,-136.014,-39.245,0.774150,0.632324,0.029313,-0.632883,0.774073,0.016419,-0.012308,-0.031263,0.999435,0,0.40000,0.52816,24.000,1.056,-1,400.000,-1,400.000,-1,325.000,325.000,300.000,300.000,-1,-1,-1,-1,850.000,975.000,-1,-1,2,0,2,0,2,0,0,0,0,2,2,2,2,0,0,2,2
84,1061.272,5510.865,-136.481,-38.184,0.785702,0.617903,0.029479,-0.618458,0.785662,0.015626,-0.013505,-0.030509,0.999443,0,0.48000,0.53025,28.800,1.061,-1,400.000,-1,400.000,-1,325.000,325.000,300.000,300.000,-1,-1,-1,-1,850.000,975.000,-1,-1,2,0,2,0,2,0,0,0,0,2,2,2,2,0,0,2,2
85,1088.064,5490.588,-137.055,-37.119,0.797035,0.603201,0.029729,-0.603752,0.797037,0.014713,-0.014820,-0.029676,0.999450,0,0.56000,0.53276,33.600,1.066,-1,400.000,-1,400.000,-1,325.000,325.000,300.000,300.000,-1,-1,-1,-1,850.000,975.000,-1,-1,2,0,2,0,2,0,0,0,0,2,2,2,2,0,0,2,2
86,1119.112,5467.991,-137.748,-36.047,0.808149,0.588210,0.030074,-0.588754,0.808196,0.013688,-0.016254,-0.028768,0.999454,0,0.64000,0.53563,38.400,1.071,-1,400.000,-1,425.000,-1,325.000,325.000,300.000,300.000,-1,-1,-1,-1,850.000,975.000,-1,-1,2,0,2,0,2,0,0,0,0,2,2,2,2,0,0,2,2
87,1154.512,5443.232,-138.571,-34.970,0.819041,0.572922,0.030521,-0.573458,0.819139,0.012552,-0.017810,-0.027783,0.999455,0,0.72000,0.53883,43.200,1.078,-1,400.000,-1,425.000,-1,325.000,325.000,300.000,300.000,-1,-1,-1,-1,850.000,975.000,-1,-1,2,0,2,0,2,0,0,0,0,2,2,2,2,0,0,2,2
88,1194.244,5416.298,-139.532,-34.132,0.827299,0.560900,0.031106,-0.561427,0.827449,0.011329,-0.019384,-0.026837,0.999452,0,0.80000,0.41883,48.000,0.838,-1,400.000,-1,425.000,-1,325.000,325.000,300.000,300.000,-1,-1,-1,-1,850.000,975.000,-1,-1,2,0,2,0,2,0,0,0,0,2,2,2,2,1,0,2,2
89,1238.255,5387.130,-140.681,-33.534,0.833063,0.552249,0.032043,-0.552774,0.833270,0.010090,-0.021129,-0.026118,0.999436,0,0.88000,0.29883,52.800,0.598,-1,400.000,-1,425.000,-1,325.000,325.000,300.000,300.000,-1,-1,-1,-1,825.000,975.000,-1,-1,2,0,2,0,2,0,0,0,0,2,2,2,2,1,0,2,2
90,1286.466,5355.609,-142.050,-33.177,0.836436,0.547042,0.033459,-0.547575,0.836709,0.008877,-0.023139,-0.025747,0.999401,0,0.96000,0.17883,57.600,0.358,-1,400.000,-1,425.000,-1,325.000,325.000,300.000,300.000,-1,-1,-1,-1,775.000,975.000,-1,-1,2,0,2,0,2,0,0,0,0,2,2,2,2,1,0,2,2
91,1336.788,5322.935,-143.528,-32.996,0.838091,0.544406,0.035000,-0.544948,0.838435,0.007637,-0.025187,-0.025474,0.999358,0,1.00000,0.09029,60.000,0.181,-1,400.000,-1,425.000,-1,325.000,325.000,300.000,300.000,-1,-1,-1,-1,750.000,975.000,950.000,-1,2,0,2,0,2,0,0,0,0,2,2,2,2,1,0,1,2
92,1387.223,5290.432,-145.164,-32.800,0.839878,0.541538,0.036626,-0.542074,0.840310,0.005897,-0.027584,-0.024807,0.999312,0,1.00000,0.09818,60.000,0.196,-1,400.000,-1,425.000,-1,325.000,325.000,300.000,300.000,-1,-1,-1,-1,700.000,975.000,900.000,-1,2,0,2,0,2,0,0,0,0,2,2,2,2,1,0,1,2
93,1437.777,5258.117,-147.147,-32.587,0.841811,0.538434,0.037987,-0.538919,0.842352,0.003062,-0.030350,-0.023050,0.999274,0,1.00000,0.10646,60.000,0.213,1000.000,400.000,-1,425.000,-1,325.000,325.000,300.000,300.000,-1,-1,-1,-1,675.000,950.000,825.000,-1,1,0,2,0,2,0,0,0,0,2,2,2,2,1,0,1,2
94,1488.461,5226.005,-149.193,-32.357,0.843893,0.535065,0.039362,-0.535487,0.844543,0.000213,-0.033129,-0.021257,0.999225,0,1.00000,0.11517,60.000,0.230,900.000,400.000,-1,425.000,-1,325.000,325.000,300.000,300.000,-1,-1,-1,-1,625.000,950.000,750.000,-1,1,0,2,0,2,0,0,0,0,2,2,2,2,1,0,1,2
95,1539.284,5194.114,-151.388,-32.108,0.846127,0.531418,0.040800,-0.531752,0.846894,-0.003064,-0.036182,-0.019103,0.999163,0,1.00000,0.12432,60.000,0.249,800.000,400.000,-1,425.000,-1,325.000,325.000,300.000,300.000,-1,-1,-1,-1,600.000,925.000,675.000,-1,1,0,2,0,2,0,0,0,0,2,2,2,2,1,0,1,2
96,1590.255,5162.460,-153.709,-31.840,0.848524,0.527470,0.042221,-0.527715,0.849400,-0.006019,-0.039038,-0.017173,0.999090,0,1.00000,0.13398,60.000,0.268,700.000,400.000,-1,425.000,-1,325.000,325.000,300.000,300.000,-1,-1,-1,-1,550.000,925.000,625.000,-1,1,0,2,0,2,0,0,0,0,2,2,2,2,1,0,1,2
97,1641.385,5131.064,-156.152,-31.552,0.851092,0.523202,0.043604,-0.523365,0.852066,-0.008505,-0.041603,-0.015582,0.999013,0,1.00000,0.14418,60.000,0.288,625.000,400.000,-1,425.000,-1,325.000,325.000,300.000,300.000,-1,-1,-1,-1,500.000,900.000,550.000,-1,1,1,2,0,2,0,0,0,0,2,2,2,2,1,0,1,2
98,1692.685,5099.945,-158.641,-31.242,0.853834,0.518597,0.044992,-0.518672,0.854904,-0.010906,-0.044120,-0.014024,0.998928,0,1.00000,0.15499,60.000,0.310,550.000,350.000,-1,425.000,-1,325.000,325.000,300.000,300.000,-1,-1,-1,-1,475.000,900.000,500.000,-1,1,1,2,0,2,0,0,0,0,2,2,2,2,1,0,1,2
99,1744.164,5069.124,-161.176,-30.909,0.856757,0.513630,0.046387,-0.513612,0.857921,-0.013220,-0.046586,-0.012499,0.998836,0,1.00000,0.16647,60.000,0.333,475.000,325.000,-1,425.000,-1,325.000,325.000,300.000,325.000,-1,-1,-1,-1,450.000,875.000,425.000,-1,1,1,2,0,2,1,0,0,0,2,2,2,2,1,0,1,2
100,1795.835,5038.625,-163.799,-30.551,0.859869,0.508276,0.047758,-0.508171,0.861121,-0.015234,-0.048868,-0.011170,0.998743,0,1.00000,0.17871,60.000,0.357,400.000,300.000,-1,425.000,-1,300.000,325.000,300.000,325.000,-1,-1,-1,-1,425.000,875.000,375.000,-1,1,1,2,0,2,1,0,0,0,2,2,2,2,1,0,1,2
101,1847.708,5008.473,-166.541,-30.168,0.863180,0.502505,0.049077,-0.502328,0.864514,-0.016780,-0.050860,-0.010169,0.998654,0,1.00000,0.19180,60.000,0.384,325.000,275.000,-1,400.000,-1,275.000,325.000,300.000,325.000,-1,-1,-1,-1,375.000,875.000,300.000,-1,1,1,2,1,2,1,1,0,0,2,2,2,2,1,0,1,2
102,1899.796,4978.694,-168.168,-29.756,0.866997,0.496301,0.044735,-0.495898,0.868139,-0.020492,-0.049006,-0.004418,0.998789,0,1.00000,0.20585,60.000,0.412,275.000,275.000,-1,400.000,-1,250.000,300.000,325.000,325.000,-1,-1,-1,-1,375.000,875.000,275.000,-1,1,1,2,1,2,1,1,0,0,2,2,2,2,1,0,1,2
103,1952.112,4949.318,-168.061,-29.314,0.871473,0.489567,0.029307,-0.488840,0.871900,-0.028734,-0.039620,0.010714,0.999157,0,1.00000,0.22099,60.000,0.442,275.000,275.000,-1,400.000,-1,250.000,300.000,350.000,300.000,-1,-1,-1,-1,375.000,950.000,250.000,-1,1,1,2,1,2,1,1,0,0,2,2,2,2,1,0,1,2
104,2004.671,4920.380,-167.722,-28.839,0.875993,0.482172,0.012111,-0.481457,0.875648,-0.037953,-0.028905,0.027415,0.999206,0,1.00000,0.23738,60.000,0.475,275.000,275.000,-1,425.000,-1,275.000,300.000,400.000,300.000,-1,-1,-1,-1,400.000,-1,250.000,-1,1,1,2,1,2,1,1,1,0,2,2,2,2,1,2,1,2
105,2057.489,4891.915,-167.151,-28.329,0.880480,0.474036,-0.006717,-0.473781,0.879323,-0.048190,-0.016937,0.045613,0.998816,0,1.00000,0.25521,60.000,0.510,275.000,275.000,-1,475.000,-1,275.000,325.000,425.000,275.000,-1,-1,200.000,-1,425.000,-1,225.000,-1,1,1,2,1,2,1,1,1,0,2,2,0,2,1,2,1,2
106,2106.423,4866.372,-166.529,-27.578,0.886517,0.462022,-0.024973,-0.462669,0.884582,-0.058753,-0.005054,0.063640,0.997960,0,0.92000,0.37521,55.200,0.750,275.000,300.000,-1,525.000,-1,275.000,350.000,500.000,275.000,-1,425.000,75.000,750.000,450.000,-1,225.000,-1,1,1,2,1,2,1,1,1,0,2,0,0,0,1,2,1,2
107,2151.499,4843.828,-164.969,-26.588,0.893906,0.446232,-0.042537,-0.448167,0.891574,-0.065130,0.008862,0.077284,0.996970,0,0.84000,0.49521,50.400,0.990,275.000,300.000,-1,575.000,-1,300.000,375.000,550.000,275.000,-1,275.000,50.000,600.000,500.000,-1,200.000,-1,1,1,2,0,2,1,1,1,0,2,0,0,0,1,2,1,2
108,2192.712,4824.313,-163.352,-25.357,0.902583,0.426563,-0.058209,-0.429947,0.900064,-0.070928,0.022137,0.089045,0.995782,0,0.76000,0.61521,45.600,1.230,300.000,325.000,-1,625.000,-1,325.000,400.000,625.000,275.000,-1,225.000,25.000,500.000,600.000,-1,200.000,-1,1,1,2,0,2,1,1,0,0,2,0,0,0,1,2,1,2
109,-7543.223,2295.745,200.621,-158.939,-0.930893,0.359132,0.066796,-0.355268,-0.932627,0.063176,0.084984,0.035079,0.995765,1,0.00000,0.00000,40.800,1.298,275.000,250.000,-1,425.000,-1,250.000,300.000,425.000,275.000,-1,-1,-1,-1,350.000,-1,275.000,-1,1,1,2,1,2,1,1,0,0,2,2,2,2,1,2,1,2
110,-7547.710,2294.038,201.191,-159.179,-0.932360,0.355204,0.067346,-0.351191,-0.934073,0.064590,0.085848,0.036570,0.995637,0,0.08000,-0.12000,4.800,-0.240,275.000,250.000,-1,425.000,-1,250.000,300.000,425.000,275.000,-1,-1,-1,-1,350.000,-1,250.000,-1,1,1,2,1,2,1,1,0,0,2,2,2,2,1,2,1,2
111,-7556.711,2290.699,202.334,-159.659,-0.935240,0.347326,0.068484,-0.343009,-0.936909,0.067420,0.087580,0.039563,0.995372,0,0.16000,-0.24000,9.600,-0.480,275.000,250.000,-1,450.000,-1,250.000,300.000,450.000,275.000,-1,-1,-1,-1,350.000,-1,250.000,-1,1,1,2,1,2,1,1,1,0,2,2,2,2,1,2,1,2
112,-7570.274,2285.860,204.054,-160.379,-0.939428,0.335462,0.070287,-0.330669,-0.941022,0.071665,0.090182,0.044082,0.994949,0,0.24000,-0.36000,14.400,-0.720,275.000,250.000,-1,450.000,-1,250.000,300.000,450.000,275.000,-1,-1,425.000,-1,350.000,-1,250.000,-1,1,1,2,1,2,1,1,1,0,2,2,0,2,1,2,1,2
113,-7588.464,2279.711,206.356,-161.339,-0.944761,0.319557,0.072863,-0.314095,-0.946239,0.077304,0.093649,0.050148,0.994342,0,0.32000,-0.48000,19.200,-0.960,250.000,250.000,-1,475.000,-1,250.000,300.000,450.000,275.000,-1,-1,300.000,-1,350.000,-1,250.000,-1,1,1,2,1,2,1,1,1,0,2,2,0,2,1,2,1,2
114,-7611.344,2272.459,209.227,-162.429,-0.950455,0.301387,0.076169,-0.295049,-0.951760,0.084250,0.097887,0.057602,0.993529,0,0.40000,-0.54473,24.000,-1.089,250.000,250.000,-1,500.000,-1,250.000,300.000,450.000,250.000,-1,-1,200.000,-1,350.000,-1,225.000,-1,1,1,2,1,2,1,1,1,0,2,2,0,2,1,2,1,2
115,-7638.958,2264.272,212.655,-163.504,-0.955676,0.283319,0.080081,-0.275884,-0.956733,0.092468,0.102814,0.066276,0.992490,0,0.48000,-0.53767,28.800,-1.075,225.000,250.000,-1,525.000,-1,250.000,325.000,450.000,250.000,-1,400.000,150.000,-1,350.000,-1,225.000,-1,1,1,2,1,2,1,1,1,0,2,0,0,2,1,2,1,2
116,-7671.345,2255.316,216.653,-164.563,-0.960412,0.265400,0.084687,-0.256601,-0.961119,0.102011,0.108468,0.076242,0.991172,0,0.56000,-0.52946,33.600,-1.059,225.000,250.000,-1,550.000,-1,250.000,350.000,475.000,250.000,-1,350.000,100.000,800.000,450.000,-1,225.000,-1,1,1,2,1,2,1,1,1,0,2,0,0,0,1,2,1,2
117,-7708.538,2245.752,221.231,-165.603,-0.964645,0.247684,0.090073,-0.237198,-0.964875,0.112932,0.114880,0.087574,0.989512,0,0.64000,-0.51990,38.400,-1.040,200.000,250.000,-1,575.000,-1,275.000,375.000,450.000,250.000,-1,300.000,75.000,625.000,-1,-1,200.000,-1,1,1,2,1,2,1,1,1,0,2,0,0,0,2,2,1,2
118,-7750.564,2235.735,226.399,-166.620,-0.968357,0.230232,0.096322,-0.217674,-0.967948,0.125277,0.122078,0.100346,0.987435,0,0.72000,-0.50874,43.200,-1.017,200.000,325.000,-1,575.000,-1,325.000,400.000,425.000,250.000,-1,275.000,50.000,500.000,-1,-1,200.000,-1,1,1,2,0,2,1,1,1,0,2,0,0,0,2,2,1,2
119,3607.625,8199.156,-173.407,90.446,-0.007240,-0.999922,0.010161,0.998513,-0.007778,-0.053954,0.054029,0.009755,0.998492,1,0.00000,0.00000,48.000,-0.991,-1,375.000,-1,400.000,-1,325.000,325.000,300.000,300.000,-1,750.000,775.000,-1,725.000,750.000,-1,-1,2,0,2,0,2,0,0,0,0,2,0,0,2,0,0,2,2
120,3607.608,8203.956,-173.148,90.206,-0.003045,-0.999944,0.010165,0.998531,-0.003590,-0.054064,0.054098,0.009986,0.998486,0,0.08000,-0.12000,4.800,-0.240,-1,375.000,-1,400.000,-1,325.000,325.000,300.000,300.000,-1,750.000,775.000,-1,725.000,750.000,-1,-1,2,0,2,0,2,0,0,0,0,2,0,0,2,0,0,2,2
121,3607.614,8213.556,-172.631,89.964,0.001182,-0.999948,0.010173,0.998526,0.000628,-0.054280,0.054271,0.010222,0.998474,0,0.16000,-0.12084,9.600,-0.242,-1,375.000,-1,400.000,-1,325.000,325.000,300.000,300.000,-1,750.000,775.000,-1,725.000,750.000,-1,-1,2,0,2,0,2,0,0,0,0,2,0,0,2,0,0,2,2
122,3607.685,8227.956,-171.855,89.719,0.005472,-0.999933,0.010182,0.998496,0.004909,-0.054600,0.054547,0.010465,0.998456,0,0.24000,-0.12263,14.400,-0.245,-1,375.000,-1,400.000,-1,325.000,325.000,300.000,300.000,-1,725.000,775.000,-1,725.000,750.000,-1,-1,2,0,2,0,2,0,0,0,0,2,0,0,2,0,0,2,2
123,3607.863,8247.155,-170.823,89.468,0.009867,-0.999899,0.010190,0.998442,0.009292,-0.055026,0.054926,0.010717,0.998433,0,0.32000,-0.12558,19.200,-0.251,-1,375.000,-1,400.000,-1,325.000,325.000,300.000,300.000,-1,725.000,775.000,-1,725.000,750.000,-1,-1,2,0,2,0,2,0,0,0,0,2,0,0,2,0,0,2,2
124,3608.194,8271.153,-169.533,89.208,0.014406,-0.999844,0.010196,0.998360,0.013818,-0.055556,0.055406,0.010980,0.998404,0,0.40000,-0.12970,24.000,-0.259,-1,375.000,-1,400.000,-1,325.000,325.000,300.000,300.000,-1,725.000,775.000,-1,750.000,750.000,-1,-1,2,0,2,0,2,0,0,0,0,2,0,0,2,0,0,2,2
125,3608.728,8299.948,-167.987,88.938,0.019132,-0.999765,0.010197,0.998248,0.018530,-0.056190,0.055988,0.011254,0.998368,0,0.48000,-0.13501,28.800,-0.270,-1,400.000,-1,400.000,-1,325.000,325.000,300.000,300.000,-1,725.000,750.000,-1,750.000,750.000,-1,-1,2,0,2,0,2,0,0,0,0,2,0,0,2,0,0,2,2
126,3609.517,8333.539,-166.186,88.655,0.024088,-0.999658,0.010190,0.998102,0.023470,-0.056927,0.056669,0.011541,0.998326,0,0.56000,-0.14156,33.600,-0.283,-1,400.000,-1,400.000,-1,325.000,325.000,300.000,300.000,-1,725.000,750.000,-1,750.000,750.000,-1,-1,2,0,2,0,2,0,0,0,0,2,0,0,2,0,0,2,2
127,3610.618,8371.923,-164.130,88.356,0.029318,-0.999518,0.010171,0.997918,0.028683,-0.057767,0.057448,0.011844,0.998278,0,0.64000,-0.14939,38.400,-0.299,-1,400.000,-1,400.000,-1,325.000,325.000,300.000,300.000,-1,725.000,750.000,-1,750.000,750.000,-1,-1,2,0,2,0,2,0,0,0,0,2,0,0,2,0,0,2,2
128,3612.096,8415.098,-161.821,88.039,0.034868,-0.999340,0.010139,0.997689,0.034215,-0.058709,0.058323,0.012162,0.998224,0,0.72000,-0.15857,43.200,-0.317,-1,400.000,-1,400.000,-1,325.000,325.000,300.000,300.000,-1,725.000,750.000,-1,750.000,750.000,-1,-1,2,0,2,0,2,0,0,0,0,2,0,0,2,0,0,2,2
129,3614.022,8463.060,-159.260,87.701,0.040788,-0.999117,0.010088,0.997407,0.040115,-0.059750,0.059292,0.012499,0.998162,0,0.80000,-0.16916,48.000,-0.338,-1,400.000,-1,400.000,1000.000,325.000,325.000,300.000,300.000,-1,700.000,725.000,-1,750.000,775.000,-1,-1,2,0,2,0,1,0,0,0,0,2,0,0,2,0,0,2,2
130,3616.474,8515.803,-156.411,87.338,0.047138,-0.998837,0.010171,0.997071,0.046435,-0.060774,0.060231,0.013006,0.998100,0,0.88000,-0.18126,52.800,-0.363,-1,400.000,-1,400.000,975.000,325.000,325.000,300.000,300.000,-1,725.000,725.000,-1,775.000,775.000,-1,-1,2,0,2,0,1,0,0,0,0,2,0,0,2,0,1,2,2
131,3619.540,8573.321,-153.025,86.948,0.053962,-0.998488,0.010464,0.996732,0.053231,-0.060756,0.060107,0.013709,0.998098,0,0.96000,-0.19495,57.600,-0.390,-1,400.000,-1,400.000,925.000,325.000,325.000,300.000,300.000,-1,775.000,775.000,-1,800.000,750.000,-1,-1,2,0,2,0,1,0,0,0,0,2,0,0,2,0,1,2,2
132,3623.174,8633.211,-149.462,86.528,0.061310,-0.998062,0.010611,0.996325,0.060560,-0.060575,0.059815,0.014286,0.998107,0,1.00000,-0.21034,60.000,-0.421,-1,400.000,-1,400.000,875.000,325.000,325.000,300.000,300.000,-1,850.000,850.000,-1,800.000,725.000,-1,950.000,2,0,2,0,1,0,0,0,0,2,0,0,2,0,1,2,1
133,3627.152,8688.268,-146.195,85.867,0.072839,-0.997286,0.010742,0.995569,0.072063,-0.060406,0.059468,0.015095,0.998116,0,0.92000,-0.33034,55.200,-0.661,-1,400.000,-1,400.000,850.000,325.000,325.000,300.000,300.000,-1,900.000,900.000,-1,825.000,700.000,-1,900.000,2,0,2,0,1,0,0,0,0,2,0,0,2,0,1,2,1
134,3631.574,8738.473,-143.227,84.966,0.088537,-0.996014,0.010860,0.994321,0.087729,-0.060247,0.059054,0.016133,0.998124,0,0.84000,-0.45034,50.400,-0.901,-1,400.000,-1,400.000,800.000,325.000,325.000,300.000,300.000,-1,950.000,975.000,-1,825.000,675.000,-1,850.000,2,0,2,0,1,0,0,0,0,2,0,0,2,0,1,2,1
