timestep,x_cm,y_cm,z_cm,yaw_deg,basis_xx,basis_xy,basis_xz,basis_yx,basis_yy,basis_yz,basis_zx,basis_zy,basis_zz,teleport_flag,throttle_cmd,steering_cmd,cmd_move_cm,cmd_turn_deg,lidar_cm_0,lidar_cm_1,lidar_cm_2,lidar_cm_3,lidar_cm_4,lidar_cm_5,lidar_cm_6,lidar_cm_7,lidar_cm_8,lidar_cm_9,lidar_cm_10,lidar_cm_11,lidar_cm_12,lidar_cm_13,lidar_cm_14,lidar_cm_15,lidar_cm_16,lidar_class_0,lidar_class_1,lidar_class_2,lidar_class_3,lidar_class_4,lidar_class_5,lidar_class_6,lidar_class_7,lidar_class_8,lidar_class_9,lidar_class_10,lidar_class_11,lidar_class_12,lidar_class_13,lidar_class_14,lidar_class_15,lidar_class_16
0,325.041,5571.594,240.036,-127.349,-0.601410,0.794944,-0.079809,-0.789334,-0.606651,-0.094483,-0.123525,0.006173,0.992322,1,0.08000,0.12000,4.800,0.240,-1,375.000,-1,400.000,-1,325.000,325.000,325.000,325.000,-1,-1,-1,-1,-1,775.000,-1,-1,2,0,2,0,2,0,0,0,0,2,2,2,2,2,0,2,2
1,319.281,5563.914,238.837,-126.869,-0.594661,0.799991,-0.079952,-0.794462,-0.599964,-0.094199,-0.123327,0.007502,0.992338,0,0.16000,0.24000,9.600,0.480,-1,375.000,-1,400.000,-1,325.000,325.000,325.000,325.000,-1,-1,-1,-1,-1,775.000,-1,-1,2,0,2,0,2,0,0,0,0,2,2,2,2,2,0,2,2
2,310.787,5552.286,237.046,-126.149,-0.584459,0.807454,-0.080157,-0.802044,-0.589854,-0.093792,-0.123014,0.009472,0.992360,0,0.24000,0.36000,14.400,0.720,-1,400.000,-1,400.000,-1,325.000,325.000,325.000,325.000,-1,-1,-1,-1,-1,775.000,-1,-1,2,1,2,0,2,0,0,0,0,2,2,2,2,2,0,2,2
3,299.723,5536.595,234.668,-125.189,-0.570716,0.817201,-0.080411,-0.811949,-0.576227,-0.093282,-0.122565,0.012052,0.992387,0,0.32000,0.48000,19.200,0.960,-1,450.000,-1,400.000,-1,325.000,325.000,325.000,325.000,-1,-1,-1,-1,-1,750.000,-1,-1,2,1,2,0,2,0,0,0,0,2,2,2,2,2,0,2,2
4,286.255,5516.729,231.721,-124.134,-0.555432,0.827636,-0.080712,-0.822562,-0.561068,-0.092707,-0.122013,0.014898,0.992417,0,0.40000,0.52729,24.000,1.055,-1,500.000,-1,375.000,-1,325.000,325.000,325.000,325.000,-1,-1,-1,-1,-1,750.000,-1,-1,2,1,2,0,2,0,0,0,0,2,2,2,2,2,0,2,2
5,270.537,5492.597,228.181,-123.078,-0.539939,0.837799,-0.080988,-0.832888,-0.545695,-0.092274,-0.121502,0.017632,0.992435,0,0.48000,0.52801,28.800,1.056,-1,550.000,-1,375.000,-1,325.000,325.000,325.000,325.000,-1,-1,-1,-1,-1,725.000,-1,-1,2,1,2,0,2,0,0,0,0,2,2,2,2,2,0,2,2
6,252.722,5464.109,224.093,-122.019,-0.524226,0.847694,-0.081255,-0.842950,-0.530095,-0.091836,-0.120922,0.020351,0.992453,0,0.56000,0.52933,33.600,1.059,-1,600.000,-1,375.000,-1,325.000,325.000,325.000,325.000,-1,-1,-1,-1,-1,700.000,-1,-1,2,1,2,0,2,1,0,0,0,2,2,2,2,2,0,2,2
7,232.970,5431.178,219.438,-120.957,-0.508303,0.857331,-0.081319,-0.852755,-0.514257,-0.091374,-0.120157,0.022899,0.992491,0,0.64000,0.53125,38.400,1.063,-1,650.000,-1,375.000,-1,350.000,325.000,325.000,325.000,-1,-1,-1,-1,-1,700.000,-1,-1,2,1,2,0,2,1,0,0,0,2,2,2,2,2,0,2,2
8,211.443,5393.724,214.190,-119.889,-0.492186,0.866719,-0.080941,-0.862309,-0.498166,-0.090845,-0.119059,0.025084,0.992570,0,0.72000,0.53384,43.200,1.068,-1,675.000,-1,375.000,-1,350.000,325.000,325.000,325.000,-1,-1,-1,-1,-1,675.000,-1,-1,2,1,2,0,2,1,1,0,0,2,2,2,2,2,0,2,2
9,188.309,5351.668,208.436,-118.815,-0.475815,0.875859,-0.080443,-0.871617,-0.481802,-0.090280,-0.117831,0.027159,0.992662,0,0.80000,0.53716,48.000,1.074,-1,725.000,-1,375.000,-1,375.000,325.000,325.000,325.000,-1,-1,-1,-1,-1,650.000,-1,-1,2,1,2,1,2,1,1,0,0,2,2,2,2,2,0,2,2
10,163.932,5305.300,199.495,-117.732,-0.459690,0.884992,-0.073988,-0.879183,-0.465266,-0.102783,-0.125386,0.017801,0.991948,0,0.87304,0.54129,52.382,1.083,-1,700.000,-1,350.000,-1,375.000,300.000,300.000,325.000,-1,-1,-1,-1,-1,600.000,-1,-1,2,1,2,1,2,1,1,0,0,2,2,2,2,2,0,2,2
11,140.348,5258.278,189.066,-116.640,-0.443856,0.893843,-0.063539,-0.885428,-0.448377,-0.122375,-0.137874,0.001942,0.990448,0,0.87668,0.54629,52.601,1.093,-1,625.000,-1,325.000,-1,350.000,300.000,250.000,350.000,-1,-1,-1,-1,-1,525.000,-1,900.000,2,1,2,1,2,1,1,0,0,2,2,2,2,2,0,2,0
12,119.558,5215.232,179.876,-115.787,-0.431809,0.900352,-0.053918,-0.889652,-0.434996,-0.138916,-0.148527,-0.012017,0.988835,0,0.79668,0.42629,47.801,0.853,-1,575.000,-1,300.000,1000.000,325.000,275.000,225.000,375.000,-1,-1,-1,-1,-1,475.000,-1,750.000,2,1,2,1,1,1,1,0,0,2,2,2,2,2,0,2,0
13,100.000,5173.600,171.305,-115.174,-0.423614,0.904731,-0.044854,-0.891935,-0.425242,-0.153694,-0.158125,-0.025100,0.987100,0,0.76655,0.30629,45.993,0.613,-1,525.000,-1,275.000,950.000,300.000,250.000,200.000,400.000,-1,-1,-1,-1,-1,425.000,-1,625.000,2,1,2,1,1,1,1,0,0,2,2,2,2,2,0,2,0
14,80.671,5131.747,163.018,-114.802,-0.419309,0.907117,-0.036317,-0.892355,-0.419183,-0.167295,-0.166979,-0.037740,0.985238,0,0.76829,0.18629,46.097,0.373,-1,475.000,-1,250.000,925.000,300.000,225.000,175.000,425.000,-1,-1,-1,-1,-1,400.000,-1,525.000,2,1,2,1,1,1,1,1,0,2,2,2,2,2,0,2,0
15,61.422,5089.804,155.275,-114.669,-0.418971,0.907575,-0.027757,-0.891093,-0.416850,-0.179414,-0.174403,-0.050435,0.983382,0,0.76910,0.06629,46.146,0.133,-1,425.000,-1,250.000,825.000,275.000,225.000,225.000,450.000,-1,-1,-1,-1,-1,350.000,-1,450.000,2,1,2,1,0,1,1,1,0,2,2,2,2,2,0,2,0
16,42.122,5047.906,148.374,-114.753,-0.422289,0.906276,-0.018350,-0.888507,-0.417849,-0.189627,-0.179522,-0.063774,0.981685,0,0.76879,-0.04163,46.127,-0.083,-1,400.000,-1,225.000,800.000,250.000,200.000,250.000,475.000,-1,-1,-1,-1,-1,325.000,-1,400.000,2,1,2,1,0,1,1,1,0,2,2,2,2,2,0,2,0
17,22.817,5006.115,141.960,-114.815,-0.425239,0.905034,-0.009252,-0.886331,-0.418477,-0.198228,-0.183275,-0.076094,0.980112,0,0.76720,-0.03134,46.032,-0.063,-1,375.000,-1,200.000,775.000,250.000,200.000,275.000,525.000,-1,0.000,-1,-1,-1,325.000,-1,375.000,2,1,2,1,0,1,1,1,0,2,0,2,2,2,0,2,0
18,3.544,4964.475,135.678,-114.856,-0.427526,0.904001,-0.002066,-0.884514,-0.418779,-0.205571,-0.186702,-0.086060,0.978640,0,0.76471,-0.02035,45.882,-0.041,-1,350.000,-1,200.000,750.000,225.000,175.000,300.000,550.000,-1,0.000,-1,-1,-1,300.000,-1,350.000,2,1,2,0,0,1,1,1,0,2,0,2,2,2,0,2,0
19,-15.654,4923.032,129.798,-114.873,-0.429277,0.903162,0.004476,-0.883160,-0.418723,-0.211423,-0.189075,-0.094712,0.977384,0,0.76121,-0.00867,45.673,-0.017,-1,325.000,-1,175.000,700.000,225.000,175.000,350.000,575.000,-1,0.000,-1,-1,-1,275.000,-1,325.000,2,1,2,0,0,1,1,1,0,2,0,2,2,2,0,2,0
20,-3607.242,6231.501,-104.035,-66.847,0.364761,0.894360,0.258976,-0.923767,0.382450,-0.019670,-0.116638,-0.232059,0.965683,1,0.00000,0.00000,40.873,0.223,150.000,250.000,750.000,375.000,-1,250.000,300.000,200.000,275.000,800.000,600.000,300.000,275.000,350.000,550.000,150.000,850.000,0,0,0,0,2,0,0,0,1,0,1,1,1,0,0,0,0
21,6891.102,4260.648,485.055,142.653,-0.794244,-0.606618,0.034515,0.606422,-0.794959,-0.017081,0.037800,0.007364,0.999258,1,-0.08000,-0.12000,-4.800,-0.240,-1,425.000,-1,425.000,-1,325.000,325.000,300.000,325.000,-1,-1,-1,975.000,-1,850.000,-1,-1,2,0,2,0,2,0,0,0,0,2,2,2,1,2,0,2,2
22,6898.685,4254.760,484.641,142.173,-0.789103,-0.613255,0.035134,0.613051,-0.789848,-0.017573,0.038527,0.007672,0.999228,0,-0.16000,-0.24000,-9.600,-0.480,-1,425.000,-1,425.000,-1,325.000,350.000,300.000,325.000,-1,-1,-1,-1,-1,850.000,-1,-1,2,0,2,0,2,0,0,0,0,2,2,2,2,2,0,2,2
23,6909.947,4245.787,484.018,141.453,-0.781287,-0.623130,0.036052,0.622913,-0.782076,-0.018332,0.039619,0.008135,0.999182,0,-0.24000,-0.36000,-14.400,-0.720,-1,425.000,-1,425.000,-1,350.000,350.000,300.000,325.000,-1,-1,-1,-1,-1,850.000,-1,-1,2,0,2,0,2,0,0,0,0,2,2,2,2,2,0,2,2
24,6924.760,4233.573,483.185,140.493,-0.770672,-0.636142,0.037257,0.635907,-0.771522,-0.019381,0.041074,0.008756,0.999118,0,-0.32000,-0.48000,-19.200,-0.960,-1,425.000,-1,425.000,-1,350.000,350.000,300.000,325.000,-1,-1,-1,-1,-1,875.000,-1,-1,2,0,2,0,2,0,0,0,0,2,2,2,2,2,0,2,2
25,6942.954,4217.920,482.141,139.293,-0.757095,-0.652156,0.038729,0.651895,-0.758025,-0.020752,0.042891,0.009536,0.999034,0,-0.40000,-0.60000,-24.000,-1.200,-1,425.000,-1,425.000,-1,350.000,350.000,300.000,325.000,-1,-1,-1,-1,-1,875.000,-1,-1,2,0,2,0,2,0,0,0,0,2,2,2,2,2,0,2,2
26,6964.306,4198.595,480.880,137.853,-0.740361,-0.670992,0.040441,0.670698,-0.741390,-0.022462,0.045054,0.010494,0.998929,0,-0.48000,-0.72000,-28.800,-1.440,-1,425.000,-1,425.000,-1,350.000,350.000,300.000,325.000,-1,-1,-1,-1,-1,900.000,-1,-1,2,0,2,0,2,0,0,0,0,2,2,2,2,2,0,2,2
27,6988.546,4175.327,479.057,136.173,-0.720242,-0.692420,0.042506,0.692161,-0.721379,-0.022913,0.046528,0.012918,0.998833,0,-0.56000,-0.84000,-33.600,-1.680,-1,425.000,-1,425.000,-1,350.000,350.000,300.000,325.000,-1,-1,-1,-1,-1,900.000,-1,-1,2,0,2,0,2,0,0,0,0,2,2,2,2,2,0,2,2
28,7013.951,4149.250,477.087,134.253,-0.696487,-0.716172,0.044755,0.715956,-0.697748,-0.023552,0.048095,0.015639,0.998720,0,-0.60678,-0.96000,-36.407,-1.920,-1,425.000,-1,425.000,-1,350.000,350.000,300.000,325.000,-1,-1,-1,-1,-1,900.000,-1,-1,2,0,2,0,2,0,0,0,0,2,2,2,2,2,0,2,2
29,7037.906,4122.882,475.169,132.256,-0.670940,-0.740023,0.046956,0.739852,-0.672329,-0.024332,0.049576,0.018415,0.998601,0,-0.59374,-0.99876,-35.624,-1.998,-1,425.000,-1,425.000,-1,350.000,350.000,300.000,300.000,-1,-1,-1,-1,-1,900.000,-1,-1,2,0,2,0,2,0,0,0,0,2,2,2,2,2,0,2,2
30,7060.388,4096.329,473.311,130.256,-0.644539,-0.762995,0.049073,0.762870,-0.646058,-0.025271,0.050985,0.021148,0.998475,0,-0.57989,-1.00000,-34.793,-2.000,-1,425.000,-1,425.000,-1,350.000,325.000,300.000,300.000,-1,-1,-1,-1,-1,900.000,-1,-1,2,0,2,0,2,0,0,0,0,2,2,2,2,2,0,2,2
31,7081.405,4069.673,471.519,128.256,-0.617347,-0.785030,0.051089,0.784949,-0.618999,-0.026354,0.052313,0.023833,0.998346,0,-0.56576,-1.00000,-33.945,-2.000,-1,425.000,-1,425.000,-1,350.000,325.000,300.000,300.000,-1,-1,-1,-1,-1,925.000,-1,-1,2,0,2,0,2,0,0,0,0,2,2,2,2,2,0,2,2
32,7100.975,4042.986,469.796,126.256,-0.589401,-0.806101,0.052989,0.806064,-0.591186,-0.027569,0.053549,0.026463,0.998214,0,-0.55155,-1.00000,-33.093,-2.000,-1,425.000,-1,400.000,-1,350.000,325.000,300.000,300.000,-1,-1,-1,-1,-1,925.000,-1,-1,2,0,2,0,2,0,0,0,0,2,2,2,2,2,0,2,2
33,7119.126,4016.332,468.185,124.256,-0.560734,-0.826179,0.054820,0.826197,-0.562650,-0.028705,0.054560,0.029197,0.998084,0,-0.53747,-1.00000,-32.248,-2.000,-1,425.000,-1,400.000,-1,350.000,325.000,300.000,300.000,-1,-1,-1,-1,-1,925.000,-1,-1,2,0,2,0,2,0,0,0,0,2,2,2,2,2,0,2,2
34,7135.894,3989.760,466.736,122.256,-0.531383,-0.845234,0.056675,0.845332,-0.533425,-0.029519,0.055182,0.032223,0.997956,0,-0.52368,-1.00000,-31.421,-2.000,-1,425.000,-1,425.000,-1,350.000,325.000,300.000,300.000,-1,975.000,-1,-1,-1,900.000,-1,-1,2,0,2,0,2,0,0,0,1,2,0,2,2,2,0,2,2
35,7151.321,3963.311,465.359,120.257,-0.501410,-0.863236,0.058418,0.863415,-0.503575,-0.030452,0.055705,0.035170,0.997828,0,-0.51033,-0.99923,-30.620,-1.998,-1,425.000,-1,425.000,-1,325.000,325.000,325.000,275.000,-1,900.000,1000.000,-1,-1,900.000,-1,-1,2,0,2,0,2,0,0,0,0,2,0,0,2,2,0,2,2
36,7165.457,3937.016,464.055,118.264,-0.470909,-0.880136,0.060038,0.880394,-0.473195,-0.031495,0.056129,0.038026,0.997699,0,-0.49756,-0.99663,-29.854,-1.993,-1,425.000,-1,425.000,-1,325.000,325.000,325.000,300.000,-1,800.000,900.000,-1,-1,925.000,-1,-1,2,0,2,0,2,0,0,0,0,2,0,0,2,2,0,2,2
37,7178.351,3910.896,462.823,116.277,-0.439944,-0.895915,0.061524,0.896249,-0.442349,-0.032636,0.056454,0.040783,0.997572,0,-0.48550,-0.99342,-29.130,-1.987,-1,425.000,-1,425.000,-1,325.000,325.000,325.000,300.000,-1,750.000,825.000,-1,-1,950.000,-1,-1,2,0,2,0,2,0,0,0,0,2,0,0,2,2,0,2,2
38,7190.057,3884.964,461.659,114.298,-0.408575,-0.910557,0.062874,0.910963,-0.411096,-0.033867,0.056685,0.043438,0.997447,0,-0.47421,-0.98964,-28.453,-1.979,-1,425.000,-1,425.000,-1,325.000,325.000,325.000,300.000,-1,675.000,750.000,-1,-1,950.000,-1,-1,2,0,2,0,2,0,0,0,0,2,0,0,2,2,0,2,2
39,7200.633,3859.225,460.448,112.340,-0.377073,-0.923946,0.064343,0.924460,-0.379699,-0.034689,0.056481,0.046402,0.997325,0,-0.46378,-0.97886,-27.827,-1.958,-1,425.000,-1,425.000,-1,325.000,325.000,325.000,300.000,-1,575.000,675.000,-1,-1,950.000,-1,-1,2,0,2,0,2,0,0,0,0,2,0,0,2,2,0,2,2
40,7210.140,3833.680,459.091,110.419,-0.345731,-0.935996,0.066199,0.936687,-0.348442,-0.034720,0.055564,0.050004,0.997202,0,-0.45430,-0.96082,-27.258,-1.922,-1,425.000,-1,425.000,-1,325.000,325.000,325.000,300.000,-1,525.000,600.000,-1,-1,950.000,-1,-1,2,0,2,0,2,0,0,0,0,2,0,0,2,2,0,2,2
41,7218.640,3808.317,458.026,108.532,-0.314688,-0.946831,0.066954,0.947667,-0.317399,-0.034416,0.053837,0.052620,0.997162,0,-0.44582,-0.94320,-26.749,-1.886,-1,425.000,-1,425.000,-1,325.000,325.000,325.000,300.000,-1,500.000,575.000,-1,-1,925.000,-1,-1,2,0,2,0,2,0,0,0,0,2,0,0,2,2,0,2,2
42,7226.188,3783.122,457.117,106.680,-0.283931,-0.956485,0.067230,0.957450,-0.286600,-0.033904,0.051696,0.054743,0.997161,0,-0.43836,-0.92603,-26.302,-1.852,-1,425.000,-1,400.000,-1,325.000,325.000,325.000,300.000,-1,500.000,575.000,-1,-1,900.000,-1,-1,2,0,2,0,2,0,0,0,0,2,0,0,2,2,0,2,2
43,7231.777,3762.360,456.401,105.068,-0.256924,-0.964073,0.067475,0.965149,-0.259553,-0.033459,0.049770,0.056527,0.997160,0,-0.35836,-0.80603,-21.502,-1.612,-1,425.000,-1,400.000,825.000,325.000,325.000,325.000,300.000,-1,525.000,550.000,-1,1000.000,900.000,-1,-1,2,0,2,0,1,0,0,0,0,2,0,0,2,0,0,2,2
44,7235.730,3746.134,455.786,103.696,-0.233816,-0.969949,0.067295,0.971103,-0.236379,-0.032924,0.047841,0.057652,0.997190,0,-0.27836,-0.68603,-16.702,-1.372,-1,400.000,-1,400.000,750.000,325.000,325.000,325.000,300.000,-1,500.000,525.000,-1,975.000,875.000,-1,-1,2,0,2,0,1,0,0,0,0,2,0,0,2,0,0,2,2
45,7238.319,3734.517,455.359,102.564,-0.214651,-0.974380,0.067141,0.975595,-0.217158,-0.032511,0.046258,0.058524,0.997214,0,-0.19836,-0.56603,-11.902,-1.132,-1,400.000,-1,400.000,700.000,325.000,325.000,325.000,300.000,-1,500.000,525.000,-1,975.000,850.000,-1,-1,2,0,2,0,1,0,0,0,0,2,0,0,2,0,0,2,2
46,7239.755,3727.563,455.115,101.672,-0.199486,-0.977606,0.067024,0.978864,-0.201954,-0.032252,0.045066,0.059174,0.997230,0,-0.11836,-0.44603,-7.102,-0.892,-1,400.000,-1,400.000,675.000,325.000,325.000,325.000,300.000,-1,475.000,525.000,-1,950.000,850.000,-1,-1,2,0,2,0,1,0,0,0,0,2,0,0,2,0,0,2,2
47,7240.195,3725.304,455.050,101.020,-0.188367,-0.979815,0.066933,0.981100,-0.190811,-0.032161,0.044283,0.059610,0.997239,0,-0.03836,-0.32603,-2.302,-0.652,-1,400.000,-1,400.000,650.000,325.000,325.000,325.000,300.000,-1,475.000,525.000,-1,950.000,850.000,-1,-1,2,0,2,0,1,0,0,0,0,2,0,0,2,0,0,2,2
48,7239.735,3727.760,455.158,100.608,-0.181320,-0.981149,0.066856,0.982443,-0.183757,-0.032243,0.043921,0.059836,0.997242,0,0.04164,-0.20603,2.498,-0.412,-1,400.000,-1,400.000,650.000,325.000,325.000,325.000,300.000,-1,475.000,525.000,-1,950.000,850.000,-1,-1,2,0,2,0,1,0,0,0,0,2,0,0,2,0,0,2,2
49,7238.435,3734.942,455.442,100.255,-0.175265,-0.982255,0.066761,0.983547,-0.177705,-0.032499,0.043786,0.059967,0.997240,0,0.12164,-0.17656,7.298,-0.353,-1,400.000,-1,400.000,650.000,325.000,325.000,325.000,300.000,-1,500.000,525.000,-1,950.000,850.000,-1,-1,2,0,2,0,1,0,0,0,0,2,0,0,2,0,0,2,2
50,7236.355,3746.860,455.901,99.900,-0.169167,-0.983332,0.066634,0.984613,-0.171618,-0.032926,0.043813,0.060039,0.997234,0,0.20164,-0.17739,12.098,-0.355,-1,400.000,-1,400.000,625.000,325.000,325.000,325.000,300.000,-1,500.000,525.000,-1,950.000,850.000,-1,-1,2,0,2,0,1,0,0,0,0,2,0,0,2,0,0,2,2
51,7233.554,3763.525,456.531,99.541,-0.162974,-0.984389,0.066471,0.985649,-0.165446,-0.033526,0.044000,0.060053,0.997225,0,0.28164,-0.17972,16.898,-0.359,-1,425.000,-1,400.000,625.000,325.000,325.000,325.000,300.000,-1,500.000,525.000,-1,975.000,875.000,-1,-1,2,0,2,0,1,0,0,0,0,2,0,0,2,0,0,2,2
52,7230.095,3784.946,457.328,99.173,-0.156635,-0.985431,0.066267,0.986661,-0.159137,-0.034295,0.044341,0.060011,0.997212,0,0.36164,-0.18354,21.698,-0.367,-1,425.000,-1,400.000,625.000,325.000,325.000,325.000,300.000,-1,500.000,550.000,-1,975.000,900.000,-1,-1,2,0,2,0,1,0,0,0,0,2,0,0,2,0,0,2,2
53,7226.043,3811.133,458.288,98.796,-0.150097,-0.986465,0.066018,0.987654,-0.152636,-0.035232,0.044832,0.059914,0.997196,0,0.44164,-0.18890,26.498,-0.378,-1,425.000,-1,400.000,600.000,325.000,325.000,325.000,300.000,-1,475.000,525.000,-1,1000.000,925.000,-1,-1,2,0,2,0,1,0,0,0,0,2,0,0,2,0,0,2,2
54,7221.469,3842.096,459.405,98.404,-0.143307,-0.987494,0.065717,0.988633,-0.145891,-0.036334,0.045468,0.059763,0.997177,0,0.52164,-0.19583,31.298,-0.392,-1,425.000,-1,425.000,600.000,350.000,325.000,325.000,300.000,-1,450.000,500.000,-1,1000.000,975.000,-1,-1,2,0,2,0,1,0,0,0,0,2,0,0,2,0,0,2,2
55,7216.448,3877.843,460.673,97.995,-0.136209,-0.988522,0.065360,0.989600,-0.138843,-0.037599,0.046242,0.059559,0.997153,0,0.60164,-0.20439,36.098,-0.409,-1,425.000,-1,425.000,575.000,350.000,350.000,325.000,300.000,-1,425.000,475.000,-1,-1,-1,-1,-1,2,0,2,0,1,0,0,0,0,2,0,0,2,2,2,2,2
56,7211.064,3918.386,462.218,97.566,-0.128830,-0.989577,0.064345,0.990593,-0.131438,-0.038071,0.046132,0.058835,0.997201,0,0.68164,-0.21466,40.898,-0.429,-1,425.000,-1,425.000,575.000,350.000,350.000,325.000,300.000,-1,425.000,475.000,-1,-1,-1,-1,-1,2,0,2,0,1,0,0,0,0,2,0,0,2,2,2,2,2
57,7205.405,3963.733,463.673,97.112,-0.121086,-0.990571,0.064086,0.991648,-0.123601,-0.036840,0.044414,0.059090,0.997264,0,0.76164,-0.22673,45.698,-0.453,-1,425.000,-1,425.000,550.000,350.000,350.000,325.000,300.000,-1,500.000,550.000,-1,-1,-1,-1,-1,2,0,2,0,1,0,0,0,0,2,0,0,2,2,2,2,2
58,7199.575,4013.893,465.151,96.631,-0.112975,-0.991582,0.063257,0.992753,-0.115275,-0.033951,0.040957,0.058963,0.997420,0,0.84164,-0.24070,50.498,-0.481,-1,425.000,-1,425.000,550.000,350.000,350.000,325.000,300.000,-1,625.000,700.000,-1,1000.000,-1,-1,-1,2,0,2,0,1,0,0,0,0,2,0,0,2,0,2,2,2
59,7193.683,4068.877,466.645,96.118,-0.104345,-0.992604,0.062041,0.993854,-0.106388,-0.030590,0.036964,0.058468,0.997605,0,0.92164,-0.25669,55.298,-0.513,-1,425.000,-1,425.000,525.000,350.000,350.000,325.000,300.000,-1,825.000,850.000,-1,975.000,-1,-1,-1,2,0,2,0,1,0,0,0,0,2,0,0,2,0,2,2,2
60,7187.862,4128.594,468.217,95.568,-0.095087,-0.993611,0.060790,0.994932,-0.096864,-0.026976,0.032692,0.057917,0.997786,0,1.00000,-0.27484,60.000,-0.550,-1,425.000,-1,425.000,500.000,350.000,350.000,325.000,275.000,-1,925.000,950.000,-1,950.000,-1,-1,-1,2,0,2,0,1,0,0,0,0,2,0,0,2,0,2,2,2
61,7182.657,4188.367,469.723,94.977,-0.085106,-0.994592,0.059534,0.995968,-0.086621,-0.023349,0.028380,0.057307,0.997953,0,1.00000,-0.29526,60.000,-0.591,-1,425.000,-1,425.000,475.000,325.000,325.000,325.000,275.000,-1,-1,-1,-1,925.000,-1,-1,-1,2,0,2,0,1,0,0,0,1,2,2,2,2,0,2,2,2
62,7178.113,4248.195,471.183,94.345,-0.074378,-0.995520,0.058373,0.996939,-0.075643,-0.019765,0.024092,0.056724,0.998099,0,1.00000,-0.31615,60.000,-0.632,-1,425.000,-1,425.000,475.000,325.000,325.000,325.000,250.000,-1,-1,-1,-1,900.000,-1,-1,-1,2,0,2,0,1,0,0,0,1,2,2,2,2,0,2,2,2
63,7174.273,4308.072,472.599,93.670,-0.062887,-0.996373,0.057326,0.997824,-0.063912,-0.016232,0.019837,0.056181,0.998224,0,1.00000,-0.33748,60.000,-0.675,-1,400.000,-1,425.000,450.000,325.000,325.000,325.000,250.000,-1,-1,-1,-1,900.000,-1,-1,-1,2,0,2,0,1,0,0,0,1,2,2,2,2,0,2,2,2
64,7171.184,4367.993,473.969,92.952,-0.050620,-0.997124,0.056403,0.998596,-0.051416,-0.012747,0.015611,0.055679,0.998327,0,1.00000,-0.35920,60.000,-0.718,-1,400.000,-1,425.000,450.000,325.000,325.000,325.000,225.000,-1,-1,-1,-1,875.000,-1,-1,-1,2,0,2,0,1,0,0,0,1,2,2,2,2,0,2,2,2
65,7168.893,4427.949,475.292,92.189,-0.037568,-0.997745,0.055613,0.999229,-0.038143,-0.009312,0.011412,0.055220,0.998409,0,1.00000,-0.38124,60.000,-0.762,-1,400.000,-1,425.000,450.000,325.000,350.000,325.000,225.000,-1,-1,-1,-1,850.000,-1,-1,-1,2,0,2,0,1,0,0,0,1,2,2,2,2,0,2,2,2
66,7167.288,4483.126,476.465,91.667,-0.028665,-0.998082,0.054878,0.999559,-0.029044,-0.006125,0.007707,0.054678,0.998474,0,0.92000,-0.26124,55.200,-0.522,-1,400.000,-1,450.000,450.000,325.000,350.000,325.000,225.000,-1,-1,-1,-1,825.000,-1,-1,-1,2,0,2,0,1,0,0,0,1,2,2,2,2,0,2,2,2
67,7166.071,4533.511,477.516,91.384,-0.023915,-0.998245,0.054182,0.999704,-0.024124,-0.003200,0.004501,0.054089,0.998526,0,0.84000,-0.14124,50.400,-0.282,-1,400.000,-1,450.000,450.000,325.000,350.000,325.000,225.000,-1,-1,-1,-1,825.000,-1,-1,-1,2,0,2,0,1,0,0,0,1,2,2,2,2,0,2,2,2
68,7164.953,4581.296,478.468,91.342,-0.023321,-0.998288,0.053633,0.999726,-0.023384,-0.000544,0.001797,0.053605,0.998561,0,0.79664,-0.02124,47.798,-0.042,-1,400.000,-1,450.000,450.000,350.000,350.000,325.000,225.000,-1,-1,-1,-1,825.000,-1,-1,-1,2,0,2,0,1,0,0,0,1,2,2,2,2,0,2,2,2
69,7163.686,4628.381,477.968,91.539,-0.026872,-0.998092,0.055584,0.999639,-0.026822,0.001646,-0.000152,0.055608,0.998453,0,0.78503,0.09876,47.102,0.198,-1,400.000,-1,450.000,475.000,325.000,350.000,350.000,200.000,-1,-1,-1,-1,800.000,-1,-1,-1,2,0,2,0,1,0,0,0,1,2,2,2,2,0,2,2,2
70,7162.089,4674.625,477.268,91.977,-0.034621,-0.997753,0.057363,0.999398,-0.034439,0.004149,-0.002164,0.057472,0.998345,0,0.77120,0.21876,46.272,0.438,-1,400.000,-1,450.000,475.000,325.000,350.000,350.000,200.000,-1,-1,-1,-1,800.000,-1,-1,-1,2,0,2,0,1,0,0,0,1,2,2,2,2,0,2,2,2
71,7159.989,4719.891,476.604,92.654,-0.046544,-0.997173,0.058996,0.998909,-0.046230,0.006670,-0.003924,0.059243,0.998236,0,0.75524,0.33876,45.314,0.678,-1,400.000,-1,450.000,500.000,325.000,350.000,350.000,200.000,-1,-1,-1,-1,800.000,-1,-1,-1,2,0,2,0,1,0,0,0,1,2,2,2,2,0,2,2,2
72,7157.232,4764.042,475.994,93.572,-0.062629,-0.996206,0.060426,0.998022,-0.062186,0.009194,-0.005402,0.060882,0.998130,0,0.73729,0.45876,44.238,0.918,-1,400.000,-1,425.000,550.000,325.000,350.000,350.000,200.000,-1,-1,-1,-1,775.000,-1,-1,-1,2,0,2,0,1,0,0,0,1,2,2,2,2,0,2,2,2
73,7153.779,4806.958,475.458,94.599,-0.080596,-0.994840,0.061632,0.996725,-0.080027,0.011658,-0.006666,0.062370,0.998031,0,0.71759,0.51358,43.055,1.027,-1,375.000,-1,425.000,600.000,325.000,325.000,350.000,200.000,-1,-1,-1,-1,775.000,1000.000,-1,-1,2,0,2,0,1,0,0,0,1,2,2,2,2,0,0,2,2
74,7149.678,4848.589,475.004,95.624,-0.098500,-0.993164,0.062631,0.995107,-0.097809,0.014013,-0.007791,0.063705,0.997938,0,0.69721,0.51271,41.833,1.025,-1,375.000,-1,425.000,-1,325.000,325.000,350.000,200.000,-1,-1,-1,-1,775.000,975.000,-1,-1,2,0,2,0,2,0,0,0,1,2,2,2,2,0,0,2,2
75,7144.973,4888.944,474.630,96.650,-0.116371,-0.991178,0.063431,0.993167,-0.115565,0.016246,-0.008772,0.064888,0.997854,0,0.67715,0.51290,40.629,1.026,-1,375.000,-1,425.000,-1,325.000,325.000,350.000,200.000,-1,-1,-1,-1,750.000,950.000,-1,-1,2,0,2,0,2,0,0,0,1,2,2,2,2,0,0,2,2
76,7139.700,4928.048,474.335,97.678,-0.134236,-0.988878,0.064037,0.990903,-0.133323,0.018347,-0.009606,0.065917,0.997779,0,0.65763,0.51407,39.458,1.028,-1,375.000,-1,425.000,-1,300.000,325.000,350.000,225.000,-1,-1,-1,-1,750.000,925.000,-1,-1,2,0,2,0,2,0,0,0,1,2,2,2,2,0,0,2,2
77,7133.894,4965.938,474.118,98.711,-0.152118,-0.986258,0.064457,0.988309,-0.151107,0.020309,-0.010290,0.066793,0.997714,0,0.63888,0.51614,38.333,1.032,-1,375.000,-1,425.000,-1,300.000,325.000,350.000,225.000,-1,-1,-1,450.000,750.000,900.000,-1,-1,2,0,2,0,2,0,0,0,1,2,2,2,1,0,0,2,2
78,7127.584,5002.663,473.976,99.749,-0.170040,-0.983311,0.064700,0.985378,-0.168941,0.022125,-0.010826,0.067516,0.997659,0,0.62105,0.51901,37.263,1.038,-1,375.000,-1,400.000,-1,300.000,325.000,350.000,225.000,-1,-1,-1,375.000,725.000,875.000,-1,-1,2,0,2,0,2,0,0,0,1,2,2,2,1,0,0,2,2
79,7120.794,5038.276,473.909,100.794,-0.188018,-0.980027,0.064774,0.982102,-0.186844,0.023789,-0.011211,0.068087,0.997616,0,0.60426,0.52263,36.255,1.045,-1,375.000,-1,400.000,-1,300.000,325.000,350.000,250.000,-1,-1,-1,350.000,725.000,850.000,-1,-1,2,0,2,0,2,0,0,0,1,2,2,2,1,0,0,2,2
80,7113.543,5072.838,473.915,101.848,-0.206069,-0.976397,0.064687,0.978471,-0.204830,0.025295,-0.011448,0.068507,0.997585,0,0.58858,0.52691,35.315,1.054,-1,375.000,-1,400.000,-1,300.000,325.000,350.000,250.000,-1,-1,-1,325.000,725.000,850.000,-1,-1,2,0,2,0,2,0,0,0,1,2,2,2,1,0,0,2,2
81,7105.847,5106.410,473.992,102.911,-0.224204,-0.972409,0.064448,0.974474,-0.222915,0.026639,-0.011537,0.068776,0.997565,0,0.57406,0.53179,34.443,1.064,-1,375.000,-1,400.000,-1,300.000,300.000,350.000,250.000,-1,-1,-1,300.000,725.000,825.000,-1,-1,2,0,2,0,2,0,0,0,1,2,2,2,1,0,0,2,2
82,7097.716,5139.055,474.140,103.986,-0.242435,-0.968050,0.064066,0.970100,-0.241107,0.027815,-0.011479,0.068894,0.997558,0,0.56072,0.53721,33.643,1.074,-1,375.000,-1,400.000,-1,300.000,300.000,350.000,275.000,-1,-1,-1,300.000,725.000,800.000,-1,-1,2,0,2,0,2,0,0,0,1,2,2,2,1,0,0,2,2
83,7089.157,5170.836,474.272,105.072,-0.260756,-0.963287,0.063916,0.965342,-0.259411,0.028658,-0.011025,0.069174,0.997544,0,0.54857,0.54313,32.914,1.086,-1,375.000,-1,400.000,-1,300.000,300.000,350.000,275.000,-1,-1,-1,300.000,725.000,800.000,-1,-1,2,0,2,0,2,0,0,0,1,2,2,2,1,0,0,2,2
84,7080.172,5201.815,474.035,106.171,-0.279119,-0.958018,0.065534,0.960213,-0.277805,0.028563,-0.009158,0.070899,0.997441,0,0.53759,0.54949,32.255,1.099,-1,375.000,-1,400.000,-1,300.000,300.000,350.000,300.000,-1,-1,-1,300.000,725.000,775.000,-1,-1,2,0,2,0,2,0,0,0,1,2,2,2,1,0,0,2,2
85,7070.763,5232.049,473.866,107.284,-0.297595,-0.952335,0.067045,0.954665,-0.296319,0.028469,-0.007246,0.072478,0.997344,0,0.52776,0.55625,31.665,1.113,-1,375.000,-1,400.000,-1,300.000,300.000,350.000,300.000,-1,-1,-1,300.000,725.000,775.000,-1,-1,2,0,2,0,2,0,0,0,1,2,2,2,1,0,0,2,2
86,7060.926,5261.597,473.769,108.410,-0.316186,-0.946225,0.068438,0.948682,-0.314957,0.028354,-0.005274,0.073891,0.997252,0,0.51904,0.56339,31.142,1.127,-1,375.000,-1,375.000,-1,300.000,300.000,350.000,325.000,-1,-1,-1,300.000,750.000,750.000,-1,-1,2,0,2,0,2,0,0,0,1,2,2,2,1,0,0,2,2
87,7050.029,5292.714,473.741,109.297,-0.330719,-0.941134,0.069936,0.943723,-0.329527,0.028273,-0.003563,0.075351,0.997151,0,0.54952,0.44339,32.971,0.887,-1,375.000,-1,375.000,-1,300.000,300.000,350.000,325.000,-1,-1,-1,300.000,750.000,750.000,-1,-1,2,0,2,0,2,0,0,0,1,2,2,2,1,0,0,2,2
88,7038.964,5323.202,473.745,109.944,-0.341248,-0.937263,0.071325,0.939971,-0.340097,0.028087,-0.002067,0.076628,0.997058,0,0.54056,0.32339,32.434,0.647,-1,375.000,-1,375.000,-1,300.000,300.000,350.000,350.000,-1,-1,-1,325.000,750.000,750.000,-1,-1,2,0,2,0,2,0,0,0,1,2,2,2,1,0,0,2,2
89,7027.833,5353.209,473.743,110.351,-0.347817,-0.934751,0.072550,0.937562,-0.346715,0.027674,-0.000714,0.077646,0.996981,0,0.53342,0.20339,32.005,0.407,-1,375.000,-1,375.000,-1,300.000,300.000,350.000,350.000,-1,-1,-1,325.000,775.000,750.000,-1,-1,2,0,2,0,2,0,0,0,1,2,2,2,1,0,0,2,2
90,7016.729,5382.877,473.620,110.517,-0.350472,-0.933711,0.073168,0.936573,-0.349424,0.027087,0.000275,0.078020,0.996952,0,0.52797,0.08339,31.678,0.167,-1,375.000,-1,375.000,-1,300.000,300.000,350.000,350.000,-1,-1,-1,350.000,775.000,750.000,-1,-1,2,0,2,0,2,0,0,0,0,2,2,2,1,0,0,2,2
91,7005.746,5412.342,473.453,110.444,-0.349241,-0.934149,0.073464,0.937033,-0.348228,0.026595,0.000739,0.078126,0.996943,0,0.52408,-0.03661,31.445,-0.073,-1,400.000,-1,375.000,-1,300.000,300.000,350.000,350.000,-1,-1,-1,350.000,775.000,750.000,-1,-1,2,0,2,0,2,0,0,0,0,2,2,2,1,0,0,2,2
92,6994.974,5441.727,473.284,110.131,-0.344106,-0.936032,0.073723,0.938930,-0.343114,0.026129,0.000838,0.078212,0.996936,0,0.52162,-0.15661,31.297,-0.313,-1,400.000,-1,375.000,-1,300.000,300.000,350.000,350.000,-1,-1,-1,375.000,775.000,750.000,-1,-1,2,0,2,0,2,0,0,0,0,2,2,2,1,0,0,2,2
93,6984.509,5471.151,473.105,109.578,-0.335045,-0.939294,0.073964,0.942202,-0.334058,0.025710,0.000559,0.078303,0.996929,0,0.52048,-0.27661,31.229,-0.553,-1,400.000,-1,375.000,-1,300.000,300.000,350.000,350.000,-1,-1,-1,375.000,775.000,750.000,-1,-1,2,0,2,0,2,0,0,0,0,2,2,2,1,0,0,2,2
94,6974.452,5500.721,472.904,108.785,-0.322020,-0.943820,0.074207,0.946733,-0.321019,0.025362,-0.000115,0.078421,0.996920,0,0.52055,-0.39661,31.233,-0.793,-1,400.000,-1,375.000,-1,300.000,300.000,350.000,350.000,-1,-1,-1,400.000,775.000,750.000,-1,-1,2,0,2,0,2,0,0,0,0,2,2,2,1,0,0,2,2
95,6964.863,5530.521,472.683,107.837,-0.306385,-0.948990,0.074472,0.951907,-0.305357,0.025099,-0.001078,0.078580,0.996907,0,0.52174,-0.47397,31.304,-0.948,-1,400.000,-1,375.000,-1,300.000,300.000,350.000,350.000,-1,-1,-1,425.000,775.000,750.000,-1,-1,2,0,2,0,2,0,0,0,0,2,2,2,1,0,0,2,2
96,6955.837,5559.983,472.469,107.032,-0.293056,-0.953169,0.074752,0.956093,-0.292001,0.024916,-0.001922,0.078772,0.996891,0,0.51355,-0.40215,30.813,-0.804,-1,400.000,-1,375.000,-1,300.000,300.000,350.000,350.000,-1,-1,-1,450.000,775.000,750.000,-1,-1,2,0,2,0,2,0,0,0,0,2,2,2,1,0,0,2,2
97,6947.194,5589.651,472.251,106.242,-0.279907,-0.957089,0.075054,0.960023,-0.278820,0.024806,-0.002815,0.078997,0.996871,0,0.51501,-0.39521,30.900,-0.790,-1,400.000,-1,375.000,-1,300.000,300.000,325.000,350.000,-1,-1,-1,450.000,775.000,775.000,-1,-1,2,0,2,0,2,0,0,0,0,2,2,2,1,0,0,2,2
98,6938.930,5619.520,472.025,105.466,-0.266945,-0.960759,0.075381,0.963704,-0.265820,0.024766,-0.003756,0.079256,0.996847,0,0.51652,-0.38818,30.991,-0.776,-1,375.000,-1,375.000,-1,300.000,300.000,325.000,350.000,-1,-1,-1,475.000,775.000,775.000,-1,-1,2,0,2,0,2,0,0,0,0,2,2,2,1,0,0,2,2
99,6931.040,5649.587,471.793,104.703,-0.254179,-0.964187,0.075735,0.967146,-0.253011,0.024794,-0.004744,0.079549,0.996820,0,0.51807,-0.38107,31.084,-0.762,-1,375.000,-1,375.000,-1,300.000,300.000,325.000,350.000,-1,-1,-1,500.000,775.000,775.000,-1,-1,2,0,2,0,2,0,0,0,0,2,2,2,1,0,0,2,2
100,6923.520,5679.849,471.554,103.956,-0.241616,-0.967382,0.076119,0.970355,-0.240400,0.024887,-0.005776,0.079875,0.996788,0,0.51969,-0.37388,31.181,-0.748,-1,375.000,-1,375.000,-1,300.000,300.000,325.000,350.000,-1,-1,-1,500.000,775.000,775.000,-1,-1,2,0,2,0,2,0,0,0,0,2,2,2,1,0,0,2,2
101,6916.365,5710.301,471.305,103.222,-0.229264,-0.970351,0.076534,0.973340,-0.227995,0.025043,-0.006851,0.080235,0.996752,0,0.52135,-0.36660,31.281,-0.733,-1,375.000,-1,375.000,-1,300.000,300.000,325.000,350.000,-1,-1,-1,525.000,775.000,775.000,-1,-1,2,0,2,0,2,0,0,0,0,2,2,2,1,0,0,2,2
102,6909.569,5740.942,471.048,102.504,-0.217130,-0.973102,0.076982,0.976110,-0.215802,0.025260,-0.007967,0.080628,0.996712,0,0.52308,-0.35924,31.385,-0.718,-1,400.000,-1,375.000,1000.000,300.000,300.000,325.000,350.000,-1,-1,-1,525.000,775.000,775.000,-1,1000.000,2,0,2,0,1,0,0,0,0,2,2,2,1,0,0,2,1
103,6903.129,5771.768,470.780,101.800,-0.205220,-0.975645,0.077467,0.978673,-0.203830,0.025534,-0.009122,0.081055,0.996668,0,0.52486,-0.35179,31.492,-0.704,-1,400.000,-1,375.000,975.000,300.000,300.000,325.000,350.000,-1,-1,-1,550.000,775.000,775.000,-1,975.000,2,0,2,0,1,0,0,0,0,2,2,2,1,0,0,2,1
104,6897.038,5802.778,470.501,101.112,-0.193543,-0.977987,0.077989,0.981038,-0.192084,0.025863,-0.010314,0.081516,0.996619,0,0.52671,-0.34425,31.602,-0.689,-1,400.000,-1,375.000,950.000,300.000,300.000,325.000,350.000,-1,-1,-1,575.000,775.000,775.000,-1,950.000,2,0,2,0,1,0,0,0,0,2,2,2,1,0,1,2,1
105,6891.291,5833.971,470.211,100.439,-0.182104,-0.980137,0.078551,0.983212,-0.180572,0.026245,-0.011540,0.082011,0.996565,0,0.52861,-0.33662,31.717,-0.673,-1,400.000,-1,375.000,925.000,300.000,300.000,325.000,350.000,-1,-1,-1,575.000,775.000,775.000,-1,900.000,2,0,2,0,1,0,0,0,0,2,2,2,1,0,1,2,1
106,6885.883,5865.344,469.894,99.781,-0.170908,-0.982098,0.079210,0.985204,-0.169300,0.026644,-0.012757,0.082591,0.996502,0,0.53059,-0.32889,31.835,-0.658,-1,400.000,-1,375.000,900.000,300.000,300.000,325.000,350.000,-1,-1,-1,600.000,775.000,750.000,-1,875.000,2,0,2,0,1,0,0,0,0,2,2,2,1,0,1,2,1
107,6880.806,5896.897,469.536,99.139,-0.159965,-0.983874,0.080013,0.987023,-0.158273,0.027104,-0.014003,0.083310,0.996425,0,0.53263,-0.32107,31.958,-0.642,-1,400.000,-1,375.000,850.000,300.000,300.000,325.000,350.000,-1,-1,-1,625.000,775.000,725.000,-1,850.000,2,0,2,0,1,0,0,0,0,2,2,2,1,0,1,2,1
108,6876.056,5928.629,469.155,98.512,-0.149281,-0.985481,0.080888,0.988677,-0.147499,0.027602,-0.015270,0.084093,0.996341,0,0.53475,-0.31315,32.085,-0.626,-1,400.000,-1,375.000,825.000,300.000,300.000,325.000,350.000,-1,-1,-1,625.000,750.000,700.000,-1,825.000,2,0,2,0,1,0,0,0,0,2,2,2,1,0,1,2,1
109,6871.627,5960.540,468.584,97.902,-0.138814,-0.986983,0.081209,0.990187,-0.136993,0.027608,-0.016123,0.084244,0.996315,0,0.53695,-0.30513,32.217,-0.610,-1,400.000,-1,375.000,800.000,300.000,300.000,325.000,350.000,-1,-1,-1,650.000,750.000,700.000,-1,775.000,2,0,2,0,1,0,0,0,0,2,2,2,1,0,1,2,1
110,6867.512,5992.631,467.944,97.308,-0.128614,-0.988349,0.081388,0.991549,-0.126753,0.027657,-0.017019,0.084258,0.996299,0,0.53922,-0.29701,32.353,-0.594,-1,375.000,-1,375.000,775.000,300.000,300.000,325.000,350.000,-1,-1,-1,650.000,750.000,675.000,-1,750.000,2,0,2,0,1,0,0,0,0,2,2,2,1,0,1,2,1
111,6863.703,6024.902,467.281,96.731,-0.118686,-0.989572,0.081610,0.992770,-0.116783,0.027733,-0.017913,0.084311,0.996278,0,0.54157,-0.28879,32.494,-0.578,-1,375.000,-1,375.000,750.000,300.000,300.000,325.000,350.000,-1,-1,-1,675.000,750.000,650.000,-1,725.000,2,0,2,0,1,0,0,0,0,2,2,2,1,0,1,2,1
112,6860.196,6057.354,466.594,96.170,-0.109037,-0.990660,0.081873,0.993860,-0.107089,0.027833,-0.018805,0.084405,0.996254,0,0.54401,-0.28046,32.641,-0.561,-1,375.000,-1,400.000,725.000,300.000,300.000,325.000,350.000,-1,-1,-1,700.000,750.000,625.000,-1,700.000,2,0,2,0,1,0,0,0,0,2,2,2,1,0,1,2,1
113,6856.981,6089.989,465.882,95.626,-0.099671,-0.991621,0.082177,0.994826,-0.097677,0.027954,-0.019693,0.084538,0.996226,0,0.54654,-0.27201,32.792,-0.544,-1,375.000,-1,400.000,675.000,300.000,300.000,325.000,350.000,-1,-1,-1,700.000,750.000,600.000,-1,675.000,2,0,2,0,1,0,0,0,0,2,2,2,1,0,1,2,1
114,6854.053,6122.808,465.147,95.099,-0.090595,-0.992463,0.082522,0.995675,-0.088552,0.028095,-0.020576,0.084710,0.996193,0,0.54916,-0.26346,32.950,-0.527,-1,375.000,-1,400.000,650.000,300.000,300.000,325.000,350.000,-1,-1,-1,725.000,750.000,600.000,-1,625.000,2,0,2,0,1,0,0,0,0,2,2,2,1,0,1,2,1
115,6851.403,6155.816,464.387,94.589,-0.081814,-0.993193,0.082907,0.996417,-0.079721,0.028254,-0.021452,0.084922,0.996157,0,0.55188,-0.25478,33.113,-0.510,-1,375.000,-1,400.000,625.000,300.000,300.000,325.000,350.000,-1,-1,-1,725.000,750.000,575.000,-1,600.000,2,0,2,0,1,0,0,0,0,2,2,2,1,0,1,2,1
116,6849.025,6189.014,463.602,94.097,-0.073333,-0.993820,0.083332,0.997058,-0.071188,0.028429,-0.022321,0.085172,0.996116,0,0.55471,-0.24599,33.282,-0.492,-1,375.000,-1,400.000,600.000,300.000,300.000,325.000,350.000,-1,-1,-1,750.000,750.000,550.000,-1,575.000,2,0,2,0,1,0,0,0,0,2,2,2,1,0,1,2,1
117,6846.630,6225.020,462.746,93.805,-0.068306,-0.994137,0.083815,0.997402,-0.066120,0.028595,-0.022886,0.085550,0.996071,0,0.60142,-0.14601,36.085,-0.292,-1,375.000,-1,375.000,550.000,300.000,300.000,325.000,350.000,-1,-1,-1,750.000,725.000,525.000,-1,525.000,2,0,2,1,1,0,0,0,0,2,2,2,1,0,1,2,1
118,6844.033,6265.823,461.776,93.641,-0.065497,-0.994279,0.084375,0.997582,-0.063273,0.028768,-0.023265,0.086055,0.996019,0,0.68142,-0.08195,40.885,-0.164,-1,375.000,-1,375.000,525.000,300.000,300.000,325.000,350.000,-1,-1,-1,750.000,725.000,500.000,-1,500.000,2,0,2,1,1,0,0,0,0,2,2,2,1,0,1,2,1
119,6841.386,6309.478,460.730,93.470,-0.062562,-0.994416,0.084990,0.997760,-0.060297,0.028962,-0.023676,0.086612,0.995961,0,0.72893,-0.08565,43.736,-0.171,-1,375.000,-1,350.000,475.000,300.000,300.000,325.000,350.000,-1,-1,-1,775.000,725.000,475.000,-1,450.000,2,0,2,1,1,0,0,0,0,2,2,2,1,0,1,2,1
120,6838.795,6357.945,459.539,93.059,-0.055485,-0.994773,0.085719,0.998158,-0.053155,0.029233,-0.024524,0.087183,0.995890,0,0.80893,-0.20565,48.536,-0.411,-1,375.000,-1,350.000,425.000,300.000,300.000,325.000,350.000,-1,-1,-1,775.000,725.000,450.000,-1,400.000,2,0,2,1,1,0,0,0,0,2,2,2,1,0,1,2,1
121,6836.555,6411.235,458.175,92.407,-0.044264,-0.995259,0.086601,0.998686,-0.041841,0.029592,-0.025828,0.087797,0.995803,0,0.88893,-0.32565,53.336,-0.651,-1,375.000,-1,325.000,375.000,300.000,300.000,325.000,350.000,-1,-1,-1,800.000,725.000,425.000,-1,350.000,2,0,2,1,1,0,0,0,0,2,2,2,1,0,1,2,1
122,6835.016,6469.351,456.606,91.516,-0.028898,-0.995729,0.087686,0.999201,-0.026353,0.030049,-0.027609,0.088484,0.995695,0,0.96893,-0.44565,58.136,-0.891,-1,375.000,-1,300.000,325.000,300.000,300.000,325.000,350.000,-1,-1,-1,825.000,725.000,400.000,-1,300.000,2,0,2,1,1,0,1,0,0,2,2,2,1,0,1,2,1
123,6834.620,6528.368,454.904,90.385,-0.009386,-0.995992,0.088949,0.999510,-0.006688,0.030586,-0.029869,0.089192,0.995566,0,0.98362,-0.56565,59.017,-1.131,-1,375.000,-1,275.000,250.000,300.000,275.000,325.000,350.000,-1,-1,0.000,875.000,725.000,350.000,-1,250.000,2,0,2,1,1,0,1,0,0,2,2,0,1,0,1,2,1
124,6835.647,6587.662,454.953,89.013,0.015002,-0.996417,0.083236,0.999534,0.017159,0.025260,-0.026597,0.082819,0.996210,0,0.98836,-0.68565,59.302,-1.371,-1,375.000,-1,250.000,225.000,325.000,275.000,325.000,375.000,-1,-1,-1,900.000,750.000,325.000,-1,200.000,2,0,2,1,1,0,1,0,0,2,2,2,1,0,1,2,1
125,6838.362,6647.197,458.068,87.402,0.044420,-0.996885,0.065174,0.998916,0.045231,0.011018,-0.013932,0.064614,0.997813,0,0.99329,-0.80565,59.597,-1.611,-1,425.000,-1,250.000,200.000,350.000,275.000,300.000,425.000,-1,250.000,100.000,950.000,825.000,325.000,-1,200.000,2,0,2,1,1,0,1,0,0,2,0,0,1,0,1,2,1
126,6843.020,6706.922,461.576,85.551,0.077580,-0.996014,0.044020,0.996986,0.077499,-0.003536,0.000111,0.044162,0.999024,0,0.99843,-0.92565,59.906,-1.851,-1,450.000,-1,250.000,175.000,375.000,275.000,300.000,500.000,-1,75.000,125.000,1000.000,900.000,300.000,-1,175.000,2,0,2,1,1,0,1,0,0,2,0,0,1,0,1,2,1
127,6849.768,6766.542,465.622,83.551,0.112642,-0.993456,0.018915,0.993504,0.112297,-0.018399,0.016154,0.020864,0.999652,0,1.00000,-1.00000,60.000,-2.000,-1,500.000,-1,250.000,150.000,425.000,275.000,275.000,600.000,-1,25.000,125.000,-1,-1,275.000,-1,150.000,2,0,2,1,1,0,1,0,0,2,0,0,2,2,1,2,1
128,6858.588,6825.892,470.330,81.551,0.146644,-0.989130,-0.010808,0.988576,0.146930,-0.033609,0.034832,-0.005755,0.999377,0,1.00000,-1.00000,60.000,-2.000,-1,550.000,-1,225.000,150.000,475.000,250.000,275.000,725.000,-1,0.000,100.000,-1,-1,275.000,-1,150.000,2,0,2,1,1,1,1,0,0,2,0,0,2,2,1,2,1
129,6869.467,6884.900,475.787,79.551,0.179066,-0.982772,-0.045764,0.982220,0.181244,-0.048939,0.056390,-0.036187,0.997753,0,1.00000,-1.00000,60.000,-2.000,-1,625.000,-1,225.000,125.000,425.000,250.000,250.000,900.000,400.000,0.000,100.000,-1,-1,250.000,-1,125.000,2,0,2,1,1,1,1,0,0,0,0,0,2,2,1,2,1
130,6882.389,6943.496,482.075,77.551,0.209235,-0.974026,-0.086570,0.974505,0.215030,-0.064043,0.080995,-0.070963,0.994185,0,1.00000,-1.00000,60.000,-2.000,-1,700.000,-1,200.000,100.000,400.000,225.000,225.000,-1,250.000,0.000,100.000,-1,-1,250.000,-1,100.000,2,0,2,1,1,1,1,0,2,0,0,0,2,2,1,2,1
131,6231.360,327.960,571.800,-116.389,-0.441793,0.894939,-0.062473,-0.895573,-0.444046,-0.027780,-0.052602,0.043676,0.997660,1,0.00000,0.00000,60.000,-2.000,-1,525.000,-1,475.000,-1,375.000,375.000,300.000,300.000,-1,-1,-1,-1,-1,-1,-1,-1,2,0,2,0,2,0,0,0,0,2,2,2,2,2,2,2,2
132,6229.208,323.669,571.611,-116.629,-0.445463,0.893069,-0.063178,-0.893683,-0.447789,-0.028562,-0.053799,0.043738,0.997593,0,0.08000,-0.12000,4.800,-0.240,-1,525.000,-1,475.000,-1,375.000,375.000,300.000,300.000,-1,-1,-1,-1,-1,-1,-1,-1,2,0,2,0,2,0,0,0,0,2,2,2,2,2,2,2,2
133,6224.833,315.124,571.229,-117.109,-0.452775,0.889281,-0.064607,-0.889853,-0.455253,-0.030105,-0.056184,0.043860,0.997457,0,0.16000,-0.24000,9.600,-0.480,-1,525.000,-1,475.000,-1,375.000,375.000,300.000,300.000,-1,-1,-1,-1,-1,-1,-1,-1,2,0,2,0,2,0,0,0,0,2,2,2,2,2,2,2,2
134,6218.110,302.389,570.648,-117.829,-0.463677,0.883483,-0.066793,-0.883988,-0.466388,-0.032361,-0.059742,0.044039,0.997242,0,0.24000,-0.36000,14.400,-0.720,-1,525.000,-1,475.000,-1,375.000,375.000,325.000,300.000,-1,-1,-1,-1,-1,-1,-1,-1,2,0,2,0,2,0,0,0,0,2,2,2,2,2,2,2,2
135,6208.863,285.562,569.858,-118.789,-0.478086,0.875536,-0.069782,-0.875945,-0.481120,-0.035261,-0.064446,0.044267,0.996939,0,0.32000,-0.48000,19.200,-0.960,-1,525.000,-1,450.000,-1,375.000,375.000,325.000,300.000,-1,-1,-1,-1,-1,-1,-1,-1,2,0,2,0,2,0,0,0,0,2,2,2,2,2,2,2,2
136,6196.882,264.765,568.838,-119.945,-0.495211,0.865648,-0.073614,-0.865930,-0.498665,-0.038717,-0.070224,0.044572,0.996535,0,0.40000,-0.57754,24.000,-1.155,-1,525.000,-1,450.000,-1,375.000,350.000,325.000,275.000,-1,-1,-1,-1,-1,-1,-1,-1,2,0,2,0,2,0,0,0,0,2,2,2,2,2,2,2,2
