timestep,x_cm,y_cm,z_cm,yaw_deg,basis_xx,basis_xy,basis_xz,basis_yx,basis_yy,basis_yz,basis_zx,basis_zy,basis_zz,teleport_flag,throttle_cmd,steering_cmd,cmd_move_cm,cmd_turn_deg,lidar_cm_0,lidar_cm_1,lidar_cm_2,lidar_cm_3,lidar_cm_4,lidar_cm_5,lidar_cm_6,lidar_cm_7,lidar_cm_8,lidar_cm_9,lidar_cm_10,lidar_cm_11,lidar_cm_12,lidar_cm_13,lidar_cm_14,lidar_cm_15,lidar_cm_16,lidar_class_0,lidar_class_1,lidar_class_2,lidar_class_3,lidar_class_4,lidar_class_5,lidar_class_6,lidar_class_7,lidar_class_8,lidar_class_9,lidar_class_10,lidar_class_11,lidar_class_12,lidar_class_13,lidar_class_14,lidar_class_15,lidar_class_16
0,7539.963,9514.544,-360.870,132.446,-0.675919,-0.736291,-0.031756,0.736538,-0.673406,-0.063526,0.025389,-0.066328,0.997475,1,0.08000,0.12000,4.800,0.240,-1,350.000,925.000,325.000,575.000,275.000,275.000,300.000,300.000,-1,150.000,200.000,-1,575.000,525.000,875.000,575.000,2,0,1,0,0,0,0,0,0,2,0,0,2,0,0,0,0
1,7533.425,9521.573,-360.666,132.926,-0.682106,-0.730612,-0.030634,0.730773,-0.679539,-0.064794,0.026522,-0.066582,0.997428,0,0.16000,0.24000,9.600,0.480,-1,350.000,900.000,325.000,575.000,275.000,275.000,300.000,300.000,-1,150.000,200.000,-1,575.000,525.000,875.000,575.000,2,0,1,0,0,0,0,0,0,2,0,0,2,0,0,0,0
2,7523.488,9531.995,-360.367,133.635,-0.691151,-0.722131,-0.028922,0.722159,-0.688507,-0.066664,0.028227,-0.066962,0.997356,0,0.24000,0.35439,14.400,0.709,-1,350.000,900.000,325.000,575.000,275.000,275.000,300.000,300.000,975.000,150.000,200.000,-1,575.000,525.000,925.000,575.000,2,0,1,0,0,0,0,0,0,0,0,0,2,0,0,0,0
3,7510.069,9545.727,-359.931,134.341,-0.700072,-0.713578,-0.026567,0.713411,-0.697338,-0.069020,0.030725,-0.067272,0.997261,0,0.32000,0.35299,19.200,0.706,-1,350.000,900.000,325.000,575.000,275.000,275.000,300.000,300.000,950.000,150.000,200.000,-1,575.000,525.000,950.000,575.000,2,0,1,0,0,0,0,0,0,0,0,0,2,0,0,0,0
4,7493.086,9562.685,-359.314,135.044,-0.708851,-0.704966,-0.023528,0.704544,-0.706037,-0.071617,0.033876,-0.067342,0.997155,0,0.40000,0.35149,24.000,0.703,-1,350.000,875.000,325.000,575.000,300.000,275.000,300.000,300.000,925.000,150.000,175.000,-1,600.000,525.000,1000.000,575.000,2,0,1,0,0,0,0,0,0,0,0,0,2,0,0,0,0
5,7472.458,9582.783,-357.966,135.743,-0.717503,-0.696191,-0.022528,0.695621,-0.714489,-0.074944,0.036079,-0.069443,0.996933,0,0.48000,0.34982,28.800,0.700,-1,350.000,875.000,325.000,575.000,300.000,275.000,300.000,300.000,900.000,150.000,200.000,-1,600.000,525.000,-1,575.000,2,0,1,0,0,0,0,0,0,0,0,0,2,0,0,2,0
6,7448.109,9605.936,-356.357,136.439,-0.726016,-0.687346,-0.021347,0.686587,-0.722767,-0.078782,0.038721,-0.071854,0.996663,0,0.56000,0.34789,33.600,0.696,-1,350.000,850.000,325.000,575.000,300.000,275.000,300.000,300.000,875.000,175.000,225.000,-1,600.000,525.000,-1,575.000,2,0,1,0,0,0,0,0,0,0,0,0,2,0,0,2,0
7,7419.965,9632.060,-354.500,137.130,-0.734383,-0.678444,-0.019861,0.677442,-0.730866,-0.083108,0.041869,-0.074488,0.996343,0,0.64000,0.34565,38.400,0.691,-1,350.000,825.000,325.000,575.000,300.000,275.000,300.000,300.000,850.000,175.000,225.000,-1,600.000,525.000,-1,575.000,2,0,1,0,0,0,0,0,0,0,0,0,2,0,0,2,0
8,7387.953,9661.068,-352.386,137.816,-0.742593,-0.669499,-0.018065,0.668195,-0.738774,-0.087913,0.045512,-0.077355,0.995964,0,0.72000,0.34299,43.200,0.686,-1,350.000,800.000,325.000,575.000,300.000,275.000,300.000,300.000,825.000,200.000,250.000,-1,625.000,525.000,-1,575.000,2,0,1,0,0,0,0,0,0,0,0,0,2,0,0,2,0
9,7352.004,9692.875,-349.998,138.496,-0.750634,-0.660526,-0.015956,0.658851,-0.746480,-0.093187,0.049641,-0.080462,0.995521,0,0.80000,0.33983,48.000,0.680,-1,350.000,775.000,325.000,575.000,300.000,300.000,300.000,300.000,825.000,200.000,275.000,-1,625.000,525.000,-1,575.000,2,0,1,0,0,0,0,0,0,0,0,0,2,0,0,2,0
10,7312.052,9727.397,-347.321,139.168,-0.758492,-0.651542,-0.013534,0.649421,-0.753967,-0.098921,0.054247,-0.083820,0.995003,0,0.88000,0.33607,52.800,0.672,-1,350.000,725.000,325.000,575.000,300.000,300.000,300.000,300.000,800.000,225.000,300.000,-1,625.000,500.000,-1,600.000,2,0,1,0,0,0,0,0,0,0,0,0,2,0,1,2,0
11,7268.036,9764.550,-344.112,139.831,-0.766122,-0.642623,-0.009661,0.639884,-0.761280,-0.104884,0.060046,-0.086536,0.994438,0,0.96000,0.33158,57.600,0.663,-1,375.000,700.000,325.000,575.000,300.000,300.000,325.000,300.000,775.000,250.000,300.000,-1,650.000,475.000,-1,600.000,2,0,1,0,0,0,1,0,0,0,0,0,2,0,1,2,0
12,7221.747,9802.727,-340.176,140.484,-0.773610,-0.633637,-0.005658,0.630049,-0.768216,-0.113502,0.067572,-0.091371,0.993522,0,1.00000,0.32622,60.000,0.652,-1,375.000,650.000,325.000,625.000,300.000,300.000,300.000,300.000,750.000,250.000,325.000,-1,675.000,450.000,-1,550.000,2,0,1,1,0,0,1,0,0,0,0,0,2,1,1,2,1
13,7175.034,9840.383,-336.097,141.124,-0.780861,-0.624703,-0.001682,0.620162,-0.774855,-0.122472,0.075205,-0.096676,0.992471,0,1.00000,0.31998,60.000,0.640,-1,375.000,625.000,325.000,675.000,300.000,275.000,300.000,300.000,700.000,275.000,325.000,-1,650.000,425.000,-1,500.000,2,0,1,1,1,0,1,0,0,0,0,0,2,1,1,2,1
14,7127.912,9877.526,-331.872,141.749,-0.787865,-0.615845,0.001832,0.610311,-0.781177,-0.131463,0.082392,-0.102457,0.991319,0,1.00000,0.31289,60.000,0.626,-1,375.000,575.000,300.000,575.000,300.000,275.000,300.000,300.000,675.000,275.000,350.000,-1,625.000,400.000,-1,450.000,2,0,1,1,1,1,1,0,0,0,0,0,2,1,1,2,1
15,7080.396,9914.165,-327.324,142.359,-0.794654,-0.607049,0.004090,0.600559,-0.787107,-0.140682,0.088620,-0.109338,0.990046,0,1.00000,0.30490,60.000,0.610,-1,400.000,550.000,275.000,500.000,300.000,250.000,300.000,300.000,650.000,275.000,300.000,-1,575.000,350.000,1000.000,375.000,2,0,1,1,1,1,1,0,0,0,0,0,2,1,1,1,1
16,7032.506,9950.312,-321.930,142.951,-0.801001,-0.598630,0.006245,0.591511,-0.792997,-0.145846,0.092261,-0.113129,0.989288,0,1.00000,0.29592,60.000,0.592,-1,375.000,500.000,250.000,400.000,275.000,225.000,300.000,300.000,650.000,300.000,325.000,-1,525.000,325.000,950.000,325.000,2,1,1,1,1,1,1,0,0,0,0,0,2,1,1,1,1
17,6984.256,9985.977,-315.339,143.523,-0.807212,-0.590201,0.008460,0.582043,-0.798274,-0.154871,0.098159,-0.120090,0.987898,0,1.00000,0.28588,60.000,0.572,-1,350.000,450.000,225.000,325.000,250.000,225.000,300.000,300.000,625.000,250.000,300.000,-1,500.000,300.000,900.000,275.000,2,1,1,1,1,1,1,0,0,0,0,0,2,1,1,1,1
18,6935.658,10021.171,-306.305,144.072,-0.813600,-0.581318,0.011159,0.570800,-0.802237,-0.174936,0.110646,-0.135958,0.984517,0,1.00000,0.27467,60.000,0.549,-1,350.000,425.000,225.000,300.000,250.000,200.000,300.000,350.000,575.000,175.000,275.000,-1,475.000,275.000,875.000,250.000,2,1,1,1,1,1,1,0,0,0,0,0,2,1,1,1,1
19,6886.736,10055.913,-296.349,144.596,-0.819908,-0.572319,0.014226,0.558620,-0.805225,-0.198888,0.125282,-0.155123,0.979919,0,1.00000,0.26217,60.000,0.524,-1,325.000,400.000,200.000,250.000,250.000,200.000,275.000,375.000,500.000,125.000,225.000,-1,450.000,250.000,875.000,225.000,2,1,1,1,1,1,1,0,0,0,0,0,2,1,1,1,1
20,6837.508,10090.224,-285.486,145.093,-0.826160,-0.563158,0.017698,0.545281,-0.807054,-0.226564,0.141875,-0.177528,0.973835,0,1.00000,0.24822,60.000,0.496,-1,300.000,375.000,200.000,225.000,225.000,175.000,275.000,425.000,450.000,75.000,200.000,-1,450.000,250.000,850.000,200.000,2,1,1,1,1,1,1,0,0,0,0,0,2,1,1,1,1
21,-2951.707,-6231.344,94.313,47.353,0.677201,-0.734489,-0.043876,0.735766,0.676521,0.031095,0.006844,-0.053340,0.998553,1,0.00000,0.00000,60.000,0.465,-1,400.000,-1,375.000,-1,325.000,325.000,300.000,325.000,-1,-1,-1,625.000,875.000,700.000,-1,-1,2,0,2,0,2,0,0,0,0,2,2,2,1,0,0,2,2
22,-2954.953,-6234.881,94.252,47.460,0.675821,-0.735753,-0.043972,0.737033,0.675146,0.030983,0.006891,-0.053348,0.998552,0,-0.08000,0.05359,-4.800,0.107,-1,400.000,-1,375.000,-1,325.000,325.000,300.000,325.000,-1,-1,-1,625.000,875.000,700.000,-1,-1,2,0,2,0,2,0,0,0,0,2,2,2,1,0,0,2,2
23,-2961.430,-6241.966,94.150,47.566,0.674447,-0.737001,-0.044160,0.738289,0.673783,0.030753,0.007089,-0.053344,0.998551,0,-0.16000,0.05302,-9.600,0.106,-1,425.000,-1,375.000,-1,325.000,325.000,300.000,325.000,-1,-1,-1,600.000,875.000,700.000,-1,-1,2,0,2,0,2,0,0,0,0,2,2,2,1,0,0,2,2
24,-2971.127,-6252.612,94.015,47.669,0.673094,-0.738221,-0.044439,0.739520,0.672448,0.030394,0.007446,-0.053321,0.998550,0,-0.24000,0.05188,-14.400,0.104,-1,425.000,-1,375.000,-1,325.000,325.000,300.000,325.000,-1,-1,-1,600.000,875.000,700.000,-1,-1,2,0,2,0,2,0,0,0,0,2,2,2,1,0,0,2,2
25,-2984.031,-6266.829,93.965,47.770,0.671761,-0.739418,-0.044716,0.740721,0.671172,0.029314,0.008337,-0.052814,0.998570,0,-0.32000,0.05017,-19.200,0.100,-1,425.000,-1,375.000,-1,325.000,325.000,300.000,325.000,-1,-1,-1,600.000,875.000,700.000,-1,-1,2,0,2,0,2,0,0,0,0,2,2,2,1,0,0,2,2
26,-3000.132,-6284.627,93.915,47.866,0.670474,-0.740563,-0.045066,0.741873,0.669956,0.027992,0.009463,-0.052201,0.998592,0,-0.40000,0.04792,-24.000,0.096,-1,425.000,-1,375.000,-1,325.000,325.000,300.000,325.000,-1,-1,-1,575.000,900.000,725.000,-1,-1,2,0,2,0,2,0,0,0,0,2,2,2,1,0,0,2,2
27,-3019.419,-6306.015,93.872,47.956,0.669248,-0.741645,-0.045496,0.742960,0.668813,0.026441,0.010818,-0.051498,0.998615,0,-0.48000,0.04513,-28.800,0.090,-1,425.000,-1,375.000,-1,325.000,325.000,300.000,350.000,-1,-1,-1,550.000,900.000,725.000,-1,-1,2,0,2,0,2,0,0,0,0,2,2,2,1,0,0,2,2
28,-3041.883,-6331.001,93.428,48.040,0.668167,-0.742707,-0.044034,0.743928,0.667808,0.024562,0.011164,-0.049169,0.998728,0,-0.56000,0.04182,-33.600,0.084,-1,425.000,-1,375.000,-1,325.000,325.000,300.000,325.000,-1,-1,-1,525.000,925.000,725.000,-1,-1,2,0,2,0,2,0,0,0,0,2,2,2,1,0,0,2,2
29,-3064.502,-6356.226,92.955,48.116,0.667191,-0.743682,-0.042349,0.744800,0.666901,0.022706,0.011357,-0.046691,0.998845,0,-0.56468,0.03802,-33.881,0.076,-1,425.000,-1,375.000,-1,325.000,325.000,300.000,325.000,-1,-1,-1,525.000,925.000,725.000,-1,-1,2,0,2,0,2,0,0,0,0,2,2,2,1,0,0,2,2
30,-3087.101,-6381.490,92.505,48.184,0.666313,-0.744561,-0.040695,0.745583,0.666085,0.020901,0.011544,-0.044268,0.998953,0,-0.56494,0.03427,-33.897,0.069,-1,425.000,-1,375.000,-1,325.000,325.000,300.000,325.000,-1,-1,-1,500.000,925.000,725.000,-1,-1,2,0,2,0,2,0,0,0,0,2,2,2,1,0,0,2,2
31,-3109.674,-6406.778,92.080,48.245,0.665530,-0.745348,-0.039075,0.746279,0.665357,0.019149,0.011726,-0.041905,0.999053,0,-0.56495,0.03059,-33.897,0.061,-1,425.000,-1,375.000,-1,325.000,325.000,300.000,325.000,-1,-1,-1,475.000,925.000,725.000,-1,-1,2,0,2,0,2,0,0,0,0,2,2,2,1,0,0,2,2
32,-3132.212,-6432.076,91.679,48.299,0.664839,-0.746045,-0.037489,0.746891,0.664717,0.017449,0.011901,-0.039601,0.999145,0,-0.56469,0.02700,-33.881,0.054,-1,425.000,-1,375.000,-1,325.000,325.000,300.000,325.000,-1,-1,-1,450.000,925.000,725.000,-1,-1,2,0,2,0,2,0,0,0,0,2,2,2,1,0,0,2,2
33,-3154.708,-6457.368,91.302,48.346,0.664240,-0.746655,-0.035939,0.747422,0.664162,0.015802,0.012071,-0.037358,0.999229,0,-0.56415,0.02350,-33.849,0.047,-1,425.000,-1,375.000,-1,325.000,325.000,300.000,325.000,-1,-1,-1,450.000,950.000,700.000,-1,-1,2,0,2,0,2,0,0,0,0,2,2,2,1,0,0,2,2
34,-3177.153,-6482.637,90.950,48.387,0.663730,-0.747180,-0.034428,0.747872,0.663691,0.014208,0.012233,-0.035178,0.999306,0,-0.56330,0.02010,-33.798,0.040,-1,425.000,-1,375.000,-1,325.000,325.000,300.000,325.000,-1,-1,-1,425.000,950.000,700.000,-1,-1,2,0,2,0,2,0,0,0,0,2,2,2,1,0,0,2,2
35,-3199.538,-6507.866,91.785,48.420,0.663387,-0.747515,-0.033766,0.748223,0.663204,0.017956,0.008971,-0.037176,0.999268,0,-0.56214,0.01681,-33.728,0.034,-1,425.000,-1,375.000,-1,325.000,300.000,300.000,325.000,-1,-1,-1,450.000,925.000,700.000,-1,-1,2,0,2,0,2,0,0,0,0,2,2,2,1,0,0,2,2
36,-3221.852,-6533.040,92.658,48.447,0.663132,-0.747780,-0.032889,0.748481,0.662804,0.021597,0.005649,-0.038939,0.999226,0,-0.56066,0.01363,-33.639,0.027,-1,425.000,-1,375.000,-1,325.000,300.000,300.000,350.000,-1,-1,-1,450.000,900.000,700.000,-1,-1,2,0,2,0,2,0,0,0,0,2,2,2,1,0,0,2,2
37,-3244.084,-6558.139,93.372,48.469,0.662942,-0.747988,-0.031951,0.748665,0.662497,0.024472,0.002863,-0.040144,0.999190,0,-0.55884,0.01057,-33.530,0.021,-1,425.000,-1,375.000,-1,325.000,300.000,300.000,350.000,-1,-1,-1,475.000,875.000,675.000,-1,-1,2,0,2,0,2,0,0,0,1,2,2,2,1,0,0,2,2
38,-3264.003,-6580.827,93.916,48.721,0.659713,-0.750871,-0.031178,0.751518,0.659179,0.026546,0.000619,-0.040944,0.999161,0,-0.50317,0.12600,-30.190,0.252,-1,400.000,-1,350.000,-1,325.000,300.000,300.000,325.000,-1,-1,-1,500.000,850.000,675.000,-1,-1,2,0,2,0,2,0,0,0,1,2,2,2,1,0,0,2,2
39,-3283.756,-6603.525,94.350,48.967,0.656525,-0.753692,-0.030375,0.754303,0.655926,0.028074,-0.001236,-0.041343,0.999144,0,-0.50149,0.12346,-30.089,0.247,-1,400.000,-1,350.000,-1,325.000,300.000,300.000,325.000,-1,-1,-1,500.000,850.000,675.000,-1,-1,2,0,2,0,2,0,0,0,1,2,2,2,1,0,0,2,2
40,-3303.338,-6626.218,94.674,49.209,0.653378,-0.756456,-0.029535,0.757027,0.652737,0.029061,-0.002705,-0.041346,0.999141,0,-0.49956,0.12101,-29.974,0.242,-1,400.000,-1,375.000,-1,325.000,300.000,300.000,300.000,-1,-1,-1,525.000,825.000,675.000,-1,-1,2,0,2,0,2,0,0,0,1,2,2,2,1,0,0,2,2
41,-3322.740,-6648.892,94.889,49.447,0.650267,-0.759165,-0.028652,0.759696,0.649608,0.029513,-0.003793,-0.040959,0.999154,0,-0.49738,0.11866,-29.843,0.237,-1,400.000,-1,375.000,-1,300.000,300.000,300.000,300.000,-1,-1,-1,550.000,825.000,675.000,-1,-1,2,0,2,0,2,0,0,0,1,2,2,2,1,0,0,2,2
42,-3341.956,-6671.534,94.769,49.680,0.647217,-0.761793,-0.027950,0.762288,0.646513,0.030618,-0.005254,-0.041122,0.999140,0,-0.49495,0.11642,-29.697,0.233,-1,400.000,-1,375.000,-1,300.000,300.000,300.000,275.000,-1,-1,-1,-1,825.000,650.000,-1,-1,2,0,2,0,2,0,0,0,1,2,2,2,2,0,0,2,2
43,-3360.978,-6694.130,94.526,49.908,0.644204,-0.764362,-0.027444,0.764827,0.643465,0.031499,-0.006417,-0.041281,0.999127,0,-0.49227,0.11429,-29.536,0.229,-1,375.000,-1,375.000,-1,300.000,300.000,300.000,275.000,-1,-1,-1,-1,825.000,650.000,-1,-1,2,0,2,0,2,0,0,0,1,2,2,2,2,0,0,2,2
44,-3379.799,-6716.665,94.203,50.133,0.641220,-0.766883,-0.026960,0.767324,0.640469,0.031830,-0.007143,-0.041097,0.999130,0,-0.48935,0.11227,-29.361,0.225,-1,375.000,-1,375.000,-1,300.000,300.000,300.000,250.000,-1,-1,-1,-1,800.000,650.000,-1,-1,2,0,2,0,2,0,0,0,1,2,2,2,2,0,0,2,2
45,-3398.411,-6739.127,93.781,50.353,0.638265,-0.769364,-0.026391,0.769780,0.637526,0.031620,-0.007503,-0.040497,0.999151,0,-0.48619,0.11037,-29.171,0.221,-1,375.000,-1,375.000,-1,300.000,300.000,300.000,250.000,-1,-1,-1,-1,800.000,650.000,-1,-1,2,0,2,0,2,0,0,0,1,2,2,2,2,0,0,2,2
46,-3416.809,-6761.502,93.263,50.571,0.635337,-0.771806,-0.025732,0.772199,0.634630,0.030883,-0.007505,-0.039491,0.999192,0,-0.48279,0.10860,-28.968,0.217,-1,375.000,-1,375.000,-1,300.000,300.000,300.000,225.000,-1,-1,-1,-1,800.000,650.000,-1,-1,2,0,2,0,2,0,0,0,1,2,2,2,2,0,0,2,2
47,-3434.986,-6783.778,92.651,50.785,0.632433,-0.774212,-0.024982,0.774582,0.631779,0.029632,-0.007158,-0.038091,0.999249,0,-0.47918,0.10694,-28.751,0.214,-1,375.000,-1,375.000,-1,300.000,300.000,300.000,225.000,-1,-1,-1,-1,800.000,650.000,-1,-1,2,0,2,0,2,0,0,0,1,2,2,2,2,0,0,2,2
48,-3452.936,-6805.943,91.949,50.995,0.629552,-0.776583,-0.024137,0.776931,0.628968,0.027883,-0.006472,-0.036307,0.999320,0,-0.47536,0.10542,-28.522,0.211,-1,375.000,-1,375.000,-1,300.000,300.000,300.000,225.000,-1,-1,-1,-1,800.000,650.000,-1,-1,2,0,2,0,2,0,0,0,1,2,2,2,2,0,0,2,2
49,-3470.655,-6827.985,91.033,51.203,0.626685,-0.778907,-0.023849,0.779256,0.626181,0.025653,-0.005048,-0.034661,0.999386,0,-0.47135,0.10402,-28.281,0.208,-1,375.000,-1,375.000,-1,300.000,300.000,300.000,200.000,-1,-1,-1,-1,800.000,650.000,-1,-1,2,0,2,0,2,0,0,0,1,2,2,2,2,0,0,2,2
50,-3488.138,-6849.895,90.023,51.409,0.623838,-0.781200,-0.023511,0.781547,0.623424,0.022953,-0.003274,-0.032694,0.999460,0,-0.46717,0.10275,-28.030,0.205,-1,375.000,-1,375.000,-1,300.000,300.000,300.000,200.000,-1,-1,-1,-1,800.000,675.000,-1,-1,2,0,2,0,2,0,0,0,1,2,2,2,2,0,0,2,2
51,-3505.382,-6871.662,88.937,51.612,0.621010,-0.783464,-0.023041,0.783802,0.620695,0.019799,-0.001211,-0.030355,0.999538,0,-0.46283,0.10161,-27.770,0.203,-1,375.000,-1,375.000,-1,300.000,300.000,300.000,200.000,-1,-1,-1,-1,800.000,675.000,-1,-1,2,0,2,0,2,0,0,0,1,2,2,2,2,0,0,2,2
52,-3522.383,-6893.279,87.780,51.813,0.618200,-0.785700,-0.022438,0.786020,0.617989,0.016210,0.001130,-0.027657,0.999617,0,-0.45835,0.10060,-27.501,0.201,-1,375.000,-1,375.000,-1,300.000,300.000,300.000,175.000,-1,-1,-1,-1,825.000,675.000,-1,-1,2,0,2,0,2,0,0,0,1,2,2,2,2,0,0,2,2
53,-3539.139,-6914.737,86.553,52.013,0.615409,-0.787910,-0.021702,0.788199,0.615299,0.012203,0.003739,-0.024615,0.999690,0,-0.45377,0.09972,-27.226,0.199,-1,375.000,-1,375.000,-1,300.000,300.000,300.000,175.000,-1,-1,-1,-1,825.000,675.000,-1,-1,2,0,2,0,2,0,0,0,1,2,2,2,2,0,0,2,2
54,-3555.650,-6936.032,85.262,52.211,0.612635,-0.790092,-0.020834,0.790339,0.612621,0.007796,0.006603,-0.021242,0.999753,0,-0.44909,0.09897,-26.945,0.198,-1,375.000,-1,375.000,-1,325.000,325.000,300.000,175.000,-1,-1,-1,-1,850.000,700.000,-1,-1,2,0,2,0,2,0,0,0,1,2,2,2,2,0,0,2,2
55,-3571.913,-6957.158,83.907,52.407,0.609879,-0.792247,-0.019833,0.792435,0.609948,0.003009,0.009714,-0.017552,0.999799,0,-0.44435,0.09834,-26.661,0.197,-1,400.000,-1,375.000,-1,325.000,325.000,300.000,150.000,-1,-1,-1,-1,875.000,700.000,-1,-1,2,0,2,0,2,0,0,0,1,2,2,2,2,0,0,2,2
56,-3587.930,-6978.111,82.494,52.603,0.607140,-0.794375,-0.018702,0.794487,0.607277,-0.002142,0.013059,-0.013558,0.999823,0,-0.43956,0.09784,-26.374,0.196,-1,400.000,-1,375.000,-1,325.000,325.000,300.000,150.000,-1,-1,-1,-1,900.000,700.000,-1,-1,2,0,2,0,2,0,0,0,1,2,2,2,2,0,0,2,2
57,-3603.701,-6998.888,81.114,52.798,0.604415,-0.796475,-0.017601,0.796490,0.604600,-0.007868,0.016908,-0.009263,0.999814,0,-0.43475,0.09746,-26.085,0.195,-1,400.000,-1,400.000,-1,325.000,325.000,300.000,150.000,-1,-1,-1,-1,950.000,725.000,-1,-1,2,0,2,0,2,0,0,0,1,2,2,2,2,0,0,2,2
58,-3619.229,-7019.488,81.340,52.992,0.601594,-0.798510,-0.021603,0.798511,0.601885,-0.010697,0.021545,-0.010815,0.999709,0,-0.42995,0.09720,-25.797,0.194,-1,425.000,-1,400.000,-1,325.000,325.000,300.000,150.000,-1,600.000,775.000,-1,975.000,750.000,-1,-1,2,0,2,0,2,0,0,0,1,2,0,0,2,0,0,2,2
59,-3634.515,-7039.911,81.943,53.187,0.598762,-0.800516,-0.025651,0.800552,0.599155,-0.011404,0.024499,-0.013707,0.999606,0,-0.42517,0.09706,-25.510,0.194,-1,425.000,-1,400.000,-1,350.000,325.000,300.000,150.000,-1,500.000,675.000,-1,1000.000,775.000,-1,-1,2,0,2,0,2,0,0,0,1,2,0,0,2,0,0,2,2
60,-3649.562,-7060.158,82.463,53.381,0.595922,-0.802510,-0.029226,0.802583,0.596417,-0.012100,0.027142,-0.016246,0.999500,0,-0.42043,0.09703,-25.226,0.194,-1,425.000,-1,425.000,-1,350.000,350.000,300.000,150.000,-1,425.000,600.000,-1,-1,800.000,-1,-1,2,0,2,0,2,0,0,0,1,2,0,0,2,2,0,2,2
61,-3664.374,-7080.229,82.902,53.575,0.593076,-0.804496,-0.032344,0.804606,0.593671,-0.012782,0.029485,-0.018444,0.999395,0,-0.41576,0.09711,-24.946,0.194,-1,425.000,-1,425.000,-1,350.000,350.000,300.000,150.000,-1,350.000,525.000,-1,-1,825.000,-1,-1,2,0,2,0,2,0,0,0,1,2,0,0,2,2,0,2,2
62,-3678.955,-7100.129,83.264,53.769,0.590225,-0.806479,-0.035020,0.806622,0.590914,-0.013446,0.031538,-0.020312,0.999296,0,-0.41117,0.09729,-24.670,0.195,-1,450.000,-1,425.000,-1,350.000,350.000,300.000,150.000,-1,325.000,500.000,-1,-1,850.000,-1,-1,2,0,2,0,2,0,0,0,1,2,0,0,2,2,0,2,2
63,-3693.310,-7119.861,83.550,53.965,0.587370,-0.808460,-0.037270,0.808633,0.588145,-0.014090,0.033311,-0.021862,0.999206,0,-0.40668,0.09757,-24.401,0.195,-1,450.000,-1,450.000,-1,350.000,350.000,300.000,175.000,-1,300.000,450.000,-1,-1,875.000,-1,-1,2,0,2,0,2,0,0,0,1,2,0,0,2,2,0,2,2
64,-3707.443,-7139.428,83.764,54.160,0.584510,-0.810443,-0.039108,0.810639,0.585361,-0.014711,0.034814,-0.023104,0.999127,0,-0.40229,0.09795,-24.137,0.196,-1,450.000,-1,450.000,-1,350.000,350.000,300.000,175.000,-1,275.000,450.000,-1,-1,900.000,-1,-1,2,0,2,0,2,0,0,0,1,2,0,0,2,2,0,2,2
65,-3718.645,-7155.189,83.791,54.596,0.578280,-0.814864,-0.039872,0.815061,0.579172,-0.015371,0.035618,-0.023609,0.999087,0,-0.32229,0.21795,-19.337,0.436,-1,450.000,-1,450.000,-1,375.000,375.000,300.000,175.000,-1,250.000,425.000,-1,-1,900.000,-1,-1,2,0,2,0,2,0,0,0,1,2,0,0,2,2,0,2,2
66,-3726.927,-7167.137,83.674,55.272,0.568618,-0.821640,-0.039768,0.821821,0.569520,-0.016059,0.035844,-0.023551,0.999080,0,-0.24229,0.33795,-14.537,0.676,-1,450.000,-1,450.000,-1,375.000,375.000,300.000,175.000,-1,250.000,425.000,-1,-1,925.000,-1,-1,2,0,2,0,2,0,0,0,1,2,0,0,2,2,0,2,2
67,-3732.346,-7175.228,83.440,56.188,0.555434,-0.830649,-0.038932,0.830799,0.556320,-0.016756,0.035577,-0.023038,0.999101,0,-0.16229,0.45795,-9.737,0.916,-1,450.000,-1,450.000,-1,375.000,375.000,300.000,175.000,-1,275.000,425.000,-1,-1,925.000,-1,-1,2,0,2,0,2,0,0,0,1,2,0,0,2,2,0,2,2
68,-3735.010,-7179.385,83.101,57.344,0.538616,-0.841719,-0.037433,0.841830,0.539462,-0.017423,0.034859,-0.022128,0.999147,0,-0.08229,0.57795,-4.937,1.156,-1,450.000,-1,450.000,-1,375.000,375.000,300.000,175.000,-1,275.000,450.000,-1,-1,900.000,-1,-1,2,0,2,0,2,0,0,0,1,2,0,0,2,2,0,2,2
69,-3735.081,-7179.502,82.726,58.529,0.521165,-0.852713,-0.035611,0.852784,0.521957,-0.017917,0.033866,-0.021031,0.999205,0,-0.00229,0.59231,-0.137,1.185,-1,450.000,-1,450.000,-1,375.000,350.000,300.000,175.000,-1,300.000,475.000,-1,-1,900.000,-1,-1,2,0,2,0,2,0,0,0,1,2,0,0,2,2,0,2,2
70,-3732.730,-7175.476,82.313,59.713,0.503504,-0.863344,-0.033476,0.863378,0.504230,-0.018193,0.032586,-0.019743,0.999274,0,0.07771,0.59231,4.663,1.185,-1,450.000,-1,450.000,-1,350.000,350.000,300.000,175.000,-1,325.000,500.000,-1,-1,900.000,-1,-1,2,0,2,0,2,0,0,0,1,2,0,0,2,2,0,2,2
71,-3728.128,-7167.208,81.848,60.898,0.485644,-0.873608,-0.030963,0.873608,0.486289,-0.018204,0.030961,-0.018209,0.999355,0,0.15771,0.59224,9.463,1.184,-1,450.000,-1,450.000,-1,350.000,350.000,300.000,175.000,-1,350.000,525.000,-1,-1,875.000,-1,-1,2,0,2,0,2,0,0,0,1,2,0,0,2,2,0,2,2
72,-3721.450,-7154.606,81.308,62.082,0.467594,-0.883501,-0.027976,0.883471,0.468145,-0.017896,0.028908,-0.016348,0.999448,0,0.23771,0.59215,14.263,1.184,-1,450.000,-1,425.000,-1,350.000,350.000,300.000,150.000,-1,400.000,575.000,-1,-1,850.000,-1,-1,2,0,2,0,2,0,0,0,1,2,0,0,2,2,0,2,2
73,-3712.874,-7137.581,80.666,63.266,0.449360,-0.893018,-0.024394,0.892963,0.449802,-0.017201,0.026333,-0.014054,0.999554,0,0.31771,0.59208,19.063,1.184,-1,450.000,-1,425.000,-1,350.000,350.000,300.000,150.000,-1,475.000,675.000,-1,-1,825.000,-1,-1,2,0,2,0,2,0,0,0,1,2,0,0,2,2,0,2,2
74,-3702.583,-7116.052,79.892,64.450,0.430943,-0.902156,-0.020085,0.902083,0.431265,-0.016027,0.023121,-0.011211,0.999670,0,0.39771,0.59212,23.863,1.184,-1,425.000,-1,400.000,-1,350.000,350.000,300.000,150.000,-1,600.000,800.000,-1,-1,800.000,-1,-1,2,0,2,0,2,0,0,0,1,2,0,0,2,2,0,2,2
75,-3690.758,-7089.943,79.724,65.635,0.412326,-0.910886,-0.016548,0.910880,0.412524,-0.011036,0.016879,-0.010523,0.999802,0,0.47771,0.59234,28.663,1.185,-1,425.000,-1,400.000,-1,325.000,325.000,300.000,150.000,-1,-1,-1,-1,1000.000,775.000,-1,-1,2,0,2,0,2,0,0,0,1,2,2,2,2,0,0,2,2
76,-3677.588,-7059.181,81.544,66.821,0.393439,-0.919143,-0.019531,0.919300,0.393551,-0.002129,0.009644,-0.017117,0.999807,0,0.55771,0.59284,33.463,1.186,-1,400.000,-1,400.000,-1,325.000,325.000,300.000,175.000,-1,-1,-1,-1,950.000,750.000,-1,-1,2,0,2,0,2,0,0,0,1,2,2,2,2,0,0,2,2
77,-3663.262,-7023.702,83.515,68.008,0.374393,-0.926966,-0.023734,0.927264,0.374364,0.005839,0.003473,-0.024194,0.999701,0,0.63771,0.59373,38.263,1.187,-1,400.000,-1,400.000,-1,325.000,325.000,300.000,175.000,-1,-1,-1,-1,900.000,750.000,-1,-1,2,0,2,0,2,0,0,0,1,2,2,2,2,0,0,2,2
78,-3647.971,-6983.446,85.296,69.198,0.355193,-0.934382,-0.027718,0.934790,0.354967,0.012849,-0.002167,-0.030475,0.999533,0,0.71771,0.59511,43.063,1.190,-1,400.000,-1,400.000,-1,325.000,325.000,275.000,200.000,-1,-1,-1,-1,850.000,750.000,-1,-1,2,0,2,0,2,0,0,0,1,2,2,2,2,0,0,2,2
79,-3633.433,-6942.626,86.720,70.393,0.335791,-0.941424,-0.031071,0.941912,0.335362,0.018275,-0.006784,-0.035403,0.999350,0,0.72219,0.59711,43.332,1.194,-1,375.000,-1,400.000,-1,325.000,325.000,275.000,225.000,-1,-1,-1,600.000,850.000,775.000,-1,-1,2,0,2,0,2,0,0,0,1,2,2,2,1,0,0,2,2
80,-3619.939,-6902.074,87.785,71.592,0.316152,-0.948110,-0.033701,0.948652,0.315545,0.022152,-0.010368,-0.038974,0.999186,0,0.71230,0.59956,42.738,1.199,-1,375.000,-1,375.000,-1,325.000,325.000,275.000,250.000,-1,-1,-1,400.000,825.000,800.000,-1,-1,2,0,2,0,2,0,0,0,1,2,2,2,1,0,0,2,2
81,-3607.891,-6863.741,88.438,72.551,0.300331,-0.953182,-0.035287,0.953751,0.299607,0.024408,-0.012693,-0.040985,0.999079,0,0.66970,0.47956,40.182,0.959,-1,375.000,-1,375.000,-1,300.000,325.000,275.000,275.000,-1,-1,-1,400.000,825.000,800.000,-1,-1,2,0,2,0,2,0,0,0,1,2,2,2,1,0,0,2,2
82,-3596.446,-6825.663,88.780,73.270,0.288396,-0.956836,-0.035956,0.957408,0.287611,0.025488,-0.014046,-0.041775,0.999028,0,0.66268,0.35956,39.761,0.719,-1,400.000,-1,375.000,-1,300.000,325.000,275.000,300.000,-1,-1,-1,400.000,825.000,825.000,-1,-1,2,0,2,0,2,0,0,0,1,2,2,2,1,0,0,2,2
83,-3585.412,-6787.811,88.869,73.749,0.280396,-0.959216,-0.035806,0.959773,0.279602,0.025644,-0.014587,-0.041556,0.999030,0,0.65712,0.23956,39.427,0.479,-1,400.000,-1,375.000,-1,325.000,325.000,275.000,325.000,-1,-1,-1,400.000,850.000,825.000,-1,-1,2,0,2,0,2,0,0,0,1,2,2,2,1,0,0,2,2
84,-3574.606,-6750.157,88.754,73.988,0.276369,-0.960416,-0.034948,0.960943,0.275608,0.025075,-0.014450,-0.040513,0.999075,0,0.65289,0.11956,39.173,0.239,-1,400.000,-1,400.000,-1,325.000,325.000,275.000,350.000,-1,-1,-1,425.000,850.000,850.000,-1,-1,2,0,2,0,2,0,0,0,0,2,2,2,1,0,0,2,2
85,-3563.850,-6712.679,88.481,73.987,0.276337,-0.960477,-0.033501,0.960962,0.275642,0.023935,-0.013754,-0.038807,0.999152,0,0.64985,-0.00044,38.991,-0.001,-1,400.000,-1,400.000,-1,325.000,325.000,275.000,350.000,-1,-1,-1,425.000,875.000,850.000,-1,-1,2,0,2,0,2,0,0,0,0,2,2,2,1,0,0,2,2
86,-3552.969,-6675.361,88.087,73.746,0.280309,-0.959390,-0.031583,0.959827,0.279701,0.022339,-0.012598,-0.036576,0.999251,0,0.64788,-0.12044,38.873,-0.241,-1,425.000,-1,400.000,-1,325.000,325.000,300.000,350.000,-1,-1,-1,425.000,925.000,850.000,-1,-1,2,0,2,0,2,0,0,0,0,2,2,2,1,0,0,2,2
87,-3541.792,-6638.194,87.484,73.266,0.288272,-0.957082,-0.029889,0.957489,0.287765,0.020139,-0.010673,-0.034423,0.999350,0,0.64685,-0.24044,38.811,-0.481,-1,425.000,-1,400.000,-1,325.000,325.000,300.000,325.000,-1,-1,-1,450.000,950.000,875.000,-1,-1,2,0,2,0,2,0,0,0,0,2,2,2,1,0,0,2,2
88,-3530.153,-6601.181,86.483,72.545,0.300228,-0.953421,-0.029190,0.953828,0.299795,0.018321,-0.008716,-0.033343,0.999406,0,0.64665,-0.36044,38.799,-0.721,-1,425.000,-1,425.000,-1,350.000,325.000,300.000,325.000,-1,-1,-1,450.000,975.000,875.000,-1,-1,2,0,2,0,2,0,0,0,0,2,2,2,1,0,0,2,2
89,-3518.010,-6564.297,85.243,71.777,0.312927,-0.949336,-0.028938,0.949750,0.312544,0.017050,-0.007141,-0.032820,0.999436,0,0.64719,-0.38373,38.831,-0.767,-1,425.000,-1,425.000,-1,350.000,350.000,300.000,325.000,-1,-1,-1,475.000,1000.000,875.000,-1,-1,2,0,2,0,2,0,0,0,0,2,2,2,1,0,0,2,2
90,-3505.362,-6527.530,83.935,71.018,0.325430,-0.945133,-0.028615,0.945551,0.325104,0.015530,-0.005375,-0.032110,0.999470,0,0.64803,-0.37962,38.882,-0.759,-1,450.000,-1,425.000,-1,350.000,350.000,275.000,325.000,-1,-1,-1,475.000,-1,875.000,-1,-1,2,0,2,0,2,0,0,0,0,2,2,2,1,2,0,2,2
91,-3492.214,-6490.873,82.907,70.267,0.337768,-0.940780,-0.029088,0.941219,0.337457,0.015153,-0.004439,-0.032496,0.999462,0,0.64906,-0.37544,38.944,-0.751,-1,450.000,-1,425.000,-1,350.000,350.000,275.000,300.000,-1,-1,-1,500.000,-1,875.000,-1,-1,2,0,2,0,2,0,0,0,0,2,2,2,1,2,0,2,2
92,-3478.567,-6454.322,82.502,69.525,0.349975,-0.936241,-0.031141,0.936744,0.349586,0.017332,-0.005341,-0.035237,0.999365,0,0.65026,-0.37119,39.015,-0.742,-1,450.000,-1,425.000,-1,350.000,350.000,275.000,325.000,-1,-1,-1,550.000,-1,875.000,-1,-1,2,0,2,0,2,0,0,0,0,2,2,2,1,2,0,2,2
93,-3464.424,-6417.873,81.712,68.791,0.362012,-0.931657,-0.031019,0.932144,0.361535,0.020005,-0.007423,-0.036156,0.999319,0,0.65162,-0.36689,39.097,-0.734,-1,450.000,-1,425.000,-1,350.000,350.000,275.000,300.000,-1,-1,-1,575.000,-1,850.000,-1,-1,2,0,2,0,2,0,0,0,0,2,2,2,1,2,0,2,2
94,-3449.786,-6381.522,80.931,68.066,0.373846,-0.926993,-0.030374,0.927442,0.373290,0.022496,-0.009515,-0.036581,0.999285,0,0.65312,-0.36253,39.187,-0.725,-1,450.000,-1,425.000,-1,350.000,350.000,275.000,300.000,-1,-1,-1,600.000,1000.000,850.000,-1,-1,2,0,2,0,2,0,0,0,0,2,2,2,1,0,0,2,2
95,-3434.657,-6345.265,80.161,67.350,0.385478,-0.922239,-0.029684,0.922644,0.384843,0.024993,-0.011625,-0.037022,0.999247,0,0.65477,-0.35812,39.286,-0.716,-1,425.000,-1,425.000,-1,350.000,350.000,275.000,300.000,-1,-1,-1,625.000,1000.000,825.000,-1,-1,2,0,2,0,2,0,0,0,0,2,2,2,1,0,0,2,2
96,-3419.039,-6309.100,79.404,66.642,0.396905,-0.917403,-0.028949,0.917756,0.396191,0.027496,-0.013756,-0.037482,0.999203,0,0.65655,-0.35364,39.393,-0.707,-1,425.000,-1,425.000,-1,350.000,350.000,275.000,300.000,-1,-1,-1,650.000,975.000,800.000,-1,-1,2,0,2,0,2,0,0,0,0,2,2,2,1,0,0,2,2
97,-3402.935,-6273.024,78.659,65.944,0.408128,-0.912490,-0.028170,0.912786,0.407334,0.030009,-0.015908,-0.037961,0.999153,0,0.65845,-0.34912,39.507,-0.698,-1,425.000,-1,400.000,-1,350.000,325.000,275.000,300.000,-1,-1,-1,700.000,975.000,800.000,-1,-1,2,0,2,0,2,0,0,0,0,2,2,2,1,0,0,2,2
98,-3386.348,-6237.034,77.926,65.255,0.419143,-0.907508,-0.027349,0.907740,0.418270,0.032534,-0.018085,-0.038462,0.999096,0,0.66046,-0.34454,39.628,-0.689,-1,425.000,-1,400.000,-1,350.000,325.000,300.000,300.000,-1,-1,-1,725.000,950.000,775.000,-1,-1,2,0,2,0,2,0,0,0,0,2,2,2,1,0,0,2,2
99,-3369.280,-6201.129,77.205,64.575,0.429952,-0.902463,-0.026485,0.902624,0.428999,0.035072,-0.020289,-0.038985,0.999034,0,0.66259,-0.33991,39.755,-0.680,-1,425.000,-1,400.000,-1,350.000,325.000,300.000,300.000,-1,-1,-1,750.000,950.000,750.000,-1,-1,2,0,2,0,2,0,0,0,0,2,2,2,1,0,0,2,2
100,-3351.735,-6165.306,76.495,63.905,0.440553,-0.897362,-0.025580,0.897444,0.439521,0.037625,-0.022520,-0.039533,0.998964,0,0.66481,-0.33523,39.889,-0.670,-1,425.000,-1,400.000,-1,325.000,325.000,300.000,275.000,-1,-1,-1,800.000,925.000,750.000,-1,-1,2,0,2,0,2,0,0,0,0,2,2,2,1,0,0,2,2
101,-3333.715,-6129.563,75.797,63.244,0.450946,-0.892211,-0.024634,0.892207,0.449834,0.040196,-0.024782,-0.040105,0.998888,0,0.66713,-0.33051,40.028,-0.661,-1,425.000,-1,400.000,-1,325.000,325.000,300.000,275.000,-1,-1,-1,825.000,925.000,725.000,-1,-1,2,0,2,0,2,0,0,0,0,2,2,2,1,0,0,2,2
102,-3313.241,-6089.684,75.042,62.823,0.457571,-0.888856,-0.023769,0.888750,0.456364,0.043080,-0.027444,-0.040836,0.998789,0,0.74713,-0.21051,44.828,-0.421,-1,425.000,-1,375.000,-1,325.000,325.000,300.000,275.000,-1,-1,-1,850.000,900.000,725.000,-1,-1,2,0,2,0,2,0,0,0,0,2,2,2,1,0,0,2,2
103,-3290.900,-6046.505,74.117,62.642,0.460481,-0.887320,-0.024906,0.887187,0.459124,0.045874,-0.029269,-0.043220,0.998637,0,0.81026,-0.09051,48.616,-0.181,-1,425.000,-1,375.000,-1,325.000,325.000,300.000,275.000,-1,-1,-1,900.000,900.000,700.000,-1,-1,2,0,2,0,2,0,0,0,0,2,2,2,1,0,0,2,2
104,-3268.533,-6003.163,72.981,62.701,0.459689,-0.887664,-0.027179,0.887551,0.458144,0.048554,-0.030648,-0.046442,0.998451,0,0.81289,0.02949,48.774,0.059,-1,425.000,-1,375.000,-1,325.000,325.000,300.000,275.000,-1,-1,-1,950.000,875.000,700.000,-1,-1,2,0,2,0,2,0,0,0,0,2,2,2,1,0,0,2,2
105,-3246.319,-5959.561,71.749,63.000,0.455204,-0.889889,-0.029771,0.889795,0.453427,0.051662,-0.032474,-0.050007,0.998221,0,0.81557,0.14949,48.934,0.299,-1,425.000,-1,375.000,-1,350.000,325.000,300.000,275.000,-1,-1,-1,-1,850.000,725.000,-1,-1,2,0,2,0,2,0,0,0,0,2,2,2,2,0,0,2,2
106,-3224.443,-5915.603,70.446,63.539,0.446996,-0.893940,-0.032644,0.893865,0.444949,0.055013,-0.034654,-0.053770,0.997952,0,0.81835,0.26949,49.101,0.539,-1,425.000,-1,375.000,-1,350.000,325.000,300.000,275.000,-1,-1,-1,-1,850.000,725.000,-1,-1,2,0,2,0,2,0,0,0,0,2,2,2,2,0,0,2,2
107,-3203.090,-5871.193,69.248,64.318,0.435005,-0.899747,-0.035015,0.899645,0.432677,0.058558,-0.037537,-0.056974,0.997670,0,0.82128,0.38949,49.277,0.779,-1,425.000,-1,400.000,-1,350.000,325.000,300.000,300.000,-1,-1,-1,-1,825.000,725.000,-1,-1,2,0,2,0,2,0,0,0,0,2,2,2,2,0,0,2,2
108,-3182.451,-5826.239,67.821,65.337,0.419118,-0.907173,-0.037118,0.907043,0.416550,0.061308,-0.040156,-0.059363,0.997428,0,0.82442,0.50949,49.465,1.019,-1,425.000,-1,400.000,-1,350.000,325.000,300.000,300.000,-1,-1,-1,-1,800.000,725.000,-1,-1,2,0,2,0,2,0,0,0,0,2,2,2,2,0,0,2,2
109,-3162.609,-5780.707,65.754,66.453,0.401420,-0.915101,-0.038108,0.914968,0.398796,0.061609,-0.041181,-0.059598,0.997373,0,0.82781,0.55803,49.668,1.116,-1,425.000,-1,400.000,-1,350.000,325.000,300.000,300.000,-1,-1,-1,-1,800.000,725.000,-1,-1,2,0,2,0,2,0,0,0,0,2,2,2,2,0,0,2,2
110,-3143.582,-5734.584,63.414,67.583,0.383341,-0.922816,-0.038224,0.922617,0.380686,0.062103,-0.042759,-0.059073,0.997337,0,0.83156,0.56493,49.893,1.130,-1,425.000,-1,400.000,-1,350.000,325.000,300.000,300.000,-1,-1,-1,-1,800.000,725.000,-1,-1,2,0,2,0,2,0,0,0,0,2,2,2,2,0,0,2,2
111,-3125.390,-5687.860,60.964,68.727,0.364880,-0.930269,-0.038233,0.929995,0.362200,0.062607,-0.044394,-0.058401,0.997306,0,0.83569,0.57199,50.141,1.144,-1,425.000,-1,400.000,-1,350.000,325.000,300.000,275.000,-1,-1,-1,-1,775.000,725.000,-1,-1,2,0,2,0,2,0,0,0,0,2,2,2,2,0,0,2,2
112,-3108.053,-5640.524,58.426,69.885,0.346036,-0.937442,-0.038226,0.937092,0.343334,0.063095,-0.046023,-0.057655,0.997275,0,0.84019,0.57921,50.411,1.158,-1,425.000,-1,400.000,-1,350.000,325.000,300.000,275.000,-1,-1,-1,-1,775.000,700.000,-1,-1,2,0,2,0,2,0,0,0,0,2,2,2,2,0,0,2,2
113,-3091.594,-5592.569,55.798,71.058,0.326804,-0.944320,-0.038199,0.943890,0.324083,0.063568,-0.047649,-0.056830,0.997246,0,0.84502,0.58659,50.701,1.173,-1,425.000,-1,400.000,-1,350.000,325.000,300.000,275.000,-1,-1,-1,-1,775.000,700.000,-1,-1,2,0,2,0,2,0,0,0,0,2,2,2,2,0,0,2,2
114,-3075.734,-5543.042,53.128,72.243,0.307267,-0.950848,-0.038416,0.950331,0.304497,0.064435,-0.049571,-0.056307,0.997182,0,0.86674,0.59243,52.004,1.185,-1,400.000,-1,400.000,-1,350.000,325.000,300.000,275.000,-1,-1,-1,-1,750.000,700.000,-1,-1,2,0,2,0,2,0,0,0,0,2,2,2,2,0,0,2,2
115,-3060.910,-5493.205,50.498,73.435,0.287512,-0.956986,-0.038924,0.956375,0.284656,0.065715,-0.051809,-0.056120,0.997079,0,0.86659,0.59593,51.995,1.192,-1,400.000,-1,400.000,-1,350.000,325.000,300.000,275.000,-1,-1,-1,-1,750.000,700.000,-1,-1,2,0,2,0,2,0,0,0,0,2,2,2,2,0,0,2,2
116,-3047.129,-5443.054,47.809,74.634,0.267507,-0.962747,-0.039473,0.962037,0.264562,0.067018,-0.054078,-0.055902,0.996971,0,0.86684,0.59978,52.010,1.200,-1,400.000,-1,375.000,-1,325.000,325.000,300.000,275.000,-1,-1,-1,-1,725.000,700.000,-1,-1,2,0,2,0,2,0,0,0,0,2,2,2,2,0,0,2,2
117,-3034.398,-5392.584,45.059,75.842,0.247247,-0.968124,-0.040057,0.967311,0.244212,0.068337,-0.056376,-0.055644,0.996858,0,0.86751,0.60395,52.051,1.208,-1,400.000,-1,375.000,-1,325.000,325.000,300.000,275.000,-1,-1,-1,-1,725.000,675.000,-1,-1,2,0,2,0,2,0,0,0,0,2,2,2,2,0,0,2,2
118,-3022.851,-5342.656,42.298,76.977,0.228116,-0.972784,-0.040667,0.971869,0.224990,0.069642,-0.058596,-0.055409,0.996743,0,0.85411,0.56752,51.246,1.135,-1,400.000,-1,375.000,-1,325.000,325.000,300.000,275.000,-1,-1,-1,-1,700.000,675.000,-1,-1,2,0,2,0,2,0,0,0,0,2,2,2,2,0,0,2,2
119,-3013.124,-5297.240,39.695,77.912,0.212314,-0.976319,-0.041525,0.975337,0.209094,0.070688,-0.060331,-0.055509,0.996634,0,0.77411,0.46723,46.446,0.934,-1,375.000,-1,375.000,-1,325.000,325.000,300.000,275.000,-1,-1,-1,-1,700.000,675.000,-1,-1,2,0,2,0,2,0,0,0,0,2,2,2,2,0,0,2,2
120,-3005.085,-5256.377,37.500,78.870,0.195967,-0.979720,-0.041768,0.978700,0.192750,0.070667,-0.061183,-0.054727,0.996625,0,0.69411,0.47897,41.646,0.958,-1,375.000,-1,375.000,-1,325.000,325.000,300.000,275.000,-1,-1,-1,-1,700.000,675.000,-1,-1,2,0,2,0,2,0,0,0,0,2,2,2,2,0,0,2,2
121,-2998.175,-5217.787,35.417,79.850,0.179178,-0.982924,-0.041899,0.981861,0.175976,0.070587,-0.062008,-0.053787,0.996625,0,0.65339,0.48997,39.204,0.980,-1,375.000,-1,375.000,-1,325.000,325.000,300.000,275.000,-1,-1,-1,-1,675.000,675.000,-1,-1,2,0,2,0,2,0,0,0,0,2,2,2,2,0,0,2,2
122,-2991.898,-5178.817,33.245,80.851,0.161918,-0.985909,-0.042014,0.984858,0.158779,0.069599,-0.061948,-0.052648,0.996690,0,0.65788,0.50073,39.473,1.001,-1,375.000,-1,375.000,-1,325.000,325.000,300.000,275.000,-1,-1,-1,-1,675.000,675.000,-1,-1,2,0,2,0,2,0,0,0,0,2,2,2,2,0,0,2,2
123,-2986.276,-5139.440,31.139,81.875,0.144226,-0.988629,-0.042569,0.987633,0.141141,0.068271,-0.061486,-0.051889,0.996758,0,0.66296,0.51196,39.778,1.024,-1,375.000,-1,375.000,-1,325.000,325.000,300.000,275.000,-1,-1,-1,-1,675.000,675.000,-1,-1,2,0,2,0,2,0,0,0,0,2,2,2,2,0,0,2,2
124,-2981.338,-5099.707,28.975,82.917,0.126170,-0.991075,-0.043021,0.990131,0.123145,0.066906,-0.061011,-0.051038,0.996831,0,0.66732,0.52099,40.039,1.042,-1,375.000,-1,375.000,-1,325.000,325.000,300.000,275.000,-1,-1,-1,-1,675.000,675.000,-1,-1,2,0,2,0,2,0,0,0,0,2,2,2,2,0,0,2,2
125,-2977.124,-5059.891,26.766,83.959,0.108065,-0.993197,-0.043366,0.992300,0.105107,0.065516,-0.060512,-0.050112,0.996909,0,0.66732,0.52099,40.039,1.042,-1,375.000,-1,375.000,-1,325.000,325.000,300.000,275.000,-1,-1,-1,-1,675.000,700.000,-1,-1,2,0,2,0,2,0,0,0,0,2,2,2,2,0,0,2,2
126,-2973.634,-5020.005,24.514,85.001,0.089919,-0.994994,-0.043604,0.994141,0.087033,0.064104,-0.059988,-0.049113,0.996990,0,0.66732,0.52099,40.039,1.042,-1,375.000,-1,375.000,-1,325.000,325.000,300.000,275.000,-1,-1,-1,-1,675.000,700.000,-1,-1,2,0,2,0,2,0,0,0,0,2,2,2,2,0,0,2,2
127,-2970.871,-4980.062,22.221,86.043,0.071738,-0.996464,-0.043735,0.995651,0.068928,0.062673,-0.059437,-0.048041,0.997075,0,0.66732,0.52099,40.039,1.042,-1,375.000,-1,375.000,-1,325.000,325.000,300.000,275.000,-1,-1,-1,-1,675.000,700.000,-1,-1,2,0,2,0,2,0,0,0,0,2,2,2,2,0,0,2,2
128,-2968.834,-4940.075,19.888,87.085,0.053527,-0.997607,-0.043759,0.996830,0.050799,0.061227,-0.058857,-0.046897,0.997164,0,0.66732,0.52099,40.039,1.042,-1,375.000,-1,375.000,-1,325.000,325.000,300.000,300.000,-1,-1,-1,-1,675.000,700.000,-1,-1,2,0,2,0,2,0,0,0,0,2,2,2,2,0,0,2,2
129,-2967.180,-4895.267,17.236,87.887,0.039468,-0.998265,-0.043690,0.997544,0.036833,0.059569,-0.057856,-0.045934,0.997268,0,0.74732,0.40099,44.839,0.802,-1,375.000,-1,375.000,-1,325.000,325.000,300.000,300.000,-1,-1,-1,-1,675.000,700.000,-1,-1,2,0,2,0,2,0,0,0,0,2,2,2,2,0,0,2,2
130,-2965.835,-4845.647,14.273,88.449,0.029576,-0.998614,-0.043543,0.997967,0.027041,0.057704,-0.056446,-0.045161,0.997384,0,0.82732,0.28099,49.639,0.562,-1,375.000,-1,375.000,-1,325.000,325.000,300.000,275.000,-1,-1,-1,-1,700.000,725.000,-1,-1,2,0,2,0,2,0,0,0,0,2,2,2,2,0,0,2,2
131,-2964.667,-4791.221,11.005,88.771,0.023857,-0.998775,-0.043341,0.998221,0.021429,0.055634,-0.054638,-0.044592,0.997510,0,0.90732,0.16099,54.439,0.322,-1,375.000,-1,400.000,-1,325.000,325.000,300.000,275.000,-1,-1,-1,-1,700.000,725.000,-1,-1,2,0,2,0,2,0,0,0,0,2,2,2,2,0,0,2,2
132,-2963.563,-4735.333,7.641,88.869,0.022040,-0.998826,-0.043128,0.998373,0.019720,0.053494,-0.052580,-0.044237,0.997636,0,0.93166,0.04903,55.899,0.098,-1,375.000,-1,400.000,-1,325.000,325.000,300.000,275.000,-1,925.000,-1,-1,700.000,725.000,-1,-1,2,0,2,0,2,0,0,0,0,2,0,2,2,0,0,2,2
133,-2962.555,-4679.443,4.272,88.967,0.020224,-0.998875,-0.042899,0.998518,0.018011,0.051352,-0.050522,-0.043874,0.997759,0,0.93166,0.04903,55.899,0.098,-1,375.000,-1,400.000,-1,325.000,325.000,300.000,275.000,-1,700.000,825.000,-1,700.000,725.000,-1,-1,2,0,2,0,2,0,0,0,0,2,0,0,2,0,0,2,2
134,-2961.642,-4623.551,0.898,89.065,0.018408,-0.998920,-0.042656,0.998655,0.016302,0.049210,-0.048461,-0.043505,0.997877,0,0.93166,0.04903,55.899,0.098,-1,375.000,-1,400.000,-1,325.000,325.000,275.000,275.000,-1,600.000,650.000,-1,700.000,750.000,-1,-1,2,0,2,0,2,0,0,0,0,2,0,0,2,0,0,2,2
135,-2960.825,-4567.658,-1.967,89.163,0.016612,-0.998980,-0.041987,0.998743,0.014593,0.047959,-0.047298,-0.042731,0.997966,0,0.93166,0.04903,55.899,0.098,-1,375.000,-1,400.000,-1,325.000,325.000,275.000,275.000,-1,625.000,650.000,-1,700.000,750.000,-1,-1,2,0,2,0,2,0,0,0,0,2,0,0,2,0,0,2,2
136,-2960.104,-4511.763,-4.360,89.261,0.014838,-0.999032,-0.041422,0.998808,0.012883,0.047073,-0.046494,-0.042071,0.998032,0,0.93166,0.04903,55.899,0.098,-1,375.000,-1,400.000,-1,325.000,325.000,300.000,275.000,-1,650.000,675.000,-1,700.000,750.000,-1,-1,2,0,2,0,2,0,0,0,0,2,0,0,2,0,0,2,2
