timestep,x_cm,y_cm,z_cm,yaw_deg,basis_xx,basis_xy,basis_xz,basis_yx,basis_yy,basis_yz,basis_zx,basis_zy,basis_zz,teleport_flag,throttle_cmd,steering_cmd,cmd_move_cm,cmd_turn_deg,lidar_cm_0,lidar_cm_1,lidar_cm_2,lidar_cm_3,lidar_cm_4,lidar_cm_5,lidar_cm_6,lidar_cm_7,lidar_cm_8,lidar_cm_9,lidar_cm_10,lidar_cm_11,lidar_cm_12,lidar_cm_13,lidar_cm_14,lidar_cm_15,lidar_cm_16,lidar_class_0,lidar_class_1,lidar_class_2,lidar_class_3,lidar_class_4,lidar_class_5,lidar_class_6,lidar_class_7,lidar_class_8,lidar_class_9,lidar_class_10,lidar_class_11,lidar_class_12,lidar_class_13,lidar_class_14,lidar_class_15,lidar_class_16
0,981.823,-6227.028,-56.751,115.596,-0.431988,-0.901757,-0.014821,0.901875,-0.431977,-0.004135,-0.002674,-0.015153,0.999882,1,0.08000,0.12000,4.800,0.240,-1,400.000,-1,400.000,-1,325.000,325.000,300.000,300.000,-1,-1,-1,-1,775.000,750.000,-1,-1,2,0,2,0,2,0,0,0,0,2,2,2,2,0,0,2,2
1,977.610,-6218.402,-56.782,116.031,-0.438812,-0.898454,-0.014991,0.898574,-0.438802,-0.004084,-0.002909,-0.015262,0.999879,0,0.16000,0.21726,9.600,0.435,-1,400.000,-1,400.000,-1,325.000,325.000,300.000,300.000,-1,-1,-1,-1,775.000,750.000,-1,-1,2,0,2,0,2,0,0,0,0,2,2,2,2,0,0,2,2
2,971.193,-6205.511,-56.827,116.465,-0.445608,-0.895098,-0.015234,0.895222,-0.445602,-0.004010,-0.003199,-0.015425,0.999876,0,0.24000,0.21725,14.400,0.435,-1,400.000,-1,400.000,-1,325.000,325.000,300.000,300.000,-1,-1,-1,-1,775.000,750.000,-1,-1,2,0,2,0,2,0,0,0,0,2,2,2,2,0,0,2,2
3,962.506,-6188.388,-56.894,116.900,-0.452381,-0.891689,-0.015544,0.891818,-0.452378,-0.003911,-0.003544,-0.015631,0.999872,0,0.32000,0.21733,19.200,0.435,-1,400.000,-1,400.000,-1,325.000,325.000,300.000,300.000,-1,-1,-1,-1,775.000,750.000,-1,-1,2,0,2,0,2,0,0,0,0,2,2,2,2,0,0,2,2
4,951.485,-6167.068,-56.990,117.335,-0.459134,-0.888224,-0.015913,0.888358,-0.459136,-0.003783,-0.003946,-0.015874,0.999866,0,0.40000,0.21759,24.000,0.435,-1,400.000,-1,400.000,-1,325.000,325.000,300.000,300.000,-1,-1,-1,-1,775.000,750.000,-1,-1,2,0,2,0,2,0,0,0,0,2,2,2,2,0,0,2,2
5,938.066,-6141.585,-57.125,117.771,-0.465877,-0.884699,-0.016334,0.884838,-0.465884,-0.003623,-0.004404,-0.016141,0.999860,0,0.48000,0.21814,28.800,0.436,-1,400.000,-1,400.000,-1,325.000,325.000,300.000,300.000,-1,-1,-1,-1,775.000,750.000,-1,-1,2,0,2,0,2,0,0,0,0,2,2,2,2,0,0,2,2
6,922.183,-6111.976,-57.310,118.210,-0.472622,-0.881105,-0.016796,0.881252,-0.472635,-0.003428,-0.004918,-0.016422,0.999853,0,0.56000,0.21912,33.600,0.438,-1,400.000,-1,400.000,-1,325.000,325.000,300.000,300.000,-1,-1,-1,-1,750.000,750.000,-1,-1,2,0,2,0,2,0,0,0,0,2,2,2,2,0,0,2,2
7,903.771,-6078.278,-57.504,118.651,-0.479387,-0.877432,-0.017390,0.877588,-0.479404,-0.003439,-0.005320,-0.016910,0.999843,0,0.64000,0.22066,38.400,0.441,-1,400.000,-1,400.000,-1,325.000,325.000,300.000,300.000,-1,-1,-1,-1,750.000,750.000,-1,-1,2,0,2,0,2,0,0,0,0,2,2,2,2,0,0,2,2
8,882.764,-6040.530,-57.712,119.097,-0.486188,-0.873663,-0.018270,0.873834,-0.486211,-0.003425,-0.005891,-0.017630,0.999827,0,0.72000,0.22295,43.200,0.446,-1,400.000,-1,400.000,-1,325.000,325.000,300.000,300.000,-1,-1,-1,-1,750.000,750.000,-1,-1,2,0,2,0,2,0,0,0,0,2,2,2,2,0,0,2,2
9,859.091,-5998.774,-57.974,119.549,-0.493054,-0.869785,-0.019304,0.869974,-0.493085,-0.003410,-0.006553,-0.018475,0.999808,0,0.80000,0.22615,48.000,0.452,-1,400.000,-1,400.000,-1,325.000,325.000,300.000,300.000,-1,-1,-1,-1,725.000,725.000,-1,-1,2,0,2,0,2,0,0,0,0,2,2,2,2,0,0,2,2
10,832.762,-5953.190,-58.284,120.010,-0.500019,-0.865773,-0.020471,0.865985,-0.500056,-0.003603,-0.007117,-0.019529,0.999784,0,0.87735,0.23046,52.641,0.461,-1,400.000,-1,375.000,-1,325.000,325.000,300.000,300.000,-1,-1,-1,-1,725.000,725.000,-1,-1,2,0,2,0,2,0,0,0,0,2,2,2,2,0,0,2,2
11,806.289,-5908.216,-58.616,120.482,-0.507122,-0.861602,-0.021654,0.861841,-0.507162,-0.004000,-0.007536,-0.020690,0.999758,0,0.86978,0.23608,52.187,0.472,-1,400.000,-1,375.000,-1,325.000,325.000,300.000,300.000,-1,-1,-1,-1,725.000,725.000,-1,-1,2,0,2,0,2,0,0,0,0,2,2,2,2,0,0,2,2
12,782.086,-5867.476,-58.964,120.714,-0.510597,-0.859521,-0.022700,0.859785,-0.510637,-0.004422,-0.007791,-0.021775,0.999733,0,0.78978,0.11608,47.387,0.232,-1,400.000,-1,375.000,-1,325.000,325.000,300.000,300.000,-1,-1,-1,-1,700.000,725.000,-1,-1,2,0,2,0,2,0,0,0,0,2,2,2,2,0,0,2,2
13,760.339,-5830.860,-59.312,120.707,-0.510470,-0.859571,-0.023627,0.859859,-0.510508,-0.004850,-0.007892,-0.022792,0.999709,0,0.70978,-0.00392,42.587,-0.008,-1,400.000,-1,375.000,-1,325.000,325.000,300.000,300.000,-1,-1,-1,-1,700.000,725.000,-1,-1,2,0,2,0,2,0,0,0,0,2,2,2,2,0,0,2,2
14,741.184,-5798.288,-59.591,120.459,-0.506737,-0.861757,-0.024345,0.862063,-0.506776,-0.004995,-0.008033,-0.023518,0.999691,0,0.62978,-0.12392,37.787,-0.248,-1,375.000,-1,375.000,-1,325.000,325.000,300.000,300.000,-1,-1,-1,-1,700.000,725.000,-1,-1,2,0,2,0,2,0,0,0,0,2,2,2,2,0,0,2,2
15,722.378,-5765.677,-59.838,119.971,-0.499373,-0.866029,-0.024923,0.866349,-0.499414,-0.005001,-0.008116,-0.024090,0.999677,0,0.62741,-0.24392,37.645,-0.488,-1,375.000,-1,375.000,-1,325.000,325.000,300.000,300.000,-1,-1,-1,-1,700.000,725.000,-1,-1,2,0,2,0,2,0,0,0,0,2,2,2,2,0,0,2,2
16,703.984,-5732.879,-59.985,119.284,-0.488960,-0.871950,-0.024913,0.872272,-0.488994,-0.005120,-0.007718,-0.024234,0.999677,0,0.62673,-0.34345,37.604,-0.687,-1,375.000,-1,375.000,-1,325.000,325.000,300.000,300.000,-1,-1,-1,-1,700.000,725.000,-1,-1,2,0,2,0,2,0,0,0,0,2,2,2,2,0,0,2,2
17,685.975,-5699.860,-60.027,118.609,-0.478681,-0.877652,-0.024307,0.877962,-0.478700,-0.005388,-0.006907,-0.023920,0.999690,0,0.62685,-0.33721,37.611,-0.674,-1,375.000,-1,375.000,-1,325.000,325.000,300.000,300.000,-1,-1,-1,-1,700.000,725.000,-1,-1,2,0,2,0,2,0,0,0,0,2,2,2,2,0,0,2,2
18,668.340,-5666.621,-60.056,117.948,-0.468535,-0.883130,-0.023590,0.883425,-0.468538,-0.005735,-0.005988,-0.023527,0.999705,0,0.62711,-0.33083,37.627,-0.662,-1,375.000,-1,400.000,-1,325.000,325.000,300.000,300.000,-1,-1,-1,-1,700.000,725.000,975.000,-1,2,0,2,0,2,0,0,0,0,2,2,2,2,0,0,1,2
19,651.073,-5633.164,-60.095,117.299,-0.458528,-0.888385,-0.022877,0.888666,-0.458515,-0.006140,-0.005034,-0.023146,0.999719,0,0.62751,-0.32430,37.650,-0.649,-1,375.000,1000.000,400.000,-1,325.000,325.000,300.000,300.000,-1,-1,-1,-1,700.000,725.000,925.000,-1,2,0,1,0,2,0,0,0,0,2,2,2,2,1,0,1,2
20,634.162,-5599.489,-60.143,116.664,-0.448671,-0.893422,-0.022169,0.893688,-0.448641,-0.006604,-0.004046,-0.022775,0.999732,0,0.62805,-0.31763,37.683,-0.635,-1,375.000,975.000,400.000,-1,325.000,325.000,300.000,300.000,-1,-1,-1,-1,675.000,750.000,875.000,-1,2,0,1,0,2,0,0,0,0,2,2,2,2,1,0,1,2
21,615.380,-5561.384,-60.189,116.240,-0.442062,-0.896728,-0.021446,0.896979,-0.442015,-0.007161,-0.003058,-0.022402,0.999744,0,0.70805,-0.21219,42.483,-0.424,-1,375.000,950.000,400.000,-1,325.000,325.000,300.000,300.000,-1,-1,-1,-1,625.000,750.000,825.000,-1,2,0,1,0,2,0,0,0,0,2,2,2,2,1,0,1,2
22,596.121,-5521.594,-60.217,115.829,-0.435638,-0.899881,-0.020844,0.900119,-0.435574,-0.007763,-0.002094,-0.022144,0.999753,0,0.73676,-0.20548,44.205,-0.411,950.000,375.000,900.000,400.000,-1,325.000,325.000,300.000,300.000,-1,-1,-1,-1,600.000,750.000,750.000,-1,1,0,1,0,2,0,0,0,0,2,2,2,2,1,0,1,2
23,576.988,-5481.360,-60.258,115.432,-0.429421,-0.902877,-0.020243,0.903104,-0.429340,-0.008421,-0.001088,-0.021898,0.999760,0,0.74252,-0.19821,44.551,-0.396,875.000,375.000,875.000,400.000,-1,325.000,325.000,300.000,300.000,-1,-1,-1,-1,575.000,750.000,700.000,-1,1,0,1,0,2,0,0,0,0,2,2,2,2,1,0,1,2
24,557.974,-5440.677,-60.311,115.051,-0.423426,-0.905718,-0.019642,0.905931,-0.423327,-0.009136,-0.000040,-0.021663,0.999765,0,0.74845,-0.19055,44.907,-0.381,800.000,375.000,825.000,400.000,-1,325.000,325.000,300.000,300.000,-1,-1,-1,-1,525.000,750.000,650.000,-1,1,0,1,0,2,1,0,0,0,2,2,2,2,1,0,1,2
25,539.066,-5399.542,-60.378,114.686,-0.417667,-0.908401,-0.019040,0.908599,-0.417551,-0.009907,0.001049,-0.021438,0.999770,0,0.75455,-0.18250,45.273,-0.365,750.000,375.000,800.000,400.000,-1,325.000,325.000,300.000,300.000,-1,-1,-1,-1,500.000,750.000,600.000,-1,1,1,1,0,2,1,0,0,0,2,2,2,2,1,0,1,2
26,520.253,-5357.950,-60.412,114.338,-0.412158,-0.910921,-0.018643,0.911110,-0.412025,-0.010682,0.002049,-0.021388,0.999769,0,0.76081,-0.17404,45.649,-0.348,675.000,350.000,750.000,400.000,-1,300.000,325.000,300.000,300.000,-1,-1,-1,-1,475.000,750.000,550.000,-1,1,1,1,0,2,1,0,0,0,2,2,2,2,1,0,1,2
27,501.524,-5315.899,-60.433,114.008,-0.406917,-0.913281,-0.018369,0.913460,-0.406766,-0.011477,0.003009,-0.021450,0.999765,0,0.76723,-0.16517,46.034,-0.330,600.000,325.000,725.000,400.000,-1,300.000,325.000,300.000,300.000,-1,-1,-1,-1,450.000,750.000,500.000,-1,1,1,1,0,2,1,1,0,0,2,2,2,2,1,0,1,2
28,482.865,-5273.385,-60.427,113.696,-0.401961,-0.915476,-0.018198,0.915648,-0.401789,-0.012445,0.004082,-0.021665,0.999757,0,0.77381,-0.15586,46.428,-0.312,525.000,300.000,675.000,400.000,-1,275.000,325.000,300.000,300.000,-1,-1,-1,-1,400.000,750.000,450.000,-1,1,1,1,0,2,1,1,0,0,2,2,2,2,1,0,1,2
29,464.263,-5230.405,-60.422,113.404,-0.397308,-0.917507,-0.018072,0.917671,-0.397113,-0.013480,0.005192,-0.021940,0.999746,0,0.78054,-0.14609,46.832,-0.292,475.000,300.000,650.000,400.000,-1,275.000,300.000,300.000,300.000,-1,975.000,-1,-1,375.000,750.000,400.000,-1,1,1,1,0,2,1,1,0,0,2,0,2,2,1,0,1,2
30,445.703,-5186.959,-60.379,113.132,-0.392971,-0.919377,-0.017899,0.919530,-0.392756,-0.014408,0.006216,-0.022120,0.999736,0,0.78741,-0.13585,47.245,-0.272,400.000,275.000,600.000,400.000,-1,250.000,300.000,275.000,300.000,-1,900.000,-1,-1,350.000,750.000,350.000,-1,1,1,1,0,2,1,1,0,0,2,0,2,2,1,0,1,2
31,427.169,-5143.045,-60.091,112.882,-0.388952,-0.921098,-0.017162,0.921235,-0.388744,-0.014284,0.006485,-0.021366,0.999751,0,0.79442,-0.12511,47.665,-0.250,325.000,250.000,550.000,400.000,-1,225.000,275.000,275.000,300.000,-1,925.000,-1,-1,325.000,750.000,300.000,-1,1,1,1,0,2,1,1,0,0,2,0,2,2,1,0,1,2
32,408.647,-5098.662,-58.668,112.654,-0.385299,-0.922728,-0.010848,0.922736,-0.385119,-0.015565,0.010184,-0.016007,0.999820,0,0.80155,-0.11384,48.093,-0.228,275.000,225.000,525.000,400.000,-1,225.000,275.000,300.000,300.000,-1,775.000,750.000,-1,300.000,750.000,250.000,-1,1,1,1,0,2,1,1,0,0,2,0,0,2,1,1,1,2
33,390.116,-5053.812,-55.096,112.450,-0.381832,-0.924211,0.006280,0.923995,-0.381879,-0.020064,0.020942,-0.001859,0.999779,0,0.80878,-0.10201,48.527,-0.204,250.000,225.000,500.000,425.000,-1,225.000,275.000,325.000,275.000,-1,525.000,425.000,-1,275.000,750.000,225.000,-1,1,1,1,1,2,1,1,0,0,2,0,0,2,1,1,1,2
34,371.556,-5008.499,-51.140,112.271,-0.378360,-0.925313,0.025288,0.925072,-0.378951,-0.025256,0.032953,0.013838,0.999361,0,0.81610,-0.08958,48.966,-0.179,250.000,225.000,500.000,400.000,-1,200.000,275.000,375.000,275.000,-1,400.000,275.000,-1,275.000,750.000,200.000,-1,1,1,1,1,2,1,1,0,0,2,0,0,2,1,1,1,2
35,351.536,-4958.598,-46.291,111.852,-0.370310,-0.927640,0.048526,0.927677,-0.372003,-0.032087,0.047818,0.033135,0.998306,0,0.89610,-0.20958,53.766,-0.419,225.000,225.000,550.000,400.000,-1,200.000,275.000,425.000,275.000,-1,350.000,175.000,750.000,275.000,775.000,200.000,-1,1,1,1,1,2,1,1,0,0,2,0,0,0,1,1,1,2
36,331.100,-4905.940,-40.665,111.193,-0.357354,-0.930928,0.075304,0.931695,-0.360946,-0.040775,0.065139,0.055589,0.996327,0,0.94137,-0.32958,56.482,-0.659,200.000,200.000,650.000,425.000,-1,200.000,275.000,500.000,250.000,-1,300.000,125.000,550.000,250.000,850.000,175.000,-1,1,1,1,1,2,1,1,0,0,2,0,0,0,1,1,1,2
37,-4919.491,9511.017,160.162,-3.007,0.998501,0.052462,0.015610,-0.052456,0.998623,-0.000751,-0.015628,-0.000069,0.999878,1,0.00000,0.00000,56.940,-0.899,-1,375.000,-1,400.000,-1,325.000,325.000,300.000,300.000,-1,-1,925.000,-1,700.000,750.000,-1,-1,2,0,2,0,2,0,0,0,0,2,2,0,2,0,0,2,2
38,-4914.697,9510.785,160.089,-2.767,0.998714,0.048278,0.015454,-0.048271,0.998834,-0.000812,-0.015475,0.000065,0.999880,0,0.08000,0.12000,4.800,0.240,-1,375.000,-1,400.000,-1,325.000,325.000,300.000,300.000,-1,-1,900.000,-1,700.000,750.000,-1,-1,2,0,2,0,2,0,0,0,0,2,2,0,2,0,0,2,2
39,-4905.105,9510.381,159.940,-2.415,0.998997,0.042133,0.015138,-0.042123,0.999112,-0.000938,-0.015164,0.000300,0.999885,0,0.16000,0.17623,9.600,0.352,-1,375.000,-1,400.000,-1,325.000,325.000,300.000,300.000,-1,-1,875.000,-1,700.000,750.000,-1,-1,2,0,2,0,2,0,0,0,0,2,2,0,2,0,0,2,2
40,-4890.715,9509.863,159.714,-2.062,0.999245,0.035986,0.014661,-0.035973,0.999352,-0.001134,-0.014693,0.000606,0.999892,0,0.24000,0.17623,14.400,0.352,-1,375.000,-1,400.000,-1,325.000,325.000,300.000,300.000,-1,1000.000,850.000,-1,700.000,750.000,-1,-1,2,0,2,0,2,0,0,0,0,2,0,0,2,0,0,2,2
41,-4871.523,9509.290,159.411,-1.710,0.999456,0.029838,0.014022,-0.029821,0.999554,-0.001404,-0.014058,0.000986,0.999901,0,0.32000,0.17623,19.200,0.352,-1,375.000,-1,400.000,-1,325.000,325.000,300.000,300.000,-1,950.000,800.000,-1,700.000,750.000,-1,-1,2,0,2,0,2,0,0,0,0,2,0,0,2,0,0,2,2
42,-4847.530,9508.721,159.030,-1.357,0.999632,0.023689,0.013219,-0.023667,0.999718,-0.001753,-0.013257,0.001440,0.999911,0,0.40000,0.17623,24.000,0.352,-1,375.000,-1,400.000,-1,325.000,325.000,300.000,300.000,-1,875.000,750.000,-1,700.000,750.000,-1,-1,2,0,2,0,2,0,0,0,0,2,0,0,2,0,0,2,2
43,-4818.734,9508.216,158.572,-1.005,0.999771,0.017538,0.012251,-0.017513,0.999844,-0.002185,-0.012288,0.001970,0.999923,0,0.48000,0.17623,28.800,0.352,-1,375.000,-1,400.000,-1,325.000,325.000,300.000,300.000,-1,825.000,725.000,-1,700.000,750.000,-1,-1,2,0,2,0,2,0,0,0,0,2,0,0,2,0,0,2,2
44,-4785.137,9507.833,158.036,-0.652,0.999873,0.011388,0.011118,-0.011358,0.999932,-0.002704,-0.011148,0.002577,0.999935,0,0.56000,0.17623,33.600,0.352,-1,375.000,-1,400.000,-1,325.000,325.000,300.000,300.000,-1,775.000,675.000,-1,700.000,750.000,-1,-1,2,0,2,0,2,0,0,0,0,2,0,0,2,0,0,2,2
45,-4746.737,9507.632,157.422,-0.300,0.999938,0.005236,0.009819,-0.005204,0.999981,-0.003315,-0.009836,0.003264,0.999946,0,0.64000,0.17623,38.400,0.352,-1,375.000,-1,400.000,-1,325.000,325.000,300.000,300.000,-1,725.000,625.000,-1,725.000,750.000,-1,-1,2,0,2,0,2,0,0,0,0,2,0,0,2,0,0,2,2
46,-4703.537,9507.672,156.732,0.052,0.999965,-0.000915,0.008353,0.000949,0.999991,-0.004023,-0.008349,0.004031,0.999957,0,0.72000,0.17623,43.200,0.352,-1,375.000,-1,400.000,-1,325.000,325.000,300.000,300.000,-1,675.000,575.000,-1,725.000,750.000,-1,-1,2,0,2,0,2,0,0,0,0,2,0,0,2,0,0,2,2
47,-4655.539,9508.011,155.966,0.405,0.999952,-0.007066,0.006719,0.007099,0.999963,-0.004833,-0.006685,0.004880,0.999966,0,0.80000,0.17623,48.000,0.352,-1,375.000,-1,400.000,-1,325.000,325.000,300.000,300.000,-1,625.000,550.000,-1,725.000,775.000,-1,-1,2,0,2,0,2,0,0,0,0,2,0,0,2,0,0,2,2
48,-4602.747,9508.930,155.134,0.997,0.999836,-0.017406,0.004935,0.017434,0.999831,-0.005768,-0.004834,0.005853,0.999971,0,0.88000,0.29623,52.800,0.592,-1,375.000,-1,400.000,-1,325.000,325.000,300.000,300.000,-1,575.000,500.000,-1,725.000,775.000,-1,-1,2,0,2,0,2,0,0,0,0,2,0,0,2,0,0,2,2
49,-4549.190,9510.641,154.898,1.830,0.999479,-0.031930,0.004608,0.031959,0.999469,-0.006290,-0.004405,0.006434,0.999970,0,0.89306,0.41623,53.583,0.832,-1,375.000,-1,400.000,-1,325.000,325.000,300.000,300.000,-1,625.000,525.000,-1,725.000,775.000,-1,-1,2,0,2,0,2,0,0,0,0,2,0,0,2,0,0,2,2
50,-4495.667,9513.179,154.726,2.715,0.998868,-0.047362,0.004359,0.047392,0.998852,-0.006989,-0.004023,0.007188,0.999966,0,0.89306,0.44248,53.583,0.885,-1,375.000,-1,400.000,-1,325.000,325.000,300.000,300.000,-1,650.000,575.000,-1,750.000,775.000,-1,-1,2,0,2,0,2,0,0,0,0,2,0,0,2,0,0,2,2
51,-4442.189,9516.544,154.561,3.600,0.998019,-0.062783,0.004102,0.062814,0.997995,-0.007717,-0.003609,0.007959,0.999962,0,0.89306,0.44248,53.583,0.885,-1,375.000,-1,400.000,-1,325.000,325.000,300.000,300.000,-1,700.000,600.000,-1,750.000,800.000,-1,-1,2,0,2,0,2,0,0,0,0,2,0,0,2,0,0,2,2
52,-4388.770,9520.733,154.406,4.485,0.996931,-0.078189,0.003839,0.078219,0.996900,-0.008468,-0.003165,0.008742,0.999957,0,0.89306,0.44248,53.583,0.885,-1,375.000,-1,400.000,-1,325.000,325.000,300.000,300.000,-1,725.000,625.000,-1,750.000,800.000,-1,-1,2,0,2,0,2,0,0,0,0,2,0,0,2,0,0,2,2
53,-4335.422,9525.748,154.262,5.370,0.995606,-0.093576,0.003572,0.093606,0.995566,-0.009240,-0.002691,0.009533,0.999951,0,0.89306,0.44248,53.583,0.885,-1,375.000,-1,400.000,-1,325.000,325.000,300.000,300.000,-1,775.000,675.000,-1,750.000,800.000,-1,-1,2,0,2,0,2,0,0,0,0,2,0,0,2,0,0,2,2
54,-4282.157,9531.586,154.131,6.255,0.994043,-0.108940,0.003302,0.108968,0.993995,-0.010028,-0.002190,0.010328,0.999944,0,0.89306,0.44248,53.583,0.885,-1,375.000,-1,400.000,-1,325.000,325.000,300.000,300.000,-1,800.000,700.000,-1,775.000,800.000,-1,-1,2,0,2,0,2,0,0,0,0,2,0,0,2,0,0,2,2
55,-4228.989,9538.245,154.015,7.140,0.992243,-0.124278,0.003032,0.124304,0.992185,-0.010830,-0.001662,0.011123,0.999937,0,0.89306,0.44248,53.583,0.885,-1,375.000,-1,400.000,-1,325.000,325.000,300.000,300.000,-1,825.000,725.000,-1,775.000,825.000,-1,-1,2,0,2,0,2,0,0,0,0,2,0,0,2,0,0,2,2
56,-4175.931,9545.726,153.916,8.024,0.990206,-0.139586,0.002761,0.139609,0.990138,-0.011641,-0.001109,0.011913,0.999928,0,0.89306,0.44248,53.583,0.885,-1,400.000,-1,400.000,-1,325.000,325.000,300.000,300.000,-1,850.000,750.000,-1,775.000,825.000,-1,-1,2,0,2,0,2,0,0,0,0,2,0,0,2,0,0,2,2
57,-4122.994,9554.024,153.836,8.909,0.987933,-0.154861,0.002491,0.154880,0.987855,-0.012458,-0.000532,0.012694,0.999919,0,0.89306,0.44248,53.583,0.885,-1,400.000,-1,400.000,-1,325.000,325.000,300.000,300.000,-1,875.000,775.000,-1,775.000,825.000,-1,-1,2,0,2,0,2,0,0,0,0,2,0,0,2,0,0,2,2
58,-4070.191,9563.140,153.776,9.794,0.985425,-0.170098,0.002223,0.170112,0.985335,-0.013277,0.000068,0.013462,0.999909,0,0.89306,0.44248,53.583,0.885,-1,400.000,-1,400.000,-1,325.000,325.000,300.000,300.000,-1,900.000,800.000,-1,775.000,850.000,-1,-1,2,0,2,0,2,0,0,0,0,2,0,0,2,0,0,2,2
59,-4017.536,9573.070,153.739,10.679,0.982681,-0.185294,0.001957,0.185303,0.982580,-0.014095,0.000689,0.014213,0.999899,0,0.89306,0.44248,53.583,0.885,-1,400.000,-1,425.000,-1,325.000,325.000,300.000,300.000,-1,925.000,825.000,-1,800.000,850.000,-1,-1,2,0,2,0,2,0,0,0,0,2,0,0,2,0,0,2,2
60,-3965.040,9583.811,153.708,11.564,0.979703,-0.200445,0.001950,0.200451,0.979590,-0.014920,0.001080,0.015008,0.999887,0,0.89306,0.44248,53.583,0.885,-1,400.000,-1,425.000,-1,325.000,325.000,300.000,300.000,-1,950.000,875.000,-1,800.000,850.000,-1,-1,2,0,2,0,2,0,0,0,0,2,0,0,2,0,0,2,2
61,-3912.717,9595.363,153.494,12.449,0.976490,-0.215545,0.002851,0.215563,0.976353,-0.016330,0.000737,0.016560,0.999863,0,0.89306,0.44248,53.583,0.885,-1,400.000,-1,425.000,-1,325.000,325.000,300.000,300.000,-1,1000.000,925.000,-1,800.000,850.000,-1,-1,2,0,2,0,2,0,0,0,0,2,0,0,2,0,0,2,2
62,-3860.578,9607.721,153.298,13.334,0.973043,-0.230593,0.003856,0.230625,0.972881,-0.017734,0.000338,0.018146,0.999835,0,0.89306,0.44248,53.583,0.885,-1,400.000,-1,425.000,-1,325.000,325.000,300.000,300.000,-1,-1,975.000,-1,800.000,825.000,-1,-1,2,0,2,0,2,0,0,0,0,2,2,0,2,0,0,2,2
63,-3808.636,9620.883,152.918,14.219,0.969359,-0.245587,0.005390,0.245645,0.969190,-0.018161,-0.000763,0.018928,0.999821,0,0.89306,0.44248,53.583,0.885,-1,400.000,-1,425.000,-1,325.000,325.000,300.000,300.000,-1,-1,-1,-1,775.000,825.000,-1,-1,2,0,2,0,2,0,0,0,0,2,2,2,2,0,0,2,2
64,-3759.982,9633.797,152.573,14.864,0.966526,-0.256478,0.006844,0.256562,0.966350,-0.018530,-0.001861,0.019665,0.999805,0,0.83898,0.32248,50.339,0.645,-1,400.000,-1,400.000,-1,325.000,325.000,300.000,300.000,-1,-1,-1,-1,775.000,800.000,-1,-1,2,0,2,0,2,0,0,0,0,2,2,2,2,0,0,2,2
65,-3711.420,9647.054,152.238,15.269,0.964679,-0.263297,0.008306,0.263411,0.964499,-0.018872,-0.003042,0.020394,0.999787,0,0.83898,0.20248,50.339,0.405,-1,400.000,-1,400.000,-1,325.000,325.000,300.000,300.000,-1,-1,-1,-1,750.000,800.000,-1,-1,2,0,2,0,2,0,0,0,0,2,2,2,2,0,0,2,2
66,-3662.897,9660.450,151.909,15.434,0.963904,-0.266069,0.009774,0.266214,0.963723,-0.019198,-0.004312,0.021107,0.999768,0,0.83898,0.08248,50.339,0.165,-1,400.000,-1,400.000,-1,325.000,325.000,300.000,300.000,-1,-1,-1,-1,750.000,775.000,-1,-1,2,0,2,0,2,0,0,0,0,2,2,2,2,0,0,2,2
67,-3614.388,9673.902,151.636,15.499,0.963588,-0.267163,0.011070,0.267336,0.963408,-0.019384,-0.005486,0.021637,0.999751,0,0.83898,0.03260,50.339,0.065,-1,400.000,-1,400.000,-1,325.000,325.000,300.000,300.000,-1,-1,-1,-1,750.000,775.000,-1,-1,2,0,2,0,2,0,0,0,0,2,2,2,2,0,0,2,2
68,-3565.895,9687.409,151.379,15.564,0.963268,-0.268256,0.012357,0.268458,0.963093,-0.019549,-0.006657,0.022148,0.999733,0,0.83898,0.03260,50.339,0.065,-1,400.000,-1,400.000,-1,325.000,325.000,300.000,300.000,-1,-1,-1,-1,725.000,750.000,-1,-1,2,0,2,0,2,0,0,0,0,2,2,2,2,0,0,2,2
69,-3517.418,9700.972,151.135,15.630,0.962946,-0.269349,0.013639,0.269580,0.962776,-0.019696,-0.007826,0.022642,0.999713,0,0.83898,0.03260,50.339,0.065,-1,400.000,-1,400.000,-1,325.000,325.000,300.000,300.000,-1,-1,-1,-1,725.000,750.000,-1,-1,2,0,2,0,2,0,0,0,0,2,2,2,2,0,0,2,2
70,-3468.956,9714.589,150.907,15.695,0.962621,-0.270441,0.014915,0.270703,0.962459,-0.019824,-0.008994,0.023120,0.999692,0,0.83898,0.03260,50.339,0.065,-1,375.000,-1,400.000,-1,325.000,325.000,300.000,300.000,-1,-1,-1,-1,700.000,750.000,-1,-1,2,0,2,0,2,0,0,0,0,2,2,2,2,0,0,2,2
71,-3420.509,9728.261,150.693,15.760,0.962293,-0.271533,0.016186,0.271826,0.962140,-0.019934,-0.010160,0.023582,0.999670,0,0.83898,0.03260,50.339,0.065,-1,375.000,-1,400.000,-1,325.000,325.000,300.000,300.000,-1,-1,-1,-1,700.000,725.000,-1,-1,2,0,2,0,2,0,0,0,0,2,2,2,2,0,0,2,2
72,-3372.078,9741.989,150.493,15.825,0.961962,-0.272625,0.017450,0.272948,0.961820,-0.020025,-0.011325,0.024026,0.999647,0,0.83898,0.03260,50.339,0.065,-1,375.000,-1,375.000,-1,325.000,325.000,300.000,300.000,-1,-1,-1,-1,700.000,725.000,-1,-1,2,0,2,0,2,0,0,0,0,2,2,2,2,0,0,2,2
73,-3323.663,9755.772,150.115,15.890,0.961640,-0.273712,0.018173,0.274064,0.961482,-0.020988,-0.011728,0.025164,0.999615,0,0.83898,0.03260,50.339,0.065,-1,375.000,-1,375.000,-1,300.000,300.000,300.000,300.000,-1,-1,-1,-1,675.000,725.000,-1,-1,2,0,2,0,2,0,0,0,0,2,2,2,2,0,0,2,2
74,-3275.264,9769.610,149.886,15.956,0.961329,-0.274802,0.018159,0.275160,0.961155,-0.021619,-0.011512,0.025780,0.999601,0,0.83898,0.03260,50.339,0.065,-1,375.000,-1,375.000,-1,300.000,300.000,300.000,300.000,-1,-1,-1,-1,675.000,700.000,-1,-1,2,0,2,0,2,0,0,0,0,2,2,2,2,0,0,2,2
75,-3226.880,9783.503,149.663,16.021,0.961018,-0.275891,0.018127,0.276256,0.960826,-0.022274,-0.011272,0.026413,0.999588,0,0.83898,0.03260,50.339,0.065,-1,375.000,-1,375.000,-1,300.000,300.000,300.000,300.000,-1,-1,-1,-1,675.000,700.000,-1,-1,2,0,2,0,2,0,0,0,0,2,2,2,2,0,0,2,2
76,-3178.512,9797.451,149.271,16.086,0.960722,-0.276984,0.017106,0.277325,0.960513,-0.022501,-0.010198,0.026361,0.999600,0,0.83898,0.03260,50.339,0.065,-1,375.000,-1,375.000,-1,300.000,300.000,300.000,300.000,-1,-1,-1,-1,675.000,675.000,-1,-1,2,0,2,0,2,0,0,0,0,2,2,2,2,0,0,2,2
77,-3130.160,9811.454,149.012,16.151,0.960430,-0.278073,0.015783,0.278387,0.960184,-0.023385,-0.008652,0.026853,0.999602,0,0.83898,0.03260,50.339,0.065,-1,375.000,-1,375.000,-1,300.000,300.000,300.000,300.000,-1,-1,-1,-1,675.000,675.000,-1,-1,2,0,2,0,2,0,0,0,0,2,2,2,2,0,0,2,2
78,-3081.824,9825.513,148.781,16.216,0.960136,-0.279161,0.014412,0.279445,0.959852,-0.024400,-0.007022,0.027455,0.999598,0,0.83898,0.03260,50.339,0.065,-1,375.000,-1,375.000,-1,300.000,300.000,300.000,300.000,-1,-1,-1,-1,675.000,675.000,-1,-1,2,0,2,0,2,0,0,0,0,2,2,2,2,0,0,2,2
79,-3033.465,9839.638,148.586,16.283,0.959835,-0.280264,0.013022,0.280515,0.959511,-0.025473,-0.005356,0.028103,0.999591,0,0.83967,0.03307,50.380,0.066,-1,375.000,-1,375.000,-1,325.000,325.000,300.000,300.000,-1,-1,-1,-1,675.000,675.000,-1,-1,2,0,2,0,2,0,0,0,0,2,2,2,2,0,0,2,2
80,-2984.857,9853.903,148.440,16.355,0.959497,-0.281476,0.011681,0.281694,0.959140,-0.026430,-0.003765,0.028650,0.999582,0,0.84430,0.03633,50.658,0.073,-1,375.000,-1,375.000,-1,325.000,325.000,300.000,300.000,-1,-1,-1,-1,675.000,675.000,-1,-1,2,0,2,0,2,0,0,0,0,2,2,2,2,0,0,2,2
81,-2936.008,9868.313,148.311,16.435,0.959123,-0.282801,0.010331,0.282982,0.958733,-0.027411,-0.002153,0.029214,0.999571,0,0.84884,0.03972,50.931,0.079,-1,375.000,-1,375.000,-1,325.000,325.000,300.000,300.000,-1,-1,-1,-1,675.000,650.000,-1,-1,2,0,2,0,2,0,0,0,0,2,2,2,2,0,0,2,2
82,-2886.924,9882.872,148.199,16.521,0.958710,-0.284243,0.008973,0.284385,0.958289,-0.028417,-0.000522,0.029795,0.999556,0,0.85330,0.04324,51.198,0.086,-1,375.000,-1,375.000,-1,325.000,325.000,300.000,300.000,-1,-1,-1,-1,675.000,650.000,-1,-1,2,0,2,0,2,0,0,0,0,2,2,2,2,0,0,2,2
83,-2837.613,9897.587,148.106,16.615,0.958257,-0.285807,0.007607,0.285906,0.957805,-0.029449,0.001130,0.030394,0.999537,0,0.85765,0.04690,51.459,0.094,1000.000,375.000,-1,375.000,-1,325.000,325.000,300.000,300.000,-1,-1,-1,-1,650.000,650.000,-1,-1,1,0,2,0,2,0,0,0,0,2,2,2,2,0,0,2,2
84,-2787.879,9912.744,148.038,16.949,0.956588,-0.291376,0.006231,0.291428,0.956105,-0.030546,0.002943,0.031036,0.999514,0,0.86655,0.16690,51.993,0.334,950.000,375.000,-1,375.000,-1,325.000,300.000,300.000,300.000,-1,-1,-1,-1,650.000,650.000,-1,-1,1,0,2,0,2,0,0,0,0,2,2,2,2,0,0,2,2
85,-2738.056,9928.475,148.005,17.523,0.953634,-0.300930,0.004860,0.300929,0.953119,-0.031724,0.004914,0.031715,0.999485,0,0.87078,0.28690,52.247,0.574,925.000,375.000,-1,375.000,-1,300.000,300.000,300.000,300.000,-1,-1,575.000,-1,650.000,650.000,-1,-1,1,0,2,0,2,0,0,0,0,2,2,0,2,0,0,2,2
86,-2688.212,9944.968,148.170,18.309,0.949421,-0.313983,0.003758,0.313937,0.948894,-0.032305,0.006578,0.031850,0.999471,0,0.87504,0.39324,52.502,0.786,900.000,375.000,-1,375.000,-1,300.000,300.000,300.000,300.000,-1,600.000,550.000,-1,650.000,625.000,-1,-1,1,0,2,0,2,0,0,0,0,2,0,0,2,0,0,2,2
87,-2638.356,9962.235,148.920,19.103,0.944982,-0.327121,0.000875,0.326985,0.944507,-0.031418,0.009451,0.029976,0.999506,0,0.87935,0.39698,52.761,0.794,850.000,375.000,-1,375.000,-1,300.000,300.000,300.000,300.000,-1,550.000,525.000,-1,650.000,650.000,-1,-1,1,0,2,0,2,0,0,0,0,2,0,0,2,0,0,2,2
88,-2588.505,9980.285,149.782,19.905,0.940306,-0.340323,-0.002330,0.340099,0.939896,-0.030478,0.012563,0.027866,0.999533,0,0.88364,0.40079,53.019,0.802,825.000,375.000,-1,375.000,-1,300.000,300.000,300.000,325.000,-1,500.000,500.000,-1,650.000,650.000,975.000,-1,1,0,2,0,2,0,0,0,0,2,0,0,2,0,0,1,2
89,-2538.674,9999.128,150.747,20.714,0.935389,-0.353582,-0.005268,0.353282,0.935040,-0.029852,0.015481,0.026062,0.999540,0,0.88791,0.40466,53.274,0.809,775.000,375.000,-1,375.000,-1,300.000,300.000,300.000,325.000,-1,475.000,500.000,-1,650.000,650.000,925.000,-1,1,0,2,0,2,0,0,0,0,2,0,0,2,0,0,1,2
90,-2488.881,10018.773,151.936,21.531,0.930230,-0.366892,-0.007861,0.366518,0.929926,-0.030023,0.018326,0.025047,0.999518,0,0.89213,0.40862,53.528,0.817,750.000,375.000,-1,375.000,-1,300.000,300.000,300.000,325.000,-1,475.000,475.000,-1,650.000,650.000,900.000,-1,1,0,2,0,2,0,0,0,0,2,0,0,2,0,0,1,2
91,-2439.145,10039.228,153.419,22.356,0.924821,-0.380248,-0.010816,0.379764,0.924543,-0.031599,0.022016,0.025116,0.999442,0,0.89631,0.41267,53.778,0.825,725.000,375.000,-1,375.000,-1,300.000,300.000,300.000,325.000,-1,450.000,475.000,-1,675.000,675.000,850.000,-1,1,0,2,0,2,0,0,0,0,2,0,0,2,0,0,1,2
92,-2389.485,10060.503,154.969,23.190,0.919158,-0.393657,-0.013519,0.393059,0.918908,-0.033346,0.025550,0.025337,0.999352,0,0.90043,0.41681,54.026,0.834,700.000,375.000,-1,375.000,-1,300.000,300.000,300.000,300.000,-1,425.000,450.000,-1,675.000,675.000,800.000,-1,1,0,2,0,2,0,0,0,0,2,0,0,2,0,0,1,2
93,-2339.920,10082.604,156.553,24.032,0.913233,-0.407118,-0.016120,0.406401,0.913018,-0.035171,0.029037,0.025568,0.999251,0,0.90448,0.42107,54.269,0.842,650.000,375.000,-1,375.000,-1,300.000,300.000,300.000,300.000,-1,425.000,450.000,-1,700.000,700.000,775.000,-1,1,0,2,0,2,0,0,0,0,2,0,0,2,0,0,1,2
94,-2290.474,10105.539,158.171,24.883,0.907042,-0.420629,-0.018612,0.419786,0.906866,-0.037070,0.032471,0.025811,0.999139,0,0.90844,0.42544,54.507,0.851,625.000,375.000,-1,375.000,-1,300.000,300.000,300.000,300.000,-1,425.000,450.000,-1,700.000,700.000,725.000,-1,1,0,2,0,2,0,0,0,0,2,0,0,2,0,0,1,2
95,-2241.168,10129.315,159.824,25.743,0.900578,-0.434188,-0.020988,0.433215,0.900445,-0.039040,0.035849,0.026066,0.999017,0,0.91231,0.42996,54.739,0.860,600.000,375.000,-1,375.000,-1,325.000,300.000,300.000,300.000,-1,400.000,400.000,-1,700.000,700.000,675.000,-1,1,0,2,0,2,0,0,0,0,2,0,0,2,1,0,1,2
96,-2192.027,10153.936,161.511,26.612,0.893834,-0.447796,-0.023243,0.446685,0.893748,-0.041075,0.039167,0.026332,0.998886,0,0.91607,0.43462,54.964,0.869,550.000,375.000,-1,375.000,-1,325.000,325.000,300.000,300.000,-1,375.000,375.000,-1,675.000,725.000,650.000,-1,1,0,2,0,2,0,0,0,0,2,0,0,2,1,0,1,2
97,-2143.076,10179.409,163.233,27.491,0.886804,-0.461449,-0.025370,0.460195,0.886768,-0.043173,0.042419,0.026611,0.998745,0,0.91969,0.43945,55.181,0.879,525.000,375.000,-1,375.000,-1,325.000,325.000,300.000,300.000,-1,350.000,350.000,-1,650.000,725.000,600.000,-1,1,0,2,0,2,0,0,0,0,2,0,0,2,1,0,1,2
98,-2094.344,10205.737,165.377,28.380,0.879481,-0.475165,-0.027042,0.473851,0.879528,-0.043545,0.044475,0.025483,0.998685,0,0.92316,0.44447,55.389,0.889,475.000,400.000,-1,375.000,-1,325.000,325.000,300.000,300.000,-1,350.000,375.000,-1,625.000,725.000,550.000,1000.000,1,0,2,0,2,0,0,0,0,2,0,0,2,1,0,1,1
99,-2045.858,10232.922,167.779,29.280,0.871850,-0.488935,-0.028654,0.487606,0.872002,-0.043033,0.046027,0.023546,0.998663,0,0.92645,0.44969,55.587,0.899,425.000,400.000,-1,375.000,-1,325.000,325.000,300.000,300.000,-1,375.000,400.000,-1,575.000,725.000,500.000,950.000,1,0,2,0,2,0,0,0,0,2,0,0,2,1,0,1,1
100,-1997.650,10260.967,170.287,30.190,0.863891,-0.502751,-0.030563,0.501410,0.864167,-0.042462,0.047759,0.021357,0.998631,0,0.92953,0.45513,55.772,0.910,400.000,400.000,1000.000,400.000,-1,325.000,325.000,300.000,300.000,-1,400.000,425.000,-1,550.000,725.000,450.000,875.000,1,0,1,0,2,0,0,0,0,2,0,0,2,1,1,1,1
101,-1949.754,10289.872,172.819,31.111,0.855608,-0.516608,-0.032409,0.515259,0.856006,-0.041981,0.049430,0.019220,0.998593,0,0.93238,0.46082,55.943,0.922,350.000,400.000,950.000,400.000,-1,325.000,325.000,300.000,300.000,-1,425.000,450.000,-1,525.000,700.000,400.000,800.000,1,0,1,0,2,0,0,0,0,2,0,0,2,1,1,1,1
102,-1902.204,10319.636,175.376,32.045,0.846991,-0.530507,-0.034184,0.529152,0.847507,-0.041589,0.051034,0.017137,0.998550,0,0.93496,0.46679,56.097,0.934,300.000,375.000,900.000,400.000,975.000,325.000,325.000,300.000,300.000,-1,450.000,475.000,-1,500.000,675.000,350.000,750.000,1,1,1,0,1,0,0,0,0,2,0,0,2,1,1,1,1
103,-1855.037,10350.256,178.148,32.991,0.838072,-0.544440,-0.034932,0.543081,0.838649,-0.041602,0.051946,0.015895,0.998523,0,0.93723,0.47305,56.234,0.946,275.000,350.000,850.000,400.000,800.000,325.000,325.000,300.000,300.000,-1,500.000,525.000,-1,450.000,625.000,300.000,700.000,1,1,1,0,1,0,0,1,0,2,0,0,2,1,1,1,1
104,-1808.295,10381.725,181.089,33.950,0.828833,-0.558409,-0.034859,0.557045,0.829424,-0.041899,0.052310,0.015309,0.998514,0,0.93915,0.47964,56.349,0.959,225.000,325.000,775.000,400.000,700.000,325.000,325.000,300.000,300.000,-1,550.000,575.000,-1,425.000,600.000,250.000,625.000,1,1,1,0,1,0,0,1,0,2,0,0,2,1,1,1,1
105,-1762.018,10414.036,184.033,34.924,0.819223,-0.572421,-0.034758,0.571053,0.819828,-0.042199,0.052651,0.014722,0.998504,0,0.94067,0.48658,56.440,0.973,175.000,300.000,725.000,400.000,600.000,325.000,325.000,275.000,300.000,-1,600.000,650.000,-1,400.000,550.000,225.000,575.000,1,1,1,0,1,1,0,1,0,2,0,0,2,1,1,1,1
106,-1716.256,10447.184,190.634,35.911,0.809328,-0.586283,-0.035498,0.583762,0.809581,-0.061644,0.064880,0.029168,0.997467,0,0.94175,0.49390,56.505,0.988,175.000,300.000,700.000,425.000,550.000,325.000,350.000,300.000,300.000,-1,525.000,525.000,-1,375.000,525.000,200.000,550.000,1,1,1,0,1,1,0,1,0,2,0,0,2,1,1,1,1
107,-1670.160,10481.506,197.525,36.659,0.801853,-0.596452,-0.035734,0.592439,0.801393,-0.082372,0.077768,0.044880,0.995961,0,0.95780,0.37390,57.468,0.748,175.000,300.000,675.000,450.000,500.000,300.000,375.000,300.000,275.000,-1,475.000,350.000,-1,375.000,500.000,200.000,500.000,1,1,1,1,1,1,0,1,0,2,0,0,2,1,1,1,1
108,-1624.403,10516.216,204.420,37.167,0.796931,-0.603018,-0.035649,0.597245,0.795399,-0.103147,0.090555,0.060910,0.994027,0,0.95718,0.25390,57.431,0.508,175.000,300.000,625.000,425.000,450.000,300.000,375.000,300.000,275.000,-1,400.000,225.000,850.000,375.000,475.000,200.000,450.000,1,1,1,1,1,1,1,1,0,2,0,0,0,1,1,1,1
109,-1578.905,10551.071,211.291,37.435,0.794638,-0.606045,-0.035501,0.598254,0.791678,-0.123849,0.103163,0.077176,0.991666,0,0.95518,0.13390,57.311,0.268,175.000,275.000,600.000,400.000,400.000,300.000,350.000,300.000,275.000,-1,325.000,150.000,675.000,375.000,450.000,200.000,400.000,1,1,1,1,1,1,1,1,0,2,0,0,0,1,1,1,1
110,-1533.597,10585.821,218.208,37.463,0.794979,-0.605594,-0.035544,0.595592,0.790294,-0.143891,0.115230,0.093221,0.988955,0,0.95160,0.01390,57.096,0.028,175.000,275.000,575.000,350.000,350.000,275.000,350.000,300.000,250.000,-1,275.000,100.000,525.000,375.000,400.000,200.000,350.000,1,1,1,1,1,1,1,1,0,2,0,0,0,1,1,1,1
111,-1488.418,10620.211,225.051,37.250,0.797926,-0.601677,-0.036036,0.589248,0.791235,-0.163506,0.126891,0.109232,0.985884,0,0.94625,-0.10610,56.775,-0.212,175.000,275.000,525.000,325.000,300.000,275.000,325.000,275.000,250.000,-1,250.000,75.000,425.000,375.000,375.000,200.000,325.000,1,1,1,1,1,1,1,1,0,2,0,0,0,1,1,1,1
112,-1443.321,10653.986,231.762,36.798,0.803391,-0.594288,-0.037220,0.579216,0.794454,-0.182625,0.138101,0.125161,0.982478,0,0.93896,-0.22610,56.337,-0.452,150.000,275.000,500.000,300.000,250.000,275.000,275.000,250.000,250.000,-1,225.000,50.000,375.000,375.000,325.000,175.000,275.000,1,1,1,1,1,1,1,1,0,2,0,0,0,1,1,1,1
113,-1398.274,10686.886,238.296,36.106,0.811229,-0.583405,-0.039322,0.565493,0.799873,-0.201050,0.148747,0.140861,0.978791,0,0.92961,-0.34610,55.776,-0.692,150.000,275.000,450.000,250.000,200.000,275.000,250.000,225.000,225.000,-1,225.000,50.000,300.000,375.000,300.000,175.000,225.000,1,1,1,1,1,1,1,1,0,2,0,0,0,1,1,1,1
114,8199.155,2295.766,-133.614,62.131,0.466650,-0.884017,-0.027399,0.882763,0.467449,-0.047124,0.054466,-0.002197,0.998513,1,0.00000,0.00000,55.091,-0.932,-1,300.000,375.000,200.000,225.000,225.000,175.000,275.000,450.000,800.000,125.000,250.000,-1,450.000,250.000,-1,200.000,2,1,1,1,1,1,1,0,0,0,0,0,2,1,1,2,1
115,8201.416,2300.000,-133.224,61.891,0.470253,-0.882048,-0.029196,0.880787,0.471146,-0.047280,0.055459,-0.003481,0.998455,0,0.08000,-0.12000,4.800,-0.240,-1,300.000,375.000,200.000,225.000,225.000,175.000,275.000,450.000,775.000,125.000,250.000,-1,450.000,250.000,-1,200.000,2,1,1,1,1,1,1,0,0,0,0,0,2,1,1,2,1
116,8206.010,2308.429,-132.437,61.411,0.477423,-0.878060,-0.032839,0.876792,0.478513,-0.047556,0.057470,-0.006089,0.998329,0,0.16000,-0.24000,9.600,-0.480,-1,275.000,375.000,200.000,225.000,200.000,175.000,275.000,475.000,725.000,125.000,250.000,-1,425.000,225.000,-1,200.000,2,1,1,1,1,1,1,0,0,0,0,0,2,1,1,2,1
117,-983.900,-6231.358,-28.871,-141.140,-0.777162,0.627275,0.050446,-0.627508,-0.778501,0.013061,0.047465,-0.021505,0.998641,1,0.00000,0.00000,14.400,-0.720,-1,400.000,-1,400.000,450.000,325.000,325.000,300.000,300.000,-1,650.000,725.000,-1,825.000,525.000,-1,500.000,2,0,2,0,1,0,0,0,0,2,0,0,2,0,1,2,1
118,-987.637,-6234.371,-28.650,-141.118,-0.776916,0.627579,0.050462,-0.627810,-0.778256,0.013102,0.047495,-0.021501,0.998640,0,0.08000,0.01118,4.800,0.022,-1,400.000,-1,400.000,450.000,325.000,325.000,300.000,300.000,-1,650.000,725.000,-1,825.000,525.000,-1,500.000,2,0,2,1,1,0,0,0,0,2,0,0,2,0,1,2,1
119,-995.108,-6240.400,-28.209,-141.097,-0.776683,0.627865,0.050492,-0.628094,-0.778026,0.013181,0.047560,-0.021476,0.998637,0,0.16000,0.01052,9.600,0.021,-1,400.000,-1,400.000,450.000,325.000,325.000,300.000,300.000,-1,675.000,725.000,-1,825.000,525.000,-1,500.000,2,0,2,1,1,0,0,0,0,2,0,0,2,0,1,2,1
120,-1006.311,-6249.447,-27.550,-141.078,-0.776476,0.628117,0.050533,-0.628342,-0.777824,0.013295,0.047657,-0.021429,0.998634,0,0.24000,0.00926,14.400,0.019,-1,400.000,-1,400.000,425.000,325.000,325.000,300.000,300.000,-1,675.000,750.000,-1,825.000,500.000,-1,475.000,2,0,2,1,1,0,0,0,0,2,0,0,2,0,1,2,1
121,-1021.245,-6261.513,-26.676,-141.063,-0.776311,0.628318,0.050583,-0.628537,-0.777664,0.013437,0.047779,-0.021362,0.998629,0,0.32000,0.00736,19.200,0.015,-1,400.000,-1,375.000,425.000,325.000,325.000,300.000,300.000,-1,700.000,775.000,-1,825.000,500.000,-1,450.000,2,0,2,1,1,0,0,0,0,2,0,0,2,1,1,2,1
122,-1039.911,-6276.600,-25.590,-141.054,-0.776201,0.628449,0.050636,-0.628662,-0.777560,0.013599,0.047919,-0.021277,0.998625,0,0.40000,0.00480,24.000,0.010,-1,400.000,-1,375.000,400.000,325.000,325.000,300.000,300.000,-1,700.000,775.000,-1,825.000,500.000,-1,450.000,2,0,2,1,1,0,0,0,0,2,0,0,2,1,1,2,1
123,-1062.309,-6294.704,-24.298,-141.051,-0.776162,0.628492,0.050689,-0.628698,-0.777527,0.013774,0.048069,-0.021178,0.998619,0,0.48000,0.00154,28.800,0.003,-1,400.000,-1,350.000,375.000,325.000,325.000,300.000,300.000,-1,725.000,800.000,-1,800.000,475.000,-1,425.000,2,0,2,1,1,0,0,0,0,2,0,0,2,1,1,2,1
124,-1088.442,-6315.824,-22.756,-141.056,-0.776214,0.628425,0.050736,-0.628634,-0.777580,0.013718,0.048073,-0.021246,0.998618,0,0.56000,-0.00246,33.600,-0.005,-1,400.000,1000.000,350.000,350.000,325.000,325.000,300.000,300.000,-1,750.000,850.000,-1,775.000,450.000,-1,400.000,2,0,1,1,1,0,0,0,0,2,0,0,2,1,1,2,1
125,-1118.313,-6339.953,-20.922,-141.070,-0.776376,0.628221,0.050773,-0.628457,-0.777733,0.013185,0.047771,-0.021672,0.998623,0,0.64000,-0.00728,38.400,-0.015,-1,400.000,950.000,325.000,325.000,325.000,325.000,300.000,300.000,-1,800.000,875.000,-1,750.000,425.000,-1,350.000,2,0,1,1,1,0,1,0,0,2,0,0,2,1,1,2,1
126,-1151.932,-6367.084,-18.890,-141.096,-0.776666,0.627862,0.050787,-0.628127,-0.778009,0.012562,0.047400,-0.022144,0.998630,0,0.72000,-0.01298,43.200,-0.026,-1,400.000,900.000,325.000,300.000,325.000,300.000,300.000,300.000,-1,850.000,925.000,-1,700.000,400.000,-1,325.000,2,0,1,1,1,0,1,0,0,2,0,0,2,1,1,2,1
127,-1189.306,-6397.203,-16.669,-141.135,-0.777104,0.627321,0.050771,-0.627619,-0.778431,0.011840,0.046949,-0.022664,0.998640,0,0.80000,-0.01966,48.000,-0.039,-1,400.000,850.000,300.000,250.000,325.000,300.000,300.000,300.000,-1,925.000,1000.000,-1,675.000,375.000,-1,275.000,2,0,1,1,1,0,1,0,0,2,0,0,2,1,1,2,1
128,-1230.449,-6430.295,-14.271,-141.190,-0.777716,0.626567,0.050714,-0.626901,-0.779021,0.011008,0.046404,-0.023232,0.998653,0,0.88000,-0.02743,52.800,-0.055,-1,400.000,800.000,275.000,225.000,325.000,275.000,300.000,300.000,-1,1000.000,-1,-1,625.000,350.000,-1,225.000,2,0,1,1,1,1,1,0,0,2,0,2,2,1,1,2,1
129,-1272.379,-6463.935,-8.223,-141.263,-0.777449,0.625307,0.067565,-0.626394,-0.779481,0.006294,0.056602,-0.037429,0.997695,0,0.89593,-0.03642,53.756,-0.073,-1,400.000,800.000,275.000,200.000,300.000,275.000,300.000,325.000,-1,700.000,850.000,-1,625.000,350.000,-1,225.000,2,1,1,1,1,1,1,0,1,2,0,0,2,1,1,2,1
130,-1314.294,-6497.456,-2.113,-141.355,-0.777062,0.623621,0.085275,-0.625847,-0.779945,0.000800,0.067009,-0.052748,0.996357,0,0.89448,-0.04605,53.669,-0.092,-1,400.000,850.000,275.000,200.000,300.000,250.000,275.000,325.000,-1,425.000,575.000,-1,600.000,350.000,-1,225.000,2,1,1,1,1,1,1,0,1,2,0,0,2,1,1,2,1
131,-1356.169,-6530.812,3.874,-141.467,-0.776640,0.621515,0.102712,-0.625209,-0.780442,-0.004923,0.077101,-0.068040,0.994699,0,0.89224,-0.05613,53.534,-0.112,-1,375.000,875.000,275.000,200.000,300.000,250.000,275.000,325.000,900.000,275.000,450.000,-1,600.000,350.000,-1,225.000,2,1,1,1,1,1,1,0,1,0,0,0,2,1,1,2,1
132,-1397.975,-6563.958,9.772,-141.601,-0.776202,0.618985,0.119862,-0.624455,-0.780988,-0.010706,0.086984,-0.083158,0.992733,0,0.88916,-0.06667,53.350,-0.133,-1,375.000,-1,275.000,200.000,300.000,250.000,275.000,325.000,725.000,200.000,400.000,-1,575.000,375.000,-1,225.000,2,1,2,1,1,1,1,0,1,0,0,0,2,1,1,2,1
133,-1442.855,-6599.640,16.110,-141.526,-0.773173,0.619105,0.137522,-0.626747,-0.779047,-0.016524,0.096906,-0.098968,0.990361,0,0.95556,0.03739,57.334,0.075,-1,375.000,-1,250.000,200.000,275.000,250.000,250.000,300.000,575.000,150.000,350.000,-1,575.000,375.000,-1,225.000,2,1,2,1,1,1,1,0,1,0,0,0,2,1,1,2,1
