timestep,x_cm,y_cm,z_cm,yaw_deg,basis_xx,basis_xy,basis_xz,basis_yx,basis_yy,basis_yz,basis_zx,basis_zy,basis_zz,teleport_flag,throttle_cmd,steering_cmd,cmd_move_cm,cmd_turn_deg,lidar_cm_0,lidar_cm_1,lidar_cm_2,lidar_cm_3,lidar_cm_4,lidar_cm_5,lidar_cm_6,lidar_cm_7,lidar_cm_8,lidar_cm_9,lidar_cm_10,lidar_cm_11,lidar_cm_12,lidar_cm_13,lidar_cm_14,lidar_cm_15,lidar_cm_16,lidar_class_0,lidar_class_1,lidar_class_2,lidar_class_3,lidar_class_4,lidar_class_5,lidar_class_6,lidar_class_7,lidar_class_8,lidar_class_9,lidar_class_10,lidar_class_11,lidar_class_12,lidar_class_13,lidar_class_14,lidar_class_15,lidar_class_16
0,8850.456,-3608.921,-135.213,-164.413,-0.961214,0.268692,0.062222,-0.267334,-0.963157,0.029358,0.067817,0.011586,0.997630,1,0.08000,-0.12000,4.800,-0.240,-1,375.000,-1,400.000,-1,300.000,325.000,300.000,325.000,700.000,-1,-1,-1,750.000,925.000,-1,-1,2,0,2,0,2,0,0,0,0,1,2,2,2,0,0,2,2
1,8841.188,-3611.423,-134.554,-164.893,-0.963448,0.260610,0.062045,-0.259218,-0.965363,0.029673,0.067629,0.012505,0.997632,0,0.16000,-0.24000,9.600,-0.480,-1,375.000,-1,400.000,-1,300.000,325.000,300.000,325.000,700.000,-1,-1,-1,750.000,950.000,-1,-1,2,0,2,0,2,0,0,0,0,1,2,2,2,0,0,2,2
2,8827.240,-3615.002,-133.568,-165.613,-0.966671,0.248455,0.061784,-0.247009,-0.968544,0.030146,0.067330,0.013880,0.997634,0,0.24000,-0.36000,14.400,-0.720,-1,375.000,-1,400.000,-1,300.000,325.000,300.000,325.000,725.000,-1,-1,-1,775.000,950.000,-1,-1,2,0,2,0,2,0,0,0,0,1,2,2,2,0,0,2,2
3,8808.565,-3619.461,-132.259,-166.573,-0.970729,0.232186,0.061444,-0.230672,-0.972545,0.030778,0.066903,0.015704,0.997636,0,0.32000,-0.48000,19.200,-0.960,-1,375.000,-1,400.000,-1,300.000,325.000,300.000,325.000,725.000,-1,-1,-1,775.000,975.000,-1,-1,2,0,2,0,2,0,0,0,0,1,2,2,2,0,0,2,2
4,8785.110,-3624.545,-130.633,-167.773,-0.975414,0.211760,0.061029,-0.210163,-0.977157,0.031572,0.066321,0.017969,0.997637,0,0.40000,-0.60000,24.000,-1.200,-1,375.000,-1,400.000,-1,300.000,325.000,300.000,325.000,750.000,-1,-1,-1,775.000,975.000,-1,-1,2,0,2,0,2,0,0,0,0,1,2,2,2,0,0,2,2
5,8756.839,-3630.039,-128.688,-169.004,-0.979778,0.190703,0.060567,-0.189018,-0.981436,0.032475,0.065635,0.020370,0.997636,0,0.48000,-0.61569,28.800,-1.231,-1,375.000,-1,425.000,-1,325.000,325.000,300.000,325.000,800.000,-1,-1,-1,800.000,1000.000,-1,-1,2,0,2,0,2,0,0,0,0,1,2,2,2,0,0,2,2
6,8723.725,-3635.737,-126.428,-170.238,-0.983697,0.169507,0.060056,-0.167733,-0.985264,0.033477,0.064846,0.022857,0.997633,0,0.56000,-0.61719,33.600,-1.234,-1,400.000,-1,425.000,-1,325.000,325.000,300.000,325.000,825.000,-1,-1,-1,800.000,-1,-1,-1,2,0,2,0,2,0,0,0,0,1,2,2,2,0,2,2,2
7,8685.749,-3641.429,-123.859,-171.477,-0.987171,0.148166,0.059494,-0.146302,-0.988636,0.034575,0.063941,0.025428,0.997630,0,0.64000,-0.61915,38.400,-1.238,-1,400.000,-1,425.000,-1,325.000,325.000,300.000,325.000,850.000,-1,-1,-1,825.000,-1,-1,-1,2,0,2,0,2,0,0,0,0,1,2,2,2,0,2,2,2
8,8642.898,-3646.905,-120.987,-172.720,-0.990196,0.126671,0.058872,-0.124717,-0.991547,0.035772,0.062906,0.028079,0.997624,0,0.72000,-0.62164,43.200,-1.243,-1,400.000,-1,425.000,-1,325.000,325.000,300.000,325.000,900.000,-1,-1,-1,825.000,-1,-1,-1,2,0,2,0,2,0,0,0,0,1,2,2,2,0,2,2,2
9,8597.135,-3651.741,-117.955,-173.969,-0.992766,0.105012,0.058205,-0.102971,-0.993995,0.037032,0.061745,0.030770,0.997618,0,0.76696,-0.62473,46.018,-1.249,-1,400.000,-1,450.000,-1,325.000,325.000,300.000,325.000,925.000,-1,-1,-1,850.000,-1,975.000,-1,2,0,2,0,2,0,0,0,0,1,2,2,2,1,2,1,2
10,8551.408,-3655.561,-115.000,-175.226,-0.994868,0.083179,0.057603,-0.081046,-0.995969,0.038428,0.060567,0.033562,0.997600,0,0.76478,-0.62834,45.887,-1.257,1000.000,400.000,-1,450.000,-1,325.000,350.000,300.000,325.000,950.000,-1,-1,-1,800.000,-1,925.000,-1,1,0,2,0,2,0,0,0,0,1,2,2,2,1,2,1,2
11,8505.706,-3658.366,-112.649,-176.490,-0.996529,0.061170,0.056458,-0.058861,-0.997395,0.041704,0.058862,0.038236,0.997534,0,0.76313,-0.63224,45.788,-1.264,925.000,425.000,-1,450.000,-1,350.000,350.000,300.000,325.000,975.000,-1,-1,-1,750.000,-1,875.000,-1,1,0,2,0,2,0,0,0,0,1,2,2,2,1,2,1,2
12,8455.155,-3660.297,-110.781,-177.814,-0.997854,0.038114,0.053249,-0.035833,-0.998426,0.043147,0.054810,0.041146,0.997649,0,0.84313,-0.66171,50.588,-1.323,850.000,425.000,-1,450.000,-1,325.000,350.000,300.000,325.000,1000.000,-1,-1,-1,700.000,-1,800.000,-1,1,0,2,0,2,0,0,0,0,1,2,2,2,1,2,1,2
13,8403.647,-3661.088,-108.912,-179.122,-0.998636,0.015311,0.049917,-0.013077,-0.998911,0.044780,0.050548,0.044067,0.997749,0,0.85858,-0.65400,51.515,-1.308,800.000,400.000,-1,450.000,-1,325.000,350.000,300.000,325.000,-1,-1,-1,-1,650.000,-1,750.000,-1,1,0,2,0,2,0,0,0,0,2,2,2,2,1,2,1,2
14,8352.199,-3660.718,-107.090,-180.414,-0.998891,-0.007212,0.046534,0.009382,-0.998871,0.046579,0.046146,0.046964,0.997830,0,0.85749,-0.64591,51.449,-1.292,725.000,400.000,-1,450.000,-1,325.000,325.000,300.000,300.000,-1,-1,-1,-1,625.000,-1,675.000,-1,1,0,2,0,2,0,0,0,0,2,2,2,2,1,2,1,2
15,8305.565,-3659.526,-105.471,-181.465,-0.998729,-0.025544,0.043443,0.027640,-0.998448,0.048352,0.042141,0.049491,0.997885,0,0.77749,-0.52591,46.649,-1.052,650.000,400.000,-1,425.000,-1,325.000,325.000,300.000,300.000,-1,-1,-1,-1,575.000,-1,625.000,-1,1,0,2,0,2,0,0,0,0,2,2,2,2,1,2,1,2
16,8259.962,-3657.714,-103.912,-182.277,-0.998395,-0.039683,0.040416,0.041694,-0.997869,0.050192,0.038338,0.051797,0.997921,0,0.76064,-0.40591,45.639,-0.812,600.000,400.000,-1,425.000,-1,325.000,325.000,300.000,300.000,-1,-1,-1,-1,550.000,-1,575.000,-1,1,0,2,0,2,0,0,0,0,2,2,2,2,1,2,1,2
17,8214.512,-3655.453,-102.379,-182.849,-0.998067,-0.049634,0.037404,0.051549,-0.997311,0.052098,0.034718,0.053925,0.997941,0,0.75844,-0.28591,45.506,-0.572,550.000,400.000,-1,425.000,-1,325.000,325.000,300.000,300.000,-1,-1,-1,-1,525.000,1000.000,525.000,-1,1,1,2,0,2,0,0,0,0,2,2,2,2,1,0,1,2
18,8169.212,-3652.937,-100.865,-183.181,-0.997871,-0.055403,0.034417,0.057212,-0.996899,0.054031,0.031316,0.055885,0.997946,0,0.75617,-0.16591,45.370,-0.332,500.000,375.000,-1,425.000,-1,325.000,325.000,300.000,300.000,-1,-1,-1,-1,500.000,1000.000,475.000,-1,1,1,2,0,2,0,0,0,0,2,2,2,2,1,0,1,2
19,8124.052,-3650.355,-99.363,-183.273,-0.997879,-0.056995,0.031458,0.058692,-0.996707,0.055954,0.028165,0.057682,0.997938,0,0.75390,-0.04591,45.234,-0.092,450.000,350.000,-1,425.000,-1,325.000,325.000,300.000,300.000,-1,-1,-1,-1,475.000,975.000,425.000,-1,1,1,2,0,2,1,0,0,0,2,2,2,2,1,0,1,2
20,8075.714,-3647.718,-97.754,-183.125,-0.998117,-0.054411,0.028318,0.055981,-0.996747,0.057971,0.025072,0.059447,0.997917,0,0.80684,0.07409,48.410,0.148,400.000,325.000,-1,425.000,-1,300.000,325.000,300.000,300.000,-1,-1,-1,-1,450.000,950.000,375.000,-1,1,1,2,0,2,1,0,0,0,2,2,2,2,1,0,1,2
21,8027.126,-3645.367,-96.126,-182.771,-0.998517,-0.048256,0.025193,0.049693,-0.996965,0.059925,0.022225,0.061088,0.997885,0,0.81076,0.17674,48.646,0.353,350.000,300.000,-1,425.000,-1,300.000,325.000,300.000,325.000,-1,-1,-1,-1,400.000,925.000,350.000,-1,1,1,2,0,2,1,0,0,0,2,2,2,2,1,0,1,2
22,7978.286,-3643.313,-94.480,-182.409,-0.998876,-0.041945,0.022068,0.043238,-0.997148,0.061850,0.019411,0.062735,0.997841,0,0.81472,0.18120,48.883,0.362,300.000,300.000,-1,425.000,-1,275.000,325.000,300.000,325.000,-1,-1,-1,-1,375.000,900.000,300.000,-1,1,1,2,0,2,1,0,0,0,2,2,2,2,1,0,1,2
23,7929.207,-3641.569,-92.815,-182.037,-0.999191,-0.035469,0.018945,0.036610,-0.997295,0.063741,0.016633,0.064383,0.997787,0,0.81851,0.18592,49.111,0.372,250.000,275.000,-1,425.000,-1,275.000,325.000,300.000,325.000,-1,-1,-1,-1,350.000,900.000,250.000,-1,1,1,2,0,2,1,0,0,0,2,2,2,2,1,0,1,2
24,7879.901,-3640.145,-91.203,-181.655,-0.999456,-0.028819,0.016060,0.029810,-0.997422,0.065282,0.014137,0.065725,0.997738,0,0.82211,0.19092,49.327,0.382,200.000,250.000,-1,425.000,-1,250.000,325.000,325.000,325.000,-1,-1,-1,-1,325.000,875.000,200.000,-1,1,1,2,0,2,1,0,0,0,2,2,2,2,1,0,1,2
25,7830.383,-3639.074,-86.429,-181.263,-0.999330,-0.021957,0.029275,0.024328,-0.996229,0.083288,0.027336,0.083944,0.996095,0,0.82548,0.19622,49.529,0.392,200.000,250.000,-1,450.000,-1,275.000,350.000,350.000,300.000,-1,-1,-1,-1,325.000,975.000,200.000,-1,1,1,2,0,2,1,0,0,0,2,2,2,2,1,0,1,2
26,7780.672,-3638.358,-81.324,-180.859,-0.998932,-0.014908,0.043743,0.019380,-0.994424,0.103659,0.041954,0.104396,0.993651,0,0.82860,0.20186,49.716,0.404,175.000,275.000,-1,475.000,-1,275.000,400.000,400.000,300.000,-1,-1,-1,-1,350.000,-1,175.000,-1,1,1,2,0,2,1,0,1,0,2,2,2,2,1,2,1,2
27,7730.787,-3638.009,-76.115,-180.443,-0.998279,-0.007673,0.058138,0.014877,-0.992106,0.124519,0.056724,0.125170,0.990512,0,0.83141,0.20787,49.884,0.416,175.000,275.000,-1,525.000,-1,300.000,425.000,450.000,275.000,-1,-1,75.000,800.000,350.000,-1,175.000,-1,1,1,2,0,2,1,0,1,0,2,2,0,0,1,2,1,2
28,7680.753,-3638.042,-70.783,-180.015,-0.997370,-0.000251,0.072481,0.010856,-0.989232,0.145954,0.071664,0.146357,0.986633,0,0.83387,0.21429,50.032,0.429,150.000,275.000,-1,575.000,-1,325.000,475.000,500.000,275.000,-1,525.000,25.000,600.000,350.000,-1,150.000,-1,1,1,2,0,2,1,0,1,0,2,0,0,0,1,2,1,2
29,7630.597,-3638.470,-65.306,-179.572,-0.996200,0.007359,0.086787,0.007358,-0.985751,0.168049,0.086787,0.168049,0.981951,0,0.83594,0.22115,50.156,0.442,150.000,275.000,-1,600.000,-1,325.000,525.000,550.000,250.000,-1,225.000,0.000,425.000,375.000,-1,150.000,-1,1,1,2,0,2,1,0,1,0,2,0,0,0,1,2,1,2
30,7580.349,-3639.309,-59.664,-179.115,-0.994764,0.015159,0.101065,0.004436,-0.981601,0.190891,0.102099,0.190340,0.976395,0,0.83754,0.22850,50.253,0.457,125.000,300.000,-1,650.000,-1,350.000,575.000,600.000,250.000,-1,200.000,0.000,350.000,375.000,-1,150.000,-1,1,1,2,0,2,1,0,1,0,2,0,0,0,1,2,1,2
31,7530.045,-3640.575,-53.834,-178.642,-0.993060,0.023145,0.115312,0.002150,-0.976708,0.214563,0.117592,0.213321,0.969879,0,0.83862,0.23638,50.317,0.473,125.000,300.000,-1,700.000,-1,350.000,625.000,550.000,225.000,-1,200.000,0.000,275.000,400.000,-1,150.000,-1,1,1,2,0,2,1,0,1,0,2,0,0,0,1,2,1,2
32,7479.727,-3642.284,-47.793,-178.153,-0.991083,0.031315,0.129511,0.000570,-0.970985,0.239141,0.133242,0.237083,0.962309,0,0.83908,0.24485,50.345,0.490,125.000,300.000,-1,775.000,-1,400.000,700.000,500.000,225.000,-1,175.000,0.000,225.000,500.000,-1,125.000,-1,1,1,2,0,2,1,1,1,0,2,0,0,0,1,2,1,2
33,7429.440,-3644.451,-41.520,-177.645,-0.988836,0.039660,0.143632,-0.000230,-0.964332,0.264695,0.149006,0.261707,0.953576,0,0.83885,0.25394,50.331,0.508,125.000,325.000,-1,825.000,-1,450.000,750.000,450.000,225.000,-1,175.000,0.000,175.000,600.000,-1,125.000,-1,1,1,2,0,2,1,1,1,0,2,0,0,0,1,2,1,2
34,9510.753,7543.252,67.687,83.632,0.101173,-0.970738,0.217789,0.993890,0.108330,0.021147,-0.044122,0.214318,0.975767,1,0.00000,0.00000,50.270,0.527,-1,600.000,-1,350.000,225.000,450.000,350.000,150.000,175.000,500.000,-1,-1,575.000,-1,550.000,-1,325.000,2,1,2,0,0,1,0,1,0,1,2,2,0,2,0,2,0
35,327.884,-2295.727,-28.948,67.521,0.378191,-0.916627,0.129489,0.925124,0.379278,-0.017123,-0.033417,0.126269,0.991433,1,0.00000,0.00000,4.800,0.240,-1,425.000,-1,350.000,650.000,325.000,300.000,225.000,225.000,-1,-1,-1,-1,925.000,600.000,-1,-1,2,0,2,0,0,0,0,1,0,2,2,2,2,0,0,2,2
36,-3606.721,6887.626,-246.826,-67.303,0.323000,0.862615,-0.389315,-0.932284,0.360795,0.025943,0.162842,0.354572,0.920739,1,0.00000,0.00000,4.800,-0.240,125.000,300.000,-1,500.000,525.000,300.000,400.000,250.000,175.000,-1,275.000,100.000,100.000,425.000,625.000,150.000,625.000,1,1,2,1,1,1,1,1,0,2,0,0,0,1,1,1,1
37,3946.308,4094.524,-257.769,-41.786,0.741188,0.666323,-0.081571,-0.661119,0.745621,0.083495,0.116456,-0.007958,0.993164,1,0.00000,0.00000,4.800,-0.058,-1,475.000,-1,250.000,500.000,300.000,225.000,325.000,450.000,775.000,100.000,150.000,-1,-1,600.000,-1,425.000,2,1,2,1,1,1,1,0,1,0,0,0,2,2,1,2,1
38,4264.095,2295.363,-45.803,-126.704,-0.592668,0.757884,-0.272684,-0.805252,-0.564991,0.179874,-0.017741,0.326185,0.945139,1,0.00000,0.00000,4.800,0.205,225.000,325.000,-1,375.000,275.000,300.000,325.000,250.000,200.000,-1,-1,-1,225.000,-1,725.000,250.000,800.000,1,1,2,1,1,1,1,1,1,2,2,2,1,2,1,1,1
39,-4261.200,-7539.040,-151.176,60.548,0.491460,-0.870673,0.019895,0.870792,0.491631,0.004484,-0.013685,0.015121,0.999792,1,0.08000,-0.04065,4.800,-0.081,-1,425.000,750.000,425.000,-1,350.000,350.000,275.000,300.000,-1,-1,-1,-1,600.000,725.000,1000.000,950.000,2,1,1,0,2,0,0,0,0,2,2,2,2,1,1,1,1
40,-4256.435,-7530.706,-151.284,60.240,0.496116,-0.868011,0.020625,0.868127,0.496312,0.005435,-0.014954,0.015208,0.999773,0,0.16000,-0.15429,9.600,-0.309,-1,425.000,725.000,425.000,-1,350.000,350.000,275.000,275.000,-1,-1,-1,-1,600.000,725.000,950.000,950.000,2,1,1,0,2,0,0,0,0,2,2,2,2,1,1,1,1
41,-4249.220,-7518.244,-151.462,59.932,0.500729,-0.865332,0.021719,0.865441,0.500964,0.006846,-0.016804,0.015368,0.999741,0,0.24000,-0.15382,14.400,-0.308,-1,400.000,725.000,425.000,-1,350.000,350.000,275.000,275.000,-1,-1,-1,-1,575.000,700.000,925.000,925.000,2,1,1,0,2,0,0,0,0,2,2,2,2,1,1,1,1
42,-4239.511,-7501.679,-151.721,59.625,0.505298,-0.862634,0.023176,0.862731,0.505589,0.008716,-0.019236,0.015591,0.999693,0,0.32000,-0.15339,19.200,-0.307,-1,400.000,700.000,425.000,-1,350.000,350.000,300.000,275.000,-1,-1,-1,-1,550.000,675.000,850.000,900.000,2,1,1,0,2,0,0,0,0,2,2,2,2,1,1,1,1
43,-4227.265,-7481.038,-152.070,59.319,0.509822,-0.859917,0.024995,0.859992,0.510188,0.011050,-0.022254,0.015862,0.999627,0,0.40000,-0.15305,24.000,-0.306,-1,375.000,675.000,425.000,-1,350.000,350.000,300.000,275.000,-1,-1,-1,-1,525.000,650.000,800.000,875.000,2,1,1,0,2,0,0,0,0,2,2,2,2,1,1,1,1
44,-4212.438,-7456.348,-152.523,59.014,0.514302,-0.857178,0.027171,0.857219,0.514766,0.013850,-0.025859,0.016168,0.999535,0,0.48000,-0.15284,28.800,-0.306,-1,375.000,625.000,425.000,-1,350.000,350.000,300.000,275.000,-1,-1,-1,-1,500.000,625.000,725.000,850.000,2,1,1,0,2,1,0,0,0,2,2,2,2,1,1,1,1
45,-4194.986,-7427.636,-153.078,58.708,0.518740,-0.854415,0.029730,0.854406,0.519327,0.017035,-0.029995,0.016565,0.999413,0,0.56000,-0.15280,33.600,-0.306,-1,350.000,600.000,425.000,-1,325.000,350.000,300.000,275.000,-1,-1,-1,-1,475.000,600.000,675.000,800.000,2,1,1,0,2,1,0,0,0,2,2,2,2,1,1,1,1
46,-4174.865,-7394.929,-153.967,58.402,0.523190,-0.851635,0.031468,0.851547,0.523886,0.020297,-0.033772,0.016177,0.999299,0,0.64000,-0.15299,38.400,-0.306,-1,325.000,550.000,425.000,-1,300.000,350.000,300.000,275.000,-1,-1,-1,-1,450.000,550.000,600.000,750.000,2,1,1,0,2,1,0,0,0,2,2,2,2,1,1,1,1
47,-4152.033,-7358.255,-155.307,58.095,0.527688,-0.848837,0.031966,0.848629,0.528454,0.023764,-0.037064,0.014587,0.999206,0,0.72000,-0.15348,43.200,-0.307,-1,300.000,500.000,425.000,-1,275.000,325.000,300.000,275.000,-1,-1,-1,-1,400.000,525.000,525.000,700.000,2,1,1,1,2,1,1,0,0,2,2,2,2,1,1,1,1
48,-4126.445,-7317.644,-156.873,57.787,0.532195,-0.845999,0.032483,0.845645,0.533032,0.027588,-0.040653,0.012787,0.999091,0,0.80000,-0.15432,48.000,-0.309,-1,275.000,450.000,375.000,950.000,250.000,300.000,300.000,275.000,-1,-1,-1,-1,350.000,475.000,425.000,650.000,2,1,1,1,1,1,1,0,0,2,2,2,2,1,1,1,1
49,-4098.057,-7273.125,-157.856,57.475,0.536692,-0.843076,0.034419,0.842743,0.537608,0.027614,-0.041784,0.014186,0.999026,0,0.88000,-0.15556,52.800,-0.311,700.000,250.000,400.000,350.000,875.000,225.000,275.000,300.000,275.000,-1,-1,-1,-1,325.000,425.000,375.000,600.000,1,1,1,1,1,1,1,0,0,2,2,2,2,1,1,1,1
50,-4066.917,-7224.876,-157.947,57.161,0.541197,-0.840026,0.038240,0.839975,0.542172,0.022150,-0.039339,0.020133,0.999023,0,0.95708,-0.15727,57.425,-0.315,525.000,225.000,350.000,300.000,775.000,200.000,250.000,325.000,275.000,-1,-1,-1,-1,275.000,375.000,325.000,525.000,1,1,1,1,1,1,1,0,0,2,2,2,2,1,1,1,1
51,-4037.955,-7180.938,-157.238,56.606,0.549244,-0.834558,0.042950,0.834967,0.550157,0.012515,-0.034073,0.028988,0.998999,0,0.87708,-0.27727,52.625,-0.555,400.000,200.000,300.000,275.000,700.000,175.000,225.000,350.000,275.000,-1,-1,-1,-1,250.000,325.000,275.000,475.000,1,1,1,1,1,1,1,0,0,2,2,2,2,1,1,1,1
52,-4008.654,-7137.795,-155.760,55.812,0.560850,-0.826484,0.048698,0.827522,0.561429,-0.002140,-0.025572,0.041499,0.998811,0,0.86921,-0.39727,52.153,-0.795,325.000,175.000,275.000,225.000,650.000,175.000,200.000,400.000,275.000,-1,-1,-1,-1,225.000,300.000,225.000,425.000,1,1,1,1,1,1,1,0,0,2,2,2,2,1,1,1,1
53,-3978.474,-7095.025,-154.119,54.777,0.576119,-0.815412,0.056492,0.817278,0.575694,-0.025156,-0.012010,0.060662,0.998086,0,0.87243,-0.51727,52.346,-1.035,275.000,150.000,250.000,225.000,600.000,150.000,175.000,450.000,275.000,-1,-1,-1,-1,200.000,275.000,200.000,400.000,1,1,1,1,1,1,1,0,0,2,2,2,2,1,1,1,1
54,2951.697,327.963,-84.325,-144.361,-0.812733,0.582505,-0.012356,-0.582632,-0.812463,0.021094,0.002249,0.024343,0.999701,1,0.00000,0.00000,52.535,-1.275,-1,425.000,-1,425.000,-1,350.000,350.000,300.000,300.000,-1,-1,-1,-1,900.000,850.000,-1,-1,2,0,2,0,2,0,0,0,0,2,2,2,2,0,0,2,2
55,2947.784,325.183,-84.319,-144.601,-0.815161,0.579098,-0.012587,-0.579232,-0.814897,0.020803,0.001790,0.024248,0.999704,0,0.08000,-0.12000,4.800,-0.240,-1,425.000,-1,425.000,-1,350.000,350.000,300.000,300.000,-1,-1,-1,-1,900.000,850.000,-1,-1,2,0,2,0,2,0,0,0,0,2,2,2,2,0,0,2,2
56,2939.913,319.687,-84.310,-145.081,-0.819973,0.572253,-0.013053,-0.572402,-0.819724,0.020225,0.000874,0.024055,0.999710,0,0.16000,-0.24000,9.600,-0.480,-1,425.000,-1,425.000,-1,350.000,350.000,300.000,300.000,-1,-1,-1,-1,900.000,825.000,-1,-1,2,0,2,0,2,0,0,0,0,2,2,2,2,0,0,2,2
57,2928.003,311.594,-84.306,-145.801,-0.827083,0.561912,-0.013760,-0.562080,-0.826856,0.019369,-0.000494,0.023754,0.999718,0,0.24000,-0.36000,14.400,-0.720,-1,425.000,-1,425.000,-1,350.000,350.000,300.000,300.000,-1,-1,-1,-1,875.000,825.000,-1,-1,2,0,2,0,2,0,0,0,0,2,2,2,2,0,0,2,2
58,2911.944,301.070,-84.314,-146.761,-0.836359,0.547985,-0.014720,-0.548178,-0.836163,0.018251,-0.002307,0.023333,0.999725,0,0.32000,-0.48000,19.200,-0.960,-1,425.000,-1,425.000,-1,350.000,350.000,300.000,300.000,-1,-1,-1,-1,875.000,825.000,-1,-1,2,0,2,0,2,0,0,0,0,2,2,2,2,0,0,2,2
59,2891.599,288.338,-84.346,-147.961,-0.847623,0.530360,-0.015930,-0.530580,-0.847467,0.016886,-0.004544,0.022765,0.999731,0,0.40000,-0.60000,24.000,-1.200,-1,425.000,-1,400.000,-1,325.000,325.000,300.000,300.000,-1,-1,-1,-1,875.000,800.000,-1,-1,2,0,2,0,2,0,0,0,0,2,2,2,2,0,0,2,2
60,2866.809,273.678,-84.418,-149.401,-0.860647,0.508904,-0.017405,-0.509151,-0.860541,0.015303,-0.007190,0.022032,0.999731,0,0.48000,-0.72000,28.800,-1.440,-1,425.000,-1,400.000,-1,325.000,325.000,300.000,300.000,-1,-1,-1,-1,850.000,800.000,-1,-1,2,0,2,0,2,0,0,0,0,2,2,2,2,0,0,2,2
61,2837.412,257.406,-84.542,-151.034,-0.874755,0.484187,-0.019154,-0.484458,-0.874710,0.013527,-0.010205,0.021112,0.999725,0,0.56000,-0.81640,33.600,-1.633,-1,425.000,-1,400.000,-1,325.000,325.000,300.000,300.000,-1,-1,-1,-1,850.000,775.000,-1,-1,2,0,2,0,2,0,0,0,0,2,2,2,2,0,0,2,2
62,2803.298,239.776,-84.730,-152.670,-0.888169,0.459029,-0.021178,-0.459319,-0.888196,0.011566,-0.013501,0.020000,0.999709,0,0.64000,-0.81794,38.400,-1.636,-1,400.000,-1,400.000,-1,325.000,325.000,300.000,300.000,-1,-1,-1,-1,825.000,775.000,-1,-1,2,0,2,0,2,0,0,0,0,2,2,2,2,0,0,2,2
63,2764.368,221.049,-85.048,-154.310,-0.900885,0.433426,-0.023418,-0.433729,-0.900992,0.009674,-0.016907,0.018872,0.999679,0,0.72000,-0.82015,43.200,-1.640,-1,400.000,-1,400.000,-1,325.000,325.000,300.000,300.000,-1,-1,-1,-1,800.000,750.000,-1,-1,2,0,2,0,2,0,0,0,0,2,2,2,2,0,0,2,2
64,2721.193,201.787,-85.720,-155.956,-0.912906,0.407368,-0.025558,-0.407692,-0.913076,0.008876,-0.019720,0.018523,0.999634,0,0.78794,-0.82305,47.276,-1.646,-1,400.000,-1,400.000,1000.000,325.000,325.000,300.000,300.000,-1,-1,-1,-1,800.000,750.000,-1,-1,2,0,2,0,1,0,0,0,0,2,2,2,2,0,0,2,2
65,2677.400,183.745,-86.433,-157.609,-0.924225,0.380861,-0.027447,-0.381199,-0.924457,0.008130,-0.022277,0.017976,0.999590,0,0.78941,-0.82657,47.364,-1.653,-1,400.000,-1,375.000,875.000,325.000,325.000,300.000,300.000,-1,-1,-1,-1,775.000,725.000,-1,-1,2,0,2,0,1,0,0,0,0,2,2,2,2,0,0,2,2
66,2633.023,166.950,-87.126,-159.269,-0.934830,0.353922,-0.028856,-0.354257,-0.935120,0.007279,-0.024407,0.017026,0.999557,0,0.79081,-0.83015,47.449,-1.660,-1,400.000,-1,375.000,800.000,325.000,325.000,300.000,300.000,-1,-1,-1,-1,775.000,725.000,-1,-1,2,0,2,0,1,0,0,0,0,2,2,2,2,0,0,2,2
67,2588.100,151.427,-87.891,-160.937,-0.944693,0.326565,-0.030177,-0.326893,-0.945039,0.006524,-0.026388,0.016028,0.999523,0,0.79215,-0.83381,47.529,-1.668,-1,400.000,-1,375.000,725.000,325.000,325.000,300.000,300.000,-1,-1,-1,-1,750.000,700.000,-1,-1,2,0,2,0,1,0,0,0,0,2,2,2,2,0,0,2,2
68,2542.671,137.201,-88.871,-162.612,-0.953817,0.298808,-0.030775,-0.299105,-0.954205,0.005433,-0.027742,0.014387,0.999512,0,0.79341,-0.83754,47.604,-1.675,-1,375.000,-1,375.000,675.000,325.000,300.000,300.000,300.000,-1,-1,-1,-1,750.000,675.000,-1,-1,2,0,2,0,1,0,0,0,0,2,2,2,2,0,0,2,2
69,2496.777,124.296,-89.901,-164.295,-0.962199,0.270665,-0.030215,-0.270924,-0.962589,0.004772,-0.027793,0.012777,0.999532,0,0.79457,-0.84136,47.674,-1.683,-1,375.000,-1,375.000,625.000,325.000,300.000,300.000,300.000,-1,-1,-1,-1,750.000,675.000,-1,-1,2,0,2,0,1,0,0,0,0,2,2,2,2,0,0,2,2
70,2450.459,112.736,-90.898,-165.985,-0.969792,0.242154,-0.029412,-0.242385,-0.970170,0.004526,-0.027438,0.011518,0.999557,0,0.79564,-0.84526,47.738,-1.691,-1,375.000,-1,375.000,575.000,325.000,300.000,300.000,300.000,-1,-1,-1,-1,725.000,675.000,-1,-1,2,0,2,0,1,0,0,0,1,2,2,2,2,0,0,2,2
71,2403.764,102.541,-91.941,-167.684,-0.976572,0.213294,-0.028525,-0.213498,-0.976934,0.004280,-0.026954,0.010270,0.999584,0,0.79659,-0.84926,47.796,-1.699,-1,375.000,-1,375.000,550.000,325.000,325.000,300.000,275.000,-1,-1,-1,-1,700.000,675.000,-1,-1,2,0,2,0,1,0,0,0,1,2,2,2,2,0,0,2,2
72,2356.736,93.732,-93.028,-169.391,-0.982520,0.184105,-0.027559,-0.184282,-0.982865,0.004024,-0.026346,0.009032,0.999612,0,0.79742,-0.85336,47.845,-1.707,-1,375.000,-1,375.000,500.000,325.000,325.000,300.000,275.000,-1,-1,-1,-1,700.000,650.000,-1,-1,2,0,2,0,1,0,0,0,1,2,2,2,2,0,0,2,2
73,2314.182,87.248,-94.035,-171.337,-0.988235,0.150612,-0.026612,-0.150764,-0.988562,0.003792,-0.025737,0.007759,0.999639,0,0.71742,-0.97336,43.045,-1.947,-1,400.000,-1,375.000,450.000,325.000,325.000,300.000,275.000,-1,-1,-1,-1,675.000,650.000,-1,925.000,2,0,2,0,1,0,0,0,1,2,2,2,2,0,0,2,1
74,2275.060,82.679,-94.986,-173.337,-0.992915,0.116021,-0.025684,-0.116149,-0.993225,0.003547,-0.025098,0.006505,0.999664,0,0.65646,-1.00000,39.388,-2.000,-1,400.000,-1,375.000,425.000,325.000,325.000,325.000,250.000,-1,-1,-1,-1,650.000,650.000,-1,800.000,2,0,2,0,1,0,0,0,1,2,2,2,2,0,0,2,1
75,2235.700,79.469,-95.966,-175.337,-0.996384,0.081288,-0.024705,-0.081392,-0.996677,0.003253,-0.024358,0.005252,0.999690,0,0.65818,-1.00000,39.491,-2.000,-1,375.000,-1,375.000,375.000,325.000,325.000,325.000,250.000,-1,-1,-1,-1,650.000,650.000,-1,700.000,2,0,2,0,1,0,0,0,1,2,2,2,2,0,0,2,1
76,2196.152,77.629,-96.974,-177.337,-0.998640,0.046455,-0.023683,-0.046537,-0.998912,0.002904,-0.023522,0.004002,0.999715,0,0.65985,-1.00000,39.591,-2.000,-1,375.000,-1,375.000,350.000,325.000,300.000,300.000,250.000,-1,-1,-1,-1,650.000,650.000,-1,600.000,2,0,2,0,1,0,0,0,1,2,2,2,2,0,1,2,1
77,2156.467,77.170,-98.004,-179.337,-0.999677,0.011565,-0.022632,-0.011625,-0.999929,0.002488,-0.022602,0.002750,0.999741,0,0.66147,-1.00000,39.688,-2.000,-1,375.000,-1,375.000,325.000,300.000,300.000,300.000,250.000,-1,-1,-1,-1,625.000,625.000,-1,525.000,2,0,2,0,1,0,0,0,1,2,2,2,2,0,1,2,1
78,2116.696,78.099,-98.860,-181.337,-0.999506,-0.023339,-0.021055,0.023317,-0.999727,0.001272,-0.021079,0.000780,0.999778,0,0.66303,-1.00000,39.782,-2.000,-1,375.000,-1,375.000,275.000,300.000,300.000,300.000,225.000,-1,-1,-1,-1,625.000,600.000,-1,450.000,2,0,2,0,1,0,0,0,1,2,2,2,2,0,1,2,1
79,2076.893,80.419,-98.921,-183.337,-0.998154,-0.058214,-0.017305,0.058278,-0.998295,-0.003209,-0.017089,-0.004211,0.999845,0,0.66451,-1.00000,39.871,-2.000,-1,375.000,-1,375.000,275.000,300.000,300.000,300.000,225.000,-1,525.000,-1,-1,625.000,575.000,-1,425.000,2,0,2,0,1,0,0,0,1,2,0,2,2,0,1,2,1
80,2037.112,84.135,-98.799,-185.337,-0.995575,-0.093015,-0.013337,0.093135,-0.995615,-0.008723,-0.012467,-0.009926,0.999873,0,0.66591,-1.00000,39.955,-2.000,-1,375.000,-1,375.000,250.000,300.000,325.000,300.000,225.000,-1,400.000,500.000,-1,625.000,550.000,-1,400.000,2,0,2,1,1,0,0,0,1,2,0,0,2,0,1,2,1
81,1997.406,89.247,-98.406,-187.337,-0.991769,-0.127694,-0.009427,0.127826,-0.991683,-0.015013,-0.007431,-0.016095,0.999843,0,0.66721,-1.00000,40.033,-2.000,-1,375.000,-1,375.000,250.000,325.000,325.000,300.000,250.000,-1,325.000,425.000,-1,650.000,550.000,-1,375.000,2,0,2,1,1,0,0,0,1,2,0,0,2,0,1,2,1
82,1957.833,95.753,-97.060,-189.337,-0.986749,-0.162214,-0.003614,0.162254,-0.986553,-0.019660,-0.000376,-0.019986,0.999800,0,0.66841,-1.00000,40.104,-2.000,-1,375.000,-1,375.000,250.000,325.000,325.000,300.000,250.000,-1,275.000,350.000,-1,675.000,525.000,-1,350.000,2,0,2,1,1,0,0,0,1,2,0,0,2,0,1,2,1
83,1918.448,103.649,-95.456,-191.337,-0.980497,-0.196524,0.002132,0.196405,-0.980182,-0.025845,0.007168,-0.024922,0.999664,0,0.66948,-1.00000,40.169,-2.000,-1,400.000,-1,350.000,250.000,325.000,350.000,300.000,250.000,-1,250.000,300.000,-1,700.000,525.000,-1,350.000,2,0,2,1,1,0,0,0,1,2,0,0,2,0,1,2,1
84,1879.308,112.927,-93.690,-193.337,-0.973026,-0.230576,0.007395,0.230215,-0.972572,-0.033233,0.014855,-0.030634,0.999420,0,0.67041,-1.00000,40.224,-2.000,-1,400.000,-1,350.000,250.000,350.000,350.000,300.000,250.000,-1,225.000,275.000,-1,725.000,525.000,-1,350.000,2,0,2,1,1,0,1,0,1,2,0,0,2,0,1,2,1
85,1840.470,123.577,-91.895,-195.337,-0.964357,-0.264324,0.012145,0.263634,-0.963738,-0.041312,0.022625,-0.036638,0.999072,0,0.67118,-1.00000,40.271,-2.000,-1,425.000,-1,350.000,250.000,375.000,350.000,300.000,250.000,-1,200.000,275.000,-1,750.000,525.000,-1,350.000,2,0,2,1,1,0,1,0,1,2,0,0,2,0,1,2,1
86,1801.993,135.587,-90.057,-197.337,-0.954513,-0.297721,0.016343,0.296605,-0.953684,-0.050121,0.030508,-0.042994,0.998609,0,0.67178,-1.00000,40.307,-2.000,-1,450.000,-1,350.000,250.000,375.000,350.000,300.000,250.000,950.000,175.000,250.000,-1,800.000,500.000,-1,325.000,2,0,2,1,1,0,1,0,1,0,0,0,2,0,1,2,1
87,1763.935,148.940,-88.181,-199.337,-0.943519,-0.330720,0.019917,0.329076,-0.942419,-0.059618,0.038487,-0.049697,0.998023,0,0.67220,-1.00000,40.332,-2.000,-1,450.000,-1,350.000,225.000,400.000,350.000,275.000,250.000,850.000,125.000,250.000,-1,825.000,500.000,-1,325.000,2,0,2,1,1,0,1,0,1,0,0,0,2,0,1,2,1
88,1726.354,163.617,-86.270,-201.337,-0.931404,-0.363272,0.022798,0.360999,-0.929954,-0.069756,0.046542,-0.056741,0.997304,0,0.67240,-1.00000,40.344,-2.000,-1,475.000,-1,325.000,225.000,400.000,325.000,275.000,250.000,775.000,125.000,225.000,-1,875.000,500.000,-1,325.000,2,0,2,1,1,1,1,0,1,0,0,0,2,0,1,2,1
89,1689.310,179.596,-84.328,-203.337,-0.918202,-0.395329,0.024923,0.392325,-0.916299,-0.080480,0.054653,-0.064119,0.996445,0,0.67237,-1.00000,40.342,-2.000,-1,500.000,-1,325.000,225.000,400.000,325.000,275.000,250.000,700.000,100.000,200.000,-1,900.000,500.000,-1,325.000,2,0,2,1,1,1,1,0,1,0,0,0,2,0,1,2,1
90,1652.860,196.851,-82.357,-205.337,-0.903946,-0.426842,0.026231,0.423010,-0.901470,-0.091731,0.062801,-0.071824,0.995438,0,0.67209,-1.00000,40.326,-2.000,-1,500.000,-1,325.000,225.000,375.000,325.000,250.000,250.000,625.000,75.000,200.000,-1,950.000,500.000,-1,325.000,2,0,2,1,1,1,1,0,1,0,0,0,2,1,1,2,1
91,1617.063,215.351,-80.362,-207.337,-0.888675,-0.457762,0.026668,0.453013,-0.885482,-0.103445,0.070967,-0.079848,0.994278,0,0.67155,-1.00000,40.293,-2.000,-1,500.000,-1,325.000,225.000,375.000,300.000,250.000,250.000,575.000,75.000,175.000,-1,-1,475.000,-1,300.000,2,1,2,1,1,1,1,0,1,0,0,0,2,2,1,2,1
92,1581.977,235.065,-78.346,-209.337,-0.872427,-0.488042,0.026187,0.482295,-0.868354,-0.115551,0.079133,-0.088180,0.992956,0,0.67071,-1.00000,40.242,-2.000,-1,475.000,-1,325.000,225.000,350.000,300.000,250.000,250.000,525.000,50.000,175.000,-1,-1,475.000,-1,300.000,2,1,2,1,1,1,1,0,1,0,0,0,2,2,1,2,1
93,1547.659,255.954,-76.312,-211.337,-0.855245,-0.517633,0.024744,0.510821,-0.850108,-0.127977,0.087280,-0.096812,0.991468,0,0.66956,-1.00000,40.173,-2.000,-1,475.000,-1,300.000,225.000,350.000,300.000,225.000,250.000,450.000,50.000,175.000,-1,-1,475.000,-1,300.000,2,1,2,1,1,1,1,0,1,0,0,0,2,2,1,2,1
94,8855.067,-8199.456,169.446,178.039,-0.995796,-0.033498,0.085259,0.050112,-0.978329,0.200902,0.076682,0.204330,0.975894,1,0.00000,0.00000,40.084,-2.000,-1,300.000,-1,350.000,-1,250.000,275.000,225.000,300.000,-1,375.000,250.000,375.000,-1,-1,-1,-1,2,1,2,1,2,1,1,1,1,2,0,0,0,2,2,2,2
95,8853.108,323.592,-107.915,-114.373,-0.412968,0.910613,0.015535,-0.910618,-0.412564,-0.023782,-0.015247,-0.023968,0.999596,1,0.08000,-0.12000,4.800,-0.240,-1,375.000,-1,375.000,-1,300.000,300.000,275.000,225.000,-1,-1,-1,-1,675.000,775.000,-1,-1,2,0,2,0,2,0,0,0,1,2,2,2,2,0,0,2,2
96,8849.073,314.881,-107.981,-114.853,-0.420572,0.907129,0.015350,-0.907138,-0.420180,-0.023424,-0.014799,-0.023777,0.999608,0,0.16000,-0.24000,9.600,-0.480,-1,375.000,-1,375.000,-1,300.000,300.000,275.000,225.000,-1,-1,-1,-1,675.000,800.000,-1,-1,2,0,2,0,2,0,0,0,1,2,2,2,2,0,0,2,2
97,8842.857,301.892,-108.073,-115.573,-0.431925,0.901783,0.015097,-0.901799,-0.431549,-0.022902,-0.014137,-0.023507,0.999624,0,0.24000,-0.36000,14.400,-0.720,-1,375.000,-1,375.000,-1,300.000,325.000,275.000,225.000,-1,-1,-1,-1,675.000,800.000,-1,-1,2,0,2,0,2,0,0,0,1,2,2,2,2,0,0,2,2
98,8834.280,284.714,-108.185,-116.533,-0.446956,0.894433,0.014799,-0.894457,-0.446601,-0.022224,-0.013269,-0.023170,0.999643,0,0.32000,-0.48000,19.200,-0.960,-1,375.000,-1,400.000,-1,300.000,325.000,275.000,250.000,-1,-1,-1,425.000,700.000,825.000,-1,-1,2,0,2,0,2,0,0,0,1,2,2,2,1,0,0,2,2
99,8823.181,263.434,-108.251,-117.545,-0.462657,0.886416,0.014657,-0.886451,-0.462317,-0.021635,-0.012402,-0.023002,0.999658,0,0.40000,-0.50558,24.000,-1.011,-1,375.000,-1,400.000,-1,300.000,325.000,300.000,250.000,-1,-1,-1,425.000,700.000,825.000,-1,-1,2,0,2,0,2,0,0,0,1,2,2,2,1,0,0,2,2
100,8809.417,238.136,-108.271,-118.549,-0.478104,0.878181,0.014680,-0.878227,-0.477776,-0.021125,-0.011537,-0.022992,0.999669,0,0.48000,-0.50195,28.800,-1.004,-1,375.000,-1,400.000,-1,300.000,325.000,300.000,250.000,-1,-1,-1,450.000,700.000,850.000,-1,-1,2,0,2,0,2,0,0,0,1,2,2,2,1,0,0,2,2
101,8793.118,209.378,-108.280,-119.544,-0.493268,0.869752,0.014784,-0.869813,-0.492954,-0.020534,-0.010572,-0.022988,0.999680,0,0.55093,-0.49750,33.056,-0.995,-1,375.000,-1,400.000,-1,300.000,325.000,300.000,250.000,-1,-1,-1,450.000,725.000,875.000,-1,-1,2,0,2,0,2,0,0,0,1,2,2,2,1,0,0,2,2
102,8776.432,181.083,-108.326,-120.528,-0.508121,0.861160,0.014737,-0.861234,-0.507828,-0.019677,-0.009461,-0.022690,0.999698,0,0.54748,-0.49223,32.849,-0.984,-1,375.000,-1,400.000,-1,325.000,325.000,300.000,275.000,-1,-1,-1,450.000,750.000,900.000,-1,-1,2,0,2,0,2,0,0,0,1,2,2,2,1,0,0,2,2
103,8759.364,153.233,-108.397,-121.502,-0.522661,0.852419,0.014409,-0.852500,-0.522396,-0.018628,-0.008351,-0.022020,0.999723,0,0.54439,-0.48681,32.664,-0.974,-1,375.000,-1,400.000,-1,325.000,325.000,300.000,275.000,-1,-1,-1,475.000,750.000,925.000,-1,-1,2,0,2,0,2,0,0,0,1,2,2,2,1,0,0,2,2
104,8741.919,125.813,-108.538,-122.464,-0.536885,0.843540,0.013991,-0.843625,-0.536651,-0.017374,-0.007148,-0.021131,0.999751,0,0.54166,-0.48125,32.500,-0.963,-1,375.000,-1,400.000,-1,325.000,325.000,300.000,300.000,-1,-1,-1,475.000,775.000,950.000,-1,-1,2,0,2,0,2,0,0,0,1,2,2,2,1,0,0,2,2
105,8724.100,98.806,-108.753,-123.415,-0.550791,0.834535,0.013483,-0.834623,-0.550592,-0.015892,-0.005839,-0.020007,0.999783,0,0.53926,-0.47556,32.356,-0.951,-1,400.000,-1,400.000,-1,325.000,325.000,300.000,300.000,-1,-1,-1,475.000,800.000,975.000,-1,-1,2,0,2,0,2,0,0,0,1,2,2,2,1,0,0,2,2
106,8705.912,72.198,-109.095,-124.355,-0.564380,0.825414,0.012965,-0.825503,-0.564214,-0.014403,-0.004573,-0.018832,0.999812,0,0.53717,-0.46974,32.230,-0.939,-1,400.000,-1,400.000,-1,325.000,325.000,300.000,300.000,-1,-1,-1,475.000,825.000,1000.000,-1,-1,2,0,2,0,2,0,0,0,1,2,2,2,1,0,0,2,2
107,8687.358,45.976,-109.545,-125.282,-0.577649,0.816191,0.012397,-0.816279,-0.577517,-0.012775,-0.003268,-0.017499,0.999842,0,0.53537,-0.46379,32.122,-0.928,-1,400.000,-1,425.000,-1,325.000,325.000,300.000,325.000,-1,-1,-1,475.000,875.000,-1,-1,-1,2,0,2,0,2,0,0,0,1,2,2,2,1,0,2,2,2
108,8668.441,20.127,-110.093,-126.198,-0.590597,0.806881,0.011758,-0.806965,-0.590499,-0.010913,-0.001862,-0.015933,0.999871,0,0.53385,-0.45773,32.031,-0.915,-1,400.000,-1,425.000,-1,325.000,325.000,300.000,300.000,-1,-1,-1,475.000,900.000,-1,-1,-1,2,0,2,0,2,0,0,0,0,2,2,2,1,0,2,2,2
109,8649.164,-5.360,-110.741,-127.101,-0.603223,0.797496,0.011052,-0.797572,-0.603159,-0.008792,-0.000345,-0.014118,0.999900,0,0.53260,-0.45154,31.956,-0.903,-1,425.000,-1,425.000,-1,325.000,325.000,300.000,300.000,-1,-1,-1,475.000,925.000,-1,-1,-1,2,0,2,0,2,0,0,0,0,2,2,2,1,0,2,2,2
110,8629.531,-30.496,-111.492,-127.991,-0.615529,0.788047,0.010283,-0.788113,-0.615497,-0.006390,0.001294,-0.012037,0.999927,0,0.53159,-0.44524,31.895,-0.890,-1,425.000,-1,425.000,-1,350.000,350.000,300.000,300.000,-1,-1,-1,475.000,975.000,-1,-1,-1,2,0,2,0,2,0,0,0,1,2,2,2,1,0,2,2,2
111,8606.377,-58.964,-112.494,-129.122,-0.630943,0.775773,0.009329,-0.775822,-0.630944,-0.003251,0.003364,-0.009289,0.999951,0,0.61159,-0.56524,36.695,-1.130,-1,425.000,-1,425.000,-1,350.000,350.000,300.000,275.000,-1,-1,-1,475.000,-1,-1,-1,-1,2,0,2,0,2,0,0,0,1,2,2,2,1,2,2,2,2
112,8579.715,-90.189,-112.785,-130.492,-0.649301,0.760459,0.010484,-0.760515,-0.649316,-0.002311,0.005050,-0.009474,0.999942,0,0.68432,-0.68524,41.059,-1.370,-1,450.000,-1,450.000,-1,350.000,350.000,300.000,275.000,-1,950.000,-1,475.000,-1,-1,-1,-1,2,0,2,0,2,0,0,0,1,2,0,2,1,2,2,2,2
113,8548.969,-124.214,-112.370,-132.103,-0.670407,0.741884,0.012720,-0.741977,-0.670409,-0.004764,0.004993,-0.012632,0.999908,0,0.76432,-0.80524,45.859,-1.610,-1,450.000,-1,450.000,-1,350.000,350.000,275.000,275.000,-1,975.000,-1,525.000,-1,-1,-1,-1,2,0,2,0,2,0,0,0,1,2,0,2,1,2,2,2,2
114,8515.776,-158.881,-112.250,-133.756,-0.691540,0.722212,0.013519,-0.722328,-0.691509,-0.007570,0.003881,-0.015001,0.999880,0,0.79992,-0.82657,47.995,-1.653,-1,450.000,-1,450.000,-1,375.000,375.000,275.000,250.000,-1,-1,-1,550.000,-1,-1,-1,-1,2,0,2,0,2,0,0,0,1,2,2,2,1,2,2,2,2
115,8481.606,-192.577,-112.439,-135.401,-0.712022,0.702041,0.012777,-0.702155,-0.711947,-0.010485,0.001736,-0.016437,0.999863,0,0.79982,-0.82276,47.989,-1.646,-1,450.000,-1,475.000,-1,375.000,375.000,275.000,250.000,-1,-1,-1,600.000,-1,-1,-1,-1,2,0,2,0,2,0,0,0,1,2,2,2,1,2,2,2,2
116,8446.492,-225.277,-112.924,-137.039,-0.731833,0.681403,0.010541,-0.681483,-0.731712,-0.013376,-0.001402,-0.016972,0.999855,0,0.79970,-0.81878,47.982,-1.638,-1,475.000,-1,475.000,-1,375.000,375.000,275.000,225.000,-1,-1,-1,650.000,-1,-1,-1,-1,2,0,2,0,2,0,0,0,1,2,2,2,1,2,2,2,2
117,8410.470,-256.958,-113.689,-138.668,-0.750947,0.660326,0.006875,-0.660339,-0.750794,-0.016118,-0.005481,-0.016644,0.999846,0,0.79953,-0.81464,47.972,-1.629,-1,475.000,-1,450.000,-1,375.000,375.000,275.000,225.000,-1,-1,-1,675.000,-1,-1,-1,-1,2,0,2,0,2,0,0,0,1,2,2,2,1,2,2,2,2
118,8373.577,-287.600,-114.763,-140.289,-0.769338,0.638838,0.002081,-0.638759,-0.769181,-0.018640,-0.010308,-0.015670,0.999824,0,0.79930,-0.81033,47.958,-1.621,-1,450.000,-1,450.000,-1,375.000,350.000,275.000,200.000,-1,-1,-1,725.000,-1,-1,-1,-1,2,0,2,0,2,0,0,0,1,2,2,2,1,2,2,2,2
119,8335.852,-317.179,-116.142,-141.901,-0.786982,0.616965,-0.003670,-0.616775,-0.786863,-0.020876,-0.015768,-0.014165,0.999775,0,0.79898,-0.80586,47.939,-1.612,-1,450.000,-1,450.000,-1,350.000,350.000,275.000,200.000,-1,-1,-1,775.000,-1,1000.000,-1,-1,2,0,2,0,2,0,0,0,1,2,2,2,1,2,0,2,2
120,8297.334,-345.678,-117.271,-143.503,-0.803908,0.594714,-0.006896,-0.594429,-0.803799,-0.023691,-0.019632,-0.014946,0.999696,0,0.79856,-0.80122,47.914,-1.602,-1,450.000,-1,425.000,-1,350.000,350.000,275.000,200.000,-1,-1,-1,850.000,-1,950.000,-1,-1,2,0,2,0,2,0,0,0,1,2,2,2,1,2,0,2,2
121,8258.066,-373.077,-118.502,-145.096,-0.820113,0.572123,-0.009520,-0.571722,-0.819993,-0.027312,-0.023432,-0.016957,0.999582,0,0.79803,-0.79641,47.882,-1.593,-1,450.000,-1,425.000,-1,350.000,350.000,275.000,175.000,-1,-1,-1,950.000,-1,925.000,-1,-1,2,0,2,0,2,0,0,0,1,2,2,2,1,2,0,2,2
122,8218.088,-399.360,-119.820,-146.679,-0.835583,0.549231,-0.012080,-0.548696,-0.835449,-0.030935,-0.027083,-0.019221,0.999448,0,0.79739,-0.79144,47.844,-1.583,-1,450.000,-1,425.000,-1,350.000,350.000,275.000,175.000,-1,-1,-1,-1,-1,900.000,-1,-1,2,0,2,0,2,0,0,0,1,2,2,2,2,2,0,2,2
123,8177.442,-424.512,-121.219,-148.251,-0.850316,0.526070,-0.014576,-0.525383,-0.850164,-0.034561,-0.030573,-0.021730,0.999296,0,0.79663,-0.78630,47.798,-1.573,-1,450.000,-1,425.000,-1,350.000,350.000,275.000,175.000,-1,-1,-1,-1,1000.000,875.000,-1,-1,2,0,2,0,2,0,0,0,1,2,2,2,2,0,0,2,2
124,8136.172,-448.520,-122.695,-149.813,-0.864312,0.502669,-0.017005,-0.501813,-0.864133,-0.038188,-0.033891,-0.024473,0.999126,0,0.79576,-0.78099,47.745,-1.562,-1,450.000,-1,425.000,-1,350.000,350.000,275.000,175.000,-1,-1,-1,-1,975.000,850.000,-1,-1,2,0,2,0,2,0,0,0,1,2,2,2,2,0,0,2,2
125,8094.319,-471.375,-124.240,-151.364,-0.877570,0.479058,-0.019369,-0.478017,-0.877354,-0.041818,-0.037027,-0.027440,0.998937,0,0.79476,-0.77551,47.686,-1.551,-1,450.000,-1,400.000,-1,350.000,350.000,275.000,175.000,-1,-1,-1,-1,950.000,825.000,-1,-1,2,0,2,0,2,0,0,0,1,2,2,2,2,0,0,2,2
126,8051.926,-493.066,-125.849,-152.904,-0.890091,0.455268,-0.021668,-0.454027,-0.889828,-0.045450,-0.039973,-0.030617,0.998732,0,0.79366,-0.76987,47.620,-1.540,-1,450.000,-1,400.000,-1,350.000,325.000,275.000,175.000,-1,-1,-1,-1,925.000,825.000,-1,-1,2,0,2,0,2,0,0,0,1,2,2,2,2,0,0,2,2
127,8009.035,-513.589,-127.329,-154.432,-0.901877,0.431320,-0.024097,-0.429821,-0.901533,-0.049924,-0.043257,-0.034668,0.998462,0,0.79246,-0.76406,47.548,-1.528,-1,425.000,-1,400.000,-1,350.000,325.000,275.000,175.000,-1,-1,-1,-1,900.000,800.000,-1,-1,2,0,2,0,2,0,0,0,1,2,2,2,2,0,0,2,2
128,7965.686,-532.940,-128.354,-155.948,-0.912927,0.407222,-0.027098,-0.405313,-0.912420,-0.056664,-0.047799,-0.040747,0.998025,0,0.79118,-0.75808,47.471,-1.516,-1,425.000,-1,400.000,-1,325.000,325.000,275.000,175.000,-1,-1,-1,-1,850.000,775.000,-1,-1,2,0,2,0,2,0,0,0,1,2,2,2,2,0,0,2,2
129,7921.920,-551.116,-129.686,-157.452,-0.923248,0.383048,-0.029806,-0.380765,-0.922581,-0.062140,-0.051301,-0.046021,0.997622,0,0.78982,-0.75193,47.389,-1.504,-1,425.000,-1,400.000,-1,325.000,325.000,275.000,175.000,-1,-1,-1,-1,825.000,750.000,-1,-1,2,0,2,0,2,0,0,0,1,2,2,2,2,0,0,2,2
130,7877.775,-568.115,-131.297,-158.943,-0.932851,0.358830,-0.032106,-0.356229,-0.932033,-0.066444,-0.053766,-0.050546,0.997273,0,0.78841,-0.74562,47.305,-1.491,-1,400.000,-1,400.000,-1,325.000,325.000,275.000,200.000,-1,-1,-1,-1,800.000,725.000,-1,-1,2,0,2,0,2,0,0,0,1,2,2,2,2,0,0,2,2
131,7833.287,-583.941,-133.184,-160.422,-0.941747,0.334600,-0.033992,-0.331749,-0.940795,-0.069621,-0.055274,-0.054289,0.996994,0,0.78697,-0.73914,47.218,-1.478,-1,400.000,-1,375.000,-1,325.000,325.000,275.000,200.000,-1,-1,-1,-1,800.000,725.000,-1,-1,2,0,2,0,2,0,0,0,1,2,2,2,2,0,0,2,2
132,7788.492,-598.597,-135.385,-161.887,-0.949962,0.310382,-0.035152,-0.307364,-0.948870,-0.071919,-0.055677,-0.057516,0.996791,0,0.78551,-0.73250,47.131,-1.465,-1,400.000,-1,375.000,-1,325.000,325.000,275.000,200.000,-1,-1,-1,-1,775.000,700.000,-1,-1,2,0,2,0,2,0,0,0,1,2,2,2,2,0,0,2,2
133,7743.423,-612.087,-137.781,-163.338,-0.957515,0.286209,-0.035361,-0.283150,-0.956295,-0.072975,-0.054701,-0.059862,0.996707,0,0.78406,-0.72570,47.044,-1.451,-1,400.000,-1,375.000,-1,325.000,325.000,300.000,200.000,-1,-1,-1,-1,775.000,700.000,-1,-1,2,0,2,0,2,0,0,0,1,2,2,2,2,0,0,2,2
134,7698.112,-624.419,-140.316,-164.776,-0.964406,0.262107,-0.034928,-0.259112,-0.963094,-0.072872,-0.052740,-0.061228,0.996729,0,0.78264,-0.71874,46.958,-1.437,-1,400.000,-1,375.000,-1,325.000,325.000,300.000,200.000,-1,-1,-1,-1,750.000,675.000,-1,-1,2,0,2,0,2,0,0,0,1,2,2,2,2,0,0,2,2
