timestep,x_cm,y_cm,z_cm,yaw_deg,basis_xx,basis_xy,basis_xz,basis_yx,basis_yy,basis_yz,basis_zx,basis_zy,basis_zz,teleport_flag,throttle_cmd,steering_cmd,cmd_move_cm,cmd_turn_deg,lidar_cm_0,lidar_cm_1,lidar_cm_2,lidar_cm_3,lidar_cm_4,lidar_cm_5,lidar_cm_6,lidar_cm_7,lidar_cm_8,lidar_cm_9,lidar_cm_10,lidar_cm_11,lidar_cm_12,lidar_cm_13,lidar_cm_14,lidar_cm_15,lidar_cm_16,lidar_class_0,lidar_class_1,lidar_class_2,lidar_class_3,lidar_class_4,lidar_class_5,lidar_class_6,lidar_class_7,lidar_class_8,lidar_class_9,lidar_class_10,lidar_class_11,lidar_class_12,lidar_class_13,lidar_class_14,lidar_class_15,lidar_class_16
0,-983.900,-8199.152,549.248,175.988,-0.996844,-0.069970,0.037501,0.069521,-0.997494,-0.013155,0.038328,-0.010506,0.999210,1,0.00000,0.00000,4.800,-0.240,-1,400.000,-1,400.000,-1,325.000,325.000,300.000,300.000,-1,-1,-1,-1,775.000,800.000,-1,-1,2,0,2,0,2,0,0,0,0,2,2,2,2,0,0,2,2
1,-988.687,-8198.796,549.432,175.748,-0.996543,-0.074148,0.037481,0.073702,-0.997194,-0.013132,0.038349,-0.010324,0.999211,0,0.08000,-0.12000,4.800,-0.240,-1,400.000,-1,400.000,-1,325.000,325.000,300.000,300.000,-1,-1,-1,-1,775.000,800.000,-1,-1,2,0,2,0,2,0,0,0,0,2,2,2,2,0,0,2,2
2,-998.254,-8198.004,549.800,175.268,-0.995888,-0.082499,0.037439,0.082062,-0.996541,-0.013086,0.038390,-0.009960,0.999213,0,0.16000,-0.24000,9.600,-0.480,-1,400.000,-1,400.000,-1,325.000,325.000,300.000,300.000,-1,-1,-1,-1,775.000,800.000,-1,-1,2,0,2,0,2,0,0,0,0,2,2,2,2,0,0,2,2
3,-1012.589,-8196.636,550.354,174.548,-0.994774,-0.095016,0.037377,0.094590,-0.995431,-0.013016,0.038443,-0.009412,0.999216,0,0.24000,-0.36000,14.400,-0.720,-1,400.000,-1,400.000,-1,325.000,325.000,300.000,300.000,-1,-1,-1,-1,775.000,800.000,-1,-1,2,0,2,0,2,0,0,0,0,2,2,2,2,0,0,2,2
4,-1031.669,-8194.491,551.096,173.588,-0.993044,-0.111681,0.037295,0.111270,-0.993706,-0.012920,0.038503,-0.008680,0.999221,0,0.32000,-0.48000,19.200,-0.960,-1,400.000,-1,400.000,-1,325.000,325.000,300.000,300.000,-1,-1,-1,-1,775.000,800.000,-1,-1,2,0,2,0,2,0,0,0,0,2,2,2,2,0,0,2,2
5,-1055.457,-8191.312,552.028,172.388,-0.990489,-0.132468,0.037193,0.132077,-0.991157,-0.012796,0.038559,-0.007762,0.999226,0,0.40000,-0.60000,24.000,-1.200,-1,400.000,-1,400.000,-1,325.000,325.000,300.000,300.000,-1,-1,-1,-1,775.000,800.000,-1,-1,2,0,2,0,2,0,0,0,0,2,2,2,2,0,0,2,2
6,-1083.899,-8186.781,553.151,170.948,-0.986849,-0.157336,0.037071,0.156968,-0.987523,-0.012641,0.038597,-0.006656,0.999233,0,0.48000,-0.72000,28.800,-1.440,-1,400.000,-1,400.000,-1,325.000,325.000,300.000,300.000,-1,-1,-1,-1,800.000,800.000,-1,-1,2,0,2,0,2,0,0,0,0,2,2,2,2,0,0,2,2
7,-1116.911,-8180.523,554.467,169.268,-0.981814,-0.186221,0.036932,0.185882,-0.982493,-0.012451,0.038604,-0.005359,0.999240,0,0.56000,-0.84000,33.600,-1.680,-1,400.000,-1,400.000,-1,325.000,325.000,300.000,300.000,-1,-1,-1,-1,800.000,800.000,-1,-1,2,0,2,0,2,0,0,0,0,2,2,2,2,0,0,2,2
8,-1154.378,-8172.112,555.977,167.348,-0.975024,-0.219035,0.036778,0.218728,-0.975709,-0.012221,0.038561,-0.003871,0.999249,0,0.64000,-0.96000,38.400,-1.920,-1,400.000,-1,400.000,-1,325.000,325.000,300.000,300.000,-1,-1,-1,-1,800.000,800.000,-1,-1,2,0,2,0,2,0,0,0,0,2,2,2,2,0,0,2,2
9,-1196.178,-8161.204,557.680,165.374,-0.966901,-0.252514,0.036609,0.252241,-0.967591,-0.011952,0.038440,-0.002322,0.999258,0,0.72000,-0.98694,43.200,-1.974,-1,400.000,-1,400.000,-1,325.000,325.000,300.000,300.000,-1,-1,-1,-1,800.000,800.000,-1,-1,2,0,2,0,2,0,0,0,0,2,2,2,2,0,0,2,2
10,-1242.178,-8147.490,559.553,163.400,-0.957626,-0.285696,0.036465,0.285456,-0.958320,-0.011736,0.038299,-0.000829,0.999266,0,0.80000,-0.98704,48.000,-1.974,-1,400.000,-1,400.000,-1,325.000,325.000,300.000,300.000,-1,-1,-1,-1,800.000,800.000,-1,-1,2,0,2,0,2,0,0,0,0,2,2,2,2,0,0,2,2
11,-1292.227,-8130.671,561.490,161.425,-0.947226,-0.318550,0.035905,0.318328,-0.947906,-0.011872,0.037816,0.000184,0.999285,0,0.88000,-0.98740,52.800,-1.975,-1,400.000,-1,400.000,-1,325.000,325.000,300.000,300.000,-1,-1,-1,-1,800.000,800.000,-1,-1,2,0,2,0,2,0,0,0,0,2,2,2,2,0,0,2,2
12,-1343.964,-8111.275,563.495,159.449,-0.935695,-0.351047,0.035225,0.350843,-0.936357,-0.012003,0.037197,0.001127,0.999307,0,0.92088,-0.98807,55.253,-1.976,-1,400.000,-1,400.000,-1,325.000,325.000,300.000,300.000,-1,-1,-1,-1,825.000,825.000,-1,-1,2,0,2,0,2,0,0,0,0,2,2,2,2,0,0,2,2
13,-1394.977,-8090.113,565.479,157.471,-0.923034,-0.383158,0.034610,0.382975,-0.923680,-0.012027,0.036577,0.002154,0.999329,0,0.92048,-0.98905,55.229,-1.978,-1,400.000,-1,400.000,-1,325.000,325.000,300.000,300.000,-1,-1,-1,-1,825.000,825.000,-1,-1,2,0,2,0,2,0,0,0,0,2,2,2,2,0,0,2,2
14,-1445.216,-8067.208,567.420,155.490,-0.909253,-0.414852,0.033998,0.414691,-0.909883,-0.011986,0.035907,0.003201,0.999350,0,0.92024,-0.99033,55.215,-1.981,-1,400.000,-1,400.000,-1,325.000,325.000,300.000,300.000,-1,-1,-1,-1,825.000,825.000,-1,-1,2,0,2,0,2,0,0,0,0,2,2,2,2,0,0,2,2
15,-1494.911,-8042.441,569.271,153.510,-0.894393,-0.446045,0.033244,0.445916,-0.895000,-0.011584,0.034920,0.004463,0.999380,0,0.92541,-0.99017,55.525,-1.980,-1,400.000,-1,400.000,-1,325.000,325.000,300.000,300.000,-1,-1,-1,-1,825.000,825.000,-1,-1,2,0,2,0,2,0,0,0,0,2,2,2,2,0,0,2,2
16,-1543.720,-8015.977,571.106,151.533,-0.878494,-0.476646,0.032511,0.476551,-0.879077,-0.011128,0.033884,0.005717,0.999409,0,0.92536,-0.98832,55.522,-1.977,-1,400.000,-1,400.000,-1,325.000,325.000,300.000,300.000,-1,-1,-1,-1,825.000,825.000,-1,-1,2,0,2,0,2,0,0,0,0,2,2,2,2,0,0,2,2
17,-1591.574,-7987.855,572.923,149.559,-0.861571,-0.506640,0.031806,0.506576,-0.862130,-0.010625,0.032804,0.006958,0.999438,0,0.92508,-0.98699,55.505,-1.974,-1,400.000,-1,400.000,-1,325.000,325.000,300.000,300.000,-1,-1,-1,-1,825.000,825.000,-1,-1,2,0,2,0,2,0,0,0,0,2,2,2,2,0,0,2,2
18,-1638.797,-7957.857,574.733,147.575,-0.843530,-0.536179,0.031127,0.536147,-0.844065,-0.010071,0.031673,0.008193,0.999465,0,0.93243,-0.99200,55.946,-1.984,-1,400.000,-1,400.000,-1,325.000,325.000,300.000,300.000,-1,-1,-1,-1,825.000,850.000,-1,-1,2,0,2,0,2,0,0,0,0,2,2,2,2,0,0,2,2
19,-1685.057,-7926.178,576.516,145.597,-0.824534,-0.564991,0.030480,0.564991,-0.825043,-0.009435,0.030478,0.009441,0.999491,0,0.93446,-0.98917,56.068,-1.978,-1,400.000,-1,400.000,-1,325.000,325.000,300.000,300.000,-1,-1,-1,-1,825.000,850.000,-1,-1,2,0,2,0,2,0,0,0,0,2,2,2,2,0,0,2,2
20,-1730.281,-7892.867,578.179,143.624,-0.804619,-0.593040,0.029857,0.593084,-0.805098,-0.008293,0.028956,0.011035,0.999520,0,0.93613,-0.98607,56.168,-1.972,-1,400.000,-1,400.000,-1,325.000,325.000,300.000,300.000,-1,-1,-1,-1,825.000,850.000,-1,-1,2,0,2,0,2,0,0,0,0,2,2,2,2,0,0,2,2
21,-1774.396,-7857.976,579.693,141.659,-0.783821,-0.620295,0.029314,0.620368,-0.784274,-0.007632,0.027724,0.012203,0.999541,0,0.93742,-0.98274,56.245,-1.965,-1,400.000,-1,400.000,-1,325.000,325.000,300.000,300.000,-1,-1,-1,-1,850.000,850.000,-1,-1,2,0,2,0,2,0,0,0,0,2,2,2,2,0,0,2,2
22,-1813.767,-7824.862,581.032,139.933,-0.764801,-0.643621,0.028855,0.643718,-0.765231,-0.007003,0.026588,0.013219,0.999559,0,0.85742,-0.86274,51.445,-1.725,-1,400.000,-1,400.000,-1,325.000,325.000,300.000,300.000,-1,-1,-1,-1,850.000,850.000,-1,-1,2,0,2,0,2,0,0,0,0,2,2,2,2,0,0,2,2
23,-1848.674,-7793.922,582.219,138.448,-0.747871,-0.663233,0.028473,0.663354,-0.748279,-0.006354,0.025520,0.014136,0.999574,0,0.77742,-0.74274,46.645,-1.485,-1,400.000,-1,400.000,-1,325.000,325.000,300.000,300.000,-1,-1,-1,-1,850.000,850.000,-1,-1,2,0,2,0,2,0,0,0,0,2,2,2,2,0,0,2,2
24,-1881.649,-7763.147,583.291,136.977,-0.730616,-0.682216,0.027958,0.682354,-0.730999,-0.005776,0.024378,0.014857,0.999592,0,0.75175,-0.73549,45.105,-1.471,-1,400.000,-1,400.000,-1,325.000,325.000,300.000,300.000,-1,-1,-1,-1,850.000,850.000,-1,-1,2,0,2,0,2,0,0,0,0,2,2,2,2,0,0,2,2
25,-1913.822,-7731.545,584.222,135.512,-0.712971,-0.700676,0.026935,0.700819,-0.713319,-0.005248,0.022891,0.015135,0.999623,0,0.75162,-0.73234,45.097,-1.465,-1,400.000,-1,400.000,-1,325.000,325.000,300.000,300.000,-1,-1,-1,-1,850.000,875.000,-1,-1,2,0,2,0,2,0,0,0,0,2,2,2,2,0,0,2,2
26,-1945.163,-7699.151,585.132,134.054,-0.694939,-0.718598,0.025994,0.718750,-0.695253,-0.004638,0.021405,0.015460,0.999651,0,0.75123,-0.72914,45.074,-1.458,-1,400.000,-1,400.000,-1,325.000,325.000,300.000,300.000,-1,-1,-1,-1,850.000,875.000,-1,-1,2,0,2,0,2,0,0,0,0,2,2,2,2,0,0,2,2
27,-1975.647,-7666.003,586.020,132.602,-0.676538,-0.735979,0.025139,0.736138,-0.676820,-0.003954,0.019925,0.015831,0.999676,0,0.75058,-0.72590,45.035,-1.452,-1,400.000,-1,400.000,-1,325.000,325.000,300.000,300.000,-1,-1,-1,-1,850.000,875.000,-1,-1,2,0,2,0,2,0,0,0,0,2,2,2,2,0,0,2,2
28,-2005.250,-7632.137,586.885,131.157,-0.657786,-0.752811,0.024375,0.752979,-0.658037,-0.003203,0.018450,0.016247,0.999698,0,0.74967,-0.72266,44.980,-1.445,-1,400.000,-1,400.000,-1,325.000,325.000,300.000,300.000,-1,-1,-1,-1,850.000,875.000,-1,-1,2,0,2,0,2,0,0,0,0,2,2,2,2,0,0,2,2
29,-2033.950,-7597.590,587.626,129.718,-0.638712,-0.769096,0.023199,0.769265,-0.638925,-0.002403,0.016671,0.016312,0.999728,0,0.74854,-0.71943,44.912,-1.439,-1,400.000,-1,400.000,-1,325.000,325.000,300.000,300.000,-1,-1,-1,-1,850.000,875.000,-1,-1,2,0,2,0,2,0,0,0,0,2,2,2,2,0,0,2,2
30,-2061.725,-7562.400,588.189,128.284,-0.619304,-0.784846,0.021874,0.785013,-0.619478,-0.001526,0.014748,0.016226,0.999760,0,0.74719,-0.71704,44.831,-1.434,-1,400.000,-1,400.000,-1,325.000,325.000,300.000,300.000,-1,-1,-1,-1,850.000,875.000,-1,-1,2,0,2,0,2,0,0,0,0,2,2,2,2,0,0,2,2
31,-2088.557,-7526.600,588.726,126.852,-0.599538,-0.800081,0.020610,0.800244,-0.599674,-0.000569,0.012815,0.016152,0.999787,0,0.74565,-0.71590,44.739,-1.432,-1,400.000,-1,400.000,-1,325.000,325.000,300.000,300.000,-1,-1,-1,-1,850.000,875.000,-1,-1,2,0,2,0,2,0,0,0,0,2,2,2,2,0,0,2,2
32,-2114.428,-7490.226,589.237,125.422,-0.579421,-0.814797,0.019411,0.814956,-0.579523,0.000463,0.010872,0.016088,0.999811,0,0.74393,-0.71495,44.636,-1.430,-1,400.000,-1,400.000,-1,325.000,325.000,300.000,300.000,-1,-1,-1,-1,850.000,850.000,-1,-1,2,0,2,0,2,0,0,0,0,2,2,2,2,0,0,2,2
33,-2139.322,-7453.311,589.722,123.994,-0.558963,-0.828991,0.018283,0.829144,-0.559032,0.001564,0.008924,0.016033,0.999832,0,0.74208,-0.71421,44.525,-1.428,-1,400.000,-1,400.000,-1,325.000,325.000,300.000,300.000,-1,-1,-1,-1,850.000,850.000,-1,-1,2,0,2,0,2,0,0,0,0,2,2,2,2,0,0,2,2
34,-2163.225,-7415.886,590.180,122.567,-0.538171,-0.842659,0.017227,0.842807,-0.538210,0.002728,0.006973,0.015987,0.999848,0,0.74011,-0.71367,44.407,-1.427,-1,400.000,-1,400.000,-1,325.000,325.000,300.000,300.000,-1,-1,-1,-1,850.000,850.000,-1,-1,2,0,2,0,2,0,0,0,0,2,2,2,2,0,0,2,2
35,-2186.126,-7377.983,590.565,121.140,-0.517051,-0.855796,0.016472,0.855939,-0.517062,0.003919,0.005163,0.016126,0.999857,0,0.73807,-0.71334,44.284,-1.427,-1,400.000,-1,400.000,-1,325.000,325.000,300.000,300.000,-1,-1,-1,-1,850.000,850.000,-1,-1,2,0,2,0,2,0,0,0,0,2,2,2,2,0,0,2,2
36,-2208.014,-7339.630,590.890,119.713,-0.495610,-0.868398,0.015953,0.868538,-0.495596,0.005125,0.003456,0.016395,0.999860,0,0.73599,-0.71320,44.159,-1.426,-1,400.000,-1,400.000,-1,325.000,325.000,300.000,300.000,-1,-1,-1,-1,850.000,850.000,-1,-1,2,0,2,0,2,0,0,0,0,2,2,2,2,0,0,2,2
37,-2228.881,-7300.854,591.097,118.287,-0.473856,-0.880468,0.015366,0.880600,-0.473823,0.005938,0.002052,0.016346,0.999864,0,0.73391,-0.71328,44.034,-1.427,-1,400.000,-1,400.000,-1,325.000,325.000,300.000,300.000,-1,-1,-1,-1,850.000,850.000,-1,-1,2,0,2,0,2,0,0,0,0,2,2,2,2,0,0,2,2
38,-2248.720,-7261.680,591.133,116.860,-0.451801,-0.891994,0.014960,0.892119,-0.451747,0.006973,0.000538,0.016496,0.999864,0,0.73185,-0.71355,43.911,-1.427,-1,400.000,-1,400.000,-1,325.000,325.000,300.000,300.000,-1,-1,-1,-1,850.000,850.000,-1,-1,2,0,2,0,2,0,0,0,0,2,2,2,2,0,0,2,2
39,-2267.526,-7222.132,591.103,115.432,-0.429452,-0.902969,0.014761,0.903089,-0.429374,0.008242,-0.001104,0.016870,0.999857,0,0.72986,-0.71403,43.791,-1.428,-1,400.000,-1,400.000,-1,325.000,325.000,300.000,300.000,-1,-1,-1,-1,850.000,850.000,-1,-1,2,0,2,0,2,0,0,0,0,2,2,2,2,0,0,2,2
40,-2284.044,-7184.769,591.056,113.850,-0.404377,-0.914474,0.014697,0.914588,-0.404276,0.009453,-0.002702,0.017264,0.999847,0,0.68085,-0.79109,40.851,-1.582,-1,400.000,-1,400.000,-1,325.000,325.000,300.000,300.000,-1,-1,-1,-1,850.000,850.000,-1,-1,2,0,2,0,2,0,0,0,0,2,2,2,2,0,0,2,2
41,-2299.481,-7147.065,590.989,112.266,-0.378970,-0.925291,0.014761,0.925399,-0.378843,0.010690,-0.004299,0.017711,0.999834,0,0.67903,-0.79191,40.742,-1.584,-1,400.000,-1,400.000,-1,325.000,325.000,300.000,300.000,-1,-1,-1,-1,850.000,825.000,-1,-1,2,0,2,0,2,0,0,0,0,2,2,2,2,0,0,2,2
42,-2313.833,-7109.042,590.733,110.680,-0.353230,-0.935424,0.014501,0.935521,-0.353093,0.011184,-0.005341,0.017517,0.999832,0,0.67736,-0.79290,40.642,-1.586,-1,400.000,-1,400.000,-1,325.000,325.000,300.000,300.000,-1,-1,-1,-1,850.000,825.000,-1,-1,2,0,2,0,2,0,0,0,0,2,2,2,2,0,0,2,2
43,-2327.097,-7070.720,590.303,109.092,-0.327183,-0.944864,0.013570,0.944937,-0.327037,0.011894,-0.006800,0.016714,0.999837,0,0.67587,-0.79406,40.552,-1.588,-1,400.000,-1,400.000,-1,325.000,325.000,300.000,300.000,-1,-1,-1,-1,850.000,825.000,-1,-1,2,0,2,0,2,0,0,0,0,2,2,2,2,0,0,2,2
44,-2339.268,-7032.119,589.797,107.501,-0.300838,-0.953594,0.012451,0.953638,-0.300686,0.012746,-0.008411,0.015708,0.999841,0,0.67457,-0.79539,40.474,-1.591,-1,400.000,-1,400.000,-1,325.000,325.000,300.000,300.000,-1,-1,-1,-1,850.000,825.000,-1,-1,2,0,2,0,2,0,0,0,0,2,2,2,2,0,0,2,2
45,-2350.343,-6993.258,589.272,105.907,-0.274209,-0.961602,0.011411,0.961618,-0.274052,0.013647,-0.009996,0.014715,0.999842,0,0.67348,-0.79688,40.409,-1.594,-1,400.000,-1,400.000,-1,325.000,325.000,300.000,300.000,-1,-1,-1,-1,850.000,825.000,-1,-1,2,0,2,0,2,0,0,0,0,2,2,2,2,0,0,2,2
46,-2360.318,-6954.153,588.728,104.310,-0.247309,-0.968880,0.010450,0.968868,-0.247149,0.014587,-0.011551,0.013732,0.999839,0,0.67261,-0.79853,40.357,-1.597,-1,400.000,-1,400.000,-1,325.000,325.000,300.000,300.000,-1,-1,-1,-1,850.000,825.000,-1,-1,2,0,2,0,2,0,0,0,0,2,2,2,2,0,0,2,2
47,-2369.189,-6914.823,588.168,102.710,-0.220153,-0.975418,0.009567,0.975378,-0.219991,0.015560,-0.013073,0.012757,0.999833,0,0.67198,-0.80033,40.319,-1.601,-1,400.000,-1,400.000,-1,325.000,325.000,300.000,300.000,-1,-1,-1,-1,825.000,800.000,-1,-1,2,0,2,0,2,0,0,0,0,2,2,2,2,0,0,2,2
48,-2376.950,-6875.282,587.593,101.105,-0.192756,-0.981208,0.008761,0.981139,-0.192595,0.016557,-0.014559,0.011788,0.999825,0,0.67158,-0.80227,40.295,-1.605,-1,400.000,-1,400.000,-1,325.000,325.000,300.000,300.000,-1,-1,-1,-1,825.000,800.000,-1,-1,2,0,2,0,2,0,0,0,0,2,2,2,2,0,0,2,2
49,-2383.596,-6835.548,587.005,99.496,-0.165134,-0.986238,0.008031,0.986141,-0.164975,0.017572,-0.016005,0.010821,0.999813,0,0.67143,-0.80435,40.286,-1.609,-1,400.000,-1,400.000,-1,325.000,325.000,300.000,300.000,-1,-1,-1,-1,825.000,800.000,-1,-1,2,0,2,0,2,0,0,0,0,2,2,2,2,0,0,2,2
50,-2389.122,-6795.638,586.406,97.883,-0.137304,-0.990502,0.007372,0.990376,-0.137148,0.018597,-0.017409,0.009855,0.999800,0,0.67152,-0.80655,40.291,-1.613,-1,400.000,-1,400.000,-1,325.000,325.000,300.000,300.000,-1,-1,-1,-1,825.000,775.000,-1,-1,2,0,2,0,2,0,0,0,0,2,2,2,2,0,0,2,2
51,-2393.521,-6755.567,585.797,96.265,-0.109282,-0.993988,0.006784,0.993834,-0.109131,0.019626,-0.018767,0.008887,0.999784,0,0.67186,-0.80889,40.312,-1.618,-1,400.000,-1,400.000,-1,325.000,325.000,300.000,300.000,-1,-1,-1,-1,825.000,775.000,-1,-1,2,0,2,0,2,0,0,0,0,2,2,2,2,0,0,2,2
52,-2396.869,-6714.362,585.163,94.645,-0.081121,-0.996685,0.006251,0.996502,-0.080976,0.020678,-0.020103,0.007906,0.999767,0,0.68900,-0.81031,41.340,-1.621,-1,400.000,-1,400.000,-1,325.000,325.000,300.000,300.000,-1,-1,-1,-1,825.000,775.000,-1,-1,2,0,2,0,2,0,0,0,0,2,2,2,2,0,0,2,2
53,-2399.046,-6673.151,584.526,93.024,-0.052893,-0.998583,0.005783,0.998371,-0.052756,0.021718,-0.021383,0.006922,0.999747,0,0.68782,-0.81031,41.269,-1.621,-1,400.000,-1,400.000,-1,325.000,325.000,300.000,300.000,-1,-1,-1,-1,825.000,750.000,-1,-1,2,0,2,0,2,0,0,0,0,2,2,2,2,0,0,2,2
54,-2400.055,-6631.964,583.885,91.403,-0.024616,-0.999683,0.005375,0.999441,-0.024488,0.022742,-0.022603,0.005932,0.999727,0,0.68665,-0.81050,41.199,-1.621,-1,400.000,-1,400.000,-1,325.000,325.000,300.000,300.000,-1,-1,-1,-1,800.000,750.000,-1,-1,2,0,2,0,2,0,0,0,0,2,2,2,2,0,0,2,2
55,-2399.898,-6590.833,583.245,89.781,0.003696,-0.999981,0.005023,0.999711,0.003814,0.023744,-0.023763,0.004934,0.999705,0,0.68552,-0.81087,41.131,-1.622,-1,400.000,-1,400.000,-1,325.000,325.000,300.000,300.000,-1,-1,-1,-1,800.000,750.000,-1,-1,2,0,2,0,2,0,0,0,0,2,2,2,2,0,0,2,2
56,-2398.578,-6549.788,582.442,88.159,0.032036,-0.999477,0.004322,0.999187,0.032132,0.024339,-0.024465,0.003539,0.999694,0,0.68445,-0.81142,41.067,-1.623,-1,400.000,-1,400.000,-1,325.000,325.000,300.000,300.000,-1,-1,-1,-1,800.000,750.000,-1,-1,2,0,2,0,2,0,0,0,0,2,2,2,2,0,0,2,2
57,-2396.072,-6508.396,581.368,86.535,0.060371,-0.998170,0.003539,0.997868,0.060440,0.024611,-0.024780,0.002046,0.999691,0,0.69112,-0.81185,41.467,-1.624,-1,400.000,-1,400.000,-1,325.000,325.000,300.000,300.000,-1,-1,-1,-1,800.000,725.000,-1,-1,2,0,2,0,2,0,0,0,0,2,2,2,2,0,0,2,2
58,-2392.400,-6467.157,580.297,84.912,0.088645,-0.996059,0.002765,0.995749,0.088687,0.024870,-0.025017,0.000548,0.999687,0,0.69004,-0.81149,41.402,-1.623,-1,400.000,-1,400.000,-1,325.000,325.000,300.000,300.000,-1,-1,-1,-1,800.000,725.000,-1,-1,2,0,2,0,2,0,0,0,0,2,2,2,2,0,0,2,2
59,-2387.570,-6426.105,579.234,83.289,0.116843,-0.993148,0.001985,0.992831,0.116856,0.025111,-0.025171,-0.000963,0.999683,0,0.68891,-0.81132,41.335,-1.623,-1,400.000,-1,400.000,-1,325.000,325.000,300.000,300.000,-1,-1,-1,-1,800.000,725.000,-1,-1,2,0,2,0,2,0,0,0,0,2,2,2,2,0,0,2,2
60,-2381.589,-6385.275,578.182,81.667,0.144948,-0.989439,0.001195,0.989117,0.144931,0.025338,-0.025243,-0.002490,0.999678,0,0.68777,-0.81133,41.266,-1.623,-1,400.000,-1,375.000,-1,325.000,325.000,300.000,300.000,-1,-1,-1,-1,800.000,725.000,-1,-1,2,0,2,0,2,0,0,0,0,2,2,2,2,0,0,2,2
61,-2374.466,-6344.696,577.144,80.044,0.172943,-0.984932,0.000390,0.984608,0.172897,0.025552,-0.025234,-0.004035,0.999673,0,0.68665,-0.81152,41.199,-1.623,-1,400.000,-1,375.000,-1,325.000,325.000,300.000,300.000,-1,-1,-1,-1,800.000,700.000,-1,-1,2,0,2,0,2,0,0,0,0,2,2,2,2,0,0,2,2
62,-2366.209,-6304.400,576.122,78.420,0.200813,-0.979629,-0.000437,0.979307,0.200736,0.025757,-0.025144,-0.005601,0.999668,0,0.68556,-0.81190,41.134,-1.624,-1,400.000,-1,375.000,-1,325.000,325.000,300.000,300.000,-1,-1,-1,-1,800.000,700.000,-1,-1,2,0,2,0,2,0,0,0,0,2,2,2,2,0,0,2,2
63,-2356.827,-6264.413,575.119,76.795,0.228541,-0.973534,-0.001290,0.973214,0.228431,0.025957,-0.024975,-0.007188,0.999662,0,0.68454,-0.81245,41.072,-1.625,-1,400.000,-1,375.000,-1,325.000,325.000,300.000,300.000,-1,-1,-1,-1,800.000,700.000,-1,-1,2,0,2,0,2,0,0,0,0,2,2,2,2,0,0,2,2
64,-2346.328,-6224.763,574.138,75.169,0.256108,-0.966646,-0.002173,0.966332,0.255966,0.026156,-0.024728,-0.008798,0.999656,0,0.68361,-0.81319,41.016,-1.626,-1,400.000,-1,375.000,-1,325.000,325.000,300.000,300.000,-1,-1,-1,-1,800.000,700.000,-1,-1,2,0,2,0,2,0,0,0,0,2,2,2,2,0,0,2,2
65,-2334.721,-6185.475,573.180,73.540,0.283500,-0.958967,-0.003089,0.958662,0.283324,0.026361,-0.024404,-0.010435,0.999648,0,0.68279,-0.81410,40.967,-1.628,-1,400.000,-1,375.000,-1,325.000,325.000,300.000,300.000,-1,-1,-1,-1,800.000,700.000,-1,-1,2,0,2,0,2,0,0,0,0,2,2,2,2,0,0,2,2
66,-2321.515,-6145.136,572.215,71.873,0.311317,-0.950297,-0.004077,0.950003,0.311107,0.026582,-0.023992,-0.012149,0.999638,0,0.70743,-0.83384,42.446,-1.668,-1,400.000,-1,375.000,-1,325.000,325.000,300.000,300.000,-1,-1,-1,-1,800.000,700.000,-1,-1,2,0,2,0,2,0,0,0,0,2,2,2,2,0,0,2,2
67,-2307.090,-6105.051,571.276,70.208,0.338816,-0.940839,-0.005112,0.940559,0.338570,0.026821,-0.023503,-0.013895,0.999627,0,0.71002,-0.83222,42.601,-1.664,1000.000,400.000,-1,375.000,-1,325.000,325.000,300.000,300.000,-1,-1,-1,-1,800.000,675.000,975.000,-1,1,0,2,0,2,0,0,0,0,2,2,2,2,0,0,1,2
68,-2291.456,-6065.262,570.367,68.547,0.365969,-0.930607,-0.006196,0.930344,0.365685,0.027085,-0.022939,-0.015677,0.999614,0,0.71250,-0.83038,42.750,-1.661,925.000,400.000,-1,375.000,-1,325.000,300.000,300.000,300.000,-1,-1,-1,-1,775.000,675.000,925.000,-1,1,0,2,0,2,0,0,0,0,2,2,2,2,0,0,1,2
69,-2272.974,-6021.451,569.367,67.127,0.388959,-0.921224,-0.007581,0.920987,0.388634,0.027336,-0.022237,-0.017615,0.999598,0,0.79250,-0.71038,47.550,-1.421,875.000,400.000,-1,375.000,-1,325.000,300.000,300.000,300.000,-1,-1,-1,-1,775.000,675.000,875.000,-1,1,0,2,0,2,0,0,0,0,2,2,2,2,0,0,1,2
70,-2251.637,-5973.647,568.269,65.946,0.407892,-0.912982,-0.009402,0.912781,0.407518,0.027576,-0.021345,-0.019830,0.999575,0,0.87250,-0.59038,52.350,-1.181,825.000,400.000,-1,375.000,-1,325.000,300.000,300.000,300.000,-1,-1,-1,-1,750.000,675.000,825.000,-1,1,0,2,0,2,0,0,0,0,2,2,2,2,1,0,1,2
71,-2227.730,-5922.365,567.134,65.005,0.422859,-0.906123,-0.011480,0.905965,0.422432,0.027910,-0.020441,-0.022202,0.999545,0,0.94302,-0.47038,56.581,-0.941,775.000,400.000,-1,375.000,-1,325.000,300.000,300.000,300.000,-1,-1,-1,-1,725.000,675.000,775.000,-1,1,0,2,0,2,0,0,0,0,2,2,2,2,1,0,1,2
72,-2203.126,-5871.231,566.055,64.304,0.433940,-0.900838,-0.013671,0.900729,0.433458,0.028298,-0.019566,-0.024594,0.999506,0,0.94576,-0.35038,56.745,-0.701,725.000,400.000,-1,375.000,-1,325.000,300.000,300.000,300.000,-1,-1,-1,-1,675.000,675.000,725.000,-1,1,0,2,0,2,0,0,0,0,2,2,2,2,1,0,1,2
73,-2178.043,-5820.155,565.149,63.844,0.441181,-0.897282,-0.015641,0.897233,0.440668,0.028005,-0.018236,-0.026388,0.999485,0,0.94838,-0.23038,56.903,-0.461,650.000,400.000,-1,375.000,-1,325.000,300.000,300.000,325.000,-1,-1,-1,-1,650.000,675.000,675.000,-1,1,0,2,0,2,0,0,0,0,2,2,2,2,1,0,1,2
74,-2152.696,-5769.041,564.332,63.623,0.444630,-0.895543,-0.017507,0.895561,0.444106,0.027231,-0.016612,-0.027786,0.999476,0,0.95090,-0.11038,57.054,-0.221,600.000,400.000,-1,375.000,-1,325.000,300.000,300.000,325.000,-1,950.000,-1,-1,625.000,675.000,625.000,-1,1,0,2,0,2,0,0,0,0,2,0,2,2,1,0,1,2
75,-2127.184,-5717.845,563.516,63.512,0.446355,-0.894650,-0.019208,0.894728,0.445824,0.026530,-0.015172,-0.029027,0.999463,0,0.95334,-0.05549,57.200,-0.111,550.000,400.000,-1,375.000,-1,325.000,300.000,300.000,325.000,-1,875.000,-1,-1,575.000,675.000,600.000,-1,1,0,2,0,2,0,0,0,0,2,0,2,2,1,0,1,2
76,-2101.517,-5666.572,562.744,63.407,0.447976,-0.893801,-0.020904,0.893940,0.447441,0.025857,-0.013758,-0.030271,0.999447,0,0.95565,-0.05233,57.339,-0.105,500.000,400.000,-1,375.000,-1,325.000,300.000,300.000,300.000,-1,800.000,-1,-1,550.000,675.000,550.000,-1,1,0,2,0,2,0,0,0,0,2,0,2,2,1,0,1,2
77,-2075.705,-5615.228,562.033,63.309,0.449487,-0.892999,-0.022675,0.893202,0.448950,0.025198,-0.012321,-0.031579,0.999425,0,0.95778,-0.04896,57.467,-0.098,475.000,400.000,-1,375.000,-1,325.000,300.000,300.000,300.000,-1,725.000,950.000,-1,525.000,650.000,500.000,-1,1,1,2,0,2,0,0,0,0,2,0,0,2,1,0,1,2
78,-2049.760,-5563.823,561.383,63.219,0.450881,-0.892247,-0.024521,0.892518,0.450343,0.024551,-0.010863,-0.032955,0.999398,0,0.95969,-0.04537,57.581,-0.091,425.000,375.000,-1,375.000,-1,325.000,300.000,300.000,300.000,-1,700.000,900.000,-1,500.000,675.000,450.000,-1,1,1,2,0,2,0,0,0,0,2,0,0,2,1,0,1,2
79,-2023.695,-5512.366,560.795,63.136,0.452150,-0.891550,-0.026441,0.891893,0.451614,0.023919,-0.009384,-0.034397,0.999364,0,0.96136,-0.04153,57.682,-0.083,375.000,350.000,-1,375.000,-1,325.000,300.000,300.000,300.000,-1,650.000,850.000,-1,500.000,675.000,400.000,-1,1,1,2,0,2,0,0,0,0,2,0,0,2,1,0,1,2
80,-1997.525,-5460.869,560.293,63.061,0.453284,-0.890909,-0.028548,0.891332,0.452753,0.023279,-0.007814,-0.035998,0.999321,0,0.96276,-0.03743,57.765,-0.075,325.000,325.000,-1,375.000,-1,300.000,300.000,300.000,300.000,-1,600.000,825.000,-1,475.000,675.000,350.000,-1,1,1,2,0,2,1,0,0,0,2,0,0,2,1,0,1,2
81,-1971.266,-5409.344,559.913,62.995,0.454271,-0.890324,-0.031009,0.890843,0.453749,0.022597,-0.006048,-0.037889,0.999264,0,0.96384,-0.03306,57.831,-0.066,275.000,325.000,-1,375.000,-1,300.000,300.000,300.000,300.000,-1,600.000,775.000,-1,475.000,700.000,300.000,-1,1,1,2,0,2,1,0,0,0,2,0,0,2,1,0,1,2
82,-1944.936,-5357.805,559.591,62.938,0.455104,-0.889804,-0.033613,0.890428,0.454596,0.021917,-0.004222,-0.039905,0.999195,0,0.96459,-0.02840,57.875,-0.057,225.000,300.000,-1,375.000,-1,300.000,325.000,300.000,300.000,-1,575.000,725.000,-1,475.000,700.000,250.000,-1,1,1,2,0,2,1,0,0,0,2,0,0,2,1,0,1,2
83,-1918.550,-5306.270,561.381,62.891,0.455551,-0.889638,-0.031906,0.890199,0.455429,0.011437,0.004356,-0.033613,0.999425,0,0.96494,-0.02343,57.897,-0.047,200.000,325.000,-1,400.000,-1,300.000,325.000,325.000,300.000,-1,450.000,525.000,-1,525.000,750.000,250.000,-1,1,1,2,0,2,1,0,0,0,2,0,0,2,1,0,1,2
84,-1892.132,-5254.757,564.985,62.855,0.455855,-0.889669,-0.026172,0.889875,0.456156,-0.006678,0.017880,-0.020246,0.999635,0,0.96487,-0.01815,57.892,-0.036,200.000,350.000,-1,425.000,-1,350.000,350.000,375.000,300.000,-1,350.000,325.000,-1,675.000,825.000,250.000,-1,1,1,2,0,2,1,0,0,0,2,0,0,2,1,0,1,2
85,-1865.709,-5203.282,568.106,62.830,0.456206,-0.889614,-0.021505,0.889397,0.456620,-0.021720,0.029142,-0.009218,0.999533,0,0.96433,-0.01254,57.860,-0.025,225.000,400.000,-1,450.000,-1,400.000,375.000,350.000,275.000,-1,300.000,225.000,-1,-1,900.000,275.000,-1,1,1,2,0,2,0,0,1,0,2,0,0,2,2,0,1,2
86,-1839.305,-5151.869,570.642,62.816,0.456485,-0.889547,-0.018125,0.888899,0.456844,-0.033938,0.038470,-0.000619,0.999260,0,0.96327,-0.00659,57.796,-0.013,225.000,450.000,-1,475.000,-1,425.000,400.000,325.000,275.000,-1,275.000,175.000,-1,-1,950.000,350.000,-1,1,1,2,0,2,0,0,1,0,2,0,0,2,2,0,1,2
87,-1812.945,-5100.542,572.597,62.816,0.456600,-0.889528,-0.016013,0.888488,0.456847,-0.043354,0.045880,0.005568,0.998931,0,0.96165,-0.00031,57.699,-0.001,225.000,550.000,-1,500.000,-1,450.000,425.000,275.000,275.000,-1,250.000,150.000,-1,-1,-1,-1,-1,1,1,2,0,2,0,0,1,0,2,0,0,2,2,2,2,2
88,-1787.419,-5051.347,573.602,62.575,0.460436,-0.887574,-0.014531,0.886274,0.460564,-0.048977,0.050163,0.009672,0.998694,0,0.92370,-0.12031,55.422,-0.241,225.000,625.000,-1,500.000,-1,450.000,425.000,250.000,275.000,-1,225.000,125.000,-1,-1,-1,-1,-1,1,0,2,0,2,0,0,1,0,2,0,0,2,2,2,2,2
89,-1761.567,-5002.532,573.901,62.094,0.467875,-0.883669,-0.014886,0.882260,0.467988,-0.051027,0.052058,0.010741,0.998586,0,0.92062,-0.24031,55.237,-0.481,250.000,650.000,-1,500.000,-1,450.000,425.000,200.000,275.000,-1,225.000,125.000,-1,-1,-1,-1,-1,1,0,2,0,2,0,0,1,0,2,0,0,2,2,2,2,2
90,-1735.329,-4954.206,573.507,61.501,0.476902,-0.878793,-0.016951,0.877447,0.477124,-0.049393,0.051494,0.008682,0.998636,0,0.91651,-0.29670,54.990,-0.593,250.000,625.000,-1,500.000,-1,450.000,425.000,175.000,275.000,-1,250.000,125.000,-1,-1,-1,-1,-1,1,0,2,0,2,0,0,1,0,2,0,0,2,2,2,2,2
91,-1708.750,-4906.408,572.466,60.924,0.485557,-0.873969,-0.020317,0.872857,0.485967,-0.044228,0.048527,0.003741,0.998815,0,0.91152,-0.28858,54.691,-0.577,300.000,625.000,-1,500.000,-1,450.000,425.000,150.000,275.000,-1,250.000,150.000,-1,-1,-1,-1,-1,1,0,2,0,2,0,0,1,0,2,0,0,2,2,2,2,2
92,-1681.867,-4859.168,570.822,60.358,0.493959,-0.869127,-0.024942,0.868418,0.494571,-0.035346,0.043056,-0.004201,0.999064,0,0.90589,-0.28283,54.353,-0.566,-1,575.000,-1,475.000,-1,425.000,400.000,125.000,275.000,-1,275.000,175.000,-1,-1,-1,-1,-1,2,0,2,0,2,0,0,1,0,2,0,0,2,2,2,2,2
93,-1654.710,-4812.516,568.573,59.795,0.502322,-0.864135,-0.030720,0.863968,0.503034,-0.022737,0.035101,-0.015120,0.999269,0,0.89969,-0.28148,53.981,-0.563,-1,550.000,-1,450.000,-1,400.000,375.000,100.000,275.000,-1,325.000,250.000,-1,-1,1000.000,-1,-1,2,0,2,0,2,0,0,1,0,2,0,0,2,2,0,2,2
94,-1627.305,-4766.476,567.053,59.234,0.511012,-0.859032,-0.030491,0.859332,0.511388,-0.005585,0.020391,-0.023348,0.999519,0,0.89302,-0.28047,53.581,-0.561,-1,500.000,-1,425.000,-1,375.000,350.000,100.000,275.000,-1,625.000,550.000,-1,-1,900.000,-1,-1,2,0,2,0,2,0,0,1,0,2,0,0,2,2,0,2,2
95,-1599.669,-4721.064,567.304,58.675,0.519983,-0.853969,-0.018837,0.854165,0.519737,0.016581,-0.004369,-0.024712,0.999685,0,0.88601,-0.27981,53.160,-0.560,-1,425.000,-1,375.000,-1,350.000,325.000,100.000,275.000,-1,-1,-1,-1,900.000,725.000,-1,-1,2,0,2,0,2,0,0,1,0,2,2,2,2,0,0,2,2
96,-1571.818,-4676.290,567.835,58.116,0.528568,-0.848848,-0.008522,0.848543,0.528038,0.033911,-0.024285,-0.025156,0.999389,0,0.87881,-0.27949,52.729,-0.559,-1,400.000,-1,350.000,-1,300.000,300.000,100.000,275.000,-1,-1,-1,-1,775.000,625.000,-1,-1,2,0,2,0,2,0,0,1,0,2,2,2,2,0,0,2,2
97,-1543.760,-4632.156,570.685,57.557,0.536626,-0.843812,0.003849,0.843187,0.536394,0.036278,-0.032676,-0.016222,0.999334,0,0.87160,-0.27953,52.296,-0.559,-1,400.000,-1,325.000,900.000,300.000,300.000,100.000,275.000,-1,-1,-1,-1,750.000,600.000,-1,-1,2,0,2,0,0,0,0,1,0,2,2,2,2,0,0,2,2
98,-1515.505,-4588.655,572.942,56.997,0.544593,-0.838600,0.013005,0.837788,0.544658,0.038192,-0.039111,-0.009904,0.999186,0,0.86454,-0.27989,51.872,-0.560,-1,400.000,-1,325.000,700.000,300.000,275.000,125.000,250.000,-1,-1,-1,-1,750.000,575.000,-1,-1,2,0,2,0,0,0,0,1,0,2,2,2,2,0,0,2,2
99,-1487.050,-4545.770,574.611,56.436,0.552571,-0.833250,0.018951,0.832324,0.552862,0.039750,-0.043599,-0.006192,0.999030,0,0.85775,-0.28059,51.465,-0.561,-1,400.000,-1,325.000,625.000,300.000,275.000,150.000,250.000,-1,-1,-1,-1,750.000,575.000,-1,850.000,2,0,2,0,0,0,0,1,0,2,2,2,2,0,0,2,0
100,-1458.391,-4503.485,575.614,55.873,0.560625,-0.827782,0.021813,0.826796,0.561029,0.040675,-0.045908,-0.004768,0.998934,0,0.85138,-0.28159,51.083,-0.563,-1,400.000,-1,325.000,600.000,300.000,275.000,175.000,250.000,325.000,-1,-1,-1,750.000,550.000,-1,800.000,2,0,2,0,0,0,0,1,0,1,2,2,2,0,0,2,0
101,-1429.516,-4461.773,575.856,55.307,0.568784,-0.822200,0.021726,0.821213,0.569174,0.040619,-0.045763,-0.005261,0.998938,0,0.84551,-0.28288,50.730,-0.566,-1,400.000,-1,325.000,625.000,300.000,275.000,200.000,250.000,250.000,-1,-1,-1,750.000,575.000,-1,850.000,2,0,2,0,0,0,0,1,0,1,2,2,2,0,0,2,0
102,-1400.413,-4420.611,575.506,54.738,0.577062,-0.816492,0.018454,0.815533,0.577298,0.040420,-0.043656,-0.008275,0.999012,0,0.84021,-0.28444,50.412,-0.569,-1,400.000,-1,325.000,700.000,300.000,275.000,225.000,250.000,225.000,-1,-1,-1,750.000,575.000,-1,-1,2,0,2,0,0,0,0,1,0,1,2,2,2,0,0,2,2
103,-1371.064,-4379.968,574.540,54.165,0.585427,-0.810634,0.012125,0.809754,0.585392,0.040179,-0.039668,-0.013704,0.999119,0,0.83552,-0.28625,50.131,-0.573,-1,400.000,-1,350.000,-1,300.000,300.000,225.000,275.000,200.000,-1,-1,-1,750.000,600.000,-1,-1,2,0,2,0,2,0,0,1,0,1,2,2,2,0,0,2,2
104,-1341.454,-4339.819,572.693,53.589,0.593793,-0.804608,0.004004,0.803874,0.593451,0.040030,-0.034585,-0.020550,0.999190,0,0.83147,-0.28830,49.888,-0.577,-1,400.000,-1,350.000,-1,300.000,300.000,250.000,275.000,200.000,-1,-1,-1,775.000,625.000,-1,-1,2,0,2,0,2,0,0,1,0,1,2,2,2,0,0,2,2
105,-1311.563,-4300.135,570.247,53.008,0.602137,-0.798360,-0.007262,0.797917,0.601439,0.039993,-0.027561,-0.029876,0.999174,0,0.82804,-0.29055,49.682,-0.581,-1,400.000,-1,350.000,-1,325.000,300.000,275.000,275.000,200.000,-1,-1,-1,775.000,675.000,-1,-1,2,0,2,0,2,0,0,1,0,1,2,2,2,0,0,2,2
106,-1281.371,-4260.892,567.200,52.422,0.610354,-0.791832,-0.021678,0.791910,0.609315,0.040166,-0.018596,-0.041683,0.998958,0,0.82522,-0.29300,49.513,-0.586,-1,400.000,-1,375.000,-1,325.000,300.000,300.000,275.000,175.000,-1,-1,-1,800.000,725.000,-1,-1,2,0,2,0,2,0,0,1,0,1,2,2,2,0,0,2,2
107,-1250.862,-4222.066,563.546,51.830,0.618311,-0.784953,-0.039249,0.785896,0.617021,0.040650,-0.007691,-0.055980,0.998402,0,0.82299,-0.29562,49.379,-0.591,-1,400.000,-1,400.000,-1,325.000,325.000,300.000,300.000,175.000,-1,-1,-1,825.000,800.000,-1,-1,2,0,2,0,2,0,0,1,0,1,2,2,2,0,0,2,2
108,-1220.012,-4183.638,560.627,51.234,0.626102,-0.777934,-0.053050,0.779740,0.624723,0.041547,0.000821,-0.067378,0.997727,0,0.82131,-0.29841,49.279,-0.597,1000.000,400.000,-1,400.000,-1,325.000,325.000,300.000,300.000,200.000,350.000,-1,-1,850.000,900.000,-1,-1,1,0,2,0,2,0,0,0,0,1,1,2,2,0,0,2,2
109,-1188.798,-4145.596,560.587,50.631,0.634309,-0.771326,-0.052043,0.773079,0.632876,0.042623,0.000060,-0.067270,0.997735,0,0.82014,-0.30134,49.209,-0.603,950.000,400.000,-1,400.000,-1,325.000,325.000,300.000,300.000,225.000,375.000,-1,-1,850.000,900.000,-1,-1,1,0,2,0,2,0,0,0,0,1,1,2,2,0,0,2,2
110,-1157.209,-4107.919,560.554,50.022,0.642528,-0.764560,-0.051049,0.766262,0.641038,0.043732,-0.000712,-0.067216,0.997738,0,0.81945,-0.30441,49.167,-0.609,925.000,400.000,-1,400.000,-1,325.000,325.000,300.000,300.000,275.000,425.000,-1,-1,850.000,925.000,-1,-1,1,0,2,0,2,0,0,0,0,1,1,2,2,0,0,2,2
111,-1128.485,-4074.105,560.518,49.653,0.647494,-0.760419,-0.050146,0.762068,0.645947,0.044771,-0.001653,-0.067204,0.997738,0,0.73945,-0.18441,44.367,-0.369,875.000,400.000,-1,400.000,-1,325.000,325.000,300.000,300.000,300.000,475.000,-1,-1,850.000,925.000,-1,-1,1,0,2,0,2,0,0,0,0,1,1,2,2,0,0,2,2
112,-1102.801,-4044.007,560.472,49.525,0.649261,-0.758963,-0.049340,0.760561,0.647654,0.045737,-0.002757,-0.067221,0.997734,0,0.65945,-0.06441,39.567,-0.129,850.000,400.000,-1,400.000,-1,325.000,325.000,300.000,300.000,325.000,525.000,-1,-1,850.000,925.000,-1,-1,1,0,2,0,2,0,0,0,0,1,1,2,2,0,0,2,2
113,-1079.912,-4017.077,560.394,49.636,0.647850,-0.760213,-0.048639,0.761757,0.646175,0.046733,-0.004097,-0.067327,0.997723,0,0.58905,0.05559,35.343,0.111,825.000,400.000,-1,400.000,-1,325.000,325.000,300.000,300.000,350.000,575.000,-1,-1,850.000,950.000,1000.000,-1,1,0,2,0,2,0,0,0,0,1,1,2,2,1,0,1,2
114,-1057.155,-3989.969,560.268,49.987,0.643253,-0.764149,-0.047969,0.765632,0.641495,0.047880,-0.005815,-0.067526,0.997701,0,0.58990,0.17559,35.394,0.351,800.000,400.000,-1,400.000,-1,325.000,325.000,300.000,300.000,375.000,625.000,-1,-1,825.000,950.000,975.000,-1,1,0,2,0,2,0,0,0,0,1,1,2,2,1,0,1,2
115,-1034.637,-3962.575,560.103,50.578,0.635418,-0.770717,-0.047323,0.772129,0.633568,0.049086,-0.007849,-0.067730,0.997673,0,0.59102,0.29559,35.461,0.591,775.000,400.000,-1,400.000,-1,325.000,325.000,300.000,300.000,400.000,700.000,-1,-1,800.000,950.000,925.000,-1,1,0,2,0,2,0,0,0,0,1,1,2,2,1,0,1,2
116,-1012.468,-3934.795,559.891,51.409,0.624263,-0.779816,-0.046716,0.781148,0.622312,0.050357,-0.010197,-0.067928,0.997638,0,0.59237,0.41559,35.542,0.831,725.000,400.000,-1,400.000,-1,325.000,325.000,300.000,300.000,425.000,-1,-1,-1,775.000,950.000,875.000,-1,1,0,2,0,2,0,0,0,0,1,2,2,2,1,0,1,2
117,-989.873,-3905.368,559.612,52.480,0.609680,-0.791304,-0.046139,0.792542,0.607617,0.051748,-0.012913,-0.068117,0.997594,0,0.61836,0.53559,37.101,1.071,700.000,400.000,-1,400.000,-1,325.000,325.000,300.000,300.000,450.000,-1,-1,-1,750.000,950.000,825.000,-1,1,0,2,0,2,0,0,0,0,1,2,2,2,1,0,1,2
118,-967.941,-3875.440,559.171,53.765,0.591887,-0.804735,-0.045522,0.805870,0.589737,0.052772,-0.015621,-0.067920,0.997568,0,0.61842,0.64216,37.105,1.284,675.000,400.000,-1,400.000,-1,325.000,325.000,300.000,300.000,475.000,-1,-1,-1,725.000,950.000,775.000,-1,1,0,2,0,2,0,0,0,0,1,2,2,2,1,0,1,2
119,-946.673,-3845.013,558.546,55.046,0.573816,-0.817756,-0.044824,0.818786,0.571613,0.053377,-0.018027,-0.067330,0.997568,0,0.61873,0.64081,37.124,1.282,625.000,400.000,-1,400.000,-1,325.000,325.000,300.000,300.000,500.000,-1,-1,-1,700.000,950.000,725.000,-1,1,0,2,0,2,0,0,0,0,1,2,2,2,1,0,1,2
120,-926.077,-3814.103,557.742,56.325,0.555486,-0.830357,-0.044078,0.831279,0.553249,0.053762,-0.020255,-0.066505,0.997580,0,0.61905,0.63945,37.143,1.279,600.000,400.000,-1,400.000,-1,325.000,325.000,300.000,300.000,525.000,-1,-1,-1,675.000,950.000,675.000,-1,1,0,2,0,2,0,0,0,0,1,2,2,2,1,0,1,2
121,-906.165,-3782.724,556.868,57.601,0.536916,-0.842521,-0.043348,0.843337,0.534649,0.054156,-0.022451,-0.065634,0.997591,0,0.61940,0.63809,37.164,1.276,575.000,400.000,-1,400.000,-1,325.000,325.000,300.000,300.000,550.000,-1,-1,-1,650.000,950.000,625.000,-1,1,0,2,0,2,0,0,0,0,1,2,2,2,1,0,1,2
122,-886.943,-3750.892,555.910,58.875,0.518118,-0.854250,-0.042560,0.854954,0.515826,0.054566,-0.024659,-0.064659,0.997603,0,0.61977,0.63672,37.186,1.273,550.000,400.000,-1,400.000,-1,325.000,325.000,300.000,300.000,575.000,-1,-1,-1,625.000,950.000,600.000,-1,1,0,2,0,2,0,0,0,0,1,2,2,2,1,0,1,2
123,-868.420,-3718.621,554.822,60.146,0.499104,-0.865548,-0.041504,0.866121,0.496796,0.055029,-0.027012,-0.063413,0.997622,0,0.62016,0.63534,37.209,1.271,500.000,400.000,-1,400.000,-1,325.000,325.000,300.000,300.000,600.000,-1,-1,-1,600.000,925.000,550.000,-1,1,0,2,0,2,0,0,0,0,1,2,2,2,1,0,1,2
124,-848.556,-3682.275,553.538,61.345,0.480936,-0.875826,-0.040358,0.876264,0.478615,0.055586,-0.029368,-0.062098,0.997638,0,0.69035,0.59950,41.421,1.199,475.000,400.000,-1,400.000,-1,325.000,325.000,300.000,300.000,625.000,-1,-1,-1,550.000,925.000,525.000,-1,1,0,2,0,2,0,0,0,0,1,2,2,2,1,0,1,2
125,-829.398,-3645.402,552.175,62.546,0.462514,-0.885744,-0.039228,0.886045,0.460184,0.056164,-0.031695,-0.060735,0.997651,0,0.69255,0.60074,41.553,1.201,450.000,400.000,-1,400.000,-1,325.000,325.000,300.000,300.000,650.000,-1,-1,-1,525.000,925.000,475.000,-1,1,1,2,0,2,0,0,0,0,1,2,2,2,1,0,1,2
126,-810.961,-3608.016,550.736,63.750,0.443843,-0.895293,-0.038116,0.895460,0.441509,0.056762,-0.033990,-0.059325,0.997660,0,0.69476,0.60198,41.686,1.204,400.000,375.000,-1,400.000,-1,325.000,325.000,300.000,300.000,675.000,-1,-1,-1,500.000,925.000,425.000,-1,1,1,2,0,2,0,0,0,0,1,2,2,2,1,0,1,2
127,-793.258,-3570.129,549.220,64.957,0.424931,-0.904469,-0.037022,0.904500,0.422597,0.057378,-0.036251,-0.057868,0.997666,0,0.69699,0.60323,41.819,1.206,375.000,375.000,-1,400.000,-1,325.000,325.000,300.000,300.000,725.000,-1,-1,-1,475.000,925.000,400.000,-1,1,1,2,0,2,0,0,0,0,1,2,2,2,1,0,1,2
128,-776.304,-3531.754,547.630,66.166,0.405783,-0.913262,-0.035949,0.913159,0.403454,0.058010,-0.038475,-0.056366,0.997669,0,0.69923,0.60450,41.954,1.209,350.000,350.000,-1,400.000,-1,325.000,325.000,300.000,300.000,750.000,-1,-1,-1,450.000,925.000,350.000,-1,1,1,2,0,2,1,0,0,0,1,2,2,2,1,0,1,2
129,-760.113,-3492.905,545.966,67.377,0.386406,-0.921668,-0.034898,0.921432,0.384086,0.058657,-0.040659,-0.054821,0.997668,0,0.70147,0.60578,42.088,1.212,300.000,325.000,-1,400.000,-1,300.000,325.000,300.000,300.000,775.000,-1,-1,-1,425.000,925.000,325.000,-1,1,1,2,0,2,1,1,0,0,1,2,2,2,1,0,1,2
130,-744.701,-3453.596,544.230,68.591,0.366808,-0.929680,-0.033870,0.929311,0.364502,0.059317,-0.042800,-0.053234,0.997664,0,0.70371,0.60708,42.223,1.214,275.000,300.000,-1,400.000,-1,300.000,325.000,300.000,300.000,800.000,-1,-1,-1,400.000,925.000,275.000,-1,1,1,2,0,2,1,1,0,0,1,2,2,2,1,0,1,2
131,-728.477,-3409.461,542.221,69.818,0.346827,-0.937357,-0.032762,0.936848,0.344540,0.060063,-0.045013,-0.051525,0.997657,0,0.78371,0.61356,47.023,1.227,225.000,275.000,-1,400.000,-1,275.000,300.000,300.000,300.000,850.000,-1,-1,-1,350.000,900.000,250.000,-1,1,1,2,0,2,1,1,0,0,1,2,2,2,1,0,1,2
132,-711.646,-3360.448,539.878,71.049,0.326627,-0.944618,-0.031804,0.943977,0.324358,0.060815,-0.047131,-0.049886,0.997642,0,0.86371,0.61525,51.823,1.230,200.000,250.000,-1,400.000,-1,250.000,300.000,300.000,325.000,875.000,-1,-1,-1,325.000,900.000,200.000,-1,1,1,2,0,2,1,1,0,0,1,2,2,2,1,0,1,2
133,-694.404,-3306.516,541.395,72.284,0.305168,-0.952114,-0.018729,0.951633,0.304160,0.043385,-0.035611,-0.031063,0.998883,0,0.94371,0.61736,56.623,1.235,175.000,250.000,-1,450.000,-1,250.000,300.000,350.000,300.000,925.000,-1,-1,-1,325.000,975.000,175.000,-1,1,1,2,0,2,1,1,0,0,1,2,2,2,1,1,1,2
134,-677.776,-3250.326,544.347,73.523,0.283671,-0.958922,0.000054,0.958740,0.283619,0.019445,-0.018662,-0.005464,0.999811,0,0.97667,0.61995,58.600,1.240,150.000,250.000,-1,500.000,-1,250.000,325.000,425.000,300.000,975.000,625.000,300.000,-1,325.000,950.000,175.000,-1,1,1,2,0,2,1,1,0,0,1,0,0,2,1,1,1,2
135,-662.345,-3193.641,547.008,74.769,0.262674,-0.964682,0.019790,0.964883,0.262654,-0.003619,-0.001707,0.020045,0.999798,0,0.97914,0.62290,58.748,1.246,150.000,250.000,-1,550.000,-1,275.000,375.000,500.000,275.000,-1,350.000,125.000,800.000,350.000,925.000,150.000,-1,1,1,2,0,2,1,1,0,0,2,0,0,0,1,1,1,2
136,-648.132,-3136.495,549.341,76.021,0.242196,-0.969362,0.040968,0.970113,0.241304,-0.025537,0.014869,0.045928,0.998834,0,0.98144,0.62609,58.886,1.252,150.000,275.000,-1,600.000,-1,275.000,400.000,500.000,275.000,-1,275.000,75.000,525.000,350.000,900.000,150.000,-1,1,1,2,0,2,1,1,1,0,2,0,0,0,1,1,1,2
