timestep,x_cm,y_cm,z_cm,yaw_deg,basis_xx,basis_xy,basis_xz,basis_yx,basis_yy,basis_yz,basis_zx,basis_zy,basis_zz,teleport_flag,throttle_cmd,steering_cmd,cmd_move_cm,cmd_turn_deg,lidar_cm_0,lidar_cm_1,lidar_cm_2,lidar_cm_3,lidar_cm_4,lidar_cm_5,lidar_cm_6,lidar_cm_7,lidar_cm_8,lidar_cm_9,lidar_cm_10,lidar_cm_11,lidar_cm_12,lidar_cm_13,lidar_cm_14,lidar_cm_15,lidar_cm_16,lidar_class_0,lidar_class_1,lidar_class_2,lidar_class_3,lidar_class_4,lidar_class_5,lidar_class_6,lidar_class_7,lidar_class_8,lidar_class_9,lidar_class_10,lidar_class_11,lidar_class_12,lidar_class_13,lidar_class_14,lidar_class_15,lidar_class_16
0,-2955.827,-2949.253,105.325,149.124,-0.858147,-0.512191,-0.035269,0.513388,-0.856626,-0.051237,-0.003969,-0.062075,0.998064,1,0.08000,0.12000,4.800,0.240,-1,275.000,-1,325.000,-1,250.000,250.000,-1,325.000,-1,-1,-1,-1,475.000,575.000,450.000,-1,2,0,2,0,2,0,0,2,0,2,2,2,2,0,0,0,2
1,-2964.108,-2944.396,105.654,149.604,-0.862421,-0.504987,-0.034902,0.506177,-0.860872,-0.051814,-0.003880,-0.062352,0.998047,0,0.16000,0.24000,9.600,0.480,-1,275.000,-1,325.000,-1,250.000,250.000,-1,325.000,-1,-1,-1,-1,475.000,575.000,450.000,-1,2,0,2,0,2,0,0,2,0,2,2,2,2,0,0,0,2
2,-2976.594,-2937.222,106.403,150.125,-0.867019,-0.497170,-0.033165,0.498267,-0.865463,-0.052004,-0.002848,-0.061614,0.998096,0,0.24000,0.26022,14.400,0.520,-1,275.000,-1,325.000,-1,250.000,250.000,-1,325.000,-1,-1,-1,-1,500.000,575.000,475.000,-1,2,0,2,0,2,0,0,2,0,2,2,2,2,0,0,0,2
3,-2993.328,-2927.809,107.654,150.648,-0.871606,-0.489307,-0.029687,0.490206,-0.870080,-0.051568,-0.000597,-0.059500,0.998228,0,0.32000,0.26168,19.200,0.523,-1,300.000,-1,325.000,-1,250.000,250.000,-1,325.000,-1,-1,-1,-1,500.000,575.000,550.000,-1,2,0,2,0,2,0,0,2,0,2,2,2,2,0,0,0,2
4,-3014.352,-2916.235,109.464,151.175,-0.876175,-0.481385,-0.024219,0.481984,-0.874733,-0.050338,0.003047,-0.055778,0.998439,0,0.40000,0.26356,24.000,0.527,-1,300.000,-1,325.000,-1,250.000,275.000,-1,325.000,-1,-1,-1,-1,525.000,600.000,700.000,-1,2,0,2,0,2,0,0,2,0,2,2,2,2,0,0,0,2
5,-3039.709,-2902.581,111.913,151.707,-0.880699,-0.473391,-0.016422,0.473603,-0.879425,-0.048091,0.008324,-0.050131,0.998708,0,0.48000,0.26577,28.800,0.532,-1,325.000,-1,350.000,-1,275.000,275.000,-1,325.000,-1,-1,-1,-1,575.000,625.000,975.000,-1,2,0,2,0,2,0,0,2,0,2,2,2,2,0,0,0,2
6,-3069.441,-2886.928,115.100,152.243,-0.885129,-0.465309,-0.005873,0.465087,-0.884143,-0.044549,0.015537,-0.042163,0.998990,0,0.56000,0.26820,33.600,0.536,-1,350.000,-1,350.000,-1,275.000,300.000,-1,300.000,-1,925.000,-1,-1,625.000,675.000,-1,-1,2,0,2,0,2,0,0,2,0,2,0,2,2,0,0,2,2
7,-3103.587,-2869.361,119.143,152.784,-0.889372,-0.457116,0.007927,0.456498,-0.888853,-0.039377,0.025046,-0.031402,0.999193,0,0.64000,0.27068,38.400,0.541,-1,375.000,-1,375.000,-1,300.000,300.000,-1,300.000,-1,750.000,800.000,-1,700.000,725.000,-1,-1,2,0,2,0,2,0,0,2,0,2,0,0,2,0,0,2,2
8,-3142.193,-2849.971,119.569,153.330,-0.893501,-0.448553,0.021334,0.447098,-0.893029,-0.051010,0.041932,-0.036039,0.998470,0,0.72000,0.27304,43.200,0.546,-1,400.000,-1,400.000,-1,325.000,325.000,-1,300.000,-1,175.000,350.000,-1,800.000,850.000,-1,-1,2,0,2,0,2,0,0,2,0,2,0,0,2,0,0,2,2
9,-3185.295,-2828.844,117.047,153.880,-0.897812,-0.439615,0.025925,0.436934,-0.896593,-0.072174,0.054973,-0.053471,0.997055,0,0.80000,0.27504,48.000,0.550,-1,400.000,-1,450.000,-1,325.000,350.000,-1,325.000,-1,0.000,0.000,-1,825.000,975.000,-1,-1,2,0,2,0,2,0,0,2,0,2,0,0,2,0,0,2,2
10,-3232.930,-2806.064,115.073,154.433,-0.902071,-0.430519,0.030358,0.426413,-0.899906,-0.091328,0.066638,-0.069439,0.995358,0,0.88000,0.27643,52.800,0.553,-1,400.000,-1,475.000,-1,350.000,350.000,-1,325.000,-1,0.000,0.000,-1,825.000,-1,-1,-1,2,0,2,0,2,0,0,2,0,2,1,0,2,0,2,2,2
11,-3282.310,-2783.033,113.924,154.987,-0.906242,-0.421384,0.034057,0.415935,-0.903133,-0.106536,0.075651,-0.082382,0.993725,0,0.90809,0.27690,54.485,0.554,-1,400.000,-1,500.000,-1,350.000,375.000,-1,350.000,-1,0.000,0.000,-1,850.000,-1,-1,-1,2,0,2,0,2,0,0,2,0,2,1,0,2,0,2,2,2
12,-3330.783,-2760.991,113.676,155.540,-0.910297,-0.412326,0.036705,0.405856,-0.906424,-0.116948,0.081491,-0.091560,0.992460,0,0.88747,0.27620,53.248,0.552,-1,425.000,-1,525.000,-1,350.000,375.000,-1,350.000,-1,0.000,0.000,-1,850.000,-1,-1,-1,2,0,2,0,2,0,0,2,0,2,1,0,2,0,2,2,2
13,-3378.382,-2739.891,114.158,156.088,-0.914198,-0.403419,0.038665,0.396313,-0.909865,-0.122810,0.084724,-0.096949,0.991677,0,0.86775,0.27437,52.065,0.549,-1,425.000,-1,525.000,-1,350.000,375.000,-1,375.000,-1,0.000,0.000,-1,850.000,-1,-1,-1,2,0,2,0,2,0,0,2,0,2,0,0,2,0,2,2,2
14,-3425.152,-2719.685,115.297,156.631,-0.917948,-0.394705,0.039745,0.387394,-0.913477,-0.124440,0.085423,-0.098832,0.991431,0,0.84914,0.27150,50.949,0.543,-1,425.000,-1,525.000,-1,350.000,400.000,-1,375.000,-1,0.000,0.000,-1,850.000,-1,-1,-1,2,0,2,0,2,0,0,2,0,2,0,0,2,0,2,2,2
15,-3471.147,-2700.317,117.037,157.167,-0.921557,-0.386203,0.039757,0.379127,-0.917246,-0.122156,0.083644,-0.097501,0.991714,0,0.83180,0.26769,49.908,0.535,-1,425.000,-1,525.000,-1,350.000,375.000,-1,375.000,-1,0.000,0.000,-1,825.000,-1,-1,-1,2,0,2,0,2,0,0,2,0,2,0,0,2,0,2,2,2
16,-3516.430,-2681.735,119.378,157.693,-0.925029,-0.377915,0.038746,0.371436,-0.921117,-0.116527,0.079727,-0.093399,0.992431,0,0.81581,0.26302,48.948,0.526,-1,425.000,-1,525.000,-1,350.000,375.000,-1,350.000,-1,0.000,0.000,-1,825.000,-1,-1,-1,2,0,2,0,2,0,0,2,0,2,0,0,2,0,2,2,2
17,-3561.065,-2663.885,122.273,158.208,-0.928370,-0.369841,0.036696,0.364251,-0.925036,-0.107838,0.073828,-0.086747,0.993491,0,0.80122,0.25756,48.073,0.515,-1,400.000,-1,500.000,-1,350.000,375.000,-1,350.000,-1,0.000,0.000,-1,800.000,-1,-1,-1,2,0,2,0,2,0,0,2,0,2,0,0,2,0,2,2,2
18,-3605.117,-2646.713,125.680,158.711,-0.931581,-0.361979,0.033591,0.357479,-0.928939,-0.096339,0.066077,-0.077740,0.994782,0,0.78804,0.25141,47.282,0.503,-1,400.000,-1,500.000,-1,350.000,375.000,-1,325.000,-1,0.000,0.000,-1,775.000,-1,-1,-1,2,0,2,0,2,0,0,2,0,2,0,0,2,0,2,2,2
19,-3648.652,-2630.168,129.599,159.200,-0.934660,-0.354319,0.029470,0.350995,-0.932745,-0.082399,0.056684,-0.066671,0.996164,0,0.77624,0.24461,46.575,0.489,-1,400.000,-1,475.000,-1,350.000,350.000,-1,325.000,-1,0.000,0.000,-1,750.000,-1,-1,-1,2,0,2,0,2,0,0,2,0,2,0,0,2,0,2,2,2
20,-3691.735,-2614.202,133.978,159.674,-0.937603,-0.346856,0.024299,0.344692,-0.936385,-0.066110,0.045684,-0.053610,0.997516,0,0.76579,0.23723,45.948,0.474,-1,400.000,-1,450.000,-1,325.000,350.000,-1,300.000,-1,0.000,0.000,-1,750.000,925.000,-1,-1,2,0,2,0,2,0,0,2,0,2,0,0,2,0,0,2,2
21,-3734.428,-2598.769,138.777,160.133,-0.940402,-0.339585,0.018052,0.338448,-0.939782,-0.047562,0.033116,-0.038618,0.998705,0,0.75664,0.22932,45.398,0.459,-1,375.000,-1,425.000,-1,325.000,325.000,-1,300.000,-1,925.000,-1,-1,725.000,825.000,-1,-1,2,0,2,0,2,0,0,2,0,2,0,2,2,0,0,2,2
22,-3776.791,-2583.827,142.234,160.575,-0.943026,-0.332438,0.013688,0.331804,-0.942684,-0.035391,0.024668,-0.028833,0.999280,0,0.74870,0.22091,44.922,0.442,-1,375.000,-1,400.000,-1,325.000,325.000,-1,300.000,-1,-1,-1,-1,700.000,775.000,-1,-1,2,0,2,0,2,0,0,2,0,2,2,2,2,0,0,2,2
23,-3818.881,-2569.333,143.321,160.999,-0.945466,-0.325455,0.013164,0.324858,-0.945130,-0.034589,0.023699,-0.028426,0.999315,0,0.74193,0.21205,44.516,0.424,-1,375.000,-1,400.000,-1,325.000,325.000,-1,300.000,-1,-1,-1,-1,700.000,750.000,-1,-1,2,0,2,0,2,0,0,2,0,2,2,2,2,0,0,2,2
24,-3860.749,-2555.247,144.373,161.404,-0.947751,-0.318761,0.012611,0.318202,-0.947422,-0.033744,0.022704,-0.027968,0.999351,0,0.73624,0.20277,44.175,0.406,-1,375.000,-1,400.000,-1,325.000,325.000,-1,300.000,-1,-1,-1,-1,675.000,750.000,-1,-1,2,0,2,0,2,0,0,2,0,2,2,2,2,0,0,2,2
25,-3902.446,-2541.530,145.558,161.791,-0.949871,-0.312379,0.012823,0.311846,-0.949580,-0.032400,0.022298,-0.026777,0.999393,0,0.73158,0.19308,43.895,0.386,-1,375.000,-1,400.000,-1,300.000,325.000,-1,300.000,-1,-1,-1,-1,675.000,750.000,-1,-1,2,0,2,0,2,0,0,2,0,2,2,2,2,0,0,2,2
26,-3944.018,-2528.147,146.755,162.157,-0.951837,-0.306317,0.013243,0.305808,-0.951591,-0.030911,0.022071,-0.025373,0.999434,0,0.72788,0.18302,43.673,0.366,-1,375.000,-1,400.000,-1,300.000,325.000,-1,300.000,-1,-1,-1,-1,675.000,750.000,-1,-1,2,0,2,0,2,0,0,2,0,2,2,2,2,0,0,2,2
27,-3989.946,-2513.669,148.034,162.503,-0.953663,-0.300564,0.013735,0.300081,-0.953466,-0.029235,0.021882,-0.023759,0.999478,0,0.80260,0.17339,48.156,0.347,-1,375.000,-1,375.000,-1,300.000,325.000,-1,300.000,-1,-1,-1,-1,675.000,725.000,-1,-1,2,0,2,0,2,0,0,2,0,2,2,2,2,0,0,2,2
28,-4035.588,-2499.570,149.273,162.835,-0.955367,-0.295056,0.014678,0.294585,-0.955223,-0.027710,0.022197,-0.022149,0.999508,0,0.79617,0.16569,47.770,0.331,-1,375.000,-1,375.000,-1,300.000,325.000,-1,300.000,-1,-1,-1,-1,675.000,725.000,-1,-1,2,0,2,0,2,0,0,2,0,2,2,2,2,0,0,2,2
29,-4080.977,-2485.823,150.766,163.150,-0.956950,-0.289803,0.016171,0.289306,-0.956842,-0.027489,0.023439,-0.021628,0.999491,0,0.79042,0.15749,47.425,0.315,-1,375.000,-1,375.000,-1,300.000,325.000,-1,300.000,-1,-1,-1,-1,675.000,750.000,-1,-1,2,0,2,0,2,0,0,2,0,2,2,2,2,0,0,2,2
30,-4126.145,-2472.398,152.213,163.447,-0.958414,-0.284832,0.017691,0.284309,-0.958346,-0.027231,0.024710,-0.021068,0.999473,0,0.78534,0.14882,47.121,0.298,-1,375.000,-1,375.000,-1,300.000,325.000,-1,300.000,-1,-1,-1,-1,675.000,750.000,-1,-1,2,0,2,0,2,0,0,2,0,2,2,2,2,0,0,2,2
31,-4171.124,-2459.268,153.617,163.727,-0.959761,-0.280159,0.019238,0.279611,-0.959735,-0.026935,0.026009,-0.020472,0.999452,0,0.78093,0.13970,46.856,0.279,-1,375.000,-1,400.000,-1,300.000,325.000,-1,300.000,-1,-1,-1,-1,675.000,750.000,-1,-1,2,0,2,0,2,0,0,2,0,2,2,2,2,0,0,2,2
32,-4211.583,-2447.790,154.850,164.162,-0.961832,-0.272861,0.020658,0.272292,-0.961846,-0.026641,0.027139,-0.020000,0.999432,0,0.70093,0.21768,42.056,0.435,-1,375.000,-1,400.000,-1,325.000,325.000,-1,300.000,-1,-1,-1,-1,675.000,750.000,-1,-1,2,0,2,0,2,0,0,2,0,2,2,2,2,0,0,2,2
33,-4247.498,-2437.884,155.949,164.580,-0.963768,-0.265846,0.021826,0.265260,-0.963814,-0.026432,0.028063,-0.019685,0.999412,0,0.62093,0.20875,37.256,0.418,-1,375.000,-1,400.000,-1,325.000,325.000,-1,300.000,-1,-1,-1,-1,675.000,750.000,-1,-1,2,0,2,0,2,0,0,2,0,2,2,2,2,0,0,2,2
34,-4279.793,-2429.219,156.926,164.981,-0.965582,-0.259093,0.022859,0.258491,-0.965657,-0.026246,0.028874,-0.019434,0.999394,0,0.55729,0.20059,33.437,0.401,-1,375.000,-1,400.000,-1,325.000,325.000,300.000,300.000,-1,-1,-1,-1,675.000,750.000,-1,-1,2,0,2,0,2,0,0,1,0,2,2,2,2,0,0,2,2
35,-4312.105,-2420.782,157.882,165.367,-0.967280,-0.252580,0.023917,0.251965,-0.967386,-0.026030,0.029712,-0.019152,0.999375,0,0.55659,0.19306,33.395,0.386,-1,375.000,-1,400.000,-1,325.000,325.000,300.000,300.000,-1,-1,-1,-1,675.000,750.000,-1,-1,2,0,2,0,2,0,0,0,0,2,2,2,2,0,0,2,2
36,-4344.444,-2412.562,158.817,165.738,-0.968867,-0.246317,0.025001,0.245687,-0.969006,-0.025786,0.030578,-0.018840,0.999355,0,0.55612,0.18537,33.367,0.371,-1,375.000,-1,400.000,-1,325.000,325.000,300.000,300.000,-1,-1,-1,-1,700.000,750.000,-1,-1,2,0,2,0,2,0,0,0,0,2,2,2,2,0,0,2,2
37,-4376.819,-2404.545,159.733,166.093,-0.970345,-0.240309,0.026110,0.239666,-0.970520,-0.025514,0.031471,-0.018500,0.999333,0,0.55588,0.17752,33.353,0.355,-1,375.000,-1,400.000,-1,325.000,325.000,300.000,300.000,-1,-1,-1,-1,700.000,750.000,-1,-1,2,0,2,0,2,0,0,0,0,2,2,2,2,0,0,2,2
38,-4409.240,-2396.721,160.630,166.432,-0.971719,-0.234564,0.027241,0.233909,-0.971932,-0.025216,0.032391,-0.018131,0.999311,0,0.55586,0.16950,33.352,0.339,-1,375.000,-1,400.000,-1,325.000,325.000,300.000,300.000,-1,-1,875.000,-1,700.000,750.000,-1,-1,2,0,2,0,2,0,0,0,0,2,2,0,2,0,0,2,2
39,-4441.717,-2389.076,161.510,166.754,-0.972991,-0.229089,0.028394,0.228422,-0.973244,-0.024892,0.033337,-0.017734,0.999287,0,0.55608,0.16132,33.365,0.323,-1,375.000,-1,400.000,-1,325.000,325.000,300.000,300.000,-1,-1,700.000,-1,700.000,750.000,-1,-1,2,0,2,0,2,0,0,0,0,2,2,0,2,0,0,2,2
40,-4474.260,-2381.599,162.374,167.060,-0.974166,-0.223891,0.029569,0.223214,-0.974461,-0.024544,0.034309,-0.017310,0.999261,0,0.55652,0.15297,33.391,0.306,-1,375.000,-1,400.000,-1,325.000,325.000,300.000,300.000,-1,875.000,600.000,-1,700.000,750.000,-1,-1,2,0,2,0,2,0,0,0,0,2,0,0,2,0,0,2,2
41,-4506.880,-2374.277,163.222,167.349,-0.975245,-0.218976,0.030765,0.218289,-0.975585,-0.024173,0.035307,-0.016859,0.999234,0,0.55719,0.14446,33.431,0.289,-1,375.000,-1,400.000,-1,325.000,325.000,300.000,300.000,-1,725.000,525.000,-1,700.000,750.000,-1,-1,2,0,2,0,2,0,0,0,0,2,0,0,2,0,0,2,2
42,-4539.586,-2367.098,164.175,167.621,-0.976241,-0.214353,0.031709,0.213683,-0.976627,-0.023228,0.035946,-0.015900,0.999227,0,0.55808,0.13578,33.485,0.272,-1,375.000,-1,400.000,-1,325.000,325.000,300.000,300.000,-1,675.000,525.000,-1,700.000,750.000,-1,-1,2,0,2,0,2,0,0,0,0,2,0,0,2,0,0,2,2
43,-4572.391,-2360.050,165.245,167.875,-0.977144,-0.210028,0.032830,0.209393,-0.977590,-0.021754,0.036663,-0.014383,0.999224,0,0.55921,0.12694,33.553,0.254,-1,375.000,-1,400.000,-1,325.000,325.000,300.000,300.000,-1,650.000,500.000,-1,700.000,750.000,-1,-1,2,0,2,0,2,0,0,0,0,2,0,0,2,0,0,2,2
44,-4609.956,-2352.318,166.462,168.369,-0.978872,-0.201599,0.034172,0.201007,-0.979386,-0.019983,0.037496,-0.012692,0.999216,0,0.63921,0.24694,38.353,0.494,-1,375.000,-1,400.000,-1,325.000,325.000,300.000,300.000,-1,625.000,475.000,-1,700.000,750.000,-1,-1,2,0,2,0,2,0,0,0,0,2,0,0,2,0,0,2,2
45,-4652.320,-2344.103,168.061,169.026,-0.981097,-0.190342,0.034907,0.189783,-0.981648,-0.018725,0.037831,-0.011747,0.999215,0,0.71921,0.32894,43.153,0.658,-1,375.000,-1,375.000,-1,325.000,325.000,300.000,300.000,-1,625.000,500.000,-1,725.000,725.000,-1,-1,2,0,2,0,2,0,0,0,0,2,0,0,2,0,0,2,2
46,-4697.181,-2335.924,170.068,169.667,-0.983140,-0.179349,0.035636,0.178778,-0.983713,-0.018613,0.038394,-0.011929,0.999191,0,0.76002,0.32048,45.601,0.641,-1,375.000,-1,375.000,-1,325.000,325.000,300.000,300.000,-1,650.000,525.000,-1,725.000,750.000,-1,-1,2,0,2,0,2,0,0,0,0,2,0,0,2,0,0,2,2
47,-4742.213,-2328.219,172.061,170.290,-0.985004,-0.168647,0.036406,0.168068,-0.985603,-0.018461,0.038995,-0.012065,0.999167,0,0.76144,0.31133,45.686,0.623,-1,375.000,-1,400.000,-1,325.000,325.000,300.000,300.000,-1,650.000,550.000,-1,725.000,750.000,-1,-1,2,0,2,0,2,0,0,0,0,2,0,0,2,0,0,2,2
48,-4787.411,-2320.974,174.039,170.894,-0.986697,-0.158250,0.037214,0.157662,-0.987324,-0.018268,0.039633,-0.012158,0.999140,0,0.76291,0.30193,45.774,0.604,-1,375.000,-1,400.000,-1,325.000,325.000,300.000,300.000,-1,675.000,575.000,-1,750.000,775.000,-1,-1,2,0,2,0,2,0,0,0,0,2,0,0,2,0,0,2,2
49,-4832.771,-2314.178,176.004,171.479,-0.988230,-0.148169,0.038056,0.147573,-0.988887,-0.018036,0.040305,-0.012207,0.999113,0,0.76444,0.29228,45.866,0.585,-1,375.000,-1,400.000,-1,325.000,325.000,300.000,300.000,-1,675.000,600.000,-1,750.000,775.000,-1,-1,2,0,2,0,2,0,0,0,0,2,0,0,2,0,0,2,2
50,-4878.292,-2307.816,177.957,172.043,-0.989609,-0.138415,0.038930,0.137813,-0.990299,-0.017766,0.041012,-0.012216,0.999084,0,0.76605,0.28238,45.963,0.565,-1,375.000,-1,400.000,-1,325.000,325.000,300.000,300.000,-1,700.000,600.000,-1,750.000,800.000,-1,-1,2,0,2,0,2,0,0,0,0,2,0,0,2,0,0,2,2
51,-4923.972,-2301.873,179.899,172.588,-0.990844,-0.128999,0.039834,0.128391,-0.991570,-0.017459,0.041750,-0.012184,0.999054,0,0.76776,0.27222,46.066,0.544,-1,375.000,-1,400.000,-1,325.000,325.000,300.000,325.000,-1,700.000,625.000,-1,775.000,800.000,-1,-1,2,0,2,0,2,0,0,0,0,2,0,0,2,0,0,2,2
52,-4969.814,-2296.334,181.830,173.111,-0.991945,-0.119932,0.040764,0.119321,-0.992708,-0.017116,0.042520,-0.012114,0.999022,0,0.76958,0.26180,46.175,0.524,-1,400.000,-1,400.000,-1,325.000,325.000,300.000,325.000,-1,700.000,650.000,-1,775.000,825.000,-1,-1,2,0,2,0,2,0,0,0,0,2,0,0,2,0,0,2,2
53,-5020.497,-2290.887,183.946,173.866,-0.993395,-0.106850,0.041822,0.106234,-0.994201,-0.016696,0.043363,-0.012143,0.998986,0,0.84958,0.37724,50.975,0.754,-1,400.000,-1,400.000,-1,325.000,325.000,300.000,300.000,-1,725.000,650.000,-1,800.000,825.000,-1,-1,2,0,2,0,2,0,0,0,0,2,0,0,2,0,0,2,2
54,-5075.340,-2285.700,186.211,174.596,-0.994628,-0.094166,0.042994,0.093547,-0.995483,-0.016189,0.044324,-0.012080,0.998944,0,0.91813,0.36525,55.088,0.730,-1,400.000,-1,400.000,-1,325.000,325.000,300.000,300.000,-1,725.000,675.000,-1,800.000,850.000,-1,-1,2,0,2,0,2,0,0,0,0,2,0,0,2,0,0,2,2
55,-5130.426,-2281.171,188.465,175.300,-0.995658,-0.081927,0.044195,0.081308,-0.996566,-0.015630,0.045323,-0.011968,0.998901,0,0.92119,0.35201,55.271,0.704,-1,400.000,-1,400.000,-1,325.000,325.000,300.000,300.000,-1,725.000,700.000,-1,800.000,850.000,-1,-1,2,0,2,0,2,0,0,0,0,2,0,0,2,0,0,2,2
56,-5185.757,-2277.280,190.710,175.977,-0.996502,-0.070148,0.045421,0.069532,-0.997467,-0.015020,0.046359,-0.011810,0.998855,0,0.92446,0.33845,55.468,0.677,-1,400.000,-1,425.000,-1,325.000,325.000,300.000,300.000,-1,750.000,700.000,-1,825.000,900.000,-1,-1,2,0,2,0,2,0,0,0,0,2,0,0,2,0,0,2,2
57,-5241.340,-2274.003,192.967,176.626,-0.997187,-0.058844,0.046420,0.058240,-0.998201,-0.014269,0.047176,-0.011525,0.998820,0,0.92798,0.32455,55.679,0.649,-1,400.000,-1,425.000,-1,325.000,325.000,300.000,300.000,-1,750.000,725.000,-1,875.000,950.000,-1,-1,2,0,2,0,2,0,0,0,0,2,0,0,2,0,0,2,2
58,-5297.181,-2271.318,195.102,177.247,-0.997825,-0.048028,0.045147,0.047445,-0.998777,-0.013896,0.045759,-0.011724,0.998884,0,0.93178,0.31031,55.907,0.621,-1,400.000,-1,425.000,-1,325.000,325.000,300.000,300.000,-1,850.000,800.000,-1,875.000,975.000,-1,-1,2,0,2,0,2,0,0,0,0,2,0,0,2,0,0,2,2
59,-5356.354,-2269.092,197.260,177.846,-0.998360,-0.037582,0.043185,0.037045,-0.999227,-0.013161,0.043646,-0.011540,0.998980,0,0.98690,0.29956,59.214,0.599,-1,400.000,-1,425.000,-1,325.000,325.000,300.000,300.000,-1,950.000,875.000,-1,875.000,975.000,-1,-1,2,0,2,0,2,0,0,0,0,2,0,0,2,0,0,2,2
60,-5415.726,-2267.459,199.417,178.424,-0.998772,-0.027503,0.041214,0.027010,-0.999557,-0.012471,0.041539,-0.011342,0.999073,0,0.98991,0.28891,59.395,0.578,-1,400.000,-1,425.000,-1,325.000,325.000,300.000,300.000,-1,-1,1000.000,-1,875.000,1000.000,-1,-1,2,0,2,0,2,0,0,0,0,2,2,0,2,0,0,2,2
61,-5474.894,-2266.430,201.559,179.004,-0.999078,-0.017384,0.039251,0.016932,-0.999787,-0.011825,0.039448,-0.011149,0.999159,0,0.98630,0.28999,59.178,0.580,-1,400.000,-1,400.000,-1,325.000,325.000,300.000,300.000,-1,-1,-1,-1,875.000,-1,-1,-1,2,0,2,0,2,0,0,0,0,2,2,2,2,0,2,2,2
62,-5533.847,-2266.004,203.688,179.585,-0.999278,-0.007237,0.037297,0.006822,-0.999914,-0.011225,0.037375,-0.010962,0.999241,0,0.98258,0.29075,58.955,0.581,-1,400.000,-1,400.000,-1,325.000,325.000,300.000,300.000,-1,-1,-1,-1,875.000,-1,-1,-1,2,0,2,0,2,0,0,0,0,2,2,2,2,0,2,2,2
63,-5592.576,-2266.176,205.803,180.168,-0.999371,0.002927,0.035354,-0.003306,-0.999938,-0.010669,0.035321,-0.010779,0.999318,0,0.97881,0.29118,58.729,0.582,-1,400.000,-1,425.000,-1,325.000,325.000,300.000,300.000,-1,-1,-1,-1,875.000,-1,-1,-1,2,0,2,0,2,0,0,0,0,2,2,2,2,0,2,2,2
64,-5651.072,-2266.942,207.906,180.750,-0.999355,0.013094,0.033426,-0.013441,-0.999858,-0.010159,0.033288,-0.010602,0.999390,0,0.97503,0.29130,58.502,0.583,-1,400.000,-1,425.000,-1,325.000,325.000,300.000,300.000,-1,-1,-1,-1,875.000,-1,-1,-1,2,0,2,0,2,0,0,0,0,2,2,2,2,0,2,2,2
65,-5709.332,-2268.297,209.997,181.333,-0.999233,0.023253,0.031513,-0.023569,-0.999675,-0.009693,0.031277,-0.010429,0.999456,0,0.97127,0.29109,58.276,0.582,-1,400.000,-1,425.000,-1,325.000,325.000,300.000,300.000,-1,-1,-1,-1,875.000,-1,-1,-1,2,0,2,0,2,0,0,0,0,2,2,2,2,0,2,2,2
66,-5767.355,-2270.236,212.078,181.914,-0.999003,0.033392,0.029617,-0.033680,-0.999390,-0.009272,0.029290,-0.010260,0.999518,0,0.96758,0.29058,58.055,0.581,-1,400.000,-1,425.000,-1,325.000,350.000,300.000,300.000,-1,-1,-1,-1,875.000,-1,-1,-1,2,0,2,0,2,0,0,0,0,2,2,2,2,0,2,2,2
67,-5825.140,-2272.752,214.149,182.493,-0.998668,0.043498,0.027741,-0.043760,-0.999002,-0.008894,0.027327,-0.010096,0.999576,0,0.96400,0.28976,57.840,0.580,-1,425.000,-1,425.000,-1,325.000,350.000,300.000,300.000,-1,-1,-1,-1,875.000,-1,-1,-1,2,0,2,0,2,0,0,0,0,2,2,2,2,0,2,2,2
68,-5882.690,-2275.839,216.206,183.070,-0.998229,0.053561,0.025900,-0.053798,-0.998515,-0.008539,0.025404,-0.009917,0.999628,0,0.96056,0.28864,57.633,0.577,-1,425.000,-1,450.000,-1,350.000,350.000,300.000,300.000,-1,-1,-1,-1,900.000,-1,-1,-1,2,0,2,0,2,0,0,0,0,2,2,2,2,0,2,2,2
69,-5940.011,-2279.490,217.100,183.645,-0.997702,0.063571,0.023424,-0.063727,-0.997950,-0.005966,0.022997,-0.007445,0.999708,0,0.95729,0.28722,57.437,0.574,-1,425.000,-1,450.000,-1,350.000,350.000,300.000,300.000,-1,-1,-1,-1,900.000,-1,-1,-1,2,0,2,0,2,0,0,0,0,2,2,2,2,0,2,2,2
70,-5997.109,-2283.699,217.456,184.216,-0.997091,0.073514,0.020112,-0.073625,-0.997274,-0.004828,0.019702,-0.006295,0.999786,0,0.95422,0.28553,57.253,0.571,-1,425.000,-1,425.000,-1,325.000,350.000,300.000,300.000,-1,-1,-1,-1,875.000,-1,-1,-1,2,0,2,0,2,0,0,0,0,2,2,2,2,0,2,2,2
71,-6053.993,-2288.459,217.823,184.783,-0.996375,0.083382,0.016843,-0.083457,-0.996504,-0.003790,0.016468,-0.005181,0.999851,0,0.95138,0.28356,57.083,0.567,-1,400.000,-1,425.000,-1,325.000,350.000,300.000,300.000,-1,-1,-1,-1,875.000,-1,-1,-1,2,0,2,0,2,0,0,0,0,2,2,2,2,0,2,2,2
72,-6110.672,-2293.763,218.204,185.346,-0.995558,0.093164,0.013622,-0.093211,-0.995642,-0.002850,0.013298,-0.004107,0.999903,0,0.94878,0.28132,56.927,0.563,-1,400.000,-1,425.000,-1,325.000,325.000,300.000,300.000,-1,-1,-1,-1,875.000,-1,-1,-1,2,0,2,0,2,0,0,0,0,2,2,2,2,0,2,2,2
73,-6167.158,-2299.603,218.601,185.903,-0.994642,0.102850,0.010454,-0.102877,-0.994692,-0.002010,0.010192,-0.003075,0.999943,0,0.94645,0.27883,56.787,0.558,-1,400.000,-1,425.000,-1,325.000,325.000,300.000,300.000,-1,-1,-1,-1,850.000,-1,-1,-1,2,0,2,0,2,0,0,0,0,2,2,2,2,0,2,2,2
74,-6223.462,-2305.974,219.015,186.456,-0.993632,0.112432,0.007343,-0.112444,-0.993657,-0.001271,0.007153,-0.002088,0.999972,0,0.94439,0.27609,56.664,0.552,-1,400.000,-1,425.000,-1,325.000,325.000,300.000,300.000,-1,-1,-1,-1,850.000,1000.000,-1,-1,2,0,2,0,2,0,0,0,0,2,2,2,2,0,0,2,2
75,-6279.598,-2312.868,219.450,187.002,-0.992533,0.121900,0.004292,-0.121904,-0.992542,-0.000631,0.004183,-0.001150,0.999991,0,0.94262,0.27312,56.557,0.546,-1,400.000,-1,425.000,-1,325.000,325.000,300.000,300.000,-1,-1,-1,-1,850.000,975.000,-1,-1,2,0,2,0,2,0,0,0,0,2,2,2,2,0,0,2,2
76,-6335.577,-2320.280,219.907,187.542,-0.991349,0.131246,0.001304,-0.131246,-0.991350,-0.000092,0.001281,-0.000262,0.999999,0,0.94113,0.26992,56.468,0.540,-1,400.000,-1,425.000,-1,325.000,325.000,300.000,300.000,-1,-1,-1,-1,825.000,975.000,-1,-1,2,0,2,0,2,0,0,0,0,2,2,2,2,0,0,2,2
77,-6391.414,-2328.201,220.387,188.075,-0.990085,0.140462,-0.001615,-0.140463,-0.990086,0.000348,-0.001550,0.000572,0.999999,0,0.93994,0.26650,56.396,0.533,-1,400.000,-1,425.000,-1,325.000,325.000,300.000,300.000,-1,-1,-1,-1,825.000,950.000,-1,-1,2,0,2,0,2,0,0,0,0,2,2,2,2,0,0,2,2
78,-6447.123,-2336.627,220.893,188.600,-0.988745,0.149541,-0.004464,-0.149545,-0.988755,0.000690,-0.004310,0.001349,0.999990,0,0.93904,0.26286,56.342,0.526,-1,400.000,-1,425.000,-1,325.000,325.000,300.000,325.000,-1,-1,-1,-1,825.000,950.000,-1,-1,2,0,2,0,2,0,0,0,0,2,2,2,2,0,0,2,2
79,-6502.717,-2345.550,221.426,189.118,-0.987337,0.158475,-0.007238,-0.158486,-0.987361,0.000933,-0.006998,0.002069,0.999973,0,0.93843,0.25903,56.306,0.518,-1,400.000,-1,425.000,-1,325.000,325.000,300.000,325.000,-1,-1,-1,-1,825.000,925.000,-1,-1,2,0,2,0,2,0,0,0,0,2,2,2,2,0,0,2,2
80,-6558.211,-2354.964,221.219,189.628,-0.985870,0.167255,-0.009256,-0.167298,-0.985898,0.004074,-0.008444,0.005565,0.999949,0,0.93811,0.25501,56.286,0.510,-1,400.000,-1,425.000,-1,325.000,325.000,300.000,325.000,-1,-1,-1,-1,825.000,925.000,-1,-1,2,0,2,0,2,0,0,0,0,2,2,2,2,0,0,2,2
81,-6613.618,-2364.864,220.684,190.130,-0.984351,0.175875,-0.011035,-0.175960,-0.984370,0.007290,-0.009580,0.009118,0.999913,0,0.93807,0.25079,56.284,0.502,-1,400.000,-1,425.000,-1,325.000,325.000,300.000,325.000,-1,-1,-1,-1,850.000,900.000,-1,-1,2,0,2,0,2,0,0,0,0,2,2,2,2,0,0,2,2
82,-6668.951,-2375.242,219.556,190.623,-0.982782,0.184333,-0.012676,-0.184440,-0.982813,0.007821,-0.011017,0.010024,0.999889,0,0.93831,0.24640,56.299,0.493,-1,400.000,-1,400.000,-1,325.000,325.000,300.000,325.000,-1,-1,-1,-1,850.000,900.000,-1,-1,2,0,2,0,2,0,0,0,0,2,2,2,2,0,0,2,2
83,-6724.226,-2386.093,218.454,191.106,-0.981169,0.192622,-0.014322,-0.192750,-0.981214,0.008196,-0.012474,0.010803,0.999864,0,0.93882,0.24184,56.329,0.484,-1,400.000,-1,400.000,-1,325.000,325.000,300.000,325.000,-1,-1,-1,-1,850.000,900.000,-1,-1,2,0,2,0,2,0,0,0,0,2,2,2,2,0,0,2,2
84,-6775.121,-2396.309,217.458,191.350,-0.980317,0.196792,-0.015857,-0.196941,-0.980379,0.008436,-0.013886,0.011393,0.999839,0,0.86518,0.12184,51.911,0.244,-1,400.000,-1,400.000,-1,325.000,325.000,300.000,325.000,-1,-1,-1,-1,875.000,875.000,-1,-1,2,0,2,0,2,0,0,0,0,2,2,2,2,0,0,2,2
85,-6826.028,-2406.703,216.488,191.540,-0.979634,0.200036,-0.017401,-0.200205,-0.979716,0.008593,-0.015329,0.011901,0.999812,0,0.86596,0.09487,51.957,0.190,-1,400.000,-1,400.000,-1,325.000,325.000,300.000,325.000,-1,-1,-1,-1,875.000,875.000,-1,-1,2,0,2,0,2,0,0,0,0,2,2,2,2,0,0,2,2
86,-6876.961,-2417.270,215.545,191.720,-0.978971,0.203118,-0.018948,-0.203308,-0.979077,0.008668,-0.016791,0.012338,0.999783,0,0.86694,0.09018,52.017,0.180,-1,400.000,-1,400.000,-1,325.000,325.000,300.000,325.000,-1,-1,-1,-1,900.000,875.000,-1,-1,2,0,2,0,2,0,0,0,0,2,2,2,2,0,0,2,2
87,-6927.934,-2428.003,214.630,191.891,-0.978330,0.206033,-0.020499,-0.206242,-0.978463,0.008661,-0.018273,0.012701,0.999752,0,0.86819,0.08535,52.091,0.171,-1,400.000,-1,400.000,-1,325.000,325.000,300.000,325.000,-1,-1,-1,-1,900.000,875.000,-1,-1,2,0,2,0,2,0,0,0,0,2,2,2,2,0,0,2,2
88,-6978.965,-2438.898,213.744,192.052,-0.977715,0.208776,-0.022055,-0.209004,-0.977877,0.008572,-0.019777,0.012991,0.999720,0,0.86968,0.08036,52.181,0.161,-1,400.000,-1,400.000,-1,325.000,325.000,300.000,325.000,-1,-1,-1,-1,900.000,875.000,-1,-1,2,0,2,0,2,0,0,0,0,2,2,2,2,0,0,2,2
89,-7030.068,-2449.949,212.886,192.202,-0.977127,0.211342,-0.023617,-0.211588,-0.977323,0.008401,-0.021306,0.013206,0.999686,0,0.87141,0.07522,52.285,0.150,-1,400.000,-1,425.000,-1,325.000,325.000,300.000,325.000,-1,-1,-1,-1,925.000,875.000,-1,-1,2,0,2,0,2,0,0,0,0,2,2,2,2,0,0,2,2
90,-7081.260,-2461.150,212.056,192.342,-0.976569,0.213727,-0.025187,-0.213989,-0.976802,0.008147,-0.022861,0.013345,0.999650,0,0.87338,0.06994,52.403,0.140,-1,400.000,-1,425.000,-1,325.000,325.000,300.000,325.000,-1,-1,-1,-1,925.000,875.000,-1,-1,2,0,2,0,2,0,0,0,0,2,2,2,2,0,0,2,2
91,-7132.555,-2472.494,211.181,192.471,-0.976035,0.215926,-0.027045,-0.216210,-0.976314,0.008036,-0.024669,0.013691,0.999602,0,0.87557,0.06453,52.534,0.129,-1,425.000,-1,425.000,-1,325.000,325.000,300.000,325.000,-1,-1,-1,-1,925.000,875.000,-1,-1,2,0,2,0,2,0,0,0,0,2,2,2,2,0,0,2,2
92,-7183.968,-2483.976,210.008,192.589,-0.975538,0.217931,-0.028856,-0.218269,-0.975846,0.009086,-0.026178,0.015162,0.999542,0,0.87799,0.05897,52.680,0.118,-1,425.000,-1,425.000,-1,325.000,325.000,325.000,325.000,-1,-1,-1,-1,950.000,875.000,-1,-1,2,0,2,0,2,0,0,0,0,2,2,2,2,0,0,2,2
93,-7235.515,-2495.589,208.570,192.696,-0.975058,0.219737,-0.031271,-0.220168,-0.975400,0.011040,-0.028076,0.017649,0.999450,0,0.88063,0.05329,52.838,0.107,-1,425.000,-1,425.000,-1,325.000,325.000,325.000,325.000,-1,-1,-1,-1,950.000,875.000,-1,-1,2,0,2,0,2,0,0,0,0,2,2,2,2,0,0,2,2
94,-7287.208,-2507.325,206.930,192.791,-0.974638,0.221346,-0.032963,-0.221845,-0.975004,0.012295,-0.029417,0.019296,0.999381,0,0.88348,0.04747,53.009,0.095,-1,425.000,-1,425.000,-1,350.000,325.000,325.000,325.000,-1,-1,-1,-1,975.000,875.000,-1,-1,2,0,2,0,2,0,0,0,0,2,2,2,2,0,0,2,2
95,-7339.063,-2519.176,204.779,192.874,-0.974251,0.222761,-0.034820,-0.223267,-0.974691,0.011354,-0.031410,0.018836,0.999329,0,0.88653,0.04153,53.192,0.083,-1,425.000,-1,425.000,-1,325.000,325.000,325.000,325.000,-1,-1,-1,-1,950.000,875.000,-1,-1,2,0,2,0,2,0,0,0,0,2,2,2,2,0,0,2,2
96,-7391.448,-2531.218,202.606,192.946,-0.973895,0.224003,-0.036752,-0.224513,-0.974416,0.010346,-0.033494,0.018327,0.999271,0,0.89585,0.03644,53.751,0.073,-1,425.000,-1,400.000,-1,325.000,325.000,325.000,325.000,-1,-1,-1,-1,950.000,875.000,-1,-1,2,0,2,0,2,0,0,0,0,2,2,2,2,0,0,2,2
97,-7443.848,-2543.328,200.433,193.013,-0.973555,0.225143,-0.038741,-0.225653,-0.974164,0.009282,-0.035651,0.017779,0.999206,0,0.89634,0.03345,53.780,0.067,-1,425.000,-1,400.000,-1,325.000,325.000,325.000,325.000,-1,-1,-1,-1,950.000,850.000,-1,-1,2,0,2,0,2,0,0,0,0,2,2,2,2,0,0,2,2
98,-7497.410,-2555.725,198.212,193.032,-0.973395,0.225466,-0.040835,-0.225970,-0.974100,0.008127,-0.037945,0.017138,0.999133,0,0.91630,0.00944,54.978,0.019,-1,425.000,-1,400.000,-1,325.000,325.000,325.000,325.000,-1,-1,-1,-1,925.000,850.000,-1,-1,2,0,2,0,2,0,0,0,0,2,2,2,2,0,0,2,2
99,-7551.338,-2568.221,195.975,193.046,-0.973247,0.225702,-0.043004,-0.226195,-0.974057,0.006910,-0.040328,0.016452,0.999051,0,0.92261,0.00686,55.356,0.014,-1,425.000,-1,400.000,-1,325.000,325.000,325.000,325.000,-1,-1,-1,-1,925.000,850.000,-1,-1,2,0,2,0,2,0,0,0,0,2,2,2,2,0,0,2,2
100,-7605.631,-2580.809,193.724,193.054,-0.973112,0.225845,-0.045248,-0.226321,-0.974036,0.005630,-0.042802,0.015719,0.998960,0,0.92888,0.00413,55.733,0.008,-1,400.000,-1,400.000,-1,325.000,325.000,325.000,325.000,-1,-1,-1,-1,925.000,850.000,-1,-1,2,0,2,0,2,0,0,0,0,2,2,2,2,0,0,2,2
101,-7660.287,-2593.485,191.456,193.057,-0.972991,0.225890,-0.047569,-0.226343,-0.974038,0.004288,-0.045366,0.014939,0.998859,0,0.93511,0.00124,56.107,0.002,-1,400.000,-1,400.000,-1,325.000,325.000,325.000,325.000,-1,-1,-1,-1,900.000,850.000,-1,-1,2,0,2,0,2,0,0,0,0,2,2,2,2,0,0,2,2
102,-7715.306,-2606.240,189.174,193.053,-0.972884,0.225830,-0.049969,-0.226252,-0.974064,0.002883,-0.048022,0.014110,0.998747,0,0.94129,-0.00183,56.478,-0.004,-1,400.000,-1,400.000,-1,325.000,325.000,325.000,325.000,-1,-1,-1,-1,900.000,825.000,-1,-1,2,0,2,0,2,0,0,0,0,2,2,2,2,0,0,2,2
103,-7770.685,-2619.069,186.723,193.043,-0.972803,0.225659,-0.052263,-0.226059,-0.974112,0.001803,-0.050503,0.013569,0.998632,0,0.94742,-0.00509,56.845,-0.010,-1,400.000,-1,400.000,-1,325.000,325.000,325.000,325.000,-1,-1,-1,-1,900.000,800.000,-1,-1,2,0,2,0,2,0,0,0,0,2,2,2,2,0,1,2,2
104,-7826.421,-2631.963,184.046,193.026,-0.972748,0.225369,-0.054491,-0.225756,-0.974183,0.000970,-0.052865,0.013245,0.998514,0,0.95346,-0.00854,57.208,-0.017,-1,400.000,-1,400.000,-1,325.000,325.000,325.000,325.000,-1,-1,-1,-1,875.000,750.000,-1,975.000,2,0,2,0,2,0,0,0,0,2,2,2,2,0,1,2,1
105,-7882.849,-2645.043,180.979,193.050,-0.972495,0.225784,-0.057226,-0.226232,-0.974073,0.001383,-0.055430,0.014291,0.998360,0,0.96540,0.01229,57.924,0.025,-1,400.000,-1,400.000,950.000,325.000,325.000,325.000,325.000,-1,-1,-1,-1,850.000,725.000,-1,900.000,2,0,2,0,1,0,0,0,0,2,2,2,2,1,1,2,1
106,-7941.350,-2658.371,177.628,192.835,-0.973213,0.222120,-0.059323,-0.222590,-0.974911,0.001360,-0.057533,0.014529,0.998238,0,1.00000,-0.10771,60.000,-0.215,-1,400.000,-1,400.000,875.000,325.000,325.000,325.000,300.000,-1,-1,-1,-1,825.000,675.000,-1,825.000,2,0,2,0,1,0,0,0,0,2,2,2,2,1,1,2,1
107,-7999.956,-2671.234,173.894,192.380,-0.974861,0.214368,-0.060766,-0.214765,-0.976666,0.000011,-0.059345,0.013061,0.998152,0,1.00000,-0.22771,60.000,-0.455,-1,400.000,-1,400.000,800.000,325.000,325.000,325.000,300.000,-1,-1,-1,-1,775.000,650.000,-1,775.000,2,0,2,0,1,0,0,0,0,2,2,2,2,1,1,2,1
108,-8058.691,-2683.488,170.141,191.785,-0.976949,0.204220,-0.062167,-0.204538,-0.978858,-0.001269,-0.061112,0.011475,0.998065,0,1.00000,-0.29745,60.000,-0.595,-1,400.000,-1,400.000,750.000,325.000,325.000,325.000,300.000,-1,-1,-1,-1,725.000,600.000,-1,700.000,2,0,2,0,1,0,0,0,0,2,2,2,2,1,1,2,1
109,-8117.551,-2695.133,166.368,191.191,-0.978928,0.194071,-0.063534,-0.194308,-0.980937,-0.002485,-0.062805,0.009913,0.997977,0,1.00000,-0.29681,60.000,-0.594,-1,400.000,-1,400.000,675.000,325.000,325.000,325.000,300.000,-1,-1,-1,-1,700.000,575.000,-1,650.000,2,0,2,0,1,0,0,0,0,2,2,2,2,1,1,2,1
110,-8176.527,-2706.169,162.576,190.599,-0.980797,0.183929,-0.064866,-0.184083,-0.982904,-0.003639,-0.064426,0.008371,0.997887,0,1.00000,-0.29597,60.000,-0.592,-1,400.000,950.000,400.000,625.000,325.000,325.000,325.000,300.000,-1,-1,-1,-1,650.000,525.000,-1,600.000,2,0,1,1,1,0,0,0,0,2,2,2,2,1,1,2,1
111,-8235.614,-2716.598,158.766,190.009,-0.982555,0.173802,-0.066164,-0.173872,-0.984757,-0.004736,-0.065979,0.006851,0.997798,0,1.00000,-0.29494,60.000,-0.590,-1,400.000,900.000,375.000,550.000,325.000,325.000,325.000,300.000,-1,-1,-1,-1,600.000,500.000,-1,525.000,2,1,1,1,1,0,1,0,0,2,2,2,2,1,1,2,1
112,-8294.805,-2726.420,154.940,189.422,-0.984203,0.163699,-0.067429,-0.163685,-0.986496,-0.005777,-0.067464,0.005351,0.997707,0,1.00000,-0.29369,60.000,-0.587,-1,375.000,825.000,350.000,500.000,300.000,300.000,325.000,300.000,-1,-1,-1,-1,575.000,450.000,-1,475.000,2,1,1,1,1,1,1,0,0,2,2,2,2,1,1,2,1
113,-8354.093,-2735.638,151.086,188.837,-0.985744,0.153629,-0.068613,-0.153526,-0.988121,-0.006812,-0.068845,0.003819,0.997620,0,1.00000,-0.29222,60.000,-0.584,-1,350.000,750.000,300.000,425.000,300.000,275.000,325.000,300.000,-1,-1,-1,-1,525.000,425.000,-1,425.000,2,1,1,1,1,1,1,0,0,2,2,2,2,1,1,2,1
114,-8413.471,-2744.254,147.138,188.256,-0.987195,0.143603,-0.069463,-0.143389,-0.989633,-0.008085,-0.069904,0.001978,0.997552,0,1.00000,-0.29049,60.000,-0.581,-1,325.000,675.000,275.000,375.000,275.000,250.000,325.000,300.000,-1,-1,-1,-1,475.000,375.000,-1,350.000,2,1,1,1,1,1,1,0,0,2,2,2,2,1,1,2,1
115,-8472.933,-2752.272,143.192,187.679,-0.988532,0.133630,-0.070344,-0.133309,-0.991031,-0.009268,-0.070952,0.000216,0.997480,0,1.00000,-0.28848,60.000,-0.577,-1,300.000,625.000,250.000,325.000,250.000,225.000,325.000,300.000,-1,-1,-1,-1,425.000,350.000,-1,300.000,2,1,1,1,1,1,1,0,0,2,2,2,2,1,1,2,1
116,-8532.471,-2759.697,141.097,187.107,-0.990252,0.123720,-0.063985,-0.122914,-0.992282,-0.016397,-0.065520,-0.008372,0.997816,0,1.00000,-0.28617,60.000,-0.572,-1,275.000,575.000,250.000,300.000,225.000,225.000,325.000,325.000,-1,-1,-1,-1,400.000,325.000,725.000,275.000,2,1,1,1,1,1,1,0,0,2,2,2,2,1,1,1,1
117,-8592.078,-2766.534,142.019,186.540,-0.992363,0.113879,-0.047402,-0.112840,-0.993322,-0.024052,-0.049824,-0.018519,0.998586,0,1.00000,-0.28351,60.000,-0.567,-1,275.000,600.000,250.000,300.000,225.000,225.000,325.000,350.000,-1,-1,-1,-1,400.000,350.000,-1,275.000,2,1,1,1,1,1,1,0,0,2,2,2,2,1,1,2,1
118,-8651.750,-2772.784,144.413,185.979,-0.994210,0.104140,-0.026493,-0.103472,-0.994307,-0.025450,-0.028992,-0.022561,0.999325,0,1.00000,-0.28045,60.000,-0.561,-1,275.000,-1,250.000,325.000,225.000,225.000,325.000,375.000,-1,225.000,350.000,-1,450.000,350.000,-1,300.000,2,1,2,1,1,1,1,0,0,2,0,0,2,1,1,2,1
119,-8711.480,-2778.457,146.785,185.425,-0.995507,0.094514,-0.005651,-0.094327,-0.995166,-0.027318,-0.008206,-0.026662,0.999611,0,1.00000,-0.27694,60.000,-0.554,-1,275.000,-1,250.000,325.000,225.000,225.000,350.000,425.000,-1,125.000,200.000,-1,475.000,375.000,-1,325.000,2,1,2,1,1,1,1,0,0,2,0,0,2,1,1,2,1
120,-8771.263,-2783.560,149.144,184.879,-0.996265,0.085020,0.015113,-0.085438,-0.995903,-0.029616,0.012534,-0.030796,0.999447,0,1.00000,-0.27290,60.000,-0.546,-1,300.000,-1,275.000,350.000,250.000,225.000,375.000,425.000,-1,100.000,150.000,-1,700.000,400.000,-1,325.000,2,1,2,1,1,1,1,0,1,2,0,0,2,1,1,2,1
121,-8831.092,-2788.104,151.501,184.343,-0.996489,0.075682,0.035795,-0.076844,-0.996520,-0.032301,0.033226,-0.034938,0.998837,0,1.00000,-0.26822,60.000,-0.536,-1,300.000,-1,275.000,400.000,250.000,250.000,375.000,425.000,900.000,75.000,125.000,-1,-1,450.000,-1,375.000,2,1,2,1,1,1,1,0,1,0,0,0,2,2,1,2,1
122,1639.831,7543.216,177.478,-166.645,-0.972919,0.230926,0.010051,-0.230607,-0.972703,0.025885,0.015754,0.022866,0.999614,1,0.00000,0.00000,60.000,-0.296,-1,400.000,-1,375.000,-1,325.000,300.000,300.000,300.000,600.000,350.000,400.000,-1,800.000,675.000,-1,-1,2,0,2,0,2,0,0,0,0,1,1,1,2,0,0,2,2
123,1635.163,7542.100,177.551,-166.557,-0.972560,0.232425,0.010257,-0.232102,-0.972348,0.025848,0.015981,0.022758,0.999613,0,0.08000,0.04414,4.800,0.088,-1,400.000,-1,375.000,-1,325.000,300.000,300.000,300.000,600.000,375.000,400.000,-1,800.000,675.000,-1,-1,2,0,2,0,2,0,0,0,0,1,1,1,2,0,0,2,2
124,1625.829,7539.855,177.700,-166.472,-0.972212,0.233857,0.010668,-0.233525,-0.972009,0.025776,0.016398,0.022569,0.999611,0,0.16000,0.04216,9.600,0.084,-1,400.000,-1,375.000,-1,325.000,300.000,300.000,300.000,625.000,375.000,400.000,-1,800.000,675.000,-1,-1,2,0,2,0,2,0,0,0,0,1,1,1,2,0,0,2,2
125,1611.833,7536.468,177.925,-166.396,-0.971892,0.235155,0.011284,-0.234810,-0.971702,0.025670,0.017001,0.022299,0.999607,0,0.24000,0.03820,14.400,0.076,-1,400.000,-1,375.000,-1,325.000,300.000,300.000,300.000,625.000,400.000,425.000,-1,800.000,675.000,-1,-1,2,0,2,0,2,0,0,0,0,1,1,1,2,0,0,2,2
126,1593.786,7532.079,178.213,-166.331,-0.971617,0.236250,0.012078,-0.235891,-0.971444,0.025534,0.017766,0.021960,0.999601,0,0.30955,0.03226,18.573,0.065,-1,400.000,-1,375.000,-1,325.000,325.000,300.000,300.000,650.000,400.000,450.000,-1,800.000,700.000,-1,-1,2,0,2,0,2,0,0,0,0,1,1,1,2,0,0,2,2
127,1575.438,7527.600,178.504,-166.282,-0.971403,0.237086,0.012885,-0.236711,-0.971248,0.025396,0.018535,0.021620,0.999594,0,0.31477,0.02459,18.886,0.049,-1,400.000,-1,375.000,-1,325.000,325.000,300.000,300.000,675.000,425.000,450.000,-1,825.000,700.000,-1,-1,2,0,2,0,2,0,0,0,0,1,1,1,2,0,0,2,2
128,1556.785,7523.035,178.796,-166.249,-0.971252,0.237657,0.013705,-0.237267,-0.971116,0.025255,0.019311,0.021277,0.999587,0,0.32006,0.01679,19.204,0.034,-1,400.000,-1,375.000,-1,325.000,325.000,300.000,300.000,675.000,450.000,475.000,-1,825.000,700.000,-1,-1,2,0,2,0,2,0,0,0,0,1,1,1,2,0,0,2,2
129,1537.819,7518.388,179.090,-166.231,-0.971166,0.237959,0.014539,-0.237554,-0.971050,0.025109,0.020093,0.020932,0.999579,0,0.32545,0.00885,19.527,0.018,-1,400.000,-1,375.000,-1,325.000,325.000,300.000,300.000,700.000,450.000,500.000,-1,825.000,700.000,-1,-1,2,0,2,0,2,0,0,0,0,1,1,1,2,0,0,2,2
130,1518.535,7513.662,179.385,-166.229,-0.971147,0.237987,0.015388,-0.237568,-0.971050,0.024959,0.020882,0.020583,0.999570,0,0.33092,0.00077,19.855,0.002,-1,400.000,-1,375.000,-1,325.000,325.000,300.000,300.000,725.000,475.000,525.000,-1,825.000,700.000,-1,-1,2,0,2,0,2,0,0,0,0,1,1,1,2,0,0,2,2
131,1498.924,7508.861,179.682,-166.244,-0.971194,0.237736,0.016252,-0.237303,-0.971119,0.024802,0.021679,0.020231,0.999560,0,0.33649,-0.00744,20.189,-0.015,-1,400.000,-1,375.000,-1,325.000,325.000,300.000,300.000,725.000,500.000,525.000,-1,850.000,700.000,-1,-1,2,0,2,0,2,0,0,0,0,1,1,1,2,0,0,2,2
132,1478.981,7503.990,179.980,-166.276,-0.971309,0.237202,0.017133,-0.236754,-0.971257,0.024639,0.022485,0.019876,0.999550,0,0.34216,-0.01581,20.530,-0.032,-1,400.000,-1,375.000,-1,325.000,325.000,300.000,300.000,750.000,525.000,550.000,-1,850.000,700.000,-1,-1,2,0,2,0,2,0,0,0,0,1,1,1,2,0,0,2,2
133,1458.697,7499.055,180.279,-166.324,-0.971494,0.236379,0.018031,-0.235918,-0.971465,0.024467,0.023300,0.019516,0.999538,0,0.34793,-0.02432,20.876,-0.049,-1,400.000,-1,375.000,-1,325.000,325.000,300.000,300.000,775.000,525.000,575.000,-1,875.000,725.000,-1,-1,2,0,2,0,2,0,0,0,0,1,1,1,2,0,0,2,2
134,1438.064,7494.060,180.578,-166.390,-0.971747,0.235262,0.018946,-0.234788,-0.971743,0.024285,0.024124,0.019151,0.999526,0,0.35381,-0.03298,21.228,-0.066,-1,400.000,-1,375.000,-1,325.000,325.000,300.000,300.000,800.000,500.000,600.000,-1,875.000,725.000,-1,-1,2,0,2,0,2,0,0,0,0,1,0,1,2,0,0,2,2
135,1417.075,7489.011,180.877,-166.474,-0.972070,0.233846,0.019881,-0.233359,-0.972092,0.024093,0.024960,0.018781,0.999512,0,0.35979,-0.04179,21.588,-0.084,-1,400.000,-1,375.000,-1,325.000,325.000,300.000,300.000,825.000,475.000,575.000,-1,875.000,725.000,-1,-1,2,0,2,0,2,0,0,0,0,1,0,0,2,0,0,2,2
136,1395.721,7483.914,181.176,-166.575,-0.972463,0.232125,0.020835,-0.231625,-0.972512,0.023889,0.025807,0.018405,0.999497,0,0.36589,-0.05076,21.954,-0.102,-1,400.000,-1,375.000,-1,325.000,325.000,300.000,300.000,825.000,450.000,525.000,-1,875.000,725.000,-1,-1,2,0,2,0,2,0,0,0,0,1,0,0,2,0,0,2,2
