timestep,x_cm,y_cm,z_cm,yaw_deg,basis_xx,basis_xy,basis_xz,basis_yx,basis_yy,basis_yz,basis_zx,basis_zy,basis_zz,teleport_flag,throttle_cmd,steering_cmd,cmd_move_cm,cmd_turn_deg,lidar_cm_0,lidar_cm_1,lidar_cm_2,lidar_cm_3,lidar_cm_4,lidar_cm_5,lidar_cm_6,lidar_cm_7,lidar_cm_8,lidar_cm_9,lidar_cm_10,lidar_cm_11,lidar_cm_12,lidar_cm_13,lidar_cm_14,lidar_cm_15,lidar_cm_16,lidar_class_0,lidar_class_1,lidar_class_2,lidar_class_3,lidar_class_4,lidar_class_5,lidar_class_6,lidar_class_7,lidar_class_8,lidar_class_9,lidar_class_10,lidar_class_11,lidar_class_12,lidar_class_13,lidar_class_14,lidar_class_15,lidar_class_16
0,-8194.408,-2294.889,114.380,10.471,0.973638,-0.181726,0.137859,0.181555,0.983282,0.013921,-0.138084,0.011475,0.990354,1,0.08000,0.12000,4.800,0.240,-1,400.000,-1,400.000,-1,325.000,325.000,300.000,300.000,-1,600.000,475.000,975.000,800.000,825.000,-1,-1,2,0,2,0,2,0,0,0,0,2,1,1,1,0,0,2,2
1,-8184.983,-2293.065,113.056,10.951,0.972001,-0.189955,0.138318,0.189852,0.981712,0.014058,-0.138459,0.012596,0.990288,0,0.16000,0.24000,9.600,0.480,-1,400.000,-1,400.000,-1,325.000,325.000,300.000,300.000,-1,600.000,475.000,-1,800.000,825.000,-1,-1,2,0,2,0,2,0,0,0,0,2,1,1,2,0,0,2,2
2,-8170.875,-2290.179,111.072,11.562,0.969802,-0.200407,0.139003,0.200388,0.979613,0.014272,-0.139030,0.014014,0.990189,0,0.24000,0.30544,14.400,0.611,-1,400.000,-1,400.000,-1,325.000,325.000,300.000,300.000,-1,600.000,500.000,-1,800.000,825.000,-1,-1,2,0,2,0,2,0,0,0,0,2,1,1,2,0,0,2,2
3,-8152.107,-2286.127,108.426,12.185,0.967413,-0.211037,0.139910,0.211099,0.977356,0.014569,-0.139816,0.015441,0.990057,0,0.32000,0.31135,19.200,0.623,-1,400.000,-1,400.000,-1,325.000,325.000,300.000,300.000,-1,600.000,525.000,-1,800.000,825.000,-1,-1,2,0,2,0,2,0,0,0,0,2,1,1,2,0,0,2,2
4,-8128.705,-2280.800,105.122,12.823,0.964814,-0.221910,0.141034,0.222048,0.974921,0.014955,-0.140816,0.016888,0.989892,0,0.40000,0.31925,24.000,0.639,-1,400.000,-1,400.000,-1,325.000,325.000,300.000,300.000,-1,625.000,550.000,-1,800.000,825.000,-1,-1,2,0,2,0,2,0,0,0,0,2,1,1,2,0,0,2,2
5,-8100.698,-2274.086,101.159,13.481,0.961977,-0.233091,0.142371,0.233303,0.972282,0.015435,-0.142022,0.018367,0.989693,0,0.48000,0.32917,28.800,0.658,-1,400.000,-1,400.000,-1,325.000,325.000,300.000,300.000,-1,650.000,575.000,-1,775.000,800.000,-1,-1,2,0,2,0,2,0,0,0,0,2,1,1,2,0,0,2,2
6,-8068.119,-2265.864,96.542,14.164,0.958873,-0.244644,0.143914,0.244928,0.969409,0.016017,-0.143430,0.019890,0.989461,0,0.56000,0.34110,33.600,0.682,-1,400.000,-1,400.000,-1,325.000,325.000,300.000,300.000,-1,675.000,625.000,-1,775.000,800.000,-1,-1,2,0,2,0,2,0,0,0,0,2,1,1,2,0,0,2,2
7,-8034.149,-2256.842,91.718,14.874,0.955493,-0.256631,0.145509,0.256989,0.966271,0.016656,-0.144875,0.021479,0.989217,0,0.58578,0.35508,35.147,0.710,-1,400.000,-1,400.000,-1,325.000,325.000,300.000,300.000,-1,700.000,650.000,-1,775.000,800.000,-1,-1,2,0,2,0,2,0,0,0,0,2,1,1,2,0,0,2,2
8,-7999.736,-2247.225,86.823,15.613,0.951820,-0.269071,0.147107,0.269507,0.962842,0.017340,-0.146306,0.023142,0.988969,0,0.59553,0.36974,35.732,0.739,-1,400.000,-1,400.000,-1,325.000,325.000,300.000,300.000,-1,750.000,700.000,-1,750.000,800.000,-1,-1,2,0,2,0,2,0,0,0,0,2,1,1,2,0,0,2,2
9,-7964.875,-2236.976,81.855,16.383,0.947831,-0.281964,0.148707,0.282482,0.959102,0.018070,-0.147720,0.024879,0.988716,0,0.60558,0.38469,36.335,0.769,-1,400.000,-1,400.000,-1,325.000,325.000,300.000,300.000,-1,775.000,750.000,-1,750.000,775.000,-1,-1,2,0,2,0,2,0,0,0,0,2,1,1,2,0,0,2,2
10,-7929.568,-2226.058,76.486,17.183,0.943593,-0.295302,0.149764,0.296104,0.954997,0.017431,-0.148172,0.027898,0.988568,0,0.61594,0.39994,36.956,0.800,-1,400.000,-1,400.000,-1,325.000,325.000,300.000,300.000,-1,825.000,775.000,-1,750.000,775.000,-1,-1,2,0,2,0,2,0,0,0,0,2,1,1,2,0,0,2,2
11,-7893.815,-2214.432,71.012,18.013,0.939006,-0.309091,0.150766,0.310204,0.950524,0.016684,-0.148464,0.031102,0.988429,0,0.62660,0.41548,37.596,0.831,-1,400.000,-1,400.000,-1,325.000,325.000,300.000,300.000,-1,850.000,825.000,-1,750.000,750.000,-1,-1,2,0,2,0,2,0,0,0,0,2,1,1,2,0,0,2,2
12,-7857.619,-2202.055,65.461,18.876,0.934032,-0.323332,0.151789,0.324764,0.945660,0.015960,-0.148701,0.034389,0.988284,0,0.63756,0.43133,38.253,0.863,-1,400.000,-1,400.000,-1,325.000,325.000,300.000,300.000,-1,875.000,875.000,-1,725.000,725.000,-1,-1,2,0,2,0,2,0,0,0,0,2,1,1,2,0,0,2,2
13,-7820.986,-2188.886,59.833,19.771,0.928645,-0.338022,0.152837,0.339783,0.940380,0.015258,-0.148882,0.037762,0.988134,0,0.64881,0.44748,38.929,0.895,-1,400.000,-1,400.000,-1,325.000,325.000,300.000,300.000,-1,925.000,900.000,-1,725.000,725.000,-1,-1,2,0,2,0,2,0,0,0,0,2,1,1,2,0,0,2,2
14,-7783.922,-2174.881,53.990,20.699,0.922923,-0.353167,0.153250,0.355177,0.934679,0.014982,-0.148531,0.040603,0.988074,0,0.66036,0.46394,39.621,0.928,-1,375.000,-1,400.000,-1,325.000,325.000,300.000,300.000,-1,950.000,950.000,-1,725.000,700.000,-1,-1,2,0,2,0,2,0,0,0,0,2,1,1,2,0,0,2,2
15,-7746.439,-2159.994,47.985,21.660,0.916821,-0.368763,0.153144,0.370962,0.928527,0.015023,-0.147738,0.043037,0.988090,0,0.67219,0.48072,40.331,0.961,-1,375.000,-1,400.000,-1,325.000,325.000,300.000,300.000,-1,1000.000,1000.000,-1,725.000,700.000,-1,-1,2,0,2,0,2,0,0,0,0,2,1,1,2,0,0,2,2
16,-7708.550,-2144.178,41.946,22.656,0.910239,-0.384796,0.152961,0.387215,0.921870,0.014865,-0.146730,0.045698,0.988120,0,0.68430,0.49781,41.058,0.996,-1,375.000,-1,400.000,-1,325.000,325.000,300.000,300.000,-1,-1,-1,-1,725.000,675.000,-1,-1,2,0,2,0,2,0,0,0,0,2,2,2,2,0,0,2,2
17,-7670.272,-2127.384,35.841,23.686,0.903137,-0.401260,0.152756,0.403906,0.914682,0.014686,-0.145616,0.048436,0.988155,0,0.69668,0.51522,41.801,1.030,-1,375.000,-1,400.000,-1,325.000,325.000,300.000,300.000,-1,-1,-1,-1,725.000,675.000,-1,-1,2,0,2,0,2,0,0,0,0,2,2,2,2,0,0,2,2
18,-7631.623,-2109.563,29.670,24.752,0.895482,-0.418148,0.152529,0.421027,0.906932,0.014487,-0.144392,0.051246,0.988193,0,0.70933,0.53296,42.560,1.066,-1,375.000,-1,400.000,-1,325.000,325.000,300.000,300.000,-1,-1,-1,-1,725.000,675.000,-1,-1,2,0,2,0,2,0,0,0,0,2,2,2,2,0,0,2,2
19,-7592.696,-2090.526,23.445,26.058,0.885672,-0.438630,0.152278,0.441788,0.897006,0.014278,-0.142857,0.054629,0.988235,0,0.72222,0.65296,43.333,1.306,-1,375.000,-1,400.000,-1,325.000,325.000,300.000,300.000,-1,-1,-1,-1,700.000,650.000,-1,-1,2,0,2,0,2,0,0,0,0,2,2,2,2,0,0,2,2
20,-7553.512,-2070.245,17.170,27.362,0.875420,-0.458840,0.152003,0.462275,0.886625,0.014041,-0.141212,0.057975,0.988280,0,0.73536,0.65192,44.122,1.304,-1,375.000,-1,400.000,-1,325.000,325.000,300.000,300.000,-1,-1,-1,-1,700.000,650.000,-1,-1,2,0,2,0,2,0,0,0,0,2,2,2,2,0,0,2,2
21,-7514.082,-2048.720,10.848,28.629,0.865031,-0.478232,0.151705,0.481936,0.876098,0.013771,-0.139495,0.061200,0.988330,0,0.74872,0.63323,44.923,1.266,-1,375.000,-1,375.000,1000.000,325.000,325.000,300.000,300.000,-1,-1,-1,-1,700.000,625.000,-1,1000.000,2,0,2,0,0,0,0,0,0,2,2,2,2,0,0,2,0
22,-7474.104,-2025.786,4.447,29.839,0.854716,-0.496536,0.151369,0.500508,0.865628,0.013367,-0.137666,0.064337,0.988387,0,0.76816,0.60527,46.090,1.211,-1,375.000,-1,375.000,950.000,325.000,325.000,300.000,300.000,-1,-1,-1,-1,675.000,625.000,-1,950.000,2,0,2,0,0,0,0,0,0,2,2,2,2,0,0,2,0
23,-7434.455,-2001.923,-1.874,31.038,0.844136,-0.514427,0.150994,0.518687,0.854869,0.012755,-0.135642,0.067552,0.988452,0,0.77128,0.59936,46.277,1.199,-1,375.000,-1,375.000,900.000,325.000,325.000,300.000,300.000,-1,-1,-1,-1,675.000,600.000,-1,925.000,2,0,2,0,0,0,0,0,0,2,2,2,2,0,0,2,0
24,-7395.242,-1977.199,-8.127,32.229,0.833261,-0.531969,0.150612,0.536515,0.843804,0.012090,-0.133518,0.070731,0.988519,0,0.77262,0.59558,46.357,1.191,-1,375.000,-1,375.000,850.000,325.000,325.000,300.000,300.000,-1,-1,-1,-1,675.000,600.000,-1,875.000,2,0,2,0,0,0,0,0,0,2,2,2,2,0,0,2,0
25,-7356.499,-1951.637,-14.295,33.413,0.822104,-0.549160,0.150228,0.553984,0.832449,0.011416,-0.131326,0.073838,0.988586,0,0.77362,0.59173,46.417,1.183,-1,375.000,-1,350.000,825.000,325.000,300.000,300.000,300.000,-1,-1,-1,-1,650.000,600.000,-1,850.000,2,0,2,0,0,0,0,0,0,2,2,2,2,0,0,2,0
26,-7318.255,-1925.262,-20.381,34.588,0.810678,-0.565994,0.149839,0.571094,0.820815,0.010697,-0.129045,0.076901,0.988653,0,0.77429,0.58786,46.458,1.176,-1,375.000,-1,350.000,775.000,325.000,300.000,300.000,300.000,-1,-1,-1,-1,650.000,575.000,-1,800.000,2,0,2,0,0,0,0,0,0,2,2,2,2,0,0,2,0
27,-7280.539,-1898.102,-26.111,35.756,0.799174,-0.582515,0.148315,0.587747,0.808979,0.010323,-0.125997,0.078922,0.988886,0,0.77464,0.58400,46.478,1.168,-1,375.000,-1,350.000,750.000,300.000,300.000,300.000,300.000,-1,-1,-1,-1,650.000,575.000,-1,775.000,2,0,2,0,0,0,0,0,0,2,2,2,2,0,0,2,0
28,-7243.380,-1870.184,-31.287,36.917,0.787729,-0.598766,0.144786,0.603888,0.797000,0.010470,-0.121664,0.079187,0.989408,0,0.77467,0.58018,46.480,1.160,-1,375.000,-1,350.000,725.000,300.000,300.000,300.000,325.000,-1,-1,-1,-1,650.000,575.000,-1,775.000,2,0,2,0,0,0,0,0,0,2,2,2,2,0,0,2,0
29,-7206.803,-1841.533,-36.372,38.069,0.776034,-0.614668,0.141261,0.619691,0.784777,0.010453,-0.117283,0.079427,0.989917,0,0.77441,0.57643,46.464,1.153,-1,375.000,-1,350.000,725.000,300.000,300.000,300.000,325.000,-1,825.000,850.000,-1,650.000,575.000,-1,750.000,2,0,2,0,0,0,0,0,0,2,0,0,2,0,0,2,0
30,-7170.831,-1812.175,-41.363,39.217,0.764069,-0.630257,0.137750,0.635187,0.772290,0.010272,-0.112857,0.079648,0.990414,0,0.77387,0.57401,46.432,1.148,-1,375.000,-1,350.000,700.000,300.000,300.000,300.000,300.000,-1,675.000,700.000,-1,650.000,575.000,-1,750.000,2,0,2,0,0,0,0,0,0,2,0,0,2,0,0,2,0
31,-7134.734,-1781.750,-46.358,40.126,0.754503,-0.642434,0.134176,0.647234,0.762226,0.009987,-0.108688,0.079308,0.990907,0,0.78685,0.45401,47.211,0.908,-1,375.000,-1,350.000,700.000,300.000,300.000,300.000,300.000,-1,575.000,625.000,-1,650.000,575.000,-1,725.000,2,0,2,0,0,0,0,0,0,2,0,0,2,0,0,2,0
32,-7099.032,-1750.940,-51.246,40.794,0.747457,-0.651314,0.130759,0.655968,0.754727,0.009610,-0.104947,0.078591,0.991368,0,0.78598,0.33401,47.159,0.668,-1,375.000,-1,350.000,675.000,300.000,300.000,300.000,300.000,-1,500.000,550.000,-1,650.000,575.000,-1,725.000,2,0,2,0,0,0,0,0,0,2,0,0,2,0,0,2,0
33,-7063.603,-1719.900,-56.059,41.222,0.743053,-0.656994,0.127401,0.661477,0.749909,0.009203,-0.101586,0.077434,0.991809,0,0.78508,0.21401,47.105,0.428,-1,375.000,-1,350.000,675.000,300.000,300.000,300.000,300.000,-1,450.000,525.000,-1,650.000,575.000,-1,700.000,2,0,2,0,0,0,0,0,0,2,0,0,2,0,0,2,0
34,-7028.314,-1688.779,-60.824,41.410,0.741372,-0.659535,0.124024,0.663816,0.747844,0.008822,-0.098568,0.075789,0.992240,0,0.78419,0.09401,47.051,0.188,-1,375.000,-1,350.000,650.000,300.000,300.000,300.000,300.000,-1,400.000,475.000,-1,650.000,575.000,-1,675.000,2,0,2,0,0,0,0,0,0,2,0,0,2,0,0,2,0
35,-6993.035,-1657.724,-65.520,41.358,0.742465,-0.658968,0.120444,0.663002,0.748569,0.008536,-0.095786,0.073516,0.992683,0,0.78335,-0.02599,47.001,-0.052,-1,375.000,-1,350.000,625.000,300.000,300.000,300.000,300.000,-1,375.000,450.000,-1,650.000,575.000,-1,675.000,2,0,2,0,0,0,0,0,0,2,0,0,2,0,0,2,0
36,-6957.632,-1626.879,-70.144,41.066,0.746319,-0.655282,0.116675,0.659024,0.752075,0.008387,-0.093244,0.070633,0.993135,0,0.78260,-0.14599,46.956,-0.292,-1,350.000,-1,350.000,625.000,300.000,300.000,300.000,300.000,-1,325.000,400.000,-1,650.000,550.000,-1,650.000,2,0,2,0,0,0,0,0,0,2,0,0,2,0,0,2,0
37,-6921.974,-1596.388,-74.110,40.534,0.752913,-0.648300,0.113262,0.652048,0.758161,0.005122,-0.089192,0.069996,0.993552,0,0.78195,-0.26599,46.917,-0.532,-1,375.000,-1,350.000,600.000,300.000,300.000,300.000,300.000,-1,300.000,350.000,-1,650.000,550.000,-1,650.000,2,0,2,0,0,0,0,0,0,2,0,0,2,0,0,2,0
38,-6885.934,-1566.401,-78.018,39.762,0.762117,-0.638061,0.109802,0.641803,0.766868,0.001632,-0.085245,0.069228,0.993952,0,0.78142,-0.38599,46.885,-0.772,-1,375.000,-1,350.000,600.000,300.000,300.000,300.000,300.000,-1,250.000,325.000,-1,675.000,550.000,-1,625.000,2,0,2,0,0,0,0,0,0,2,0,0,2,0,0,2,0
39,-6845.625,-1534.051,-82.340,38.750,0.773846,-0.624462,0.105871,0.628170,0.778073,-0.002169,-0.081021,0.068183,0.994378,0,0.86142,-0.50599,51.685,-1.012,-1,375.000,-1,350.000,575.000,300.000,300.000,300.000,300.000,-1,225.000,275.000,-1,675.000,550.000,-1,625.000,2,0,2,0,0,0,0,0,0,2,0,0,2,0,0,2,0
40,-6800.836,-1499.636,-87.097,37.538,0.787493,-0.607925,0.101405,0.611566,0.791169,-0.006234,-0.076439,0.066925,0.994826,0,0.94142,-0.60572,56.485,-1.211,-1,375.000,-1,350.000,575.000,300.000,300.000,325.000,300.000,-1,225.000,250.000,-1,700.000,550.000,-1,600.000,2,0,2,0,0,0,0,0,0,2,0,0,2,0,0,2,0
41,-6752.519,-1464.064,-91.780,36.362,0.800382,-0.591663,0.096563,0.595079,0.803623,-0.008452,-0.072599,0.064227,0.995291,0,1.00000,-0.58804,60.000,-1.176,-1,375.000,-1,350.000,550.000,300.000,300.000,325.000,300.000,-1,225.000,250.000,-1,675.000,525.000,-1,575.000,2,0,2,0,0,0,0,0,0,2,0,0,2,0,0,2,0
42,-6703.475,-1429.499,-96.140,35.177,0.812951,-0.575062,0.091726,0.578140,0.815889,-0.008862,-0.069742,0.060235,0.995745,0,1.00000,-0.59243,60.000,-1.185,-1,375.000,-1,325.000,550.000,300.000,300.000,325.000,300.000,-1,225.000,275.000,-1,675.000,525.000,-1,575.000,2,0,2,0,0,0,0,0,0,2,0,0,2,0,0,2,0
43,-6653.722,-1395.963,-100.521,33.984,0.825232,-0.558072,0.086878,0.560822,0.827887,-0.009064,-0.066866,0.056203,0.996178,0,1.00000,-0.59684,60.000,-1.194,-1,375.000,-1,325.000,525.000,300.000,300.000,325.000,300.000,-1,250.000,275.000,-1,650.000,525.000,-1,550.000,2,0,2,0,0,0,0,0,0,2,0,0,2,0,0,2,0
44,-6603.276,-1363.481,-104.119,32.781,0.837508,-0.540780,0.078338,0.542938,0.839738,-0.007679,-0.061631,0.048964,0.996897,0,1.00000,-0.60129,60.000,-1.203,-1,375.000,-1,325.000,550.000,300.000,275.000,325.000,300.000,-1,225.000,275.000,-1,625.000,525.000,-1,575.000,2,0,2,0,0,0,0,0,0,2,0,0,2,0,0,2,0
45,-6552.155,-1332.072,-107.355,31.569,0.849540,-0.523109,0.068108,0.524623,0.851318,-0.005228,-0.055247,0.040173,0.997664,0,1.00000,-0.60578,60.000,-1.212,-1,375.000,-1,325.000,600.000,300.000,275.000,325.000,325.000,-1,225.000,300.000,-1,625.000,525.000,-1,625.000,2,0,2,0,0,0,0,0,0,2,0,0,2,0,0,2,0
46,-6500.377,-1301.758,-110.612,30.349,0.861162,-0.505016,0.057960,0.505979,0.862543,-0.002290,-0.048836,0.031299,0.998316,0,1.00000,-0.61032,60.000,-1.221,-1,375.000,-1,325.000,-1,300.000,275.000,300.000,325.000,925.000,225.000,300.000,-1,625.000,525.000,-1,-1,2,0,2,0,2,0,0,0,0,0,0,0,2,0,0,2,2
47,-6447.992,-1272.505,-113.405,29.182,0.871714,-0.487437,0.050208,0.488045,0.872818,0.000172,-0.043906,0.024354,0.998739,0,1.00000,-0.58354,60.000,-1.167,-1,350.000,-1,325.000,-1,300.000,275.000,300.000,325.000,900.000,225.000,300.000,-1,625.000,550.000,-1,-1,2,0,2,0,2,0,0,0,0,0,0,0,2,0,0,2,2
48,-6395.020,-1244.327,-115.687,28.011,0.881767,-0.469560,0.044723,0.469931,0.882700,0.002479,-0.040641,0.018831,0.998996,0,1.00000,-0.58530,60.000,-1.171,-1,350.000,-1,325.000,-1,275.000,275.000,300.000,325.000,900.000,250.000,350.000,-1,600.000,-1,-1,-1,2,0,2,0,2,0,0,0,0,0,0,0,2,0,2,2,2
49,-6341.484,-1217.240,-116.807,26.837,0.891516,-0.451384,0.038101,0.451745,0.892147,-0.000973,-0.033552,0.018079,0.999273,0,1.00000,-0.58695,60.000,-1.174,-1,350.000,-1,325.000,-1,300.000,275.000,300.000,325.000,900.000,275.000,350.000,-1,625.000,-1,-1,-1,2,0,2,0,2,0,0,0,0,0,0,0,2,0,2,2,2
50,-6287.401,-1191.258,-117.869,25.660,0.900867,-0.432967,0.031269,0.433301,0.901238,-0.004509,-0.026229,0.017611,0.999501,0,1.00000,-0.58849,60.000,-1.177,-1,350.000,-1,350.000,-1,300.000,275.000,300.000,325.000,900.000,250.000,325.000,-1,650.000,-1,-1,-1,2,0,2,0,2,0,0,0,0,0,0,0,2,0,2,2,2
51,-6232.796,-1166.395,-118.947,24.480,0.909806,-0.414321,0.024308,0.414603,0.909969,-0.007754,-0.018906,0.017133,0.999674,0,1.00000,-0.58991,60.000,-1.180,-1,375.000,-1,350.000,-1,300.000,300.000,325.000,325.000,900.000,225.000,275.000,-1,-1,-1,-1,-1,2,0,2,0,2,0,0,0,0,0,0,0,2,2,2,2,2
52,-6177.688,-1142.664,-120.039,23.298,0.918322,-0.395458,0.017226,0.395663,0.918333,-0.010706,-0.011585,0.016647,0.999794,0,1.00000,-0.59123,60.000,-1.182,-1,375.000,-1,-1,-1,300.000,300.000,325.000,300.000,900.000,175.000,225.000,-1,-1,-1,-1,-1,2,0,2,2,2,0,0,0,0,0,0,0,2,2,2,2,2
53,-6122.102,-1120.077,-121.146,22.113,0.926408,-0.376387,0.010034,0.376496,0.926322,-0.013362,-0.004265,0.016156,0.999860,0,1.00000,-0.59244,60.000,-1.185,-1,375.000,-1,-1,-1,300.000,-1,350.000,300.000,925.000,150.000,200.000,-1,-1,-1,-1,-1,2,0,2,2,2,0,2,0,0,0,0,0,2,2,2,2,2
54,-6066.060,-1098.648,-122.291,20.926,0.934056,-0.357118,0.002632,0.357114,0.933930,-0.015656,0.003133,0.015563,0.999874,0,1.00000,-0.59356,60.000,-1.187,-1,-1,-1,-1,-1,-1,-1,350.000,300.000,925.000,150.000,175.000,-1,-1,-1,-1,-1,2,2,2,2,2,2,2,0,0,0,0,0,2,2,2,2,2
55,-6009.584,-1078.386,-123.379,19.737,0.941255,-0.337664,-0.004784,0.337540,0.941153,-0.017249,0.010327,0.014621,0.999840,0,1.00000,-0.59459,60.000,-1.189,-1,-1,-1,-1,-1,-1,-1,350.000,300.000,925.000,125.000,175.000,-1,-1,-1,-1,-1,2,2,2,2,2,2,2,0,0,0,0,0,2,2,2,2,2
56,-5952.700,-1059.302,-124.721,18.546,0.948069,-0.318027,-0.004872,0.317906,0.947969,-0.017032,0.010035,0.014598,0.999843,0,1.00000,-0.59553,60.000,-1.191,-1,-1,-1,-1,-1,-1,-1,325.000,275.000,975.000,175.000,200.000,-1,-1,-1,-1,-1,2,2,2,2,2,2,2,0,0,0,0,0,2,2,2,2,2
57,-5895.433,-1041.399,-133.408,17.353,0.954265,-0.297994,0.024030,0.298718,0.953647,-0.036394,-0.012071,0.041907,0.999049,0,1.00000,-0.59642,60.000,-1.193,-1,-1,-1,-1,-1,-1,-1,350.000,225.000,-1,325.000,275.000,-1,-1,-1,-1,-1,2,2,2,2,2,2,2,0,0,2,0,0,2,2,2,2,2
58,-5837.806,-1024.686,-142.074,16.158,0.959190,-0.277592,0.053830,0.280538,0.958074,-0.058242,-0.035406,0.070966,0.996850,0,1.00000,-0.59725,60.000,-1.194,-1,-1,-1,-1,-1,-1,-1,375.000,175.000,-1,725.000,525.000,-1,-1,-1,-1,-1,2,2,2,2,2,2,2,0,0,2,0,0,2,2,2,2,2
59,9511.057,6887.296,-182.376,15.619,0.944380,-0.268716,0.189574,0.275628,0.961206,-0.010583,-0.179376,0.062246,0.981809,1,0.00000,0.00000,60.000,-1.196,925.000,725.000,-1,825.000,750.000,650.000,675.000,75.000,125.000,-1,-1,-1,-1,-1,-1,-1,-1,1,1,2,1,1,1,1,0,1,2,2,2,2,2,2,2,2
60,4921.262,3612.092,-257.096,68.379,0.367702,-0.929628,-0.024250,0.928459,0.368463,-0.046902,0.052537,-0.005269,0.998605,1,0.08000,-0.12000,4.800,-0.240,-1,400.000,-1,575.000,-1,350.000,375.000,225.000,375.000,-1,-1,0.000,-1,900.000,-1,-1,-1,2,0,2,0,2,0,0,0,0,2,2,1,2,0,2,2,2
61,4924.872,3620.987,-256.184,67.910,0.375539,-0.926596,-0.019766,0.925486,0.376057,-0.045344,0.049449,-0.001265,0.998776,0,0.16000,-0.23425,9.600,-0.468,-1,400.000,-1,550.000,-1,350.000,375.000,225.000,375.000,-1,-1,0.000,-1,900.000,-1,-1,-1,2,0,2,0,2,0,0,0,0,2,2,1,2,0,2,2,2
62,4930.396,3634.285,-254.911,67.439,0.383456,-0.923463,-0.013329,0.922452,0.383663,-0.043408,0.045199,0.004350,0.998969,0,0.24000,-0.23568,14.400,-0.471,-1,400.000,-1,550.000,-1,350.000,375.000,250.000,350.000,-1,-1,0.000,-1,900.000,-1,-1,-1,2,0,2,0,2,0,0,0,0,2,2,1,2,0,2,2,2
63,4937.907,3651.954,-253.310,66.963,0.391431,-0.920194,-0.005030,0.919344,0.391295,-0.041172,0.039854,0.011491,0.999139,0,0.32000,-0.23784,19.200,-0.476,-1,400.000,-1,525.000,-1,350.000,375.000,250.000,350.000,-1,-1,0.000,-1,925.000,-1,-1,-1,2,0,2,0,2,0,0,0,0,2,2,1,2,0,2,2,2
64,4947.482,3673.961,-251.423,66.482,0.399431,-0.916750,0.004992,0.916150,0.398959,-0.038728,0.033512,0.020043,0.999237,0,0.40000,-0.24073,24.000,-0.481,-1,400.000,-1,525.000,-1,350.000,375.000,275.000,350.000,-1,-1,-1,-1,925.000,-1,-1,-1,2,0,2,0,2,0,0,0,0,2,2,2,2,0,2,2,2
65,4959.196,3700.271,-249.304,65.993,0.407423,-0.913089,0.016554,0.912861,0.406665,-0.036180,0.026304,0.029852,0.999208,0,0.48000,-0.24437,28.800,-0.489,-1,400.000,-1,500.000,-1,350.000,375.000,275.000,325.000,-1,-1,-1,-1,925.000,-1,-1,-1,2,0,2,0,2,0,0,0,0,2,2,2,2,0,2,2,2
66,4973.128,3730.846,-247.021,65.496,0.415375,-0.909174,0.029418,0.909464,0.414419,-0.033640,0.018393,0.040728,0.999001,0,0.56000,-0.24877,33.600,-0.498,-1,400.000,-1,500.000,-1,350.000,375.000,300.000,325.000,-1,-1,-1,-1,925.000,-1,-1,-1,2,0,2,0,2,0,0,0,0,2,2,2,2,0,2,2,2
67,4989.358,3765.647,-244.652,64.988,0.423266,-0.904970,0.043295,0.905950,0.422231,-0.031230,0.009982,0.052442,0.998574,0,0.64000,-0.25393,38.400,-0.508,-1,425.000,-1,475.000,-1,350.000,350.000,325.000,325.000,-1,-1,-1,-1,950.000,-1,-1,-1,2,0,2,0,2,0,0,0,0,2,2,2,2,0,2,2,2
68,5007.974,3804.630,-243.473,64.468,0.431287,-0.900720,0.051919,0.902200,0.430239,-0.030478,0.005115,0.059986,0.998186,0,0.72000,-0.25986,43.200,-0.520,-1,425.000,-1,475.000,-1,350.000,350.000,350.000,300.000,-1,-1,-1,-1,975.000,-1,-1,-1,2,0,2,0,2,0,0,0,0,2,2,2,2,0,2,2,2
69,5029.062,3847.750,-243.475,63.935,0.439520,-0.896481,0.056078,0.898230,0.438506,-0.029916,0.002229,0.063519,0.997978,0,0.80000,-0.26658,48.000,-0.533,-1,425.000,-1,475.000,-1,350.000,375.000,350.000,300.000,-1,-1,-1,-1,1000.000,-1,-1,-1,2,0,2,0,2,0,0,0,0,2,2,2,2,0,2,2,2
70,5051.381,3892.293,-244.154,63.387,0.447810,-0.892164,0.059244,0.894125,0.447022,-0.026684,-0.002677,0.064920,0.997887,0,0.83036,-0.27408,49.822,-0.548,-1,425.000,-1,475.000,-1,350.000,350.000,325.000,300.000,-1,-1,-1,-1,1000.000,-1,-1,-1,2,0,2,0,2,0,0,0,0,2,2,2,2,0,2,2,2
71,5074.289,3936.912,-244.976,62.823,0.456270,-0.887642,0.062525,0.889807,0.455739,-0.023347,-0.007772,0.066288,0.997770,0,0.83593,-0.28191,50.156,-0.564,-1,425.000,-1,475.000,-1,350.000,350.000,325.000,300.000,-1,-1,-1,-1,1000.000,-1,-1,-1,2,0,2,0,2,0,0,0,0,2,2,2,2,0,2,2,2
72,5097.808,3981.603,-245.920,62.243,0.464901,-0.882900,0.065991,0.885268,0.464650,-0.020046,-0.012965,0.067739,0.997619,0,0.84168,-0.28982,50.501,-0.580,-1,425.000,-1,450.000,-1,350.000,350.000,325.000,300.000,-1,-1,-1,-1,975.000,-1,-1,-1,2,0,2,0,2,0,0,0,0,2,2,2,2,0,2,2,2
73,5121.960,4026.360,-247.039,61.648,0.473706,-0.877917,0.069740,0.880497,0.473747,-0.017007,-0.018108,0.069462,0.997420,0,0.84762,-0.29782,50.857,-0.596,-1,425.000,-1,450.000,-1,350.000,350.000,325.000,300.000,-1,-1,-1,-1,975.000,-1,-1,-1,2,0,2,0,2,0,0,0,0,2,2,2,2,0,2,2,2
74,5146.764,4071.176,-248.344,61.036,0.482679,-0.872685,0.073777,0.875490,0.483025,-0.014259,-0.023192,0.071473,0.997173,0,0.85371,-0.30590,51.223,-0.612,-1,425.000,-1,450.000,-1,350.000,350.000,325.000,300.000,-1,-1,-1,-1,975.000,-1,-1,-1,2,0,2,0,2,0,0,0,0,2,2,2,2,0,2,2,2
75,5172.244,4116.044,-249.819,60.408,0.491793,-0.867196,0.078179,0.870246,0.492483,-0.011532,-0.028502,0.073706,0.996873,0,0.85995,-0.31407,51.597,-0.628,-1,425.000,-1,450.000,-1,350.000,350.000,325.000,300.000,-1,-1,-1,-1,950.000,1000.000,-1,-1,2,0,2,0,2,0,0,0,0,2,2,2,2,0,0,2,2
76,5198.419,4160.953,-251.496,59.763,0.501029,-0.861434,0.083076,0.864758,0.502112,-0.008820,-0.034115,0.076260,0.996504,0,0.86632,-0.32231,51.979,-0.645,-1,425.000,-1,450.000,-1,350.000,350.000,300.000,300.000,-1,-1,-1,-1,950.000,975.000,-1,-1,2,0,2,0,2,0,0,0,0,2,2,2,2,0,0,2,2
77,5225.311,4205.892,-253.312,59.102,0.510401,-0.855407,0.088148,0.859014,0.511915,-0.006190,-0.039829,0.078880,0.996088,0,0.87283,-0.33064,52.370,-0.661,-1,425.000,-1,425.000,-1,350.000,350.000,300.000,300.000,-1,-1,-1,-1,925.000,925.000,-1,-1,2,0,2,0,2,0,0,0,0,2,2,2,2,0,0,2,2
78,5250.320,4246.357,-255.075,58.282,0.522067,-0.847844,0.092774,0.851699,0.524016,-0.003884,-0.045322,0.081043,0.995680,0,0.79283,-0.41009,47.570,-0.820,-1,425.000,-1,425.000,-1,325.000,350.000,300.000,300.000,-1,-1,-1,-1,925.000,900.000,-1,-1,2,0,2,0,2,0,0,0,0,2,2,2,2,0,0,2,2
79,5273.334,4282.409,-256.753,57.446,0.533872,-0.839986,0.096978,0.844062,0.536242,-0.001910,-0.050400,0.082875,0.995285,0,0.71283,-0.41774,42.770,-0.835,-1,425.000,-1,425.000,-1,325.000,325.000,300.000,300.000,-1,-1,-1,-1,925.000,875.000,-1,-1,2,0,2,0,2,0,0,0,0,2,2,2,2,0,0,2,2
80,5294.238,4314.107,-258.321,56.597,0.545794,-0.831840,0.100752,0.836108,0.548564,-0.000248,-0.055063,0.084375,0.994912,0,0.63283,-0.42463,37.970,-0.849,-1,425.000,-1,425.000,-1,325.000,325.000,300.000,300.000,-1,-1,-1,-1,900.000,850.000,-1,-1,2,0,2,0,2,0,0,0,0,2,2,2,2,0,0,2,2
81,5312.914,4341.521,-259.757,55.735,0.557811,-0.823416,0.104086,0.827846,0.560954,0.001120,-0.059310,0.085542,0.994568,0,0.55283,-0.43076,33.170,-0.862,-1,425.000,-1,400.000,-1,325.000,325.000,300.000,300.000,-1,-1,-1,-1,875.000,825.000,-1,-1,2,0,2,0,2,0,0,0,0,2,2,2,2,0,0,2,2
82,5329.335,4364.656,-261.153,54.634,0.573207,-0.812468,0.106442,0.816974,0.576670,0.002169,-0.063144,0.085717,0.994317,0,0.47283,-0.55076,28.370,-1.102,-1,425.000,-1,400.000,-1,325.000,325.000,300.000,300.000,-1,-1,-1,-1,875.000,825.000,-1,-1,2,0,2,0,2,0,0,0,0,2,2,2,2,0,0,2,2
83,5343.370,4383.593,-262.682,53.462,0.589595,-0.800605,0.106817,0.805023,0.593237,0.002911,-0.065699,0.084273,0.994274,0,0.39283,-0.58583,23.570,-1.172,-1,425.000,-1,400.000,-1,325.000,325.000,300.000,300.000,-1,-1,-1,-1,875.000,800.000,-1,-1,2,0,2,0,2,0,0,0,0,2,2,2,2,0,0,2,2
84,5354.853,4398.441,-263.961,52.289,0.605787,-0.788396,0.107025,0.792716,0.609581,0.003496,-0.067997,0.082723,0.994250,0,0.31283,-0.58651,18.770,-1.173,-1,425.000,-1,400.000,-1,325.000,325.000,300.000,300.000,-1,-1,-1,-1,850.000,800.000,-1,-1,2,0,2,0,2,0,0,0,0,2,2,2,2,0,0,2,2
85,5363.624,4409.315,-264.946,51.115,0.621763,-0.775839,0.107168,0.780062,0.625689,0.003926,-0.070100,0.081157,0.994233,0,0.23283,-0.58707,13.970,-1.174,-1,425.000,-1,400.000,-1,325.000,325.000,300.000,300.000,-1,-1,-1,-1,850.000,775.000,-1,-1,2,0,2,0,2,0,0,0,0,2,2,2,2,0,0,2,2
86,5369.528,4416.333,-265.616,49.940,0.637509,-0.762942,0.107247,0.767070,0.641549,0.004198,-0.072007,0.079589,0.994224,0,0.15283,-0.58752,9.170,-1.175,-1,425.000,-1,400.000,-1,325.000,325.000,300.000,300.000,-1,-1,-1,-1,850.000,775.000,-1,-1,2,0,2,0,2,0,0,0,0,2,2,2,2,0,0,2,2
87,5372.410,4419.618,-265.953,48.764,0.653016,-0.749710,0.107261,0.753748,0.657149,0.004308,-0.073716,0.078035,0.994222,0,0.07283,-0.58783,4.370,-1.176,-1,425.000,-1,400.000,-1,325.000,325.000,300.000,300.000,-1,-1,-1,-1,850.000,775.000,-1,-1,2,0,2,0,2,0,0,0,0,2,2,2,2,0,0,2,2
88,5372.121,4419.300,-265.938,47.588,0.668270,-0.736153,0.107209,0.740106,0.672477,0.004250,-0.075224,0.076506,0.994227,0,-0.00717,-0.58799,-0.430,-1.176,-1,425.000,-1,400.000,-1,325.000,325.000,300.000,300.000,-1,-1,-1,-1,850.000,750.000,-1,-1,2,0,2,0,2,0,0,0,0,2,2,2,2,0,0,2,2
89,5368.517,4415.511,-265.558,46.412,0.683261,-0.722279,0.107088,0.726153,0.687521,0.004017,-0.076527,0.075017,0.994241,0,-0.08717,-0.58797,-5.230,-1.176,-1,425.000,-1,400.000,-1,325.000,325.000,300.000,300.000,-1,-1,-1,-1,850.000,750.000,-1,-1,2,0,2,0,2,0,0,0,0,2,2,2,2,0,0,2,2
90,5361.455,4408.388,-264.801,45.237,0.697976,-0.708098,0.106893,0.711902,0.702269,0.003603,-0.077619,0.073583,0.994264,0,-0.16717,-0.58775,-10.030,-1.175,-1,425.000,-1,400.000,-1,325.000,325.000,300.000,300.000,-1,-1,-1,-1,850.000,750.000,-1,-1,2,0,2,0,2,0,0,0,0,2,2,2,2,0,0,2,2
91,5350.799,4398.074,-263.656,44.062,0.712403,-0.693624,0.106619,0.697367,0.716708,0.002999,-0.078495,0.072216,0.994295,0,-0.24717,-0.58728,-14.830,-1.175,-1,425.000,-1,400.000,-1,325.000,325.000,300.000,300.000,-1,-1,-1,-1,850.000,750.000,-1,-1,2,0,2,0,2,0,0,0,0,2,2,2,2,0,0,2,2
92,5336.418,4384.713,-262.146,42.889,0.726546,-0.678874,0.106112,0.682554,0.730832,0.002220,-0.079057,0.070814,0.994352,0,-0.32717,-0.58652,-19.630,-1.173,-1,425.000,-1,400.000,-1,325.000,325.000,300.000,300.000,-1,-1,-1,-1,850.000,750.000,-1,-1,2,0,2,0,2,0,0,0,0,2,2,2,2,0,0,2,2
93,5318.184,4368.454,-260.626,41.719,0.740576,-0.663946,0.103548,0.667411,0.744688,0.001580,-0.078160,0.067939,0.994623,0,-0.40717,-0.58489,-24.430,-1.170,-1,425.000,-1,400.000,-1,325.000,325.000,300.000,300.000,-1,-1,-1,-1,850.000,775.000,-1,-1,2,0,2,0,2,0,0,0,0,2,2,2,2,0,0,2,2
94,5303.323,4355.629,-259.397,40.790,0.751507,-0.651875,0.101465,0.655171,0.755480,0.001118,-0.077383,0.065637,0.994838,0,-0.32717,-0.46489,-19.630,-0.930,-1,425.000,-1,400.000,-1,325.000,325.000,300.000,300.000,-1,-1,-1,-1,850.000,775.000,-1,-1,2,0,2,0,2,0,0,0,0,2,2,2,2,0,0,2,2
95,5291.979,4346.075,-258.465,40.100,0.759490,-0.642805,0.099879,0.645974,0.763359,0.000800,-0.076757,0.063912,0.994999,0,-0.24717,-0.34489,-14.830,-0.690,-1,425.000,-1,400.000,-1,325.000,325.000,300.000,300.000,-1,-1,-1,-1,875.000,775.000,-1,-1,2,0,2,0,2,0,0,0,0,2,2,2,2,0,0,2,2
96,5284.257,4339.674,-257.833,39.650,0.764640,-0.636840,0.098801,0.639925,0.768437,0.000599,-0.076304,0.062768,0.995107,0,-0.16717,-0.22489,-10.030,-0.450,-1,425.000,-1,400.000,-1,325.000,325.000,275.000,300.000,-1,-1,-1,-1,875.000,800.000,-1,-1,2,0,2,0,2,0,0,0,0,2,2,2,2,0,0,2,2
97,5280.217,4336.351,-257.503,39.440,0.767031,-0.634044,0.098239,0.637088,0.770791,0.000497,-0.076037,0.062206,0.995163,0,-0.08717,-0.10489,-5.230,-0.210,-1,425.000,-1,400.000,-1,325.000,325.000,275.000,300.000,-1,-1,-1,-1,875.000,800.000,-1,-1,2,0,2,0,2,0,0,0,0,2,2,2,2,0,0,2,2
98,5279.884,4336.079,-257.476,39.285,0.768759,-0.631957,0.098185,0.634987,0.772523,0.000501,-0.076167,0.061961,0.995168,0,-0.00717,-0.07785,-0.430,-0.156,-1,425.000,-1,400.000,-1,325.000,325.000,275.000,300.000,-1,-1,-1,-1,875.000,800.000,-1,-1,2,0,2,0,2,0,0,0,0,2,2,2,2,0,0,2,2
99,5283.274,4338.836,-257.753,39.129,0.770425,-0.629854,0.098637,0.632893,0.774239,0.000613,-0.076754,0.061954,0.995123,0,0.07283,-0.07792,4.370,-0.156,-1,425.000,-1,400.000,-1,325.000,325.000,275.000,300.000,-1,-1,-1,-1,875.000,800.000,-1,-1,2,0,2,0,2,0,0,0,0,2,2,2,2,0,0,2,2
100,5290.403,4344.604,-258.337,38.974,0.772014,-0.627755,0.099593,0.630827,0.775923,0.000827,-0.077796,0.062187,0.995028,0,0.15283,-0.07724,9.170,-0.154,-1,425.000,-1,400.000,-1,325.000,325.000,300.000,300.000,-1,-1,-1,-1,875.000,775.000,-1,-1,2,0,2,0,2,0,0,0,0,2,2,2,2,0,0,2,2
101,5301.287,4353.362,-259.233,38.823,0.773506,-0.625681,0.101050,0.628810,0.777558,0.001139,-0.079285,0.062660,0.994881,0,0.23283,-0.07580,13.970,-0.152,-1,425.000,-1,400.000,-1,325.000,325.000,300.000,300.000,-1,-1,-1,-1,850.000,775.000,-1,-1,2,0,2,0,2,0,0,0,0,2,2,2,2,0,0,2,2
102,5315.940,4365.091,-260.451,38.675,0.774886,-0.623652,0.103002,0.626862,0.779129,0.001541,-0.081213,0.063374,0.994680,0,0.31283,-0.07362,18.770,-0.147,-1,425.000,-1,400.000,-1,325.000,325.000,300.000,300.000,-1,-1,-1,-1,850.000,750.000,-1,-1,2,0,2,0,2,0,0,0,0,2,2,2,2,0,0,2,2
103,5334.376,4379.777,-261.998,38.540,0.776069,-0.621772,0.105440,0.625088,0.780552,0.002027,-0.083561,0.064336,0.994424,0,0.39283,-0.06768,23.570,-0.135,-1,425.000,-1,400.000,-1,325.000,325.000,300.000,300.000,-1,-1,-1,-1,850.000,750.000,-1,-1,2,0,2,0,2,0,0,0,0,2,2,2,2,0,0,2,2
104,5356.610,4397.399,-264.304,38.401,0.777460,-0.619888,0.106278,0.623159,0.782089,0.003072,-0.085023,0.063840,0.994332,0,0.47283,-0.06979,28.370,-0.140,-1,400.000,-1,400.000,-1,325.000,325.000,300.000,300.000,-1,-1,-1,-1,825.000,725.000,-1,-1,2,0,2,0,2,0,0,0,0,2,2,2,2,0,0,2,2
105,5382.657,4417.936,-267.130,38.256,0.778936,-0.617948,0.106767,0.621125,0.783699,0.004385,-0.086383,0.062900,0.994274,0,0.55283,-0.07236,33.170,-0.145,-1,400.000,-1,400.000,1000.000,325.000,325.000,300.000,300.000,-1,-1,-1,-1,825.000,725.000,-1,-1,2,0,2,0,0,0,0,0,0,2,2,2,2,0,0,2,2
106,5412.535,4441.367,-270.409,38.105,0.780464,-0.615924,0.107302,0.618993,0.785374,0.005864,-0.087884,0.061843,0.994209,0,0.63283,-0.07538,37.970,-0.151,-1,400.000,-1,400.000,975.000,325.000,325.000,300.000,300.000,-1,-1,-1,-1,825.000,700.000,-1,-1,2,0,2,0,0,0,0,0,0,2,2,2,2,0,0,2,2
107,5446.263,4467.667,-274.159,37.947,0.782053,-0.613804,0.107874,0.616749,0.787124,0.007499,-0.089513,0.060667,0.994136,0,0.71283,-0.07886,42.770,-0.158,-1,400.000,-1,400.000,925.000,325.000,325.000,300.000,300.000,-1,-1,-1,-1,800.000,700.000,-1,-1,2,0,2,0,0,0,0,0,0,2,2,2,2,0,0,2,2
108,5483.861,4496.810,-278.399,37.782,0.783716,-0.611575,0.108470,0.614380,0.788956,0.009280,-0.091253,0.059369,0.994056,0,0.79283,-0.08279,47.570,-0.166,-1,400.000,-1,400.000,875.000,325.000,325.000,300.000,300.000,-1,-1,-1,-1,800.000,675.000,-1,950.000,2,0,2,0,0,0,0,0,0,2,2,2,2,0,0,2,0
109,5525.349,4528.768,-283.134,37.608,0.785460,-0.609225,0.109075,0.611881,0.790872,0.011110,-0.093032,0.058014,0.993971,0,0.87283,-0.08697,52.370,-0.174,-1,400.000,-1,400.000,825.000,325.000,325.000,300.000,300.000,-1,-1,-1,-1,775.000,650.000,-1,900.000,2,0,2,0,0,0,0,0,0,2,2,2,2,0,0,2,0
110,5568.374,4561.696,-288.121,37.428,0.787261,-0.606793,0.109645,0.609292,0.792840,0.012936,-0.094781,0.056621,0.993887,0,0.90297,-0.08975,54.178,-0.179,-1,400.000,-1,400.000,800.000,325.000,325.000,300.000,300.000,-1,-1,-1,-1,750.000,625.000,-1,850.000,2,0,2,0,0,0,0,0,0,2,2,2,2,0,0,2,0
111,5611.440,4594.435,-293.149,37.244,0.789125,-0.604275,0.110153,0.606636,0.794848,0.014479,-0.096304,0.055397,0.993809,0,0.90161,-0.09240,54.097,-0.185,-1,400.000,-1,400.000,750.000,325.000,325.000,300.000,300.000,-1,-1,-1,-1,750.000,600.000,-1,800.000,2,0,2,0,0,0,0,0,0,2,2,2,2,0,0,2,0
112,5654.538,4626.974,-298.216,37.054,0.791046,-0.601676,0.110596,0.603920,0.796890,0.015740,-0.097604,0.054340,0.993741,0,0.90003,-0.09480,54.002,-0.190,-1,400.000,-1,375.000,700.000,325.000,325.000,300.000,300.000,-1,-1,-1,-1,725.000,575.000,-1,750.000,2,0,2,0,0,0,0,0,0,2,2,2,2,0,0,2,0
113,5697.660,4659.304,-303.351,36.860,0.793022,-0.599001,0.110970,0.601162,0.798955,0.016586,-0.098595,0.053558,0.993685,0,0.89825,-0.09696,53.895,-0.194,-1,400.000,-1,375.000,650.000,325.000,325.000,300.000,300.000,-1,-1,-1,-1,700.000,575.000,-1,675.000,2,0,2,0,0,0,0,0,0,2,2,2,2,0,0,2,0
114,5740.798,4691.414,-308.591,36.662,0.795049,-0.596252,0.111263,0.598383,0.801033,0.016843,-0.099168,0.053187,0.993648,0,0.89628,-0.09886,53.777,-0.198,-1,375.000,-1,350.000,600.000,325.000,300.000,300.000,300.000,-1,-1,-1,-1,675.000,550.000,-1,625.000,2,0,2,0,0,0,0,0,0,2,2,2,2,0,0,2,0
115,5783.946,4723.296,-313.839,36.461,0.797113,-0.593448,0.111488,0.595559,0.803133,0.016953,-0.099600,0.052884,0.993621,0,0.89415,-0.10050,53.649,-0.201,-1,375.000,-1,350.000,550.000,325.000,300.000,325.000,300.000,-1,-1,-1,-1,650.000,525.000,-1,600.000,2,0,2,0,0,0,0,0,0,2,2,2,2,0,0,2,0
116,5827.097,4754.944,-319.016,36.258,0.799251,-0.590604,0.111284,0.592676,0.805261,0.017017,-0.099663,0.052355,0.993643,0,0.89188,-0.10189,53.513,-0.204,-1,375.000,-1,325.000,525.000,300.000,300.000,325.000,300.000,-1,-1,-1,-1,625.000,500.000,-1,550.000,2,0,2,0,0,0,0,0,0,2,2,2,2,0,0,2,0
117,5870.246,4786.351,-323.009,36.052,0.802046,-0.587849,0.105620,0.589474,0.807577,0.018448,-0.096141,0.047464,0.994235,0,0.88949,-0.10301,53.369,-0.206,-1,375.000,-1,325.000,525.000,300.000,275.000,325.000,300.000,-1,-1,-1,-1,625.000,500.000,-1,550.000,2,0,2,0,0,0,0,0,0,2,2,2,2,0,0,2,0
118,5913.387,4817.514,-326.990,35.844,0.804836,-0.585046,0.099799,0.586258,0.809882,0.019808,-0.092414,0.042566,0.994810,0,0.88701,-0.10387,53.221,-0.208,-1,375.000,-1,325.000,550.000,300.000,275.000,300.000,325.000,-1,-1,-1,-1,600.000,500.000,1000.000,550.000,2,0,2,0,0,0,0,0,0,2,2,2,2,0,0,0,0
119,5956.518,4848.431,-330.957,35.635,0.807611,-0.582204,0.093821,0.583039,0.812170,0.021100,-0.088484,0.037661,0.995365,0,0.88446,-0.10446,53.068,-0.209,-1,350.000,-1,325.000,550.000,300.000,275.000,300.000,325.000,-1,-1,-1,-1,600.000,500.000,975.000,550.000,2,0,2,0,0,0,0,0,0,2,2,2,2,0,0,0,0
120,5999.780,4878.932,-334.903,35.186,0.812775,-0.575929,0.087764,0.576405,0.816857,0.022379,-0.084580,0.032398,0.995890,0,0.88223,-0.22446,52.934,-0.449,-1,350.000,-1,325.000,575.000,300.000,275.000,300.000,325.000,-1,-1,-1,-1,575.000,500.000,925.000,575.000,2,0,2,0,0,0,0,0,0,2,2,2,2,0,0,0,0
121,6043.294,4908.834,-338.875,34.497,0.820260,-0.566163,0.081451,0.566289,0.823864,0.023784,-0.080570,0.026616,0.996394,0,0.87999,-0.34446,52.799,-0.689,-1,350.000,-1,325.000,550.000,275.000,275.000,300.000,325.000,-1,475.000,-1,-1,575.000,500.000,900.000,550.000,2,0,2,0,0,0,0,0,0,2,0,2,2,0,0,0,0
122,6087.194,4937.965,-342.832,33.568,0.829912,-0.552811,0.075135,0.552611,0.833054,0.025329,-0.076594,0.020500,0.996852,0,0.87811,-0.46446,52.687,-0.929,-1,350.000,-1,325.000,550.000,275.000,275.000,300.000,325.000,-1,350.000,525.000,-1,550.000,500.000,850.000,550.000,2,0,2,0,0,0,0,0,0,2,0,0,2,0,0,0,0
123,6131.602,4966.147,-345.925,32.399,0.841624,-0.535736,0.068234,0.535514,0.844212,0.023046,-0.069950,0.017144,0.997403,0,0.87661,-0.58446,52.597,-1.169,-1,325.000,-1,325.000,550.000,275.000,275.000,300.000,300.000,-1,250.000,375.000,-1,550.000,500.000,850.000,550.000,2,0,2,0,0,0,0,0,0,2,0,0,2,0,0,0,0
124,6176.631,4993.193,-348.344,30.990,0.855139,-0.514825,0.060765,0.514773,0.857144,0.017718,-0.061206,0.016129,0.997995,0,0.87548,-0.70446,52.529,-1.409,-1,350.000,-1,325.000,550.000,275.000,275.000,300.000,300.000,-1,200.000,275.000,-1,575.000,500.000,900.000,550.000,2,0,2,0,0,0,0,0,0,2,0,0,2,0,0,0,0
125,6222.382,5018.910,-350.720,29.341,0.870132,-0.489955,0.053050,0.490028,0.871617,0.012528,-0.052377,0.015095,0.998513,0,0.87474,-0.82446,52.484,-1.649,-1,350.000,-1,325.000,550.000,275.000,275.000,325.000,300.000,-1,175.000,225.000,-1,575.000,500.000,900.000,550.000,2,0,2,0,0,0,0,0,0,2,0,0,2,0,0,0,0
126,6268.849,5043.259,-353.081,27.654,0.884643,-0.464086,0.045062,0.464241,0.885676,0.007585,-0.043430,0.014209,0.998955,0,0.87435,-0.84361,52.461,-1.687,-1,350.000,-1,325.000,550.000,300.000,275.000,325.000,300.000,-1,150.000,200.000,-1,600.000,500.000,900.000,550.000,2,0,2,0,0,0,0,0,0,2,0,0,2,0,0,0,0
127,6315.996,5066.222,-355.435,25.968,0.898305,-0.437828,0.036811,0.438026,0.898958,0.002923,-0.034372,0.013498,0.999318,0,0.87404,-0.84310,52.443,-1.686,-1,350.000,-1,325.000,550.000,300.000,300.000,350.000,300.000,-1,125.000,175.000,-1,600.000,500.000,900.000,550.000,2,0,2,0,0,0,0,0,0,2,0,0,2,0,0,0,0
128,6363.782,5087.781,-357.783,24.283,0.911103,-0.411206,0.028313,0.411407,0.911451,-0.001435,-0.025216,0.012955,0.999598,0,0.87374,-0.84257,52.425,-1.685,-1,375.000,-1,325.000,550.000,300.000,300.000,350.000,300.000,-1,125.000,150.000,-1,575.000,500.000,900.000,550.000,2,0,2,0,0,0,0,0,0,2,0,0,2,0,0,0,0
129,6412.165,5107.919,-360.126,22.599,0.923023,-0.384245,0.019584,0.384412,0.923146,-0.005466,-0.015979,0.012574,0.999793,0,0.87345,-0.84200,52.407,-1.684,-1,350.000,-1,325.000,575.000,300.000,275.000,350.000,300.000,-1,125.000,125.000,-1,575.000,500.000,900.000,550.000,2,0,2,0,0,0,0,0,0,2,0,0,2,0,0,0,0
130,6461.103,5126.623,-361.918,20.916,0.934042,-0.356979,0.011423,0.357066,0.934055,-0.006695,-0.008280,0.010333,0.999912,0,0.87318,-0.84140,52.391,-1.683,-1,350.000,-1,325.000,575.000,300.000,275.000,350.000,300.000,-1,125.000,125.000,-1,575.000,500.000,900.000,575.000,2,0,2,0,0,0,0,0,0,2,0,0,2,0,0,0,0
131,6510.554,5143.876,-362.826,19.234,0.944174,-0.329430,0.003250,0.329442,0.944167,-0.004135,-0.001707,0.004975,0.999986,0,0.87292,-0.84076,52.375,-1.682,-1,350.000,-1,325.000,625.000,275.000,275.000,350.000,300.000,1000.000,125.000,150.000,-1,550.000,500.000,850.000,600.000,2,0,2,0,0,0,0,0,0,0,0,0,2,0,0,0,0
132,6560.476,5159.669,-362.921,17.554,0.953401,-0.301607,-0.007783,0.301623,0.953427,0.000975,0.007126,-0.003277,0.999969,0,0.87267,-0.84010,52.360,-1.680,975.000,350.000,-1,325.000,700.000,275.000,275.000,325.000,300.000,925.000,150.000,175.000,-1,550.000,525.000,825.000,675.000,0,0,2,0,1,0,0,0,0,0,0,0,2,0,0,0,1
133,6610.825,5173.988,-362.986,15.875,0.961687,-0.273529,-0.018441,0.273689,0.961795,0.006740,0.015893,-0.011529,0.999807,0,0.87243,-0.83940,52.346,-1.679,900.000,325.000,-1,325.000,675.000,275.000,275.000,300.000,325.000,875.000,150.000,175.000,-1,550.000,550.000,800.000,650.000,0,0,2,0,1,0,0,0,0,0,0,0,2,0,0,0,1
134,6661.559,5186.824,-361.153,14.198,0.969168,-0.245257,-0.023722,0.245471,0.969382,0.006560,0.021387,-0.012181,0.999697,0,0.87221,-0.83868,52.332,-1.677,900.000,325.000,-1,325.000,650.000,275.000,275.000,300.000,325.000,925.000,175.000,200.000,-1,550.000,550.000,800.000,625.000,0,0,2,0,1,0,0,0,0,0,0,0,2,0,0,0,1
135,6717.306,5199.332,-358.280,12.647,0.975250,-0.218928,-0.030950,0.219121,0.975693,0.002949,0.029552,-0.009657,0.999517,0,0.95221,-0.77570,57.132,-1.551,975.000,325.000,-1,350.000,600.000,275.000,275.000,325.000,325.000,975.000,225.000,250.000,-1,575.000,525.000,850.000,575.000,0,0,2,0,1,0,0,0,0,0,0,0,2,0,1,0,1
136,6774.055,5210.457,-355.338,11.092,0.980571,-0.192376,-0.038361,0.192506,0.981296,-0.000304,0.037702,-0.007086,0.999264,0,0.96381,-0.77747,57.829,-1.555,-1,350.000,-1,350.000,550.000,275.000,275.000,325.000,325.000,-1,250.000,275.000,-1,575.000,500.000,950.000,525.000,2,0,2,0,1,0,0,0,0,2,0,0,2,0,1,0,1
