timestep,x_cm,y_cm,z_cm,yaw_deg,basis_xx,basis_xy,basis_xz,basis_yx,basis_yy,basis_yz,basis_zx,basis_zy,basis_zz,teleport_flag,throttle_cmd,steering_cmd,cmd_move_cm,cmd_turn_deg,lidar_cm_0,lidar_cm_1,lidar_cm_2,lidar_cm_3,lidar_cm_4,lidar_cm_5,lidar_cm_6,lidar_cm_7,lidar_cm_8,lidar_cm_9,lidar_cm_10,lidar_cm_11,lidar_cm_12,lidar_cm_13,lidar_cm_14,lidar_cm_15,lidar_cm_16,lidar_class_0,lidar_class_1,lidar_class_2,lidar_class_3,lidar_class_4,lidar_class_5,lidar_class_6,lidar_class_7,lidar_class_8,lidar_class_9,lidar_class_10,lidar_class_11,lidar_class_12,lidar_class_13,lidar_class_14,lidar_class_15,lidar_class_16
0,-2692.065,-2460.969,-123.514,14.248,0.967942,-0.246048,-0.050478,0.246894,0.968978,0.011188,0.046159,-0.023292,0.998663,1,0.08000,-0.12000,4.800,-0.240,-1,325.000,-1,350.000,-1,250.000,250.000,375.000,375.000,-1,100.000,100.000,775.000,625.000,675.000,-1,-1,2,1,2,1,2,1,1,1,0,2,0,0,0,1,1,2,2
1,-2682.741,-2458.684,-123.380,13.768,0.969891,-0.237922,-0.052014,0.238796,0.971005,0.011201,0.047841,-0.023285,0.998584,0,0.16000,-0.24000,9.600,-0.480,-1,325.000,-1,350.000,-1,225.000,250.000,375.000,375.000,-1,100.000,100.000,775.000,625.000,700.000,-1,-1,2,1,2,1,2,1,1,1,0,2,0,0,0,1,1,2,2
2,-2668.712,-2455.433,-123.167,13.048,0.972683,-0.225701,-0.054292,0.226616,0.973919,0.011244,0.050339,-0.023240,0.998462,0,0.24000,-0.36000,14.400,-0.720,-1,325.000,-1,350.000,-1,225.000,250.000,375.000,375.000,-1,100.000,100.000,775.000,625.000,-1,-1,-1,2,1,2,1,2,1,1,1,0,2,0,0,0,1,2,2,2
3,-2649.937,-2451.413,-122.900,12.088,0.976169,-0.209354,-0.057134,0.210310,0.977570,0.011214,0.053504,-0.022962,0.998304,0,0.32000,-0.48000,19.200,-0.960,-1,325.000,-1,350.000,-1,225.000,250.000,375.000,375.000,-1,125.000,100.000,750.000,625.000,-1,-1,-1,2,1,2,1,2,1,1,1,0,2,0,0,0,1,2,2,2
4,-2626.369,-2446.880,-122.531,10.888,0.980136,-0.188837,-0.060617,0.189841,0.981751,0.011209,0.057394,-0.022494,0.998098,0,0.40000,-0.60000,24.000,-1.200,-1,325.000,-1,375.000,-1,225.000,275.000,375.000,375.000,-1,125.000,100.000,750.000,600.000,-1,-1,-1,2,1,2,1,2,1,1,1,0,2,0,0,0,1,2,2,2
5,-984.016,-8855.129,-27.531,112.526,-0.375949,-0.915753,0.141625,0.925068,-0.379801,-0.000176,0.053951,0.130946,0.989920,1,0.00000,0.00000,28.800,-1.393,-1,400.000,-1,400.000,-1,325.000,325.000,300.000,300.000,-1,975.000,950.000,-1,875.000,775.000,-1,-1,2,0,2,0,2,0,0,0,0,2,0,0,2,0,0,2,2
6,-982.196,-8859.571,-27.776,112.286,-0.372129,-0.917308,0.141654,0.926640,-0.375950,-0.000233,0.053469,0.131175,0.989916,0,-0.08000,-0.12000,-4.800,-0.240,-1,400.000,-1,400.000,-1,325.000,325.000,300.000,300.000,-1,975.000,950.000,-1,875.000,775.000,-1,-1,2,0,2,0,2,0,0,0,0,2,0,0,2,0,0,2,2
7,-978.630,-8868.483,-28.257,111.806,-0.364468,-0.920369,0.141715,0.929735,-0.368230,-0.000340,0.052497,0.131633,0.989908,0,-0.16000,-0.24000,-9.600,-0.480,-1,400.000,-1,400.000,-1,325.000,325.000,300.000,300.000,-1,950.000,925.000,-1,875.000,775.000,-1,-1,2,0,2,0,2,0,0,0,0,2,0,0,2,0,0,2,2
8,-973.451,-8881.918,-28.959,111.086,-0.352934,-0.924839,0.141811,0.934256,-0.356602,-0.000487,0.051020,0.132316,0.989894,0,-0.24000,-0.36000,-14.400,-0.720,-1,400.000,-1,400.000,-1,325.000,325.000,300.000,300.000,-1,950.000,925.000,-1,875.000,775.000,-1,-1,2,0,2,0,2,0,0,0,0,2,0,0,2,0,0,2,2
9,-966.846,-8899.944,-29.859,110.126,-0.337475,-0.930570,0.141949,0.940057,-0.341016,-0.000656,0.049018,0.133219,0.989874,0,-0.32000,-0.48000,-19.200,-0.960,-1,400.000,-1,400.000,-1,325.000,325.000,300.000,300.000,-1,925.000,900.000,-1,875.000,775.000,-1,-1,2,0,2,0,2,0,0,0,0,2,0,0,2,0,0,2,2
10,-959.021,-8922.630,-30.935,109.033,-0.319772,-0.936771,0.142145,0.946342,-0.323166,-0.000833,0.046717,0.134251,0.989846,0,-0.40000,-0.54624,-24.000,-1.092,-1,400.000,-1,400.000,-1,325.000,325.000,300.000,300.000,-1,900.000,875.000,-1,850.000,775.000,-1,-1,2,0,2,0,2,0,0,0,0,2,0,0,2,0,0,2,2
11,-950.161,-8950.031,-32.170,107.920,-0.301614,-0.942734,0.142410,0.952397,-0.304857,-0.001005,0.044362,0.135328,0.989807,0,-0.48000,-0.55669,-28.800,-1.113,-1,400.000,-1,400.000,-1,325.000,325.000,300.000,300.000,-1,875.000,825.000,-1,850.000,750.000,-1,-1,2,0,2,0,2,0,0,0,0,2,0,0,2,0,0,2,2
12,-941.734,-8977.941,-33.357,106.804,-0.283306,-0.948354,0.142699,0.958112,-0.286391,-0.001132,0.041942,0.136401,0.989765,0,-0.48594,-0.55814,-29.157,-1.116,-1,400.000,-1,400.000,-1,325.000,325.000,300.000,300.000,-1,850.000,800.000,-1,850.000,750.000,-1,-1,2,0,2,0,2,0,0,0,0,2,0,0,2,0,0,2,2
13,-933.849,-9006.024,-34.482,105.685,-0.264856,-0.953625,0.143009,0.963481,-0.267775,-0.001214,0.039452,0.137465,0.989721,0,-0.48619,-0.55953,-29.171,-1.119,-1,400.000,-1,400.000,-1,325.000,325.000,300.000,300.000,-1,825.000,775.000,-1,850.000,750.000,-1,-1,2,0,2,0,2,0,0,0,0,2,0,0,2,0,0,2,2
14,-926.514,-9034.265,-35.541,104.563,-0.246273,-0.958542,0.143342,0.968498,-0.249019,-0.001252,0.036895,0.138518,0.989672,0,-0.48634,-0.56086,-29.180,-1.122,-1,400.000,-1,400.000,-1,325.000,325.000,300.000,300.000,-1,825.000,750.000,-1,850.000,750.000,-1,-1,2,0,2,0,2,0,0,0,0,2,0,0,2,0,0,2,2
15,-919.733,-9062.647,-36.533,103.439,-0.227567,-0.963101,0.143699,0.973159,-0.230130,-0.001248,0.034272,0.139558,0.989621,0,-0.48638,-0.56212,-29.183,-1.124,-1,400.000,-1,400.000,-1,325.000,325.000,300.000,300.000,-1,800.000,725.000,-1,850.000,750.000,-1,-1,2,0,2,0,2,0,0,0,0,2,0,0,2,0,0,2,2
16,-913.512,-9091.153,-37.456,102.312,-0.208746,-0.967298,0.144084,0.977460,-0.211118,-0.001206,0.031585,0.140584,0.989565,0,-0.48633,-0.56330,-29.180,-1.127,-1,400.000,-1,400.000,-1,325.000,325.000,300.000,300.000,-1,775.000,700.000,-1,825.000,750.000,-1,-1,2,0,2,0,2,0,0,0,0,2,0,0,2,0,0,2,2
17,-907.856,-9119.767,-38.309,101.183,-0.189819,-0.971128,0.144496,0.981396,-0.191994,-0.001126,0.028836,0.141594,0.989505,0,-0.48617,-0.56440,-29.170,-1.129,-1,400.000,-1,400.000,-1,325.000,325.000,300.000,300.000,-1,750.000,675.000,-1,825.000,725.000,-1,-1,2,0,2,0,2,0,0,0,0,2,0,0,2,0,0,2,2
18,-902.768,-9148.473,-39.106,100.052,-0.170806,-0.974597,0.144865,0.984962,-0.172767,-0.000972,0.025975,0.142521,0.989451,0,-0.48593,-0.56542,-29.156,-1.131,-1,400.000,-1,400.000,-1,325.000,325.000,300.000,300.000,-1,750.000,675.000,-1,825.000,725.000,-1,-1,2,0,2,0,2,0,0,0,0,2,0,0,2,0,0,2,2
19,-898.252,-9177.254,-39.815,98.920,-0.151711,-0.977684,0.145318,0.988157,-0.153445,-0.000734,0.023016,0.143485,0.989385,0,-0.48559,-0.56637,-29.136,-1.133,-1,400.000,-1,400.000,-1,325.000,325.000,300.000,300.000,-1,725.000,650.000,-1,825.000,725.000,-1,-1,2,0,2,0,2,0,0,0,0,2,0,0,2,0,0,2,2
20,-894.310,-9206.094,-40.448,97.785,-0.132538,-0.980394,0.145811,0.990976,-0.134040,-0.000478,0.020013,0.144431,0.989312,0,-0.48518,-0.56723,-29.111,-1.134,-1,400.000,-1,375.000,-1,325.000,325.000,300.000,300.000,-1,700.000,650.000,-1,825.000,725.000,-1,-1,2,0,2,0,2,0,0,0,0,2,0,0,2,0,0,2,2
21,-890.942,-9234.977,-40.855,96.649,-0.113317,-0.982803,0.145802,0.993415,-0.114570,-0.000197,0.016898,0.144820,0.989314,0,-0.48468,-0.56800,-29.081,-1.136,-1,400.000,-1,375.000,-1,325.000,325.000,300.000,300.000,-1,700.000,650.000,-1,800.000,725.000,-1,-1,2,0,2,0,2,0,0,0,0,2,0,0,2,0,0,2,2
22,-888.151,-9263.886,-41.037,95.512,-0.094094,-0.984908,0.145270,0.995473,-0.095041,0.000421,0.013392,0.144652,0.989392,0,-0.48411,-0.56869,-29.047,-1.137,-1,400.000,-1,375.000,-1,325.000,325.000,300.000,300.000,-1,700.000,650.000,-1,800.000,725.000,-1,-1,2,0,2,0,2,0,0,0,0,2,0,0,2,0,0,2,2
23,-885.938,-9292.808,-41.141,94.373,-0.074813,-0.986630,0.144787,0.997149,-0.075454,0.001067,0.009872,0.144454,0.989462,0,-0.48348,-0.56929,-29.009,-1.139,-1,400.000,-1,375.000,-1,325.000,325.000,300.000,300.000,-1,725.000,650.000,-1,800.000,700.000,-1,-1,2,0,2,0,2,0,0,0,0,2,0,0,2,0,0,2,2
24,-884.302,-9321.726,-41.169,93.234,-0.055484,-0.987969,0.144357,0.998439,-0.055818,0.001735,0.006344,0.144228,0.989524,0,-0.48279,-0.56980,-28.967,-1.140,-1,400.000,-1,375.000,-1,325.000,325.000,300.000,300.000,-1,725.000,650.000,-1,775.000,700.000,-1,-1,2,0,2,0,2,0,0,0,0,2,0,0,2,0,0,2,2
25,-883.244,-9350.627,-41.120,92.093,-0.036116,-0.988921,0.143982,0.999344,-0.036145,0.002419,0.002812,0.143975,0.989577,0,-0.48205,-0.57023,-28.923,-1.140,-1,400.000,-1,375.000,-1,325.000,325.000,300.000,300.000,-1,750.000,650.000,-1,775.000,700.000,-1,-1,2,0,2,0,2,0,0,0,0,2,0,0,2,0,0,2,2
26,-882.763,-9379.496,-40.995,90.952,-0.016720,-0.989486,0.143662,0.999860,-0.016444,0.003113,-0.000718,0.143694,0.989622,0,-0.48127,-0.57056,-28.876,-1.141,-1,400.000,-1,375.000,-1,325.000,325.000,300.000,300.000,-1,775.000,650.000,-1,775.000,700.000,-1,-1,2,0,2,0,2,0,0,0,0,2,0,0,2,0,0,2,2
27,-882.740,-9403.570,-40.843,90.051,-0.001400,-0.989658,0.143438,0.999993,-0.000880,0.003688,-0.003524,0.143442,0.989652,0,-0.40127,-0.45056,-24.076,-0.901,-1,400.000,-1,375.000,-1,325.000,325.000,300.000,300.000,-1,775.000,650.000,-1,775.000,700.000,-1,-1,2,0,2,0,2,0,0,0,0,2,0,0,2,0,0,2,2
28,-882.944,-9422.844,-40.694,89.390,0.009837,-0.989633,0.143284,0.999936,0.010539,0.004140,-0.005607,0.143234,0.989673,0,-0.32127,-0.33056,-19.276,-0.661,-1,400.000,-1,375.000,-1,325.000,325.000,300.000,300.000,-1,800.000,650.000,-1,775.000,700.000,-1,-1,2,0,2,0,2,0,0,0,0,2,0,0,2,0,0,2,2
29,-883.204,-9437.317,-40.568,88.969,0.016990,-0.989551,0.143181,0.999831,0.017813,0.004469,-0.006972,0.143081,0.989686,0,-0.24127,-0.21056,-14.476,-0.421,-1,400.000,-1,375.000,-1,325.000,325.000,300.000,300.000,-1,800.000,650.000,-1,750.000,700.000,-1,-1,2,0,2,0,2,0,0,0,0,2,0,0,2,0,0,2,2
30,-883.408,-9446.990,-40.482,88.788,0.020057,-0.989503,0.143117,0.999770,0.020941,0.004674,-0.007622,0.142990,0.989695,0,-0.16127,-0.09056,-9.676,-0.181,-1,400.000,-1,375.000,-1,325.000,325.000,300.000,300.000,-1,825.000,650.000,-1,750.000,700.000,-1,-1,2,0,2,0,2,0,0,0,0,2,0,0,2,0,0,2,2
31,-883.506,-9451.866,-40.439,88.846,0.019039,-0.989527,0.143085,0.999790,0.019925,0.004756,-0.007557,0.142965,0.989699,0,-0.08127,0.02944,-4.876,0.059,-1,400.000,-1,375.000,-1,325.000,325.000,300.000,300.000,-1,800.000,650.000,-1,750.000,700.000,-1,-1,2,0,2,0,2,0,0,0,0,2,0,0,2,0,0,2,2
32,-883.508,-9451.943,-40.439,89.145,0.013936,-0.989612,0.143086,0.999880,0.014762,0.004716,-0.006780,0.143003,0.989699,0,-0.00127,0.14944,-0.076,0.299,-1,400.000,-1,375.000,-1,325.000,325.000,300.000,300.000,-1,800.000,650.000,-1,750.000,700.000,-1,-1,2,0,2,0,2,0,0,0,0,2,0,0,2,0,0,2,2
33,-883.482,-9447.220,-40.472,89.684,0.004746,-0.989693,0.143126,0.999975,0.005454,0.004553,-0.005287,0.143101,0.989694,0,0.07873,0.26944,4.724,0.539,-1,400.000,-1,375.000,-1,325.000,325.000,300.000,300.000,-1,775.000,650.000,-1,750.000,700.000,-1,-1,2,0,2,0,2,0,0,0,0,2,0,0,2,0,0,2,2
34,-883.535,-9437.698,-40.523,90.310,-0.005920,-0.989674,0.143212,0.999976,-0.005361,0.004289,-0.003477,0.143234,0.989683,0,0.15873,0.31305,9.524,0.626,-1,400.000,-1,375.000,-1,325.000,325.000,300.000,300.000,-1,775.000,625.000,-1,775.000,700.000,-1,-1,2,0,2,0,2,0,0,0,0,2,0,0,2,0,0,2,2
35,-883.770,-9423.377,-40.579,90.937,-0.016572,-0.989533,0.143352,0.999861,-0.016175,0.003935,-0.001575,0.143397,0.989664,0,0.23873,0.31308,14.324,0.626,-1,400.000,-1,375.000,-1,325.000,325.000,300.000,300.000,-1,750.000,625.000,-1,775.000,700.000,-1,-1,2,0,2,0,2,0,0,0,0,2,0,0,2,0,0,2,2
36,-884.292,-9404.262,-40.625,91.563,-0.027212,-0.989269,0.143551,0.999630,-0.026990,0.003493,0.000419,0.143593,0.989637,0,0.31873,0.31316,19.124,0.626,-1,400.000,-1,375.000,-1,325.000,325.000,300.000,300.000,-1,750.000,625.000,-1,775.000,700.000,-1,-1,2,0,2,0,2,0,0,0,0,2,0,0,2,0,0,2,2
37,-885.207,-9380.357,-40.645,92.189,-0.037839,-0.988881,0.143817,0.999281,-0.037806,0.002966,0.002504,0.143826,0.989600,0,0.39873,0.31329,23.924,0.627,-1,400.000,-1,375.000,-1,325.000,325.000,300.000,300.000,-1,725.000,625.000,-1,775.000,700.000,-1,-1,2,0,2,0,2,0,0,0,0,2,0,0,2,0,0,2,2
38,-886.620,-9351.669,-40.626,92.816,-0.048455,-0.988368,0.144157,0.998814,-0.048623,0.002359,0.004678,0.144100,0.989552,0,0.47873,0.31351,28.724,0.627,-1,400.000,-1,375.000,-1,325.000,325.000,300.000,300.000,-1,725.000,625.000,-1,775.000,700.000,-1,-1,2,0,2,0,2,0,0,0,0,2,0,0,2,0,0,2,2
39,-888.635,-9318.208,-40.551,93.444,-0.059062,-0.987729,0.144576,0.998230,-0.059445,0.001677,0.006937,0.144419,0.989492,0,0.55873,0.31383,33.524,0.628,-1,400.000,-1,375.000,-1,325.000,325.000,300.000,300.000,-1,725.000,650.000,-1,775.000,700.000,-1,-1,2,0,2,0,2,0,0,0,0,2,0,0,2,0,0,2,2
40,-891.359,-9279.982,-40.407,94.073,-0.069664,-0.986964,0.145079,0.997527,-0.070273,0.000930,0.009277,0.144785,0.989420,0,0.63873,0.31429,38.324,0.629,-1,400.000,-1,375.000,-1,325.000,325.000,300.000,300.000,-1,725.000,650.000,-1,800.000,700.000,-1,-1,2,0,2,0,2,0,0,0,0,2,0,0,2,0,0,2,2
41,-894.896,-9237.005,-40.176,94.702,-0.080266,-0.986071,0.145673,0.996705,-0.081113,0.000129,0.011689,0.145203,0.989333,0,0.71873,0.31491,43.124,0.630,-1,400.000,-1,375.000,-1,325.000,325.000,300.000,300.000,-1,750.000,675.000,-1,800.000,700.000,-1,-1,2,0,2,0,2,0,0,0,0,2,0,0,2,0,0,2,2
42,-899.351,-9189.290,-39.653,95.334,-0.090944,-0.985149,0.145642,0.995761,-0.091978,-0.000373,0.013763,0.144991,0.989337,0,0.79873,0.31573,47.924,0.631,-1,400.000,-1,375.000,-1,325.000,325.000,300.000,300.000,-1,750.000,700.000,-1,800.000,725.000,-1,-1,2,0,2,0,2,0,0,0,0,2,0,0,2,0,0,2,2
43,-904.831,-9136.853,-38.737,95.968,-0.101704,-0.984237,0.144686,0.994693,-0.102884,-0.000676,0.015551,0.143849,0.989477,0,0.87873,0.31679,52.724,0.634,-1,400.000,-1,375.000,-1,325.000,325.000,300.000,300.000,-1,800.000,750.000,-1,825.000,725.000,-1,-1,2,0,2,0,2,0,0,0,0,2,0,0,2,0,0,2,2
44,-911.411,-9079.998,-37.689,96.604,-0.112525,-0.983219,0.143593,0.993500,-0.113827,-0.000861,0.017191,0.142563,0.989636,0,0.95394,0.31811,57.236,0.636,-1,400.000,-1,375.000,-1,325.000,325.000,300.000,300.000,-1,850.000,800.000,-1,825.000,725.000,-1,-1,2,0,2,0,2,0,0,0,0,2,0,0,2,0,0,2,2
45,-918.623,-9023.238,-36.571,97.243,-0.123401,-0.982069,0.142523,0.992179,-0.124817,-0.001000,0.018771,0.141285,0.989791,0,0.95364,0.31974,57.218,0.639,-1,400.000,-1,375.000,-1,325.000,325.000,300.000,300.000,-1,900.000,850.000,-1,825.000,725.000,-1,-1,2,0,2,0,2,0,0,0,0,2,0,0,2,0,0,2,2
46,-926.471,-8966.569,-35.388,97.886,-0.134337,-0.980785,0.141473,0.990728,-0.135856,-0.001090,0.020289,0.140015,0.989942,0,0.95351,0.32154,57.211,0.643,-1,400.000,-1,400.000,-1,325.000,325.000,300.000,300.000,-1,950.000,900.000,-1,825.000,725.000,-1,-1,2,0,2,0,2,0,0,0,0,2,0,0,2,0,0,2,2
47,-934.959,-8909.990,-34.140,98.533,-0.145338,-0.979364,0.140440,0.989143,-0.146950,-0.001125,0.021740,0.138752,0.990089,0,0.95357,0.32353,57.214,0.647,-1,400.000,-1,400.000,-1,325.000,325.000,300.000,300.000,-1,1000.000,975.000,-1,850.000,725.000,-1,-1,2,0,2,0,2,0,0,0,0,2,0,0,2,0,0,2,2
48,-944.092,-8853.496,-32.830,99.185,-0.156407,-0.977803,0.139423,0.987422,-0.158103,-0.001103,0.023122,0.137497,0.990232,0,0.95382,0.32570,57.229,0.651,-1,400.000,-1,400.000,-1,325.000,325.000,300.000,300.000,-1,-1,-1,-1,850.000,725.000,-1,-1,2,0,2,0,2,0,0,0,0,2,2,2,2,0,0,2,2
49,-954.128,-8795.774,-31.424,99.865,-0.167960,-0.976031,0.138396,0.985490,-0.169732,-0.001016,0.024482,0.136217,0.990377,0,0.97649,0.34015,58.589,0.680,-1,400.000,-1,400.000,-1,325.000,325.000,300.000,300.000,-1,-1,-1,-1,850.000,725.000,-1,-1,2,0,2,0,2,0,0,0,0,2,2,2,2,0,0,2,2
50,-964.891,-8737.934,-29.951,100.544,-0.179473,-0.974124,0.137375,0.983426,-0.181308,-0.000860,0.025745,0.134944,0.990519,0,0.98058,0.33921,58.835,0.678,-1,400.000,-1,400.000,-1,325.000,325.000,300.000,300.000,-1,-1,-1,-1,850.000,725.000,-1,1000.000,2,0,2,0,2,0,0,0,0,2,2,2,2,0,0,2,1
51,-976.384,-8679.985,-28.415,101.220,-0.190941,-0.972085,0.136357,0.981233,-0.192826,-0.000629,0.026905,0.133678,0.990660,0,0.98464,0.33811,59.078,0.676,-1,400.000,-1,400.000,975.000,325.000,325.000,300.000,300.000,-1,-1,-1,-1,875.000,725.000,-1,950.000,2,0,2,0,1,0,0,0,0,2,2,2,2,0,0,2,1
52,-987.348,-8626.827,-26.975,101.656,-0.198360,-0.970730,0.135411,0.979745,-0.200251,-0.000351,0.027457,0.132598,0.990789,0,0.90464,0.21811,54.278,0.436,-1,400.000,-1,400.000,925.000,325.000,325.000,300.000,300.000,-1,-1,-1,-1,875.000,725.000,-1,900.000,2,0,2,0,1,0,0,0,0,2,2,2,2,0,0,2,1
53,-997.509,-8578.403,-25.631,101.852,-0.201755,-0.970170,0.134409,0.979054,-0.203601,0.000011,0.027355,0.131596,0.990926,0,0.82464,0.09811,49.478,0.196,-1,400.000,-1,400.000,875.000,325.000,325.000,300.000,300.000,-1,-1,-1,-1,875.000,725.000,-1,850.000,2,0,2,0,1,0,0,0,0,2,2,2,2,1,1,2,1
54,-1006.650,-8534.670,-24.369,101.808,-0.201145,-0.970461,0.133215,0.979202,-0.202889,0.000493,0.026550,0.130544,0.991087,0,0.74464,-0.02189,44.678,-0.044,-1,400.000,-1,400.000,825.000,325.000,325.000,300.000,300.000,-1,-1,-1,-1,875.000,700.000,-1,800.000,2,0,2,0,1,0,0,0,0,2,2,2,2,1,1,2,1
55,-1015.267,-8492.399,-23.192,101.525,-0.196493,-0.971571,0.132059,0.980181,-0.198104,0.000959,0.025229,0.129630,0.991241,0,0.71899,-0.14189,43.139,-0.284,-1,400.000,-1,400.000,775.000,325.000,325.000,300.000,300.000,-1,-1,-1,-1,850.000,675.000,-1,775.000,2,0,2,0,1,0,0,0,0,2,2,2,2,1,1,2,1
56,-1023.531,-8449.877,-22.102,101.001,-0.187777,-0.973463,0.130805,0.981931,-0.189237,0.001291,0.023497,0.128684,0.991407,0,0.72195,-0.26189,43.317,-0.524,-1,400.000,-1,400.000,750.000,325.000,325.000,300.000,300.000,-1,-1,-1,-1,850.000,650.000,-1,725.000,2,0,2,0,1,0,0,0,0,2,2,2,2,1,1,2,1
57,-1031.259,-8407.070,-21.099,100.237,-0.174979,-0.976014,0.129534,0.984341,-0.176265,0.001559,0.021311,0.127779,0.991574,0,0.72497,-0.38189,43.498,-0.764,-1,400.000,-1,375.000,700.000,325.000,325.000,300.000,300.000,-1,-1,-1,-1,825.000,600.000,-1,675.000,2,0,2,0,1,0,0,0,0,2,2,2,2,1,1,2,1
58,-1038.267,-8363.950,-20.206,99.233,-0.158071,-0.979067,0.128227,0.987251,-0.159159,0.001785,0.018660,0.126874,0.991743,0,0.72805,-0.50189,43.683,-1.004,-1,400.000,-1,375.000,675.000,325.000,325.000,300.000,300.000,-1,-1,-1,-1,800.000,575.000,-1,650.000,2,0,2,0,1,0,0,0,0,2,2,2,2,1,1,2,1
59,-1044.362,-8320.502,-19.445,97.990,-0.137018,-0.982409,0.126879,0.990446,-0.137886,0.001961,0.015569,0.125936,0.991916,0,0.73120,-0.62189,43.872,-1.244,-1,400.000,975.000,375.000,625.000,325.000,325.000,300.000,300.000,-1,-1,-1,-1,750.000,550.000,-1,600.000,2,0,1,0,1,0,0,0,0,2,2,2,2,1,1,2,1
60,-1049.353,-8276.717,-18.837,96.506,-0.111787,-0.985777,0.125490,0.993659,-0.112416,0.002078,0.012059,0.124926,0.992093,0,0.73443,-0.74189,44.066,-1.484,-1,400.000,875.000,375.000,600.000,325.000,325.000,300.000,300.000,-1,-1,-1,-1,700.000,525.000,-1,575.000,2,0,1,0,1,0,0,0,0,2,2,2,2,1,1,2,1
61,-1053.040,-8232.604,-18.402,94.782,-0.082348,-0.988852,0.124057,0.996570,-0.082724,0.002130,0.008156,0.123806,0.992273,0,0.73773,-0.86189,44.264,-1.724,-1,400.000,775.000,375.000,575.000,325.000,325.000,300.000,300.000,-1,-1,-1,-1,650.000,500.000,-1,525.000,2,0,1,0,1,0,0,0,0,2,2,2,2,1,1,2,1
62,-1055.223,-8188.189,-18.160,92.818,-0.048688,-0.991264,0.122580,0.998806,-0.048797,0.002110,0.003890,0.122536,0.992456,0,0.74109,-0.98189,44.465,-1.964,-1,400.000,700.000,375.000,525.000,325.000,325.000,300.000,300.000,-1,-1,-1,-1,600.000,475.000,-1,500.000,2,1,1,1,1,0,0,0,0,2,2,2,2,1,1,2,1
63,-1055.876,-8143.520,-18.111,90.842,-0.014726,-0.992536,0.121056,0.999892,-0.014588,0.002026,-0.000245,0.121073,0.992644,0,0.74450,-0.98810,44.670,-1.976,-1,375.000,625.000,350.000,500.000,325.000,325.000,300.000,300.000,-1,-1,-1,-1,550.000,425.000,-1,475.000,2,1,1,1,1,1,1,0,0,2,2,2,2,1,1,2,1
64,-1054.987,-8098.653,-18.250,88.870,0.019222,-0.992649,0.119490,0.999806,0.019587,0.001882,-0.004209,0.119430,0.992834,0,0.74789,-0.98624,44.873,-1.972,-1,350.000,575.000,325.000,475.000,300.000,300.000,300.000,300.000,-1,-1,-1,-1,500.000,400.000,-1,425.000,2,1,1,1,1,1,1,0,0,2,2,2,2,1,1,2,1
65,-1052.547,-8053.641,-18.570,86.901,0.053108,-0.991606,0.117887,0.998557,0.053680,0.001683,-0.007997,0.117628,0.993026,0,0.75125,-0.98411,45.075,-1.968,-1,325.000,500.000,300.000,450.000,275.000,275.000,300.000,300.000,-1,-1,-1,-1,450.000,375.000,-1,400.000,2,1,1,1,1,1,1,0,0,2,2,2,2,1,1,2,1
66,-1048.548,-8008.542,-19.065,84.938,0.086881,-0.989412,0.116256,0.996151,0.087641,0.001430,-0.011603,0.115685,0.993218,0,0.75456,-0.98167,45.273,-1.963,-1,300.000,450.000,275.000,400.000,250.000,250.000,300.000,300.000,-1,-1,-1,-1,400.000,350.000,600.000,375.000,2,1,1,1,1,1,1,0,0,2,2,2,2,1,1,1,1
67,-1042.987,-7963.413,-19.726,82.980,0.120493,-0.986077,0.114603,0.992600,0.121421,0.001125,-0.015024,0.113619,0.993411,0,0.75779,-0.97891,45.467,-1.958,-1,275.000,425.000,250.000,375.000,225.000,225.000,300.000,300.000,-1,-1,-1,-1,350.000,325.000,450.000,325.000,2,1,1,1,1,1,1,0,0,2,2,2,2,1,1,1,1
68,-1035.864,-7918.314,-20.546,81.029,0.153892,-0.981612,0.112941,0.987919,0.154970,0.000774,-0.018262,0.111457,0.993601,0,0.76092,-0.97579,45.655,-1.952,-1,225.000,375.000,225.000,350.000,200.000,200.000,300.000,300.000,-1,900.000,-1,-1,300.000,300.000,350.000,300.000,2,1,1,1,1,1,1,0,0,2,0,2,2,1,1,1,1
69,-1027.196,-7873.305,-19.033,79.084,0.187785,-0.974904,0.119576,0.982120,0.188019,-0.009428,-0.013291,0.119209,0.992780,0,0.76390,-0.97229,45.834,-1.945,-1,225.000,350.000,225.000,325.000,175.000,200.000,325.000,300.000,-1,525.000,700.000,-1,275.000,275.000,325.000,275.000,2,1,1,1,1,1,1,0,0,2,0,0,2,1,1,1,1
70,-1016.983,-7828.447,-16.647,77.147,0.221816,-0.966545,0.128793,0.975076,0.220529,-0.024354,-0.004863,0.130985,0.991372,0,0.76672,-0.96837,46.003,-1.937,-1,200.000,325.000,200.000,300.000,175.000,175.000,375.000,300.000,-1,375.000,375.000,-1,250.000,250.000,300.000,250.000,2,1,1,1,1,1,1,0,0,2,0,0,2,1,1,1,1
71,-1005.224,-7783.808,-12.779,75.219,0.256271,-0.957460,0.132651,0.966568,0.252627,-0.043896,0.008518,0.139465,0.990190,0,0.76930,-0.96399,46.158,-1.928,600.000,200.000,325.000,200.000,275.000,175.000,175.000,425.000,300.000,-1,250.000,225.000,-1,250.000,250.000,275.000,250.000,1,1,1,1,1,1,1,0,0,2,0,0,2,1,1,1,1
72,-991.929,-7739.457,-6.096,73.301,0.291371,-0.948391,0.125132,0.956115,0.284511,-0.069981,0.030768,0.140031,0.989669,0,0.77160,-0.95910,46.296,-1.918,550.000,175.000,350.000,200.000,300.000,175.000,175.000,450.000,300.000,-1,175.000,150.000,-1,250.000,275.000,275.000,275.000,1,1,1,1,1,1,1,0,0,2,0,0,2,1,1,1,1
73,8070.637,-1385.810,-446.382,-152.430,-0.876739,0.462735,-0.131170,-0.461018,-0.886248,-0.045029,-0.137086,0.020993,0.990337,1,0.00000,0.00000,46.412,-1.907,-1,-1,-1,-1,-1,900.000,925.000,150.000,200.000,-1,-1,-1,-1,-1,-1,-1,-1,2,2,2,2,2,1,1,0,1,2,2,2,2,2,2,2,2
74,-4262.042,-4268.121,56.471,-71.743,0.316704,0.947928,0.033649,-0.945558,0.312711,0.090183,0.074964,-0.060378,0.995357,1,0.08000,-0.12000,4.800,-0.240,-1,450.000,-1,400.000,-1,350.000,325.000,350.000,225.000,-1,0.000,-1,-1,950.000,725.000,-1,-1,2,0,2,0,2,0,0,0,0,2,1,2,2,0,0,2,2
75,-4259.111,-4277.262,57.369,-72.223,0.308863,0.950426,0.035963,-0.948181,0.304730,0.089952,0.074534,-0.061882,0.995297,0,0.16000,-0.24000,9.600,-0.480,-1,450.000,-1,400.000,-1,350.000,325.000,350.000,225.000,-1,0.000,-1,-1,950.000,725.000,-1,-1,2,0,2,0,2,0,0,0,0,2,1,2,2,0,0,2,2
76,-4254.885,-4291.028,58.717,-72.943,0.297056,0.954049,0.039337,-0.951993,0.292723,0.089565,0.073935,-0.064054,0.995204,0,0.24000,-0.36000,14.400,-0.720,-1,450.000,-1,400.000,-1,350.000,325.000,350.000,225.000,-1,0.000,-1,-1,925.000,725.000,-1,-1,2,0,2,0,2,0,0,0,0,2,1,2,2,0,0,2,2
77,-4249.560,-4309.475,60.516,-73.903,0.281229,0.958647,0.043656,-0.956843,0.276647,0.088980,0.073223,-0.066795,0.995076,0,0.32000,-0.48000,19.200,-0.960,-1,450.000,-1,400.000,-1,350.000,325.000,350.000,225.000,-1,0.000,-1,-1,900.000,700.000,-1,-1,2,0,2,0,2,0,0,0,0,2,0,2,2,0,0,2,2
78,-4243.388,-4332.668,62.763,-75.103,0.261318,0.964020,0.048771,-0.962529,0.256454,0.088148,0.072468,-0.069978,0.994913,0,0.40000,-0.60000,24.000,-1.200,-1,425.000,-1,375.000,-1,350.000,325.000,350.000,250.000,-1,0.000,-1,-1,875.000,700.000,-1,-1,2,0,2,0,2,0,0,0,0,2,0,2,2,0,0,2,2
79,-4236.683,-4360.677,65.460,-76.543,0.237254,0.969917,0.054503,-0.968794,0.232089,0.087022,0.071755,-0.073449,0.994714,0,0.48000,-0.72000,28.800,-1.440,-1,425.000,-1,375.000,-1,325.000,325.000,325.000,250.000,-1,0.000,-1,-1,850.000,700.000,-1,-1,2,0,2,0,2,0,0,0,0,2,0,2,2,0,0,2,2
80,-4230.490,-4390.108,68.268,-78.120,0.210702,0.975706,0.060012,-0.974941,0.205261,0.085780,0.071378,-0.076582,0.994505,0,0.50125,-0.78849,30.075,-1.577,-1,425.000,-1,375.000,-1,325.000,325.000,325.000,250.000,-1,25.000,-1,-1,800.000,700.000,-1,-1,2,0,2,0,2,0,0,0,0,2,0,2,2,0,0,2,2
81,-4225.083,-4419.827,71.088,-79.692,0.184054,0.980758,0.065093,-0.980335,0.178372,0.084415,0.071180,-0.079350,0.994302,0,0.50343,-0.78617,30.206,-1.572,-1,400.000,-1,375.000,-1,325.000,325.000,325.000,275.000,-1,100.000,-1,-1,775.000,675.000,-1,-1,2,0,2,0,2,0,0,0,0,2,0,2,2,0,0,2,2
82,-4220.471,-4449.810,73.923,-81.260,0.157334,0.985079,0.069757,-0.984979,0.151444,0.082958,0.071156,-0.081762,0.994109,0,0.50559,-0.78386,30.335,-1.568,-1,400.000,-1,375.000,-1,325.000,325.000,325.000,275.000,-1,200.000,-1,-1,750.000,675.000,-1,-1,2,0,2,0,2,0,0,0,0,2,0,2,2,0,0,2,2
83,-4216.663,-4480.035,76.773,-82.823,0.130565,0.988673,0.074022,-0.988873,0.124495,0.081433,0.071295,-0.083831,0.993926,0,0.50772,-0.78156,30.463,-1.563,-1,400.000,-1,375.000,-1,325.000,300.000,325.000,275.000,-1,300.000,-1,-1,725.000,675.000,-1,-1,2,0,2,0,2,0,0,0,0,2,0,2,2,0,0,2,2
84,-4213.667,-4510.479,79.640,-84.382,0.103770,0.991546,0.077906,-0.992022,0.097544,0.079864,0.071590,-0.085572,0.993757,0,0.50983,-0.77926,30.590,-1.559,-1,375.000,-1,375.000,-1,325.000,300.000,300.000,300.000,-1,450.000,-1,-1,725.000,650.000,-1,-1,2,0,2,0,2,0,0,0,0,2,0,2,2,0,0,2,2
85,-4211.489,-4541.118,82.527,-85.935,0.076969,0.993703,0.081432,-0.994428,0.070611,0.078270,0.072028,-0.087002,0.993601,0,0.51192,-0.77698,30.715,-1.554,-1,375.000,-1,375.000,-1,300.000,300.000,300.000,300.000,-1,600.000,-1,-1,700.000,650.000,-1,-1,2,0,2,0,2,0,0,0,0,2,0,2,2,0,0,2,2
86,-4210.135,-4571.928,85.438,-87.485,0.050183,0.995148,0.084624,-0.996098,0.043712,0.076667,0.072596,-0.088141,0.993459,0,0.51398,-0.77470,30.839,-1.549,-1,375.000,-1,375.000,-1,300.000,300.000,300.000,300.000,-1,975.000,-1,-1,675.000,650.000,-1,-1,2,0,2,0,2,0,0,0,0,2,0,2,2,0,0,2,2
87,-4209.613,-4602.886,87.896,-89.030,0.023463,0.996077,0.085321,-0.996873,0.016869,0.077200,0.075458,-0.086866,0.993358,0,0.51602,-0.77244,30.961,-1.545,-1,375.000,-1,375.000,-1,300.000,300.000,300.000,300.000,-1,925.000,-1,-1,675.000,650.000,-1,-1,2,0,2,0,2,0,0,0,0,2,0,2,2,0,0,2,2
88,-4209.925,-4633.968,90.792,-90.570,-0.003181,0.996349,0.085310,-0.996855,-0.009915,0.078629,0.079188,-0.084792,0.993247,0,0.51803,-0.77018,31.082,-1.540,-1,375.000,-1,375.000,-1,300.000,300.000,300.000,300.000,-1,825.000,725.000,-1,675.000,650.000,-1,-1,2,0,2,0,2,0,0,0,0,2,0,0,2,0,0,2,2
89,-4211.098,-4669.832,94.205,-91.871,-0.025632,0.996011,0.085475,-0.996241,-0.032528,0.080288,0.082748,-0.083096,0.993100,0,0.59803,-0.65018,35.882,-1.300,-1,375.000,-1,375.000,-1,300.000,300.000,300.000,300.000,-1,750.000,675.000,-1,675.000,650.000,-1,-1,2,0,2,0,2,0,0,0,0,2,0,0,2,0,0,2,2
90,-4213.180,-4710.462,98.141,-92.931,-0.043876,0.995345,0.085815,-0.995314,-0.050960,0.082173,0.086164,-0.081807,0.992917,0,0.67803,-0.53018,40.682,-1.060,-1,375.000,-1,375.000,-1,300.000,300.000,300.000,300.000,-1,700.000,650.000,-1,700.000,650.000,-1,-1,2,0,2,0,2,0,0,0,0,2,0,0,2,0,0,2,2
91,-4216.158,-4755.848,102.601,-93.751,-0.057911,0.994583,0.086320,-0.994306,-0.065210,0.084283,0.089456,-0.080948,0.992696,0,0.75803,-0.41018,45.482,-0.820,-1,375.000,-1,375.000,-1,300.000,300.000,300.000,300.000,-1,650.000,625.000,-1,700.000,650.000,-1,-1,2,0,2,0,2,0,0,0,0,2,0,0,2,0,0,2,2
92,-4219.774,-4803.580,107.340,-94.332,-0.067750,0.993907,0.086942,-0.993403,-0.075283,0.086507,0.092525,-0.080508,0.992450,0,0.79780,-0.29018,47.868,-0.580,-1,375.000,-1,375.000,-1,300.000,300.000,325.000,300.000,-1,600.000,575.000,-1,700.000,675.000,-1,-1,2,0,2,0,2,0,0,0,0,2,0,0,2,0,0,2,2
93,-4223.836,-4851.395,112.131,-94.854,-0.076570,0.993207,0.087619,-0.992478,-0.084342,0.088739,0.095526,-0.080165,0.992194,0,0.79977,-0.26113,47.986,-0.522,-1,375.000,-1,375.000,-1,300.000,300.000,325.000,325.000,-1,575.000,550.000,-1,725.000,675.000,-1,-1,2,0,2,0,2,0,0,0,0,2,0,0,2,0,0,2,2
94,-4228.338,-4899.292,116.975,-95.369,-0.085256,0.992435,0.088344,-0.991475,-0.093273,0.090982,0.098534,-0.079834,0.991926,0,0.80179,-0.25762,48.107,-0.515,-1,375.000,-1,375.000,-1,300.000,300.000,300.000,325.000,-1,525.000,550.000,-1,725.000,675.000,-1,-1,2,0,2,0,2,0,0,0,0,2,0,0,2,0,0,2,2
95,-4233.278,-4947.272,121.873,-95.877,-0.093807,0.991594,0.089117,-0.990398,-0.102073,0.093235,0.101548,-0.079515,0.991648,0,0.80389,-0.25408,48.233,-0.508,-1,375.000,-1,375.000,-1,325.000,300.000,300.000,325.000,-1,525.000,525.000,-1,725.000,700.000,-1,-1,2,0,2,0,2,0,0,0,0,2,0,0,2,0,0,2,2
96,-4238.652,-4995.338,126.825,-96.378,-0.102221,0.990688,0.089939,-0.989250,-0.110743,0.095499,0.104569,-0.079210,0.991358,0,0.80606,-0.25050,48.364,-0.501,-1,375.000,-1,375.000,-1,325.000,300.000,300.000,325.000,-1,500.000,500.000,-1,750.000,700.000,-1,-1,2,0,2,0,2,0,0,0,0,2,0,0,2,0,0,2,2
97,-4244.456,-5043.488,131.830,-96.872,-0.110496,0.989719,0.090809,-0.988035,-0.119279,0.097773,0.107600,-0.078919,0.991057,0,0.80830,-0.24690,48.498,-0.494,-1,400.000,-1,375.000,-1,325.000,325.000,300.000,325.000,-1,475.000,500.000,-1,750.000,700.000,-1,-1,2,0,2,0,2,0,0,0,0,2,0,0,2,0,0,2,2
98,-4250.686,-5091.724,136.890,-97.359,-0.118631,0.988692,0.091729,-0.986755,-0.127682,0.100060,0.110641,-0.078644,0.990744,0,0.81060,-0.24326,48.636,-0.487,-1,400.000,-1,375.000,-1,325.000,325.000,300.000,325.000,-1,425.000,450.000,-1,775.000,725.000,-1,-1,2,0,2,0,2,0,0,0,0,2,0,0,2,0,0,2,2
99,-4257.339,-5140.047,142.006,-97.838,-0.126623,0.987610,0.092698,-0.985414,-0.135949,0.102358,0.113692,-0.078385,0.990419,0,0.81296,-0.23960,48.777,-0.479,-1,400.000,-1,375.000,-1,325.000,325.000,300.000,300.000,-1,375.000,425.000,-1,775.000,725.000,-1,-1,2,0,2,0,2,0,0,0,0,2,0,0,2,0,0,2,2
100,-4264.410,-5188.456,147.176,-98.310,-0.134472,0.986476,0.093716,-0.984015,-0.144080,0.104669,0.116756,-0.078143,0.990082,0,0.81537,-0.23591,48.922,-0.472,-1,400.000,-1,375.000,-1,325.000,325.000,300.000,300.000,-1,350.000,375.000,-1,800.000,725.000,-1,-1,2,0,2,0,2,0,0,0,0,2,0,0,2,0,0,2,2
101,-4271.897,-5236.952,152.648,-98.774,-0.142380,0.985369,0.093682,-0.982644,-0.152085,0.106212,0.118906,-0.076934,0.989921,0,0.81783,-0.23219,49.070,-0.464,-1,400.000,-1,400.000,-1,325.000,325.000,300.000,300.000,-1,350.000,375.000,-1,825.000,725.000,-1,-1,2,0,2,0,2,0,0,0,0,2,0,0,2,0,0,2,2
102,-4279.793,-5285.536,158.301,-99.231,-0.150172,0.984196,0.093841,-0.981288,-0.159949,0.107194,0.120510,-0.075988,0.989800,0,0.82034,-0.22845,49.220,-0.457,-1,400.000,-1,400.000,-1,325.000,325.000,300.000,300.000,-1,375.000,400.000,-1,850.000,725.000,-1,-1,2,0,2,0,2,0,0,0,0,2,0,0,2,0,0,2,2
103,-4288.096,-5334.206,164.268,-99.680,-0.157818,0.982911,0.094755,-0.980029,-0.167663,0.106922,0.120982,-0.075989,0.989742,0,0.82289,-0.22468,49.373,-0.449,-1,400.000,-1,400.000,-1,325.000,325.000,300.000,300.000,-1,425.000,450.000,-1,875.000,750.000,-1,-1,2,0,2,0,2,0,0,0,0,2,0,0,2,0,0,2,2
104,-4296.800,-5382.964,170.281,-100.122,-0.165332,0.981592,0.095614,-0.978737,-0.175237,0.106615,0.121407,-0.075955,0.989692,0,0.82548,-0.22088,49.529,-0.442,-1,400.000,-1,400.000,-1,325.000,325.000,300.000,300.000,-1,475.000,500.000,-1,875.000,750.000,-1,-1,2,0,2,0,2,0,0,0,0,2,0,0,2,0,0,2,2
105,-4305.903,-5431.810,176.355,-100.556,-0.172704,0.980237,0.096479,-0.977410,-0.182669,0.106305,0.121828,-0.075940,0.989642,0,0.82811,-0.21706,49.687,-0.434,-1,400.000,-1,375.000,-1,325.000,325.000,300.000,300.000,-1,525.000,550.000,-1,900.000,775.000,-1,-1,2,0,2,0,2,0,0,0,0,2,0,0,2,0,0,2,2
106,-4315.399,-5480.744,182.490,-100.983,-0.179933,0.978850,0.097348,-0.976054,-0.189960,0.105992,0.122242,-0.075946,0.989590,0,0.83078,-0.21322,49.847,-0.426,-1,400.000,-1,375.000,-1,325.000,325.000,300.000,300.000,-1,575.000,600.000,-1,925.000,800.000,-1,-1,2,0,2,0,2,0,0,0,0,2,0,0,2,0,0,2,2
107,-4324.496,-5524.863,188.088,-101.649,-0.191270,0.976618,0.098147,-0.973801,-0.201341,0.105703,0.122992,-0.075357,0.989542,0,0.75078,-0.33322,45.047,-0.666,-1,400.000,-1,375.000,-1,325.000,325.000,300.000,300.000,-1,625.000,650.000,-1,925.000,800.000,-1,-1,2,0,2,0,2,0,0,0,0,2,0,0,2,0,0,2,2
108,-4333.246,-5564.147,193.150,-102.555,-0.206689,0.973398,0.098869,-0.970509,-0.216785,0.105439,0.124068,-0.074160,0.989499,0,0.67078,-0.45322,40.247,-0.906,-1,400.000,-1,375.000,-1,325.000,325.000,300.000,300.000,-1,650.000,700.000,-1,950.000,825.000,-1,-1,2,0,2,0,2,0,0,0,0,2,0,0,2,0,0,2,2
109,-4341.644,-5598.585,197.670,-103.702,-0.226149,0.968996,0.099513,-0.965981,-0.236249,0.105200,0.125449,-0.072337,0.989459,0,0.59078,-0.57322,35.447,-1.146,-1,400.000,-1,375.000,-1,325.000,325.000,300.000,300.000,-1,700.000,725.000,-1,950.000,825.000,-1,-1,2,0,2,0,2,0,0,0,0,2,0,0,2,0,0,2,2
110,-4349.624,-5628.175,201.639,-105.088,-0.249590,0.963167,0.100074,-0.959974,-0.259671,0.104984,0.127104,-0.069865,0.989426,0,0.51078,-0.69322,30.647,-1.386,-1,400.000,-1,375.000,-1,325.000,325.000,300.000,300.000,-1,725.000,750.000,-1,950.000,825.000,-1,-1,2,0,2,0,2,0,0,0,0,2,0,0,2,0,0,2,2
111,-4357.060,-5652.930,205.043,-106.715,-0.276932,0.955614,0.100547,-0.952192,-0.286966,0.104790,0.128992,-0.066721,0.989398,0,0.43078,-0.81322,25.847,-1.626,-1,425.000,-1,375.000,-1,325.000,325.000,300.000,300.000,-1,750.000,775.000,-1,975.000,825.000,-1,-1,2,0,2,0,2,0,0,0,0,2,0,0,2,0,0,2,2
112,-4363.770,-5672.879,207.864,-108.581,-0.308061,0.945998,0.100930,-0.942296,-0.318017,0.104615,0.131063,-0.062878,0.989378,0,0.35078,-0.93322,21.047,-1.866,-1,425.000,-1,375.000,-1,325.000,325.000,300.000,300.000,-1,750.000,775.000,-1,1000.000,825.000,-1,-1,2,0,2,0,2,0,0,0,0,2,0,0,2,0,0,2,2
113,-4369.484,-5688.089,210.080,-110.581,-0.341081,0.934569,0.101218,-0.930557,-0.350931,0.104460,0.133146,-0.058560,0.989365,0,0.27078,-1.00000,16.247,-2.000,-1,425.000,-1,375.000,-1,325.000,325.000,300.000,300.000,-1,775.000,800.000,-1,1000.000,825.000,-1,-1,2,0,2,0,2,0,0,0,0,2,0,0,2,0,0,2,2
114,-4373.882,-5698.657,211.664,-112.581,-0.373708,0.921986,0.101412,-0.917658,-0.383430,0.104329,0.135074,-0.054073,0.989359,0,0.19078,-1.00000,11.447,-2.000,-1,425.000,-1,375.000,-1,325.000,325.000,300.000,300.000,-1,775.000,800.000,-1,-1,825.000,-1,-1,2,0,2,0,2,0,0,0,0,2,0,0,2,2,0,2,2
115,-4376.650,-5704.701,212.606,-114.581,-0.405903,0.908263,0.101494,-0.903611,-0.415474,0.104255,0.136859,-0.049394,0.989358,0,0.11078,-1.00000,6.647,-2.000,-1,425.000,-1,375.000,-1,325.000,325.000,300.000,300.000,-1,775.000,800.000,-1,1000.000,825.000,-1,-1,2,0,2,0,2,0,0,0,0,2,0,0,2,0,0,2,2
116,-4377.478,-5706.352,212.911,-116.581,-0.437629,0.893418,0.101414,-0.888414,-0.447023,0.104356,0.138568,-0.044428,0.989356,0,0.03078,-1.00000,1.847,-2.000,-1,425.000,-1,375.000,-1,325.000,325.000,300.000,300.000,-1,775.000,800.000,-1,1000.000,800.000,-1,-1,2,0,2,0,2,0,0,0,0,2,0,0,2,0,0,2,2
117,-4376.067,-5703.758,212.528,-118.581,-0.468837,0.877460,0.101267,-0.872108,-0.478033,0.104459,0.140067,-0.039342,0.989360,0,-0.04922,-1.00000,-2.953,-2.000,-1,425.000,-1,375.000,-1,325.000,325.000,300.000,300.000,-1,775.000,775.000,-1,975.000,800.000,-1,-1,2,0,2,0,2,0,0,0,0,2,0,0,2,0,0,2,2
118,-4372.124,-5697.083,211.444,-120.581,-0.499487,0.860407,0.101056,-0.854713,-0.508462,0.104555,0.141343,-0.034150,0.989371,0,-0.12922,-1.00000,-7.753,-2.000,-1,400.000,-1,375.000,-1,325.000,325.000,300.000,300.000,-1,775.000,775.000,-1,975.000,775.000,-1,-1,2,0,2,0,2,0,0,0,0,2,0,0,2,0,0,2,2
119,-4366.951,-5688.986,210.080,-122.581,-0.529530,0.842277,0.100828,-0.836251,-0.538269,0.104647,0.142414,-0.028904,0.989385,0,-0.16014,-1.00000,-9.609,-2.000,-1,400.000,-1,375.000,-1,325.000,325.000,300.000,300.000,-1,775.000,775.000,-1,925.000,775.000,-1,-1,2,0,2,0,2,0,0,0,0,2,0,0,2,0,0,2,2
120,-4361.521,-5681.108,208.713,-124.581,-0.558923,0.823093,0.100613,-0.816744,-0.567415,0.104737,0.143297,-0.023635,0.989397,0,-0.15946,-1.00000,-9.568,-2.000,-1,400.000,-1,375.000,-1,325.000,325.000,300.000,300.000,-1,775.000,750.000,-1,925.000,750.000,-1,-1,2,0,2,0,2,0,0,0,0,2,0,0,2,0,0,2,2
121,-4355.842,-5673.455,207.343,-126.581,-0.587624,0.802878,0.100420,-0.796217,-0.595860,0.104825,0.143999,-0.018359,0.989408,0,-0.15883,-1.00000,-9.530,-2.000,-1,400.000,-1,375.000,-1,325.000,325.000,300.000,300.000,-1,775.000,750.000,-1,925.000,725.000,-1,-1,2,0,2,0,2,0,0,0,0,2,0,0,2,0,0,2,2
122,-4349.921,-5666.032,205.968,-128.581,-0.615594,0.781659,0.100266,-0.774697,-0.623569,0.104911,0.144528,-0.013093,0.989414,0,-0.15826,-1.00000,-9.496,-2.000,-1,400.000,-1,375.000,-1,325.000,325.000,300.000,300.000,-1,775.000,750.000,-1,900.000,725.000,-1,-1,2,0,2,0,2,0,0,0,0,2,0,0,2,0,0,2,2
123,-4343.763,-5658.844,204.593,-130.581,-0.642800,0.759462,0.100126,-0.752210,-0.650505,0.104992,0.144870,-0.007827,0.989420,0,-0.15775,-1.00000,-9.465,-2.000,-1,400.000,-1,375.000,-1,325.000,325.000,300.000,300.000,-1,775.000,750.000,-1,900.000,725.000,-1,-1,2,0,2,0,2,0,0,0,0,2,0,0,2,0,0,2,2
124,-4337.377,-5651.895,203.220,-132.581,-0.669206,0.736317,0.099999,-0.728787,-0.676632,0.105068,0.145026,-0.002566,0.989425,0,-0.15730,-1.00000,-9.438,-2.000,-1,400.000,-1,375.000,-1,325.000,325.000,300.000,300.000,-1,750.000,750.000,-1,875.000,725.000,-1,-1,2,0,2,0,2,0,0,0,0,2,0,0,2,0,0,2,2
125,-4330.768,-5645.190,201.849,-134.581,-0.694778,0.712254,0.099885,-0.704457,-0.701916,0.105139,0.144997,0.002683,0.989428,0,-0.15691,-1.00000,-9.415,-2.000,-1,400.000,-1,375.000,-1,325.000,325.000,300.000,300.000,-1,725.000,750.000,-1,875.000,725.000,-1,-1,2,0,2,0,2,0,0,0,0,2,0,0,2,0,0,2,2
126,-4320.483,-5635.378,199.786,-136.341,-0.716579,0.690345,0.099695,-0.682335,-0.723444,0.105105,0.144682,0.007291,0.989451,0,-0.23691,-0.88000,-14.215,-1.760,-1,375.000,-1,375.000,-1,325.000,325.000,300.000,300.000,-1,700.000,750.000,-1,850.000,725.000,-1,-1,2,0,2,0,2,0,0,0,0,2,0,0,2,0,0,2,2
127,-4306.383,-5622.621,197.065,-137.861,-0.734862,0.670888,0.099432,-0.662741,-0.741475,0.104827,0.144054,0.011136,0.989507,0,-0.31691,-0.76000,-19.015,-1.520,-1,375.000,-1,375.000,-1,325.000,325.000,300.000,300.000,-1,700.000,725.000,-1,850.000,725.000,-1,-1,2,0,2,0,2,0,0,0,0,2,0,0,2,0,0,2,2
128,-4288.370,-5607.042,193.658,-139.141,-0.749865,0.654130,0.099077,-0.645892,-0.756246,0.104477,0.143268,0.014351,0.989580,0,-0.39691,-0.64000,-23.815,-1.280,-1,375.000,-1,375.000,-1,325.000,325.000,300.000,325.000,-1,700.000,725.000,-1,825.000,725.000,-1,-1,2,0,2,0,2,0,0,0,0,2,0,0,2,0,0,2,2
129,-4266.391,-5588.719,189.573,-140.181,-0.761791,0.640270,0.098630,-0.631986,-0.767963,0.104054,0.142367,0.016935,0.989669,0,-0.47691,-0.52000,-28.615,-1.040,-1,375.000,-1,375.000,-1,325.000,325.000,300.000,325.000,-1,675.000,725.000,-1,800.000,725.000,-1,-1,2,0,2,0,2,0,0,0,0,2,0,0,2,0,0,2,2
130,-4242.981,-5569.750,185.285,-140.981,-0.770806,0.629464,0.098149,-0.621166,-0.776800,0.103606,0.141459,0.018893,0.989764,0,-0.50219,-0.40000,-30.131,-0.800,-1,375.000,-1,375.000,-1,325.000,325.000,300.000,325.000,-1,675.000,700.000,-1,800.000,725.000,-1,-1,2,0,2,0,2,0,0,0,0,2,0,0,2,0,0,2,2
131,-4219.336,-5550.970,180.967,-141.541,-0.777052,0.621824,0.097598,-0.613541,-0.782894,0.103169,0.140562,0.020287,0.989864,0,-0.50325,-0.28000,-30.195,-0.560,-1,375.000,-1,375.000,-1,325.000,300.000,300.000,325.000,-1,675.000,700.000,-1,775.000,725.000,-1,-1,2,0,2,0,2,0,0,0,0,2,0,0,2,0,0,2,2
132,-4195.531,-5532.279,176.635,-141.861,-0.780620,0.617432,0.097005,-0.609190,-0.786341,0.102738,0.139713,0.021105,0.989967,0,-0.50442,-0.16000,-30.265,-0.320,-1,375.000,-1,375.000,-1,325.000,300.000,300.000,325.000,-1,675.000,675.000,-1,775.000,725.000,-1,-1,2,0,2,0,2,0,0,0,0,2,0,0,2,0,0,2,2
133,-4171.641,-5513.574,172.312,-141.941,-0.781562,0.616330,0.096426,-0.608150,-0.787199,0.102330,0.138976,0.021336,0.990066,0,-0.50570,-0.04000,-30.342,-0.080,-1,375.000,-1,375.000,-1,325.000,300.000,300.000,325.000,-1,675.000,675.000,-1,775.000,725.000,-1,-1,2,0,2,0,2,0,0,0,0,2,0,0,2,0,0,2,2
134,-4147.208,-5494.335,167.948,-141.781,-0.779895,0.618528,0.095850,-0.610395,-0.785477,0.102193,0.138497,0.021194,0.990136,0,-0.51830,0.08000,-31.098,0.160,-1,375.000,-1,375.000,-1,325.000,300.000,300.000,325.000,-1,675.000,650.000,-1,750.000,725.000,-1,-1,2,0,2,0,2,0,0,0,0,2,0,0,2,0,0,2,2
