timestep,x_cm,y_cm,z_cm,yaw_deg,basis_xx,basis_xy,basis_xz,basis_yx,basis_yy,basis_yz,basis_zx,basis_zy,basis_zz,teleport_flag,throttle_cmd,steering_cmd,cmd_move_cm,cmd_turn_deg,lidar_cm_0,lidar_cm_1,lidar_cm_2,lidar_cm_3,lidar_cm_4,lidar_cm_5,lidar_cm_6,lidar_cm_7,lidar_cm_8,lidar_cm_9,lidar_cm_10,lidar_cm_11,lidar_cm_12,lidar_cm_13,lidar_cm_14,lidar_cm_15,lidar_cm_16,lidar_class_0,lidar_class_1,lidar_class_2,lidar_class_3,lidar_class_4,lidar_class_5,lidar_class_6,lidar_class_7,lidar_class_8,lidar_class_9,lidar_class_10,lidar_class_11,lidar_class_12,lidar_class_13,lidar_class_14,lidar_class_15,lidar_class_16
0,-980.511,-7539.813,231.278,45.162,0.703982,-0.709092,-0.039972,0.707547,0.705100,-0.047020,0.061526,0.004819,0.998094,1,0.08000,-0.12000,4.800,-0.240,-1,400.000,-1,400.000,-1,325.000,325.000,300.000,300.000,-1,750.000,650.000,575.000,800.000,925.000,-1,-1,2,0,2,0,2,0,0,0,0,2,1,1,1,0,0,2,2
1,-973.685,-7533.062,231.878,44.682,0.709914,-0.703158,-0.039890,0.701609,0.711014,-0.046957,0.061380,0.005348,0.998100,0,0.16000,-0.24000,9.600,-0.480,-1,400.000,-1,400.000,-1,325.000,325.000,300.000,300.000,-1,775.000,650.000,600.000,800.000,950.000,-1,-1,2,0,2,0,2,0,0,0,0,2,1,1,1,0,0,2,2
2,-963.320,-7523.066,232.774,43.962,0.718717,-0.694165,-0.039772,0.692608,0.719790,-0.046861,0.061157,0.006133,0.998109,0,0.24000,-0.36000,14.400,-0.720,-1,400.000,-1,400.000,-1,325.000,325.000,300.000,300.000,-1,800.000,700.000,600.000,800.000,950.000,-1,-1,2,0,2,0,2,0,0,0,0,2,1,1,1,0,0,2,2
3,-949.279,-7509.971,233.954,43.002,0.730273,-0.682003,-0.039667,0.680438,0.731315,-0.046724,0.060875,0.007130,0.998120,0,0.32000,-0.48000,19.200,-0.960,-1,400.000,-1,400.000,-1,325.000,325.000,300.000,300.000,-1,825.000,725.000,625.000,800.000,950.000,-1,-1,2,0,2,0,2,0,0,0,0,2,1,1,1,0,0,2,2
4,-931.388,-7493.974,235.412,41.802,0.744425,-0.666532,-0.039573,0.664957,0.745430,-0.046541,0.060520,0.008332,0.998132,0,0.40000,-0.60000,24.000,-1.200,-1,400.000,-1,400.000,-1,325.000,325.000,300.000,300.000,-1,875.000,775.000,625.000,800.000,975.000,-1,-1,2,0,2,0,2,0,0,0,0,2,1,1,1,0,0,2,2
5,-909.526,-7475.225,237.147,40.615,0.758095,-0.650950,-0.039459,0.649369,0.759062,-0.046313,0.060099,0.009486,0.998147,0,0.48000,-0.59314,28.800,-1.186,-1,400.000,-1,400.000,-1,325.000,325.000,300.000,300.000,-1,925.000,825.000,650.000,800.000,975.000,-1,-1,2,0,2,0,2,0,0,0,0,2,1,1,1,0,0,2,2
6,-883.580,-7453.877,239.151,39.446,0.771252,-0.635314,-0.039324,0.633731,0.772181,-0.046052,0.059623,0.010597,0.998165,0,0.56000,-0.58476,33.600,-1.170,-1,400.000,-1,400.000,-1,325.000,325.000,300.000,300.000,-1,975.000,875.000,675.000,825.000,1000.000,-1,-1,2,0,2,0,2,0,0,0,0,2,1,1,1,0,0,2,2
7,-853.443,-7430.080,241.415,38.296,0.783877,-0.619680,-0.039167,0.618099,0.784768,-0.045752,0.059089,0.011655,0.998185,0,0.64000,-0.57504,38.400,-1.150,-1,400.000,-1,425.000,-1,325.000,325.000,300.000,300.000,-1,-1,925.000,700.000,850.000,-1,-1,-1,2,0,2,0,2,0,0,0,0,2,2,1,1,0,2,2,2
8,-820.071,-7404.779,243.859,37.168,0.795950,-0.604106,-0.038993,0.602530,0.796804,-0.045403,0.058498,0.012644,0.998207,0,0.69798,-0.56393,41.879,-1.128,-1,400.000,-1,425.000,-1,325.000,325.000,300.000,300.000,-1,-1,1000.000,750.000,875.000,-1,-1,-1,2,0,2,0,2,0,0,0,0,2,2,1,1,0,2,2,2
9,-785.941,-7379.923,246.297,36.064,0.807463,-0.588639,-0.038812,0.587072,0.808282,-0.045029,0.057877,0.013573,0.998231,0,0.70369,-0.55181,42.222,-1.104,-1,400.000,-1,425.000,-1,325.000,325.000,300.000,300.000,-1,-1,-1,775.000,875.000,-1,-1,-1,2,0,2,0,2,0,0,0,0,2,2,2,1,0,2,2,2
10,-751.065,-7355.516,248.727,34.985,0.818431,-0.573305,-0.038626,0.571748,0.819215,-0.044630,0.057229,0.014443,0.998257,0,0.70947,-0.53957,42.568,-1.079,-1,400.000,-1,450.000,-1,325.000,350.000,300.000,300.000,-1,-1,-1,800.000,900.000,-1,-1,-1,2,0,2,0,2,0,0,0,0,2,2,2,1,0,2,2,2
11,-715.456,-7331.559,250.885,33.931,0.828926,-0.558118,-0.037230,0.556571,0.829603,-0.044587,0.055771,0.016238,0.998312,0,0.71530,-0.52721,42.918,-1.054,-1,400.000,-1,450.000,-1,325.000,350.000,300.000,300.000,-1,-1,-1,825.000,925.000,-1,-1,-1,2,0,2,0,2,0,0,0,0,2,2,2,1,0,2,2,2
12,-679.125,-7308.053,252.798,32.901,0.838949,-0.543098,-0.034771,0.541565,0.839457,-0.044923,0.053586,0.018858,0.998385,0,0.72120,-0.51471,43.272,-1.029,-1,425.000,-1,450.000,-1,325.000,350.000,300.000,300.000,-1,-1,-1,875.000,925.000,-1,-1,-1,2,0,2,0,2,0,0,0,0,2,2,2,1,0,2,2,2
13,-642.084,-7284.999,254.692,31.897,0.848459,-0.528276,-0.032291,0.526765,0.848802,-0.045312,0.051346,0.021436,0.998451,0,0.72717,-0.50208,43.630,-1.004,-1,425.000,-1,450.000,-1,350.000,350.000,300.000,300.000,-1,-1,-1,900.000,950.000,-1,-1,-1,2,0,2,0,2,0,0,0,0,2,2,2,1,0,2,2,2
14,-604.343,-7262.394,256.554,30.919,0.857469,-0.513673,-0.029783,0.512196,0.857653,-0.045690,0.049013,0.023923,0.998512,0,0.73321,-0.48931,43.993,-0.979,-1,425.000,-1,450.000,-1,350.000,350.000,300.000,300.000,-1,-1,-1,925.000,950.000,-1,-1,-1,2,0,2,0,2,0,0,0,0,2,2,2,1,0,2,2,2
15,-565.914,-7240.236,258.401,29.966,0.865995,-0.499309,-0.027249,0.497872,0.866022,-0.046146,0.046639,0.026396,0.998563,0,0.73933,-0.47640,44.360,-0.953,-1,425.000,-1,450.000,-1,350.000,350.000,300.000,300.000,-1,-1,-1,975.000,950.000,-1,-1,-1,2,0,2,0,2,0,0,0,0,2,2,2,1,0,2,2,2
16,-526.806,-7218.522,260.240,29.039,0.874053,-0.485204,-0.024663,0.483815,0.873924,-0.046691,0.044208,0.028878,0.998605,0,0.74553,-0.46334,44.732,-0.927,-1,425.000,-1,450.000,-1,350.000,350.000,300.000,300.000,-1,-1,-1,1000.000,950.000,-1,-1,-1,2,0,2,0,2,0,0,0,0,2,2,2,1,0,2,2,2
17,-483.216,-7194.999,262.204,28.352,0.879899,-0.474663,-0.021746,0.473345,0.879615,-0.047127,0.041498,0.031174,0.998652,0,0.82553,-0.34334,49.532,-0.687,-1,425.000,-1,450.000,-1,350.000,350.000,300.000,300.000,-1,-1,-1,-1,975.000,-1,-1,-1,2,0,2,0,2,0,0,0,0,2,2,2,2,0,2,2,2
18,-439.781,-7171.996,263.571,27.906,0.883648,-0.467793,-0.018297,0.466680,0.883294,-0.044740,0.037090,0.030995,0.998831,0,0.81918,-0.22334,49.151,-0.447,1000.000,425.000,-1,450.000,-1,350.000,350.000,300.000,300.000,-1,-1,-1,-1,975.000,-1,-1,-1,1,0,2,0,2,0,0,0,0,2,2,2,2,0,2,2,2
19,-396.084,-7149.057,264.928,27.699,0.885393,-0.464608,-0.014804,0.463683,0.884983,-0.042451,0.032825,0.030721,0.998989,0,0.82254,-0.10334,49.352,-0.207,950.000,425.000,-1,425.000,-1,350.000,350.000,300.000,300.000,-1,-1,-1,-1,950.000,-1,-1,-1,1,0,2,0,2,0,0,0,0,2,2,2,2,0,2,2,2
20,-352.227,-7126.000,266.284,27.732,0.885172,-0.465128,-0.011292,0.464379,0.884723,-0.040204,0.028690,0.030344,0.999128,0,0.82582,0.01666,49.549,0.033,925.000,425.000,-1,425.000,-1,350.000,350.000,300.000,300.000,-1,-1,-1,-1,950.000,-1,-1,-1,1,0,2,0,2,0,0,0,0,2,2,2,2,1,2,2,2
21,-308.302,-7102.640,267.645,28.006,0.882978,-0.469349,-0.007786,0.468764,0.882507,-0.037963,0.024689,0.029870,0.999249,0,0.82918,0.13666,49.751,0.273,875.000,425.000,-1,425.000,-1,350.000,350.000,300.000,300.000,-1,-1,-1,-1,900.000,-1,-1,-1,1,0,2,0,2,0,0,0,0,2,2,2,2,1,2,2,2
22,-264.315,-7078.945,269.000,28.311,0.880484,-0.474056,-0.004295,0.473623,0.880004,-0.035706,0.020706,0.029404,0.999353,0,0.83272,0.15279,49.963,0.306,825.000,400.000,-1,425.000,-1,325.000,350.000,300.000,300.000,-1,-1,-1,-1,875.000,-1,-1,-1,1,0,2,0,2,0,0,0,0,2,2,2,2,1,2,2,2
23,-220.277,-7054.887,270.349,28.648,0.877692,-0.479224,-0.000822,0.478932,0.877215,-0.033429,0.016741,0.028947,0.999441,0,0.83636,0.16829,50.182,0.337,775.000,400.000,-1,425.000,-1,325.000,350.000,300.000,300.000,-1,-1,-1,-1,850.000,-1,-1,-1,1,0,2,0,2,0,0,0,0,2,2,2,2,1,2,2,2
24,-176.198,-7030.438,271.693,29.016,0.874590,-0.484856,0.002629,0.484695,0.874129,-0.031129,0.012795,0.028500,0.999512,0,0.84009,0.18406,50.406,0.368,750.000,400.000,-1,425.000,-1,325.000,350.000,275.000,300.000,-1,-1,-1,-1,825.000,1000.000,-1,-1,1,0,2,0,2,0,0,0,0,2,2,2,2,1,0,2,2
25,-132.091,-7005.568,272.499,29.416,0.871182,-0.490928,0.005655,0.490849,0.870683,-0.031266,0.010426,0.030014,0.999495,0,0.84391,0.20008,50.635,0.400,700.000,400.000,-1,425.000,-1,325.000,350.000,275.000,300.000,-1,-1,-1,-1,825.000,1000.000,-1,-1,1,0,2,0,2,0,0,0,0,2,2,2,2,1,0,2,2
26,-87.971,-6980.249,273.168,29.849,0.867446,-0.497457,0.008592,0.497459,0.866897,-0.031999,0.008470,0.032032,0.999451,0,0.84782,0.21632,50.869,0.433,675.000,400.000,-1,450.000,-1,325.000,350.000,275.000,300.000,-1,-1,-1,-1,800.000,975.000,-1,-1,1,0,2,0,2,0,0,0,0,2,2,2,2,1,0,2,2
27,-43.850,-6954.452,273.552,30.314,0.863357,-0.504433,0.012742,0.504561,0.862738,-0.033179,0.005744,0.035074,0.999368,0,0.85182,0.23277,51.109,0.466,650.000,400.000,-1,425.000,-1,325.000,350.000,300.000,300.000,-1,-1,-1,-1,800.000,950.000,-1,-1,1,0,2,0,2,0,0,0,0,2,2,2,2,1,0,2,2
28,0.256,-6928.149,273.809,30.808,0.858938,-0.511788,0.017311,0.512073,0.858250,-0.034467,0.002782,0.038469,0.999256,0,0.85590,0.24698,51.354,0.494,625.000,400.000,-1,425.000,-1,325.000,350.000,300.000,300.000,-1,-1,-1,-1,775.000,925.000,-1,-1,1,0,2,0,2,0,0,0,0,2,2,2,2,1,0,2,2
29,46.581,-6900.049,274.068,31.239,0.855002,-0.518150,0.022167,0.518624,0.854253,-0.035779,-0.000397,0.042087,0.999114,0,0.90302,0.21539,54.181,0.431,600.000,400.000,-1,425.000,-1,325.000,350.000,300.000,300.000,-1,-1,-1,-1,775.000,900.000,-1,-1,1,0,2,0,2,0,0,0,0,2,2,2,2,1,0,2,2
30,93.038,-6871.353,274.227,31.701,0.850714,-0.524952,0.026669,0.525618,0.849920,-0.036907,-0.003292,0.045415,0.998963,0,0.91009,0.23122,54.606,0.462,600.000,400.000,-1,425.000,-1,325.000,350.000,300.000,300.000,-1,-1,-1,-1,750.000,875.000,-1,-1,1,0,2,0,2,0,0,0,0,2,2,2,2,1,0,2,2
31,139.331,-6842.226,273.893,32.177,0.846284,-0.531955,0.028765,0.532713,0.845481,-0.037148,-0.004559,0.046761,0.998896,0,0.91156,0.23779,54.694,0.476,575.000,425.000,-1,425.000,-1,325.000,350.000,300.000,300.000,-1,-1,-1,-1,775.000,875.000,-1,-1,1,0,2,0,2,0,0,0,0,2,2,2,2,1,0,2,2
32,185.428,-6812.669,273.579,32.666,0.841665,-0.539122,0.030788,0.539970,0.840855,-0.037357,-0.005748,0.048067,0.998828,0,0.91264,0.24463,54.759,0.489,550.000,425.000,-1,425.000,-1,325.000,350.000,300.000,300.000,-1,-1,-1,-1,775.000,875.000,-1,-1,1,0,2,0,2,0,0,0,0,2,2,2,2,1,0,2,2
33,231.297,-6782.688,273.028,33.170,0.836823,-0.546481,0.032949,0.547419,0.836070,-0.036331,-0.007693,0.048440,0.998796,0,0.91330,0.25176,54.798,0.504,525.000,425.000,-1,425.000,-1,325.000,350.000,300.000,300.000,-1,-1,-1,-1,800.000,850.000,-1,-1,1,1,2,0,2,0,0,0,0,2,2,2,2,1,0,2,2
34,276.903,-6752.286,272.353,33.688,0.831757,-0.554025,0.035163,0.555049,0.831096,-0.034646,-0.010029,0.048334,0.998781,0,0.91351,0.25919,54.811,0.518,500.000,400.000,-1,425.000,-1,325.000,325.000,300.000,300.000,-1,-1,-1,-1,825.000,850.000,-1,-1,1,1,2,0,2,0,0,0,0,2,2,2,2,0,0,2,2
35,322.210,-6721.471,271.677,34.222,0.826466,-0.561746,0.037360,0.562852,0.825901,-0.032953,-0.012345,0.048263,0.998758,0,0.91323,0.26690,54.794,0.534,475.000,400.000,-1,425.000,-1,325.000,325.000,300.000,300.000,-1,-1,-1,-1,800.000,850.000,-1,-1,1,1,2,0,2,0,0,0,0,2,2,2,2,0,0,2,2
36,363.403,-6693.143,271.041,34.516,0.823482,-0.565976,0.039357,0.567154,0.823013,-0.031398,-0.014621,0.048177,0.998732,0,0.83323,0.14690,49.994,0.294,475.000,375.000,-1,425.000,-1,325.000,325.000,300.000,300.000,-1,-1,-1,-1,800.000,825.000,-1,-1,1,1,2,0,2,0,0,1,0,2,2,2,2,0,0,2,2
37,400.604,-6667.480,270.440,34.601,0.822551,-0.567200,0.041170,0.568442,0.822176,-0.029995,-0.016836,0.048075,0.998702,0,0.75323,0.04251,45.194,0.085,475.000,375.000,-1,400.000,-1,325.000,325.000,275.000,300.000,-1,-1,-1,-1,775.000,825.000,-1,-1,1,1,2,0,2,0,0,1,0,2,2,2,2,0,0,2,2
38,433.813,-6644.484,269.893,34.702,0.821465,-0.568650,0.042796,0.569949,0.821177,-0.028745,-0.018797,0.048005,0.998670,0,0.67323,0.05052,40.394,0.101,475.000,375.000,-1,400.000,-1,325.000,325.000,275.000,300.000,-1,-1,-1,-1,775.000,800.000,-1,-1,1,1,2,0,2,1,0,1,0,2,2,2,2,0,0,2,2
39,463.033,-6624.159,269.910,34.818,0.820309,-0.570226,0.043984,0.571631,0.819912,-0.031335,-0.018195,0.050847,0.998541,0,0.59323,0.05782,35.594,0.116,-1,375.000,-1,400.000,-1,325.000,325.000,250.000,300.000,-1,-1,-1,-1,800.000,825.000,-1,-1,2,1,2,0,2,1,0,1,0,2,2,2,2,0,0,2,2
40,488.273,-6606.519,269.940,34.946,0.819051,-0.571958,0.044933,0.573475,0.818475,-0.035003,-0.016757,0.054437,0.998377,0,0.51323,0.06434,30.794,0.129,-1,400.000,-1,425.000,-1,325.000,325.000,250.000,300.000,-1,-1,-1,-1,825.000,825.000,-1,-1,2,1,2,0,2,1,0,1,0,2,2,2,2,0,0,2,2
41,509.542,-6591.576,269.901,35.086,0.817669,-0.573866,0.045774,0.575474,0.816946,-0.037792,-0.015708,0.057243,0.998237,0,0.43323,0.07000,25.994,0.140,-1,400.000,-1,425.000,-1,350.000,350.000,250.000,300.000,-1,-1,-1,-1,825.000,825.000,-1,-1,2,1,2,0,2,0,0,1,0,2,2,2,2,0,0,2,2
42,526.851,-6579.347,269.828,35.236,0.816180,-0.575924,0.046490,0.577604,0.815343,-0.039871,-0.014942,0.059394,0.998123,0,0.35323,0.07477,21.194,0.150,-1,425.000,-1,425.000,-1,350.000,350.000,250.000,300.000,-1,-1,-1,-1,850.000,850.000,-1,-1,2,1,2,0,2,0,0,1,0,2,2,2,2,0,0,2,2
43,540.215,-6569.851,269.749,35.393,0.814605,-0.578103,0.047065,0.579837,0.813681,-0.041376,-0.014376,0.060995,0.998035,0,0.27323,0.07861,16.394,0.157,-1,425.000,-1,425.000,-1,350.000,350.000,250.000,300.000,-1,-1,-1,-1,850.000,850.000,-1,-1,2,0,2,0,2,0,0,1,0,2,2,2,2,0,0,2,2
44,549.646,-6563.109,269.687,35.556,0.812964,-0.580374,0.047488,0.582147,0.811977,-0.042412,-0.013945,0.062124,0.997971,0,0.19323,0.08149,11.594,0.163,-1,425.000,-1,425.000,-1,350.000,350.000,250.000,300.000,-1,-1,-1,-1,850.000,850.000,-1,-1,2,0,2,0,2,0,0,1,0,2,2,2,2,0,0,2,2
45,555.161,-6559.142,269.654,35.723,0.811276,-0.582710,0.047752,0.584505,0.810248,-0.043048,-0.013607,0.062836,0.997931,0,0.11323,0.08339,6.794,0.167,-1,425.000,-1,425.000,-1,350.000,350.000,250.000,300.000,-1,-1,-1,-1,850.000,850.000,-1,-1,2,0,2,0,2,0,0,1,0,2,2,2,2,0,0,2,2
46,556.776,-6557.973,269.658,35.891,0.809563,-0.585080,0.047851,0.586882,0.808513,-0.043324,-0.013340,0.063156,0.997914,0,0.03323,0.08432,1.994,0.169,-1,425.000,-1,425.000,-1,350.000,350.000,250.000,300.000,-1,-1,-1,-1,850.000,850.000,-1,-1,2,0,2,0,2,0,0,1,0,2,2,2,2,0,0,2,2
47,554.507,-6559.625,269.699,36.060,0.807843,-0.587458,0.047780,0.589251,0.806792,-0.043244,-0.013145,0.063089,0.997921,0,-0.04677,0.08426,-2.806,0.169,-1,425.000,-1,425.000,-1,350.000,350.000,250.000,300.000,-1,-1,-1,-1,850.000,850.000,-1,-1,2,0,2,0,2,0,0,1,0,2,2,2,2,0,0,2,2
48,548.371,-6564.120,269.769,36.226,0.806136,-0.589817,0.047539,0.591586,0.805106,-0.042780,-0.013041,0.062610,0.997953,0,-0.12677,0.08322,-7.606,0.166,-1,425.000,-1,425.000,-1,350.000,350.000,250.000,300.000,-1,-1,-1,-1,850.000,850.000,-1,-1,2,0,2,0,2,0,0,1,0,2,2,2,2,0,0,2,2
49,538.384,-6571.481,269.854,36.389,0.804462,-0.592132,0.047126,0.593860,0.803478,-0.041872,-0.013071,0.061671,0.998011,0,-0.20677,0.08122,-12.406,0.162,-1,425.000,-1,425.000,-1,350.000,350.000,250.000,300.000,-1,-1,-1,-1,850.000,850.000,-1,-1,2,1,2,0,2,0,0,1,0,2,2,2,2,0,0,2,2
50,524.562,-6581.728,269.932,36.545,0.802838,-0.594378,0.046543,0.596049,0.801930,-0.040427,-0.013295,0.060198,0.998098,0,-0.28677,0.07825,-17.206,0.157,-1,400.000,-1,425.000,-1,350.000,350.000,250.000,300.000,-1,-1,-1,-1,850.000,850.000,-1,-1,2,1,2,0,2,0,0,1,0,2,2,2,2,0,0,2,2
51,506.917,-6594.879,269.974,36.694,0.801282,-0.596532,0.045792,0.598128,0.800484,-0.038317,-0.013798,0.058092,0.998216,0,-0.36677,0.07436,-22.006,0.149,-1,400.000,-1,425.000,-1,350.000,350.000,250.000,300.000,-1,-1,-1,-1,825.000,850.000,-1,-1,2,1,2,0,2,1,0,1,0,2,2,2,2,0,0,2,2
52,486.166,-6610.424,269.949,36.833,0.799813,-0.598568,0.044906,0.600071,0.799159,-0.035489,-0.014644,0.055331,0.998361,0,-0.43213,0.06956,-25.928,0.139,-1,400.000,-1,425.000,-1,325.000,350.000,275.000,300.000,-1,-1,-1,-1,825.000,825.000,-1,-1,2,1,2,0,2,1,0,1,0,2,2,2,2,0,0,2,2
53,465.574,-6625.922,269.847,36.961,0.798448,-0.600451,0.044026,0.601858,0.797948,-0.032333,-0.015716,0.052314,0.998507,0,-0.42954,0.06407,-25.772,0.128,475.000,375.000,-1,400.000,-1,325.000,325.000,275.000,300.000,-1,-1,-1,-1,800.000,825.000,-1,-1,1,1,2,0,2,1,0,1,0,2,2,2,2,0,0,2,2
54,448.869,-6638.601,269.715,37.194,0.795985,-0.603765,0.043304,0.605089,0.795608,-0.029586,-0.016590,0.049753,0.998624,0,-0.34954,0.11631,-20.972,0.233,425.000,375.000,-1,400.000,-1,325.000,325.000,275.000,300.000,-1,-1,-1,-1,775.000,825.000,-1,-1,1,1,2,0,2,1,0,1,0,2,2,2,2,0,0,2,2
55,436.024,-6648.428,269.818,37.417,0.793634,-0.606895,0.042707,0.608171,0.793291,-0.028599,-0.016522,0.048671,0.998678,0,-0.26954,0.11169,-16.172,0.223,400.000,375.000,-1,400.000,-1,325.000,325.000,275.000,300.000,-1,-1,-1,-1,775.000,825.000,-1,-1,1,1,2,0,2,1,0,1,0,2,2,2,2,0,0,2,2
56,427.018,-6655.372,269.984,37.633,0.791364,-0.609883,0.042264,0.611140,0.790997,-0.028831,-0.015847,0.048645,0.998690,0,-0.18954,0.10805,-11.372,0.216,400.000,375.000,-1,400.000,-1,325.000,325.000,275.000,300.000,-1,-1,-1,-1,775.000,825.000,-1,-1,1,1,2,0,2,1,0,1,0,2,2,2,2,0,0,2,2
57,421.828,-6659.405,270.070,37.844,0.789131,-0.612787,0.042004,0.614033,0.788746,-0.029025,-0.015344,0.048697,0.998696,0,-0.10954,0.10536,-6.572,0.211,375.000,375.000,-1,400.000,-1,325.000,325.000,275.000,300.000,-1,-1,-1,-1,775.000,825.000,-1,-1,1,1,2,0,2,1,0,1,0,2,2,2,2,0,0,2,2
58,420.432,-6660.497,270.102,38.051,0.786916,-0.615634,0.041927,0.616876,0.786524,-0.029071,-0.015079,0.048740,0.998698,0,-0.02954,0.10360,-1.772,0.207,375.000,375.000,-1,400.000,-1,325.000,325.000,300.000,300.000,-1,-1,-1,-1,775.000,825.000,-1,-1,1,1,2,0,2,1,0,1,0,2,2,2,2,0,0,2,2
59,422.809,-6658.622,270.082,38.257,0.784700,-0.618450,0.042030,0.619693,0.784309,-0.028967,-0.015050,0.048776,0.998696,0,0.05046,0.10274,3.028,0.205,375.000,375.000,-1,400.000,-1,325.000,325.000,300.000,300.000,-1,-1,-1,-1,775.000,825.000,-1,-1,1,1,2,0,2,1,0,1,0,2,2,2,2,0,0,2,2
60,428.938,-6653.754,269.987,38.462,0.782465,-0.621256,0.042312,0.622510,0.782081,-0.028823,-0.015184,0.048893,0.998689,0,0.13046,0.10278,7.828,0.206,375.000,375.000,-1,400.000,-1,325.000,325.000,275.000,300.000,-1,-1,-1,-1,775.000,825.000,-1,-1,1,1,2,0,2,1,0,1,0,2,2,2,2,0,0,2,2
61,438.797,-6645.864,269.772,38.670,0.780196,-0.624071,0.042771,0.625347,0.779813,-0.028867,-0.015338,0.049269,0.998668,0,0.21046,0.10370,12.628,0.207,375.000,375.000,-1,400.000,-1,325.000,325.000,275.000,300.000,-1,-1,-1,-1,775.000,825.000,-1,-1,1,1,2,0,2,1,0,1,0,2,2,2,2,0,0,2,2
62,452.409,-6634.981,269.938,38.637,0.780573,-0.623554,0.043424,0.624900,0.780076,-0.031326,-0.014340,0.051588,0.998565,0,0.29046,-0.01630,17.428,-0.033,400.000,375.000,-1,400.000,-1,325.000,325.000,275.000,300.000,-1,-1,-1,-1,775.000,825.000,-1,-1,1,1,2,0,2,1,0,1,0,2,2,2,2,0,0,2,2
63,469.836,-6621.184,270.113,38.365,0.783555,-0.619745,0.044247,0.621178,0.782919,-0.034284,-0.013395,0.054348,0.998432,0,0.37046,-0.13630,22.228,-0.273,450.000,375.000,-1,425.000,-1,325.000,325.000,275.000,300.000,-1,-1,-1,-1,800.000,825.000,-1,-1,1,1,2,0,2,1,0,1,0,2,2,2,2,0,0,2,2
64,491.142,-6604.554,270.227,37.968,0.787852,-0.614203,0.045214,0.615736,0.787062,-0.037455,-0.012581,0.057349,0.998275,0,0.45046,-0.19846,27.028,-0.397,-1,400.000,-1,425.000,-1,325.000,350.000,275.000,300.000,-1,-1,-1,-1,825.000,850.000,-1,-1,2,1,2,0,2,1,0,1,0,2,2,2,2,0,0,2,2
65,516.363,-6585.140,270.245,37.583,0.791973,-0.608796,0.046328,0.610441,0.791014,-0.040721,-0.011855,0.060530,0.998096,0,0.53046,-0.19214,31.828,-0.384,-1,400.000,-1,425.000,-1,350.000,350.000,250.000,300.000,-1,-1,-1,-1,850.000,850.000,-1,-1,2,1,2,0,2,1,0,1,0,2,2,2,2,0,0,2,2
66,545.532,-6562.986,270.115,37.214,0.795895,-0.603561,0.047598,0.605329,0.794767,-0.043850,-0.011363,0.063712,0.997904,0,0.61046,-0.18478,36.628,-0.370,-1,425.000,-1,425.000,-1,350.000,350.000,250.000,300.000,-1,-1,-1,-1,875.000,850.000,-1,-1,2,1,2,0,2,0,0,1,0,2,2,2,2,0,0,2,2
67,578.676,-6538.133,269.782,36.861,0.799591,-0.598541,0.049016,0.600439,0.798313,-0.046577,-0.011252,0.066673,0.997711,0,0.69046,-0.17637,41.428,-0.353,-1,425.000,-1,425.000,-1,350.000,350.000,250.000,300.000,-1,-1,-1,-1,875.000,850.000,-1,-1,2,0,2,0,2,0,0,1,0,2,2,2,2,0,0,2,2
68,615.823,-6510.616,269.287,36.527,0.803054,-0.593795,0.050125,0.595798,0.801670,-0.048485,-0.011394,0.068800,0.997565,0,0.77046,-0.16687,46.228,-0.334,-1,425.000,-1,425.000,-1,350.000,350.000,225.000,300.000,-1,-1,-1,-1,900.000,825.000,-1,-1,2,0,2,0,2,0,0,1,0,2,2,2,2,0,0,2,2
69,656.993,-6480.470,268.471,36.211,0.806266,-0.589310,0.051469,0.591424,0.804854,-0.049283,-0.012382,0.070176,0.997458,0,0.85046,-0.15793,51.028,-0.316,-1,425.000,-1,425.000,-1,350.000,350.000,225.000,300.000,-1,-1,-1,-1,900.000,825.000,-1,-1,2,0,2,0,2,0,0,1,0,2,2,2,2,0,0,2,2
70,702.216,-6447.734,267.246,35.901,0.809351,-0.584920,0.053104,0.587147,0.808018,-0.048627,-0.014467,0.070536,0.997404,0,0.93046,-0.15543,55.828,-0.311,-1,425.000,-1,425.000,-1,350.000,350.000,225.000,300.000,-1,-1,-1,-1,875.000,800.000,-1,-1,2,0,2,0,2,0,0,1,0,2,2,2,2,0,0,2,2
71,751.007,-6412.812,265.486,35.594,0.812316,-0.580635,0.054828,0.582950,0.811197,-0.046146,-0.017683,0.069447,0.997429,0,1.00000,-0.15320,60.000,-0.306,-1,425.000,-1,425.000,-1,350.000,350.000,200.000,300.000,-1,-1,-1,-1,850.000,775.000,-1,-1,2,0,2,0,2,0,0,1,0,2,2,2,2,0,0,2,2
72,799.982,-6378.151,262.936,35.291,0.815254,-0.576494,0.054913,0.578726,0.814473,-0.041351,-0.020887,0.065491,0.997635,0,1.00000,-0.15142,60.000,-0.303,-1,425.000,-1,400.000,-1,325.000,325.000,200.000,300.000,-1,-1,-1,-1,825.000,750.000,-1,-1,2,0,2,0,2,0,0,1,0,2,2,2,2,0,0,2,2
73,848.802,-6343.985,259.995,34.991,0.818110,-0.572404,0.055230,0.574508,0.817758,-0.034810,-0.025240,0.060209,0.997867,0,0.99312,-0.15029,59.587,-0.301,-1,400.000,-1,400.000,-1,325.000,325.000,200.000,300.000,-1,-1,-1,-1,775.000,725.000,-1,-1,2,0,2,0,2,0,0,1,0,2,2,2,2,0,0,2,2
74,897.229,-6310.466,257.581,34.691,0.821008,-0.568216,0.055472,0.570242,0.820881,-0.031290,-0.027756,0.057321,0.997970,0,0.98160,-0.14984,58.896,-0.300,-1,400.000,-1,400.000,-1,325.000,325.000,200.000,300.000,-1,-1,-1,-1,775.000,700.000,-1,-1,2,0,2,0,2,0,0,1,0,2,2,2,2,0,0,2,2
75,945.264,-6277.587,255.831,34.391,0.823969,-0.563907,0.055533,0.565943,0.823843,-0.031488,-0.027994,0.057374,0.997960,0,0.97016,-0.15004,58.209,-0.300,-1,400.000,-1,400.000,-1,325.000,325.000,200.000,300.000,-1,-1,-1,-1,775.000,700.000,-1,-1,2,0,2,0,2,0,0,1,0,2,2,2,2,0,0,2,2
76,992.917,-6245.333,255.334,34.089,0.826586,-0.559381,0.062035,0.561874,0.826537,-0.033670,-0.032440,0.062686,0.997506,0,0.95904,-0.15089,57.542,-0.302,-1,400.000,-1,375.000,-1,325.000,325.000,200.000,275.000,-1,-1,-1,-1,750.000,675.000,-1,-1,2,0,2,0,2,0,0,1,0,2,2,2,2,0,0,2,2
77,1040.214,-6213.686,254.648,33.785,0.829210,-0.554805,0.067841,0.557748,0.829243,-0.035690,-0.036456,0.067432,0.997058,0,0.94846,-0.15234,56.907,-0.305,-1,400.000,-1,375.000,-1,325.000,325.000,225.000,275.000,-1,-1,-1,-1,750.000,650.000,-1,-1,2,0,2,0,2,0,0,1,0,2,2,2,2,0,0,2,2
78,1087.187,-6182.621,253.706,33.476,0.831956,-0.550216,0.071489,0.553462,0.832049,-0.037067,-0.039088,0.070405,0.996752,0,0.93860,-0.15436,56.316,-0.309,-1,400.000,-1,375.000,925.000,325.000,325.000,250.000,275.000,-1,-1,-1,-1,725.000,625.000,-1,-1,2,0,2,0,0,0,0,1,0,2,2,2,2,0,0,2,2
79,1133.878,-6152.111,252.486,33.162,0.834822,-0.545597,0.073460,0.549007,0.834968,-0.037666,-0.040786,0.071775,0.996587,0,0.92960,-0.15691,55.776,-0.314,-1,400.000,-1,350.000,875.000,325.000,300.000,275.000,275.000,-1,-1,-1,-1,725.000,625.000,-1,-1,2,0,2,0,0,0,0,1,0,2,2,2,2,0,0,2,2
80,1176.902,-6124.588,251.144,32.608,0.839998,-0.537506,0.074095,0.540957,0.840211,-0.037566,-0.042063,0.071638,0.996543,0,0.85122,-0.27691,51.073,-0.554,-1,400.000,-1,350.000,825.000,325.000,300.000,300.000,275.000,950.000,-1,-1,-1,725.000,600.000,-1,975.000,2,0,2,0,0,0,0,1,0,1,2,2,2,0,0,2,0
81,1219.937,-6097.891,249.472,31.814,0.847394,-0.525863,0.073433,0.529245,0.847655,-0.037161,-0.042704,0.070354,0.996608,0,0.84404,-0.39691,50.642,-0.794,-1,400.000,-1,350.000,800.000,325.000,300.000,325.000,275.000,575.000,-1,-1,-1,700.000,600.000,-1,950.000,2,0,2,0,0,0,0,1,0,1,2,2,2,0,0,2,0
82,1263.099,-6072.185,247.753,30.781,0.856957,-0.510613,0.069991,0.513697,0.857223,-0.035816,-0.041710,0.066647,0.996904,0,0.83728,-0.51691,50.237,-1.034,-1,375.000,-1,350.000,825.000,300.000,300.000,325.000,275.000,525.000,-1,-1,-1,700.000,600.000,-1,975.000,2,0,2,0,0,0,0,0,0,1,2,2,2,0,0,2,0
83,1306.407,-6047.472,245.815,29.713,0.866654,-0.494736,0.064396,0.497363,0.866895,-0.033511,-0.039246,0.061071,0.997362,0,0.83105,-0.53360,49.863,-1.067,-1,375.000,-1,350.000,875.000,300.000,300.000,325.000,300.000,500.000,-1,-1,-1,725.000,625.000,-1,-1,2,0,2,0,0,0,0,0,0,1,2,2,2,0,0,2,2
84,1349.900,-6023.727,243.499,28.637,0.876176,-0.478557,0.057444,0.480662,0.876378,-0.030420,-0.035785,0.054264,0.997885,0,0.82587,-0.53804,49.552,-1.076,-1,375.000,-1,350.000,975.000,300.000,300.000,300.000,300.000,475.000,-1,-1,-1,725.000,625.000,-1,-1,2,0,2,0,0,0,0,0,0,1,2,2,2,0,0,2,2
85,1393.616,-6000.924,240.853,27.552,0.885478,-0.462050,0.049380,0.463614,0.885639,-0.026551,-0.031465,0.046403,0.998427,0,0.82176,-0.54282,49.306,-1.086,-1,375.000,-1,375.000,-1,300.000,300.000,300.000,300.000,450.000,-1,-1,-1,725.000,650.000,-1,-1,2,0,2,0,2,0,0,0,0,1,2,2,2,0,0,2,2
86,1437.593,-5979.042,239.463,26.456,0.894222,-0.445078,0.047667,0.446522,0.894415,-0.025286,-0.031380,0.043896,0.998543,0,0.81867,-0.54791,49.120,-1.096,-1,375.000,-1,375.000,-1,300.000,300.000,300.000,300.000,475.000,-1,-1,-1,725.000,650.000,-1,-1,2,0,2,0,2,0,0,0,0,1,2,2,2,0,0,2,2
87,1481.868,-5958.067,238.179,25.349,0.902736,-0.427755,0.045747,0.429100,0.902914,-0.024897,-0.030656,0.042106,0.998643,0,0.81654,-0.55329,48.992,-1.107,-1,375.000,-1,375.000,-1,300.000,300.000,300.000,300.000,475.000,-1,-1,-1,725.000,650.000,-1,-1,2,0,2,0,2,0,0,0,0,1,2,2,2,0,0,2,2
88,1526.477,-5937.990,237.137,24.231,0.911023,-0.410067,0.043386,0.411346,0.911107,-0.026052,-0.028846,0.041581,0.998719,0,0.81531,-0.55894,48.919,-1.118,-1,375.000,-1,375.000,-1,300.000,300.000,300.000,300.000,500.000,-1,-1,-1,750.000,650.000,-1,-1,2,0,2,0,2,0,0,0,0,1,2,2,2,0,0,2,2
89,1571.451,-5918.805,236.006,23.102,0.919038,-0.392035,0.040956,0.393240,0.919038,-0.027046,-0.027037,0.040962,0.998795,0,0.81492,-0.56483,48.895,-1.130,-1,375.000,-1,375.000,-1,325.000,300.000,300.000,300.000,550.000,450.000,900.000,-1,775.000,675.000,-1,-1,2,0,2,0,2,0,0,0,0,1,1,0,2,0,0,2,2
90,1616.820,-5900.512,234.788,21.960,0.926771,-0.373652,0.038458,0.374779,0.926695,-0.027881,-0.025220,0.040253,0.998871,0,0.81530,-0.57095,48.918,-1.142,-1,400.000,-1,375.000,-1,325.000,300.000,300.000,300.000,575.000,425.000,750.000,-1,800.000,675.000,-1,-1,2,0,2,0,2,0,0,0,0,1,1,0,2,0,0,2,2
91,1662.610,-5883.114,233.513,20.805,0.934207,-0.354917,0.035931,0.355958,0.934069,-0.028434,-0.023470,0.039353,0.998950,0,0.81639,-0.57729,48.984,-1.155,-1,400.000,-1,375.000,-1,325.000,300.000,300.000,300.000,625.000,425.000,650.000,-1,825.000,675.000,-1,-1,2,0,2,0,2,0,0,0,0,1,1,0,2,0,0,2,2
92,1708.844,-5866.617,232.237,19.638,0.941330,-0.335825,0.033467,0.336775,0.941155,-0.028468,-0.021937,0.038068,0.999034,0,0.81815,-0.58382,49.089,-1.168,-1,400.000,-1,375.000,-1,325.000,325.000,300.000,300.000,650.000,450.000,550.000,-1,850.000,675.000,-1,-1,2,0,2,0,2,0,0,0,0,1,1,1,2,0,0,2,2
93,1755.542,-5851.032,230.885,18.456,0.948130,-0.316371,0.030962,0.317228,0.947926,-0.028336,-0.020385,0.036688,0.999119,0,0.82050,-0.59054,49.230,-1.181,-1,400.000,-1,375.000,-1,325.000,325.000,300.000,300.000,700.000,425.000,525.000,-1,875.000,700.000,-1,-1,2,0,2,0,2,0,0,0,0,1,0,1,2,0,0,2,2
94,1802.721,-5836.373,229.458,17.262,0.954594,-0.296551,0.028416,0.297315,0.954368,-0.028043,-0.018804,0.035218,0.999203,0,0.82340,-0.59744,49.404,-1.195,-1,400.000,-1,375.000,-1,325.000,325.000,300.000,300.000,750.000,375.000,450.000,-1,900.000,700.000,-1,-1,2,0,2,0,2,0,0,0,0,1,0,0,2,0,0,2,2
95,1850.395,-5822.655,227.959,16.053,0.960706,-0.276362,0.025831,0.277034,0.960464,-0.027592,-0.017184,0.033664,0.999285,0,0.82681,-0.60451,49.608,-1.209,-1,400.000,-1,375.000,-1,325.000,325.000,300.000,300.000,800.000,325.000,400.000,-1,925.000,700.000,-1,-1,2,0,2,0,2,0,0,0,0,1,0,0,2,0,0,2,2
96,1898.576,-5809.900,226.529,14.829,0.966442,-0.255809,0.023469,0.256390,0.966213,-0.026387,-0.015926,0.031519,0.999376,0,0.83068,-0.61174,49.841,-1.223,-1,400.000,-1,375.000,-1,325.000,325.000,300.000,300.000,850.000,300.000,375.000,-1,950.000,700.000,-1,-1,2,0,2,0,2,0,0,0,0,1,0,0,2,0,0,2,2
97,1947.272,-5798.129,225.435,13.591,0.971782,-0.234896,0.021533,0.235376,0.971622,-0.023410,-0.015423,0.027818,0.999494,0,0.83497,-0.61911,50.098,-1.238,-1,425.000,-1,375.000,-1,325.000,325.000,300.000,300.000,900.000,325.000,400.000,-1,950.000,700.000,-1,-1,2,0,2,0,2,0,0,0,0,1,0,0,2,0,0,2,2
98,1996.487,-5787.365,224.330,12.338,0.976725,-0.213611,0.019470,0.213991,0.976628,-0.020154,-0.014710,0.023852,0.999607,0,0.83964,-0.62663,50.379,-1.253,-1,425.000,-1,375.000,-1,325.000,325.000,300.000,300.000,950.000,325.000,400.000,-1,975.000,725.000,-1,-1,2,0,2,0,2,0,0,0,0,1,0,0,2,0,0,2,2
99,2046.225,-5777.636,223.524,11.069,0.981221,-0.191948,0.018988,0.192286,0.981175,-0.017951,-0.015185,0.021265,0.999659,0,0.84467,-0.63429,50.680,-1.269,-1,425.000,-1,375.000,-1,325.000,325.000,300.000,300.000,1000.000,350.000,450.000,-1,975.000,725.000,-1,-1,2,0,2,0,2,0,0,0,0,1,0,0,2,0,0,2,2
100,2096.483,-5768.969,222.787,9.785,0.985271,-0.169918,0.019217,0.170232,0.985273,-0.016063,-0.016205,0.019098,0.999686,0,0.85001,-0.64208,51.001,-1.284,-1,425.000,-1,375.000,-1,325.000,325.000,300.000,300.000,-1,400.000,500.000,-1,950.000,725.000,-1,-1,2,0,2,0,2,0,0,0,0,2,0,0,2,0,0,2,2
101,2147.260,-5761.394,221.988,8.485,0.988868,-0.147528,0.019393,0.147811,0.988915,-0.014108,-0.017097,0.016818,0.999712,0,0.85564,-0.64999,51.338,-1.300,-1,425.000,-1,375.000,-1,325.000,325.000,300.000,300.000,-1,450.000,550.000,-1,950.000,725.000,-1,-1,2,0,2,0,2,0,0,0,0,2,0,0,2,0,0,2,2
102,2193.408,-5755.381,221.221,7.425,0.991425,-0.129213,0.019502,0.129465,0.991508,-0.012290,-0.017748,0.014709,0.999734,0,0.77564,-0.52999,46.538,-1.060,-1,425.000,-1,375.000,-1,325.000,325.000,300.000,300.000,-1,500.000,600.000,-1,950.000,750.000,-1,-1,2,0,2,0,2,0,0,0,0,2,0,0,2,0,0,2,2
103,2234.870,-5750.580,220.502,6.605,0.993171,-0.115013,0.019562,0.115235,0.993281,-0.010626,-0.018209,0.012808,0.999752,0,0.69564,-0.40999,41.738,-0.820,-1,425.000,-1,375.000,-1,325.000,325.000,300.000,300.000,-1,550.000,650.000,-1,950.000,750.000,-1,-1,2,0,2,0,2,0,0,0,0,2,0,0,2,0,0,2,2
104,2271.604,-5746.703,219.844,6.025,0.994284,-0.104955,0.019592,0.105148,0.994415,-0.009127,-0.018525,0.011135,0.999766,0,0.61564,-0.28999,36.938,-0.580,-1,425.000,-1,375.000,-1,325.000,325.000,300.000,300.000,-1,575.000,675.000,-1,950.000,750.000,-1,-1,2,0,2,0,2,0,0,0,0,2,0,0,2,0,0,2,2
105,2303.585,-5743.520,219.254,5.685,0.994889,-0.099054,0.019604,0.099222,0.995035,-0.007802,-0.018734,0.009707,0.999777,0,0.53564,-0.16999,32.138,-0.340,-1,425.000,-1,375.000,-1,325.000,325.000,300.000,300.000,-1,600.000,700.000,-1,950.000,750.000,-1,-1,2,0,2,0,2,0,0,0,0,2,0,0,2,0,0,2,2
106,2330.794,-5740.859,218.738,5.585,0.995060,-0.097318,0.019608,0.097465,0.995217,-0.006655,-0.018867,0.008534,0.999786,0,0.45564,-0.04999,27.338,-0.100,-1,425.000,-1,375.000,-1,325.000,325.000,300.000,300.000,-1,625.000,750.000,-1,950.000,750.000,-1,-1,2,0,2,0,2,0,0,0,0,2,0,0,2,0,0,2,2
107,2353.220,-5738.611,218.297,5.725,0.994819,-0.099751,0.019610,0.099880,0.994983,-0.005693,-0.018944,0.007622,0.999791,0,0.37564,0.07001,22.538,0.140,-1,425.000,-1,375.000,-1,325.000,325.000,300.000,300.000,-1,650.000,775.000,-1,950.000,750.000,-1,-1,2,0,2,0,2,0,0,0,0,2,0,0,2,0,0,2,2
108,2370.857,-5736.724,217.935,6.105,0.994135,-0.106348,0.019613,0.106464,0.994304,-0.004919,-0.018978,0.006979,0.999796,0,0.29564,0.19001,17.738,0.380,-1,425.000,-1,375.000,-1,325.000,325.000,300.000,300.000,-1,675.000,800.000,-1,950.000,775.000,-1,-1,2,0,2,0,2,0,0,0,0,2,0,0,2,0,0,2,2
109,2383.707,-5735.209,217.654,6.725,0.992926,-0.117102,0.019613,0.117208,0.993098,-0.004340,-0.018969,0.006608,0.999798,0,0.21564,0.31001,12.938,0.620,-1,425.000,-1,375.000,-1,325.000,325.000,300.000,300.000,-1,700.000,825.000,-1,975.000,775.000,-1,-1,2,0,2,0,2,0,0,0,0,2,0,0,2,0,0,2,2
110,2391.775,-5734.138,217.457,7.561,0.991112,-0.131576,0.019604,0.131677,0.991285,-0.003960,-0.018912,0.006506,0.999800,0,0.13564,0.41790,8.138,0.836,-1,425.000,-1,375.000,-1,325.000,325.000,300.000,300.000,-1,725.000,850.000,-1,975.000,775.000,-1,-1,2,0,2,0,2,0,0,0,0,2,0,0,2,0,0,2,2
111,2395.077,-5733.651,217.353,8.394,0.989094,-0.145977,0.019584,0.146077,0.989266,-0.003793,-0.018820,0.006612,0.999801,0,0.05564,0.41661,3.338,0.833,-1,425.000,-1,375.000,-1,325.000,325.000,300.000,300.000,-1,725.000,875.000,-1,975.000,775.000,-1,-1,2,0,2,0,2,0,0,0,0,2,0,0,2,0,0,2,2
112,2393.635,-5733.885,217.345,9.226,0.986870,-0.160329,0.019544,0.160432,0.987039,-0.003839,-0.018675,0.006924,0.999802,0,-0.02436,0.41608,-1.462,0.832,-1,425.000,-1,375.000,-1,325.000,325.000,300.000,300.000,-1,750.000,875.000,-1,975.000,775.000,-1,-1,2,0,2,0,2,0,0,0,0,2,0,0,2,0,0,2,2
113,2387.469,-5734.979,217.431,10.059,0.984437,-0.174655,0.019477,0.174765,0.984602,-0.004098,-0.018461,0.007438,0.999802,0,-0.10436,0.41631,-6.262,0.833,-1,425.000,-1,375.000,-1,325.000,325.000,300.000,300.000,-1,750.000,900.000,-1,1000.000,775.000,-1,-1,2,0,2,0,2,0,0,0,0,2,0,0,2,0,0,2,2
114,2386.035,-5735.261,217.414,11.131,0.980996,-0.193055,0.019417,0.193169,0.981157,-0.004151,-0.018250,0.007823,0.999803,0,-0.02436,0.53631,-1.462,1.073,-1,425.000,-1,400.000,-1,325.000,325.000,300.000,300.000,-1,775.000,925.000,-1,1000.000,775.000,-1,-1,2,0,2,0,2,0,0,0,0,2,0,0,2,0,0,2,2
115,2389.296,-5734.544,217.295,12.402,0.976473,-0.214768,0.019376,0.214882,0.976632,-0.004003,-0.018064,0.008072,0.999804,0,0.05564,0.63542,3.338,1.271,-1,425.000,-1,400.000,-1,325.000,325.000,300.000,300.000,-1,800.000,950.000,-1,1000.000,800.000,-1,-1,2,0,2,0,2,0,0,0,0,2,0,0,2,0,0,2,2
116,2397.204,-5732.620,217.085,13.672,0.971473,-0.236358,0.019376,0.236469,0.971632,-0.003654,-0.017962,0.008131,0.999806,0,0.13564,0.63490,8.138,1.270,-1,425.000,-1,400.000,-1,325.000,325.000,300.000,300.000,-1,825.000,1000.000,-1,1000.000,800.000,-1,-1,2,0,2,0,2,0,0,0,0,2,0,0,2,0,0,2,2
117,2409.705,-5729.285,216.780,14.939,0.966006,-0.257789,0.019429,0.257895,0.966168,-0.003101,-0.017972,0.008007,0.999806,0,0.21564,0.63365,12.938,1.267,-1,425.000,-1,400.000,-1,325.000,325.000,300.000,300.000,-1,875.000,-1,-1,-1,800.000,-1,-1,2,0,2,0,2,0,0,0,0,2,0,2,2,2,0,2,2
118,2426.739,-5724.335,216.379,16.203,0.960083,-0.279029,0.019551,0.279126,0.960252,-0.002338,-0.018122,0.007702,0.999806,0,0.29564,0.63168,17.738,1.263,-1,425.000,-1,400.000,-1,325.000,325.000,300.000,300.000,-1,950.000,-1,-1,-1,800.000,-1,-1,2,0,2,0,2,0,0,0,0,2,0,2,2,2,0,2,2
119,2448.239,-5717.573,215.874,17.461,0.953721,-0.300045,0.019756,0.300129,0.953898,-0.001355,-0.018439,0.007222,0.999804,0,0.37564,0.62899,22.538,1.258,-1,425.000,-1,400.000,-1,325.000,325.000,300.000,300.000,-1,-1,-1,-1,-1,825.000,-1,-1,2,0,2,0,2,0,0,0,0,2,2,2,2,2,0,2,2
120,2474.132,-5708.802,215.257,18.712,0.946933,-0.320804,0.020057,0.320871,0.947123,-0.000138,-0.018952,0.006567,0.999799,0,0.45564,0.62560,27.338,1.251,-1,425.000,-1,400.000,-1,350.000,325.000,300.000,300.000,-1,-1,-1,-1,-1,825.000,-1,-1,2,0,2,0,2,0,0,0,0,2,2,2,2,2,0,2,2
121,2504.347,-5697.850,214.517,19.925,0.939918,-0.340786,0.020470,0.340832,0.940123,0.001333,-0.019698,0.005724,0.999790,0,0.53564,0.60659,32.138,1.213,-1,450.000,-1,400.000,-1,350.000,325.000,300.000,300.000,-1,-1,-1,-1,-1,825.000,-1,-1,2,0,2,0,2,0,0,0,0,2,2,2,2,2,0,2,2
122,2538.801,-5684.532,213.739,21.133,0.932507,-0.360531,0.021146,0.360540,0.932737,0.003528,-0.020996,0.004334,0.999770,0,0.61564,0.60396,36.938,1.208,-1,450.000,-1,400.000,-1,350.000,325.000,300.000,300.000,-1,-1,-1,-1,-1,850.000,-1,-1,2,0,2,0,2,0,0,0,0,2,2,2,2,2,0,2,2
123,2577.408,-5668.671,212.714,22.335,0.924706,-0.380017,0.022489,0.379984,0.924974,0.005898,-0.023043,0.003091,0.999730,0,0.69564,0.60090,41.738,1.202,-1,450.000,-1,400.000,-1,350.000,325.000,300.000,300.000,-1,-1,-1,-1,-1,850.000,-1,-1,2,0,2,0,2,0,0,0,0,2,2,2,2,2,0,2,2
124,2620.077,-5650.091,211.369,23.530,0.916525,-0.399223,0.024561,0.399142,0.916851,0.008322,-0.025841,0.002176,0.999664,0,0.77564,0.59742,46.538,1.195,-1,450.000,-1,400.000,-1,350.000,325.000,300.000,300.000,-1,-1,-1,-1,1000.000,850.000,-1,-1,2,0,2,0,2,0,0,0,0,2,2,2,2,0,0,2,2
125,2666.713,-5628.625,209.819,24.717,0.907992,-0.418132,0.026758,0.417984,0.908386,0.011165,-0.028975,0.001046,0.999580,0,0.85564,0.59352,51.338,1.187,-1,425.000,-1,400.000,-1,350.000,325.000,300.000,275.000,-1,-1,-1,-1,975.000,850.000,-1,-1,2,0,2,0,2,0,0,0,0,2,2,2,2,0,0,2,2
126,2715.737,-5604.825,208.080,25.895,0.899129,-0.436727,0.028933,0.436490,0.899594,0.014384,-0.032310,-0.000304,0.999478,0,0.90825,0.58924,54.495,1.178,-1,425.000,-1,400.000,-1,350.000,325.000,300.000,275.000,-1,-1,-1,-1,950.000,825.000,-1,-1,2,0,2,0,2,0,0,0,0,2,2,2,2,0,0,2,2
127,2764.284,-5580.019,206.222,27.065,0.889959,-0.454996,0.030853,0.454650,0.890492,0.017836,-0.035590,-0.001846,0.999365,0,0.90863,0.58475,54.518,1.169,-1,425.000,-1,400.000,-1,350.000,325.000,300.000,300.000,-1,-1,-1,-1,925.000,825.000,-1,-1,2,0,2,0,2,0,0,0,0,2,2,2,2,0,0,2,2
128,2812.318,-5554.236,204.287,28.225,0.880494,-0.472938,0.032550,0.472469,0.881089,0.021324,-0.038765,-0.003397,0.999243,0,0.90860,0.58031,54.516,1.161,-1,425.000,-1,400.000,-1,350.000,325.000,300.000,300.000,-1,-1,-1,-1,900.000,825.000,-1,-1,2,0,2,0,2,0,0,0,0,2,2,2,2,0,0,2,2
129,2859.804,-5527.503,202.294,29.378,0.870741,-0.490565,0.033995,0.489967,0.871391,0.024708,-0.041743,-0.004858,0.999117,0,0.90821,0.57640,54.493,1.153,-1,425.000,-1,400.000,-1,350.000,325.000,300.000,300.000,-1,-1,-1,-1,875.000,825.000,-1,-1,2,0,2,0,2,0,0,0,0,2,2,2,2,0,0,2,2
130,2906.706,-5499.847,200.020,30.526,0.860650,-0.507917,0.036085,0.507189,0.861388,0.027746,-0.045175,-0.005578,0.998964,0,0.90748,0.57378,54.449,1.148,-1,425.000,-1,400.000,-1,325.000,325.000,300.000,300.000,-1,-1,-1,-1,850.000,800.000,-1,-1,2,0,2,0,2,0,0,0,0,2,2,2,2,0,0,2,2
131,2952.995,-5471.293,197.611,31.669,0.850246,-0.524999,0.038176,0.524136,0.851081,0.030711,-0.048614,-0.006102,0.998799,0,0.90645,0.57156,54.387,1.143,-1,425.000,-1,400.000,-1,325.000,325.000,300.000,300.000,-1,-1,-1,-1,825.000,800.000,-1,-1,2,0,2,0,2,0,0,0,0,2,2,2,2,0,0,2,2
132,2998.641,-5441.866,195.103,32.808,0.839539,-0.541819,0.040083,0.540812,0.840470,0.033662,-0.051927,-0.006583,0.998629,0,0.90515,0.56975,54.309,1.140,-1,425.000,-1,400.000,-1,325.000,325.000,300.000,300.000,-1,-1,-1,-1,800.000,775.000,-1,-1,2,0,2,0,2,0,0,0,0,2,2,2,2,0,0,2,2
133,3039.827,-5414.390,192.730,33.708,0.830844,-0.554944,0.041658,0.553800,0.831857,0.036315,-0.054807,-0.007102,0.998472,0,0.82515,0.44975,49.509,0.900,-1,400.000,-1,400.000,-1,325.000,325.000,300.000,300.000,-1,-1,-1,-1,800.000,750.000,-1,-1,2,0,2,0,2,0,0,0,0,2,2,2,2,0,0,2,2
134,3076.731,-5389.152,190.512,34.367,0.824329,-0.564480,0.042949,0.563207,0.825411,0.038666,-0.057276,-0.007684,0.998329,0,0.74515,0.32975,44.709,0.660,-1,400.000,-1,400.000,-1,325.000,325.000,300.000,300.000,-1,-1,-1,-1,775.000,750.000,-1,-1,2,0,2,0,2,0,0,0,0,2,2,2,2,0,0,2,2
135,3109.508,-5366.383,188.259,34.787,0.820116,-0.570509,0.043933,0.569175,0.821257,0.039715,-0.058738,-0.007565,0.998245,0,0.66515,0.20975,39.909,0.420,-1,400.000,-1,400.000,-1,325.000,325.000,300.000,300.000,-1,-1,-1,-1,750.000,750.000,-1,-1,2,0,2,0,2,0,0,0,0,2,2,2,2,0,0,2,2
136,3138.280,-5346.262,186.245,34.966,0.818279,-0.573078,0.044733,0.571685,0.819464,0.040666,-0.059962,-0.007703,0.998171,0,0.58515,0.08975,35.109,0.180,-1,400.000,-1,400.000,-1,325.000,325.000,300.000,300.000,-1,-1,-1,-1,750.000,725.000,-1,-1,2,0,2,0,2,0,0,0,0,2,2,2,2,0,0,2,2
137,3163.136,-5328.918,184.488,34.906,0.818851,-0.572211,0.045372,0.570760,0.820067,0.041524,-0.060968,-0.008105,0.998107,0,0.50515,-0.03025,30.309,-0.060,-1,400.000,-1,400.000,-1,325.000,325.000,300.000,300.000,-1,-1,-1,-1,750.000,725.000,-1,-1,2,0,2,0,2,0,0,0,0,2,2,2,2,0,0,2,2
138,3184.104,-5314.390,183.032,34.715,0.820730,-0.569473,0.045854,0.567980,0.821966,0.042072,-0.061649,-0.008486,0.998062,0,0.42515,-0.09546,25.509,-0.191,-1,400.000,-1,375.000,-1,325.000,325.000,300.000,300.000,-1,-1,-1,-1,725.000,725.000,-1,-1,2,0,2,0,2,0,0,0,0,2,2,2,2,0,0,2,2
