timestep,x_cm,y_cm,z_cm,yaw_deg,basis_xx,basis_xy,basis_xz,basis_yx,basis_yy,basis_yz,basis_zx,basis_zy,basis_zz,teleport_flag,throttle_cmd,steering_cmd,cmd_move_cm,cmd_turn_deg,lidar_cm_0,lidar_cm_1,lidar_cm_2,lidar_cm_3,lidar_cm_4,lidar_cm_5,lidar_cm_6,lidar_cm_7,lidar_cm_8,lidar_cm_9,lidar_cm_10,lidar_cm_11,lidar_cm_12,lidar_cm_13,lidar_cm_14,lidar_cm_15,lidar_cm_16,lidar_class_0,lidar_class_1,lidar_class_2,lidar_class_3,lidar_class_4,lidar_class_5,lidar_class_6,lidar_class_7,lidar_class_8,lidar_class_9,lidar_class_10,lidar_class_11,lidar_class_12,lidar_class_13,lidar_class_14,lidar_class_15,lidar_class_16
0,8850.484,982.530,-261.138,-163.436,-0.958460,0.285087,-0.008895,-0.285052,-0.958499,-0.005010,-0.009954,-0.002267,0.999948,1,0.08000,0.12000,4.800,0.240,800.000,400.000,-1,375.000,-1,325.000,325.000,300.000,300.000,-1,-1,-1,-1,850.000,775.000,-1,-1,1,0,2,0,2,0,0,0,0,2,2,2,2,1,0,2,2
1,8841.305,979.716,-261.219,-162.956,-0.956038,0.293107,-0.008920,-0.293069,-0.956076,-0.005358,-0.010098,-0.002508,0.999946,0,0.16000,0.24000,9.600,0.480,800.000,400.000,-1,375.000,-1,325.000,325.000,300.000,300.000,-1,-1,-1,-1,825.000,775.000,-1,-1,1,0,2,0,2,0,0,0,0,2,2,2,2,1,0,2,2
2,8827.592,975.322,-261.342,-162.236,-0.952279,0.305097,-0.008952,-0.305054,-0.952317,-0.005885,-0.010320,-0.002874,0.999943,0,0.24000,0.36000,14.400,0.720,775.000,400.000,-1,375.000,-1,325.000,325.000,300.000,300.000,-1,-1,-1,-1,825.000,775.000,-1,-1,1,0,2,0,2,0,0,0,0,2,2,2,2,1,0,2,2
3,8809.408,969.159,-261.507,-161.276,-0.947033,0.321010,-0.008983,-0.320959,-0.947070,-0.006598,-0.010625,-0.003365,0.999938,0,0.32000,0.48000,19.200,0.960,750.000,400.000,-1,400.000,-1,325.000,325.000,300.000,300.000,-1,-1,-1,-1,800.000,800.000,-1,-1,1,0,2,0,2,0,0,0,0,2,2,2,2,1,0,2,2
4,8786.845,960.980,-261.717,-160.076,-0.940103,0.340772,-0.009002,-0.340713,-0.940137,-0.007503,-0.011020,-0.003987,0.999931,0,0.40000,0.60000,24.000,1.200,725.000,400.000,-1,400.000,-1,325.000,325.000,300.000,300.000,-1,-1,-1,-1,775.000,800.000,1000.000,-1,1,0,2,0,2,0,0,0,0,2,2,2,2,1,0,1,2
5,8760.024,950.489,-261.975,-158.636,-0.931242,0.364289,-0.008992,-0.364218,-0.931274,-0.008608,-0.011510,-0.004742,0.999923,0,0.48000,0.72000,28.800,1.440,675.000,400.000,-1,400.000,-1,325.000,325.000,300.000,300.000,-1,-1,-1,-1,750.000,800.000,925.000,-1,1,0,2,0,2,0,0,0,0,2,2,2,2,1,0,1,2
6,8729.105,937.336,-262.284,-156.956,-0.920163,0.391433,-0.008931,-0.391348,-0.920189,-0.009921,-0.012101,-0.005634,0.999911,0,0.56000,0.84000,33.600,1.680,625.000,425.000,-1,400.000,-1,325.000,325.000,300.000,300.000,-1,-1,-1,-1,725.000,800.000,850.000,-1,1,0,2,0,2,0,0,0,0,2,2,2,2,1,0,1,2
7,8694.265,921.189,-262.651,-155.134,-0.907257,0.420484,-0.008800,-0.420382,-0.907275,-0.011440,-0.012794,-0.006679,0.999896,0,0.64000,0.91083,38.400,1.822,600.000,425.000,-1,400.000,-1,325.000,325.000,300.000,300.000,-1,-1,-1,-1,700.000,800.000,775.000,-1,1,0,2,0,2,0,0,0,0,2,2,2,2,1,0,1,2
8,8655.668,901.784,-263.189,-153.309,-0.893402,0.449171,-0.008838,-0.449050,-0.893414,-0.012871,-0.013678,-0.007530,0.999878,0,0.72000,0.91279,43.200,1.826,550.000,425.000,-1,400.000,-1,325.000,325.000,300.000,300.000,-1,-1,-1,-1,675.000,825.000,700.000,-1,1,0,2,0,2,0,0,0,0,2,2,2,2,1,0,1,2
9,8613.494,878.865,-264.045,-151.479,-0.878595,0.477472,-0.009598,-0.477329,-0.878613,-0.013971,-0.015104,-0.007693,0.999856,0,0.80000,0.91499,48.000,1.830,500.000,425.000,-1,400.000,-1,325.000,325.000,300.000,300.000,-1,-1,-1,-1,625.000,825.000,625.000,-1,1,0,2,0,2,0,0,0,0,2,2,2,2,1,0,1,2
10,8568.727,852.646,-265.143,-149.644,-0.862839,0.505360,-0.010965,-0.505191,-0.862876,-0.015042,-0.017063,-0.007439,0.999827,0,0.86466,0.91743,51.880,1.835,450.000,400.000,-1,400.000,-1,325.000,325.000,300.000,300.000,-1,-1,-1,-1,600.000,825.000,550.000,-1,1,0,2,0,2,0,0,0,0,2,2,2,2,1,0,1,2
11,8524.846,825.017,-266.305,-147.804,-0.846147,0.532806,-0.012361,-0.532607,-0.846207,-0.016220,-0.019102,-0.007141,0.999792,0,0.86424,0.92000,51.855,1.840,400.000,400.000,-1,400.000,-1,325.000,325.000,300.000,300.000,-1,-1,-1,-1,550.000,825.000,475.000,-1,1,1,2,0,2,0,0,0,0,2,2,2,2,1,0,1,2
12,8478.799,794.061,-267.563,-146.088,-0.829791,0.557908,-0.013614,-0.557672,-0.829873,-0.017689,-0.021167,-0.007086,0.999751,0,0.92475,0.85801,55.485,1.716,350.000,375.000,-1,400.000,-1,325.000,325.000,300.000,300.000,-1,-1,-1,-1,525.000,850.000,425.000,-1,1,1,2,0,2,0,0,1,0,2,2,2,2,1,0,1,2
13,8433.512,761.594,-268.848,-144.363,-0.812607,0.582627,-0.014638,-0.582351,-0.812708,-0.019332,-0.023160,-0.007185,0.999706,0,0.92872,0.86221,55.723,1.724,300.000,350.000,-1,400.000,-1,325.000,325.000,300.000,300.000,-1,-1,-1,-1,475.000,850.000,350.000,-1,1,1,2,0,2,0,0,1,0,2,2,2,2,1,0,1,2
14,8389.042,727.632,-269.377,-142.630,-0.794588,0.606952,-0.015468,-0.606725,-0.794727,-0.017121,-0.022684,-0.004219,0.999734,0,0.93258,0.86661,55.955,1.733,275.000,325.000,-1,400.000,-1,325.000,325.000,275.000,300.000,-1,-1,-1,-1,450.000,875.000,325.000,-1,1,1,2,0,2,1,0,1,0,2,2,2,2,1,0,1,2
15,8345.453,692.193,-268.272,-140.888,-0.775745,0.630833,-0.016390,-0.630825,-0.775899,-0.006339,-0.016716,0.005422,0.999846,0,0.93629,0.87124,56.178,1.742,275.000,325.000,-1,425.000,-1,300.000,350.000,275.000,300.000,-1,-1,-1,-1,450.000,875.000,300.000,-1,1,1,2,0,2,1,0,1,0,2,2,2,2,1,1,1,2
16,8302.809,655.298,-267.056,-139.135,-0.756115,0.654195,-0.017873,-0.654359,-0.756167,0.005009,-0.010238,0.015483,0.999828,0,0.93983,0.87614,56.390,1.752,250.000,300.000,-1,425.000,-1,300.000,350.000,300.000,300.000,-1,-1,-1,-1,450.000,875.000,300.000,-1,1,1,2,0,2,1,1,1,0,2,2,2,2,1,1,1,2
17,8261.176,616.974,-265.730,-137.373,-0.735713,0.676999,-0.019976,-0.677286,-0.735526,0.016893,-0.003257,0.025958,0.999658,0,0.94313,0.88137,56.588,1.763,250.000,300.000,-1,425.000,-1,300.000,325.000,300.000,275.000,-1,-1,-1,-1,450.000,900.000,300.000,-1,1,1,2,1,2,1,1,1,0,2,2,2,2,1,1,1,2
18,8220.620,577.251,-264.455,-135.599,-0.714555,0.699210,-0.022730,-0.699567,-0.713978,0.029003,0.004051,0.036625,0.999321,0,0.94614,0.88697,56.768,1.774,250.000,300.000,-1,400.000,-1,275.000,325.000,300.000,275.000,-1,-1,500.000,-1,425.000,975.000,300.000,-1,1,1,2,1,2,1,1,1,0,2,2,0,2,1,1,1,2
19,8181.214,536.166,-263.406,-133.813,-0.692677,0.720769,-0.026279,-0.721145,-0.691500,0.042160,0.012216,0.048154,0.998765,0,0.94880,0.89301,56.928,1.786,250.000,300.000,-1,400.000,-1,275.000,300.000,300.000,275.000,-1,450.000,200.000,-1,425.000,-1,275.000,-1,1,1,2,1,2,1,1,1,0,2,0,0,2,1,2,1,2
20,8143.029,493.763,-262.443,-132.014,-0.670097,0.741641,-0.030657,-0.741979,-0.668095,0.055824,0.020920,0.060154,0.997970,0,0.95104,0.89956,57.062,1.799,250.000,300.000,-1,375.000,-1,275.000,300.000,300.000,275.000,-1,325.000,150.000,975.000,425.000,-1,275.000,-1,1,1,2,1,2,1,1,1,0,2,0,0,0,1,2,1,2
21,8106.142,450.093,-261.542,-130.200,-0.646837,0.761782,-0.035908,-0.762035,-0.643760,0.069826,0.030076,0.072530,0.996913,0,0.95275,0.90671,57.165,1.813,250.000,275.000,-1,350.000,-1,250.000,275.000,300.000,275.000,-1,275.000,100.000,725.000,425.000,-1,275.000,-1,1,1,2,1,2,1,1,1,0,2,0,0,0,1,2,1,2
22,8070.624,405.219,-259.022,-128.371,-0.622880,0.781559,-0.034420,-0.781077,-0.618815,0.083589,0.044030,0.078951,0.995906,0,0.95382,0.91454,57.229,1.829,275.000,275.000,-1,350.000,-1,250.000,275.000,300.000,275.000,-1,225.000,75.000,600.000,425.000,-1,300.000,-1,1,1,2,1,2,1,1,1,0,2,0,0,0,1,2,1,2
23,-5575.420,2951.706,-197.488,12.706,0.973630,-0.219862,0.060869,0.217489,0.975103,0.043281,-0.068869,-0.028901,0.997207,1,0.00000,0.00000,57.248,1.846,-1,375.000,-1,375.000,-1,300.000,300.000,325.000,300.000,-1,-1,-1,-1,650.000,675.000,-1,-1,2,0,2,0,2,0,0,0,0,2,2,2,2,0,0,2,2
24,-5570.742,2952.781,-197.816,12.946,0.972708,-0.223947,0.060719,0.221587,0.974181,0.043240,-0.068835,-0.028606,0.997218,0,0.08000,0.12000,4.800,0.240,-1,375.000,-1,375.000,-1,300.000,300.000,325.000,300.000,-1,-1,-1,-1,650.000,675.000,-1,-1,2,0,2,0,2,0,0,0,0,2,2,2,2,0,0,2,2
25,-5561.405,2955.010,-198.473,13.426,0.970813,-0.232104,0.060419,0.229771,0.972287,0.043158,-0.068761,-0.028016,0.997240,0,0.16000,0.24000,9.600,0.480,-1,375.000,-1,375.000,-1,300.000,300.000,325.000,300.000,-1,-1,-1,-1,650.000,675.000,-1,-1,2,0,2,0,2,0,0,0,0,2,2,2,2,0,0,2,2
26,-5547.441,2958.529,-199.463,14.146,0.967841,-0.244310,0.059966,0.242016,0.969318,0.043028,-0.068638,-0.027132,0.997273,0,0.24000,0.36000,14.400,0.720,-1,375.000,-1,375.000,-1,300.000,300.000,325.000,300.000,-1,-1,-1,-1,650.000,675.000,-1,-1,2,0,2,0,2,0,0,0,0,2,2,2,2,0,0,2,2
27,-5528.885,2963.457,-200.786,14.873,0.964698,-0.256585,0.059348,0.254340,0.966166,0.042836,-0.068331,-0.026230,0.997318,0,0.32000,0.36321,19.200,0.726,-1,375.000,-1,375.000,-1,300.000,300.000,325.000,300.000,-1,950.000,-1,-1,650.000,675.000,-1,-1,2,0,2,0,2,0,0,0,0,2,0,2,2,0,0,2,2
28,-5505.768,2969.908,-202.443,15.593,0.961438,-0.268716,0.058561,0.266528,0.962886,0.042575,-0.067828,-0.025325,0.997376,0,0.40000,0.36012,24.000,0.720,-1,375.000,-1,375.000,-1,300.000,300.000,325.000,300.000,-1,875.000,-1,-1,650.000,650.000,-1,1000.000,2,0,2,0,2,0,0,0,0,2,0,2,2,0,0,2,1
29,-5478.127,2977.993,-204.436,16.306,0.958072,-0.280677,0.057599,0.278553,0.959492,0.042237,-0.067121,-0.024422,0.997446,0,0.48000,0.35631,28.800,0.713,-1,375.000,-1,375.000,-1,300.000,300.000,325.000,300.000,-1,775.000,975.000,-1,650.000,650.000,-1,975.000,2,0,2,0,2,0,0,0,0,2,0,0,2,0,0,2,1
30,-5445.996,2987.821,-206.765,17.009,0.954616,-0.292441,0.056456,0.290390,0.955994,0.041816,-0.066200,-0.023524,0.997529,0,0.56000,0.35168,33.600,0.703,-1,375.000,-1,375.000,1000.000,300.000,300.000,325.000,300.000,-1,700.000,825.000,-1,625.000,650.000,1000.000,950.000,2,0,2,0,1,0,0,0,0,2,0,0,2,0,0,0,1
31,-5409.415,2999.497,-209.428,17.701,0.951084,-0.303975,0.055123,0.302006,0.952411,0.041302,-0.065054,-0.022634,0.997625,0,0.64000,0.34612,38.400,0.692,-1,375.000,-1,375.000,950.000,300.000,300.000,325.000,300.000,-1,625.000,700.000,-1,625.000,650.000,1000.000,900.000,2,0,2,0,1,0,0,0,0,2,0,0,2,0,0,0,1
32,-5368.419,3013.118,-212.425,18.380,0.947495,-0.315247,0.053589,0.313367,0.948760,0.040685,-0.063669,-0.021756,0.997734,0,0.72000,0.33952,43.200,0.679,-1,375.000,-1,375.000,900.000,300.000,300.000,325.000,300.000,-1,550.000,600.000,-1,625.000,650.000,975.000,875.000,2,0,2,0,1,0,0,0,0,2,0,0,2,0,0,0,1
33,-5323.046,3028.780,-215.638,19.044,0.943863,-0.326215,0.052026,0.324396,0.945055,0.040472,-0.062370,-0.021323,0.997825,0,0.80000,0.33172,48.000,0.663,975.000,375.000,-1,350.000,850.000,300.000,300.000,325.000,300.000,-1,525.000,575.000,-1,625.000,650.000,950.000,825.000,0,0,2,0,1,0,0,0,0,2,0,0,2,0,0,0,1
34,-5275.067,3045.948,-218.702,19.689,0.940270,-0.336829,0.049393,0.335034,0.941304,0.041226,-0.060379,-0.022215,0.997928,0,0.84931,0.32257,50.959,0.645,950.000,350.000,-1,350.000,800.000,300.000,300.000,325.000,325.000,-1,475.000,525.000,-1,600.000,650.000,925.000,775.000,0,0,2,0,1,0,0,0,0,2,0,0,2,0,0,0,1
35,-5226.610,3063.886,-221.652,20.313,0.936713,-0.347055,0.046067,0.345283,0.937545,0.042306,-0.057873,-0.023723,0.998042,0,0.86118,0.31221,51.671,0.624,925.000,350.000,-1,350.000,750.000,300.000,300.000,325.000,325.000,-1,425.000,475.000,-1,600.000,650.000,900.000,725.000,0,0,2,0,1,0,0,0,0,2,0,0,2,0,1,0,1
36,-5177.698,3082.579,-224.621,20.915,0.933177,-0.356870,0.042721,0.355132,0.933813,0.043294,-0.055343,-0.025229,0.998149,0,0.87271,0.30091,52.362,0.602,900.000,350.000,-1,350.000,700.000,300.000,300.000,300.000,325.000,-1,375.000,450.000,-1,600.000,625.000,875.000,700.000,0,0,2,0,1,0,0,0,0,2,0,0,2,0,1,0,1
37,-5128.356,3102.008,-227.303,21.492,0.929631,-0.366256,0.040519,0.364567,0.930159,0.043523,-0.053629,-0.025688,0.998230,0,0.88383,0.28864,53.030,0.577,875.000,350.000,-1,350.000,650.000,300.000,300.000,300.000,325.000,-1,400.000,450.000,-1,575.000,600.000,850.000,650.000,0,0,2,0,1,0,0,0,0,2,0,0,2,0,1,0,1
38,-5078.612,3122.149,-229.498,22.043,0.926189,-0.375192,0.037473,0.373695,0.926628,0.041390,-0.050253,-0.024331,0.998440,0,0.89447,0.27533,53.668,0.551,875.000,350.000,-1,350.000,600.000,300.000,300.000,300.000,325.000,-1,400.000,450.000,-1,575.000,575.000,875.000,600.000,0,0,2,0,1,0,0,0,0,2,0,0,2,0,1,0,1
39,-5028.495,3142.974,-231.588,22.565,0.922853,-0.383631,0.034208,0.382338,0.923206,0.038834,-0.046479,-0.022759,0.998660,0,0.90453,0.26094,54.272,0.522,900.000,350.000,-1,350.000,575.000,300.000,300.000,300.000,325.000,-1,375.000,425.000,-1,600.000,550.000,875.000,575.000,0,0,2,0,1,0,0,0,0,2,0,0,2,0,1,0,1
40,-4978.040,3164.448,-233.628,23.056,0.919646,-0.391539,0.030814,0.390442,0.919917,0.036163,-0.042506,-0.021226,0.998871,0,0.91392,0.24542,54.835,0.491,950.000,350.000,-1,375.000,525.000,300.000,300.000,300.000,325.000,-1,375.000,400.000,-1,600.000,525.000,900.000,525.000,1,0,2,0,1,0,0,0,0,2,0,0,2,0,1,0,1
41,-4927.284,3186.530,-235.613,23.513,0.916596,-0.398883,0.027291,0.397973,0.916790,0.033377,-0.038333,-0.019732,0.999070,0,0.92253,0.22871,55.352,0.457,925.000,350.000,-1,375.000,475.000,300.000,300.000,325.000,325.000,-1,375.000,375.000,-1,600.000,500.000,925.000,500.000,1,0,2,1,1,0,0,0,0,2,0,0,2,0,1,0,1
42,-4876.269,3209.173,-237.536,23.935,0.913733,-0.405628,0.023636,0.404894,0.913856,0.030476,-0.033962,-0.018276,0.999256,0,0.93024,0.21076,55.815,0.422,900.000,350.000,-1,350.000,425.000,300.000,300.000,325.000,325.000,-1,350.000,325.000,-1,600.000,475.000,950.000,450.000,1,0,2,1,1,0,0,0,0,2,0,0,2,0,1,0,1
43,-4825.041,3232.322,-239.364,24.318,0.911086,-0.411739,0.019816,0.411173,0.911148,0.027327,-0.029307,-0.016749,0.999430,0,0.93693,0.19152,56.216,0.383,900.000,350.000,-1,325.000,400.000,300.000,300.000,325.000,325.000,-1,300.000,275.000,-1,600.000,475.000,975.000,425.000,1,0,2,1,1,0,1,0,0,2,0,0,2,0,1,0,1
44,-4773.651,3255.914,-241.017,24.660,0.908687,-0.417181,0.015737,0.416780,0.908702,0.023549,-0.024124,-0.014840,0.999599,0,0.94245,0.17093,56.547,0.342,875.000,350.000,-1,325.000,350.000,300.000,300.000,325.000,325.000,-1,275.000,250.000,-1,600.000,450.000,-1,375.000,1,0,2,1,1,1,1,0,0,2,0,0,2,0,1,2,1
45,-4722.156,3279.880,-242.531,24.958,0.906563,-0.421909,0.011657,0.421639,0.906540,0.020173,-0.019079,-0.013373,0.999729,0,0.94666,0.14896,56.799,0.298,875.000,350.000,-1,300.000,300.000,300.000,275.000,325.000,325.000,-1,250.000,225.000,-1,625.000,450.000,-1,350.000,1,0,2,1,1,1,1,0,0,2,0,0,2,0,1,2,1
46,-4670.618,3304.141,-243.635,25.209,0.904746,-0.425879,0.007863,0.425688,0.904682,0.018433,-0.014964,-0.013329,0.999799,0,0.94939,0.12557,56.963,0.251,850.000,350.000,-1,300.000,275.000,300.000,275.000,325.000,325.000,-1,250.000,250.000,-1,625.000,450.000,-1,300.000,1,0,2,1,1,0,1,0,0,2,0,0,2,0,1,2,1
47,-4619.106,3328.614,-242.038,25.410,0.903284,-0.428979,-0.007404,0.429033,0.903015,0.022244,-0.002857,-0.023269,0.999725,0,0.95050,0.10073,57.030,0.201,850.000,375.000,-1,325.000,275.000,325.000,300.000,300.000,350.000,-1,200.000,225.000,-1,650.000,500.000,-1,325.000,1,0,2,1,1,0,1,0,0,2,0,0,2,0,1,2,1
48,-4571.694,3351.589,-240.350,25.852,0.899768,-0.435804,-0.022174,0.436283,0.899436,0.025936,0.008641,-0.033011,0.999418,0,0.87809,0.22073,52.686,0.441,875.000,400.000,-1,325.000,300.000,325.000,325.000,300.000,375.000,-1,175.000,200.000,-1,700.000,575.000,-1,375.000,1,0,2,1,1,0,1,0,0,2,0,0,2,0,1,2,1
49,-4524.763,3375.025,-239.023,26.533,0.894175,-0.446335,-0.035157,0.447327,0.893917,0.028488,0.018712,-0.041200,0.998976,0,0.87428,0.34073,52.457,0.681,875.000,400.000,-1,375.000,300.000,350.000,350.000,300.000,350.000,950.000,150.000,200.000,-1,725.000,700.000,-1,450.000,1,0,2,1,1,0,1,0,1,0,0,0,2,0,1,2,1
50,-4478.604,3399.009,-237.735,27.455,0.886526,-0.460555,-0.044281,0.461951,0.886434,0.028900,0.025943,-0.046076,0.998601,0,0.86695,0.46073,52.017,0.921,875.000,400.000,-1,400.000,325.000,350.000,350.000,275.000,325.000,900.000,175.000,225.000,-1,750.000,925.000,-1,-1,1,0,2,1,1,0,0,0,1,0,0,0,2,0,1,2,2
51,-4433.536,3423.598,-236.789,28.616,0.876709,-0.478376,-0.050375,0.480024,0.876820,0.027643,0.030946,-0.048416,0.998348,0,0.85567,0.58073,51.340,1.161,900.000,425.000,-1,425.000,350.000,350.000,375.000,275.000,300.000,875.000,150.000,200.000,-1,775.000,1000.000,-1,-1,1,0,2,1,1,0,0,0,1,0,0,0,2,0,0,2,2
52,-4389.766,3448.597,-236.212,29.733,0.866991,-0.495367,-0.054196,0.497119,0.867322,0.025000,0.034621,-0.048616,0.998217,0,0.84008,0.55832,50.405,1.117,900.000,425.000,-1,475.000,425.000,350.000,375.000,275.000,250.000,875.000,150.000,200.000,-1,775.000,-1,-1,-1,1,0,2,0,1,0,0,0,1,0,0,0,2,0,2,2,2
53,-4347.403,3473.822,-236.004,30.773,0.857722,-0.511077,-0.055792,0.512784,0.858251,0.021392,0.036951,-0.046958,0.998213,0,0.82176,0.52028,49.305,1.041,975.000,425.000,-1,475.000,-1,350.000,375.000,275.000,225.000,875.000,150.000,200.000,-1,800.000,-1,-1,-1,1,0,2,0,2,0,0,0,1,0,0,0,2,1,2,2,2
54,-4306.519,3499.108,-236.184,31.738,0.848981,-0.525528,-0.055247,0.527067,0.849648,0.017291,0.037854,-0.043799,0.998323,0,0.80120,0.48229,48.072,0.965,-1,425.000,-1,475.000,-1,350.000,375.000,275.000,225.000,900.000,150.000,200.000,-1,800.000,1000.000,-1,-1,2,0,2,0,2,0,0,0,1,0,0,0,2,0,0,2,2
55,-4267.163,3524.302,-236.713,32.627,0.840809,-0.538758,-0.052726,0.540035,0.841544,0.012861,0.037443,-0.039287,0.998526,0,0.77882,0.44482,46.729,0.890,-1,425.000,-1,450.000,-1,350.000,350.000,300.000,200.000,975.000,150.000,200.000,-1,775.000,975.000,-1,-1,2,0,2,0,2,0,0,0,1,0,0,0,2,0,0,2,2
56,-4229.382,3549.308,-237.581,33.502,0.832674,-0.551655,-0.048282,0.552609,0.833401,0.008156,0.035739,-0.033472,0.998800,0,0.75511,0.43721,45.307,0.874,-1,400.000,-1,450.000,-1,350.000,350.000,300.000,175.000,-1,175.000,225.000,-1,775.000,925.000,-1,-1,2,0,2,0,2,0,0,0,1,2,0,0,2,0,0,2,2
57,-4193.217,3574.038,-238.713,34.367,0.824514,-0.564296,-0.041806,0.564898,0.825155,0.003222,0.032678,-0.026273,0.999121,0,0.73020,0.43253,43.812,0.865,-1,400.000,-1,425.000,-1,325.000,350.000,300.000,150.000,-1,200.000,225.000,-1,750.000,875.000,-1,-1,2,0,2,0,2,0,0,0,1,2,0,0,2,0,0,2,2
58,-4158.683,3598.420,-240.087,35.225,0.816269,-0.576701,-0.033461,0.576974,0.816760,-0.001810,0.028374,-0.017829,0.999438,0,0.70457,0.42919,42.274,0.858,-1,400.000,-1,400.000,-1,325.000,325.000,300.000,150.000,-1,250.000,250.000,-1,725.000,800.000,-1,-1,2,0,2,0,2,0,0,0,1,2,0,0,2,0,0,2,2
59,-4125.772,3622.401,-239.563,36.080,0.807826,-0.588828,-0.026434,0.589058,0.808090,0.001142,0.020689,-0.016494,0.999650,0,0.67870,0.42713,40.722,0.854,-1,375.000,-1,375.000,-1,300.000,300.000,300.000,150.000,-1,400.000,400.000,-1,700.000,750.000,-1,-1,2,0,2,0,2,0,0,0,1,2,0,0,2,0,0,2,2
60,-4094.452,3645.946,-236.696,36.932,0.799018,-0.600694,-0.027148,0.601096,0.799119,0.009592,0.015933,-0.023982,0.999585,0,0.65306,0.42623,39.183,0.852,675.000,375.000,-1,400.000,-1,300.000,300.000,300.000,150.000,-1,550.000,575.000,-1,675.000,750.000,-1,-1,1,0,2,0,2,0,0,0,1,2,0,0,2,0,0,2,2
61,-4064.673,3669.035,-234.172,37.785,0.790036,-0.612415,-0.028106,0.612942,0.789954,0.016583,0.012047,-0.030328,0.999467,0,0.62802,0.42639,37.681,0.853,575.000,375.000,-1,400.000,-1,300.000,300.000,300.000,175.000,-1,700.000,750.000,-1,650.000,750.000,-1,-1,1,0,2,0,2,0,0,0,1,2,0,0,2,0,0,2,2
62,-4036.372,3691.663,-231.968,38.640,0.780856,-0.624026,-0.029245,0.624647,0.780591,0.022222,0.008961,-0.035620,0.999325,0,0.60391,0.42751,36.235,0.855,525.000,350.000,-1,400.000,-1,300.000,300.000,300.000,175.000,-1,825.000,875.000,-1,625.000,725.000,-1,-1,1,0,2,0,2,0,0,0,1,2,0,0,2,0,0,2,2
63,-4009.476,3713.836,-230.080,39.499,0.771456,-0.635556,-0.030408,0.636250,0.771025,0.026592,0.006544,-0.039862,0.999184,0,0.58096,0.42948,34.858,0.859,475.000,350.000,-1,400.000,-1,300.000,300.000,300.000,200.000,-1,900.000,1000.000,-1,625.000,725.000,-1,-1,1,0,2,0,2,0,0,0,1,2,0,0,2,0,0,2,2
64,-3983.906,3735.571,-228.555,40.363,0.761821,-0.647034,-0.031233,0.647772,0.761254,0.029734,0.004538,-0.042884,0.999070,0,0.55933,0.43219,33.560,0.864,450.000,350.000,-1,400.000,-1,300.000,300.000,275.000,200.000,-1,1000.000,-1,-1,600.000,725.000,-1,-1,1,1,2,0,2,0,0,0,1,2,0,2,2,0,0,2,2
65,-3959.582,3756.893,-227.269,41.234,0.751922,-0.658467,-0.032149,0.659244,0.751255,0.031838,0.003188,-0.045134,0.998976,0,0.53910,0.43555,32.346,0.871,425.000,350.000,-1,375.000,-1,300.000,300.000,275.000,225.000,-1,-1,-1,-1,600.000,725.000,1000.000,-1,1,0,2,0,2,0,0,0,1,2,2,2,2,0,0,0,2
66,-3936.423,3777.830,-226.206,42.113,0.741743,-0.669867,-0.033112,0.670680,0.741013,0.032981,0.002444,-0.046670,0.998907,0,0.52033,0.43947,31.220,0.879,425.000,350.000,-1,375.000,-1,300.000,300.000,275.000,225.000,-1,-1,-1,-1,600.000,725.000,950.000,-1,1,0,2,0,2,0,0,0,1,2,2,2,2,0,0,0,2
67,-3914.351,3798.414,-225.350,43.001,0.731267,-0.681239,-0.034081,0.682087,0.730515,0.033229,0.002260,-0.047545,0.998867,0,0.50302,0.44388,30.181,0.888,400.000,350.000,-1,375.000,-1,300.000,300.000,275.000,250.000,-1,-1,-1,-1,600.000,725.000,950.000,-1,1,0,2,0,2,0,0,0,1,2,2,2,2,0,0,0,2
68,-3895.986,3815.933,-224.792,43.649,0.723496,-0.689452,-0.034784,0.690323,0.722764,0.032638,0.002639,-0.047626,0.998862,0,0.42302,0.32388,25.381,0.648,400.000,350.000,-1,375.000,-1,300.000,300.000,275.000,250.000,-1,-1,-1,475.000,600.000,700.000,925.000,-1,1,0,2,0,2,0,0,0,1,2,2,2,1,0,0,0,2
69,-3881.195,3830.244,-224.455,44.056,0.718541,-0.694592,-0.035220,0.695476,0.717854,0.031591,0.003339,-0.047194,0.998880,0,0.34302,0.20388,20.581,0.408,400.000,350.000,-1,375.000,-1,300.000,300.000,275.000,275.000,-1,-1,-1,450.000,600.000,700.000,950.000,-1,1,0,2,0,2,0,0,0,1,2,2,2,1,0,0,0,2
70,-3869.885,3841.251,-224.279,44.224,0.716474,-0.696714,-0.035406,0.697601,0.715841,0.030394,0.004169,-0.046476,0.998911,0,0.26302,0.08388,15.781,0.168,425.000,350.000,-1,375.000,-1,300.000,300.000,275.000,275.000,-1,-1,-1,425.000,600.000,700.000,950.000,-1,1,0,2,0,2,0,0,0,1,2,2,2,1,0,0,0,2
71,-3862.005,3848.899,-224.085,44.152,0.717313,-0.695856,-0.035302,0.696729,0.716765,0.028565,0.005426,-0.045086,0.998968,0,0.18302,-0.03612,10.981,-0.072,450.000,350.000,-1,375.000,-1,300.000,300.000,275.000,275.000,-1,-1,-1,425.000,600.000,725.000,975.000,-1,1,0,2,0,2,0,0,0,1,2,2,2,1,0,0,0,2
72,-3857.546,3853.180,-224.024,43.840,0.721069,-0.691978,-0.035021,0.692833,0.720586,0.027150,0.006449,-0.043841,0.999018,0,0.10302,-0.15612,6.181,-0.312,475.000,350.000,-1,400.000,-1,300.000,300.000,275.000,275.000,-1,-1,-1,425.000,600.000,725.000,1000.000,-1,1,0,2,0,2,0,0,0,1,2,2,2,1,0,0,0,2
73,-3856.540,3854.127,-224.132,43.288,0.727696,-0.685027,-0.034598,0.685864,0.727250,0.026424,0.007060,-0.042958,0.999052,0,0.02302,-0.27612,1.381,-0.552,550.000,350.000,-1,400.000,-1,300.000,300.000,275.000,275.000,-1,-1,-1,425.000,600.000,725.000,1000.000,-1,1,0,2,0,2,0,0,1,1,2,2,2,1,0,0,0,2
74,-3859.061,3851.818,-224.412,42.495,0.737104,-0.674922,-0.034019,0.675740,0.736671,0.026310,0.007304,-0.042381,0.999075,0,-0.05698,-0.39612,-3.419,-0.792,925.000,350.000,-1,400.000,-1,300.000,300.000,275.000,275.000,-1,-1,-1,450.000,600.000,725.000,-1,-1,0,0,2,0,2,0,0,1,1,2,2,2,1,0,0,2,2
75,-3865.219,3846.376,-224.887,41.463,0.749161,-0.661552,-0.033261,0.662348,0.748722,0.026666,0.007263,-0.042007,0.999091,0,-0.13698,-0.51612,-8.219,-1.032,900.000,350.000,-1,375.000,-1,300.000,300.000,275.000,275.000,-1,-1,-1,475.000,600.000,725.000,1000.000,-1,0,0,2,0,2,0,0,1,1,2,2,2,1,0,0,0,2
76,-3875.164,3837.974,-225.380,40.191,0.763672,-0.644798,-0.032274,0.645558,0.763264,0.026143,0.007777,-0.040799,0.999137,0,-0.21698,-0.63612,-13.019,-1.272,925.000,350.000,-1,400.000,-1,300.000,300.000,275.000,250.000,-1,-1,-1,575.000,600.000,725.000,-1,-1,0,0,2,0,2,0,0,1,1,2,2,2,1,0,0,2,2
77,-3889.073,3826.838,-226.080,38.679,0.780426,-0.624472,-0.031138,0.625189,0.780067,0.025181,0.008564,-0.039119,0.999198,0,-0.29698,-0.75612,-17.819,-1.512,950.000,350.000,-1,400.000,-1,300.000,300.000,300.000,250.000,-1,-1,-1,-1,625.000,725.000,-1,-1,0,0,2,0,2,0,0,1,1,2,2,2,2,0,0,2,2
78,-3907.154,3813.248,-227.058,36.926,0.799154,-0.600381,-0.029929,0.601047,0.798868,0.023510,0.009794,-0.036776,0.999276,0,-0.37698,-0.87612,-22.619,-1.752,975.000,350.000,-1,400.000,-1,300.000,300.000,300.000,225.000,-1,-1,-1,-1,625.000,725.000,-1,-1,0,0,2,0,2,0,0,1,1,2,2,2,2,0,0,2,2
79,-3929.631,3797.546,-228.381,34.934,0.819531,-0.572312,-0.028780,0.572916,0.819350,0.020795,0.011679,-0.033531,0.999369,0,-0.45698,-0.99612,-27.419,-1.992,-1,350.000,-1,400.000,-1,300.000,300.000,300.000,200.000,-1,950.000,1000.000,-1,625.000,750.000,-1,-1,2,0,2,0,2,0,0,1,1,2,0,0,2,0,0,2,2
80,-3956.671,3780.028,-230.048,32.934,0.838984,-0.543437,-0.027964,0.543971,0.838931,0.017059,0.014189,-0.029524,0.999463,0,-0.53698,-1.00000,-32.219,-2.000,-1,350.000,-1,400.000,-1,300.000,325.000,300.000,200.000,-1,875.000,925.000,-1,650.000,750.000,-1,-1,2,0,2,0,2,0,0,1,1,2,0,0,2,0,0,2,2
81,-3986.188,3762.337,-231.999,30.934,0.857408,-0.513894,-0.027631,0.514343,0.857497,0.012255,0.017396,-0.024720,0.999543,0,-0.57355,-1.00000,-34.413,-2.000,-1,375.000,-1,400.000,-1,300.000,325.000,300.000,175.000,-1,775.000,800.000,-1,650.000,750.000,-1,-1,2,0,2,0,2,0,0,0,1,2,0,0,2,0,0,2,2
82,-4014.815,3746.510,-234.073,28.934,0.874786,-0.483713,-0.027761,0.484052,0.875014,0.006721,0.021040,-0.019317,0.999592,0,-0.54519,-1.00000,-32.711,-2.000,-1,375.000,-1,400.000,-1,300.000,325.000,300.000,175.000,-1,700.000,675.000,-1,675.000,775.000,-1,-1,2,0,2,0,2,0,0,0,1,2,0,0,2,0,0,2,2
83,-4042.470,3732.458,-236.326,26.934,0.891111,-0.452926,-0.027907,0.453115,0.891452,0.000512,0.024646,-0.013101,0.999610,0,-0.51701,-1.00000,-31.020,-2.000,-1,375.000,-1,400.000,-1,300.000,325.000,300.000,175.000,-1,600.000,525.000,-1,700.000,775.000,-1,-1,2,0,2,0,2,0,0,0,1,2,0,0,2,0,0,2,2
84,-4069.099,3720.077,-238.593,24.934,0.906347,-0.421566,-0.028604,0.421577,0.906773,-0.005920,0.028433,-0.006693,0.999573,0,-0.48945,-1.00000,-29.367,-2.000,-1,375.000,-1,400.000,-1,325.000,325.000,325.000,175.000,-1,475.000,400.000,-1,725.000,775.000,-1,-1,2,0,2,0,2,0,0,0,1,2,0,0,2,0,0,2,2
85,-4094.675,3709.256,-239.488,22.934,0.920527,-0.389667,-0.028117,0.389651,0.920941,-0.006265,0.028335,-0.005189,0.999585,0,-0.46285,-1.00000,-27.771,-2.000,-1,375.000,-1,400.000,-1,325.000,325.000,325.000,175.000,-1,475.000,375.000,-1,725.000,800.000,-1,-1,2,0,2,0,2,0,0,0,1,2,0,0,2,0,0,2,2
86,-4119.190,3699.877,-238.376,20.934,0.933381,-0.357272,-0.034008,0.357440,0.933935,-0.001219,0.032196,-0.011018,0.999421,0,-0.43747,-1.00000,-26.248,-2.000,-1,400.000,-1,425.000,850.000,325.000,325.000,300.000,175.000,-1,425.000,350.000,-1,750.000,850.000,-1,-1,2,0,2,0,1,0,0,0,1,2,0,0,2,0,0,2,2
87,-4142.657,3691.828,-237.312,18.934,0.945091,-0.324436,-0.039301,0.324832,0.945763,0.003992,0.035874,-0.016539,0.999219,0,-0.41348,-1.00000,-24.809,-2.000,-1,400.000,-1,425.000,675.000,325.000,350.000,300.000,200.000,-1,400.000,350.000,-1,775.000,900.000,-1,-1,2,0,2,0,1,0,0,0,1,2,0,0,2,0,0,2,2
88,-4165.098,3684.996,-236.493,16.934,0.955682,-0.291207,-0.043244,0.291832,0.956429,0.008793,0.038799,-0.021023,0.999026,0,-0.39098,-1.00000,-23.459,-2.000,-1,400.000,-1,450.000,525.000,350.000,350.000,300.000,200.000,-1,375.000,350.000,-1,775.000,975.000,-1,-1,2,0,2,0,1,0,0,0,1,2,0,0,2,0,0,2,2
89,-4186.549,3679.275,-235.897,14.934,0.965148,-0.257630,-0.046006,0.258465,0.965931,0.013134,0.041055,-0.024567,0.998855,0,-0.37001,-1.00000,-22.201,-2.000,-1,425.000,-1,450.000,400.000,350.000,350.000,300.000,225.000,-1,375.000,350.000,-1,800.000,1000.000,-1,-1,2,0,2,0,1,0,0,0,1,2,0,0,2,0,1,2,2
90,-4207.049,3674.567,-235.503,12.934,0.973477,-0.223747,-0.047741,0.224760,0.974266,0.016974,0.042714,-0.027254,0.998716,0,-0.35057,-1.00000,-21.034,-2.000,-1,425.000,-1,475.000,325.000,350.000,375.000,300.000,250.000,-1,375.000,350.000,-1,800.000,925.000,-1,-1,2,0,2,0,1,0,0,0,1,2,0,0,2,0,1,2,2
91,-4226.645,3670.782,-235.292,10.934,0.980659,-0.189599,-0.048591,0.190753,0.981428,0.020286,0.043842,-0.029163,0.998613,0,-0.33264,-1.00000,-19.958,-2.000,-1,425.000,-1,450.000,300.000,350.000,375.000,300.000,250.000,975.000,375.000,350.000,-1,825.000,850.000,-1,-1,2,0,2,1,1,0,0,0,1,1,0,0,2,0,1,2,2
92,-4241.611,3668.376,-235.182,9.134,0.986121,-0.158679,-0.048847,0.159929,0.986865,0.022810,0.044586,-0.030305,0.998546,0,-0.25264,-0.89980,-15.158,-1.800,-1,425.000,-1,425.000,300.000,350.000,375.000,300.000,275.000,900.000,375.000,375.000,-1,825.000,775.000,-1,-1,2,0,2,1,1,0,0,0,1,1,0,0,2,0,1,2,2
93,-4251.883,3667.045,-235.053,7.380,0.990517,-0.128379,-0.048929,0.129705,0.991239,0.024955,0.045296,-0.031065,0.998490,0,-0.17264,-0.87749,-10.358,-1.755,-1,425.000,-1,425.000,300.000,350.000,375.000,300.000,300.000,850.000,350.000,375.000,-1,825.000,725.000,-1,825.000,2,0,2,1,1,0,0,0,1,1,0,0,2,0,1,2,1
94,-4257.414,3666.497,-234.848,5.663,0.993916,-0.098621,-0.049044,0.100018,0.994622,0.026907,0.046127,-0.031648,0.998434,0,-0.09264,-0.85846,-5.558,-1.717,-1,425.000,-1,400.000,300.000,350.000,375.000,300.000,300.000,800.000,350.000,375.000,-1,850.000,675.000,-1,425.000,2,0,2,1,1,0,0,0,1,1,0,0,2,0,1,2,1
95,-4258.170,3666.444,-234.519,3.978,0.996373,-0.069329,-0.049345,0.070807,0.997073,0.028844,0.047201,-0.032234,0.998365,0,-0.01264,-0.84252,-0.758,-1.685,-1,425.000,-1,375.000,275.000,375.000,375.000,275.000,325.000,750.000,325.000,375.000,-1,850.000,650.000,-1,375.000,2,0,2,1,1,0,0,0,1,1,0,0,2,0,1,2,1
96,-4255.326,3666.560,-234.078,2.319,0.997940,-0.040433,-0.049819,0.042002,0.998641,0.030870,0.048503,-0.032898,0.998281,0,0.04745,-0.82951,2.847,-1.659,-1,425.000,-1,375.000,275.000,375.000,375.000,275.000,325.000,700.000,325.000,375.000,-1,850.000,600.000,-1,350.000,2,0,2,1,1,0,0,0,1,1,0,0,2,0,1,2,1
97,-4251.993,3666.599,-233.645,0.681,0.998669,-0.011883,-0.050182,0.013543,0.999368,0.032869,0.049760,-0.033504,0.998199,0,0.05555,-0.81863,3.333,-1.637,-1,450.000,-1,350.000,275.000,375.000,375.000,275.000,350.000,675.000,300.000,400.000,-1,875.000,575.000,-1,350.000,2,0,2,1,1,0,1,0,1,1,0,0,2,0,1,2,1
98,-4248.191,3666.537,-233.219,-0.935,0.998594,0.016309,-0.050447,-0.014559,0.999287,0.034849,0.050980,-0.034065,0.998119,0,0.06337,-0.80813,3.802,-1.616,-1,450.000,-1,350.000,275.000,375.000,375.000,275.000,375.000,625.000,300.000,375.000,-1,875.000,550.000,-1,325.000,2,0,2,1,1,0,1,0,1,1,0,0,2,0,1,2,1
99,-4243.938,3666.349,-232.795,-2.531,0.997742,0.044133,-0.050623,-0.042296,0.998427,0.036818,0.052168,-0.034593,0.998039,0,0.07095,-0.79800,4.257,-1.596,-1,450.000,-1,350.000,275.000,375.000,350.000,275.000,375.000,600.000,275.000,375.000,-1,900.000,525.000,-1,325.000,2,0,2,1,1,0,1,0,1,1,0,0,2,0,1,2,1
100,-4239.251,3666.012,-232.372,-4.107,0.996145,0.071582,-0.050717,-0.069656,0.996817,0.038783,0.053331,-0.035100,0.997960,0,0.07830,-0.78820,4.698,-1.576,-1,450.000,-1,325.000,275.000,375.000,350.000,275.000,400.000,575.000,275.000,375.000,-1,900.000,500.000,-1,300.000,2,0,2,1,1,0,1,0,1,1,0,0,2,0,1,2,1
101,-4234.149,3665.506,-231.946,-5.665,0.993828,0.098646,-0.050735,-0.096631,0.994486,0.040752,0.054475,-0.035598,0.997880,0,0.08546,-0.77871,5.127,-1.557,-1,450.000,-1,325.000,250.000,375.000,325.000,275.000,400.000,575.000,250.000,375.000,-1,925.000,475.000,-1,300.000,2,0,2,1,1,0,1,0,1,1,0,0,2,0,1,2,1
102,-4228.647,3664.811,-231.517,-7.204,0.990821,0.125318,-0.050682,-0.123213,0.991460,0.042732,0.055604,-0.036095,0.997800,0,0.09243,-0.76951,5.546,-1.539,-1,450.000,-1,325.000,250.000,375.000,325.000,275.000,425.000,550.000,250.000,375.000,-1,925.000,475.000,-1,300.000,2,0,2,1,1,0,1,0,0,1,0,0,2,0,1,2,1
103,-4222.762,3663.908,-231.082,-8.725,0.987149,0.151590,-0.050561,-0.149394,0.987765,0.044730,0.056723,-0.036602,0.997719,0,0.09923,-0.76059,5.954,-1.521,-1,475.000,-1,300.000,250.000,400.000,300.000,275.000,425.000,525.000,225.000,350.000,-1,950.000,450.000,-1,275.000,2,0,2,1,1,0,1,0,0,1,0,0,2,0,1,2,1
104,-4216.509,3662.779,-230.638,-10.229,0.982838,0.177457,-0.050375,-0.175167,0.983428,0.046754,0.057837,-0.037128,0.997635,0,0.10589,-0.75191,6.353,-1.504,-1,475.000,-1,300.000,250.000,400.000,300.000,275.000,425.000,525.000,225.000,350.000,-1,975.000,425.000,-1,275.000,2,0,2,1,1,0,1,0,0,1,0,0,2,0,1,2,1
105,-4209.904,3661.410,-230.186,-11.716,0.977913,0.202913,-0.050125,-0.200527,0.978472,0.048811,0.058950,-0.037681,0.997550,0,0.11242,-0.74348,6.745,-1.487,-1,475.000,-1,300.000,250.000,400.000,300.000,275.000,425.000,500.000,200.000,350.000,-1,975.000,400.000,-1,275.000,2,0,2,1,1,1,1,0,0,1,0,0,2,0,1,2,1
106,-4202.962,3659.783,-229.721,-13.186,0.972398,0.227951,-0.049811,-0.225466,0.972920,0.050906,0.060066,-0.038270,0.997461,0,0.11883,-0.73526,7.130,-1.471,-1,475.000,-1,300.000,250.000,375.000,275.000,275.000,425.000,500.000,200.000,325.000,-1,1000.000,400.000,-1,275.000,2,0,2,1,1,1,1,0,0,1,0,0,2,0,1,2,1
107,-4195.697,3657.885,-229.245,-14.641,0.966316,0.252567,-0.049433,-0.249979,0.966797,0.053046,0.061189,-0.038902,0.997368,0,0.12514,-0.72724,7.508,-1.454,-1,475.000,-1,275.000,250.000,375.000,275.000,275.000,425.000,475.000,200.000,325.000,-1,-1,375.000,-1,275.000,2,0,2,1,1,1,1,0,0,1,0,0,2,2,1,2,1
108,-4188.124,3655.702,-228.754,-16.080,0.959691,0.276755,-0.048989,-0.274061,0.960125,0.055236,0.062323,-0.039584,0.997271,0,0.13136,-0.71941,7.882,-1.439,-1,475.000,-1,275.000,250.000,350.000,275.000,275.000,425.000,475.000,175.000,325.000,-1,-1,375.000,-1,250.000,2,0,2,1,1,1,1,0,0,1,0,0,2,2,1,2,1
109,-4180.255,3653.221,-228.248,-17.503,0.952545,0.300513,-0.048479,-0.297707,0.952925,0.057483,0.063471,-0.040323,0.997169,0,0.13750,-0.71176,8.250,-1.424,-1,500.000,-1,275.000,250.000,350.000,275.000,275.000,450.000,450.000,175.000,300.000,-1,-1,350.000,-1,250.000,2,0,2,1,1,1,1,0,0,1,0,0,2,2,1,2,1
110,-4167.928,3648.936,-227.405,-19.167,0.943443,0.328028,-0.048088,-0.325025,0.943739,0.060951,0.065376,-0.041875,0.996982,0,0.21750,-0.83176,13.050,-1.664,-1,500.000,-1,275.000,250.000,325.000,250.000,275.000,450.000,450.000,175.000,300.000,-1,-1,350.000,-1,250.000,2,0,2,1,1,1,1,0,0,1,0,0,2,2,1,2,1
111,-4151.271,3642.519,-226.213,-21.070,0.932059,0.359157,-0.047678,-0.355857,0.932224,0.065761,0.068065,-0.044327,0.996696,0,0.29750,-0.95176,17.850,-1.904,-1,475.000,-1,250.000,250.000,325.000,250.000,275.000,450.000,450.000,150.000,275.000,-1,-1,350.000,-1,250.000,2,1,2,1,1,1,1,0,0,1,0,0,2,2,1,2,1
112,-4130.431,3633.644,-224.633,-23.070,0.919003,0.391408,-0.047267,-0.387687,0.918969,0.072072,0.071646,-0.047910,0.996279,0,0.37750,-1.00000,22.650,-2.000,-1,450.000,-1,250.000,250.000,300.000,225.000,250.000,475.000,425.000,125.000,275.000,-1,950.000,325.000,-1,250.000,2,1,2,1,1,1,1,0,0,1,0,0,2,1,1,2,1
113,-4105.566,3622.014,-222.617,-25.070,0.904855,0.423135,-0.046840,-0.418832,0.904523,0.080112,0.076266,-0.052871,0.995685,0,0.45750,-1.00000,27.450,-2.000,-1,425.000,-1,250.000,250.000,275.000,225.000,250.000,475.000,425.000,125.000,250.000,-1,825.000,325.000,-1,225.000,2,1,2,1,1,1,1,0,0,1,0,0,2,1,1,2,1
114,-4076.847,3607.338,-220.027,-27.070,0.889659,0.454287,-0.046158,-0.449247,0.888898,0.089654,0.081758,-0.059025,0.994903,0,0.53750,-1.00000,32.250,-2.000,-1,400.000,-1,225.000,250.000,275.000,225.000,250.000,500.000,425.000,100.000,250.000,-1,750.000,300.000,-1,225.000,2,1,2,1,1,1,1,0,0,1,0,0,2,1,1,2,1
115,-327.962,-327.974,-346.677,-150.065,-0.866067,0.498581,0.036674,-0.499599,-0.865826,-0.027316,0.018134,-0.041979,0.998954,1,0.00000,0.00000,37.050,-2.000,-1,400.000,-1,400.000,-1,325.000,325.000,300.000,325.000,-1,-1,-1,-1,725.000,850.000,-1,-1,2,0,2,0,2,0,0,0,0,2,2,2,2,0,0,2,2
116,-332.132,-330.352,-346.588,-150.305,-0.868153,0.494952,0.036520,-0.495966,-0.867910,-0.027392,0.018138,-0.041893,0.998957,0,0.08000,-0.12000,4.800,-0.240,-1,400.000,-1,400.000,-1,325.000,325.000,300.000,325.000,-1,-1,-1,-1,725.000,850.000,-1,-1,2,0,2,0,2,0,0,0,0,2,2,2,2,0,0,2,2
117,-340.511,-335.038,-346.405,-150.785,-0.872278,0.487667,0.036207,-0.488673,-0.872033,-0.027538,0.018145,-0.041714,0.998965,0,0.16000,-0.24000,9.600,-0.480,-1,400.000,-1,400.000,-1,325.000,325.000,300.000,325.000,-1,-1,-1,-1,725.000,850.000,-1,-1,2,0,2,0,2,0,0,0,0,2,2,2,2,0,0,2,2
118,-353.166,-341.908,-346.121,-151.505,-0.878352,0.476676,0.035731,-0.477669,-0.878102,-0.027740,0.018152,-0.041433,0.998976,0,0.24000,-0.36000,14.400,-0.720,-1,400.000,-1,400.000,-1,325.000,325.000,300.000,325.000,-1,-1,-1,-1,725.000,850.000,-1,-1,2,0,2,0,2,0,0,0,0,2,2,2,2,0,0,2,2
119,-370.192,-350.784,-345.727,-152.465,-0.886235,0.461905,0.035082,-0.462879,-0.885980,-0.027980,0.018158,-0.041035,0.998993,0,0.32000,-0.48000,19.200,-0.960,-1,400.000,-1,400.000,-1,325.000,325.000,300.000,325.000,-1,-1,-1,-1,725.000,850.000,-1,-1,2,0,2,0,2,0,0,0,0,2,2,2,2,0,0,2,2
120,-391.690,-361.452,-345.208,-153.607,-0.895290,0.444165,0.034256,-0.445116,-0.895028,-0.028241,0.018116,-0.040532,0.999014,0,0.40000,-0.57098,24.000,-1.142,-1,400.000,-1,400.000,-1,325.000,325.000,300.000,325.000,-1,-1,-1,-1,725.000,850.000,-1,-1,2,0,2,0,2,0,0,0,0,2,2,2,2,0,0,2,2
121,-417.740,-373.735,-344.544,-154.756,-0.904047,0.426138,0.033256,-0.427059,-0.903774,-0.028528,0.017899,-0.039993,0.999040,0,0.48000,-0.57447,28.800,-1.149,-1,375.000,-1,400.000,-1,325.000,325.000,300.000,325.000,-1,-1,-1,-1,725.000,850.000,-1,-1,2,0,2,0,2,0,0,0,0,2,2,2,2,0,0,2,2
122,-448.415,-387.447,-343.727,-155.913,-0.912505,0.407805,0.032084,-0.408690,-0.912218,-0.028820,0.017514,-0.039410,0.999070,0,0.56000,-0.57872,33.600,-1.157,-1,375.000,-1,400.000,-1,325.000,325.000,300.000,325.000,-1,-1,-1,-1,725.000,850.000,-1,-1,2,0,2,0,2,0,0,0,0,2,2,2,2,0,0,2,2
123,-483.783,-402.402,-342.746,-157.081,-0.920664,0.389144,0.030738,-0.389987,-0.920361,-0.029096,0.016968,-0.038775,0.999104,0,0.64000,-0.58373,38.400,-1.167,-1,375.000,-1,400.000,-1,325.000,325.000,300.000,325.000,-1,-1,-1,-1,700.000,850.000,-1,-1,2,0,2,0,2,0,0,0,0,2,2,2,2,0,0,2,2
124,-523.911,-418.403,-341.592,-158.260,-0.928519,0.370133,0.029223,-0.370928,-0.928198,-0.029336,0.016267,-0.038078,0.999142,0,0.72000,-0.58952,43.200,-1.179,-1,375.000,-1,400.000,-1,325.000,325.000,300.000,325.000,-1,-1,-1,-1,700.000,850.000,-1,-1,2,0,2,0,2,0,0,0,0,2,2,2,2,0,0,2,2
125,-568.857,-435.250,-340.548,-159.452,-0.936046,0.350764,0.027967,-0.351501,-0.935762,-0.028216,0.016274,-0.036242,0.999211,0,0.80000,-0.59610,48.000,-1.192,-1,375.000,-1,400.000,-1,325.000,325.000,300.000,325.000,-1,-1,-1,-1,700.000,850.000,-1,-1,2,0,2,0,2,0,0,0,0,2,2,2,2,0,0,2,2
126,-615.446,-451.605,-339.630,-160.655,-0.943234,0.331067,0.026546,-0.331727,-0.943011,-0.026236,0.016348,-0.033553,0.999303,0,0.82294,-0.60166,49.376,-1.203,-1,375.000,-1,400.000,-1,325.000,325.000,300.000,325.000,-1,-1,-1,-1,700.000,850.000,-1,-1,2,0,2,0,2,0,0,0,0,2,2,2,2,0,0,2,2
127,-662.369,-466.978,-338.788,-161.858,-0.950016,0.311222,0.024706,-0.311788,-0.949852,-0.023846,0.016046,-0.030357,0.999410,0,0.82294,-0.60166,49.376,-1.203,-1,375.000,-1,400.000,-1,325.000,325.000,300.000,325.000,-1,-1,-1,-1,700.000,850.000,-1,-1,2,0,2,0,2,0,0,0,0,2,2,2,2,0,0,2,2
128,-709.604,-481.363,-337.897,-163.062,-0.956376,0.291233,0.022972,-0.291713,-0.956267,-0.021369,0.015744,-0.027138,0.999508,0,0.82294,-0.60166,49.376,-1.203,-1,375.000,-1,400.000,-1,325.000,325.000,300.000,325.000,-1,-1,-1,-1,700.000,850.000,-1,-1,2,0,2,0,2,0,0,0,0,2,2,2,2,0,0,2,2
129,-757.130,-494.752,-337.267,-164.265,-0.962291,0.271101,0.022365,-0.271542,-0.962222,-0.019820,0.016147,-0.025145,0.999553,0,0.82294,-0.60166,49.376,-1.203,-1,375.000,-1,400.000,-1,325.000,325.000,300.000,300.000,-1,-1,-1,-1,700.000,850.000,-1,-1,2,0,2,0,2,0,0,0,0,2,2,2,2,0,0,2,2
130,-804.927,-507.141,-336.739,-165.468,-0.967789,0.250843,0.021509,-0.251250,-0.967737,-0.018929,0.016067,-0.023723,0.999589,0,0.82294,-0.60166,49.376,-1.203,-1,375.000,-1,400.000,-1,325.000,325.000,300.000,300.000,-1,-1,-1,-1,700.000,850.000,-1,-1,2,0,2,0,2,0,0,0,0,2,2,2,2,0,0,2,2
131,-852.974,-518.523,-336.153,-166.672,-0.972860,0.230473,0.020611,-0.230845,-0.972825,-0.017940,0.015916,-0.022211,0.999627,0,0.82294,-0.60166,49.376,-1.203,-1,375.000,-1,400.000,-1,325.000,325.000,300.000,300.000,-1,-1,-1,-1,700.000,850.000,-1,-1,2,0,2,0,2,0,0,0,0,2,2,2,2,0,0,2,2
132,-901.249,-528.894,-335.516,-167.875,-0.977503,0.210000,0.019673,-0.210335,-0.977484,-0.016857,0.015690,-0.020616,0.999664,0,0.82294,-0.60166,49.376,-1.203,-1,375.000,-1,400.000,-1,325.000,325.000,300.000,300.000,-1,-1,-1,-1,700.000,850.000,-1,-1,2,0,2,0,2,0,0,0,0,2,2,2,2,0,0,2,2
