timestep,x_cm,y_cm,z_cm,yaw_deg,basis_xx,basis_xy,basis_xz,basis_yx,basis_yy,basis_yz,basis_zx,basis_zy,basis_zz,teleport_flag,throttle_cmd,steering_cmd,cmd_move_cm,cmd_turn_deg,lidar_cm_0,lidar_cm_1,lidar_cm_2,lidar_cm_3,lidar_cm_4,lidar_cm_5,lidar_cm_6,lidar_cm_7,lidar_cm_8,lidar_cm_9,lidar_cm_10,lidar_cm_11,lidar_cm_12,lidar_cm_13,lidar_cm_14,lidar_cm_15,lidar_cm_16,lidar_class_0,lidar_class_1,lidar_class_2,lidar_class_3,lidar_class_4,lidar_class_5,lidar_class_6,lidar_class_7,lidar_class_8,lidar_class_9,lidar_class_10,lidar_class_11,lidar_class_12,lidar_class_13,lidar_class_14,lidar_class_15,lidar_class_16
0,-987.580,7540.147,-259.015,40.026,0.765796,-0.642690,-0.022504,0.640209,0.765210,-0.067720,0.060743,0.037452,0.997451,1,-0.08000,0.12000,-4.800,0.240,-1,375.000,-1,375.000,-1,300.000,300.000,300.000,325.000,-1,425.000,425.000,-1,725.000,775.000,-1,-1,2,0,2,0,2,0,0,0,0,2,0,0,2,0,0,2,2
1,-994.879,7533.911,-259.579,40.506,0.760388,-0.649090,-0.022176,0.646633,0.759814,-0.067452,0.060632,0.036950,0.997476,0,-0.16000,0.24000,-9.600,0.480,-1,375.000,-1,375.000,-1,300.000,300.000,300.000,325.000,-1,425.000,425.000,-1,725.000,775.000,-1,-1,2,0,2,0,2,0,0,0,0,2,0,0,2,0,0,2,2
2,-1005.709,7524.421,-260.429,41.226,0.752177,-0.658605,-0.021682,0.656183,0.751618,-0.067043,0.060451,0.036201,0.997514,0,-0.24000,0.36000,-14.400,0.720,-1,375.000,-1,375.000,-1,300.000,300.000,300.000,325.000,-1,425.000,425.000,-1,725.000,750.000,-1,-1,2,0,2,0,2,0,0,0,0,2,0,0,2,0,0,2,2
3,-1019.952,7511.545,-261.567,42.112,0.741912,-0.670168,-0.021022,0.667795,0.741371,-0.066482,0.060139,0.035285,0.997566,0,-0.32000,0.44289,-19.200,0.886,-1,375.000,-1,375.000,-1,300.000,300.000,300.000,325.000,-1,450.000,425.000,-1,725.000,750.000,-1,-1,2,0,2,0,2,0,0,0,0,2,0,0,2,0,0,2,2
4,-1034.755,7497.746,-262.766,42.990,0.731567,-0.681466,-0.020348,0.679145,0.731043,-0.065870,0.059763,0.034369,0.997621,0,-0.33729,0.43879,-20.237,0.878,-1,375.000,-1,375.000,-1,300.000,300.000,300.000,325.000,-1,450.000,425.000,-1,725.000,750.000,-1,-1,2,0,2,0,2,0,0,0,0,2,0,0,2,0,0,2,2
5,-1049.368,7483.703,-263.924,43.859,0.721157,-0.692492,-0.019687,0.690212,0.720643,-0.065437,0.059501,0.033602,0.997663,0,-0.33778,0.43447,-20.267,0.869,-1,375.000,-1,375.000,-1,300.000,300.000,300.000,325.000,-1,450.000,450.000,-1,700.000,725.000,-1,-1,2,0,2,0,2,0,0,0,0,2,0,0,2,0,0,2,2
6,-1063.798,7469.413,-265.080,44.719,0.710688,-0.703251,-0.019020,0.701010,0.710182,-0.065020,0.059233,0.032876,0.997703,0,-0.33846,0.43014,-20.308,0.860,-1,375.000,-1,375.000,-1,300.000,300.000,300.000,325.000,-1,425.000,450.000,-1,700.000,725.000,-1,-1,2,0,2,0,2,0,0,0,0,2,0,0,2,0,0,2,2
7,-1078.050,7454.873,-266.239,45.571,0.700165,-0.713745,-0.018349,0.711544,0.699667,-0.064589,0.058938,0.032167,0.997743,0,-0.33934,0.42581,-20.360,0.852,-1,375.000,-1,375.000,-1,300.000,300.000,300.000,300.000,-1,425.000,450.000,-1,700.000,725.000,-1,-1,2,0,2,0,2,0,0,0,0,2,0,0,2,0,0,2,2
8,-1092.132,7440.078,-267.401,46.414,0.689597,-0.723977,-0.017675,0.721817,0.689105,-0.064144,0.058619,0.031475,0.997784,0,-0.34042,0.42149,-20.425,0.843,-1,375.000,-1,375.000,-1,300.000,300.000,300.000,300.000,-1,425.000,425.000,-1,700.000,700.000,-1,-1,2,0,2,0,2,0,0,0,0,2,0,0,2,0,0,2,2
9,-1106.049,7425.023,-268.568,47.248,0.678990,-0.733951,-0.016999,0.731831,0.678504,-0.063686,0.058276,0.030802,0.997825,0,-0.34170,0.41718,-20.502,0.834,-1,375.000,-1,375.000,-1,300.000,300.000,300.000,300.000,-1,425.000,400.000,-1,700.000,700.000,-1,-1,2,0,2,0,2,0,0,0,0,2,0,0,2,0,0,2,2
10,-1119.808,7409.703,-269.740,48.074,0.668350,-0.743668,-0.016321,0.741590,0.667869,-0.063213,0.057910,0.030145,0.997867,0,-0.34318,0.41290,-20.591,0.826,-1,375.000,-1,375.000,-1,300.000,300.000,325.000,300.000,-1,425.000,400.000,-1,700.000,700.000,-1,-1,2,0,2,0,2,0,0,0,0,2,0,0,2,0,0,2,2
11,-1133.413,7394.112,-270.916,48.891,0.657682,-0.753133,-0.015641,0.751096,0.657206,-0.062727,0.057521,0.029507,0.997908,0,-0.34488,0.40865,-20.693,0.817,-1,375.000,-1,375.000,-1,300.000,300.000,325.000,300.000,-1,400.000,375.000,-1,700.000,700.000,-1,-1,2,0,2,0,2,0,0,0,0,2,0,0,2,0,0,2,2
12,-1146.870,7378.243,-272.097,49.700,0.646992,-0.762350,-0.014959,0.760355,0.646520,-0.062226,0.057109,0.028886,0.997950,0,-0.34678,0.40443,-20.807,0.809,-1,375.000,-1,375.000,-1,300.000,300.000,325.000,300.000,-1,400.000,375.000,-1,700.000,675.000,-1,-1,2,0,2,0,2,0,0,0,0,2,0,0,2,0,0,2,2
13,-1160.186,7362.089,-273.284,50.500,0.636286,-0.771321,-0.014276,0.769369,0.635817,-0.061711,0.056676,0.028282,0.997992,0,-0.34889,0.40026,-20.934,0.801,-1,375.000,-1,375.000,-1,300.000,300.000,325.000,300.000,-1,400.000,350.000,-1,700.000,675.000,-1,-1,2,0,2,0,2,0,0,0,0,2,0,0,2,0,0,2,2
14,-1173.351,7345.660,-274.476,51.294,0.625552,-0.780064,-0.013593,0.778154,0.625086,-0.061183,0.056223,0.027696,0.998034,0,-0.35088,0.39671,-21.053,0.793,-1,375.000,-1,375.000,-1,300.000,300.000,325.000,300.000,-1,375.000,325.000,-1,700.000,675.000,-1,-1,2,0,2,0,2,0,0,0,0,2,0,0,2,0,0,2,2
15,-1186.287,7329.050,-275.666,52.087,0.614697,-0.788658,-0.012913,0.786790,0.614234,-0.060645,0.055760,0.027118,0.998076,0,-0.35088,0.39671,-21.053,0.793,-1,375.000,-1,375.000,-1,300.000,300.000,325.000,300.000,-1,350.000,325.000,-1,700.000,675.000,-1,-1,2,0,2,0,2,0,0,0,0,2,0,0,2,0,0,2,2
16,-1198.992,7312.262,-276.854,52.881,0.603724,-0.797100,-0.012237,0.795274,0.603264,-0.060098,0.055286,0.026551,0.998117,0,-0.35088,0.39671,-21.053,0.793,-1,375.000,-1,375.000,-1,300.000,300.000,325.000,300.000,-1,350.000,300.000,-1,700.000,675.000,-1,-1,2,0,2,0,2,0,0,0,0,2,0,0,2,0,0,2,2
17,-1211.463,7295.301,-278.040,53.674,0.592634,-0.805389,-0.011565,0.803605,0.592177,-0.059542,0.054803,0.025993,0.998159,0,-0.35088,0.39671,-21.053,0.793,-1,375.000,-1,375.000,-1,300.000,300.000,325.000,300.000,-1,325.000,275.000,-1,700.000,675.000,-1,-1,2,0,2,0,2,0,0,0,0,2,0,0,2,0,0,2,2
18,-1223.698,7278.167,-279.051,54.468,0.581408,-0.813536,-0.011119,0.811831,0.580985,-0.058203,0.053810,0.024813,0.998243,0,-0.35088,0.39671,-21.053,0.793,-1,375.000,-1,375.000,-1,300.000,300.000,325.000,325.000,-1,325.000,275.000,-1,700.000,675.000,-1,-1,2,0,2,0,2,0,0,0,0,2,0,0,2,0,0,2,2
19,-1235.694,7260.866,-279.985,55.261,0.570061,-0.821532,-0.010795,0.819918,0.569684,-0.056529,0.052590,0.023374,0.998343,0,-0.35088,0.39671,-21.053,0.793,-1,375.000,-1,375.000,-1,300.000,300.000,325.000,325.000,-1,300.000,275.000,-1,700.000,675.000,-1,-1,2,0,2,0,2,0,0,0,0,2,0,0,2,0,0,2,2
20,-1247.450,7243.401,-280.793,56.054,0.558629,-0.829359,-0.009875,0.827851,0.558265,-0.054801,0.050963,0.022439,0.998448,0,-0.35088,0.39671,-21.053,0.793,-1,375.000,-1,375.000,-1,300.000,300.000,300.000,325.000,-1,300.000,275.000,-1,675.000,675.000,-1,-1,2,0,2,0,2,0,0,0,0,2,0,0,2,0,0,2,2
21,-1258.963,7225.774,-281.601,56.848,0.547087,-0.837027,-0.009013,0.835621,0.546739,-0.053056,0.049337,0.021495,0.998551,0,-0.35088,0.39671,-21.053,0.793,-1,375.000,-1,375.000,-1,300.000,300.000,300.000,325.000,-1,300.000,275.000,-1,675.000,650.000,-1,-1,2,0,2,0,2,0,0,0,0,2,0,0,2,0,0,2,2
22,-1270.231,7207.990,-282.409,57.641,0.535438,-0.844535,-0.008210,0.843226,0.535106,-0.051295,0.047713,0.020543,0.998650,0,-0.35088,0.39671,-21.053,0.793,-1,375.000,-1,375.000,-1,300.000,300.000,300.000,325.000,-1,300.000,275.000,-1,675.000,650.000,-1,-1,2,0,2,0,2,0,0,0,0,2,0,0,2,0,0,2,2
23,-1281.251,7190.052,-283.218,58.435,0.523684,-0.851880,-0.007467,0.850665,0.523371,-0.049521,0.046094,0.019581,0.998745,0,-0.35088,0.39671,-21.053,0.793,-1,375.000,-1,375.000,-1,300.000,300.000,300.000,325.000,-1,300.000,275.000,-1,675.000,650.000,-1,-1,2,0,2,0,2,0,0,0,0,2,0,0,2,0,0,2,2
24,-1292.022,7171.962,-284.026,59.228,0.511827,-0.859062,-0.006785,0.857936,0.511534,-0.047735,0.044478,0.018611,0.998837,0,-0.35088,0.39671,-21.053,0.793,-1,375.000,-1,375.000,-1,300.000,300.000,300.000,325.000,-1,300.000,275.000,-1,675.000,650.000,-1,-1,2,0,2,0,2,0,0,0,0,2,0,0,2,0,0,2,2
25,-1302.542,7153.726,-284.836,60.021,0.499871,-0.866078,-0.006165,0.865038,0.499598,-0.045941,0.042868,0.017631,0.998925,0,-0.35088,0.39671,-21.053,0.793,-1,375.000,-1,375.000,-1,300.000,300.000,300.000,325.000,-1,275.000,275.000,-1,675.000,650.000,-1,-1,2,0,2,0,2,0,0,0,0,2,0,0,2,0,0,2,2
26,-1312.808,7135.345,-285.646,60.815,0.487817,-0.872928,-0.005608,0.871970,0.487565,-0.044140,0.041265,0.016642,0.999010,0,-0.35088,0.39671,-21.053,0.793,-1,375.000,-1,375.000,-1,300.000,300.000,300.000,325.000,-1,275.000,275.000,-1,650.000,650.000,-1,-1,2,0,2,0,2,0,0,0,0,2,0,0,2,0,0,2,2
27,-1322.818,7116.824,-286.417,61.608,0.475673,-0.879608,-0.005034,0.878721,0.475437,-0.042524,0.039798,0.015804,0.999083,0,-0.35088,0.39671,-21.053,0.793,-1,375.000,-1,375.000,-1,300.000,300.000,300.000,325.000,-1,275.000,275.000,-1,650.000,650.000,-1,-1,2,0,2,0,2,0,0,0,0,2,0,0,2,0,0,2,2
28,-1330.408,7102.452,-286.988,62.162,0.467151,-0.884166,-0.004568,0.883330,0.466923,-0.041365,0.038706,0.015288,0.999134,0,-0.27088,0.27671,-16.253,0.553,-1,375.000,-1,375.000,-1,300.000,300.000,300.000,325.000,-1,275.000,275.000,-1,650.000,650.000,-1,-1,2,0,2,0,2,0,0,0,0,2,0,0,2,0,0,2,2
29,-1335.701,7092.295,-287.384,62.475,0.462306,-0.886711,-0.004230,0.885910,0.462082,-0.040542,0.037903,0.014995,0.999169,0,-0.19088,0.15671,-11.453,0.313,-1,375.000,-1,375.000,-1,300.000,300.000,300.000,325.000,-1,275.000,275.000,-1,650.000,625.000,-1,-1,2,0,2,0,2,0,0,0,0,2,0,0,2,0,0,2,2
30,-1340.907,7082.273,-287.755,62.549,0.461171,-0.887303,-0.003828,0.886540,0.460946,-0.039709,0.036998,0.014919,0.999204,0,-0.18822,0.03671,-11.293,0.073,-1,375.000,-1,375.000,-1,300.000,300.000,300.000,325.000,-1,275.000,275.000,-1,650.000,625.000,-1,-1,2,0,2,0,2,0,0,0,0,2,0,0,2,0,0,2,2
31,-1346.141,7072.266,-288.106,62.388,0.463662,-0.886006,-0.003345,0.885282,0.463429,-0.038856,0.035976,0.015055,0.999239,0,-0.18822,-0.08028,-11.293,-0.161,-1,375.000,-1,375.000,-1,300.000,300.000,300.000,325.000,-1,275.000,275.000,-1,650.000,625.000,-1,-1,2,0,2,0,2,0,0,0,0,2,0,0,2,0,0,2,2
32,-1351.403,7062.274,-288.453,62.227,0.466148,-0.884702,-0.002855,0.884016,0.465909,-0.038004,0.034952,0.015192,0.999274,0,-0.18822,-0.08028,-11.293,-0.161,-1,375.000,-1,375.000,-1,300.000,300.000,300.000,325.000,-1,275.000,275.000,-1,650.000,625.000,-1,-1,2,0,2,0,2,0,0,0,0,2,0,0,2,0,0,2,2
33,-1356.693,7052.296,-288.784,62.067,0.468629,-0.883392,-0.002421,0.882742,0.468386,-0.037166,0.033966,0.015279,0.999306,0,-0.18822,-0.08028,-11.293,-0.161,-1,375.000,-1,375.000,-1,300.000,300.000,300.000,325.000,-1,250.000,275.000,-1,650.000,625.000,-1,-1,2,0,2,0,2,0,0,0,0,2,0,0,2,0,0,2,2
34,-1362.012,7042.334,-289.107,61.906,0.471106,-0.882075,-0.001986,0.881460,0.470859,-0.036330,0.032981,0.015364,0.999338,0,-0.18822,-0.08028,-11.293,-0.161,-1,375.000,-1,375.000,-1,300.000,300.000,300.000,325.000,-1,250.000,300.000,-1,650.000,625.000,-1,-1,2,0,2,0,2,0,0,0,0,2,0,0,2,0,0,2,2
35,-1367.358,7032.386,-289.323,61.746,0.473590,-0.880745,-0.001017,0.880176,0.473326,-0.035399,0.031659,0.015870,0.999373,0,-0.18822,-0.08028,-11.293,-0.161,-1,375.000,-1,375.000,-1,300.000,300.000,300.000,325.000,-1,250.000,300.000,-1,650.000,625.000,-1,-1,2,0,2,0,2,0,0,0,0,2,0,0,2,0,0,2,2
36,-1372.732,7022.454,-289.535,61.585,0.476070,-0.879408,-0.000045,0.878884,0.475788,-0.034473,0.030337,0.016373,0.999406,0,-0.18822,-0.08028,-11.293,-0.161,-1,375.000,-1,350.000,-1,300.000,300.000,300.000,325.000,-1,250.000,300.000,-1,650.000,625.000,-1,-1,2,0,2,0,2,0,0,0,0,2,0,0,2,0,0,2,2
37,-1378.133,7012.536,-289.745,61.425,0.478543,-0.878064,0.000930,0.877585,0.478246,-0.033553,0.029017,0.016873,0.999437,0,-0.18822,-0.08028,-11.293,-0.161,-1,375.000,-1,350.000,-1,300.000,300.000,300.000,325.000,-1,275.000,325.000,-1,650.000,625.000,-1,-1,2,0,2,0,2,0,0,0,0,2,0,0,2,0,0,2,2
38,-1383.563,7002.634,-289.952,61.264,0.481011,-0.876712,0.001908,0.876277,0.480701,-0.032638,0.027696,0.017371,0.999465,0,-0.18822,-0.08028,-11.293,-0.161,-1,350.000,-1,350.000,-1,300.000,300.000,300.000,325.000,-1,275.000,325.000,-1,625.000,625.000,-1,-1,2,0,2,0,2,0,0,0,0,2,0,0,2,0,0,2,2
39,-1389.020,6992.746,-290.156,61.104,0.483473,-0.875354,0.002889,0.874962,0.483152,-0.031728,0.026377,0.017867,0.999492,0,-0.18822,-0.08028,-11.293,-0.161,-1,350.000,-1,350.000,-1,300.000,300.000,300.000,325.000,-1,275.000,325.000,-1,625.000,625.000,-1,-1,2,0,2,0,2,0,0,0,0,2,0,0,2,0,0,2,2
40,-1394.505,6982.875,-290.357,60.943,0.485930,-0.873989,0.003872,0.873638,0.485598,-0.030823,0.025059,0.018360,0.999517,0,-0.18822,-0.08028,-11.293,-0.161,-1,350.000,-1,350.000,-1,300.000,300.000,300.000,325.000,-1,275.000,325.000,-1,625.000,625.000,-1,-1,2,0,2,0,2,0,0,0,0,2,0,0,2,0,0,2,2
41,-1400.018,6973.018,-290.555,60.782,0.488381,-0.872617,0.004857,0.872307,0.488041,-0.029923,0.023741,0.018851,0.999540,0,-0.18822,-0.08028,-11.293,-0.161,-1,350.000,-1,350.000,-1,300.000,300.000,300.000,325.000,-1,275.000,325.000,-1,625.000,625.000,-1,-1,2,0,2,0,2,0,0,0,0,2,0,0,2,0,0,2,2
42,-1405.558,6963.177,-290.750,60.622,0.490826,-0.871238,0.005845,0.870969,0.490480,-0.029029,0.022424,0.019339,0.999561,0,-0.18822,-0.08028,-11.293,-0.161,-1,350.000,-1,350.000,-1,300.000,300.000,300.000,325.000,-1,275.000,325.000,-1,625.000,625.000,-1,-1,2,0,2,0,2,0,0,0,0,2,0,0,2,0,0,2,2
43,-1411.126,6953.352,-290.942,60.461,0.493266,-0.869852,0.006835,0.869622,0.492915,-0.028140,0.021108,0.019825,0.999581,0,-0.18822,-0.08028,-11.293,-0.161,-1,350.000,-1,350.000,-1,300.000,300.000,300.000,325.000,-1,275.000,350.000,-1,625.000,600.000,-1,-1,2,0,2,0,2,0,0,0,0,2,0,0,2,0,0,2,2
44,-1416.721,6943.543,-291.131,60.301,0.495700,-0.868458,0.007828,0.868268,0.495346,-0.027256,0.019793,0.020308,0.999598,0,-0.18822,-0.08028,-11.293,-0.161,-1,350.000,-1,350.000,-1,300.000,300.000,300.000,325.000,-1,275.000,350.000,-1,625.000,600.000,-1,-1,2,0,2,0,2,0,0,0,0,2,0,0,2,0,0,2,2
45,-1422.344,6933.749,-291.317,60.140,0.498128,-0.867058,0.008823,0.866906,0.497773,-0.026378,0.018479,0.020788,0.999613,0,-0.18822,-0.08028,-11.293,-0.161,-1,350.000,-1,350.000,-1,300.000,300.000,300.000,325.000,-1,275.000,350.000,-1,625.000,600.000,-1,1000.000,2,0,2,0,2,0,0,0,0,2,0,0,2,0,0,2,0
46,-1427.994,6923.970,-291.499,59.980,0.500551,-0.865651,0.009820,0.865537,0.500195,-0.025505,0.017166,0.021266,0.999626,0,-0.18822,-0.08028,-11.293,-0.161,-1,350.000,-1,350.000,-1,300.000,300.000,300.000,325.000,-1,275.000,350.000,-1,625.000,600.000,-1,1000.000,2,0,2,0,2,0,0,0,0,2,0,0,2,0,0,2,0
47,-1433.671,6914.208,-291.679,59.819,0.502968,-0.864237,0.010820,0.864160,0.502614,-0.024638,0.015855,0.021742,0.999638,0,-0.18822,-0.08028,-11.293,-0.161,-1,350.000,-1,350.000,-1,300.000,300.000,300.000,300.000,-1,300.000,350.000,-1,625.000,600.000,-1,975.000,2,0,2,0,2,0,0,0,0,2,0,0,2,0,0,2,0
48,-1439.376,6904.462,-291.856,59.658,0.505379,-0.862817,0.011821,0.862775,0.505029,-0.023776,0.014544,0.022215,0.999647,0,-0.18822,-0.08028,-11.293,-0.161,-1,350.000,-1,350.000,-1,300.000,300.000,300.000,300.000,-1,300.000,350.000,-1,625.000,600.000,-1,975.000,2,0,2,0,2,0,0,0,0,2,0,0,2,0,0,2,0
49,-1445.108,6894.732,-292.029,59.498,0.507784,-0.861389,0.012825,0.861383,0.507439,-0.022919,0.013234,0.022685,0.999655,0,-0.18822,-0.08028,-11.293,-0.161,-1,350.000,-1,350.000,-1,300.000,300.000,300.000,300.000,-1,300.000,350.000,-1,625.000,600.000,-1,950.000,2,0,2,0,2,0,0,0,0,2,0,0,2,0,0,2,0
50,-1448.443,6889.160,-292.138,59.097,0.513787,-0.857812,0.013465,0.857828,0.513444,-0.022494,0.012382,0.023108,0.999656,0,-0.10822,-0.20028,-6.493,-0.401,-1,350.000,-1,350.000,-1,300.000,300.000,300.000,300.000,-1,300.000,350.000,-1,625.000,600.000,-1,950.000,2,0,2,0,2,0,0,0,0,2,0,0,2,0,0,2,0
51,-1449.329,6887.717,-292.185,58.457,0.523344,-0.852011,0.013740,0.852037,0.522997,-0.022500,0.011984,0.023482,0.999652,0,-0.02822,-0.32028,-1.693,-0.641,-1,350.000,-1,350.000,-1,300.000,300.000,300.000,300.000,-1,300.000,350.000,-1,600.000,600.000,-1,950.000,2,0,2,0,2,0,0,0,0,2,0,0,2,0,0,2,0
52,-1447.663,6890.340,-292.178,57.576,0.536380,-0.843866,0.013632,0.843891,0.536025,-0.022930,0.012043,0.023803,0.999644,0,0.05178,-0.44028,3.107,-0.881,-1,350.000,-1,350.000,-1,300.000,300.000,300.000,300.000,-1,300.000,350.000,-1,600.000,600.000,-1,950.000,2,0,2,0,2,0,0,0,0,2,0,0,2,0,0,2,0
53,-1443.294,6896.930,-292.120,56.456,0.552790,-0.833217,0.013116,0.833226,0.552422,-0.023770,0.012560,0.024069,0.999631,0,0.13178,-0.56028,7.907,-1.121,-1,350.000,-1,350.000,-1,300.000,300.000,300.000,300.000,-1,275.000,325.000,-1,600.000,600.000,-1,975.000,2,0,2,0,2,0,0,0,0,2,0,0,2,0,0,2,0
54,-1436.027,6907.354,-292.020,55.117,0.572118,-0.820081,0.012151,0.820059,0.571732,-0.024991,0.013548,0.024262,0.999614,0,0.21178,-0.66927,12.707,-1.339,-1,350.000,-1,350.000,-1,300.000,300.000,300.000,300.000,-1,275.000,325.000,-1,600.000,600.000,-1,1000.000,2,0,2,0,2,0,0,0,0,2,0,0,2,0,0,2,0
55,-1425.682,6921.478,-291.868,53.779,0.591136,-0.806502,0.010671,0.806431,0.590733,-0.026516,0.015082,0.024280,0.999591,0,0.29178,-0.66927,17.507,-1.339,-1,350.000,-1,350.000,-1,300.000,300.000,300.000,300.000,-1,275.000,300.000,-1,625.000,600.000,-1,-1,2,0,2,0,2,0,0,0,0,2,0,0,2,0,0,2,2
56,-1412.084,6939.161,-291.667,52.440,0.609830,-0.792485,0.008651,0.792346,0.609414,-0.028315,0.017167,0.024122,0.999562,0,0.37178,-0.66927,22.307,-1.339,-1,350.000,-1,350.000,-1,300.000,300.000,300.000,300.000,-1,250.000,300.000,1000.000,625.000,625.000,-1,-1,2,0,2,0,2,0,0,0,0,2,0,0,0,0,0,2,2
57,-1395.062,6960.257,-291.415,51.101,0.628187,-0.778039,0.006067,0.777811,0.627765,-0.030354,0.019808,0.023787,0.999521,0,0.45178,-0.66927,27.107,-1.339,-1,350.000,-1,350.000,-1,300.000,300.000,300.000,300.000,-1,250.000,275.000,1000.000,625.000,625.000,-1,-1,2,0,2,0,2,0,0,0,0,2,0,0,0,0,0,2,2
58,-1374.452,6984.615,-290.766,49.763,0.646207,-0.763149,0.004446,0.762844,0.645758,-0.032643,0.022040,0.024485,0.999457,0,0.53178,-0.66927,31.907,-1.339,-1,350.000,-1,350.000,-1,300.000,300.000,300.000,300.000,-1,250.000,275.000,1000.000,625.000,625.000,-1,-1,2,0,2,0,2,0,0,0,0,2,0,0,0,0,0,2,2
59,-1350.093,7012.075,-289.869,48.424,0.663872,-0.747842,0.002510,0.747440,0.663397,-0.035187,0.024649,0.025236,0.999378,0,0.61178,-0.66927,36.707,-1.339,-1,350.000,-1,350.000,-1,300.000,300.000,300.000,300.000,-1,275.000,275.000,975.000,625.000,625.000,-1,-1,2,0,2,0,2,0,0,0,0,2,0,0,0,0,0,2,2
60,-1321.831,7042.474,-288.850,47.086,0.681167,-0.732128,0.000129,0.731603,0.680673,-0.037961,0.027705,0.025952,0.999279,0,0.69178,-0.66927,41.507,-1.339,-1,350.000,-1,375.000,-1,300.000,300.000,300.000,325.000,-1,275.000,300.000,975.000,625.000,650.000,-1,-1,2,0,2,0,2,0,0,0,0,2,0,0,0,0,0,2,2
61,-1289.517,7075.643,-287.699,45.747,0.698080,-0.716015,-0.002711,0.715339,0.697577,-0.040938,0.031204,0.026639,0.999158,0,0.77178,-0.66927,46.307,-1.339,-1,375.000,-1,375.000,-1,300.000,300.000,325.000,325.000,-1,275.000,300.000,975.000,625.000,650.000,-1,-1,2,0,2,0,2,0,0,0,0,2,0,0,0,0,0,2,2
62,-1253.040,7111.376,-286.408,44.409,0.714596,-0.699511,-0.006016,0.698654,0.714100,-0.044087,0.035136,0.027301,0.999010,0,0.85104,-0.66927,51.062,-1.339,-1,375.000,-1,375.000,-1,300.000,300.000,300.000,325.000,-1,300.000,300.000,975.000,650.000,650.000,-1,-1,2,0,2,0,2,0,0,0,0,2,0,0,0,0,0,2,2
63,-1215.738,7146.247,-284.958,43.070,0.730721,-0.682616,-0.009051,0.681560,0.730221,-0.047477,0.039018,0.028524,0.998831,0,0.85104,-0.66927,51.062,-1.339,-1,375.000,-1,375.000,-1,300.000,300.000,300.000,325.000,-1,300.000,300.000,975.000,650.000,675.000,-1,-1,2,0,2,0,2,0,0,0,0,2,0,0,0,0,0,2,2
64,-1181.344,7177.187,-283.248,41.972,0.743697,-0.668440,-0.010146,0.667225,0.743118,-0.050859,0.041535,0.031054,0.998654,0,0.77104,-0.54927,46.262,-1.099,-1,375.000,-1,375.000,-1,300.000,300.000,300.000,325.000,-1,325.000,325.000,975.000,650.000,675.000,-1,-1,2,0,2,0,2,0,0,0,0,2,0,0,0,0,0,2,2
65,-1150.106,7204.451,-281.688,41.113,0.753647,-0.657184,-0.011201,0.655817,0.752997,-0.053843,0.043820,0.033233,0.998487,0,0.69104,-0.42927,41.462,-0.859,-1,375.000,-1,375.000,-1,300.000,300.000,300.000,325.000,-1,350.000,325.000,975.000,650.000,700.000,-1,-1,2,0,2,0,2,0,0,0,0,2,0,0,0,0,0,2,2
66,-1122.226,7228.260,-280.284,40.495,0.760711,-0.648976,-0.012183,0.647466,0.760001,-0.056449,0.045893,0.035053,0.998331,0,0.61104,-0.30927,36.662,-0.619,-1,375.000,-1,375.000,-1,300.000,300.000,300.000,325.000,-1,375.000,325.000,975.000,675.000,700.000,-1,-1,2,0,2,0,2,0,0,0,0,2,0,0,0,0,0,2,2
67,-1097.860,7248.791,-279.041,40.116,0.764992,-0.643907,-0.013064,0.642265,0.764232,-0.058693,0.047777,0.036509,0.998191,0,0.53104,-0.18927,31.862,-0.379,-1,375.000,-1,375.000,-1,300.000,300.000,300.000,325.000,-1,400.000,325.000,975.000,675.000,725.000,-1,-1,2,0,2,0,2,0,0,0,0,2,0,0,0,0,0,2,2
68,-1077.122,7266.179,-277.963,39.977,0.766554,-0.642032,-0.013821,0.640271,0.765756,-0.060590,0.049484,0.037596,0.998067,0,0.45104,-0.06927,27.062,-0.139,-1,375.000,-1,375.000,-1,300.000,300.000,300.000,325.000,-1,400.000,350.000,975.000,675.000,725.000,-1,-1,2,0,2,0,2,0,0,0,0,2,0,0,0,0,0,2,2
69,-1060.088,7280.513,-277.056,40.079,0.765420,-0.643369,-0.014440,0.641505,0.764597,-0.062150,0.051026,0.038308,0.997962,0,0.37104,0.05073,22.262,0.101,-1,375.000,-1,375.000,-1,300.000,300.000,300.000,325.000,-1,400.000,350.000,975.000,675.000,725.000,-1,-1,2,0,2,0,2,0,0,0,0,2,0,0,0,0,0,2,2
70,-1046.794,7291.836,-276.150,40.420,0.761564,-0.647918,-0.014928,0.645997,0.760753,-0.062789,0.052039,0.038174,0.997915,0,0.29104,0.17073,17.462,0.341,-1,375.000,-1,375.000,-1,300.000,300.000,300.000,325.000,-1,425.000,350.000,975.000,675.000,725.000,-1,-1,2,0,2,0,2,0,0,0,0,2,0,0,0,0,0,2,2
71,-1037.219,7300.122,-275.482,40.872,0.756422,-0.653905,-0.015272,0.651941,0.755627,-0.063253,0.052902,0.037889,0.997881,0,0.21104,0.22597,12.662,0.452,-1,375.000,-1,375.000,-1,300.000,300.000,300.000,325.000,-1,425.000,350.000,975.000,675.000,725.000,-1,-1,2,0,2,0,2,0,0,0,0,2,0,0,0,0,0,2,2
72,-1031.314,7305.313,-275.066,41.324,0.751235,-0.659853,-0.015477,0.657859,0.750455,-0.063544,0.053544,0.037555,0.997859,0,0.13104,0.22597,7.862,0.452,-1,375.000,-1,375.000,-1,300.000,300.000,300.000,325.000,-1,425.000,350.000,1000.000,675.000,725.000,-1,-1,2,0,2,0,2,0,0,0,0,2,0,0,0,0,0,2,2
73,-1029.030,7307.353,-274.906,41.776,0.746002,-0.665762,-0.015543,0.663753,0.745238,-0.063665,0.053969,0.037177,0.997850,0,0.05104,0.22597,3.062,0.452,-1,375.000,-1,375.000,-1,300.000,300.000,300.000,325.000,-1,425.000,350.000,1000.000,675.000,725.000,-1,-1,2,0,2,0,2,0,0,0,0,2,0,0,0,0,0,2,2
74,-1030.317,7306.185,-275.008,42.228,0.740725,-0.671630,-0.015472,0.669620,0.739974,-0.063615,0.054175,0.036760,0.997855,0,-0.02896,0.22597,-1.738,0.452,-1,375.000,-1,375.000,-1,300.000,300.000,300.000,325.000,-1,425.000,350.000,1000.000,675.000,725.000,-1,-1,2,0,2,0,2,0,0,0,0,2,0,0,0,0,0,2,2
75,-1035.123,7301.753,-275.373,42.680,0.735404,-0.677457,-0.015266,0.675461,0.734666,-0.063393,0.054162,0.036308,0.997872,0,-0.10896,0.22597,-6.538,0.452,-1,375.000,-1,375.000,-1,300.000,300.000,300.000,325.000,-1,425.000,350.000,1000.000,675.000,725.000,-1,-1,2,0,2,0,2,0,0,0,0,2,0,0,0,0,0,2,2
76,-1042.304,7295.025,-275.905,43.132,0.730040,-0.683241,-0.014961,0.681265,0.729310,-0.063126,0.054042,0.035892,0.997893,0,-0.16400,0.22597,-9.840,0.452,-1,375.000,-1,375.000,-1,300.000,300.000,300.000,325.000,-1,400.000,325.000,1000.000,675.000,725.000,-1,-1,2,0,2,0,2,0,0,0,0,2,0,0,0,0,0,2,2
77,-1049.432,7288.241,-276.428,43.584,0.724631,-0.688982,-0.014652,0.687022,0.723908,-0.062915,0.053954,0.035524,0.997911,0,-0.16400,0.22597,-9.840,0.452,-1,375.000,-1,375.000,-1,300.000,300.000,300.000,325.000,-1,400.000,325.000,975.000,675.000,725.000,-1,-1,2,0,2,0,2,0,0,0,0,2,0,0,0,0,0,2,2
78,-1056.506,7281.401,-276.885,44.036,0.719171,-0.694685,-0.014370,0.692758,0.718466,-0.062399,0.053672,0.034921,0.997948,0,-0.16400,0.22597,-9.840,0.452,-1,375.000,-1,375.000,-1,300.000,300.000,325.000,325.000,-1,400.000,325.000,975.000,675.000,725.000,-1,-1,2,0,2,0,2,0,0,0,0,2,0,0,0,0,0,2,2
79,-1063.526,7274.505,-277.302,44.488,0.713661,-0.700349,-0.014113,0.698463,0.712983,-0.061685,0.053264,0.034165,0.997996,0,-0.16400,0.22597,-9.840,0.452,-1,375.000,-1,375.000,-1,300.000,300.000,325.000,325.000,-1,400.000,325.000,975.000,675.000,725.000,-1,-1,2,0,2,0,2,0,0,0,0,2,0,0,0,0,0,2,2
80,-1070.491,7267.553,-277.719,44.940,0.708107,-0.705969,-0.013864,0.704125,0.707454,-0.060968,0.052849,0.033410,0.998043,0,-0.16400,0.22597,-9.840,0.452,-1,375.000,-1,375.000,-1,300.000,300.000,300.000,325.000,-1,375.000,300.000,1000.000,675.000,700.000,-1,-1,2,0,2,0,2,0,0,0,0,2,0,0,0,0,0,2,2
81,-1077.401,7260.547,-278.136,45.392,0.702508,-0.711545,-0.013622,0.709742,0.701881,-0.060247,0.052429,0.032655,0.998091,0,-0.16400,0.22597,-9.840,0.452,-1,375.000,-1,375.000,-1,300.000,300.000,300.000,325.000,-1,375.000,300.000,1000.000,675.000,700.000,-1,-1,2,0,2,0,2,0,0,0,0,2,0,0,0,0,0,2,2
82,-1084.256,7253.487,-278.554,45.844,0.696866,-0.717077,-0.013389,0.715314,0.696264,-0.059522,0.052004,0.031902,0.998137,0,-0.16400,0.22597,-9.840,0.452,-1,375.000,-1,375.000,-1,300.000,300.000,300.000,325.000,-1,375.000,300.000,1000.000,675.000,700.000,-1,-1,2,0,2,0,2,0,0,0,0,2,0,0,0,0,0,2,2
83,-1091.055,7246.373,-278.971,46.296,0.691179,-0.722564,-0.013163,0.720841,0.690602,-0.058795,0.051573,0.031149,0.998183,0,-0.16400,0.22597,-9.840,0.452,-1,375.000,-1,375.000,-1,300.000,300.000,300.000,325.000,-1,375.000,300.000,1000.000,675.000,700.000,-1,-1,2,0,2,0,2,0,0,0,0,2,0,0,0,0,0,2,2
84,-1097.798,7239.206,-279.389,46.748,0.685449,-0.728005,-0.012945,0.726323,0.684897,-0.058064,0.051137,0.030398,0.998229,0,-0.16400,0.22597,-9.840,0.452,-1,375.000,-1,375.000,-1,300.000,300.000,300.000,325.000,-1,375.000,300.000,1000.000,675.000,700.000,-1,-1,2,0,2,0,2,0,0,0,0,2,0,0,0,0,0,2,2
85,-1104.483,7231.985,-279.808,47.200,0.679676,-0.733402,-0.012735,0.731758,0.679149,-0.057330,0.050695,0.029647,0.998274,0,-0.16400,0.22597,-9.840,0.452,-1,375.000,-1,375.000,-1,300.000,300.000,300.000,325.000,-1,375.000,300.000,1000.000,675.000,700.000,-1,-1,2,0,2,0,2,0,0,0,0,2,0,0,0,0,0,2,2
86,-1111.112,7224.712,-280.226,47.651,0.673861,-0.738752,-0.012534,0.737148,0.673358,-0.056594,0.050249,0.028897,0.998319,0,-0.16400,0.22597,-9.840,0.452,-1,375.000,-1,375.000,-1,300.000,300.000,300.000,325.000,-1,350.000,300.000,1000.000,675.000,700.000,-1,-1,2,0,2,0,2,0,0,0,0,2,0,0,0,0,0,2,2
87,-1117.683,7217.387,-280.645,48.103,0.668003,-0.744056,-0.012341,0.742491,0.667524,-0.055855,0.049797,0.028148,0.998363,0,-0.16400,0.22597,-9.840,0.452,-1,375.000,-1,375.000,-1,300.000,300.000,300.000,325.000,-1,350.000,300.000,1000.000,675.000,675.000,-1,-1,2,0,2,0,2,0,0,0,0,2,0,0,0,0,0,2,2
88,-1124.196,7210.011,-281.064,48.555,0.662103,-0.749314,-0.012157,0.747787,0.661648,-0.055113,0.049341,0.027400,0.998406,0,-0.16400,0.22597,-9.840,0.452,-1,375.000,-1,375.000,-1,300.000,300.000,300.000,325.000,-1,350.000,275.000,1000.000,675.000,675.000,-1,-1,2,0,2,0,2,0,0,0,0,2,0,0,0,0,0,2,2
89,-1130.651,7202.583,-281.483,49.007,0.656162,-0.754525,-0.011981,0.753035,0.655730,-0.054370,0.048879,0.026653,0.998449,0,-0.16400,0.22597,-9.840,0.452,-1,375.000,-1,375.000,-1,300.000,300.000,300.000,325.000,-1,350.000,275.000,1000.000,675.000,675.000,-1,-1,2,0,2,0,2,0,0,0,0,2,0,0,0,0,0,2,2
90,-1137.047,7195.105,-281.902,49.459,0.650180,-0.759689,-0.011814,0.758237,0.649771,-0.053624,0.048414,0.025908,0.998491,0,-0.16400,0.22597,-9.840,0.452,-1,375.000,-1,375.000,-1,300.000,300.000,300.000,325.000,-1,350.000,275.000,1000.000,675.000,675.000,-1,-1,2,0,2,0,2,0,0,0,0,2,0,0,0,0,0,2,2
91,-1143.383,7187.576,-282.321,49.911,0.644156,-0.764805,-0.011655,0.763390,0.643770,-0.052876,0.047943,0.025163,0.998533,0,-0.16400,0.22597,-9.840,0.452,-1,375.000,-1,375.000,-1,300.000,300.000,300.000,325.000,-1,325.000,275.000,1000.000,675.000,675.000,-1,-1,2,0,2,0,2,0,0,0,0,2,0,0,0,0,0,2,2
92,-1146.615,7183.708,-282.535,50.123,0.641318,-0.767188,-0.011576,0.765792,0.640943,-0.052492,0.047691,0.024799,0.998554,0,-0.08400,0.10597,-5.040,0.212,-1,375.000,-1,375.000,-1,300.000,300.000,300.000,325.000,-1,325.000,275.000,1000.000,675.000,675.000,-1,-1,2,0,2,0,2,0,0,0,0,2,0,0,0,0,0,2,2
93,-1146.769,7183.524,-282.546,50.095,0.641694,-0.766874,-0.011570,0.765479,0.641318,-0.052471,0.047658,0.024814,0.998555,0,-0.00400,-0.01403,-0.240,-0.028,-1,375.000,-1,375.000,-1,300.000,300.000,300.000,325.000,-1,325.000,275.000,1000.000,675.000,675.000,-1,-1,2,0,2,0,2,0,0,0,0,2,0,0,0,0,0,2,2
94,-1143.831,7187.011,-282.352,49.893,0.644403,-0.764597,-0.011640,0.763186,0.644017,-0.052818,0.047881,0.025152,0.998536,0,0.07600,-0.10119,4.560,-0.202,-1,375.000,-1,375.000,-1,300.000,300.000,300.000,325.000,-1,325.000,275.000,1000.000,675.000,675.000,-1,-1,2,0,2,0,2,0,0,0,0,2,0,0,0,0,0,2,2
95,-1137.777,7194.149,-281.955,49.690,0.647107,-0.762308,-0.011805,0.760858,0.646705,-0.053541,0.048449,0.025665,0.998496,0,0.15600,-0.10119,9.360,-0.202,-1,375.000,-1,375.000,-1,300.000,300.000,300.000,325.000,-1,350.000,275.000,1000.000,675.000,675.000,-1,-1,2,0,2,0,2,0,0,0,0,2,0,0,0,0,0,2,2
96,-1128.579,7204.914,-281.351,49.488,0.649805,-0.760006,-0.012067,0.758497,0.649382,-0.054640,0.049363,0.026352,0.998433,0,0.23600,-0.10119,14.160,-0.202,-1,375.000,-1,375.000,-1,300.000,300.000,300.000,325.000,-1,350.000,275.000,1000.000,675.000,675.000,-1,-1,2,0,2,0,2,0,0,0,0,2,0,0,0,0,0,2,2
97,-1116.212,7219.286,-280.538,49.286,0.652497,-0.757690,-0.012428,0.756099,0.652047,-0.056111,0.050618,0.027215,0.998347,0,0.31600,-0.10119,18.960,-0.202,-1,375.000,-1,375.000,-1,300.000,300.000,325.000,325.000,-1,350.000,275.000,1000.000,675.000,675.000,-1,-1,2,0,2,0,2,0,0,0,0,2,0,0,0,0,0,2,2
98,-1100.650,7237.240,-279.508,49.083,0.655183,-0.755360,-0.012890,0.753663,0.654701,-0.057952,0.052214,0.028254,0.998236,0,0.39600,-0.10119,23.760,-0.202,-1,375.000,-1,375.000,-1,300.000,300.000,325.000,325.000,-1,350.000,300.000,1000.000,675.000,700.000,-1,-1,2,0,2,0,2,0,0,0,0,2,0,0,0,0,0,2,2
99,-1081.869,7258.756,-278.255,48.881,0.657864,-0.753016,-0.013456,0.751188,0.657341,-0.060161,0.054147,0.029470,0.998098,0,0.47600,-0.10119,28.560,-0.202,-1,375.000,-1,375.000,-1,300.000,300.000,325.000,325.000,-1,350.000,300.000,1000.000,675.000,700.000,-1,-1,2,0,2,0,2,0,0,0,0,2,0,0,0,0,0,2,2
100,-1059.842,7283.811,-276.770,48.678,0.660539,-0.750658,-0.014126,0.748669,0.659969,-0.062733,0.056413,0.030862,0.997930,0,0.55600,-0.10119,33.360,-0.202,-1,375.000,-1,375.000,-1,300.000,300.000,325.000,325.000,-1,350.000,300.000,1000.000,700.000,700.000,-1,-1,2,0,2,0,2,0,0,0,0,2,0,0,0,0,0,2,2
101,-1034.545,7312.381,-274.704,48.476,0.663170,-0.748315,-0.015175,0.746216,0.662610,-0.064108,0.058028,0.031191,0.997828,0,0.63600,-0.10119,38.160,-0.202,-1,375.000,-1,375.000,-1,300.000,300.000,325.000,300.000,-1,375.000,325.000,-1,700.000,725.000,-1,-1,2,0,2,0,2,0,0,0,0,2,0,0,2,0,0,2,2
102,-1005.952,7344.443,-272.247,48.274,0.665777,-0.745970,-0.016426,0.743768,0.665248,-0.065215,0.059576,0.031202,0.997736,0,0.71600,-0.10119,42.960,-0.202,-1,375.000,-1,375.000,-1,300.000,300.000,325.000,300.000,-1,400.000,350.000,-1,700.000,725.000,-1,-1,2,0,2,0,2,0,0,0,0,2,0,0,2,0,0,2,2
103,-974.039,7379.976,-269.406,48.071,0.668378,-0.743610,-0.017759,0.741276,0.667874,-0.066734,0.061485,0.031439,0.997613,0,0.79600,-0.10119,47.760,-0.202,-1,375.000,-1,375.000,-1,300.000,300.000,325.000,300.000,-1,425.000,375.000,-1,700.000,725.000,-1,-1,2,0,2,0,2,0,0,0,0,2,0,0,2,0,0,2,2
104,-941.648,7416.088,-266.413,48.109,0.667850,-0.744051,-0.019108,0.741586,0.667388,-0.068141,0.063453,0.031337,0.997493,0,0.80850,0.01881,48.510,0.038,-1,375.000,-1,375.000,-1,300.000,300.000,300.000,300.000,-1,425.000,400.000,-1,725.000,750.000,-1,-1,2,0,2,0,2,0,0,0,0,2,0,0,2,0,0,2,2
105,-909.432,7452.356,-263.280,48.387,0.664180,-0.747292,-0.020497,0.744718,0.663789,-0.069131,0.065267,0.030650,0.997397,0,0.80850,0.13881,48.510,0.278,-1,375.000,-1,375.000,-1,300.000,300.000,300.000,300.000,-1,425.000,425.000,-1,725.000,750.000,-1,-1,2,0,2,0,2,0,0,0,0,2,0,0,2,0,0,2,2
106,-877.506,7488.958,-260.048,48.904,0.657328,-0.753283,-0.021997,0.750599,0.657032,-0.070071,0.067236,0.029549,0.997299,0,0.80949,0.25881,48.569,0.518,-1,375.000,-1,375.000,-1,300.000,300.000,300.000,300.000,-1,425.000,450.000,-1,725.000,775.000,-1,-1,2,0,2,0,2,0,0,0,0,2,0,0,2,0,0,2,2
107,-846.011,7526.045,-256.734,49.662,0.647225,-0.761937,-0.023498,0.759144,0.647041,-0.070977,0.069284,0.028100,0.997201,0,0.81092,0.37881,48.655,0.758,-1,375.000,-1,375.000,-1,300.000,300.000,300.000,300.000,-1,425.000,475.000,-1,750.000,775.000,-1,-1,2,0,2,0,2,0,0,0,0,2,0,0,2,0,0,2,2
108,-815.011,7563.655,-253.349,50.503,0.635871,-0.771392,-0.024954,0.768495,0.635808,-0.071863,0.071301,0.026518,0.997102,0,0.81231,0.42080,48.739,0.842,-1,375.000,-1,400.000,-1,325.000,300.000,300.000,300.000,-1,450.000,475.000,-1,750.000,775.000,-1,-1,2,0,2,0,2,0,0,0,0,2,0,0,2,0,0,2,2
109,-784.521,7601.783,-249.896,51.352,0.624283,-0.780753,-0.026370,0.777757,0.624343,-0.072731,0.073249,0.024895,0.997003,0,0.81367,0.42416,48.820,0.848,-1,375.000,-1,400.000,-1,325.000,325.000,300.000,300.000,-1,450.000,475.000,-1,775.000,800.000,-1,-1,2,0,2,0,2,0,0,0,0,2,0,0,2,0,0,2,2
110,-754.554,7640.424,-246.346,52.207,0.612469,-0.790013,-0.027605,0.786925,0.612646,-0.073579,0.075040,0.023342,0.996907,0,0.81498,0.42752,48.899,0.855,-1,400.000,-1,400.000,-1,325.000,325.000,300.000,325.000,-1,450.000,500.000,-1,775.000,825.000,-1,-1,2,0,2,0,2,0,0,0,0,2,0,0,2,0,0,2,2
111,-725.127,7679.572,-242.668,53.069,0.600440,-0.799162,-0.028480,0.795996,0.600713,-0.074392,0.076559,0.021998,0.996822,0,0.81625,0.43089,48.975,0.862,-1,400.000,-1,400.000,-1,325.000,325.000,300.000,325.000,-1,475.000,525.000,-1,800.000,850.000,-1,-1,2,0,2,0,2,0,0,0,0,2,0,0,2,0,0,2,2
112,-696.254,7719.221,-239.108,53.937,0.588235,-0.808189,-0.028472,0.804970,0.588539,-0.075132,0.077478,0.021276,0.996767,0,0.81746,0.43427,49.048,0.869,-1,400.000,-1,400.000,-1,325.000,325.000,300.000,325.000,-1,500.000,550.000,-1,800.000,850.000,-1,-1,2,0,2,0,2,0,0,0,0,2,0,0,2,0,0,2,2
113,-667.950,7759.363,-235.533,54.812,0.575811,-0.817096,-0.028219,0.813835,0.576131,-0.075796,0.078191,0.020679,0.996724,0,0.81863,0.43766,49.118,0.875,-1,400.000,-1,400.000,-1,325.000,325.000,300.000,325.000,-1,525.000,575.000,-1,800.000,875.000,-1,-1,2,0,2,0,2,0,0,0,0,2,0,0,2,0,0,2,2
114,-640.229,7799.991,-231.969,55.695,0.563139,-0.825885,-0.028086,0.822615,0.563495,-0.076012,0.078604,0.019701,0.996711,0,0.81974,0.44105,49.184,0.882,-1,400.000,-1,400.000,-1,325.000,325.000,300.000,325.000,-1,575.000,625.000,-1,800.000,875.000,-1,-1,2,0,2,0,2,0,0,0,0,2,0,0,2,0,0,2,2
115,-613.107,7841.098,-228.415,56.583,0.550218,-0.834549,-0.028092,0.831302,0.550629,-0.075797,0.078725,0.018352,0.996727,0,0.82080,0.44445,49.248,0.889,-1,400.000,-1,400.000,-1,325.000,325.000,300.000,325.000,-1,625.000,675.000,-1,825.000,875.000,-1,-1,2,0,2,0,2,0,0,0,0,2,0,0,2,0,0,2,2
116,-586.598,7882.674,-224.808,57.479,0.537058,-0.843076,-0.028147,0.839861,0.537529,-0.075472,0.078758,0.016893,0.996751,0,0.82180,0.44785,49.308,0.896,-1,400.000,-1,400.000,-1,325.000,325.000,300.000,325.000,-1,675.000,725.000,-1,825.000,900.000,-1,-1,2,0,2,0,2,0,0,0,0,2,0,0,2,0,0,2,2
117,-560.718,7924.710,-221.089,58.382,0.523680,-0.851456,-0.027950,0.848289,0.524195,-0.075003,0.078513,0.015568,0.996792,0,0.82274,0.45125,49.364,0.903,-1,400.000,-1,400.000,-1,325.000,325.000,300.000,325.000,-1,725.000,800.000,-1,825.000,900.000,-1,-1,2,0,2,0,2,0,0,0,0,2,0,0,2,0,0,2,2
118,-535.481,7967.197,-217.296,59.291,0.510061,-0.859687,-0.027847,0.856584,0.510627,-0.074321,0.078112,0.014055,0.996846,0,0.82362,0.45466,49.417,0.909,-1,400.000,-1,425.000,-1,325.000,325.000,300.000,325.000,-1,800.000,875.000,-1,825.000,925.000,-1,-1,2,0,2,0,2,0,0,0,0,2,0,0,2,0,0,2,2
119,-513.146,8005.821,-213.834,59.960,0.499948,-0.865608,-0.027818,0.862571,0.500558,-0.073572,0.077609,0.012787,0.996902,0,0.74362,0.33466,44.617,0.669,-1,400.000,-1,425.000,-1,325.000,325.000,300.000,325.000,-1,900.000,975.000,-1,825.000,925.000,-1,-1,2,0,2,0,2,0,0,0,0,2,0,0,2,0,0,2,2
120,-493.472,8040.438,-210.752,60.390,0.493430,-0.869344,-0.027712,0.866368,0.494063,-0.072854,0.077026,0.011940,0.996958,0,0.66362,0.21466,39.817,0.429,-1,400.000,-1,425.000,-1,325.000,325.000,300.000,325.000,-1,975.000,-1,-1,825.000,925.000,-1,-1,2,0,2,0,2,0,0,0,0,2,0,2,2,0,0,2,2
121,-474.421,8074.219,-207.969,60.579,0.490622,-0.870968,-0.026545,0.868077,0.491186,-0.071959,0.075712,0.012262,0.997054,0,0.64637,0.09466,38.782,0.189,-1,400.000,-1,425.000,-1,325.000,325.000,300.000,325.000,-1,-1,-1,-1,825.000,925.000,-1,-1,2,0,2,0,2,0,0,0,0,2,2,2,2,0,0,2,2
122,-455.339,8107.985,-205.182,60.528,0.491468,-0.870526,-0.025361,0.867719,0.491952,-0.071044,0.074322,0.012910,0.997151,0,0.64642,-0.02534,38.785,-0.051,-1,400.000,-1,425.000,-1,325.000,325.000,300.000,325.000,-1,-1,-1,-1,825.000,925.000,-1,-1,2,0,2,0,2,0,0,0,0,2,2,2,2,0,0,2,2
123,-436.094,8141.641,-202.394,60.238,0.495963,-0.868008,-0.024143,0.865282,0.496356,-0.070127,0.072854,0.013889,0.997246,0,0.64617,-0.14534,38.770,-0.291,-1,400.000,-1,425.000,-1,325.000,325.000,300.000,325.000,-1,-1,-1,-1,825.000,925.000,-1,-1,2,0,2,0,2,0,0,0,0,2,2,2,2,0,0,2,2
124,-416.555,8175.088,-199.610,59.707,0.504075,-0.863357,-0.022877,0.860712,0.504364,-0.069224,0.071304,0.015203,0.997339,0,0.64560,-0.26534,38.736,-0.531,-1,400.000,-1,425.000,-1,325.000,325.000,300.000,325.000,-1,-1,-1,-1,825.000,925.000,-1,-1,2,0,2,0,2,0,0,0,0,2,2,2,2,0,0,2,2
125,-396.597,8208.221,-196.834,58.936,0.515743,-0.856472,-0.021548,0.853907,0.515918,-0.068356,0.069662,0.016854,0.997428,0,0.64467,-0.38534,38.680,-0.771,-1,400.000,-1,425.000,-1,325.000,325.000,300.000,325.000,-1,-1,-1,-1,825.000,925.000,-1,-1,2,0,2,0,2,0,0,0,0,2,2,2,2,0,0,2,2
126,-376.113,8240.940,-194.070,57.949,0.530524,-0.847430,-0.020145,0.844944,0.530573,-0.067539,0.067923,0.018810,0.997513,0,0.64337,-0.49342,38.602,-0.987,-1,400.000,-1,425.000,-1,325.000,325.000,325.000,325.000,-1,-1,-1,-1,825.000,950.000,-1,-1,2,0,2,0,2,0,0,0,0,2,2,2,2,0,0,2,2
127,-355.124,8273.218,-191.355,56.966,0.545106,-0.838160,-0.018631,0.835748,0.545024,-0.066890,0.066219,0.020892,0.997586,0,0.64170,-0.49194,38.502,-0.984,-1,400.000,-1,425.000,-1,325.000,325.000,325.000,325.000,-1,-1,-1,-1,825.000,950.000,-1,-1,2,0,2,0,2,0,0,0,0,2,2,2,2,0,0,2,2
128,-333.647,8305.042,-188.751,55.984,0.559500,-0.828658,-0.016926,0.826299,0.559270,-0.066688,0.064728,0.023326,0.997630,0,0.63988,-0.49070,38.393,-0.981,-1,400.000,-1,425.000,-1,325.000,325.000,325.000,325.000,-1,-1,-1,-1,825.000,950.000,-1,-1,2,0,2,0,2,0,0,0,0,2,2,2,2,0,0,2,2
129,-311.696,8336.398,-186.271,55.005,0.573670,-0.818936,-0.015699,0.816620,0.573324,-0.066572,0.063519,0.025370,0.997658,0,0.63794,-0.48970,38.276,-0.979,-1,400.000,-1,425.000,-1,325.000,325.000,325.000,300.000,-1,-1,-1,-1,850.000,950.000,-1,-1,2,0,2,0,2,0,0,0,0,2,2,2,2,0,0,2,2
130,-289.285,8367.276,-183.932,54.027,0.587626,-0.808999,-0.014721,0.806747,0.587192,-0.066074,0.062098,0.026951,0.997706,0,0.63590,-0.48893,38.154,-0.978,-1,400.000,-1,425.000,-1,325.000,325.000,325.000,300.000,-1,-1,-1,-1,850.000,950.000,-1,-1,2,0,2,0,2,0,0,0,0,2,2,2,2,0,0,2,2
131,-266.427,8397.665,-181.768,53.050,0.601370,-0.798850,-0.013908,0.796701,0.600882,-0.064878,0.060185,0.027935,0.997796,0,0.63378,-0.48840,38.027,-0.977,-1,400.000,-1,425.000,-1,325.000,325.000,325.000,300.000,-1,-1,-1,-1,825.000,950.000,-1,-1,2,0,2,0,2,0,0,0,0,2,2,2,2,0,0,2,2
132,-243.134,8427.559,-179.637,52.074,0.614929,-0.788474,-0.013051,0.786429,0.614388,-0.063694,0.058240,0.028904,0.997884,0,0.63161,-0.48812,37.897,-0.976,-1,400.000,-1,425.000,-1,325.000,325.000,300.000,300.000,-1,-1,-1,-1,825.000,950.000,-1,-1,2,0,2,0,2,0,0,0,0,2,2,2,2,0,0,2,2
133,-219.417,8456.949,-177.565,51.098,0.628302,-0.777874,-0.012182,0.775938,0.627716,-0.062391,0.056179,0.029748,0.997977,0,0.62943,-0.48806,37.766,-0.976,-1,400.000,-1,425.000,-1,325.000,325.000,300.000,300.000,-1,-1,-1,-1,825.000,950.000,-1,-1,2,0,2,0,2,0,0,0,0,2,2,2,2,0,0,2,2
134,-195.287,8485.831,-175.533,50.121,0.641495,-0.767045,-0.011271,0.765220,0.640866,-0.061075,0.054071,0.030554,0.998070,0,0.62726,-0.48825,37.636,-0.976,-1,400.000,-1,425.000,-1,325.000,325.000,300.000,300.000,-1,-1,-1,-1,825.000,950.000,-1,-1,2,0,2,0,2,0,0,0,0,2,2,2,2,0,0,2,2
