timestep,x_cm,y_cm,z_cm,yaw_deg,basis_xx,basis_xy,basis_xz,basis_yx,basis_yy,basis_yz,basis_zx,basis_zy,basis_zz,teleport_flag,throttle_cmd,steering_cmd,cmd_move_cm,cmd_turn_deg,lidar_cm_0,lidar_cm_1,lidar_cm_2,lidar_cm_3,lidar_cm_4,lidar_cm_5,lidar_cm_6,lidar_cm_7,lidar_cm_8,lidar_cm_9,lidar_cm_10,lidar_cm_11,lidar_cm_12,lidar_cm_13,lidar_cm_14,lidar_cm_15,lidar_cm_16,lidar_class_0,lidar_class_1,lidar_class_2,lidar_class_3,lidar_class_4,lidar_class_5,lidar_class_6,lidar_class_7,lidar_class_8,lidar_class_9,lidar_class_10,lidar_class_11,lidar_class_12,lidar_class_13,lidar_class_14,lidar_class_15,lidar_class_16
0,8855.083,-1639.837,-248.416,-96.037,-0.104605,0.994444,-0.011768,-0.992062,-0.105170,-0.068930,-0.069785,0.004464,0.997552,1,0.00000,0.00000,4.800,0.240,-1,400.000,-1,375.000,-1,325.000,325.000,300.000,325.000,-1,-1,-1,-1,725.000,675.000,-1,-1,2,0,2,0,2,0,0,0,0,2,2,2,2,0,0,2,2
1,8855.608,-1635.065,-248.083,-96.277,-0.108774,0.993996,-0.011842,-0.991604,-0.109335,-0.069046,-0.069926,0.004232,0.997543,0,-0.08000,-0.12000,-4.800,-0.240,-1,400.000,-1,375.000,-1,325.000,300.000,300.000,325.000,-1,-1,-1,-1,725.000,675.000,-1,-1,2,0,2,0,2,0,0,0,0,2,2,2,2,0,0,2,2
2,8856.709,-1625.529,-247.418,-96.587,-0.114150,0.993391,-0.011986,-0.990981,-0.114709,-0.069269,-0.070187,0.003970,0.997526,0,-0.16000,-0.15494,-9.600,-0.310,-1,400.000,-1,375.000,-1,325.000,300.000,300.000,325.000,-1,-1,-1,-1,725.000,675.000,-1,-1,2,0,2,0,2,0,0,0,0,2,2,2,2,0,0,2,2
3,8858.438,-1611.233,-246.421,-96.896,-0.119501,0.992759,-0.012200,-0.990324,-0.120063,-0.069598,-0.070558,0.003765,0.997501,0,-0.24000,-0.15446,-14.400,-0.309,-1,400.000,-1,375.000,-1,325.000,300.000,300.000,325.000,-1,-1,-1,-1,725.000,675.000,-1,-1,2,0,2,0,2,0,0,0,0,2,2,2,2,0,0,2,2
4,8860.846,-1592.185,-245.091,-97.203,-0.124816,0.992101,-0.012485,-0.989633,-0.125387,-0.070028,-0.071040,0.003615,0.997467,0,-0.32000,-0.15366,-19.200,-0.307,-1,400.000,-1,375.000,-1,325.000,300.000,300.000,325.000,-1,-1,-1,-1,725.000,675.000,-1,-1,2,0,2,0,2,0,0,0,0,2,2,2,2,0,0,2,2
5,8863.408,-1572.746,-243.733,-97.508,-0.130085,0.991420,-0.012781,-0.988919,-0.130665,-0.070463,-0.071528,0.003473,0.997433,0,-0.32679,-0.15248,-19.607,-0.305,-1,400.000,-1,375.000,-1,325.000,300.000,300.000,325.000,-1,-1,-1,-1,725.000,675.000,-1,-1,2,0,2,0,2,0,0,0,0,2,2,2,2,0,0,2,2
6,8866.065,-1553.372,-242.378,-97.810,-0.135305,0.990718,-0.013081,-0.988184,-0.135895,-0.070892,-0.072011,0.003334,0.997398,0,-0.32592,-0.15115,-19.555,-0.302,-1,375.000,-1,375.000,-1,325.000,300.000,300.000,300.000,-1,-1,-1,-1,725.000,675.000,-1,-1,2,0,2,0,2,0,0,0,0,2,2,2,2,0,0,2,2
7,8868.817,-1534.061,-241.025,-98.110,-0.140470,0.989994,-0.013384,-0.987428,-0.141070,-0.071314,-0.072489,0.003198,0.997364,0,-0.32511,-0.14971,-19.506,-0.299,-1,375.000,-1,375.000,-1,325.000,300.000,300.000,300.000,-1,1000.000,-1,-1,725.000,675.000,-1,-1,2,0,2,0,2,0,0,0,0,2,1,2,2,0,0,2,2
8,8871.917,-1512.713,-239.528,-98.262,-0.143080,0.989616,-0.013708,-0.987016,-0.143698,-0.071771,-0.072995,0.003261,0.997327,0,-0.35953,-0.07607,-21.572,-0.152,-1,375.000,-1,375.000,-1,325.000,300.000,300.000,300.000,-1,975.000,-1,-1,725.000,675.000,-1,-1,2,0,2,0,2,0,0,0,0,2,1,2,2,0,0,2,2
9,8875.091,-1491.229,-238.019,-98.405,-0.145530,0.989254,-0.014035,-0.986620,-0.146167,-0.072224,-0.073499,0.003337,0.997290,0,-0.36194,-0.07150,-21.716,-0.143,-1,375.000,-1,375.000,-1,325.000,300.000,300.000,300.000,-1,975.000,-1,-1,725.000,675.000,-1,-1,2,0,2,0,2,0,0,0,0,2,1,2,2,0,0,2,2
10,8878.337,-1469.608,-236.498,-98.539,-0.147818,0.988910,-0.014365,-0.986242,-0.148475,-0.072674,-0.074000,0.003425,0.997252,0,-0.36440,-0.06683,-21.864,-0.134,-1,375.000,-1,375.000,-1,325.000,300.000,300.000,300.000,-1,950.000,1000.000,-1,725.000,675.000,-1,-1,2,0,2,0,2,0,0,0,0,2,1,1,2,0,0,2,2
11,8881.653,-1447.843,-234.966,-98.663,-0.149939,0.988586,-0.014698,-0.985884,-0.150616,-0.073120,-0.074499,0.003527,0.997215,0,-0.36692,-0.06205,-22.015,-0.124,-1,375.000,-1,375.000,-1,325.000,300.000,300.000,300.000,-1,925.000,975.000,-1,725.000,675.000,-1,-1,2,0,2,0,2,0,0,0,0,2,1,1,2,0,0,2,2
12,8885.036,-1425.933,-233.422,-98.777,-0.151891,0.988283,-0.015033,-0.985548,-0.152589,-0.073562,-0.074994,0.003642,0.997177,0,-0.36950,-0.05718,-22.170,-0.114,-1,375.000,-1,375.000,-1,325.000,300.000,300.000,300.000,-1,900.000,975.000,-1,725.000,675.000,-1,-1,2,0,2,0,2,0,0,0,0,2,1,1,2,0,0,2,2
13,8889.316,-1399.305,-231.545,-99.131,-0.157982,0.987321,-0.015469,-0.984543,-0.158698,-0.074094,-0.075609,0.003525,0.997131,0,-0.44950,-0.17718,-26.970,-0.354,-1,375.000,-1,375.000,-1,300.000,300.000,300.000,300.000,-1,875.000,925.000,-1,725.000,675.000,-1,-1,2,0,2,0,2,0,0,0,0,2,1,1,2,0,0,2,2
14,8894.281,-1370.206,-229.492,-99.684,-0.167475,0.985747,-0.015977,-0.982920,-0.168205,-0.074663,-0.076287,0.003200,0.997081,0,-0.49200,-0.27606,-29.520,-0.552,-1,375.000,-1,375.000,-1,300.000,300.000,300.000,300.000,-1,850.000,900.000,-1,725.000,675.000,-1,-1,2,0,2,0,2,0,0,0,0,2,1,1,2,0,0,2,2
15,8899.558,-1340.945,-227.301,-100.222,-0.176753,0.984125,-0.015985,-0.981272,-0.177458,-0.074928,-0.076575,0.002442,0.997061,0,-0.49554,-0.26910,-29.732,-0.538,-1,375.000,-1,375.000,-1,300.000,300.000,300.000,300.000,-1,825.000,850.000,-1,725.000,675.000,-1,-1,2,0,2,0,2,0,0,0,0,2,1,1,2,0,0,2,2
16,8905.143,-1311.517,-225.115,-100.746,-0.185768,0.982463,-0.016003,-0.979612,-0.186448,-0.074812,-0.076484,0.001779,0.997069,0,-0.49923,-0.26192,-29.954,-0.524,-1,375.000,-1,375.000,-1,325.000,300.000,300.000,300.000,-1,800.000,825.000,-1,725.000,675.000,-1,-1,2,0,2,0,2,0,0,0,0,2,1,1,2,0,0,2,2
17,8911.034,-1281.912,-222.913,-101.255,-0.194513,0.980769,-0.016029,-0.977922,-0.195169,-0.074684,-0.076376,0.001148,0.997078,0,-0.50309,-0.25451,-30.185,-0.509,-1,375.000,-1,375.000,-1,325.000,325.000,300.000,300.000,-1,750.000,775.000,-1,725.000,700.000,-1,-1,2,0,2,0,2,0,0,0,0,2,1,1,2,0,0,2,2
18,8917.229,-1252.122,-220.672,-101.747,-0.202949,0.979056,-0.016145,-0.976222,-0.203589,-0.074446,-0.076174,0.000652,0.997094,0,-0.50712,-0.24617,-30.427,-0.492,-1,375.000,-1,375.000,-1,325.000,325.000,300.000,300.000,-1,725.000,750.000,-1,725.000,700.000,-1,-1,2,0,2,0,2,0,0,0,0,2,1,1,2,0,0,2,2
19,8923.724,-1222.138,-218.459,-102.222,-0.211098,0.977333,-0.016032,-0.974532,-0.211706,-0.073952,-0.075670,0.000012,0.997133,0,-0.51132,-0.23771,-30.679,-0.475,-1,375.000,-1,375.000,-1,325.000,325.000,300.000,300.000,-1,700.000,700.000,-1,725.000,700.000,-1,-1,2,0,2,0,2,0,0,0,0,2,1,1,2,0,0,2,2
20,8930.516,-1191.950,-216.270,-102.681,-0.218953,0.975608,-0.015734,-0.972847,-0.219517,-0.073358,-0.075022,-0.000755,0.997182,0,-0.51570,-0.22915,-30.942,-0.458,-1,400.000,-1,375.000,-1,325.000,325.000,300.000,300.000,-1,675.000,675.000,-1,725.000,700.000,-1,-1,2,0,2,0,2,0,0,0,0,2,1,1,2,0,0,2,2
21,8937.603,-1161.549,-214.067,-103.122,-0.226499,0.973889,-0.015424,-0.971169,-0.227019,-0.072750,-0.074352,-0.001499,0.997231,0,-0.52027,-0.22049,-31.216,-0.441,-1,400.000,-1,400.000,-1,325.000,325.000,300.000,300.000,-1,625.000,625.000,-1,750.000,725.000,-1,-1,2,0,2,0,2,0,0,0,0,2,1,1,2,0,0,2,2
22,8944.981,-1130.923,-211.849,-103.545,-0.233734,0.972183,-0.015102,-0.969507,-0.234210,-0.072129,-0.073660,-0.002217,0.997281,0,-0.52503,-0.21175,-31.502,-0.423,-1,400.000,-1,400.000,-1,325.000,325.000,300.000,300.000,-1,600.000,600.000,-1,750.000,725.000,-1,-1,2,0,2,0,2,0,0,0,0,2,1,1,2,0,0,2,2
23,8952.648,-1100.062,-209.617,-103.951,-0.240655,0.970498,-0.014768,-0.967866,-0.241090,-0.071493,-0.072944,-0.002911,0.997332,0,-0.52998,-0.20292,-31.799,-0.406,-1,400.000,-1,400.000,-1,325.000,325.000,300.000,300.000,-1,575.000,550.000,-1,750.000,725.000,-1,-1,2,0,2,0,2,0,0,0,0,2,1,1,2,0,0,2,2
24,8960.599,-1068.955,-207.369,-104.339,-0.247262,0.968841,-0.014422,-0.966255,-0.247656,-0.070842,-0.072206,-0.003581,0.997383,0,-0.53512,-0.19400,-32.107,-0.388,-1,400.000,-1,400.000,-1,325.000,325.000,300.000,300.000,-1,525.000,525.000,-1,750.000,725.000,-1,-1,2,0,2,0,2,0,0,0,0,2,1,1,2,0,0,2,2
25,8968.833,-1037.590,-205.106,-104.709,-0.253553,0.967219,-0.014064,-0.964679,-0.253907,-0.070175,-0.071445,-0.004225,0.997436,0,-0.54047,-0.18502,-32.428,-0.370,-1,400.000,-1,400.000,-1,325.000,325.000,300.000,300.000,-1,500.000,500.000,-1,750.000,750.000,-1,-1,2,0,2,0,2,0,0,0,0,2,1,1,2,0,0,2,2
26,8977.346,-1005.954,-202.826,-105.061,-0.259527,0.965639,-0.013694,-0.963147,-0.259843,-0.069491,-0.070661,-0.004845,0.997489,0,-0.54601,-0.17596,-32.761,-0.352,-1,400.000,-1,400.000,-1,325.000,325.000,300.000,300.000,-1,475.000,450.000,-1,750.000,750.000,-1,-1,2,0,2,0,2,0,0,0,0,2,1,1,2,0,0,2,2
27,8986.135,-974.036,-200.529,-105.395,-0.265183,0.964106,-0.013312,-0.961665,-0.265461,-0.068789,-0.069854,-0.005440,0.997542,0,-0.55176,-0.16683,-33.106,-0.334,-1,400.000,-1,400.000,-1,325.000,325.000,300.000,300.000,-1,425.000,425.000,-1,775.000,750.000,-1,-1,2,0,2,0,2,0,0,0,0,2,1,1,2,0,0,2,2
28,8995.193,-941.834,-198.215,-105.711,-0.270533,0.962624,-0.012917,-0.960233,-0.270774,-0.068069,-0.069023,-0.006012,0.997597,0,-0.55754,-0.15804,-33.452,-0.316,-1,400.000,-1,400.000,-1,325.000,325.000,300.000,300.000,-1,400.000,375.000,-1,775.000,775.000,-1,-1,2,0,2,0,2,0,0,0,0,2,1,1,2,0,0,2,2
29,9004.495,-909.428,-195.889,-106.016,-0.275694,0.961164,-0.012505,-0.958825,-0.275899,-0.067341,-0.068176,-0.006576,0.997652,0,-0.56191,-0.15267,-33.715,-0.305,-1,400.000,-1,400.000,-1,325.000,325.000,300.000,300.000,-1,350.000,350.000,-1,775.000,775.000,-1,-1,2,0,2,0,2,0,0,0,0,2,1,1,2,0,0,2,2
30,9014.038,-876.816,-193.542,-106.310,-0.280668,0.959729,-0.012055,-0.957440,-0.280835,-0.066634,-0.067336,-0.007160,0.997705,0,-0.56632,-0.14725,-33.979,-0.294,-1,400.000,-1,400.000,-1,325.000,325.000,300.000,300.000,-1,325.000,300.000,-1,775.000,775.000,-1,-1,2,0,2,0,2,0,0,0,0,2,1,1,2,0,0,2,2
31,9023.818,-843.997,-191.184,-106.594,-0.285450,0.958324,-0.011594,-0.956086,-0.285580,-0.065909,-0.066473,-0.007729,0.997758,0,-0.57076,-0.14179,-34.245,-0.284,-1,400.000,-1,400.000,-1,325.000,325.000,300.000,300.000,-1,300.000,275.000,-1,775.000,800.000,-1,-1,2,0,2,0,2,0,0,0,0,2,1,1,2,0,0,2,2
32,9033.832,-810.968,-188.817,-106.867,-0.290040,0.956950,-0.011122,-0.954764,-0.290135,-0.065167,-0.065589,-0.008283,0.997812,0,-0.57523,-0.13628,-34.514,-0.273,-1,400.000,-1,400.000,-1,325.000,325.000,300.000,300.000,-1,250.000,225.000,-1,800.000,800.000,-1,-1,2,0,2,0,2,0,0,0,0,2,1,1,2,0,0,2,2
33,9044.077,-777.726,-186.438,-107.128,-0.294437,0.955612,-0.010638,-0.953479,-0.294497,-0.064408,-0.064682,-0.008821,0.997867,0,-0.57974,-0.13073,-34.785,-0.261,-1,400.000,-1,400.000,-1,325.000,325.000,300.000,300.000,-1,225.000,200.000,-1,800.000,800.000,-1,-1,2,0,2,0,2,0,0,0,0,2,1,1,2,0,0,2,2
34,9052.918,-749.074,-184.394,-107.150,-0.294816,0.955499,-0.010225,-0.953414,-0.294855,-0.063736,-0.063915,-0.009042,0.997914,0,-0.49974,-0.01073,-29.985,-0.021,-1,400.000,-1,400.000,-1,325.000,325.000,300.000,300.000,-1,200.000,175.000,-1,800.000,825.000,-1,-1,2,0,2,0,2,0,0,0,0,2,1,1,2,0,0,2,2
35,9060.253,-724.981,-182.728,-106.931,-0.291166,0.956619,-0.010102,-0.954567,-0.291209,-0.063238,-0.063437,-0.008770,0.997947,0,-0.41974,0.10927,-25.185,0.219,-1,400.000,-1,400.000,-1,325.000,325.000,300.000,300.000,-1,175.000,150.000,-1,800.000,825.000,-1,-1,2,0,2,0,2,0,0,0,0,2,1,1,2,0,0,2,2
36,9066.033,-705.433,-181.385,-106.472,-0.283486,0.958924,-0.010041,-0.956898,-0.283545,-0.062829,-0.063095,-0.008203,0.997974,0,-0.33974,0.22927,-20.385,0.459,-1,400.000,-1,400.000,-1,325.000,325.000,300.000,300.000,-1,150.000,125.000,-1,800.000,825.000,-1,-1,2,0,2,0,2,0,0,0,0,2,1,1,2,0,0,2,2
37,9070.269,-690.435,-180.310,-105.774,-0.271760,0.962314,-0.009890,-0.960302,-0.271835,-0.062658,-0.062985,-0.007530,0.997986,0,-0.25974,0.34927,-15.585,0.699,-1,400.000,-1,400.000,-1,325.000,325.000,300.000,300.000,-1,125.000,100.000,-1,800.000,825.000,-1,-1,2,0,2,0,2,0,0,0,0,2,1,1,2,0,0,2,2
38,9073.030,-680.010,-179.578,-104.835,-0.255930,0.966645,-0.009854,-0.964648,-0.256038,-0.062438,-0.062879,-0.006475,0.998000,0,-0.17974,0.46927,-10.785,0.939,-1,400.000,-1,400.000,-1,325.000,325.000,300.000,300.000,-1,100.000,100.000,-1,800.000,825.000,-1,-1,2,0,2,0,2,0,0,0,0,2,1,1,2,0,0,2,2
39,9074.464,-674.199,-179.192,-103.863,-0.239458,0.970856,-0.009928,-0.968877,-0.239605,-0.062189,-0.062755,-0.005272,0.998015,0,-0.09974,0.48600,-5.985,0.972,-1,400.000,-1,400.000,-1,325.000,325.000,300.000,300.000,-1,100.000,100.000,-1,800.000,825.000,-1,-1,2,0,2,0,2,0,0,0,0,2,1,1,2,0,0,2,2
40,9074.728,-673.044,-179.135,-102.890,-0.222879,0.974794,-0.010066,-0.972830,-0.223070,-0.061975,-0.062658,-0.004021,0.998027,0,-0.01974,0.48695,-1.185,0.974,-1,400.000,-1,400.000,-1,325.000,325.000,300.000,300.000,-1,100.000,75.000,-1,800.000,825.000,-1,-1,2,0,2,0,2,0,0,0,0,2,1,1,2,0,0,2,2
41,9073.982,-676.582,-179.384,-101.915,-0.206232,0.978450,-0.010191,-0.976495,-0.206464,-0.061886,-0.062656,-0.002811,0.998031,0,0.06026,0.48714,3.615,0.974,-1,400.000,-1,400.000,-1,325.000,325.000,300.000,300.000,-1,100.000,100.000,-1,800.000,825.000,-1,-1,2,0,2,0,2,0,0,0,0,2,1,1,2,0,0,2,2
42,9072.384,-684.844,-179.908,-100.942,-0.189551,0.981818,-0.010202,-0.979858,-0.189817,-0.062030,-0.062839,-0.001762,0.998022,0,0.14026,0.48656,8.415,0.973,-1,400.000,-1,400.000,-1,325.000,325.000,300.000,300.000,-1,100.000,100.000,-1,800.000,825.000,-1,-1,2,0,2,0,2,0,0,0,0,2,1,1,2,0,0,2,2
43,9070.096,-697.860,-180.750,-99.972,-0.172861,0.984893,-0.010216,-0.982924,-0.173161,-0.062251,-0.063079,-0.000719,0.998008,0,0.22026,0.48524,13.215,0.970,-1,400.000,-1,400.000,-1,325.000,325.000,300.000,300.000,-1,125.000,125.000,-1,800.000,825.000,-1,-1,2,0,2,0,2,0,0,0,0,2,1,1,2,0,0,2,2
44,9067.276,-715.653,-181.964,-99.005,-0.156179,0.987674,-0.010435,-0.985689,-0.156527,-0.062576,-0.063438,0.000512,0.997986,0,0.30026,0.48316,18.015,0.966,-1,400.000,-1,400.000,-1,325.000,325.000,300.000,300.000,-1,125.000,125.000,-1,800.000,825.000,-1,-1,2,0,2,0,2,0,0,0,0,2,1,1,2,0,0,2,2
45,9064.083,-738.244,-183.531,-98.045,-0.139541,0.990158,-0.010790,-0.988149,-0.139945,-0.063058,-0.063947,0.001863,0.997952,0,0.38026,0.48034,22.815,0.961,-1,400.000,-1,400.000,-1,325.000,325.000,300.000,300.000,-1,150.000,150.000,-1,800.000,800.000,-1,-1,2,0,2,0,2,0,0,0,0,2,1,1,2,0,0,2,2
46,9060.674,-765.648,-185.431,-97.091,-0.122982,0.992346,-0.011187,-0.990308,-0.123447,-0.063643,-0.064537,0.003251,0.997910,0,0.46026,0.47677,27.615,0.954,-1,400.000,-1,400.000,-1,325.000,325.000,300.000,300.000,-1,175.000,200.000,-1,800.000,800.000,-1,-1,2,0,2,0,2,0,0,0,0,2,1,1,2,0,0,2,2
47,9057.203,-797.877,-187.657,-96.146,-0.106536,0.994241,-0.011594,-0.992167,-0.107064,-0.064356,-0.065227,0.004647,0.997860,0,0.54026,0.47247,32.415,0.945,-1,400.000,-1,400.000,-1,325.000,325.000,300.000,300.000,-1,225.000,225.000,-1,800.000,800.000,-1,-1,2,0,2,0,2,0,0,0,0,2,1,1,2,0,0,2,2
48,9054.202,-830.784,-189.925,-95.211,-0.090236,0.995848,-0.011984,-0.993738,-0.090828,-0.065082,-0.065900,0.006036,0.997808,0,0.55072,0.46743,33.043,0.935,-1,400.000,-1,400.000,-1,325.000,325.000,300.000,300.000,-1,250.000,275.000,-1,800.000,800.000,-1,-1,2,0,2,0,2,0,0,0,0,2,1,1,2,0,0,2,2
49,9051.712,-863.992,-192.212,-94.287,-0.074089,0.997175,-0.012359,-0.995029,-0.074745,-0.065805,-0.066543,0.007422,0.997756,0,0.55502,0.46232,33.301,0.925,-1,400.000,-1,400.000,-1,325.000,325.000,300.000,300.000,-1,275.000,300.000,-1,800.000,775.000,-1,-1,2,0,2,0,2,0,0,0,0,2,1,1,2,0,0,2,2
50,9049.319,-902.019,-194.833,-93.602,-0.062108,0.997988,-0.012760,-0.995798,-0.062824,-0.066626,-0.067294,0.008568,0.997696,0,0.63502,0.34232,38.101,0.685,-1,400.000,-1,400.000,-1,325.000,325.000,300.000,300.000,-1,325.000,350.000,-1,775.000,775.000,-1,-1,2,0,2,0,2,0,0,0,0,2,1,1,2,0,0,2,2
51,9046.956,-944.855,-197.787,-93.157,-0.054307,0.998437,-0.013190,-0.996195,-0.055077,-0.067545,-0.068166,0.009472,0.997629,0,0.71502,0.22232,42.901,0.445,-1,400.000,-1,400.000,-1,325.000,325.000,300.000,300.000,-1,375.000,400.000,-1,775.000,775.000,-1,-1,2,0,2,0,2,0,0,0,0,2,1,1,2,0,0,2,2
52,9044.498,-992.493,-201.075,-92.953,-0.050690,0.998621,-0.013659,-0.996316,-0.051511,-0.068560,-0.069169,0.010133,0.997553,0,0.79502,0.10232,47.701,0.205,-1,400.000,-1,400.000,-1,325.000,325.000,300.000,300.000,-1,425.000,450.000,-1,775.000,750.000,-1,-1,2,0,2,0,2,0,0,0,0,2,1,1,2,0,0,2,2
53,9042.179,-1040.554,-204.394,-92.763,-0.047330,0.998779,-0.014125,-0.996411,-0.048201,-0.069579,-0.070175,0.010782,0.997476,0,0.80195,0.09492,48.117,0.190,-1,400.000,-1,400.000,-1,325.000,325.000,300.000,300.000,-1,475.000,525.000,-1,775.000,750.000,-1,-1,2,0,2,0,2,0,0,0,0,2,1,1,2,0,0,2,2
54,9039.991,-1088.961,-207.736,-92.588,-0.044228,0.998915,-0.014591,-0.996482,-0.045152,-0.070599,-0.071182,0.011417,0.997398,0,0.80759,0.08746,48.455,0.175,-1,400.000,-1,400.000,-1,325.000,325.000,300.000,300.000,-1,525.000,575.000,-1,775.000,750.000,-1,-1,2,0,2,0,2,0,0,0,0,2,1,1,2,0,0,2,2
55,9037.923,-1137.715,-211.104,-92.428,-0.041388,0.999030,-0.015055,-0.996532,-0.042364,-0.071622,-0.072190,0.012039,0.997318,0,0.81331,0.07993,48.798,0.160,-1,400.000,-1,400.000,-1,325.000,325.000,300.000,300.000,-1,575.000,650.000,-1,775.000,725.000,-1,-1,2,0,2,0,2,0,0,0,0,2,1,1,2,0,0,2,2
56,9035.965,-1186.823,-214.497,-92.284,-0.038812,0.999126,-0.015520,-0.996562,-0.039841,-0.072647,-0.073202,0.012647,0.997237,0,0.81910,0.07234,49.146,0.145,-1,400.000,-1,400.000,-1,325.000,325.000,300.000,300.000,-1,625.000,700.000,-1,750.000,725.000,-1,-1,2,0,2,0,2,0,0,0,0,2,1,1,2,0,0,2,2
57,9034.102,-1236.297,-217.916,-92.156,-0.036540,0.999204,-0.015985,-0.996572,-0.037622,-0.073676,-0.074219,0.013238,0.997154,0,0.82515,0.06361,49.509,0.127,-1,400.000,-1,375.000,-1,325.000,325.000,300.000,300.000,-1,700.000,775.000,-1,750.000,700.000,-1,-1,2,0,2,0,2,0,0,0,0,2,1,1,2,0,0,2,2
58,9032.317,-1286.157,-221.362,-92.051,-0.034642,0.999264,-0.016453,-0.996563,-0.035778,-0.074708,-0.075242,0.013808,0.997070,0,0.83152,0.05286,49.891,0.106,-1,400.000,-1,375.000,-1,325.000,325.000,300.000,300.000,-1,750.000,825.000,-1,750.000,700.000,-1,-1,2,0,2,0,2,0,0,0,0,2,1,1,2,0,0,2,2
59,9030.592,-1336.397,-224.998,-91.966,-0.033171,0.999317,-0.016313,-0.996607,-0.034302,-0.074820,-0.075328,0.013776,0.997064,0,0.83784,0.04232,50.271,0.085,-1,400.000,-1,375.000,-1,325.000,325.000,300.000,300.000,-1,800.000,900.000,-1,750.000,700.000,-1,-1,2,0,2,0,2,0,0,0,0,2,1,1,2,0,0,2,2
60,9028.911,-1387.017,-228.592,-91.902,-0.032105,0.999361,-0.015721,-0.996697,-0.033186,-0.074119,-0.074593,0.013289,0.997125,0,0.84412,0.03200,50.647,0.064,-1,400.000,-1,375.000,-1,325.000,325.000,300.000,300.000,-1,850.000,925.000,-1,750.000,700.000,-1,-1,2,0,2,0,2,0,0,0,0,2,1,1,2,0,0,2,2
61,9027.257,-1438.011,-232.211,-91.858,-0.031393,0.999393,-0.015127,-0.996775,-0.032422,-0.073406,-0.073852,0.012774,0.997187,0,0.85036,0.02191,51.022,0.044,-1,400.000,-1,375.000,-1,325.000,325.000,300.000,300.000,-1,900.000,975.000,-1,750.000,700.000,-1,-1,2,0,2,0,2,0,0,0,0,2,1,1,2,0,0,2,2
62,9025.612,-1489.381,-235.854,-91.834,-0.031024,0.999413,-0.014531,-0.996842,-0.032001,-0.072681,-0.073104,0.012230,0.997249,0,0.85659,0.01205,51.396,0.024,-1,400.000,-1,375.000,-1,325.000,325.000,300.000,300.000,-1,950.000,-1,-1,750.000,700.000,-1,-1,2,0,2,0,2,0,0,0,0,2,1,2,2,0,0,2,2
63,9023.960,-1541.123,-239.523,-91.829,-0.030992,0.999423,-0.013931,-0.996898,-0.031917,-0.071944,-0.072347,0.011658,0.997311,0,0.86282,0.00243,51.769,0.005,-1,400.000,-1,375.000,-1,325.000,325.000,300.000,300.000,-1,1000.000,-1,-1,750.000,700.000,-1,-1,2,0,2,0,2,0,0,0,0,2,1,2,2,0,0,2,2
64,9022.283,-1593.239,-243.216,-91.843,-0.031287,0.999422,-0.013328,-0.996944,-0.032159,-0.071194,-0.071582,0.011059,0.997373,0,0.86905,-0.00694,52.143,-0.014,-1,400.000,-1,375.000,-1,325.000,325.000,300.000,325.000,-1,-1,-1,-1,750.000,700.000,-1,-1,2,0,2,0,2,0,0,0,0,2,2,2,2,0,0,2,2
65,9020.565,-1645.729,-246.934,-91.875,-0.031901,0.999410,-0.012719,-0.996980,-0.032720,-0.070432,-0.070806,0.010434,0.997436,0,0.87531,-0.01607,52.519,-0.032,-1,400.000,-1,375.000,-1,325.000,325.000,300.000,325.000,-1,-1,-1,-1,750.000,700.000,-1,-1,2,0,2,0,2,0,0,0,0,2,2,2,2,0,0,2,2
66,9018.660,-1701.221,-250.862,-91.966,-0.033539,0.999364,-0.012074,-0.996984,-0.034301,-0.069617,-0.069987,0.009703,0.997501,0,0.92540,-0.04530,55.524,-0.091,-1,400.000,-1,375.000,-1,325.000,325.000,300.000,300.000,-1,-1,-1,-1,750.000,675.000,-1,-1,2,0,2,0,2,0,0,0,0,2,2,2,2,0,0,2,2
67,9016.658,-1757.091,-254.816,-92.052,-0.035108,0.999318,-0.011421,-0.996988,-0.035812,-0.068787,-0.069149,0.008972,0.997566,0,0.93178,-0.04332,55.907,-0.087,-1,400.000,-1,375.000,-1,325.000,325.000,300.000,300.000,-1,-1,-1,-1,750.000,675.000,-1,-1,2,0,2,0,2,0,0,0,0,2,2,2,2,0,0,2,2
68,9014.562,-1813.340,-258.793,-92.134,-0.036588,0.999272,-0.010761,-0.996994,-0.037237,-0.067939,-0.068291,0.008243,0.997631,0,0.93813,-0.04083,56.288,-0.082,-1,400.000,-1,375.000,-1,325.000,325.000,300.000,300.000,-1,-1,-1,-1,750.000,675.000,-1,-1,2,0,2,0,2,0,0,0,0,2,2,2,2,0,0,2,2
69,9012.377,-1869.965,-262.795,-92.210,-0.037962,0.999228,-0.010094,-0.997003,-0.038555,-0.067075,-0.067412,0.007517,0.997697,0,0.94446,-0.03780,56.668,-0.076,-1,400.000,-1,375.000,-1,325.000,300.000,300.000,300.000,-1,-1,-1,-1,750.000,675.000,-1,-1,2,0,2,0,2,0,0,0,0,2,2,2,2,0,0,2,2
70,9010.110,-1926.968,-266.822,-92.278,-0.039210,0.999187,-0.009420,-0.997015,-0.039749,-0.066191,-0.066512,0.006796,0.997762,0,0.95079,-0.03422,57.048,-0.068,-1,400.000,-1,375.000,-1,325.000,300.000,300.000,300.000,-1,-1,-1,-1,800.000,675.000,-1,-1,2,0,2,0,2,0,0,0,0,2,2,2,2,1,0,2,2
71,9007.767,-1984.347,-270.727,-92.338,-0.040310,0.999149,-0.008766,-0.997029,-0.040797,-0.065334,-0.065636,0.006106,0.997825,0,0.95713,-0.03005,57.428,-0.060,-1,400.000,-1,375.000,-1,325.000,300.000,300.000,300.000,-1,-1,-1,-1,-1,675.000,-1,-1,2,0,2,0,2,0,0,0,0,2,2,2,2,2,0,2,2
72,9005.357,-2042.106,-274.237,-92.389,-0.041299,0.999121,-0.007228,-0.997053,-0.041680,-0.064403,-0.064648,0.004547,0.997898,0,0.96348,-0.02528,57.809,-0.051,-1,400.000,-1,375.000,-1,325.000,300.000,300.000,300.000,-1,-1,-1,-1,-1,675.000,-1,-1,2,0,2,0,2,0,0,0,0,2,2,2,2,2,0,2,2
73,9002.892,-2100.245,-277.762,-92.429,-0.042098,0.999097,-0.005677,-0.997084,-0.042373,-0.063464,-0.063648,0.002989,0.997968,0,0.96985,-0.01989,58.191,-0.040,-1,400.000,-1,375.000,-1,325.000,300.000,300.000,300.000,-1,-1,-1,-1,-1,675.000,-1,-1,2,0,2,0,2,0,0,0,0,2,2,2,2,2,0,2,2
74,9000.382,-2158.766,-281.304,-92.456,-0.042683,0.999080,-0.004114,-0.997123,-0.042856,-0.062517,-0.062636,0.001434,0.998035,0,0.97626,-0.01384,58.575,-0.028,-1,400.000,-1,375.000,-1,325.000,300.000,300.000,300.000,-1,875.000,-1,-1,-1,675.000,-1,-1,2,0,2,0,2,0,0,0,0,2,0,2,2,2,0,2,2
75,8997.840,-2217.673,-284.862,-92.470,-0.043030,0.999071,-0.002539,-0.997172,-0.043105,-0.061563,-0.061615,-0.000117,0.998100,0,0.98269,-0.00712,58.962,-0.014,-1,400.000,-1,375.000,-1,325.000,325.000,300.000,300.000,-1,825.000,-1,-1,-1,675.000,-1,-1,2,0,2,0,2,0,0,0,0,2,0,2,2,2,0,2,2
76,8995.283,-2276.967,-288.436,-92.470,-0.043116,0.999070,-0.000954,-0.997231,-0.043094,-0.060600,-0.060585,-0.001662,0.998162,0,0.98917,0.00031,59.350,0.001,-1,400.000,-1,375.000,-1,325.000,325.000,300.000,300.000,-1,800.000,925.000,-1,-1,675.000,-1,-1,2,1,2,0,2,0,0,0,0,2,0,0,2,2,0,2,2
77,8992.726,-2336.647,-292.025,-92.454,-0.042933,0.999078,0.000642,-0.997302,-0.042818,-0.059631,-0.059549,-0.003201,0.998220,0,0.99558,0.00791,59.735,0.016,-1,425.000,-1,375.000,-1,325.000,325.000,300.000,300.000,-1,800.000,925.000,-1,-1,675.000,-1,-1,2,1,2,0,2,1,0,0,0,2,0,0,2,2,0,2,2
78,8990.183,-2396.593,-295.622,-92.429,-0.042578,0.999091,0.002245,-0.997379,-0.042373,-0.058657,-0.058508,-0.004736,0.998276,0,1.00000,0.01276,60.000,0.026,-1,450.000,-1,375.000,-1,325.000,325.000,300.000,300.000,-1,775.000,900.000,-1,-1,675.000,-1,-1,2,1,2,0,2,1,1,0,0,2,0,0,2,2,0,2,2
79,8987.679,-2456.541,-299.212,-92.393,-0.042036,0.999109,0.003846,-0.997462,-0.041744,-0.057682,-0.057470,-0.006261,0.998328,0,1.00000,0.01801,60.000,0.036,-1,475.000,-1,375.000,-1,325.000,325.000,300.000,300.000,-1,750.000,900.000,-1,-1,700.000,-1,-1,2,1,2,0,2,1,1,0,0,2,0,0,2,2,0,2,2
80,8985.224,-2516.490,-302.795,-92.345,-0.041293,0.999132,0.005445,-0.997552,-0.040918,-0.056707,-0.056435,-0.007773,0.998376,0,1.00000,0.02367,60.000,0.047,-1,500.000,-1,375.000,-1,350.000,325.000,300.000,300.000,-1,750.000,875.000,-1,-1,700.000,-1,-1,2,1,2,0,2,1,1,0,0,2,0,0,2,2,0,2,2
81,8983.070,-2576.452,-306.378,-92.058,-0.036354,0.999314,0.007021,-0.997799,-0.035907,-0.055742,-0.055452,-0.009032,0.998421,0,1.00000,0.14367,60.000,0.287,-1,550.000,-1,375.000,-1,350.000,325.000,300.000,300.000,-1,725.000,875.000,-1,-1,700.000,-1,-1,2,1,2,0,2,1,1,0,0,2,0,0,2,2,0,2,2
82,8981.468,-2636.430,-310.371,-91.530,-0.027348,0.999571,0.010530,-0.998027,-0.026707,-0.056825,-0.056520,-0.012063,0.998329,0,1.00000,0.26367,60.000,0.527,-1,575.000,-1,375.000,-1,350.000,325.000,300.000,300.000,-1,800.000,1000.000,-1,-1,675.000,-1,-1,2,1,2,0,2,1,1,0,0,2,0,0,2,2,0,2,2
83,8980.549,-2696.424,-315.308,-90.881,-0.016631,0.999667,0.019733,-0.997939,-0.015372,-0.062308,-0.061984,-0.020729,0.997862,0,1.00000,0.32475,60.000,0.649,-1,575.000,-1,350.000,-1,350.000,300.000,275.000,300.000,-1,-1,-1,-1,-1,650.000,-1,-1,2,1,2,0,2,1,1,0,0,2,2,2,2,2,0,2,2
84,8980.324,-2756.424,-320.280,-90.219,-0.005814,0.999557,0.029198,-0.997697,-0.003825,-0.067726,-0.067585,-0.029524,0.997277,0,1.00000,0.33088,60.000,0.662,-1,575.000,-1,350.000,-1,350.000,300.000,275.000,325.000,-1,-1,-1,-1,-1,625.000,-1,-1,2,1,2,0,2,1,1,0,0,2,2,2,2,2,0,2,2
85,8980.807,-2816.423,-325.301,-89.544,0.005108,0.999227,0.038974,-0.997293,0.007950,-0.073097,-0.073351,-0.038495,0.996563,0,1.00000,0.33753,60.000,0.675,-1,575.000,-1,325.000,-1,350.000,300.000,250.000,325.000,-1,-1,-1,-1,-1,600.000,-1,-1,2,1,2,0,2,1,1,0,0,2,2,2,2,2,0,2,2
86,8982.014,-2876.412,-330.384,-88.855,0.016140,0.998663,0.049115,-0.996719,0.019966,-0.078436,-0.079312,-0.047687,0.995709,0,1.00000,0.34478,60.000,0.690,-1,575.000,-1,325.000,-1,350.000,300.000,225.000,325.000,-1,-1,-1,-1,-1,575.000,-1,-1,2,1,2,0,2,1,1,0,0,2,2,2,2,2,0,2,2
87,8983.961,-2936.382,-335.541,-88.149,0.027287,0.997845,0.059673,-0.995965,0.032244,-0.083753,-0.085497,-0.057147,0.994698,0,1.00000,0.35272,60.000,0.705,-1,575.000,-1,300.000,-1,350.000,275.000,225.000,350.000,-1,-1,-1,-1,-1,550.000,-1,-1,2,1,2,0,2,1,1,1,0,2,2,2,2,2,0,2,2
88,8986.666,-2996.322,-340.786,-87.426,0.038554,0.996752,0.070709,-0.995018,0.044805,-0.089056,-0.091935,-0.066924,0.993514,0,1.00000,0.36147,60.000,0.723,-1,575.000,-1,300.000,-1,350.000,275.000,225.000,350.000,-1,-1,-1,-1,-1,525.000,-1,1000.000,2,1,2,0,2,1,1,1,0,2,2,2,2,2,0,2,0
89,8990.150,-3056.222,-346.133,-86.684,0.049947,0.995357,0.082284,-0.993867,0.057672,-0.094350,-0.098657,-0.077066,0.992133,0,1.00000,0.37117,60.000,0.742,-1,575.000,-1,300.000,-1,350.000,275.000,250.000,350.000,-1,-1,-1,-1,-1,500.000,-1,875.000,2,1,2,0,2,1,1,1,0,2,2,2,2,2,0,2,0
90,8994.434,-3116.069,-351.596,-85.920,0.061474,0.993629,0.094462,-0.992497,0.070876,-0.099630,-0.105690,-0.087628,0.990531,0,1.00000,0.38196,60.000,0.764,-1,575.000,-1,275.000,-1,350.000,275.000,250.000,375.000,-1,-1,-1,-1,-1,475.000,-1,750.000,2,1,2,1,2,1,1,1,0,2,2,2,2,2,0,2,0
91,8999.544,-3175.853,-357.190,-85.132,0.073142,0.991531,0.107312,-0.990892,0.084447,-0.104890,-0.113064,-0.098663,0.988677,0,1.00000,0.39402,60.000,0.788,-1,550.000,-1,275.000,-1,350.000,275.000,275.000,375.000,-1,-1,-1,-1,-1,450.000,-1,650.000,2,1,2,1,2,1,1,1,0,2,2,2,2,2,0,2,0
92,9005.506,-3235.557,-362.930,-84.317,0.084961,0.989021,0.120909,-0.989034,0.098424,-0.110115,-0.120806,-0.110228,0.986537,0,1.00000,0.40755,60.000,0.815,-1,550.000,-1,275.000,1000.000,350.000,275.000,275.000,400.000,-1,-1,-1,-1,-1,425.000,-1,550.000,2,1,2,1,1,1,1,1,0,2,2,2,2,2,1,2,0
93,9012.354,-3295.166,-368.654,-83.471,0.096850,0.985967,0.135979,-0.986907,0.112837,-0.115253,-0.128979,-0.123036,0.983985,0,1.00000,0.42278,60.000,0.846,-1,550.000,-1,275.000,875.000,350.000,275.000,300.000,425.000,950.000,-1,-1,-1,950.000,425.000,-1,475.000,2,1,2,1,1,1,1,1,0,0,2,2,2,1,1,2,0
94,-4263.555,-6887.304,58.833,-165.202,-0.966893,0.255101,0.006442,-0.255104,-0.965663,-0.049165,-0.006321,-0.049181,0.998770,1,0.00000,0.00000,60.000,0.880,-1,375.000,-1,400.000,-1,325.000,325.000,325.000,300.000,-1,-1,-1,-1,-1,700.000,-1,-1,2,0,2,0,2,0,0,0,0,2,2,2,2,2,0,2,2
95,-4268.201,-6888.510,58.801,-165.442,-0.967951,0.251054,0.006489,-0.251065,-0.966723,-0.049120,-0.006059,-0.049175,0.998772,0,0.08000,-0.12000,4.800,-0.240,-1,375.000,-1,400.000,-1,325.000,325.000,300.000,300.000,-1,-1,-1,-1,-1,700.000,-1,-1,2,0,2,0,2,0,0,0,0,2,2,2,2,2,0,2,2
96,-4277.513,-6890.845,58.741,-165.922,-0.970017,0.242947,0.006580,-0.242973,-0.968793,-0.049028,-0.005537,-0.049157,0.998776,0,0.16000,-0.24000,9.600,-0.480,-1,375.000,-1,400.000,-1,325.000,325.000,300.000,300.000,-1,-1,-1,-1,-1,700.000,-1,-1,2,0,2,0,2,0,0,0,0,2,2,2,2,2,0,2,2
97,-4291.524,-6894.172,58.662,-166.642,-0.972989,0.230754,0.006712,-0.230803,-0.971772,-0.048889,-0.004758,-0.049117,0.998782,0,0.24000,-0.36000,14.400,-0.720,-1,375.000,-1,400.000,-1,325.000,325.000,300.000,300.000,-1,-1,-1,-1,-1,700.000,-1,-1,2,0,2,0,2,0,0,0,0,2,2,2,2,2,0,2,2
98,-4310.276,-6898.294,58.575,-167.602,-0.976713,0.214441,0.006881,-0.214519,-0.975505,-0.048698,-0.003731,-0.049040,0.998790,0,0.32000,-0.48000,19.200,-0.960,-1,375.000,-1,400.000,-1,325.000,325.000,300.000,300.000,-1,-1,-1,-1,-1,700.000,-1,-1,2,0,2,0,2,0,1,0,0,2,2,2,2,2,0,2,2
99,-4333.820,-6902.955,58.493,-168.802,-0.980983,0.193966,0.007079,-0.194079,-0.979789,-0.048452,-0.002462,-0.048905,0.998800,0,0.40000,-0.60000,24.000,-1.200,-1,425.000,-1,375.000,-1,325.000,325.000,300.000,300.000,-1,-1,-1,-1,-1,700.000,-1,-1,2,1,2,0,2,1,1,0,0,2,2,2,2,2,0,2,2
100,-4362.203,-6907.836,58.435,-170.242,-0.985540,0.169284,0.007299,-0.169439,-0.984364,-0.048148,-0.000966,-0.048689,0.998814,0,0.48000,-0.72000,28.800,-1.440,-1,500.000,-1,375.000,-1,325.000,325.000,300.000,300.000,-1,-1,-1,-1,-1,700.000,-1,-1,2,1,2,0,2,1,1,0,0,2,2,2,2,2,0,2,2
101,-4395.471,-6912.557,58.420,-171.922,-0.990073,0.140355,0.007534,-0.140555,-0.988919,-0.047783,0.000744,-0.048367,0.998829,0,0.56000,-0.84000,33.600,-1.680,-1,-1,-1,375.000,-1,350.000,325.000,300.000,300.000,-1,-1,-1,-1,-1,700.000,-1,-1,2,2,2,0,2,1,1,0,0,2,2,2,2,2,0,2,2
102,-4433.650,-6916.675,58.469,-173.842,-0.994213,0.107146,0.007773,-0.107395,-0.993088,-0.047352,0.002646,-0.047913,0.998848,0,0.64000,-0.96000,38.400,-1.920,-1,-1,-1,375.000,-1,350.000,325.000,300.000,300.000,-1,-1,-1,-1,-1,700.000,-1,-1,2,2,2,0,2,1,1,0,0,2,2,2,2,2,0,2,2
103,-4476.731,-6919.877,58.600,-175.748,-0.997222,0.074053,0.008010,-0.074348,-0.996131,-0.046847,0.004510,-0.047312,0.998870,0,0.72000,-0.95317,43.200,-1.906,-1,1000.000,-1,375.000,-1,350.000,325.000,300.000,300.000,-1,-1,-1,-1,-1,700.000,-1,-1,2,1,2,0,2,1,1,0,0,2,2,2,2,2,0,2,2
104,-4524.691,-6921.854,58.825,-177.639,-0.999119,0.041152,0.008243,-0.041491,-0.998067,-0.046265,0.006323,-0.046567,0.998895,0,0.80000,-0.94524,48.000,-1.890,-1,900.000,-1,375.000,-1,375.000,300.000,300.000,300.000,-1,-1,-1,-1,-1,700.000,-1,1000.000,2,1,2,0,2,1,0,0,0,2,2,2,2,2,0,2,1
105,-4577.489,-6922.304,59.155,-179.511,-0.999928,0.008522,0.008467,-0.008899,-0.998920,-0.045609,0.008069,-0.045681,0.998923,0,0.88000,-0.93615,52.800,-1.872,-1,825.000,-1,375.000,-1,375.000,300.000,300.000,300.000,-1,-1,-1,-1,-1,700.000,-1,975.000,2,1,2,0,2,1,0,0,0,2,2,2,2,2,0,2,1
106,-4635.074,-6920.940,57.601,-181.363,-0.999717,-0.023745,0.001360,0.023635,-0.998220,-0.054760,0.002658,-0.054713,0.998499,0,0.96000,-0.92571,57.600,-1.851,-1,725.000,-1,350.000,-1,350.000,300.000,275.000,325.000,-1,-1,-1,-1,1000.000,675.000,-1,900.000,2,1,2,0,2,1,0,0,0,2,2,2,2,1,1,2,1
107,-4694.982,-6917.612,55.526,-183.190,-0.998419,-0.055523,-0.008715,0.055981,-0.996205,-0.066643,-0.004982,-0.067026,0.997739,0,1.00000,-0.91369,60.000,-1.827,-1,625.000,1000.000,350.000,1000.000,300.000,275.000,250.000,325.000,-1,-1,-1,-1,875.000,625.000,-1,825.000,2,1,1,0,1,1,0,0,0,2,2,2,2,1,1,2,1
108,-4754.756,-6912.403,53.963,-184.990,-0.996069,-0.086729,-0.018015,0.087859,-0.993214,-0.076209,-0.011283,-0.077492,0.996929,0,1.00000,-0.90023,60.000,-1.800,-1,500.000,900.000,325.000,950.000,275.000,250.000,225.000,350.000,-1,-1,-1,-1,750.000,575.000,-1,750.000,2,1,1,0,1,1,0,0,0,2,2,2,2,1,1,2,1
109,-4814.342,-6905.349,52.972,-186.762,-0.992753,-0.117305,-0.026090,0.119097,-0.989378,-0.083349,-0.016036,-0.085852,0.996179,0,1.00000,-0.88559,60.000,-1.771,-1,425.000,800.000,325.000,900.000,250.000,250.000,225.000,350.000,-1,-1,-1,-1,650.000,550.000,900.000,700.000,2,1,1,0,1,1,0,0,0,2,2,2,2,1,1,1,1
110,-4873.685,-6896.486,52.607,-188.501,-0.988572,-0.147206,-0.032500,0.149542,-0.984830,-0.088013,-0.019051,-0.091868,0.995589,0,1.00000,-0.86978,60.000,-1.740,975.000,375.000,725.000,300.000,850.000,225.000,250.000,275.000,350.000,-1,-1,-1,-1,550.000,500.000,775.000,650.000,1,1,1,0,1,1,0,1,0,2,2,2,2,1,1,1,1
111,-4932.738,-6885.858,52.915,-190.207,-0.983630,-0.176397,-0.036818,0.179067,-0.979693,-0.090207,-0.020158,-0.095323,0.995242,0,1.00000,-0.85284,60.000,-1.706,850.000,325.000,675.000,300.000,825.000,225.000,225.000,350.000,375.000,-1,-1,-1,-1,475.000,475.000,675.000,600.000,1,1,1,0,1,0,0,1,0,2,2,2,2,1,1,1,1
112,-4991.456,-6873.510,53.938,-191.877,-0.978030,-0.204854,-0.038635,0.207579,-0.974071,-0.089982,-0.019200,-0.096025,0.995194,0,1.00000,-0.83485,60.000,-1.670,725.000,275.000,625.000,300.000,775.000,200.000,225.000,-1,375.000,-1,-1,-1,-1,400.000,450.000,575.000,550.000,1,1,1,0,1,0,0,2,0,2,2,2,2,1,1,1,1
113,-5049.796,-6859.491,55.712,-193.509,-0.971856,-0.232560,-0.037572,0.235029,-0.968047,-0.087439,-0.016036,-0.093808,0.995461,0,1.00000,-0.81594,60.000,-1.632,625.000,225.000,575.000,300.000,750.000,225.000,225.000,-1,375.000,-1,-1,-1,-1,325.000,425.000,475.000,525.000,1,1,1,1,1,1,0,2,0,2,2,2,2,1,1,1,1
114,-5107.724,-6843.852,58.266,-195.101,-0.965169,-0.259501,-0.033278,0.261414,-0.961676,-0.082713,-0.010538,-0.088531,0.996018,0,1.00000,-0.79632,60.000,-1.593,525.000,225.000,550.000,275.000,750.000,200.000,225.000,-1,350.000,-1,-1,-1,-1,300.000,400.000,400.000,475.000,1,1,1,1,1,1,1,2,0,2,2,2,2,1,1,1,1
115,-5164.998,-6826.702,60.836,-196.662,-0.958012,-0.285731,-0.023897,0.286729,-0.954691,-0.079697,-0.000042,-0.083202,0.996533,0,0.99642,-0.78043,59.785,-1.561,450.000,225.000,550.000,275.000,-1,200.000,225.000,-1,350.000,-1,-1,-1,-1,300.000,400.000,325.000,475.000,1,1,1,1,2,1,1,2,0,2,2,2,2,1,1,1,1
116,-5220.867,-6808.298,64.600,-198.218,-0.950138,-0.311800,0.004309,0.310533,-0.947353,-0.078045,0.028417,-0.072816,0.996940,0,0.98034,-0.77790,58.820,-1.556,425.000,225.000,600.000,275.000,-1,200.000,225.000,-1,350.000,-1,25.000,800.000,-1,300.000,425.000,300.000,500.000,1,1,1,1,2,1,1,2,0,2,0,0,2,1,1,1,1
117,-5275.248,-6788.733,70.022,-199.770,-0.940499,-0.337726,0.037459,0.334505,-0.939589,-0.072660,0.059735,-0.055806,0.996653,0,0.96315,-0.77632,57.789,-1.553,425.000,250.000,800.000,300.000,-1,225.000,250.000,-1,325.000,-1,0.000,0.000,-1,350.000,450.000,300.000,-1,1,1,1,1,2,1,1,2,0,2,1,0,2,1,1,1,2
118,-5328.092,-6768.096,75.618,-201.322,-0.929183,-0.363328,0.067915,0.358983,-0.930841,-0.068314,0.088038,-0.039096,0.995350,0,0.94543,-0.77568,56.726,-1.551,450.000,275.000,-1,325.000,-1,250.000,250.000,-1,325.000,-1,0.000,0.000,-1,400.000,475.000,300.000,-1,1,1,2,1,2,1,1,2,0,2,1,0,2,1,1,1,2
119,-5379.386,-6746.452,80.247,-202.874,-0.917204,-0.388510,0.088300,0.383240,-0.920912,-0.071055,0.108922,-0.031332,0.993556,0,0.92780,-0.77594,55.668,-1.552,425.000,275.000,-1,325.000,-1,250.000,275.000,-1,325.000,-1,0.000,0.000,825.000,400.000,525.000,300.000,-1,1,1,2,1,2,1,1,2,0,2,1,0,0,1,1,1,2
120,-5429.148,-6723.848,85.865,-204.428,-0.904710,-0.413300,0.103356,0.406032,-0.909941,-0.084532,0.128985,-0.034512,0.991046,0,0.91082,-0.77705,54.649,-1.554,350.000,275.000,-1,350.000,-1,250.000,275.000,-1,350.000,-1,0.000,0.000,725.000,425.000,-1,325.000,-1,1,1,2,1,2,1,1,2,0,2,1,0,0,1,2,1,2
121,8855.017,3607.567,-170.493,152.031,-0.865232,-0.467144,0.182068,0.475478,-0.879725,0.002418,0.159040,0.088661,0.983283,1,0.00000,0.00000,59.449,-1.314,325.000,275.000,-1,325.000,-1,250.000,250.000,300.000,350.000,-1,125.000,50.000,425.000,-1,475.000,325.000,-1,1,1,2,1,2,1,1,1,0,2,0,0,0,2,1,1,2
122,-326.550,5570.836,-140.446,-72.945,0.294378,0.955137,0.032475,-0.955239,0.293027,0.040666,0.029326,-0.042993,0.998645,1,0.08000,-0.12000,4.800,-0.240,-1,375.000,-1,400.000,-1,325.000,325.000,300.000,300.000,-1,875.000,925.000,-1,725.000,750.000,-1,-1,2,0,2,0,2,0,0,0,0,2,0,0,2,0,0,2,2
123,-323.811,5561.635,-140.152,-73.425,0.286370,0.957572,0.032366,-0.957656,0.285019,0.040737,0.029784,-0.042661,0.998646,0,0.16000,-0.24000,9.600,-0.480,-1,375.000,-1,400.000,-1,325.000,325.000,300.000,300.000,-1,875.000,900.000,-1,725.000,750.000,-1,-1,2,0,2,0,2,0,0,0,0,2,0,0,2,0,0,2,2
124,-319.877,5547.783,-139.702,-74.145,0.274322,0.961098,0.032209,-0.961155,0.272969,0.040851,0.030469,-0.042165,0.998646,0,0.24000,-0.36000,14.400,-0.720,-1,375.000,-1,400.000,-1,325.000,325.000,300.000,300.000,-1,875.000,900.000,-1,725.000,750.000,-1,-1,2,0,2,0,2,0,0,0,0,2,0,0,2,0,0,2,2
125,-314.942,5529.228,-139.091,-75.105,0.258189,0.965564,0.032015,-0.965585,0.256835,0.041014,0.031379,-0.041502,0.998646,0,0.32000,-0.48000,19.200,-0.960,-1,400.000,-1,400.000,-1,325.000,325.000,300.000,300.000,-1,875.000,900.000,-1,725.000,750.000,-1,-1,2,0,2,0,2,0,0,0,0,2,0,0,2,0,0,2,2
126,-309.260,5505.910,-138.308,-76.305,0.237922,0.970764,0.031794,-0.970740,0.236566,0.041234,0.032507,-0.040674,0.998644,0,0.40000,-0.60000,24.000,-1.200,-1,400.000,-1,400.000,-1,325.000,325.000,300.000,300.000,-1,875.000,900.000,-1,725.000,750.000,-1,-1,2,0,2,0,2,0,0,0,0,2,0,0,2,0,0,2,2
127,-303.148,5477.765,-137.343,-77.745,0.213463,0.976441,0.031562,-0.976365,0.212104,0.041522,0.033849,-0.039680,0.998639,0,0.48000,-0.72000,28.800,-1.440,-1,400.000,-1,400.000,-1,325.000,325.000,300.000,300.000,-1,900.000,900.000,-1,750.000,750.000,-1,-1,2,0,2,0,2,0,0,0,0,2,0,0,2,0,0,2,2
128,-296.981,5444.736,-136.182,-79.425,0.184757,0.982284,0.031339,-0.982147,0.183395,0.041885,0.035395,-0.038518,0.998631,0,0.56000,-0.84000,33.600,-1.680,-1,400.000,-1,400.000,-1,325.000,325.000,300.000,300.000,-1,900.000,900.000,-1,750.000,750.000,-1,-1,2,0,2,0,2,0,0,0,0,2,0,0,2,0,0,2,2
129,-291.203,5406.773,-134.810,-81.345,0.151755,0.987927,0.031146,-0.987720,0.150389,0.042329,0.037134,-0.037187,0.998618,0,0.64000,-0.96000,38.400,-1.920,-1,400.000,-1,400.000,-1,325.000,325.000,300.000,300.000,-1,900.000,925.000,-1,750.000,750.000,-1,-1,2,0,2,0,2,0,0,0,0,2,0,0,2,0,0,2,2
130,-286.197,5363.863,-133.218,-83.345,0.117196,0.992625,0.031005,-0.992345,0.115825,0.042854,0.038947,-0.035790,0.998600,0,0.72000,-1.00000,43.200,-2.000,-1,400.000,-1,400.000,-1,325.000,325.000,300.000,300.000,-1,925.000,925.000,-1,750.000,750.000,-1,-1,2,0,2,0,2,0,0,0,0,2,0,0,2,0,0,2,2
131,-283.081,5325.590,-131.760,-85.345,0.082492,0.996111,0.030950,-0.995762,0.081116,0.043345,0.040666,-0.034394,0.998581,0,0.64000,-1.00000,38.400,-2.000,-1,400.000,-1,400.000,-1,325.000,325.000,300.000,300.000,-1,925.000,925.000,-1,750.000,750.000,-1,-1,2,0,2,0,2,0,0,0,0,2,0,0,2,0,0,2,2
132,-281.525,5292.025,-130.448,-87.345,0.047683,0.998382,0.030965,-0.997967,0.046305,0.043791,0.042286,-0.032990,0.998561,0,0.56000,-1.00000,33.600,-2.000,-1,400.000,-1,400.000,-1,325.000,325.000,300.000,300.000,-1,900.000,950.000,-1,750.000,775.000,-1,-1,2,0,2,0,2,0,0,0,0,2,0,0,2,0,0,2,2
133,-281.196,5263.227,-129.297,-89.345,0.012813,0.999436,0.031037,-0.998958,0.011434,0.044186,0.043806,-0.031571,0.998541,0,0.48000,-1.00000,28.800,-2.000,-1,400.000,-1,400.000,-1,325.000,325.000,300.000,300.000,-1,900.000,950.000,-1,750.000,775.000,-1,-1,2,0,2,0,2,0,0,0,0,2,0,0,2,0,0,2,2
134,-281.760,5239.233,-128.248,-91.345,-0.022090,0.999275,0.030996,-0.998741,-0.023453,0.044339,0.045034,-0.029978,0.998536,0,0.40000,-1.00000,24.000,-2.000,-1,400.000,-1,400.000,-1,325.000,325.000,300.000,300.000,-1,900.000,950.000,-1,750.000,775.000,-1,-1,2,0,2,0,2,0,0,0,0,2,0,0,2,0,0,2,2
