timestep,x_cm,y_cm,z_cm,yaw_deg,basis_xx,basis_xy,basis_xz,basis_yx,basis_yy,basis_yz,basis_zx,basis_zy,basis_zz,teleport_flag,throttle_cmd,steering_cmd,cmd_move_cm,cmd_turn_deg,lidar_cm_0,lidar_cm_1,lidar_cm_2,lidar_cm_3,lidar_cm_4,lidar_cm_5,lidar_cm_6,lidar_cm_7,lidar_cm_8,lidar_cm_9,lidar_cm_10,lidar_cm_11,lidar_cm_12,lidar_cm_13,lidar_cm_14,lidar_cm_15,lidar_cm_16,lidar_class_0,lidar_class_1,lidar_class_2,lidar_class_3,lidar_class_4,lidar_class_5,lidar_class_6,lidar_class_7,lidar_class_8,lidar_class_9,lidar_class_10,lidar_class_11,lidar_class_12,lidar_class_13,lidar_class_14,lidar_class_15,lidar_class_16
0,7241.944,-193.818,-267.768,22.401,0.924539,-0.381060,0.004441,0.381086,0.924497,-0.008899,-0.000715,0.009920,0.999951,1,0.08000,0.06175,4.800,0.124,-1,-1,-1,725.000,-1,-1,-1,400.000,300.000,-1,-1,575.000,-1,-1,-1,-1,-1,2,2,2,1,2,2,2,1,0,2,2,0,2,2,2,2,2
1,7250.811,-190.139,-267.882,22.529,0.923686,-0.383124,0.004524,0.383151,0.923633,-0.009886,-0.000391,0.010865,0.999941,0,0.16000,0.06410,9.600,0.128,-1,-1,-1,750.000,-1,-1,-1,400.000,300.000,-1,-1,500.000,-1,-1,-1,-1,-1,2,2,2,1,2,2,2,1,0,2,2,0,2,2,2,2,2
2,7264.098,-184.589,-268.076,22.669,0.922748,-0.385375,0.004727,0.385404,0.922677,-0.011446,0.000050,0.012384,0.999923,0,0.24000,0.07006,14.400,0.140,-1,-1,-1,775.000,-1,-1,-1,425.000,300.000,-1,675.000,425.000,-1,-1,-1,-1,-1,2,2,2,1,2,2,2,1,0,2,0,0,2,2,2,2,2
3,7281.794,-177.140,-268.380,22.828,0.921674,-0.387932,0.005194,0.387966,0.921572,-0.013681,0.000521,0.014625,0.999893,0,0.32000,0.07979,19.200,0.160,-1,-1,-1,800.000,-1,-1,-1,425.000,300.000,-1,625.000,325.000,-1,-1,-1,-1,-1,2,2,2,1,2,2,2,1,0,2,0,0,2,2,2,2,2
4,7303.884,-167.755,-268.737,23.016,0.920402,-0.390919,0.006569,0.390974,0.920245,-0.016969,0.000589,0.018187,0.999834,0,0.40000,0.09364,24.000,0.187,-1,-1,-1,850.000,-1,-1,-1,450.000,275.000,-1,625.000,275.000,-1,-1,-1,-1,-1,2,2,2,1,2,2,2,1,0,2,0,0,2,2,2,2,2
5,7330.346,-156.390,-269.230,23.240,0.918862,-0.394476,0.008980,0.394578,0.918613,-0.021405,0.000194,0.023211,0.999731,0,0.48000,0.11210,28.800,0.224,-1,-1,-1,900.000,-1,-1,-1,500.000,275.000,-1,675.000,250.000,-1,-1,-1,-1,-1,2,2,2,1,2,2,2,1,0,2,0,0,2,2,2,2,2
6,7361.156,-142.985,-270.899,23.512,0.916931,-0.398802,0.013962,0.399027,0.916669,-0.022267,-0.003919,0.025989,0.999655,0,0.56000,0.13590,33.600,0.272,-1,-1,-1,925.000,-1,-1,-1,525.000,275.000,-1,-1,450.000,-1,-1,-1,-1,-1,2,2,2,1,2,2,2,1,0,2,2,0,2,2,2,2,2
7,7396.280,-127.465,-275.867,23.844,0.914350,-0.404175,0.024620,0.404490,0.914495,-0.009329,-0.018744,0.018489,0.999653,0,0.64000,0.16601,38.400,0.332,-1,-1,-1,925.000,-1,-1,-1,500.000,275.000,-1,-1,-1,-1,-1,-1,-1,-1,2,2,2,1,2,2,2,1,0,2,2,2,2,2,2,2,2
8,7435.670,-109.722,-281.951,24.251,0.910963,-0.410716,0.038186,0.410815,0.911702,0.005581,-0.037106,0.010603,0.999255,0,0.72000,0.20374,43.200,0.407,-1,-1,-1,900.000,-1,-1,-1,475.000,250.000,-1,-1,-1,-1,-1,-1,-1,-1,2,2,2,1,2,2,2,1,0,2,2,2,2,2,2,2,2
9,7479.262,-89.623,-289.340,24.753,0.906443,-0.418703,0.055222,0.418100,0.908120,0.022603,-0.059612,0.002600,0.998218,0,0.80000,0.25078,48.000,0.502,-1,-1,-1,875.000,-1,-1,-1,425.000,250.000,-1,-1,-1,-1,-1,-1,-1,-1,2,2,2,1,2,2,2,1,0,2,2,2,2,2,2,2,2
10,7526.974,-66.995,-298.258,25.371,0.900323,-0.428475,0.076337,0.426452,0.903539,0.041911,-0.086931,-0.005180,0.996201,0,0.88000,0.30919,52.800,0.618,-1,-1,-1,825.000,975.000,-1,-1,375.000,225.000,-1,-1,-1,-1,-1,-1,-1,-1,2,2,2,1,1,2,2,1,0,2,2,2,2,2,2,2,2
11,7570.350,-46.067,-308.117,25.750,0.895314,-0.434379,0.098631,0.429684,0.900579,0.065800,-0.117407,-0.016531,0.992946,0,0.80256,0.18919,48.154,0.378,-1,-1,-1,750.000,850.000,-1,-1,125.000,225.000,-1,-1,-1,-1,-1,-1,-1,-1,2,2,2,1,1,2,2,1,0,2,2,2,2,2,2,2,2
12,-4263.579,-7543.224,257.136,107.375,-0.296196,-0.953285,0.059299,0.954009,-0.298281,-0.029904,0.046195,0.047714,0.997792,1,0.00000,0.00000,46.832,0.138,-1,425.000,-1,400.000,-1,350.000,325.000,300.000,300.000,-1,-1,-1,-1,-1,-1,-1,-1,2,0,2,0,2,0,0,0,0,2,2,2,2,2,2,2,2
13,-4265.031,-7538.649,257.360,107.615,-0.300208,-0.952042,0.059094,0.952758,-0.302276,-0.029687,0.046126,0.047390,0.997811,0,0.08000,0.12000,4.800,0.240,-1,425.000,-1,400.000,-1,350.000,325.000,300.000,300.000,-1,-1,-1,-1,-1,-1,-1,-1,2,0,2,0,2,0,0,0,0,2,2,2,2,2,2,2,2
14,-4268.012,-7529.524,257.811,108.095,-0.308216,-0.949505,0.058676,0.950204,-0.310251,-0.029257,0.045984,0.046737,0.997848,0,0.16000,0.24000,9.600,0.480,-1,425.000,-1,400.000,-1,350.000,325.000,300.000,300.000,-1,-1,-1,-1,-1,-1,-1,-1,2,0,2,0,2,0,0,0,0,2,2,2,2,2,2,2,2
15,-4272.656,-7515.893,258.495,108.815,-0.320188,-0.945575,0.058030,0.946248,-0.322173,-0.028619,0.045757,0.045747,0.997905,0,0.24000,0.36000,14.400,0.720,-1,425.000,-1,425.000,-1,350.000,325.000,300.000,300.000,-1,-1,-1,-1,-1,-1,-1,-1,2,0,2,0,2,0,0,0,0,2,2,2,2,2,2,2,2
16,-4279.142,-7497.822,259.419,109.747,-0.335611,-0.940267,0.057128,0.940906,-0.337527,-0.027780,0.045403,0.044429,0.997980,0,0.32000,0.46589,19.200,0.932,-1,425.000,-1,425.000,-1,350.000,325.000,300.000,300.000,-1,-1,-1,-1,-1,-1,-1,-1,2,0,2,0,2,0,0,0,0,2,2,2,2,2,2,2,2
17,-4287.613,-7475.367,260.578,110.670,-0.350840,-0.934763,0.055938,0.935368,-0.352666,-0.026719,0.044703,0.042948,0.998077,0,0.40000,0.46190,24.000,0.924,-1,425.000,-1,425.000,-1,350.000,325.000,300.000,300.000,-1,-1,-1,-1,-1,-1,-1,-1,2,0,2,0,2,0,0,0,0,2,2,2,2,2,2,2,2
18,-4298.206,-7448.587,261.975,111.584,-0.365841,-0.929084,0.054430,0.929654,-0.367555,-0.025439,0.043641,0.041295,0.998193,0,0.48000,0.45693,28.800,0.914,-1,425.000,-1,425.000,-1,350.000,350.000,275.000,300.000,-1,-1,-1,-1,-1,-1,-1,-1,2,0,2,0,2,0,0,0,0,2,2,2,2,2,2,2,2
19,-4311.055,-7417.541,263.610,112.486,-0.380580,-0.923252,0.052576,0.923784,-0.382164,-0.023946,0.042201,0.039455,0.998330,0,0.56000,0.45099,33.600,0.902,-1,450.000,-1,425.000,-1,350.000,350.000,275.000,325.000,-1,-1,-1,-1,-1,-1,-1,-1,2,0,2,0,2,0,0,0,0,2,2,2,2,2,2,2,2
20,-4324.535,-7386.350,265.272,113.374,-0.395004,-0.917285,0.050603,0.917779,-0.396456,-0.022462,0.040666,0.037570,0.998466,0,0.56633,0.44403,33.980,0.888,-1,450.000,-1,450.000,-1,350.000,350.000,275.000,325.000,-1,-1,-1,-1,-1,-1,-1,-1,2,0,2,0,2,0,0,0,0,2,2,2,2,2,2,2,2
21,-4338.546,-7355.241,266.949,114.248,-0.409107,-0.911195,0.048524,0.911651,-0.410429,-0.021000,0.039051,0.035646,0.998601,0,0.56864,0.43696,34.119,0.874,-1,450.000,-1,450.000,-1,350.000,350.000,275.000,325.000,-1,-1,-1,-1,-1,-1,-1,-1,2,0,2,0,2,0,0,0,0,2,2,2,2,2,2,2,2
22,-4353.082,-7324.220,268.348,115.108,-0.422825,-0.904964,0.047539,0.905418,-0.424067,-0.019607,0.037903,0.034752,0.998677,0,0.57096,0.42982,34.258,0.860,-1,450.000,-1,450.000,-1,350.000,350.000,275.000,325.000,-1,-1,-1,-1,-1,-1,-1,-1,2,0,2,0,2,0,0,0,0,2,2,2,2,2,2,2,2
23,-4368.135,-7293.292,269.586,115.953,-0.436219,-0.898619,0.046875,0.899107,-0.437375,-0.017603,0.036320,0.034467,0.998746,0,0.57329,0.42260,34.397,0.845,-1,450.000,-1,450.000,-1,350.000,350.000,275.000,325.000,-1,-1,-1,-1,-1,-1,-1,-1,2,0,2,0,2,0,0,0,0,2,2,2,2,2,2,2,2
24,-4383.698,-7262.461,270.510,116.784,-0.449302,-0.892156,0.046742,0.892743,-0.450342,-0.014211,0.033729,0.035344,0.998806,0,0.57562,0.41532,34.537,0.831,-1,450.000,-1,450.000,-1,350.000,350.000,275.000,300.000,-1,-1,-1,-1,-1,-1,-1,-1,2,0,2,0,2,0,0,0,0,2,2,2,2,2,2,2,2
25,-4399.764,-7231.729,271.355,117.600,-0.462071,-0.885616,0.046635,0.886307,-0.462981,-0.010426,0.030825,0.036515,0.998858,0,0.57796,0.40795,34.678,0.816,-1,450.000,-1,450.000,-1,350.000,350.000,300.000,300.000,-1,-1,-1,-1,-1,-1,-1,-1,2,0,2,0,2,0,0,0,0,2,2,2,2,2,2,2,2
26,-4416.326,-7201.102,272.197,118.401,-0.474525,-0.879019,0.046391,0.879801,-0.475296,-0.006594,0.027846,0.037686,0.998902,0,0.58032,0.40051,34.819,0.801,-1,450.000,-1,450.000,-1,350.000,350.000,300.000,300.000,-1,-1,-1,-1,-1,-1,-1,-1,2,0,2,0,2,0,0,0,0,2,2,2,2,2,2,2,2
27,-4433.375,-7170.580,273.034,119.187,-0.486663,-0.872377,0.046012,0.873238,-0.487287,-0.002718,0.024793,0.038856,0.998937,0,0.58269,0.39299,34.961,0.786,-1,450.000,-1,450.000,-1,350.000,350.000,300.000,300.000,-1,-1,-1,-1,-1,-1,-1,-1,2,0,2,0,2,0,0,0,0,2,2,2,2,2,2,2,2
28,-4450.905,-7140.165,273.867,119.957,-0.498486,-0.865703,0.045499,0.866627,-0.498955,0.001196,0.021666,0.040027,0.998964,0,0.58508,0.38538,35.105,0.771,-1,450.000,-1,450.000,-1,350.000,350.000,300.000,300.000,-1,-1,-1,-1,-1,-1,-1,-1,2,0,2,0,2,0,0,0,0,2,2,2,2,2,2,2,2
29,-4468.908,-7109.860,274.485,120.713,-0.509976,-0.859038,0.044476,0.859976,-0.510318,0.004143,0.019138,0.040361,0.999002,0,0.58750,0.37769,35.250,0.755,-1,450.000,-1,450.000,-1,350.000,350.000,300.000,300.000,-1,-1,-1,-1,-1,-1,-1,-1,2,0,2,0,2,0,0,0,0,2,2,2,2,2,2,2,2
30,-4487.377,-7079.665,274.999,121.453,-0.521138,-0.852379,0.043179,0.853306,-0.521368,0.006646,0.016848,0.040309,0.999045,0,0.58994,0.36991,35.396,0.740,-1,450.000,-1,450.000,-1,350.000,350.000,300.000,300.000,-1,-1,-1,-1,-1,-1,-1,-1,2,0,2,0,2,0,0,0,0,2,2,2,2,2,2,2,2
31,-4506.305,-7049.579,275.498,122.177,-0.531981,-0.845725,0.041783,0.846632,-0.532100,0.009139,0.014503,0.040237,0.999085,0,0.59241,0.36204,35.545,0.724,-1,450.000,-1,450.000,-1,350.000,350.000,300.000,300.000,-1,-1,-1,-1,-1,-1,-1,-1,2,0,2,0,2,0,0,0,0,2,2,2,2,2,2,2,2
32,-4525.685,-7019.604,275.892,122.885,-0.542519,-0.839099,0.039824,0.839961,-0.542522,0.011667,0.011815,0.039780,0.999139,0,0.59492,0.35408,35.695,0.708,-1,450.000,-1,450.000,-1,350.000,350.000,300.000,300.000,-1,-1,-1,-1,-1,-1,-1,-1,2,0,2,0,2,0,0,0,0,2,2,2,2,2,2,2,2
33,-4545.510,-6989.737,275.993,123.577,-0.552776,-0.832538,0.036321,0.833290,-0.552652,0.014296,0.008171,0.038168,0.999238,0,0.59746,0.34602,35.848,0.692,-1,450.000,-1,425.000,-1,350.000,350.000,300.000,300.000,-1,-1,-1,-1,-1,-1,-1,-1,2,0,2,0,2,0,0,0,0,2,2,2,2,2,2,2,2
34,-4565.773,-6959.977,276.028,124.253,-0.562706,-0.826019,0.032481,0.826646,-0.562470,0.016878,0.004327,0.036348,0.999330,0,0.60006,0.33786,36.003,0.676,-1,450.000,-1,425.000,-1,350.000,350.000,300.000,300.000,-1,-1,-1,-1,-1,1000.000,-1,-1,2,0,2,0,2,0,0,0,0,2,2,2,2,2,0,2,2
35,-4586.468,-6930.323,276.051,124.912,-0.572301,-0.819545,0.028585,0.820044,-0.571972,0.019388,0.000461,0.034536,0.999403,0,0.60269,0.32960,36.162,0.659,-1,450.000,-1,425.000,-1,350.000,350.000,300.000,300.000,-1,-1,-1,-1,-1,975.000,-1,-1,2,0,2,0,2,0,0,0,0,2,2,2,2,2,0,2,2
36,-4607.588,-6900.771,276.060,125.554,-0.581561,-0.813130,0.024637,0.813496,-0.581161,0.021824,-0.003427,0.032734,0.999458,0,0.60539,0.32123,36.323,0.642,-1,450.000,-1,425.000,-1,350.000,350.000,300.000,300.000,-1,-1,-1,-1,1000.000,950.000,-1,-1,2,0,2,0,2,0,0,0,0,2,2,2,2,0,0,2,2
37,-4629.127,-6871.318,276.054,126.180,-0.590487,-0.806783,0.020642,0.807014,-0.590037,0.024187,-0.007334,0.030940,0.999494,0,0.60814,0.31276,36.488,0.626,-1,425.000,-1,425.000,-1,350.000,350.000,300.000,300.000,-1,-1,-1,-1,975.000,950.000,-1,-1,2,0,2,0,2,0,0,0,0,2,2,2,2,0,0,2,2
38,-4651.078,-6841.961,276.032,126.788,-0.599082,-0.800516,0.016603,0.800609,-0.598602,0.026479,-0.011258,0.029155,0.999511,0,0.61095,0.30417,36.657,0.608,-1,425.000,-1,425.000,-1,350.000,325.000,300.000,300.000,-1,-1,-1,-1,950.000,925.000,-1,-1,2,0,2,0,2,0,0,0,0,2,2,2,2,0,0,2,2
39,-4673.437,-6812.694,275.795,127.379,-0.607346,-0.794324,0.013447,0.794303,-0.606845,0.028680,-0.014621,0.028099,0.999498,0,0.61383,0.29547,36.830,0.591,-1,425.000,-1,425.000,-1,350.000,325.000,300.000,300.000,-1,-1,-1,-1,925.000,900.000,-1,-1,2,0,2,0,2,0,0,0,0,2,2,2,2,0,0,2,2
40,-4696.196,-6783.513,275.498,127.952,-0.615290,-0.788231,0.010453,0.788098,-0.614777,0.030829,-0.017874,0.027206,0.999470,0,0.61679,0.28665,37.007,0.573,-1,425.000,-1,425.000,-1,350.000,325.000,300.000,300.000,-1,-1,-1,-1,900.000,900.000,-1,-1,2,0,2,0,2,0,0,0,0,2,2,2,2,0,0,2,2
41,-4719.351,-6754.411,274.794,128.508,-0.622929,-0.782224,0.009244,0.782022,-0.622380,0.032927,-0.020003,0.027741,0.999415,0,0.61982,0.27770,37.189,0.555,-1,425.000,-1,425.000,-1,325.000,325.000,300.000,300.000,-1,-1,-1,-1,875.000,875.000,-1,-1,2,0,2,0,2,0,0,0,0,2,2,2,2,0,0,2,2
42,-4745.948,-6721.919,273.970,129.303,-0.633755,-0.773493,0.007898,0.773214,-0.633167,0.035221,-0.022243,0.028428,0.999348,0,0.69982,0.39770,41.989,0.795,-1,425.000,-1,425.000,-1,325.000,325.000,300.000,300.000,-1,-1,-1,-1,875.000,850.000,-1,-1,2,0,2,0,2,0,0,0,0,2,2,2,2,0,0,2,2
43,-4775.505,-6686.803,273.043,130.087,-0.644302,-0.764744,0.006416,0.764372,-0.643672,0.037711,-0.024710,0.029201,0.999268,0,0.76498,0.39183,45.899,0.784,-1,425.000,-1,400.000,-1,325.000,325.000,300.000,300.000,-1,-1,-1,-1,850.000,850.000,-1,-1,2,0,2,0,2,0,0,0,0,2,2,2,2,0,0,2,2
44,-4805.689,-6651.893,272.077,130.848,-0.654427,-0.756109,0.004929,0.755638,-0.653756,0.040180,-0.027158,0.030019,0.999180,0,0.76916,0.38050,46.149,0.761,-1,425.000,-1,400.000,-1,325.000,325.000,300.000,300.000,-1,-1,-1,-1,850.000,825.000,-1,-1,2,0,2,0,2,0,0,0,0,2,2,2,2,0,0,2,2
45,-4836.462,-6617.219,271.022,131.589,-0.664180,-0.747564,0.003482,0.746981,-0.663463,0.042855,-0.029727,0.031065,0.999075,0,0.77268,0.37064,46.361,0.741,-1,425.000,-1,400.000,-1,325.000,325.000,300.000,300.000,-1,-1,-1,-1,825.000,800.000,-1,-1,2,0,2,0,2,0,0,0,0,2,2,2,2,0,0,2,2
46,-4867.689,-6582.931,269.918,132.325,-0.673747,-0.738959,0.002051,0.738257,-0.672980,0.045555,-0.032283,0.032207,0.998960,0,0.77294,0.36775,46.377,0.735,-1,425.000,-1,400.000,-1,325.000,325.000,300.000,300.000,-1,-1,-1,-1,825.000,800.000,-1,-1,2,0,2,0,2,0,0,0,0,2,2,2,2,0,0,2,2
47,-4899.365,-6549.027,268.692,133.054,-0.683132,-0.730294,0.000685,0.729454,-0.682300,0.048615,-0.035036,0.033710,0.998817,0,0.77330,0.36478,46.398,0.730,-1,400.000,-1,400.000,-1,325.000,325.000,300.000,300.000,-1,-1,-1,-1,800.000,775.000,-1,-1,2,0,2,0,2,0,0,0,0,2,2,2,2,0,0,2,2
48,-4931.485,-6515.507,267.395,133.778,-0.692331,-0.721580,-0.000664,0.720587,-0.691427,0.051792,-0.037831,0.035379,0.998658,0,0.77375,0.36173,46.425,0.723,-1,400.000,-1,400.000,-1,325.000,325.000,300.000,300.000,-1,-1,-1,-1,775.000,750.000,-1,-1,2,0,2,0,2,0,0,0,0,2,2,2,2,0,0,2,2
49,-4964.045,-6482.368,265.977,134.495,-0.701323,-0.712841,-0.002115,0.711718,-0.700378,0.054108,-0.040052,0.036441,0.998533,0,0.77430,0.35861,46.458,0.717,-1,400.000,-1,400.000,-1,325.000,325.000,325.000,300.000,-1,-1,-1,-1,775.000,725.000,-1,-1,2,0,2,0,2,0,0,0,0,2,2,2,2,0,0,2,2
50,-4997.040,-6449.608,264.239,135.206,-0.710085,-0.704106,-0.003748,0.702917,-0.709176,0.054553,-0.041069,0.036103,0.998504,0,0.77493,0.35540,46.496,0.711,-1,400.000,-1,375.000,-1,325.000,325.000,325.000,300.000,-1,-1,-1,-1,750.000,725.000,-1,-1,2,0,2,0,2,0,0,0,0,2,2,2,2,0,0,2,2
51,-5030.467,-6417.227,262.406,135.910,-0.718645,-0.695357,-0.005379,0.694132,-0.717798,0.054279,-0.041605,0.035274,0.998511,0,0.77565,0.35213,46.539,0.704,-1,400.000,-1,375.000,-1,325.000,325.000,300.000,300.000,-1,-1,-1,-1,750.000,725.000,-1,-1,2,0,2,0,2,0,0,0,0,2,2,2,2,0,0,2,2
52,-5064.320,-6385.221,260.592,136.607,-0.727014,-0.686587,-0.006934,0.685335,-0.726233,0.053870,-0.042022,0.034412,0.998524,0,0.77647,0.34878,46.588,0.698,-1,400.000,-1,375.000,-1,325.000,325.000,300.000,300.000,-1,-1,-1,-1,750.000,700.000,-1,-1,2,0,2,0,2,0,0,0,0,2,2,2,2,0,0,2,2
53,-5098.597,-6353.589,258.794,137.298,-0.735195,-0.677803,-0.008408,0.676533,-0.734479,0.053328,-0.042321,0.033518,0.998542,0,0.77737,0.34536,46.642,0.691,-1,400.000,-1,375.000,-1,325.000,325.000,300.000,300.000,-1,-1,-1,-1,725.000,700.000,-1,-1,2,0,2,0,2,0,0,0,0,2,2,2,2,0,0,2,2
54,-5133.292,-6322.329,257.014,137.982,-0.743188,-0.669011,-0.009797,0.667731,-0.742538,0.052657,-0.042503,0.032592,0.998565,0,0.77835,0.34187,46.701,0.684,-1,375.000,-1,375.000,-1,325.000,300.000,300.000,300.000,-1,-1,-1,-1,725.000,700.000,-1,-1,2,0,2,0,2,0,0,0,0,2,2,2,2,0,0,2,2
55,-5168.403,-6291.438,255.278,138.658,-0.750998,-0.660214,-0.010951,0.658937,-0.750406,0.051887,-0.042474,0.031751,0.998593,0,0.77942,0.33831,46.765,0.677,-1,375.000,-1,375.000,-1,325.000,300.000,300.000,325.000,-1,-1,-1,-1,725.000,700.000,-1,-1,2,0,2,0,2,0,0,0,0,2,2,2,2,0,0,2,2
56,-5203.924,-6260.915,253.602,139.328,-0.758629,-0.651416,-0.011788,0.650156,-0.758084,0.051043,-0.042186,0.031059,0.998627,0,0.78057,0.33468,46.834,0.669,-1,375.000,-1,375.000,-1,300.000,300.000,300.000,325.000,-1,-1,-1,-1,725.000,700.000,-1,-1,2,0,2,0,2,0,0,0,0,2,2,2,2,0,0,2,2
57,-5239.852,-6230.756,251.961,139.990,-0.766078,-0.642627,-0.012435,0.641392,-0.765575,0.050110,-0.041722,0.030412,0.998666,0,0.78180,0.33098,46.908,0.662,-1,375.000,-1,375.000,-1,300.000,300.000,300.000,325.000,-1,-1,-1,-1,725.000,700.000,-1,-1,2,0,2,0,2,0,0,0,0,2,2,2,2,0,0,2,2
58,-5276.183,-6200.960,250.373,140.644,-0.773361,-0.633845,-0.012380,0.632654,-0.772870,0.049204,-0.040756,0.030220,0.998712,0,0.78311,0.32722,46.987,0.654,-1,375.000,-1,375.000,-1,300.000,300.000,300.000,325.000,-1,-1,-1,-1,725.000,700.000,-1,-1,2,0,2,0,2,0,0,0,0,2,2,2,2,0,0,2,2
59,-5312.914,-6171.524,248.781,141.291,-0.780465,-0.625083,-0.012116,0.623944,-0.779978,0.048240,-0.039605,0.030090,0.998762,0,0.78451,0.32339,47.070,0.647,-1,375.000,-1,375.000,-1,300.000,300.000,300.000,325.000,-1,-1,-1,-1,725.000,725.000,-1,-1,2,0,2,0,2,0,0,0,0,2,2,2,2,0,0,2,2
60,-5350.040,-6142.445,247.097,141.930,-0.787400,-0.616340,-0.011235,0.615270,-0.786895,0.047321,-0.038007,0.030348,0.998817,0,0.78598,0.31950,47.159,0.639,-1,375.000,-1,375.000,-1,300.000,300.000,300.000,325.000,-1,-1,-1,-1,725.000,725.000,-1,-1,2,0,2,0,2,0,0,0,0,2,2,2,2,0,0,2,2
61,-5390.401,-6111.820,245.305,142.809,-0.796777,-0.604189,-0.010130,0.603199,-0.796248,0.046268,-0.036020,0.030755,0.998878,0,0.84443,0.43950,50.666,0.879,-1,375.000,-1,375.000,-1,325.000,300.000,300.000,325.000,-1,-1,-1,-1,750.000,725.000,-1,-1,2,0,2,0,2,0,0,0,0,2,2,2,2,0,0,2,2
62,-5431.439,-6081.925,243.591,143.928,-0.808433,-0.588517,-0.009106,0.587611,-0.807886,0.045090,-0.033892,0.031101,0.998941,0,0.84620,0.55950,50.772,1.119,-1,375.000,-1,375.000,-1,325.000,325.000,300.000,325.000,-1,-1,-1,-1,775.000,725.000,-1,-1,2,0,2,0,2,0,0,0,0,2,2,2,2,0,0,2,2
63,-5473.183,-6052.830,241.913,145.124,-0.820544,-0.571525,-0.008170,0.570695,-0.819982,0.044017,-0.031856,0.031455,0.998997,0,0.84805,0.59783,50.883,1.196,-1,400.000,-1,375.000,-1,325.000,325.000,300.000,325.000,-1,-1,-1,-1,775.000,750.000,-1,-1,2,0,2,0,2,0,0,0,0,2,2,2,2,0,0,2,2
64,-5515.614,-6024.544,240.255,146.311,-0.832212,-0.554408,-0.007339,0.553644,-0.831636,0.043136,-0.030018,0.031835,0.999042,0,0.84992,0.59352,50.995,1.187,-1,400.000,-1,375.000,-1,325.000,325.000,300.000,325.000,-1,-1,-1,-1,800.000,750.000,-1,-1,2,0,2,0,2,0,0,0,0,2,2,2,2,0,0,2,2
65,-5558.711,-5997.077,238.660,147.489,-0.843440,-0.537183,-0.006600,0.536481,-0.842855,0.042230,-0.028249,0.032078,0.999086,0,0.85178,0.58921,51.107,1.178,-1,400.000,-1,375.000,-1,325.000,325.000,300.000,325.000,-1,-1,-1,-1,800.000,750.000,-1,-1,2,0,2,0,2,0,0,0,0,2,2,2,2,0,0,2,2
66,-5602.449,-5970.442,237.130,148.660,-0.854235,-0.519852,-0.005952,0.519208,-0.853650,0.041296,-0.026548,0.032186,0.999129,0,0.85350,0.58524,51.210,1.170,-1,400.000,-1,400.000,-1,325.000,325.000,300.000,325.000,-1,-1,-1,-1,825.000,775.000,-1,-1,2,0,2,0,2,0,0,0,0,2,2,2,2,0,0,2,2
67,-5646.722,-5944.706,235.656,149.830,-0.864673,-0.502306,-0.005399,0.501715,-0.864090,0.040380,-0.024948,0.032207,0.999170,0,0.85350,0.58524,51.210,1.170,-1,400.000,-1,400.000,-1,325.000,325.000,300.000,300.000,-1,-1,-1,-1,825.000,800.000,-1,-1,2,0,2,0,2,0,0,0,0,2,2,2,2,0,0,2,2
68,-5691.511,-5919.879,234.217,151.001,-0.874750,-0.484549,-0.004957,0.484004,-0.874170,0.039576,-0.023510,0.032220,0.999204,0,0.85350,0.58524,51.210,1.170,-1,400.000,-1,400.000,-1,325.000,325.000,300.000,300.000,-1,-1,-1,-1,850.000,825.000,-1,-1,2,0,2,0,2,0,0,0,0,2,2,2,2,0,0,2,2
69,-5736.798,-5895.973,232.851,152.171,-0.884461,-0.466592,-0.004612,0.466088,-0.883888,0.038782,-0.022172,0.032151,0.999237,0,0.85350,0.58524,51.210,1.170,-1,400.000,-1,400.000,-1,325.000,325.000,300.000,300.000,-1,-1,-1,-1,850.000,825.000,-1,-1,2,0,2,0,2,0,0,0,0,2,2,2,2,0,0,2,2
70,-5785.024,-5871.508,231.544,153.102,-0.891917,-0.452177,-0.004423,0.451699,-0.891349,0.038274,-0.021249,0.032139,0.999257,0,0.90128,0.46524,54.077,0.930,-1,400.000,-1,400.000,-1,325.000,325.000,300.000,300.000,-1,-1,-1,-1,875.000,850.000,-1,-1,2,0,2,0,2,0,0,0,0,2,2,2,2,0,0,2,2
71,-5833.542,-5847.626,230.232,153.792,-0.897294,-0.441409,-0.004687,0.440943,-0.896746,0.037635,-0.020816,0.031703,0.999281,0,0.90128,0.34524,54.077,0.690,-1,425.000,-1,400.000,-1,325.000,325.000,300.000,300.000,-1,-1,-1,-1,900.000,875.000,-1,-1,2,0,2,0,2,0,0,0,0,2,2,2,2,0,0,2,2
72,-5882.246,-5824.126,228.857,154.243,-0.900720,-0.434359,-0.006074,0.433867,-0.900218,0.036975,-0.021528,0.030669,0.999298,0,0.90128,0.22524,54.077,0.450,-1,425.000,-1,400.000,-1,325.000,325.000,300.000,300.000,-1,-1,-1,-1,925.000,875.000,-1,-1,2,0,2,0,2,0,0,0,0,2,2,2,2,0,0,2,2
73,-5931.035,-5800.805,227.505,154.453,-0.902289,-0.431064,-0.007595,0.430545,-0.901840,0.036262,-0.022481,0.029449,0.999313,0,0.90128,0.10524,54.077,0.210,-1,425.000,-1,400.000,-1,325.000,325.000,300.000,300.000,-1,-1,-1,-1,925.000,900.000,-1,-1,2,0,2,0,2,0,0,0,0,2,2,2,2,0,0,2,2
74,-5979.813,-5777.459,226.148,154.423,-0.902045,-0.431545,-0.009175,0.430996,-0.901653,0.035557,-0.023617,0.028119,0.999326,0,0.90128,-0.01476,54.077,-0.030,-1,425.000,-1,425.000,-1,325.000,325.000,300.000,300.000,-1,-1,-1,-1,925.000,900.000,-1,-1,2,0,2,0,2,0,0,0,0,2,2,2,2,0,0,2,2
75,-6028.540,-5753.854,224.714,154.154,-0.899983,-0.435797,-0.010568,0.435221,-0.899643,0.035004,-0.024762,0.026904,0.999331,0,0.90238,-0.13476,54.143,-0.270,-1,425.000,-1,425.000,-1,325.000,325.000,300.000,325.000,-1,-1,-1,-1,950.000,925.000,-1,-1,2,0,2,0,2,0,0,0,0,2,2,2,2,0,0,2,2
76,-6077.168,-5729.788,223.017,153.670,-0.896245,-0.443389,-0.012276,0.442749,-0.895938,0.035616,-0.026791,0.026486,0.999290,0,0.90429,-0.24210,54.258,-0.484,-1,425.000,-1,425.000,-1,325.000,325.000,300.000,300.000,-1,-1,-1,-1,950.000,925.000,-1,-1,2,0,2,0,2,0,0,0,0,2,2,2,2,0,0,2,2
77,-6125.685,-5705.257,221.149,153.178,-0.892379,-0.451065,-0.014169,0.450334,-0.892094,0.036971,-0.029317,0.026611,0.999216,0,0.90609,-0.24603,54.366,-0.492,-1,400.000,-1,425.000,-1,325.000,325.000,300.000,300.000,-1,-1,-1,-1,950.000,900.000,-1,-1,2,0,2,0,2,0,0,0,0,2,2,2,2,0,0,2,2
78,-6174.075,-5680.257,219.253,152.678,-0.888378,-0.458830,-0.016095,0.458002,-0.888121,0.038405,-0.031915,0.026746,0.999133,0,0.90777,-0.24998,54.466,-0.500,-1,400.000,-1,425.000,-1,325.000,325.000,300.000,300.000,-1,-1,-1,-1,950.000,900.000,-1,-1,2,0,2,0,2,0,0,0,0,2,2,2,2,0,0,2,2
79,-6222.323,-5654.786,217.329,152.170,-0.884240,-0.466683,-0.018051,0.465750,-0.884015,0.039921,-0.034588,0.026892,0.999040,0,0.90932,-0.25396,54.559,-0.508,-1,400.000,-1,425.000,-1,325.000,325.000,300.000,300.000,-1,-1,-1,-1,925.000,900.000,-1,-1,2,0,2,0,2,0,0,0,0,2,2,2,2,0,0,2,2
80,-6270.415,-5628.841,215.357,151.654,-0.879964,-0.474621,-0.019947,0.473576,-0.879772,0.041560,-0.037274,0.027124,0.998937,0,0.91073,-0.25795,54.644,-0.516,-1,425.000,-1,425.000,-1,325.000,325.000,300.000,300.000,-1,-1,-1,-1,925.000,875.000,-1,-1,2,0,2,0,2,0,0,0,0,2,2,2,2,0,0,2,2
81,-6318.335,-5602.421,213.329,151.130,-0.875548,-0.482641,-0.021748,0.481476,-0.875387,0.043335,-0.039953,0.027470,0.998824,0,0.91200,-0.26195,54.720,-0.524,-1,425.000,-1,400.000,-1,325.000,325.000,300.000,300.000,-1,-1,-1,-1,925.000,875.000,-1,-1,2,0,2,0,2,0,0,0,0,2,2,2,2,0,0,2,2
82,-6366.067,-5575.523,211.268,150.598,-0.870986,-0.490742,-0.023551,0.489449,-0.870860,0.045204,-0.042693,0.027845,0.998700,0,0.91314,-0.26597,54.788,-0.532,-1,425.000,-1,400.000,-1,325.000,325.000,300.000,300.000,-1,-1,-1,-1,925.000,850.000,-1,-1,2,0,2,0,2,0,0,0,0,2,2,2,2,0,0,2,2
83,-6413.594,-5548.147,208.953,150.058,-0.866274,-0.498934,-0.025182,0.497558,-0.866208,0.046039,-0.044783,0.027353,0.998622,0,0.91414,-0.26999,54.848,-0.540,-1,425.000,-1,400.000,-1,325.000,325.000,300.000,300.000,-1,-1,-1,-1,900.000,850.000,-1,-1,2,0,2,0,2,0,0,0,0,2,2,2,2,0,0,2,2
84,-6460.902,-5520.291,206.533,149.510,-0.861408,-0.507207,-0.026778,0.505762,-0.861414,0.046598,-0.046702,0.026596,0.998555,0,0.91499,-0.27401,54.899,-0.548,-1,425.000,-1,400.000,-1,325.000,325.000,300.000,300.000,-1,-1,-1,-1,900.000,850.000,-1,-1,2,0,2,0,2,0,0,0,0,2,2,2,2,0,0,2,2
85,-6507.974,-5491.956,203.722,148.954,-0.856318,-0.515571,-0.030104,0.514044,-0.856499,0.046566,-0.049792,0.024401,0.998462,0,0.91569,-0.27802,54.942,-0.556,-1,425.000,-1,400.000,-1,325.000,325.000,300.000,300.000,-1,-1,-1,-1,875.000,850.000,-1,-1,2,0,2,0,2,0,0,0,0,2,2,2,2,0,0,2,2
86,-6554.792,-5463.141,200.783,148.390,-0.851039,-0.524009,-0.033884,0.522402,-0.851433,0.046460,-0.053195,0.021838,0.998345,0,0.91625,-0.28202,54.975,-0.564,-1,425.000,-1,400.000,-1,325.000,325.000,300.000,300.000,-1,-1,-1,-1,850.000,825.000,-1,-1,2,0,2,0,2,0,0,0,0,2,2,2,2,0,0,2,2
87,-6601.342,-5433.847,197.829,147.818,-0.845591,-0.532510,-0.037553,0.530830,-0.846202,0.046493,-0.056535,0.019379,0.998212,0,0.91666,-0.28600,55.000,-0.572,-1,400.000,-1,400.000,-1,325.000,325.000,300.000,300.000,-1,-1,-1,-1,825.000,800.000,-1,-1,2,0,2,0,2,0,0,0,0,2,2,2,2,0,0,2,2
88,-6648.362,-5403.621,194.683,147.266,-0.840268,-0.540650,-0.040576,0.538900,-0.841065,0.046862,-0.059463,0.017511,0.998077,0,0.93161,-0.27580,55.897,-0.552,-1,400.000,-1,400.000,-1,325.000,325.000,300.000,300.000,-1,-1,-1,-1,800.000,800.000,-1,-1,2,0,2,0,2,0,0,0,0,2,2,2,2,0,0,2,2
89,-6695.217,-5372.849,191.243,146.705,-0.834839,-0.548870,-0.042257,0.547045,-0.835740,0.047758,-0.061529,0.016754,0.997965,0,0.93426,-0.28063,56.055,-0.561,-1,400.000,-1,400.000,-1,325.000,325.000,300.000,300.000,-1,-1,-1,-1,775.000,775.000,-1,-1,2,0,2,0,2,0,0,0,0,2,2,2,2,0,0,2,2
90,-6741.886,-5341.529,187.772,146.134,-0.829238,-0.557179,-0.043763,0.555276,-0.830235,0.048768,-0.063506,0.016139,0.997851,0,0.93673,-0.28557,56.204,-0.571,-1,400.000,-1,400.000,-1,325.000,325.000,300.000,300.000,-1,-1,-1,-1,775.000,775.000,-1,-1,2,0,2,0,2,0,0,0,0,2,2,2,2,0,0,2,2
91,-6788.347,-5309.660,184.250,145.553,-0.823462,-0.565577,-0.045096,0.563583,-0.824545,0.049995,-0.065459,0.015754,0.997731,0,0.93902,-0.29063,56.341,-0.581,-1,400.000,-1,400.000,-1,325.000,325.000,300.000,300.000,-1,-1,-1,-1,750.000,750.000,-1,-1,2,0,2,0,2,0,0,0,0,2,2,2,2,0,0,2,2
92,-6834.580,-5277.240,180.621,144.961,-0.817506,-0.574060,-0.046259,0.571946,-0.818661,0.051693,-0.067545,0.015802,0.997591,0,0.94110,-0.29580,56.466,-0.592,-1,400.000,-1,400.000,-1,325.000,325.000,300.000,325.000,-1,-1,-1,-1,725.000,750.000,-1,-1,2,0,2,0,2,0,0,0,0,2,2,2,2,0,0,2,2
93,-6880.561,-5244.271,176.992,144.359,-0.811365,-0.582631,-0.047210,0.580399,-0.812581,0.053368,-0.069456,0.015900,0.997458,0,0.94298,-0.30109,56.579,-0.602,-1,400.000,-1,375.000,-1,325.000,325.000,325.000,325.000,-1,-1,-1,-1,725.000,725.000,-1,-1,2,0,2,0,2,0,0,0,0,2,2,2,2,0,0,2,2
94,-6926.266,-5210.753,173.377,143.746,-0.805033,-0.591290,-0.047944,0.588949,-0.806300,0.054943,-0.071145,0.015994,0.997338,0,0.94463,-0.30650,56.678,-0.613,-1,375.000,-1,375.000,-1,325.000,325.000,325.000,325.000,-1,-1,-1,-1,700.000,725.000,-1,-1,2,0,2,0,2,0,0,0,0,2,2,2,2,0,0,2,2
95,-6971.672,-5176.689,169.777,143.122,-0.798504,-0.600036,-0.048461,0.597595,-0.799811,0.056411,-0.072608,0.016084,0.997231,0,0.94605,-0.31202,56.763,-0.624,-1,375.000,-1,375.000,-1,325.000,300.000,325.000,325.000,-1,-1,-1,-1,700.000,700.000,-1,-1,2,0,2,0,2,0,0,0,0,2,2,2,2,0,0,2,2
96,-7016.752,-5142.081,165.815,142.487,-0.791763,-0.608882,-0.048728,0.606495,-0.793126,0.055805,-0.072626,0.014631,0.997252,0,0.94720,-0.31767,56.832,-0.635,-1,375.000,-1,375.000,-1,300.000,300.000,325.000,325.000,-1,-1,-1,-1,675.000,700.000,-1,-1,2,0,2,0,2,0,0,0,0,2,2,2,2,0,0,2,2
97,-7061.480,-5106.934,161.796,141.840,-0.784809,-0.617812,-0.048821,0.615522,-0.786220,0.054685,-0.072169,0.012867,0.997309,0,0.94810,-0.32344,56.886,-0.647,-1,375.000,-1,375.000,-1,300.000,300.000,325.000,325.000,-1,-1,-1,-1,675.000,700.000,-1,-1,2,0,2,0,2,0,0,0,0,2,2,2,2,0,0,2,2
98,-7102.205,-5074.462,158.169,141.433,-0.780387,-0.623390,-0.048794,0.621182,-0.781826,0.053675,-0.071609,0.011577,0.997366,0,0.86810,-0.20344,52.086,-0.407,-1,375.000,-1,375.000,-1,300.000,300.000,325.000,325.000,-1,-1,-1,-1,675.000,700.000,-1,-1,2,0,2,0,2,0,0,0,0,2,2,2,2,0,0,2,2
99,-7139.091,-5044.875,154.981,141.266,-0.778588,-0.625668,-0.048376,0.623531,-0.780012,0.052825,-0.070785,0.010965,0.997431,0,0.78810,-0.08344,47.286,-0.167,-1,375.000,-1,375.000,-1,300.000,300.000,325.000,325.000,-1,-1,-1,-1,675.000,700.000,-1,-1,2,0,2,0,2,0,0,0,0,2,2,2,2,0,0,2,2
100,-7172.266,-5018.334,152.223,141.339,-0.779436,-0.624672,-0.047584,0.622591,-0.780809,0.052128,-0.069716,0.011005,0.997506,0,0.70810,0.03656,42.486,0.073,-1,375.000,-1,375.000,-1,300.000,300.000,325.000,325.000,-1,-1,-1,-1,675.000,700.000,-1,-1,2,0,2,0,2,0,0,0,0,2,2,2,2,0,0,2,2
101,-7201.821,-4994.952,149.821,141.652,-0.782896,-0.620393,-0.046763,0.618356,-0.784208,0.051510,-0.068628,0.011411,0.997577,0,0.62810,0.15656,37.686,0.313,-1,375.000,-1,375.000,-1,300.000,300.000,325.000,325.000,-1,-1,-1,-1,675.000,700.000,-1,-1,2,0,2,0,2,0,0,0,0,2,2,2,2,0,0,2,2
102,-7227.808,-4974.799,147.759,142.205,-0.788909,-0.612789,-0.045973,0.610786,-0.790154,0.050967,-0.067558,0.012129,0.997642,0,0.54810,0.27656,32.886,0.553,-1,375.000,-1,375.000,-1,300.000,300.000,325.000,325.000,-1,-1,-1,-1,675.000,700.000,-1,-1,2,0,2,0,2,0,0,0,0,2,2,2,2,0,0,2,2
103,-7250.238,-4957.896,146.022,142.998,-0.797374,-0.601785,-0.045267,0.599806,-0.798550,0.050498,-0.066537,0.013115,0.997698,0,0.46810,0.39656,28.086,0.793,-1,375.000,-1,375.000,-1,300.000,300.000,325.000,325.000,-1,-1,-1,-1,675.000,700.000,-1,-1,2,0,2,0,2,0,0,0,0,2,2,2,2,0,0,2,2
104,-7269.084,-4944.219,144.598,144.032,-0.808150,-0.587279,-0.044687,0.585314,-0.809257,0.050102,-0.065587,0.014334,0.997744,0,0.38810,0.51656,23.286,1.033,-1,375.000,-1,375.000,-1,300.000,300.000,325.000,325.000,-1,-1,-1,-1,675.000,700.000,-1,-1,2,0,2,0,2,0,0,0,0,2,2,2,2,0,0,2,2
105,-7284.283,-4933.697,143.456,145.305,-0.821052,-0.569141,-0.044183,0.567179,-0.822087,0.049803,-0.064668,0.015831,0.997781,0,0.30810,0.63656,18.486,1.273,-1,375.000,-1,375.000,-1,300.000,300.000,325.000,325.000,-1,-1,-1,-1,675.000,700.000,-1,-1,2,0,2,0,2,0,0,0,0,2,2,2,2,0,0,2,2
106,-7295.737,-4926.207,142.558,146.818,-0.835851,-0.547218,-0.043652,0.545248,-0.836803,0.049648,-0.063696,0.017697,0.997812,0,0.22810,0.75656,13.686,1.513,-1,375.000,-1,375.000,-1,300.000,300.000,325.000,325.000,-1,-1,-1,-1,675.000,700.000,-1,-1,2,0,2,0,2,0,0,0,0,2,2,2,2,0,0,2,2
107,-7303.318,-4921.572,141.952,148.553,-0.852082,-0.521610,-0.043353,0.519624,-0.852956,0.049563,-0.062831,0.019704,0.997830,0,0.14810,0.86754,8.886,1.735,-1,375.000,-1,375.000,-1,300.000,300.000,325.000,325.000,-1,-1,-1,-1,675.000,700.000,-1,-1,2,0,2,0,2,0,0,0,0,2,2,2,2,0,0,2,2
108,-7306.866,-4919.547,141.640,150.287,-0.867508,-0.495536,-0.043278,0.493527,-0.868318,0.049540,-0.062128,0.021617,0.997834,0,0.06810,0.86719,4.086,1.734,-1,375.000,-1,375.000,-1,300.000,300.000,325.000,325.000,-1,-1,-1,-1,675.000,675.000,-1,-1,2,0,2,0,2,0,0,0,0,2,2,2,2,0,0,2,2
109,-7306.236,-4919.882,141.615,152.021,-0.882124,-0.469013,-0.043404,0.466975,-0.882879,0.049578,-0.061574,0.023465,0.997827,0,-0.01190,0.86705,-0.714,1.734,-1,375.000,-1,375.000,-1,300.000,300.000,325.000,325.000,-1,-1,-1,-1,675.000,675.000,-1,-1,2,0,2,0,2,0,0,0,0,2,2,2,2,0,0,2,2
110,-7301.290,-4922.321,141.871,153.755,-0.895919,-0.442061,-0.043705,0.439988,-0.896629,0.049679,-0.061149,0.025279,0.997809,0,-0.09190,0.86707,-5.514,1.734,-1,375.000,-1,375.000,-1,300.000,300.000,325.000,325.000,-1,-1,-1,-1,675.000,675.000,-1,-1,2,0,2,0,2,0,0,0,0,2,2,2,2,0,0,2,2
111,-7292.038,-4926.540,142.398,155.490,-0.908886,-0.414701,-0.044147,0.412585,-0.909554,0.049843,-0.060824,0.027087,0.997781,0,-0.16949,0.86721,-10.169,1.734,-1,375.000,-1,375.000,-1,300.000,300.000,325.000,325.000,-1,-1,-1,-1,675.000,675.000,-1,-1,2,0,2,0,2,0,0,0,0,2,2,2,2,0,0,2,2
112,-7282.525,-4930.535,142.928,157.225,-0.921021,-0.386956,-0.044560,0.384798,-0.921645,0.050009,-0.060420,0.028913,0.997754,0,-0.17196,0.86741,-10.318,1.735,-1,375.000,-1,375.000,-1,300.000,300.000,325.000,325.000,-1,-1,-1,-1,675.000,675.000,-1,-1,2,0,2,0,2,0,0,0,0,2,2,2,2,0,0,2,2
113,-7272.757,-4934.293,143.460,158.960,-0.932312,-0.358851,-0.044937,0.356654,-0.932888,0.050183,-0.059929,0.030759,0.997729,0,-0.17442,0.86759,-10.465,1.735,-1,375.000,-1,375.000,-1,300.000,300.000,325.000,325.000,-1,-1,-1,-1,675.000,675.000,-1,-1,2,0,2,0,2,0,0,0,0,2,2,2,2,0,0,2,2
114,-7262.742,-4937.802,143.989,160.695,-0.942750,-0.330415,-0.045257,0.328179,-0.943271,0.050379,-0.059336,0.032642,0.997704,0,-0.17686,0.86772,-10.612,1.735,-1,375.000,-1,375.000,-1,300.000,300.000,325.000,325.000,-1,-1,-1,-1,675.000,675.000,-1,-1,2,0,2,0,2,0,0,0,0,2,2,2,2,0,0,2,2
115,-7252.487,-4941.049,144.519,162.431,-0.952323,-0.301674,-0.045546,0.299401,-0.952785,0.050586,-0.058656,0.034538,0.997681,0,-0.17929,0.86782,-10.758,1.736,-1,375.000,-1,375.000,-1,300.000,300.000,325.000,325.000,-1,-1,-1,-1,700.000,675.000,-1,-1,2,0,2,0,2,0,0,0,0,2,2,2,2,0,0,2,2
116,-7241.998,-4944.025,145.050,164.167,-0.961020,-0.272657,-0.045802,0.270349,-0.961421,0.050807,-0.057888,0.036444,0.997658,0,-0.18171,0.86788,-10.903,1.736,-1,375.000,-1,375.000,-1,300.000,300.000,325.000,325.000,-1,-1,-1,-1,700.000,675.000,-1,-1,2,0,2,0,2,0,0,0,0,2,2,2,2,0,0,2,2
117,-7231.284,-4946.716,145.581,165.903,-0.968835,-0.243392,-0.046027,0.241051,-0.969169,0.051044,-0.057031,0.038358,0.997635,0,-0.18411,0.86791,-11.047,1.736,-1,375.000,-1,375.000,-1,300.000,300.000,325.000,325.000,-1,-1,-1,-1,725.000,675.000,-1,-1,2,0,2,0,2,0,0,0,0,2,2,2,2,0,0,2,2
118,-7220.353,-4949.113,146.111,167.638,-0.975760,-0.213908,-0.046220,0.211536,-0.976023,0.051298,-0.056085,0.040277,0.997613,0,-0.18651,0.86789,-11.190,1.736,-1,375.000,-1,375.000,-1,300.000,300.000,325.000,325.000,-1,-1,-1,-1,725.000,650.000,-1,-1,2,0,2,0,2,0,0,0,0,2,2,2,2,0,0,2,2
119,-7209.213,-4951.204,146.639,169.374,-0.981788,-0.184233,-0.046383,0.181832,-0.981976,0.051571,-0.055048,0.042198,0.997592,0,-0.18889,0.86783,-11.334,1.736,-1,375.000,-1,375.000,-1,300.000,300.000,325.000,325.000,-1,-1,-1,-1,725.000,650.000,-1,-1,2,0,2,0,2,0,0,0,0,2,2,2,2,0,0,2,2
120,-7197.875,-4952.978,147.165,171.109,-0.986913,-0.154396,-0.046517,0.151969,-0.987024,0.051864,-0.053921,0.044116,0.997570,0,-0.19127,0.86773,-11.476,1.735,-1,375.000,-1,375.000,-1,300.000,300.000,325.000,325.000,-1,-1,-1,-1,750.000,650.000,-1,-1,2,0,2,0,2,0,0,0,0,2,2,2,2,0,0,2,2
121,-7186.347,-4954.427,147.687,172.845,-0.991133,-0.124428,-0.046618,0.121977,-0.991160,0.052185,-0.052700,0.046036,0.997549,0,-0.19364,0.86759,-11.618,1.735,-1,375.000,-1,375.000,-1,300.000,300.000,325.000,300.000,-1,-1,-1,-1,750.000,675.000,-1,-1,2,0,2,0,2,0,0,0,0,2,2,2,2,0,0,2,2
122,-7174.640,-4955.539,148.213,174.579,-0.994452,-0.094356,-0.046508,0.091892,-0.994382,0.052547,-0.051205,0.047982,0.997535,0,-0.19600,0.86741,-11.760,1.735,-1,400.000,-1,375.000,-1,300.000,300.000,300.000,300.000,-1,-1,-1,-1,775.000,675.000,-1,-1,2,0,2,0,2,0,0,0,0,2,2,2,2,0,0,2,2
123,-7162.762,-4956.305,148.668,176.314,-0.996866,-0.064212,-0.046210,0.061759,-0.996700,0.052675,-0.049439,0.049656,0.997542,0,-0.19836,0.86718,-11.901,1.734,-1,400.000,-1,375.000,-1,325.000,300.000,300.000,300.000,-1,-1,-1,-1,775.000,675.000,-1,-1,2,0,2,0,2,0,0,0,0,2,2,2,2,0,0,2,2
124,-7150.726,-4956.717,149.116,178.048,-0.998367,-0.034023,-0.045899,0.031584,-0.998103,0.052852,-0.047610,0.051316,0.997547,0,-0.20071,0.86691,-12.043,1.734,-1,400.000,-1,375.000,-1,325.000,300.000,300.000,300.000,-1,-1,-1,-1,800.000,675.000,-1,-1,2,0,2,0,2,0,0,0,0,2,2,2,2,0,0,2,2
125,-7138.542,-4956.764,149.558,179.781,-0.998953,-0.003819,-0.045582,0.001396,-0.998589,0.053081,-0.045721,0.052962,0.997549,0,-0.20306,0.86660,-12.184,1.733,-1,400.000,-1,375.000,-1,325.000,300.000,300.000,300.000,-1,-1,-1,-1,825.000,675.000,-1,-1,2,0,2,0,2,0,0,0,0,2,2,2,2,0,0,2,2
126,-7131.159,-4956.601,149.804,181.274,-0.998724,0.022202,-0.045366,-0.024611,-0.998278,0.053246,-0.044106,0.054294,0.997550,0,-0.12306,0.74660,-7.384,1.493,-1,400.000,-1,375.000,-1,325.000,300.000,300.000,300.000,-1,-1,-1,-1,825.000,675.000,-1,-1,2,0,2,0,2,0,0,0,0,2,2,2,2,0,0,2,2
127,-7128.578,-4956.488,149.868,182.527,-0.998005,0.044027,-0.045257,-0.046422,-0.997498,0.053316,-0.042796,0.055311,0.997552,0,-0.04306,0.62660,-2.584,1.253,-1,400.000,-1,375.000,-1,325.000,300.000,300.000,300.000,-1,-1,-1,-1,850.000,675.000,-1,-1,2,0,2,0,2,0,0,0,0,2,2,2,2,0,0,2,2
128,-7130.789,-4956.626,149.758,183.540,-0.997071,0.061656,-0.045257,-0.064040,-0.996524,0.053272,-0.041815,0.056014,0.997554,0,0.03694,0.50660,2.216,1.013,-1,400.000,-1,375.000,-1,325.000,300.000,300.000,300.000,-1,-1,-1,-1,850.000,675.000,-1,-1,2,0,2,0,2,0,0,0,0,2,2,2,2,0,0,2,2
129,-7137.785,-4957.154,149.480,184.314,-0.996144,0.075096,-0.045366,-0.077472,-0.995580,0.053099,-0.041177,0.056409,0.997558,0,0.11694,0.38660,7.016,0.773,-1,400.000,-1,375.000,-1,325.000,300.000,300.000,300.000,-1,-1,-1,-1,850.000,675.000,-1,-1,2,0,2,0,2,0,0,0,0,2,2,2,2,0,0,2,2
130,-7149.559,-4958.152,149.037,184.847,-0.995392,0.084357,-0.045582,-0.086727,-0.994832,0.052791,-0.040893,0.056501,0.997565,0,0.19694,0.26660,11.816,0.533,-1,400.000,-1,375.000,-1,325.000,300.000,300.000,300.000,-1,-1,-1,-1,850.000,675.000,-1,-1,2,0,2,0,2,0,0,0,0,2,2,2,2,0,0,2,2
131,-7166.108,-4959.641,148.428,185.140,-0.994933,0.089448,-0.045905,-0.091815,-0.994399,0.052350,-0.040965,0.056300,0.997573,0,0.27694,0.14660,16.616,0.293,-1,400.000,-1,375.000,-1,325.000,300.000,300.000,300.000,-1,-1,-1,-1,850.000,675.000,-1,-1,2,0,2,0,2,0,0,0,0,2,2,2,2,0,0,2,2
132,-7187.436,-4961.579,147.644,185.193,-0.994830,0.090373,-0.046318,-0.092741,-0.994341,0.051810,-0.041374,0.055837,0.997582,0,0.35694,0.02660,21.416,0.053,-1,400.000,-1,375.000,-1,325.000,300.000,300.000,300.000,-1,-1,-1,-1,850.000,675.000,-1,-1,2,0,2,0,2,0,0,0,0,2,2,2,2,0,0,2,2
133,-7213.553,-4963.866,146.709,185.006,-0.995109,0.087135,-0.046537,-0.089486,-0.994677,0.051093,-0.041837,0.055008,0.997609,0,0.43694,-0.09340,26.216,-0.187,-1,400.000,-1,375.000,-1,325.000,300.000,300.000,300.000,-1,-1,-1,-1,850.000,675.000,-1,-1,2,0,2,0,2,0,0,0,0,2,2,2,2,0,0,2,2
134,-7244.470,-4966.342,145.581,184.580,-0.995734,0.079729,-0.046438,-0.082028,-0.995380,0.049899,-0.042245,0.053496,0.997674,0,0.51694,-0.21340,31.016,-0.427,-1,400.000,-1,375.000,-1,325.000,300.000,300.000,300.000,-1,-1,-1,-1,825.000,675.000,-1,-1,2,0,2,0,2,0,0,0,0,2,2,2,2,0,0,2,2
135,-7280.203,-4968.784,144.223,183.913,-0.996615,0.068147,-0.045975,-0.070363,-0.996345,0.048440,-0.042505,0.051511,0.997767,0,0.59694,-0.33340,35.816,-0.667,-1,400.000,-1,375.000,-1,325.000,300.000,300.000,300.000,-1,-1,-1,-1,825.000,675.000,-1,-1,2,0,2,0,2,0,0,0,0,2,2,2,2,0,0,2,2
136,-7320.755,-4971.064,142.651,183.218,-0.997392,0.056075,-0.045438,-0.058196,-0.997208,0.046789,-0.042687,0.049312,0.997871,0,0.67694,-0.34715,40.616,-0.694,-1,400.000,-1,375.000,-1,325.000,300.000,300.000,300.000,-1,-1,-1,-1,825.000,675.000,-1,-1,2,0,2,0,2,0,0,0,0,2,2,2,2,0,0,2,2
137,-7366.127,-4973.066,140.858,182.529,-0.998022,0.044071,-0.044823,-0.046086,-0.997926,0.044950,-0.042749,0.046927,0.997983,0,0.75694,-0.34489,45.416,-0.690,-1,400.000,-1,375.000,-1,325.000,300.000,300.000,300.000,-1,-1,-1,-1,825.000,675.000,-1,-1,2,0,2,0,2,0,0,0,0,2,2,2,2,0,0,2,2
138,-7416.317,-4974.681,138.840,181.844,-0.998509,0.032149,-0.044126,-0.034046,-0.998498,0.042925,-0.042680,0.044364,0.998103,0,0.83694,-0.34226,50.216,-0.685,-1,400.000,-1,375.000,-1,325.000,300.000,300.000,300.000,-1,-1,-1,-1,800.000,675.000,-1,-1,2,0,2,0,2,0,0,0,0,2,2,2,2,0,0,2,2
139,-7470.099,-4975.774,136.645,181.166,-0.998853,0.020327,-0.043360,-0.022098,-0.998924,0.040771,-0.042485,0.041683,0.998227,0,0.89655,-0.33921,53.793,-0.678,-1,400.000,-1,375.000,-1,325.000,300.000,300.000,325.000,-1,-1,-1,-1,800.000,675.000,-1,-1,2,0,2,0,2,0,0,0,0,2,2,2,2,0,0,2,2
140,-7523.844,-4976.237,134.422,180.494,-0.999056,0.008619,-0.042576,-0.010267,-0.999200,0.038640,-0.042209,0.039041,0.998346,0,0.89579,-0.33577,53.747,-0.672,-1,400.000,-1,375.000,-1,325.000,300.000,300.000,325.000,-1,-1,-1,-1,800.000,675.000,-1,-1,2,0,2,0,2,0,0,0,0,2,2,2,2,0,0,2,2
