timestep,x_cm,y_cm,z_cm,yaw_deg,basis_xx,basis_xy,basis_xz,basis_yx,basis_yy,basis_yz,basis_zx,basis_zy,basis_zz,teleport_flag,throttle_cmd,steering_cmd,cmd_move_cm,cmd_turn_deg,lidar_cm_0,lidar_cm_1,lidar_cm_2,lidar_cm_3,lidar_cm_4,lidar_cm_5,lidar_cm_6,lidar_cm_7,lidar_cm_8,lidar_cm_9,lidar_cm_10,lidar_cm_11,lidar_cm_12,lidar_cm_13,lidar_cm_14,lidar_cm_15,lidar_cm_16,lidar_class_0,lidar_class_1,lidar_class_2,lidar_class_3,lidar_class_4,lidar_class_5,lidar_class_6,lidar_class_7,lidar_class_8,lidar_class_9,lidar_class_10,lidar_class_11,lidar_class_12,lidar_class_13,lidar_class_14,lidar_class_15,lidar_class_16
0,3612.434,-4919.509,-110.060,-0.215,0.997032,0.003745,0.076895,-0.003777,0.999993,0.000280,-0.076894,-0.000570,0.997039,1,0.08000,-0.12000,4.800,-0.240,850.000,375.000,-1,400.000,-1,325.000,325.000,325.000,325.000,-1,-1,-1,-1,675.000,800.000,-1,-1,1,0,2,0,2,0,0,0,0,2,2,2,2,0,0,2,2
1,3622.034,-4919.626,-110.812,-0.695,0.996954,0.012122,0.077042,-0.012160,0.999926,0.000018,-0.077036,-0.000955,0.997028,0,0.16000,-0.24000,9.600,-0.480,875.000,375.000,-1,400.000,-1,325.000,325.000,325.000,325.000,-1,-1,-1,-1,675.000,800.000,-1,-1,1,0,2,0,2,0,0,0,0,2,2,2,2,0,0,2,2
2,3636.430,-4919.961,-111.938,-1.335,0.996738,0.023303,0.077268,-0.023342,0.999727,-0.000402,-0.077256,-0.001403,0.997010,0,0.24000,-0.32038,14.400,-0.641,875.000,375.000,-1,400.000,-1,325.000,325.000,325.000,325.000,-1,-1,-1,-1,675.000,800.000,-1,-1,1,0,2,0,2,0,0,0,0,2,2,2,2,0,0,2,2
3,3655.619,-4920.622,-113.438,-1.973,0.996392,0.034427,0.077578,-0.034452,0.999406,-0.001009,-0.077567,-0.001668,0.996986,0,0.32000,-0.31879,19.200,-0.638,900.000,375.000,-1,400.000,-1,325.000,325.000,325.000,325.000,-1,-1,-1,-1,675.000,800.000,-1,-1,1,0,2,0,2,0,0,0,0,2,2,2,2,0,0,2,2
4,3679.594,-4921.714,-115.311,-2.607,0.995917,0.045479,0.077974,-0.045476,0.998964,-0.001813,-0.077976,-0.001740,0.996954,0,0.40000,-0.31688,24.000,-0.634,925.000,375.000,-1,400.000,-1,300.000,325.000,325.000,325.000,-1,-1,-1,-1,675.000,800.000,-1,-1,1,0,2,0,2,0,0,0,0,2,2,2,2,0,0,2,2
5,3708.348,-4923.340,-117.561,-3.236,0.995318,0.056448,0.078460,-0.056401,0.998404,-0.002823,-0.078494,-0.001615,0.996913,0,0.48000,-0.31465,28.800,-0.629,950.000,375.000,-1,400.000,-1,300.000,325.000,325.000,325.000,-1,-1,-1,-1,675.000,800.000,-1,-1,1,0,2,0,2,0,0,0,0,2,2,2,2,0,0,2,2
6,3741.872,-4925.602,-120.191,-3.861,0.994595,0.067334,0.079038,-0.067225,0.997730,-0.004045,-0.079131,-0.001290,0.996863,0,0.56000,-0.31246,33.600,-0.625,975.000,375.000,-1,400.000,-1,300.000,325.000,325.000,325.000,-1,-1,-1,-1,650.000,800.000,-1,-1,1,0,2,0,2,0,0,0,0,2,2,2,2,0,0,2,2
7,3780.155,-4928.605,-123.202,-4.484,0.993747,0.078179,0.079713,-0.077991,0.996939,-0.005483,-0.079898,-0.000768,0.996803,0,0.64000,-0.31152,38.400,-0.623,1000.000,375.000,-1,400.000,-1,300.000,325.000,325.000,325.000,-1,-1,-1,-1,650.000,800.000,-1,-1,1,0,2,0,2,0,0,0,0,2,2,2,2,0,0,2,2
8,3823.199,-4932.270,-126.595,-4.867,0.993139,0.084842,0.080480,-0.084541,0.996394,-0.007149,-0.080796,0.000296,0.996731,0,0.72000,-0.19152,43.200,-0.383,1000.000,375.000,-1,400.000,-1,300.000,325.000,325.000,325.000,-1,-1,-1,-1,650.000,775.000,-1,-1,1,0,2,0,2,0,0,0,0,2,2,2,2,0,0,2,2
9,3871.016,-4936.462,-130.373,-5.010,0.992853,0.087330,0.081339,-0.086883,0.996178,-0.009021,-0.081816,0.001889,0.996646,0,0.80000,-0.07152,48.000,-0.143,975.000,350.000,-1,400.000,-1,300.000,325.000,325.000,325.000,-1,-1,-1,-1,650.000,775.000,1000.000,-1,0,0,2,0,2,0,0,0,0,2,2,2,2,0,0,0,2
10,3923.622,-4940.985,-134.516,-4.913,0.992940,0.085643,0.082074,-0.085014,0.996318,-0.011139,-0.082726,0.004083,0.996564,0,0.88000,0.04848,52.800,0.097,950.000,350.000,-1,400.000,-1,300.000,300.000,325.000,325.000,-1,-1,-1,-1,625.000,775.000,975.000,-1,0,0,2,0,2,0,0,0,0,2,2,2,2,0,0,0,2
11,3978.990,-4945.417,-138.629,-4.576,0.993518,0.079780,0.080973,-0.078887,0.996783,-0.014179,-0.081844,0.007699,0.996615,0,0.92576,0.16848,55.545,0.337,925.000,350.000,-1,400.000,-1,300.000,300.000,325.000,325.000,-1,-1,-1,-1,625.000,750.000,950.000,-1,0,0,2,0,2,0,0,0,0,2,2,2,2,0,0,0,2
12,4034.284,-4949.282,-142.589,-3.999,0.994438,0.069737,0.078926,-0.068642,0.997505,-0.016500,-0.079880,0.010990,0.996744,0,0.92382,0.28848,55.429,0.577,950.000,350.000,-1,400.000,-1,300.000,300.000,325.000,325.000,-1,-1,-1,-1,625.000,750.000,950.000,-1,0,0,2,0,2,0,0,0,0,2,2,2,2,0,0,0,2
13,4089.522,-4952.353,-146.539,-3.182,0.995496,0.055505,0.076863,-0.054215,0.998353,-0.018769,-0.077778,0.014517,0.996865,0,0.92207,0.40848,55.324,0.817,950.000,350.000,-1,400.000,-1,300.000,300.000,325.000,325.000,-1,-1,-1,-1,625.000,725.000,950.000,-1,0,0,2,0,2,0,0,0,0,2,2,2,2,0,0,0,2
14,4144.714,-4954.401,-150.471,-2.125,0.996511,0.037077,0.074777,-0.035599,0.999145,-0.021003,-0.075492,0.018268,0.996979,0,0.92051,0.52848,55.230,1.057,925.000,375.000,-1,400.000,-1,300.000,325.000,325.000,325.000,-1,-1,-1,-1,625.000,725.000,925.000,-1,1,0,2,0,2,0,0,0,0,2,2,2,2,0,0,0,2
15,4199.854,-4955.428,-154.382,-1.067,0.997182,0.018624,0.072667,-0.016978,0.999586,-0.023211,-0.073069,0.021912,0.997086,0,0.91917,0.52889,55.150,1.058,900.000,375.000,-1,400.000,-1,300.000,325.000,325.000,325.000,-1,-1,275.000,-1,625.000,700.000,925.000,-1,1,0,2,0,2,0,0,0,0,2,2,0,2,0,0,0,2
16,4254.922,-4955.436,-158.267,-0.009,0.997510,0.000160,0.070528,0.001636,0.999676,-0.025407,-0.070509,0.025459,0.997186,0,0.91781,0.52913,55.068,1.058,875.000,375.000,-1,400.000,-1,300.000,325.000,325.000,325.000,-1,550.000,275.000,-1,600.000,675.000,925.000,-1,1,0,2,0,2,0,0,0,0,2,0,0,2,0,0,0,2
17,4309.899,-4954.428,-162.118,1.049,0.997493,-0.018306,0.068359,0.020233,0.999414,-0.027604,-0.067813,0.028918,0.997279,0,0.91643,0.52926,54.986,1.059,875.000,375.000,-1,375.000,-1,300.000,325.000,325.000,325.000,-1,325.000,250.000,-1,600.000,675.000,925.000,-1,1,0,2,0,2,0,0,0,0,2,0,0,2,0,0,0,2
18,4364.765,-4952.408,-165.927,2.108,0.997132,-0.036762,0.066158,0.038802,0.998802,-0.029816,-0.064983,0.032298,0.997364,0,0.91506,0.52928,54.904,1.059,850.000,350.000,-1,375.000,-1,300.000,300.000,325.000,325.000,-1,275.000,250.000,-1,600.000,650.000,925.000,-1,1,0,2,0,2,0,0,0,0,2,0,0,2,0,0,0,2
19,4419.502,-4949.379,-169.688,3.166,0.996427,-0.055199,0.063926,0.057334,0.997840,-0.032057,-0.062019,0.035608,0.997440,0,0.91369,0.52919,54.822,1.058,825.000,350.000,-1,375.000,-1,300.000,300.000,325.000,325.000,-1,250.000,250.000,-1,600.000,650.000,925.000,-1,1,0,2,0,2,0,0,0,0,2,0,0,2,0,0,0,2
20,4474.093,-4945.345,-173.395,4.224,0.995379,-0.073605,0.061664,0.075818,0.996530,-0.034340,-0.058922,0.038857,0.997506,0,0.91234,0.52899,54.741,1.058,825.000,350.000,-1,375.000,-1,300.000,300.000,325.000,325.000,-1,250.000,225.000,-1,575.000,625.000,925.000,-1,1,0,2,0,2,0,0,0,0,2,0,0,2,0,0,1,2
21,4528.522,-4940.312,-177.041,5.282,0.993990,-0.091970,0.059374,0.094243,0.994873,-0.036679,-0.055696,0.042054,0.997562,0,0.91102,0.52869,54.661,1.057,825.000,350.000,-1,350.000,-1,300.000,300.000,325.000,325.000,-1,225.000,225.000,-1,575.000,625.000,900.000,-1,1,0,2,0,2,0,0,0,0,2,0,0,2,0,0,1,2
22,4582.772,-4934.285,-180.219,6.338,0.992274,-0.110292,0.056821,0.112520,0.992937,-0.037630,-0.052269,0.043733,0.997675,0,0.90974,0.52828,54.584,1.057,-1,350.000,-1,350.000,-1,275.000,275.000,325.000,325.000,-1,225.000,225.000,-1,575.000,600.000,850.000,-1,2,0,2,0,2,0,0,0,0,2,0,0,2,0,0,1,2
23,4636.828,-4927.270,-182.217,7.394,0.990304,-0.128570,0.052607,0.130555,0.990780,-0.036207,-0.047466,0.042724,0.997959,0,0.90850,0.52777,54.510,1.056,1000.000,350.000,-1,350.000,-1,275.000,275.000,325.000,325.000,-1,225.000,250.000,-1,575.000,600.000,825.000,-1,1,0,2,0,2,0,0,0,0,2,0,0,2,0,0,1,2
24,4692.408,-4919.010,-183.521,8.452,0.988021,-0.146836,0.047480,0.148671,0.988166,-0.037750,-0.041375,0.044357,0.998159,0,0.93653,0.52910,56.192,1.058,1000.000,350.000,-1,350.000,-1,275.000,275.000,325.000,325.000,-1,250.000,250.000,-1,600.000,625.000,775.000,-1,1,0,2,0,2,0,0,0,0,2,0,0,2,0,0,1,2
25,4747.779,-4909.729,-184.754,9.514,0.985367,-0.165106,0.042334,0.166771,0.985210,-0.039356,-0.035210,0.045840,0.998328,0,0.93573,0.53076,56.144,1.062,1000.000,350.000,1000.000,350.000,-1,300.000,300.000,325.000,350.000,-1,250.000,275.000,-1,600.000,625.000,750.000,-1,1,0,1,0,2,0,0,0,0,2,0,0,2,0,0,1,2
26,4802.913,-4899.431,-185.910,10.578,0.982341,-0.183372,0.037172,0.184844,0.981911,-0.041022,-0.028978,0.047168,0.998467,0,0.93480,0.53232,56.088,1.065,1000.000,350.000,950.000,350.000,-1,300.000,300.000,325.000,350.000,-1,250.000,275.000,-1,600.000,625.000,725.000,-1,1,0,1,0,2,0,0,0,0,2,0,0,2,1,0,1,2
27,4857.783,-4888.121,-186.982,11.646,0.978940,-0.201623,0.031999,0.202882,0.978270,-0.042743,-0.022686,0.048335,0.998574,0,0.93373,0.53377,56.024,1.068,-1,350.000,900.000,350.000,-1,300.000,300.000,325.000,350.000,-1,250.000,275.000,-1,575.000,625.000,675.000,-1,2,0,1,0,2,0,0,0,0,2,0,0,2,1,0,1,2
28,4912.362,-4875.804,-187.967,12.716,0.975165,-0.219849,0.026819,0.220875,0.974286,-0.044516,-0.016343,0.049334,0.998649,0,0.93254,0.53511,55.953,1.070,-1,375.000,850.000,350.000,-1,300.000,300.000,325.000,350.000,-1,225.000,225.000,-1,525.000,625.000,650.000,-1,2,0,1,0,2,0,0,0,0,2,0,0,2,1,0,1,2
29,4962.082,-4863.782,-188.794,13.592,0.971815,-0.234708,0.022086,0.235506,0.970775,-0.046178,-0.010602,0.050078,0.998689,0,0.85254,0.43794,51.153,0.876,-1,375.000,800.000,350.000,-1,300.000,300.000,325.000,325.000,-1,200.000,225.000,-1,500.000,625.000,600.000,-1,2,0,1,1,2,0,0,0,0,2,0,0,2,1,0,1,2
30,5006.963,-4852.199,-189.475,14.470,0.968199,-0.249547,0.017785,0.250124,0.967037,-0.047722,-0.005290,0.050652,0.998702,0,0.77254,0.43895,46.353,0.878,-1,375.000,750.000,350.000,-1,300.000,300.000,325.000,325.000,-1,200.000,200.000,-1,475.000,625.000,575.000,-1,2,1,1,1,2,0,1,0,0,2,0,0,2,1,1,1,2
31,5047.033,-4841.199,-190.026,15.349,0.964325,-0.264356,0.013915,0.264722,0.963072,-0.049147,-0.000408,0.051077,0.998695,0,0.69254,0.43977,41.553,0.880,-1,350.000,725.000,350.000,-1,300.000,300.000,325.000,325.000,-1,175.000,200.000,-1,475.000,600.000,550.000,-1,2,1,1,1,2,1,1,0,0,2,0,0,2,1,1,1,2
32,5082.320,-4830.926,-190.461,16.230,0.960197,-0.279126,0.010475,0.279294,0.958879,-0.050455,0.004039,0.051372,0.998671,0,0.61254,0.44044,36.753,0.881,-1,350.000,675.000,350.000,-1,300.000,275.000,325.000,325.000,-1,175.000,175.000,-1,450.000,575.000,525.000,-1,2,1,1,1,2,1,1,0,0,2,0,0,2,1,1,1,2
33,5116.202,-4820.494,-190.829,17.112,0.955825,-0.293850,0.007149,0.293817,0.954460,-0.051751,0.008384,0.051565,0.998634,0,0.59086,0.44097,35.451,0.882,-1,325.000,650.000,325.000,-1,275.000,275.000,325.000,325.000,-1,150.000,175.000,-1,425.000,550.000,500.000,-1,2,1,1,1,2,1,1,1,0,2,0,0,2,1,1,1,2
34,5149.871,-4809.557,-191.118,17.995,0.951209,-0.308522,0.003868,0.308286,0.949819,-0.052949,0.012662,0.051558,0.998590,0,0.59001,0.44145,35.400,0.883,-1,325.000,600.000,325.000,-1,275.000,275.000,325.000,325.000,-1,150.000,175.000,-1,400.000,500.000,475.000,-1,2,1,1,1,2,1,1,1,0,2,0,0,2,1,1,1,2
35,5186.858,-4797.020,-190.744,18.727,0.947188,-0.320676,0.001291,0.320315,0.945915,-0.051407,0.015264,0.049105,0.998677,0,0.65092,0.36615,39.055,0.732,-1,300.000,575.000,300.000,-1,250.000,250.000,325.000,325.000,-1,175.000,200.000,-1,375.000,475.000,450.000,-1,2,1,1,1,2,1,1,1,0,2,0,0,2,1,1,1,2
36,5223.844,-4783.953,-190.269,19.459,0.943004,-0.332777,-0.001526,0.332294,0.941864,-0.049730,0.017987,0.046389,0.998762,0,0.65377,0.36598,39.226,0.732,-1,275.000,525.000,300.000,-1,250.000,250.000,300.000,325.000,-1,175.000,225.000,-1,350.000,450.000,425.000,-1,2,1,1,1,2,1,1,1,0,2,0,0,2,1,1,1,2
37,5260.822,-4770.357,-189.545,20.191,0.938651,-0.344829,-0.005178,0.344212,0.937686,-0.047567,0.021258,0.042867,0.998855,0,0.65664,0.36575,39.398,0.732,-1,250.000,475.000,275.000,-1,225.000,225.000,300.000,350.000,-1,200.000,250.000,-1,325.000,425.000,375.000,-1,2,1,1,1,2,1,1,1,0,2,0,0,2,1,1,1,2
38,5297.785,-4756.228,-188.506,20.922,0.934117,-0.356829,-0.009945,0.356073,0.933384,-0.044791,0.025266,0.038298,0.998947,0,0.65952,0.36548,39.571,0.731,-1,250.000,450.000,275.000,-1,200.000,225.000,275.000,350.000,-1,200.000,250.000,-1,300.000,400.000,350.000,925.000,2,1,1,1,2,1,1,1,0,2,0,0,2,1,1,1,1
39,5334.727,-4741.566,-186.936,21.652,0.929404,-0.368761,-0.014976,0.367894,0.928922,-0.041936,0.029376,0.033466,0.999008,0,0.66242,0.36514,39.745,0.730,-1,225.000,425.000,250.000,-1,200.000,200.000,275.000,350.000,-1,225.000,275.000,-1,275.000,375.000,300.000,725.000,2,1,1,1,2,1,1,1,0,2,0,0,2,1,1,1,1
40,5371.641,-4726.367,-184.844,22.381,0.924506,-0.380620,-0.020411,0.379675,0.924300,-0.038934,0.033685,0.028245,0.999033,0,0.66534,0.36476,39.920,0.730,-1,200.000,375.000,250.000,-1,175.000,200.000,275.000,375.000,-1,225.000,300.000,-1,250.000,350.000,275.000,550.000,2,1,1,1,2,1,1,1,0,2,0,0,2,1,1,1,1
41,5412.508,-4709.124,-179.062,22.871,0.920926,-0.388424,-0.031951,0.386614,0.920830,-0.051007,0.049234,0.034621,0.998187,0,0.73924,0.24476,44.355,0.490,-1,200.000,375.000,225.000,-1,175.000,200.000,275.000,375.000,-1,225.000,275.000,-1,250.000,325.000,300.000,675.000,2,1,1,1,2,1,1,1,0,2,0,0,2,1,1,1,1
42,5453.477,-4691.623,-172.013,23.120,0.918710,-0.392283,-0.045673,0.388962,0.918783,-0.067420,0.068411,0.044175,0.996679,0,0.74245,0.12476,44.547,0.250,-1,200.000,375.000,250.000,-1,175.000,200.000,300.000,375.000,-1,200.000,200.000,-1,250.000,350.000,350.000,-1,2,1,1,1,2,1,1,1,0,2,0,0,2,1,1,1,2
43,4919.480,4263.485,-266.383,172.049,-0.989717,-0.137572,-0.039170,0.140873,-0.984950,-0.100142,-0.024803,-0.104630,0.994202,1,0.00000,0.00000,44.738,0.113,625.000,400.000,-1,525.000,-1,375.000,400.000,250.000,100.000,475.000,300.000,450.000,-1,625.000,925.000,775.000,-1,0,0,2,0,2,0,0,0,1,0,0,0,2,0,0,0,2
44,-2298.097,6235.558,-378.860,118.728,-0.476000,-0.875661,0.081492,0.876462,-0.479971,-0.037988,0.072378,0.053343,0.995950,1,0.08000,0.12000,4.800,0.240,475.000,400.000,600.000,375.000,400.000,325.000,325.000,300.000,300.000,-1,400.000,300.000,-1,650.000,425.000,575.000,400.000,1,0,1,1,1,0,0,0,0,2,0,0,2,1,1,1,1
45,-2302.782,6243.937,-378.231,119.208,-0.483270,-0.871618,0.082050,0.872406,-0.487294,-0.038107,0.073197,0.053164,0.995899,0,0.16000,0.24000,9.600,0.480,450.000,400.000,600.000,375.000,400.000,325.000,325.000,300.000,300.000,-1,400.000,300.000,-1,625.000,425.000,575.000,400.000,1,0,1,1,1,0,0,0,0,2,0,0,2,1,1,1,1
46,-2309.966,6256.417,-377.276,119.928,-0.494112,-0.865439,0.082883,0.866208,-0.498216,-0.038268,0.074413,0.052885,0.995824,0,0.24000,0.36000,14.400,0.720,450.000,400.000,575.000,375.000,375.000,325.000,325.000,300.000,300.000,-1,375.000,300.000,-1,625.000,400.000,550.000,375.000,1,0,1,1,1,0,0,0,0,2,0,0,2,1,1,1,1
47,-2319.797,6272.909,-375.978,120.798,-0.507099,-0.857788,0.083966,0.858539,-0.511306,-0.038439,0.075905,0.052596,0.995727,0,0.32000,0.43496,19.200,0.870,425.000,400.000,575.000,350.000,350.000,325.000,325.000,300.000,300.000,-1,375.000,300.000,-1,600.000,400.000,525.000,350.000,1,0,1,1,1,0,0,0,0,2,0,0,2,1,1,1,1
48,-2332.395,6293.336,-374.319,121.664,-0.519885,-0.849973,0.085244,0.850715,-0.524209,-0.038586,0.077482,0.052458,0.995613,0,0.40000,0.43276,24.000,0.866,425.000,400.000,550.000,350.000,325.000,325.000,325.000,300.000,300.000,-1,375.000,300.000,-1,600.000,375.000,500.000,350.000,1,0,1,1,1,0,0,0,0,2,0,0,2,1,1,1,1
49,-2347.880,6317.619,-372.207,122.524,-0.532458,-0.842018,0.086566,0.842729,-0.536921,-0.039046,0.079356,0.052162,0.995481,0,0.48000,0.43019,28.800,0.860,400.000,400.000,525.000,325.000,300.000,325.000,325.000,300.000,300.000,-1,375.000,300.000,-1,575.000,350.000,475.000,325.000,1,0,1,1,1,0,0,0,0,2,0,0,2,1,1,1,1
50,-2366.365,6345.677,-369.711,123.378,-0.544809,-0.833927,0.088029,0.834614,-0.549422,-0.039441,0.081256,0.051982,0.995337,0,0.56000,0.42719,33.600,0.854,375.000,400.000,500.000,300.000,275.000,325.000,325.000,300.000,300.000,-1,375.000,300.000,-1,550.000,350.000,450.000,275.000,1,0,1,1,1,0,1,0,0,2,0,0,2,1,1,1,1
51,-2387.964,6377.427,-366.705,124.226,-0.556994,-0.825731,0.089028,0.826383,-0.561710,-0.039658,0.082755,0.051483,0.995239,0,0.64000,0.42371,38.400,0.847,350.000,400.000,475.000,275.000,250.000,325.000,300.000,300.000,300.000,-1,400.000,325.000,-1,525.000,325.000,400.000,250.000,1,0,1,1,1,0,1,0,0,2,0,0,2,1,1,1,1
52,-2412.782,6412.786,-363.180,125.065,-0.569006,-0.817449,0.089490,0.818055,-0.573771,-0.039669,0.083774,0.050636,0.995197,0,0.72000,0.41969,43.200,0.839,325.000,400.000,450.000,250.000,200.000,325.000,275.000,300.000,300.000,-1,425.000,350.000,-1,475.000,275.000,375.000,225.000,1,1,1,1,1,0,1,0,0,2,0,0,2,1,1,1,1
53,-2440.924,6451.671,-359.252,125.895,-0.580776,-0.809081,0.089928,0.809656,-0.585575,-0.039471,0.084595,0.049887,0.995166,0,0.80000,0.41506,48.000,0.830,275.000,375.000,400.000,225.000,150.000,325.000,250.000,275.000,300.000,-1,475.000,400.000,-1,450.000,250.000,325.000,175.000,1,1,1,1,1,1,1,0,0,2,0,0,2,1,1,1,1
54,-2472.484,6494.003,-351.703,126.715,-0.592309,-0.801065,0.086401,0.800125,-0.597416,-0.053796,0.094712,0.037267,0.994807,0,0.88000,0.40974,52.800,0.819,250.000,350.000,375.000,200.000,125.000,300.000,225.000,275.000,325.000,-1,400.000,375.000,-1,400.000,225.000,300.000,150.000,1,1,1,1,1,1,1,0,0,2,0,0,2,1,1,1,1
55,-2507.415,6539.520,-336.207,127.522,-0.604501,-0.793114,0.074483,0.786449,-0.609063,-0.102670,0.126794,-0.003487,0.991923,0,0.95612,0.40364,57.367,0.807,225.000,325.000,375.000,200.000,125.000,275.000,225.000,250.000,375.000,850.000,225.000,300.000,-1,400.000,225.000,275.000,125.000,1,1,1,1,1,1,1,0,1,0,0,0,2,1,1,1,1
56,-2542.928,6584.470,-320.127,128.315,-0.617282,-0.783913,0.066653,0.770303,-0.619440,-0.151417,0.159985,-0.042124,0.986220,0,0.95456,0.39669,57.274,0.793,200.000,325.000,400.000,200.000,125.000,275.000,200.000,250.000,375.000,475.000,125.000,250.000,-1,375.000,225.000,250.000,125.000,1,1,1,1,1,1,1,1,1,0,0,0,2,1,1,1,1
57,-2578.970,6628.831,-299.877,129.094,-0.627272,-0.774542,0.081331,0.751301,-0.629320,-0.198756,0.205128,-0.063570,0.976668,0,0.95227,0.38932,57.136,0.779,225.000,325.000,450.000,200.000,125.000,275.000,225.000,225.000,350.000,350.000,75.000,175.000,-1,400.000,250.000,300.000,125.000,1,1,1,1,1,1,1,1,1,0,0,0,2,1,1,1,1
58,-2615.486,6672.570,-279.526,129.857,-0.636761,-0.764896,0.097314,0.729745,-0.638581,-0.244310,0.249015,-0.084552,0.964802,0,0.94920,0.38155,56.952,0.763,250.000,325.000,-1,225.000,125.000,275.000,225.000,225.000,325.000,275.000,50.000,150.000,-1,450.000,250.000,325.000,125.000,1,1,2,1,1,1,1,1,1,0,0,0,2,1,1,1,1
59,-983.880,2951.720,-322.895,-31.251,0.855859,0.517172,0.006174,-0.515623,0.852239,0.088440,0.040477,-0.078875,0.996062,1,0.00000,0.00000,56.720,0.747,550.000,375.000,-1,375.000,-1,300.000,325.000,275.000,275.000,-1,825.000,625.000,-1,625.000,700.000,-1,-1,1,0,2,0,2,0,0,0,0,2,0,0,2,0,0,2,2
60,-987.992,2954.198,-323.074,-31.069,0.857489,0.514464,0.006293,-0.512941,0.853872,0.088287,0.040047,-0.078933,0.996075,0,-0.08000,0.09088,-4.800,0.182,550.000,375.000,-1,375.000,-1,300.000,325.000,275.000,275.000,-1,825.000,625.000,-1,625.000,700.000,-1,-1,1,0,2,0,2,0,0,0,0,2,0,0,2,0,0,2,2
61,-996.230,2959.126,-323.449,-30.889,0.859099,0.511768,0.006539,-0.510288,0.855491,0.087982,0.039432,-0.078922,0.996101,0,-0.16000,0.09038,-9.600,0.181,525.000,375.000,-1,375.000,-1,300.000,325.000,275.000,275.000,-1,825.000,625.000,-1,625.000,700.000,-1,-1,1,0,2,0,2,0,0,0,0,2,0,0,2,0,0,2,2
62,-1008.611,2966.480,-324.023,-30.709,0.860683,0.509094,0.006917,-0.507674,0.857092,0.087530,0.038633,-0.078847,0.996138,0,-0.24000,0.08954,-14.400,0.179,525.000,375.000,-1,375.000,-1,300.000,325.000,275.000,275.000,-1,825.000,625.000,-1,625.000,700.000,-1,-1,1,0,2,0,2,0,0,0,0,2,0,0,2,0,0,2,2
63,-1024.623,2975.924,-324.773,-30.533,0.862236,0.506453,0.007413,-0.505104,0.858667,0.086957,0.037674,-0.078722,0.996184,0,-0.30982,0.08838,-18.589,0.177,525.000,375.000,-1,375.000,-1,300.000,300.000,275.000,275.000,-1,825.000,625.000,-1,650.000,700.000,-1,-1,1,0,2,0,2,0,0,0,0,2,0,0,2,0,0,2,2
64,-1040.656,2985.315,-325.526,-30.359,0.863755,0.503849,0.007918,-0.502572,0.860208,0.086397,0.036720,-0.078605,0.996229,0,-0.30967,0.08694,-18.580,0.174,550.000,375.000,-1,375.000,-1,300.000,300.000,275.000,275.000,-1,825.000,625.000,-1,650.000,700.000,-1,-1,1,0,2,0,2,0,0,0,0,2,0,0,2,0,0,2,2
65,-1056.710,2994.655,-326.284,-30.188,0.865242,0.501283,0.008431,-0.500077,0.861715,0.085851,0.035771,-0.078498,0.996272,0,-0.30956,0.08552,-18.574,0.171,550.000,375.000,-1,375.000,-1,300.000,300.000,275.000,275.000,-1,825.000,625.000,-1,650.000,700.000,-1,-1,1,0,2,0,2,0,0,0,0,2,0,0,2,0,0,2,2
66,-1072.789,3003.945,-327.044,-30.019,0.866697,0.498755,0.008958,-0.497618,0.863190,0.085320,0.034822,-0.078404,0.996313,0,-0.30949,0.08412,-18.569,0.168,550.000,375.000,-1,375.000,-1,300.000,300.000,300.000,275.000,-1,825.000,625.000,-1,650.000,700.000,-1,-1,1,0,2,0,2,0,0,0,0,2,0,0,2,0,0,2,2
67,-1088.892,3013.188,-327.757,-29.854,0.868122,0.496255,0.009721,-0.495204,0.864619,0.084892,0.033723,-0.078511,0.996343,0,-0.30945,0.08274,-18.567,0.165,550.000,375.000,-1,375.000,-1,300.000,300.000,300.000,275.000,-1,825.000,625.000,-1,650.000,700.000,-1,-1,1,0,2,0,2,0,0,0,0,2,0,0,2,0,0,2,2
68,-1105.022,3022.385,-328.476,-29.691,0.869516,0.493793,0.010483,-0.492825,0.866018,0.084474,0.032634,-0.078618,0.996371,0,-0.30946,0.08137,-18.567,0.163,550.000,375.000,-1,375.000,-1,300.000,300.000,300.000,275.000,-1,825.000,625.000,-1,650.000,700.000,-1,-1,1,0,2,0,2,0,0,0,0,2,0,0,2,0,0,2,2
69,-1121.179,3031.539,-329.201,-29.531,0.870880,0.491368,0.011243,-0.490483,0.867387,0.084066,0.031556,-0.078726,0.996397,0,-0.30949,0.08003,-18.570,0.160,575.000,375.000,-1,375.000,-1,300.000,300.000,300.000,275.000,-1,825.000,650.000,-1,650.000,700.000,-1,-1,1,0,2,0,2,0,0,0,0,2,0,0,2,0,0,2,2
70,-1137.365,3040.650,-329.934,-29.374,0.872213,0.488979,0.012000,-0.488175,0.868726,0.083669,0.030487,-0.078835,0.996421,0,-0.30957,0.07870,-18.574,0.157,575.000,375.000,-1,375.000,-1,300.000,300.000,300.000,275.000,-1,825.000,650.000,-1,650.000,700.000,-1,-1,1,0,2,0,2,0,0,0,0,2,0,0,2,0,0,2,2
71,-1153.582,3049.720,-330.602,-29.219,0.873524,0.486616,0.012700,-0.485879,0.870018,0.083611,0.029637,-0.079207,0.996418,0,-0.30968,0.07739,-18.581,0.155,575.000,375.000,-1,375.000,-1,300.000,300.000,300.000,275.000,-1,825.000,650.000,-1,650.000,700.000,-1,-1,1,0,2,0,2,0,0,0,0,2,0,0,2,0,0,2,2
72,-1169.829,3058.753,-331.156,-29.067,0.874817,0.484272,0.013299,-0.483576,0.871250,0.084127,0.029153,-0.080027,0.996366,0,-0.30983,0.07610,-18.590,0.152,600.000,375.000,-1,375.000,-1,300.000,300.000,300.000,275.000,-1,800.000,650.000,-1,650.000,700.000,-1,-1,1,0,2,0,2,0,0,0,0,2,0,0,2,0,0,2,2
73,-1186.110,3067.747,-331.716,-28.917,0.876082,0.481962,0.013890,-0.481308,0.872454,0.084658,0.028684,-0.080852,0.996313,0,-0.31000,0.07482,-18.600,0.150,600.000,375.000,-1,375.000,-1,300.000,300.000,300.000,275.000,-1,800.000,650.000,-1,650.000,700.000,-1,-1,1,0,2,0,2,0,0,0,0,2,0,0,2,0,0,2,2
74,-1202.425,3076.707,-332.281,-28.770,0.877320,0.479687,0.014472,-0.479075,0.873629,0.085203,0.028228,-0.081683,0.996259,0,-0.31022,0.07357,-18.613,0.147,625.000,375.000,-1,375.000,-1,300.000,300.000,300.000,275.000,-1,775.000,650.000,-1,650.000,700.000,800.000,-1,1,0,2,0,2,0,0,0,0,2,0,0,2,0,0,1,2
75,-1218.776,3085.632,-332.852,-28.625,0.878532,0.477447,0.015045,-0.476875,0.874777,0.085763,0.027786,-0.082520,0.996202,0,-0.31046,0.07233,-18.628,0.145,625.000,375.000,-1,375.000,-1,300.000,325.000,300.000,275.000,-1,775.000,625.000,-1,650.000,700.000,775.000,-1,1,0,2,0,2,0,0,0,0,2,0,0,2,0,0,1,2
76,-1235.163,3094.524,-333.429,-28.483,0.879717,0.475241,0.015610,-0.474709,0.875898,0.086337,0.027358,-0.083363,0.996144,0,-0.31074,0.07111,-18.644,0.142,650.000,375.000,-1,375.000,-1,325.000,325.000,300.000,275.000,-1,750.000,625.000,-1,650.000,700.000,775.000,-1,1,0,2,0,2,0,0,0,0,2,0,0,2,0,0,1,2
77,-1251.588,3103.386,-333.916,-28.343,0.880878,0.473054,0.016579,-0.472593,0.876966,0.087099,0.026664,-0.084559,0.996062,0,-0.31105,0.06991,-18.663,0.140,650.000,375.000,-1,375.000,-1,325.000,325.000,300.000,275.000,-1,750.000,625.000,-1,675.000,700.000,775.000,-1,1,0,2,0,2,0,0,0,0,2,0,0,2,0,0,1,2
78,-1263.831,3109.890,-334.238,-27.975,0.883893,0.467363,0.017489,-0.466988,0.879902,0.087719,0.025608,-0.085701,0.995992,0,-0.23105,0.18410,-13.863,0.368,650.000,375.000,-1,375.000,-1,325.000,325.000,300.000,275.000,-1,750.000,650.000,-1,675.000,700.000,775.000,-1,1,0,2,0,2,0,0,0,0,2,0,0,2,0,0,1,2
79,-1271.862,3114.091,-334.449,-27.609,0.886852,0.461699,0.018077,-0.461391,0.882810,0.088116,0.024725,-0.086486,0.995946,0,-0.15105,0.18305,-9.063,0.366,675.000,375.000,-1,375.000,-1,325.000,325.000,300.000,275.000,-1,750.000,650.000,-1,675.000,700.000,750.000,-1,1,0,2,0,2,0,0,0,0,2,0,0,2,0,0,1,2
80,-1275.652,3116.043,-334.554,-27.244,0.889762,0.456056,0.018343,-0.455793,0.885698,0.088275,0.024012,-0.086905,0.995927,0,-0.07105,0.18229,-4.263,0.365,675.000,375.000,-1,375.000,-1,325.000,325.000,300.000,275.000,-1,750.000,625.000,-1,675.000,700.000,750.000,-1,1,0,2,0,2,0,0,0,0,2,0,0,2,1,0,1,2
81,-1275.173,3115.800,-334.556,-26.881,0.892627,0.450424,0.018288,-0.450184,0.888571,0.088185,0.023470,-0.086949,0.995936,0,0.00895,0.18181,0.537,0.364,675.000,375.000,-1,375.000,-1,325.000,325.000,300.000,275.000,-1,775.000,625.000,-1,650.000,700.000,750.000,-1,1,0,2,0,2,0,0,0,0,2,0,0,2,1,0,1,2
82,-1270.397,3113.417,-334.462,-26.518,0.895453,0.444795,0.017909,-0.444556,0.891435,0.087832,0.023103,-0.086611,0.995974,0,0.08895,0.18160,5.337,0.363,650.000,375.000,-1,375.000,-1,325.000,325.000,300.000,275.000,-1,775.000,575.000,-1,650.000,700.000,750.000,-1,1,0,2,0,2,0,0,0,0,2,0,0,2,1,0,1,2
83,-1261.299,3108.949,-334.279,-26.154,0.898243,0.439162,0.017203,-0.438901,0.894294,0.087207,0.022914,-0.085883,0.996042,0,0.16895,0.18166,10.137,0.363,650.000,375.000,-1,375.000,-1,325.000,325.000,300.000,275.000,-1,775.000,550.000,-1,650.000,700.000,725.000,-1,1,0,2,0,2,0,0,0,0,2,0,0,2,1,0,1,2
84,-1247.850,3102.449,-334.016,-25.790,0.901002,0.433514,0.016164,-0.433210,0.897152,0.086299,0.022911,-0.084758,0.996138,0,0.24895,0.18198,14.937,0.364,650.000,375.000,-1,375.000,-1,325.000,325.000,300.000,275.000,-1,775.000,525.000,-1,650.000,700.000,725.000,-1,1,0,2,0,2,0,0,0,0,2,0,0,2,1,0,1,2
85,-1230.025,3093.974,-333.533,-25.425,0.903731,0.427823,0.015427,-0.427501,0.899971,0.085410,0.022657,-0.083783,0.996226,0,0.32895,0.18257,19.737,0.365,625.000,375.000,-1,375.000,-1,325.000,325.000,300.000,275.000,-1,775.000,525.000,-1,650.000,700.000,700.000,-1,1,0,2,0,2,0,0,0,0,2,0,0,2,1,0,1,2
86,-1207.798,3083.581,-332.926,-25.058,0.906435,0.422092,0.014630,-0.421750,0.902778,0.084374,0.022406,-0.082650,0.996327,0,0.40895,0.18344,24.537,0.367,625.000,375.000,-1,375.000,-1,300.000,300.000,300.000,275.000,-1,800.000,525.000,-1,650.000,700.000,675.000,-1,1,0,2,0,2,0,0,0,0,2,0,0,2,1,0,1,2
87,-1181.144,3071.326,-332.235,-24.689,0.909119,0.416314,0.013645,-0.415943,0.905583,0.083131,0.022252,-0.081251,0.996445,0,0.48895,0.18459,29.337,0.369,600.000,375.000,-1,375.000,-1,300.000,300.000,300.000,275.000,-1,825.000,525.000,-1,650.000,675.000,675.000,-1,1,0,2,0,2,0,0,0,0,2,0,0,2,1,0,1,2
88,-1150.036,3057.268,-331.110,-24.317,0.911811,0.410435,0.012025,-0.409950,0.908291,0.083360,0.023292,-0.080938,0.996447,0,0.56895,0.18604,34.137,0.372,575.000,375.000,-1,375.000,-1,300.000,300.000,300.000,275.000,-1,775.000,525.000,-1,650.000,700.000,650.000,-1,1,0,2,0,2,0,0,0,0,2,0,0,2,0,0,1,2
89,-1114.449,3041.467,-329.799,-23.941,0.914493,0.404475,0.010151,-0.403847,0.910969,0.083924,0.024698,-0.080847,0.996420,0,0.64895,0.18780,38.937,0.376,550.000,375.000,-1,375.000,-1,300.000,300.000,300.000,275.000,-1,725.000,500.000,-1,650.000,700.000,625.000,-1,1,0,2,0,2,0,0,0,0,2,0,0,2,0,0,1,2
90,-1074.358,3023.984,-328.295,-23.562,0.917164,0.398420,0.008403,-0.397654,0.913613,0.084747,0.026088,-0.081068,0.996367,0,0.72895,0.18989,43.737,0.380,525.000,375.000,-1,375.000,-1,325.000,325.000,300.000,275.000,-1,675.000,500.000,-1,650.000,700.000,600.000,-1,1,0,2,0,2,0,0,0,0,2,0,0,2,0,0,1,2
91,-1032.434,3006.035,-326.796,-23.177,0.919827,0.392271,0.006526,-0.391353,0.916252,0.085587,0.027594,-0.081279,0.996309,0,0.76009,0.19233,45.605,0.385,475.000,375.000,-1,375.000,-1,325.000,325.000,300.000,300.000,-1,650.000,500.000,-1,625.000,700.000,575.000,-1,1,0,2,0,2,0,0,0,0,2,0,0,2,0,0,1,2
92,-990.333,2988.348,-325.365,-22.787,0.922479,0.386020,0.004592,-0.384946,0.918885,0.086413,0.029138,-0.081481,0.996249,0,0.76109,0.19497,45.665,0.390,450.000,375.000,-1,375.000,-1,325.000,325.000,300.000,300.000,-1,625.000,500.000,-1,625.000,700.000,550.000,-1,1,0,2,0,2,0,0,0,0,2,0,0,2,0,0,1,2
93,-948.061,2970.932,-324.001,-22.392,0.925121,0.379664,0.002601,-0.378428,0.921512,0.087220,0.030717,-0.081673,0.996186,0,0.76198,0.19768,45.719,0.395,425.000,375.000,-1,375.000,-1,325.000,325.000,275.000,300.000,-1,625.000,500.000,-1,625.000,700.000,525.000,-1,1,0,2,0,2,0,0,0,0,2,0,0,2,0,0,1,2
94,-905.626,2953.795,-322.704,-21.991,0.927751,0.373200,0.000553,-0.371797,0.924133,0.088007,0.032333,-0.081854,0.996120,0,0.76275,0.20048,45.765,0.401,400.000,375.000,-1,400.000,-1,325.000,325.000,275.000,300.000,-1,600.000,500.000,-1,625.000,700.000,500.000,-1,1,0,2,0,2,0,0,0,0,2,0,0,2,0,0,1,2
95,-863.034,2936.946,-321.475,-21.584,0.930367,0.366626,-0.001552,-0.365050,0.926746,0.088771,0.033985,-0.082023,0.996051,0,0.76340,0.20336,45.804,0.407,375.000,375.000,-1,400.000,-1,325.000,325.000,275.000,300.000,-1,600.000,500.000,-1,625.000,700.000,500.000,-1,1,0,2,0,2,0,0,0,0,2,0,0,2,0,0,1,2
96,-820.294,2920.392,-320.313,-21.171,0.932969,0.359937,-0.003716,-0.358184,0.929350,0.089511,0.035671,-0.082180,0.995979,0,0.76391,0.20634,45.834,0.413,350.000,375.000,-1,400.000,-1,300.000,325.000,275.000,300.000,-1,550.000,450.000,-1,625.000,700.000,475.000,-1,1,0,2,0,2,0,0,0,0,2,0,0,2,0,0,1,2
97,-777.413,2904.143,-319.188,-20.753,0.935554,0.353133,-0.005891,-0.351207,0.931954,0.090080,0.037300,-0.082206,0.995917,0,0.76427,0.20940,45.856,0.419,325.000,350.000,-1,375.000,-1,300.000,325.000,275.000,300.000,-1,475.000,425.000,-1,625.000,700.000,475.000,-1,1,0,2,0,2,0,0,0,0,2,0,0,2,0,0,1,2
98,-734.401,2888.208,-317.748,-20.327,0.938111,0.346252,-0.007504,-0.344270,0.934665,0.088760,0.037747,-0.080684,0.996025,0,0.76448,0.21255,45.869,0.425,300.000,350.000,-1,375.000,-1,300.000,300.000,275.000,300.000,-1,475.000,425.000,-1,600.000,675.000,450.000,-1,1,0,2,0,2,0,0,0,0,2,0,0,2,0,0,1,2
99,-686.716,2871.075,-315.155,-19.756,0.941371,0.337079,-0.014124,-0.334792,0.938516,0.084278,0.041664,-0.074608,0.996342,0,0.84448,0.28556,50.669,0.571,275.000,375.000,-1,375.000,-1,300.000,300.000,300.000,300.000,-1,425.000,375.000,-1,625.000,700.000,525.000,-1,1,0,2,0,2,0,0,0,0,2,0,0,2,0,0,1,2
100,-635.902,2853.395,-312.567,-19.178,0.944542,0.327736,-0.020724,-0.325210,0.942291,0.079537,0.045595,-0.068386,0.996616,0,0.89670,0.28914,53.802,0.578,275.000,375.000,-1,375.000,-1,300.000,325.000,300.000,275.000,-1,400.000,350.000,975.000,650.000,700.000,-1,-1,1,0,2,0,2,0,0,0,0,2,0,0,0,0,0,2,2
101,-584.926,2836.245,-310.179,-18.592,0.947709,0.318165,-0.024870,-0.315544,0.945853,0.076126,0.047744,-0.064298,0.996788,0,0.89639,0.29310,53.784,0.586,275.000,375.000,-1,375.000,-1,300.000,300.000,300.000,275.000,-1,425.000,375.000,950.000,650.000,700.000,-1,-1,1,0,2,0,2,0,0,0,0,2,0,0,0,0,0,2,2
102,-533.806,2819.637,-307.418,-17.997,0.950911,0.308336,-0.026394,-0.305638,0.949103,0.076087,0.048511,-0.064285,0.996752,0,0.89583,0.29719,53.750,0.594,275.000,375.000,-1,375.000,-1,300.000,300.000,300.000,275.000,-1,450.000,400.000,975.000,650.000,700.000,-1,-1,1,0,2,0,2,0,0,1,0,2,0,0,0,0,0,2,2
103,-482.561,2803.585,-304.712,-17.395,0.954087,0.298288,-0.027240,-0.295449,0.952149,0.078243,0.049276,-0.066603,0.996562,0,0.89501,0.30140,53.701,0.603,250.000,375.000,-1,375.000,-1,300.000,300.000,275.000,300.000,-1,475.000,425.000,-1,650.000,700.000,-1,-1,1,0,2,0,2,0,0,1,0,2,0,0,2,0,0,2,2
104,-431.210,2788.100,-302.360,-16.783,0.957236,0.288045,-0.027013,-0.285100,0.955059,0.081121,0.049165,-0.069950,0.996338,0,0.89392,0.30572,53.635,0.611,250.000,375.000,-1,375.000,-1,300.000,300.000,225.000,300.000,-1,500.000,475.000,-1,625.000,700.000,-1,-1,1,0,2,0,2,0,0,1,0,2,0,0,2,0,0,2,2
105,-379.774,2773.192,-299.390,-16.163,0.960208,0.277680,-0.029909,-0.274520,0.958093,0.081827,0.051377,-0.070361,0.996198,0,0.89255,0.31014,53.553,0.620,250.000,375.000,-1,375.000,-1,300.000,300.000,200.000,300.000,-1,525.000,500.000,-1,650.000,700.000,-1,-1,1,0,2,0,2,0,0,1,0,2,0,0,2,0,0,2,2
106,-328.273,2758.877,-296.418,-15.534,0.963084,0.267141,-0.033231,-0.263752,0.961086,0.082151,0.053883,-0.070353,0.996066,0,0.89089,0.31466,53.454,0.629,250.000,375.000,-1,375.000,-1,300.000,300.000,200.000,300.000,-1,525.000,500.000,-1,650.000,700.000,-1,-1,1,0,2,0,2,0,0,1,0,2,0,0,2,0,0,2,2
107,-276.727,2745.166,-293.532,-14.895,0.965874,0.256415,-0.036595,-0.252800,0.964008,0.082350,0.056393,-0.070288,0.995931,0,0.88896,0.31925,53.337,0.638,250.000,375.000,-1,400.000,-1,300.000,325.000,175.000,300.000,-1,525.000,500.000,-1,650.000,725.000,-1,-1,1,0,2,0,2,0,0,1,0,2,0,0,2,0,0,2,2
108,-225.159,2732.071,-290.731,-14.247,0.968571,0.245502,-0.039999,-0.241663,0.966853,0.082423,0.058908,-0.070166,0.995794,0,0.88674,0.32390,53.205,0.648,275.000,375.000,-1,400.000,-1,300.000,325.000,150.000,300.000,-1,550.000,500.000,-1,650.000,725.000,-1,-1,1,0,2,0,2,0,0,1,0,2,0,0,2,0,0,2,2
109,-173.590,2719.599,-288.014,-13.596,0.971146,0.234498,-0.043439,-0.230439,0.969594,0.082370,0.061434,-0.069983,0.995655,0,0.88426,0.32567,53.056,0.651,300.000,375.000,-1,400.000,-1,300.000,325.000,150.000,300.000,-1,550.000,450.000,-1,675.000,725.000,-1,-1,1,0,2,0,2,0,0,1,0,2,0,0,2,0,0,2,2
110,-122.042,2707.752,-285.378,-12.942,0.973593,0.223417,-0.046912,-0.219143,0.972225,0.082191,0.063971,-0.069740,0.995512,0,0.88152,0.32707,52.891,0.654,350.000,375.000,-1,400.000,-1,300.000,325.000,150.000,300.000,-1,500.000,375.000,-1,675.000,725.000,-1,-1,1,0,2,0,2,0,0,1,0,2,0,0,2,0,0,2,2
111,-70.537,2696.535,-282.753,-12.285,0.975918,0.212270,-0.050253,-0.207818,0.974761,0.081563,0.066298,-0.069155,0.995401,0,0.87854,0.32830,52.713,0.657,425.000,375.000,-1,400.000,-1,300.000,325.000,150.000,300.000,-1,425.000,325.000,-1,675.000,750.000,-1,-1,1,0,2,0,2,0,0,1,0,2,0,0,2,0,0,2,2
112,-19.095,2685.947,-278.860,-11.627,0.978238,0.201131,-0.050965,-0.197091,0.977530,0.074763,0.064857,-0.063091,0.995898,0,0.87535,0.32934,52.521,0.659,-1,375.000,-1,375.000,-1,300.000,325.000,150.000,300.000,-1,525.000,400.000,-1,675.000,725.000,-1,-1,2,0,2,0,2,0,0,1,0,2,0,0,2,0,0,2,2
113,32.267,2675.992,-275.318,-10.966,0.980390,0.189909,-0.052638,-0.186133,0.980083,0.069221,0.064736,-0.058066,0.996212,0,0.87197,0.33019,52.318,0.660,-1,375.000,-1,375.000,-1,300.000,300.000,150.000,275.000,-1,575.000,425.000,1000.000,700.000,725.000,-1,975.000,2,0,2,0,2,0,0,1,0,2,0,0,0,0,0,2,1
114,85.538,2666.074,-271.137,-10.546,0.981734,0.182729,-0.052997,-0.179056,0.981532,0.067331,0.064322,-0.056611,0.996322,0,0.90310,0.21019,54.186,0.420,-1,375.000,-1,375.000,1000.000,300.000,300.000,150.000,275.000,-1,650.000,475.000,-1,725.000,700.000,-1,925.000,2,0,2,0,1,0,0,1,0,2,0,0,2,0,0,2,1
115,138.592,2656.370,-267.132,-10.365,0.982236,0.179641,-0.054227,-0.175922,0.982122,0.066988,0.065292,-0.056259,0.996279,0,0.89890,0.09019,53.934,0.180,-1,375.000,-1,375.000,950.000,300.000,300.000,150.000,275.000,-1,675.000,525.000,-1,750.000,700.000,-1,875.000,2,0,2,0,1,0,0,1,0,2,0,0,2,0,1,2,1
116,191.363,2646.660,-263.382,-10.425,0.981949,0.180662,-0.056014,-0.176803,0.981925,0.067557,0.067206,-0.056434,0.996142,0,0.89427,-0.02981,53.656,-0.060,-1,375.000,-1,375.000,875.000,300.000,325.000,150.000,300.000,-1,675.000,525.000,-1,775.000,675.000,-1,825.000,2,0,2,0,1,0,0,1,0,2,0,0,2,0,1,2,1
117,243.787,2636.731,-259.856,-10.725,0.980860,0.185787,-0.058277,-0.181703,0.980932,0.068974,0.069981,-0.057065,0.995915,0,0.88927,-0.14981,53.356,-0.300,-1,375.000,-1,400.000,825.000,325.000,325.000,150.000,300.000,-1,650.000,550.000,-1,800.000,675.000,-1,775.000,2,0,2,0,1,0,0,1,0,2,0,0,2,0,1,2,1
118,295.805,2626.370,-256.532,-11.264,0.978907,0.195006,-0.060950,-0.190604,0.979078,0.071244,0.073567,-0.058124,0.995595,0,0.88399,-0.26981,53.039,-0.540,-1,375.000,-1,400.000,800.000,325.000,325.000,150.000,300.000,325.000,625.000,525.000,-1,825.000,650.000,-1,750.000,2,0,2,0,1,0,0,1,0,1,0,0,2,0,1,2,1
119,347.358,2615.370,-252.733,-12.044,0.976065,0.208324,-0.062439,-0.203831,0.976402,0.071357,0.075831,-0.056922,0.995495,0,0.87853,-0.38981,52.712,-0.780,-1,400.000,-1,400.000,750.000,325.000,325.000,175.000,300.000,250.000,650.000,550.000,-1,850.000,625.000,-1,700.000,2,0,2,0,1,0,0,1,0,1,0,0,2,0,1,2,1
120,398.383,2603.529,-248.697,-13.064,0.972128,0.225695,-0.063469,-0.221206,0.972664,0.070662,0.077682,-0.054652,0.995479,0,0.87302,-0.50981,52.381,-1.020,-1,400.000,-1,400.000,700.000,325.000,325.000,200.000,300.000,225.000,700.000,600.000,-1,900.000,600.000,-1,650.000,2,0,2,1,1,0,0,1,0,1,0,0,2,0,1,2,1
121,448.860,2590.805,-244.582,-14.147,0.967603,0.244067,-0.064626,-0.239553,0.968331,0.070347,0.079749,-0.052586,0.995427,0,0.86758,-0.54155,52.055,-1.083,-1,400.000,-1,400.000,650.000,325.000,325.000,200.000,300.000,200.000,750.000,625.000,-1,900.000,575.000,-1,600.000,2,0,2,1,1,0,0,1,0,1,0,0,2,1,1,2,1
122,498.794,2577.206,-240.463,-15.233,0.962714,0.262407,-0.065757,-0.257869,0.963633,0.070106,0.081762,-0.050535,0.995370,0,0.86255,-0.54310,51.753,-1.086,-1,425.000,-1,375.000,600.000,325.000,325.000,225.000,300.000,200.000,775.000,675.000,-1,875.000,550.000,-1,550.000,2,0,2,1,1,0,0,1,0,1,0,0,2,1,1,2,1
123,548.204,2562.735,-236.341,-16.323,0.957459,0.280717,-0.066861,-0.276157,0.958564,0.069939,0.083724,-0.048500,0.995308,0,0.85808,-0.54492,51.485,-1.090,-1,425.000,1000.000,375.000,550.000,350.000,350.000,250.000,300.000,200.000,825.000,725.000,-1,825.000,525.000,-1,525.000,2,0,1,1,1,0,0,1,0,1,0,0,2,1,1,2,1
124,597.107,2547.392,-232.138,-17.417,0.951863,0.299000,-0.067497,-0.294481,0.953136,0.069373,0.085076,-0.046157,0.995305,0,0.85421,-0.54700,51.253,-1.094,-1,450.000,925.000,350.000,500.000,350.000,350.000,250.000,300.000,225.000,875.000,775.000,-1,800.000,475.000,-1,475.000,2,0,1,1,1,0,1,1,0,1,0,0,2,1,1,2,1
125,645.522,2531.179,-228.442,-18.515,0.946074,0.317224,-0.065680,-0.312738,0.947238,0.070247,0.084499,-0.045918,0.995365,0,0.85095,-0.54931,51.057,-1.099,-1,450.000,875.000,325.000,450.000,350.000,325.000,275.000,300.000,250.000,950.000,850.000,-1,750.000,450.000,925.000,425.000,2,0,1,1,1,0,1,1,0,1,0,0,2,1,1,1,1
126,693.464,2514.089,-224.724,-19.619,0.939901,0.335415,-0.063890,-0.330968,0.940966,0.071012,0.083937,-0.045598,0.995427,0,0.84829,-0.55184,50.898,-1.104,-1,450.000,800.000,325.000,400.000,350.000,300.000,275.000,300.000,275.000,-1,950.000,-1,700.000,400.000,825.000,375.000,2,0,1,1,1,0,1,1,0,1,2,0,2,1,1,1,1
127,740.951,2496.118,-220.844,-20.728,0.933381,0.353565,-0.061577,-0.349160,0.934293,0.072000,0.082988,-0.045703,0.995502,0,0.84623,-0.55457,50.774,-1.109,-1,450.000,725.000,300.000,350.000,350.000,300.000,275.000,300.000,300.000,-1,-1,-1,650.000,375.000,750.000,325.000,2,0,1,1,1,0,1,1,0,1,2,2,2,1,1,1,1
128,787.996,2477.261,-216.219,-21.843,0.926456,0.371630,-0.059753,-0.366999,0.927118,0.075919,0.083612,-0.048406,0.995322,0,0.84472,-0.55748,50.683,-1.115,950.000,450.000,675.000,275.000,300.000,350.000,275.000,275.000,300.000,325.000,-1,-1,-1,625.000,350.000,675.000,275.000,1,0,1,1,1,0,1,0,0,1,2,2,2,1,1,1,1
129,838.996,2455.410,-209.476,-23.196,0.917501,0.393237,-0.059641,-0.387612,0.917656,0.087548,0.089157,-0.057208,0.994373,0,0.92472,-0.67658,55.483,-1.353,725.000,450.000,600.000,250.000,275.000,350.000,250.000,275.000,325.000,325.000,-1,-1,-1,575.000,325.000,625.000,250.000,1,0,1,1,1,1,1,0,0,1,2,2,2,1,1,1,1
130,891.584,2431.393,-201.626,-24.551,0.908068,0.414512,-0.059941,-0.407395,0.907402,0.103204,0.097170,-0.069296,0.992852,0,0.96350,-0.67760,57.810,-1.355,625.000,475.000,550.000,225.000,250.000,325.000,225.000,275.000,350.000,350.000,800.000,-1,-1,525.000,300.000,550.000,225.000,1,1,1,1,1,1,1,0,0,1,1,2,2,1,1,1,1
