timestep,x_cm,y_cm,z_cm,yaw_deg,basis_xx,basis_xy,basis_xz,basis_yx,basis_yy,basis_yz,basis_zx,basis_zy,basis_zz,teleport_flag,throttle_cmd,steering_cmd,cmd_move_cm,cmd_turn_deg,lidar_cm_0,lidar_cm_1,lidar_cm_2,lidar_cm_3,lidar_cm_4,lidar_cm_5,lidar_cm_6,lidar_cm_7,lidar_cm_8,lidar_cm_9,lidar_cm_10,lidar_cm_11,lidar_cm_12,lidar_cm_13,lidar_cm_14,lidar_cm_15,lidar_cm_16,lidar_class_0,lidar_class_1,lidar_class_2,lidar_class_3,lidar_class_4,lidar_class_5,lidar_class_6,lidar_class_7,lidar_class_8,lidar_class_9,lidar_class_10,lidar_class_11,lidar_class_12,lidar_class_13,lidar_class_14,lidar_class_15,lidar_class_16
0,-2947.119,-5576.874,-175.701,-17.632,0.953031,0.302819,-0.005677,-0.302867,0.952743,-0.023514,-0.001712,0.024129,0.999707,1,0.08000,-0.12000,4.800,-0.240,-1,450.000,-1,425.000,-1,350.000,350.000,300.000,275.000,-1,725.000,925.000,-1,-1,950.000,-1,-1,2,0,2,0,2,0,0,0,0,2,1,1,2,2,0,2,2
1,-2937.995,-5579.859,-175.659,-18.112,0.950467,0.310790,-0.004667,-0.310811,0.950173,-0.023809,-0.002965,0.024080,0.999706,0,0.16000,-0.24000,9.600,-0.480,-1,450.000,-1,400.000,-1,350.000,325.000,300.000,275.000,-1,750.000,925.000,-1,-1,950.000,-1,-1,2,0,2,0,2,0,0,0,0,2,1,1,2,2,0,2,2
2,-2924.364,-5584.503,-175.599,-18.812,0.946606,0.322376,-0.003174,-0.322355,0.946307,-0.024282,-0.004825,0.024008,0.999700,0,0.24000,-0.35000,14.400,-0.700,-1,450.000,-1,400.000,-1,350.000,325.000,300.000,275.000,-1,750.000,925.000,-1,-1,925.000,-1,-1,2,0,2,0,2,0,0,0,0,2,1,1,2,2,0,2,2
3,-2906.267,-5590.917,-175.537,-19.517,0.942576,0.333990,-0.001214,-0.333914,0.942274,-0.024934,-0.007184,0.023907,0.999688,0,0.32000,-0.35231,19.200,-0.705,-1,450.000,-1,400.000,-1,350.000,325.000,300.000,275.000,-1,775.000,950.000,-1,-1,925.000,-1,-1,2,0,2,0,2,0,0,0,0,2,1,1,2,2,0,2,2
4,-2883.748,-5599.215,-175.474,-20.228,0.938361,0.345654,0.001195,-0.345510,0.938061,-0.025783,-0.010033,0.023781,0.999667,0,0.40000,-0.35539,24.000,-0.711,-1,450.000,-1,400.000,-1,350.000,325.000,300.000,275.000,-1,825.000,975.000,-1,-1,900.000,-1,-1,2,0,2,0,2,0,0,0,0,2,1,1,2,2,0,2,2
5,-2856.851,-5609.511,-175.409,-20.946,0.933946,0.357391,0.004031,-0.357164,0.933656,-0.026847,-0.013359,0.023634,0.999631,0,0.48000,-0.35924,28.800,-0.718,-1,450.000,-1,400.000,-1,350.000,325.000,325.000,275.000,-1,875.000,1000.000,-1,-1,875.000,-1,-1,2,0,2,0,2,0,0,0,0,2,1,1,2,2,0,2,2
6,-2825.626,-5621.921,-175.344,-21.674,0.929313,0.369222,0.007273,-0.368895,0.929045,-0.028146,-0.017149,0.023473,0.999577,0,0.56000,-0.36388,33.600,-0.728,-1,450.000,-1,400.000,-1,350.000,325.000,325.000,275.000,-1,925.000,-1,-1,-1,875.000,-1,-1,2,0,2,0,2,0,0,0,0,2,1,2,2,2,0,2,2
7,-2790.127,-5636.562,-175.275,-22.413,0.924441,0.381169,0.010895,-0.380724,0.924212,-0.029697,-0.021389,0.023305,0.999500,0,0.64000,-0.36929,38.400,-0.739,-1,450.000,-1,400.000,-1,350.000,325.000,325.000,275.000,-1,1000.000,-1,-1,-1,850.000,-1,-1,2,0,2,0,2,0,0,0,0,2,1,2,2,2,0,2,2
8,-2750.409,-5653.556,-175.461,-23.163,0.919313,0.393260,0.014511,-0.392718,0.919162,-0.030230,-0.025226,0.022092,0.999438,0,0.72000,-0.37549,43.200,-0.751,-1,450.000,-1,400.000,-1,350.000,325.000,325.000,275.000,-1,-1,-1,-1,-1,850.000,-1,-1,2,0,2,0,2,0,0,0,0,2,2,2,2,2,0,2,2
9,-2709.108,-5671.883,-176.279,-23.928,0.913918,0.405527,0.017385,-0.404991,0.913900,-0.027738,-0.027137,0.018310,0.999464,0,0.75309,-0.38246,45.185,-0.765,-1,450.000,-1,400.000,-1,350.000,325.000,325.000,275.000,-1,-1,-1,-1,-1,850.000,-1,-1,2,0,2,0,2,0,0,0,0,2,2,2,2,2,0,2,2
10,-2667.738,-5690.919,-177.468,-24.708,0.908199,0.417957,0.022051,-0.417444,0.908373,-0.024458,-0.030253,0.013008,0.999458,0,0.75897,-0.38976,45.538,-0.780,-1,450.000,-1,400.000,-1,350.000,325.000,325.000,300.000,-1,-1,-1,-1,-1,850.000,-1,-1,2,0,2,0,2,0,0,0,0,2,2,2,2,2,0,2,2
11,-2626.314,-5710.680,-178.741,-25.502,0.902165,0.430534,0.027197,-0.430078,0.902545,-0.021120,-0.033640,0.007357,0.999407,0,0.76493,-0.39712,45.896,-0.794,-1,425.000,-1,400.000,-1,350.000,325.000,300.000,300.000,-1,-1,-1,-1,-1,825.000,-1,-1,2,0,2,0,2,0,0,0,0,2,2,2,2,2,0,2,2
12,-2580.771,-5732.948,-180.112,-26.056,0.897759,0.439255,0.032913,-0.438904,0.898361,-0.017625,-0.037309,0.001378,0.999303,0,0.84493,-0.27712,50.696,-0.554,-1,425.000,-1,400.000,-1,350.000,325.000,300.000,300.000,-1,-1,-1,-1,-1,825.000,-1,-1,2,0,2,0,2,0,0,0,0,2,2,2,2,2,0,2,2
13,-2532.400,-5756.928,-182.001,-26.371,0.895176,0.444174,0.037011,-0.443933,0.895935,-0.014949,-0.039800,-0.003049,0.999203,0,0.89980,-0.15712,53.988,-0.314,-1,425.000,-1,400.000,-1,350.000,325.000,300.000,325.000,-1,-1,-1,-1,-1,825.000,-1,-1,2,0,2,0,2,0,0,0,0,2,2,2,2,2,0,2,2
14,-2483.680,-5781.160,-184.346,-26.445,0.894514,0.445330,0.039075,-0.445168,0.895349,-0.013228,-0.040877,-0.005563,0.999149,0,0.90689,-0.03712,54.414,-0.074,-1,425.000,-1,400.000,-1,350.000,325.000,300.000,325.000,-1,-1,-1,-1,-1,850.000,-1,-1,2,0,2,0,2,0,0,0,0,2,2,2,2,2,0,2,2
15,-2434.505,-5805.441,-187.164,-26.279,0.895686,0.442736,0.041618,-0.442564,0.896631,-0.013772,-0.043413,-0.006083,0.999039,0,0.91404,0.08288,54.842,0.166,-1,425.000,-1,400.000,-1,350.000,325.000,300.000,325.000,-1,-1,-1,-1,-1,825.000,-1,-1,2,0,2,0,2,0,0,0,0,2,2,2,2,2,0,2,2
16,-2384.771,-5829.562,-190.052,-25.873,0.898676,0.436375,0.044258,-0.436172,0.899744,-0.014658,-0.046217,-0.006132,0.998913,0,0.92124,0.20288,55.274,0.406,-1,425.000,-1,400.000,-1,325.000,325.000,300.000,300.000,-1,-1,-1,-1,-1,825.000,-1,-1,2,0,2,0,2,0,0,0,0,2,2,2,2,2,0,2,2
17,-2334.375,-5853.307,-192.944,-25.228,0.903406,0.426207,0.046958,-0.425966,0.904606,-0.015532,-0.049098,-0.005971,0.998776,0,0.92850,0.32288,55.710,0.646,-1,425.000,-1,400.000,-1,325.000,325.000,300.000,300.000,-1,-1,-1,-1,-1,825.000,-1,-1,2,0,2,0,2,0,0,0,0,2,2,2,2,2,0,2,2
18,-2283.217,-5876.450,-195.841,-24.342,0.909746,0.412173,0.049747,-0.411886,0.911088,-0.016365,-0.052070,-0.005602,0.998628,0,0.93581,0.44288,56.149,0.886,-1,425.000,-1,400.000,-1,325.000,325.000,300.000,300.000,-1,-1,-1,-1,-1,825.000,-1,-1,2,0,2,0,2,0,0,0,0,2,2,2,2,2,0,2,2
19,-2231.208,-5898.758,-198.759,-23.216,0.917516,0.394195,0.052673,-0.393851,0.919014,-0.017183,-0.055181,-0.004979,0.998464,0,0.94318,0.56288,56.591,1.126,-1,425.000,-1,400.000,-1,325.000,325.000,300.000,300.000,-1,-1,-1,-1,-1,825.000,-1,-1,2,0,2,0,2,0,0,0,0,2,2,2,2,2,0,2,2
20,-2178.678,-5919.822,-201.660,-21.850,0.926487,0.372179,0.055718,-0.371774,0.928151,-0.017856,-0.058360,-0.004171,0.998287,0,0.94326,0.68288,56.595,1.366,-1,425.000,-1,400.000,-1,325.000,325.000,325.000,300.000,-1,-1,-1,-1,-1,825.000,-1,-1,2,0,2,0,2,0,0,0,0,2,2,2,2,2,0,2,2
21,-2125.597,-5939.456,-204.541,-20.298,0.936051,0.346899,0.058894,-0.346429,0.937897,-0.018345,-0.061600,-0.003231,0.998096,0,0.94326,0.77620,56.595,1.552,-1,425.000,-1,400.000,-1,325.000,325.000,325.000,300.000,-1,-1,-1,-1,1000.000,825.000,-1,-1,2,0,2,0,2,0,0,0,0,2,2,2,2,0,0,2,2
22,-2072.003,-5957.643,-207.497,-18.745,0.944924,0.321364,0.062006,-0.320863,0.946952,-0.018143,-0.064547,-0.002751,0.997911,0,0.94326,0.77620,56.595,1.552,-1,450.000,-1,400.000,-1,350.000,325.000,325.000,300.000,-1,-1,-1,-1,1000.000,825.000,-1,-1,2,0,2,0,2,0,0,0,0,2,2,2,2,0,0,2,2
23,-2017.937,-5974.372,-210.929,-17.193,0.953101,0.295590,0.064995,-0.295213,0.955305,-0.015560,-0.066690,-0.004357,0.997764,0,0.94326,0.77620,56.595,1.552,-1,450.000,-1,400.000,-1,350.000,325.000,325.000,300.000,-1,-1,-1,-1,975.000,825.000,-1,-1,2,0,2,0,2,0,0,0,0,2,2,2,2,0,0,2,2
24,-1963.436,-5989.630,-214.713,-15.641,0.960462,0.269596,0.069508,-0.269451,0.962944,-0.011632,-0.070068,-0.007557,0.997514,0,0.94326,0.77620,56.595,1.552,-1,450.000,-1,425.000,-1,350.000,350.000,300.000,300.000,-1,-1,-1,-1,950.000,825.000,-1,-1,2,0,2,0,2,0,0,0,0,2,2,2,2,0,0,2,2
25,-1908.542,-6003.405,-218.674,-14.088,0.967161,0.243405,0.073169,-0.243484,0.969872,-0.007971,-0.072905,-0.010106,0.997288,0,0.94326,0.77620,56.595,1.552,-1,450.000,-1,425.000,-1,350.000,350.000,300.000,325.000,-1,-1,-1,-1,925.000,825.000,-1,-1,2,0,2,0,2,0,0,0,0,2,2,2,2,0,0,2,2
26,-1858.029,-6014.859,-223.234,-12.776,0.972288,0.221129,0.075886,-0.221176,0.975202,-0.007890,-0.075749,-0.009112,0.997085,0,0.86326,0.65620,51.795,1.312,-1,425.000,-1,425.000,-1,350.000,350.000,300.000,300.000,-1,-1,-1,-1,925.000,800.000,-1,-1,2,0,2,0,2,0,0,0,0,2,2,2,2,0,0,2,2
27,-1808.431,-6025.134,-227.819,-11.704,0.976028,0.202841,0.078900,-0.202830,0.979179,-0.008233,-0.078927,-0.007968,0.996849,0,0.84417,0.53620,50.650,1.072,-1,425.000,-1,425.000,-1,350.000,350.000,300.000,300.000,-1,-1,-1,-1,900.000,800.000,-1,-1,2,0,2,0,2,0,0,0,0,2,2,2,2,0,0,2,2
28,-1758.689,-6034.687,-232.380,-10.871,0.978629,0.188595,0.081959,-0.188548,0.982028,-0.008388,-0.082068,-0.007245,0.996600,0,0.84417,0.41620,50.650,0.832,-1,425.000,-1,400.000,-1,350.000,350.000,300.000,300.000,-1,-1,-1,-1,875.000,775.000,-1,-1,2,0,2,0,2,0,0,0,0,2,2,2,2,0,0,2,2
29,-1708.851,-6043.725,-236.918,-10.279,0.980270,0.178432,0.085047,-0.178370,0.983928,-0.008391,-0.085177,-0.006944,0.996342,0,0.84417,0.29620,50.650,0.592,-1,425.000,-1,400.000,-1,350.000,350.000,300.000,300.000,-1,-1,-1,-1,850.000,750.000,-1,-1,2,0,2,0,2,0,0,0,0,2,2,2,2,0,0,2,2
30,-1658.959,-6052.456,-241.440,-9.926,0.981082,0.172377,0.088118,-0.172321,0.985006,-0.008299,-0.088227,-0.007043,0.996075,0,0.84417,0.17620,50.650,0.352,-1,425.000,-1,400.000,-1,350.000,325.000,300.000,300.000,-1,-1,-1,-1,825.000,750.000,-1,-1,2,0,2,0,2,0,0,0,0,2,2,2,2,0,0,2,2
31,-1609.049,-6061.089,-245.941,-9.814,0.981140,0.170444,0.091177,-0.170418,0.985338,-0.008128,-0.091225,-0.007564,0.995802,0,0.84417,0.05620,50.650,0.112,-1,425.000,-1,400.000,-1,325.000,325.000,300.000,300.000,-1,-1,-1,-1,800.000,725.000,-1,-1,2,0,2,0,2,0,0,0,0,2,2,2,2,0,0,2,2
32,-1559.159,-6069.833,-250.414,-9.942,0.980469,0.172637,0.094222,-0.172667,0.984949,-0.007893,-0.094167,-0.008530,0.995520,0,0.84417,-0.06380,50.650,-0.128,-1,400.000,-1,400.000,-1,325.000,325.000,300.000,300.000,-1,-1,-1,-1,800.000,700.000,-1,-1,2,0,2,0,2,0,0,0,0,2,2,2,2,0,0,2,2
33,-1509.325,-6078.897,-254.856,-10.309,0.979040,0.178950,0.097245,-0.179065,0.983808,-0.007621,-0.097035,-0.009952,0.995231,0,0.84417,-0.18380,50.650,-0.368,-1,400.000,-1,400.000,1000.000,325.000,325.000,300.000,300.000,-1,-1,-1,-1,775.000,675.000,-1,-1,2,0,2,0,0,0,0,0,0,2,2,2,2,0,0,2,2
34,-1459.591,-6088.489,-259.261,-10.917,0.976776,0.189369,0.100236,-0.189597,0.981835,-0.007335,-0.099804,-0.011840,0.994937,0,0.84417,-0.30380,50.650,-0.608,-1,400.000,-1,375.000,950.000,325.000,325.000,300.000,300.000,-1,-1,-1,-1,750.000,675.000,-1,-1,2,0,2,0,0,0,0,0,0,2,2,2,2,0,0,2,2
35,-1410.004,-6098.815,-263.625,-11.764,0.973546,0.203866,0.103188,-0.204239,0.978896,-0.007055,-0.102448,-0.014206,0.994637,0,0.84417,-0.42380,50.650,-0.848,-1,400.000,-1,375.000,900.000,325.000,325.000,300.000,300.000,-1,-1,-1,-1,750.000,650.000,-1,-1,2,0,2,0,0,0,0,0,0,2,2,2,2,0,0,2,2
36,-1360.622,-6110.080,-268.206,-12.852,0.969232,0.222396,0.105496,-0.223065,0.974788,-0.005561,-0.104073,-0.018142,0.994404,0,0.84417,-0.54380,50.650,-1.088,-1,400.000,-1,375.000,850.000,325.000,325.000,300.000,300.000,-1,-1,-1,-1,725.000,625.000,-1,975.000,2,0,2,0,0,0,0,0,0,2,2,2,2,0,0,2,0
37,-1311.514,-6122.485,-272.793,-14.180,0.963710,0.244897,0.106248,-0.245934,0.969280,-0.003434,-0.103825,-0.022821,0.994334,0,0.84417,-0.66380,50.650,-1.328,-1,400.000,-1,375.000,825.000,325.000,300.000,300.000,300.000,-1,-1,-1,-1,700.000,625.000,-1,950.000,2,0,2,0,0,0,0,0,0,2,2,2,2,0,0,2,0
38,-1262.764,-6136.229,-277.358,-15.747,0.956542,0.271287,0.106916,-0.272719,0.962093,-0.001267,-0.103207,-0.027946,0.994267,0,0.84417,-0.78380,50.650,-1.568,1000.000,400.000,-1,375.000,800.000,325.000,300.000,300.000,300.000,-1,-1,-1,-1,700.000,625.000,1000.000,900.000,0,0,2,0,0,0,0,0,0,2,2,2,2,0,0,0,0
39,-1214.472,-6151.504,-282.328,-17.555,0.947601,0.301463,0.105697,-0.303148,0.952944,-0.000136,-0.100764,-0.031913,0.994398,0,0.84417,-0.90380,50.650,-1.808,950.000,400.000,-1,350.000,775.000,325.000,300.000,300.000,300.000,-1,-1,-1,-1,675.000,600.000,950.000,875.000,0,0,2,0,0,0,0,0,0,2,2,2,2,0,0,0,0
40,-1166.743,-6168.454,-287.054,-19.555,0.936612,0.334478,0.104316,-0.336511,0.941677,0.002010,-0.097560,-0.036986,0.994542,0,0.84417,-1.00000,50.650,-2.000,925.000,400.000,-1,350.000,750.000,325.000,300.000,300.000,300.000,-1,-1,-1,-1,675.000,600.000,925.000,825.000,0,0,2,0,0,0,0,0,0,2,2,2,2,0,0,0,0
41,-1119.634,-6187.059,-291.692,-21.555,0.924466,0.367063,0.103088,-0.369454,0.929238,0.004455,-0.094158,-0.042204,0.994662,0,0.84417,-1.00000,50.650,-2.000,875.000,400.000,-1,350.000,750.000,325.000,300.000,300.000,300.000,-1,-1,-1,-1,650.000,600.000,900.000,800.000,0,0,2,0,0,0,0,0,0,2,2,2,2,0,0,0,0
42,-1073.203,-6207.297,-296.233,-23.555,0.911179,0.399173,0.102053,-0.401934,0.915641,0.007199,-0.090570,-0.047578,0.994753,0,0.84417,-1.00000,50.650,-2.000,825.000,400.000,-1,350.000,725.000,300.000,300.000,300.000,325.000,-1,-1,-1,-1,625.000,600.000,850.000,775.000,0,0,2,0,0,0,0,0,0,2,2,2,2,0,0,0,0
43,-1027.506,-6229.143,-300.667,-25.555,0.896767,0.430764,0.101249,-0.433906,0.900900,0.010237,-0.086806,-0.053113,0.994808,0,0.84417,-1.00000,50.650,-2.000,775.000,375.000,-1,350.000,725.000,300.000,300.000,300.000,325.000,-1,-1,-1,-1,600.000,600.000,825.000,750.000,0,0,2,0,0,0,0,0,0,2,2,2,2,0,0,0,0
44,-982.598,-6252.570,-304.987,-27.555,0.881250,0.461795,0.100717,-0.465328,0.885034,0.013559,-0.082876,-0.058816,0.994823,0,0.84417,-1.00000,50.650,-2.000,750.000,375.000,-1,350.000,700.000,300.000,300.000,300.000,325.000,-1,-1,-1,-1,575.000,575.000,750.000,725.000,0,0,2,0,0,0,0,0,0,2,2,2,2,0,0,0,0
45,-938.536,-6277.549,-309.184,-29.555,0.864649,0.492222,0.100494,-0.496158,0.868063,0.017151,-0.078793,-0.064690,0.994790,0,0.84417,-1.00000,50.650,-2.000,700.000,350.000,-1,350.000,700.000,300.000,300.000,300.000,325.000,-1,450.000,-1,-1,550.000,575.000,675.000,700.000,0,0,2,0,0,0,0,0,0,2,0,2,2,0,0,0,0
46,-895.372,-6304.052,-313.044,-31.555,0.847089,0.522033,0.099609,-0.526287,0.850057,0.020623,-0.073907,-0.069893,0.994813,0,0.84417,-1.00000,50.650,-2.000,675.000,350.000,-1,350.000,675.000,300.000,300.000,275.000,325.000,-1,400.000,475.000,-1,525.000,550.000,625.000,675.000,0,0,2,0,0,0,0,0,0,2,0,0,2,0,0,0,0
47,-853.161,-6332.046,-316.183,-33.555,0.828731,0.551263,0.096511,-0.555575,0.831141,0.023253,-0.067396,-0.072889,0.995060,0,0.84417,-1.00000,50.650,-2.000,625.000,350.000,-1,350.000,675.000,300.000,300.000,300.000,325.000,-1,350.000,425.000,-1,525.000,550.000,600.000,650.000,0,0,2,0,0,0,0,0,0,2,0,0,2,0,0,0,0
48,-811.953,-6361.498,-318.909,-35.555,0.809361,0.579844,0.093357,-0.584126,0.811270,0.025268,-0.061086,-0.074983,0.995312,0,0.84417,-1.00000,50.650,-2.000,600.000,325.000,-1,350.000,675.000,300.000,300.000,300.000,325.000,-1,325.000,375.000,-1,500.000,525.000,575.000,650.000,0,0,2,0,0,0,0,0,0,2,0,0,2,0,0,0,0
49,-771.798,-6392.370,-321.406,-37.555,0.789033,0.607713,0.090066,-0.611939,0.790422,0.027651,-0.054386,-0.076933,0.995552,0,0.84417,-1.00000,50.650,-2.000,550.000,325.000,1000.000,350.000,675.000,275.000,300.000,300.000,325.000,-1,325.000,350.000,-1,500.000,525.000,525.000,625.000,0,0,0,0,0,0,0,0,0,2,0,0,2,0,0,0,0
50,-736.325,-6421.421,-323.118,-39.315,0.770522,0.631695,0.085193,-0.635685,0.771375,0.029762,-0.046915,-0.077088,0.995920,0,0.76417,-0.88000,45.850,-1.760,550.000,325.000,1000.000,350.000,675.000,275.000,300.000,300.000,325.000,-1,300.000,325.000,-1,500.000,525.000,525.000,625.000,0,0,0,0,0,0,0,0,0,2,0,0,2,0,0,0,0
51,-703.424,-6449.861,-324.108,-40.835,0.754158,0.652031,0.078109,-0.655579,0.754460,0.031736,-0.038238,-0.075140,0.996440,0,0.72482,-0.76000,43.489,-1.520,550.000,325.000,-1,350.000,675.000,275.000,300.000,325.000,325.000,-1,275.000,300.000,-1,500.000,525.000,525.000,625.000,0,0,2,0,0,0,0,0,0,2,0,0,2,0,0,0,0
52,-671.166,-6479.028,-325.002,-42.115,0.740003,0.668817,0.071276,-0.671942,0.739811,0.034250,-0.029824,-0.073239,0.996868,0,0.72482,-0.64000,43.489,-1.280,575.000,325.000,-1,350.000,700.000,275.000,300.000,325.000,325.000,-1,275.000,275.000,-1,500.000,525.000,550.000,625.000,0,0,2,0,0,0,0,0,0,2,0,0,2,0,0,0,0
53,-639.470,-6508.806,-325.514,-43.210,0.727662,0.682869,0.064788,-0.685622,0.726936,0.038560,-0.020765,-0.072479,0.997154,0,0.72482,-0.54746,43.489,-1.095,575.000,325.000,-1,350.000,725.000,275.000,300.000,325.000,325.000,-1,250.000,250.000,-1,500.000,525.000,575.000,650.000,0,0,2,0,0,0,0,0,0,2,0,0,2,0,0,0,0
54,-608.349,-6539.183,-325.794,-44.305,0.715019,0.696641,0.058633,-0.699014,0.713761,0.043881,-0.011280,-0.072361,0.997315,0,0.72482,-0.54746,43.489,-1.095,600.000,325.000,-1,350.000,750.000,275.000,300.000,325.000,325.000,-1,225.000,250.000,-1,525.000,525.000,600.000,675.000,0,0,2,0,0,0,0,0,0,2,0,0,2,0,0,0,0
55,-577.813,-6570.150,-325.912,-45.400,0.702065,0.710140,0.052978,-0.712111,0.700305,0.049714,-0.001797,-0.072629,0.997357,0,0.72482,-0.54746,43.489,-1.095,600.000,325.000,-1,350.000,775.000,275.000,300.000,325.000,325.000,-1,200.000,225.000,-1,525.000,525.000,625.000,700.000,0,0,2,0,0,0,0,0,0,2,0,0,2,0,0,0,0
56,-547.874,-6601.694,-325.778,-46.494,0.688803,0.723339,0.048280,-0.724911,0.686557,0.056063,0.007406,-0.073615,0.997259,0,0.72482,-0.54746,43.489,-1.095,600.000,325.000,-1,350.000,825.000,275.000,275.000,325.000,325.000,-1,200.000,200.000,-1,525.000,525.000,625.000,725.000,0,0,2,0,0,0,0,0,0,2,0,0,2,0,0,0,0
57,-518.543,-6633.804,-325.520,-47.589,0.675270,0.736258,0.043975,-0.737382,0.672548,0.062833,0.016687,-0.074855,0.997055,0,0.72482,-0.54746,43.489,-1.095,575.000,325.000,-1,350.000,875.000,275.000,275.000,300.000,325.000,-1,200.000,175.000,-1,525.000,550.000,600.000,750.000,0,0,2,0,0,0,0,0,0,2,0,0,2,0,0,0,0
58,-489.832,-6666.470,-324.870,-48.684,0.661425,0.748952,0.039846,-0.749588,0.658335,0.068646,0.025180,-0.075272,0.996845,0,0.72482,-0.54746,43.489,-1.095,575.000,325.000,-1,350.000,925.000,275.000,275.000,300.000,325.000,1000.000,175.000,150.000,-1,525.000,550.000,600.000,775.000,0,0,2,0,0,0,0,0,0,0,0,0,2,0,0,0,0
59,-461.750,-6699.678,-323.800,-49.779,0.647262,0.761426,0.035808,-0.761562,0.643929,0.073336,0.032783,-0.074738,0.996664,0,0.72482,-0.54746,43.489,-1.095,575.000,325.000,-1,350.000,975.000,275.000,275.000,300.000,325.000,1000.000,175.000,150.000,-1,525.000,550.000,575.000,800.000,0,0,2,0,0,0,0,0,0,0,0,0,2,0,0,0,0
60,-434.308,-6733.418,-322.558,-50.874,0.632838,0.773620,0.032064,-0.773236,0.629285,0.078143,0.040275,-0.074245,0.996426,0,0.72482,-0.54746,43.489,-1.095,550.000,325.000,-1,350.000,-1,275.000,275.000,275.000,325.000,1000.000,175.000,125.000,-1,525.000,575.000,575.000,825.000,0,0,2,0,2,0,0,0,0,0,0,0,2,0,0,0,0
61,-407.515,-6767.675,-321.146,-51.969,0.618161,0.785530,0.028621,-0.784606,0.614408,0.083045,0.047649,-0.073791,0.996135,0,0.72482,-0.54746,43.489,-1.095,550.000,325.000,-1,350.000,-1,275.000,275.000,275.000,325.000,975.000,175.000,125.000,-1,525.000,575.000,550.000,850.000,0,0,2,0,2,0,0,0,0,0,0,0,2,0,0,0,0
62,-381.383,-6802.439,-319.383,-53.064,0.603223,0.797196,0.024524,-0.795640,0.599337,0.088053,0.055497,-0.072628,0.995814,0,0.72482,-0.54746,43.489,-1.095,525.000,325.000,-1,350.000,-1,275.000,275.000,275.000,325.000,950.000,150.000,125.000,1000.000,525.000,575.000,550.000,900.000,0,0,2,0,2,0,0,0,0,0,0,0,0,0,0,0,0
63,-355.920,-6837.697,-316.924,-54.159,0.587947,0.808693,0.018308,-0.806335,0.584131,0.092821,0.064369,-0.069336,0.995515,0,0.72482,-0.54746,43.489,-1.095,525.000,325.000,-1,350.000,-1,275.000,275.000,275.000,325.000,925.000,150.000,125.000,925.000,525.000,575.000,575.000,975.000,0,0,2,0,2,0,0,0,0,0,0,0,0,0,0,0,0
64,-331.138,-6873.436,-313.551,-55.254,0.572181,0.820050,0.011247,-0.817067,0.568809,0.094113,0.070780,-0.063039,0.995498,0,0.72482,-0.54746,43.489,-1.095,550.000,325.000,-1,350.000,-1,275.000,275.000,275.000,325.000,950.000,175.000,125.000,875.000,525.000,600.000,575.000,1000.000,0,0,2,0,2,0,0,0,0,0,0,0,0,0,0,0,0
65,-307.042,-6909.641,-310.051,-56.349,0.556140,0.831077,0.004367,-0.827495,0.553240,0.095804,0.077204,-0.056894,0.995391,0,0.72482,-0.54746,43.489,-1.095,575.000,325.000,-1,350.000,-1,275.000,275.000,300.000,325.000,975.000,200.000,150.000,850.000,550.000,600.000,600.000,-1,0,0,2,0,2,0,0,0,0,0,0,0,0,0,0,0,2
66,-283.641,-6946.299,-306.256,-57.444,0.539876,0.841742,-0.002048,-0.837530,0.537414,0.098639,0.084129,-0.051538,0.995121,0,0.72482,-0.54746,43.489,-1.095,600.000,325.000,-1,350.000,-1,275.000,300.000,300.000,300.000,1000.000,225.000,150.000,800.000,550.000,600.000,650.000,-1,0,0,2,0,2,0,0,0,0,0,0,0,0,0,0,0,2
67,-260.945,-6983.398,-302.332,-58.539,0.523358,0.852074,-0.008196,-0.847232,0.521364,0.101869,0.091073,-0.046370,0.994764,0,0.72482,-0.54746,43.489,-1.095,625.000,350.000,-1,350.000,-1,275.000,300.000,300.000,300.000,1000.000,250.000,175.000,775.000,550.000,625.000,675.000,-1,0,0,2,0,2,0,0,0,0,0,0,0,0,0,0,0,2
68,-241.248,-7016.700,-298.779,-59.393,0.510246,0.859923,-0.013474,-0.854528,0.508690,0.104956,0.097108,-0.042039,0.994386,0,0.64482,-0.42746,38.689,-0.855,675.000,350.000,-1,350.000,-1,300.000,300.000,300.000,300.000,-1,250.000,175.000,775.000,575.000,625.000,725.000,-1,0,0,2,0,2,0,0,0,0,2,0,0,0,0,0,0,2
69,-222.927,-7048.446,-295.283,-60.008,0.500673,0.865451,-0.017935,-0.859555,0.499500,0.108008,0.102434,-0.038660,0.993988,0,0.61087,-0.30746,36.652,-0.615,700.000,350.000,-1,350.000,-1,300.000,300.000,325.000,300.000,-1,275.000,175.000,750.000,575.000,625.000,800.000,-1,0,0,2,0,2,0,0,0,0,2,0,0,0,0,0,0,2
70,-204.814,-7080.311,-291.451,-60.383,0.494794,0.868759,-0.020901,-0.862429,0.493859,0.110992,0.106747,-0.036892,0.993601,0,0.61087,-0.18746,36.652,-0.375,750.000,350.000,-1,375.000,-1,300.000,300.000,325.000,300.000,-1,275.000,200.000,750.000,575.000,650.000,850.000,-1,0,0,2,0,2,0,0,0,0,2,0,0,0,0,0,0,2
71,-186.775,-7112.219,-287.545,-60.518,0.492566,0.869954,-0.023618,-0.863190,0.491832,0.114040,0.110825,-0.035786,0.993195,0,0.61087,-0.06746,36.652,-0.135,775.000,350.000,-1,375.000,-1,300.000,300.000,325.000,300.000,-1,300.000,200.000,775.000,600.000,650.000,925.000,-1,0,0,2,0,2,0,0,0,0,2,0,0,0,0,0,0,2
72,-168.710,-7144.111,-283.561,-60.470,0.493139,0.869558,-0.026122,-0.862349,0.492570,0.117169,0.114752,-0.035254,0.992768,0,0.61087,0.02400,36.652,0.048,825.000,350.000,-1,375.000,-1,300.000,300.000,325.000,300.000,-1,300.000,225.000,775.000,600.000,650.000,-1,-1,0,0,2,0,2,0,0,0,0,2,0,0,0,0,0,2,2
73,-150.618,-7175.988,-279.448,-60.422,0.493732,0.869150,-0.028388,-0.861458,0.493301,0.120600,0.118823,-0.035090,0.992295,0,0.61087,0.02400,36.652,0.048,900.000,350.000,-1,375.000,-1,300.000,300.000,325.000,325.000,-1,300.000,225.000,775.000,600.000,675.000,-1,-1,0,0,2,0,2,0,0,0,0,2,0,0,0,0,0,2,2
74,-132.499,-7207.850,-275.284,-60.374,0.494326,0.868740,-0.030552,-0.860557,0.494031,0.123996,0.122814,-0.035002,0.991812,0,0.61087,0.02400,36.652,0.048,950.000,350.000,-1,375.000,-1,300.000,300.000,300.000,325.000,-1,325.000,250.000,800.000,625.000,675.000,-1,-1,0,0,2,0,2,0,0,0,0,2,0,0,0,0,0,2,2
75,-114.354,-7239.697,-271.068,-60.326,0.494921,0.868326,-0.032617,-0.859648,0.494759,0.127356,0.126724,-0.034992,0.991321,0,0.61087,0.02400,36.652,0.048,1000.000,350.000,-1,375.000,-1,300.000,300.000,300.000,325.000,-1,325.000,250.000,800.000,625.000,700.000,-1,-1,0,0,2,0,2,0,0,0,0,2,0,0,0,0,0,2,2
76,-96.182,-7271.529,-266.800,-60.278,0.495519,0.867909,-0.034580,-0.858730,0.495485,0.130680,0.130553,-0.035059,0.990821,0,0.61087,0.02400,36.652,0.048,-1,350.000,-1,375.000,-1,300.000,300.000,300.000,325.000,-1,325.000,275.000,825.000,625.000,700.000,-1,-1,2,0,2,0,2,0,0,0,0,2,0,0,0,0,0,2,2
77,-77.983,-7303.345,-262.420,-60.230,0.496098,0.867496,-0.036561,-0.857847,0.496214,0.133681,0.134110,-0.034955,0.990350,0,0.61087,0.02400,36.652,0.048,-1,375.000,-1,375.000,-1,300.000,300.000,300.000,325.000,-1,350.000,275.000,825.000,650.000,725.000,-1,-1,2,0,2,0,2,0,0,0,0,2,0,0,0,0,0,2,2
78,-59.757,-7335.146,-257.504,-60.182,0.496487,0.867139,-0.039628,-0.857229,0.496974,0.134816,0.136598,-0.032964,0.990078,0,0.61087,0.02400,36.652,0.048,-1,375.000,-1,375.000,-1,300.000,300.000,300.000,325.000,-1,350.000,300.000,850.000,650.000,725.000,-1,-1,2,0,2,0,2,0,0,0,0,2,0,0,0,0,0,2,2
79,-41.506,-7366.932,-252.448,-60.134,0.496821,0.866785,-0.043039,-0.856603,0.497736,0.135975,0.139284,-0.030688,0.989777,0,0.61087,0.02400,36.652,0.048,-1,375.000,-1,375.000,-1,300.000,300.000,300.000,325.000,-1,375.000,325.000,850.000,675.000,750.000,-1,-1,2,0,2,0,2,0,0,0,0,2,0,0,0,0,0,2,2
80,-23.227,-7398.702,-247.359,-60.086,0.497166,0.866422,-0.046242,-0.855987,0.498494,0.137078,0.141819,-0.028568,0.989480,0,0.61087,0.02400,36.652,0.048,-1,375.000,-1,375.000,-1,300.000,325.000,300.000,325.000,-1,375.000,350.000,850.000,700.000,750.000,-1,-1,2,0,2,0,2,0,0,0,0,2,0,0,0,0,0,2,2
81,-4.921,-7430.457,-242.225,-60.038,0.497516,0.866053,-0.049303,-0.855378,0.499247,0.138134,0.144246,-0.026551,0.989186,0,0.61087,0.02400,36.652,0.048,-1,375.000,-1,375.000,-1,325.000,325.000,300.000,325.000,-1,400.000,375.000,875.000,700.000,775.000,-1,-1,2,0,2,0,2,0,0,0,0,2,0,0,0,0,0,2,2
82,13.411,-7462.196,-237.060,-59.990,0.497883,0.865675,-0.052146,-0.854778,0.499997,0.139133,0.146517,-0.024699,0.988900,0,0.61087,0.02400,36.652,0.048,-1,375.000,-1,400.000,-1,325.000,325.000,300.000,300.000,-1,400.000,375.000,875.000,725.000,775.000,-1,-1,2,0,2,0,2,0,0,0,0,2,0,0,0,0,0,2,2
83,31.769,-7493.920,-231.865,-59.942,0.498269,0.865291,-0.054768,-0.854188,0.500742,0.140076,0.148631,-0.023013,0.988625,0,0.61087,0.02400,36.652,0.048,-1,375.000,-1,400.000,-1,325.000,325.000,300.000,300.000,-1,425.000,375.000,875.000,750.000,800.000,-1,-1,2,0,2,0,2,0,0,0,0,2,0,0,0,0,0,2,2
84,50.154,-7525.628,-226.563,-59.894,0.498726,0.864895,-0.056827,-0.853616,0.501481,0.140915,0.150375,-0.021770,0.988389,0,0.61087,0.02400,36.652,0.048,-1,375.000,-1,400.000,-1,325.000,325.000,300.000,300.000,-1,425.000,400.000,900.000,750.000,800.000,-1,-1,2,0,2,0,2,0,0,0,0,2,0,0,0,0,0,2,2
85,70.671,-7560.607,-220.491,-59.606,0.502941,0.862363,-0.058142,-0.850927,0.505822,0.141660,0.151572,-0.021772,0.988206,0,0.67586,0.14400,40.552,0.288,-1,400.000,-1,400.000,-1,325.000,325.000,275.000,300.000,-1,475.000,425.000,925.000,775.000,825.000,-1,-1,2,0,2,0,2,0,0,0,0,2,0,0,0,0,0,2,2
86,91.510,-7595.396,-214.409,-59.078,0.510789,0.857652,-0.059390,-0.846056,0.513739,0.142341,0.152590,-0.022460,0.988034,0,0.67586,0.26400,40.552,0.528,-1,400.000,-1,400.000,-1,325.000,325.000,275.000,300.000,-1,500.000,450.000,975.000,800.000,825.000,-1,-1,2,0,2,0,2,0,0,0,0,2,0,0,0,0,0,2,2
87,112.813,-7629.901,-208.323,-58.310,0.522211,0.850662,-0.060578,-0.838902,0.525172,0.142957,0.153422,-0.023835,0.987873,0,0.67586,0.38400,40.552,0.768,-1,400.000,-1,400.000,-1,325.000,325.000,275.000,300.000,-1,500.000,450.000,1000.000,825.000,850.000,-1,-1,2,0,2,0,2,0,0,0,0,2,0,0,0,0,0,2,2
88,134.720,-7664.027,-202.236,-57.302,0.537116,0.841248,-0.061712,-0.829322,0.540028,0.143507,0.154051,-0.025901,0.987723,0,0.67586,0.50400,40.552,1.008,-1,400.000,-1,400.000,-1,325.000,325.000,275.000,300.000,-1,500.000,450.000,-1,850.000,875.000,-1,-1,2,0,2,0,2,0,0,0,0,2,0,0,2,0,0,2,2
89,157.283,-7697.722,-196.086,-56.193,0.553392,0.830577,-0.062434,-0.818501,0.556169,0.143984,0.154314,-0.028577,0.987609,0,0.67586,0.55453,40.552,1.109,-1,400.000,-1,400.000,-1,325.000,325.000,275.000,300.000,-1,500.000,450.000,-1,850.000,900.000,-1,-1,2,0,2,0,2,0,0,0,0,2,0,0,2,0,0,2,2
90,180.494,-7730.974,-189.908,-55.084,0.569500,0.819585,-0.062858,-0.807373,0.572091,0.144428,0.154332,-0.031502,0.987517,0,0.67586,0.55453,40.552,1.109,-1,400.000,-1,425.000,-1,325.000,325.000,275.000,300.000,-1,500.000,475.000,-1,850.000,925.000,-1,-1,2,0,2,0,2,0,0,0,0,2,0,0,2,0,0,2,2
91,204.345,-7763.770,-183.750,-53.975,0.585400,0.808278,-0.063198,-0.795938,0.587790,0.144864,0.154238,-0.034502,0.987431,0,0.67586,0.55453,40.552,1.109,-1,400.000,-1,425.000,-1,325.000,325.000,275.000,300.000,-1,525.000,475.000,-1,875.000,975.000,-1,-1,2,0,2,0,2,0,0,0,0,2,0,0,2,0,0,2,2
92,228.826,-7796.098,-177.641,-52.866,0.601079,0.796664,-0.063486,-0.784221,0.603260,0.145173,0.153952,-0.037473,0.987367,0,0.67586,0.55453,40.552,1.109,-1,400.000,-1,425.000,-1,325.000,325.000,275.000,300.000,-1,525.000,500.000,-1,875.000,-1,-1,-1,2,0,2,0,2,0,0,0,0,2,0,0,2,0,2,2,2
93,253.928,-7827.946,-171.760,-51.757,0.616485,0.784769,-0.063910,-0.772363,0.618512,0.144562,0.152977,-0.039758,0.987430,0,0.67586,0.55453,40.552,1.109,-1,400.000,-1,425.000,-1,325.000,350.000,275.000,300.000,-1,550.000,525.000,-1,875.000,-1,-1,-1,2,0,2,0,2,0,0,0,0,2,0,0,2,0,2,2,2
94,279.642,-7859.302,-165.915,-50.648,0.631665,0.772577,-0.064219,-0.760223,0.633526,0.143896,0.151855,-0.042073,0.987507,0,0.67586,0.55453,40.552,1.109,-1,400.000,-1,425.000,-1,325.000,350.000,275.000,300.000,-1,600.000,575.000,-1,875.000,-1,-1,-1,2,0,2,0,2,0,0,0,0,2,0,0,2,0,2,2,2
95,305.958,-7890.155,-160.115,-49.539,0.646613,0.760094,-0.064417,-0.747811,0.648296,0.143149,0.150568,-0.044391,0.987603,0,0.67586,0.55453,40.552,1.109,-1,425.000,-1,425.000,-1,325.000,350.000,275.000,300.000,-1,625.000,600.000,-1,875.000,-1,-1,-1,2,0,2,0,2,0,0,0,0,2,0,0,2,0,2,2,2
96,332.866,-7920.492,-154.452,-48.430,0.661301,0.747336,-0.064576,-0.735203,0.662827,0.141906,0.148854,-0.046366,0.987772,0,0.67586,0.55453,40.552,1.109,-1,425.000,-1,425.000,-1,350.000,350.000,275.000,300.000,-1,675.000,650.000,-1,875.000,-1,-1,-1,2,0,2,0,2,0,0,0,0,2,0,0,2,0,2,2,2
97,360.356,-7950.302,-148.720,-47.320,0.675715,0.734317,-0.064712,-0.722449,0.677123,0.139900,0.146549,-0.047782,0.988049,0,0.67586,0.55453,40.552,1.109,-1,425.000,-1,425.000,-1,350.000,350.000,275.000,300.000,-1,775.000,675.000,-1,875.000,-1,-1,-1,2,0,2,0,2,0,0,0,0,2,0,0,2,0,2,2,2
98,388.418,-7979.575,-143.000,-46.211,0.689873,0.721032,-0.064720,-0.709483,0.691169,0.137546,0.143908,-0.048972,0.988379,0,0.67586,0.55453,40.552,1.109,-1,425.000,-1,425.000,-1,350.000,350.000,275.000,300.000,-1,825.000,725.000,-1,875.000,-1,-1,-1,2,0,2,0,2,0,0,0,0,2,0,0,2,0,2,2,2
99,417.144,-8008.409,-137.333,-45.109,0.703703,0.707557,-0.064543,-0.696341,0.704874,0.135135,0.141110,-0.050151,0.988723,0,0.67837,0.55130,40.702,1.103,-1,425.000,-1,450.000,-1,350.000,350.000,275.000,300.000,-1,875.000,800.000,-1,875.000,-1,-1,-1,2,0,2,0,2,0,0,0,0,2,0,0,2,0,2,2,2
100,446.655,-8036.928,-131.700,-44.022,0.717086,0.694024,-0.064170,-0.683151,0.718120,0.132696,0.138176,-0.051317,0.989077,0,0.68400,0.54319,41.040,1.086,-1,400.000,-1,450.000,-1,350.000,350.000,275.000,300.000,-1,950.000,850.000,-1,875.000,-1,-1,-1,2,0,2,0,2,0,0,0,0,2,0,0,2,0,2,2,2
101,476.915,-8065.098,-126.109,-42.953,0.730019,0.680461,-0.063600,-0.669938,0.730903,0.130245,0.135112,-0.052473,0.989440,0,0.68907,0.53467,41.344,1.069,-1,400.000,-1,450.000,-1,350.000,350.000,275.000,300.000,-1,1000.000,925.000,-1,850.000,-1,-1,-1,2,0,2,0,2,0,0,0,0,2,0,0,2,0,2,2,2
102,507.886,-8092.887,-120.567,-41.902,0.742501,0.666892,-0.062832,-0.656725,0.743223,0.127797,0.131925,-0.053626,0.989808,0,0.69353,0.52577,41.612,1.052,-1,400.000,-1,450.000,-1,350.000,350.000,275.000,300.000,-1,-1,1000.000,-1,850.000,-1,-1,-1,2,0,2,0,2,0,0,0,0,2,2,0,2,0,2,2,2
103,539.528,-8120.264,-115.081,-40.868,0.754531,0.653342,-0.061867,-0.643537,0.755078,0.125368,0.128622,-0.054780,0.990180,0,0.69738,0.51655,41.843,1.033,-1,400.000,-1,450.000,-1,350.000,350.000,275.000,300.000,-1,-1,-1,-1,825.000,-1,-1,-1,2,0,2,0,2,0,0,0,0,2,2,2,2,0,2,2,2
104,571.798,-8147.200,-109.605,-39.854,0.766083,0.639843,-0.060976,-0.630393,0.766483,0.122915,0.125384,-0.055724,0.990542,0,0.70059,0.50704,42.035,1.014,-1,400.000,-1,450.000,-1,325.000,350.000,300.000,300.000,-1,-1,-1,-1,825.000,-1,-1,-1,2,0,2,0,2,0,0,0,0,2,2,2,2,0,2,2,2
105,604.650,-8173.669,-104.089,-38.860,0.777135,0.626424,-0.060453,-0.617315,0.777452,0.120374,0.122404,-0.056228,0.990886,0,0.70317,0.49731,42.190,0.995,-1,400.000,-1,425.000,-1,325.000,350.000,300.000,300.000,-1,-1,-1,-1,825.000,-1,-1,-1,2,0,2,0,2,0,0,0,0,2,2,2,2,0,2,2,2
106,638.040,-8199.647,-98.651,-37.885,0.787754,0.613088,-0.059726,-0.604322,0.787973,0.117868,0.119326,-0.056757,0.991232,0,0.70510,0.48740,42.306,0.975,-1,400.000,-1,425.000,-1,325.000,350.000,300.000,300.000,-1,-1,-1,-1,800.000,-1,-1,-1,2,0,2,0,2,0,0,0,0,2,2,2,2,0,2,2,2
107,671.921,-8225.113,-93.540,-36.930,0.797865,0.599877,-0.059656,-0.591431,0.798086,0.115184,0.116706,-0.056619,0.991551,0,0.70641,0.47740,42.385,0.955,-1,400.000,-1,425.000,-1,325.000,350.000,300.000,300.000,-1,-1,-1,-1,800.000,-1,-1,-1,2,0,2,0,2,0,0,0,0,2,2,2,2,0,2,2,2
108,706.245,-8250.046,-88.605,-35.995,0.807579,0.586778,-0.059233,-0.578656,0.807765,0.112576,0.113904,-0.056638,0.991876,0,0.70709,0.46735,42.426,0.935,-1,400.000,-1,425.000,-1,325.000,350.000,300.000,300.000,-1,-1,-1,-1,775.000,-1,-1,-1,2,0,2,0,2,0,0,0,0,2,2,2,2,0,2,2,2
109,740.968,-8274.432,-83.795,-35.081,0.816871,0.573812,-0.058833,-0.566008,0.817034,0.109956,0.111162,-0.056520,0.992194,0,0.70718,0.45733,42.431,0.915,-1,400.000,-1,425.000,-1,325.000,350.000,300.000,300.000,-1,-1,-1,-1,775.000,-1,-1,-1,2,0,2,0,2,0,0,0,0,2,2,2,2,0,2,2,2
110,776.043,-8298.256,-79.166,-34.186,0.825735,0.560997,-0.058689,-0.553497,0.825916,0.107253,0.108641,-0.056078,0.992498,0,0.70670,0.44740,42.402,0.895,-1,400.000,-1,425.000,-1,325.000,350.000,300.000,300.000,-1,-1,-1,-1,750.000,-1,-1,-1,2,0,2,0,2,0,0,0,0,2,2,2,2,0,2,2,2
111,811.427,-8321.508,-74.657,-33.311,0.834211,0.548331,-0.058522,-0.541130,0.834414,0.104551,0.106160,-0.055550,0.992796,0,0.70568,0.43764,42.341,0.875,-1,400.000,-1,425.000,-1,325.000,350.000,300.000,300.000,-1,-1,-1,-1,750.000,-1,-1,-1,2,0,2,0,2,0,0,0,0,2,2,2,2,0,2,2,2
112,847.079,-8344.176,-70.246,-32.450,0.842361,0.535745,-0.058345,-0.528825,0.842584,0.101960,0.103785,-0.055032,0.993076,0,0.70416,0.43054,42.249,0.861,-1,400.000,-1,425.000,-1,325.000,350.000,300.000,300.000,-1,-1,-1,-1,725.000,-1,-1,-1,2,0,2,0,2,0,0,0,0,2,2,2,2,0,2,2,2
113,882.963,-8366.251,-65.827,-31.599,0.850229,0.523182,-0.058226,-0.516469,0.850448,0.099986,0.101829,-0.054939,0.993284,0,0.70217,0.42525,42.130,0.850,-1,400.000,-1,425.000,-1,325.000,350.000,300.000,300.000,-1,-1,-1,-1,725.000,-1,-1,-1,2,0,2,0,2,0,0,0,0,2,2,2,2,0,2,2,2
114,914.965,-8385.470,-62.007,-30.989,0.855759,0.514101,-0.058102,-0.507572,0.855992,0.098232,0.100236,-0.054572,0.993466,0,0.62217,0.30525,37.330,0.610,-1,400.000,-1,425.000,-1,325.000,350.000,300.000,300.000,-1,-1,-1,-1,725.000,-1,-1,-1,2,0,2,0,2,0,0,0,0,2,2,2,2,0,2,2,2
115,942.959,-8402.038,-58.747,-30.618,0.859066,0.508572,-0.057971,-0.502201,0.859326,0.096710,0.099000,-0.053967,0.993623,0,0.54217,0.18525,32.530,0.370,-1,400.000,-1,425.000,-1,325.000,350.000,275.000,300.000,-1,-1,-1,-1,700.000,-1,-1,-1,2,0,2,0,2,0,0,0,0,2,2,2,2,0,2,2,2
116,966.855,-8416.107,-56.018,-30.488,0.860218,0.506636,-0.057831,-0.500398,0.860520,0.095429,0.098113,-0.053151,0.993755,0,0.46217,0.06525,27.730,0.130,1000.000,400.000,-1,450.000,-1,325.000,350.000,275.000,300.000,-1,-1,-1,-1,700.000,-1,-1,-1,0,0,2,0,2,0,0,0,0,2,2,2,2,0,2,2,2
117,986.593,-8427.779,-53.796,-30.597,0.859242,0.508307,-0.057685,-0.502179,0.859596,0.094394,0.097567,-0.052139,0.993862,0,0.38217,-0.05475,22.930,-0.110,1000.000,400.000,-1,450.000,-1,325.000,350.000,275.000,300.000,-1,-1,-1,-1,700.000,-1,-1,-1,0,0,2,0,2,0,0,0,0,2,2,2,2,0,2,2,2
118,1002.142,-8437.103,-52.064,-30.947,0.856115,0.513573,-0.057532,-0.507533,0.856533,0.093608,0.097353,-0.050940,0.993945,0,0.30217,-0.17475,18.130,-0.350,1000.000,400.000,-1,450.000,-1,325.000,350.000,275.000,300.000,-1,-1,-1,-1,700.000,-1,-1,-1,0,0,2,0,2,0,0,0,0,2,2,2,2,0,2,2,2
119,1013.503,-8444.076,-50.810,-31.536,0.850771,0.522395,-0.057375,-0.516420,0.851263,0.093073,0.097462,-0.049554,0.994005,0,0.22217,-0.29475,13.330,-0.590,-1,400.000,-1,450.000,-1,325.000,350.000,275.000,300.000,-1,-1,-1,-1,700.000,-1,-1,-1,2,0,2,0,2,0,0,0,0,2,2,2,2,0,2,2,2
120,1020.712,-8448.637,-50.026,-32.316,0.843565,0.533969,-0.057225,-0.528037,0.844138,0.092779,0.097847,-0.048048,0.994041,0,0.14217,-0.38982,8.530,-0.780,-1,400.000,-1,450.000,-1,325.000,350.000,275.000,300.000,-1,-1,-1,-1,700.000,-1,-1,-1,2,0,2,0,2,0,0,0,0,2,2,2,2,0,2,2,2
121,1023.836,-8450.674,-49.704,-33.097,0.836189,0.545460,-0.057108,-0.539550,0.836835,0.092702,0.098355,-0.046703,0.994055,0,0.06217,-0.39048,3.730,-0.781,-1,400.000,-1,450.000,-1,325.000,350.000,275.000,300.000,-1,-1,-1,-1,725.000,-1,-1,-1,2,0,2,0,2,0,0,0,0,2,2,2,2,0,2,2,2
122,1022.948,-8450.079,-49.847,-33.878,0.828650,0.556855,-0.057032,-0.550944,0.829362,0.092837,0.098997,-0.045508,0.994047,0,-0.01783,-0.39079,-1.070,-0.782,-1,400.000,-1,450.000,-1,325.000,350.000,275.000,300.000,-1,-1,-1,-1,725.000,-1,-1,-1,2,0,2,0,2,0,0,0,0,2,2,2,2,0,2,2,2
123,1018.120,-8446.741,-50.461,-34.660,0.820955,0.568140,-0.057002,-0.562207,0.821730,0.093182,0.099781,-0.044451,0.994016,0,-0.09783,-0.39069,-5.870,-0.781,-1,400.000,-1,450.000,-1,325.000,350.000,275.000,300.000,-1,-1,-1,-1,725.000,-1,-1,-1,2,0,2,0,2,0,0,0,0,2,2,2,2,0,2,2,2
124,1009.427,-8440.555,-51.557,-35.440,0.813116,0.579302,-0.057024,-0.573322,0.813950,0.093734,0.100715,-0.043523,0.993963,0,-0.17783,-0.39015,-10.670,-0.780,-1,400.000,-1,450.000,-1,325.000,350.000,275.000,300.000,-1,-1,-1,-1,725.000,-1,-1,-1,2,0,2,0,2,0,0,0,0,2,2,2,2,0,2,2,2
125,1004.677,-8437.107,-52.170,-35.980,0.807599,0.586969,-0.057023,-0.580966,0.808476,0.094044,0.101303,-0.042821,0.993934,0,-0.09783,-0.27015,-5.870,-0.540,-1,400.000,-1,450.000,-1,325.000,350.000,275.000,300.000,-1,-1,-1,-1,725.000,-1,-1,-1,2,0,2,0,2,0,0,0,0,2,2,2,2,0,2,2,2
126,1003.814,-8436.474,-52.291,-36.281,0.804501,0.591210,-0.056998,-0.585205,0.805404,0.094118,0.101550,-0.042363,0.993928,0,-0.01783,-0.15015,-1.070,-0.300,-1,400.000,-1,450.000,-1,325.000,350.000,275.000,300.000,-1,-1,-1,-1,725.000,-1,-1,-1,2,0,2,0,2,0,0,0,0,2,2,2,2,0,2,2,2
127,1006.819,-8438.684,-51.919,-36.341,0.803878,0.592062,-0.056949,-0.586077,0.804789,0.093959,0.101461,-0.042156,0.993946,0,0.06217,-0.03015,3.730,-0.060,-1,400.000,-1,450.000,-1,325.000,350.000,275.000,300.000,-1,-1,-1,-1,725.000,-1,-1,-1,2,0,2,0,2,0,0,0,0,2,2,2,2,0,2,2,2
128,1013.706,-8443.718,-51.058,-36.161,0.805739,0.589534,-0.056875,-0.583589,0.806641,0.093567,0.101039,-0.042199,0.993987,0,0.14217,0.08985,8.530,0.180,-1,400.000,-1,450.000,-1,325.000,350.000,275.000,300.000,-1,-1,-1,-1,725.000,-1,-1,-1,2,0,2,0,2,0,0,0,0,2,2,2,2,0,2,2,2
129,1024.526,-8451.504,-49.717,-35.742,0.810052,0.583602,-0.056779,-0.577719,0.810928,0.092939,0.100283,-0.042483,0.994052,0,0.22217,0.20985,13.330,0.420,-1,400.000,-1,450.000,-1,325.000,350.000,275.000,300.000,-1,-1,-1,-1,725.000,-1,-1,-1,2,0,2,0,2,0,0,0,0,2,2,2,2,0,2,2,2
130,1039.362,-8461.924,-47.911,-35.082,0.816742,0.574214,-0.056664,-0.568413,0.817576,0.092068,0.099194,-0.042988,0.994139,0,0.30217,0.32985,18.130,0.660,-1,400.000,-1,450.000,-1,325.000,350.000,275.000,300.000,-1,-1,-1,-1,725.000,-1,-1,-1,2,0,2,0,2,0,0,0,0,2,2,2,2,0,2,2,2
131,1058.331,-8474.806,-45.699,-34.182,0.825685,0.561292,-0.056520,-0.555613,0.826471,0.090767,0.097659,-0.043542,0.994267,0,0.38217,0.44985,22.930,0.900,-1,400.000,-1,450.000,-1,325.000,350.000,275.000,300.000,-1,-1,-1,-1,725.000,-1,-1,-1,2,0,2,0,2,0,0,0,0,2,2,2,2,0,2,2,2
132,1081.577,-8489.925,-43.126,-33.042,0.836717,0.544730,-0.056335,-0.539221,0.837454,0.088949,0.095631,-0.044048,0.994442,0,0.46217,0.56985,27.730,1.140,-1,400.000,-1,450.000,-1,325.000,350.000,275.000,300.000,-1,-1,-1,-1,700.000,1000.000,-1,-1,2,0,2,0,2,0,0,0,0,2,2,2,2,0,0,2,2
133,1109.234,-8507.050,-40.177,-31.766,0.848674,0.525931,-0.056111,-0.520615,0.849363,0.086848,0.093335,-0.044493,0.994640,0,0.54217,0.63817,32.530,1.276,1000.000,375.000,-1,450.000,-1,325.000,350.000,275.000,300.000,-1,-1,-1,-1,700.000,1000.000,-1,-1,0,0,2,0,2,0,0,0,0,2,2,2,2,0,0,2,2
134,1141.401,-8525.992,-36.793,-30.493,0.860177,0.506937,-0.055769,-0.501886,0.860846,0.083990,0.090586,-0.044257,0.994905,0,0.62217,0.63648,37.330,1.273,950.000,375.000,-1,450.000,-1,325.000,350.000,275.000,300.000,-1,-1,-1,-1,675.000,975.000,-1,-1,0,0,2,0,2,0,0,0,0,2,2,2,2,0,0,2,2
135,1178.169,-8546.559,-33.057,-29.223,0.871232,0.487743,-0.055326,-0.482994,0.871900,0.080667,0.087583,-0.043558,0.995204,0,0.70217,0.63518,42.130,1.270,900.000,375.000,-1,425.000,-1,325.000,325.000,275.000,300.000,-1,-1,-1,-1,675.000,925.000,-1,-1,0,0,2,0,2,0,0,0,0,2,2,2,2,0,0,2,2
