timestep,x_cm,y_cm,z_cm,yaw_deg,basis_xx,basis_xy,basis_xz,basis_yx,basis_yy,basis_yz,basis_zx,basis_zy,basis_zz,teleport_flag,throttle_cmd,steering_cmd,cmd_move_cm,cmd_turn_deg,lidar_cm_0,lidar_cm_1,lidar_cm_2,lidar_cm_3,lidar_cm_4,lidar_cm_5,lidar_cm_6,lidar_cm_7,lidar_cm_8,lidar_cm_9,lidar_cm_10,lidar_cm_11,lidar_cm_12,lidar_cm_13,lidar_cm_14,lidar_cm_15,lidar_cm_16,lidar_class_0,lidar_class_1,lidar_class_2,lidar_class_3,lidar_class_4,lidar_class_5,lidar_class_6,lidar_class_7,lidar_class_8,lidar_class_9,lidar_class_10,lidar_class_11,lidar_class_12,lidar_class_13,lidar_class_14,lidar_class_15,lidar_class_16
0,-8851.118,-1637.125,-93.206,34.277,0.825963,-0.563170,-0.024996,0.562504,0.826280,-0.029159,0.037075,0.010024,0.999262,1,0.08000,0.09191,4.800,0.184,625.000,375.000,-1,375.000,-1,325.000,300.000,325.000,325.000,-1,425.000,425.000,-1,600.000,750.000,625.000,-1,1,0,2,0,2,0,0,0,0,2,0,0,2,1,0,1,2
1,-8843.203,-1631.693,-92.846,34.461,0.824136,-0.565823,-0.025387,0.565148,0.824468,-0.029326,0.037524,0.009821,0.999247,0,0.16000,0.09204,9.600,0.184,625.000,375.000,-1,375.000,-1,325.000,300.000,325.000,325.000,-1,425.000,425.000,-1,600.000,750.000,625.000,-1,1,0,2,0,2,0,0,0,0,2,0,0,2,1,0,1,2
2,-8831.356,-1623.506,-92.300,34.647,0.822283,-0.568486,-0.025970,0.567798,0.822637,-0.029566,0.038172,0.009566,0.999225,0,0.24000,0.09260,14.400,0.185,600.000,375.000,-1,375.000,-1,325.000,300.000,325.000,325.000,-1,425.000,425.000,-1,600.000,750.000,600.000,-1,1,0,2,0,2,0,0,0,0,2,0,0,2,1,0,1,2
3,-8815.596,-1612.539,-91.651,34.834,0.820408,-0.571171,-0.026341,0.570464,0.820775,-0.029994,0.038752,0.009581,0.999203,0,0.32000,0.09361,19.200,0.187,600.000,375.000,-1,375.000,-1,325.000,300.000,325.000,325.000,-1,425.000,425.000,-1,575.000,750.000,600.000,-1,1,0,2,0,2,0,0,0,0,2,0,0,2,1,0,1,2
4,-8795.942,-1598.765,-90.827,35.024,0.818492,-0.573892,-0.026799,0.573161,0.818874,-0.030508,0.039454,0.009610,0.999175,0,0.40000,0.09508,24.000,0.190,575.000,375.000,-1,375.000,-1,325.000,300.000,325.000,325.000,-1,425.000,450.000,-1,575.000,750.000,575.000,-1,1,0,2,0,2,0,0,0,0,2,0,0,2,1,0,1,2
5,-8772.414,-1582.156,-89.814,35.218,0.816524,-0.576663,-0.027369,0.575905,0.816926,-0.031090,0.040287,0.009624,0.999142,0,0.48000,0.09704,28.800,0.194,550.000,375.000,-1,375.000,-1,325.000,300.000,325.000,325.000,-1,425.000,450.000,-1,550.000,750.000,550.000,-1,1,0,2,0,2,0,0,0,0,2,0,0,2,1,0,1,2
6,-8745.031,-1562.684,-88.601,35.417,0.814491,-0.579497,-0.028057,0.578708,0.814918,-0.031725,0.041249,0.009602,0.999103,0,0.56000,0.09951,33.600,0.199,525.000,375.000,-1,375.000,-1,325.000,300.000,325.000,325.000,-1,425.000,450.000,-1,550.000,750.000,525.000,-1,1,0,2,0,2,0,0,0,0,2,0,0,2,1,0,1,2
7,-8713.817,-1540.319,-87.089,35.622,0.812381,-0.582413,-0.028855,0.581606,0.812841,-0.032003,0.042094,0.009216,0.999071,0,0.64000,0.10254,38.400,0.205,475.000,375.000,-1,375.000,-1,325.000,300.000,325.000,325.000,-1,450.000,475.000,-1,525.000,750.000,500.000,-1,1,0,2,0,2,0,0,0,0,2,0,0,2,1,0,1,2
8,-8678.794,-1515.027,-85.310,35.835,0.810179,-0.585425,-0.029789,0.584606,0.810681,-0.032122,0.042954,0.008609,0.999040,0,0.72000,0.10619,43.200,0.212,450.000,375.000,-1,400.000,-1,325.000,325.000,325.000,325.000,-1,450.000,475.000,-1,500.000,775.000,450.000,-1,1,1,2,0,2,0,0,0,0,2,0,0,2,1,0,1,2
9,-8639.988,-1486.776,-83.280,36.056,0.807870,-0.588552,-0.030882,0.587722,0.808421,-0.032219,0.043929,0.007879,0.999004,0,0.80000,0.11053,48.000,0.221,400.000,375.000,-1,400.000,-1,325.000,325.000,325.000,325.000,-1,475.000,500.000,-1,475.000,775.000,400.000,-1,1,1,2,0,2,0,0,0,0,2,0,0,2,1,0,1,2
10,-8600.077,-1457.472,-81.153,36.287,0.805441,-0.591814,-0.031952,0.590974,0.806043,-0.032314,0.044879,0.007144,0.998967,0,0.82523,0.11565,49.514,0.231,350.000,350.000,-1,400.000,-1,325.000,325.000,325.000,325.000,-1,500.000,525.000,-1,450.000,775.000,375.000,-1,1,1,2,0,2,0,0,0,0,2,0,0,2,1,0,1,2
11,-8560.135,-1427.886,-79.103,36.529,0.802908,-0.595221,-0.032413,0.594370,0.803533,-0.032551,0.045420,0.006870,0.998944,0,0.82843,0.12124,49.706,0.242,325.000,325.000,-1,400.000,-1,325.000,325.000,325.000,325.000,-1,525.000,550.000,-1,425.000,775.000,325.000,-1,1,1,2,0,2,0,0,0,0,2,0,0,2,1,0,1,2
12,-8520.186,-1398.017,-76.992,36.784,0.800235,-0.598784,-0.032905,0.597923,0.800884,-0.032752,0.045964,0.006535,0.998922,0,0.83134,0.12719,49.880,0.254,275.000,300.000,-1,400.000,-1,325.000,325.000,325.000,325.000,-1,550.000,600.000,-1,400.000,775.000,275.000,-1,1,1,2,0,2,1,0,1,0,2,0,0,2,1,0,1,2
13,-8480.254,-1367.869,-73.090,37.051,0.797431,-0.602470,-0.033665,0.601150,0.798032,-0.042000,0.052169,0.013254,0.998550,0,0.83391,0.13352,50.034,0.267,250.000,300.000,-1,400.000,-1,300.000,325.000,325.000,325.000,-1,475.000,500.000,-1,400.000,825.000,250.000,-1,1,1,2,0,2,1,0,1,0,2,0,0,2,1,0,1,2
14,-8440.367,-1337.444,-68.619,37.331,0.794508,-0.606277,-0.034424,0.604280,0.794949,-0.053867,0.060024,0.021996,0.997955,0,0.83609,0.14028,50.165,0.281,225.000,300.000,-1,425.000,-1,300.000,350.000,350.000,300.000,-1,375.000,375.000,-1,400.000,825.000,250.000,-1,1,1,2,0,2,1,0,1,0,2,0,0,2,1,1,1,2
15,-8400.555,-1306.748,-63.641,37.626,0.791508,-0.610187,-0.034465,0.607311,0.791591,-0.067516,0.068480,0.032508,0.997123,0,0.83784,0.14749,50.270,0.295,225.000,300.000,-1,450.000,-1,300.000,350.000,350.000,300.000,-1,325.000,250.000,-1,375.000,825.000,225.000,-1,1,1,2,0,2,1,1,1,0,2,0,0,2,1,1,1,2
16,-8360.852,-1275.788,-58.263,37.937,0.788417,-0.614185,-0.034287,0.610192,0.787914,-0.082808,0.077875,0.044366,0.995975,0,0.83908,0.15519,50.345,0.310,200.000,275.000,-1,475.000,-1,275.000,350.000,375.000,275.000,-1,300.000,175.000,-1,375.000,825.000,225.000,-1,1,1,2,0,2,1,1,1,0,2,0,0,2,1,1,1,2
17,-8321.297,-1244.574,-52.534,38.264,0.785250,-0.618249,-0.033906,0.612845,0.783864,-0.099889,0.088334,0.057659,0.994421,0,0.83976,0.16342,50.385,0.327,200.000,275.000,-1,475.000,-1,275.000,350.000,375.000,275.000,-1,275.000,125.000,-1,375.000,875.000,200.000,-1,1,1,2,1,2,1,1,1,0,2,0,0,2,1,1,1,2
18,-8281.932,-1213.118,-46.702,38.608,0.782041,-0.622338,-0.033263,0.615143,0.779367,-0.119108,0.100050,0.072685,0.992324,0,0.83979,0.17222,50.387,0.344,200.000,300.000,-1,450.000,-1,275.000,350.000,400.000,275.000,-1,250.000,100.000,900.000,400.000,975.000,225.000,-1,1,1,2,1,2,1,1,1,0,2,0,0,0,1,1,1,2
19,-8242.799,-1181.439,-41.596,38.971,0.778602,-0.626682,-0.032369,0.617950,0.774683,-0.134178,0.109162,0.084469,0.990429,0,0.83910,0.18162,50.346,0.363,200.000,275.000,-1,450.000,-1,275.000,325.000,400.000,275.000,-1,250.000,75.000,700.000,400.000,-1,225.000,-1,1,1,2,1,2,1,1,1,0,2,0,0,0,1,2,1,2
20,-8203.949,-1149.555,-36.403,39.355,0.775021,-0.631165,-0.031213,0.620765,0.769637,-0.149363,0.118295,0.096384,0.988290,0,0.83760,0.19165,50.256,0.383,175.000,275.000,-1,425.000,-1,275.000,325.000,400.000,250.000,-1,225.000,50.000,575.000,375.000,-1,200.000,-1,1,1,2,1,2,1,1,1,0,2,0,0,0,1,2,1,2
21,-8165.438,-1117.486,-31.129,39.759,0.771286,-0.635792,-0.029772,0.623602,0.764207,-0.164646,0.127432,0.108423,0.985903,0,0.83521,0.20235,50.113,0.405,175.000,275.000,-1,425.000,-1,250.000,300.000,375.000,250.000,-1,225.000,50.000,450.000,375.000,-1,200.000,-1,1,1,2,1,2,1,1,1,0,2,0,0,0,1,2,1,2
22,-6231.361,2951.717,108.015,13.460,0.972613,-0.232380,0.004931,0.232266,0.970893,-0.058481,0.008802,0.058025,0.998276,1,0.00000,0.00000,49.910,0.427,650.000,375.000,-1,375.000,-1,300.000,325.000,300.000,300.000,-1,525.000,550.000,-1,700.000,675.000,-1,-1,1,0,2,0,2,0,0,0,0,2,0,0,2,0,0,2,2
23,-6226.688,2952.814,108.063,13.220,0.973577,-0.228311,0.004669,0.228188,0.971855,-0.058548,0.008829,0.058067,0.998274,0,0.08000,-0.12000,4.800,-0.240,675.000,375.000,-1,375.000,-1,300.000,325.000,300.000,300.000,-1,525.000,550.000,-1,700.000,675.000,-1,-1,1,0,2,0,2,0,0,0,0,2,0,0,2,0,0,2,2
24,-6217.324,2954.932,108.154,12.740,0.975455,-0.220160,0.004143,0.220020,0.973729,-0.058676,0.008884,0.058147,0.998269,0,0.16000,-0.24000,9.600,-0.480,675.000,375.000,-1,375.000,-1,300.000,325.000,300.000,300.000,-1,500.000,525.000,-1,700.000,675.000,-1,-1,1,0,2,0,2,0,0,0,0,2,0,0,2,0,0,2,2
25,-6203.240,2957.931,108.280,12.020,0.978143,-0.207905,0.003347,0.207739,0.976413,-0.058847,0.008967,0.058256,0.998261,0,0.24000,-0.36000,14.400,-0.720,700.000,375.000,-1,375.000,-1,300.000,325.000,325.000,300.000,-1,500.000,525.000,-1,700.000,675.000,-1,-1,1,0,2,0,2,0,0,0,0,2,0,0,2,0,0,2,2
26,-6184.403,2961.650,108.427,11.168,0.981127,-0.193353,0.002280,0.193148,0.979391,-0.059049,0.009184,0.058375,0.998253,0,0.32000,-0.42626,19.200,-0.853,725.000,375.000,-1,375.000,-1,325.000,325.000,325.000,300.000,-1,475.000,500.000,-1,700.000,675.000,-1,-1,1,0,2,0,2,0,0,0,0,2,0,0,2,0,0,2,2
27,-6160.791,2965.949,108.582,10.318,0.983884,-0.178805,0.000947,0.178546,0.982145,-0.059274,0.009669,0.058488,0.998241,0,0.40000,-0.42491,24.000,-0.850,750.000,375.000,-1,375.000,-1,325.000,325.000,325.000,300.000,-1,475.000,475.000,-1,700.000,675.000,-1,-1,1,0,2,0,2,0,0,0,0,2,0,0,2,0,0,2,2
28,-6132.383,2970.688,108.737,9.471,0.986416,-0.164264,-0.000657,0.163935,0.984674,-0.059511,0.010422,0.058595,0.998227,0,0.48000,-0.42354,28.800,-0.847,825.000,375.000,-1,375.000,-1,325.000,325.000,325.000,300.000,-1,450.000,475.000,-1,700.000,675.000,-1,-1,1,0,2,0,2,0,0,0,0,2,0,0,2,0,0,2,2
29,-6099.163,2975.728,108.883,8.626,0.988724,-0.149730,-0.002534,0.149314,0.986983,-0.059746,0.011447,0.058694,0.998210,0,0.56000,-0.42232,33.600,-0.845,-1,375.000,-1,375.000,-1,325.000,325.000,300.000,300.000,-1,425.000,425.000,-1,700.000,700.000,-1,-1,2,0,2,0,2,0,0,0,0,2,0,0,2,0,0,2,2
30,-6061.116,2980.928,109.013,7.783,0.990808,-0.135194,-0.004689,0.134674,0.989074,-0.059965,0.012744,0.058782,0.998189,0,0.64000,-0.42145,38.400,-0.843,-1,375.000,-1,375.000,-1,325.000,325.000,300.000,300.000,-1,400.000,400.000,-1,725.000,700.000,-1,-1,2,0,2,0,2,0,0,0,0,2,0,0,2,0,0,2,2
31,-6018.233,2986.149,109.118,6.941,0.992671,-0.120639,-0.007122,0.119999,0.990950,-0.060154,0.014315,0.058859,0.998164,0,0.72000,-0.42114,43.200,-0.842,-1,375.000,-1,375.000,-1,325.000,325.000,300.000,300.000,-1,375.000,375.000,-1,725.000,700.000,-1,-1,2,0,2,0,2,0,0,0,0,2,0,0,2,0,0,2,2
32,-5970.504,2991.249,109.191,6.098,0.994313,-0.106041,-0.009837,0.105264,0.992615,-0.060299,0.016158,0.058921,0.998132,0,0.80000,-0.42165,48.000,-0.843,-1,375.000,-1,375.000,-1,325.000,325.000,300.000,300.000,-1,350.000,350.000,-1,725.000,700.000,-1,-1,2,0,2,0,2,0,0,0,0,2,0,0,2,0,0,2,2
33,-5919.755,2995.913,109.377,5.251,0.995740,-0.091369,-0.012361,0.090477,0.994104,-0.059763,0.017748,0.058390,0.998136,0,0.84937,-0.42322,50.962,-0.846,-1,400.000,-1,375.000,-1,325.000,325.000,300.000,300.000,-1,325.000,350.000,-1,750.000,700.000,-1,-1,2,0,2,0,2,0,0,0,0,2,0,0,2,0,0,2,2
34,-5873.744,2999.650,110.083,4.645,0.996631,-0.080849,-0.013807,0.079917,0.995097,-0.058270,0.018450,0.056970,0.998205,0,0.76937,-0.30322,46.162,-0.606,-1,400.000,-1,375.000,-1,325.000,325.000,300.000,300.000,-1,350.000,350.000,-1,750.000,725.000,-1,-1,2,0,2,0,2,0,0,0,0,2,0,0,2,0,0,2,2
35,-5827.737,3003.092,111.110,4.278,0.997118,-0.074483,-0.014447,0.073529,0.995602,-0.058061,0.018708,0.056832,0.998208,0,0.76893,-0.18322,46.136,-0.366,-1,400.000,-1,375.000,-1,325.000,325.000,300.000,300.000,-1,375.000,400.000,-1,750.000,725.000,-1,-1,2,0,2,0,2,0,0,0,0,2,0,0,2,0,0,2,2
36,-5782.307,3006.390,112.115,4.152,0.997270,-0.072287,-0.015069,0.071305,0.995776,-0.057843,0.019186,0.056611,0.998212,0,0.75916,-0.06322,45.550,-0.126,-1,400.000,-1,375.000,-1,325.000,325.000,300.000,300.000,-1,425.000,450.000,-1,775.000,725.000,-1,-1,2,0,2,0,2,0,0,0,0,2,0,0,2,0,0,2,2
37,-5737.394,3009.739,113.110,4.266,0.997116,-0.074262,-0.015669,0.073247,0.995647,-0.057630,0.019881,0.056316,0.998215,0,0.75062,0.05678,45.037,0.114,-1,400.000,-1,375.000,-1,325.000,325.000,300.000,300.000,-1,450.000,475.000,-1,775.000,725.000,-1,-1,2,0,2,0,2,0,0,0,0,2,0,0,2,0,0,2,2
38,-5692.939,3013.331,114.103,4.619,0.996630,-0.080406,-0.016244,0.079353,0.995191,-0.057436,0.020784,0.055953,0.998217,0,0.74334,0.17678,44.600,0.354,-1,400.000,-1,375.000,-1,325.000,325.000,300.000,300.000,-1,500.000,525.000,-1,775.000,750.000,-1,-1,2,0,2,0,2,0,0,0,0,2,0,0,2,0,0,2,2
39,-5648.883,3017.350,115.105,5.213,0.995736,-0.090713,-0.016789,0.089619,0.994328,-0.057276,0.021889,0.055527,0.998217,0,0.73732,0.29678,44.239,0.594,-1,400.000,-1,400.000,-1,325.000,325.000,300.000,300.000,-1,525.000,550.000,-1,800.000,750.000,-1,-1,2,0,2,0,2,0,0,0,0,2,0,0,2,0,0,2,2
40,-5605.174,3021.980,116.125,6.046,0.994304,-0.105172,-0.017295,0.104032,0.992930,-0.057165,0.023185,0.055040,0.998215,0,0.73256,0.41678,43.954,0.834,-1,400.000,-1,400.000,-1,325.000,325.000,300.000,300.000,-1,575.000,575.000,-1,800.000,775.000,-1,-1,2,0,2,0,2,0,0,0,0,2,0,0,2,0,0,2,2
41,-5561.770,3027.401,117.170,7.120,0.992153,-0.123760,-0.017755,0.122571,0.990815,-0.057117,0.024661,0.054492,0.998210,0,0.72902,0.53678,43.741,1.074,-1,400.000,-1,400.000,-1,325.000,325.000,300.000,300.000,-1,600.000,625.000,-1,800.000,775.000,-1,-1,2,0,2,0,2,0,0,0,0,2,0,0,2,0,0,2,2
42,-5518.642,3033.795,118.246,8.433,0.989052,-0.146446,-0.018156,0.145204,0.987750,-0.057145,0.026302,0.053883,0.998201,0,0.72666,0.65678,43.600,1.314,-1,400.000,-1,400.000,-1,325.000,325.000,300.000,300.000,-1,650.000,650.000,-1,825.000,775.000,-1,-1,2,0,2,0,2,0,0,0,0,2,0,0,2,0,0,2,2
43,-5475.777,3041.343,119.362,9.987,0.984717,-0.173178,-0.018482,0.171880,0.983452,-0.057262,0.028093,0.053211,0.998188,0,0.72543,0.77678,43.526,1.554,-1,400.000,-1,400.000,-1,325.000,325.000,300.000,300.000,-1,675.000,675.000,-1,825.000,800.000,-1,-1,2,0,2,0,2,0,0,0,0,2,0,0,2,0,0,2,2
44,-5433.176,3050.227,120.522,11.780,0.978817,-0.203881,-0.018715,0.202526,0.977588,-0.057481,0.030015,0.052473,0.998171,0,0.72529,0.89678,43.517,1.794,-1,400.000,-1,400.000,-1,325.000,325.000,300.000,300.000,-1,725.000,725.000,-1,825.000,800.000,-1,-1,2,0,2,0,2,0,0,0,0,2,0,0,2,0,0,2,2
45,-5390.860,3060.606,121.731,13.780,0.971111,-0.237884,-0.018835,0.236471,0.969918,-0.057807,0.032020,0.051683,0.998150,0,0.72618,1.00000,43.571,2.000,-1,400.000,-1,400.000,-1,325.000,325.000,300.000,300.000,-1,750.000,750.000,-1,825.000,825.000,-1,-1,2,0,2,0,2,0,0,0,0,2,0,0,2,0,0,2,2
46,-5348.832,3072.483,122.992,15.780,0.962226,-0.271599,-0.018847,0.270130,0.961062,-0.058225,0.033927,0.050935,0.998126,0,0.72792,1.00000,43.675,2.000,-1,400.000,-1,400.000,-1,325.000,325.000,300.000,275.000,-1,800.000,800.000,-1,825.000,825.000,-1,-1,2,0,2,0,2,0,0,1,0,2,0,0,2,0,0,2,2
47,-5307.147,3085.850,124.426,17.780,0.952174,-0.304992,-0.018538,0.303500,0.951053,-0.058190,0.035378,0.049780,0.998133,0,0.72960,1.00000,43.776,2.000,-1,400.000,-1,400.000,-1,325.000,325.000,300.000,275.000,-1,850.000,850.000,-1,825.000,825.000,-1,-1,2,0,2,0,2,0,0,1,0,2,0,0,2,0,0,2,2
48,-5265.863,3100.697,125.940,19.780,0.940967,-0.338018,-0.018022,0.336518,0.939886,-0.058046,0.036559,0.048555,0.998151,0,0.73122,1.00000,43.873,2.000,-1,400.000,-1,400.000,-1,325.000,325.000,300.000,275.000,-1,900.000,925.000,-1,825.000,825.000,-1,-1,2,0,2,0,2,0,0,1,0,2,0,0,2,0,0,2,2
49,-5225.035,3117.010,127.494,21.780,0.928616,-0.370634,-0.017412,0.369129,0.927568,-0.057970,0.037636,0.047405,0.998166,0,0.73278,1.00000,43.967,2.000,-1,400.000,-1,400.000,-1,325.000,325.000,300.000,275.000,-1,975.000,1000.000,-1,825.000,825.000,-1,-1,2,0,2,0,2,0,0,1,0,2,0,0,2,0,0,2,2
50,-5184.719,3134.774,129.098,23.780,0.915134,-0.402801,-0.016766,0.401293,0.914117,-0.057922,0.038657,0.046279,0.998180,0,0.73427,1.00000,44.056,2.000,-1,400.000,-1,400.000,-1,325.000,325.000,275.000,275.000,-1,-1,-1,-1,825.000,825.000,-1,-1,2,0,2,0,2,0,0,1,0,2,2,2,2,0,0,2,2
51,-5144.971,3153.972,130.789,25.780,0.900543,-0.434477,-0.015894,0.432970,0.899541,-0.057994,0.039494,0.045344,0.998190,0,0.73570,1.00000,44.142,2.000,-1,400.000,-1,400.000,-1,325.000,325.000,275.000,275.000,-1,-1,-1,-1,825.000,825.000,-1,-1,2,0,2,0,2,0,0,1,0,2,2,2,2,0,0,2,2
52,-5105.845,3174.583,132.539,27.780,0.884858,-0.465623,-0.014893,0.464122,0.883863,-0.058117,0.040224,0.044514,0.998199,0,0.73706,1.00000,44.224,2.000,-1,400.000,-1,400.000,-1,325.000,325.000,275.000,275.000,-1,-1,-1,-1,825.000,825.000,-1,-1,2,0,2,0,2,0,0,1,0,2,2,2,2,0,0,2,2
53,-5067.395,3196.586,134.328,29.780,0.868096,-0.496203,-0.013842,0.494708,0.867105,-0.058250,0.040906,0.043719,0.998206,0,0.73835,1.00000,44.301,2.000,-1,400.000,-1,425.000,-1,325.000,325.000,275.000,300.000,-1,-1,-1,-1,800.000,825.000,-1,-1,2,0,2,0,2,0,0,1,0,2,2,2,2,0,0,2,2
54,-5029.673,3219.956,136.084,31.780,0.850275,-0.526186,-0.012698,0.524714,0.849297,-0.058047,0.041328,0.042694,0.998233,0,0.73958,1.00000,44.375,2.000,-1,400.000,-1,425.000,-1,325.000,325.000,275.000,300.000,-1,-1,-1,-1,800.000,825.000,-1,-1,2,0,2,0,2,0,0,1,0,2,2,2,2,0,0,2,2
55,-4992.732,3244.667,137.936,33.780,0.831421,-0.555522,-0.011554,0.554058,0.830441,-0.058195,0.041924,0.041983,0.998238,0,0.74074,1.00000,44.444,2.000,-1,400.000,-1,425.000,-1,325.000,325.000,250.000,300.000,-1,-1,-1,-1,800.000,825.000,-1,-1,2,0,2,0,2,0,0,1,0,2,2,2,2,0,0,2,2
56,-4956.623,3270.691,139.821,35.780,0.811557,-0.584181,-0.010357,0.582725,0.810569,-0.058386,0.042503,0.041348,0.998240,0,0.74183,1.00000,44.510,2.000,-1,400.000,-1,425.000,-1,325.000,325.000,250.000,300.000,-1,-1,-1,-1,800.000,825.000,-1,-1,2,0,2,0,2,0,0,1,0,2,2,2,2,0,0,2,2
57,-4921.396,3297.997,141.736,37.780,0.790706,-0.612128,-0.009104,0.610679,0.789706,-0.058617,0.043071,0.040790,0.998239,0,0.74286,1.00000,44.571,2.000,-1,400.000,-1,425.000,-1,325.000,325.000,250.000,300.000,-1,-1,-1,-1,800.000,825.000,-1,-1,2,0,2,0,2,0,0,1,0,2,2,2,2,0,0,2,2
58,-4887.099,3326.552,143.678,39.780,0.768895,-0.639328,-0.007788,0.637885,0.767877,-0.058890,0.043630,0.040312,0.998234,0,0.74382,1.00000,44.629,2.000,-1,400.000,-1,425.000,-1,325.000,325.000,250.000,300.000,-1,-1,-1,-1,775.000,825.000,-1,-1,2,0,2,0,2,0,0,1,0,2,2,2,2,0,0,2,2
59,-4853.779,3356.323,145.702,41.780,0.746145,-0.665753,-0.006422,0.664327,0.745115,-0.058931,0.044019,0.039705,0.998241,0,0.74471,1.00000,44.683,2.000,-1,400.000,-1,400.000,-1,325.000,325.000,250.000,300.000,-1,-1,-1,-1,775.000,825.000,-1,-1,2,0,2,0,2,0,0,1,0,2,2,2,2,0,0,2,2
60,-4821.483,3387.272,147.706,43.780,0.722491,-0.691362,-0.004988,0.689945,0.721437,-0.059198,0.044526,0.039328,0.998234,0,0.74554,1.00000,44.732,2.000,-1,400.000,-1,400.000,-1,325.000,325.000,250.000,300.000,-1,-1,-1,-1,775.000,825.000,-1,-1,2,0,2,0,2,0,0,1,0,2,2,2,2,0,0,2,2
61,-4790.254,3419.363,149.698,45.780,0.697965,-0.716124,-0.003468,0.714708,0.696875,-0.059645,0.045130,0.039151,0.998214,0,0.74630,1.00000,44.778,2.000,-1,400.000,-1,400.000,-1,325.000,325.000,250.000,300.000,-1,-1,-1,-1,775.000,800.000,-1,-1,2,0,2,0,2,0,0,1,0,2,2,2,2,0,0,2,2
62,-4760.137,3452.556,151.720,47.780,0.672591,-0.740012,-0.001877,0.738602,0.671462,-0.060058,0.045704,0.039007,0.998193,0,0.74700,1.00000,44.820,2.000,-1,400.000,-1,400.000,-1,325.000,325.000,250.000,300.000,-1,-1,-1,-1,775.000,800.000,-1,-1,2,0,2,0,2,0,0,1,0,2,2,2,2,0,0,2,2
63,-4731.171,3486.809,153.770,49.780,0.646401,-0.762998,-0.000220,0.761595,0.645229,-0.060434,0.046253,0.038898,0.998172,0,0.74765,1.00000,44.859,2.000,-1,400.000,-1,400.000,-1,325.000,325.000,250.000,300.000,-1,-1,-1,-1,775.000,800.000,-1,-1,2,0,2,0,2,0,0,1,0,2,2,2,2,0,0,2,2
64,-4705.317,3519.640,155.770,51.780,0.619414,-0.785064,0.001093,0.783655,0.618218,-0.060762,0.047027,0.038494,0.998152,0,0.69649,1.00000,41.789,2.000,-1,400.000,-1,400.000,-1,325.000,325.000,250.000,300.000,-1,-1,-1,-1,775.000,800.000,-1,-1,2,0,2,0,2,0,0,1,0,2,2,2,2,0,0,2,2
65,-4680.588,3553.403,157.927,53.780,0.591657,-0.806188,0.001843,0.804749,0.590462,-0.061099,0.048169,0.037633,0.998130,0,0.69751,1.00000,41.851,2.000,-1,400.000,-1,400.000,-1,325.000,325.000,250.000,300.000,-1,-1,-1,-1,775.000,800.000,-1,-1,2,0,2,0,2,0,0,1,0,2,2,2,2,0,0,2,2
66,-4657.020,3588.056,160.111,55.780,0.563181,-0.826329,0.002638,0.824861,0.561984,-0.061461,0.049305,0.036790,0.998106,0,0.69848,1.00000,41.909,2.000,-1,400.000,-1,400.000,-1,325.000,325.000,250.000,300.000,-1,-1,-1,-1,775.000,800.000,-1,-1,2,0,2,0,2,0,0,1,0,2,2,2,2,0,0,2,2
67,-4634.646,3623.558,162.341,57.780,0.534018,-0.845466,0.003385,0.843964,0.532821,-0.061859,0.050497,0.035890,0.998079,0,0.69939,1.00000,41.964,2.000,-1,400.000,-1,400.000,-1,325.000,325.000,250.000,300.000,-1,-1,-1,-1,775.000,800.000,-1,-1,2,0,2,0,2,0,0,1,0,2,2,2,2,0,0,2,2
68,-4613.500,3659.862,164.607,59.780,0.504203,-0.863575,0.004120,0.862034,0.503007,-0.062296,0.051725,0.034962,0.998049,0,0.70025,1.00000,42.015,2.000,-1,400.000,-1,400.000,-1,325.000,325.000,250.000,300.000,-1,-1,-1,-1,775.000,825.000,-1,-1,2,0,2,0,2,0,0,1,0,2,2,2,2,0,0,2,2
69,-4593.610,3696.925,166.892,61.780,0.473777,-0.880631,0.004926,0.879052,0.472577,-0.062764,0.052944,0.034066,0.998016,0,0.70105,1.00000,42.063,2.000,-1,400.000,-1,400.000,-1,325.000,325.000,250.000,300.000,-1,-1,-1,-1,775.000,825.000,-1,-1,2,0,2,0,2,0,0,1,0,2,2,2,2,0,0,2,2
70,-4575.006,3734.700,169.194,63.780,0.442776,-0.896613,0.005801,0.894995,0.441568,-0.063258,0.054156,0.033201,0.997980,0,0.70180,1.00000,42.108,2.000,-1,400.000,-1,400.000,-1,325.000,325.000,250.000,300.000,-1,-1,-1,-1,775.000,825.000,-1,-1,2,0,2,0,2,0,0,1,0,2,2,2,2,0,0,2,2
71,-4557.715,3773.140,171.514,65.780,0.411239,-0.911503,0.006742,0.909845,0.410019,-0.063776,0.055368,0.032362,0.997941,0,0.70250,1.00000,42.150,2.000,-1,400.000,-1,400.000,-1,325.000,325.000,250.000,300.000,-1,-1,-1,-1,775.000,825.000,-1,-1,2,0,2,0,2,0,0,1,0,2,2,2,2,0,0,2,2
72,-4541.760,3812.196,173.857,67.780,0.379204,-0.925280,0.007785,0.923583,0.377968,-0.064305,0.056558,0.031575,0.997900,0,0.70316,1.00000,42.189,2.000,-1,400.000,-1,400.000,-1,325.000,325.000,250.000,300.000,-1,-1,900.000,-1,775.000,850.000,-1,-1,2,0,2,0,2,0,0,1,0,2,2,0,2,0,0,2,2
73,-4527.166,3851.820,176.207,69.780,0.346709,-0.937931,0.008839,0.936191,0.345454,-0.064867,0.057788,0.030765,0.997855,0,0.70377,1.00000,42.226,2.000,-1,400.000,-1,400.000,-1,325.000,325.000,250.000,300.000,-1,-1,875.000,-1,800.000,850.000,-1,-1,2,0,2,0,2,0,0,1,0,2,2,0,2,0,0,2,2
74,-4512.276,3896.427,178.793,71.540,0.317768,-0.948116,0.009958,0.946349,0.316491,-0.065253,0.058716,0.030159,0.997819,0,0.78377,0.88000,47.026,1.760,-1,400.000,-1,400.000,-1,325.000,325.000,250.000,300.000,-1,-1,875.000,-1,800.000,850.000,-1,-1,2,0,2,0,2,0,0,1,0,2,2,0,2,0,0,2,2
75,-4497.662,3944.408,181.537,73.060,0.292541,-0.956188,0.011126,0.954405,0.291233,-0.065530,0.059418,0.029789,0.997789,0,0.83596,0.76000,50.158,1.520,-1,400.000,-1,400.000,-1,325.000,325.000,250.000,300.000,-1,-1,875.000,-1,800.000,850.000,-1,-1,2,0,2,0,2,0,0,1,0,2,2,0,2,0,0,2,2
76,-4484.165,3992.554,184.321,74.340,0.271138,-0.962463,0.012206,0.960677,0.269803,-0.065625,0.059869,0.029519,0.997770,0,0.83337,0.64000,50.002,1.280,-1,400.000,-1,400.000,-1,325.000,325.000,275.000,300.000,-1,-1,900.000,-1,800.000,875.000,-1,-1,2,0,2,0,2,0,0,1,0,2,2,0,2,0,0,2,2
77,-4471.597,4040.736,187.211,75.380,0.253627,-0.967214,0.013054,0.965467,0.252292,-0.064981,0.059557,0.029084,0.997801,0,0.82991,0.52000,49.795,1.040,-1,400.000,-1,400.000,-1,325.000,325.000,275.000,300.000,-1,-1,975.000,-1,800.000,875.000,-1,-1,2,0,2,0,2,0,0,1,0,2,2,0,2,0,0,2,2
78,-4459.764,4088.842,190.040,76.180,0.240114,-0.970643,0.014068,0.968949,0.238763,-0.064263,0.059018,0.029061,0.997834,0,0.82565,0.40000,49.539,0.800,-1,400.000,-1,400.000,-1,325.000,325.000,275.000,300.000,-1,-1,-1,-1,800.000,875.000,-1,-1,2,0,2,0,2,0,0,1,0,2,2,2,2,0,0,2,2
79,-4448.471,4136.768,192.844,76.740,0.230636,-0.972924,0.015064,0.971288,0.229264,-0.063549,0.058375,0.029288,0.997865,0,0.82065,0.28000,49.239,0.560,-1,400.000,-1,400.000,-1,325.000,325.000,275.000,300.000,-1,-1,-1,-1,800.000,900.000,-1,-1,2,0,2,0,2,0,0,1,0,2,2,2,2,0,0,2,2
80,-4437.521,4184.425,195.614,77.060,0.225222,-0.974175,0.016048,0.972602,0.223823,-0.062839,0.057625,0.029761,0.997895,0,0.81498,0.16000,48.899,0.320,-1,400.000,-1,400.000,-1,325.000,325.000,275.000,300.000,-1,-1,-1,-1,800.000,900.000,-1,-1,2,0,2,0,2,0,0,1,0,2,2,2,2,0,0,2,2
81,-4426.722,4231.733,198.354,77.140,0.223887,-0.974467,0.016998,0.972962,0.222458,-0.062100,0.056733,0.030441,0.997925,0,0.80875,0.04000,48.525,0.080,-1,400.000,-1,400.000,-1,325.000,325.000,275.000,300.000,-1,-1,-1,-1,800.000,925.000,-1,-1,2,0,2,0,2,0,0,1,0,2,2,2,2,0,0,2,2
82,-4415.881,4278.620,201.057,76.980,0.226633,-0.973815,0.017916,0.972387,0.225173,-0.061326,0.055686,0.031320,0.997957,0,0.80207,-0.08000,48.124,-0.160,-1,400.000,-1,400.000,-1,325.000,325.000,300.000,300.000,-1,-1,-1,-1,800.000,925.000,-1,-1,2,0,2,0,2,0,0,1,0,2,2,2,2,0,0,2,2
83,-4404.810,4325.021,203.701,76.580,0.233455,-0.972185,0.018850,0.970839,0.231957,-0.060566,0.054509,0.032440,0.997986,0,0.79506,-0.20000,47.704,-0.400,-1,400.000,-1,400.000,-1,325.000,325.000,300.000,300.000,-1,-1,-1,-1,800.000,950.000,-1,-1,2,0,2,0,2,0,0,1,0,2,2,2,2,0,0,2,2
84,-4393.326,4370.879,206.282,75.940,0.244330,-0.969490,0.019802,0.968233,0.242791,-0.059817,0.053184,0.033788,0.998013,0,0.78789,-0.32000,47.273,-0.640,1000.000,400.000,-1,400.000,-1,325.000,325.000,300.000,300.000,-1,-1,-1,-1,825.000,950.000,975.000,-1,1,0,2,0,2,0,0,0,0,2,2,2,2,0,0,1,2
85,-4381.251,4416.137,208.790,75.060,0.259221,-0.965594,0.020779,0.964434,0.257638,-0.059077,0.051691,0.035354,0.998037,0,0.78070,-0.44000,46.842,-0.880,950.000,400.000,-1,425.000,-1,325.000,325.000,300.000,300.000,-1,-1,-1,-1,825.000,950.000,925.000,-1,1,0,2,0,2,0,0,0,0,2,2,2,2,0,0,1,2
86,-4368.411,4460.746,211.221,73.940,0.278074,-0.960312,0.021785,0.959257,0.276445,-0.058346,0.050008,0.037121,0.998059,0,0.77366,-0.56000,46.420,-1.120,900.000,400.000,-1,425.000,975.000,325.000,325.000,300.000,300.000,-1,-1,-1,-1,800.000,975.000,875.000,-1,1,0,2,0,1,0,0,0,0,2,2,2,2,1,0,1,2
87,-4354.635,4504.653,213.534,72.580,0.300810,-0.953415,0.022671,0.952465,0.299139,-0.057683,0.048214,0.038945,0.998078,0,0.76697,-0.68000,46.018,-1.360,850.000,400.000,-1,425.000,900.000,325.000,325.000,300.000,300.000,-1,-1,-1,-1,775.000,975.000,825.000,-1,1,0,2,0,1,0,0,0,0,2,2,2,2,1,1,1,2
88,-4339.813,4547.828,215.607,71.051,0.326138,-0.945042,0.023026,0.944193,0.324462,-0.056781,0.046189,0.040259,0.998121,0,0.76080,-0.76471,45.648,-1.529,800.000,400.000,-1,425.000,850.000,325.000,325.000,300.000,300.000,700.000,-1,-1,-1,725.000,950.000,775.000,-1,1,0,2,0,1,0,0,0,0,1,2,2,2,1,1,1,2
89,-4323.940,4590.289,217.508,69.503,0.351509,-0.935897,0.023193,0.935160,0.349858,-0.055459,0.043790,0.041184,0.998192,0,0.75552,-0.77393,45.331,-1.548,750.000,400.000,-1,425.000,800.000,325.000,350.000,300.000,300.000,625.000,-1,-1,-1,700.000,900.000,725.000,-1,1,0,2,0,1,0,0,0,0,1,2,2,2,1,1,1,2
90,-4307.000,4632.082,219.315,67.935,0.376942,-0.925941,0.023414,0.925316,0.375321,-0.054071,0.041278,0.042047,0.998263,0,0.75159,-0.78394,45.095,-1.568,700.000,400.000,-1,425.000,750.000,325.000,350.000,300.000,300.000,575.000,-1,-1,-1,675.000,850.000,700.000,-1,1,0,2,0,1,0,0,0,0,1,2,2,2,1,1,1,2
91,-4287.712,4676.131,221.116,66.352,0.402332,-0.915185,0.023792,0.914677,0.400739,-0.052666,0.038665,0.042951,0.998329,0,0.80144,-0.79144,48.086,-1.583,650.000,425.000,-1,425.000,700.000,350.000,350.000,300.000,300.000,600.000,-1,-1,-1,625.000,825.000,650.000,-1,1,0,2,0,1,0,0,0,0,1,2,2,2,1,1,1,2
92,-4267.354,4719.301,222.769,64.752,0.427695,-0.903597,0.024298,0.903204,0.426128,-0.051348,0.036043,0.043907,0.998385,0,0.79549,-0.80030,47.730,-1.601,600.000,425.000,-1,425.000,650.000,350.000,350.000,300.000,300.000,600.000,-1,-1,-1,600.000,775.000,600.000,925.000,1,0,2,0,1,0,0,0,0,1,2,2,2,1,1,1,1
93,-4245.916,4761.618,224.160,63.132,0.453026,-0.891131,0.025555,0.890891,0.451475,-0.049830,0.032868,0.045341,0.998431,0,0.79062,-0.81004,47.437,-1.620,550.000,425.000,-1,425.000,600.000,350.000,350.000,300.000,300.000,625.000,-1,-1,-1,575.000,750.000,550.000,825.000,1,0,2,0,1,0,0,0,0,1,2,2,2,1,1,1,1
94,-4220.808,4807.426,225.477,61.272,0.481654,-0.875933,0.027414,0.875884,0.480122,-0.048067,0.028941,0.047163,0.998468,0,0.87062,-0.93004,52.237,-1.860,500.000,425.000,-1,425.000,550.000,350.000,350.000,300.000,300.000,625.000,-1,-1,-1,550.000,700.000,500.000,725.000,1,0,2,0,1,0,0,0,0,1,2,2,2,1,1,1,1
95,-4193.319,4853.670,226.673,59.272,0.511850,-0.858571,0.029421,0.858720,0.510356,-0.046215,0.024663,0.048920,0.998498,0,0.89662,-1.00000,53.797,-2.000,425.000,425.000,-1,425.000,475.000,350.000,350.000,300.000,300.000,650.000,-1,-1,-1,525.000,650.000,475.000,650.000,1,0,2,0,1,0,0,0,0,1,2,2,2,1,1,1,1
96,-4164.027,4899.249,227.615,57.272,0.541389,-0.840185,0.031402,0.840537,0.539976,-0.043863,0.019897,0.050142,0.998544,0,0.90298,-1.00000,54.179,-2.000,400.000,425.000,-1,425.000,425.000,350.000,350.000,300.000,300.000,675.000,-1,-1,-1,500.000,600.000,425.000,550.000,1,1,2,1,1,0,0,0,0,1,2,2,2,1,1,1,1
97,-4132.922,4944.124,228.372,55.272,0.570249,-0.820787,0.033523,0.821337,0.568941,-0.041384,0.014895,0.051133,0.998581,0,0.91002,-1.00000,54.601,-2.000,350.000,400.000,-1,400.000,375.000,350.000,350.000,300.000,300.000,700.000,-1,-1,-1,500.000,550.000,375.000,475.000,1,1,2,1,1,0,0,0,0,1,2,2,2,1,1,1,1
98,-4100.023,4988.215,228.937,53.272,0.598396,-0.800400,0.035796,0.801142,0.597216,-0.038789,0.009669,0.051889,0.998606,0,0.91686,-1.00000,55.011,-2.000,300.000,375.000,-1,375.000,325.000,350.000,350.000,300.000,300.000,725.000,-1,-1,-1,500.000,500.000,350.000,400.000,1,1,2,1,1,0,0,0,0,1,2,2,2,1,1,1,1
99,-4062.798,5035.031,229.214,51.512,0.622533,-0.781677,0.037856,0.782580,0.621514,-0.035899,0.004533,0.051974,0.998638,0,0.99686,-0.88000,59.811,-1.760,275.000,350.000,-1,350.000,275.000,350.000,350.000,300.000,275.000,750.000,-1,-1,-1,550.000,475.000,300.000,350.000,1,1,2,1,1,1,1,0,0,1,2,2,2,1,1,1,1
100,-4024.223,5080.988,229.186,49.992,0.642888,-0.764935,0.039621,0.765960,0.642046,-0.032884,-0.000284,0.051489,0.998674,0,1.00000,-0.76000,60.000,-1.520,225.000,350.000,-1,325.000,225.000,325.000,325.000,300.000,275.000,800.000,-1,-1,-1,975.000,425.000,275.000,275.000,1,1,2,1,1,1,1,0,0,1,2,2,2,0,1,1,1
101,-3984.629,5126.069,230.963,48.712,0.659878,-0.750691,0.031986,0.751372,0.659227,-0.029322,0.000926,0.043383,0.999058,0,1.00000,-0.64000,60.000,-1.280,200.000,375.000,-1,300.000,200.000,350.000,300.000,275.000,275.000,850.000,-1,-1,-1,975.000,400.000,225.000,250.000,1,1,2,1,1,1,1,0,1,1,2,2,2,0,1,1,1
102,-3944.224,5170.426,236.358,47.672,0.673689,-0.738814,0.017237,0.738880,0.672937,-0.034832,0.014135,0.036202,0.999245,0,1.00000,-0.52000,60.000,-1.040,175.000,500.000,-1,300.000,225.000,375.000,300.000,300.000,275.000,850.000,-1,-1,-1,-1,425.000,250.000,250.000,1,1,2,1,1,1,1,0,1,1,2,2,2,2,1,1,1
103,-3903.207,5214.218,243.520,46.872,0.684159,-0.729322,0.003941,0.728549,0.683164,-0.050035,0.033800,0.037103,0.998740,0,1.00000,-0.40000,60.000,-0.800,200.000,550.000,-1,325.000,225.000,400.000,325.000,275.000,250.000,875.000,725.000,-1,-1,-1,450.000,-1,275.000,1,1,2,1,1,1,1,1,1,1,0,2,2,2,1,2,1
104,-3861.760,5257.604,249.015,46.312,0.691046,-0.722736,-0.010435,0.721173,0.690379,-0.057324,0.048634,0.032088,0.998301,0,1.00000,-0.28000,60.000,-0.560,275.000,600.000,-1,325.000,225.000,400.000,325.000,225.000,250.000,875.000,225.000,325.000,-1,-1,475.000,-1,275.000,1,1,2,1,1,1,1,1,1,1,0,0,2,2,1,2,1
105,-3820.070,5300.757,252.884,45.992,0.694458,-0.719074,-0.025720,0.717098,0.694603,-0.057423,0.059157,0.021434,0.998019,0,1.00000,-0.16000,60.000,-0.320,-1,650.000,-1,325.000,225.000,425.000,350.000,200.000,250.000,850.000,175.000,250.000,-1,-1,525.000,-1,300.000,2,1,2,1,1,1,1,1,1,1,0,0,2,2,1,2,1
106,-3778.320,5343.850,255.056,45.912,0.694544,-0.718254,-0.041480,0.716403,0.695752,-0.051913,0.066146,0.006340,0.997790,0,1.00000,-0.04000,60.000,-0.080,-1,700.000,-1,350.000,225.000,450.000,350.000,175.000,250.000,825.000,125.000,200.000,-1,-1,625.000,-1,300.000,2,0,2,1,1,1,1,1,1,1,0,0,2,2,1,2,1
107,-3736.693,5387.061,255.673,46.072,0.691434,-0.720150,-0.057470,0.719068,0.693702,-0.041445,0.069714,-0.012668,0.997487,0,1.00000,0.08000,60.000,0.160,-1,700.000,-1,350.000,225.000,450.000,350.000,150.000,225.000,625.000,100.000,200.000,-1,-1,-1,-1,275.000,2,0,2,1,1,1,1,1,1,0,0,0,2,2,2,2,1
108,-3695.314,5430.510,254.912,46.395,0.686207,-0.723637,-0.073959,0.724081,0.689241,-0.025573,0.069481,-0.036004,0.996933,0,1.00000,0.16145,60.000,0.323,-1,675.000,-1,375.000,225.000,450.000,375.000,125.000,225.000,475.000,75.000,225.000,-1,-1,-1,-1,275.000,2,0,2,1,1,1,1,1,1,0,0,0,2,2,2,2,1
109,-3654.168,5474.179,252.687,46.691,0.681419,-0.726158,-0.091446,0.729004,0.684502,-0.003275,0.064973,-0.064433,0.995805,0,1.00000,0.14842,60.000,0.297,-1,625.000,-1,400.000,200.000,450.000,375.000,100.000,225.000,350.000,50.000,250.000,-1,-1,-1,-1,-1,2,0,2,1,1,1,1,1,1,0,0,0,2,2,2,2,2
110,-8855.083,-3607.627,-157.737,-29.485,0.870007,0.492177,0.029133,-0.492183,0.870460,-0.007475,-0.029038,-0.007835,0.999548,1,0.00000,0.00000,60.000,0.268,425.000,375.000,725.000,375.000,-1,325.000,325.000,300.000,300.000,-1,-1,-1,-1,475.000,675.000,425.000,-1,1,1,1,0,2,0,0,0,0,2,2,2,2,1,1,1,2
111,-8850.912,-3610.002,-157.889,-29.657,0.868524,0.494791,0.029105,-0.494802,0.868975,-0.007355,-0.028931,-0.008013,0.999549,0,0.08000,-0.08614,4.800,-0.172,425.000,375.000,725.000,375.000,-1,325.000,325.000,300.000,300.000,-1,-1,-1,-1,450.000,675.000,425.000,-1,1,1,1,0,2,0,0,0,0,2,2,2,2,1,1,1,2
112,-8842.584,-3614.777,-158.186,-29.828,0.867049,0.497375,0.029045,-0.497393,0.867496,-0.007121,-0.028739,-0.008273,0.999553,0,0.16000,-0.08529,9.600,-0.171,425.000,375.000,725.000,375.000,-1,325.000,325.000,300.000,300.000,-1,-1,-1,-1,450.000,675.000,425.000,-1,1,1,1,0,2,0,0,0,0,2,2,2,2,1,1,1,2
113,-8830.113,-3621.976,-158.627,-29.995,0.865591,0.499913,0.028958,-0.499941,0.866033,-0.006772,-0.028464,-0.008616,0.999558,0,0.24000,-0.08392,14.400,-0.168,400.000,375.000,700.000,375.000,-1,325.000,325.000,300.000,300.000,-1,-1,-1,-1,450.000,675.000,400.000,-1,1,1,1,0,2,0,0,0,0,2,2,2,2,1,1,1,2
114,-8813.512,-3631.622,-159.214,-30.160,0.864161,0.502388,0.028849,-0.502430,0.864595,-0.006307,-0.028112,-0.009044,0.999564,0,0.32000,-0.08202,19.200,-0.164,375.000,350.000,700.000,375.000,-1,325.000,325.000,300.000,300.000,-1,-1,-1,-1,425.000,650.000,400.000,-1,1,1,1,0,2,0,0,0,0,2,2,2,2,1,1,1,2
115,-8792.794,-3643.737,-159.947,-30.319,0.862767,0.504785,0.028724,-0.504843,0.863192,-0.005725,-0.027684,-0.009562,0.999571,0,0.40000,-0.07955,24.000,-0.159,375.000,350.000,675.000,375.000,-1,325.000,325.000,300.000,300.000,-1,-1,-1,-1,425.000,650.000,375.000,-1,1,1,1,0,2,0,0,0,0,2,2,2,2,1,1,1,2
116,-8767.972,-3658.342,-160.826,-30.472,0.861422,0.507084,0.028590,-0.507162,0.861836,-0.005023,-0.027187,-0.010173,0.999579,0,0.48000,-0.07648,28.800,-0.153,325.000,325.000,650.000,375.000,-1,325.000,325.000,300.000,300.000,-1,-1,-1,-1,400.000,625.000,350.000,-1,1,1,1,0,2,1,0,0,0,2,2,2,2,1,1,1,2
117,-8739.056,-3675.454,-161.847,-30.617,0.860139,0.509267,0.028429,-0.509365,0.860540,-0.004210,-0.026608,-0.010860,0.999587,0,0.56000,-0.07273,33.600,-0.145,300.000,300.000,600.000,375.000,-1,300.000,325.000,300.000,300.000,-1,-1,-1,-1,375.000,600.000,300.000,-1,1,1,1,0,2,1,0,0,0,2,2,2,2,1,1,1,2
118,-8706.056,-3695.090,-162.860,-30.753,0.858944,0.511315,0.027791,-0.511419,0.859323,-0.003736,-0.025792,-0.011004,0.999607,0,0.64000,-0.06824,38.400,-0.136,275.000,300.000,575.000,400.000,-1,300.000,325.000,300.000,300.000,-1,900.000,-1,-1,350.000,575.000,275.000,-1,1,1,1,0,2,1,0,0,0,2,0,2,2,1,1,1,2
119,-8668.980,-3717.261,-163.900,-30.879,0.857837,0.513202,0.027176,-0.513301,0.858200,-0.003725,-0.025233,-0.010754,0.999624,0,0.72000,-0.06292,43.200,-0.126,225.000,275.000,525.000,400.000,-1,275.000,325.000,300.000,300.000,-1,875.000,1000.000,-1,325.000,525.000,250.000,-1,1,1,1,1,2,1,1,0,0,2,0,0,2,1,1,1,2
120,-8627.833,-3741.978,-165.063,-30.993,0.856840,0.514900,0.026521,-0.514994,0.857186,-0.003684,-0.024631,-0.010501,0.999641,0,0.80000,-0.05666,48.000,-0.113,200.000,250.000,475.000,350.000,-1,250.000,300.000,300.000,300.000,-1,850.000,950.000,-1,300.000,500.000,200.000,-1,1,1,1,1,2,1,1,0,0,2,0,0,2,1,1,1,2
121,-8582.619,-3769.245,-162.451,-31.091,0.856325,0.516395,0.006578,-0.516316,0.856331,-0.010741,-0.011180,0.005801,0.999921,0,0.88000,-0.04933,52.800,-0.099,175.000,225.000,475.000,350.000,-1,225.000,275.000,325.000,300.000,-1,500.000,450.000,-1,275.000,475.000,175.000,-1,1,1,1,1,2,1,1,0,0,2,0,0,2,1,1,1,2
122,-8536.943,-3796.871,-158.540,-31.173,0.855497,0.517425,-0.019917,-0.517766,0.855285,-0.020137,0.006615,0.027539,0.999599,0,0.88967,-0.04075,53.380,-0.082,175.000,225.000,475.000,325.000,-1,225.000,250.000,375.000,275.000,-1,350.000,275.000,-1,275.000,475.000,175.000,-1,1,1,1,1,2,1,1,1,0,2,0,0,2,1,1,1,2
123,-8491.271,-3824.555,-154.627,-31.236,0.854159,0.517929,-0.046491,-0.519438,0.853998,-0.029510,0.024420,0.049355,0.998483,0,0.89012,-0.03148,53.407,-0.063,175.000,225.000,450.000,325.000,-1,225.000,250.000,400.000,275.000,-1,300.000,175.000,725.000,275.000,475.000,175.000,-1,1,1,1,1,2,1,1,1,0,2,0,0,0,1,1,1,2
124,-8445.632,-3852.256,-150.685,-31.279,0.852329,0.517888,-0.072985,-0.521309,0.852483,-0.038848,0.042100,0.071159,0.996576,0,0.88976,-0.02155,53.386,-0.043,175.000,225.000,450.000,300.000,-1,200.000,250.000,400.000,250.000,-1,250.000,125.000,525.000,275.000,500.000,175.000,-1,1,1,1,1,2,1,1,1,0,2,0,0,0,1,1,1,2
125,-8400.064,-3879.930,-146.632,-31.301,0.850062,0.517296,-0.098988,-0.523326,0.850776,-0.048054,0.059358,0.092652,0.993928,0,0.88852,-0.01094,53.311,-0.022,150.000,200.000,500.000,300.000,-1,200.000,225.000,425.000,250.000,-1,225.000,75.000,400.000,275.000,550.000,150.000,-1,1,1,1,1,2,1,1,1,0,2,0,0,0,1,1,1,2
126,4919.510,5575.402,33.364,-139.188,-0.756213,0.651942,0.055793,-0.654205,-0.754957,-0.045342,0.012561,-0.070788,0.997412,1,0.00000,0.00000,53.177,0.001,-1,400.000,-1,375.000,-1,325.000,300.000,300.000,300.000,-1,-1,-1,-1,775.000,700.000,-1,-1,2,0,2,0,2,0,0,0,0,2,2,2,2,0,0,2,2
127,4915.864,5572.280,33.452,-139.428,-0.758923,0.648777,0.055902,-0.651051,-0.757684,-0.045245,0.013002,-0.070733,0.997411,0,0.08000,-0.12000,4.800,-0.240,-1,400.000,-1,375.000,-1,325.000,300.000,300.000,300.000,-1,-1,-1,-1,775.000,700.000,-1,-1,2,0,2,0,2,0,0,0,0,2,2,2,2,0,0,2,2
128,4908.520,5566.097,33.602,-139.908,-0.764294,0.642406,0.056291,-0.644716,-0.763092,-0.045085,0.013993,-0.070749,0.997396,0,0.16000,-0.24000,9.600,-0.480,-1,400.000,-1,375.000,-1,325.000,300.000,300.000,300.000,-1,-1,-1,-1,775.000,700.000,-1,-1,2,0,2,0,2,0,0,0,0,2,2,2,2,0,0,2,2
129,4897.388,5556.962,33.838,-140.628,-0.772252,0.632766,0.056880,-0.635128,-0.771103,-0.044852,0.015480,-0.070763,0.997373,0,0.24000,-0.36000,14.400,-0.720,-1,400.000,-1,375.000,-1,325.000,300.000,300.000,300.000,-1,-1,-1,-1,775.000,700.000,-1,-1,2,0,2,0,2,0,0,0,0,2,2,2,2,0,0,2,2
130,4882.343,5545.033,34.175,-141.588,-0.782671,0.619758,0.057678,-0.622191,-0.781597,-0.044556,0.017467,-0.070759,0.997340,0,0.32000,-0.48000,19.200,-0.960,-1,400.000,-1,375.000,-1,325.000,300.000,300.000,300.000,-1,-1,-1,-1,800.000,725.000,-1,-1,2,0,2,0,2,0,0,0,0,2,2,2,2,0,0,2,2
131,4863.274,5530.459,34.615,-142.608,-0.793499,0.605737,0.058668,-0.608251,-0.792512,-0.044205,0.019719,-0.070762,0.997298,0,0.40000,-0.51033,24.000,-1.021,-1,400.000,-1,375.000,-1,325.000,325.000,300.000,300.000,-1,-1,-1,-1,800.000,725.000,-1,-1,2,0,2,0,2,0,0,0,0,2,2,2,2,0,0,2,2
132,4840.085,5513.377,35.164,-143.623,-0.804002,0.591608,0.059845,-0.594215,-0.803113,-0.043801,0.022150,-0.070777,0.997246,0,0.48000,-0.50729,28.800,-1.015,-1,400.000,-1,375.000,-1,325.000,325.000,300.000,300.000,-1,-1,-1,-1,800.000,725.000,-1,-1,2,0,2,0,2,0,0,0,0,2,2,2,2,0,0,2,2
133,4812.686,5493.928,35.832,-144.631,-0.814173,0.577388,0.061209,-0.580095,-0.813395,-0.043343,0.024762,-0.070796,0.997183,0,0.56000,-0.50399,33.600,-1.008,-1,400.000,-1,375.000,-1,325.000,325.000,300.000,300.000,-1,750.000,-1,-1,800.000,725.000,-1,-1,2,0,2,0,2,0,0,0,0,2,0,2,2,0,0,2,2
134,4780.988,5472.251,36.734,-145.632,-0.824025,0.563071,0.062721,-0.565898,-0.823336,-0.043325,0.027245,-0.071194,0.997090,0,0.64000,-0.50059,38.400,-1.001,-1,400.000,-1,375.000,-1,325.000,325.000,300.000,300.000,-1,625.000,925.000,-1,825.000,750.000,-1,-1,2,0,2,0,2,0,0,0,0,2,0,0,2,0,0,2,2
