timestep,x_cm,y_cm,z_cm,yaw_deg,basis_xx,basis_xy,basis_xz,basis_yx,basis_yy,basis_yz,basis_zx,basis_zy,basis_zz,teleport_flag,throttle_cmd,steering_cmd,cmd_move_cm,cmd_turn_deg,lidar_cm_0,lidar_cm_1,lidar_cm_2,lidar_cm_3,lidar_cm_4,lidar_cm_5,lidar_cm_6,lidar_cm_7,lidar_cm_8,lidar_cm_9,lidar_cm_10,lidar_cm_11,lidar_cm_12,lidar_cm_13,lidar_cm_14,lidar_cm_15,lidar_cm_16,lidar_class_0,lidar_class_1,lidar_class_2,lidar_class_3,lidar_class_4,lidar_class_5,lidar_class_6,lidar_class_7,lidar_class_8,lidar_class_9,lidar_class_10,lidar_class_11,lidar_class_12,lidar_class_13,lidar_class_14,lidar_class_15,lidar_class_16
0,-4922.829,4916.041,-385.530,-134.062,-0.694960,0.718457,0.029165,-0.718705,-0.695310,0.002716,0.022230,-0.019074,0.999571,1,0.08000,-0.12000,4.800,-0.240,-1,375.000,-1,375.000,-1,300.000,300.000,300.000,325.000,-1,275.000,250.000,-1,650.000,650.000,-1,-1,2,0,2,0,2,0,0,0,0,2,0,0,2,0,0,2,2
1,-4929.563,4909.199,-385.356,-134.542,-0.700929,0.712609,0.029792,-0.712853,-0.701306,0.003279,0.023230,-0.018939,0.999551,0,0.16000,-0.24000,9.600,-0.480,-1,375.000,-1,375.000,-1,300.000,300.000,300.000,325.000,-1,275.000,250.000,-1,650.000,650.000,-1,-1,2,0,2,0,2,0,0,0,0,2,0,0,2,0,0,2,2
2,-4939.766,4899.037,-385.085,-135.115,-0.707987,0.705556,0.030723,-0.705794,-0.708405,0.004119,0.024670,-0.018767,0.999519,0,0.24000,-0.28672,14.400,-0.573,-1,375.000,-1,375.000,-1,300.000,300.000,300.000,325.000,-1,250.000,250.000,-1,650.000,675.000,-1,-1,2,0,2,0,2,0,0,0,0,2,0,0,2,0,0,2,2
3,-4953.505,4885.625,-384.676,-135.689,-0.714967,0.698435,0.031788,-0.698659,-0.715435,0.005253,0.026411,-0.018453,0.999481,0,0.32000,-0.28672,19.200,-0.573,-1,375.000,-1,375.000,-1,300.000,300.000,300.000,325.000,-1,250.000,250.000,-1,650.000,675.000,-1,-1,2,0,2,0,2,0,0,0,0,2,0,0,2,0,0,2,2
4,-4970.845,4869.032,-384.000,-136.262,-0.721888,0.691252,0.032376,-0.691441,-0.722402,0.006755,0.028058,-0.017510,0.999453,0,0.40000,-0.28672,24.000,-0.573,-1,375.000,-1,375.000,-1,300.000,300.000,300.000,325.000,-1,275.000,250.000,-1,650.000,675.000,-1,-1,2,0,2,0,2,0,0,0,0,2,0,0,2,0,0,2,2
5,-4991.852,4849.330,-383.147,-136.836,-0.728730,0.683999,0.033129,-0.684146,-0.729296,0.008441,0.029935,-0.016514,0.999415,0,0.48000,-0.28672,28.800,-0.573,-1,375.000,-1,375.000,-1,300.000,300.000,300.000,325.000,-1,275.000,250.000,-1,675.000,675.000,-1,-1,2,0,2,0,2,0,0,0,0,2,0,0,2,0,0,2,2
6,-5016.589,4826.591,-382.076,-137.409,-0.735493,0.676676,0.034055,-0.676779,-0.736116,0.010160,0.031943,-0.015576,0.999368,0,0.56000,-0.28672,33.600,-0.573,-1,375.000,-1,375.000,-1,300.000,300.000,300.000,325.000,-1,300.000,250.000,-1,675.000,675.000,-1,-1,2,0,2,0,2,0,0,0,0,2,0,0,2,0,0,2,2
7,-5045.118,4800.888,-380.804,-137.983,-0.742175,0.669285,0.035137,-0.669335,-0.742863,0.012051,0.034167,-0.014575,0.999310,0,0.64000,-0.28672,38.400,-0.573,-1,375.000,-1,375.000,-1,300.000,300.000,300.000,325.000,-1,300.000,275.000,-1,675.000,675.000,-1,-1,2,0,2,0,2,0,0,0,0,2,0,0,2,0,0,2,2
8,-5077.501,4772.295,-379.314,-138.556,-0.748774,0.661826,0.036371,-0.661814,-0.749535,0.014087,0.036584,-0.013523,0.999239,0,0.72000,-0.28672,43.200,-0.573,-1,375.000,-1,375.000,-1,300.000,300.000,300.000,325.000,-1,325.000,275.000,-1,675.000,675.000,-1,-1,2,0,2,0,2,0,0,0,0,2,0,0,2,0,0,2,2
9,-5112.525,4741.731,-377.642,-138.890,-0.752544,0.657461,0.037730,-0.657384,-0.753383,0.016160,0.039050,-0.012642,0.999157,0,0.77473,-0.16672,46.484,-0.333,-1,375.000,-1,375.000,-1,300.000,300.000,300.000,325.000,-1,325.000,300.000,-1,700.000,675.000,-1,-1,2,0,2,0,2,0,0,0,0,2,0,0,2,0,0,2,2
10,-5147.598,4711.224,-375.899,-138.983,-0.753542,0.656236,0.039098,-0.656096,-0.754460,0.018119,0.041389,-0.011999,0.999071,0,0.77473,-0.04672,46.484,-0.093,-1,375.000,-1,375.000,-1,300.000,300.000,325.000,325.000,-1,350.000,325.000,-1,700.000,700.000,-1,-1,2,0,2,0,2,0,0,0,0,2,0,0,2,0,0,2,2
11,-5182.593,4680.628,-374.068,-138.836,-0.751779,0.658167,0.040556,-0.657968,-0.752782,0.019953,0.043662,-0.011684,0.998978,0,0.77473,0.07328,46.484,0.147,-1,375.000,-1,375.000,-1,300.000,300.000,325.000,325.000,-1,350.000,325.000,-1,700.000,700.000,-1,-1,2,0,2,0,2,0,0,0,0,2,0,0,2,0,0,2,2
12,-5217.380,4649.796,-372.135,-138.450,-0.747228,0.663230,0.042143,-0.662979,-0.748324,0.021686,0.045919,-0.011735,0.998876,0,0.77473,0.19328,46.484,0.387,-1,375.000,-1,375.000,-1,300.000,300.000,325.000,325.000,-1,375.000,350.000,-1,725.000,700.000,-1,-1,2,0,2,0,2,0,0,0,0,2,0,0,2,0,0,2,2
13,-5251.829,4618.586,-370.148,-137.823,-0.739833,0.671371,0.043692,-0.671075,-0.741023,0.023288,0.048011,-0.012091,0.998774,0,0.77473,0.31328,46.484,0.627,-1,375.000,-1,375.000,-1,300.000,300.000,325.000,325.000,-1,375.000,350.000,-1,725.000,700.000,-1,-1,2,0,2,0,2,0,0,0,0,2,0,0,2,0,0,2,2
14,-5285.801,4586.858,-368.111,-136.957,-0.729491,0.682495,0.045196,-0.682165,-0.730779,0.024770,0.049933,-0.012762,0.998671,0,0.77473,0.43328,46.484,0.867,-1,375.000,-1,375.000,-1,325.000,300.000,300.000,325.000,-1,400.000,375.000,-1,725.000,725.000,-1,-1,2,0,2,0,2,0,0,0,0,2,0,0,2,0,0,2,2
15,-5319.154,4554.480,-366.024,-135.850,-0.716066,0.696471,0.046651,-0.696117,-0.717453,0.026139,0.051675,-0.013757,0.998569,0,0.77473,0.55328,46.484,1.107,-1,375.000,-1,375.000,-1,325.000,325.000,300.000,325.000,-1,400.000,375.000,-1,750.000,725.000,-1,-1,2,0,2,0,2,0,0,0,0,2,0,0,2,0,0,2,2
16,-5351.849,4521.436,-363.833,-134.696,-0.701796,0.710775,0.047756,-0.710397,-0.703266,0.027429,0.053081,-0.014676,0.998482,0,0.77473,0.57720,46.484,1.154,-1,400.000,-1,375.000,-1,325.000,325.000,300.000,325.000,-1,425.000,400.000,-1,750.000,725.000,-1,-1,2,0,2,0,2,0,0,0,0,2,0,0,2,0,0,2,2
17,-5383.870,4487.741,-361.388,-133.541,-0.687260,0.724785,0.048582,-0.724422,-0.688790,0.027953,0.053723,-0.015983,0.998428,0,0.77473,0.57720,46.484,1.154,-1,400.000,-1,375.000,-1,325.000,325.000,300.000,325.000,-1,450.000,425.000,-1,775.000,725.000,-1,-1,2,0,2,0,2,0,0,0,0,2,0,0,2,0,0,2,2
18,-5415.207,4453.408,-358.916,-132.387,-0.672443,0.738497,0.049417,-0.738156,-0.674032,0.028398,0.054280,-0.017382,0.998374,0,0.77473,0.57720,46.484,1.154,-1,400.000,-1,375.000,-1,325.000,325.000,300.000,300.000,-1,475.000,475.000,-1,775.000,750.000,-1,-1,2,0,2,0,2,0,0,0,0,2,0,0,2,0,0,2,2
19,-5445.845,4418.450,-356.428,-131.233,-0.657351,0.751907,0.050257,-0.751591,-0.659000,0.028804,0.054777,-0.018838,0.998321,0,0.77473,0.57720,46.484,1.154,-1,400.000,-1,400.000,-1,325.000,325.000,300.000,300.000,-1,500.000,500.000,-1,800.000,750.000,-1,-1,2,0,2,0,2,0,0,0,0,2,0,0,2,0,0,2,2
20,-5475.773,4382.881,-353.925,-130.078,-0.641990,0.765008,0.051104,-0.764723,-0.643699,0.029174,0.055213,-0.020351,0.998267,0,0.77473,0.57720,46.484,1.154,-1,400.000,-1,400.000,-1,325.000,325.000,300.000,300.000,-1,550.000,525.000,-1,800.000,750.000,-1,-1,2,0,2,0,2,0,0,0,0,2,0,0,2,0,0,2,2
21,-5504.978,4346.718,-351.452,-128.924,-0.626380,0.777798,0.051749,-0.777543,-0.628137,0.029507,0.055456,-0.021755,0.998224,0,0.77473,0.57720,46.484,1.154,-1,400.000,-1,400.000,-1,325.000,325.000,300.000,300.000,-1,575.000,550.000,-1,825.000,750.000,-1,-1,2,0,2,0,2,0,0,0,0,2,0,0,2,0,0,2,2
22,-5533.448,4309.973,-349.055,-127.769,-0.610543,0.790276,0.051983,-0.790045,-0.612324,0.029790,0.055372,-0.022881,0.998204,0,0.77473,0.57720,46.484,1.154,-1,400.000,-1,400.000,-1,325.000,325.000,300.000,300.000,-1,600.000,575.000,-1,825.000,750.000,-1,-1,2,0,2,0,2,0,0,0,0,2,0,0,2,0,0,2,2
23,-5561.173,4272.662,-346.659,-126.615,-0.594461,0.802430,0.052166,-0.802228,-0.596263,0.030009,0.055185,-0.024010,0.998187,0,0.77473,0.57720,46.484,1.154,-1,400.000,-1,400.000,-1,325.000,325.000,300.000,300.000,-1,650.000,625.000,-1,825.000,775.000,-1,-1,2,0,2,0,2,0,0,0,0,2,0,0,2,0,0,2,2
24,-5588.140,4234.800,-344.224,-125.461,-0.578142,0.814254,0.052358,-0.814095,-0.579957,0.029976,0.054774,-0.025294,0.998178,0,0.77473,0.57720,46.484,1.154,-1,400.000,-1,400.000,-1,325.000,325.000,300.000,300.000,-1,675.000,650.000,-1,850.000,775.000,-1,-1,2,0,2,0,2,0,0,0,0,2,0,0,2,0,0,2,2
25,-5614.338,4196.402,-341.784,-124.306,-0.561592,0.825745,0.052530,-0.825635,-0.563416,0.029837,0.054234,-0.026614,0.998174,0,0.77473,0.57720,46.484,1.154,-1,400.000,-1,400.000,-1,325.000,325.000,300.000,300.000,-1,725.000,700.000,-1,850.000,775.000,-1,-1,2,0,2,0,2,0,0,0,0,2,0,0,2,0,0,2,2
26,-5639.758,4157.484,-339.348,-123.152,-0.544819,0.836899,0.052662,-0.836838,-0.546646,0.029670,0.053618,-0.027905,0.998172,0,0.77473,0.57720,46.484,1.154,-1,400.000,-1,400.000,-1,325.000,325.000,300.000,300.000,-1,750.000,750.000,-1,850.000,775.000,-1,-1,2,0,2,0,2,0,0,0,0,2,0,0,2,0,0,2,2
27,-5664.389,4118.063,-336.919,-121.997,-0.527829,0.847711,0.052746,-0.847702,-0.529655,0.029442,0.052895,-0.029173,0.998174,0,0.77473,0.57720,46.484,1.154,-1,400.000,-1,400.000,-1,325.000,325.000,300.000,300.000,-1,800.000,800.000,-1,875.000,800.000,-1,-1,2,0,2,0,2,0,0,0,0,2,0,0,2,0,0,2,2
28,-5688.220,4078.153,-334.505,-120.843,-0.510629,0.858177,0.052820,-0.858222,-0.512450,0.029154,0.052087,-0.030445,0.998178,0,0.77473,0.57720,46.484,1.154,-1,400.000,-1,400.000,-1,325.000,325.000,300.000,300.000,-1,850.000,850.000,-1,875.000,800.000,-1,-1,2,0,2,0,2,0,0,0,0,2,0,0,2,0,0,2,2
29,-5711.242,4037.770,-332.112,-119.689,-0.493223,0.868292,0.052911,-0.868395,-0.495036,0.028810,0.051209,-0.031738,0.998184,0,0.77473,0.57720,46.484,1.154,-1,425.000,-1,400.000,-1,325.000,325.000,300.000,300.000,-1,900.000,925.000,-1,900.000,800.000,-1,-1,2,0,2,0,2,0,0,0,0,2,0,0,2,0,0,2,2
30,-5733.446,3996.933,-329.911,-118.534,-0.475618,0.878032,0.053370,-0.878247,-0.477411,0.027591,0.049705,-0.033750,0.998194,0,0.77473,0.57720,46.484,1.154,-1,425.000,-1,400.000,-1,325.000,325.000,300.000,300.000,-1,975.000,1000.000,-1,900.000,800.000,-1,-1,2,0,2,0,2,0,0,0,0,2,0,0,2,0,0,2,2
31,-5754.822,3955.656,-327.826,-117.380,-0.457823,0.887397,0.054087,-0.887756,-0.459586,0.025884,0.047827,-0.036166,0.998201,0,0.77473,0.57720,46.484,1.154,-1,425.000,-1,400.000,-1,325.000,325.000,300.000,300.000,-1,-1,-1,-1,900.000,800.000,-1,-1,2,0,2,0,2,0,0,0,0,2,2,2,2,0,0,2,2
32,-5775.363,3913.957,-325.763,-116.225,-0.439848,0.896394,0.054879,-0.896899,-0.441575,0.024158,0.045889,-0.038595,0.998201,0,0.77473,0.57720,46.484,1.154,-1,425.000,-1,400.000,-1,325.000,325.000,300.000,300.000,-1,-1,-1,-1,900.000,800.000,-1,-1,2,0,2,0,2,0,0,0,0,2,2,2,2,0,0,2,2
33,-5795.059,3871.852,-323.724,-115.071,-0.421699,0.905020,0.055748,-0.905673,-0.423384,0.022418,0.043892,-0.041035,0.998193,0,0.77473,0.57720,46.484,1.154,-1,425.000,-1,400.000,-1,325.000,325.000,300.000,300.000,-1,-1,-1,-1,900.000,800.000,-1,-1,2,0,2,0,2,0,0,0,0,2,2,2,2,0,0,2,2
34,-5816.045,3825.059,-321.631,-114.157,-0.407208,0.911588,0.056470,-0.912357,-0.408855,0.021024,0.042253,-0.042960,0.998183,0,0.85473,0.45720,51.284,0.914,-1,425.000,-1,400.000,-1,325.000,325.000,300.000,300.000,-1,-1,-1,-1,900.000,825.000,-1,-1,2,0,2,0,2,0,0,0,0,2,2,2,2,0,0,2,2
35,-5838.063,3774.375,-319.594,-113.482,-0.396519,0.916294,0.056379,-0.917148,-0.398078,0.019332,0.040157,-0.044043,0.998222,0,0.92101,0.33720,55.261,0.674,-1,400.000,-1,400.000,-1,325.000,325.000,300.000,300.000,-1,-1,-1,-1,900.000,800.000,-1,-1,2,0,2,0,2,0,0,0,0,2,2,2,2,0,0,2,2
36,-5859.697,3723.525,-317.677,-113.048,-0.389662,0.919266,0.055798,-0.920177,-0.391111,0.017510,0.037920,-0.044521,0.998289,0,0.92101,0.21720,55.261,0.434,-1,400.000,-1,400.000,-1,325.000,325.000,300.000,300.000,-1,-1,-1,-1,900.000,800.000,-1,-1,2,0,2,0,2,0,0,0,0,2,2,2,2,0,0,2,2
37,-5881.159,3672.602,-315.754,-112.853,-0.386640,0.920575,0.055239,-0.921532,-0.387985,0.015710,0.035894,-0.044830,0.998350,0,0.92101,0.09720,55.261,0.194,-1,400.000,-1,400.000,-1,325.000,325.000,300.000,300.000,-1,-1,-1,-1,900.000,800.000,-1,-1,2,0,2,0,2,0,0,0,0,2,2,2,2,0,0,2,2
38,-5902.661,3621.697,-313.820,-112.899,-0.387470,0.920261,0.054651,-0.921253,-0.388715,0.013935,0.034068,-0.044948,0.998408,0,0.92101,-0.02280,55.261,-0.046,-1,400.000,-1,400.000,-1,325.000,325.000,300.000,300.000,-1,-1,-1,-1,900.000,800.000,-1,-1,2,0,2,0,2,0,0,0,0,2,2,2,2,0,0,2,2
39,-5924.417,3570.899,-311.859,-113.185,-0.392147,0.918315,0.054026,-0.919330,-0.393299,0.012204,0.032455,-0.044882,0.998465,0,0.92101,-0.14280,55.261,-0.286,-1,400.000,-1,400.000,-1,325.000,325.000,300.000,300.000,-1,-1,-1,-1,900.000,800.000,-1,-1,2,0,2,0,2,0,0,0,0,2,2,2,2,0,0,2,2
40,-5946.638,3520.302,-309.860,-113.710,-0.400647,0.914678,0.053344,-0.915706,-0.401711,0.010531,0.031062,-0.044628,0.998521,0,0.92101,-0.26280,55.261,-0.526,-1,400.000,-1,400.000,-1,325.000,325.000,300.000,300.000,-1,-1,-1,-1,875.000,775.000,-1,-1,2,0,2,0,2,0,0,0,0,2,2,2,2,0,0,2,2
41,-5969.533,3470.008,-307.810,-114.476,-0.412922,0.909248,0.052574,-0.910276,-0.413905,0.008933,0.029883,-0.044168,0.998577,0,0.92101,-0.38280,55.261,-0.766,-1,400.000,-1,400.000,-1,325.000,325.000,300.000,300.000,-1,-1,-1,-1,875.000,775.000,-1,-1,2,0,2,0,2,0,0,0,0,2,2,2,2,0,0,2,2
42,-5993.307,3420.122,-305.806,-115.481,-0.428873,0.901853,0.052239,-0.902891,-0.429804,0.007556,0.029266,-0.043925,0.998606,0,0.92101,-0.50280,55.261,-1.006,-1,400.000,-1,400.000,-1,325.000,325.000,325.000,300.000,-1,-1,-1,-1,875.000,775.000,-1,-1,2,0,2,0,2,0,0,0,0,2,2,2,2,0,0,2,2
43,-6018.160,3370.765,-304.027,-116.727,-0.448349,0.892268,0.053301,-0.893361,-0.449292,0.006593,0.029830,-0.044661,0.998557,0,0.92101,-0.62280,55.261,-1.246,-1,425.000,-1,400.000,-1,325.000,325.000,325.000,300.000,-1,-1,-1,-1,850.000,775.000,-1,-1,2,0,2,0,2,0,0,0,0,2,2,2,2,0,0,2,2
44,-6044.284,3322.069,-302.438,-118.213,-0.471322,0.880255,0.054832,-0.881460,-0.472239,0.004366,0.029737,-0.046274,0.998486,0,0.92101,-0.74280,55.261,-1.486,-1,400.000,-1,400.000,-1,325.000,325.000,300.000,300.000,-1,-1,-1,-1,850.000,775.000,-1,-1,2,0,2,0,2,0,0,0,0,2,2,2,2,0,0,2,2
45,-6071.862,3274.182,-300.780,-119.938,-0.497611,0.865576,0.056224,-0.866889,-0.498498,0.002036,0.029790,-0.047727,0.998416,0,0.92101,-0.86280,55.261,-1.726,-1,400.000,-1,400.000,-1,325.000,325.000,300.000,300.000,-1,-1,-1,-1,825.000,775.000,-1,-1,2,0,2,0,2,0,0,0,0,2,2,2,2,0,0,2,2
46,-6101.067,3227.268,-298.992,-121.904,-0.527005,0.847925,0.057347,-0.849327,-0.527866,-0.000150,0.030145,-0.048785,0.998354,0,0.92101,-0.98280,55.261,-1.966,-1,400.000,-1,400.000,-1,325.000,325.000,300.000,300.000,-1,-1,-1,-1,825.000,775.000,-1,-1,2,0,2,0,2,0,0,0,0,2,2,2,2,0,0,2,2
47,-6131.891,3181.403,-297.205,-123.904,-0.556268,0.828976,0.058013,-0.830424,-0.557130,-0.001563,0.031025,-0.049045,0.998315,0,0.92101,-1.00000,55.261,-2.000,-1,400.000,-1,400.000,-1,325.000,325.000,300.000,300.000,-1,-1,-1,-1,800.000,775.000,-1,-1,2,0,2,0,2,0,0,0,0,2,2,2,2,0,0,2,2
48,-6164.298,3136.641,-295.395,-125.904,-0.584845,0.809044,0.058336,-0.810500,-0.585734,-0.002282,0.032323,-0.048616,0.998294,0,0.92101,-1.00000,55.261,-2.000,-1,400.000,-1,400.000,-1,325.000,325.000,325.000,300.000,-1,-1,-1,-1,800.000,775.000,-1,-1,2,0,2,0,2,0,0,0,0,2,2,2,2,0,0,2,2
49,-6198.248,3093.038,-293.444,-127.904,-0.612714,0.788136,0.058517,-0.789587,-0.613632,-0.002821,0.033685,-0.047933,0.998282,0,0.92101,-1.00000,55.261,-2.000,-1,400.000,-1,400.000,-1,325.000,325.000,325.000,300.000,-1,-1,-1,-1,800.000,775.000,-1,-1,2,0,2,0,2,0,0,0,0,2,2,2,2,0,0,2,2
50,-6233.699,3050.647,-291.362,-129.904,-0.639839,0.766273,0.058582,-0.767708,-0.640792,-0.003213,0.035077,-0.047030,0.998277,0,0.92101,-1.00000,55.261,-2.000,-1,400.000,-1,400.000,-1,325.000,325.000,325.000,325.000,-1,-1,-1,-1,800.000,775.000,-1,-1,2,0,2,0,2,0,0,0,0,2,2,2,2,0,0,2,2
51,-6270.607,3009.518,-289.345,-131.904,-0.666221,0.743478,0.058223,-0.744890,-0.667176,-0.003959,0.035902,-0.046007,0.998296,0,0.92101,-1.00000,55.261,-2.000,-1,400.000,-1,400.000,-1,325.000,325.000,325.000,300.000,-1,-1,-1,-1,800.000,775.000,-1,-1,2,0,2,0,2,0,0,0,0,2,2,2,2,0,0,2,2
52,-6308.928,2969.703,-287.238,-133.904,-0.691800,0.719784,0.057658,-0.721157,-0.692757,-0.004536,0.036678,-0.044718,0.998326,0,0.92101,-1.00000,55.261,-2.000,-1,400.000,-1,400.000,-1,325.000,325.000,325.000,300.000,-1,-1,-1,-1,775.000,775.000,-1,-1,2,0,2,0,2,0,0,0,0,2,2,2,2,0,0,2,2
53,-6348.616,2931.249,-285.010,-135.904,-0.716538,0.695212,0.057042,-0.696541,-0.717500,-0.004964,0.037477,-0.043289,0.998359,0,0.92101,-1.00000,55.261,-2.000,-1,400.000,-1,400.000,-1,325.000,325.000,325.000,300.000,-1,-1,-1,-1,775.000,750.000,-1,-1,2,0,2,0,2,0,0,0,0,2,2,2,2,0,0,2,2
54,-6389.621,2894.204,-282.934,-137.904,-0.740326,0.669762,0.057758,-0.671106,-0.741341,-0.005468,0.039156,-0.042810,0.998316,0,0.92101,-1.00000,55.261,-2.000,-1,400.000,-1,400.000,-1,325.000,325.000,325.000,300.000,-1,-1,-1,-1,775.000,775.000,-1,-1,2,0,2,0,2,0,0,0,0,2,2,2,2,0,0,2,2
55,-6431.894,2858.612,-280.768,-139.904,-0.763207,0.643496,0.058549,-0.644857,-0.764280,-0.005944,0.040923,-0.042292,0.998267,0,0.92101,-1.00000,55.261,-2.000,-1,400.000,-1,400.000,-1,325.000,325.000,325.000,300.000,-1,-1,-1,-1,775.000,775.000,-1,-1,2,0,2,0,2,0,0,0,0,2,2,2,2,0,0,2,2
56,-6475.384,2824.517,-278.462,-141.904,-0.785169,0.616451,0.059145,-0.617815,-0.786298,-0.006339,0.042598,-0.041518,0.998229,0,0.92101,-1.00000,55.261,-2.000,-1,400.000,-1,400.000,-1,325.000,325.000,325.000,325.000,-1,-1,-1,-1,775.000,775.000,-1,-1,2,0,2,0,2,0,0,0,0,2,2,2,2,0,0,2,2
57,-6520.037,2791.961,-276.048,-143.904,-0.806193,0.588661,0.059422,-0.590008,-0.807371,-0.006603,0.044088,-0.040382,0.998211,0,0.92101,-1.00000,55.261,-2.000,-1,400.000,-1,400.000,-1,325.000,325.000,325.000,325.000,-1,-1,-1,-1,775.000,775.000,-1,-1,2,0,2,0,2,0,0,0,0,2,2,2,2,0,0,2,2
58,-6565.799,2760.983,-273.512,-145.904,-0.826248,0.560158,0.059479,-0.561470,-0.827469,-0.006734,0.045444,-0.038960,0.998207,0,0.92101,-1.00000,55.261,-2.000,-1,400.000,-1,400.000,-1,325.000,325.000,325.000,325.000,-1,-1,-1,-1,775.000,775.000,-1,-1,2,0,2,0,2,0,0,0,0,2,2,2,2,0,0,2,2
59,-6612.614,2731.621,-270.853,-147.904,-0.845309,0.530972,0.059346,-0.532236,-0.846569,-0.006723,0.046671,-0.037269,0.998215,0,0.92101,-1.00000,55.261,-2.000,-1,400.000,-1,400.000,-1,325.000,325.000,325.000,325.000,-1,-1,-1,-1,800.000,775.000,-1,-1,2,0,2,0,2,0,0,0,0,2,2,2,2,0,0,2,2
60,-6661.301,2703.404,-268.066,-149.904,-0.863339,0.501137,0.059218,-0.502347,-0.864641,-0.006623,0.047883,-0.035466,0.998223,0,0.93788,-1.00000,56.273,-2.000,-1,400.000,-1,400.000,-1,325.000,325.000,325.000,300.000,-1,-1,-1,-1,800.000,775.000,-1,-1,2,0,2,0,2,0,0,0,0,2,2,2,2,0,0,2,2
61,-6710.943,2676.903,-265.273,-151.904,-0.880306,0.470682,0.059317,-0.471851,-0.881653,-0.006660,0.049163,-0.033852,0.998217,0,0.93788,-1.00000,56.273,-2.000,-1,400.000,-1,400.000,-1,325.000,325.000,325.000,300.000,-1,-1,-1,-1,800.000,775.000,-1,-1,2,0,2,0,2,0,0,0,0,2,2,2,2,0,0,2,2
62,-6761.480,2652.150,-262.524,-153.904,-0.896220,0.439645,0.059188,-0.440792,-0.897580,-0.007279,0.049925,-0.032613,0.998220,0,0.93788,-1.00000,56.273,-2.000,-1,400.000,-1,400.000,-1,325.000,325.000,325.000,300.000,-1,-1,-1,-1,800.000,750.000,-1,-1,2,0,2,0,2,0,0,0,0,2,2,2,2,0,0,2,2
63,-6812.849,2629.176,-259.734,-155.904,-0.911051,0.408068,0.058887,-0.409195,-0.912412,-0.008009,0.050461,-0.031393,0.998233,0,0.93788,-1.00000,56.273,-2.000,-1,400.000,-1,400.000,-1,325.000,325.000,300.000,325.000,-1,-1,-1,-1,775.000,750.000,-1,-1,2,0,2,0,2,0,0,0,0,2,2,2,2,0,0,2,2
64,-6864.989,2608.009,-256.868,-157.904,-0.924777,0.375992,0.058464,-0.377091,-0.926136,-0.008638,0.050898,-0.030035,0.998252,0,0.93788,-1.00000,56.273,-2.000,-1,400.000,-1,400.000,-1,325.000,325.000,300.000,325.000,-1,-1,-1,-1,775.000,750.000,-1,-1,2,0,2,0,2,0,0,0,0,2,2,2,2,0,0,2,2
65,-6917.836,2588.674,-254.028,-159.904,-0.937370,0.343460,0.058077,-0.344504,-0.938744,-0.008724,0.051523,-0.028185,0.998274,0,0.93788,-1.00000,56.273,-2.000,-1,400.000,-1,400.000,-1,325.000,325.000,300.000,300.000,-1,-1,-1,-1,775.000,750.000,-1,-1,2,0,2,0,2,0,0,0,0,2,2,2,2,0,0,2,2
66,-6971.325,2571.196,-251.124,-161.904,-0.948823,0.310506,0.057632,-0.311487,-0.950211,-0.008683,0.052067,-0.026190,0.998300,0,0.93788,-1.00000,56.273,-2.000,-1,400.000,-1,400.000,-1,325.000,325.000,300.000,300.000,-1,-1,-1,-1,775.000,750.000,-1,-1,2,0,2,0,2,0,0,0,0,2,2,2,2,0,0,2,2
67,-7025.392,2555.595,-248.147,-163.904,-0.959122,0.277169,0.057119,-0.278084,-0.960519,-0.008578,0.052486,-0.024111,0.998331,0,0.93788,-1.00000,56.273,-2.000,-1,400.000,-1,400.000,-1,325.000,325.000,300.000,300.000,-1,-1,-1,-1,775.000,750.000,-1,-1,2,0,2,0,2,0,0,0,0,2,2,2,2,0,0,2,2
68,-7079.970,2541.890,-245.100,-165.904,-0.968253,0.243491,0.056547,-0.244334,-0.969655,-0.008402,0.052786,-0.021952,0.998365,0,0.93788,-1.00000,56.273,-2.000,-1,400.000,-1,375.000,-1,325.000,325.000,300.000,300.000,-1,-1,-1,-1,775.000,725.000,-1,-1,2,0,2,0,2,0,0,0,0,2,2,2,2,0,0,2,2
69,-7134.994,2530.098,-241.988,-167.904,-0.976205,0.209512,0.055930,-0.210280,-0.977607,-0.008149,0.052970,-0.019716,0.998401,0,0.93788,-1.00000,56.273,-2.000,-1,400.000,-1,375.000,-1,325.000,325.000,300.000,300.000,-1,-1,-1,-1,750.000,725.000,-1,-1,2,0,2,0,2,0,0,0,0,2,2,2,2,0,0,2,2
70,-7190.395,2520.234,-238.811,-169.904,-0.982958,0.175274,0.055425,-0.175965,-0.984365,-0.007820,0.053188,-0.017439,0.998432,0,0.93788,-1.00000,56.273,-2.000,-1,375.000,-1,375.000,-1,325.000,325.000,300.000,300.000,-1,-1,-1,-1,750.000,725.000,-1,-1,2,0,2,0,2,0,0,0,0,2,2,2,2,0,0,2,2
71,-7246.107,2512.309,-235.508,-171.904,-0.988485,0.140817,0.055397,-0.141458,-0.989914,-0.007794,0.053741,-0.015541,0.998434,0,0.93788,-1.00000,56.273,-2.000,-1,375.000,-1,375.000,-1,325.000,325.000,300.000,300.000,-1,-1,-1,-1,750.000,725.000,-1,-1,2,0,2,0,2,0,0,0,0,2,2,2,2,0,0,2,2
72,-7302.061,2506.334,-232.247,-173.904,-0.992755,0.106187,0.056228,-0.106797,-0.994249,-0.007951,0.055060,-0.013899,0.998386,0,0.93788,-1.00000,56.273,-2.000,-1,375.000,-1,375.000,-1,325.000,325.000,300.000,300.000,-1,-1,-1,-1,750.000,700.000,-1,-1,2,0,2,0,2,0,0,0,0,2,2,2,2,0,0,2,2
73,-7358.190,2502.314,-228.929,-175.904,-0.995809,0.071425,0.057119,-0.071997,-0.997373,-0.008027,0.056396,-0.012106,0.998335,0,0.93788,-1.00000,56.273,-2.000,-1,375.000,-1,375.000,-1,325.000,325.000,325.000,300.000,-1,-1,-1,-1,750.000,700.000,-1,-1,2,0,2,0,2,0,0,0,0,2,2,2,2,0,0,2,2
74,-7414.426,2500.256,-225.580,-177.904,-0.997645,0.036574,0.058018,-0.037106,-0.999278,-0.008119,0.057679,-0.010252,0.998283,0,0.93788,-1.00000,56.273,-2.000,-1,375.000,-1,375.000,-1,325.000,325.000,325.000,325.000,-1,-1,-1,-1,725.000,700.000,-1,-1,2,0,2,0,2,0,0,0,0,2,2,2,2,0,0,2,2
75,-7470.698,2500.162,-222.200,-179.904,-0.998261,0.001678,0.058927,-0.002166,-0.999964,-0.008223,0.058912,-0.008336,0.998228,0,0.93788,-1.00000,56.273,-2.000,-1,375.000,-1,375.000,-1,325.000,325.000,325.000,325.000,-1,-1,-1,-1,725.000,700.000,-1,-1,2,0,2,0,2,0,0,0,0,2,2,2,2,0,0,2,2
76,-7526.940,2502.031,-218.794,-181.904,-0.997654,-0.033222,0.059853,0.032781,-0.999428,-0.008338,0.060096,-0.006356,0.998172,0,0.93788,-1.00000,56.273,-2.000,-1,400.000,-1,375.000,-1,325.000,325.000,325.000,325.000,-1,-1,-1,-1,725.000,700.000,-1,-1,2,0,2,0,2,0,0,0,0,2,2,2,2,0,0,2,2
77,-7583.082,2505.863,-215.363,-183.904,-0.995825,-0.068082,0.060800,0.067691,-0.997670,-0.008463,0.061235,-0.004312,0.998114,0,0.93788,-1.00000,56.273,-2.000,-1,375.000,-1,375.000,-1,325.000,325.000,325.000,325.000,-1,-1,-1,-1,725.000,700.000,-1,-1,2,0,2,0,2,0,0,0,0,2,2,2,2,0,0,2,2
78,-7639.056,2511.651,-211.911,-185.904,-0.992776,-0.102859,0.061774,0.102523,-0.994693,-0.008597,0.062331,-0.002202,0.998053,0,0.93788,-1.00000,56.273,-2.000,-1,375.000,-1,375.000,-1,325.000,325.000,325.000,325.000,-1,-1,-1,-1,725.000,700.000,-1,-1,2,0,2,0,2,0,0,0,0,2,2,2,2,0,0,2,2
79,-7694.795,2519.389,-208.443,-187.904,-0.988509,-0.137511,0.062769,0.137233,-0.990500,-0.008751,0.063376,-0.000037,0.997990,0,0.93788,-1.00000,56.273,-2.000,-1,375.000,-1,375.000,-1,325.000,325.000,325.000,325.000,-1,-1,-1,-1,700.000,700.000,-1,-1,2,0,2,0,2,0,0,0,0,2,2,2,2,0,0,2,2
80,-7750.229,2529.067,-205.024,-189.904,-0.983046,-0.171995,0.063548,0.171763,-0.985096,-0.009140,0.064173,0.001930,0.997937,0,0.93788,-1.00000,56.273,-2.000,-1,375.000,-1,375.000,-1,325.000,325.000,325.000,325.000,-1,-1,-1,-1,700.000,700.000,-1,-1,2,0,2,0,2,0,0,0,0,2,2,2,2,0,0,2,2
81,-7805.291,2540.674,-201.592,-191.904,-0.976380,-0.206269,0.064299,0.206087,-0.978487,-0.009516,0.064879,0.003960,0.997885,0,0.93788,-1.00000,56.273,-2.000,-1,375.000,-1,375.000,-1,300.000,300.000,325.000,325.000,-1,-1,-1,-1,700.000,700.000,-1,-1,2,0,2,0,2,0,0,0,0,2,2,2,2,0,0,2,2
82,-7859.916,2554.196,-197.892,-193.904,-0.968490,-0.240287,0.065497,0.240228,-0.970676,-0.008896,0.065714,0.007118,0.997813,0,0.93788,-1.00000,56.273,-2.000,-1,375.000,-1,375.000,-1,300.000,300.000,325.000,325.000,-1,-1,-1,-1,700.000,700.000,-1,-1,2,0,2,0,2,0,0,0,0,2,2,2,2,0,0,2,2
83,-7914.035,2569.615,-194.111,-195.904,-0.959383,-0.274009,0.067104,0.274096,-0.961668,-0.008075,0.066745,0.010646,0.997713,0,0.93788,-1.00000,56.273,-2.000,-1,375.000,-1,375.000,-1,300.000,300.000,325.000,300.000,-1,-1,-1,-1,700.000,725.000,-1,-1,2,0,2,0,2,0,0,0,0,2,2,2,2,0,0,2,2
84,-7967.583,2586.914,-190.191,-197.904,-0.949127,-0.307392,0.068324,0.307601,-0.951484,-0.007706,0.067378,0.013703,0.997633,0,0.93788,-1.00000,56.273,-2.000,-1,375.000,-1,375.000,-1,300.000,300.000,325.000,300.000,-1,-1,-1,-1,700.000,725.000,-1,-1,2,0,2,0,2,0,0,0,0,2,2,2,2,0,0,2,2
85,-8020.494,2606.071,-186.054,-199.904,-0.937681,-0.340400,0.069877,0.340672,-0.940145,-0.008344,0.068534,0.015981,0.997521,0,0.93788,-1.00000,56.273,-2.000,-1,375.000,-1,375.000,-1,300.000,300.000,325.000,325.000,-1,-1,800.000,-1,700.000,750.000,-1,-1,2,0,2,0,2,0,0,0,0,2,2,0,2,0,0,2,2
86,-8068.332,2625.072,-182.391,-201.664,-0.926665,-0.369098,0.071123,0.369463,-0.929207,-0.008429,0.069199,0.018467,0.997432,0,0.85788,-0.88000,51.473,-1.760,-1,375.000,-1,375.000,-1,300.000,300.000,325.000,325.000,-1,925.000,775.000,-1,700.000,750.000,-1,-1,2,0,2,0,2,0,0,0,0,2,0,0,2,0,0,2,2
87,-8115.636,2645.330,-178.762,-203.184,-0.916432,-0.393598,0.072337,0.394060,-0.919047,-0.008374,0.069777,0.020831,0.997345,0,0.85766,-0.76000,51.460,-1.520,-1,375.000,-1,375.000,-1,300.000,300.000,325.000,325.000,-1,900.000,750.000,-1,725.000,775.000,-1,-1,2,0,2,0,2,0,0,0,0,2,0,0,2,0,0,2,2
88,-8162.476,2666.640,-175.139,-204.464,-0.907295,-0.414010,0.073559,0.414564,-0.909982,-0.008287,0.070368,0.022976,0.997256,0,0.85766,-0.64000,51.460,-1.280,-1,375.000,-1,400.000,-1,300.000,300.000,325.000,325.000,-1,900.000,750.000,-1,725.000,775.000,-1,-1,2,0,2,0,2,0,0,0,0,2,0,0,2,0,0,2,2
89,-8208.922,2688.796,-171.552,-205.504,-0.899512,-0.430440,0.074826,0.431071,-0.902280,-0.008337,0.071103,0.024757,0.997162,0,0.85766,-0.52000,51.460,-1.040,-1,375.000,-1,400.000,-1,300.000,300.000,325.000,325.000,-1,875.000,725.000,-1,725.000,800.000,-1,-1,2,0,2,0,2,0,0,0,0,2,0,0,2,0,0,2,2
90,-8255.054,2711.599,-167.989,-206.304,-0.893294,-0.442980,0.076123,0.443672,-0.896149,-0.008484,0.071976,0.026195,0.997062,0,0.85766,-0.40000,51.460,-0.800,-1,375.000,-1,400.000,-1,300.000,325.000,325.000,325.000,-1,825.000,700.000,-1,725.000,800.000,-1,-1,2,0,2,0,2,0,0,0,0,2,0,0,2,0,0,2,2
91,-8300.961,2734.852,-164.423,-206.864,-0.888803,-0.451703,0.077420,0.452450,-0.891748,-0.008611,0.072929,0.027375,0.996961,0,0.85766,-0.28000,51.460,-0.560,-1,375.000,-1,400.000,-1,300.000,325.000,300.000,325.000,-1,800.000,675.000,-1,725.000,825.000,-1,-1,2,0,2,0,2,0,0,0,0,2,0,0,2,0,0,2,2
92,-8346.737,2758.361,-160.848,-207.184,-0.886150,-0.456665,0.078715,0.457457,-0.889189,-0.008710,0.073970,0.028291,0.996859,0,0.85766,-0.16000,51.460,-0.320,-1,375.000,-1,400.000,-1,300.000,325.000,300.000,325.000,-1,775.000,675.000,-1,725.000,825.000,-1,-1,2,0,2,0,2,0,0,0,0,2,0,0,2,0,0,2,2
93,-8392.480,2781.933,-157.126,-207.264,-0.885414,-0.457890,0.079871,0.458766,-0.888520,-0.008103,0.074678,0.029467,0.996772,0,0.85766,-0.04000,51.460,-0.080,-1,375.000,-1,400.000,-1,300.000,325.000,300.000,325.000,-1,775.000,675.000,-1,725.000,825.000,-1,-1,2,0,2,0,2,0,0,0,0,2,0,0,2,0,0,2,2
94,-8438.228,2805.495,-153.336,-207.251,-0.885425,-0.457675,0.080972,0.458653,-0.888586,-0.007165,0.075230,0.030794,0.996691,0,0.85766,0.00636,51.460,0.013,-1,375.000,-1,400.000,-1,325.000,325.000,300.000,325.000,-1,800.000,700.000,-1,750.000,850.000,-1,-1,2,0,2,0,2,0,0,0,0,2,0,0,2,0,0,2,2
95,-8483.982,2829.048,-149.595,-207.238,-0.885461,-0.457461,0.081780,0.458531,-0.888656,-0.006293,0.075553,0.031926,0.996631,0,0.85766,0.00636,51.460,0.013,-1,375.000,-1,400.000,-1,325.000,325.000,325.000,325.000,-1,825.000,725.000,-1,750.000,875.000,-1,-1,2,0,2,0,2,0,0,0,0,2,0,0,2,0,0,2,2
96,-8529.741,2852.590,-145.850,-207.226,-0.885500,-0.457246,0.082556,0.458411,-0.888724,-0.005369,0.075824,0.033090,0.996572,0,0.85766,0.00636,51.460,0.013,-1,375.000,-1,400.000,-1,325.000,325.000,325.000,325.000,-1,850.000,750.000,-1,775.000,875.000,-1,-1,2,0,2,0,2,0,0,0,0,2,0,0,2,0,0,2,2
97,-8575.505,2876.121,-142.092,-207.213,-0.885539,-0.457030,0.083332,0.458296,-0.888789,-0.004379,0.076066,0.034313,0.996512,0,0.85766,0.00636,51.460,0.013,-1,375.000,-1,400.000,-1,325.000,325.000,325.000,325.000,-1,875.000,775.000,-1,800.000,900.000,-1,-1,2,0,2,0,2,0,0,0,0,2,0,0,2,0,0,2,2
98,-8621.274,2899.643,-138.289,-207.200,-0.885591,-0.456814,0.083959,0.458177,-0.888855,-0.003389,0.076175,0.035466,0.996463,0,0.85766,0.00636,51.460,0.013,-1,400.000,-1,400.000,-1,325.000,325.000,325.000,325.000,-1,925.000,800.000,-1,825.000,925.000,-1,-1,2,0,2,0,2,0,0,0,0,2,0,0,2,0,0,2,2
99,-8667.048,2923.155,-134.392,-207.188,-0.885674,-0.456602,0.084239,0.458042,-0.888927,-0.002491,0.076020,0.036379,0.996442,0,0.85766,0.00636,51.460,0.013,-1,400.000,-1,400.000,-1,325.000,325.000,325.000,325.000,-1,1000.000,875.000,-1,850.000,950.000,-1,-1,2,0,2,0,2,0,0,0,0,2,0,0,2,0,0,2,2
100,-8712.828,2946.656,-130.565,-207.175,-0.885763,-0.456383,0.084491,0.457932,-0.888986,-0.001174,0.075647,0.037652,0.996424,0,0.85766,0.00636,51.460,0.013,-1,400.000,-1,425.000,-1,325.000,325.000,325.000,325.000,-1,-1,950.000,-1,875.000,1000.000,-1,-1,2,0,2,0,2,0,0,0,0,2,2,0,2,0,0,2,2
101,-8754.431,2967.782,-127.118,-206.922,-0.887763,-0.452441,0.084700,0.454087,-0.890957,0.000190,0.075379,0.038630,0.996406,0,0.77766,0.12636,46.660,0.253,-1,400.000,-1,425.000,-1,325.000,325.000,325.000,325.000,-1,-1,1000.000,-1,875.000,-1,-1,-1,2,0,2,0,2,0,0,0,0,2,2,0,2,0,2,2,2
102,-8791.916,2986.413,-124.026,-206.429,-0.891625,-0.444752,0.084858,0.446474,-0.894796,0.001466,0.075278,0.039194,0.996392,0,0.69766,0.24636,41.860,0.493,-1,400.000,-1,425.000,-1,325.000,325.000,325.000,300.000,-1,-1,-1,-1,900.000,-1,-1,-1,2,0,2,0,2,0,0,0,0,2,2,2,2,0,2,2,2
103,-8825.264,3002.576,-121.282,-205.859,-0.896016,-0.435817,0.084966,0.437599,-0.899166,0.002631,0.075252,0.039539,0.996380,0,0.61766,0.28518,37.060,0.570,-1,400.000,-1,425.000,-1,325.000,325.000,325.000,300.000,-1,-1,-1,-1,900.000,-1,-1,-1,2,0,2,0,2,0,0,0,0,2,2,2,2,0,2,2,2
104,-8854.432,3016.356,-118.886,-205.289,-0.900320,-0.426841,0.085034,0.428673,-0.903452,0.003669,0.075258,0.039755,0.996371,0,0.53766,0.28518,32.260,0.570,-1,400.000,-1,425.000,-1,325.000,325.000,325.000,300.000,-1,-1,-1,-1,925.000,-1,-1,-1,2,0,2,0,2,0,0,0,0,2,2,2,2,0,2,2,2
105,-8882.921,3029.470,-116.548,-204.718,-0.904536,-0.417823,0.085079,0.419703,-0.907649,0.004695,0.075261,0.039955,0.996363,0,0.52270,0.28518,31.362,0.570,-1,400.000,-1,425.000,-1,325.000,325.000,325.000,300.000,-1,-1,-1,-1,925.000,-1,-1,-1,2,0,2,0,2,0,0,0,0,2,2,2,2,0,2,2,2
106,-8911.538,3042.300,-114.201,-204.148,-0.908663,-0.408764,0.085107,0.410692,-0.911756,0.005737,0.075252,0.040165,0.996355,0,0.52270,0.28518,31.362,0.570,-1,400.000,-1,425.000,-1,325.000,325.000,325.000,300.000,-1,-1,-1,-1,950.000,-1,-1,-1,2,0,2,0,2,0,0,0,0,2,2,2,2,0,2,2,2
107,-8940.282,3054.844,-111.845,-203.578,-0.912702,-0.399664,0.085115,0.401641,-0.915772,0.006792,0.075231,0.040385,0.996348,0,0.52270,0.28518,31.362,0.570,-1,425.000,-1,425.000,-1,325.000,325.000,325.000,300.000,-1,-1,-1,-1,950.000,-1,-1,-1,2,0,2,0,2,0,0,0,0,2,2,2,2,0,2,2,2
108,-8969.149,3067.102,-109.479,-203.007,-0.916651,-0.390524,0.085103,0.392551,-0.919696,0.007860,0.075199,0.040612,0.996341,0,0.52270,0.28518,31.362,0.570,-1,425.000,-1,425.000,-1,325.000,325.000,325.000,300.000,-1,-1,-1,-1,975.000,-1,-1,-1,2,0,2,0,2,0,0,0,0,2,2,2,2,0,2,2,2
109,-8998.137,3079.071,-107.126,-202.437,-0.920518,-0.381347,0.084973,0.383416,-0.923533,0.008885,0.075087,0.040759,0.996344,0,0.52270,0.28518,31.362,0.570,-1,425.000,-1,425.000,-1,325.000,325.000,325.000,300.000,-1,-1,-1,-1,1000.000,-1,-1,-1,2,0,2,0,2,0,0,0,0,2,2,2,2,0,2,2,2
110,-9027.242,3090.752,-104.832,-201.866,-0.924322,-0.372137,0.084514,0.374222,-0.927288,0.009743,0.074743,0.040633,0.996375,0,0.52270,0.28518,31.362,0.570,-1,425.000,-1,425.000,-1,350.000,325.000,325.000,300.000,-1,-1,-1,-1,1000.000,-1,-1,-1,2,0,2,0,2,0,0,0,0,2,2,2,2,0,2,2,2
111,-9056.462,3102.142,-102.531,-201.296,-0.928034,-0.362889,0.084045,0.364990,-0.930951,0.010594,0.074397,0.040507,0.996406,0,0.52270,0.28518,31.362,0.570,-1,425.000,-1,425.000,-1,350.000,350.000,325.000,300.000,-1,-1,-1,-1,-1,-1,-1,-1,2,0,2,0,2,0,0,0,0,2,2,2,2,2,2,2,2
112,-9085.794,3113.241,-100.258,-200.726,-0.931648,-0.353608,0.083622,0.355712,-0.934528,0.011262,0.074164,0.040238,0.996434,0,0.52270,0.28518,31.362,0.570,-1,425.000,-1,425.000,-1,350.000,350.000,325.000,300.000,-1,-1,-1,-1,-1,-1,-1,-1,2,0,2,0,2,0,0,0,0,2,2,2,2,2,2,2,2
113,-9115.235,3124.047,-97.998,-200.155,-0.935178,-0.344293,0.083094,0.346392,-0.938015,0.011873,0.073856,0.039886,0.996471,0,0.52270,0.28518,31.362,0.570,-1,425.000,-1,425.000,-1,350.000,350.000,325.000,300.000,-1,-1,-1,-1,-1,-1,-1,-1,2,0,2,0,2,0,0,0,0,2,2,2,2,2,2,2,2
114,-9149.323,3136.118,-95.653,-199.498,-0.939233,-0.333521,0.081268,0.335512,-0.941962,0.011815,0.072611,0.038363,0.996622,0,0.60270,0.32889,36.162,0.658,-1,425.000,-1,425.000,-1,350.000,350.000,325.000,300.000,-1,-1,-1,-1,-1,-1,-1,-1,2,0,2,0,2,0,0,0,0,2,2,2,2,2,2,2,2
115,-9188.046,3149.331,-92.996,-198.840,-0.943181,-0.322705,0.079191,0.324578,-0.945787,0.011687,0.071127,0.036726,0.996791,0,0.68193,0.32889,40.916,0.658,-1,425.000,-1,450.000,-1,350.000,350.000,325.000,325.000,-1,-1,-1,-1,-1,-1,-1,-1,2,0,2,0,2,0,0,0,0,2,2,2,2,2,2,2,2
116,-9226.918,3162.099,-90.327,-198.182,-0.946998,-0.311844,0.077119,0.313601,-0.949485,0.011521,0.069631,0.035095,0.996955,0,0.68193,0.32889,40.916,0.658,-1,425.000,-1,450.000,-1,350.000,350.000,325.000,325.000,-1,-1,-1,-1,-1,-1,-1,-1,2,0,2,0,2,0,0,0,0,2,2,2,2,2,2,2,2
117,-9265.935,3174.420,-87.713,-197.524,-0.950665,-0.300938,0.075310,0.302602,-0.953048,0.011489,0.068317,0.033711,0.997094,0,0.68193,0.32889,40.916,0.658,-1,425.000,-1,450.000,-1,350.000,350.000,325.000,325.000,-1,-1,-1,-1,-1,-1,-1,-1,2,0,2,0,2,0,0,0,0,2,2,2,2,2,2,2,2
118,-9305.090,3186.292,-85.457,-196.866,-0.954248,-0.289977,0.072965,0.291638,-0.956440,0.013022,0.066011,0.033706,0.997249,0,0.68193,0.32889,40.916,0.658,-1,425.000,-1,450.000,-1,350.000,350.000,325.000,325.000,-1,-1,-1,-1,1000.000,-1,-1,-1,2,0,2,0,2,0,0,0,0,2,2,2,2,0,2,2,2
119,-9344.379,3197.713,-83.285,-196.209,-0.957713,-0.278974,0.070424,0.280649,-0.959695,0.014922,0.063423,0.034055,0.997405,0,0.68193,0.32889,40.916,0.658,-1,425.000,-1,425.000,-1,350.000,350.000,325.000,325.000,-1,-1,-1,-1,1000.000,-1,-1,-1,2,0,2,0,2,0,0,0,0,2,2,2,2,0,2,2,2
120,-9383.797,3208.682,-81.105,-195.551,-0.961045,-0.267935,0.067847,0.269615,-0.962822,0.016778,0.060829,0.034417,0.997555,0,0.68193,0.32889,40.916,0.658,-1,425.000,-1,425.000,-1,350.000,350.000,325.000,325.000,-1,-1,-1,-1,975.000,-1,-1,-1,2,0,2,0,2,0,0,0,0,2,2,2,2,0,2,2,2
121,-9423.338,3219.198,-78.915,-194.893,-0.964244,-0.256861,0.065234,0.258538,-0.965822,0.018587,0.058230,0.034788,0.997697,0,0.68193,0.32889,40.916,0.658,-1,425.000,-1,425.000,-1,350.000,350.000,325.000,325.000,-1,-1,-1,-1,975.000,-1,-1,-1,2,0,2,0,2,0,0,0,0,2,2,2,2,0,2,2,2
122,-9462.997,3229.259,-76.717,-194.235,-0.967310,-0.245753,0.062587,0.247421,-0.968694,0.020348,0.055627,0.035168,0.997832,0,0.68193,0.32889,40.916,0.658,-1,425.000,-1,425.000,-1,350.000,350.000,325.000,325.000,-1,-1,-1,-1,950.000,-1,-1,-1,2,0,2,0,2,0,0,0,0,2,2,2,2,0,2,2,2
123,-9502.769,3238.864,-74.509,-193.578,-0.970241,-0.234612,0.059908,0.236264,-0.971439,0.022059,0.053022,0.035556,0.997960,0,0.68193,0.32889,40.916,0.658,-1,425.000,-1,425.000,-1,325.000,350.000,325.000,325.000,-1,-1,-1,-1,950.000,-1,-1,-1,2,0,2,0,2,0,0,0,0,2,2,2,2,0,2,2,2
124,-9541.712,3247.969,-72.354,-193.160,-0.972088,-0.227518,0.057273,0.229149,-0.973104,0.023640,0.050354,0.036104,0.998079,0,0.66656,0.20889,39.993,0.418,-1,425.000,-1,425.000,-1,325.000,325.000,325.000,300.000,-1,-1,-1,-1,925.000,-1,-1,-1,2,0,2,0,2,0,0,0,0,2,2,2,2,0,2,2,2
125,-9580.682,3256.953,-70.208,-192.982,-0.972943,-0.224492,0.054634,0.226098,-0.973780,0.025161,0.047553,0.036833,0.998189,0,0.66656,0.08889,39.993,0.178,-1,425.000,-1,425.000,-1,325.000,325.000,325.000,300.000,-1,-1,-1,-1,925.000,-1,-1,-1,2,0,2,0,2,0,0,0,0,2,2,2,2,0,2,2,2
126,-9619.644,3265.979,-68.077,-193.044,-0.972845,-0.225541,0.052003,0.227119,-0.973502,0.026659,0.044612,0.037746,0.998291,0,0.66656,-0.03111,39.993,-0.062,-1,425.000,-1,425.000,-1,325.000,325.000,325.000,300.000,-1,-1,-1,-1,925.000,-1,-1,-1,2,0,2,0,2,0,0,0,0,2,2,2,2,0,2,2,2
127,-9658.557,3275.211,-65.964,-193.346,-0.971779,-0.230663,0.049387,0.232209,-0.972258,0.028171,0.041519,0.038845,0.998382,0,0.66656,-0.15111,39.993,-0.302,-1,425.000,-1,425.000,-1,325.000,325.000,325.000,325.000,-1,-1,-1,-1,900.000,-1,-1,-1,2,0,2,0,2,0,0,0,0,2,2,2,2,0,2,2,2
128,-9697.381,3284.810,-63.877,-193.889,-0.969684,-0.239842,0.046796,0.241350,-0.969982,0.029736,0.038259,0.040129,0.998462,0,0.66656,-0.27111,39.993,-0.542,-1,425.000,-1,425.000,-1,325.000,325.000,325.000,325.000,-1,-1,-1,-1,900.000,-1,-1,-1,2,0,2,0,2,0,0,0,0,2,2,2,2,0,2,2,2
129,-9736.070,3294.939,-61.923,-194.671,-0.966450,-0.253043,0.044086,0.254516,-0.966548,0.031736,0.034581,0.041892,0.998524,0,0.66656,-0.39111,39.993,-0.782,-1,425.000,-1,425.000,-1,325.000,325.000,350.000,325.000,-1,-1,-1,-1,900.000,-1,-1,-1,2,0,2,0,2,0,0,0,0,2,2,2,2,0,2,2,2
130,-9774.573,3305.756,-60.461,-195.693,-0.961883,-0.270234,0.041884,0.271650,-0.961837,0.032807,0.031420,0.042935,0.998584,0,0.66656,-0.51111,39.993,-1.022,-1,425.000,-1,425.000,-1,325.000,325.000,325.000,325.000,-1,-1,-1,-1,875.000,-1,-1,-1,2,0,2,0,2,0,0,0,0,2,2,2,2,0,2,2,2
131,-9812.836,3317.390,-59.427,-196.912,-0.956036,-0.290630,0.039104,0.291922,-0.955881,0.032743,0.027863,0.042718,0.998699,0,0.66656,-0.60928,39.993,-1.219,-1,425.000,-1,425.000,-1,325.000,325.000,325.000,325.000,-1,-1,-1,-1,875.000,-1,-1,-1,2,0,2,0,2,0,0,0,0,2,2,2,2,0,2,2,2
132,-9850.844,3329.836,-58.486,-198.130,-0.949757,-0.310897,0.036123,0.312058,-0.949499,0.032746,0.024118,0.042374,0.998811,0,0.66656,-0.60928,39.993,-1.219,-1,400.000,-1,425.000,-1,325.000,325.000,325.000,325.000,-1,-1,-1,-1,850.000,-1,-1,-1,2,0,2,0,2,0,0,0,0,2,2,2,2,0,2,2,2
133,-9888.578,3343.087,-57.602,-199.349,-0.943042,-0.331023,0.033109,0.332054,-0.942685,0.032933,0.020309,0.042051,0.998909,0,0.66656,-0.60928,39.993,-1.219,-1,400.000,-1,425.000,-1,325.000,325.000,325.000,325.000,-1,-1,-1,-1,850.000,-1,-1,-1,2,0,2,0,2,0,0,0,0,2,2,2,2,0,2,2,2
134,-9926.023,3357.137,-57.082,-200.567,-0.935858,-0.350984,0.031302,0.351950,-0.935400,0.034038,0.017333,0.042871,0.998930,0,0.66656,-0.60928,39.993,-1.219,-1,400.000,-1,425.000,-1,325.000,325.000,300.000,325.000,-1,-1,-1,-1,825.000,-1,-1,-1,2,0,2,0,2,0,0,0,0,2,2,2,2,0,2,2,2
135,-9963.160,3371.979,-56.720,-201.786,-0.928247,-0.370777,0.029685,0.371687,-0.927676,0.035593,0.014341,0.044073,0.998925,0,0.66656,-0.60928,39.993,-1.219,-1,400.000,-1,425.000,-1,325.000,325.000,300.000,325.000,-1,-1,-1,-1,825.000,-1,-1,-1,2,0,2,0,2,0,0,0,0,2,2,2,2,0,2,2,2
136,-9999.973,3387.608,-56.545,-203.004,-0.920225,-0.390392,0.027936,0.391238,-0.919511,0.037856,0.010908,0.045766,0.998893,0,0.66656,-0.60928,39.993,-1.219,-1,400.000,-1,425.000,-1,325.000,325.000,300.000,325.000,-1,-1,-1,-1,800.000,-1,-1,-1,2,0,2,0,2,0,0,0,0,2,2,2,2,0,2,2,2
137,-10036.446,3404.017,-56.427,-204.223,-0.911786,-0.409826,0.026257,0.410599,-0.910929,0.040218,0.007436,0.047451,0.998846,0,0.66656,-0.60928,39.993,-1.219,-1,400.000,-1,425.000,-1,325.000,325.000,300.000,325.000,-1,-1,-1,-1,800.000,-1,-1,-1,2,0,2,0,2,0,0,0,0,2,2,2,2,0,2,2,2
