timestep,x_cm,y_cm,z_cm,yaw_deg,basis_xx,basis_xy,basis_xz,basis_yx,basis_yy,basis_yz,basis_zx,basis_zy,basis_zz,teleport_flag,throttle_cmd,steering_cmd,cmd_move_cm,cmd_turn_deg,lidar_cm_0,lidar_cm_1,lidar_cm_2,lidar_cm_3,lidar_cm_4,lidar_cm_5,lidar_cm_6,lidar_cm_7,lidar_cm_8,lidar_cm_9,lidar_cm_10,lidar_cm_11,lidar_cm_12,lidar_cm_13,lidar_cm_14,lidar_cm_15,lidar_cm_16,lidar_class_0,lidar_class_1,lidar_class_2,lidar_class_3,lidar_class_4,lidar_class_5,lidar_class_6,lidar_class_7,lidar_class_8,lidar_class_9,lidar_class_10,lidar_class_11,lidar_class_12,lidar_class_13,lidar_class_14,lidar_class_15,lidar_class_16
0,-8855.206,-983.932,-12.844,-170.134,-0.984629,0.171230,0.034432,-0.169673,-0.984520,0.043956,0.041425,0.037438,0.998440,1,0.00206,-0.12000,0.123,-0.240,700.000,375.000,925.000,400.000,-1,325.000,325.000,300.000,325.000,-1,-1,-1,-1,525.000,775.000,600.000,-1,1,0,1,0,2,0,0,0,0,2,2,2,2,1,0,1,2
1,-8855.314,-983.950,-12.848,-170.614,-0.986030,0.162974,0.034419,-0.161418,-0.985906,0.043979,0.041101,0.037808,0.998439,0,0.00182,-0.24000,0.109,-0.480,700.000,375.000,950.000,400.000,-1,325.000,325.000,300.000,300.000,-1,-1,-1,-1,525.000,775.000,600.000,-1,1,0,1,0,2,0,0,0,0,2,2,2,2,1,0,1,2
2,-8855.392,-983.962,-12.858,-171.334,-0.988001,0.150569,0.034402,-0.149014,-0.987855,0.044012,0.040611,0.038357,0.998439,0,0.00131,-0.36000,0.079,-0.720,675.000,375.000,975.000,400.000,-1,325.000,325.000,300.000,300.000,-1,-1,-1,-1,525.000,775.000,600.000,-1,1,0,1,0,2,0,0,0,0,2,2,2,2,1,0,1,2
3,-8855.421,-983.967,-12.870,-172.061,-0.989832,0.138021,0.034386,-0.136468,-0.989665,0.044045,0.040110,0.038904,0.998438,0,0.00049,-0.36346,0.029,-0.727,650.000,375.000,-1,400.000,-1,325.000,325.000,300.000,300.000,-1,1000.000,-1,-1,525.000,775.000,575.000,-1,1,0,2,0,2,0,0,0,0,2,1,2,2,1,0,1,2
4,-8855.398,-983.964,-12.883,-172.781,-0.991490,0.125563,0.034372,-0.124012,-0.991301,0.044077,0.039607,0.039439,0.998437,0,-0.00039,-0.36022,-0.023,-0.720,650.000,375.000,-1,400.000,-1,325.000,325.000,300.000,300.000,-1,1000.000,-1,-1,525.000,775.000,575.000,-1,1,0,2,0,2,0,0,0,0,2,1,2,2,1,0,1,2
5,-8855.320,-983.955,-12.899,-173.495,-0.992978,0.113198,0.034360,-0.111647,-0.992769,0.044108,0.039105,0.039962,0.998436,0,-0.00130,-0.35702,-0.078,-0.714,650.000,375.000,-1,400.000,-1,325.000,325.000,300.000,300.000,-1,1000.000,-1,-1,525.000,775.000,575.000,-1,1,0,2,0,2,0,0,0,0,2,1,2,2,1,0,1,2
6,-8855.186,-983.942,-12.916,-174.203,-0.994301,0.100924,0.034350,-0.099376,-0.994071,0.044137,0.038601,0.040472,0.998435,0,-0.00226,-0.35386,-0.135,-0.708,625.000,375.000,-1,400.000,-1,325.000,325.000,300.000,300.000,-1,1000.000,-1,-1,525.000,775.000,575.000,-1,1,0,2,0,2,0,0,0,0,2,1,2,2,1,0,1,2
7,-8854.992,-983.925,-12.935,-174.904,-0.995462,0.088745,0.034343,-0.087199,-0.995211,0.044166,0.038098,0.040971,0.998434,0,-0.00325,-0.35074,-0.195,-0.701,625.000,375.000,-1,400.000,-1,325.000,325.000,300.000,300.000,-1,1000.000,-1,-1,525.000,775.000,575.000,-1,1,0,2,0,2,0,0,0,0,2,1,2,2,1,0,1,2
8,-8854.736,-983.905,-12.956,-175.600,-0.996466,0.076660,0.034337,-0.075116,-0.996195,0.044193,0.037594,0.041457,0.998433,0,-0.00428,-0.34766,-0.257,-0.695,625.000,375.000,-1,400.000,-1,325.000,325.000,300.000,300.000,-1,1000.000,-1,-1,525.000,775.000,575.000,-1,1,0,2,0,2,0,0,0,0,2,1,2,2,1,0,1,2
9,-8854.416,-983.885,-12.979,-176.289,-0.997316,0.064669,0.034333,-0.063128,-0.997025,0.044218,0.037091,0.041932,0.998432,0,-0.00534,-0.34462,-0.320,-0.689,600.000,375.000,-1,400.000,-1,325.000,325.000,300.000,300.000,-1,1000.000,-1,-1,525.000,775.000,550.000,-1,1,0,2,0,2,0,0,0,0,2,1,2,2,1,0,1,2
10,-8854.031,-983.865,-13.004,-176.972,-0.998016,0.052775,0.034332,-0.051237,-0.997706,0.044242,0.036588,0.042395,0.998431,0,-0.00644,-0.34162,-0.386,-0.683,600.000,375.000,-1,400.000,-1,325.000,325.000,300.000,300.000,-1,1000.000,-1,-1,525.000,775.000,550.000,-1,1,0,2,0,2,0,0,0,0,2,1,2,2,1,0,1,2
11,-8853.577,-983.846,-13.030,-177.649,-0.998570,0.040976,0.034332,-0.039441,-0.998241,0.044263,0.036086,0.042846,0.998430,0,-0.00757,-0.33866,-0.454,-0.677,600.000,375.000,-1,400.000,-1,325.000,325.000,300.000,300.000,-1,1000.000,1000.000,-1,525.000,800.000,550.000,-1,1,0,2,0,2,0,0,0,0,2,1,1,2,1,0,1,2
12,-8853.054,-983.831,-13.059,-178.321,-0.998982,0.029274,0.034335,-0.027742,-0.998634,0.044283,0.035585,0.043286,0.998429,0,-0.00873,-0.33575,-0.524,-0.671,600.000,375.000,-1,400.000,-1,325.000,325.000,300.000,300.000,-1,1000.000,1000.000,-1,525.000,800.000,550.000,-1,1,0,2,0,2,0,0,0,0,2,1,1,2,1,0,1,2
13,-8852.458,-983.821,-13.090,-178.987,-0.999254,0.017668,0.034340,-0.016139,-0.998888,0.044301,0.035085,0.043714,0.998428,0,-0.00993,-0.33288,-0.596,-0.666,575.000,400.000,-1,400.000,-1,325.000,325.000,300.000,300.000,-1,1000.000,1000.000,-1,525.000,800.000,550.000,-1,1,1,2,0,2,0,0,0,0,2,1,1,2,1,0,1,2
14,-8851.789,-983.817,-13.122,-179.647,-0.999391,0.006159,0.034347,-0.004633,-0.999007,0.044317,0.034586,0.044131,0.998427,0,-0.01115,-0.33006,-0.669,-0.660,575.000,400.000,-1,400.000,-1,325.000,325.000,300.000,300.000,-1,1000.000,1000.000,-1,525.000,800.000,550.000,-1,1,1,2,0,2,0,0,0,0,2,1,1,2,1,0,1,2
15,-8851.045,-983.821,-13.156,-180.301,-0.999396,-0.005254,0.034356,0.006776,-0.998994,0.044330,0.034089,0.044536,0.998426,0,-0.01241,-0.32728,-0.745,-0.655,575.000,400.000,-1,400.000,-1,325.000,325.000,300.000,300.000,-1,1000.000,1000.000,-1,525.000,800.000,550.000,-1,1,1,2,0,2,0,0,0,0,2,1,1,2,1,0,1,2
16,-8850.223,-983.835,-13.193,-180.950,-0.999272,-0.016571,0.034368,0.018089,-0.998853,0.044341,0.033594,0.044931,0.998425,0,-0.01370,-0.32455,-0.822,-0.649,575.000,400.000,-1,400.000,-1,325.000,325.000,300.000,300.000,-1,1000.000,1000.000,-1,525.000,800.000,550.000,-1,1,1,2,0,2,0,0,0,0,2,1,1,2,1,0,1,2
17,-8854.200,-983.707,-13.074,-181.840,-0.998896,-0.032067,0.034320,0.033580,-0.998447,0.044459,0.032841,0.045562,0.998422,0,0.06630,-0.44455,3.978,-0.889,550.000,375.000,-1,400.000,-1,325.000,325.000,300.000,300.000,-1,-1,1000.000,-1,525.000,800.000,550.000,-1,1,1,2,0,2,0,0,0,0,2,2,1,2,1,0,1,2
18,-8862.966,-983.253,-12.809,-182.969,-0.998075,-0.051733,0.034210,0.053239,-0.997581,0.044689,0.031816,0.046424,0.998415,0,0.14630,-0.56455,8.778,-1.129,550.000,375.000,-1,400.000,-1,325.000,325.000,300.000,300.000,-1,-1,-1,-1,525.000,800.000,525.000,-1,1,1,2,0,2,0,0,0,0,2,2,2,2,1,0,1,2
19,-8876.506,-982.227,-12.410,-184.338,-0.996561,-0.075550,0.034037,0.077046,-0.996010,0.045036,0.030498,0.047504,0.998405,0,0.22630,-0.68455,13.578,-1.369,525.000,375.000,-1,400.000,-1,325.000,325.000,300.000,300.000,-1,-1,-1,-1,525.000,800.000,525.000,-1,1,1,2,0,2,0,0,0,0,2,2,2,2,1,0,1,2
20,-8894.786,-980.323,-11.891,-185.947,-0.994057,-0.103482,0.033797,0.104964,-0.993434,0.045510,0.028865,0.048787,0.998392,0,0.30630,-0.80455,18.378,-1.609,500.000,375.000,-1,400.000,-1,325.000,325.000,300.000,300.000,-1,-1,-1,-1,525.000,800.000,500.000,-1,1,1,2,0,2,1,0,0,0,2,2,2,2,1,0,1,2
21,-8917.759,-977.244,-11.268,-187.637,-0.990587,-0.132724,0.033485,0.134189,-0.989882,0.046112,0.027026,0.050172,0.998375,0,0.38630,-0.84496,23.178,-1.690,475.000,375.000,-1,400.000,-1,325.000,325.000,300.000,300.000,-1,-1,-1,-1,550.000,800.000,475.000,-1,1,1,2,0,2,0,0,0,0,2,2,2,2,1,0,1,2
22,-8945.370,-972.724,-10.555,-189.298,-0.986342,-0.161350,0.033098,0.162792,-0.985547,0.046849,0.025060,0.051597,0.998354,0,0.46630,-0.83052,27.978,-1.661,425.000,375.000,-1,400.000,-1,325.000,325.000,300.000,300.000,-1,-1,-1,-1,550.000,800.000,450.000,-1,1,1,2,0,2,0,0,0,0,2,2,2,2,1,0,1,2
23,-8977.555,-966.512,-9.770,-190.926,-0.981381,-0.189277,0.032632,0.190692,-0.980489,0.047729,0.022961,0.053063,0.998327,0,0.54630,-0.81419,32.778,-1.628,400.000,375.000,-1,400.000,-1,325.000,325.000,300.000,300.000,-1,-1,-1,-1,575.000,800.000,450.000,-1,1,1,2,0,2,0,0,0,0,2,2,2,2,1,0,1,2
24,-9014.241,-958.368,-8.932,-192.518,-0.975773,-0.216418,0.032085,0.217800,-0.974774,0.048766,0.020722,0.054572,0.998295,0,0.62630,-0.79578,37.578,-1.592,375.000,375.000,-1,400.000,-1,325.000,325.000,300.000,300.000,-1,-1,-1,-1,600.000,775.000,425.000,-1,1,1,2,0,2,0,0,0,0,2,2,2,2,1,0,1,2
25,-9055.349,-948.067,-8.061,-194.068,-0.969594,-0.242688,0.031458,0.244030,-0.968479,0.049971,0.018339,0.056128,0.998255,0,0.70630,-0.77507,42.378,-1.550,350.000,375.000,-1,400.000,-1,325.000,325.000,300.000,300.000,-1,-1,-1,-1,675.000,775.000,425.000,-1,1,0,2,0,2,0,0,0,0,2,2,2,2,1,0,1,2
26,-9100.838,-935.557,-7.181,-195.378,-0.963827,-0.264745,0.030772,0.266044,-0.962596,0.051282,0.016044,0.057614,0.998210,0,0.78630,-0.65507,47.178,-1.310,325.000,375.000,-1,400.000,-1,325.000,325.000,300.000,300.000,-1,-1,-1,-1,725.000,775.000,425.000,-1,1,0,2,0,2,0,0,0,0,2,2,2,2,0,0,1,2
27,-9150.691,-920.843,-5.596,-196.448,-0.958654,-0.282604,0.033445,0.284094,-0.957234,0.054717,0.016551,0.061956,0.997942,0,0.86630,-0.53507,51.978,-1.070,300.000,400.000,-1,400.000,-1,325.000,325.000,325.000,300.000,-1,-1,-1,-1,750.000,775.000,475.000,-1,1,0,2,0,2,0,0,0,0,2,2,2,2,0,0,1,2
28,-9204.909,-903.984,-3.710,-197.278,-0.954350,-0.296335,0.037441,0.298138,-0.952692,0.059095,0.018158,0.067560,0.997550,0,0.94630,-0.41507,56.778,-0.830,300.000,400.000,-1,400.000,-1,325.000,325.000,325.000,300.000,-1,-1,-1,-1,800.000,775.000,-1,-1,1,0,2,0,2,0,0,0,0,2,2,2,2,0,0,2,2
29,-9259.893,-886.261,-2.570,-197.868,-0.951213,-0.306063,0.038977,0.308004,-0.949377,0.061788,0.018093,0.070779,0.997328,0,0.96283,-0.29507,57.770,-0.590,325.000,400.000,-1,400.000,-1,325.000,325.000,325.000,300.000,-1,-1,-1,-1,800.000,775.000,-1,-1,1,0,2,0,2,0,0,0,0,2,2,2,2,0,0,2,2
30,-9314.346,-868.338,-1.969,-198.219,-0.949349,-0.311849,0.038548,0.313757,-0.947459,0.062272,0.017103,0.071212,0.997315,0,0.95543,-0.17507,57.326,-0.350,325.000,400.000,-1,400.000,-1,325.000,325.000,300.000,300.000,-1,-1,-1,-1,800.000,775.000,-1,-1,1,0,2,0,2,0,0,1,0,2,2,2,2,0,0,2,2
31,-9368.283,-850.468,-1.797,-198.329,-0.948829,-0.313713,0.036161,0.315428,-0.946987,0.060993,0.015109,0.069278,0.997483,0,0.94702,-0.05507,56.821,-0.110,325.000,400.000,-1,400.000,-1,325.000,325.000,275.000,300.000,-1,-1,-1,-1,775.000,750.000,-1,-1,1,0,2,0,2,0,0,1,0,2,2,2,2,0,0,2,2
32,-9421.738,-832.890,-2.011,-198.199,-0.949655,-0.311641,0.032173,0.313058,-0.947925,0.058595,0.012237,0.065717,0.997763,0,0.93785,0.06493,56.271,0.130,325.000,400.000,-1,400.000,-1,325.000,325.000,225.000,300.000,-1,-1,-1,-1,750.000,725.000,-1,-1,1,0,2,0,2,0,0,1,0,2,2,2,2,0,0,2,2
33,-9474.706,-815.687,-1.545,-197.993,-0.950792,-0.308244,0.031294,0.309605,-0.949088,0.058116,0.011787,0.064945,0.997819,0,0.92819,0.10306,55.692,0.206,325.000,375.000,-1,400.000,-1,325.000,325.000,200.000,300.000,-1,-1,-1,-1,725.000,725.000,-1,-1,1,0,2,0,2,0,0,1,0,2,2,2,2,0,0,2,2
34,-9527.134,-798.920,-0.780,-197.735,-0.952151,-0.303966,0.031828,0.305373,-0.950436,0.058475,0.012476,0.065396,0.997781,0,0.91739,0.12878,55.044,0.258,400.000,375.000,-1,400.000,-1,325.000,325.000,175.000,300.000,-1,-1,-1,-1,725.000,725.000,-1,-1,1,0,2,0,2,0,0,1,0,2,2,2,2,0,0,2,2
35,-9578.966,-782.644,-0.019,-197.433,-0.953719,-0.298945,0.032439,0.300405,-0.951997,0.058806,0.013302,0.065830,0.997742,0,0.90547,0.15097,54.328,0.302,-1,375.000,-1,400.000,-1,325.000,325.000,175.000,300.000,-1,-1,-1,-1,725.000,700.000,-1,-1,2,0,2,0,2,0,0,1,0,2,2,2,2,0,0,2,2
36,-9630.147,-766.883,0.738,-197.117,-0.955332,-0.293673,0.033122,0.295192,-0.953607,0.059115,0.014225,0.066251,0.997702,0,0.89254,0.15826,53.553,0.317,-1,375.000,-1,375.000,-1,325.000,325.000,175.000,300.000,-1,-1,-1,-1,725.000,700.000,-1,-1,2,0,2,0,2,0,0,1,0,2,2,2,2,0,0,2,2
37,-9676.877,-752.988,1.450,-196.560,-0.958112,-0.284390,0.033822,0.285977,-0.956394,0.059386,0.015459,0.066571,0.997662,0,0.81254,0.27826,48.753,0.557,-1,375.000,-1,375.000,-1,325.000,325.000,150.000,300.000,-1,-1,-1,-1,725.000,700.000,-1,-1,2,0,2,0,2,0,0,1,0,2,2,2,2,0,0,2,2
38,-9722.310,-740.056,2.166,-195.888,-0.961350,-0.273150,0.034568,0.274811,-0.959646,0.059650,0.016880,0.066844,0.997621,0,0.78730,0.33598,47.238,0.672,-1,375.000,-1,375.000,-1,325.000,325.000,150.000,300.000,-1,-1,-1,-1,725.000,700.000,-1,-1,2,0,2,0,2,0,0,1,0,2,2,2,2,0,0,2,2
39,-9767.228,-727.848,3.333,-195.208,-0.964533,-0.261704,0.034458,0.263418,-0.962688,0.061984,0.016951,0.068863,0.997482,0,0.77579,0.34005,46.547,0.680,-1,375.000,-1,375.000,-1,325.000,300.000,150.000,300.000,-1,-1,-1,-1,725.000,675.000,-1,-1,2,0,2,0,2,0,0,1,0,2,2,2,2,0,0,2,2
40,-9811.603,-716.357,4.835,-194.521,-0.967636,-0.250087,0.033728,0.251836,-0.965531,0.065795,0.016111,0.072159,0.997263,0,0.76398,0.34340,45.839,0.687,-1,375.000,-1,375.000,-1,300.000,300.000,150.000,300.000,-1,-1,-1,-1,725.000,675.000,-1,-1,2,0,2,0,2,0,0,1,0,2,2,2,2,0,0,2,2
41,-9855.413,-705.574,6.065,-193.829,-0.970593,-0.238369,0.033622,0.240176,-0.968329,0.068223,0.016294,0.074292,0.997103,0,0.75198,0.34605,45.119,0.692,-1,375.000,-1,375.000,-1,300.000,300.000,150.000,300.000,-1,-1,-1,-1,750.000,650.000,-1,-1,2,0,2,0,2,0,0,1,0,2,2,2,2,0,0,2,2
42,-9898.646,-695.488,7.140,-193.133,-0.973409,-0.226576,0.033735,0.228434,-0.971103,0.069107,0.017102,0.074975,0.997039,0,0.73990,0.34803,44.394,0.696,-1,375.000,-1,375.000,-1,300.000,300.000,150.000,300.000,-1,-1,-1,-1,750.000,650.000,-1,-1,2,0,2,0,2,0,0,1,0,2,2,2,2,0,0,2,2
43,-9941.293,-686.084,8.275,-192.435,-0.976069,-0.214739,0.034306,0.216644,-0.973894,0.067792,0.018853,0.073602,0.997110,0,0.72786,0.34935,43.672,0.699,-1,375.000,-1,375.000,-1,300.000,300.000,150.000,300.000,-1,-1,-1,-1,750.000,650.000,-1,-1,2,0,2,0,2,0,0,1,0,2,2,2,2,0,0,2,2
44,-9983.352,-677.346,9.243,-191.734,-0.978564,-0.202860,0.035501,0.204825,-0.976617,0.065315,0.021421,0.071186,0.997233,0,0.71595,0.35004,42.957,0.700,-1,375.000,-1,375.000,-1,300.000,300.000,150.000,300.000,-1,-1,-1,-1,750.000,650.000,-1,-1,2,0,2,0,2,0,0,1,0,2,2,2,2,0,0,2,2
45,-10024.825,-669.256,10.030,-191.034,-0.980893,-0.190952,0.037236,0.192982,-0.979246,0.061936,0.024636,0.067939,0.997385,0,0.70426,0.35014,42.256,0.700,-1,400.000,-1,375.000,-1,325.000,300.000,150.000,300.000,-1,-1,-1,-1,775.000,675.000,-1,-1,2,0,2,0,2,0,0,1,0,2,2,2,2,0,0,2,2
46,-10065.723,-661.795,10.658,-190.335,-0.983051,-0.179032,0.039487,0.181118,-0.981763,0.057775,0.028423,0.063948,0.997548,0,0.69287,0.34968,41.572,0.699,-1,400.000,-1,375.000,-1,325.000,300.000,150.000,300.000,-1,-1,-1,-1,775.000,675.000,-1,-1,2,0,2,0,2,0,0,1,0,2,2,2,2,0,0,2,2
47,-10106.056,-654.945,11.913,-189.637,-0.985119,-0.167086,0.040298,0.169198,-0.983966,0.056419,0.030225,0.062398,0.997594,0,0.68185,0.34870,40.911,0.697,-1,400.000,-1,375.000,-1,325.000,300.000,175.000,300.000,-1,950.000,875.000,-1,775.000,675.000,-1,-1,2,0,2,0,2,0,0,1,0,2,0,0,2,0,0,2,2
48,-10145.840,-648.683,13.251,-188.943,-0.987040,-0.155161,0.040953,0.157295,-0.985997,0.055387,0.031785,0.061110,0.997625,0,0.67123,0.34721,40.274,0.694,-1,400.000,-1,375.000,-1,325.000,300.000,175.000,300.000,-1,900.000,850.000,-1,800.000,700.000,-1,-1,2,0,2,0,2,0,0,1,0,2,0,0,2,0,0,2,2
49,-10185.094,-642.989,14.605,-188.252,-0.988807,-0.143278,0.041611,0.145431,-0.987873,0.054379,0.033315,0.059821,0.997653,0,0.66108,0.34525,39.665,0.691,-1,400.000,-1,375.000,-1,325.000,300.000,175.000,300.000,-1,850.000,850.000,-1,800.000,700.000,-1,-1,2,0,2,0,2,0,0,1,0,2,0,0,2,0,0,2,2
50,-10223.838,-637.842,15.973,-187.567,-0.990421,-0.131455,0.042270,0.133624,-0.989593,0.053395,0.034811,0.058532,0.997678,0,0.65142,0.34286,39.085,0.686,-1,400.000,-1,375.000,-1,325.000,300.000,175.000,300.000,375.000,825.000,825.000,-1,800.000,700.000,-1,-1,2,0,2,0,2,0,0,1,0,1,0,0,2,0,0,2,2
51,-10262.095,-633.220,17.352,-186.887,-0.991881,-0.119708,0.042927,0.121890,-0.991158,0.052437,0.036270,0.057244,0.997701,0,0.64226,0.34007,38.536,0.680,-1,400.000,-1,375.000,-1,325.000,300.000,200.000,300.000,325.000,800.000,825.000,-1,825.000,700.000,-1,-1,2,0,2,0,2,0,0,1,0,1,0,0,2,0,0,2,2
52,-10299.890,-629.105,18.741,-186.213,-0.993190,-0.108052,0.043579,0.110244,-0.992569,0.051504,0.037690,0.055957,0.997722,0,0.63363,0.33689,38.018,0.674,-1,400.000,-1,375.000,-1,325.000,325.000,200.000,300.000,325.000,775.000,825.000,-1,825.000,700.000,-1,-1,2,0,2,0,2,0,0,1,0,1,0,0,2,0,0,2,2
53,-10337.246,-625.477,20.140,-185.546,-0.994350,-0.096502,0.044225,0.098702,-0.993830,0.050595,0.039070,0.054674,0.997740,0,0.62554,0.33335,37.532,0.667,-1,400.000,-1,375.000,-1,325.000,325.000,200.000,300.000,300.000,775.000,825.000,-1,825.000,725.000,-1,-1,2,0,2,0,2,0,0,1,0,1,0,0,2,0,0,2,2
54,-10374.189,-622.318,21.547,-184.887,-0.995364,-0.085072,0.044864,0.087276,-0.994943,0.049710,0.040408,0.053395,0.997756,0,0.61797,0.32948,37.078,0.659,-1,400.000,-1,375.000,-1,325.000,325.000,200.000,300.000,300.000,775.000,825.000,-1,850.000,725.000,-1,-1,2,0,2,0,2,0,0,1,0,1,0,0,2,0,0,2,2
55,-10410.744,-619.609,22.961,-184.237,-0.996237,-0.073774,0.045492,0.075980,-0.995912,0.048848,0.041702,0.052121,0.997770,0,0.61092,0.32530,36.655,0.651,-1,400.000,-1,375.000,-1,325.000,325.000,225.000,300.000,300.000,775.000,825.000,-1,850.000,725.000,-1,-1,2,0,2,0,2,0,0,1,0,1,0,0,2,0,0,2,2
56,-10446.936,-617.334,24.381,-183.595,-0.996972,-0.062620,0.046108,0.064826,-0.996741,0.048009,0.042952,0.050852,0.997782,0,0.60439,0.32083,36.263,0.642,-1,400.000,-1,375.000,-1,325.000,325.000,225.000,300.000,300.000,775.000,825.000,-1,875.000,725.000,-1,-1,2,0,2,0,2,0,0,1,0,1,0,0,2,0,0,2,2
57,-10482.790,-615.478,25.811,-182.963,-0.997574,-0.051622,0.046700,0.053825,-0.997434,0.047207,0.044143,0.049606,0.997793,0,0.59837,0.31608,35.902,0.632,-1,425.000,-1,375.000,-1,325.000,325.000,225.000,300.000,300.000,775.000,850.000,-1,875.000,725.000,-1,-1,2,0,2,0,2,0,0,1,0,1,0,0,2,0,0,2,2
58,-10518.330,-614.024,27.258,-182.341,-0.998077,-0.040792,0.046680,0.042941,-0.998018,0.045996,0.044711,0.047912,0.997850,0,0.59283,0.31108,35.570,0.622,-1,425.000,-1,375.000,-1,325.000,325.000,225.000,300.000,300.000,800.000,875.000,-1,875.000,725.000,-1,-1,2,0,2,0,2,0,0,1,0,1,0,0,2,0,0,2,2
59,-10553.580,-612.959,28.708,-181.729,-0.998476,-0.030138,0.046222,0.032212,-0.998476,0.044811,0.044801,0.046232,0.997926,0,0.58777,0.30583,35.266,0.612,-1,425.000,-1,375.000,-1,325.000,325.000,225.000,300.000,300.000,850.000,950.000,-1,875.000,750.000,-1,-1,2,0,2,0,2,0,0,1,0,1,0,0,2,0,0,2,2
60,-10588.563,-612.269,30.166,-181.128,-0.998759,-0.019670,0.045753,0.021669,-0.998813,0.043624,0.044840,0.044562,0.998000,0,0.58317,0.30034,34.990,0.601,-1,425.000,-1,375.000,-1,325.000,325.000,250.000,300.000,300.000,900.000,1000.000,-1,875.000,750.000,-1,-1,2,0,2,0,2,0,0,1,0,1,0,0,2,0,0,2,2
61,-10623.302,-611.941,31.631,-180.539,-0.998930,-0.009397,0.045273,0.011321,-0.999035,0.042435,0.044831,0.042902,0.998073,0,0.57901,0.29464,34.741,0.589,-1,425.000,-1,375.000,-1,325.000,325.000,250.000,300.000,300.000,975.000,-1,-1,875.000,750.000,-1,-1,2,0,2,0,2,0,0,1,0,1,0,2,2,0,0,2,2
62,-10657.818,-611.964,33.103,-179.961,-0.998996,0.000672,0.044784,0.001177,-0.999148,0.041242,0.044773,0.041253,0.998145,0,0.57527,0.28872,34.516,0.577,-1,425.000,-1,375.000,-1,325.000,325.000,250.000,300.000,325.000,-1,-1,-1,900.000,750.000,-1,-1,2,0,2,0,2,0,0,1,0,1,2,2,2,0,0,2,2
63,-10692.133,-612.324,34.580,-179.396,-0.998963,0.010529,0.044285,-0.008756,-0.999159,0.040046,0.044669,0.039617,0.998216,0,0.57195,0.28260,34.317,0.565,-1,425.000,-1,375.000,-1,325.000,325.000,275.000,300.000,325.000,-1,-1,-1,900.000,750.000,-1,-1,2,0,2,0,2,0,0,1,0,1,2,2,2,0,0,2,2
64,-10726.266,-613.012,36.062,-178.844,-0.998838,0.020166,0.043776,-0.018468,-0.999075,0.038846,0.044519,0.037992,0.998286,0,0.56901,0.27629,34.141,0.553,-1,425.000,-1,375.000,-1,325.000,325.000,275.000,300.000,350.000,-1,-1,-1,900.000,750.000,-1,-1,2,0,2,0,2,0,0,1,0,1,2,2,2,0,0,2,2
65,-10765.185,-614.335,37.767,-178.051,-0.998489,0.033986,0.043177,-0.032376,-0.998773,0.037469,0.044397,0.036014,0.998365,0,0.64901,0.39629,38.941,0.793,-1,400.000,-1,375.000,-1,325.000,325.000,300.000,300.000,350.000,-1,-1,-1,900.000,775.000,-1,-1,2,0,2,0,2,0,0,1,0,1,2,2,2,0,0,2,2
66,-10808.745,-616.603,39.697,-177.019,-0.997744,0.051984,0.042479,-0.050472,-0.998080,0.035910,0.044264,0.033685,0.998452,0,0.72700,0.51629,43.620,1.033,-1,400.000,-1,375.000,-1,325.000,325.000,300.000,300.000,375.000,-1,-1,-1,900.000,775.000,-1,-1,2,0,2,0,2,0,0,1,0,1,2,2,2,0,0,2,2
67,-10852.200,-619.834,41.645,-175.746,-0.996373,0.074143,0.041749,-0.072733,-0.996760,0.034332,0.044160,0.031171,0.998538,0,0.72625,0.63629,43.575,1.273,-1,425.000,-1,400.000,-1,325.000,325.000,300.000,300.000,400.000,-1,-1,-1,900.000,775.000,-1,-1,2,0,2,0,2,0,0,0,0,1,2,2,2,0,0,2,2
68,-10895.598,-624.215,43.615,-174.233,-0.994099,0.100437,0.040984,-0.099131,-0.994536,0.032725,0.044047,0.028469,0.998624,0,0.72699,0.75629,43.619,1.513,-1,425.000,-1,400.000,-1,325.000,325.000,300.000,300.000,425.000,-1,-1,-1,900.000,775.000,-1,-1,2,0,2,0,2,0,0,0,0,1,2,2,2,0,0,2,2
69,-10938.966,-629.938,45.610,-172.481,-0.990592,0.130816,0.040178,-0.129620,-0.991077,0.031080,0.043885,0.025580,0.998709,0,0.72907,0.87629,43.744,1.753,-1,425.000,-1,400.000,-1,325.000,325.000,300.000,300.000,450.000,-1,-1,-1,900.000,800.000,-1,-1,2,0,2,0,2,0,0,0,0,1,2,2,2,0,0,2,2
70,-10982.302,-637.198,47.631,-170.488,-0.985474,0.165209,0.039330,-0.164125,-0.986002,0.029390,0.043635,0.022508,0.998794,0,0.73233,0.99629,43.940,1.993,-1,425.000,-1,400.000,-1,325.000,325.000,300.000,300.000,475.000,-1,-1,-1,900.000,800.000,-1,1000.000,2,0,2,0,2,0,0,0,0,1,2,2,2,0,0,2,1
71,-11025.611,-646.018,49.677,-168.488,-0.979137,0.199532,0.038441,-0.198561,-0.979698,0.027658,0.043179,0.019448,0.998878,0,0.73664,1.00000,44.199,2.000,-1,425.000,1000.000,400.000,1000.000,325.000,325.000,300.000,300.000,500.000,-1,-1,-1,900.000,800.000,-1,950.000,2,0,1,0,1,0,0,0,0,1,2,2,2,0,1,2,1
72,-11068.840,-656.405,51.727,-166.488,-0.971606,0.233615,0.037489,-0.232759,-0.972191,0.025833,0.042482,0.016373,0.998963,0,0.74099,1.00000,44.459,2.000,-1,425.000,950.000,400.000,925.000,325.000,325.000,300.000,300.000,525.000,-1,-1,-1,900.000,775.000,-1,875.000,2,0,1,0,1,0,0,0,0,1,2,2,2,0,1,2,1
73,-11111.930,-668.363,53.595,-164.488,-0.962891,0.267411,0.036488,-0.266642,-0.963481,0.024624,0.041740,0.013981,0.999031,0,0.74531,1.00000,44.719,2.000,-1,425.000,925.000,400.000,875.000,325.000,325.000,300.000,300.000,575.000,-1,-1,-1,875.000,725.000,-1,825.000,2,0,1,0,1,0,0,0,0,1,2,2,2,0,1,2,1
74,-11154.822,-681.897,55.272,-162.488,-0.953028,0.300879,0.034781,-0.300181,-0.953582,0.023937,0.040369,0.012373,0.999108,0,0.74962,1.00000,44.977,2.000,-1,425.000,900.000,400.000,800.000,325.000,325.000,300.000,300.000,600.000,-1,-1,-1,875.000,700.000,-1,775.000,2,0,1,0,1,0,0,0,0,1,2,2,2,0,1,2,1
75,-11197.458,-697.005,56.961,-160.488,-0.942000,0.333982,0.033057,-0.333354,-0.942518,0.023132,0.038882,0.010770,0.999186,0,0.75390,1.00000,45.234,2.000,-1,425.000,850.000,400.000,750.000,325.000,325.000,300.000,300.000,650.000,-1,-1,-1,875.000,650.000,-1,725.000,2,0,1,0,1,0,0,0,0,1,2,2,2,1,1,2,1
76,-11239.778,-713.684,58.614,-158.488,-0.929814,0.366678,0.031518,-0.366122,-0.930304,0.022106,0.037427,0.009015,0.999259,0,0.75814,1.00000,45.488,2.000,-1,425.000,825.000,400.000,675.000,325.000,325.000,300.000,300.000,675.000,-1,-1,-1,850.000,625.000,-1,675.000,2,0,1,0,1,0,0,0,0,1,2,2,2,1,1,2,1
77,-11281.720,-731.931,60.229,-156.488,-0.916486,0.398928,0.030163,-0.398444,-0.916954,0.020901,0.035996,0.007137,0.999326,0,0.76233,1.00000,45.740,2.000,-1,425.000,800.000,400.000,625.000,325.000,325.000,300.000,300.000,725.000,-1,-1,-1,825.000,600.000,-1,625.000,2,0,1,0,1,0,0,0,0,1,2,2,2,1,1,2,1
78,-11323.225,-751.738,61.808,-154.488,-0.902039,0.430691,0.028815,-0.430282,-0.902484,0.019481,0.034395,0.005174,0.999395,0,0.76649,1.00000,45.989,2.000,-1,400.000,775.000,400.000,575.000,325.000,325.000,300.000,300.000,775.000,-1,-1,-1,825.000,550.000,-1,575.000,2,0,1,0,1,0,0,0,0,1,2,2,2,1,1,2,1
79,-11364.232,-773.096,63.367,-152.488,-0.886490,0.461929,0.027525,-0.461590,-0.886911,0.017981,0.032718,0.003234,0.999459,0,0.77058,1.00000,46.235,2.000,-1,400.000,750.000,400.000,525.000,325.000,325.000,300.000,300.000,825.000,-1,-1,-1,800.000,525.000,-1,525.000,2,0,1,0,1,0,0,0,0,1,2,2,2,1,1,2,1
80,-11408.645,-798.235,65.061,-150.488,-0.869860,0.492603,0.026193,-0.492334,-0.870253,0.016330,0.030839,0.001309,0.999523,0,0.85058,1.00000,51.035,2.000,-1,400.000,725.000,400.000,475.000,325.000,325.000,300.000,300.000,900.000,-1,-1,-1,775.000,500.000,-1,475.000,2,0,1,0,1,0,0,0,0,1,2,2,2,1,1,2,1
81,-11455.569,-827.003,66.843,-148.488,-0.852170,0.522674,0.024865,-0.522471,-0.852532,0.014578,0.028818,-0.000569,0.999585,0,0.91734,1.00000,55.040,2.000,-1,400.000,700.000,400.000,425.000,325.000,325.000,300.000,300.000,975.000,-1,-1,-1,750.000,450.000,-1,425.000,2,0,1,1,1,0,0,0,0,1,2,2,2,1,1,2,1
82,-11501.751,-857.584,68.585,-146.488,-0.833438,0.552107,0.023649,-0.551963,-0.833770,0.012849,0.026812,-0.002344,0.999638,0,0.92316,1.00000,55.390,2.000,-1,400.000,675.000,375.000,375.000,325.000,325.000,300.000,300.000,-1,-1,-1,-1,725.000,425.000,-1,375.000,2,0,1,1,1,0,0,0,0,2,2,2,2,1,1,2,1
83,-11547.083,-889.934,70.278,-144.488,-0.813687,0.580866,0.022547,-0.580773,-0.813989,0.011166,0.024839,-0.004009,0.999683,0,0.92818,1.00000,55.691,2.000,-1,400.000,625.000,350.000,325.000,325.000,325.000,300.000,300.000,-1,-1,-1,-1,725.000,400.000,-1,325.000,2,0,1,1,1,0,0,0,0,2,2,2,2,1,1,2,1
84,-11591.452,-923.994,71.872,-142.488,-0.792941,0.608916,0.021566,-0.608862,-0.793216,0.009737,0.023035,-0.005409,0.999720,0,0.93225,1.00000,55.935,2.000,-1,400.000,600.000,325.000,275.000,325.000,325.000,300.000,300.000,-1,-1,-1,-1,700.000,350.000,-1,275.000,2,0,1,1,1,0,0,0,0,2,2,2,2,1,1,2,1
85,-11634.742,-959.694,73.170,-140.488,-0.771225,0.636227,0.020668,-0.636183,-0.771480,0.009477,0.021975,-0.005840,0.999741,0,0.93519,1.00000,56.111,2.000,-1,400.000,575.000,300.000,225.000,325.000,300.000,300.000,300.000,-1,-1,-1,-1,675.000,325.000,-1,250.000,2,0,1,1,1,0,1,0,0,2,2,2,2,1,1,2,1
86,-11673.307,-993.541,74.298,-138.728,-0.751339,0.659620,0.019792,-0.659584,-0.751575,0.009217,0.020955,-0.006129,0.999762,0,0.85519,0.88000,51.311,1.760,-1,400.000,550.000,275.000,175.000,325.000,300.000,300.000,300.000,-1,-1,-1,-1,675.000,300.000,-1,200.000,2,0,1,1,1,0,1,0,0,2,2,2,2,1,1,2,1
87,-11707.438,-1025.138,75.263,-137.208,-0.733591,0.679322,0.019126,-0.679294,-0.733812,0.008936,0.020106,-0.006437,0.999777,0,0.77519,0.76000,46.511,1.520,-1,400.000,550.000,250.000,150.000,325.000,275.000,300.000,300.000,-1,-1,-1,-1,650.000,275.000,-1,175.000,2,0,1,1,1,0,1,0,0,2,2,2,2,1,1,2,1
88,-11737.407,-1054.151,77.610,-135.928,-0.718061,0.695507,0.025673,-0.695572,-0.718414,0.007751,0.023835,-0.012292,0.999640,0,0.69519,0.64000,41.711,1.280,-1,400.000,525.000,225.000,125.000,325.000,250.000,300.000,325.000,-1,-1,-1,-1,650.000,275.000,-1,150.000,2,0,1,1,1,0,1,0,1,2,2,2,2,1,1,2,1
89,-11763.454,-1080.305,83.970,-134.888,-0.704214,0.708088,0.051907,-0.708864,-0.705329,0.004680,0.039926,-0.033499,0.998641,0,0.61519,0.52000,36.911,1.040,-1,450.000,650.000,225.000,125.000,350.000,250.000,275.000,300.000,-1,-1,-1,-1,725.000,275.000,-1,150.000,2,0,1,1,1,1,1,0,1,2,2,2,2,1,1,2,1
90,-11785.793,-1103.375,89.283,-134.088,-0.692813,0.717329,0.073825,-0.719146,-0.694853,0.002769,0.053284,-0.051173,0.997267,0,0.53519,0.40000,32.111,0.800,-1,475.000,-1,250.000,125.000,350.000,250.000,275.000,300.000,950.000,325.000,-1,-1,875.000,275.000,-1,125.000,2,1,2,1,1,1,1,0,1,1,0,2,2,1,1,2,1
91,-11804.599,-1123.183,93.674,-133.528,-0.684211,0.723467,0.091934,-0.726447,-0.687221,0.001506,0.064269,-0.065755,0.995764,0,0.45519,0.28000,27.311,0.560,-1,475.000,-1,250.000,125.000,350.000,250.000,275.000,300.000,750.000,175.000,400.000,-1,-1,300.000,-1,125.000,2,1,2,1,1,1,1,0,1,1,0,0,2,2,1,2,1
92,-11820.007,-1139.597,97.240,-133.208,-0.678655,0.726674,0.106645,-0.730804,-0.682587,0.000517,0.073170,-0.077586,0.994297,0,0.37519,0.16000,22.511,0.320,-1,500.000,-1,250.000,125.000,350.000,250.000,250.000,275.000,675.000,100.000,300.000,-1,-1,300.000,-1,125.000,2,1,2,1,1,1,1,0,1,1,0,0,2,2,1,2,1
93,-11832.112,-1152.528,100.054,-133.128,-0.676307,0.727065,0.118263,-0.732240,-0.681046,-0.000464,0.080205,-0.086911,0.992982,0,0.29519,0.04000,17.711,0.080,-1,500.000,-1,250.000,125.000,350.000,250.000,250.000,275.000,600.000,100.000,275.000,-1,-1,300.000,-1,125.000,2,1,2,1,1,1,1,0,1,0,0,0,2,2,1,2,1
94,-11840.962,-1161.931,102.163,-133.288,-0.677264,0.724699,0.126982,-0.730753,-0.682640,-0.001609,0.085517,-0.093882,0.991904,0,0.21519,-0.08000,12.911,-0.160,-1,500.000,-1,250.000,125.000,350.000,250.000,250.000,275.000,550.000,75.000,250.000,-1,-1,300.000,-1,125.000,2,1,2,1,1,1,1,0,1,0,0,0,2,2,1,2,1
95,-11846.563,-1167.800,103.587,-133.688,-0.681567,0.719589,0.132884,-0.726301,-0.687370,-0.003009,0.089176,-0.098565,0.991127,0,0.13519,-0.20000,8.111,-0.400,-1,500.000,-1,250.000,125.000,350.000,250.000,250.000,275.000,500.000,75.000,250.000,-1,-1,300.000,-1,125.000,2,1,2,1,1,1,1,0,1,0,0,0,2,2,1,2,1
96,-11848.876,-1170.171,104.325,-134.328,-0.689210,0.711696,0.135937,-0.718802,-0.695199,-0.004674,0.091177,-0.100933,0.990706,0,0.05519,-0.32000,3.311,-0.640,-1,475.000,-1,250.000,125.000,350.000,250.000,250.000,275.000,475.000,75.000,250.000,-1,-1,300.000,-1,125.000,2,1,2,1,1,1,1,0,1,0,0,0,2,2,1,2,1
97,-11847.822,-1169.121,104.325,-135.127,-0.699146,0.701944,0.135904,-0.709117,-0.705062,-0.006346,0.091366,-0.100809,0.990702,0,-0.02481,-0.39939,-1.489,-0.799,-1,475.000,-1,225.000,125.000,325.000,250.000,250.000,300.000,475.000,75.000,250.000,-1,-1,300.000,-1,125.000,2,1,2,1,1,1,1,0,1,0,0,0,2,2,1,2,1
98,-11843.306,-1164.744,103.503,-135.921,-0.709341,0.692312,0.132439,-0.699163,-0.714923,-0.007511,0.089483,-0.097924,0.991163,0,-0.10481,-0.39679,-6.289,-0.794,-1,475.000,-1,225.000,125.000,325.000,250.000,250.000,300.000,500.000,75.000,250.000,-1,-1,275.000,-1,125.000,2,1,2,1,1,1,1,0,1,0,0,0,2,2,1,2,1
99,-11835.238,-1157.137,101.821,-136.707,-0.719752,0.682813,0.125393,-0.688957,-0.724758,-0.008000,0.085417,-0.092148,0.992075,0,-0.18481,-0.39318,-11.089,-0.786,-1,450.000,-1,225.000,125.000,325.000,250.000,250.000,300.000,550.000,75.000,275.000,-1,-1,275.000,-1,125.000,2,1,2,1,1,1,1,0,1,0,0,0,2,2,1,2,1
100,-11823.531,-1146.394,99.237,-137.484,-0.730302,0.673444,0.114594,-0.678537,-0.734526,-0.007638,0.079029,-0.083334,0.993383,0,-0.26481,-0.38862,-15.889,-0.777,-1,450.000,-1,225.000,125.000,325.000,250.000,250.000,325.000,625.000,100.000,300.000,-1,-1,275.000,-1,125.000,2,1,2,1,1,1,1,0,1,0,0,0,2,2,1,2,1
101,-11808.100,-1132.611,95.698,-138.250,-0.740874,0.664181,0.099848,-0.667969,-0.744163,-0.006241,0.070158,-0.071319,0.994983,0,-0.34481,-0.38315,-20.689,-0.766,-1,425.000,-1,225.000,125.000,325.000,250.000,250.000,325.000,675.000,125.000,350.000,-1,-1,275.000,-1,125.000,2,1,2,1,1,1,1,0,1,1,0,0,2,2,1,2,1
102,-11791.617,-1118.276,91.823,-139.004,-0.751069,0.654894,0.083721,-0.657459,-0.753479,-0.004168,0.060352,-0.058174,0.996481,0,-0.36405,-0.37685,-21.843,-0.754,-1,425.000,550.000,225.000,125.000,325.000,225.000,275.000,325.000,725.000,225.000,525.000,-1,675.000,250.000,-1,125.000,2,1,1,1,1,1,1,0,1,1,0,0,2,1,1,2,1
103,-11775.057,-1104.246,87.845,-139.745,-0.760762,0.645543,0.067190,-0.647086,-0.762416,-0.001579,0.050207,-0.044679,0.997739,0,-0.36172,-0.37051,-21.703,-0.741,-1,425.000,500.000,225.000,125.000,300.000,225.000,275.000,350.000,775.000,575.000,-1,-1,625.000,250.000,-1,125.000,2,1,1,1,1,1,1,0,1,1,0,2,2,1,1,2,1
104,-11758.411,-1090.507,83.763,-140.474,-0.769946,0.636126,0.050265,-0.636871,-0.770969,0.001535,0.039729,-0.030831,0.998735,0,-0.35971,-0.36440,-21.583,-0.729,-1,425.000,475.000,225.000,125.000,300.000,225.000,275.000,350.000,825.000,-1,-1,-1,575.000,250.000,-1,125.000,2,1,1,1,1,1,1,0,1,1,2,2,2,1,1,2,1
105,-11745.376,-1079.935,80.505,-140.963,-0.775965,0.629702,0.036794,-0.629998,-0.776584,0.004359,0.031319,-0.019798,0.999313,0,-0.27971,-0.24440,-16.783,-0.489,-1,400.000,475.000,225.000,125.000,300.000,225.000,300.000,350.000,875.000,-1,-1,-1,575.000,250.000,-1,125.000,2,1,1,1,1,1,1,0,1,1,2,2,2,1,1,2,1
106,-11734.788,-1071.424,77.816,-141.212,-0.779069,0.626411,0.025706,-0.626465,-0.779419,0.006886,0.024349,-0.010739,0.999646,0,-0.22640,-0.12440,-13.584,-0.249,-1,400.000,450.000,225.000,125.000,300.000,225.000,300.000,325.000,925.000,-1,-1,-1,550.000,250.000,-1,150.000,2,1,1,1,1,1,1,0,0,1,2,2,2,1,1,2,1
107,-11724.220,-1062.933,75.958,-141.220,-0.779346,0.626320,0.018515,-0.626279,-0.779551,0.008628,0.019838,-0.004871,0.999791,0,-0.22594,-0.00440,-13.557,-0.009,-1,400.000,450.000,225.000,125.000,300.000,225.000,300.000,300.000,950.000,-1,-1,-1,550.000,250.000,-1,150.000,2,0,1,1,1,1,1,0,0,1,2,2,2,1,1,2,1
108,-11713.684,-1054.398,75.677,-140.989,-0.776808,0.629460,0.018698,-0.629419,-0.777017,0.008727,0.020022,-0.004990,0.999787,0,-0.22598,0.11560,-13.559,0.231,-1,400.000,475.000,225.000,150.000,325.000,250.000,300.000,300.000,975.000,-1,-1,-1,575.000,250.000,-1,150.000,2,0,1,1,1,1,1,0,0,1,2,2,2,1,1,2,1
109,-11703.188,-1045.768,75.394,-140.570,-0.772174,0.635131,0.018888,-0.635091,-0.772387,0.008831,0.020197,-0.005177,0.999783,0,-0.22647,0.20973,-13.588,0.419,-1,400.000,500.000,250.000,150.000,325.000,250.000,300.000,300.000,-1,-1,-1,-1,600.000,275.000,-1,175.000,2,0,1,1,1,0,1,0,0,2,2,2,2,1,1,2,1
110,-11692.718,-1037.028,75.107,-140.148,-0.767472,0.640799,0.019083,-0.640759,-0.767690,0.008935,0.020376,-0.005370,0.999778,0,-0.22731,0.21089,-13.639,0.422,-1,400.000,525.000,250.000,175.000,325.000,275.000,300.000,300.000,-1,-1,-1,-1,625.000,275.000,-1,175.000,2,0,1,1,1,0,1,0,0,2,2,2,2,1,1,2,1
111,-11682.273,-1028.178,74.817,-139.724,-0.762702,0.646463,0.019283,-0.646424,-0.762925,0.009042,0.020557,-0.005569,0.999773,0,-0.22817,0.21204,-13.690,0.424,-1,400.000,525.000,250.000,175.000,325.000,275.000,300.000,300.000,-1,-1,-1,-1,650.000,300.000,-1,200.000,2,0,1,1,1,0,1,0,0,2,2,2,2,1,1,2,1
112,-11671.855,-1019.216,74.525,-139.297,-0.757864,0.652121,0.019488,-0.652083,-0.758093,0.009149,0.020740,-0.005774,0.999768,0,-0.22904,0.21318,-13.742,0.426,-1,400.000,550.000,275.000,175.000,325.000,275.000,300.000,300.000,-1,-1,-1,-1,650.000,300.000,-1,200.000,2,0,1,1,1,0,1,0,0,2,2,2,2,1,1,2,1
113,-11661.464,-1010.141,74.229,-138.869,-0.752959,0.657773,0.019699,-0.657735,-0.753192,0.009258,0.020927,-0.005985,0.999763,0,-0.22993,0.21430,-13.796,0.429,-1,400.000,575.000,275.000,200.000,325.000,300.000,300.000,300.000,-1,-1,-1,-1,675.000,325.000,-1,225.000,2,0,1,1,1,0,1,0,0,2,2,2,2,1,1,2,1
114,-11651.101,-1000.953,73.931,-138.438,-0.747985,0.663417,0.019914,-0.663380,-0.748224,0.009369,0.021116,-0.006203,0.999758,0,-0.23083,0.21541,-13.850,0.431,-1,400.000,600.000,275.000,200.000,325.000,300.000,300.000,300.000,-1,-1,-1,-1,700.000,325.000,-1,225.000,2,0,1,1,1,0,1,0,0,2,2,2,2,1,1,2,1
115,-11640.767,-991.650,73.622,-138.005,-0.742942,0.669052,0.020174,-0.669016,-0.743188,0.009475,0.021333,-0.006457,0.999752,0,-0.23175,0.21652,-13.905,0.433,-1,400.000,625.000,300.000,225.000,325.000,325.000,300.000,300.000,-1,-1,-1,-1,725.000,325.000,-1,250.000,2,0,1,1,1,0,1,0,0,2,2,2,2,1,1,2,1
116,-11630.463,-982.231,73.300,-137.570,-0.737829,0.674677,0.020490,-0.674642,-0.738083,0.009576,0.021584,-0.006758,0.999744,0,-0.23268,0.21761,-13.961,0.435,-1,400.000,650.000,300.000,225.000,325.000,325.000,300.000,300.000,-1,-1,-1,-1,750.000,350.000,-1,250.000,2,0,1,1,1,0,1,0,0,2,2,2,2,1,1,2,1
117,-11620.189,-972.695,72.974,-137.132,-0.732647,0.680290,0.020816,-0.680258,-0.732909,0.009679,0.021840,-0.007069,0.999736,0,-0.23362,0.21870,-14.017,0.437,-1,400.000,675.000,325.000,250.000,325.000,325.000,300.000,300.000,-1,-1,-1,-1,775.000,350.000,-1,275.000,2,0,1,1,1,0,0,0,0,2,2,2,2,1,1,2,1
118,-11609.947,-963.041,72.644,-136.693,-0.727397,0.685891,0.021151,-0.685861,-0.727667,0.009785,0.022103,-0.007389,0.999728,0,-0.23458,0.21978,-14.075,0.440,-1,400.000,700.000,325.000,250.000,325.000,325.000,300.000,300.000,-1,-1,-1,-1,775.000,375.000,-1,275.000,2,0,1,1,1,0,0,0,0,2,2,2,2,1,1,2,1
119,-11599.738,-953.268,72.310,-136.251,-0.722077,0.691478,0.021497,-0.691451,-0.722356,0.009894,0.022370,-0.007720,0.999720,0,-0.23554,0.22085,-14.133,0.442,-1,400.000,725.000,325.000,250.000,325.000,325.000,300.000,300.000,-1,-1,-1,-1,775.000,375.000,-1,300.000,2,0,1,1,1,0,0,0,0,2,2,2,2,0,1,2,1
120,-11589.563,-943.376,71.972,-135.807,-0.716688,0.697051,0.021853,-0.697026,-0.716976,0.010007,0.022643,-0.008061,0.999711,0,-0.23653,0.22191,-14.192,0.444,-1,400.000,750.000,350.000,275.000,325.000,325.000,300.000,300.000,-1,-1,-1,-1,775.000,400.000,-1,300.000,2,0,1,1,1,0,0,0,0,2,2,2,2,0,1,2,1
121,-11579.422,-933.362,71.630,-135.361,-0.711230,0.702608,0.022220,-0.702586,-0.711527,0.010123,0.022922,-0.008412,0.999702,0,-0.23752,0.22297,-14.251,0.446,-1,400.000,800.000,350.000,275.000,325.000,325.000,300.000,300.000,-1,-1,-1,-1,775.000,400.000,-1,325.000,2,0,1,1,1,0,0,0,0,2,2,2,2,0,1,2,1
122,-11569.318,-923.227,71.282,-134.913,-0.705702,0.708148,0.022587,-0.708129,-0.706009,0.010243,0.023201,-0.008766,0.999692,0,-0.23852,0.22402,-14.311,0.448,-1,400.000,825.000,375.000,300.000,325.000,325.000,300.000,300.000,-1,-1,-1,-1,775.000,425.000,-1,325.000,2,0,1,1,1,0,0,0,0,2,2,2,2,0,1,2,1
123,-11562.627,-916.467,71.049,-134.705,-0.703119,0.710706,0.022822,-0.710687,-0.703432,0.010320,0.023389,-0.008963,0.999686,0,-0.15852,0.10402,-9.511,0.208,-1,400.000,850.000,375.000,300.000,325.000,325.000,300.000,300.000,-1,-1,-1,-1,775.000,425.000,-1,350.000,2,0,1,1,1,0,0,0,0,2,2,2,2,0,1,2,1
124,-11559.311,-913.120,70.935,-134.737,-0.703512,0.710313,0.022927,-0.710295,-0.703828,0.010350,0.023488,-0.009003,0.999684,0,-0.07852,-0.01598,-4.711,-0.032,-1,400.000,850.000,375.000,300.000,325.000,325.000,300.000,300.000,-1,-1,-1,-1,775.000,425.000,-1,350.000,2,0,1,1,1,0,0,0,0,2,2,2,2,0,1,2,1
125,-11559.374,-913.183,70.941,-135.009,-0.706878,0.706965,0.022899,-0.706945,-0.707193,0.010332,0.023498,-0.008885,0.999684,0,0.00148,-0.13598,0.089,-0.272,-1,400.000,850.000,375.000,300.000,325.000,325.000,300.000,300.000,-1,-1,-1,-1,800.000,425.000,-1,350.000,2,0,1,1,1,0,0,0,0,2,2,2,2,0,1,2,1
126,-11562.862,-916.608,71.067,-135.521,-0.713173,0.700619,0.022738,-0.700597,-0.713483,0.010267,0.023417,-0.008608,0.999689,0,0.08148,-0.25598,4.889,-0.512,-1,400.000,825.000,375.000,300.000,325.000,325.000,300.000,300.000,-1,-1,-1,-1,800.000,425.000,-1,325.000,2,0,1,1,1,0,0,0,0,2,2,2,2,0,1,2,1
127,-11569.863,-923.305,71.314,-136.273,-0.722317,0.691198,0.022449,-0.691172,-0.722619,0.010159,0.023244,-0.008178,0.999696,0,0.16148,-0.37598,9.689,-0.752,-1,400.000,775.000,350.000,300.000,325.000,325.000,300.000,300.000,-1,-1,-1,-1,800.000,400.000,-1,325.000,2,0,1,1,1,0,0,0,0,2,2,2,2,0,1,2,1
128,-11580.505,-933.137,71.678,-137.265,-0.734189,0.678587,0.022039,-0.678556,-0.734481,0.010013,0.022982,-0.007603,0.999707,0,0.24148,-0.49598,14.489,-0.992,-1,400.000,725.000,350.000,275.000,325.000,325.000,300.000,300.000,-1,-1,-1,-1,800.000,400.000,-1,300.000,2,0,1,1,1,0,0,0,0,2,2,2,2,0,1,2,1
129,-11594.950,-945.919,72.159,-138.497,-0.748627,0.662642,0.021517,-0.662605,-0.748904,0.009836,0.022632,-0.006893,0.999720,0,0.32148,-0.61598,19.289,-1.232,-1,400.000,675.000,325.000,275.000,325.000,325.000,300.000,300.000,-1,-1,-1,-1,775.000,375.000,-1,300.000,2,0,1,1,1,0,0,0,0,2,2,2,2,1,1,2,1
130,-11613.395,-961.412,72.752,-139.969,-0.765422,0.643189,0.020900,-0.643146,-0.765683,0.009636,0.022200,-0.006066,0.999735,0,0.40148,-0.73598,24.089,-1.472,-1,400.000,625.000,300.000,250.000,325.000,325.000,300.000,300.000,-1,-1,-1,-1,725.000,350.000,-1,275.000,2,0,1,1,1,0,1,0,0,2,2,2,2,1,1,2,1
131,-11636.060,-979.324,73.438,-141.681,-0.784316,0.620031,0.020258,-0.619981,-0.784561,0.009406,0.021726,-0.005182,0.999751,0,0.48148,-0.85598,28.889,-1.712,-1,400.000,575.000,275.000,225.000,325.000,300.000,300.000,300.000,-1,-1,-1,-1,650.000,325.000,-1,250.000,2,0,1,1,1,0,1,0,0,2,2,2,2,1,1,2,1
132,-11663.187,-999.300,74.192,-143.633,-0.804998,0.592950,0.019720,-0.592895,-0.805228,0.009120,0.021287,-0.004351,0.999764,0,0.56148,-0.97598,33.689,-1.952,-1,400.000,500.000,250.000,200.000,325.000,275.000,300.000,300.000,925.000,-1,-1,-1,575.000,300.000,-1,200.000,2,0,1,1,1,0,1,0,0,1,2,2,2,1,1,2,1
