timestep,x_cm,y_cm,z_cm,yaw_deg,basis_xx,basis_xy,basis_xz,basis_yx,basis_yy,basis_yz,basis_zx,basis_zy,basis_zz,teleport_flag,throttle_cmd,steering_cmd,cmd_move_cm,cmd_turn_deg,lidar_cm_0,lidar_cm_1,lidar_cm_2,lidar_cm_3,lidar_cm_4,lidar_cm_5,lidar_cm_6,lidar_cm_7,lidar_cm_8,lidar_cm_9,lidar_cm_10,lidar_cm_11,lidar_cm_12,lidar_cm_13,lidar_cm_14,lidar_cm_15,lidar_cm_16,lidar_class_0,lidar_class_1,lidar_class_2,lidar_class_3,lidar_class_4,lidar_class_5,lidar_class_6,lidar_class_7,lidar_class_8,lidar_class_9,lidar_class_10,lidar_class_11,lidar_class_12,lidar_class_13,lidar_class_14,lidar_class_15,lidar_class_16
0,-6228.543,1635.938,83.225,-54.364,0.584236,0.811118,-0.027509,-0.810562,0.581464,-0.069920,-0.040718,0.063147,0.997173,1,0.08000,-0.08279,4.800,-0.166,-1,400.000,-1,400.000,-1,325.000,325.000,300.000,300.000,-1,-1,-1,-1,825.000,775.000,-1,-1,2,0,2,0,2,0,0,0,0,2,2,2,2,0,0,2,2
1,-6222.973,1628.120,82.833,-54.532,0.581872,0.812823,-0.027282,-0.812238,0.579101,-0.070081,-0.041165,0.062938,0.997168,0,0.16000,-0.08364,9.600,-0.167,-1,400.000,-1,400.000,-1,325.000,325.000,300.000,300.000,-1,-1,-1,-1,825.000,775.000,-1,-1,2,0,2,0,2,0,0,0,0,2,2,2,2,0,0,2,2
2,-6214.653,1616.366,82.237,-54.704,0.579437,0.814572,-0.026944,-0.813947,0.576666,-0.070330,-0.041752,0.062683,0.997160,0,0.24000,-0.08607,14.400,-0.172,-1,400.000,-1,400.000,-1,325.000,325.000,300.000,300.000,-1,-1,-1,-1,825.000,775.000,-1,-1,2,0,2,0,2,0,0,0,0,2,2,2,2,0,0,2,2
3,-6203.608,1600.661,81.431,-54.884,0.576884,0.816396,-0.026495,-0.815721,0.574113,-0.070667,-0.042481,0.062380,0.997148,0,0.32000,-0.09007,19.200,-0.180,-1,400.000,-1,400.000,-1,325.000,325.000,300.000,300.000,-1,-1,-1,-1,825.000,775.000,-1,-1,2,0,2,0,2,0,0,0,0,2,2,2,2,0,0,2,2
4,-6189.869,1580.983,80.409,-55.075,0.574167,0.818327,-0.025936,-0.817590,0.571396,-0.071087,-0.043352,0.062021,0.997133,0,0.40000,-0.09566,24.000,-0.191,-1,400.000,-1,400.000,1000.000,325.000,325.000,300.000,300.000,-1,-1,-1,-1,825.000,775.000,-1,-1,2,0,2,0,1,0,0,0,0,2,2,2,2,0,0,2,2
5,-6173.466,1557.310,79.160,-55.281,0.571239,0.820395,-0.025268,-0.819584,0.568470,-0.071587,-0.044366,0.061603,0.997114,0,0.48000,-0.10285,28.800,-0.206,-1,400.000,-1,400.000,975.000,325.000,325.000,300.000,300.000,-1,-1,-1,-1,800.000,775.000,-1,-1,2,0,2,0,1,0,0,0,0,2,2,2,2,0,0,2,2
6,-6154.437,1529.617,77.674,-55.504,0.568052,0.822628,-0.024492,-0.821733,0.565285,-0.072167,-0.045522,0.061121,0.997092,0,0.56000,-0.11163,33.600,-0.223,-1,400.000,-1,400.000,950.000,325.000,325.000,300.000,300.000,-1,-1,-1,-1,800.000,750.000,-1,-1,2,0,2,0,1,0,0,0,0,2,2,2,2,0,0,2,2
7,-6132.825,1497.877,75.915,-55.748,0.564559,0.825052,-0.023718,-0.824067,0.561792,-0.072816,-0.046752,0.060655,0.997063,0,0.64000,-0.12202,38.400,-0.244,-1,400.000,-1,400.000,925.000,325.000,325.000,300.000,300.000,-1,-1,-1,-1,800.000,750.000,-1,975.000,2,0,2,0,1,0,0,0,0,2,2,2,2,0,0,2,1
8,-6108.678,1462.055,73.864,-56.016,0.560711,0.827693,-0.022970,-0.826617,0.557941,-0.073529,-0.048043,0.060216,0.997029,0,0.72000,-0.13403,43.200,-0.268,-1,400.000,-1,400.000,875.000,325.000,325.000,300.000,300.000,-1,-1,-1,-1,800.000,750.000,-1,925.000,2,0,2,0,1,0,0,0,0,2,2,2,2,0,0,2,1
9,-6082.054,1422.115,71.527,-56.312,0.556455,0.830582,-0.022144,-0.829404,0.553685,-0.074309,-0.049459,0.059716,0.996989,0,0.80000,-0.14764,48.000,-0.295,-1,400.000,-1,400.000,850.000,325.000,325.000,300.000,300.000,-1,-1,-1,-1,775.000,750.000,-1,900.000,2,0,2,0,1,0,0,0,0,2,2,2,2,0,0,2,1
10,-6053.017,1378.016,68.934,-56.637,0.551738,0.833749,-0.021173,-0.832465,0.548985,-0.074944,-0.050861,0.058975,0.996963,0,0.88000,-0.16262,52.800,-0.325,-1,400.000,-1,400.000,800.000,325.000,325.000,300.000,300.000,-1,-1,-1,-1,775.000,750.000,-1,850.000,2,0,2,0,1,0,0,0,0,2,2,2,2,0,0,2,1
11,-6023.214,1332.162,66.301,-56.977,0.546755,0.837054,-0.019976,-0.835682,0.544068,-0.075004,-0.051914,0.057703,0.996983,0,0.91147,-0.17000,54.688,-0.340,-1,400.000,-1,400.000,750.000,325.000,325.000,300.000,300.000,-1,-1,-1,-1,775.000,725.000,-1,800.000,2,0,2,0,1,0,0,0,0,2,2,2,2,0,1,2,1
12,-5993.917,1286.471,63.614,-57.331,0.541545,0.840462,-0.018781,-0.839002,0.538928,-0.075040,-0.052947,0.056395,0.997004,0,0.90460,-0.17694,54.276,-0.354,-1,400.000,-1,375.000,700.000,325.000,325.000,300.000,300.000,-1,-1,-1,-1,775.000,700.000,-1,750.000,2,0,2,0,1,0,0,0,1,2,2,2,2,0,1,2,1
13,-5965.153,1240.975,60.902,-57.697,0.536134,0.843947,-0.017718,-0.842412,0.533583,-0.075038,-0.053875,0.055156,0.997023,0,0.89711,-0.18309,53.827,-0.366,-1,400.000,-1,375.000,650.000,325.000,325.000,300.000,275.000,-1,-1,-1,-1,775.000,650.000,-1,700.000,2,0,2,0,1,0,0,0,1,2,2,2,2,0,1,2,1
14,-5936.944,1195.699,58.145,-58.074,0.530535,0.847497,-0.016777,-0.845905,0.528057,-0.074841,-0.054568,0.053898,0.997054,0,0.88908,-0.18844,53.345,-0.377,-1,400.000,-1,375.000,625.000,325.000,325.000,300.000,275.000,-1,-1,-1,-1,750.000,625.000,-1,650.000,2,0,2,0,1,0,0,0,1,2,2,2,2,0,1,2,1
15,-5909.306,1150.667,55.331,-58.460,0.524771,0.851096,-0.015819,-0.849453,0.522372,-0.074546,-0.055183,0.052557,0.997092,0,0.88060,-0.19301,52.836,-0.386,-1,400.000,-1,375.000,575.000,325.000,325.000,300.000,275.000,-1,-1,-1,-1,750.000,600.000,-1,600.000,2,0,2,0,1,0,0,0,1,2,2,2,2,0,1,2,1
16,-5882.253,1105.901,52.545,-58.853,0.518878,0.854713,-0.015208,-0.853041,0.516543,-0.074191,-0.055557,0.051469,0.997128,0,0.87176,-0.19678,52.305,-0.394,-1,400.000,-1,375.000,525.000,325.000,325.000,300.000,275.000,-1,-1,-1,-1,750.000,550.000,-1,550.000,2,0,2,0,1,0,0,0,1,2,2,2,2,0,1,2,1
17,-5855.791,1061.418,49.847,-59.253,0.512887,0.858321,-0.015241,-0.856660,0.510586,-0.073729,-0.055501,0.050871,0.997162,0,0.86264,-0.19978,51.759,-0.400,-1,400.000,-1,400.000,475.000,325.000,325.000,300.000,275.000,-1,-1,-1,-1,750.000,525.000,-1,500.000,2,0,2,0,1,0,0,0,1,2,2,2,2,0,1,2,1
18,-5829.926,1017.230,47.109,-59.657,0.506805,0.861925,-0.015318,-0.860279,0.504536,-0.073232,-0.055392,0.050292,0.997197,0,0.85335,-0.20201,51.201,-0.404,-1,400.000,-1,400.000,450.000,325.000,325.000,300.000,275.000,-1,-1,-1,-1,750.000,475.000,-1,450.000,2,0,2,0,1,0,0,0,1,2,2,2,2,1,1,2,1
19,-5804.656,973.348,44.344,-60.064,0.500651,0.865513,-0.015392,-0.863884,0.498415,-0.072709,-0.055259,0.049699,0.997234,0,0.84397,-0.20349,50.638,-0.407,-1,400.000,-1,375.000,400.000,325.000,325.000,300.000,300.000,-1,-1,-1,-1,725.000,450.000,-1,425.000,2,0,2,1,1,0,0,0,1,2,2,2,2,1,1,2,1
20,-5779.977,929.775,41.555,-60.473,0.494447,0.869070,-0.015461,-0.867459,0.492247,-0.072160,-0.055101,0.049091,0.997273,0,0.83460,-0.20425,50.076,-0.408,-1,400.000,-1,350.000,350.000,325.000,325.000,300.000,300.000,-1,-1,-1,-1,700.000,400.000,-1,375.000,2,0,2,1,1,0,0,0,0,2,2,2,2,1,1,2,1
21,-5755.880,886.515,38.743,-60.881,0.488216,0.872585,-0.015525,-0.870993,0.486052,-0.071585,-0.054918,0.048471,0.997314,0,0.82532,-0.20430,49.519,-0.409,-1,400.000,-1,325.000,325.000,325.000,325.000,300.000,300.000,-1,-1,-1,-1,675.000,375.000,-1,325.000,2,0,2,1,1,0,1,0,0,2,2,2,2,1,1,2,1
22,-5729.610,838.970,35.602,-61.078,0.485193,0.874268,-0.015612,-0.872708,0.483061,-0.070944,-0.054482,0.048046,0.997358,0,0.90532,-0.09842,54.319,-0.197,-1,400.000,-1,275.000,275.000,325.000,300.000,300.000,300.000,-1,-1,-1,-1,650.000,350.000,-1,275.000,2,0,2,1,1,0,1,0,0,2,2,2,2,1,1,2,1
23,-5702.478,789.450,32.405,-61.281,0.482050,0.876013,-0.015136,-0.874455,0.479978,-0.070351,-0.054364,0.047149,0.997407,0,0.94109,-0.10160,56.466,-0.203,-1,375.000,-1,250.000,225.000,300.000,250.000,300.000,300.000,-1,-1,-1,-1,625.000,300.000,-1,225.000,2,1,2,1,1,1,1,0,0,2,2,2,2,1,1,2,1
24,-5675.548,739.869,29.223,-61.490,0.478798,0.877808,-0.014354,-0.876237,0.476800,-0.069793,-0.054421,0.045995,0.997458,0,0.94038,-0.10467,56.423,-0.209,-1,350.000,-1,225.000,175.000,275.000,225.000,300.000,300.000,-1,-1,-1,-1,600.000,275.000,-1,175.000,2,1,2,1,1,1,1,0,0,2,2,2,2,1,1,2,1
25,-5648.828,690.221,31.741,-61.706,0.474449,0.880278,-0.002935,-0.879477,0.473870,-0.044348,-0.037648,0.023622,0.999012,0,0.93972,-0.10756,56.383,-0.215,-1,350.000,-1,225.000,150.000,275.000,225.000,275.000,350.000,-1,400.000,625.000,-1,750.000,250.000,-1,175.000,2,1,2,1,1,1,1,0,0,2,0,0,2,0,1,2,1
26,-5620.366,637.403,35.926,-61.681,0.474257,0.880304,0.012021,-0.880257,0.474377,-0.010654,-0.015081,-0.005529,0.999871,0,1.00000,0.01244,60.000,0.025,-1,375.000,-1,225.000,150.000,275.000,225.000,275.000,400.000,750.000,175.000,325.000,-1,850.000,275.000,-1,150.000,2,1,2,1,1,1,1,0,1,0,0,0,2,0,1,2,1
27,-5591.654,584.719,40.162,-61.416,0.478680,0.877580,0.026799,-0.877953,0.478158,0.023733,0.008014,-0.034889,0.999359,0,1.00000,0.13244,60.000,0.265,-1,400.000,-1,225.000,150.000,300.000,225.000,250.000,400.000,500.000,100.000,250.000,-1,925.000,275.000,-1,150.000,2,1,2,1,1,1,1,0,1,0,0,0,2,0,1,2,1
28,-5562.471,532.293,44.609,-60.911,0.487665,0.872085,0.040632,-0.872481,0.485178,0.058130,0.030981,-0.063799,0.997482,0,1.00000,0.25244,60.000,0.505,-1,475.000,-1,225.000,150.000,300.000,250.000,250.000,400.000,350.000,50.000,225.000,-1,-1,325.000,-1,150.000,2,1,2,1,1,1,1,0,1,0,0,0,2,2,1,2,1
29,-5532.603,480.253,49.141,-60.166,0.501123,0.863733,0.053310,-0.863685,0.495344,0.093178,0.054074,-0.092737,0.994221,0,1.00000,0.37244,60.000,0.745,-1,600.000,-1,250.000,125.000,350.000,275.000,225.000,375.000,275.000,25.000,200.000,-1,-1,375.000,-1,125.000,2,0,2,1,1,1,1,0,1,0,0,0,2,2,1,2,1
30,-5501.854,428.728,53.666,-59.181,0.517917,0.853900,0.051154,-0.851885,0.509407,0.121642,0.077811,-0.106578,0.991255,0,1.00000,0.49244,60.000,0.985,-1,650.000,-1,300.000,100.000,425.000,300.000,225.000,350.000,225.000,25.000,175.000,-1,-1,475.000,-1,125.000,2,0,2,1,1,1,1,0,1,0,0,0,2,2,1,2,1
31,-5575.478,5575.375,411.843,-162.273,-0.929697,0.304263,-0.207576,-0.288188,-0.951857,-0.104478,-0.229372,-0.037312,0.972624,1,0.00000,0.00000,60.000,1.225,150.000,200.000,-1,400.000,-1,200.000,275.000,450.000,225.000,-1,175.000,125.000,-1,250.000,650.000,150.000,-1,1,1,2,1,2,1,1,0,1,2,1,1,2,1,1,1,2
32,-4260.637,-9507.208,323.472,52.493,0.608150,-0.793133,0.033081,0.793282,0.608745,0.011518,-0.029273,0.019238,0.999386,1,0.08000,0.12000,4.800,0.240,-1,425.000,-1,400.000,-1,350.000,325.000,325.000,300.000,-1,-1,-1,-1,-1,850.000,-1,-1,2,0,2,0,2,0,0,0,0,2,2,2,2,2,0,2,2
33,-4254.856,-9499.544,323.163,52.973,0.601451,-0.798199,0.033674,0.798347,0.602075,0.012165,-0.029984,0.019567,0.999359,0,0.16000,0.24000,9.600,0.480,-1,425.000,-1,400.000,-1,350.000,325.000,325.000,300.000,-1,-1,-1,-1,-1,850.000,-1,-1,2,0,2,0,2,0,0,0,0,2,2,2,2,2,0,2,2
34,-4246.329,-9487.939,322.704,53.693,0.591323,-0.805694,0.034544,0.805836,0.591992,0.013163,-0.031055,0.020053,0.999316,0,0.24000,0.36000,14.400,0.720,-1,425.000,-1,400.000,-1,350.000,325.000,325.000,300.000,-1,-1,-1,-1,-1,825.000,-1,-1,2,0,2,0,2,0,0,0,0,2,2,2,2,2,0,2,2
35,-4235.216,-9472.282,322.104,54.632,0.577971,-0.815277,0.035670,0.815410,0.578701,0.014538,-0.032495,0.020683,0.999258,0,0.32000,0.46950,19.200,0.939,-1,425.000,-1,400.000,-1,350.000,325.000,325.000,300.000,-1,-1,-1,-1,-1,825.000,-1,-1,2,0,2,0,2,0,0,0,0,2,2,2,2,2,0,2,2
36,-4221.648,-9452.486,321.388,55.574,0.564407,-0.824665,0.037044,0.824778,0.565220,0.016347,-0.034419,0.021326,0.999180,0,0.40000,0.47074,24.000,0.941,-1,425.000,-1,400.000,-1,325.000,325.000,325.000,300.000,-1,-1,-1,-1,1000.000,825.000,-1,-1,2,0,2,0,2,0,0,0,0,2,2,2,2,0,0,2,2
37,-4205.759,-9428.465,320.546,56.518,0.550621,-0.833861,0.038623,0.833941,0.551539,0.018664,-0.036865,0.021932,0.999080,0,0.48000,0.47237,28.800,0.945,-1,425.000,-1,400.000,-1,325.000,325.000,325.000,300.000,-1,-1,-1,-1,1000.000,825.000,-1,-1,2,0,2,0,2,0,0,0,0,2,2,2,2,0,0,2,2
38,-4187.690,-9400.137,319.599,57.467,0.536602,-0.842867,0.040405,0.842897,0.537648,0.021426,-0.039783,0.022560,0.998954,0,0.56000,0.47438,33.600,0.949,-1,425.000,-1,400.000,-1,325.000,325.000,325.000,300.000,-1,-1,-1,-1,975.000,800.000,-1,-1,2,0,2,0,2,0,0,0,0,2,2,2,2,0,0,2,2
39,-4167.580,-9367.423,318.307,58.421,0.522406,-0.851705,0.041115,0.851643,0.523550,0.024485,-0.042380,0.022224,0.998854,0,0.64000,0.47679,38.400,0.954,-1,425.000,-1,400.000,-1,325.000,325.000,325.000,300.000,-1,-1,-1,-1,975.000,800.000,-1,-1,2,0,2,0,2,0,0,0,0,2,2,2,2,0,0,2,2
40,-4145.417,-9330.342,316.555,59.134,0.511755,-0.858195,0.040096,0.857988,0.512924,0.027662,-0.044306,0.020246,0.998813,0,0.72000,0.35679,43.200,0.714,-1,425.000,-1,400.000,-1,325.000,325.000,325.000,300.000,-1,-1,-1,-1,950.000,800.000,-1,-1,2,0,2,0,2,0,0,0,0,2,2,2,2,0,0,2,2
41,-4121.413,-9289.417,314.639,59.608,0.504660,-0.862446,0.038802,0.862070,0.505837,0.031046,-0.046403,0.017783,0.998765,0,0.79075,0.23679,47.445,0.474,-1,425.000,-1,400.000,-1,325.000,325.000,325.000,275.000,-1,-1,-1,-1,950.000,800.000,-1,-1,2,0,2,0,2,0,0,0,0,2,2,2,2,0,0,2,2
42,-4097.523,-9248.302,312.565,59.841,0.501180,-0.864547,0.037101,0.863954,0.502344,0.035132,-0.049011,0.014446,0.998694,0,0.79251,0.11679,47.551,0.234,-1,425.000,-1,400.000,-1,325.000,325.000,325.000,300.000,-1,-1,-1,-1,925.000,800.000,-1,-1,2,0,2,0,2,0,0,0,0,2,2,2,2,0,0,2,2
43,-4073.584,-9207.113,310.375,59.835,0.501345,-0.864534,0.035126,0.863684,0.502466,0.039716,-0.051986,0.010426,0.998593,0,0.79401,-0.00321,47.640,-0.006,-1,425.000,-1,400.000,-1,325.000,325.000,325.000,300.000,-1,-1,-1,-1,900.000,800.000,-1,-1,2,0,2,0,2,0,0,0,0,2,2,2,2,0,0,2,2
44,-4049.470,-9165.945,308.193,59.641,0.504361,-0.862855,0.033177,0.861745,0.505412,0.044215,-0.054919,0.006290,0.998471,0,0.79517,-0.09715,47.710,-0.194,-1,425.000,-1,400.000,-1,325.000,325.000,325.000,300.000,-1,-1,-1,-1,875.000,775.000,-1,-1,2,0,2,0,2,0,0,0,0,2,2,2,2,0,0,2,2
45,-4025.199,-9124.814,306.026,59.455,0.507248,-0.861232,0.031295,0.859860,0.508208,0.048635,-0.057791,0.002240,0.998326,0,0.79597,-0.09261,47.758,-0.185,-1,400.000,-1,400.000,-1,325.000,325.000,300.000,325.000,-1,-1,-1,-1,850.000,775.000,-1,-1,2,0,2,0,2,0,0,0,0,2,2,2,2,0,0,2,2
46,-4000.785,-9083.728,303.384,59.279,0.509953,-0.859668,0.030300,0.858165,0.510853,0.050813,-0.059161,0.000090,0.998248,0,0.79652,-0.08802,47.791,-0.176,-1,400.000,-1,400.000,-1,325.000,325.000,300.000,325.000,-1,-1,-1,-1,825.000,775.000,-1,-1,2,0,2,0,2,0,0,0,0,2,2,2,2,0,0,2,2
47,-3976.242,-9042.699,300.502,59.113,0.512487,-0.858177,0.029823,0.856610,0.513353,0.051852,-0.059808,-0.001027,0.998209,0,0.79683,-0.08339,47.810,-0.167,-1,400.000,-1,400.000,-1,325.000,325.000,300.000,325.000,-1,-1,-1,-1,825.000,775.000,-1,-1,2,0,2,0,2,0,0,0,0,2,2,2,2,0,0,2,2
48,-3951.584,-9001.734,297.591,58.955,0.514858,-0.856762,0.029656,0.855129,0.515708,0.052900,-0.060617,-0.001876,0.998159,0,0.79689,-0.07873,47.813,-0.157,-1,400.000,-1,400.000,-1,325.000,325.000,325.000,325.000,-1,-1,-1,-1,825.000,775.000,-1,-1,2,0,2,0,2,0,0,0,0,2,2,2,2,0,0,2,2
49,-3926.826,-8960.843,294.506,58.807,0.517027,-0.855426,0.030490,0.853719,0.517921,0.054044,-0.062022,-0.001912,0.998073,0,0.79670,-0.07405,47.802,-0.148,-1,400.000,-1,400.000,-1,325.000,325.000,325.000,325.000,-1,-1,-1,-1,825.000,750.000,-1,-1,2,0,2,0,2,0,0,0,0,2,2,2,2,0,0,2,2
50,-3901.982,-8920.033,291.461,58.668,0.519052,-0.854169,0.031313,0.852389,0.519992,0.055149,-0.063389,-0.001934,0.997987,0,0.79627,-0.06938,47.776,-0.139,-1,400.000,-1,400.000,-1,325.000,325.000,325.000,325.000,-1,-1,-1,-1,800.000,750.000,-1,-1,2,0,2,0,2,0,0,0,0,2,2,2,2,0,0,2,2
51,-3877.068,-8879.314,288.458,58.539,0.520934,-0.852992,0.032123,0.851140,0.521920,0.056216,-0.064717,-0.001944,0.997902,0,0.79561,-0.06473,47.737,-0.129,-1,400.000,-1,400.000,-1,325.000,325.000,325.000,325.000,-1,-1,-1,-1,800.000,725.000,-1,-1,2,0,2,0,2,0,0,0,0,2,2,2,2,0,0,2,2
52,-3852.095,-8838.693,285.442,58.419,0.522695,-0.851895,0.032640,0.849974,0.523709,0.057213,-0.065833,-0.002162,0.997828,0,0.79472,-0.06012,47.683,-0.120,-1,400.000,-1,375.000,-1,325.000,325.000,325.000,325.000,-1,-1,-1,-1,800.000,725.000,-1,-1,2,0,2,0,2,0,0,0,0,2,2,2,2,0,0,2,2
53,-3827.078,-8798.178,282.428,58.305,0.524371,-0.850853,0.032923,0.848868,0.525398,0.058148,-0.066773,-0.002544,0.997765,0,0.79361,-0.05684,47.617,-0.114,-1,400.000,-1,375.000,-1,325.000,325.000,325.000,300.000,-1,-1,-1,-1,775.000,725.000,-1,-1,2,0,2,0,2,0,0,0,0,2,2,2,2,0,0,2,2
54,-3802.025,-8757.778,279.457,58.196,0.525976,-0.849852,0.033190,0.847803,0.527014,0.059049,-0.067674,-0.002920,0.997703,0,0.79229,-0.05446,47.538,-0.109,-1,400.000,-1,375.000,-1,325.000,325.000,325.000,300.000,-1,-1,-1,-1,775.000,725.000,-1,-1,2,0,2,0,2,0,0,0,0,2,2,2,2,0,0,2,2
55,-3776.946,-8717.500,276.470,58.091,0.527536,-0.848887,0.033127,0.846779,0.528563,0.059880,-0.068341,-0.003538,0.997656,0,0.79078,-0.05230,47.447,-0.105,-1,400.000,-1,375.000,-1,325.000,325.000,325.000,300.000,-1,-1,-1,-1,775.000,725.000,-1,-1,2,0,2,0,2,0,0,0,0,2,2,2,2,0,0,2,2
56,-3751.851,-8677.353,273.305,57.991,0.529114,-0.847951,0.031901,0.845801,0.530051,0.060549,-0.068252,-0.005055,0.997655,0,0.78908,-0.05035,47.345,-0.101,-1,400.000,-1,375.000,-1,325.000,325.000,325.000,300.000,-1,-1,-1,-1,775.000,725.000,-1,-1,2,0,2,0,2,0,0,0,0,2,2,2,2,0,0,2,2
57,-3726.747,-8637.344,270.190,57.893,0.530639,-0.847042,0.030686,0.844854,0.531485,0.061192,-0.068142,-0.006546,0.997654,0,0.78722,-0.04864,47.233,-0.097,-1,400.000,-1,375.000,-1,325.000,325.000,325.000,300.000,-1,-1,-1,-1,775.000,725.000,-1,-1,2,0,2,0,2,0,0,0,0,2,2,2,2,0,0,2,2
58,-3701.641,-8597.478,267.102,57.799,0.532121,-0.846157,0.029436,0.843926,0.532872,0.061940,-0.068097,-0.008117,0.997646,0,0.78521,-0.04715,47.113,-0.094,-1,400.000,-1,375.000,-1,325.000,325.000,325.000,300.000,-1,-1,-1,-1,750.000,725.000,-1,-1,2,0,2,0,2,0,0,0,0,2,2,2,2,0,0,2,2
59,-3676.541,-8557.760,264.039,57.707,0.533566,-0.845290,0.028153,0.843011,0.534219,0.062788,-0.068114,-0.009768,0.997630,0,0.78307,-0.04589,46.984,-0.092,-1,400.000,-1,375.000,-1,325.000,325.000,325.000,325.000,-1,-1,-1,-1,750.000,725.000,-1,-1,2,0,2,0,2,0,0,0,0,2,2,2,2,0,0,2,2
60,-3654.096,-8522.042,261.325,57.856,0.531452,-0.846658,0.027000,0.844341,0.532024,0.063556,-0.068175,-0.010979,0.997613,0,0.70307,0.07411,42.184,0.148,-1,400.000,-1,375.000,-1,325.000,325.000,325.000,325.000,-1,-1,-1,-1,750.000,725.000,-1,-1,2,0,2,0,2,0,0,0,0,2,2,2,2,0,0,2,2
61,-3634.421,-8490.254,258.924,58.244,0.525758,-0.850237,0.025996,0.847894,0.526271,0.064145,-0.068219,-0.011683,0.997602,0,0.62307,0.19411,37.384,0.388,-1,400.000,-1,375.000,-1,325.000,325.000,325.000,325.000,-1,-1,-1,-1,750.000,725.000,-1,-1,2,0,2,0,2,0,0,0,0,2,2,2,2,0,0,2,2
62,-3617.577,-8462.362,256.833,58.872,0.516443,-0.855953,0.025116,0.853596,0.516916,0.064598,-0.068276,-0.011922,0.997595,0,0.54307,0.31411,32.584,0.628,-1,400.000,-1,375.000,-1,325.000,325.000,325.000,325.000,-1,-1,-1,-1,750.000,725.000,-1,-1,2,0,2,0,2,0,0,0,0,2,2,2,2,0,0,2,2
63,-3603.575,-8438.363,254.956,59.740,0.503422,-0.863693,0.024507,0.861354,0.503889,0.064535,-0.068087,-0.011379,0.997614,0,0.46307,0.43411,27.784,0.868,-1,400.000,-1,375.000,-1,325.000,325.000,325.000,325.000,-1,-1,-1,-1,750.000,725.000,-1,-1,2,0,2,0,2,0,0,0,0,2,2,2,2,0,0,2,2
64,-3592.379,-8418.290,253.366,60.848,0.486612,-0.873287,0.024050,0.870977,0.487096,0.064309,-0.067875,-0.010347,0.997640,0,0.38307,0.55411,22.984,1.108,-1,400.000,-1,375.000,-1,325.000,325.000,325.000,325.000,-1,-1,-1,-1,775.000,725.000,-1,-1,2,0,2,0,2,0,0,0,0,2,2,2,2,0,0,2,2
65,-3583.897,-8402.205,252.107,62.197,0.465906,-0.884518,0.023671,0.882236,0.466420,0.064130,-0.067765,-0.008995,0.997661,0,0.30307,0.67411,18.184,1.348,-1,400.000,-1,375.000,-1,325.000,325.000,325.000,325.000,-1,-1,-1,-1,775.000,725.000,-1,-1,2,0,2,0,2,0,0,0,0,2,2,2,2,0,0,2,2
66,-3577.984,-8390.198,251.175,63.785,0.441173,-0.897118,0.023376,0.894862,0.441731,0.063990,-0.067733,-0.007312,0.997677,0,0.22307,0.79411,13.384,1.588,-1,400.000,-1,375.000,-1,325.000,325.000,325.000,325.000,-1,-1,-1,-1,775.000,725.000,-1,-1,2,0,2,0,2,0,0,0,0,2,2,2,2,0,0,2,2
67,-3574.439,-8382.380,250.548,65.613,0.412268,-0.910765,0.023267,0.908536,0.412891,0.063905,-0.067809,-0.005207,0.997685,0,0.14307,0.91411,8.584,1.828,-1,400.000,-1,375.000,-1,325.000,325.000,325.000,325.000,-1,-1,-1,-1,775.000,725.000,-1,-1,2,0,2,0,2,0,0,0,0,2,2,2,2,0,0,2,2
68,-3572.998,-8378.881,250.238,67.613,0.380155,-0.924629,0.023293,0.922426,0.380858,0.063859,-0.067918,-0.002790,0.997687,0,0.06307,1.00000,3.784,2.000,-1,400.000,-1,375.000,-1,325.000,325.000,325.000,325.000,-1,-1,-1,-1,775.000,725.000,-1,-1,2,0,2,0,2,0,0,0,0,2,2,2,2,0,0,2,2
69,-3573.351,-8379.833,250.264,69.613,0.347572,-0.937361,0.023393,0.935186,0.348358,0.063831,-0.067981,-0.000309,0.997687,0,-0.01693,1.00000,-1.016,2.000,-1,400.000,-1,375.000,-1,325.000,325.000,325.000,325.000,-1,-1,-1,-1,775.000,725.000,-1,-1,2,0,2,0,2,0,0,0,0,2,2,2,2,0,0,2,2
70,-3575.186,-8385.351,250.624,71.613,0.314558,-0.948946,0.023573,0.946801,0.315432,0.063806,-0.067984,0.002248,0.997684,0,-0.09693,1.00000,-5.816,2.000,-1,400.000,-1,375.000,-1,325.000,325.000,325.000,325.000,-1,-1,-1,-1,800.000,725.000,-1,-1,2,0,2,0,2,0,0,0,0,2,2,2,2,0,0,2,2
71,-3578.180,-8395.536,251.320,73.613,0.281153,-0.959367,0.023843,0.957257,0.282119,0.063775,-0.067910,0.004893,0.997679,0,-0.17693,1.00000,-10.616,2.000,-1,400.000,-1,375.000,-1,325.000,325.000,300.000,300.000,-1,-1,-1,-1,800.000,725.000,-1,-1,2,0,2,0,2,0,0,0,0,2,2,2,2,0,0,2,2
72,-3582.011,-8410.468,252.349,75.613,0.247397,-0.968612,0.024211,0.966543,0.248462,0.063725,-0.067740,0.007635,0.997674,0,-0.25693,1.00000,-15.416,2.000,-1,400.000,-1,375.000,-1,325.000,325.000,300.000,300.000,-1,-1,-1,-1,800.000,725.000,-1,-1,2,0,2,0,2,0,0,0,0,2,2,2,2,0,0,2,2
73,-3585.443,-8426.095,253.416,77.613,0.213339,-0.976668,0.024605,0.974647,0.214501,0.063659,-0.067452,0.010400,0.997668,0,-0.26666,1.00000,-15.999,2.000,-1,400.000,-1,375.000,-1,325.000,325.000,300.000,300.000,-1,-1,-1,-1,800.000,725.000,-1,-1,2,0,2,0,2,0,0,0,0,2,2,2,2,0,0,2,2
74,-3588.295,-8441.653,254.467,79.613,0.179021,-0.983527,0.025013,0.981558,0.180279,0.063580,-0.067042,0.013170,0.997663,0,-0.26361,1.00000,-15.817,2.000,-1,400.000,-1,375.000,-1,325.000,325.000,300.000,300.000,-1,-1,-1,-1,800.000,725.000,-1,-1,2,0,2,0,2,0,0,0,0,2,2,2,2,0,0,2,2
75,-3590.577,-8457.130,255.500,81.612,0.144498,-0.989178,0.025434,0.987267,0.145851,0.063489,-0.066512,0.015936,0.997658,0,-0.26074,0.99964,-15.644,1.999,-1,400.000,-1,375.000,-1,325.000,325.000,300.000,300.000,-1,-1,-1,-1,825.000,725.000,-1,-1,2,0,2,0,2,0,0,0,0,2,2,2,2,0,0,2,2
76,-3592.302,-8472.516,256.516,83.603,0.109956,-0.993600,0.025867,0.991752,0.111402,0.063387,-0.065863,0.018684,0.997654,0,-0.25805,0.99520,-15.483,1.990,-1,400.000,-1,375.000,-1,325.000,325.000,300.000,300.000,-1,-1,-1,-1,825.000,725.000,-1,-1,2,0,2,0,2,0,0,0,0,2,2,2,2,0,0,2,2
77,-3593.483,-8487.804,257.512,85.584,0.075438,-0.996803,0.026311,0.995023,0.076973,0.063276,-0.065099,0.021407,0.997649,0,-0.25555,0.99081,-15.333,1.982,-1,400.000,-1,375.000,-1,325.000,325.000,300.000,300.000,-1,-1,-1,-1,825.000,725.000,-1,-1,2,0,2,0,2,0,0,0,0,2,2,2,2,0,0,2,2
78,-3594.132,-8502.986,258.489,87.557,0.040986,-0.998801,0.026766,0.997094,0.042608,0.063156,-0.064221,0.024100,0.997645,0,-0.25326,0.98646,-15.196,1.973,-1,400.000,-1,400.000,-1,325.000,325.000,300.000,300.000,-1,-1,-1,-1,825.000,725.000,-1,-1,2,0,2,0,2,0,0,0,0,2,2,2,2,0,0,2,2
79,-3594.258,-8518.057,259.447,89.522,0.006639,-0.999607,0.027232,0.997977,0.008346,0.063029,-0.063231,0.026758,0.997640,0,-0.25119,0.98218,-15.071,1.964,-1,400.000,-1,400.000,-1,325.000,325.000,300.000,300.000,-1,-1,-1,-1,825.000,750.000,-1,-1,2,0,2,0,2,0,0,0,0,2,2,2,2,0,0,2,2
80,-3593.873,-8533.011,260.330,91.478,-0.027550,-0.999241,0.027525,0.997689,-0.025775,0.062869,-0.062112,0.029193,0.997642,0,-0.24932,0.97797,-14.959,1.956,950.000,400.000,-1,400.000,-1,325.000,325.000,300.000,300.000,-1,-1,-1,-1,850.000,750.000,-1,-1,1,0,2,0,2,0,0,0,0,2,2,2,2,0,0,2,2
81,-3592.986,-8547.845,261.059,93.425,-0.061518,-0.997731,0.027361,0.996267,-0.059718,0.062340,-0.060565,0.031094,0.997680,0,-0.24767,0.97384,-14.860,1.948,900.000,400.000,-1,400.000,-1,325.000,325.000,300.000,300.000,-1,-1,-1,-1,850.000,750.000,-1,-1,1,0,2,0,2,0,0,0,0,2,2,2,2,0,0,2,2
82,-3592.036,-8557.861,261.516,95.425,-0.096324,-0.994977,0.027239,0.993600,-0.094496,0.061891,-0.059006,0.033026,0.997711,0,-0.16767,1.00000,-10.060,2.000,850.000,400.000,-1,400.000,-1,325.000,325.000,300.000,300.000,-1,-1,-1,-1,850.000,750.000,-1,-1,1,0,2,0,2,0,0,0,0,2,2,2,2,0,0,2,2
83,-3591.357,-8563.077,261.713,97.425,-0.131012,-0.991009,0.027146,0.989713,-0.129154,0.061545,-0.057486,0.034930,0.997735,0,-0.08767,1.00000,-5.260,2.000,825.000,400.000,-1,400.000,-1,325.000,325.000,300.000,300.000,-1,-1,-1,-1,850.000,775.000,-1,-1,1,0,2,0,2,0,0,0,0,2,2,2,2,0,0,2,2
84,-3591.282,-8563.531,261.664,99.425,-0.165539,-0.985832,0.027066,0.984611,-0.163650,0.061323,-0.056025,0.036800,0.997751,0,-0.00767,1.00000,-0.460,2.000,800.000,400.000,-1,400.000,-1,325.000,325.000,300.000,300.000,-1,-1,-1,-1,850.000,775.000,-1,-1,1,0,2,0,2,0,0,0,0,2,2,2,2,0,0,2,2
85,-3592.142,-8559.278,261.368,101.425,-0.199867,-0.979450,0.027014,0.978296,-0.197942,0.061281,-0.054675,0.038676,0.997755,0,0.07233,1.00000,4.340,2.000,775.000,400.000,-1,400.000,-1,325.000,325.000,300.000,300.000,-1,-1,-1,-1,850.000,775.000,-1,-1,1,0,2,0,2,0,0,0,0,2,2,2,2,0,0,2,2
86,-3594.265,-8550.388,260.836,103.425,-0.233955,-0.971873,0.026974,0.970777,-0.231986,0.061442,-0.053456,0.040561,0.997746,0,0.15233,1.00000,9.140,2.000,750.000,400.000,-1,400.000,-1,325.000,325.000,300.000,300.000,-1,-1,-1,-1,875.000,775.000,950.000,-1,1,0,2,0,2,0,0,0,0,2,2,2,2,0,0,1,2
87,-3597.974,-8536.951,260.088,105.425,-0.267760,-0.963110,0.026906,0.962061,-0.265742,0.061797,-0.052367,0.042432,0.997726,0,0.23233,1.00000,13.940,2.000,725.000,400.000,-1,400.000,-1,325.000,325.000,300.000,300.000,-1,-1,-1,-1,875.000,775.000,875.000,-1,1,0,2,0,2,0,0,0,0,2,2,2,2,0,0,1,2
88,-3603.587,-8519.072,259.136,107.425,-0.301240,-0.953172,0.026789,0.952161,-0.299168,0.062356,-0.051422,0.044292,0.997694,0,0.31233,1.00000,18.740,2.000,700.000,400.000,-1,400.000,-1,325.000,325.000,300.000,300.000,-1,-1,-1,-1,850.000,800.000,825.000,-1,1,0,2,0,2,0,0,0,0,2,2,2,2,1,0,1,2
89,-3611.416,-8496.873,257.990,109.425,-0.334356,-0.942071,0.026605,0.941086,-0.332223,0.063128,-0.050633,0.046145,0.997651,0,0.39233,1.00000,23.540,2.000,675.000,400.000,-1,400.000,-1,325.000,325.000,300.000,300.000,-1,-1,-1,-1,800.000,800.000,775.000,-1,1,0,2,0,2,0,0,0,0,2,2,2,2,1,0,1,2
90,-3621.769,-8470.492,256.661,111.425,-0.367067,-0.929822,0.026336,0.928849,-0.364867,0.064119,-0.050011,0.047998,0.997595,0,0.47233,1.00000,28.340,2.000,650.000,400.000,-1,400.000,-1,325.000,325.000,300.000,300.000,-1,-1,-1,-1,750.000,800.000,725.000,-1,1,0,2,0,2,0,0,0,0,2,2,2,2,1,0,1,2
91,-3634.945,-8440.084,255.073,113.425,-0.399311,-0.916454,0.025760,0.915490,-0.397065,0.064947,-0.049292,0.049517,0.997556,0,0.55233,1.00000,33.140,2.000,625.000,400.000,-1,400.000,-1,325.000,325.000,300.000,300.000,-1,-1,-1,-1,700.000,800.000,675.000,-1,1,0,2,0,2,0,0,0,0,2,2,2,2,1,0,1,2
92,-3651.234,-8405.820,253.221,115.425,-0.431047,-0.901986,0.024872,0.901028,-0.428783,0.065529,-0.048442,0.050656,0.997541,0,0.63233,1.00000,37.940,2.000,600.000,400.000,-1,400.000,-1,325.000,325.000,300.000,300.000,-1,-1,-1,-1,675.000,800.000,625.000,-1,1,0,2,0,2,0,0,0,0,2,2,2,2,1,0,1,2
93,-3670.920,-8367.884,251.183,117.425,-0.462259,-0.886424,0.023861,0.885461,-0.459975,0.066190,-0.047697,0.051725,0.997522,0,0.71233,1.00000,42.740,2.000,575.000,400.000,-1,400.000,-1,325.000,325.000,300.000,300.000,-1,-1,-1,-1,625.000,825.000,600.000,-1,1,0,2,0,2,0,0,0,0,2,2,2,2,1,0,1,2
94,-3691.109,-8331.741,249.194,119.185,-0.489265,-0.871836,0.022825,0.870852,-0.486959,0.066984,-0.047284,0.052650,0.997493,0,0.69000,0.88000,41.400,1.760,525.000,400.000,-1,400.000,-1,325.000,325.000,300.000,300.000,-1,-1,-1,-1,575.000,825.000,550.000,-1,1,0,2,0,2,0,0,0,0,2,2,2,2,1,0,1,2
95,-3712.403,-8295.886,247.209,120.705,-0.512219,-0.858579,0.021750,0.857561,-0.509894,0.067795,-0.047117,0.053378,0.997462,0,0.69503,0.76000,41.702,1.520,500.000,400.000,-1,400.000,-1,325.000,325.000,300.000,300.000,-1,-1,-1,-1,550.000,825.000,500.000,-1,1,0,2,0,2,0,0,0,0,2,2,2,2,1,0,1,2
96,-3734.650,-8260.264,245.227,121.985,-0.531271,-0.846950,0.020661,0.845888,-0.528931,0.068598,-0.047171,0.053921,0.997430,0,0.69997,0.64000,41.998,1.280,450.000,400.000,1000.000,400.000,-1,325.000,325.000,300.000,300.000,-1,-1,-1,-1,500.000,825.000,450.000,-1,1,1,1,0,2,0,0,0,0,2,2,2,2,1,0,1,2
97,-3757.697,-8224.809,243.239,123.025,-0.546556,-0.837194,0.019562,0.836077,-0.544206,0.069392,-0.047449,0.054282,0.997398,0,0.70480,0.52000,42.288,1.040,425.000,375.000,925.000,400.000,-1,325.000,325.000,300.000,300.000,-1,-1,-1,-1,475.000,825.000,425.000,-1,1,1,1,0,2,0,0,0,0,2,2,2,2,1,0,1,2
98,-3781.393,-8189.446,241.233,123.825,-0.558193,-0.829506,0.018459,0.828324,-0.555836,0.070178,-0.047953,0.054463,0.997364,0,0.70947,0.40000,42.568,0.800,375.000,375.000,850.000,400.000,-1,325.000,325.000,300.000,300.000,-1,-1,-1,-1,450.000,825.000,375.000,-1,1,1,1,0,2,0,0,0,0,2,2,2,2,1,0,1,2
99,-3805.585,-8154.095,239.199,124.385,-0.566275,-0.824034,0.017355,0.822777,-0.563917,0.070958,-0.048685,0.054460,0.997328,0,0.71395,0.28000,42.837,0.560,325.000,350.000,800.000,400.000,-1,325.000,325.000,300.000,300.000,-1,-1,-1,-1,425.000,825.000,325.000,-1,1,1,1,0,2,0,0,0,0,2,2,2,2,1,0,1,2
100,-3830.119,-8118.670,237.128,124.705,-0.570869,-0.820880,0.016252,0.819539,-0.568516,0.071732,-0.049644,0.054268,0.997292,0,0.71817,0.16000,43.090,0.320,300.000,325.000,750.000,400.000,-1,325.000,325.000,300.000,300.000,-1,-1,-1,-1,400.000,825.000,300.000,-1,1,1,1,0,2,0,0,0,0,2,2,2,2,1,0,1,2
101,-3854.836,-8083.087,235.008,124.785,-0.572015,-0.820103,0.015152,0.818667,-0.569674,0.072502,-0.050827,0.053877,0.997253,0,0.72209,0.04000,43.325,0.080,250.000,300.000,700.000,400.000,-1,325.000,325.000,300.000,300.000,-1,-1,-1,-1,350.000,825.000,250.000,-1,1,1,1,0,2,1,0,0,0,2,2,2,2,1,0,1,2
102,-3879.577,-8047.264,234.404,124.625,-0.569899,-0.821401,0.022727,0.820382,-0.567181,0.072658,-0.046791,0.060053,0.997098,0,0.72561,-0.08000,43.536,-0.160,225.000,300.000,675.000,425.000,-1,300.000,350.000,325.000,300.000,-1,-1,-1,-1,350.000,850.000,225.000,-1,1,1,1,0,2,1,0,0,0,2,2,2,2,1,0,1,2
103,-3904.171,-8011.121,234.297,124.225,-0.564299,-0.824898,0.033330,0.824549,-0.561132,0.072459,-0.041068,0.068371,0.996814,0,0.72863,-0.20000,43.718,-0.400,200.000,275.000,650.000,425.000,-1,300.000,350.000,350.000,275.000,-1,-1,-1,-1,325.000,900.000,200.000,-1,1,1,1,0,2,1,0,0,0,2,2,2,2,1,0,1,2
104,-3925.706,-7978.705,234.535,123.585,-0.555089,-0.830586,0.044763,0.831056,-0.551533,0.071814,-0.034960,0.077064,0.996413,0,0.64863,-0.32000,38.918,-0.640,200.000,275.000,650.000,450.000,-1,300.000,375.000,375.000,275.000,-1,-1,-1,-1,325.000,925.000,200.000,-1,1,1,1,0,2,1,0,0,0,2,2,2,2,1,0,1,2
105,-3944.148,-7950.001,234.975,122.705,-0.542181,-0.838380,0.056199,0.839763,-0.538340,0.070633,-0.028963,0.085490,0.995918,0,0.56863,-0.44000,34.118,-0.880,175.000,275.000,650.000,475.000,-1,300.000,375.000,400.000,275.000,-1,-1,-1,-1,300.000,975.000,175.000,-1,1,1,1,0,2,1,0,0,0,2,2,2,2,1,1,1,2
106,-3959.512,-7925.031,235.454,121.585,-0.525504,-0.848156,0.066917,0.850463,-0.521489,0.069007,-0.023632,0.093174,0.995369,0,0.48863,-0.56000,29.318,-1.120,175.000,250.000,675.000,475.000,-1,300.000,400.000,425.000,275.000,-1,-1,400.000,-1,300.000,1000.000,175.000,-1,1,1,1,0,2,1,0,0,0,2,2,0,2,1,1,1,2
107,-3971.862,-7903.849,235.892,120.225,-0.504971,-0.859771,0.076145,0.862921,-0.500907,0.066776,-0.019270,0.099427,0.994858,0,0.40863,-0.68000,24.518,-1.360,150.000,275.000,700.000,500.000,-1,300.000,425.000,450.000,275.000,-1,525.000,275.000,-1,325.000,-1,175.000,-1,1,1,1,0,2,1,1,0,0,2,0,0,2,1,2,1,2
108,-3981.315,-7886.543,236.183,118.625,-0.480501,-0.873032,0.083271,0.876844,-0.476492,0.064025,-0.016218,0.103779,0.994468,0,0.32863,-0.80000,19.718,-1.600,150.000,275.000,750.000,500.000,-1,300.000,425.000,425.000,275.000,-1,450.000,200.000,-1,325.000,-1,150.000,-1,1,1,1,0,2,1,0,1,0,2,0,0,2,1,2,1,2
109,-3988.057,-7873.234,236.256,116.854,-0.453067,-0.887137,0.087849,0.891356,-0.449179,0.061021,-0.014674,0.105952,0.994263,0,0.24863,-0.88555,14.918,-1.771,150.000,275.000,-1,525.000,-1,325.000,425.000,375.000,250.000,-1,400.000,175.000,-1,350.000,-1,150.000,-1,1,1,2,0,2,1,0,1,0,2,0,0,2,1,2,1,2
110,-3992.350,-7864.070,236.120,115.098,-0.425536,-0.900475,0.089796,0.904824,-0.421782,0.058247,-0.014576,0.106036,0.994255,0,0.16863,-0.87791,10.118,-1.756,150.000,300.000,-1,525.000,-1,325.000,450.000,350.000,250.000,-1,375.000,175.000,975.000,350.000,-1,150.000,-1,1,1,2,0,2,1,0,1,0,2,0,0,0,1,2,1,2
111,-3994.456,-7859.185,235.781,113.356,-0.397928,-0.913079,0.089108,0.917278,-0.394297,0.055961,-0.015962,0.104005,0.994449,0,0.08863,-0.87107,5.318,-1.742,125.000,300.000,-1,525.000,-1,350.000,450.000,325.000,250.000,-1,375.000,175.000,1000.000,375.000,-1,150.000,-1,1,1,2,0,2,1,0,1,0,2,0,0,0,1,2,1,2
112,-3994.642,-7858.699,235.270,111.626,-0.370235,-0.924956,0.085921,0.928748,-0.366701,0.054379,-0.018791,0.099932,0.994817,0,0.00863,-0.86513,0.518,-1.730,125.000,300.000,-1,500.000,-1,375.000,425.000,300.000,250.000,-1,375.000,175.000,-1,375.000,-1,150.000,-1,1,1,2,0,2,1,0,1,0,2,0,0,2,1,2,1,2
113,-3993.178,-7862.721,234.636,109.906,-0.342420,-0.936092,0.080500,0.939267,-0.338966,0.053666,-0.022949,0.093987,0.995309,0,-0.07137,-0.86014,-4.282,-1.720,125.000,325.000,-1,500.000,-1,375.000,425.000,275.000,275.000,-1,400.000,200.000,-1,400.000,-1,150.000,-1,1,1,2,0,2,1,0,1,0,2,0,0,2,1,2,1,2
114,-3990.334,-7871.344,233.949,108.193,-0.314429,-0.946454,0.073206,0.948860,-0.311058,0.053917,-0.028259,0.086415,0.995858,0,-0.15137,-0.85615,-9.082,-1.712,125.000,325.000,-1,500.000,-1,400.000,425.000,275.000,275.000,-1,450.000,250.000,-1,425.000,-1,150.000,-1,1,1,2,0,2,1,0,1,0,2,0,0,2,1,2,1,2
115,-3986.385,-7884.651,233.291,106.487,-0.286201,-0.955998,0.064480,0.957549,-0.282944,0.055161,-0.034489,0.077530,0.996393,0,-0.23137,-0.85318,-13.882,-1.706,125.000,350.000,-1,475.000,-1,425.000,400.000,250.000,275.000,-1,500.000,325.000,-1,425.000,1000.000,175.000,-1,1,1,2,0,2,1,0,1,0,2,0,0,2,1,0,1,2
116,-3981.609,-7902.711,232.757,104.785,-0.257680,-0.964674,0.054815,0.965344,-0.254601,0.057346,-0.041364,0.067693,0.996848,0,-0.31137,-0.85122,-18.682,-1.702,150.000,350.000,-1,450.000,-1,400.000,375.000,250.000,275.000,-1,625.000,450.000,-1,450.000,950.000,175.000,-1,1,1,2,0,2,0,0,1,0,2,0,0,2,1,0,1,2
117,-3976.286,-7925.580,232.432,103.084,-0.228834,-0.972435,0.044782,0.972250,-0.226008,0.060417,-0.048631,0.057365,0.997168,0,-0.39137,-0.85027,-23.482,-1.701,150.000,375.000,-1,450.000,-1,375.000,375.000,250.000,275.000,-1,-1,-1,-1,475.000,900.000,175.000,-1,1,1,2,0,2,0,0,1,0,2,2,2,2,1,0,1,2
118,-3970.883,-7952.381,232.339,101.383,-0.199657,-0.979232,0.035239,0.978273,-0.197154,0.064125,-0.055846,0.047277,0.997319,0,-0.45568,-0.85029,-27.341,-1.701,150.000,400.000,-1,425.000,-1,375.000,350.000,225.000,300.000,-1,-1,-1,-1,500.000,875.000,200.000,-1,1,1,2,0,2,0,0,1,0,2,2,2,2,1,0,1,2
119,-3966.260,-7979.455,232.431,99.681,-0.170181,-0.985045,0.026927,0.983438,-0.168047,0.067898,-0.062358,0.038036,0.997329,0,-0.45780,-0.85105,-27.468,-1.702,150.000,400.000,-1,425.000,-1,350.000,350.000,225.000,300.000,-1,-1,-1,-1,500.000,825.000,200.000,-1,1,1,2,0,2,0,0,1,0,2,2,2,2,1,0,1,2
120,-3962.428,-8006.781,232.734,97.978,-0.140462,-0.989890,0.019720,0.987732,-0.138728,0.071701,-0.068240,0.029549,0.997231,0,-0.45990,-0.85182,-27.594,-1.704,175.000,425.000,-1,400.000,-1,325.000,325.000,225.000,300.000,-1,-1,-1,-1,525.000,800.000,225.000,-1,1,1,2,0,2,0,0,1,0,2,2,2,2,1,0,1,2
121,-3959.398,-8034.333,233.281,96.273,-0.110566,-0.993774,0.013742,0.991156,-0.109232,0.075355,-0.073384,0.021952,0.997062,0,-0.46199,-0.85258,-27.719,-1.705,175.000,400.000,-1,400.000,-1,325.000,325.000,225.000,300.000,-1,-1,-1,-1,575.000,750.000,250.000,-1,1,0,2,0,2,0,0,1,0,2,2,2,2,1,0,1,2
122,-3957.181,-8062.088,235.322,94.566,-0.080887,-0.996619,0.014396,0.993995,-0.079589,0.075101,-0.073702,0.020384,0.997072,0,-0.46406,-0.85334,-27.844,-1.707,200.000,400.000,-1,400.000,-1,325.000,325.000,225.000,300.000,-1,-1,-1,-1,600.000,750.000,275.000,-1,1,0,2,0,2,0,0,1,0,2,2,2,2,1,0,1,2
123,-3955.786,-8090.021,237.388,92.858,-0.051109,-0.998580,0.015040,0.995947,-0.049847,0.074861,-0.074005,0.018805,0.997081,0,-0.46612,-0.85410,-27.967,-1.708,225.000,400.000,-1,400.000,-1,325.000,325.000,225.000,300.000,-1,-1,-1,-1,650.000,750.000,325.000,-1,1,0,2,0,2,0,0,1,0,2,2,2,2,1,0,1,2
124,-3955.223,-8118.105,239.478,91.148,-0.021259,-0.999651,0.015674,0.997010,-0.020032,0.074635,-0.074295,0.017214,0.997088,0,-0.46817,-0.85485,-28.090,-1.710,250.000,400.000,-1,400.000,-1,325.000,325.000,250.000,300.000,-1,-1,-1,-1,700.000,750.000,400.000,-1,1,0,2,0,2,0,0,1,0,2,2,2,2,1,0,1,2
125,-3955.500,-8146.315,241.591,89.437,0.008638,-0.999830,0.016298,0.997178,0.009829,0.074425,-0.074573,0.015609,0.997093,0,-0.47019,-0.85561,-28.212,-1.711,275.000,400.000,-1,375.000,-1,325.000,325.000,250.000,300.000,-1,-1,-1,-1,750.000,750.000,475.000,-1,1,0,2,0,2,0,0,1,0,2,2,2,2,1,0,1,2
126,-3956.625,-8174.625,243.729,87.724,0.038555,-0.999113,0.016909,0.996450,0.039708,0.074232,-0.074838,0.013987,0.997098,0,-0.47220,-0.85636,-28.332,-1.713,300.000,400.000,-1,375.000,-1,325.000,325.000,250.000,300.000,-1,-1,-1,-1,825.000,750.000,550.000,-1,1,0,2,0,2,0,0,1,0,2,2,2,2,1,0,1,2
127,-3958.604,-8203.007,245.889,86.010,0.068464,-0.997500,0.017508,0.994824,0.069580,0.074058,-0.075091,0.012347,0.997100,0,-0.47419,-0.85711,-28.451,-1.714,325.000,400.000,-1,375.000,-1,325.000,325.000,275.000,300.000,-1,-1,-1,-1,800.000,750.000,650.000,-1,1,0,2,0,2,0,0,1,0,2,2,2,2,0,0,1,2
128,-3960.857,-8226.551,247.696,84.536,0.094139,-0.995396,0.017993,0.992707,0.095221,0.073927,-0.075300,0.010902,0.997101,0,-0.39419,-0.73711,-23.651,-1.474,350.000,400.000,-1,375.000,-1,325.000,325.000,275.000,300.000,-1,-1,-1,-1,800.000,750.000,775.000,-1,1,0,2,0,2,0,0,1,0,2,2,2,2,0,0,1,2
129,-3963.595,-8249.791,249.469,83.279,0.115976,-0.993082,0.018376,0.990386,0.117026,0.073756,-0.075396,0.009646,0.997107,0,-0.39001,-0.62820,-23.401,-1.256,375.000,400.000,-1,375.000,-1,325.000,325.000,275.000,300.000,-1,-1,-1,-1,800.000,725.000,925.000,-1,1,0,2,0,2,0,0,1,0,2,2,2,2,0,0,1,2
130,-3966.869,-8273.142,251.249,82.018,0.137849,-0.990277,0.018688,0.987576,0.138861,0.073564,-0.075444,0.008315,0.997115,0,-0.39299,-0.63072,-23.579,-1.261,400.000,400.000,-1,375.000,-1,325.000,325.000,275.000,300.000,-1,-1,-1,-1,800.000,725.000,-1,-1,1,0,2,0,2,0,0,1,0,2,2,2,2,0,0,2,2
131,-3969.849,-8291.683,252.672,80.872,0.157661,-0.987312,0.018907,0.984604,0.158634,0.073418,-0.075486,0.007041,0.997122,0,-0.31299,-0.57280,-18.779,-1.146,425.000,400.000,-1,375.000,-1,325.000,325.000,300.000,300.000,-1,-1,-1,-1,800.000,725.000,-1,-1,1,0,2,0,2,0,0,1,0,2,2,2,2,0,0,2,2
132,-3972.342,-8305.439,253.734,79.724,0.177455,-0.983945,0.019029,0.981227,0.178382,0.073309,-0.075526,0.005662,0.997128,0,-0.23299,-0.57394,-13.979,-1.148,450.000,400.000,-1,375.000,-1,325.000,325.000,300.000,300.000,-1,-1,-1,-1,800.000,725.000,-1,-1,1,0,2,0,2,0,0,1,0,2,2,2,2,0,0,2,2
133,-3974.160,-8314.436,254.433,78.578,0.197152,-0.980188,0.019061,0.977457,0.198027,0.073232,-0.075556,0.004193,0.997133,0,-0.15299,-0.57300,-9.179,-1.146,500.000,400.000,-1,375.000,-1,325.000,325.000,300.000,300.000,-1,-1,-1,-1,800.000,725.000,-1,-1,1,0,2,0,2,0,0,1,0,2,2,2,2,0,0,2,2
134,-3975.113,-8318.711,254.767,77.438,0.216676,-0.976058,0.019010,0.973314,0.217492,0.073185,-0.075567,0.002646,0.997137,0,-0.07299,-0.57005,-4.379,-1.140,525.000,400.000,-1,375.000,-1,325.000,325.000,300.000,300.000,-1,-1,-1,-1,800.000,725.000,-1,-1,1,0,2,0,2,0,0,1,0,2,2,2,2,0,0,2,2
135,-3975.013,-8318.302,254.737,76.308,0.235952,-0.971581,0.018885,0.968823,0.236704,0.073163,-0.075554,0.001034,0.997141,0,0.00701,-0.56513,0.421,-1.130,575.000,400.000,-1,375.000,-1,325.000,325.000,275.000,300.000,-1,-1,-1,-1,800.000,725.000,-1,-1,1,0,2,0,2,0,0,1,0,2,2,2,2,0,0,2,2
136,-3973.679,-8313.255,254.341,75.191,0.254907,-0.966785,0.018693,0.964013,0.255591,0.073162,-0.075509,-0.000629,0.997145,0,0.08701,-0.55825,5.221,-1.117,650.000,400.000,-1,375.000,-1,325.000,325.000,275.000,300.000,-1,-1,-1,-1,800.000,725.000,-1,-1,1,0,2,0,2,0,0,1,0,2,2,2,2,0,0,2,2
