timestep,x_cm,y_cm,z_cm,yaw_deg,basis_xx,basis_xy,basis_xz,basis_yx,basis_yy,basis_yz,basis_zx,basis_zy,basis_zz,teleport_flag,throttle_cmd,steering_cmd,cmd_move_cm,cmd_turn_deg,lidar_cm_0,lidar_cm_1,lidar_cm_2,lidar_cm_3,lidar_cm_4,lidar_cm_5,lidar_cm_6,lidar_cm_7,lidar_cm_8,lidar_cm_9,lidar_cm_10,lidar_cm_11,lidar_cm_12,lidar_cm_13,lidar_cm_14,lidar_cm_15,lidar_cm_16,lidar_class_0,lidar_class_1,lidar_class_2,lidar_class_3,lidar_class_4,lidar_class_5,lidar_class_6,lidar_class_7,lidar_class_8,lidar_class_9,lidar_class_10,lidar_class_11,lidar_class_12,lidar_class_13,lidar_class_14,lidar_class_15,lidar_class_16
0,-2290.965,-328.255,82.256,-3.433,0.995599,0.059861,-0.072101,-0.058015,0.997939,0.027440,0.073595,-0.023136,0.997020,1,0.08000,0.12000,4.800,0.240,-1,375.000,-1,400.000,-1,300.000,300.000,325.000,325.000,-1,500.000,425.000,-1,725.000,750.000,-1,-1,2,0,2,0,2,0,0,0,0,2,0,0,2,0,0,2,2
1,-2281.377,-328.749,82.960,-2.953,0.996053,0.051498,-0.072293,-0.049631,0.998392,0.027389,0.073587,-0.023693,0.997007,0,0.16000,0.24000,9.600,0.480,-1,375.000,-1,375.000,-1,300.000,300.000,325.000,325.000,-1,500.000,450.000,-1,750.000,750.000,-1,-1,2,0,2,0,2,0,0,0,0,2,0,0,2,0,0,2,2
2,-2266.988,-329.310,84.013,-2.233,0.996602,0.038947,-0.072583,-0.037049,0.998940,0.027323,0.073570,-0.024541,0.996988,0,0.24000,0.36000,14.400,0.720,-1,375.000,-1,375.000,-1,300.000,300.000,325.000,325.000,-1,500.000,450.000,-1,750.000,750.000,-1,-1,2,0,2,0,2,0,0,0,0,2,0,0,2,0,0,2,2
3,-2247.793,-329.736,85.409,-1.273,0.997087,0.022205,-0.072971,-0.020262,0.999423,0.027252,0.073534,-0.025694,0.996962,0,0.32000,0.48000,19.200,0.960,-1,375.000,-1,375.000,-1,300.000,300.000,325.000,325.000,-1,500.000,475.000,-1,750.000,750.000,-1,-1,2,0,2,0,2,0,0,0,0,2,0,0,2,0,0,2,2
4,-2223.793,-329.766,87.145,-0.073,0.997297,0.001269,-0.073464,0.000731,0.999630,0.027192,0.073471,-0.027172,0.996927,0,0.40000,0.60000,24.000,1.200,-1,375.000,-1,375.000,-1,300.000,300.000,325.000,325.000,-1,500.000,500.000,-1,750.000,750.000,-1,-1,2,0,2,0,2,0,0,0,0,2,0,0,2,0,0,2,2
5,-2195.001,-329.106,89.211,1.313,0.996990,-0.022903,-0.074066,0.024973,0.999319,0.027156,0.073394,-0.028924,0.996884,0,0.48000,0.69282,28.800,1.386,-1,375.000,-1,375.000,-1,300.000,300.000,325.000,325.000,-1,525.000,525.000,-1,775.000,750.000,-1,-1,2,0,2,0,2,0,0,0,0,2,0,0,2,0,0,2,2
6,-2161.438,-327.523,91.602,2.699,0.996088,-0.047069,-0.074783,0.049218,0.998419,0.027153,0.073386,-0.030727,0.996830,0,0.56000,0.69313,33.600,1.386,-1,375.000,-1,375.000,-1,300.000,300.000,325.000,325.000,-1,525.000,550.000,-1,775.000,750.000,-1,-1,2,0,2,0,2,0,0,0,0,2,0,0,2,0,0,2,2
7,-2123.143,-324.688,94.308,4.234,0.994402,-0.073785,-0.075628,0.076028,0.996734,0.027210,0.073373,-0.032808,0.996765,0,0.64000,0.76729,38.400,1.535,-1,400.000,-1,375.000,-1,300.000,300.000,325.000,325.000,-1,525.000,575.000,-1,775.000,725.000,-1,-1,2,0,2,0,2,0,0,0,0,2,0,0,2,0,0,2,2
8,-2083.428,-320.675,97.094,5.768,0.991994,-0.100443,-0.076539,0.102789,0.994328,0.027335,0.073359,-0.034984,0.996692,0,0.66529,0.76726,39.917,1.535,-1,400.000,-1,375.000,-1,300.000,300.000,325.000,325.000,-1,500.000,600.000,-1,800.000,725.000,-1,-1,2,0,2,0,2,0,0,0,0,2,0,0,2,0,0,2,2
9,-2043.823,-315.599,99.852,7.303,0.988868,-0.127025,-0.077493,0.129482,0.991200,0.027527,0.073315,-0.037254,0.996613,0,0.66548,0.76728,39.929,1.535,-1,400.000,-1,375.000,-1,300.000,300.000,325.000,325.000,-1,425.000,625.000,-1,800.000,725.000,-1,-1,2,0,2,0,2,0,0,0,0,2,0,0,2,0,0,2,2
10,-2004.357,-309.462,102.625,8.837,0.985032,-0.153511,-0.078396,0.156097,0.987346,0.027965,0.073111,-0.039784,0.996530,0,0.66568,0.76734,39.941,1.535,-1,400.000,-1,375.000,-1,325.000,300.000,325.000,325.000,-1,425.000,675.000,-1,825.000,725.000,-1,-1,2,0,2,0,2,0,0,0,0,2,0,0,2,0,0,2,2
11,-1965.058,-302.267,105.533,10.372,0.980489,-0.179878,-0.079273,0.182646,0.982748,0.029105,0.072670,-0.043016,0.996428,0,0.66587,0.76744,39.952,1.535,-1,400.000,-1,375.000,-1,325.000,300.000,325.000,325.000,-1,425.000,700.000,-1,850.000,725.000,-1,-1,2,0,2,0,2,0,0,0,0,2,0,0,2,0,0,2,2
12,-1925.371,-293.897,108.454,11.908,0.975232,-0.206117,-0.080239,0.209075,0.977430,0.030314,0.072180,-0.046339,0.996315,0,0.67600,0.76774,40.560,1.535,-1,400.000,-1,375.000,-1,325.000,300.000,325.000,325.000,-1,450.000,750.000,-1,850.000,750.000,-1,-1,2,0,2,0,2,0,0,0,0,2,0,0,2,0,0,2,2
13,-1885.872,-284.451,111.427,13.448,0.969286,-0.232273,-0.080835,0.235389,0.971397,0.031292,0.071255,-0.049359,0.996236,0,0.67688,0.76990,40.613,1.540,-1,400.000,-1,375.000,-1,325.000,325.000,325.000,350.000,-1,525.000,800.000,-1,875.000,750.000,-1,-1,2,0,2,0,2,0,0,0,0,2,0,0,2,0,0,2,2
14,-1846.590,-273.929,114.322,14.992,0.962622,-0.258321,-0.081416,0.261608,0.964626,0.032513,0.070137,-0.052597,0.996150,0,0.67779,0.77201,40.667,1.544,-1,400.000,-1,375.000,-1,325.000,325.000,325.000,350.000,-1,575.000,875.000,-1,925.000,750.000,-1,-1,2,0,2,0,2,0,0,0,0,2,0,0,2,0,0,2,2
15,-1807.552,-262.334,117.167,16.540,0.955235,-0.284239,-0.082062,0.287706,0.957121,0.033824,0.068930,-0.055920,0.996053,0,0.67874,0.77415,40.724,1.548,-1,425.000,-1,375.000,-1,325.000,325.000,325.000,350.000,-1,675.000,925.000,-1,975.000,750.000,-1,-1,2,0,2,0,2,0,0,0,0,2,0,0,2,0,0,2,2
16,-1768.786,-249.666,119.962,18.093,0.947124,-0.310007,-0.082782,0.313661,0.948881,0.035226,0.067630,-0.059329,0.995945,0,0.67972,0.77631,40.783,1.553,-1,425.000,-1,375.000,-1,325.000,325.000,325.000,350.000,-1,750.000,1000.000,-1,-1,775.000,-1,-1,2,0,2,0,2,0,0,0,0,2,0,0,2,2,0,2,2
17,-1730.321,-235.930,122.704,19.650,0.938289,-0.335602,-0.083580,0.339452,0.939907,0.036719,0.066234,-0.062824,0.995824,0,0.68075,0.77849,40.845,1.557,-1,425.000,-1,400.000,-1,325.000,325.000,325.000,350.000,-1,850.000,-1,-1,-1,800.000,-1,-1,2,0,2,0,2,0,0,0,0,2,0,2,2,2,0,2,2
18,-1692.185,-221.126,125.391,21.211,0.928732,-0.361004,-0.084463,0.365057,0.930197,0.038301,0.064740,-0.066405,0.995690,0,0.68182,0.78068,40.909,1.561,-1,425.000,-1,400.000,-1,325.000,325.000,300.000,350.000,-1,950.000,-1,-1,-1,825.000,-1,-1,2,0,2,0,2,0,0,0,0,2,0,2,2,2,0,2,2
19,-1654.406,-205.261,127.655,22.777,0.918579,-0.386226,-0.083923,0.390333,0.919841,0.039144,0.062077,-0.068715,0.995703,0,0.68293,0.78290,40.976,1.566,-1,425.000,-1,400.000,-1,325.000,325.000,300.000,325.000,-1,-1,-1,-1,-1,825.000,-1,-1,2,0,2,0,2,0,0,0,0,2,2,2,2,2,0,2,2
20,-1617.014,-188.339,129.772,24.347,0.907740,-0.411228,-0.083063,0.415356,0.908781,0.039967,0.059051,-0.070781,0.995743,0,0.68407,0.78513,41.044,1.570,-1,425.000,-1,400.000,-1,325.000,325.000,300.000,325.000,-1,-1,-1,-1,-1,850.000,-1,-1,2,0,2,0,2,0,0,0,0,2,2,2,2,2,0,2,2
21,-1580.036,-170.364,131.802,25.922,0.896198,-0.435982,-0.082154,0.440126,0.897003,0.040933,0.055846,-0.072842,0.995779,0,0.68526,0.78738,41.116,1.575,-1,425.000,-1,400.000,-1,325.000,325.000,300.000,325.000,-1,-1,-1,-1,-1,850.000,-1,-1,2,0,2,0,2,0,0,0,0,2,2,2,2,2,0,2,2
22,-1539.221,-149.334,134.006,27.256,0.885915,-0.456688,-0.081179,0.460851,0.886468,0.042320,0.052636,-0.074903,0.995801,0,0.76526,0.66738,45.916,1.335,-1,425.000,-1,400.000,-1,325.000,325.000,300.000,325.000,-1,-1,-1,-1,-1,850.000,-1,-1,2,0,2,0,2,0,0,0,0,2,2,2,2,2,0,2,2
23,-1494.590,-125.248,136.375,28.351,0.877159,-0.473466,-0.080135,0.477650,0.877440,0.044145,0.049413,-0.076999,0.995806,0,0.84526,0.54738,50.716,1.095,-1,425.000,-1,400.000,-1,325.000,325.000,325.000,325.000,-1,-1,-1,-1,-1,850.000,-1,-1,2,0,2,0,2,0,0,0,0,2,2,2,2,2,0,2,2
24,-1448.020,-99.212,138.844,29.206,0.870146,-0.486418,-0.079023,0.490629,0.870128,0.046486,0.046148,-0.079221,0.995788,0,0.88926,0.42738,53.356,0.855,-1,450.000,-1,400.000,-1,325.000,325.000,325.000,325.000,-1,-1,-1,-1,-1,875.000,-1,-1,2,0,2,0,2,0,0,0,0,2,2,2,2,2,0,2,2
25,-1401.709,-72.664,141.272,29.821,0.865028,-0.495638,-0.077904,0.499874,0.864707,0.049078,0.043039,-0.081396,0.995752,0,0.88969,0.30738,53.382,0.615,-1,450.000,-1,400.000,-1,325.000,325.000,325.000,325.000,-1,-1,-1,-1,-1,875.000,-1,-1,2,0,2,0,2,0,0,0,0,2,2,2,2,2,0,2,2
26,-1355.570,-45.811,143.225,30.196,0.862006,-0.501164,-0.076034,0.505409,0.861240,0.053168,0.038838,-0.084260,0.995687,0,0.88974,0.18738,53.385,0.375,-1,450.000,-1,400.000,-1,325.000,325.000,325.000,325.000,-1,-1,-1,-1,-1,875.000,-1,-1,2,0,2,0,2,0,0,0,0,2,2,2,2,2,0,2,2
27,-1309.514,-18.861,145.030,30.330,0.861084,-0.503066,-0.073885,0.507287,0.859851,0.057588,0.034560,-0.087069,0.995603,0,0.88936,0.06738,53.361,0.135,-1,450.000,-1,400.000,-1,325.000,325.000,325.000,300.000,-1,-1,-1,-1,-1,875.000,-1,-1,2,0,2,0,2,0,0,0,0,2,2,2,2,2,0,2,2
28,-1263.454,7.978,146.820,30.225,0.862260,-0.501366,-0.071688,0.505541,0.860569,0.062045,0.030585,-0.089740,0.995495,0,0.88849,-0.05262,53.309,-0.105,-1,450.000,-1,400.000,-1,325.000,325.000,325.000,300.000,-1,-1,-1,-1,-1,875.000,-1,-1,2,0,2,0,2,0,0,0,0,2,2,2,2,2,0,2,2
29,-1217.305,34.497,148.596,29.880,0.865507,-0.496054,-0.069489,0.500169,0.863369,0.066522,0.026996,-0.092331,0.995362,0,0.88711,-0.17262,53.227,-0.345,-1,450.000,-1,400.000,-1,325.000,325.000,325.000,300.000,-1,-1,-1,-1,-1,850.000,-1,-1,2,0,2,0,2,0,0,0,0,2,2,2,2,2,0,2,2
30,-1170.987,60.486,150.032,29.295,0.870697,-0.487135,-0.067727,0.491192,0.868257,0.069711,0.024846,-0.093964,0.995266,0,0.88518,-0.29262,53.111,-0.585,-1,450.000,-1,400.000,-1,325.000,325.000,325.000,300.000,-1,-1,-1,-1,-1,850.000,-1,-1,2,0,2,0,2,0,0,0,0,2,2,2,2,2,0,2,2
31,-1124.430,85.734,151.292,28.469,0.877764,-0.474528,-0.065987,0.478522,0.875089,0.072357,0.023409,-0.095089,0.995194,0,0.88269,-0.41262,52.962,-0.825,-1,450.000,-1,400.000,-1,325.000,325.000,325.000,300.000,-1,-1,-1,-1,-1,850.000,-1,-1,2,0,2,0,2,0,0,0,0,2,2,2,2,2,0,2,2
32,-1077.573,110.029,152.489,27.404,0.886581,-0.458115,-0.064072,0.462048,0.883640,0.075451,0.022051,-0.096498,0.995089,0,0.87965,-0.53262,52.779,-1.065,-1,450.000,-1,400.000,-1,325.000,325.000,325.000,300.000,-1,-1,-1,-1,-1,850.000,-1,-1,2,0,2,0,2,0,0,0,0,2,2,2,2,2,0,2,2
33,-1030.368,133.155,153.758,26.099,0.896920,-0.437815,-0.062071,0.441687,0.893739,0.078376,0.021161,-0.097713,0.994990,0,0.87608,-0.65262,52.565,-1.305,-1,425.000,-1,375.000,-1,325.000,325.000,325.000,300.000,-1,-1,-1,-1,-1,825.000,-1,-1,2,0,2,0,2,0,0,0,0,2,2,2,2,2,0,2,2
34,-982.776,154.899,155.126,24.554,0.908520,-0.413515,-0.059978,0.417326,0.905132,0.081087,0.020758,-0.098699,0.994901,0,0.87203,-0.77262,52.322,-1.545,-1,425.000,-1,375.000,-1,325.000,300.000,325.000,300.000,-1,-1,-1,-1,-1,825.000,-1,-1,2,0,2,0,2,0,0,0,0,2,2,2,2,2,0,2,2
35,-934.777,175.046,156.620,22.768,0.921068,-0.385089,-0.057801,0.388843,0.917509,0.083536,0.020864,-0.099418,0.994827,0,0.86757,-0.89262,52.054,-1.785,-1,425.000,-1,375.000,-1,325.000,300.000,325.000,300.000,-1,-1,-1,-1,-1,825.000,-1,-1,2,0,2,0,2,0,0,0,0,2,2,2,2,2,0,2,2
36,-886.430,193.560,158.192,20.954,0.932888,-0.355819,-0.055789,0.359537,0.929171,0.085871,0.021283,-0.100166,0.994743,0,0.86281,-0.90718,51.769,-1.814,-1,425.000,-1,375.000,-1,325.000,300.000,325.000,300.000,-1,-1,-1,-1,-1,825.000,-1,-1,2,0,2,0,2,0,0,0,0,2,2,2,2,2,0,2,2
37,-837.446,210.793,159.531,19.380,0.942333,-0.330083,-0.055258,0.333921,0.938387,0.089027,0.022467,-0.102345,0.994495,0,0.86543,-0.78718,51.926,-1.574,-1,425.000,-1,400.000,-1,325.000,300.000,325.000,300.000,-1,-1,-1,-1,-1,825.000,-1,-1,2,0,2,0,2,0,0,0,0,2,2,2,2,2,0,2,2
38,-788.312,226.804,160.971,18.045,0.949795,-0.308071,-0.054595,0.312006,0.945606,0.092096,0.023253,-0.104507,0.994252,0,0.86126,-0.66718,51.676,-1.334,-1,425.000,-1,400.000,-1,325.000,325.000,325.000,325.000,-1,-1,-1,-1,1000.000,850.000,-1,-1,2,0,2,0,2,0,0,0,0,2,2,2,2,0,0,2,2
39,-739.086,241.810,162.451,16.951,0.955541,-0.289892,-0.053896,0.293902,0.951109,0.094938,0.023739,-0.106557,0.994023,0,0.85768,-0.54718,51.461,-1.094,-1,425.000,-1,400.000,-1,325.000,325.000,325.000,325.000,-1,-1,-1,-1,1000.000,850.000,-1,-1,2,0,2,0,2,0,0,0,0,2,2,2,2,0,0,2,2
40,-689.813,256.030,163.710,16.096,0.959810,-0.275644,-0.052773,0.279646,0.955212,0.096793,0.023729,-0.107661,0.993904,0,0.85472,-0.42718,51.283,-0.854,-1,425.000,-1,400.000,-1,325.000,325.000,325.000,325.000,-1,-1,-1,-1,1000.000,875.000,-1,-1,2,0,2,0,2,0,0,0,0,2,2,2,2,0,0,2,2
41,-640.525,269.683,164.759,15.482,0.962809,-0.265378,-0.050729,0.269235,0.958080,0.097951,0.022609,-0.107966,0.993897,0,0.85239,-0.30718,51.143,-0.614,-1,425.000,-1,400.000,-1,325.000,325.000,325.000,325.000,-1,-1,-1,-1,975.000,875.000,-1,-1,2,0,2,0,2,0,0,0,0,2,2,2,2,0,0,2,2
42,-591.249,282.987,165.771,15.108,0.964615,-0.259095,-0.048870,0.262811,0.959733,0.099215,0.021196,-0.108548,0.993865,0,0.85066,-0.18718,51.039,-0.374,-1,425.000,-1,400.000,-1,325.000,325.000,325.000,300.000,-1,-1,-1,-1,975.000,875.000,-1,-1,2,0,2,0,2,0,0,0,0,2,2,2,2,0,0,2,2
43,-542.011,296.159,166.534,14.973,0.965310,-0.256797,-0.047243,0.260391,0.960162,0.101417,0.019318,-0.110200,0.993722,0,0.84950,-0.06718,50.970,-0.134,-1,425.000,-1,400.000,-1,325.000,325.000,325.000,300.000,-1,-1,-1,-1,950.000,875.000,-1,-1,2,0,2,0,2,0,0,0,0,2,2,2,2,0,0,2,2
44,-492.833,309.412,167.199,15.079,0.964938,-0.258507,-0.045491,0.261943,0.959464,0.103990,0.016765,-0.112259,0.993537,0,0.84888,0.05282,50.933,0.106,-1,425.000,-1,400.000,-1,325.000,325.000,325.000,300.000,-1,-1,-1,-1,950.000,875.000,-1,-1,2,0,2,0,2,0,0,0,0,2,2,2,2,0,0,2,2
45,-443.735,322.923,167.828,15.382,0.963662,-0.263508,-0.043808,0.266765,0.957849,0.106592,0.013874,-0.114405,0.993337,0,0.84874,0.15139,50.924,0.303,-1,425.000,-1,375.000,-1,325.000,325.000,325.000,325.000,-1,-1,-1,-1,925.000,850.000,-1,-1,2,0,2,0,2,0,0,0,0,2,2,2,2,0,0,2,2
46,-394.692,336.692,168.414,15.677,0.962389,-0.268377,-0.042212,0.271452,0.956233,0.109232,0.011049,-0.116582,0.993120,0,0.84899,0.14776,50.940,0.296,-1,425.000,-1,375.000,-1,325.000,325.000,325.000,325.000,-1,-1,-1,-1,900.000,850.000,-1,-1,2,0,2,0,2,0,0,0,0,2,2,2,2,0,0,2,2
47,-345.692,350.714,168.959,15.965,0.961122,-0.273108,-0.040701,0.275999,0.954621,0.111907,0.008292,-0.118789,0.992885,0,0.84945,0.14399,50.967,0.288,-1,425.000,-1,375.000,-1,325.000,325.000,325.000,325.000,-1,-1,-1,-1,900.000,850.000,-1,-1,2,0,2,0,2,0,0,0,0,2,2,2,2,0,0,2,2
48,-296.725,364.987,169.462,16.245,0.959866,-0.277696,-0.039278,0.280404,0.953015,0.114614,0.005605,-0.121028,0.992633,0,0.85010,0.14006,51.006,0.280,-1,425.000,-1,400.000,-1,325.000,325.000,325.000,325.000,-1,-1,-1,-1,875.000,850.000,-1,-1,2,0,2,0,2,0,0,0,0,2,2,2,2,0,0,2,2
49,-247.777,379.507,169.923,16.517,0.958623,-0.282138,-0.037943,0.284662,0.951418,0.117353,0.002990,-0.123298,0.992365,0,0.85094,0.13600,51.057,0.272,-1,425.000,-1,400.000,-1,325.000,325.000,325.000,325.000,-1,-1,-1,-1,875.000,850.000,-1,-1,2,0,2,0,2,0,0,0,0,2,2,2,2,0,0,2,2
50,-201.359,393.304,170.331,16.549,0.958537,-0.282593,-0.036712,0.284966,0.951005,0.119930,0.001022,-0.125419,0.992103,0,0.80709,0.01600,48.425,0.032,-1,425.000,-1,400.000,-1,325.000,325.000,325.000,325.000,-1,-1,-1,-1,850.000,850.000,-1,-1,2,0,2,0,2,0,0,0,0,2,2,2,2,0,0,2,2
51,-154.830,406.950,170.729,16.341,0.959617,-0.279064,-0.035479,0.281310,0.951772,0.122455,-0.000405,-0.127491,0.991840,0,0.80814,-0.10400,48.488,-0.208,-1,400.000,-1,400.000,-1,325.000,325.000,325.000,350.000,-1,-1,-1,-1,850.000,850.000,-1,-1,2,0,2,0,2,0,0,0,0,2,2,2,2,0,1,2,2
52,-104.602,421.256,171.172,15.893,0.961823,-0.271537,-0.034123,0.273669,0.953656,0.125084,-0.001423,-0.129647,0.991559,0,0.87041,-0.22400,52.225,-0.448,-1,400.000,-1,400.000,-1,325.000,325.000,325.000,350.000,-1,-1,-1,-1,825.000,850.000,-1,-1,2,0,2,0,2,0,0,0,0,2,2,2,2,0,1,2,2
53,-53.844,435.189,171.400,15.347,0.964389,-0.262395,-0.033211,0.264484,0.956047,0.126579,-0.001462,-0.130855,0.991400,0,0.87725,-0.27302,52.635,-0.546,-1,400.000,-1,400.000,-1,325.000,325.000,325.000,350.000,-1,-1,-1,-1,825.000,850.000,-1,-1,2,0,2,0,2,0,0,0,0,2,2,2,2,0,1,2,2
54,-2.556,448.742,171.230,14.803,0.966873,-0.253314,-0.031433,0.255250,0.958551,0.126602,-0.001940,-0.130431,0.991455,0,0.88413,-0.27217,53.048,-0.544,-1,400.000,-1,400.000,-1,325.000,325.000,325.000,350.000,-1,-1,-1,-1,825.000,825.000,-1,-1,2,0,2,0,2,0,0,0,0,2,2,2,2,0,1,2,2
55,49.260,461.912,171.087,14.261,0.969261,-0.244246,-0.029621,0.246024,0.960969,0.126535,-0.002441,-0.129933,0.991520,0,0.89104,-0.27115,53.462,-0.542,-1,400.000,-1,400.000,-1,325.000,325.000,325.000,350.000,-1,-1,-1,-1,800.000,800.000,1000.000,-1,2,0,2,0,2,0,0,0,0,2,2,2,2,1,1,1,2
56,101.602,474.692,170.733,13.721,0.971536,-0.235163,-0.028554,0.236878,0.963158,0.127343,-0.002444,-0.130482,0.991448,0,0.89798,-0.26995,53.879,-0.540,-1,400.000,1000.000,400.000,-1,325.000,325.000,325.000,350.000,-1,-1,-1,-1,750.000,775.000,925.000,-1,2,0,1,0,2,0,0,0,0,2,2,2,2,1,1,1,2
57,154.469,487.078,170.378,13.184,0.973721,-0.226101,-0.027322,0.227731,0.965221,0.128403,-0.002660,-0.131251,0.991346,0,0.90495,-0.26854,54.297,-0.537,-1,400.000,950.000,400.000,-1,325.000,325.000,325.000,350.000,-1,-1,-1,-1,700.000,775.000,850.000,-1,2,0,1,0,2,0,0,0,0,2,2,2,2,1,1,1,2
58,207.858,499.061,170.042,12.650,0.975810,-0.217084,-0.025889,0.218601,0.967220,0.129223,-0.003012,-0.131757,0.991277,0,0.91194,-0.26692,54.716,-0.534,925.000,400.000,875.000,400.000,-1,325.000,325.000,325.000,350.000,-1,-1,-1,-1,650.000,750.000,775.000,-1,1,0,1,0,2,0,0,0,0,2,2,2,2,1,1,1,2
59,261.766,510.638,169.692,12.120,0.977805,-0.208122,-0.024142,0.209486,0.969171,0.129705,-0.003597,-0.131883,0.991259,0,0.91894,-0.26507,55.136,-0.530,850.000,400.000,825.000,400.000,-1,325.000,325.000,325.000,350.000,-1,-1,-1,-1,600.000,725.000,725.000,-1,1,0,1,0,2,0,0,0,0,2,2,2,2,1,1,1,2
60,316.190,521.804,169.419,11.594,0.979699,-0.199214,-0.022418,0.200429,0.971030,0.130110,-0.004151,-0.131962,0.991246,0,0.92594,-0.26297,55.556,-0.526,750.000,400.000,775.000,400.000,-1,325.000,325.000,300.000,350.000,-1,-1,-1,-1,550.000,675.000,650.000,-1,1,0,1,1,2,0,0,0,0,2,2,2,2,1,1,1,2
61,371.124,532.555,169.222,11.073,0.981493,-0.190373,-0.020717,0.191439,0.972798,0.130441,-0.004678,-0.131993,0.991240,0,0.93293,-0.26059,55.976,-0.521,675.000,400.000,725.000,375.000,-1,325.000,325.000,300.000,350.000,-1,-1,-1,-1,500.000,650.000,575.000,-1,1,1,1,1,2,0,1,0,0,2,2,2,2,1,1,1,2
62,426.565,542.887,169.102,10.557,0.983187,-0.181607,-0.019040,0.182529,0.974475,0.130699,-0.005182,-0.131977,0.991239,0,0.93990,-0.25792,56.394,-0.516,600.000,350.000,675.000,375.000,-1,300.000,300.000,300.000,350.000,-1,-1,-1,-1,450.000,625.000,500.000,-1,1,1,1,1,2,1,1,0,0,2,2,2,2,1,1,1,2
63,482.505,552.798,169.056,10.047,0.984781,-0.172930,-0.017385,0.173710,0.976060,0.130886,-0.005665,-0.131913,0.991245,0,0.94684,-0.25492,56.810,-0.510,500.000,325.000,625.000,350.000,-1,275.000,275.000,300.000,350.000,-1,-1,-1,-1,400.000,600.000,450.000,-1,1,1,1,1,2,1,1,0,0,2,2,2,2,1,1,1,2
64,538.936,562.286,169.085,9.544,0.986275,-0.164355,-0.015752,0.164995,0.977556,0.131002,-0.006132,-0.131803,0.991257,0,0.95371,-0.25155,57.223,-0.503,425.000,275.000,550.000,325.000,-1,250.000,275.000,300.000,350.000,-1,-1,-1,-1,350.000,550.000,375.000,-1,1,1,1,1,2,1,1,0,0,2,2,2,2,1,1,1,2
65,595.851,571.349,169.187,9.048,0.987672,-0.155898,-0.014140,0.156399,0.978961,0.131051,-0.006588,-0.131647,0.991275,0,0.96051,-0.24778,57.631,-0.496,350.000,250.000,500.000,300.000,-1,225.000,250.000,300.000,375.000,-1,-1,-1,-1,325.000,525.000,300.000,-1,1,1,1,1,2,1,1,0,0,2,2,2,2,1,1,1,2
66,653.237,579.987,169.375,8.561,0.988947,-0.147572,-0.014355,0.148176,0.980269,0.130831,-0.005235,-0.131512,0.991301,0,0.96719,-0.24356,58.032,-0.487,275.000,225.000,450.000,300.000,-1,200.000,225.000,300.000,375.000,-1,-1,-1,-1,275.000,500.000,250.000,-1,1,1,1,1,2,1,1,0,0,2,2,2,2,1,1,1,2
67,711.082,588.195,171.129,8.084,0.990033,-0.139457,-0.019637,0.140823,0.981898,0.126671,0.001617,-0.128174,0.991750,0,0.97373,-0.23881,58.424,-0.478,225.000,200.000,425.000,275.000,-1,175.000,225.000,325.000,375.000,-1,-1,-1,-1,250.000,500.000,200.000,-1,1,1,1,1,2,1,1,0,0,2,2,2,2,1,1,1,2
68,769.375,595.948,178.481,7.617,0.990445,-0.131831,-0.040495,0.135267,0.985849,0.099017,0.026869,-0.103549,0.994261,0,0.98007,-0.23347,58.804,-0.467,200.000,200.000,450.000,300.000,-1,175.000,225.000,400.000,350.000,-1,550.000,250.000,-1,250.000,975.000,175.000,-1,1,1,1,1,2,1,1,0,0,2,0,0,2,1,1,1,2
69,828.090,603.293,186.173,7.162,0.990265,-0.124285,-0.062677,0.128645,0.989137,0.071120,0.053157,-0.078490,0.995497,0,0.98615,-0.22746,59.169,-0.455,200.000,200.000,475.000,325.000,-1,200.000,225.000,475.000,350.000,-1,250.000,100.000,-1,250.000,-1,175.000,-1,1,1,1,1,2,1,1,0,0,2,0,0,2,1,2,1,2
70,4263.572,3607.618,6.540,-46.987,0.677077,0.731165,-0.083451,-0.727411,0.682125,0.074688,0.111533,0.010134,0.993709,1,0.00000,0.00000,59.514,-0.441,-1,400.000,850.000,425.000,700.000,325.000,325.000,300.000,300.000,-1,-1,-1,-1,875.000,525.000,-1,575.000,2,0,1,0,1,0,0,0,0,2,2,2,2,0,1,2,1
71,4266.832,3604.095,7.047,-47.227,0.674004,0.734013,-0.083332,-0.730286,0.679054,0.074621,0.111359,0.010561,0.993724,0,0.08000,-0.12000,4.800,-0.240,-1,400.000,825.000,425.000,700.000,325.000,325.000,300.000,300.000,-1,-1,-1,-1,875.000,525.000,-1,575.000,2,0,1,1,1,0,0,0,0,2,2,2,2,0,1,2,1
72,4273.292,3596.994,8.061,-47.707,0.667822,0.739669,-0.083091,-0.735998,0.672874,0.074480,0.111000,0.011415,0.993755,0,0.16000,-0.24000,9.600,-0.480,-1,400.000,800.000,425.000,700.000,325.000,325.000,300.000,300.000,-1,-1,-1,-1,875.000,525.000,-1,575.000,2,0,1,1,1,0,0,0,0,2,2,2,2,0,1,2,1
73,4282.848,3586.221,9.592,-48.427,0.658461,0.748054,-0.082736,-0.744475,0.663516,0.074189,0.110394,0.012744,0.993806,0,0.24000,-0.36000,14.400,-0.720,-1,400.000,775.000,400.000,700.000,325.000,325.000,300.000,300.000,-1,-1,-1,-1,875.000,525.000,-1,550.000,2,0,1,1,1,0,0,0,0,2,2,2,2,0,1,2,1
74,4295.346,3571.646,11.639,-49.387,0.645818,0.759047,-0.082266,-0.755598,0.650874,0.073723,0.109504,0.014548,0.993880,0,0.32000,-0.48000,19.200,-0.960,-1,400.000,750.000,400.000,675.000,325.000,325.000,300.000,300.000,-1,-1,-1,-1,900.000,500.000,-1,550.000,2,0,1,1,1,0,0,0,0,2,2,2,2,1,1,2,1
75,4310.584,3553.105,14.186,-50.587,0.629760,0.772484,-0.081672,-0.769200,0.634812,0.073110,0.108323,0.016780,0.993974,0,0.40000,-0.60000,24.000,-1.200,-1,400.000,700.000,375.000,675.000,325.000,325.000,300.000,300.000,-1,-1,-1,-1,825.000,475.000,-1,525.000,2,0,1,1,1,0,0,0,0,2,2,2,2,1,1,2,1
76,4328.305,3530.402,17.225,-52.027,0.610130,0.788155,-0.080951,-0.785070,0.615170,0.072328,0.106805,0.019423,0.994090,0,0.48000,-0.72000,28.800,-1.440,-1,400.000,650.000,375.000,675.000,325.000,325.000,300.000,300.000,-1,-1,-1,-1,775.000,450.000,-1,500.000,2,0,1,1,1,0,0,0,0,2,2,2,2,1,1,2,1
77,4348.194,3503.321,20.744,-53.707,0.586744,0.805800,-0.080106,-0.802949,0.591761,0.071353,0.104900,0.022455,0.994229,0,0.56000,-0.84000,33.600,-1.680,-1,400.000,600.000,350.000,700.000,325.000,325.000,300.000,300.000,-1,-1,-1,-1,700.000,425.000,1000.000,475.000,2,0,1,1,1,0,0,0,0,2,2,2,2,1,1,1,1
78,4369.875,3471.628,24.697,-55.627,0.559389,0.825104,-0.079291,-0.822526,0.564383,0.070165,0.102644,0.025969,0.994379,0,0.64000,-0.96000,38.400,-1.920,-1,400.000,550.000,325.000,725.000,325.000,325.000,300.000,300.000,-1,-1,-1,-1,600.000,400.000,875.000,450.000,2,0,1,1,1,0,1,0,0,2,2,2,2,1,1,1,1
79,4393.006,3435.143,29.054,-57.627,0.530218,0.844210,-0.078600,-0.841930,0.535188,0.068762,0.100115,0.029717,0.994532,0,0.72000,-1.00000,43.200,-2.000,-1,400.000,500.000,300.000,775.000,325.000,275.000,300.000,300.000,-1,-1,-1,-1,525.000,375.000,775.000,425.000,2,0,1,1,1,0,1,0,0,2,2,2,2,1,1,1,1
80,4417.277,3393.732,33.820,-59.627,0.500412,0.862271,-0.077951,-0.860305,0.505339,0.067132,0.097278,0.033468,0.994694,0,0.80000,-1.00000,48.000,-2.000,1000.000,375.000,425.000,275.000,-1,300.000,250.000,300.000,300.000,-1,-1,-1,-1,450.000,350.000,650.000,400.000,1,1,1,1,2,1,1,0,0,2,2,2,2,1,1,1,1
81,4442.369,3347.275,39.227,-61.627,0.470027,0.879296,-0.076893,-0.877536,0.474892,0.066387,0.094890,0.036273,0.994827,0,0.88000,-1.00000,52.800,-2.000,775.000,300.000,375.000,250.000,-1,250.000,225.000,300.000,300.000,-1,-1,-1,-1,375.000,300.000,550.000,350.000,1,1,1,1,2,1,1,0,0,2,2,2,2,1,1,1,1
82,4467.954,3295.667,46.823,-63.627,0.439260,0.895457,-0.072166,-0.893040,0.443977,0.073239,0.097622,0.032276,0.994700,0,0.96000,-1.00000,57.600,-2.000,600.000,250.000,325.000,225.000,-1,225.000,200.000,300.000,325.000,-1,-1,-1,-1,300.000,275.000,425.000,350.000,1,1,1,1,2,1,1,0,0,2,2,2,2,1,1,1,1
83,4492.711,3241.012,55.036,-65.627,0.408087,0.910563,-0.065874,-0.907267,0.412527,0.081784,0.101644,0.026391,0.994471,0,1.00000,-1.00000,60.000,-2.000,450.000,200.000,275.000,200.000,-1,175.000,175.000,300.000,350.000,-1,-1,-1,-1,250.000,250.000,350.000,325.000,1,1,1,1,2,1,1,0,0,2,2,2,2,1,1,1,1
84,4515.546,3185.525,63.291,-67.627,0.376600,0.924567,-0.057868,-0.920175,0.380564,0.091921,0.107009,0.018631,0.994083,0,1.00000,-1.00000,60.000,-2.000,325.000,150.000,225.000,175.000,-1,150.000,150.000,275.000,375.000,-1,-1,-1,-1,200.000,225.000,250.000,325.000,1,1,1,1,2,1,1,0,0,2,2,2,2,1,1,1,1
85,6887.263,2295.732,123.776,144.296,-0.809051,-0.582141,0.080919,0.585696,-0.810030,0.028502,0.048954,0.070453,0.996313,1,0.00000,0.00000,60.000,-1.970,400.000,425.000,-1,400.000,-1,350.000,350.000,125.000,300.000,-1,850.000,925.000,-1,550.000,850.000,475.000,-1,1,1,2,0,2,0,0,1,0,2,0,0,2,1,0,1,2
86,6883.378,2298.551,123.523,144.056,-0.806792,-0.585600,0.078473,0.588958,-0.807683,0.027876,0.047057,0.068708,0.996526,0,0.08000,-0.12000,4.800,-0.240,400.000,425.000,-1,400.000,-1,350.000,350.000,125.000,300.000,-1,900.000,1000.000,-1,550.000,825.000,475.000,-1,1,1,2,0,2,0,0,1,0,2,0,0,2,1,0,1,2
87,6875.656,2304.255,122.981,143.576,-0.802227,-0.592491,0.073392,0.595458,-0.802944,0.026641,0.043145,0.065075,0.996947,0,0.16000,-0.24000,9.600,-0.480,400.000,400.000,-1,400.000,-1,350.000,325.000,125.000,325.000,-1,-1,-1,-1,550.000,800.000,450.000,-1,1,1,2,0,2,0,0,1,0,2,2,2,2,1,0,1,2
88,6864.181,2312.954,122.077,142.856,-0.795251,-0.602752,0.065310,0.605150,-0.795724,0.024845,0.036993,0.059280,0.997556,0,0.24000,-0.36000,14.400,-0.720,375.000,400.000,-1,400.000,-1,325.000,325.000,100.000,325.000,-1,-1,-1,-1,525.000,775.000,425.000,-1,1,1,2,0,2,0,0,1,0,2,2,2,2,1,0,1,2
89,6849.073,2324.803,122.670,141.896,-0.785160,-0.616011,0.063674,0.618323,-0.785529,0.024936,0.034657,0.058950,0.997659,0,0.32000,-0.48000,19.200,-0.960,375.000,400.000,-1,375.000,-1,325.000,325.000,100.000,325.000,-1,-1,-1,-1,525.000,775.000,425.000,-1,1,1,2,0,2,0,0,1,0,2,2,2,2,1,0,1,2
90,6830.501,2340.005,123.641,140.696,-0.772160,-0.632304,0.062928,0.634594,-0.772428,0.025409,0.032541,0.059554,0.997695,0,0.40000,-0.60000,24.000,-1.200,350.000,375.000,-1,375.000,-1,325.000,325.000,100.000,325.000,-1,-1,-1,-1,525.000,775.000,400.000,-1,1,1,2,0,2,0,0,1,0,2,2,2,2,1,0,1,2
91,6808.679,2358.800,125.749,139.256,-0.756234,-0.651328,0.062300,0.653748,-0.756076,0.031023,0.026898,0.064189,0.997575,0,0.48000,-0.72000,28.800,-1.440,350.000,375.000,-1,375.000,-1,325.000,325.000,125.000,325.000,-1,-1,-1,-1,550.000,750.000,400.000,-1,1,1,2,0,2,0,0,1,0,2,2,2,2,1,0,1,2
92,6783.827,2381.413,129.607,137.687,-0.738579,-0.671269,0.062450,0.673982,-0.737374,0.045040,0.015815,0.075355,0.997031,0,0.56000,-0.78482,33.600,-1.570,325.000,375.000,-1,375.000,-1,325.000,300.000,150.000,300.000,-1,-1,-1,-1,550.000,700.000,375.000,-1,1,1,2,0,2,0,0,1,0,2,2,2,2,1,0,1,2
93,6756.144,2408.026,133.311,136.116,-0.720408,-0.690666,0.063185,0.693528,-0.718117,0.057675,0.005540,0.085370,0.996334,0,0.64000,-0.78526,38.400,-1.571,325.000,350.000,-1,350.000,-1,300.000,300.000,150.000,300.000,-1,-1,-1,-1,625.000,650.000,375.000,-1,1,1,2,0,2,0,0,1,0,2,2,2,2,1,0,1,2
94,6725.706,2438.684,136.545,134.786,-0.704635,-0.706675,0.064023,0.709564,-0.701411,0.067382,-0.002711,0.092908,0.995671,0,0.72000,-0.66526,43.200,-1.331,300.000,350.000,-1,350.000,-1,300.000,300.000,175.000,275.000,-1,-1,-1,-1,1000.000,625.000,375.000,-1,1,1,2,0,2,0,0,1,0,2,2,2,2,0,0,1,2
95,6692.542,2473.387,139.163,133.695,-0.691395,-0.719591,0.064517,0.722428,-0.687543,0.073368,-0.008437,0.097335,0.995216,0,0.80000,-0.54526,48.000,-1.091,300.000,350.000,-1,350.000,-1,300.000,300.000,225.000,275.000,375.000,-1,-1,-1,1000.000,600.000,425.000,-1,1,1,2,0,2,1,0,1,0,1,2,2,2,0,0,1,2
96,6659.031,2509.519,140.951,132.845,-0.680780,-0.729656,0.064347,0.732403,-0.676729,0.074995,-0.011175,0.098184,0.995106,0,0.82132,-0.42526,49.279,-0.851,275.000,375.000,-1,350.000,-1,300.000,300.000,250.000,275.000,325.000,-1,-1,-1,-1,600.000,-1,-1,1,1,2,0,2,1,0,1,0,1,2,2,2,2,0,2,2
97,6626.264,2545.601,143.696,132.234,-0.672554,-0.736478,0.072607,0.740030,-0.668601,0.072998,-0.005217,0.102826,0.994686,0,0.81233,-0.30526,48.740,-0.611,325.000,425.000,-1,350.000,-1,325.000,300.000,275.000,275.000,300.000,-1,-1,-1,-1,625.000,-1,-1,1,1,2,0,2,0,0,1,0,1,2,2,2,2,0,2,2
98,6594.030,2581.565,145.627,131.864,-0.667113,-0.740600,0.080446,0.744950,-0.663657,0.067889,0.003110,0.105218,0.994444,0,0.80492,-0.18526,48.295,-0.371,-1,500.000,-1,375.000,-1,350.000,325.000,275.000,275.000,300.000,-1,-1,-1,-1,700.000,-1,-1,2,0,2,0,2,0,0,1,0,1,2,2,2,2,0,2,2
99,6562.118,2617.342,146.278,131.733,-0.664716,-0.742329,0.084266,0.747004,-0.662164,0.059361,0.011733,0.102405,0.994674,0,0.79900,-0.06526,47.940,-0.131,-1,525.000,-1,400.000,-1,375.000,325.000,275.000,275.000,275.000,-1,-1,-1,-1,775.000,-1,-1,2,0,2,0,2,0,0,1,0,1,2,2,2,2,0,2,2
100,6530.325,2652.859,145.799,131.843,-0.665477,-0.741617,0.084525,0.746132,-0.664078,0.047818,0.020669,0.094889,0.995273,0,0.79448,0.05474,47.669,0.109,-1,550.000,-1,400.000,-1,400.000,350.000,250.000,275.000,275.000,-1,-1,-1,-1,875.000,-1,-1,2,0,2,0,2,0,0,1,0,1,2,2,2,2,0,2,2
101,6495.095,2691.742,144.101,132.192,-0.669431,-0.738427,0.081159,0.742235,-0.669382,0.031855,0.030804,0.081564,0.996192,0,0.87448,0.17474,52.469,0.349,-1,575.000,-1,450.000,-1,400.000,375.000,225.000,300.000,275.000,-1,-1,-1,-1,-1,-1,-1,2,0,2,0,2,0,0,1,0,1,2,2,2,2,2,2,2
102,6457.564,2732.312,142.540,132.782,-0.676803,-0.732072,0.077516,0.735239,-0.677472,0.021327,0.036902,0.071426,0.996763,0,0.92114,0.29474,55.268,0.589,-1,575.000,-1,475.000,-1,425.000,400.000,200.000,300.000,275.000,275.000,1000.000,-1,-1,-1,-1,-1,2,0,2,0,2,0,0,1,0,1,1,0,2,2,2,2,2
103,6419.684,2772.081,142.559,133.611,-0.687654,-0.722382,0.072776,0.725217,-0.688185,0.021509,0.034545,0.067569,0.997116,0,0.91538,0.41474,54.923,0.829,-1,575.000,-1,475.000,-1,425.000,400.000,175.000,300.000,300.000,350.000,-1,-1,-1,-1,-1,-1,2,0,2,0,2,0,0,1,0,1,1,2,2,2,2,2,2
104,6381.307,2810.896,142.169,134.681,-0.701476,-0.709690,0.065363,0.712031,-0.701823,0.021360,0.030714,0.061524,0.997633,0,0.90975,0.53474,54.585,1.069,-1,550.000,-1,475.000,-1,425.000,400.000,150.000,300.000,325.000,-1,-1,-1,-1,-1,-1,-1,2,0,2,0,2,0,0,1,0,1,2,2,2,2,2,2,2
105,6342.286,2848.601,141.466,135.990,-0.718025,-0.693783,0.055727,0.695543,-0.718186,0.020680,0.025675,0.053610,0.998232,0,0.90437,0.65474,54.262,1.309,-1,550.000,-1,475.000,-1,400.000,400.000,150.000,300.000,350.000,-1,-1,-1,-1,-1,-1,-1,2,0,2,0,2,0,0,1,0,1,2,2,2,2,2,2,2
106,6302.482,2885.033,140.485,137.540,-0.737018,-0.674413,0.044403,0.675591,-0.737016,0.019581,0.019520,0.044430,0.998822,0,0.89934,0.77474,53.961,1.549,-1,525.000,-1,475.000,-1,400.000,375.000,125.000,325.000,375.000,-1,-1,-1,-1,-1,-1,-1,2,0,2,0,2,0,0,1,0,1,2,2,2,2,2,2,2
107,6261.767,2920.023,138.357,139.329,-0.758191,-0.651241,0.032110,0.651961,-0.757917,0.022558,0.009646,0.038038,0.999230,0,0.89474,0.89474,53.685,1.789,-1,500.000,-1,450.000,-1,375.000,375.000,100.000,325.000,425.000,-1,-1,-1,-1,-1,-1,-1,2,0,2,0,2,0,0,1,0,1,2,2,2,2,2,2,2
108,6220.048,2953.417,136.165,141.329,-0.780763,-0.624543,0.018847,0.624827,-0.780371,0.024755,-0.000753,0.031104,0.999516,0,0.89064,1.00000,53.439,2.000,-1,450.000,-1,425.000,-1,350.000,350.000,100.000,325.000,450.000,-1,-1,-1,-1,-1,-1,-1,2,0,2,0,2,0,0,1,0,1,2,2,2,2,2,2,2
109,6177.362,2985.202,135.009,143.329,-0.802185,-0.596962,0.011658,0.597032,-0.801736,0.027785,-0.007240,0.029249,0.999546,0,0.88701,1.00000,53.221,2.000,-1,450.000,-1,425.000,-1,350.000,350.000,100.000,300.000,500.000,-1,-1,-1,-1,-1,-1,-1,2,0,2,0,2,0,0,1,0,1,2,2,2,2,2,2,2
110,6133.776,3015.349,134.559,145.329,-0.822578,-0.568603,0.007566,0.568534,-0.822060,0.031427,-0.011650,0.030153,0.999477,0,0.88326,1.00000,52.996,2.000,-1,450.000,-1,425.000,-1,350.000,350.000,100.000,300.000,525.000,-1,-1,-1,-1,-1,-1,-1,2,0,2,0,2,0,0,1,0,1,2,2,2,2,2,2,2
111,6089.358,3043.832,135.414,147.329,-0.842006,-0.539463,0.002443,0.539091,-0.841240,0.041171,-0.020155,0.035983,0.999149,0,0.87943,1.00000,52.766,2.000,-1,450.000,-1,400.000,-1,350.000,325.000,100.000,275.000,600.000,-1,-1,-1,-1,1000.000,-1,-1,2,0,2,0,2,0,0,1,0,1,2,2,2,2,0,2,2
112,6044.172,3070.627,136.784,149.329,-0.860390,-0.509622,-0.003783,0.508742,-0.859296,0.052836,-0.030177,0.043535,0.998596,0,0.87555,1.00000,52.533,2.000,-1,450.000,-1,400.000,-1,350.000,325.000,100.000,275.000,650.000,-1,-1,-1,-1,925.000,-1,-1,2,0,2,0,2,0,0,1,0,1,2,2,2,2,0,2,2
113,5998.284,3095.718,137.766,151.329,-0.877644,-0.479197,-0.010516,0.477740,-0.876330,0.061726,-0.038794,0.049150,0.998038,0,0.87165,1.00000,52.299,2.000,-1,450.000,-1,375.000,-1,350.000,325.000,125.000,250.000,725.000,-1,-1,-1,-1,875.000,-1,-1,2,0,2,0,2,0,0,1,0,1,2,2,2,2,0,2,2
114,5951.757,3119.088,138.089,153.329,-0.893703,-0.448264,-0.018833,0.446195,-0.892404,0.067264,-0.046959,0.051711,0.997557,0,0.86776,1.00000,52.066,2.000,-1,425.000,-1,375.000,-1,325.000,325.000,125.000,275.000,800.000,-1,-1,-1,1000.000,850.000,-1,-1,2,0,2,0,2,0,0,1,0,1,2,2,2,0,0,2,2
115,5906.850,3139.944,138.040,155.089,-0.906830,-0.420631,-0.026989,0.418029,-0.905722,0.070143,-0.053949,0.052326,0.997172,0,0.82523,0.88000,49.514,1.760,-1,425.000,-1,375.000,-1,325.000,325.000,125.000,275.000,875.000,-1,-1,-1,950.000,825.000,-1,-1,2,0,2,0,2,0,0,1,0,1,2,2,2,0,0,2,2
116,5861.628,3159.506,137.728,156.609,-0.917386,-0.396474,-0.034814,0.393437,-0.916599,0.071086,-0.060094,0.051517,0.996862,0,0.82118,0.76000,49.271,1.520,-1,425.000,-1,375.000,-1,325.000,325.000,125.000,275.000,925.000,-1,-1,-1,925.000,800.000,-1,-1,2,0,2,0,2,0,0,1,0,1,2,2,2,0,0,2,2
117,5816.238,3177.948,136.581,157.889,-0.925802,-0.375903,-0.039843,0.372595,-0.925234,0.071515,-0.063747,0.051364,0.996643,0,0.81654,0.64000,48.993,1.280,-1,425.000,-1,375.000,-1,325.000,325.000,125.000,275.000,975.000,-1,-1,-1,900.000,800.000,-1,-1,2,0,2,0,2,0,0,1,0,1,2,2,2,0,0,2,2
118,5770.811,3195.450,134.507,158.929,-0.932346,-0.359031,-0.042748,0.355529,-0.931862,0.072332,-0.065804,0.052240,0.996464,0,0.81137,0.52000,48.682,1.040,-1,425.000,-1,375.000,-1,325.000,325.000,150.000,275.000,1000.000,-1,-1,-1,900.000,800.000,-1,-1,2,0,2,0,2,0,0,1,0,1,2,2,2,0,0,2,2
119,5725.461,3212.199,131.856,159.729,-0.937140,-0.345973,-0.045520,0.342278,-0.936751,0.073101,-0.067932,0.052926,0.996285,0,0.80573,0.40000,48.344,0.800,-1,425.000,-1,375.000,-1,325.000,325.000,150.000,275.000,-1,-1,-1,-1,875.000,800.000,-1,-1,2,0,2,0,2,0,0,1,0,2,2,2,2,0,0,2,2
120,5680.291,3228.382,128.949,160.289,-0.940363,-0.336812,-0.047697,0.333047,-0.940118,0.072509,-0.069263,0.052300,0.996227,0,0.79970,0.28000,47.982,0.560,-1,400.000,-1,375.000,-1,325.000,325.000,150.000,275.000,-1,-1,-1,-1,875.000,800.000,-1,-1,2,0,2,0,2,0,0,1,0,2,2,2,2,0,0,2,2
121,5635.388,3244.188,125.791,160.609,-0.942137,-0.331589,-0.049270,0.327873,-0.942077,0.070639,-0.069839,0.050398,0.996284,0,0.79338,0.16000,47.603,0.320,-1,400.000,-1,375.000,-1,325.000,325.000,175.000,275.000,300.000,-1,-1,-1,875.000,825.000,-1,-1,2,0,2,0,2,0,0,1,0,1,2,2,2,0,0,2,2
122,5590.833,3259.802,122.385,160.689,-0.942529,-0.330324,-0.050258,0.326777,-0.942685,0.067545,-0.069689,0.047240,0.996450,0,0.78687,0.04000,47.212,0.080,-1,400.000,-1,400.000,-1,325.000,325.000,175.000,275.000,250.000,-1,-1,-1,875.000,850.000,-1,-1,2,0,2,0,2,0,0,1,0,1,2,2,2,0,0,2,2
123,5546.695,3275.408,118.670,160.529,-0.941551,-0.333018,-0.050791,0.329730,-0.941938,0.063496,-0.068988,0.043037,0.996689,0,0.78027,-0.08000,46.816,-0.160,-1,400.000,-1,400.000,-1,325.000,325.000,175.000,275.000,225.000,-1,-1,-1,875.000,875.000,-1,-1,2,0,2,0,2,0,0,1,0,1,2,2,2,0,0,2,2
124,5503.039,3291.188,114.606,160.129,-0.939167,-0.339658,-0.050967,0.336703,-0.939787,0.058579,-0.067795,0.037855,0.996981,0,0.77368,-0.20000,46.421,-0.400,-1,400.000,-1,400.000,-1,325.000,325.000,200.000,300.000,200.000,-1,-1,-1,875.000,900.000,-1,-1,2,0,2,0,2,0,0,1,0,1,2,2,2,0,0,2,2
125,5459.925,3307.319,110.245,159.489,-0.935295,-0.350213,-0.050743,0.347689,-0.936146,0.052379,-0.065847,0.031347,0.997337,0,0.76721,-0.32000,46.032,-0.640,-1,425.000,-1,425.000,-1,325.000,325.000,200.000,300.000,175.000,-1,-1,-1,875.000,950.000,-1,-1,2,0,2,0,2,0,0,1,0,1,2,2,2,0,0,2,2
126,5417.351,3323.812,106.221,158.825,-0.931124,-0.361089,-0.051219,0.358854,-0.932162,0.047938,-0.065055,0.026256,0.997536,0,0.76096,-0.33194,45.658,-0.664,-1,425.000,-1,425.000,-1,325.000,325.000,200.000,300.000,175.000,-1,-1,-1,875.000,975.000,-1,-1,2,0,2,0,2,0,0,1,0,1,2,2,2,0,0,2,2
127,5375.274,3340.680,103.521,158.154,-0.926682,-0.371977,-0.053800,0.369539,-0.927861,0.050152,-0.068575,0.026593,0.997291,0,0.75552,-0.33549,45.331,-0.671,-1,425.000,-1,425.000,-1,325.000,325.000,225.000,300.000,200.000,-1,-1,-1,875.000,975.000,-1,-1,2,0,2,0,2,0,0,1,0,1,2,2,2,0,0,2,2
128,5335.385,3357.021,100.605,157.723,-0.923732,-0.378953,-0.055806,0.376434,-0.925056,0.050692,-0.070834,0.025818,0.997154,0,0.71844,-0.21549,43.106,-0.431,-1,425.000,-1,425.000,-1,325.000,325.000,250.000,300.000,225.000,-1,-1,-1,875.000,975.000,-1,-1,2,0,2,0,2,0,0,1,0,1,2,2,2,0,0,2,2
129,5295.729,3373.422,97.568,157.532,-0.922296,-0.382045,-0.058406,0.379447,-0.923811,0.050929,-0.073413,0.024810,0.996993,0,0.71522,-0.09549,42.913,-0.191,-1,400.000,-1,425.000,-1,325.000,325.000,250.000,300.000,225.000,-1,-1,-1,850.000,950.000,-1,-1,2,0,2,0,2,0,0,1,0,1,2,2,2,0,0,2,2
130,5256.176,3389.740,94.474,157.581,-0.922432,-0.381263,-0.061295,0.378588,-0.924159,0.051002,-0.076092,0.023840,0.996816,0,0.71310,0.02451,42.786,0.049,-1,400.000,-1,425.000,-1,325.000,325.000,275.000,300.000,250.000,-1,-1,-1,850.000,950.000,-1,-1,2,0,2,0,2,0,0,1,0,1,2,2,2,0,0,2,2
131,5216.604,3405.832,91.384,157.870,-0.924147,-0.376603,-0.064213,0.373848,-0.926086,0.051015,-0.078679,0.023140,0.996631,0,0.71197,0.14451,42.718,0.289,-1,400.000,-1,425.000,-1,325.000,325.000,275.000,325.000,275.000,-1,-1,-1,825.000,950.000,-1,-1,2,0,2,0,2,0,0,1,0,1,2,2,2,0,0,2,2
132,5173.023,3423.191,87.835,158.283,-0.926653,-0.369926,-0.066846,0.367074,-0.928776,0.051296,-0.081060,0.022996,0.996444,0,0.78185,0.20627,46.911,0.413,-1,400.000,-1,425.000,-1,325.000,325.000,275.000,325.000,300.000,-1,-1,-1,825.000,925.000,-1,-1,2,0,2,0,2,0,0,1,0,1,2,2,2,0,0,2,2
133,5129.563,3440.140,83.976,158.693,-0.929184,-0.363255,-0.068280,0.360270,-0.931381,0.052300,-0.082593,0.023997,0.996294,0,0.77745,0.20523,46.647,0.410,-1,400.000,-1,425.000,-1,325.000,325.000,300.000,325.000,300.000,-1,-1,-1,800.000,925.000,-1,-1,2,0,2,0,2,0,0,1,0,1,2,2,2,0,0,2,2
134,5086.219,3456.691,79.953,159.101,-0.931635,-0.356601,-0.069942,0.353415,-0.933906,0.054017,-0.084582,0.025606,0.996087,0,0.77326,0.20395,46.396,0.408,-1,400.000,-1,425.000,-1,325.000,325.000,300.000,325.000,325.000,-1,-1,-1,800.000,900.000,-1,-1,2,0,2,0,2,0,0,0,0,1,2,2,2,0,0,2,2
135,5042.982,3472.851,75.939,159.506,-0.934018,-0.349978,-0.071593,0.346590,-0.936363,0.055666,-0.086519,0.027180,0.995879,0,0.76930,0.20244,46.158,0.405,-1,400.000,-1,425.000,-1,325.000,325.000,300.000,325.000,350.000,-1,-1,-1,800.000,900.000,-1,-1,2,0,2,0,2,0,0,0,0,1,2,2,2,0,0,2,2
136,4999.843,3488.631,71.925,159.908,-0.936335,-0.343394,-0.073197,0.339803,-0.938751,0.057273,-0.088381,0.028754,0.995672,0,0.76558,0.20071,45.935,0.401,-1,400.000,-1,425.000,-1,325.000,325.000,300.000,325.000,375.000,-1,-1,-1,775.000,875.000,-1,-1,2,0,2,0,2,0,0,0,0,1,2,2,2,0,0,2,2
137,4956.790,3504.042,67.779,160.305,-0.938626,-0.336852,-0.074237,0.333045,-0.941053,0.059159,-0.089789,0.030804,0.995484,0,0.76213,0.19876,45.728,0.398,-1,400.000,-1,425.000,-1,325.000,325.000,300.000,325.000,400.000,-1,-1,-1,775.000,850.000,-1,-1,2,0,2,0,2,0,0,0,0,1,2,2,2,0,0,2,2
138,4913.812,3519.094,63.641,160.698,-0.940847,-0.330365,-0.075274,0.326340,-0.943283,0.060991,-0.091154,0.032818,0.995296,0,0.75895,0.19662,45.537,0.393,-1,400.000,-1,425.000,-1,325.000,325.000,300.000,325.000,425.000,-1,-1,-1,775.000,850.000,-1,-1,2,0,2,0,2,0,0,0,0,1,2,2,2,0,0,2,2
