timestep,x_cm,y_cm,z_cm,yaw_deg,basis_xx,basis_xy,basis_xz,basis_yx,basis_yy,basis_yz,basis_zx,basis_zy,basis_zz,teleport_flag,throttle_cmd,steering_cmd,cmd_move_cm,cmd_turn_deg,lidar_cm_0,lidar_cm_1,lidar_cm_2,lidar_cm_3,lidar_cm_4,lidar_cm_5,lidar_cm_6,lidar_cm_7,lidar_cm_8,lidar_cm_9,lidar_cm_10,lidar_cm_11,lidar_cm_12,lidar_cm_13,lidar_cm_14,lidar_cm_15,lidar_cm_16,lidar_class_0,lidar_class_1,lidar_class_2,lidar_class_3,lidar_class_4,lidar_class_5,lidar_class_6,lidar_class_7,lidar_class_8,lidar_class_9,lidar_class_10,lidar_class_11,lidar_class_12,lidar_class_13,lidar_class_14,lidar_class_15,lidar_class_16
0,981.854,8194.810,-114.062,64.793,0.425901,-0.904770,-0.000170,0.904730,0.425880,0.009485,-0.008510,-0.004193,0.999955,1,-0.08000,0.12000,-4.800,0.240,-1,375.000,-1,375.000,-1,300.000,300.000,325.000,325.000,600.000,450.000,400.000,-1,675.000,675.000,-1,-1,2,0,2,0,2,0,0,0,0,1,1,1,2,0,0,2,2
1,977.820,8186.099,-113.980,65.151,0.420242,-0.907412,0.000095,0.907368,0.420223,0.009769,-0.008904,-0.004020,0.999952,0,-0.16000,0.17887,-9.600,0.358,-1,375.000,-1,375.000,-1,300.000,300.000,325.000,325.000,600.000,450.000,400.000,-1,675.000,675.000,-1,-1,2,0,2,0,2,0,0,0,0,1,1,1,2,0,0,2,2
2,971.852,8172.993,-113.855,65.517,0.414437,-0.910078,0.000492,0.910029,0.414420,0.010190,-0.009477,-0.003775,0.999948,0,-0.24000,0.18294,-14.400,0.366,-1,375.000,-1,375.000,-1,300.000,300.000,325.000,325.000,575.000,425.000,375.000,-1,675.000,675.000,-1,-1,2,0,2,0,2,0,0,0,0,1,1,1,2,0,0,2,2
3,964.126,8155.725,-113.685,65.895,0.408420,-0.912794,0.001015,0.912737,0.408406,0.010738,-0.010216,-0.003460,0.999942,0,-0.31529,0.18905,-18.918,0.378,-1,375.000,-1,375.000,-1,300.000,300.000,325.000,325.000,550.000,400.000,375.000,-1,675.000,675.000,-1,-1,2,0,2,0,2,0,0,0,0,1,1,1,2,0,0,2,2
4,956.383,8138.094,-113.506,66.289,0.402127,-0.915582,0.001545,0.915518,0.402118,0.011295,-0.010962,-0.003128,0.999935,0,-0.32095,0.19707,-19.257,0.394,-1,375.000,-1,375.000,-1,300.000,300.000,325.000,325.000,550.000,400.000,350.000,-1,675.000,675.000,-1,-1,2,0,2,0,2,0,0,0,0,1,1,1,2,0,0,2,2
5,948.629,8120.092,-113.316,66.700,0.395554,-0.918441,0.002082,0.918368,0.395549,0.011859,-0.011716,-0.002779,0.999928,0,-0.32668,0.20522,-19.601,0.410,-1,375.000,-1,375.000,-1,300.000,300.000,325.000,325.000,525.000,375.000,325.000,-1,700.000,675.000,-1,-1,2,0,2,0,2,0,0,0,0,1,1,1,2,0,0,2,2
6,940.875,8101.711,-113.116,67.127,0.388692,-0.921364,0.002627,0.921283,0.388693,0.012432,-0.012476,-0.002412,0.999919,0,-0.33249,0.21352,-19.949,0.427,-1,375.000,-1,375.000,-1,300.000,300.000,325.000,325.000,525.000,350.000,325.000,-1,700.000,675.000,-1,-1,2,0,2,0,2,0,0,0,0,1,1,1,2,0,0,2,2
7,933.129,8082.945,-112.905,67.571,0.381535,-0.924349,0.003179,0.924259,0.381543,0.013014,-0.013242,-0.002027,0.999910,0,-0.33837,0.22197,-20.302,0.444,-1,375.000,-1,375.000,-1,300.000,300.000,325.000,325.000,500.000,325.000,300.000,-1,700.000,675.000,-1,-1,2,0,2,0,2,0,0,0,0,1,1,1,2,0,0,2,2
8,925.400,8063.785,-112.683,68.032,0.374077,-0.927390,0.003737,0.927292,0.374092,0.013603,-0.014014,-0.001623,0.999900,0,-0.34433,0.23056,-20.660,0.461,-1,375.000,-1,375.000,-1,300.000,300.000,325.000,300.000,500.000,300.000,275.000,-1,700.000,675.000,-1,-1,2,0,2,0,2,0,0,0,0,1,1,1,2,0,0,2,2
9,917.700,8044.226,-112.450,68.510,0.366310,-0.930483,0.004302,0.930375,0.366333,0.014202,-0.014790,-0.001200,0.999890,0,-0.35034,0.23929,-21.020,0.479,-1,375.000,-1,375.000,-1,300.000,300.000,325.000,300.000,475.000,275.000,250.000,-1,700.000,675.000,-1,-1,2,0,2,0,2,0,0,0,0,1,1,1,2,0,0,2,2
10,910.039,8024.261,-112.205,69.007,0.358227,-0.933622,0.004872,0.933505,0.358259,0.014808,-0.015571,-0.000756,0.999878,0,-0.35641,0.24817,-21.385,0.496,-1,375.000,-1,375.000,-1,300.000,300.000,325.000,300.000,475.000,275.000,225.000,-1,700.000,675.000,-1,-1,2,0,2,0,2,0,0,0,0,1,1,1,2,0,0,2,2
11,904.167,8008.751,-112.011,69.263,0.354039,-0.935216,0.005323,0.935091,0.354079,0.015272,-0.016167,-0.000429,0.999869,0,-0.27641,0.12817,-16.585,0.256,-1,375.000,-1,375.000,-1,300.000,300.000,325.000,300.000,450.000,250.000,225.000,-1,700.000,675.000,-1,-1,2,0,2,0,2,0,0,0,0,1,1,1,2,0,0,2,2
12,899.997,7997.728,-111.872,69.279,0.353767,-0.935317,0.005657,0.935187,0.353812,0.015592,-0.016585,-0.000226,0.999862,0,-0.19641,0.00817,-11.785,0.016,-1,375.000,-1,375.000,-1,300.000,300.000,325.000,300.000,450.000,225.000,200.000,-1,700.000,675.000,-1,-1,2,0,2,0,2,0,0,0,0,1,1,1,2,0,0,2,2
13,897.527,7991.195,-111.788,69.295,0.353514,-0.935411,0.005855,0.935278,0.353563,0.015782,-0.016833,-0.000104,0.999858,0,-0.11641,0.00764,-6.985,0.015,-1,375.000,-1,375.000,-1,300.000,300.000,325.000,300.000,450.000,225.000,200.000,-1,700.000,675.000,-1,-1,2,0,2,0,2,0,0,0,0,1,1,1,2,0,0,2,2
14,896.756,7989.151,-111.762,69.316,0.353168,-0.935541,0.005915,0.935407,0.353217,0.015842,-0.016910,-0.000062,0.999857,0,-0.03641,0.01058,-2.185,0.021,-1,375.000,-1,375.000,-1,300.000,300.000,325.000,300.000,450.000,225.000,200.000,-1,700.000,675.000,-1,-1,2,0,2,0,2,0,0,0,0,1,1,1,2,0,0,2,2
15,897.679,7991.598,-111.793,69.339,0.352793,-0.935683,0.005838,0.935550,0.352841,0.015773,-0.016818,-0.000103,0.999859,0,0.04359,0.01150,2.615,0.023,-1,375.000,-1,375.000,-1,300.000,300.000,325.000,300.000,450.000,225.000,200.000,-1,700.000,675.000,-1,-1,2,0,2,0,2,0,0,0,0,1,1,1,2,0,0,2,2
16,900.293,7998.538,-111.882,69.360,0.352457,-0.935811,0.005625,0.935682,0.352502,0.015573,-0.016556,-0.000226,0.999863,0,0.12359,0.01040,7.415,0.021,-1,375.000,-1,375.000,-1,300.000,300.000,325.000,300.000,450.000,225.000,200.000,-1,700.000,675.000,-1,-1,2,0,2,0,2,0,0,0,0,1,1,1,2,0,0,2,2
17,904.596,8009.970,-112.026,69.374,0.352225,-0.935901,0.005276,0.935777,0.352264,0.015243,-0.016124,-0.000432,0.999870,0,0.20359,0.00728,12.215,0.015,-1,375.000,-1,375.000,-1,300.000,300.000,325.000,300.000,475.000,250.000,225.000,-1,700.000,675.000,-1,-1,2,0,2,0,2,0,0,0,0,1,1,1,2,0,0,2,2
18,910.588,8025.895,-112.223,69.378,0.352162,-0.935927,0.004792,0.935810,0.352194,0.014780,-0.015521,-0.000720,0.999879,0,0.28359,0.00213,17.015,0.004,-1,375.000,-1,375.000,-1,300.000,300.000,325.000,300.000,475.000,275.000,225.000,-1,700.000,675.000,-1,-1,2,0,2,0,2,0,0,0,0,1,1,1,2,0,0,2,2
19,918.275,8046.311,-112.469,69.368,0.352336,-0.935864,0.004175,0.935757,0.352359,0.014184,-0.014746,-0.001091,0.999891,0,0.36359,-0.00504,21.815,-0.010,-1,375.000,-1,375.000,-1,300.000,300.000,325.000,300.000,475.000,275.000,250.000,-1,700.000,675.000,-1,-1,2,0,2,0,2,0,0,0,0,1,1,1,2,0,0,2,2
20,927.666,8071.215,-112.760,69.340,0.352811,-0.935688,0.003424,0.935593,0.352824,0.013453,-0.013796,-0.001543,0.999904,0,0.44359,-0.01424,26.615,-0.028,-1,375.000,-1,375.000,-1,300.000,300.000,325.000,300.000,500.000,300.000,275.000,-1,700.000,675.000,-1,-1,2,0,2,0,2,0,0,0,0,1,1,1,2,0,0,2,2
21,937.536,8097.321,-113.053,69.289,0.353651,-0.935374,0.002640,0.935290,0.353655,0.012681,-0.012796,-0.002015,0.999916,0,0.46516,-0.02546,27.909,-0.051,-1,375.000,-1,375.000,-1,300.000,300.000,325.000,325.000,525.000,325.000,300.000,-1,700.000,675.000,-1,-1,2,0,2,0,2,0,0,0,0,1,1,1,2,0,0,2,2
22,947.616,8123.878,-113.339,69.214,0.354874,-0.934912,0.001846,0.934840,0.354870,0.011891,-0.011772,-0.002495,0.999928,0,0.47343,-0.03724,28.406,-0.074,-1,375.000,-1,375.000,-1,300.000,300.000,325.000,325.000,525.000,350.000,325.000,-1,700.000,675.000,-1,-1,2,0,2,0,2,0,0,0,0,1,1,1,2,0,0,2,2
23,957.923,8150.890,-113.617,69.116,0.356487,-0.934300,0.001039,0.934239,0.356476,0.011082,-0.010724,-0.002980,0.999938,0,0.48186,-0.04923,28.912,-0.098,-1,375.000,-1,375.000,-1,300.000,300.000,325.000,325.000,550.000,400.000,350.000,-1,700.000,675.000,-1,-1,2,0,2,0,2,0,0,0,0,1,1,1,2,0,0,2,2
24,969.862,8182.417,-113.924,69.258,0.354183,-0.935176,0.000093,0.935128,0.354166,0.010140,-0.009516,-0.003505,0.999949,0,0.56186,0.07077,33.712,0.142,-1,375.000,-1,375.000,-1,300.000,300.000,325.000,325.000,575.000,425.000,375.000,-1,700.000,675.000,-1,-1,2,0,2,0,2,0,0,0,0,1,1,1,2,0,0,2,2
25,982.031,8215.207,-114.225,69.639,0.347952,-0.937512,-0.000887,0.937476,0.347930,0.009163,-0.008282,-0.004019,0.999958,0,0.58292,0.19077,34.975,0.382,-1,375.000,-1,375.000,-1,300.000,300.000,325.000,325.000,600.000,450.000,425.000,-1,700.000,675.000,-1,-1,2,0,2,0,2,0,0,0,0,1,1,1,2,0,0,2,2
26,994.536,8250.054,-114.526,70.261,0.337764,-0.941229,-0.001913,0.941205,0.337739,0.008126,-0.007002,-0.004545,0.999965,0,0.61705,0.31077,37.023,0.622,-1,375.000,-1,375.000,-1,300.000,300.000,325.000,325.000,625.000,475.000,450.000,-1,700.000,675.000,-1,-1,2,0,2,0,2,0,0,0,0,1,1,1,2,0,0,2,2
27,1006.682,8285.577,-114.814,71.122,0.323573,-0.946199,-0.002935,0.946186,0.323547,0.007071,-0.005741,-0.005065,0.999971,0,0.62570,0.43077,37.542,0.862,-1,375.000,-1,375.000,-1,300.000,300.000,325.000,325.000,650.000,500.000,475.000,-1,700.000,675.000,-1,-1,2,0,2,0,2,0,0,0,0,1,1,1,2,0,0,2,2
28,1018.311,8321.847,-115.092,72.224,0.305322,-0.952241,-0.003945,0.952239,0.305296,0.005998,-0.004507,-0.005588,0.999974,0,0.63481,0.55077,38.088,1.102,-1,375.000,-1,375.000,-1,300.000,300.000,325.000,325.000,675.000,525.000,500.000,-1,700.000,675.000,-1,-1,2,0,2,0,2,0,0,0,0,1,1,1,2,0,0,2,2
29,1029.279,8358.918,-115.363,73.517,0.283743,-0.958888,-0.004934,0.958895,0.283720,0.004906,-0.003305,-0.006123,0.999976,0,0.64432,0.64681,38.659,1.294,-1,375.000,-1,375.000,-1,300.000,300.000,325.000,325.000,700.000,500.000,550.000,-1,700.000,675.000,-1,-1,2,0,2,0,2,0,0,0,0,1,0,1,2,0,0,2,2
30,1039.582,8396.791,-115.627,74.782,0.262509,-0.964911,-0.005907,0.964927,0.262490,0.003797,-0.002113,-0.006697,0.999975,0,0.65415,0.63221,39.249,1.264,-1,375.000,-1,375.000,-1,300.000,300.000,325.000,325.000,725.000,500.000,575.000,-1,700.000,675.000,-1,-1,2,0,2,0,2,0,0,0,0,1,0,1,2,0,0,2,2
31,1049.209,8435.451,-115.886,76.017,0.241646,-0.970340,-0.006864,0.970364,0.241633,0.002673,-0.000935,-0.007307,0.999973,0,0.66401,0.61745,39.841,1.235,-1,375.000,-1,375.000,-1,300.000,300.000,300.000,325.000,725.000,475.000,575.000,-1,700.000,675.000,-1,-1,2,0,2,0,2,0,0,0,0,1,0,0,2,0,0,2,2
32,1058.152,8474.883,-116.063,77.222,0.221179,-0.975205,-0.007444,0.975233,0.221173,0.001711,-0.000023,-0.007638,0.999971,0,0.67390,0.60252,40.434,1.205,-1,375.000,-1,375.000,-1,300.000,300.000,300.000,325.000,750.000,475.000,575.000,-1,700.000,675.000,-1,-1,2,0,2,0,2,0,0,0,0,1,0,0,2,0,0,2,2
33,1066.405,8515.073,-116.069,78.397,0.201128,-0.979537,-0.007406,0.979564,0.201132,0.000283,0.001212,-0.007311,0.999973,0,0.68381,0.58742,41.029,1.175,-1,375.000,-1,375.000,-1,300.000,300.000,325.000,300.000,800.000,475.000,575.000,-1,700.000,675.000,-1,-1,2,0,2,0,2,0,0,0,0,1,0,0,2,0,0,2,2
34,1072.813,8550.731,-116.076,79.811,0.176874,-0.984207,-0.007279,0.984231,0.176885,-0.000973,0.002246,-0.006992,0.999973,0,0.60381,0.70742,36.229,1.415,-1,375.000,-1,375.000,-1,300.000,300.000,325.000,300.000,825.000,475.000,575.000,-1,725.000,675.000,-1,-1,2,0,2,0,2,0,0,0,0,1,0,0,2,0,0,2,2
35,1077.477,8581.811,-115.936,81.466,0.148372,-0.988902,-0.007683,0.988928,0.148389,-0.001657,0.002778,-0.007352,0.999969,0,0.52381,0.82742,31.429,1.655,-1,375.000,-1,375.000,-1,300.000,300.000,325.000,300.000,825.000,500.000,575.000,-1,725.000,675.000,-1,-1,2,0,2,0,2,0,0,0,0,1,0,0,2,0,0,2,2
36,1080.555,8608.261,-115.720,83.361,0.115586,-0.993261,-0.008465,0.993292,0.115609,-0.002303,0.003266,-0.008142,0.999962,0,0.44381,0.94742,26.629,1.895,-1,375.000,-1,375.000,-1,300.000,300.000,325.000,300.000,850.000,525.000,625.000,-1,725.000,675.000,-1,-1,2,0,2,0,2,0,0,0,0,1,0,0,2,0,0,2,2
37,1082.321,8630.018,-115.555,85.361,0.080845,-0.996685,-0.009119,0.996720,0.080874,-0.002802,0.003530,-0.008862,0.999954,0,0.36381,1.00000,21.829,2.000,-1,375.000,-1,375.000,-1,300.000,300.000,325.000,300.000,875.000,525.000,650.000,-1,725.000,675.000,-1,-1,2,0,2,0,2,0,0,0,0,1,0,0,2,0,0,2,2
38,1083.105,8647.029,-115.438,87.361,0.046008,-0.998895,-0.009644,0.998935,0.046040,-0.003165,0.003605,-0.009488,0.999948,0,0.28381,1.00000,17.029,2.000,-1,375.000,-1,375.000,-1,300.000,300.000,325.000,300.000,900.000,550.000,700.000,-1,725.000,675.000,-1,-1,2,0,2,0,2,0,0,0,0,1,0,0,2,0,0,2,2
39,1083.241,8659.257,-115.368,89.361,0.011117,-0.999888,-0.010050,0.999932,0.011151,-0.003398,0.003509,-0.010011,0.999944,0,0.20381,1.00000,12.229,2.000,-1,375.000,-1,375.000,-1,325.000,300.000,325.000,300.000,925.000,575.000,725.000,-1,725.000,675.000,-1,-1,2,0,2,0,2,0,0,0,0,1,0,0,2,0,0,2,2
40,1083.065,8666.683,-115.344,91.361,-0.023786,-0.999664,-0.010345,0.999712,-0.023751,-0.003508,0.003261,-0.010425,0.999940,0,0.12381,1.00000,7.429,2.000,-1,400.000,-1,375.000,-1,325.000,300.000,325.000,300.000,950.000,625.000,800.000,-1,725.000,675.000,-1,-1,2,0,2,0,2,0,0,0,0,1,0,0,2,0,0,2,2
41,1082.910,8669.307,-115.362,93.361,-0.058658,-0.998223,-0.010539,0.998274,-0.058624,-0.003503,0.002879,-0.010726,0.999938,0,0.04381,1.00000,2.629,2.000,-1,400.000,-1,375.000,-1,325.000,300.000,300.000,300.000,1000.000,650.000,850.000,-1,725.000,675.000,-1,-1,2,0,2,0,2,0,0,0,0,1,0,0,2,0,0,2,2
42,1083.113,8667.145,-115.418,95.361,-0.093457,-0.995566,-0.010642,0.995620,-0.093426,-0.003392,0.002383,-0.010912,0.999938,0,-0.03619,1.00000,-2.171,2.000,-1,400.000,-1,375.000,-1,325.000,300.000,300.000,300.000,-1,700.000,925.000,-1,750.000,675.000,-1,-1,2,0,2,0,2,0,0,0,0,2,0,0,2,0,0,2,2
43,1084.006,8660.231,-115.510,97.361,-0.128140,-0.991699,-0.010663,0.991754,-0.128113,-0.003184,0.001792,-0.010983,0.999938,0,-0.11619,1.00000,-6.971,2.000,-1,400.000,-1,375.000,-1,325.000,300.000,300.000,300.000,-1,775.000,-1,-1,750.000,675.000,-1,-1,2,0,2,0,2,0,0,0,0,2,0,2,2,0,0,2,2
44,1085.921,8648.617,-115.634,99.361,-0.162667,-0.986624,-0.010613,0.986680,-0.162645,-0.002890,0.001126,-0.010942,0.999939,0,-0.19619,1.00000,-11.771,2.000,-1,400.000,-1,375.000,-1,325.000,300.000,300.000,300.000,-1,850.000,-1,-1,750.000,675.000,-1,-1,2,0,2,0,2,0,0,0,0,2,0,2,2,0,0,2,2
45,1089.186,8632.370,-115.788,101.361,-0.196995,-0.980348,-0.010501,0.980404,-0.196979,-0.002522,0.000404,-0.010792,0.999942,0,-0.27619,1.00000,-16.571,2.000,-1,400.000,-1,375.000,-1,325.000,300.000,300.000,300.000,-1,950.000,-1,-1,750.000,675.000,-1,-1,2,0,2,0,2,0,0,0,0,2,0,2,2,0,0,2,2
46,1094.124,8611.577,-115.971,103.361,-0.231083,-0.972879,-0.010334,0.972934,-0.231073,-0.002093,-0.000351,-0.010538,0.999944,0,-0.35619,1.00000,-21.371,2.000,-1,400.000,-1,375.000,-1,325.000,300.000,300.000,300.000,1000.000,-1,-1,-1,750.000,700.000,-1,-1,2,0,2,0,2,0,0,0,0,1,2,2,2,0,0,2,2
47,1101.057,8586.341,-116.064,105.361,-0.264893,-0.964230,-0.009550,0.964277,-0.264888,-0.001863,-0.000734,-0.009702,0.999953,0,-0.43619,1.00000,-26.171,2.000,-1,400.000,-1,375.000,-1,325.000,300.000,300.000,300.000,975.000,-1,-1,-1,775.000,700.000,-1,-1,2,0,2,0,2,0,0,0,0,1,2,2,2,0,0,2,2
48,1109.611,8558.981,-116.035,107.361,-0.298382,-0.954411,-0.008233,0.954446,-0.298381,-0.001349,-0.001169,-0.008261,0.999965,0,-0.47777,1.00000,-28.666,2.000,-1,400.000,-1,375.000,-1,325.000,300.000,300.000,300.000,950.000,-1,-1,-1,775.000,700.000,-1,-1,2,0,2,0,2,0,0,0,0,1,2,2,2,0,0,2,2
49,1119.088,8532.011,-115.990,109.361,-0.331509,-0.943427,-0.006914,0.943451,-0.331512,-0.000728,-0.001606,-0.006764,0.999976,0,-0.47644,1.00000,-28.586,2.000,-1,400.000,-1,375.000,-1,325.000,325.000,300.000,300.000,925.000,-1,-1,-1,775.000,700.000,-1,-1,2,0,2,0,2,0,0,0,0,1,2,2,2,0,0,2,2
50,1129.456,8505.501,-115.964,111.361,-0.364233,-0.931290,-0.005700,0.931306,-0.364238,-0.000158,-0.001929,-0.005366,0.999984,0,-0.47442,1.00000,-28.465,2.000,-1,400.000,-1,375.000,-1,325.000,325.000,300.000,300.000,900.000,-1,-1,-1,800.000,700.000,-1,-1,2,0,2,0,2,0,0,0,0,1,2,2,2,0,0,2,2
51,1140.680,8479.516,-115.963,113.361,-0.396515,-0.918017,-0.004595,0.918026,-0.396520,0.000343,-0.002136,-0.004082,0.999989,0,-0.47176,1.00000,-28.305,2.000,-1,400.000,-1,375.000,-1,325.000,325.000,300.000,300.000,925.000,-1,-1,-1,800.000,700.000,-1,-1,2,0,2,0,2,0,0,0,0,1,2,2,2,0,0,2,2
52,1152.719,8454.117,-115.961,115.361,-0.428314,-0.903623,-0.003571,0.903627,-0.428319,0.000811,-0.002262,-0.002880,0.999993,0,-0.46846,1.00000,-28.108,2.000,-1,400.000,-1,375.000,-1,325.000,325.000,300.000,300.000,925.000,-1,-1,-1,800.000,700.000,-1,-1,2,0,2,0,2,0,0,0,0,1,2,2,2,0,0,2,2
53,1165.531,8429.361,-115.891,117.361,-0.459591,-0.888126,-0.002758,0.888128,-0.459595,0.000953,-0.002114,-0.002011,0.999996,0,-0.46458,1.00000,-27.875,2.000,-1,400.000,-1,375.000,-1,325.000,325.000,300.000,300.000,975.000,-1,-1,-1,800.000,700.000,-1,-1,2,0,2,0,2,0,0,0,0,1,2,2,2,0,0,2,2
54,1179.068,8405.297,-115.830,119.361,-0.490308,-0.871547,-0.001988,0.871547,-0.490311,0.001087,-0.001922,-0.001199,0.999997,0,-0.46017,1.00000,-27.610,2.000,-1,400.000,-1,375.000,-1,325.000,325.000,300.000,300.000,-1,-1,-1,-1,825.000,725.000,-1,-1,2,0,2,0,2,0,0,0,0,2,2,2,2,0,0,2,2
55,1193.284,8381.972,-115.779,121.361,-0.520428,-0.853905,-0.001263,0.853904,-0.520429,0.001212,-0.001692,-0.000448,0.999998,0,-0.45527,1.00000,-27.316,2.000,-1,400.000,-1,375.000,-1,325.000,325.000,300.000,300.000,-1,-1,-1,-1,825.000,725.000,-1,-1,2,0,2,0,2,0,0,0,0,2,2,2,2,0,0,2,2
56,1209.197,8357.803,-115.737,123.361,-0.549913,-0.835222,-0.000525,0.835221,-0.549913,0.001329,-0.001399,0.000292,0.999999,0,-0.48229,1.00000,-28.937,2.000,-1,400.000,-1,375.000,-1,325.000,325.000,300.000,300.000,-1,-1,-1,-1,825.000,725.000,-1,-1,2,0,2,0,2,0,0,0,0,2,2,2,2,0,0,2,2
57,1225.781,8334.434,-115.707,125.361,-0.578727,-0.815521,0.000164,0.815521,-0.578726,0.001436,-0.001076,0.000965,0.999999,0,-0.47759,1.00000,-28.655,2.000,-1,400.000,-1,400.000,-1,325.000,325.000,300.000,300.000,-1,-1,-1,-1,825.000,725.000,-1,-1,2,0,2,0,2,0,0,0,0,2,2,2,2,0,0,2,2
58,1240.177,8315.413,-115.692,127.121,-0.603501,-0.797362,0.000697,0.797362,-0.603500,0.001521,-0.000792,0.001474,0.999999,0,-0.39759,0.88000,-23.855,1.760,-1,400.000,-1,400.000,-1,325.000,325.000,300.000,300.000,-1,-1,-1,-1,825.000,750.000,-1,-1,2,0,2,0,2,0,0,0,0,2,2,2,2,0,0,2,2
59,1252.076,8300.529,-115.679,128.641,-0.624440,-0.781072,0.001050,0.781073,-0.624438,0.001586,-0.000583,0.001810,0.999998,0,-0.31759,0.76000,-19.055,1.520,-1,400.000,-1,400.000,-1,325.000,325.000,300.000,300.000,-1,-1,-1,-1,825.000,750.000,-1,-1,2,0,2,0,2,0,0,0,0,2,2,2,2,0,0,2,2
60,1261.224,8289.596,-115.652,129.921,-0.641732,-0.766928,0.001185,0.766929,-0.641730,0.001630,-0.000489,0.001955,0.999998,0,-0.23759,0.64000,-14.255,1.280,-1,400.000,-1,400.000,-1,325.000,325.000,300.000,300.000,-1,-1,-1,-1,825.000,750.000,-1,-1,2,0,2,0,2,0,0,0,0,2,2,2,2,0,0,2,2
61,1267.423,8282.456,-115.635,130.961,-0.655546,-0.755154,0.001242,0.755155,-0.655544,0.001657,-0.000437,0.002024,0.999998,0,-0.15759,0.52000,-9.455,1.040,-1,400.000,-1,400.000,-1,325.000,325.000,300.000,300.000,-1,-1,-1,-1,825.000,750.000,-1,-1,2,0,2,0,2,0,0,0,0,2,2,2,2,0,0,2,2
62,1270.523,8278.984,-115.626,131.761,-0.666026,-0.745928,0.001230,0.745929,-0.666024,0.001674,-0.000429,0.002032,0.999998,0,-0.07759,0.40000,-4.655,0.800,-1,400.000,-1,400.000,-1,325.000,325.000,300.000,300.000,-1,-1,-1,-1,825.000,750.000,-1,-1,2,0,2,0,2,0,0,0,0,2,2,2,2,0,0,2,2
63,1270.426,8279.091,-115.624,132.321,-0.673285,-0.739383,0.001156,0.739383,-0.673283,0.001685,-0.000468,0.001989,0.999998,0,0.00241,0.28000,0.145,0.560,-1,400.000,-1,400.000,-1,325.000,325.000,300.000,300.000,-1,-1,-1,-1,825.000,750.000,-1,-1,2,0,2,0,2,0,0,0,0,2,2,2,2,0,0,2,2
64,1267.076,8282.728,-115.630,132.641,-0.677404,-0.735611,0.001022,0.735611,-0.677402,0.001694,-0.000554,0.001899,0.999998,0,0.08241,0.16000,4.945,0.320,-1,400.000,-1,400.000,-1,325.000,325.000,300.000,300.000,-1,-1,-1,-1,825.000,750.000,-1,-1,2,0,2,0,2,0,0,0,0,2,2,2,2,0,0,2,2
65,1260.465,8289.887,-115.645,132.721,-0.678430,-0.734665,0.000828,0.734665,-0.678428,0.001704,-0.000691,0.001764,0.999998,0,0.16241,0.04000,9.745,0.080,-1,400.000,-1,400.000,-1,325.000,325.000,300.000,300.000,-1,-1,-1,-1,825.000,750.000,-1,-1,2,0,2,0,2,0,0,0,0,2,2,2,2,0,0,2,2
66,1250.596,8300.572,-115.670,132.727,-0.678503,-0.734597,0.000549,0.734597,-0.678501,0.001720,-0.000891,0.001570,0.999998,0,0.24241,0.00284,14.545,0.006,-1,400.000,-1,400.000,-1,325.000,325.000,300.000,300.000,-1,-1,-1,-1,825.000,750.000,-1,-1,2,0,2,0,2,0,0,0,0,2,2,2,2,0,0,2,2
67,1237.470,8314.782,-115.698,132.729,-0.678538,-0.734566,0.000119,0.734565,-0.678537,0.001740,-0.001197,0.001268,0.999998,0,0.32241,0.00136,19.345,0.003,-1,400.000,-1,400.000,-1,325.000,325.000,300.000,300.000,-1,-1,-1,-1,825.000,750.000,-1,-1,2,0,2,0,2,0,0,0,0,2,2,2,2,0,0,2,2
68,1221.088,8332.518,-115.724,132.728,-0.678519,-0.734582,-0.000517,0.734581,-0.678519,0.001764,-0.001646,0.000817,0.999998,0,0.40241,-0.00069,24.145,-0.001,-1,400.000,-1,400.000,-1,325.000,325.000,300.000,300.000,-1,-1,-1,-1,825.000,750.000,-1,-1,2,0,2,0,2,0,0,0,0,2,2,2,2,0,0,2,2
69,1201.450,8353.783,-115.773,132.721,-0.678432,-0.734662,-0.001276,0.734660,-0.678433,0.001802,-0.002189,0.000285,0.999998,0,0.48241,-0.00337,28.945,-0.007,-1,400.000,-1,400.000,-1,325.000,325.000,300.000,300.000,-1,-1,-1,-1,825.000,750.000,-1,-1,2,0,2,0,2,0,0,0,0,2,2,2,2,0,0,2,2
70,1178.563,8378.579,-115.854,132.708,-0.678256,-0.734822,-0.002154,0.734820,-0.678260,0.001861,-0.002828,-0.000321,0.999996,0,0.56241,-0.00676,33.745,-0.014,-1,400.000,-1,400.000,-1,325.000,325.000,300.000,300.000,-1,-1,-1,-1,800.000,750.000,-1,-1,2,0,2,0,2,0,0,0,0,2,2,2,2,0,0,2,2
71,1152.430,8406.913,-115.980,132.686,-0.677972,-0.735081,-0.003149,0.735079,-0.677978,0.001945,-0.003565,-0.000996,0.999993,0,0.64241,-0.01096,38.545,-0.022,-1,400.000,-1,400.000,-1,325.000,325.000,300.000,300.000,-1,-1,-1,-1,800.000,750.000,-1,-1,2,0,2,0,2,0,0,0,0,2,2,2,2,0,0,2,2
72,1123.059,8438.789,-116.162,132.659,-0.677616,-0.735404,-0.004260,0.735403,-0.677627,0.002062,-0.004403,-0.001735,0.999989,0,0.72241,-0.01366,43.345,-0.027,-1,400.000,-1,400.000,-1,325.000,325.000,300.000,300.000,-1,-1,-1,-1,800.000,750.000,-1,-1,2,0,2,0,2,0,0,0,0,2,2,2,2,0,0,2,2
73,1090.454,8474.213,-116.316,132.626,-0.677197,-0.735781,-0.005555,0.735785,-0.677213,0.001745,-0.005046,-0.002905,0.999983,0,0.80241,-0.01604,48.145,-0.032,-1,400.000,-1,400.000,-1,325.000,325.000,300.000,300.000,-1,-1,-1,-1,775.000,750.000,-1,-1,2,0,2,0,2,0,0,0,0,2,2,2,2,0,0,2,2
74,1057.290,8510.294,-116.475,132.588,-0.676695,-0.736231,-0.006900,0.736242,-0.676717,0.001207,-0.005558,-0.004263,0.999975,0,0.81679,-0.01920,49.007,-0.038,-1,400.000,-1,400.000,-1,325.000,325.000,300.000,300.000,-1,-1,-1,-1,775.000,750.000,-1,-1,2,0,2,0,2,0,0,0,0,2,2,2,2,0,0,2,2
75,1024.250,8546.297,-116.686,132.542,-0.676095,-0.736768,-0.008233,0.736789,-0.676122,0.000678,-0.006066,-0.005608,0.999966,0,0.81443,-0.02295,48.866,-0.046,-1,400.000,-1,400.000,-1,325.000,325.000,300.000,300.000,-1,-1,-1,-1,750.000,750.000,-1,-1,2,0,2,0,2,0,0,0,0,2,2,2,2,0,0,2,2
76,991.332,8582.236,-116.976,132.488,-0.675384,-0.737405,-0.009534,0.737436,-0.675416,0.000299,-0.006660,-0.006829,0.999955,0,0.81227,-0.02723,48.736,-0.054,-1,400.000,-1,400.000,-1,325.000,325.000,300.000,300.000,-1,-1,-1,-1,750.000,750.000,-1,-1,2,0,2,0,2,0,0,0,0,2,2,2,2,0,0,2,2
77,958.533,8618.125,-117.325,132.424,-0.674547,-0.738153,-0.010836,0.738197,-0.674585,-0.000134,-0.007211,-0.008090,0.999941,0,0.81031,-0.03203,48.619,-0.064,-1,400.000,-1,400.000,-1,325.000,325.000,300.000,300.000,-1,-1,-1,-1,750.000,750.000,-1,-1,2,0,2,0,2,0,0,0,0,2,2,2,2,0,0,2,2
78,925.851,8653.980,-117.649,132.349,-0.673570,-0.739025,-0.012074,0.739081,-0.673617,-0.000205,-0.007981,-0.009062,0.999927,0,0.80858,-0.03734,48.515,-0.075,-1,400.000,-1,400.000,-1,325.000,325.000,300.000,300.000,-1,-1,-1,-1,725.000,725.000,-1,-1,2,0,2,0,2,0,0,0,0,2,2,2,2,0,0,2,2
79,893.283,8689.819,-118.023,132.263,-0.672440,-0.740032,-0.013309,0.740100,-0.672496,-0.000302,-0.008726,-0.010053,0.999911,0,0.80710,-0.04316,48.426,-0.086,-1,400.000,-1,400.000,-1,325.000,325.000,300.000,300.000,-1,-1,-1,-1,725.000,725.000,-1,-1,2,0,2,0,2,0,0,0,0,2,2,2,2,0,0,2,2
80,860.826,8725.659,-118.448,132.164,-0.671144,-0.741184,-0.014543,0.741267,-0.671210,-0.000425,-0.009446,-0.011066,0.999894,0,0.80589,-0.04947,48.353,-0.099,-1,400.000,-1,400.000,-1,325.000,325.000,300.000,300.000,-1,-1,-1,-1,725.000,725.000,-1,-1,2,0,2,0,2,0,0,0,0,2,2,2,2,0,0,2,2
81,828.476,8761.523,-118.922,132.051,-0.669669,-0.742493,-0.015778,0.742591,-0.669745,-0.000574,-0.010141,-0.012101,0.999875,0,0.80496,-0.05627,48.298,-0.113,-1,400.000,-1,400.000,-1,325.000,325.000,300.000,300.000,-1,-1,-1,-1,700.000,725.000,-1,-1,2,0,2,0,2,0,0,0,0,2,2,2,2,0,0,2,2
82,795.774,8797.615,-119.443,132.179,-0.671300,-0.740992,-0.016930,0.741106,-0.671387,-0.000744,-0.010815,-0.013046,0.999856,0,0.81174,0.06373,48.704,0.127,-1,375.000,-1,400.000,-1,325.000,325.000,300.000,300.000,-1,-1,-1,-1,700.000,700.000,-1,-1,2,0,2,0,2,0,0,0,0,2,2,2,2,0,0,2,2
83,762.835,8833.504,-119.855,132.546,-0.676035,-0.736669,-0.017170,0.736788,-0.676124,-0.000879,-0.010961,-0.013245,0.999852,0,0.81188,0.18373,48.713,0.367,-1,375.000,-1,400.000,-1,325.000,325.000,300.000,300.000,-1,-1,-1,-1,700.000,700.000,-1,-1,2,0,2,0,2,0,0,0,0,2,2,2,2,0,0,2,2
84,729.484,8869.077,-120.167,133.154,-0.683819,-0.729465,-0.016518,0.729575,-0.683901,-0.000951,-0.010603,-0.012701,0.999863,0,0.81271,0.30373,48.762,0.607,-1,375.000,-1,400.000,-1,325.000,325.000,300.000,300.000,-1,-1,-1,-1,700.000,700.000,-1,-1,2,0,2,0,2,0,0,0,0,2,2,2,2,0,0,2,2
85,695.551,8904.215,-120.393,134.001,-0.694557,-0.719281,-0.015027,0.719371,-0.694625,-0.000916,-0.009779,-0.011446,0.999887,0,0.81413,0.42373,48.848,0.847,-1,375.000,-1,400.000,-1,325.000,325.000,300.000,300.000,-1,-1,-1,-1,700.000,700.000,-1,-1,2,0,2,0,2,0,0,0,0,2,2,2,2,0,0,2,2
86,660.874,8938.784,-120.556,135.088,-0.708096,-0.705975,-0.014093,0.706053,-0.708158,-0.000863,-0.009371,-0.010561,0.999900,0,0.81608,0.54373,48.965,1.087,-1,375.000,-1,400.000,-1,325.000,325.000,300.000,300.000,-1,-1,-1,-1,700.000,700.000,-1,-1,2,0,2,0,2,0,0,0,0,2,2,2,2,0,0,2,2
87,625.303,8972.640,-120.734,136.416,-0.724271,-0.689386,-0.013345,0.689454,-0.724329,-0.000750,-0.009149,-0.009744,0.999911,0,0.81845,0.66373,49.107,1.327,-1,375.000,-1,400.000,-1,325.000,325.000,300.000,300.000,-1,-1,-1,-1,700.000,700.000,-1,-1,2,0,2,0,2,0,0,0,0,2,2,2,2,0,0,2,2
88,588.698,9005.619,-120.975,137.983,-0.742868,-0.669321,-0.012562,0.669378,-0.742922,-0.000533,-0.008976,-0.008804,0.999921,0,0.82117,0.78373,49.270,1.567,-1,375.000,-1,375.000,-1,325.000,325.000,300.000,300.000,-1,-1,-1,-1,700.000,675.000,-1,-1,2,0,2,0,2,0,0,0,0,2,2,2,2,0,0,2,2
89,550.935,9037.542,-121.310,139.791,-0.763620,-0.645561,-0.011605,0.645606,-0.763670,-0.000162,-0.008758,-0.007615,0.999933,0,0.82414,0.90373,49.449,1.807,-1,375.000,-1,375.000,-1,325.000,325.000,300.000,300.000,-1,-1,-1,-1,700.000,675.000,-1,-1,2,0,2,0,2,0,0,0,0,2,2,2,2,0,0,2,2
90,511.932,9068.244,-121.718,141.791,-0.785696,-0.618522,-0.010582,0.618554,-0.785742,0.000369,-0.008542,-0.006256,0.999944,0,0.82729,1.00000,49.637,2.000,-1,375.000,-1,375.000,-1,325.000,325.000,300.000,300.000,-1,-1,-1,-1,675.000,675.000,-1,-1,2,0,2,0,2,0,0,0,0,2,2,2,2,0,0,2,2
91,471.727,9097.680,-122.190,143.791,-0.806814,-0.590728,-0.009509,0.590747,-0.806856,0.001037,-0.008285,-0.004780,0.999954,0,0.83048,1.00000,49.829,2.000,-1,375.000,-1,375.000,-1,300.000,325.000,300.000,300.000,-1,-1,-1,-1,675.000,675.000,-1,-1,2,0,2,0,2,0,0,0,0,2,2,2,2,0,0,2,2
92,430.439,9125.749,-122.479,145.791,-0.826952,-0.562211,-0.008305,0.562226,-0.826983,0.000682,-0.007252,-0.004105,0.999965,0,0.83209,1.00000,49.925,2.000,1000.000,375.000,-1,375.000,-1,300.000,325.000,300.000,300.000,-1,-1,-1,-1,675.000,675.000,-1,-1,0,0,2,0,2,0,0,0,0,2,2,2,2,0,0,2,2
93,388.171,9152.376,-122.415,147.791,-0.846085,-0.533006,-0.006769,0.533026,-0.846098,-0.001484,-0.004936,-0.004864,0.999976,0,0.83261,1.00000,49.957,2.000,1000.000,375.000,-1,375.000,-1,325.000,325.000,300.000,300.000,-1,-1,-1,-1,650.000,700.000,-1,-1,0,0,2,0,2,0,0,0,0,2,2,2,2,0,0,2,2
94,344.972,9177.527,-122.418,149.791,-0.864184,-0.503151,-0.004998,0.503169,-0.864181,-0.003425,-0.002596,-0.005475,0.999982,0,0.83312,1.00000,49.987,2.000,975.000,375.000,-1,375.000,-1,325.000,325.000,300.000,300.000,-1,-1,-1,-1,650.000,700.000,-1,-1,0,0,2,0,2,0,0,0,0,2,2,2,2,0,0,2,2
95,300.896,9201.170,-122.486,151.791,-0.881227,-0.472684,-0.003009,0.472693,-0.881212,-0.005126,-0.000228,-0.005940,0.999982,0,0.83362,1.00000,50.017,2.000,950.000,375.000,-1,375.000,-1,325.000,325.000,300.000,300.000,-1,-1,-1,-1,650.000,700.000,-1,-1,0,0,2,0,2,0,0,0,0,2,2,2,2,0,0,2,2
96,255.995,9223.273,-122.618,153.791,-0.897191,-0.441641,-0.000816,0.441637,-0.897170,-0.006574,0.002171,-0.006258,0.999978,0,0.83410,1.00000,50.046,2.000,950.000,375.000,-1,400.000,-1,325.000,325.000,300.000,300.000,-1,725.000,700.000,-1,650.000,700.000,-1,-1,0,0,2,0,2,0,0,0,0,2,0,0,2,0,0,2,2
97,210.325,9243.807,-122.749,155.791,-0.912057,-0.410061,0.001486,0.410040,-0.912037,-0.007460,0.004414,-0.006194,0.999971,0,0.83457,1.00000,50.074,2.000,925.000,375.000,-1,400.000,-1,325.000,325.000,275.000,300.000,-1,575.000,525.000,-1,650.000,700.000,-1,-1,0,0,2,0,2,0,0,0,0,2,0,0,2,0,0,2,2
98,163.940,9262.745,-122.860,157.791,-0.925805,-0.377983,0.003822,0.377948,-0.925795,-0.007690,0.006445,-0.005675,0.999963,0,0.83503,1.00000,50.102,2.000,900.000,375.000,-1,400.000,-1,325.000,325.000,275.000,300.000,-1,525.000,425.000,-1,650.000,700.000,-1,-1,0,0,2,0,2,0,0,0,0,2,0,0,2,0,0,2,2
99,116.898,9280.062,-122.987,159.791,-0.938419,-0.345445,0.006202,0.345398,-0.938426,-0.007473,0.008402,-0.004871,0.999953,0,0.83548,1.00000,50.129,2.000,900.000,375.000,-1,400.000,-1,325.000,325.000,275.000,300.000,-1,450.000,375.000,-1,625.000,700.000,-1,-1,0,0,2,0,2,0,0,0,0,2,0,0,2,0,0,2,2
100,69.255,9295.734,-122.876,161.791,-0.949887,-0.312486,0.008134,0.312448,-0.949918,-0.005590,0.009474,-0.002768,0.999951,0,0.83591,1.00000,50.155,2.000,900.000,375.000,-1,375.000,-1,300.000,325.000,300.000,300.000,-1,450.000,375.000,-1,625.000,700.000,-1,-1,0,0,2,0,2,0,0,0,0,2,0,0,2,0,0,2,2
101,24.746,9308.875,-122.441,163.551,-0.959003,-0.283165,0.011447,0.283154,-0.959071,-0.002554,0.011701,0.000792,0.999931,0,0.77346,0.88000,46.408,1.760,925.000,375.000,-1,375.000,-1,300.000,325.000,300.000,275.000,-1,425.000,350.000,-1,625.000,700.000,-1,-1,0,0,2,0,2,0,0,0,0,2,0,0,2,0,0,2,2
102,-20.113,9320.836,-121.977,165.071,-0.966132,-0.257622,0.014829,0.257663,-0.966235,0.000838,0.014112,0.004631,0.999890,0,0.77377,0.76000,46.426,1.520,975.000,375.000,-1,375.000,-1,300.000,325.000,300.000,275.000,-1,400.000,325.000,-1,650.000,700.000,-1,-1,0,0,2,0,2,0,0,0,0,2,0,0,2,0,0,2,2
103,-65.275,9331.619,-121.320,166.571,-0.972505,-0.232239,0.017283,0.232336,-0.972628,0.003841,0.015918,0.007751,0.999843,0,0.77385,0.74994,46.431,1.500,1000.000,375.000,-1,375.000,-1,300.000,325.000,300.000,275.000,-1,400.000,325.000,-1,650.000,700.000,-1,-1,0,0,2,0,2,0,0,0,0,2,0,0,2,0,0,2,2
104,-110.707,9341.218,-119.979,168.069,-0.978201,-0.206719,0.019754,0.206841,-0.978365,0.004323,0.018433,0.008315,0.999796,0,0.77392,0.74937,46.435,1.499,-1,375.000,-1,375.000,-1,300.000,325.000,300.000,275.000,-1,425.000,350.000,-1,650.000,700.000,-1,-1,2,0,2,0,2,0,0,0,0,2,0,0,2,0,0,2,2
105,-156.379,9349.628,-118.504,169.567,-0.983225,-0.181079,0.021893,0.181217,-0.983433,0.004490,0.020717,0.008382,0.999750,0,0.77399,0.74881,46.440,1.498,-1,375.000,-1,375.000,-1,300.000,325.000,300.000,275.000,-1,425.000,375.000,-1,650.000,725.000,-1,-1,2,0,2,0,2,0,0,0,0,2,0,0,2,0,0,2,2
106,-202.259,9356.842,-117.056,171.064,-0.987568,-0.155334,0.024116,0.155493,-0.987825,0.004865,0.023067,0.008555,0.999697,0,0.77406,0.74825,46.444,1.496,-1,375.000,-1,375.000,-1,300.000,325.000,325.000,275.000,-1,450.000,375.000,-1,650.000,725.000,-1,-1,2,0,2,0,2,0,0,0,0,2,0,0,2,0,0,2,2
107,-248.316,9362.857,-115.630,172.559,-0.991227,-0.129502,0.026418,0.129688,-0.991540,0.005447,0.025489,0.008825,0.999636,0,0.77413,0.74769,46.448,1.495,-1,375.000,-1,400.000,-1,300.000,325.000,300.000,300.000,-1,450.000,400.000,-1,650.000,725.000,-1,-1,2,0,2,0,2,0,0,0,0,2,0,0,2,0,0,2,2
108,-294.518,9367.670,-114.224,174.053,-0.994202,-0.103601,0.028791,0.103820,-0.994577,0.006233,0.027989,0.009186,0.999566,0,0.77420,0.74714,46.452,1.494,-1,375.000,-1,400.000,-1,300.000,325.000,300.000,300.000,-1,450.000,400.000,-1,650.000,750.000,-1,-1,2,0,2,0,2,0,0,0,0,2,0,0,2,0,0,2,2
109,-340.835,9371.277,-112.831,175.546,-0.996492,-0.077649,0.031230,0.077910,-0.996934,0.007223,0.030573,0.009631,0.999486,0,0.77427,0.74659,46.456,1.493,-1,375.000,-1,400.000,-1,300.000,325.000,300.000,300.000,-1,450.000,425.000,-1,650.000,750.000,-1,-1,2,0,2,0,2,0,0,0,0,2,0,0,2,0,0,2,2
110,-387.233,9373.677,-111.447,177.038,-0.998095,-0.051663,0.033727,0.051974,-0.998613,0.008415,0.033246,0.010152,0.999396,0,0.77434,0.74605,46.461,1.492,-1,375.000,-1,400.000,-1,300.000,325.000,300.000,300.000,-1,475.000,425.000,-1,650.000,750.000,-1,-1,2,0,2,0,2,0,0,0,0,2,0,0,2,0,0,2,2
111,-433.683,9374.869,-110.069,178.530,-0.999012,-0.025661,0.036277,0.026032,-0.999613,0.009807,0.036011,0.010742,0.999294,0,0.77442,0.74552,46.465,1.491,-1,375.000,-1,400.000,-1,300.000,325.000,300.000,300.000,-1,475.000,425.000,-1,650.000,775.000,-1,-1,2,0,2,0,2,0,0,0,0,2,0,0,2,0,0,2,2
112,-480.153,9374.853,-108.691,180.019,-0.999244,0.000340,0.038873,0.000103,-0.999935,0.011398,0.038875,0.011393,0.999179,0,0.77449,0.74499,46.469,1.490,-1,375.000,-1,400.000,-1,300.000,325.000,300.000,300.000,-1,450.000,375.000,-1,675.000,775.000,-1,-1,2,0,2,0,2,0,0,0,0,2,0,0,2,0,0,2,2
113,-526.610,9373.630,-107.310,181.508,-0.998791,0.026322,0.041510,-0.025795,-0.999580,0.013186,0.041840,0.012099,0.999051,0,0.77456,0.74446,46.474,1.489,-1,375.000,-1,400.000,-1,300.000,325.000,300.000,300.000,-1,400.000,350.000,-1,675.000,775.000,-1,-1,2,0,2,0,2,0,0,0,0,2,0,0,2,0,0,2,2
114,-573.025,9371.200,-105.920,182.996,-0.997655,0.052267,0.044181,-0.051642,-0.998550,0.015170,0.044910,0.012853,0.998908,0,0.77463,0.74394,46.478,1.488,-1,375.000,-1,400.000,-1,300.000,325.000,300.000,300.000,-1,375.000,325.000,-1,675.000,775.000,-1,-1,2,0,2,0,2,0,0,0,0,2,0,0,2,0,0,2,2
115,-619.365,9367.566,-104.518,184.483,-0.995838,0.078159,0.046880,-0.077421,-0.996848,0.017348,0.048088,0.013646,0.998750,0,0.77470,0.74343,46.482,1.487,-1,375.000,-1,400.000,-1,325.000,325.000,300.000,300.000,-1,350.000,300.000,-1,675.000,800.000,-1,-1,2,0,2,0,2,0,0,0,0,2,0,0,2,0,0,2,2
116,-665.600,9362.732,-102.625,185.969,-0.993387,0.103982,0.048680,-0.103222,-0.994498,0.017874,0.050270,0.012731,0.998654,0,0.77477,0.74292,46.486,1.486,-1,375.000,-1,400.000,-1,300.000,325.000,300.000,300.000,-1,350.000,325.000,-1,675.000,800.000,-1,-1,2,0,2,0,2,0,0,0,0,2,0,0,2,0,0,2,2
117,-711.697,9356.701,-100.262,187.454,-0.990325,0.129717,0.049298,-0.128905,-0.991469,0.019325,0.051384,0.012783,0.998597,0,0.77484,0.74242,46.491,1.485,-1,375.000,-1,400.000,-1,300.000,325.000,300.000,300.000,-1,375.000,350.000,-1,675.000,800.000,-1,-1,2,0,2,0,2,0,0,0,0,2,0,0,2,0,0,2,2
118,-757.628,9349.477,-97.772,188.938,-0.986611,0.155347,0.049655,-0.154462,-0.987771,0.021201,0.052342,0.013247,0.998541,0,0.77492,0.74193,46.495,1.484,-1,375.000,-1,400.000,-1,300.000,325.000,300.000,300.000,-1,400.000,375.000,-1,675.000,800.000,-1,-1,2,0,2,0,2,0,0,0,0,2,0,0,2,0,0,2,2
119,-803.360,9341.066,-95.252,190.421,-0.982235,0.180855,0.050056,-0.179895,-0.983414,0.023114,0.053406,0.013699,0.998479,0,0.77499,0.74144,46.499,1.483,-1,375.000,-1,400.000,-1,300.000,325.000,300.000,300.000,-1,450.000,400.000,-1,675.000,800.000,-1,-1,2,0,2,0,2,0,0,0,0,2,0,0,2,0,0,2,2
120,-848.864,9331.475,-92.656,191.902,-0.977193,0.206227,0.050644,-0.205190,-0.978404,0.024936,0.054693,0.013976,0.998405,0,0.77506,0.74096,46.503,1.482,-1,375.000,-1,400.000,-1,300.000,325.000,300.000,300.000,-1,475.000,425.000,-1,675.000,800.000,-1,-1,2,0,2,0,2,0,0,0,0,2,0,0,2,0,0,2,2
121,-896.276,9319.983,-89.807,193.624,-0.970496,0.235534,0.051592,-0.234427,-0.971769,0.026640,0.056411,0.013760,0.998313,0,0.81307,0.86096,48.784,1.722,-1,375.000,-1,400.000,-1,300.000,325.000,300.000,300.000,-1,500.000,450.000,-1,675.000,800.000,-1,-1,2,0,2,0,2,0,0,0,0,2,0,0,2,0,0,2,2
122,-943.278,9306.872,-86.901,195.586,-0.961797,0.268666,0.052584,-0.267490,-0.963142,0.028387,0.058272,0.013237,0.998213,0,0.81327,0.98096,48.796,1.962,-1,375.000,-1,400.000,-1,300.000,325.000,300.000,300.000,-1,525.000,475.000,-1,700.000,800.000,-1,-1,2,0,2,0,2,0,0,0,0,2,0,0,2,0,0,2,2
123,-989.815,9292.122,-83.947,197.586,-0.951762,0.302118,0.053603,-0.300869,-0.953187,0.030213,0.060222,0.012628,0.998105,0,0.81365,1.00000,48.819,2.000,-1,375.000,-1,400.000,-1,300.000,325.000,300.000,300.000,-1,525.000,475.000,-1,700.000,800.000,-1,-1,2,0,2,0,2,0,0,0,0,2,0,0,2,0,0,2,2
124,-1035.832,9275.748,-80.943,199.586,-0.940561,0.335203,0.054635,-0.333875,-0.942070,0.032116,0.062235,0.011965,0.997990,0,0.81405,1.00000,48.843,2.000,-1,375.000,-1,400.000,-1,300.000,325.000,300.000,300.000,-1,550.000,500.000,-1,700.000,800.000,-1,-1,2,0,2,0,2,0,0,0,0,2,0,0,2,0,0,2,2
125,-1081.272,9257.770,-77.884,201.586,-0.928206,0.367879,0.055666,-0.366469,-0.929806,0.034083,0.064297,0.011236,0.997868,0,0.81444,1.00000,48.866,2.000,-1,375.000,-1,400.000,-1,300.000,325.000,300.000,300.000,-1,575.000,500.000,-1,725.000,800.000,-1,-1,2,0,2,0,2,0,0,0,0,2,0,0,2,0,0,2,2
126,-1126.077,9238.208,-74.768,203.586,-0.914713,0.400108,0.056685,-0.398613,-0.916408,0.036104,0.066392,0.010429,0.997739,0,0.81483,1.00000,48.890,2.000,-1,375.000,-1,400.000,-1,300.000,325.000,300.000,300.000,-1,575.000,475.000,-1,725.000,800.000,-1,-1,2,0,2,0,2,0,0,0,0,2,0,0,2,0,0,2,2
127,-1170.193,9217.084,-71.630,205.586,-0.900102,0.431852,0.057625,-0.430285,-0.901896,0.037913,0.068344,0.009331,0.997618,0,0.81521,1.00000,48.912,2.000,-1,375.000,-1,400.000,-1,300.000,325.000,300.000,300.000,-1,600.000,450.000,-1,750.000,800.000,-1,-1,2,0,2,0,2,0,0,0,0,2,0,0,2,0,0,2,2
128,-1213.565,9194.423,-68.368,207.586,-0.884392,0.463071,0.058455,-0.461469,-0.886288,0.039249,0.069983,0.007736,0.997518,0,0.81558,1.00000,48.935,2.000,-1,375.000,-1,400.000,-1,300.000,325.000,300.000,325.000,-1,575.000,450.000,-1,750.000,800.000,-1,-1,2,0,2,0,2,0,0,0,0,2,0,0,2,0,0,2,2
129,-1256.140,9170.251,-65.150,209.586,-0.867624,0.493724,0.058860,-0.492086,-0.869595,0.040687,0.071273,0.006336,0.997437,0,0.81596,1.00000,48.958,2.000,-1,375.000,-1,400.000,-1,325.000,325.000,325.000,325.000,-1,575.000,450.000,-1,750.000,800.000,-1,-1,2,0,2,0,2,0,0,0,0,2,0,0,2,0,0,2,2
130,-1297.864,9144.596,-61.989,211.586,-0.849828,0.523776,0.058748,-0.522099,-0.851841,0.042197,0.072146,0.005188,0.997381,0,0.81634,1.00000,48.980,2.000,-1,400.000,-1,400.000,-1,325.000,325.000,325.000,325.000,-1,575.000,450.000,-1,750.000,800.000,-1,-1,2,0,2,0,2,0,0,0,0,2,0,0,2,0,0,2,2
131,-1338.686,9117.488,-58.690,213.586,-0.830991,0.553189,0.058621,-0.551512,-0.833048,0.043187,0.072725,0.003558,0.997346,0,0.81671,1.00000,49.003,2.000,-1,400.000,-1,400.000,-1,325.000,325.000,325.000,325.000,-1,575.000,475.000,-1,750.000,775.000,-1,-1,2,0,2,0,2,0,0,0,0,2,0,0,2,0,0,2,2
132,-1378.556,9088.959,-55.269,215.586,-0.811131,0.581928,0.058533,-0.580285,-0.813239,0.043730,0.073049,0.001505,0.997327,0,0.81709,1.00000,49.026,2.000,-1,400.000,-1,400.000,-1,325.000,325.000,325.000,325.000,-1,575.000,500.000,-1,775.000,775.000,-1,-1,2,0,2,0,2,0,0,0,0,2,0,0,2,0,0,2,2
133,-1417.424,9059.041,-51.786,217.586,-0.790273,0.609956,0.058499,-0.608358,-0.792435,0.044132,0.073275,-0.000712,0.997312,0,0.81747,1.00000,49.048,2.000,-1,400.000,-1,400.000,-1,325.000,325.000,325.000,325.000,-1,600.000,525.000,-1,775.000,775.000,-1,-1,2,0,2,0,2,0,0,0,0,2,0,0,2,0,0,2,2
134,-1455.242,9027.771,-48.244,219.586,-0.768442,0.637237,0.058526,-0.635696,-0.770662,0.044395,0.073394,-0.003089,0.997298,0,0.81786,1.00000,49.072,2.000,-1,400.000,-1,400.000,-1,325.000,325.000,325.000,325.000,-1,625.000,550.000,-1,775.000,800.000,-1,-1,2,0,2,0,2,0,0,0,0,2,0,0,2,0,0,2,2
135,-1493.542,8994.069,-44.514,221.346,-0.748445,0.660599,0.058644,-0.659117,-0.750720,0.044543,0.073450,-0.005315,0.997285,0,0.85028,0.88000,51.017,1.760,-1,400.000,-1,400.000,-1,325.000,325.000,325.000,325.000,-1,650.000,575.000,-1,775.000,800.000,-1,-1,2,0,2,0,2,0,0,0,0,2,0,0,2,0,0,2,2
