timestep,x_cm,y_cm,z_cm,yaw_deg,basis_xx,basis_xy,basis_xz,basis_yx,basis_yy,basis_yz,basis_zx,basis_zy,basis_zz,teleport_flag,throttle_cmd,steering_cmd,cmd_move_cm,cmd_turn_deg,lidar_cm_0,lidar_cm_1,lidar_cm_2,lidar_cm_3,lidar_cm_4,lidar_cm_5,lidar_cm_6,lidar_cm_7,lidar_cm_8,lidar_cm_9,lidar_cm_10,lidar_cm_11,lidar_cm_12,lidar_cm_13,lidar_cm_14,lidar_cm_15,lidar_cm_16,lidar_class_0,lidar_class_1,lidar_class_2,lidar_class_3,lidar_class_4,lidar_class_5,lidar_class_6,lidar_class_7,lidar_class_8,lidar_class_9,lidar_class_10,lidar_class_11,lidar_class_12,lidar_class_13,lidar_class_14,lidar_class_15,lidar_class_16
0,1640.759,323.255,441.530,-78.931,0.190900,0.981099,-0.031638,-0.980818,0.191942,0.033983,0.039413,0.024543,0.998922,1,0.08000,-0.12000,4.800,-0.240,-1,400.000,-1,425.000,-1,325.000,325.000,300.000,300.000,-1,-1,-1,-1,950.000,-1,-1,-1,2,0,2,0,2,0,0,0,0,2,2,2,2,0,2,2,2
1,1642.523,313.818,441.900,-79.411,0.182688,0.982665,-0.031551,-0.982411,0.183714,0.033421,0.038638,0.024891,0.998943,0,0.16000,-0.24000,9.600,-0.480,-1,400.000,-1,425.000,-1,325.000,325.000,300.000,300.000,-1,-1,-1,-1,950.000,-1,-1,-1,2,0,2,0,2,0,0,0,0,2,2,2,2,0,2,2,2
2,1644.991,299.631,442.450,-80.131,0.170346,0.984883,-0.031439,-0.984672,0.171349,0.032574,0.037469,0.025409,0.998975,0,0.24000,-0.36000,14.400,-0.720,-1,400.000,-1,425.000,-1,325.000,325.000,300.000,300.000,-1,-1,-1,-1,950.000,-1,-1,-1,2,0,2,0,2,0,0,0,0,2,2,2,2,0,2,2,2
3,1647.965,280.663,443.176,-81.091,0.153848,0.987598,-0.031325,-0.987442,0.154821,0.031440,0.035900,0.026095,0.999015,0,0.32000,-0.48000,19.200,-0.960,-1,400.000,-1,425.000,-1,325.000,325.000,300.000,300.000,-1,-1,-1,-1,950.000,1000.000,-1,-1,2,0,2,0,2,0,0,0,0,2,2,2,2,0,0,2,2
4,1651.207,256.883,444.074,-82.236,0.134109,0.990474,-0.031229,-0.990385,0.135044,0.030018,0.033949,0.026903,0.999061,0,0.40000,-0.57276,24.000,-1.146,-1,400.000,-1,425.000,-1,325.000,325.000,300.000,300.000,-1,-1,-1,-1,950.000,1000.000,-1,-1,2,0,2,0,2,0,0,0,0,2,2,2,2,0,0,2,2
5,1654.527,228.275,445.141,-83.380,0.114348,0.992952,-0.031151,-0.992935,0.115234,0.028320,0.031710,0.027692,0.999113,0,0.48000,-0.57215,28.800,-1.144,-1,425.000,-1,425.000,-1,325.000,325.000,300.000,300.000,-1,-1,-1,-1,950.000,1000.000,-1,-1,2,0,2,0,2,0,0,0,0,2,2,2,2,0,0,2,2
6,1657.735,194.829,446.372,-84.523,0.094577,0.995031,-0.031107,-0.995090,0.095406,0.026344,0.029181,0.028463,0.999169,0,0.56000,-0.57138,33.600,-1.143,-1,425.000,-1,425.000,-1,325.000,325.000,300.000,300.000,-1,-1,-1,-1,950.000,1000.000,-1,-1,2,0,2,0,2,0,0,0,0,2,2,2,2,0,0,2,2
7,1660.638,156.539,447.760,-85.664,0.074812,0.996712,-0.031119,-0.996849,0.075575,0.024087,0.026360,0.029219,0.999225,0,0.64000,-0.57042,38.400,-1.141,-1,425.000,-1,425.000,-1,325.000,325.000,300.000,300.000,-1,-1,-1,-1,925.000,1000.000,-1,-1,2,0,2,0,2,0,0,0,0,2,2,2,2,1,0,2,2
8,1663.048,113.406,449.298,-86.802,0.055069,0.997995,-0.031207,-0.998212,0.055755,0.021551,0.023247,0.029964,0.999281,0,0.72000,-0.56923,43.200,-1.138,-1,425.000,-1,425.000,-1,325.000,325.000,300.000,300.000,-1,-1,-1,-1,900.000,1000.000,-1,-1,2,0,2,0,2,0,0,0,0,2,2,2,2,1,0,2,2
9,1664.775,65.437,450.981,-87.938,0.035366,0.998881,-0.031393,-0.999177,0.035965,0.018734,0.019842,0.030704,0.999332,0,0.80000,-0.56779,48.000,-1.136,-1,425.000,-1,425.000,-1,350.000,350.000,300.000,325.000,-1,-1,-1,-1,850.000,975.000,-1,-1,2,0,2,0,2,0,0,0,0,2,2,2,2,1,0,2,2
10,1665.632,12.644,452.801,-89.070,0.015720,0.999374,-0.031703,-0.999746,0.016222,0.015638,0.016143,0.031449,0.999375,0,0.88000,-0.56605,52.800,-1.132,-1,425.000,-1,425.000,-1,350.000,350.000,300.000,325.000,-1,-1,-1,-1,800.000,975.000,975.000,-1,2,0,2,0,2,0,0,0,0,2,2,2,2,1,0,1,2
11,1665.446,-41.047,452.981,-90.198,-0.003874,0.999473,-0.032229,-0.999908,-0.003454,0.013089,0.012971,0.032277,0.999395,0,0.89486,-0.56397,53.692,-1.128,975.000,425.000,-1,425.000,-1,350.000,350.000,300.000,325.000,-1,-1,-1,-1,775.000,975.000,900.000,-1,1,0,2,0,2,0,0,0,0,2,2,2,2,1,0,1,2
12,1664.204,-94.905,452.748,-91.321,-0.023354,0.999204,-0.032340,-0.999686,-0.023045,0.009883,0.009130,0.032560,0.999428,0,0.89787,-0.56162,53.872,-1.123,875.000,425.000,-1,425.000,-1,350.000,350.000,300.000,300.000,-1,-1,-1,-1,725.000,950.000,850.000,-1,1,0,2,0,2,0,0,0,0,2,2,2,2,1,0,1,2
13,1661.904,-148.900,452.479,-92.439,-0.042733,0.998554,-0.032604,-0.999073,-0.042537,0.006665,0.005269,0.032859,0.999446,0,0.90072,-0.55901,54.043,-1.118,800.000,425.000,-1,425.000,-1,325.000,325.000,300.000,300.000,-1,-1,-1,-1,700.000,925.000,800.000,-1,1,0,2,0,2,0,0,0,0,2,2,2,2,1,0,1,2
14,1658.546,-202.999,452.174,-93.552,-0.061992,0.997530,-0.033021,-0.998076,-0.061912,0.003442,0.001390,0.033171,0.999449,0,0.90338,-0.55614,54.203,-1.112,725.000,425.000,-1,425.000,-1,325.000,325.000,300.000,300.000,-1,-1,-1,-1,650.000,900.000,725.000,-1,1,0,2,0,2,0,0,0,0,2,2,2,2,1,0,1,2
15,1654.133,-257.169,451.831,-94.657,-0.081115,0.996139,-0.033588,-0.996702,-0.081154,0.000220,-0.002507,0.033495,0.999436,0,0.90582,-0.55298,54.349,-1.106,675.000,425.000,-1,425.000,-1,325.000,325.000,300.000,300.000,-1,-1,-1,-1,625.000,900.000,675.000,-1,1,0,2,0,2,0,0,0,0,2,2,2,2,1,0,1,2
16,1648.668,-311.376,451.450,-95.757,-0.100084,0.994387,-0.034305,-0.994958,-0.100245,-0.002996,-0.006418,0.033832,0.999407,0,0.90802,-0.54954,54.481,-1.099,600.000,400.000,-1,425.000,-1,325.000,325.000,300.000,300.000,-1,-1,-1,-1,600.000,875.000,625.000,-1,1,1,2,0,2,0,0,0,0,2,2,2,2,1,0,1,2
17,1642.158,-365.583,451.031,-96.848,-0.118881,0.992286,-0.035167,-0.992855,-0.119169,-0.006199,-0.010342,0.034178,0.999362,0,0.90994,-0.54579,54.596,-1.092,550.000,400.000,-1,400.000,-1,325.000,325.000,300.000,300.000,-1,-1,-1,-1,600.000,850.000,575.000,-1,1,1,2,0,2,1,0,0,0,2,2,2,2,1,0,1,2
18,1634.610,-419.752,450.572,-97.932,-0.137489,0.989843,-0.036172,-0.990400,-0.137909,-0.009385,-0.014278,0.034535,0.999302,0,0.91155,-0.54174,54.693,-1.083,500.000,375.000,-1,400.000,-1,325.000,325.000,300.000,300.000,-1,-1,-1,-1,575.000,850.000,525.000,-1,1,1,2,0,2,0,0,0,0,2,2,2,2,1,0,1,2
19,1626.036,-473.845,450.075,-99.006,-0.155890,0.987069,-0.037318,-0.987606,-0.156449,-0.012546,-0.018223,0.034900,0.999225,0,0.91280,-0.53737,54.768,-1.075,450.000,375.000,-1,400.000,-1,325.000,325.000,300.000,300.000,-1,-1,-1,-1,575.000,825.000,475.000,-1,1,1,2,0,2,0,0,0,0,2,2,2,2,1,0,1,2
20,1616.449,-527.820,449.537,-100.072,-0.174067,0.983977,-0.038600,-0.984484,-0.174772,-0.015679,-0.022174,0.035272,0.999132,0,0.91366,-0.53267,54.820,-1.065,400.000,375.000,-1,400.000,-1,325.000,325.000,300.000,300.000,-1,-1,-1,-1,600.000,800.000,450.000,-1,1,1,2,0,2,0,0,0,0,2,2,2,2,1,0,1,2
21,1605.865,-581.635,448.960,-101.127,-0.192003,0.980578,-0.040015,-0.981046,-0.192861,-0.018777,-0.026129,0.035651,0.999023,0,0.91409,-0.52764,54.845,-1.055,350.000,375.000,-1,400.000,-1,325.000,325.000,325.000,300.000,-1,-1,-1,-1,625.000,800.000,425.000,-1,1,1,2,0,2,0,0,0,0,2,2,2,2,1,0,1,2
22,1595.509,-630.597,448.601,-101.942,-0.205901,0.977691,-0.041535,-0.978217,-0.206785,-0.018197,-0.026380,0.036883,0.998971,0,0.83409,-0.40764,50.045,-0.815,325.000,400.000,-1,400.000,-1,325.000,325.000,325.000,300.000,-1,-1,-1,-1,650.000,800.000,400.000,-1,1,1,2,0,2,0,0,0,0,2,2,2,2,1,0,1,2
23,1585.705,-674.768,448.824,-102.518,-0.215718,0.975433,-0.044675,-0.976155,-0.216562,-0.014942,-0.024250,0.040386,0.998890,0,0.75409,-0.28764,45.245,-0.575,325.000,425.000,-1,400.000,-1,325.000,325.000,325.000,300.000,-1,-1,-1,-1,700.000,825.000,425.000,-1,1,1,2,0,2,0,0,0,0,2,2,2,2,1,0,1,2
24,1575.933,-717.603,448.562,-102.853,-0.221446,0.974009,-0.047625,-0.974921,-0.222234,-0.011856,-0.022132,0.043805,0.998795,0,0.73226,-0.16764,43.936,-0.335,300.000,425.000,-1,425.000,-1,350.000,350.000,350.000,300.000,-1,-1,-1,-1,750.000,825.000,450.000,-1,1,0,2,0,2,0,0,0,0,2,2,2,2,1,0,1,2
25,1566.099,-760.387,447.911,-102.948,-0.223103,0.973481,-0.050590,-0.974591,-0.223817,-0.008844,-0.019933,0.047331,0.998680,0,0.73166,-0.04764,43.899,-0.095,300.000,425.000,-1,425.000,-1,350.000,350.000,350.000,300.000,-1,-1,-1,-1,800.000,825.000,475.000,-1,1,0,2,0,2,0,0,0,0,2,2,2,2,1,0,1,2
26,1556.354,-803.151,447.122,-102.839,-0.221293,0.973759,-0.053135,-0.975040,-0.221935,-0.006440,-0.018064,0.050384,0.998567,0,0.73101,0.05439,43.860,0.109,300.000,450.000,-1,425.000,-1,350.000,350.000,350.000,300.000,-1,-1,-1,-1,825.000,825.000,500.000,-1,1,0,2,0,2,0,0,0,0,2,2,2,2,1,0,1,2
27,1546.705,-845.894,446.188,-102.722,-0.219338,0.974087,-0.055181,-0.975507,-0.219921,-0.004647,-0.016662,0.052810,0.998466,0,0.73031,0.05844,43.819,0.117,300.000,450.000,-1,425.000,-1,350.000,350.000,325.000,300.000,-1,-1,-1,-1,850.000,825.000,525.000,-1,1,0,2,0,2,0,0,1,0,2,2,2,2,1,0,1,2
28,1537.163,-888.603,445.115,-102.597,-0.217229,0.974470,-0.056738,-0.975994,-0.217769,-0.003445,-0.015713,0.054628,0.998383,0,0.72936,0.06263,43.762,0.125,275.000,450.000,-1,425.000,-1,350.000,350.000,300.000,300.000,-1,-1,-1,-1,875.000,825.000,600.000,-1,1,0,2,0,2,0,0,1,0,2,2,2,2,1,0,1,2
29,1527.735,-931.262,443.908,-102.463,-0.214958,0.974910,-0.057821,-0.976505,-0.215476,-0.002810,-0.015199,0.055859,0.998323,0,0.72815,0.06695,43.689,0.134,275.000,450.000,-1,425.000,-1,375.000,350.000,275.000,300.000,-1,-1,-1,-1,875.000,825.000,650.000,-1,1,0,2,0,2,0,0,1,0,2,2,2,2,1,0,1,2
30,1518.432,-973.858,442.574,-102.320,-0.212520,0.975408,-0.058443,-0.977040,-0.213038,-0.002719,-0.015103,0.056523,0.998287,0,0.72666,0.07139,43.600,0.143,275.000,450.000,-1,425.000,-1,375.000,350.000,250.000,300.000,-1,-1,-1,-1,900.000,800.000,700.000,-1,1,0,2,0,2,0,0,1,0,2,2,2,2,1,0,1,2
31,1509.264,-1016.374,441.119,-102.169,-0.209909,0.975962,-0.058620,-0.977600,-0.210450,-0.003144,-0.015406,0.056647,0.998275,0,0.72490,0.07595,43.494,0.152,250.000,450.000,-1,425.000,-1,350.000,350.000,225.000,300.000,-1,-1,-1,-1,900.000,800.000,725.000,-1,1,0,2,0,2,0,0,1,0,2,2,2,2,0,0,1,2
32,1500.241,-1058.797,439.550,-102.007,-0.207124,0.976572,-0.058369,-0.978182,-0.207708,-0.004058,-0.016087,0.056255,0.998287,0,0.72286,0.08060,43.371,0.161,250.000,450.000,-1,425.000,-1,350.000,350.000,200.000,300.000,-1,-1,425.000,-1,875.000,800.000,725.000,-1,1,0,2,0,2,0,0,1,0,2,2,0,2,0,0,1,2
33,1491.372,-1101.110,437.874,-101.837,-0.204163,0.977234,-0.057709,-0.978787,-0.204808,-0.005429,-0.017125,0.055376,0.998319,0,0.72054,0.08534,43.232,0.171,225.000,450.000,-1,425.000,-1,350.000,350.000,200.000,300.000,-1,-1,450.000,-1,875.000,775.000,725.000,-1,1,0,2,0,2,0,0,1,0,2,2,0,2,0,0,1,2
34,1482.668,-1143.298,436.100,-101.656,-0.201027,0.977946,-0.056658,-0.979411,-0.201747,-0.007226,-0.018497,0.054039,0.998367,0,0.71795,0.09014,43.077,0.180,225.000,425.000,-1,425.000,-1,350.000,350.000,175.000,300.000,-1,-1,-1,-1,850.000,750.000,725.000,-1,1,0,2,0,2,0,0,1,0,2,2,2,2,0,0,1,2
35,1474.136,-1185.348,434.234,-101.467,-0.197731,0.978699,-0.055236,-0.980048,-0.198536,-0.009417,-0.020182,0.052272,0.998429,0,0.71511,0.09460,42.907,0.189,225.000,425.000,-1,400.000,-1,350.000,325.000,150.000,300.000,-1,-1,-1,-1,825.000,750.000,700.000,-1,1,0,2,0,2,0,0,1,0,2,2,2,2,0,0,1,2
36,1465.781,-1227.245,432.279,-101.276,-0.194389,0.979468,-0.053441,-0.980674,-0.195283,-0.011989,-0.022179,0.050078,0.998499,0,0.71202,0.09582,42.721,0.192,225.000,425.000,-1,400.000,-1,325.000,325.000,150.000,300.000,-1,-1,-1,-1,800.000,725.000,675.000,-1,1,0,2,0,2,0,0,1,0,2,2,2,2,0,0,1,2
37,1457.608,-1268.974,430.887,-101.082,-0.190836,0.980122,-0.054241,-0.981263,-0.191969,-0.016457,-0.026542,0.050084,0.998392,0,0.70870,0.09689,42.522,0.194,225.000,400.000,-1,400.000,-1,325.000,325.000,150.000,300.000,-1,-1,-1,-1,775.000,700.000,650.000,-1,1,0,2,0,2,0,0,1,0,2,2,2,2,0,0,1,2
38,1449.617,-1310.524,429.930,-100.886,-0.187134,0.980687,-0.056872,-0.981814,-0.188605,-0.021657,-0.031965,0.051785,0.998147,0,0.70518,0.09781,42.311,0.196,225.000,400.000,-1,375.000,-1,325.000,325.000,150.000,300.000,-1,-1,-1,-1,725.000,675.000,625.000,-1,1,0,2,0,2,0,0,1,0,2,2,2,2,0,0,1,2
39,1441.811,-1351.882,428.822,-100.689,-0.183430,0.981276,-0.058745,-0.982338,-0.185219,-0.026562,-0.036946,0.052835,0.997920,0,0.70147,0.09858,42.088,0.197,225.000,375.000,-1,375.000,-1,300.000,300.000,125.000,300.000,-1,-1,-1,-1,700.000,650.000,600.000,-1,1,0,2,0,2,0,0,1,0,2,2,2,2,0,0,1,2
40,1434.189,-1393.040,427.754,-100.491,-0.179803,0.981924,-0.059129,-0.982851,-0.181823,-0.030738,-0.040933,0.052588,0.997777,0,0.69763,0.09918,41.858,0.198,225.000,375.000,-1,350.000,-1,300.000,300.000,125.000,300.000,-1,-1,-1,-1,675.000,625.000,600.000,-1,1,0,2,0,2,0,0,1,0,2,2,2,2,0,0,1,2
41,1426.754,-1433.992,427.423,-100.291,-0.176258,0.982446,-0.061103,-0.983461,-0.178389,-0.031337,-0.041687,0.054569,0.997639,0,0.69368,0.09962,41.621,0.199,250.000,375.000,-1,350.000,1000.000,300.000,300.000,125.000,300.000,-1,-1,-1,-1,675.000,600.000,-1,-1,1,0,2,0,0,0,0,1,0,2,2,2,2,0,0,2,2
42,1419.504,-1474.731,427.067,-100.092,-0.172750,0.982963,-0.062782,-0.984082,-0.174944,-0.031264,-0.041715,0.056382,0.997537,0,0.68966,0.09990,41.380,0.200,250.000,375.000,-1,350.000,950.000,300.000,300.000,125.000,300.000,-1,-1,-1,-1,675.000,600.000,-1,975.000,1,0,2,0,0,0,0,1,0,2,2,2,2,0,0,2,0
43,1411.743,-1520.254,426.485,-99.676,-0.165609,0.984134,-0.063664,-0.985341,-0.167801,-0.030755,-0.040950,0.057638,0.997497,0,0.76966,0.20769,46.180,0.415,275.000,375.000,-1,350.000,925.000,300.000,300.000,125.000,300.000,-1,-1,-1,-1,675.000,600.000,-1,950.000,1,0,2,0,0,0,0,1,0,2,2,2,2,0,0,2,0
44,1404.242,-1566.261,425.765,-99.261,-0.158517,0.985288,-0.063869,-0.986558,-0.160657,-0.029866,-0.039688,0.058276,0.997511,0,0.77691,0.20766,46.615,0.415,275.000,375.000,-1,350.000,925.000,300.000,300.000,125.000,300.000,-1,-1,-1,-1,675.000,600.000,-1,950.000,1,0,2,0,0,0,0,1,0,2,2,2,2,0,0,2,0
45,1397.113,-1612.071,424.922,-98.846,-0.151478,0.986424,-0.063423,-0.987731,-0.153518,-0.028611,-0.037960,0.058311,0.997577,0,0.77270,0.20744,46.362,0.415,275.000,375.000,-1,350.000,900.000,300.000,300.000,125.000,300.000,-1,-1,-1,-1,675.000,600.000,-1,950.000,1,0,2,0,0,0,0,1,0,2,2,2,2,0,0,2,0
46,1390.351,-1657.687,423.965,-98.432,-0.144491,0.987538,-0.062381,-0.988858,-0.146390,-0.027004,-0.035799,0.057784,0.997687,0,0.76859,0.20703,46.115,0.414,275.000,375.000,-1,350.000,925.000,300.000,300.000,125.000,300.000,-1,-1,-1,-1,700.000,600.000,-1,975.000,1,0,2,0,0,0,0,1,0,2,2,2,2,0,0,2,0
47,1383.951,-1703.117,422.904,-98.019,-0.137555,0.988627,-0.060795,-0.989936,-0.139278,-0.025056,-0.033239,0.056737,0.997836,0,0.76464,0.20646,45.878,0.413,275.000,375.000,-1,350.000,925.000,300.000,300.000,150.000,300.000,-1,-1,-1,-1,700.000,600.000,-1,1000.000,1,0,2,0,0,0,0,1,0,2,2,2,2,0,0,2,0
48,1377.906,-1748.367,421.748,-97.608,-0.130667,0.989686,-0.058717,-0.990963,-0.132187,-0.022784,-0.030311,0.055210,0.998015,0,0.76087,0.20571,45.652,0.411,275.000,375.000,-1,350.000,975.000,300.000,300.000,150.000,300.000,-1,-1,-1,-1,700.000,625.000,-1,-1,1,0,2,0,0,0,0,1,0,2,2,2,2,0,0,2,2
49,1372.212,-1793.448,420.505,-97.198,-0.123823,0.990712,-0.056196,-0.991936,-0.125122,-0.020202,-0.027046,0.053241,0.998215,0,0.75733,0.20480,45.440,0.410,300.000,375.000,-1,350.000,1000.000,300.000,300.000,150.000,300.000,300.000,-1,-1,-1,700.000,625.000,-1,-1,1,0,2,0,0,0,0,1,0,1,2,2,2,0,0,2,2
50,1366.862,-1838.372,419.184,-96.791,-0.117021,0.991699,-0.053278,-0.992852,-0.118088,-0.017326,-0.023474,0.050870,0.998429,0,0.75403,0.20373,45.242,0.407,325.000,375.000,-1,350.000,-1,300.000,300.000,150.000,300.000,250.000,-1,-1,-1,700.000,625.000,-1,-1,1,0,2,0,2,0,0,1,0,1,2,2,2,0,0,2,2
51,1361.849,-1883.151,417.793,-96.386,-0.110257,0.992644,-0.050010,-0.993709,-0.111090,-0.014172,-0.019623,0.048132,0.998648,0,0.75099,0.20252,45.059,0.405,350.000,375.000,-1,350.000,-1,300.000,300.000,150.000,300.000,225.000,-1,-1,-1,725.000,650.000,-1,-1,1,0,2,0,2,0,0,1,0,1,2,2,2,0,0,2,2
52,1357.168,-1927.799,416.339,-95.983,-0.103528,0.993542,-0.046433,-0.994505,-0.104131,-0.010756,-0.015522,0.045064,0.998863,0,0.74822,0.20117,44.893,0.402,400.000,375.000,-1,375.000,-1,300.000,300.000,150.000,300.000,225.000,-1,-1,-1,725.000,650.000,-1,-1,1,0,2,0,2,0,0,1,0,1,2,2,2,0,0,2,2
53,1352.814,-1972.331,415.027,-95.584,-0.096812,0.994356,-0.043404,-0.995237,-0.097215,-0.007263,-0.011441,0.042494,0.999031,0,0.74573,0.19968,44.744,0.399,-1,375.000,-1,375.000,-1,300.000,300.000,125.000,300.000,200.000,750.000,750.000,-1,725.000,650.000,-1,-1,2,0,2,0,2,0,0,1,0,1,0,0,2,0,0,2,2
54,1348.472,-2020.147,414.037,-95.187,-0.090113,0.995156,-0.039303,-0.995902,-0.090342,-0.004089,-0.007620,0.038774,0.999219,0,0.80023,0.19834,48.014,0.397,-1,375.000,-1,375.000,-1,325.000,300.000,125.000,300.000,200.000,575.000,625.000,-1,750.000,675.000,-1,-1,2,0,2,0,2,0,0,1,0,1,0,0,2,0,0,2,2
55,1344.478,-2067.796,413.197,-94.789,-0.083348,0.995913,-0.034782,-0.996513,-0.083431,-0.000928,-0.003826,0.034584,0.999394,0,0.79694,0.19926,47.816,0.399,-1,400.000,-1,375.000,-1,325.000,300.000,125.000,300.000,200.000,475.000,525.000,-1,750.000,700.000,-1,-1,2,0,2,0,2,0,0,1,0,1,0,0,2,0,0,2,2
56,1340.835,-2115.266,413.149,-94.389,-0.076436,0.996508,-0.033619,-0.997071,-0.076479,0.000022,-0.002549,0.033522,0.999435,0,0.79349,0.20000,47.610,0.400,-1,400.000,-1,375.000,-1,325.000,300.000,125.000,300.000,200.000,500.000,550.000,-1,750.000,700.000,-1,-1,2,0,2,0,2,0,0,1,0,1,0,0,2,0,0,2,2
57,1337.539,-2162.547,413.176,-93.988,-0.069491,0.997046,-0.032720,-0.997581,-0.069502,0.000797,-0.001479,0.032696,0.999464,0,0.78992,0.20057,47.395,0.401,-1,400.000,-1,375.000,-1,325.000,325.000,150.000,300.000,200.000,525.000,575.000,-1,750.000,700.000,-1,-1,2,0,2,0,2,0,0,1,0,1,0,0,2,0,0,2,2
58,1334.492,-2214.653,413.228,-93.346,-0.058366,0.997791,-0.031737,-0.998295,-0.058343,0.001642,-0.000213,0.031779,0.999495,0,0.86992,0.32057,52.195,0.641,-1,400.000,-1,375.000,-1,325.000,325.000,150.000,300.000,200.000,550.000,600.000,-1,750.000,700.000,-1,-1,2,0,2,0,2,0,0,1,0,1,0,0,2,0,0,2,2
59,1332.040,-2271.595,413.316,-92.465,-0.043051,0.998602,-0.030683,-0.999072,-0.042993,0.002551,0.001228,0.030764,0.999526,0,0.94992,0.44057,56.995,0.881,-1,400.000,-1,375.000,-1,325.000,325.000,150.000,300.000,225.000,575.000,650.000,-1,775.000,700.000,-1,-1,2,0,2,0,2,0,0,1,0,1,0,0,2,0,0,2,2
60,1330.704,-2328.539,413.439,-91.344,-0.023539,0.999283,-0.029658,-0.999719,-0.023447,0.003442,0.002744,0.029731,0.999554,0,0.94932,0.56057,56.959,1.121,-1,400.000,-1,375.000,-1,325.000,325.000,150.000,300.000,225.000,625.000,675.000,-1,775.000,725.000,-1,-1,2,0,2,0,2,0,0,1,0,1,0,0,2,0,0,2,2
61,1330.720,-2385.287,413.599,-89.983,0.000173,0.999589,-0.028678,-0.999991,0.000297,0.004306,0.004313,0.028677,0.999579,0,0.94581,0.68057,56.749,1.361,-1,400.000,-1,375.000,-1,325.000,325.000,150.000,300.000,225.000,650.000,725.000,-1,775.000,725.000,-1,-1,2,0,2,0,2,0,0,1,0,1,0,0,2,0,0,2,2
62,1332.317,-2441.829,413.797,-88.382,0.028075,0.999220,-0.027753,-0.999588,0.028228,0.005137,0.005917,0.027597,0.999602,0,0.94274,0.80057,56.564,1.601,-1,400.000,-1,375.000,-1,325.000,325.000,150.000,300.000,250.000,675.000,750.000,-1,775.000,725.000,-1,-1,2,0,2,0,2,0,0,1,0,1,0,0,2,0,0,2,2
63,1335.536,-2498.145,414.033,-86.729,0.056868,0.998020,-0.026883,-0.998354,0.057047,0.005933,0.007455,0.026502,0.999621,0,0.94013,0.82665,56.408,1.653,-1,400.000,-1,375.000,-1,325.000,325.000,150.000,300.000,250.000,725.000,800.000,-1,775.000,725.000,-1,-1,2,0,2,0,2,0,0,1,0,1,0,0,2,0,0,2,2
64,1340.364,-2554.200,414.301,-85.076,0.085598,0.995989,-0.026067,-0.996290,0.085799,0.006689,0.008899,0.025398,0.999638,0,0.93772,0.82604,56.263,1.652,-1,400.000,-1,375.000,-1,325.000,325.000,150.000,300.000,275.000,750.000,850.000,-1,775.000,750.000,-1,-1,2,0,2,0,2,0,0,1,0,1,0,0,2,0,0,2,2
65,1346.790,-2609.957,414.878,-83.426,0.114215,0.993115,-0.026043,-0.993398,0.114453,0.007840,0.010767,0.024975,0.999630,0,0.93543,0.82529,56.126,1.651,-1,400.000,-1,400.000,-1,325.000,325.000,175.000,300.000,275.000,800.000,875.000,-1,775.000,750.000,1000.000,-1,2,0,2,0,2,0,0,1,0,1,0,0,2,0,0,1,2
66,1354.799,-2665.378,415.309,-81.777,0.142761,0.989452,-0.024574,-0.989695,0.142987,0.007694,0.011126,0.023222,0.999668,0,0.93328,0.82441,55.997,1.649,-1,400.000,-1,400.000,-1,325.000,325.000,175.000,300.000,275.000,875.000,975.000,-1,750.000,750.000,950.000,-1,2,0,2,0,2,0,0,1,0,1,0,0,2,1,0,1,2
67,1364.376,-2720.428,415.988,-80.130,0.171141,0.984953,-0.024042,-0.985178,0.171366,0.007624,0.011629,0.022381,0.999682,0,0.93128,0.82341,55.877,1.647,1000.000,400.000,-1,400.000,-1,325.000,325.000,175.000,300.000,300.000,950.000,-1,-1,725.000,750.000,900.000,-1,1,0,2,0,2,0,0,1,0,1,0,2,2,1,0,1,2
68,1375.508,-2775.072,416.723,-78.486,0.199339,0.979644,-0.023683,-0.979855,0.199566,0.007612,0.012184,0.021689,0.999691,0,0.92945,0.82228,55.767,1.645,975.000,400.000,-1,400.000,-1,325.000,325.000,175.000,300.000,300.000,-1,-1,-1,700.000,750.000,875.000,-1,1,0,2,0,2,0,0,1,0,1,2,2,2,1,0,1,2
69,1388.178,-2829.278,417.483,-76.844,0.227331,0.973537,-0.023381,-0.973735,0.227560,0.007587,0.012707,0.021042,0.999698,0,0.92779,0.82104,55.667,1.642,925.000,400.000,-1,400.000,-1,325.000,325.000,200.000,300.000,300.000,-1,-1,-1,675.000,750.000,825.000,-1,1,0,2,0,2,0,0,1,0,1,2,2,2,1,0,1,2
70,1402.371,-2883.013,418.264,-75.204,0.255091,0.966640,-0.023138,-0.966827,0.255321,0.007546,0.013202,0.020445,0.999704,0,0.92630,0.81969,55.578,1.639,900.000,400.000,-1,400.000,-1,325.000,325.000,200.000,300.000,325.000,-1,-1,-1,650.000,775.000,775.000,-1,1,0,2,0,2,0,0,1,0,1,2,2,2,1,0,1,2
71,1418.070,-2936.245,419.062,-73.568,0.282594,0.958965,-0.022957,-0.959142,0.282826,0.007490,0.013676,0.019903,0.999708,0,0.92498,0.81824,55.499,1.636,850.000,400.000,-1,400.000,-1,325.000,325.000,225.000,300.000,325.000,-1,-1,-1,600.000,775.000,725.000,-1,1,0,2,0,2,0,0,1,0,1,2,2,2,1,0,1,2
72,1435.260,-2988.942,419.874,-71.934,0.309815,0.950523,-0.022843,-0.950692,0.310048,0.007417,0.014132,0.019418,0.999712,0,0.92383,0.81669,55.430,1.633,800.000,400.000,-1,400.000,-1,325.000,325.000,225.000,300.000,350.000,-1,-1,-1,575.000,775.000,700.000,-1,1,0,2,0,2,0,0,1,0,1,2,2,2,1,0,1,2
73,1453.921,-3041.074,420.696,-70.304,0.336729,0.941326,-0.022797,-0.941489,0.336965,0.007324,0.014576,0.018997,0.999713,0,0.92286,0.81505,55.371,1.630,775.000,400.000,925.000,400.000,-1,325.000,325.000,250.000,300.000,350.000,-1,-1,-1,550.000,775.000,650.000,-1,1,1,1,0,2,0,0,1,0,1,2,2,2,1,0,1,2
74,1474.037,-3092.610,421.524,-68.678,0.363314,0.931387,-0.022823,-0.931546,0.363552,0.007210,0.015013,0.018641,0.999714,0,0.92204,0.81333,55.323,1.627,725.000,375.000,850.000,400.000,-1,325.000,325.000,275.000,300.000,375.000,-1,-1,-1,525.000,775.000,600.000,-1,1,1,1,0,2,1,0,1,0,1,2,2,2,1,0,1,2
75,1495.590,-3143.519,422.356,-67.055,0.389547,0.920721,-0.022924,-0.920877,0.389789,0.007071,0.015447,0.018356,0.999712,0,0.92139,0.81152,55.283,1.623,700.000,350.000,750.000,400.000,-1,300.000,325.000,300.000,300.000,375.000,-1,-1,-1,475.000,775.000,550.000,-1,1,1,1,0,2,1,1,0,0,1,2,2,2,1,0,1,2
76,1518.560,-3193.772,423.163,-65.435,0.415404,0.909341,-0.023214,-0.909497,0.415652,0.006933,0.015954,0.018233,0.999706,0,0.92089,0.80965,55.253,1.619,650.000,325.000,675.000,400.000,-1,300.000,300.000,300.000,300.000,400.000,-1,-1,-1,450.000,775.000,525.000,-1,1,1,1,0,2,1,1,0,0,1,2,2,2,1,1,1,2
77,1542.928,-3243.338,424.114,-63.820,0.440869,0.897253,-0.023916,-0.897429,0.441117,0.006041,0.015970,0.018800,0.999696,0,0.92053,0.80770,55.232,1.615,600.000,325.000,600.000,375.000,-1,275.000,300.000,300.000,300.000,425.000,-1,-1,-1,400.000,650.000,475.000,-1,1,1,1,1,2,1,1,0,0,1,2,2,2,1,1,1,2
78,1568.674,-3292.187,425.196,-62.208,0.465925,0.884474,-0.024895,-0.884687,0.466164,0.004493,0.015579,0.019931,0.999680,0,0.92032,0.80569,55.219,1.611,550.000,275.000,525.000,350.000,-1,250.000,275.000,300.000,300.000,450.000,-1,-1,-1,375.000,525.000,425.000,-1,1,1,1,1,2,1,1,0,0,1,2,2,2,1,1,1,2
79,1593.243,-3336.214,425.896,-60.837,0.486952,0.873066,-0.025192,-0.873280,0.487199,0.004435,0.016146,0.019840,0.999673,0,0.84032,0.68569,50.419,1.371,500.000,275.000,475.000,325.000,-1,225.000,250.000,300.000,300.000,450.000,-1,-1,-1,325.000,475.000,400.000,900.000,1,1,1,1,2,1,1,0,0,1,2,2,2,1,1,1,1
80,1616.255,-3375.604,426.397,-59.706,0.504085,0.863285,-0.025251,-0.863486,0.504348,0.005018,0.017067,0.019275,0.999669,0,0.76032,0.56569,45.619,1.131,450.000,250.000,425.000,275.000,-1,200.000,225.000,300.000,300.000,475.000,-1,-1,-1,300.000,400.000,350.000,750.000,1,1,1,1,2,1,1,0,0,1,2,2,2,1,1,1,1
81,1637.392,-3410.524,427.076,-58.814,0.517448,0.855326,-0.025764,-0.855543,0.517713,0.004422,0.017120,0.019754,0.999658,0,0.68032,0.44569,40.819,0.891,425.000,225.000,375.000,250.000,-1,200.000,200.000,300.000,300.000,475.000,-1,-1,-1,275.000,350.000,325.000,600.000,1,1,1,1,2,1,1,0,0,1,2,2,2,1,1,1,1
82,1656.392,-3441.124,427.679,-58.163,0.527134,0.849377,-0.026230,-0.849610,0.527398,0.003874,0.017124,0.020243,0.999648,0,0.60032,0.32569,36.019,0.651,375.000,200.000,325.000,225.000,-1,175.000,200.000,300.000,300.000,500.000,-1,-1,-1,250.000,325.000,275.000,500.000,1,1,1,1,2,1,1,0,0,1,2,2,2,1,1,1,1
83,1673.050,-3467.527,428.204,-57.752,0.533215,0.845560,-0.026646,-0.845807,0.533478,0.003390,0.017081,0.020730,0.999639,0,0.52032,0.20569,31.219,0.411,325.000,175.000,300.000,225.000,-1,150.000,175.000,300.000,300.000,500.000,-1,-1,-1,225.000,275.000,250.000,450.000,1,1,1,1,2,1,1,0,0,1,2,2,2,1,1,1,1
84,1687.215,-3489.828,430.975,-57.580,0.535514,0.843941,-0.031433,-0.844177,0.535992,0.008800,0.024274,0.021823,0.999467,0,0.44032,0.08569,26.419,0.171,300.000,175.000,300.000,200.000,-1,150.000,175.000,300.000,300.000,500.000,-1,-1,-1,225.000,275.000,225.000,425.000,1,1,1,1,2,1,1,0,0,1,2,2,2,1,1,1,1
85,1698.786,-3508.091,434.273,-57.649,0.534054,0.844482,-0.040466,-0.844789,0.534917,0.013976,0.033448,0.026721,0.999083,0,0.36032,-0.03431,21.619,-0.069,300.000,175.000,300.000,200.000,-1,150.000,175.000,325.000,300.000,500.000,775.000,650.000,-1,225.000,275.000,225.000,425.000,1,1,1,1,2,1,1,0,0,1,0,0,2,1,1,1,1
86,1707.712,-3522.347,437.002,-57.957,0.528990,0.847220,-0.048878,-0.847635,0.530279,0.017856,0.041047,0.031985,0.998645,0,0.28032,-0.15431,16.819,-0.309,300.000,175.000,300.000,200.000,-1,150.000,175.000,350.000,300.000,500.000,500.000,400.000,-1,200.000,275.000,225.000,425.000,1,1,1,1,2,1,1,0,0,1,0,0,2,1,1,1,1
87,1713.994,-3532.594,439.048,-58.506,0.520338,0.852090,-0.056495,-0.852682,0.522040,0.020214,0.046716,0.037654,0.998198,0,0.20032,-0.27431,12.019,-0.549,275.000,175.000,300.000,200.000,-1,150.000,175.000,350.000,300.000,500.000,425.000,325.000,-1,200.000,275.000,225.000,450.000,1,1,1,1,2,1,1,0,0,1,0,0,2,1,1,1,1
88,1717.684,-3538.799,440.335,-59.295,0.508092,0.858983,-0.063171,-0.859838,0.510137,0.020938,0.050212,0.043679,0.997783,0,0.12032,-0.39431,7.219,-0.789,275.000,175.000,300.000,225.000,-1,150.000,175.000,375.000,300.000,525.000,400.000,275.000,-1,200.000,300.000,200.000,500.000,1,1,1,1,2,1,1,0,0,1,0,0,2,1,1,1,1
89,1718.893,-3540.895,440.810,-60.116,0.495405,0.866006,-0.067883,-0.867140,0.497649,0.020346,0.051402,0.048784,0.997486,0,0.04032,-0.41085,2.419,-0.822,250.000,175.000,300.000,225.000,-1,150.000,175.000,375.000,300.000,525.000,400.000,275.000,-1,200.000,300.000,200.000,550.000,1,1,1,1,2,1,1,0,0,1,0,0,2,1,1,1,1
90,1718.081,-3539.428,440.594,-60.935,0.482834,0.872851,-0.070731,-0.874247,0.485121,0.018690,0.050626,0.052812,0.997320,0,-0.02794,-0.40946,-1.676,-0.819,250.000,175.000,300.000,225.000,-1,150.000,175.000,375.000,275.000,525.000,400.000,275.000,-1,200.000,300.000,200.000,600.000,1,1,1,1,2,1,1,0,0,1,0,0,2,1,1,1,1
91,-1639.817,-4263.565,370.825,-113.296,-0.395630,0.917384,-0.043394,-0.918404,-0.395012,0.022350,0.003362,0.048696,0.998808,1,0.00000,0.00000,3.124,-0.579,550.000,375.000,800.000,400.000,-1,325.000,325.000,300.000,300.000,-1,-1,-1,-1,475.000,650.000,500.000,-1,1,1,1,0,2,0,0,0,0,2,2,2,2,1,1,1,2
92,-1641.733,-4267.966,370.844,-113.536,-0.399458,0.915718,-0.043512,-0.916747,-0.398850,0.022237,0.003008,0.048773,0.998805,0,0.08000,-0.12000,4.800,-0.240,550.000,375.000,800.000,400.000,-1,325.000,325.000,300.000,300.000,-1,-1,-1,-1,475.000,650.000,500.000,-1,1,1,1,0,2,0,0,0,0,2,2,2,2,1,1,1,2
93,-1645.617,-4276.745,370.876,-113.864,-0.404677,0.913413,-0.043754,-0.914457,-0.404085,0.022004,0.002419,0.048915,0.998800,0,0.16000,-0.16408,9.600,-0.328,525.000,375.000,775.000,400.000,-1,325.000,325.000,300.000,300.000,-1,-1,-1,-1,475.000,650.000,475.000,-1,1,1,1,0,2,0,0,0,0,2,2,2,2,1,1,1,2
94,-1651.518,-4289.881,370.914,-114.191,-0.409848,0.911086,-0.044124,-0.912152,-0.409279,0.021649,0.001665,0.049121,0.998791,0,0.24000,-0.16325,14.400,-0.326,500.000,375.000,775.000,400.000,-1,325.000,325.000,300.000,300.000,-1,-1,-1,-1,475.000,650.000,475.000,-1,1,1,1,0,2,0,0,0,0,2,2,2,2,1,1,1,2
95,-1659.485,-4307.350,370.955,-114.515,-0.414964,0.908742,-0.044632,-0.909837,-0.414424,0.021173,0.000745,0.049394,0.998779,0,0.32000,-0.16216,19.200,-0.324,475.000,350.000,750.000,400.000,-1,325.000,325.000,300.000,300.000,-1,-1,-1,-1,450.000,625.000,450.000,-1,1,1,1,0,2,0,0,0,0,2,2,2,2,1,1,1,2
96,-1669.565,-4329.131,370.996,-114.837,-0.420015,0.906386,-0.045286,-0.907517,-0.419511,0.020581,-0.000344,0.049742,0.998762,0,0.40000,-0.16079,24.000,-0.322,450.000,350.000,725.000,400.000,-1,325.000,325.000,300.000,300.000,-1,-1,-1,-1,450.000,600.000,425.000,-1,1,1,1,0,2,1,0,0,0,2,2,2,2,1,1,1,2
97,-1681.807,-4355.199,371.031,-115.155,-0.424992,0.904023,-0.046097,-0.905196,-0.424530,0.019875,-0.001602,0.050173,0.998739,0,0.48000,-0.15913,28.800,-0.318,425.000,325.000,700.000,400.000,-1,325.000,325.000,300.000,300.000,-1,-1,-1,-1,425.000,600.000,375.000,-1,1,1,1,0,2,1,0,0,0,2,2,2,2,1,1,1,2
98,-1696.256,-4385.534,371.057,-115.469,-0.429883,0.901657,-0.047078,-0.902880,-0.429471,0.019059,-0.003034,0.050699,0.998709,0,0.56000,-0.15713,33.600,-0.314,375.000,325.000,675.000,400.000,-1,300.000,325.000,325.000,300.000,-1,-1,-1,-1,400.000,575.000,350.000,-1,1,1,1,0,2,1,0,0,0,2,2,2,2,1,1,1,2
99,-1712.956,-4420.113,371.069,-115.779,-0.434674,0.899294,-0.048244,-0.900576,-0.434321,0.018137,-0.004643,0.051332,0.998671,0,0.64000,-0.15475,38.400,-0.309,325.000,300.000,625.000,400.000,-1,275.000,325.000,325.000,300.000,-1,-1,-1,-1,375.000,525.000,300.000,-1,1,1,1,1,2,1,1,0,0,2,2,2,2,1,1,1,2
100,-1731.949,-4458.914,370.943,-116.082,-0.439374,0.896965,-0.049023,-0.898284,-0.439078,0.017246,-0.006056,0.051614,0.998649,0,0.72000,-0.15194,43.200,-0.304,275.000,275.000,575.000,375.000,-1,275.000,300.000,325.000,300.000,-1,-1,-1,-1,350.000,500.000,275.000,-1,1,1,1,1,2,1,1,0,0,2,2,2,2,1,1,1,2
101,-1753.277,-4501.915,370.630,-116.380,-0.443952,0.894686,-0.049421,-0.896018,-0.443731,0.015977,-0.007636,0.051375,0.998650,0,0.80000,-0.14862,48.000,-0.297,225.000,250.000,525.000,350.000,-1,250.000,275.000,325.000,300.000,-1,-1,-1,-1,325.000,450.000,225.000,-1,1,1,1,1,2,1,1,0,0,2,2,2,2,1,1,1,2
102,-1776.964,-4549.104,373.917,-116.669,-0.448993,0.891654,-0.057946,-0.893531,-0.447854,0.032076,0.002649,0.066178,0.997804,0,0.88000,-0.14473,52.800,-0.289,200.000,250.000,525.000,325.000,-1,225.000,275.000,350.000,300.000,-1,-1,-1,-1,300.000,450.000,200.000,-1,1,1,1,1,2,1,1,0,0,2,2,2,2,1,1,1,2
103,-1800.959,-4596.341,377.770,-116.949,-0.454263,0.888294,-0.067668,-0.890744,-0.451622,0.051126,0.014855,0.083500,0.996397,0,0.88304,-0.14016,52.982,-0.280,200.000,225.000,525.000,300.000,-1,225.000,250.000,400.000,275.000,-1,-1,-1,-1,300.000,425.000,200.000,-1,1,1,1,1,2,1,1,1,0,2,2,2,2,1,1,1,2
104,-1825.195,-4643.511,381.599,-117.220,-0.459676,0.884716,-0.077298,-0.887675,-0.455069,0.070322,0.027039,0.100941,0.994525,0,0.88384,-0.13519,53.030,-0.270,200.000,225.000,500.000,300.000,-1,225.000,250.000,425.000,275.000,-1,675.000,225.000,-1,300.000,425.000,200.000,-1,1,1,1,1,2,1,1,1,0,2,0,0,2,1,1,1,2
105,-1849.649,-4690.593,385.227,-117.479,-0.465286,0.880857,-0.087173,-0.884270,-0.458143,0.090398,0.039690,0.119145,0.992083,0,0.88421,-0.12979,53.052,-0.260,200.000,225.000,500.000,275.000,-1,200.000,225.000,450.000,250.000,-1,400.000,100.000,800.000,300.000,425.000,200.000,-1,1,1,1,1,2,1,1,1,0,2,0,0,0,1,1,1,2
106,4263.539,-6231.345,389.013,61.150,0.482756,-0.874304,0.050388,0.875743,0.481652,-0.032938,0.004528,0.060028,0.998186,1,0.00000,0.00000,53.044,-0.248,475.000,375.000,-1,375.000,-1,325.000,325.000,300.000,300.000,-1,575.000,475.000,675.000,525.000,700.000,500.000,975.000,1,1,2,0,2,0,0,0,0,2,1,1,1,1,1,1,1
107,4265.873,-6227.150,389.032,60.910,0.486411,-0.872282,0.050291,0.873720,0.485311,-0.032970,0.004352,0.059977,0.998190,0,0.08000,-0.12000,4.800,-0.240,475.000,375.000,-1,375.000,-1,325.000,325.000,300.000,300.000,-1,600.000,475.000,675.000,525.000,700.000,475.000,975.000,1,1,2,0,2,0,0,0,0,2,1,1,1,1,1,1,1
108,4270.611,-6218.800,389.065,60.430,0.493695,-0.868191,0.050096,0.869626,0.492605,-0.033031,0.003999,0.059872,0.998198,0,0.16000,-0.24000,9.600,-0.480,450.000,375.000,-1,375.000,-1,325.000,325.000,300.000,300.000,-1,600.000,500.000,675.000,525.000,700.000,475.000,950.000,1,1,2,0,2,0,0,0,0,2,1,1,1,1,1,1,1
109,4277.874,-6206.366,389.104,59.710,0.504557,-0.861941,0.049801,0.863371,0.503481,-0.033118,0.003472,0.059707,0.998210,0,0.24000,-0.36000,14.400,-0.720,450.000,375.000,-1,375.000,-1,325.000,325.000,300.000,300.000,-1,625.000,525.000,700.000,525.000,700.000,475.000,950.000,1,1,2,0,2,0,0,0,0,2,1,1,1,1,1,1,1
110,4287.835,-6189.952,389.139,58.750,0.518916,-0.853396,0.049402,0.854821,0.517859,-0.033228,0.002773,0.059472,0.998226,0,0.32000,-0.48000,19.200,-0.960,425.000,375.000,-1,375.000,-1,325.000,325.000,300.000,300.000,-1,650.000,550.000,700.000,525.000,675.000,450.000,950.000,1,1,2,0,2,0,0,0,0,2,1,1,1,1,1,1,1
111,4300.713,-6169.699,389.156,57.550,0.536661,-0.842380,0.048896,0.843796,0.535627,-0.033352,0.001905,0.059157,0.998247,0,0.40000,-0.60000,24.000,-1.200,400.000,350.000,-1,375.000,-1,325.000,325.000,300.000,300.000,-1,700.000,575.000,725.000,525.000,675.000,450.000,925.000,1,1,2,0,2,0,0,0,0,2,1,1,1,1,1,1,1
112,4316.773,-6145.792,389.164,56.110,0.557651,-0.828668,0.048320,0.830075,0.556637,-0.033615,0.000959,0.058855,0.998266,0,0.48000,-0.72000,28.800,-1.440,375.000,350.000,-1,375.000,-1,325.000,325.000,300.000,300.000,-1,-1,625.000,725.000,525.000,675.000,425.000,925.000,1,1,2,0,2,0,0,0,0,2,2,1,1,1,1,1,1
113,4336.318,-6118.461,389.179,54.430,0.581700,-0.812000,0.047751,0.813403,0.580698,-0.034141,-0.000006,0.058701,0.998276,0,0.56000,-0.84000,33.600,-1.680,350.000,350.000,-1,375.000,-1,325.000,325.000,300.000,300.000,-1,-1,650.000,750.000,525.000,675.000,425.000,925.000,1,1,2,0,2,1,0,0,0,2,2,1,1,1,1,1,1
114,4359.680,-6087.984,389.164,52.529,0.608306,-0.792295,0.047249,0.793701,0.607317,-0.034700,-0.001203,0.058610,0.998280,0,0.64000,-0.95048,38.400,-1.901,350.000,350.000,-1,375.000,-1,325.000,325.000,300.000,300.000,-1,800.000,700.000,775.000,525.000,650.000,400.000,900.000,1,1,2,0,2,1,0,0,0,2,1,1,1,1,1,1,1
115,4387.078,-6054.583,389.073,50.639,0.634100,-0.771843,0.046648,0.773247,0.633123,-0.035271,-0.002310,0.058436,0.998289,0,0.72000,-0.94497,43.200,-1.890,325.000,350.000,-1,375.000,-1,300.000,325.000,300.000,300.000,-1,775.000,750.000,800.000,550.000,650.000,400.000,900.000,1,1,2,0,2,1,0,0,0,2,0,1,1,1,1,1,1
116,4418.721,-6018.488,388.893,48.761,0.659048,-0.750696,0.045951,0.752094,0.658080,-0.035847,-0.003329,0.058185,0.998300,0,0.80000,-0.93876,48.000,-1.878,300.000,350.000,975.000,375.000,-1,300.000,325.000,300.000,300.000,-1,750.000,800.000,850.000,600.000,625.000,400.000,900.000,1,1,1,0,2,1,0,0,0,2,0,1,1,1,1,1,1
117,4454.797,-5979.934,389.499,46.898,0.683241,-0.728753,0.045833,0.730192,0.682009,-0.041027,-0.001360,0.061498,0.998106,0,0.88000,-0.93179,52.800,-1.864,325.000,350.000,925.000,375.000,-1,325.000,325.000,325.000,300.000,-1,650.000,650.000,850.000,775.000,625.000,-1,875.000,1,1,1,0,2,1,0,1,0,2,0,0,1,1,1,2,1
118,4488.573,-5945.827,390.616,45.274,0.703834,-0.708883,0.045849,0.710360,0.702131,-0.048994,0.002539,0.067053,0.997746,0,0.80000,-0.81179,48.000,-1.624,375.000,375.000,900.000,375.000,-1,325.000,325.000,300.000,300.000,-1,525.000,500.000,850.000,725.000,625.000,-1,900.000,1,1,1,0,2,1,1,1,0,2,0,0,1,1,1,2,1
119,4521.282,-5914.356,391.316,43.891,0.720916,-0.691555,0.045071,0.693002,0.718868,-0.054563,0.005333,0.070570,0.997493,0,0.75650,-0.69179,45.390,-1.384,600.000,400.000,850.000,400.000,-1,350.000,325.000,275.000,300.000,-1,475.000,450.000,875.000,700.000,600.000,-1,900.000,1,1,1,0,2,1,1,1,0,2,0,0,1,1,1,2,1
120,4554.456,-5883.691,391.942,42.747,0.734731,-0.677014,0.042698,0.678310,0.732467,-0.058203,0.008130,0.071726,0.997391,0,0.75292,-0.57179,45.175,-1.144,-1,450.000,825.000,400.000,-1,350.000,325.000,250.000,300.000,-1,450.000,400.000,875.000,650.000,600.000,-1,925.000,2,1,1,1,2,1,1,1,0,2,0,0,1,1,1,2,1
121,4587.940,-5853.707,392.250,41.843,0.745421,-0.665377,0.040264,0.666517,0.743050,-0.060266,0.010182,0.071760,0.997370,0,0.74911,-0.45179,44.947,-0.904,-1,425.000,800.000,400.000,-1,325.000,325.000,250.000,300.000,-1,425.000,375.000,900.000,625.000,575.000,1000.000,950.000,2,1,1,1,2,1,1,1,0,2,0,0,1,1,1,1,1
122,4621.591,-5824.270,392.304,41.180,0.753135,-0.656775,0.037875,0.657766,0.750761,-0.060841,0.011524,0.070734,0.997429,0,0.74515,-0.33179,44.709,-0.664,-1,400.000,750.000,375.000,-1,325.000,325.000,225.000,300.000,-1,400.000,375.000,925.000,575.000,575.000,900.000,-1,2,1,1,1,2,1,1,1,0,2,0,0,1,1,1,1,2
123,4655.275,-5795.241,392.153,40.756,0.757986,-0.651298,0.035597,0.652156,0.755702,-0.060058,0.012215,0.068738,0.997560,0,0.74111,-0.21179,44.467,-0.424,-1,375.000,700.000,375.000,-1,300.000,300.000,225.000,300.000,-1,400.000,375.000,975.000,525.000,550.000,800.000,-1,2,1,1,1,2,1,1,1,0,2,0,0,1,1,1,1,2
124,4688.870,-5766.478,391.815,40.573,0.760056,-0.648990,0.033557,0.649739,0.757921,-0.058263,0.012378,0.066087,0.997737,0,0.73709,-0.09179,44.225,-0.184,-1,350.000,650.000,350.000,-1,300.000,300.000,200.000,300.000,-1,400.000,400.000,1000.000,500.000,500.000,725.000,-1,2,1,1,1,2,1,1,1,0,2,0,0,1,1,1,1,2
125,4722.256,-5737.836,391.375,40.629,0.759377,-0.649862,0.032018,0.650541,0.757429,-0.055658,0.011919,0.063094,0.997936,0,0.73314,0.02821,43.989,0.056,-1,325.000,625.000,325.000,-1,275.000,275.000,200.000,300.000,-1,425.000,425.000,-1,450.000,475.000,650.000,800.000,2,1,1,1,2,1,1,1,0,2,0,0,2,1,1,1,1
126,4755.322,-5709.172,390.789,40.926,0.755951,-0.653914,0.030572,0.654534,0.754221,-0.052312,0.011150,0.059556,0.998163,0,0.72935,0.14821,43.761,0.296,-1,300.000,575.000,300.000,-1,250.000,250.000,200.000,300.000,-1,450.000,475.000,-1,425.000,450.000,575.000,675.000,2,1,1,1,2,1,1,1,0,2,0,0,2,1,1,1,1
127,4787.957,-5680.341,390.088,41.462,0.749731,-0.661099,0.029179,0.661665,0.748238,-0.048365,0.010141,0.055568,0.998403,0,0.72577,0.26821,43.546,0.536,-1,275.000,525.000,275.000,-1,250.000,250.000,175.000,300.000,-1,500.000,525.000,-1,400.000,400.000,525.000,550.000,2,1,1,1,2,1,1,1,0,2,0,0,2,1,1,1,1
128,4824.024,-5648.147,389.004,41.758,0.746193,-0.665163,0.027467,0.665685,0.745033,-0.042286,0.007663,0.049838,0.998728,0,0.80577,0.14821,48.346,0.296,875.000,250.000,450.000,250.000,-1,225.000,225.000,175.000,300.000,-1,550.000,600.000,-1,350.000,350.000,425.000,450.000,1,1,1,1,2,1,1,1,0,2,0,0,2,1,1,1,1
129,4863.601,-5612.676,388.088,41.872,0.744797,-0.666798,0.025650,0.667268,0.743898,-0.036991,0.005585,0.044667,0.998986,0,0.88577,0.05667,53.146,0.113,650.000,225.000,400.000,225.000,-1,200.000,200.000,175.000,300.000,-1,625.000,700.000,-1,300.000,300.000,350.000,375.000,1,1,1,1,2,1,1,1,0,2,0,0,2,1,1,1,1
130,4903.480,-5576.783,392.974,41.985,0.743818,-0.668215,0.014936,0.668025,0.742507,-0.049256,0.021823,0.046615,0.998675,0,0.89421,0.05689,53.653,0.114,725.000,225.000,375.000,225.000,-1,175.000,200.000,175.000,300.000,-1,350.000,400.000,-1,300.000,300.000,350.000,350.000,1,1,1,1,2,1,1,1,0,2,0,0,2,1,1,1,1
131,4943.054,-5541.019,399.811,42.099,0.742768,-0.669519,0.006377,0.668469,0.740994,-0.063858,0.038029,0.051695,0.997939,0,0.88898,0.05684,53.339,0.114,-1,225.000,375.000,225.000,-1,175.000,175.000,200.000,325.000,-1,275.000,300.000,-1,275.000,300.000,350.000,375.000,2,1,1,1,2,1,1,1,0,2,0,0,2,1,1,1,1
