timestep,x_cm,y_cm,z_cm,yaw_deg,basis_xx,basis_xy,basis_xz,basis_yx,basis_yy,basis_yz,basis_zx,basis_zy,basis_zz,teleport_flag,throttle_cmd,steering_cmd,cmd_move_cm,cmd_turn_deg,lidar_cm_0,lidar_cm_1,lidar_cm_2,lidar_cm_3,lidar_cm_4,lidar_cm_5,lidar_cm_6,lidar_cm_7,lidar_cm_8,lidar_cm_9,lidar_cm_10,lidar_cm_11,lidar_cm_12,lidar_cm_13,lidar_cm_14,lidar_cm_15,lidar_cm_16,lidar_class_0,lidar_class_1,lidar_class_2,lidar_class_3,lidar_class_4,lidar_class_5,lidar_class_6,lidar_class_7,lidar_class_8,lidar_class_9,lidar_class_10,lidar_class_11,lidar_class_12,lidar_class_13,lidar_class_14,lidar_class_15,lidar_class_16
0,-2292.238,7546.483,-134.044,42.732,0.734197,-0.678448,0.025731,0.676936,0.734415,0.048912,-0.052081,-0.018493,0.998472,1,0.08000,0.08238,4.800,0.165,1000.000,350.000,-1,375.000,-1,300.000,300.000,300.000,375.000,-1,0.000,0.000,575.000,600.000,675.000,975.000,-1,0,0,2,0,2,0,0,0,0,2,1,1,1,0,0,0,2
1,-2285.205,7553.017,-135.521,42.900,0.732255,-0.680623,0.023554,0.679318,0.732428,0.045573,-0.048270,-0.017370,0.998683,0,0.16000,0.08441,9.600,0.169,-1,350.000,-1,375.000,-1,300.000,300.000,300.000,375.000,-1,0.000,0.000,575.000,600.000,675.000,-1,-1,2,0,2,0,2,0,0,0,0,2,1,1,1,0,0,2,2
2,-2274.687,7562.851,-137.668,43.077,0.730235,-0.682897,0.020222,0.681859,0.730337,0.040941,-0.042727,-0.016109,0.998957,0,0.24000,0.08848,14.400,0.177,-1,350.000,-1,375.000,-1,300.000,300.000,300.000,350.000,-1,0.000,0.000,575.000,625.000,700.000,-1,-1,2,0,2,0,2,0,0,0,0,2,1,1,1,0,0,2,2
3,-2260.705,7576.010,-139.650,43.267,0.727950,-0.685346,0.019731,0.684571,0.728123,0.034636,-0.038104,-0.011705,0.999205,0,0.32000,0.09459,19.200,0.189,-1,375.000,-1,375.000,-1,300.000,300.000,300.000,350.000,-1,0.000,0.000,575.000,650.000,700.000,-1,-1,2,0,2,0,2,0,0,0,0,2,1,1,1,0,0,2,2
4,-2244.250,7591.608,-141.703,43.472,0.725450,-0.687986,0.019938,0.687460,0.725696,0.027630,-0.033478,-0.006338,0.999419,0,0.37790,0.10273,22.674,0.205,-1,375.000,-1,375.000,-1,300.000,300.000,300.000,325.000,-1,0.000,0.000,600.000,650.000,700.000,-1,-1,2,0,2,0,2,0,0,0,0,2,1,1,1,0,0,2,2
5,-2227.560,7607.555,-143.257,43.697,0.722734,-0.690838,0.019959,0.690463,0.723004,0.022942,-0.030280,-0.002800,0.999538,0,0.38473,0.11235,23.084,0.225,-1,375.000,-1,375.000,-1,300.000,300.000,325.000,325.000,-1,0.000,0.000,600.000,675.000,700.000,-1,-1,2,0,2,0,2,0,0,0,0,2,1,1,1,0,0,2,2
6,-2210.638,7623.863,-143.955,43.941,0.719790,-0.693915,0.019617,0.693563,0.720053,0.022237,-0.029556,-0.002401,0.999560,0,0.39168,0.12214,23.501,0.244,-1,375.000,-1,375.000,-1,300.000,300.000,325.000,325.000,-1,0.000,0.000,625.000,675.000,700.000,-1,-1,2,0,2,0,2,0,0,0,0,2,1,1,1,0,0,2,2
7,-2193.487,7640.545,-144.648,44.205,0.716591,-0.697228,0.019249,0.696899,0.716846,0.021534,-0.028813,-0.002016,0.999583,0,0.39877,0.13211,23.926,0.264,-1,375.000,-1,375.000,-1,300.000,300.000,325.000,325.000,-1,0.000,0.000,650.000,675.000,700.000,-1,-1,2,0,2,0,2,0,0,0,0,2,1,1,1,0,0,2,2
8,-2176.109,7657.616,-145.334,44.490,0.713128,-0.700780,0.018856,0.700472,0.713376,0.020830,-0.028049,-0.001646,0.999605,0,0.40600,0.14226,24.360,0.285,-1,375.000,-1,375.000,-1,300.000,300.000,325.000,325.000,-1,25.000,25.000,675.000,675.000,700.000,-1,-1,2,0,2,0,2,0,0,0,0,2,1,1,1,0,0,2,2
9,-2158.508,7675.091,-146.013,44.795,0.709395,-0.704570,0.018437,0.704284,0.709633,0.020129,-0.027266,-0.001295,0.999627,0,0.41337,0.15259,24.802,0.305,-1,375.000,-1,375.000,-1,300.000,300.000,325.000,325.000,-1,50.000,50.000,700.000,675.000,700.000,-1,-1,2,0,2,0,2,0,0,0,0,2,1,1,1,0,0,2,2
10,-2140.690,7692.985,-146.684,45.121,0.705382,-0.708599,0.017989,0.708334,0.705610,0.019430,-0.026461,-0.000963,0.999649,0,0.42088,0.16311,25.253,0.326,-1,375.000,-1,375.000,-1,300.000,300.000,325.000,325.000,-1,75.000,75.000,725.000,675.000,700.000,-1,-1,2,0,2,0,2,0,0,0,0,2,1,1,1,0,0,2,2
11,-2122.728,7711.383,-147.349,45.687,0.698355,-0.715538,0.017500,0.715293,0.698574,0.018733,-0.025629,-0.000565,0.999671,0,0.42854,0.28311,25.712,0.566,-1,375.000,-1,375.000,-1,300.000,300.000,325.000,325.000,-1,100.000,100.000,775.000,675.000,700.000,-1,-1,2,0,2,0,2,0,0,0,0,2,1,1,1,0,0,2,2
12,-2104.703,7730.372,-148.005,46.494,0.688227,-0.725297,0.016969,0.725072,0.688436,0.018044,-0.024769,-0.000114,0.999693,0,0.43636,0.40311,26.182,0.806,-1,375.000,-1,375.000,-1,300.000,300.000,325.000,325.000,-1,125.000,125.000,800.000,675.000,700.000,-1,-1,2,0,2,0,2,0,0,0,0,2,1,1,1,0,0,2,2
13,-2086.704,7750.042,-148.653,47.540,0.674879,-0.737746,0.016397,0.737542,0.675078,0.017368,-0.023882,0.000372,0.999715,0,0.44438,0.52311,26.663,1.046,-1,375.000,-1,375.000,-1,300.000,300.000,325.000,325.000,-1,125.000,150.000,850.000,675.000,700.000,-1,-1,2,0,2,0,2,0,0,0,0,2,1,1,1,0,0,2,2
14,-2068.825,7770.484,-149.290,48.826,0.658159,-0.752713,0.015780,0.752528,0.658348,0.016711,-0.022967,0.000877,0.999736,0,0.45263,0.64311,27.158,1.286,-1,375.000,-1,375.000,-1,300.000,300.000,325.000,325.000,-1,150.000,175.000,900.000,675.000,700.000,-1,-1,2,0,2,0,2,0,0,0,0,2,1,1,1,0,0,2,2
15,-2051.169,7791.790,-149.849,50.352,0.637887,-0.769980,0.015188,0.769821,0.638065,0.015742,-0.021812,0.001651,0.999761,0,0.46117,0.76311,27.670,1.526,-1,375.000,-1,375.000,-1,300.000,300.000,325.000,325.000,-1,175.000,200.000,1000.000,675.000,675.000,-1,-1,2,0,2,0,2,0,0,0,0,2,1,1,1,0,0,2,2
16,-2033.852,7814.050,-150.366,52.118,0.613861,-0.789279,0.014603,0.789147,0.614029,0.014661,-0.020538,0.002525,0.999786,0,0.47005,0.88311,28.203,1.766,-1,375.000,-1,375.000,-1,300.000,300.000,325.000,325.000,-1,200.000,250.000,-1,675.000,675.000,-1,-1,2,0,2,0,2,0,0,0,0,2,1,1,2,0,0,2,2
17,-2016.996,7837.351,-150.901,54.118,0.585947,-0.810225,0.014169,0.810118,0.586108,0.013624,-0.019343,0.003495,0.999807,0,0.47930,1.00000,28.758,2.000,-1,375.000,-1,375.000,-1,300.000,300.000,325.000,325.000,-1,225.000,275.000,-1,675.000,675.000,-1,-1,2,0,2,0,2,0,0,0,0,2,1,1,2,0,0,2,2
18,-2000.632,7861.702,-151.412,56.099,0.557608,-0.829991,0.013706,0.829906,0.557760,0.012639,-0.018135,0.004327,0.999826,0,0.48897,0.99009,29.338,1.980,-1,375.000,-1,375.000,-1,300.000,300.000,325.000,325.000,-1,250.000,325.000,-1,675.000,675.000,-1,-1,2,0,2,0,2,0,0,0,0,2,1,1,2,0,0,2,2
19,-1984.794,7887.102,-151.895,58.054,0.528967,-0.848539,0.013196,0.848474,0.529108,0.011702,-0.016912,0.005006,0.999844,0,0.49890,0.97785,29.934,1.956,-1,375.000,-1,375.000,-1,300.000,300.000,325.000,325.000,-1,275.000,375.000,-1,700.000,675.000,-1,-1,2,0,2,0,2,0,0,0,0,2,1,1,2,0,0,2,2
20,-1969.516,7913.548,-152.349,59.985,0.500087,-0.865883,0.012634,0.865833,0.500216,0.010812,-0.015682,0.005532,0.999862,0,0.50903,0.96544,30.542,1.931,-1,375.000,-1,375.000,-1,300.000,300.000,325.000,325.000,-1,300.000,450.000,-1,700.000,650.000,-1,-1,2,0,2,0,2,0,0,0,0,2,1,1,2,0,0,2,2
21,-1954.835,7941.032,-152.774,61.891,0.471027,-0.882037,0.012020,0.882000,0.471144,0.009966,-0.014454,0.005907,0.999878,0,0.51932,0.95286,31.159,1.906,-1,375.000,-1,375.000,-1,300.000,300.000,325.000,325.000,-1,325.000,525.000,-1,700.000,650.000,-1,-1,2,0,2,0,2,0,0,0,0,2,1,1,2,0,0,2,2
22,-1940.789,7969.543,-153.198,63.771,0.441846,-0.897019,0.011406,0.896995,0.441949,0.009044,-0.013154,0.006235,0.999894,0,0.52973,0.94012,31.784,1.880,-1,375.000,-1,375.000,-1,300.000,300.000,325.000,325.000,-1,375.000,550.000,-1,700.000,650.000,-1,-1,2,0,2,0,2,0,0,0,0,2,1,0,2,0,0,2,2
23,-1927.412,7999.067,-153.597,65.626,0.412599,-0.910849,0.010754,0.910836,0.412689,0.008144,-0.011856,0.006435,0.999909,0,0.54021,0.92722,32.412,1.854,-1,375.000,-1,375.000,-1,300.000,300.000,325.000,325.000,-1,425.000,575.000,-1,700.000,650.000,-1,-1,2,0,2,0,2,0,0,0,0,2,1,0,2,0,0,2,2
24,-1914.742,8029.585,-153.892,67.454,0.383345,-0.923554,0.009747,0.923547,0.383418,0.007170,-0.010359,0.006253,0.999927,0,0.55073,0.91418,33.044,1.828,-1,375.000,-1,375.000,-1,300.000,300.000,325.000,325.000,-1,475.000,575.000,-1,700.000,650.000,-1,-1,2,0,2,0,2,0,0,0,0,2,0,0,2,0,0,2,2
25,-1902.815,8061.077,-154.144,69.256,0.354131,-0.935156,0.008698,0.935154,0.354187,0.006189,-0.008869,0.005942,0.999943,0,0.56126,0.90100,33.675,1.802,-1,375.000,-1,375.000,-1,300.000,300.000,325.000,325.000,-1,500.000,600.000,-1,725.000,650.000,-1,-1,2,0,2,0,2,0,0,0,0,2,0,0,2,0,0,2,2
26,-1891.664,8093.520,-154.368,71.031,0.325003,-0.945682,0.007638,0.945684,0.325046,0.005209,-0.007409,0.005531,0.999957,0,0.57177,0.88769,34.306,1.775,-1,375.000,-1,375.000,-1,300.000,300.000,325.000,325.000,-1,500.000,625.000,-1,725.000,650.000,-1,-1,2,0,2,0,2,0,0,0,0,2,0,0,2,0,0,2,2
27,-1881.321,8126.889,-154.566,72.780,0.296010,-0.955162,0.006575,0.955166,0.296041,0.004230,-0.005987,0.005028,0.999969,0,0.58224,0.87425,34.934,1.748,-1,375.000,-1,375.000,-1,325.000,300.000,325.000,325.000,-1,500.000,650.000,-1,725.000,650.000,-1,-1,2,0,2,0,2,0,0,0,0,2,0,0,2,0,0,2,2
28,-1870.561,8165.138,-154.758,74.288,0.270775,-0.962628,0.005370,0.962632,0.270794,0.003132,-0.004469,0.004322,0.999981,0,0.66224,0.75425,39.734,1.508,-1,375.000,-1,375.000,-1,325.000,300.000,325.000,325.000,-1,500.000,650.000,-1,725.000,650.000,-1,-1,2,0,2,0,2,0,0,0,0,2,0,0,2,0,0,2,2
29,-1859.457,8208.266,-154.936,75.561,0.249342,-0.968407,0.004016,0.968411,0.249351,0.001918,-0.002858,0.003411,0.999990,0,0.74224,0.63625,44.534,1.272,-1,400.000,-1,375.000,-1,325.000,325.000,325.000,325.000,-1,500.000,650.000,-1,750.000,675.000,-1,-1,2,0,2,0,2,0,0,0,0,2,0,0,2,0,0,2,2
30,-1849.044,8252.658,-155.081,76.799,0.228361,-0.973573,0.002642,0.973576,0.228364,0.000699,-0.001284,0.002413,0.999996,0,0.75994,0.61919,45.597,1.238,-1,400.000,-1,375.000,-1,325.000,325.000,300.000,325.000,-1,500.000,675.000,-1,750.000,675.000,-1,-1,2,0,2,0,2,0,0,0,0,2,0,0,2,0,0,2,2
31,-1839.419,8297.952,-155.196,78.003,0.207864,-0.978157,0.001264,0.978158,0.207863,-0.000514,0.000240,0.001343,0.999999,0,0.77176,0.60181,46.306,1.204,-1,400.000,-1,375.000,-1,325.000,325.000,300.000,325.000,-1,500.000,675.000,-1,750.000,675.000,-1,-1,2,0,2,0,2,0,0,0,0,2,0,0,2,0,0,2,2
32,-1830.586,8344.129,-155.282,79.171,0.187873,-0.982193,-0.000114,0.982192,0.187873,-0.001721,0.001712,0.000211,0.999999,0,0.78357,0.58424,47.014,1.168,-1,400.000,-1,375.000,-1,325.000,325.000,300.000,325.000,-1,500.000,650.000,-1,750.000,675.000,-1,-1,2,0,2,0,2,0,0,0,0,2,0,0,2,0,0,2,2
33,-1822.549,8391.169,-155.356,80.304,0.168412,-0.985716,-0.001447,0.985712,0.168416,-0.002967,0.003168,-0.000926,0.999995,0,0.79537,0.56649,47.722,1.133,-1,400.000,-1,375.000,-1,325.000,325.000,300.000,300.000,-1,500.000,650.000,-1,775.000,675.000,-1,-1,2,0,2,0,2,0,0,0,0,2,0,0,2,0,0,2,2
34,-1815.308,8439.055,-155.429,81.401,0.149501,-0.988758,-0.002701,0.988751,0.149512,-0.004278,0.004634,-0.002031,0.999987,0,0.80716,0.54853,48.430,1.097,-1,400.000,-1,375.000,-1,325.000,325.000,300.000,300.000,-1,475.000,625.000,-1,775.000,675.000,-1,1000.000,2,0,2,0,2,0,0,0,0,2,0,0,2,0,0,2,1
35,-1808.227,8491.778,-155.419,82.350,0.133094,-0.991096,-0.003882,0.991085,0.133114,-0.005509,0.005977,-0.003114,0.999977,0,0.88661,0.47453,53.197,0.949,-1,400.000,-1,375.000,-1,325.000,325.000,300.000,300.000,-1,475.000,625.000,-1,775.000,675.000,-1,950.000,2,0,2,0,2,0,0,0,0,2,0,0,2,0,0,2,1
36,-1801.899,8545.395,-155.202,83.269,0.117189,-0.993100,-0.004288,0.993087,0.117214,-0.006246,0.006706,-0.003526,0.999971,0,0.89981,0.45910,53.989,0.918,-1,400.000,-1,375.000,975.000,325.000,325.000,300.000,300.000,-1,500.000,650.000,-1,775.000,675.000,-1,900.000,2,0,2,0,1,0,0,0,0,2,0,0,2,0,0,2,1
37,-1797.121,8594.351,-154.865,84.427,0.097084,-0.995263,-0.005099,0.995251,0.097116,-0.006589,0.007053,-0.004435,0.999965,0,0.81981,0.57910,49.189,1.158,-1,400.000,-1,375.000,900.000,325.000,325.000,300.000,300.000,-1,550.000,700.000,-1,800.000,675.000,-1,850.000,2,0,2,0,1,0,0,0,0,2,0,0,2,0,0,2,1
38,-1793.837,8638.618,-154.553,85.756,0.073956,-0.997244,-0.005848,0.997235,0.073996,-0.006859,0.007273,-0.005324,0.999959,0,0.73981,0.66480,44.389,1.330,-1,400.000,-1,375.000,850.000,325.000,325.000,300.000,300.000,-1,600.000,775.000,-1,800.000,675.000,-1,825.000,2,0,2,0,1,0,0,0,0,2,0,0,2,0,1,2,1
39,-1791.805,8678.154,-154.278,87.057,0.051288,-0.998663,-0.006495,0.998657,0.051333,-0.007035,0.007359,-0.006126,0.999954,0,0.65981,0.65054,39.589,1.301,-1,400.000,-1,375.000,800.000,325.000,325.000,300.000,300.000,-1,650.000,850.000,-1,800.000,650.000,-1,775.000,2,0,2,0,1,0,0,0,0,2,0,0,2,0,1,2,1
40,-1790.792,8712.928,-154.046,88.332,0.029051,-0.999553,-0.007036,0.999551,0.029102,-0.007129,0.007331,-0.006826,0.999950,0,0.57981,0.63742,34.789,1.275,-1,400.000,-1,375.000,750.000,325.000,325.000,300.000,300.000,-1,700.000,950.000,-1,800.000,650.000,-1,750.000,2,0,2,0,1,0,0,0,0,2,0,0,2,0,1,2,1
41,-1790.574,8742.916,-153.857,89.583,0.007218,-0.999946,-0.007468,0.999948,0.007272,-0.007154,0.007208,-0.007416,0.999947,0,0.49981,0.62551,29.989,1.251,-1,400.000,-1,375.000,725.000,325.000,325.000,300.000,300.000,-1,750.000,-1,-1,825.000,650.000,-1,725.000,2,0,2,0,1,0,0,0,0,2,0,2,2,0,1,2,1
42,-1790.932,8768.102,-153.713,90.813,-0.014246,-0.999868,-0.007792,0.999874,-0.014190,-0.007119,0.007007,-0.007893,0.999944,0,0.41981,0.61488,25.189,1.230,-1,400.000,-1,400.000,675.000,325.000,325.000,300.000,300.000,-1,825.000,-1,-1,825.000,650.000,-1,725.000,2,0,2,0,1,0,0,0,0,2,0,2,2,0,1,2,1
43,-1791.654,8788.478,-153.612,92.030,-0.035471,-0.999339,-0.008013,0.999348,-0.035415,-0.007035,0.006747,-0.008257,0.999943,0,0.33981,0.60825,20.389,1.217,-1,400.000,-1,400.000,675.000,325.000,325.000,300.000,300.000,-1,875.000,-1,-1,825.000,650.000,-1,725.000,2,0,2,0,1,0,0,0,0,2,0,2,2,0,1,2,1
44,-1792.535,8804.042,-153.551,93.239,-0.056558,-0.998366,-0.008135,0.998379,-0.056503,-0.006912,0.006441,-0.008513,0.999943,0,0.25981,0.60479,15.589,1.210,-1,400.000,-1,400.000,650.000,325.000,325.000,300.000,300.000,-1,975.000,-1,-1,825.000,650.000,-1,725.000,2,0,2,0,1,0,0,0,0,2,0,2,2,0,1,2,1
45,-1793.370,8814.798,-153.528,94.443,-0.077510,-0.996958,-0.008167,0.996973,-0.077456,-0.006760,0.006107,-0.008666,0.999944,0,0.17981,0.60166,10.789,1.203,-1,400.000,-1,400.000,650.000,325.000,325.000,300.000,300.000,-1,-1,-1,-1,825.000,675.000,-1,725.000,2,0,2,0,1,0,0,0,0,2,2,2,2,0,1,2,1
46,-1793.959,8820.758,-153.539,95.640,-0.098332,-0.995121,-0.008115,0.995137,-0.098280,-0.006591,0.005761,-0.008723,0.999945,0,0.09981,0.59891,5.989,1.198,-1,400.000,-1,400.000,625.000,325.000,325.000,300.000,300.000,-1,-1,-1,-1,825.000,675.000,-1,750.000,2,0,2,0,1,0,0,0,0,2,2,2,2,0,1,2,1
47,-1794.101,8821.938,-153.579,96.834,-0.119030,-0.992858,-0.007988,0.992876,-0.118981,-0.006415,0.005418,-0.008695,0.999948,0,0.01981,0.59659,1.189,1.193,-1,400.000,-1,400.000,625.000,325.000,325.000,300.000,300.000,-1,-1,-1,-1,825.000,700.000,-1,775.000,2,0,2,0,1,0,0,0,0,2,2,2,2,0,1,2,1
48,-1793.649,8818.735,-153.644,98.023,-0.139613,-0.990175,-0.007799,0.990193,-0.139566,-0.006243,0.005093,-0.008594,0.999950,0,-0.05391,0.59474,-3.235,1.189,-1,400.000,-1,400.000,650.000,325.000,325.000,300.000,275.000,-1,-1,-1,-1,825.000,725.000,-1,825.000,2,0,2,0,1,0,0,0,0,2,2,2,2,0,1,2,1
49,-1793.893,8820.281,-153.674,98.973,-0.155999,-0.987727,-0.007715,0.987745,-0.155955,-0.006081,0.004803,-0.008569,0.999952,0,0.02609,0.47474,1.565,0.949,-1,400.000,-1,400.000,650.000,325.000,325.000,300.000,275.000,-1,-1,-1,-1,825.000,750.000,-1,850.000,2,0,2,0,1,0,0,0,0,2,2,2,2,0,1,2,1
50,-1794.964,8826.555,-153.673,99.682,-0.168216,-0.985720,-0.007729,0.985740,-0.168173,-0.005927,0.004543,-0.008616,0.999953,0,0.10609,0.35474,6.365,0.709,-1,400.000,-1,400.000,650.000,325.000,325.000,300.000,275.000,-1,-1,-1,-1,825.000,750.000,-1,900.000,2,0,2,0,1,0,0,0,0,2,2,2,2,0,0,2,1
51,-1796.932,8837.546,-153.642,100.151,-0.176287,-0.984308,-0.007834,0.984329,-0.176244,-0.005781,0.004309,-0.008731,0.999953,0,0.18609,0.23474,11.165,0.469,-1,400.000,-1,400.000,625.000,325.000,325.000,300.000,275.000,-1,-1,-1,-1,825.000,750.000,-1,925.000,2,0,2,0,1,0,0,0,0,2,2,2,2,0,0,2,1
52,-1799.808,8853.249,-153.584,100.381,-0.180227,-0.983592,-0.008024,0.983617,-0.180185,-0.005643,0.004105,-0.008910,0.999952,0,0.26609,0.11474,15.965,0.229,-1,400.000,-1,400.000,625.000,325.000,325.000,300.000,275.000,-1,-1,-1,-1,825.000,750.000,-1,925.000,2,0,2,0,1,0,0,0,0,2,2,2,2,0,0,2,1
53,-1803.546,8873.675,-153.500,100.370,-0.180046,-0.983623,-0.008294,0.983650,-0.180004,-0.005519,0.003936,-0.009152,0.999950,0,0.34609,-0.00526,20.765,-0.011,-1,400.000,-1,400.000,625.000,325.000,325.000,300.000,275.000,-1,-1,-1,-1,825.000,750.000,-1,925.000,2,0,2,0,1,0,0,0,0,2,2,2,2,0,0,2,1
54,-1808.038,8898.843,-153.391,100.120,-0.175743,-0.984398,-0.008639,0.984429,-0.175701,-0.005415,0.003812,-0.009456,0.999948,0,0.42609,-0.12526,25.565,-0.251,-1,400.000,-1,400.000,600.000,325.000,325.000,300.000,275.000,-1,-1,-1,-1,825.000,750.000,-1,900.000,2,0,2,0,1,0,0,0,0,2,2,2,2,0,0,2,1
55,-1813.118,8928.780,-153.257,99.629,-0.167310,-0.985863,-0.009057,0.985897,-0.167267,-0.005340,0.003750,-0.009822,0.999945,0,0.50609,-0.24526,30.365,-0.491,-1,400.000,-1,400.000,575.000,325.000,325.000,300.000,275.000,-1,-1,-1,-1,825.000,750.000,-1,875.000,2,0,2,0,1,0,0,0,0,2,2,2,2,0,0,2,1
56,-1818.558,8963.522,-153.097,98.899,-0.154728,-0.987911,-0.009549,0.987950,-0.154683,-0.005310,0.003769,-0.010256,0.999940,0,0.58609,-0.36526,35.165,-0.731,-1,400.000,-1,400.000,550.000,325.000,325.000,300.000,275.000,-1,-1,-1,-1,850.000,750.000,-1,825.000,2,0,2,0,1,0,0,0,0,2,2,2,2,0,0,2,1
57,-1824.070,9003.105,-152.907,97.928,-0.137975,-0.990384,-0.010122,0.990428,-0.137927,-0.005341,0.003894,-0.010763,0.999935,0,0.66609,-0.48526,39.965,-0.971,-1,400.000,-1,400.000,525.000,325.000,325.000,300.000,275.000,-1,-1,-1,-1,850.000,750.000,-1,775.000,2,0,2,0,1,0,0,0,0,2,2,2,2,0,0,2,1
58,-1828.910,9044.189,-152.694,96.718,-0.117026,-0.993071,-0.010748,0.993120,-0.116973,-0.005465,0.004170,-0.011314,0.999927,0,0.68947,-0.60526,41.368,-1.211,-1,400.000,-1,400.000,500.000,325.000,325.000,300.000,275.000,-1,-1,-1,-1,850.000,725.000,-1,700.000,2,0,2,0,1,0,0,0,0,2,2,2,2,0,1,2,1
59,-1832.724,9085.559,-152.456,95.267,-0.091857,-0.995707,-0.011432,0.995761,-0.091796,-0.005699,0.004625,-0.011907,0.999918,0,0.69242,-0.72526,41.545,-1.451,-1,400.000,-1,400.000,475.000,325.000,325.000,300.000,275.000,-1,-1,-1,-1,850.000,700.000,-1,625.000,2,0,2,0,1,0,0,0,0,2,2,2,2,0,1,2,1
60,-1835.328,9127.219,-152.185,93.577,-0.062452,-0.997973,-0.012194,0.998034,-0.062382,-0.006050,0.005277,-0.012548,0.999907,0,0.69569,-0.84526,41.741,-1.691,-1,400.000,-1,400.000,425.000,325.000,325.000,300.000,275.000,-1,-1,-1,-1,825.000,650.000,-1,575.000,2,0,2,0,1,0,0,0,0,2,2,2,2,1,1,2,1
61,-1836.533,9169.161,-151.872,91.646,-0.028810,-0.999499,-0.013067,0.999566,-0.028727,-0.006518,0.006139,-0.013249,0.999893,0,0.69931,-0.96526,41.959,-1.931,-1,400.000,-1,400.000,400.000,325.000,325.000,300.000,275.000,-1,-1,-1,-1,775.000,625.000,950.000,500.000,2,0,2,0,1,0,0,0,0,2,2,2,2,1,1,1,1
62,-1836.273,9211.360,-151.372,89.646,0.006061,-0.999867,-0.015151,0.999954,0.006173,-0.007297,0.007389,-0.015106,0.999859,0,0.70334,-1.00000,42.200,-2.000,-1,425.000,-1,400.000,375.000,325.000,325.000,300.000,275.000,-1,-1,-1,-1,725.000,575.000,875.000,450.000,2,0,2,1,1,0,0,0,0,2,2,2,2,1,1,1,1
63,-1834.530,9253.777,-150.686,87.646,0.040901,-0.998994,-0.018399,0.999121,0.041062,-0.008426,0.009173,-0.018038,0.999795,0,0.70755,-1.00000,42.453,-2.000,1000.000,425.000,-1,375.000,350.000,325.000,325.000,300.000,300.000,-1,1000.000,-1,-1,700.000,550.000,800.000,400.000,1,0,2,1,1,0,0,0,0,2,0,2,2,1,1,1,1
64,-1831.288,9296.365,-149.784,85.646,0.075658,-0.996881,-0.022440,0.997066,0.075896,-0.009921,0.011593,-0.021624,0.999699,0,0.71184,-1.00000,42.711,-2.000,875.000,425.000,-1,375.000,325.000,325.000,325.000,300.000,300.000,-1,900.000,-1,-1,675.000,525.000,750.000,375.000,1,0,2,1,1,0,0,0,0,2,0,2,2,1,1,1,1
65,-1826.534,9339.075,-148.640,83.646,0.110275,-0.993524,-0.027394,0.993792,0.110629,-0.011751,0.014706,-0.025928,0.999556,0,0.71622,-1.00000,42.973,-2.000,775.000,425.000,-1,350.000,300.000,350.000,350.000,300.000,300.000,-1,800.000,950.000,-1,650.000,500.000,725.000,350.000,1,0,2,1,1,0,0,0,0,2,0,0,2,1,1,1,1
66,-1820.253,9381.857,-147.230,81.646,0.144689,-0.988914,-0.033377,0.989303,0.145214,-0.013871,0.018564,-0.031013,0.999347,0,0.72068,-1.00000,43.241,-2.000,675.000,425.000,-1,350.000,275.000,350.000,350.000,300.000,300.000,-1,600.000,850.000,-1,625.000,450.000,675.000,325.000,1,0,2,1,1,0,0,0,0,2,0,0,2,1,1,1,1
67,-1812.434,9424.662,-145.531,79.646,0.178832,-0.983046,-0.040502,0.983606,0.179602,-0.016219,0.023218,-0.036938,0.999048,0,0.72521,-1.00000,43.513,-2.000,625.000,450.000,-1,325.000,250.000,350.000,350.000,300.000,325.000,-1,450.000,675.000,-1,625.000,425.000,650.000,300.000,1,1,2,1,1,0,1,0,0,2,0,0,2,1,1,1,1
68,-1802.298,9471.900,-143.343,77.886,0.208503,-0.976766,-0.049537,0.977592,0.209645,-0.019039,0.028982,-0.044458,0.998591,0,0.80521,-0.88000,48.313,-1.760,575.000,425.000,-1,325.000,250.000,375.000,325.000,300.000,325.000,-1,325.000,550.000,-1,625.000,425.000,600.000,275.000,1,1,2,1,1,0,1,0,0,2,0,0,2,1,1,1,1
69,-1789.782,9523.519,-140.569,76.366,0.233667,-0.970410,-0.060862,0.971647,0.235371,-0.022424,0.036086,-0.053897,0.997894,0,0.88521,-0.76000,53.113,-1.520,525.000,425.000,-1,300.000,225.000,375.000,325.000,275.000,350.000,975.000,250.000,450.000,-1,625.000,400.000,575.000,250.000,1,1,2,1,1,1,1,0,0,0,0,0,2,1,1,1,1
70,-1774.883,9579.483,-137.103,75.086,0.254260,-0.964232,-0.074886,0.966099,0.256809,-0.026484,0.044768,-0.065614,0.996840,0,0.96521,-0.64000,57.913,-1.280,475.000,425.000,-1,300.000,200.000,400.000,300.000,275.000,375.000,800.000,175.000,375.000,-1,650.000,375.000,550.000,225.000,1,1,2,1,1,1,1,0,0,0,0,0,2,1,1,1,1
71,-1758.400,9637.176,-133.023,74.046,0.270249,-0.958453,-0.091289,0.961228,0.273994,-0.031108,0.054828,-0.079343,0.995338,0,1.00000,-0.52000,60.000,-1.040,450.000,425.000,-1,275.000,200.000,425.000,300.000,275.000,425.000,675.000,125.000,325.000,-1,675.000,375.000,550.000,200.000,1,1,2,1,1,1,1,0,0,0,0,0,2,1,1,1,1
72,-1741.115,9694.635,-128.449,73.246,0.281617,-0.953249,-0.109582,0.957258,0.286963,-0.036194,0.065948,-0.094705,0.993319,0,1.00000,-0.40000,60.000,-0.800,400.000,450.000,-1,275.000,175.000,425.000,300.000,275.000,400.000,550.000,100.000,300.000,-1,725.000,400.000,525.000,200.000,1,1,2,1,1,1,1,0,1,0,0,0,2,1,1,1,1
73,-1723.273,9751.924,-123.434,72.686,0.288282,-0.948699,-0.129862,0.954350,0.295736,-0.041906,0.078161,-0.111853,0.990646,0,1.00000,-0.28000,60.000,-0.560,375.000,475.000,-1,275.000,175.000,425.000,300.000,250.000,400.000,450.000,75.000,250.000,-1,775.000,425.000,525.000,175.000,1,1,2,1,1,1,1,0,1,0,0,0,2,1,1,1,1
74,-1705.106,9809.112,-116.544,72.366,0.289941,-0.945579,-0.147697,0.952167,0.300568,-0.055104,0.096498,-0.124655,0.987496,0,1.00000,-0.16000,60.000,-0.320,375.000,550.000,-1,300.000,150.000,425.000,325.000,275.000,375.000,375.000,50.000,225.000,-1,775.000,475.000,625.000,175.000,1,1,2,1,1,1,1,0,1,0,0,0,2,1,1,1,1
75,-1686.857,9866.275,-108.504,72.286,0.286716,-0.943750,-0.164711,0.950751,0.301438,-0.072169,0.117760,-0.135907,0.983698,0,1.00000,-0.04000,60.000,-0.080,375.000,625.000,-1,350.000,150.000,475.000,375.000,275.000,325.000,325.000,50.000,200.000,-1,775.000,550.000,675.000,175.000,1,1,2,1,1,1,1,0,1,0,0,0,2,1,1,1,1
76,-3607.777,6231.236,-78.213,132.010,-0.655245,-0.733851,-0.179211,0.749612,-0.661001,-0.034051,-0.093470,-0.156650,0.983221,1,0.00000,0.00000,60.000,0.160,175.000,275.000,-1,400.000,-1,250.000,300.000,225.000,200.000,-1,-1,-1,275.000,425.000,750.000,200.000,-1,0,0,2,0,2,0,0,0,1,2,2,2,1,0,0,0,2
77,-8855.949,-2291.041,-253.880,100.286,-0.177971,-0.983503,0.032371,0.983853,-0.178476,-0.013398,0.018954,0.029464,0.999386,1,0.08000,-0.12000,4.800,-0.240,-1,400.000,-1,375.000,-1,325.000,325.000,300.000,300.000,-1,850.000,900.000,-1,750.000,750.000,-1,-1,2,0,2,0,2,0,0,0,0,2,0,0,2,0,0,2,2
78,-8857.584,-2281.581,-253.697,99.806,-0.169728,-0.984962,0.032284,0.985312,-0.170230,-0.013468,0.018761,0.029524,0.999388,0,0.16000,-0.24000,9.600,-0.480,-1,400.000,-1,375.000,-1,325.000,325.000,300.000,300.000,-1,850.000,925.000,-1,750.000,750.000,-1,-1,2,0,2,0,2,0,0,0,0,2,0,0,2,0,0,2,2
79,-8859.857,-2267.361,-253.429,99.086,-0.157341,-0.987021,0.032151,0.987372,-0.157839,-0.013576,0.018475,0.029609,0.999391,0,0.24000,-0.36000,14.400,-0.720,-1,400.000,-1,375.000,-1,325.000,325.000,300.000,300.000,-1,850.000,925.000,-1,750.000,750.000,-1,-1,2,0,2,0,2,0,0,0,0,2,0,0,2,0,0,2,2
80,-8862.647,-2248.365,-253.081,98.354,-0.144731,-0.988955,0.031964,0.989303,-0.145226,-0.013729,0.018219,0.029635,0.999395,0,0.32000,-0.36572,19.200,-0.731,-1,400.000,-1,375.000,-1,325.000,325.000,300.000,300.000,-1,850.000,925.000,-1,750.000,750.000,-1,-1,2,0,2,0,2,0,0,0,0,2,0,0,2,0,0,2,2
81,-8865.831,-2224.577,-252.659,97.623,-0.132111,-0.990727,0.031722,0.991071,-0.132603,-0.013928,0.018005,0.029599,0.999400,0,0.40000,-0.36533,24.000,-0.731,-1,400.000,-1,375.000,-1,325.000,325.000,300.000,300.000,-1,875.000,925.000,-1,750.000,750.000,-1,-1,2,0,2,0,2,0,0,0,0,2,0,0,2,0,0,2,2
82,-8869.287,-2195.985,-252.167,96.894,-0.119483,-0.992339,0.031421,0.992676,-0.119972,-0.014175,0.017836,0.029498,0.999406,0,0.48000,-0.36493,28.800,-0.730,-1,400.000,-1,375.000,-1,325.000,325.000,300.000,300.000,-1,875.000,925.000,-1,750.000,750.000,-1,-1,2,0,2,0,2,0,0,0,0,2,0,0,2,0,0,2,2
83,-8872.895,-2162.579,-251.609,96.164,-0.106848,-0.993790,0.031060,0.994118,-0.107335,-0.014470,0.017714,0.029331,0.999413,0,0.56000,-0.36458,33.600,-0.729,-1,400.000,-1,375.000,-1,325.000,325.000,300.000,300.000,-1,875.000,950.000,-1,750.000,750.000,-1,-1,2,0,2,0,2,0,0,0,0,2,0,0,2,0,0,2,2
84,-8876.533,-2124.352,-250.990,95.436,-0.094203,-0.995082,0.030634,0.995397,-0.094689,-0.014815,0.017643,0.029098,0.999421,0,0.64000,-0.36432,38.400,-0.729,-1,400.000,-1,375.000,-1,325.000,325.000,300.000,300.000,-1,900.000,950.000,-1,750.000,750.000,-1,-1,2,0,2,0,2,0,0,0,0,2,0,0,2,0,0,2,2
85,-8879.814,-2084.510,-250.363,94.707,-0.081547,-0.996212,0.030181,0.996514,-0.082032,-0.015180,0.017599,0.028838,0.999429,0,0.66627,-0.36421,39.976,-0.728,-1,400.000,-1,375.000,-1,325.000,325.000,300.000,300.000,-1,900.000,975.000,-1,750.000,750.000,-1,-1,2,0,2,0,2,0,0,0,0,2,0,0,2,0,0,2,2
86,-8882.583,-2044.694,-249.755,93.979,-0.068874,-0.997183,0.029718,0.997471,-0.069357,-0.015551,0.017568,0.028572,0.999437,0,0.66520,-0.36431,39.912,-0.729,-1,400.000,-1,400.000,-1,325.000,325.000,300.000,300.000,-1,925.000,975.000,-1,750.000,750.000,-1,-1,2,0,2,0,2,0,0,0,0,2,0,0,2,0,0,2,2
87,-8884.841,-2004.909,-249.165,93.249,-0.056178,-0.997992,0.029247,0.998266,-0.056660,-0.015926,0.017551,0.028302,0.999445,0,0.66415,-0.36463,39.849,-0.729,-1,400.000,-1,400.000,-1,325.000,325.000,300.000,300.000,-1,925.000,975.000,-1,750.000,750.000,-1,-1,2,0,2,0,2,0,0,0,0,2,0,0,2,0,0,2,2
88,-8886.590,-1965.159,-248.557,92.519,-0.043461,-0.998645,0.028635,0.998904,-0.043935,-0.016163,0.017400,0.027901,0.999459,0,0.66314,-0.36516,39.788,-0.730,-1,400.000,-1,400.000,-1,325.000,325.000,300.000,300.000,-1,925.000,1000.000,-1,750.000,750.000,-1,-1,2,0,2,0,2,0,0,0,0,2,0,0,2,0,0,2,2
89,-8887.829,-1925.448,-247.822,91.787,-0.030704,-0.999121,0.028540,0.999381,-0.031177,-0.016295,0.017171,0.028022,0.999460,0,0.66218,-0.36590,39.731,-0.732,-1,400.000,-1,400.000,-1,325.000,325.000,300.000,300.000,-1,950.000,-1,-1,725.000,750.000,-1,-1,2,0,2,0,2,0,0,0,0,2,0,2,2,0,0,2,2
90,-8888.559,-1885.776,-247.075,91.054,-0.017904,-0.999431,0.028569,0.999694,-0.018381,-0.016530,0.017045,0.028264,0.999455,0,0.66130,-0.36684,39.678,-0.734,-1,400.000,-1,400.000,-1,325.000,325.000,300.000,300.000,-1,975.000,-1,-1,725.000,750.000,-1,-1,2,0,2,0,2,0,0,0,0,2,0,2,2,0,0,2,2
91,-8888.779,-1846.146,-246.347,90.318,-0.005060,-0.999579,0.028584,0.999844,-0.005541,-0.016772,0.016923,0.028495,0.999451,0,0.66051,-0.36800,39.631,-0.736,-1,400.000,-1,400.000,-1,325.000,325.000,300.000,300.000,-1,1000.000,-1,-1,725.000,750.000,-1,-1,2,0,2,0,2,0,0,0,0,2,0,2,2,0,0,2,2
92,-8888.488,-1806.558,-245.638,89.579,0.007831,-0.999561,0.028586,0.999828,0.007346,-0.017019,0.016801,0.028714,0.999446,0,0.65982,-0.36935,39.589,-0.739,-1,400.000,-1,400.000,-1,325.000,325.000,300.000,300.000,-1,-1,-1,-1,725.000,750.000,-1,-1,2,0,2,0,2,0,0,0,0,2,2,2,2,0,0,2,2
93,-8887.685,-1767.010,-244.948,88.837,0.020774,-0.999376,0.028573,0.999645,0.020286,-0.017268,0.016677,0.028922,0.999443,0,0.65926,-0.37090,39.556,-0.742,-1,400.000,-1,400.000,-1,325.000,325.000,325.000,300.000,-1,-1,-1,-1,725.000,750.000,-1,-1,2,0,2,0,2,0,0,0,0,2,2,2,2,0,0,2,2
94,-8886.369,-1727.502,-244.278,88.092,0.033775,-0.999022,0.028545,0.999292,0.033284,-0.017516,0.016549,0.029117,0.999439,0,0.65884,-0.37266,39.530,-0.745,-1,400.000,-1,400.000,-1,325.000,325.000,325.000,300.000,-1,-1,-1,-1,725.000,750.000,-1,-1,2,0,2,0,2,0,0,0,0,2,2,2,2,0,0,2,2
95,-8884.537,-1688.030,-243.627,87.343,0.046838,-0.998496,0.028503,0.998768,0.046344,-0.017761,0.016414,0.029300,0.999436,0,0.65856,-0.37460,39.514,-0.749,-1,400.000,-1,400.000,-1,325.000,325.000,325.000,300.000,-1,-1,-1,-1,725.000,750.000,-1,-1,2,0,2,0,2,0,0,0,0,2,2,2,2,0,0,2,2
96,-8882.187,-1648.593,-242.996,86.589,0.059967,-0.997795,0.028445,0.998068,0.059470,-0.018000,0.016269,0.029470,0.999433,0,0.65845,-0.37674,39.507,-0.753,-1,400.000,-1,400.000,-1,325.000,325.000,325.000,300.000,-1,-1,-1,-1,725.000,750.000,-1,-1,2,0,2,0,2,0,0,0,0,2,2,2,2,0,0,2,2
97,-8879.314,-1609.187,-242.384,85.831,0.073165,-0.996916,0.028372,0.997190,0.072666,-0.018230,0.016112,0.029626,0.999431,0,0.65851,-0.37906,39.510,-0.758,-1,400.000,-1,400.000,-1,325.000,325.000,300.000,300.000,-1,-1,-1,-1,725.000,775.000,-1,-1,2,0,2,0,2,0,0,0,0,2,2,2,2,0,0,2,2
98,-8875.916,-1569.809,-241.791,85.068,0.086438,-0.995856,0.028285,0.996130,0.085937,-0.018447,0.015940,0.029770,0.999430,0,0.65874,-0.38157,39.525,-0.763,-1,400.000,-1,400.000,-1,325.000,325.000,300.000,300.000,-1,-1,-1,-1,725.000,775.000,-1,-1,2,0,2,0,2,0,0,0,0,2,2,2,2,0,0,2,2
99,-8871.988,-1530.454,-241.218,84.299,0.099787,-0.994610,0.028183,0.994884,0.099286,-0.018649,0.015751,0.029900,0.999429,0,0.65917,-0.38426,39.550,-0.769,-1,375.000,-1,400.000,-1,325.000,325.000,300.000,300.000,-1,-1,-1,-1,725.000,775.000,-1,-1,2,0,2,0,2,0,0,0,0,2,2,2,2,0,0,2,2
100,-8867.523,-1491.119,-240.664,83.525,0.113218,-0.993174,0.028067,0.993449,0.112717,-0.018834,0.015541,0.030015,0.999429,0,0.65980,-0.38712,39.588,-0.774,-1,375.000,-1,400.000,-1,325.000,325.000,300.000,300.000,-1,-1,-1,-1,725.000,775.000,-1,-1,2,0,2,0,2,0,0,0,0,2,2,2,2,0,0,2,2
101,-8862.518,-1451.798,-240.130,82.745,0.126732,-0.991544,0.027938,0.991819,0.126232,-0.018997,0.015309,0.030117,0.999429,0,0.66063,-0.39016,39.638,-0.780,-1,375.000,-1,400.000,-1,325.000,325.000,300.000,300.000,-1,-1,-1,-1,725.000,775.000,-1,-1,2,0,2,0,2,0,0,0,0,2,2,2,2,0,0,2,2
102,-8856.964,-1412.489,-239.615,81.958,0.140333,-0.989714,0.027796,0.989990,0.139834,-0.019135,0.015052,0.030203,0.999430,0,0.66166,-0.39337,39.700,-0.787,-1,375.000,-1,400.000,-1,325.000,325.000,300.000,300.000,-1,-1,-1,-1,725.000,775.000,-1,-1,2,0,2,0,2,0,0,0,0,2,2,2,2,0,0,2,2
103,-8850.854,-1373.186,-239.120,81.165,0.154022,-0.987681,0.027643,0.987957,0.153527,-0.019247,0.014766,0.030274,0.999433,0,0.66291,-0.39675,39.775,-0.794,-1,375.000,-1,400.000,-1,325.000,325.000,300.000,300.000,-1,-1,-1,-1,725.000,775.000,-1,-1,2,0,2,0,2,0,0,0,0,2,2,2,2,0,0,2,2
104,-8844.182,-1333.886,-238.512,80.364,0.167808,-0.985421,0.028032,0.985716,0.167309,-0.019281,0.014310,0.030867,0.999421,0,0.66437,-0.40030,39.862,-0.801,-1,375.000,-1,400.000,-1,325.000,325.000,300.000,300.000,-1,-1,-1,-1,725.000,775.000,-1,-1,2,0,2,0,2,0,0,0,0,2,2,2,2,0,0,2,2
105,-8836.938,-1294.585,-237.833,79.556,0.181696,-0.982934,0.028750,0.983255,0.181183,-0.019548,0.014006,0.031821,0.999395,0,0.66605,-0.40399,39.963,-0.808,-1,375.000,-1,400.000,-1,325.000,325.000,300.000,300.000,-1,-1,-1,-1,725.000,775.000,-1,-1,2,0,2,0,2,0,0,0,0,2,2,2,2,0,0,2,2
106,-8829.141,-1255.391,-237.199,78.748,0.195548,-0.980251,0.029485,0.980598,0.195020,-0.019867,0.013724,0.032798,0.999368,0,0.66605,-0.40399,39.963,-0.808,-1,375.000,-1,400.000,-1,325.000,325.000,300.000,300.000,-1,-1,-1,-1,725.000,775.000,-1,-1,2,0,2,0,2,0,0,0,0,2,2,2,2,0,0,2,2
107,-8819.766,-1211.621,-236.493,77.910,0.209881,-0.977263,0.030118,0.977633,0.209333,-0.020342,0.013575,0.033714,0.999339,0,0.74605,-0.41913,44.763,-0.838,-1,375.000,-1,400.000,-1,325.000,325.000,300.000,300.000,-1,-1,-1,-1,725.000,800.000,-1,-1,2,0,2,0,2,0,0,0,0,2,2,2,2,0,0,2,2
108,-8809.206,-1165.618,-235.791,77.071,0.224167,-0.974066,0.030746,0.974459,0.223601,-0.020807,0.013393,0.034625,0.999311,0,0.78665,-0.41913,47.199,-0.838,-1,375.000,-1,400.000,-1,325.000,325.000,300.000,300.000,-1,-1,-1,-1,725.000,800.000,-1,-1,2,0,2,0,2,0,0,0,0,2,2,2,2,0,0,2,2
109,-8797.974,-1119.774,-235.134,76.233,0.238403,-0.970660,0.031337,0.971077,0.237820,-0.021231,0.013155,0.035492,0.999283,0,0.78665,-0.41913,47.199,-0.838,-1,400.000,-1,400.000,-1,325.000,325.000,300.000,300.000,-1,-1,-1,-1,725.000,800.000,-1,-1,2,0,2,0,2,0,0,0,0,2,2,2,2,0,0,2,2
110,-8786.073,-1074.100,-234.523,75.395,0.252586,-0.967049,0.031890,0.967489,0.251988,-0.021610,0.012862,0.036311,0.999258,0,0.78665,-0.41913,47.199,-0.838,-1,400.000,-1,400.000,-1,325.000,325.000,300.000,300.000,-1,-1,-1,-1,750.000,800.000,-1,-1,2,0,2,0,2,0,0,0,0,2,2,2,2,0,0,2,2
111,-8773.505,-1028.605,-233.962,74.557,0.266711,-0.963232,0.032403,0.963695,0.266101,-0.021940,0.012511,0.037078,0.999234,0,0.78665,-0.41913,47.199,-0.838,-1,400.000,-1,400.000,-1,325.000,325.000,300.000,300.000,-1,-1,-1,-1,750.000,800.000,-1,-1,2,0,2,0,2,0,0,0,0,2,2,2,2,0,0,2,2
112,-8760.273,-983.298,-233.450,73.718,0.280776,-0.959210,0.032878,0.959697,0.280157,-0.022218,0.012101,0.037791,0.999212,0,0.78665,-0.41913,47.199,-0.838,-1,400.000,-1,400.000,-1,325.000,325.000,300.000,300.000,-1,-1,-1,-1,750.000,800.000,-1,-1,2,0,2,0,2,0,0,0,0,2,2,2,2,0,0,2,2
113,-8746.379,-938.190,-232.989,72.880,0.294778,-0.954985,0.033314,0.955495,0.294153,-0.022441,0.011632,0.038446,0.999193,0,0.78665,-0.41913,47.199,-0.838,-1,400.000,-1,400.000,-1,325.000,325.000,300.000,300.000,-1,-1,-1,-1,750.000,800.000,-1,-1,2,0,2,0,2,0,0,0,0,2,2,2,2,0,0,2,2
114,-8731.826,-893.290,-232.582,72.042,0.308714,-0.950557,0.033710,0.951090,0.308086,-0.022606,0.011103,0.039040,0.999176,0,0.78665,-0.41913,47.199,-0.838,-1,400.000,-1,400.000,-1,325.000,325.000,300.000,300.000,-1,-1,-1,-1,750.000,800.000,-1,-1,2,0,2,0,2,0,0,0,0,2,2,2,2,0,0,2,2
115,-8716.619,-848.608,-232.229,71.204,0.322581,-0.945928,0.034069,0.946483,0.321953,-0.022709,0.010512,0.039571,0.999161,0,0.78665,-0.41913,47.199,-0.838,-1,400.000,-1,400.000,-1,325.000,325.000,300.000,300.000,-1,-1,-1,-1,750.000,825.000,-1,-1,2,0,2,0,2,0,0,0,0,2,2,2,2,0,0,2,2
116,-8700.759,-804.153,-231.914,70.365,0.336378,-0.941097,0.034438,0.941675,0.335750,-0.022824,0.009917,0.040106,0.999146,0,0.78665,-0.41913,47.199,-0.838,-1,400.000,-1,400.000,-1,325.000,325.000,300.000,300.000,-1,-1,-1,-1,750.000,825.000,-1,-1,2,0,2,0,2,0,0,0,0,2,2,2,2,0,0,2,2
117,-8684.251,-759.935,-231.575,69.527,0.350100,-0.936054,0.035103,0.936667,0.349471,-0.022909,0.009176,0.040900,0.999121,0,0.78665,-0.41913,47.199,-0.838,-1,400.000,-1,400.000,-1,325.000,325.000,300.000,300.000,-1,-1,-1,-1,775.000,825.000,-1,-1,2,0,2,0,2,0,0,0,0,2,2,2,2,0,0,2,2
118,-8667.097,-715.963,-231.202,68.689,0.363738,-0.930799,0.036174,0.931466,0.363111,-0.022834,0.008119,0.042000,0.999085,0,0.78665,-0.41913,47.199,-0.838,-1,400.000,-1,400.000,-1,325.000,325.000,300.000,300.000,-1,-1,-1,-1,775.000,800.000,-1,-1,2,0,2,0,2,0,0,0,0,2,2,2,2,0,0,2,2
119,-8649.303,-672.246,-230.882,67.851,0.377294,-0.925346,0.037215,0.926067,0.376673,-0.022758,0.007041,0.043050,0.999048,0,0.78665,-0.41913,47.199,-0.838,-1,400.000,-1,400.000,-1,325.000,325.000,300.000,300.000,-1,-1,-1,-1,775.000,800.000,-1,-1,2,0,2,0,2,0,0,0,0,2,2,2,2,0,0,2,2
120,-8630.870,-628.795,-230.624,67.012,0.390765,-0.919697,0.038206,0.920471,0.390154,-0.022646,0.005921,0.044017,0.999013,0,0.78665,-0.41913,47.199,-0.838,-1,400.000,-1,400.000,-1,325.000,325.000,300.000,300.000,-1,-1,-1,-1,775.000,800.000,-1,-1,2,0,2,0,2,0,0,0,0,2,2,2,2,0,0,2,2
121,-8611.804,-585.618,-230.422,66.174,0.404148,-0.913856,0.039131,0.914681,0.403551,-0.022464,0.004738,0.044872,0.998982,0,0.78665,-0.41913,47.199,-0.838,-1,400.000,-1,400.000,-1,325.000,325.000,300.000,300.000,-1,-1,-1,-1,775.000,800.000,-1,-1,2,0,2,0,2,0,0,0,0,2,2,2,2,0,0,2,2
122,-8592.108,-542.724,-230.248,65.336,0.417437,-0.907828,0.039929,0.908700,0.416866,-0.022087,0.003406,0.045503,0.998958,0,0.78665,-0.41913,47.199,-0.838,-1,400.000,-1,400.000,-1,325.000,325.000,300.000,300.000,-1,-1,-1,-1,775.000,800.000,-1,-1,2,0,2,0,2,0,0,0,0,2,2,2,2,0,0,2,2
123,-8571.787,-500.124,-230.154,64.498,0.430632,-0.901608,0.040736,0.902525,0.430091,-0.021676,0.002023,0.046100,0.998935,0,0.78665,-0.41913,47.199,-0.838,-1,400.000,-1,400.000,-1,325.000,325.000,300.000,300.000,-1,-1,-1,-1,800.000,800.000,-1,-1,2,0,2,0,2,0,0,0,0,2,2,2,2,0,0,2,2
124,-8550.844,-457.825,-230.122,63.659,0.443734,-0.895199,0.041450,0.896158,0.443225,-0.021255,0.000656,0.046577,0.998914,0,0.78665,-0.41913,47.199,-0.838,-1,400.000,-1,400.000,-1,325.000,325.000,300.000,300.000,-1,-1,-1,-1,800.000,800.000,-1,-1,2,0,2,0,2,0,0,0,0,2,2,2,2,0,0,2,2
125,-8529.285,-415.837,-230.132,62.821,0.456744,-0.888607,0.041980,0.889598,0.456269,-0.020838,-0.000637,0.046863,0.998901,0,0.78665,-0.41913,47.199,-0.838,-1,400.000,-1,400.000,-1,325.000,325.000,300.000,300.000,-1,-1,-1,-1,800.000,800.000,-1,-1,2,0,2,0,2,0,0,0,0,2,2,2,2,0,0,2,2
126,-8507.113,-374.169,-230.210,61.983,0.469655,-0.881830,0.042435,0.882848,0.469216,-0.020396,-0.001925,0.047043,0.998891,0,0.78665,-0.41913,47.199,-0.838,-1,400.000,-1,400.000,-1,325.000,325.000,300.000,300.000,-1,-1,-1,-1,800.000,800.000,-1,-1,2,0,2,0,2,0,0,0,0,2,2,2,2,0,0,2,2
127,-8484.335,-332.830,-230.357,61.145,0.482466,-0.874868,0.042815,0.875909,0.482065,-0.019927,-0.003206,0.047116,0.998884,0,0.78665,-0.41913,47.199,-0.838,-1,400.000,-1,400.000,-1,325.000,325.000,300.000,300.000,-1,-1,-1,-1,800.000,800.000,-1,-1,2,0,2,0,2,0,0,0,0,2,2,2,2,0,0,2,2
128,-8460.954,-291.829,-230.572,60.306,0.495174,-0.867723,0.043129,0.868782,0.494813,-0.019425,-0.004485,0.047089,0.998881,0,0.78665,-0.41913,47.199,-0.838,-1,400.000,-1,400.000,-1,325.000,325.000,300.000,300.000,-1,-1,-1,-1,800.000,775.000,-1,-1,2,0,2,0,2,0,0,0,0,2,2,2,2,0,0,2,2
129,-8436.976,-251.174,-230.818,59.468,0.507771,-0.860390,0.043573,0.861472,0.507454,-0.018861,-0.005884,0.047114,0.998872,0,0.78665,-0.41913,47.199,-0.838,-1,400.000,-1,400.000,-1,325.000,325.000,300.000,300.000,-1,-1,-1,-1,825.000,775.000,-1,-1,2,0,2,0,2,0,0,0,0,2,2,2,2,0,0,2,2
130,-8412.405,-210.874,-231.131,58.630,0.520259,-0.852876,0.043967,0.853978,0.519989,-0.018262,-0.007287,0.047048,0.998866,0,0.78665,-0.41913,47.199,-0.838,-1,400.000,-1,400.000,-1,325.000,325.000,300.000,300.000,-1,-1,-1,-1,800.000,775.000,-1,-1,2,0,2,0,2,0,0,0,0,2,2,2,2,0,0,2,2
131,-8387.247,-170.938,-231.506,57.792,0.532635,-0.845183,0.044336,0.846300,0.532414,-0.017625,-0.008709,0.046909,0.998861,0,0.78665,-0.41913,47.199,-0.838,-1,400.000,-1,400.000,-1,325.000,325.000,300.000,300.000,-1,-1,-1,-1,800.000,775.000,-1,-1,2,0,2,0,2,0,0,0,0,2,2,2,2,0,0,2,2
132,-8363.750,-135.149,-231.916,56.713,0.548399,-0.835026,0.044619,0.836154,0.548232,-0.016987,-0.010277,0.046624,0.998860,0,0.71355,-0.53913,42.813,-1.078,-1,400.000,-1,400.000,-1,325.000,325.000,300.000,300.000,-1,-1,-1,-1,800.000,775.000,-1,-1,2,0,2,0,2,0,0,0,0,2,2,2,2,0,0,2,2
133,-8339.436,-99.911,-232.407,55.395,0.567415,-0.822210,0.044840,0.823343,0.567310,-0.016284,-0.012050,0.046158,0.998861,0,0.71355,-0.65913,42.813,-1.318,-1,400.000,-1,400.000,-1,325.000,325.000,300.000,300.000,-1,-1,-1,-1,800.000,775.000,-1,-1,2,0,2,0,2,0,0,0,0,2,2,2,2,0,0,2,2
134,-8314.307,-65.247,-232.996,54.062,0.586345,-0.808812,0.044981,0.809942,0.586306,-0.015435,-0.013889,0.045483,0.998869,0,0.71355,-0.66667,42.813,-1.333,-1,400.000,-1,400.000,-1,325.000,325.000,300.000,300.000,-1,-1,-1,-1,800.000,775.000,-1,-1,2,0,2,0,2,0,0,0,0,2,2,2,2,0,0,2,2
