timestep,x_cm,y_cm,z_cm,yaw_deg,basis_xx,basis_xy,basis_xz,basis_yx,basis_yy,basis_yz,basis_zx,basis_zy,basis_zz,teleport_flag,throttle_cmd,steering_cmd,cmd_move_cm,cmd_turn_deg,lidar_cm_0,lidar_cm_1,lidar_cm_2,lidar_cm_3,lidar_cm_4,lidar_cm_5,lidar_cm_6,lidar_cm_7,lidar_cm_8,lidar_cm_9,lidar_cm_10,lidar_cm_11,lidar_cm_12,lidar_cm_13,lidar_cm_14,lidar_cm_15,lidar_cm_16,lidar_class_0,lidar_class_1,lidar_class_2,lidar_class_3,lidar_class_4,lidar_class_5,lidar_class_6,lidar_class_7,lidar_class_8,lidar_class_9,lidar_class_10,lidar_class_11,lidar_class_12,lidar_class_13,lidar_class_14,lidar_class_15,lidar_class_16
0,6891.744,-3605.838,131.433,21.864,0.927401,-0.372348,0.035842,0.372769,0.927907,-0.005630,-0.031162,0.018582,0.999342,1,0.08000,0.12000,4.800,0.240,-1,375.000,-1,475.000,-1,325.000,350.000,500.000,350.000,-1,0.000,0.000,-1,725.000,-1,-1,-1,2,0,2,0,2,0,0,1,0,2,0,0,2,0,2,2,2
1,6900.623,-3602.189,131.038,22.344,0.924227,-0.380098,0.036462,0.380567,0.924730,-0.006644,-0.031192,0.020017,0.999313,0,0.16000,0.24000,9.600,0.480,-1,375.000,-1,475.000,-1,325.000,350.000,500.000,350.000,-1,0.000,0.000,-1,725.000,-1,-1,-1,2,0,2,0,2,0,0,1,0,2,0,0,2,0,2,2,2
2,6913.872,-3596.547,130.453,23.064,0.919346,-0.391671,0.037365,0.392211,0.919839,-0.008121,-0.031189,0.022121,0.999269,0,0.24000,0.36000,14.400,0.720,-1,375.000,-1,475.000,-1,325.000,350.000,500.000,350.000,-1,0.000,0.000,-1,725.000,-1,-1,-1,2,0,2,0,2,0,0,1,0,2,0,0,2,0,2,2,2
3,6931.408,-3588.729,129.687,24.024,0.912615,-0.407001,0.038527,0.407636,0.913090,-0.010014,-0.031103,0.024844,0.999207,0,0.32000,0.48000,19.200,0.960,-1,375.000,-1,450.000,-1,325.000,350.000,475.000,350.000,-1,0.000,0.000,-1,700.000,-1,-1,-1,2,0,2,0,2,0,0,1,0,2,0,0,2,0,2,2,2
4,6953.119,-3578.501,128.758,25.224,0.903843,-0.425997,0.039928,0.426749,0.904287,-0.012271,-0.030879,0.028130,0.999127,0,0.40000,0.60000,24.000,1.200,-1,375.000,-1,450.000,-1,325.000,350.000,475.000,350.000,-1,0.000,0.000,-1,700.000,-1,-1,-1,2,0,2,0,2,0,0,1,0,2,0,0,2,0,2,2,2
5,6978.856,-3565.575,127.691,26.664,0.892798,-0.448536,0.041557,0.449426,0.893194,-0.014836,-0.030464,0.031922,0.999026,0,0.48000,0.72000,28.800,1.440,-1,375.000,-1,450.000,-1,325.000,325.000,475.000,350.000,-1,0.000,0.000,-1,700.000,-1,-1,-1,2,0,2,0,2,0,0,1,0,2,0,0,2,0,2,2,2
6,7008.426,-3549.621,126.526,28.344,0.879205,-0.474461,0.043420,0.475510,0.879533,-0.017655,-0.029813,0.036169,0.998901,0,0.56000,0.84000,33.600,1.680,-1,375.000,-1,450.000,-1,325.000,325.000,450.000,350.000,-1,0.000,0.000,-1,700.000,-1,-1,-1,2,0,2,0,2,0,0,1,0,2,0,0,2,0,2,2,2
7,7041.592,-3530.267,125.407,30.264,0.862771,-0.503579,0.045108,0.504787,0.863000,-0.020540,-0.028585,0.040492,0.998771,0,0.64000,0.96000,38.400,1.920,-1,375.000,-1,450.000,-1,325.000,325.000,450.000,350.000,-1,0.000,0.000,-1,700.000,975.000,-1,-1,2,0,2,0,2,0,0,1,0,2,0,0,2,0,0,2,2
8,7078.119,-3507.203,124.038,32.264,0.844653,-0.533267,0.046769,0.534665,0.844704,-0.024654,-0.026359,0.045830,0.998601,0,0.72000,1.00000,43.200,2.000,-1,375.000,-1,425.000,-1,325.000,325.000,400.000,350.000,-1,0.000,0.000,-1,700.000,950.000,-1,-1,2,0,2,0,2,0,0,1,0,2,0,0,2,0,0,2,2
9,7117.066,-3480.667,122.761,34.264,0.825510,-0.562271,0.048837,0.563874,0.825357,-0.028847,-0.024088,0.051352,0.998390,0,0.78548,1.00000,47.129,2.000,-1,375.000,-1,425.000,-1,325.000,325.000,350.000,350.000,-1,0.000,0.000,-1,700.000,925.000,-1,-1,2,0,2,0,2,0,0,1,0,2,1,0,2,0,0,2,2
10,7155.063,-3452.786,121.665,36.264,0.805332,-0.590537,0.052030,0.592402,0.804963,-0.033065,-0.022356,0.057451,0.998098,0,0.78549,1.00000,47.129,2.000,-1,375.000,-1,425.000,-1,300.000,325.000,300.000,350.000,-1,0.000,25.000,-1,700.000,875.000,-1,-1,2,0,2,0,2,0,0,1,0,2,1,0,2,0,0,2,2
11,7192.073,-3423.589,120.780,38.264,0.784138,-0.618016,0.056421,0.620224,0.783542,-0.037201,-0.021218,0.064164,0.997714,0,0.78567,1.00000,47.140,2.000,-1,375.000,-1,425.000,-1,300.000,325.000,275.000,325.000,-1,100.000,75.000,-1,700.000,850.000,-1,-1,2,0,2,0,2,0,0,0,0,2,0,0,2,0,0,2,2
12,7228.055,-3393.104,120.257,40.264,0.761972,-0.644682,0.061508,0.647290,0.761139,-0.041028,-0.020366,0.071076,0.997263,0,0.78602,1.00000,47.161,2.000,-1,375.000,-1,400.000,-1,300.000,325.000,300.000,325.000,-1,200.000,150.000,-1,675.000,800.000,-1,-1,2,0,2,0,2,0,0,0,0,2,0,0,2,0,0,2,2
13,7262.974,-3361.362,120.129,42.264,0.738855,-0.670489,0.067369,0.673573,0.737776,-0.044562,-0.019825,0.078303,0.996732,0,0.78651,1.00000,47.191,2.000,-1,375.000,-1,400.000,-1,300.000,325.000,300.000,325.000,-1,350.000,225.000,-1,675.000,775.000,-1,-1,2,0,2,0,2,0,0,0,0,2,0,0,2,0,1,2,2
14,7296.789,-3328.393,120.439,44.264,0.714808,-0.695385,0.074088,0.699047,0.713472,-0.047863,-0.019577,0.086004,0.996102,0,0.78714,1.00000,47.228,2.000,-1,375.000,-1,400.000,-1,300.000,300.000,325.000,325.000,-1,525.000,375.000,-1,675.000,725.000,-1,-1,2,0,2,0,2,0,0,0,0,2,0,0,2,0,1,2,2
15,7329.466,-3294.235,119.933,46.264,0.690213,-0.719661,0.075459,0.723431,0.688577,-0.050082,-0.015918,0.089157,0.995890,0,0.78789,1.00000,47.273,2.000,-1,375.000,-1,375.000,-1,300.000,300.000,325.000,325.000,-1,525.000,375.000,-1,675.000,725.000,-1,-1,2,0,2,0,2,0,0,0,0,2,0,0,2,0,1,2,2
16,7360.967,-3258.920,119.303,48.264,0.664901,-0.743161,0.074954,0.746850,0.662959,-0.051966,-0.011072,0.090532,0.995832,0,0.78874,1.00000,47.325,2.000,-1,375.000,-1,375.000,-1,300.000,300.000,325.000,325.000,-1,500.000,400.000,-1,700.000,700.000,-1,1000.000,2,0,2,0,2,0,0,0,0,2,0,0,2,0,1,2,1
17,7391.252,-3222.482,118.909,50.264,0.638794,-0.765773,0.074387,0.769353,0.636560,-0.053740,-0.006199,0.091559,0.995780,0,0.78970,1.00000,47.382,2.000,-1,375.000,-1,375.000,-1,300.000,300.000,325.000,325.000,-1,450.000,400.000,-1,700.000,700.000,-1,925.000,2,0,2,0,2,0,0,0,0,2,0,0,2,0,1,2,1
18,7420.287,-3184.961,118.815,52.264,0.611906,-0.787490,0.073687,0.790929,0.609422,-0.055106,-0.001511,0.092000,0.995758,0,0.79075,1.00000,47.445,2.000,-1,375.000,-1,375.000,-1,300.000,300.000,325.000,325.000,-1,450.000,400.000,-1,700.000,675.000,-1,875.000,2,0,2,0,2,0,0,0,0,2,0,0,2,0,1,2,1
19,7445.337,-3150.451,118.978,54.024,0.587622,-0.805843,0.072922,0.809132,0.584953,-0.055997,0.002469,0.091909,0.995764,0,0.71075,0.88000,42.645,1.760,-1,375.000,-1,375.000,925.000,300.000,300.000,325.000,325.000,-1,450.000,425.000,-1,700.000,675.000,-1,825.000,2,0,2,0,1,0,0,0,0,2,0,0,2,0,1,2,1
20,7466.747,-3119.246,119.270,55.544,0.566205,-0.821098,0.072178,0.824243,0.563387,-0.056725,0.005913,0.091611,0.995777,0,0.63075,0.76000,37.845,1.520,-1,375.000,-1,375.000,850.000,300.000,300.000,325.000,325.000,-1,475.000,450.000,-1,725.000,675.000,-1,800.000,2,0,2,0,1,0,0,0,0,2,0,0,2,0,1,2,1
21,7485.750,-3090.180,119.653,56.824,0.547864,-0.833511,0.071448,0.836520,0.544926,-0.057357,0.008873,0.091192,0.995794,0,0.57881,0.64000,34.728,1.280,-1,375.000,-1,375.000,800.000,300.000,300.000,325.000,325.000,-1,475.000,475.000,-1,725.000,675.000,-1,775.000,2,0,2,0,1,0,0,0,0,2,0,0,2,0,1,2,1
22,7504.242,-3060.741,120.099,57.864,0.532765,-0.843292,0.070846,0.846187,0.529725,-0.057958,0.011347,0.090827,0.995802,0,0.57944,0.52000,34.766,1.040,-1,375.000,-1,375.000,750.000,300.000,300.000,325.000,325.000,-1,500.000,475.000,-1,725.000,650.000,-1,750.000,2,0,2,0,1,0,0,0,0,2,0,0,2,0,1,2,1
23,7522.328,-3031.034,120.478,58.664,0.521078,-0.850595,0.070471,0.853397,0.517892,-0.059178,0.013840,0.090976,0.995757,0,0.57967,0.40000,34.780,0.800,-1,375.000,-1,375.000,700.000,300.000,325.000,325.000,325.000,-1,500.000,475.000,-1,750.000,650.000,-1,725.000,2,0,2,0,1,0,0,0,0,2,0,0,2,0,1,2,1
24,7540.120,-3001.157,120.924,59.224,0.512863,-0.855603,0.070106,0.858323,0.509546,-0.060371,0.015932,0.091136,0.995711,0,0.57956,0.28000,34.774,0.560,-1,375.000,-1,375.000,675.000,300.000,325.000,325.000,325.000,-1,500.000,500.000,-1,750.000,625.000,-1,700.000,2,0,2,0,1,0,0,0,0,2,0,0,2,0,1,2,1
25,7557.732,-2971.203,121.432,59.544,0.508181,-0.858423,0.069733,0.861070,0.504752,-0.061505,0.017599,0.091300,0.995668,0,0.57913,0.16000,34.748,0.320,-1,375.000,-1,375.000,650.000,325.000,325.000,325.000,325.000,-1,500.000,500.000,-1,750.000,625.000,-1,675.000,2,0,2,0,1,0,0,0,0,2,0,0,2,0,1,2,1
26,7575.258,-2941.247,121.990,59.671,0.506377,-0.859518,0.069355,0.862104,0.502850,-0.062592,0.018924,0.091486,0.995627,0,0.57844,0.06314,34.706,0.126,-1,375.000,-1,375.000,625.000,325.000,325.000,325.000,325.000,-1,500.000,500.000,-1,775.000,600.000,-1,650.000,2,0,2,0,1,0,0,0,0,2,0,0,2,0,1,2,1
27,7592.694,-2911.297,122.590,59.791,0.504653,-0.860562,0.068984,0.863086,0.501031,-0.063642,0.020204,0.091657,0.995586,0,0.57760,0.06033,34.656,0.121,-1,375.000,-1,375.000,575.000,325.000,325.000,325.000,325.000,-1,500.000,500.000,-1,775.000,600.000,-1,625.000,2,0,2,0,1,0,0,0,0,2,0,0,2,0,1,2,1
28,7610.051,-2881.346,123.231,59.906,0.503010,-0.861552,0.068621,0.864014,0.499298,-0.064655,0.021442,0.091812,0.995545,0,0.57695,0.05742,34.617,0.115,-1,400.000,-1,375.000,550.000,325.000,325.000,325.000,325.000,-1,500.000,500.000,-1,775.000,575.000,-1,575.000,2,0,2,0,1,0,0,0,0,2,0,0,2,0,1,2,1
29,7629.890,-2847.285,123.918,59.781,0.504943,-0.860467,0.068037,0.862869,0.501184,-0.065363,0.022144,0.091711,0.995539,0,0.65695,-0.06258,39.417,-0.125,-1,400.000,-1,375.000,525.000,325.000,325.000,325.000,325.000,-1,500.000,525.000,-1,800.000,575.000,-1,550.000,2,0,2,0,1,0,0,0,0,2,0,0,2,0,1,2,1
30,7652.028,-2809.727,124.694,59.485,0.509426,-0.857872,0.067383,0.860219,0.505638,-0.065982,0.022532,0.091577,0.995543,0,0.72662,-0.14830,43.597,-0.297,-1,400.000,-1,375.000,475.000,325.000,325.000,325.000,325.000,-1,525.000,525.000,-1,800.000,550.000,-1,525.000,2,0,2,0,1,0,0,0,0,2,0,0,2,0,1,2,1
31,7674.451,-2772.142,125.575,59.179,0.514020,-0.855150,0.067092,0.857479,0.510201,-0.066523,0.022656,0.091724,0.995527,0,0.72943,-0.15286,43.766,-0.306,-1,400.000,-1,375.000,450.000,325.000,325.000,325.000,325.000,-1,525.000,525.000,-1,800.000,525.000,-1,475.000,2,0,2,0,1,0,0,0,0,2,0,0,2,0,1,2,1
32,7697.163,-2734.546,126.486,58.864,0.518740,-0.852319,0.066792,0.854629,0.514892,-0.067043,0.022752,0.091860,0.995512,0,0.73206,-0.15763,43.923,-0.315,-1,400.000,-1,375.000,425.000,325.000,325.000,325.000,325.000,-1,550.000,550.000,-1,800.000,525.000,-1,450.000,2,0,2,1,1,0,0,0,0,2,0,0,2,0,1,2,1
33,7720.164,-2696.955,127.392,58.538,0.523580,-0.849384,0.066420,0.851674,0.519723,-0.067370,0.022703,0.091842,0.995515,0,0.73448,-0.16264,44.069,-0.325,-1,400.000,-1,375.000,375.000,325.000,325.000,325.000,325.000,-1,575.000,575.000,-1,825.000,500.000,-1,400.000,2,0,2,1,1,0,0,0,1,2,0,0,2,0,1,2,1
34,7743.455,-2659.388,128.270,58.202,0.528538,-0.846344,0.065941,0.848613,0.524705,-0.067388,0.022434,0.091575,0.995545,0,0.73668,-0.16788,44.201,-0.336,-1,400.000,-1,350.000,350.000,325.000,325.000,325.000,325.000,-1,600.000,600.000,-1,825.000,475.000,-1,375.000,2,0,2,1,1,0,0,0,1,2,0,0,2,0,1,2,1
35,7767.035,-2621.863,129.156,57.856,0.533634,-0.843181,0.065423,0.845428,0.529835,-0.067279,0.022065,0.091213,0.995587,0,0.73863,-0.17339,44.318,-0.347,-1,400.000,-1,350.000,300.000,325.000,325.000,325.000,325.000,-1,650.000,625.000,-1,825.000,450.000,-1,325.000,2,0,2,1,1,0,0,0,1,2,0,0,2,0,1,2,1
36,7790.904,-2584.403,130.050,57.497,0.538871,-0.839887,0.064871,0.842111,0.535121,-0.067040,0.021592,0.090755,0.995639,0,0.74030,-0.17917,44.418,-0.358,-1,400.000,-1,325.000,275.000,325.000,325.000,325.000,300.000,-1,675.000,675.000,-1,850.000,450.000,-1,300.000,2,0,2,1,1,0,0,0,1,2,0,0,2,0,1,2,1
37,7815.058,-2547.029,130.949,57.127,0.544258,-0.836451,0.064290,0.838654,0.540567,-0.066679,0.021021,0.090207,0.995701,0,0.74166,-0.18524,44.500,-0.370,-1,400.000,-1,300.000,250.000,325.000,325.000,325.000,300.000,-1,725.000,700.000,-1,850.000,425.000,-1,250.000,2,0,2,1,1,0,1,0,1,2,0,0,2,0,1,2,1
38,7839.501,-2509.769,133.667,56.744,0.550002,-0.833349,0.055015,0.834761,0.546500,-0.067175,0.025914,0.082871,0.996223,0,0.74268,-0.19163,44.561,-0.383,-1,425.000,-1,300.000,225.000,350.000,325.000,300.000,300.000,-1,575.000,600.000,-1,900.000,425.000,-1,250.000,2,0,2,1,1,0,1,0,1,2,0,0,2,0,1,2,1
39,7864.223,-2472.649,136.793,56.347,0.555850,-0.830130,0.043761,0.830668,0.552645,-0.067631,0.031958,0.073943,0.996750,0,0.74332,-0.19834,44.599,-0.397,-1,450.000,-1,300.000,225.000,350.000,300.000,300.000,325.000,-1,425.000,475.000,-1,950.000,425.000,-1,250.000,2,0,2,1,1,0,1,0,1,2,0,0,2,1,1,2,1
40,7889.219,-2435.695,140.187,55.936,0.561749,-0.826720,0.031168,0.826400,0.558970,-0.067942,0.038747,0.063924,0.997202,0,0.74354,-0.20539,44.612,-0.411,-1,450.000,-1,300.000,200.000,375.000,300.000,300.000,325.000,-1,275.000,375.000,-1,975.000,425.000,-1,250.000,2,0,2,1,1,1,1,0,1,2,0,0,2,1,1,2,1
41,7914.479,-2398.939,143.247,55.511,0.567712,-0.822982,0.020088,0.822025,0.565396,-0.067849,0.044481,0.055032,0.997493,0,0.74331,-0.21280,44.598,-0.426,-1,475.000,-1,300.000,200.000,375.000,300.000,275.000,325.000,-1,200.000,350.000,-1,-1,425.000,-1,250.000,2,0,2,1,1,1,1,0,1,2,0,0,2,2,1,2,1
42,7939.995,-2362.414,146.168,55.069,0.573773,-0.818958,0.009595,0.817502,0.571963,-0.067441,0.049744,0.046540,0.997677,0,0.74258,-0.22058,44.555,-0.441,-1,500.000,-1,300.000,200.000,375.000,300.000,275.000,325.000,-1,175.000,325.000,-1,-1,400.000,-1,250.000,2,0,2,1,1,1,1,0,1,2,0,0,2,2,1,2,1
43,7968.401,-2322.054,149.259,54.868,0.576239,-0.817278,-0.002295,0.815351,0.575069,-0.067070,0.056135,0.036777,0.997746,0,0.82255,-0.10058,49.353,-0.201,-1,500.000,-1,300.000,200.000,350.000,300.000,275.000,325.000,-1,125.000,300.000,-1,-1,400.000,-1,225.000,2,1,2,1,1,1,1,0,1,2,0,0,2,2,1,2,1
44,7996.680,-2281.814,152.274,54.907,0.575153,-0.817924,-0.014096,0.815634,0.574695,-0.066843,0.062773,0.026948,0.997664,0,0.81970,0.01942,49.182,0.039,-1,500.000,-1,300.000,200.000,350.000,300.000,275.000,300.000,-1,100.000,300.000,-1,-1,400.000,-1,225.000,2,1,2,1,1,1,1,0,1,2,0,0,2,2,1,2,1
45,8024.627,-2241.666,155.259,55.163,0.570847,-0.820659,-0.025543,0.818114,0.571157,-0.066849,0.069449,0.017264,0.997436,0,0.81526,0.12799,48.916,0.256,-1,500.000,-1,300.000,200.000,350.000,275.000,250.000,300.000,775.000,75.000,275.000,-1,-1,400.000,-1,225.000,2,1,2,1,1,1,1,0,1,0,0,0,2,2,1,2,1
46,8052.203,-2201.708,158.259,55.393,0.566778,-0.823044,-0.036901,0.820365,0.567928,-0.066778,0.075919,0.007576,0.997085,0,0.80915,0.11496,48.549,0.230,-1,500.000,-1,300.000,175.000,350.000,275.000,250.000,275.000,650.000,75.000,275.000,-1,-1,400.000,-1,225.000,2,1,2,1,1,1,1,0,1,0,0,0,2,2,1,2,1
47,8079.392,-2162.009,161.219,55.596,0.562948,-0.825072,-0.048429,0.822380,0.565023,-0.066631,0.082339,-0.002317,0.996602,0,0.80193,0.10149,48.116,0.203,-1,500.000,-1,275.000,175.000,350.000,275.000,250.000,250.000,550.000,50.000,250.000,-1,-1,400.000,-1,225.000,2,1,2,1,1,1,1,0,1,0,0,0,2,2,1,2,1
48,8106.179,-2122.638,164.132,55.771,0.559368,-0.826735,-0.060135,0.824159,0.562454,-0.066396,0.088716,-0.012421,0.995980,0,0.79364,0.08766,47.618,0.175,-1,525.000,-1,275.000,175.000,350.000,275.000,250.000,225.000,475.000,25.000,250.000,-1,-1,400.000,-1,225.000,2,1,2,1,1,1,1,0,1,0,0,0,2,2,1,2,1
49,8132.552,-2083.659,167.023,55.919,0.556061,-0.828030,-0.071846,0.825701,0.560228,-0.066052,0.094943,-0.022594,0.995226,0,0.78435,0.07361,47.061,0.147,-1,525.000,-1,275.000,175.000,350.000,275.000,250.000,200.000,400.000,25.000,225.000,-1,-1,425.000,-1,200.000,2,1,2,1,1,1,1,0,1,0,0,0,2,2,1,2,1
50,8158.492,-2045.124,169.868,56.053,0.552817,-0.829103,-0.083558,0.827163,0.558128,-0.065531,0.100969,-0.032890,0.994346,0,0.77418,0.06708,46.451,0.134,-1,550.000,-1,275.000,175.000,375.000,275.000,225.000,200.000,350.000,25.000,225.000,-1,-1,525.000,-1,200.000,2,1,2,1,1,1,1,0,1,0,0,0,2,2,1,2,1
51,-3607.657,-7543.214,245.601,79.030,0.188536,-0.978985,-0.077737,0.981793,0.189758,-0.008584,0.023154,-0.074703,0.996937,1,0.00000,0.00000,45.794,0.130,-1,400.000,-1,400.000,-1,325.000,325.000,300.000,300.000,725.000,425.000,475.000,-1,825.000,900.000,-1,-1,2,0,2,0,2,0,0,0,0,1,1,1,2,0,0,2,2
52,-3608.551,-7547.930,245.496,79.270,0.184445,-0.979768,-0.077682,0.982577,0.185655,-0.008595,0.022843,-0.074744,0.996941,0,-0.08000,0.12000,-4.800,0.240,-1,400.000,-1,400.000,-1,325.000,325.000,300.000,300.000,725.000,425.000,475.000,-1,825.000,900.000,-1,-1,2,0,2,0,2,0,0,0,0,1,1,1,2,0,0,2,2
53,-3610.259,-7557.377,245.292,79.750,0.176254,-0.981283,-0.077574,0.984094,0.177440,-0.008617,0.022221,-0.074821,0.996949,0,-0.16000,0.24000,-9.600,0.480,-1,400.000,-1,400.000,-1,325.000,325.000,300.000,300.000,725.000,425.000,450.000,-1,825.000,900.000,-1,-1,2,0,2,0,2,0,0,0,0,1,1,1,2,0,0,2,2
54,-3612.644,-7571.579,244.999,80.470,0.163944,-0.983428,-0.077410,0.986240,0.165094,-0.008650,0.021287,-0.074927,0.996962,0,-0.24000,0.36000,-14.400,0.720,-1,400.000,-1,400.000,-1,325.000,325.000,300.000,300.000,725.000,400.000,450.000,-1,825.000,875.000,-1,-1,2,0,2,0,2,0,0,0,0,1,1,1,2,0,0,2,2
55,-3614.939,-7586.805,244.702,81.430,0.147491,-0.986044,-0.077229,0.988861,0.148592,-0.008671,0.020025,-0.075090,0.996976,0,-0.25662,0.48000,-15.397,0.960,-1,400.000,-1,400.000,-1,325.000,325.000,300.000,300.000,725.000,400.000,450.000,-1,825.000,875.000,-1,-1,2,0,2,0,2,0,0,0,0,1,1,1,2,0,0,2,2
56,-3616.909,-7602.034,244.427,82.630,0.126869,-0.988923,-0.077044,0.991748,0.127907,-0.008673,0.018432,-0.075308,0.996990,0,-0.25592,0.60000,-15.355,1.200,-1,400.000,-1,400.000,-1,325.000,325.000,300.000,300.000,700.000,375.000,450.000,-1,825.000,875.000,-1,-1,2,0,2,0,2,0,0,0,0,1,1,1,2,0,0,2,2
57,-3618.486,-7617.214,244.177,84.070,0.102050,-0.991806,-0.076860,0.994642,0.103013,-0.008660,0.016507,-0.075565,0.997004,0,-0.25434,0.72000,-15.261,1.440,-1,400.000,-1,400.000,-1,325.000,325.000,300.000,300.000,675.000,375.000,450.000,-1,825.000,875.000,-1,-1,2,0,2,0,2,0,0,0,0,1,1,1,2,0,0,2,2
58,-3619.606,-7632.280,243.957,85.750,0.073015,-0.994378,-0.076685,0.997229,0.073890,-0.008633,0.014251,-0.075842,0.997018,0,-0.25179,0.84000,-15.107,1.680,-1,400.000,-1,400.000,-1,325.000,325.000,300.000,300.000,675.000,350.000,475.000,-1,800.000,850.000,-1,-1,2,0,2,0,2,0,0,0,0,1,1,1,2,0,0,2,2
59,-3620.212,-7647.159,243.770,87.670,0.039757,-0.996275,-0.076526,0.999141,0.040532,-0.008595,0.011665,-0.076118,0.997031,0,-0.24816,0.96000,-14.890,1.920,-1,400.000,-1,400.000,-1,325.000,325.000,300.000,300.000,650.000,350.000,500.000,-1,800.000,850.000,-1,-1,2,0,2,0,2,0,0,0,0,1,1,0,2,0,0,2,2
60,-3620.297,-7661.761,243.621,89.670,0.005067,-0.997065,-0.076390,0.999947,0.005738,-0.008561,0.008974,-0.076343,0.997041,0,-0.24335,1.00000,-14.601,2.000,-1,400.000,-1,400.000,-1,325.000,325.000,300.000,300.000,650.000,350.000,500.000,-1,800.000,850.000,-1,-1,2,0,2,0,2,0,0,0,0,1,1,0,2,0,0,2,2
61,-3619.882,-7676.022,243.508,91.670,-0.029630,-0.996646,-0.076280,0.999541,-0.029063,-0.008538,0.006292,-0.076498,0.997050,0,-0.23777,1.00000,-14.266,2.000,-1,400.000,-1,400.000,-1,325.000,325.000,300.000,300.000,625.000,350.000,500.000,-1,800.000,850.000,-1,-1,2,0,2,0,2,0,0,0,0,1,1,0,2,0,0,2,2
62,-3618.993,-7689.895,243.430,93.670,-0.064292,-0.995018,-0.076195,0.997925,-0.063827,-0.008528,0.003622,-0.076585,0.997056,0,-0.23166,1.00000,-13.900,2.000,-1,400.000,-1,400.000,-1,325.000,325.000,300.000,300.000,600.000,375.000,500.000,-1,800.000,825.000,-1,-1,2,0,2,0,2,0,0,0,0,1,1,0,2,0,0,2,2
63,-3617.659,-7703.333,243.385,95.670,-0.098878,-0.992183,-0.076135,0.995099,-0.098513,-0.008533,0.000966,-0.076605,0.997061,0,-0.22505,1.00000,-13.503,2.000,-1,400.000,-1,400.000,-1,325.000,325.000,300.000,300.000,575.000,400.000,525.000,-1,800.000,825.000,-1,-1,2,0,2,0,2,0,0,0,0,1,1,0,2,0,0,2,2
64,-3615.914,-7716.296,243.370,97.670,-0.133345,-0.988144,-0.076098,0.991068,-0.133081,-0.008553,-0.001675,-0.076559,0.997064,0,-0.21797,1.00000,-13.078,2.000,-1,400.000,-1,400.000,-1,325.000,325.000,300.000,300.000,550.000,425.000,525.000,-1,800.000,825.000,-1,-1,2,0,2,0,2,0,0,0,0,1,0,0,2,0,0,2,2
65,-3613.793,-7728.745,243.384,99.670,-0.167652,-0.982906,-0.076085,0.985837,-0.167487,-0.008591,-0.004299,-0.076448,0.997064,0,-0.21046,1.00000,-12.627,2.000,-1,400.000,-1,400.000,-1,325.000,325.000,300.000,300.000,525.000,425.000,525.000,-1,800.000,825.000,-1,-1,2,0,2,0,2,0,0,0,0,1,0,0,2,0,0,2,2
66,-3611.335,-7740.648,243.425,101.670,-0.201757,-0.976475,-0.076094,0.979411,-0.201690,-0.008646,-0.006904,-0.076272,0.997063,0,-0.20255,1.00000,-12.153,2.000,-1,400.000,-1,400.000,-1,325.000,325.000,300.000,300.000,525.000,425.000,550.000,-1,775.000,800.000,-1,-1,2,0,2,0,2,0,0,0,0,1,0,0,2,0,0,2,2
67,-3608.580,-7751.976,243.488,103.670,-0.235621,-0.968859,-0.076123,0.971799,-0.235650,-0.008720,-0.009490,-0.076031,0.997060,0,-0.19429,1.00000,-11.657,2.000,-1,400.000,-1,400.000,-1,325.000,325.000,300.000,300.000,500.000,450.000,575.000,-1,775.000,800.000,-1,-1,2,0,2,0,2,0,0,0,0,1,0,0,2,0,0,2,2
68,-3605.570,-7762.706,243.573,105.670,-0.269200,-0.960067,-0.076171,0.963009,-0.269326,-0.008813,-0.012054,-0.075726,0.997056,0,-0.18571,1.00000,-11.143,2.000,-1,400.000,-1,400.000,-1,325.000,325.000,300.000,300.000,500.000,450.000,600.000,-1,775.000,800.000,-1,-1,2,0,2,0,2,0,0,0,0,1,0,0,2,0,0,2,2
69,-3602.348,-7772.819,243.678,107.670,-0.302456,-0.950110,-0.076227,0.953052,-0.302676,-0.008927,-0.014590,-0.075348,0.997051,0,-0.17687,1.00000,-10.612,2.000,-1,400.000,-1,400.000,-1,325.000,325.000,300.000,300.000,500.000,450.000,650.000,-1,775.000,800.000,-1,-1,2,0,2,0,2,0,0,0,0,1,0,0,2,0,0,2,2
70,-3598.959,-7782.301,243.821,109.670,-0.335355,-0.939006,-0.076189,0.941938,-0.335664,-0.009097,-0.017032,-0.074816,0.997052,0,-0.16780,1.00000,-10.068,2.000,-1,400.000,-1,400.000,-1,325.000,325.000,300.000,275.000,500.000,475.000,725.000,-1,775.000,800.000,-1,-1,2,0,2,0,2,0,0,0,0,1,0,0,2,0,0,2,2
71,-3595.446,-7791.142,243.976,111.670,-0.367850,-0.926761,-0.076161,0.929682,-0.368247,-0.009276,-0.019449,-0.074218,0.997052,0,-0.15854,1.00000,-9.513,2.000,-1,400.000,-1,400.000,-1,325.000,325.000,300.000,275.000,500.000,475.000,900.000,-1,775.000,800.000,-1,-1,2,0,2,0,2,0,0,0,0,1,0,0,2,0,0,2,2
72,-3591.852,-7799.339,244.177,113.670,-0.399895,-0.913400,-0.076055,0.916298,-0.400390,-0.009298,-0.021959,-0.073408,0.997060,0,-0.14914,1.00000,-8.949,2.000,-1,400.000,-1,400.000,-1,325.000,325.000,300.000,275.000,500.000,525.000,-1,-1,775.000,800.000,-1,-1,2,0,2,0,2,0,0,0,0,1,0,2,2,0,0,2,2
73,-3588.221,-7806.891,244.578,115.670,-0.431430,-0.898978,-0.075542,0.901798,-0.432075,-0.008425,-0.025065,-0.071758,0.997107,0,-0.13964,1.00000,-8.378,2.000,-1,400.000,-1,400.000,-1,325.000,325.000,300.000,275.000,525.000,650.000,-1,-1,775.000,800.000,-1,-1,2,0,2,0,2,0,0,0,0,1,0,2,2,0,0,2,2
74,-3584.596,-7813.803,244.920,117.670,-0.462457,-0.883444,-0.075237,0.886201,-0.463234,-0.007817,-0.027947,-0.070290,0.997135,0,-0.13007,1.00000,-7.804,2.000,-1,400.000,-1,400.000,-1,325.000,325.000,300.000,275.000,550.000,-1,-1,-1,775.000,775.000,-1,-1,2,0,2,0,2,0,0,0,0,1,2,2,2,0,0,2,2
75,-3581.017,-7820.084,245.208,119.670,-0.492935,-0.866819,-0.075101,0.869527,-0.493829,-0.007458,-0.030623,-0.068979,0.997148,0,-0.12047,1.00000,-7.228,2.000,-1,400.000,-1,400.000,-1,325.000,325.000,300.000,275.000,575.000,-1,-1,-1,775.000,775.000,-1,-1,2,0,2,0,2,0,0,0,0,1,2,2,2,0,0,2,2
76,-3577.523,-7825.746,245.445,121.670,-0.522826,-0.849125,-0.075094,0.851796,-0.523822,-0.007331,-0.033111,-0.067798,0.997149,0,-0.11087,1.00000,-6.652,2.000,-1,400.000,-1,400.000,-1,325.000,325.000,300.000,275.000,625.000,-1,-1,-1,750.000,775.000,-1,-1,2,0,2,0,2,0,0,0,0,1,2,2,2,0,0,2,2
77,-3574.153,-7830.805,245.633,123.670,-0.552091,-0.830387,-0.075181,0.833030,-0.553178,-0.007413,-0.035433,-0.066721,0.997142,0,-0.10129,1.00000,-6.077,2.000,-1,400.000,-1,400.000,-1,325.000,325.000,300.000,275.000,675.000,-1,-1,-1,750.000,775.000,-1,-1,2,0,2,0,2,0,0,0,0,1,2,2,2,0,0,2,2
78,-3570.941,-7835.278,245.812,125.670,-0.580690,-0.810637,-0.075283,0.813251,-0.581864,-0.007514,-0.037714,-0.065587,0.997134,0,-0.09177,1.00000,-5.506,2.000,-1,400.000,-1,400.000,-1,325.000,325.000,300.000,300.000,775.000,-1,-1,-1,750.000,775.000,-1,-1,2,0,2,0,2,0,0,0,0,1,2,2,2,0,0,2,2
79,-3567.921,-7839.188,246.074,127.670,-0.608575,-0.789917,-0.075280,0.792474,-0.609864,-0.007147,-0.040265,-0.064007,0.997137,0,-0.08232,1.00000,-4.939,2.000,-1,400.000,-1,400.000,-1,325.000,325.000,300.000,300.000,950.000,-1,-1,-1,750.000,775.000,-1,-1,2,0,2,0,2,0,0,0,0,1,2,2,2,0,0,2,2
80,-3565.125,-7842.558,246.309,129.670,-0.635726,-0.768230,-0.075331,0.770731,-0.637124,-0.006840,-0.042740,-0.062409,0.997135,0,-0.07297,1.00000,-4.378,2.000,-1,400.000,-1,400.000,-1,325.000,325.000,300.000,300.000,-1,-1,-1,-1,750.000,775.000,-1,-1,2,0,2,0,2,0,0,0,0,2,2,2,2,0,0,2,2
81,-3562.582,-7845.414,246.518,131.670,-0.662109,-0.745602,-0.075427,0.748046,-0.663614,-0.006594,-0.045139,-0.060789,0.997129,0,-0.06373,1.00000,-3.824,2.000,-1,400.000,-1,400.000,-1,325.000,325.000,300.000,300.000,-1,-1,-1,-1,750.000,775.000,-1,-1,2,0,2,0,2,0,0,0,0,2,2,2,2,0,0,2,2
82,-3563.252,-7844.705,246.473,133.430,-0.684666,-0.724927,-0.075586,0.727331,-0.686256,-0.006531,-0.047137,-0.059448,0.997118,0,0.01627,0.88000,0.976,1.760,-1,400.000,-1,400.000,-1,325.000,325.000,300.000,300.000,-1,-1,-1,-1,750.000,775.000,-1,-1,2,0,2,0,2,0,0,0,0,2,2,2,2,0,0,2,2
83,-3567.332,-7840.617,246.212,134.950,-0.703637,-0.706506,-0.075797,0.708895,-0.705281,-0.006858,-0.048612,-0.058558,0.997100,0,0.09627,0.76000,5.776,1.520,-1,400.000,-1,400.000,-1,325.000,325.000,300.000,300.000,-1,-1,-1,-1,725.000,775.000,-1,-1,2,0,2,0,2,0,0,1,0,2,2,2,2,0,0,2,2
84,-3574.969,-7833.301,245.676,136.230,-0.719233,-0.690599,-0.075999,0.692987,-0.720913,-0.007335,-0.049723,-0.057942,0.997081,0,0.17627,0.64000,10.576,1.280,-1,400.000,-1,400.000,-1,325.000,325.000,300.000,300.000,-1,-1,-1,-1,725.000,775.000,-1,-1,2,0,2,0,2,0,0,1,0,2,2,2,2,0,0,2,2
85,-3586.264,-7822.868,244.857,137.270,-0.731647,-0.677414,-0.076179,0.679812,-0.733343,-0.007950,-0.050480,-0.057604,0.997062,0,0.25627,0.52000,15.376,1.040,-1,400.000,-1,400.000,-1,325.000,325.000,300.000,300.000,-1,-1,-1,-1,725.000,775.000,-1,-1,2,0,2,0,2,0,0,1,0,2,2,2,2,0,0,2,2
86,-3601.274,-7809.386,243.742,138.070,-0.741038,-0.667111,-0.076330,0.669532,-0.742732,-0.008706,-0.050885,-0.057557,0.997045,0,0.33627,0.40000,20.176,0.800,1000.000,400.000,-1,400.000,-1,325.000,325.000,300.000,300.000,-1,-1,-1,-1,725.000,775.000,-1,-1,1,0,2,0,2,0,0,0,0,2,2,2,2,0,0,2,2
87,-3620.018,-7792.879,242.325,138.630,-0.747533,-0.659809,-0.076456,0.662268,-0.749205,-0.009616,-0.050936,-0.057823,0.997027,0,0.41627,0.28000,24.976,0.560,1000.000,400.000,-1,400.000,-1,325.000,325.000,300.000,300.000,-1,-1,-1,-1,725.000,775.000,-1,-1,1,0,2,0,2,0,0,0,0,2,2,2,2,0,0,2,2
88,-3642.473,-7773.324,240.733,138.950,-0.751208,-0.655613,-0.076534,0.658086,-0.752876,-0.009989,-0.051072,-0.057870,0.997017,0,0.49627,0.16000,29.776,0.320,975.000,400.000,-1,400.000,-1,325.000,325.000,300.000,300.000,-1,-1,-1,-1,725.000,800.000,-1,-1,1,0,2,0,2,0,0,0,0,2,2,2,2,0,0,2,2
89,-3668.580,-7750.654,238.950,139.030,-0.752117,-0.654565,-0.076587,0.657035,-0.753795,-0.009909,-0.051245,-0.057773,0.997014,0,0.57627,0.04000,34.576,0.080,950.000,400.000,-1,400.000,-1,325.000,325.000,300.000,300.000,-1,-1,-1,-1,725.000,800.000,-1,-1,1,0,2,0,2,0,0,0,0,2,2,2,2,0,0,2,2
90,-3698.239,-7724.753,236.982,138.870,-0.750269,-0.656677,-0.076624,0.659125,-0.751975,-0.009350,-0.051479,-0.057520,0.997016,0,0.65627,-0.08000,39.376,-0.160,950.000,400.000,-1,400.000,-1,325.000,325.000,300.000,300.000,-1,-1,-1,-1,725.000,800.000,-1,-1,1,0,2,0,2,0,0,0,0,2,2,2,2,0,0,2,2
91,-3731.310,-7695.464,234.766,138.470,-0.745648,-0.661916,-0.076663,0.664342,-0.747378,-0.008658,-0.051565,-0.057386,0.997019,0,0.73627,-0.20000,44.176,-0.400,950.000,400.000,-1,400.000,-1,325.000,325.000,300.000,300.000,-1,-1,-1,-1,725.000,775.000,-1,-1,1,0,2,0,2,0,0,0,0,2,2,2,2,0,0,2,2
92,-3767.610,-7662.585,232.290,137.830,-0.738187,-0.670220,-0.076714,0.672631,-0.739936,-0.007921,-0.051454,-0.057447,0.997022,0,0.81627,-0.32000,48.976,-0.640,900.000,375.000,-1,400.000,-1,325.000,325.000,300.000,300.000,-1,-1,-1,-1,725.000,775.000,1000.000,-1,1,0,2,0,2,0,0,0,0,2,2,2,2,0,0,1,2
93,-3806.908,-7625.875,229.561,136.950,-0.727784,-0.681494,-0.076785,0.683897,-0.729543,-0.007165,-0.051135,-0.057728,0.997022,0,0.89627,-0.44000,53.776,-0.880,875.000,375.000,-1,400.000,-1,325.000,325.000,300.000,300.000,-1,-1,-1,-1,700.000,775.000,950.000,-1,1,0,2,0,2,0,0,0,0,2,2,2,2,0,0,1,2
94,-3848.924,-7585.060,226.624,135.830,-0.714316,-0.695609,-0.076679,0.698001,-0.716068,-0.006392,-0.050461,-0.058088,0.997035,0,0.97627,-0.56000,58.576,-1.120,825.000,375.000,-1,400.000,-1,325.000,325.000,300.000,300.000,825.000,-1,-1,-1,700.000,775.000,925.000,-1,1,0,2,0,2,0,0,0,0,1,2,2,2,0,0,1,2
95,-3890.889,-7542.577,223.896,134.650,-0.699931,-0.710240,-0.075211,0.712541,-0.701609,-0.005566,-0.048815,-0.057487,0.997152,0,0.99525,-0.59027,59.715,-1.181,800.000,375.000,-1,400.000,-1,325.000,325.000,275.000,300.000,750.000,-1,-1,-1,725.000,775.000,875.000,-1,1,0,2,0,2,0,0,1,0,1,2,2,2,0,0,1,2
96,-3931.220,-7500.047,221.248,133.481,-0.685406,-0.724428,-0.073638,0.726641,-0.687000,-0.004908,-0.047034,-0.056873,0.997273,0,0.97685,-0.58438,58.611,-1.169,750.000,375.000,-1,400.000,-1,325.000,325.000,275.000,300.000,725.000,-1,-1,-1,725.000,775.000,850.000,-1,1,0,2,0,2,0,0,1,0,1,2,2,2,0,0,1,2
97,-3969.896,-7457.572,218.650,132.320,-0.670704,-0.738217,-0.072058,0.740349,-0.672209,-0.004425,-0.045171,-0.056316,0.997391,0,0.95742,-0.58024,57.445,-1.160,725.000,375.000,-1,400.000,-1,325.000,325.000,275.000,300.000,725.000,-1,-1,-1,725.000,800.000,825.000,-1,1,0,2,0,2,0,0,1,0,1,2,2,2,0,0,1,2
98,-4006.918,-7415.230,216.144,131.165,-0.655778,-0.751639,-0.070665,0.753708,-0.657196,-0.004121,-0.043343,-0.055963,0.997492,0,0.93741,-0.57783,56.244,-1.156,700.000,375.000,-1,400.000,-1,325.000,325.000,275.000,300.000,750.000,-1,-1,-1,725.000,800.000,800.000,-1,1,0,2,0,2,0,0,1,0,1,2,2,2,0,0,1,2
99,-4042.302,-7373.076,213.872,130.011,-0.640550,-0.764708,-0.070116,0.766769,-0.641910,-0.003995,-0.041953,-0.056322,0.997531,0,0.91727,-0.57706,55.036,-1.154,675.000,400.000,-1,400.000,-1,325.000,325.000,275.000,300.000,750.000,-1,-1,-1,725.000,800.000,750.000,-1,1,0,2,0,2,0,0,1,0,1,2,2,2,1,0,1,2
100,-4076.083,-7331.144,211.672,128.855,-0.625039,-0.777479,-0.069654,0.779541,-0.626339,-0.003988,-0.040526,-0.056791,0.997563,0,0.89742,-0.57786,53.845,-1.156,625.000,400.000,-1,400.000,-1,325.000,325.000,275.000,300.000,775.000,-1,-1,-1,725.000,800.000,725.000,-1,1,0,2,0,2,0,0,1,0,1,2,2,2,1,0,1,2
101,-4108.303,-7289.448,209.525,127.695,-0.609209,-0.789980,-0.069261,0.792045,-0.610450,-0.004012,-0.039111,-0.057302,0.997591,0,0.87824,-0.58013,52.694,-1.160,600.000,400.000,-1,400.000,-1,325.000,325.000,275.000,300.000,800.000,-1,-1,-1,700.000,800.000,700.000,-1,1,0,2,0,2,0,0,1,0,1,2,2,2,1,0,1,2
102,-4139.017,-7247.982,207.323,126.527,-0.593014,-0.802247,-0.068802,0.804294,-0.594221,-0.003563,-0.038026,-0.057450,0.997624,0,0.86003,-0.58376,51.602,-1.168,575.000,400.000,-1,400.000,-1,325.000,325.000,300.000,300.000,825.000,-1,-1,-1,675.000,800.000,675.000,-1,1,0,2,0,2,0,0,1,0,1,2,2,2,1,0,1,2
103,-4166.261,-7209.927,205.349,125.600,-0.579974,-0.811755,-0.068438,0.813788,-0.581152,-0.003260,-0.037127,-0.057585,0.997650,0,0.78003,-0.46376,46.802,-0.928,550.000,400.000,-1,400.000,-1,325.000,325.000,300.000,300.000,825.000,-1,-1,-1,675.000,800.000,650.000,-1,1,0,2,0,2,0,0,0,0,1,2,2,2,1,0,1,2
104,-4190.300,-7175.484,203.593,124.912,-0.570212,-0.818665,-0.068153,0.820689,-0.571367,-0.003062,-0.036434,-0.057678,0.997670,0,0.70003,-0.34376,42.002,-0.688,525.000,400.000,-1,400.000,-1,325.000,325.000,300.000,300.000,825.000,-1,-1,-1,650.000,800.000,625.000,-1,1,0,2,0,2,0,0,0,0,1,2,2,2,1,0,1,2
105,-4211.352,-7144.812,202.044,124.465,-0.563816,-0.823102,-0.067930,0.825117,-0.564954,-0.002932,-0.035964,-0.057703,0.997686,0,0.62003,-0.22376,37.202,-0.448,500.000,400.000,-1,400.000,-1,325.000,325.000,300.000,300.000,825.000,-1,-1,-1,650.000,800.000,600.000,-1,1,0,2,0,2,0,0,0,0,1,2,2,2,1,0,1,2
106,-4229.591,-7118.031,200.766,124.257,-0.560835,-0.825159,-0.067650,0.827147,-0.561980,-0.002504,-0.035952,-0.057361,0.997706,0,0.54003,-0.10376,32.402,-0.208,500.000,400.000,-1,400.000,-1,325.000,325.000,300.000,300.000,850.000,-1,-1,-1,625.000,800.000,575.000,-1,1,0,2,0,2,0,0,0,0,1,2,2,2,1,0,1,2
107,-4245.141,-7095.226,199.750,124.290,-0.561295,-0.824875,-0.067304,0.826815,-0.562471,-0.001764,-0.036401,-0.056638,0.997731,0,0.46003,0.01624,27.602,0.032,475.000,400.000,-1,400.000,-1,325.000,325.000,300.000,300.000,850.000,-1,-1,-1,625.000,800.000,550.000,-1,1,0,2,0,2,0,0,0,0,1,2,2,2,1,0,1,2
108,-4259.122,-7074.930,198.829,124.562,-0.565202,-0.822226,-0.067015,0.824121,-0.566412,-0.001131,-0.037028,-0.055867,0.997751,0,0.41075,0.13624,24.645,0.272,450.000,400.000,-1,400.000,-1,325.000,325.000,300.000,300.000,875.000,-1,-1,-1,600.000,800.000,550.000,-1,1,0,2,0,2,0,0,0,0,1,2,2,2,1,0,1,2
109,-4273.221,-7054.850,197.894,125.075,-0.572521,-0.817168,-0.066751,0.819015,-0.573772,-0.000522,-0.037873,-0.054968,0.997770,0,0.40893,0.25624,24.536,0.512,425.000,400.000,-1,400.000,-1,325.000,325.000,300.000,300.000,875.000,-1,-1,-1,575.000,800.000,525.000,-1,1,0,2,0,2,0,0,0,0,1,2,2,2,1,0,1,2
110,-4290.286,-7030.988,196.824,125.573,-0.579598,-0.812183,-0.066524,0.813990,-0.580879,-0.000090,-0.038569,-0.054202,0.997785,0,0.48893,0.24906,29.336,0.498,425.000,400.000,-1,400.000,-1,325.000,325.000,300.000,300.000,900.000,-1,-1,-1,575.000,775.000,500.000,-1,1,0,2,0,2,0,0,0,0,1,2,2,2,1,0,1,2
111,-4309.268,-7004.929,195.643,126.070,-0.586627,-0.807139,-0.066299,0.808907,-0.587937,0.000308,-0.039228,-0.053449,0.997800,0,0.53733,0.24886,32.240,0.498,400.000,400.000,-1,400.000,-1,325.000,325.000,300.000,300.000,925.000,-1,-1,-1,550.000,775.000,450.000,-1,1,0,2,0,2,0,0,0,0,1,2,2,2,1,0,1,2
112,-4328.487,-6979.018,194.426,126.568,-0.593605,-0.802034,-0.066143,0.803766,-0.594945,0.000705,-0.039917,-0.052745,0.997810,0,0.53767,0.24874,32.260,0.497,375.000,400.000,-1,400.000,-1,325.000,325.000,300.000,300.000,925.000,-1,-1,-1,525.000,775.000,425.000,-1,1,0,2,0,2,0,0,0,0,1,2,2,2,1,0,1,2
113,-4347.944,-6953.258,193.168,127.065,-0.600529,-0.796867,-0.066087,0.798569,-0.601903,0.001100,-0.040655,-0.052114,0.997813,0,0.53804,0.24861,32.282,0.497,350.000,400.000,-1,400.000,-1,325.000,325.000,300.000,300.000,950.000,-1,-1,-1,500.000,775.000,400.000,-1,1,0,2,0,2,0,0,0,0,1,2,2,2,1,0,1,2
114,-4367.638,-6927.650,191.889,127.562,-0.607406,-0.791643,-0.066025,0.793313,-0.608812,0.001488,-0.041375,-0.051475,0.997817,0,0.53842,0.24848,32.305,0.497,325.000,400.000,-1,400.000,-1,325.000,325.000,300.000,300.000,975.000,-1,-1,-1,475.000,775.000,375.000,-1,1,1,2,0,2,0,0,0,0,1,2,2,2,1,0,1,2
115,-4387.567,-6902.195,190.589,128.059,-0.614236,-0.786361,-0.065958,0.788000,-0.615673,0.001869,-0.042078,-0.050827,0.997821,0,0.53880,0.24837,32.328,0.497,300.000,375.000,-1,400.000,-1,325.000,325.000,300.000,300.000,975.000,-1,-1,-1,475.000,775.000,350.000,-1,1,1,2,0,2,0,0,0,0,1,2,2,2,1,0,1,2
116,-4407.730,-6876.897,189.267,128.555,-0.621018,-0.781022,-0.065884,0.782629,-0.622485,0.002243,-0.042763,-0.050170,0.997825,0,0.53918,0.24827,32.351,0.497,275.000,350.000,-1,400.000,-1,325.000,325.000,300.000,300.000,1000.000,-1,-1,-1,450.000,775.000,325.000,-1,1,1,2,0,2,0,0,0,0,1,2,2,2,1,0,1,2
117,-4428.124,-6851.757,187.924,129.052,-0.627754,-0.775626,-0.065803,0.777200,-0.629249,0.002610,-0.043431,-0.049504,0.997829,0,0.53953,0.24819,32.372,0.496,250.000,350.000,-1,400.000,-1,325.000,325.000,300.000,300.000,1000.000,-1,-1,-1,425.000,750.000,300.000,-1,1,1,2,0,2,0,0,0,0,1,2,2,2,1,0,1,2
118,-4448.748,-6826.780,186.559,129.548,-0.634442,-0.770172,-0.065716,0.771713,-0.635965,0.002971,-0.044081,-0.048829,0.997834,0,0.53986,0.24815,32.392,0.496,225.000,325.000,-1,400.000,-1,325.000,325.000,300.000,300.000,-1,-1,-1,-1,400.000,750.000,275.000,-1,1,1,2,0,2,0,0,0,0,2,2,2,2,1,0,1,2
119,-4469.599,-6801.970,185.174,130.044,-0.641084,-0.764660,-0.065622,0.766167,-0.642633,0.003324,-0.044713,-0.048146,0.997839,0,0.54014,0.24814,32.408,0.496,200.000,300.000,-1,400.000,-1,325.000,325.000,300.000,300.000,-1,-1,-1,-1,375.000,750.000,250.000,-1,1,1,2,0,2,1,0,0,0,2,2,2,2,1,0,1,2
120,-4490.672,-6777.331,183.671,130.541,-0.647711,-0.759102,-0.065069,0.760553,-0.649265,0.003687,-0.045045,-0.047100,0.997874,0,0.54036,0.24817,32.422,0.496,200.000,300.000,-1,400.000,-1,300.000,325.000,300.000,300.000,-1,-1,-1,-1,375.000,750.000,225.000,-1,1,1,2,0,2,1,0,1,0,2,2,2,2,1,0,1,2
121,-4511.961,-6752.866,183.165,131.037,-0.654637,-0.753623,-0.059186,0.754773,-0.655972,0.004278,-0.042049,-0.041872,0.998238,0,0.54052,0.24826,32.431,0.497,175.000,275.000,-1,400.000,-1,300.000,325.000,275.000,300.000,-1,-1,-1,-1,350.000,750.000,200.000,-1,1,1,2,0,2,1,0,1,0,2,2,2,2,1,1,1,2
122,-4533.463,-6728.583,184.006,131.534,-0.661860,-0.748202,-0.046208,0.748828,-0.662743,0.005329,-0.034611,-0.031075,0.998918,0,0.54059,0.24839,32.435,0.497,175.000,275.000,-1,425.000,-1,300.000,350.000,275.000,300.000,-1,-1,950.000,-1,350.000,750.000,200.000,-1,1,1,2,0,2,1,0,1,0,2,2,0,2,1,1,1,2
123,-4555.174,-6704.489,184.867,132.031,-0.668884,-0.742631,-0.033064,0.742875,-0.669398,0.006608,-0.027040,-0.020142,0.999431,0,0.54057,0.24859,32.434,0.497,175.000,275.000,-1,425.000,-1,275.000,350.000,275.000,300.000,-1,750.000,475.000,-1,350.000,775.000,200.000,-1,1,1,2,0,2,1,1,1,0,2,0,0,2,1,1,1,2
124,-4577.091,-6680.591,185.750,132.529,-0.675705,-0.736908,-0.019761,0.736919,-0.675933,0.008121,-0.019342,-0.009075,0.999772,0,0.54044,0.24885,32.426,0.498,175.000,275.000,-1,450.000,-1,275.000,350.000,275.000,275.000,-1,550.000,325.000,-1,350.000,825.000,175.000,-1,1,1,2,0,2,1,1,1,0,2,0,0,2,1,1,1,2
125,-4599.206,-6656.897,186.654,133.027,-0.682317,-0.731029,-0.006307,0.730965,-0.682343,0.009874,-0.011522,0.002127,0.999931,0,0.54019,0.24917,32.411,0.498,175.000,275.000,-1,450.000,-1,275.000,350.000,275.000,275.000,-1,450.000,225.000,925.000,325.000,900.000,175.000,-1,1,1,2,1,2,1,1,1,0,2,0,0,0,1,0,1,2
126,-4621.512,-6633.414,187.580,133.526,-0.688717,-0.724993,0.007289,0.725021,-0.688625,0.011861,-0.003580,0.013453,0.999903,0,0.53981,0.24957,32.389,0.499,150.000,250.000,-1,450.000,-1,275.000,325.000,275.000,275.000,-1,375.000,175.000,750.000,325.000,925.000,175.000,-1,1,1,2,1,2,1,1,1,0,2,0,0,0,1,0,1,2
127,-4644.002,-6610.150,188.553,134.026,-0.694900,-0.718799,0.021002,0.719092,-0.694775,0.013971,0.004550,0.024811,0.999682,0,0.53929,0.25002,32.358,0.500,150.000,250.000,-1,450.000,-1,250.000,325.000,275.000,275.000,-1,325.000,125.000,625.000,325.000,950.000,175.000,-1,1,1,2,1,2,1,1,1,0,2,0,0,0,1,0,1,2
128,-4666.669,-6587.114,189.571,134.527,-0.700864,-0.712448,0.034762,0.713181,-0.700791,0.016280,0.012762,0.036202,0.999263,0,0.53862,0.25055,32.317,0.501,150.000,250.000,-1,450.000,-1,250.000,325.000,275.000,250.000,-1,300.000,100.000,550.000,325.000,1000.000,175.000,-1,1,1,2,1,2,1,1,1,0,2,0,0,0,1,0,1,2
129,-4689.502,-6564.314,190.688,135.030,-0.706617,-0.705945,0.048312,0.707287,-0.706677,0.018765,0.020894,0.047430,0.998656,0,0.53779,0.25114,32.268,0.502,150.000,250.000,-1,450.000,-1,250.000,325.000,275.000,250.000,-1,250.000,75.000,475.000,325.000,-1,175.000,-1,1,1,2,1,2,1,1,1,0,2,0,0,0,1,2,1,2
130,-4712.495,-6541.759,191.828,135.533,-0.712151,-0.699284,0.061988,0.701421,-0.712424,0.021465,0.029151,0.058766,0.997846,0,0.53680,0.25180,32.208,0.504,150.000,250.000,-1,450.000,-1,250.000,325.000,275.000,250.000,-1,225.000,50.000,425.000,325.000,-1,150.000,-1,1,1,2,1,2,1,1,1,0,2,0,0,0,1,2,1,2
131,-4739.034,-6515.966,193.152,135.797,-0.714379,-0.695415,0.077850,0.698676,-0.715034,0.024062,0.038932,0.071582,0.996675,0,0.61680,0.13180,37.008,0.264,150.000,250.000,-1,450.000,-1,250.000,325.000,275.000,250.000,-1,225.000,50.000,350.000,325.000,-1,150.000,-1,1,1,2,1,2,1,1,1,0,2,0,0,0,1,2,1,2
132,-4769.274,-6487.094,194.698,136.300,-0.719057,-0.688289,0.095997,0.693145,-0.720265,0.027712,0.050069,0.086466,0.994996,0,0.69680,0.25180,41.808,0.504,150.000,225.000,-1,475.000,-1,250.000,325.000,275.000,250.000,-1,200.000,25.000,300.000,325.000,-1,150.000,-1,1,1,2,1,2,1,1,1,0,2,0,0,0,1,2,1,2
