timestep,x_cm,y_cm,z_cm,yaw_deg,basis_xx,basis_xy,basis_xz,basis_yx,basis_yy,basis_yz,basis_zx,basis_zy,basis_zz,teleport_flag,throttle_cmd,steering_cmd,cmd_move_cm,cmd_turn_deg,lidar_cm_0,lidar_cm_1,lidar_cm_2,lidar_cm_3,lidar_cm_4,lidar_cm_5,lidar_cm_6,lidar_cm_7,lidar_cm_8,lidar_cm_9,lidar_cm_10,lidar_cm_11,lidar_cm_12,lidar_cm_13,lidar_cm_14,lidar_cm_15,lidar_cm_16,lidar_class_0,lidar_class_1,lidar_class_2,lidar_class_3,lidar_class_4,lidar_class_5,lidar_class_6,lidar_class_7,lidar_class_8,lidar_class_9,lidar_class_10,lidar_class_11,lidar_class_12,lidar_class_13,lidar_class_14,lidar_class_15,lidar_class_16
0,2296.980,-4914.846,-26.954,75.318,0.253181,-0.967347,-0.011785,0.966406,0.253455,-0.042652,0.044246,-0.000591,0.999020,1,0.08000,0.12000,4.800,0.240,-1,400.000,-1,400.000,-1,325.000,325.000,300.000,300.000,-1,400.000,375.000,-1,725.000,750.000,-1,-1,2,0,2,0,2,0,0,0,0,2,1,1,2,0,0,2,2
1,2299.335,-4905.539,-26.524,75.798,0.245057,-0.969436,-0.011869,0.968494,0.245342,-0.042747,0.044353,-0.001020,0.999015,0,0.16000,0.24000,9.600,0.480,-1,400.000,-1,400.000,-1,325.000,325.000,300.000,300.000,-1,425.000,375.000,-1,725.000,750.000,-1,-1,2,0,2,0,2,0,0,0,0,2,1,1,2,0,0,2,2
2,2302.716,-4891.542,-25.880,76.421,0.234483,-0.972046,-0.011987,0.971100,0.234784,-0.042899,0.044514,-0.001581,0.999008,0,0.24000,0.31156,14.400,0.623,-1,400.000,-1,400.000,-1,325.000,325.000,300.000,300.000,-1,425.000,400.000,-1,725.000,750.000,-1,-1,2,0,2,0,2,0,0,0,0,2,1,1,2,0,0,2,2
3,2307.019,-4872.830,-25.026,77.049,0.223804,-0.974559,-0.012128,0.973607,0.224122,-0.043115,0.044736,-0.002159,0.998997,0,0.32000,0.31383,19.200,0.628,-1,400.000,-1,400.000,-1,325.000,325.000,300.000,300.000,-1,450.000,425.000,-1,725.000,750.000,-1,-1,2,0,2,0,2,0,0,0,0,2,1,1,2,0,0,2,2
4,2312.139,-4849.383,-23.962,77.682,0.212993,-0.976977,-0.012287,0.976016,0.213329,-0.043397,0.045019,-0.002749,0.998982,0,0.40000,0.31686,24.000,0.634,-1,400.000,-1,400.000,-1,325.000,325.000,300.000,300.000,-1,475.000,450.000,-1,725.000,750.000,-1,-1,2,0,2,0,2,0,0,0,0,2,1,1,2,0,0,2,2
5,2317.968,-4821.179,-22.689,78.324,0.202024,-0.979301,-0.012457,0.978329,0.202380,-0.043749,0.045364,-0.003349,0.998965,0,0.48000,0.32065,28.800,0.641,-1,375.000,-1,400.000,-1,325.000,325.000,300.000,300.000,-1,500.000,475.000,-1,725.000,750.000,-1,-1,2,0,2,0,2,0,0,0,0,2,1,1,2,0,0,2,2
6,2324.394,-4788.199,-21.208,78.974,0.190873,-0.981533,-0.012630,0.980547,0.191250,-0.044171,0.045771,-0.003954,0.998944,0,0.56000,0.32522,33.600,0.650,-1,375.000,-1,400.000,-1,325.000,325.000,300.000,300.000,-1,525.000,500.000,-1,725.000,750.000,-1,-1,2,0,2,0,2,0,0,0,0,2,1,1,2,0,0,2,2
7,2331.303,-4750.425,-19.520,79.635,0.179513,-0.983672,-0.012800,0.982668,0.179911,-0.044666,0.046239,-0.004560,0.998920,0,0.64000,0.33057,38.400,0.661,-1,375.000,-1,400.000,-1,325.000,325.000,300.000,300.000,-1,550.000,525.000,-1,725.000,750.000,-1,-1,2,0,2,0,2,0,0,0,0,2,1,1,2,0,0,2,2
8,2338.575,-4707.842,-17.625,80.309,0.167917,-0.985716,-0.012957,0.984691,0.168337,-0.045235,0.046770,-0.005163,0.998892,0,0.72000,0.33670,43.200,0.673,-1,375.000,-1,400.000,-1,325.000,325.000,300.000,300.000,-1,600.000,575.000,-1,725.000,750.000,-1,-1,2,0,2,0,2,0,0,0,0,2,1,1,2,0,0,2,2
9,2345.508,-4664.088,-15.687,80.996,0.156060,-0.987661,-0.013083,0.986614,0.156501,-0.045829,0.047311,-0.005756,0.998864,0,0.73832,0.34361,44.299,0.687,-1,375.000,-1,400.000,-1,325.000,325.000,300.000,300.000,-1,650.000,625.000,-1,725.000,750.000,-1,-1,2,0,2,0,2,0,0,0,0,2,1,1,2,0,0,2,2
10,2351.953,-4619.924,-13.683,81.697,0.143948,-0.989501,-0.012932,0.988434,0.144399,-0.046345,0.047726,-0.006111,0.998842,0,0.74386,0.35071,44.632,0.701,-1,375.000,-1,400.000,-1,325.000,325.000,300.000,300.000,-1,675.000,650.000,-1,725.000,750.000,-1,-1,2,0,2,0,2,0,0,0,0,2,1,1,2,0,0,2,2
11,2357.890,-4575.348,-11.553,82.413,0.131589,-0.991228,-0.012293,0.990129,0.132027,-0.047043,0.048253,-0.005981,0.998817,0,0.74950,0.35788,44.970,0.716,-1,375.000,-1,400.000,-1,325.000,325.000,300.000,300.000,-1,725.000,700.000,-1,725.000,750.000,-1,-1,2,0,2,0,2,0,0,0,0,2,1,1,2,0,0,2,2
12,2363.300,-4530.357,-9.269,83.143,0.118937,-0.992828,-0.012111,0.991712,0.119383,-0.047483,0.048588,-0.006363,0.998799,0,0.75523,0.36511,45.314,0.730,-1,375.000,-1,400.000,-1,325.000,325.000,300.000,300.000,-1,775.000,750.000,-1,725.000,750.000,-1,-1,2,0,2,0,2,0,0,0,0,2,1,1,2,0,0,2,2
13,2368.440,-4480.508,-6.701,84.114,0.102087,-0.994702,-0.012077,0.993568,0.102554,-0.048008,0.048992,-0.007098,0.998774,0,0.83523,0.48511,50.114,0.970,-1,375.000,-1,400.000,-1,325.000,325.000,300.000,300.000,-1,800.000,800.000,-1,725.000,750.000,-1,-1,2,0,2,0,2,0,0,0,0,2,1,1,2,0,0,2,2
14,2372.618,-4429.422,-4.083,85.324,0.081030,-0.996639,-0.012013,0.995489,0.081521,-0.048548,0.049364,-0.008025,0.998749,0,0.85427,0.60511,51.256,1.210,-1,375.000,-1,400.000,-1,325.000,325.000,300.000,300.000,-1,850.000,850.000,-1,725.000,750.000,-1,-1,2,0,2,0,2,0,0,0,0,2,1,1,2,0,0,2,2
15,2375.525,-4377.849,-1.455,86.774,0.055750,-0.998374,-0.011914,0.997208,0.056271,-0.049098,0.049688,-0.009143,0.998723,0,0.86092,0.72511,51.655,1.450,-1,375.000,-1,400.000,-1,325.000,325.000,300.000,300.000,-1,900.000,900.000,-1,725.000,775.000,-1,-1,2,0,2,0,2,0,0,0,0,2,1,1,2,0,0,2,2
16,2376.920,-4325.807,1.178,88.464,0.026244,-0.999586,-0.011775,0.998407,0.026799,-0.049660,0.049955,-0.010453,0.998697,0,0.86767,0.84511,52.060,1.690,-1,375.000,-1,400.000,-1,325.000,325.000,300.000,300.000,-1,950.000,950.000,-1,725.000,775.000,-1,-1,2,0,2,0,2,0,0,0,0,2,1,1,2,0,0,2,2
17,2376.559,-4273.338,3.815,90.395,-0.007476,-0.999905,-0.011592,0.998714,-0.006885,-0.050237,0.050152,-0.011953,0.998670,0,0.87450,0.96511,52.470,1.930,-1,375.000,-1,400.000,-1,325.000,325.000,300.000,300.000,-1,1000.000,1000.000,-1,725.000,775.000,-1,-1,2,0,2,0,2,0,0,0,0,2,1,1,2,0,0,2,2
18,2374.421,-4220.496,6.453,92.316,-0.041040,-0.999093,-0.011355,0.997889,-0.040413,-0.050828,0.050323,-0.013417,0.998643,0,0.88142,0.96091,52.885,1.922,-1,375.000,-1,400.000,-1,325.000,325.000,300.000,300.000,-1,-1,-1,-1,725.000,775.000,-1,-1,2,0,2,0,2,0,0,0,0,2,2,2,2,0,0,2,2
19,2370.497,-4167.338,9.090,94.221,-0.074260,-0.997178,-0.011069,0.995961,-0.073598,-0.051434,0.050475,-0.014843,0.998615,0,0.88838,0.95240,53.303,1.905,-1,375.000,-1,400.000,-1,325.000,325.000,300.000,300.000,-1,-1,-1,-1,725.000,775.000,-1,-1,2,0,2,0,2,0,0,0,0,2,2,2,2,0,0,2,2
20,2364.780,-4113.921,11.726,96.109,-0.107098,-0.994191,-0.010738,0.992960,-0.106403,-0.052054,0.050609,-0.016237,0.998587,0,0.89537,0.94383,53.722,1.888,-1,375.000,-1,400.000,-1,325.000,325.000,300.000,300.000,-1,-1,1000.000,-1,725.000,775.000,-1,-1,2,0,2,0,2,0,0,0,0,2,2,0,2,0,0,2,2
21,2358.177,-4065.446,14.107,97.756,-0.135666,-0.990700,-0.010405,0.989455,-0.134942,-0.052625,0.050731,-0.017435,0.998560,0,0.81537,0.82383,48.922,1.648,-1,375.000,-1,400.000,-1,325.000,325.000,300.000,300.000,-1,-1,975.000,-1,725.000,775.000,-1,-1,2,0,2,0,2,0,0,0,0,2,2,0,2,0,0,2,2
22,2350.334,-4016.826,16.489,99.164,-0.159983,-0.987069,-0.010048,0.985806,-0.159236,-0.053206,0.050918,-0.018417,0.998533,0,0.82082,0.70383,49.249,1.408,-1,375.000,-1,400.000,-1,325.000,325.000,300.000,300.000,-1,1000.000,950.000,-1,725.000,775.000,-1,-1,2,0,2,0,2,0,0,0,0,2,0,0,2,0,0,2,2
23,2341.454,-3968.121,18.902,100.332,-0.180085,-0.983602,-0.009817,0.982325,-0.179315,-0.053706,0.051065,-0.019315,0.998509,0,0.82512,0.58383,49.507,1.168,-1,375.000,-1,400.000,-1,325.000,325.000,300.000,300.000,-1,1000.000,950.000,-1,725.000,775.000,-1,-1,2,0,2,0,2,0,0,0,0,2,0,0,2,0,0,2,2
24,2331.788,-3919.567,21.306,101.259,-0.196000,-0.980557,-0.009635,0.979275,-0.195213,-0.053972,0.051042,-0.020014,0.998496,0,0.82512,0.46383,49.507,0.928,-1,375.000,-1,400.000,-1,325.000,325.000,300.000,300.000,-1,-1,975.000,-1,725.000,775.000,-1,-1,2,0,2,0,2,0,0,0,0,2,2,0,2,0,0,2,2
25,2321.539,-3871.132,23.754,101.947,-0.207754,-0.978137,-0.009317,0.976852,-0.206966,-0.054079,0.050969,-0.020336,0.998493,0,0.82512,0.34383,49.507,0.688,-1,375.000,-1,400.000,-1,325.000,325.000,300.000,300.000,-1,-1,1000.000,-1,725.000,775.000,-1,-1,2,0,2,0,2,0,0,0,0,2,2,0,2,0,0,2,2
26,2310.913,-3822.778,26.304,102.395,-0.215367,-0.976495,-0.008610,0.975199,-0.214604,-0.054144,0.051024,-0.020057,0.998496,0,0.82512,0.22383,49.507,0.448,-1,375.000,-1,400.000,-1,325.000,325.000,300.000,300.000,-1,-1,-1,-1,725.000,775.000,-1,-1,2,0,2,0,2,0,0,0,0,2,2,2,2,0,0,2,2
27,2299.926,-3774.505,28.866,102.822,-0.222613,-0.974875,-0.007891,0.973565,-0.221875,-0.054238,0.051124,-0.019756,0.998497,0,0.82512,0.21347,49.507,0.427,-1,375.000,-1,400.000,-1,325.000,325.000,300.000,300.000,-1,-1,-1,-1,700.000,775.000,-1,-1,2,0,2,0,2,0,0,0,0,2,2,2,2,0,0,2,2
28,2288.580,-3726.316,31.437,103.249,-0.229848,-0.973200,-0.007168,0.971876,-0.229135,-0.054358,0.051259,-0.019460,0.998496,0,0.82512,0.21347,49.507,0.427,-1,375.000,-1,400.000,-1,325.000,325.000,300.000,300.000,-1,-1,-1,-1,700.000,775.000,-1,-1,2,0,2,0,2,0,0,0,0,2,2,2,2,0,0,2,2
29,2276.875,-3678.212,34.019,103.676,-0.237070,-0.971471,-0.006441,0.970130,-0.236381,-0.054506,0.051428,-0.019170,0.998493,0,0.82512,0.21347,49.507,0.427,-1,375.000,-1,400.000,-1,325.000,325.000,300.000,300.000,-1,-1,-1,-1,700.000,775.000,-1,-1,2,0,2,0,2,0,0,0,0,2,2,2,2,0,0,2,2
30,2264.813,-3630.197,36.612,104.103,-0.244279,-0.969688,-0.005708,0.968329,-0.243615,-0.054682,0.051634,-0.018885,0.998488,0,0.82512,0.21347,49.507,0.427,-1,375.000,-1,400.000,-1,325.000,325.000,300.000,300.000,-1,-1,-1,-1,700.000,775.000,-1,-1,2,0,2,0,2,0,0,0,0,2,2,2,2,0,0,2,2
31,2252.392,-3582.272,39.216,104.530,-0.251475,-0.967851,-0.004970,0.966473,-0.250835,-0.054886,0.051875,-0.018606,0.998480,0,0.82512,0.21347,49.507,0.427,-1,375.000,-1,400.000,-1,325.000,325.000,300.000,300.000,-1,-1,-1,-1,700.000,775.000,-1,-1,2,0,2,0,2,0,0,0,0,2,2,2,2,0,0,2,2
32,2239.615,-3534.442,41.832,104.956,-0.258657,-0.965960,-0.004226,0.964560,-0.258041,-0.055121,0.052155,-0.018333,0.998471,0,0.82512,0.21347,49.507,0.427,-1,375.000,-1,400.000,-1,325.000,325.000,300.000,300.000,-1,-1,-1,-1,700.000,775.000,-1,-1,2,0,2,0,2,0,0,0,0,2,2,2,2,0,0,2,2
33,2226.482,-3486.709,44.460,105.383,-0.265825,-0.964015,-0.003474,0.962592,-0.265233,-0.055387,0.052472,-0.018067,0.998459,0,0.82512,0.21347,49.507,0.427,-1,375.000,-1,400.000,-1,325.000,325.000,325.000,300.000,-1,-1,-1,-1,700.000,775.000,-1,-1,2,0,2,0,2,0,0,0,0,2,2,2,2,0,0,2,2
34,2214.334,-3443.683,46.846,105.767,-0.272253,-0.962222,-0.002789,0.960776,-0.271683,-0.055654,0.052794,-0.017831,0.998446,0,0.74512,0.19181,44.707,0.384,-1,375.000,-1,400.000,-1,325.000,325.000,300.000,300.000,-1,-1,-1,-1,700.000,775.000,-1,-1,2,0,2,0,2,0,0,0,0,2,2,2,2,0,0,2,2
35,2202.952,-3404.379,49.039,106.151,-0.278672,-0.960384,-0.002157,0.958917,-0.278121,-0.055921,0.053105,-0.017652,0.998433,0,0.68198,0.19181,40.919,0.384,-1,375.000,-1,400.000,-1,325.000,325.000,300.000,300.000,-1,-1,-1,-1,700.000,775.000,-1,-1,2,0,2,0,2,0,0,0,0,2,2,2,2,0,0,2,2
36,2191.307,-3365.152,51.236,106.534,-0.285077,-0.958504,-0.001497,0.957013,-0.284546,-0.056219,0.053460,-0.017459,0.998417,0,0.68198,0.19181,40.919,0.384,-1,375.000,-1,400.000,-1,325.000,325.000,300.000,300.000,-1,-1,-1,-1,700.000,775.000,-1,-1,2,0,2,0,2,0,0,0,0,2,2,2,2,0,0,2,2
37,2179.399,-3326.004,53.408,106.918,-0.291462,-0.956582,-0.000683,0.955061,-0.290959,-0.056586,0.053930,-0.017145,0.998398,0,0.68198,0.19181,40.919,0.384,-1,375.000,-1,400.000,-1,325.000,325.000,300.000,300.000,-1,-1,-1,-1,700.000,775.000,-1,-1,2,0,2,0,2,0,0,0,0,2,2,2,2,0,0,2,2
38,2167.230,-3286.937,55.581,107.302,-0.297833,-0.954618,0.000157,0.953067,-0.297359,-0.056931,0.054394,-0.016806,0.998378,0,0.68198,0.19181,40.919,0.384,-1,375.000,-1,400.000,-1,325.000,325.000,300.000,300.000,-1,-1,-1,-1,700.000,775.000,-1,-1,2,0,2,0,2,0,0,0,0,2,2,2,2,0,0,2,2
39,2154.799,-3247.952,57.771,107.685,-0.304191,-0.952611,0.000986,0.951028,-0.303745,-0.057309,0.054893,-0.016495,0.998356,0,0.68198,0.19181,40.919,0.384,-1,375.000,-1,400.000,-1,325.000,325.000,300.000,300.000,-1,-1,-1,-1,700.000,775.000,-1,-1,2,0,2,0,2,0,0,0,0,2,2,2,2,0,0,2,2
40,2142.108,-3209.051,59.992,108.069,-0.310534,-0.950561,0.001836,0.948947,-0.310118,-0.057674,0.055391,-0.016168,0.998334,0,0.68198,0.19181,40.919,0.384,-1,375.000,-1,400.000,-1,325.000,325.000,300.000,300.000,-1,-1,-1,-1,700.000,775.000,-1,-1,2,0,2,0,2,0,0,0,0,2,2,2,2,0,0,2,2
41,2129.156,-3170.236,62.257,108.452,-0.316857,-0.948469,0.002764,0.946831,-0.316478,-0.057899,0.055790,-0.015728,0.998319,0,0.68198,0.19181,40.919,0.384,-1,375.000,-1,400.000,-1,325.000,325.000,300.000,300.000,-1,-1,-1,-1,700.000,775.000,-1,-1,2,0,2,0,2,0,0,0,0,2,2,2,2,0,0,2,2
42,2115.945,-3131.508,64.513,108.836,-0.323171,-0.946334,0.003564,0.944676,-0.322823,-0.058079,0.056112,-0.015403,0.998306,0,0.68198,0.19181,40.919,0.384,-1,375.000,-1,400.000,-1,325.000,325.000,300.000,300.000,-1,-1,-1,-1,700.000,775.000,-1,-1,2,0,2,0,2,0,0,0,0,2,2,2,2,0,0,2,2
43,2102.475,-3092.870,66.786,109.220,-0.329470,-0.944156,0.004363,0.942477,-0.329154,-0.058261,0.056444,-0.015083,0.998292,0,0.68198,0.19181,40.919,0.384,-1,375.000,-1,400.000,-1,325.000,325.000,300.000,300.000,-1,-1,1000.000,-1,700.000,775.000,-1,-1,2,0,2,0,2,0,0,0,0,2,2,0,2,0,0,2,2
44,2088.746,-3054.323,69.077,109.603,-0.335755,-0.941935,0.005164,0.940236,-0.335470,-0.058447,0.056785,-0.014768,0.998277,0,0.68198,0.19181,40.919,0.384,-1,375.000,-1,400.000,-1,325.000,325.000,300.000,300.000,-1,-1,1000.000,-1,725.000,775.000,-1,-1,2,0,2,0,2,0,0,0,0,2,2,0,2,0,0,2,2
45,2074.760,-3015.868,71.386,109.987,-0.342024,-0.939672,0.005966,0.937953,-0.341770,-0.058634,0.057136,-0.014458,0.998262,0,0.68198,0.19181,40.919,0.384,-1,375.000,-1,400.000,-1,325.000,325.000,300.000,300.000,-1,-1,1000.000,-1,725.000,800.000,-1,-1,2,0,2,0,2,0,0,0,0,2,2,0,2,0,0,2,2
46,2060.517,-2977.508,73.714,110.371,-0.348278,-0.937367,0.006769,0.935626,-0.348056,-0.058824,0.057496,-0.014154,0.998245,0,0.68198,0.19181,40.919,0.384,-1,375.000,-1,400.000,-1,325.000,325.000,300.000,300.000,-1,-1,975.000,-1,725.000,800.000,-1,-1,2,0,2,0,2,0,0,0,0,2,2,0,2,0,0,2,2
47,2046.017,-2939.245,76.060,110.754,-0.354516,-0.935019,0.007573,0.933258,-0.354326,-0.059016,0.057865,-0.013855,0.998228,0,0.68198,0.19181,40.919,0.384,-1,375.000,-1,400.000,-1,325.000,325.000,300.000,300.000,-1,-1,950.000,-1,725.000,800.000,-1,-1,2,0,2,0,2,0,0,0,0,2,2,0,2,0,0,2,2
48,2031.261,-2901.079,78.426,111.138,-0.360737,-0.932630,0.008377,0.930847,-0.360580,-0.059210,0.058242,-0.013561,0.998210,0,0.68198,0.19181,40.919,0.384,-1,375.000,-1,400.000,-1,325.000,325.000,300.000,300.000,-1,-1,925.000,-1,725.000,800.000,-1,-1,2,0,2,0,2,0,0,0,0,2,2,0,2,0,0,2,2
49,2016.250,-2863.013,80.812,111.521,-0.366943,-0.930198,0.009183,0.928394,-0.366817,-0.059406,0.058628,-0.013273,0.998192,0,0.68198,0.19181,40.919,0.384,-1,375.000,-1,400.000,-1,325.000,325.000,300.000,300.000,-1,-1,925.000,-1,750.000,800.000,-1,-1,2,0,2,0,2,0,0,0,0,2,2,0,2,0,0,2,2
50,2000.984,-2825.048,83.218,111.905,-0.373131,-0.927725,0.009988,0.925899,-0.373039,-0.059603,0.059021,-0.012991,0.998172,0,0.68198,0.19181,40.919,0.384,-1,375.000,-1,400.000,-1,325.000,325.000,300.000,300.000,-1,-1,900.000,-1,750.000,800.000,-1,-1,2,0,2,0,2,0,0,0,0,2,2,0,2,0,0,2,2
51,1983.803,-2782.680,85.927,112.074,-0.375820,-0.926629,0.010884,0.924780,-0.375772,-0.059817,0.059518,-0.012415,0.998150,0,0.76198,0.08437,45.719,0.169,-1,375.000,-1,400.000,-1,325.000,325.000,300.000,300.000,-1,-1,900.000,-1,750.000,800.000,-1,-1,2,0,2,0,2,0,0,0,0,2,2,0,2,0,0,2,2
52,1964.680,-2735.920,88.949,112.243,-0.378498,-0.925526,0.011886,0.923650,-0.378502,-0.060052,0.060078,-0.011751,0.998125,0,0.84198,0.08437,50.519,0.169,-1,375.000,-1,400.000,-1,325.000,325.000,300.000,300.000,-1,-1,875.000,-1,775.000,800.000,-1,-1,2,0,2,0,2,0,0,0,0,2,2,0,2,0,0,2,2
53,1943.589,-2684.780,92.272,112.411,-0.381163,-0.924416,0.013050,0.922514,-0.381230,-0.060260,0.060680,-0.010931,0.998097,0,0.92198,0.08437,55.319,0.169,-1,400.000,-1,400.000,-1,325.000,325.000,300.000,300.000,-1,-1,875.000,-1,775.000,825.000,-1,-1,2,0,2,0,2,0,0,0,0,2,2,0,2,0,0,2,2
54,1921.067,-2630.619,95.717,112.580,-0.383800,-0.923302,0.014536,0.921407,-0.383956,-0.059892,0.060880,-0.009593,0.998099,0,0.97761,0.08437,58.657,0.169,-1,400.000,-1,400.000,-1,325.000,325.000,300.000,300.000,-1,-1,900.000,-1,775.000,825.000,-1,-1,2,0,2,0,2,0,0,0,0,2,2,0,2,0,0,2,2
55,1898.384,-2576.525,99.195,112.749,-0.386432,-0.922178,0.016039,0.920297,-0.386678,-0.059450,0.061026,-0.008213,0.998102,0,0.97761,0.08437,58.657,0.169,-1,400.000,-1,400.000,-1,325.000,325.000,300.000,300.000,-1,-1,925.000,-1,800.000,850.000,-1,-1,2,0,2,0,2,0,0,0,0,2,2,0,2,0,0,2,2
56,1875.543,-2522.498,102.680,112.917,-0.389064,-0.921045,0.017494,0.919176,-0.389396,-0.059050,0.061199,-0.006894,0.998102,0,0.97761,0.08437,58.657,0.169,-1,400.000,-1,400.000,-1,325.000,325.000,300.000,300.000,-1,-1,950.000,-1,800.000,850.000,-1,-1,2,0,2,0,2,0,0,0,0,2,2,0,2,0,0,2,2
57,1852.543,-2468.539,106.069,113.086,-0.391725,-0.919899,0.018368,0.918055,-0.392109,-0.058530,0.061044,-0.006065,0.998117,0,0.97761,0.08437,58.657,0.169,-1,400.000,-1,400.000,-1,325.000,325.000,300.000,300.000,-1,-1,1000.000,-1,800.000,850.000,-1,-1,2,0,2,0,2,0,0,0,0,2,2,0,2,0,0,2,2
58,1829.242,-2414.308,109.330,113.251,-0.394372,-0.918768,0.018340,0.916974,-0.394753,-0.057695,0.060248,-0.005937,0.998166,0,0.98374,0.08240,59.024,0.165,-1,400.000,-1,400.000,-1,325.000,325.000,300.000,300.000,-1,-1,-1,-1,800.000,850.000,-1,-1,2,0,2,0,2,0,0,0,0,2,2,2,2,0,0,2,2
59,1805.624,-2359.758,112.633,113.411,-0.396941,-0.917663,0.018251,0.915923,-0.397317,-0.056779,0.059355,-0.005821,0.998220,0,0.99073,0.07998,59.444,0.160,-1,400.000,-1,400.000,-1,325.000,325.000,300.000,300.000,-1,-1,-1,-1,825.000,850.000,-1,-1,2,0,2,0,2,0,0,0,0,2,2,2,2,0,0,2,2
60,1781.691,-2304.889,115.978,113.566,-0.399426,-0.916587,0.018099,0.914906,-0.399795,-0.055778,0.058361,-0.005720,0.998279,0,0.99769,0.07738,59.861,0.155,-1,400.000,-1,400.000,-1,325.000,325.000,300.000,300.000,-1,-1,-1,-1,825.000,850.000,-1,-1,2,0,2,0,2,0,0,0,0,2,2,2,2,0,0,2,2
61,1757.560,-2249.956,119.352,113.715,-0.401821,-0.915544,0.017885,0.913926,-0.402179,-0.054696,0.057269,-0.005632,0.998343,0,1.00000,0.07457,60.000,0.149,-1,400.000,-1,400.000,-1,325.000,325.000,300.000,300.000,-1,-1,-1,-1,825.000,850.000,-1,-1,2,0,2,0,2,0,0,0,0,2,2,2,2,0,0,2,2
62,1733.292,-2195.083,122.743,113.858,-0.404121,-0.914536,0.017603,0.912985,-0.404465,-0.053542,0.056085,-0.005566,0.998410,0,1.00000,0.07156,60.000,0.143,-1,400.000,-1,400.000,-1,325.000,325.000,300.000,300.000,-1,-1,-1,-1,825.000,850.000,-1,-1,2,0,2,0,2,0,0,0,0,2,2,2,2,0,0,2,2
63,1708.893,-2140.268,126.152,113.995,-0.406318,-0.913569,0.017249,0.912086,-0.406646,-0.052323,0.054815,-0.005528,0.998481,0,1.00000,0.06835,60.000,0.137,-1,400.000,-1,400.000,950.000,325.000,325.000,300.000,300.000,-1,-1,-1,-1,825.000,850.000,-1,975.000,2,0,2,0,1,0,0,0,0,2,2,2,2,0,1,2,1
64,1684.369,-2085.509,129.529,114.125,-0.408395,-0.912646,0.017044,0.911230,-0.408715,-0.051096,0.053599,-0.005336,0.998548,0,1.00000,0.06491,60.000,0.130,-1,400.000,-1,400.000,900.000,325.000,325.000,300.000,300.000,-1,-1,-1,-1,825.000,825.000,-1,900.000,2,0,2,0,1,0,0,0,0,2,2,2,2,0,1,2,1
65,1659.729,-2030.802,132.785,114.247,-0.410327,-0.911774,0.017327,0.910424,-0.410667,-0.049806,0.052528,-0.004662,0.998609,0,1.00000,0.06123,60.000,0.122,-1,400.000,-1,400.000,850.000,325.000,325.000,300.000,300.000,-1,-1,-1,-1,825.000,775.000,-1,850.000,2,0,2,0,1,0,0,0,0,2,2,2,2,0,1,2,1
66,1634.979,-1976.145,135.805,114.362,-0.412105,-0.910956,0.018123,0.909724,-0.412492,-0.047455,0.050705,-0.003070,0.998709,0,1.00000,0.05731,60.000,0.115,-1,400.000,-1,400.000,775.000,325.000,325.000,300.000,300.000,-1,-1,-1,-1,825.000,725.000,-1,800.000,2,0,2,0,1,0,0,0,0,2,2,2,2,0,1,2,1
67,1610.128,-1921.533,138.830,114.468,-0.413753,-0.910193,0.018907,0.909078,-0.414182,-0.045056,0.048840,-0.001454,0.998806,0,1.00000,0.05311,60.000,0.106,-1,400.000,-1,400.000,725.000,325.000,325.000,300.000,300.000,-1,-1,-1,-1,825.000,675.000,-1,725.000,2,0,2,0,1,0,0,0,0,2,2,2,2,0,1,2,1
68,1585.185,-1866.964,141.722,114.565,-0.415276,-0.909489,0.019362,0.908461,-0.415727,-0.043239,0.047374,-0.000367,0.998877,0,1.00000,0.04863,60.000,0.097,-1,400.000,-1,400.000,675.000,325.000,325.000,300.000,300.000,-1,-1,-1,-1,825.000,650.000,-1,675.000,2,0,2,0,1,0,0,0,0,2,2,2,2,0,1,2,1
69,1560.158,-1812.433,144.421,114.653,-0.416673,-0.908852,0.019258,0.907877,-0.417118,-0.042096,0.046291,-0.000057,0.998928,0,1.00000,0.04383,60.000,0.088,-1,400.000,-1,400.000,600.000,325.000,325.000,300.000,300.000,-1,-1,-1,-1,825.000,600.000,-1,625.000,2,0,2,0,1,0,0,0,0,2,2,2,2,0,1,2,1
70,1535.057,-1757.936,146.946,114.730,-0.417938,-0.908288,0.018473,0.907376,-0.418346,-0.040690,0.044687,-0.000244,0.999001,0,1.00000,0.03870,60.000,0.077,-1,400.000,-1,400.000,550.000,325.000,325.000,300.000,300.000,-1,-1,-1,-1,825.000,575.000,-1,575.000,2,0,2,0,1,0,0,0,0,2,2,2,2,0,1,2,1
71,1509.893,-1703.468,149.460,114.797,-0.419024,-0.907802,0.017705,0.906952,-0.419398,-0.039277,0.043081,-0.000400,0.999071,0,1.00000,0.03321,60.000,0.066,-1,400.000,-1,400.000,500.000,325.000,325.000,300.000,300.000,-1,-1,-1,-1,825.000,525.000,-1,500.000,2,0,2,0,1,0,0,0,0,2,2,2,2,0,1,2,1
72,1484.678,-1649.024,151.973,114.851,-0.419923,-0.907402,0.016932,0.906610,-0.420263,-0.037902,0.041508,-0.000565,0.999138,0,1.00000,0.02732,60.000,0.055,-1,400.000,-1,400.000,425.000,325.000,325.000,300.000,300.000,-1,-1,-1,-1,800.000,500.000,-1,450.000,2,0,2,1,1,0,0,0,0,2,2,2,2,0,1,2,1
73,1459.422,-1594.599,154.484,114.893,-0.420619,-0.907093,0.016154,0.906357,-0.420929,-0.036564,0.039966,-0.000738,0.999201,0,1.00000,0.02100,60.000,0.042,-1,400.000,-1,350.000,375.000,325.000,325.000,300.000,300.000,-1,-1,-1,-1,800.000,450.000,-1,400.000,2,0,2,1,1,0,0,0,0,2,2,2,2,0,1,2,1
74,1434.139,-1540.186,156.994,114.922,-0.421099,-0.906884,0.015372,0.906199,-0.421379,-0.035262,0.038456,-0.000919,0.999260,0,1.00000,0.01423,60.000,0.028,-1,400.000,-1,325.000,325.000,325.000,325.000,300.000,300.000,-1,-1,-1,-1,800.000,425.000,-1,350.000,2,0,2,1,1,0,1,0,0,2,2,2,2,0,1,2,1
75,1408.843,-1485.779,159.502,114.936,-0.421348,-0.906782,0.014588,0.906145,-0.421599,-0.033998,0.036979,-0.001106,0.999315,0,1.00000,0.00695,60.000,0.014,-1,400.000,-1,300.000,275.000,325.000,300.000,300.000,300.000,-1,-1,-1,-1,775.000,400.000,-1,300.000,2,0,2,1,1,1,1,0,0,2,2,2,2,0,1,2,1
76,1383.549,-1431.371,161.902,114.934,-0.421330,-0.906795,0.014291,0.906199,-0.421571,-0.032887,0.035847,-0.000906,0.999357,0,1.00000,-0.00087,60.000,-0.002,-1,400.000,-1,275.000,225.000,300.000,275.000,300.000,300.000,-1,-1,-1,-1,775.000,375.000,-1,250.000,2,0,2,1,1,1,1,0,0,2,2,2,2,0,1,2,1
77,1358.272,-1376.955,164.690,114.915,-0.421071,-0.906929,0.013352,0.906279,-0.421276,-0.034428,0.036848,-0.002396,0.999318,0,1.00000,-0.00929,60.000,-0.019,-1,400.000,-1,275.000,175.000,300.000,250.000,300.000,325.000,-1,-1,-1,-1,775.000,350.000,-1,200.000,2,0,2,1,1,1,1,0,0,2,2,2,2,0,1,2,1
78,1333.029,-1322.522,172.868,114.879,-0.421286,-0.906928,0.000415,0.905328,-0.420570,-0.059184,0.053850,-0.024557,0.998247,0,1.00000,-0.01835,60.000,-0.037,-1,450.000,-1,275.000,175.000,350.000,275.000,300.000,375.000,-1,-1,-1,-1,875.000,400.000,-1,200.000,2,0,2,1,1,1,1,0,0,2,2,2,2,0,1,2,1
79,1307.836,-1268.064,180.354,114.822,-0.421571,-0.906727,-0.011115,0.904185,-0.419396,-0.080975,0.068761,-0.044187,0.996654,0,1.00000,-0.02810,60.000,-0.056,-1,475.000,-1,300.000,175.000,400.000,300.000,275.000,400.000,-1,300.000,575.000,-1,975.000,450.000,-1,200.000,2,0,2,1,1,0,1,0,1,2,0,0,2,0,1,2,1
80,1282.714,-1213.574,187.083,114.745,-0.421763,-0.906453,-0.021450,0.903004,-0.417788,-0.100184,0.081851,-0.061623,0.994738,0,1.00000,-0.03860,60.000,-0.077,-1,500.000,-1,325.000,175.000,425.000,350.000,275.000,375.000,1000.000,125.000,350.000,-1,-1,525.000,-1,200.000,2,0,2,1,1,0,1,0,1,0,0,0,2,2,1,2,1
81,1257.686,-1159.041,193.012,114.645,-0.421710,-0.906218,-0.030503,0.901912,-0.415767,-0.117014,0.093358,-0.076857,0.992662,0,1.00000,-0.04990,60.000,-0.100,-1,550.000,-1,375.000,175.000,450.000,425.000,275.000,325.000,650.000,100.000,250.000,-1,-1,875.000,-1,225.000,2,0,2,1,1,0,1,0,1,0,0,0,2,2,1,2,1
82,1232.873,-1105.176,198.172,114.726,-0.424395,-0.904702,-0.037456,0.899643,-0.416612,-0.130676,0.102618,-0.089156,0.990717,0,0.98837,0.04027,59.302,0.081,-1,575.000,-1,400.000,150.000,475.000,525.000,250.000,275.000,525.000,75.000,250.000,-1,-1,-1,-1,225.000,2,0,2,1,1,0,0,0,1,0,0,0,2,2,2,2,1
83,1208.109,-1051.548,202.637,114.779,-0.426464,-0.903488,-0.042879,0.897813,-0.417077,-0.141345,0.109820,-0.098776,0.989031,0,0.98447,0.02677,59.068,0.054,-1,575.000,-1,475.000,150.000,500.000,550.000,250.000,250.000,450.000,50.000,225.000,-1,-1,-1,-1,275.000,2,0,2,1,1,0,0,0,1,0,0,0,2,2,2,2,1
84,1183.458,-998.222,206.421,114.804,-0.427810,-0.902655,-0.046829,0.896518,-0.417167,-0.149090,0.115041,-0.105765,0.987714,0,0.97911,0.01243,58.746,0.025,-1,600.000,-1,600.000,150.000,525.000,575.000,250.000,200.000,400.000,50.000,225.000,-1,-1,-1,-1,-1,2,0,2,1,1,0,0,0,1,0,0,0,2,2,2,2,2
85,8855.053,-3607.695,134.921,158.812,-0.933306,-0.358676,0.017081,0.353075,-0.925318,-0.138288,0.065406,-0.123035,0.990245,1,0.00000,0.00000,58.332,-0.005,475.000,425.000,-1,350.000,325.000,375.000,325.000,250.000,225.000,350.000,125.000,325.000,-1,525.000,775.000,525.000,650.000,1,1,2,1,1,1,1,0,1,0,0,0,2,1,1,1,1
86,4915.043,-9509.212,-143.919,157.827,-0.925242,-0.377263,-0.040000,0.378048,-0.925680,-0.014020,-0.031738,-0.028094,0.999101,1,0.08000,0.12000,4.800,0.240,-1,425.000,-1,400.000,-1,325.000,325.000,300.000,300.000,-1,-1,-1,-1,925.000,750.000,-1,-1,2,0,2,0,2,0,0,0,0,2,2,2,2,0,0,2,2
87,4906.123,-9505.663,-144.224,158.307,-0.928350,-0.369496,-0.040485,0.370289,-0.928811,-0.013973,-0.032440,-0.027963,0.999082,0,0.16000,0.24000,9.600,0.480,-1,425.000,-1,400.000,-1,325.000,325.000,300.000,300.000,-1,-1,-1,-1,925.000,750.000,-1,-1,2,0,2,0,2,0,0,0,0,2,2,2,2,0,0,2,2
88,4892.689,-9500.478,-144.681,158.894,-0.932061,-0.359948,-0.041231,0.360755,-0.932557,-0.013915,-0.033442,-0.027844,0.999053,0,0.24000,0.29395,14.400,0.588,-1,425.000,-1,400.000,-1,325.000,325.000,300.000,300.000,-1,-1,-1,-1,925.000,750.000,-1,-1,2,0,2,0,2,0,0,0,0,2,2,2,2,0,0,2,2
89,4874.706,-9493.750,-145.288,159.487,-0.935692,-0.350278,-0.042253,0.351106,-0.936233,-0.013858,-0.034704,-0.027802,0.999011,0,0.32000,0.29648,19.200,0.593,-1,425.000,-1,400.000,-1,325.000,325.000,300.000,300.000,-1,-1,-1,-1,925.000,750.000,-1,-1,2,0,2,0,2,0,0,0,0,2,2,2,2,0,0,2,2
90,4852.141,-9485.576,-146.045,160.087,-0.939252,-0.340454,-0.043552,0.341311,-0.939849,-0.013813,-0.036230,-0.027839,0.998956,0,0.40000,0.30000,24.000,0.600,-1,425.000,-1,400.000,-1,325.000,325.000,300.000,300.000,-1,-1,-1,-1,925.000,750.000,-1,-1,2,0,2,0,2,0,0,0,0,2,2,2,2,0,0,2,2
91,4824.960,-9476.056,-146.954,160.697,-0.942747,-0.330442,-0.045132,0.331336,-0.943412,-0.013798,-0.038019,-0.027962,0.998886,0,0.48000,0.30458,28.800,0.609,-1,425.000,-1,375.000,-1,325.000,325.000,300.000,300.000,-1,-1,-1,-1,900.000,750.000,-1,-1,2,0,2,0,2,0,0,0,0,2,2,2,2,0,0,2,2
92,4793.130,-9465.293,-148.015,161.317,-0.946183,-0.320201,-0.046995,0.321141,-0.946930,-0.013829,-0.040073,-0.028177,0.998799,0,0.56000,0.31033,33.600,0.621,-1,425.000,-1,375.000,-1,325.000,325.000,300.000,300.000,-1,-1,-1,-1,900.000,750.000,-1,-1,2,0,2,0,2,0,0,0,0,2,2,2,2,0,0,2,2
93,4756.727,-9453.431,-149.226,161.952,-0.949567,-0.309689,-0.049137,0.310685,-0.950411,-0.013926,-0.042387,-0.028489,0.998695,0,0.63810,0.31735,38.286,0.635,-1,425.000,-1,375.000,-1,325.000,325.000,300.000,300.000,-1,-1,-1,-1,875.000,750.000,-1,-1,2,0,2,0,2,0,0,0,0,2,2,2,2,0,0,2,2
94,4720.132,-9441.966,-150.442,162.603,-0.952918,-0.298860,-0.051290,0.299915,-0.953862,-0.014095,-0.044711,-0.028814,0.998584,0,0.63916,0.32574,38.350,0.651,-1,425.000,-1,375.000,-1,325.000,325.000,300.000,300.000,-1,-1,-1,-1,875.000,725.000,-1,-1,2,0,2,0,2,0,0,0,0,2,2,2,2,0,0,2,2
95,4683.316,-9430.902,-151.740,163.272,-0.956237,-0.287696,-0.053314,0.288826,-0.957269,-0.014688,-0.046810,-0.029443,0.998470,0,0.64070,0.33453,38.442,0.669,-1,425.000,-1,375.000,-1,325.000,325.000,300.000,300.000,-1,-1,-1,-1,875.000,725.000,-1,-1,2,0,2,0,2,0,0,0,0,2,2,2,2,0,0,2,2
96,4646.252,-9420.247,-153.312,163.960,-0.959538,-0.276176,-0.054901,0.277432,-0.960602,-0.016597,-0.048154,-0.031157,0.998354,0,0.64275,0.34372,38.565,0.687,-1,425.000,-1,375.000,-1,325.000,325.000,300.000,300.000,-1,-1,-1,-1,850.000,725.000,-1,-1,2,0,2,0,2,0,0,0,0,2,2,2,2,0,0,2,2
97,4608.913,-9410.010,-155.002,164.667,-0.962764,-0.264290,-0.056890,0.265710,-0.963868,-0.018900,-0.049840,-0.033313,0.998202,0,0.64529,0.35331,38.718,0.707,-1,425.000,-1,375.000,-1,325.000,325.000,300.000,300.000,-1,-1,-1,-1,850.000,725.000,-1,-1,2,0,2,0,2,0,0,0,0,2,2,2,2,0,0,2,2
98,4571.268,-9400.201,-156.708,165.393,-0.965930,-0.252027,-0.058838,0.253621,-0.967069,-0.021290,-0.051535,-0.035487,0.998041,0,0.64836,0.36331,38.901,0.727,-1,425.000,-1,400.000,-1,325.000,325.000,300.000,300.000,-1,-1,-1,-1,825.000,725.000,-1,-1,2,0,2,0,2,0,0,0,0,2,2,2,2,0,0,2,2
99,4533.290,-9390.832,-158.599,166.141,-0.969064,-0.239376,-0.060122,0.241107,-0.970219,-0.023291,-0.052756,-0.037066,0.997919,0,0.65194,0.37372,39.117,0.747,-1,425.000,-1,400.000,-1,325.000,325.000,300.000,300.000,-1,-1,-1,-1,825.000,725.000,-1,-1,2,0,2,0,2,0,0,0,0,2,2,2,2,0,0,2,2
100,4494.949,-9381.917,-160.868,166.910,-0.972152,-0.226330,-0.060785,0.228115,-0.973335,-0.024146,-0.053699,-0.037339,0.997859,0,0.65606,0.38453,39.364,0.769,-1,425.000,-1,400.000,-1,325.000,325.000,275.000,300.000,-1,-1,-1,-1,825.000,725.000,-1,-1,2,0,2,0,2,0,0,0,0,2,2,2,2,0,0,2,2
101,4456.216,-9373.472,-163.216,167.701,-0.975141,-0.212862,-0.061569,0.214696,-0.976366,-0.024810,-0.054832,-0.037412,0.997794,0,0.66072,0.39576,39.643,0.792,-1,425.000,-1,400.000,-1,325.000,325.000,275.000,300.000,-1,-1,-1,-1,800.000,725.000,-1,-1,2,0,2,0,2,0,0,0,0,2,2,2,2,0,0,2,2
102,4413.975,-9364.689,-165.777,168.253,-0.977089,-0.203450,-0.062497,0.205353,-0.978352,-0.025640,-0.055927,-0.037887,0.997716,0,0.71907,0.27576,43.144,0.552,-1,425.000,-1,375.000,-1,325.000,325.000,275.000,300.000,-1,-1,-1,-1,800.000,725.000,-1,-1,2,0,2,0,2,0,0,0,0,2,2,2,2,0,0,2,2
103,4370.523,-9355.900,-168.408,168.564,-0.978117,-0.198122,-0.063516,0.200110,-0.979413,-0.026588,-0.056941,-0.038717,0.997627,0,0.73887,0.15576,44.332,0.312,-1,400.000,-1,375.000,-1,325.000,325.000,275.000,300.000,-1,-1,-1,-1,800.000,725.000,-1,-1,2,0,2,0,2,0,0,0,0,2,2,2,2,0,0,2,2
104,4326.512,-9347.055,-171.068,168.636,-0.978294,-0.196890,-0.064616,0.198981,-0.979614,-0.027638,-0.057857,-0.039896,0.997527,0,0.74818,0.03576,44.891,0.072,-1,400.000,-1,375.000,-1,325.000,325.000,275.000,300.000,-1,-1,-1,-1,775.000,725.000,-1,-1,2,0,2,0,2,0,0,0,0,2,2,2,2,0,0,2,2
105,4282.143,-9338.003,-173.743,168.467,-0.977634,-0.199757,-0.065800,0.201967,-0.978969,-0.028783,-0.058666,-0.041429,0.997418,0,0.75473,-0.08424,45.284,-0.168,-1,400.000,-1,375.000,-1,325.000,325.000,275.000,300.000,-1,-1,-1,-1,775.000,725.000,-1,-1,2,0,2,0,2,0,0,0,0,2,2,2,2,0,0,2,2
106,4237.520,-9328.567,-176.424,168.059,-0.976099,-0.206715,-0.067078,0.209062,-0.977442,-0.030017,-0.059360,-0.043323,0.997296,0,0.76014,-0.20424,45.609,-0.408,-1,400.000,-1,375.000,-1,325.000,325.000,275.000,300.000,-1,-1,-1,-1,750.000,700.000,-1,-1,2,0,2,0,2,0,0,0,0,2,2,2,2,0,0,2,2
107,4192.694,-9318.557,-179.105,167.410,-0.973602,-0.217742,-0.068465,0.220245,-0.974941,-0.031338,-0.059926,-0.045590,0.997161,0,0.76550,-0.32424,45.930,-0.648,-1,400.000,-1,375.000,-1,325.000,325.000,275.000,300.000,-1,-1,-1,-1,750.000,700.000,-1,-1,2,0,2,0,2,0,0,0,0,2,2,2,2,0,0,2,2
108,4147.722,-9307.780,-181.590,166.522,-0.970056,-0.232813,-0.069199,0.235419,-0.971363,-0.032130,-0.059737,-0.047459,0.997085,0,0.77075,-0.44424,46.245,-0.888,-1,400.000,-1,375.000,-1,325.000,325.000,275.000,300.000,-1,-1,-1,-1,725.000,700.000,-1,-1,2,0,2,0,2,0,0,0,0,2,2,2,2,0,0,2,2
109,4102.653,-9296.130,-184.027,165.506,-0.965727,-0.249978,-0.069872,0.252686,-0.966988,-0.032911,-0.059338,-0.049438,0.997013,0,0.77584,-0.50806,46.550,-1.016,1000.000,400.000,-1,375.000,-1,325.000,300.000,275.000,300.000,-1,-1,-1,-1,725.000,700.000,975.000,-1,1,0,2,0,2,0,0,0,0,2,2,2,2,0,0,1,2
110,4057.513,-9283.610,-186.422,164.496,-0.961129,-0.266949,-0.070492,0.269758,-0.962338,-0.033722,-0.058835,-0.051427,0.996942,0,0.78074,-0.50473,46.844,-1.009,950.000,375.000,-1,375.000,-1,325.000,300.000,275.000,300.000,-1,-1,-1,-1,725.000,700.000,950.000,-1,1,0,2,0,2,0,0,0,0,2,2,2,2,0,0,1,2
111,4012.327,-9270.222,-188.843,163.494,-0.956286,-0.283704,-0.070921,0.286626,-0.957406,-0.034911,-0.057996,-0.053713,0.996871,0,0.78546,-0.50106,47.127,-1.002,900.000,375.000,-1,375.000,-1,325.000,300.000,275.000,300.000,-1,-1,-1,-1,725.000,700.000,900.000,-1,1,0,2,0,2,0,0,0,0,2,2,2,2,0,0,1,2
112,3967.122,-9255.971,-191.175,162.500,-0.951256,-0.300236,-0.070503,0.303229,-0.952229,-0.036228,-0.056257,-0.055841,0.996853,0,0.78996,-0.49703,47.397,-0.994,850.000,375.000,-1,375.000,-1,300.000,300.000,300.000,300.000,-1,-1,-1,-1,700.000,700.000,850.000,-1,1,0,2,0,2,0,0,0,0,2,2,2,2,1,0,1,2
113,3921.927,-9240.863,-193.398,161.515,-0.946011,-0.316532,-0.069792,0.319567,-0.946822,-0.037469,-0.054221,-0.057749,0.996858,0,0.79421,-0.49264,47.653,-0.985,800.000,375.000,-1,375.000,-1,325.000,300.000,300.000,300.000,-1,-1,-1,-1,700.000,700.000,825.000,-1,1,0,2,0,2,0,0,0,0,2,2,2,2,1,0,1,2
114,3876.771,-9224.908,-195.602,160.539,-0.940546,-0.332571,-0.069071,0.335649,-0.941187,-0.038830,-0.052094,-0.059705,0.996856,0,0.79819,-0.48787,47.891,-0.976,750.000,375.000,-1,375.000,-1,325.000,300.000,300.000,300.000,-1,-1,-1,-1,675.000,700.000,775.000,-1,1,0,2,0,2,0,0,0,0,2,2,2,2,1,0,1,2
115,3831.685,-9208.118,-197.939,159.574,-0.934915,-0.348351,-0.067721,0.351413,-0.935368,-0.039946,-0.049429,-0.061144,0.996904,0,0.80186,-0.48271,48.111,-0.965,700.000,375.000,-1,375.000,-1,325.000,325.000,300.000,300.000,-1,-1,-1,-1,650.000,725.000,750.000,-1,1,0,2,0,2,0,0,0,0,2,2,2,2,1,0,1,2
116,3786.699,-9190.506,-200.255,158.619,-0.929086,-0.363847,-0.066440,0.366896,-0.929350,-0.041181,-0.046763,-0.062638,0.996940,0,0.80517,-0.47715,48.310,-0.954,675.000,375.000,-1,375.000,-1,325.000,325.000,300.000,300.000,-1,-1,-1,-1,650.000,725.000,725.000,-1,1,0,2,0,2,0,0,0,0,2,2,2,2,1,0,1,2
117,3741.846,-9172.091,-202.543,157.677,-0.923076,-0.379045,-0.065233,0.382082,-0.923148,-0.042550,-0.044091,-0.064202,0.996962,0,0.80810,-0.47119,48.486,-0.942,625.000,400.000,-1,375.000,-1,325.000,325.000,300.000,300.000,-1,-1,-1,-1,625.000,725.000,700.000,-1,1,0,2,0,2,0,0,0,0,2,2,2,2,1,0,1,2
118,3697.161,-9152.891,-204.799,156.747,-0.916902,-0.393930,-0.064105,0.396958,-0.916778,-0.044064,-0.041412,-0.065849,0.996970,0,0.81059,-0.46481,48.635,-0.930,600.000,400.000,-1,400.000,-1,325.000,325.000,300.000,300.000,-1,825.000,-1,-1,625.000,725.000,675.000,-1,1,0,2,0,2,0,0,0,0,2,0,2,2,1,0,1,2
119,3652.677,-9132.930,-207.014,155.831,-0.910581,-0.408490,-0.063076,0.411510,-0.910260,-0.045677,-0.038757,-0.067549,0.996963,0,0.81261,-0.45802,48.756,-0.916,575.000,400.000,-1,400.000,-1,325.000,325.000,300.000,300.000,-1,700.000,1000.000,-1,625.000,725.000,650.000,-1,1,0,2,0,2,0,0,0,0,2,0,0,2,1,0,1,2
120,3608.432,-9112.233,-208.994,154.930,-0.904104,-0.422734,-0.062387,0.425730,-0.903658,-0.046429,-0.036749,-0.068537,0.996972,0,0.81411,-0.45081,48.846,-0.902,525.000,375.000,-1,400.000,-1,325.000,325.000,300.000,300.000,-1,650.000,925.000,-1,625.000,725.000,625.000,-1,1,1,2,0,2,0,0,0,0,2,0,0,2,1,0,1,2
121,3564.462,-9090.829,-210.913,154.043,-0.897515,-0.436633,-0.061800,0.439607,-0.896950,-0.047184,-0.034829,-0.069516,0.996973,0,0.81504,-0.44318,48.903,-0.886,500.000,375.000,-1,400.000,-1,325.000,325.000,300.000,300.000,-1,600.000,875.000,-1,625.000,725.000,625.000,-1,1,1,2,0,2,0,0,0,0,2,0,0,2,1,0,1,2
122,3520.805,-9068.751,-212.768,153.173,-0.890832,-0.450175,-0.061319,0.453132,-0.890154,-0.047935,-0.033004,-0.070488,0.996967,0,0.81537,-0.43513,48.922,-0.870,475.000,375.000,-1,400.000,-1,325.000,325.000,300.000,300.000,-1,575.000,825.000,-1,625.000,725.000,625.000,-1,1,1,2,0,2,0,0,0,0,2,0,0,2,1,0,1,2
123,3473.342,-9043.582,-214.719,152.063,-0.881997,-0.467299,-0.060927,0.470240,-0.881189,-0.048776,-0.030895,-0.071671,0.996950,0,0.89537,-0.55513,53.722,-1.110,450.000,375.000,-1,400.000,-1,325.000,325.000,300.000,300.000,-1,575.000,800.000,-1,675.000,725.000,650.000,-1,1,1,2,0,2,0,0,0,0,2,0,0,2,1,0,1,2
124,3422.299,-9014.953,-216.558,150.713,-0.870773,-0.487910,-0.060819,0.490825,-0.869890,-0.048818,-0.029087,-0.072361,0.996954,0,0.97537,-0.67513,58.522,-1.350,425.000,375.000,-1,400.000,-1,325.000,325.000,300.000,300.000,-1,625.000,800.000,-1,675.000,725.000,-1,-1,1,1,2,0,2,0,0,0,0,2,0,0,2,0,0,2,2
125,3371.574,-8984.621,-218.203,149.122,-0.856916,-0.511844,-0.060921,0.514730,-0.855983,-0.048442,-0.027352,-0.072868,0.996966,0,0.98503,-0.79513,59.102,-1.590,450.000,375.000,-1,400.000,-1,300.000,325.000,300.000,300.000,-1,675.000,825.000,-1,675.000,725.000,-1,-1,1,0,2,0,2,0,0,0,0,2,0,0,2,0,0,2,2
126,3321.956,-8953.032,-218.543,147.522,-0.842591,-0.535713,-0.055255,0.538115,-0.841606,-0.046175,-0.021766,-0.068640,0.997404,0,0.98032,-0.80023,58.819,-1.600,525.000,375.000,-1,400.000,-1,325.000,325.000,300.000,300.000,-1,650.000,675.000,-1,675.000,725.000,-1,-1,1,0,2,0,2,0,0,0,0,2,0,0,2,0,0,2,2
127,3273.527,-8920.299,-219.207,145.948,-0.827748,-0.558707,-0.051775,0.560823,-0.826711,-0.045012,-0.017655,-0.066295,0.997644,0,0.97421,-0.78666,58.453,-1.573,775.000,375.000,-1,400.000,-1,325.000,325.000,300.000,300.000,-1,675.000,650.000,-1,700.000,725.000,-1,-1,1,0,2,0,2,0,0,1,0,2,0,0,2,0,0,2,2
128,3226.358,-8886.532,-220.255,144.403,-0.812447,-0.580811,-0.050879,0.582836,-0.811351,-0.044852,-0.015230,-0.066094,0.997697,0,0.96682,-0.77284,58.009,-1.546,-1,375.000,-1,400.000,-1,325.000,325.000,275.000,300.000,-1,700.000,700.000,-1,700.000,725.000,-1,-1,2,0,2,0,2,0,0,1,0,2,0,0,2,0,0,2,2
129,3180.508,-8851.839,-221.687,142.885,-0.796748,-0.602023,-0.052537,0.604139,-0.795581,-0.045459,-0.014431,-0.067959,0.997584,0,0.95827,-0.75894,57.496,-1.518,975.000,375.000,-1,375.000,-1,300.000,325.000,250.000,300.000,-1,750.000,775.000,-1,675.000,725.000,-1,-1,0,0,2,0,2,0,0,1,0,2,0,0,2,0,0,2,2
130,3136.036,-8816.306,-222.649,141.375,-0.780662,-0.622757,-0.052358,0.624831,-0.779425,-0.045632,-0.012392,-0.068339,0.997585,0,0.94871,-0.75479,56.923,-1.510,950.000,375.000,-1,375.000,-1,300.000,300.000,250.000,300.000,-1,800.000,825.000,-1,650.000,700.000,1000.000,-1,0,0,2,0,2,0,0,1,0,2,0,0,2,0,0,0,2
131,3092.990,-8780.018,-223.150,139.870,-0.764153,-0.643063,-0.050412,0.644970,-0.762849,-0.045541,-0.009171,-0.067315,0.997690,0,0.93833,-0.75268,56.300,-1.505,925.000,375.000,-1,375.000,-1,300.000,300.000,225.000,300.000,-1,800.000,825.000,-1,650.000,725.000,1000.000,-1,0,0,2,0,2,0,0,1,0,2,0,0,2,0,0,0,2
132,3051.404,-8743.052,-223.556,138.367,-0.747144,-0.662886,-0.048560,0.664636,-0.745772,-0.045643,-0.005958,-0.066377,0.997777,0,0.92734,-0.75128,55.640,-1.503,925.000,375.000,-1,375.000,-1,300.000,300.000,225.000,300.000,-1,825.000,825.000,-1,650.000,725.000,1000.000,-1,0,0,2,0,2,0,0,1,0,2,0,0,2,0,0,0,2
133,3011.296,-8705.474,-223.786,136.866,-0.729644,-0.682221,-0.046843,0.683823,-0.728176,-0.046327,-0.002504,-0.065835,0.997827,0,0.91601,-0.75060,54.961,-1.501,900.000,375.000,-1,375.000,-1,300.000,325.000,225.000,300.000,-1,825.000,800.000,-1,650.000,725.000,1000.000,-1,0,0,2,0,2,0,0,1,0,2,0,0,2,0,0,0,2
134,2972.672,-8667.338,-223.775,135.365,-0.711660,-0.701059,-0.045333,0.702522,-0.710049,-0.047886,0.001382,-0.065926,0.997824,0,0.90464,-0.75061,54.278,-1.501,900.000,375.000,-1,375.000,1000.000,300.000,325.000,250.000,300.000,-1,850.000,775.000,-1,650.000,725.000,1000.000,-1,0,0,2,0,1,0,0,1,0,2,0,0,2,0,0,0,2
135,2935.525,-8628.685,-223.693,133.862,-0.693168,-0.719432,-0.043993,0.720757,-0.691417,-0.049525,0.005212,-0.066038,0.997804,0,0.89347,-0.75129,53.608,-1.503,900.000,375.000,-1,400.000,975.000,300.000,325.000,250.000,300.000,-1,850.000,725.000,-1,650.000,725.000,-1,975.000,0,0,2,0,1,0,0,1,0,2,0,0,2,0,0,2,1
