timestep,x_cm,y_cm,z_cm,yaw_deg,basis_xx,basis_xy,basis_xz,basis_yx,basis_yy,basis_yz,basis_zx,basis_zy,basis_zz,teleport_flag,throttle_cmd,steering_cmd,cmd_move_cm,cmd_turn_deg,lidar_cm_0,lidar_cm_1,lidar_cm_2,lidar_cm_3,lidar_cm_4,lidar_cm_5,lidar_cm_6,lidar_cm_7,lidar_cm_8,lidar_cm_9,lidar_cm_10,lidar_cm_11,lidar_cm_12,lidar_cm_13,lidar_cm_14,lidar_cm_15,lidar_cm_16,lidar_class_0,lidar_class_1,lidar_class_2,lidar_class_3,lidar_class_4,lidar_class_5,lidar_class_6,lidar_class_7,lidar_class_8,lidar_class_9,lidar_class_10,lidar_class_11,lidar_class_12,lidar_class_13,lidar_class_14,lidar_class_15,lidar_class_16
0,6226.578,7542.753,-163.649,6.878,0.992470,-0.118680,0.030318,0.121662,0.983828,-0.131455,-0.014226,0.134154,0.990858,1,-0.08000,0.12000,-4.800,0.240,825.000,350.000,-1,325.000,600.000,275.000,275.000,350.000,350.000,-1,175.000,175.000,-1,525.000,500.000,675.000,575.000,0,0,2,0,0,0,0,0,0,2,0,0,2,0,0,0,0
1,6218.047,7541.651,-163.549,7.358,0.991395,-0.126917,0.032068,0.130058,0.982792,-0.131170,-0.014869,0.134212,0.990841,0,-0.14334,0.24000,-8.600,0.480,825.000,350.000,-1,325.000,600.000,275.000,275.000,350.000,350.000,-1,175.000,175.000,-1,525.000,500.000,675.000,550.000,0,0,2,0,0,0,0,0,0,2,0,0,2,0,0,0,0
2,6209.531,7540.443,-163.476,8.078,0.989679,-0.139254,0.033816,0.142519,0.981105,-0.130847,-0.014956,0.134316,0.990826,0,-0.14334,0.36000,-8.600,0.720,825.000,350.000,-1,325.000,600.000,275.000,275.000,350.000,350.000,-1,175.000,175.000,-1,525.000,500.000,700.000,550.000,0,0,2,0,0,0,0,0,0,2,0,0,2,0,0,0,0
3,6201.035,7539.092,-163.438,9.038,0.987169,-0.155670,0.035557,0.159021,0.978616,-0.130469,-0.014486,0.134450,0.990815,0,-0.14334,0.48000,-8.600,0.960,850.000,325.000,-1,325.000,600.000,275.000,275.000,350.000,350.000,-1,175.000,175.000,-1,525.000,500.000,700.000,550.000,0,0,2,0,0,0,0,0,0,2,0,0,2,0,0,0,0
4,6192.569,7537.563,-163.443,10.238,0.983661,-0.176127,0.037285,0.179527,0.975123,-0.130017,-0.013458,0.134586,0.990810,0,-0.14334,0.60000,-8.600,1.200,875.000,325.000,-1,325.000,575.000,275.000,275.000,350.000,350.000,-1,175.000,200.000,-1,550.000,500.000,700.000,550.000,0,0,2,0,0,0,0,0,0,2,0,0,2,0,0,0,0
5,6184.144,7535.822,-163.503,11.678,0.978902,-0.200573,0.038995,0.203984,0.970375,-0.129472,-0.011872,0.134695,0.990816,0,-0.14334,0.72000,-8.600,1.440,900.000,325.000,-1,325.000,575.000,275.000,275.000,325.000,350.000,-1,175.000,200.000,-1,550.000,500.000,725.000,550.000,0,0,2,0,0,0,0,0,0,2,0,0,2,0,0,0,0
6,6175.773,7533.835,-163.627,13.358,0.972592,-0.228935,0.040678,0.232317,0.964072,-0.128819,-0.009725,0.134739,0.990833,0,-0.14334,0.84000,-8.600,1.680,925.000,325.000,-1,325.000,550.000,275.000,275.000,325.000,350.000,-1,175.000,200.000,-1,550.000,500.000,725.000,550.000,0,0,2,0,0,0,0,0,0,2,0,0,2,0,0,0,0
7,6167.472,7531.569,-163.829,15.278,0.964381,-0.261109,0.042321,0.264423,0.955869,-0.128042,-0.007021,0.134672,0.990865,0,-0.14334,0.96000,-8.600,1.920,975.000,325.000,-1,325.000,550.000,275.000,275.000,325.000,350.000,-1,175.000,200.000,-1,550.000,500.000,750.000,525.000,0,0,2,0,0,0,0,0,0,2,0,0,2,0,0,0,0
8,6159.256,7529.014,-164.102,17.278,0.954698,-0.294317,0.043918,0.297547,0.946201,-0.127154,-0.004131,0.134462,0.990910,0,-0.14334,1.00000,-8.600,2.000,1000.000,325.000,-1,325.000,550.000,275.000,275.000,325.000,350.000,-1,175.000,225.000,-1,550.000,500.000,775.000,525.000,0,0,2,0,0,0,0,0,0,2,0,0,2,0,0,0,0
9,6151.134,7526.174,-164.439,19.278,0.943869,-0.327176,0.045462,0.330317,0.935399,-0.126170,-0.001245,0.134105,0.990966,0,-0.14334,1.00000,-8.600,2.000,-1,325.000,-1,325.000,525.000,275.000,275.000,325.000,325.000,-1,200.000,225.000,-1,550.000,500.000,800.000,525.000,2,0,2,0,0,0,0,0,0,2,0,0,2,0,0,0,0
10,6143.116,7523.051,-164.841,21.278,0.931907,-0.359646,0.046947,0.362694,0.923474,-0.125093,0.001635,0.133602,0.991034,0,-0.14334,1.00000,-8.600,2.000,-1,325.000,-1,325.000,525.000,275.000,275.000,325.000,325.000,-1,200.000,225.000,-1,550.000,500.000,825.000,525.000,2,0,2,0,0,0,0,0,0,2,0,0,2,0,0,0,0
11,6135.212,7519.651,-165.306,23.278,0.918825,-0.391691,0.048366,0.394640,0.910441,-0.123925,0.004506,0.132952,0.991112,0,-0.14334,1.00000,-8.600,2.000,-1,325.000,-1,325.000,525.000,275.000,275.000,300.000,325.000,-1,200.000,250.000,-1,550.000,500.000,850.000,525.000,2,0,2,0,0,0,0,0,0,2,0,0,2,0,0,0,0
12,6127.432,7515.976,-165.835,25.278,0.904638,-0.423271,0.049713,0.426117,0.896313,-0.122670,0.007364,0.132155,0.991202,0,-0.14334,1.00000,-8.600,2.000,-1,325.000,-1,325.000,500.000,275.000,275.000,300.000,325.000,-1,200.000,250.000,-1,550.000,500.000,900.000,525.000,2,0,2,0,0,0,0,0,0,2,0,0,2,0,0,0,0
13,6115.493,7509.882,-166.531,27.038,0.891194,-0.450653,0.051816,0.453537,0.882993,-0.120945,0.008751,0.131286,0.991306,0,-0.22334,0.88000,-13.400,1.760,-1,325.000,-1,325.000,500.000,275.000,275.000,300.000,325.000,-1,200.000,275.000,-1,550.000,500.000,900.000,500.000,2,0,2,0,0,0,0,0,0,2,0,0,2,0,0,0,0
14,6099.506,7501.179,-167.413,28.558,0.878843,-0.473973,0.054638,0.477033,0.870832,-0.118711,0.008685,0.130393,0.991424,0,-0.30334,0.76000,-18.200,1.520,-1,325.000,-1,300.000,500.000,275.000,275.000,300.000,325.000,-1,225.000,300.000,-1,550.000,500.000,875.000,500.000,2,0,2,0,0,0,0,0,0,2,0,0,2,0,0,0,0
15,6079.552,7489.732,-168.368,29.838,0.867901,-0.493332,0.058054,0.496679,0.860070,-0.116574,0.007579,0.130009,0.991484,0,-0.38334,0.64000,-23.000,1.280,-1,325.000,-1,300.000,500.000,275.000,275.000,300.000,325.000,-1,250.000,325.000,-1,550.000,500.000,850.000,500.000,2,0,2,0,0,0,0,0,0,2,0,0,2,0,0,0,0
16,6055.688,7475.468,-168.726,30.878,0.858757,-0.508668,0.061590,0.512326,0.850650,-0.117967,0.007614,0.132859,0.991106,0,-0.46334,0.52000,-27.800,1.040,-1,325.000,-1,300.000,500.000,275.000,275.000,300.000,325.000,-1,250.000,325.000,-1,550.000,500.000,875.000,525.000,2,0,2,0,0,0,0,0,0,2,0,0,2,0,0,0,0
17,6028.810,7458.888,-169.177,31.678,0.851461,-0.520268,0.065843,0.524377,0.843096,-0.119237,0.006523,0.136052,0.990680,0,-0.52631,0.40000,-31.579,0.800,-1,350.000,-1,300.000,500.000,275.000,275.000,300.000,325.000,-1,250.000,325.000,-1,550.000,500.000,900.000,525.000,2,0,2,0,0,0,0,0,0,2,0,0,2,0,0,0,0
18,6002.096,7442.046,-169.669,32.238,0.846184,-0.528251,0.070166,0.532870,0.837604,-0.120292,0.004773,0.139178,0.990256,0,-0.52631,0.28000,-31.579,0.560,-1,350.000,-1,325.000,500.000,275.000,275.000,300.000,325.000,-1,250.000,325.000,-1,575.000,500.000,925.000,500.000,2,0,2,0,0,0,0,0,0,2,0,0,2,0,0,0,0
19,5975.477,7425.055,-170.063,32.558,0.842996,-0.532650,0.075113,0.537916,0.834215,-0.121374,0.001990,0.142722,0.989761,0,-0.52631,0.16000,-31.579,0.320,-1,350.000,-1,325.000,475.000,275.000,275.000,300.000,325.000,-1,250.000,325.000,-1,575.000,475.000,950.000,500.000,2,0,2,0,0,0,0,0,0,2,0,0,2,0,0,0,0
20,5948.881,7408.029,-170.365,32.638,0.841950,-0.533508,0.080551,0.539552,0.832994,-0.122496,-0.001746,0.146597,0.989195,0,-0.52631,0.04000,-31.579,0.080,-1,350.000,-1,325.000,475.000,300.000,275.000,300.000,325.000,-1,275.000,350.000,-1,575.000,475.000,950.000,475.000,2,0,2,0,0,0,0,0,0,2,0,0,2,0,0,0,0
21,5922.239,7391.076,-170.650,32.478,0.843076,-0.530871,0.086016,0.537759,0.833994,-0.123571,-0.006137,0.150436,0.988601,0,-0.52631,-0.08000,-31.579,-0.160,-1,350.000,-1,325.000,450.000,300.000,275.000,300.000,325.000,-1,300.000,350.000,-1,575.000,475.000,925.000,475.000,2,0,2,0,0,0,0,0,0,2,0,0,2,0,0,0,0
22,5895.480,7374.310,-170.900,32.078,0.846340,-0.524724,0.091505,0.532525,0.837182,-0.124671,-0.011189,0.154243,0.987970,0,-0.52631,-0.20000,-31.579,-0.400,-1,350.000,-1,325.000,450.000,300.000,275.000,300.000,325.000,-1,300.000,375.000,-1,575.000,475.000,925.000,450.000,2,0,2,0,0,0,0,0,0,2,0,0,2,0,0,0,0
23,5868.535,7357.845,-171.098,31.438,0.851665,-0.515029,0.097016,0.523813,0.842482,-0.125869,-0.016908,0.158016,0.987292,0,-0.52631,-0.32000,-31.579,-0.640,-1,350.000,-1,325.000,425.000,300.000,275.000,325.000,325.000,-1,350.000,400.000,-1,575.000,475.000,925.000,450.000,2,0,2,0,0,0,0,0,0,2,0,0,2,0,0,0,0
24,5841.342,7341.795,-171.228,30.558,0.858930,-0.501721,0.102543,0.511563,0.849773,-0.127240,-0.023300,0.161747,0.986557,0,-0.52631,-0.44000,-31.579,-0.880,-1,350.000,-1,300.000,425.000,300.000,275.000,325.000,300.000,-1,375.000,400.000,-1,575.000,475.000,900.000,450.000,2,0,2,0,0,0,0,0,0,2,0,0,2,0,0,0,0
25,5813.902,7326.172,-170.785,29.657,0.866315,-0.488138,0.105925,0.498694,0.857276,-0.127991,-0.028330,0.163705,0.986103,0,-0.52631,-0.45049,-31.579,-0.901,-1,375.000,-1,325.000,425.000,300.000,275.000,325.000,300.000,-1,375.000,400.000,-1,575.000,475.000,900.000,450.000,2,0,2,0,0,0,0,0,0,2,0,0,2,0,0,0,0
26,5786.221,7310.980,-169.725,28.756,0.873675,-0.474594,0.107021,0.485468,0.864840,-0.127953,-0.031830,0.163745,0.985989,0,-0.52631,-0.45049,-31.579,-0.901,-1,375.000,-1,325.000,450.000,300.000,275.000,325.000,300.000,-1,375.000,400.000,-1,575.000,475.000,900.000,475.000,2,0,2,0,0,0,0,0,0,2,0,0,2,0,0,0,0
27,5758.304,7296.225,-168.573,27.855,0.880824,-0.460936,0.108106,0.472125,0.872195,-0.127960,-0.035308,0.163750,0.985870,0,-0.52631,-0.45049,-31.579,-0.901,-1,375.000,-1,325.000,475.000,300.000,300.000,325.000,300.000,-1,375.000,400.000,-1,600.000,500.000,925.000,500.000,2,0,2,0,0,0,0,0,0,2,0,0,2,0,0,0,0
28,5734.488,7283.986,-167.424,27.194,0.885892,-0.450871,0.109138,0.462308,0.877507,-0.127481,-0.038292,0.163390,0.985818,0,-0.44631,-0.33049,-26.779,-0.661,-1,375.000,-1,325.000,500.000,325.000,300.000,325.000,300.000,-1,375.000,400.000,-1,600.000,500.000,925.000,525.000,2,0,2,0,0,0,0,0,0,2,0,0,2,0,0,0,0
29,5714.868,7274.084,-166.354,26.773,0.889011,-0.444453,0.110097,0.456075,0.880879,-0.126677,-0.040680,0.162830,0.985815,0,-0.36631,-0.21049,-21.979,-0.421,-1,375.000,-1,350.000,525.000,300.000,300.000,325.000,300.000,-1,400.000,400.000,-1,600.000,500.000,925.000,525.000,2,0,2,0,0,0,0,0,0,2,0,0,2,0,0,0,0
30,5699.507,7266.394,-165.510,26.593,0.890291,-0.441692,0.110861,0.453439,0.882326,-0.126074,-0.042129,0.162511,0.985807,0,-0.28631,-0.09049,-17.179,-0.181,-1,375.000,-1,350.000,525.000,300.000,300.000,325.000,300.000,-1,400.000,425.000,-1,600.000,500.000,925.000,550.000,2,0,2,0,0,0,0,0,0,2,0,0,2,0,0,0,0
31,5688.444,7260.841,-164.908,26.652,0.889767,-0.442605,0.111423,0.454418,0.881881,-0.125661,-0.042643,0.162441,0.985796,0,-0.20631,0.02951,-12.379,0.059,-1,375.000,-1,350.000,550.000,300.000,300.000,325.000,300.000,-1,425.000,425.000,-1,600.000,500.000,950.000,550.000,2,0,2,0,0,0,0,0,0,2,0,0,2,0,0,0,0
32,5681.687,7257.406,-164.555,26.951,0.887427,-0.447189,0.111781,0.459009,0.879533,-0.125428,-0.042225,0.162617,0.985785,0,-0.12631,0.14951,-7.579,0.299,-1,375.000,-1,350.000,550.000,300.000,300.000,325.000,300.000,-1,425.000,425.000,-1,625.000,525.000,950.000,550.000,2,0,2,0,0,0,0,0,0,2,0,0,2,0,0,0,0
33,5679.220,7256.124,-164.444,27.490,0.883216,-0.455412,0.111936,0.467182,0.875227,-0.125373,-0.040873,0.163026,0.985775,0,-0.04631,0.26951,-2.779,0.539,-1,375.000,-1,350.000,550.000,300.000,300.000,325.000,300.000,-1,425.000,425.000,-1,625.000,525.000,975.000,550.000,2,0,2,0,0,0,0,0,0,2,0,0,2,0,0,0,0
34,5680.997,7257.082,-164.562,28.269,0.877032,-0.467221,0.111893,0.478880,0.868864,-0.125497,-0.038585,0.163648,0.985764,0,0.03369,0.38951,2.021,0.779,-1,375.000,-1,350.000,550.000,300.000,300.000,325.000,300.000,-1,425.000,425.000,-1,625.000,525.000,975.000,550.000,2,0,2,0,0,0,0,0,0,2,0,0,2,0,0,0,0
35,5686.942,7260.420,-164.882,29.288,0.868731,-0.482533,0.111659,0.494021,0.860300,-0.125806,-0.035355,0.164453,0.985751,0,0.11369,0.50951,6.821,1.019,-1,375.000,-1,350.000,525.000,300.000,300.000,325.000,300.000,-1,425.000,400.000,-1,625.000,525.000,1000.000,550.000,2,0,2,0,0,0,0,0,0,2,0,0,2,0,0,0,0
36,5696.945,7266.327,-165.367,30.547,0.858128,-0.501239,0.111246,0.512489,0.849354,-0.126308,-0.031177,0.165401,0.985734,0,0.19369,0.62951,11.621,1.259,-1,375.000,-1,350.000,525.000,300.000,300.000,325.000,300.000,-1,400.000,400.000,-1,625.000,525.000,-1,550.000,2,0,2,0,0,0,0,0,0,2,0,0,2,0,0,2,0
37,5710.858,7275.042,-165.970,32.046,0.844997,-0.523194,0.110672,0.534136,0.835802,-0.127016,-0.026046,0.166442,0.985707,0,0.27369,0.74951,16.421,1.499,-1,375.000,-1,350.000,500.000,300.000,300.000,325.000,300.000,-1,400.000,400.000,-1,625.000,500.000,-1,525.000,2,0,2,0,0,0,0,0,0,2,0,0,2,0,0,2,0
38,5728.493,7286.837,-166.440,33.768,0.829179,-0.548045,0.110044,0.558605,0.819645,-0.127055,-0.020565,0.166822,0.985773,0,0.35369,0.86125,21.221,1.722,-1,375.000,-1,350.000,500.000,300.000,300.000,325.000,300.000,-1,400.000,400.000,-1,625.000,500.000,-1,525.000,2,0,2,0,0,0,0,0,0,2,0,0,2,0,0,2,0
39,5749.674,7301.943,-166.827,35.491,0.812639,-0.572436,0.109246,0.582573,0.802803,-0.126944,-0.015036,0.166804,0.985875,0,0.43369,0.86125,26.021,1.722,-1,375.000,-1,325.000,475.000,300.000,300.000,325.000,300.000,-1,425.000,400.000,-1,625.000,500.000,-1,500.000,2,0,2,0,0,0,0,0,0,2,0,0,2,0,0,2,0
40,5774.214,7320.581,-167.128,37.213,0.795403,-0.596334,0.108257,0.606009,0.785267,-0.126920,-0.009324,0.166558,0.985988,0,0.51369,0.86125,30.821,1.722,-1,375.000,-1,325.000,450.000,300.000,300.000,325.000,300.000,-1,425.000,425.000,-1,625.000,500.000,-1,475.000,2,0,2,0,0,0,0,0,0,2,0,0,2,0,0,2,0
41,5801.917,7342.965,-167.289,38.936,0.777485,-0.619718,0.107083,0.628893,0.767049,-0.127003,-0.003432,0.166086,0.986105,0,0.59369,0.86125,35.621,1.722,-1,375.000,-1,325.000,425.000,300.000,300.000,325.000,300.000,-1,450.000,425.000,-1,625.000,475.000,-1,475.000,2,0,2,0,0,0,0,0,0,2,0,0,2,0,0,2,0
42,5832.577,7369.298,-166.983,40.658,0.758978,-0.642676,0.104499,0.651107,0.748286,-0.126995,0.003421,0.164426,0.986383,0,0.67369,0.86125,40.421,1.722,-1,375.000,-1,325.000,425.000,300.000,275.000,325.000,300.000,-1,425.000,450.000,-1,625.000,475.000,-1,450.000,2,0,2,0,0,0,0,0,0,2,0,0,2,0,0,2,0
43,5862.967,7397.021,-165.669,42.381,0.739998,-0.665391,0.098270,0.672491,0.729192,-0.126629,0.012600,0.159791,0.987071,0,0.68567,0.86125,41.140,1.722,-1,375.000,-1,325.000,425.000,300.000,275.000,325.000,300.000,-1,400.000,450.000,-1,650.000,475.000,-1,475.000,2,0,2,0,0,0,0,0,0,2,0,0,2,0,0,2,0
44,5892.510,7425.645,-164.182,44.103,0.720283,-0.687522,0.092227,0.693342,0.709391,-0.126657,0.021654,0.155174,0.987650,0,0.68567,0.86125,41.140,1.722,-1,400.000,-1,325.000,450.000,300.000,300.000,300.000,300.000,-1,375.000,450.000,-1,650.000,500.000,-1,475.000,2,0,2,0,0,0,0,0,0,2,0,0,2,0,0,2,0
45,5921.180,7455.144,-162.522,45.826,0.699851,-0.709044,0.086398,0.713634,0.688900,-0.127057,0.030569,0.150578,0.988125,0,0.68567,0.86125,41.140,1.722,-1,400.000,-1,325.000,450.000,300.000,300.000,300.000,300.000,-1,350.000,450.000,-1,675.000,500.000,-1,500.000,2,0,2,0,0,0,0,0,0,2,0,0,2,0,0,2,0
46,5948.950,7485.492,-160.645,47.548,0.678727,-0.729956,0.080590,0.733329,0.667755,-0.127794,0.039470,0.145836,0.988521,0,0.68567,0.86125,41.140,1.722,-1,400.000,-1,325.000,475.000,325.000,300.000,300.000,300.000,-1,325.000,425.000,-1,675.000,500.000,-1,525.000,2,0,2,0,0,0,0,0,0,2,0,0,2,0,0,2,0
47,5975.795,7516.662,-158.528,49.271,0.656927,-0.750244,0.074708,0.752398,0.645982,-0.128859,0.048416,0.140862,0.988845,0,0.68567,0.86125,41.140,1.722,-1,400.000,-1,325.000,500.000,325.000,300.000,300.000,300.000,-1,300.000,425.000,-1,700.000,525.000,-1,550.000,2,0,2,0,0,0,0,0,0,2,0,0,2,0,0,2,0
48,6001.692,7548.625,-156.127,50.993,0.634455,-0.769807,0.069735,0.770870,0.623532,-0.130256,0.056790,0.136398,0.989025,0,0.68567,0.86125,41.140,1.722,-1,400.000,-1,325.000,500.000,325.000,300.000,300.000,275.000,-1,300.000,425.000,-1,700.000,525.000,-1,575.000,2,0,2,0,0,0,0,0,0,2,0,0,2,0,0,2,0
49,6026.615,7581.352,-153.466,52.716,0.611351,-0.788637,0.065580,0.788714,0.600442,-0.131906,0.064648,0.132365,0.989091,0,0.68567,0.86125,41.140,1.722,-1,400.000,-1,325.000,525.000,325.000,300.000,300.000,275.000,-1,300.000,400.000,-1,725.000,550.000,-1,600.000,2,0,2,0,0,0,0,0,0,2,0,0,2,0,0,2,0
50,6050.544,7614.814,-150.651,54.438,0.587648,-0.806758,0.061737,0.805879,0.576772,-0.133764,0.072307,0.128359,0.989088,0,0.68567,0.86125,41.140,1.722,-1,400.000,-1,325.000,550.000,325.000,300.000,300.000,275.000,-1,275.000,375.000,-1,750.000,550.000,-1,625.000,2,0,2,0,0,0,0,0,0,2,0,0,2,0,0,2,0
51,6073.456,7648.981,-147.683,56.161,0.563370,-0.824151,0.058215,0.822346,0.552543,-0.135804,0.079757,0.124381,0.989024,0,0.68567,0.86125,41.140,1.722,-1,400.000,-1,350.000,550.000,325.000,300.000,300.000,275.000,-1,250.000,350.000,-1,750.000,550.000,-1,650.000,2,0,2,0,0,0,0,0,0,2,0,0,2,0,0,2,0
52,6095.330,7683.821,-144.552,57.883,0.538544,-0.840795,0.055089,0.838100,0.527777,-0.137989,0.086945,0.120483,0.988901,0,0.68567,0.86125,41.140,1.722,-1,425.000,-1,350.000,550.000,325.000,300.000,300.000,275.000,975.000,225.000,325.000,-1,775.000,575.000,-1,675.000,2,0,2,0,0,0,0,0,0,0,0,0,2,0,0,2,0
53,6116.148,7719.303,-141.261,59.606,0.513197,-0.856672,0.052368,0.853123,0.502495,-0.140284,0.093862,0.116669,0.988726,0,0.68567,0.86125,41.140,1.722,-1,425.000,-1,350.000,550.000,325.000,300.000,300.000,250.000,900.000,200.000,325.000,-1,800.000,575.000,-1,700.000,2,0,2,0,0,0,0,0,0,0,0,0,2,0,0,2,0
54,6135.889,7755.395,-137.821,61.328,0.487355,-0.871771,0.050008,0.867398,0.476727,-0.142662,0.100529,0.112903,0.988507,0,0.68567,0.86125,41.140,1.722,-1,425.000,-1,350.000,575.000,325.000,300.000,300.000,250.000,875.000,200.000,325.000,-1,800.000,600.000,-1,750.000,2,0,2,0,0,0,0,0,0,0,0,0,2,0,0,2,0
55,6154.537,7792.064,-134.241,63.051,0.461043,-0.886079,0.047998,0.880913,0.450496,-0.145070,0.106921,0.109165,0.988257,0,0.68567,0.86125,41.140,1.722,-1,425.000,-1,350.000,575.000,325.000,300.000,300.000,250.000,875.000,200.000,300.000,-1,850.000,600.000,-1,800.000,2,0,2,0,0,0,0,0,0,0,0,0,2,0,0,2,0
56,6172.080,7829.274,-129.601,64.773,0.433798,-0.899918,0.044344,0.894232,0.423987,-0.143473,0.110313,0.101892,0.988660,0,0.68567,0.86125,41.140,1.722,-1,425.000,-1,350.000,600.000,325.000,300.000,275.000,250.000,850.000,225.000,375.000,-1,850.000,625.000,-1,875.000,2,0,2,0,0,0,0,0,0,0,0,0,2,0,0,2,0
57,6188.496,7866.995,-124.748,66.495,0.406079,-0.912934,0.040640,0.906796,0.397040,-0.141706,0.113233,0.094396,0.989074,0,0.68567,0.86125,41.140,1.722,-1,425.000,-1,350.000,650.000,325.000,300.000,275.000,250.000,850.000,300.000,450.000,-1,850.000,625.000,-1,1000.000,2,0,2,0,0,0,0,0,0,0,0,0,2,0,0,2,0
58,6203.770,7905.193,-119.812,68.218,0.377974,-0.925071,0.037140,0.918518,0.369665,-0.140257,0.116019,0.087128,0.989418,0,0.68567,0.86125,41.140,1.722,-1,425.000,-1,375.000,700.000,325.000,325.000,275.000,250.000,850.000,350.000,525.000,-1,850.000,650.000,-1,-1,2,0,2,0,0,0,0,0,0,0,0,0,2,0,0,2,2
59,6217.888,7943.833,-114.751,69.940,0.349490,-0.936332,0.033751,0.929412,0.341899,-0.138920,0.118536,0.079920,0.989728,0,0.68567,0.86125,41.140,1.722,-1,425.000,-1,375.000,750.000,325.000,325.000,275.000,250.000,850.000,400.000,625.000,-1,850.000,650.000,-1,-1,2,0,2,0,0,0,0,0,0,0,0,0,2,0,0,2,2
60,6232.531,7987.376,-109.015,71.423,0.324587,-0.945376,0.030126,0.938166,0.317732,-0.137442,0.120362,0.072875,0.990052,0,0.76567,0.74125,45.940,1.482,-1,425.000,-1,375.000,850.000,325.000,325.000,275.000,250.000,850.000,475.000,725.000,-1,850.000,675.000,-1,-1,2,0,2,0,0,0,0,0,0,0,0,0,2,0,0,2,2
61,6246.539,8032.233,-103.169,72.665,0.303496,-0.952453,0.026913,0.945036,0.297286,-0.136121,0.121648,0.066746,0.990327,0,0.78324,0.62125,46.994,1.242,-1,425.000,-1,375.000,950.000,325.000,325.000,275.000,250.000,875.000,575.000,850.000,-1,850.000,675.000,-1,-1,2,0,2,0,0,0,0,0,0,0,0,0,2,0,0,2,2
62,6259.759,8077.329,-97.290,73.668,0.286310,-0.957838,0.023922,0.950260,0.280673,-0.135011,0.122604,0.061387,0.990555,0,0.78324,0.50125,46.994,1.002,-1,425.000,-1,375.000,-1,325.000,325.000,275.000,275.000,875.000,650.000,925.000,-1,850.000,700.000,-1,-1,2,0,2,0,2,0,0,0,0,0,0,0,2,0,0,2,2
63,6272.377,8122.597,-91.389,74.430,0.273107,-0.961751,0.021136,0.954053,0.267975,-0.134057,0.123265,0.056777,0.990748,0,0.78324,0.38125,46.994,0.762,-1,425.000,-1,375.000,-1,325.000,325.000,275.000,275.000,875.000,725.000,1000.000,-1,850.000,700.000,-1,-1,2,0,2,0,2,0,0,0,0,0,0,0,2,0,0,2,2
64,6284.581,8167.978,-85.471,74.953,0.263939,-0.964361,0.018537,0.956579,0.259249,-0.133213,0.123659,0.052892,0.990914,0,0.78324,0.26125,46.994,0.522,-1,425.000,-1,375.000,-1,325.000,325.000,275.000,275.000,875.000,800.000,-1,-1,850.000,725.000,-1,-1,2,0,2,0,2,0,0,0,0,0,0,2,2,0,0,2,2
65,6296.426,8213.455,-79.532,75.404,0.255972,-0.966550,0.016103,0.958703,0.251688,-0.132446,0.123963,0.049340,0.991059,0,0.78324,0.22575,46.994,0.451,-1,425.000,-1,375.000,-1,325.000,325.000,275.000,275.000,875.000,850.000,-1,-1,850.000,725.000,-1,-1,2,0,2,0,2,0,0,0,0,0,0,2,2,0,0,2,2
66,6307.912,8259.023,-73.568,75.856,0.248006,-0.968660,0.013822,0.960758,0.244103,-0.131749,0.124246,0.045955,0.991187,0,0.78324,0.22575,46.994,0.451,-1,425.000,-1,375.000,-1,325.000,325.000,275.000,275.000,900.000,925.000,-1,-1,850.000,750.000,-1,-1,2,0,2,0,2,0,0,0,0,0,0,2,2,0,0,2,2
67,6319.039,8304.681,-67.579,76.307,0.240041,-0.970692,0.011694,0.962745,0.236496,-0.131116,0.124508,0.042731,0.991298,0,0.78324,0.22575,46.994,0.451,-1,425.000,-1,375.000,-1,325.000,325.000,275.000,275.000,900.000,-1,-1,-1,850.000,775.000,-1,-1,2,0,2,0,2,0,0,0,0,0,2,2,2,0,0,2,2
68,6329.805,8350.425,-61.567,76.759,0.232078,-0.972649,0.009713,0.964665,0.228869,-0.130543,0.124749,0.039666,0.991395,0,0.78324,0.22575,46.994,0.451,-1,425.000,-1,375.000,-1,325.000,325.000,275.000,275.000,900.000,-1,-1,-1,850.000,775.000,-1,-1,2,0,2,0,2,0,0,0,0,0,2,2,2,0,0,2,2
69,6340.210,8396.253,-55.532,77.210,0.224116,-0.974531,0.007878,0.966517,0.221222,-0.130025,0.124971,0.036755,0.991479,0,0.78324,0.22575,46.994,0.451,-1,425.000,-1,400.000,-1,325.000,325.000,275.000,275.000,925.000,-1,-1,-1,875.000,800.000,-1,-1,2,0,2,0,2,0,0,0,0,0,2,2,2,0,0,2,2
70,6350.297,8442.333,-49.452,77.655,0.216275,-0.976313,0.006179,0.968276,0.213675,-0.129556,0.125167,0.034002,0.991553,0,0.78618,0.22228,47.171,0.445,-1,425.000,-1,400.000,-1,325.000,325.000,275.000,275.000,925.000,-1,-1,-1,900.000,800.000,-1,-1,2,0,2,0,2,0,0,0,0,0,2,2,2,0,0,2,2
71,6360.066,8488.650,-43.408,78.092,0.208522,-0.978008,0.004305,0.969953,0.206236,-0.129061,0.125335,0.031088,0.991627,0,0.78894,0.21865,47.337,0.437,-1,425.000,-1,400.000,-1,325.000,325.000,275.000,275.000,925.000,-1,-1,-1,925.000,825.000,-1,-1,2,0,2,0,2,0,0,0,0,0,2,2,2,0,0,2,2
72,6369.518,8535.189,-37.539,78.522,0.200791,-0.979632,0.001826,0.971645,0.198915,-0.127826,0.124860,0.027441,0.991795,0,0.79149,0.21490,47.489,0.430,-1,425.000,-1,400.000,-1,325.000,325.000,275.000,275.000,925.000,-1,-1,-1,925.000,825.000,-1,-1,2,0,2,0,2,0,0,0,0,0,2,2,2,0,0,2,2
73,6378.654,8581.933,-31.666,78.944,0.193218,-0.981156,-0.000408,0.973232,0.191710,-0.126755,0.124445,0.024095,0.991934,0,0.79380,0.21102,47.628,0.422,-1,425.000,-1,400.000,-1,325.000,325.000,275.000,275.000,950.000,-1,-1,-1,950.000,850.000,-1,-1,2,0,2,0,2,0,0,0,0,0,2,2,2,0,0,2,2
74,6387.473,8628.864,-26.085,79.358,0.185942,-0.982560,-0.001180,0.974794,0.184623,-0.125265,0.123298,0.022141,0.992123,0,0.79588,0.20704,47.753,0.414,-1,425.000,-1,400.000,-1,325.000,325.000,275.000,275.000,950.000,-1,-1,-1,950.000,875.000,-1,-1,2,0,2,0,2,0,0,0,0,0,2,2,2,0,0,2,2
75,6395.979,8675.964,-20.481,79.764,0.178822,-0.983880,-0.001784,0.976275,0.177665,-0.123783,0.122104,0.020393,0.992308,0,0.79772,0.20295,47.863,0.406,-1,400.000,-1,400.000,-1,325.000,325.000,250.000,275.000,975.000,-1,-1,-1,950.000,900.000,-1,-1,2,0,2,0,2,0,0,0,0,0,2,2,2,0,0,2,2
76,6404.175,8723.217,-14.849,80.162,0.171858,-0.985119,-0.002254,0.977677,0.170839,-0.122320,0.120885,0.018818,0.992488,0,0.79930,0.19876,47.958,0.398,-1,400.000,-1,400.000,-1,325.000,325.000,250.000,275.000,1000.000,-1,-1,-1,950.000,925.000,-1,-1,2,0,2,0,2,0,0,0,0,0,2,2,2,0,0,2,2
77,6412.062,8770.602,-9.191,80.551,0.165052,-0.986281,-0.002595,0.979001,0.164152,-0.120874,0.119642,0.017410,0.992664,0,0.80063,0.19449,48.038,0.389,-1,400.000,-1,400.000,-1,325.000,325.000,250.000,275.000,-1,-1,-1,-1,975.000,925.000,-1,-1,2,0,2,0,2,0,0,0,0,2,2,2,2,0,0,2,2
78,6419.644,8818.102,-3.511,80.931,0.158407,-0.987370,-0.002811,0.980252,0.157605,-0.119441,0.118375,0.016165,0.992837,0,0.80169,0.19015,48.102,0.380,-1,400.000,-1,400.000,-1,325.000,325.000,275.000,275.000,-1,-1,-1,-1,975.000,950.000,-1,-1,2,0,2,0,2,0,0,0,0,2,2,2,2,0,0,2,2
79,6426.926,8865.697,2.191,81.302,0.151924,-0.988388,-0.002908,0.981433,0.151202,-0.118018,0.117087,0.015076,0.993007,0,0.80250,0.18576,48.150,0.372,-1,400.000,-1,400.000,-1,325.000,325.000,275.000,275.000,-1,-1,-1,-1,975.000,975.000,-1,-1,2,0,2,0,2,0,0,0,0,2,2,2,2,0,0,2,2
80,6433.911,8913.370,7.910,81.665,0.145604,-0.989339,-0.002891,0.982545,0.144945,-0.116602,0.115778,0.014138,0.993175,0,0.80304,0.18132,48.182,0.363,-1,425.000,-1,400.000,-1,325.000,325.000,275.000,275.000,-1,-1,-1,-1,1000.000,975.000,-1,-1,2,0,2,0,2,0,0,0,0,2,2,2,2,0,0,2,2
81,6441.479,8965.808,14.215,81.788,0.143474,-0.989650,-0.002680,0.983046,0.142828,-0.114986,0.114179,0.013863,0.993364,0,0.88304,0.06132,52.982,0.123,-1,425.000,-1,425.000,-1,325.000,325.000,275.000,275.000,-1,-1,-1,-1,-1,1000.000,-1,-1,2,0,2,0,2,0,0,0,0,2,2,2,2,2,0,2,2
82,6449.402,9019.922,20.733,81.670,0.145535,-0.989350,-0.002275,0.982948,0.144854,-0.113275,0.112398,0.014249,0.993561,0,0.91152,-0.05868,54.691,-0.117,-1,425.000,-1,425.000,-1,350.000,325.000,275.000,275.000,-1,-1,-1,-1,-1,-1,-1,-1,2,0,2,0,2,0,0,0,0,2,2,2,2,2,2,2,2
83,6457.663,9073.994,27.307,81.313,0.151803,-0.988410,-0.001503,0.982197,0.151019,-0.111726,0.110658,0.015485,0.993738,0,0.91166,-0.17868,54.700,-0.357,-1,425.000,-1,425.000,-1,350.000,350.000,275.000,275.000,-1,-1,-1,-1,-1,-1,-1,-1,2,0,2,0,2,0,0,0,0,2,2,2,2,2,2,2,2
84,6466.488,9127.984,33.882,80.716,0.162240,-0.986751,-0.000536,0.980732,0.161310,-0.110198,0.108824,0.017353,0.993910,0,0.91178,-0.29868,54.707,-0.597,-1,450.000,-1,450.000,-1,350.000,350.000,275.000,275.000,-1,-1,-1,-1,-1,-1,-1,-1,2,0,2,0,2,0,0,0,0,2,2,2,2,2,2,2,2
85,6476.105,9181.847,39.590,79.878,0.176453,-0.984305,-0.002684,0.978568,0.175717,-0.107367,0.106154,0.016319,0.994216,0,0.91193,-0.41868,54.716,-0.837,-1,450.000,-1,450.000,-1,350.000,350.000,275.000,300.000,-1,-1,-1,-1,-1,-1,-1,-1,2,0,2,0,2,0,0,0,0,2,2,2,2,2,2,2,2
86,6486.735,9235.532,44.887,78.801,0.194716,-0.980846,-0.005198,0.975457,0.194197,-0.103782,0.102803,0.015138,0.994587,0,0.91214,-0.53868,54.728,-1.077,-1,450.000,-1,450.000,-1,350.000,350.000,275.000,300.000,-1,-1,-1,-1,-1,-1,-1,-1,2,0,2,0,2,0,0,0,0,2,2,2,2,2,2,2,2
87,6498.599,9288.978,49.429,77.484,0.217309,-0.976091,-0.004705,0.971147,0.216688,-0.099601,0.098239,0.017075,0.995016,0,0.91247,-0.65868,54.748,-1.317,-1,450.000,-1,450.000,-1,350.000,350.000,275.000,300.000,-1,-1,-1,-1,-1,-1,-1,-1,2,0,2,0,2,0,0,0,0,2,2,2,2,2,2,2,2
88,6511.919,9342.111,53.899,75.926,0.243880,-0.969798,-0.003824,0.965300,0.243125,-0.095322,0.093373,0.019556,0.995439,0,0.91296,-0.77868,54.777,-1.557,-1,425.000,-1,425.000,-1,350.000,350.000,275.000,275.000,-1,-1,-1,-1,-1,-1,-1,-1,2,0,2,0,2,0,0,0,0,2,2,2,2,2,2,2,2
89,6526.909,9394.839,58.341,74.129,0.274306,-0.961639,-0.002740,0.957576,0.273407,-0.091087,0.088342,0.022362,0.995839,0,0.91364,-0.89868,54.819,-1.797,-1,425.000,-1,425.000,-1,350.000,350.000,275.000,275.000,-1,-1,-1,-1,-1,1000.000,-1,-1,2,0,2,0,2,0,0,0,0,2,2,2,2,2,0,2,2
90,6543.748,9447.065,62.748,72.129,0.307826,-0.951442,-0.001418,0.947803,0.306779,-0.086926,0.083140,0.025414,0.996214,0,0.91457,-1.00000,54.874,-2.000,-1,425.000,-1,425.000,-1,350.000,350.000,275.000,275.000,-1,-1,-1,-1,-1,950.000,-1,-1,2,0,2,0,2,0,0,0,0,2,2,2,2,2,0,2,2
91,6562.422,9498.736,67.156,70.129,0.340940,-0.940085,-0.000082,0.936843,0.339771,-0.082953,0.078010,0.028205,0.996553,0,0.91572,-1.00000,54.943,-2.000,-1,425.000,-1,425.000,-1,350.000,350.000,300.000,275.000,-1,-1,-1,-1,-1,925.000,-1,-1,2,0,2,0,2,0,0,0,0,2,2,2,2,2,0,2,2
92,6582.915,9549.789,71.540,68.129,0.373616,-0.927582,0.001384,0.924716,0.372344,-0.079125,0.072879,0.030842,0.996864,0,0.91688,-1.00000,55.013,-2.000,-1,425.000,-1,400.000,-1,325.000,325.000,300.000,275.000,-1,-1,-1,-1,-1,900.000,-1,-1,2,0,2,0,2,0,0,0,0,2,2,2,2,2,0,2,2
93,6605.205,9600.160,75.858,66.129,0.405826,-0.913945,0.003164,0.911445,0.404455,-0.075400,0.067632,0.033484,0.997148,0,0.91804,-1.00000,55.082,-2.000,-1,425.000,-1,400.000,-1,325.000,325.000,300.000,275.000,-1,-1,-1,-1,1000.000,900.000,-1,-1,2,0,2,0,2,0,0,0,0,2,2,2,2,0,0,2,2
94,6629.269,9649.784,80.189,64.129,0.437545,-0.899179,0.005681,0.897056,0.436059,-0.071713,0.062005,0.036473,0.997409,0,0.91920,-1.00000,55.152,-2.000,-1,425.000,-1,400.000,-1,350.000,325.000,300.000,275.000,-1,-1,-1,-1,975.000,875.000,-1,-1,2,0,2,0,2,0,0,0,0,2,2,2,2,0,0,2,2
95,6655.084,9698.599,84.003,62.129,0.468630,-0.883372,0.006285,0.881509,0.467153,-0.068633,0.057692,0.037704,0.997622,0,0.92034,-1.00000,55.221,-2.000,-1,425.000,-1,400.000,-1,350.000,325.000,300.000,275.000,-1,-1,-1,-1,975.000,850.000,-1,-1,2,0,2,0,2,0,0,0,0,2,2,2,2,0,0,2,2
96,6682.621,9746.543,87.287,60.129,0.499069,-0.866549,0.004899,0.864833,0.497708,-0.065963,0.054722,0.037157,0.997810,0,0.92148,-1.00000,55.289,-2.000,-1,425.000,-1,400.000,-1,350.000,325.000,300.000,275.000,-1,-1,-1,-1,975.000,850.000,-1,-1,2,0,2,0,2,0,0,0,0,2,2,2,2,0,0,2,2
97,6711.850,9793.552,90.143,58.129,0.528850,-0.848710,0.003171,0.847206,0.527683,-0.061585,0.050594,0.035255,0.998097,0,0.92259,-1.00000,55.355,-2.000,-1,425.000,-1,400.000,-1,350.000,325.000,300.000,275.000,-1,-1,-1,-1,950.000,825.000,-1,-1,2,0,2,0,2,0,0,0,0,2,2,2,2,0,0,2,2
98,6742.739,9839.566,92.890,56.129,0.558011,-0.829831,0.001790,0.828537,0.557018,-0.057082,0.046372,0.033335,0.998368,0,0.92368,-1.00000,55.421,-2.000,-1,425.000,-1,400.000,-1,325.000,325.000,300.000,275.000,-1,-1,-1,-1,925.000,825.000,-1,-1,2,0,2,0,2,0,0,0,0,2,2,2,2,0,0,2,2
99,6775.252,9884.526,95.554,54.129,0.586521,-0.809934,0.000807,0.808836,0.585673,-0.052644,0.042166,0.031529,0.998613,0,0.92473,-1.00000,55.484,-2.000,-1,425.000,-1,400.000,-1,325.000,325.000,300.000,300.000,-1,-1,-1,-1,900.000,800.000,-1,-1,2,0,2,0,2,0,0,0,0,2,2,2,2,0,0,2,2
100,6809.351,9928.372,97.949,52.129,0.614360,-0.789026,0.000408,0.788085,0.613602,-0.049134,0.038518,0.030508,0.998792,0,0.92575,-1.00000,55.545,-2.000,-1,425.000,-1,400.000,-1,325.000,325.000,300.000,300.000,-1,-1,-1,-1,875.000,800.000,-1,-1,2,0,2,0,2,0,0,0,0,2,2,2,2,0,0,2,2
101,6844.996,9971.046,99.895,50.129,0.641502,-0.767121,0.000656,0.766278,0.640757,-0.047413,0.035951,0.030918,0.998875,0,0.92671,-1.00000,55.603,-2.000,-1,425.000,-1,400.000,-1,325.000,325.000,300.000,300.000,-1,-1,-1,-1,875.000,775.000,-1,-1,2,0,2,0,2,0,0,0,0,2,2,2,2,0,0,2,2
102,6882.145,10012.492,101.764,48.129,0.667866,-0.744281,0.001064,0.743533,0.667129,-0.045804,0.033381,0.031382,0.998950,0,0.92763,-1.00000,55.658,-2.000,-1,425.000,-1,400.000,-1,325.000,325.000,300.000,300.000,-1,-1,-1,-1,850.000,775.000,-1,-1,2,0,2,0,2,0,0,0,0,2,2,2,2,0,0,2,2
103,6917.237,10049.302,103.401,46.369,0.690395,-0.723431,0.001557,0.722765,0.689665,-0.044426,0.031065,0.031797,0.999011,0,0.84763,-0.88000,50.858,-1.760,-1,425.000,-1,400.000,-1,325.000,325.000,300.000,300.000,-1,-1,-1,-1,850.000,750.000,-1,-1,2,0,2,0,2,0,0,0,0,2,2,2,2,0,0,2,2
104,6949.891,10081.784,104.852,44.849,0.709327,-0.704877,0.002072,0.704286,0.708606,-0.043106,0.028916,0.032036,0.999068,0,0.76763,-0.76000,46.058,-1.520,-1,400.000,-1,400.000,-1,325.000,325.000,300.000,300.000,-1,-1,-1,-1,850.000,750.000,-1,-1,2,0,2,0,2,0,0,0,0,2,2,2,2,0,0,2,2
105,6979.784,10110.219,106.143,43.569,0.724879,-0.688871,0.002581,0.688350,0.724174,-0.041785,0.026916,0.032066,0.999123,0,0.68763,-0.64000,41.258,-1.280,-1,400.000,-1,400.000,-1,325.000,325.000,300.000,300.000,-1,-1,-1,-1,850.000,750.000,-1,-1,2,0,2,0,2,0,0,0,0,2,2,2,2,0,0,2,2
106,7006.651,10134.863,107.218,42.529,0.737251,-0.675611,0.003205,0.675151,0.736556,-0.040691,0.025131,0.032163,0.999167,0,0.60763,-0.52000,36.458,-1.040,-1,400.000,-1,400.000,975.000,325.000,325.000,325.000,300.000,-1,-1,-1,-1,825.000,725.000,-1,-1,2,0,2,0,1,0,0,0,0,2,2,2,2,0,0,2,2
107,7033.085,10158.438,108.188,41.729,0.746602,-0.665259,0.004003,0.664858,0.745914,-0.039695,0.023421,0.032298,0.999204,0,0.59032,-0.40000,35.419,-0.800,-1,400.000,-1,400.000,950.000,325.000,325.000,325.000,300.000,-1,-1,-1,-1,825.000,725.000,-1,-1,2,0,2,0,1,0,0,0,0,2,2,2,2,0,0,2,2
108,7059.719,10181.729,109.070,41.169,0.753056,-0.657941,0.004516,0.657587,0.752385,-0.038678,0.022050,0.032096,0.999242,0,0.58969,-0.28000,35.382,-0.560,-1,400.000,-1,375.000,925.000,325.000,325.000,325.000,300.000,-1,-1,-1,-1,825.000,725.000,-1,-1,2,0,2,0,1,0,0,0,0,2,2,2,2,0,0,2,2
109,7086.430,10204.825,109.789,40.849,0.756702,-0.653746,0.004338,0.653414,0.756068,-0.037555,0.021272,0.031253,0.999285,0,0.58851,-0.16000,35.311,-0.320,-1,400.000,-1,375.000,900.000,325.000,325.000,325.000,300.000,-1,-1,-1,-1,800.000,725.000,-1,-1,2,0,2,0,1,0,0,0,0,2,2,2,2,0,0,2,2
110,7113.093,10227.813,110.498,40.769,0.757599,-0.652707,0.004230,0.652396,0.757001,-0.036465,0.020599,0.030386,0.999326,0,0.58675,-0.04000,35.205,-0.080,-1,400.000,-1,375.000,875.000,325.000,325.000,300.000,300.000,-1,-1,-1,-1,800.000,725.000,-1,-1,2,0,2,0,1,0,0,0,0,2,2,2,2,0,0,2,2
111,7139.654,10250.701,111.211,40.753,0.757770,-0.652509,0.004080,0.652215,0.757207,-0.035406,0.020014,0.029491,0.999365,0,0.58437,-0.00814,35.062,-0.016,-1,400.000,-1,375.000,850.000,325.000,325.000,300.000,300.000,-1,-1,-1,-1,800.000,700.000,-1,-1,2,0,2,0,1,0,0,0,0,2,2,2,2,0,0,2,2
112,7166.102,10273.477,112.049,40.733,0.757970,-0.652281,0.003300,0.651987,0.757455,-0.034274,0.019857,0.028130,0.999407,0,0.58173,-0.00962,34.904,-0.019,-1,400.000,-1,375.000,825.000,325.000,325.000,300.000,300.000,-1,-1,-1,-1,800.000,700.000,-1,-1,2,0,2,0,1,0,0,0,0,2,2,2,2,0,0,2,2
113,7192.434,10296.134,112.871,40.711,0.758202,-0.652015,0.002545,0.651722,0.757732,-0.033191,0.019712,0.026824,0.999446,0,0.57895,-0.01094,34.737,-0.022,-1,400.000,-1,375.000,800.000,325.000,325.000,300.000,300.000,-1,-1,-1,-1,775.000,725.000,-1,-1,2,0,2,0,1,0,0,0,1,2,2,2,2,0,0,2,2
114,7218.643,10318.666,113.678,40.687,0.758461,-0.651716,0.001814,0.651424,0.758032,-0.032156,0.019581,0.025571,0.999481,0,0.57606,-0.01212,34.564,-0.024,-1,400.000,-1,375.000,800.000,325.000,325.000,300.000,275.000,-1,-1,-1,-1,775.000,725.000,-1,-1,2,0,2,0,1,0,0,0,1,2,2,2,2,0,0,2,2
115,7244.727,10341.071,114.471,40.661,0.758745,-0.651387,0.001108,0.651097,0.758354,-0.031168,0.019462,0.024370,0.999514,0,0.57308,-0.01315,34.385,-0.026,-1,400.000,-1,375.000,775.000,325.000,325.000,300.000,275.000,-1,-1,-1,-1,775.000,725.000,-1,-1,2,0,2,0,1,0,0,0,1,2,2,2,2,0,1,2,2
116,7270.682,10363.342,115.248,40.633,0.759049,-0.651033,0.000426,0.650746,0.758694,-0.030228,0.019356,0.023221,0.999543,0,0.57001,-0.01403,34.200,-0.028,-1,400.000,-1,375.000,750.000,325.000,325.000,300.000,275.000,-1,-1,-1,-1,775.000,700.000,-1,-1,2,0,2,0,1,0,0,0,1,2,2,2,2,0,1,2,2
117,7296.505,10385.477,116.011,40.603,0.759370,-0.650659,-0.000232,0.650374,0.759048,-0.029334,0.019262,0.022124,0.999570,0,0.56687,-0.01476,34.012,-0.030,-1,400.000,-1,375.000,750.000,325.000,325.000,300.000,275.000,-1,-1,-1,-1,775.000,700.000,-1,-1,2,0,2,0,1,0,0,0,1,2,2,2,2,0,1,2,2
118,7322.195,10407.474,116.759,40.573,0.759705,-0.650267,-0.000861,0.649985,0.759413,-0.028483,0.019175,0.021079,0.999594,0,0.56368,-0.01534,33.821,-0.031,-1,400.000,-1,375.000,725.000,325.000,325.000,300.000,275.000,-1,-1,-1,-1,775.000,700.000,-1,-1,2,0,2,0,1,0,0,0,1,2,2,2,2,0,1,2,2
119,7347.750,10429.332,117.480,40.541,0.760050,-0.649863,-0.001473,0.649585,0.759788,-0.027613,0.019064,0.020031,0.999618,0,0.56045,-0.01577,33.627,-0.032,-1,400.000,-1,375.000,700.000,325.000,325.000,300.000,275.000,-1,-1,-1,-1,775.000,700.000,-1,-1,2,0,2,0,1,0,0,0,1,2,2,2,2,0,0,2,2
120,7373.169,10451.048,118.184,40.509,0.760402,-0.649449,-0.002071,0.649176,0.760167,-0.026787,0.018971,0.019025,0.999639,0,0.55721,-0.01606,33.432,-0.032,-1,400.000,-1,375.000,700.000,325.000,325.000,300.000,275.000,-1,-1,-1,-1,775.000,700.000,-1,-1,2,0,2,0,1,0,0,0,1,2,2,2,2,0,0,2,2
121,7398.452,10472.623,118.873,40.477,0.760758,-0.649031,-0.002656,0.648761,0.760548,-0.026004,0.018897,0.018060,0.999658,0,0.55396,-0.01621,33.237,-0.032,-1,400.000,-1,375.000,700.000,325.000,325.000,300.000,275.000,-1,-1,-1,-1,775.000,700.000,-1,-1,2,0,2,0,1,0,0,0,1,2,2,2,2,0,0,2,2
122,7423.599,10494.058,119.545,40.444,0.761113,-0.648611,-0.003227,0.648345,0.760927,-0.025263,0.018842,0.017136,0.999676,0,0.55072,-0.01622,33.043,-0.032,-1,400.000,-1,375.000,675.000,325.000,325.000,300.000,275.000,-1,-1,-1,-1,775.000,700.000,-1,-1,2,0,2,0,1,0,0,0,1,2,2,2,2,0,0,2,2
123,7448.611,10515.354,120.203,40.412,0.761467,-0.648193,-0.003786,0.647931,0.761303,-0.024565,0.018805,0.016253,0.999691,0,0.54751,-0.01609,32.850,-0.032,-1,400.000,-1,375.000,675.000,325.000,325.000,300.000,300.000,-1,-1,-1,-1,750.000,700.000,-1,-1,2,0,2,0,1,0,0,0,1,2,2,2,2,0,0,2,2
124,7473.491,10536.513,120.857,40.380,0.761815,-0.647781,-0.004329,0.647521,0.761670,-0.023973,0.018827,0.015460,0.999703,0,0.54433,-0.01582,32.660,-0.032,-1,400.000,-1,375.000,675.000,325.000,325.000,300.000,300.000,-1,-1,-1,-1,750.000,700.000,-1,-1,2,0,2,0,1,0,0,0,1,2,2,2,2,0,0,2,2
125,7498.239,10557.538,121.589,40.349,0.762157,-0.647374,-0.004846,0.647109,0.762023,-0.023908,0.019170,0.015086,0.999702,0,0.54122,-0.01542,32.473,-0.031,-1,400.000,-1,375.000,675.000,325.000,325.000,300.000,300.000,-1,-1,-1,-1,750.000,700.000,-1,-1,2,0,2,0,1,0,0,0,0,2,2,2,2,0,0,2,2
126,7522.858,10578.431,122.241,40.320,0.762489,-0.646979,-0.005342,0.646701,0.762360,-0.024174,0.019712,0.014978,0.999693,0,0.53817,-0.01489,32.290,-0.030,-1,400.000,-1,375.000,700.000,325.000,325.000,300.000,300.000,-1,-1,-1,-1,775.000,700.000,-1,-1,2,0,2,0,1,0,0,0,0,2,2,2,2,0,0,2,2
127,7547.352,10599.197,122.871,40.291,0.762806,-0.646601,-0.005827,0.646309,0.762682,-0.024491,0.020280,0.014916,0.999683,0,0.53519,-0.01423,32.112,-0.028,-1,400.000,-1,375.000,725.000,325.000,325.000,300.000,300.000,-1,-1,-1,-1,775.000,700.000,-1,-1,2,0,2,0,1,0,0,0,0,2,2,2,2,0,0,2,2
128,7571.723,10619.839,123.493,40.264,0.763105,-0.646244,-0.006302,0.645939,0.762987,-0.024800,0.020835,0.014854,0.999673,0,0.53231,-0.01345,31.939,-0.027,-1,400.000,-1,375.000,775.000,325.000,325.000,300.000,300.000,-1,-1,-1,-1,775.000,700.000,-1,-1,2,0,2,0,1,0,0,0,0,2,2,2,2,0,0,2,2
129,7595.976,10640.363,124.106,40.239,0.763383,-0.645910,-0.006768,0.645592,0.763270,-0.025101,0.021379,0.014792,0.999662,0,0.52952,-0.01255,31.771,-0.025,-1,400.000,-1,375.000,-1,325.000,325.000,300.000,300.000,-1,-1,-1,-1,775.000,700.000,-1,-1,2,0,2,0,2,0,0,0,0,2,2,2,2,0,0,2,2
130,7620.114,10660.773,124.711,40.216,0.763639,-0.645603,-0.007225,0.645272,0.763531,-0.025396,0.021913,0.014731,0.999651,0,0.52684,-0.01153,31.611,-0.023,-1,400.000,-1,375.000,-1,325.000,325.000,300.000,300.000,-1,-1,-1,-1,775.000,675.000,-1,-1,2,0,2,0,2,0,0,0,0,2,2,2,2,0,0,2,2
131,7644.143,10681.075,125.394,40.195,0.763865,-0.645330,-0.007685,0.644994,0.763769,-0.025282,0.022185,0.014356,0.999651,0,0.52428,-0.01040,31.457,-0.021,-1,400.000,-1,375.000,-1,325.000,325.000,300.000,300.000,-1,-1,-1,-1,775.000,675.000,-1,-1,2,0,2,0,2,0,0,0,0,2,2,2,2,0,0,2,2
132,7668.065,10701.275,126.121,40.177,0.764062,-0.645091,-0.008141,0.644757,0.763981,-0.024916,0.022293,0.013788,0.999656,0,0.52183,-0.00916,31.310,-0.018,-1,400.000,-1,375.000,-1,325.000,325.000,300.000,300.000,-1,-1,-1,-1,775.000,675.000,-1,-1,2,0,2,0,2,0,0,0,0,2,2,2,2,0,0,2,2
133,7695.652,10724.574,126.952,40.184,0.763973,-0.645190,-0.008658,0.644859,0.763909,-0.024492,0.022416,0.013128,0.999663,0,0.60183,0.00352,36.110,0.007,-1,400.000,-1,375.000,-1,325.000,325.000,300.000,300.000,-1,-1,-1,-1,775.000,675.000,-1,-1,2,0,2,0,2,0,0,0,0,2,2,2,2,0,0,2,2
134,7723.215,10747.850,127.774,40.181,0.764003,-0.645148,-0.009165,0.644819,0.763956,-0.024073,0.022533,0.012482,0.999668,0,0.60126,-0.00181,36.076,-0.004,-1,400.000,-1,375.000,-1,325.000,325.000,300.000,300.000,-1,-1,-1,-1,775.000,675.000,-1,-1,2,0,2,0,2,0,0,0,0,2,2,2,2,0,0,2,2
135,7754.557,10774.090,128.694,39.937,0.766728,-0.641898,-0.009733,0.641573,0.766698,-0.023622,0.022625,0.011867,0.999674,0,0.68126,-0.12181,40.876,-0.244,-1,400.000,-1,375.000,-1,325.000,325.000,300.000,300.000,-1,-1,-1,-1,775.000,675.000,-1,-1,2,0,2,0,2,0,0,0,0,2,2,2,2,0,0,2,2
