timestep,x_cm,y_cm,z_cm,yaw_deg,basis_xx,basis_xy,basis_xz,basis_yx,basis_yy,basis_yz,basis_zx,basis_zy,basis_zz,teleport_flag,throttle_cmd,steering_cmd,cmd_move_cm,cmd_turn_deg,lidar_cm_0,lidar_cm_1,lidar_cm_2,lidar_cm_3,lidar_cm_4,lidar_cm_5,lidar_cm_6,lidar_cm_7,lidar_cm_8,lidar_cm_9,lidar_cm_10,lidar_cm_11,lidar_cm_12,lidar_cm_13,lidar_cm_14,lidar_cm_15,lidar_cm_16,lidar_class_0,lidar_class_1,lidar_class_2,lidar_class_3,lidar_class_4,lidar_class_5,lidar_class_6,lidar_class_7,lidar_class_8,lidar_class_9,lidar_class_10,lidar_class_11,lidar_class_12,lidar_class_13,lidar_class_14,lidar_class_15,lidar_class_16
0,2956.486,2296.370,67.786,6.311,0.983839,-0.109531,0.141646,0.095839,0.990347,0.100136,-0.151247,-0.084943,0.984840,1,0.08000,-0.12000,4.800,-0.240,800.000,325.000,-1,375.000,-1,275.000,300.000,250.000,475.000,-1,-1,-1,300.000,575.000,700.000,900.000,-1,0,0,2,0,2,0,0,0,1,2,2,2,1,0,0,0,2
1,2966.037,2297.343,66.143,5.831,0.984832,-0.101243,0.140911,0.087988,0.991355,0.097331,-0.149547,-0.083456,0.985226,0,0.16000,-0.24000,9.600,-0.480,875.000,325.000,-1,375.000,-1,275.000,300.000,250.000,475.000,-1,-1,-1,300.000,575.000,700.000,950.000,-1,0,0,2,0,2,0,0,0,1,2,2,2,1,0,0,0,2
2,2980.380,2298.622,63.710,5.111,0.986192,-0.088794,0.139790,0.076164,0.992725,0.093248,-0.147053,-0.081314,0.985781,0,0.24000,-0.36000,14.400,-0.720,975.000,325.000,-1,375.000,-1,275.000,300.000,250.000,475.000,-1,-1,-1,300.000,600.000,700.000,-1,-1,0,0,2,0,2,0,0,0,1,2,2,2,1,0,0,2,2
3,2999.530,2300.007,60.522,4.151,0.987763,-0.072164,0.138262,0.060319,0.994290,0.088028,-0.143825,-0.078611,0.986476,0,0.32000,-0.48000,19.200,-0.960,-1,350.000,-1,375.000,-1,300.000,300.000,275.000,475.000,-1,-1,-1,300.000,600.000,700.000,-1,-1,2,0,2,0,2,0,0,0,1,2,2,2,1,0,0,2,2
4,3023.498,2301.237,56.627,2.951,0.989336,-0.051338,0.136303,0.040399,0.995826,0.081846,-0.139936,-0.075467,0.987280,0,0.40000,-0.60000,24.000,-1.200,-1,350.000,-1,375.000,-1,300.000,300.000,275.000,450.000,-1,-1,-1,325.000,625.000,700.000,-1,-1,2,0,2,0,2,0,0,0,1,2,2,2,1,0,0,2,2
5,3052.287,2302.025,52.077,1.579,0.990622,-0.027489,0.133833,0.017542,0.997033,0.074945,-0.135497,-0.071894,0.988166,0,0.48000,-0.68593,28.800,-1.372,-1,350.000,-1,375.000,-1,300.000,300.000,275.000,450.000,-1,-1,-1,325.000,625.000,725.000,-1,-1,2,0,2,0,2,0,0,0,1,2,2,2,1,0,0,2,2
6,3085.887,2302.151,46.919,0.226,0.991414,-0.003938,0.130704,-0.004952,0.997699,0.067614,-0.130670,-0.067681,0.989113,0,0.56000,-0.67659,33.600,-1.353,-1,350.000,-1,375.000,-1,300.000,300.000,275.000,425.000,-1,-1,-1,325.000,650.000,725.000,-1,-1,2,0,2,0,2,0,0,0,0,2,2,2,1,0,0,2,2
7,3121.242,2301.463,41.639,-1.105,0.991676,0.019252,0.127312,-0.027138,0.997799,0.060501,-0.125867,-0.063453,0.990016,0,0.58937,-0.66573,35.362,-1.331,-1,350.000,-1,375.000,-1,300.000,300.000,300.000,400.000,-1,-1,-1,350.000,675.000,725.000,-1,-1,2,0,2,0,2,0,0,0,0,2,2,2,1,0,0,2,2
8,3156.965,2299.952,36.440,-2.414,0.991413,0.042045,0.123823,-0.049019,0.997347,0.053824,-0.121231,-0.059432,0.990843,0,0.59592,-0.65431,35.755,-1.309,-1,375.000,-1,375.000,-1,300.000,300.000,300.000,375.000,-1,-1,-1,350.000,700.000,725.000,-1,-1,2,0,2,0,2,0,0,0,0,2,2,2,1,0,0,2,2
9,3193.039,2297.614,31.312,-3.700,0.990654,0.064424,0.120225,-0.070564,0.996374,0.047528,-0.116727,-0.055567,0.991608,0,0.60250,-0.64278,36.150,-1.286,-1,375.000,-1,375.000,-1,300.000,300.000,300.000,375.000,-1,-1,-1,375.000,725.000,725.000,-1,-1,2,0,2,0,2,0,0,0,0,2,2,2,1,0,0,2,2
10,3229.448,2294.449,26.242,-4.962,0.989428,0.086375,0.116495,-0.091746,0.994915,0.041554,-0.112313,-0.051803,0.992322,0,0.60911,-0.63113,36.547,-1.262,-1,375.000,-1,375.000,-1,300.000,300.000,300.000,350.000,-1,-1,-1,375.000,725.000,700.000,-1,-1,2,0,2,0,2,0,0,0,0,2,2,2,1,0,0,2,2
11,3266.175,2290.455,21.052,-6.200,0.987818,0.107879,0.112148,-0.112593,0.992968,0.036562,-0.107416,-0.048744,0.993019,0,0.61575,-0.61935,36.945,-1.239,-1,375.000,-1,375.000,-1,300.000,300.000,325.000,325.000,-1,-1,-1,400.000,750.000,725.000,-1,-1,2,0,2,0,2,0,0,0,0,2,2,2,1,0,0,2,2
12,3303.206,2285.632,15.888,-7.415,0.985791,0.128922,0.107685,-0.133115,0.990562,0.032671,-0.102457,-0.046541,0.993648,0,0.62241,-0.60746,37.345,-1.215,-1,400.000,-1,375.000,-1,300.000,300.000,325.000,325.000,-1,-1,-1,400.000,775.000,725.000,-1,-1,2,0,2,0,2,0,0,0,0,2,2,2,1,0,0,2,2
13,3340.528,2279.986,12.073,-8.606,0.982903,0.149463,0.107534,-0.153799,0.987545,0.033181,-0.101235,-0.049152,0.993648,0,0.62910,-0.59544,37.746,-1.191,-1,400.000,-1,375.000,-1,325.000,325.000,325.000,325.000,-1,-1,-1,450.000,750.000,725.000,-1,-1,2,0,2,0,2,0,0,0,0,2,2,2,1,0,0,2,2
14,3378.125,2273.512,8.266,-9.773,0.979664,0.169516,0.107342,-0.173985,0.984173,0.033665,-0.099937,-0.051656,0.993652,0,0.63583,-0.58330,38.150,-1.167,-1,400.000,-1,375.000,-1,325.000,325.000,325.000,325.000,-1,-1,-1,475.000,750.000,700.000,-1,-1,2,0,2,0,2,0,0,0,0,2,2,2,1,0,0,2,2
15,3415.983,2266.213,4.470,-10.915,0.976103,0.189074,0.107113,-0.193665,0.980474,0.034120,-0.098570,-0.054049,0.993661,0,0.64259,-0.57102,38.555,-1.142,-1,400.000,-1,375.000,-1,325.000,325.000,325.000,325.000,-1,-1,-1,500.000,750.000,700.000,-1,-1,2,0,2,0,2,0,0,0,0,2,2,2,1,0,0,2,2
16,3454.091,2258.092,0.687,-12.032,0.972248,0.208130,0.106846,-0.212832,0.976478,0.034552,-0.097141,-0.056333,0.993675,0,0.64939,-0.55862,38.963,-1.117,-1,400.000,-1,375.000,-1,325.000,325.000,325.000,325.000,-1,-1,-1,525.000,725.000,700.000,-1,-1,2,0,2,0,2,0,0,0,0,2,2,2,1,0,0,2,2
17,3492.436,2249.153,-3.080,-13.124,0.968126,0.226676,0.106540,-0.231480,0.972211,0.034965,-0.095653,-0.058513,0.993693,0,0.65622,-0.54609,39.373,-1.092,-1,400.000,-1,375.000,-1,325.000,325.000,325.000,325.000,-1,-1,-1,550.000,725.000,700.000,-1,-1,2,0,2,0,2,0,0,0,0,2,2,2,1,0,0,2,2
18,3531.009,2239.401,-6.827,-14.191,0.963764,0.244707,0.106195,-0.249604,0.967702,0.035365,-0.094111,-0.060590,0.993716,0,0.66310,-0.53341,39.786,-1.067,-1,400.000,-1,375.000,-1,325.000,325.000,325.000,325.000,-1,-1,-1,600.000,725.000,700.000,-1,-1,2,0,2,0,2,0,0,0,0,2,2,2,1,0,0,2,2
19,3569.799,2228.840,-10.552,-15.232,0.959190,0.262219,0.105812,-0.267199,0.962978,0.035756,-0.092519,-0.062569,0.993743,0,0.67002,-0.52060,40.201,-1.041,-1,400.000,-1,375.000,-1,325.000,325.000,325.000,325.000,-1,-1,-1,625.000,700.000,700.000,-1,-1,2,0,2,0,2,0,0,0,0,2,2,2,1,0,0,2,2
20,3612.221,2216.475,-14.577,-16.252,0.954412,0.279282,0.105354,-0.284337,0.958042,0.036173,-0.090831,-0.064480,0.993777,0,0.73645,-0.50986,44.187,-1.020,-1,375.000,-1,375.000,-1,325.000,325.000,325.000,325.000,-1,-1,-1,650.000,700.000,675.000,-1,-1,2,0,2,0,2,0,0,0,0,2,2,2,1,0,0,2,2
21,3654.596,2203.318,-18.545,-17.251,0.949442,0.295912,0.104860,-0.301035,0.952911,0.036593,-0.089094,-0.066309,0.993814,0,0.73951,-0.49966,44.371,-0.999,-1,375.000,-1,375.000,-1,325.000,325.000,325.000,325.000,-1,-1,-1,700.000,700.000,675.000,-1,-1,2,0,2,0,2,0,0,0,0,2,2,2,1,0,0,2,2
22,3696.919,2189.379,-22.453,-18.230,0.944300,0.312108,0.104334,-0.317290,0.947606,0.037020,-0.087313,-0.068062,0.993853,0,0.74265,-0.48931,44.559,-0.979,-1,375.000,-1,375.000,-1,325.000,325.000,325.000,325.000,-1,-1,-1,725.000,700.000,675.000,-1,-1,2,0,2,0,2,0,0,0,0,2,2,2,1,0,0,2,2
23,3739.187,2174.672,-26.299,-19.188,0.939008,0.327863,0.103776,-0.333099,0.942148,0.037460,-0.085490,-0.069743,0.993895,0,0.74588,-0.47880,44.753,-0.958,-1,375.000,-1,375.000,-1,300.000,325.000,325.000,325.000,-1,-1,-1,750.000,675.000,675.000,-1,-1,2,0,2,0,2,0,0,0,0,2,2,2,1,0,0,2,2
24,3781.396,2159.207,-30.081,-20.124,0.933586,0.343174,0.103190,-0.348457,0.936557,0.037917,-0.083631,-0.071356,0.993939,0,0.74920,-0.46813,44.952,-0.936,-1,375.000,-1,375.000,-1,300.000,300.000,325.000,325.000,-1,-1,-1,800.000,675.000,675.000,-1,-1,2,0,2,0,2,0,0,0,0,2,2,2,1,0,0,2,2
25,3823.543,2142.997,-33.868,-21.038,0.928022,0.358032,0.102897,-0.363395,0.930836,0.038578,-0.081968,-0.073194,0.993944,0,0.75262,-0.45729,45.157,-0.915,-1,375.000,-1,375.000,-1,300.000,300.000,325.000,325.000,-1,-1,-1,825.000,675.000,650.000,-1,-1,2,0,2,0,2,0,0,0,0,2,2,2,1,0,0,2,2
26,3865.629,2126.054,-37.571,-21.931,0.922376,0.372441,0.102514,-0.377869,0.925028,0.039207,-0.080226,-0.074901,0.993959,0,0.75613,-0.44628,45.368,-0.893,-1,375.000,-1,375.000,-1,300.000,300.000,325.000,325.000,-1,-1,-1,850.000,675.000,650.000,-1,-1,2,0,2,0,2,0,0,0,0,2,2,2,1,0,0,2,2
27,3907.652,2108.388,-40.928,-22.801,0.916786,0.386431,0.100863,-0.391770,0.919229,0.039172,-0.077579,-0.075428,0.994129,0,0.75975,-0.43510,45.585,-0.870,-1,375.000,-1,375.000,-1,300.000,300.000,325.000,325.000,-1,-1,-1,900.000,675.000,650.000,-1,-1,2,0,2,0,2,0,0,0,0,2,2,2,1,0,0,2,2
28,3949.615,2090.013,-44.213,-23.649,0.911148,0.399971,0.099162,-0.405217,0.913380,0.039192,-0.074897,-0.075892,0.994299,0,0.76348,-0.42374,45.809,-0.847,-1,375.000,-1,375.000,-1,300.000,300.000,325.000,325.000,-1,-1,700.000,925.000,675.000,650.000,-1,-1,2,0,2,0,2,0,0,0,0,2,2,0,1,0,0,2,2
29,3986.861,2072.853,-47.054,-24.736,0.903556,0.417207,0.097598,-0.422381,0.905566,0.039302,-0.071984,-0.076736,0.994450,0,0.68348,-0.54374,41.009,-1.087,-1,375.000,-1,375.000,-1,300.000,300.000,325.000,325.000,-1,800.000,600.000,950.000,650.000,650.000,-1,-1,2,0,2,0,2,0,0,0,0,2,0,0,1,0,0,2,2
30,4019.389,2056.944,-49.463,-26.064,0.893798,0.438034,0.096184,-0.443155,0.895574,0.039502,-0.068837,-0.077931,0.994579,0,0.60348,-0.66374,36.209,-1.327,-1,375.000,-1,375.000,-1,300.000,300.000,325.000,325.000,-1,750.000,550.000,975.000,650.000,650.000,-1,-1,2,0,2,0,2,0,0,0,0,2,0,0,1,0,0,2,2
31,4050.071,2040.883,-51.662,-27.631,0.881634,0.462314,0.094797,-0.467390,0.883155,0.039786,-0.065327,-0.079384,0.994701,0,0.57718,-0.78374,34.631,-1.567,-1,375.000,-1,375.000,-1,300.000,300.000,325.000,325.000,-1,725.000,525.000,1000.000,650.000,650.000,-1,-1,2,0,2,0,2,0,0,0,0,2,0,0,1,0,0,2,2
32,4080.559,2023.830,-53.774,-29.222,0.868620,0.486602,0.093367,-0.491623,0.869884,0.040121,-0.061696,-0.080751,0.994823,0,0.58221,-0.79547,34.933,-1.591,-1,375.000,-1,375.000,-1,300.000,300.000,325.000,325.000,-1,700.000,475.000,-1,650.000,650.000,-1,-1,2,0,2,0,2,0,0,0,0,2,0,0,2,0,0,2,2
33,4110.823,2005.792,-55.807,-30.796,0.855095,0.510261,0.091905,-0.515213,0.856107,0.040450,-0.058040,-0.081939,0.994946,0,0.58718,-0.78693,35.231,-1.574,-1,375.000,-1,375.000,-1,300.000,300.000,325.000,325.000,-1,675.000,450.000,-1,650.000,650.000,-1,-1,2,0,2,0,2,0,0,0,0,2,0,0,2,0,0,2,2
34,4140.830,1986.785,-57.652,-32.353,0.841106,0.533270,0.090355,-0.538163,0.841830,0.041274,-0.054053,-0.083341,0.995054,0,0.59199,-0.77843,35.519,-1.557,-1,375.000,-1,375.000,-1,300.000,300.000,325.000,325.000,-1,625.000,400.000,-1,625.000,650.000,-1,-1,2,0,2,0,2,0,0,0,0,2,0,0,2,0,0,2,2
35,4170.546,1966.822,-59.402,-33.893,0.826666,0.555642,0.088796,-0.560464,0.827106,0.042137,-0.050031,-0.084600,0.995158,0,0.59664,-0.76998,35.798,-1.540,-1,375.000,-1,375.000,-1,300.000,300.000,325.000,325.000,-1,600.000,375.000,-1,625.000,675.000,-1,-1,2,0,2,0,2,0,0,0,0,2,0,0,2,0,0,2,2
36,4199.941,1945.920,-61.053,-35.416,0.811805,0.577376,0.087233,-0.582115,0.811967,0.043039,-0.045981,-0.085719,0.995258,0,0.60113,-0.76159,36.068,-1.523,-1,375.000,-1,375.000,-1,300.000,300.000,325.000,325.000,-1,575.000,350.000,-1,625.000,675.000,-1,-1,2,0,2,0,2,0,0,0,0,2,0,0,2,0,0,2,2
37,4228.986,1924.096,-62.602,-36.922,0.796550,0.598472,0.085669,-0.603118,0.796439,0.043980,-0.041909,-0.086701,0.995352,0,0.60548,-0.75324,36.329,-1.506,-1,375.000,-1,375.000,-1,300.000,300.000,325.000,325.000,-1,550.000,350.000,-1,625.000,675.000,1000.000,-1,2,0,2,0,2,0,0,0,0,2,0,0,2,0,0,0,2
38,4257.650,1901.367,-64.046,-38.412,0.780929,0.618931,0.084108,-0.623474,0.780551,0.044960,-0.037823,-0.087549,0.995442,0,0.60968,-0.74495,36.581,-1.490,-1,375.000,-1,375.000,-1,300.000,300.000,325.000,325.000,-1,500.000,350.000,-1,625.000,675.000,1000.000,-1,2,0,2,0,2,0,0,0,0,2,0,0,2,0,0,0,2
39,4285.907,1877.752,-65.406,-39.886,0.764972,0.638751,0.082555,-0.643184,0.764323,0.046099,-0.033653,-0.088362,0.995520,0,0.61374,-0.73670,36.825,-1.473,1000.000,375.000,-1,375.000,-1,300.000,300.000,300.000,325.000,-1,475.000,325.000,-1,625.000,675.000,1000.000,-1,0,0,2,0,2,0,0,0,0,2,0,0,2,0,0,0,2
40,4313.732,1853.271,-66.722,-41.343,0.748713,0.657923,0.081034,-0.662248,0.747771,0.047609,-0.029272,-0.089311,0.995574,0,0.61767,-0.72851,37.060,-1.457,1000.000,375.000,-1,375.000,-1,300.000,300.000,300.000,325.000,-1,450.000,325.000,-1,625.000,675.000,1000.000,-1,0,0,2,0,2,0,0,0,0,2,0,0,2,0,0,0,2
41,4341.098,1827.943,-67.741,-42.784,0.732130,0.676511,0.079484,-0.680687,0.730987,0.048202,-0.025493,-0.089394,0.995670,0,0.62146,-0.72037,37.288,-1.441,975.000,375.000,-1,375.000,-1,300.000,300.000,300.000,325.000,-1,450.000,325.000,-1,625.000,700.000,1000.000,-1,0,0,2,0,2,0,0,0,0,2,0,0,2,0,0,0,2
42,4367.984,1801.788,-68.566,-44.208,0.715267,0.694497,0.077888,-0.698505,0.713965,0.048419,-0.021982,-0.089038,0.995786,0,0.62512,-0.71228,37.507,-1.425,975.000,375.000,-1,375.000,-1,300.000,300.000,300.000,325.000,-1,450.000,350.000,-1,625.000,700.000,975.000,-1,0,0,2,0,2,0,0,0,0,2,0,0,2,0,0,0,2
43,4394.367,1774.829,-69.277,-45.617,0.698161,0.711867,0.076271,-0.715702,0.696707,0.048680,-0.018485,-0.088574,0.995898,0,0.62866,-0.70425,37.720,-1.408,950.000,375.000,-1,375.000,-1,300.000,300.000,300.000,325.000,-1,475.000,350.000,-1,625.000,700.000,975.000,-1,0,0,2,0,2,0,0,0,0,2,0,0,2,0,0,0,2
44,4420.227,1747.087,-69.874,-47.009,0.680835,0.728624,0.074636,-0.732283,0.679236,0.048981,-0.015007,-0.088003,0.996007,0,0.63208,-0.69626,37.925,-1.393,950.000,350.000,-1,375.000,-1,300.000,300.000,325.000,325.000,-1,500.000,375.000,-1,600.000,700.000,975.000,-1,0,0,2,0,2,0,0,0,0,2,0,0,2,0,0,0,2
45,4445.545,1718.583,-70.355,-48.386,0.663310,0.744777,0.072989,-0.748256,0.661575,0.049321,-0.011554,-0.087330,0.996112,0,0.63538,-0.68832,38.123,-1.377,950.000,350.000,-1,375.000,-1,300.000,300.000,325.000,325.000,-1,525.000,400.000,-1,600.000,700.000,975.000,-1,0,0,2,0,2,0,0,0,0,2,0,0,2,0,0,0,2
46,4470.302,1689.340,-70.723,-49.747,0.645607,0.760329,0.071352,-0.763626,0.643743,0.049698,-0.008145,-0.086572,0.996212,0,0.63858,-0.68043,38.315,-1.361,925.000,350.000,-1,375.000,-1,300.000,300.000,325.000,325.000,-1,525.000,400.000,-1,600.000,700.000,975.000,-1,0,0,2,0,2,0,0,0,0,2,0,0,2,0,0,0,2
47,4494.482,1659.379,-70.974,-51.092,0.627748,0.775289,0.069707,-0.778402,0.625763,0.050108,-0.004772,-0.085716,0.996308,0,0.64166,-0.67259,38.500,-1.345,925.000,350.000,-1,375.000,-1,300.000,300.000,300.000,325.000,-1,550.000,425.000,-1,600.000,700.000,975.000,-1,0,0,2,0,2,0,0,0,0,2,0,0,2,0,0,0,2
48,4518.069,1628.724,-70.999,-52.421,0.609776,0.789694,0.067496,-0.792573,0.607677,0.050561,-0.001088,-0.084326,0.996438,0,0.64464,-0.66479,38.679,-1.330,925.000,350.000,-1,375.000,-1,300.000,300.000,300.000,325.000,-1,575.000,425.000,-1,600.000,700.000,975.000,-1,0,0,2,0,2,0,0,0,0,2,0,0,2,0,0,0,2
49,4540.959,1597.504,-70.812,-53.747,0.591539,0.803669,0.064797,-0.806272,0.589335,0.051087,0.002870,-0.082464,0.996590,0,0.64518,-0.66289,38.711,-1.326,950.000,350.000,-1,375.000,-1,300.000,300.000,300.000,325.000,-1,575.000,425.000,-1,625.000,700.000,1000.000,-1,0,0,2,0,2,0,0,0,0,2,0,0,2,0,0,0,2
50,4563.136,1565.745,-70.522,-55.070,0.573012,0.817185,0.062178,-0.819520,0.570716,0.051679,0.006745,-0.080569,0.996726,0,0.64558,-0.66133,38.735,-1.323,975.000,350.000,-1,375.000,-1,300.000,325.000,300.000,325.000,-1,575.000,450.000,-1,625.000,725.000,-1,-1,0,0,2,0,2,0,0,0,0,2,0,0,2,0,0,2,2
51,4584.589,1533.464,-70.130,-56.389,0.554207,0.830239,0.059644,-0.832312,0.551832,0.052328,0.010531,-0.078643,0.996847,0,0.64598,-0.65976,38.759,-1.320,1000.000,350.000,-1,375.000,-1,300.000,325.000,300.000,325.000,-1,575.000,450.000,-1,625.000,725.000,-1,-1,0,0,2,0,2,0,0,0,0,2,0,0,2,0,0,2,2
52,4605.308,1500.678,-69.637,-57.706,0.535138,0.842826,0.057195,-0.844645,0.532694,0.053027,0.014225,-0.076687,0.996954,0,0.64638,-0.65821,38.783,-1.316,-1,375.000,-1,400.000,-1,300.000,325.000,300.000,325.000,-1,600.000,450.000,-1,625.000,725.000,-1,-1,2,0,2,0,2,0,0,0,0,2,0,0,2,0,0,2,2
53,4625.282,1467.405,-69.083,-59.019,0.515819,0.854952,0.054655,-0.856510,0.513320,0.053794,0.017936,-0.074560,0.997055,0,0.64678,-0.65666,38.807,-1.313,-1,375.000,-1,400.000,-1,300.000,325.000,300.000,325.000,-1,600.000,475.000,-1,625.000,725.000,-1,-1,2,0,2,0,2,0,0,0,0,2,0,0,2,0,0,2,2
54,4644.502,1433.664,-68.372,-60.329,0.496253,0.866591,0.052478,-0.867915,0.493707,0.054559,0.021372,-0.072622,0.997131,0,0.64718,-0.65511,38.831,-1.310,-1,375.000,-1,400.000,-1,300.000,325.000,300.000,325.000,-1,625.000,475.000,-1,650.000,725.000,-1,-1,2,0,2,0,2,0,0,0,0,2,0,0,2,0,0,2,2
55,4662.959,1399.473,-67.489,-61.636,0.476453,0.877735,0.050737,-0.878859,0.473868,0.055284,0.024483,-0.070931,0.997181,0,0.64757,-0.65358,38.854,-1.307,-1,375.000,-1,400.000,-1,300.000,325.000,300.000,325.000,-1,650.000,500.000,-1,650.000,750.000,-1,-1,2,0,2,0,2,0,0,0,0,2,0,0,2,0,0,2,2
56,4680.644,1364.849,-66.495,-62.941,0.456445,0.888396,0.049102,-0.889325,0.453822,0.056101,0.027557,-0.069274,0.997217,0,0.64796,-0.65205,38.878,-1.304,-1,375.000,-1,400.000,-1,300.000,325.000,300.000,325.000,-1,650.000,525.000,-1,650.000,750.000,-1,-1,2,0,2,0,2,0,0,0,0,2,0,0,2,0,0,2,2
57,4697.548,1329.811,-65.400,-64.242,0.436239,0.898573,0.047563,-0.899311,0.433582,0.056972,0.030571,-0.067627,0.997242,0,0.64835,-0.65053,38.901,-1.301,-1,375.000,-1,400.000,-1,300.000,325.000,300.000,325.000,-1,650.000,525.000,-1,650.000,750.000,-1,-1,2,0,2,0,2,0,0,0,0,2,0,0,2,0,0,2,2
58,4713.664,1294.379,-64.219,-65.540,0.415844,0.908267,0.046096,-0.908819,0.413162,0.057831,0.033481,-0.065941,0.997262,0,0.64874,-0.64901,38.925,-1.298,-1,375.000,-1,400.000,-1,300.000,325.000,300.000,325.000,-1,650.000,500.000,-1,650.000,750.000,-1,-1,2,0,2,0,2,0,0,0,0,2,0,0,2,0,0,2,2
59,4728.984,1258.570,-62.953,-66.835,0.395272,0.917476,0.044697,-0.917847,0.392574,0.058673,0.036284,-0.064217,0.997276,0,0.64913,-0.64750,38.948,-1.295,-1,375.000,-1,400.000,-1,300.000,325.000,300.000,325.000,-1,650.000,500.000,-1,650.000,750.000,-1,-1,2,0,2,0,2,0,0,0,0,2,0,0,2,0,0,2,2
60,4742.906,1224.299,-61.680,-67.890,0.378358,0.924641,0.043402,-0.924851,0.375652,0.059459,0.038674,-0.062637,0.997287,0,0.61650,-0.52750,36.990,-1.055,-1,375.000,-1,400.000,-1,325.000,325.000,300.000,325.000,-1,650.000,500.000,-1,675.000,750.000,-1,-1,2,0,2,0,2,0,0,0,0,2,0,0,2,0,0,2,2
61,4756.343,1189.822,-60.339,-68.705,0.365198,0.929977,0.042111,-0.930038,0.362496,0.060221,0.040739,-0.061158,0.997296,0,0.61671,-0.40750,37.003,-0.815,-1,375.000,-1,400.000,-1,325.000,325.000,300.000,325.000,-1,650.000,500.000,-1,675.000,750.000,-1,-1,2,0,2,0,2,0,0,0,0,2,0,0,2,0,0,2,2
62,4769.434,1155.211,-58.922,-69.280,0.355866,0.933649,0.040729,-0.933568,0.353175,0.060969,0.042539,-0.059720,0.997308,0,0.61674,-0.28750,37.004,-0.575,-1,375.000,-1,400.000,-1,325.000,325.000,300.000,325.000,-1,650.000,475.000,-1,675.000,750.000,-1,-1,2,0,2,0,2,0,0,0,0,2,0,0,2,0,0,2,2
63,4782.320,1120.531,-57.412,-69.615,0.350395,0.935781,0.039212,-0.935572,0.347741,0.061489,0.043904,-0.058231,0.997337,0,0.61660,-0.16750,36.996,-0.335,-1,375.000,-1,400.000,-1,325.000,325.000,300.000,325.000,-1,650.000,475.000,-1,675.000,750.000,-1,-1,2,0,2,0,2,0,0,0,0,2,0,0,2,0,0,2,2
64,4795.143,1085.846,-55.777,-69.710,0.348804,0.936447,0.037442,-0.936128,0.346222,0.061595,0.044717,-0.056535,0.997399,0,0.61632,-0.04750,36.979,-0.095,-1,375.000,-1,400.000,-1,325.000,325.000,300.000,300.000,-1,650.000,475.000,-1,675.000,750.000,-1,-1,2,0,2,0,2,0,0,0,0,2,0,0,2,0,0,2,2
65,4808.045,1051.216,-54.131,-69.565,0.351132,0.935645,0.035698,-0.935228,0.348620,0.061754,0.045334,-0.055070,0.997453,0,0.61592,0.07250,36.955,0.145,-1,375.000,-1,400.000,-1,325.000,325.000,300.000,300.000,-1,675.000,475.000,-1,675.000,750.000,-1,-1,2,0,2,0,2,0,0,0,0,2,0,0,2,0,0,2,2
66,4821.169,1016.702,-52.481,-69.180,0.357371,0.933344,0.033975,-0.932841,0.354923,0.061953,0.045765,-0.053834,0.997501,0,0.61543,0.19250,36.926,0.385,-1,375.000,-1,400.000,-1,325.000,325.000,300.000,300.000,-1,650.000,475.000,-1,675.000,750.000,-1,-1,2,0,2,0,2,0,0,0,0,2,0,0,2,0,0,2,2
67,4834.657,982.362,-50.835,-68.555,0.367490,0.929468,0.032268,-0.928888,0.365102,0.062183,0.046016,-0.052825,0.997543,0,0.61490,0.31250,36.894,0.625,-1,375.000,-1,400.000,-1,325.000,325.000,300.000,300.000,-1,650.000,475.000,-1,675.000,750.000,-1,-1,2,0,2,0,2,0,0,0,0,2,0,0,2,0,0,2,2
68,4848.650,948.261,-49.199,-67.690,0.381440,0.923888,0.030573,-0.923244,0.379108,0.062432,0.046090,-0.052041,0.997581,0,0.61434,0.43250,36.861,0.865,-1,375.000,-1,400.000,-1,325.000,325.000,300.000,300.000,-1,625.000,450.000,-1,675.000,750.000,-1,-1,2,0,2,0,2,0,0,0,0,2,0,0,2,0,0,2,2
69,4863.285,914.465,-47.580,-66.585,0.399146,0.916432,0.028885,-0.915733,0.396866,0.062692,0.045989,-0.051474,0.997615,0,0.61382,0.55250,36.829,1.105,-1,375.000,-1,400.000,-1,300.000,325.000,300.000,300.000,-1,600.000,450.000,-1,675.000,750.000,-1,-1,2,0,2,0,2,0,0,0,0,2,0,0,2,0,0,2,2
70,4878.698,881.046,-45.985,-65.240,0.420508,0.906881,0.027202,-0.906137,0.418275,0.062950,0.045711,-0.051120,0.997646,0,0.61337,0.67250,36.802,1.345,-1,375.000,-1,400.000,-1,300.000,325.000,300.000,300.000,-1,575.000,450.000,-1,675.000,725.000,-1,-1,2,0,2,0,2,0,0,0,0,2,0,0,2,0,0,2,2
71,4895.021,848.085,-44.421,-63.655,0.445393,0.894971,0.025521,-0.894191,0.443202,0.063198,0.045249,-0.050968,0.997675,0,0.61304,0.79250,36.782,1.585,-1,375.000,-1,400.000,-1,300.000,325.000,300.000,300.000,-1,550.000,425.000,-1,675.000,725.000,-1,-1,2,0,2,0,2,0,0,0,0,2,0,0,2,0,0,2,2
72,4912.382,815.668,-42.895,-61.830,0.473630,0.880401,0.023851,-0.879594,0.471478,0.063421,0.044590,-0.051017,0.997702,0,0.61288,0.91250,36.773,1.825,-1,375.000,-1,400.000,-1,300.000,325.000,300.000,300.000,-1,525.000,425.000,-1,700.000,725.000,-1,-1,2,0,2,0,2,0,0,0,0,2,0,0,2,0,0,2,2
73,4930.823,783.849,-41.360,-59.905,0.502901,0.864054,0.022405,-0.863238,0.500778,0.063569,0.043707,-0.051310,0.997726,0,0.61296,0.96249,36.778,1.925,-1,375.000,-1,375.000,-1,300.000,325.000,300.000,300.000,-1,525.000,425.000,-1,700.000,725.000,-1,-1,2,0,2,0,2,0,0,0,0,2,0,0,2,0,0,2,2
74,4950.341,752.648,-39.862,-57.973,0.531708,0.846668,0.020974,-0.845845,0.529614,0.063681,0.042809,-0.051600,0.997750,0,0.61338,0.96593,36.803,1.932,-1,375.000,-1,375.000,-1,300.000,325.000,300.000,300.000,-1,500.000,425.000,-1,700.000,725.000,-1,-1,2,0,2,0,2,0,0,0,0,2,0,0,2,0,0,2,2
75,4972.149,720.350,-38.138,-55.973,0.560929,0.827629,0.019733,-0.826777,0.558812,0.064562,0.042406,-0.052530,0.997719,0,0.64953,1.00000,38.972,2.000,-1,375.000,-1,375.000,-1,300.000,325.000,300.000,300.000,-1,500.000,400.000,-1,700.000,725.000,-1,-1,2,0,2,0,2,0,0,0,0,2,0,0,2,0,0,2,2
76,4995.179,688.684,-36.401,-53.973,0.589474,0.807575,0.018522,-0.806688,0.587321,0.065634,0.042126,-0.053631,0.997672,0,0.65259,1.00000,39.155,2.000,-1,375.000,-1,375.000,-1,300.000,325.000,300.000,300.000,-1,475.000,400.000,-1,700.000,725.000,-1,-1,2,0,2,0,2,0,0,0,0,2,0,0,2,0,0,2,2
77,5019.420,657.689,-34.718,-51.973,0.617296,0.786542,0.017248,-0.785622,0.615113,0.066587,0.041764,-0.054655,0.997632,0,0.65581,1.00000,39.349,2.000,-1,375.000,-1,375.000,-1,300.000,325.000,300.000,300.000,-1,475.000,400.000,-1,700.000,725.000,-1,-1,2,0,2,0,2,0,0,0,0,2,0,0,2,0,0,2,2
78,5044.858,627.403,-33.091,-49.973,0.644361,0.764556,0.015930,-0.763605,0.642155,0.067417,0.041314,-0.055604,0.997598,0,0.65921,1.00000,39.552,2.000,975.000,375.000,-1,375.000,-1,325.000,325.000,300.000,300.000,-1,450.000,400.000,-1,700.000,750.000,-1,-1,1,0,2,0,2,0,0,0,0,2,0,0,2,0,0,2,2
79,5071.481,597.865,-31.519,-47.973,0.670637,0.741643,0.014582,-0.740664,0.668413,0.068119,0.040773,-0.056483,0.997571,0,0.66276,1.00000,39.766,2.000,950.000,375.000,-1,400.000,-1,325.000,325.000,300.000,300.000,-1,450.000,400.000,-1,725.000,750.000,-1,-1,1,0,2,0,2,0,0,0,0,2,0,0,2,0,0,2,2
80,5102.320,565.692,-29.814,-46.213,0.693081,0.720741,0.013087,-0.719722,0.690854,0.068711,0.040482,-0.057041,0.997551,0,0.74276,0.88000,44.566,1.760,900.000,375.000,-1,400.000,-1,325.000,325.000,300.000,300.000,-1,450.000,400.000,-1,725.000,750.000,-1,-1,1,0,2,0,2,0,0,0,0,2,0,0,2,0,0,2,2
81,5137.413,530.974,-27.956,-44.693,0.711933,0.702154,0.011467,-0.701086,0.709721,0.069102,0.040381,-0.057235,0.997544,0,0.82276,0.76000,49.366,1.520,875.000,375.000,-1,400.000,-1,325.000,325.000,300.000,300.000,-1,475.000,425.000,-1,725.000,750.000,975.000,-1,1,0,2,0,2,0,0,0,0,2,0,0,2,0,0,1,2
82,5176.760,493.748,-25.907,-43.413,0.727411,0.686135,0.009524,-0.684995,0.725240,0.069340,0.040669,-0.056963,0.997548,0,0.90276,0.64000,54.166,1.280,825.000,375.000,-1,400.000,-1,325.000,325.000,300.000,300.000,-1,475.000,425.000,-1,725.000,775.000,925.000,-1,1,0,2,0,2,0,0,0,0,2,0,0,2,0,0,1,2
83,5220.322,454.008,-23.665,-42.373,0.739711,0.672885,0.007330,-0.671656,0.737603,0.069420,0.041305,-0.056274,0.997561,0,0.98276,0.52000,58.966,1.040,800.000,375.000,-1,400.000,-1,325.000,325.000,300.000,300.000,-1,500.000,450.000,-1,750.000,775.000,875.000,-1,1,0,2,0,2,0,0,0,0,2,0,0,2,0,0,1,2
84,5265.208,414.193,-21.396,-41.573,0.748997,0.662553,0.005231,-0.661237,0.746962,0.069377,0.042059,-0.055422,0.997577,0,1.00000,0.40000,60.000,0.800,750.000,400.000,-1,400.000,-1,325.000,325.000,300.000,300.000,-1,525.000,450.000,-1,750.000,775.000,825.000,-1,1,0,2,0,2,0,0,0,0,2,0,0,2,1,0,1,2
85,5310.481,374.819,-19.126,-41.013,0.755400,0.655256,0.003267,-0.653858,0.753443,0.069240,0.042909,-0.054440,0.997595,0,1.00000,0.28000,60.000,0.560,700.000,400.000,-1,400.000,-1,325.000,325.000,300.000,300.000,-1,525.000,475.000,-1,725.000,800.000,775.000,-1,1,0,2,0,2,0,0,0,0,2,0,0,2,1,0,1,2
86,5355.983,335.709,-16.672,-40.679,0.759183,0.650873,0.002214,-0.649432,0.757267,0.069181,0.043351,-0.053959,0.997602,0,1.00000,0.16688,60.000,0.334,675.000,400.000,-1,400.000,-1,325.000,325.000,300.000,300.000,-1,575.000,500.000,-1,700.000,800.000,750.000,-1,1,0,2,0,2,0,0,0,0,2,0,0,2,1,0,1,2
87,5401.721,296.875,-14.214,-40.334,0.763087,0.646293,0.001927,-0.644847,0.761174,0.069176,0.043242,-0.054030,0.997603,0,1.00000,0.17273,60.000,0.345,625.000,400.000,-1,400.000,-1,325.000,325.000,300.000,300.000,-1,625.000,550.000,-1,650.000,825.000,675.000,-1,1,0,2,0,2,0,0,0,0,2,0,0,2,1,0,1,2
88,5447.700,258.327,-11.730,-39.976,0.767106,0.641518,0.001991,-0.640089,0.765182,0.069157,0.042842,-0.054325,0.997604,0,1.00000,0.17885,60.000,0.358,575.000,400.000,-1,400.000,-1,325.000,325.000,300.000,300.000,-1,675.000,625.000,-1,625.000,825.000,625.000,-1,1,0,2,0,2,0,0,0,0,2,0,0,2,1,0,1,2
89,5493.927,220.078,-9.283,-39.605,0.771236,0.636546,0.002086,-0.635137,0.769302,0.069097,0.042379,-0.054614,0.997608,0,1.00000,0.18526,60.000,0.371,525.000,400.000,-1,400.000,-1,325.000,325.000,300.000,300.000,-1,725.000,675.000,-1,600.000,850.000,575.000,-1,1,0,2,0,2,0,0,0,0,2,0,0,2,1,0,1,2
90,5540.409,182.139,-6.865,-39.222,0.775482,0.631366,0.002213,-0.629980,0.773537,0.069028,0.041871,-0.054924,0.997612,0,1.00000,0.19196,60.000,0.384,475.000,400.000,-1,400.000,-1,325.000,325.000,300.000,300.000,-1,800.000,725.000,-1,550.000,850.000,525.000,-1,1,0,2,0,2,0,0,0,0,2,0,0,2,1,0,1,2
91,5587.154,144.523,-4.502,-38.824,0.779843,0.625970,0.002370,-0.624614,0.777893,0.068841,0.041249,-0.055165,0.997625,0,1.00000,0.19898,60.000,0.398,425.000,400.000,-1,400.000,-1,325.000,325.000,300.000,300.000,-1,850.000,800.000,-1,525.000,875.000,475.000,-1,1,1,2,0,2,0,0,0,0,2,0,0,2,1,1,1,2
92,5634.168,107.246,-2.193,-38.411,0.784325,0.620345,0.002559,-0.619026,0.782374,0.068535,0.040513,-0.055338,0.997645,0,1.00000,0.20633,60.000,0.413,400.000,375.000,-1,400.000,-1,325.000,325.000,300.000,300.000,-1,925.000,850.000,-1,500.000,850.000,425.000,-1,1,1,2,0,2,0,0,0,0,2,0,0,2,1,1,1,2
93,5681.460,70.320,0.101,-37.983,0.788924,0.614485,0.002784,-0.613219,0.786990,0.067896,0.039530,-0.055272,0.997689,0,1.00000,0.21403,60.000,0.428,350.000,350.000,-1,400.000,-1,325.000,325.000,300.000,300.000,-1,975.000,925.000,-1,450.000,850.000,375.000,-1,1,1,2,0,2,0,0,0,0,2,0,0,2,1,1,1,2
94,5729.036,33.763,2.318,-37.539,0.793637,0.608385,0.003059,-0.607199,0.791755,0.066581,0.038085,-0.054698,0.997776,0,1.00000,0.22210,60.000,0.444,300.000,325.000,-1,425.000,-1,300.000,325.000,300.000,300.000,-1,-1,-1,-1,425.000,875.000,325.000,-1,1,1,2,0,2,1,0,0,0,2,2,2,2,1,1,1,2
95,5776.905,-2.411,4.442,-37.078,0.798476,0.602017,0.003386,-0.600921,0.796657,0.065051,0.036464,-0.053977,0.997876,0,1.00000,0.23055,60.000,0.461,250.000,300.000,-1,425.000,-1,275.000,325.000,300.000,300.000,-1,-1,-1,-1,400.000,900.000,275.000,-1,1,1,2,0,2,1,0,0,0,2,2,2,2,1,0,1,2
96,5824.974,-38.319,7.750,-36.757,0.801689,0.597735,-0.002626,-0.596469,0.800262,0.061694,0.038979,-0.047893,0.998092,0,1.00000,0.16031,60.000,0.321,225.000,275.000,-1,425.000,-1,275.000,325.000,300.000,300.000,-1,-1,-1,-1,375.000,950.000,225.000,-1,1,1,2,1,2,1,1,0,0,2,2,2,2,1,0,1,2
97,5873.247,-73.954,13.580,-36.427,0.804530,0.593513,-0.021758,-0.591812,0.804226,0.054591,0.049899,-0.031043,0.998272,0,1.00000,0.16494,60.000,0.330,225.000,275.000,-1,425.000,-1,275.000,325.000,325.000,275.000,-1,925.000,725.000,-1,375.000,-1,225.000,-1,1,1,2,1,2,1,1,1,0,2,0,0,2,1,2,1,2
98,5921.579,-109.510,19.241,-36.337,0.804564,0.592475,-0.040621,-0.590730,0.805461,0.047649,0.060949,-0.014340,0.998038,0,1.00000,0.04494,60.000,0.090,200.000,275.000,-1,425.000,-1,275.000,325.000,325.000,275.000,-1,600.000,350.000,-1,375.000,-1,225.000,-1,1,1,2,1,2,1,1,1,0,2,0,0,2,1,2,1,2
99,5969.966,-144.991,24.761,-36.253,0.804239,0.591354,-0.059168,-0.589957,0.806409,0.040679,0.071769,0.002190,0.997419,0,1.00000,0.04197,60.000,0.084,200.000,275.000,-1,450.000,-1,275.000,325.000,325.000,275.000,-1,450.000,225.000,850.000,400.000,-1,225.000,-1,1,1,2,1,2,1,1,1,0,2,0,0,0,1,2,1,2
100,6018.416,-180.386,30.170,-36.155,0.803787,0.589875,-0.077298,-0.589206,0.807283,0.033634,0.082241,0.018510,0.996441,0,1.00000,0.04898,60.000,0.098,200.000,275.000,-1,475.000,-1,275.000,325.000,300.000,250.000,-1,375.000,150.000,650.000,425.000,-1,225.000,-1,1,1,2,1,2,1,1,1,0,2,0,0,0,1,2,1,2
101,6066.939,-215.682,35.443,-36.042,0.803233,0.588019,-0.095131,-0.588449,0.808101,0.026458,0.092434,0.034727,0.995113,0,1.00000,0.05680,60.000,0.114,200.000,300.000,-1,525.000,-1,275.000,350.000,300.000,250.000,-1,325.000,100.000,500.000,475.000,-1,225.000,-1,1,1,2,1,2,1,1,1,0,2,0,0,0,1,2,1,2
102,6115.545,-250.864,40.739,-35.911,0.802594,0.585781,-0.112713,-0.587596,0.808910,0.019902,0.102833,0.050256,0.993428,0,1.00000,0.06555,60.000,0.131,200.000,300.000,-1,625.000,-1,300.000,375.000,300.000,250.000,-1,275.000,75.000,425.000,-1,-1,200.000,-1,1,1,2,0,2,1,1,1,0,2,0,0,0,2,2,1,2
103,6164.243,-285.922,47.699,-35.760,0.801690,0.583375,-0.130255,-0.585931,0.810068,0.021788,0.118226,0.058853,0.991241,0,1.00000,0.07541,60.000,0.151,200.000,350.000,-1,700.000,-1,350.000,425.000,275.000,250.000,-1,225.000,50.000,375.000,-1,-1,225.000,-1,1,1,2,0,2,1,1,1,0,2,0,0,0,2,2,1,2
104,-6231.354,-1639.830,262.936,26.415,0.894869,-0.444864,-0.036140,0.444693,0.895588,-0.013067,0.038180,-0.004379,0.999261,1,0.00000,0.00000,60.000,0.173,-1,250.000,-1,175.000,150.000,200.000,175.000,550.000,575.000,325.000,0.000,100.000,-1,375.000,225.000,-1,125.000,2,1,2,1,1,1,1,0,0,1,1,1,2,1,1,2,1
105,3611.862,8857.353,-262.171,28.166,0.880094,-0.472024,0.051260,0.471188,0.881586,0.028082,-0.058446,-0.000562,0.998290,1,0.08000,0.12000,4.800,0.240,450.000,375.000,-1,375.000,-1,300.000,300.000,300.000,325.000,450.000,400.000,400.000,750.000,625.000,725.000,525.000,-1,1,0,2,0,2,0,0,0,0,1,1,0,1,1,0,1,2
106,3620.287,8861.955,-262.740,28.646,0.876109,-0.479393,0.051152,0.478597,0.877601,0.027613,-0.058128,0.000289,0.998309,0,0.16000,0.24000,9.600,0.480,425.000,375.000,-1,375.000,-1,300.000,300.000,300.000,325.000,450.000,425.000,400.000,775.000,600.000,725.000,525.000,-1,1,0,2,0,2,0,0,0,0,1,1,0,1,1,0,1,2
107,3632.837,8869.016,-263.587,29.366,0.870015,-0.490382,0.050991,0.489646,0.871506,0.026909,-0.057635,0.001556,0.998337,0,0.24000,0.36000,14.400,0.720,425.000,375.000,-1,375.000,-1,300.000,300.000,300.000,325.000,475.000,425.000,400.000,800.000,600.000,700.000,500.000,-1,1,0,2,0,2,0,0,0,0,1,1,0,1,1,0,1,2
108,3649.410,8878.710,-264.707,30.326,0.861676,-0.504913,0.050778,0.504254,0.863164,0.025974,-0.056945,0.003224,0.998372,0,0.32000,0.48000,19.200,0.960,400.000,375.000,-1,375.000,-1,300.000,300.000,325.000,325.000,475.000,450.000,400.000,825.000,575.000,700.000,475.000,-1,1,0,2,0,2,0,0,0,0,1,1,0,1,1,0,1,2
109,3669.868,8891.259,-266.089,31.526,0.850912,-0.522874,0.050517,0.522312,0.852394,0.024811,-0.056033,0.005274,0.998415,0,0.40000,0.60000,24.000,1.200,375.000,375.000,-1,375.000,-1,300.000,300.000,325.000,325.000,500.000,475.000,375.000,875.000,550.000,700.000,450.000,-1,1,0,2,0,2,0,0,0,0,1,0,0,1,1,0,1,2
110,3694.031,8906.930,-267.615,32.966,0.837530,-0.544123,0.049735,0.543660,0.838974,0.023585,-0.054559,0.007286,0.998484,0,0.48000,0.72000,28.800,1.440,375.000,375.000,-1,375.000,-1,300.000,300.000,325.000,325.000,525.000,450.000,375.000,925.000,525.000,700.000,425.000,-1,1,0,2,0,2,0,0,0,0,1,0,0,1,1,0,1,2
111,3721.672,8926.032,-269.337,34.646,0.821255,-0.568475,0.048747,0.568122,0.822646,0.022165,-0.052702,0.009491,0.998565,0,0.56000,0.84000,33.600,1.680,350.000,375.000,1000.000,375.000,-1,300.000,300.000,325.000,325.000,550.000,450.000,375.000,-1,500.000,700.000,400.000,-1,1,0,1,0,2,0,0,0,0,1,0,0,2,1,0,1,2
112,3752.514,8948.908,-271.239,36.566,0.801793,-0.595703,0.047611,0.595466,0.803117,0.020553,-0.050481,0.011871,0.998654,0,0.64000,0.96000,38.400,1.920,300.000,375.000,900.000,375.000,-1,300.000,300.000,325.000,325.000,575.000,425.000,350.000,-1,450.000,700.000,350.000,-1,1,0,1,0,2,0,0,0,0,1,0,0,2,1,0,1,2
113,3786.291,8975.840,-273.298,38.566,0.780569,-0.623349,0.046346,0.623230,0.781814,0.018729,-0.047909,0.014265,0.998750,0,0.72000,1.00000,43.200,2.000,275.000,350.000,800.000,375.000,-1,300.000,300.000,325.000,325.000,600.000,425.000,350.000,-1,425.000,675.000,300.000,-1,1,1,1,0,2,0,0,0,0,1,0,0,2,1,0,1,2
114,3822.755,9007.055,-275.485,40.566,0.758405,-0.650231,0.044965,0.650228,0.759556,0.016692,-0.045007,0.016578,0.998849,0,0.80000,1.00000,48.000,2.000,250.000,325.000,725.000,375.000,-1,300.000,300.000,325.000,325.000,625.000,400.000,350.000,-1,375.000,675.000,275.000,-1,1,1,1,0,2,0,0,0,0,1,0,0,2,1,0,1,2
115,3858.985,9040.332,-277.610,42.566,0.735322,-0.676317,0.043556,0.676418,0.736373,0.014610,-0.041954,0.018719,0.998944,0,0.81989,1.00000,49.194,2.000,200.000,300.000,650.000,375.000,-1,300.000,300.000,325.000,325.000,650.000,400.000,350.000,-1,350.000,675.000,225.000,-1,1,1,1,0,2,0,0,0,0,1,0,0,2,1,0,1,2
116,3894.379,9075.194,-279.602,44.566,0.711353,-0.701579,0.041995,0.701768,0.712295,0.012538,-0.038709,0.020552,0.999039,0,0.82800,1.00000,49.680,2.000,175.000,275.000,550.000,375.000,-1,275.000,300.000,325.000,325.000,700.000,375.000,350.000,-1,300.000,675.000,175.000,-1,1,1,1,0,2,1,0,1,0,1,0,0,2,1,1,1,2
117,3928.854,9111.614,-278.465,46.566,0.686657,-0.725726,0.042704,0.726536,0.687108,-0.005346,-0.025462,0.034697,0.999073,0,0.83584,1.00000,50.151,2.000,150.000,250.000,500.000,400.000,-1,250.000,325.000,325.000,325.000,725.000,325.000,250.000,-1,275.000,600.000,175.000,900.000,1,1,1,0,2,1,0,1,0,1,0,0,2,1,1,1,1
118,3962.329,9149.561,-274.896,48.566,0.661554,-0.748442,0.046696,0.749883,0.660636,-0.035141,-0.004548,0.058264,0.998291,0,0.84338,1.00000,50.603,2.000,150.000,225.000,475.000,400.000,-1,225.000,300.000,350.000,300.000,775.000,250.000,175.000,-1,275.000,550.000,150.000,800.000,1,1,1,1,2,1,1,1,0,1,0,0,2,1,1,1,1
119,3996.953,9191.347,-270.722,50.326,0.639504,-0.766961,0.052963,0.768569,0.636162,-0.067823,0.018324,0.084079,0.996291,0,0.90445,0.88000,54.267,1.760,150.000,225.000,450.000,375.000,-1,225.000,275.000,350.000,275.000,825.000,225.000,100.000,725.000,250.000,500.000,150.000,700.000,1,1,1,1,2,1,1,1,0,1,0,0,0,1,1,1,1
120,4030.916,9234.644,-266.112,51.846,0.620917,-0.781487,0.061164,0.782753,0.613960,-0.101740,0.041957,0.111048,0.992929,0,0.91712,0.76000,55.027,1.520,150.000,200.000,425.000,350.000,-1,200.000,275.000,375.000,275.000,875.000,200.000,75.000,500.000,250.000,450.000,150.000,625.000,1,1,1,1,2,1,1,1,0,1,0,0,0,1,1,1,1
121,4064.332,9279.284,-260.950,53.126,0.606136,-0.792190,0.070951,0.792620,0.594237,-0.136515,0.065984,0.138984,0.988094,0,0.92934,0.64000,55.761,1.280,150.000,200.000,425.000,300.000,-1,200.000,250.000,400.000,250.000,925.000,175.000,25.000,350.000,225.000,400.000,150.000,575.000,1,1,1,1,2,1,1,1,0,1,0,0,0,1,1,1,1
122,4097.333,9325.106,-255.211,54.166,0.595457,-0.799193,0.081988,0.798296,0.577123,-0.172197,0.090302,0.167987,0.981645,0,0.94110,0.52000,56.466,1.040,125.000,175.000,400.000,275.000,-1,175.000,225.000,400.000,225.000,975.000,150.000,25.000,275.000,225.000,375.000,125.000,500.000,1,1,1,1,2,1,1,1,0,1,0,0,0,1,1,1,1
123,-1639.831,-4263.559,110.820,109.875,-0.339843,-0.940434,0.009492,0.940141,-0.339974,-0.023485,0.025313,0.000943,0.999679,1,0.00000,0.00000,57.142,0.800,-1,400.000,-1,400.000,-1,325.000,325.000,300.000,300.000,-1,-1,-1,-1,775.000,775.000,-1,-1,2,0,2,0,2,0,0,0,0,2,2,2,2,1,0,2,2
124,-1641.482,-4259.051,110.940,110.115,-0.343781,-0.939002,0.009471,0.938709,-0.343911,-0.023482,0.025307,0.000818,0.999679,0,0.08000,0.12000,4.800,0.240,-1,400.000,-1,400.000,-1,325.000,325.000,300.000,300.000,-1,-1,-1,-1,775.000,775.000,-1,-1,2,0,2,0,2,0,0,0,0,2,2,2,2,1,0,2,2
125,-1644.859,-4250.065,111.179,110.595,-0.351639,-0.936088,0.009429,0.935794,-0.351765,-0.023476,0.025293,0.000568,0.999680,0,0.16000,0.24000,9.600,0.480,-1,400.000,-1,400.000,-1,325.000,325.000,300.000,300.000,-1,-1,-1,-1,775.000,775.000,-1,-1,2,0,2,0,2,0,0,0,0,2,2,2,2,1,0,2,2
126,-1650.066,-4236.640,111.537,111.202,-0.361538,-0.932310,0.009364,0.932015,-0.361659,-0.023466,0.025264,0.000243,0.999681,0,0.24000,0.30340,14.400,0.607,-1,400.000,-1,400.000,-1,325.000,325.000,300.000,300.000,-1,-1,-1,-1,775.000,775.000,-1,-1,2,0,2,0,2,0,0,0,0,2,2,2,2,1,0,2,2
127,-1657.200,-4218.814,112.015,111.810,-0.371409,-0.928423,0.009274,0.928127,-0.371525,-0.023450,0.025217,-0.000103,0.999682,0,0.32000,0.30378,19.200,0.608,-1,400.000,-1,400.000,-1,325.000,325.000,300.000,300.000,-1,-1,-1,-1,750.000,775.000,1000.000,-1,2,0,2,0,2,0,0,0,0,2,2,2,2,1,0,1,2
128,-1666.353,-4196.628,112.610,112.419,-0.381260,-0.924422,0.009158,0.924126,-0.381370,-0.023427,0.025149,-0.000469,0.999684,0,0.40000,0.30444,24.000,0.609,-1,400.000,-1,400.000,-1,325.000,325.000,300.000,300.000,-1,-1,-1,-1,750.000,775.000,975.000,-1,2,0,2,0,2,0,0,0,0,2,2,2,2,1,0,1,2
129,-1677.619,-4170.123,113.321,113.029,-0.391098,-0.920305,0.009017,0.920008,-0.391201,-0.023395,0.025058,-0.000855,0.999686,0,0.48000,0.30536,28.800,0.611,-1,400.000,-1,400.000,-1,325.000,325.000,300.000,300.000,-1,-1,-1,-1,725.000,775.000,950.000,-1,2,0,2,0,2,0,0,0,0,2,2,2,2,1,0,1,2
130,-1691.094,-4139.343,114.147,113.642,-0.400930,-0.916066,0.008848,0.915769,-0.401026,-0.023352,0.024940,-0.001260,0.999688,0,0.56000,0.30655,33.600,0.613,1000.000,400.000,-1,400.000,-1,325.000,325.000,300.000,300.000,-1,-1,-1,-1,725.000,775.000,925.000,-1,1,0,2,0,2,0,0,0,0,2,2,2,2,1,0,1,2
131,-1706.870,-4104.334,115.085,114.258,-0.410764,-0.911701,0.008651,0.911405,-0.410851,-0.023295,0.024793,-0.001685,0.999691,0,0.64000,0.30801,38.400,0.616,950.000,400.000,-1,400.000,-1,325.000,325.000,300.000,300.000,-1,-1,-1,-1,700.000,775.000,875.000,-1,1,0,2,0,2,0,0,0,0,2,2,2,2,1,0,1,2
132,-1725.044,-4065.142,116.139,114.878,-0.420606,-0.907204,0.008401,0.906910,-0.420685,-0.023217,0.024597,-0.002147,0.999695,0,0.72000,0.30975,43.200,0.620,925.000,400.000,-1,400.000,-1,325.000,325.000,300.000,300.000,-1,-1,-1,-1,675.000,775.000,825.000,-1,1,0,2,0,2,0,0,0,0,2,2,2,2,1,0,1,2
133,-1745.710,-4021.819,117.306,115.501,-0.430465,-0.902571,0.008069,0.902280,-0.430533,-0.023065,0.024292,-0.002648,0.999701,0,0.80000,0.31180,48.000,0.624,875.000,400.000,-1,400.000,-1,325.000,325.000,300.000,300.000,-1,-1,-1,-1,650.000,775.000,800.000,-1,1,0,2,0,2,0,0,0,0,2,2,2,2,1,0,1,2
134,-1768.963,-3974.415,118.566,116.130,-0.440348,-0.897794,0.007726,0.897509,-0.440404,-0.022854,0.023921,-0.003130,0.999709,0,0.88000,0.31417,52.800,0.628,800.000,400.000,-1,400.000,-1,325.000,325.000,300.000,300.000,-1,-1,-1,-1,625.000,775.000,750.000,-1,1,0,2,0,2,0,0,0,0,2,2,2,2,1,0,1,2
