timestep,x_cm,y_cm,z_cm,yaw_deg,basis_xx,basis_xy,basis_xz,basis_yx,basis_yy,basis_yz,basis_zx,basis_zy,basis_zz,teleport_flag,throttle_cmd,steering_cmd,cmd_move_cm,cmd_turn_deg,lidar_cm_0,lidar_cm_1,lidar_cm_2,lidar_cm_3,lidar_cm_4,lidar_cm_5,lidar_cm_6,lidar_cm_7,lidar_cm_8,lidar_cm_9,lidar_cm_10,lidar_cm_11,lidar_cm_12,lidar_cm_13,lidar_cm_14,lidar_cm_15,lidar_cm_16,lidar_class_0,lidar_class_1,lidar_class_2,lidar_class_3,lidar_class_4,lidar_class_5,lidar_class_6,lidar_class_7,lidar_class_8,lidar_class_9,lidar_class_10,lidar_class_11,lidar_class_12,lidar_class_13,lidar_class_14,lidar_class_15,lidar_class_16
0,12.447,2634.845,312.459,-141.854,-0.786180,0.617668,-0.020196,-0.617472,-0.786439,-0.015544,-0.025484,0.000250,0.999675,1,0.08000,0.12000,4.800,0.240,-1,-1,-1,350.000,-1,700.000,300.000,200.000,275.000,-1,-1,-1,-1,-1,575.000,-1,900.000,2,2,2,1,2,1,1,1,0,2,2,2,2,2,1,2,1
1,4.943,2628.856,311.898,-141.409,-0.781347,0.623756,-0.020625,-0.623440,-0.781614,-0.020042,-0.028622,-0.002801,0.999586,0,0.16000,0.22255,9.600,0.445,-1,-1,-1,325.000,1000.000,725.000,275.000,200.000,300.000,-1,-1,-1,-1,-1,575.000,-1,850.000,2,2,2,1,1,1,1,1,0,2,2,2,2,2,1,2,1
2,-6.242,2619.787,311.032,-140.966,-0.776495,0.629763,-0.021315,-0.629228,-0.776750,-0.027048,-0.033590,-0.007591,0.999407,0,0.24000,0.22143,14.400,0.443,-1,-1,-1,325.000,925.000,725.000,275.000,200.000,300.000,-1,-1,-1,-1,-1,550.000,-1,775.000,2,2,2,1,1,1,1,1,0,2,2,2,2,2,1,2,1
3,-21.062,2607.579,309.818,-140.525,-0.771634,0.635679,-0.022188,-0.634773,-0.771820,-0.036832,-0.040539,-0.014336,0.999075,0,0.32000,0.22062,19.200,0.441,-1,-1,-1,325.000,825.000,725.000,275.000,175.000,300.000,-1,-1,-1,-1,-1,600.000,-1,700.000,2,2,2,1,1,1,1,1,0,2,2,2,2,2,1,2,1
4,-39.468,2592.176,308.197,-140.085,-0.766789,0.641482,-0.023152,-0.639975,-0.766783,-0.049749,-0.049666,-0.023330,0.998493,0,0.40000,0.22012,24.000,0.440,-1,-1,-1,300.000,725.000,725.000,250.000,175.000,300.000,-1,-1,-1,-1,-1,700.000,-1,600.000,2,2,2,1,1,1,1,1,0,2,2,2,2,2,1,2,1
5,-61.412,2573.521,306.093,-139.645,-0.761998,0.647131,-0.024091,-0.644679,-0.761577,-0.066247,-0.061217,-0.034949,0.997512,0,0.48000,0.21996,28.800,0.440,-1,-1,-1,275.000,625.000,725.000,275.000,175.000,300.000,-1,-1,-1,-1,-1,725.000,-1,500.000,2,2,2,1,1,1,1,1,1,2,2,2,2,2,1,2,1
6,-86.843,2551.557,303.363,-139.204,-0.757325,0.652565,-0.024868,-0.648680,-0.756116,-0.086618,-0.075327,-0.049466,0.995931,0,0.56000,0.22020,33.600,0.440,-1,-1,-1,250.000,525.000,700.000,300.000,175.000,325.000,-1,-1,-1,-1,-1,725.000,-1,425.000,2,2,2,1,1,1,1,1,1,2,2,2,2,2,1,2,1
7,-115.707,2526.227,299.283,-138.762,-0.752993,0.657627,-0.023001,-0.651797,-0.750205,-0.111147,-0.090349,-0.068700,0.993538,0,0.64000,0.22096,38.400,0.442,-1,-1,-1,250.000,450.000,650.000,325.000,150.000,350.000,-1,-1,-1,-1,-1,725.000,-1,325.000,2,2,2,1,1,1,1,1,1,2,2,2,2,2,1,2,1
8,-6230.905,1639.414,365.103,-120.534,-0.550430,0.833746,-0.043526,-0.776108,-0.491771,0.394737,0.307705,0.251056,0.917763,1,0.00000,0.00000,43.200,0.445,150.000,250.000,-1,350.000,-1,225.000,275.000,325.000,325.000,-1,125.000,25.000,175.000,325.000,-1,150.000,-1,1,1,2,1,2,1,1,1,0,2,0,0,0,1,2,1,2
9,8851.584,2299.049,182.262,136.726,-0.728606,-0.684926,0.003227,0.684105,-0.727485,0.052589,-0.033672,0.040524,0.998611,1,0.08000,0.12000,4.800,0.240,-1,400.000,-1,400.000,-1,325.000,325.000,325.000,325.000,-1,625.000,750.000,-1,750.000,800.000,-1,-1,2,0,2,0,2,0,0,0,0,2,1,1,2,0,0,2,2
10,8844.547,2305.578,181.994,137.146,-0.733608,-0.679566,0.002917,0.678735,-0.732484,0.052785,-0.033734,0.040703,0.998602,0,0.16000,0.21012,9.600,0.420,-1,400.000,-1,400.000,-1,325.000,325.000,325.000,325.000,-1,625.000,775.000,-1,750.000,800.000,-1,-1,2,0,2,0,2,0,0,0,0,2,1,1,2,0,0,2,2
11,8833.920,2315.296,181.589,137.559,-0.738481,-0.674269,0.002465,0.673417,-0.737354,0.053083,-0.033975,0.040861,0.998587,0,0.24000,0.20631,14.400,0.413,-1,400.000,-1,400.000,-1,325.000,325.000,325.000,325.000,-1,650.000,800.000,-1,750.000,800.000,-1,-1,2,0,2,0,2,0,0,0,0,2,1,1,2,0,0,2,2
12,8819.660,2328.153,181.055,137.960,-0.743182,-0.669086,0.001875,0.668205,-0.742053,0.053473,-0.034387,0.040993,0.998568,0,0.32000,0.20059,19.200,0.401,-1,375.000,-1,400.000,-1,325.000,325.000,325.000,325.000,-1,675.000,850.000,-1,725.000,775.000,-1,-1,2,0,2,0,2,0,0,0,0,2,1,1,2,0,0,2,2
13,8801.728,2344.104,180.183,138.346,-0.747687,-0.664048,0.002156,0.663163,-0.746516,0.054113,-0.034324,0.041889,0.998532,0,0.40000,0.19298,24.000,0.386,-1,375.000,-1,400.000,-1,325.000,325.000,325.000,325.000,-1,700.000,875.000,-1,725.000,775.000,-1,-1,2,0,2,0,2,0,0,0,0,2,1,1,2,0,0,2,2
14,8780.087,2363.107,179.111,138.713,-0.751935,-0.659232,0.002444,0.658353,-0.750730,0.054553,-0.034128,0.042630,0.998508,0,0.48000,0.18348,28.800,0.367,-1,375.000,-1,400.000,-1,325.000,325.000,325.000,325.000,-1,750.000,925.000,-1,725.000,775.000,-1,-1,2,0,2,0,2,0,0,0,0,2,1,1,2,0,0,2,2
15,8754.707,2385.125,177.864,139.057,-0.755889,-0.654694,0.002748,0.653825,-0.754656,0.054848,-0.033834,0.043256,0.998491,0,0.56000,0.17207,33.600,0.344,-1,375.000,-1,400.000,-1,325.000,325.000,325.000,325.000,-1,775.000,950.000,-1,725.000,775.000,-1,-1,2,0,2,0,2,0,0,0,0,2,1,1,2,0,0,2,2
16,8725.955,2409.790,176.507,139.375,-0.759514,-0.650484,0.003080,0.649627,-0.758251,0.055135,-0.033529,0.043877,0.998474,0,0.63136,0.15875,37.882,0.318,-1,375.000,-1,400.000,-1,325.000,325.000,325.000,325.000,-1,825.000,1000.000,-1,725.000,750.000,-1,-1,2,0,2,0,2,0,0,0,0,2,1,1,2,0,0,2,2
17,8696.628,2434.693,175.179,139.662,-0.762775,-0.646655,0.003420,0.645811,-0.761486,0.055385,-0.033211,0.044455,0.998459,0,0.64123,0.14373,38.474,0.287,-1,375.000,-1,400.000,-1,325.000,325.000,325.000,325.000,-1,875.000,-1,-1,725.000,750.000,-1,-1,2,0,2,0,2,0,0,0,0,2,1,2,2,0,0,2,2
18,8666.730,2459.853,173.882,139.919,-0.765673,-0.643219,0.003770,0.642389,-0.764359,0.055599,-0.032881,0.044992,0.998446,0,0.65127,0.12845,39.076,0.257,-1,375.000,-1,400.000,-1,325.000,325.000,325.000,325.000,-1,925.000,-1,-1,725.000,750.000,-1,-1,2,0,2,0,2,0,0,0,0,2,1,2,2,0,0,2,2
19,8636.261,2485.288,172.616,140.145,-0.768208,-0.640187,0.004135,0.639373,-0.766871,0.055778,-0.032537,0.045493,0.998435,0,0.66149,0.11291,39.689,0.226,-1,375.000,-1,400.000,-1,300.000,325.000,325.000,325.000,-1,975.000,-1,-1,725.000,750.000,-1,-1,2,0,2,0,2,0,0,0,0,2,1,2,2,0,0,2,2
20,8605.226,2511.018,171.373,140.339,-0.770378,-0.637572,0.004470,0.636773,-0.769021,0.055911,-0.032210,0.045919,0.998426,0,0.67190,0.09710,40.314,0.194,-1,375.000,-1,400.000,-1,300.000,300.000,325.000,325.000,-1,-1,-1,-1,700.000,750.000,-1,-1,2,0,2,0,2,0,0,0,0,2,2,2,2,0,0,2,2
21,8573.627,2537.065,170.154,140.501,-0.772182,-0.635384,0.004785,0.634601,-0.770808,0.056001,-0.031894,0.046280,0.998419,0,0.68251,0.08102,40.950,0.162,-1,375.000,-1,400.000,-1,300.000,300.000,325.000,325.000,-1,-1,-1,-1,700.000,750.000,-1,-1,2,0,2,0,2,0,0,0,0,2,2,2,2,0,0,2,2
22,8541.468,2563.452,168.937,140.630,-0.773620,-0.633629,0.005130,0.632859,-0.772224,0.056214,-0.031657,0.046735,0.998406,0,0.69332,0.06465,41.599,0.129,-1,375.000,-1,375.000,-1,300.000,300.000,325.000,325.000,-1,-1,-1,-1,700.000,725.000,-1,-1,2,0,2,0,2,0,0,0,0,2,2,2,2,0,0,2,2
23,8508.752,2590.205,167.668,140.726,-0.774694,-0.632312,0.005511,0.631543,-0.773257,0.056804,-0.031656,0.047486,0.998370,0,0.70437,0.04799,42.262,0.096,-1,375.000,-1,375.000,-1,300.000,300.000,325.000,325.000,-1,-1,-1,-1,700.000,725.000,-1,-1,2,0,2,0,2,0,0,0,0,2,2,2,2,0,0,2,2
24,8472.394,2620.087,166.307,140.582,-0.773119,-0.634233,0.005969,0.633462,-0.771639,0.057434,-0.031820,0.048184,0.998331,0,0.78437,-0.07201,47.062,-0.144,-1,375.000,-1,375.000,-1,300.000,300.000,325.000,325.000,-1,-1,-1,-1,700.000,725.000,-1,-1,2,0,2,0,2,0,0,0,0,2,2,2,2,0,0,2,2
25,8432.550,2653.286,164.800,140.198,-0.768876,-0.639362,0.006832,0.638599,-0.767337,0.058175,-0.031953,0.049093,0.998283,0,0.86437,-0.19201,51.862,-0.384,-1,375.000,-1,375.000,-1,300.000,300.000,325.000,325.000,-1,-1,-1,-1,700.000,725.000,-1,-1,2,0,2,0,2,0,0,0,0,2,2,2,2,0,0,2,2
26,8389.719,2689.770,163.165,139.574,-0.761900,-0.647643,0.008156,0.646902,-0.760285,0.059032,-0.032031,0.050253,0.998223,0,0.93773,-0.31201,56.264,-0.624,-1,375.000,-1,375.000,-1,300.000,300.000,325.000,325.000,-1,-1,-1,-1,700.000,700.000,-1,-1,2,0,2,0,2,0,0,0,0,2,2,2,2,0,0,2,2
27,8346.672,2727.413,161.423,138.832,-0.753463,-0.657421,0.009558,0.656727,-0.751808,0.059106,-0.031672,0.050811,0.998206,0,0.95307,-0.37119,57.184,-0.742,-1,375.000,-1,375.000,-1,300.000,300.000,325.000,325.000,-1,-1,-1,-1,675.000,700.000,-1,-1,2,0,2,0,2,0,0,0,0,2,2,2,2,0,0,2,2
28,8303.439,2766.281,159.565,138.043,-0.744336,-0.667715,0.011010,0.667096,-0.742684,0.058340,-0.030777,0.050769,0.998236,0,0.96895,-0.39459,58.137,-0.789,-1,375.000,-1,375.000,-1,300.000,300.000,325.000,325.000,-1,-1,-1,-1,675.000,700.000,-1,-1,2,0,2,0,2,0,0,0,0,2,2,2,2,0,0,2,2
29,8259.407,2807.040,157.732,137.211,-0.734562,-0.678425,0.012569,0.677884,-0.732909,0.057600,-0.029866,0.050831,0.998261,0,1.00000,-0.41594,60.000,-0.832,-1,375.000,-1,375.000,-1,300.000,300.000,325.000,325.000,-1,-1,-1,-1,675.000,700.000,-1,-1,2,0,2,0,2,0,0,0,0,2,2,2,2,0,0,2,2
30,8215.983,2848.444,155.983,136.364,-0.724451,-0.689180,0.014191,0.688717,-0.722792,0.056923,-0.028973,0.051012,0.998278,0,1.00000,-0.42357,60.000,-0.847,-1,375.000,-1,375.000,-1,300.000,300.000,325.000,325.000,-1,-1,525.000,-1,675.000,700.000,-1,-1,2,0,2,0,2,0,0,0,0,2,2,0,2,0,0,2,2
31,8173.168,2890.479,154.328,135.527,-0.714304,-0.699656,0.015871,0.699273,-0.712637,0.056265,-0.028056,0.051288,0.998290,0,1.00000,-0.41851,60.000,-0.837,-1,375.000,-1,375.000,-1,300.000,300.000,325.000,325.000,-1,-1,525.000,-1,675.000,700.000,-1,-1,2,0,2,0,2,0,0,0,0,2,2,0,2,0,0,2,2
32,8130.964,2933.127,152.662,134.700,-0.704132,-0.709862,0.017147,0.709543,-0.702476,0.055472,-0.027332,0.051226,0.998313,0,1.00000,-0.41314,60.000,-0.826,-1,375.000,-1,375.000,-1,300.000,300.000,325.000,325.000,-1,-1,550.000,-1,675.000,700.000,-1,-1,2,0,2,0,2,0,0,0,0,2,2,0,2,0,0,2,2
33,8089.371,2976.370,150.985,133.885,-0.693954,-0.719796,0.017946,0.719517,-0.692323,0.054629,-0.026897,0.050823,0.998345,0,1.00000,-0.40745,60.000,-0.815,-1,375.000,-1,375.000,-1,300.000,300.000,325.000,325.000,-1,-1,575.000,-1,675.000,700.000,-1,-1,2,0,2,0,2,0,0,0,0,2,2,0,2,0,0,2,2
34,8048.388,3020.193,149.397,133.082,-0.683788,-0.729437,0.018840,0.729202,-0.682177,0.053842,-0.026422,0.050555,0.998372,0,1.00000,-0.40148,60.000,-0.803,1000.000,375.000,-1,375.000,-1,300.000,300.000,325.000,325.000,-1,-1,600.000,-1,675.000,700.000,-1,-1,1,0,2,0,2,0,0,0,0,2,2,0,2,0,0,2,2
35,8008.013,3064.576,147.741,132.292,-0.673652,-0.738762,0.020566,0.738610,-0.672034,0.053152,-0.025446,0.050996,0.998375,0,1.00000,-0.39523,60.000,-0.790,1000.000,375.000,-1,375.000,-1,300.000,300.000,325.000,325.000,-1,625.000,575.000,-1,675.000,700.000,-1,-1,1,0,2,0,2,0,0,0,0,2,0,0,2,0,0,2,2
36,7968.244,3109.503,146.181,131.515,-0.663557,-0.747791,0.022354,0.747726,-0.661930,0.052490,-0.024454,0.051545,0.998371,0,1.00000,-0.38872,60.000,-0.777,-1,375.000,-1,375.000,-1,300.000,300.000,325.000,325.000,-1,625.000,575.000,-1,675.000,700.000,-1,-1,2,0,2,0,2,0,0,0,0,2,0,0,2,0,0,2,2
37,7929.077,3154.956,144.780,130.751,-0.653517,-0.756515,0.024529,0.756555,-0.651870,0.051864,-0.023246,0.052452,0.998353,0,1.00000,-0.38197,60.000,-0.764,-1,375.000,-1,375.000,-1,300.000,300.000,325.000,325.000,-1,625.000,575.000,-1,675.000,700.000,-1,-1,2,0,2,0,2,0,0,0,0,2,0,0,2,0,0,2,2
38,7890.509,3200.918,143.475,130.001,-0.643543,-0.764942,0.026761,0.765093,-0.641877,0.051254,-0.022029,0.053458,0.998327,0,1.00000,-0.37501,60.000,-0.750,-1,375.000,-1,375.000,-1,300.000,300.000,325.000,325.000,-1,650.000,575.000,-1,675.000,700.000,-1,-1,2,0,2,0,2,0,0,0,0,2,0,0,2,0,0,2,2
39,7852.533,3247.371,142.236,129.265,-0.633651,-0.773076,0.028975,0.773336,-0.631964,0.050718,-0.020898,0.054545,0.998293,0,1.00000,-0.36789,60.000,-0.736,-1,375.000,-1,375.000,-1,300.000,300.000,325.000,325.000,-1,650.000,550.000,-1,675.000,725.000,-1,-1,2,0,2,0,2,0,0,0,0,2,0,0,2,0,0,2,2
40,7815.146,3294.299,141.070,128.544,-0.623852,-0.780920,0.031167,0.781290,-0.622143,0.050234,-0.019838,0.055689,0.998251,0,1.00000,-0.36063,60.000,-0.721,-1,375.000,-1,375.000,-1,300.000,300.000,325.000,325.000,-1,650.000,550.000,-1,675.000,725.000,-1,-1,2,0,2,0,2,0,0,0,0,2,0,0,2,0,0,2,2
41,7778.340,3341.684,139.968,127.837,-0.614156,-0.788478,0.033379,0.788960,-0.612423,0.049802,-0.018825,0.056921,0.998201,0,1.00000,-0.35329,60.000,-0.707,-1,375.000,-1,375.000,-1,300.000,300.000,325.000,325.000,-1,650.000,550.000,-1,675.000,725.000,-1,-1,2,0,2,0,2,0,0,0,0,2,0,0,2,0,0,2,2
42,7744.835,3385.553,138.971,127.370,-0.607683,-0.793394,0.035319,0.793985,-0.605948,0.049144,-0.017590,0.057907,0.998167,0,0.92000,-0.23329,55.200,-0.467,-1,375.000,-1,375.000,-1,300.000,300.000,325.000,325.000,-1,650.000,525.000,-1,675.000,725.000,-1,-1,2,0,2,0,2,0,0,0,0,2,0,0,2,0,0,2,2
43,7714.402,3425.727,138.038,127.144,-0.604488,-0.795758,0.036929,0.796453,-0.602785,0.048083,-0.016002,0.058478,0.998160,0,0.84000,-0.11329,50.400,-0.227,-1,375.000,-1,375.000,-1,300.000,300.000,325.000,325.000,-1,625.000,475.000,-1,675.000,725.000,-1,-1,2,0,2,0,2,0,0,0,0,2,0,0,2,0,0,2,2
44,7686.859,3462.069,137.267,127.157,-0.604621,-0.795589,0.038354,0.796383,-0.602951,0.047158,-0.014393,0.059057,0.998151,0,0.76000,0.00671,45.600,0.013,-1,375.000,-1,375.000,-1,300.000,300.000,325.000,325.000,-1,600.000,450.000,-1,700.000,725.000,-1,-1,2,0,2,0,2,0,0,0,0,2,0,0,2,0,0,2,2
45,7662.071,3494.476,136.649,127.411,-0.608079,-0.792888,0.039600,0.793774,-0.606444,0.046355,-0.012739,0.059622,0.998140,0,0.68000,0.12671,40.800,0.253,-1,375.000,-1,375.000,-1,300.000,300.000,325.000,325.000,-1,575.000,425.000,-1,700.000,725.000,-1,-1,2,0,2,0,2,0,0,0,0,2,0,0,2,0,0,2,2
46,7640.032,3522.941,136.158,127.749,-0.612694,-0.789275,0.040645,0.790241,-0.611092,0.045664,-0.011204,0.060097,0.998130,0,0.60000,0.16897,36.000,0.338,-1,375.000,-1,375.000,-1,300.000,325.000,325.000,325.000,-1,550.000,425.000,-1,700.000,725.000,-1,-1,2,0,2,0,2,0,0,0,0,2,0,0,2,0,0,2,2
47,7620.785,3547.496,135.764,128.090,-0.617338,-0.785605,0.041461,0.786636,-0.615769,0.045074,-0.009880,0.060441,0.998123,0,0.52000,0.17061,31.200,0.341,-1,375.000,-1,375.000,-1,300.000,325.000,325.000,325.000,-1,525.000,425.000,-1,700.000,725.000,-1,-1,2,0,2,0,2,0,0,0,0,2,0,0,2,0,0,2,2
48,7604.374,3568.176,135.468,128.434,-0.622001,-0.781881,0.042139,0.782968,-0.620463,0.044581,-0.008711,0.060723,0.998117,0,0.44000,0.17195,26.400,0.344,-1,375.000,-1,375.000,-1,300.000,325.000,325.000,325.000,-1,500.000,425.000,-1,700.000,725.000,-1,-1,2,0,2,0,2,0,0,0,0,2,0,0,2,0,0,2,2
49,7590.845,3585.014,135.251,128.780,-0.626677,-0.778109,0.042687,0.779241,-0.625165,0.044182,-0.007692,0.060951,0.998111,0,0.36000,0.17304,21.600,0.346,-1,375.000,-1,375.000,-1,300.000,325.000,325.000,325.000,-1,475.000,425.000,-1,700.000,725.000,-1,-1,2,0,2,0,2,0,0,0,0,2,0,0,2,0,0,2,2
50,7580.243,3598.046,135.101,129.128,-0.631359,-0.774291,0.043110,0.775460,-0.629870,0.043875,-0.006819,0.061131,0.998106,0,0.28000,0.17389,16.800,0.348,-1,375.000,-1,375.000,-1,300.000,325.000,325.000,325.000,-1,475.000,425.000,-1,700.000,725.000,-1,-1,2,0,2,0,2,0,0,0,0,2,0,0,2,0,0,2,2
51,7572.614,3607.308,135.005,129.477,-0.636041,-0.770433,0.043413,0.771631,-0.634570,0.043660,-0.006088,0.061269,0.998103,0,0.20000,0.17454,12.000,0.349,-1,375.000,-1,375.000,-1,300.000,325.000,325.000,325.000,-1,475.000,425.000,-1,700.000,725.000,-1,-1,2,0,2,0,2,0,0,0,0,2,0,0,2,0,0,2,2
52,7568.003,3612.838,134.955,129.827,-0.640718,-0.766537,0.043601,0.767757,-0.639261,0.043536,-0.005500,0.061370,0.998100,0,0.12000,0.17500,7.200,0.350,-1,375.000,-1,375.000,-1,300.000,300.000,325.000,325.000,-1,475.000,425.000,-1,700.000,725.000,-1,-1,2,0,2,0,2,0,0,0,0,2,0,0,2,0,0,2,2
53,7566.454,3614.671,134.943,130.177,-0.645384,-0.762608,0.043676,0.763841,-0.643936,0.043505,-0.005053,0.061440,0.998098,0,0.04000,0.17527,2.400,0.351,-1,375.000,-1,375.000,-1,300.000,300.000,325.000,325.000,-1,450.000,425.000,-1,700.000,725.000,-1,-1,2,0,2,0,2,0,0,0,0,2,0,0,2,0,0,2,2
54,7568.014,3612.847,134.965,130.528,-0.650035,-0.758650,0.043641,0.759890,-0.648590,0.043569,-0.004748,0.061483,0.998097,0,-0.04000,0.17537,-2.400,0.351,-1,375.000,-1,375.000,-1,300.000,300.000,325.000,325.000,-1,450.000,425.000,-1,700.000,725.000,-1,-1,2,0,2,0,2,0,0,0,0,2,0,0,2,0,0,2,2
55,7572.726,3607.403,135.017,130.879,-0.654665,-0.754667,0.043495,0.755905,-0.653219,0.043728,-0.004589,0.061505,0.998096,0,-0.12000,0.17527,-7.200,0.351,-1,375.000,-1,375.000,-1,300.000,300.000,325.000,325.000,-1,450.000,425.000,-1,700.000,725.000,-1,-1,2,0,2,0,2,0,0,0,0,2,0,0,2,0,0,2,2
56,7580.635,3598.378,135.100,131.229,-0.659269,-0.750663,0.043237,0.751893,-0.657816,0.043988,-0.004578,0.061510,0.998096,0,-0.20000,0.17498,-12.000,0.350,-1,375.000,-1,375.000,-1,300.000,300.000,325.000,325.000,-1,450.000,425.000,-1,700.000,725.000,-1,-1,2,0,2,0,2,0,0,0,0,2,0,0,2,0,0,2,2
57,7590.472,3587.289,135.203,131.577,-0.663839,-0.746643,0.042913,0.747861,-0.662375,0.044311,-0.004660,0.061508,0.998096,0,-0.24706,0.17446,-14.823,0.349,-1,375.000,-1,375.000,-1,300.000,300.000,325.000,325.000,-1,450.000,425.000,-1,700.000,725.000,-1,-1,2,0,2,0,2,0,0,0,0,2,0,0,2,0,0,2,2
58,7600.327,3576.315,135.307,131.925,-0.668368,-0.742611,0.042589,0.743816,-0.666892,0.044637,-0.004746,0.061512,0.998095,0,-0.24583,0.17379,-14.750,0.348,-1,375.000,-1,375.000,-1,300.000,300.000,325.000,325.000,-1,450.000,425.000,-1,700.000,725.000,-1,-1,2,0,2,0,2,0,0,0,0,2,0,0,2,0,0,2,2
59,7610.201,3565.453,135.412,132.271,-0.672853,-0.738568,0.042263,0.739760,-0.671367,0.044968,-0.004838,0.061522,0.998094,0,-0.24464,0.17309,-14.678,0.346,-1,375.000,-1,375.000,-1,300.000,300.000,325.000,325.000,-1,450.000,425.000,-1,700.000,700.000,-1,-1,2,0,2,0,2,0,0,0,0,2,0,0,2,0,0,2,2
60,7620.093,3554.701,135.519,132.616,-0.677296,-0.734514,0.041937,0.735694,-0.675797,0.045304,-0.004935,0.061537,0.998093,0,-0.24350,0.17236,-14.610,0.345,-1,375.000,-1,375.000,-1,300.000,300.000,325.000,325.000,-1,450.000,425.000,-1,700.000,700.000,-1,-1,2,0,2,0,2,0,0,0,0,2,0,0,2,0,0,2,2
61,7630.004,3544.057,135.618,132.959,-0.681696,-0.730454,0.041569,0.731618,-0.680185,0.045639,-0.005063,0.061525,0.998093,0,-0.24240,0.17159,-14.544,0.343,-1,375.000,-1,375.000,-1,300.000,300.000,325.000,325.000,-1,450.000,425.000,-1,700.000,700.000,-1,-1,2,0,2,0,2,0,0,0,0,2,0,0,2,0,0,2,2
62,7636.658,3536.938,135.685,133.062,-0.683022,-0.729229,0.041308,0.730379,-0.681501,0.045859,-0.005290,0.061493,0.998093,0,-0.16240,0.05159,-9.744,0.103,-1,375.000,-1,375.000,-1,300.000,300.000,325.000,325.000,-1,450.000,425.000,-1,700.000,700.000,-1,-1,2,0,2,0,2,0,0,0,0,2,0,0,2,0,0,2,2
63,7640.025,3533.318,135.720,132.925,-0.681288,-0.730856,0.041170,0.731994,-0.679759,0.045960,-0.005605,0.061448,0.998095,0,-0.08240,-0.06841,-4.944,-0.137,-1,375.000,-1,375.000,-1,300.000,300.000,325.000,325.000,-1,450.000,425.000,-1,700.000,700.000,-1,-1,2,0,2,0,2,0,0,0,0,2,0,0,2,0,0,2,2
64,7640.122,3533.212,135.718,132.549,-0.676476,-0.735314,0.041157,0.736440,-0.674941,0.045944,-0.006004,0.061389,0.998096,0,-0.00240,-0.18841,-0.144,-0.377,-1,375.000,-1,375.000,-1,300.000,300.000,325.000,325.000,-1,450.000,425.000,-1,700.000,700.000,-1,-1,2,0,2,0,2,0,0,0,0,2,0,0,2,0,0,2,2
65,7637.011,3536.676,135.675,131.932,-0.668529,-0.742540,0.041271,0.743658,-0.666989,0.045811,-0.006490,0.061318,0.998097,0,0.07760,-0.30841,4.656,-0.617,-1,375.000,-1,375.000,-1,300.000,300.000,325.000,325.000,-1,475.000,425.000,-1,700.000,700.000,-1,-1,2,0,2,0,2,0,0,0,0,2,0,0,2,0,0,2,2
66,7630.797,3543.805,135.581,131.075,-0.657357,-0.752436,0.041496,0.753546,-0.655814,0.045568,-0.007074,0.061224,0.998099,0,0.15760,-0.42841,9.456,-0.857,-1,375.000,-1,375.000,-1,300.000,300.000,325.000,325.000,-1,475.000,425.000,-1,700.000,725.000,-1,-1,2,0,2,0,2,0,0,0,0,2,0,0,2,0,0,2,2
67,7621.638,3554.730,135.417,129.978,-0.642842,-0.764858,0.041785,0.765959,-0.641297,0.045222,-0.007792,0.061077,0.998103,0,0.23760,-0.54841,14.256,-1.097,-1,375.000,-1,375.000,-1,300.000,300.000,325.000,325.000,-1,475.000,425.000,-1,700.000,725.000,-1,-1,2,0,2,0,2,0,0,0,0,2,0,0,2,0,0,2,2
68,7609.738,3569.615,135.183,128.641,-0.624832,-0.779619,0.042181,0.780712,-0.623284,0.044790,-0.008628,0.060917,0.998106,0,0.31760,-0.66841,19.056,-1.337,-1,375.000,-1,375.000,-1,300.000,300.000,325.000,325.000,-1,500.000,425.000,-1,700.000,725.000,-1,-1,2,0,2,0,2,0,0,0,0,2,0,0,2,0,0,2,2
69,7595.360,3588.651,134.865,127.065,-0.603153,-0.796483,0.042684,0.797568,-0.601601,0.044288,-0.009596,0.060756,0.998107,0,0.39760,-0.78841,23.856,-1.577,-1,375.000,-1,375.000,-1,300.000,325.000,325.000,325.000,-1,500.000,425.000,-1,700.000,725.000,-1,-1,2,0,2,0,2,0,0,0,0,2,0,0,2,0,0,2,2
70,7578.730,3611.989,134.464,125.473,-0.580803,-0.812892,0.043309,0.813977,-0.579248,0.043744,-0.010473,0.060659,0.998104,0,0.47760,-0.79589,28.656,-1.592,-1,375.000,-1,375.000,-1,300.000,325.000,325.000,325.000,-1,525.000,450.000,-1,700.000,725.000,-1,-1,2,0,2,0,2,0,0,0,0,2,0,0,2,0,0,2,2
71,7560.078,3639.764,134.035,123.883,-0.558036,-0.828642,0.044148,0.829738,-0.556459,0.043466,-0.011451,0.060887,0.998079,0,0.55760,-0.79510,33.456,-1.590,-1,375.000,-1,375.000,-1,300.000,325.000,325.000,325.000,-1,575.000,450.000,-1,700.000,725.000,-1,-1,2,0,2,0,2,0,0,0,0,2,0,0,2,0,0,2,2
72,7539.639,3672.103,133.516,122.294,-0.534859,-0.843735,0.045124,0.844851,-0.533258,0.043163,-0.012356,0.061209,0.998048,0,0.63760,-0.79443,38.256,-1.589,-1,375.000,-1,375.000,-1,300.000,325.000,325.000,325.000,-1,600.000,475.000,-1,700.000,725.000,-1,-1,2,0,2,0,2,0,0,0,0,2,0,0,2,0,0,2,2
73,7517.653,3709.123,132.900,120.706,-0.511285,-0.858167,0.046226,0.859310,-0.509659,0.042827,-0.013193,0.061619,0.998013,0,0.71760,-0.79398,43.056,-1.588,-1,375.000,-1,375.000,-1,300.000,325.000,325.000,325.000,-1,650.000,500.000,-1,700.000,725.000,-1,-1,2,0,2,0,2,0,0,0,0,2,0,0,2,0,0,2,2
74,7494.365,3750.932,132.186,119.118,-0.487324,-0.871932,0.047445,0.873110,-0.485672,0.042460,-0.013980,0.062116,0.997971,0,0.79760,-0.79385,47.856,-1.588,-1,375.000,-1,375.000,-1,300.000,325.000,300.000,325.000,-1,700.000,525.000,-1,700.000,725.000,-1,-1,2,0,2,0,2,0,0,0,0,2,0,0,2,0,0,2,2
75,7471.284,3795.212,131.403,117.530,-0.462982,-0.885027,0.048731,0.886245,-0.461301,0.042098,-0.014778,0.062678,0.997924,0,0.83223,-0.79416,49.934,-1.588,-1,375.000,-1,400.000,-1,300.000,325.000,300.000,325.000,-1,750.000,550.000,-1,700.000,750.000,-1,-1,2,0,2,0,2,0,0,0,0,2,0,0,2,0,0,2,2
76,7449.587,3839.817,130.582,115.940,-0.438265,-0.897452,0.050042,0.898710,-0.436551,0.041766,-0.015637,0.063277,0.997873,0,0.82669,-0.79497,49.601,-1.590,-1,375.000,-1,400.000,-1,300.000,325.000,300.000,325.000,-1,800.000,600.000,-1,700.000,750.000,-1,-1,2,0,2,0,2,0,0,0,0,2,0,0,2,0,0,2,2
77,7429.268,3884.718,129.748,114.347,-0.413172,-0.909207,0.051307,0.910504,-0.411427,0.041364,-0.016499,0.063806,0.997826,0,0.82139,-0.79625,49.283,-1.593,-1,375.000,-1,400.000,-1,300.000,325.000,300.000,325.000,-1,875.000,625.000,-1,700.000,750.000,-1,-1,2,0,2,0,2,0,0,0,0,2,0,0,2,0,0,2,2
78,7410.324,3929.892,128.903,112.751,-0.387704,-0.920287,0.052507,0.921620,-0.385934,0.040874,-0.017352,0.064239,0.997784,0,0.81642,-0.79800,48.985,-1.596,-1,375.000,-1,400.000,-1,325.000,325.000,300.000,325.000,-1,950.000,650.000,-1,700.000,750.000,-1,-1,2,0,2,0,2,0,0,0,0,2,0,0,2,0,0,2,2
79,7392.747,3975.323,128.014,111.151,-0.361871,-0.930680,0.053702,0.932049,-0.360071,0.040424,-0.018285,0.064682,0.997738,0,0.81187,-0.80018,48.712,-1.600,-1,375.000,-1,400.000,-1,325.000,325.000,300.000,325.000,-1,-1,700.000,-1,725.000,750.000,-1,-1,2,0,2,0,2,0,0,0,0,2,2,0,2,0,0,2,2
80,7376.531,4020.999,127.061,109.545,-0.335673,-0.940381,0.054844,0.941782,-0.333845,0.039932,-0.019242,0.065055,0.997696,0,0.80780,-0.80280,48.468,-1.606,-1,375.000,-1,400.000,-1,325.000,325.000,300.000,325.000,-1,-1,750.000,-1,725.000,750.000,-1,-1,2,0,2,0,2,0,0,0,0,2,2,0,2,0,0,2,2
81,7361.672,4066.912,126.017,107.934,-0.309114,-0.949385,0.055822,0.950809,-0.307261,0.039411,-0.020264,0.065259,0.997663,0,0.80427,-0.80582,48.256,-1.612,-1,375.000,-1,400.000,-1,325.000,325.000,300.000,325.000,-1,-1,775.000,-1,725.000,750.000,-1,-1,2,0,2,0,2,0,0,0,0,2,2,0,2,0,0,2,2
82,7348.165,4113.056,124.903,106.315,-0.282206,-0.957677,0.056700,0.959115,-0.280322,0.038973,-0.021430,0.065381,0.997630,0,0.80133,-0.80922,48.080,-1.618,-1,375.000,-1,400.000,-1,325.000,325.000,300.000,325.000,-1,-1,825.000,-1,725.000,750.000,-1,-1,2,0,2,0,2,0,0,0,0,2,2,0,2,0,0,2,2
83,7336.009,4159.429,123.731,104.689,-0.254952,-0.965239,0.057559,0.966688,-0.253033,0.038592,-0.022686,0.065480,0.997596,0,0.79899,-0.81300,47.939,-1.626,-1,375.000,-1,400.000,-1,325.000,325.000,300.000,325.000,-1,-1,900.000,-1,725.000,750.000,-1,-1,2,0,2,0,2,0,0,0,0,2,2,0,2,0,0,2,2
84,7325.203,4206.030,122.498,103.055,-0.227360,-0.972058,0.058401,0.973514,-0.225402,0.038263,-0.024030,0.065554,0.997560,0,0.79728,-0.81712,47.837,-1.634,-1,375.000,-1,400.000,-1,325.000,325.000,300.000,325.000,-1,-1,975.000,-1,750.000,775.000,-1,-1,2,0,2,0,2,0,0,0,0,2,2,0,2,0,0,2,2
85,7315.751,4252.859,121.200,101.412,-0.199437,-0.978119,0.059232,0.979580,-0.197435,0.037985,-0.025460,0.065598,0.997521,0,0.79621,-0.82157,47.773,-1.643,-1,375.000,-1,400.000,-1,325.000,325.000,300.000,325.000,-1,-1,-1,-1,750.000,775.000,-1,-1,2,0,2,0,2,0,0,0,0,2,2,2,2,0,0,2,2
86,7307.657,4299.916,119.835,99.759,-0.171194,-0.983405,0.060055,0.984868,-0.169143,0.037754,-0.026970,0.065610,0.997481,0,0.79578,-0.82634,47.747,-1.653,-1,375.000,-1,400.000,-1,325.000,325.000,300.000,300.000,-1,-1,-1,-1,750.000,775.000,-1,-1,2,0,2,0,2,0,0,0,0,2,2,2,2,0,0,2,2
87,7300.931,4347.200,118.398,98.096,-0.142640,-0.987901,0.060874,0.989363,-0.140536,0.037567,-0.028557,0.065585,0.997438,0,0.79599,-0.83141,47.759,-1.663,-1,375.000,-1,400.000,-1,325.000,325.000,300.000,300.000,-1,-1,-1,-1,750.000,775.000,-1,-1,2,0,2,0,2,0,0,0,0,2,2,2,2,0,0,2,2
88,7295.583,4394.709,116.885,96.423,-0.113786,-0.991588,0.061691,0.993046,-0.111626,0.037419,-0.030218,0.065520,0.997394,0,0.79681,-0.83676,47.808,-1.674,-1,400.000,-1,400.000,-1,325.000,325.000,300.000,300.000,-1,-1,-1,-1,775.000,750.000,-1,-1,2,0,2,0,2,0,0,0,0,2,2,2,2,0,0,2,2
89,7291.628,4442.440,115.293,94.738,-0.084647,-0.994448,0.062509,0.995899,-0.082425,0.037307,-0.031948,0.065411,0.997347,0,0.79822,-0.84238,47.893,-1.685,-1,400.000,-1,400.000,-1,325.000,325.000,300.000,300.000,-1,-1,-1,-1,775.000,750.000,-1,-1,2,0,2,0,2,0,0,0,0,2,2,2,2,0,0,2,2
90,7289.080,4490.386,113.617,93.042,-0.055235,-0.996463,0.063330,0.997903,-0.052949,0.037227,-0.033742,0.065253,0.997298,0,0.80022,-0.84825,48.013,-1.696,-1,400.000,-1,400.000,-1,325.000,325.000,300.000,300.000,-1,-1,-1,-1,775.000,750.000,-1,-1,2,0,2,0,2,0,0,0,0,2,2,2,2,0,0,2,2
91,7287.960,4538.540,111.852,91.333,-0.025566,-0.997612,0.064159,0.999039,-0.023213,0.037169,-0.035591,0.065048,0.997247,0,0.80277,-0.85436,48.166,-1.709,-1,400.000,-1,400.000,-1,325.000,325.000,300.000,300.000,-1,-1,-1,-1,775.000,750.000,-1,-1,2,0,2,0,2,0,0,0,0,2,2,2,2,0,0,2,2
92,7288.063,4581.907,110.194,89.864,-0.000050,-0.997890,0.064920,0.999308,0.002365,0.037123,-0.037198,0.064877,0.997200,0,0.72277,-0.73436,43.366,-1.469,-1,400.000,-1,400.000,-1,325.000,325.000,300.000,300.000,-1,-1,-1,-1,800.000,750.000,-1,-1,2,0,2,0,2,0,0,0,0,2,2,2,2,0,0,2,2
93,7288.983,4620.462,108.646,88.635,0.021308,-0.997660,0.064972,0.999023,0.023764,0.037263,-0.038720,0.064114,0.997191,0,0.64277,-0.61436,38.566,-1.229,-1,400.000,-1,400.000,-1,325.000,325.000,300.000,300.000,-1,-1,-1,-1,800.000,750.000,-1,-1,2,0,2,0,2,0,0,0,0,2,2,2,2,0,0,2,2
94,7290.602,4658.770,107.068,87.581,0.039633,-0.997107,0.064858,0.998411,0.042119,0.037433,-0.040057,0.063271,0.997192,0,0.63902,-0.52715,38.341,-1.054,-1,400.000,-1,400.000,-1,325.000,325.000,300.000,300.000,-1,-1,-1,-1,800.000,750.000,-1,-1,2,0,2,0,2,0,0,0,0,2,2,2,2,0,0,2,2
95,7292.945,4697.244,105.443,86.516,0.058133,-0.996207,0.064755,0.997451,0.060650,0.037602,-0.041387,0.062404,0.997193,0,0.64242,-0.53253,38.545,-1.065,-1,400.000,-1,400.000,-1,325.000,325.000,300.000,300.000,-1,-1,-1,-1,800.000,750.000,-1,-1,2,0,2,0,2,0,0,0,0,2,2,2,2,0,0,2,2
96,7296.052,4736.211,103.758,85.443,0.076756,-0.994951,0.064658,0.996135,0.079301,0.037765,-0.042702,0.061510,0.997193,0,0.65149,-0.53657,39.090,-1.073,-1,400.000,-1,400.000,-1,325.000,325.000,300.000,300.000,-1,-1,-1,-1,800.000,750.000,-1,-1,2,0,2,0,2,0,0,0,0,2,2,2,2,0,0,2,2
97,7299.900,4775.191,102.033,84.362,0.095488,-0.993334,0.064569,0.994458,0.098060,0.037916,-0.043995,0.060591,0.997193,0,0.65281,-0.54041,39.169,-1.081,-1,400.000,-1,400.000,-1,325.000,325.000,300.000,300.000,-1,-1,-1,-1,800.000,750.000,-1,-1,2,0,2,0,2,0,0,0,0,2,2,2,2,0,0,2,2
98,7304.500,4814.185,100.267,83.273,0.114327,-0.991348,0.064487,0.992412,0.116925,0.038050,-0.045261,0.059647,0.997193,0,0.65441,-0.54442,39.265,-1.089,-1,400.000,-1,400.000,-1,325.000,325.000,300.000,300.000,-1,-1,-1,-1,800.000,750.000,-1,-1,2,0,2,0,2,0,0,0,0,2,2,2,2,0,0,2,2
99,7309.862,4853.196,98.460,82.176,0.133274,-0.988984,0.064409,0.989988,0.135895,0.038164,-0.046496,0.058678,0.997194,0,0.65628,-0.54860,39.377,-1.097,-1,400.000,-1,375.000,-1,325.000,325.000,300.000,300.000,-1,-1,-1,-1,800.000,750.000,-1,-1,2,0,2,0,2,0,0,0,0,2,2,2,2,0,0,2,2
100,7315.995,4892.223,96.613,81.070,0.152325,-0.986234,0.064333,0.987179,0.154966,0.038252,-0.047695,0.057682,0.997195,0,0.65842,-0.55295,39.505,-1.106,-1,400.000,-1,375.000,-1,325.000,325.000,300.000,300.000,-1,-1,-1,-1,800.000,725.000,-1,-1,2,0,2,0,2,0,0,0,0,2,2,2,2,0,0,2,2
101,7322.911,4931.265,94.724,79.955,0.171479,-0.983090,0.064258,0.983976,0.174137,0.038311,-0.048852,0.056659,0.997198,0,0.66084,-0.55747,39.650,-1.115,-1,400.000,-1,375.000,-1,325.000,325.000,300.000,300.000,-1,-1,-1,-1,800.000,725.000,-1,-1,2,0,2,0,2,0,0,0,0,2,2,2,2,0,0,2,2
102,7330.624,4970.323,92.793,78.831,0.190732,-0.979542,0.064180,0.980370,0.193405,0.038336,-0.049964,0.055609,0.997202,0,0.66352,-0.56214,39.811,-1.124,-1,400.000,-1,375.000,-1,325.000,325.000,300.000,325.000,-1,-1,-1,-1,800.000,725.000,-1,-1,2,0,2,0,2,0,0,0,0,2,2,2,2,0,0,2,2
103,7339.112,5009.265,90.826,77.704,0.209959,-0.975607,0.064098,0.976378,0.212643,0.038324,-0.051019,0.054537,0.997208,0,0.66427,-0.56340,39.856,-1.127,-1,400.000,-1,375.000,-1,325.000,325.000,300.000,325.000,-1,-1,-1,-1,800.000,725.000,-1,-1,2,0,2,0,2,0,0,0,0,2,2,2,2,0,0,2,2
104,7348.365,5048.032,88.827,76.577,0.229110,-0.971294,0.064006,0.972010,0.231801,0.038270,-0.052008,0.053447,0.997215,0,0.66427,-0.56340,39.856,-1.127,-1,400.000,-1,375.000,-1,325.000,325.000,300.000,325.000,-1,-1,-1,-1,825.000,725.000,-1,-1,2,0,2,0,2,0,0,0,0,2,2,2,2,0,0,2,2
105,7358.379,5086.610,86.797,75.451,0.248177,-0.966605,0.063903,0.967268,0.250871,0.038172,-0.052929,0.052338,0.997226,0,0.66427,-0.56340,39.856,-1.127,-1,400.000,-1,375.000,-1,325.000,325.000,300.000,300.000,-1,-1,-1,-1,825.000,725.000,-1,-1,2,0,2,0,2,0,0,0,0,2,2,2,2,0,0,2,2
106,7369.148,5124.984,84.736,74.324,0.267155,-0.961540,0.063784,0.962152,0.269847,0.038028,-0.053777,0.051210,0.997239,0,0.66427,-0.56340,39.856,-1.127,-1,400.000,-1,375.000,-1,325.000,325.000,300.000,300.000,-1,-1,-1,-1,825.000,725.000,-1,-1,2,0,2,0,2,0,0,0,0,2,2,2,2,0,0,2,2
107,7380.671,5163.138,82.614,73.197,0.286047,-0.956110,0.063492,0.956667,0.288722,0.037773,-0.054447,0.049936,0.997267,0,0.66427,-0.56340,39.856,-1.127,-1,400.000,-1,375.000,-1,325.000,325.000,300.000,300.000,-1,-1,-1,-1,825.000,725.000,-1,-1,2,0,2,0,2,0,0,0,0,2,2,2,2,0,0,2,2
108,7392.942,5201.059,80.347,72.070,0.304859,-0.950330,0.062726,0.950805,0.307495,0.037625,-0.055044,0.048170,0.997321,0,0.66427,-0.56340,39.856,-1.127,-1,400.000,-1,375.000,-1,325.000,325.000,300.000,300.000,-1,-1,-1,-1,825.000,725.000,-1,-1,2,0,2,0,2,0,0,0,0,2,2,2,2,0,0,2,2
109,7405.956,5238.731,77.985,70.943,0.323558,-0.944191,0.061762,0.944561,0.326156,0.037774,-0.055810,0.046116,0.997376,0,0.66427,-0.56340,39.856,-1.127,-1,400.000,-1,375.000,-1,325.000,325.000,300.000,300.000,-1,-1,-1,-1,825.000,725.000,-1,-1,2,0,2,0,2,0,0,0,0,2,2,2,2,0,0,2,2
110,7419.709,5276.139,75.609,69.817,0.342135,-0.937680,0.060828,0.937951,0.344692,0.037887,-0.056492,0.044091,0.997429,0,0.66427,-0.56340,39.856,-1.127,-1,400.000,-1,375.000,-1,325.000,325.000,300.000,300.000,-1,-1,-1,-1,825.000,725.000,-1,-1,2,0,2,0,2,0,0,0,0,2,2,2,2,0,0,2,2
111,7434.194,5313.270,73.228,68.690,0.360583,-0.930801,0.059902,0.930976,0.363097,0.037996,-0.057117,0.042067,0.997481,0,0.66427,-0.56340,39.856,-1.127,-1,400.000,-1,375.000,-1,325.000,325.000,300.000,300.000,-1,-1,-1,-1,825.000,700.000,-1,-1,2,0,2,0,2,0,0,0,0,2,2,2,2,0,0,2,2
112,7449.407,5350.109,70.881,67.563,0.378896,-0.923563,0.058905,0.923633,0.381364,0.038248,-0.057789,0.039914,0.997531,0,0.66427,-0.56340,39.856,-1.127,-1,400.000,-1,375.000,-1,325.000,325.000,300.000,325.000,-1,-1,-1,-1,800.000,700.000,-1,-1,2,0,2,0,2,0,0,0,0,2,2,2,2,0,0,2,2
113,7465.341,5386.641,68.503,66.436,0.397055,-0.915957,0.058051,0.915931,0.399484,0.038507,-0.058462,0.037881,0.997571,0,0.66427,-0.56340,39.856,-1.127,-1,400.000,-1,375.000,-1,325.000,325.000,300.000,325.000,-1,-1,-1,-1,800.000,700.000,-1,-1,2,0,2,0,2,0,0,0,0,2,2,2,2,0,0,2,2
114,7481.990,5422.853,66.083,65.309,0.415048,-0.907986,0.057406,0.907873,0.417448,0.038781,-0.059177,0.036022,0.997597,0,0.66427,-0.56340,39.856,-1.127,-1,400.000,-1,375.000,-1,325.000,325.000,300.000,325.000,-1,-1,-1,-1,800.000,700.000,-1,-1,2,0,2,0,2,0,0,0,0,2,2,2,2,0,0,2,2
115,7499.348,5458.731,63.666,64.183,0.432884,-0.899660,0.056774,0.899463,0.435251,0.039014,-0.059810,0.034178,0.997625,0,0.66427,-0.56340,39.856,-1.127,-1,400.000,-1,375.000,-1,325.000,325.000,300.000,325.000,-1,-1,-1,-1,800.000,700.000,-1,-1,2,0,2,0,2,0,0,0,0,2,2,2,2,0,0,2,2
116,7517.409,5494.260,61.254,63.056,0.450555,-0.890981,0.056152,0.890706,0.452887,0.039204,-0.060361,0.032351,0.997652,0,0.66427,-0.56340,39.856,-1.127,-1,400.000,-1,375.000,-1,325.000,325.000,300.000,325.000,-1,-1,-1,-1,800.000,700.000,-1,-1,2,0,2,0,2,0,0,0,0,2,2,2,2,0,0,2,2
117,7536.164,5529.428,58.849,61.929,0.468054,-0.881953,0.055538,0.881604,0.470347,0.039354,-0.060831,0.030543,0.997681,0,0.66427,-0.56340,39.856,-1.127,-1,400.000,-1,375.000,-1,325.000,300.000,325.000,325.000,-1,-1,-1,-1,800.000,700.000,-1,-1,2,0,2,0,2,0,0,0,0,2,2,2,2,0,0,2,2
118,7555.608,5564.220,56.453,60.802,0.485374,-0.872579,0.054932,0.872160,0.487626,0.039463,-0.061221,0.028755,0.997710,0,0.66427,-0.56340,39.856,-1.127,-1,400.000,-1,375.000,-1,325.000,300.000,325.000,325.000,-1,-1,-1,-1,775.000,700.000,-1,-1,2,0,2,0,2,0,0,0,0,2,2,2,2,0,0,2,2
119,7575.731,5598.622,54.069,59.675,0.502508,-0.862864,0.054330,0.862380,0.504716,0.039531,-0.061531,0.026988,0.997740,0,0.66427,-0.56340,39.856,-1.127,-1,400.000,-1,375.000,-1,325.000,300.000,325.000,325.000,-1,-1,-1,-1,775.000,700.000,-1,-1,2,0,2,0,2,0,0,0,0,2,2,2,2,0,0,2,2
120,7596.528,5632.623,51.698,58.549,0.519449,-0.852810,0.053732,0.852266,0.521610,0.039560,-0.061764,0.025244,0.997771,0,0.66427,-0.56340,39.856,-1.127,-1,400.000,-1,375.000,-1,325.000,300.000,325.000,325.000,-1,-1,-1,-1,775.000,700.000,-1,-1,2,0,2,0,2,0,0,0,0,2,2,2,2,0,0,2,2
121,7617.989,5666.207,49.370,57.422,0.536189,-0.842421,0.053182,0.841830,0.538301,0.039413,-0.061830,0.023638,0.997807,0,0.66427,-0.56340,39.856,-1.127,-1,400.000,-1,375.000,-1,325.000,300.000,325.000,325.000,-1,-1,-1,-1,775.000,700.000,-1,-1,2,0,2,0,2,0,0,0,0,2,2,2,2,0,0,2,2
122,7642.614,5703.460,46.757,56.535,0.549247,-0.834017,0.052379,0.833393,0.551294,0.039143,-0.061522,0.022153,0.997860,0,0.74427,-0.44340,44.656,-0.887,-1,400.000,-1,375.000,-1,300.000,300.000,325.000,325.000,-1,-1,-1,-1,775.000,700.000,-1,-1,2,0,2,0,2,0,0,0,0,2,2,2,2,0,0,2,2
123,7669.577,5743.266,43.868,55.888,0.558752,-0.827771,0.050914,0.827115,0.560694,0.038778,-0.060647,0.020444,0.997950,0,0.80131,-0.32340,48.078,-0.647,-1,400.000,-1,375.000,-1,325.000,300.000,325.000,325.000,-1,-1,-1,-1,775.000,700.000,-1,-1,2,0,2,0,2,0,0,0,0,2,2,2,2,0,0,2,2
124,7696.821,5782.880,41.033,55.481,0.564730,-0.823792,0.049460,0.823117,0.566573,0.038400,-0.059656,0.019025,0.998038,0,0.80131,-0.20340,48.078,-0.407,-1,400.000,-1,375.000,-1,325.000,300.000,325.000,325.000,-1,-1,-1,-1,775.000,700.000,-1,-1,2,0,2,0,2,0,0,0,0,2,2,2,2,0,0,2,2
125,7724.181,5822.414,38.213,55.314,0.567235,-0.822159,0.047942,0.821461,0.568982,0.038225,-0.058705,0.017700,0.998118,0,0.80131,-0.08340,48.078,-0.167,-1,400.000,-1,375.000,-1,325.000,300.000,325.000,325.000,-1,875.000,-1,-1,775.000,700.000,-1,-1,2,0,2,0,2,0,0,0,0,2,0,2,2,0,0,2,2
126,7751.491,5861.983,35.353,55.388,0.566290,-0.822906,0.046264,0.822163,0.567946,0.038548,-0.057997,0.016207,0.998185,0,0.80131,0.03660,48.078,0.073,-1,400.000,-1,375.000,-1,325.000,300.000,325.000,325.000,-1,850.000,-1,-1,775.000,700.000,-1,-1,2,0,2,0,2,0,0,0,0,2,0,2,2,0,0,2,2
127,7778.584,5901.701,32.552,55.701,0.561884,-0.826015,0.044557,0.825234,0.563451,0.038882,-0.057223,0.014923,0.998250,0,0.80131,0.15660,48.078,0.313,-1,400.000,-1,375.000,-1,325.000,300.000,325.000,325.000,-1,850.000,-1,-1,775.000,700.000,-1,-1,2,0,2,0,2,0,0,0,0,2,0,2,2,0,0,2,2
128,7805.292,5941.679,29.815,56.254,0.553979,-0.831430,0.042804,0.830619,0.555458,0.039224,-0.056388,0.013824,0.998313,0,0.80131,0.27660,48.078,0.553,-1,400.000,-1,375.000,-1,325.000,300.000,325.000,325.000,-1,850.000,-1,-1,775.000,700.000,-1,-1,2,0,2,0,2,0,0,0,0,2,0,2,2,0,0,2,2
129,7831.562,5981.945,27.122,56.879,0.544971,-0.837449,0.041063,0.836614,0.546365,0.039528,-0.055538,0.012812,0.998374,0,0.80131,0.31241,48.078,0.625,-1,400.000,-1,375.000,-1,325.000,325.000,325.000,325.000,-1,850.000,-1,-1,775.000,700.000,-1,-1,2,0,2,0,2,0,0,0,0,2,0,2,2,0,0,2,2
130,7857.392,6022.496,24.404,57.504,0.535891,-0.843365,0.039446,0.842526,0.537206,0.039498,-0.054501,0.012068,0.998441,0,0.80131,0.31241,48.078,0.625,-1,400.000,-1,375.000,-1,325.000,325.000,325.000,325.000,-1,825.000,-1,-1,775.000,700.000,-1,-1,2,0,2,0,2,0,0,0,0,2,0,2,2,0,0,2,2
131,7882.778,6063.326,21.750,58.129,0.526747,-0.849181,0.037810,0.848337,0.527982,0.039497,-0.053503,0.011270,0.998504,0,0.80131,0.31241,48.078,0.625,-1,400.000,-1,375.000,-1,325.000,325.000,325.000,325.000,-1,825.000,-1,-1,775.000,725.000,-1,-1,2,0,2,0,2,0,0,0,0,2,0,2,2,0,0,2,2
132,7907.717,6104.430,19.042,58.753,0.517506,-0.854892,0.036701,0.854044,0.518692,0.039597,-0.052887,0.010852,0.998542,0,0.80131,0.31241,48.078,0.625,-1,400.000,-1,375.000,-1,325.000,325.000,325.000,325.000,-1,825.000,-1,-1,750.000,725.000,-1,-1,2,0,2,0,2,0,0,0,0,2,0,2,2,0,0,2,2
133,7932.207,6145.804,16.295,59.378,0.508176,-0.860499,0.036041,0.859645,0.509339,0.039802,-0.052607,0.010756,0.998557,0,0.80131,0.31241,48.078,0.625,-1,400.000,-1,375.000,-1,325.000,325.000,325.000,325.000,-1,875.000,-1,-1,750.000,700.000,-1,-1,2,0,2,0,2,0,0,0,0,2,0,2,2,0,0,2,2
134,7956.244,6187.442,13.638,60.003,0.498781,-0.866002,0.035452,0.865141,0.499926,0.040073,-0.052427,0.010683,0.998568,0,0.80131,0.31241,48.078,0.625,-1,400.000,-1,375.000,-1,325.000,325.000,325.000,325.000,-1,925.000,-1,-1,750.000,700.000,-1,-1,2,0,2,0,2,0,0,0,0,2,0,2,2,0,0,2,2
135,7979.825,6229.340,11.056,60.628,0.489327,-0.871404,0.034860,0.870531,0.490453,0.040400,-0.052302,0.010578,0.998575,0,0.80131,0.31241,48.078,0.625,-1,400.000,-1,375.000,-1,325.000,325.000,325.000,325.000,-1,975.000,-1,-1,750.000,700.000,-1,-1,2,0,2,0,2,0,0,0,0,2,0,2,2,0,0,2,2
136,8002.949,6271.493,8.540,61.253,0.479815,-0.876702,0.034229,0.875815,0.480922,0.040777,-0.052210,0.010413,0.998582,0,0.80131,0.31241,48.078,0.625,-1,400.000,-1,375.000,-1,325.000,325.000,325.000,325.000,-1,-1,-1,-1,750.000,700.000,-1,-1,2,0,2,0,2,0,0,0,0,2,2,2,2,0,0,2,2
137,8025.611,6313.895,6.091,61.878,0.470248,-0.881896,0.033557,0.880992,0.471334,0.041202,-0.052152,0.010188,0.998587,0,0.80131,0.31241,48.078,0.625,-1,400.000,-1,375.000,-1,325.000,325.000,325.000,300.000,-1,-1,-1,-1,750.000,700.000,-1,-1,2,0,2,0,2,0,0,0,0,2,2,2,2,0,0,2,2
138,8047.809,6356.542,3.706,62.502,0.460627,-0.886986,0.032843,0.886062,0.461690,0.041674,-0.052128,0.009905,0.998591,0,0.80131,0.31241,48.078,0.625,-1,400.000,-1,375.000,-1,325.000,300.000,325.000,300.000,-1,-1,-1,-1,725.000,675.000,-1,-1,2,0,2,0,2,0,0,0,0,2,2,2,2,0,0,2,2
