timestep,x_cm,y_cm,z_cm,yaw_deg,basis_xx,basis_xy,basis_xz,basis_yx,basis_yy,basis_yz,basis_zx,basis_zy,basis_zz,teleport_flag,throttle_cmd,steering_cmd,cmd_move_cm,cmd_turn_deg,lidar_cm_0,lidar_cm_1,lidar_cm_2,lidar_cm_3,lidar_cm_4,lidar_cm_5,lidar_cm_6,lidar_cm_7,lidar_cm_8,lidar_cm_9,lidar_cm_10,lidar_cm_11,lidar_cm_12,lidar_cm_13,lidar_cm_14,lidar_cm_15,lidar_cm_16,lidar_class_0,lidar_class_1,lidar_class_2,lidar_class_3,lidar_class_4,lidar_class_5,lidar_class_6,lidar_class_7,lidar_class_8,lidar_class_9,lidar_class_10,lidar_class_11,lidar_class_12,lidar_class_13,lidar_class_14,lidar_class_15,lidar_class_16
0,-1643.527,9514.079,-190.399,140.341,-0.769706,-0.638122,-0.018769,0.638315,-0.769749,-0.006463,-0.010323,-0.016955,0.999803,1,0.08000,-0.12000,4.800,-0.240,-1,400.000,-1,375.000,-1,325.000,325.000,300.000,300.000,-1,-1,-1,-1,725.000,700.000,-1,-1,2,0,2,0,2,0,0,0,0,2,2,2,2,0,0,2,2
1,-1650.866,9520.267,-190.459,139.861,-0.764338,-0.644548,-0.018576,0.644738,-0.764375,-0.006578,-0.009959,-0.017005,0.999806,0,0.16000,-0.24000,9.600,-0.480,-1,400.000,-1,375.000,-1,325.000,325.000,300.000,300.000,-1,-1,-1,-1,725.000,700.000,-1,-1,2,0,2,0,2,0,0,0,0,2,2,2,2,0,0,2,2
2,-1661.758,9529.688,-190.548,139.141,-0.756186,-0.654101,-0.018290,0.654289,-0.756214,-0.006766,-0.009405,-0.017084,0.999810,0,0.24000,-0.36000,14.400,-0.720,-1,400.000,-1,375.000,-1,325.000,325.000,300.000,300.000,-1,-1,-1,-1,725.000,700.000,-1,-1,2,0,2,0,2,0,0,0,0,2,2,2,2,0,0,2,2
3,-1676.094,9542.460,-190.663,138.302,-0.746539,-0.665099,-0.017970,0.665285,-0.746556,-0.007053,-0.008724,-0.017221,0.999814,0,0.32000,-0.41938,19.200,-0.839,-1,400.000,-1,375.000,-1,325.000,325.000,300.000,300.000,-1,-1,-1,-1,725.000,700.000,-1,-1,2,0,2,0,2,0,0,0,0,2,2,2,2,0,0,2,2
4,-1693.778,9558.685,-190.755,137.464,-0.736729,-0.675952,-0.017883,0.676140,-0.736735,-0.007488,-0.008113,-0.017608,0.999812,0,0.40000,-0.41938,24.000,-0.839,-1,400.000,-1,375.000,-1,325.000,325.000,300.000,300.000,-1,-1,-1,-1,725.000,700.000,-1,-1,2,0,2,0,2,0,0,0,0,2,2,2,2,0,0,2,2
5,-1714.712,9578.464,-190.847,136.625,-0.726760,-0.686659,-0.017840,0.686850,-0.726756,-0.007944,-0.007511,-0.018026,0.999809,0,0.48000,-0.41938,28.800,-0.839,-1,400.000,-1,375.000,-1,325.000,325.000,300.000,300.000,-1,-1,-1,-1,725.000,700.000,-1,-1,2,0,2,0,2,0,0,0,0,2,2,2,2,0,0,2,2
6,-1738.795,9601.894,-190.956,135.786,-0.716637,-0.697218,-0.017856,0.697413,-0.716619,-0.008520,-0.006856,-0.018559,0.999804,0,0.56000,-0.41938,33.600,-0.839,-1,400.000,-1,375.000,-1,325.000,325.000,300.000,300.000,-1,-1,-1,-1,725.000,700.000,-1,-1,2,0,2,0,2,0,0,0,0,2,2,2,2,0,0,2,2
7,-1765.923,9629.072,-191.087,134.947,-0.706361,-0.707624,-0.017942,0.707825,-0.706327,-0.009228,-0.006143,-0.019218,0.999796,0,0.64000,-0.41938,38.400,-0.839,-1,400.000,-1,375.000,-1,325.000,325.000,300.000,300.000,-1,-1,-1,-1,725.000,700.000,-1,-1,2,0,2,0,2,0,0,0,0,2,2,2,2,0,0,2,2
8,-1795.991,9660.090,-191.240,134.109,-0.695944,-0.717868,-0.018109,0.718076,-0.695892,-0.010077,-0.005368,-0.020016,0.999785,0,0.72000,-0.41900,43.200,-0.838,-1,400.000,-1,375.000,-1,325.000,325.000,300.000,300.000,-1,-1,-1,-1,725.000,700.000,-1,-1,2,0,2,0,2,0,0,0,0,2,2,2,2,0,0,2,2
9,-1828.898,9695.036,-191.422,133.278,-0.685466,-0.727873,-0.018370,0.728091,-0.685391,-0.011076,-0.004529,-0.020967,0.999770,0,0.80000,-0.41560,48.000,-0.831,-1,400.000,-1,375.000,-1,325.000,325.000,300.000,300.000,-1,-1,-1,-1,725.000,700.000,-1,-1,2,0,2,0,2,0,0,0,0,2,2,2,2,0,0,2,2
10,-1863.725,9733.101,-191.630,132.456,-0.674958,-0.737619,-0.018727,0.737848,-0.674857,-0.012207,-0.003634,-0.022057,0.999750,0,0.85990,-0.41122,51.594,-0.822,-1,375.000,-1,375.000,-1,325.000,325.000,300.000,300.000,-1,-1,-1,-1,700.000,700.000,-1,-1,2,0,2,0,2,0,0,0,0,2,2,2,2,0,0,2,2
11,-1898.582,9772.301,-191.703,131.644,-0.664462,-0.747088,-0.018706,0.747319,-0.664325,-0.013661,-0.002221,-0.023056,0.999732,0,0.87427,-0.40585,52.456,-0.812,-1,375.000,-1,375.000,-1,325.000,325.000,300.000,300.000,-1,-1,-1,-1,700.000,700.000,-1,-1,2,0,2,0,2,0,0,0,0,2,2,2,2,0,0,2,2
12,-1933.466,9812.684,-191.570,130.821,-0.653694,-0.756531,-0.018573,0.756759,-0.653499,-0.015943,-0.000076,-0.024477,0.999700,0,0.88940,-0.41166,53.364,-0.823,-1,400.000,-1,375.000,-1,325.000,325.000,300.000,300.000,-1,875.000,-1,-1,700.000,700.000,-1,-1,2,0,2,0,2,0,0,0,0,2,0,2,2,0,0,2,2
13,-1968.347,9854.247,-191.442,130.004,-0.642889,-0.765735,-0.018552,0.765957,-0.642630,-0.018373,0.002147,-0.026022,0.999659,0,0.90434,-0.40815,54.260,-0.816,-1,375.000,-1,375.000,-1,325.000,325.000,300.000,300.000,-1,725.000,925.000,-1,700.000,700.000,1000.000,-1,2,0,2,0,2,0,0,0,0,2,0,0,2,0,0,1,2
14,-2003.208,9896.995,-191.320,129.197,-0.632072,-0.774685,-0.018649,0.774897,-0.631740,-0.020951,0.004449,-0.027694,0.999607,0,0.91933,-0.40395,55.160,-0.808,-1,375.000,-1,375.000,-1,325.000,325.000,300.000,300.000,-1,625.000,775.000,-1,700.000,700.000,950.000,-1,2,0,2,0,2,0,0,0,0,2,0,0,2,0,1,1,2
15,-2038.029,9940.930,-191.106,128.399,-0.621263,-0.783377,-0.018774,0.783575,-0.620865,-0.023192,0.006512,-0.029119,0.999555,0,0.93435,-0.39901,56.061,-0.798,950.000,375.000,-1,375.000,-1,325.000,325.000,300.000,300.000,-1,575.000,725.000,-1,700.000,700.000,900.000,-1,1,0,2,0,2,0,0,0,0,2,0,0,2,0,1,1,2
16,-2072.793,9986.053,-190.598,127.612,-0.610473,-0.791816,-0.018709,0.792000,-0.610044,-0.024129,0.007692,-0.029548,0.999534,0,0.94935,-0.39329,56.961,-0.787,875.000,375.000,-1,375.000,-1,325.000,325.000,300.000,300.000,-1,600.000,725.000,-1,700.000,675.000,850.000,1000.000,1,0,2,0,2,0,0,0,0,2,0,0,2,0,1,1,1
17,-2107.483,10032.358,-190.084,126.838,-0.599752,-0.799968,-0.018693,0.800137,-0.599291,-0.025138,0.008908,-0.030034,0.999509,0,0.96429,-0.38675,57.857,-0.773,800.000,375.000,1000.000,375.000,-1,300.000,325.000,300.000,300.000,-1,625.000,750.000,-1,700.000,650.000,800.000,950.000,1,0,1,0,2,0,0,0,0,2,0,0,2,0,1,1,1
18,-2142.079,10079.837,-189.470,126.080,-0.589135,-0.807829,-0.018226,0.807967,-0.588643,-0.026244,0.010472,-0.030187,0.999489,0,0.97911,-0.37934,58.746,-0.759,725.000,375.000,950.000,375.000,-1,300.000,325.000,300.000,300.000,-1,625.000,750.000,-1,700.000,625.000,750.000,925.000,1,0,1,0,2,0,0,0,0,2,0,0,2,1,1,1,1
19,-2176.565,10128.476,-188.634,125.338,-0.578656,-0.815401,-0.016673,0.815471,-0.578144,-0.027501,0.012785,-0.029510,0.999483,0,0.99374,-0.37101,59.624,-0.742,675.000,375.000,900.000,375.000,-1,300.000,325.000,300.000,300.000,-1,625.000,725.000,-1,675.000,600.000,700.000,875.000,1,0,1,0,2,0,0,0,0,2,0,0,2,1,1,1,1
20,-2210.648,10177.856,-187.792,124.614,-0.568344,-0.822651,-0.015143,0.822651,-0.567813,-0.028864,0.015147,-0.028862,0.999469,0,1.00000,-0.36173,60.000,-0.723,625.000,375.000,825.000,375.000,-1,325.000,325.000,300.000,300.000,-1,625.000,700.000,-1,650.000,575.000,675.000,825.000,1,0,1,1,2,0,0,0,0,2,0,0,2,1,1,1,1
21,-2244.122,10227.650,-186.950,123.911,-0.558235,-0.829570,-0.013648,0.829497,-0.557687,-0.030322,0.017543,-0.028247,0.999447,0,1.00000,-0.35148,60.000,-0.703,575.000,375.000,775.000,375.000,-1,325.000,325.000,300.000,300.000,-1,625.000,700.000,-1,625.000,550.000,625.000,775.000,1,0,1,1,2,0,0,0,0,2,0,0,2,1,1,1,1
22,-2277.003,10277.839,-185.958,123.231,-0.548349,-0.836164,-0.011944,0.836022,-0.547812,-0.031132,0.019488,-0.027057,0.999444,0,1.00000,-0.34031,60.000,-0.681,550.000,375.000,725.000,350.000,-1,325.000,325.000,300.000,300.000,-1,625.000,700.000,-1,600.000,525.000,575.000,725.000,1,0,1,1,2,0,1,0,0,2,0,0,2,1,1,1,1
23,-2309.306,10328.401,-184.813,122.574,-0.538740,-0.842403,-0.010802,0.842210,-0.538209,-0.031834,0.021003,-0.026248,0.999435,0,1.00000,-0.32817,60.000,-0.656,500.000,375.000,675.000,350.000,-1,325.000,300.000,300.000,300.000,-1,650.000,725.000,-1,550.000,475.000,550.000,650.000,1,0,1,1,2,0,1,0,0,2,0,0,2,1,1,1,1
24,-2341.052,10379.315,-183.494,121.944,-0.529458,-0.848273,-0.010350,0.848043,-0.528914,-0.032752,0.022308,-0.026118,0.999410,0,1.00000,-0.31505,60.000,-0.630,450.000,375.000,600.000,325.000,-1,300.000,275.000,300.000,300.000,-1,675.000,725.000,-1,500.000,450.000,500.000,600.000,1,1,1,1,2,1,1,0,0,2,0,0,2,1,1,1,1
25,-2372.261,10430.559,-181.998,121.342,-0.520551,-0.853769,-0.010242,0.853490,-0.519967,-0.034487,0.024118,-0.026694,0.999353,0,1.00000,-0.30093,60.000,-0.602,400.000,350.000,550.000,300.000,-1,275.000,250.000,300.000,300.000,-1,675.000,700.000,-1,450.000,425.000,450.000,550.000,1,1,1,1,2,1,1,0,0,2,0,0,2,1,1,1,1
26,-2402.958,10482.112,-179.927,120.771,-0.512110,-0.858847,-0.011167,0.858476,-0.511384,-0.038795,0.027608,-0.029454,0.999185,0,1.00000,-0.28579,60.000,-0.572,375.000,300.000,500.000,275.000,-1,250.000,250.000,300.000,300.000,-1,600.000,625.000,-1,400.000,375.000,400.000,500.000,1,1,1,1,2,1,1,0,0,2,0,0,2,1,1,1,1
27,-2432.922,10534.095,-177.395,119.959,-0.500074,-0.865885,-0.013021,0.865370,-0.499099,-0.045116,0.032566,-0.033830,0.998897,0,1.00000,-0.40579,60.000,-0.812,325.000,275.000,450.000,250.000,-1,225.000,225.000,300.000,325.000,-1,500.000,550.000,-1,350.000,350.000,350.000,475.000,1,1,1,1,2,1,1,0,0,2,0,0,2,1,1,1,1
28,-2461.928,10586.619,-174.414,118.908,-0.484370,-0.874722,-0.015742,0.874012,-0.483026,-0.052822,0.038600,-0.039344,0.998480,0,1.00000,-0.52579,60.000,-1.052,300.000,250.000,400.000,250.000,-1,200.000,200.000,300.000,325.000,-1,425.000,475.000,-1,300.000,325.000,300.000,450.000,1,1,1,1,2,1,1,1,0,2,0,0,2,1,1,1,1
29,-2489.742,10639.783,-170.845,117.616,-0.464859,-0.885183,-0.018904,0.884252,-0.463079,-0.060460,0.044764,-0.044821,0.997992,0,1.00000,-0.64579,60.000,-1.292,250.000,200.000,350.000,225.000,-1,175.000,200.000,275.000,350.000,-1,400.000,450.000,-1,250.000,300.000,250.000,425.000,1,1,1,1,2,1,1,1,0,2,0,0,2,1,1,1,1
30,-2516.120,10693.678,-162.551,116.085,-0.440667,-0.897671,0.000005,0.895218,-0.439463,-0.073865,0.066309,-0.032546,0.997268,0,1.00000,-0.76579,60.000,-1.532,225.000,200.000,350.000,225.000,-1,175.000,175.000,300.000,350.000,-1,300.000,325.000,-1,250.000,325.000,200.000,450.000,1,1,1,1,2,1,1,1,0,2,0,0,2,1,1,1,1
31,-8199.153,4919.492,-147.699,36.439,0.804483,-0.593968,0.003037,0.593975,0.804477,-0.003056,-0.000628,0.004263,0.999991,1,0.00000,0.00000,60.000,-1.510,-1,400.000,-1,400.000,-1,325.000,325.000,325.000,300.000,-1,-1,-1,-1,800.000,775.000,-1,-1,2,0,2,0,2,0,0,0,0,2,2,2,2,0,0,2,2
32,-8195.279,4922.326,-147.710,36.199,0.806964,-0.590593,0.002935,0.590600,0.806959,-0.002918,-0.000645,0.004088,0.999991,0,0.08000,-0.12000,4.800,-0.240,-1,400.000,-1,400.000,-1,325.000,325.000,325.000,300.000,-1,-1,-1,-1,800.000,775.000,-1,-1,2,0,2,0,2,0,0,0,0,2,2,2,2,0,0,2,2
33,-8187.485,4927.931,-147.733,35.719,0.811883,-0.583813,0.002737,0.583819,0.811879,-0.002643,-0.000679,0.003744,0.999993,0,0.16000,-0.24000,9.600,-0.480,-1,400.000,-1,400.000,-1,325.000,325.000,325.000,300.000,-1,-1,-1,-1,800.000,775.000,-1,-1,2,0,2,0,2,0,0,0,0,2,2,2,2,0,0,2,2
34,-8175.689,4936.190,-147.783,34.999,0.819156,-0.573566,0.002530,0.573571,0.819153,-0.002257,-0.000778,0.003300,0.999994,0,0.24000,-0.36000,14.400,-0.720,-1,400.000,-1,400.000,-1,325.000,325.000,325.000,300.000,-1,-1,-1,-1,800.000,775.000,-1,-1,2,0,2,0,2,0,0,0,0,2,2,2,2,0,0,2,2
35,-8159.779,4946.938,-147.853,34.039,0.828650,-0.559762,0.002302,0.559766,0.828649,-0.001757,-0.000924,0.002745,0.999996,0,0.32000,-0.48000,19.200,-0.960,-1,400.000,-1,400.000,-1,325.000,325.000,325.000,325.000,-1,-1,-1,-1,800.000,775.000,-1,-1,2,0,2,0,2,0,0,0,0,2,2,2,2,0,0,2,2
36,-8139.614,4959.953,-147.938,32.839,0.840191,-0.542286,0.002046,0.542289,0.840191,-0.001145,-0.001098,0.002071,0.999997,0,0.40000,-0.60000,24.000,-1.200,-1,400.000,-1,400.000,-1,325.000,325.000,325.000,325.000,-1,-1,-1,-1,800.000,775.000,-1,-1,2,0,2,0,2,0,0,0,0,2,2,2,2,0,0,2,2
37,-8115.032,4974.958,-148.035,31.399,0.853554,-0.521001,0.001779,0.521003,0.853555,-0.000430,-0.001295,0.001294,0.999998,0,0.48000,-0.72000,28.800,-1.440,-1,400.000,-1,400.000,-1,325.000,325.000,325.000,325.000,-1,-1,-1,-1,800.000,775.000,-1,-1,2,0,2,0,2,0,0,0,0,2,2,2,2,0,0,2,2
38,-8085.852,4991.615,-148.140,29.719,0.868462,-0.495754,0.001522,0.495754,0.868463,0.000373,-0.001507,0.000430,0.999999,0,0.56000,-0.84000,33.600,-1.680,-1,400.000,-1,400.000,-1,325.000,325.000,325.000,325.000,-1,-1,-1,-1,800.000,775.000,-1,-1,2,0,2,0,2,0,0,0,0,2,2,2,2,0,0,2,2
39,-8051.884,5009.524,-148.251,27.799,0.884584,-0.466378,0.001296,0.466377,0.884585,0.001250,-0.001729,-0.000501,0.999998,0,0.64000,-0.96000,38.400,-1.920,-1,400.000,-1,400.000,-1,325.000,325.000,325.000,325.000,-1,-1,-1,-1,775.000,775.000,-1,-1,2,0,2,0,2,0,0,0,0,2,2,2,2,0,0,2,2
40,-8012.999,5028.345,-148.370,25.828,0.900105,-0.435672,0.001147,0.435669,0.900105,0.002152,-0.001970,-0.001437,0.999997,0,0.72000,-0.98571,43.200,-1.971,-1,400.000,-1,400.000,-1,325.000,325.000,325.000,325.000,-1,-1,-1,-1,775.000,775.000,-1,-1,2,0,2,0,2,0,0,0,0,2,2,2,2,0,0,2,2
41,-7969.098,5047.754,-148.503,23.851,0.914598,-0.404363,0.001077,0.404358,0.914596,0.003019,-0.002206,-0.002325,0.999995,0,0.80000,-0.98840,48.000,-1.977,-1,400.000,-1,400.000,-1,325.000,325.000,300.000,325.000,-1,-1,-1,-1,775.000,775.000,-1,-1,2,0,2,0,2,0,0,0,0,2,2,2,2,0,0,2,2
42,-7920.098,5067.421,-148.639,21.868,0.928042,-0.372474,0.001082,0.372468,0.928037,0.003862,-0.002443,-0.003181,0.999992,0,0.88000,-0.99144,52.800,-1.983,-1,400.000,-1,400.000,-1,325.000,325.000,300.000,325.000,-1,-1,-1,-1,775.000,750.000,-1,-1,2,0,2,0,2,0,0,0,0,2,2,2,2,0,0,2,2
43,-7865.930,5087.007,-148.775,19.879,0.940415,-0.340027,0.001146,0.340019,0.940407,0.004665,-0.002664,-0.003997,0.999988,0,0.96000,-0.99484,57.600,-1.990,-1,400.000,-1,400.000,-1,325.000,325.000,300.000,325.000,-1,-1,-1,-1,750.000,750.000,-1,-1,2,0,2,0,2,0,0,0,0,2,2,2,2,0,0,2,2
44,-7809.668,5105.159,-148.905,17.881,0.951694,-0.307046,0.001266,0.307035,0.951683,0.005377,-0.002856,-0.004729,0.999985,0,0.98529,-0.99861,59.117,-1.997,-1,400.000,-1,400.000,950.000,325.000,325.000,300.000,325.000,-1,-1,-1,-1,750.000,750.000,-1,-1,2,0,2,0,1,0,0,0,0,2,2,2,2,0,0,2,2
45,-7752.564,5121.406,-149.028,15.881,0.961830,-0.273645,0.001312,0.273633,0.961816,0.005960,-0.002893,-0.005374,0.999981,0,0.98950,-1.00000,59.370,-2.000,-1,400.000,-1,400.000,875.000,325.000,325.000,300.000,325.000,-1,-1,-1,-1,750.000,750.000,-1,-1,2,0,2,0,1,0,0,0,0,2,2,2,2,0,0,2,2
46,-7694.676,5135.712,-149.119,13.881,0.970794,-0.239910,0.001339,0.239898,0.970778,0.006330,-0.002819,-0.005823,0.999979,0,0.99384,-1.00000,59.630,-2.000,-1,400.000,-1,400.000,825.000,325.000,325.000,300.000,325.000,-1,-1,-1,-1,750.000,750.000,-1,-1,2,0,2,0,1,0,0,0,0,2,2,2,2,0,0,2,2
47,-7636.061,5148.044,-149.203,11.881,0.978575,-0.205884,0.001384,0.205871,0.978557,0.006604,-0.002714,-0.006177,0.999977,0,0.99830,-1.00000,59.898,-2.000,-1,400.000,-1,400.000,775.000,325.000,325.000,300.000,325.000,-1,-1,-1,-1,750.000,750.000,-1,-1,2,0,2,0,1,0,0,0,0,2,2,2,2,0,0,2,2
48,-7576.951,5158.341,-149.282,9.881,0.985164,-0.171607,0.001441,0.171594,0.985144,0.006787,-0.002584,-0.006440,0.999976,0,1.00000,-1.00000,60.000,-2.000,-1,400.000,-1,400.000,725.000,325.000,325.000,300.000,325.000,-1,-1,-1,-1,725.000,750.000,-1,-1,2,0,2,0,1,0,0,0,0,2,2,2,2,0,0,2,2
49,-7517.518,5166.568,-149.356,7.881,0.990553,-0.137122,0.001504,0.137108,0.990532,0.006886,-0.002434,-0.006615,0.999975,0,1.00000,-1.00000,60.000,-2.000,-1,400.000,-1,400.000,675.000,325.000,325.000,300.000,325.000,-1,-1,-1,-1,725.000,750.000,-1,975.000,2,0,2,0,1,0,0,0,0,2,2,2,2,0,0,2,1
50,-7457.834,5172.717,-149.427,5.881,0.994735,-0.102469,0.001569,0.102456,0.994714,0.006906,-0.002269,-0.006709,0.999975,0,1.00000,-1.00000,60.000,-2.000,-1,400.000,-1,400.000,600.000,325.000,325.000,300.000,325.000,-1,-1,-1,-1,725.000,750.000,-1,850.000,2,0,2,0,1,0,0,0,0,2,2,2,2,0,0,2,1
51,-7397.971,5176.778,-149.499,3.881,0.997705,-0.067692,0.001634,0.067679,0.997684,0.006854,-0.002094,-0.006727,0.999975,0,1.00000,-1.00000,60.000,-2.000,-1,375.000,-1,400.000,550.000,325.000,325.000,300.000,325.000,-1,-1,-1,-1,725.000,750.000,-1,725.000,2,0,2,0,1,0,0,0,0,2,2,2,2,0,1,2,1
52,-7338.012,5178.999,-149.597,2.121,0.999313,-0.037018,0.001624,0.037006,0.999293,0.006641,-0.001869,-0.006577,0.999977,0,1.00000,-0.88000,60.000,-1.760,-1,375.000,-1,400.000,500.000,325.000,325.000,300.000,325.000,-1,-1,-1,-1,725.000,725.000,-1,650.000,2,0,2,0,1,0,0,0,0,2,2,2,2,0,1,2,1
53,-7278.016,5179.629,-149.740,0.601,0.999944,-0.010498,0.001475,0.010488,0.999926,0.006215,-0.001540,-0.006199,0.999980,0,1.00000,-0.76000,60.000,-1.520,-1,375.000,-1,400.000,475.000,325.000,325.000,300.000,325.000,-1,-1,-1,-1,725.000,675.000,-1,575.000,2,0,2,0,1,0,0,0,0,2,2,2,2,0,1,2,1
54,-7218.020,5178.918,-149.871,-0.679,0.999929,0.011842,0.001356,-0.011849,0.999913,0.005776,-0.001287,-0.005792,0.999982,0,1.00000,-0.64000,60.000,-1.280,-1,375.000,-1,400.000,425.000,325.000,325.000,300.000,325.000,-1,-1,-1,-1,725.000,650.000,-1,525.000,2,0,2,0,1,0,0,0,0,2,2,2,2,0,1,2,1
55,-7158.052,5176.958,-149.811,-1.872,0.999466,0.032670,0.000909,-0.032674,0.999453,0.005068,-0.000743,-0.005095,0.999987,0,1.00000,-0.59684,60.000,-1.194,-1,375.000,-1,400.000,375.000,325.000,325.000,300.000,325.000,-1,-1,-1,-1,725.000,600.000,-1,450.000,2,0,2,0,1,0,0,0,0,2,2,2,2,0,1,2,1
56,-7098.138,5173.738,-149.553,-3.077,0.998559,0.053674,-0.000075,-0.053673,0.998545,0.005118,0.000350,-0.005107,0.999987,0,1.00000,-0.60231,60.000,-1.205,-1,375.000,-1,400.000,325.000,325.000,325.000,300.000,325.000,-1,-1,-1,-1,725.000,575.000,-1,400.000,2,0,2,0,1,0,0,0,0,2,2,2,2,0,1,2,1
57,-7038.307,5169.247,-148.939,-4.293,0.997193,0.074852,-0.001971,-0.074838,0.997174,0.006617,0.002461,-0.006451,0.999976,0,1.00000,-0.60801,60.000,-1.216,-1,400.000,-1,400.000,300.000,325.000,325.000,300.000,325.000,-1,-1,-1,-1,725.000,550.000,-1,375.000,2,0,2,1,1,0,0,0,0,2,2,2,2,0,1,2,1
58,-6978.585,5163.474,-147.937,-5.521,0.995350,0.096202,-0.004777,-0.096152,0.995319,0.009764,0.005694,-0.009260,0.999941,0,1.00000,-0.61395,60.000,-1.228,-1,400.000,-1,400.000,275.000,325.000,325.000,300.000,325.000,-1,-1,-1,-1,750.000,525.000,-1,325.000,2,0,2,1,1,0,0,0,0,2,2,2,2,0,1,2,1
59,-6919.002,5156.411,-146.499,-6.761,0.993010,0.117719,-0.008513,-0.117585,0.992952,0.014832,0.010199,-0.013727,0.999854,0,1.00000,-0.62018,60.000,-1.240,-1,400.000,-1,375.000,225.000,325.000,350.000,300.000,350.000,-1,925.000,950.000,-1,775.000,500.000,-1,300.000,2,0,2,1,1,0,0,0,0,2,0,0,2,0,1,2,1
60,-6859.588,5148.046,-144.576,-8.015,0.990149,0.139397,-0.013174,-0.139087,0.990034,0.022095,0.016122,-0.020045,0.999669,0,1.00000,-0.62674,60.000,-1.253,-1,425.000,-1,350.000,200.000,350.000,350.000,300.000,375.000,-1,575.000,650.000,-1,800.000,475.000,-1,250.000,2,0,2,1,1,0,0,0,0,2,0,0,2,0,1,2,1
61,-6800.373,5138.370,-142.122,-9.282,0.986740,0.161227,-0.018728,-0.160585,0.986509,0.031831,0.023607,-0.028401,0.999318,0,1.00000,-0.63365,60.000,-1.267,-1,425.000,-1,350.000,200.000,375.000,375.000,275.000,350.000,-1,375.000,500.000,-1,825.000,450.000,-1,225.000,2,0,2,1,1,0,0,0,1,2,0,0,2,0,1,2,1
62,-6741.388,5127.373,-139.089,-10.564,0.982757,0.183191,-0.025114,-0.181974,0.982304,0.044320,0.032788,-0.038986,0.998702,0,1.00000,-0.64097,60.000,-1.282,-1,450.000,-1,350.000,175.000,375.000,400.000,275.000,325.000,-1,250.000,375.000,-1,875.000,450.000,-1,200.000,2,0,2,1,1,0,0,0,1,2,0,0,2,0,1,2,1
63,-6682.667,5115.045,-135.434,-11.861,0.978175,0.205265,-0.032239,-0.203114,0.977325,0.059841,0.043791,-0.051987,0.997687,0,1.00000,-0.64873,60.000,-1.297,-1,475.000,-1,325.000,150.000,400.000,400.000,275.000,300.000,-1,175.000,300.000,-1,950.000,425.000,-1,200.000,2,0,2,1,1,0,1,0,1,2,0,0,2,0,1,2,1
64,-6624.243,5101.376,-131.094,-13.175,0.972980,0.227411,-0.039933,-0.223829,0.971455,0.078583,0.056664,-0.067522,0.996107,0,1.00000,-0.65700,60.000,-1.314,-1,500.000,-1,325.000,150.000,425.000,400.000,250.000,300.000,750.000,125.000,250.000,-1,-1,425.000,-1,175.000,2,0,2,1,1,0,1,0,1,0,0,0,2,2,1,2,1
65,-6566.151,5086.357,-125.852,-14.507,0.967142,0.249589,-0.048401,-0.243921,0.964607,0.100178,0.071691,-0.085080,0.993792,0,1.00000,-0.66582,60.000,-1.332,-1,550.000,-1,325.000,125.000,475.000,375.000,250.000,275.000,550.000,75.000,225.000,-1,-1,425.000,-1,150.000,2,0,2,1,1,0,1,0,1,0,0,0,2,2,1,2,1
66,-6508.425,5069.976,-119.823,-15.857,0.960670,0.271719,-0.057284,-0.263074,0.956573,0.125540,0.088907,-0.105533,0.990433,0,1.00000,-0.67525,60.000,-1.350,-1,600.000,-1,325.000,125.000,525.000,375.000,250.000,275.000,400.000,50.000,200.000,-1,-1,425.000,-1,150.000,2,0,2,1,1,0,1,0,1,0,0,0,2,2,1,2,1
67,-6451.106,5052.224,-113.660,-17.228,0.953704,0.293789,-0.064321,-0.281616,0.947435,0.151855,0.105553,-0.126711,0.986308,0,1.00000,-0.68532,60.000,-1.371,-1,650.000,-1,325.000,125.000,525.000,375.000,225.000,275.000,325.000,25.000,200.000,-1,-1,425.000,-1,150.000,2,0,2,1,1,1,1,0,1,0,0,0,2,2,1,2,1
68,-8199.149,9511.016,-225.245,-106.434,-0.283168,0.958914,-0.017305,-0.958973,-0.282835,0.019378,0.013687,0.022083,0.999662,1,0.00000,0.00000,60.000,-1.392,-1,375.000,-1,400.000,-1,300.000,325.000,300.000,325.000,-1,600.000,525.000,-1,700.000,750.000,-1,-1,2,0,2,0,2,0,0,0,0,2,0,0,2,0,0,2,2
69,-8200.512,9506.413,-225.185,-106.495,-0.284198,0.958610,-0.017295,-0.958666,-0.283862,0.019546,0.013827,0.022136,0.999659,0,0.08000,-0.03067,4.800,-0.061,-1,375.000,-1,400.000,-1,300.000,325.000,300.000,325.000,-1,600.000,525.000,-1,725.000,750.000,-1,-1,2,0,2,0,2,0,0,0,0,2,0,0,2,0,0,2,2
70,-8203.248,9497.211,-225.062,-106.558,-0.285262,0.958294,-0.017276,-0.958345,-0.284919,0.019881,0.014130,0.022228,0.999653,0,0.16000,-0.03162,9.600,-0.063,-1,375.000,-1,400.000,-1,300.000,325.000,300.000,325.000,-1,600.000,525.000,-1,725.000,750.000,-1,-1,2,0,2,0,2,0,0,0,0,2,0,0,2,0,0,2,2
71,-8207.368,9483.413,-224.879,-106.625,-0.286395,0.957956,-0.017247,-0.958001,-0.286041,0.020382,0.014592,0.022360,0.999643,0,0.24000,-0.03358,14.400,-0.067,-1,375.000,-1,400.000,-1,325.000,325.000,300.000,325.000,-1,600.000,525.000,-1,725.000,750.000,-1,-1,2,0,2,0,2,0,0,0,0,2,0,0,2,0,0,2,2
72,-8212.884,9465.023,-224.636,-106.698,-0.287630,0.957587,-0.017209,-0.957621,-0.287262,0.021049,0.015213,0.022534,0.999630,0,0.32000,-0.03655,19.200,-0.073,-1,375.000,-1,400.000,-1,325.000,325.000,300.000,325.000,-1,600.000,550.000,-1,725.000,750.000,-1,-1,2,0,2,0,2,0,0,0,0,2,0,0,2,0,0,2,2
73,-8219.813,9442.045,-224.334,-106.780,-0.289001,0.957175,-0.017162,-0.957195,-0.288615,0.021880,0.015990,0.022751,0.999613,0,0.40000,-0.04053,24.000,-0.081,-1,375.000,-1,400.000,-1,325.000,325.000,300.000,325.000,-1,600.000,550.000,-1,725.000,750.000,-1,-1,2,0,2,0,2,0,0,0,0,2,0,0,2,0,0,2,2
74,-8228.171,9414.484,-223.976,-106.871,-0.290543,0.956709,-0.017106,-0.956712,-0.290135,0.022873,0.016920,0.023011,0.999592,0,0.48000,-0.04555,28.800,-0.091,-1,375.000,-1,400.000,-1,325.000,325.000,300.000,325.000,-1,600.000,550.000,-1,725.000,775.000,-1,-1,2,0,2,0,2,0,0,0,0,2,0,0,2,0,0,2,2
75,-8237.980,9382.348,-223.562,-106.974,-0.292289,0.956178,-0.017041,-0.956161,-0.291856,0.024028,0.018001,0.023317,0.999566,0,0.56000,-0.05161,33.600,-0.103,-1,375.000,-1,400.000,-1,325.000,325.000,300.000,325.000,-1,600.000,550.000,-1,725.000,775.000,-1,-1,2,0,2,0,2,0,0,0,0,2,0,0,2,0,0,2,2
76,-8249.265,9345.643,-223.096,-107.091,-0.294276,0.955570,-0.016968,-0.955527,-0.293813,0.025340,0.019229,0.023670,0.999535,0,0.64000,-0.05873,38.400,-0.117,-1,375.000,-1,400.000,-1,325.000,325.000,300.000,325.000,-1,600.000,550.000,-1,750.000,775.000,-1,-1,2,0,2,0,2,0,0,0,0,2,0,0,2,0,0,2,2
77,-8262.058,9304.381,-222.580,-107.225,-0.296538,0.954872,-0.016887,-0.954799,-0.296042,0.026809,0.020600,0.024073,0.999498,0,0.72000,-0.06693,43.200,-0.134,-1,375.000,-1,400.000,-1,325.000,325.000,300.000,325.000,-1,600.000,525.000,-1,750.000,775.000,-1,-1,2,0,2,0,2,0,0,0,0,2,0,0,2,0,0,2,2
78,-8276.393,9258.571,-221.843,-107.378,-0.299117,0.954053,-0.017635,-0.953973,-0.298573,0.028106,0.021549,0.025230,0.999449,0,0.80000,-0.07622,48.000,-0.152,-1,400.000,-1,400.000,-1,325.000,325.000,300.000,300.000,-1,575.000,500.000,-1,750.000,775.000,-1,-1,2,0,2,0,2,0,0,0,0,2,0,0,2,0,0,2,2
79,-8292.106,9208.888,-220.953,-107.551,-0.302045,0.953105,-0.018992,-0.953039,-0.301443,0.029151,0.022058,0.026905,0.999395,0,0.86849,-0.08662,52.109,-0.173,-1,400.000,-1,400.000,-1,325.000,325.000,300.000,300.000,-1,600.000,500.000,-1,775.000,775.000,-1,-1,2,0,2,0,2,0,0,0,0,2,0,0,2,0,0,2,2
80,-8308.028,9159.135,-220.086,-107.747,-0.305346,0.952024,-0.020324,-0.951975,-0.304687,0.030158,0.022519,0.028557,0.999338,0,0.87063,-0.09798,52.238,-0.196,-1,400.000,-1,400.000,-1,325.000,325.000,300.000,300.000,-1,625.000,525.000,-1,775.000,775.000,-1,-1,2,0,2,0,2,0,0,0,0,2,0,0,2,0,0,2,2
81,-8324.172,9109.347,-219.096,-107.966,-0.309005,0.950822,-0.021303,-0.950793,-0.308309,0.030635,0.022560,0.029721,0.999304,0,0.87234,-0.10938,52.340,-0.219,-1,400.000,-1,400.000,-1,325.000,325.000,300.000,300.000,-1,650.000,550.000,-1,775.000,775.000,-1,-1,2,0,2,0,2,0,0,0,0,2,0,0,2,0,0,2,2
82,-8340.549,9059.555,-217.939,-108.207,-0.313012,0.949499,-0.021800,-0.949492,-0.312311,0.030453,0.022107,0.030231,0.999298,0,0.87360,-0.12081,52.416,-0.242,-1,400.000,-1,400.000,-1,325.000,325.000,300.000,300.000,-1,725.000,625.000,-1,775.000,775.000,-1,-1,2,0,2,0,2,0,0,0,0,2,0,0,2,0,0,2,2
83,-8357.172,9009.791,-216.799,-108.472,-0.317391,0.948034,-0.022243,-0.948048,-0.316685,0.030262,0.021645,0.030692,0.999294,0,0.87444,-0.13222,52.466,-0.264,-1,400.000,-1,400.000,-1,325.000,325.000,300.000,300.000,-1,800.000,700.000,-1,800.000,775.000,-1,-1,2,0,2,0,2,0,0,0,0,2,0,0,2,0,0,2,2
84,-8374.053,8960.089,-215.694,-108.759,-0.322135,0.946423,-0.022627,-0.946458,-0.321429,0.029997,0.021117,0.031078,0.999294,0,0.87485,-0.14359,52.491,-0.287,-1,400.000,-1,400.000,-1,325.000,325.000,300.000,300.000,-1,900.000,775.000,-1,800.000,775.000,-1,-1,2,0,2,0,2,0,0,0,0,2,0,0,2,0,0,2,2
85,-8391.201,8910.478,-214.604,-109.069,-0.327243,0.944660,-0.023012,-0.944716,-0.326538,0.029751,0.020591,0.031475,0.999292,0,0.87484,-0.15489,52.491,-0.310,-1,400.000,-1,400.000,-1,325.000,325.000,300.000,300.000,-1,975.000,850.000,-1,800.000,775.000,-1,-1,2,0,2,0,2,0,0,0,0,2,0,0,2,0,0,2,2
86,-8408.629,8860.991,-213.531,-109.401,-0.332710,0.942739,-0.023397,-0.942816,-0.332004,0.029526,0.020067,0.031883,0.999290,0,0.87443,-0.16608,52.466,-0.332,-1,400.000,-1,400.000,-1,325.000,325.000,300.000,300.000,-1,-1,925.000,-1,800.000,775.000,-1,-1,2,0,2,0,2,0,0,0,0,2,2,0,2,0,0,2,2
87,-8426.344,8811.657,-212.475,-109.753,-0.338492,0.940669,-0.023783,-0.940766,-0.337786,0.029321,0.019547,0.032299,0.999287,0,0.87364,-0.17603,52.418,-0.352,-1,400.000,-1,400.000,-1,325.000,325.000,300.000,300.000,-1,-1,-1,-1,800.000,775.000,-1,-1,2,0,2,0,2,0,0,0,0,2,2,2,2,0,0,2,2
88,-8444.351,8762.503,-211.439,-110.119,-0.344501,0.938475,-0.024170,-0.938593,-0.343794,0.029137,0.019035,0.032723,0.999283,0,0.87247,-0.18332,52.348,-0.367,-1,400.000,-1,400.000,-1,325.000,325.000,300.000,300.000,-1,-1,-1,-1,800.000,775.000,-1,-1,2,0,2,0,2,0,0,0,0,2,2,2,2,0,0,2,2
89,-8462.651,8713.556,-210.422,-110.500,-0.350718,0.936159,-0.024556,-0.936298,-0.350010,0.028974,0.018530,0.033153,0.999278,0,0.87094,-0.19013,52.256,-0.380,-1,400.000,-1,400.000,-1,325.000,325.000,300.000,300.000,-1,-1,-1,-1,800.000,775.000,-1,-1,2,0,2,0,2,0,0,0,0,2,2,2,2,0,0,2,2
90,-8481.246,8664.841,-209.426,-110.893,-0.357125,0.933723,-0.024941,-0.933882,-0.356416,0.028835,0.018034,0.033590,0.999273,0,0.86906,-0.19646,52.143,-0.393,-1,400.000,-1,400.000,-1,325.000,325.000,300.000,300.000,-1,-1,-1,-1,800.000,775.000,-1,-1,2,0,2,0,2,0,0,0,0,2,2,2,2,0,0,2,2
91,-8500.136,8616.382,-208.479,-111.297,-0.363707,0.931173,-0.025188,-0.931347,-0.362997,0.028760,0.017638,0.033919,0.999269,0,0.86685,-0.20230,52.011,-0.405,-1,400.000,-1,400.000,-1,325.000,325.000,300.000,300.000,-1,-1,-1,-1,800.000,775.000,-1,-1,2,0,2,0,2,0,0,0,0,2,2,2,2,0,0,2,2
92,-8519.322,8568.201,-207.658,-111.712,-0.370428,0.928522,-0.025101,-0.928706,-0.369738,0.028268,0.016966,0.033783,0.999285,0,0.86434,-0.20764,51.860,-0.415,-1,400.000,-1,400.000,-1,325.000,325.000,300.000,300.000,-1,-1,-1,-1,800.000,775.000,-1,-1,2,0,2,0,2,0,0,0,0,2,2,2,2,0,0,2,2
93,-8538.802,8520.319,-206.898,-112.137,-0.377281,0.925764,-0.024886,-0.925957,-0.376618,0.027596,0.016175,0.033455,0.999309,0,0.86155,-0.21248,51.693,-0.425,-1,400.000,-1,400.000,-1,325.000,325.000,300.000,300.000,-1,-1,-1,-1,800.000,750.000,-1,-1,2,0,2,0,2,0,0,0,0,2,2,2,2,0,0,2,2
94,-8559.146,8471.298,-206.130,-112.539,-0.383734,0.923113,-0.024689,-0.923315,-0.383097,0.026956,0.015425,0.033139,0.999332,0,0.88458,-0.20065,53.075,-0.401,-1,400.000,-1,400.000,-1,325.000,325.000,300.000,300.000,-1,-1,-1,-1,800.000,750.000,-1,-1,2,0,2,0,2,0,0,0,0,2,2,2,2,0,0,2,2
95,-8579.819,8422.491,-205.369,-112.955,-0.390417,0.920314,-0.024425,-0.920521,-0.389806,0.026319,0.014701,0.032759,0.999355,0,0.88341,-0.20836,53.005,-0.417,-1,400.000,-1,400.000,-1,325.000,325.000,300.000,300.000,-1,-1,-1,-1,800.000,750.000,-1,-1,2,0,2,0,2,0,0,0,0,2,2,2,2,0,0,2,2
96,-8598.757,8378.161,-204.728,-113.132,-0.393236,0.919117,-0.024272,-0.919329,-0.392647,0.025744,0.014132,0.032437,0.999374,0,0.80341,-0.08836,48.205,-0.177,-1,400.000,-1,400.000,-1,325.000,325.000,300.000,300.000,-1,-1,-1,-1,800.000,750.000,-1,-1,2,0,2,0,2,0,0,0,0,2,2,2,2,0,0,2,2
97,-8617.194,8335.165,-204.128,-113.210,-0.394471,0.918589,-0.024247,-0.918808,-0.393900,0.025181,0.013580,0.032211,0.999389,0,0.77972,-0.03900,46.783,-0.078,-1,400.000,-1,400.000,-1,325.000,325.000,300.000,300.000,-1,-1,-1,-1,800.000,750.000,-1,-1,2,0,2,0,2,0,0,0,0,2,2,2,2,0,0,2,2
98,-8635.631,8292.357,-203.522,-113.301,-0.395912,0.917969,-0.024204,-0.918196,-0.395360,0.024650,0.013059,0.031983,0.999403,0,0.77682,-0.04544,46.609,-0.091,-1,400.000,-1,400.000,-1,325.000,325.000,300.000,300.000,-1,-1,-1,-1,800.000,750.000,-1,-1,2,0,2,0,2,0,0,0,0,2,2,2,2,0,0,2,2
99,-8654.069,8249.758,-202.909,-113.404,-0.397550,0.917263,-0.024144,-0.917494,-0.397015,0.024153,0.012569,0.031754,0.999417,0,0.77363,-0.05157,46.418,-0.103,-1,400.000,-1,400.000,-1,325.000,325.000,300.000,300.000,-1,-1,-1,-1,800.000,750.000,-1,-1,2,0,2,0,2,0,0,0,0,2,2,2,2,0,0,2,2
100,-8672.510,8207.386,-202.291,-113.519,-0.399373,0.916472,-0.024067,-0.916708,-0.398854,0.023688,0.012111,0.031523,0.999430,0,0.77018,-0.05739,46.211,-0.115,-1,400.000,-1,375.000,-1,325.000,325.000,300.000,300.000,-1,-1,-1,-1,775.000,725.000,-1,-1,2,0,2,0,2,0,0,0,0,2,2,2,2,0,0,2,2
101,-8690.955,8165.257,-201.668,-113.645,-0.401372,0.915602,-0.023973,-0.915841,-0.400867,0.023257,0.011685,0.031290,0.999442,0,0.76650,-0.06287,45.990,-0.126,-1,400.000,-1,375.000,-1,325.000,325.000,300.000,300.000,-1,-1,-1,-1,775.000,725.000,-1,-1,2,0,2,0,2,0,0,0,0,2,2,2,2,0,0,2,2
102,-8709.406,8123.386,-201.041,-113.781,-0.403533,0.914654,-0.023863,-0.914895,-0.403043,0.022860,0.011291,0.031057,0.999454,0,0.76261,-0.06802,45.757,-0.136,-1,400.000,-1,375.000,-1,325.000,325.000,300.000,300.000,-1,-1,-1,-1,775.000,725.000,-1,-1,2,0,2,0,2,0,0,0,0,2,2,2,2,0,0,2,2
103,-8727.864,8081.784,-200.409,-113.926,-0.405847,0.913633,-0.023736,-0.913876,-0.405370,0.022495,0.010930,0.030822,0.999465,0,0.75854,-0.07283,45.513,-0.146,-1,400.000,-1,375.000,-1,325.000,325.000,300.000,300.000,-1,-1,-1,-1,775.000,725.000,-1,-1,2,0,2,0,2,0,0,0,0,2,2,2,2,0,0,2,2
104,-8746.330,8040.462,-199.774,-114.078,-0.408260,0.912561,-0.023594,-0.912804,-0.407796,0.022163,0.010604,0.030584,0.999476,0,0.75434,-0.07600,45.260,-0.152,-1,400.000,-1,375.000,-1,325.000,325.000,300.000,300.000,-1,-1,-1,-1,775.000,725.000,-1,-1,2,0,2,0,2,0,0,0,0,2,2,2,2,0,0,2,2
105,-8764.800,7999.427,-199.194,-114.233,-0.410714,0.911470,-0.023138,-0.911704,-0.410263,0.021935,0.010500,0.030104,0.999492,0,0.75000,-0.07730,45.000,-0.155,-1,400.000,-1,375.000,-1,325.000,325.000,300.000,300.000,-1,-1,-1,-1,775.000,725.000,-1,-1,2,0,2,0,2,0,0,0,0,2,2,2,2,0,0,2,2
106,-8783.273,7958.686,-198.671,-114.389,-0.413194,0.910370,-0.022305,-0.910581,-0.412756,0.021794,0.010634,0.029315,0.999514,0,0.74556,-0.07811,44.734,-0.156,-1,400.000,-1,375.000,-1,325.000,325.000,300.000,300.000,-1,-1,-1,-1,775.000,725.000,-1,-1,2,0,2,0,2,0,0,0,0,2,2,2,2,0,0,2,2
107,-8801.744,7918.241,-198.176,-114.546,-0.415678,0.909260,-0.021395,-0.909449,-0.415258,0.021504,0.010668,0.028396,0.999540,0,0.74105,-0.07844,44.463,-0.157,-1,400.000,-1,375.000,-1,325.000,325.000,300.000,300.000,-1,-1,-1,-1,775.000,725.000,-1,-1,2,0,2,0,2,0,0,0,0,2,2,2,2,0,0,2,2
108,-8820.211,7878.096,-197.680,-114.703,-0.418153,0.908146,-0.020473,-0.908313,-0.417753,0.021192,0.010693,0.027457,0.999566,0,0.73649,-0.07830,44.189,-0.157,-1,400.000,-1,375.000,-1,325.000,325.000,300.000,300.000,-1,-1,-1,-1,775.000,725.000,-1,-1,2,0,2,0,2,0,0,0,0,2,2,2,2,0,0,2,2
109,-8838.672,7838.250,-197.176,-114.858,-0.420607,0.907032,-0.019560,-0.907179,-0.420225,0.020898,0.010736,0.026535,0.999590,0,0.73191,-0.07769,43.915,-0.155,-1,400.000,-1,375.000,-1,325.000,325.000,300.000,300.000,-1,-1,-1,-1,775.000,750.000,-1,-1,2,0,2,0,2,0,0,0,0,2,2,2,2,0,0,2,2
110,-8855.360,7802.873,-196.726,-115.254,-0.426849,0.904128,-0.018761,-0.904260,-0.426482,0.020663,0.010681,0.025784,0.999610,0,0.65191,-0.19769,39.115,-0.395,-1,400.000,-1,375.000,-1,325.000,325.000,300.000,300.000,-1,-1,-1,-1,775.000,750.000,-1,-1,2,0,2,0,2,0,0,0,0,2,2,2,2,0,0,2,2
111,-8870.343,7772.002,-196.375,-115.889,-0.436845,0.899353,-0.018155,-0.899474,-0.436487,0.020640,0.010638,0.025346,0.999622,0,0.57191,-0.31769,34.315,-0.635,-1,400.000,-1,375.000,-1,325.000,325.000,300.000,300.000,-1,-1,-1,-1,775.000,750.000,-1,-1,2,0,2,0,2,0,0,0,0,2,2,2,2,0,0,2,2
112,-8885.056,7742.830,-196.043,-116.764,-0.450530,0.892588,-0.017580,-0.892700,-0.450181,0.020606,0.010478,0.024978,0.999633,0,0.54455,-0.43769,32.673,-0.875,-1,400.000,-1,400.000,-1,325.000,325.000,300.000,300.000,-1,-1,-1,-1,775.000,750.000,-1,-1,2,0,2,0,2,0,0,0,0,2,2,2,2,0,0,2,2
113,-8900.312,7713.992,-195.720,-117.880,-0.467814,0.883663,-0.017033,-0.883768,-0.467474,0.020556,0.010202,0.024669,0.999644,0,0.54373,-0.55769,32.624,-1.115,-1,400.000,-1,400.000,-1,325.000,325.000,300.000,300.000,-1,-1,-1,-1,775.000,750.000,-1,-1,2,0,2,0,2,0,0,0,0,2,2,2,2,0,0,2,2
114,-8916.245,7685.524,-195.447,-119.235,-0.488579,0.872360,-0.016681,-0.872466,-0.488246,0.020464,0.009707,0.024552,0.999651,0,0.54372,-0.67769,32.623,-1.355,-1,400.000,-1,400.000,-1,325.000,325.000,300.000,300.000,-1,-1,-1,-1,775.000,750.000,-1,-1,2,0,2,0,2,0,0,0,0,2,2,2,2,0,0,2,2
115,-8932.905,7657.422,-195.173,-120.661,-0.510130,0.859942,-0.016359,-0.860048,-0.509804,0.020423,0.009223,0.024487,0.999658,0,0.54449,-0.71296,32.669,-1.426,-1,400.000,-1,375.000,-1,325.000,325.000,300.000,300.000,-1,-1,-1,-1,775.000,750.000,-1,-1,2,0,2,0,2,0,0,0,0,2,2,2,2,0,0,2,2
116,-8950.289,7629.693,-194.896,-122.084,-0.531331,0.847012,-0.016070,-0.847119,-0.531010,0.020454,0.008791,0.024481,0.999662,0,0.54547,-0.71174,32.728,-1.423,-1,400.000,-1,375.000,-1,325.000,325.000,300.000,300.000,-1,-1,-1,-1,775.000,750.000,-1,-1,2,0,2,0,2,0,0,0,0,2,2,2,2,0,0,2,2
117,-8968.387,7602.356,-194.630,-123.506,-0.552170,0.833582,-0.015789,-0.833689,-0.551853,0.020489,0.008366,0.024477,0.999665,0,0.54640,-0.71058,32.784,-1.421,-1,400.000,-1,375.000,-1,325.000,325.000,300.000,300.000,-1,-1,-1,-1,775.000,750.000,-1,-1,2,0,2,0,2,0,0,0,0,2,2,2,2,0,0,2,2
118,-8987.187,7575.432,-194.373,-124.925,-0.572639,0.819661,-0.015516,-0.819769,-0.572326,0.020527,0.007945,0.024474,0.999669,0,0.54730,-0.70947,32.838,-1.419,-1,400.000,-1,400.000,-1,325.000,325.000,300.000,300.000,-1,-1,-1,-1,775.000,750.000,-1,-1,2,0,2,0,2,0,0,0,0,2,2,2,2,0,0,2,2
119,-9006.677,7548.939,-194.126,-126.341,-0.592727,0.805259,-0.015251,-0.805368,-0.592418,0.020569,0.007528,0.024475,0.999672,0,0.54816,-0.70841,32.889,-1.417,-1,400.000,-1,400.000,-1,325.000,325.000,300.000,300.000,-1,-1,-1,-1,775.000,775.000,-1,-1,2,0,2,0,2,0,0,0,0,2,2,2,2,0,0,2,2
120,-9026.845,7522.897,-193.889,-127.756,-0.612425,0.790387,-0.014995,-0.790497,-0.612119,0.020614,0.007114,0.024478,0.999675,0,0.54898,-0.70740,32.939,-1.415,-1,400.000,-1,400.000,-1,325.000,325.000,300.000,300.000,-1,-1,-1,-1,775.000,775.000,-1,-1,2,0,2,0,2,0,0,0,0,2,2,2,2,0,0,2,2
121,-9047.679,7497.324,-193.661,-129.169,-0.631724,0.775053,-0.014749,-0.775164,-0.631422,0.020661,0.006701,0.024485,0.999678,0,0.54976,-0.70645,32.985,-1.413,-1,400.000,-1,400.000,-1,325.000,325.000,300.000,300.000,-1,-1,-1,-1,775.000,775.000,-1,-1,2,0,2,0,2,0,0,0,0,2,2,2,2,0,0,2,2
122,-9069.166,7472.238,-193.447,-130.580,-0.650616,0.759269,-0.014492,-0.759381,-0.650317,0.020710,0.006300,0.024479,0.999680,0,0.55050,-0.70555,33.030,-1.411,-1,400.000,-1,400.000,-1,325.000,325.000,300.000,300.000,-1,-1,-1,-1,775.000,775.000,-1,-1,2,0,2,0,2,0,0,0,0,2,2,2,2,0,0,2,2
123,-9091.291,7447.656,-193.276,-131.990,-0.669092,0.743046,-0.014067,-0.743155,-0.668797,0.020750,0.006010,0.024338,0.999686,0,0.55121,-0.70470,33.073,-1.409,-1,400.000,-1,400.000,-1,325.000,325.000,300.000,300.000,-1,-1,-1,-1,775.000,775.000,-1,-1,2,0,2,0,2,0,0,0,0,2,2,2,2,0,0,2,2
124,-9114.042,7423.596,-193.123,-133.397,-0.687143,0.726393,-0.013696,-0.726499,-0.686853,0.020785,0.005691,0.024233,0.999690,0,0.55188,-0.70390,33.113,-1.408,-1,400.000,-1,400.000,-1,325.000,325.000,300.000,300.000,-1,-1,-1,-1,775.000,775.000,-1,-1,2,0,2,0,2,0,0,0,1,2,2,2,2,0,0,2,2
125,-9137.403,7400.075,-193.020,-134.804,-0.704761,0.709316,-0.013537,-0.709426,-0.704472,0.020837,0.005244,0.024289,0.999691,0,0.55251,-0.70315,33.151,-1.406,-1,400.000,-1,400.000,-1,325.000,325.000,300.000,300.000,-1,-1,-1,-1,775.000,775.000,-1,-1,2,0,2,0,2,0,0,0,1,2,2,2,2,0,0,2,2
126,-9161.359,7377.108,-192.928,-136.209,-0.721936,0.691830,-0.013404,-0.691943,-0.721650,0.020895,0.004783,0.024359,0.999692,0,0.55311,-0.70245,33.187,-1.405,-1,400.000,-1,400.000,-1,325.000,325.000,300.000,300.000,-1,-1,-1,-1,775.000,775.000,-1,-1,2,0,2,0,2,0,0,0,1,2,2,2,2,0,0,2,2
127,-9185.896,7354.713,-192.848,-137.612,-0.738663,0.673944,-0.013296,-0.674062,-0.738378,0.020959,0.004308,0.024444,0.999692,0,0.55368,-0.70179,33.221,-1.404,-1,400.000,-1,400.000,-1,325.000,325.000,300.000,300.000,-1,-1,-1,-1,775.000,775.000,-1,-1,2,0,2,0,2,0,0,0,1,2,2,2,2,0,0,2,2
128,-9210.998,7332.903,-192.778,-139.015,-0.754932,0.655670,-0.013213,-0.655792,-0.754649,0.021031,0.003819,0.024542,0.999692,0,0.55421,-0.70119,33.253,-1.402,-1,400.000,-1,400.000,-1,325.000,325.000,300.000,300.000,-1,-1,-1,-1,775.000,800.000,-1,-1,2,0,2,0,2,0,0,0,1,2,2,2,2,0,0,2,2
129,-9236.648,7311.695,-192.720,-140.416,-0.770737,0.637018,-0.013154,-0.637145,-0.770455,0.021112,0.003314,0.024653,0.999691,0,0.55471,-0.70063,33.283,-1.401,-1,400.000,-1,400.000,-1,325.000,325.000,300.000,300.000,-1,-1,-1,-1,800.000,800.000,-1,-1,2,0,2,0,2,0,0,0,1,2,2,2,2,0,0,2,2
130,-9262.831,7291.103,-192.682,-141.816,-0.786069,0.617999,-0.013120,-0.618132,-0.785789,0.021157,0.002765,0.024741,0.999690,0,0.55517,-0.70012,33.310,-1.400,-1,400.000,-1,400.000,-1,325.000,325.000,300.000,300.000,-1,-1,-1,-1,800.000,800.000,-1,-1,2,0,2,0,2,0,0,0,1,2,2,2,2,0,0,2,2
131,-9289.530,7271.141,-192.650,-143.215,-0.800922,0.598624,-0.013186,-0.598765,-0.800644,0.021176,0.002119,0.024855,0.999689,0,0.55561,-0.69965,33.337,-1.399,-1,400.000,-1,400.000,-1,325.000,325.000,300.000,275.000,-1,-1,-1,-1,800.000,800.000,-1,-1,2,0,2,0,2,0,0,0,1,2,2,2,2,0,0,2,2
132,-9316.728,7251.822,-192.623,-144.614,-0.815287,0.578903,-0.013323,-0.579055,-0.815013,0.021211,0.001420,0.025008,0.999686,0,0.55601,-0.69924,33.361,-1.398,-1,400.000,-1,400.000,-1,325.000,325.000,300.000,275.000,-1,-1,-1,-1,800.000,800.000,-1,-1,2,0,2,0,2,0,0,0,1,2,2,2,2,0,0,2,2
133,-9344.408,7233.160,-192.610,-146.012,-0.829160,0.558849,-0.013483,-0.559011,-0.828888,0.021251,0.000701,0.025158,0.999683,0,0.55638,-0.69886,33.383,-1.398,-1,400.000,-1,400.000,-1,325.000,325.000,300.000,275.000,-1,-1,-1,-1,800.000,800.000,-1,-1,2,0,2,0,2,0,0,0,1,2,2,2,2,0,0,2,2
134,-9372.552,7215.167,-192.610,-147.409,-0.842533,0.538472,-0.013664,-0.538645,-0.842264,0.021300,-0.000040,0.025306,0.999680,0,0.55673,-0.69853,33.404,-1.397,-1,400.000,-1,400.000,-1,325.000,325.000,300.000,275.000,-1,-1,-1,-1,800.000,800.000,-1,-1,2,0,2,0,2,0,0,0,1,2,2,2,2,0,0,2,2
