timestep,x_cm,y_cm,z_cm,yaw_deg,basis_xx,basis_xy,basis_xz,basis_yx,basis_yy,basis_yz,basis_zx,basis_zy,basis_zz,teleport_flag,throttle_cmd,steering_cmd,cmd_move_cm,cmd_turn_deg,lidar_cm_0,lidar_cm_1,lidar_cm_2,lidar_cm_3,lidar_cm_4,lidar_cm_5,lidar_cm_6,lidar_cm_7,lidar_cm_8,lidar_cm_9,lidar_cm_10,lidar_cm_11,lidar_cm_12,lidar_cm_13,lidar_cm_14,lidar_cm_15,lidar_cm_16,lidar_class_0,lidar_class_1,lidar_class_2,lidar_class_3,lidar_class_4,lidar_class_5,lidar_class_6,lidar_class_7,lidar_class_8,lidar_class_9,lidar_class_10,lidar_class_11,lidar_class_12,lidar_class_13,lidar_class_14,lidar_class_15,lidar_class_16
0,7546.104,-8851.231,35.187,53.111,0.598682,-0.799649,-0.046277,0.794401,0.600161,-0.093455,0.102505,0.019187,0.994547,1,0.08000,-0.12000,4.800,-0.240,-1,425.000,875.000,400.000,500.000,325.000,325.000,275.000,275.000,-1,-1,-1,775.000,850.000,575.000,-1,525.000,2,1,1,0,1,0,0,0,0,2,2,2,1,1,1,2,1
1,7551.917,-8843.591,36.191,52.729,0.604040,-0.795624,-0.046015,0.790414,0.605466,-0.093045,0.101889,0.019832,0.994598,0,0.16000,-0.19078,9.600,-0.382,-1,425.000,850.000,400.000,475.000,325.000,325.000,275.000,275.000,-1,-1,-1,800.000,825.000,550.000,-1,525.000,2,1,1,0,1,0,0,0,0,2,2,2,1,1,1,2,1
2,7560.711,-8832.189,37.700,52.358,0.609236,-0.791675,-0.045629,0.786525,0.610600,-0.092445,0.101048,0.020433,0.994672,0,0.24000,-0.18560,14.400,-0.371,-1,425.000,825.000,400.000,475.000,325.000,325.000,275.000,275.000,-1,-1,-1,800.000,800.000,550.000,-1,500.000,2,1,1,0,1,0,0,0,0,2,2,2,1,1,1,2,1
3,7572.532,-8817.059,39.733,52.000,0.614230,-0.787838,-0.045083,0.782754,0.615520,-0.091816,0.100085,0.021107,0.994755,0,0.32000,-0.17879,19.200,-0.358,-1,425.000,800.000,400.000,450.000,325.000,325.000,275.000,275.000,-1,-1,-1,800.000,750.000,525.000,-1,475.000,2,1,1,0,1,0,0,0,0,2,2,2,1,1,1,2,1
4,7587.419,-8798.235,42.250,51.660,0.618973,-0.784155,-0.044418,0.779158,0.620184,-0.091017,0.098919,0.021728,0.994858,0,0.40000,-0.17028,24.000,-0.341,-1,425.000,775.000,400.000,425.000,325.000,325.000,275.000,275.000,-1,-1,-1,800.000,725.000,500.000,-1,450.000,2,1,1,0,1,0,0,0,0,2,2,2,1,1,1,2,1
5,7605.410,-8775.746,45.234,51.340,0.623417,-0.780671,-0.043638,0.775779,0.624545,-0.090057,0.097559,0.022290,0.994980,0,0.48000,-0.15995,28.800,-0.320,-1,425.000,750.000,400.000,400.000,325.000,325.000,300.000,275.000,-1,-1,-1,800.000,700.000,500.000,-1,425.000,2,1,1,0,1,0,0,0,0,2,2,2,1,1,1,2,1
6,7626.535,-8749.618,48.593,51.045,0.627481,-0.777438,-0.043114,0.772661,0.628557,-0.088943,0.096247,0.022498,0.995103,0,0.56000,-0.14767,33.600,-0.295,-1,425.000,700.000,400.000,375.000,325.000,325.000,300.000,275.000,-1,-1,-1,800.000,650.000,475.000,-1,400.000,2,1,1,1,1,0,0,0,0,2,2,2,1,1,1,2,1
7,7650.816,-8719.870,52.366,50.778,0.631138,-0.774504,-0.042536,0.769855,0.632166,-0.087687,0.094804,0.022596,0.995239,0,0.64000,-0.13326,38.400,-0.267,-1,400.000,650.000,375.000,350.000,325.000,325.000,300.000,275.000,-1,-1,-1,800.000,600.000,425.000,-1,375.000,2,1,1,1,1,1,0,0,0,2,2,2,1,1,1,2,1
8,7678.269,-8686.514,56.534,50.545,0.634333,-0.771925,-0.041875,0.767418,0.635311,-0.086307,0.093226,0.022611,0.995388,0,0.72000,-0.11655,43.200,-0.233,-1,400.000,625.000,350.000,300.000,325.000,325.000,300.000,275.000,-1,-1,-1,800.000,575.000,400.000,875.000,325.000,2,1,1,1,1,1,0,0,0,2,2,2,1,1,1,1,1
9,7708.897,-8649.557,61.068,50.350,0.637002,-0.769764,-0.041127,0.765409,0.637930,-0.084822,0.091529,0.022553,0.995547,0,0.80000,-0.09729,48.000,-0.195,-1,375.000,550.000,325.000,275.000,300.000,325.000,300.000,275.000,-1,-1,-1,800.000,525.000,375.000,800.000,300.000,2,1,1,1,1,1,0,0,0,2,2,2,1,1,1,1,1
10,7742.696,-8608.993,65.171,50.200,0.638962,-0.768139,-0.041109,0.764275,0.639993,-0.079324,0.087241,0.019267,0.996001,0,0.88000,-0.07523,52.800,-0.150,-1,350.000,500.000,300.000,225.000,300.000,325.000,275.000,275.000,-1,-1,-1,825.000,475.000,325.000,700.000,250.000,2,1,1,1,1,1,1,0,0,2,2,2,1,1,1,1,1
11,7779.645,-8564.808,68.420,50.100,0.640121,-0.767114,-0.042206,0.764190,0.641414,-0.067833,0.079107,0.011168,0.996804,0,0.96000,-0.05008,57.600,-0.100,-1,300.000,425.000,250.000,175.000,250.000,275.000,275.000,300.000,-1,-1,-1,875.000,400.000,300.000,575.000,200.000,2,1,1,1,1,1,1,1,1,2,2,2,1,1,1,1,1
12,7818.170,-8518.809,75.697,50.057,0.639643,-0.766677,-0.055356,0.764175,0.642028,-0.061942,0.083030,-0.002681,0.996543,0,1.00000,-0.02153,60.000,-0.043,-1,275.000,375.000,225.000,150.000,225.000,250.000,350.000,325.000,-1,-1,-1,900.000,350.000,250.000,500.000,150.000,2,1,1,1,1,1,1,1,1,2,2,2,1,1,1,1,1
13,7856.682,-8472.792,89.248,50.076,0.635618,-0.766526,-0.091801,0.764649,0.641470,-0.061864,0.106308,-0.030874,0.993854,0,1.00000,0.00949,60.000,0.019,-1,275.000,350.000,225.000,125.000,225.000,225.000,425.000,375.000,-1,-1,-1,950.000,325.000,250.000,475.000,150.000,2,1,1,1,1,1,1,1,1,2,2,2,1,1,1,1,1
14,7895.124,-8426.713,105.320,50.159,0.628244,-0.766458,-0.133612,0.765774,0.639517,-0.067884,0.137477,-0.059669,0.988706,0,1.00000,0.04173,60.000,0.083,-1,250.000,350.000,200.000,125.000,225.000,200.000,500.000,425.000,550.000,175.000,500.000,975.000,325.000,225.000,450.000,125.000,2,1,1,1,1,1,1,1,1,0,0,0,1,1,1,1,1
15,7933.634,-8380.682,124.101,50.076,0.619600,-0.763890,-0.180466,0.764825,0.639254,-0.079984,0.176463,-0.088467,0.980324,0,1.00000,-0.04150,60.000,-0.083,-1,275.000,350.000,200.000,125.000,250.000,200.000,575.000,625.000,350.000,75.000,250.000,1000.000,325.000,225.000,425.000,125.000,2,1,1,1,1,1,1,1,1,0,0,0,1,1,1,1,1
16,7972.166,-8334.659,145.499,50.052,0.605669,-0.761294,-0.231509,0.764134,0.637623,-0.097650,0.221956,-0.117760,0.967919,0,1.00000,-0.01198,60.000,-0.024,-1,275.000,375.000,200.000,125.000,225.000,200.000,625.000,725.000,250.000,25.000,175.000,-1,350.000,225.000,450.000,125.000,2,1,1,1,1,1,1,1,1,0,0,0,2,1,1,1,1
17,7543.164,-3607.609,285.624,167.914,-0.955349,-0.209370,-0.208498,0.201944,-0.977764,0.056535,-0.215699,0.011906,0.976387,1,0.00000,0.00000,60.000,0.038,325.000,250.000,650.000,275.000,475.000,225.000,225.000,475.000,550.000,-1,0.000,0.000,-1,350.000,375.000,300.000,400.000,0,0,0,0,0,0,0,1,0,2,1,1,2,1,0,0,0
18,6887.230,-6887.362,79.424,-171.950,-0.957984,0.138284,0.251287,-0.172408,-0.977788,-0.119192,0.229223,-0.157508,0.960546,1,0.00000,0.00000,4.800,0.039,0.000,725.000,-1,-1,-1,575.000,650.000,50.000,250.000,650.000,800.000,625.000,275.000,-1,-1,0.000,-1,0,0,2,2,2,0,0,1,0,1,1,1,1,2,2,0,2
19,-8855.316,8854.963,289.883,128.380,-0.646163,-0.760366,-0.065702,0.739301,-0.602232,-0.301250,0.189493,-0.243230,0.951279,1,0.00000,0.00000,4.800,-0.240,0.000,625.000,-1,-1,-1,500.000,650.000,125.000,600.000,-1,900.000,0.000,850.000,-1,-1,0.000,-1,0,1,2,2,2,0,0,1,0,2,1,1,1,2,2,0,2
20,-4263.557,3607.630,262.686,66.105,0.404193,-0.914279,0.026871,0.913013,0.405054,0.048362,-0.055100,0.004986,0.998468,1,0.00000,0.00000,4.800,0.240,-1,375.000,-1,400.000,-1,300.000,325.000,275.000,200.000,-1,-1,-1,275.000,675.000,775.000,-1,-1,2,0,2,0,2,0,0,0,1,2,2,2,1,0,0,2,2
21,-4261.595,3612.011,262.501,65.865,0.408003,-0.912574,0.027257,0.911306,0.408880,0.048351,-0.055269,0.005112,0.998458,0,0.08000,-0.12000,4.800,-0.240,-1,375.000,-1,400.000,-1,300.000,325.000,275.000,200.000,-1,-1,-1,275.000,675.000,775.000,-1,-1,2,0,2,0,2,0,0,0,1,2,2,2,1,0,0,2,2
22,-4257.596,3620.738,262.134,65.385,0.415601,-0.909115,0.028020,0.907845,0.416510,0.048341,-0.055618,0.005347,0.998438,0,0.16000,-0.24000,9.600,-0.480,-1,375.000,-1,400.000,-1,300.000,325.000,275.000,225.000,-1,-1,-1,275.000,675.000,775.000,-1,-1,2,0,2,0,2,0,0,0,1,2,2,2,1,0,0,2,2
23,-4251.434,3633.754,261.587,64.665,0.426944,-0.903808,0.029145,0.902532,0.427901,0.048339,-0.056160,0.005667,0.998406,0,0.24000,-0.36000,14.400,-0.720,-1,375.000,-1,400.000,-1,300.000,325.000,275.000,225.000,-1,-1,-1,275.000,675.000,775.000,-1,-1,2,0,2,0,2,0,0,0,1,2,2,2,1,0,0,2,2
24,-4242.928,3650.967,260.863,63.705,0.441964,-0.896510,0.030622,0.895226,0.442982,0.048345,-0.056907,0.006047,0.998361,0,0.32000,-0.48000,19.200,-0.960,-1,375.000,-1,400.000,-1,300.000,325.000,275.000,225.000,-1,-1,-1,300.000,675.000,775.000,-1,-1,2,0,2,0,2,0,0,0,1,2,2,2,1,0,0,2,2
25,-4231.848,3672.256,259.961,62.505,0.460563,-0.887034,0.032444,0.885739,0.461659,0.048342,-0.057860,0.006473,0.998304,0,0.40000,-0.60000,24.000,-1.200,-1,375.000,-1,400.000,-1,300.000,325.000,300.000,225.000,-1,-1,-1,300.000,675.000,750.000,-1,-1,2,0,2,0,2,0,0,0,1,2,2,2,1,0,0,2,2
26,-4217.914,3697.461,258.874,61.065,0.482613,-0.875149,0.034617,0.873844,0.483803,0.048283,-0.059003,0.006948,0.998234,0,0.48000,-0.72000,28.800,-1.440,-1,375.000,-1,400.000,-1,300.000,325.000,300.000,225.000,-1,-1,-1,325.000,675.000,750.000,-1,-1,2,0,2,0,2,0,0,0,1,2,2,2,1,0,0,2,2
27,-4200.803,3726.378,257.587,59.385,0.507948,-0.860586,0.037157,0.859275,0.509250,0.048070,-0.060291,0.007511,0.998153,0,0.56000,-0.84000,33.600,-1.680,-1,375.000,-1,400.000,-1,300.000,325.000,300.000,250.000,-1,-1,-1,350.000,675.000,750.000,-1,-1,2,0,2,0,2,0,0,0,1,2,2,2,1,0,0,2,2
28,-4180.150,3758.751,255.775,57.465,0.536437,-0.843044,0.038890,0.841712,0.537799,0.047890,-0.061289,0.007044,0.998095,0,0.64000,-0.96000,38.400,-1.920,-1,375.000,-1,400.000,-1,300.000,325.000,300.000,250.000,-1,-1,-1,375.000,675.000,750.000,-1,-1,2,0,2,0,2,0,0,0,1,2,2,2,1,0,0,2,2
29,-4155.660,3794.339,253.525,55.465,0.565521,-0.823767,0.039926,0.822415,0.566897,0.047548,-0.061802,0.005947,0.998071,0,0.72000,-1.00000,43.200,-2.000,-1,375.000,-1,400.000,-1,300.000,325.000,300.000,275.000,-1,-1,-1,375.000,700.000,750.000,-1,-1,2,0,2,0,2,0,0,0,1,2,2,2,1,0,0,2,2
30,-4127.092,3832.897,250.920,53.465,0.593906,-0.803484,0.041098,0.802141,0.595303,0.046729,-0.062012,0.005214,0.998062,0,0.79980,-1.00000,47.988,-2.000,-1,375.000,-1,400.000,-1,300.000,325.000,300.000,275.000,-1,-1,-1,400.000,700.000,750.000,-1,-1,2,0,2,0,2,0,0,0,1,2,2,2,1,0,0,2,2
31,-4097.231,3870.390,248.056,51.465,0.621555,-0.782219,0.042464,0.780945,0.622982,0.044929,-0.061598,0.005236,0.998087,0,0.79887,-1.00000,47.932,-2.000,-1,375.000,-1,400.000,-1,300.000,325.000,300.000,300.000,-1,-1,-1,425.000,700.000,750.000,-1,-1,2,0,2,0,2,0,0,0,1,2,2,2,1,0,0,2,2
32,-4066.098,3906.797,244.908,49.465,0.648439,-0.759997,0.043955,0.758861,0.649898,0.041977,-0.060468,0.006136,0.998151,0,0.79839,-1.00000,47.903,-2.000,-1,375.000,-1,400.000,-1,325.000,325.000,300.000,325.000,-1,-1,-1,425.000,725.000,750.000,-1,-1,2,0,2,0,2,0,0,0,1,2,2,2,1,0,0,2,2
33,-4033.716,3942.092,241.455,47.465,0.674533,-0.736843,0.045480,0.735921,0.676017,0.037707,-0.058529,0.008035,0.998253,0,0.79832,-1.00000,47.899,-2.000,-1,375.000,-1,400.000,-1,325.000,325.000,300.000,325.000,-1,-1,-1,425.000,750.000,750.000,-1,-1,2,0,2,0,2,0,0,0,1,2,2,2,1,0,0,2,2
34,-4000.109,3976.249,237.676,45.465,0.699816,-0.712781,0.046910,0.712148,0.701300,0.031987,-0.055697,0.011022,0.998387,0,0.79864,-1.00000,47.919,-2.000,-1,400.000,-1,400.000,-1,325.000,325.000,300.000,325.000,-1,-1,-1,400.000,750.000,750.000,-1,-1,2,0,2,0,2,0,0,0,0,2,2,2,1,0,0,2,2
35,-3965.301,4009.241,233.743,43.465,0.724272,-0.687841,0.047999,0.687518,0.725717,0.025577,-0.052427,0.014476,0.998520,0,0.79931,-1.00000,47.959,-2.000,-1,400.000,-1,400.000,-1,325.000,325.000,300.000,300.000,-1,-1,-1,400.000,775.000,750.000,-1,-1,2,0,2,0,2,0,0,0,0,2,2,2,1,0,0,2,2
36,-3929.318,4041.036,231.218,41.465,0.747845,-0.662111,0.048331,0.661729,0.749298,0.025820,-0.053310,0.012673,0.998498,0,0.80030,-1.00000,48.018,-2.000,-1,400.000,-1,400.000,-1,325.000,325.000,300.000,300.000,-1,-1,-1,425.000,775.000,750.000,-1,-1,2,0,2,0,2,0,0,0,0,2,2,2,1,0,0,2,2
37,-3892.188,4071.606,228.679,39.465,0.770504,-0.635571,0.048716,0.635130,0.771966,0.026065,-0.054173,0.010857,0.998473,0,0.80158,-1.00000,48.095,-2.000,-1,400.000,-1,400.000,-1,325.000,325.000,300.000,300.000,-1,-1,-1,450.000,750.000,750.000,-1,-1,2,0,2,0,2,0,0,0,0,2,2,2,1,0,0,2,2
38,-3855.570,4099.913,226.230,37.705,0.789662,-0.611572,0.049127,0.611077,0.791135,0.026295,-0.054947,0.009256,0.998446,0,0.77140,-0.88000,46.284,-1.760,-1,400.000,-1,375.000,-1,325.000,325.000,300.000,300.000,-1,-1,-1,475.000,750.000,750.000,-1,-1,2,0,2,0,2,0,0,0,0,2,2,2,1,0,0,2,2
39,-3818.167,4127.273,223.694,36.185,0.805628,-0.590380,0.049147,0.589827,0.807090,0.026632,-0.055389,0.007532,0.998436,0,0.77235,-0.76000,46.341,-1.520,-1,400.000,-1,375.000,-1,325.000,325.000,300.000,300.000,-1,-1,-1,500.000,750.000,725.000,-1,-1,2,0,2,0,2,0,0,0,0,2,2,2,1,0,0,2,2
40,-3780.157,4153.794,221.123,34.905,0.818642,-0.572210,0.049002,0.571601,0.820086,0.027043,-0.055660,0.005871,0.998432,0,0.77246,-0.64000,46.348,-1.280,-1,400.000,-1,375.000,-1,325.000,325.000,300.000,300.000,-1,-1,-1,525.000,750.000,725.000,-1,-1,2,0,2,0,2,0,0,0,0,2,2,2,1,0,0,2,2
41,-3741.703,4179.600,218.553,33.865,0.828917,-0.557235,0.048841,0.556574,0.830343,0.027490,-0.055873,0.004397,0.998428,0,0.77184,-0.52000,46.310,-1.040,-1,400.000,-1,375.000,-1,325.000,325.000,300.000,300.000,-1,-1,-1,525.000,750.000,725.000,-1,-1,2,0,2,0,2,0,0,0,0,2,2,2,1,0,0,2,2
42,-3702.955,4204.826,216.061,33.065,0.836641,-0.545589,0.048620,0.544901,0.838046,0.027600,-0.055804,0.003402,0.998436,0,0.77061,-0.40000,46.236,-0.800,-1,400.000,-1,375.000,-1,325.000,325.000,300.000,300.000,-1,-1,-1,550.000,750.000,725.000,-1,-1,2,0,2,0,2,0,0,0,0,2,2,2,1,0,0,2,2
43,-3664.049,4229.617,213.603,32.505,0.841962,-0.537374,0.048268,0.536673,0.843340,0.027570,-0.055522,0.002692,0.998454,0,0.76888,-0.28000,46.133,-0.560,-1,400.000,-1,375.000,-1,325.000,325.000,300.000,325.000,-1,-1,-1,550.000,725.000,725.000,-1,-1,2,0,2,0,2,0,0,0,0,2,2,2,1,0,0,2,2
44,-3625.112,4254.123,211.153,32.185,0.844980,-0.532656,0.047820,0.531946,0.846329,0.027572,-0.055158,0.002140,0.998475,0,0.76679,-0.16000,46.007,-0.320,-1,400.000,-1,375.000,-1,325.000,325.000,300.000,325.000,-1,-1,-1,550.000,725.000,725.000,-1,-1,2,0,2,0,2,0,0,0,0,2,2,2,1,0,0,2,2
45,-3586.202,4278.410,208.717,31.972,0.846992,-0.529497,0.047306,0.528780,0.848310,0.027593,-0.054741,0.001643,0.998499,0,0.76445,-0.10682,45.867,-0.214,-1,400.000,-1,375.000,-1,325.000,325.000,300.000,325.000,-1,-1,-1,575.000,725.000,725.000,-1,-1,2,0,2,0,2,0,0,0,0,2,2,2,1,0,0,2,2
46,-3547.310,4302.504,206.287,31.779,0.848803,-0.526637,0.046761,0.525914,0.850089,0.027617,-0.054295,0.001151,0.998524,0,0.76251,-0.09649,45.751,-0.193,-1,400.000,-1,375.000,-1,325.000,325.000,300.000,325.000,-1,-1,-1,575.000,725.000,725.000,-1,-1,2,0,2,0,2,0,0,0,0,2,2,2,1,0,0,2,2
47,-3508.408,4326.443,203.792,31.607,0.850393,-0.524090,0.046495,0.523367,0.851663,0.027531,-0.054027,0.000922,0.998539,0,0.76130,-0.08577,45.678,-0.172,-1,400.000,-1,375.000,-1,325.000,325.000,300.000,325.000,-1,-1,-1,600.000,725.000,725.000,-1,-1,2,0,2,0,2,0,0,0,0,2,2,2,1,0,0,2,2
48,-3469.470,4350.265,201.301,31.458,0.851775,-0.521868,0.046189,0.521146,0.853026,0.027449,-0.053726,0.000691,0.998556,0,0.76079,-0.07467,45.647,-0.149,-1,400.000,-1,375.000,-1,325.000,325.000,300.000,325.000,-1,-1,-1,625.000,725.000,725.000,-1,-1,2,0,2,0,2,0,0,0,0,2,2,2,1,0,0,2,2
49,-3430.470,4374.006,198.814,31.331,0.852944,-0.519985,0.045847,0.519264,0.854175,0.027388,-0.053402,0.000446,0.998573,0,0.76096,-0.06319,45.658,-0.126,-1,400.000,-1,375.000,-1,325.000,325.000,300.000,325.000,-1,-1,-1,625.000,725.000,725.000,-1,-1,2,0,2,0,2,0,0,0,0,2,2,2,1,0,0,2,2
50,-3391.385,4397.704,196.334,31.229,0.853896,-0.518454,0.045469,0.517731,0.855106,0.027363,-0.053067,0.000175,0.998591,0,0.76180,-0.05135,45.708,-0.103,-1,400.000,-1,375.000,-1,325.000,325.000,300.000,325.000,-1,-1,-1,650.000,725.000,725.000,-1,-1,2,0,2,0,2,0,0,0,0,2,2,2,1,0,0,2,2
51,-3352.192,4421.393,193.865,31.150,0.854628,-0.517285,0.045026,0.516560,0.855813,0.027386,-0.052700,-0.000146,0.998610,0,0.76327,-0.03913,45.796,-0.078,-1,400.000,-1,375.000,-1,325.000,325.000,300.000,325.000,-1,-1,-1,675.000,725.000,725.000,-1,-1,2,0,2,0,2,0,0,0,0,2,2,2,1,0,0,2,2
52,-3312.869,4445.112,191.452,31.097,0.855145,-0.516491,0.044309,0.515757,0.856292,0.027534,-0.052163,-0.000693,0.998638,0,0.76537,-0.02656,45.922,-0.053,1000.000,400.000,-1,375.000,-1,325.000,325.000,300.000,325.000,-1,-1,-1,700.000,725.000,725.000,-1,-1,1,0,2,0,2,0,0,0,0,2,2,2,1,0,0,2,2
53,-3273.395,4468.896,189.039,31.070,0.855430,-0.516084,0.043559,0.515341,0.856537,0.027718,-0.051614,-0.001264,0.998666,0,0.76808,-0.01362,46.085,-0.027,975.000,375.000,-1,375.000,-1,325.000,325.000,300.000,325.000,-1,-1,-1,700.000,725.000,725.000,-1,-1,1,0,2,0,2,0,0,0,0,2,2,2,1,0,0,2,2
54,-3232.182,4493.726,186.529,31.068,0.855485,-0.516061,0.042743,0.515307,0.856550,0.027947,-0.051034,-0.001883,0.998695,0,0.80192,-0.00075,48.115,-0.001,950.000,375.000,-1,375.000,-1,325.000,325.000,300.000,325.000,-1,-1,-1,725.000,725.000,750.000,-1,-1,1,0,2,0,2,0,0,0,0,2,2,2,1,0,0,2,2
55,-3190.940,4518.595,184.034,31.090,0.855332,-0.516380,0.041930,0.515616,0.856356,0.028200,-0.050469,-0.002501,0.998723,0,0.80266,0.01070,48.160,0.021,950.000,375.000,-1,375.000,-1,325.000,325.000,300.000,325.000,-1,-1,-1,750.000,725.000,750.000,-1,-1,1,0,2,0,2,0,0,0,0,2,2,2,1,0,0,2,2
56,-3149.650,4543.537,181.746,31.135,0.854947,-0.517055,0.041462,0.516314,0.855949,0.027765,-0.049846,-0.002330,0.998754,0,0.80397,0.02257,48.238,0.045,925.000,375.000,-1,400.000,-1,325.000,325.000,300.000,325.000,-1,-1,-1,775.000,725.000,750.000,-1,-1,1,0,2,0,2,0,0,0,0,2,2,2,1,0,0,2,2
57,-3108.295,4568.588,179.471,31.205,0.854339,-0.518096,0.041001,0.517379,0.855320,0.027345,-0.049237,-0.002149,0.998785,0,0.80585,0.03485,48.351,0.070,925.000,375.000,-1,400.000,-1,325.000,325.000,300.000,300.000,-1,-1,-1,800.000,725.000,750.000,-1,-1,1,0,2,0,2,0,0,0,0,2,2,2,1,0,0,2,2
58,-3066.855,4593.783,177.227,31.300,0.853499,-0.519515,0.040534,0.518825,0.854459,0.026847,-0.048582,-0.001884,0.998817,0,0.80830,0.04755,48.498,0.095,925.000,375.000,-1,400.000,-1,325.000,325.000,300.000,300.000,-1,-1,-1,825.000,725.000,750.000,-1,-1,1,0,2,0,2,0,0,0,0,2,2,2,1,0,0,2,2
59,-3021.540,4621.699,174.801,31.635,0.850466,-0.524504,0.040028,0.523850,0.851407,0.026222,-0.047833,-0.001332,0.998854,0,0.88706,0.16755,53.223,0.335,950.000,375.000,-1,400.000,-1,325.000,325.000,300.000,300.000,-1,-1,-1,850.000,725.000,750.000,-1,-1,1,0,2,0,2,0,0,0,0,2,2,2,1,0,0,2,2
60,-2976.197,4650.153,172.343,32.109,0.846118,-0.531528,0.039524,0.530916,0.847040,0.025502,-0.047033,-0.000594,0.998893,0,0.89220,0.23692,53.532,0.474,-1,375.000,-1,400.000,-1,325.000,325.000,300.000,300.000,-1,-1,-1,875.000,725.000,775.000,-1,-1,2,0,2,0,2,0,0,0,0,2,2,2,1,0,0,2,2
61,-2930.834,4679.181,169.814,32.616,0.841402,-0.539001,0.039004,0.538443,0.842305,0.024511,-0.046065,0.000378,0.998938,0,0.89759,0.25344,53.856,0.507,-1,375.000,-1,400.000,-1,325.000,325.000,300.000,300.000,-1,-1,-1,900.000,725.000,775.000,-1,-1,2,0,2,0,2,0,0,0,0,2,2,2,1,0,0,2,2
62,-2885.466,4708.820,167.277,33.156,0.836295,-0.546926,0.038505,0.546420,0.837180,0.023547,-0.045114,0.001347,0.998981,0,0.90320,0.27036,54.192,0.541,-1,375.000,-1,400.000,-1,325.000,325.000,300.000,300.000,-1,-1,-1,925.000,750.000,775.000,-1,-1,2,0,2,0,2,0,0,0,0,2,2,2,1,0,0,2,2
63,-2840.108,4739.106,164.732,33.732,0.830778,-0.555304,0.038027,0.554848,0.831645,0.022612,-0.044181,0.002314,0.999021,0,0.90899,0.28767,54.540,0.575,-1,375.000,-1,400.000,-1,325.000,325.000,300.000,300.000,-1,1000.000,-1,950.000,750.000,775.000,-1,-1,2,0,2,0,2,0,0,0,0,2,0,2,1,0,0,2,2
64,-2794.780,4770.076,162.228,34.342,0.824826,-0.564135,0.037587,0.563717,0.825677,0.021932,-0.043407,0.003098,0.999053,0,0.91496,0.30536,54.898,0.611,-1,400.000,-1,400.000,-1,325.000,325.000,300.000,300.000,-1,950.000,-1,975.000,750.000,775.000,-1,-1,2,0,2,0,2,0,0,0,0,2,0,2,1,0,0,2,2
65,-2749.503,4801.766,159.744,34.989,0.818418,-0.573419,0.037173,0.573032,0.819253,0.021414,-0.042733,0.003775,0.999079,0,0.92109,0.32342,55.265,0.647,-1,400.000,-1,400.000,-1,325.000,325.000,300.000,300.000,-1,950.000,1000.000,1000.000,750.000,800.000,-1,-1,2,0,2,0,2,0,0,0,0,2,0,0,1,0,0,2,2
66,-2704.303,4834.213,157.253,35.673,0.811530,-0.583152,0.036771,0.582794,0.812351,0.020922,-0.042072,0.004451,0.999105,0,0.92734,0.34184,55.641,0.684,-1,400.000,-1,400.000,-1,325.000,325.000,300.000,300.000,-1,925.000,975.000,-1,775.000,800.000,-1,-1,2,0,2,0,2,0,0,0,0,2,0,0,2,0,0,2,2
67,-2659.207,4867.453,154.674,36.394,0.804121,-0.593328,0.036748,0.593004,0.804942,0.020357,-0.041658,0.005422,0.999117,0,0.93371,0.36060,56.023,0.721,-1,400.000,-1,400.000,-1,325.000,325.000,300.000,300.000,-1,950.000,1000.000,-1,775.000,800.000,-1,-1,2,0,2,0,2,0,0,0,0,2,0,0,2,0,0,2,2
68,-2614.247,4901.523,152.089,37.154,0.796174,-0.603940,0.036922,0.603652,0.797003,0.019782,-0.041374,0.006539,0.999122,0,0.94018,0.37969,56.411,0.759,-1,400.000,-1,400.000,-1,325.000,325.000,300.000,300.000,-1,975.000,1000.000,-1,775.000,800.000,-1,-1,2,0,2,0,2,0,0,0,0,2,0,0,2,0,0,2,2
69,-2569.455,4936.458,149.652,37.952,0.787652,-0.614978,0.037499,0.614731,0.788504,0.019156,-0.041348,0.007964,0.999113,0,0.94674,0.39909,56.804,0.798,-1,400.000,-1,400.000,-1,325.000,325.000,300.000,300.000,-1,-1,-1,-1,775.000,800.000,-1,-1,2,0,2,0,2,0,0,0,0,2,2,2,2,0,0,2,2
70,-2528.762,4968.838,147.453,38.510,0.781601,-0.622625,0.037931,0.622411,0.782468,0.018662,-0.041300,0.009023,0.999106,0,0.86674,0.27909,52.004,0.558,-1,400.000,-1,400.000,-1,325.000,325.000,300.000,300.000,-1,-1,-1,-1,775.000,825.000,-1,-1,2,0,2,0,2,0,0,0,0,2,2,2,2,0,0,2,2
71,-2491.988,4998.435,145.487,38.828,0.778101,-0.626955,0.038563,0.626770,0.778991,0.018205,-0.041454,0.010005,0.999090,0,0.78674,0.15909,47.204,0.318,-1,400.000,-1,400.000,-1,325.000,325.000,300.000,300.000,-1,-1,-1,-1,800.000,825.000,-1,-1,2,0,2,0,2,0,0,0,0,2,2,2,2,0,0,2,2
72,-2456.784,5026.847,143.592,38.906,0.777216,-0.628012,0.039200,0.627853,0.778129,0.017798,-0.041680,0.010779,0.999073,0,0.75400,0.03909,45.240,0.078,-1,400.000,-1,400.000,-1,325.000,325.000,300.000,300.000,-1,-1,-1,-1,800.000,825.000,-1,-1,2,0,2,0,2,0,0,0,0,2,2,2,2,0,0,2,2
73,-2421.639,5055.049,141.691,38.744,0.778958,-0.625808,0.039856,0.625669,0.779894,0.017420,-0.041985,0.011367,0.999054,0,0.75101,-0.08091,45.061,-0.162,-1,400.000,-1,400.000,-1,325.000,325.000,300.000,300.000,-1,-1,-1,-1,800.000,825.000,-1,-1,2,0,2,0,2,0,0,0,0,2,2,2,2,0,0,2,2
74,-2386.473,5082.864,139.784,38.343,0.783301,-0.620321,0.040520,0.620197,0.784260,0.017065,-0.042364,0.011764,0.999033,0,0.74728,-0.20091,44.837,-0.402,-1,400.000,-1,400.000,-1,325.000,325.000,300.000,300.000,-1,-1,-1,-1,800.000,825.000,-1,-1,2,0,2,0,2,0,0,0,0,2,2,2,2,0,0,2,2
75,-2351.210,5110.118,137.788,37.701,0.790173,-0.611498,0.041190,0.611367,0.791161,0.017175,-0.043091,0.011611,0.999004,0,0.74279,-0.32091,44.568,-0.642,-1,400.000,-1,400.000,-1,325.000,325.000,300.000,300.000,-1,-1,-1,-1,800.000,825.000,-1,-1,2,0,2,0,2,0,0,0,0,2,2,2,2,0,0,2,2
76,-2315.783,5136.639,135.773,36.819,0.799465,-0.599252,0.041865,0.599105,0.800482,0.017369,-0.043921,0.011196,0.998972,0,0.73757,-0.44091,44.254,-0.882,-1,400.000,-1,400.000,-1,325.000,325.000,300.000,300.000,-1,-1,-1,-1,800.000,825.000,-1,-1,2,0,2,0,2,0,0,1,0,2,2,2,2,0,0,2,2
77,-2280.133,5162.254,133.749,35.697,0.811020,-0.583470,0.042543,0.583300,0.812066,0.017601,-0.044817,0.010541,0.998940,0,0.73163,-0.56091,43.898,-1.122,-1,400.000,-1,400.000,-1,325.000,325.000,275.000,300.000,-1,-1,-1,-1,800.000,825.000,-1,-1,2,0,2,0,2,0,0,1,0,2,2,2,2,0,0,2,2
78,-2244.211,5186.791,131.705,34.335,0.824635,-0.564011,0.043227,0.563808,0.825712,0.017927,-0.045804,0.009588,0.998904,0,0.72504,-0.68091,43.502,-1.362,-1,400.000,-1,400.000,-1,325.000,325.000,275.000,300.000,-1,-1,-1,-1,800.000,825.000,-1,-1,2,0,2,0,2,0,0,1,0,2,2,2,2,0,0,2,2
79,-2203.800,5213.249,129.418,33.214,0.835491,-0.547741,0.043981,0.547505,0.836602,0.018329,-0.046835,0.008766,0.998864,0,0.80504,-0.56091,48.302,-1.122,-1,400.000,-1,400.000,-1,325.000,325.000,275.000,300.000,-1,-1,-1,-1,800.000,825.000,-1,-1,2,0,2,0,2,0,0,1,0,2,2,2,2,0,0,2,2
80,-2158.930,5241.649,126.888,32.332,0.843787,-0.534804,0.044811,0.534535,0.844937,0.018804,-0.047919,0.008086,0.998819,0,0.88504,-0.44091,53.102,-0.882,-1,400.000,-1,400.000,-1,325.000,325.000,275.000,300.000,-1,-1,-1,-1,800.000,825.000,-1,-1,2,0,2,0,2,0,0,1,0,2,2,2,2,0,0,2,2
81,-2111.747,5270.778,124.151,31.690,0.849688,-0.525307,0.045636,0.525023,0.850877,0.018963,-0.048792,0.007848,0.998778,0,0.92417,-0.32091,55.450,-0.642,-1,400.000,-1,400.000,-1,325.000,325.000,275.000,300.000,-1,-1,-1,-1,800.000,825.000,-1,-1,2,0,2,0,2,0,0,1,0,2,2,2,2,0,0,2,2
82,-2064.690,5299.376,121.409,31.288,0.853312,-0.519327,0.046453,0.519034,0.854540,0.019119,-0.049625,0.007796,0.998738,0,0.91776,-0.20091,55.066,-0.402,-1,400.000,-1,400.000,-1,325.000,325.000,300.000,300.000,-1,-1,-1,-1,800.000,825.000,-1,-1,2,0,2,0,2,0,0,1,0,2,2,2,2,0,0,2,2
83,-2017.823,5327.644,118.645,31.096,0.854989,-0.516456,0.047609,0.516153,0.856276,0.019414,-0.050793,0.007975,0.998677,0,0.91220,-0.09613,54.732,-0.192,-1,400.000,-1,400.000,-1,325.000,325.000,300.000,300.000,-1,-1,-1,-1,800.000,800.000,-1,-1,2,0,2,0,2,0,0,0,0,2,2,2,2,0,0,2,2
84,-1971.104,5355.604,115.819,30.900,0.856681,-0.513516,0.048977,0.513210,0.858039,0.019601,-0.052090,0.008343,0.998608,0,0.90744,-0.09822,54.447,-0.196,-1,400.000,-1,400.000,-1,325.000,325.000,300.000,300.000,-1,-1,-1,-1,800.000,800.000,-1,-1,2,0,2,0,2,0,0,0,0,2,2,2,2,0,0,2,2
85,-1924.510,5383.267,112.983,30.698,0.858406,-0.510496,0.050323,0.510187,0.859836,0.019768,-0.053361,0.008705,0.998537,0,0.90310,-0.10067,54.186,-0.201,-1,400.000,-1,400.000,-1,325.000,325.000,300.000,300.000,-1,-1,-1,-1,800.000,800.000,-1,-1,2,0,2,0,2,0,0,0,0,2,2,2,2,0,0,2,2
86,-1878.019,5410.643,110.125,30.491,0.860173,-0.507386,0.051592,0.507074,0.861672,0.019935,-0.054570,0.009013,0.998469,0,0.89921,-0.10347,53.953,-0.207,-1,400.000,-1,400.000,-1,325.000,325.000,300.000,300.000,-1,-1,-1,-1,800.000,775.000,-1,-1,2,0,2,0,2,0,0,0,0,2,2,2,2,0,0,2,2
87,-1831.603,5437.742,107.157,30.278,0.862012,-0.504176,0.052369,0.503848,0.863555,0.020266,-0.055441,0.008916,0.998422,0,0.89579,-0.10660,53.747,-0.213,-1,400.000,-1,400.000,-1,325.000,325.000,300.000,300.000,950.000,-1,-1,-1,775.000,775.000,-1,-1,2,0,2,0,2,0,0,0,0,1,2,2,2,0,0,2,2
88,-1785.236,5464.575,104.173,30.058,0.863899,-0.500856,0.053119,0.500510,0.865486,0.020587,-0.056285,0.008802,0.998376,0,0.89286,-0.11005,53.571,-0.220,-1,400.000,-1,400.000,-1,325.000,325.000,300.000,300.000,825.000,-1,-1,-1,775.000,775.000,-1,-1,2,0,2,0,2,0,0,0,0,1,2,2,2,0,0,2,2
89,-1738.889,5491.150,101.121,29.830,0.865837,-0.497415,0.053885,0.497037,0.867471,0.021168,-0.057273,0.008455,0.998323,0,0.89042,-0.11379,53.425,-0.228,-1,400.000,-1,400.000,-1,325.000,325.000,300.000,300.000,775.000,-1,-1,-1,775.000,775.000,-1,-1,2,0,2,0,2,0,0,0,0,1,2,2,2,0,0,2,2
90,-1692.535,5517.478,98.044,29.595,0.867836,-0.493845,0.054563,0.493433,0.869513,0.021730,-0.058175,0.008065,0.998274,0,0.88849,-0.11782,53.309,-0.236,-1,400.000,-1,400.000,-1,325.000,325.000,300.000,300.000,750.000,-1,-1,-1,775.000,750.000,-1,-1,2,0,2,0,2,0,0,0,0,1,2,2,2,0,0,2,2
91,-1646.143,5543.565,94.950,29.350,0.869897,-0.490135,0.055197,0.489690,0.871613,0.022257,-0.059020,0.007668,0.998227,0,0.88706,-0.12212,53.223,-0.244,-1,400.000,-1,400.000,-1,325.000,325.000,300.000,300.000,750.000,-1,-1,-1,775.000,750.000,-1,-1,2,0,2,0,2,0,0,0,0,1,2,2,2,0,0,2,2
92,-1599.686,5569.420,91.845,29.097,0.872019,-0.486278,0.055820,0.485801,0.873774,0.022737,-0.059831,0.007290,0.998182,0,0.88611,-0.12668,53.167,-0.253,-1,400.000,-1,400.000,-1,325.000,325.000,300.000,300.000,750.000,-1,-1,-1,775.000,750.000,-1,-1,2,0,2,0,2,0,0,0,0,1,2,2,2,0,0,2,2
93,-1553.135,5595.048,88.727,28.834,0.874207,-0.482264,0.056431,0.481757,0.875999,0.023170,-0.060608,0.006931,0.998138,0,0.88566,-0.13148,53.139,-0.263,-1,400.000,-1,400.000,-1,325.000,325.000,300.000,300.000,750.000,-1,-1,-1,750.000,750.000,-1,-1,2,0,2,0,2,0,0,0,0,1,2,2,2,0,0,2,2
94,-1506.461,5620.454,85.594,28.561,0.876460,-0.478085,0.057031,0.477550,0.878289,0.023557,-0.061352,0.006588,0.998094,0,0.88567,-0.13652,53.140,-0.273,-1,400.000,-1,400.000,-1,325.000,325.000,300.000,300.000,775.000,-1,-1,-1,750.000,725.000,-1,-1,2,0,2,0,2,0,0,0,0,1,2,2,2,0,0,2,2
95,-1459.638,5645.642,82.417,28.278,0.878786,-0.473733,0.057544,0.473181,0.880645,0.023741,-0.061923,0.006365,0.998061,0,0.88613,-0.14177,53.168,-0.284,-1,400.000,-1,400.000,-1,325.000,325.000,300.000,300.000,800.000,-1,-1,-1,750.000,725.000,-1,-1,2,0,2,0,2,0,0,0,0,1,2,2,2,0,0,2,2
96,-1412.638,5670.614,79.164,27.983,0.881192,-0.469201,0.057889,0.468652,0.883069,0.023560,-0.062174,0.006369,0.998045,0,0.88703,-0.14725,53.222,-0.294,-1,400.000,-1,375.000,-1,325.000,325.000,300.000,300.000,825.000,-1,-1,-1,750.000,725.000,-1,-1,2,0,2,0,2,0,0,0,0,1,2,2,2,0,0,2,2
97,-1365.436,5695.372,75.959,27.677,0.883685,-0.464481,0.057952,0.463928,0.885562,0.023473,-0.062223,0.006143,0.998043,0,0.88836,-0.15292,53.302,-0.306,-1,375.000,-1,375.000,-1,325.000,325.000,300.000,300.000,850.000,-1,-1,-1,750.000,725.000,-1,-1,2,0,2,0,2,0,0,0,0,1,2,2,2,0,0,2,2
98,-1318.004,5719.916,72.818,27.360,0.886270,-0.459567,0.057648,0.458998,0.888126,0.023524,-0.062009,0.005612,0.998060,0,0.89009,-0.15880,53.405,-0.318,-1,375.000,-1,375.000,-1,325.000,325.000,300.000,300.000,900.000,-1,-1,-1,750.000,725.000,-1,-1,2,0,2,0,2,0,0,0,0,1,2,2,2,0,0,2,2
99,-1270.319,5744.244,69.664,27.030,0.888927,-0.454450,0.057311,0.453866,0.890758,0.023568,-0.061761,0.005061,0.998078,0,0.89221,-0.16486,53.533,-0.330,-1,375.000,-1,375.000,-1,325.000,325.000,300.000,300.000,925.000,-1,-1,-1,750.000,700.000,-1,-1,2,0,2,0,2,0,0,0,0,1,2,2,2,0,0,2,2
100,-1222.356,5768.354,66.484,26.688,0.891658,-0.449123,0.056884,0.448522,0.893459,0.023634,-0.061438,0.004440,0.998101,0,0.89470,-0.17110,53.682,-0.342,-1,375.000,-1,375.000,-1,325.000,325.000,300.000,300.000,950.000,-1,-1,-1,750.000,700.000,-1,-1,2,0,2,0,2,0,0,0,0,1,2,2,2,0,0,2,2
101,-1174.091,5792.242,63.248,26.333,0.894470,-0.443579,0.056228,0.442956,0.896228,0.023787,-0.060944,0.003629,0.998135,0,0.89755,-0.17752,53.853,-0.355,-1,375.000,-1,375.000,-1,325.000,325.000,300.000,300.000,1000.000,-1,-1,-1,750.000,675.000,-1,-1,2,0,2,0,2,0,0,0,0,1,2,2,2,0,0,2,2
102,-1122.964,5817.146,59.923,25.971,0.897310,-0.437908,0.055426,0.437290,0.899014,0.023461,-0.060103,0.003185,0.998187,0,0.94784,-0.18102,56.871,-0.362,-1,375.000,-1,375.000,-1,325.000,325.000,300.000,300.000,-1,-1,-1,-1,750.000,675.000,-1,-1,2,0,2,0,2,0,0,0,0,2,2,2,2,0,0,2,2
103,-1074.169,5840.785,56.800,25.849,0.898293,-0.435992,0.054596,0.435402,0.899945,0.022904,-0.059119,0.003197,0.998246,0,0.90366,-0.06102,54.219,-0.122,-1,400.000,-1,375.000,-1,325.000,325.000,300.000,300.000,-1,-1,-1,-1,750.000,650.000,-1,-1,2,0,2,0,2,0,0,0,0,2,2,2,2,0,0,2,2
104,-1025.505,5864.485,53.643,25.967,0.897440,-0.437844,0.053805,0.437275,0.899045,0.022546,-0.058245,0.003294,0.998297,0,0.90214,0.05898,54.128,0.118,-1,400.000,-1,375.000,-1,325.000,325.000,300.000,300.000,-1,-1,-1,-1,750.000,650.000,-1,-1,2,0,2,0,2,0,0,0,0,2,2,2,2,0,0,2,2
105,-977.066,5888.451,50.467,26.325,0.894728,-0.443452,0.053038,0.442905,0.896291,0.022297,-0.057425,0.003541,0.998344,0,0.90074,0.17898,54.044,0.358,-1,400.000,-1,375.000,-1,325.000,325.000,300.000,300.000,-1,-1,-1,-1,750.000,650.000,-1,-1,2,0,2,0,2,0,0,0,0,2,2,2,2,0,0,2,2
106,-928.945,5912.888,47.284,26.922,0.890088,-0.452781,0.052283,0.452259,0.891613,0.022091,-0.056618,0.003982,0.998388,0,0.89950,0.29898,53.970,0.598,-1,400.000,-1,375.000,-1,325.000,325.000,300.000,300.000,-1,-1,-1,-1,750.000,625.000,-1,-1,2,0,2,0,2,0,0,0,0,2,2,2,2,0,0,2,2
107,-881.242,5937.997,44.093,27.760,0.883403,-0.465771,0.051539,0.465277,0.884893,0.021921,-0.055816,0.004615,0.998430,0,0.89845,0.41898,53.907,0.838,-1,400.000,-1,375.000,975.000,325.000,325.000,300.000,300.000,-1,-1,-1,-1,750.000,625.000,-1,975.000,2,0,2,0,0,0,0,0,0,2,2,2,2,0,0,2,0
108,-834.065,5963.974,40.923,28.838,0.874512,-0.482334,0.050826,0.481866,0.875971,0.021899,-0.055084,0.005340,0.998467,0,0.89760,0.53898,53.856,1.078,-1,400.000,-1,375.000,925.000,325.000,300.000,300.000,300.000,-1,-1,-1,-1,725.000,600.000,-1,950.000,2,0,2,0,0,0,0,0,0,2,2,2,2,0,0,2,0
109,-787.531,5991.010,37.881,30.156,0.863204,-0.502353,0.050207,0.501881,0.864643,0.022521,-0.054725,0.005758,0.998485,0,0.89697,0.65898,53.818,1.318,-1,400.000,-1,350.000,875.000,325.000,300.000,300.000,300.000,-1,-1,-1,-1,725.000,600.000,-1,900.000,2,0,2,0,0,0,0,0,0,2,2,2,2,0,0,2,0
110,-741.669,6019.125,34.881,31.510,0.851115,-0.522633,0.049585,0.522145,0.852537,0.023360,-0.054481,0.006009,0.998497,0,0.89657,0.67664,53.794,1.353,-1,400.000,-1,350.000,825.000,325.000,300.000,300.000,300.000,-1,-1,-1,-1,725.000,600.000,-1,850.000,2,0,2,0,0,0,0,0,0,2,2,2,2,0,0,2,0
111,-696.503,6048.304,32.434,32.863,0.838683,-0.542634,0.046466,0.542071,0.839959,0.025074,-0.052636,0.004159,0.998605,0,0.89619,0.67692,53.771,1.354,-1,400.000,-1,350.000,825.000,325.000,300.000,300.000,325.000,-1,-1,-1,-1,725.000,600.000,-1,850.000,2,0,2,0,0,0,0,0,0,2,2,2,2,0,0,2,0
112,-652.058,6078.529,30.107,34.218,0.825800,-0.562339,0.042763,0.561699,0.826905,0.026876,-0.050475,0.001826,0.998724,0,0.89581,0.67715,53.749,1.354,-1,400.000,-1,350.000,825.000,325.000,300.000,300.000,325.000,-1,-1,-1,-1,725.000,600.000,-1,850.000,2,0,2,0,0,0,0,0,0,2,2,2,2,0,0,2,0
113,-608.359,6109.783,27.776,35.572,0.812444,-0.581731,0.039040,0.581030,0.813381,0.028562,-0.048370,-0.000522,0.998829,0,0.89543,0.67731,53.726,1.355,-1,400.000,-1,350.000,800.000,325.000,300.000,300.000,325.000,-1,825.000,975.000,-1,750.000,625.000,-1,875.000,2,0,2,0,0,0,0,0,0,2,0,0,2,0,0,2,0
114,-565.430,6142.048,25.446,36.927,0.798621,-0.600798,0.035306,0.600048,0.799396,0.030133,-0.046327,-0.002880,0.998922,0,0.89504,0.67742,53.702,1.355,-1,400.000,-1,350.000,800.000,325.000,300.000,300.000,325.000,-1,750.000,900.000,-1,750.000,625.000,-1,900.000,2,0,2,0,0,0,0,0,0,2,0,0,2,0,0,2,0
115,-523.294,6175.304,23.226,38.282,0.784318,-0.619527,0.032118,0.618747,0.784960,0.031461,-0.044702,-0.004803,0.998989,0,0.89465,0.67747,53.679,1.355,-1,400.000,-1,350.000,800.000,325.000,300.000,300.000,300.000,-1,700.000,875.000,-1,750.000,625.000,-1,925.000,2,0,2,0,0,0,0,0,0,2,0,0,2,0,0,2,0
116,-481.973,6209.533,21.007,39.637,0.769569,-0.637908,0.028921,0.637105,0.770083,0.032706,-0.043135,-0.006743,0.999047,0,0.89427,0.67746,53.656,1.355,-1,400.000,-1,375.000,825.000,325.000,300.000,300.000,300.000,-1,700.000,875.000,-1,750.000,625.000,-1,950.000,2,0,2,0,0,0,0,0,0,2,0,0,2,0,0,2,0
117,-441.491,6244.714,18.491,40.992,0.754338,-0.655932,0.026956,0.655114,0.754781,0.033637,-0.042410,-0.007715,0.999071,0,0.89389,0.67739,53.633,1.355,-1,400.000,-1,375.000,800.000,325.000,300.000,300.000,300.000,-1,700.000,900.000,-1,750.000,625.000,-1,950.000,2,0,2,0,0,0,0,0,0,2,0,0,2,0,0,2,0
118,-401.868,6280.826,15.884,42.346,0.738688,-0.673585,0.024953,0.672755,0.739058,0.034552,-0.041716,-0.008736,0.999091,0,0.89351,0.67726,53.610,1.355,-1,400.000,-1,375.000,800.000,325.000,300.000,300.000,300.000,-1,725.000,925.000,-1,750.000,625.000,-1,950.000,2,0,2,0,0,0,0,0,0,2,0,0,2,0,0,2,0
119,-363.127,6317.850,13.425,43.701,0.722619,-0.690861,0.023085,0.690058,0.722932,0.034497,-0.040521,-0.008999,0.999138,0,0.89313,0.67707,53.588,1.354,-1,400.000,-1,375.000,800.000,325.000,300.000,300.000,300.000,-1,700.000,925.000,-1,775.000,625.000,-1,950.000,2,0,2,0,0,0,0,0,0,2,0,0,2,0,0,2,0
120,-325.286,6355.762,11.136,45.054,0.706138,-0.707750,0.021425,0.707012,0.706413,0.033381,-0.038760,-0.008423,0.999213,0,0.89277,0.67683,53.566,1.354,-1,400.000,-1,375.000,800.000,325.000,300.000,300.000,300.000,-1,675.000,900.000,-1,775.000,625.000,-1,975.000,2,0,2,0,0,0,0,0,0,2,0,0,2,0,0,2,0
121,-288.365,6394.542,8.808,46.407,0.689265,-0.724236,0.019896,0.723558,0.689507,0.032312,-0.037120,-0.007876,0.999280,0,0.89240,0.67653,53.544,1.353,-1,400.000,-1,375.000,800.000,325.000,300.000,300.000,275.000,-1,675.000,875.000,-1,775.000,625.000,-1,975.000,2,0,2,0,0,0,0,0,0,2,0,0,2,0,0,2,0
122,-252.385,6434.167,7.062,47.760,0.672039,-0.740296,0.018023,0.739570,0.672212,0.034169,-0.037410,-0.009634,0.999254,0,0.89205,0.67617,53.523,1.352,-1,400.000,-1,375.000,825.000,325.000,325.000,300.000,275.000,-1,775.000,1000.000,-1,775.000,625.000,-1,1000.000,2,0,2,0,0,0,0,0,0,2,0,0,2,0,0,2,0
123,-217.363,6474.614,5.317,49.111,0.654455,-0.755930,0.016093,0.755148,0.654550,0.036257,-0.037941,-0.011576,0.999213,0,0.89171,0.67576,53.502,1.352,-1,400.000,-1,375.000,825.000,325.000,325.000,300.000,275.000,-1,900.000,-1,-1,775.000,625.000,-1,1000.000,2,0,2,0,0,0,0,0,0,2,0,2,2,0,0,2,0
124,-186.203,6512.044,3.688,50.223,0.639729,-0.768467,0.014305,0.767638,0.639749,0.038114,-0.038441,-0.013402,0.999171,0,0.81171,0.55576,48.702,1.112,-1,400.000,-1,375.000,850.000,325.000,325.000,300.000,275.000,-1,-1,-1,-1,775.000,625.000,-1,1000.000,2,0,2,0,0,0,0,0,0,2,2,2,2,0,0,2,0
125,-156.694,6548.608,2.092,51.094,0.628029,-0.778089,0.012567,0.777219,0.627970,0.039812,-0.038869,-0.015236,0.999128,0,0.78311,0.43576,46.986,0.872,-1,400.000,-1,375.000,850.000,325.000,325.000,300.000,275.000,-1,-1,-1,-1,775.000,625.000,-1,1000.000,2,0,2,0,0,0,0,0,0,2,2,2,2,0,0,2,0
126,-127.611,6585.469,0.477,51.726,0.619479,-0.784938,0.010827,0.784033,0.619336,0.041422,-0.039220,-0.017171,0.999083,0,0.78254,0.31576,46.953,0.632,-1,400.000,-1,375.000,850.000,325.000,325.000,300.000,275.000,-1,-1,-1,-1,775.000,625.000,-1,975.000,2,0,2,0,0,0,0,0,0,2,2,2,2,0,0,2,0
127,-98.808,6622.491,-1.153,52.117,0.614168,-0.789123,0.009095,0.788186,0.613935,0.042963,-0.039487,-0.019218,0.999035,0,0.78178,0.19576,46.907,0.392,-1,400.000,-1,375.000,850.000,325.000,325.000,300.000,300.000,-1,-1,-1,-1,750.000,625.000,-1,975.000,2,0,2,0,0,0,0,0,0,2,2,2,2,0,0,2,0
128,-70.138,6659.545,-2.964,52.269,0.612133,-0.790719,0.007563,0.789784,0.611827,0.043688,-0.039172,-0.020770,0.999017,0,0.78084,0.07576,46.850,0.152,-1,400.000,-1,350.000,825.000,325.000,325.000,300.000,300.000,-1,-1,-1,-1,750.000,625.000,-1,950.000,2,0,2,0,0,0,0,0,0,2,2,2,2,0,0,2,0
129,-41.452,6696.502,-4.505,52.180,0.613445,-0.789725,0.004395,0.788851,0.613010,0.043960,-0.037411,-0.023500,0.999024,0,0.77974,-0.04424,46.784,-0.088,-1,400.000,-1,350.000,850.000,325.000,325.000,300.000,275.000,-1,-1,-1,-1,750.000,625.000,-1,975.000,2,0,2,0,0,0,0,0,0,2,2,2,2,0,0,2,0
130,-12.600,6733.237,-5.961,51.852,0.618055,-0.786134,0.000762,0.785346,0.617478,0.044198,-0.035216,-0.026719,0.999022,0,0.77850,-0.16424,46.710,-0.328,-1,400.000,-1,350.000,875.000,325.000,300.000,300.000,300.000,-1,-1,-1,-1,750.000,625.000,-1,-1,2,0,2,0,0,0,0,0,0,2,2,2,2,0,0,2,2
131,16.564,6769.621,-7.410,51.283,0.625905,-0.779893,-0.002959,0.779208,0.625186,0.044461,-0.032825,-0.030134,0.999007,0,0.77717,-0.28424,46.630,-0.568,-1,400.000,-1,350.000,925.000,325.000,300.000,300.000,300.000,-1,825.000,-1,-1,750.000,625.000,-1,-1,2,0,2,0,0,0,0,0,0,2,0,2,2,0,0,2,2
132,46.187,6805.526,-8.831,50.475,0.636915,-0.770903,-0.006874,0.770343,0.636053,0.044806,-0.030169,-0.033833,0.998972,0,0.77579,-0.40424,46.547,-0.808,-1,400.000,-1,350.000,975.000,325.000,300.000,300.000,300.000,-1,650.000,-1,-1,725.000,625.000,-1,-1,2,0,2,0,0,0,0,0,0,2,0,2,2,0,0,2,2
133,76.313,6840.900,-10.220,49.578,0.648951,-0.760750,-0.011021,0.760340,0.647945,0.045272,-0.027300,-0.037759,0.998914,0,0.77441,-0.44822,46.464,-0.896,-1,400.000,-1,375.000,-1,325.000,300.000,300.000,300.000,-1,525.000,925.000,-1,725.000,625.000,-1,-1,2,0,2,0,2,0,0,0,0,2,0,0,2,0,0,2,2
134,106.945,6875.741,-11.319,48.677,0.660858,-0.750384,-0.013807,0.750086,0.659753,0.045798,-0.025257,-0.040623,0.998855,0,0.77319,-0.45048,46.391,-0.901,-1,400.000,-1,350.000,-1,325.000,300.000,300.000,300.000,-1,500.000,825.000,-1,725.000,625.000,-1,-1,2,0,2,0,2,0,0,0,0,2,0,0,2,0,0,2,2
135,138.084,6910.050,-12.283,47.771,0.672655,-0.739782,-0.016046,0.739582,0.671467,0.046372,-0.023531,-0.043060,0.998795,0,0.77223,-0.45301,46.334,-0.906,-1,400.000,-1,350.000,-1,325.000,300.000,300.000,300.000,-1,525.000,800.000,-1,700.000,625.000,-1,-1,2,0,2,0,2,0,0,0,0,2,0,0,2,0,0,2,2
136,169.738,6943.830,-13.236,46.860,0.684348,-0.728924,-0.018371,0.728832,0.683076,0.047017,-0.021723,-0.045566,0.998725,0,0.77154,-0.45581,46.293,-0.912,-1,400.000,-1,350.000,-1,325.000,300.000,300.000,300.000,-1,525.000,750.000,-1,700.000,625.000,-1,-1,2,0,2,0,2,0,0,0,0,2,0,0,2,0,0,2,2
