timestep,x_cm,y_cm,z_cm,yaw_deg,basis_xx,basis_xy,basis_xz,basis_yx,basis_yy,basis_yz,basis_zx,basis_zy,basis_zz,teleport_flag,throttle_cmd,steering_cmd,cmd_move_cm,cmd_turn_deg,lidar_cm_0,lidar_cm_1,lidar_cm_2,lidar_cm_3,lidar_cm_4,lidar_cm_5,lidar_cm_6,lidar_cm_7,lidar_cm_8,lidar_cm_9,lidar_cm_10,lidar_cm_11,lidar_cm_12,lidar_cm_13,lidar_cm_14,lidar_cm_15,lidar_cm_16,lidar_class_0,lidar_class_1,lidar_class_2,lidar_class_3,lidar_class_4,lidar_class_5,lidar_class_6,lidar_class_7,lidar_class_8,lidar_class_9,lidar_class_10,lidar_class_11,lidar_class_12,lidar_class_13,lidar_class_14,lidar_class_15,lidar_class_16
0,984.953,-6882.604,-142.925,76.910,0.228271,-0.971802,-0.059112,0.973178,0.225968,0.043166,-0.028591,-0.067380,0.997318,1,0.08000,0.12000,4.800,0.240,900.000,375.000,-1,375.000,-1,325.000,325.000,300.000,300.000,-1,400.000,425.000,-1,650.000,700.000,-1,-1,0,0,2,0,2,0,0,0,0,2,0,0,2,0,0,2,2
1,987.049,-6873.236,-143.215,77.390,0.220104,-0.973674,-0.059263,0.975057,0.217822,0.042628,-0.028597,-0.067168,0.997332,0,0.16000,0.24000,9.600,0.480,900.000,375.000,-1,375.000,-1,325.000,325.000,300.000,300.000,-1,400.000,425.000,-1,650.000,700.000,-1,-1,0,0,2,0,2,0,0,0,0,2,0,0,2,0,0,2,2
2,990.016,-6859.146,-143.662,78.110,0.207826,-0.976356,-0.059469,0.977748,0.205575,0.041819,-0.028605,-0.066837,0.997354,0,0.24000,0.36000,14.400,0.720,900.000,375.000,-1,375.000,-1,325.000,325.000,300.000,300.000,-1,400.000,425.000,-1,650.000,700.000,-1,-1,0,0,2,0,2,0,0,0,0,2,0,0,2,0,0,2,2
3,993.657,-6840.295,-144.276,79.070,0.191402,-0.979694,-0.059704,0.981094,0.189193,0.040736,-0.028614,-0.066373,0.997385,0,0.32000,0.48000,19.200,0.960,900.000,375.000,-1,375.000,-1,325.000,325.000,300.000,300.000,-1,400.000,425.000,-1,650.000,700.000,-1,-1,0,0,2,0,2,0,0,0,0,2,0,0,2,0,0,2,2
4,997.714,-6816.641,-145.075,80.270,0.170797,-0.983482,-0.059936,0.984890,0.168642,0.039380,-0.028621,-0.065757,0.997425,0,0.40000,0.60000,24.000,1.200,875.000,375.000,-1,375.000,-1,325.000,325.000,300.000,300.000,-1,400.000,425.000,-1,650.000,725.000,-1,-1,0,0,2,0,2,0,0,0,0,2,0,0,2,0,0,2,2
5,1001.867,-6788.142,-146.076,81.710,0.145970,-0.987460,-0.060122,0.988875,0.143881,0.037747,-0.028623,-0.064963,0.997477,0,0.48000,0.72000,28.800,1.440,875.000,375.000,-1,375.000,-1,325.000,325.000,300.000,300.000,-1,375.000,425.000,-1,650.000,725.000,1000.000,-1,0,0,2,0,2,0,0,0,0,2,0,0,2,0,0,0,2
6,1005.735,-6754.767,-147.302,83.390,0.116887,-0.991318,-0.060210,0.992733,0.114877,0.035837,-0.028610,-0.063961,0.997542,0,0.56000,0.84000,33.600,1.680,875.000,375.000,-1,375.000,-1,325.000,325.000,300.000,300.000,-1,375.000,425.000,-1,650.000,725.000,1000.000,-1,0,0,2,0,2,0,0,0,0,2,0,0,2,0,0,0,2
7,1008.876,-6716.496,-148.777,85.310,0.083522,-0.994690,-0.060134,0.996096,0.081606,0.033653,-0.028567,-0.062710,0.997623,0,0.64000,0.96000,38.400,1.920,850.000,375.000,-1,375.000,-1,325.000,325.000,300.000,300.000,-1,375.000,400.000,-1,650.000,725.000,975.000,-1,0,0,2,0,2,0,0,0,0,2,0,0,2,0,0,0,2
8,1010.905,-6673.345,-150.527,87.310,0.048651,-0.997019,-0.059879,0.998415,0.046846,0.031195,-0.028297,-0.061301,0.997718,0,0.72000,1.00000,43.200,2.000,825.000,375.000,-1,375.000,-1,325.000,325.000,300.000,300.000,-1,350.000,375.000,-1,625.000,725.000,925.000,-1,0,0,2,0,2,0,0,0,0,2,0,0,2,0,0,0,2
9,1011.484,-6625.350,-152.570,89.310,0.013698,-0.998140,-0.059408,0.999523,0.012023,0.028462,-0.027694,-0.059770,0.997828,0,0.80000,1.00000,48.000,2.000,825.000,375.000,-1,400.000,-1,325.000,325.000,300.000,300.000,-1,350.000,350.000,-1,625.000,750.000,900.000,-1,0,0,2,0,2,0,0,0,0,2,0,0,2,0,0,0,2
10,1010.279,-6572.564,-154.920,91.310,-0.021295,-0.998050,-0.058674,0.999415,-0.022821,0.025462,-0.026751,-0.058098,0.997952,0,0.88000,1.00000,52.800,2.000,800.000,375.000,-1,400.000,-1,300.000,325.000,300.000,300.000,-1,350.000,325.000,-1,625.000,750.000,875.000,-1,0,0,2,0,2,0,0,0,0,2,0,0,2,0,0,0,2
11,1007.140,-6518.272,-156.227,93.310,-0.056190,-0.996749,-0.057749,0.998053,-0.057645,0.023834,-0.027085,-0.056297,0.998047,0,0.90640,1.00000,54.384,2.000,775.000,350.000,-1,400.000,-1,300.000,325.000,300.000,300.000,-1,375.000,350.000,-1,600.000,750.000,850.000,-1,0,0,2,0,2,0,0,0,0,2,0,0,2,0,0,0,2
12,1002.065,-6463.637,-157.265,95.310,-0.091083,-0.994299,-0.055432,0.995480,-0.092411,0.021886,-0.026884,-0.053188,0.998223,0,0.91451,1.00000,54.870,2.000,750.000,350.000,-1,400.000,-1,300.000,325.000,300.000,300.000,-1,425.000,375.000,-1,600.000,725.000,825.000,-1,0,0,2,0,2,0,0,0,0,2,0,0,2,0,0,0,2
13,995.082,-6409.182,-158.366,97.310,-0.125880,-0.990634,-0.052901,0.991693,-0.127077,0.019897,-0.026433,-0.049957,0.998402,0,0.91504,1.00000,54.902,2.000,750.000,350.000,-1,400.000,-1,300.000,325.000,300.000,300.000,-1,450.000,400.000,-1,600.000,725.000,825.000,-1,0,0,2,0,2,0,0,0,0,2,0,0,2,0,0,0,2
14,986.115,-6354.172,-159.530,99.260,-0.159684,-0.985896,-0.050104,0.986835,-0.160743,0.017828,-0.025631,-0.046597,0.998585,0,0.92895,0.97513,55.737,1.950,750.000,350.000,-1,400.000,-1,300.000,325.000,300.000,300.000,-1,450.000,425.000,-1,600.000,725.000,800.000,-1,0,0,2,0,2,0,0,0,0,2,0,0,2,0,0,0,2
15,975.274,-6299.402,-160.730,101.199,-0.193115,-0.980046,-0.047081,0.980869,-0.194032,0.015711,-0.024533,-0.043146,0.998768,0,0.93055,0.96930,55.833,1.939,725.000,350.000,-1,400.000,-1,300.000,325.000,300.000,300.000,-1,475.000,425.000,-1,600.000,725.000,775.000,-1,0,0,2,0,2,0,0,0,0,2,0,0,2,0,0,0,2
16,962.585,-6244.975,-161.955,103.125,-0.226125,-0.973112,-0.043830,0.973824,-0.226901,0.013548,-0.023129,-0.039619,0.998947,0,0.93145,0.96321,55.887,1.926,725.000,350.000,-1,400.000,-1,300.000,325.000,300.000,300.000,-1,500.000,450.000,-1,575.000,700.000,775.000,-1,0,0,2,0,2,0,0,0,0,2,0,0,2,0,0,0,2
17,948.083,-6190.990,-163.192,105.039,-0.258672,-0.965122,-0.040347,0.965728,-0.259308,0.011343,-0.021410,-0.036030,0.999121,0,0.93166,0.95693,55.900,1.914,725.000,350.000,-1,400.000,-1,300.000,300.000,325.000,300.000,-1,500.000,450.000,-1,575.000,700.000,750.000,-1,0,0,2,0,2,0,0,0,0,2,0,0,2,0,0,0,2
18,931.805,-6137.543,-164.429,106.940,-0.290716,-0.956108,-0.036630,0.956613,-0.291219,0.009101,-0.019369,-0.032395,0.999287,0,0.93118,0.95054,55.871,1.901,725.000,350.000,-1,375.000,-1,300.000,300.000,325.000,300.000,-1,500.000,400.000,-1,575.000,675.000,750.000,-1,0,0,2,0,2,0,0,0,0,2,0,0,2,0,0,0,2
19,913.798,-6084.726,-165.656,108.828,-0.322225,-0.946099,-0.032675,0.946511,-0.322601,0.006832,-0.017005,-0.028725,0.999443,0,0.93005,0.94412,55.803,1.888,725.000,350.000,-1,375.000,-1,300.000,300.000,325.000,300.000,-1,500.000,375.000,-1,575.000,675.000,725.000,-1,0,0,2,0,2,0,0,0,0,2,0,0,2,0,0,0,2
20,894.108,-6032.625,-166.862,110.704,-0.353167,-0.935127,-0.028478,0.935451,-0.353427,0.004546,-0.014316,-0.025035,0.999584,0,0.92829,0.93777,55.698,1.876,725.000,350.000,-1,375.000,-1,300.000,300.000,325.000,300.000,-1,450.000,325.000,-1,575.000,650.000,725.000,-1,0,0,2,0,2,0,0,0,0,2,0,0,2,0,0,0,2
21,872.783,-5981.321,-167.755,112.571,-0.383569,-0.923171,-0.025094,0.923440,-0.383737,0.002060,-0.011531,-0.022383,0.999683,0,0.92599,0.93372,55.559,1.867,725.000,350.000,-1,375.000,-1,300.000,300.000,325.000,300.000,-1,425.000,300.000,-1,575.000,650.000,725.000,-1,0,0,2,0,2,0,0,0,0,2,0,0,2,0,0,0,2
22,849.871,-5930.890,-167.998,114.434,-0.413495,-0.910217,-0.022957,0.910479,-0.413546,-0.002683,-0.007052,-0.022011,0.999733,0,0.92321,0.93139,55.392,1.863,725.000,350.000,-1,375.000,-1,300.000,300.000,325.000,300.000,-1,375.000,300.000,-1,575.000,650.000,725.000,-1,0,0,2,0,2,0,0,0,0,2,0,0,2,0,0,0,2
23,825.419,-5881.399,-168.095,116.293,-0.442924,-0.896320,-0.020696,0.896557,-0.442859,-0.007835,-0.002143,-0.022026,0.999755,0,0.92003,0.92962,55.202,1.859,750.000,350.000,-1,375.000,-1,300.000,300.000,325.000,325.000,-1,350.000,275.000,-1,575.000,650.000,750.000,-1,0,0,2,0,2,0,0,0,0,2,0,0,2,0,0,0,2
24,799.474,-5832.910,-168.113,118.150,-0.471840,-0.881498,-0.018153,0.881679,-0.471668,-0.013061,0.002951,-0.022168,0.999750,0,0.91656,0.92841,54.994,1.857,750.000,350.000,-1,375.000,-1,300.000,300.000,300.000,325.000,-1,325.000,275.000,-1,575.000,650.000,775.000,-1,0,0,2,0,2,0,0,0,0,2,0,0,2,0,0,0,2
25,774.554,-5789.340,-167.796,119.767,-0.496590,-0.867854,-0.015085,0.867957,-0.496361,-0.016624,0.006940,-0.021349,0.999748,0,0.83656,0.80841,50.194,1.617,775.000,350.000,-1,375.000,-1,300.000,300.000,300.000,325.000,-1,325.000,275.000,-1,575.000,650.000,775.000,-1,0,0,2,0,2,0,0,0,0,2,0,0,2,0,0,0,2
26,751.078,-5750.488,-167.351,121.144,-0.517341,-0.855695,-0.012023,0.855717,-0.517081,-0.019404,0.010387,-0.020327,0.999739,0,0.75656,0.68841,45.394,1.377,825.000,350.000,-1,375.000,-1,300.000,300.000,300.000,325.000,-1,325.000,275.000,-1,575.000,625.000,800.000,-1,1,0,2,0,2,0,0,0,0,2,0,0,2,0,0,0,2
27,729.398,-5716.168,-166.887,122.281,-0.534240,-0.845283,-0.009190,0.845224,-0.533965,-0.021854,0.013566,-0.019443,0.999719,0,0.67656,0.56841,40.594,1.137,800.000,350.000,-1,350.000,-1,300.000,300.000,300.000,325.000,-1,325.000,275.000,-1,575.000,625.000,825.000,-1,1,0,2,0,2,0,0,0,0,2,0,0,2,0,0,0,2
28,709.811,-5686.210,-166.207,123.177,-0.547408,-0.836848,-0.005493,0.836690,-0.547147,-0.024087,0.017151,-0.017781,0.999695,0,0.59656,0.44841,35.794,0.897,800.000,350.000,-1,375.000,-1,300.000,300.000,300.000,325.000,-1,350.000,275.000,-1,575.000,625.000,875.000,-1,1,0,2,0,2,0,0,0,0,2,0,0,2,0,0,0,2
29,690.089,-5656.787,-165.448,123.834,-0.556947,-0.830546,-0.001595,0.830285,-0.556722,-0.026238,0.020904,-0.015937,0.999654,0,0.59035,0.32841,35.421,0.657,800.000,350.000,-1,375.000,-1,300.000,300.000,300.000,325.000,-1,350.000,250.000,-1,600.000,650.000,900.000,-1,1,0,2,0,2,0,0,0,0,2,0,0,2,0,0,1,2
30,670.107,-5627.439,-164.642,124.251,-0.562936,-0.826498,0.002286,0.826131,-0.562765,-0.028331,0.024702,-0.014060,0.999596,0,0.59174,0.20841,35.504,0.417,800.000,350.000,-1,375.000,-1,300.000,300.000,300.000,325.000,-1,325.000,250.000,-1,600.000,650.000,950.000,-1,1,0,2,0,2,0,0,0,0,2,0,0,2,0,0,1,2
31,649.997,-5598.099,-163.787,124.428,-0.565424,-0.824778,0.006125,0.824307,-0.565327,-0.030389,0.028526,-0.012134,0.999519,0,0.59283,0.08841,35.570,0.177,800.000,350.000,-1,375.000,-1,300.000,300.000,300.000,325.000,-1,300.000,250.000,-1,600.000,650.000,-1,-1,1,0,2,0,2,0,0,0,0,2,0,0,2,0,0,2,2
32,629.895,-5568.701,-162.880,124.365,-0.564434,-0.825419,0.009897,0.824844,-0.564430,-0.032432,0.032357,-0.010142,0.999425,0,0.59356,-0.03159,35.614,-0.063,800.000,350.000,-1,375.000,-1,300.000,300.000,300.000,325.000,-1,275.000,250.000,-1,625.000,650.000,-1,-1,1,0,2,0,2,0,0,0,0,2,0,0,2,0,0,2,2
33,609.937,-5539.181,-161.920,124.062,-0.559958,-0.828410,0.013582,0.827731,-0.560065,-0.034482,0.036172,-0.008066,0.999313,0,0.59388,-0.15159,35.633,-0.303,825.000,350.000,-1,375.000,-1,300.000,300.000,300.000,325.000,-1,275.000,225.000,-1,625.000,675.000,-1,-1,1,0,2,0,2,0,0,0,0,2,0,0,2,0,0,2,2
34,590.265,-5509.481,-160.769,123.518,-0.551983,-0.833692,0.016511,0.832917,-0.552193,-0.036498,0.039545,-0.006394,0.999197,0,0.59374,-0.27159,35.624,-0.543,900.000,350.000,-1,375.000,-1,300.000,300.000,300.000,325.000,-1,250.000,225.000,-1,625.000,675.000,-1,-1,1,0,2,0,2,0,0,0,0,2,0,0,2,0,0,2,2
35,571.022,-5479.548,-159.478,122.735,-0.540443,-0.841169,0.018890,0.840302,-0.540750,-0.038489,0.042591,-0.004928,0.999080,0,0.59308,-0.39159,35.585,-0.783,-1,350.000,-1,375.000,-1,300.000,300.000,300.000,325.000,-1,250.000,225.000,-1,650.000,675.000,-1,-1,2,0,2,0,2,0,0,0,0,2,0,0,2,0,0,2,2
36,552.356,-5449.338,-158.139,121.712,-0.525232,-0.850697,0.021126,0.849739,-0.525647,-0.040487,0.045547,-0.003313,0.998957,0,0.59184,-0.51159,35.511,-1.023,-1,375.000,-1,375.000,-1,300.000,300.000,300.000,325.000,-1,250.000,225.000,-1,650.000,700.000,-1,-1,2,0,2,0,2,0,0,0,0,2,0,0,2,0,0,2,2
37,534.417,-5418.821,-156.727,120.449,-0.506245,-0.862081,0.023065,0.861036,-0.506768,-0.042462,0.048294,-0.001637,0.998832,0,0.58999,-0.63159,35.399,-1.263,-1,375.000,-1,375.000,-1,300.000,300.000,300.000,325.000,-1,250.000,225.000,-1,650.000,700.000,-1,-1,2,0,2,0,2,0,0,0,0,2,0,0,2,0,0,2,2
38,517.357,-5387.976,-155.179,118.946,-0.483365,-0.875079,0.024371,0.873956,-0.483979,-0.044337,0.050593,-0.000132,0.998719,0,0.58746,-0.75159,35.248,-1.503,-1,375.000,-1,375.000,-1,300.000,300.000,300.000,325.000,-1,250.000,225.000,-1,675.000,700.000,-1,-1,2,0,2,0,2,0,0,0,0,2,0,0,2,0,0,2,2
39,501.332,-5356.799,-153.611,117.202,-0.456424,-0.889396,0.025547,0.888199,-0.457135,-0.046152,0.052726,0.001626,0.998608,0,0.58425,-0.87159,35.055,-1.743,-1,375.000,-1,375.000,-1,300.000,300.000,300.000,325.000,-1,275.000,225.000,-1,675.000,700.000,-1,-1,2,0,2,0,2,0,0,0,0,2,0,0,2,0,0,2,2
40,486.382,-5325.353,-152.019,115.428,-0.428568,-0.903118,0.026609,0.901855,-0.429379,-0.047864,0.054652,0.003484,0.998499,0,0.58031,-0.88707,34.819,-1.774,-1,375.000,-1,375.000,-1,300.000,300.000,300.000,325.000,-1,275.000,225.000,1000.000,700.000,725.000,-1,-1,2,0,2,0,2,0,0,0,0,2,0,0,0,0,0,2,2
41,472.514,-5293.697,-150.319,113.657,-0.400359,-0.915950,0.027369,0.914607,-0.401261,-0.049836,0.056629,0.005079,0.998382,0,0.57599,-0.88548,34.560,-1.771,-1,375.000,-1,375.000,-1,300.000,325.000,300.000,325.000,-1,300.000,250.000,975.000,700.000,725.000,-1,-1,2,0,2,0,2,0,0,0,0,2,0,0,0,0,0,2,2
42,459.732,-5261.885,-148.576,111.889,-0.371811,-0.927888,0.027950,0.926465,-0.372801,-0.051789,0.058474,0.006638,0.998267,0,0.57140,-0.88419,34.284,-1.768,-1,375.000,-1,400.000,-1,300.000,325.000,300.000,325.000,-1,300.000,250.000,975.000,700.000,725.000,-1,-1,2,0,2,0,2,0,0,0,0,2,0,0,0,0,0,2,2
43,448.036,-5229.965,-146.631,110.123,-0.342915,-0.938920,0.028941,0.937481,-0.344016,-0.052745,0.059479,0.009045,0.998189,0,0.56658,-0.88320,33.995,-1.766,-1,375.000,-1,400.000,-1,325.000,325.000,300.000,325.000,-1,325.000,275.000,975.000,725.000,725.000,-1,-1,2,0,2,0,2,0,0,0,0,2,0,0,0,0,0,2,2
44,437.423,-5197.984,-144.708,108.358,-0.313719,-0.949048,0.029811,0.947596,-0.314926,-0.053706,0.060357,0.011400,0.998112,0,0.56160,-0.88251,33.696,-1.765,-1,375.000,-1,400.000,-1,325.000,325.000,300.000,325.000,-1,375.000,300.000,975.000,725.000,750.000,-1,-1,2,0,2,0,2,0,0,0,0,2,0,0,0,0,0,2,2
45,427.887,-5165.983,-142.693,106.593,-0.284224,-0.958259,0.030907,0.956833,-0.285548,-0.054163,0.060728,0.014179,0.998054,0,0.55652,-0.88211,33.391,-1.764,-1,375.000,-1,400.000,-1,325.000,325.000,300.000,325.000,-1,400.000,325.000,975.000,725.000,750.000,-1,-1,2,0,2,0,2,0,0,0,0,2,0,0,0,0,0,2,2
46,420.453,-5138.375,-140.961,105.069,-0.258533,-0.965480,0.031759,0.964094,-0.259948,-0.054306,0.060687,0.016578,0.998019,0,0.47652,-0.76211,28.591,-1.524,-1,375.000,-1,400.000,-1,325.000,325.000,300.000,325.000,-1,450.000,350.000,1000.000,725.000,725.000,-1,-1,2,0,2,0,2,0,0,0,0,2,0,0,0,0,0,2,2
47,414.783,-5115.269,-139.541,103.785,-0.236752,-0.971031,0.032364,0.969682,-0.238236,-0.054402,0.060536,0.018504,0.997995,0,0.39652,-0.64211,23.791,-1.284,-1,375.000,-1,400.000,-1,325.000,325.000,300.000,325.000,-1,475.000,375.000,1000.000,725.000,725.000,-1,-1,2,0,2,0,2,0,0,0,0,2,0,0,0,0,0,2,2
48,410.594,-5096.745,-138.411,102.741,-0.218956,-0.975182,0.032826,0.973866,-0.220494,-0.054478,0.060364,0.020040,0.997975,0,0.31652,-0.52211,18.991,-1.044,-1,375.000,-1,400.000,-1,325.000,325.000,300.000,325.000,-1,500.000,400.000,1000.000,725.000,725.000,-1,-1,2,0,2,0,2,0,0,0,0,2,0,0,0,0,0,2,2
49,407.659,-5082.861,-137.570,101.936,-0.205202,-0.978158,0.033160,0.976867,-0.206779,-0.054533,0.060198,0.021203,0.997961,0,0.23652,-0.40211,14.191,-0.804,-1,375.000,-1,400.000,-1,325.000,325.000,300.000,325.000,-1,525.000,425.000,1000.000,725.000,725.000,-1,-1,2,0,2,0,2,0,0,0,0,2,0,0,0,0,0,2,2
50,405.807,-5073.654,-137.014,101.372,-0.195529,-0.980130,0.033376,0.978857,-0.197134,-0.054565,0.060060,0.022001,0.997952,0,0.15652,-0.28211,9.391,-0.564,-1,375.000,-1,400.000,-1,325.000,325.000,300.000,325.000,-1,550.000,425.000,-1,725.000,725.000,-1,-1,2,0,2,0,2,0,0,0,0,2,0,0,2,0,0,2,2
51,404.927,-5069.148,-136.743,101.048,-0.189964,-0.981220,0.033481,0.979958,-0.191582,-0.054573,0.059962,0.022443,0.997948,0,0.07652,-0.16211,4.591,-0.324,-1,375.000,-1,400.000,-1,325.000,325.000,300.000,325.000,-1,575.000,425.000,-1,725.000,725.000,-1,-1,2,0,2,0,2,0,0,0,0,2,0,0,2,0,0,2,2
52,404.966,-5069.353,-136.756,100.964,-0.188520,-0.981499,0.033478,0.980240,-0.190139,-0.054556,0.059912,0.022531,0.997949,0,-0.00348,-0.04211,-0.209,-0.084,-1,375.000,-1,400.000,-1,325.000,325.000,300.000,325.000,-1,575.000,425.000,-1,725.000,725.000,-1,-1,2,0,2,0,2,0,0,0,0,2,0,0,2,0,0,2,2
53,405.932,-5074.268,-137.053,101.119,-0.191200,-0.980984,0.033366,0.979721,-0.192808,-0.054513,0.059910,0.022266,0.997955,0,-0.08348,0.07789,-5.009,0.156,-1,375.000,-1,400.000,-1,325.000,325.000,300.000,325.000,-1,550.000,425.000,-1,725.000,725.000,-1,-1,2,0,2,0,2,0,0,0,0,2,0,0,2,0,0,2,2
54,407.891,-5083.879,-137.635,101.515,-0.197998,-0.979642,0.033141,0.978367,-0.199582,-0.054445,0.059951,0.021645,0.997967,0,-0.16348,0.19789,-9.809,0.396,-1,375.000,-1,400.000,-1,325.000,325.000,300.000,325.000,-1,550.000,425.000,1000.000,725.000,725.000,-1,-1,2,0,2,0,2,0,0,0,0,2,0,0,0,0,0,2,2
55,408.904,-5088.784,-137.933,101.671,-0.200673,-0.979101,0.033026,0.977823,-0.202246,-0.054402,0.059944,0.021377,0.997973,0,-0.08348,0.07789,-5.009,0.156,-1,375.000,-1,400.000,-1,325.000,325.000,300.000,325.000,-1,550.000,425.000,1000.000,725.000,725.000,-1,-1,2,0,2,0,2,0,0,0,0,2,0,0,0,0,0,2,2
56,408.946,-5088.989,-137.946,101.587,-0.199232,-0.979396,0.033023,0.978120,-0.200806,-0.054384,0.059895,0.021465,0.997974,0,-0.00348,-0.04211,-0.209,-0.084,-1,375.000,-1,400.000,-1,325.000,325.000,300.000,325.000,-1,550.000,425.000,1000.000,725.000,725.000,-1,-1,2,0,2,0,2,0,0,0,0,2,0,0,0,0,0,2,2
57,408.049,-5084.486,-137.675,101.263,-0.193671,-0.980507,0.033131,0.979242,-0.195259,-0.054392,0.059801,0.021909,0.997970,0,0.07652,-0.16211,4.591,-0.324,-1,375.000,-1,400.000,-1,325.000,325.000,300.000,325.000,-1,550.000,425.000,1000.000,725.000,725.000,-1,-1,2,0,2,0,2,0,0,0,0,2,0,0,0,0,0,2,2
58,406.305,-5075.258,-137.122,100.698,-0.183976,-0.982365,0.033347,0.981119,-0.185590,-0.054426,0.059655,0.022704,0.997961,0,0.15652,-0.28211,9.391,-0.564,-1,375.000,-1,400.000,-1,325.000,325.000,300.000,325.000,-1,575.000,425.000,-1,725.000,725.000,-1,-1,2,0,2,0,2,0,0,0,0,2,0,0,2,0,0,2,2
59,403.867,-5061.278,-136.291,99.894,-0.170127,-0.984847,0.033663,0.983628,-0.171779,-0.054486,0.059443,0.023842,0.997947,0,0.23652,-0.40211,14.191,-0.804,-1,375.000,-1,400.000,-1,325.000,325.000,300.000,325.000,-1,600.000,450.000,-1,725.000,725.000,-1,-1,2,0,2,0,2,0,0,0,0,2,0,0,2,0,0,2,2
60,400.944,-5042.512,-135.184,98.850,-0.152097,-0.987778,0.034068,0.986594,-0.153797,-0.054574,0.059146,0.025311,0.997928,0,0.31652,-0.52211,18.991,-1.044,-1,375.000,-1,400.000,-1,325.000,325.000,300.000,325.000,-1,625.000,475.000,-1,725.000,725.000,-1,-1,2,0,2,0,2,0,0,0,0,2,0,0,2,0,0,2,2
61,397.725,-5018.940,-133.803,97.775,-0.133480,-0.990449,0.034545,0.989301,-0.135234,-0.054722,0.058871,0.026871,0.997904,0,0.39652,-0.53746,23.791,-1.075,-1,400.000,-1,400.000,-1,325.000,325.000,300.000,325.000,-1,675.000,525.000,-1,725.000,725.000,-1,-1,2,0,2,0,2,0,0,0,0,2,0,0,2,0,0,2,2
62,394.389,-4990.544,-132.153,96.698,-0.114780,-0.992771,0.035078,0.991660,-0.116593,-0.054932,0.058625,0.028480,0.997874,0,0.47652,-0.53837,28.591,-1.077,-1,400.000,-1,400.000,-1,325.000,325.000,300.000,325.000,-1,725.000,550.000,-1,725.000,725.000,-1,-1,2,0,2,0,2,0,0,0,0,2,0,0,2,0,0,2,2
63,391.119,-4957.313,-130.235,95.619,-0.095993,-0.994743,0.035654,0.993667,-0.097868,-0.055200,0.058399,0.030129,0.997839,0,0.55652,-0.53963,33.391,-1.079,-1,400.000,-1,400.000,-1,325.000,325.000,300.000,325.000,-1,800.000,600.000,-1,725.000,725.000,-1,-1,2,0,2,0,2,0,0,0,0,2,0,0,2,0,0,2,2
64,388.098,-4919.241,-128.055,94.536,-0.077112,-0.996363,0.036261,0.995323,-0.079052,-0.055523,0.058187,0.031810,0.997799,0,0.63652,-0.54129,38.191,-1.083,-1,400.000,-1,400.000,-1,325.000,325.000,300.000,325.000,-1,875.000,650.000,-1,725.000,725.000,-1,-1,2,0,2,0,2,0,0,0,0,2,0,0,2,0,0,2,2
65,385.510,-4876.328,-125.617,93.449,-0.058127,-0.997627,0.036889,0.996624,-0.060135,-0.055897,0.057983,0.033515,0.997755,0,0.71652,-0.54344,42.991,-1.087,-1,400.000,-1,375.000,-1,325.000,325.000,300.000,325.000,-1,950.000,700.000,-1,725.000,700.000,-1,-1,2,0,2,0,2,0,0,0,0,2,0,0,2,0,0,2,2
66,383.555,-4828.845,-122.941,92.357,-0.039025,-0.998533,0.037525,0.997566,-0.041104,-0.056320,0.057780,0.035236,0.997707,0,0.79204,-0.54614,47.523,-1.092,-1,400.000,-1,375.000,-1,325.000,325.000,300.000,325.000,-1,-1,750.000,-1,725.000,700.000,-1,-1,2,0,2,0,2,0,0,0,0,2,2,0,2,0,0,2,2
67,382.514,-4781.484,-120.294,91.258,-0.019799,-0.999077,0.038109,0.998148,-0.021945,-0.056742,0.057526,0.036915,0.997661,0,0.78954,-0.54944,47.373,-1.099,-1,400.000,-1,375.000,-1,325.000,325.000,300.000,300.000,-1,-1,800.000,-1,725.000,700.000,-1,-1,2,0,2,0,2,0,0,0,0,2,2,0,2,0,0,2,2
68,382.387,-4734.231,-117.676,90.152,-0.000444,-0.999253,0.038647,0.998361,-0.002655,-0.057169,0.057229,0.038558,0.997616,0,0.78754,-0.55305,47.252,-1.106,-1,400.000,-1,375.000,-1,325.000,325.000,300.000,300.000,-1,-1,875.000,-1,725.000,700.000,-1,-1,2,0,2,0,2,0,0,0,0,2,2,0,2,0,0,2,2
69,383.178,-4687.075,-115.088,89.038,0.019043,-0.999052,0.039142,0.998198,0.016770,-0.057607,0.056896,0.040169,0.997572,0,0.78604,-0.55696,47.163,-1.114,-1,375.000,-1,375.000,-1,325.000,325.000,300.000,300.000,1000.000,-1,950.000,-1,725.000,700.000,-1,-1,2,0,2,0,2,0,0,0,0,1,2,0,2,0,0,2,2
70,384.890,-4640.003,-112.529,87.916,0.038667,-0.998467,0.039600,0.997652,0.036332,-0.058062,0.056535,0.041752,0.997527,0,0.78506,-0.56114,47.104,-1.122,-1,375.000,-1,375.000,-1,325.000,300.000,300.000,300.000,975.000,-1,-1,-1,725.000,675.000,-1,-1,2,0,2,0,2,0,0,0,0,1,2,2,2,0,0,2,2
71,387.529,-4593.001,-109.998,86.785,0.058436,-0.997488,0.040025,0.996700,0.056033,-0.058732,0.056342,0.043325,0.997471,0,0.78459,-0.56559,47.075,-1.131,-1,375.000,-1,375.000,-1,325.000,300.000,300.000,300.000,975.000,-1,-1,-1,725.000,675.000,-1,-1,2,0,2,0,2,0,0,0,0,1,2,2,2,0,0,2,2
72,391.104,-4546.059,-107.145,85.644,0.078319,-0.996135,0.039756,0.995330,0.075874,-0.059679,0.056432,0.044244,0.997426,0,0.78463,-0.57029,47.078,-1.141,-1,375.000,-1,375.000,-1,325.000,300.000,300.000,300.000,975.000,-1,-1,-1,725.000,675.000,-1,-1,2,0,2,0,2,0,0,0,0,1,2,2,2,0,0,2,2
73,395.624,-4499.166,-104.220,84.494,0.098325,-0.994389,0.039023,0.993540,0.095858,-0.060736,0.056654,0.044743,0.997391,0,0.78516,-0.57524,47.110,-1.150,-1,375.000,-1,375.000,-1,325.000,300.000,300.000,300.000,1000.000,-1,-1,-1,725.000,675.000,-1,-1,2,0,2,0,2,0,0,0,0,1,2,2,2,0,0,2,2
74,401.100,-4452.314,-101.329,83.333,0.118469,-0.992221,0.038233,0.991327,0.115981,-0.061798,0.056883,0.045222,0.997356,0,0.78619,-0.58043,47.171,-1.161,-1,375.000,-1,375.000,-1,325.000,300.000,300.000,300.000,-1,-1,-1,-1,725.000,675.000,-1,-1,2,0,2,0,2,0,0,0,0,2,2,2,2,0,0,2,2
75,407.546,-4405.494,-98.470,82.161,0.138750,-0.989622,0.037382,0.988679,0.136243,-0.062864,0.057118,0.045681,0.997322,0,0.78768,-0.58583,47.261,-1.172,-1,400.000,-1,375.000,-1,325.000,300.000,300.000,300.000,-1,-1,-1,-1,725.000,700.000,-1,-1,2,0,2,0,2,0,0,0,0,2,2,2,2,0,0,2,2
76,414.975,-4358.701,-95.641,80.978,0.159164,-0.986578,0.036470,0.985584,0.156641,-0.063931,0.057360,0.046119,0.997288,0,0.78964,-0.59145,47.378,-1.183,-1,400.000,-1,375.000,-1,325.000,300.000,300.000,300.000,-1,-1,-1,-1,750.000,700.000,-1,-1,2,0,2,0,2,0,0,0,0,2,2,2,2,0,0,2,2
77,423.403,-4311.932,-92.841,79.784,0.179709,-0.983079,0.035495,0.982031,0.177171,-0.064997,0.057609,0.046538,0.997254,0,0.79204,-0.59728,47.522,-1.195,-1,400.000,-1,375.000,-1,325.000,300.000,300.000,300.000,-1,-1,-1,-1,750.000,700.000,-1,-1,2,0,2,0,2,0,0,0,0,2,2,2,2,0,0,2,2
78,433.508,-4262.826,-89.934,78.372,0.203892,-0.978389,0.034400,0.977288,0.201338,-0.066111,0.057756,0.047099,0.997219,0,0.83557,-0.70606,50.134,-1.412,-1,400.000,-1,375.000,-1,325.000,300.000,300.000,325.000,-1,-1,-1,-1,750.000,700.000,-1,-1,2,0,2,0,2,0,0,0,0,2,2,2,2,0,0,2,2
79,444.826,-4213.972,-87.074,76.956,0.228008,-0.973092,0.033233,0.971936,0.225441,-0.067211,0.057910,0.047625,0.997185,0,0.83579,-0.70779,50.147,-1.416,-1,400.000,-1,375.000,-1,325.000,300.000,300.000,325.000,-1,925.000,-1,-1,750.000,725.000,-1,-1,2,0,2,0,2,0,0,0,0,2,0,2,2,0,0,2,2
80,457.354,-4165.402,-84.260,75.537,0.252040,-0.967188,0.031995,0.965973,0.249464,-0.068292,0.058070,0.048119,0.997152,0,0.83599,-0.70951,50.159,-1.419,-1,400.000,-1,375.000,-1,325.000,300.000,300.000,325.000,-1,775.000,900.000,-1,750.000,725.000,-1,-1,2,0,2,0,2,0,0,0,0,2,0,0,2,0,0,2,2
81,471.086,-4117.146,-81.491,74.115,0.275972,-0.960676,0.030687,0.959400,0.273390,-0.069351,0.058234,0.048580,0.997120,0,0.83619,-0.71122,50.171,-1.422,-1,400.000,-1,375.000,-1,325.000,325.000,300.000,325.000,-1,675.000,775.000,-1,750.000,725.000,-1,-1,2,0,2,0,2,0,0,0,0,2,0,0,2,0,0,2,2
82,486.018,-4069.236,-78.767,72.689,0.299788,-0.953555,0.029312,0.952217,0.297204,-0.070382,0.058402,0.049011,0.997089,0,0.83637,-0.71292,50.182,-1.426,-1,400.000,-1,375.000,-1,325.000,325.000,300.000,325.000,-1,600.000,700.000,-1,750.000,750.000,-1,-1,2,0,2,0,2,0,0,0,0,2,0,0,2,0,0,2,2
83,500.416,-4026.198,-76.227,71.503,0.319475,-0.947168,0.028445,0.945780,0.316863,-0.071401,0.058615,0.049714,0.997042,0,0.75637,-0.59292,45.382,-1.186,-1,400.000,-1,375.000,-1,325.000,325.000,300.000,325.000,-1,575.000,650.000,-1,750.000,750.000,-1,-1,2,0,2,0,2,0,0,0,0,2,0,0,2,0,0,2,2
84,513.924,-3987.930,-73.881,70.557,0.335096,-0.941766,0.028069,0.940353,0.332440,-0.072243,0.058705,0.050603,0.996992,0,0.67637,-0.47292,40.582,-0.946,-1,400.000,-1,375.000,-1,325.000,325.000,300.000,325.000,-1,575.000,650.000,-1,750.000,775.000,-1,-1,2,0,2,0,2,0,0,0,0,2,0,0,2,1,0,2,2
85,526.249,-3954.337,-71.824,69.851,0.346696,-0.937568,0.027706,0.936125,0.344005,-0.073012,0.058923,0.051249,0.996946,0,0.59637,-0.35292,35.782,-0.706,-1,400.000,-1,375.000,-1,325.000,325.000,300.000,325.000,-1,550.000,625.000,-1,750.000,775.000,-1,-1,2,0,2,0,2,0,0,0,0,2,0,0,2,1,0,2,2
86,537.157,-3925.338,-70.054,69.385,0.354325,-0.934722,0.027354,0.933243,0.351609,-0.073672,0.059245,0.051632,0.996907,0,0.51637,-0.23292,30.982,-0.466,-1,400.000,-1,400.000,-1,325.000,325.000,300.000,325.000,-1,550.000,625.000,-1,725.000,800.000,-1,-1,2,0,2,0,2,0,0,0,0,2,0,0,2,1,0,2,2
87,546.471,-3900.869,-68.564,69.160,0.358020,-0.933322,0.027032,0.931805,0.355288,-0.074229,0.059675,0.051764,0.996875,0,0.43637,-0.11292,26.182,-0.226,-1,400.000,-1,400.000,-1,325.000,325.000,300.000,325.000,-1,550.000,625.000,-1,725.000,800.000,-1,-1,2,0,2,0,2,0,0,0,0,2,0,0,2,1,0,2,2
88,554.073,-3880.884,-67.348,69.174,0.357798,-0.933415,0.026758,0.931856,0.355059,-0.074688,0.060214,0.051657,0.996848,0,0.35637,0.00708,21.382,0.014,-1,400.000,-1,400.000,-1,325.000,325.000,300.000,325.000,-1,550.000,600.000,-1,700.000,800.000,-1,-1,2,0,2,0,2,0,0,0,0,2,0,0,2,1,0,2,2
89,559.900,-3865.359,-66.352,69.428,0.353644,-0.935007,0.026418,0.933408,0.350925,-0.074848,0.060712,0.051128,0.996845,0,0.27637,0.12708,16.582,0.254,-1,400.000,-1,400.000,-1,325.000,325.000,300.000,325.000,-1,550.000,625.000,-1,700.000,800.000,-1,-1,2,0,2,0,2,0,0,0,0,2,0,0,2,1,0,2,2
90,563.945,-3854.294,-65.630,69.922,0.345554,-0.938035,0.026145,0.936393,0.342861,-0.074927,0.061320,0.050373,0.996846,0,0.19637,0.24708,11.782,0.494,-1,400.000,-1,400.000,-1,325.000,325.000,300.000,325.000,-1,575.000,625.000,-1,700.000,800.000,-1,-1,2,0,2,0,2,0,0,0,0,2,0,0,2,1,0,2,2
91,566.262,-3847.708,-65.201,70.622,0.334061,-0.942193,0.025977,0.940507,0.331396,-0.074986,0.062042,0.049481,0.996846,0,0.11637,0.34982,6.982,0.700,-1,400.000,-1,400.000,-1,325.000,325.000,300.000,325.000,-1,575.000,650.000,-1,700.000,800.000,-1,-1,2,0,2,0,2,0,0,0,0,2,0,0,2,1,0,2,2
92,566.962,-3845.641,-65.071,71.320,0.322550,-0.946198,0.025919,0.944474,0.319907,-0.075020,0.062692,0.048677,0.996845,0,0.03637,0.34896,2.182,0.698,-1,400.000,-1,400.000,-1,325.000,325.000,300.000,325.000,-1,575.000,650.000,-1,700.000,800.000,-1,-1,2,0,2,0,2,0,0,0,0,2,0,0,2,1,1,2,2
93,566.154,-3848.131,-65.245,72.016,0.311025,-0.950047,0.025969,0.948293,0.308400,-0.075030,0.063273,0.047962,0.996843,0,-0.04363,0.34803,-2.618,0.696,-1,400.000,-1,400.000,-1,325.000,325.000,300.000,325.000,-1,575.000,650.000,-1,700.000,800.000,-1,-1,2,0,2,0,2,0,0,0,0,2,0,0,2,1,1,2,2
94,563.949,-3855.214,-65.730,72.710,0.299490,-0.953742,0.026126,0.951965,0.296877,-0.075013,0.063787,0.047337,0.996840,0,-0.12363,0.34705,-7.418,0.694,-1,400.000,-1,400.000,-1,325.000,325.000,300.000,325.000,-1,575.000,650.000,-1,700.000,800.000,-1,-1,2,0,2,0,2,0,0,0,0,2,0,0,2,1,1,2,2
95,560.459,-3866.923,-66.532,73.402,0.287948,-0.957282,0.026387,0.955489,0.285342,-0.074969,0.064237,0.046800,0.996837,0,-0.20363,0.34605,-12.218,0.692,-1,400.000,-1,400.000,-1,325.000,325.000,300.000,325.000,-1,575.000,650.000,-1,725.000,800.000,-1,-1,2,0,2,0,2,0,0,0,0,2,0,0,2,1,1,2,2
96,557.963,-3875.686,-67.138,74.099,0.276285,-0.960708,0.026576,0.958894,0.273690,-0.074938,0.064720,0.046188,0.996834,0,-0.15185,0.34831,-9.111,0.697,-1,400.000,-1,400.000,-1,325.000,325.000,300.000,325.000,-1,575.000,650.000,-1,725.000,800.000,-1,-1,2,0,2,0,2,0,0,0,0,2,0,0,2,1,1,2,2
97,555.531,-3884.635,-67.760,74.790,0.264663,-0.963969,0.026765,0.962135,0.262080,-0.074904,0.065191,0.045576,0.996831,0,-0.15457,0.34584,-9.274,0.692,-1,400.000,-1,400.000,-1,325.000,325.000,300.000,325.000,-1,575.000,650.000,-1,725.000,800.000,-1,-1,2,0,2,0,2,0,0,0,0,2,0,0,2,1,1,2,2
98,553.163,-3893.775,-68.392,75.477,0.253081,-0.967070,0.026937,0.965216,0.250511,-0.074844,0.065631,0.044942,0.996831,0,-0.15736,0.34346,-9.442,0.687,-1,400.000,-1,400.000,-1,325.000,325.000,300.000,325.000,-1,575.000,650.000,-1,750.000,800.000,-1,-1,2,0,2,0,2,0,0,0,0,2,0,0,2,1,1,2,2
99,550.864,-3903.110,-69.016,76.160,0.241531,-0.970016,0.027037,0.968147,0.238984,-0.074687,0.065986,0.044215,0.996840,0,-0.16023,0.34120,-9.614,0.682,-1,400.000,-1,400.000,-1,325.000,325.000,300.000,325.000,-1,575.000,650.000,-1,750.000,800.000,-1,-1,2,0,2,0,2,0,0,0,0,2,0,0,2,1,0,2,2
100,548.635,-3912.643,-69.657,76.838,0.230019,-0.972808,0.027132,0.970923,0.227495,-0.074527,0.066328,0.043486,0.996850,0,-0.16317,0.33904,-9.790,0.678,-1,400.000,-1,400.000,-1,325.000,325.000,300.000,325.000,-1,575.000,675.000,-1,750.000,775.000,-1,-1,2,0,2,0,2,0,0,0,0,2,0,0,2,1,0,2,2
101,546.479,-3922.379,-70.314,77.512,0.218544,-0.975447,0.027222,0.973548,0.216043,-0.074363,0.066656,0.042753,0.996860,0,-0.16619,0.33699,-9.971,0.674,-1,400.000,-1,400.000,-1,325.000,325.000,300.000,325.000,-1,575.000,675.000,-1,750.000,775.000,-1,-1,2,0,2,0,2,0,0,0,0,2,0,0,2,1,0,2,2
102,544.399,-3932.320,-70.989,78.182,0.207104,-0.977938,0.027307,0.976024,0.204626,-0.074196,0.066972,0.042018,0.996870,0,-0.16927,0.33505,-10.156,0.670,-1,400.000,-1,400.000,-1,325.000,325.000,300.000,325.000,-1,600.000,675.000,-1,750.000,775.000,-1,-1,2,0,2,0,2,0,0,0,0,2,0,0,2,1,0,2,2
103,542.399,-3942.471,-71.682,78.848,0.195697,-0.980282,0.027386,0.978354,0.193244,-0.074026,0.067274,0.041280,0.996880,0,-0.17243,0.33321,-10.346,0.666,-1,400.000,-1,400.000,-1,325.000,325.000,300.000,325.000,-1,600.000,675.000,-1,775.000,775.000,-1,-1,2,0,2,0,2,0,0,0,0,2,0,0,2,1,0,2,2
104,540.481,-3952.835,-72.392,79.511,0.184323,-0.982482,0.027460,0.980541,0.181894,-0.073854,0.067565,0.040539,0.996891,0,-0.17566,0.33148,-10.539,0.663,-1,400.000,-1,400.000,-1,325.000,325.000,300.000,325.000,-1,600.000,700.000,-1,775.000,775.000,-1,-1,2,0,2,0,2,0,0,0,0,2,0,0,2,1,0,2,2
105,538.648,-3963.414,-73.121,80.171,0.172978,-0.984541,0.027529,0.982586,0.170575,-0.073679,0.067844,0.039794,0.996902,0,-0.17895,0.32986,-10.737,0.660,-1,400.000,-1,400.000,-1,325.000,325.000,300.000,325.000,-1,600.000,700.000,-1,775.000,775.000,-1,-1,2,0,2,0,2,0,0,0,0,2,0,0,2,1,0,2,2
106,536.905,-3974.214,-73.852,80.828,0.161668,-0.986458,0.027648,0.984488,0.159284,-0.073563,0.068163,0.039112,0.996907,0,-0.18231,0.32835,-10.939,0.657,-1,400.000,-1,400.000,-1,325.000,325.000,300.000,325.000,-1,625.000,700.000,-1,775.000,775.000,-1,-1,2,0,2,0,2,0,0,0,0,2,0,0,2,1,0,2,2
107,535.254,-3985.235,-74.596,81.481,0.150387,-0.988237,0.027785,0.986252,0.148019,-0.073468,0.068491,0.038452,0.996910,0,-0.18574,0.32695,-11.145,0.654,-1,400.000,-1,400.000,-1,325.000,325.000,300.000,325.000,-1,625.000,700.000,-1,775.000,775.000,-1,-1,2,0,2,0,2,0,0,0,0,2,0,0,2,1,0,2,2
108,533.700,-3996.483,-75.320,82.133,0.139138,-0.989875,0.028089,0.987888,0.136779,-0.073272,0.068688,0.037944,0.996916,0,-0.18924,0.32565,-11.354,0.651,-1,400.000,-1,400.000,-1,325.000,325.000,300.000,325.000,-1,650.000,700.000,-1,775.000,775.000,-1,-1,2,0,2,0,2,0,0,0,0,2,0,0,2,1,0,2,2
109,532.247,-4007.959,-76.058,82.782,0.127912,-0.991378,0.028415,0.989392,0.125561,-0.073054,0.068856,0.037458,0.996923,0,-0.19280,0.32447,-11.568,0.649,-1,400.000,-1,400.000,-1,325.000,325.000,300.000,300.000,-1,650.000,700.000,-1,775.000,750.000,-1,-1,2,0,2,0,2,0,0,0,0,2,0,0,2,1,0,2,2
110,531.465,-4014.682,-76.493,83.365,0.117797,-0.992625,0.028627,0.990631,0.115456,-0.072941,0.069098,0.036951,0.996925,0,-0.11280,0.29188,-6.768,0.584,-1,400.000,-1,400.000,-1,325.000,325.000,300.000,300.000,-1,675.000,700.000,-1,775.000,750.000,-1,-1,2,0,2,0,2,0,0,0,0,2,0,0,2,0,0,2,2
111,531.258,-4016.638,-76.622,83.947,0.107705,-0.993767,0.028738,0.991754,0.105378,-0.072938,0.069455,0.036357,0.996922,0,-0.03280,0.29078,-1.968,0.582,-1,400.000,-1,400.000,-1,325.000,325.000,300.000,300.000,-1,675.000,700.000,-1,775.000,750.000,-1,-1,2,0,2,0,2,0,0,0,0,2,0,0,2,0,0,2,2
112,531.529,-4013.819,-76.441,84.526,0.097647,-0.994806,0.028753,0.992762,0.095336,-0.073045,0.069924,0.035678,0.996914,0,0.04720,0.28941,2.832,0.579,-1,400.000,-1,400.000,-1,325.000,325.000,300.000,300.000,-1,675.000,700.000,-1,775.000,750.000,-1,-1,2,0,2,0,2,0,0,0,0,2,0,0,2,0,0,2,2
113,532.181,-4006.215,-75.945,85.101,0.087635,-0.995740,0.028677,0.993655,0.085341,-0.073261,0.070502,0.034916,0.996900,0,0.12720,0.28774,7.632,0.575,-1,400.000,-1,400.000,-1,325.000,325.000,300.000,300.000,-1,675.000,700.000,-1,775.000,750.000,-1,-1,2,0,2,0,2,0,0,0,0,2,0,0,2,0,0,2,2
114,533.119,-3993.818,-75.133,85.673,0.077681,-0.996570,0.028515,0.994434,0.075409,-0.073586,0.071184,0.034073,0.996881,0,0.20720,0.28571,12.432,0.571,-1,400.000,-1,400.000,-1,325.000,325.000,300.000,300.000,-1,650.000,700.000,-1,775.000,775.000,-1,-1,2,0,2,0,2,0,0,0,0,2,0,0,2,0,0,2,2
115,534.250,-3976.623,-73.999,86.239,0.067802,-0.997298,0.028272,0.995100,0.065554,-0.074020,0.071967,0.033152,0.996856,0,0.28720,0.28324,17.232,0.566,-1,400.000,-1,400.000,-1,325.000,325.000,300.000,300.000,-1,650.000,700.000,-1,775.000,775.000,-1,-1,2,0,2,0,2,0,0,0,0,2,0,0,2,0,0,2,2
116,535.480,-3954.625,-72.528,86.800,0.058019,-0.997923,0.028006,0.995657,0.055796,-0.074522,0.072805,0.032208,0.996826,0,0.36720,0.28028,22.032,0.561,-1,400.000,-1,400.000,-1,325.000,325.000,300.000,300.000,-1,650.000,700.000,-1,775.000,775.000,-1,1000.000,2,0,2,0,2,0,0,0,0,2,0,0,2,0,1,2,1
117,536.720,-3927.821,-70.640,87.353,0.048359,-0.998441,0.027874,0.996120,0.046155,-0.074933,0.073529,0.031390,0.996799,0,0.44720,0.27674,26.832,0.553,-1,400.000,-1,400.000,-1,325.000,325.000,300.000,300.000,-1,650.000,725.000,-1,775.000,750.000,-1,975.000,2,0,2,0,2,0,0,0,0,2,0,0,2,0,1,2,1
118,537.880,-3896.210,-68.357,87.898,0.038816,-0.998864,0.027637,0.996525,0.036655,-0.074799,0.073701,0.030444,0.996816,0,0.52720,0.27254,31.632,0.545,-1,400.000,-1,400.000,-1,325.000,325.000,300.000,300.000,-1,675.000,750.000,-1,800.000,725.000,-1,925.000,2,0,2,0,2,0,0,0,0,2,0,0,2,0,1,2,1
119,538.876,-3859.792,-65.736,88.434,0.029442,-0.999190,0.027447,0.996842,0.027325,-0.074566,0.073756,0.029556,0.996838,0,0.60720,0.26758,36.432,0.535,-1,400.000,-1,400.000,-1,325.000,325.000,300.000,300.000,-1,750.000,800.000,-1,800.000,700.000,-1,875.000,2,0,2,0,2,0,0,0,0,2,0,0,2,0,1,2,1
120,539.627,-3818.566,-62.754,88.957,0.020266,-0.999424,0.027221,0.997070,0.018195,-0.074296,0.073757,0.028647,0.996865,0,0.68720,0.26175,41.232,0.524,-1,400.000,-1,400.000,975.000,325.000,325.000,300.000,300.000,-1,800.000,850.000,-1,800.000,675.000,-1,825.000,2,0,2,0,1,0,0,0,0,2,0,0,2,0,1,2,1
121,540.056,-3772.536,-59.407,89.467,0.011323,-0.999572,0.026958,0.997216,0.009301,-0.073987,0.073704,0.027721,0.996895,0,0.76720,0.25493,46.032,0.510,-1,400.000,-1,400.000,900.000,325.000,325.000,300.000,300.000,-1,875.000,925.000,-1,800.000,650.000,-1,775.000,2,0,2,0,1,0,0,0,0,2,0,0,2,0,1,2,1
122,540.091,-3721.704,-55.693,89.961,0.002653,-0.999641,0.026659,0.997285,0.000683,-0.073641,0.073596,0.026782,0.996928,0,0.84720,0.24697,50.832,0.494,-1,400.000,-1,400.000,825.000,325.000,325.000,300.000,300.000,-1,925.000,1000.000,-1,800.000,625.000,-1,725.000,2,0,2,0,1,0,0,0,0,2,0,0,2,0,1,2,1
123,539.668,-3666.074,-51.612,90.436,-0.005695,-0.999637,0.026323,0.997284,-0.007611,-0.073260,0.073434,0.025834,0.996965,0,0.92720,0.23768,55.632,0.475,-1,400.000,-1,400.000,750.000,325.000,325.000,300.000,300.000,-1,-1,-1,-1,800.000,575.000,-1,675.000,2,0,2,0,1,0,0,0,0,2,2,2,2,0,1,2,1
124,538.737,-3606.081,-47.193,90.890,-0.013667,-0.999570,0.025954,0.997222,-0.015527,-0.072849,0.073221,0.024886,0.997005,0,1.00000,0.22686,60.000,0.454,-1,400.000,-1,400.000,675.000,325.000,325.000,300.000,300.000,-1,-1,-1,-1,800.000,550.000,-1,600.000,2,0,2,1,1,0,0,0,0,2,2,2,2,0,1,2,1
125,537.356,-3546.097,-42.759,91.319,-0.021201,-0.999448,0.025581,0.997107,-0.023005,-0.072443,0.072991,0.023971,0.997044,0,1.00000,0.21433,60.000,0.429,-1,400.000,-1,375.000,575.000,325.000,325.000,300.000,300.000,-1,-1,-1,-1,800.000,525.000,-1,550.000,2,0,2,1,1,1,1,0,0,2,2,2,2,0,1,2,1
126,535.556,-3486.124,-38.311,91.720,-0.028255,-0.999283,0.025205,0.996950,-0.030006,-0.072042,0.072747,0.023093,0.997083,0,1.00000,0.20067,60.000,0.401,-1,400.000,-1,350.000,500.000,325.000,300.000,300.000,300.000,-1,-1,-1,-1,800.000,475.000,-1,500.000,2,0,2,1,1,1,1,0,0,2,2,2,2,0,1,2,1
127,533.367,-3426.164,-33.853,92.092,-0.034788,-0.999086,0.024827,0.996762,-0.036487,-0.071650,0.072491,0.022254,0.997121,0,1.00000,0.18580,60.000,0.372,-1,400.000,-1,325.000,450.000,300.000,300.000,300.000,300.000,-1,-1,-1,-1,800.000,450.000,-1,425.000,2,0,2,1,1,1,1,0,0,2,2,2,2,0,1,2,1
128,530.822,-3366.218,-29.384,92.431,-0.040752,-0.998870,0.024450,0.996555,-0.042403,-0.071270,0.072226,0.021461,0.997157,0,1.00000,0.16961,60.000,0.339,-1,400.000,-1,300.000,375.000,300.000,275.000,300.000,300.000,-1,-1,-1,-1,800.000,425.000,-1,375.000,2,0,2,1,1,1,1,0,0,2,2,2,2,0,1,2,1
129,527.960,-3306.287,-24.907,92.735,-0.046100,-0.998647,0.024074,0.996342,-0.047702,-0.070902,0.071954,0.020717,0.997193,0,1.00000,0.15200,60.000,0.304,-1,400.000,-1,300.000,325.000,300.000,275.000,300.000,300.000,-1,-1,-1,-1,825.000,400.000,-1,325.000,2,0,2,1,1,1,1,0,0,2,2,2,2,0,1,2,1
130,524.822,-3246.367,-18.259,93.000,-0.051267,-0.998562,0.015665,0.995559,-0.052340,-0.078251,0.078958,0.011583,0.996811,0,1.00000,0.13283,60.000,0.266,-1,425.000,-1,275.000,300.000,300.000,275.000,300.000,325.000,-1,-1,-1,-1,875.000,400.000,-1,300.000,2,0,2,1,1,1,1,0,0,2,2,2,2,0,1,2,1
131,521.451,-3186.460,-10.838,93.224,-0.056166,-0.998416,0.003393,0.994524,-0.056246,-0.088079,0.088130,-0.001573,0.996108,0,1.00000,0.11196,60.000,0.224,-1,450.000,-1,300.000,275.000,325.000,275.000,275.000,375.000,-1,675.000,900.000,-1,950.000,400.000,-1,300.000,2,0,2,1,1,1,1,0,0,2,0,0,2,0,1,2,1
132,517.593,-3126.582,-3.472,93.688,-0.065453,-0.997820,-0.008384,0.993113,-0.064321,-0.097923,0.097170,-0.014735,0.995159,0,1.00000,0.23196,60.000,0.464,-1,475.000,-1,300.000,275.000,350.000,275.000,275.000,400.000,-1,350.000,600.000,-1,-1,425.000,-1,275.000,2,0,2,1,1,1,1,0,0,2,0,0,2,2,1,2,1
133,513.185,-3066.742,3.775,94.213,-0.075944,-0.996922,-0.019467,0.991482,-0.073429,-0.107574,0.105813,-0.027471,0.994006,0,1.00000,0.26214,60.000,0.524,-1,500.000,-1,300.000,250.000,375.000,300.000,275.000,450.000,1000.000,225.000,425.000,-1,-1,425.000,-1,275.000,2,0,2,1,1,1,1,0,0,0,0,0,2,2,1,2,1
134,508.293,-3006.940,10.884,94.676,-0.085484,-0.995891,-0.029888,0.989802,-0.081454,-0.116865,0.113950,-0.039574,0.992698,0,1.00000,0.23162,60.000,0.463,-1,525.000,-1,300.000,250.000,400.000,300.000,250.000,425.000,825.000,175.000,350.000,-1,-1,-1,-1,275.000,2,0,2,1,1,1,1,0,1,0,0,0,2,2,2,2,1
