timestep,x_cm,y_cm,z_cm,yaw_deg,basis_xx,basis_xy,basis_xz,basis_yx,basis_yy,basis_yz,basis_zx,basis_zy,basis_zz,teleport_flag,throttle_cmd,steering_cmd,cmd_move_cm,cmd_turn_deg,lidar_cm_0,lidar_cm_1,lidar_cm_2,lidar_cm_3,lidar_cm_4,lidar_cm_5,lidar_cm_6,lidar_cm_7,lidar_cm_8,lidar_cm_9,lidar_cm_10,lidar_cm_11,lidar_cm_12,lidar_cm_13,lidar_cm_14,lidar_cm_15,lidar_cm_16,lidar_class_0,lidar_class_1,lidar_class_2,lidar_class_3,lidar_class_4,lidar_class_5,lidar_class_6,lidar_class_7,lidar_class_8,lidar_class_9,lidar_class_10,lidar_class_11,lidar_class_12,lidar_class_13,lidar_class_14,lidar_class_15,lidar_class_16
0,-8200.607,-1644.407,225.993,-107.675,-0.301904,0.952203,0.046521,-0.952373,-0.303435,0.030229,0.042900,-0.035179,0.998460,1,0.08000,0.12000,4.800,0.240,-1,400.000,-1,450.000,-1,325.000,350.000,275.000,325.000,-1,-1,-1,-1,850.000,950.000,-1,-1,2,0,2,0,2,0,0,0,0,2,2,2,2,1,0,2,2
1,-8203.464,-1653.572,226.473,-107.316,-0.296011,0.954116,0.045169,-0.954268,-0.297468,0.029767,0.041838,-0.034292,0.998536,0,0.16000,0.17963,9.600,0.359,-1,400.000,-1,425.000,-1,325.000,350.000,275.000,325.000,-1,-1,-1,-1,850.000,950.000,-1,-1,2,0,2,0,2,0,0,0,0,2,2,2,2,1,0,2,2
2,-8207.666,-1667.345,227.204,-106.964,-0.290270,0.955973,0.043122,-0.956097,-0.291614,0.028965,0.040265,-0.032821,0.998650,0,0.24000,0.17601,14.400,0.352,-1,400.000,-1,425.000,-1,325.000,350.000,275.000,325.000,-1,-1,-1,-1,875.000,925.000,-1,-1,2,0,2,0,2,0,0,0,0,2,2,2,2,1,0,2,2
3,-8213.159,-1685.742,228.176,-106.623,-0.284733,0.957754,0.040427,-0.957845,-0.285935,0.027829,0.038213,-0.030799,0.998795,0,0.32000,0.17059,19.200,0.341,-1,400.000,-1,425.000,-1,325.000,325.000,275.000,325.000,-1,-1,-1,-1,875.000,925.000,-1,-1,2,0,2,0,2,0,0,0,0,2,2,2,2,1,0,2,2
4,-8219.894,-1708.778,229.376,-106.296,-0.279454,0.959441,0.037136,-0.959495,-0.280490,0.026372,0.035719,-0.028262,0.998962,0,0.40000,0.16335,24.000,0.327,-1,400.000,-1,425.000,-1,325.000,325.000,275.000,325.000,-1,-1,-1,-1,875.000,900.000,-1,-1,2,0,2,0,2,0,0,0,0,2,2,2,2,1,0,2,2
5,-8227.827,-1736.464,230.791,-105.988,-0.274483,0.961015,0.033314,-0.961031,-0.275341,0.024617,0.032830,-0.025259,0.999142,0,0.48000,0.15429,28.800,0.309,-1,400.000,-1,425.000,-1,325.000,325.000,300.000,325.000,-1,-1,-1,-1,850.000,875.000,-1,-1,2,0,2,0,2,0,0,0,0,2,2,2,2,1,0,2,2
6,-8236.920,-1768.809,232.403,-105.701,-0.269874,0.962458,0.029027,-0.962441,-0.270550,0.022592,0.029597,-0.021840,0.999323,0,0.56000,0.14337,33.600,0.287,-1,400.000,-1,425.000,-1,325.000,325.000,300.000,325.000,-1,-1,-1,-1,825.000,850.000,-1,-1,2,0,2,0,2,0,0,0,0,2,2,2,2,1,0,2,2
7,-8246.433,-1803.252,234.069,-105.440,-0.265666,0.963749,0.024677,-0.963706,-0.266179,0.020493,0.026319,-0.018337,0.999485,0,0.59555,0.13058,35.733,0.261,-1,400.000,-1,400.000,-1,325.000,325.000,300.000,325.000,-1,-1,-1,-1,800.000,825.000,-1,-1,2,0,2,0,2,0,0,0,0,2,2,2,2,1,0,2,2
8,-8255.921,-1838.159,235.707,-105.206,-0.261884,0.964882,0.020490,-0.964821,-0.262259,0.018439,0.023165,-0.014940,0.999620,0,0.60288,0.11691,36.173,0.234,-1,400.000,-1,400.000,-1,325.000,325.000,325.000,325.000,-1,-1,-1,-1,800.000,800.000,-1,-1,2,0,2,0,2,0,0,0,0,2,2,2,2,0,0,2,2
9,-8265.402,-1873.540,237.315,-105.000,-0.258538,0.965861,0.016461,-0.965791,-0.258799,0.016437,0.020136,-0.011648,0.999729,0,0.61050,0.10300,36.630,0.206,-1,400.000,-1,400.000,-1,325.000,325.000,325.000,325.000,-1,-1,-1,-1,775.000,775.000,-1,-1,2,0,2,0,2,0,0,0,0,2,2,2,2,0,0,2,2
10,-8274.894,-1909.409,238.241,-104.822,-0.255564,0.966665,0.015686,-0.966599,-0.255804,0.015861,0.019345,-0.011109,0.999751,0,0.61839,0.08885,37.103,0.178,-1,400.000,-1,400.000,-1,325.000,325.000,325.000,325.000,-1,-1,-1,-1,775.000,775.000,-1,-1,2,0,2,0,2,0,0,0,0,2,2,2,2,0,0,2,2
11,-8284.416,-1945.776,238.250,-104.673,-0.253045,0.967287,0.018006,-0.967316,-0.253280,0.012222,0.016383,-0.014324,0.999763,0,0.62655,0.07446,37.593,0.149,-1,375.000,-1,400.000,-1,325.000,325.000,325.000,325.000,-1,-1,-1,-1,750.000,750.000,-1,-1,2,0,2,0,2,0,0,0,0,2,2,2,2,0,0,2,2
12,-8293.989,-1982.653,238.320,-104.554,-0.251034,0.967768,0.020154,-0.967882,-0.251248,0.008858,0.013636,-0.017283,0.999758,0,0.63499,0.05981,38.099,0.120,-1,375.000,-1,375.000,-1,300.000,325.000,300.000,325.000,-1,-1,-1,-1,725.000,750.000,-1,-1,2,0,2,0,2,0,0,0,0,2,2,2,2,0,0,2,2
13,-8304.507,-2024.242,238.497,-104.194,-0.244976,0.969279,0.022039,-0.969465,-0.245157,0.005890,0.011112,-0.019923,0.999740,0,0.71499,0.17981,42.899,0.360,-1,375.000,-1,375.000,-1,300.000,300.000,300.000,325.000,-1,-1,-1,-1,725.000,725.000,-1,-1,2,0,2,0,2,0,0,0,0,2,2,2,2,0,0,2,2
14,-8314.783,-2066.739,238.679,-103.594,-0.234844,0.971750,0.023467,-0.971991,-0.234990,0.003614,0.009027,-0.021961,0.999718,0,0.72870,0.29981,43.722,0.600,-1,375.000,-1,375.000,-1,300.000,300.000,300.000,325.000,-1,-1,-1,-1,700.000,725.000,-1,-1,2,0,2,0,2,0,0,0,0,2,2,2,2,0,0,2,2
15,-8324.518,-2109.747,238.883,-102.755,-0.220610,0.975044,0.024916,-0.975337,-0.220715,0.001498,0.006960,-0.023971,0.999688,0,0.73493,0.41981,44.096,0.840,-1,350.000,-1,375.000,-1,300.000,300.000,300.000,325.000,-1,-1,-1,-1,675.000,700.000,-1,-1,2,0,2,0,2,0,0,0,0,2,2,2,2,0,0,2,2
16,-8333.522,-2153.324,239.044,-101.675,-0.202239,0.978973,0.026676,-0.979325,-0.202292,-0.000721,0.004690,-0.026270,0.999644,0,0.74163,0.53981,44.498,1.080,-1,350.000,-1,375.000,-1,300.000,300.000,300.000,325.000,-1,-1,-1,-1,675.000,700.000,-1,-1,2,0,2,0,2,0,0,1,0,2,2,2,2,0,0,2,2
17,-8341.597,-2197.520,239.083,-100.355,-0.179698,0.983293,0.029047,-0.983720,-0.179679,-0.003310,0.001964,-0.029169,0.999573,0,0.74879,0.65981,44.927,1.320,-1,350.000,-1,375.000,-1,300.000,300.000,325.000,325.000,-1,-1,-1,-1,650.000,675.000,-1,-1,2,0,2,0,2,0,0,1,0,2,2,2,2,0,0,2,2
18,-8348.535,-2242.371,238.918,-98.796,-0.152963,0.987702,0.032374,-0.988231,-0.152831,-0.006513,-0.001485,-0.032989,0.999455,0,0.75642,0.77981,45.385,1.560,-1,350.000,-1,350.000,-1,275.000,300.000,375.000,325.000,-1,-1,-1,-1,625.000,675.000,-1,-1,2,0,2,0,2,0,0,1,0,2,2,2,2,0,0,2,2
19,-8354.120,-2287.901,238.464,-96.996,-0.122027,0.991835,0.037053,-0.992509,-0.121716,-0.010531,-0.005936,-0.038060,0.999258,0,0.76452,0.89981,45.871,1.800,-1,325.000,-1,350.000,-1,275.000,275.000,425.000,325.000,-1,-1,-1,-1,-1,650.000,-1,-1,2,0,2,0,2,0,0,1,0,2,2,2,2,2,0,2,2
20,-8358.155,-2334.110,237.657,-94.996,-0.087600,0.995208,0.043433,-0.996088,-0.087004,-0.015433,-0.011580,-0.044615,0.998937,0,0.77308,1.00000,46.385,2.000,-1,325.000,-1,350.000,-1,275.000,275.000,450.000,350.000,-1,-1,-1,-1,-1,625.000,-1,-1,2,0,2,0,2,0,0,1,0,2,2,2,2,2,0,2,2
21,-8360.602,-2380.966,236.540,-92.996,-0.053217,0.997260,0.051389,-0.998417,-0.052199,-0.020952,-0.018212,-0.052423,0.998459,0,0.78199,1.00000,46.920,2.000,-1,300.000,-1,325.000,-1,250.000,275.000,475.000,350.000,-1,-1,-1,-1,-1,600.000,-1,-1,2,0,2,0,2,0,0,1,0,2,2,2,2,2,0,2,2
22,-8361.418,-2428.394,235.070,-90.996,-0.018984,0.997948,0.061157,-0.999483,-0.017354,-0.027071,-0.025954,-0.061640,0.997761,0,0.79060,1.00000,47.436,2.000,-1,275.000,-1,325.000,-1,225.000,250.000,500.000,350.000,-1,-1,-1,-1,-1,575.000,-1,-1,2,0,2,0,2,0,0,1,0,2,2,2,2,2,0,2,2
23,-8360.567,-2476.317,233.205,-88.996,0.014971,0.997221,0.072981,-0.999278,0.017472,-0.033745,-0.034926,-0.072423,0.996762,0,0.79885,1.00000,47.931,2.000,-1,275.000,-1,300.000,-1,225.000,250.000,525.000,350.000,-1,-1,-1,-1,-1,550.000,-1,-1,2,1,2,0,2,0,0,1,0,2,2,2,2,2,0,2,2
24,-8358.015,-2524.652,230.903,-86.996,0.048496,0.995018,0.087109,-0.997798,0.052212,-0.040895,-0.045240,-0.084934,0.995359,0,0.80670,1.00000,48.402,2.000,-1,300.000,-1,275.000,-1,200.000,225.000,525.000,375.000,-1,-1,-1,-1,-1,500.000,-1,875.000,2,1,2,0,2,0,0,1,0,2,2,2,2,2,0,2,0
25,-8353.734,-2573.309,228.122,-84.996,0.081410,0.991262,0.103788,-0.995050,0.086790,-0.048409,-0.056994,-0.099333,0.993421,0,0.81410,1.00000,48.846,2.000,-1,350.000,-1,275.000,-1,175.000,200.000,525.000,375.000,-1,-1,-1,-1,-1,450.000,-1,700.000,2,1,2,0,2,0,0,1,0,2,2,2,2,2,0,2,0
26,-8347.699,-2622.196,224.808,-82.996,0.113507,0.985870,0.123193,-0.991051,0.121115,-0.056114,-0.070241,-0.115722,0.990795,0,0.82098,1.00000,49.259,2.000,-1,375.000,-1,250.000,-1,150.000,200.000,500.000,400.000,-1,-1,-1,-1,-1,425.000,-1,550.000,2,1,2,0,2,0,0,1,0,2,2,2,2,2,0,2,0
27,-8339.891,-2671.215,220.581,-80.996,0.144592,0.978552,0.146727,-0.985927,0.155053,-0.062499,-0.083909,-0.135626,0.987201,0,0.82730,1.00000,49.638,2.000,-1,425.000,-1,225.000,950.000,150.000,175.000,500.000,425.000,-1,0.000,-1,-1,-1,375.000,-1,450.000,2,1,2,0,0,1,0,1,0,2,0,2,2,2,0,2,0
28,-8330.310,-2720.264,216.558,-78.996,0.175637,0.969851,0.168938,-0.979982,0.188586,-0.063808,-0.093743,-0.154350,0.983559,0,0.83298,1.00000,49.979,2.000,-1,550.000,-1,200.000,925.000,175.000,150.000,475.000,475.000,-1,0.000,-1,-1,-1,350.000,-1,375.000,2,1,2,0,0,1,0,1,0,2,0,2,2,2,0,2,0
29,-3058.157,-8852.406,112.492,-204.302,-0.908954,-0.411299,-0.068088,0.412666,-0.910858,-0.006742,-0.059246,-0.034226,0.997657,1,0.00000,0.00000,50.278,2.000,-1,-1,-1,325.000,550.000,-1,300.000,225.000,300.000,-1,-1,-1,-1,-1,-1,-1,475.000,2,2,2,1,0,2,1,1,0,2,2,2,2,2,2,2,1
30,-6882.902,5577.367,-165.432,-156.071,-0.913301,0.405566,0.037378,-0.404502,-0.913943,0.032951,0.047525,0.014975,0.998758,1,-0.08000,-0.02550,-4.800,-0.051,-1,375.000,-1,375.000,-1,300.000,300.000,300.000,300.000,-1,425.000,450.000,800.000,725.000,650.000,-1,-1,2,0,2,0,2,0,0,0,0,2,0,0,1,0,0,2,2
31,-6874.124,5581.253,-165.871,-156.122,-0.913683,0.404743,0.036963,-0.403698,-0.914309,0.032661,0.047015,0.014919,0.998783,0,-0.16000,-0.02582,-9.600,-0.052,-1,375.000,-1,375.000,-1,300.000,300.000,300.000,300.000,-1,400.000,450.000,825.000,700.000,650.000,-1,-1,2,0,2,0,2,0,0,0,0,2,0,0,1,0,0,2,2
32,-6860.951,5587.070,-166.532,-156.175,-0.914081,0.403899,0.036338,-0.402884,-0.914683,0.032223,0.046253,0.014815,0.998820,0,-0.24000,-0.02643,-14.400,-0.053,-1,375.000,-1,375.000,-1,300.000,300.000,300.000,300.000,-1,400.000,425.000,-1,700.000,650.000,-1,-1,2,0,2,0,2,0,0,0,0,2,0,0,2,0,0,2,2
33,-6847.340,5593.064,-167.216,-156.230,-0.914492,0.403027,0.035689,-0.402042,-0.915070,0.031769,0.045461,0.014704,0.998858,0,-0.24787,-0.02734,-14.872,-0.055,-1,375.000,-1,375.000,-1,300.000,300.000,300.000,300.000,-1,400.000,425.000,-1,700.000,650.000,-1,-1,2,0,2,0,2,0,0,0,0,2,0,0,2,0,0,2,2
34,-6833.777,5599.022,-167.896,-156.286,-0.914914,0.402125,0.035037,-0.401169,-0.915469,0.031315,0.044668,0.014595,0.998895,0,-0.24689,-0.02825,-14.813,-0.057,-1,375.000,-1,375.000,-1,300.000,300.000,300.000,300.000,-1,400.000,425.000,-1,700.000,650.000,-1,-1,2,0,2,0,2,0,0,0,0,2,0,0,2,0,0,2,2
35,-6820.265,5604.941,-168.575,-156.345,-0.915348,0.401194,0.034383,-0.400268,-0.915879,0.030860,0.043872,0.014485,0.998932,0,-0.24586,-0.02914,-14.752,-0.058,-1,375.000,-1,375.000,-1,300.000,300.000,300.000,300.000,-1,375.000,425.000,-1,700.000,650.000,-1,-1,2,0,2,0,2,0,0,0,0,2,0,0,2,0,0,2,2
36,-6806.805,5610.820,-169.250,-156.405,-0.915791,0.400236,0.033728,-0.399338,-0.916300,0.030404,0.043074,0.014375,0.998968,0,-0.24480,-0.02999,-14.688,-0.060,-1,375.000,-1,375.000,-1,300.000,300.000,300.000,300.000,-1,375.000,400.000,-1,700.000,650.000,-1,-1,2,0,2,0,2,0,0,0,0,2,0,0,2,0,0,2,2
37,-6793.399,5616.659,-169.923,-156.466,-0.916245,0.399250,0.033071,-0.398381,-0.916731,0.029949,0.042275,0.014266,0.999004,0,-0.24370,-0.03081,-14.622,-0.062,-1,375.000,-1,375.000,-1,300.000,300.000,300.000,300.000,-1,375.000,400.000,-1,700.000,650.000,-1,-1,2,0,2,0,2,0,0,0,0,2,0,0,2,0,0,2,2
38,-6780.049,5622.455,-170.592,-156.529,-0.916709,0.398239,0.032413,-0.397398,-0.917172,0.029494,0.041474,0.014157,0.999039,0,-0.24256,-0.03161,-14.554,-0.063,-1,375.000,-1,375.000,-1,300.000,300.000,300.000,300.000,-1,350.000,400.000,-1,700.000,650.000,-1,-1,2,0,2,0,2,0,0,0,0,2,0,0,2,0,0,2,2
39,-6771.087,5626.304,-171.031,-156.760,-0.918320,0.394548,0.031952,-0.393723,-0.918765,0.029198,0.040877,0.014233,0.999063,0,-0.16256,-0.11519,-9.754,-0.230,-1,375.000,-1,375.000,-1,300.000,300.000,300.000,300.000,-1,350.000,400.000,-1,700.000,650.000,-1,-1,2,0,2,0,2,0,0,0,0,2,0,0,2,0,0,2,2
40,-6766.527,5628.240,-171.247,-156.991,-0.919915,0.390834,0.031706,-0.390017,-0.920349,0.029056,0.040537,0.014363,0.999075,0,-0.08256,-0.11568,-4.954,-0.231,-1,375.000,-1,375.000,-1,300.000,300.000,300.000,300.000,-1,350.000,375.000,-1,700.000,650.000,-1,-1,2,0,2,0,2,0,0,0,0,2,0,0,2,0,0,2,2
41,-6766.386,5628.300,-171.241,-157.223,-0.921491,0.387105,0.031679,-0.386287,-0.921921,0.029065,0.040456,0.014546,0.999075,0,-0.00256,-0.11593,-0.154,-0.232,-1,375.000,-1,375.000,-1,300.000,300.000,300.000,300.000,-1,350.000,375.000,-1,700.000,650.000,-1,-1,2,0,2,0,2,0,0,0,0,2,0,0,2,0,0,2,2
42,-6770.677,5626.518,-171.015,-157.455,-0.923045,0.383370,0.031873,-0.382540,-0.923477,0.029220,0.040637,0.014779,0.999065,0,0.07744,-0.11593,4.646,-0.232,-1,375.000,-1,375.000,-1,300.000,300.000,300.000,300.000,-1,350.000,375.000,-1,700.000,650.000,-1,-1,2,0,2,0,2,0,0,0,0,2,0,0,2,0,0,2,2
43,-6779.416,5622.931,-170.568,-157.686,-0.924573,0.379635,0.032293,-0.378785,-0.925014,0.029519,0.041078,0.015060,0.999042,0,0.15744,-0.11571,9.446,-0.231,-1,375.000,-1,375.000,-1,300.000,300.000,300.000,300.000,-1,350.000,400.000,-1,700.000,650.000,-1,-1,2,0,2,0,2,0,0,0,0,2,0,0,2,0,0,2,2
44,-6792.617,5617.575,-169.902,-157.917,-0.926071,0.375909,0.032938,-0.375029,-0.926529,0.029954,0.041778,0.015386,0.999008,0,0.23744,-0.11526,14.246,-0.231,-1,375.000,-1,375.000,-1,300.000,300.000,300.000,300.000,-1,375.000,400.000,-1,700.000,650.000,-1,-1,2,0,2,0,2,0,0,0,0,2,0,0,2,0,0,2,2
45,-6810.295,5610.485,-169.018,-158.146,-0.927537,0.372198,0.033810,-0.371279,-0.928020,0.030518,0.042735,0.015754,0.998962,0,0.31744,-0.11457,19.046,-0.229,-1,375.000,-1,375.000,-1,300.000,300.000,300.000,300.000,-1,375.000,400.000,-1,700.000,650.000,-1,-1,2,0,2,0,2,0,0,0,0,2,0,0,2,0,0,2,2
46,-6832.463,5601.696,-167.916,-158.373,-0.928967,0.368512,0.034908,-0.367544,-0.929482,0.031204,0.043945,0.016158,0.998903,0,0.39744,-0.11362,23.846,-0.227,-1,375.000,-1,375.000,-1,300.000,300.000,300.000,300.000,-1,400.000,425.000,-1,700.000,650.000,-1,-1,2,0,2,0,2,0,0,0,0,2,0,0,2,0,0,2,2
47,-6859.134,5591.243,-166.599,-158.598,-0.930357,0.364861,0.036229,-0.363833,-0.930914,0.032003,0.045403,0.016593,0.998831,0,0.47744,-0.11238,28.646,-0.225,-1,375.000,-1,375.000,-1,300.000,300.000,300.000,300.000,-1,400.000,425.000,-1,700.000,650.000,-1,-1,2,0,2,0,2,0,0,0,0,2,0,0,2,0,0,2,2
48,-6890.321,5579.158,-165.069,-158.820,-0.931702,0.361254,0.037772,-0.360156,-0.932312,0.032904,0.047102,0.017053,0.998744,0,0.55744,-0.11083,33.446,-0.222,-1,375.000,-1,375.000,-1,325.000,300.000,300.000,300.000,-1,425.000,450.000,-1,700.000,650.000,-1,-1,2,0,2,0,2,0,0,0,0,2,0,0,2,0,0,2,2
49,-6926.092,5565.622,-163.315,-159.274,-0.934466,0.353851,0.039540,-0.352671,-0.935134,0.033876,0.048962,0.017712,0.998644,0,0.63744,-0.22699,38.246,-0.454,-1,375.000,-1,375.000,-1,325.000,300.000,300.000,300.000,-1,425.000,450.000,-1,725.000,650.000,-1,-1,2,0,2,0,2,0,0,0,0,2,0,0,2,0,0,2,2
50,-6966.471,5550.703,-161.355,-159.723,-0.937129,0.346501,0.041536,-0.345228,-0.937869,0.034910,0.051052,0.018375,0.998527,0,0.71744,-0.22471,43.046,-0.449,-1,375.000,-1,375.000,-1,325.000,325.000,300.000,300.000,-1,450.000,425.000,825.000,725.000,650.000,-1,-1,2,0,2,0,2,0,0,0,0,2,0,0,1,0,0,2,2
51,-7011.479,5534.470,-159.190,-160.167,-0.939689,0.339219,0.043759,-0.337841,-0.940515,0.035989,0.053364,0.019035,0.998394,0,0.79744,-0.22201,47.846,-0.444,-1,400.000,-1,375.000,-1,325.000,300.000,300.000,300.000,-1,425.000,400.000,775.000,725.000,650.000,-1,-1,2,0,2,0,2,0,0,0,0,2,0,0,1,0,0,2,2
52,-7059.534,5517.551,-156.898,-160.605,-0.942144,0.332020,0.046125,-0.330531,-0.943067,0.037061,0.055804,0.019672,0.998248,0,0.84910,-0.21884,50.946,-0.438,-1,400.000,-1,375.000,-1,325.000,300.000,300.000,300.000,-1,400.000,375.000,750.000,725.000,650.000,-1,-1,2,0,2,0,2,0,0,0,0,2,0,0,1,0,0,2,2
53,-7107.642,5501.019,-154.621,-161.035,-0.944498,0.324920,0.048486,-0.323320,-0.945524,0.038053,0.058209,0.020265,0.998099,0,0.84782,-0.21529,50.869,-0.431,-1,400.000,-1,375.000,-1,325.000,300.000,300.000,300.000,-1,375.000,375.000,750.000,725.000,650.000,-1,-1,2,0,2,0,2,0,0,0,0,2,0,0,1,0,0,2,2
54,-7155.816,5484.861,-151.877,-161.458,-0.946789,0.317937,0.050071,-0.316368,-0.947921,0.036843,0.059177,0.019041,0.998066,0,0.84685,-0.21155,50.811,-0.423,-1,375.000,-1,375.000,-1,325.000,300.000,300.000,300.000,-1,400.000,400.000,750.000,725.000,650.000,-1,-1,2,0,2,0,2,0,0,0,0,2,0,0,1,0,0,2,2
55,-7204.069,5469.066,-148.799,-161.874,-0.948915,0.311072,0.052859,-0.309580,-0.950243,0.034615,0.060997,0.016483,0.998002,0,0.84619,-0.20763,50.772,-0.415,-1,375.000,-1,375.000,-1,325.000,300.000,300.000,300.000,-1,400.000,400.000,775.000,750.000,675.000,-1,-1,2,0,2,0,2,0,0,0,0,2,0,0,1,0,0,2,2
56,-7252.412,5453.621,-145.729,-162.281,-0.950942,0.304325,0.055638,-0.302923,-0.952467,0.032307,0.062825,0.013868,0.997928,0,0.84584,-0.20355,50.751,-0.407,-1,375.000,-1,375.000,-1,325.000,300.000,300.000,300.000,-1,400.000,425.000,800.000,750.000,675.000,-1,-1,2,0,2,0,2,0,0,0,0,2,0,0,1,0,0,2,2
57,-7303.129,5437.810,-142.294,-162.685,-0.952956,0.297609,0.057481,-0.296285,-0.954612,0.030524,0.063956,0.012057,0.997880,0,0.88539,-0.20198,53.124,-0.404,-1,375.000,-1,375.000,-1,300.000,300.000,300.000,300.000,-1,425.000,450.000,800.000,750.000,675.000,-1,-1,2,0,2,0,2,0,0,0,0,2,0,0,1,0,0,2,2
58,-7353.802,5422.402,-138.471,-163.087,-0.954924,0.290907,0.059097,-0.289572,-0.956679,0.030208,0.065325,0.011734,0.997795,0,0.88273,-0.20095,52.964,-0.402,-1,375.000,-1,375.000,-1,325.000,300.000,300.000,300.000,-1,475.000,500.000,825.000,750.000,675.000,-1,-1,2,0,2,0,2,0,0,0,0,2,0,0,1,0,0,2,2
59,-7404.435,5407.390,-134.638,-163.486,-0.956826,0.284232,0.060800,-0.282873,-0.958685,0.030090,0.066841,0.011592,0.997696,0,0.88019,-0.19968,52.812,-0.399,-1,400.000,-1,375.000,-1,325.000,300.000,300.000,300.000,-1,500.000,525.000,850.000,750.000,675.000,-1,-1,2,0,2,0,2,0,0,0,0,2,0,0,1,0,0,2,2
60,-7455.034,5392.768,-130.848,-163.882,-0.958664,0.277594,0.062492,-0.276214,-0.960631,0.029912,0.068335,0.011414,0.997597,0,0.87781,-0.19818,52.668,-0.396,-1,400.000,-1,375.000,-1,325.000,300.000,300.000,300.000,-1,500.000,550.000,850.000,750.000,675.000,-1,-1,2,0,2,0,2,0,0,0,0,2,0,0,1,0,0,2,2
61,-7505.603,5378.531,-127.097,-164.275,-0.960438,0.271001,0.064171,-0.269604,-0.962514,0.029676,0.069808,0.011201,0.997498,0,0.87558,-0.19644,52.535,-0.393,-1,400.000,-1,375.000,-1,325.000,325.000,300.000,300.000,-1,525.000,575.000,875.000,775.000,675.000,-1,-1,2,0,2,0,2,0,0,0,0,2,0,0,1,0,0,2,2
62,-7556.149,5364.669,-123.386,-164.664,-0.962146,0.264462,0.065839,-0.263052,-0.964334,0.029385,0.071262,0.010954,0.997397,0,0.87354,-0.19449,52.412,-0.389,-1,400.000,-1,375.000,-1,325.000,325.000,300.000,300.000,-1,550.000,600.000,900.000,775.000,675.000,-1,-1,2,0,2,0,2,0,0,0,0,2,0,0,1,0,0,2,2
63,-7606.680,5351.175,-119.711,-165.049,-0.963789,0.257983,0.067495,-0.256565,-0.966091,0.029040,0.072698,0.010671,0.997297,0,0.87169,-0.19231,52.301,-0.385,-1,400.000,-1,375.000,-1,325.000,325.000,300.000,300.000,-1,550.000,625.000,925.000,775.000,675.000,-1,1000.000,2,0,2,0,2,0,0,0,0,2,0,0,1,0,0,2,1
64,-7657.203,5338.042,-116.070,-165.429,-0.965366,0.251573,0.069140,-0.250152,-0.967783,0.028642,0.074118,0.010355,0.997196,0,0.87004,-0.18993,52.202,-0.380,-1,400.000,-1,375.000,1000.000,325.000,325.000,300.000,300.000,-1,575.000,625.000,925.000,775.000,650.000,-1,975.000,2,0,2,0,1,0,0,0,0,2,0,0,1,0,0,2,1
65,-7707.728,5325.260,-112.463,-165.803,-0.966876,0.245240,0.070773,-0.243819,-0.969411,0.028195,0.075523,0.010005,0.997094,0,0.86860,-0.18734,52.116,-0.375,-1,400.000,-1,375.000,950.000,325.000,300.000,300.000,300.000,-1,600.000,650.000,950.000,775.000,650.000,-1,925.000,2,0,2,0,1,0,0,0,0,2,0,0,1,0,0,2,1
66,-7758.264,5312.822,-108.887,-166.172,-0.968319,0.238991,0.072396,-0.237575,-0.970974,0.027698,0.076914,0.009621,0.996991,0,0.86739,-0.18456,52.043,-0.369,-1,400.000,-1,375.000,900.000,325.000,300.000,300.000,300.000,-1,600.000,675.000,975.000,775.000,650.000,-1,875.000,2,0,2,0,1,0,0,0,0,2,0,0,1,0,0,2,1
67,-7808.819,5300.718,-105.259,-166.536,-0.969709,0.232833,0.073847,-0.231456,-0.972476,0.026809,0.078056,0.008904,0.996909,0,0.86640,-0.18158,51.984,-0.363,-1,400.000,-1,375.000,850.000,325.000,300.000,300.000,300.000,-1,600.000,700.000,1000.000,800.000,650.000,-1,825.000,2,0,2,0,1,0,0,0,0,2,0,0,1,0,0,2,1
68,-7859.404,5288.940,-101.195,-166.892,-0.971016,0.226776,0.075499,-0.225576,-0.973926,0.024171,0.079011,0.006439,0.996853,0,0.86564,-0.17842,51.938,-0.357,-1,400.000,-1,375.000,825.000,325.000,300.000,300.000,300.000,-1,575.000,725.000,-1,800.000,675.000,-1,775.000,2,0,2,0,1,0,0,0,0,2,0,0,2,0,0,2,1
69,-7910.029,5277.479,-97.053,-167.243,-0.972229,0.220823,0.077509,-0.219834,-0.975307,0.021181,0.080272,0.003554,0.996767,0,0.86510,-0.17508,51.906,-0.350,-1,400.000,1000.000,375.000,775.000,325.000,300.000,300.000,300.000,-1,550.000,725.000,-1,800.000,650.000,-1,750.000,2,0,1,0,1,0,0,0,0,2,0,0,2,1,1,2,1
70,-7965.385,5265.176,-92.161,-167.470,-0.972992,0.216956,0.078848,-0.216103,-0.976180,0.019298,0.081157,0.001738,0.996700,0,0.94510,-0.11359,56.706,-0.227,-1,400.000,950.000,375.000,725.000,325.000,300.000,300.000,300.000,-1,550.000,750.000,-1,750.000,625.000,-1,700.000,2,0,1,0,1,0,0,0,0,2,0,0,2,1,1,2,1
71,-8022.298,5252.772,-86.966,-167.704,-0.973747,0.212960,0.080407,-0.212195,-0.977061,0.018043,0.082405,0.000507,0.996599,0,0.97081,-0.11722,58.248,-0.234,-1,400.000,875.000,375.000,675.000,325.000,300.000,300.000,300.000,-1,575.000,750.000,-1,725.000,575.000,-1,650.000,2,0,1,0,1,0,0,0,0,2,0,0,2,1,1,2,1
72,-8079.613,5240.534,-81.798,-167.946,-0.974515,0.208825,0.081931,-0.208160,-0.977953,0.016675,0.083606,-0.000805,0.996499,0,0.97678,-0.12116,58.607,-0.242,-1,400.000,825.000,375.000,625.000,325.000,300.000,300.000,300.000,-1,575.000,750.000,-1,675.000,550.000,-1,600.000,2,0,1,0,1,0,0,0,0,2,0,0,2,1,1,2,1
73,-8136.311,5228.429,-76.742,-167.949,-0.974398,0.208785,0.083413,-0.208241,-0.977958,0.015266,0.084762,-0.002495,0.996398,0,0.96627,-0.00116,57.976,-0.002,-1,400.000,775.000,375.000,550.000,325.000,300.000,300.000,300.000,-1,600.000,775.000,-1,625.000,500.000,-1,550.000,2,0,1,0,1,0,0,0,0,2,0,0,2,1,1,2,1
74,-8193.455,5216.224,-71.692,-167.943,-0.974250,0.208882,0.084880,-0.208467,-0.977932,0.013820,0.085894,-0.004230,0.996295,0,0.97388,0.00288,58.433,0.006,-1,400.000,725.000,375.000,500.000,325.000,325.000,300.000,300.000,-1,625.000,775.000,-1,600.000,475.000,-1,500.000,2,0,1,1,1,0,0,0,0,2,0,0,2,1,1,2,1
75,-8251.048,5203.916,-66.650,-167.937,-0.974101,0.208983,0.086332,-0.208705,-0.977901,0.012337,0.087003,-0.006000,0.996190,0,0.98155,0.00300,58.893,0.006,-1,400.000,675.000,350.000,450.000,325.000,325.000,300.000,300.000,-1,625.000,775.000,-1,550.000,425.000,-1,425.000,2,1,1,1,1,0,1,0,0,2,0,0,2,1,1,2,1
76,-8309.093,5191.505,-61.617,-167.931,-0.973950,0.209087,0.087769,-0.208953,-0.977866,0.010816,0.088088,-0.007805,0.996082,0,0.98928,0.00314,59.357,0.006,-1,375.000,600.000,300.000,400.000,300.000,300.000,300.000,300.000,-1,650.000,800.000,-1,500.000,400.000,-1,375.000,2,1,1,1,1,1,1,0,0,2,0,0,2,1,1,2,1
77,-8367.594,5178.990,-56.593,-167.924,-0.973798,0.209196,0.089189,-0.209213,-0.977826,0.009257,0.089148,-0.009645,0.995972,0,0.99707,0.00328,59.824,0.007,-1,325.000,550.000,275.000,350.000,275.000,250.000,300.000,300.000,-1,650.000,800.000,-1,475.000,350.000,-1,325.000,2,1,1,1,1,1,1,0,0,2,0,0,2,1,1,2,1
78,-8426.265,5166.431,-51.604,-167.917,-0.973645,0.209309,0.090585,-0.209485,-0.977782,0.007665,0.090177,-0.011513,0.995859,0,1.00000,0.00344,60.000,0.007,-1,300.000,500.000,250.000,275.000,250.000,225.000,300.000,300.000,-1,650.000,800.000,-1,425.000,325.000,-1,275.000,2,1,1,1,1,1,1,0,0,2,0,0,2,1,1,2,1
79,-8484.934,5153.864,-46.512,-167.910,-0.973521,0.209426,0.091638,-0.209821,-0.977725,0.005410,0.090729,-0.013961,0.995778,0,1.00000,0.00362,60.000,0.007,-1,275.000,425.000,225.000,225.000,225.000,200.000,300.000,300.000,-1,700.000,850.000,-1,375.000,275.000,-1,225.000,2,1,1,1,1,1,1,0,0,2,0,0,2,1,1,2,1
80,-8543.606,5141.288,-35.540,-167.902,-0.971268,0.209421,0.113058,-0.212414,-0.977065,-0.014972,0.107330,-0.038557,0.993476,0,1.00000,0.00381,60.000,0.008,-1,250.000,425.000,225.000,225.000,200.000,200.000,300.000,350.000,950.000,300.000,500.000,-1,375.000,275.000,-1,200.000,2,1,1,1,1,1,1,0,0,0,0,0,2,1,1,2,1
81,-8602.276,5128.699,-23.727,-167.894,-0.968408,0.209331,0.135525,-0.215477,-0.975977,-0.032223,0.125524,-0.060407,0.990250,0,1.00000,0.00403,60.000,0.008,-1,250.000,425.000,200.000,225.000,200.000,200.000,275.000,400.000,700.000,175.000,350.000,-1,375.000,275.000,-1,200.000,2,1,1,1,1,1,1,0,0,0,0,0,2,1,1,2,1
82,-8660.950,5116.107,-8.228,-167.886,-0.963730,0.209390,0.165473,-0.217468,-0.975539,-0.032106,0.154703,-0.066926,0.985692,0,1.00000,0.00427,60.000,0.009,-1,250.000,450.000,225.000,225.000,200.000,200.000,300.000,450.000,600.000,125.000,250.000,-1,425.000,300.000,-1,225.000,2,1,1,1,1,1,1,0,0,0,0,0,2,1,1,2,1
83,-9511.012,-983.897,246.124,-73.127,0.289948,0.956646,0.027529,-0.956971,0.290157,-0.003838,-0.011660,-0.025232,0.999614,1,0.00000,0.00000,60.000,0.009,-1,375.000,-1,400.000,-1,325.000,325.000,300.000,300.000,-1,-1,-1,-1,675.000,725.000,-1,-1,2,0,2,0,2,0,0,0,0,2,2,2,2,0,0,2,2
84,-9509.603,-988.485,246.067,-72.920,0.293409,0.955594,0.027410,-0.955915,0.293618,-0.003874,-0.011750,-0.025065,0.999617,0,0.08000,0.10367,4.800,0.207,-1,375.000,-1,400.000,-1,325.000,325.000,300.000,300.000,-1,-1,-1,-1,675.000,725.000,-1,-1,2,0,2,0,2,0,0,0,0,2,2,2,2,0,0,2,2
85,-9506.750,-997.652,245.951,-72.713,0.296856,0.954535,0.027181,-0.954849,0.297065,-0.003918,-0.011814,-0.024791,0.999623,0,0.16000,0.10333,9.600,0.207,-1,375.000,-1,400.000,-1,325.000,325.000,300.000,300.000,-1,-1,-1,-1,675.000,725.000,-1,-1,2,0,2,0,2,0,0,0,0,2,2,2,2,0,0,2,2
86,-9502.422,-1011.386,245.779,-72.508,0.300279,0.953474,0.026836,-0.953778,0.300486,-0.003972,-0.011851,-0.024402,0.999632,0,0.24000,0.10265,14.400,0.205,-1,375.000,-1,400.000,-1,325.000,325.000,300.000,300.000,-1,-1,-1,-1,675.000,725.000,-1,-1,2,0,2,0,2,0,0,0,0,2,2,2,2,0,0,2,2
87,-9496.586,-1029.678,245.549,-72.305,0.303665,0.952414,0.026366,-0.952705,0.303869,-0.004039,-0.011859,-0.023892,0.999644,0,0.32000,0.10160,19.200,0.203,-1,375.000,-1,400.000,-1,325.000,325.000,300.000,300.000,-1,-1,-1,-1,675.000,725.000,-1,-1,2,0,2,0,2,0,0,0,0,2,2,2,2,0,0,2,2
88,-9489.211,-1052.516,245.263,-72.104,0.307001,0.951361,0.025760,-0.951636,0.307201,-0.004121,-0.011834,-0.023249,0.999660,0,0.40000,0.10013,24.000,0.200,-1,375.000,-1,400.000,-1,325.000,325.000,300.000,300.000,-1,-1,-1,-1,675.000,725.000,-1,-1,2,0,2,0,2,0,0,0,0,2,2,2,2,0,0,2,2
89,-9480.268,-1079.893,244.923,-71.908,0.310271,0.950319,0.025004,-0.950575,0.310466,-0.004223,-0.011776,-0.022458,0.999678,0,0.48000,0.09820,28.800,0.196,-1,375.000,-1,400.000,-1,325.000,325.000,300.000,300.000,-1,-1,-1,-1,675.000,725.000,-1,-1,2,0,2,0,2,0,0,0,0,2,2,2,2,0,0,2,2
90,-9469.727,-1111.796,244.531,-71.717,0.313458,0.949297,0.024081,-0.949530,0.313645,-0.004348,-0.011681,-0.021503,0.999701,0,0.56000,0.09570,33.600,0.191,-1,375.000,-1,400.000,-1,325.000,325.000,300.000,300.000,-1,-1,-1,-1,675.000,700.000,-1,-1,2,0,2,0,2,0,0,0,0,2,2,2,2,0,0,2,2
91,-9457.563,-1148.219,244.091,-71.531,0.316540,0.948301,0.022971,-0.948509,0.316718,-0.004504,-0.011546,-0.020363,0.999726,0,0.64000,0.09255,38.400,0.185,-1,375.000,-1,375.000,-1,300.000,325.000,300.000,300.000,-1,-1,-1,-1,675.000,700.000,-1,-1,2,0,2,0,2,0,0,0,0,2,2,2,2,0,0,2,2
92,-9444.842,-1185.922,243.643,-71.354,0.319490,0.947340,0.021757,-0.947521,0.319659,-0.004682,-0.011391,-0.019120,0.999752,0,0.66319,0.08864,39.791,0.177,-1,375.000,-1,375.000,-1,300.000,325.000,300.000,300.000,-1,-1,-1,-1,675.000,700.000,-1,-1,2,0,2,0,2,0,0,0,0,2,2,2,2,0,0,2,2
93,-9432.081,-1223.377,243.195,-71.186,0.322293,0.946420,0.020434,-0.946574,0.322450,-0.004861,-0.011189,-0.017775,0.999779,0,0.65949,0.08422,39.569,0.168,-1,375.000,-1,375.000,-1,300.000,300.000,300.000,300.000,-1,-1,-1,-1,650.000,700.000,-1,-1,2,0,2,0,2,0,0,0,0,2,2,2,2,0,0,2,2
94,-9419.282,-1260.604,242.797,-71.027,0.324938,0.945542,0.019119,-0.945674,0.325081,-0.004819,-0.010771,-0.016515,0.999806,0,0.65609,0.07946,39.365,0.159,-1,375.000,-1,375.000,-1,300.000,300.000,300.000,300.000,-1,-1,-1,-1,650.000,675.000,-1,-1,2,0,2,0,2,0,0,0,0,2,2,2,2,0,0,2,2
95,-9406.448,-1297.622,242.617,-70.878,0.327417,0.944703,0.018279,-0.944830,0.327538,-0.003969,-0.009736,-0.015971,0.999825,0,0.65299,0.07438,39.180,0.149,-1,375.000,-1,375.000,-1,300.000,300.000,300.000,300.000,-1,-1,-1,-1,675.000,675.000,-1,-1,2,0,2,0,2,0,0,0,0,2,2,2,2,0,0,2,2
96,-9393.580,-1334.451,242.455,-70.740,0.329715,0.943920,0.017392,-0.944041,0.329814,-0.003127,-0.008688,-0.015388,0.999844,0,0.65021,0.06898,39.013,0.138,-1,375.000,-1,375.000,-1,300.000,300.000,300.000,300.000,-1,-1,-1,-1,675.000,675.000,-1,-1,2,0,2,0,2,0,0,0,0,2,2,2,2,0,0,2,2
97,-9380.679,-1371.113,242.377,-70.614,0.331823,0.943195,0.016630,-0.943313,0.331900,-0.002018,-0.007423,-0.015018,0.999860,0,0.64775,0.06326,38.865,0.127,-1,375.000,-1,375.000,-1,300.000,300.000,300.000,300.000,-1,-1,-1,-1,675.000,675.000,-1,-1,2,0,2,0,2,0,0,0,0,2,2,2,2,0,0,2,2
98,-9367.748,-1407.627,242.362,-70.499,0.333733,0.942532,0.016005,-0.942649,0.333785,-0.000622,-0.005929,-0.014879,0.999872,0,0.64561,0.05725,38.737,0.114,-1,375.000,-1,375.000,-1,300.000,300.000,300.000,300.000,-1,-1,-1,-1,675.000,700.000,-1,-1,2,0,2,0,2,0,0,0,0,2,2,2,2,0,0,2,2
99,-9354.789,-1444.016,242.400,-70.397,0.335435,0.941942,0.015108,-0.942053,0.335462,0.000829,-0.004288,-0.014511,0.999886,0,0.64380,0.05094,38.628,0.102,-1,375.000,-1,375.000,-1,300.000,300.000,300.000,300.000,-1,-1,850.000,-1,675.000,700.000,-1,-1,2,0,2,0,2,0,0,0,0,2,2,0,2,0,0,2,2
100,-9341.803,-1480.302,242.477,-70.309,0.336920,0.941429,0.014006,-0.941530,0.336922,0.002303,-0.002551,-0.013963,0.999899,0,0.64231,0.04433,38.539,0.089,-1,375.000,-1,375.000,-1,300.000,300.000,300.000,300.000,-1,-1,750.000,-1,675.000,700.000,-1,-1,2,0,2,0,2,0,0,0,0,2,2,0,2,0,0,2,2
101,-9328.793,-1516.505,242.558,-70.234,0.338174,0.940995,0.012883,-0.941083,0.338154,0.003737,-0.000840,-0.013388,0.999910,0,0.64116,0.03744,38.470,0.075,-1,375.000,-1,375.000,-1,300.000,300.000,300.000,300.000,-1,850.000,700.000,-1,700.000,700.000,-1,-1,2,0,2,0,2,0,0,0,0,2,0,0,2,0,0,2,2
102,-9315.762,-1552.648,242.643,-70.173,0.339189,0.940645,0.011740,-0.940718,0.339151,0.005132,0.000846,-0.012785,0.999918,0,0.64034,0.03026,38.421,0.061,-1,375.000,-1,375.000,-1,300.000,300.000,300.000,300.000,-1,775.000,650.000,-1,700.000,700.000,-1,-1,2,0,2,0,2,0,0,0,0,2,0,0,2,0,0,2,2
103,-9302.712,-1588.753,242.732,-70.128,0.339955,0.940382,0.010577,-0.940438,0.339902,0.006489,0.002507,-0.012153,0.999923,0,0.63986,0.02281,38.392,0.046,-1,375.000,-1,375.000,-1,300.000,300.000,300.000,300.000,-1,725.000,600.000,-1,700.000,700.000,-1,-1,2,0,2,0,2,0,0,0,0,2,0,0,2,0,0,2,2
104,-9289.645,-1624.844,242.825,-70.097,0.340464,0.940211,0.009394,-0.940248,0.340400,0.007810,0.004145,-0.011492,0.999925,0,0.63971,0.01507,38.383,0.030,-1,375.000,-1,375.000,-1,300.000,325.000,300.000,300.000,-1,700.000,575.000,-1,725.000,700.000,-1,-1,2,0,2,0,2,0,0,0,0,2,0,0,2,0,0,2,2
105,-9276.566,-1660.942,242.923,-70.083,0.340707,0.940134,0.008193,-0.940152,0.340634,0.009094,0.005759,-0.010801,0.999925,0,0.63991,0.00706,38.394,0.014,-1,375.000,-1,375.000,-1,325.000,325.000,300.000,300.000,-1,650.000,550.000,-1,725.000,700.000,-1,-1,2,0,2,0,2,0,0,0,0,2,0,0,2,0,0,2,2
106,-9263.478,-1697.070,243.026,-70.086,0.340674,0.940156,0.006974,-0.940153,0.340597,0.010344,0.007349,-0.010081,0.999922,0,0.64044,-0.00123,38.427,-0.002,-1,375.000,-1,375.000,-1,325.000,325.000,300.000,300.000,-1,650.000,525.000,-1,725.000,725.000,-1,-1,2,0,2,0,2,0,0,0,0,2,0,0,2,0,0,2,2
107,-9250.384,-1733.253,243.134,-70.105,0.340357,0.940279,0.005737,-0.940254,0.340278,0.011559,0.008917,-0.009329,0.999917,0,0.64132,-0.00979,38.479,-0.020,-1,375.000,-1,375.000,-1,325.000,325.000,300.000,300.000,-1,600.000,500.000,-1,750.000,725.000,-1,-1,2,0,2,0,2,0,0,0,0,2,0,0,2,0,0,2,2
108,-9237.288,-1769.514,243.248,-70.143,0.339747,0.940506,0.004483,-0.940459,0.339669,0.012743,0.010462,-0.008545,0.999909,0,0.64255,-0.01863,38.553,-0.037,-1,400.000,-1,375.000,-1,325.000,325.000,300.000,300.000,-1,575.000,500.000,-1,750.000,725.000,-1,-1,2,0,2,0,2,0,0,0,0,2,0,0,2,0,0,2,2
109,-9224.196,-1805.876,243.368,-70.198,0.338833,0.940841,0.003212,-0.940770,0.338760,0.013894,0.011984,-0.007729,0.999898,0,0.64412,-0.02774,38.647,-0.055,-1,400.000,-1,375.000,-1,325.000,325.000,300.000,300.000,-1,550.000,475.000,-1,750.000,725.000,-1,-1,2,0,2,0,2,0,0,0,0,2,0,0,2,0,0,2,2
110,-9209.363,-1846.713,243.506,-70.038,0.341447,0.939899,0.001782,-0.939803,0.341383,0.015128,0.013611,-0.006840,0.999884,0,0.72412,0.07983,43.447,0.160,-1,400.000,-1,375.000,-1,325.000,325.000,300.000,300.000,-1,525.000,475.000,-1,775.000,725.000,-1,-1,2,0,2,0,2,0,0,0,0,2,0,0,2,0,0,2,2
111,-9192.809,-1891.951,243.913,-69.900,0.343710,0.939075,0.001301,-0.938962,0.343647,0.016060,0.014635,-0.006741,0.999870,0,0.80287,0.06903,48.172,0.138,-1,400.000,-1,375.000,-1,325.000,325.000,300.000,300.000,-1,525.000,475.000,-1,775.000,725.000,-1,-1,2,0,2,0,2,0,0,0,0,2,0,0,2,0,0,2,2
112,-9176.089,-1937.361,244.462,-69.787,0.345577,0.938390,0.001282,-0.938261,0.345506,0.017069,0.015574,-0.007101,0.999853,0,0.80651,0.05677,48.391,0.114,-1,400.000,-1,375.000,-1,325.000,325.000,300.000,300.000,-1,525.000,500.000,-1,800.000,725.000,-1,-1,2,0,2,0,2,0,0,0,0,2,0,0,2,0,0,2,2
113,-9159.214,-1982.976,245.153,-69.698,0.347035,0.937850,0.001791,-0.937712,0.346950,0.017956,0.016219,-0.007911,0.999837,0,0.81060,0.04414,48.636,0.088,-1,400.000,-1,400.000,-1,325.000,325.000,300.000,300.000,-1,550.000,525.000,-1,800.000,750.000,-1,-1,2,0,2,0,2,0,0,0,0,2,0,0,2,0,0,2,2
114,-9141.050,-2032.007,245.954,-69.672,0.347480,0.937684,0.002556,-0.937539,0.347375,0.018739,0.016683,-0.008908,0.999821,0,0.87147,0.01309,52.288,0.026,-1,400.000,-1,400.000,-1,325.000,325.000,300.000,300.000,-1,575.000,575.000,-1,800.000,750.000,-1,-1,2,0,2,0,2,0,0,0,0,2,0,0,2,0,0,2,2
115,-9122.732,-2081.408,246.864,-69.655,0.347772,0.937574,0.003006,-0.937429,0.347658,0.018982,0.016752,-0.009420,0.999815,0,0.87812,0.00868,52.687,0.017,-1,400.000,-1,400.000,-1,325.000,325.000,300.000,300.000,-1,625.000,625.000,-1,800.000,750.000,-1,-1,2,0,2,0,2,0,0,0,0,2,0,0,2,0,0,2,2
116,-9104.265,-2131.187,247.772,-69.647,0.347917,0.937519,0.003435,-0.937375,0.347793,0.019184,0.016791,-0.009894,0.999810,0,0.88490,0.00420,53.094,0.008,-1,400.000,-1,400.000,-1,325.000,325.000,300.000,300.000,-1,675.000,675.000,-1,800.000,750.000,-1,-1,2,0,2,0,2,0,0,0,0,2,0,0,2,0,0,2,2
117,-9085.656,-2181.353,248.668,-69.647,0.347914,0.937518,0.003886,-0.937376,0.347781,0.019350,0.016790,-0.010375,0.999805,0,0.89178,-0.00033,53.507,-0.001,-1,400.000,-1,400.000,-1,325.000,325.000,300.000,300.000,-1,725.000,725.000,-1,800.000,750.000,-1,-1,2,0,2,0,2,0,0,0,0,2,0,0,2,0,0,2,2
118,-9066.910,-2231.914,249.550,-69.657,0.347761,0.937573,0.004362,-0.937434,0.347619,0.019480,0.016748,-0.010863,0.999801,0,0.89873,-0.00489,53.924,-0.010,-1,400.000,-1,400.000,-1,325.000,325.000,300.000,300.000,-1,775.000,775.000,-1,825.000,750.000,-1,-1,2,0,2,0,2,0,0,0,0,2,0,0,2,0,0,2,2
119,-9048.035,-2282.873,250.418,-69.676,0.347459,0.937682,0.004862,-0.937547,0.347308,0.019573,0.016664,-0.011359,0.999797,0,0.90571,-0.00946,54.343,-0.019,-1,400.000,-1,400.000,-1,325.000,325.000,300.000,300.000,-1,850.000,850.000,-1,825.000,750.000,-1,-1,2,0,2,0,2,0,0,0,0,2,0,0,2,0,0,2,2
120,-9029.040,-2334.235,251.273,-69.704,0.347007,0.937847,0.005389,-0.937717,0.346846,0.019627,0.016538,-0.011864,0.999793,0,0.91270,-0.01402,54.762,-0.028,-1,400.000,-1,400.000,-1,325.000,325.000,300.000,300.000,-1,900.000,900.000,-1,825.000,750.000,-1,-1,2,0,2,0,2,0,0,0,0,2,0,0,2,0,0,2,2
121,-9009.933,-2386.000,252.113,-69.741,0.346407,0.938066,0.005941,-0.937942,0.346236,0.019642,0.016369,-0.012376,0.999789,0,0.91964,-0.01857,55.178,-0.037,-1,400.000,-1,400.000,-1,325.000,325.000,300.000,300.000,-1,950.000,950.000,-1,825.000,750.000,-1,-1,2,0,2,0,2,0,0,0,0,2,0,0,2,0,0,2,2
122,-8990.752,-2438.078,252.934,-69.781,0.345761,0.938300,0.006526,-0.938183,0.345581,0.019631,0.016165,-0.012911,0.999786,0,0.92497,-0.01993,55.498,-0.040,-1,400.000,-1,400.000,-1,325.000,325.000,300.000,300.000,-1,-1,-1,-1,825.000,750.000,-1,-1,2,0,2,0,2,0,0,0,0,2,2,2,2,0,0,2,2
123,-8971.570,-2490.237,253.729,-69.808,0.345328,0.938455,0.007151,-0.938347,0.345139,0.019609,0.015934,-0.013481,0.999782,0,0.92625,-0.01343,55.575,-0.027,-1,400.000,-1,400.000,-1,325.000,325.000,300.000,300.000,-1,-1,-1,-1,825.000,775.000,-1,-1,2,0,2,0,2,0,0,0,0,2,2,2,2,0,0,2,2
124,-8952.381,-2542.450,254.561,-69.821,0.345117,0.938525,0.008067,-0.938432,0.344915,0.019464,0.015485,-0.014287,0.999778,0,0.92712,-0.00671,55.627,-0.013,-1,400.000,-1,400.000,-1,325.000,325.000,300.000,300.000,-1,-1,-1,-1,825.000,775.000,-1,-1,2,0,2,0,2,0,0,0,0,2,2,2,2,0,0,2,2
125,-8933.183,-2594.686,255.397,-69.821,0.345132,0.938510,0.009146,-0.938436,0.344918,0.019198,0.014863,-0.015209,0.999774,0,0.92754,0.00024,55.652,0.000,-1,400.000,-1,400.000,-1,325.000,325.000,300.000,300.000,-1,-1,-1,-1,825.000,775.000,-1,-1,2,0,2,0,2,0,0,0,0,2,2,2,2,0,0,2,2
126,-8913.972,-2646.915,256.196,-69.806,0.345380,0.938407,0.010206,-0.938355,0.345156,0.018883,0.014197,-0.016099,0.999770,0,0.92750,0.00740,55.650,0.015,-1,400.000,-1,400.000,-1,325.000,325.000,300.000,300.000,-1,-1,-1,-1,825.000,775.000,-1,-1,2,0,2,0,2,0,0,0,0,2,2,2,2,0,0,2,2
127,-8894.746,-2699.106,256.963,-69.776,0.345867,0.938216,0.011256,-0.938186,0.345634,0.018537,0.013501,-0.016971,0.999765,0,0.92699,0.01475,55.619,0.030,-1,400.000,-1,400.000,-1,325.000,325.000,300.000,300.000,-1,-1,-1,-1,-1,775.000,-1,-1,2,0,2,0,2,0,0,0,0,2,2,2,2,2,0,2,2
128,-8875.499,-2751.224,257.695,-69.732,0.346599,0.937933,0.012304,-0.937926,0.346359,0.018165,0.012776,-0.017836,0.999759,0,0.92598,0.02229,55.559,0.045,-1,400.000,-1,400.000,-1,325.000,325.000,300.000,300.000,-1,-1,-1,-1,-1,775.000,-1,-1,2,0,2,0,2,0,0,0,0,2,2,2,2,2,0,2,2
129,-8856.229,-2803.238,258.385,-69.672,0.347581,0.937555,0.013371,-0.937573,0.347334,0.017787,0.012032,-0.018719,0.999752,0,0.92448,0.02997,55.469,0.060,-1,400.000,-1,400.000,-1,325.000,325.000,300.000,300.000,-1,-1,-1,-1,-1,775.000,-1,-1,2,0,2,0,2,0,0,0,0,2,2,2,2,2,0,2,2
130,-8836.933,-2855.114,259.037,-69.596,0.348816,0.937080,0.014438,-0.937123,0.348564,0.017412,0.011284,-0.019604,0.999744,0,0.92247,0.03778,55.348,0.076,-1,400.000,-1,400.000,-1,325.000,325.000,300.000,300.000,-1,-1,-1,-1,-1,775.000,-1,-1,2,0,2,0,2,0,0,0,0,2,2,2,2,2,0,2,2
131,-8817.607,-2906.818,259.648,-69.505,0.350308,0.936506,0.015503,-0.936575,0.350052,0.017039,0.010530,-0.020489,0.999735,0,0.91997,0.04568,55.198,0.091,-1,400.000,-1,400.000,-1,325.000,325.000,300.000,300.000,-1,-1,-1,-1,-1,775.000,-1,-1,2,0,2,0,2,0,0,0,0,2,2,2,2,2,0,2,2
132,-8798.246,-2958.318,260.220,-69.398,0.352057,0.935832,0.016566,-0.935927,0.351798,0.016668,0.009770,-0.021373,0.999724,0,0.91699,0.05364,55.019,0.107,-1,400.000,-1,400.000,-1,325.000,325.000,300.000,300.000,-1,-1,-1,-1,-1,775.000,-1,-1,2,0,2,0,2,0,0,0,0,2,2,2,2,2,0,2,2
133,-8778.848,-3009.583,260.751,-69.275,0.354063,0.935055,0.017626,-0.935178,0.353803,0.016299,0.009004,-0.022255,0.999712,0,0.91354,0.06160,54.812,0.123,-1,400.000,-1,400.000,-1,325.000,325.000,300.000,300.000,-1,-1,-1,-1,-1,775.000,-1,-1,2,0,2,0,2,0,0,0,0,2,2,2,2,2,0,2,2
134,-8759.417,-3060.587,261.241,-69.144,0.356183,0.934229,0.018684,-0.934380,0.355922,0.015932,0.008234,-0.023132,0.999699,0,0.90966,0.06517,54.579,0.130,-1,400.000,-1,400.000,-1,325.000,325.000,300.000,300.000,-1,-1,-1,-1,-1,775.000,-1,-1,2,0,2,0,2,0,0,0,0,2,2,2,2,2,0,2,2
135,-8739.957,-3111.303,261.689,-69.009,0.358383,0.933366,0.019731,-0.933545,0.358123,0.015557,0.007454,-0.023995,0.999684,0,0.90536,0.06774,54.322,0.135,-1,400.000,-1,400.000,-1,325.000,325.000,300.000,300.000,-1,-1,-1,-1,-1,775.000,-1,-1,2,0,2,0,2,0,0,0,0,2,2,2,2,2,0,2,2
