timestep,x_cm,y_cm,z_cm,yaw_deg,basis_xx,basis_xy,basis_xz,basis_yx,basis_yy,basis_yz,basis_zx,basis_zy,basis_zz,teleport_flag,throttle_cmd,steering_cmd,cmd_move_cm,cmd_turn_deg,lidar_cm_0,lidar_cm_1,lidar_cm_2,lidar_cm_3,lidar_cm_4,lidar_cm_5,lidar_cm_6,lidar_cm_7,lidar_cm_8,lidar_cm_9,lidar_cm_10,lidar_cm_11,lidar_cm_12,lidar_cm_13,lidar_cm_14,lidar_cm_15,lidar_cm_16,lidar_class_0,lidar_class_1,lidar_class_2,lidar_class_3,lidar_class_4,lidar_class_5,lidar_class_6,lidar_class_7,lidar_class_8,lidar_class_9,lidar_class_10,lidar_class_11,lidar_class_12,lidar_class_13,lidar_class_14,lidar_class_15,lidar_class_16
0,-4258.800,2951.104,-162.149,172.959,-0.990979,-0.122487,-0.054382,0.120081,-0.991720,0.045519,-0.059507,0.038578,0.997482,1,-0.08000,0.11236,-4.800,0.225,-1,325.000,-1,325.000,-1,275.000,275.000,400.000,350.000,-1,25.000,0.000,-1,575.000,550.000,950.000,975.000,2,0,2,0,2,0,0,0,1,2,1,1,2,0,0,0,0
1,-4249.269,2949.964,-161.542,173.182,-0.991312,-0.118620,-0.056839,0.116071,-0.992164,0.046248,-0.061879,0.039248,0.997312,0,-0.16000,0.11159,-9.600,0.223,1000.000,325.000,-1,325.000,-1,275.000,275.000,400.000,350.000,-1,25.000,0.000,-1,550.000,550.000,925.000,925.000,0,0,2,0,2,0,0,0,1,2,1,1,2,0,0,0,0
2,-4234.965,2948.310,-160.628,173.402,-0.991542,-0.114805,-0.060532,0.112041,-0.992580,0.047234,-0.065505,0.040052,0.997048,0,-0.24000,0.11005,-14.400,0.220,950.000,325.000,-1,325.000,975.000,275.000,275.000,400.000,350.000,-1,0.000,0.000,-1,550.000,550.000,850.000,825.000,0,0,2,0,0,0,0,0,1,2,1,1,2,0,0,0,0
3,-4215.884,2946.176,-159.410,173.618,-0.991654,-0.111067,-0.065466,0.108015,-0.992968,0.048459,-0.070388,0.040984,0.996677,0,-0.32000,0.10773,-19.200,0.215,875.000,325.000,-1,325.000,850.000,275.000,275.000,400.000,375.000,-1,0.000,0.000,-1,525.000,525.000,800.000,750.000,0,0,2,0,0,0,0,0,1,2,1,1,2,0,0,0,0
4,-2295.763,-8855.085,-99.542,-22.654,0.922813,0.385159,-0.008298,-0.385176,0.922843,-0.000545,0.007448,0.003699,0.999965,1,0.00000,0.00000,-24.000,0.209,-1,375.000,-1,375.000,-1,325.000,325.000,300.000,325.000,-1,-1,-1,-1,725.000,700.000,-1,-1,2,0,2,0,2,0,0,0,0,2,2,2,2,0,0,2,2
5,-2291.341,-8856.952,-99.504,-22.894,0.921191,0.389021,-0.008346,-0.389038,0.921221,-0.000517,0.007488,0.003723,0.999965,0,0.08000,-0.12000,4.800,-0.240,-1,375.000,-1,375.000,-1,325.000,325.000,300.000,325.000,-1,-1,-1,-1,725.000,700.000,-1,-1,2,0,2,0,2,0,0,0,0,2,2,2,2,0,0,2,2
6,-2282.528,-8860.761,-99.428,-23.374,0.917899,0.396724,-0.008443,-0.396742,0.917930,-0.000460,0.007567,0.003772,0.999964,0,0.16000,-0.24000,9.600,-0.480,-1,375.000,-1,375.000,-1,325.000,325.000,300.000,325.000,-1,-1,-1,-1,725.000,725.000,-1,-1,2,0,2,0,2,0,0,0,0,2,2,2,2,0,0,2,2
7,-2269.383,-8866.639,-99.315,-24.094,0.912840,0.408228,-0.008591,-0.408246,0.912872,-0.000377,0.007689,0.003851,0.999963,0,0.24000,-0.36000,14.400,-0.720,-1,375.000,-1,375.000,-1,325.000,325.000,300.000,325.000,-1,-1,-1,-1,725.000,725.000,-1,-1,2,0,2,0,2,0,0,0,0,2,2,2,2,0,0,2,2
8,-2251.990,-8874.770,-99.162,-25.054,0.905870,0.423465,-0.008794,-0.423483,0.905904,-0.000266,0.007854,0.003965,0.999961,0,0.32000,-0.48000,19.200,-0.960,-1,375.000,-1,375.000,-1,325.000,325.000,300.000,325.000,-1,-1,-1,-1,725.000,725.000,-1,-1,2,0,2,0,2,0,0,0,0,2,2,2,2,0,0,2,2
9,-2230.465,-8885.386,-98.970,-26.254,0.896800,0.442344,-0.009056,-0.442363,0.896836,-0.000129,0.008064,0.004122,0.999959,0,0.40000,-0.60000,24.000,-1.200,-1,375.000,-1,375.000,-1,325.000,325.000,300.000,325.000,-1,-1,-1,-1,725.000,725.000,-1,-1,2,0,2,0,2,0,0,0,0,2,2,2,2,0,0,2,2
10,-2204.964,-8898.771,-98.737,-27.694,0.885397,0.464741,-0.009381,-0.464761,0.885436,0.000034,0.008322,0.004330,0.999956,0,0.48000,-0.72000,28.800,-1.440,-1,375.000,-1,375.000,-1,325.000,325.000,300.000,325.000,-1,-1,-1,-1,700.000,725.000,-1,-1,2,0,2,0,2,0,0,0,0,2,2,2,2,0,0,2,2
11,-2175.684,-8915.252,-98.461,-29.374,0.871387,0.490499,-0.009775,-0.490521,0.871429,0.000222,0.008627,0.004601,0.999952,0,0.56000,-0.84000,33.600,-1.680,-1,375.000,-1,375.000,-1,325.000,325.000,300.000,325.000,-1,-1,-1,-1,700.000,725.000,-1,-1,2,0,2,0,2,0,0,0,0,2,2,2,2,0,0,2,2
12,-2142.871,-8935.197,-98.148,-31.294,0.854460,0.519420,-0.010113,-0.519443,0.854505,0.000394,0.008846,0.004917,0.999949,0,0.64000,-0.96000,38.400,-1.920,-1,375.000,-1,375.000,-1,325.000,325.000,300.000,325.000,-1,-1,-1,-1,700.000,725.000,-1,-1,2,0,2,0,2,0,0,0,0,2,2,2,2,0,0,2,2
13,-2106.761,-8958.911,-97.784,-33.294,0.835807,0.548924,-0.010420,-0.548949,0.835855,0.000487,0.008977,0.005313,0.999946,0,0.72000,-1.00000,43.200,-2.000,-1,375.000,-1,375.000,-1,325.000,325.000,300.000,325.000,-1,-1,-1,-1,700.000,725.000,-1,-1,2,0,2,0,2,0,0,0,0,2,2,2,2,0,0,2,2
14,-2067.584,-8986.644,-97.365,-35.294,0.816135,0.577759,-0.010844,-0.577788,0.816187,0.000584,0.009188,0.005789,0.999941,0,0.80000,-1.00000,48.000,-2.000,-1,375.000,-1,375.000,-1,300.000,325.000,300.000,325.000,-1,-1,-1,-1,675.000,725.000,-1,-1,2,0,2,0,2,0,0,0,0,2,2,2,2,0,0,2,2
15,-2026.123,-9018.221,-96.790,-37.294,0.795461,0.605888,-0.011901,-0.605925,0.795521,0.000561,0.009807,0.006764,0.999929,0,0.86860,-1.00000,52.116,-2.000,-1,375.000,-1,375.000,-1,300.000,325.000,300.000,325.000,-1,-1,-1,-1,675.000,725.000,-1,-1,2,0,2,0,2,0,0,0,0,2,2,2,2,0,0,2,2
16,-1985.572,-9051.405,-96.159,-39.294,0.773813,0.633276,-0.013204,-0.633326,0.773885,0.000549,0.010566,0.007937,0.999913,0,0.87330,-1.00000,52.398,-2.000,-1,375.000,-1,400.000,-1,300.000,325.000,325.000,325.000,-1,-1,-1,-1,675.000,725.000,-1,-1,2,0,2,0,2,0,0,0,0,2,2,2,2,0,0,2,2
17,-1945.983,-9086.176,-95.490,-41.294,0.751218,0.659891,-0.014664,-0.659956,0.751304,0.000587,0.011404,0.009237,0.999892,0,0.87818,-1.00000,52.691,-2.000,-1,375.000,-1,400.000,-1,300.000,325.000,325.000,325.000,-1,-1,-1,-1,675.000,725.000,-1,-1,2,0,2,0,2,0,0,0,0,2,2,2,2,0,0,2,2
18,-1906.682,-9123.203,-94.813,-43.294,0.727703,0.685699,-0.016322,-0.685784,0.727805,0.000477,0.012207,0.010846,0.999867,0,0.89993,-1.00000,53.996,-2.000,-1,375.000,-1,400.000,-1,300.000,325.000,325.000,325.000,-1,-1,-1,-1,675.000,725.000,-1,-1,2,0,2,0,2,0,0,0,0,2,2,2,2,0,0,2,2
19,-1868.359,-9161.920,-94.161,-45.294,0.703299,0.710664,-0.018080,-0.710780,0.703414,0.000024,0.012734,0.012834,0.999837,0,0.90794,-1.00000,54.476,-2.000,-1,375.000,-1,400.000,975.000,300.000,325.000,325.000,300.000,-1,-1,-1,-1,675.000,725.000,-1,-1,2,0,2,0,1,0,0,0,0,2,2,2,2,0,0,2,2
20,-1831.074,-9202.316,-93.462,-47.294,0.678034,0.734759,-0.019971,-0.734910,0.678164,-0.000361,0.013278,0.014921,0.999801,0,0.91622,-1.00000,54.973,-2.000,-1,375.000,-1,400.000,925.000,300.000,325.000,325.000,300.000,-1,-1,-1,-1,675.000,725.000,-1,-1,2,0,2,0,1,0,0,0,0,2,2,2,2,0,0,2,2
21,-1794.887,-9244.377,-92.726,-49.294,0.651938,0.757952,-0.022034,-0.758145,0.652085,-0.000669,0.013861,0.017141,0.999757,0,0.92475,-1.00000,55.485,-2.000,-1,375.000,-1,400.000,850.000,300.000,325.000,325.000,300.000,-1,-1,-1,-1,675.000,725.000,-1,-1,2,0,2,0,1,0,0,0,0,2,2,2,2,0,1,2,2
22,-1763.026,-9283.797,-92.044,-51.054,0.628309,0.777593,-0.024022,-0.777829,0.628475,-0.000800,0.014476,0.019187,0.999711,0,0.84475,-0.88000,50.685,-1.760,-1,375.000,-1,400.000,825.000,300.000,325.000,325.000,300.000,-1,-1,1000.000,-1,675.000,700.000,-1,975.000,2,0,2,0,1,0,0,0,0,2,2,0,2,0,1,2,1
23,-1732.806,-9323.285,-91.388,-52.574,0.607414,0.793960,-0.026007,-0.794239,0.607605,-0.000688,0.015256,0.021074,0.999662,0,0.82876,-0.76000,49.726,-1.520,-1,375.000,-1,400.000,775.000,300.000,325.000,325.000,300.000,-1,-1,950.000,-1,675.000,675.000,-1,925.000,2,0,2,0,1,0,0,0,0,2,2,0,2,0,1,2,1
24,-1703.211,-9363.800,-90.694,-53.854,0.589473,0.807300,-0.028075,-0.807628,0.589692,-0.000579,0.016088,0.023016,0.999606,0,0.83620,-0.64000,50.172,-1.280,-1,375.000,-1,400.000,725.000,300.000,325.000,325.000,300.000,-1,-1,900.000,-1,675.000,650.000,-1,875.000,2,0,2,0,1,0,0,0,0,2,2,0,2,0,1,2,1
25,-1674.120,-9405.181,-89.968,-54.894,0.574667,0.817832,-0.030138,-0.818213,0.574915,-0.000525,0.016898,0.024961,0.999546,0,0.84305,-0.52000,50.583,-1.040,-1,375.000,-1,400.000,700.000,300.000,325.000,325.000,300.000,-1,-1,850.000,-1,675.000,650.000,-1,800.000,2,0,2,0,1,0,0,0,0,2,2,0,2,0,1,2,1
26,-1645.433,-9447.286,-89.263,-55.733,0.562603,0.826124,-0.031576,-0.826554,0.562856,-0.001037,0.016916,0.026683,0.999501,0,0.84915,-0.41941,50.949,-0.839,-1,375.000,-1,400.000,650.000,300.000,325.000,325.000,300.000,-1,-1,875.000,-1,650.000,625.000,-1,750.000,2,0,2,0,1,0,0,0,0,2,2,0,2,0,1,2,1
27,-1617.207,-9490.083,-88.509,-56.595,0.550075,0.834459,-0.033106,-0.834945,0.550332,-0.001612,0.016874,0.028529,0.999451,0,0.85444,-0.43115,51.266,-0.862,-1,375.000,-1,400.000,600.000,300.000,325.000,325.000,300.000,-1,-1,925.000,-1,650.000,600.000,-1,700.000,2,0,2,1,1,0,0,0,0,2,2,0,2,0,1,2,1
28,-1589.485,-9533.565,-87.566,-57.481,0.537063,0.842836,-0.034514,-0.843367,0.537335,-0.001611,0.017187,0.029973,0.999403,0,0.85946,-0.44315,51.568,-0.886,-1,375.000,-1,375.000,575.000,300.000,325.000,325.000,300.000,-1,-1,925.000,-1,650.000,575.000,-1,650.000,2,0,2,1,1,0,0,0,0,2,2,0,2,0,1,2,1
29,-1562.308,-9577.725,-86.552,-58.392,0.523555,0.851233,-0.035958,-0.851812,0.523846,-0.001563,0.017506,0.031448,0.999352,0,0.86419,-0.45542,51.852,-0.911,-1,375.000,-1,375.000,525.000,300.000,325.000,300.000,300.000,-1,-1,950.000,-1,650.000,575.000,-1,600.000,2,0,2,1,1,0,0,0,0,2,2,0,2,0,1,2,1
30,-1535.722,-9622.550,-85.491,-59.328,0.509538,0.859632,-0.037473,-0.860265,0.509845,-0.001568,0.017758,0.033035,0.999296,0,0.86860,-0.46798,52.116,-0.936,-1,375.000,-1,350.000,475.000,300.000,300.000,300.000,300.000,-1,-1,950.000,-1,650.000,550.000,-1,575.000,2,0,2,1,1,0,1,0,0,2,2,0,2,0,1,2,1
31,-1509.771,-9668.026,-84.388,-60.290,0.494994,0.868018,-0.039068,-0.868711,0.495317,-0.001622,0.017943,0.034742,0.999235,0,0.87267,-0.48084,52.360,-0.962,-1,375.000,-1,350.000,450.000,300.000,300.000,300.000,300.000,-1,-1,975.000,-1,650.000,550.000,-1,525.000,2,0,2,1,1,0,1,0,0,2,2,0,2,0,1,2,1
32,-1484.501,-9714.137,-83.376,-61.278,0.479885,0.876357,-0.041347,-0.877138,0.480236,-0.001622,0.018435,0.037045,0.999144,0,0.87635,-0.49400,52.581,-0.988,-1,375.000,-1,325.000,400.000,300.000,300.000,300.000,300.000,-1,-1,950.000,-1,675.000,525.000,-1,475.000,2,1,2,1,1,1,1,0,0,2,2,0,2,0,1,2,1
33,-1457.759,-9764.906,-82.228,-62.224,0.465265,0.884082,-0.043906,-0.884968,0.465650,-0.001629,0.019005,0.039613,0.999034,0,0.95635,-0.47320,57.381,-0.946,-1,375.000,-1,325.000,350.000,300.000,275.000,300.000,300.000,-1,-1,925.000,-1,675.000,500.000,-1,425.000,2,0,2,1,1,1,1,0,0,2,2,0,2,0,1,2,1
34,-1430.711,-9818.464,-78.661,-63.202,0.449885,0.892096,-0.042057,-0.892694,0.450584,0.008425,0.026466,0.033753,0.999080,0,1.00000,-0.48915,60.000,-0.978,-1,400.000,-1,325.000,375.000,300.000,300.000,300.000,325.000,-1,800.000,625.000,-1,725.000,525.000,-1,450.000,2,0,2,1,1,1,1,0,0,2,0,0,2,0,1,2,1
35,-1404.613,-9872.492,-75.215,-64.215,0.433887,0.900067,-0.040278,-0.900350,0.434811,0.017603,0.033358,0.028626,0.999033,0,1.00000,-0.50652,60.000,-1.013,-1,400.000,-1,350.000,375.000,325.000,300.000,300.000,350.000,-1,600.000,500.000,-1,750.000,575.000,-1,475.000,2,0,2,1,1,1,1,0,0,2,0,0,2,0,1,2,1
36,-1379.508,-9926.988,-71.942,-65.264,0.417234,0.907984,-0.038482,-0.907926,0.418315,0.026130,0.039823,0.024036,0.998918,0,1.00000,-0.52438,60.000,-1.049,-1,425.000,-1,350.000,375.000,350.000,300.000,300.000,350.000,-1,475.000,425.000,-1,800.000,600.000,-1,525.000,2,0,2,1,1,1,1,0,1,2,0,0,2,0,1,2,1
37,-1355.437,-9981.949,-68.947,-66.347,0.399940,0.915819,-0.036380,-0.915370,0.401120,0.034655,0.046331,0.019441,0.998737,0,1.00000,-0.54144,60.000,-1.083,-1,450.000,-1,350.000,375.000,350.000,325.000,275.000,325.000,-1,325.000,375.000,-1,825.000,650.000,-1,-1,2,0,2,1,1,1,1,0,1,2,0,0,2,0,1,2,2
38,-1332.436,-10037.366,-66.231,-67.457,0.382150,0.923495,-0.033443,-0.922646,0.383329,0.042244,0.051832,0.014713,0.998547,0,1.00000,-0.55520,60.000,-1.110,-1,450.000,-1,375.000,375.000,375.000,325.000,275.000,325.000,-1,225.000,325.000,-1,875.000,675.000,-1,-1,2,0,2,1,1,1,1,0,1,2,0,0,2,0,1,2,2
39,-1310.540,-10093.229,-63.633,-68.596,0.363800,0.930980,-0.030414,-0.929740,0.364921,0.049151,0.056857,0.010396,0.998328,0,1.00000,-0.56932,60.000,-1.139,-1,475.000,-1,375.000,375.000,400.000,350.000,275.000,300.000,-1,175.000,275.000,-1,900.000,725.000,-1,-1,2,0,2,1,1,1,1,0,1,2,0,0,2,0,1,2,2
40,-1289.787,-10149.526,-61.067,-69.764,0.344888,0.938257,-0.026944,-0.936644,0.345884,0.055341,0.061243,0.006151,0.998104,0,1.00000,-0.58389,60.000,-1.168,-1,475.000,-1,375.000,375.000,400.000,350.000,275.000,275.000,-1,150.000,275.000,-1,925.000,750.000,-1,-1,2,0,2,1,1,0,1,0,1,2,0,0,2,0,1,2,2
41,-1270.216,-10206.245,-58.473,-70.962,0.325403,0.945300,-0.022801,-0.943345,0.326197,0.060790,0.064902,0.001728,0.997890,0,1.00000,-0.59903,60.000,-1.198,-1,500.000,-1,400.000,425.000,425.000,350.000,250.000,275.000,-1,150.000,250.000,-1,950.000,775.000,-1,-1,2,0,2,1,1,0,1,0,1,2,0,0,2,0,1,2,2
42,-1251.867,-10263.371,-55.954,-72.192,0.305286,0.952081,-0.018475,-0.949813,0.305834,0.065732,0.068232,-0.002519,0.997666,0,1.00000,-0.61485,60.000,-1.230,-1,500.000,-1,400.000,475.000,425.000,375.000,250.000,250.000,-1,125.000,250.000,-1,1000.000,800.000,-1,-1,2,0,2,1,1,0,1,0,1,2,0,0,2,0,1,2,2
43,-1234.780,-10320.887,-53.494,-73.455,0.284508,0.958573,-0.013925,-0.956019,0.284770,0.070239,0.071294,-0.006671,0.997433,0,1.00000,-0.63147,60.000,-1.263,-1,500.000,-1,400.000,500.000,450.000,375.000,250.000,250.000,950.000,100.000,250.000,-1,-1,825.000,-1,-1,2,0,2,1,1,0,1,0,1,0,0,0,2,2,1,2,2
44,-1219.001,-10378.776,-51.081,-74.753,0.263038,0.964743,-0.009098,-0.961932,0.262973,0.074380,0.074151,-0.010813,0.997188,0,1.00000,-0.64902,60.000,-1.298,-1,525.000,-1,425.000,525.000,450.000,400.000,250.000,225.000,775.000,100.000,250.000,-1,-1,-1,-1,-1,2,0,2,1,1,0,1,0,1,0,0,0,2,2,2,2,2
45,-1204.576,-10437.016,-47.837,-76.088,0.241084,0.970504,-0.000250,-0.967654,0.240396,0.076524,0.074327,-0.018207,0.997068,0,1.00000,-0.66759,60.000,-1.335,-1,525.000,-1,425.000,550.000,450.000,400.000,250.000,225.000,675.000,125.000,275.000,-1,975.000,-1,-1,-1,2,0,2,1,1,0,1,0,1,0,0,0,2,1,2,2,2
46,-1191.549,-10495.584,-43.824,-77.462,0.218485,0.975754,0.012998,-0.973440,0.216995,0.072991,0.068401,-0.028600,0.997248,0,1.00000,-0.68724,60.000,-1.374,-1,525.000,-1,425.000,550.000,450.000,400.000,250.000,225.000,625.000,200.000,400.000,-1,925.000,-1,-1,-1,2,0,2,1,1,0,1,0,1,0,0,0,2,1,2,2,2
47,-1179.973,-10554.455,-40.179,-78.878,0.194871,0.980500,0.025379,-0.978826,0.192756,0.068887,0.062652,-0.038265,0.997302,0,1.00000,-0.70795,60.000,-1.416,-1,500.000,-1,425.000,525.000,450.000,400.000,225.000,225.000,600.000,275.000,525.000,-1,875.000,-1,-1,-1,2,0,2,1,1,0,1,0,1,0,0,0,2,1,2,2,2
48,9046.608,-2607.897,177.786,-12.777,0.970794,0.219476,0.096902,-0.204100,0.967807,-0.147286,-0.126109,0.123206,0.984336,1,0.00000,0.00000,55.200,-1.444,225.000,650.000,-1,-1,-1,-1,-1,375.000,225.000,-1,100.000,0.000,-1,-1,-1,750.000,-1,1,1,2,2,2,2,2,0,1,2,1,1,2,2,2,1,2
49,-988.686,-3607.976,-81.550,-175.869,-0.997141,0.072031,-0.022822,-0.071558,-0.997217,-0.020907,-0.024264,-0.019214,0.999521,1,0.08000,-0.10572,4.800,-0.211,-1,400.000,-1,400.000,-1,325.000,325.000,300.000,300.000,-1,-1,-1,-1,775.000,800.000,-1,-1,2,0,2,0,2,0,0,0,0,2,2,2,2,0,0,2,2
50,-998.264,-3608.633,-81.779,-176.080,-0.997399,0.068352,-0.022882,-0.067875,-0.997473,-0.021004,-0.024260,-0.019397,0.999518,0,0.16000,-0.10566,9.600,-0.211,-1,400.000,-1,400.000,-1,325.000,325.000,300.000,300.000,-1,-1,-1,-1,775.000,800.000,-1,-1,2,0,2,0,2,0,0,0,0,2,2,2,2,0,0,2,2
51,-1012.634,-3609.564,-82.123,-176.291,-0.997642,0.064676,-0.022971,-0.064194,-0.997713,-0.021151,-0.024286,-0.019627,0.999512,0,0.24000,-0.10555,14.400,-0.211,-1,400.000,-1,400.000,-1,325.000,325.000,300.000,300.000,-1,-1,-1,-1,775.000,800.000,-1,-1,2,0,2,0,2,0,0,0,0,2,2,2,2,0,0,2,2
52,-1031.798,-3610.736,-82.580,-176.502,-0.997870,0.061006,-0.023089,-0.060516,-0.997939,-0.021347,-0.024344,-0.019904,0.999505,0,0.32000,-0.10537,19.200,-0.211,-1,400.000,-1,400.000,-1,325.000,325.000,300.000,300.000,-1,-1,-1,-1,775.000,800.000,-1,-1,2,0,2,0,2,0,0,0,0,2,2,2,2,0,0,2,2
53,-1055.758,-3612.113,-83.151,-176.712,-0.998084,0.057343,-0.023235,-0.056844,-0.998150,-0.021591,-0.024430,-0.020229,0.999497,0,0.40000,-0.10512,24.000,-0.210,-1,400.000,-1,400.000,-1,325.000,325.000,300.000,300.000,-1,-1,-1,-1,775.000,800.000,-1,-1,2,0,2,0,2,0,0,0,0,2,2,2,2,0,0,2,2
54,-1084.517,-3613.659,-83.835,-176.922,-0.998283,0.053692,-0.023410,-0.053182,-0.998345,-0.021882,-0.024546,-0.020599,0.999486,0,0.48000,-0.10478,28.800,-0.210,-1,400.000,-1,400.000,-1,325.000,325.000,300.000,300.000,-1,-1,-1,-1,775.000,800.000,-1,-1,2,0,2,0,2,0,0,0,0,2,2,2,2,0,0,2,2
55,-1118.075,-3615.342,-84.632,-177.130,-0.998467,0.050055,-0.023612,-0.049532,-0.998525,-0.022219,-0.024689,-0.021016,0.999474,0,0.56000,-0.10433,33.600,-0.209,-1,400.000,-1,400.000,-1,325.000,325.000,300.000,300.000,-1,-1,-1,-1,775.000,800.000,-1,-1,2,0,2,0,2,0,0,0,0,2,2,2,2,0,0,2,2
56,-1156.433,-3617.126,-85.541,-177.338,-0.998637,0.046438,-0.023841,-0.045901,-0.998690,-0.022602,-0.024859,-0.021477,0.999460,0,0.64000,-0.10374,38.400,-0.207,-1,400.000,-1,400.000,-1,325.000,325.000,300.000,300.000,-1,-1,-1,-1,775.000,800.000,-1,-1,2,0,2,0,2,0,0,0,0,2,2,2,2,0,0,2,2
57,-1199.594,-3618.977,-86.561,-177.544,-0.998791,0.042848,-0.024097,-0.042295,-0.998840,-0.023030,-0.025056,-0.021983,0.999444,0,0.72000,-0.10297,43.200,-0.206,-1,400.000,-1,400.000,-1,325.000,325.000,300.000,300.000,-1,-1,-1,-1,750.000,800.000,-1,-1,2,0,2,0,2,0,0,0,0,2,2,2,2,0,0,2,2
58,-1243.202,-3620.693,-87.591,-177.748,-0.998931,0.039291,-0.024354,-0.038721,-0.998975,-0.023457,-0.025250,-0.022489,0.999428,0,0.72737,-0.10199,43.642,-0.204,-1,400.000,-1,400.000,-1,325.000,325.000,300.000,300.000,-1,-1,-1,-1,750.000,800.000,-1,-1,2,0,2,0,2,0,0,0,0,2,2,2,2,0,0,2,2
59,-1286.797,-3622.254,-88.618,-177.949,-0.999057,0.035773,-0.024609,-0.035186,-0.999095,-0.023880,-0.025441,-0.022992,0.999412,0,0.72704,-0.10088,43.622,-0.202,-1,400.000,-1,400.000,-1,325.000,325.000,300.000,325.000,-1,-1,-1,-1,750.000,800.000,-1,-1,2,0,2,0,2,0,0,0,0,2,2,2,2,0,0,2,2
60,-1330.380,-3623.662,-89.767,-178.149,-0.999168,0.032298,-0.024914,-0.031704,-0.999212,-0.023881,-0.025665,-0.023071,0.999404,0,0.72676,-0.09964,43.605,-0.199,-1,400.000,-1,400.000,-1,325.000,325.000,300.000,300.000,-1,-1,-1,-1,750.000,800.000,-1,-1,2,0,2,0,2,0,0,0,0,2,2,2,2,0,0,2,2
61,-1374.437,-3624.934,-90.986,-178.347,-0.999266,0.028836,-0.025236,-0.028243,-0.999324,-0.023549,-0.025898,-0.022819,0.999404,0,0.73460,-0.09925,44.076,-0.199,-1,400.000,-1,400.000,-1,325.000,325.000,325.000,300.000,-1,-1,-1,-1,750.000,800.000,-1,-1,2,0,2,0,2,0,0,0,0,2,2,2,2,0,0,2,2
62,-1418.475,-3626.050,-92.201,-178.547,-0.999352,0.025345,-0.025554,-0.024754,-0.999424,-0.023211,-0.026128,-0.022564,0.999404,0,0.73421,-0.10007,44.052,-0.200,-1,400.000,-1,400.000,-1,325.000,325.000,325.000,300.000,-1,-1,-1,-1,750.000,800.000,-1,-1,2,0,2,0,2,0,0,0,0,2,2,2,2,0,0,2,2
63,-1462.492,-3627.012,-93.413,-178.749,-0.999427,0.021830,-0.025868,-0.021240,-0.999513,-0.022867,-0.026354,-0.022304,0.999404,0,0.73378,-0.10075,44.027,-0.202,-1,400.000,-1,400.000,-1,325.000,325.000,325.000,300.000,-1,-1,-1,-1,750.000,800.000,-1,-1,2,0,2,0,2,0,0,0,0,2,2,2,2,0,0,2,2
64,-1506.484,-3627.817,-94.621,-178.951,-0.999490,0.018296,-0.026178,-0.017708,-0.999590,-0.022517,-0.026579,-0.022042,0.999404,0,0.73332,-0.10131,43.999,-0.203,-1,400.000,-1,400.000,-1,325.000,325.000,325.000,300.000,-1,-1,-1,-1,725.000,800.000,-1,-1,2,0,2,0,2,0,0,0,0,2,2,2,2,0,0,2,2
65,-1550.450,-3628.465,-95.826,-179.155,-0.999540,0.014746,-0.026486,-0.014160,-0.999654,-0.022160,-0.026804,-0.021775,0.999404,0,0.73284,-0.10173,43.971,-0.203,-1,400.000,-1,400.000,-1,325.000,325.000,325.000,300.000,-1,-1,-1,-1,725.000,800.000,-1,-1,2,0,2,0,2,0,0,0,0,2,2,2,2,0,0,2,2
66,-1599.219,-3628.807,-97.157,-179.598,-0.999616,0.007008,-0.026821,-0.006426,-0.999743,-0.021753,-0.026966,-0.021572,0.999404,0,0.81284,-0.22173,48.771,-0.443,-1,400.000,-1,400.000,-1,325.000,325.000,325.000,300.000,-1,-1,-1,-1,725.000,800.000,-1,-1,2,0,2,0,2,0,0,0,0,2,2,2,2,0,0,2,2
67,-1648.556,-3628.737,-98.499,-180.081,-0.999630,-0.001413,-0.027161,0.001992,-0.999771,-0.021327,-0.027124,-0.021373,0.999404,0,0.82229,-0.24130,49.337,-0.483,-1,400.000,-1,400.000,-1,325.000,325.000,325.000,300.000,-1,-1,-1,-1,725.000,800.000,-1,-1,2,0,2,0,2,0,0,0,0,2,2,2,2,0,0,2,2
68,-1697.864,-3628.252,-99.835,-180.564,-0.999573,-0.009836,-0.027505,0.010412,-0.999728,-0.020887,-0.027292,-0.021165,0.999403,0,0.82183,-0.24138,49.310,-0.483,-1,375.000,-1,400.000,-1,325.000,325.000,325.000,300.000,-1,-1,-1,-1,725.000,800.000,-1,-1,2,0,2,0,2,0,0,0,0,2,2,2,2,0,0,2,2
69,-1747.139,-3627.352,-101.167,-181.046,-0.999445,-0.018257,-0.027857,0.018830,-0.999614,-0.020435,-0.027473,-0.020948,0.999403,0,0.82138,-0.24132,49.283,-0.483,-1,375.000,-1,400.000,-1,325.000,325.000,325.000,300.000,-1,-1,-1,-1,725.000,800.000,-1,-1,2,0,2,0,2,0,0,0,0,2,2,2,2,0,0,2,2
70,-1796.377,-3626.038,-102.494,-181.529,-0.999246,-0.026670,-0.028218,0.027239,-0.999429,-0.019969,-0.027669,-0.020723,0.999402,0,0.82093,-0.24113,49.256,-0.482,-1,375.000,-1,400.000,-1,325.000,325.000,300.000,300.000,-1,-1,-1,-1,725.000,800.000,-1,-1,2,0,2,0,2,0,0,0,0,2,2,2,2,0,0,2,2
71,-1845.577,-3624.311,-103.817,-182.010,-0.998976,-0.035071,-0.028591,0.035636,-0.999175,-0.019491,-0.027884,-0.020490,0.999401,0,0.82050,-0.24082,49.230,-0.482,-1,375.000,-1,400.000,-1,325.000,325.000,300.000,300.000,-1,-1,-1,-1,725.000,800.000,-1,-1,2,0,2,0,2,0,0,0,0,2,2,2,2,0,0,2,2
72,-1894.735,-3622.172,-105.137,-182.491,-0.998635,-0.043454,-0.028980,0.044014,-0.998850,-0.019001,-0.028121,-0.020250,0.999399,0,0.82008,-0.24037,49.205,-0.481,-1,375.000,-1,400.000,-1,325.000,325.000,300.000,300.000,-1,-1,-1,-1,700.000,800.000,-1,-1,2,0,2,0,2,0,0,0,0,2,2,2,2,0,0,2,2
73,-1943.850,-3619.624,-106.453,-182.971,-0.998224,-0.051813,-0.029385,0.052370,-0.998456,-0.018497,-0.028381,-0.020003,0.999397,0,0.81969,-0.23980,49.181,-0.480,-1,375.000,-1,400.000,-1,325.000,325.000,300.000,300.000,-1,-1,-1,-1,700.000,800.000,-1,-1,2,0,2,0,2,0,0,0,0,2,2,2,2,0,0,2,2
74,-1997.747,-3616.600,-107.860,-183.210,-0.997996,-0.055989,-0.029498,0.056516,-0.998251,-0.017341,-0.028475,-0.018973,0.999414,0,0.89969,-0.11980,53.981,-0.240,-1,375.000,-1,400.000,-1,325.000,325.000,300.000,300.000,-1,-1,-1,-1,700.000,775.000,-1,-1,2,0,2,0,2,0,0,0,0,2,2,2,2,0,0,2,2
75,-2052.875,-3613.508,-109.324,-183.210,-0.998007,-0.055984,-0.029116,0.056465,-0.998277,-0.015981,-0.028171,-0.017593,0.999448,0,0.92025,0.00020,55.215,0.000,-1,375.000,-1,400.000,-1,325.000,325.000,300.000,300.000,-1,-1,-1,-1,700.000,775.000,-1,-1,2,0,2,0,2,0,0,0,0,2,2,2,2,0,0,2,2
76,-2107.988,-3610.649,-110.795,-182.969,-0.998244,-0.051796,-0.028726,0.052232,-0.998528,-0.014636,-0.027926,-0.016110,0.999480,0,0.91979,0.12020,55.187,0.240,-1,375.000,-1,400.000,-1,325.000,325.000,300.000,300.000,-1,-1,-1,-1,700.000,750.000,-1,-1,2,0,2,0,2,0,0,0,0,2,2,2,2,0,0,2,2
77,-2163.081,-3608.254,-112.275,-182.489,-0.998655,-0.043423,-0.028325,0.043813,-0.998951,-0.013300,-0.027718,-0.014523,0.999510,0,0.91909,0.24020,55.145,0.480,-1,375.000,-1,400.000,-1,325.000,325.000,300.000,325.000,-1,-1,-1,-1,675.000,750.000,-1,-1,2,0,2,0,2,0,0,0,0,2,2,2,2,0,0,2,2
78,-2218.144,-3606.553,-113.764,-181.769,-0.999134,-0.030861,-0.027908,0.031205,-0.999441,-0.011968,-0.027524,-0.012828,0.999539,0,0.91816,0.36020,55.089,0.720,-1,375.000,-1,400.000,-1,325.000,325.000,300.000,325.000,-1,-1,-1,-1,675.000,750.000,-1,-1,2,0,2,0,2,0,0,0,0,2,2,2,2,0,0,2,2
79,-2273.159,-3605.777,-115.262,-180.808,-0.999523,-0.014105,-0.027473,0.014402,-0.999840,-0.010633,-0.027319,-0.011023,0.999566,0,0.91700,0.48020,55.020,0.960,-1,375.000,-1,400.000,-1,325.000,325.000,300.000,325.000,-1,-1,-1,-1,675.000,725.000,-1,-1,2,0,2,0,2,0,0,0,0,2,2,2,2,0,0,2,2
80,-2328.096,-3606.152,-116.767,-179.608,-0.999612,0.006844,-0.027016,-0.006596,-0.999935,-0.009285,-0.027078,-0.009104,0.999592,0,0.91565,0.60020,54.939,1.200,-1,375.000,-1,400.000,-1,325.000,325.000,300.000,300.000,-1,-1,-1,-1,675.000,725.000,-1,-1,2,0,2,0,2,0,0,0,0,2,2,2,2,0,0,2,2
81,-2382.917,-3607.906,-118.275,-178.167,-0.999136,0.031978,-0.026537,-0.031778,-0.999464,-0.007916,-0.026776,-0.007066,0.999616,0,0.91415,0.72020,54.849,1.440,-1,375.000,-1,400.000,-1,325.000,325.000,300.000,300.000,-1,-1,-1,-1,650.000,700.000,-1,-1,2,0,2,0,2,0,0,0,0,2,2,2,2,0,0,2,2
82,-2437.567,-3611.261,-119.781,-176.487,-0.997781,0.061274,-0.026037,-0.061124,-0.998109,-0.006515,-0.026387,-0.004909,0.999640,0,0.91256,0.84020,54.754,1.680,-1,375.000,-1,375.000,-1,300.000,325.000,300.000,300.000,-1,-1,-1,-1,650.000,700.000,-1,-1,2,0,2,0,2,0,0,0,0,2,2,2,2,0,0,2,2
83,-2491.980,-3616.436,-121.281,-174.567,-0.995180,0.094688,-0.025519,-0.094588,-0.995504,-0.005072,-0.025885,-0.002633,0.999661,0,0.91096,0.96020,54.658,1.920,-1,375.000,-1,375.000,-1,300.000,300.000,300.000,300.000,-1,-1,-1,-1,650.000,675.000,-1,-1,2,0,2,0,2,0,0,0,0,2,2,2,2,0,0,2,2
84,-2546.097,-3623.430,-122.770,-172.636,-0.991436,0.128178,-0.024986,-0.128128,-0.991751,-0.003596,-0.025241,-0.000364,0.999681,0,0.90946,0.96547,54.567,1.931,-1,375.000,-1,375.000,-1,300.000,300.000,300.000,300.000,-1,-1,-1,-1,650.000,675.000,-1,-1,2,0,2,0,2,0,0,0,0,2,2,2,2,0,0,2,2
85,-2599.875,-3632.236,-124.125,-170.701,-0.986559,0.161594,-0.024249,-0.161581,-0.986856,-0.002492,-0.024333,0.001459,0.999703,0,0.90824,0.96757,54.494,1.935,-1,350.000,-1,375.000,-1,300.000,300.000,300.000,300.000,-1,-1,-1,-1,625.000,675.000,-1,-1,2,0,2,0,2,0,0,0,0,2,2,2,2,0,0,2,2
86,-2648.657,-3641.714,-124.868,-169.005,-0.981397,0.190716,-0.022078,-0.190697,-0.981644,-0.002955,-0.022236,0.001311,0.999752,0,0.82824,0.84757,49.694,1.695,-1,350.000,-1,375.000,-1,300.000,300.000,300.000,325.000,-1,950.000,675.000,-1,625.000,675.000,-1,-1,2,0,2,0,2,0,0,0,0,2,0,0,2,0,0,2,2
87,-2692.495,-3651.392,-125.500,-167.550,-0.976277,0.215582,-0.020198,-0.215564,-0.976485,-0.003118,-0.020395,0.001310,0.999791,0,0.74824,0.72757,44.894,1.455,-1,350.000,-1,375.000,-1,300.000,300.000,300.000,325.000,-1,700.000,625.000,-1,625.000,650.000,-1,-1,2,0,2,0,2,0,0,0,0,2,0,0,2,0,0,2,2
88,-2731.454,-3660.864,-125.846,-166.335,-0.971525,0.236242,-0.018119,-0.236242,-0.971692,-0.002167,-0.018118,0.002175,0.999833,0,0.66824,0.60757,40.094,1.215,-1,350.000,-1,375.000,-1,300.000,300.000,300.000,325.000,-1,625.000,575.000,-1,650.000,650.000,-1,-1,2,0,2,0,2,0,0,0,0,2,0,0,2,0,0,2,2
89,-2767.958,-3670.450,-126.166,-165.285,-0.967067,0.254005,-0.016195,-0.254020,-0.967198,-0.001181,-0.015963,0.002971,0.999868,0,0.62903,0.52493,37.742,1.050,-1,375.000,-1,375.000,-1,300.000,300.000,300.000,325.000,-1,550.000,525.000,-1,650.000,650.000,-1,-1,2,0,2,0,2,0,0,0,0,2,0,0,2,0,0,2,2
90,-2804.241,-3680.695,-126.480,-164.233,-0.962271,0.271716,-0.014308,-0.271742,-0.962370,-0.000121,-0.013803,0.003772,0.999898,0,0.62836,0.52589,37.702,1.052,-1,375.000,-1,375.000,-1,300.000,300.000,300.000,325.000,-1,525.000,500.000,-1,650.000,650.000,-1,-1,2,0,2,0,2,0,0,0,0,2,0,0,2,0,0,2,2
91,-2840.297,-3691.595,-126.787,-163.179,-0.957135,0.289373,-0.012466,-0.289408,-0.957205,0.001014,-0.011639,0.004579,0.999922,0,0.62779,0.52707,37.668,1.054,-1,375.000,-1,375.000,-1,300.000,300.000,325.000,325.000,-1,475.000,475.000,-1,650.000,650.000,-1,-1,2,0,2,0,2,0,0,0,0,2,0,0,2,0,0,2,2
92,-2876.120,-3703.150,-127.085,-162.122,-0.951656,0.306979,-0.010671,-0.307018,-0.951701,0.002223,-0.009473,0.005392,0.999941,0,0.62735,0.52846,37.641,1.057,-1,375.000,-1,375.000,-1,300.000,300.000,325.000,325.000,-1,450.000,450.000,-1,650.000,650.000,-1,-1,2,0,2,0,2,0,0,0,0,2,0,0,2,0,0,2,2
93,-2911.706,-3715.360,-127.374,-161.062,-0.945832,0.324533,-0.008930,-0.324574,-0.945854,0.003505,-0.007309,0.006213,0.999954,0,0.62704,0.53006,37.622,1.060,-1,375.000,-1,375.000,-1,300.000,300.000,325.000,325.000,-1,425.000,425.000,-1,650.000,650.000,-1,-1,2,0,2,0,2,0,0,0,0,2,0,0,2,0,0,2,2
94,-2947.050,-3728.225,-127.649,-159.999,-0.939659,0.342035,-0.007232,-0.342073,-0.939661,0.004849,-0.005137,0.007031,0.999962,0,0.62688,0.53187,37.613,1.064,-1,375.000,-1,375.000,-1,300.000,300.000,325.000,300.000,-1,400.000,400.000,-1,675.000,650.000,-1,-1,2,0,2,0,2,0,0,0,0,2,0,0,2,0,0,2,2
95,-2982.149,-3741.747,-127.865,-158.931,-0.933136,0.359484,-0.005398,-0.359514,-0.933120,0.006149,-0.002827,0.007679,0.999967,0,0.62689,0.53389,37.613,1.068,-1,375.000,-1,375.000,-1,300.000,300.000,325.000,300.000,-1,375.000,375.000,-1,675.000,650.000,-1,-1,2,0,2,0,2,0,0,0,0,2,0,0,2,0,0,2,2
96,-3016.998,-3755.927,-128.062,-157.859,-0.926255,0.376881,-0.003598,-0.376897,-0.926225,0.007509,-0.000502,0.008311,0.999965,0,0.62707,0.53611,37.624,1.072,-1,375.000,-1,375.000,-1,300.000,300.000,325.000,300.000,-1,375.000,375.000,-1,675.000,650.000,-1,-1,2,0,2,0,2,0,0,0,0,2,0,0,2,0,0,2,2
97,-3051.597,-3770.770,-128.239,-156.782,-0.919013,0.394222,-0.001833,-0.394222,-0.918972,0.008929,0.001836,0.008929,0.999958,0,0.62746,0.53853,37.647,1.077,-1,375.000,-1,375.000,-1,300.000,300.000,325.000,300.000,-1,350.000,350.000,-1,675.000,650.000,-1,-1,2,0,2,0,2,0,0,0,0,2,0,0,2,0,0,2,2
98,-3085.940,-3786.277,-128.395,-155.699,-0.911406,0.411507,-0.000108,-0.411486,-0.911357,0.010409,0.004185,0.009531,0.999946,0,0.62804,0.54114,37.682,1.082,-1,375.000,-1,375.000,-1,300.000,300.000,325.000,300.000,-1,325.000,325.000,-1,675.000,650.000,-1,-1,2,0,2,0,2,0,0,0,0,2,0,0,2,0,0,2,2
99,-3120.026,-3802.454,-128.528,-154.611,-0.903429,0.428734,0.001574,-0.428687,-0.903374,0.011947,0.006544,0.010119,0.999927,0,0.62884,0.54395,37.730,1.088,-1,375.000,-1,375.000,-1,300.000,300.000,325.000,300.000,-1,300.000,325.000,-1,700.000,650.000,-1,-1,2,0,2,0,2,0,0,0,0,2,0,0,2,0,0,2,2
100,-3153.852,-3819.306,-128.403,-153.517,-0.895076,0.445903,0.002977,-0.445837,-0.895027,0.012461,0.008221,0.009826,0.999918,0,0.62985,0.54694,37.791,1.094,-1,375.000,-1,375.000,-1,300.000,300.000,325.000,300.000,-1,325.000,325.000,-1,700.000,650.000,-1,-1,2,0,2,0,2,0,0,0,0,2,0,0,2,0,0,2,2
101,-3187.414,-3836.839,-128.109,-152.417,-0.886343,0.463011,0.004243,-0.462933,-0.886307,0.012357,0.009482,0.008989,0.999915,0,0.63109,0.55012,37.866,1.100,-1,375.000,-1,375.000,-1,300.000,300.000,325.000,300.000,-1,325.000,350.000,-1,700.000,650.000,-1,-1,2,0,2,0,2,0,0,0,0,2,0,0,2,0,0,2,2
102,-3220.673,-3855.037,-127.655,-151.313,-0.877245,0.480004,0.006138,-0.479914,-0.877233,0.012064,0.011175,0.007637,0.999908,0,0.63187,0.55192,37.912,1.104,-1,375.000,-1,375.000,-1,300.000,300.000,325.000,300.000,-1,325.000,350.000,-1,700.000,650.000,-1,-1,2,0,2,0,2,0,0,0,0,2,0,0,2,0,0,2,2
103,-3253.575,-3873.873,-127.032,-150.210,-0.867809,0.496821,0.008733,-0.496719,-0.867834,0.011565,0.013325,0.005699,0.999895,0,0.63187,0.55192,37.912,1.104,-1,375.000,-1,375.000,-1,300.000,300.000,325.000,300.000,-1,350.000,375.000,-1,700.000,650.000,-1,-1,2,0,2,0,2,0,0,0,0,2,0,0,2,0,0,2,2
104,-3286.108,-3893.339,-126.418,-149.106,-0.858044,0.513452,0.011280,-0.513345,-0.858110,0.011132,0.015395,0.003761,0.999874,0,0.63187,0.55192,37.912,1.104,-1,375.000,-1,375.000,-1,300.000,300.000,325.000,300.000,-1,350.000,375.000,-1,725.000,650.000,-1,-1,2,0,2,0,2,0,0,0,0,2,0,0,2,0,0,2,2
105,-3318.260,-3913.428,-125.801,-148.002,-0.847954,0.529891,0.013781,-0.529784,-0.848064,0.010821,0.017422,0.001875,0.999846,0,0.63187,0.55192,37.912,1.104,-1,375.000,-1,375.000,-1,300.000,300.000,300.000,325.000,-1,350.000,400.000,-1,725.000,675.000,-1,-1,2,0,2,0,2,0,0,0,0,2,0,0,2,0,0,2,2
106,-3350.019,-3934.133,-125.180,-146.898,-0.837542,0.546131,0.016231,-0.546028,-0.837700,0.010632,0.019403,0.000042,0.999812,0,0.63187,0.55192,37.912,1.104,-1,375.000,-1,375.000,-1,300.000,300.000,300.000,325.000,-1,350.000,400.000,-1,725.000,675.000,-1,-1,2,0,2,0,2,0,0,0,0,2,0,0,2,0,0,2,2
107,-3381.373,-3955.446,-124.472,-145.794,-0.826823,0.562167,0.018208,-0.562067,-0.827022,0.010689,0.021068,-0.001396,0.999777,0,0.63187,0.55192,37.912,1.104,-1,375.000,-1,375.000,-1,300.000,300.000,300.000,300.000,-1,375.000,425.000,-1,725.000,675.000,-1,-1,2,0,2,0,2,0,0,0,0,2,0,0,2,0,0,2,2
108,-3412.311,-3977.359,-123.656,-144.690,-0.815806,0.577994,0.019598,-0.577894,-0.816037,0.010995,0.022348,-0.002356,0.999747,0,0.63187,0.55192,37.912,1.104,-1,375.000,-1,375.000,-1,325.000,300.000,300.000,300.000,-1,375.000,450.000,-1,750.000,675.000,-1,-1,2,0,2,0,2,0,0,0,0,2,0,0,2,0,0,2,2
109,-3442.846,-3999.882,-122.830,-143.588,-0.804495,0.593590,0.020935,-0.593491,-0.804761,0.011311,0.023561,-0.003325,0.999717,0,0.63238,0.55135,37.943,1.103,-1,375.000,-1,375.000,-1,325.000,300.000,300.000,300.000,-1,400.000,475.000,-1,750.000,700.000,-1,-1,2,0,2,0,2,0,0,0,0,2,0,0,2,0,0,2,2
110,-3473.055,-4023.070,-121.962,-142.491,-0.792947,0.608886,0.022218,-0.608793,-0.793246,0.011498,0.024625,-0.004409,0.999687,0,0.63471,0.54850,38.083,1.097,-1,400.000,-1,375.000,-1,325.000,300.000,300.000,300.000,-1,425.000,500.000,-1,750.000,700.000,-1,-1,2,0,2,0,2,0,0,0,0,2,0,0,2,0,0,2,2
111,-3502.916,-4046.908,-121.085,-141.400,-0.781171,0.623876,0.023456,-0.623791,-0.781504,0.011710,0.025636,-0.005484,0.999656,0,0.63681,0.54552,38.208,1.091,-1,400.000,-1,375.000,-1,325.000,300.000,300.000,300.000,-1,450.000,525.000,-1,750.000,700.000,-1,-1,2,0,2,0,2,0,0,0,0,2,0,0,2,0,0,2,2
112,-3532.405,-4071.378,-120.189,-140.315,-0.769180,0.638557,0.024645,-0.638477,-0.769547,0.012004,0.026631,-0.006502,0.999624,0,0.63866,0.54242,38.320,1.085,-1,400.000,-1,375.000,-1,325.000,300.000,300.000,300.000,-1,475.000,550.000,-1,775.000,700.000,-1,-1,2,0,2,0,2,0,0,0,0,2,0,0,2,0,0,2,2
113,-3561.502,-4096.461,-119.199,-139.236,-0.756985,0.652924,0.025765,-0.652838,-0.757390,0.012763,0.027848,-0.007159,0.999587,0,0.64027,0.53920,38.416,1.078,-1,400.000,-1,375.000,-1,325.000,325.000,300.000,300.000,-1,500.000,575.000,-1,775.000,725.000,-1,-1,2,0,2,0,2,0,0,0,0,2,0,0,2,0,0,2,2
114,-3590.185,-4122.138,-118.210,-138.165,-0.744599,0.666974,0.026819,-0.666883,-0.745040,0.013498,0.028984,-0.007835,0.999549,0,0.64162,0.53590,38.497,1.072,-1,400.000,-1,375.000,-1,325.000,325.000,300.000,300.000,-1,525.000,600.000,-1,800.000,725.000,-1,-1,2,0,2,0,2,0,0,0,0,2,0,0,2,0,0,2,2
115,-3621.861,-4151.656,-117.097,-137.021,-0.731093,0.681706,0.027925,-0.681611,-0.731576,0.014281,0.030165,-0.008593,0.999508,0,0.72162,0.57180,43.297,1.144,-1,400.000,-1,375.000,-1,325.000,325.000,300.000,300.000,-1,550.000,575.000,-1,800.000,725.000,-1,-1,2,0,2,0,2,0,0,0,0,2,0,0,2,0,0,2,2
116,-3656.159,-4184.910,-115.865,-135.885,-0.717386,0.696070,0.029060,-0.695970,-0.717913,0.015080,0.031359,-0.009407,0.999464,0,0.79620,0.56795,47.772,1.136,-1,400.000,-1,375.000,-1,325.000,325.000,300.000,300.000,-1,525.000,575.000,-1,825.000,750.000,-1,-1,2,0,2,0,2,0,0,0,0,2,0,0,2,0,0,2,2
117,-3689.827,-4218.863,-114.400,-134.758,-0.703511,0.710048,0.030067,-0.709985,-0.704066,0.014564,0.031510,-0.011101,0.999442,0,0.79693,0.56370,47.816,1.127,-1,400.000,-1,400.000,-1,325.000,325.000,300.000,300.000,-1,575.000,625.000,-1,825.000,750.000,-1,-1,2,0,2,0,2,0,0,0,0,2,0,0,2,0,0,2,2
118,-3722.840,-4253.484,-112.952,-133.639,-0.689490,0.723646,0.030658,-0.723630,-0.690053,0.013669,0.031048,-0.012761,0.999436,0,0.79730,0.55943,47.838,1.119,-1,400.000,-1,400.000,-1,325.000,325.000,300.000,300.000,-1,625.000,700.000,-1,825.000,750.000,-1,-1,2,0,2,0,2,0,0,0,0,2,0,0,2,0,0,2,2
119,-3755.178,-4288.740,-111.535,-132.528,-0.675320,0.736866,0.031173,-0.736895,-0.675887,0.012791,0.030495,-0.014333,0.999432,0,0.79733,0.55516,47.840,1.110,-1,400.000,-1,400.000,-1,325.000,325.000,300.000,300.000,-1,700.000,750.000,-1,825.000,750.000,-1,-1,2,0,2,0,2,0,0,0,0,2,0,0,2,0,0,2,2
120,-3786.819,-4324.597,-110.152,-131.427,-0.661010,0.749711,0.031609,-0.749783,-0.661577,0.011926,0.029853,-0.015817,0.999429,0,0.79703,0.55095,47.822,1.102,-1,400.000,-1,400.000,-1,325.000,325.000,300.000,300.000,-1,750.000,825.000,-1,825.000,750.000,-1,-1,2,0,2,0,2,0,0,0,0,2,0,0,2,0,0,2,2
121,-3817.747,-4361.024,-108.825,-130.332,-0.646559,0.762188,0.032091,-0.762305,-0.647124,0.011065,0.029200,-0.017309,0.999424,0,0.79643,0.54708,47.786,1.094,-1,400.000,-1,400.000,-1,325.000,325.000,300.000,300.000,-1,825.000,925.000,-1,825.000,775.000,-1,-1,2,0,2,0,2,0,0,0,0,2,0,0,2,0,0,2,2
122,-3847.942,-4397.991,-107.537,-129.243,-0.631940,0.774335,0.032525,-0.774494,-0.632499,0.010213,0.028480,-0.018737,0.999419,0,0.79553,0.54472,47.732,1.089,-1,400.000,-1,400.000,-1,325.000,325.000,300.000,300.000,-1,900.000,1000.000,-1,825.000,775.000,-1,-1,2,0,2,0,2,0,0,0,0,2,0,0,2,0,0,2,2
123,-3880.568,-4439.164,-106.146,-128.394,-0.620381,0.783605,0.033019,-0.783808,-0.620933,0.009297,0.027788,-0.020113,0.999411,0,0.87553,0.42472,52.532,0.849,-1,400.000,-1,400.000,-1,325.000,325.000,300.000,300.000,-1,975.000,-1,-1,825.000,775.000,-1,-1,2,0,2,0,2,0,0,0,0,2,0,2,2,0,0,2,2
124,-3913.746,-4481.963,-104.718,-127.784,-0.612000,0.790144,0.033607,-0.790390,-0.612546,0.008357,0.027189,-0.021449,0.999400,0,0.90255,0.30472,54.153,0.609,-1,400.000,-1,400.000,-1,325.000,325.000,300.000,300.000,-1,-1,-1,-1,825.000,775.000,-1,-1,2,0,2,0,2,0,0,0,0,2,2,2,2,0,0,2,2
125,-3946.599,-4524.911,-103.353,-127.415,-0.606884,0.794053,0.034230,-0.794348,-0.607421,0.007212,0.026519,-0.022813,0.999388,0,0.90121,0.18472,54.073,0.369,-1,400.000,-1,400.000,-1,325.000,325.000,300.000,300.000,-1,-1,-1,-1,825.000,800.000,-1,-1,2,0,2,0,2,0,0,0,0,2,2,2,2,0,0,2,2
126,-3979.205,-4567.948,-102.034,-127.148,-0.603184,0.796840,0.034865,-0.797186,-0.603705,0.005922,0.025768,-0.024222,0.999374,0,0.89991,0.13308,53.994,0.266,-1,400.000,-1,400.000,-1,325.000,325.000,300.000,300.000,-1,-1,-1,-1,825.000,800.000,-1,-1,2,0,2,0,2,0,0,0,0,2,2,2,2,0,0,2,2
127,-4011.564,-4611.071,-100.741,-126.884,-0.599503,0.799585,0.035488,-0.799983,-0.600005,0.004589,0.024962,-0.025638,0.999360,0,0.89856,0.13203,53.914,0.264,-1,400.000,-1,400.000,-1,325.000,325.000,300.000,300.000,-1,-1,-1,-1,825.000,800.000,-1,-1,2,0,2,0,2,0,0,0,0,2,2,2,2,0,0,2,2
128,-4043.673,-4654.273,-99.350,-126.622,-0.595858,0.802307,0.035447,-0.802740,-0.596321,0.003189,0.023697,-0.026555,0.999366,0,0.89713,0.13127,53.828,0.263,-1,400.000,-1,400.000,-1,325.000,325.000,300.000,300.000,-1,-1,-1,-1,825.000,800.000,-1,-1,2,0,2,0,2,0,0,0,0,2,2,2,2,0,0,2,2
129,-4075.533,-4697.549,-98.072,-126.360,-0.592214,0.805009,0.035258,-0.805463,-0.592643,0.002156,0.022631,-0.027122,0.999376,0,0.89564,0.13079,53.738,0.262,-1,400.000,-1,400.000,-1,325.000,325.000,300.000,300.000,-1,-1,-1,-1,825.000,800.000,-1,-1,2,0,2,0,2,0,0,0,0,2,2,2,2,0,0,2,2
130,-4107.141,-4740.896,-96.879,-126.099,-0.588561,0.807692,0.035072,-0.808162,-0.588959,0.001275,0.021686,-0.027593,0.999384,0,0.89412,0.13061,53.647,0.261,-1,400.000,-1,400.000,-1,325.000,325.000,300.000,300.000,-1,-1,-1,-1,825.000,800.000,-1,-1,2,0,2,0,2,0,0,0,0,2,2,2,2,0,0,2,2
131,-4138.497,-4784.313,-95.734,-125.838,-0.584891,0.810360,0.034929,-0.810846,-0.585259,0.000388,0.020757,-0.028095,0.999390,0,0.89261,0.13073,53.556,0.261,-1,400.000,-1,400.000,-1,325.000,325.000,300.000,300.000,-1,-1,-1,-1,825.000,825.000,-1,-1,2,0,2,0,2,0,0,0,0,2,2,2,2,0,0,2,2
132,-4169.602,-4827.800,-94.720,-125.575,-0.581210,0.813025,0.034442,-0.813518,-0.581540,-0.000526,0.019602,-0.028325,0.999407,0,0.89111,0.13113,53.467,0.262,-1,400.000,-1,400.000,-1,325.000,325.000,300.000,300.000,-1,-1,-1,-1,825.000,825.000,-1,-1,2,0,2,0,2,0,0,0,0,2,2,2,2,0,0,2,2
133,-4200.457,-4871.360,-93.800,-125.312,-0.577503,0.815690,0.033776,-0.816183,-0.577791,-0.001461,0.018324,-0.028411,0.999428,0,0.88967,0.13181,53.380,0.264,-1,400.000,-1,400.000,-1,325.000,325.000,300.000,300.000,-1,-1,-1,-1,825.000,825.000,-1,-1,2,0,2,0,2,0,0,0,0,2,2,2,2,0,0,2,2
134,-4231.063,-4914.995,-92.935,-125.046,-0.573755,0.818357,0.033122,-0.818850,-0.574003,-0.002408,0.017042,-0.028503,0.999448,0,0.88831,0.13278,53.299,0.266,-1,400.000,-1,400.000,-1,325.000,325.000,300.000,300.000,-1,-1,-1,-1,800.000,800.000,-1,-1,2,0,2,0,2,0,0,0,0,2,2,2,2,0,0,2,2
135,-4261.422,-4958.711,-92.106,-124.778,-0.569959,0.821030,0.032503,-0.821523,-0.570165,-0.003446,0.015703,-0.028666,0.999466,0,0.88706,0.13403,53.223,0.268,-1,400.000,-1,400.000,-1,325.000,325.000,300.000,300.000,-1,-1,-1,-1,800.000,800.000,-1,-1,2,0,2,0,2,0,0,0,0,2,2,2,2,0,0,2,2
