timestep,x_cm,y_cm,z_cm,yaw_deg,basis_xx,basis_xy,basis_xz,basis_yx,basis_yy,basis_yz,basis_zx,basis_zy,basis_zz,teleport_flag,throttle_cmd,steering_cmd,cmd_move_cm,cmd_turn_deg,lidar_cm_0,lidar_cm_1,lidar_cm_2,lidar_cm_3,lidar_cm_4,lidar_cm_5,lidar_cm_6,lidar_cm_7,lidar_cm_8,lidar_cm_9,lidar_cm_10,lidar_cm_11,lidar_cm_12,lidar_cm_13,lidar_cm_14,lidar_cm_15,lidar_cm_16,lidar_class_0,lidar_class_1,lidar_class_2,lidar_class_3,lidar_class_4,lidar_class_5,lidar_class_6,lidar_class_7,lidar_class_8,lidar_class_9,lidar_class_10,lidar_class_11,lidar_class_12,lidar_class_13,lidar_class_14,lidar_class_15,lidar_class_16
0,7547.719,-5573.732,251.829,20.614,0.933430,-0.352062,-0.069001,0.351663,0.935949,-0.018259,0.071010,-0.007221,0.997449,1,0.08000,0.12000,4.800,0.240,-1,400.000,-1,375.000,-1,325.000,325.000,300.000,300.000,575.000,825.000,-1,-1,800.000,675.000,-1,-1,2,0,2,0,2,0,0,0,0,1,0,2,2,0,0,2,2
1,7556.676,-5570.277,252.501,21.094,0.930420,-0.359889,-0.069279,0.359517,0.932961,-0.018192,0.071182,-0.007981,0.997431,0,0.16000,0.24000,9.600,0.480,-1,400.000,-1,375.000,-1,325.000,325.000,300.000,300.000,575.000,825.000,-1,-1,800.000,675.000,-1,-1,2,0,2,0,2,0,0,0,0,1,0,2,2,0,0,2,2
2,7570.059,-5564.961,253.511,21.664,0.926754,-0.369149,-0.069685,0.368813,0.929327,-0.018106,0.071444,-0.008921,0.997405,0,0.24000,0.28499,14.400,0.570,-1,400.000,-1,375.000,-1,325.000,325.000,300.000,300.000,600.000,850.000,-1,-1,800.000,675.000,-1,-1,2,0,2,0,2,0,0,0,0,1,0,2,2,0,0,2,2
3,7587.832,-5557.698,254.858,22.228,0.923024,-0.378282,-0.070212,0.377984,0.925637,-0.018009,0.071803,-0.009916,0.997370,0,0.32000,0.28221,19.200,0.564,-1,400.000,-1,375.000,-1,325.000,325.000,300.000,300.000,600.000,850.000,-1,-1,800.000,675.000,-1,-1,2,0,2,0,2,0,0,0,0,1,0,2,2,0,0,2,2
4,7609.959,-5548.403,256.538,22.785,0.919244,-0.387259,-0.070860,0.387000,0.921906,-0.017904,0.072260,-0.010965,0.997326,0,0.40000,0.27850,24.000,0.557,-1,400.000,-1,375.000,-1,325.000,325.000,300.000,300.000,625.000,850.000,-1,-1,800.000,700.000,-1,-1,2,0,2,0,2,0,0,0,0,1,0,2,2,0,0,2,2
5,7636.404,-5536.996,258.544,23.333,0.915432,-0.396048,-0.071629,0.395833,0.918150,-0.017792,0.072812,-0.012066,0.997273,0,0.48000,0.27384,28.800,0.548,-1,400.000,-1,375.000,-1,325.000,325.000,300.000,300.000,650.000,825.000,-1,-1,825.000,700.000,-1,-1,2,0,2,0,2,0,0,0,0,1,0,2,2,0,0,2,2
6,7667.130,-5523.400,260.868,23.870,0.911605,-0.404621,-0.072522,0.404451,0.914389,-0.017672,0.073463,-0.013222,0.997210,0,0.56000,0.26820,33.600,0.536,-1,400.000,-1,375.000,-1,325.000,325.000,300.000,300.000,650.000,825.000,-1,-1,825.000,700.000,-1,-1,2,0,2,0,2,0,0,0,0,1,0,2,2,0,0,2,2
7,7702.103,-5507.541,263.500,24.393,0.907783,-0.412944,-0.073542,0.412823,0.910642,-0.017543,0.074214,-0.014435,0.997138,0,0.64000,0.26151,38.400,0.523,-1,400.000,-1,375.000,-1,325.000,325.000,300.000,300.000,675.000,800.000,-1,-1,825.000,700.000,-1,-1,2,0,2,0,2,0,0,0,0,1,0,2,2,0,0,2,2
8,7741.287,-5489.352,266.496,24.900,0.903994,-0.420983,-0.074619,0.420938,0.906928,-0.017094,0.074870,-0.015957,0.997066,0,0.72000,0.25372,43.200,0.507,-1,400.000,-1,375.000,-1,325.000,325.000,300.000,300.000,725.000,800.000,-1,-1,850.000,725.000,-1,-1,2,0,2,0,2,0,0,0,0,1,0,2,2,0,0,2,2
9,7782.103,-5469.980,269.774,25.390,0.900292,-0.428699,-0.075438,0.428796,0.903264,-0.015735,0.074887,-0.018181,0.997026,0,0.75300,0.24475,45.180,0.489,-1,400.000,-1,375.000,-1,325.000,325.000,300.000,300.000,750.000,825.000,-1,-1,850.000,725.000,-1,-1,2,0,2,0,2,0,0,0,0,1,0,2,2,0,0,2,2
10,7822.831,-5450.239,273.101,25.860,0.896643,-0.436076,-0.076607,0.436338,0.899671,-0.014177,0.075103,-0.020715,0.996961,0,0.75433,0.23512,45.260,0.470,-1,400.000,-1,375.000,-1,325.000,325.000,300.000,300.000,775.000,850.000,-1,-1,850.000,725.000,-1,-1,2,0,2,0,2,0,0,0,0,1,0,2,2,0,0,2,2
11,7863.486,-5430.137,276.449,26.310,0.893067,-0.443109,-0.078007,0.443554,0.896161,-0.012482,0.075437,-0.023453,0.996875,0,0.75589,0.22523,45.353,0.450,-1,425.000,-1,400.000,-1,325.000,325.000,300.000,300.000,800.000,875.000,-1,-1,850.000,750.000,-1,-1,2,0,2,0,2,0,0,0,0,1,0,2,2,0,0,2,2
12,7904.085,-5409.681,279.743,26.740,0.889603,-0.449795,-0.079322,0.450423,0.892750,-0.010798,0.075671,-0.026122,0.996791,0,0.75768,0.21507,45.461,0.430,-1,425.000,-1,400.000,-1,325.000,325.000,300.000,300.000,825.000,900.000,-1,-1,850.000,750.000,-1,-1,2,0,2,0,2,0,0,0,0,1,0,2,2,0,0,2,2
13,7944.646,-5388.880,282.984,27.150,0.886261,-0.456128,-0.080551,0.456940,0.889451,-0.009121,0.075806,-0.028723,0.996709,0,0.75972,0.20465,45.583,0.409,-1,425.000,-1,400.000,-1,325.000,325.000,300.000,300.000,850.000,925.000,-1,-1,850.000,775.000,-1,-1,2,0,2,0,2,0,0,0,0,1,0,2,2,0,0,2,2
14,7985.186,-5367.742,286.396,27.538,0.883145,-0.462117,-0.080643,0.463045,0.886299,-0.007913,0.075130,-0.030353,0.996712,0,0.76201,0.19395,45.720,0.388,-1,425.000,-1,400.000,-1,325.000,325.000,300.000,300.000,900.000,1000.000,-1,-1,875.000,775.000,-1,-1,2,0,2,0,2,0,0,0,0,1,0,2,2,0,0,2,2
15,8025.726,-5346.274,289.799,27.904,0.880193,-0.467748,-0.080445,0.468775,0.883291,-0.006772,0.074224,-0.031750,0.996736,0,0.76455,0.18298,45.873,0.366,-1,425.000,-1,400.000,-1,325.000,325.000,300.000,300.000,925.000,-1,-1,-1,875.000,775.000,-1,-1,2,0,2,0,2,0,0,0,0,1,2,2,2,0,0,2,2
16,8066.284,-5324.483,293.145,28.247,0.877401,-0.473014,-0.080162,0.474138,0.880433,-0.005591,0.073222,-0.033102,0.996766,0,0.76736,0.17173,46.042,0.343,-1,425.000,-1,400.000,-1,325.000,325.000,300.000,300.000,975.000,-1,-1,-1,850.000,800.000,-1,-1,2,0,2,0,2,0,0,0,0,1,2,2,2,0,0,2,2
17,8102.579,-5304.899,296.098,28.350,0.876579,-0.474588,-0.079850,0.475786,0.879549,-0.004498,0.072367,-0.034049,0.996797,0,0.68736,0.05173,41.242,0.103,-1,425.000,-1,400.000,-1,350.000,325.000,300.000,300.000,1000.000,-1,-1,-1,850.000,800.000,-1,-1,2,0,2,0,2,0,0,0,0,1,2,2,2,0,0,2,2
18,8134.690,-5287.671,298.697,28.214,0.877742,-0.472482,-0.079557,0.473731,0.880663,-0.003575,0.071751,-0.034551,0.996824,0,0.60736,-0.06827,36.442,-0.137,-1,425.000,-1,400.000,-1,350.000,325.000,300.000,300.000,-1,-1,-1,-1,850.000,800.000,-1,-1,2,0,2,0,2,0,0,0,0,2,2,2,2,0,0,2,2
19,8162.670,-5272.895,300.941,27.837,0.880864,-0.466682,-0.079290,0.467963,0.883744,-0.002726,0.071344,-0.034704,0.996848,0,0.52736,-0.18827,31.642,-0.377,-1,425.000,-1,400.000,-1,350.000,325.000,300.000,300.000,-1,-1,-1,-1,850.000,800.000,-1,-1,2,0,2,0,2,0,0,0,0,2,2,2,2,0,0,2,2
20,8186.539,-5260.618,302.845,27.221,0.885869,-0.457149,-0.079068,0.458446,0.888720,-0.001949,0.071160,-0.034522,0.996867,0,0.44736,-0.30827,26.842,-0.617,-1,425.000,-1,400.000,-1,350.000,325.000,300.000,300.000,-1,-1,-1,-1,850.000,800.000,-1,-1,2,0,2,0,2,0,0,0,0,2,2,2,2,0,0,2,2
21,8206.288,-5250.830,304.416,26.364,0.892636,-0.443820,-0.078901,0.445120,0.895470,-0.001244,0.071205,-0.034010,0.996882,0,0.36736,-0.42827,22.042,-0.857,-1,425.000,-1,400.000,-1,350.000,325.000,300.000,300.000,-1,-1,-1,-1,850.000,800.000,-1,-1,2,0,2,0,2,0,0,0,0,2,2,2,2,0,0,2,2
22,8221.870,-5243.448,305.658,25.348,0.900396,-0.427877,-0.078788,0.429167,0.903225,-0.000623,0.071430,-0.033252,0.996891,0,0.28736,-0.50821,17.242,-1.016,-1,425.000,-1,400.000,-1,350.000,325.000,300.000,300.000,975.000,-1,-1,-1,850.000,800.000,-1,-1,2,0,2,0,2,0,0,0,0,1,2,2,2,0,0,2,2
23,8233.208,-5238.325,306.565,24.321,0.907941,-0.411639,-0.078720,0.412912,0.910771,-0.000118,0.071745,-0.032397,0.996897,0,0.20736,-0.51324,12.442,-1.026,-1,425.000,-1,400.000,-1,350.000,325.000,300.000,300.000,925.000,-1,-1,-1,850.000,775.000,-1,-1,2,0,2,0,2,0,0,0,0,1,2,2,2,0,0,2,2
24,8240.227,-5235.304,307.135,23.288,0.915240,-0.395150,-0.078691,0.396398,0.918079,0.000264,0.072140,-0.031435,0.996899,0,0.12736,-0.51696,7.642,-1.034,-1,425.000,-1,400.000,-1,350.000,325.000,300.000,300.000,900.000,-1,-1,-1,850.000,775.000,-1,-1,2,0,2,0,2,0,0,0,0,1,2,2,2,0,0,2,2
25,8242.857,-5234.228,307.365,22.249,0.922268,-0.378457,-0.078690,0.379672,0.925121,0.000515,0.072603,-0.030351,0.996899,0,0.04736,-0.51929,2.842,-1.039,-1,425.000,-1,400.000,-1,350.000,325.000,300.000,300.000,850.000,-1,-1,-1,850.000,775.000,-1,-1,2,0,2,0,2,0,0,0,0,1,2,2,2,0,0,2,2
26,8249.970,-5231.434,307.935,21.450,0.927468,-0.365534,-0.078660,0.366734,0.930325,0.000874,0.072860,-0.029658,0.996901,0,0.12736,-0.39929,7.642,-0.799,-1,425.000,-1,400.000,-1,350.000,325.000,300.000,300.000,850.000,-1,-1,-1,850.000,775.000,-1,-1,2,0,2,0,2,0,0,0,0,1,2,2,2,0,0,2,2
27,8261.593,-5226.997,308.845,20.892,0.931002,-0.356450,-0.078605,0.357655,0.933853,0.001343,0.072927,-0.029364,0.996905,0,0.20736,-0.27929,12.442,-0.559,-1,425.000,-1,400.000,-1,350.000,325.000,300.000,300.000,825.000,-1,-1,-1,850.000,775.000,-1,-1,2,0,2,0,2,0,0,0,0,1,2,2,2,0,0,2,2
28,8277.757,-5220.997,310.098,20.368,0.934239,-0.347894,-0.078531,0.349116,0.937078,0.001956,0.072910,-0.029244,0.996910,0,0.28736,-0.26206,17.242,-0.524,-1,425.000,-1,400.000,-1,350.000,325.000,300.000,300.000,825.000,-1,-1,-1,850.000,775.000,-1,-1,2,0,2,0,2,0,0,0,0,1,2,2,2,0,0,2,2
29,8298.491,-5213.519,311.694,19.832,0.937465,-0.339125,-0.078442,0.340374,0.940286,0.002719,0.072835,-0.029249,0.996915,0,0.36736,-0.26761,22.042,-0.535,-1,425.000,-1,400.000,-1,350.000,325.000,300.000,300.000,825.000,-1,-1,-1,850.000,775.000,-1,-1,2,0,2,0,2,0,0,0,0,1,2,2,2,0,0,2,2
30,8323.827,-5204.655,313.627,19.283,0.940694,-0.330089,-0.078337,0.331373,0.943493,0.003633,0.072712,-0.029376,0.996920,0,0.44736,-0.27481,26.842,-0.550,-1,425.000,-1,400.000,-1,350.000,325.000,300.000,300.000,825.000,-1,-1,-1,850.000,750.000,-1,-1,2,0,2,0,2,0,0,0,0,1,2,2,2,0,0,2,2
31,8353.795,-5194.502,315.893,18.715,0.943936,-0.320727,-0.078220,0.322058,0.946708,0.004694,0.072546,-0.029622,0.996925,0,0.52736,-0.28370,31.642,-0.567,-1,425.000,-1,400.000,-1,350.000,325.000,300.000,300.000,825.000,-1,-1,-1,850.000,750.000,-1,-1,2,0,2,0,2,0,0,0,0,1,2,2,2,0,0,2,2
32,8388.428,-5183.164,318.485,18.127,0.947203,-0.310980,-0.078091,0.312367,0.949943,0.005902,0.072347,-0.029983,0.996929,0,0.60736,-0.29433,36.442,-0.589,-1,425.000,-1,400.000,-1,350.000,325.000,300.000,300.000,850.000,-1,-1,-1,850.000,750.000,-1,-1,2,0,2,0,2,0,0,0,0,1,2,2,2,0,0,2,2
33,8427.758,-5170.754,321.398,17.513,0.950500,-0.300786,-0.077952,0.302237,0.953205,0.007253,0.072123,-0.030454,0.996931,0,0.68736,-0.30676,41.242,-0.614,-1,425.000,-1,400.000,-1,350.000,325.000,300.000,300.000,850.000,-1,-1,-1,850.000,750.000,-1,-1,2,0,2,0,2,0,0,0,0,1,2,2,2,0,0,2,2
34,8471.817,-5157.387,324.760,16.877,0.953826,-0.290169,-0.077568,0.291729,0.956455,0.009342,0.071479,-0.031540,0.996943,0,0.76736,-0.31824,46.042,-0.636,-1,425.000,-1,400.000,-1,350.000,325.000,300.000,300.000,875.000,-1,-1,-1,825.000,750.000,-1,-1,2,0,2,0,2,0,0,0,0,1,2,2,2,0,0,2,2
35,8520.632,-5143.177,328.421,16.230,0.957095,-0.279346,-0.077036,0.281018,0.959633,0.011571,0.070694,-0.032723,0.996961,0,0.84736,-0.32333,50.842,-0.647,-1,425.000,-1,400.000,-1,350.000,325.000,300.000,300.000,925.000,-1,-1,-1,825.000,775.000,-1,-1,2,0,2,0,2,0,0,0,0,1,2,2,2,0,0,2,2
36,8572.071,-5128.842,332.227,15.572,0.960295,-0.268291,-0.076511,0.270078,0.962739,0.013861,0.069941,-0.033974,0.996972,0,0.88999,-0.32913,53.399,-0.658,-1,400.000,-1,400.000,-1,325.000,325.000,300.000,300.000,975.000,-1,-1,-1,825.000,775.000,-1,-1,2,0,2,0,2,0,0,0,0,1,2,2,2,0,0,2,2
37,8623.836,-5115.067,336.029,14.901,0.963415,-0.256991,-0.076078,0.258886,0.965775,0.016022,0.069357,-0.035132,0.996973,0,0.89277,-0.33541,53.566,-0.671,-1,400.000,-1,400.000,-1,325.000,325.000,300.000,275.000,1000.000,-1,-1,-1,825.000,775.000,-1,-1,2,0,2,0,2,0,0,0,0,1,2,2,2,0,0,2,2
38,8675.945,-5101.864,339.870,14.217,0.966438,-0.245439,-0.075873,0.247427,0.968742,0.017861,0.069117,-0.036035,0.996958,0,0.89593,-0.34189,53.756,-0.684,-1,400.000,-1,400.000,-1,325.000,325.000,300.000,275.000,-1,-1,-1,-1,825.000,800.000,-1,-1,2,0,2,0,2,0,0,0,0,2,2,2,2,0,0,2,2
39,8728.416,-5089.247,343.727,13.520,0.969383,-0.233628,-0.075589,0.235696,0.971630,0.019579,0.068870,-0.036795,0.996947,0,0.89945,-0.34856,53.967,-0.697,-1,400.000,-1,400.000,-1,325.000,325.000,300.000,275.000,-1,-1,-1,-1,825.000,800.000,-1,-1,2,0,2,0,2,0,0,0,0,2,2,2,2,0,0,2,2
40,8781.268,-5077.231,347.581,12.809,0.972235,-0.221550,-0.075333,0.223697,0.974427,0.021260,0.068696,-0.037521,0.996932,0,0.90333,-0.35542,54.200,-0.711,-1,400.000,-1,400.000,-1,325.000,325.000,300.000,275.000,-1,-1,-1,-1,825.000,800.000,-1,-1,2,0,2,0,2,0,0,0,0,2,2,2,2,0,0,2,2
41,8834.514,-5065.831,351.433,12.084,0.974984,-0.209199,-0.075108,0.211423,0.977126,0.022911,0.068597,-0.038218,0.996912,0,0.90755,-0.36246,54.453,-0.725,-1,400.000,-1,400.000,-1,325.000,325.000,300.000,275.000,-1,-1,-1,-1,825.000,825.000,-1,-1,2,0,2,0,2,0,0,0,0,2,2,2,2,0,0,2,2
42,8888.171,-5055.065,355.289,11.345,0.977624,-0.196567,-0.074916,0.198869,0.979719,0.024540,0.068573,-0.038889,0.996888,0,0.91210,-0.36968,54.726,-0.739,-1,400.000,-1,400.000,-1,325.000,325.000,300.000,300.000,-1,-1,-1,-1,825.000,825.000,-1,-1,2,0,2,0,2,0,0,0,0,2,2,2,2,0,0,2,2
43,8943.400,-5044.748,359.235,10.581,0.980177,-0.183478,-0.074754,0.185859,0.982227,0.026186,0.068621,-0.039561,0.996858,0,0.93641,-0.38211,56.185,-0.764,-1,400.000,-1,400.000,-1,325.000,325.000,300.000,300.000,-1,-1,-1,-1,825.000,825.000,-1,-1,2,0,2,0,2,0,0,0,0,2,2,2,2,0,0,2,2
44,8999.336,-5034.828,363.199,10.057,0.981829,-0.174477,-0.074625,0.176945,0.983828,0.027794,0.068569,-0.040494,0.996824,0,0.94681,-0.26211,56.809,-0.524,-1,425.000,-1,400.000,-1,350.000,325.000,300.000,300.000,-1,-1,-1,-1,850.000,850.000,-1,-1,2,0,2,0,2,0,0,0,0,2,2,2,2,0,0,2,2
45,9055.735,-5025.114,367.160,9.772,0.982694,-0.169587,-0.074522,0.172147,0.984634,0.029346,0.068400,-0.041667,0.996788,0,0.95383,-0.14211,57.230,-0.284,-1,425.000,-1,425.000,-1,350.000,350.000,300.000,300.000,-1,-1,-1,-1,850.000,850.000,-1,-1,2,0,2,0,2,0,0,0,0,2,2,2,2,0,0,2,2
46,9112.558,-5015.372,371.112,9.728,0.982833,-0.168817,-0.074434,0.171473,0.984706,0.030827,0.068092,-0.043062,0.996749,0,0.96086,-0.02211,57.652,-0.044,-1,425.000,-1,425.000,-1,350.000,350.000,275.000,300.000,-1,-1,-1,-1,850.000,875.000,-1,-1,2,0,2,0,2,0,0,0,0,2,2,2,2,0,0,2,2
47,9169.764,-5005.362,374.849,9.924,0.982297,-0.172174,-0.073819,0.174862,0.984086,0.031586,0.067206,-0.043935,0.996771,0,0.96793,0.09789,58.076,0.196,-1,425.000,-1,425.000,-1,350.000,350.000,275.000,275.000,-1,-1,-1,-1,825.000,900.000,-1,-1,2,0,2,0,2,0,0,0,0,2,2,2,2,1,0,2,2
48,9227.313,-4994.842,378.272,10.360,0.981083,-0.179655,-0.072109,0.182259,0.982753,0.031265,0.065249,-0.043817,0.996907,0,0.97505,0.21789,58.503,0.436,-1,425.000,-1,425.000,-1,350.000,350.000,275.000,275.000,-1,-1,-1,-1,800.000,875.000,975.000,-1,2,0,2,0,2,0,0,0,0,2,2,2,2,1,0,1,2
49,9285.159,-4983.560,381.581,11.036,0.979069,-0.191230,-0.069683,0.193753,0.980548,0.031384,0.062326,-0.044228,0.997075,0,0.98227,0.33789,58.936,0.676,-1,425.000,-1,425.000,-1,350.000,350.000,275.000,275.000,-1,-1,-1,-1,750.000,875.000,925.000,-1,2,0,2,0,2,0,0,0,0,2,2,2,2,1,0,1,2
50,9343.282,-4971.423,384.817,11.794,0.976626,-0.204193,-0.067139,0.206639,0.977904,0.031693,0.059184,-0.044826,0.997240,0,0.98962,0.37938,59.377,0.759,1000.000,400.000,-1,425.000,-1,350.000,350.000,275.000,275.000,-1,-1,-1,-1,700.000,875.000,850.000,-1,1,0,2,0,2,0,0,0,0,2,2,2,2,1,0,1,2
51,9401.674,-4958.417,388.030,12.556,0.973993,-0.217172,-0.064600,0.219535,0.975080,0.031980,0.056045,-0.045330,0.997399,0,0.99706,0.38089,59.823,0.762,925.000,400.000,-1,425.000,-1,325.000,350.000,275.000,275.000,-1,-1,-1,-1,650.000,875.000,800.000,-1,1,0,2,0,2,0,0,0,0,2,2,2,2,1,0,1,2
52,9460.059,-4944.592,391.200,13.321,0.971170,-0.230162,-0.062083,0.232437,0.972077,0.032236,0.052930,-0.045737,0.997550,0,1.00000,0.38235,60.000,0.765,875.000,400.000,-1,425.000,-1,325.000,350.000,275.000,275.000,-1,-1,-1,-1,625.000,850.000,750.000,-1,1,0,2,0,2,0,0,0,0,2,2,2,2,1,0,1,2
53,9518.254,-4929.987,394.317,14.088,0.968154,-0.243159,-0.059598,0.245342,0.968893,0.032457,0.049852,-0.046045,0.997695,0,1.00000,0.38376,60.000,0.768,800.000,400.000,1000.000,425.000,-1,325.000,325.000,275.000,275.000,-1,-1,-1,-1,575.000,850.000,675.000,-1,1,0,1,0,2,0,0,0,0,2,2,2,2,1,0,1,2
54,9576.247,-4914.601,397.378,14.859,0.964944,-0.256159,-0.057146,0.258246,0.965528,0.032635,0.046816,-0.046248,0.997832,0,1.00000,0.38510,60.000,0.770,725.000,400.000,925.000,425.000,-1,325.000,325.000,275.000,275.000,-1,-1,-1,-1,525.000,825.000,625.000,-1,1,1,1,0,2,0,1,0,0,2,2,2,2,1,0,1,2
55,9634.027,-4898.434,400.380,15.631,0.961540,-0.269156,-0.054730,0.271145,0.961981,0.032765,0.043831,-0.046344,0.997963,0,1.00000,0.38639,60.000,0.773,650.000,375.000,825.000,400.000,-1,325.000,325.000,275.000,275.000,-1,-1,-1,-1,500.000,825.000,550.000,-1,1,1,1,1,2,1,1,0,0,2,2,2,2,1,0,1,2
56,9691.584,-4881.486,403.320,16.407,0.957941,-0.282148,-0.052352,0.284034,0.958252,0.032840,0.040901,-0.046329,0.998089,0,1.00000,0.38763,60.000,0.775,600.000,350.000,750.000,400.000,-1,300.000,300.000,275.000,275.000,-1,-1,-1,-1,450.000,775.000,500.000,-1,1,1,1,1,2,1,1,0,0,2,2,2,2,1,1,1,2
57,9748.905,-4863.759,406.160,17.184,0.954143,-0.295132,-0.050076,0.296910,0.954346,0.032696,0.038140,-0.046064,0.998210,0,1.00000,0.38883,60.000,0.778,525.000,300.000,675.000,375.000,-1,275.000,275.000,300.000,300.000,-1,-1,-1,-1,400.000,675.000,450.000,-1,1,1,1,1,2,1,1,0,0,2,2,2,2,1,1,1,2
58,9805.980,-4845.255,408.453,17.964,0.950111,-0.308125,-0.048463,0.309749,0.950331,0.030425,0.036681,-0.043919,0.998362,0,1.00000,0.38999,60.000,0.780,450.000,275.000,600.000,350.000,-1,250.000,275.000,300.000,275.000,-1,-1,-1,-1,375.000,600.000,375.000,-1,1,1,1,1,2,1,1,0,0,2,2,2,2,1,1,1,2
59,9862.797,-4825.973,410.675,18.746,0.945892,-0.321103,-0.046702,0.322570,0.946129,0.028093,0.035165,-0.041637,0.998514,0,1.00000,0.39113,60.000,0.782,375.000,250.000,525.000,325.000,-1,225.000,250.000,300.000,275.000,-1,-1,-1,-1,325.000,525.000,325.000,-1,1,1,1,1,2,1,1,0,0,2,2,2,2,1,1,1,2
60,9919.345,-4805.915,412.814,19.531,0.941466,-0.334053,-0.045289,0.335394,0.941719,0.026012,0.033960,-0.039679,0.998635,0,1.00000,0.39225,60.000,0.785,325.000,225.000,450.000,275.000,-1,200.000,225.000,300.000,275.000,-1,-1,-1,-1,275.000,450.000,275.000,-1,1,1,1,1,2,1,1,0,0,2,2,2,2,1,1,1,2
61,9975.613,-4785.083,417.278,20.318,0.936488,-0.347019,-0.050672,0.348268,0.937221,0.018067,0.041221,-0.034567,0.998552,0,1.00000,0.39338,60.000,0.787,275.000,200.000,425.000,275.000,-1,175.000,200.000,300.000,275.000,-1,-1,-1,-1,250.000,400.000,225.000,-1,1,1,1,1,2,1,1,0,0,2,2,2,2,1,1,1,2
62,10031.591,-4763.480,425.571,21.107,0.930724,-0.360030,-0.064279,0.360619,0.932710,-0.002584,0.060884,-0.020776,0.997929,0,1.00000,0.39452,60.000,0.789,275.000,200.000,400.000,275.000,-1,175.000,200.000,350.000,300.000,-1,-1,750.000,-1,250.000,400.000,225.000,-1,1,1,1,1,2,1,1,0,0,2,2,0,2,1,1,1,2
63,10087.266,-4741.102,434.864,21.898,0.924355,-0.372948,-0.080479,0.372239,0.927821,-0.024199,0.083695,-0.007589,0.996462,0,1.00000,0.39571,60.000,0.791,275.000,200.000,400.000,275.000,-1,175.000,200.000,400.000,300.000,-1,400.000,225.000,850.000,250.000,400.000,200.000,-1,1,1,1,1,2,1,1,0,0,2,0,0,0,1,1,1,2
64,7543.218,9511.016,178.174,173.081,-0.992016,-0.120439,-0.037403,0.119466,-0.992464,0.027258,-0.040404,0.022572,0.998928,1,0.00000,0.00000,60.000,0.794,775.000,325.000,850.000,375.000,650.000,275.000,300.000,275.000,375.000,-1,500.000,475.000,275.000,575.000,500.000,825.000,575.000,0,0,1,0,1,0,0,0,1,2,1,1,1,0,1,0,1
65,7538.456,9511.614,177.964,172.841,-0.991523,-0.124593,-0.036865,0.123601,-0.991935,0.028084,-0.040067,0.023290,0.998926,0,0.08000,-0.12000,4.800,-0.240,775.000,325.000,825.000,375.000,625.000,275.000,300.000,275.000,400.000,-1,500.000,475.000,275.000,575.000,500.000,850.000,550.000,0,0,1,0,1,0,0,0,1,2,1,1,1,0,1,0,1
66,7528.937,9512.861,177.589,172.536,-0.990885,-0.129860,-0.035814,0.128842,-0.991229,0.029420,-0.039320,0.024538,0.998925,0,0.16000,-0.15229,9.600,-0.305,800.000,325.000,800.000,375.000,625.000,275.000,300.000,275.000,400.000,-1,500.000,475.000,275.000,575.000,500.000,875.000,550.000,0,0,1,0,1,0,0,0,1,2,1,1,1,0,1,0,1
67,7514.669,9514.807,177.064,172.234,-0.990241,-0.135089,-0.034255,0.134045,-0.990486,0.031141,-0.038135,0.026246,0.998928,0,0.24000,-0.15133,14.400,-0.303,850.000,350.000,800.000,375.000,625.000,300.000,300.000,275.000,400.000,-1,525.000,500.000,300.000,575.000,475.000,900.000,550.000,0,0,1,0,1,0,0,0,1,2,1,1,1,0,1,0,1
68,7495.659,9517.500,176.384,171.934,-0.989592,-0.140261,-0.032172,0.139196,-0.989706,0.033248,-0.036504,0.028424,0.998929,0,0.32000,-0.14989,19.200,-0.300,900.000,350.000,775.000,375.000,600.000,300.000,300.000,275.000,425.000,-1,550.000,500.000,300.000,575.000,475.000,950.000,525.000,0,0,1,1,1,0,0,0,1,2,1,1,1,0,1,0,1
69,7471.914,9520.989,175.540,171.638,-0.988938,-0.145359,-0.029534,0.144284,-0.988890,0.035756,-0.034403,0.031099,0.998924,0,0.40000,-0.14795,24.000,-0.296,975.000,350.000,750.000,375.000,575.000,300.000,300.000,275.000,400.000,-1,550.000,525.000,300.000,600.000,450.000,-1,500.000,0,0,1,1,1,1,0,0,0,2,1,1,1,0,1,2,1
70,7443.442,9525.321,174.518,171.347,-0.988281,-0.150363,-0.026289,0.149296,-0.988035,0.038697,-0.031793,0.034319,0.998905,0,0.48000,-0.14548,28.800,-0.291,-1,350.000,700.000,350.000,550.000,300.000,300.000,275.000,400.000,-1,575.000,550.000,325.000,600.000,425.000,-1,475.000,2,0,1,1,1,1,1,0,0,2,1,1,1,0,1,2,1
71,7410.250,9530.540,173.297,171.062,-0.987622,-0.155253,-0.022367,0.154223,-0.987138,0.042124,-0.028619,0.038153,0.998862,0,0.56000,-0.14247,33.600,-0.285,-1,350.000,675.000,325.000,500.000,300.000,300.000,275.000,400.000,-1,600.000,575.000,325.000,625.000,400.000,-1,450.000,2,0,1,1,1,1,1,0,0,2,1,1,1,0,1,2,1
72,7376.220,9536.059,172.001,170.784,-0.986948,-0.160010,-0.018169,0.159049,-0.986212,0.045712,-0.025233,0.042226,0.998789,0,0.57459,-0.13887,34.475,-0.278,-1,350.000,650.000,300.000,475.000,275.000,275.000,275.000,375.000,-1,625.000,600.000,325.000,625.000,375.000,-1,400.000,2,0,1,1,1,1,1,0,0,2,1,1,1,0,1,2,1
73,7342.226,9541.736,170.655,170.514,-0.986259,-0.164628,-0.013783,0.163771,-0.985261,0.049393,-0.021711,0.046458,0.998684,0,0.57441,-0.13510,34.465,-0.270,-1,350.000,600.000,300.000,425.000,275.000,275.000,300.000,375.000,-1,650.000,625.000,350.000,650.000,350.000,-1,375.000,2,0,1,1,1,1,1,0,0,2,1,1,1,0,1,2,1
74,7308.253,9547.570,169.257,170.252,-0.985555,-0.169104,-0.009192,0.168390,-0.984285,0.053181,-0.018041,0.050865,0.998543,0,0.57451,-0.13125,34.470,-0.263,-1,375.000,575.000,275.000,375.000,275.000,250.000,300.000,350.000,-1,675.000,650.000,350.000,675.000,325.000,-1,350.000,2,0,1,1,1,1,1,0,0,2,1,1,1,0,1,2,1
75,7274.286,9553.558,167.802,169.997,-0.984836,-0.173434,-0.004382,0.172907,-0.983282,0.057089,-0.014210,0.055465,0.998359,0,0.57485,-0.12732,34.491,-0.255,-1,375.000,550.000,250.000,350.000,275.000,225.000,300.000,350.000,-1,700.000,675.000,375.000,675.000,300.000,-1,300.000,2,0,1,1,1,1,1,0,0,2,1,1,1,0,1,2,1
76,7240.310,9559.698,166.316,169.750,-0.984100,-0.177615,0.000716,0.177325,-0.982245,0.061240,-0.010174,0.060393,0.998123,0,0.57543,-0.12333,34.526,-0.247,-1,375.000,500.000,225.000,300.000,275.000,225.000,300.000,325.000,-1,725.000,700.000,375.000,700.000,275.000,-1,275.000,2,0,1,1,1,1,1,0,0,2,1,1,1,0,1,2,1
77,7206.314,9565.986,164.791,169.512,-0.983345,-0.181642,0.006166,0.181652,-0.981171,0.065623,-0.005870,0.065650,0.997825,0,0.57622,-0.11926,34.573,-0.239,-1,375.000,475.000,225.000,275.000,250.000,200.000,300.000,325.000,-1,750.000,725.000,375.000,725.000,275.000,-1,225.000,2,0,1,1,1,1,1,0,0,2,1,1,1,0,1,2,1
78,7167.598,9573.149,163.704,169.513,-0.983326,-0.181572,0.010083,0.181834,-0.980935,0.068579,-0.002561,0.069269,0.997595,0,0.65622,0.00074,39.373,0.001,-1,375.000,450.000,200.000,225.000,250.000,175.000,325.000,300.000,-1,775.000,750.000,400.000,750.000,225.000,-1,200.000,2,0,1,1,1,1,1,0,0,2,1,1,1,0,1,2,1
79,7124.165,9581.204,168.567,169.509,-0.983090,-0.181852,0.021524,0.182698,-0.982009,0.047743,0.012454,0.050868,0.998628,0,0.73622,-0.00230,44.173,-0.005,-1,425.000,450.000,200.000,200.000,250.000,175.000,300.000,350.000,-1,450.000,625.000,450.000,825.000,225.000,-1,175.000,2,0,1,1,1,1,1,0,0,2,0,0,1,0,1,2,1
80,7076.014,9590.144,174.997,169.495,-0.982572,-0.182252,0.036547,0.183065,-0.982892,0.020251,0.032231,0.026589,0.999127,0,0.81622,-0.00666,48.973,-0.013,-1,475.000,450.000,200.000,175.000,250.000,175.000,275.000,425.000,-1,200.000,300.000,525.000,950.000,225.000,-1,175.000,2,0,1,1,1,1,1,0,0,2,0,1,1,0,1,2,1
81,7027.607,9599.147,181.766,169.471,-0.981771,-0.182725,0.052320,0.182517,-0.983164,-0.008754,0.053039,0.000955,0.998592,0,0.82058,-0.01188,49.235,-0.024,-1,525.000,475.000,175.000,175.000,275.000,175.000,275.000,500.000,675.000,100.000,250.000,575.000,-1,225.000,-1,150.000,2,0,1,1,1,1,1,0,0,0,0,1,1,2,1,2,1
82,6978.963,9608.220,188.882,169.436,-0.980652,-0.183265,0.068817,0.180890,-0.982716,-0.039333,0.074836,-0.026123,0.996854,0,0.82465,-0.01756,49.479,-0.035,-1,575.000,600.000,175.000,150.000,275.000,175.000,250.000,600.000,450.000,50.000,200.000,650.000,-1,225.000,-1,150.000,2,0,1,1,1,1,1,0,0,0,0,0,1,2,1,2,1
83,8199.153,6887.289,278.904,60.669,0.489532,-0.871776,0.019125,0.871653,0.489833,0.016867,-0.024073,0.008414,0.999675,1,0.00000,0.00000,54.279,0.205,-1,400.000,-1,375.000,-1,325.000,325.000,325.000,325.000,-1,-1,-1,-1,775.000,725.000,-1,-1,2,0,2,0,2,0,0,0,0,2,2,2,2,0,0,2,2
84,8201.519,6891.465,278.803,60.470,0.492563,-0.870066,0.019147,0.869944,0.492864,0.016826,-0.024077,0.008369,0.999675,0,0.08000,-0.09971,4.800,-0.199,-1,400.000,-1,375.000,-1,325.000,325.000,325.000,325.000,-1,-1,-1,-1,775.000,725.000,-1,-1,2,0,2,0,2,0,0,0,0,2,2,2,2,0,0,2,2
85,8206.280,6899.802,278.597,60.270,0.495592,-0.868344,0.019175,0.868222,0.495893,0.016754,-0.024057,0.008345,0.999676,0,0.16000,-0.09981,9.600,-0.200,-1,400.000,-1,375.000,-1,325.000,325.000,325.000,325.000,-1,-1,-1,-1,775.000,725.000,-1,-1,2,0,2,0,2,0,0,0,0,2,2,2,2,0,0,2,2
86,8213.464,6912.281,278.289,60.070,0.498621,-0.866607,0.019211,0.866488,0.498921,0.016645,-0.024010,0.008347,0.999677,0,0.24000,-0.10001,14.400,-0.200,-1,400.000,-1,375.000,-1,325.000,325.000,325.000,325.000,-1,-1,-1,-1,775.000,725.000,-1,-1,2,0,2,0,2,0,0,0,0,2,2,2,2,0,0,2,2
87,8223.102,6928.887,277.881,59.870,0.501652,-0.864855,0.019256,0.864739,0.501951,0.016492,-0.023928,0.008378,0.999679,0,0.32000,-0.10028,19.200,-0.201,-1,400.000,-1,375.000,-1,325.000,325.000,325.000,325.000,-1,-1,-1,-1,775.000,725.000,-1,-1,2,0,2,0,2,0,0,0,0,2,2,2,2,0,0,2,2
88,8235.222,6949.602,277.376,59.669,0.504686,-0.863087,0.019310,0.862975,0.504984,0.016284,-0.023806,0.008446,0.999681,0,0.40000,-0.10057,24.000,-0.201,-1,400.000,-1,375.000,-1,325.000,325.000,325.000,325.000,-1,-1,-1,-1,775.000,725.000,-1,-1,2,0,2,0,2,0,0,0,0,2,2,2,2,0,0,2,2
89,8249.854,6974.408,276.778,59.467,0.507721,-0.861304,0.019376,0.861198,0.508018,0.016009,-0.023632,0.008558,0.999684,0,0.48000,-0.10083,28.800,-0.202,-1,400.000,-1,375.000,-1,325.000,325.000,325.000,325.000,-1,-1,-1,-1,775.000,725.000,-1,-1,2,0,2,0,2,0,0,0,0,2,2,2,2,0,0,2,2
90,8267.025,7003.289,276.084,59.265,0.510754,-0.859507,0.019439,0.859408,0.511050,0.015691,-0.023421,0.008692,0.999688,0,0.56000,-0.10095,33.600,-0.202,-1,400.000,-1,375.000,-1,325.000,325.000,325.000,325.000,-1,-1,-1,-1,775.000,725.000,-1,-1,2,0,2,0,2,0,0,0,0,2,2,2,2,0,0,2,2
91,8286.767,7036.226,275.198,59.063,0.513783,-0.857705,0.019208,0.857604,0.514073,0.015638,-0.023288,0.008438,0.999693,0,0.64000,-0.10084,38.400,-0.202,-1,400.000,-1,375.000,-1,325.000,325.000,325.000,325.000,-1,-1,-1,-1,775.000,725.000,-1,-1,2,0,2,0,2,0,0,0,0,2,2,2,2,0,0,2,2
92,8309.105,7073.202,274.170,58.862,0.516801,-0.855902,0.018678,0.855799,0.517077,0.015479,-0.022907,0.007985,0.999706,0,0.72000,-0.10038,43.200,-0.201,-1,400.000,-1,375.000,-1,325.000,325.000,325.000,325.000,-1,-1,-1,-1,775.000,725.000,-1,-1,2,0,2,0,2,0,0,0,0,2,2,2,2,0,0,2,2
93,8334.068,7114.200,273.060,58.664,0.519785,-0.854105,0.018118,0.854003,0.520046,0.015229,-0.022429,0.007557,0.999720,0,0.80000,-0.09941,48.000,-0.199,-1,400.000,-1,375.000,-1,325.000,325.000,325.000,325.000,-1,-1,-1,-1,775.000,725.000,-1,-1,2,0,2,0,2,0,0,0,0,2,2,2,2,0,0,2,2
94,8356.643,7151.032,272.031,58.496,0.522303,-0.852580,0.017534,0.852472,0.522550,0.015224,-0.022142,0.006996,0.999730,0,0.72000,-0.08401,43.200,-0.168,-1,400.000,-1,375.000,-1,325.000,325.000,325.000,325.000,-1,-1,-1,-1,775.000,725.000,-1,-1,2,0,2,0,2,0,0,0,0,2,2,2,2,0,0,2,2
95,8376.803,7183.715,271.118,58.332,0.524756,-0.851083,0.016995,0.850970,0.524991,0.015276,-0.021924,0.006446,0.999739,0,0.64000,-0.08203,38.400,-0.164,-1,400.000,-1,375.000,-1,325.000,325.000,325.000,325.000,-1,-1,-1,-1,775.000,725.000,-1,-1,2,0,2,0,2,0,0,0,0,2,2,2,2,0,0,2,2
96,8394.522,7212.262,270.336,58.172,0.527138,-0.849618,0.016539,0.849502,0.527364,0.015284,-0.021707,0.005993,0.999746,0,0.56000,-0.07987,33.600,-0.160,-1,400.000,-1,375.000,-1,325.000,325.000,325.000,325.000,-1,-1,-1,-1,775.000,725.000,-1,-1,2,0,2,0,2,0,0,0,0,2,2,2,2,0,0,2,2
97,8409.777,7236.690,269.678,58.016,0.529450,-0.848187,0.016158,0.848069,0.529667,0.015262,-0.021504,0.005623,0.999753,0,0.48000,-0.07768,28.800,-0.155,-1,400.000,-1,375.000,-1,325.000,325.000,325.000,325.000,-1,-1,-1,-1,775.000,725.000,-1,-1,2,0,2,0,2,0,0,0,0,2,2,2,2,0,0,2,2
98,8422.543,7257.014,269.139,57.865,0.531694,-0.846788,0.015849,0.846668,0.531904,0.015225,-0.021323,0.005324,0.999758,0,0.40000,-0.07559,24.000,-0.151,-1,400.000,-1,375.000,-1,325.000,325.000,325.000,325.000,-1,-1,-1,-1,800.000,725.000,-1,-1,2,0,2,0,2,0,0,0,0,2,2,2,2,0,0,2,2
99,8432.797,7273.246,268.714,57.718,0.533877,-0.845418,0.015607,0.845297,0.534081,0.015183,-0.021171,0.005087,0.999763,0,0.32000,-0.07370,19.200,-0.147,-1,400.000,-1,375.000,-1,325.000,325.000,325.000,325.000,-1,-1,-1,-1,800.000,725.000,-1,-1,2,0,2,0,2,0,0,0,0,2,2,2,2,0,0,2,2
100,8440.519,7285.401,268.399,57.574,0.536008,-0.844072,0.015428,0.843950,0.536207,0.015146,-0.021057,0.004902,0.999766,0,0.24000,-0.07209,14.400,-0.144,-1,400.000,-1,375.000,-1,325.000,325.000,325.000,325.000,-1,-1,-1,-1,800.000,725.000,-1,-1,2,0,2,0,2,0,0,0,0,2,2,2,2,0,0,2,2
101,8445.687,7293.491,268.191,57.432,0.538096,-0.842744,0.015308,0.842622,0.538293,0.015127,-0.020988,0.004759,0.999768,0,0.16000,-0.07083,9.600,-0.142,-1,400.000,-1,375.000,-1,325.000,325.000,325.000,325.000,-1,-1,-1,-1,800.000,725.000,-1,-1,2,0,2,0,2,0,0,0,0,2,2,2,2,0,0,2,2
102,8448.280,7297.530,268.088,57.292,0.540155,-0.841427,0.015246,0.841304,0.540350,0.015124,-0.020963,0.004657,0.999769,0,0.08000,-0.06998,4.800,-0.140,-1,400.000,-1,375.000,-1,325.000,325.000,325.000,325.000,-1,-1,-1,-1,800.000,725.000,-1,-1,2,0,2,0,2,0,0,0,0,2,2,2,2,0,0,2,2
103,8448.280,7297.530,268.088,57.153,0.542197,-0.840113,0.015242,0.839990,0.542391,0.015134,-0.020981,0.004598,0.999769,0,-0.00000,-0.06954,-0.000,-0.139,-1,400.000,-1,375.000,-1,325.000,325.000,325.000,325.000,-1,-1,-1,-1,800.000,725.000,-1,-1,2,0,2,0,2,0,0,0,0,2,2,2,2,0,0,2,2
104,8445.667,7293.504,268.190,57.014,0.544233,-0.838794,0.015296,0.838670,0.544429,0.015158,-0.021042,0.004579,0.999768,0,-0.08000,-0.06954,-4.800,-0.139,-1,400.000,-1,375.000,-1,325.000,325.000,325.000,325.000,-1,-1,-1,-1,800.000,725.000,-1,-1,2,0,2,0,2,0,0,0,0,2,2,2,2,0,0,2,2
105,8440.421,7285.464,268.396,56.874,0.546278,-0.837462,0.015406,0.837337,0.546476,0.015201,-0.021149,0.004596,0.999766,0,-0.16000,-0.06997,-9.600,-0.140,-1,400.000,-1,375.000,-1,325.000,325.000,325.000,325.000,-1,-1,-1,-1,800.000,725.000,-1,-1,2,0,2,0,2,0,0,0,0,2,2,2,2,0,0,2,2
106,8432.522,7273.424,268.711,56.732,0.548342,-0.836109,0.015569,0.835983,0.548543,0.015263,-0.021302,0.004645,0.999762,0,-0.24000,-0.07079,-14.400,-0.142,-1,400.000,-1,375.000,-1,325.000,325.000,325.000,325.000,-1,-1,-1,-1,800.000,725.000,-1,-1,2,0,2,0,2,0,0,0,0,2,2,2,2,0,0,2,2
107,8421.949,7257.397,269.135,56.589,0.550435,-0.834728,0.015787,0.834601,0.550641,0.015334,-0.021493,0.004736,0.999758,0,-0.32000,-0.07195,-19.200,-0.144,-1,400.000,-1,375.000,-1,325.000,325.000,325.000,325.000,-1,-1,-1,-1,775.000,725.000,-1,-1,2,0,2,0,2,0,0,0,0,2,2,2,2,0,0,2,2
108,8410.653,7240.367,269.593,56.442,0.552567,-0.833314,0.016021,0.833186,0.552778,0.015396,-0.021686,0.004842,0.999753,0,-0.34059,-0.07340,-20.436,-0.147,-1,400.000,-1,375.000,-1,325.000,325.000,325.000,325.000,-1,-1,-1,-1,775.000,725.000,-1,-1,2,0,2,0,2,0,0,0,0,2,2,2,2,0,0,2,2
109,8399.419,7223.528,270.052,56.292,0.554736,-0.831868,0.016254,0.831739,0.554952,0.015445,-0.021868,0.004951,0.999749,0,-0.33737,-0.07481,-20.242,-0.150,-1,400.000,-1,375.000,-1,325.000,325.000,325.000,325.000,-1,-1,-1,-1,775.000,725.000,-1,-1,2,0,2,0,2,0,0,0,0,2,2,2,2,0,0,2,2
110,8388.250,7206.882,270.513,56.140,0.556938,-0.830391,0.016485,0.830262,0.557159,0.015481,-0.022040,0.005065,0.999744,0,-0.33410,-0.07607,-20.046,-0.152,-1,400.000,-1,375.000,-1,325.000,325.000,325.000,325.000,-1,-1,-1,-1,775.000,725.000,-1,-1,2,0,2,0,2,0,0,0,0,2,2,2,2,0,0,2,2
111,8377.148,7190.431,270.975,55.986,0.559168,-0.828886,0.016715,0.828757,0.559393,0.015505,-0.022202,0.005182,0.999740,0,-0.33079,-0.07718,-19.847,-0.154,-1,400.000,-1,375.000,-1,325.000,325.000,325.000,325.000,-1,-1,-1,-1,775.000,725.000,-1,-1,2,0,2,0,2,0,0,0,0,2,2,2,2,0,0,2,2
112,8366.113,7174.176,271.438,55.829,0.561421,-0.827357,0.016942,0.827228,0.561652,0.015517,-0.022353,0.005303,0.999736,0,-0.32744,-0.07815,-19.646,-0.156,-1,400.000,-1,375.000,-1,325.000,325.000,325.000,325.000,-1,-1,-1,-1,750.000,725.000,-1,-1,2,0,2,0,2,0,0,0,0,2,2,2,2,0,0,2,2
113,8355.148,7158.119,271.902,55.671,0.563695,-0.825805,0.017167,0.825677,0.563930,0.015517,-0.022495,0.005428,0.999732,0,-0.32406,-0.07897,-19.444,-0.158,-1,400.000,-1,375.000,-1,325.000,325.000,325.000,325.000,-1,-1,-1,-1,750.000,725.000,-1,-1,2,0,2,0,2,0,0,0,0,2,2,2,2,0,0,2,2
114,8344.253,7142.260,272.367,55.512,0.565984,-0.824233,0.017390,0.824106,0.566224,0.015505,-0.022626,0.005555,0.999729,0,-0.32068,-0.07966,-19.241,-0.159,-1,400.000,-1,375.000,-1,325.000,325.000,325.000,325.000,-1,-1,-1,-1,750.000,725.000,-1,-1,2,0,2,0,2,0,0,0,0,2,2,2,2,0,0,2,2
115,8333.430,7126.599,272.832,55.352,0.568284,-0.822644,0.017610,0.822518,0.568529,0.015482,-0.022748,0.005686,0.999725,0,-0.31728,-0.08021,-19.037,-0.160,-1,400.000,-1,375.000,-1,325.000,325.000,325.000,325.000,-1,-1,-1,-1,750.000,725.000,-1,-1,2,0,2,0,2,0,0,0,0,2,2,2,2,0,0,2,2
116,8322.679,7111.136,273.273,55.190,0.570593,-0.821040,0.017790,0.820913,0.570842,0.015573,-0.022941,0.005718,0.999720,0,-0.31389,-0.08062,-18.833,-0.161,-1,400.000,-1,375.000,-1,325.000,325.000,325.000,325.000,-1,-1,-1,-1,750.000,725.000,-1,-1,2,0,2,0,2,0,0,0,0,2,2,2,2,0,0,2,2
117,8312.001,7095.870,273.706,55.029,0.572905,-0.819425,0.017955,0.819294,0.573158,0.015698,-0.023155,0.005717,0.999716,0,-0.31050,-0.08091,-18.630,-0.162,-1,400.000,-1,375.000,-1,325.000,325.000,325.000,325.000,-1,-1,-1,-1,750.000,725.000,-1,-1,2,0,2,0,2,0,0,0,0,2,2,2,2,0,0,2,2
118,8301.396,7080.800,274.138,54.866,0.575218,-0.817799,0.018119,0.817667,0.575475,0.015811,-0.023357,0.005720,0.999711,0,-0.30713,-0.08108,-18.428,-0.162,-1,400.000,-1,375.000,-1,325.000,325.000,325.000,325.000,-1,-1,-1,-1,750.000,725.000,-1,-1,2,0,2,0,2,0,0,0,0,2,2,2,2,0,0,2,2
119,8290.865,7065.923,274.572,54.704,0.577527,-0.816167,0.018281,0.816032,0.577788,0.015912,-0.023549,0.005729,0.999706,0,-0.30378,-0.08112,-18.227,-0.162,-1,400.000,-1,375.000,-1,325.000,325.000,325.000,325.000,-1,-1,-1,-1,750.000,725.000,-1,-1,2,0,2,0,2,0,0,0,0,2,2,2,2,0,0,2,2
120,8280.407,7051.238,275.005,54.542,0.579830,-0.814529,0.018442,0.814392,0.580095,0.016000,-0.023731,0.005742,0.999702,0,-0.30047,-0.08104,-18.028,-0.162,-1,400.000,-1,375.000,-1,325.000,325.000,325.000,325.000,-1,-1,-1,-1,750.000,725.000,-1,-1,2,0,2,0,2,0,0,0,0,2,2,2,2,0,0,2,2
121,8270.022,7036.743,275.439,54.380,0.582122,-0.812888,0.018602,0.812750,0.582391,0.016077,-0.023903,0.005760,0.999698,0,-0.29719,-0.08085,-17.831,-0.162,-1,400.000,-1,375.000,-1,325.000,325.000,325.000,325.000,-1,-1,-1,-1,750.000,725.000,-1,-1,2,0,2,0,2,0,0,0,0,2,2,2,2,0,0,2,2
122,8259.709,7022.435,275.873,54.219,0.584402,-0.811248,0.018760,0.811108,0.584674,0.016143,-0.024064,0.005782,0.999694,0,-0.29395,-0.08055,-17.637,-0.161,-1,400.000,-1,375.000,-1,325.000,325.000,325.000,325.000,-1,-1,-1,-1,750.000,725.000,-1,-1,2,0,2,0,2,0,0,0,0,2,2,2,2,0,0,2,2
123,8249.470,7008.310,276.307,54.059,0.586665,-0.809609,0.018916,0.809468,0.586941,0.016198,-0.024217,0.005809,0.999690,0,-0.29076,-0.08014,-17.446,-0.160,-1,400.000,-1,375.000,-1,325.000,325.000,325.000,325.000,-1,-1,-1,-1,750.000,725.000,-1,-1,2,0,2,0,2,0,0,0,0,2,2,2,2,0,0,2,2
124,8239.302,6994.367,276.742,53.900,0.588909,-0.807974,0.019070,0.807832,0.589189,0.016242,-0.024359,0.005840,0.999686,0,-0.28762,-0.07962,-17.257,-0.159,-1,400.000,-1,375.000,-1,325.000,325.000,325.000,325.000,-1,-1,-1,-1,750.000,725.000,-1,-1,2,0,2,0,2,0,0,0,0,2,2,2,2,0,0,2,2
125,8229.204,6980.600,277.163,53.742,0.591133,-0.806346,0.019157,0.806203,0.591415,0.016274,-0.024452,0.005825,0.999684,0,-0.28454,-0.07901,-17.073,-0.158,-1,400.000,-1,375.000,-1,325.000,325.000,325.000,325.000,-1,-1,-1,-1,750.000,725.000,-1,-1,2,0,2,0,2,0,0,0,0,2,2,2,2,0,0,2,2
126,8221.879,6970.753,277.455,53.354,0.596579,-0.802326,0.019154,0.802180,0.596860,0.016304,-0.024513,0.005638,0.999684,0,-0.20454,-0.19391,-12.273,-0.388,-1,400.000,-1,400.000,-1,325.000,325.000,325.000,325.000,-1,-1,-1,-1,750.000,725.000,-1,-1,2,0,2,0,2,0,0,0,0,2,2,2,2,0,0,2,2
127,8216.674,6963.854,277.652,52.967,0.601981,-0.798281,0.019141,0.798131,0.602261,0.016378,-0.024602,0.005418,0.999683,0,-0.14404,-0.19331,-8.642,-0.387,-1,400.000,-1,400.000,-1,325.000,325.000,325.000,325.000,-1,-1,-1,-1,750.000,725.000,-1,-1,2,0,2,0,2,0,0,0,0,2,2,2,2,0,0,2,2
128,8211.519,6957.116,277.847,52.582,0.607343,-0.794210,0.019127,0.794056,0.607621,0.016451,-0.024688,0.005196,0.999682,0,-0.14139,-0.19284,-8.484,-0.386,-1,400.000,-1,400.000,-1,325.000,325.000,325.000,325.000,-1,-1,-1,-1,750.000,725.000,-1,-1,2,0,2,0,2,0,0,0,0,2,2,2,2,0,0,2,2
129,8206.415,6950.536,278.039,52.197,0.612663,-0.790113,0.019111,0.789956,0.612941,0.016523,-0.024769,0.004974,0.999681,0,-0.13880,-0.19234,-8.328,-0.385,-1,400.000,-1,400.000,-1,325.000,325.000,325.000,325.000,-1,-1,-1,-1,750.000,725.000,-1,-1,2,0,2,0,2,0,0,0,0,2,2,2,2,0,0,2,2
130,8201.361,6944.111,278.220,51.813,0.617940,-0.785993,0.019104,0.785833,0.618217,0.016554,-0.024821,0.004783,0.999680,0,-0.13625,-0.19180,-8.175,-0.384,-1,400.000,-1,400.000,-1,325.000,325.000,325.000,325.000,-1,-1,-1,-1,750.000,725.000,-1,-1,2,0,2,0,2,0,0,0,0,2,2,2,2,0,0,2,2
131,8196.358,6937.837,278.386,51.431,0.623175,-0.781849,0.019108,0.781688,0.623450,0.016523,-0.024832,0.004640,0.999681,0,-0.13374,-0.19123,-8.025,-0.382,-1,400.000,-1,400.000,-1,325.000,325.000,325.000,325.000,-1,-1,-1,-1,750.000,725.000,-1,-1,2,0,2,0,2,0,0,0,0,2,2,2,2,0,0,2,2
132,8191.406,6931.711,278.550,51.050,0.628365,-0.777684,0.019110,0.777522,0.628639,0.016494,-0.024840,0.004494,0.999681,0,-0.13129,-0.19063,-7.877,-0.381,-1,375.000,-1,400.000,-1,325.000,325.000,325.000,325.000,-1,-1,-1,-1,750.000,725.000,-1,-1,2,0,2,0,2,0,0,0,0,2,2,2,2,0,0,2,2
133,8186.505,6925.729,278.713,50.670,0.633510,-0.773498,0.019109,0.773335,0.633784,0.016466,-0.024848,0.004346,0.999682,0,-0.12888,-0.19000,-7.733,-0.380,-1,375.000,-1,400.000,-1,325.000,325.000,325.000,300.000,-1,-1,-1,-1,750.000,725.000,-1,-1,2,0,2,0,2,0,0,0,0,2,2,2,2,0,0,2,2
134,8181.655,6919.889,278.873,50.291,0.638611,-0.769293,0.019104,0.769129,0.638882,0.016440,-0.024853,0.004195,0.999682,0,-0.12652,-0.18934,-7.591,-0.379,-1,375.000,-1,400.000,-1,325.000,325.000,325.000,300.000,-1,-1,-1,-1,750.000,725.000,-1,-1,2,0,2,0,2,0,0,0,0,2,2,2,2,0,0,2,2
135,8176.856,6914.188,279.033,49.914,0.643665,-0.765069,0.019097,0.764904,0.643935,0.016416,-0.024857,0.004041,0.999683,0,-0.12421,-0.18866,-7.452,-0.377,-1,375.000,-1,400.000,-1,325.000,325.000,325.000,300.000,-1,-1,-1,-1,750.000,725.000,-1,-1,2,0,2,0,2,0,0,0,0,2,2,2,2,0,0,2,2
136,8172.108,6908.621,279.190,49.538,0.648672,-0.760829,0.019087,0.760662,0.648941,0.016393,-0.024859,0.003885,0.999683,0,-0.12194,-0.18796,-7.317,-0.376,-1,375.000,-1,400.000,-1,325.000,325.000,325.000,300.000,-1,-1,-1,-1,750.000,725.000,-1,-1,2,0,2,0,2,0,0,0,0,2,2,2,2,0,0,2,2
