timestep,x_cm,y_cm,z_cm,yaw_deg,basis_xx,basis_xy,basis_xz,basis_yx,basis_yy,basis_yz,basis_zx,basis_zy,basis_zz,teleport_flag,throttle_cmd,steering_cmd,cmd_move_cm,cmd_turn_deg,lidar_cm_0,lidar_cm_1,lidar_cm_2,lidar_cm_3,lidar_cm_4,lidar_cm_5,lidar_cm_6,lidar_cm_7,lidar_cm_8,lidar_cm_9,lidar_cm_10,lidar_cm_11,lidar_cm_12,lidar_cm_13,lidar_cm_14,lidar_cm_15,lidar_cm_16,lidar_class_0,lidar_class_1,lidar_class_2,lidar_class_3,lidar_class_4,lidar_class_5,lidar_class_6,lidar_class_7,lidar_class_8,lidar_class_9,lidar_class_10,lidar_class_11,lidar_class_12,lidar_class_13,lidar_class_14,lidar_class_15,lidar_class_16
0,-3607.111,323.188,-80.056,-84.608,0.088097,0.991554,0.095183,-0.994102,0.093583,-0.054798,-0.063243,-0.089794,0.993950,1,0.08000,-0.12000,4.800,-0.240,-1,375.000,-1,375.000,-1,325.000,325.000,300.000,300.000,-1,-1,725.000,-1,650.000,650.000,-1,-1,2,0,2,0,2,0,0,0,0,2,2,0,2,0,0,2,2
1,-3606.289,313.623,-80.666,-85.088,0.079867,0.992276,0.094921,-0.994877,0.085271,-0.054306,-0.061981,-0.090097,0.994002,0,0.16000,-0.24000,9.600,-0.480,-1,375.000,-1,375.000,-1,325.000,325.000,300.000,300.000,-1,-1,725.000,-1,650.000,650.000,-1,-1,2,0,2,0,2,0,0,0,0,2,2,0,2,0,0,2,2
2,-3605.236,299.261,-81.567,-85.808,0.067511,0.993227,0.094561,-0.995908,0.072792,-0.053564,-0.060084,-0.090558,0.994077,0,0.24000,-0.36000,14.400,-0.720,-1,375.000,-1,375.000,-1,325.000,325.000,300.000,300.000,-1,-1,725.000,-1,650.000,650.000,-1,-1,2,0,2,0,2,0,0,0,0,2,2,0,2,0,0,2,2
3,-3604.154,280.091,-82.739,-86.768,0.051018,0.994251,0.094140,-0.997038,0.056138,-0.052565,-0.057547,-0.091179,0.994170,0,0.32000,-0.48000,19.200,-0.960,-1,375.000,-1,375.000,-1,325.000,325.000,300.000,300.000,-1,-1,725.000,-1,650.000,650.000,-1,-1,2,0,2,0,2,0,0,0,0,2,2,0,2,0,0,2,2
4,-3603.303,256.105,-84.159,-87.968,0.030381,0.995136,0.093706,-0.998059,0.035301,-0.051306,-0.054365,-0.091965,0.994277,0,0.40000,-0.60000,24.000,-1.200,-1,375.000,-1,375.000,-1,325.000,325.000,300.000,300.000,-1,925.000,750.000,-1,650.000,650.000,-1,-1,2,0,2,0,2,0,0,0,0,2,0,0,2,0,0,2,2
5,-3603.005,227.306,-85.799,-89.408,0.005597,0.995620,0.093319,-0.998707,0.010281,-0.049789,-0.050530,-0.092920,0.994391,0,0.48000,-0.72000,28.800,-1.440,-1,375.000,-1,375.000,-1,325.000,325.000,300.000,300.000,-1,825.000,750.000,-1,650.000,650.000,-1,-1,2,0,2,0,2,0,0,0,0,2,0,0,2,0,0,2,2
6,-3603.643,193.710,-87.624,-91.088,-0.023322,0.995388,0.093050,-0.998667,-0.018910,-0.048020,-0.046039,-0.094046,0.994503,0,0.56000,-0.84000,33.600,-1.680,-1,375.000,-1,375.000,-1,325.000,325.000,300.000,300.000,-1,725.000,750.000,-1,650.000,650.000,-1,-1,2,0,2,0,2,0,0,0,0,2,0,0,2,0,0,2,2
7,-3605.506,155.354,-89.603,-92.781,-0.052421,0.994291,0.092942,-0.997772,-0.048303,-0.046017,-0.041265,-0.095147,0.994608,0,0.64000,-0.84646,38.400,-1.693,-1,375.000,-1,375.000,-1,300.000,300.000,300.000,300.000,-1,625.000,725.000,-1,650.000,650.000,-1,-1,2,0,2,0,2,0,0,0,0,2,0,0,2,0,0,2,2
8,-3608.874,112.284,-91.710,-94.471,-0.081392,0.992331,0.093033,-0.996023,-0.077588,-0.043801,-0.036247,-0.096228,0.994699,0,0.72000,-0.84474,43.200,-1.689,-1,375.000,-1,375.000,-1,300.000,300.000,300.000,300.000,-1,550.000,625.000,-1,650.000,650.000,-1,-1,2,0,2,0,2,0,0,0,0,2,0,0,2,0,0,2,2
9,-3614.021,64.559,-93.915,-96.156,-0.110196,0.989516,0.093355,-0.993426,-0.106726,-0.041394,-0.030997,-0.097303,0.994772,0,0.80000,-0.84261,48.000,-1.685,-1,375.000,-1,375.000,-1,300.000,300.000,300.000,300.000,-1,500.000,575.000,-1,650.000,650.000,-1,-1,2,0,2,0,2,0,0,0,0,2,0,0,2,0,0,2,2
10,-3621.222,12.251,-95.770,-97.836,-0.138782,0.986021,0.092203,-0.989985,-0.135698,-0.038942,-0.025886,-0.096684,0.994978,0,0.88000,-0.83998,52.800,-1.680,-1,375.000,-1,375.000,-1,300.000,300.000,300.000,300.000,-1,475.000,525.000,-1,650.000,650.000,-1,-1,2,0,2,0,2,0,0,0,0,2,0,0,2,0,0,2,2
11,-3630.502,-43.125,-96.892,-99.509,-0.167096,0.981868,0.089518,-0.985726,-0.164475,-0.035949,-0.020573,-0.094247,0.995336,0,0.93578,-0.83676,56.147,-1.674,-1,375.000,-1,350.000,-1,300.000,300.000,300.000,300.000,-1,475.000,500.000,-1,-1,625.000,-1,-1,2,0,2,0,2,0,0,0,0,2,0,0,2,2,0,2,2
12,-3641.463,-98.604,-97.092,-101.175,-0.195178,0.976632,0.089973,-0.980655,-0.192940,-0.033022,-0.014891,-0.094678,0.995397,0,0.94251,-0.83289,56.550,-1.666,-1,375.000,-1,375.000,-1,300.000,300.000,300.000,300.000,-1,475.000,500.000,-1,-1,650.000,-1,-1,2,0,2,0,2,0,0,0,0,2,0,0,2,2,0,2,2
13,-3654.110,-154.125,-97.093,-102.832,-0.222930,0.970585,0.090927,-0.974792,-0.221081,-0.030057,-0.009071,-0.095336,0.995404,0,0.94902,-0.82837,56.941,-1.657,-1,375.000,-1,375.000,-1,300.000,300.000,300.000,300.000,-1,475.000,500.000,-1,-1,-1,-1,-1,2,0,2,0,2,0,0,0,0,2,0,0,2,2,2,2,2
14,-3668.441,-209.621,-96.945,-104.478,-0.250318,0.963767,0.092159,-0.968158,-0.248858,-0.027190,-0.003270,-0.096030,0.995373,0,0.95525,-0.82318,57.315,-1.646,-1,375.000,-1,375.000,-1,300.000,300.000,300.000,300.000,-1,500.000,500.000,-1,-1,-1,-1,-1,2,0,2,0,2,0,0,0,0,2,0,0,2,2,2,2,2
15,-3684.447,-265.026,-96.647,-106.113,-0.277295,0.956209,0.093658,-0.960781,-0.276228,-0.024436,0.002505,-0.096761,0.995305,0,0.96114,-0.81726,57.668,-1.635,-1,375.000,-1,375.000,-1,300.000,300.000,300.000,300.000,-1,500.000,500.000,-1,-1,-1,-1,-1,2,0,2,0,2,0,0,0,0,2,0,0,2,2,2,2,2
16,-3702.113,-320.266,-96.201,-107.734,-0.303818,0.947940,0.095412,-0.952694,-0.303146,-0.021811,0.008249,-0.097525,0.995199,0,0.96659,-0.81057,57.995,-1.621,-1,-1,-1,375.000,-1,300.000,300.000,300.000,300.000,-1,500.000,525.000,-1,-1,-1,-1,-1,2,2,2,0,2,0,0,0,0,2,0,0,2,2,2,2,2
17,-3721.418,-375.268,-95.607,-109.340,-0.329842,0.938997,0.097410,-0.943933,-0.329571,-0.019327,0.013955,-0.098323,0.995057,0,0.97150,-0.80307,58.290,-1.606,-1,-1,-1,375.000,-1,300.000,300.000,300.000,300.000,-1,500.000,525.000,-1,-1,-1,-1,-1,2,2,2,0,2,0,0,0,0,2,0,0,2,2,2,2,2
18,-3742.333,-429.953,-94.867,-110.930,-0.355324,0.929418,0.099636,-0.934537,-0.355459,-0.016997,0.019619,-0.099153,0.994879,0,0.97577,-0.79468,58.546,-1.589,-1,-1,-1,375.000,-1,-1,300.000,275.000,325.000,-1,500.000,525.000,-1,-1,-1,-1,-1,2,2,2,0,2,2,0,0,0,2,0,0,2,2,2,2,2
19,-3764.820,-484.238,-93.737,-112.500,-0.380163,0.919338,0.101458,-0.924553,-0.380807,-0.013703,0.026039,-0.099012,0.994745,0,0.97927,-0.78537,58.756,-1.571,-1,-1,-1,675.000,-1,-1,-1,275.000,325.000,-1,425.000,500.000,-1,-1,-1,-1,-1,2,2,2,1,2,2,2,0,0,2,0,0,2,2,2,2,2
20,-3788.832,-538.035,-92.206,-114.050,-0.404484,0.908804,0.102312,-0.913995,-0.405584,-0.010745,0.031731,-0.097859,0.994694,0,0.98185,-0.77508,58.911,-1.550,-1,-1,-1,725.000,-1,-1,1000.000,275.000,325.000,-1,425.000,475.000,-1,-1,-1,-1,-1,2,2,2,1,2,2,1,0,0,2,0,0,2,2,2,2,2
21,-3814.522,-592.259,-92.813,-115.361,-0.425479,0.898526,0.107790,-0.904545,-0.425894,-0.020303,0.027664,-0.106139,0.993966,0,1.00000,-0.65508,60.000,-1.310,-1,-1,-1,700.000,-1,-1,925.000,275.000,325.000,-1,525.000,625.000,-1,-1,-1,-1,-1,2,2,2,1,2,2,1,0,0,2,0,0,2,2,2,2,2
22,-3841.181,-646.011,-98.853,-116.431,-0.444446,0.887030,0.125083,-0.895789,-0.440918,-0.056145,0.005349,-0.137001,0.990556,0,1.00000,-0.53508,60.000,-1.070,-1,-1,-1,650.000,-1,-1,800.000,200.000,350.000,-1,-1,-1,-1,-1,1000.000,-1,-1,2,2,2,1,2,2,1,0,0,2,2,2,2,2,1,2,2
23,-3868.605,-699.379,-104.612,-117.261,-0.460443,0.876405,0.141092,-0.887539,-0.451589,-0.091336,-0.016332,-0.167279,0.985774,0,1.00000,-0.41508,60.000,-0.830,-1,-1,-1,600.000,-1,975.000,700.000,150.000,375.000,-1,-1,-1,-1,-1,900.000,-1,-1,2,2,2,1,2,1,1,0,0,2,2,2,2,2,1,2,2
24,-3896.563,-752.471,-109.842,-117.851,-0.473653,0.866623,0.156896,-0.879881,-0.457906,-0.127008,-0.038224,-0.198208,0.979414,0,1.00000,-0.29508,60.000,-0.590,-1,-1,-1,550.000,-1,850.000,625.000,100.000,400.000,900.000,-1,-1,-1,-1,825.000,-1,950.000,2,2,2,1,2,1,1,0,0,0,2,2,2,2,1,2,1
25,-6231.364,-6231.364,-375.152,-133.437,-0.682028,0.725646,-0.090969,-0.725254,-0.687108,-0.043457,-0.094040,0.036337,0.994905,1,0.00000,0.00000,60.000,-0.350,425.000,275.000,900.000,350.000,-1,225.000,275.000,325.000,850.000,-1,-1,-1,675.000,400.000,575.000,350.000,950.000,0,1,0,1,2,1,1,0,1,2,2,2,0,1,1,0,1
26,-6228.049,-6227.892,-375.087,-133.677,-0.685051,0.722758,-0.091242,-0.722397,-0.690139,-0.043015,-0.094059,0.036445,0.994899,0,-0.08000,-0.12000,-4.800,-0.240,450.000,275.000,900.000,350.000,-1,250.000,275.000,325.000,850.000,-1,-1,-1,650.000,400.000,600.000,350.000,975.000,0,1,0,1,2,1,1,0,1,2,2,2,0,1,1,0,1
27,-6221.361,-6221.005,-374.939,-134.157,-0.691070,0.716947,-0.091703,-0.716646,-0.696165,-0.042105,-0.094028,0.036621,0.994896,0,-0.16000,-0.24000,-9.600,-0.480,450.000,275.000,900.000,350.000,-1,250.000,275.000,350.000,825.000,-1,-1,-1,650.000,400.000,600.000,350.000,1000.000,0,1,0,1,2,1,1,0,1,2,2,2,0,1,1,0,1
28,-6212.866,-6212.473,-374.803,-134.877,-0.700019,0.708138,-0.092271,-0.707920,-0.705115,-0.040768,-0.093931,0.036782,0.994899,0,-0.20067,-0.36000,-12.040,-0.720,450.000,275.000,900.000,375.000,-1,250.000,275.000,350.000,775.000,-1,-1,-1,650.000,400.000,625.000,350.000,-1,0,1,0,1,2,1,1,0,1,2,2,2,0,1,1,1,2
29,-6204.496,-6204.343,-374.812,-135.837,-0.711784,0.696223,-0.092940,-0.696101,-0.716879,-0.039098,-0.093848,0.036866,0.994904,0,-0.19447,-0.48000,-11.668,-0.960,450.000,275.000,900.000,375.000,-1,250.000,275.000,350.000,725.000,-1,-1,-1,650.000,400.000,675.000,375.000,-1,0,1,0,1,2,1,1,0,1,2,2,2,0,1,1,0,2
30,-6196.261,-6196.674,-374.967,-137.037,-0.726216,0.681058,-0.093649,-0.681043,-0.731303,-0.037106,-0.093757,0.036832,0.994914,0,-0.18754,-0.60000,-11.253,-1.200,450.000,275.000,900.000,375.000,-1,250.000,275.000,350.000,700.000,-1,-1,-1,650.000,400.000,700.000,375.000,-1,0,1,0,1,2,1,1,0,1,2,2,2,0,1,1,1,2
31,-6188.174,-6189.514,-374.984,-138.477,-0.743271,0.662495,-0.092996,-0.662523,-0.748221,-0.035041,-0.092796,0.035567,0.995050,0,-0.18002,-0.72000,-10.801,-1.440,450.000,275.000,900.000,400.000,-1,250.000,300.000,325.000,625.000,-1,-1,-1,650.000,425.000,775.000,375.000,-1,0,1,0,1,2,1,1,0,1,2,2,2,0,1,1,1,2
32,-6180.250,-6182.900,-374.900,-140.157,-0.762679,0.640327,-0.091116,-0.640337,-0.767385,-0.032999,-0.091051,0.033177,0.995293,0,-0.17202,-0.84000,-10.321,-1.680,450.000,275.000,925.000,425.000,-1,250.000,300.000,325.000,550.000,-1,-1,-1,650.000,425.000,875.000,375.000,-1,0,1,0,1,2,1,1,0,1,2,2,2,0,1,1,1,2
33,-6172.502,-6176.863,-374.926,-142.077,-0.784030,0.614311,-0.088994,-0.614289,-0.788477,-0.030889,-0.089145,0.030450,0.995553,0,-0.16368,-0.96000,-9.821,-1.920,450.000,300.000,950.000,450.000,-1,275.000,300.000,325.000,500.000,-1,-1,-1,675.000,425.000,1000.000,400.000,-1,0,1,0,1,2,1,1,0,1,2,2,2,0,1,1,1,2
34,-6164.964,-6171.401,-374.987,-144.077,-0.805327,0.586469,-0.086614,-0.586401,-0.809505,-0.028923,-0.087077,0.027498,0.995822,0,-0.15514,-1.00000,-9.308,-2.000,450.000,300.000,975.000,475.000,-1,275.000,325.000,325.000,450.000,-1,-1,-1,700.000,450.000,-1,400.000,-1,0,1,0,1,2,1,1,0,1,2,2,2,0,1,2,1,2
35,-6157.636,-6166.472,-375.045,-146.077,-0.825643,0.557906,-0.083999,-0.557776,-0.829546,-0.027203,-0.084858,0.024392,0.996094,0,-0.14719,-1.00000,-8.831,-2.000,450.000,300.000,1000.000,550.000,-1,275.000,325.000,325.000,400.000,-1,-1,-1,725.000,450.000,-1,400.000,-1,0,1,0,1,2,1,1,0,1,2,2,2,0,1,2,1,2
36,-6150.500,-6162.026,-375.095,-148.077,-0.844948,0.528654,-0.081163,-0.528449,-0.848574,-0.025753,-0.082487,0.021130,0.996368,0,-0.14012,-1.00000,-8.407,-2.000,450.000,325.000,-1,650.000,-1,300.000,350.000,300.000,350.000,-1,-1,-1,750.000,475.000,-1,425.000,-1,0,1,2,1,2,1,1,0,1,2,2,2,0,1,2,1,2
37,-6147.381,-6160.213,-375.419,-149.837,-0.860981,0.502367,-0.079624,-0.502111,-0.864452,-0.024665,-0.081222,0.018744,0.996520,0,-0.06012,-0.88000,-3.607,-1.760,425.000,325.000,-1,800.000,-1,300.000,350.000,300.000,325.000,900.000,-1,-1,800.000,475.000,-1,425.000,-1,0,1,2,1,2,1,1,0,1,1,2,2,0,1,2,1,2
38,-6148.429,-6160.785,-375.861,-151.357,-0.873976,0.479265,-0.080444,-0.479036,-0.877484,-0.023395,-0.081801,0.018089,0.996485,0,0.01988,-0.76000,1.193,-1.520,425.000,325.000,-1,950.000,-1,300.000,375.000,300.000,300.000,825.000,-1,-1,825.000,500.000,-1,425.000,-1,1,1,2,1,2,1,1,0,1,1,2,2,0,1,2,1,2
39,-6153.751,-6163.539,-376.642,-152.637,-0.884292,0.459541,-0.082756,-0.459375,-0.887966,-0.022173,-0.083674,0.018408,0.996323,0,0.09988,-0.64000,5.993,-1.280,400.000,325.000,-1,-1,-1,300.000,375.000,300.000,300.000,800.000,-1,-1,875.000,500.000,-1,425.000,-1,1,1,2,2,2,1,1,0,1,1,2,2,0,1,2,1,2
40,-6163.426,-6168.325,-377.769,-153.677,-0.892160,0.443337,-0.086613,-0.443285,-0.896137,-0.020891,-0.086879,0.019756,0.996023,0,0.17988,-0.52000,10.793,-1.040,400.000,325.000,-1,-1,-1,300.000,375.000,300.000,300.000,775.000,-1,-1,925.000,500.000,-1,425.000,-1,1,1,2,2,2,1,1,0,1,1,2,2,0,1,2,1,2
41,-6177.498,-6175.044,-379.235,-154.477,-0.897763,0.430760,-0.092016,-0.430891,-0.902194,-0.019464,-0.091400,0.022175,0.995567,0,0.25988,-0.40000,15.593,-0.800,375.000,325.000,-1,-1,-1,300.000,375.000,300.000,300.000,775.000,-1,-1,975.000,475.000,-1,400.000,-1,1,1,2,2,2,1,1,0,1,1,2,2,0,1,2,1,2
42,-6195.988,-6183.651,-381.020,-155.037,-0.901237,0.421886,-0.098917,-0.422292,-0.906284,-0.017835,-0.097171,0.025699,0.994936,0,0.33988,-0.28000,20.393,-0.560,350.000,325.000,-1,-1,-1,300.000,375.000,300.000,300.000,775.000,-1,-1,1000.000,475.000,-1,375.000,-1,1,1,2,2,2,1,1,0,1,1,2,2,0,1,2,1,2
43,-6218.888,-6194.156,-383.090,-155.357,-0.902669,0.416764,-0.107220,-0.417562,-0.908508,-0.015974,-0.104068,0.030352,0.994107,0,0.41988,-0.16000,25.193,-0.320,325.000,300.000,-1,-1,-1,300.000,350.000,300.000,300.000,800.000,-1,-1,-1,450.000,-1,325.000,-1,1,1,2,2,2,1,1,0,1,1,2,2,2,1,2,1,2
44,983.869,-4919.503,-83.513,114.543,-0.417701,-0.906831,-0.056418,0.907865,-0.414093,-0.065635,0.036157,-0.078636,0.996248,1,0.00000,0.00000,29.993,-0.080,-1,400.000,-1,375.000,-1,325.000,325.000,325.000,325.000,-1,-1,-1,-1,775.000,825.000,-1,-1,2,0,2,0,2,0,0,0,0,2,2,2,2,0,0,2,2
45,981.856,-4915.146,-83.282,114.783,-0.421488,-0.905056,-0.056752,0.906131,-0.417873,-0.065635,0.035688,-0.079089,0.996229,0,0.08000,0.12000,4.800,0.240,-1,400.000,-1,375.000,-1,325.000,325.000,325.000,325.000,-1,-1,-1,-1,775.000,825.000,-1,-1,2,0,2,0,2,0,0,0,0,2,2,2,2,0,0,2,2
46,977.759,-4906.465,-82.827,115.263,-0.429040,-0.901458,-0.057423,0.902616,-0.425410,-0.065652,0.034754,-0.079998,0.996189,0,0.16000,0.24000,9.600,0.480,-1,400.000,-1,375.000,-1,325.000,325.000,325.000,325.000,-1,-1,-1,-1,775.000,825.000,-1,-1,2,0,2,0,2,0,0,0,0,2,2,2,2,0,0,2,2
47,971.449,-4893.521,-82.155,115.983,-0.440311,-0.895942,-0.058435,0.897225,-0.436655,-0.065717,0.033362,-0.081365,0.996126,0,0.24000,0.36000,14.400,0.720,-1,400.000,-1,400.000,-1,325.000,325.000,325.000,325.000,-1,-1,-1,-1,775.000,825.000,-1,-1,2,0,2,0,2,0,0,0,0,2,2,2,2,0,0,2,2
48,962.747,-4876.407,-81.280,116.943,-0.455227,-0.888366,-0.059792,0.889817,-0.451537,-0.065878,0.031526,-0.083193,0.996035,0,0.32000,0.48000,19.200,0.960,-1,400.000,-1,400.000,-1,325.000,325.000,325.000,325.000,-1,-1,-1,-1,775.000,825.000,-1,-1,2,0,2,0,2,0,0,0,0,2,2,2,2,0,0,2,2
49,951.425,-4855.247,-80.221,118.143,-0.473688,-0.878544,-0.061491,0.880206,-0.469951,-0.066204,0.029266,-0.085485,0.995910,0,0.40000,0.60000,24.000,1.200,-1,400.000,-1,400.000,-1,325.000,325.000,325.000,325.000,-1,-1,-1,-1,750.000,825.000,-1,-1,2,0,2,0,2,0,0,0,0,2,2,2,2,0,0,2,2
50,937.267,-4830.168,-79.007,119.440,-0.493404,-0.867482,-0.063470,0.869387,-0.489604,-0.066740,0.026820,-0.088109,0.995750,0,0.48000,0.64853,28.800,1.297,-1,400.000,-1,400.000,-1,325.000,325.000,325.000,325.000,-1,-1,-1,-1,750.000,800.000,-1,-1,2,0,2,0,2,0,0,0,0,2,2,2,2,0,0,2,2
51,920.092,-4801.291,-77.916,120.737,-0.512797,-0.856026,-0.065255,0.858184,-0.509026,-0.066425,0.023645,-0.090064,0.995655,0,0.56000,0.64853,33.600,1.297,-1,400.000,-1,400.000,-1,325.000,325.000,325.000,350.000,-1,-1,-1,-1,750.000,800.000,-1,-1,2,0,2,0,2,0,0,0,0,2,2,2,2,0,0,2,2
52,899.723,-4768.740,-76.951,122.034,-0.531906,-0.844178,-0.066631,0.846557,-0.528206,-0.065882,0.020421,-0.091450,0.995600,0,0.64000,0.64853,38.400,1.297,-1,400.000,-1,400.000,-1,325.000,325.000,325.000,350.000,-1,-1,-1,-1,750.000,775.000,-1,-1,2,0,2,0,2,0,0,0,0,2,2,2,2,0,0,2,2
53,876.233,-4733.025,-76.293,123.331,-0.550789,-0.831981,-0.066633,0.834447,-0.547163,-0.065658,0.018168,-0.091765,0.995615,0,0.71248,0.64853,42.749,1.297,-1,400.000,-1,400.000,-1,325.000,325.000,325.000,325.000,-1,-1,-1,-1,725.000,775.000,-1,-1,2,0,2,0,2,0,0,0,0,2,2,2,2,0,0,2,2
54,851.941,-4697.850,-75.696,124.629,-0.569396,-0.819346,-0.066777,0.821908,-0.565831,-0.065591,0.015957,-0.092231,0.995610,0,0.71248,0.64853,42.749,1.297,-1,400.000,-1,400.000,-1,325.000,325.000,325.000,325.000,-1,-1,-1,-1,725.000,750.000,-1,-1,2,0,2,0,2,0,0,0,0,2,2,2,2,0,0,2,2
55,826.859,-4663.235,-75.213,125.926,-0.587706,-0.806296,-0.066992,0.808960,-0.584209,-0.065451,0.013636,-0.092659,0.995604,0,0.71248,0.64853,42.749,1.297,-1,400.000,-1,400.000,-1,325.000,325.000,325.000,325.000,-1,-1,-1,-1,725.000,725.000,-1,-1,2,0,2,0,2,0,0,0,0,2,2,2,2,0,0,2,2
56,801.000,-4629.196,-74.962,127.223,-0.605682,-0.792868,-0.067155,0.795632,-0.602313,-0.064718,0.010864,-0.092630,0.995641,0,0.71248,0.64853,42.749,1.297,-1,375.000,-1,375.000,-1,325.000,325.000,325.000,325.000,-1,-1,-1,-1,725.000,725.000,-1,-1,2,0,2,0,2,0,0,0,0,2,2,2,2,0,0,2,2
57,774.376,-4595.751,-74.723,128.520,-0.623367,-0.779007,-0.067542,0.781885,-0.620087,-0.064407,0.008292,-0.092959,0.995635,0,0.71248,0.64853,42.749,1.297,-1,375.000,-1,375.000,-1,300.000,300.000,325.000,325.000,-1,-1,-1,-1,725.000,700.000,-1,-1,2,0,2,0,2,0,0,0,0,2,2,2,2,0,0,2,2
58,747.003,-4562.918,-74.497,129.817,-0.640750,-0.764721,-0.068127,0.767727,-0.637520,-0.064535,0.005919,-0.093654,0.995587,0,0.71248,0.64853,42.749,1.297,-1,375.000,-1,375.000,-1,300.000,300.000,325.000,325.000,-1,-1,-1,-1,700.000,675.000,-1,-1,2,0,2,0,2,0,0,0,0,2,2,2,2,0,0,2,2
59,718.893,-4530.713,-74.282,131.114,-0.657821,-0.750019,-0.068870,0.753165,-0.654601,-0.065118,0.003757,-0.094707,0.995498,0,0.71248,0.64853,42.749,1.297,-1,375.000,-1,375.000,-1,300.000,300.000,325.000,325.000,-1,-1,-1,-1,700.000,675.000,-1,-1,2,0,2,0,2,0,0,0,0,2,2,2,2,0,0,2,2
60,690.060,-4499.153,-74.079,132.411,-0.674567,-0.734909,-0.069773,0.738212,-0.671319,-0.066134,0.001763,-0.096119,0.995368,0,0.71248,0.64853,42.749,1.297,-1,375.000,-1,375.000,-1,300.000,300.000,325.000,325.000,-1,-1,-1,-1,700.000,675.000,-1,-1,2,0,2,0,2,0,0,0,0,2,2,2,2,0,0,2,2
61,660.521,-4468.254,-73.782,133.708,-0.690953,-0.719430,-0.070741,0.722900,-0.687692,-0.067050,-0.000410,-0.097467,0.995239,0,0.71248,0.64853,42.749,1.297,-1,375.000,-1,375.000,-1,300.000,300.000,325.000,325.000,-1,-1,-1,-1,700.000,675.000,-1,-1,2,0,2,0,2,0,0,0,0,2,2,2,2,0,0,2,2
62,630.290,-4438.031,-73.479,135.005,-0.706990,-0.703566,-0.071831,0.707219,-0.703688,-0.068301,-0.002492,-0.099088,0.995076,0,0.71248,0.64853,42.749,1.297,-1,375.000,-1,375.000,-1,300.000,300.000,325.000,325.000,-1,-1,-1,-1,700.000,700.000,-1,-1,2,0,2,0,2,0,0,0,0,2,2,2,2,0,0,2,2
63,599.382,-4408.501,-73.169,136.302,-0.722669,-0.687326,-0.073022,0.691179,-0.719296,-0.069887,-0.004489,-0.100976,0.994879,0,0.71248,0.64853,42.749,1.297,-1,375.000,-1,375.000,-1,300.000,300.000,325.000,350.000,-1,-1,-1,-1,700.000,700.000,-1,-1,2,0,2,0,2,0,0,0,0,2,2,2,2,0,0,2,2
64,567.814,-4379.678,-73.046,137.599,-0.738025,-0.670768,-0.073413,0.674748,-0.734560,-0.071676,-0.005849,-0.102434,0.994723,0,0.71248,0.64853,42.749,1.297,-1,375.000,-1,375.000,-1,300.000,300.000,325.000,350.000,-1,-1,-1,-1,700.000,725.000,-1,-1,2,0,2,0,2,0,0,0,0,2,2,2,2,0,0,2,2
65,535.603,-4351.576,-73.144,138.896,-0.753060,-0.653907,-0.072837,0.657919,-0.749485,-0.073577,-0.006478,-0.103329,0.994626,0,0.71248,0.64853,42.749,1.297,-1,375.000,-1,375.000,-1,300.000,300.000,325.000,350.000,-1,-1,-1,-1,700.000,750.000,-1,-1,2,0,2,0,2,0,0,0,0,2,2,2,2,0,0,2,2
66,502.654,-4324.123,-73.256,140.197,-0.767763,-0.636647,-0.072253,0.640695,-0.764052,-0.075720,-0.006998,-0.104427,0.994508,0,0.71480,0.65056,42.888,1.301,-1,375.000,-1,375.000,-1,300.000,300.000,325.000,350.000,-1,-1,-1,-1,700.000,775.000,-1,-1,2,0,2,0,2,0,0,0,0,2,2,2,2,0,0,2,2
67,468.922,-4297.298,-73.382,141.504,-0.782142,-0.618968,-0.071645,0.623056,-0.778268,-0.078101,-0.007417,-0.105725,0.994368,0,0.71832,0.65352,43.099,1.307,-1,375.000,-1,375.000,-1,300.000,300.000,300.000,350.000,-1,-1,-1,-1,700.000,800.000,-1,-1,2,0,2,0,2,0,0,0,0,2,2,2,2,0,0,2,2
68,430.884,-4268.189,-73.580,142.571,-0.793613,-0.604270,-0.070973,0.608380,-0.789533,-0.080698,-0.007272,-0.107221,0.994209,0,0.79832,0.53352,47.899,1.067,-1,375.000,-1,375.000,-1,300.000,300.000,300.000,350.000,-1,-1,-1,-1,700.000,825.000,-1,-1,2,0,2,0,2,0,0,0,0,2,2,2,2,0,0,2,2
69,388.579,-4236.767,-74.313,143.398,-0.802350,-0.592820,-0.069275,0.596816,-0.798185,-0.081918,-0.006732,-0.107071,0.994229,0,0.87832,0.41352,52.699,0.827,-1,375.000,-1,375.000,-1,300.000,300.000,300.000,350.000,-1,-1,-1,-1,725.000,850.000,-1,-1,2,0,2,0,2,0,0,0,0,2,2,2,2,0,0,2,2
70,342.732,-4203.439,-74.945,143.985,-0.808510,-0.584626,-0.067262,0.588458,-0.804238,-0.083179,-0.005466,-0.106832,0.994262,0,0.94469,0.29352,56.681,0.587,-1,375.000,-1,375.000,-1,300.000,300.000,300.000,350.000,-1,450.000,-1,-1,725.000,900.000,-1,-1,2,0,2,0,2,0,0,0,0,2,0,2,2,0,0,2,2
71,296.317,-4170.429,-75.486,144.580,-0.814644,-0.576245,-0.065551,0.579944,-0.810259,-0.084528,-0.004404,-0.106876,0.994263,0,0.94928,0.29735,56.957,0.595,-1,375.000,-1,375.000,-1,300.000,300.000,325.000,350.000,-1,450.000,500.000,-1,725.000,950.000,-1,-1,2,0,2,0,2,0,0,0,0,2,0,0,2,0,0,2,2
72,249.334,-4137.755,-75.937,145.183,-0.820758,-0.567664,-0.064141,0.571265,-0.816250,-0.085975,-0.003551,-0.107207,0.994230,0,0.95380,0.30154,57.228,0.603,975.000,375.000,-1,375.000,-1,300.000,300.000,325.000,325.000,-1,425.000,475.000,-1,750.000,-1,-1,-1,1,0,2,0,2,0,0,0,0,2,0,0,2,0,2,2,2
73,201.784,-4105.435,-76.295,145.795,-0.826848,-0.558881,-0.063037,0.562418,-0.822209,-0.087512,-0.002921,-0.107812,0.994167,0,0.95825,0.30583,57.495,0.612,925.000,375.000,-1,375.000,-1,300.000,300.000,325.000,325.000,-1,425.000,475.000,-1,750.000,-1,975.000,-1,1,0,2,0,2,0,0,0,0,2,0,0,2,0,2,1,2
74,153.669,-4073.487,-76.563,146.415,-0.832914,-0.549892,-0.062235,0.553396,-0.828132,-0.089158,-0.002512,-0.108702,0.994071,0,0.96262,0.31023,57.757,0.620,875.000,400.000,-1,400.000,-1,325.000,300.000,325.000,325.000,-1,425.000,475.000,-1,750.000,-1,925.000,-1,1,0,2,0,2,0,0,0,0,2,0,0,2,0,2,1,2
75,104.990,-4041.930,-76.753,147.045,-0.838956,-0.540687,-0.061731,0.544194,-0.834011,-0.090981,-0.002292,-0.109922,0.993938,0,0.96689,0.31476,58.013,0.630,825.000,400.000,-1,400.000,-1,325.000,300.000,325.000,325.000,-1,450.000,500.000,-1,775.000,-1,875.000,-1,1,0,2,0,2,0,0,0,0,2,0,0,2,0,2,1,2
76,55.751,-4010.785,-76.780,147.684,-0.844989,-0.531283,-0.061088,0.534780,-0.839875,-0.092842,-0.001981,-0.111119,0.993805,0,0.97105,0.31942,58.263,0.639,775.000,400.000,-1,425.000,-1,325.000,325.000,325.000,325.000,-1,450.000,525.000,-1,775.000,-1,825.000,-1,1,0,2,0,2,0,0,0,0,2,0,0,2,1,2,1,2
77,5.958,-3980.072,-76.940,148.332,-0.850956,-0.521697,-0.060878,0.525231,-0.845759,-0.093938,-0.002481,-0.111913,0.993715,0,0.97508,0.32422,58.505,0.648,750.000,400.000,-1,450.000,-1,325.000,325.000,325.000,350.000,-1,500.000,575.000,-1,725.000,-1,775.000,-1,1,0,2,0,2,0,0,0,0,2,0,0,2,1,2,1,2
78,-44.384,-3949.811,-77.735,148.990,-0.856766,-0.512010,-0.061620,0.515678,-0.851806,-0.092209,-0.005276,-0.110778,0.993831,0,0.97896,0.32919,58.738,0.658,675.000,400.000,-1,450.000,-1,325.000,325.000,325.000,350.000,-1,600.000,675.000,-1,675.000,-1,725.000,-1,1,0,2,0,2,0,0,0,0,2,0,0,2,1,2,1,2
79,-95.269,-3920.027,-78.670,149.659,-0.862570,-0.502104,-0.062166,0.505877,-0.857842,-0.090532,-0.007872,-0.109539,0.993951,0,0.98269,0.33432,58.961,0.669,625.000,400.000,-1,450.000,-1,325.000,325.000,325.000,375.000,-1,700.000,775.000,-1,650.000,-1,650.000,-1,1,0,2,0,2,0,0,0,0,2,0,0,2,1,2,1,2
80,-147.370,-3890.271,-79.853,150.271,-0.867800,-0.493014,-0.062135,0.496815,-0.863313,-0.088688,-0.009918,-0.107833,0.994120,0,1.00000,0.30573,60.000,0.611,575.000,375.000,-1,450.000,-1,325.000,325.000,325.000,375.000,-1,775.000,850.000,-1,600.000,-1,600.000,-1,1,0,2,0,2,0,0,0,0,2,0,0,2,1,2,1,2
81,-199.788,-3861.078,-81.270,150.887,-0.872923,-0.483823,-0.062624,0.487687,-0.868804,-0.085680,-0.012954,-0.105333,0.994353,0,1.00000,0.30837,60.000,0.617,525.000,375.000,-1,475.000,-1,300.000,325.000,300.000,375.000,-1,925.000,975.000,-1,550.000,-1,550.000,-1,1,0,2,0,2,0,0,0,0,2,0,0,2,1,2,1,2
82,-252.519,-3832.454,-82.790,151.509,-0.877945,-0.474515,-0.063621,0.478466,-0.874292,-0.081760,-0.016827,-0.102221,0.994619,0,1.00000,0.31107,60.000,0.622,475.000,375.000,-1,450.000,-1,300.000,325.000,325.000,375.000,-1,-1,-1,-1,500.000,-1,500.000,-1,1,0,2,0,2,0,0,0,0,2,2,2,2,1,2,1,2
83,-305.561,-3804.411,-84.346,152.137,-0.882899,-0.465048,-0.064961,0.469098,-0.879703,-0.077914,-0.020913,-0.099263,0.994841,0,1.00000,0.31386,60.000,0.628,425.000,375.000,-1,450.000,-1,300.000,325.000,325.000,375.000,-1,-1,-1,-1,450.000,-1,425.000,-1,1,0,2,0,2,0,0,0,0,2,2,2,2,1,2,1,2
84,-358.911,-3776.955,-85.940,152.771,-0.887779,-0.455420,-0.066638,0.459578,-0.885036,-0.074152,-0.025207,-0.096456,0.995018,0,1.00000,0.31676,60.000,0.634,375.000,350.000,-1,450.000,-1,300.000,350.000,325.000,375.000,-1,-1,-1,-1,400.000,-1,375.000,-1,1,1,2,0,2,0,0,0,0,2,2,2,2,1,2,1,2
85,-412.563,-3750.098,-87.571,153.410,-0.892584,-0.445626,-0.068642,0.449902,-0.890292,-0.070486,-0.029701,-0.093797,0.995148,0,1.00000,0.31978,60.000,0.640,325.000,300.000,-1,450.000,-1,300.000,350.000,300.000,375.000,-1,-1,-1,-1,375.000,-1,325.000,-1,1,1,2,0,2,0,0,0,0,2,2,2,2,1,2,1,2
86,-466.516,-3723.847,-89.239,154.056,-0.897308,-0.435664,-0.070965,0.440064,-0.895469,-0.066929,-0.034389,-0.091285,0.995231,0,1.00000,0.32295,60.000,0.646,250.000,275.000,-1,450.000,-1,275.000,325.000,300.000,375.000,-1,-1,-1,-1,325.000,-1,275.000,-1,1,1,2,1,2,1,1,0,0,2,2,2,2,1,2,1,2
87,-516.322,-3700.048,-90.768,154.462,-0.900130,-0.429401,-0.073350,0.433900,-0.898725,-0.063431,-0.038684,-0.088923,0.995287,0,0.92000,0.20295,55.200,0.406,200.000,225.000,-1,400.000,-1,250.000,300.000,300.000,375.000,-1,-1,-1,-1,275.000,-1,200.000,-1,1,1,2,1,2,1,1,0,0,2,2,2,2,1,2,1,2
88,-563.853,-3677.502,-92.634,154.628,-0.901247,-0.426947,-0.073961,0.431316,-0.900282,-0.058812,-0.041476,-0.084904,0.995525,0,0.87678,0.08295,52.607,0.166,175.000,200.000,-1,375.000,-1,225.000,275.000,325.000,350.000,-1,-1,-1,-1,250.000,-1,175.000,-1,1,1,2,1,2,1,1,0,0,2,2,2,2,1,2,1,2
89,-611.628,-3654.739,-89.732,154.554,-0.901975,-0.428899,-0.049858,0.430953,-0.901385,-0.042242,-0.026824,-0.059588,0.997863,0,0.88204,-0.03705,52.922,-0.074,150.000,200.000,-1,375.000,-1,200.000,275.000,375.000,350.000,-1,-1,-1,-1,225.000,-1,150.000,-1,1,1,2,1,2,1,1,0,0,2,2,2,2,1,2,1,2
90,-659.540,-3631.595,-85.236,154.240,-0.900522,-0.434438,-0.017968,0.434761,-0.900272,-0.022229,-0.006519,-0.027829,0.999591,0,0.88683,-0.15705,53.210,-0.314,150.000,200.000,-1,400.000,-1,200.000,275.000,450.000,325.000,-1,-1,400.000,-1,250.000,-1,150.000,-1,1,1,2,1,2,1,1,1,0,2,2,0,2,1,2,1,2
91,-707.471,-3607.915,-80.613,153.714,-0.896467,-0.442852,0.015106,0.442869,-0.896583,-0.002407,0.014610,0.004532,0.999883,0,0.89101,-0.26302,53.461,-0.526,125.000,200.000,-1,475.000,-1,225.000,300.000,450.000,300.000,-1,575.000,0.000,-1,250.000,-1,125.000,-1,1,1,2,1,2,1,1,1,0,2,0,0,2,1,2,1,2
92,-755.380,-3583.733,-76.161,153.204,-0.891386,-0.450481,0.049988,0.451761,-0.891965,0.017618,0.036651,0.038287,0.998594,0,0.89441,-0.25473,53.664,-0.509,125.000,225.000,-1,650.000,-1,225.000,325.000,450.000,275.000,-1,350.000,0.000,450.000,275.000,-1,125.000,-1,1,1,2,0,2,1,1,1,0,2,0,0,0,1,2,1,2
93,-803.235,-3559.082,-71.791,152.713,-0.885167,-0.457218,0.086199,0.461493,-0.886344,0.037654,0.059186,0.073110,0.995566,0,0.89714,-0.24554,53.828,-0.491,125.000,250.000,-1,750.000,-1,250.000,375.000,450.000,250.000,-1,250.000,0.000,275.000,325.000,-1,100.000,-1,1,1,2,0,2,1,1,1,0,2,0,0,0,1,2,1,2
94,-850.996,-3533.992,-65.200,152.242,-0.877309,-0.463400,0.124857,0.471739,-0.880497,0.046764,0.088266,0.099926,0.991072,0,0.89906,-0.23535,53.944,-0.471,100.000,275.000,-1,875.000,-1,300.000,475.000,450.000,250.000,-1,200.000,0.000,200.000,425.000,-1,100.000,-1,1,1,2,0,2,1,1,1,0,2,0,0,0,1,2,1,2
95,-9511.858,-6887.331,-206.571,99.439,-0.269622,-0.898024,0.347645,0.930074,-0.149301,0.335666,-0.249532,0.413838,0.875484,1,0.00000,0.00000,54.000,-0.448,-1,525.000,525.000,300.000,150.000,350.000,300.000,250.000,250.000,425.000,100.000,175.000,-1,625.000,375.000,850.000,200.000,2,1,1,0,0,1,1,1,0,1,1,1,2,1,1,1,0
96,-331.476,-3604.352,-73.838,136.479,-0.724354,-0.686455,-0.063957,0.689309,-0.722830,-0.048679,-0.012814,-0.079347,0.996765,1,0.08000,-0.12000,4.800,-0.240,400.000,425.000,-1,500.000,-1,350.000,375.000,325.000,350.000,-1,-1,-1,-1,625.000,-1,500.000,-1,1,0,2,0,2,0,0,0,0,2,2,2,2,1,2,1,2
97,-338.382,-3597.683,-74.095,135.999,-0.718506,-0.692476,-0.065009,0.695389,-0.717042,-0.047796,-0.013517,-0.079548,0.996739,0,0.16000,-0.24000,9.600,-0.480,400.000,425.000,-1,500.000,-1,350.000,375.000,325.000,350.000,-1,-1,-1,-1,625.000,-1,475.000,-1,1,1,2,0,2,0,0,0,0,2,2,2,2,1,2,1,2
98,-348.614,-3587.550,-74.462,135.279,-0.709637,-0.701415,-0.066574,0.704416,-0.708268,-0.046413,-0.014597,-0.079833,0.996701,0,0.24000,-0.36000,14.400,-0.720,375.000,425.000,-1,500.000,-1,350.000,375.000,325.000,350.000,-1,-1,-1,-1,625.000,-1,475.000,-1,1,1,2,0,2,0,0,0,0,2,2,2,2,1,2,1,2
99,-362.029,-3573.813,-74.913,134.319,-0.697629,-0.713164,-0.068633,0.716278,-0.696398,-0.044441,-0.016102,-0.080163,0.996652,0,0.32000,-0.48000,19.200,-0.960,375.000,425.000,-1,500.000,-1,350.000,350.000,300.000,350.000,-1,-1,-1,-1,650.000,-1,475.000,-1,1,1,2,0,2,0,0,0,0,2,2,2,2,1,2,1,2
100,-378.435,-3556.294,-75.408,133.119,-0.682330,-0.727575,-0.071143,0.730820,-0.681294,-0.041723,-0.018113,-0.080461,0.996593,0,0.40000,-0.60000,24.000,-1.200,350.000,425.000,-1,500.000,-1,350.000,350.000,300.000,350.000,-1,-1,-1,-1,675.000,-1,475.000,-1,1,1,2,0,2,0,0,0,0,2,2,2,2,1,2,1,2
101,-397.608,-3534.803,-75.936,131.736,-0.664313,-0.743775,-0.074081,0.747170,-0.663527,-0.038332,-0.020644,-0.080815,0.996515,0,0.48000,-0.69106,28.800,-1.382,350.000,400.000,-1,500.000,-1,350.000,350.000,300.000,350.000,-1,-1,-1,-1,775.000,-1,475.000,-1,1,1,2,0,2,0,0,0,0,2,2,2,2,1,2,1,2
102,-419.382,-3509.211,-76.856,130.393,-0.646467,-0.759196,-0.075506,0.762600,-0.645965,-0.034199,-0.022811,-0.079689,0.996559,0,0.56000,-0.67173,33.600,-1.343,350.000,400.000,-1,525.000,-1,350.000,350.000,300.000,350.000,-1,-1,-1,-1,850.000,-1,525.000,-1,1,1,2,0,2,0,0,0,0,2,2,2,2,0,2,1,2
103,-443.596,-3479.406,-77.974,129.093,-0.628852,-0.773775,-0.076274,0.777118,-0.628666,-0.029450,-0.025163,-0.077793,0.996652,0,0.64000,-0.65013,38.400,-1.300,325.000,400.000,-1,525.000,-1,350.000,350.000,300.000,350.000,-1,-1,-1,-1,850.000,-1,-1,-1,1,1,2,0,2,0,0,0,0,2,2,2,2,0,2,2,2
104,-470.097,-3445.288,-79.197,127.840,-0.611552,-0.787471,-0.076772,0.790710,-0.611714,-0.024140,-0.027953,-0.075468,0.996756,0,0.72000,-0.62615,43.200,-1.252,325.000,400.000,-1,525.000,-1,350.000,350.000,275.000,350.000,-1,-1,-1,-1,850.000,-1,-1,-1,1,1,2,0,2,0,0,0,0,2,2,2,2,0,2,2,2
105,-498.742,-3406.771,-80.520,126.641,-0.594681,-0.800266,-0.076997,0.803357,-0.595216,-0.018304,-0.031181,-0.072741,0.996863,0,0.80000,-0.59976,48.000,-1.200,325.000,400.000,-1,525.000,-1,325.000,375.000,275.000,350.000,-1,-1,-1,-1,875.000,-1,-1,-1,1,1,2,0,2,0,0,0,0,2,2,2,2,0,2,2,2
106,-527.583,-3366.332,-81.852,125.499,-0.578368,-0.812135,-0.076991,0.815043,-0.579269,-0.012340,-0.034576,-0.069888,0.996955,0,0.82783,-0.57092,49.670,-1.142,350.000,400.000,-1,525.000,-1,350.000,375.000,275.000,325.000,-1,-1,0.000,-1,875.000,-1,-1,-1,1,0,2,0,2,0,0,0,0,2,2,0,2,0,2,2,2
107,-555.162,-3326.071,-84.077,124.417,-0.562593,-0.823280,-0.075497,0.825729,-0.564063,-0.002218,-0.040759,-0.063588,0.997144,0,0.81331,-0.54118,48.799,-1.082,-1,400.000,-1,525.000,-1,350.000,375.000,250.000,325.000,-1,-1,-1,-1,850.000,-1,-1,-1,2,0,2,0,2,0,0,1,0,2,2,2,2,0,2,2,2
108,-581.489,-3286.121,-86.340,123.391,-0.547517,-0.833609,-0.072944,0.835465,-0.549478,0.008479,-0.047149,-0.056300,0.997300,0,0.79739,-0.51278,47.844,-1.026,-1,400.000,-1,500.000,-1,350.000,375.000,250.000,300.000,-1,-1,-1,-1,825.000,-1,-1,-1,2,0,2,0,2,0,0,1,0,2,2,2,2,0,2,2,2
109,-609.849,-3241.769,-87.896,122.606,-0.536207,-0.841566,-0.065175,0.842517,-0.538319,0.019441,-0.051446,-0.044486,0.997684,0,0.87739,-0.39278,52.644,-0.786,-1,425.000,-1,500.000,-1,350.000,375.000,225.000,300.000,-1,-1,-1,-1,850.000,-1,-1,-1,2,0,2,0,2,0,0,1,0,2,2,2,2,0,2,2,2
110,-637.826,-3197.090,-89.955,122.060,-0.528223,-0.846977,-0.060082,0.847153,-0.530484,0.030321,-0.057554,-0.034882,0.997733,0,0.87857,-0.27278,52.714,-0.546,-1,425.000,-1,475.000,-1,350.000,375.000,225.000,275.000,-1,-1,-1,-1,850.000,-1,-1,-1,2,0,2,0,2,0,0,1,0,2,2,2,2,0,2,2,2
111,-664.992,-3153.196,-93.440,121.754,-0.523600,-0.849886,-0.059476,0.849709,-0.526016,0.036084,-0.061953,-0.031643,0.997577,0,0.86033,-0.15278,51.620,-0.306,-1,425.000,-1,475.000,-1,350.000,375.000,225.000,300.000,-1,-1,-1,-1,825.000,-1,-1,-1,2,0,2,0,2,0,0,1,0,2,2,2,2,0,2,2,2
112,-691.560,-3110.159,-97.356,121.689,-0.522339,-0.850512,-0.061577,0.850059,-0.525058,0.041393,-0.067537,-0.030723,0.997244,0,0.84294,-0.03278,50.577,-0.066,-1,400.000,-1,475.000,-1,350.000,350.000,200.000,300.000,-1,-1,-1,-1,800.000,1000.000,-1,-1,2,0,2,0,2,0,0,1,0,2,2,2,2,0,0,2,2
113,-717.747,-3068.029,-101.487,121.863,-0.524572,-0.848920,-0.064490,0.848188,-0.527652,0.046493,-0.073497,-0.030311,0.996835,0,0.82674,0.08722,49.604,0.174,-1,400.000,-1,450.000,-1,325.000,350.000,200.000,300.000,-1,-1,-1,-1,750.000,950.000,-1,-1,2,0,2,0,2,0,0,1,0,2,2,2,2,0,0,2,2
114,-743.763,-3026.838,-105.431,122.278,-0.530473,-0.845122,-0.066092,0.844064,-0.533804,0.051086,-0.078455,-0.028686,0.996505,0,0.81197,0.20722,48.718,0.414,-1,400.000,-1,450.000,-1,325.000,350.000,200.000,325.000,-1,-1,-1,-1,725.000,900.000,-1,-1,2,0,2,0,2,0,0,1,0,2,2,2,2,0,0,2,2
115,-769.819,-2986.610,-109.220,122.932,-0.539888,-0.839013,-0.067667,0.837619,-0.543450,0.055284,-0.083158,-0.026832,0.996175,0,0.79881,0.32722,47.928,0.654,-1,375.000,-1,450.000,-1,325.000,350.000,200.000,325.000,-1,-1,-1,-1,700.000,850.000,-1,-1,2,0,2,0,2,0,0,1,0,2,2,2,2,0,0,2,2
116,-795.979,-2947.271,-112.893,123.624,-0.549793,-0.832428,-0.069220,0.830705,-0.553568,0.059087,-0.087504,-0.025016,0.995850,0,0.78736,0.34596,47.241,0.692,975.000,375.000,-1,425.000,-1,325.000,325.000,200.000,350.000,-1,-1,-1,-1,675.000,825.000,-1,-1,0,0,2,0,2,0,0,1,0,2,2,2,2,0,0,2,2
117,-822.242,-2908.790,-116.463,124.314,-0.559599,-0.825739,-0.070741,0.823698,-0.563572,0.062511,-0.091485,-0.023288,0.995534,0,0.77647,0.34486,46.588,0.690,925.000,375.000,-1,425.000,-1,300.000,325.000,200.000,350.000,-1,-1,-1,-1,650.000,800.000,1000.000,-1,0,0,2,0,2,0,0,1,0,2,2,2,2,0,0,0,2
118,-848.603,-2871.142,-119.930,125.000,-0.569289,-0.818959,-0.072220,0.816617,-0.573443,0.065569,-0.095112,-0.021648,0.995231,0,0.76598,0.34314,45.959,0.686,850.000,375.000,-1,400.000,-1,300.000,325.000,200.000,350.000,-1,-1,-1,-1,650.000,750.000,925.000,-1,0,0,2,0,2,0,0,1,0,2,2,2,2,0,0,0,2
119,-875.059,-2834.300,-123.312,125.682,-0.578851,-0.812106,-0.073595,0.809479,-0.583166,0.068273,-0.098363,-0.020054,0.994949,0,0.75594,0.34086,45.357,0.682,800.000,350.000,-1,400.000,-1,300.000,325.000,200.000,375.000,-1,-1,-1,-1,625.000,725.000,850.000,-1,0,0,2,0,2,0,0,1,0,2,2,2,2,0,0,0,2
120,-901.605,-2798.232,-127.825,126.358,-0.588884,-0.805251,-0.069185,0.802287,-0.592768,0.070435,-0.097728,-0.014028,0.995114,0,0.74640,0.33803,44.784,0.676,800.000,350.000,-1,400.000,-1,300.000,325.000,225.000,375.000,-1,-1,-1,-1,625.000,700.000,850.000,-1,0,0,2,0,2,0,0,1,0,2,2,2,2,0,0,0,2
121,-928.247,-2762.910,-132.182,127.027,-0.598712,-0.798322,-0.065014,0.795074,-0.602174,0.072416,-0.096961,-0.008334,0.995253,0,0.73739,0.33469,44.243,0.669,825.000,350.000,-1,375.000,-1,300.000,300.000,225.000,350.000,-1,-1,-1,-1,600.000,700.000,850.000,-1,0,0,2,0,2,0,0,1,0,2,2,2,2,0,0,0,2
122,-954.984,-2728.299,-136.387,127.689,-0.608322,-0.791338,-0.061070,0.787855,-0.611372,0.074219,-0.096069,-0.002965,0.995370,0,0.72893,0.33087,43.736,0.662,825.000,350.000,-1,375.000,-1,300.000,300.000,250.000,350.000,-1,-1,-1,-1,600.000,675.000,825.000,-1,0,0,2,0,2,0,0,1,0,2,2,2,2,0,0,0,2
123,-981.821,-2694.367,-139.964,128.342,-0.617750,-0.784315,-0.056880,0.780458,-0.620352,0.077772,-0.096283,0.003651,0.995347,0,0.72104,0.32660,43.262,0.653,825.000,350.000,-1,375.000,-1,300.000,300.000,275.000,350.000,-1,-1,-1,-1,600.000,650.000,825.000,-1,0,0,2,0,2,0,0,1,0,2,2,2,2,0,0,0,2
124,-1008.762,-2661.080,-143.052,128.986,-0.626954,-0.777260,-0.052877,0.773050,-0.629098,0.081417,-0.096547,0.010168,0.995276,0,0.71372,0.32191,42.823,0.644,850.000,350.000,-1,375.000,-1,300.000,300.000,300.000,350.000,-1,-1,-1,-1,600.000,625.000,825.000,-1,0,0,2,0,2,0,0,1,0,2,2,2,2,0,0,0,2
125,-1035.811,-2628.405,-146.308,129.620,-0.635876,-0.770206,-0.049436,0.765827,-0.637615,0.083403,-0.095759,0.015175,0.995289,0,0.70697,0.31682,42.418,0.634,875.000,350.000,-1,350.000,-1,300.000,300.000,325.000,350.000,-1,-1,-1,-1,575.000,625.000,825.000,-1,0,0,2,0,2,0,0,1,0,2,2,2,2,0,0,0,2
126,-1062.975,-2596.309,-149.732,130.242,-0.644505,-0.763186,-0.046488,0.758808,-0.645909,0.083739,-0.093935,0.018695,0.995403,0,0.70080,0.31134,42.048,0.623,875.000,350.000,-1,350.000,-1,300.000,300.000,325.000,350.000,-1,-1,-1,-1,575.000,600.000,825.000,-1,0,0,2,0,2,0,0,0,0,2,2,2,2,0,0,0,2
127,-1090.259,-2564.760,-153.327,130.853,-0.652834,-0.756224,-0.043969,0.752004,-0.653984,0.082430,-0.091090,0.020749,0.995626,0,0.69519,0.30551,41.711,0.611,875.000,350.000,-1,350.000,-1,300.000,300.000,325.000,350.000,-1,-1,250.000,-1,575.000,600.000,825.000,-1,0,0,2,0,2,0,0,0,0,2,2,0,2,0,0,0,2
128,-1117.670,-2533.726,-157.095,131.452,-0.660864,-0.749339,-0.041819,0.745419,-0.661842,0.079475,-0.087232,0.021350,0.995959,0,0.69013,0.29934,41.408,0.599,-1,350.000,-1,350.000,-1,300.000,300.000,325.000,350.000,-1,-1,250.000,-1,575.000,600.000,825.000,-1,2,0,2,0,2,0,0,0,0,2,2,0,2,0,0,0,2
129,-1145.216,-2503.174,-160.596,132.038,-0.668653,-0.742519,-0.039606,0.738842,-0.669453,0.077104,-0.083766,0.022293,0.996236,0,0.68560,0.29285,41.136,0.586,-1,350.000,-1,350.000,-1,300.000,300.000,325.000,350.000,-1,-1,250.000,-1,575.000,600.000,825.000,-1,2,0,2,0,2,0,0,0,0,2,2,0,2,0,0,0,2
130,-1172.902,-2473.076,-163.952,132.610,-0.676180,-0.735784,-0.037440,0.732344,-0.676821,0.074733,-0.080327,0.023114,0.996500,0,0.68160,0.28605,40.896,0.572,-1,350.000,-1,350.000,-1,300.000,300.000,325.000,350.000,700.000,275.000,250.000,-1,575.000,600.000,825.000,-1,2,0,2,0,2,0,0,0,0,1,0,0,2,0,0,0,2
131,-1200.737,-2443.402,-167.171,133.168,-0.683444,-0.729147,-0.035323,0.725941,-0.683943,0.072332,-0.076899,0.023792,0.996755,0,0.67811,0.27895,40.686,0.558,-1,350.000,-1,350.000,-1,300.000,300.000,325.000,350.000,650.000,275.000,250.000,-1,575.000,600.000,850.000,-1,2,0,2,0,2,0,0,0,0,1,0,0,2,0,0,0,2
132,-1228.728,-2414.124,-170.169,133.711,-0.690473,-0.722615,-0.032782,0.719647,-0.690809,0.069942,-0.073187,0.024701,0.997012,0,0.67511,0.27157,40.506,0.543,-1,350.000,-1,350.000,-1,300.000,300.000,325.000,350.000,625.000,275.000,250.000,-1,575.000,600.000,-1,-1,2,0,2,0,2,0,0,0,0,1,0,0,2,0,0,2,2
133,-1256.881,-2385.213,-172.835,134.239,-0.697291,-0.716192,-0.029231,0.713476,-0.697408,0.067632,-0.068823,0.026304,0.997282,0,0.67258,0.26392,40.355,0.528,-1,350.000,-1,350.000,-1,300.000,300.000,325.000,325.000,600.000,250.000,250.000,-1,575.000,600.000,-1,-1,2,0,2,0,2,0,0,0,0,1,0,0,2,0,0,2,2
134,-1285.204,-2356.643,-175.383,134.751,-0.703828,-0.709904,-0.025765,0.707437,-0.703752,0.065308,-0.064495,0.027739,0.997532,0,0.67051,0.25599,40.231,0.512,-1,350.000,-1,350.000,-1,300.000,300.000,325.000,325.000,600.000,250.000,250.000,-1,575.000,600.000,-1,-1,2,0,2,0,2,0,0,0,0,1,0,0,2,0,0,2,2
135,-1313.705,-2328.387,-177.790,135.246,-0.710088,-0.703762,-0.022246,0.701542,-0.709839,0.062984,-0.060117,0.029117,0.997767,0,0.66889,0.24781,40.134,0.496,-1,350.000,-1,350.000,-1,300.000,300.000,325.000,325.000,600.000,250.000,250.000,-1,600.000,600.000,-1,-1,2,0,2,0,2,0,0,0,0,1,0,0,2,0,0,2,2
