timestep,x_cm,y_cm,z_cm,yaw_deg,basis_xx,basis_xy,basis_xz,basis_yx,basis_yy,basis_yz,basis_zx,basis_zy,basis_zz,teleport_flag,throttle_cmd,steering_cmd,cmd_move_cm,cmd_turn_deg,lidar_cm_0,lidar_cm_1,lidar_cm_2,lidar_cm_3,lidar_cm_4,lidar_cm_5,lidar_cm_6,lidar_cm_7,lidar_cm_8,lidar_cm_9,lidar_cm_10,lidar_cm_11,lidar_cm_12,lidar_cm_13,lidar_cm_14,lidar_cm_15,lidar_cm_16,lidar_class_0,lidar_class_1,lidar_class_2,lidar_class_3,lidar_class_4,lidar_class_5,lidar_class_6,lidar_class_7,lidar_class_8,lidar_class_9,lidar_class_10,lidar_class_11,lidar_class_12,lidar_class_13,lidar_class_14,lidar_class_15,lidar_class_16
0,-979.213,-6230.296,-359.316,11.303,0.980787,-0.194327,0.017162,0.190248,0.972235,0.136251,-0.043163,-0.130368,0.990526,1,0.08000,-0.12000,4.800,-0.240,-1,425.000,-1,375.000,-1,325.000,325.000,300.000,300.000,625.000,-1,-1,-1,825.000,700.000,-1,-1,2,0,2,0,2,0,0,0,0,1,2,2,2,0,0,2,2
1,-969.783,-6228.492,-359.702,10.823,0.982370,-0.186156,0.017168,0.182130,0.973729,0.136676,-0.042160,-0.131140,0.990467,0,0.16000,-0.24000,9.600,-0.480,-1,425.000,-1,375.000,-1,325.000,325.000,300.000,300.000,650.000,-1,-1,-1,825.000,700.000,-1,-1,2,0,2,0,2,0,0,0,0,1,2,2,2,0,0,2,2
2,-955.605,-6225.965,-360.261,10.103,0.984617,-0.173879,0.017166,0.169935,0.975841,0.137319,-0.040628,-0.132290,0.990378,0,0.24000,-0.36000,14.400,-0.720,-1,425.000,-1,375.000,-1,325.000,325.000,300.000,300.000,650.000,-1,-1,-1,800.000,700.000,-1,-1,2,0,2,0,2,0,0,0,0,1,2,2,2,0,0,2,2
3,-936.647,-6222.911,-360.969,9.143,0.987375,-0.157472,0.017142,0.153645,0.978416,0.138184,-0.038532,-0.133806,0.990258,0,0.32000,-0.48000,19.200,-0.960,-1,400.000,-1,375.000,-1,325.000,325.000,300.000,300.000,675.000,-1,-1,-1,800.000,700.000,-1,-1,2,0,2,0,2,0,0,0,0,1,2,2,2,0,0,2,2
4,-912.876,-6219.592,-361.796,7.943,0.990436,-0.136912,0.017081,0.133240,0.981248,0.139278,-0.035829,-0.135670,0.990106,0,0.40000,-0.60000,24.000,-1.200,-1,400.000,-1,375.000,-1,325.000,325.000,300.000,300.000,700.000,-1,-1,-1,800.000,700.000,-1,1000.000,2,0,2,0,2,0,0,0,0,1,2,2,2,0,0,2,1
5,-884.269,-6216.238,-362.719,6.682,0.993192,-0.115244,0.016970,0.111744,0.983739,0.140611,-0.032899,-0.137757,0.989920,0,0.48000,-0.63072,28.800,-1.261,-1,400.000,-1,375.000,-1,325.000,325.000,300.000,300.000,750.000,-1,-1,-1,775.000,700.000,-1,1000.000,2,0,2,0,2,0,0,0,0,1,2,2,2,0,0,2,1
6,-850.817,-6213.058,-363.713,5.425,0.995468,-0.093605,0.016800,0.090288,0.985713,0.142187,-0.029869,-0.140025,0.989697,0,0.56000,-0.62852,33.600,-1.257,-1,400.000,-1,375.000,-1,325.000,300.000,300.000,300.000,800.000,-1,-1,-1,775.000,700.000,-1,975.000,2,0,2,0,2,0,0,0,0,1,2,2,2,0,0,2,1
7,-812.517,-6210.261,-364.750,4.173,0.997266,-0.072022,0.016561,0.068902,0.987175,0.144008,-0.026720,-0.142473,0.989438,0,0.64000,-0.62594,38.400,-1.252,-1,400.000,975.000,375.000,-1,325.000,300.000,300.000,300.000,850.000,800.000,-1,-1,775.000,700.000,-1,925.000,2,0,1,0,2,0,0,0,0,1,1,2,2,0,0,2,1
8,-769.370,-6208.051,-365.800,2.927,0.998591,-0.050522,0.016245,0.047616,0.988127,0.146075,-0.023432,-0.145096,0.989140,0,0.72000,-0.62292,43.200,-1.246,-1,400.000,925.000,375.000,1000.000,325.000,300.000,300.000,300.000,900.000,700.000,-1,-1,750.000,700.000,-1,900.000,2,0,1,0,1,0,0,0,0,1,1,2,2,0,0,2,1
9,-721.389,-6206.633,-366.831,1.688,0.999450,-0.029136,0.015844,0.026467,0.988575,0.148388,-0.019987,-0.147887,0.988802,0,0.80000,-0.61937,48.000,-1.239,-1,400.000,875.000,375.000,950.000,325.000,300.000,300.000,300.000,950.000,700.000,-1,-1,750.000,700.000,-1,875.000,2,0,1,0,1,0,0,0,0,1,1,2,2,0,0,2,1
10,-672.370,-6206.237,-367.737,0.458,0.999850,-0.007898,0.015388,0.005489,0.988555,0.150763,-0.016403,-0.150656,0.988450,0,0.81696,-0.61520,49.017,-1.230,-1,400.000,825.000,375.000,925.000,325.000,300.000,300.000,300.000,-1,700.000,-1,-1,750.000,700.000,-1,825.000,2,0,1,0,1,0,0,0,0,2,1,2,2,1,0,2,1
11,-623.508,-6206.886,-368.160,-0.764,0.999806,0.013171,0.014614,-0.015243,0.988238,0.152160,-0.012438,-0.152353,0.988248,0,0.81437,-0.61068,48.862,-1.221,-1,375.000,775.000,375.000,875.000,300.000,300.000,300.000,300.000,-1,725.000,-1,-1,700.000,700.000,925.000,775.000,2,0,1,0,1,0,0,0,0,2,1,2,2,1,1,1,1
12,-571.724,-6208.676,-368.284,-1.980,0.999327,0.034147,0.013398,-0.035798,0.987557,0.153132,-0.008002,-0.153509,0.988115,0,0.86354,-0.60839,51.812,-1.217,-1,375.000,700.000,375.000,850.000,300.000,300.000,325.000,300.000,-1,725.000,950.000,-1,650.000,650.000,825.000,750.000,2,0,1,0,1,0,0,0,0,2,0,1,2,1,1,1,1
13,-520.156,-6211.554,-368.247,-3.194,0.998409,0.055053,0.012161,-0.056271,0.986444,0.154147,-0.003509,-0.154586,0.987973,0,0.86075,-0.60700,51.645,-1.214,-1,375.000,650.000,375.000,800.000,325.000,300.000,325.000,300.000,-1,650.000,900.000,-1,600.000,625.000,750.000,700.000,2,0,1,0,1,0,0,0,0,2,0,1,2,1,1,1,1
14,-468.824,-6215.508,-368.050,-4.405,0.997058,0.075870,0.010915,-0.076644,0.984905,0.155200,0.001025,-0.155580,0.987823,0,0.85801,-0.60530,51.481,-1.211,-1,375.000,625.000,375.000,750.000,325.000,300.000,325.000,300.000,-1,600.000,900.000,-1,550.000,575.000,675.000,650.000,2,0,1,0,1,0,0,0,0,2,0,1,2,1,1,1,1
15,-417.747,-6220.526,-367.688,-5.612,0.995278,0.096578,0.009674,-0.096901,0.982947,0.156289,0.005585,-0.156488,0.987664,0,0.85533,-0.60328,51.320,-1.207,-1,375.000,575.000,375.000,725.000,325.000,300.000,325.000,300.000,-1,575.000,850.000,-1,500.000,525.000,600.000,625.000,2,0,1,0,1,0,0,0,0,2,0,0,2,1,1,1,1
16,-366.942,-6226.597,-367.161,-6.813,0.993077,0.117160,0.008450,-0.117024,0.980576,0.157407,0.010156,-0.157306,0.987498,0,0.85272,-0.60096,51.163,-1.202,700.000,375.000,525.000,375.000,675.000,325.000,325.000,325.000,300.000,-1,550.000,775.000,-1,450.000,500.000,525.000,575.000,1,0,1,0,1,0,0,0,0,2,0,0,2,1,1,1,1
17,-316.427,-6233.706,-366.466,-8.010,0.990462,0.137597,0.007253,-0.136999,0.977800,0.158549,0.014724,-0.158031,0.987324,0,0.85016,-0.59833,51.010,-1.197,550.000,375.000,475.000,375.000,625.000,325.000,325.000,325.000,300.000,-1,525.000,700.000,-1,400.000,450.000,475.000,525.000,1,1,1,0,1,0,0,0,0,2,0,0,2,1,1,1,1
18,-261.297,-6242.405,-365.555,-8.967,0.988071,0.153884,0.006014,-0.152859,0.975243,0.159796,0.018724,-0.158809,0.987132,0,0.93016,-0.47833,55.810,-0.957,450.000,325.000,425.000,375.000,575.000,300.000,325.000,325.000,300.000,-1,525.000,675.000,-1,350.000,400.000,400.000,475.000,1,1,1,1,1,1,1,0,0,2,0,0,2,1,1,1,1
19,-204.841,-6252.175,-364.473,-9.818,0.985717,0.168340,0.004810,-0.166908,0.972728,0.161068,0.022435,-0.159570,0.986932,0,0.95488,-0.42580,57.293,-0.852,375.000,275.000,375.000,325.000,500.000,250.000,275.000,325.000,300.000,-1,525.000,650.000,-1,300.000,350.000,325.000,425.000,1,1,1,1,1,1,1,0,0,2,0,0,2,1,1,1,1
20,-148.204,-6262.826,-363.235,-10.651,0.983211,0.182433,0.003667,-0.180600,0.970067,0.162339,0.026058,-0.160276,0.986728,0,0.96046,-0.41621,57.628,-0.832,300.000,225.000,300.000,275.000,450.000,225.000,250.000,300.000,300.000,-1,525.000,625.000,-1,250.000,300.000,275.000,375.000,1,1,1,1,1,1,1,0,0,2,0,0,2,1,1,1,1
21,-91.390,-6274.347,-361.839,-11.462,0.980574,0.196133,0.002596,-0.193907,0.967282,0.163600,0.029577,-0.160925,0.986523,0,0.96613,-0.40575,57.968,-0.812,225.000,175.000,250.000,225.000,375.000,175.000,200.000,300.000,300.000,-1,500.000,625.000,-1,200.000,250.000,200.000,325.000,1,1,1,1,1,1,1,0,0,2,0,0,2,1,1,1,1
22,-34.409,-6286.742,-357.744,-12.251,0.977729,0.209746,-0.007269,-0.206055,0.965948,0.156478,0.039842,-0.151495,0.987655,0,0.97185,-0.39437,58.311,-0.789,175.000,150.000,200.000,200.000,325.000,150.000,175.000,325.000,300.000,-1,425.000,425.000,-1,150.000,225.000,150.000,275.000,1,1,1,1,1,1,1,0,0,2,0,0,2,1,1,1,1
23,22.728,-6300.032,-344.126,-13.015,0.973048,0.223969,-0.054919,-0.216265,0.968956,0.119803,0.080046,-0.104697,0.991278,0,0.97757,-0.38200,58.654,-0.764,175.000,125.000,200.000,175.000,275.000,125.000,150.000,475.000,275.000,-1,250.000,125.000,925.000,150.000,200.000,150.000,225.000,1,1,1,1,1,1,1,0,0,2,0,0,1,1,1,1,1
24,2295.669,9510.975,160.550,127.812,-0.624296,-0.780280,-0.037649,0.769135,-0.605517,-0.204406,0.136697,-0.156567,0.978162,1,0.00000,0.00000,58.993,-0.737,-1,325.000,-1,250.000,200.000,250.000,225.000,275.000,725.000,300.000,25.000,125.000,550.000,525.000,350.000,-1,200.000,2,1,2,1,1,1,1,0,1,0,0,0,1,1,1,2,1
25,-3612.312,8854.039,116.915,-168.185,-0.978934,0.203722,0.013591,-0.204054,-0.973891,-0.099492,-0.007032,-0.100170,0.994945,1,0.08000,-0.12000,4.800,-0.240,-1,425.000,-1,375.000,-1,325.000,325.000,300.000,300.000,-1,-1,-1,775.000,900.000,750.000,-1,-1,2,0,2,0,2,0,0,0,0,2,2,2,1,0,0,2,2
26,-3621.725,8852.151,116.863,-168.665,-0.980601,0.195547,0.013511,-0.195910,-0.975518,-0.099922,-0.006360,-0.100631,0.994904,0,0.16000,-0.24000,9.600,-0.480,-1,425.000,-1,375.000,-1,325.000,325.000,300.000,300.000,-1,-1,-1,775.000,900.000,750.000,-1,-1,2,0,2,0,2,0,0,0,0,2,2,2,1,0,0,2,2
27,-3635.880,8849.498,116.802,-169.385,-0.982973,0.183260,0.013391,-0.183672,-0.977831,-0.100558,-0.005334,-0.101305,0.994841,0,0.24000,-0.36000,14.400,-0.720,-1,425.000,-1,375.000,-1,325.000,325.000,325.000,300.000,-1,-1,-1,800.000,900.000,750.000,-1,-1,2,0,2,0,2,0,0,0,0,2,2,2,1,0,0,2,2
28,-3654.809,8846.277,116.750,-170.345,-0.985896,0.166837,0.013233,-0.167315,-0.980677,-0.101387,-0.003938,-0.102171,0.994759,0,0.32000,-0.48000,19.200,-0.960,-1,425.000,-1,375.000,-1,325.000,300.000,325.000,300.000,-1,-1,-1,825.000,900.000,750.000,-1,-1,2,0,2,0,2,0,0,0,0,2,2,2,1,0,0,2,2
29,-3678.549,8842.747,116.731,-171.545,-0.989162,0.146247,0.013041,-0.146812,-0.983850,-0.102396,-0.002145,-0.103201,0.994658,0,0.40000,-0.60000,24.000,-1.200,-1,425.000,-1,375.000,-1,325.000,300.000,325.000,300.000,-1,-1,-1,850.000,900.000,750.000,-1,-1,2,0,2,0,2,0,0,0,0,2,2,2,1,0,0,2,2
30,-3707.135,8839.229,116.777,-172.985,-0.992513,0.121462,0.012819,-0.122136,-0.987095,-0.103564,0.000075,-0.104354,0.994540,0,0.48000,-0.72000,28.800,-1.440,-1,400.000,-1,375.000,-1,325.000,300.000,325.000,325.000,-1,-1,-1,925.000,875.000,750.000,-1,-1,2,0,2,0,2,0,0,0,0,2,2,2,1,0,0,2,2
31,-3740.582,8836.010,116.915,-174.505,-0.995376,0.095227,0.012581,-0.096023,-0.989839,-0.104874,0.002467,-0.105597,0.994406,0,0.56000,-0.75988,33.600,-1.520,-1,400.000,-1,375.000,-1,325.000,300.000,325.000,325.000,-1,-1,-1,-1,875.000,750.000,-1,-1,2,0,2,0,2,0,0,0,0,2,2,2,2,0,0,2,2
32,-3778.892,8833.345,117.170,-176.023,-0.997543,0.068966,0.012338,-0.069889,-0.991874,-0.106309,0.004906,-0.106910,0.994257,0,0.64000,-0.75889,38.400,-1.518,-1,400.000,-1,375.000,-1,325.000,300.000,325.000,325.000,-1,-1,-1,-1,875.000,750.000,-1,-1,2,0,2,0,2,0,0,0,0,2,2,2,2,0,0,2,2
33,-3822.054,8831.488,117.569,-177.538,-0.999015,0.042703,0.012099,-0.043761,-0.993203,-0.107853,0.007411,-0.108276,0.994093,0,0.72000,-0.75776,43.200,-1.516,-1,400.000,-1,375.000,-1,325.000,300.000,325.000,325.000,-1,-1,-1,-1,850.000,750.000,-1,1000.000,2,0,2,0,2,0,0,0,0,2,2,2,2,0,0,2,1
34,-3870.045,8830.493,118.116,-178.814,-0.999718,0.020580,0.011880,-0.021758,-0.993748,-0.109503,0.009552,-0.109730,0.993915,0,0.80000,-0.63776,48.000,-1.276,-1,400.000,-1,375.000,1000.000,325.000,300.000,325.000,325.000,-1,-1,-1,-1,850.000,750.000,-1,950.000,2,0,2,0,1,0,0,0,0,2,2,2,2,0,0,2,1
35,-3920.152,8830.359,118.778,-179.849,-0.999928,0.002617,0.011691,-0.003901,-0.993794,-0.111169,0.011328,-0.111207,0.993733,0,0.83510,-0.51776,50.106,-1.036,-1,400.000,-1,375.000,950.000,325.000,300.000,325.000,325.000,-1,-1,-1,-1,850.000,750.000,-1,925.000,2,0,2,0,1,0,0,0,0,2,2,2,2,0,1,2,1
36,-3970.159,8831.098,119.397,-180.847,-0.999827,-0.014695,0.011360,0.013324,-0.993557,-0.112547,0.012941,-0.112376,0.993581,0,0.83352,-0.49911,50.011,-0.998,-1,400.000,-1,375.000,925.000,325.000,325.000,325.000,325.000,-1,-1,-1,-1,850.000,725.000,-1,875.000,2,0,2,0,1,0,0,0,0,2,2,2,2,0,1,2,1
37,-4020.055,8832.701,120.046,-181.842,-0.999431,-0.031934,0.010902,0.030489,-0.993045,-0.113721,0.014458,-0.113324,0.993453,0,0.83201,-0.49725,49.920,-0.995,-1,400.000,-1,375.000,875.000,325.000,325.000,325.000,325.000,-1,-1,-1,-1,825.000,700.000,-1,825.000,2,0,2,0,1,0,0,0,0,2,2,2,2,0,1,2,1
38,-4069.834,8835.163,120.792,-182.832,-0.998739,-0.049091,0.010474,0.047567,-0.992247,-0.114822,0.016029,-0.114180,0.993331,0,0.83063,-0.49525,49.838,-0.991,-1,400.000,-1,375.000,825.000,325.000,325.000,325.000,325.000,-1,-1,-1,-1,825.000,650.000,-1,775.000,2,0,2,0,1,0,0,0,0,2,2,2,2,0,1,2,1
39,-4119.488,8838.477,121.637,-183.819,-0.997758,-0.066157,0.010076,0.064550,-0.991167,-0.115851,0.017651,-0.114941,0.993216,0,0.82939,-0.49312,49.764,-0.986,-1,400.000,-1,375.000,800.000,325.000,325.000,325.000,325.000,-1,-1,-1,-1,825.000,625.000,-1,750.000,2,0,2,0,1,0,0,0,0,2,2,2,2,0,1,2,1
40,-4169.013,8842.636,122.585,-184.800,-0.996492,-0.083123,0.009707,0.081428,-0.989811,-0.116806,0.019318,-0.115606,0.993107,0,0.82830,-0.49087,49.698,-0.982,-1,400.000,-1,375.000,750.000,325.000,325.000,325.000,325.000,-1,-1,-1,-1,825.000,600.000,-1,700.000,2,0,2,0,1,0,0,0,0,2,2,2,2,0,1,2,1
41,-4218.403,8847.632,123.636,-185.777,-0.994945,-0.099981,0.009369,0.098193,-0.988184,-0.117688,0.021025,-0.116173,0.993006,0,0.82734,-0.48849,49.641,-0.977,-1,400.000,-1,375.000,700.000,325.000,325.000,325.000,325.000,-1,-1,-1,-1,825.000,575.000,-1,650.000,2,0,2,0,1,0,0,0,0,2,2,2,2,0,1,2,1
42,-4267.652,8853.461,124.795,-186.749,-0.993123,-0.116723,0.009062,0.114839,-0.986291,-0.118496,0.022769,-0.116641,0.992913,0,0.82653,-0.48599,49.592,-0.972,-1,400.000,-1,375.000,650.000,300.000,325.000,325.000,325.000,-1,-1,-1,-1,825.000,550.000,-1,600.000,2,0,2,0,1,0,0,0,0,2,2,2,2,0,1,2,1
43,-4321.574,8860.605,126.161,-187.548,-0.991416,-0.130450,0.008747,0.128488,-0.984508,-0.119312,0.024176,-0.117164,0.992818,0,0.90653,-0.39929,54.392,-0.799,-1,400.000,-1,375.000,600.000,300.000,325.000,325.000,325.000,-1,-1,-1,-1,825.000,500.000,-1,550.000,2,0,2,1,1,1,1,0,0,2,2,2,2,0,1,2,1
44,-4378.315,8868.934,127.714,-188.351,-0.989509,-0.144227,0.008440,0.142185,-0.982527,-0.120098,0.025614,-0.117638,0.992726,0,0.95579,-0.40151,57.348,-0.803,-1,400.000,-1,350.000,550.000,300.000,300.000,325.000,325.000,-1,-1,-1,-1,825.000,475.000,-1,500.000,2,0,2,1,1,1,1,0,0,2,2,2,2,0,1,2,1
45,-4435.329,8878.126,129.396,-189.159,-0.987396,-0.158059,0.008155,0.155934,-0.980351,-0.120813,0.027091,-0.118019,0.992642,0,0.96248,-0.40396,57.749,-0.808,-1,400.000,-1,325.000,500.000,300.000,300.000,325.000,325.000,-1,-1,-1,-1,825.000,425.000,-1,450.000,2,0,2,1,1,1,1,0,0,2,2,2,2,0,1,2,1
46,-4492.603,8888.196,131.214,-189.972,-0.985074,-0.171948,0.007893,0.169736,-0.977977,-0.121455,0.028603,-0.118303,0.992566,0,0.96919,-0.40650,58.152,-0.813,-1,400.000,-1,300.000,425.000,300.000,275.000,325.000,325.000,-1,-1,-1,-1,825.000,400.000,-1,400.000,2,0,2,1,1,1,1,0,0,2,2,2,2,0,1,2,1
47,-4551.591,8899.176,133.166,-190.545,-0.983322,-0.181710,0.007652,0.179436,-0.976159,-0.122136,0.029663,-0.118726,0.992484,0,1.00000,-0.28650,60.000,-0.573,-1,400.000,925.000,275.000,375.000,300.000,250.000,325.000,325.000,-1,-1,-1,-1,825.000,350.000,-1,325.000,2,0,1,1,1,1,1,0,0,2,2,2,2,0,1,2,1
48,-4610.513,8910.498,135.028,-190.878,-0.982268,-0.187355,0.006946,0.185087,-0.974951,-0.123343,0.029881,-0.119870,0.992340,0,1.00000,-0.16650,60.000,-0.333,-1,400.000,775.000,250.000,300.000,275.000,225.000,325.000,325.000,-1,-1,-1,-1,825.000,325.000,-1,275.000,2,0,1,1,1,1,1,0,0,2,2,2,2,0,1,2,1
49,-4669.419,8921.907,138.623,-190.971,-0.981966,-0.188758,0.010632,0.185747,-0.973722,-0.131769,0.035225,-0.127418,0.991223,0,1.00000,-0.04650,60.000,-0.093,-1,400.000,875.000,225.000,250.000,275.000,225.000,325.000,325.000,-1,-1,-1,-1,850.000,300.000,-1,225.000,2,0,1,1,1,1,1,0,0,2,2,2,2,0,1,2,1
50,-4728.358,8933.149,145.433,-190.824,-0.982359,-0.185753,0.021583,0.180338,-0.971556,-0.153483,0.049480,-0.146883,0.987916,0,1.00000,0.07350,60.000,0.147,-1,450.000,-1,225.000,225.000,275.000,225.000,300.000,375.000,-1,275.000,450.000,-1,950.000,300.000,-1,225.000,2,0,2,1,1,1,1,0,1,2,0,0,2,0,1,2,1
51,-4787.373,8943.986,152.564,-190.437,-0.983354,-0.178583,0.033518,0.170056,-0.969511,-0.176433,0.064004,-0.167796,0.983742,0,1.00000,0.19350,60.000,0.387,-1,500.000,-1,225.000,225.000,300.000,225.000,300.000,425.000,-1,100.000,275.000,-1,-1,300.000,-1,200.000,2,0,2,1,1,1,1,0,1,2,0,0,2,2,1,2,1
52,-4846.475,8954.335,159.906,-189.970,-0.984359,-0.169983,0.046290,0.157575,-0.967011,-0.200152,0.078785,-0.189727,0.978671,0,1.00000,0.23357,60.000,0.467,-1,525.000,-1,225.000,200.000,300.000,225.000,275.000,450.000,750.000,50.000,225.000,-1,-1,300.000,-1,200.000,2,0,2,1,1,1,1,0,1,0,0,0,2,2,1,2,1
53,-4905.658,8964.215,167.412,-189.521,-0.985042,-0.161637,0.059708,0.144532,-0.963710,-0.224440,0.093819,-0.212454,0.972657,0,1.00000,0.22423,60.000,0.448,-1,575.000,-1,225.000,175.000,325.000,225.000,275.000,475.000,525.000,0.000,200.000,-1,-1,300.000,-1,175.000,2,0,2,1,1,1,1,0,1,0,0,0,2,2,1,2,1
54,6231.357,7543.217,91.822,-164.925,-0.965565,0.260006,0.009058,-0.260144,-0.965333,-0.021380,0.003185,-0.023001,0.999730,1,0.00000,0.00000,60.000,0.428,-1,375.000,-1,325.000,-1,300.000,300.000,300.000,275.000,350.000,-1,-1,-1,750.000,600.000,-1,-1,2,0,2,0,2,0,0,1,0,1,2,2,2,0,0,2,2
55,6226.727,7541.949,91.866,-164.685,-0.964464,0.264043,0.009481,-0.264192,-0.964221,-0.021896,0.003360,-0.023622,0.999715,0,0.08000,0.12000,4.800,0.240,-1,375.000,-1,325.000,-1,300.000,300.000,300.000,275.000,350.000,-1,-1,-1,750.000,600.000,-1,-1,2,0,2,0,2,0,0,1,0,1,2,2,2,0,0,2,2
56,6217.490,7539.336,91.954,-164.205,-0.962213,0.272104,0.010318,-0.272274,-0.961947,-0.022905,0.003693,-0.024848,0.999684,0,0.16000,0.24000,9.600,0.480,-1,400.000,-1,325.000,-1,300.000,300.000,300.000,275.000,350.000,-1,-1,-1,750.000,600.000,-1,-1,2,0,2,0,2,0,0,1,0,1,2,2,2,0,0,2,2
57,6203.684,7535.242,92.084,-163.485,-0.958708,0.284157,0.011562,-0.284362,-0.958407,-0.024368,0.004157,-0.026650,0.999636,0,0.24000,0.36000,14.400,0.720,-1,400.000,-1,350.000,-1,300.000,300.000,300.000,275.000,350.000,-1,-1,-1,775.000,625.000,-1,-1,2,0,2,0,2,0,0,1,0,1,2,2,2,0,0,2,2
58,6185.370,7529.476,92.254,-162.525,-0.953799,0.300155,0.013205,-0.300408,-0.953450,-0.026234,0.004716,-0.028989,0.999569,0,0.32000,0.48000,19.200,0.960,-1,400.000,-1,350.000,-1,300.000,300.000,300.000,300.000,350.000,-1,-1,-1,775.000,625.000,-1,-1,2,0,2,0,2,0,0,1,0,1,2,2,2,0,0,2,2
59,6163.195,7521.980,92.448,-161.325,-0.947285,0.320029,0.015209,-0.320347,-0.946874,-0.028423,0.005305,-0.031796,0.999480,0,0.39014,0.60000,23.408,1.200,-1,400.000,-1,350.000,-1,300.000,300.000,325.000,300.000,375.000,-1,-1,-1,775.000,625.000,-1,-1,2,0,2,0,2,0,0,1,0,1,2,2,2,0,0,2,2
60,6141.123,7513.895,92.582,-159.885,-0.938923,0.343689,0.017363,-0.344079,-0.938437,-0.030741,0.005729,-0.034838,0.999377,0,0.39177,0.72000,23.506,1.440,-1,400.000,-1,350.000,-1,300.000,300.000,325.000,300.000,375.000,-1,-1,-1,800.000,650.000,-1,-1,2,0,2,0,2,0,0,1,0,1,2,2,2,0,0,2,2
61,6119.129,7505.099,92.659,-158.205,-0.928421,0.371010,0.019668,-0.371483,-0.927848,-0.033132,0.005957,-0.038067,0.999257,0,0.39479,0.84000,23.688,1.680,-1,400.000,-1,350.000,-1,325.000,300.000,325.000,300.000,375.000,-1,-1,-1,800.000,675.000,-1,-1,2,0,2,0,2,0,0,1,0,1,2,2,2,0,0,2,2
62,6097.177,7495.531,92.715,-156.453,-0.916616,0.399161,0.022016,-0.399722,-0.915953,-0.035395,0.006037,-0.041244,0.999131,0,0.39912,0.87625,23.947,1.753,-1,400.000,-1,375.000,-1,325.000,300.000,325.000,300.000,400.000,-1,-1,-1,825.000,675.000,-1,-1,2,0,2,0,2,0,0,1,0,1,2,2,2,0,0,2,2
63,6075.274,7485.181,92.762,-154.710,-0.904028,0.426780,0.024351,-0.427431,-0.903271,-0.037463,0.006008,-0.044276,0.999001,0,0.40377,0.87144,24.226,1.743,-1,400.000,-1,375.000,-1,325.000,300.000,325.000,300.000,400.000,-1,-1,-1,850.000,700.000,-1,-1,2,0,2,0,2,0,0,1,0,1,2,2,2,0,0,2,2
64,6053.453,7474.049,92.809,-152.977,-0.890682,0.453845,0.026671,-0.454590,-0.889828,-0.039410,0.005846,-0.047226,0.998867,0,0.40828,0.86666,24.497,1.733,-1,400.000,-1,375.000,-1,325.000,300.000,325.000,300.000,425.000,-1,-1,-1,875.000,725.000,-1,-1,2,0,2,0,2,0,0,1,0,1,2,2,2,0,0,2,2
65,6031.746,7462.140,92.769,-151.253,-0.876624,0.480346,0.028246,-0.481151,-0.875663,-0.041314,0.004889,-0.049808,0.998747,0,0.41266,0.86191,24.760,1.724,-1,400.000,-1,375.000,-1,325.000,325.000,325.000,300.000,425.000,-1,-1,-1,875.000,725.000,-1,-1,2,0,2,0,2,0,0,1,0,1,2,2,2,0,0,2,2
66,6010.185,7449.457,92.684,-149.539,-0.861864,0.506266,0.029764,-0.507126,-0.860795,-0.043080,0.003810,-0.052223,0.998628,0,0.41691,0.85718,25.015,1.714,-1,400.000,-1,375.000,-1,325.000,325.000,325.000,300.000,450.000,-1,-1,-1,875.000,750.000,-1,-1,2,0,2,0,2,0,0,1,0,1,2,2,2,0,0,2,2
67,5988.802,7436.007,92.556,-147.834,-0.846426,0.531587,0.031283,-0.532500,-0.845246,-0.044742,0.002657,-0.054529,0.998509,0,0.42104,0.85249,25.262,1.705,-1,400.000,-1,375.000,-1,325.000,325.000,325.000,300.000,475.000,-1,-1,-1,900.000,750.000,-1,-1,2,0,2,0,2,0,0,1,0,1,2,2,2,0,0,2,2
68,5967.626,7421.796,92.325,-146.138,-0.830341,0.556303,0.032572,-0.557255,-0.829054,-0.046234,0.001284,-0.056541,0.998399,0,0.42504,0.84782,25.502,1.696,-1,400.000,-1,375.000,-1,325.000,325.000,325.000,300.000,500.000,-1,-1,-1,900.000,750.000,-1,-1,2,0,2,0,2,0,0,1,0,1,2,2,2,0,0,2,2
69,5946.688,7406.833,92.013,-144.452,-0.813632,0.580398,0.033779,-0.581381,-0.812237,-0.047625,-0.000205,-0.058387,0.998294,0,0.42893,0.84319,25.736,1.686,-1,400.000,-1,400.000,-1,325.000,325.000,325.000,300.000,500.000,-1,-1,-1,900.000,775.000,-1,-1,2,0,2,0,2,0,0,1,0,1,2,2,2,0,0,2,2
70,5926.017,7391.126,91.645,-142.774,-0.796321,0.603857,0.035068,-0.604872,-0.794816,-0.048970,-0.001698,-0.060207,0.998184,0,0.43270,0.83859,25.962,1.677,-1,400.000,-1,400.000,-1,325.000,325.000,325.000,300.000,525.000,-1,-1,-1,925.000,775.000,-1,-1,2,0,2,0,2,0,0,1,0,1,2,2,2,0,0,2,2
71,5905.641,7374.686,91.215,-141.106,-0.778433,0.626667,0.036465,-0.627719,-0.776815,-0.050271,-0.003176,-0.062022,0.998070,0,0.43637,0.83402,26.182,1.668,-1,400.000,-1,400.000,-1,325.000,325.000,325.000,300.000,550.000,-1,-1,-1,925.000,800.000,-1,-1,2,0,2,0,2,0,0,1,0,1,2,2,2,0,0,2,2
72,5882.191,7354.440,90.623,-139.198,-0.757170,0.652096,0.038265,-0.653200,-0.755416,-0.051733,-0.004829,-0.064166,0.997928,0,0.51637,0.95402,30.982,1.908,-1,425.000,-1,400.000,-1,325.000,325.000,325.000,300.000,575.000,-1,-1,-1,925.000,800.000,-1,-1,2,0,2,0,2,0,0,0,0,1,2,2,2,0,0,2,2
73,5855.939,7330.127,89.829,-137.198,-0.733987,0.677950,0.040595,-0.679134,-0.732076,-0.053306,-0.006420,-0.066695,0.997753,0,0.59637,1.00000,35.782,2.000,-1,425.000,-1,400.000,-1,325.000,325.000,325.000,300.000,600.000,-1,-1,-1,925.000,850.000,-1,-1,2,0,2,0,2,0,0,0,0,1,2,2,2,0,0,2,2
74,5827.147,7301.529,88.738,-135.198,-0.709915,0.702931,0.043702,-0.704244,-0.707814,-0.055125,-0.007816,-0.069911,0.997523,0,0.67637,1.00000,40.582,2.000,-1,425.000,-1,400.000,-1,325.000,325.000,300.000,300.000,625.000,-1,-1,-1,950.000,875.000,-1,-1,2,0,2,0,2,0,0,0,0,1,2,2,2,0,0,2,2
75,5796.085,7268.445,87.768,-133.198,-0.685071,0.727094,0.044853,-0.728390,-0.682747,-0.057480,-0.011170,-0.072049,0.997339,0,0.75637,1.00000,45.382,2.000,-1,425.000,-1,400.000,-1,325.000,325.000,300.000,300.000,650.000,-1,-1,-1,950.000,900.000,-1,-1,2,0,2,0,2,0,0,0,0,1,2,2,2,0,0,2,2
76,5764.098,7231.902,87.009,-131.198,-0.659458,0.750442,0.044181,-0.751572,-0.656924,-0.059917,-0.015940,-0.072718,0.997225,0,0.80943,1.00000,48.566,2.000,-1,425.000,-1,400.000,-1,325.000,325.000,300.000,300.000,700.000,-1,-1,-1,925.000,925.000,-1,-1,2,0,2,0,2,0,0,0,0,1,2,2,2,0,0,2,2
77,5733.354,7194.202,86.117,-129.198,-0.633053,0.772873,0.043714,-0.773830,-0.630302,-0.062498,-0.020750,-0.073391,0.997087,0,0.81080,1.00000,48.648,2.000,-1,425.000,-1,400.000,-1,325.000,325.000,300.000,300.000,775.000,-1,-1,-1,925.000,925.000,-1,-1,2,0,2,0,2,0,0,0,0,1,2,2,2,0,0,2,2
78,5703.887,7155.375,85.095,-127.198,-0.605891,0.794359,0.043467,-0.795136,-0.602915,-0.065205,-0.025589,-0.074069,0.996925,0,0.81238,1.00000,48.743,2.000,-1,425.000,-1,425.000,-1,325.000,325.000,300.000,300.000,-1,-1,-1,-1,925.000,925.000,-1,-1,2,0,2,0,2,0,0,0,0,2,2,2,2,0,0,2,2
79,5675.730,7115.457,83.772,-125.198,-0.577968,0.814914,0.043233,-0.815510,-0.574823,-0.067251,-0.029952,-0.074126,0.996799,0,0.81418,1.00000,48.851,2.000,-1,425.000,-1,425.000,-1,325.000,325.000,300.000,300.000,-1,-1,-1,-1,900.000,925.000,-1,-1,2,0,2,0,2,0,0,0,0,2,2,2,2,0,0,2,2
80,5648.918,7074.481,82.195,-123.198,-0.549322,0.834503,0.043008,-0.834920,-0.546049,-0.068835,-0.033958,-0.073721,0.996701,0,0.81616,1.00000,48.969,2.000,-1,425.000,-1,425.000,-1,325.000,350.000,300.000,300.000,-1,-1,-1,-1,900.000,950.000,-1,-1,2,0,2,0,2,0,0,0,0,2,2,2,2,0,0,2,2
81,5623.486,7032.484,80.424,-121.198,-0.520008,0.853093,0.042704,-0.853315,-0.516618,-0.070425,-0.038018,-0.073061,0.996603,0,0.81830,1.00000,49.098,2.000,-1,425.000,-1,425.000,-1,350.000,350.000,300.000,300.000,-1,-1,-1,-1,900.000,950.000,-1,-1,2,0,2,0,2,0,0,0,0,2,2,2,2,0,0,2,2
82,5599.466,6989.506,78.002,-119.198,-0.490021,0.870767,0.040549,-0.870663,-0.486622,-0.071724,-0.042723,-0.070451,0.996600,0,0.82060,1.00000,49.236,2.000,-1,425.000,-1,425.000,-1,325.000,350.000,300.000,300.000,-1,-1,-1,-1,900.000,925.000,-1,-1,2,0,2,0,2,0,0,0,0,2,2,2,2,0,0,2,2
83,5576.894,6945.586,75.418,-117.198,-0.459414,0.887390,0.038440,-0.886959,-0.456024,-0.073115,-0.047352,-0.067684,0.996582,0,0.82303,1.00000,49.382,2.000,-1,425.000,-1,425.000,-1,325.000,325.000,300.000,300.000,-1,-1,-1,-1,875.000,925.000,-1,-1,2,0,2,0,2,0,0,0,0,2,2,2,2,0,0,2,2
84,5555.803,6900.767,72.694,-115.198,-0.428229,0.902936,0.036417,-0.902176,-0.424858,-0.074660,-0.051942,-0.064826,0.996544,0,0.82557,1.00000,49.534,2.000,-1,400.000,-1,425.000,-1,325.000,325.000,300.000,300.000,-1,-1,-1,-1,875.000,925.000,-1,-1,2,0,2,0,2,0,0,0,0,2,2,2,2,0,0,2,2
85,5536.227,6855.093,69.835,-113.198,-0.396503,0.917385,0.034496,-0.916295,-0.393160,-0.076347,-0.056478,-0.061880,0.996484,0,0.82822,1.00000,49.693,2.000,-1,400.000,-1,425.000,-1,325.000,325.000,300.000,300.000,-1,-1,-1,-1,850.000,900.000,-1,-1,2,0,2,0,2,0,0,0,0,2,2,2,2,0,0,2,2
86,5518.197,6808.610,66.847,-111.198,-0.364273,0.930718,0.032691,-0.929296,-0.360971,-0.078163,-0.060947,-0.058852,0.996405,0,0.83095,1.00000,49.857,2.000,-1,400.000,-1,425.000,-1,325.000,325.000,300.000,300.000,-1,-1,-1,-1,850.000,900.000,-1,-1,2,0,2,0,2,0,0,0,0,2,2,2,2,0,0,2,2
87,5501.745,6761.367,63.735,-109.198,-0.331580,0.942917,0.031015,-0.941162,-0.328328,-0.080091,-0.065337,-0.055746,0.996305,0,0.83376,1.00000,50.026,2.000,-1,400.000,-1,425.000,-1,325.000,325.000,300.000,300.000,-1,-1,-1,-1,825.000,900.000,-1,-1,2,0,2,0,2,0,0,0,0,2,2,2,2,0,0,2,2
88,5486.900,6713.415,60.506,-107.198,-0.298462,0.953966,0.029478,-0.951878,-0.295272,-0.082118,-0.069634,-0.052569,0.996187,0,0.83664,1.00000,50.198,2.000,-1,400.000,-1,425.000,-1,325.000,325.000,300.000,300.000,-1,-1,-1,-1,825.000,875.000,-1,-1,2,0,2,0,2,0,0,0,0,2,2,2,2,0,0,2,2
89,5473.693,6664.803,57.166,-105.198,-0.264962,0.963849,0.028092,-0.961429,-0.261842,-0.084226,-0.073825,-0.049325,0.996051,0,0.83956,1.00000,50.374,2.000,-1,400.000,-1,425.000,-1,325.000,325.000,300.000,300.000,-1,-1,-1,-1,800.000,875.000,-1,-1,2,0,2,0,2,0,0,0,0,2,2,2,2,0,0,2,2
90,5462.149,6615.587,53.612,-103.198,-0.231145,0.972534,0.027380,-0.969824,-0.228076,-0.086152,-0.077541,-0.046468,0.995906,0,0.84253,1.00000,50.552,2.000,-1,400.000,-1,425.000,-1,325.000,325.000,300.000,300.000,-1,-1,-1,-1,800.000,875.000,-1,-1,2,0,2,0,2,0,0,0,0,2,2,2,2,0,0,2,2
91,5452.295,6565.821,49.817,-101.198,-0.197078,0.980004,0.027411,-0.977033,-0.194017,-0.088109,-0.081029,-0.044146,0.995734,0,0.84553,1.00000,50.732,2.000,-1,400.000,-1,425.000,-1,325.000,325.000,300.000,300.000,-1,-1,-1,-1,775.000,875.000,-1,-1,2,0,2,0,2,0,0,0,0,2,2,2,2,0,0,2,2
92,5444.155,6515.563,45.790,-99.198,-0.162723,0.986295,0.027277,-0.983088,-0.159716,-0.089605,-0.084020,-0.041397,0.995604,0,0.84855,1.00000,50.913,2.000,-1,400.000,-1,425.000,-1,325.000,325.000,300.000,300.000,-1,-1,-1,-1,775.000,850.000,-1,-1,2,0,2,0,2,0,0,0,0,2,2,2,2,0,0,2,2
93,5437.445,6462.453,41.024,-97.198,-0.128006,0.991440,0.025725,-0.988006,-0.125219,-0.090353,-0.086358,-0.036982,0.995578,0,0.89221,1.00000,53.533,2.000,-1,400.000,-1,400.000,-1,325.000,325.000,300.000,300.000,-1,-1,-1,-1,750.000,850.000,-1,-1,2,0,2,0,2,0,0,0,0,2,2,2,2,0,0,2,2
94,5432.584,6409.051,36.166,-95.198,-0.093113,0.995361,0.024219,-0.991717,-0.090556,-0.091093,-0.088477,-0.032500,0.995548,0,0.89371,1.00000,53.623,2.000,-1,400.000,-1,400.000,-1,325.000,325.000,300.000,300.000,-1,-1,-1,-1,750.000,850.000,-1,-1,2,0,2,0,2,0,0,0,0,2,2,2,2,0,0,2,2
95,5429.585,6355.422,31.234,-93.198,-0.058089,0.998051,0.022780,-0.994214,-0.055771,-0.091804,-0.090354,-0.027981,0.995517,0,0.89522,1.00000,53.713,2.000,-1,400.000,-1,400.000,-1,325.000,325.000,300.000,300.000,-1,-1,-1,-1,750.000,825.000,-1,-1,2,0,2,0,2,0,0,0,0,2,2,2,2,0,0,2,2
96,5428.458,6301.631,26.243,-91.198,-0.022980,0.999507,0.021404,-0.995495,-0.020908,-0.092477,-0.091984,-0.023433,0.995485,0,0.89672,1.00000,53.803,2.000,-1,400.000,-1,400.000,-1,325.000,325.000,300.000,300.000,-1,-1,-1,-1,725.000,825.000,-1,-1,2,0,2,0,2,0,0,0,0,2,2,2,2,0,0,2,2
97,5429.210,6247.743,21.204,-89.198,0.012169,0.999724,0.020088,-0.995558,0.013989,-0.093106,-0.093362,-0.018866,0.995453,0,0.89822,1.00000,53.893,2.000,-1,400.000,-1,400.000,-1,325.000,325.000,300.000,300.000,-1,-1,-1,-1,725.000,800.000,-1,-1,2,0,2,0,2,0,0,0,0,2,2,2,2,0,0,2,2
98,5431.847,6193.824,16.131,-87.198,0.047311,0.998703,0.018826,-0.994402,0.048874,-0.093685,-0.094484,-0.014288,0.995424,0,0.89971,1.00000,53.983,2.000,-1,375.000,-1,400.000,-1,325.000,325.000,300.000,300.000,-1,-1,-1,-1,700.000,800.000,-1,-1,2,0,2,0,2,0,0,0,0,2,2,2,2,0,0,2,2
99,5436.372,6139.942,11.037,-85.198,0.082403,0.996443,0.017613,-0.992028,0.083703,-0.094208,-0.095347,-0.009710,0.995397,0,0.90119,1.00000,54.071,2.000,-1,375.000,-1,400.000,-1,325.000,325.000,300.000,300.000,-1,-1,-1,-1,700.000,800.000,-1,-1,2,0,2,0,2,0,0,0,0,2,2,2,2,0,0,2,2
100,5442.206,6091.018,6.399,-83.198,0.117387,0.992948,0.016547,-0.988442,0.118431,-0.094634,-0.095926,-0.005247,0.995375,0,0.82119,1.00000,49.271,2.000,-1,375.000,-1,400.000,-1,325.000,325.000,300.000,300.000,-1,-1,-1,-1,700.000,775.000,-1,-1,2,0,2,0,2,0,0,0,0,2,2,2,2,0,0,2,2
101,5449.010,6047.070,2.226,-81.198,0.152218,0.988224,0.015619,-0.983650,0.153014,-0.094973,-0.096245,-0.000907,0.995357,0,0.74119,1.00000,44.471,2.000,-1,375.000,-1,400.000,-1,325.000,325.000,300.000,300.000,-1,-1,-1,-1,700.000,775.000,-1,-1,2,0,2,0,2,0,0,0,0,2,2,2,2,0,0,2,2
102,5456.445,6008.101,-1.475,-79.198,0.186851,0.982276,0.014823,-0.977654,0.187409,-0.095235,-0.096325,0.003303,0.995344,0,0.66119,1.00000,39.671,2.000,-1,375.000,-1,400.000,-1,325.000,325.000,300.000,300.000,-1,-1,-1,-1,675.000,775.000,-1,-1,2,0,2,0,2,0,0,0,0,2,2,2,2,0,0,2,2
103,5464.171,5974.097,-4.704,-77.198,0.221241,0.975116,0.014154,-0.970463,0.221571,-0.095432,-0.096193,0.007378,0.995335,0,0.58119,1.00000,34.871,2.000,-1,375.000,-1,400.000,-1,300.000,325.000,300.000,300.000,-1,-1,-1,-1,675.000,750.000,-1,-1,2,0,2,0,2,0,0,0,0,2,2,2,2,0,0,2,2
104,5472.456,5942.743,-7.756,-75.198,0.255380,0.966751,0.013215,-0.962108,0.255456,-0.095345,-0.095551,0.011635,0.995357,0,0.54050,1.00000,32.430,2.000,-1,375.000,-1,400.000,-1,300.000,325.000,300.000,300.000,-1,-1,-1,-1,675.000,750.000,-1,-1,2,0,2,0,2,0,0,0,0,2,2,2,2,0,0,2,2
105,5481.886,5911.513,-10.753,-73.198,0.289183,0.957193,0.012400,-0.952591,0.289024,-0.095058,-0.094573,0.015676,0.995395,0,0.54371,1.00000,32.622,2.000,-1,375.000,-1,400.000,-1,300.000,325.000,300.000,300.000,-1,-1,-1,-1,675.000,750.000,-1,-1,2,0,2,0,2,0,0,0,0,2,2,2,2,0,0,2,2
106,5492.460,5880.454,-13.734,-71.198,0.322623,0.946457,0.011573,-0.941907,0.322231,-0.094751,-0.093407,0.019668,0.995434,0,0.54683,1.00000,32.810,2.000,-1,375.000,-1,400.000,-1,300.000,325.000,300.000,325.000,-1,-1,-1,-1,675.000,725.000,-1,-1,2,0,2,0,2,0,0,0,0,2,2,2,2,0,0,2,2
107,5504.178,5849.613,-16.694,-69.198,0.355657,0.934555,0.010732,-0.930072,0.355035,-0.094427,-0.092057,0.023601,0.995474,0,0.54987,1.00000,32.992,2.000,-1,375.000,-1,400.000,-1,300.000,325.000,325.000,325.000,-1,-1,-1,-1,675.000,725.000,-1,-1,2,0,2,0,2,0,0,0,0,2,2,2,2,0,0,2,2
108,5517.033,5819.036,-19.645,-67.198,0.388237,0.921506,0.009930,-0.917109,0.387397,-0.093996,-0.090465,0.027385,0.995523,0,0.55284,1.00000,33.170,2.000,-1,375.000,-1,375.000,-1,300.000,325.000,325.000,325.000,-1,-1,-1,-1,675.000,725.000,-1,-1,2,0,2,0,2,0,0,0,0,2,2,2,2,0,0,2,2
109,5531.021,5788.768,-22.584,-65.198,0.420322,0.907329,0.009161,-0.903036,0.419277,-0.093451,-0.088632,0.031007,0.995582,0,0.55573,1.00000,33.344,2.000,-1,375.000,-1,375.000,-1,300.000,300.000,325.000,325.000,-1,-1,-1,-1,675.000,700.000,-1,-1,2,0,2,0,2,0,0,0,0,2,2,2,2,0,0,2,2
110,5548.078,5754.651,-25.893,-63.438,0.448131,0.893929,0.008266,-0.889759,0.446899,-0.092796,-0.086648,0.034230,0.995651,0,0.63573,0.88000,38.144,1.760,-1,375.000,-1,375.000,-1,300.000,300.000,325.000,325.000,-1,-1,875.000,-1,675.000,700.000,-1,-1,2,0,2,0,2,0,0,0,0,2,2,0,2,0,0,2,2
111,5568.294,5716.763,-29.524,-61.918,0.471817,0.881668,0.007108,-0.877641,0.470404,-0.092013,-0.084468,0.037175,0.995732,0,0.71573,0.76000,42.944,1.520,-1,375.000,-1,375.000,-1,300.000,300.000,325.000,325.000,-1,925.000,800.000,-1,675.000,700.000,-1,-1,2,0,2,0,2,0,0,0,0,2,0,0,2,0,0,2,2
112,5591.705,5675.153,-33.464,-60.638,0.491515,0.870850,0.005706,-0.866986,0.489931,-0.091120,-0.082147,0.039840,0.995824,0,0.79573,0.64000,47.744,1.280,-1,375.000,-1,375.000,-1,300.000,300.000,325.000,325.000,-1,850.000,725.000,-1,675.000,700.000,-1,-1,2,0,2,0,2,0,0,0,0,2,0,0,2,0,0,2,2
113,5617.211,5631.684,-37.532,-59.598,0.507347,0.861732,0.004181,-0.858037,0.505609,-0.090183,-0.079828,0.042166,0.995916,0,0.83999,0.52000,50.400,1.040,-1,375.000,-1,375.000,-1,300.000,300.000,325.000,325.000,-1,775.000,650.000,-1,675.000,675.000,-1,-1,2,0,2,0,2,0,0,0,0,2,0,0,2,0,0,2,2
114,5643.261,5588.674,-41.449,-58.798,0.519406,0.854524,0.002710,-0.851009,0.517552,-0.089014,-0.077467,0.043929,0.996027,0,0.83809,0.40000,50.285,0.800,-1,375.000,-1,375.000,-1,300.000,300.000,325.000,325.000,-1,700.000,575.000,-1,675.000,675.000,-1,-1,2,0,2,0,2,0,0,0,0,2,0,0,2,0,0,2,2
115,5669.650,5546.052,-45.258,-58.238,0.527793,0.849372,0.001217,-0.846036,0.525846,-0.087799,-0.075214,0.045310,0.996137,0,0.83550,0.28000,50.130,0.560,-1,375.000,-1,375.000,-1,300.000,300.000,325.000,325.000,-1,625.000,525.000,-1,675.000,675.000,-1,-1,2,0,2,0,2,0,0,0,0,2,0,0,2,0,0,2,2
116,5696.173,5503.742,-48.977,-57.918,0.532579,0.846380,-0.000309,-0.843216,0.530556,-0.086589,-0.073123,0.046376,0.996244,0,0.83228,0.16000,49.937,0.320,-1,375.000,-1,375.000,-1,300.000,300.000,325.000,325.000,-1,575.000,500.000,-1,675.000,675.000,-1,1000.000,2,0,2,0,2,0,0,0,0,2,0,0,2,0,0,2,1
117,5722.634,5461.661,-52.611,-57.838,0.533801,0.845608,-0.001867,-0.842606,0.531718,-0.085387,-0.071211,0.047153,0.996346,0,0.82849,0.04000,49.710,0.080,-1,375.000,-1,375.000,-1,300.000,300.000,325.000,325.000,-1,550.000,500.000,-1,675.000,675.000,-1,975.000,2,0,2,0,2,0,0,0,0,2,0,0,2,0,0,2,1
118,5748.842,5419.723,-56.144,-57.998,0.531467,0.847073,-0.003333,-0.844218,0.529344,-0.084212,-0.069570,0.047570,0.996442,0,0.82422,-0.08000,49.453,-0.160,-1,375.000,-1,375.000,1000.000,300.000,300.000,325.000,325.000,-1,525.000,475.000,-1,675.000,675.000,-1,925.000,2,0,2,0,1,0,0,1,0,2,0,0,2,0,0,2,1
119,5774.736,5377.919,-59.556,-58.225,0.528121,0.849157,-0.004601,-0.846432,0.525976,-0.083078,-0.068127,0.047769,0.996532,0,0.81956,-0.11358,49.174,-0.227,-1,375.000,-1,375.000,925.000,300.000,300.000,325.000,325.000,-1,525.000,475.000,-1,650.000,675.000,-1,875.000,2,0,2,0,1,0,0,1,0,2,0,0,2,0,0,2,1
120,5800.315,5336.237,-62.894,-58.463,0.524609,0.851323,-0.005888,-0.848726,0.522442,-0.081960,-0.066699,0.047994,0.996618,0,0.81509,-0.11889,48.905,-0.238,-1,375.000,-1,375.000,875.000,300.000,300.000,325.000,325.000,-1,525.000,475.000,-1,650.000,675.000,-1,825.000,2,0,2,0,1,0,0,1,0,2,0,0,2,0,0,2,1
121,5825.586,5294.653,-66.031,-58.713,0.520881,0.853601,-0.006979,-0.851159,0.518734,-0.080270,-0.064898,0.047751,0.996749,0,0.81102,-0.12481,48.661,-0.250,-1,375.000,1000.000,375.000,825.000,300.000,300.000,325.000,325.000,-1,500.000,475.000,-1,650.000,675.000,-1,800.000,2,0,1,0,1,0,0,0,0,2,0,0,2,0,0,2,1
122,5850.554,5253.140,-69.040,-58.976,0.516940,0.855984,-0.008086,-0.853706,0.514824,-0.078376,-0.062926,0.047419,0.996891,0,0.80739,-0.13133,48.443,-0.263,-1,375.000,950.000,375.000,775.000,300.000,300.000,325.000,325.000,-1,500.000,450.000,-1,675.000,675.000,-1,750.000,2,0,1,0,1,0,0,0,0,2,0,0,2,0,0,2,1
123,5875.225,5211.669,-71.988,-59.252,0.512776,0.858473,-0.009231,-0.856354,0.510688,-0.076517,-0.060973,0.047141,0.997026,0,0.80424,-0.13844,48.255,-0.277,-1,375.000,900.000,375.000,725.000,300.000,300.000,325.000,325.000,-1,475.000,450.000,-1,675.000,675.000,-1,700.000,2,0,1,0,1,0,0,0,0,2,0,0,2,0,1,2,1
124,5899.603,5170.209,-74.883,-59.545,0.508370,0.861076,-0.010386,-0.859111,0.506309,-0.074694,-0.059058,0.046895,0.997152,0,0.80161,-0.14612,48.097,-0.292,-1,375.000,850.000,375.000,700.000,300.000,300.000,325.000,325.000,-1,475.000,450.000,-1,675.000,625.000,-1,675.000,2,0,1,0,1,0,0,0,0,2,0,0,2,0,1,2,1
125,5923.695,5128.726,-77.684,-59.853,0.503713,0.863793,-0.011637,-0.861967,0.501663,-0.073127,-0.057329,0.046865,0.997255,0,0.79952,-0.15435,47.971,-0.309,-1,375.000,800.000,375.000,650.000,300.000,300.000,325.000,325.000,-1,475.000,450.000,-1,675.000,600.000,-1,625.000,2,0,1,0,1,0,0,0,0,2,0,0,2,0,1,2,1
126,5947.505,5087.186,-80.430,-60.180,0.498777,0.866634,-0.012912,-0.864941,0.496736,-0.071634,-0.055667,0.046897,0.997347,0,0.79801,-0.16312,47.881,-0.326,-1,375.000,750.000,375.000,600.000,300.000,300.000,300.000,325.000,-1,475.000,450.000,-1,675.000,550.000,-1,575.000,2,0,1,0,1,0,0,0,0,2,0,0,2,0,1,2,1
127,5971.038,5045.551,-83.020,-60.524,0.493546,0.869602,-0.014305,-0.868044,0.491507,-0.070147,-0.053969,0.047038,0.997434,0,0.79709,-0.17242,47.825,-0.345,-1,375.000,725.000,375.000,550.000,300.000,300.000,300.000,325.000,-1,475.000,450.000,-1,675.000,525.000,-1,525.000,2,0,1,0,1,0,0,0,0,2,0,0,2,0,1,2,1
128,5996.464,4999.475,-85.775,-61.109,0.484642,0.874564,-0.016119,-0.873159,0.482600,-0.068491,-0.052120,0.047268,0.997522,0,0.87709,-0.29242,52.625,-0.585,-1,375.000,650.000,375.000,500.000,300.000,300.000,325.000,325.000,-1,475.000,450.000,-1,675.000,475.000,975.000,500.000,2,0,1,0,1,0,0,0,0,2,0,0,2,0,1,1,1
129,6022.919,4950.164,-88.670,-61.787,0.474260,0.880201,-0.018001,-0.878949,0.472221,-0.066759,-0.050261,0.047484,0.997607,0,0.93267,-0.33875,55.960,-0.677,-1,375.000,600.000,375.000,450.000,300.000,300.000,325.000,325.000,-1,475.000,450.000,-1,675.000,450.000,875.000,450.000,2,0,1,0,1,0,0,0,0,2,0,0,2,1,1,1,1
130,6049.035,4900.025,-91.559,-62.487,0.463458,0.885896,-0.019855,-0.884793,0.461423,-0.065043,-0.048460,0.047712,0.997685,0,0.94221,-0.35013,56.533,-0.700,-1,375.000,525.000,350.000,400.000,300.000,300.000,325.000,325.000,1000.000,475.000,425.000,-1,625.000,400.000,800.000,375.000,2,0,1,1,1,0,0,0,0,1,0,0,2,1,1,1,1
131,6074.788,4849.018,-94.445,-63.211,0.452212,0.891647,-0.021680,-0.890686,0.450185,-0.063342,-0.046719,0.047954,0.997756,0,0.95232,-0.36207,57.139,-0.724,-1,375.000,475.000,325.000,350.000,300.000,300.000,325.000,325.000,975.000,475.000,425.000,-1,550.000,350.000,725.000,325.000,2,0,1,1,1,0,0,0,0,1,0,0,2,1,1,1,1
132,6100.152,4797.104,-97.331,-63.960,0.440500,0.897446,-0.023478,-0.896622,0.438483,-0.061658,-0.045040,0.048211,0.997821,0,0.96299,-0.37458,57.779,-0.749,950.000,375.000,425.000,275.000,300.000,300.000,275.000,325.000,325.000,950.000,450.000,400.000,-1,475.000,300.000,650.000,275.000,1,0,1,1,1,0,1,0,0,1,0,0,2,1,1,1,1
133,6125.015,4744.464,-100.207,-64.718,0.428574,0.903154,-0.025244,-0.902462,0.426569,-0.060003,-0.043424,0.048497,0.997879,0,0.97028,-0.37889,58.217,-0.758,800.000,350.000,350.000,225.000,225.000,300.000,250.000,325.000,300.000,925.000,450.000,400.000,-1,400.000,250.000,550.000,225.000,1,1,1,1,1,1,1,0,0,1,0,0,2,1,1,1,1
