timestep,x_cm,y_cm,z_cm,yaw_deg,basis_xx,basis_xy,basis_xz,basis_yx,basis_yy,basis_yz,basis_zx,basis_zy,basis_zz,teleport_flag,throttle_cmd,steering_cmd,cmd_move_cm,cmd_turn_deg,lidar_cm_0,lidar_cm_1,lidar_cm_2,lidar_cm_3,lidar_cm_4,lidar_cm_5,lidar_cm_6,lidar_cm_7,lidar_cm_8,lidar_cm_9,lidar_cm_10,lidar_cm_11,lidar_cm_12,lidar_cm_13,lidar_cm_14,lidar_cm_15,lidar_cm_16,lidar_class_0,lidar_class_1,lidar_class_2,lidar_class_3,lidar_class_4,lidar_class_5,lidar_class_6,lidar_class_7,lidar_class_8,lidar_class_9,lidar_class_10,lidar_class_11,lidar_class_12,lidar_class_13,lidar_class_14,lidar_class_15,lidar_class_16
0,8203.686,9509.426,-60.987,-19.508,0.940050,0.333699,-0.070366,-0.335472,0.941934,-0.014756,0.061357,0.037477,0.997412,1,0.08000,-0.12000,4.800,-0.240,-1,400.000,-1,425.000,-1,325.000,325.000,325.000,300.000,-1,-1,-1,-1,900.000,-1,-1,-1,2,1,2,0,2,0,0,0,0,2,2,2,2,1,2,2,2
1,8212.708,9506.145,-60.396,-19.988,0.937229,0.341568,-0.070234,-0.343374,0.939077,-0.015111,0.060793,0.038279,0.997416,0,0.16000,-0.24000,9.600,-0.480,-1,400.000,-1,425.000,-1,325.000,325.000,325.000,300.000,-1,-1,-1,-1,975.000,-1,-1,-1,2,1,2,0,2,0,0,0,0,2,2,2,2,1,2,2,2
2,8226.178,9501.054,-59.516,-20.708,0.932875,0.353325,-0.070048,-0.355180,0.934667,-0.015662,0.059938,0.039490,0.997421,0,0.24000,-0.36000,14.400,-0.720,-1,400.000,-1,425.000,-1,325.000,325.000,325.000,300.000,-1,-1,-1,-1,-1,-1,-1,-1,2,1,2,0,2,0,0,0,0,2,2,2,2,2,2,2,2
3,8244.048,9494.031,-58.358,-21.457,0.928194,0.365494,-0.069782,-0.367406,0.929916,-0.016418,0.058891,0.040877,0.997427,0,0.32000,-0.37456,19.200,-0.749,-1,425.000,-1,425.000,-1,325.000,325.000,325.000,300.000,-1,-1,-1,-1,-1,-1,-1,-1,2,1,2,0,2,0,0,0,0,2,2,2,2,2,2,2,2
4,8266.268,9484.962,-56.931,-22.204,0.923375,0.377566,-0.069442,-0.379543,0.925010,-0.017402,0.057664,0.042424,0.997434,0,0.40000,-0.37361,24.000,-0.747,-1,425.000,-1,425.000,-1,325.000,325.000,325.000,300.000,-1,-1,-1,-1,-1,-1,-1,-1,2,1,2,0,2,1,0,0,0,2,2,2,2,2,2,2,2
5,8292.789,9473.733,-55.242,-22.949,0.918420,0.389537,-0.069039,-0.391588,0.919952,-0.018641,0.056251,0.044155,0.997440,0,0.48000,-0.37266,28.800,-0.745,-1,475.000,-1,425.000,-1,350.000,350.000,325.000,300.000,-1,-1,-1,-1,-1,-1,-1,-1,2,1,2,0,2,1,0,0,0,2,2,2,2,2,2,2,2
6,8323.558,9460.233,-53.301,-23.693,0.913329,0.401404,-0.068589,-0.403539,0.914740,-0.020170,0.054644,0.046100,0.997441,0,0.56000,-0.37169,33.600,-0.743,-1,525.000,-1,-1,-1,425.000,375.000,325.000,300.000,-1,-1,-1,-1,-1,-1,-1,-1,2,1,2,2,2,1,1,0,0,2,2,2,2,2,2,2,2
7,8358.519,9444.350,-51.117,-24.434,0.908106,0.413163,-0.068110,-0.415392,0.909376,-0.022026,0.052837,0.048295,0.997435,0,0.64000,-0.37067,38.400,-0.741,-1,625.000,-1,-1,-1,-1,-1,325.000,300.000,-1,-1,-1,-1,-1,-1,-1,-1,2,1,2,2,2,2,2,0,0,2,2,2,2,2,2,2,2
8,8397.617,9425.976,-48.780,-25.173,0.902744,0.424814,-0.067717,-0.427135,0.903873,-0.023861,0.051071,0.050465,0.997419,0,0.72000,-0.36957,43.200,-0.739,-1,850.000,-1,-1,-1,-1,-1,325.000,300.000,-1,-1,-1,-1,-1,-1,-1,-1,2,1,2,2,2,2,2,0,0,2,2,2,2,2,2,2,2
9,8440.793,9405.003,-46.370,-25.910,0.897266,0.436358,-0.067125,-0.438747,0.898247,-0.025559,0.049142,0.052384,0.997417,0,0.80000,-0.36836,48.000,-0.737,-1,-1,-1,-1,-1,-1,-1,325.000,300.000,-1,-1,-1,-1,-1,-1,-1,-1,2,2,2,2,2,2,2,0,0,2,2,2,2,2,2,2,2
10,8487.985,9381.324,-44.541,-26.644,0.891893,0.447850,-0.062909,-0.450049,0.892626,-0.025967,0.044525,0.051472,0.997681,0,0.88000,-0.36700,52.800,-0.734,-1,-1,-1,-1,-1,-1,-1,325.000,300.000,-1,-1,-1,-1,-1,-1,-1,-1,2,2,2,2,2,2,2,0,0,2,2,2,2,2,2,2,2
11,8539.133,9354.836,-43.377,-27.375,0.886600,0.459290,-0.054704,-0.461055,0.887015,-0.025136,0.036979,0.047507,0.998186,0,0.96000,-0.36543,57.600,-0.731,-1,-1,-1,-1,-1,-1,-1,300.000,300.000,-1,-1,-1,-1,-1,-1,-1,-1,2,2,2,2,2,2,2,0,0,2,2,2,2,2,2,2,2
12,8592.056,9326.569,-43.074,-28.102,0.881305,0.470663,-0.042156,-0.471813,0.881398,-0.023009,0.026327,0.040168,0.998846,0,1.00000,-0.36362,60.000,-0.727,-1,-1,-1,-1,-1,-1,-1,275.000,300.000,-1,-1,-1,-1,-1,-1,-1,-1,2,2,2,2,2,2,2,0,0,2,2,2,2,2,2,2,2
13,8644.619,9297.635,-43.975,-28.825,0.875819,0.481913,-0.026492,-0.482452,0.875690,-0.020171,0.013478,0.030448,0.999445,0,1.00000,-0.36150,60.000,-0.723,-1,-1,-1,-1,-1,-1,-1,250.000,325.000,-1,-1,-1,-1,-1,-1,-1,-1,2,2,2,2,2,2,2,0,0,2,2,2,2,2,2,2,2
14,8696.815,9268.047,-46.439,-29.543,0.870016,0.492983,-0.006232,-0.493007,0.869818,-0.018987,-0.003940,0.019592,0.999800,0,1.00000,-0.35903,60.000,-0.718,-1,-1,-1,-1,-1,-1,-1,225.000,325.000,-1,-1,-1,-1,-1,-1,-1,-1,2,2,2,2,2,2,2,0,0,2,2,2,2,2,2,2,2
15,7543.221,2295.690,65.628,-179.819,-0.999974,0.003137,-0.006460,-0.003824,-0.994014,0.109182,-0.006079,0.109204,0.994001,1,0.00000,0.00000,60.000,-0.712,775.000,450.000,-1,400.000,1000.000,375.000,350.000,150.000,250.000,-1,-1,875.000,-1,650.000,675.000,750.000,-1,1,1,2,0,0,1,0,1,0,2,2,0,2,1,0,1,2
16,7538.421,2295.654,65.600,-179.579,-0.999949,0.007301,-0.006957,-0.008017,-0.993996,0.109123,-0.006119,0.109173,0.994004,0,0.08000,0.12000,4.800,0.240,775.000,450.000,-1,400.000,1000.000,375.000,350.000,150.000,250.000,-1,-1,900.000,-1,650.000,675.000,750.000,-1,1,1,2,0,0,1,0,1,0,2,2,0,2,1,0,1,2
17,7528.823,2295.504,65.545,-179.099,-0.999846,0.015628,-0.007953,-0.016402,-0.993907,0.108994,-0.006201,0.109107,0.994011,0,0.16000,0.24000,9.600,0.480,750.000,450.000,-1,400.000,1000.000,375.000,350.000,150.000,250.000,-1,-1,925.000,-1,650.000,675.000,725.000,-1,1,1,2,0,0,1,0,1,0,2,2,0,2,1,0,1,2
18,7514.429,2295.097,65.465,-178.379,-0.999560,0.028117,-0.009450,-0.028979,-0.993644,0.108771,-0.006332,0.108997,0.994022,0,0.24000,0.36000,14.400,0.720,750.000,450.000,-1,375.000,975.000,375.000,350.000,150.000,250.000,-1,-1,950.000,-1,625.000,675.000,725.000,-1,1,1,2,0,0,1,0,1,0,2,2,0,2,1,0,1,2
19,7495.250,2294.232,65.364,-177.419,-0.998932,0.044761,-0.011460,-0.045742,-0.993053,0.108416,-0.006527,0.108825,0.994040,0,0.32000,0.48000,19.200,0.960,725.000,425.000,-1,375.000,950.000,350.000,350.000,150.000,250.000,-1,-1,1000.000,-1,600.000,675.000,700.000,-1,1,1,2,0,0,1,0,1,0,2,2,0,2,1,0,1,2
20,7471.304,2292.650,65.243,-176.219,-0.997751,0.065550,-0.013996,-0.066681,-0.991926,0.107873,-0.006812,0.108563,0.994066,0,0.40000,0.60000,24.000,1.200,700.000,425.000,-1,375.000,925.000,350.000,325.000,175.000,250.000,-1,-1,-1,-1,600.000,675.000,675.000,-1,1,1,2,0,0,1,0,1,0,2,2,2,2,1,0,1,2
21,7442.625,2290.030,65.104,-174.779,-0.995753,0.090461,-0.017086,-0.091776,-0.990007,0.107070,-0.007230,0.108183,0.994105,0,0.48000,0.72000,28.800,1.440,675.000,425.000,-1,375.000,900.000,350.000,325.000,175.000,250.000,-1,-1,-1,-1,575.000,675.000,625.000,-1,1,1,2,0,0,1,0,1,0,2,2,2,2,1,0,1,2
22,7409.270,2285.994,64.952,-173.099,-0.992623,0.119453,-0.020771,-0.120991,-0.986987,0.105918,-0.007848,0.107650,0.994158,0,0.56000,0.84000,33.600,1.680,650.000,400.000,-1,375.000,875.000,325.000,325.000,175.000,250.000,-1,-1,-1,-1,550.000,650.000,600.000,-1,1,1,2,0,0,1,1,1,0,2,2,2,2,1,0,1,2
23,7372.739,2280.327,64.790,-171.179,-0.987996,0.152466,-0.024880,-0.154247,-0.982506,0.104352,-0.008535,0.106937,0.994229,0,0.61618,0.96000,36.971,1.920,600.000,375.000,-1,375.000,850.000,325.000,325.000,175.000,250.000,-1,-1,-1,-1,500.000,650.000,575.000,-1,1,1,2,0,0,1,1,1,0,2,2,2,2,1,0,1,2
24,7337.031,2273.503,64.629,-169.179,-0.981995,0.186679,-0.028943,-0.188688,-0.976677,0.102468,-0.009140,0.106084,0.994315,0,0.60595,1.00000,36.357,2.000,575.000,350.000,-1,375.000,800.000,300.000,300.000,175.000,250.000,-1,-1,-1,-1,475.000,650.000,525.000,-1,1,1,2,0,0,1,1,1,0,2,2,2,2,1,0,1,2
25,7302.103,2265.555,64.481,-167.179,-0.974788,0.220673,-0.033046,-0.222914,-0.969664,0.100301,-0.009910,0.105139,0.994408,0,0.59704,1.00000,35.823,2.000,550.000,350.000,825.000,375.000,775.000,300.000,300.000,175.000,250.000,-1,-1,-1,-1,450.000,625.000,500.000,-1,1,1,1,0,0,1,1,1,0,2,2,2,2,1,0,1,2
26,7267.953,2256.521,64.499,-165.179,-0.966367,0.254421,-0.037485,-0.256919,-0.961531,0.097216,-0.011309,0.103577,0.994557,0,0.58879,1.00000,35.328,2.000,525.000,325.000,700.000,350.000,750.000,275.000,275.000,175.000,250.000,-1,-1,-1,-1,425.000,625.000,475.000,-1,1,1,1,1,0,1,1,1,0,2,2,2,2,1,0,1,2
27,7234.575,2246.434,64.629,-163.179,-0.956742,0.287881,-0.042068,-0.290641,-0.952256,0.093465,-0.013153,0.101648,0.994733,0,0.58119,1.00000,34.871,2.000,475.000,300.000,625.000,325.000,725.000,275.000,275.000,200.000,250.000,-1,-1,-1,-1,400.000,550.000,450.000,975.000,1,1,1,1,0,1,1,1,0,2,2,2,2,1,1,1,0
28,7201.965,2235.322,64.788,-161.179,-0.945930,0.321003,-0.046617,-0.324014,-0.941817,0.089424,-0.015199,0.099693,0.994902,0,0.57421,1.00000,34.453,2.000,450.000,275.000,550.000,300.000,675.000,250.000,250.000,200.000,250.000,-1,-1,-1,-1,375.000,475.000,425.000,900.000,1,1,1,1,0,1,1,1,0,2,2,2,2,1,1,1,0
29,7170.121,2223.216,64.985,-159.179,-0.933943,0.353745,-0.051139,-0.356995,-0.930221,0.085109,-0.017464,0.097743,0.995058,0,0.56784,1.00000,34.071,2.000,425.000,275.000,500.000,275.000,650.000,225.000,225.000,200.000,250.000,-1,-1,-1,-1,350.000,425.000,400.000,750.000,1,1,1,1,0,1,1,1,0,2,2,2,2,1,1,1,1
30,7139.037,2210.140,65.058,-157.179,-0.920826,0.386091,-0.054891,-0.389489,-0.917539,0.080124,-0.019429,0.095160,0.995272,0,0.56206,1.00000,33.724,2.000,400.000,250.000,450.000,250.000,625.000,225.000,225.000,200.000,250.000,-1,-1,-1,-1,325.000,375.000,350.000,550.000,1,1,1,1,0,1,1,1,0,2,2,2,2,1,1,1,1
31,7108.712,2196.122,64.847,-155.179,-0.906825,0.418163,-0.052993,-0.421134,-0.904124,0.072153,-0.017740,0.087747,0.995985,0,0.55684,1.00000,33.410,2.000,375.000,225.000,400.000,250.000,700.000,200.000,200.000,200.000,250.000,-1,-1,-1,-1,300.000,325.000,350.000,450.000,1,1,1,1,0,1,1,1,0,2,2,2,2,1,1,1,1
32,7079.144,2181.184,65.456,-153.179,-0.891840,0.449840,-0.047600,-0.452134,-0.889729,0.062914,-0.014049,0.077630,0.996883,0,0.55215,1.00000,33.129,2.000,350.000,225.000,375.000,225.000,850.000,200.000,200.000,175.000,275.000,-1,-1,-1,-1,275.000,300.000,300.000,375.000,1,1,1,1,0,1,1,1,0,2,2,2,2,1,1,1,1
33,7050.336,2165.343,66.484,-151.179,-0.875789,0.481014,-0.040251,-0.482602,-0.874208,0.053446,-0.009480,0.066233,0.997759,0,0.54796,1.00000,32.877,2.000,300.000,200.000,350.000,200.000,925.000,175.000,175.000,175.000,275.000,-1,-1,-1,-1,250.000,275.000,275.000,325.000,1,1,1,1,1,1,1,1,0,2,2,2,2,1,1,1,1
34,7022.291,2148.618,68.763,-149.179,-0.858736,0.511523,-0.030269,-0.512416,-0.857378,0.048295,-0.001248,0.056983,0.998374,0,0.54424,1.00000,32.655,2.000,300.000,200.000,325.000,200.000,625.000,175.000,175.000,175.000,300.000,-1,-1,-1,-1,250.000,250.000,275.000,300.000,1,1,1,1,1,1,1,1,0,2,2,2,2,1,1,1,1
35,6995.013,2131.027,72.649,-147.179,-0.840641,0.541297,-0.017890,-0.541463,-0.839258,0.049643,0.011857,0.051419,0.998607,0,0.54097,1.00000,32.458,2.000,275.000,200.000,300.000,200.000,425.000,175.000,175.000,175.000,325.000,-1,-1,-1,-1,250.000,250.000,250.000,275.000,1,1,1,1,1,1,1,1,0,2,2,2,2,1,1,1,1
36,6968.506,2112.593,76.937,-145.179,-0.821328,0.570441,-0.004223,-0.569867,-0.820121,0.051512,0.025921,0.044715,0.998663,0,0.53812,1.00000,32.287,2.000,275.000,200.000,300.000,175.000,375.000,175.000,150.000,200.000,350.000,-1,-1,-1,-1,250.000,250.000,250.000,250.000,1,1,1,1,1,1,1,1,0,2,2,2,2,1,1,1,1
37,6942.776,2093.333,81.601,-143.179,-0.800747,0.598907,0.010691,-0.597605,-0.799970,0.054009,0.040899,0.036858,0.998483,0,0.53565,1.00000,32.139,2.000,275.000,200.000,300.000,175.000,325.000,175.000,150.000,200.000,375.000,-1,-1,-1,-1,250.000,225.000,250.000,225.000,1,1,1,1,1,1,1,1,0,2,2,2,2,1,1,1,1
38,-327.964,-327.951,150.508,-5.011,0.995828,0.087260,-0.026702,-0.088343,0.995184,-0.042472,0.022867,0.044654,0.998741,1,0.00000,0.00000,32.013,2.000,-1,375.000,-1,400.000,-1,300.000,300.000,325.000,350.000,-1,-1,-1,-1,875.000,825.000,-1,-1,2,0,2,0,2,0,0,0,0,2,2,2,2,0,0,2,2
39,-323.181,-328.350,150.617,-4.771,0.996187,0.083091,-0.026592,-0.084172,0.995544,-0.042512,0.022942,0.044588,0.998742,0,0.08000,0.12000,4.800,0.240,-1,375.000,-1,400.000,-1,300.000,300.000,325.000,350.000,-1,-1,-1,-1,875.000,825.000,-1,-1,2,0,2,0,2,0,0,0,0,2,2,2,2,0,0,2,2
40,-313.608,-329.069,150.840,-4.291,0.996854,0.074748,-0.026372,-0.075827,0.996212,-0.042578,0.023090,0.044443,0.998745,0,0.16000,0.24000,9.600,0.480,-1,400.000,-1,400.000,-1,300.000,300.000,325.000,350.000,-1,-1,-1,-1,875.000,825.000,-1,-1,2,0,2,0,2,0,0,0,0,2,2,2,2,0,0,2,2
41,-299.236,-329.966,151.184,-3.571,0.997722,0.062225,-0.026040,-0.063298,0.997083,-0.042646,0.023310,0.044197,0.998751,0,0.24000,0.36000,14.400,0.720,-1,400.000,-1,400.000,-1,300.000,300.000,325.000,350.000,-1,-1,-1,-1,900.000,825.000,-1,-1,2,0,2,0,2,0,0,0,0,2,2,2,2,0,0,2,2
42,-280.056,-330.841,151.658,-2.611,0.998636,0.045511,-0.025594,-0.046576,0.998002,-0.042683,0.023601,0.043816,0.998761,0,0.32000,0.48000,19.200,0.960,-1,400.000,-1,400.000,-1,300.000,300.000,325.000,350.000,-1,-1,-1,-1,900.000,825.000,-1,-1,2,0,2,0,2,0,0,0,0,2,2,2,2,0,0,2,2
43,-256.064,-331.432,152.274,-1.411,0.999384,0.024601,-0.025037,-0.025654,0.998761,-0.042642,0.023957,0.043258,0.998777,0,0.40000,0.60000,24.000,1.200,-1,400.000,-1,400.000,-1,300.000,300.000,325.000,350.000,-1,-1,-1,-1,900.000,825.000,-1,-1,2,0,2,0,2,0,0,0,0,2,2,2,2,0,0,2,2
44,-227.264,-331.524,153.046,-0.182,0.999698,0.003166,-0.024358,-0.004200,0.999087,-0.042508,0.024201,0.042598,0.998799,0,0.48000,0.61473,28.800,1.229,-1,400.000,-1,400.000,-1,300.000,300.000,325.000,350.000,-1,-1,-1,-1,925.000,825.000,-1,-1,2,0,2,0,2,0,0,0,0,2,2,2,2,0,0,2,2
45,-193.670,-330.912,153.980,1.043,0.999557,-0.018192,-0.023557,0.017186,0.998959,-0.042245,0.024301,0.041821,0.998830,0,0.56000,0.61243,33.600,1.225,-1,400.000,-1,400.000,-1,300.000,300.000,325.000,350.000,-1,-1,-1,-1,925.000,800.000,-1,-1,2,0,2,0,2,0,0,0,0,2,2,2,2,0,0,2,2
46,-155.300,-329.397,155.086,2.263,0.998965,-0.039450,-0.022639,0.038480,0.998384,-0.041810,0.024252,0.040896,0.998869,0,0.64000,0.60976,38.400,1.220,-1,400.000,-1,400.000,-1,300.000,300.000,325.000,350.000,-1,-1,-1,-1,950.000,800.000,-1,-1,2,0,2,0,2,0,0,0,0,2,2,2,2,0,0,2,2
47,-112.180,-326.778,156.370,3.476,0.997929,-0.060587,-0.021609,0.059662,0.997370,-0.041161,0.024046,0.039787,0.998919,0,0.72000,0.60672,43.200,1.213,-1,400.000,-1,400.000,-1,325.000,300.000,350.000,350.000,-1,-1,-1,-1,975.000,800.000,-1,-1,2,0,2,0,2,0,0,0,0,2,2,2,2,0,0,2,2
48,-64.340,-322.860,157.841,4.683,0.996457,-0.081580,-0.020472,0.080709,0.995925,-0.040253,0.023673,0.038458,0.998980,0,0.80000,0.60329,48.000,1.207,-1,425.000,-1,400.000,-1,325.000,300.000,350.000,350.000,-1,-1,-1,-1,975.000,800.000,-1,-1,2,0,2,0,2,0,0,0,0,2,2,2,2,0,0,2,2
49,-11.819,-317.450,159.411,5.882,0.994556,-0.102404,-0.019294,0.101588,0.994046,-0.039391,0.023213,0.037217,0.999038,0,0.87999,0.59944,52.799,1.199,-1,425.000,-1,400.000,-1,325.000,300.000,350.000,350.000,-1,-1,-1,-1,1000.000,800.000,-1,-1,2,0,2,0,2,0,0,0,0,2,2,2,2,0,0,2,2
50,40.654,-310.940,160.641,7.072,0.992237,-0.123036,-0.018088,0.122265,0.991736,-0.038884,0.022723,0.036371,0.999080,0,0.88127,0.59517,52.876,1.190,-1,425.000,-1,400.000,-1,325.000,300.000,350.000,350.000,-1,-1,-1,-1,1000.000,800.000,-1,-1,2,0,2,0,2,0,0,0,0,2,2,2,2,0,0,2,2
51,93.064,-303.339,161.497,8.254,0.989511,-0.143475,-0.016826,0.142791,0.989078,-0.036541,0.021885,0.033755,0.999190,0,0.88264,0.59083,52.958,1.182,-1,425.000,-1,375.000,-1,325.000,300.000,325.000,350.000,-1,-1,-1,-1,-1,800.000,-1,-1,2,0,2,0,2,0,0,0,0,2,2,2,2,2,0,2,2
52,145.394,-294.652,162.375,9.427,0.986386,-0.163705,-0.015583,0.163107,0.986022,-0.034022,0.020934,0.031017,0.999300,0,0.88410,0.58644,53.046,1.173,-1,425.000,-1,375.000,-1,325.000,325.000,325.000,350.000,-1,-1,-1,-1,-1,800.000,-1,-1,2,0,2,0,2,0,0,0,0,2,2,2,2,2,0,2,2
53,197.628,-284.887,163.271,10.591,0.982874,-0.183717,-0.014361,0.183203,0.982576,-0.031334,0.019867,0.028166,0.999406,0,0.88565,0.58199,53.139,1.164,-1,425.000,-1,375.000,-1,325.000,325.000,325.000,350.000,-1,-1,-1,-1,-1,800.000,-1,-1,2,0,2,0,2,0,0,0,0,2,2,2,2,2,0,2,2
54,249.750,-274.051,164.181,11.746,0.978986,-0.203501,-0.013162,0.203069,0.978750,-0.028483,0.018679,0.025212,0.999508,0,0.88728,0.57749,53.237,1.155,-1,425.000,-1,375.000,-1,325.000,325.000,325.000,350.000,-1,-1,-1,-1,-1,800.000,-1,-1,2,0,2,0,2,0,0,0,0,2,2,2,2,2,0,2,2
55,297.009,-263.436,165.006,12.661,0.975624,-0.219118,-0.012068,0.218758,0.975439,-0.025762,0.017417,0.022494,0.999595,0,0.80728,0.45749,48.437,0.915,-1,425.000,-1,375.000,-1,325.000,325.000,325.000,350.000,-1,-1,-1,-1,-1,825.000,-1,-1,2,0,2,0,2,0,0,0,0,2,2,2,2,2,0,2,2
56,340.845,-253.046,165.762,13.335,0.972985,-0.230606,-0.011025,0.230310,0.972842,-0.023137,0.016061,0.019972,0.999672,0,0.75084,0.33749,45.050,0.675,-1,425.000,-1,400.000,-1,325.000,325.000,325.000,350.000,-1,-1,-1,-1,-1,825.000,-1,-1,2,0,2,0,2,0,0,0,0,2,2,2,2,2,0,2,2
57,384.669,-242.259,166.503,13.829,0.970970,-0.238995,-0.009939,0.238760,0.970864,-0.020435,0.014533,0.017469,0.999742,0,0.75221,0.24695,45.133,0.494,-1,425.000,-1,400.000,-1,325.000,325.000,325.000,350.000,-1,-1,-1,-1,-1,825.000,-1,-1,2,0,2,0,2,0,0,0,0,2,2,2,2,2,0,2,2
58,428.479,-231.080,167.233,14.315,0.968917,-0.247228,-0.008840,0.247047,0.968842,-0.017689,0.012938,0.014955,0.999804,0,0.75356,0.24290,45.214,0.486,-1,425.000,-1,400.000,-1,325.000,325.000,300.000,350.000,-1,-1,-1,-1,-1,825.000,-1,-1,2,0,2,0,2,0,0,0,0,2,2,2,2,2,0,2,2
59,472.279,-219.514,167.950,14.793,0.966830,-0.255303,-0.007727,0.255171,0.966781,-0.014897,0.011274,0.012431,0.999859,0,0.75503,0.23877,45.302,0.478,-1,425.000,-1,400.000,-1,350.000,325.000,300.000,350.000,-1,-1,-1,-1,-1,825.000,-1,-1,2,0,2,0,2,0,0,0,0,2,2,2,2,2,0,2,2
60,516.075,-207.565,168.654,15.262,0.964714,-0.263217,-0.006597,0.263127,0.964686,-0.012063,0.009539,0.009902,0.999905,0,0.75660,0.23456,45.396,0.469,-1,425.000,-1,400.000,-1,350.000,325.000,325.000,350.000,-1,-1,-1,-1,-1,850.000,-1,-1,2,0,2,0,2,0,0,0,0,2,2,2,2,2,0,2,2
61,559.870,-195.237,169.342,15.722,0.962573,-0.270969,-0.005448,0.270913,0.962560,-0.009187,0.007734,0.007367,0.999943,0,0.75829,0.23028,45.498,0.461,-1,425.000,-1,400.000,-1,350.000,325.000,325.000,350.000,-1,-1,-1,-1,-1,850.000,-1,-1,2,0,2,0,2,0,0,0,0,2,2,2,2,2,0,2,2
62,603.671,-182.533,169.862,16.174,0.960410,-0.278555,-0.004485,0.278521,0.960405,-0.006917,0.006234,0.005394,0.999966,0,0.76009,0.22592,45.606,0.452,-1,425.000,-1,400.000,-1,350.000,325.000,325.000,350.000,-1,-1,-1,-1,-1,850.000,-1,-1,2,0,2,0,2,0,0,0,0,2,2,2,2,2,0,2,2
63,647.481,-169.458,169.906,16.617,0.958236,-0.285972,-0.001961,0.285956,0.958224,-0.005937,0.003577,0.005128,0.999980,0,0.76200,0.22148,45.720,0.443,-1,425.000,-1,400.000,-1,350.000,325.000,325.000,350.000,-1,-1,-1,-1,1000.000,850.000,-1,-1,2,0,2,0,2,0,0,0,0,2,2,2,2,0,0,2,2
64,691.307,-156.017,169.931,17.051,0.956044,-0.293221,0.000554,0.293221,0.956032,-0.004920,0.000913,0.004866,0.999988,0,0.76401,0.21697,45.841,0.434,-1,425.000,-1,400.000,-1,350.000,325.000,325.000,325.000,-1,-1,-1,-1,1000.000,850.000,-1,-1,2,0,2,0,2,0,0,0,0,2,2,2,2,0,0,2,2
65,735.153,-142.213,169.821,17.476,0.953841,-0.300302,0.002568,0.300310,0.953835,-0.003541,-0.001386,0.004149,0.999990,0,0.76612,0.21239,45.967,0.425,-1,425.000,-1,400.000,-1,350.000,325.000,325.000,325.000,-1,-1,-1,-1,1000.000,825.000,-1,-1,2,0,2,0,2,0,0,0,0,2,2,2,2,0,0,2,2
66,779.023,-128.050,169.519,17.891,0.951632,-0.307212,0.004141,0.307221,0.951637,-0.001547,-0.003465,0.002745,0.999990,0,0.76834,0.20774,46.100,0.415,-1,425.000,-1,400.000,-1,325.000,325.000,325.000,325.000,-1,-1,-1,-1,975.000,825.000,-1,-1,2,0,2,0,2,0,0,0,0,2,2,2,2,0,0,2,2
67,822.925,-113.533,169.146,18.297,0.949422,-0.313949,0.005768,0.313951,0.949439,0.000686,-0.005692,0.001159,0.999983,0,0.77065,0.20301,46.239,0.406,-1,425.000,-1,400.000,-1,325.000,325.000,325.000,325.000,-1,-1,-1,-1,975.000,825.000,-1,-1,2,0,2,0,2,0,0,0,0,2,2,2,2,0,0,2,2
68,867.079,-98.589,168.748,18.699,0.947186,-0.320600,0.007365,0.320587,0.947215,0.002932,-0.007916,-0.000416,0.999969,0,0.77691,0.20090,46.614,0.402,-1,425.000,-1,400.000,-1,325.000,325.000,325.000,325.000,-1,-1,-1,-1,950.000,825.000,-1,-1,2,0,2,0,2,0,0,0,0,2,2,2,2,0,0,2,2
69,911.142,-83.333,168.325,19.097,0.944924,-0.327169,0.008920,0.327134,0.944964,0.005168,-0.010120,-0.001965,0.999947,0,0.77716,0.19893,46.629,0.398,-1,425.000,-1,400.000,-1,325.000,325.000,350.000,325.000,-1,-1,-1,-1,950.000,825.000,-1,-1,2,0,2,0,2,0,0,0,0,2,2,2,2,0,0,2,2
70,955.117,-67.768,167.877,19.491,0.942638,-0.333653,0.010432,0.333589,0.942690,0.007390,-0.012300,-0.003486,0.999918,0,0.77748,0.19685,46.649,0.394,-1,425.000,-1,400.000,-1,325.000,325.000,350.000,325.000,-1,-1,-1,-1,925.000,825.000,-1,-1,2,0,2,0,2,0,0,0,0,2,2,2,2,0,0,2,2
71,999.008,-51.897,167.402,19.880,0.940332,-0.340049,0.011901,0.339950,0.940395,0.009595,-0.014454,-0.004977,0.999883,0,0.77787,0.19467,46.672,0.389,-1,425.000,-1,400.000,-1,325.000,325.000,350.000,325.000,-1,-1,-1,-1,925.000,825.000,-1,-1,2,0,2,0,2,0,0,0,0,2,2,2,2,0,0,2,2
72,1042.818,-35.721,166.874,20.265,0.938009,-0.346353,0.013371,0.346210,0.938081,0.011915,-0.016670,-0.006547,0.999840,0,0.77834,0.19238,46.700,0.385,-1,425.000,-1,400.000,-1,325.000,325.000,350.000,325.000,-1,-1,-1,-1,900.000,800.000,-1,-1,2,0,2,0,2,0,0,0,0,2,2,2,2,0,0,2,2
73,1086.550,-19.244,166.129,20.645,0.935667,-0.352561,0.015102,0.352346,0.935747,0.015156,-0.019475,-0.008859,0.999771,0,0.77889,0.19000,46.733,0.380,-1,400.000,-1,400.000,-1,325.000,325.000,325.000,325.000,-1,-1,-1,-1,875.000,800.000,-1,-1,2,0,2,0,2,0,0,0,0,2,2,2,2,0,0,2,2
74,1130.209,-2.467,165.365,21.020,0.933314,-0.358670,0.016759,0.358373,0.933399,0.018322,-0.022214,-0.011094,0.999692,0,0.77951,0.18751,46.771,0.375,-1,400.000,-1,400.000,-1,325.000,325.000,325.000,325.000,-1,-1,-1,-1,875.000,800.000,-1,-1,2,0,2,0,2,0,0,0,0,2,2,2,2,0,0,2,2
75,1173.797,14.606,164.582,21.390,0.930953,-0.364678,0.018343,0.364290,0.931040,0.021409,-0.024885,-0.013248,0.999603,0,0.78022,0.18492,46.813,0.370,-1,400.000,-1,400.000,-1,325.000,325.000,325.000,325.000,-1,-1,-1,-1,850.000,800.000,-1,-1,2,0,2,0,2,0,0,0,0,2,2,2,2,0,0,2,2
76,1217.285,31.964,163.448,21.758,0.928568,-0.370656,0.019404,0.370215,0.928663,0.022922,-0.026516,-0.014101,0.999549,0,0.78039,0.18431,46.824,0.369,-1,400.000,-1,400.000,-1,325.000,325.000,325.000,325.000,-1,-1,-1,-1,850.000,775.000,-1,-1,2,0,2,0,2,0,0,0,0,2,2,2,2,0,0,2,2
77,1260.660,49.601,162.169,22.127,0.926142,-0.376621,0.020422,0.376142,0.926255,0.023842,-0.027895,-0.014400,0.999507,0,0.78039,0.18431,46.824,0.369,-1,400.000,-1,400.000,-1,325.000,325.000,325.000,325.000,-1,-1,-1,-1,825.000,775.000,-1,-1,2,0,2,0,2,0,0,0,0,2,2,2,2,0,0,2,2
78,1303.921,67.516,160.817,22.496,0.923671,-0.382573,0.021676,0.382055,0.923813,0.024572,-0.029425,-0.014415,0.999463,0,0.78039,0.18431,46.824,0.369,-1,400.000,-1,400.000,-1,325.000,325.000,325.000,325.000,-1,-1,-1,-1,825.000,775.000,-1,-1,2,0,2,0,2,0,0,0,0,2,2,2,2,0,0,2,2
79,1347.065,85.709,159.465,22.864,0.921161,-0.388508,0.022871,0.387953,0.921333,0.025278,-0.030892,-0.014412,0.999419,0,0.78039,0.18431,46.824,0.369,-1,400.000,-1,400.000,-1,325.000,325.000,350.000,300.000,-1,-1,-1,-1,825.000,750.000,-1,-1,2,0,2,0,2,0,0,0,0,2,2,2,2,0,0,2,2
80,1390.092,104.180,158.099,23.233,0.918615,-0.394428,0.023945,0.393835,0.918813,0.025991,-0.032253,-0.014446,0.999375,0,0.78039,0.18431,46.824,0.369,-1,400.000,-1,375.000,-1,325.000,325.000,350.000,300.000,-1,-1,-1,-1,825.000,750.000,-1,-1,2,0,2,0,2,0,0,0,0,2,2,2,2,0,0,2,2
81,1430.870,121.793,156.732,23.361,0.917712,-0.396487,0.024543,0.395861,0.917920,0.026773,-0.033144,-0.014854,0.999340,0,0.74032,0.06431,44.419,0.129,-1,400.000,-1,375.000,-1,325.000,325.000,350.000,300.000,-1,-1,-1,-1,800.000,750.000,-1,-1,2,0,2,0,2,0,0,0,0,2,2,2,2,0,0,2,2
82,1471.774,139.368,155.349,23.250,0.918466,-0.394698,0.025161,0.394035,0.918681,0.027591,-0.034005,-0.015427,0.999303,0,0.74200,-0.05569,44.520,-0.111,-1,400.000,-1,375.000,-1,325.000,300.000,350.000,300.000,-1,-1,-1,-1,800.000,750.000,-1,-1,2,0,2,0,2,0,0,0,0,2,2,2,2,0,0,2,2
83,1513.019,156.952,153.937,23.090,0.919550,-0.392126,0.025784,0.391422,0.919771,0.028476,-0.034881,-0.016093,0.999262,0,0.74728,-0.08003,44.837,-0.160,-1,400.000,-1,375.000,-1,325.000,300.000,350.000,300.000,-1,-1,-1,-1,800.000,725.000,-1,-1,2,0,2,0,2,0,0,0,0,2,2,2,2,0,0,2,2
84,1554.607,174.542,152.519,22.926,0.920652,-0.389492,0.026378,0.388747,0.920878,0.029325,-0.035713,-0.016744,0.999222,0,0.75258,-0.08187,45.155,-0.164,-1,400.000,-1,375.000,-1,325.000,300.000,350.000,300.000,-1,-1,-1,-1,800.000,725.000,-1,-1,2,0,2,0,2,0,0,0,0,2,2,2,2,0,0,2,2
85,1596.540,192.134,151.093,22.759,0.921773,-0.386794,0.026942,0.386009,0.922002,0.030138,-0.036498,-0.017381,0.999183,0,0.75789,-0.08376,45.474,-0.168,-1,400.000,-1,375.000,-1,325.000,300.000,350.000,300.000,-1,-1,-1,-1,775.000,725.000,-1,-1,2,0,2,0,2,0,0,0,0,2,2,2,2,0,0,2,2
86,1638.821,209.723,149.556,22.587,0.922927,-0.384026,0.027003,0.383202,0.923138,0.031175,-0.036900,-0.018425,0.999149,0,0.76322,-0.08572,45.793,-0.171,-1,400.000,-1,375.000,-1,325.000,300.000,325.000,300.000,-1,-1,-1,-1,775.000,725.000,-1,-1,2,0,2,0,2,0,0,0,0,2,2,2,2,0,0,2,2
87,1681.451,227.305,147.886,22.412,0.924120,-0.381185,0.026465,0.380322,0.924283,0.032494,-0.036848,-0.019963,0.999121,0,0.76856,-0.08775,46.113,-0.175,-1,400.000,-1,375.000,-1,325.000,300.000,325.000,325.000,-1,-1,-1,-1,775.000,725.000,-1,-1,2,0,2,0,2,0,0,0,0,2,2,2,2,0,0,2,2
88,1724.433,244.874,146.224,22.232,0.925330,-0.378273,0.025967,0.377374,0.925446,0.033744,-0.036796,-0.021425,0.999093,0,0.77390,-0.08984,46.434,-0.180,-1,400.000,-1,375.000,-1,325.000,300.000,325.000,325.000,-1,-1,-1,-1,775.000,725.000,-1,-1,2,0,2,0,2,0,0,0,0,2,2,2,2,0,0,2,2
89,1767.769,262.426,144.570,22.048,0.926557,-0.375288,0.025510,0.374355,0.926628,0.034924,-0.036744,-0.022809,0.999064,0,0.77926,-0.09201,46.755,-0.184,-1,400.000,-1,375.000,1000.000,325.000,300.000,325.000,325.000,-1,-1,-1,-1,775.000,725.000,-1,1000.000,2,0,2,0,1,0,0,0,0,2,2,2,2,0,0,2,1
90,1811.461,279.955,142.925,21.860,0.927803,-0.372225,0.025092,0.371261,0.927829,0.036033,-0.036694,-0.024115,0.999036,0,0.78461,-0.09426,47.077,-0.189,-1,400.000,-1,375.000,975.000,325.000,300.000,325.000,325.000,-1,-1,-1,-1,750.000,725.000,-1,950.000,2,0,2,0,1,0,0,0,0,2,2,2,2,0,0,2,1
91,1855.510,297.454,141.269,21.666,0.929068,-0.369084,0.024688,0.368095,0.929053,0.036978,-0.036585,-0.025268,0.999011,0,0.78997,-0.09661,47.398,-0.193,-1,400.000,-1,375.000,925.000,325.000,300.000,325.000,325.000,-1,-1,-1,-1,750.000,725.000,-1,925.000,2,0,2,0,1,0,0,0,0,2,2,2,2,0,0,2,1
92,1899.918,314.919,139.546,21.468,0.930354,-0.365862,0.024220,0.364866,0.930304,0.037510,-0.036256,-0.026060,0.999003,0,0.79531,-0.09904,47.719,-0.198,-1,400.000,-1,375.000,875.000,325.000,300.000,325.000,325.000,-1,-1,-1,-1,750.000,725.000,-1,875.000,2,0,2,0,1,0,0,0,0,2,2,2,2,0,0,2,1
93,1944.686,332.342,137.909,21.265,0.931667,-0.362552,0.023511,0.361551,0.931571,0.038158,-0.035736,-0.027050,0.998995,0,0.80065,-0.10158,48.039,-0.203,-1,400.000,-1,375.000,850.000,325.000,325.000,325.000,325.000,-1,-1,-1,-1,750.000,700.000,-1,825.000,2,0,2,0,1,0,0,0,0,2,2,2,2,0,1,2,1
94,1989.815,349.717,136.295,21.057,0.933001,-0.359150,0.022813,0.358148,0.932859,0.038778,-0.035208,-0.028009,0.998987,0,0.80597,-0.10424,48.358,-0.208,-1,400.000,-1,375.000,800.000,325.000,325.000,325.000,325.000,-1,-1,-1,-1,750.000,675.000,-1,775.000,2,0,2,0,1,0,0,0,0,2,2,2,2,0,1,2,1
95,2035.305,367.037,134.700,20.843,0.934355,-0.355654,0.022152,0.354650,0.934170,0.039354,-0.034690,-0.028914,0.998980,0,0.81127,-0.10701,48.676,-0.214,-1,400.000,-1,375.000,750.000,325.000,325.000,325.000,325.000,-1,-1,-1,-1,750.000,650.000,-1,750.000,2,0,2,0,1,0,0,0,0,2,2,2,2,0,1,2,1
96,2081.158,384.293,133.062,20.623,0.935738,-0.352055,0.021254,0.351055,0.935498,0.040049,-0.033983,-0.030014,0.998972,0,0.81654,-0.10992,48.992,-0.220,-1,400.000,-1,375.000,700.000,325.000,325.000,325.000,325.000,-1,-1,-1,-1,750.000,625.000,-1,700.000,2,0,2,0,1,0,0,0,0,2,2,2,2,0,1,2,1
97,2127.372,401.477,131.479,20.397,0.937143,-0.348354,0.020304,0.347368,0.936853,0.040509,-0.033133,-0.030910,0.998973,0,0.82176,-0.11298,49.306,-0.226,-1,400.000,-1,375.000,675.000,325.000,325.000,325.000,325.000,-1,-1,-1,-1,750.000,600.000,-1,650.000,2,0,2,0,1,0,0,0,0,2,2,2,2,0,1,2,1
98,2173.947,418.581,129.913,20.164,0.938571,-0.344542,0.019361,0.343573,0.938234,0.040923,-0.032265,-0.031758,0.998975,0,0.82694,-0.11620,49.617,-0.232,-1,400.000,-1,375.000,625.000,325.000,325.000,325.000,325.000,-1,-1,-1,-1,750.000,575.000,-1,600.000,2,0,2,0,1,0,0,0,0,2,2,2,2,0,1,2,1
99,2220.882,435.595,128.359,19.925,0.940023,-0.340613,0.018435,0.339663,0.939639,0.041319,-0.031396,-0.032579,0.998976,0,0.83206,-0.11960,49.924,-0.239,-1,400.000,-1,400.000,575.000,325.000,325.000,325.000,325.000,-1,-1,-1,-1,750.000,550.000,-1,575.000,2,0,2,0,1,0,0,0,0,2,2,2,2,0,1,2,1
100,2268.175,452.509,126.791,19.679,0.941497,-0.336561,0.017633,0.335630,0.941074,0.041628,-0.030605,-0.033275,0.998978,0,0.83710,-0.12319,50.226,-0.246,-1,400.000,-1,400.000,525.000,325.000,325.000,325.000,325.000,-1,-1,-1,-1,725.000,525.000,-1,525.000,2,0,2,1,1,0,0,0,0,2,2,2,2,0,1,2,1
101,2315.822,469.311,125.143,19.425,0.942987,-0.332382,0.017232,0.331465,0.942546,0.041678,-0.030095,-0.033590,0.998982,0,0.84205,-0.12700,50.523,-0.254,-1,400.000,-1,375.000,475.000,325.000,325.000,325.000,325.000,-1,-1,-1,-1,725.000,500.000,-1,475.000,2,0,2,1,1,0,0,0,0,2,2,2,2,0,1,2,1
102,2363.820,485.991,123.509,19.163,0.944505,-0.328064,0.016841,0.327161,0.944048,0.041707,-0.029581,-0.033882,0.998988,0,0.84689,-0.13105,50.814,-0.262,-1,400.000,-1,350.000,425.000,325.000,325.000,325.000,325.000,-1,-1,-1,-1,725.000,475.000,-1,425.000,2,0,2,1,1,0,1,0,0,2,2,2,2,0,1,2,1
103,2412.164,502.536,121.891,18.892,0.946052,-0.323597,0.016461,0.322709,0.945579,0.041713,-0.029063,-0.034150,0.998994,0,0.85161,-0.13536,51.096,-0.271,-1,400.000,-1,325.000,400.000,325.000,300.000,325.000,325.000,-1,-1,-1,-1,725.000,450.000,-1,400.000,2,1,2,1,1,1,1,0,0,2,2,2,2,0,1,2,1
104,2460.847,518.931,120.290,18.612,0.947628,-0.318970,0.016092,0.318098,0.947140,0.041696,-0.028541,-0.034393,0.999001,0,0.85616,-0.13997,51.370,-0.280,-1,375.000,-1,300.000,350.000,300.000,275.000,325.000,325.000,-1,-1,-1,-1,700.000,425.000,-1,350.000,2,1,2,1,1,1,1,0,0,2,2,2,2,0,1,2,1
105,2509.861,535.162,118.705,18.322,0.949235,-0.314173,0.015734,0.313317,0.948735,0.041657,-0.028015,-0.034612,0.999008,0,0.86053,-0.14491,51.632,-0.290,-1,375.000,-1,300.000,300.000,300.000,275.000,300.000,325.000,-1,-1,-1,-1,700.000,400.000,-1,300.000,2,1,2,1,1,1,1,0,0,2,2,2,2,0,1,2,1
106,2559.196,551.213,117.199,18.022,0.950874,-0.309190,0.015487,0.308339,0.950355,0.041860,-0.027660,-0.035029,0.999003,0,0.86467,-0.15021,51.880,-0.300,-1,375.000,-1,275.000,250.000,275.000,250.000,300.000,325.000,-1,-1,-1,-1,700.000,375.000,-1,250.000,2,1,2,1,1,1,1,0,0,2,2,2,2,0,1,2,1
107,2608.837,567.071,118.909,17.710,0.952713,-0.303858,0.002695,0.303342,0.951541,0.050534,-0.017920,-0.047327,0.998719,0,0.86855,-0.15593,52.113,-0.312,-1,375.000,-1,275.000,225.000,300.000,250.000,300.000,350.000,-1,425.000,525.000,-1,725.000,375.000,-1,250.000,2,1,2,1,1,1,1,0,0,2,0,0,2,0,1,2,1
108,2658.770,582.714,121.091,17.386,0.954418,-0.298243,-0.011756,0.298395,0.952521,0.060533,-0.006856,-0.061281,0.998097,0,0.87211,-0.16210,52.327,-0.324,-1,425.000,-1,275.000,225.000,300.000,250.000,300.000,400.000,-1,275.000,350.000,-1,775.000,400.000,-1,250.000,2,0,2,1,1,1,1,0,0,2,0,0,2,0,1,2,1
109,2713.197,599.180,123.353,16.822,0.957099,-0.288562,-0.026329,0.289724,0.954462,0.071146,0.004600,-0.075722,0.997118,0,0.94772,-0.28210,56.863,-0.564,-1,425.000,-1,275.000,225.000,325.000,275.000,275.000,450.000,-1,200.000,300.000,-1,825.000,400.000,-1,250.000,2,0,2,1,1,1,1,0,0,2,0,0,2,0,1,2,1
110,2768.041,614.934,125.952,16.017,0.960623,-0.274858,-0.040695,0.277333,0.957446,0.079897,0.017003,-0.088037,0.995972,0,0.95101,-0.40210,57.060,-0.804,-1,450.000,-1,300.000,225.000,325.000,275.000,275.000,450.000,-1,150.000,275.000,-1,875.000,425.000,-1,250.000,2,0,2,1,1,1,1,0,1,2,0,0,2,0,1,2,1
111,2823.345,629.737,128.437,14.973,0.964881,-0.257058,-0.054097,0.261086,0.961155,0.089531,0.028981,-0.100510,0.994514,0,0.95415,-0.52210,57.249,-1.044,-1,475.000,-1,300.000,225.000,350.000,275.000,275.000,425.000,775.000,100.000,250.000,-1,950.000,450.000,-1,250.000,2,0,2,1,1,1,1,0,1,0,0,0,2,0,1,2,1
112,2879.143,643.341,130.854,13.689,0.969680,-0.235127,-0.066605,0.240964,0.965337,0.100306,0.040712,-0.113315,0.992725,0,0.95717,-0.64210,57.430,-1.284,-1,500.000,-1,300.000,225.000,350.000,300.000,275.000,425.000,625.000,75.000,225.000,-1,1000.000,450.000,-1,250.000,2,0,2,1,1,1,1,0,1,0,0,0,2,0,1,2,1
113,2935.452,655.493,133.314,12.165,0.974713,-0.209058,-0.078927,0.217010,0.969819,0.111164,0.053305,-0.125481,0.990663,0,0.96004,-0.76210,57.602,-1.524,-1,525.000,-1,300.000,200.000,375.000,300.000,250.000,400.000,525.000,75.000,200.000,-1,-1,500.000,-1,250.000,2,0,2,1,1,1,1,0,1,0,0,0,2,2,1,2,1
114,2992.270,665.936,135.981,10.401,0.979693,-0.178803,-0.090725,0.189210,0.974168,0.123271,0.066341,-0.137934,0.988217,0,0.96275,-0.88210,57.765,-1.764,-1,550.000,-1,300.000,200.000,375.000,300.000,250.000,400.000,425.000,50.000,200.000,-1,-1,525.000,-1,225.000,2,0,2,1,1,1,1,0,1,0,0,0,2,2,1,2,1
115,3049.567,674.414,138.896,8.401,0.984255,-0.144417,-0.101913,0.157684,0.977926,0.137099,0.079864,-0.151011,0.985301,0,0.96525,-1.00000,57.915,-2.000,-1,575.000,-1,300.000,200.000,400.000,300.000,250.000,400.000,375.000,50.000,175.000,-1,-1,550.000,-1,225.000,2,0,2,1,1,1,1,0,1,0,0,0,2,2,1,2,1
116,9511.018,-4919.488,264.329,60.064,0.497300,-0.866309,0.046916,0.866133,0.498865,0.030763,-0.050055,0.025337,0.998425,1,0.00000,0.00000,58.048,-2.000,-1,375.000,-1,325.000,875.000,300.000,275.000,450.000,300.000,-1,0.000,25.000,650.000,700.000,575.000,-1,850.000,2,0,2,0,0,0,0,0,0,2,1,1,1,0,0,2,0
117,9513.431,-4915.339,263.814,59.824,0.501074,-0.864251,0.044671,0.864043,0.502513,0.030170,-0.048522,0.023480,0.998546,0,0.08000,-0.12000,4.800,-0.240,-1,375.000,-1,350.000,900.000,300.000,300.000,450.000,300.000,-1,0.000,25.000,675.000,700.000,575.000,-1,875.000,2,0,2,0,0,0,0,0,0,2,1,1,1,0,0,2,0
118,9518.326,-4907.081,262.797,59.344,0.508572,-0.860079,0.040234,0.859817,0.509776,0.029041,-0.045488,0.019825,0.998768,0,0.16000,-0.24000,9.600,-0.480,-1,375.000,-1,350.000,1000.000,300.000,300.000,425.000,300.000,-1,0.000,25.000,675.000,700.000,575.000,-1,950.000,2,0,2,0,0,0,0,0,0,2,1,1,1,0,0,2,0
119,9524.294,-4897.259,261.586,58.717,0.518253,-0.854514,0.034911,0.854204,0.519198,0.027734,-0.041825,0.015448,0.999006,0,0.19157,-0.31354,11.494,-0.627,-1,375.000,-1,350.000,-1,300.000,300.000,425.000,300.000,-1,0.000,0.000,675.000,725.000,600.000,-1,-1,2,0,2,0,2,0,0,0,0,2,1,1,1,0,0,2,2
120,9530.436,-4887.399,260.392,58.081,0.527976,-0.848742,0.029634,0.848400,0.528690,0.026529,-0.038183,0.011135,0.999209,0,0.19362,-0.31828,11.617,-0.637,-1,375.000,-1,350.000,-1,300.000,300.000,400.000,300.000,-1,0.000,0.000,675.000,725.000,625.000,-1,-1,2,0,2,0,2,0,0,0,0,2,1,1,1,0,0,2,2
121,9536.760,-4877.498,259.215,57.435,0.537739,-0.842758,0.024412,0.842402,0.538249,0.025425,-0.034566,0.006892,0.999379,0,0.19581,-0.32309,11.748,-0.646,-1,375.000,-1,350.000,-1,300.000,300.000,400.000,300.000,-1,0.000,0.000,675.000,725.000,625.000,-1,-1,2,0,2,0,2,0,0,0,0,2,1,1,1,0,0,2,2
122,9543.273,-4867.553,258.057,56.779,0.547541,-0.836557,0.019254,0.836205,0.547872,0.024423,-0.030980,0.002728,0.999516,0,0.19813,-0.32797,11.888,-0.656,-1,375.000,-1,350.000,-1,300.000,300.000,375.000,300.000,-1,0.000,0.000,675.000,725.000,650.000,-1,-1,2,0,2,0,2,0,0,0,0,2,1,1,1,0,0,2,2
123,9549.983,-4857.562,256.920,56.113,0.557380,-0.830137,0.014172,0.829804,0.557559,0.023524,-0.027430,-0.001352,0.999623,0,0.20060,-0.33292,12.036,-0.666,-1,375.000,-1,375.000,-1,300.000,300.000,375.000,325.000,-1,0.000,0.000,675.000,725.000,650.000,-1,-1,2,0,2,0,2,0,0,0,0,2,1,1,1,0,0,2,2
124,9556.899,-4847.522,255.762,55.437,0.567258,-0.823490,0.009108,0.823188,0.567304,0.022953,-0.024069,-0.005523,0.999695,0,0.20320,-0.33794,12.192,-0.676,-1,375.000,-1,375.000,-1,300.000,300.000,350.000,325.000,-1,0.000,0.000,675.000,725.000,675.000,-1,-1,2,0,2,0,2,0,0,0,0,2,1,1,1,0,0,2,2
125,9564.030,-4837.431,254.606,54.751,0.577172,-0.816612,0.004115,0.816357,0.577106,0.022605,-0.020834,-0.009688,0.999736,0,0.20594,-0.34305,12.357,-0.686,-1,375.000,-1,375.000,-1,300.000,300.000,350.000,325.000,-1,0.000,0.000,675.000,725.000,700.000,-1,-1,2,0,2,0,2,0,0,0,0,2,1,1,1,0,0,2,2
126,9571.384,-4827.287,253.477,54.054,0.587122,-0.809498,-0.000759,0.809306,0.586961,0.022365,-0.017659,-0.013745,0.999750,0,0.20882,-0.34823,12.529,-0.696,-1,375.000,-1,375.000,-1,325.000,300.000,350.000,325.000,-1,0.000,0.000,675.000,725.000,700.000,-1,-1,2,0,2,0,2,0,0,0,0,2,1,1,1,0,0,2,2
127,9578.972,-4817.089,252.760,53.347,0.597091,-0.802166,-0.003514,0.802018,0.596884,0.022300,-0.015791,-0.016134,0.999745,0,0.21185,-0.35349,12.711,-0.707,-1,375.000,-1,375.000,-1,325.000,325.000,325.000,325.000,-1,0.000,0.000,700.000,725.000,725.000,-1,-1,2,0,2,0,2,0,0,0,0,2,1,1,1,0,0,2,2
128,9586.802,-4806.836,252.525,52.630,0.607095,-0.794620,-0.003790,0.794479,0.606880,0.022339,-0.015451,-0.016573,0.999743,0,0.21501,-0.35885,12.901,-0.718,-1,375.000,-1,375.000,-1,325.000,300.000,325.000,325.000,-1,0.000,0.000,700.000,725.000,725.000,-1,-1,2,0,2,0,2,0,0,0,0,2,1,1,1,0,0,2,2
129,9594.884,-4796.528,252.296,51.901,0.617152,-0.786834,-0.004054,0.786699,0.616931,0.022368,-0.015099,-0.016993,0.999742,0,0.21832,-0.36429,13.099,-0.729,-1,375.000,-1,375.000,-1,325.000,300.000,325.000,325.000,-1,0.000,0.000,700.000,725.000,725.000,-1,-1,2,0,2,0,2,0,0,0,0,2,1,1,1,0,0,2,2
130,9603.229,-4786.164,252.072,51.162,0.627259,-0.778799,-0.004304,0.778672,0.627032,0.022384,-0.014734,-0.017393,0.999740,0,0.22176,-0.36982,13.306,-0.740,-1,375.000,-1,375.000,-1,300.000,300.000,325.000,325.000,-1,0.000,0.000,700.000,725.000,725.000,-1,-1,2,0,2,0,2,0,0,0,0,2,1,1,1,0,0,2,2
131,9611.845,-4775.744,251.854,50.411,0.637412,-0.770510,-0.004542,0.770389,0.637180,0.022388,-0.014356,-0.017770,0.999739,0,0.22535,-0.37544,13.521,-0.751,-1,375.000,-1,375.000,-1,300.000,300.000,325.000,325.000,-1,25.000,25.000,725.000,725.000,725.000,-1,-1,2,0,2,0,2,0,0,0,0,2,1,1,1,0,0,2,2
132,9620.745,-4765.269,251.642,49.648,0.647608,-0.761959,-0.004766,0.761846,0.647371,0.022378,-0.013965,-0.018123,0.999738,0,0.22909,-0.38117,13.745,-0.762,-1,375.000,-1,375.000,-1,300.000,300.000,325.000,325.000,-1,50.000,25.000,725.000,725.000,725.000,-1,-1,2,0,2,0,2,0,0,0,0,2,1,1,1,0,0,2,2
133,9629.938,-4754.740,251.438,48.874,0.657841,-0.753140,-0.004977,0.753035,0.657601,0.022352,-0.013562,-0.018452,0.999738,0,0.23296,-0.38699,13.978,-0.774,-1,375.000,-1,375.000,-1,300.000,300.000,325.000,325.000,-1,50.000,50.000,725.000,700.000,725.000,-1,-1,2,0,2,0,2,0,0,0,0,2,1,1,1,0,0,2,2
134,9639.436,-4744.158,251.240,48.088,0.668108,-0.744046,-0.005172,0.743948,0.667865,0.022311,-0.013146,-0.018754,0.999738,0,0.23698,-0.39292,14.219,-0.786,-1,375.000,-1,375.000,-1,300.000,300.000,325.000,325.000,-1,75.000,50.000,725.000,700.000,725.000,-1,-1,2,0,2,0,2,0,0,0,0,2,1,1,1,0,0,2,2
135,9649.250,-4733.527,251.050,47.291,0.678403,-0.734670,-0.005353,0.734580,0.678158,0.022251,-0.012717,-0.019028,0.999738,0,0.24114,-0.39895,14.468,-0.798,-1,375.000,-1,375.000,-1,300.000,300.000,325.000,325.000,-1,100.000,75.000,750.000,700.000,725.000,-1,-1,2,0,2,0,2,0,0,0,0,2,1,1,1,0,0,2,2
136,9659.391,-4722.848,250.868,46.480,0.688722,-0.725004,-0.005518,0.724921,0.688475,0.022174,-0.012277,-0.019271,0.999739,0,0.24544,-0.40508,14.727,-0.810,-1,375.000,-1,375.000,-1,300.000,300.000,325.000,325.000,-1,100.000,75.000,750.000,700.000,725.000,-1,-1,2,0,2,0,2,0,0,0,0,2,1,1,1,0,0,2,2
137,9669.913,-4712.167,250.696,45.430,0.701892,-0.712260,-0.005678,0.712186,0.701643,0.022101,-0.011758,-0.019557,0.999740,0,0.24989,-0.52508,14.993,-1.050,-1,375.000,-1,375.000,-1,300.000,300.000,325.000,325.000,-1,125.000,75.000,750.000,700.000,725.000,-1,-1,2,0,2,0,2,0,0,0,0,2,1,1,1,0,0,2,2
138,9680.871,-4701.532,250.535,44.140,0.717749,-0.696278,-0.005823,0.696212,0.717498,0.022030,-0.011161,-0.019866,0.999740,0,0.25450,-0.64508,15.270,-1.290,-1,375.000,-1,375.000,-1,300.000,300.000,325.000,325.000,-1,150.000,100.000,775.000,700.000,725.000,-1,-1,2,0,2,0,2,0,0,0,0,2,1,1,1,0,0,2,2
