timestep,x_cm,y_cm,z_cm,yaw_deg,basis_xx,basis_xy,basis_xz,basis_yx,basis_yy,basis_yz,basis_zx,basis_zy,basis_zz,teleport_flag,throttle_cmd,steering_cmd,cmd_move_cm,cmd_turn_deg,lidar_cm_0,lidar_cm_1,lidar_cm_2,lidar_cm_3,lidar_cm_4,lidar_cm_5,lidar_cm_6,lidar_cm_7,lidar_cm_8,lidar_cm_9,lidar_cm_10,lidar_cm_11,lidar_cm_12,lidar_cm_13,lidar_cm_14,lidar_cm_15,lidar_cm_16,lidar_class_0,lidar_class_1,lidar_class_2,lidar_class_3,lidar_class_4,lidar_class_5,lidar_class_6,lidar_class_7,lidar_class_8,lidar_class_9,lidar_class_10,lidar_class_11,lidar_class_12,lidar_class_13,lidar_class_14,lidar_class_15,lidar_class_16
0,-8196.333,980.012,49.190,-54.536,0.582420,0.811233,0.051851,-0.812105,0.577873,0.080924,0.035685,-0.089240,0.995371,1,0.08000,-0.12000,4.800,-0.240,-1,375.000,-1,400.000,-1,300.000,325.000,275.000,325.000,-1,400.000,300.000,-1,675.000,850.000,-1,-1,2,0,2,0,2,0,0,0,0,2,0,0,2,0,0,2,2
1,-8190.829,972.145,49.576,-55.016,0.575613,0.816109,0.051336,-0.816906,0.571101,0.080673,0.036520,-0.088373,0.995418,0,0.16000,-0.24000,9.600,-0.480,-1,375.000,-1,400.000,-1,300.000,325.000,275.000,325.000,-1,400.000,300.000,-1,675.000,850.000,-1,-1,2,0,2,0,2,0,0,0,0,2,0,0,2,0,0,2,2
2,-8182.723,960.243,50.172,-55.736,0.565327,0.823315,0.050571,-0.824002,0.560865,0.080321,0.037766,-0.087079,0.995485,0,0.24000,-0.36000,14.400,-0.720,-1,375.000,-1,400.000,-1,300.000,325.000,300.000,325.000,-1,425.000,325.000,-1,675.000,850.000,-1,-1,2,0,2,0,2,0,0,0,0,2,0,0,2,0,0,2,2
3,-8172.182,944.194,50.995,-56.696,0.551471,0.832720,0.049570,-0.833262,0.547073,0.079903,0.039419,-0.085369,0.995569,0,0.32000,-0.48000,19.200,-0.960,-1,375.000,-1,400.000,-1,300.000,325.000,300.000,325.000,-1,450.000,350.000,-1,700.000,875.000,-1,-1,2,0,2,0,2,0,0,0,0,2,0,0,2,0,0,2,2
4,-8159.429,923.862,52.069,-57.896,0.533929,0.844146,0.048351,-0.844512,0.529609,0.079463,0.041471,-0.083260,0.995665,0,0.40000,-0.60000,24.000,-1.200,-1,375.000,-1,400.000,-1,300.000,325.000,300.000,325.000,-1,500.000,375.000,-1,700.000,875.000,-1,-1,2,0,2,0,2,0,0,0,0,2,1,0,2,0,0,2,2
5,-8144.742,899.087,53.414,-59.336,0.512562,0.857367,0.046927,-0.857528,0.508334,0.079006,0.043883,-0.080736,0.995769,0,0.48000,-0.72000,28.800,-1.440,-1,375.000,-1,400.000,-1,300.000,325.000,300.000,325.000,-1,525.000,400.000,-1,725.000,875.000,-1,-1,2,0,2,0,2,0,0,0,0,2,1,0,2,0,0,2,2
6,-8128.463,869.692,55.057,-61.016,0.487214,0.872106,0.045323,-0.872037,0.483093,0.078568,0.046624,-0.077802,0.995878,0,0.56000,-0.84000,33.600,-1.680,-1,375.000,-1,400.000,-1,300.000,325.000,300.000,325.000,-1,550.000,450.000,-1,750.000,900.000,-1,-1,2,0,2,0,2,0,0,0,0,2,1,0,2,0,0,2,2
7,-8110.858,835.565,57.023,-62.707,0.461263,0.886192,0.043600,-0.885887,0.457255,0.078246,0.049404,-0.074717,0.995980,0,0.64000,-0.84553,38.400,-1.691,-1,375.000,-1,425.000,-1,300.000,325.000,300.000,325.000,-1,575.000,500.000,-1,775.000,925.000,-1,-1,2,0,2,0,2,0,0,0,0,2,1,0,2,0,0,2,2
8,-8092.194,796.603,59.318,-64.400,0.434876,0.899523,0.041732,-0.898974,0.430989,0.078068,0.052238,-0.071466,0.996074,0,0.72000,-0.84610,43.200,-1.692,-1,375.000,-1,425.000,-1,325.000,325.000,300.000,325.000,-1,625.000,550.000,-1,825.000,950.000,-1,-1,2,0,2,0,2,0,0,0,0,2,1,0,2,0,0,2,2
9,-8072.745,752.719,61.886,-66.094,0.408055,0.912106,0.039416,-0.911279,0.404308,0.078134,0.055331,-0.067802,0.996163,0,0.80000,-0.84714,48.000,-1.694,-1,400.000,-1,425.000,-1,325.000,325.000,300.000,325.000,-1,650.000,625.000,-1,850.000,975.000,-1,-1,2,0,2,0,2,0,0,0,0,2,1,0,2,0,0,2,2
10,-8053.585,705.779,64.572,-67.791,0.380759,0.923939,0.036870,-0.922862,0.377216,0.077674,0.057858,-0.063601,0.996297,0,0.84497,-0.84875,50.698,-1.698,-1,400.000,-1,425.000,-1,325.000,350.000,300.000,325.000,-1,700.000,675.000,-1,900.000,975.000,-1,-1,2,0,2,0,2,0,0,0,0,2,1,0,2,0,0,2,2
11,-8035.936,658.584,67.081,-69.493,0.352957,0.935027,0.033864,-0.933755,0.349719,0.076151,0.059360,-0.058498,0.996521,0,0.83977,-0.85095,50.386,-1.702,-1,400.000,-1,425.000,-1,325.000,350.000,300.000,325.000,-1,775.000,775.000,-1,925.000,975.000,-1,-1,2,0,2,0,2,0,0,0,0,2,1,1,2,0,0,2,2
12,-8019.792,611.149,69.696,-71.200,0.324743,0.945294,0.031011,-0.943854,0.321796,0.074746,0.060678,-0.053543,0.996720,0,0.83511,-0.85361,50.106,-1.707,-1,425.000,-1,425.000,-1,350.000,350.000,300.000,300.000,-1,825.000,800.000,-1,950.000,975.000,-1,-1,2,0,2,0,2,0,0,0,0,2,1,1,2,0,0,2,2
13,-8005.144,563.486,72.416,-72.914,0.296128,0.954729,0.028299,-0.953146,0.293460,0.073444,0.061815,-0.048722,0.996898,0,0.83105,-0.85672,49.863,-1.713,-1,425.000,-1,425.000,-1,350.000,350.000,300.000,300.000,-1,900.000,850.000,-1,975.000,975.000,-1,-1,2,0,2,0,2,0,0,0,0,2,1,1,2,0,0,2,2
14,-7991.986,515.602,74.649,-74.634,0.267213,0.963214,0.028568,-0.961716,0.264692,0.070992,0.060819,-0.046444,0.997068,0,0.82765,-0.86025,49.659,-1.721,-1,425.000,-1,425.000,-1,350.000,350.000,300.000,300.000,-1,-1,925.000,-1,975.000,975.000,-1,-1,2,0,2,0,2,0,0,0,0,2,2,1,2,0,0,2,2
15,-7980.317,467.501,76.939,-76.363,0.237929,0.970846,0.029102,-0.969459,0.235541,0.068335,0.059488,-0.044472,0.997238,0,0.82494,-0.86419,49.496,-1.728,-1,425.000,-1,425.000,-1,350.000,350.000,300.000,300.000,-1,-1,1000.000,-1,975.000,950.000,-1,-1,2,0,2,0,2,0,0,0,0,2,2,1,2,0,0,2,2
16,-7970.136,419.186,79.329,-78.100,0.208280,0.977620,0.029653,-0.976349,0.206021,0.065561,0.057984,-0.042607,0.997408,0,0.82293,-0.86850,49.376,-1.737,-1,425.000,-1,425.000,-1,350.000,350.000,300.000,300.000,-1,-1,-1,-1,950.000,950.000,-1,-1,2,0,2,0,2,0,0,0,0,2,2,2,2,0,0,2,2
17,-7961.446,370.659,81.820,-79.846,0.178278,0.983517,0.030195,-0.982367,0.176146,0.062673,0.056321,-0.040836,0.997577,0,0.82165,-0.87317,49.299,-1.746,-1,425.000,-1,425.000,-1,350.000,325.000,275.000,300.000,-1,-1,-1,-1,950.000,925.000,-1,-1,2,0,2,0,2,0,0,0,0,2,2,2,2,0,0,2,2
18,-7954.252,321.922,84.410,-81.602,0.147936,0.988520,0.030705,-0.987494,0.145929,0.059675,0.054509,-0.039149,0.997746,0,0.82109,-0.87818,49.265,-1.756,-1,425.000,-1,425.000,-1,325.000,325.000,275.000,300.000,-1,-1,-1,-1,925.000,900.000,-1,-1,2,0,2,0,2,0,0,0,0,2,2,2,2,0,0,2,2
19,-7948.563,272.978,87.099,-83.369,0.117268,0.992611,0.031156,-0.991708,0.115385,0.056575,0.052562,-0.037532,0.997912,0,0.82123,-0.88350,49.274,-1.767,-1,425.000,-1,425.000,-1,325.000,325.000,275.000,300.000,-1,-1,-1,-1,900.000,900.000,-1,-1,2,0,2,0,2,0,0,0,0,2,2,2,2,0,0,2,2
20,-7944.391,223.831,89.884,-85.148,0.086290,0.995771,0.031526,-0.994990,0.084532,0.053384,0.050493,-0.035975,0.998076,0,0.82206,-0.88913,49.323,-1.778,-1,425.000,-1,400.000,-1,325.000,325.000,300.000,325.000,-1,-1,-1,-1,900.000,875.000,-1,-1,2,0,2,0,2,0,0,0,0,2,2,2,2,0,0,2,2
21,-7941.752,174.489,92.766,-86.938,0.055021,0.997979,0.031791,-0.997316,0.053388,0.050113,0.048314,-0.034463,0.998237,0,0.82355,-0.89504,49.413,-1.790,-1,425.000,-1,400.000,-1,325.000,325.000,300.000,325.000,-1,-1,-1,-1,875.000,875.000,-1,-1,2,0,2,0,2,0,0,0,0,2,2,2,2,0,0,2,2
22,-7940.663,124.961,95.738,-88.740,0.023480,0.999215,0.031907,-0.998663,0.021973,0.046794,0.046057,-0.032963,0.998395,0,0.82567,-0.90122,49.540,-1.802,-1,425.000,-1,400.000,-1,325.000,325.000,300.000,325.000,-1,-1,-1,-1,875.000,850.000,-1,-1,2,0,2,0,2,0,0,0,0,2,2,2,2,0,0,2,2
23,-7941.145,75.259,98.784,-90.556,-0.008311,0.999459,0.031806,-0.999007,-0.009691,0.043488,0.043773,-0.031413,0.998548,0,0.82840,-0.90766,49.704,-1.815,-1,400.000,-1,400.000,-1,325.000,325.000,300.000,325.000,-1,-1,-1,-1,850.000,850.000,-1,-1,2,0,2,0,2,0,0,0,0,2,2,2,2,0,0,2,2
24,-7943.221,25.401,101.881,-92.384,-0.040335,0.998693,0.031390,-0.998328,-0.041582,0.040143,0.041396,-0.029718,0.998701,0,0.83169,-0.91433,49.901,-1.829,-1,400.000,-1,400.000,-1,325.000,325.000,300.000,325.000,-1,-1,-1,-1,825.000,850.000,-1,-1,2,0,2,0,2,0,0,0,0,2,2,2,2,0,0,2,2
25,-7946.831,-26.569,104.125,-93.973,-0.068018,0.997149,0.032668,-0.996864,-0.069253,0.038280,0.040433,-0.029961,0.998733,0,0.86825,-0.79433,52.095,-1.589,-1,400.000,-1,400.000,-1,325.000,325.000,300.000,325.000,-1,-1,-1,-1,800.000,850.000,-1,-1,2,0,2,0,2,0,0,0,0,2,2,2,2,0,0,2,2
26,-7951.688,-78.711,105.827,-95.322,-0.091524,0.995269,0.032597,-0.995013,-0.092706,0.036799,0.039647,-0.029067,0.998791,0,0.87281,-0.67433,52.368,-1.349,-1,400.000,-1,400.000,-1,325.000,325.000,300.000,325.000,-1,-1,-1,-1,800.000,850.000,-1,-1,2,0,2,0,2,0,0,0,0,2,2,2,2,0,0,2,2
27,-7957.587,-131.049,107.574,-96.430,-0.110817,0.993310,0.032471,-0.993085,-0.111948,0.035348,0.038747,-0.028329,0.998847,0,0.87782,-0.55433,52.669,-1.109,-1,400.000,-1,400.000,-1,325.000,325.000,300.000,325.000,-1,-1,-1,-1,775.000,850.000,-1,-1,2,0,2,0,2,0,0,0,0,2,2,2,2,0,0,2,2
28,-7964.319,-183.612,109.362,-97.299,-0.125914,0.991515,0.032313,-0.991323,-0.126996,0.033920,0.037736,-0.027762,0.998902,0,0.88321,-0.43433,52.992,-0.869,-1,400.000,-1,400.000,-1,325.000,325.000,300.000,325.000,-1,-1,-1,-1,775.000,825.000,-1,-1,2,0,2,0,2,0,0,0,0,2,2,2,2,0,0,2,2
29,-7971.675,-236.436,111.188,-97.928,-0.136834,0.990072,0.032147,-0.989917,-0.137868,0.032505,0.036614,-0.027375,0.998954,0,0.88889,-0.31433,53.333,-0.629,-1,400.000,-1,400.000,-1,325.000,325.000,300.000,325.000,-1,-1,-1,-1,750.000,825.000,-1,-1,2,0,2,0,2,0,0,0,0,2,2,2,2,0,0,2,2
30,-7979.440,-289.559,113.051,-98.316,-0.143593,0.989119,0.031997,-0.989004,-0.144582,0.031094,0.035381,-0.027180,0.999004,0,0.89481,-0.19433,53.688,-0.389,-1,400.000,-1,400.000,-1,325.000,325.000,300.000,325.000,-1,-1,-1,-1,750.000,825.000,-1,-1,2,0,2,0,2,0,0,0,0,2,2,2,2,0,0,2,2
31,-7987.378,-342.900,114.943,-98.465,-0.146201,0.988741,0.031886,-0.988669,-0.147148,0.029683,0.034041,-0.027185,0.999051,0,0.89881,-0.07433,53.929,-0.149,-1,400.000,-1,400.000,-1,325.000,325.000,300.000,325.000,-1,-1,-1,-1,750.000,825.000,-1,-1,2,0,2,0,2,0,0,0,0,2,2,2,2,0,0,2,2
32,-7995.232,-396.254,116.852,-98.373,-0.144664,0.988968,0.031841,-0.988944,-0.145570,0.028274,0.032597,-0.027399,0.999093,0,0.89881,0.04567,53.929,0.091,-1,400.000,-1,400.000,-1,325.000,325.000,300.000,325.000,-1,-1,-1,-1,725.000,825.000,-1,-1,2,0,2,0,2,0,0,0,0,2,2,2,2,0,0,2,2
33,-8002.776,-449.652,118.761,-98.042,-0.138978,0.989783,0.031847,-0.989808,-0.139847,0.026904,0.031083,-0.027783,0.999131,0,0.89881,0.16567,53.929,0.331,-1,375.000,-1,400.000,-1,325.000,325.000,300.000,325.000,-1,-1,-1,-1,725.000,825.000,-1,-1,2,0,2,0,2,0,0,0,0,2,2,2,2,0,0,2,2
34,-8009.788,-503.123,120.595,-97.471,-0.129136,0.991120,0.031694,-0.991182,-0.129969,0.025816,0.029706,-0.028081,0.999164,0,0.89881,0.28567,53.929,0.571,-1,375.000,-1,400.000,-1,325.000,325.000,300.000,325.000,-1,-1,-1,-1,700.000,800.000,-1,-1,2,0,2,0,2,0,0,0,0,2,2,2,2,0,0,2,2
35,-8015.893,-551.870,122.262,-97.139,-0.123435,0.991851,0.031542,-0.991943,-0.124235,0.024799,0.028515,-0.028227,0.999195,0,0.81881,0.16567,49.129,0.331,-1,375.000,-1,400.000,-1,300.000,325.000,300.000,325.000,-1,-1,-1,-1,700.000,800.000,-1,-1,2,0,2,0,2,0,0,0,0,2,2,2,2,0,0,2,2
36,-8021.832,-599.907,123.905,-97.048,-0.121888,0.992048,0.031360,-0.992165,-0.122654,0.023761,0.027418,-0.028219,0.999226,0,0.80671,0.04567,48.403,0.091,-1,375.000,-1,400.000,-1,300.000,300.000,300.000,325.000,-1,-1,-1,-1,700.000,800.000,-1,-1,2,0,2,0,2,0,0,0,0,2,2,2,2,0,0,2,2
37,-8027.727,-647.949,125.538,-96.996,-0.120993,0.992161,0.031269,-0.992286,-0.121745,0.023373,0.026996,-0.028200,0.999238,0,0.80671,0.02624,48.403,0.052,-1,375.000,-1,400.000,-1,300.000,300.000,300.000,325.000,-1,-1,-1,-1,675.000,800.000,-1,-1,2,0,2,0,2,0,0,0,0,2,2,2,2,0,0,2,2
38,-8033.579,-695.997,127.170,-96.943,-0.120092,0.992294,0.030513,-0.992383,-0.120839,0.023939,0.027441,-0.027406,0.999248,0,0.80671,0.02624,48.403,0.052,-1,375.000,-1,400.000,-1,300.000,300.000,325.000,325.000,-1,-1,-1,-1,700.000,825.000,-1,-1,2,0,2,0,2,0,0,0,0,2,2,2,2,0,0,2,2
39,-8039.386,-744.050,128.661,-96.891,-0.119195,0.992438,0.029328,-0.992470,-0.119934,0.024895,0.028224,-0.026140,0.999260,0,0.80671,0.02624,48.403,0.052,-1,375.000,-1,400.000,-1,300.000,325.000,325.000,325.000,-1,-1,-1,-1,700.000,825.000,-1,-1,2,0,2,0,2,0,0,0,0,2,2,2,2,0,0,2,2
40,-8045.150,-792.108,130.145,-96.838,-0.118300,0.992579,0.028157,-0.992555,-0.119029,0.025813,0.028973,-0.024894,0.999270,0,0.80671,0.02624,48.403,0.052,-1,375.000,-1,400.000,-1,300.000,325.000,325.000,325.000,-1,-1,-1,-1,700.000,850.000,-1,-1,2,0,2,0,2,0,0,0,0,2,2,2,2,0,0,2,2
41,-8050.869,-840.171,131.622,-96.786,-0.117407,0.992717,0.027001,-0.992640,-0.118124,0.026693,0.029688,-0.023669,0.999279,0,0.80671,0.02624,48.403,0.052,-1,375.000,-1,400.000,-1,300.000,325.000,325.000,325.000,-1,-1,-1,-1,700.000,850.000,-1,-1,2,0,2,0,2,0,0,0,0,2,2,2,2,0,0,2,2
42,-8056.545,-888.240,133.091,-96.733,-0.116515,0.992852,0.025859,-0.992724,-0.117218,0.027537,0.030371,-0.022463,0.999286,0,0.80671,0.02624,48.403,0.052,-1,375.000,-1,400.000,-1,300.000,325.000,325.000,325.000,-1,-1,-1,-1,725.000,875.000,-1,-1,2,0,2,0,2,0,0,0,0,2,2,2,2,0,0,2,2
43,-8062.176,-936.314,134.554,-96.681,-0.115626,0.992985,0.024732,-0.992808,-0.116311,0.028344,0.031022,-0.021277,0.999292,0,0.80671,0.02624,48.403,0.052,-1,375.000,-1,400.000,-1,325.000,325.000,325.000,325.000,-1,-1,-1,-1,725.000,900.000,-1,-1,2,0,2,0,2,0,0,0,0,2,2,2,2,0,0,2,2
44,-8067.763,-984.393,136.011,-96.628,-0.114738,0.993115,0.023619,-0.992892,-0.115405,0.029115,0.031640,-0.020111,0.999297,0,0.80671,0.02624,48.403,0.052,-1,375.000,-1,400.000,-1,325.000,325.000,325.000,325.000,-1,-1,-1,-1,725.000,900.000,-1,-1,2,0,2,0,2,0,0,0,0,2,2,2,2,0,0,2,2
45,-8073.306,-1032.477,137.460,-96.576,-0.113851,0.993243,0.022521,-0.992975,-0.114498,0.029850,0.032227,-0.018964,0.999301,0,0.80671,0.02624,48.403,0.052,-1,375.000,-1,400.000,-1,325.000,325.000,325.000,325.000,-1,-1,-1,-1,725.000,925.000,-1,-1,2,0,2,0,2,0,0,0,0,2,2,2,2,0,0,2,2
46,-8078.805,-1080.566,138.903,-96.523,-0.112966,0.993368,0.021436,-0.993058,-0.113590,0.030550,0.032782,-0.017836,0.999303,0,0.80671,0.02624,48.403,0.052,-1,375.000,-1,400.000,-1,325.000,325.000,325.000,325.000,-1,-1,-1,-1,725.000,950.000,-1,-1,2,0,2,0,2,0,0,0,0,2,2,2,2,0,0,2,2
47,-8084.261,-1128.660,140.340,-96.471,-0.112082,0.993490,0.020366,-0.993141,-0.112683,0.031215,0.033307,-0.016728,0.999305,0,0.80671,0.02624,48.403,0.052,-1,375.000,-1,425.000,-1,325.000,325.000,300.000,325.000,-1,-1,-1,-1,750.000,950.000,-1,-1,2,0,2,0,2,0,0,0,0,2,2,2,2,0,0,2,2
48,-8089.671,-1176.760,141.770,-96.418,-0.111199,0.993611,0.019310,-0.993223,-0.111775,0.031846,0.033801,-0.015638,0.999306,0,0.80671,0.02624,48.403,0.052,-1,400.000,-1,425.000,-1,325.000,325.000,300.000,325.000,-1,-1,-1,-1,750.000,975.000,-1,-1,2,0,2,0,2,0,0,0,0,2,2,2,2,0,0,2,2
49,-8095.038,-1224.864,143.194,-96.366,-0.110317,0.993729,0.018268,-0.993306,-0.110866,0.032443,0.034265,-0.014567,0.999307,0,0.80671,0.02624,48.403,0.052,-1,400.000,-1,425.000,-1,325.000,325.000,300.000,325.000,-1,-1,-1,-1,750.000,1000.000,-1,-1,2,0,2,0,2,0,0,0,0,2,2,2,2,0,0,2,2
50,-8100.361,-1272.973,144.615,-96.313,-0.109436,0.993845,0.017224,-0.993388,-0.109958,0.032997,0.034688,-0.013499,0.999307,0,0.80671,0.02624,48.403,0.052,-1,400.000,-1,425.000,-1,325.000,325.000,300.000,325.000,-1,-1,-1,-1,750.000,-1,-1,-1,2,0,2,0,2,0,0,0,0,2,2,2,2,0,2,2,2
51,-8105.640,-1321.086,146.172,-96.261,-0.108593,0.993965,0.015512,-0.993504,-0.109050,0.032527,0.034022,-0.011879,0.999350,0,0.80671,0.02624,48.403,0.052,-1,400.000,-1,425.000,-1,325.000,325.000,300.000,325.000,-1,-1,-1,-1,750.000,-1,-1,-1,2,0,2,0,2,0,0,0,0,2,2,2,2,0,2,2,2
52,-8110.875,-1369.205,147.561,-96.209,-0.107761,0.994085,0.013514,-0.993632,-0.108142,0.031635,0.032909,-0.010019,0.999408,0,0.80671,0.02624,48.403,0.052,-1,400.000,-1,425.000,-1,325.000,325.000,300.000,325.000,-1,-1,-1,-1,750.000,-1,-1,-1,2,0,2,0,2,0,0,0,0,2,2,2,2,0,2,2,2
53,-8116.065,-1417.328,148.835,-96.156,-0.106939,0.994203,0.011144,-0.993766,-0.107233,0.030495,0.031513,-0.007813,0.999473,0,0.80671,0.02624,48.403,0.052,-1,400.000,-1,425.000,-1,325.000,325.000,300.000,325.000,-1,-1,-1,-1,750.000,-1,-1,-1,2,0,2,0,2,0,0,0,0,2,2,2,2,0,2,2,2
54,-8121.212,-1465.456,150.090,-96.104,-0.106110,0.994316,0.008787,-0.993898,-0.106324,0.029345,0.030112,-0.005619,0.999531,0,0.80671,0.02624,48.403,0.052,-1,400.000,-1,425.000,-1,325.000,325.000,300.000,325.000,-1,-1,-1,-1,725.000,1000.000,-1,-1,2,0,2,0,2,0,0,0,0,2,2,2,2,0,0,2,2
55,-8126.314,-1513.589,151.326,-96.051,-0.105274,0.994422,0.006443,-0.994029,-0.105415,0.028185,0.028707,-0.003438,0.999582,0,0.80671,0.02624,48.403,0.052,-1,400.000,-1,425.000,-1,325.000,325.000,300.000,300.000,-1,-1,-1,-1,725.000,1000.000,-1,-1,2,0,2,0,2,0,0,0,0,2,2,2,2,0,0,2,2
56,-8131.372,-1561.727,152.542,-95.999,-0.104431,0.994524,0.004113,-0.994157,-0.104504,0.027016,0.027298,-0.001268,0.999627,0,0.80671,0.02624,48.403,0.052,-1,400.000,-1,425.000,-1,325.000,325.000,300.000,300.000,-1,-1,-1,-1,725.000,1000.000,-1,-1,2,0,2,0,2,0,0,0,0,2,2,2,2,0,0,2,2
57,-8136.386,-1609.869,153.741,-95.946,-0.103582,0.994619,0.001796,-0.994284,-0.103594,0.025837,0.025884,0.000891,0.999665,0,0.80671,0.02624,48.403,0.052,-1,375.000,-1,425.000,-1,325.000,325.000,300.000,300.000,-1,-1,-1,-1,725.000,1000.000,-1,-1,2,0,2,0,2,0,0,0,0,2,2,2,2,0,0,2,2
58,-8141.356,-1658.015,154.921,-95.894,-0.102726,0.994710,-0.000508,-0.994409,-0.102682,0.024649,0.024467,0.003037,0.999696,0,0.80671,0.02624,48.403,0.052,-1,375.000,-1,425.000,-1,325.000,325.000,300.000,300.000,-1,-1,-1,-1,700.000,975.000,-1,-1,2,0,2,0,2,0,0,0,0,2,2,2,2,0,0,2,2
59,-8146.282,-1706.166,156.083,-95.841,-0.101863,0.994794,-0.002799,-0.994531,-0.101770,0.023453,0.023046,0.005173,0.999721,0,0.80671,0.02624,48.403,0.052,-1,375.000,-1,425.000,-1,325.000,325.000,300.000,300.000,-1,-1,-1,-1,700.000,975.000,-1,-1,2,0,2,0,2,0,0,0,0,2,2,2,2,0,0,2,2
60,-8151.163,-1754.322,157.228,-95.789,-0.100994,0.994874,-0.005077,-0.994652,-0.100858,0.022247,0.021621,0.007296,0.999740,0,0.80671,0.02624,48.403,0.052,-1,375.000,-1,425.000,-1,325.000,325.000,300.000,300.000,-1,-1,-1,-1,700.000,975.000,-1,-1,2,0,2,0,2,0,0,0,0,2,2,2,2,0,0,2,2
61,-8156.001,-1802.482,158.355,-95.736,-0.100118,0.994948,-0.007342,-0.994771,-0.099945,0.021033,0.020193,0.009409,0.999752,0,0.80671,0.02624,48.403,0.052,-1,375.000,-1,425.000,-1,325.000,325.000,300.000,300.000,-1,-1,-1,-1,700.000,975.000,-1,-1,2,0,2,0,2,0,0,0,0,2,2,2,2,0,0,2,2
62,-8160.946,-1850.141,159.445,-95.924,-0.103403,0.994593,-0.009593,-0.994464,-0.103198,0.019809,0.018712,0.011589,0.999758,0,0.79857,-0.09376,47.914,-0.188,-1,375.000,-1,425.000,-1,300.000,325.000,300.000,300.000,-1,-1,-1,-1,675.000,950.000,-1,-1,2,0,2,0,2,0,0,0,0,2,2,2,2,0,0,2,2
63,-8166.246,-1897.761,160.506,-96.351,-0.110844,0.993767,-0.011876,-0.993690,-0.110614,0.018560,0.017131,0.013859,0.999757,0,0.79857,-0.21376,47.914,-0.428,-1,375.000,-1,425.000,-1,300.000,325.000,300.000,300.000,-1,-1,-1,-1,675.000,950.000,-1,-1,2,0,2,0,2,0,0,0,0,2,2,2,2,0,0,2,2
64,-8172.044,-1945.323,161.489,-96.951,-0.121263,0.992522,-0.014000,-0.992497,-0.121013,0.017490,0.015665,0.016015,0.999749,0,0.79857,-0.30008,47.914,-0.600,-1,375.000,-1,425.000,-1,300.000,325.000,300.000,300.000,-1,-1,-1,-1,675.000,950.000,-1,-1,2,0,2,0,2,0,0,0,0,2,2,2,2,0,0,2,2
65,-8178.341,-1992.822,162.461,-97.552,-0.131675,0.991159,-0.016265,-0.991182,-0.131397,0.017128,0.014839,0.018377,0.999721,0,0.79857,-0.30008,47.914,-0.600,-1,375.000,-1,425.000,-1,300.000,325.000,300.000,300.000,-1,-1,-1,-1,675.000,975.000,-1,-1,2,0,2,0,2,0,0,0,0,2,2,2,2,0,0,2,2
66,-8185.134,-2040.253,163.237,-98.152,-0.142088,0.989671,-0.019044,-0.989747,-0.141764,0.017407,0.014527,0.021322,0.999667,0,0.79857,-0.30008,47.914,-0.600,-1,375.000,-1,425.000,-1,300.000,325.000,300.000,300.000,-1,-1,-1,-1,675.000,975.000,-1,-1,2,0,2,0,2,0,0,0,0,2,2,2,2,0,0,2,2
67,-8192.424,-2087.610,163.973,-98.752,-0.152481,0.988065,-0.021828,-0.988205,-0.152112,0.017684,0.014152,0.024266,0.999605,0,0.79857,-0.30008,47.914,-0.600,-1,375.000,-1,425.000,-1,300.000,325.000,300.000,300.000,-1,-1,-1,-1,700.000,1000.000,-1,-1,2,0,2,0,2,0,0,0,0,2,2,2,2,0,0,2,2
68,-8200.209,-2134.888,164.658,-99.352,-0.162854,0.986342,-0.024653,-0.986555,-0.162441,0.017937,0.013687,0.027243,0.999535,0,0.79857,-0.30008,47.914,-0.600,-1,375.000,-1,425.000,-1,300.000,325.000,300.000,300.000,-1,-1,-1,-1,700.000,1000.000,-1,-1,2,0,2,0,2,0,0,0,0,2,2,2,2,0,0,2,2
69,-8208.488,-2182.081,165.288,-99.952,-0.173204,0.984501,-0.027523,-0.984798,-0.172748,0.018168,0.013131,0.030252,0.999456,0,0.79857,-0.30008,47.914,-0.600,-1,375.000,-1,425.000,-1,300.000,325.000,300.000,300.000,-1,-1,-1,-1,700.000,1000.000,-1,-1,2,0,2,0,2,0,0,0,0,2,2,2,2,0,0,2,2
70,-8217.262,-2229.186,165.858,-100.552,-0.183530,0.982543,-0.030440,-0.982935,-0.183033,0.018376,0.012484,0.033294,0.999368,0,0.79857,-0.30008,47.914,-0.600,-1,375.000,-1,425.000,-1,300.000,325.000,300.000,300.000,-1,-1,-1,-1,700.000,-1,-1,-1,2,0,2,0,2,0,0,0,0,2,2,2,2,0,2,2,2
71,-8226.528,-2276.196,166.366,-101.153,-0.193828,0.980467,-0.033407,-0.980965,-0.193294,0.018564,0.011744,0.036369,0.999269,0,0.79857,-0.30008,47.914,-0.600,-1,375.000,-1,425.000,-1,325.000,325.000,300.000,300.000,-1,-1,-1,-1,725.000,-1,-1,-1,2,0,2,0,2,0,0,0,0,2,2,2,2,0,2,2,2
72,-8236.287,-2323.106,166.808,-101.753,-0.204098,0.978273,-0.036424,-0.978890,-0.203530,0.018731,0.010911,0.039478,0.999161,0,0.79857,-0.30008,47.914,-0.600,-1,375.000,-1,425.000,-1,325.000,325.000,300.000,300.000,-1,-1,-1,-1,725.000,-1,-1,-1,2,0,2,0,2,0,0,0,0,2,2,2,2,0,2,2,2
73,-8246.536,-2369.912,167.180,-102.353,-0.214338,0.975961,-0.039495,-0.976709,-0.213738,0.018880,0.009984,0.042622,0.999041,0,0.79857,-0.30008,47.914,-0.600,-1,375.000,-1,425.000,-1,325.000,325.000,300.000,300.000,-1,-1,-1,-1,725.000,-1,-1,-1,2,0,2,0,2,0,0,0,0,2,2,2,2,0,2,2,2
74,-8257.274,-2416.607,167.479,-102.953,-0.224544,0.973531,-0.042622,-0.974423,-0.223917,0.019011,0.008964,0.045800,0.998910,0,0.79857,-0.30008,47.914,-0.600,-1,375.000,-1,450.000,-1,325.000,325.000,300.000,300.000,-1,-1,-1,-1,725.000,-1,-1,-1,2,0,2,0,2,0,0,0,0,2,2,2,2,0,2,2,2
75,-8268.501,-2463.188,167.703,-103.553,-0.234716,0.970984,-0.045805,-0.972032,-0.234067,0.019125,0.007849,0.049013,0.998767,0,0.79857,-0.30008,47.914,-0.600,-1,375.000,-1,450.000,-1,325.000,350.000,300.000,300.000,-1,-1,-1,-1,750.000,-1,-1,-1,2,0,2,0,2,0,0,0,0,2,2,2,2,0,2,2,2
76,-8278.866,-2505.038,167.846,-103.913,-0.240797,0.969352,-0.048714,-0.970551,-0.240130,0.019192,0.006906,0.051900,0.998628,0,0.71857,-0.18008,43.114,-0.360,-1,375.000,-1,450.000,-1,325.000,350.000,300.000,300.000,-1,-1,-1,-1,750.000,1000.000,-1,-1,2,0,2,0,2,0,0,0,0,2,2,2,2,0,0,2,2
77,-8288.156,-2542.210,167.939,-104.034,-0.242811,0.968714,-0.051348,-0.970054,-0.242130,0.019201,0.006167,0.054473,0.998496,0,0.63857,-0.06008,38.314,-0.120,-1,375.000,-1,450.000,-1,325.000,350.000,300.000,300.000,-1,-1,-1,-1,750.000,1000.000,-1,-1,2,0,2,0,2,0,0,0,0,2,2,2,2,0,0,2,2
78,-8296.484,-2575.835,168.068,-103.914,-0.240752,0.969078,-0.054097,-0.970572,-0.240068,0.018903,0.005331,0.057056,0.998357,0,0.57736,0.05992,34.642,0.120,-1,375.000,-1,450.000,-1,325.000,350.000,300.000,300.000,-1,-1,-1,-1,750.000,975.000,-1,-1,2,0,2,0,2,0,0,0,0,2,2,2,2,0,0,2,2
79,-8304.601,-2609.512,168.076,-103.554,-0.234608,0.970447,-0.056502,-0.972080,-0.233948,0.018115,0.004361,0.059175,0.998238,0,0.57736,0.17992,34.642,0.360,-1,375.000,-1,450.000,-1,325.000,350.000,300.000,300.000,-1,-1,-1,-1,750.000,975.000,-1,-1,2,0,2,0,2,0,0,0,0,2,2,2,2,0,0,2,2
80,-8312.365,-2643.272,168.082,-102.954,-0.224385,0.972719,-0.058895,-0.974494,-0.223748,0.017291,0.003641,0.061272,0.998114,0,0.57736,0.29992,34.642,0.600,-1,375.000,-1,425.000,-1,325.000,350.000,300.000,300.000,-1,-1,-1,-1,750.000,950.000,-1,-1,2,0,2,0,2,0,0,0,0,2,2,2,2,0,0,2,2
81,-8319.633,-2677.142,168.104,-102.114,-0.210056,0.975770,-0.061229,-0.977684,-0.209439,0.016398,0.003177,0.063307,0.997989,0,0.57736,0.41992,34.642,0.840,-1,375.000,-1,425.000,-1,325.000,325.000,300.000,300.000,-1,-1,-1,-1,750.000,925.000,-1,-1,2,0,2,0,2,0,0,0,0,2,2,2,2,0,0,2,2
82,-8326.262,-2711.143,168.209,-101.034,-0.191601,0.979434,-0.063236,-0.981468,-0.190992,0.015596,0.003197,0.065052,0.997877,0,0.57736,0.53992,34.642,1.080,-1,375.000,-1,425.000,-1,325.000,325.000,300.000,300.000,-1,-1,-1,-1,725.000,925.000,-1,-1,2,0,2,0,2,0,0,0,0,2,2,2,2,0,0,2,2
83,-8332.208,-2745.270,168.344,-99.886,-0.171907,0.982957,-0.065142,-0.985107,-0.171298,0.014864,0.003452,0.066727,0.997765,0,0.57736,0.57438,34.642,1.149,-1,375.000,-1,425.000,-1,325.000,325.000,300.000,300.000,-1,-1,-1,-1,725.000,900.000,-1,-1,2,0,2,0,2,0,0,0,0,2,2,2,2,0,0,2,2
84,-8337.468,-2779.510,168.496,-98.737,-0.152154,0.986082,-0.067023,-0.988349,-0.151540,0.014178,0.003824,0.068400,0.997651,0,0.57736,0.57438,34.642,1.149,-1,375.000,-1,425.000,-1,325.000,325.000,300.000,300.000,-1,-1,-1,-1,725.000,900.000,-1,-1,2,0,2,0,2,0,0,0,0,2,2,2,2,0,0,2,2
85,-8342.041,-2813.848,168.666,-97.588,-0.132348,0.988807,-0.068877,-0.991194,-0.131725,0.013535,0.004311,0.070062,0.997533,0,0.57736,0.57438,34.642,1.149,-1,375.000,-1,425.000,-1,325.000,325.000,300.000,300.000,-1,-1,-1,-1,725.000,875.000,-1,-1,2,0,2,0,2,0,0,0,0,2,2,2,2,0,0,2,2
86,-8345.925,-2848.270,168.858,-96.439,-0.112500,0.991133,-0.070701,-0.993640,-0.111862,0.012931,0.004907,0.071706,0.997414,0,0.57736,0.57438,34.642,1.149,-1,375.000,-1,425.000,-1,325.000,325.000,300.000,325.000,-1,-1,-1,-1,725.000,875.000,-1,-1,2,0,2,0,2,0,0,0,0,2,2,2,2,0,0,2,2
87,-8349.117,-2882.764,169.075,-95.291,-0.092615,0.993060,-0.072493,-0.995686,-0.091958,0.012363,0.005610,0.073325,0.997292,0,0.57736,0.57438,34.642,1.149,-1,375.000,-1,425.000,-1,325.000,325.000,325.000,325.000,-1,-1,-1,-1,725.000,850.000,-1,-1,2,0,2,0,2,0,0,0,0,2,2,2,2,0,0,2,2
88,-8351.617,-2917.314,169.321,-94.142,-0.072704,0.994586,-0.074249,-0.997333,-0.072022,0.011828,0.006416,0.074911,0.997170,0,0.57736,0.57438,34.642,1.149,-1,375.000,-1,425.000,-1,325.000,325.000,325.000,325.000,-1,-1,-1,-1,725.000,825.000,-1,-1,2,0,2,0,2,0,0,0,0,2,2,2,2,0,0,2,2
89,-8353.424,-2951.908,169.597,-92.993,-0.052773,0.995713,-0.075967,-0.998580,-0.052061,0.011324,0.007321,0.076457,0.997046,0,0.57736,0.57438,34.642,1.149,-1,375.000,-1,425.000,-1,300.000,325.000,325.000,325.000,-1,-1,-1,-1,725.000,825.000,-1,-1,2,0,2,0,2,0,0,0,0,2,2,2,2,0,0,2,2
90,-8354.538,-2986.531,169.908,-91.844,-0.032832,0.996440,-0.077643,-0.999426,-0.032085,0.010849,0.008319,0.077955,0.996922,0,0.57736,0.57438,34.642,1.149,-1,375.000,-1,400.000,-1,300.000,325.000,325.000,325.000,-1,-1,-1,-1,725.000,800.000,-1,-1,2,0,2,0,2,0,0,0,0,2,2,2,2,0,0,2,2
91,-8354.956,-3021.169,170.257,-90.695,-0.012887,0.996770,-0.079272,-0.999873,-0.012100,0.010400,0.009407,0.079396,0.996799,0,0.57736,0.57438,34.642,1.149,-1,375.000,-1,400.000,-1,300.000,325.000,325.000,325.000,-1,-1,-1,-1,725.000,800.000,-1,-1,2,0,2,0,2,0,0,0,0,2,2,2,2,0,0,2,2
92,-8354.681,-3055.809,170.647,-89.547,0.007053,0.996701,-0.080851,-0.999919,0.007885,0.009975,0.010580,0.080774,0.996676,0,0.57736,0.57438,34.642,1.149,-1,375.000,-1,400.000,-1,300.000,325.000,325.000,325.000,-1,-1,-1,-1,750.000,800.000,-1,-1,2,0,2,0,2,0,0,0,0,2,2,2,2,0,0,2,2
93,-8353.711,-3090.436,171.081,-88.398,0.026981,0.996236,-0.082374,-0.999566,0.027863,0.009573,0.011832,0.082080,0.996555,0,0.57736,0.57438,34.642,1.149,-1,375.000,-1,400.000,-1,300.000,325.000,325.000,325.000,-1,-1,-1,-1,750.000,775.000,-1,-1,2,0,2,0,2,0,0,0,0,2,2,2,2,0,0,2,2
94,-8352.047,-3125.037,171.563,-87.249,0.046889,0.995376,-0.083838,-0.998813,0.047825,0.009193,0.013160,0.083307,0.996437,0,0.57736,0.57438,34.642,1.149,-1,375.000,-1,400.000,-1,300.000,325.000,325.000,325.000,-1,-1,-1,-1,750.000,775.000,-1,-1,2,0,2,0,2,0,0,0,0,2,2,2,2,0,0,2,2
95,-8349.689,-3159.598,172.096,-86.100,0.066769,0.994121,-0.085237,-0.997662,0.067764,0.008832,0.014556,0.084448,0.996322,0,0.57736,0.57438,34.642,1.149,-1,375.000,-1,400.000,-1,300.000,325.000,325.000,325.000,-1,-1,-1,-1,750.000,750.000,-1,-1,2,0,2,0,2,0,0,0,0,2,2,2,2,0,0,2,2
96,-8346.639,-3194.104,172.682,-84.952,0.086615,0.992474,-0.086565,-0.996113,0.087673,0.008492,0.016017,0.085493,0.996210,0,0.57736,0.57438,34.642,1.149,-1,375.000,-1,400.000,-1,300.000,300.000,325.000,325.000,-1,-1,-1,-1,775.000,750.000,-1,-1,2,0,2,0,2,0,0,0,0,2,2,2,2,0,0,2,2
97,-8342.899,-3228.542,173.326,-83.803,0.106419,0.990436,-0.087818,-0.994167,0.107544,0.008171,0.017537,0.086436,0.996103,0,0.57736,0.57438,34.642,1.149,-1,375.000,-1,375.000,-1,300.000,300.000,325.000,325.000,-1,-1,-1,-1,775.000,750.000,-1,-1,2,0,2,0,2,0,0,0,0,2,2,2,2,0,0,2,2
98,-8338.469,-3262.898,174.106,-82.654,0.126184,0.988033,-0.088705,-0.991824,0.127373,0.007855,0.019060,0.086988,0.996027,0,0.57736,0.57438,34.642,1.149,-1,375.000,-1,375.000,-1,300.000,300.000,325.000,325.000,-1,-1,975.000,-1,775.000,725.000,-1,-1,2,0,2,0,2,0,0,0,0,2,2,0,2,0,0,2,2
99,-8333.351,-3297.159,175.069,-81.505,0.145886,0.985281,-0.089101,-0.989082,0.147156,0.007818,0.020815,0.086988,0.995992,0,0.57736,0.57438,34.642,1.149,-1,375.000,-1,375.000,-1,300.000,300.000,350.000,325.000,-1,-1,925.000,-1,775.000,725.000,-1,-1,2,0,2,0,2,0,0,0,0,2,2,0,2,0,0,2,2
100,-8327.548,-3331.310,176.013,-80.357,0.165515,0.982164,-0.089206,-0.985943,0.166885,0.008070,0.022813,0.086616,0.995981,0,0.57736,0.57438,34.642,1.149,-1,400.000,-1,375.000,-1,300.000,300.000,350.000,325.000,-1,-1,875.000,-1,775.000,725.000,-1,-1,2,0,2,0,2,0,0,0,0,2,2,0,2,0,0,2,2
101,-8321.063,-3365.338,176.921,-79.208,0.185091,0.978691,-0.088911,-0.982409,0.186555,0.008381,0.024789,0.085796,0.996004,0,0.57736,0.57438,34.642,1.149,-1,400.000,-1,375.000,-1,300.000,300.000,350.000,325.000,-1,-1,850.000,-1,800.000,700.000,-1,-1,2,0,2,0,2,0,0,0,0,2,2,0,2,0,0,2,2
102,-8313.896,-3399.229,177.878,-78.059,0.204599,0.974832,-0.088558,-0.978481,0.206155,0.008706,0.026744,0.084871,0.996033,0,0.57736,0.57438,34.642,1.149,-1,400.000,-1,375.000,-1,300.000,300.000,325.000,325.000,-1,-1,825.000,-1,800.000,700.000,-1,-1,2,0,2,0,2,0,0,0,0,2,2,0,2,0,0,2,2
103,-8306.051,-3432.970,178.887,-76.910,0.224030,0.970587,-0.088153,-0.974160,0.225677,0.009051,0.028679,0.083847,0.996066,0,0.57736,0.57438,34.642,1.149,-1,400.000,-1,375.000,-1,300.000,300.000,325.000,325.000,-1,-1,800.000,-1,800.000,700.000,-1,-1,2,0,2,0,2,0,0,0,0,2,2,0,2,0,0,2,2
104,-8297.532,-3466.547,179.948,-75.762,0.243379,0.965959,-0.087694,-0.969449,0.245114,0.009416,0.030591,0.082724,0.996103,0,0.57736,0.57438,34.642,1.149,-1,400.000,-1,375.000,-1,325.000,300.000,325.000,325.000,-1,-1,800.000,-1,800.000,675.000,-1,-1,2,0,2,0,2,0,0,0,0,2,2,0,2,0,0,2,2
105,-8288.341,-3499.946,181.062,-74.613,0.262639,0.960948,-0.087181,-0.964348,0.264457,0.009800,0.032473,0.081499,0.996144,0,0.57736,0.57438,34.642,1.149,-1,400.000,-1,375.000,-1,325.000,300.000,325.000,325.000,-1,1000.000,800.000,-1,800.000,675.000,-1,-1,2,0,2,0,2,0,0,0,0,2,0,0,2,0,0,2,2
106,-8278.483,-3533.155,182.228,-73.464,0.281801,0.955556,-0.086610,-0.958859,0.283700,0.010205,0.034323,0.080171,0.996190,0,0.57736,0.57438,34.642,1.149,-1,400.000,-1,375.000,-1,325.000,300.000,325.000,325.000,-1,975.000,800.000,-1,800.000,675.000,-1,-1,2,0,2,0,2,0,0,0,0,2,0,0,2,0,0,2,2
107,-8266.660,-3570.782,183.589,-72.555,0.296889,0.951042,-0.085880,-0.954239,0.298853,0.010699,0.035841,0.078774,0.996248,0,0.65736,0.45438,39.442,0.909,-1,400.000,-1,375.000,-1,325.000,300.000,325.000,325.000,-1,950.000,800.000,-1,800.000,650.000,-1,-1,2,0,2,0,2,0,0,0,0,2,0,0,2,0,0,2,2
108,-8252.907,-3612.831,185.145,-71.887,0.307957,0.947598,-0.084974,-0.950680,0.309968,0.011262,0.037011,0.077315,0.996320,0,0.73736,0.33438,44.242,0.669,-1,400.000,-1,375.000,-1,325.000,300.000,325.000,325.000,-1,950.000,825.000,-1,800.000,650.000,-1,-1,2,0,2,0,2,0,0,0,0,2,0,0,2,0,0,2,2
109,-8237.313,-3659.327,186.892,-71.458,0.315048,0.945362,-0.083877,-0.948322,0.317088,0.011863,0.037811,0.075805,0.996406,0,0.81736,0.21438,49.042,0.429,-1,400.000,-1,375.000,-1,325.000,300.000,325.000,325.000,-1,975.000,875.000,-1,800.000,650.000,-1,-1,2,0,2,0,2,0,0,0,0,2,0,0,2,0,0,2,2
110,-8220.239,-3709.686,188.800,-71.269,0.318193,0.944421,-0.082596,-0.947255,0.320237,0.012458,0.038216,0.074276,0.996505,0,0.88624,0.09438,53.174,0.189,-1,400.000,-1,350.000,-1,325.000,300.000,325.000,325.000,-1,1000.000,900.000,-1,800.000,625.000,-1,-1,2,0,2,0,2,0,0,0,0,2,0,0,2,0,0,2,2
111,-8203.210,-3760.059,190.707,-71.320,0.317398,0.944806,-0.081237,-0.947523,0.319426,0.012968,0.038201,0.072858,0.996610,0,0.88624,-0.02562,53.174,-0.051,-1,400.000,-1,350.000,-1,325.000,300.000,325.000,325.000,-1,-1,950.000,-1,775.000,625.000,-1,-1,2,0,2,0,2,0,0,0,0,2,2,0,2,0,0,2,2
112,-8186.437,-3810.519,192.601,-71.612,0.312660,0.946506,-0.079817,-0.949114,0.314649,0.013365,0.037764,0.071577,0.996720,0,0.88624,-0.14562,53.174,-0.291,-1,400.000,-1,350.000,-1,325.000,300.000,325.000,325.000,-1,-1,-1,-1,775.000,625.000,-1,-1,2,0,2,0,2,0,0,0,0,2,2,2,2,0,0,2,2
113,-8170.133,-3861.132,194.537,-72.143,0.303980,0.949476,-0.078050,-0.951971,0.305889,0.013509,0.036701,0.070195,0.996858,0,0.88624,-0.26562,53.174,-0.531,-1,400.000,-1,350.000,-1,325.000,300.000,325.000,325.000,-1,-1,-1,-1,775.000,625.000,-1,1000.000,2,0,2,0,2,0,0,0,0,2,2,2,2,0,0,2,0
114,-8154.512,-3911.960,196.811,-72.914,0.291280,0.953680,-0.075171,-0.955958,0.293135,0.014698,0.036052,0.067580,0.997062,0,0.88624,-0.38562,53.174,-0.771,-1,400.000,-1,350.000,-1,300.000,300.000,325.000,325.000,-1,-1,-1,-1,750.000,600.000,-1,975.000,2,0,2,0,2,0,0,0,0,2,2,2,2,0,0,2,0
115,-8139.792,-3963.057,199.195,-73.925,0.274502,0.958898,-0.071856,-0.960927,0.276313,0.016423,0.035602,0.064540,0.997280,0,0.88624,-0.50562,53.174,-1.011,-1,375.000,-1,350.000,-1,300.000,300.000,325.000,350.000,-1,-1,-1,-1,750.000,625.000,-1,975.000,2,0,2,0,2,0,0,0,0,2,2,2,2,0,0,2,0
116,-8126.190,-4014.463,201.418,-75.177,0.253600,0.964886,-0.068420,-0.966676,0.255357,0.018150,0.034984,0.061537,0.997492,0,0.88624,-0.62562,53.174,-1.251,-1,375.000,-1,350.000,-1,300.000,300.000,325.000,350.000,-1,-1,-1,-1,725.000,600.000,-1,950.000,2,0,2,0,2,0,0,0,0,2,2,2,2,0,0,2,0
117,-8113.929,-4066.205,203.951,-76.668,0.228332,0.971263,-0.067178,-0.972923,0.230174,0.020994,0.035853,0.060565,0.997520,0,0.88624,-0.74562,53.174,-1.491,-1,375.000,-1,350.000,-1,300.000,300.000,325.000,350.000,-1,800.000,-1,-1,725.000,600.000,-1,975.000,2,0,2,0,2,0,0,0,0,2,0,2,2,0,0,2,0
118,-8103.200,-4118.286,206.389,-78.360,0.199477,0.977670,-0.066110,-0.979218,0.201404,0.023830,0.036612,0.059983,0.997528,0,0.88624,-0.84595,53.174,-1.692,-1,375.000,-1,350.000,-1,300.000,300.000,325.000,350.000,-1,400.000,900.000,-1,725.000,600.000,-1,1000.000,2,0,2,0,2,0,0,0,0,2,0,0,2,0,0,2,0
119,-8094.014,-4170.662,208.698,-80.052,0.170445,0.983220,-0.065017,-0.984657,0.172456,0.026635,0.037401,0.059480,0.997529,0,0.88624,-0.84595,53.174,-1.692,-1,375.000,-1,350.000,-1,300.000,300.000,325.000,350.000,-1,350.000,625.000,-1,700.000,600.000,-1,-1,2,0,2,0,2,0,0,0,0,2,0,0,2,0,0,2,2
120,-8086.378,-4223.285,210.878,-81.743,0.141262,0.987907,-0.063909,-0.989234,0.143354,0.029414,0.038220,0.059066,0.997522,0,0.88624,-0.84595,53.174,-1.692,-1,375.000,-1,350.000,-1,300.000,300.000,325.000,350.000,-1,300.000,375.000,-1,700.000,600.000,-1,-1,2,0,2,0,2,0,0,0,0,2,0,0,2,0,0,2,2
121,-8080.299,-4276.112,212.931,-83.435,0.111952,0.991728,-0.062794,-0.992945,0.114126,0.032171,0.039072,0.058750,0.997508,0,0.88624,-0.84595,53.174,-1.692,-1,375.000,-1,350.000,-1,300.000,300.000,325.000,350.000,-1,275.000,250.000,-1,675.000,600.000,-1,-1,2,0,2,0,2,0,0,0,0,2,0,0,2,0,0,2,2
122,-8075.782,-4329.095,214.859,-85.127,0.082539,0.994677,-0.061681,-0.995786,0.084796,0.034914,0.039959,0.058540,0.997485,0,0.88624,-0.84595,53.174,-1.692,-1,375.000,-1,350.000,-1,300.000,300.000,325.000,350.000,-1,250.000,250.000,-1,675.000,600.000,-1,-1,2,0,2,0,2,0,0,0,0,2,0,0,2,0,0,2,2
123,-8072.832,-4382.188,216.665,-86.819,0.053050,0.996753,-0.060578,-0.997755,0.055392,0.037649,0.040882,0.058445,0.997453,0,0.88624,-0.84595,53.174,-1.692,-1,375.000,-1,350.000,-1,300.000,300.000,325.000,350.000,-1,250.000,225.000,-1,650.000,600.000,-1,-1,2,0,2,0,2,0,0,0,0,2,0,0,2,0,0,2,2
124,-8071.450,-4435.345,218.349,-88.511,0.023510,0.997952,-0.059491,-0.998848,0.025938,0.040383,0.041843,0.058473,0.997412,0,0.88624,-0.84595,53.174,-1.692,-1,375.000,-1,350.000,-1,300.000,300.000,325.000,350.000,-1,225.000,225.000,-1,650.000,600.000,-1,-1,2,0,2,0,2,0,0,0,0,2,0,0,2,0,0,2,2
125,-8071.638,-4488.519,219.913,-90.203,-0.006057,0.998273,-0.058428,-0.999063,-0.003537,0.043124,0.042843,0.058634,0.997360,0,0.88624,-0.84595,53.174,-1.692,-1,350.000,-1,350.000,-1,300.000,275.000,325.000,350.000,-1,225.000,200.000,-1,625.000,600.000,-1,-1,2,0,2,0,2,0,0,0,0,2,0,0,2,0,0,2,2
126,-8073.396,-4541.665,221.361,-91.895,-0.035624,0.997716,-0.057393,-0.998401,-0.033009,0.045882,0.043882,0.058936,0.997297,0,0.88624,-0.84595,53.174,-1.692,-1,350.000,-1,350.000,-1,300.000,275.000,325.000,350.000,-1,225.000,200.000,-1,625.000,600.000,-1,-1,2,0,2,0,2,0,0,0,0,2,0,0,2,0,0,2,2
127,-8076.721,-4594.736,223.139,-93.587,-0.065236,0.996171,-0.058203,-0.996867,-0.062444,0.048557,0.044736,0.061188,0.997123,0,0.88624,-0.84595,53.174,-1.692,-1,350.000,-1,350.000,-1,275.000,275.000,325.000,350.000,-1,225.000,200.000,-1,625.000,600.000,-1,-1,2,0,2,0,2,0,0,0,0,2,0,0,2,0,0,2,2
128,-8081.610,-4647.686,226.407,-95.279,-0.094830,0.993731,-0.059211,-0.994431,-0.091814,0.051735,0.045974,0.063787,0.996904,0,0.88624,-0.84595,53.174,-1.692,-1,350.000,-1,350.000,-1,275.000,275.000,325.000,350.000,-1,275.000,225.000,-1,625.000,625.000,-1,-1,2,0,2,0,2,0,0,0,0,2,0,0,2,0,0,2,2
129,-8088.062,-4700.469,229.784,-96.971,-0.124335,0.990468,-0.059284,-0.991095,-0.121099,0.055372,0.047665,0.065640,0.996704,0,0.88624,-0.84595,53.174,-1.692,-1,350.000,-1,350.000,-1,275.000,275.000,350.000,350.000,-1,300.000,275.000,-1,625.000,625.000,-1,-1,2,0,2,0,2,0,0,0,0,2,0,0,2,0,0,2,2
130,-8096.069,-4753.038,233.044,-98.663,-0.153736,0.986332,-0.059281,-0.986879,-0.150271,0.059070,0.049355,0.067584,0.996492,0,0.88624,-0.84595,53.174,-1.692,-1,350.000,-1,350.000,-1,275.000,275.000,350.000,350.000,-1,325.000,300.000,-1,625.000,650.000,-1,-1,2,0,2,0,2,0,0,0,0,2,0,0,2,0,0,2,2
131,-8105.624,-4805.348,236.190,-100.354,-0.183007,0.981328,-0.059202,-0.981786,-0.179302,0.062829,0.051041,0.069622,0.996267,0,0.88624,-0.84595,53.174,-1.692,-1,350.000,-1,350.000,-1,275.000,300.000,350.000,350.000,-1,350.000,300.000,-1,650.000,675.000,-1,-1,2,0,2,0,2,0,0,0,0,2,0,0,2,0,0,2,2
132,-8116.720,-4857.353,239.222,-102.046,-0.212121,0.975458,-0.059045,-0.975820,-0.208166,0.066647,0.052720,0.071754,0.996028,0,0.88624,-0.84595,53.174,-1.692,-1,350.000,-1,375.000,-1,275.000,300.000,350.000,350.000,-1,375.000,325.000,-1,650.000,675.000,-1,-1,2,0,2,0,2,0,0,0,0,2,0,0,2,0,0,2,2
133,-8129.346,-4909.007,242.142,-103.738,-0.241054,0.968728,-0.058808,-0.968987,-0.236837,0.070521,0.054388,0.073983,0.995775,0,0.88624,-0.84595,53.174,-1.692,-1,350.000,-1,375.000,-1,275.000,300.000,325.000,375.000,-1,400.000,350.000,-1,650.000,700.000,-1,-1,2,0,2,0,2,0,0,0,0,2,0,0,2,0,0,2,2
134,-8143.492,-4960.267,244.949,-105.430,-0.269778,0.961144,-0.058490,-0.961290,-0.265289,0.074451,0.056041,0.076311,0.995508,0,0.88624,-0.84595,53.174,-1.692,-1,350.000,-1,375.000,-1,300.000,300.000,325.000,375.000,-1,375.000,275.000,-1,675.000,725.000,-1,-1,2,0,2,0,2,0,0,0,0,2,0,0,2,0,0,2,2
135,-8159.144,-5011.087,247.646,-107.122,-0.298270,0.952712,-0.058091,-0.952737,-0.293495,0.078434,0.057675,0.078740,0.995225,0,0.88624,-0.84595,53.174,-1.692,-1,350.000,-1,375.000,-1,300.000,300.000,325.000,375.000,-1,325.000,225.000,-1,675.000,750.000,-1,-1,2,0,2,0,2,0,0,0,0,2,0,0,2,0,0,2,2
136,-8176.290,-5061.423,250.232,-108.814,-0.326502,0.943439,-0.057610,-0.943335,-0.321431,0.082467,0.059285,0.081271,0.994927,0,0.88624,-0.84595,53.174,-1.692,-1,350.000,-1,400.000,-1,300.000,300.000,325.000,375.000,-1,300.000,200.000,-1,675.000,775.000,-1,-1,2,0,2,0,2,0,0,0,0,2,0,0,2,0,0,2,2
137,-8194.915,-5111.230,252.710,-110.506,-0.354451,0.933333,-0.057046,-0.933092,-0.349069,0.086549,0.060866,0.083907,0.994613,0,0.88624,-0.84595,53.174,-1.692,-1,375.000,-1,400.000,-1,300.000,325.000,325.000,375.000,-1,275.000,150.000,-1,700.000,800.000,-1,-1,2,0,2,0,2,0,0,0,0,2,0,0,2,0,0,2,2
138,-8214.237,-5159.171,255.534,-111.958,-0.378246,0.923828,-0.058926,-0.923690,-0.372460,0.089833,0.061042,0.088409,0.994212,0,0.86145,-0.72595,51.687,-1.452,-1,375.000,-1,400.000,-1,300.000,325.000,325.000,350.000,-1,300.000,175.000,-1,725.000,825.000,-1,-1,2,0,2,0,2,0,0,0,0,2,0,0,2,0,0,2,2
