timestep,x_cm,y_cm,z_cm,yaw_deg,basis_xx,basis_xy,basis_xz,basis_yx,basis_yy,basis_yz,basis_zx,basis_zy,basis_zz,teleport_flag,throttle_cmd,steering_cmd,cmd_move_cm,cmd_turn_deg,lidar_cm_0,lidar_cm_1,lidar_cm_2,lidar_cm_3,lidar_cm_4,lidar_cm_5,lidar_cm_6,lidar_cm_7,lidar_cm_8,lidar_cm_9,lidar_cm_10,lidar_cm_11,lidar_cm_12,lidar_cm_13,lidar_cm_14,lidar_cm_15,lidar_cm_16,lidar_class_0,lidar_class_1,lidar_class_2,lidar_class_3,lidar_class_4,lidar_class_5,lidar_class_6,lidar_class_7,lidar_class_8,lidar_class_9,lidar_class_10,lidar_class_11,lidar_class_12,lidar_class_13,lidar_class_14,lidar_class_15,lidar_class_16
0,-3541.915,8195.318,2.133,39.933,0.766704,-0.641996,-0.002451,0.641814,0.766384,0.027026,-0.015472,-0.022295,0.999632,0,0.36356,-0.61917,0.801,-0.006,-1,-1,-1,-1,10.207,860.705,829.139,676.153,548.549,-1,-1,-1,-1,-1,-1,-1,9.440,2,2,2,2,1,0,0,0,0,2,2,2,2,2,2,2,1
1,-3540.815,8195.988,4.494,39.909,0.767000,-0.641641,-0.002591,0.641527,0.766772,0.022455,-0.012421,-0.018885,0.999744,0,0.36356,-0.61917,1.288,-0.024,-1,-1,-1,-1,-1,884.672,849.075,696.303,548.309,-1,-1,-1,-1,-1,-1,-1,-1,2,2,2,2,2,0,0,0,0,2,2,2,2,2,2,2,2
2,-3539.278,8196.917,5.614,39.875,0.767418,-0.641135,-0.003839,0.641097,0.767270,0.017099,-0.008017,-0.015583,0.999846,0,0.36356,-0.61917,1.796,-0.034,-1,-1,-1,-1,-1,910.354,870.803,712.460,545.105,-1,-1,-1,-1,-1,-1,-1,-1,2,2,2,2,2,0,0,0,0,2,2,2,2,2,2,2,2
3,-3537.324,8198.094,5.545,39.832,0.767922,-0.640519,-0.005707,0.640539,0.767848,0.010946,-0.002629,-0.012061,0.999924,0,0.36356,-0.61917,2.280,-0.043,-1,-1,-1,-1,-1,934.123,893.262,725.178,538.469,-1,-1,-1,-1,-1,-1,-1,-1,2,2,2,2,2,0,0,0,0,2,2,2,2,2,2,2,2
4,-3535.007,8199.466,4.460,39.780,0.768503,-0.639807,-0.007103,0.639842,0.768493,0.004593,0.002520,-0.008074,0.999964,0,0.36356,-0.61917,2.693,-0.052,-1,-1,-1,-1,-1,954.484,911.875,737.147,528.510,-1,-1,-1,-1,-1,-1,-1,-1,2,2,2,2,2,0,0,0,0,2,2,2,2,2,2,2,2
5,-3532.547,8201.066,2.738,39.751,0.768825,-0.639429,-0.006214,0.639441,0.768840,-0.000019,0.004790,-0.003959,0.999981,0,0.36356,-0.61917,2.935,-0.029,-1,-1,-1,-1,-1,960.952,916.179,747.022,516.897,-1,-1,-1,-1,-1,-1,-1,-1,2,2,2,2,2,0,0,0,0,2,2,2,2,2,2,2,2
6,-3530.000,8202.890,0.750,39.740,0.768948,-0.639301,-0.003518,0.639301,0.768956,-0.001308,0.003541,-0.001243,0.999993,0,0.36356,-0.61917,3.133,-0.011,-1,-1,-1,-1,13.793,950.964,904.484,750.333,506.300,-1,-1,-1,-1,-1,-1,-1,23.821,2,2,2,2,1,0,0,0,0,2,2,2,2,2,2,2,1
7,-3527.358,8205.017,-1.149,39.732,0.769045,-0.639195,-0.000588,0.639195,0.769044,0.001353,-0.000413,-0.001416,0.999999,0,0.36356,-0.61917,3.391,-0.008,-1,-1,-1,-1,13.854,929.145,882.410,743.176,501.210,-1,-1,-1,-1,-1,-1,-1,28.309,2,2,2,2,1,0,0,0,0,2,2,2,2,2,2,2,1
8,-3524.607,8207.521,-2.780,39.721,0.769148,-0.639068,0.001798,0.639040,0.769136,0.007621,-0.006253,-0.004712,0.999969,0,0.36356,-0.61917,3.721,-0.011,-1,-1,-1,-1,13.844,900.394,855.064,725.246,502.541,-1,-1,-1,-1,-1,-1,-1,28.425,2,2,2,2,1,0,0,0,0,2,2,2,2,2,2,2,1
9,-3521.725,8210.433,-4.072,39.707,0.769252,-0.638937,0.003355,0.638810,0.769186,0.016590,-0.013181,-0.010619,0.999857,0,0.36356,-0.61917,4.096,-0.014,-1,-1,-1,-1,13.826,867.712,826.597,698.374,509.789,-1,-1,-1,-1,-1,-1,-1,28.607,2,2,2,2,1,0,0,0,0,2,2,2,2,2,2,2,1
10,-3518.618,8213.745,-5.028,39.689,0.769370,-0.638792,0.003889,0.638487,0.769165,0.026816,-0.020121,-0.018148,0.999633,0,0.36356,-0.61917,4.542,-0.019,-1,-1,-1,995.338,13.810,835.635,801.215,670.535,521.087,-1,-1,-1,-1,-1,-1,-1,28.778,2,2,2,0,1,0,0,0,0,2,2,2,2,2,2,2,1
11,-3515.091,8217.454,-5.531,39.670,0.769493,-0.638647,0.003200,0.638167,0.769091,0.035254,-0.024976,-0.025085,0.999373,0,0.36356,-0.61917,5.118,-0.019,14.199,-1,-1,982.978,13.817,815.601,786.196,648.006,532.637,-1,-1,-1,-1,-1,-1,25.813,28.712,1,2,2,0,1,0,0,0,0,2,2,2,2,2,2,1,1
12,-3511.046,8221.451,-5.585,39.659,0.769572,-0.638557,0.001827,0.637975,0.768987,0.040580,-0.027317,-0.030064,0.999175,0,0.36356,-0.61917,5.686,-0.011,14.191,-1,-1,982.364,13.823,808.584,781.926,633.996,542.166,-1,-1,-1,-1,-1,-1,25.841,28.662,1,2,2,0,1,0,0,0,0,2,2,2,2,2,2,1,1
13,-3506.471,8225.594,-5.274,39.644,0.769723,-0.638378,0.000670,0.637773,0.769038,0.042732,-0.027794,-0.032465,0.999086,0,0.36356,-0.61917,6.172,-0.014,14.247,-1,-1,988.623,13.778,811.257,785.149,629.419,547.889,-1,-1,-1,-1,-1,-1,25.568,29.193,1,2,2,0,1,0,0,0,0,2,2,2,2,2,2,1,1
14,-3501.389,8229.813,-4.791,39.617,0.770033,-0.638004,0.000419,0.637415,0.769349,0.042468,-0.027417,-0.032435,0.999098,0,0.36356,-0.61917,6.605,-0.027,14.294,-1,-1,996.088,13.739,818.798,791.545,632.929,549.282,-1,-1,-1,-1,-1,-1,25.348,29.685,1,2,2,0,1,0,0,0,0,2,2,2,2,2,2,1,1
15,-3495.900,8234.114,-4.370,39.583,0.770424,-0.637531,0.001339,0.636961,0.769821,0.040689,-0.026971,-0.030495,0.999171,0,0.36356,-0.61917,6.974,-0.034,12.545,-1,-1,1000.718,13.749,827.143,797.686,642.048,546.667,-1,-1,-1,-1,-1,-1,11.085,29.531,1,2,2,0,1,0,0,0,0,2,2,2,2,2,2,1,1
16,-3490.112,8238.541,-4.095,39.541,0.770886,-0.636965,0.003054,0.636405,0.770393,0.038505,-0.026879,-0.027739,0.999254,0,0.36356,-0.61917,7.287,-0.041,-1,-1,-1,1001.784,13.687,833.753,802.010,652.959,542.037,-1,-1,-1,-1,-1,-1,-1,30.445,2,2,2,0,1,0,0,0,0,2,2,2,2,2,2,2,1
17,-3484.004,8243.081,-4.037,39.474,0.771619,-0.636066,0.005001,0.635496,0.771218,0.036968,-0.027371,-0.025347,0.999304,0,0.36356,-0.61917,7.610,-0.067,-1,-1,-1,999.522,13.562,836.040,803.572,662.208,537.523,-1,-1,-1,-1,-1,-1,-1,32.931,2,2,2,0,1,0,0,0,0,2,2,2,2,2,2,2,1
18,-3477.590,8247.784,-4.250,39.381,0.772633,-0.634817,0.006821,0.634222,0.772299,0.036294,-0.028308,-0.023716,0.999318,0,0.36356,-0.61917,7.954,-0.093,-1,-1,-1,995.095,13.491,835.694,802.801,669.925,533.759,-1,-1,-1,-1,-1,-1,-1,35.069,2,2,2,0,1,0,0,0,0,2,2,2,2,2,2,2,1
19,-3470.906,8252.691,-4.713,39.277,0.773757,-0.633427,0.008385,0.632786,0.773459,0.036645,-0.029698,-0.023048,0.999293,0,0.36356,-0.61917,8.292,-0.104,-1,-1,-1,989.146,13.471,832.798,799.900,673.709,531.168,-1,-1,-1,-1,-1,-1,-1,35.370,2,2,2,0,1,0,0,0,0,2,2,2,2,2,2,2,1
20,-3463.993,8257.850,-5.381,39.173,0.774858,-0.632060,0.009783,0.631343,0.774568,0.038093,-0.031655,-0.023340,0.999226,0,0.36356,-0.61917,8.626,-0.104,-1,-1,-1,981.445,13.499,827.224,794.745,673.296,529.841,-1,-1,-1,-1,-1,-1,-1,34.764,2,2,2,0,1,0,0,0,0,2,2,2,2,2,2,2,1
21,-3456.884,8263.303,-6.191,39.081,0.775798,-0.630883,0.011116,0.630054,0.775493,0.040527,-0.034188,-0.024437,0.999117,0,0.36356,-0.61917,8.960,-0.091,-1,-1,-1,972.116,13.591,819.329,787.638,669.483,529.653,-1,-1,-1,-1,-1,-1,-1,32.275,2,2,2,0,1,0,0,0,0,2,2,2,2,2,2,2,1
22,-3448.103,8270.259,-7.214,38.996,0.776638,-0.629820,0.012660,0.628809,0.776286,0.044490,-0.037849,-0.026591,0.998930,0,0.36356,-0.61917,11.202,-0.086,-1,-1,-1,959.759,13.683,807.924,777.581,662.037,530.893,-1,-1,-1,-1,-1,-1,-1,30.523,2,2,2,0,1,0,0,0,0,2,2,2,2,2,2,2,1
23,-3442.068,8275.123,-7.889,38.945,0.777113,-0.629213,0.013627,0.628056,0.776714,0.047558,-0.040508,-0.028400,0.998776,0,0.36356,-0.61917,7.751,-0.051,-1,-1,-1,951.447,13.714,799.838,770.573,655.968,532.467,-1,-1,-1,-1,-1,-1,-1,30.029,2,2,2,0,1,0,0,0,0,2,2,2,2,2,2,2,1
24,-3434.247,8281.477,-8.757,38.887,0.777643,-0.628527,0.015005,0.627179,0.777196,0.051116,-0.043789,-0.030339,0.998580,0,0.44492,-0.39278,10.077,-0.058,-1,-1,-1,941.119,13.738,790.276,762.224,649.051,533.784,-1,-1,-1,-1,-1,-1,-1,29.701,2,2,2,0,1,0,0,0,0,2,2,2,2,2,2,2,1
25,-3426.159,8288.104,-9.593,38.855,0.777886,-0.628177,0.016970,0.626665,0.777457,0.053401,-0.046738,-0.030906,0.998429,0,0.44492,-0.39278,10.456,-0.032,14.179,-1,-1,931.012,13.836,782.705,755.294,647.267,532.808,-1,-1,-1,-1,-1,-1,25.916,28.519,1,2,2,0,1,0,0,0,0,2,2,2,2,2,2,1,1
26,-3417.967,8294.678,-9.757,38.882,0.777606,-0.628463,0.019057,0.627056,0.777377,0.049869,-0.046155,-0.026829,0.998574,0,0.44492,-0.39278,10.503,0.027,14.169,-1,-1,932.692,13.844,789.906,760.851,665.320,525.026,-1,-1,-1,-1,-1,-1,25.963,28.437,1,2,2,0,1,0,0,0,0,2,2,2,2,2,2,1,1
27,-3409.457,8301.049,-9.045,38.894,0.777638,-0.628396,0.019930,0.627343,0.777645,0.041341,-0.041476,-0.019645,0.998946,0,0.44492,-0.39278,10.631,0.012,14.109,-1,-1,951.000,13.898,813.929,780.735,698.628,514.075,-1,-1,-1,-1,-1,-1,26.319,27.900,1,2,2,0,1,0,0,0,0,2,2,2,2,2,2,1,1
28,-3400.728,8307.326,-7.617,38.905,0.777696,-0.628284,0.021173,0.627644,0.777918,0.030112,-0.035389,-0.010129,0.999322,0,0.44492,-0.39278,10.752,0.011,14.018,-1,-1,974.894,9.014,846.359,807.626,748.962,501.555,-1,-1,-1,-1,-1,-1,26.897,8.090,1,2,2,0,1,0,0,0,0,2,2,2,2,2,2,1,1
29,-3391.847,8313.626,-5.825,38.917,0.777709,-0.628196,0.023210,0.627909,0.778055,0.018974,-0.029978,-0.000183,0.999551,0,0.44492,-0.39278,10.888,0.011,13.956,-1,-1,995.760,-1,877.590,834.259,806.353,489.767,-1,-1,-1,-1,-1,-1,27.385,-1,1,2,2,0,2,0,0,0,0,2,2,2,2,2,2,1,2
30,-3382.874,8320.075,-3.979,38.925,0.777706,-0.628120,0.025277,0.628084,0.778077,0.010328,-0.026155,0.007844,0.999627,0,0.44492,-0.39278,11.051,0.008,13.921,-1,-1,-1,-1,903.453,856.048,856.261,481.799,-1,-1,-1,-1,-1,-1,27.688,-1,1,2,2,2,2,0,0,0,0,2,2,2,2,2,2,1,2
31,-3373.873,8326.757,-2.270,38.928,0.777694,-0.628049,0.027305,0.628157,0.778067,0.005515,-0.024709,0.012863,0.999612,0,0.44492,-0.39278,11.210,0.004,13.977,-1,-1,-1,-1,919.955,869.996,894.809,478.862,-1,-1,-1,-1,-1,-1,27.212,-1,1,2,2,2,2,0,0,0,0,2,2,2,2,2,2,1,2
32,-3364.885,8333.664,-0.858,38.917,0.777798,-0.627827,0.029402,0.627978,0.778216,0.004928,-0.025975,0.014631,0.999556,0,0.44492,-0.39278,11.335,-0.012,14.311,-1,-1,-1,-1,924.699,874.007,917.166,480.659,-1,-1,-1,-1,-1,-1,25.278,-1,1,2,2,2,2,0,0,0,0,2,2,2,2,2,2,1,2
33,-3355.820,8340.649,0.189,38.836,0.778617,-0.626763,0.030411,0.626820,0.779114,0.008790,-0.029203,0.012218,0.999499,0,0.44492,-0.39278,11.444,-0.081,-1,-1,-1,-1,-1,919.543,870.311,917.059,488.637,-1,-1,-1,-1,-1,-1,13.238,-1,2,2,2,2,2,0,0,0,0,2,2,2,2,2,2,1,2
34,-3346.656,8347.889,0.695,38.720,0.779795,-0.625330,0.029692,0.625171,0.780334,0.015497,-0.032861,0.006478,0.999439,0,0.44492,-0.39278,11.679,-0.116,-1,-1,-1,-1,-1,910.264,864.043,898.690,500.541,-1,-1,-1,-1,-1,-1,-1,-1,2,2,2,2,2,0,0,0,0,2,2,2,2,2,2,2,2
35,-3337.429,8355.196,0.242,38.563,0.781361,-0.623419,0.028710,0.622933,0.781887,0.024644,-0.037812,-0.001371,0.999284,0,0.44492,-0.39278,11.770,-0.156,-1,-1,-1,-1,-1,893.148,850.962,867.851,513.733,-1,-1,-1,-1,-1,-1,-1,-1,2,2,2,2,2,0,0,0,0,2,2,2,2,2,2,2,2
36,-3328.104,8362.593,-1.321,38.380,0.783174,-0.621195,0.027495,0.620292,0.783587,0.035054,-0.043320,-0.010399,0.999007,0,0.44492,-0.39278,11.902,-0.183,-1,-1,-1,998.263,-1,871.118,833.419,828.130,526.705,-1,-1,-1,-1,-1,-1,-1,-1,2,2,2,0,2,0,0,0,0,2,2,2,2,2,2,2,2
37,-3318.646,8370.081,-4.058,38.181,0.785117,-0.618803,0.025971,0.617408,0.785285,0.046195,-0.048980,-0.020234,0.998595,0,0.44492,-0.39278,12.064,-0.199,-1,-1,-1,981.863,-1,845.815,812.831,780.352,538.752,-1,-1,-1,-1,-1,-1,-1,-1,2,2,2,0,2,0,0,0,0,2,2,2,2,2,2,2,2
38,-3309.064,8377.655,-7.933,37.976,0.787070,-0.616366,0.024760,0.614398,0.786878,0.057777,-0.055095,-0.030262,0.998022,0,0.44492,-0.39278,12.214,-0.205,-1,-1,-1,960.191,-1,816.816,788.544,729.055,549.525,-1,-1,-1,-1,-1,-1,-1,-1,2,2,2,0,2,0,0,0,0,2,2,2,2,2,2,2,2
39,-3299.409,8385.185,-12.624,37.765,0.788915,-0.613933,0.026454,0.611167,0.788384,0.070180,-0.063942,-0.039198,0.997184,0,0.42189,-0.74813,12.244,-0.211,-1,-1,-1,924.274,-1,778.962,754.976,682.564,557.097,-1,-1,-1,-1,-1,-1,-1,-1,2,2,2,0,2,0,0,0,0,2,2,2,2,2,2,2,2
40,-3289.675,8392.502,-17.881,37.543,0.790538,-0.611539,0.032720,0.607539,0.789853,0.083834,-0.077112,-0.046395,0.995942,0,0.42189,-0.74813,12.178,-0.222,-1,975.410,-1,870.307,-1,730.078,709.339,635.295,558.740,-1,-1,-1,-1,-1,-1,-1,-1,2,0,2,0,2,0,0,0,0,2,2,2,2,2,2,2,2
41,-3279.799,8399.606,-23.515,37.313,0.791741,-0.609258,0.044175,0.603435,0.791312,0.098452,-0.094939,-0.051292,0.994161,0,0.42189,-0.74813,12.166,-0.230,-1,881.926,-1,799.815,13.377,672.389,653.301,596.594,553.355,-1,-1,-1,-1,-1,-1,-1,24.178,2,0,2,0,1,0,0,0,0,2,2,2,2,2,2,2,1
42,-3269.250,8406.916,-28.664,37.069,0.793040,-0.606727,0.054507,0.599094,0.793001,0.110620,-0.110340,-0.055071,0.992367,0,0.42189,-0.74813,12.834,-0.244,14.931,810.233,-1,742.050,13.369,625.386,608.565,567.875,547.177,-1,-1,-1,-1,-1,-1,23.484,41.457,1,0,2,0,1,0,0,0,0,2,2,2,2,2,2,1,1
43,-3255.392,8416.270,-33.287,36.780,0.795089,-0.603327,0.061888,0.594367,0.795428,0.118417,-0.120671,-0.057367,0.991033,0,0.42189,-0.74813,16.720,-0.289,14.955,765.562,-1,704.682,13.361,595.366,579.690,549.513,540.496,-1,-1,-1,-1,-1,-1,23.438,42.179,1,0,2,0,1,0,0,0,0,2,2,2,2,2,2,1,1
44,-3245.472,8422.753,-35.223,36.582,0.796902,-0.600726,0.063849,0.591440,0.797351,0.120123,-0.123071,-0.057964,0.990704,0,0.42189,-0.74813,11.850,-0.198,14.997,755.768,-1,696.241,13.346,588.808,573.226,545.767,538.034,-1,-1,-1,-1,-1,-1,23.364,43.708,1,0,2,0,1,0,0,0,0,2,2,2,2,2,2,1,1
45,-3232.533,8431.033,-36.289,36.328,0.799489,-0.597139,0.065132,0.587880,0.800104,0.119287,-0.123344,-0.057079,0.990721,0,0.42189,-0.74813,15.362,-0.254,14.978,758.087,-1,696.211,13.353,590.245,573.979,553.438,535.751,-1,-1,-1,-1,-1,-1,23.396,43.073,1,0,2,0,1,0,0,0,0,2,2,2,2,2,2,1,1
46,-3219.110,8439.475,-36.292,36.064,0.802219,-0.593317,0.066485,0.584207,0.803062,0.117449,-0.123076,-0.055379,0.990851,0,0.42189,-0.74813,15.857,-0.264,15.019,766.332,-1,700.240,13.340,595.082,578.369,572.354,535.034,-1,-1,-1,-1,-1,-1,23.328,43.217,1,0,2,0,1,0,0,0,0,2,2,2,2,2,2,1,1
47,-3205.398,8447.971,-35.797,35.784,0.804916,-0.589352,0.069098,0.580180,0.806078,0.116749,-0.124504,-0.053884,0.990755,0,0.42189,-0.74813,16.131,-0.280,15.052,770.589,-1,701.111,13.329,597.261,580.445,593.079,536.165,-1,-1,-1,-1,-1,-1,23.274,38.401,1,0,2,0,1,0,0,0,0,2,2,2,2,2,2,1,1
48,-3191.486,8456.472,-35.355,35.486,0.807548,-0.585280,0.072889,0.575723,0.809070,0.118109,-0.128099,-0.053415,0.990322,0,0.42189,-0.74813,16.304,-0.298,-1,766.653,-1,696.635,13.286,594.597,577.809,609.406,539.241,-1,-1,-1,-1,-1,-1,-1,33.477,2,0,2,0,1,0,0,0,0,2,2,2,2,2,2,2,1
49,-3177.357,8464.979,-35.399,35.145,0.810497,-0.580684,0.076820,0.570575,0.812342,0.120605,-0.132437,-0.053918,0.989724,0,0.42189,-0.74813,16.492,-0.341,-1,757.880,-1,689.521,13.267,589.051,572.375,619.747,542.565,-1,-1,-1,-1,-1,-1,-1,30.684,2,0,2,0,1,0,0,0,0,2,2,2,2,2,2,2,1
50,-3163.038,8473.438,-35.989,34.788,0.813481,-0.575935,0.080918,0.565137,0.815639,0.123910,-0.137364,-0.055069,0.988989,0,0.42189,-0.74813,16.631,-0.357,-1,745.312,-1,679.952,13.273,581.032,564.711,626.907,545.439,-1,-1,-1,-1,-1,-1,-1,28.450,2,0,2,0,1,0,0,0,0,2,2,2,2,2,2,2,1
51,-3148.471,8481.907,-37.348,34.428,0.816437,-0.571188,0.084701,0.559620,0.818845,0.127743,-0.142322,-0.056894,0.988184,0,0.42189,-0.74813,16.850,-0.360,-1,730.233,-1,668.869,13.271,571.318,555.555,629.235,549.792,-1,-1,-1,-1,-1,-1,-1,25.044,2,0,2,0,1,0,0,0,0,2,2,2,2,2,2,2,1
52,-3133.657,8490.430,-39.526,34.067,0.819378,-0.566470,0.087924,0.554076,0.821937,0.131986,-0.147034,-0.059430,0.987344,0,0.42189,-0.74813,17.091,-0.361,-1,713.368,-1,656.907,13.284,560.402,545.390,625.179,553.476,-1,-1,-1,-1,-1,-1,-1,24.810,2,0,2,0,1,0,0,0,0,2,2,2,2,2,2,2,1
53,-3118.612,8499.009,-42.454,33.700,0.822335,-0.561731,0.090683,0.548438,0.824943,0.136693,-0.151593,-0.062674,0.986454,0,0.42189,-0.74813,17.320,-0.367,-1,694.734,-1,644.146,13.292,548.244,534.214,614.878,556.655,-1,-1,-1,-1,-1,-1,-1,26.900,2,0,2,0,1,0,0,0,0,2,2,2,2,2,2,2,1
54,-3103.343,8507.665,-45.996,33.335,0.825211,-0.557074,0.093252,0.542787,0.827799,0.141886,-0.156235,-0.066470,0.985481,0,0.42189,-0.74813,17.552,-0.365,-1,674.348,-1,630.297,13.310,534.800,522.220,599.769,559.406,-1,-1,-1,-1,-1,-1,-1,30.213,2,0,2,0,1,0,0,0,0,2,2,2,2,2,2,2,1
55,-3087.889,8516.412,-49.824,33.009,0.827570,-0.553008,0.096487,0.537625,0.830234,0.147206,-0.161513,-0.069950,0.984388,0,0.42189,-0.74813,17.758,-0.326,-1,652.452,-1,614.497,13.341,520.117,508.862,586.646,560.828,-1,-1,-1,-1,-1,-1,-1,36.078,2,0,2,0,1,0,0,0,0,2,2,2,2,2,2,2,1
56,-3072.106,8525.296,-53.565,32.683,0.829999,-0.548850,0.099327,0.532502,0.832727,0.151682,-0.165963,-0.073004,0.983426,0,0.42189,-0.74813,18.111,-0.327,10.693,633.901,-1,600.871,13.349,507.457,497.402,577.542,561.899,-1,-1,-1,-1,-1,-1,9.123,39.867,1,0,2,0,1,0,0,0,0,2,2,2,2,2,2,1,1
57,-3055.917,8534.292,-57.039,32.366,0.832395,-0.544717,0.101987,0.527566,0.835231,0.155124,-0.169681,-0.075320,0.982616,0,0.42189,-0.74813,18.521,-0.317,14.939,618.949,-1,589.374,13.366,497.016,487.934,572.544,562.290,-1,-1,-1,-1,-1,-1,23.470,41.757,1,0,2,0,1,0,0,0,0,2,2,2,2,2,2,1,1
58,-3039.375,8543.393,-60.104,32.065,0.834657,-0.540713,0.104777,0.522879,0.837689,0.157718,-0.173050,-0.076854,0.981910,0,0.42189,-0.74813,18.880,-0.301,14.944,606.913,-1,579.447,13.365,488.405,480.045,572.198,562.312,-1,-1,-1,-1,-1,1003.131,23.458,41.858,1,0,2,0,1,0,0,0,0,2,2,2,2,2,0,1,1
59,-3022.374,8552.554,-62.869,31.752,0.837135,-0.536410,0.107090,0.518073,0.840347,0.159429,-0.175513,-0.077983,0.981384,0,0.42189,-0.74813,19.312,-0.314,14.952,598.386,-1,572.089,13.362,482.087,474.232,575.116,562.666,-1,-1,-1,-1,-1,985.764,23.446,42.133,1,0,2,0,1,0,0,0,0,2,2,2,2,2,0,1,1
60,-3005.068,8561.747,-65.519,31.438,0.839664,-0.532057,0.108989,0.513289,0.843001,0.160883,-0.177476,-0.079145,0.980937,0,0.20111,-0.62850,19.596,-0.314,-1,591.417,-1,566.283,13.361,476.896,469.231,578.762,564.721,-1,-1,-1,-1,-1,971.638,-1,41.400,2,0,2,0,1,0,0,0,0,2,2,2,2,2,0,2,1
61,-2987.700,8570.846,-68.179,31.121,0.842091,-0.527727,0.111295,0.508395,0.845586,0.162846,-0.180047,-0.080550,0.980354,0,0.20111,-0.62850,19.607,-0.317,-1,582.952,-1,559.726,13.369,470.704,463.325,582.805,567.315,-1,-1,-1,-1,-1,955.135,-1,39.859,2,0,2,0,1,0,0,0,0,2,2,2,2,2,0,2,1
62,-2970.262,8579.780,-70.946,30.778,0.844603,-0.523140,0.113884,0.503041,0.848227,0.165714,-0.183291,-0.082674,0.979576,0,0.20111,-0.62850,19.594,-0.343,-1,572.083,-1,551.916,13.271,463.123,456.238,583.899,570.839,-1,-1,-1,-1,1006.544,936.348,-1,37.864,2,0,2,0,1,0,0,0,0,2,2,2,2,0,0,2,1
63,-2952.642,8588.258,-73.767,30.346,0.847794,-0.517522,0.115832,0.496320,0.851228,0.170518,-0.186847,-0.087074,0.978523,0,0.20111,-0.62850,19.553,-0.432,-1,558.672,-1,544.563,13.268,454.359,448.649,577.559,579.148,-1,-1,-1,-1,972.499,919.308,-1,36.780,2,0,2,0,1,0,0,0,0,2,2,2,2,0,0,2,1
64,-2934.960,8596.479,-76.609,29.890,0.851184,-0.511633,0.117117,0.489262,0.854222,0.175861,-0.190021,-0.092390,0.977423,0,0.20111,-0.62850,19.499,-0.455,8.060,545.561,-1,538.487,13.265,445.968,441.962,568.331,589.801,-1,-1,-1,-1,939.819,905.964,22.774,38.125,1,0,2,0,1,0,0,0,0,2,2,2,2,0,0,1,1
65,-2917.253,8604.668,-79.392,29.427,0.854643,-0.505478,0.118649,0.482089,0.857393,0.180188,-0.192810,-0.096797,0.976450,0,0.20111,-0.62850,19.509,-0.464,15.357,534.211,-1,532.340,13.270,438.422,436.013,563.305,598.471,-1,-1,-1,-1,911.339,893.594,22.866,37.659,1,0,2,0,1,0,0,0,0,2,2,2,2,0,0,1,1
66,-2899.391,8612.726,-82.214,28.977,0.858085,-0.499352,0.119739,0.475188,0.860549,0.183443,-0.194644,-0.100511,0.975711,0,0.20111,-0.62850,19.596,-0.450,15.310,525.406,-1,527.527,13.275,432.385,431.346,559.775,605.490,-1,-1,-1,-1,888.627,884.602,22.918,36.657,1,0,2,0,1,0,0,0,0,2,2,2,2,0,0,1,1
67,-2881.474,8620.733,-85.023,28.549,0.861477,-0.493315,0.120404,0.468699,0.863711,0.185271,-0.195392,-0.103174,0.975283,0,0.20111,-0.62850,19.625,-0.428,15.261,519.623,-1,524.283,13.283,428.184,427.926,558.773,610.750,-1,-1,-1,-1,873.014,879.161,22.977,37.332,1,0,2,0,1,0,0,0,0,2,2,2,2,0,0,1,1
68,-2863.407,8628.656,-87.936,28.147,0.864844,-0.487456,0.120131,0.462699,0.866772,0.186056,-0.194821,-0.105324,0.975168,0,0.20111,-0.62850,19.728,-0.402,15.210,516.367,-1,523.100,13.287,425.803,425.934,558.606,614.576,-1,-1,-1,-1,863.861,878.704,23.046,36.427,1,0,2,0,1,0,0,0,0,2,2,2,2,0,0,1,1
69,-2845.213,8636.499,-91.041,27.767,0.868201,-0.481725,0.119024,0.457106,0.869765,0.185911,-0.193081,-0.107001,0.975331,0,0.20111,-0.62850,19.812,-0.380,15.115,515.230,-1,523.544,13.311,424.819,425.175,559.093,616.290,-1,-1,-1,-1,860.010,882.277,23.178,35.595,1,0,2,0,1,0,0,0,0,2,2,2,2,0,0,1,1
70,-2826.948,8644.335,-94.401,27.429,0.871321,-0.476424,0.117561,0.452203,0.872590,0.184659,-0.190558,-0.107736,0.975746,0,0.20111,-0.62850,19.875,-0.338,14.795,515.681,-1,525.262,13.429,424.775,424.974,560.952,614.934,-1,-1,-1,-1,860.575,885.767,23.760,35.744,1,0,2,0,1,0,0,0,0,2,2,2,2,0,0,1,1
71,-2808.685,8652.252,-97.990,27.162,0.873896,-0.471973,0.116394,0.448391,0.875114,0.181993,-0.187754,-0.106853,0.976387,0,0.20111,-0.62850,19.906,-0.267,14.735,517.353,-1,525.860,13.457,424.996,424.757,564.385,609.072,-1,-1,-1,-1,862.035,888.011,23.895,36.008,1,0,2,0,1,0,0,0,0,2,2,2,2,0,0,1,1
72,-2790.202,8660.159,-101.752,26.912,0.876490,-0.467583,0.114594,0.444902,0.877660,0.178259,-0.183925,-0.105259,0.977288,0,0.47425,-0.63393,20.103,-0.250,14.896,521.055,-1,527.153,13.383,426.482,425.949,569.416,601.118,-1,-1,-1,-1,866.368,893.866,23.552,35.487,1,0,2,0,1,0,0,0,0,2,2,2,2,0,0,1,1
73,-2771.205,8667.861,-105.656,26.585,0.879871,-0.462004,0.111266,0.440309,0.880660,0.174834,-0.178761,-0.104840,0.978291,0,0.47425,-0.63393,20.500,-0.328,15.477,526.128,-1,531.395,13.268,429.231,428.400,571.343,595.543,-1,-1,-1,-1,873.198,907.942,22.742,35.466,1,0,2,0,1,0,0,0,0,2,2,2,2,0,0,1,1
74,-2751.756,8674.993,-109.278,26.086,0.884447,-0.454161,0.107202,0.433014,0.884389,0.174227,-0.173935,-0.107674,0.978853,0,0.47425,-0.63393,20.715,-0.499,17.206,528.425,-1,537.383,16.482,430.978,430.802,566.559,598.046,-1,-1,-1,-1,873.267,925.673,22.186,31.509,1,0,2,0,1,0,0,0,0,2,2,2,2,0,0,1,1
75,-2732.218,8680.326,-112.294,25.212,0.891241,-0.441349,0.104411,0.419610,0.889792,0.179437,-0.172098,-0.116110,0.978213,0,0.47425,-0.63393,20.253,-0.874,18.254,520.507,-1,542.000,25.647,427.077,429.712,550.242,614.390,-1,-1,-1,-1,852.824,942.078,22.390,26.526,1,0,2,0,1,0,0,0,0,2,2,2,2,0,0,1,1
76,-2713.089,8683.897,-114.618,24.156,0.898690,-0.425969,0.104434,0.403060,0.896021,0.186252,-0.172912,-0.125289,0.976936,0,0.47425,-0.63393,19.459,-1.056,18.500,507.001,-1,542.973,22.513,419.494,425.452,532.229,633.420,-1,-1,-1,-1,820.727,949.985,22.466,23.433,1,0,2,0,1,0,0,0,0,2,2,2,2,0,0,1,1
77,-2694.448,8686.687,-116.479,23.105,0.905743,-0.410130,0.106878,0.386420,0.902699,0.189244,-0.174094,-0.130107,0.976096,0,0.47425,-0.63393,18.849,-1.051,18.766,495.794,-1,540.593,22.960,412.676,421.707,527.061,641.261,-1,-1,-1,-1,795.130,951.863,22.558,24.062,1,0,2,0,1,0,0,0,0,2,2,2,2,0,0,1,1
78,-2676.243,8688.417,-117.849,22.090,0.912461,-0.394294,0.109306,0.370323,0.909435,0.189181,-0.174000,-0.132141,0.975839,0,0.47425,-0.63393,18.287,-1.015,18.688,489.943,-1,540.065,22.288,408.814,419.875,530.035,641.925,-1,-1,-1,-1,780.591,956.393,22.530,23.310,1,0,2,0,1,0,0,0,0,2,2,2,2,0,0,1,1
79,-2658.379,8689.286,-118.997,21.044,0.919533,-0.377182,0.110417,0.353793,0.916774,0.185355,-0.171140,-0.131375,0.976449,0,0.47425,-0.63393,17.885,-1.045,18.663,490.783,-1,545.732,20.238,409.483,421.223,537.793,635.029,-1,-1,-1,-1,777.986,970.607,22.521,21.154,1,0,2,0,1,0,0,0,0,2,2,2,2,0,0,1,1
80,-2640.690,8689.828,-120.368,20.065,0.926412,-0.360249,0.109457,0.338369,0.924104,0.177591,-0.165127,-0.127486,0.977998,0,0.47842,-0.63393,17.697,-0.980,18.863,498.761,-1,555.932,18.653,415.176,426.731,552.295,619.839,-1,-1,-1,-1,791.232,994.728,22.594,19.598,1,0,2,0,1,0,0,0,0,2,2,2,2,0,0,1,1
81,-2623.373,8689.461,-121.973,19.035,0.933597,-0.342231,0.106184,0.322105,0.931361,0.169746,-0.156988,-0.124272,0.979751,0,0.48241,-0.63393,17.322,-1.029,18.524,508.394,-1,570.292,16.809,422.285,435.662,563.861,605.392,-1,-1,-1,-1,808.693,-1,22.474,17.507,1,0,2,0,1,0,0,0,0,2,2,2,2,0,2,1,1
82,-2606.283,8689.025,-123.911,18.014,0.940485,-0.324220,0.101831,0.305832,0.938139,0.162362,-0.148173,-0.121555,0.981463,0,0.48661,-0.63393,17.095,-1.021,18.813,518.257,-1,587.206,13.966,429.796,445.178,573.239,591.778,-1,-1,-1,-1,828.189,-1,22.575,14.654,1,0,2,0,1,0,0,0,0,2,2,2,2,0,2,1,1
83,-2589.633,8688.488,-125.923,17.040,0.946593,-0.307237,0.097808,0.290118,0.943957,0.157404,-0.140687,-0.120622,0.982679,0,0.49079,-0.63393,16.660,-0.974,18.696,524.629,-1,601.992,13.962,436.112,452.623,576.581,582.986,-1,-1,-1,-1,842.864,-1,22.533,14.606,1,0,2,0,1,0,0,0,0,2,2,2,2,0,2,1,1
84,-2573.362,8687.721,-127.938,15.987,0.952505,-0.289368,0.094866,0.272890,0.949345,0.155808,-0.135146,-0.122520,0.983221,0,0.49476,-0.63393,16.289,-1.053,19.184,526.096,-1,617.011,-1,438.793,458.390,573.249,580.550,-1,-1,-1,-1,845.001,-1,22.719,-1,1,0,2,0,2,0,0,0,0,2,2,2,2,0,2,1,2
85,-2557.270,8686.770,-129.937,14.921,0.957956,-0.271533,0.092688,0.255276,0.954088,0.156685,-0.130978,-0.126437,0.983290,0,0.49909,-0.63393,16.120,-1.065,18.779,522.693,-1,629.159,-1,438.674,462.272,565.260,582.907,-1,-1,-1,-1,841.533,-1,22.563,-1,1,0,2,0,2,0,0,0,0,2,2,2,2,0,2,1,2
86,-2541.415,8685.328,-131.691,13.782,0.963317,-0.252555,0.090754,0.236286,0.958527,0.159356,-0.127236,-0.132066,0.983041,0,0.50346,-0.63393,15.920,-1.140,18.651,517.517,-1,643.812,-1,439.063,466.559,553.986,589.096,-1,-1,-1,-1,835.153,-1,22.518,-1,1,0,2,0,2,0,0,0,0,2,2,2,2,0,2,1,2
87,-2525.606,8683.365,-133.144,12.541,0.968745,-0.231753,0.088455,0.215485,0.962853,0.162729,-0.122882,-0.138582,0.982698,0,0.50817,-0.63393,15.930,-1.241,18.685,514.628,-1,664.829,-1,440.974,473.955,541.552,597.778,-1,-1,-1,-1,830.331,-1,22.530,-1,1,0,2,0,2,0,0,0,0,2,2,2,2,0,2,1,2
88,-2509.654,8680.892,-134.257,11.229,0.974116,-0.209405,0.085138,0.193395,0.967023,0.165726,-0.117035,-0.144970,0.982490,0,0.51332,-0.63393,16.143,-1.311,18.321,515.223,-1,691.868,-1,446.047,483.414,530.719,606.988,-1,-1,-1,-1,832.499,-1,22.411,-1,1,0,2,0,2,0,0,0,0,2,2,2,2,0,2,1,2
89,-2493.437,8678.368,-134.996,10.001,0.978826,-0.187980,0.081015,0.172613,0.970745,0.166909,-0.110020,-0.149390,0.982638,0,0.51877,-0.63393,16.412,-1.228,18.322,520.399,-1,721.409,-1,456.070,497.038,525.087,613.719,-1,-1,-1,-1,844.454,-1,22.411,-1,1,0,2,0,2,0,0,0,0,2,2,2,2,0,2,1,2
90,-2477.018,8675.473,-135.254,8.757,0.983130,-0.166067,0.076668,0.151435,0.974082,0.168023,-0.102584,-0.153578,0.982797,0,0.52385,-0.63393,16.673,-1.244,18.112,528.399,-1,759.419,-1,466.799,513.888,521.075,621.483,-1,-1,-1,-1,862.753,-1,22.350,-1,1,0,2,0,2,0,0,0,0,2,2,2,2,0,2,1,2
91,-2460.330,8672.332,-135.121,7.556,0.986910,-0.144529,0.071550,0.130904,0.977052,0.168026,-0.094193,-0.156461,0.983182,0,0.52901,-0.63393,16.981,-1.201,17.939,540.160,-1,795.299,-1,482.106,533.776,520.676,627.467,-1,-1,-1,-1,891.620,-1,22.306,-1,1,0,2,0,2,0,0,0,0,2,2,2,2,0,2,1,2
92,-2443.338,8668.976,-134.809,6.380,0.990167,-0.123265,0.066142,0.110721,0.979550,0.167994,-0.085497,-0.159019,0.983567,0,0.53398,-0.63393,17.320,-1.175,17.978,555.543,-1,830.347,-1,499.574,555.371,521.246,633.484,-1,-1,-1,-1,925.759,-1,22.316,-1,1,0,2,0,2,0,0,0,0,2,2,2,2,0,2,1,2
93,-2426.196,8665.239,-134.419,5.164,0.992955,-0.101394,0.061317,0.089730,0.981392,0.169760,-0.077389,-0.163062,0.983576,0,0.53883,-0.63393,17.544,-1.217,18.027,567.805,-1,865.799,-1,517.187,578.166,518.456,643.492,-1,-1,-1,-1,960.524,-1,22.329,-1,1,0,2,0,2,0,0,0,0,2,2,2,2,0,2,1,2
94,-2408.900,8661.166,-134.132,3.926,0.995199,-0.079260,0.057424,0.068293,0.982607,0.172684,-0.070112,-0.167934,0.983302,0,0.54386,-0.62246,17.770,-1.238,18.111,579.175,-1,890.962,-1,533.543,601.264,513.582,654.876,-1,-1,-1,-1,990.136,-1,22.350,-1,1,0,2,0,2,0,0,0,0,2,2,2,2,0,2,1,2
95,-2391.544,8656.656,-133.907,2.667,0.996892,-0.056845,0.054546,0.046445,0.983308,0.175918,-0.063635,-0.172838,0.982892,0,0.54898,-0.61058,17.932,-1.258,18.007,589.676,-1,912.642,-1,550.534,622.026,508.078,666.162,-1,-1,-1,-1,-1,-1,22.323,-1,1,0,2,0,2,0,0,0,0,2,2,2,2,2,2,1,2
96,-2374.273,8652.030,-133.874,1.487,0.997925,-0.035900,0.053456,0.025905,0.983845,0.177135,-0.058952,-0.175383,0.982734,0,-0.06036,-0.58801,17.880,-1.180,17.215,597.885,-1,925.419,-1,564.652,639.194,505.827,670.711,-1,-1,-1,-1,-1,-1,22.189,-1,1,0,2,0,2,0,0,0,0,2,2,2,2,2,2,1,2
97,-2357.162,8647.898,-134.344,0.567,0.998332,-0.019607,0.054302,0.009881,0.984715,0.173892,-0.056881,-0.173065,0.983266,0,-0.06089,-0.57670,17.603,-0.920,15.987,604.522,-1,924.726,-1,571.893,647.170,511.658,661.558,-1,-1,-1,-1,-1,-1,22.387,-1,1,0,2,0,2,0,0,0,0,2,2,2,2,2,2,1,2
98,-2340.169,8644.534,-135.521,-0.059,0.998373,-0.008460,0.056393,-0.001034,0.986084,0.166242,-0.057015,-0.166030,0.984471,0,-0.06130,-0.56800,17.323,-0.626,15.119,607.719,-1,911.450,-1,573.883,647.094,525.030,639.565,-1,-1,-1,-1,-1,-1,23.169,-1,1,0,2,0,2,0,0,0,0,2,2,2,2,2,2,1,2
99,-2323.402,8641.990,-137.333,-0.425,0.998191,-0.002014,0.060088,-0.007404,0.987715,0.156089,-0.059664,-0.156251,0.985914,0,-0.06157,-0.56223,16.959,-0.366,14.277,605.916,-1,887.437,-1,568.759,637.096,542.765,611.233,-1,-1,-1,-1,-1,-1,25.427,-1,1,0,2,0,2,0,0,0,0,2,2,2,2,2,2,1,2
100,-2306.915,8640.180,-139.589,-0.609,0.997790,0.000936,0.066445,-0.010612,0.989312,0.145428,-0.065599,-0.145812,0.987135,0,-0.06171,-0.55908,16.586,-0.184,14.166,596.680,-1,854.101,-1,555.669,619.185,561.297,582.475,-1,-1,-1,-1,-1,-1,25.997,-1,1,0,2,0,2,0,0,0,0,2,2,2,2,2,2,1,2
101,-2290.802,8638.762,-142.127,-0.726,0.997138,0.002376,0.075560,-0.012637,0.990681,0.135617,-0.074533,-0.136184,0.987876,0,-0.06178,-0.55774,16.176,-0.117,13.818,579.785,-1,815.063,-1,536.143,595.391,577.823,556.435,-1,-1,-1,-1,987.496,-1,28.709,-1,1,0,2,0,2,0,0,0,0,2,2,2,2,0,2,1,2
102,-2275.003,8637.786,-144.711,-0.772,0.996241,0.002511,0.086585,-0.013433,0.991966,0.125792,-0.085573,-0.126483,0.988271,0,-0.06181,-0.55707,15.829,-0.046,13.557,558.850,-1,772.915,-1,513.299,567.040,595.179,531.842,-1,-1,-1,-1,936.485,-1,33.088,-1,1,0,2,0,2,0,0,0,0,2,2,2,2,0,2,1,2
103,-2259.368,8637.255,-147.247,-0.717,0.995179,0.001164,0.098071,-0.012449,0.993342,0.114531,-0.097285,-0.115199,0.988567,0,-0.06181,-0.55710,15.644,0.056,13.415,538.288,-1,729.969,-1,490.653,538.212,617.981,507.376,-1,-1,-1,-1,889.564,-1,38.215,-1,1,0,2,0,2,0,0,0,0,2,2,2,2,0,2,1,2
104,-2243.922,8636.917,-149.575,-0.610,0.994015,-0.000682,0.109244,-0.010590,0.994669,0.102576,-0.108732,-0.103119,0.988708,0,-0.06176,-0.55815,15.450,0.106,13.455,519.849,-1,689.701,-1,470.132,511.741,645.747,483.599,-1,-1,-1,-1,848.800,-1,36.375,-1,1,0,2,0,2,0,0,0,0,2,2,2,2,0,2,1,2
105,-2228.457,8636.647,-151.329,-0.498,0.993073,-0.002308,0.117474,-0.008625,0.995678,0.092469,-0.117180,-0.092842,0.988761,0,-0.06169,-0.55971,15.467,0.113,13.666,507.885,-1,657.761,14.393,456.374,493.809,672.639,465.950,-1,-1,-1,-1,822.544,968.729,30.808,24.938,1,0,2,0,1,0,0,0,0,2,2,2,2,0,0,1,1
106,-2212.908,8636.459,-152.331,-0.419,0.992557,-0.003240,0.121739,-0.007264,0.996292,0.085735,-0.121565,-0.085981,0.988852,0,-0.06161,-0.56133,15.550,0.078,13.670,503.504,-1,641.405,14.387,450.736,486.216,693.229,456.821,-1,-1,-1,-1,812.242,940.288,30.725,24.968,1,0,2,0,1,0,0,0,0,2,2,2,2,0,0,1,1
107,-2197.389,8636.648,-152.716,-0.312,0.992358,-0.004638,0.123303,-0.005412,0.996695,0.081052,-0.123271,-0.081099,0.989054,0,-0.06155,-0.56261,15.521,0.107,13.504,504.370,-1,634.631,14.646,450.452,485.289,710.301,453.105,-1,-1,-1,-1,813.143,924.505,34.616,24.125,1,0,2,0,1,0,0,0,0,2,2,2,2,0,0,1,1
108,-2181.990,8637.132,-152.864,-0.168,0.992312,-0.006781,0.123572,-0.002917,0.996939,0.078133,-0.123724,-0.077893,0.989255,0,-0.06148,-0.56417,15.406,0.144,13.504,506.427,-1,630.413,14.646,452.364,486.025,723.212,452.710,-1,-1,-1,-1,818.133,915.142,34.634,24.121,1,0,2,0,1,0,0,0,0,2,2,2,2,0,0,1,1
109,-2167.063,8637.695,-152.892,-0.024,0.992298,-0.009049,0.123543,-0.000422,0.997075,0.076428,-0.123873,-0.075892,0.989392,0,-0.06138,-0.56612,14.938,0.144,13.639,508.607,-1,626.986,9.858,454.755,486.571,732.604,454.686,-1,-1,-1,-1,823.227,908.418,31.246,8.646,1,0,2,0,1,0,0,0,0,2,2,2,2,0,0,1,1
110,-2153.082,8638.035,-152.528,0.121,0.992579,-0.010771,0.121120,0.002093,0.997436,0.071540,-0.121580,-0.070756,0.990057,0,-0.06129,-0.56804,13.986,0.145,13.618,517.696,-1,627.097,-1,461.110,491.107,754.936,453.706,-1,-1,-1,-1,846.215,907.212,31.732,-1,1,0,2,0,2,0,0,0,0,2,2,2,2,0,0,1,2
111,-2139.725,8638.167,-151.747,0.279,0.993209,-0.012074,0.115715,0.004834,0.998024,0.062645,-0.116243,-0.061661,0.991305,0,-0.06120,-0.56995,13.357,0.158,13.592,535.769,-1,631.381,-1,473.233,500.633,795.187,447.657,-1,-1,-1,-1,892.664,912.635,32.273,-1,1,0,2,0,2,0,0,0,0,2,2,2,2,0,0,1,2
112,-2126.750,8638.106,-150.598,0.426,0.994002,-0.012985,0.108591,0.007397,0.998635,0.051704,-0.109114,-0.050590,0.992741,0,-0.06111,-0.57196,12.975,0.148,13.541,560.042,-1,638.681,-1,489.467,513.677,842.342,439.697,-1,-1,-1,-1,957.226,923.705,33.463,-1,1,0,2,0,2,0,0,0,0,2,2,2,2,0,0,1,2
113,-2114.128,8638.006,-149.227,0.563,0.994684,-0.013900,0.102029,0.009777,0.999119,0.040802,-0.102506,-0.039588,0.993944,0,-0.14970,-1.00000,12.622,0.137,13.500,584.655,-1,645.668,-1,505.706,526.604,892.667,432.507,-1,-1,-1,-1,-1,933.003,34.734,-1,1,0,2,0,2,0,0,0,0,2,2,2,2,2,0,1,2
114,-2102.039,8637.903,-147.748,0.646,0.995071,-0.014426,0.098109,0.011213,0.999385,0.033218,-0.098527,-0.031954,0.994621,0,-0.14950,-1.00000,12.090,0.082,13.437,602.773,-1,650.153,14.781,517.520,533.835,931.559,429.911,-1,-1,-1,-1,-1,938.033,35.720,23.789,1,0,2,0,1,0,0,0,0,2,2,2,2,2,0,1,1
115,-2090.536,8637.668,-146.337,0.560,0.995183,-0.012989,0.097171,0.009719,0.999373,0.034042,-0.097552,-0.032934,0.994685,0,-0.14936,-1.00000,11.505,-0.086,-1,608.970,-1,653.870,15.409,522.546,537.895,932.696,437.940,-1,-1,-1,-1,-1,942.185,-1,22.809,2,0,2,0,1,0,0,0,0,2,2,2,2,2,0,2,1
116,-2079.434,8637.476,-145.426,0.375,0.995187,-0.010413,0.097440,0.006512,0.999168,0.040269,-0.097779,-0.039440,0.994426,0,-0.14941,-1.00000,11.104,-0.185,-1,607.707,-1,656.976,16.945,523.287,540.102,908.182,452.178,-1,-1,-1,-1,-1,946.898,-1,22.179,2,0,2,0,1,0,0,0,0,2,2,2,2,2,0,2,1
117,-2068.806,8637.595,-145.364,0.185,0.995136,-0.007939,0.098190,0.003211,0.998832,0.048212,-0.098459,-0.047662,0.993999,0,-0.14958,-1.00000,10.628,-0.190,-1,602.041,-1,658.716,19.203,521.319,540.269,874.363,467.357,-1,-1,-1,-1,-1,949.948,-1,22.727,2,0,2,0,1,0,0,0,0,2,2,2,2,2,0,2,1
118,-2059.498,8639.232,-146.236,0.144,0.994795,-0.007790,0.101602,0.002504,0.998641,0.052052,-0.101869,-0.051527,0.993462,0,-0.14976,-1.00000,9.451,-0.041,-1,591.219,-1,651.534,18.785,513.851,533.673,856.758,474.745,-1,-1,-1,-1,-1,938.357,-1,22.565,2,0,2,0,1,0,0,0,0,2,2,2,2,2,0,2,1
119,-2051.010,8642.003,-147.927,0.243,0.994402,-0.009932,0.105195,0.004225,0.998514,0.054339,-0.105578,-0.053590,0.992966,0,-0.14977,-1.00000,8.928,0.099,-1,579.199,-1,641.440,18.684,504.635,524.746,843.866,478.739,-1,-1,-1,-1,1005.958,922.709,-1,22.529,2,0,2,0,1,0,0,0,0,2,2,2,2,0,0,2,1
120,-2043.016,8645.349,-150.293,0.508,0.994104,-0.015041,0.107385,0.008811,0.998263,0.058257,-0.108075,-0.056968,0.992509,0,-0.14962,-1.00000,8.666,0.264,-1,567.280,-1,632.999,17.164,495.822,516.510,824.180,484.781,-1,-1,-1,-1,978.131,911.053,-1,22.184,2,0,2,0,1,0,0,0,0,2,2,2,2,0,0,2,1
121,-2034.948,8648.190,-153.313,0.763,0.994110,-0.020502,0.106416,0.013240,0.997563,0.068508,-0.107561,-0.066695,0.991959,0,-0.14929,-1.00000,8.554,0.255,-1,555.888,-1,631.919,15.745,489.405,512.518,778.789,499.876,-1,-1,-1,-1,953.036,913.077,-1,22.526,2,0,2,0,1,0,0,0,0,2,2,2,2,0,0,2,1
122,-2026.833,8650.489,-157.174,0.980,0.994317,-0.025655,0.103326,0.017002,0.996340,0.083768,-0.105097,-0.081535,0.991114,0,-0.14896,-1.00000,8.435,0.217,-1,543.438,-1,635.419,15.554,483.543,510.696,714.076,522.640,-1,-1,-1,-1,925.287,925.737,-1,22.671,2,0,2,0,1,0,0,0,0,2,2,2,2,0,0,2,1
123,-2018.765,8652.701,-161.844,1.185,0.994737,-0.030236,0.097894,0.020573,0.994948,0.098261,-0.100371,-0.095730,0.990334,0,-0.14867,-1.00000,8.365,0.205,13.270,533.855,-1,641.080,-1,479.504,510.726,654.535,544.619,-1,-1,-1,-1,908.459,944.169,35.415,-1,1,0,2,0,2,0,0,0,0,2,2,2,2,0,0,1,2
124,-2010.617,8654.669,-167.064,1.440,0.995485,-0.034746,0.088327,0.025020,0.993734,0.108937,-0.091559,-0.106236,0.990117,0,-0.14841,-1.00000,8.383,0.255,13.351,532.764,-1,651.124,-1,480.977,515.281,606.829,559.967,-1,-1,-1,-1,918.037,971.125,42.887,-1,1,0,2,0,2,0,0,0,0,2,2,2,2,0,0,1,2
125,-2002.399,8656.132,-172.344,1.701,0.996414,-0.038595,0.075292,0.029592,0.992664,0.117225,-0.079264,-0.114577,0.990247,0,-0.14808,-1.00000,8.347,0.261,13.722,539.539,-1,667.215,-1,488.127,524.976,567.763,571.415,-1,-1,-1,-1,953.757,-1,29.928,-1,1,0,2,0,2,0,0,0,0,2,2,2,2,0,2,1,2
126,-1994.440,8657.037,-176.617,1.880,0.997074,-0.040853,0.064613,0.032729,0.991974,0.122129,-0.069084,-0.119657,0.990409,0,-0.14775,-1.00000,8.010,0.179,14.108,546.796,-1,680.928,-1,494.802,533.367,542.795,577.918,-1,-1,-1,-1,989.806,-1,26.306,-1,1,0,2,0,2,0,0,0,0,2,2,2,2,0,2,1,2
127,-1986.778,8657.392,-179.205,1.949,0.997379,-0.041492,0.059283,0.033944,0.991815,0.123091,-0.063905,-0.120756,0.990623,0,0.29349,-0.77971,7.670,0.069,14.331,551.116,-1,685.008,-1,497.673,536.071,532.023,578.844,-1,-1,-1,-1,-1,-1,25.184,-1,1,0,2,0,2,0,0,0,0,2,2,2,2,2,2,1,2
128,-1979.185,8657.381,-180.037,1.945,0.997427,-0.041129,0.058725,0.033872,0.992240,0.119631,-0.063190,-0.117334,0.991080,0,0.29328,-0.78066,7.593,-0.004,14.518,553.544,-1,680.773,-1,497.633,534.442,537.478,573.710,-1,-1,-1,-1,-1,-1,24.500,-1,1,0,2,0,2,0,0,0,0,2,2,2,2,2,2,1,2
129,-1971.541,8657.085,-179.456,1.879,0.997285,-0.039872,0.061902,0.032715,0.993100,0.112614,-0.065965,-0.110283,0.991709,0,0.29323,-0.78086,7.650,-0.066,14.658,554.465,-1,670.340,-1,495.464,529.494,555.886,564.049,-1,-1,-1,-1,-1,-1,24.090,-1,1,0,2,0,2,0,0,0,0,2,2,2,2,2,2,1,2
130,-1963.671,8656.578,-178.087,1.780,0.997070,-0.038031,0.066375,0.030986,0.994083,0.104112,-0.069942,-0.101750,0.992348,0,0.29333,-0.78044,7.886,-0.099,14.854,555.806,-1,658.516,-1,493.373,524.020,581.127,553.300,-1,-1,-1,-1,-1,-1,23.636,-1,1,0,2,0,2,0,0,0,0,2,2,2,2,2,2,1,2
131,-1955.536,8655.922,-176.486,1.652,0.996877,-0.035621,0.070477,0.028745,0.994940,0.096276,-0.073550,-0.093950,0.992856,0,0.29350,-0.77970,8.162,-0.128,15.200,558.030,-1,648.377,-1,492.339,519.719,606.479,544.909,-1,-1,-1,-1,-1,985.933,23.057,-1,1,0,2,0,2,0,0,0,0,2,2,2,2,2,0,1,2
132,-1947.248,8655.148,-174.943,1.481,0.996703,-0.032526,0.074336,0.025769,0.995598,0.090112,-0.076940,-0.087900,0.993154,0,0.29373,-0.77868,8.324,-0.171,15.987,559.592,-1,639.894,-1,491.326,515.937,628.118,539.762,-1,-1,-1,-1,-1,965.108,22.386,-1,1,0,2,0,2,0,0,0,0,2,2,2,2,2,0,1,2
133,-1938.899,8653.950,-173.667,1.195,0.996561,-0.027597,0.078134,0.020788,0.996021,0.086657,-0.080215,-0.084734,0.993170,0,0.29406,-0.77723,8.435,-0.286,16.386,558.896,-1,632.963,-1,489.565,512.226,640.276,538.544,-1,-1,-1,-1,-1,947.856,22.242,-1,1,0,2,0,2,0,0,0,0,2,2,2,2,2,0,1,2
134,-1930.412,8652.497,-172.919,0.850,0.996462,-0.021654,0.081208,0.014776,0.996325,0.084366,-0.082736,-0.082867,0.993120,0,0.29466,-0.77462,8.610,-0.345,16.422,557.629,-1,626.865,-1,487.761,508.815,646.496,538.145,-1,-1,-1,-1,-1,933.767,22.235,-1,1,0,2,0,2,0,0,0,0,2,2,2,2,2,0,1,2
135,-1921.754,8650.817,-172.816,0.474,0.996420,-0.015145,0.083169,0.008251,0.996547,0.082617,-0.084133,-0.081635,0.993105,0,0.29539,-0.77143,8.819,-0.375,16.856,556.669,-1,621.774,-1,485.573,506.209,648.816,537.401,-1,-1,-1,-1,-1,922.955,22.180,-1,1,0,2,0,2,0,0,0,0,2,2,2,2,2,0,1,2
136,-1912.950,8648.831,-173.404,0.047,0.996430,-0.007706,0.084072,0.000814,0.996656,0.081703,-0.084421,-0.081343,0.993104,0,0.29619,-0.76794,9.025,-0.428,17.312,554.771,-1,617.676,-1,483.491,504.130,644.566,536.414,-1,-1,-1,-1,-1,915.249,22.196,-1,1,0,2,0,2,0,0,0,0,2,2,2,2,2,0,1,2
137,-1904.037,8646.518,-174.623,-0.433,0.996468,0.000653,0.083967,-0.007533,0.996633,0.081643,-0.083631,-0.081987,0.993118,0,0.29711,-0.76393,9.208,-0.480,17.989,552.730,-1,614.614,-1,481.592,502.582,634.543,535.303,-1,-1,-1,-1,1004.298,910.605,22.318,-1,1,0,2,0,2,0,0,0,0,2,2,2,2,0,0,1,2
138,-1895.110,8643.767,-176.326,-0.996,0.996492,0.010429,0.083031,-0.017328,0.996415,0.082809,-0.081870,-0.083958,0.993100,0,0.29815,-0.75939,9.342,-0.563,18.473,550.784,-1,612.900,-1,479.918,501.711,618.586,534.833,-1,-1,-1,-1,1000.454,909.269,22.458,-1,1,0,2,0,2,0,0,0,0,2,2,2,2,0,0,1,2
139,-1886.270,8640.548,-178.292,-1.641,0.996467,0.021639,0.081151,-0.028546,0.995977,0.084943,-0.078986,-0.086960,0.993076,0,0.29938,-0.75402,9.407,-0.645,18.685,549.945,-1,613.542,-1,479.703,501.172,600.153,534.961,-1,-1,-1,-1,997.342,913.294,22.529,-1,1,0,2,0,2,0,0,0,0,2,2,2,2,0,0,1,2
140,-1877.526,8636.834,-180.307,-2.366,0.996366,0.034336,0.077945,-0.041167,0.995287,0.087796,-0.074563,-0.090685,0.993084,0,0.30080,-0.74782,9.500,-0.725,18.502,551.579,-1,617.316,-1,481.833,502.784,580.732,535.691,-1,-1,-1,-1,1005.717,925.227,22.467,-1,1,0,2,0,2,0,0,0,0,2,2,2,2,0,0,1,2
141,-1868.633,8632.898,-182.260,-3.123,0.996108,0.047704,0.074122,-0.054354,0.994415,0.090463,-0.069393,-0.094140,0.993138,0,0.30241,-0.74081,9.725,-0.757,18.154,553.844,-1,622.173,-1,484.088,505.534,562.177,535.885,-1,-1,-1,-1,-1,940.564,22.361,-1,1,0,2,0,2,0,0,0,0,2,2,2,2,2,0,1,2
142,-1859.615,8628.856,-183.877,-3.875,0.995557,0.060931,0.071783,-0.067429,0.993485,0.091875,-0.065717,-0.096307,0.993180,0,0.30409,-0.73348,9.883,-0.751,18.342,554.286,-1,623.758,-1,484.752,506.857,548.633,534.414,-1,-1,-1,-1,-1,950.371,22.416,-1,1,0,2,0,2,0,0,0,0,2,2,2,2,2,0,1,2
143,-1850.609,8624.684,-184.981,-4.644,0.994639,0.074301,0.071928,-0.080803,0.992461,0.092156,-0.064538,-0.097474,0.993143,0,0.30576,-0.72621,9.926,-0.770,18.375,552.125,-1,621.440,-1,483.011,505.482,538.554,532.007,-1,-1,-1,-1,-1,949.118,22.427,-1,1,0,2,0,2,0,0,0,0,2,2,2,2,2,0,1,2
144,-1841.715,8620.416,-185.432,-5.403,0.993407,0.087363,0.074228,-0.093948,0.991463,0.090417,-0.065696,-0.096794,0.993134,0,0.30746,-0.71876,9.865,-0.758,18.262,548.738,-1,615.340,-1,479.556,500.839,534.732,527.702,-1,-1,-1,-1,995.939,936.584,22.393,-1,1,0,2,0,2,0,0,0,0,2,2,2,2,0,0,1,2
145,-1832.793,8616.002,-185.385,-6.145,0.991956,0.100152,0.077409,-0.106795,0.990463,0.087054,-0.067952,-0.094621,0.993192,0,0.30915,-0.71142,9.954,-0.742,18.154,544.945,-1,607.562,-1,475.674,495.909,535.859,522.039,-1,-1,-1,-1,974.556,918.942,22.362,-1,1,0,2,0,2,0,0,0,0,2,2,2,2,0,0,1,2
146,-1823.710,8611.409,-185.132,-6.879,0.990370,0.112872,0.080167,-0.119483,0.989353,0.083096,-0.069934,-0.091875,0.993312,0,0.31079,-0.70424,10.178,-0.734,18.073,541.332,-1,600.422,-1,472.129,491.681,539.908,516.141,-1,-1,-1,-1,957.997,902.910,22.339,-1,1,0,2,0,2,0,0,0,0,2,2,2,2,0,0,1,2
147,-1814.390,8606.625,-184.960,-7.613,0.988686,0.125645,0.081932,-0.132149,0.988039,0.079468,-0.070968,-0.089396,0.993465,0,0.31242,-0.69714,10.476,-0.734,18.028,539.126,-1,594.848,-1,469.532,488.662,543.348,510.839,-1,-1,-1,-1,945.803,891.452,22.327,-1,1,0,2,0,2,0,0,0,0,2,2,2,2,0,0,1,2
148,-1804.878,8601.629,-185.034,-8.366,0.986857,0.138734,0.082863,-0.145126,0.986424,0.076849,-0.071076,-0.087865,0.993593,0,0.31404,-0.69005,10.744,-0.753,17.894,537.454,-1,590.835,-1,468.113,486.596,543.727,506.702,-1,-1,-1,-1,936.128,884.527,22.296,-1,1,0,2,0,2,0,0,0,0,2,2,2,2,0,0,1,2
149,-1795.210,8596.496,-185.413,-9.147,0.984790,0.152164,0.083877,-0.158566,0.984434,0.075810,-0.071036,-0.087957,0.993588,0,0.31571,-0.68277,10.946,-0.781,18.024,534.476,-1,587.290,-1,466.080,484.401,538.302,504.537,-1,-1,-1,-1,923.198,879.360,22.327,-1,1,0,2,0,2,0,0,0,0,2,2,2,2,0,0,1,2
150,-1785.405,8591.177,-186.085,-9.950,0.982485,0.165822,0.085009,-0.172355,0.982076,0.076296,-0.070833,-0.089611,0.993455,0,0.31744,-0.67522,11.155,-0.803,18.078,529.966,-1,584.203,-1,463.487,481.693,529.056,504.231,-1,-1,-1,-1,906.019,875.940,22.341,-1,1,0,2,0,2,0,0,0,0,2,2,2,2,0,0,1,2
151,-1775.410,8585.573,-186.925,-10.767,0.979998,0.179708,0.085495,-0.186357,0.979428,0.077411,-0.069825,-0.091795,0.993327,0,0.58379,-0.61082,11.459,-0.817,18.366,526.326,-1,582.361,-1,461.314,479.239,519.319,504.462,-1,-1,-1,-1,890.993,877.127,22.423,-1,1,0,2,0,2,0,0,0,0,2,2,2,2,0,0,1,2
152,-1765.166,8579.491,-187.886,-11.648,0.977114,0.194627,0.085836,-0.201424,0.976294,0.079241,-0.068379,-0.094717,0.993153,0,0.58710,-0.60291,11.914,-0.881,18.310,522.620,-1,581.326,-1,458.352,477.225,507.010,505.318,-1,-1,-1,-1,874.229,880.228,22.407,-1,1,0,2,0,2,0,0,0,0,2,2,2,2,0,0,1,2
153,-1754.706,8572.980,-188.928,-12.573,0.973804,0.210217,0.086685,-0.217184,0.972786,0.080735,-0.067354,-0.097446,0.992959,0,0.59068,-0.59437,12.320,-0.925,18.486,517.958,-1,579.267,-1,454.617,474.841,495.070,505.426,-1,-1,-1,-1,855.488,880.278,22.462,-1,1,0,2,0,2,0,0,0,0,2,2,2,2,0,0,1,2
154,-1744.158,8565.971,-189.936,-13.539,0.970042,0.226492,0.087866,-0.233580,0.968953,0.081061,-0.066778,-0.099156,0.992829,0,0.59445,-0.58539,12.665,-0.966,18.418,512.516,-1,575.857,-1,450.580,471.772,486.568,503.631,-1,-1,-1,-1,836.843,876.594,22.440,-1,1,0,2,0,2,0,0,0,0,2,2,2,2,0,0,1,2
155,-1733.394,8558.509,-191.002,-14.520,0.965923,0.243054,0.088980,-0.250167,0.964887,0.080052,-0.066398,-0.099584,0.992811,0,0.59839,-0.57599,13.097,-0.981,18.248,505.941,-1,571.129,-1,447.035,468.054,479.743,499.588,-1,-1,-1,-1,818.969,869.658,22.388,-1,1,0,2,0,2,0,0,0,0,2,2,2,2,0,0,1,2
156,-1722.446,8550.618,-192.062,-15.521,0.961421,0.259971,0.089911,-0.266997,0.960569,0.077589,-0.066194,-0.098602,0.992923,0,0.60239,-0.56645,13.495,-1.000,18.249,500.467,-1,565.452,-1,442.877,463.304,475.936,493.283,-1,-1,-1,-1,801.553,859.688,22.389,-1,1,0,2,0,2,0,0,0,0,2,2,2,2,0,0,1,2
157,-1711.320,8542.343,-193.120,-16.538,0.956490,0.277127,0.091254,-0.284016,0.955978,0.073762,-0.066796,-0.096471,0.993092,0,0.60647,-0.55671,13.866,-1.017,18.314,494.832,-1,557.815,-1,437.196,457.394,475.257,485.213,-1,-1,-1,-1,781.930,845.337,22.407,-1,1,0,2,0,2,0,0,0,0,2,2,2,2,0,0,1,2
158,-1700.116,8533.601,-194.123,-17.584,0.951042,0.294634,0.093326,-0.301401,0.950989,0.069123,-0.068386,-0.093868,0.993233,0,0.61062,-0.54681,14.211,-1.046,18.153,487.601,-1,548.457,-1,430.443,450.317,475.378,476.487,-1,-1,-1,-1,759.616,828.236,22.361,-1,1,0,2,0,2,0,0,0,0,2,2,2,2,0,0,1,2
159,-1688.805,8524.437,-195.147,-18.668,0.944995,0.312568,0.096358,-0.319274,0.945488,0.064167,-0.071049,-0.091402,0.993276,0,0.61489,-0.53661,14.557,-1.084,18.563,477.244,-1,537.484,-1,422.352,441.885,474.791,467.886,-1,-1,-1,-1,733.581,807.533,22.488,-1,1,0,2,0,2,0,0,0,0,2,2,2,2,0,0,1,2
160,-1677.321,8514.895,-196.195,-19.740,0.938675,0.330238,0.099160,-0.336832,0.939718,0.058943,-0.073717,-0.088729,0.993324,0,0.61932,-0.52605,14.931,-1.072,18.204,467.023,-1,526.452,-1,414.408,433.432,475.804,459.252,-1,-1,-1,-1,709.938,787.041,22.375,-1,1,0,2,0,2,0,0,0,0,2,2,2,2,0,0,1,2
161,-1663.118,8503.056,-197.617,-21.014,0.930741,0.351038,0.102432,-0.357531,0.932373,0.053408,-0.076756,-0.086332,0.993305,0,0.62370,-0.51560,18.490,-1.274,18.567,455.414,-1,513.559,-1,404.930,423.343,474.886,450.224,-1,-1,-1,-1,683.145,763.893,22.489,-1,1,0,2,0,2,0,0,0,0,2,2,2,2,0,0,1,2
162,-1653.557,8494.814,-198.605,-21.871,0.925175,0.364929,0.104301,-0.371378,0.927111,0.050430,-0.078296,-0.085391,0.993266,0,0.62890,-0.50319,12.623,-0.858,18.479,448.430,-1,505.928,-1,398.710,417.181,472.795,445.167,-1,-1,-1,-1,666.737,750.905,22.459,-1,1,0,2,0,2,0,0,0,0,2,2,2,2,0,0,1,2
163,-1641.442,8484.166,-199.892,-22.948,0.917966,0.382337,0.105624,-0.388663,0.920182,0.046961,-0.079239,-0.084161,0.993297,0,0.63240,-0.49484,16.129,-1.076,18.278,440.019,-1,497.769,-1,391.959,410.513,470.997,438.872,-1,-1,-1,-1,648.425,737.924,22.397,-1,1,0,2,0,2,0,0,0,0,2,2,2,2,0,0,1,2
164,-1629.158,8473.146,-201.102,-24.012,0.910602,0.399546,0.105671,-0.405653,0.912986,0.043621,-0.079048,-0.082588,0.993444,0,0.63679,-0.48435,16.503,-1.064,18.294,433.004,-1,491.294,-1,386.628,405.198,470.089,432.569,-1,-1,-1,-1,634.149,728.799,22.402,-1,1,0,2,0,2,0,0,0,0,2,2,2,2,0,0,1,2
165,-1616.735,8461.710,-202.196,-25.053,0.903181,0.416337,0.104537,-0.422175,0.905594,0.040829,-0.077670,-0.081009,0.993683,0,0.64114,-0.47399,16.885,-1.041,18.081,427.781,-1,486.951,-1,382.778,401.171,470.111,426.802,-1,-1,-1,-1,624.929,723.521,22.341,-1,1,0,2,0,2,0,0,0,0,2,2,2,2,0,0,1,2
166,-1603.804,8450.119,-203.291,-26.004,0.896198,0.431745,0.102102,-0.437188,0.898580,0.037700,-0.075470,-0.078425,0.994059,0,0.64538,-0.46386,17.365,-0.951,17.928,424.887,-1,483.241,-1,379.804,397.822,472.325,420.473,-1,-1,-1,-1,621.139,719.768,22.303,-1,1,0,2,0,2,0,0,0,0,2,2,2,2,0,0,1,2
167,-1590.784,8438.146,-204.175,-26.962,0.888929,0.447040,0.099805,-0.452187,0.891211,0.035625,-0.073021,-0.076799,0.994369,0,0.64925,-0.45465,17.688,-0.958,18.147,421.655,-1,480.758,-1,377.233,395.314,474.234,415.905,-1,-1,-1,-1,616.781,718.516,22.359,-1,1,0,2,0,2,0,0,0,0,2,2,2,2,0,0,1,2
168,-1577.611,8425.906,-204.855,-27.943,0.881185,0.462462,0.098195,-0.467414,0.883381,0.034096,-0.070976,-0.075943,0.994583,0,0.65313,-0.44537,17.982,-0.981,17.511,417.741,-1,478.255,-1,374.429,392.825,474.989,412.742,-1,-1,-1,-1,611.045,717.429,22.222,-1,1,0,2,0,2,0,0,0,0,2,2,2,2,0,0,1,2
169,-1564.025,8413.442,-205.334,-28.871,0.873639,0.476872,0.096680,-0.481702,0.875694,0.033512,-0.068681,-0.075849,0.994751,0,0.65712,-0.43585,18.437,-0.928,18.088,414.298,-1,476.737,-1,372.086,390.968,474.300,411.351,-1,-1,-1,-1,606.524,719.123,22.344,-1,1,0,2,0,2,0,0,0,0,2,2,2,2,0,0,1,2
170,-1550.904,8400.322,-205.483,-29.908,0.864941,0.492591,0.096082,-0.497531,0.866727,0.035309,-0.065884,-0.078344,0.994747,0,0.66088,-0.42688,18.555,-1.037,18.712,411.177,-1,478.240,-1,370.490,390.568,470.036,413.526,-1,-1,-1,-1,605.247,727.591,22.539,-1,1,0,2,0,2,0,0,0,0,2,2,2,2,0,0,1,2
171,-1538.488,8386.692,-205.302,-31.074,0.854830,0.510026,0.095601,-0.515134,0.856267,0.037997,-0.062480,-0.081728,0.994694,0,0.66511,-0.41680,18.437,-1.165,18.239,409.588,-1,482.217,-1,370.063,391.685,464.116,416.798,-1,-1,-1,-1,606.383,741.110,22.386,-1,1,0,2,0,2,0,0,0,0,2,2,2,2,0,0,1,2
172,-1525.689,8372.802,-205.098,-32.162,0.845153,0.526448,0.092566,-0.531447,0.846148,0.039980,-0.057277,-0.082983,0.994904,0,0.66988,-0.40541,18.888,-1.089,18.151,411.355,-1,488.003,-1,371.894,394.722,463.394,418.013,-1,-1,-1,-1,617.381,761.370,22.361,-1,1,0,2,0,2,0,0,0,0,2,2,2,2,0,0,1,2
173,-1512.701,8358.427,-204.939,-33.204,0.835667,0.542143,0.087993,-0.546923,0.836089,0.042797,-0.050368,-0.083889,0.995201,0,0.67433,-0.39479,19.374,-1.041,18.538,415.493,-1,496.065,-1,375.693,399.635,464.423,419.029,-1,-1,-1,-1,640.985,791.704,22.479,-1,1,0,2,0,2,0,0,0,0,2,2,2,2,0,0,1,2
174,-1500.502,8343.454,-204.630,-34.389,0.824441,0.559515,0.085092,-0.564266,0.824231,0.047411,-0.043608,-0.087102,0.995245,0,0.67858,-0.38465,19.313,-1.185,18.303,418.959,-1,506.493,-1,379.758,405.283,459.357,422.392,-1,-1,-1,-1,664.975,835.915,22.404,-1,1,0,2,0,2,0,0,0,0,2,2,2,2,0,0,1,2
175,-1488.804,8328.063,-204.172,-35.704,0.811490,0.578409,0.083228,-0.583192,0.810629,0.052622,-0.037030,-0.091240,0.995140,0,0.68345,-0.37304,19.332,-1.315,18.713,422.369,-1,518.121,-1,383.886,411.429,453.975,426.629,-1,-1,-1,-1,695.862,888.549,22.539,-1,1,0,2,0,2,0,0,0,0,2,2,2,2,0,0,1,2
176,-1477.736,8312.160,-203.477,-37.071,0.797543,0.597826,0.080801,-0.602537,0.795970,0.058147,-0.029553,-0.095061,0.995033,0,0.68887,-0.36011,19.376,-1.367,18.638,428.194,-1,532.180,895.389,389.749,419.400,448.030,430.589,-1,-1,-1,-1,741.391,964.680,22.513,-1,1,0,2,0,1,0,0,0,0,2,2,2,2,0,0,1,2
177,-1467.244,8295.688,-202.698,-38.497,0.782466,0.617864,0.077398,-0.622345,0.780120,0.064031,-0.020818,-0.098271,0.994942,0,0.69452,-0.34663,19.529,-1.427,18.288,436.939,-1,550.119,835.303,397.996,429.503,445.006,433.377,-1,-1,-1,-1,831.125,-1,22.400,-1,1,0,2,0,1,0,0,0,0,2,2,2,2,0,2,1,2
178,-1456.969,8278.927,-201.955,-39.911,0.766990,0.637550,0.072496,-0.641558,0.763960,0.069047,-0.011363,-0.099469,0.994976,0,0.34538,-0.69346,19.660,-1.414,18.410,447.676,-1,569.100,812.764,407.709,440.798,443.188,433.592,-1,-1,-1,-1,-1,-1,22.437,-1,1,0,2,0,1,0,0,0,0,2,2,2,2,2,2,1,2
179,-1447.140,8262.037,-201.229,-41.293,0.751340,0.656445,0.067580,-0.659909,0.747811,0.072788,-0.002756,-0.099285,0.995055,0,0.34827,-0.67948,19.541,-1.382,17.794,458.872,-1,586.308,774.588,416.918,451.076,441.903,431.981,-1,-1,-1,-1,-1,-1,22.273,-1,1,0,2,0,1,0,0,0,0,2,2,2,2,2,2,1,2
