timestep,x_cm,y_cm,z_cm,yaw_deg,basis_xx,basis_xy,basis_xz,basis_yx,basis_yy,basis_yz,basis_zx,basis_zy,basis_zz,teleport_flag,throttle_cmd,steering_cmd,cmd_move_cm,cmd_turn_deg,lidar_cm_0,lidar_cm_1,lidar_cm_2,lidar_cm_3,lidar_cm_4,lidar_cm_5,lidar_cm_6,lidar_cm_7,lidar_cm_8,lidar_cm_9,lidar_cm_10,lidar_cm_11,lidar_cm_12,lidar_cm_13,lidar_cm_14,lidar_cm_15,lidar_cm_16,lidar_class_0,lidar_class_1,lidar_class_2,lidar_class_3,lidar_class_4,lidar_class_5,lidar_class_6,lidar_class_7,lidar_class_8,lidar_class_9,lidar_class_10,lidar_class_11,lidar_class_12,lidar_class_13,lidar_class_14,lidar_class_15,lidar_class_16
0,3001.730,7711.319,-104.334,-103.576,-0.234712,0.971983,-0.012648,-0.971976,-0.234495,0.016558,0.013129,0.016180,0.999783,0,0.30092,0.33942,0.249,0.007,-1,705.593,-1,772.986,-1,606.812,623.442,536.598,636.038,-1,-1,-1,-1,-1,-1,-1,-1,2,0,2,0,2,0,0,0,0,2,2,2,2,2,2,2,2
1,3001.595,7710.615,-103.455,-103.557,-0.234388,0.972064,-0.012393,-0.972010,-0.234126,0.019512,0.016066,0.016619,0.999733,0,0.30092,0.33942,0.716,0.019,-1,715.588,-1,783.243,-1,614.642,632.241,540.442,637.719,-1,-1,-1,-1,-1,-1,-1,-1,2,0,2,0,2,0,0,0,0,2,2,2,2,2,2,2,2
2,3001.423,7709.477,-103.733,-103.533,-0.233968,0.972177,-0.011412,-0.972043,-0.233664,0.023084,0.019775,0.016494,0.999668,0,0.30092,0.33942,1.151,0.024,-1,724.104,-1,793.083,-1,621.343,638.997,539.620,636.519,-1,-1,-1,-1,-1,-1,-1,-1,2,0,2,0,2,0,0,0,0,2,2,2,2,2,2,2,2
3,3001.252,7707.970,-105.016,-103.511,-0.233573,0.972297,-0.009065,-0.972061,-0.233273,0.026089,0.023251,0.014906,0.999619,0,0.30092,0.33942,1.516,0.022,-1,728.185,-1,800.906,-1,625.069,643.310,532.503,635.998,-1,-1,-1,-1,-1,-1,-1,-1,2,0,2,0,2,0,0,0,0,2,2,2,2,2,2,2,2
4,3001.141,7706.199,-106.930,-103.486,-0.233138,0.972421,-0.006621,-0.972126,-0.232882,0.027157,0.024866,0.012768,0.999609,0,0.30092,0.33942,1.774,0.025,-1,725.193,-1,801.998,-1,623.372,642.419,522.161,634.429,-1,-1,-1,-1,-1,-1,-1,-1,2,0,2,0,2,0,0,0,0,2,2,2,2,2,2,2,2
5,3000.988,7704.256,-108.986,-103.457,-0.232644,0.972545,-0.005761,-0.972275,-0.232427,0.025658,0.023615,0.011570,0.999654,0,0.30092,0.33942,1.949,0.030,13.507,715.073,-1,793.240,-1,615.542,635.070,512.869,628.703,-1,-1,-1,-1,-1,-1,30.179,-1,1,0,2,0,2,0,0,0,0,2,2,2,2,2,2,1,2
6,3000.689,7702.147,-110.864,-103.423,-0.232091,0.972668,-0.007177,-0.972493,-0.231886,0.022065,0.019798,0.012101,0.999731,0,0.30092,0.33942,2.129,0.034,13.509,700.352,-1,775.954,-1,603.246,622.639,507.542,617.548,-1,-1,-1,-1,-1,-1,34.440,-1,1,0,2,0,2,0,0,0,0,2,2,2,2,2,2,1,2
7,3000.185,7699.805,-112.323,-103.386,-0.231478,0.972784,-0.010491,-0.972729,-0.231275,0.017609,0.014704,0.014281,0.999790,0,0.30092,0.33942,2.397,0.037,13.510,685.114,-1,755.128,14.010,589.854,607.106,506.983,603.705,-1,-1,-1,-1,-1,-1,34.399,12.162,1,0,2,0,1,0,0,0,0,2,2,2,2,2,2,1,1
8,2999.512,7697.071,-113.054,-103.350,-0.230893,0.972884,-0.013595,-0.972920,-0.230701,0.014292,0.010768,0.016527,0.999805,0,0.30092,0.33942,2.815,0.035,13.509,674.945,-1,739.966,14.635,580.616,596.108,508.946,593.028,-1,-1,-1,-1,-1,-1,34.433,24.152,1,0,2,0,1,0,0,0,0,2,2,2,2,2,2,1,1
9,2998.757,7693.880,-113.040,-103.314,-0.230274,0.972999,-0.015742,-0.973086,-0.230088,0.012757,0.008790,0.018256,0.999795,0,0.30092,0.33942,3.279,0.037,13.500,671.142,-1,732.802,14.652,576.798,591.570,512.307,586.491,-1,-1,-1,-1,-1,-1,34.733,24.107,1,0,2,0,1,0,0,0,0,2,2,2,2,2,2,1,1
10,2997.968,7690.238,-112.438,-103.273,-0.229578,0.973145,-0.016803,-0.973253,-0.229383,0.012758,0.008561,0.019283,0.999777,0,0.30092,0.33942,3.726,0.041,13.493,672.515,-1,732.522,14.664,577.482,592.504,515.809,583.904,-1,-1,-1,-1,-1,-1,34.955,24.076,1,0,2,0,1,0,0,0,0,2,2,2,2,2,2,1,1
11,2997.202,7686.503,-111.516,-103.235,-0.228935,0.973291,-0.017117,-0.973404,-0.228736,0.012833,0.008575,0.019600,0.999771,0,-0.18803,1.00000,3.813,0.038,13.478,674.773,-1,734.372,14.690,579.232,594.917,518.739,584.366,-1,-1,-1,-1,-1,-1,35.488,24.010,1,0,2,0,1,0,0,0,0,2,2,2,2,2,2,1,1
12,2996.537,7683.151,-110.569,-103.205,-0.228429,0.973409,-0.017205,-0.973531,-0.228247,0.011884,0.007641,0.019464,0.999781,0,-0.18803,1.00000,3.417,0.030,13.463,674.523,-1,734.204,8.504,579.213,595.401,520.701,586.274,-1,-1,-1,-1,-1,-1,36.119,23.932,1,0,2,0,1,0,0,0,0,2,2,2,2,2,2,1,1
13,2995.961,7680.139,-109.825,-103.178,-0.227970,0.973515,-0.017264,-0.973647,-0.227813,0.010621,0.006407,0.019230,0.999795,0,-0.18803,1.00000,3.067,0.027,13.446,672.986,-1,732.807,-1,578.186,594.724,521.855,587.888,-1,-1,-1,-1,-1,-1,36.829,13.574,1,0,2,0,2,0,0,0,0,2,2,2,2,2,2,1,1
14,2995.458,7677.427,-109.409,-103.153,-0.227551,0.973611,-0.017374,-0.973751,-0.227413,0.009558,0.005354,0.019093,0.999803,0,-0.18803,1.00000,2.758,0.025,13.428,671.139,-1,730.955,-1,576.818,593.539,522.297,588.267,-1,-1,-1,-1,-1,-1,37.604,-1,1,0,2,0,2,0,0,0,0,2,2,2,2,2,2,1,2
15,2995.011,7674.996,-109.347,-103.131,-0.227171,0.973697,-0.017554,-0.973843,-0.227044,0.008950,0.004729,0.019128,0.999806,0,-0.18803,1.00000,2.471,0.022,13.412,669.554,-1,729.156,-1,575.523,592.206,522.139,587.123,-1,-1,-1,-1,-1,-1,37.585,-1,1,0,2,0,2,0,0,0,0,2,2,2,2,2,2,1,2
16,2994.614,7672.844,-109.581,-103.111,-0.226831,0.973772,-0.017772,-0.973924,-0.226706,0.008782,0.004522,0.019300,0.999803,0,-0.18803,1.00000,2.188,0.020,13.396,668.332,-1,727.575,-1,574.410,591.025,521.479,584.756,-1,-1,-1,-1,-1,-1,37.933,15.335,1,0,2,0,2,0,0,0,0,2,2,2,2,2,2,1,1
17,2994.266,7670.978,-109.998,-103.093,-0.226530,0.973838,-0.017981,-0.973993,-0.226402,0.008878,0.004575,0.019524,0.999799,0,-0.18803,1.00000,1.899,0.018,13.381,667.321,-1,726.177,11.815,573.415,589.954,520.450,581.786,-1,-1,-1,-1,-1,-1,38.519,10.124,1,0,2,0,1,0,0,0,0,2,2,2,2,2,2,1,1
18,2993.970,7669.401,-110.469,-103.078,-0.226279,0.973893,-0.018151,-0.974051,-0.226147,0.009045,0.004704,0.019726,0.999794,0,-0.18803,1.00000,1.604,0.015,13.367,666.369,-1,724.885,8.239,572.470,588.944,519.258,578.844,-1,-1,-1,-1,-1,-1,39.188,23.473,1,0,2,0,1,0,0,0,0,2,2,2,2,2,2,1,1
19,2993.728,7668.117,-110.882,-103.067,-0.226085,0.973936,-0.018265,-0.974096,-0.225950,0.009150,0.004784,0.019861,0.999791,0,-0.18803,1.00000,1.306,0.011,13.352,665.436,-1,723.715,14.974,571.585,588.016,518.129,576.435,-1,-1,-1,-1,-1,-1,39.790,23.405,1,0,2,0,1,0,0,0,0,2,2,2,2,2,2,1,1
20,2993.538,7667.123,-111.161,-103.059,-0.225956,0.973965,-0.018323,-0.974126,-0.225821,0.009149,0.004773,0.019917,0.999790,0,-0.18803,1.00000,1.013,0.008,13.339,664.615,-1,722.770,15.012,570.850,587.261,517.260,574.841,-1,-1,-1,-1,-1,-1,40.204,23.341,1,0,2,0,1,0,0,0,0,2,2,2,2,2,2,1,1
21,2993.398,7666.409,-111.276,-103.056,-0.225897,0.973979,-0.018335,-0.974140,-0.225763,0.009071,0.004695,0.019910,0.999791,0,-0.18803,1.00000,0.728,0.003,13.328,664.054,-1,722.184,15.050,570.380,586.790,516.781,574.123,-1,-1,-1,-1,-1,-1,40.359,23.277,1,0,2,0,1,0,0,0,0,2,2,2,2,2,2,1,1
22,2993.303,7665.966,-111.238,-103.057,-0.225910,0.973976,-0.018318,-0.974137,-0.225779,0.008973,0.004604,0.019871,0.999792,0,-0.18803,1.00000,0.453,-0.001,13.316,663.874,-1,722.037,15.089,570.255,586.669,516.727,574.163,-1,-1,-1,-1,-1,-1,40.241,23.216,1,0,2,0,1,0,0,0,0,2,2,2,2,2,2,1,1
23,2993.249,7665.786,-111.088,-103.062,-0.225997,0.973956,-0.018288,-0.974117,-0.225867,0.008912,0.004549,0.019829,0.999793,0,-0.18803,1.00000,0.188,-0.005,13.306,664.106,-1,722.325,15.129,570.484,586.900,517.041,574.741,-1,-1,-1,-1,-1,-1,39.890,23.156,1,0,2,0,1,0,0,0,0,2,2,2,2,2,2,1,1
24,2993.232,7665.862,-110.883,-103.071,-0.226159,0.973919,-0.018258,-0.974080,-0.226029,0.008921,0.004561,0.019803,0.999794,0,-0.18803,1.00000,0.078,-0.010,13.297,664.689,-1,722.955,15.169,570.997,587.409,517.597,575.615,-1,-1,-1,-1,-1,-1,39.389,23.100,1,0,2,0,1,0,0,0,0,2,2,2,2,2,2,1,1
25,2993.250,7666.188,-110.677,-103.085,-0.226401,0.973864,-0.018231,-0.974023,-0.226269,0.009004,0.004643,0.019796,0.999793,0,-0.18803,1.00000,0.326,-0.014,13.289,665.492,-1,723.785,8.189,571.678,588.081,518.236,576.581,-1,-1,-1,-1,-1,-1,38.843,23.045,1,0,2,0,1,0,0,0,0,2,2,2,2,2,2,1,1
