timestep,x_cm,y_cm,z_cm,yaw_deg,basis_xx,basis_xy,basis_xz,basis_yx,basis_yy,basis_yz,basis_zx,basis_zy,basis_zz,teleport_flag,throttle_cmd,steering_cmd,cmd_move_cm,cmd_turn_deg,lidar_cm_0,lidar_cm_1,lidar_cm_2,lidar_cm_3,lidar_cm_4,lidar_cm_5,lidar_cm_6,lidar_cm_7,lidar_cm_8,lidar_cm_9,lidar_cm_10,lidar_cm_11,lidar_cm_12,lidar_cm_13,lidar_cm_14,lidar_cm_15,lidar_cm_16,lidar_class_0,lidar_class_1,lidar_class_2,lidar_class_3,lidar_class_4,lidar_class_5,lidar_class_6,lidar_class_7,lidar_class_8,lidar_class_9,lidar_class_10,lidar_class_11,lidar_class_12,lidar_class_13,lidar_class_14,lidar_class_15,lidar_class_16
0,2953.350,-2300.269,-134.550,-69.858,0.344594,0.938627,0.015286,-0.938643,0.344261,0.020835,0.014294,-0.021528,0.999666,1,0.08000,-0.12000,4.800,-0.240,-1,375.000,-1,375.000,-1,300.000,300.000,325.000,325.000,-1,400.000,425.000,-1,775.000,825.000,-1,-1,2,0,2,0,2,0,0,0,0,2,1,1,2,0,0,2,2
1,2956.580,-2309.309,-134.427,-70.338,0.336722,0.941483,0.015105,-0.941489,0.336387,0.021019,0.014707,-0.021299,0.999665,0,0.16000,-0.24000,9.600,-0.480,-1,375.000,-1,375.000,-1,300.000,300.000,325.000,325.000,-1,400.000,425.000,-1,775.000,825.000,-1,-1,2,0,2,0,2,0,0,0,0,2,1,1,2,0,0,2,2
2,2961.291,-2322.917,-134.233,-70.904,0.327423,0.944761,0.014836,-0.944754,0.327086,0.021302,0.015273,-0.020992,0.999663,0,0.24000,-0.28259,14.400,-0.565,-1,375.000,-1,400.000,-1,300.000,300.000,325.000,325.000,-1,425.000,450.000,-1,775.000,850.000,-1,-1,2,0,2,0,2,0,0,0,0,2,1,1,2,0,0,2,2
3,2967.397,-2341.120,-133.963,-71.457,0.318293,0.947882,0.014483,-0.947858,0.317954,0.021690,0.015955,-0.020632,0.999660,0,0.32000,-0.27653,19.200,-0.553,-1,375.000,-1,400.000,-1,300.000,300.000,325.000,325.000,-1,450.000,450.000,-1,775.000,850.000,-1,-1,2,0,2,0,2,0,0,0,0,2,1,1,2,0,0,2,2
4,2974.816,-2363.945,-133.610,-71.994,0.309402,0.950828,0.014051,-0.950784,0.309060,0.022180,0.016747,-0.020222,0.999655,0,0.40000,-0.26846,24.000,-0.537,-1,375.000,-1,400.000,-1,325.000,325.000,325.000,325.000,-1,450.000,475.000,-1,800.000,850.000,-1,-1,2,0,2,0,2,0,0,0,0,2,1,1,2,0,0,2,2
5,2983.471,-2391.413,-133.169,-72.510,0.300819,0.953585,0.013545,-0.953518,0.300474,0.022769,0.017642,-0.019765,0.999649,0,0.48000,-0.25839,28.800,-0.517,-1,375.000,-1,400.000,-1,325.000,325.000,325.000,325.000,-1,475.000,500.000,-1,800.000,875.000,-1,-1,2,0,2,0,2,0,0,0,0,2,1,1,2,0,0,2,2
6,2993.293,-2423.546,-132.630,-73.003,0.292614,0.956143,0.012973,-0.956049,0.292267,0.023455,0.018635,-0.019266,0.999641,0,0.56000,-0.24631,33.600,-0.493,-1,400.000,-1,400.000,-1,325.000,325.000,325.000,325.000,-1,525.000,525.000,-1,825.000,875.000,-1,-1,2,0,2,0,2,0,0,0,0,2,1,1,2,0,0,2,2
7,3004.188,-2460.251,-131.990,-73.467,0.284859,0.958490,0.012344,-0.958367,0.284510,0.024233,0.019715,-0.018733,0.999630,0,0.63814,-0.23223,38.288,-0.464,-1,400.000,-1,400.000,-1,325.000,325.000,325.000,325.000,-1,550.000,575.000,-1,850.000,925.000,-1,-1,2,0,2,0,2,0,0,0,0,2,1,1,2,0,0,2,2
8,3014.996,-2497.697,-131.311,-73.900,0.277621,0.960619,0.011730,-0.960466,0.277271,0.025016,0.020778,-0.018212,0.999618,0,0.64957,-0.21619,38.974,-0.432,-1,400.000,-1,425.000,-1,325.000,325.000,325.000,325.000,-1,575.000,575.000,-1,875.000,950.000,-1,-1,2,0,2,0,2,0,0,0,0,2,1,0,2,0,0,2,2
9,3025.731,-2535.887,-130.594,-74.300,0.270915,0.962539,0.011132,-0.962356,0.270565,0.025805,0.021827,-0.017704,0.999605,0,0.66117,-0.19988,39.670,-0.400,-1,400.000,-1,425.000,-1,325.000,325.000,325.000,325.000,-1,600.000,550.000,-1,875.000,975.000,-1,-1,2,0,2,0,2,0,0,0,0,2,1,0,2,0,0,2,2
10,3036.408,-2574.826,-129.764,-74.666,0.264756,0.964254,0.010883,-0.964051,0.264402,0.026394,0.022573,-0.017479,0.999592,0,0.67294,-0.18329,40.376,-0.367,-1,425.000,-1,425.000,-1,325.000,350.000,325.000,325.000,-1,650.000,575.000,-1,900.000,-1,-1,-1,2,0,2,0,2,0,0,0,0,2,1,0,2,0,2,2,2
11,3047.044,-2614.519,-129.239,-74.999,0.259116,0.965798,0.009677,-0.965590,0.258803,0.025639,0.022258,-0.015987,0.999624,0,0.68489,-0.16640,41.093,-0.333,-1,425.000,-1,425.000,-1,350.000,350.000,325.000,325.000,-1,700.000,625.000,-1,925.000,-1,-1,-1,2,0,2,0,2,0,0,0,0,2,1,0,2,0,2,2,2
12,3057.658,-2654.971,-128.688,-75.297,0.254047,0.967155,0.008433,-0.966944,0.253775,0.024847,0.021891,-0.014467,0.999656,0,0.69702,-0.14923,41.821,-0.298,-1,425.000,-1,425.000,-1,350.000,350.000,325.000,325.000,-1,725.000,650.000,-1,950.000,-1,-1,-1,2,0,2,0,2,0,0,0,0,2,1,0,2,0,2,2,2
13,3068.271,-2696.187,-128.074,-75.561,0.249558,0.968334,0.007045,-0.968124,0.249330,0.023875,0.021362,-0.012779,0.999690,0,0.70935,-0.13175,42.561,-0.264,-1,425.000,-1,425.000,-1,350.000,350.000,325.000,325.000,-1,775.000,725.000,-1,975.000,-1,-1,-1,2,0,2,0,2,0,0,0,0,2,1,0,2,0,2,2,2
14,3078.904,-2738.174,-127.769,-75.789,0.245684,0.969323,0.007275,-0.969154,0.245477,0.021954,0.019495,-0.012445,0.999733,0,0.72188,-0.11397,43.313,-0.228,-1,425.000,-1,425.000,-1,350.000,350.000,325.000,325.000,-1,850.000,850.000,-1,1000.000,-1,-1,-1,2,0,2,0,2,0,0,0,0,2,1,1,2,0,2,2,2
15,3089.581,-2780.938,-127.526,-75.981,0.242423,0.970138,0.007903,-0.970017,0.242232,0.019779,0.017274,-0.012461,0.999773,0,0.73461,-0.09587,44.077,-0.192,-1,425.000,-1,425.000,-1,350.000,350.000,300.000,325.000,-1,900.000,900.000,-1,1000.000,-1,-1,-1,2,0,2,0,2,0,0,0,0,2,1,1,2,0,2,2,2
16,3100.330,-2824.485,-127.264,-76.135,0.239781,0.970789,0.008533,-0.970711,0.239608,0.017531,0.014974,-0.012487,0.999810,0,0.74757,-0.07745,44.854,-0.155,-1,425.000,-1,425.000,-1,350.000,350.000,300.000,325.000,-1,975.000,950.000,-1,975.000,-1,-1,-1,2,0,2,0,2,0,0,0,0,2,1,1,2,0,2,2,2
17,3111.177,-2868.823,-126.982,-76.253,0.237771,0.971278,0.009172,-0.971240,0.237618,0.015210,0.012594,-0.012525,0.999842,0,0.76075,-0.05870,45.645,-0.117,-1,425.000,-1,425.000,-1,350.000,350.000,300.000,325.000,-1,-1,-1,-1,975.000,-1,-1,-1,2,0,2,0,2,0,0,0,0,2,2,2,2,0,2,2,2
18,3122.153,-2913.958,-126.747,-76.332,0.236401,0.971608,0.009629,-0.971605,0.236275,0.012565,0.009933,-0.012326,0.999875,0,0.77418,-0.03962,46.451,-0.079,-1,425.000,-1,425.000,-1,325.000,350.000,300.000,325.000,-1,-1,-1,-1,975.000,-1,-1,-1,2,0,2,0,2,0,0,0,0,2,2,2,2,0,2,2,2
19,3133.290,-2959.898,-126.502,-76.373,0.235687,0.971777,0.010074,-0.971803,0.235591,0.009806,0.007156,-0.012101,0.999901,0,0.78785,-0.02019,47.271,-0.040,-1,400.000,-1,425.000,-1,325.000,325.000,300.000,325.000,-1,-1,-1,-1,975.000,-1,-1,-1,2,0,2,0,2,0,0,0,0,2,2,2,2,0,2,2,2
20,3144.624,-3006.650,-126.238,-76.373,0.235642,0.971783,0.010541,-0.971830,0.235578,0.006970,0.004290,-0.011886,0.999920,0,0.80177,-0.00040,48.106,-0.001,-1,400.000,-1,425.000,-1,325.000,325.000,300.000,325.000,-1,-1,-1,-1,975.000,-1,-1,-1,2,0,2,0,2,0,0,0,0,2,2,2,2,0,2,2,2
21,3156.191,-3054.222,-125.955,-76.334,0.236279,0.971622,0.011037,-0.971684,0.236248,0.004055,0.001333,-0.011683,0.999931,0,0.81597,0.01974,48.958,0.039,-1,400.000,-1,425.000,-1,325.000,325.000,300.000,325.000,-1,-1,-1,-1,975.000,1000.000,-1,-1,2,0,2,0,2,0,0,0,0,2,2,2,2,0,0,2,2
22,3167.822,-3101.896,-125.657,-76.289,0.237006,0.971439,0.011565,-0.971507,0.237010,0.001105,-0.001668,-0.011497,0.999933,0,0.81787,0.02244,49.072,0.045,-1,425.000,-1,425.000,-1,325.000,350.000,300.000,325.000,-1,-1,-1,-1,950.000,1000.000,-1,-1,2,0,2,0,2,0,0,0,0,2,2,2,2,0,0,2,2
23,3179.491,-3149.561,-125.344,-76.244,0.237732,0.971255,0.012124,-0.971319,0.237771,-0.001875,-0.004703,-0.011330,0.999925,0,0.81787,0.02244,49.072,0.045,-1,425.000,-1,425.000,-1,325.000,350.000,300.000,325.000,-1,-1,-1,-1,950.000,1000.000,-1,-1,2,0,2,0,2,0,0,0,0,2,2,2,2,0,0,2,2
24,3191.197,-3197.216,-125.016,-76.199,0.238455,0.971070,0.012714,-0.971122,0.238532,-0.004883,-0.007774,-0.011182,0.999907,0,0.81787,0.02244,49.072,0.045,-1,425.000,-1,425.000,-1,350.000,350.000,300.000,325.000,-1,-1,-1,-1,950.000,975.000,-1,-1,2,0,2,0,2,0,0,0,0,2,2,2,2,0,0,2,2
25,3202.940,-3244.863,-125.162,-76.154,0.239205,0.970902,0.011387,-0.970917,0.239297,-0.007548,-0.010054,-0.009250,0.999907,0,0.81787,0.02244,49.072,0.045,-1,425.000,-1,425.000,-1,350.000,350.000,300.000,325.000,-1,-1,-1,-1,950.000,975.000,-1,-1,2,0,2,0,2,0,0,0,0,2,2,2,2,0,0,2,2
26,3214.721,-3292.500,-125.693,-76.109,0.239972,0.970740,0.008827,-0.970691,0.240063,-0.011347,-0.013134,-0.005845,0.999897,0,0.81787,0.02244,49.072,0.045,-1,425.000,-1,425.000,-1,350.000,350.000,325.000,325.000,-1,-1,-1,-1,950.000,950.000,-1,-1,2,0,2,0,2,0,0,0,0,2,2,2,2,0,0,2,2
27,3226.538,-3340.128,-126.357,-76.065,0.240752,0.970564,0.006672,-0.970458,0.240827,-0.014621,-0.015798,-0.002955,0.999871,0,0.81787,0.02244,49.072,0.045,-1,425.000,-1,425.000,-1,350.000,350.000,325.000,325.000,-1,-1,-1,-1,950.000,925.000,-1,-1,2,0,2,0,2,0,0,0,0,2,2,2,2,0,0,2,2
28,3237.414,-3383.044,-127.525,-75.780,0.245567,0.969356,0.006821,-0.969214,0.245649,-0.016776,-0.017937,-0.002491,0.999836,0,0.73787,0.14244,44.272,0.285,-1,425.000,-1,425.000,-1,350.000,350.000,325.000,300.000,-1,-1,-1,-1,950.000,925.000,-1,-1,2,0,2,0,2,0,0,0,0,2,2,2,2,0,0,2,2
29,3248.020,-3423.341,-128.779,-75.255,0.254417,0.967065,0.007630,-0.966878,0.254519,-0.019136,-0.020448,-0.002509,0.999788,0,0.69449,0.26244,41.669,0.525,-1,425.000,-1,425.000,-1,350.000,350.000,325.000,300.000,-1,-1,-1,-1,925.000,925.000,-1,-1,2,0,2,0,2,0,0,0,0,2,2,2,2,0,0,2,2
30,3259.162,-3463.493,-130.035,-74.490,0.267284,0.963581,0.008422,-0.963344,0.267406,-0.021486,-0.022955,-0.002370,0.999734,0,0.69449,0.38244,41.669,0.765,-1,425.000,-1,425.000,-1,350.000,350.000,325.000,300.000,-1,-1,-1,-1,900.000,900.000,-1,-1,2,0,2,0,2,0,0,0,0,2,2,2,2,0,0,2,2
31,3270.974,-3503.453,-131.359,-73.532,0.283321,0.958977,0.009579,-0.958681,0.283473,-0.023956,-0.025689,-0.002396,0.999667,0,0.69449,0.47881,41.669,0.958,-1,425.000,-1,425.000,-1,325.000,350.000,325.000,300.000,-1,-1,-1,-1,900.000,900.000,-1,-1,2,0,2,0,2,0,0,0,0,2,2,2,2,0,0,2,2
32,3283.453,-3543.210,-132.703,-72.575,0.299276,0.954106,0.010789,-0.953744,0.299460,-0.026381,-0.028402,-0.002395,0.999594,0,0.69449,0.47881,41.669,0.958,-1,425.000,-1,425.000,-1,325.000,325.000,300.000,300.000,-1,-1,-1,-1,875.000,875.000,-1,-1,2,0,2,0,2,0,0,0,0,2,2,2,2,0,0,2,2
33,3296.594,-3582.753,-134.095,-71.617,0.315149,0.948968,0.011856,-0.948537,0.315365,-0.028690,-0.030965,-0.002204,0.999518,0,0.69449,0.47881,41.669,0.958,-1,425.000,-1,425.000,-1,325.000,325.000,300.000,300.000,-1,-1,-1,-1,850.000,875.000,-1,-1,2,0,2,0,2,0,0,0,0,2,2,2,2,0,0,2,2
34,3310.394,-3622.071,-135.488,-70.660,0.330932,0.943565,0.012983,-0.943059,0.331181,-0.030965,-0.033517,-0.001997,0.999436,0,0.69449,0.47881,41.669,0.958,-1,400.000,-1,425.000,-1,325.000,325.000,300.000,300.000,-1,-1,-1,-1,850.000,850.000,-1,-1,2,0,2,0,2,0,0,0,0,2,2,2,2,0,0,2,2
35,3324.849,-3661.153,-136.881,-69.702,0.346619,0.937899,0.014170,-0.937313,0.346904,-0.033205,-0.036058,-0.001772,0.999348,0,0.69449,0.47881,41.669,0.958,-1,400.000,-1,400.000,-1,325.000,325.000,300.000,300.000,-1,-1,-1,-1,825.000,850.000,-1,-1,2,0,2,0,2,0,0,0,0,2,2,2,2,0,0,2,2
36,3339.956,-3699.988,-138.274,-68.744,0.362206,0.931970,0.015413,-0.931299,0.362531,-0.035408,-0.038587,-0.001529,0.999254,0,0.69449,0.47881,41.669,0.958,-1,400.000,-1,400.000,-1,325.000,325.000,300.000,300.000,-1,-1,-1,-1,825.000,825.000,-1,-1,2,0,2,0,2,0,0,0,0,2,2,2,2,0,0,2,2
37,3355.709,-3738.565,-139.666,-67.787,0.377689,0.925782,0.016713,-0.925020,0.378056,-0.037574,-0.041104,-0.001268,0.999154,0,0.69449,0.47881,41.669,0.958,-1,400.000,-1,400.000,-1,325.000,325.000,300.000,300.000,-1,-1,-1,-1,800.000,825.000,-1,-1,2,0,2,0,2,0,0,0,0,2,2,2,2,0,0,2,2
38,3372.105,-3776.873,-141.057,-66.829,0.393063,0.919334,0.018066,-0.918477,0.393476,-0.039702,-0.043608,-0.000988,0.999048,0,0.69449,0.47881,41.669,0.958,-1,400.000,-1,400.000,-1,325.000,325.000,300.000,300.000,-1,-1,-1,-1,800.000,825.000,-1,-1,2,0,2,0,2,0,0,0,0,2,2,2,2,0,0,2,2
39,3389.139,-3814.902,-142.586,-65.871,0.408352,0.912630,0.018835,-0.911680,0.408786,-0.041628,-0.045690,-0.000173,0.998956,0,0.69449,0.47881,41.669,0.958,-1,400.000,-1,400.000,-1,325.000,325.000,300.000,300.000,-1,-1,-1,-1,775.000,800.000,-1,-1,2,0,2,0,2,0,0,0,0,2,2,2,2,0,0,2,2
40,3406.806,-3852.641,-144.372,-64.914,0.423582,0.905670,0.018463,-0.904638,0.423981,-0.043251,-0.046999,0.001618,0.998894,0,0.69449,0.47881,41.669,0.958,-1,400.000,-1,400.000,-1,325.000,325.000,300.000,300.000,-1,-1,-1,-1,775.000,800.000,-1,-1,2,0,2,0,2,0,0,0,0,2,2,2,2,0,0,2,2
41,3425.101,-3890.079,-146.175,-63.956,0.438698,0.898453,0.018083,-0.897333,0.439056,-0.044970,-0.048343,0.003502,0.998825,0,0.69449,0.47881,41.669,0.958,-1,400.000,-1,400.000,-1,325.000,325.000,300.000,300.000,-1,-1,-1,-1,775.000,775.000,-1,-1,2,0,2,0,2,0,0,0,0,2,2,2,2,0,0,2,2
42,3444.020,-3927.206,-147.983,-62.999,0.453694,0.890982,0.017718,-0.889771,0.454007,-0.046742,-0.049691,0.005441,0.998750,0,0.69449,0.47881,41.669,0.958,-1,400.000,-1,400.000,-1,325.000,325.000,300.000,300.000,-1,-1,-1,-1,775.000,775.000,-1,-1,2,0,2,0,2,0,0,0,0,2,2,2,2,0,0,2,2
43,3463.556,-3964.012,-149.789,-62.041,0.468564,0.883258,0.017387,-0.881955,0.468828,-0.048530,-0.051016,0.007405,0.998670,0,0.69449,0.47881,41.669,0.958,-1,400.000,-1,400.000,-1,325.000,325.000,300.000,300.000,-1,-1,-1,-1,750.000,750.000,-1,-1,2,0,2,0,2,0,0,0,0,2,2,2,2,0,0,2,2
44,3485.855,-4004.782,-151.788,-61.323,0.479636,0.877303,0.017009,-0.875893,0.479846,-0.050586,-0.052541,0.009365,0.998575,0,0.77449,0.35881,46.469,0.718,-1,400.000,-1,400.000,-1,325.000,325.000,325.000,300.000,-1,-1,-1,-1,750.000,750.000,-1,-1,2,0,2,0,2,0,0,0,0,2,2,2,2,0,0,2,2
45,3509.535,-4047.231,-154.145,-60.846,0.486943,0.873266,0.017121,-0.871807,0.487139,-0.051464,-0.053282,0.010134,0.998528,0,0.81011,0.23881,48.607,0.478,-1,400.000,-1,400.000,-1,325.000,325.000,325.000,300.000,-1,-1,-1,-1,750.000,725.000,-1,-1,2,0,2,0,2,0,0,0,0,2,2,2,2,0,0,2,2
46,3533.447,-4089.548,-156.646,-60.531,0.491726,0.870575,0.017463,-0.869101,0.491930,-0.051651,-0.053556,0.010221,0.998513,0,0.81011,0.15744,48.607,0.315,-1,400.000,-1,400.000,-1,325.000,325.000,325.000,300.000,-1,-1,-1,-1,750.000,725.000,-1,-1,2,0,2,0,2,0,0,0,0,2,2,2,2,0,0,2,2
47,3557.592,-4131.734,-159.236,-60.216,0.496486,0.867860,0.017919,-0.866395,0.496708,-0.051392,-0.053502,0.009990,0.998518,0,0.81011,0.15744,48.607,0.315,-1,400.000,-1,400.000,-1,325.000,325.000,325.000,300.000,-1,-1,-1,-1,725.000,725.000,-1,-1,2,0,2,0,2,0,0,0,0,2,2,2,2,0,0,2,2
48,3581.968,-4173.787,-161.815,-59.901,0.501235,0.865118,0.018277,-0.863661,0.501471,-0.051154,-0.053419,0.009855,0.998524,0,0.81011,0.15744,48.607,0.315,-1,400.000,-1,400.000,-1,325.000,325.000,325.000,300.000,-1,-1,-1,-1,725.000,725.000,-1,-1,2,0,2,0,2,0,0,0,0,2,2,2,2,0,0,2,2
49,3606.574,-4215.705,-164.384,-59.586,0.505973,0.862350,0.018550,-0.860900,0.506218,-0.050940,-0.053318,0.009804,0.998529,0,0.81011,0.15744,48.607,0.315,-1,400.000,-1,400.000,-1,325.000,325.000,325.000,300.000,-1,-1,-1,-1,725.000,700.000,-1,-1,2,0,2,0,2,0,0,0,0,2,2,2,2,0,0,2,2
50,3631.411,-4257.487,-166.943,-59.271,0.510700,0.859555,0.018739,-0.858111,0.510949,-0.050752,-0.053199,0.009839,0.998535,0,0.81011,0.15744,48.607,0.315,-1,375.000,-1,400.000,-1,325.000,325.000,325.000,300.000,-1,-1,-1,-1,700.000,700.000,-1,-1,2,0,2,0,2,0,0,0,0,2,2,2,2,0,0,2,2
51,3656.477,-4299.132,-169.490,-58.956,0.515416,0.856733,0.018848,-0.855296,0.515665,-0.050577,-0.053050,0.009948,0.998542,0,0.81011,0.15744,48.607,0.315,-1,375.000,-1,375.000,-1,325.000,325.000,325.000,300.000,-1,-1,-1,-1,700.000,700.000,-1,-1,2,0,2,0,2,0,0,0,0,2,2,2,2,0,0,2,2
52,3681.772,-4340.638,-172.007,-58.642,0.520119,0.853885,0.018904,-0.852459,0.520365,-0.050342,-0.052823,0.010069,0.998553,0,0.81011,0.15744,48.607,0.315,-1,375.000,-1,375.000,-1,325.000,325.000,325.000,300.000,-1,-1,-1,-1,700.000,700.000,-1,-1,2,0,2,0,2,0,0,0,0,2,2,2,2,0,0,2,2
53,3707.294,-4382.005,-174.497,-58.327,0.524808,0.851011,0.018900,-0.849598,0.525049,-0.050065,-0.052529,0.010217,0.998567,0,0.81011,0.15744,48.607,0.315,-1,375.000,-1,375.000,-1,325.000,325.000,325.000,300.000,-1,-1,-1,-1,675.000,675.000,-1,-1,2,0,2,0,2,0,0,0,0,2,2,2,2,0,0,2,2
54,3733.043,-4423.231,-176.974,-58.012,0.529486,0.848111,0.018776,-0.846715,0.529716,-0.049742,-0.052132,0.010440,0.998586,0,0.81011,0.15744,48.607,0.315,-1,375.000,-1,375.000,-1,325.000,300.000,325.000,300.000,-1,-1,-1,-1,675.000,675.000,-1,-1,2,0,2,0,2,0,0,0,0,2,2,2,2,0,0,2,2
55,3759.018,-4464.315,-179.441,-57.697,0.534155,0.845184,0.018511,-0.843809,0.534367,-0.049370,-0.051619,0.010752,0.998609,0,0.81011,0.15744,48.607,0.315,-1,375.000,-1,375.000,-1,325.000,300.000,325.000,300.000,-1,-1,-1,-1,650.000,675.000,-1,-1,2,0,2,0,2,0,0,0,0,2,2,2,2,0,0,2,2
56,3785.219,-4505.255,-181.880,-57.382,0.538809,0.842231,0.018186,-0.840880,0.539002,-0.048963,-0.051040,0.011089,0.998635,0,0.81011,0.15744,48.607,0.315,-1,375.000,-1,375.000,-1,300.000,300.000,325.000,300.000,-1,-1,-1,-1,650.000,650.000,-1,-1,2,0,2,0,2,0,0,0,0,2,2,2,2,0,0,2,2
57,3811.644,-4546.051,-184.101,-57.067,0.543430,0.839260,0.018089,-0.837974,0.543625,-0.047661,-0.049834,0.010742,0.998700,0,0.81011,0.15744,48.607,0.315,-1,375.000,-1,375.000,-1,300.000,300.000,300.000,300.000,-1,-1,-1,-1,650.000,650.000,-1,-1,2,0,2,0,2,0,0,0,0,2,2,2,2,0,0,2,2
58,3838.293,-4586.701,-186.238,-56.752,0.548031,0.836264,0.018005,-0.835057,0.548232,-0.046068,-0.048396,0.010212,0.998776,0,0.81011,0.15744,48.607,0.315,-1,375.000,-1,375.000,-1,300.000,300.000,300.000,325.000,-1,-1,-1,-1,625.000,650.000,-1,-1,2,0,2,0,2,0,0,0,0,2,2,2,2,0,0,2,2
59,3865.165,-4627.204,-188.310,-56.437,0.552625,0.833242,0.017709,-0.832116,0.552822,-0.044390,-0.046778,0.009795,0.998857,0,0.81011,0.15744,48.607,0.315,-1,375.000,-1,375.000,-1,300.000,300.000,300.000,325.000,-1,-1,-1,-1,625.000,650.000,-1,-1,2,0,2,0,2,0,0,0,0,2,2,2,2,0,0,2,2
60,3892.259,-4667.559,-190.246,-56.123,0.557224,0.830192,0.016826,-0.829156,0.557392,-0.042599,-0.044744,0.009785,0.998951,0,0.81011,0.15744,48.607,0.315,-1,375.000,-1,375.000,-1,300.000,300.000,300.000,325.000,-1,-1,-1,-1,625.000,650.000,-1,-1,2,0,2,0,2,0,0,0,0,2,2,2,2,0,0,2,2
61,3919.575,-4707.764,-192.135,-55.808,0.561809,0.827115,0.015835,-0.826169,0.561946,-0.040766,-0.042616,0.009820,0.999043,0,0.81011,0.15744,48.607,0.315,-1,375.000,-1,375.000,-1,300.000,300.000,300.000,325.000,-1,-1,-1,-1,625.000,650.000,-1,-1,2,0,2,0,2,0,0,0,0,2,2,2,2,0,0,2,2
62,3947.111,-4747.818,-193.974,-55.493,0.566378,0.824014,0.014733,-0.823155,0.566483,-0.038895,-0.040396,0.009902,0.999135,0,0.81011,0.15744,48.607,0.315,-1,350.000,-1,375.000,-1,300.000,300.000,300.000,325.000,-1,875.000,-1,-1,625.000,650.000,-1,-1,2,0,2,0,2,0,0,0,0,2,0,2,2,0,0,2,2
63,3974.867,-4787.720,-195.766,-55.178,0.570930,0.820887,0.013521,-0.820115,0.571002,-0.036980,-0.038077,0.010024,0.999225,0,0.81011,0.15744,48.607,0.315,-1,350.000,-1,375.000,-1,300.000,300.000,300.000,325.000,-1,650.000,750.000,-1,625.000,650.000,1000.000,-1,2,0,2,0,2,0,0,0,0,2,0,0,2,0,0,0,2
64,4002.842,-4827.469,-197.379,-54.863,0.575484,0.817731,0.011562,-0.817053,0.575501,-0.034983,-0.035261,0.010685,0.999321,0,0.81011,0.15744,48.607,0.315,-1,350.000,-1,375.000,-1,300.000,300.000,300.000,325.000,-1,500.000,575.000,-1,625.000,650.000,1000.000,-1,2,0,2,0,2,0,0,0,0,2,0,0,2,0,0,0,2
65,4031.034,-4867.064,-198.793,-54.548,0.580031,0.814546,0.008899,-0.813966,0.579978,-0.032920,-0.031976,0.011851,0.999418,0,0.81011,0.15744,48.607,0.315,-1,350.000,-1,375.000,-1,300.000,300.000,300.000,325.000,-1,450.000,475.000,-1,625.000,650.000,-1,-1,2,0,2,0,2,0,0,0,0,2,0,0,2,0,0,2,2
66,4059.444,-4906.503,-200.143,-54.233,0.584549,0.811335,0.006203,-0.810853,0.584438,-0.030835,-0.028642,0.012995,0.999505,0,0.81011,0.15744,48.607,0.315,-1,350.000,-1,375.000,-1,300.000,300.000,300.000,325.000,-1,425.000,400.000,-1,625.000,650.000,-1,-1,2,0,2,0,2,0,0,0,0,2,0,0,2,0,0,2,2
67,4088.071,-4945.786,-201.430,-53.918,0.589038,0.808098,0.003473,-0.807711,0.588879,-0.028727,-0.025260,0.014116,0.999581,0,0.81011,0.15744,48.607,0.315,-1,350.000,-1,375.000,-1,300.000,300.000,300.000,300.000,-1,375.000,375.000,-1,625.000,650.000,-1,-1,2,0,2,0,2,0,0,0,0,2,0,0,2,0,0,2,2
68,4116.912,-4984.911,-202.652,-53.603,0.593496,0.804837,0.000710,-0.804541,0.593301,-0.026598,-0.021828,0.015215,0.999646,0,0.81011,0.15744,48.607,0.315,-1,375.000,-1,375.000,-1,300.000,300.000,325.000,300.000,-1,350.000,350.000,-1,625.000,650.000,-1,-1,2,0,2,0,2,0,0,0,0,2,0,0,2,0,0,2,2
69,4145.969,-5023.876,-203.809,-53.289,0.597924,0.801550,-0.002087,-0.801343,0.597705,-0.024448,-0.018349,0.016290,0.999699,0,0.81011,0.15744,48.607,0.315,-1,375.000,-1,375.000,-1,300.000,300.000,325.000,300.000,-1,325.000,325.000,-1,650.000,650.000,-1,-1,2,0,2,0,2,0,0,0,0,2,0,0,2,0,0,2,2
70,4175.239,-5062.681,-204.691,-52.974,0.602314,0.798250,-0.003933,-0.798110,0.602098,-0.022304,-0.015436,0.016573,0.999743,0,0.81011,0.15744,48.607,0.315,-1,375.000,-1,375.000,-1,300.000,300.000,325.000,300.000,-1,325.000,325.000,-1,650.000,650.000,-1,-1,2,0,2,0,2,0,0,0,0,2,0,0,2,0,0,2,2
71,4204.722,-5101.325,-205.468,-52.659,0.606678,0.794927,-0.005622,-0.794848,0.606475,-0.020134,-0.012596,0.016683,0.999781,0,0.81011,0.15744,48.607,0.315,-1,375.000,-1,375.000,-1,300.000,300.000,325.000,300.000,-1,325.000,325.000,-1,625.000,650.000,-1,-1,2,0,2,0,2,0,0,0,0,2,0,0,2,0,0,2,2
72,4234.417,-5139.807,-206.171,-52.344,0.611020,0.791582,-0.007309,-0.791556,0.610834,-0.017931,-0.009730,0.016742,0.999813,0,0.81011,0.15744,48.607,0.315,-1,375.000,-1,375.000,-1,300.000,300.000,325.000,300.000,-1,325.000,325.000,-1,625.000,650.000,-1,-1,2,0,2,0,2,0,0,0,0,2,0,0,2,0,0,2,2
73,4264.322,-5178.124,-206.640,-52.029,0.615337,0.788213,-0.008994,-0.788235,0.615175,-0.015692,-0.006836,0.016745,0.999836,0,0.81011,0.15744,48.607,0.315,-1,375.000,-1,375.000,-1,300.000,300.000,325.000,300.000,-1,325.000,325.000,-1,625.000,650.000,-1,-1,2,0,2,0,2,0,0,0,0,2,0,0,2,0,0,2,2
74,4294.438,-5216.277,-206.724,-51.714,0.619623,0.784830,-0.010467,-0.784893,0.619505,-0.012514,-0.003337,0.015969,0.999867,0,0.81011,0.15744,48.607,0.315,-1,375.000,-1,375.000,-1,300.000,300.000,325.000,325.000,-1,325.000,325.000,-1,625.000,650.000,-1,-1,2,0,2,0,2,0,0,0,0,2,0,0,2,0,0,2,2
75,4321.912,-5250.398,-206.732,-51.159,0.627158,0.778803,-0.011802,-0.778892,0.627084,-0.009649,-0.000114,0.015244,0.999884,0,0.73011,0.27744,43.807,0.555,-1,375.000,-1,375.000,-1,300.000,300.000,325.000,325.000,-1,325.000,325.000,-1,625.000,650.000,-1,-1,2,0,2,0,2,0,0,0,0,2,0,0,2,0,0,2,2
76,4346.794,-5280.438,-206.680,-50.364,0.637867,0.770036,-0.013017,-0.770141,0.637834,-0.007096,0.002838,0.014552,0.999890,0,0.65011,0.39744,39.007,0.795,-1,375.000,-1,375.000,-1,300.000,300.000,325.000,325.000,-1,325.000,325.000,-1,650.000,650.000,-1,-1,2,0,2,0,2,0,0,0,0,2,0,0,2,0,0,2,2
77,4369.087,-5306.382,-206.587,-49.330,0.651639,0.758398,-0.014126,-0.758509,0.651644,-0.004853,0.005525,0.013878,0.999888,0,0.57011,0.51744,34.207,1.035,-1,375.000,-1,375.000,-1,300.000,300.000,325.000,325.000,-1,325.000,325.000,-1,650.000,650.000,-1,-1,2,0,2,0,2,0,0,0,0,2,0,0,2,0,0,2,2
78,4388.743,-5328.255,-206.470,-48.055,0.668321,0.743719,-0.015137,-0.743830,0.668362,-0.002917,0.007948,0.013209,0.999881,0,0.49011,0.63744,29.407,1.275,-1,375.000,-1,375.000,-1,300.000,300.000,325.000,325.000,-1,325.000,325.000,-1,650.000,675.000,-1,-1,2,0,2,0,2,0,0,0,0,2,0,0,2,0,0,2,2
79,4405.668,-5346.115,-206.285,-46.540,0.687724,0.725794,-0.016094,-0.725904,0.687794,-0.001592,0.009914,0.012778,0.999869,0,0.41011,0.75744,24.607,1.515,-1,375.000,-1,375.000,-1,300.000,300.000,325.000,325.000,-1,325.000,350.000,-1,650.000,675.000,-1,-1,2,0,2,0,2,0,0,0,0,2,0,0,2,0,0,2,2
80,4419.672,-5360.122,-206.066,-45.007,0.706872,0.707138,-0.016945,-0.707249,0.706964,-0.000808,0.011409,0.012555,0.999856,0,0.33011,0.76640,19.807,1.533,-1,375.000,-1,375.000,-1,300.000,300.000,325.000,325.000,-1,325.000,350.000,-1,650.000,675.000,-1,-1,2,0,2,0,2,0,0,0,0,2,0,0,2,0,0,2,2
81,4430.562,-5370.447,-205.893,-43.474,0.725519,0.687977,-0.017626,-0.688086,0.725629,-0.000211,0.012645,0.012282,0.999845,0,0.25011,0.76640,15.007,1.533,-1,375.000,-1,375.000,-1,300.000,300.000,325.000,325.000,-1,325.000,350.000,-1,650.000,675.000,-1,-1,2,0,2,0,2,0,0,0,0,2,0,0,2,0,0,2,2
82,4438.154,-5377.269,-205.775,-41.941,0.743650,0.668323,-0.018132,-0.668430,0.743775,0.000206,0.013624,0.011967,0.999836,0,0.17011,0.76640,10.207,1.533,-1,375.000,-1,375.000,-1,300.000,300.000,325.000,325.000,-1,325.000,350.000,-1,650.000,675.000,-1,-1,2,0,2,0,2,0,0,0,0,2,0,0,2,0,0,2,2
83,4442.271,-5380.774,-205.720,-40.409,0.761254,0.648191,-0.018461,-0.648295,0.761389,0.000451,0.014348,0.011625,0.999829,0,0.09011,0.76640,5.407,1.533,-1,375.000,-1,375.000,-1,300.000,300.000,325.000,325.000,-1,325.000,350.000,-1,650.000,675.000,-1,-1,2,0,2,0,2,0,0,0,0,2,0,0,2,0,0,2,2
84,4442.743,-5381.155,-205.733,-38.876,0.778317,0.627595,-0.018610,-0.627696,0.778458,0.000532,0.014821,0.011267,0.999827,0,0.01011,0.76640,0.607,1.533,-1,375.000,-1,375.000,-1,300.000,300.000,325.000,325.000,-1,350.000,350.000,-1,650.000,675.000,-1,-1,2,0,2,0,2,0,0,0,0,2,0,0,2,0,0,2,2
85,4439.409,-5378.611,-205.817,-37.343,0.794828,0.606550,-0.018581,-0.606648,0.794971,0.000458,0.015049,0.010908,0.999827,0,-0.06989,0.76640,-4.193,1.533,-1,375.000,-1,375.000,-1,300.000,300.000,325.000,325.000,-1,325.000,350.000,-1,650.000,650.000,-1,-1,2,0,2,0,2,0,0,0,0,2,0,0,2,0,0,2,2
86,4432.116,-5373.349,-205.975,-35.810,0.810774,0.585070,-0.018372,-0.585166,0.810914,0.000235,0.015036,0.010560,0.999831,0,-0.14989,0.76640,-8.993,1.533,-1,375.000,-1,375.000,-1,300.000,300.000,325.000,325.000,-1,325.000,350.000,-1,650.000,650.000,-1,-1,2,0,2,0,2,0,0,0,0,2,0,0,2,0,0,2,2
87,4420.718,-5365.581,-206.204,-34.277,0.826144,0.563172,-0.017988,-0.563265,0.826277,-0.000129,0.014791,0.010238,0.999838,0,-0.22989,0.76640,-13.793,1.533,-1,375.000,-1,375.000,-1,300.000,300.000,325.000,325.000,-1,325.000,325.000,-1,650.000,650.000,-1,-1,2,0,2,0,2,0,0,0,0,2,0,0,2,0,0,2,2
88,4405.080,-5355.524,-206.503,-32.745,0.840926,0.540869,-0.017431,-0.540961,0.841048,-0.000626,0.014321,0.009956,0.999848,0,-0.30989,0.76640,-18.593,1.533,-1,375.000,-1,375.000,-1,300.000,300.000,325.000,325.000,-1,325.000,325.000,-1,650.000,650.000,-1,-1,2,0,2,0,2,0,0,0,0,2,0,0,2,0,0,2,2
89,4385.072,-5343.401,-206.806,-31.212,0.855110,0.518178,-0.016664,-0.518272,0.855214,-0.001565,0.013440,0.009974,0.999860,0,-0.38989,0.76640,-23.393,1.533,-1,375.000,-1,375.000,-1,300.000,300.000,300.000,325.000,-1,325.000,350.000,-1,650.000,650.000,-1,-1,2,0,2,0,2,0,0,0,0,2,0,0,2,0,0,2,2
90,4363.921,-5331.347,-207.021,-29.679,0.868684,0.495114,-0.015781,-0.495215,0.868765,-0.003011,0.012219,0.010431,0.999871,0,-0.40576,0.76640,-24.345,1.533,-1,375.000,-1,375.000,-1,300.000,300.000,300.000,325.000,-1,325.000,350.000,-1,650.000,650.000,-1,-1,2,0,2,0,2,0,0,0,0,2,0,0,2,0,0,2,2
91,4342.454,-5319.862,-207.231,-28.146,0.881636,0.471696,-0.014871,-0.471802,0.881693,-0.004442,0.011016,0.010932,0.999880,0,-0.40576,0.76640,-24.345,1.533,-1,375.000,-1,375.000,-1,300.000,300.000,300.000,325.000,-1,325.000,375.000,-1,650.000,650.000,-1,-1,2,0,2,0,2,0,0,0,0,2,0,0,2,0,0,2,2
92,4320.688,-5308.956,-207.437,-26.613,0.893955,0.447940,-0.013934,-0.448049,0.893990,-0.005854,0.009835,0.011477,0.999886,0,-0.40576,0.76640,-24.345,1.533,-1,375.000,-1,375.000,-1,300.000,300.000,300.000,300.000,-1,350.000,400.000,-1,675.000,650.000,-1,-1,2,0,2,0,2,0,0,0,0,2,0,0,2,0,0,2,2
93,4298.638,-5298.636,-207.632,-25.081,0.905633,0.423863,-0.012966,-0.423973,0.905646,-0.007278,0.008657,0.012089,0.999889,0,-0.40576,0.76640,-24.345,1.533,-1,375.000,-1,375.000,-1,300.000,300.000,300.000,300.000,-1,350.000,400.000,-1,675.000,650.000,-1,-1,2,0,2,0,2,0,0,0,0,2,0,0,2,0,0,2,2
94,4276.320,-5288.910,-207.801,-23.548,0.916663,0.399482,-0.011940,-0.399592,0.916651,-0.008800,0.007430,0.012838,0.999890,0,-0.40576,0.76640,-24.345,1.533,-1,375.000,-1,375.000,-1,300.000,300.000,300.000,300.000,-1,375.000,425.000,-1,675.000,650.000,-1,-1,2,0,2,0,2,0,0,0,0,2,0,0,2,0,0,2,2
95,4253.750,-5279.784,-207.975,-22.015,0.927035,0.374816,-0.010897,-0.374922,0.927000,-0.010259,0.006256,0.013596,0.999888,0,-0.40576,0.76640,-24.345,1.533,-1,375.000,-1,375.000,-1,300.000,300.000,300.000,300.000,-1,400.000,450.000,-1,675.000,650.000,-1,-1,2,0,2,0,2,0,0,0,0,2,0,0,2,0,0,2,2
96,4230.943,-5271.265,-208.154,-20.482,0.936742,0.349882,-0.009839,-0.349982,0.936684,-0.011654,0.005139,0.014360,0.999884,0,-0.40576,0.76640,-24.345,1.533,-1,375.000,-1,375.000,-1,300.000,300.000,300.000,300.000,-1,425.000,450.000,-1,675.000,625.000,-1,-1,2,0,2,0,2,0,0,0,0,2,0,0,2,0,0,2,2
97,4207.917,-5263.359,-208.339,-18.949,0.945777,0.324697,-0.008772,-0.324790,0.945697,-0.012984,0.004080,0.015130,0.999877,0,-0.40576,0.76640,-24.345,1.533,-1,375.000,-1,375.000,-1,300.000,300.000,300.000,300.000,-1,425.000,475.000,-1,675.000,625.000,-1,-1,2,0,2,0,2,0,0,0,0,2,0,0,2,0,0,2,2
98,4184.688,-5256.072,-208.532,-17.417,0.954134,0.299281,-0.007701,-0.299364,0.954033,-0.014250,0.003082,0.015901,0.999869,0,-0.40576,0.76640,-24.345,1.533,-1,375.000,-1,375.000,-1,300.000,300.000,300.000,300.000,-1,425.000,475.000,-1,675.000,625.000,-1,-1,2,0,2,0,2,0,0,0,0,2,0,0,2,0,0,2,2
99,4161.272,-5249.408,-208.727,-15.884,0.961806,0.273651,-0.006640,-0.273723,0.961685,-0.015421,0.002166,0.016650,0.999859,0,-0.40576,0.76640,-24.345,1.533,-1,375.000,-1,375.000,-1,300.000,300.000,300.000,300.000,-1,450.000,500.000,-1,675.000,625.000,-1,-1,2,0,2,0,2,0,0,0,0,2,0,0,2,0,0,2,2
100,4137.686,-5243.374,-208.879,-14.351,0.968788,0.247826,-0.005685,-0.247887,0.968652,-0.016307,0.001466,0.017207,0.999851,0,-0.40576,0.76640,-24.345,1.533,-1,375.000,-1,375.000,-1,300.000,300.000,300.000,300.000,-1,450.000,500.000,-1,675.000,625.000,-1,-1,2,0,2,0,2,0,0,0,0,2,0,0,2,0,0,2,2
101,4113.948,-5237.973,-209.042,-12.818,0.975075,0.221825,-0.004750,-0.221874,0.974925,-0.017136,0.000830,0.017762,0.999842,0,-0.40576,0.76640,-24.345,1.533,-1,375.000,-1,375.000,-1,300.000,300.000,300.000,300.000,-1,475.000,525.000,-1,700.000,625.000,-1,-1,2,0,2,0,2,0,0,0,0,2,0,0,2,0,0,2,2
102,4090.073,-5233.208,-209.217,-11.286,0.980663,0.195665,-0.003838,-0.195703,0.980500,-0.017909,0.000259,0.018314,0.999832,0,-0.40576,0.76640,-24.345,1.533,-1,375.000,-1,375.000,-1,300.000,300.000,300.000,300.000,-1,475.000,550.000,-1,700.000,625.000,-1,-1,2,0,2,0,2,0,0,0,0,2,0,0,2,0,0,2,2
103,4070.824,-5229.817,-209.368,-9.993,0.984830,0.173492,-0.003125,-0.173520,0.984657,-0.018477,-0.000128,0.018740,0.999824,0,-0.32576,0.64640,-19.545,1.293,-1,375.000,-1,350.000,-1,300.000,300.000,300.000,300.000,-1,500.000,550.000,-1,700.000,625.000,-1,-1,2,0,2,0,2,0,0,0,0,2,0,0,2,0,0,2,2
104,4056.258,-5227.525,-209.490,-8.940,0.987853,0.155370,-0.002603,-0.155392,0.987673,-0.018866,-0.000361,0.019041,0.999819,0,-0.24576,0.52640,-14.745,1.053,-1,375.000,-1,350.000,-1,300.000,300.000,300.000,300.000,-1,500.000,575.000,-1,700.000,625.000,-1,-1,2,0,2,0,2,0,0,0,0,2,0,0,2,0,0,2,2
105,4046.412,-5226.119,-209.580,-8.127,0.989958,0.141344,-0.002261,-0.141361,0.989774,-0.019093,-0.000461,0.019221,0.999815,0,-0.16576,0.40640,-9.945,0.813,-1,375.000,-1,350.000,-1,300.000,300.000,300.000,300.000,-1,500.000,575.000,-1,700.000,625.000,-1,-1,2,0,2,0,2,0,0,0,0,2,0,0,2,0,0,2,2
106,4041.311,-5225.443,-209.634,-7.554,0.991322,0.131442,-0.002094,-0.131457,0.991136,-0.019173,-0.000445,0.019282,0.999814,0,-0.08576,0.28640,-5.145,0.573,-1,375.000,-1,350.000,-1,300.000,300.000,300.000,300.000,-1,500.000,575.000,-1,700.000,650.000,-1,-1,2,0,2,0,2,0,0,0,0,2,0,0,2,0,0,2,2
107,4040.969,-5225.399,-209.650,-7.222,0.992068,0.125683,-0.002095,-0.125700,0.991884,-0.019112,-0.000325,0.019224,0.999815,0,-0.00576,0.16640,-0.345,0.333,-1,375.000,-1,375.000,-1,300.000,300.000,300.000,300.000,-1,500.000,575.000,-1,700.000,650.000,-1,-1,2,0,2,0,2,0,0,0,0,2,0,0,2,0,0,2,2
108,4045.389,-5225.952,-209.627,-7.129,0.992270,0.124076,-0.002262,-0.124097,0.992090,-0.018915,-0.000103,0.019050,0.999819,0,0.07424,0.04640,4.455,0.093,-1,375.000,-1,375.000,-1,300.000,300.000,300.000,300.000,-1,500.000,575.000,-1,700.000,650.000,-1,-1,2,0,2,0,2,0,0,0,0,2,0,0,2,0,0,2,2
109,4054.569,-5227.124,-209.564,-7.276,0.991947,0.126625,-0.002596,-0.126652,0.991773,-0.018580,0.000221,0.018760,0.999824,0,0.15424,-0.07360,9.255,-0.147,-1,375.000,-1,375.000,-1,300.000,300.000,300.000,300.000,-1,500.000,575.000,-1,700.000,650.000,-1,-1,2,0,2,0,2,0,0,0,0,2,0,0,2,0,0,2,2
110,4068.498,-5228.998,-209.463,-7.663,0.991067,0.133326,-0.003099,-0.133360,0.990902,-0.018101,0.000658,0.018352,0.999831,0,0.23424,-0.19360,14.055,-0.387,-1,375.000,-1,375.000,-1,300.000,300.000,300.000,300.000,-1,500.000,575.000,-1,700.000,650.000,-1,-1,2,0,2,0,2,0,0,0,0,2,0,0,2,0,0,2,2
111,4087.156,-5231.717,-209.325,-8.290,0.989546,0.144166,-0.003778,-0.144211,0.989393,-0.017465,0.001220,0.017827,0.999840,0,0.31424,-0.31360,18.855,-0.627,-1,375.000,-1,375.000,-1,300.000,300.000,300.000,300.000,-1,475.000,550.000,-1,700.000,650.000,-1,-1,2,0,2,0,2,0,0,0,0,2,0,0,2,0,0,2,2
112,4110.509,-5235.482,-209.154,-9.158,0.987247,0.159126,-0.004640,-0.159182,0.987109,-0.016657,0.001930,0.017183,0.999851,0,0.39424,-0.43360,23.655,-0.867,-1,375.000,-1,375.000,-1,300.000,300.000,300.000,300.000,-1,475.000,550.000,-1,700.000,650.000,-1,-1,2,0,2,0,2,0,0,0,0,2,0,0,2,0,0,2,2
113,4138.508,-5240.552,-208.953,-10.265,0.983983,0.178173,-0.005695,-0.178241,0.983862,-0.015653,0.002814,0.016417,0.999861,0,0.47424,-0.55360,28.455,-1.107,-1,375.000,-1,375.000,-1,300.000,300.000,300.000,300.000,-1,475.000,525.000,-1,700.000,625.000,-1,-1,2,0,2,0,2,0,0,0,0,2,0,0,2,0,0,2,2
114,4171.101,-5247.151,-208.727,-11.445,0.980097,0.198398,-0.006954,-0.198481,0.979999,-0.014403,0.003958,0.015496,0.999872,0,0.55424,-0.58998,33.255,-1.180,-1,375.000,-1,375.000,-1,300.000,300.000,300.000,300.000,-1,450.000,525.000,-1,700.000,625.000,-1,-1,2,0,2,0,2,0,0,0,0,2,0,0,2,0,0,2,2
115,4208.236,-5255.469,-208.462,-12.625,0.975792,0.218540,-0.008389,-0.218636,0.975721,-0.012947,0.005356,0.014468,0.999881,0,0.63424,-0.58998,38.055,-1.180,-1,375.000,-1,375.000,-1,300.000,300.000,300.000,300.000,-1,450.000,500.000,-1,675.000,625.000,-1,-1,2,0,2,0,2,0,0,0,0,2,0,0,2,0,0,2,2
116,4249.725,-5265.663,-208.129,-13.805,0.971068,0.238591,-0.010046,-0.238697,0.971030,-0.011177,0.007088,0.013252,0.999887,0,0.71204,-0.58998,42.723,-1.180,-1,375.000,-1,375.000,-1,300.000,300.000,300.000,300.000,-1,425.000,500.000,-1,675.000,625.000,-1,-1,2,0,2,0,2,0,0,0,0,2,0,0,2,0,0,2,2
117,4290.994,-5276.709,-207.739,-14.985,0.965928,0.258541,-0.011784,-0.258652,0.965927,-0.009179,0.009010,0.011914,0.999888,0,0.71204,-0.58998,42.723,-1.180,-1,375.000,-1,375.000,-1,300.000,300.000,300.000,300.000,-1,425.000,475.000,-1,675.000,650.000,-1,-1,2,0,2,0,2,0,0,0,0,2,0,0,2,0,0,2,2
118,4332.028,-5288.603,-207.331,-16.165,0.960376,0.278381,-0.013513,-0.278492,0.960412,-0.007135,0.010992,0.010616,0.999883,0,0.71204,-0.58998,42.723,-1.180,-1,375.000,-1,375.000,-1,300.000,300.000,300.000,300.000,-1,400.000,475.000,-1,675.000,650.000,-1,-1,2,0,2,0,2,0,0,0,0,2,0,0,2,0,0,2,2
119,4372.808,-5301.340,-206.903,-17.345,0.954412,0.298104,-0.015230,-0.298208,0.954488,-0.005050,0.013032,0.009362,0.999871,0,0.71204,-0.58998,42.723,-1.180,-1,375.000,-1,375.000,-1,300.000,300.000,300.000,300.000,-1,375.000,450.000,-1,675.000,650.000,-1,-1,2,0,2,0,2,0,0,0,0,2,0,0,2,0,0,2,2
120,4413.317,-5314.913,-206.452,-18.524,0.948040,0.317699,-0.016932,-0.317791,0.948156,-0.002926,0.015124,0.008155,0.999852,0,0.71204,-0.58998,42.723,-1.180,-1,375.000,-1,375.000,-1,300.000,300.000,300.000,300.000,-1,350.000,425.000,-1,675.000,650.000,-1,-1,2,0,2,0,2,0,0,0,0,2,0,0,2,0,0,2,2
121,4453.538,-5329.318,-205.975,-19.704,0.941263,0.337160,-0.018615,-0.337232,0.941421,-0.000768,0.017266,0.007000,0.999826,0,0.71204,-0.58998,42.723,-1.180,-1,375.000,-1,375.000,-1,300.000,300.000,300.000,300.000,-1,325.000,400.000,-1,675.000,650.000,-1,-1,2,0,2,0,2,0,0,0,0,2,0,0,2,0,0,2,2
122,4493.454,-5344.548,-205.335,-20.884,0.934089,0.356477,-0.020067,-0.356534,0.934282,0.000757,0.019018,0.006447,0.999798,0,0.71204,-0.58998,42.723,-1.180,-1,375.000,-1,375.000,-1,300.000,300.000,300.000,300.000,-1,325.000,375.000,-1,675.000,650.000,-1,-1,2,0,2,0,2,0,0,0,0,2,0,0,2,0,0,2,2
123,4533.048,-5360.597,-204.455,-22.064,0.926507,0.375640,-0.021885,-0.375698,0.926741,0.001526,0.020855,0.006808,0.999759,0,0.71204,-0.58998,42.723,-1.180,-1,375.000,-1,375.000,-1,300.000,300.000,300.000,300.000,-1,325.000,375.000,-1,675.000,650.000,-1,-1,2,0,2,0,2,0,0,0,0,2,0,0,2,0,0,2,2
124,4572.303,-5377.457,-203.377,-23.244,0.918508,0.394641,-0.024513,-0.394715,0.918801,0.001924,0.023282,0.007909,0.999698,0,0.71204,-0.58998,42.723,-1.180,-1,375.000,-1,375.000,-1,300.000,300.000,325.000,300.000,-1,325.000,350.000,-1,675.000,650.000,-1,-1,2,0,2,0,2,0,0,0,0,2,0,0,2,0,0,2,2
125,4611.203,-5395.123,-202.282,-24.424,0.910112,0.413474,-0.027117,-0.413565,0.910471,0.002434,0.025696,0.008999,0.999629,0,0.71204,-0.58998,42.723,-1.180,-1,375.000,-1,375.000,-1,300.000,300.000,325.000,300.000,-1,325.000,350.000,-1,675.000,675.000,-1,-1,2,0,2,0,2,0,0,0,0,2,0,0,2,0,0,2,2
126,4649.730,-5413.585,-201.169,-25.604,0.901322,0.432131,-0.029688,-0.432238,0.901754,0.003053,0.028091,0.010080,0.999555,0,0.71204,-0.58998,42.723,-1.180,-1,375.000,-1,375.000,-1,300.000,300.000,325.000,300.000,-1,325.000,350.000,-1,700.000,675.000,-1,-1,2,0,2,0,2,0,0,0,0,2,0,0,2,0,0,2,2
127,4692.181,-5434.947,-199.747,-26.712,0.892720,0.449488,-0.031790,-0.449594,0.893223,0.004150,0.030261,0.010588,0.999486,0,0.79204,-0.55410,47.523,-1.108,-1,375.000,-1,375.000,-1,300.000,300.000,325.000,300.000,-1,350.000,350.000,-1,700.000,675.000,-1,-1,2,0,2,0,2,0,0,0,0,2,0,0,2,0,0,2,2
128,4734.521,-5457.290,-198.245,-27.821,0.883787,0.466678,-0.033662,-0.466774,0.884360,0.005407,0.032293,0.010933,0.999419,0,0.79789,-0.55410,47.873,-1.108,-1,375.000,-1,375.000,-1,300.000,300.000,325.000,300.000,-1,350.000,350.000,-1,700.000,675.000,-1,-1,2,0,2,0,2,0,0,0,0,2,0,0,2,0,0,2,2
129,4776.421,-5480.448,-196.639,-28.929,0.874516,0.483694,-0.035522,-0.483767,0.875168,0.007074,0.034509,0.010999,0.999344,0,0.79789,-0.55410,47.873,-1.108,-1,375.000,-1,375.000,-1,300.000,300.000,325.000,300.000,-1,375.000,375.000,-1,700.000,700.000,-1,-1,2,0,2,0,2,0,0,0,0,2,0,0,2,0,0,2,2
130,4817.866,-5504.411,-194.978,-30.037,0.864915,0.500530,-0.037311,-0.500571,0.865650,0.008915,0.036761,0.010966,0.999264,0,0.79789,-0.55410,47.873,-1.108,-1,375.000,-1,375.000,-1,300.000,300.000,325.000,300.000,-1,375.000,375.000,-1,725.000,700.000,-1,-1,2,0,2,0,2,0,0,0,0,2,0,0,2,0,0,2,2
131,4858.839,-5529.172,-193.302,-31.145,0.854989,0.517178,-0.038991,-0.517183,0.855807,0.010732,0.038920,0.010990,0.999182,0,0.79789,-0.55410,47.873,-1.108,-1,375.000,-1,375.000,-1,325.000,300.000,300.000,300.000,-1,375.000,375.000,-1,725.000,725.000,-1,-1,2,0,2,0,2,0,0,0,0,2,0,0,2,0,0,2,2
132,4899.325,-5554.721,-191.541,-32.253,0.844756,0.533634,-0.040265,-0.533594,0.845646,0.012620,0.040785,0.010824,0.999109,0,0.79789,-0.55410,47.873,-1.108,-1,375.000,-1,375.000,-1,325.000,325.000,300.000,300.000,-1,375.000,400.000,-1,725.000,725.000,-1,-1,2,0,2,0,2,0,0,0,0,2,0,0,2,0,0,2,2
133,4939.310,-5581.047,-189.755,-33.362,0.834211,0.549890,-0.041390,-0.549804,0.835169,0.014468,0.042523,0.010687,0.999038,0,0.79789,-0.55410,47.873,-1.108,-1,375.000,-1,375.000,-1,325.000,325.000,300.000,300.000,-1,375.000,375.000,-1,750.000,750.000,-1,-1,2,0,2,0,2,0,0,0,0,2,0,0,2,0,0,2,2
134,4978.778,-5608.143,-187.952,-34.470,0.823355,0.565940,-0.042406,-0.565806,0.824378,0.016252,0.044157,0.010612,0.998968,0,0.79789,-0.55410,47.873,-1.108,-1,375.000,-1,400.000,-1,325.000,325.000,300.000,300.000,-1,375.000,375.000,-1,750.000,750.000,-1,-1,2,0,2,0,2,0,0,0,0,2,0,0,2,0,0,2,2
135,5017.715,-5635.996,-186.100,-35.578,0.812185,0.581777,-0.043476,-0.581600,0.813277,0.017920,0.045784,0.010731,0.998894,0,0.79789,-0.55410,47.873,-1.108,-1,400.000,-1,400.000,-1,325.000,325.000,300.000,300.000,-1,375.000,375.000,-1,750.000,775.000,-1,-1,2,0,2,0,2,0,0,0,0,2,0,0,2,0,0,2,2
136,5056.106,-5664.597,-183.951,-36.686,0.800722,0.597389,-0.044389,-0.597237,0.801861,0.018065,0.046386,0.012046,0.998851,0,0.79789,-0.55410,47.873,-1.108,-1,400.000,-1,400.000,-1,325.000,325.000,300.000,300.000,-1,400.000,400.000,-1,775.000,775.000,-1,-1,2,0,2,0,2,0,0,0,0,2,0,0,2,0,0,2,2
