timestep,x_cm,y_cm,z_cm,yaw_deg,basis_xx,basis_xy,basis_xz,basis_yx,basis_yy,basis_yz,basis_zx,basis_zy,basis_zz,teleport_flag,throttle_cmd,steering_cmd,cmd_move_cm,cmd_turn_deg,lidar_cm_0,lidar_cm_1,lidar_cm_2,lidar_cm_3,lidar_cm_4,lidar_cm_5,lidar_cm_6,lidar_cm_7,lidar_cm_8,lidar_cm_9,lidar_cm_10,lidar_cm_11,lidar_cm_12,lidar_cm_13,lidar_cm_14,lidar_cm_15,lidar_cm_16,lidar_class_0,lidar_class_1,lidar_class_2,lidar_class_3,lidar_class_4,lidar_class_5,lidar_class_6,lidar_class_7,lidar_class_8,lidar_class_9,lidar_class_10,lidar_class_11,lidar_class_12,lidar_class_13,lidar_class_14,lidar_class_15,lidar_class_16
0,8851.467,-3604.460,238.149,137.657,-0.731233,-0.669544,0.130419,0.677788,-0.734710,0.028371,0.076825,0.109142,0.991053,1,0.08000,-0.12000,4.800,-0.240,-1,325.000,-1,375.000,-1,275.000,300.000,450.000,275.000,550.000,225.000,75.000,550.000,775.000,-1,-1,-1,2,1,2,1,2,1,1,1,0,1,0,0,0,1,2,2,2
1,8844.424,-3597.934,238.608,137.177,-0.725353,-0.675631,0.131854,0.683953,-0.729027,0.026959,0.077911,0.109737,0.990902,0,0.16000,-0.24000,9.600,-0.480,-1,325.000,-1,400.000,-1,275.000,300.000,450.000,275.000,550.000,225.000,75.000,525.000,850.000,-1,-1,-1,2,1,2,1,2,1,1,1,0,1,0,0,0,1,2,2,2
2,8833.984,-3588.014,239.271,136.457,-0.716442,-0.684672,0.133922,0.693104,-0.720410,0.024824,0.079483,0.110607,0.990681,0,0.24000,-0.36000,14.400,-0.720,-1,325.000,-1,400.000,-1,275.000,300.000,425.000,275.000,550.000,225.000,75.000,525.000,950.000,-1,-1,-1,2,1,2,1,2,1,1,1,0,1,0,0,0,1,2,2,2
3,8820.260,-3574.584,240.168,135.613,-0.705799,-0.695127,0.136552,0.703684,-0.710173,0.021968,0.081705,0.111594,0.990389,0,0.32000,-0.42178,19.200,-0.844,-1,325.000,-1,400.000,-1,275.000,300.000,425.000,300.000,550.000,225.000,75.000,525.000,-1,-1,-1,-1,2,1,2,1,2,1,1,1,0,1,0,0,0,2,2,2,2
4,-983.794,1639.840,65.392,4.124,0.955518,-0.071906,-0.286033,0.068053,0.997407,-0.023403,0.286974,0.002896,0.957934,1,0.00000,0.00000,24.000,-0.834,250.000,175.000,325.000,225.000,-1,150.000,175.000,850.000,500.000,725.000,75.000,50.000,325.000,225.000,375.000,200.000,-1,1,1,1,1,2,1,1,1,0,0,0,0,0,1,1,1,2
5,-2950.699,4258.862,-195.669,-78.023,0.207787,0.978170,0.002947,-0.977408,0.207504,0.040187,0.038698,-0.011231,0.999188,1,0.08000,0.12000,4.800,0.240,-1,375.000,-1,400.000,-1,325.000,325.000,325.000,325.000,-1,900.000,825.000,-1,700.000,750.000,-1,-1,2,0,2,0,2,0,0,0,0,2,0,0,2,0,0,2,2
6,-2948.628,4249.488,-195.298,-77.543,0.215975,0.976395,0.002759,-0.975628,0.215691,0.040331,0.038784,-0.011402,0.999183,0,0.16000,0.24000,9.600,0.480,-1,375.000,-1,400.000,-1,325.000,325.000,325.000,325.000,-1,875.000,800.000,-1,700.000,750.000,-1,-1,2,0,2,0,2,0,0,0,0,2,0,0,2,0,0,2,2
7,-2945.345,4235.467,-194.743,-76.823,0.228228,0.973605,0.002475,-0.972830,0.227943,0.040550,0.038916,-0.011662,0.999174,0,0.24000,0.36000,14.400,0.720,-1,375.000,-1,400.000,-1,325.000,325.000,325.000,325.000,-1,850.000,800.000,-1,700.000,750.000,-1,-1,2,0,2,0,2,0,0,0,0,2,0,0,2,0,0,2,2
8,-2940.662,4216.847,-194.005,-75.882,0.244192,0.969725,0.002097,-0.968938,0.243906,0.040845,0.039097,-0.012006,0.999163,0,0.32000,0.47065,19.200,0.941,-1,375.000,-1,400.000,-1,325.000,325.000,325.000,325.000,-1,825.000,775.000,-1,700.000,750.000,-1,-1,2,0,2,0,2,0,0,0,0,2,0,0,2,0,0,2,2
9,-2934.427,4193.671,-193.086,-74.942,0.260065,0.965590,0.001634,-0.964788,0.259779,0.041225,0.039382,-0.012297,0.999149,0,0.40000,0.46996,24.000,0.940,-1,375.000,-1,400.000,-1,325.000,325.000,325.000,325.000,-1,800.000,750.000,-1,700.000,750.000,-1,-1,2,0,2,0,2,0,0,0,0,2,0,0,2,0,0,2,2
10,-2926.490,4165.986,-191.985,-74.004,0.275837,0.961204,0.001083,-0.960381,0.275554,0.041688,0.039772,-0.012539,0.999130,0,0.48000,0.46910,28.800,0.938,-1,375.000,-1,400.000,-1,325.000,325.000,325.000,325.000,-1,775.000,725.000,-1,700.000,750.000,-1,-1,2,0,2,0,2,0,0,0,0,2,0,0,2,0,0,2,2
11,-2916.704,4133.843,-190.700,-73.068,0.291498,0.956571,0.000441,-0.955723,0.291220,0.042235,0.040273,-0.012733,0.999108,0,0.56000,0.46805,33.600,0.936,-1,375.000,-1,400.000,-1,325.000,325.000,325.000,325.000,-1,750.000,700.000,-1,700.000,750.000,-1,-1,2,0,2,0,2,0,0,0,0,2,0,0,2,0,0,2,2
12,-2904.923,4097.294,-189.228,-72.134,0.307037,0.951698,-0.000299,-0.950819,0.306767,0.042864,0.040885,-0.012877,0.999081,0,0.64000,0.46680,38.400,0.934,-1,375.000,-1,400.000,-1,325.000,325.000,325.000,325.000,-1,725.000,675.000,-1,725.000,750.000,-1,-1,2,0,2,0,2,0,0,0,0,2,0,0,2,0,0,2,2
13,-2891.004,4056.398,-187.564,-71.203,0.322442,0.946589,-0.001140,-0.945674,0.322183,0.043570,0.041610,-0.012970,0.999050,0,0.72000,0.46529,43.200,0.931,-1,375.000,-1,400.000,-1,325.000,325.000,325.000,300.000,-1,700.000,650.000,-1,725.000,750.000,-1,-1,2,0,2,0,2,0,0,0,0,2,0,0,2,0,0,2,2
14,-2874.805,4011.214,-185.618,-70.276,0.337712,0.941248,-0.001722,-0.940303,0.337454,0.044221,0.042204,-0.013315,0.999020,0,0.80000,0.46351,48.000,0.927,-1,375.000,-1,400.000,-1,325.000,325.000,325.000,300.000,-1,675.000,650.000,-1,725.000,-1,-1,-1,2,0,2,0,2,0,0,0,0,2,0,0,2,0,2,2,2
15,-2856.187,3961.805,-183.366,-69.354,0.352837,0.935683,-0.002067,-0.934700,0.352566,0.045092,0.042921,-0.013978,0.998981,0,0.88000,0.46141,52.800,0.923,-1,375.000,-1,400.000,-1,325.000,325.000,325.000,325.000,-1,675.000,650.000,-1,725.000,-1,-1,-1,2,0,2,0,2,0,0,0,0,2,0,0,2,0,2,2,2
16,-2835.017,3908.237,-180.873,-68.436,0.367790,0.929906,-0.002467,-0.928877,0.367506,0.046112,0.043786,-0.014668,0.998933,0,0.96000,0.45893,57.600,0.918,-1,375.000,-1,400.000,-1,325.000,325.000,325.000,325.000,-1,650.000,650.000,-1,725.000,-1,-1,-1,2,0,2,0,2,0,0,0,0,2,0,0,2,0,2,2,2
17,-2812.791,3854.518,-178.334,-67.524,0.382549,0.923930,-0.003010,-0.922859,0.382258,0.047008,0.044583,-0.015205,0.998890,0,0.96892,0.45603,58.135,0.912,-1,375.000,-1,400.000,-1,325.000,325.000,325.000,325.000,-1,650.000,650.000,-1,725.000,-1,-1,-1,2,0,2,0,2,0,0,0,0,2,0,0,2,0,2,2,2
18,-2789.655,3801.008,-175.702,-66.618,0.397096,0.917769,-0.003765,-0.916663,0.396813,0.047628,0.045206,-0.015462,0.998858,0,0.97162,0.45284,58.297,0.906,-1,375.000,-1,400.000,-1,325.000,325.000,325.000,325.000,-1,675.000,675.000,-1,725.000,-1,-1,-1,2,0,2,0,2,0,0,0,0,2,0,0,2,0,2,2,2
19,-2765.622,3747.733,-173.059,-65.719,0.411435,0.911428,-0.004469,-0.910289,0.411157,0.048215,0.045782,-0.015769,0.998827,0,0.97407,0.44935,58.444,0.899,-1,375.000,-1,400.000,-1,325.000,325.000,325.000,325.000,-1,675.000,675.000,-1,725.000,-1,-1,-1,2,0,2,0,2,0,0,0,0,2,0,0,2,0,2,2,2
20,-2740.708,3694.721,-170.393,-64.828,0.425552,0.904919,-0.005183,-0.903746,0.425280,0.048784,0.046350,-0.016076,0.998796,0,0.97625,0.44555,58.575,0.891,-1,375.000,-1,400.000,-1,325.000,325.000,300.000,325.000,-1,700.000,700.000,-1,725.000,-1,-1,-1,2,0,2,0,2,0,0,0,0,2,0,0,2,0,2,2,2
21,-2714.931,3641.998,-167.702,-63.945,0.439435,0.898255,-0.005912,-0.897048,0.439170,0.049334,0.046910,-0.016376,0.998765,0,0.97811,0.44142,58.687,0.883,-1,375.000,-1,400.000,-1,325.000,325.000,300.000,300.000,-1,700.000,725.000,-1,725.000,-1,-1,-1,2,0,2,1,2,0,0,0,0,2,0,0,2,0,2,2,2
22,-2688.312,3589.594,-164.987,-63.071,0.453075,0.891448,-0.006654,-0.890208,0.452817,0.049861,0.047462,-0.016667,0.998734,0,0.97962,0.43696,58.777,0.874,-1,375.000,-1,725.000,-1,325.000,325.000,300.000,300.000,-1,725.000,725.000,-1,725.000,-1,-1,-1,2,0,2,1,2,0,0,0,0,2,0,0,2,0,2,2,2
23,-2660.875,3537.539,-162.277,-62.207,0.466465,0.884510,-0.007258,-0.883242,0.466209,0.050334,0.047905,-0.017068,0.998706,0,0.98072,0.43214,58.843,0.864,-1,375.000,-1,675.000,-1,325.000,325.000,300.000,300.000,-1,725.000,750.000,-1,725.000,-1,-1,-1,2,0,2,1,2,0,0,0,0,2,0,0,2,0,2,2,2
24,-2632.646,3485.864,-159.551,-61.353,0.479591,0.877457,-0.007829,-0.876162,0.479336,0.050777,0.048308,-0.017493,0.998679,0,0.98138,0.42696,58.883,0.854,-1,400.000,-1,625.000,-1,325.000,325.000,300.000,300.000,-1,750.000,775.000,-1,725.000,-1,-1,-1,2,0,2,1,2,0,1,0,0,2,0,0,2,0,2,2,2
25,-2603.655,3434.601,-156.783,-60.510,0.492446,0.870304,-0.008289,-0.868984,0.492187,0.051177,0.048619,-0.017999,0.998655,0,0.98154,0.42142,58.892,0.843,-1,400.000,-1,575.000,-1,325.000,325.000,300.000,300.000,-1,775.000,800.000,-1,725.000,1000.000,-1,-1,2,0,2,1,2,0,1,0,0,2,0,0,2,0,1,2,2
26,-2573.936,3383.785,-153.940,-59.679,0.505026,0.863063,-0.008481,-0.861727,0.504751,0.051513,0.048740,-0.018707,0.998636,0,0.98115,0.41550,58.869,0.831,-1,400.000,-1,525.000,-1,325.000,325.000,300.000,300.000,-1,825.000,850.000,-1,725.000,875.000,-1,-1,2,0,2,1,2,0,1,0,0,2,0,0,2,0,1,2,2
27,-2543.525,3333.449,-153.580,-58.861,0.517030,0.855871,-0.012855,-0.854959,0.517091,0.040766,0.041537,-0.010087,0.999086,0,0.98016,0.40922,58.810,0.818,-1,375.000,-1,450.000,-1,300.000,300.000,325.000,300.000,-1,-1,-1,-1,700.000,700.000,-1,-1,2,0,2,1,2,0,1,0,0,2,2,2,2,0,1,2,2
28,-2512.460,3283.630,-155.111,-58.056,0.528740,0.848549,-0.019951,-0.848301,0.529086,0.021290,0.028621,0.005667,0.999574,0,0.97854,0.40259,58.712,0.805,-1,350.000,-1,375.000,-1,275.000,275.000,325.000,250.000,-1,-1,-1,-1,625.000,550.000,-1,1000.000,2,0,2,1,2,0,0,0,0,2,2,2,2,0,0,2,1
29,-2483.484,3238.167,-155.263,-57.491,0.537056,0.843199,-0.024223,-0.843299,0.537373,0.008794,0.020432,0.015704,0.999668,0,0.89854,0.28259,53.912,0.565,-1,325.000,-1,300.000,-1,250.000,250.000,350.000,225.000,-1,-1,-1,-1,600.000,500.000,-1,825.000,2,0,2,1,2,0,0,0,0,2,2,2,2,0,0,2,1
30,-2454.969,3193.981,-154.350,-57.165,0.541865,0.840038,-0.026793,-0.840321,0.542087,0.001247,0.015572,0.021839,0.999640,0,0.87647,0.16259,52.588,0.325,-1,325.000,-1,275.000,-1,250.000,225.000,350.000,-1,-1,-1,-1,-1,575.000,475.000,-1,700.000,2,0,2,0,2,0,0,0,2,2,2,2,2,0,0,2,1
31,-2426.476,3149.973,-152.523,-57.080,0.543134,0.839176,-0.028099,-0.839537,0.543299,-0.002042,0.013553,0.024699,0.999603,0,0.87378,0.04259,52.427,0.085,-1,300.000,-1,275.000,-1,250.000,225.000,350.000,-1,-1,-1,-1,-1,550.000,450.000,-1,600.000,2,0,2,0,2,0,0,0,2,2,2,2,2,0,0,2,1
32,-2398.196,3106.032,-149.884,-57.235,0.540851,0.840639,-0.028412,-0.841003,0.541028,-0.001661,0.013975,0.024793,0.999595,0,0.87091,-0.07741,52.255,-0.155,-1,300.000,-1,275.000,-1,250.000,225.000,350.000,-1,-1,-1,-1,-1,550.000,450.000,-1,550.000,2,0,2,0,2,0,0,0,2,2,2,2,2,0,0,2,1
33,-2370.315,3062.047,-146.519,-57.630,0.534996,0.844388,-0.028080,-0.844692,0.535249,0.001825,0.016571,0.022743,0.999604,0,0.86794,-0.19741,52.077,-0.395,-1,325.000,-1,275.000,-1,250.000,225.000,350.000,-1,-1,-1,-1,-1,575.000,450.000,-1,475.000,2,0,2,0,2,0,0,0,2,2,2,2,2,0,0,2,1
34,-2342.891,3017.990,-142.394,-58.098,0.528017,0.848809,-0.026868,-0.848962,0.528384,0.008580,0.021479,0.018279,0.999602,0,0.86493,-0.23396,51.896,-0.468,-1,325.000,-1,275.000,-1,250.000,250.000,350.000,-1,-1,-1,-1,-1,575.000,475.000,-1,450.000,2,0,2,0,2,0,0,0,2,2,2,2,2,0,0,2,0
35,-2315.933,2973.874,-137.544,-58.570,0.520972,0.853227,-0.024331,-0.853095,0.521423,0.018648,0.028598,0.011042,0.999530,0,0.86167,-0.23619,51.700,-0.472,-1,325.000,-1,300.000,-1,275.000,250.000,325.000,-1,-1,-1,-1,-1,625.000,525.000,-1,625.000,2,0,2,0,2,0,0,0,2,2,2,2,2,0,0,2,0
36,-2289.451,2929.720,-131.976,-59.045,0.513956,0.857573,-0.020464,-0.856984,0.514362,0.031788,0.037786,0.001200,0.999285,0,0.85809,-0.23753,51.485,-0.475,-1,350.000,-1,325.000,-1,275.000,275.000,325.000,-1,-1,-1,-1,-1,650.000,575.000,-1,950.000,2,0,2,0,2,0,0,0,2,2,2,2,2,0,0,2,0
37,-2263.456,2885.547,-125.715,-59.523,0.507062,0.861775,-0.015233,-0.860518,0.507168,0.047840,0.048953,-0.011149,0.998739,0,0.85422,-0.23867,51.253,-0.477,-1,375.000,-1,350.000,-1,300.000,300.000,325.000,-1,-1,-1,-1,-1,700.000,650.000,-1,-1,2,0,2,0,2,0,0,0,2,2,2,2,2,0,0,2,2
38,-2237.953,2841.373,-120.381,-60.002,0.500144,0.865867,-0.011382,-0.864044,0.499875,0.059606,0.057301,-0.019977,0.998157,0,0.85011,-0.23959,51.006,-0.479,-1,400.000,-1,375.000,-1,325.000,325.000,300.000,-1,-1,925.000,900.000,-1,750.000,725.000,-1,-1,2,0,2,0,2,0,0,0,2,2,0,0,2,0,0,2,2
39,-2212.950,2797.212,-117.545,-60.482,0.492841,0.870039,-0.011802,-0.868170,0.492599,0.060220,0.058207,-0.019432,0.998115,0,0.84580,-0.24030,50.748,-0.481,-1,400.000,-1,375.000,-1,325.000,325.000,300.000,-1,-1,925.000,900.000,-1,750.000,725.000,-1,-1,2,0,2,0,2,0,0,0,2,2,0,0,2,0,0,2,2
40,-2188.448,2753.074,-118.417,-60.964,0.484490,0.874302,-0.029426,-0.871993,0.485354,0.063714,0.069987,-0.005210,0.997534,0,0.84135,-0.24079,50.481,-0.482,-1,400.000,-1,375.000,-1,325.000,325.000,325.000,-1,-1,175.000,100.000,-1,825.000,725.000,-1,-1,2,0,2,0,2,0,0,0,2,2,0,0,2,0,0,2,2
41,-2164.445,2708.971,-118.834,-61.446,0.475915,0.878343,-0.044921,-0.875806,0.477974,0.067127,0.080431,0.007395,0.996733,0,0.83682,-0.24107,50.209,-0.482,-1,425.000,-1,375.000,-1,325.000,325.000,350.000,-1,-1,0.000,0.000,-1,900.000,750.000,-1,-1,2,0,2,0,2,0,0,0,2,2,0,0,2,0,0,2,2
42,-2140.943,2664.909,-118.336,-61.928,0.467401,0.882236,-0.056525,-0.879558,0.470511,0.070687,0.088959,0.016678,0.995896,0,0.83227,-0.24113,49.936,-0.482,-1,450.000,-1,375.000,-1,350.000,325.000,350.000,-1,-1,0.000,0.000,1000.000,950.000,750.000,-1,-1,2,0,2,0,2,0,0,0,2,2,0,1,0,0,0,2,2
43,-2117.937,2620.891,-117.042,-62.410,0.459076,0.886050,-0.064533,-0.883263,0.463015,0.073912,0.095369,0.023068,0.995175,0,0.82777,-0.24097,49.666,-0.482,-1,450.000,-1,400.000,-1,350.000,325.000,350.000,-1,-1,0.000,0.000,800.000,-1,775.000,-1,-1,2,0,2,0,2,0,0,0,2,2,0,1,0,2,0,2,2
44,-2095.422,2576.915,-115.016,-62.891,0.451032,0.889825,-0.069149,-0.886931,0.455514,0.076551,0.099616,0.026803,0.994665,0,0.82338,-0.24061,49.403,-0.481,-1,450.000,-1,400.000,-1,350.000,325.000,350.000,-1,-1,0.000,0.000,750.000,-1,800.000,-1,-1,2,0,2,0,2,0,0,0,2,2,0,0,1,2,0,2,2
45,-2073.393,2532.980,-112.261,-63.372,0.443327,0.893580,-0.070540,-0.890571,0.448027,0.078451,0.101706,0.028042,0.994419,0,0.81913,-0.24005,49.148,-0.480,-1,450.000,-1,400.000,-1,350.000,325.000,350.000,-1,-1,0.000,0.000,825.000,-1,800.000,-1,-1,2,0,2,0,2,0,0,0,2,2,0,0,1,2,0,2,2
46,-2051.840,2489.080,-108.760,-63.850,0.435975,0.897316,-0.068915,-0.894207,0.440560,0.079376,0.101587,0.027019,0.994460,0,0.81510,-0.23929,48.906,-0.479,-1,450.000,-1,400.000,-1,350.000,325.000,350.000,-1,-1,0.000,0.000,900.000,-1,800.000,-1,-1,2,0,2,0,2,0,0,0,2,2,0,0,1,2,0,2,2
47,-2030.753,2445.207,-104.563,-64.327,0.428956,0.901027,-0.064400,-0.897819,0.433116,0.079574,0.099591,0.023685,0.994747,0,0.81130,-0.23835,48.678,-0.477,-1,450.000,-1,400.000,-1,350.000,325.000,350.000,-1,-1,0.000,0.000,1000.000,-1,800.000,-1,-1,2,0,2,0,2,0,0,0,2,2,0,0,1,2,0,2,2
48,-2010.121,2401.352,-99.722,-64.801,0.422248,0.904690,-0.056947,-0.901417,0.425691,0.078960,0.095676,0.017993,0.995250,0,0.80777,-0.23723,48.466,-0.474,-1,450.000,-1,400.000,-1,350.000,325.000,350.000,-1,-1,0.000,0.000,-1,-1,800.000,-1,-1,2,0,2,0,2,0,0,0,2,2,0,0,2,2,0,2,2
49,-1989.933,2357.505,-94.263,-65.273,0.415786,0.908267,-0.046622,-0.905012,0.418272,0.077470,0.089865,0.009983,0.995904,0,0.80454,-0.23594,48.273,-0.472,975.000,425.000,-1,400.000,-1,350.000,325.000,350.000,-1,-1,0.000,0.000,-1,950.000,800.000,-1,-1,1,0,2,0,2,0,0,0,2,2,0,0,2,0,0,2,2
50,-1970.176,2313.655,-88.191,-65.742,0.409470,0.911705,-0.033578,-0.908610,0.410844,0.075069,0.082236,-0.000229,0.996613,0,0.80162,-0.23449,48.097,-0.469,925.000,425.000,-1,400.000,-1,325.000,325.000,325.000,-1,-1,75.000,0.000,-1,875.000,775.000,-1,-1,1,0,2,0,2,0,0,0,2,2,0,0,2,0,0,2,2
51,-1950.837,2269.789,-81.523,-66.208,0.403186,0.914943,-0.017905,-0.912215,0.403387,0.071710,0.072833,-0.012579,0.997265,0,0.79901,-0.23290,47.941,-0.466,875.000,400.000,-1,400.000,-1,325.000,325.000,325.000,-1,-1,525.000,525.000,-1,800.000,775.000,-1,-1,1,0,2,0,2,0,0,0,2,2,0,0,2,0,0,2,2
52,-1931.906,2225.895,-76.761,-66.670,0.396212,0.918094,-0.010942,-0.915565,0.395959,0.070403,0.068969,-0.017876,0.997459,0,0.79672,-0.23116,47.803,-0.462,850.000,400.000,-1,400.000,-1,325.000,325.000,300.000,-1,-1,850.000,900.000,-1,775.000,775.000,-1,-1,1,0,2,0,2,0,0,0,2,2,0,0,2,0,0,2,2
53,-1911.262,2177.512,-73.248,-66.893,0.392632,0.919628,-0.011174,-0.917053,0.392396,0.070989,0.069668,-0.017626,0.997414,0,0.87672,-0.11116,52.603,-0.222,850.000,400.000,-1,400.000,-1,325.000,325.000,300.000,-1,-1,850.000,900.000,-1,800.000,775.000,-1,-1,1,0,2,0,2,0,0,0,2,2,0,0,2,0,0,2,2
54,-1890.085,2127.923,-69.646,-66.875,0.392907,0.919507,-0.011447,-0.916889,0.392679,0.071542,0.070278,-0.017613,0.997372,0,0.89869,0.00884,53.921,0.018,825.000,400.000,-1,400.000,-1,325.000,325.000,300.000,-1,-1,850.000,900.000,-1,800.000,775.000,-1,-1,1,0,2,0,2,0,0,0,2,2,0,0,2,0,0,2,2
55,-1868.734,2078.545,-65.971,-66.617,0.397058,0.917723,-0.011383,-0.915079,0.396807,0.071935,0.070533,-0.018146,0.997344,0,0.89661,0.12884,53.797,0.258,825.000,400.000,-1,400.000,-1,325.000,325.000,300.000,-1,-1,875.000,925.000,-1,800.000,775.000,-1,-1,1,0,2,0,2,0,0,0,2,2,0,0,2,0,0,2,2
56,-1847.001,2029.456,-62.210,-66.120,0.405068,0.914222,-0.010858,-0.911582,0.404755,0.072058,0.070272,-0.019290,0.997341,0,0.89474,0.24884,53.684,0.498,775.000,400.000,-1,400.000,-1,325.000,325.000,300.000,-1,-1,925.000,975.000,-1,800.000,800.000,-1,-1,1,0,2,0,2,0,0,0,2,2,0,0,2,0,0,2,2
57,-1824.679,1980.741,-58.578,-65.382,0.416841,0.908918,-0.010621,-0.906311,0.416483,0.071712,0.069603,-0.020267,0.997369,0,0.89311,0.36884,53.587,0.738,750.000,400.000,-1,400.000,-1,325.000,325.000,300.000,300.000,-1,1000.000,-1,-1,825.000,800.000,-1,-1,1,0,2,0,2,0,0,0,0,2,0,2,2,0,0,2,2
58,-1801.651,1932.444,-54.963,-64.508,0.430684,0.902443,-0.010418,-0.899869,0.430280,0.071374,0.068893,-0.021365,0.997395,0,0.89177,0.43671,53.506,0.873,725.000,400.000,-1,400.000,-1,325.000,325.000,300.000,300.000,-1,-1,-1,-1,825.000,800.000,-1,-1,1,0,2,0,2,0,0,0,0,2,2,2,2,0,0,2,2
59,-1776.986,1882.687,-51.218,-63.632,0.444468,0.895736,-0.010265,-0.893198,0.444022,0.071004,0.068159,-0.022390,0.997423,0,0.92557,0.43818,55.534,0.876,700.000,400.000,-1,400.000,-1,325.000,325.000,300.000,300.000,-1,-1,-1,-1,825.000,825.000,-1,-1,1,0,2,0,2,0,0,0,0,2,2,2,2,1,0,2,2
60,-1751.673,1833.533,-47.458,-62.753,0.458170,0.888805,-0.010251,-0.886313,0.457698,0.070441,0.067300,-0.023189,0.997463,0,0.92149,0.43932,55.289,0.879,650.000,400.000,-1,400.000,-1,325.000,325.000,300.000,300.000,-1,-1,-1,-1,825.000,825.000,-1,-1,1,0,2,0,2,0,0,0,0,2,2,2,2,1,0,2,2
61,-1725.713,1784.972,-43.786,-61.872,0.471820,0.881638,-0.010011,-0.879196,0.471306,0.069894,0.066339,-0.024176,0.997504,0,0.91774,0.44075,55.065,0.881,625.000,400.000,-1,400.000,-1,325.000,325.000,300.000,300.000,-1,-1,-1,-1,825.000,825.000,-1,-1,1,0,2,0,2,0,0,0,0,2,2,2,2,1,0,2,2
62,-1699.104,1736.994,-40.276,-60.987,0.485438,0.874222,-0.009219,-0.871840,0.484847,0.069418,0.065157,-0.025661,0.997545,0,0.91439,0.44243,54.863,0.885,600.000,400.000,-1,400.000,-1,325.000,325.000,300.000,300.000,-1,-1,-1,-1,825.000,850.000,-1,-1,1,0,2,0,2,0,0,0,0,2,2,2,2,0,0,2,2
63,-1671.841,1689.587,-36.812,-60.098,0.498999,0.866562,-0.008389,-0.864240,0.498329,0.068971,0.063948,-0.027166,0.997583,0,0.91146,0.44437,54.688,0.889,550.000,400.000,-1,400.000,-1,325.000,325.000,300.000,300.000,-1,-1,-1,-1,850.000,850.000,-1,-1,1,0,2,0,2,0,0,0,0,2,2,2,2,0,0,2,2
64,-1643.919,1642.738,-33.393,-59.205,0.512502,0.858653,-0.007521,-0.856393,0.511754,0.068554,0.062713,-0.028693,0.997619,0,0.90897,0.44655,54.538,0.893,525.000,400.000,-1,400.000,-1,325.000,325.000,300.000,300.000,-1,-1,-1,-1,850.000,850.000,-1,-1,1,0,2,0,2,0,0,0,0,2,2,2,2,0,0,2,2
65,-1615.331,1596.437,-30.019,-58.307,0.525951,0.850489,-0.006617,-0.848292,0.525122,0.068169,0.061452,-0.030240,0.997652,0,0.90694,0.44894,54.416,0.898,500.000,400.000,-1,400.000,-1,325.000,325.000,300.000,300.000,-1,-1,-1,-1,850.000,850.000,-1,-1,1,0,2,0,2,0,0,0,0,2,2,2,2,0,0,2,2
66,-1583.695,1547.408,-26.509,-57.169,0.542786,0.839851,-0.005715,-0.837740,0.541881,0.067507,0.059793,-0.031854,0.997702,0,0.97250,0.56894,58.350,1.138,475.000,400.000,-1,400.000,-1,325.000,325.000,300.000,300.000,-1,-1,-1,-1,850.000,875.000,-1,-1,1,0,2,0,2,0,0,0,0,2,2,2,2,0,0,2,2
67,-1551.043,1499.060,-23.141,-55.966,0.560334,0.828251,-0.004999,-0.826234,0.559372,0.066633,0.057985,-0.033206,0.997765,0,0.97235,0.60158,58.341,1.203,450.000,400.000,-1,400.000,-1,325.000,325.000,300.000,300.000,-1,-1,-1,-1,850.000,875.000,-1,-1,1,0,2,0,2,0,0,0,0,2,2,2,2,0,0,2,2
68,-1517.385,1451.427,-19.960,-54.756,0.577713,0.816226,-0.004730,-0.814294,0.576725,0.065681,0.056338,-0.034093,0.997829,0,0.97208,0.60518,58.325,1.210,400.000,400.000,-1,425.000,-1,325.000,325.000,300.000,300.000,-1,-1,-1,-1,850.000,875.000,-1,-1,1,1,2,0,2,0,0,0,0,2,2,2,2,0,0,2,2
69,-1482.741,1404.542,-16.851,-53.538,0.594935,0.803762,-0.004365,-0.801923,0.593924,0.064600,0.054515,-0.034933,0.997902,0,0.97160,0.60887,58.296,1.218,400.000,400.000,-1,425.000,-1,325.000,325.000,300.000,300.000,-1,-1,-1,-1,850.000,875.000,-1,-1,1,0,2,0,2,0,0,0,0,2,2,2,2,0,0,2,2
70,-1447.126,1358.442,-13.977,-52.313,0.611967,0.790873,-0.004073,-0.789169,0.610971,0.062659,0.052044,-0.035130,0.998027,0,0.97092,0.61264,58.255,1.225,375.000,400.000,-1,425.000,-1,325.000,325.000,300.000,300.000,-1,-1,-1,-1,850.000,875.000,-1,-1,1,0,2,0,2,0,0,0,0,2,2,2,2,0,0,2,2
71,-1410.562,1313.161,-11.229,-51.080,0.628818,0.777544,-0.003685,-0.775991,0.627848,0.060371,0.049255,-0.035103,0.998169,0,0.97002,0.61648,58.201,1.233,375.000,400.000,-1,425.000,-1,325.000,325.000,275.000,300.000,-1,-1,-1,-1,850.000,850.000,-1,-1,1,0,2,0,2,0,0,1,0,2,2,2,2,0,0,2,2
72,-1373.071,1268.732,-7.143,-49.839,0.645242,0.763907,-0.010434,-0.762279,0.644657,0.057866,0.050931,-0.029384,0.998270,0,0.96889,0.62040,58.134,1.241,-1,425.000,-1,425.000,-1,350.000,350.000,275.000,300.000,-1,-1,-1,-1,900.000,875.000,-1,-1,2,0,2,0,2,0,0,1,0,2,2,2,2,0,0,2,2
73,-1334.674,1225.191,-3.004,-48.590,0.661434,0.749798,-0.017573,-0.748138,0.661259,0.055009,0.052866,-0.023238,0.998331,0,0.96754,0.62438,58.053,1.249,-1,450.000,-1,425.000,-1,350.000,350.000,250.000,300.000,-1,-1,-1,-1,975.000,900.000,-1,-1,2,0,2,0,2,0,0,1,0,2,2,2,2,0,0,2,2
74,-1295.396,1182.572,0.305,-47.336,0.677530,0.735193,-0.021065,-0.733579,0.677554,0.052742,0.053048,-0.020281,0.998386,0,0.96597,0.62703,57.958,1.254,-1,450.000,-1,425.000,-1,350.000,350.000,225.000,275.000,-1,-1,-1,-1,1000.000,925.000,-1,-1,2,0,2,0,2,0,0,1,0,2,2,2,2,0,0,2,2
75,-1255.268,1140.903,2.900,-46.079,0.693496,0.720152,-0.021100,-0.718641,0.693527,0.050746,0.051179,-0.020029,0.998489,0,0.96416,0.62869,57.850,1.257,-1,450.000,-1,450.000,-1,375.000,350.000,225.000,300.000,-1,-1,-1,-1,1000.000,925.000,-1,-1,2,0,2,0,2,0,0,1,0,2,2,2,2,0,0,2,2
76,-1214.984,1100.534,4.643,-45.062,0.706302,0.707690,-0.017678,-0.706325,0.706171,0.049272,0.047353,-0.022315,0.998629,0,0.95052,0.50869,57.031,1.017,-1,450.000,-1,425.000,-1,350.000,350.000,200.000,300.000,-1,-1,-1,-1,975.000,900.000,-1,-1,2,0,2,0,2,0,0,1,0,2,2,2,2,0,0,2,2
77,-1174.097,1060.994,5.638,-44.042,0.718988,0.694933,-0.011157,-0.693775,0.718566,0.048362,0.041626,-0.027031,0.998768,0,0.94798,0.50973,56.879,1.019,-1,425.000,-1,425.000,-1,350.000,350.000,175.000,300.000,-1,-1,-1,-1,925.000,875.000,-1,-1,2,0,2,0,2,0,0,1,0,2,2,2,2,0,0,2,2
78,-1132.632,1022.303,5.930,-43.020,0.731482,0.681859,-0.001523,-0.681014,0.730683,0.048187,0.033969,-0.034211,0.998837,0,0.94523,0.51088,56.714,1.022,-1,425.000,-1,425.000,-1,325.000,325.000,150.000,300.000,-1,-1,-1,-1,850.000,850.000,-1,-1,2,0,2,0,2,0,0,1,0,2,2,2,2,0,0,2,2
79,-1090.613,984.476,6.779,-41.997,0.743620,0.668587,0.004640,-0.667994,0.742628,0.047835,0.028536,-0.038671,0.998844,0,0.94229,0.51184,56.537,1.024,-1,400.000,-1,400.000,-1,325.000,325.000,150.000,300.000,-1,-1,-1,-1,800.000,825.000,-1,-1,2,0,2,0,2,0,0,1,0,2,2,2,2,0,0,2,2
80,-1048.065,947.528,8.386,-40.971,0.755448,0.655184,0.005645,-0.654678,0.754463,0.046713,0.026346,-0.038985,0.998892,0,0.93920,0.51262,56.352,1.025,-1,400.000,-1,400.000,-1,325.000,325.000,150.000,300.000,-1,-1,-1,-1,800.000,825.000,-1,-1,2,0,2,0,2,0,0,1,0,2,2,2,2,0,0,2,2
81,-1005.010,911.471,9.716,-39.945,0.767038,0.641574,0.005905,-0.641130,0.766090,0.045365,0.024581,-0.038583,0.998953,0,0.93599,0.51321,56.159,1.026,-1,400.000,-1,400.000,-1,325.000,325.000,150.000,300.000,-1,-1,-1,-1,800.000,825.000,-1,-1,2,0,2,0,2,0,0,1,0,2,2,2,2,0,0,2,2
82,-961.470,876.315,10.969,-38.918,0.778393,0.627746,0.006212,-0.627362,0.777481,0.044059,0.022828,-0.038192,0.999010,0,0.93269,0.51361,55.962,1.027,-1,400.000,-1,400.000,-1,325.000,325.000,150.000,300.000,-1,-1,-1,-1,800.000,800.000,-1,-1,2,0,2,0,2,0,0,1,0,2,2,2,2,0,0,2,2
83,-917.464,842.070,12.145,-37.890,0.789504,0.613710,0.006563,-0.613383,0.788625,0.042796,0.021089,-0.037814,0.999062,0,0.92936,0.51382,55.761,1.028,-1,400.000,-1,400.000,-1,325.000,325.000,150.000,300.000,-1,-1,-1,-1,800.000,800.000,-1,-1,2,0,2,0,2,0,0,1,0,2,2,2,2,0,0,2,2
84,-873.965,809.167,14.266,-37.103,0.797777,0.602910,0.007105,-0.602734,0.797117,0.036264,0.016200,-0.033213,0.999317,0,0.90902,0.39382,54.541,0.788,-1,400.000,-1,400.000,-1,325.000,325.000,150.000,300.000,-1,-1,-1,-1,775.000,775.000,-1,-1,2,0,2,0,2,0,0,1,0,2,2,2,2,0,0,2,2
85,-830.327,776.809,17.150,-36.555,0.803388,0.595402,0.007950,-0.595390,0.803030,0.025546,0.008827,-0.025257,0.999642,0,0.90544,0.27382,54.326,0.548,-1,400.000,-1,375.000,-1,325.000,325.000,175.000,300.000,-1,-1,-1,-1,775.000,725.000,-1,-1,2,0,2,0,2,0,0,1,0,2,2,2,2,0,0,2,2
86,-786.701,744.823,19.404,-36.247,0.806508,0.591157,0.008786,-0.591212,0.806318,0.017870,0.003479,-0.019607,0.999802,0,0.90159,0.15382,54.096,0.308,-1,400.000,-1,375.000,-1,325.000,325.000,200.000,275.000,-1,-1,-1,-1,750.000,700.000,-1,-1,2,0,2,0,2,0,0,1,0,2,2,2,2,0,0,2,2
87,-743.233,713.033,21.010,-36.180,0.807173,0.590239,0.009480,-0.590315,0.807062,0.013400,0.000259,-0.016412,0.999865,0,0.89754,0.03382,53.852,0.068,-1,400.000,-1,375.000,-1,325.000,300.000,200.000,275.000,-1,-1,-1,-1,750.000,700.000,-1,-1,2,0,2,0,2,0,0,1,0,2,2,2,2,0,0,2,2
88,-700.064,681.261,21.956,-36.352,0.805384,0.592669,0.009986,-0.592753,0.805289,0.012375,-0.000707,-0.015886,0.999874,0,0.89334,-0.08618,53.601,-0.172,-1,400.000,-1,375.000,-1,325.000,300.000,225.000,275.000,-1,-1,-1,-1,750.000,675.000,-1,-1,2,0,2,0,2,0,0,1,0,2,2,2,2,0,0,2,2
89,-657.328,649.333,22.218,-36.764,0.801111,0.598428,0.010243,-0.598515,0.800974,0.014867,0.000692,-0.018041,0.999837,0,0.88909,-0.20618,53.346,-0.412,-1,400.000,-1,375.000,-1,325.000,300.000,250.000,275.000,400.000,-1,-1,-1,750.000,700.000,-1,-1,2,0,2,0,2,0,0,1,0,1,2,2,2,0,0,2,2
90,-615.160,617.075,21.767,-37.417,0.794293,0.607446,0.010358,-0.607517,0.794027,0.021075,0.004578,-0.023033,0.999724,0,0.88487,-0.32618,53.092,-0.652,-1,400.000,-1,375.000,-1,325.000,325.000,275.000,300.000,300.000,-1,-1,-1,750.000,700.000,-1,-1,2,0,2,0,2,0,0,1,0,1,2,2,2,0,0,2,2
91,-573.593,584.441,20.538,-38.137,0.786697,0.617250,0.010516,-0.617241,0.786152,0.031294,0.011049,-0.031110,0.999455,0,0.88077,-0.36033,52.846,-0.721,-1,400.000,-1,400.000,-1,325.000,325.000,300.000,300.000,275.000,-1,-1,-1,750.000,750.000,-1,-1,2,0,2,0,2,0,0,1,0,1,2,2,2,0,0,2,2
92,-532.616,551.423,20.466,-38.862,0.778884,0.627076,0.010727,-0.627016,0.778205,0.035342,0.013814,-0.034253,0.999318,0,0.87707,-0.36222,52.624,-0.724,-1,400.000,-1,400.000,-1,325.000,325.000,300.000,300.000,275.000,-1,-1,-1,775.000,750.000,-1,-1,2,0,2,0,2,0,0,0,0,1,2,2,2,0,0,2,2
93,-492.210,518.007,21.243,-39.590,0.770845,0.636928,0.010936,-0.636871,0.770174,0.035028,0.013888,-0.033966,0.999326,0,0.87389,-0.36434,52.433,-0.729,-1,400.000,-1,400.000,-1,325.000,325.000,300.000,300.000,275.000,-1,-1,-1,775.000,750.000,-1,-1,2,0,2,0,2,0,0,0,0,1,2,2,2,0,0,2,2
94,-452.331,484.451,22.010,-40.079,0.765383,0.643479,0.011109,-0.643426,0.764720,0.034731,0.013853,-0.033730,0.999335,0,0.86865,-0.24434,52.119,-0.489,-1,400.000,-1,400.000,-1,325.000,325.000,300.000,300.000,300.000,-1,-1,-1,750.000,750.000,-1,-1,2,0,2,0,2,0,0,0,0,1,2,2,2,0,0,2,2
95,-412.684,450.795,22.770,-40.328,0.762580,0.646796,0.011247,-0.646748,0.761924,0.034475,0.013729,-0.033564,0.999342,0,0.86676,-0.12434,52.006,-0.249,-1,400.000,-1,400.000,-1,325.000,325.000,300.000,300.000,325.000,-1,-1,-1,750.000,750.000,-1,-1,2,0,2,0,2,0,0,0,0,1,2,2,2,0,0,2,2
96,-373.097,417.179,23.558,-40.337,0.762482,0.646910,0.011356,-0.646866,0.761825,0.034467,0.013645,-0.033626,0.999341,0,0.86556,-0.00434,51.934,-0.009,-1,400.000,-1,400.000,-1,325.000,325.000,300.000,300.000,350.000,-1,-1,-1,750.000,750.000,-1,-1,2,0,2,0,2,0,0,0,0,1,2,2,2,0,0,2,2
97,-333.402,383.747,24.324,-40.105,0.765086,0.643826,0.011428,-0.643787,0.764427,0.034494,0.013473,-0.033748,0.999340,0,0.86497,0.11566,51.898,0.231,-1,400.000,-1,400.000,-1,325.000,325.000,300.000,300.000,375.000,-1,-1,-1,750.000,750.000,-1,-1,2,0,2,0,2,0,0,0,0,1,2,2,2,0,0,2,2
98,-293.436,350.644,25.061,-39.634,0.770355,0.637513,0.011457,-0.637479,0.769693,0.034555,0.013211,-0.033923,0.999337,0,0.86492,0.23566,51.895,0.471,-1,400.000,-1,400.000,-1,325.000,325.000,300.000,300.000,400.000,-1,-1,-1,750.000,750.000,-1,-1,2,0,2,0,2,0,0,0,0,1,2,2,2,0,0,2,2
99,-253.163,317.876,25.772,-39.133,0.775894,0.630760,0.011417,-0.630730,0.775229,0.034633,0.012994,-0.034073,0.999335,0,0.86533,0.25030,51.920,0.501,-1,400.000,-1,400.000,-1,325.000,325.000,300.000,300.000,450.000,-1,-1,-1,750.000,750.000,-1,-1,2,0,2,0,2,0,0,0,0,1,2,2,2,0,0,2,2
100,-212.578,285.433,26.484,-38.639,0.781308,0.624043,0.011346,-0.624014,0.780639,0.034772,0.012842,-0.034248,0.999331,0,0.86597,0.24724,51.958,0.494,-1,400.000,-1,400.000,-1,325.000,325.000,300.000,300.000,475.000,-1,-1,-1,750.000,750.000,-1,-1,2,0,2,0,2,0,0,0,0,1,2,2,2,0,0,2,2
101,-171.679,253.306,27.176,-38.151,0.786596,0.617365,0.011253,-0.617337,0.785924,0.034904,0.012704,-0.034402,0.999327,0,0.86681,0.24411,52.008,0.488,-1,400.000,-1,400.000,-1,325.000,325.000,300.000,300.000,500.000,-1,-1,-1,750.000,750.000,-1,-1,2,0,2,0,2,0,0,0,0,1,2,2,2,0,0,2,2
102,-130.464,221.487,27.848,-37.669,0.791760,0.610731,0.011134,-0.610703,0.791085,0.035023,0.012582,-0.034529,0.999324,0,0.86781,0.24091,52.069,0.482,-1,400.000,-1,400.000,-1,325.000,325.000,300.000,300.000,550.000,-1,-1,-1,750.000,750.000,-1,-1,2,0,2,0,2,0,0,0,0,1,2,2,2,0,0,2,2
103,-88.930,189.968,28.495,-37.193,0.796798,0.604146,0.011018,-0.604118,0.796120,0.035135,0.012455,-0.034652,0.999322,0,0.86898,0.23765,52.139,0.475,-1,400.000,-1,400.000,-1,325.000,325.000,300.000,300.000,575.000,-1,-1,-1,750.000,750.000,-1,-1,2,0,2,0,2,0,0,0,0,1,2,2,2,0,0,2,2
104,-47.076,158.743,29.086,-36.725,0.801712,0.597609,0.011060,-0.597586,0.801028,0.035282,0.012225,-0.034895,0.999316,0,0.87030,0.23432,52.218,0.469,-1,400.000,-1,400.000,-1,325.000,325.000,300.000,300.000,600.000,-1,-1,-1,750.000,750.000,-1,-1,2,0,2,0,2,0,0,0,0,1,2,2,2,0,0,2,2
105,-4.902,127.805,29.664,-36.263,0.806502,0.591128,0.011046,-0.591109,0.805814,0.035409,0.012030,-0.035087,0.999312,0,0.87176,0.23094,52.305,0.462,-1,400.000,-1,400.000,-1,325.000,325.000,300.000,300.000,650.000,-1,-1,-1,750.000,725.000,-1,-1,2,0,2,0,2,0,0,0,0,1,2,2,2,0,0,2,2
106,37.594,97.148,30.228,-35.808,0.811170,0.584707,0.010978,-0.584690,0.810479,0.035516,0.011868,-0.035228,0.999309,0,0.87334,0.22750,52.400,0.455,-1,400.000,-1,400.000,-1,325.000,325.000,300.000,300.000,675.000,-1,-1,-1,750.000,725.000,-1,-1,2,0,2,0,2,0,0,0,0,1,2,2,2,0,0,2,2
107,81.109,66.272,30.796,-35.357,0.815744,0.578310,0.010894,-0.578294,0.815051,0.035613,0.011716,-0.035351,0.999306,0,0.88927,0.22540,53.356,0.451,-1,400.000,-1,375.000,-1,325.000,325.000,300.000,300.000,700.000,-1,-1,-1,750.000,725.000,-1,-1,2,0,2,0,2,0,0,0,0,1,2,2,2,0,0,2,2
108,124.854,35.743,31.441,-34.910,0.820229,0.571930,0.010991,-0.571919,0.819523,0.035930,0.011543,-0.035757,0.999294,0,0.88908,0.22335,53.345,0.447,-1,400.000,-1,375.000,-1,325.000,325.000,300.000,300.000,750.000,-1,-1,-1,750.000,725.000,-1,-1,2,0,2,0,2,0,0,0,0,1,2,2,2,0,0,2,2
109,168.832,5.555,32.086,-34.468,0.824622,0.565576,0.011049,-0.565569,0.823903,0.036280,0.011416,-0.036166,0.999281,0,0.88904,0.22121,53.342,0.442,-1,400.000,-1,375.000,-1,325.000,325.000,300.000,300.000,775.000,-1,-1,-1,750.000,725.000,-1,-1,2,0,2,0,2,0,0,0,0,1,2,2,2,0,0,2,2
110,213.043,-24.300,32.731,-34.030,0.828923,0.559253,0.011069,-0.559248,0.828189,0.036663,0.011337,-0.036581,0.999266,0,0.88913,0.21898,53.348,0.438,-1,400.000,-1,375.000,-1,325.000,325.000,300.000,300.000,800.000,-1,-1,-1,750.000,725.000,-1,-1,2,0,2,0,2,0,0,0,0,1,2,2,2,0,0,2,2
111,257.491,-53.827,33.390,-33.597,0.833132,0.552964,0.011045,-0.552958,0.832381,0.037137,0.011342,-0.037048,0.999249,0,0.88935,0.21666,53.361,0.433,-1,400.000,-1,375.000,-1,325.000,325.000,300.000,300.000,850.000,-1,-1,-1,750.000,725.000,-1,-1,2,0,2,0,2,0,0,0,0,1,2,2,2,0,0,2,2
112,302.176,-83.032,34.055,-33.168,0.837247,0.546715,0.010986,-0.546707,0.836480,0.037591,0.011363,-0.037479,0.999233,0,0.88971,0.21426,53.383,0.429,-1,400.000,-1,375.000,-1,325.000,325.000,300.000,300.000,875.000,-1,-1,-1,750.000,725.000,-1,-1,2,0,2,0,2,0,0,0,0,1,2,2,2,0,0,2,2
113,347.100,-111.923,34.733,-32.745,0.841268,0.540509,0.010896,-0.540499,0.840487,0.037988,0.011375,-0.037847,0.999219,0,0.89020,0.21178,53.412,0.424,-1,400.000,-1,375.000,-1,325.000,325.000,300.000,300.000,900.000,-1,-1,-1,750.000,725.000,-1,-1,2,0,2,0,2,0,0,0,0,1,2,2,2,0,0,2,2
114,392.265,-140.503,35.408,-32.326,0.845195,0.534349,0.010768,-0.534335,0.844400,0.038407,0.011430,-0.038215,0.999204,0,0.89081,0.20922,53.448,0.418,-1,400.000,-1,375.000,-1,325.000,325.000,300.000,300.000,925.000,-1,-1,-1,750.000,725.000,-1,-1,2,0,2,0,2,0,0,0,0,1,2,2,2,0,0,2,2
115,437.672,-168.781,36.081,-31.913,0.849030,0.528239,0.010602,-0.528219,0.848219,0.038847,0.011527,-0.038582,0.999189,0,0.89153,0.20658,53.492,0.413,-1,400.000,-1,375.000,-1,325.000,325.000,300.000,300.000,975.000,-1,-1,-1,725.000,725.000,-1,-1,2,0,2,0,2,0,0,0,0,1,2,2,2,0,0,2,2
116,483.322,-196.761,36.726,-31.505,0.852773,0.522179,0.010382,-0.522150,0.851941,0.039437,0.011748,-0.039052,0.999168,0,0.89238,0.20388,53.543,0.408,-1,400.000,-1,375.000,-1,325.000,325.000,300.000,300.000,1000.000,-1,-1,-1,725.000,700.000,-1,-1,2,0,2,0,2,0,0,0,0,1,2,2,2,0,0,2,2
117,529.216,-224.449,37.353,-31.103,0.856423,0.516175,0.010111,-0.516133,0.855568,0.040127,0.012062,-0.039585,0.999143,0,0.89334,0.20110,53.600,0.402,-1,400.000,-1,375.000,-1,325.000,325.000,300.000,300.000,-1,-1,-1,-1,725.000,700.000,-1,-1,2,0,2,0,2,0,0,0,0,2,2,2,2,0,0,2,2
118,575.357,-251.852,37.989,-30.707,0.859981,0.510232,0.009781,-0.510175,0.859103,0.040795,0.012412,-0.040073,0.999120,0,0.89440,0.19826,53.664,0.397,-1,400.000,-1,375.000,-1,325.000,325.000,300.000,300.000,-1,-1,-1,-1,725.000,700.000,-1,-1,2,0,2,0,2,0,0,0,0,2,2,2,2,0,0,2,2
119,621.743,-278.975,38.653,-30.316,0.863447,0.504354,0.009310,-0.504276,0.862549,0.041408,0.012854,-0.040449,0.999099,0,0.89557,0.19536,53.734,0.391,-1,375.000,-1,375.000,-1,325.000,325.000,300.000,300.000,-1,-1,-1,-1,725.000,700.000,-1,-1,2,0,2,0,2,0,0,0,0,2,2,2,2,0,0,2,2
120,668.376,-305.824,39.372,-29.931,0.866820,0.498540,0.008977,-0.498446,0.865899,0.042072,0.013201,-0.040944,0.999074,0,0.89684,0.19239,53.810,0.385,-1,375.000,-1,375.000,-1,325.000,325.000,300.000,300.000,-1,-1,-1,-1,725.000,700.000,-1,-1,2,0,2,0,2,0,0,0,0,2,2,2,2,0,0,2,2
121,715.496,-332.539,40.103,-29.552,0.870109,0.492785,0.008584,-0.492673,0.869166,0.042715,0.013589,-0.041396,0.999050,0,0.90276,0.18973,54.166,0.379,-1,375.000,-1,375.000,-1,325.000,300.000,300.000,300.000,-1,-1,-1,-1,725.000,700.000,-1,-1,2,0,2,0,2,0,0,0,0,2,2,2,2,0,0,2,2
122,762.801,-358.951,40.864,-29.176,0.873329,0.487061,0.008229,-0.486931,0.872363,0.043370,0.013945,-0.041884,0.999025,0,0.90299,0.18800,54.179,0.376,-1,375.000,-1,375.000,-1,325.000,300.000,300.000,300.000,-1,-1,-1,-1,725.000,700.000,-1,-1,2,0,2,0,2,0,0,0,0,2,2,2,2,0,0,2,2
123,805.973,-382.920,41.585,-29.040,0.874489,0.484981,0.007904,-0.484831,0.873502,0.043969,0.014420,-0.042283,0.999002,0,0.82299,0.06800,49.379,0.136,-1,375.000,-1,375.000,-1,325.000,300.000,300.000,300.000,-1,-1,-1,-1,700.000,700.000,-1,-1,2,0,2,0,2,0,0,0,0,2,2,2,2,0,0,2,2
124,844.909,-404.630,42.313,-29.144,0.873617,0.486556,0.007548,-0.486378,0.872603,0.044737,0.015180,-0.042755,0.998970,0,0.74299,-0.05200,44.579,-0.104,-1,375.000,-1,375.000,-1,325.000,300.000,300.000,300.000,-1,-1,-1,-1,700.000,700.000,-1,-1,2,0,2,0,2,0,0,0,0,2,2,2,2,0,0,2,2
125,879.535,-424.211,43.041,-29.488,0.870691,0.491780,0.007053,-0.491563,0.869655,0.045463,0.016224,-0.043051,0.998941,0,0.66299,-0.17200,39.779,-0.344,-1,375.000,-1,375.000,-1,325.000,300.000,300.000,300.000,-1,-1,-1,-1,700.000,700.000,-1,-1,2,0,2,0,2,0,0,0,0,2,2,2,2,0,0,2,2
126,909.807,-441.739,43.715,-30.072,0.865645,0.500615,0.006583,-0.500357,0.864592,0.046090,0.017382,-0.043191,0.998916,0,0.58299,-0.29200,34.979,-0.584,-1,375.000,-1,375.000,-1,325.000,300.000,300.000,300.000,-1,-1,-1,-1,700.000,700.000,-1,-1,2,0,2,0,2,0,0,0,0,2,2,2,2,0,0,2,2
127,939.244,-459.354,44.413,-30.896,0.858369,0.512997,0.006095,-0.512691,0.857302,0.046698,0.018730,-0.043209,0.998890,0,0.57175,-0.41200,34.305,-0.824,-1,375.000,-1,375.000,-1,325.000,300.000,300.000,300.000,-1,-1,-1,-1,700.000,700.000,-1,-1,2,0,2,0,2,0,0,0,0,2,2,2,2,0,0,2,2
128,968.369,-477.525,45.155,-31.960,0.848709,0.528830,0.005582,-0.528471,0.847633,0.047304,0.020284,-0.043098,0.998865,0,0.57213,-0.53200,34.328,-1.064,-1,375.000,-1,375.000,-1,325.000,300.000,300.000,300.000,-1,-1,-1,-1,700.000,700.000,-1,-1,2,0,2,0,2,0,0,0,0,2,2,2,2,0,0,2,2
129,997.096,-496.369,45.947,-33.264,0.836470,0.547989,0.005044,-0.547569,0.835388,0.047913,0.022042,-0.042839,0.998839,0,0.57260,-0.65200,34.356,-1.304,-1,375.000,-1,375.000,-1,300.000,300.000,300.000,300.000,-1,950.000,-1,-1,700.000,700.000,-1,-1,2,0,2,0,2,0,0,0,0,2,0,2,2,0,0,2,2
130,1025.333,-516.001,46.794,-34.808,0.821417,0.570310,0.004481,-0.569822,0.820334,0.048526,0.023999,-0.042414,0.998812,0,0.57317,-0.77200,34.390,-1.544,-1,375.000,-1,375.000,-1,300.000,300.000,300.000,300.000,-1,875.000,950.000,-1,700.000,700.000,-1,-1,2,0,2,0,2,0,0,0,0,2,0,0,2,0,0,2,2
131,1052.978,-536.526,47.703,-36.592,0.803281,0.595587,0.003896,-0.595026,0.802202,0.049149,0.026147,-0.041798,0.998784,0,0.57387,-0.89200,34.432,-1.784,-1,375.000,-1,375.000,-1,300.000,300.000,300.000,300.000,-1,825.000,900.000,-1,700.000,700.000,-1,-1,2,0,2,0,2,0,0,0,0,2,0,0,2,0,0,2,2
132,1079.977,-557.978,48.681,-38.468,0.783365,0.621553,0.003296,-0.620915,0.782297,0.049758,0.028348,-0.041025,0.998756,0,0.57471,-0.93813,34.483,-1.876,-1,375.000,-1,375.000,-1,300.000,300.000,300.000,300.000,-1,775.000,825.000,-1,700.000,700.000,-1,-1,2,0,2,0,2,0,0,0,0,2,0,0,2,0,0,2,2
133,1106.302,-580.343,49.736,-40.348,0.762562,0.646910,0.002686,-0.646196,0.761511,0.050315,0.030504,-0.040104,0.998730,0,0.57572,-0.94012,34.543,-1.880,-1,375.000,-1,375.000,-1,300.000,300.000,300.000,300.000,-1,750.000,775.000,-1,700.000,700.000,-1,-1,2,0,2,0,2,0,0,0,0,2,0,0,2,0,0,2,2
134,1131.881,-603.560,50.868,-42.228,0.740935,0.671573,0.002068,-0.670781,0.739904,0.050945,0.032683,-0.039135,0.998699,0,0.57572,-0.94013,34.543,-1.880,-1,375.000,-1,375.000,-1,300.000,300.000,325.000,300.000,-1,725.000,750.000,-1,675.000,700.000,-1,-1,2,0,2,0,2,0,0,0,0,2,0,0,2,0,0,2,2
135,1156.683,-627.603,52.069,-44.109,0.718508,0.695517,0.001449,-0.694644,0.717500,0.051610,0.034856,-0.038088,0.998666,0,0.57572,-0.94013,34.543,-1.880,-1,375.000,-1,375.000,-1,300.000,300.000,325.000,300.000,-1,700.000,725.000,-1,675.000,700.000,-1,-1,2,0,2,0,2,0,0,0,0,2,0,0,2,0,0,2,2
136,1180.684,-652.448,53.332,-45.989,0.695304,0.718715,0.000828,-0.717762,0.694322,0.052284,0.037002,-0.036948,0.998632,0,0.57572,-0.94013,34.543,-1.880,-1,375.000,-1,375.000,-1,300.000,300.000,325.000,300.000,-1,700.000,700.000,-1,675.000,700.000,-1,-1,2,0,2,0,2,0,0,0,0,2,0,0,2,0,0,2,2
137,1203.856,-678.066,54.656,-47.869,0.671348,0.741143,0.000209,-0.740110,0.670397,0.052965,0.039114,-0.035713,0.998596,0,0.57572,-0.94013,34.543,-1.880,-1,375.000,-1,375.000,-1,300.000,300.000,325.000,300.000,-1,675.000,675.000,-1,675.000,700.000,-1,-1,2,0,2,0,2,0,0,0,0,2,0,0,2,0,0,2,2
138,1226.175,-704.432,56.047,-49.749,0.646662,0.762776,-0.000447,-0.761662,0.645749,0.053650,0.041212,-0.034353,0.998560,0,0.57572,-0.94013,34.543,-1.880,-1,375.000,-1,375.000,-1,300.000,300.000,300.000,325.000,-1,675.000,675.000,-1,675.000,700.000,-1,-1,2,0,2,0,2,0,0,0,0,2,0,0,2,0,0,2,2
