timestep,x_cm,y_cm,z_cm,yaw_deg,basis_xx,basis_xy,basis_xz,basis_yx,basis_yy,basis_yz,basis_zx,basis_zy,basis_zz,teleport_flag,throttle_cmd,steering_cmd,cmd_move_cm,cmd_turn_deg,lidar_cm_0,lidar_cm_1,lidar_cm_2,lidar_cm_3,lidar_cm_4,lidar_cm_5,lidar_cm_6,lidar_cm_7,lidar_cm_8,lidar_cm_9,lidar_cm_10,lidar_cm_11,lidar_cm_12,lidar_cm_13,lidar_cm_14,lidar_cm_15,lidar_cm_16,lidar_class_0,lidar_class_1,lidar_class_2,lidar_class_3,lidar_class_4,lidar_class_5,lidar_class_6,lidar_class_7,lidar_class_8,lidar_class_9,lidar_class_10,lidar_class_11,lidar_class_12,lidar_class_13,lidar_class_14,lidar_class_15,lidar_class_16
0,4158.295,-1570.415,-89.987,71.297,0.320385,-0.947282,0.003304,0.946351,0.319911,-0.045578,0.042118,0.017729,0.998955,0,0.39627,1.00000,1.881,-0.023,-1,387.165,-1,399.635,710.790,337.499,340.727,408.761,444.690,-1,-1,-1,-1,642.540,596.248,-1,731.531,2,0,2,0,0,0,0,0,0,2,2,2,2,0,0,2,0
1,4158.140,-1571.516,-85.425,71.249,0.321207,-0.947003,0.003241,0.946205,0.320791,-0.042305,0.039023,0.016655,0.999099,0,0.39633,1.00000,1.112,-0.047,-1,391.934,-1,405.530,721.625,342.095,345.622,417.383,456.587,-1,-1,-1,-1,659.316,603.394,-1,742.326,2,0,2,0,0,0,0,0,0,2,2,2,2,0,0,2,0
2,4158.120,-1572.049,-82.102,71.205,0.321952,-0.946751,0.002925,0.945996,0.321568,-0.041054,0.037927,0.015984,0.999153,0,0.39625,1.00000,0.533,-0.044,-1,396.778,-1,411.230,732.086,346.546,350.305,423.870,465.181,-1,-1,-1,-1,684.733,611.412,-1,754.869,2,0,2,0,0,0,0,0,0,2,2,2,2,0,0,2,0
3,4158.166,-1572.170,-80.055,71.178,0.322397,-0.946601,0.002505,0.945836,0.322028,-0.041143,0.038139,0.015634,0.999150,0,0.39614,1.00000,0.129,-0.027,-1,400.827,-1,415.836,741.029,350.145,354.051,428.003,470.426,-1,-1,-1,-1,712.382,618.556,-1,765.815,2,0,2,0,0,0,0,0,0,2,2,2,2,0,0,2,0
4,4158.262,-1571.884,-79.287,71.168,0.322543,-0.946553,0.002038,0.945725,0.322169,-0.042551,0.039620,0.015652,0.999092,0,0.39605,1.00000,0.301,-0.010,-1,404.288,-1,419.297,748.313,352.875,356.822,429.855,472.221,-1,-1,-1,-1,762.843,624.740,-1,774.482,2,0,2,0,0,0,0,0,0,2,2,2,2,0,0,2,0
5,4158.391,-1571.181,-79.798,71.181,0.322291,-0.946639,0.001604,0.945691,0.321891,-0.045331,0.042396,0.016127,0.998971,0,0.39599,1.00000,0.714,0.013,-1,407.031,-1,421.614,753.853,354.780,358.637,429.557,470.425,-1,-1,-1,-1,871.023,629.987,-1,782.268,2,0,2,0,0,0,0,0,0,2,2,2,2,0,0,2,0
6,4158.526,-1570.085,-81.586,71.217,0.321634,-0.946863,0.001309,0.945729,0.321180,-0.049391,0.046346,0.017124,0.998779,0,0.39598,1.00000,1.105,0.036,-1,408.926,-1,422.647,757.143,355.754,359.401,427.186,464.955,-1,-1,-1,-1,-1,633.950,-1,788.674,2,0,2,0,0,0,0,0,0,2,2,2,2,2,0,2,0
7,4158.579,-1568.581,-84.563,71.307,0.320088,-0.947385,0.002447,0.946023,0.319488,-0.054474,0.050826,0.019751,0.998512,0,0.39603,1.00000,1.505,0.089,-1,409.734,-1,421.029,753.590,355.375,358.328,424.450,454.325,-1,-1,-1,-1,-1,633.981,-1,789.298,2,0,2,0,0,0,0,0,0,2,2,2,2,2,0,2,0
8,4158.664,-1566.912,-88.137,71.429,0.318043,-0.948064,0.004788,0.946622,0.317271,-0.056963,0.052486,0.022649,0.998365,0,0.39623,1.00000,1.671,0.122,-1,405.331,-1,413.832,737.270,350.870,352.890,420.455,441.768,-1,-1,-1,-1,-1,623.669,-1,774.640,2,0,2,0,0,0,0,0,0,2,2,2,2,2,0,2,0
9,4158.766,-1565.056,-91.317,71.563,0.315847,-0.948790,0.006146,0.947421,0.315027,-0.056131,0.051321,0.023551,0.998405,0,0.39653,1.00000,1.859,0.134,-1,396.762,-1,404.291,716.971,343.627,345.310,414.176,432.760,-1,-1,-1,-1,-1,608.286,-1,749.918,2,0,2,0,0,0,0,0,0,2,2,2,2,2,0,2,0
10,4158.827,-1562.868,-93.458,71.706,0.313512,-0.949561,0.006624,0.948310,0.312722,-0.053973,0.049179,0.023203,0.998520,0,0.40183,0.57223,2.189,0.143,-1,388.539,-1,395.928,698.571,336.821,338.492,408.328,427.273,-1,-1,-1,-1,751.505,594.433,-1,727.184,2,0,2,0,0,0,0,0,0,2,2,2,2,0,0,2,0
11,4158.875,-1560.318,-94.314,71.856,0.311053,-0.950370,0.006472,0.949212,0.310320,-0.051937,0.047351,0.022299,0.998629,0,0.40218,0.57223,2.550,0.150,-1,383.069,-1,390.688,687.654,332.321,334.107,404.612,425.783,-1,-1,-1,-1,683.636,585.741,-1,713.379,2,0,2,0,0,0,0,0,0,2,2,2,2,0,0,2,0
12,4158.932,-1557.463,-93.921,72.011,0.308499,-0.951206,0.006001,0.950083,0.307814,-0.050922,0.046590,0.021411,0.998685,0,0.40252,0.57223,2.856,0.155,-1,381.283,-1,389.264,685.149,330.921,332.771,403.829,427.393,-1,-1,-1,-1,679.191,583.548,-1,710.331,2,0,2,0,0,0,0,0,0,2,2,2,2,0,0,2,0
13,4159.009,-1554.281,-92.541,72.178,0.305723,-0.952105,0.005446,0.950952,0.305059,-0.051276,0.047159,0.020855,0.998670,0,0.40286,0.57223,3.183,0.167,-1,383.166,-1,391.354,690.030,332.477,334.273,405.839,430.958,-1,-1,-1,-1,733.777,587.411,-1,717.156,2,0,2,0,0,0,0,0,0,2,2,2,2,0,0,2,0
14,4159.104,-1550.748,-90.576,72.366,0.302568,-0.953114,0.005034,0.951878,0.301897,-0.052784,0.048789,0.020763,0.998593,0,0.40322,0.57223,3.535,0.189,-1,388.076,-1,395.786,699.440,336.054,337.821,409.823,434.791,-1,-1,-1,-1,-1,595.289,-1,730.882,2,0,2,0,0,0,0,0,0,2,2,2,2,2,0,2,0
15,4159.212,-1546.849,-88.463,72.586,0.298880,-0.954278,0.004964,0.952925,0.298170,-0.055026,0.051029,0.021177,0.998473,0,0.40362,0.57223,3.900,0.220,-1,394.264,-1,400.861,709.958,340.466,342.077,414.786,438.169,-1,-1,-1,-1,-1,604.628,-1,747.367,2,0,2,0,0,0,0,0,0,2,2,2,2,2,0,2,0
16,4159.331,-1542.567,-86.578,72.842,0.294593,-0.955608,0.005259,0.954124,0.293818,-0.057599,0.053497,0.021986,0.998326,0,0.40411,0.57223,4.284,0.255,-1,400.399,-1,405.411,718.955,344.670,345.994,419.799,440.365,-1,-1,-1,-1,-1,613.331,-1,763.113,2,0,2,0,0,0,0,0,0,2,2,2,2,2,0,2,0
17,4159.525,-1537.885,-85.169,73.108,0.290117,-0.956975,0.005544,0.955355,0.289278,-0.060122,0.055931,0.022739,0.998176,0,0.40470,0.57223,4.685,0.266,-1,405.371,-1,408.785,725.708,347.818,348.930,423.625,441.489,-1,-1,-1,-1,-1,620.334,-1,776.361,2,0,2,0,0,0,0,0,0,2,2,2,2,2,0,2,0
18,4159.819,-1532.810,-84.329,73.372,0.285679,-0.958308,0.005708,0.956561,0.284787,-0.062351,0.058126,0.023273,0.998038,0,0.40530,0.57223,5.084,0.264,-1,408.585,-1,410.589,730.451,349.539,350.520,425.785,441.579,-1,-1,-1,-1,-1,624.912,-1,785.726,2,0,2,0,0,0,0,0,0,2,2,2,2,2,0,2,0
19,4160.203,-1527.358,-83.994,73.633,0.281273,-0.959610,0.005896,0.957745,0.280331,-0.064327,0.060076,0.023740,0.997911,0,0.40585,0.57223,5.465,0.262,-1,410.210,-1,410.872,731.597,349.991,350.838,426.627,440.598,-1,-1,-1,-1,-1,627.361,-1,791.012,2,0,2,0,0,0,0,0,0,2,2,2,2,2,0,2,0
20,4160.712,-1521.555,-84.001,73.879,0.277140,-0.960812,0.005813,0.958833,0.276170,-0.066103,0.061907,0.023894,0.997796,0,0.40637,0.57223,5.826,0.245,-1,410.645,-1,410.293,731.345,349.557,350.353,426.168,439.360,-1,-1,-1,-1,-1,628.598,-1,794.277,2,0,2,0,0,0,0,0,0,2,2,2,2,2,0,2,0
21,4161.344,-1515.424,-84.158,74.106,0.273301,-0.961913,0.005442,0.959821,0.272324,-0.067704,0.063643,0.023727,0.997691,0,0.40679,0.57223,6.163,0.228,-1,410.394,-1,409.328,730.647,348.585,349.421,424.828,438.091,-1,-1,-1,-1,-1,629.444,-1,796.659,2,0,2,0,0,0,0,0,0,2,2,2,2,2,0,2,0
22,4162.067,-1508.987,-84.271,74.325,0.269605,-0.962958,0.004919,0.960747,0.268632,-0.069296,0.065407,0.023408,0.997584,0,0.40713,0.57223,6.478,0.219,-1,410.140,-1,408.435,730.315,347.568,348.496,423.314,437.056,-1,-1,-1,-1,-1,630.904,-1,799.738,2,0,2,0,0,0,0,0,0,2,2,2,2,2,0,2,0
23,4162.815,-1502.260,-84.181,74.550,0.265798,-0.964018,0.004448,0.961674,0.264824,-0.071068,0.067333,0.023167,0.997462,0,0.40741,0.57223,6.769,0.225,-1,410.500,-1,408.022,730.931,346.964,347.979,422.341,436.331,-1,-1,-1,-1,-1,633.330,-1,805.012,2,0,2,0,0,0,0,0,0,2,2,2,2,2,0,2,0
24,4163.544,-1495.297,-83.752,74.791,0.261706,-0.965140,0.003967,0.962639,0.260727,-0.073124,0.069541,0.022955,0.997315,0,0.40768,0.57223,7.000,0.241,-1,411.976,-1,408.575,733.694,347.541,348.264,422.173,436.294,-1,-1,-1,-1,-1,637.651,-1,814.120,2,0,2,0,0,0,0,0,0,2,2,2,2,2,0,2,0
25,4164.248,-1488.112,-82.958,75.046,0.257369,-0.966307,0.003442,0.963623,0.256385,-0.075479,0.072054,0.022743,0.997141,0,0.40800,0.57223,7.219,0.255,-1,414.670,-1,410.216,738.968,349.257,349.266,422.824,437.058,-1,-1,-1,-1,-1,644.121,-1,827.549,2,0,2,0,0,0,0,0,0,2,2,2,2,2,0,2,0
26,4164.915,-1480.696,-81.903,75.317,0.252761,-0.967524,0.003188,0.964651,0.251754,-0.077902,0.074570,0.022766,0.996956,0,0.40835,0.57223,7.446,0.271,-1,418.022,-1,412.042,744.617,351.429,350.561,424.376,438.023,-1,-1,-1,-1,-1,651.246,-1,842.218,2,0,2,0,0,0,0,0,0,2,2,2,2,2,0,2,0
27,4165.570,-1473.080,-80.680,75.595,0.248037,-0.968746,0.002854,0.965699,0.247021,-0.080038,0.076831,0.022608,0.996788,0,0.40874,0.57223,7.644,0.278,-1,421.832,-1,414.162,751.029,353.530,351.812,426.252,439.570,-1,-1,-1,-1,-1,658.318,-1,857.078,2,0,2,0,0,0,0,0,0,2,2,2,2,2,0,2,0
28,4166.278,-1465.199,-79.392,75.861,0.243506,-0.969898,0.001869,0.966649,0.242532,-0.082269,0.079339,0.021840,0.996608,0,0.41661,0.97720,7.913,0.266,-1,428.940,-1,417.264,760.991,355.881,353.867,427.512,442.150,-1,-1,-1,-1,-1,666.963,-1,876.052,2,0,2,0,0,0,0,0,0,2,2,2,2,2,0,2,0
29,4166.914,-1457.023,-78.161,76.145,0.238654,-0.971104,0.000936,0.967613,0.237715,-0.084950,0.082273,0.021179,0.996385,0,0.41695,0.97720,8.201,0.284,-1,436.930,-1,420.733,772.720,358.561,356.540,428.801,444.436,-1,-1,-1,-1,-1,676.621,-1,898.407,2,0,2,0,0,0,0,0,0,2,2,2,2,2,0,2,0
30,4167.214,-1448.670,-77.025,76.504,0.232521,-0.972591,0.000902,0.968854,0.231546,-0.087795,0.085180,0.021288,0.996138,0,0.41733,0.97720,8.358,0.360,-1,446.056,-1,423.436,782.113,361.141,358.829,431.063,445.310,-1,-1,-1,-1,-1,687.596,-1,918.744,2,0,2,0,0,0,0,0,0,2,2,2,2,2,0,2,0
31,4167.076,-1440.213,-76.006,76.964,0.224683,-0.974431,0.001335,0.970456,0.223642,-0.090552,0.087938,0.021641,0.995891,0,0.41798,0.97720,8.458,0.460,-1,455.397,-1,425.363,790.163,363.397,360.630,433.445,445.189,-1,-1,-1,-1,-1,697.973,-1,938.573,2,0,2,0,0,0,0,0,0,2,2,2,2,2,0,2,0
32,4166.546,-1431.666,-75.080,77.474,0.215981,-0.976397,0.001165,0.972126,0.214924,-0.093695,0.091233,0.021369,0.995600,0,0.41900,0.97720,8.564,0.509,-1,465.647,-1,428.183,802.695,366.106,363.014,434.666,445.770,-1,-1,-1,-1,-1,711.252,-1,966.768,2,0,2,0,0,0,0,0,0,2,2,2,2,2,0,2,0
33,4165.816,-1422.958,-74.237,77.969,0.207491,-0.978237,0.000334,0.973576,0.206469,-0.097574,0.095381,0.020571,0.995228,0,0.42020,0.97720,8.738,0.495,-1,477.536,-1,432.485,822.002,369.661,366.333,434.870,446.994,-1,-1,-1,-1,-1,728.317,-1,1004.763,2,0,2,0,0,0,0,0,0,2,2,2,2,2,0,2,0
34,4165.027,-1414.119,-73.411,78.443,0.199335,-0.979931,-0.001316,0.974811,0.198430,-0.101828,0.100046,0.019015,0.994801,0,0.42133,0.97720,8.875,0.474,-1,497.106,-1,437.895,850.868,373.754,370.377,433.844,449.313,-1,-1,-1,-1,-1,746.829,-1,-1,2,0,2,0,0,0,0,0,0,2,2,2,2,2,0,2,2
35,4164.143,-1405.171,-72.557,78.907,0.191350,-0.981517,-0.003035,0.975920,0.190587,-0.106098,0.104716,0.017340,0.994351,0,0.42239,0.97720,8.992,0.463,-1,527.938,-1,444.112,882.164,381.059,374.558,432.664,451.925,-1,-1,-1,-1,-1,769.573,-1,-1,2,0,2,0,0,0,0,0,0,2,2,2,2,2,0,2,2
36,4163.201,-1396.107,-71.672,79.379,0.183208,-0.983065,-0.004263,0.977014,0.182557,-0.110074,0.108988,0.016001,0.993914,0,0.42339,0.97720,9.113,0.473,-1,559.078,-1,451.478,912.792,389.169,378.267,432.039,454.061,-1,-1,-1,-1,-1,791.424,-1,-1,2,0,2,0,0,0,0,0,0,2,2,2,2,2,0,2,2
37,4162.324,-1386.858,-70.717,79.857,0.174980,-0.984558,-0.005318,0.978065,0.174441,-0.113842,0.113011,0.014719,0.993485,0,0.42442,0.97720,9.291,0.477,-1,594.102,-1,458.605,950.126,397.179,383.418,431.645,456.213,-1,-1,-1,-1,-1,811.726,-1,-1,2,0,2,0,0,0,0,0,0,2,2,2,2,2,0,2,2
38,4161.442,-1377.452,-69.682,80.344,0.166583,-0.986009,-0.005951,0.979120,0.166126,-0.117157,0.116507,0.013689,0.993096,0,0.42545,0.97720,9.447,0.488,-1,639.889,-1,464.838,981.473,404.629,388.967,431.779,458.086,-1,-1,952.929,-1,-1,829.043,-1,-1,2,0,2,0,0,0,0,0,0,2,2,0,2,2,0,2,2
39,4160.458,-1367.956,-68.531,80.850,0.157879,-0.987439,-0.006164,0.980220,0.157474,-0.119881,0.119346,0.012884,0.992769,0,0.42649,0.97720,9.547,0.506,-1,678.133,-1,470.468,-1,411.244,394.721,432.475,458.308,-1,-1,880.440,-1,-1,847.729,-1,-1,2,0,2,0,2,0,0,0,0,2,2,0,2,2,0,2,2
40,4159.332,-1358.336,-67.304,81.366,0.148993,-0.988821,-0.005913,0.981252,0.148586,-0.122746,0.122252,0.012486,0.992421,0,0.42760,0.97720,9.687,0.516,-1,725.267,-1,477.058,-1,418.373,400.947,433.975,457.776,-1,-1,813.109,-1,-1,867.230,-1,-1,2,0,2,0,2,0,0,0,0,2,2,0,2,2,0,2,2
41,4158.105,-1348.572,-66.018,81.884,0.140064,-0.990126,-0.005688,0.982144,0.139659,-0.126048,0.125598,0.012069,0.992008,0,0.42874,0.97720,9.840,0.518,-1,773.765,-1,484.848,-1,428.018,408.175,435.603,457.445,-1,-1,768.398,-1,-1,887.173,-1,-1,2,0,2,0,2,0,0,0,0,2,2,0,2,2,0,2,2
42,4156.602,-1338.870,-64.639,82.428,0.130673,-0.991411,-0.005418,0.982998,0.130271,-0.129397,0.128992,0.011583,0.991578,0,0.42987,0.97720,9.818,0.544,-1,819.362,-1,495.167,-1,446.339,415.950,437.335,457.466,-1,921.193,727.634,-1,-1,910.631,-1,-1,2,0,2,0,2,0,0,0,0,2,0,0,2,2,0,2,2
43,4154.906,-1329.229,-63.178,83.015,0.120549,-0.992693,-0.005297,0.983871,0.120185,-0.132486,0.132155,0.010759,0.991171,0,0.43111,0.97720,9.789,0.587,-1,859.786,-1,506.096,-1,464.887,423.785,438.522,458.110,-1,827.086,694.678,-1,-1,936.896,-1,-1,2,0,2,0,2,0,0,0,0,2,0,0,2,2,0,2,2
44,4153.171,-1319.445,-61.715,83.600,0.110434,-0.993869,-0.005323,0.984576,0.110130,-0.135944,0.135697,0.009772,0.990702,0,0.43251,0.97720,9.937,0.586,-1,892.549,-1,521.371,-1,486.062,439.665,440.073,459.034,-1,763.716,666.430,-1,-1,964.971,-1,-1,2,0,2,0,2,0,0,0,0,2,0,0,2,2,0,2,2
45,4151.592,-1309.425,-60.353,84.145,0.101004,-0.994871,-0.005476,0.985016,0.100773,-0.139957,0.139791,0.008742,0.990142,0,0.43389,0.97720,10.144,0.545,-1,926.050,-1,539.510,-1,512.175,457.145,441.116,459.896,-1,699.355,636.320,-1,-1,997.581,-1,-1,2,0,2,0,2,0,0,0,0,2,0,0,2,2,0,2,2
46,4150.079,-1299.108,-59.122,84.667,0.091977,-0.995746,-0.005495,0.985268,0.091805,-0.144285,0.144176,0.007857,0.989521,0,0.53385,0.57906,10.428,0.521,-1,956.097,-1,557.439,-1,543.605,475.404,442.020,458.532,-1,647.545,609.563,-1,-1,-1,-1,-1,2,0,2,0,2,0,0,0,0,2,0,0,2,2,2,2,2
47,4148.213,-1288.582,-58.063,85.245,0.081974,-0.996625,-0.004269,0.985544,0.081698,-0.148423,0.148271,0.007959,0.988915,0,0.53520,0.57906,10.690,0.578,-1,981.934,-1,572.342,-1,579.535,497.707,444.085,454.272,-1,613.034,583.347,-1,-1,-1,-1,-1,2,0,2,0,2,0,0,0,0,2,0,0,2,2,2,2,2
48,4146.037,-1277.914,-57.117,85.874,0.071108,-0.997464,-0.003051,0.985812,0.070743,-0.152218,0.152048,0.007816,0.988342,0,0.53678,0.57906,10.887,0.629,-1,995.543,-1,592.928,-1,615.779,520.815,445.468,450.346,-1,580.951,560.240,999.547,-1,-1,-1,-1,2,0,2,0,2,0,0,0,0,2,0,0,0,2,2,2,2
49,4143.496,-1267.242,-56.139,86.537,0.059668,-0.998215,-0.002638,0.985998,0.059350,-0.155838,0.155716,0.006697,0.987779,0,0.53858,0.57906,10.971,0.663,-1,1007.505,-1,616.231,-1,655.383,546.886,445.330,447.964,-1,553.767,541.652,987.131,-1,-1,-1,-1,2,0,2,0,2,0,0,0,0,2,0,0,0,2,2,2,2
50,4140.633,-1256.505,-55.101,87.218,0.047911,-0.998848,-0.002779,0.986069,0.047742,-0.159339,0.159288,0.004894,0.987220,0,0.54053,0.57906,11.112,0.681,-1,-1,-1,636.874,-1,699.596,584.150,444.201,446.740,-1,537.069,528.164,978.280,-1,-1,-1,-1,2,2,2,0,2,0,0,0,0,2,0,0,0,2,2,2,2
51,4137.541,-1245.712,-53.905,87.902,0.036111,-0.999341,-0.003715,0.985959,0.036233,-0.163009,0.163036,0.002224,0.986618,0,0.54257,0.57906,11.228,0.684,-1,-1,-1,665.375,-1,747.687,618.043,442.052,447.239,-1,520.096,515.657,971.373,-1,-1,-1,-1,2,2,2,0,2,0,0,0,0,2,0,0,0,2,2,2,2
52,4134.218,-1234.815,-52.603,88.610,0.023915,-0.999704,-0.004461,0.985762,0.024324,-0.166377,0.166436,-0.000419,0.986052,0,0.54461,0.57906,11.392,0.708,-1,-1,-1,696.190,-1,795.564,667.437,440.193,447.375,-1,504.701,505.932,964.832,-1,-1,-1,-1,2,2,2,0,2,0,0,0,0,2,0,0,0,2,2,2,2
53,4130.920,-1223.658,-51.180,89.307,0.011918,-0.999915,-0.005315,0.985405,0.012647,-0.169758,0.169810,-0.003214,0.985471,0,0.54675,0.57906,11.635,0.697,-1,-1,-1,725.166,-1,827.442,715.359,438.349,447.605,-1,490.874,496.878,960.522,-1,-1,-1,-1,2,2,2,0,2,0,0,0,0,2,0,0,0,2,2,2,2
54,4127.454,-1212.320,-49.690,89.990,0.000165,-0.999987,-0.005017,0.984860,0.001032,-0.173348,0.173351,-0.004913,0.984848,0,0.54881,0.57906,11.856,0.683,-1,-1,-1,759.600,-1,861.665,774.450,438.385,446.527,-1,481.150,488.079,953.722,-1,-1,-1,-1,2,2,2,0,2,0,0,0,0,2,0,0,0,2,2,2,2
55,4123.612,-1201.036,-48.159,90.729,-0.012518,-0.999916,-0.003392,0.984180,-0.011721,-0.176785,0.176730,-0.005551,0.984244,0,0.55079,0.57906,11.920,0.738,-1,-1,-1,793.905,-1,887.397,818.421,440.269,443.480,-1,474.861,481.832,943.782,-1,-1,-1,-1,2,2,2,0,2,0,0,0,0,2,0,0,0,2,2,2,2
56,4119.458,-1189.792,-46.637,91.581,-0.027138,-0.999632,-0.000615,0.983354,-0.026585,-0.179746,0.179663,-0.005483,0.983713,0,0.55303,0.57906,11.986,0.852,-1,-1,-1,830.243,-1,903.188,865.566,443.420,438.655,-1,471.110,477.510,929.475,-1,-1,-1,-1,2,2,2,0,2,0,0,0,0,2,0,0,0,2,2,2,2
57,4115.169,-1178.532,-44.978,92.487,-0.042673,-0.999087,0.002166,0.982330,-0.042353,-0.182299,0.182225,-0.005651,0.983241,0,0.55577,0.57906,12.050,0.907,-1,-1,-1,869.314,-1,916.183,893.590,446.604,434.128,-1,469.760,475.704,918.130,-1,-1,-1,-1,2,2,2,0,2,0,0,0,0,2,0,0,0,2,2,2,2
58,4110.516,-1167.383,-43.117,93.442,-0.059012,-0.998246,0.004825,0.981037,-0.058887,-0.184659,0.184619,-0.006163,0.982791,0,0.55876,0.57488,12.082,0.955,-1,-1,-1,906.091,-1,927.749,923.500,449.810,430.465,-1,470.130,475.490,909.958,-1,-1,-1,-1,2,2,2,0,2,0,0,0,0,2,0,0,0,2,2,2,2
59,4105.595,-1156.364,-40.971,94.401,-0.075381,-0.997135,0.006358,0.979374,-0.075234,-0.187525,0.187466,-0.007909,0.982239,0,0.56197,0.56767,12.067,0.959,-1,-1,-1,949.882,-1,938.385,954.427,452.258,429.645,-1,469.553,474.725,904.844,-1,-1,-1,-1,2,2,2,0,2,0,0,0,0,2,0,0,0,2,2,2,2
60,4100.355,-1145.359,-38.618,95.393,-0.092256,-0.995707,0.007460,0.977324,-0.091982,-0.190729,0.190597,-0.010305,0.981614,0,0.56522,0.56038,12.189,0.991,-1,-1,-1,993.453,-1,948.912,965.610,454.241,430.298,-1,468.315,474.051,901.116,-1,-1,-1,-1,2,2,2,0,2,0,0,0,0,2,0,0,0,2,2,2,2
61,4095.055,-1134.065,-36.225,96.326,-0.108080,-0.994108,0.008187,0.974964,-0.107601,-0.194595,0.194330,-0.013050,0.980849,0,0.56861,0.55276,12.476,0.933,-1,-1,-1,-1,-1,957.292,979.194,455.682,431.643,-1,464.499,471.398,897.476,-1,-1,-1,-1,2,2,2,2,2,0,0,0,0,2,0,0,0,2,2,2,2
62,4089.550,-1122.587,-34.004,97.251,-0.123722,-0.992266,0.010047,0.972407,-0.123251,-0.198073,0.197779,-0.014737,0.980136,0,0.57171,0.54581,12.730,0.925,-1,-1,-1,-1,-1,963.896,990.153,458.446,430.780,-1,461.663,468.291,890.678,-1,-1,-1,-1,2,2,2,2,2,0,0,0,0,2,0,0,0,2,2,2,2
63,4083.787,-1110.993,-32.001,98.227,-0.140188,-0.990039,0.013065,0.969598,-0.139943,-0.200738,0.200567,-0.015473,0.979558,0,0.57475,0.53898,12.948,0.976,-1,-1,-1,-1,-1,967.834,998.085,462.267,427.749,-1,460.978,466.471,882.579,-1,-1,-1,-1,2,2,2,2,2,0,0,0,0,2,0,0,0,2,2,2,2
64,4077.728,-1099.442,-30.113,99.251,-0.157437,-0.987398,0.016067,0.966590,-0.157411,-0.202302,0.202282,-0.016320,0.979191,0,0.57801,0.53167,13.043,1.024,-1,-1,-1,-1,-1,968.266,999.305,465.513,424.682,-1,463.738,468.309,878.576,-1,-1,-1,-1,2,2,2,2,2,0,0,0,0,2,0,0,0,2,2,2,2
65,4071.632,-1087.790,-28.245,100.200,-0.173387,-0.984705,0.017117,0.963665,-0.173217,-0.203336,0.203191,-0.018761,0.978959,0,0.58148,0.52388,13.151,0.949,-1,-1,-1,-1,-1,965.918,996.864,465.665,423.971,-1,468.781,473.663,883.033,-1,-1,-1,-1,2,2,2,2,2,0,0,0,0,2,0,0,0,2,2,2,2
66,4065.253,-1076.227,-26.426,101.174,-0.189772,-0.981679,0.017125,0.960748,-0.189264,-0.202838,0.202363,-0.022040,0.979063,0,0.58460,0.51688,13.206,0.974,-1,-1,-1,-1,-1,957.855,977.363,464.024,424.214,-1,479.843,485.773,895.946,-1,-1,-1,-1,2,2,2,2,2,0,1,0,0,2,0,0,0,2,2,2,2
67,4058.575,-1064.706,-24.629,102.167,-0.206473,-0.978322,0.015954,0.957632,-0.205398,-0.201872,0.200773,-0.026403,0.979282,0,0.58784,0.50961,13.316,0.994,-1,-1,-1,-1,-1,947.747,977.189,460.332,426.019,-1,493.469,501.214,915.558,-1,-1,-1,-1,2,2,2,2,2,0,1,0,0,2,0,0,0,2,2,2,2
68,4051.681,-1053.053,-22.936,103.173,-0.223358,-0.974637,0.013934,0.954324,-0.221569,-0.200432,0.198436,-0.031471,0.979609,0,0.59116,0.50214,13.539,1.006,-1,-1,-1,-1,-1,935.834,967.592,455.194,428.493,-1,509.559,519.644,940.907,-1,-1,-1,-1,2,2,2,2,2,0,0,0,0,2,0,0,0,2,2,2,2
69,4045.129,-1041.011,-21.360,103.974,-0.236810,-0.971511,0.009387,0.951619,-0.233887,-0.199292,0.195810,-0.038262,0.979895,0,0.37948,0.91943,13.709,0.801,-1,-1,-1,-1,-1,923.212,955.656,446.780,434.502,-1,525.962,539.819,975.259,-1,-1,-1,-1,2,2,2,2,2,0,0,0,0,2,0,0,0,2,2,2,2
70,4038.628,-1029.048,-20.120,104.689,-0.248918,-0.968510,0.005357,0.949569,-0.245132,-0.195521,0.190677,-0.043582,0.980685,0,0.38101,0.91405,13.616,0.715,-1,-1,-1,-1,-1,903.628,936.243,439.705,437.427,-1,552.678,569.998,-1,-1,-1,-1,-1,2,2,2,2,2,0,0,0,0,2,0,0,2,2,2,2,2
71,4032.045,-1017.222,-19.206,105.427,-0.261515,-0.965195,0.002837,0.947669,-0.257322,-0.188970,0.183123,-0.046730,0.981979,0,0.38229,0.90954,13.534,0.738,-1,-1,-1,-1,-1,877.825,909.664,435.224,435.461,-1,591.662,610.992,-1,-1,-1,-1,-1,2,2,2,2,2,0,0,0,0,2,0,0,2,2,2,2,2
72,4025.476,-1005.297,-18.559,106.114,-0.273274,-0.961936,0.000274,0.945898,-0.268770,-0.181768,0.174923,-0.049413,0.983341,0,0.38365,0.90478,13.615,0.687,-1,995.096,-1,-1,-1,849.946,881.903,430.753,432.141,-1,635.710,657.598,-1,-1,-1,-1,-1,2,0,2,2,2,0,0,0,0,2,0,0,2,2,2,2,2
73,4018.869,-993.282,-18.092,106.782,-0.284672,-0.958620,-0.002965,0.943968,-0.279779,-0.175069,0.166995,-0.052636,0.984552,0,0.38484,0.90057,13.711,0.667,-1,960.813,-1,-1,-1,820.825,855.656,425.059,429.146,-1,679.652,705.638,-1,-1,-1,-1,-1,2,0,2,2,2,0,0,0,0,2,0,0,2,2,2,2,2
74,4012.196,-981.154,-17.632,107.419,-0.295496,-0.955319,-0.006881,0.941824,-0.290099,-0.169733,0.160153,-0.056636,0.985466,0,0.38597,0.89660,13.843,0.637,-1,929.270,-1,-1,-1,795.881,833.116,418.318,427.665,-1,721.027,752.602,-1,-1,-1,-1,-1,2,0,2,2,2,0,0,0,0,2,0,0,2,2,2,2,2
75,4005.606,-968.730,-16.919,107.959,-0.304576,-0.952436,-0.009960,0.939702,-0.298763,-0.166436,0.155544,-0.060052,0.986002,0,0.38700,0.89297,14.063,0.539,-1,907.961,-1,-1,-1,779.075,816.953,413.263,427.839,-1,754.040,790.398,-1,-1,-1,-1,-1,2,0,2,2,2,0,0,0,0,2,0,0,2,2,2,2,2
76,3998.901,-956.221,-15.856,108.488,-0.313409,-0.949547,-0.011611,0.937315,-0.307363,-0.164221,0.152366,-0.062352,0.986355,0,0.38773,0.89042,14.193,0.530,-1,894.483,-1,-1,-1,767.816,804.871,410.868,427.395,-1,781.526,821.179,-1,-1,-1,-1,-1,2,0,2,2,2,0,0,0,0,2,0,0,2,2,2,2,2
77,3992.130,-943.683,-14.423,109.017,-0.322191,-0.946593,-0.012417,0.934786,-0.316045,-0.162141,0.149557,-0.063847,0.986690,0,0.38841,0.88801,14.250,0.529,-1,884.520,-1,956.948,-1,758.769,794.703,410.695,427.614,-1,810.310,851.807,-1,-1,-1,-1,-1,2,0,2,1,2,0,0,0,0,2,0,0,2,2,2,2,2
78,3985.461,-931.097,-12.747,109.503,-0.330281,-0.943801,-0.012458,0.932529,-0.324238,-0.158932,0.145961,-0.064110,0.987211,0,0.38909,0.88562,14.244,0.486,-1,873.976,995.788,904.776,-1,748.699,783.301,413.029,426.844,-1,848.725,891.070,-1,-1,-1,-1,-1,2,0,1,1,2,0,0,0,0,2,0,0,2,2,2,2,2
79,3978.916,-918.541,-10.959,109.961,-0.337983,-0.941083,-0.011445,0.930569,-0.332339,-0.153595,0.140742,-0.062563,0.988068,0,0.38963,0.88372,14.159,0.458,-1,860.461,979.187,844.122,-1,735.273,768.580,418.119,423.182,-1,904.210,946.551,-1,-1,799.376,-1,-1,2,0,1,1,2,0,0,0,0,2,0,0,2,2,1,2,2
80,3972.481,-905.906,-9.292,110.375,-0.345010,-0.938545,-0.010066,0.928967,-0.339917,-0.146552,0.134124,-0.059913,0.989152,0,0.39009,0.88210,14.180,0.414,-1,843.461,961.481,797.547,-1,718.720,750.906,424.471,417.221,-1,976.565,-1,-1,-1,764.534,-1,-1,2,0,1,1,2,0,0,0,0,2,0,2,2,2,1,2,2
81,3966.083,-893.166,-7.919,110.761,-0.351609,-0.936101,-0.009266,0.927525,-0.347014,-0.138846,0.126759,-0.057414,0.990271,0,0.39041,0.88098,14.256,0.386,-1,823.504,943.164,786.674,-1,700.358,731.682,429.820,410.879,-1,-1,-1,-1,-1,731.111,-1,-1,2,0,1,1,2,0,0,0,0,2,2,2,2,2,1,2,2
82,3958.406,-877.765,-6.666,111.189,-0.358950,-0.933309,-0.009478,0.925949,-0.354806,-0.129349,0.117360,-0.055206,0.991554,0,0.39064,0.88017,17.209,0.428,-1,796.721,920.736,773.072,-1,676.993,707.680,433.964,406.188,-1,-1,-1,-1,-1,825.211,-1,-1,2,0,1,1,2,0,0,0,0,2,2,2,2,2,1,2,2
83,3953.243,-867.473,-6.007,111.458,-0.363559,-0.931512,-0.010493,0.924947,-0.359611,-0.123097,0.110893,-0.054458,0.992339,0,0.39080,0.87962,11.514,0.269,-1,777.719,905.690,763.874,-1,661.064,691.586,435.097,403.948,-1,-1,-1,-1,-1,812.135,-1,-1,2,0,1,1,2,0,0,0,0,2,2,2,2,2,1,2,2
84,3946.686,-854.504,-5.305,111.774,-0.368951,-0.929371,-0.012007,0.923665,-0.365185,-0.116111,0.103526,-0.053930,0.993164,0,0.39085,0.87944,14.532,0.316,-1,755.974,887.320,752.602,-1,642.859,672.569,435.602,401.640,-1,-1,-1,-1,-1,796.416,-1,-1,2,0,1,1,2,0,0,0,0,2,2,2,2,2,1,2,2
85,3940.069,-841.499,-4.608,112.068,-0.373956,-0.927338,-0.014188,0.922421,-0.370296,-0.109639,0.096418,-0.054087,0.993870,0,0.39084,0.87946,14.592,0.294,-1,734.982,869.184,763.516,-1,625.636,654.453,435.672,400.707,-1,-1,-1,-1,-1,781.131,-1,-1,2,0,1,1,2,0,0,0,0,2,2,2,2,2,1,2,2
86,3933.319,-828.466,-3.831,112.359,-0.378881,-0.925303,-0.016251,0.921094,-0.375340,-0.103471,0.089643,-0.054172,0.994500,0,0.39077,0.87973,14.678,0.291,-1,715.791,851.378,755.483,-1,609.691,637.684,436.369,402.724,-1,-1,-1,-1,-1,766.276,-1,-1,2,0,1,1,2,0,0,0,0,2,2,2,2,2,1,2,2
87,3926.505,-815.353,-3.016,112.642,-0.383633,-0.923322,-0.017395,0.919712,-0.380297,-0.097492,0.083401,-0.053399,0.995084,0,0.39068,0.88005,14.777,0.283,-1,699.255,833.916,742.938,-1,595.330,622.326,438.654,403.563,-1,-1,-1,-1,-1,751.677,-1,-1,2,0,1,1,2,0,0,0,0,2,2,2,2,2,1,2,2
88,3919.660,-802.221,-2.092,112.914,-0.388181,-0.921395,-0.018622,0.918319,-0.385027,-0.091894,0.077501,-0.052773,0.995595,0,0.39055,0.88050,14.810,0.272,-1,684.099,816.753,730.753,-1,582.140,608.275,441.021,404.951,-1,-1,-1,-1,-1,737.500,-1,850.926,2,0,1,1,2,0,0,0,0,2,2,2,2,2,1,2,1
89,3912.679,-789.158,-0.990,113.196,-0.392866,-0.919364,-0.020632,0.916794,-0.389820,-0.086774,0.071734,-0.053005,0.996014,0,0.39038,0.88109,14.811,0.282,-1,669.493,799.937,719.148,-1,569.730,595.314,442.433,407.502,-1,-1,-1,-1,-1,723.984,-1,668.741,2,0,1,1,2,0,0,0,0,2,2,2,2,2,1,2,1
90,3905.460,-776.142,0.196,113.496,-0.397801,-0.917194,-0.022555,0.915057,-0.394852,-0.082230,0.066515,-0.053351,0.996358,0,0.42709,0.82518,14.884,0.300,-1,656.691,783.625,708.206,-1,559.015,583.757,443.944,410.394,-1,-1,-1,-1,-1,711.194,-1,642.136,2,0,1,1,2,0,0,0,0,2,2,2,2,2,1,2,1
91,3898.149,-763.080,1.498,113.788,-0.402587,-0.915036,-0.025156,0.913305,-0.399672,-0.078330,0.061620,-0.054510,0.996610,0,0.42699,0.82550,14.969,0.292,-1,644.603,767.543,697.691,831.911,549.355,573.378,444.413,417.581,-1,-1,-1,-1,-1,698.907,-1,615.862,2,0,1,1,1,0,0,0,0,2,2,2,2,2,1,2,1
92,3890.780,-749.992,2.887,114.060,-0.407039,-0.912938,-0.029401,0.911673,-0.404069,-0.074700,0.056317,-0.057210,0.996773,0,0.42686,0.82594,15.020,0.272,-1,631.006,751.273,687.195,803.715,539.135,563.281,442.473,427.254,-1,-1,-1,-1,-1,686.706,-1,590.092,2,0,1,1,1,0,0,0,0,2,2,2,2,2,1,2,1
93,3883.347,-737.031,4.474,114.313,-0.411185,-0.910891,-0.034716,0.910142,-0.408135,-0.071184,0.050672,-0.060866,0.996859,0,0.42665,0.82661,14.941,0.253,-1,616.869,735.045,676.876,776.997,528.850,553.216,439.462,438.942,-1,-1,-1,-1,-1,674.729,-1,680.508,2,0,1,1,1,0,0,0,0,2,2,2,2,2,1,2,1
94,3875.823,-724.036,6.239,114.555,-0.415142,-0.908870,-0.040151,0.908614,-0.412005,-0.068354,0.045583,-0.064858,0.996853,0,0.42638,0.82745,15.016,0.243,-1,604.466,719.164,667.057,751.961,519.953,544.584,436.463,451.858,-1,-1,-1,-1,-1,663.302,-1,667.255,2,0,1,1,1,0,0,0,0,2,2,2,2,2,1,2,1
95,3868.141,-710.870,7.975,114.800,-0.419093,-0.906827,-0.045014,0.906986,-0.415860,-0.066612,0.041686,-0.068744,0.996763,0,0.42608,0.82844,15.243,0.245,-1,594.767,703.742,657.837,728.305,512.993,537.035,433.742,463.497,-1,-1,-1,-1,1000.931,652.529,-1,654.747,2,0,1,1,1,0,0,0,0,2,2,2,2,0,1,2,1
96,3860.301,-697.513,9.613,115.051,-0.423103,-0.904750,-0.049102,0.905238,-0.419748,-0.066001,0.039104,-0.072374,0.996611,0,0.42576,0.82947,15.488,0.251,-1,587.783,688.772,649.196,705.787,507.950,531.065,431.359,474.264,-1,-1,-1,-1,983.675,640.125,-1,642.916,2,0,1,1,1,0,0,0,0,2,2,2,2,0,1,2,1
97,3852.297,-684.006,11.139,115.304,-0.427115,-0.902718,-0.051710,0.903410,-0.423659,-0.066056,0.037722,-0.074929,0.996475,0,0.42543,0.83052,15.701,0.253,-1,583.648,674.165,640.922,-1,504.682,526.359,430.553,485.571,-1,-1,-1,-1,975.719,625.128,-1,631.374,2,0,1,1,2,0,0,0,0,2,2,2,2,0,1,2,1
98,3844.240,-670.399,12.668,115.567,-0.431280,-0.900642,-0.053299,0.901467,-0.427758,-0.066193,0.036818,-0.076595,0.996382,0,0.42509,0.83162,15.813,0.264,-1,581.044,659.704,632.759,-1,502.018,522.155,431.206,495.754,-1,-1,-1,-1,972.608,610.120,-1,619.789,2,0,1,1,2,0,0,0,0,2,2,2,2,0,1,2,1
99,3836.175,-656.846,14.286,115.829,-0.435430,-0.898520,-0.055334,0.899551,-0.431909,-0.065286,0.034762,-0.078203,0.996331,0,0.42476,0.83267,15.771,0.262,-1,576.459,644.777,624.025,-1,497.799,516.586,432.428,506.023,-1,-1,-1,-1,963.285,594.927,-1,607.480,2,0,1,1,2,0,0,0,0,2,2,2,2,0,1,2,1
100,3828.156,-643.867,16.244,116.192,-0.441135,-0.895754,-0.055002,0.896816,-0.437711,-0.064265,0.033491,-0.077676,0.996416,0,0.42442,0.83375,15.256,0.363,-1,575.997,-1,616.607,-1,495.921,512.468,438.633,514.092,-1,-1,-1,-1,965.795,580.465,-1,596.153,2,0,2,1,2,0,0,0,0,2,2,2,2,0,1,2,1
101,3820.419,-631.397,18.937,116.583,-0.447208,-0.892932,-0.051745,0.893708,-0.443775,-0.065950,0.035926,-0.075738,0.996480,0,0.42444,0.83369,14.676,0.391,-1,586.111,-1,612.119,651.978,501.357,514.282,449.410,519.604,-1,-1,-1,-1,999.588,567.887,-1,588.031,2,0,2,1,1,0,0,0,0,2,2,2,2,0,1,2,1
102,3813.283,-618.921,22.425,116.841,-0.451112,-0.891179,-0.047944,0.891447,-0.447377,-0.071942,0.042665,-0.075193,0.996256,0,0.42458,0.83323,14.372,0.258,-1,606.301,-1,610.116,481.108,514.840,523.523,460.452,530.931,-1,-1,-1,-1,-1,557.401,-1,583.418,2,0,2,1,1,0,0,0,0,2,2,2,2,2,1,2,1
103,3806.344,-606.318,26.445,117.002,-0.453381,-0.890316,-0.042239,0.889738,-0.449249,-0.080879,0.053032,-0.074251,0.995829,0,0.42431,0.83413,14.388,0.160,-1,635.819,-1,609.923,453.457,532.725,539.165,474.020,542.664,-1,-1,-1,-1,-1,548.298,-1,578.936,2,0,2,1,1,0,0,0,0,2,2,2,2,2,1,2,1
104,3799.170,-593.716,30.580,117.195,-0.456078,-0.889229,-0.035555,0.887623,-0.451648,-0.090216,0.064164,-0.072705,0.995287,0,0.42370,0.83607,14.501,0.193,-1,666.782,-1,610.450,425.154,552.811,556.815,489.024,554.069,-1,-1,-1,-1,-1,539.415,-1,569.177,2,0,2,1,1,0,0,0,0,2,2,2,2,2,1,2,1
105,3791.740,-581.246,34.410,117.434,-0.459503,-0.887614,-0.031604,0.885194,-0.454757,-0.098117,0.072718,-0.073060,0.994673,0,0.42319,0.83770,14.515,0.239,-1,692.565,-1,591.603,395.468,569.747,570.424,499.779,567.791,-1,-1,-1,-1,-1,529.838,-1,558.578,2,0,2,1,1,0,0,0,0,2,2,2,2,2,1,2,1
106,3784.099,-568.891,37.575,117.671,-0.462980,-0.885820,-0.031181,0.882929,-0.457802,-0.104180,0.078010,-0.075764,0.994070,0,0.42283,0.83887,14.527,0.237,-1,709.768,-1,507.606,365.463,580.750,578.704,504.041,582.761,-1,-1,-1,-1,-1,519.259,-1,546.979,2,0,2,1,1,0,0,0,0,2,2,2,2,2,1,2,1
107,3776.263,-556.548,39.889,117.915,-0.466620,-0.883850,-0.032787,0.880728,-0.460932,-0.108900,0.081139,-0.079691,0.993512,0,0.42247,0.84004,14.620,0.244,-1,718.315,-1,496.013,335.130,586.125,582.761,503.647,596.454,-1,-1,-1,-1,-1,507.773,-1,534.423,2,0,2,1,1,0,0,0,0,2,2,2,2,2,1,2,1
108,3768.364,-544.286,41.324,118.150,-0.470199,-0.881829,-0.035921,0.878763,-0.464017,-0.111642,0.081781,-0.084060,0.993099,0,0.42211,0.84117,14.586,0.235,-1,717.559,-1,483.639,521.839,584.867,581.627,499.988,610.775,-1,-1,-1,-1,-1,495.267,-1,520.801,2,0,2,1,1,0,0,0,0,2,2,2,2,2,1,2,1
109,3760.391,-532.141,41.852,118.386,-0.473886,-0.879695,-0.039617,0.876962,-0.467380,-0.111776,0.079813,-0.087711,0.992943,0,0.42173,0.84240,14.529,0.236,-1,708.192,-1,470.367,511.024,578.079,574.808,495.093,622.344,-1,-1,-1,-1,-1,481.601,-1,505.885,2,0,2,1,1,0,0,0,0,2,2,2,2,2,1,2,1
110,3752.167,-520.124,41.449,118.700,-0.478860,-0.876869,-0.042350,0.874660,-0.472407,-0.108633,0.075251,-0.089062,0.993179,0,0.62722,1.00000,14.562,0.314,-1,692.072,-1,456.034,497.147,566.374,562.282,491.615,628.980,-1,-1,-1,-1,-1,466.599,-1,489.191,2,0,2,1,1,0,0,0,0,2,2,2,2,2,1,2,1
111,3743.815,-508.027,40.170,119.051,-0.484447,-0.873674,-0.044769,0.872134,-0.478318,-0.102931,0.068514,-0.088909,0.993681,0,0.62703,1.00000,14.699,0.351,-1,670.240,-1,440.720,480.745,550.009,545.015,488.313,631.688,-1,-1,-1,-1,-1,450.419,-1,471.084,2,0,2,1,1,0,0,0,0,2,2,2,2,2,1,2,1
112,3735.318,-495.884,37.995,119.441,-0.490656,-0.870126,-0.046225,0.869313,-0.485189,-0.094272,0.059601,-0.086439,0.994473,0,0.62698,1.00000,14.821,0.390,-1,643.583,-1,424.439,461.678,529.402,523.201,486.926,628.506,-1,-1,-1,-1,-1,433.083,-1,451.563,2,0,2,1,1,0,0,0,0,2,2,2,2,2,1,2,1
113,3726.677,-483.625,34.881,119.866,-0.497377,-0.866292,-0.046418,0.866150,-0.492852,-0.082952,0.048983,-0.081463,0.995472,0,0.62709,1.00000,14.998,0.425,-1,613.414,-1,407.284,440.276,504.953,497.741,487.471,619.663,-1,-1,-1,-1,-1,414.744,-1,430.828,2,0,2,1,1,0,0,0,0,2,2,2,2,2,1,2,1
114,3717.886,-471.260,30.849,120.325,-0.504573,-0.862139,-0.046070,0.862594,-0.501141,-0.069212,0.036583,-0.074662,0.996538,0,0.62734,1.00000,15.171,0.459,-1,579.611,-1,458.618,417.048,477.458,469.031,488.710,606.604,-1,-1,-1,-1,-1,395.548,-1,409.218,2,0,2,1,1,0,0,0,0,2,2,2,2,2,1,2,1
115,3708.898,-458.864,25.953,120.834,-0.512434,-0.857505,-0.045786,0.858447,-0.510176,-0.052820,0.021934,-0.066372,0.997554,0,0.62771,1.00000,15.312,0.509,-1,541.704,-1,473.447,392.278,446.804,437.082,490.166,590.324,-1,-1,-1,-1,1006.195,375.562,-1,386.838,2,0,2,1,1,0,0,0,0,2,2,2,2,0,1,2,1
116,3699.716,-446.461,20.388,121.357,-0.520365,-0.852699,-0.046090,0.853931,-0.519297,-0.033658,0.004765,-0.056872,0.998370,0,0.62829,1.00000,15.431,0.523,-1,501.096,-1,460.837,366.342,413.395,402.397,491.905,572.241,-1,-1,-1,-1,869.466,354.918,-1,363.875,2,0,2,0,1,0,0,0,0,2,2,2,2,0,1,2,1
117,3689.955,-434.095,14.732,122.004,-0.529951,-0.847000,-0.041759,0.847951,-0.529925,-0.012595,-0.011462,-0.042084,0.999048,0,0.62892,1.00000,15.755,0.647,-1,467.553,-1,418.125,340.232,383.592,369.414,503.948,547.937,-1,-1,-1,-1,780.089,334.465,-1,340.702,2,0,2,0,1,0,0,0,0,2,2,2,2,0,1,2,1
118,3679.657,-421.581,9.521,122.740,-0.540654,-0.840583,-0.033369,0.840861,-0.541180,0.008751,-0.025415,-0.023327,0.999405,0,0.63011,1.00000,16.206,0.736,-1,441.669,-1,380.093,378.673,359.042,339.871,526.752,519.378,-1,-1,-1,-1,720.267,358.787,-1,380.703,2,0,2,0,1,0,0,0,0,2,2,2,2,0,1,2,1
119,3668.813,-409.056,5.280,123.535,-0.552065,-0.833467,-0.023574,0.832977,-0.552556,0.028825,-0.037051,-0.003723,0.999306,0,0.63166,1.00000,16.567,0.795,-1,422.101,-1,348.113,361.288,339.683,315.236,556.047,494.403,-1,-1,-1,-1,682.378,366.619,-1,388.039,2,0,2,0,1,0,0,0,0,2,2,2,2,0,1,2,1
120,3657.137,-397.130,3.155,124.421,-0.564761,-0.825126,-0.014589,0.824171,-0.564836,0.041261,-0.042286,0.011279,0.999042,0,0.63346,1.00000,16.690,0.886,-1,415.355,-1,329.274,344.252,330.800,301.833,584.840,480.302,-1,-1,-1,-1,675.101,443.295,-1,384.739,2,0,2,0,1,0,0,0,0,2,2,2,2,0,0,2,1
121,3644.844,-385.877,3.472,125.321,-0.577723,-0.816201,-0.007239,0.815301,-0.577464,0.042649,-0.038990,0.018737,0.999064,0,0.63574,1.00000,16.666,0.901,-1,424.072,-1,326.037,336.621,334.297,302.214,606.079,475.775,-1,-1,-1,-1,710.306,439.845,-1,370.708,2,0,2,0,1,0,0,0,0,2,2,2,2,0,0,2,1
122,3632.204,-375.396,5.818,126.183,-0.590115,-0.807313,-0.003205,0.806796,-0.589871,0.033663,-0.029067,0.017279,0.999428,0,0.63814,0.99631,16.420,0.861,-1,444.687,-1,336.436,337.490,348.049,314.883,611.967,487.050,-1,-1,-1,-1,789.688,460.927,-1,344.402,2,0,2,0,1,0,0,0,0,2,2,2,2,0,0,2,1
123,3619.062,-366.066,9.069,127.022,-0.602034,-0.798469,-0.001294,0.798289,-0.601931,0.020364,-0.017039,0.011227,0.999792,0,0.64044,0.99134,16.117,0.839,-1,469.718,-1,353.987,311.187,367.301,332.402,609.145,502.910,-1,-1,-1,-1,918.577,497.405,-1,315.352,2,0,2,0,1,0,0,0,0,2,2,2,2,0,0,2,1
124,3605.619,-357.669,12.281,127.950,-0.614965,-0.788552,-0.001678,0.788538,-0.614965,0.005170,-0.005109,0.001856,0.999985,0,0.64277,0.98632,15.851,0.928,-1,496.079,-1,376.781,281.692,386.140,352.047,597.977,523.785,-1,-1,-1,-1,-1,248.246,-1,287.031,2,0,2,0,1,0,0,0,0,2,2,2,2,2,1,2,1
125,3591.778,-350.123,14.749,129.075,-0.630337,-0.776319,-0.002287,0.776307,-0.630304,-0.008003,0.004771,-0.006820,0.999965,0,0.64561,0.98017,15.765,1.126,-1,519.684,-1,397.435,256.445,404.364,370.024,586.194,542.094,-1,-1,-1,-1,-1,586.214,-1,262.950,2,0,2,0,1,0,0,0,0,2,2,2,2,2,0,2,1
126,3577.676,-343.030,16.253,130.311,-0.646886,-0.762584,-0.002061,0.762490,-0.646759,-0.017662,0.012136,-0.012997,0.999842,0,0.27207,0.63143,15.785,1.235,-1,538.167,-1,414.309,209.949,419.106,384.902,577.308,555.366,-1,-1,-1,-1,-1,633.086,-1,243.643,2,0,2,0,1,0,0,0,0,2,2,2,2,2,0,2,1
127,3563.749,-336.118,16.852,131.491,-0.662415,-0.749134,-0.002115,0.748954,-0.662187,-0.024016,0.016591,-0.017493,0.999709,0,0.27391,0.62193,15.548,1.180,-1,551.448,-1,426.466,199.467,427.587,395.872,569.572,563.743,-1,-1,-1,-1,-1,671.367,-1,228.478,2,0,2,0,1,0,0,0,0,2,2,2,2,2,0,2,1
128,3549.795,-329.675,16.538,132.734,-0.678485,-0.734613,-0.001459,0.734390,-0.678227,-0.026069,0.018161,-0.018759,0.999659,0,0.27565,0.61295,15.370,1.243,-1,558.955,-1,431.959,188.316,431.365,399.667,565.893,563.018,-1,-1,-1,-1,-1,694.610,-1,217.918,2,0,2,0,1,0,0,0,0,2,2,2,2,2,0,2,1
129,3536.078,-322.955,15.618,133.828,-0.692367,-0.721543,-0.001888,0.721290,-0.692050,-0.028419,0.019199,-0.021038,0.999594,0,0.27754,0.60325,15.275,1.094,-1,562.492,-1,436.545,198.210,432.800,401.256,558.611,555.707,-1,-1,-1,-1,-1,717.429,-1,208.048,2,0,2,0,1,0,0,0,0,2,2,2,2,2,0,2,1
130,3519.659,-315.632,14.128,135.127,-0.708542,-0.705664,-0.002685,0.705407,-0.708170,-0.029937,0.019224,-0.023106,0.999548,0,0.27911,0.59514,17.978,1.299,-1,563.133,-1,440.321,187.874,432.081,402.170,550.137,544.467,-1,-1,-1,-1,-1,737.642,-1,198.496,2,0,2,0,1,0,0,0,0,2,2,2,2,2,0,2,1
131,3508.854,-311.004,13.102,135.952,-0.718625,-0.695386,-0.004072,0.695139,-0.718185,-0.031478,0.018964,-0.025452,0.999496,0,0.28101,0.58537,11.754,0.825,-1,561.817,-1,441.499,181.233,430.886,402.708,542.486,425.820,-1,-1,-1,-1,-1,752.342,-1,-1,2,0,2,0,1,0,0,0,1,2,2,2,2,2,0,2,2
132,3495.470,-305.648,11.980,136.970,-0.730872,-0.682483,-0.006577,0.682273,-0.730323,-0.033634,0.018151,-0.029070,0.999413,0,0.28220,0.57921,14.415,1.018,-1,558.900,-1,443.059,173.285,428.541,402.599,532.065,420.975,-1,-1,-1,-1,-1,769.657,-1,-1,2,0,2,0,1,0,0,0,1,2,2,2,2,2,0,2,2
133,3482.607,-300.192,11.466,137.783,-0.740489,-0.671992,-0.010116,0.671832,-0.739746,-0.037651,0.017818,-0.034676,0.999240,0,0.28369,0.57153,13.972,0.813,-1,556.615,-1,447.940,163.927,427.195,403.344,520.050,433.624,-1,-1,-1,-1,-1,789.791,-1,-1,2,0,2,0,1,0,0,0,1,2,2,2,2,2,0,2,2
134,3470.365,-295.165,11.752,138.501,-0.748853,-0.662598,-0.013515,0.662512,-0.747915,-0.041238,0.017216,-0.039835,0.999058,0,0.28478,0.56593,13.235,0.718,-1,558.173,-1,454.810,-1,427.081,405.151,511.416,437.573,-1,-1,-1,-1,-1,811.679,-1,-1,2,0,2,0,2,0,0,0,1,2,2,2,2,2,0,2,2
135,3458.901,-290.565,12.906,139.196,-0.756853,-0.653359,-0.017173,0.653381,-0.755700,-0.044838,0.016318,-0.045156,0.998847,0,0.28571,0.56114,12.352,0.696,-1,561.617,-1,463.242,-1,429.144,408.699,504.875,441.983,-1,-1,-1,-1,-1,834.992,-1,-1,2,0,2,0,2,0,0,0,1,2,2,2,2,2,0,2,2
136,3448.094,-286.492,14.720,139.847,-0.764235,-0.644599,-0.020885,0.644761,-0.762869,-0.048099,0.015072,-0.050225,0.998624,0,0.28663,0.55641,11.549,0.650,-1,566.209,-1,471.010,-1,432.194,414.214,500.602,442.895,-1,-1,-1,-1,-1,857.452,-1,-1,2,0,2,0,2,0,0,0,1,2,2,2,2,2,0,2,2
137,3437.710,-282.658,16.804,140.450,-0.770993,-0.636374,-0.024477,0.636697,-0.769420,-0.051083,0.013675,-0.054969,0.998394,0,0.28750,0.55194,11.069,0.603,-1,571.177,-1,479.979,-1,435.558,419.906,497.707,442.413,-1,-1,-1,-1,-1,881.200,-1,-1,2,0,2,0,2,0,0,0,1,2,2,2,2,2,0,2,2
138,3427.608,-278.692,18.811,140.969,-0.776750,-0.629191,-0.027896,0.629686,-0.774959,-0.054168,0.012464,-0.059641,0.998142,0,0.28829,0.54787,10.853,0.520,-1,575.811,-1,489.782,-1,438.841,424.784,494.962,442.094,-1,-1,-1,-1,-1,904.327,-1,-1,2,0,2,0,2,0,0,0,1,2,2,2,2,2,0,2,2
139,3417.601,-274.712,20.527,141.475,-0.782287,-0.622166,-0.030606,0.622816,-0.780322,-0.056557,0.011305,-0.063306,0.997930,0,0.28891,0.54467,10.769,0.506,-1,580.335,-1,498.231,-1,442.202,428.647,493.322,441.183,-1,-1,-1,-1,-1,921.282,-1,-1,2,0,2,0,2,0,0,0,1,2,2,2,2,2,0,2,2
140,3407.720,-270.939,21.784,141.995,-0.787923,-0.614901,-0.032778,0.615696,-0.785862,-0.057784,0.009772,-0.065711,0.997791,0,0.28950,0.54163,10.577,0.520,-1,583.500,-1,503.967,-1,444.144,430.793,492.639,439.504,-1,-1,-1,-1,-1,933.247,-1,-1,2,0,2,0,2,0,0,0,1,2,2,2,2,2,0,2,2
141,3398.042,-267.437,22.531,142.499,-0.793313,-0.607833,-0.034565,0.608756,-0.791169,-0.058891,0.008449,-0.067761,0.997666,0,0.29013,0.53839,10.292,0.503,-1,586.054,-1,508.055,-1,445.287,432.318,491.319,437.628,-1,-1,-1,-1,-1,945.203,-1,-1,2,0,2,0,2,0,0,0,1,2,2,2,2,2,0,2,2
142,3388.614,-264.357,22.781,143.006,-0.798676,-0.600680,-0.036064,0.601715,-0.796429,-0.060338,0.007521,-0.069891,0.997526,0,0.29074,0.53523,9.919,0.507,-1,588.197,-1,512.449,-1,446.156,434.134,488.647,435.816,-1,-1,-1,-1,-1,958.284,-1,-1,2,0,2,0,2,0,0,0,1,2,2,2,2,2,0,2,2
143,3379.315,-261.304,22.585,143.480,-0.803621,-0.594001,-0.036815,0.595091,-0.801207,-0.062719,0.007758,-0.072311,0.997352,0,0.29138,0.53190,9.787,0.474,-1,591.796,-1,518.431,-1,448.128,436.821,484.607,434.030,-1,-1,-1,-1,-1,974.992,-1,-1,2,0,2,0,2,0,0,0,1,2,2,2,2,2,0,2,2
144,3370.054,-257.975,22.054,143.938,-0.808347,-0.587587,-0.036296,0.588629,-0.805702,-0.066024,0.009551,-0.074735,0.997158,0,0.29197,0.52890,9.841,0.459,-1,598.922,-1,526.669,-1,452.010,441.318,480.018,431.901,-1,-1,-1,-1,-1,1000.773,-1,-1,2,0,2,0,2,0,0,0,1,2,2,2,2,2,0,2,2
145,3360.887,-254.850,21.337,144.434,-0.813392,-0.580705,-0.034277,0.581596,-0.810617,-0.068165,0.011798,-0.075381,0.997085,0,0.29250,0.52616,9.685,0.496,-1,608.941,-1,534.421,-1,456.786,446.161,477.778,428.917,-1,-1,-1,-1,-1,-1,-1,-1,2,0,2,0,2,0,0,0,1,2,2,2,2,2,2,2,2
146,3351.988,-252.012,20.552,144.950,-0.818580,-0.573527,-0.031524,0.574232,-0.815818,-0.068546,0.013595,-0.074213,0.997150,0,0.29312,0.52298,9.341,0.516,-1,619.362,-1,539.948,-1,461.360,449.951,478.172,425.243,-1,-1,-1,-1,-1,-1,-1,-1,2,0,2,0,2,0,0,0,1,2,2,2,2,2,2,2,2
147,3343.294,-248.805,19.800,145.421,-0.823241,-0.566980,-0.028404,0.567467,-0.820477,-0.069275,0.015973,-0.073149,0.997193,0,0.29379,0.51950,9.266,0.471,-1,631.107,-1,547.978,-1,467.920,454.681,478.618,421.510,-1,-1,-1,-1,-1,-1,-1,-1,2,0,2,0,2,0,0,0,1,2,2,2,2,2,2,2,2
148,3334.577,-245.428,19.095,145.877,-0.827689,-0.560662,-0.024296,0.560870,-0.824987,-0.069431,0.018883,-0.071094,0.997291,0,0.29435,0.51661,9.348,0.456,-1,646.308,-1,556.566,-1,475.938,460.682,480.871,417.345,-1,-1,-1,-1,-1,-1,-1,-1,2,0,2,0,2,0,0,0,1,2,2,2,2,2,2,2,2
149,3325.922,-242.299,18.475,146.357,-0.832309,-0.553963,-0.019648,0.553879,-0.829737,-0.068952,0.021894,-0.068272,0.997426,0,0.29487,0.51393,9.204,0.480,-1,664.262,-1,565.448,-1,485.031,467.758,484.556,413.101,-1,-1,-1,-1,-1,-1,-1,-1,2,0,2,0,2,0,0,0,1,2,2,2,2,2,2,2,2
150,3317.324,-239.710,17.993,146.915,-0.837610,-0.546068,-0.014834,0.545723,-0.835249,-0.067413,0.024422,-0.064561,0.997615,0,0.62219,0.61103,8.979,0.557,-1,683.167,-1,573.565,-1,494.498,474.564,489.887,408.861,-1,-1,-1,-1,-1,-1,-1,-1,2,0,2,0,2,0,0,0,1,2,2,2,2,2,2,2,2
151,3308.383,-237.296,17.644,147.608,-0.844086,-0.536129,-0.009154,0.535503,-0.841979,-0.065643,0.027486,-0.060311,0.997801,0,0.62380,0.60709,9.261,0.693,-1,706.609,-1,584.557,-1,506.580,483.632,496.432,404.429,-1,-1,-1,-1,-1,-1,-1,-1,2,0,2,0,2,0,0,0,1,2,2,2,2,2,2,2,2
152,3298.895,-234.914,17.394,148.401,-0.851311,-0.524657,-0.002138,0.523712,-0.849519,-0.063580,0.031542,-0.055246,0.997974,0,0.62597,0.60178,9.783,0.793,-1,737.435,-1,601.075,-1,522.689,497.152,504.756,399.750,-1,-1,-1,-1,-1,-1,-1,-1,2,0,2,0,2,0,0,0,1,2,2,2,2,2,2,2,2
153,3288.861,-232.411,17.246,149.188,-0.858269,-0.513163,0.006112,0.511868,-0.856839,-0.061792,0.036946,-0.049906,0.998070,0,0.62852,0.59554,10.341,0.787,-1,778.090,-1,622.609,-1,543.676,514.948,514.217,395.236,-1,-1,-1,-1,-1,-1,-1,-1,2,0,2,0,2,0,0,0,1,2,2,2,2,2,2,2,2
154,3278.464,-230.388,17.235,150.083,-0.865956,-0.499884,0.015409,0.498288,-0.865008,-0.058912,0.042778,-0.043337,0.998144,0,0.63100,0.58945,10.593,0.895,-1,828.096,-1,647.219,-1,568.723,535.939,526.366,390.720,-1,-1,-1,-1,-1,-1,-1,-1,2,0,2,0,2,0,0,0,1,2,2,2,2,2,2,2,2
155,3267.614,-228.662,17.340,151.077,-0.874206,-0.484883,0.025552,0.483052,-0.873831,-0.055506,0.049242,-0.036181,0.998131,0,0.63398,0.58218,10.986,0.994,-1,893.935,-1,677.264,-1,597.995,561.034,540.225,378.165,-1,-1,-1,-1,-1,-1,-1,-1,2,0,2,0,2,0,0,0,0,2,2,2,2,2,2,2,2
156,3256.290,-227.014,17.549,152.086,-0.882258,-0.469398,0.035878,0.467416,-0.882507,-0.051999,0.056071,-0.029106,0.998002,0,0.63737,0.57388,11.444,1.009,-1,987.421,-1,711.202,-1,630.351,589.956,554.116,365.379,-1,-1,695.668,-1,-1,-1,-1,-1,2,0,2,0,2,0,0,0,0,2,2,0,2,2,2,2,2
157,3244.660,-225.495,18.156,153.083,-0.889956,-0.453899,0.044207,0.451824,-0.890724,-0.049657,0.061915,-0.024219,0.997788,0,0.64081,0.56547,11.729,0.998,-1,-1,-1,748.161,-1,662.716,619.723,564.395,356.985,-1,-1,641.513,-1,-1,-1,-1,-1,2,2,2,0,2,0,0,0,0,2,2,0,2,2,2,2,2
158,3232.705,-224.129,19.052,154.072,-0.897415,-0.438389,0.049610,0.436298,-0.898536,-0.047724,0.065498,-0.021184,0.997628,0,0.64420,0.55717,12.033,0.989,-1,-1,-1,780.851,-1,689.195,644.900,571.840,351.411,-1,668.681,632.904,-1,-1,-1,-1,-1,2,2,2,0,2,0,0,0,0,2,0,0,2,2,2,2,2
159,3220.462,-222.913,20.048,155.044,-0.904652,-0.423035,0.051447,0.420998,-0.905893,-0.046023,0.066075,-0.019975,0.997615,0,0.64755,0.54897,12.303,0.972,-1,-1,-1,803.589,-1,705.632,661.750,575.817,348.077,-1,665.081,645.173,-1,-1,-1,-1,-1,2,2,2,0,2,0,0,0,0,2,0,0,2,2,2,2,2
160,3207.876,-221.977,20.910,156.038,-0.911928,-0.407220,0.050599,0.405297,-0.913115,-0.044209,0.064206,-0.019808,0.997740,0,0.65083,0.54093,12.621,0.994,-1,-1,-1,817.130,-1,713.204,670.488,577.145,345.850,-1,687.522,671.881,-1,-1,-1,-1,-1,2,2,2,0,2,0,0,0,0,2,0,0,2,2,2,2,2
161,3194.947,-221.226,21.525,157.046,-0.919102,-0.391103,0.047843,0.389260,-0.920098,-0.043552,0.061054,-0.021405,0.997905,0,0.65422,0.53264,12.951,1.009,-1,-1,-1,825.998,-1,714.846,674.476,574.388,347.773,-1,720.559,708.778,-1,-1,-1,-1,-1,2,2,2,0,2,0,0,0,0,2,0,0,2,2,2,2,2
162,3181.668,-220.727,21.787,158.069,-0.926159,-0.374643,0.043262,0.372889,-0.926853,-0.043560,0.056417,-0.024211,0.998114,0,0.65768,0.52419,13.288,1.023,-1,-1,-1,828.424,-1,709.731,672.522,568.388,350.467,-1,774.370,759.893,-1,-1,-1,-1,-1,2,2,2,0,2,0,0,0,0,2,0,0,2,2,2,2,2
163,3167.924,-220.541,21.567,159.118,-0.933083,-0.357620,0.038252,0.355975,-0.933471,-0.043750,0.051353,-0.027206,0.998310,0,0.66120,0.51557,13.746,1.049,-1,-1,-1,827.420,-1,701.980,667.872,560.913,352.649,-1,834.618,805.268,-1,-1,-1,-1,-1,2,2,2,0,2,0,0,0,0,2,0,0,2,2,2,2,2
164,3153.653,-220.425,20.918,160.146,-0.939509,-0.340876,0.033552,0.339251,-0.939566,-0.046087,0.047235,-0.031916,0.998374,0,0.78498,0.05601,14.271,1.028,-1,-1,-1,831.588,-1,694.700,665.344,549.743,356.802,-1,870.440,844.078,-1,-1,-1,-1,-1,2,2,2,0,2,0,0,0,0,2,0,0,2,2,2,2,2
165,3138.752,-220.212,19.835,161.135,-0.945371,-0.324683,0.029250,0.323036,-0.945071,-0.049884,0.043839,-0.037710,0.998327,0,0.78915,0.04736,14.902,0.989,-1,-1,-1,839.431,-1,688.197,663.665,536.224,362.230,-1,890.005,881.581,-1,-1,-1,-1,-1,2,2,2,0,2,0,0,0,0,2,0,0,2,2,2,2,2
166,3123.256,-219.989,18.409,162.122,-0.950948,-0.308353,0.024812,0.306737,-0.950281,-0.053653,0.040123,-0.043411,0.998251,0,0.79307,0.03925,15.498,0.988,-1,-1,-1,846.266,-1,679.862,659.955,522.496,367.177,-1,912.111,923.551,-1,-1,-1,-1,-1,2,2,2,0,2,0,0,0,0,2,0,0,2,2,2,2,2
167,3107.238,-219.814,16.864,163.089,-0.956156,-0.292205,0.019539,0.290705,-0.955087,-0.057447,0.035448,-0.049249,0.998157,0,0.79693,0.03125,16.020,0.966,-1,993.823,-1,847.777,-1,668.187,652.929,508.643,372.237,-1,961.766,966.839,-1,-1,-1,-1,-1,2,0,2,0,2,0,0,0,0,2,0,0,2,2,2,2,2
168,3090.737,-219.731,15.315,164.038,-0.961033,-0.276127,0.013005,0.274891,-0.959576,-0.060405,0.029159,-0.054476,0.998089,0,0.80065,0.02354,16.500,0.949,1006.736,936.368,-1,839.980,-1,651.944,641.144,496.013,378.172,-1,-1,-1,625.991,-1,-1,-1,-1,1,0,2,0,2,0,0,0,0,2,2,2,1,2,2,2,2
169,3073.778,-219.747,13.866,164.954,-0.965493,-0.260376,0.005276,0.259533,-0.963653,-0.063373,0.021585,-0.059817,0.997976,0,0.80424,0.01609,16.960,0.917,989.853,877.258,-1,825.976,-1,632.681,626.261,483.701,385.150,-1,-1,-1,652.368,-1,-1,-1,-1,1,0,2,0,2,0,0,0,0,2,2,2,1,2,2,2,2
170,3056.272,-219.924,12.553,165.889,-0.969726,-0.244187,-0.002009,0.243769,-0.967513,-0.067043,0.014427,-0.065503,0.997748,0,0.80766,0.00902,17.506,0.935,972.995,830.364,-1,817.540,-1,615.221,614.026,471.414,393.192,-1,-1,-1,680.113,-1,-1,992.157,-1,1,0,2,0,2,0,0,0,0,2,2,2,1,2,2,1,2
171,3038.100,-220.018,11.393,166.775,-0.973442,-0.228793,-0.008019,0.228769,-0.970815,-0.071993,0.008686,-0.071915,0.997373,0,0.81113,0.00181,18.172,0.885,955.994,795.798,-1,823.904,-1,602.366,606.972,458.518,402.409,-1,-1,-1,702.557,-1,-1,970.885,-1,1,0,2,0,2,0,0,0,0,2,2,2,1,2,2,1,2
172,3019.323,-220.152,10.389,167.645,-0.976833,-0.213621,-0.012762,0.213965,-0.973819,-0.076781,0.003975,-0.077732,0.996966,0,0.81429,-0.00472,18.778,0.870,939.004,771.579,-1,839.688,-1,593.537,603.044,447.395,413.421,-1,-1,-1,695.491,-1,-1,949.862,-1,1,0,2,0,2,0,0,0,0,2,2,2,1,2,2,1,2
173,2999.931,-219.781,9.538,168.370,-0.979470,-0.200950,-0.016072,0.201590,-0.976002,-0.082346,0.000861,-0.083896,0.996474,0,0.81730,-0.01097,19.395,0.725,921.524,758.062,-1,872.173,-1,589.604,603.749,437.323,425.003,-1,-1,-1,690.766,-1,-1,929.178,-1,1,0,2,0,2,0,0,0,0,2,2,2,1,2,2,1,2
174,2980.193,-219.172,8.804,169.026,-0.981714,-0.189489,-0.018218,0.190357,-0.977921,-0.086223,-0.001478,-0.088114,0.996109,0,0.81945,-0.01541,19.747,0.656,904.043,753.064,-1,948.335,-1,589.056,606.397,430.673,434.475,-1,-1,-1,685.248,-1,-1,908.871,-1,1,0,2,0,2,0,0,0,0,2,2,2,1,2,2,1,2
175,2959.912,-218.290,8.247,169.606,-0.983584,-0.179387,-0.019560,0.180414,-0.979752,-0.086817,-0.003590,-0.088921,0.996032,0,0.82115,-0.01894,20.300,0.580,886.334,756.023,-1,-1,-1,591.775,610.797,429.206,440.110,-1,-1,-1,678.212,-1,-1,888.670,-1,1,0,2,2,2,0,0,0,0,2,2,2,1,2,2,1,2
176,2939.119,-217.114,7.871,170.155,-0.985259,-0.169826,-0.020593,0.170972,-0.981600,-0.085032,-0.005773,-0.087300,0.996165,0,0.82234,-0.02141,20.826,0.549,868.416,763.602,-1,-1,-1,595.561,615.954,431.550,441.487,-1,-1,-1,638.849,-1,-1,868.417,-1,1,0,2,2,2,0,0,0,0,2,2,2,1,2,2,1,2
177,2917.666,-215.884,7.519,170.689,-0.986796,-0.160593,-0.021059,0.161797,-0.983356,-0.082662,-0.007434,-0.084978,0.996355,0,0.82324,-0.02328,21.489,0.533,850.005,777.591,-1,-1,-1,601.338,623.615,435.055,441.961,-1,-1,-1,584.779,-1,-1,847.833,-1,1,0,2,2,2,0,0,0,0,2,2,2,1,2,2,1,2
178,2895.586,-214.423,7.060,171.165,-0.988093,-0.152303,-0.021822,0.153586,-0.984803,-0.081084,-0.009141,-0.083471,0.996468,0,0.82395,-0.02474,22.127,0.476,830.694,790.109,-1,-1,-1,607.400,631.038,437.361,444.561,-1,-1,-1,538.559,-1,-1,826.688,-1,1,0,2,2,2,0,0,0,0,2,2,2,1,2,2,1,2
179,2873.021,-212.579,6.414,171.533,-0.989031,-0.145741,-0.024039,0.147223,-0.985832,-0.080382,-0.011984,-0.083040,0.996474,0,0.82422,-0.02530,22.640,0.369,810.185,794.211,-1,-1,-1,611.346,636.131,437.869,448.812,-1,-1,-1,499.170,-1,-1,804.836,-1,1,0,2,2,2,0,0,0,0,2,2,2,1,2,2,1,2
180,2849.964,-210.269,5.616,171.756,-0.989541,-0.141556,-0.027760,0.143366,-0.986380,-0.080629,-0.015968,-0.083766,0.996358,0,0.82378,-0.02439,23.173,0.223,788.295,790.586,-1,-1,-1,611.352,637.428,436.700,452.924,-1,-1,-1,466.697,-1,-1,782.209,-1,1,0,2,2,2,0,0,0,0,2,2,2,1,2,2,1,2
181,2826.338,-207.681,4.607,171.926,-0.989882,-0.138241,-0.031994,0.140415,-0.986812,-0.080535,-0.020438,-0.084212,0.996238,0,0.82242,-0.02157,23.768,0.170,765.595,784.653,-1,-1,-1,609.349,637.283,435.764,455.895,-1,-1,-1,435.323,-1,-1,758.993,-1,1,0,2,2,2,0,0,0,0,2,2,2,1,2,2,1,2
182,2802.130,-204.955,3.484,172.068,-0.990124,-0.135417,-0.036292,0.137947,-0.987210,-0.079917,-0.025005,-0.084134,0.996141,0,0.82060,-0.01780,24.362,0.142,742.254,779.343,-1,-1,-1,607.169,637.175,435.632,459.585,-1,-1,-1,417.270,-1,-1,735.266,-1,1,0,2,2,2,0,0,0,0,2,2,2,1,2,2,1,2
183,2777.277,-202.004,2.169,172.181,-0.990290,-0.133183,-0.039858,0.135995,-0.987554,-0.079014,-0.028838,-0.083667,0.996076,0,0.81846,-0.01337,25.027,0.112,718.293,778.256,-1,-1,-1,607.846,639.276,435.828,462.469,-1,-1,-1,500.820,-1,-1,711.070,-1,1,0,2,2,2,0,0,0,0,2,2,2,1,2,2,1,2
184,2751.895,-198.722,0.828,172.228,-0.990287,-0.132081,-0.043436,0.135168,-0.987736,-0.078148,-0.032582,-0.083261,0.995995,0,0.81596,-0.00818,25.594,0.047,693.579,778.121,-1,-1,-1,609.771,641.563,436.079,464.617,-1,-1,-1,584.275,-1,-1,686.369,-1,1,0,2,2,2,0,0,0,0,2,2,2,1,2,2,1,2
185,2726.076,-194.801,-0.488,172.131,-0.989930,-0.133390,-0.047392,0.136814,-0.987490,-0.078393,-0.036343,-0.084088,0.995795,0,0.81288,-0.00182,26.115,-0.096,667.823,777.288,-1,-1,-1,611.698,645.255,434.319,468.740,-1,-1,-1,662.022,-1,-1,661.107,-1,1,0,2,2,2,0,0,0,0,2,2,2,1,2,2,1,2
186,2700.009,-190.586,-1.585,172.004,-0.989500,-0.135337,-0.050727,0.138993,-0.987276,-0.077242,-0.039628,-0.083481,0.995721,0,0.80879,0.00667,26.406,-0.127,641.987,782.270,-1,-1,-1,616.569,652.612,435.670,471.938,-1,-1,-1,738.540,-1,-1,635.823,-1,1,0,2,2,2,0,0,0,0,2,2,2,1,2,2,1,2
187,2673.902,-186.514,-1.506,171.992,-0.989580,-0.136019,-0.047228,0.139211,-0.987599,-0.072581,-0.036770,-0.078400,0.996244,0,0.80429,0.01599,26.423,-0.012,617.809,828.976,-1,-1,-1,648.752,685.268,446.807,470.882,-1,-1,-1,820.514,-1,-1,611.887,-1,1,0,2,2,2,0,0,0,0,2,2,2,1,2,2,1,2
188,2647.601,-182.250,0.521,171.915,-0.989758,-0.138306,-0.035368,0.140595,-0.987333,-0.073536,-0.024749,-0.077755,0.996665,0,0.80022,0.02443,26.644,-0.077,594.225,939.047,-1,-1,-1,723.756,772.245,457.058,484.769,-1,-1,-1,893.574,-1,-1,588.941,-1,1,0,2,2,2,0,0,0,0,2,2,2,1,2,2,1,2
189,2622.339,-175.860,4.089,171.215,-0.988207,-0.151150,-0.024496,0.152712,-0.984571,-0.085437,-0.011204,-0.088170,0.996042,0,0.79558,0.03404,26.057,-0.700,569.076,-1,-1,-1,-1,817.836,903.090,454.541,520.320,-1,-1,-1,916.742,-1,-1,566.242,-1,1,2,2,2,2,0,0,0,0,2,2,2,1,2,2,1,2
190,2597.626,-168.484,7.831,170.264,-0.985596,-0.168187,-0.017701,0.169114,-0.980630,-0.098816,-0.000738,-0.100386,0.994948,0,0.78736,0.05107,25.790,-0.952,543.427,-1,-1,-1,-1,927.897,-1,450.695,559.339,-1,-1,-1,921.419,-1,-1,543.481,-1,1,2,2,2,2,0,2,0,0,2,2,2,1,2,2,1,2
191,2572.841,-160.983,10.967,169.415,-0.982968,-0.183209,-0.014421,0.183683,-0.976943,-0.108823,0.005849,-0.109619,0.993957,0,0.77757,0.07138,25.896,-0.848,518.124,-1,-1,-1,-1,-1,-1,448.954,592.792,-1,-1,-1,935.069,-1,-1,-1,-1,1,2,2,2,2,2,2,0,0,2,2,2,1,2,2,2,2
192,2548.013,-153.518,13.281,168.695,-0.980555,-0.195771,-0.013622,0.196030,-0.973879,-0.114597,0.009169,-0.115039,0.993319,0,0.62174,0.14415,25.926,-0.721,493.268,-1,-1,-1,-1,-1,-1,449.628,611.089,-1,-1,-1,958.179,-1,-1,-1,-1,1,2,2,2,2,2,2,0,0,2,2,2,1,2,2,2,2
193,2523.189,-146.028,14.654,168.084,-0.978401,-0.206194,-0.014646,0.206474,-0.971397,-0.117284,0.009956,-0.117775,0.992990,0,0.61435,0.16307,25.929,-0.611,468.742,-1,-1,-1,-1,-1,-1,452.155,622.090,-1,-1,-1,988.560,-1,-1,-1,-1,1,2,2,2,2,2,2,0,0,2,2,2,1,2,2,2,2
194,2498.425,-138.411,15.094,167.541,-0.976417,-0.215179,-0.017548,0.215733,-0.969333,-0.117696,0.008316,-0.118706,0.992895,0,0.60721,0.18135,25.909,-0.543,444.382,-1,-1,-1,-1,-1,-1,454.685,627.574,-1,-1,-1,-1,-1,-1,-1,-1,1,2,2,2,2,2,2,0,0,2,2,2,2,2,2,2,2
195,2473.712,-130.661,14.533,167.057,-0.974583,-0.222953,-0.021916,0.223978,-0.967630,-0.116306,0.004724,-0.118258,0.992972,0,0.60014,0.19945,25.900,-0.484,420.127,-1,-1,-1,-1,-1,-1,456.355,628.834,-1,-1,-1,-1,-1,-1,-1,-1,1,2,2,2,2,2,2,0,0,2,2,2,2,2,2,2,2
196,2448.939,-122.903,12.847,166.661,-0.973021,-0.229146,-0.026880,0.230717,-0.966423,-0.113119,-0.000057,-0.116269,0.993218,0,0.59309,0.21749,25.959,-0.396,395.964,-1,-1,-1,-1,-1,-1,457.587,624.709,-1,-1,-1,-1,-1,-1,-1,-1,1,2,2,2,2,2,2,0,0,2,2,2,2,2,2,2,2
197,2424.079,-115.087,10.011,166.342,-0.971707,-0.233988,-0.032189,0.236124,-0.965614,-0.108788,-0.005627,-0.113311,0.993544,0,0.58619,0.23516,26.061,-0.319,-1,-1,-1,-1,-1,-1,-1,457.883,615.969,-1,-1,-1,-1,-1,-1,-1,-1,2,2,2,2,2,2,2,0,0,2,2,2,2,2,2,2,2
198,2399.161,-107.173,6.065,166.066,-0.970504,-0.238055,-0.038103,0.240779,-0.965056,-0.103405,-0.012155,-0.109529,0.993909,0,0.57937,0.25262,26.144,-0.275,-1,-1,-1,-1,-1,-1,-1,457.173,602.986,-1,-1,-1,-1,-1,-1,-1,-1,2,2,2,2,2,2,2,0,0,2,2,2,2,2,2,2,2
199,2374.204,-99.299,1.060,165.860,-0.969501,-0.240931,-0.044950,0.244247,-0.964969,-0.095804,-0.020293,-0.103861,0.994385,0,0.57249,0.27022,26.170,-0.207,-1,-1,-1,-1,-1,-1,-1,456.654,584.493,-1,-1,-1,-1,-1,-1,-1,-1,2,2,2,2,2,2,2,0,0,2,2,2,2,2,2,2,2
200,2349.293,-91.452,-4.831,165.689,-0.968500,-0.243060,-0.054119,0.247070,-0.965067,-0.087186,-0.031037,-0.097811,0.994721,0,0.56568,0.28765,26.117,-0.171,-1,-1,-1,-1,-1,-1,-1,454.199,563.999,-1,-1,-1,-1,-1,-1,-1,-1,2,2,2,2,2,2,2,0,0,2,2,2,2,2,2,2,2
201,2324.471,-83.614,-11.426,165.520,-0.967239,-0.244923,-0.066794,0.249790,-0.965139,-0.078177,-0.045318,-0.092301,0.994699,0,0.55882,0.30521,26.030,-0.169,-1,-1,-1,-1,-1,-1,-1,448.886,543.409,-1,-1,-1,-1,-1,-1,-1,-1,2,2,2,2,2,2,2,0,0,2,2,2,2,2,2,2,2
202,2299.816,-75.859,-18.548,165.331,-0.965396,-0.246752,-0.084409,0.252708,-0.965075,-0.069063,-0.064419,-0.088004,0.994035,0,0.55179,0.32322,25.846,-0.189,-1,-1,-1,-1,-1,-1,-1,442.663,522.554,-1,-1,-1,-1,-1,-1,-1,-1,2,2,2,2,2,2,2,0,0,2,2,2,2,2,2,2,2
203,2275.204,-68.468,-26.283,165.198,-0.963059,-0.247408,-0.106334,0.254495,-0.965271,-0.059035,-0.088035,-0.083915,0.992576,0,0.54453,0.34181,25.698,-0.133,-1,-1,-1,-1,-1,835.093,971.745,433.694,499.747,-1,-1,-1,-1,-1,-1,-1,-1,2,2,2,2,2,0,0,0,0,2,2,2,2,2,2,2,2
204,2250.228,-61.537,-34.283,165.212,-0.960786,-0.246103,-0.127762,0.253642,-0.966190,-0.046292,-0.112049,-0.076883,0.990724,0,0.53737,0.36014,25.919,0.014,-1,979.246,-1,-1,-1,689.976,791.882,428.482,470.740,-1,-1,-1,-1,-1,-1,-1,-1,2,0,2,2,2,0,0,0,0,2,2,2,2,2,2,2,2
205,2224.487,-54.576,-41.340,165.281,-0.959023,-0.244548,-0.143078,0.251926,-0.967089,-0.035669,-0.129647,-0.070253,0.989068,0,0.53059,0.37748,26.666,0.070,-1,853.626,-1,-1,-1,624.439,705.348,425.888,446.897,-1,-1,-1,-1,-1,-1,-1,-1,2,0,2,2,2,0,0,0,0,2,2,2,2,2,2,2,2
206,2198.624,-48.144,-45.916,165.463,-0.957826,-0.242013,-0.154919,0.248377,-0.968394,-0.022842,-0.144494,-0.060357,0.987663,0,0.44769,0.75652,26.651,0.181,-1,795.630,-1,-1,-1,589.037,657.316,436.775,425.180,-1,-1,-1,-1,-1,-1,-1,-1,2,0,2,2,2,0,0,0,0,2,2,2,2,2,2,2,2
207,2172.609,-42.263,-47.760,165.734,-0.957565,-0.238536,-0.161770,0.243471,-0.969845,-0.011104,-0.154244,-0.050019,0.986766,0,0.44200,0.77354,26.671,0.272,-1,803.160,-1,-1,-1,583.999,645.716,461.728,411.700,-1,-1,-1,-1,-1,-1,-1,-1,2,0,2,2,2,0,0,0,0,2,2,2,2,2,2,2,2
208,2146.885,-37.015,-46.840,165.995,-0.958464,-0.234339,-0.162580,0.239056,-0.970956,-0.009805,-0.155560,-0.048263,0.986647,0,0.43649,0.79004,26.255,0.261,-1,867.734,-1,-1,-1,622.518,688.495,479.293,420.511,-1,-1,-1,-1,-1,-1,-1,-1,2,0,2,2,2,0,0,0,0,2,2,2,2,2,2,2,2
209,2120.806,-32.294,-44.383,166.294,-0.960776,-0.228506,-0.157143,0.234313,-0.971971,-0.019229,-0.148345,-0.055295,0.987389,0,0.43092,0.80672,26.502,0.299,-1,990.789,-1,-1,-1,715.265,790.637,484.134,449.457,-1,-1,-1,-1,-1,-1,-1,-1,2,0,2,2,2,0,0,0,0,2,2,2,2,2,2,2,2
210,2094.274,-28.844,-41.751,166.786,-0.964482,-0.219452,-0.147020,0.226467,-0.973473,-0.032597,-0.135967,-0.064734,0.988596,0,0.42530,0.82356,26.756,0.492,-1,-1,-1,-1,-1,857.856,941.725,484.437,485.468,-1,-1,-1,-1,-1,-1,-1,-1,2,2,2,2,2,0,0,0,0,2,2,2,2,2,2,2,2
