timestep,x_cm,y_cm,z_cm,yaw_deg,basis_xx,basis_xy,basis_xz,basis_yx,basis_yy,basis_yz,basis_zx,basis_zy,basis_zz,teleport_flag,throttle_cmd,steering_cmd,cmd_move_cm,cmd_turn_deg,lidar_cm_0,lidar_cm_1,lidar_cm_2,lidar_cm_3,lidar_cm_4,lidar_cm_5,lidar_cm_6,lidar_cm_7,lidar_cm_8,lidar_cm_9,lidar_cm_10,lidar_cm_11,lidar_cm_12,lidar_cm_13,lidar_cm_14,lidar_cm_15,lidar_cm_16,lidar_class_0,lidar_class_1,lidar_class_2,lidar_class_3,lidar_class_4,lidar_class_5,lidar_class_6,lidar_class_7,lidar_class_8,lidar_class_9,lidar_class_10,lidar_class_11,lidar_class_12,lidar_class_13,lidar_class_14,lidar_class_15,lidar_class_16
0,6230.843,2946.923,26.661,83.983,0.103740,-0.993526,-0.046303,0.994311,0.104728,-0.019424,0.024147,-0.044024,0.998739,1,-0.08000,-0.12000,-4.800,-0.240,-1,375.000,-1,400.000,-1,325.000,325.000,325.000,325.000,-1,-1,-1,-1,725.000,800.000,-1,-1,2,0,2,0,2,0,0,0,0,2,2,2,2,0,0,2,2
1,6229.757,2937.385,26.430,83.503,0.112050,-0.992612,-0.046536,0.993401,0.113047,-0.019361,0.024479,-0.044060,0.998729,0,-0.16000,-0.24000,-9.600,-0.480,-1,375.000,-1,400.000,-1,325.000,325.000,325.000,325.000,-1,-1,-1,-1,725.000,825.000,-1,-1,2,0,2,0,2,0,0,0,0,2,2,2,2,0,0,2,2
2,6228.381,2926.521,26.163,82.783,0.124501,-0.991114,-0.046824,0.991905,0.125511,-0.019281,0.024986,-0.044044,0.998717,0,-0.18252,-0.36000,-10.951,-0.720,-1,375.000,-1,400.000,-1,325.000,325.000,325.000,325.000,-1,-1,-1,-1,725.000,825.000,-1,-1,2,0,2,0,2,0,0,0,0,2,2,2,2,0,0,2,2
3,6226.844,2915.820,25.892,81.823,0.141073,-0.988876,-0.047136,0.989666,0.142100,-0.019187,0.025671,-0.043942,0.998704,0,-0.18018,-0.48000,-10.811,-0.960,-1,375.000,-1,400.000,-1,325.000,325.000,325.000,325.000,-1,-1,-1,-1,725.000,825.000,-1,-1,2,0,2,0,2,0,0,0,0,2,2,2,2,0,0,2,2
4,6225.111,2905.326,25.620,80.623,0.161732,-0.985692,-0.047475,0.986478,0.162779,-0.019074,0.026529,-0.043748,0.998690,0,-0.17727,-0.60000,-10.636,-1.200,-1,375.000,-1,400.000,-1,325.000,325.000,325.000,325.000,-1,-1,-1,-1,725.000,825.000,-1,-1,2,0,2,0,2,0,0,0,0,2,2,2,2,0,0,2,2
5,6223.154,2895.081,25.346,79.183,0.186430,-0.981303,-0.047838,0.982082,0.187501,-0.018936,0.027552,-0.043450,0.998676,0,-0.17384,-0.72000,-10.430,-1.440,-1,375.000,-1,400.000,-1,325.000,325.000,325.000,325.000,-1,-1,-1,-1,725.000,825.000,-1,-1,2,0,2,0,2,0,0,0,0,2,2,2,2,0,0,2,2
6,6220.948,2885.125,25.073,77.503,0.215096,-0.975401,-0.048224,0.976170,0.216193,-0.018765,0.028730,-0.043039,0.998660,0,-0.16997,-0.84000,-10.198,-1.680,-1,375.000,-1,400.000,-1,325.000,325.000,300.000,325.000,-1,-1,-1,-1,725.000,825.000,-1,-1,2,0,2,0,2,0,0,0,0,2,2,2,2,0,0,2,2
7,6218.472,2875.496,24.801,75.583,0.247632,-0.967633,-0.048630,0.968388,0.248758,-0.018552,0.030049,-0.042499,0.998645,0,-0.16572,-0.96000,-9.943,-1.920,-1,375.000,-1,400.000,-1,325.000,325.000,300.000,325.000,-1,-1,-1,-1,725.000,825.000,-1,-1,2,0,2,0,2,0,0,0,0,2,2,2,2,0,0,2,2
8,6215.740,2866.220,24.532,73.583,0.281230,-0.958387,-0.049039,0.959127,0.282383,-0.018303,0.031389,-0.041888,0.998629,0,-0.16118,-1.00000,-9.671,-2.000,-1,375.000,-1,400.000,-1,325.000,325.000,300.000,325.000,-1,-1,-1,-1,725.000,850.000,-1,-1,2,0,2,0,2,0,0,0,0,2,2,2,2,0,0,2,2
9,6212.767,2857.292,24.264,71.583,0.314487,-0.947973,-0.049442,0.948699,0.315667,-0.018022,0.032692,-0.041238,0.998614,0,-0.15683,-1.00000,-9.410,-2.000,-1,375.000,-1,400.000,-1,325.000,325.000,300.000,325.000,-1,-1,-1,-1,725.000,850.000,-1,-1,2,0,2,0,2,0,0,0,0,2,2,2,2,0,1,2,2
10,6209.568,2848.696,23.999,69.583,0.347363,-0.936406,-0.049835,0.937116,0.348568,-0.017710,0.033955,-0.040549,0.998600,0,-0.15288,-1.00000,-9.173,-2.000,-1,375.000,-1,400.000,-1,325.000,325.000,300.000,325.000,-1,-1,-1,-1,725.000,825.000,-1,-1,2,0,2,0,2,0,0,0,0,2,2,2,2,0,1,2,2
11,6206.152,2840.414,23.736,67.583,0.379818,-0.923698,-0.050214,0.924392,0.381047,-0.017367,0.035176,-0.039821,0.998587,0,-0.14932,-1.00000,-8.959,-2.000,-1,375.000,-1,400.000,-1,325.000,325.000,300.000,325.000,-1,-1,-1,-1,725.000,800.000,-1,-1,2,0,2,0,2,0,0,0,0,2,2,2,2,0,1,2,2
12,6202.528,2832.430,23.476,65.583,0.411812,-0.909864,-0.050578,0.910543,0.413064,-0.016994,0.036354,-0.039055,0.998576,0,-0.14615,-1.00000,-8.769,-2.000,-1,375.000,-1,400.000,-1,325.000,325.000,300.000,325.000,-1,-1,-1,-1,750.000,800.000,-1,-1,2,0,2,0,2,0,0,0,0,2,2,2,2,0,1,2,2
13,6198.702,2824.726,23.217,63.583,0.443308,-0.894922,-0.050921,0.895585,0.444580,-0.016591,0.037486,-0.038249,0.998565,0,-0.14336,-1.00000,-8.601,-2.000,-1,375.000,-1,400.000,-1,325.000,325.000,300.000,325.000,-1,-1,-1,-1,750.000,775.000,-1,-1,2,0,2,0,2,0,0,0,0,2,2,2,2,0,1,2,2
14,6194.678,2817.289,22.961,61.583,0.474266,-0.878889,-0.051243,0.879536,0.475557,-0.016160,0.038572,-0.037406,0.998555,0,-0.14093,-1.00000,-8.456,-2.000,-1,375.000,-1,400.000,-1,325.000,325.000,300.000,325.000,-1,-1,-1,-1,750.000,775.000,-1,-1,2,0,2,0,2,0,0,0,0,2,2,2,2,0,1,2,2
15,6190.460,2810.104,22.706,59.583,0.504648,-0.861785,-0.051539,0.862416,0.505957,-0.015702,0.039608,-0.036524,0.998548,0,-0.13887,-1.00000,-8.332,-2.000,-1,400.000,-1,425.000,-1,325.000,325.000,300.000,325.000,-1,-1,-1,-1,750.000,775.000,-1,-1,2,0,2,0,2,0,0,0,0,2,2,2,2,0,1,2,2
16,6186.049,2803.156,22.338,57.583,0.534416,-0.843643,-0.051632,0.844230,0.535750,-0.015722,0.040925,-0.035187,0.998542,0,-0.13717,-1.00000,-8.230,-2.000,-1,400.000,-1,425.000,-1,325.000,325.000,300.000,325.000,-1,-1,-1,-1,750.000,750.000,-1,-1,2,0,2,0,2,0,0,0,0,2,2,2,2,0,1,2,2
17,6184.123,2800.319,22.104,55.823,0.560082,-0.826836,-0.051477,0.827362,0.561439,-0.016085,0.042201,-0.033582,0.998545,0,-0.05717,-0.88000,-3.430,-1.760,-1,400.000,-1,425.000,-1,325.000,325.000,300.000,325.000,-1,-1,-1,-1,775.000,750.000,-1,-1,2,0,2,0,2,0,0,0,0,2,2,2,2,0,1,2,2
18,6184.923,2801.431,22.110,54.303,0.581834,-0.811693,-0.051230,0.812162,0.583203,-0.016370,0.043165,-0.032082,0.998553,0,0.02283,-0.76000,1.370,-1.520,-1,400.000,-1,425.000,-1,325.000,325.000,300.000,325.000,-1,-1,-1,-1,775.000,750.000,-1,-1,2,0,2,0,2,0,0,0,0,2,2,2,2,0,1,2,2
19,6188.634,2806.360,22.361,53.023,0.599845,-0.798497,-0.050880,0.798915,0.601215,-0.016571,0.043822,-0.030708,0.998567,0,0.10283,-0.64000,6.170,-1.280,-1,400.000,-1,425.000,-1,325.000,325.000,300.000,325.000,-1,-1,-1,-1,775.000,750.000,-1,-1,2,0,2,0,2,0,0,0,0,2,2,2,2,0,1,2,2
20,6195.391,2815.002,22.862,51.983,0.614272,-0.787482,-0.050419,0.787857,0.615632,-0.016682,0.044176,-0.029476,0.998589,0,0.18283,-0.52000,10.970,-1.040,-1,400.000,-1,425.000,-1,325.000,325.000,300.000,325.000,-1,-1,-1,-1,775.000,750.000,-1,-1,2,0,2,0,2,0,0,0,0,2,2,2,2,0,1,2,2
21,6205.277,2827.289,23.611,51.183,0.625246,-0.778834,-0.049847,0.779173,0.626587,-0.016696,0.044237,-0.028400,0.998617,0,0.26283,-0.40000,15.770,-0.800,-1,400.000,-1,425.000,-1,325.000,325.000,300.000,325.000,-1,-1,-1,-1,800.000,725.000,-1,-1,2,0,2,0,2,0,0,0,0,2,2,2,2,0,1,2,2
22,6218.327,2843.189,24.606,50.623,0.632874,-0.772693,-0.049165,0.773003,0.634185,-0.016610,0.044015,-0.027493,0.998653,0,0.34283,-0.28000,20.570,-0.560,-1,400.000,-1,425.000,-1,325.000,325.000,300.000,325.000,-1,-1,-1,-1,800.000,725.000,-1,-1,2,0,2,0,2,0,0,0,0,2,2,2,2,0,1,2,2
23,6234.532,2862.709,25.824,50.303,0.637231,-0.769153,-0.048390,0.769447,0.638502,-0.016335,0.043461,-0.026825,0.998695,0,0.42283,-0.16000,25.370,-0.320,-1,400.000,-1,425.000,-1,325.000,325.000,300.000,325.000,-1,-1,-1,-1,800.000,725.000,-1,-1,2,0,2,0,2,0,0,0,0,2,2,2,2,0,1,2,2
24,6253.834,2885.896,27.113,50.223,0.638362,-0.768268,-0.047512,0.768561,0.639582,-0.015793,0.042521,-0.026434,0.998746,0,0.50283,-0.04000,30.170,-0.080,-1,400.000,-1,425.000,-1,325.000,325.000,300.000,325.000,-1,-1,-1,-1,800.000,700.000,-1,-1,2,0,2,0,2,0,0,0,0,2,2,2,2,0,1,2,2
25,6276.133,2912.834,28.434,50.383,0.636274,-0.770069,-0.046357,0.770328,0.637449,-0.015959,0.041840,-0.025555,0.998797,0,0.58283,0.08000,34.970,0.160,-1,400.000,-1,425.000,-1,325.000,325.000,300.000,325.000,-1,-1,-1,-1,800.000,675.000,-1,975.000,2,0,2,0,2,0,0,0,0,2,2,2,2,0,1,2,1
26,6301.278,2943.646,29.918,50.783,0.630946,-0.774517,-0.045062,0.774742,0.632071,-0.016173,0.041009,-0.024707,0.998853,0,0.66283,0.20000,39.770,0.400,-1,400.000,-1,425.000,-1,325.000,325.000,300.000,325.000,-1,-1,-1,-1,800.000,675.000,-1,925.000,2,0,2,1,2,0,0,0,0,2,2,2,2,0,1,2,1
27,6329.071,2978.489,31.558,51.423,0.622322,-0.781544,-0.043635,0.781737,0.623392,-0.016407,0.040025,-0.023901,0.998913,0,0.74283,0.32000,44.570,0.640,-1,400.000,-1,400.000,-1,325.000,325.000,300.000,325.000,-1,-1,-1,-1,800.000,650.000,-1,875.000,2,0,2,1,2,0,0,0,0,2,2,2,2,0,1,2,1
28,6359.260,3017.553,33.342,52.303,0.610315,-0.791040,-0.042085,0.791204,0.611326,-0.016632,0.038884,-0.023147,0.998976,0,0.82283,0.44000,49.370,0.880,-1,400.000,-1,400.000,900.000,325.000,325.000,300.000,300.000,-1,-1,-1,-1,800.000,625.000,-1,800.000,2,0,2,1,1,0,0,0,0,2,2,2,2,0,1,2,1
29,6389.638,3058.171,35.159,53.208,0.597815,-0.800614,-0.040434,0.800750,0.598764,-0.016773,0.037640,-0.022351,0.999041,0,0.84535,0.45260,50.721,0.905,-1,400.000,-1,400.000,800.000,325.000,325.000,300.000,300.000,-1,-1,-1,-1,800.000,600.000,-1,750.000,2,0,2,1,1,0,0,0,0,2,2,2,2,0,1,2,1
30,6419.679,3099.638,36.993,54.077,0.585675,-0.809624,-0.038639,0.809734,0.586557,-0.016810,0.036274,-0.021442,0.999112,0,0.85342,0.43477,51.205,0.870,-1,400.000,-1,375.000,725.000,325.000,325.000,300.000,300.000,-1,-1,-1,-1,800.000,575.000,-1,675.000,2,0,2,1,1,0,0,0,0,2,2,2,2,0,1,2,1
31,6449.360,3141.882,38.803,54.908,0.573947,-0.818061,-0.036898,0.818148,0.574764,-0.016750,0.034911,-0.020574,0.999179,0,0.86047,0.41548,51.628,0.831,-1,400.000,-1,375.000,650.000,325.000,325.000,300.000,300.000,-1,-1,-1,-1,800.000,575.000,-1,625.000,2,0,2,1,1,0,0,0,0,2,2,2,2,0,1,2,1
32,6478.654,3184.822,40.588,55.698,0.562694,-0.825915,-0.035220,0.825984,0.563449,-0.016599,0.033554,-0.019751,0.999242,0,0.86635,0.39467,51.981,0.789,-1,400.000,-1,350.000,575.000,325.000,325.000,300.000,300.000,-1,-1,-1,-1,800.000,550.000,-1,575.000,2,0,2,1,1,0,1,0,0,2,2,2,2,0,1,2,1
33,6507.538,3228.366,42.466,56.442,0.551960,-0.833176,-0.034033,0.833234,0.552674,-0.016529,0.032580,-0.019234,0.999284,0,0.87088,0.37228,52.253,0.745,-1,400.000,-1,350.000,500.000,325.000,325.000,300.000,300.000,-1,-1,-1,-1,800.000,550.000,-1,525.000,2,0,2,1,1,0,1,0,1,2,2,2,2,0,1,2,1
34,6535.989,3272.409,44.959,57.139,0.541702,-0.839799,-0.036013,0.839901,0.542483,-0.016674,0.033540,-0.021215,0.999212,0,0.87389,0.34827,52.434,0.697,-1,400.000,-1,350.000,475.000,325.000,325.000,300.000,300.000,-1,-1,-1,-1,800.000,550.000,-1,525.000,2,0,2,1,1,0,1,0,1,2,2,2,2,0,1,2,1
35,6563.537,3316.626,47.542,58.075,0.527773,-0.848501,-0.038759,0.848670,0.528651,-0.016933,0.034858,-0.023957,0.999105,0,0.86827,0.46827,52.096,0.937,-1,400.000,-1,350.000,450.000,325.000,325.000,300.000,325.000,-1,-1,-1,-1,825.000,550.000,-1,550.000,2,0,2,1,1,0,1,0,1,2,2,2,2,0,1,2,1
36,6590.113,3361.301,50.208,59.252,0.510064,-0.859101,-0.042192,0.859361,0.511073,-0.017397,0.036509,-0.027385,0.998958,0,0.86637,0.58827,51.982,1.177,-1,425.000,-1,350.000,450.000,350.000,325.000,300.000,325.000,-1,-1,-1,-1,825.000,550.000,-1,550.000,2,0,2,1,1,0,1,0,1,2,2,2,2,0,1,2,1
37,6615.470,3406.290,52.910,60.592,0.489603,-0.870721,-0.046182,0.871094,0.490779,-0.018214,0.038524,-0.031311,0.998767,0,0.86070,0.67024,51.642,1.340,-1,425.000,-1,350.000,475.000,350.000,325.000,300.000,300.000,-1,-1,-1,-1,850.000,575.000,-1,600.000,2,0,2,1,1,0,1,0,1,2,2,2,2,0,1,2,1
38,6639.551,3451.316,55.394,61.859,0.469962,-0.881237,-0.050580,0.881742,0.471338,-0.019287,0.040837,-0.035534,0.998534,0,0.85103,0.63354,51.062,1.267,-1,425.000,-1,350.000,500.000,350.000,325.000,300.000,300.000,-1,-1,-1,-1,875.000,575.000,-1,650.000,2,0,2,1,1,0,1,0,1,2,2,2,2,0,1,2,1
39,6662.345,3496.150,57.397,63.050,0.451356,-0.890742,-0.053438,0.891345,0.452875,-0.020227,0.042218,-0.038502,0.998366,0,0.83825,0.59533,50.295,1.191,-1,450.000,-1,350.000,500.000,375.000,325.000,275.000,300.000,-1,-1,-1,-1,875.000,575.000,-1,700.000,2,0,2,1,1,1,1,0,1,2,2,2,2,0,1,2,1
40,6683.850,3540.563,59.283,64.162,0.433799,-0.899265,-0.056044,0.899960,0.435456,-0.021211,0.043479,-0.041236,0.998203,0,0.82242,0.55598,49.345,1.112,-1,450.000,-1,350.000,525.000,375.000,325.000,275.000,300.000,-1,-1,725.000,-1,875.000,600.000,-1,725.000,2,0,2,1,1,1,1,0,1,2,2,0,2,0,1,2,1
41,6704.081,3584.337,61.056,65.194,0.417356,-0.906863,-0.058417,0.907646,0.419148,-0.022216,0.044632,-0.043750,0.998045,0,0.80372,0.51588,48.223,1.032,-1,450.000,-1,375.000,550.000,375.000,325.000,275.000,275.000,-1,525.000,675.000,-1,900.000,600.000,-1,-1,2,0,2,1,1,1,1,0,1,2,0,0,2,0,1,2,2
42,6723.066,3627.273,62.718,66.145,0.402075,-0.913601,-0.060578,0.914466,0.403995,-0.023222,0.045689,-0.046060,0.997893,0,0.78244,0.47554,46.947,0.951,-1,450.000,-1,375.000,575.000,375.000,325.000,275.000,275.000,-1,475.000,625.000,-1,900.000,650.000,-1,-1,2,0,2,1,1,1,1,0,1,2,0,0,2,0,1,2,2
43,6740.848,3669.200,64.275,67.016,0.387978,-0.919544,-0.062548,0.920487,0.390023,-0.024213,0.046660,-0.048180,0.997748,0,0.75902,0.43547,45.541,0.871,-1,450.000,-1,375.000,575.000,375.000,325.000,275.000,250.000,-1,425.000,600.000,-1,900.000,750.000,-1,-1,2,0,2,1,1,1,1,0,1,2,0,0,2,0,1,2,2
44,6757.464,3709.984,65.727,67.832,0.374687,-0.924918,-0.064322,0.925932,0.376849,-0.025187,0.047535,-0.050121,0.997611,0,0.73398,0.40806,44.039,0.816,-1,450.000,-1,375.000,600.000,375.000,325.000,275.000,250.000,-1,400.000,550.000,-1,925.000,-1,-1,-1,2,0,2,1,1,1,1,0,1,2,0,0,2,0,2,2,2
45,6772.931,3749.530,67.071,68.638,0.361502,-0.930041,-0.065870,0.931120,0.363774,-0.026159,0.048291,-0.051876,0.997485,0,0.70772,0.40283,42.463,0.806,-1,450.000,-1,375.000,-1,375.000,325.000,275.000,225.000,-1,350.000,525.000,-1,925.000,-1,-1,-1,2,0,2,1,2,1,1,0,1,2,0,0,2,0,2,2,2
46,6787.272,3787.759,68.770,69.436,0.348402,-0.934854,-0.068295,0.936137,0.350726,-0.025268,0.047575,-0.055130,0.997345,0,0.68051,0.39895,40.831,0.798,-1,450.000,-1,375.000,-1,375.000,350.000,275.000,225.000,-1,400.000,575.000,-1,900.000,-1,-1,-1,2,0,2,1,2,1,1,0,1,2,0,0,2,0,2,2,2
47,6800.521,3824.625,70.516,70.228,0.335347,-0.939425,-0.070880,0.940956,0.337690,-0.023815,0.046308,-0.058709,0.997200,0,0.65291,0.39635,39.174,0.793,-1,450.000,-1,400.000,-1,375.000,350.000,275.000,225.000,-1,450.000,675.000,-1,900.000,-1,-1,-1,2,0,2,1,2,1,1,0,1,2,0,0,2,0,2,2,2
48,6812.724,3860.110,72.246,71.018,0.322305,-0.943785,-0.073413,0.945580,0.324638,-0.022110,0.044700,-0.062292,0.997056,0,0.62542,0.39492,37.525,0.790,-1,450.000,-1,400.000,-1,375.000,350.000,275.000,225.000,-1,525.000,775.000,-1,875.000,-1,-1,-1,2,0,2,1,2,1,1,0,1,2,0,0,2,0,2,2,2
49,6823.934,3894.226,73.982,71.807,0.309234,-0.947957,-0.075834,0.950013,0.311540,-0.020445,0.043006,-0.065721,0.996911,0,0.59851,0.39456,35.911,0.789,-1,450.000,-1,425.000,-1,375.000,350.000,275.000,225.000,-1,625.000,900.000,-1,850.000,-1,-1,-1,2,0,2,1,2,1,1,0,1,2,0,0,2,0,2,2,2
50,6834.205,3927.006,75.686,72.597,0.296108,-0.951946,-0.078223,0.954268,0.298368,-0.018707,0.041147,-0.069106,0.996760,0,0.57253,0.39514,34.352,0.790,-1,450.000,-1,450.000,-1,375.000,375.000,275.000,225.000,-1,750.000,-1,-1,850.000,-1,-1,-1,2,0,2,1,2,1,1,0,1,2,0,2,2,0,2,2,2
51,6843.596,3958.501,77.340,73.391,0.282902,-0.955754,-0.080620,0.958351,0.285093,-0.016860,0.039098,-0.072493,0.996602,0,0.54776,0.39656,32.866,0.793,-1,450.000,-1,450.000,-1,375.000,375.000,250.000,250.000,-1,900.000,-1,-1,825.000,-1,-1,-1,2,0,2,1,2,1,1,0,1,2,0,2,2,0,2,2,2
52,6853.775,3994.764,79.131,74.316,0.267449,-0.959976,-0.083167,0.962868,0.269556,-0.015018,0.036835,-0.076062,0.996422,0,0.62776,0.46247,37.666,0.925,-1,450.000,-1,475.000,-1,375.000,375.000,250.000,250.000,-1,-1,-1,-1,825.000,-1,-1,-1,2,0,2,1,2,1,1,0,1,2,2,2,2,0,2,2,2
53,6863.838,4032.906,80.275,75.218,0.252450,-0.964020,-0.083269,0.967012,0.254383,-0.013309,0.034013,-0.077163,0.996438,0,0.65746,0.45117,39.447,0.902,-1,425.000,-1,500.000,-1,375.000,375.000,250.000,250.000,-1,-1,-1,-1,800.000,-1,-1,-1,2,0,2,1,2,1,1,0,1,2,2,2,2,0,2,2,2
54,5575.424,4919.496,78.948,89.527,0.007357,-0.999844,-0.016086,0.998371,0.008255,-0.056461,0.056585,-0.015645,0.998275,1,0.00000,0.00000,38.126,0.879,-1,375.000,-1,400.000,-1,300.000,325.000,300.000,325.000,750.000,-1,950.000,-1,750.000,775.000,-1,-1,2,0,2,0,2,0,0,0,0,1,2,0,2,0,0,2,2
55,5575.444,4924.295,79.221,89.767,0.003164,-0.999866,-0.016039,0.998393,0.004067,-0.056530,0.056588,-0.015835,0.998272,0,0.08000,0.12000,4.800,0.240,-1,375.000,-1,400.000,-1,300.000,325.000,300.000,325.000,750.000,-1,925.000,-1,750.000,775.000,-1,-1,2,0,2,0,2,0,0,0,0,1,2,0,2,0,0,2,2
56,5575.403,4933.895,79.766,90.247,-0.005221,-0.999859,-0.015947,0.998384,-0.004310,-0.056670,0.056593,-0.016217,0.998266,0,0.16000,0.24000,9.600,0.480,-1,375.000,-1,400.000,-1,300.000,300.000,300.000,325.000,750.000,-1,900.000,-1,750.000,775.000,-1,-1,2,0,2,0,2,0,0,0,0,1,2,0,2,0,0,2,2
57,5575.159,4948.293,80.580,90.967,-0.017800,-0.999717,-0.015810,0.998238,-0.016874,-0.056883,0.056601,-0.016795,0.998256,0,0.24000,0.36000,14.400,0.720,-1,375.000,-1,400.000,-1,300.000,300.000,300.000,325.000,775.000,-1,875.000,-1,750.000,775.000,-1,-1,2,0,2,0,2,0,0,0,0,1,2,0,2,0,0,2,2
58,5574.566,4967.484,81.658,91.772,-0.031861,-0.999370,-0.015624,0.997886,-0.030920,-0.057167,0.056648,-0.017412,0.998242,0,0.32000,0.40259,19.200,0.805,-1,375.000,-1,400.000,-1,300.000,300.000,300.000,325.000,800.000,-1,850.000,-1,750.000,775.000,-1,-1,2,0,2,0,2,0,0,0,0,1,2,0,2,0,0,2,2
59,5573.486,4991.460,82.997,92.577,-0.045916,-0.998827,-0.015388,0.997331,-0.044961,-0.057520,0.056760,-0.017988,0.998226,0,0.40000,0.40260,24.000,0.805,-1,375.000,-1,400.000,-1,300.000,300.000,325.000,325.000,800.000,-1,825.000,-1,775.000,775.000,-1,-1,2,0,2,0,2,0,0,0,0,1,2,0,2,0,0,2,2
60,5571.787,5020.210,84.596,93.383,-0.059960,-0.998086,-0.015106,0.996575,-0.058992,-0.057942,0.056940,-0.018529,0.998206,0,0.48000,0.40260,28.800,0.805,-1,375.000,-1,400.000,-1,325.000,300.000,325.000,325.000,825.000,975.000,800.000,-1,775.000,775.000,-1,-1,2,0,2,0,2,0,0,0,0,1,0,0,2,0,0,2,2
61,5569.333,5053.720,86.453,94.188,-0.073991,-0.997149,-0.014785,0.995618,-0.073011,-0.058434,0.057188,-0.019044,0.998182,0,0.56000,0.40257,33.600,0.805,-1,400.000,-1,400.000,-1,325.000,300.000,325.000,325.000,850.000,925.000,775.000,-1,775.000,775.000,-1,-1,2,0,2,0,2,0,0,0,0,1,0,0,2,0,0,2,2
62,5565.991,5091.974,88.564,94.993,-0.088003,-0.996016,-0.014432,0.994459,-0.087011,-0.058996,0.057505,-0.019544,0.998154,0,0.64000,0.40248,38.400,0.805,-1,400.000,-1,400.000,-1,325.000,300.000,325.000,325.000,850.000,875.000,775.000,-1,775.000,775.000,-1,-1,2,0,2,0,2,0,0,0,0,1,0,0,2,0,0,2,2
63,5561.628,5134.954,90.931,95.797,-0.101993,-0.994686,-0.014054,0.993099,-0.100988,-0.059627,0.057891,-0.020038,0.998122,0,0.72000,0.40229,43.200,0.805,-1,400.000,-1,400.000,-1,325.000,300.000,325.000,325.000,850.000,850.000,750.000,-1,800.000,775.000,-1,-1,2,0,2,0,2,0,0,0,0,1,0,0,2,0,0,2,2
64,5556.110,5182.635,93.551,96.601,-0.115952,-0.993161,-0.013661,0.991540,-0.114933,-0.060326,0.058344,-0.020541,0.998085,0,0.80000,0.40196,48.000,0.804,-1,400.000,-1,400.000,-1,325.000,325.000,325.000,325.000,875.000,825.000,750.000,-1,800.000,775.000,-1,-1,2,0,2,0,2,0,0,0,0,1,0,0,2,0,0,2,2
65,5549.305,5234.995,96.519,97.404,-0.129887,-0.991435,-0.013647,0.989799,-0.128836,-0.060829,0.058550,-0.021409,0.998055,0,0.88000,0.40144,52.800,0.803,-1,400.000,-1,400.000,-1,325.000,325.000,325.000,325.000,875.000,825.000,775.000,-1,800.000,775.000,-1,-1,2,0,2,0,2,0,0,0,0,1,0,0,2,0,0,2,2
66,5541.541,5288.836,99.653,98.205,-0.143780,-0.989512,-0.013923,0.987886,-0.142685,-0.061014,0.058387,-0.022527,0.998040,0,0.90663,0.40066,54.398,0.801,-1,400.000,-1,400.000,-1,325.000,325.000,325.000,325.000,875.000,850.000,800.000,-1,825.000,775.000,-1,-1,2,0,2,0,2,0,0,0,0,1,0,0,2,0,0,2,2
67,5533.055,5342.389,102.727,99.005,-0.157613,-0.987395,-0.014443,0.985805,-0.156469,-0.060878,0.057851,-0.023834,0.998041,0,0.90369,0.39963,54.222,0.799,-1,400.000,-1,400.000,-1,325.000,325.000,300.000,325.000,900.000,900.000,875.000,-1,825.000,775.000,-1,-1,2,0,2,0,2,0,0,0,0,1,0,0,2,0,0,2,2
68,5523.853,5395.654,105.769,99.801,-0.171376,-0.985091,-0.015049,0.983539,-0.170178,-0.060742,0.057276,-0.025211,0.998040,0,0.90090,0.39837,54.054,0.797,-1,400.000,-1,375.000,-1,325.000,325.000,300.000,325.000,900.000,975.000,925.000,-1,850.000,800.000,-1,-1,2,0,2,0,2,0,0,0,0,1,0,0,2,0,0,2,2
69,5513.943,5448.630,108.787,100.595,-0.185056,-0.982602,-0.015717,0.981092,-0.183802,-0.060621,0.056677,-0.026638,0.998037,0,0.89825,0.39688,53.895,0.794,-1,400.000,-1,375.000,-1,325.000,325.000,300.000,325.000,900.000,-1,1000.000,-1,850.000,800.000,-1,-1,2,0,2,0,2,0,0,0,0,1,2,0,2,0,0,2,2
70,5503.332,5501.319,111.779,101.385,-0.198644,-0.979934,-0.016451,0.978467,-0.197331,-0.060516,0.056055,-0.028117,0.998032,0,0.89578,0.39519,53.747,0.790,-1,400.000,-1,375.000,-1,325.000,325.000,300.000,325.000,925.000,-1,-1,-1,875.000,800.000,-1,-1,2,0,2,0,2,0,0,0,0,1,2,2,2,0,0,2,2
71,5492.029,5553.723,114.745,102.172,-0.212130,-0.977089,-0.017251,0.975669,-0.210755,-0.060428,0.055408,-0.029650,0.998023,0,0.89349,0.39329,53.609,0.787,-1,400.000,-1,375.000,-1,325.000,325.000,300.000,325.000,925.000,-1,-1,-1,875.000,800.000,-1,-1,2,0,2,0,2,0,0,0,0,1,2,2,2,0,0,2,2
72,5480.841,5603.083,117.531,102.770,-0.222368,-0.974795,-0.018067,0.973420,-0.220936,-0.060339,0.054826,-0.031004,0.998014,0,0.84355,0.29910,50.613,0.598,-1,400.000,-1,400.000,-1,325.000,325.000,300.000,325.000,925.000,-1,-1,-1,900.000,800.000,-1,-1,2,0,2,0,2,0,0,0,0,1,2,2,2,0,0,2,2
73,5469.170,5652.206,120.296,103.364,-0.232508,-0.972410,-0.018939,0.971082,-0.231017,-0.060262,0.054224,-0.032402,0.998003,0,0.84151,0.29691,50.490,0.594,-1,400.000,-1,400.000,-1,325.000,325.000,300.000,325.000,925.000,-1,-1,-1,925.000,825.000,-1,-1,2,0,2,0,2,0,0,0,0,1,2,2,2,0,0,2,2
74,5457.021,5701.100,123.043,103.953,-0.242543,-0.969937,-0.019869,0.968659,-0.240990,-0.060197,0.053599,-0.033846,0.997989,0,0.83968,0.29453,50.381,0.589,-1,400.000,-1,400.000,-1,325.000,325.000,300.000,325.000,925.000,-1,-1,-1,950.000,825.000,-1,-1,2,0,2,0,2,0,0,0,0,1,2,2,2,0,0,2,2
75,5444.399,5749.774,125.770,104.537,-0.252467,-0.967381,-0.020858,0.966156,-0.250850,-0.060146,0.052952,-0.035337,0.997972,0,0.83806,0.29198,50.284,0.584,-1,425.000,-1,400.000,-1,325.000,325.000,300.000,325.000,925.000,-1,-1,-1,975.000,850.000,-1,-1,2,0,2,0,2,0,0,0,0,1,2,2,2,0,0,2,2
76,5431.308,5798.236,128.480,105.116,-0.262273,-0.964745,-0.021908,0.963577,-0.260590,-0.060110,0.052282,-0.036875,0.997951,0,0.83666,0.28925,50.200,0.578,-1,425.000,-1,400.000,-1,325.000,325.000,300.000,325.000,925.000,-1,-1,-1,1000.000,875.000,-1,-1,2,0,2,0,2,0,0,0,0,1,2,2,2,0,0,2,2
77,5417.753,5846.498,131.066,105.688,-0.271930,-0.962049,-0.022703,0.960946,-0.270208,-0.059761,0.051358,-0.038068,0.997954,0,0.83548,0.28635,50.129,0.573,-1,425.000,-1,425.000,-1,350.000,325.000,300.000,325.000,925.000,-1,-1,-1,-1,875.000,-1,-1,2,0,2,0,2,0,0,0,0,1,2,2,2,2,0,2,2
78,5403.737,5894.567,133.308,106.255,-0.281379,-0.959329,-0.022649,0.958318,-0.279708,-0.058224,0.049521,-0.038088,0.998047,0,0.83453,0.28329,50.072,0.567,-1,425.000,-1,425.000,-1,350.000,325.000,325.000,325.000,925.000,-1,-1,-1,-1,900.000,-1,-1,2,0,2,0,2,0,0,0,0,1,2,2,2,2,0,2,2
79,5389.265,5942.455,135.487,106.815,-0.290685,-0.956553,-0.022558,0.955637,-0.289074,-0.056523,0.047546,-0.037988,0.998146,0,0.83379,0.28008,50.027,0.560,-1,425.000,-1,425.000,-1,350.000,325.000,325.000,325.000,925.000,-1,-1,-1,-1,900.000,-1,-1,2,0,2,0,2,0,0,0,0,1,2,2,2,2,0,2,2
80,5374.340,5990.171,137.589,107.368,-0.299864,-0.953713,-0.022653,0.952888,-0.298299,-0.054973,0.045671,-0.038070,0.998231,0,0.83327,0.27671,49.996,0.553,-1,425.000,-1,425.000,-1,350.000,325.000,325.000,325.000,925.000,-1,-1,-1,-1,900.000,-1,-1,2,0,2,0,2,0,0,0,0,1,2,2,2,2,0,2,2
81,5358.967,6037.725,139.438,107.915,-0.308923,-0.950789,-0.023822,0.950105,-0.307369,-0.053151,0.043213,-0.039053,0.998302,0,0.83296,0.27320,49.978,0.546,-1,425.000,-1,425.000,-1,350.000,325.000,325.000,325.000,925.000,-1,-1,-1,-1,900.000,-1,-1,2,0,2,0,2,0,0,0,0,1,2,2,2,2,0,2,2
82,5343.148,6085.127,141.184,108.454,-0.317832,-0.947807,-0.025393,0.947282,-0.316285,-0.051184,0.040481,-0.040323,0.998366,0,0.83287,0.26956,49.972,0.539,-1,425.000,-1,400.000,-1,350.000,325.000,325.000,325.000,925.000,-1,-1,-1,-1,900.000,-1,-1,2,0,2,0,2,0,0,0,0,1,2,2,2,2,0,2,2
83,5326.887,6132.386,142.894,108.986,-0.326582,-0.944782,-0.027037,0.944417,-0.325047,-0.049202,0.037696,-0.041602,0.998423,0,0.83298,0.26577,49.979,0.532,-1,425.000,-1,400.000,-1,325.000,325.000,325.000,325.000,925.000,-1,-1,-1,-1,900.000,-1,-1,2,0,2,0,2,0,0,0,0,1,2,2,2,2,0,2,2
84,5310.190,6179.513,144.570,109.509,-0.335166,-0.941720,-0.028753,0.941514,-0.333651,-0.047204,0.034860,-0.042892,0.998471,0,0.83330,0.26186,49.998,0.524,-1,425.000,-1,400.000,-1,325.000,325.000,325.000,325.000,925.000,-1,-1,-1,-1,900.000,-1,-1,2,0,2,0,2,0,0,0,0,1,2,2,2,2,0,2,2
85,5293.058,6226.517,146.209,110.025,-0.343581,-0.938626,-0.030542,0.938579,-0.342093,-0.045191,0.031970,-0.044193,0.998511,0,0.83381,0.25781,50.029,0.516,-1,425.000,-1,400.000,-1,325.000,325.000,325.000,325.000,950.000,-1,-1,-1,-1,900.000,-1,-1,2,0,2,0,2,0,0,0,0,1,2,2,2,2,0,2,2
86,5275.495,6273.406,147.687,110.532,-0.351823,-0.935483,-0.033036,0.935629,-0.350361,-0.042957,0.028611,-0.046023,0.998531,0,0.83452,0.25365,50.071,0.507,-1,425.000,-1,400.000,-1,325.000,325.000,325.000,325.000,950.000,-1,-1,-1,-1,900.000,-1,-1,2,0,2,0,2,0,0,0,0,1,2,2,2,2,0,2,2
87,5257.505,6320.192,149.028,111.031,-0.359882,-0.932299,-0.036116,0.932667,-0.358453,-0.040558,0.024867,-0.048280,0.998524,0,0.83542,0.24936,50.125,0.499,-1,425.000,-1,400.000,-1,325.000,325.000,325.000,325.000,975.000,-1,-1,-1,-1,900.000,-1,-1,2,0,2,0,2,0,0,0,0,1,2,2,2,2,0,2,2
88,5239.092,6366.882,150.334,111.521,-0.367749,-0.929095,-0.039275,0.929686,-0.366370,-0.038164,0.021069,-0.050548,0.998499,0,0.83650,0.24496,50.190,0.490,-1,425.000,-1,400.000,-1,325.000,325.000,325.000,325.000,975.000,-1,-1,-1,-1,875.000,-1,-1,2,0,2,0,2,0,0,0,0,1,2,2,2,2,0,2,2
89,5220.477,6413.037,151.518,111.963,-0.374809,-0.926144,-0.042128,0.926937,-0.373497,-0.035898,0.017512,-0.052505,0.998467,0,0.82946,0.22126,49.767,0.443,-1,425.000,-1,400.000,-1,325.000,325.000,325.000,325.000,1000.000,-1,-1,-1,-1,875.000,-1,-1,2,0,2,0,2,0,0,0,0,1,2,2,2,2,0,2,2
90,5201.482,6459.127,152.439,112.397,-0.381700,-0.923238,-0.044013,0.924171,-0.380468,-0.033934,0.014583,-0.053628,0.998454,0,0.83085,0.21667,49.851,0.433,-1,425.000,-1,400.000,-1,325.000,325.000,325.000,325.000,1000.000,-1,-1,-1,1000.000,900.000,-1,-1,2,0,2,0,2,0,0,0,0,1,2,2,2,0,0,2,2
91,5182.110,6505.162,153.116,112.821,-0.388408,-0.920379,-0.045177,0.921412,-0.387282,-0.031828,0.011797,-0.053989,0.998472,0,0.83242,0.21198,49.945,0.424,-1,425.000,-1,400.000,-1,325.000,325.000,325.000,300.000,-1,-1,-1,-1,1000.000,900.000,-1,-1,2,0,2,0,2,0,0,0,0,2,2,2,2,0,0,2,2
92,5162.365,6551.152,153.549,113.235,-0.394904,-0.917575,-0.045909,0.918684,-0.393937,-0.028874,0.008409,-0.053579,0.998528,0,0.83416,0.20719,50.049,0.414,-1,425.000,-1,400.000,-1,325.000,325.000,325.000,300.000,-1,-1,-1,-1,1000.000,875.000,-1,-1,2,0,2,0,2,0,0,0,0,2,2,2,2,0,0,2,2
93,5142.251,6597.106,153.935,113.640,-0.401221,-0.914792,-0.046660,0.915968,-0.400415,-0.025892,0.005002,-0.053127,0.998575,0,0.83606,0.20228,50.163,0.405,-1,425.000,-1,400.000,-1,325.000,325.000,325.000,300.000,-1,-1,-1,-1,975.000,875.000,-1,-1,2,0,2,0,2,0,0,0,0,2,2,2,2,0,0,2,2
94,5121.769,6643.033,154.217,114.034,-0.407365,-0.912026,-0.047561,0.913264,-0.406711,-0.023139,0.001759,-0.052862,0.998600,0,0.83811,0.19728,50.287,0.395,-1,425.000,-1,400.000,-1,325.000,325.000,325.000,300.000,-1,-1,-1,-1,975.000,875.000,-1,-1,2,0,2,0,2,0,0,0,0,2,2,2,2,0,0,2,2
95,5100.925,6688.942,154.235,114.418,-0.413359,-0.909250,-0.048975,0.910568,-0.412808,-0.021347,-0.000807,-0.053419,0.998572,0,0.84033,0.19218,50.420,0.384,-1,425.000,-1,400.000,-1,325.000,325.000,325.000,300.000,-1,-1,-1,-1,975.000,875.000,-1,-1,2,0,2,0,2,0,0,0,0,2,2,2,2,0,0,2,2
96,5079.722,6734.843,154.052,114.792,-0.419137,-0.906481,-0.051159,0.907915,-0.418707,-0.019360,-0.003871,-0.054563,0.998503,0,0.84269,0.18697,50.562,0.374,-1,425.000,-1,400.000,-1,325.000,325.000,325.000,300.000,-1,-1,-1,-1,975.000,875.000,-1,-1,2,0,2,0,2,0,0,0,0,2,2,2,2,0,0,2,2
97,5058.164,6780.744,153.748,115.156,-0.424706,-0.903737,-0.053700,0.905303,-0.424415,-0.017291,-0.007165,-0.055958,0.998407,0,0.84521,0.18167,50.712,0.363,-1,425.000,-1,400.000,-1,325.000,325.000,325.000,300.000,-1,-1,-1,-1,950.000,875.000,-1,-1,2,0,2,0,2,0,0,0,0,2,2,2,2,0,0,2,2
98,5036.255,6826.657,153.394,115.508,-0.430077,-0.901040,-0.056227,0.902732,-0.429934,-0.015231,-0.010450,-0.057309,0.998302,0,0.84786,0.17627,50.872,0.353,-1,425.000,-1,400.000,-1,325.000,325.000,325.000,300.000,-1,-1,-1,-1,950.000,875.000,-1,-1,2,0,2,0,2,0,0,0,0,2,2,2,2,0,0,2,2
99,5014.000,6872.588,152.885,115.850,-0.435263,-0.898370,-0.058973,0.900204,-0.435254,-0.013675,-0.013383,-0.059040,0.998166,0,0.85066,0.17078,51.040,0.342,-1,425.000,-1,400.000,-1,325.000,325.000,325.000,300.000,-1,-1,-1,-1,925.000,875.000,-1,-1,2,0,2,0,2,0,0,0,0,2,2,2,2,0,0,2,2
100,4991.402,6918.549,152.195,116.180,-0.440266,-0.895725,-0.061982,0.897727,-0.440368,-0.012741,-0.015882,-0.061253,0.997996,0,0.85360,0.16520,51.216,0.330,-1,425.000,-1,400.000,-1,325.000,325.000,325.000,300.000,-1,-1,-1,-1,925.000,875.000,-1,-1,2,0,2,0,2,0,0,0,0,2,2,2,2,0,0,2,2
101,4968.466,6964.548,151.454,116.499,-0.445067,-0.893138,-0.064958,0.895309,-0.445289,-0.011818,-0.018370,-0.063417,0.997818,0,0.85667,0.15952,51.400,0.319,-1,425.000,-1,400.000,-1,325.000,325.000,325.000,300.000,-1,-1,-1,-1,925.000,875.000,-1,-1,2,0,2,0,2,0,0,0,0,2,2,2,2,0,0,2,2
102,4945.197,7010.595,150.663,116.807,-0.449663,-0.890614,-0.067899,0.892955,-0.450014,-0.010903,-0.020845,-0.065533,0.997633,0,0.85987,0.15375,51.592,0.308,-1,425.000,-1,400.000,-1,325.000,325.000,325.000,300.000,-1,-1,-1,-1,900.000,875.000,-1,-1,2,0,2,0,2,0,0,0,0,2,2,2,2,0,0,2,2
103,4921.599,7056.699,149.821,117.103,-0.454055,-0.888156,-0.070802,0.890669,-0.454543,-0.009993,-0.023307,-0.067599,0.997440,0,0.86321,0.14789,51.792,0.296,-1,425.000,-1,400.000,-1,325.000,325.000,300.000,325.000,-1,-1,-1,-1,900.000,900.000,-1,-1,2,0,2,0,2,0,0,0,0,2,2,2,2,0,0,2,2
104,4897.763,7102.684,148.674,117.398,-0.458499,-0.885735,-0.072477,0.888343,-0.459086,-0.009325,-0.025013,-0.068660,0.997327,0,0.86326,0.14780,51.796,0.296,-1,425.000,-1,425.000,-1,325.000,325.000,300.000,325.000,-1,-1,-1,-1,900.000,900.000,-1,-1,2,0,2,0,2,0,0,0,0,2,2,2,2,0,0,2,2
105,4873.166,7150.024,147.378,117.454,-0.459227,-0.885236,-0.073948,0.887922,-0.459917,-0.008417,-0.026558,-0.069525,0.997227,0,0.88915,0.02780,53.349,0.056,-1,425.000,-1,425.000,-1,325.000,325.000,300.000,325.000,-1,-1,-1,-1,900.000,925.000,-1,-1,2,0,2,0,2,0,0,0,0,2,2,2,2,0,0,2,2
106,4848.691,7197.506,145.804,117.269,-0.456218,-0.886714,-0.074861,0.889410,-0.457067,-0.006377,-0.028562,-0.069492,0.997174,0,0.89032,-0.09220,53.419,-0.184,-1,425.000,-1,425.000,-1,325.000,325.000,300.000,300.000,-1,-1,-1,-1,875.000,925.000,-1,-1,2,0,2,0,2,0,0,0,0,2,2,2,2,0,0,2,2
107,4824.269,7245.335,144.055,117.050,-0.452642,-0.888500,-0.075384,0.891154,-0.453685,-0.003644,-0.030963,-0.068828,0.997148,0,0.89505,-0.10981,53.703,-0.220,-1,425.000,-1,425.000,-1,325.000,325.000,325.000,300.000,-1,-1,-1,-1,875.000,925.000,-1,-1,2,0,2,0,2,0,0,0,0,2,2,2,2,0,0,2,2
108,4799.900,7293.498,142.294,116.838,-0.449182,-0.890217,-0.075829,0.892819,-0.450415,-0.000934,-0.033323,-0.068121,0.997120,0,0.89961,-0.10605,53.977,-0.212,-1,425.000,-1,425.000,-1,325.000,325.000,325.000,300.000,-1,-1,-1,-1,850.000,900.000,-1,-1,2,0,2,0,2,0,0,0,0,2,2,2,2,0,0,2,2
109,4775.585,7341.984,140.275,116.633,-0.445873,-0.891802,-0.076725,0.894417,-0.447233,0.000598,-0.034848,-0.068358,0.997052,0,0.90401,-0.10209,54.240,-0.204,-1,425.000,-1,425.000,-1,325.000,325.000,325.000,300.000,-1,-1,-1,-1,850.000,925.000,-1,-1,2,0,2,0,2,0,0,0,0,2,2,2,2,0,0,2,2
110,4751.322,7390.777,138.150,116.438,-0.442657,-0.893290,-0.078026,0.895943,-0.444164,0.002194,-0.036616,-0.068936,0.996949,0,0.90821,-0.09793,54.492,-0.196,-1,425.000,-1,400.000,-1,325.000,325.000,325.000,300.000,-1,-1,-1,-1,850.000,900.000,-1,-1,2,0,2,0,2,0,0,0,0,2,2,2,2,0,0,2,2
111,4727.113,7439.864,135.859,116.250,-0.439511,-0.894663,-0.080053,0.897396,-0.441208,0.003958,-0.038861,-0.070100,0.996783,0,0.91220,-0.09358,54.732,-0.187,-1,400.000,-1,400.000,-1,325.000,325.000,325.000,300.000,-1,-1,-1,-1,825.000,900.000,-1,-1,2,0,2,0,2,0,0,0,0,2,2,2,2,0,0,2,2
112,4702.957,7489.229,133.561,116.072,-0.436501,-0.895959,-0.081998,0.898766,-0.438391,0.005718,-0.041070,-0.071201,0.996616,0,0.91597,-0.08901,54.958,-0.178,975.000,400.000,-1,400.000,-1,325.000,325.000,300.000,300.000,-1,-1,-1,-1,825.000,900.000,-1,-1,1,0,2,0,2,0,0,0,0,2,2,2,2,0,0,2,2
113,4678.854,7538.855,131.255,115.904,-0.433636,-0.897177,-0.083861,0.900050,-0.435723,0.007469,-0.043242,-0.072240,0.996449,0,0.91949,-0.08423,55.169,-0.168,950.000,400.000,-1,400.000,-1,325.000,325.000,300.000,300.000,-1,-1,-1,-1,825.000,900.000,-1,-1,1,0,2,0,2,0,0,0,0,2,2,2,2,0,0,2,2
114,4654.804,7588.724,128.941,115.745,-0.430924,-0.898315,-0.085643,0.901247,-0.433208,0.009211,-0.045376,-0.073216,0.996283,0,0.92275,-0.07924,55.365,-0.158,925.000,400.000,-1,400.000,-1,325.000,325.000,300.000,325.000,-1,-1,-1,-1,800.000,900.000,-1,-1,1,0,2,0,2,0,0,0,0,2,2,2,2,0,0,2,2
115,4630.189,7640.683,126.551,115.347,-0.424433,-0.901228,-0.087432,0.904226,-0.426913,0.011012,-0.047250,-0.074384,0.996110,0,0.95823,-0.19924,57.494,-0.398,900.000,400.000,-1,425.000,-1,325.000,325.000,300.000,325.000,-1,-1,-1,-1,800.000,900.000,-1,-1,1,0,2,0,2,0,0,0,0,2,2,2,2,0,0,2,2
116,4606.091,7693.052,124.190,114.708,-0.414141,-0.905842,-0.089098,0.908906,-0.416803,0.012823,-0.048752,-0.075671,0.995940,0,0.96079,-0.31924,57.647,-0.638,875.000,400.000,-1,425.000,-1,325.000,325.000,300.000,325.000,-1,-1,-1,-1,800.000,900.000,-1,-1,1,0,2,0,2,0,0,0,0,2,2,2,2,0,0,2,2
117,4582.751,7745.891,121.826,113.830,-0.400017,-0.912043,-0.090352,0.915159,-0.402830,0.014598,-0.049710,-0.076847,0.995803,0,0.96271,-0.43924,57.763,-0.878,850.000,400.000,-1,425.000,-1,325.000,325.000,300.000,325.000,-1,-1,-1,-1,800.000,900.000,-1,-1,1,0,2,0,2,0,0,0,0,2,2,2,2,0,0,2,2
118,4560.239,7799.163,119.216,112.908,-0.385252,-0.918406,-0.090066,0.921475,-0.388108,0.016002,-0.049652,-0.076829,0.995807,0,0.96388,-0.46080,57.833,-0.922,850.000,400.000,-1,425.000,-1,325.000,325.000,300.000,325.000,-1,-1,-1,-1,800.000,900.000,-1,-1,1,0,2,0,2,0,0,0,0,2,2,2,2,0,0,2,2
119,4538.563,7852.815,116.234,112.001,-0.370651,-0.924558,-0.088379,0.927417,-0.373570,0.018542,-0.050159,-0.075092,0.995914,0,0.96439,-0.45355,57.864,-0.907,825.000,400.000,-1,425.000,-1,325.000,325.000,300.000,300.000,-1,-1,-1,-1,800.000,875.000,-1,-1,1,0,2,0,2,0,0,0,0,2,2,2,2,0,0,2,2
120,4517.728,7906.790,113.295,111.109,-0.356204,-0.930395,-0.086505,0.933028,-0.359181,0.021173,-0.050770,-0.073169,0.996026,0,0.96427,-0.44607,57.856,-0.892,825.000,400.000,-1,425.000,-1,325.000,325.000,300.000,300.000,-1,-1,-1,-1,800.000,875.000,-1,-1,1,0,2,0,2,0,0,0,0,2,2,2,2,0,0,2,2
121,4497.737,7961.035,110.316,110.232,-0.341938,-0.935883,-0.084854,0.938338,-0.344939,0.023205,-0.050987,-0.071687,0.996123,0,0.96351,-0.43838,57.811,-0.877,825.000,400.000,-1,425.000,-1,325.000,325.000,300.000,300.000,-1,-1,-1,-1,800.000,850.000,-1,-1,1,0,2,0,2,0,0,0,0,2,2,2,2,0,0,2,2
122,4478.589,8015.494,107.062,109.371,-0.327775,-0.940967,-0.084519,0.943361,-0.330838,0.024810,-0.051308,-0.071600,0.996113,0,0.96211,-0.43054,57.726,-0.861,800.000,400.000,-1,425.000,-1,325.000,325.000,300.000,300.000,-1,-1,-1,-1,800.000,850.000,-1,-1,1,0,2,0,2,0,0,0,0,2,2,2,2,0,0,2,2
123,4460.285,8070.114,103.737,108.526,-0.313730,-0.945712,-0.084871,0.948080,-0.316910,0.026683,-0.052131,-0.072094,0.996035,0,0.96008,-0.42261,57.605,-0.845,800.000,400.000,-1,425.000,-1,325.000,325.000,300.000,300.000,-1,-1,-1,-1,775.000,825.000,-1,-1,1,0,2,0,2,0,0,0,0,2,2,2,2,0,0,2,2
124,4442.822,8124.842,100.496,107.697,-0.299881,-0.950169,-0.085152,0.952505,-0.303179,0.028567,-0.052960,-0.072541,0.995958,0,0.95744,-0.41465,57.447,-0.829,775.000,400.000,-1,400.000,-1,325.000,325.000,300.000,300.000,-1,-1,-1,-1,775.000,825.000,-1,-1,1,0,2,0,2,0,0,0,0,2,2,2,2,0,0,2,2
125,4426.193,8179.630,97.337,106.883,-0.286236,-0.954349,-0.085367,0.956648,-0.289650,0.030456,-0.053792,-0.072948,0.995884,0,0.95424,-0.40673,57.254,-0.813,775.000,400.000,-1,400.000,-1,325.000,325.000,300.000,300.000,-1,-1,-1,-1,750.000,800.000,-1,-1,1,0,2,0,2,0,0,0,0,2,2,2,2,0,0,2,2
126,4410.398,8234.431,94.259,106.078,-0.272665,-0.958300,-0.085526,0.960558,-0.276194,0.032338,-0.054611,-0.073335,0.995811,0,0.95052,-0.40286,57.031,-0.806,775.000,400.000,-1,400.000,-1,325.000,325.000,300.000,300.000,-1,-1,-1,-1,750.000,800.000,-1,-1,1,0,2,0,2,0,0,0,0,2,2,2,2,0,0,2,2
127,4395.437,8289.205,91.269,105.277,-0.259126,-0.962042,-0.085606,0.964251,-0.262768,0.034246,-0.055441,-0.073671,0.995740,0,0.94633,-0.40036,56.780,-0.801,775.000,400.000,-1,400.000,-1,325.000,325.000,300.000,300.000,-1,-1,-1,-1,725.000,800.000,-1,-1,1,0,2,0,2,0,0,0,0,2,2,2,2,0,0,2,2
128,4381.308,8343.914,88.368,104.480,-0.245606,-0.965582,-0.085609,0.967735,-0.249361,0.036177,-0.056279,-0.073961,0.995672,0,0.94173,-0.39833,56.504,-0.797,775.000,400.000,-1,400.000,-1,325.000,325.000,300.000,300.000,-1,-1,-1,-1,725.000,775.000,-1,-1,1,0,2,0,2,0,0,0,0,2,2,2,2,0,0,2,2
129,4368.008,8398.527,85.555,103.687,-0.232094,-0.968925,-0.085537,0.971014,-0.235960,0.038126,-0.057125,-0.074209,0.995605,0,0.93681,-0.39677,56.208,-0.794,775.000,375.000,-1,400.000,-1,325.000,325.000,300.000,300.000,-1,-1,-1,-1,725.000,775.000,-1,-1,1,0,2,0,2,0,0,0,0,2,2,2,2,0,0,2,2
130,4355.533,8453.017,82.828,102.895,-0.218576,-0.972077,-0.085393,0.974096,-0.222552,0.040092,-0.057977,-0.074418,0.995540,0,0.93165,-0.39570,55.899,-0.791,800.000,375.000,-1,400.000,-1,325.000,325.000,300.000,300.000,-1,-1,-1,-1,700.000,750.000,-1,-1,1,0,2,0,2,0,0,0,0,2,2,2,2,0,0,2,2
131,4343.878,8507.362,79.894,102.105,-0.205186,-0.975118,-0.083922,0.977014,-0.209138,0.041288,-0.057812,-0.073521,0.995617,0,0.92634,-0.39510,55.580,-0.790,875.000,375.000,-1,400.000,-1,325.000,325.000,300.000,300.000,-1,-1,-1,-1,700.000,750.000,-1,-1,1,0,2,0,2,0,0,0,0,2,2,2,2,0,0,2,2
132,4333.037,8561.548,77.068,101.315,-0.191774,-0.977970,-0.082451,0.979756,-0.195686,0.042254,-0.057457,-0.072679,0.995699,0,0.92098,-0.39499,55.259,-0.790,-1,375.000,-1,400.000,-1,325.000,325.000,300.000,300.000,-1,-1,-1,-1,700.000,725.000,-1,-1,2,0,2,0,2,0,0,0,0,2,2,2,2,0,0,2,2
133,4322.494,8618.333,73.937,100.518,-0.178246,-0.980594,-0.081631,0.982401,-0.182053,0.041784,-0.055835,-0.072746,0.995786,0,0.96259,-0.39880,57.755,-0.798,-1,375.000,-1,400.000,-1,325.000,325.000,300.000,300.000,-1,-1,-1,-1,700.000,725.000,-1,-1,2,0,2,0,2,0,0,0,0,2,2,2,2,0,0,2,2
134,4312.767,8675.017,70.927,99.738,-0.165017,-0.982990,-0.080620,0.984814,-0.168690,0.041058,-0.053959,-0.072621,0.995899,0,0.95853,-0.38995,57.512,-0.780,-1,375.000,-1,400.000,-1,325.000,325.000,300.000,300.000,-1,-1,-1,-1,675.000,725.000,-1,-1,2,0,2,0,2,0,0,0,0,2,2,2,2,0,0,2,2
135,4303.849,8731.552,68.002,98.965,-0.151875,-0.985187,-0.079624,0.987025,-0.155418,0.040326,-0.052103,-0.072466,0.996009,0,0.95390,-0.38643,57.234,-0.773,-1,375.000,-1,400.000,-1,325.000,325.000,300.000,300.000,-1,-1,-1,-1,675.000,700.000,-1,-1,2,0,2,0,2,0,0,0,0,2,2,2,2,0,0,2,2
136,4295.734,8787.896,65.161,98.197,-0.138787,-0.987195,-0.078644,0.989046,-0.142201,0.039591,-0.050268,-0.072288,0.996116,0,0.94875,-0.38398,56.925,-0.768,-1,375.000,-1,400.000,-1,325.000,325.000,300.000,300.000,-1,-1,-1,-1,675.000,700.000,-1,-1,2,0,2,0,2,0,0,0,0,2,2,2,2,0,0,2,2
137,4288.414,8844.011,62.401,97.433,-0.125737,-0.989017,-0.077683,0.990880,-0.129026,0.038856,-0.048452,-0.072089,0.996221,0,0.94317,-0.38203,56.590,-0.764,-1,375.000,-1,400.000,-1,325.000,325.000,300.000,300.000,-1,-1,-1,-1,650.000,700.000,-1,-1,2,0,2,0,2,0,0,0,0,2,2,2,2,0,0,2,2
