timestep,x_cm,y_cm,z_cm,yaw_deg,basis_xx,basis_xy,basis_xz,basis_yx,basis_yy,basis_yz,basis_zx,basis_zy,basis_zz,teleport_flag,throttle_cmd,steering_cmd,cmd_move_cm,cmd_turn_deg,lidar_cm_0,lidar_cm_1,lidar_cm_2,lidar_cm_3,lidar_cm_4,lidar_cm_5,lidar_cm_6,lidar_cm_7,lidar_cm_8,lidar_cm_9,lidar_cm_10,lidar_cm_11,lidar_cm_12,lidar_cm_13,lidar_cm_14,lidar_cm_15,lidar_cm_16,lidar_class_0,lidar_class_1,lidar_class_2,lidar_class_3,lidar_class_4,lidar_class_5,lidar_class_6,lidar_class_7,lidar_class_8,lidar_class_9,lidar_class_10,lidar_class_11,lidar_class_12,lidar_class_13,lidar_class_14,lidar_class_15,lidar_class_16
0,-6891.967,-2952.783,-26.004,-167.001,-0.972357,0.224691,-0.063528,-0.227101,-0.973292,0.033590,-0.054284,0.047089,0.997415,1,0.08000,0.12000,4.800,0.240,-1,400.000,-1,400.000,500.000,325.000,325.000,300.000,300.000,-1,-1,-1,-1,825.000,650.000,-1,550.000,2,0,2,1,1,0,0,0,0,2,2,2,2,0,1,2,1
1,-6901.302,-2955.021,-26.515,-166.521,-0.970416,0.232831,-0.063892,-0.235265,-0.971352,0.033549,-0.054251,0.047588,0.997393,0,0.16000,0.24000,9.600,0.480,-1,400.000,-1,400.000,500.000,325.000,325.000,300.000,300.000,-1,-1,-1,-1,800.000,650.000,-1,550.000,2,0,2,1,1,0,0,0,0,2,2,2,2,0,1,2,1
2,-6915.262,-2958.553,-27.272,-165.801,-0.967377,0.245010,-0.064435,-0.247478,-0.968315,0.033478,-0.054191,0.048332,0.997360,0,0.24000,0.36000,14.400,0.720,-1,400.000,-1,400.000,475.000,325.000,325.000,300.000,300.000,-1,-1,-1,-1,800.000,675.000,-1,550.000,2,0,2,1,1,0,0,0,0,2,2,2,2,0,1,2,1
3,-6933.811,-2963.512,-28.271,-165.034,-0.963964,0.257929,-0.065155,-0.260439,-0.964913,0.033372,-0.054261,0.049138,0.997317,0,0.32000,0.38318,19.200,0.766,-1,400.000,-1,400.000,475.000,325.000,325.000,300.000,300.000,-1,-1,-1,-1,800.000,700.000,-1,550.000,2,0,2,1,1,0,0,0,0,2,2,2,2,0,1,2,1
4,-6956.914,-2970.012,-29.507,-164.287,-0.960457,0.270481,-0.066049,-0.273040,-0.961429,0.033225,-0.054514,0.049945,0.997263,0,0.40000,0.37364,24.000,0.747,-1,400.000,-1,400.000,450.000,325.000,325.000,300.000,300.000,-1,-1,-1,-1,800.000,750.000,-1,550.000,2,0,2,0,1,0,0,0,0,2,2,2,2,0,1,2,1
5,-6984.537,-2978.162,-30.974,-163.562,-0.956884,0.282610,-0.067115,-0.285224,-0.957891,0.033034,-0.054953,0.050753,0.997198,0,0.48000,0.36239,28.800,0.725,-1,400.000,-1,400.000,425.000,325.000,325.000,300.000,300.000,-1,-1,-1,-1,800.000,825.000,-1,575.000,2,0,2,0,1,0,0,0,0,2,2,2,2,0,1,2,1
6,-7016.645,-2988.063,-32.666,-162.864,-0.953279,0.294257,-0.068352,-0.296934,-0.954335,0.032798,-0.055579,0.051561,0.997122,0,0.56000,0.34934,33.600,0.699,-1,400.000,-1,400.000,400.000,325.000,325.000,300.000,300.000,-1,-1,-1,-1,800.000,825.000,-1,600.000,2,0,2,0,1,0,0,0,0,2,2,2,2,0,0,2,1
7,-7053.205,-2999.805,-34.577,-162.195,-0.949678,0.305361,-0.069757,-0.308109,-0.950795,0.032513,-0.056397,0.052370,0.997034,0,0.64000,0.33434,38.400,0.669,-1,400.000,-1,400.000,400.000,325.000,325.000,300.000,300.000,-1,-1,-1,-1,775.000,825.000,-1,725.000,2,0,2,0,1,0,0,0,0,2,2,2,2,0,0,2,1
8,-7094.187,-3013.470,-36.703,-161.560,-0.946121,0.315859,-0.071330,-0.318684,-0.947315,0.032179,-0.057408,0.053177,0.996934,0,0.72000,0.31728,43.200,0.635,-1,400.000,-1,400.000,375.000,325.000,325.000,300.000,300.000,-1,-1,-1,-1,775.000,825.000,-1,-1,2,0,2,0,1,0,0,0,0,2,2,2,2,0,0,2,2
9,-7139.562,-3029.126,-39.240,-160.964,-0.942681,0.325669,-0.072752,-0.328612,-0.943899,0.032687,-0.058026,0.054720,0.996814,0,0.80000,0.29800,48.000,0.596,-1,400.000,-1,400.000,350.000,325.000,325.000,300.000,300.000,-1,-1,-1,-1,775.000,800.000,-1,-1,2,0,2,0,1,0,0,0,0,2,2,2,2,0,0,2,2
10,-7187.832,-3046.304,-41.755,-160.412,-0.939488,0.334742,-0.072865,-0.337725,-0.940664,0.033069,-0.057471,0.055676,0.996793,0,0.85393,0.27638,51.236,0.553,-1,400.000,-1,400.000,375.000,325.000,325.000,300.000,300.000,-1,-1,-1,-1,775.000,825.000,-1,-1,2,0,2,0,1,0,0,0,0,2,2,2,2,0,0,2,2
11,-7235.683,-3063.811,-44.758,-159.906,-0.936335,0.342977,-0.075127,-0.346199,-0.937517,0.034760,-0.058511,0.058556,0.996568,0,0.84921,0.25292,50.953,0.506,-1,400.000,-1,400.000,375.000,325.000,325.000,300.000,300.000,-1,-1,-1,-1,775.000,800.000,-1,-1,2,0,2,0,1,0,0,0,0,2,2,2,2,0,0,2,2
12,-7283.047,-3081.571,-47.748,-159.448,-0.933390,0.350401,-0.077473,-0.353875,-0.934582,0.036452,-0.059632,0.061439,0.996328,0,0.84309,0.22906,50.585,0.458,-1,400.000,-1,400.000,400.000,325.000,325.000,300.000,300.000,-1,-1,-1,-1,775.000,800.000,-1,-1,2,0,2,0,1,0,0,0,0,2,2,2,2,0,0,2,2
13,-7329.865,-3099.508,-50.750,-159.038,-0.930842,0.357058,-0.077729,-0.360581,-0.931999,0.036872,-0.059278,0.062349,0.996292,0,0.83561,0.20495,50.136,0.410,-1,400.000,-1,400.000,475.000,325.000,325.000,300.000,300.000,-1,-1,-1,-1,775.000,800.000,-1,-1,2,0,2,0,1,0,0,0,1,2,2,2,2,0,0,2,2
14,-7376.080,-3117.549,-53.784,-158.676,-0.928540,0.362919,-0.078123,-0.366474,-0.929697,0.036886,-0.059244,0.062880,0.996261,0,0.82685,0.18074,49.611,0.361,-1,400.000,-1,400.000,575.000,325.000,325.000,300.000,250.000,-1,-1,-1,-1,775.000,800.000,-1,-1,2,0,2,0,1,0,0,0,1,2,2,2,2,0,0,2,2
15,-7421.641,-3135.622,-56.781,-158.363,-0.926508,0.367986,-0.078544,-0.371571,-0.927674,0.036826,-0.059312,0.063304,0.996230,0,0.81692,0.15660,49.015,0.313,-1,400.000,-1,400.000,750.000,325.000,325.000,300.000,225.000,-1,-1,-1,-1,775.000,775.000,-1,-1,2,0,2,0,1,0,0,0,1,2,2,2,2,0,0,2,2
16,-7466.508,-3153.661,-59.727,-158.098,-0.924759,0.372271,-0.078970,-0.375884,-0.925937,0.036764,-0.059435,0.063681,0.996199,0,0.80595,0.13272,48.357,0.265,-1,400.000,-1,400.000,975.000,325.000,325.000,300.000,200.000,-1,-1,-1,-1,775.000,775.000,-1,-1,2,0,2,0,1,0,0,0,1,2,2,2,2,0,0,2,2
17,-7510.640,-3171.617,-62.618,-157.861,-0.923177,0.376086,-0.079399,-0.379728,-0.924370,0.036700,-0.059592,0.064030,0.996167,0,0.79409,0.11840,47.645,0.237,-1,400.000,-1,400.000,-1,325.000,325.000,300.000,200.000,-1,-1,-1,-1,775.000,775.000,-1,-1,2,0,2,0,2,0,0,0,1,2,2,2,2,0,0,2,2
18,-7553.998,-3189.456,-65.454,-157.636,-0.921658,0.379702,-0.079831,-0.383373,-0.922867,0.036634,-0.059763,0.064369,0.996135,0,0.78140,0.11242,46.884,0.225,-1,400.000,-1,400.000,-1,325.000,325.000,300.000,175.000,-1,-1,-1,-1,775.000,775.000,-1,-1,2,0,2,0,2,0,0,0,1,2,2,2,2,0,0,2,2
19,-7596.543,-3207.148,-68.231,-157.421,-0.920192,0.383151,-0.080265,-0.386851,-0.921417,0.036566,-0.059947,0.064699,0.996103,0,0.76796,0.10740,46.077,0.215,-1,400.000,-1,400.000,-1,325.000,325.000,300.000,175.000,-1,-1,-1,-1,775.000,775.000,-1,-1,2,0,2,0,2,0,0,0,1,2,2,2,2,0,0,2,2
20,-7638.249,-3224.667,-70.949,-157.214,-0.918767,0.386463,-0.080701,-0.390191,-0.920010,0.036497,-0.060141,0.065021,0.996070,0,0.75394,0.10331,45.236,0.207,-1,400.000,-1,400.000,-1,325.000,325.000,300.000,175.000,-1,-1,-1,-1,775.000,775.000,-1,-1,2,0,2,0,2,0,0,0,1,2,2,2,2,0,0,2,2
21,-7679.097,-3241.995,-73.594,-157.014,-0.917376,0.389667,-0.081121,-0.393427,-0.918632,0.036487,-0.060302,0.065387,0.996036,0,0.73952,0.10013,44.371,0.200,-1,400.000,-1,400.000,-1,325.000,325.000,300.000,200.000,-1,-1,-1,-1,775.000,775.000,-1,-1,2,0,2,0,2,0,0,0,1,2,2,2,2,0,0,2,2
22,-7719.078,-3259.115,-76.169,-156.819,-0.916006,0.392792,-0.081526,-0.396585,-0.917271,0.036527,-0.060434,0.065791,0.996002,0,0.72487,0.09785,43.492,0.196,-1,400.000,-1,400.000,-1,325.000,325.000,300.000,200.000,-1,-1,-1,-1,775.000,775.000,-1,-1,2,0,2,0,2,0,0,0,1,2,2,2,2,0,0,2,2
23,-7758.191,-3276.020,-78.509,-156.626,-0.914620,0.395883,-0.082146,-0.399676,-0.915958,0.035788,-0.061074,0.065564,0.995978,0,0.71016,0.09641,42.610,0.193,-1,400.000,-1,400.000,-1,325.000,325.000,300.000,200.000,-1,-1,-1,-1,775.000,775.000,-1,-1,2,0,2,0,2,0,0,0,1,2,2,2,2,0,0,2,2
24,-7796.443,-3292.705,-80.964,-156.434,-0.913258,0.398932,-0.082545,-0.402760,-0.914604,0.035840,-0.061198,0.065977,0.995943,0,0.69555,0.09579,41.733,0.192,-1,400.000,-1,400.000,-1,325.000,325.000,300.000,225.000,-1,-1,-1,-1,775.000,775.000,-1,-1,2,0,2,0,2,0,0,0,1,2,2,2,2,0,0,2,2
25,-7833.850,-3309.172,-83.693,-156.242,-0.911928,0.401949,-0.082610,-0.405878,-0.913163,0.037373,-0.060414,0.067611,0.995881,0,0.68118,0.09593,40.871,0.192,-1,400.000,-1,400.000,-1,325.000,325.000,300.000,225.000,-1,-1,-1,-1,775.000,775.000,-1,-1,2,0,2,0,2,0,0,0,1,2,2,2,2,0,0,2,2
26,-7870.433,-3325.423,-86.079,-156.049,-0.910530,0.405015,-0.083052,-0.408993,-0.911762,0.037604,-0.060494,0.068207,0.995835,0,0.66717,0.09679,40.030,0.194,-1,400.000,-1,400.000,-1,325.000,325.000,300.000,250.000,-1,-1,-1,-1,775.000,775.000,-1,-1,2,0,2,0,2,0,0,0,1,2,2,2,2,0,0,2,2
27,-7906.218,-3341.467,-88.412,-155.852,-0.909099,0.408125,-0.083505,-0.412153,-0.910329,0.037841,-0.060573,0.068818,0.995789,0,0.65362,0.09833,39.217,0.197,-1,400.000,-1,400.000,-1,325.000,325.000,300.000,250.000,-1,-1,-1,-1,775.000,775.000,-1,-1,2,0,2,0,2,0,0,0,1,2,2,2,2,0,0,2,2
28,-7941.236,-3357.315,-90.694,-155.651,-0.907625,0.411298,-0.083969,-0.415377,-0.908852,0.038084,-0.060651,0.069444,0.995740,0,0.64062,0.10049,38.437,0.201,-1,400.000,-1,400.000,-1,325.000,325.000,300.000,250.000,-1,-1,-1,-1,775.000,775.000,-1,-1,2,0,2,0,2,0,0,0,1,2,2,2,2,0,0,2,2
29,-7975.521,-3372.980,-92.992,-155.445,-0.906124,0.414559,-0.084146,-0.418661,-0.907339,0.038182,-0.060520,0.069826,0.995722,0,0.62824,0.10324,37.694,0.206,-1,400.000,-1,400.000,-1,325.000,325.000,300.000,275.000,-1,-1,-1,425.000,775.000,800.000,-1,-1,2,0,2,0,2,0,0,0,1,2,2,2,1,0,0,2,2
30,-8009.110,-3388.478,-95.253,-155.232,-0.904566,0.417920,-0.084285,-0.422041,-0.905769,0.038264,-0.060351,0.070184,0.995707,0,0.61652,0.10653,36.991,0.213,-1,400.000,-1,400.000,-1,325.000,325.000,300.000,300.000,-1,-1,-1,350.000,800.000,800.000,-1,-1,2,0,2,0,2,0,0,0,1,2,2,2,1,0,0,2,2
31,-8047.021,-3406.062,-97.853,-155.116,-0.903703,0.419736,-0.084508,-0.423867,-0.904921,0.038129,-0.060469,0.070278,0.995693,0,0.69652,0.05756,41.791,0.115,-1,400.000,-1,400.000,-1,325.000,325.000,300.000,300.000,-1,-1,-1,350.000,800.000,800.000,-1,-1,2,0,2,0,2,0,0,0,1,2,2,2,1,0,0,2,2
32,-8089.244,-3425.759,-100.771,-154.991,-0.902759,0.421707,-0.084794,-0.425847,-0.904001,0.037904,-0.060669,0.070328,0.995677,0,0.77652,0.06246,46.591,0.125,-1,400.000,-1,400.000,-1,325.000,325.000,300.000,300.000,-1,-1,-1,350.000,800.000,800.000,-1,-1,2,0,2,0,2,0,0,0,0,2,2,2,1,0,0,2,2
33,-8132.857,-3446.231,-103.792,-154.854,-0.901715,0.423871,-0.085111,-0.428022,-0.902983,0.037669,-0.060887,0.070396,0.995659,0,0.80297,0.06868,48.178,0.137,-1,400.000,-1,400.000,-1,325.000,325.000,300.000,300.000,-1,-1,-1,350.000,800.000,800.000,-1,-1,2,0,2,0,2,0,0,0,0,2,2,2,1,0,0,2,2
34,-8175.835,-3466.545,-106.777,-154.702,-0.900557,0.426259,-0.085446,-0.430423,-0.901851,0.037433,-0.061103,0.070488,0.995639,0,0.79228,0.07591,47.537,0.152,-1,400.000,-1,400.000,-1,325.000,325.000,300.000,300.000,-1,-1,-1,350.000,800.000,800.000,-1,-1,2,0,2,0,2,0,0,0,0,2,2,2,1,0,0,2,2
35,-8218.240,-3486.740,-109.728,-154.535,-0.899272,0.428893,-0.085798,-0.433071,-0.900592,0.037197,-0.061315,0.070607,0.995618,0,0.78281,0.08382,46.969,0.168,-1,400.000,-1,400.000,-1,325.000,325.000,300.000,300.000,-1,-1,-1,375.000,800.000,800.000,-1,-1,2,0,2,0,2,0,0,0,0,2,2,2,1,0,0,2,2
36,-8260.134,-3506.857,-112.645,-154.350,-0.897847,0.431789,-0.086191,-0.435985,-0.899194,0.036972,-0.061538,0.070773,0.995592,0,0.77456,0.09236,46.474,0.185,-1,400.000,-1,400.000,-1,325.000,325.000,300.000,300.000,-1,-1,-1,375.000,800.000,800.000,-1,-1,2,0,2,0,2,0,0,0,0,2,2,2,1,0,0,2,2
37,-8301.575,-3526.938,-115.517,-154.147,-0.896266,0.434963,-0.086687,-0.439188,-0.897642,0.036786,-0.061813,0.071042,0.995556,0,0.76750,0.10148,46.050,0.203,-1,400.000,-1,400.000,-1,325.000,325.000,300.000,300.000,-1,-1,-1,400.000,800.000,800.000,-1,-1,2,0,2,0,2,0,0,0,0,2,2,2,1,0,0,2,2
38,-8342.619,-3547.024,-118.365,-153.925,-0.894523,0.438433,-0.087205,-0.442689,-0.895928,0.036599,-0.062083,0.071343,0.995518,0,0.76159,0.11115,45.695,0.222,-1,400.000,-1,400.000,-1,325.000,325.000,300.000,300.000,-1,-1,-1,400.000,800.000,800.000,-1,-1,2,0,2,0,2,0,0,0,0,2,2,2,1,0,0,2,2
39,-8383.320,-3567.156,-121.195,-153.682,-0.892608,0.442213,-0.087743,-0.446503,-0.894041,0.036422,-0.062340,0.071688,0.995477,0,0.75679,0.12134,45.408,0.243,-1,400.000,-1,400.000,-1,325.000,325.000,300.000,300.000,-1,-1,-1,425.000,800.000,800.000,-1,-1,2,0,2,0,2,0,0,0,0,2,2,2,1,0,0,2,2
40,-8423.728,-3587.375,-124.024,-153.418,-0.890510,0.446314,-0.088289,-0.450644,-0.891965,0.036318,-0.062542,0.072128,0.995433,0,0.75307,0.13204,45.184,0.264,-1,400.000,-1,400.000,-1,325.000,325.000,300.000,300.000,-1,-1,-1,425.000,775.000,800.000,-1,-1,2,0,2,0,2,0,0,0,0,2,2,2,1,0,0,2,2
41,-8463.890,-3607.723,-126.849,-153.131,-0.888213,0.450750,-0.088890,-0.455126,-0.889689,0.036244,-0.062747,0.072648,0.995382,0,0.75038,0.14321,45.023,0.286,-1,400.000,-1,400.000,-1,325.000,325.000,300.000,300.000,-1,-1,-1,450.000,775.000,775.000,-1,-1,2,0,2,0,2,0,0,0,0,2,2,2,1,0,0,2,2
42,-8503.851,-3628.241,-129.691,-152.822,-0.885698,0.455530,-0.089620,-0.459967,-0.887197,0.036231,-0.063006,0.073312,0.995317,0,0.74868,0.15484,44.921,0.310,-1,400.000,-1,400.000,-1,325.000,325.000,300.000,300.000,-1,-1,-1,475.000,775.000,775.000,-1,-1,2,0,2,0,2,0,0,0,0,2,2,2,1,0,0,2,2
43,-8543.652,-3648.972,-132.526,-152.488,-0.882960,0.460667,-0.090376,-0.465169,-0.884480,0.036231,-0.063245,0.074030,0.995248,0,0.74794,0.16691,44.876,0.334,-1,400.000,-1,400.000,-1,325.000,325.000,300.000,300.000,-1,-1,-1,500.000,775.000,775.000,-1,-1,2,0,2,0,2,0,0,0,0,2,2,2,1,0,0,2,2
44,-8585.644,-3671.176,-135.521,-152.132,-0.880002,0.466131,-0.091203,-0.470705,-0.881546,0.036243,-0.063506,0.074823,0.995173,0,0.79168,0.17817,47.501,0.356,-1,400.000,-1,400.000,-1,325.000,325.000,300.000,300.000,-1,-1,-1,525.000,775.000,775.000,-1,-1,2,0,2,0,2,0,0,0,0,2,2,2,1,0,0,2,2
45,-8627.339,-3693.577,-138.478,-151.754,-0.876866,0.471910,-0.091691,-0.476523,-0.878420,0.036108,-0.063503,0.075355,0.995133,0,0.78886,0.18875,47.332,0.378,-1,400.000,-1,400.000,-1,325.000,325.000,300.000,300.000,-1,-1,-1,550.000,775.000,775.000,-1,-1,2,0,2,0,2,0,0,0,0,2,2,2,1,0,0,2,2
46,-8668.772,-3716.210,-141.452,-151.354,-0.873522,0.478012,-0.092001,-0.482646,-0.875079,0.035905,-0.063345,0.075767,0.995111,0,0.78687,0.19985,47.212,0.400,-1,400.000,-1,400.000,-1,325.000,325.000,300.000,300.000,-1,-1,-1,575.000,775.000,775.000,-1,-1,2,0,2,0,2,0,0,0,0,2,2,2,1,0,0,2,2
47,-8709.976,-3739.114,-144.419,-150.932,-0.869939,0.484442,-0.092313,-0.489098,-0.871499,0.035686,-0.063163,0.076194,0.995090,0,0.78570,0.21147,47.142,0.423,-1,400.000,-1,400.000,-1,325.000,325.000,300.000,300.000,-1,-1,-1,600.000,775.000,775.000,-1,-1,2,0,2,0,2,0,0,0,0,2,2,2,1,0,0,2,2
48,-8750.981,-3762.329,-147.390,-150.484,-0.866099,0.491214,-0.092637,-0.495888,-0.867665,0.035390,-0.062994,0.076589,0.995071,0,0.78535,0.22357,47.121,0.447,-1,400.000,-1,400.000,-1,325.000,325.000,300.000,300.000,-1,-1,-1,625.000,775.000,775.000,-1,-1,2,0,2,0,2,0,0,0,0,2,2,2,1,0,0,2,2
49,-8791.817,-3785.895,-150.351,-150.012,-0.861987,0.498333,-0.092959,-0.503027,-0.863557,0.035106,-0.062781,0.077022,0.995051,0,0.78579,0.23617,47.148,0.472,-1,400.000,-1,400.000,-1,325.000,325.000,300.000,300.000,-1,-1,-1,650.000,775.000,775.000,-1,-1,2,0,2,0,2,0,0,0,0,2,2,2,1,0,0,2,2
50,-8828.409,-3807.209,-153.015,-149.780,-0.859929,0.501823,-0.093251,-0.506531,-0.861517,0.034865,-0.062841,0.077215,0.995032,0,0.70579,0.11617,42.348,0.232,-1,400.000,-1,400.000,-1,325.000,325.000,300.000,300.000,-1,-1,-1,650.000,775.000,775.000,-1,-1,2,0,2,0,2,0,0,0,0,2,2,2,1,0,0,2,2
51,-8860.856,-3826.104,-155.390,-149.787,-0.859967,0.501710,-0.093511,-0.506425,-0.861587,0.034664,-0.063177,0.077166,0.995015,0,0.62579,-0.00383,37.548,-0.008,-1,400.000,-1,400.000,-1,325.000,325.000,300.000,300.000,-1,-1,-1,675.000,750.000,775.000,-1,-1,2,0,2,0,2,0,0,0,0,2,2,2,1,0,0,2,2
52,-8889.227,-3842.460,-157.484,-150.035,-0.862100,0.497993,-0.093741,-0.502708,-0.863768,0.034500,-0.063790,0.076867,0.994999,0,0.54579,-0.12383,32.748,-0.248,-1,400.000,-1,400.000,-1,325.000,325.000,300.000,300.000,-1,-1,-1,700.000,750.000,775.000,-1,-1,2,0,2,0,2,0,0,0,0,2,2,2,1,0,0,2,2
53,-8913.557,-3856.212,-159.298,-150.523,-0.866282,0.490644,-0.093939,-0.495351,-0.868012,0.034371,-0.064676,0.076308,0.994984,0,0.46579,-0.24383,27.948,-0.488,-1,400.000,-1,400.000,-1,325.000,325.000,300.000,300.000,-1,-1,-1,725.000,750.000,775.000,-1,-1,2,0,2,0,2,0,0,0,0,2,2,2,1,0,0,2,2
54,-8934.395,-3867.642,-160.871,-151.250,-0.872420,0.479611,-0.094109,-0.484303,-0.874229,0.034274,-0.065835,0.075479,0.994972,0,0.39610,-0.36383,23.766,-0.728,-1,400.000,-1,400.000,-1,325.000,325.000,300.000,300.000,-1,-1,-1,725.000,750.000,775.000,-1,-1,2,0,2,0,2,0,0,0,0,2,2,2,1,0,0,2,2
55,-8955.619,-3878.823,-162.489,-152.218,-0.880373,0.464817,-0.094274,-0.469486,-0.882277,0.034211,-0.067274,0.074379,0.994958,0,0.39980,-0.48383,23.988,-0.968,-1,400.000,-1,400.000,-1,325.000,325.000,300.000,300.000,-1,-1,-1,750.000,750.000,775.000,-1,-1,2,0,2,0,2,0,0,0,0,2,2,2,1,0,0,2,2
56,-8977.298,-3889.665,-164.164,-153.426,-0.889955,0.446165,-0.094433,-0.450801,-0.891970,0.034171,-0.068986,0.072981,0.994945,0,0.40397,-0.60383,24.238,-1.208,-1,400.000,-1,400.000,-1,325.000,325.000,300.000,300.000,-1,-1,-1,775.000,750.000,775.000,-1,-1,2,0,2,0,2,0,0,0,0,2,2,2,1,0,0,2,2
57,-8999.490,-3900.081,-165.908,-154.852,-0.900770,0.423872,-0.094585,-0.428466,-0.902913,0.034137,-0.070932,0.071276,0.994931,0,0.40856,-0.71330,24.514,-1.427,-1,400.000,-1,400.000,-1,325.000,325.000,300.000,300.000,-1,-1,-1,800.000,750.000,775.000,-1,-1,2,0,2,0,2,0,0,0,0,2,2,2,1,0,0,2,2
58,-9022.201,-3910.065,-167.718,-156.265,-0.910932,0.401535,-0.094726,-0.406081,-0.913201,0.034102,-0.072811,0.069530,0.994919,0,0.41348,-0.70629,24.809,-1.413,-1,400.000,-1,400.000,-1,325.000,325.000,300.000,300.000,-1,-1,-1,825.000,750.000,750.000,-1,-1,2,0,2,0,2,0,0,0,0,2,2,2,1,0,0,2,2
59,-9045.415,-3919.602,-169.595,-157.663,-0.920451,0.379173,-0.094856,-0.383668,-0.922843,0.034063,-0.074621,0.067747,0.994908,0,0.41826,-0.69930,25.096,-1.399,-1,400.000,-1,400.000,-1,325.000,325.000,300.000,300.000,-1,-1,-1,850.000,750.000,750.000,-1,-1,2,0,2,0,2,0,0,0,0,2,2,2,1,0,0,2,2
60,-9069.114,-3928.674,-171.539,-159.048,-0.929339,0.356805,-0.094972,-0.361246,-0.931849,0.034031,-0.076357,0.065934,0.994898,0,0.42291,-0.69234,25.375,-1.385,-1,400.000,-1,400.000,-1,325.000,325.000,300.000,300.000,-1,-1,-1,875.000,750.000,750.000,-1,-1,2,0,2,0,2,0,0,0,0,2,2,2,1,0,0,2,2
61,-9093.278,-3937.268,-173.557,-160.419,-0.937607,0.334450,-0.095061,-0.338837,-0.940229,0.034041,-0.077994,0.064127,0.994889,0,0.42744,-0.68540,25.646,-1.371,-1,400.000,-1,400.000,-1,325.000,325.000,300.000,300.000,-1,-1,-1,900.000,750.000,750.000,-1,-1,2,0,2,0,2,0,0,0,0,2,2,2,1,0,0,2,2
62,-9120.544,-3946.363,-175.845,-161.550,-0.944021,0.315861,-0.095161,-0.320198,-0.946740,0.034001,-0.079353,0.062568,0.994881,0,0.47905,-0.56540,28.743,-1.131,-1,400.000,-1,400.000,-1,325.000,325.000,300.000,300.000,-1,-1,-1,925.000,750.000,750.000,-1,-1,2,0,2,0,2,0,0,0,0,2,2,2,1,0,0,2,2
63,-9147.995,-3954.995,-178.158,-162.543,-0.949348,0.299427,-0.095294,-0.303717,-0.952159,0.033899,-0.080584,0.061125,0.994872,0,0.47959,-0.49666,28.775,-0.993,-1,400.000,-1,400.000,-1,325.000,325.000,300.000,300.000,-1,-1,-1,950.000,750.000,750.000,-1,-1,2,0,2,0,2,0,0,0,0,2,2,2,1,0,0,2,2
64,-9175.618,-3963.163,-180.507,-163.524,-0.954330,0.283106,-0.095420,-0.287346,-0.957230,0.033801,-0.081770,0.059676,0.994863,0,0.48008,-0.49052,28.805,-0.981,-1,400.000,-1,400.000,-1,325.000,325.000,300.000,300.000,-1,-1,-1,950.000,750.000,750.000,-1,-1,2,0,2,0,2,0,0,0,0,2,2,2,1,0,0,2,2
65,-9203.397,-3970.869,-182.890,-164.493,-0.958977,0.266898,-0.095538,-0.271087,-0.961965,0.033701,-0.082909,0.058218,0.994855,0,0.48047,-0.48456,28.828,-0.969,-1,400.000,-1,400.000,-1,325.000,325.000,300.000,300.000,-1,-1,-1,975.000,725.000,750.000,-1,-1,2,0,2,0,2,0,0,0,0,2,2,2,1,0,0,2,2
66,-9231.319,-3978.115,-185.306,-165.451,-0.963301,0.250806,-0.095647,-0.254942,-0.966372,0.033601,-0.084003,0.056752,0.994848,0,0.48077,-0.47880,28.846,-0.958,-1,400.000,-1,400.000,-1,325.000,325.000,300.000,300.000,-1,-1,-1,1000.000,725.000,750.000,-1,-1,2,0,2,0,2,0,0,0,0,2,2,2,1,0,0,2,2
67,-9259.371,-3984.902,-187.768,-166.397,-0.967316,0.234829,-0.095682,-0.238903,-0.970467,0.033452,-0.085001,0.055218,0.994850,0,0.48101,-0.47322,28.861,-0.946,-1,400.000,-1,400.000,-1,325.000,325.000,300.000,300.000,-1,-1,-1,-1,725.000,750.000,-1,-1,2,0,2,0,2,0,0,0,0,2,2,2,2,0,0,2,2
68,-9287.541,-3991.232,-190.219,-167.333,-0.971036,0.218967,-0.095612,-0.222989,-0.974245,0.033498,-0.085815,0.053849,0.994855,0,0.48121,-0.46783,28.872,-0.936,-1,400.000,-1,400.000,-1,325.000,325.000,300.000,300.000,-1,-1,-1,-1,725.000,750.000,-1,-1,2,0,2,0,2,0,0,0,0,2,2,2,2,0,0,2,2
69,-9315.820,-3997.109,-192.699,-168.258,-0.974461,0.203221,-0.095532,-0.207190,-0.977726,0.033538,-0.086589,0.052474,0.994861,0,0.48138,-0.46263,28.883,-0.925,-1,400.000,-1,400.000,-1,325.000,325.000,300.000,300.000,-1,-1,-1,-1,725.000,750.000,-1,-1,2,0,2,0,2,0,0,0,0,2,2,2,2,0,0,2,2
70,-9344.198,-4002.535,-195.206,-169.173,-0.977599,0.187591,-0.095443,-0.191505,-0.980917,0.033569,-0.087325,0.051095,0.994869,0,0.48154,-0.45762,28.892,-0.915,-1,400.000,-1,400.000,-1,325.000,325.000,300.000,300.000,-1,-1,-1,-1,725.000,750.000,-1,-1,2,0,2,0,2,0,0,0,0,2,2,2,2,0,0,2,2
71,-9372.669,-4007.514,-197.741,-170.079,-0.980458,0.172076,-0.095347,-0.175934,-0.983829,0.033592,-0.088025,0.049711,0.994877,0,0.48171,-0.45280,28.903,-0.906,-1,400.000,-1,400.000,-1,325.000,325.000,300.000,300.000,-1,-1,-1,-1,725.000,750.000,-1,-1,2,0,2,0,2,0,0,0,0,2,2,2,2,0,0,2,2
72,-9401.227,-4012.049,-200.301,-170.975,-0.983047,0.156676,-0.095244,-0.160477,-0.986467,0.033606,-0.088690,0.048321,0.994886,0,0.48192,-0.44816,28.915,-0.896,-1,400.000,-1,400.000,-1,325.000,325.000,300.000,300.000,-1,-1,-1,-1,725.000,750.000,-1,-1,2,0,2,0,2,0,0,0,0,2,2,2,2,0,0,2,2
73,-9429.865,-4016.143,-202.888,-171.863,-0.985372,0.141388,-0.095137,-0.145131,-0.988841,0.033611,-0.089323,0.046927,0.994897,0,0.48216,-0.44370,28.930,-0.887,-1,400.000,-1,400.000,-1,325.000,325.000,300.000,300.000,-1,-1,-1,-1,725.000,750.000,-1,-1,2,0,2,0,2,0,0,0,0,2,2,2,2,0,0,2,2
74,-9458.582,-4019.800,-205.500,-172.742,-0.987441,0.126213,-0.095025,-0.129897,-0.990958,0.033606,-0.089925,0.045527,0.994907,0,0.48247,-0.43942,28.948,-0.879,-1,400.000,-1,400.000,-1,325.000,325.000,300.000,300.000,-1,-1,-1,-1,725.000,750.000,-1,-1,2,0,2,0,2,0,0,0,0,2,2,2,2,0,0,2,2
75,-9487.374,-4023.023,-208.137,-173.612,-0.989261,0.111149,-0.094911,-0.114771,-0.992824,0.033590,-0.090497,0.044123,0.994919,0,0.48286,-0.43531,28.972,-0.871,-1,400.000,-1,400.000,-1,325.000,325.000,300.000,300.000,-1,-1,-1,-1,725.000,750.000,-1,-1,2,0,2,0,2,0,0,0,0,2,2,2,2,0,0,2,2
76,-9516.240,-4025.814,-210.799,-174.475,-0.990838,0.096193,-0.094797,-0.099754,-0.994446,0.033565,-0.091042,0.042714,0.994931,0,0.48333,-0.43137,29.000,-0.863,-1,400.000,-1,400.000,-1,325.000,325.000,300.000,300.000,-1,-1,-1,-1,725.000,750.000,-1,-1,2,0,2,0,2,0,0,0,0,2,2,2,2,0,0,2,2
77,-9545.178,-4028.177,-213.477,-175.330,-0.992175,0.081344,-0.094715,-0.084848,-0.995829,0.033563,-0.091590,0.041337,0.994938,0,0.48391,-0.42760,29.035,-0.855,-1,400.000,-1,400.000,-1,325.000,325.000,300.000,300.000,-1,-1,-1,-1,725.000,750.000,-1,-1,2,0,2,0,2,0,0,0,0,2,2,2,2,0,0,2,2
78,-9574.189,-4030.115,-216.177,-176.178,-0.993282,0.066601,-0.094637,-0.070046,-0.996979,0.033554,-0.092116,0.039958,0.994946,0,0.48460,-0.42400,29.076,-0.848,-1,400.000,-1,400.000,-1,325.000,325.000,300.000,300.000,-1,-1,-1,-1,725.000,750.000,-1,-1,2,0,2,0,2,0,0,0,0,2,2,2,2,0,0,2,2
79,-9603.183,-4031.620,-218.894,-177.026,-0.994168,0.051840,-0.094563,-0.055225,-0.997911,0.033538,-0.092627,0.038565,0.994954,0,0.48388,-0.42404,29.033,-0.848,-1,400.000,-1,400.000,-1,325.000,325.000,300.000,300.000,-1,-1,-1,-1,725.000,750.000,-1,-1,2,0,2,0,2,0,0,0,0,2,2,2,2,0,0,2,2
80,-9632.120,-4032.692,-221.622,-177.878,-0.994837,0.037003,-0.094496,-0.040327,-0.998624,0.033513,-0.093126,0.037151,0.994961,0,0.48260,-0.42583,28.956,-0.852,-1,400.000,-1,400.000,-1,325.000,325.000,300.000,300.000,-1,-1,-1,-1,725.000,750.000,-1,-1,2,0,2,0,2,0,0,0,0,2,2,2,2,0,0,2,2
81,-9661.002,-4033.330,-224.363,-178.733,-0.995286,0.022090,-0.094435,-0.025352,-0.999118,0.033480,-0.093612,0.035716,0.994968,0,0.48149,-0.42775,28.890,-0.855,-1,400.000,-1,400.000,-1,325.000,325.000,300.000,300.000,-1,-1,-1,-1,725.000,750.000,-1,-1,2,0,2,0,2,0,0,0,0,2,2,2,2,0,0,2,2
82,-9694.690,-4033.712,-227.571,-179.349,-0.995474,0.011356,-0.094353,-0.014571,-0.999334,0.033447,-0.093910,0.034670,0.994977,0,0.56149,-0.30775,33.690,-0.615,-1,400.000,-1,400.000,-1,325.000,325.000,300.000,300.000,-1,-1,-1,-1,725.000,750.000,-1,-1,2,0,2,0,2,0,0,0,0,2,2,2,2,0,0,2,2
83,-9733.179,-4033.897,-231.242,-179.724,-0.995537,0.004807,-0.094247,-0.007989,-0.999410,0.033416,-0.094031,0.034020,0.994988,0,0.64149,-0.18775,38.490,-0.375,-1,400.000,-1,400.000,-1,325.000,325.000,300.000,300.000,-1,-1,-1,-1,725.000,750.000,-1,-1,2,0,2,0,2,0,0,0,0,2,2,2,2,0,0,2,2
84,-9774.965,-4034.000,-235.229,-179.860,-0.995558,0.002444,-0.094121,-0.005610,-0.999427,0.033392,-0.093985,0.033771,0.995001,0,0.69643,-0.06775,41.786,-0.135,-1,375.000,-1,400.000,-1,325.000,325.000,300.000,300.000,-1,-1,-1,-1,725.000,750.000,-1,-1,2,0,2,0,2,0,0,0,0,2,2,2,2,0,0,2,2
85,-9816.768,-4034.178,-239.211,-179.755,-0.995565,0.004266,-0.093980,-0.007434,-0.999415,0.033379,-0.093782,0.033929,0.995014,0,0.69674,0.05225,41.804,0.105,-1,375.000,-1,400.000,-1,325.000,325.000,300.000,300.000,-1,-1,-1,-1,725.000,750.000,-1,-1,2,0,2,0,2,0,0,0,0,2,2,2,2,0,0,2,2
86,-9858.611,-4034.608,-243.121,-179.411,-0.995541,0.010275,-0.093773,-0.013476,-0.999346,0.033564,-0.093367,0.034678,0.995028,0,0.69741,0.17225,41.845,0.345,-1,375.000,-1,400.000,-1,325.000,325.000,300.000,300.000,-1,-1,-1,-1,725.000,750.000,-1,-1,2,0,2,0,2,0,0,0,0,2,2,2,2,0,0,2,2
87,-9903.658,-4035.532,-247.228,-178.826,-0.995421,0.020468,-0.093374,-0.023730,-0.999141,0.033962,-0.092598,0.036023,0.995052,0,0.75095,0.29225,45.057,0.585,-1,375.000,-1,400.000,-1,325.000,325.000,300.000,300.000,-1,-1,-1,-1,725.000,750.000,-1,-1,2,0,2,0,2,0,0,0,0,2,2,2,2,0,0,2,2
88,-9948.761,-4037.106,-251.311,-178.002,-0.995061,0.034841,-0.092950,-0.038179,-0.998679,0.034379,-0.091629,0.037758,0.995077,0,0.75218,0.41225,45.131,0.825,-1,375.000,-1,400.000,-1,325.000,325.000,300.000,300.000,-1,-1,-1,-1,725.000,750.000,-1,-1,2,0,2,0,2,0,0,0,0,2,2,2,2,0,0,2,2
89,-9993.907,-4039.522,-255.363,-176.937,-0.994281,0.053384,-0.092501,-0.056812,-0.997777,0.034823,-0.090436,0.039879,0.995104,0,0.75351,0.53225,45.211,1.065,-1,375.000,-1,400.000,-1,325.000,325.000,300.000,300.000,-1,-1,-1,-1,725.000,750.000,-1,-1,2,0,2,0,2,0,0,0,0,2,2,2,2,0,0,2,2
90,-10039.075,-4042.973,-259.373,-175.633,-0.992846,0.076078,-0.092026,-0.079607,-0.996201,0.035302,-0.088991,0.042376,0.995131,0,0.75500,0.65225,45.300,1.305,-1,375.000,-1,400.000,-1,325.000,325.000,300.000,300.000,-1,-1,-1,-1,725.000,750.000,-1,-1,2,0,2,0,2,0,0,0,0,2,2,2,2,0,0,2,2
91,-10084.234,-4047.650,-263.328,-174.088,-0.990473,0.102888,-0.091528,-0.106530,-0.993664,0.035825,-0.087262,0.045235,0.995158,0,0.75668,0.77225,45.401,1.545,-1,375.000,-1,400.000,-1,325.000,325.000,300.000,300.000,-1,-1,-1,-1,700.000,750.000,-1,-1,2,0,2,0,2,0,0,0,0,2,2,2,2,0,0,2,2
92,-10129.339,-4053.747,-267.217,-172.304,-0.986826,0.133761,-0.091007,-0.137525,-0.989829,0.036401,-0.085213,0.048437,0.995185,0,0.75860,0.89225,45.516,1.785,-1,375.000,-1,400.000,-1,325.000,325.000,300.000,300.000,-1,-1,-1,-1,700.000,725.000,-1,-1,2,0,2,0,2,0,0,0,0,2,2,2,2,0,0,2,2
93,-10174.335,-4061.437,-271.025,-170.304,-0.981593,0.168195,-0.090471,-0.172087,-0.984385,0.037036,-0.082829,0.051924,0.995210,0,0.76080,1.00000,45.648,2.000,-1,375.000,-1,400.000,-1,325.000,325.000,300.000,300.000,-1,-1,-1,-1,700.000,725.000,-1,-1,2,0,2,0,2,0,0,0,0,2,2,2,2,0,0,2,2
94,-10219.181,-4070.724,-274.749,-168.304,-0.975162,0.202410,-0.089938,-0.206424,-0.977735,0.037731,-0.080299,0.055359,0.995232,0,0.76330,1.00000,45.798,2.000,-1,375.000,-1,400.000,-1,325.000,325.000,300.000,300.000,-1,-1,-1,-1,700.000,725.000,-1,-1,2,0,2,0,2,0,0,0,0,2,2,2,2,0,0,2,2
95,-10263.826,-4081.606,-278.381,-166.304,-0.967542,0.236363,-0.089413,-0.240493,-0.969888,0.038485,-0.077624,0.058739,0.995251,0,0.76588,1.00000,45.953,2.000,975.000,375.000,-1,400.000,-1,325.000,325.000,300.000,300.000,-1,-1,-1,-1,700.000,725.000,-1,-1,1,0,2,0,2,0,0,0,0,2,2,2,2,0,0,2,2
96,-10308.217,-4094.083,-281.915,-164.304,-0.958744,0.270013,-0.088899,-0.274252,-0.960855,0.039297,-0.074808,0.062056,0.995265,0,0.76855,1.00000,46.113,2.000,900.000,375.000,-1,400.000,-1,325.000,325.000,300.000,300.000,-1,-1,-1,-1,700.000,725.000,-1,-1,1,0,2,0,2,0,0,0,0,2,2,2,2,0,0,2,2
97,-10352.303,-4108.153,-285.344,-162.304,-0.948780,0.303319,-0.088402,-0.307659,-0.950648,0.040166,-0.071856,0.065307,0.995275,0,0.77129,1.00000,46.277,2.000,825.000,375.000,-1,375.000,-1,325.000,325.000,300.000,300.000,-1,-1,-1,-1,700.000,725.000,-1,-1,1,0,2,0,2,0,0,0,0,2,2,2,2,0,0,2,2
98,-10396.030,-4123.809,-288.653,-160.304,-0.937661,0.336241,-0.087941,-0.340673,-0.939285,0.041049,-0.068799,0.068449,0.995280,0,0.77411,1.00000,46.447,2.000,775.000,375.000,-1,375.000,-1,325.000,325.000,300.000,300.000,-1,-1,-1,-1,700.000,725.000,-1,-1,1,0,2,0,2,0,0,0,0,2,2,2,2,0,0,2,2
99,-10439.346,-4141.046,-291.767,-158.304,-0.925410,0.368744,-0.087426,-0.373238,-0.926798,0.041710,-0.065646,0.071230,0.995297,0,0.77700,1.00000,46.620,2.000,725.000,375.000,-1,375.000,-1,325.000,325.000,300.000,300.000,-1,-1,975.000,-1,700.000,725.000,-1,-1,1,0,2,0,2,0,0,0,0,2,2,0,2,0,0,2,2
100,-10482.196,-4159.855,-294.621,-156.304,-0.912086,0.400801,-0.086357,-0.405287,-0.913219,0.042125,-0.061979,0.073421,0.995373,0,0.77996,1.00000,46.798,2.000,675.000,375.000,-1,375.000,-1,325.000,325.000,300.000,300.000,-1,925.000,850.000,-1,700.000,725.000,-1,-1,1,0,2,0,2,0,0,0,0,2,0,0,2,0,0,2,2
101,-10524.526,-4180.226,-297.355,-154.304,-0.897655,0.432358,-0.085333,-0.436834,-0.898530,0.042650,-0.058234,0.075561,0.995439,0,0.78298,1.00000,46.979,2.000,625.000,375.000,-1,375.000,-1,325.000,325.000,300.000,300.000,-1,850.000,775.000,-1,700.000,725.000,-1,-1,1,0,2,0,2,0,0,0,0,2,0,0,2,0,0,2,2
102,-10566.284,-4202.149,-299.963,-152.304,-0.882136,0.463378,-0.084364,-0.467841,-0.882752,0.043279,-0.054418,0.077647,0.995495,0,0.78606,1.00000,47.164,2.000,600.000,375.000,-1,375.000,-1,325.000,325.000,300.000,300.000,-1,775.000,725.000,-1,700.000,725.000,-1,-1,1,0,2,0,2,0,0,0,0,2,0,0,2,1,0,2,2
103,-10607.414,-4225.608,-302.396,-150.304,-0.865531,0.493817,-0.083673,-0.498285,-0.865891,0.044087,-0.050681,0.079852,0.995518,0,0.78919,1.00000,47.352,2.000,550.000,375.000,-1,375.000,-1,325.000,325.000,300.000,300.000,-1,750.000,725.000,-1,675.000,725.000,-1,-1,1,0,2,0,2,0,0,0,0,2,0,0,2,1,0,2,2
104,-10647.862,-4250.589,-304.679,-148.304,-0.847873,0.523642,-0.083133,-0.528118,-0.847978,0.044992,-0.046935,0.082052,0.995522,0,0.79237,1.00000,47.542,2.000,500.000,375.000,-1,375.000,-1,325.000,325.000,300.000,300.000,-1,725.000,700.000,-1,675.000,725.000,-1,-1,1,0,2,0,2,0,0,0,0,2,0,0,2,1,0,2,2
105,-10687.575,-4277.074,-306.820,-146.304,-0.829190,0.552818,-0.082683,-0.557300,-0.829039,0.045954,-0.043143,0.084184,0.995516,0,0.79559,1.00000,47.735,2.000,475.000,375.000,-1,375.000,-1,325.000,325.000,300.000,300.000,-1,725.000,675.000,-1,650.000,725.000,675.000,-1,1,0,2,0,2,0,0,0,0,2,0,0,2,1,0,1,2
106,-10726.496,-4305.041,-308.711,-144.304,-0.809538,0.581326,-0.081906,-0.585771,-0.809118,0.046908,-0.039002,0.085952,0.995536,0,0.79883,1.00000,47.930,2.000,425.000,375.000,-1,375.000,-1,325.000,325.000,300.000,300.000,-1,700.000,675.000,-1,625.000,725.000,600.000,-1,1,0,2,0,2,0,0,0,0,2,0,0,2,1,0,1,2
107,-10764.573,-4334.470,-310.410,-142.304,-0.788919,0.609123,-0.081098,-0.613517,-0.788224,0.047962,-0.034708,0.087593,0.995551,0,0.80209,1.00000,48.125,2.000,400.000,375.000,-1,375.000,-1,325.000,325.000,300.000,300.000,-1,675.000,650.000,-1,600.000,725.000,525.000,-1,1,0,2,0,2,0,0,0,0,2,0,0,2,1,0,1,2
108,-10801.751,-4365.334,-311.964,-140.304,-0.767345,0.636173,-0.080406,-0.640512,-0.766380,0.049043,-0.030422,0.089135,0.995555,0,0.80535,1.00000,48.321,2.000,350.000,375.000,-1,400.000,-1,325.000,325.000,300.000,300.000,-1,650.000,650.000,-1,600.000,725.000,475.000,-1,1,1,2,0,2,0,0,0,0,2,0,0,2,1,0,1,2
109,-10837.975,-4397.607,-313.367,-138.304,-0.744844,0.662445,-0.079833,-0.666726,-0.743615,0.050140,-0.026150,0.090574,0.995546,0,0.80862,1.00000,48.517,2.000,325.000,375.000,-1,400.000,-1,325.000,325.000,300.000,300.000,-1,650.000,625.000,-1,575.000,750.000,400.000,-1,1,1,2,0,2,0,0,0,0,2,0,0,2,1,0,1,2
110,-10873.191,-4431.259,-314.616,-136.304,-0.721443,0.687909,-0.079380,-0.692128,-0.719954,0.051240,-0.021902,0.091908,0.995527,0,0.81186,1.00000,48.711,2.000,275.000,350.000,-1,400.000,-1,325.000,325.000,300.000,300.000,-1,625.000,625.000,-1,550.000,750.000,350.000,-1,1,1,2,0,2,0,0,0,0,2,0,0,2,1,0,1,2
111,-10907.345,-4466.257,-315.571,-134.304,-0.697145,0.712567,-0.078971,-0.716702,-0.695460,0.051705,-0.018078,0.092644,0.995535,0,0.81506,1.00000,48.904,2.000,250.000,325.000,-1,400.000,-1,300.000,325.000,300.000,300.000,-1,650.000,650.000,-1,550.000,750.000,300.000,-1,1,1,2,0,2,1,0,0,0,2,0,0,2,1,0,1,2
112,-10940.384,-4502.566,-315.905,-132.304,-0.672090,0.736248,-0.078955,-0.740356,-0.670026,0.054205,-0.012993,0.094885,0.995403,0,0.81821,1.00000,49.093,2.000,225.000,325.000,-1,400.000,-1,300.000,325.000,300.000,300.000,-1,625.000,625.000,-1,525.000,775.000,275.000,-1,1,1,2,0,2,1,0,0,0,2,0,0,2,1,0,1,2
113,-10969.161,-4536.234,-313.734,-130.544,-0.649962,0.755597,-0.081382,-0.759966,-0.646343,0.068499,-0.000843,0.106370,0.994326,0,0.73821,0.88000,44.293,1.760,225.000,325.000,-1,425.000,-1,300.000,325.000,325.000,300.000,-1,500.000,425.000,-1,575.000,825.000,275.000,-1,1,1,2,0,2,1,1,1,0,2,0,0,2,1,0,1,2
114,-10994.013,-4566.924,-311.815,-129.024,-0.630478,0.771630,-0.084170,-0.776149,-0.625387,0.080523,0.009495,0.116097,0.993192,0,0.65821,0.76000,39.493,1.520,225.000,350.000,-1,425.000,-1,325.000,350.000,325.000,300.000,-1,425.000,325.000,-1,650.000,900.000,275.000,-1,1,1,2,0,2,1,1,1,0,2,0,0,2,1,0,1,2
115,-11015.236,-4594.366,-310.145,-127.744,-0.613829,0.784627,-0.087030,-0.789230,-0.607390,0.090517,0.018161,0.124249,0.992085,0,0.57821,0.64000,34.693,1.280,225.000,350.000,-1,450.000,-1,325.000,375.000,325.000,275.000,-1,375.000,275.000,-1,725.000,950.000,300.000,-1,1,1,2,0,2,1,0,1,0,2,0,0,2,1,0,1,2
116,-11033.091,-4618.339,-308.725,-126.704,-0.600162,0.794829,-0.089734,-0.799479,-0.592532,0.098690,0.025272,0.130971,0.991064,0,0.49821,0.52000,29.893,1.040,225.000,350.000,-1,450.000,-1,350.000,375.000,325.000,275.000,-1,350.000,250.000,-1,725.000,1000.000,300.000,-1,1,1,2,0,2,1,0,1,0,2,0,0,2,1,0,1,2
117,-11047.796,-4638.669,-307.555,-125.904,-0.589590,0.802434,-0.092106,-0.807111,-0.580949,0.105219,0.030922,0.136376,0.990174,0,0.41821,0.40000,25.093,0.800,225.000,375.000,-1,475.000,-1,350.000,400.000,325.000,275.000,-1,325.000,225.000,925.000,725.000,-1,325.000,-1,1,1,2,0,2,1,0,1,0,2,0,0,0,1,2,1,2
118,-11059.527,-4655.226,-306.636,-125.344,-0.582192,0.807597,-0.094018,-0.812289,-0.572740,0.110251,0.035191,0.140557,0.989447,0,0.33821,0.28000,20.293,0.560,225.000,375.000,-1,475.000,-1,350.000,400.000,325.000,275.000,-1,325.000,200.000,875.000,700.000,-1,325.000,-1,1,1,2,0,2,1,0,1,0,2,0,0,0,1,2,1,2
119,-11068.394,-4667.930,-305.945,-124.942,-0.576873,0.811234,-0.095479,-0.815935,-0.566807,0.113927,0.038303,0.143626,0.988891,0,0.25821,0.20100,15.493,0.402,225.000,375.000,-1,475.000,-1,375.000,400.000,325.000,275.000,-1,325.000,200.000,850.000,700.000,-1,350.000,-1,1,1,2,0,2,1,0,1,0,2,0,0,0,1,2,1,2
120,-11074.451,-4676.740,-305.426,-124.536,-0.571371,0.814981,-0.096649,-0.819686,-0.560871,0.116357,0.040621,0.145705,0.988494,0,0.17821,0.20306,10.693,0.406,225.000,375.000,-1,500.000,-1,375.000,400.000,325.000,275.000,-1,325.000,200.000,825.000,700.000,-1,350.000,-1,1,1,2,0,2,1,0,1,0,2,0,0,0,1,2,1,2
121,-11077.754,-4681.619,-305.108,-124.128,-0.565724,0.818803,-0.097560,-0.823510,-0.554945,0.117760,0.042282,0.146961,0.988238,0,0.09821,0.20414,5.893,0.408,225.000,375.000,-1,500.000,-1,375.000,400.000,325.000,275.000,-1,325.000,200.000,800.000,700.000,-1,350.000,-1,1,1,2,0,2,1,0,1,0,2,0,0,0,1,2,1,2
122,-11078.359,-4682.527,-304.994,-123.719,-0.559956,0.822683,-0.098188,-0.827390,-0.549059,0.118152,0.043291,0.147400,0.988129,0,0.01821,0.20419,1.093,0.408,225.000,375.000,-1,500.000,-1,375.000,400.000,325.000,275.000,-1,300.000,200.000,800.000,700.000,-1,350.000,-1,1,1,2,0,2,1,0,1,0,2,0,0,0,1,2,1,2
123,-11076.708,-4680.015,-305.068,-123.313,-0.554105,0.826594,-0.098542,-0.831298,-0.543233,0.117652,0.043719,0.147110,0.988154,0,-0.05009,0.20323,-3.005,0.406,225.000,375.000,-1,500.000,-1,375.000,400.000,350.000,275.000,-1,300.000,200.000,800.000,675.000,-1,325.000,-1,1,1,2,0,2,1,0,1,0,2,0,0,0,1,2,1,2
124,-11075.109,-4677.543,-305.148,-122.910,-0.548276,0.830431,-0.098879,-0.835132,-0.537433,0.117128,0.044126,0.146796,0.988182,0,-0.04905,0.20140,-2.943,0.403,225.000,375.000,-1,500.000,-1,350.000,400.000,350.000,275.000,-1,300.000,200.000,800.000,675.000,-1,325.000,-1,1,1,2,0,2,1,0,1,0,2,0,0,0,1,2,1,2
125,-11073.560,-4675.111,-305.235,-122.511,-0.542470,0.834198,-0.099197,-0.838895,-0.531661,0.116582,0.044513,0.146458,0.988215,0,-0.04804,0.19960,-2.882,0.399,225.000,375.000,-1,500.000,-1,350.000,400.000,350.000,275.000,-1,325.000,200.000,800.000,675.000,-1,300.000,-1,1,1,2,0,2,1,0,1,0,2,0,0,0,1,2,1,2
126,-11072.059,-4672.719,-305.327,-122.115,-0.536687,0.837895,-0.099497,-0.842587,-0.525916,0.116014,0.044880,0.146098,0.988252,0,-0.04705,0.19783,-2.823,0.396,225.000,375.000,-1,500.000,-1,350.000,400.000,350.000,275.000,-1,325.000,200.000,800.000,650.000,-1,300.000,-1,1,1,2,0,2,1,0,1,0,2,0,0,0,1,2,1,2
127,-11070.605,-4670.365,-305.426,-121.723,-0.530927,0.841523,-0.099779,-0.846210,-0.520198,0.115425,0.045228,0.145717,0.988292,0,-0.04610,0.19610,-2.766,0.392,225.000,350.000,-1,500.000,-1,350.000,400.000,350.000,275.000,-1,325.000,200.000,825.000,650.000,-1,300.000,-1,1,1,2,0,2,1,0,1,0,2,0,0,0,1,2,1,2
128,-11069.195,-4668.049,-305.530,-121.334,-0.525191,0.845084,-0.100043,-0.849764,-0.514507,0.114818,0.045558,0.145314,0.988336,0,-0.04517,0.19439,-2.710,0.389,225.000,350.000,-1,475.000,-1,350.000,400.000,350.000,275.000,-1,325.000,200.000,825.000,650.000,-1,275.000,-1,1,1,2,0,2,1,0,1,0,2,0,0,0,1,2,1,2
129,-11067.830,-4665.770,-305.640,-120.949,-0.519477,0.848579,-0.100288,-0.853252,-0.508843,0.114193,0.045870,0.144892,0.988384,0,-0.04427,0.19270,-2.656,0.385,225.000,350.000,-1,475.000,-1,350.000,400.000,375.000,275.000,-1,325.000,200.000,825.000,650.000,-1,275.000,-1,1,1,2,0,2,1,0,1,0,2,0,0,0,1,2,1,2
130,-11066.506,-4663.527,-305.754,-120.567,-0.513787,0.852009,-0.100515,-0.856675,-0.503205,0.113547,0.046164,0.144448,0.988435,0,-0.04339,0.19105,-2.603,0.382,200.000,350.000,-1,475.000,-1,325.000,400.000,375.000,275.000,-1,325.000,200.000,825.000,625.000,-1,275.000,-1,1,1,2,0,2,1,0,1,0,2,0,0,0,1,2,1,2
131,-11065.223,-4661.320,-305.868,-120.188,-0.508119,0.855378,-0.100716,-0.860035,-0.497596,0.112865,0.046426,0.143968,0.988493,0,-0.04253,0.18942,-2.552,0.379,200.000,350.000,-1,475.000,-1,325.000,400.000,375.000,275.000,-1,325.000,200.000,825.000,600.000,-1,275.000,-1,1,1,2,0,2,1,1,1,0,2,0,0,0,1,2,1,2
132,-11063.979,-4659.148,-305.987,-119.812,-0.502474,0.858684,-0.100899,-0.863331,-0.492013,0.112168,0.046674,0.143471,0.988553,0,-0.04170,0.18782,-2.502,0.376,200.000,350.000,-1,475.000,-1,325.000,400.000,375.000,275.000,-1,325.000,200.000,850.000,600.000,-1,250.000,-1,1,1,2,0,2,1,1,1,0,2,0,0,0,1,2,1,2
133,-11062.774,-4657.010,-306.110,-119.440,-0.496854,0.861929,-0.101064,-0.866566,-0.486457,0.111458,0.046906,0.142957,0.988617,0,-0.04089,0.18624,-2.453,0.372,200.000,350.000,-1,475.000,-1,325.000,400.000,375.000,275.000,-1,325.000,200.000,850.000,575.000,-1,250.000,-1,1,1,2,0,2,1,1,1,0,2,0,0,0,1,2,1,2
134,-11061.605,-4654.906,-306.238,-119.070,-0.491257,0.865114,-0.101212,-0.869739,-0.480928,0.110735,0.047123,0.142428,0.988683,0,-0.04010,0.18468,-2.406,0.369,200.000,325.000,-1,475.000,-1,325.000,375.000,375.000,275.000,-1,325.000,200.000,850.000,575.000,-1,250.000,-1,1,1,2,0,2,1,1,1,0,2,0,0,0,1,2,1,2
