timestep,x_cm,y_cm,z_cm,yaw_deg,basis_xx,basis_xy,basis_xz,basis_yx,basis_yy,basis_yz,basis_zx,basis_zy,basis_zz,teleport_flag,throttle_cmd,steering_cmd,cmd_move_cm,cmd_turn_deg,lidar_cm_0,lidar_cm_1,lidar_cm_2,lidar_cm_3,lidar_cm_4,lidar_cm_5,lidar_cm_6,lidar_cm_7,lidar_cm_8,lidar_cm_9,lidar_cm_10,lidar_cm_11,lidar_cm_12,lidar_cm_13,lidar_cm_14,lidar_cm_15,lidar_cm_16,lidar_class_0,lidar_class_1,lidar_class_2,lidar_class_3,lidar_class_4,lidar_class_5,lidar_class_6,lidar_class_7,lidar_class_8,lidar_class_9,lidar_class_10,lidar_class_11,lidar_class_12,lidar_class_13,lidar_class_14,lidar_class_15,lidar_class_16
0,-6235.712,-6233.379,-229.590,-155.765,-0.908905,0.408217,0.085153,-0.414457,-0.906854,-0.076431,0.046021,-0.104760,0.993432,1,0.08000,0.11946,4.800,0.239,-1,400.000,950.000,400.000,-1,325.000,325.000,300.000,300.000,-1,-1,-1,-1,675.000,700.000,900.000,-1,2,0,1,1,2,0,0,0,0,2,2,2,2,1,1,1,2
1,-6244.449,-6237.356,-229.133,-155.528,-0.907258,0.411955,0.084709,-0.418150,-0.905136,-0.076674,0.045087,-0.104984,0.993451,0,0.16000,0.11850,9.600,0.237,-1,400.000,950.000,400.000,-1,325.000,325.000,300.000,300.000,-1,-1,-1,-1,675.000,700.000,900.000,-1,2,0,1,1,2,0,0,0,0,2,2,2,2,1,1,1,2
2,-6257.530,-6243.375,-228.460,-155.293,-0.905631,0.415657,0.084035,-0.421789,-0.903414,-0.077046,0.043894,-0.105220,0.993480,0,0.24000,0.11762,14.400,0.235,-1,400.000,925.000,400.000,-1,325.000,325.000,300.000,300.000,-1,-1,-1,-1,650.000,675.000,875.000,-1,2,0,1,1,2,0,0,0,0,2,2,2,2,1,1,1,2
3,-6274.939,-6251.472,-227.573,-155.059,-0.904021,0.419326,0.083136,-0.425376,-0.901688,-0.077555,0.042442,-0.105475,0.993516,0,0.32000,0.11681,19.200,0.234,-1,400.000,900.000,400.000,-1,325.000,325.000,300.000,300.000,-1,-1,-1,-1,650.000,650.000,850.000,-1,2,0,1,1,2,0,0,0,0,2,2,2,2,1,1,1,2
4,-6296.659,-6261.681,-226.477,-154.827,-0.902428,0.422962,0.082019,-0.428911,-0.899955,-0.078210,0.040734,-0.105757,0.993557,0,0.40000,0.11603,24.000,0.232,-1,400.000,875.000,400.000,-1,325.000,325.000,300.000,300.000,-1,-1,-1,-1,625.000,650.000,825.000,-1,2,0,1,1,2,0,1,0,0,2,2,2,2,1,1,1,2
5,-6322.674,-6274.036,-225.177,-154.597,-0.900851,0.426565,0.080690,-0.432395,-0.898215,-0.079022,0.038769,-0.106077,0.993602,0,0.48000,0.11526,28.800,0.231,1000.000,400.000,850.000,375.000,-1,325.000,325.000,300.000,300.000,-1,-1,-1,-1,600.000,625.000,800.000,1000.000,1,0,1,1,2,0,1,0,0,2,2,2,2,1,1,1,1
6,-6352.966,-6288.572,-223.676,-154.368,-0.899288,0.430134,0.079157,-0.435827,-0.896467,-0.080006,0.036548,-0.106447,0.993646,0,0.56000,0.11449,33.600,0.229,950.000,400.000,800.000,375.000,-1,325.000,325.000,300.000,325.000,-1,-1,-1,-1,575.000,600.000,750.000,950.000,1,0,1,1,2,0,1,0,0,2,2,2,2,1,1,1,1
7,-6387.520,-6305.322,-221.981,-154.140,-0.897740,0.433667,0.077430,-0.439206,-0.894711,-0.081176,0.034074,-0.106882,0.993688,0,0.64000,0.11368,38.400,0.227,900.000,400.000,750.000,350.000,-1,325.000,300.000,300.000,325.000,-1,-1,-1,-1,550.000,550.000,700.000,900.000,1,1,1,1,2,1,1,0,0,2,2,2,2,1,1,1,1
8,-6426.319,-6324.317,-220.296,-153.915,-0.896194,0.437198,0.075462,-0.442533,-0.893018,-0.081759,0.031644,-0.106666,0.993791,0,0.72000,0.11282,43.200,0.226,825.000,375.000,700.000,350.000,975.000,300.000,300.000,275.000,325.000,-1,-1,-1,-1,500.000,525.000,650.000,825.000,1,1,1,1,1,1,1,0,0,2,2,2,2,1,1,1,1
9,-6469.348,-6345.590,-218.744,-153.691,-0.894620,0.440742,0.073495,-0.445838,-0.891425,-0.081184,0.029734,-0.105396,0.993986,0,0.80000,0.11188,48.000,0.224,775.000,350.000,650.000,325.000,925.000,300.000,275.000,300.000,325.000,-1,-1,-1,-1,475.000,500.000,600.000,750.000,1,1,1,1,1,1,1,0,0,2,2,2,2,1,1,1,1
10,-6516.587,-6369.174,-216.805,-153.469,-0.892989,0.444206,0.072470,-0.449179,-0.889750,-0.081134,0.028440,-0.105003,0.994065,0,0.88000,0.11083,52.800,0.222,700.000,325.000,600.000,300.000,875.000,275.000,250.000,300.000,325.000,-1,-1,-1,-1,425.000,450.000,550.000,650.000,1,1,1,1,1,1,1,0,0,2,2,2,2,1,1,1,1
11,-6568.022,-6395.102,-214.225,-153.250,-0.891237,0.447538,0.073527,-0.452639,-0.887904,-0.082121,0.028533,-0.106471,0.993906,0,0.96000,0.10964,57.600,0.219,625.000,300.000,550.000,300.000,800.000,250.000,250.000,300.000,325.000,-1,-1,-1,-1,400.000,425.000,475.000,575.000,1,1,1,1,1,1,1,0,0,2,2,2,2,1,1,1,1
12,-6621.496,-6422.313,-211.133,-153.034,-0.889370,0.450731,0.076571,-0.456207,-0.885894,-0.084062,0.029944,-0.109695,0.993514,0,1.00000,0.10827,60.000,0.217,525.000,275.000,500.000,275.000,725.000,225.000,225.000,300.000,325.000,-1,-1,-1,-1,350.000,375.000,425.000,525.000,1,1,1,1,1,1,1,0,0,2,2,2,2,1,1,1,1
13,-6674.868,-6449.726,-207.938,-152.820,-0.887272,0.453705,0.083066,-0.460016,-0.883583,-0.087559,0.033669,-0.115900,0.992690,0,1.00000,0.10667,60.000,0.213,450.000,250.000,450.000,250.000,675.000,200.000,200.000,300.000,350.000,-1,-1,-1,-1,325.000,350.000,350.000,450.000,1,1,1,1,1,1,1,0,0,2,2,2,2,1,1,1,1
14,-6728.139,-6477.335,-204.026,-152.611,-0.884847,0.456563,0.092718,-0.464107,-0.881199,-0.089964,0.040629,-0.122636,0.991620,0,1.00000,0.10483,60.000,0.210,375.000,225.000,400.000,225.000,625.000,200.000,200.000,275.000,375.000,-1,-1,-1,-1,275.000,325.000,300.000,425.000,1,1,1,1,1,1,1,0,0,2,2,2,2,1,1,1,1
15,-6781.324,-6505.113,-195.520,-152.405,-0.881162,0.460182,0.108562,-0.468667,-0.880443,-0.071916,0.062488,-0.114249,0.991485,0,1.00000,0.10270,60.000,0.205,400.000,225.000,400.000,225.000,600.000,200.000,200.000,325.000,375.000,-1,225.000,275.000,-1,300.000,325.000,325.000,425.000,1,1,1,1,1,1,1,0,0,2,0,0,2,1,1,1,1
16,-6834.412,-6533.081,-186.393,-152.205,-0.876962,0.463646,0.126374,-0.472755,-0.879557,-0.053689,0.086260,-0.106828,0.990529,0,1.00000,0.10027,60.000,0.201,425.000,225.000,400.000,250.000,600.000,175.000,200.000,350.000,400.000,-1,150.000,175.000,-1,300.000,325.000,325.000,425.000,1,1,1,1,1,1,1,0,0,2,0,0,2,1,1,1,1
17,-6887.405,-6561.231,-176.770,-152.010,-0.872165,0.466926,0.145975,-0.476348,-0.878521,-0.035960,0.111452,-0.100898,0.988634,0,1.00000,0.09747,60.000,0.195,475.000,225.000,425.000,250.000,625.000,175.000,200.000,375.000,400.000,-1,125.000,125.000,-1,300.000,325.000,350.000,450.000,1,1,1,1,1,1,1,0,0,2,0,0,2,1,1,1,1
18,983.493,8855.784,272.432,34.538,0.842710,-0.538293,0.008958,0.495570,0.782113,0.377769,-0.210357,-0.313911,0.925856,1,0.00000,0.00000,60.000,0.188,0.000,200.000,650.000,425.000,-1,200.000,300.000,150.000,225.000,-1,-1,175.000,175.000,250.000,650.000,0.000,-1,0,0,0,0,2,0,0,0,1,2,2,1,1,0,0,0,2
19,6887.023,-979.105,150.878,93.137,-0.055184,-0.998247,-0.021379,0.998250,-0.054704,-0.022441,0.021232,-0.022580,0.999520,1,0.08000,0.12000,4.800,0.240,-1,375.000,-1,300.000,500.000,300.000,275.000,475.000,250.000,250.000,-1,-1,-1,675.000,525.000,-1,575.000,2,0,2,0,0,0,0,0,0,1,2,2,2,0,0,2,0
20,6886.417,-969.524,151.067,93.617,-0.063627,-0.997695,-0.023594,0.997721,-0.063061,-0.024005,0.022462,-0.025067,0.999433,0,0.16000,0.24000,9.600,0.480,-1,375.000,-1,325.000,525.000,300.000,275.000,450.000,275.000,250.000,-1,-1,-1,675.000,525.000,-1,600.000,2,0,2,0,0,0,0,0,0,1,2,2,2,0,0,2,0
21,6885.328,-955.165,151.354,94.337,-0.076289,-0.996726,-0.026786,0.996791,-0.075586,-0.026352,0.024241,-0.028711,0.999294,0,0.24000,0.36000,14.400,0.720,-1,375.000,-1,325.000,575.000,300.000,275.000,450.000,275.000,250.000,-1,-1,-1,675.000,525.000,-1,650.000,2,0,2,0,0,0,0,0,0,1,2,2,2,0,0,2,0
22,6883.554,-936.047,151.738,95.297,-0.093162,-0.995174,-0.030813,0.995298,-0.092261,-0.029482,0.026497,-0.033415,0.999090,0,0.32000,0.48000,19.200,0.960,-1,375.000,-1,325.000,650.000,300.000,275.000,450.000,275.000,275.000,-1,-1,-1,700.000,550.000,-1,725.000,2,0,2,0,0,0,0,0,0,1,2,2,2,0,0,2,0
23,6880.836,-912.202,152.222,96.497,-0.114229,-0.992820,-0.035499,0.993027,-0.113059,-0.033395,0.029142,-0.039067,0.998812,0,0.40000,0.60000,24.000,1.200,-1,375.000,-1,325.000,725.000,300.000,275.000,425.000,275.000,275.000,-1,-1,-1,700.000,575.000,-1,850.000,2,0,2,0,0,0,0,0,0,1,2,2,2,0,0,2,0
24,6876.857,-883.678,152.801,97.937,-0.139456,-0.989394,-0.040645,0.989708,-0.137935,-0.038092,0.032082,-0.045539,0.998447,0,0.48000,0.72000,28.800,1.440,-1,375.000,-1,325.000,875.000,300.000,275.000,425.000,275.000,275.000,-1,-1,-1,725.000,575.000,-1,950.000,2,0,2,0,0,0,0,0,0,1,2,2,2,0,0,2,1
25,6871.241,-850.551,153.466,99.617,-0.168784,-0.984577,-0.046039,0.985024,-0.166823,-0.043572,0.035220,-0.052704,0.997989,0,0.56000,0.84000,33.600,1.680,-1,375.000,-1,350.000,975.000,300.000,300.000,400.000,275.000,275.000,-1,-1,-1,725.000,600.000,-1,925.000,2,0,2,0,1,0,0,0,0,1,2,2,2,0,0,2,1
26,6863.562,-812.926,154.199,101.529,-0.201998,-0.978033,-0.051467,0.978630,-0.199498,-0.049843,0.038480,-0.060435,0.997430,0,0.64000,0.95616,38.400,1.912,-1,375.000,-1,350.000,925.000,300.000,300.000,375.000,275.000,300.000,-1,-1,-1,750.000,625.000,-1,900.000,2,0,2,0,1,0,0,0,0,1,2,2,2,0,0,2,1
27,6853.521,-770.910,154.994,103.433,-0.234916,-0.970365,-0.056619,0.971101,-0.231769,-0.056974,0.042163,-0.068367,0.996769,0,0.72000,0.95215,43.200,1.904,-1,400.000,-1,350.000,900.000,325.000,300.000,375.000,275.000,300.000,-1,-1,-1,775.000,675.000,-1,850.000,2,0,2,0,1,0,0,0,0,1,2,2,2,0,0,2,1
28,6841.417,-726.775,155.853,105.329,-0.267468,-0.961587,-0.061736,0.962480,-0.263576,-0.064491,0.045741,-0.076669,0.996007,0,0.76274,0.94765,45.764,1.895,-1,400.000,-1,375.000,850.000,325.000,300.000,350.000,275.000,325.000,-1,-1,-1,800.000,700.000,-1,825.000,2,0,2,0,1,0,0,0,0,1,2,2,2,0,0,2,1
29,6827.820,-682.914,156.763,107.214,-0.299533,-0.951714,-0.067234,0.952879,-0.294867,-0.071247,0.047981,-0.085407,0.995190,0,0.76535,0.94290,45.921,1.886,-1,400.000,-1,375.000,800.000,325.000,325.000,325.000,300.000,325.000,950.000,900.000,-1,825.000,700.000,-1,775.000,2,0,2,0,1,0,0,0,0,1,0,0,2,0,1,2,1
30,6812.741,-639.371,157.433,109.091,-0.331093,-0.940842,-0.072072,0.942277,-0.325624,-0.077995,0.049912,-0.093736,0.994345,0,0.76802,0.93813,46.081,1.876,-1,400.000,-1,400.000,750.000,325.000,325.000,325.000,300.000,325.000,775.000,725.000,-1,850.000,675.000,-1,725.000,2,0,2,0,1,0,0,0,0,1,0,0,2,0,1,2,1
31,6796.193,-596.189,157.929,110.957,-0.362161,-0.928965,-0.076576,0.930670,-0.355804,-0.085187,0.051889,-0.102118,0.993418,0,0.77074,0.93336,46.245,1.867,-1,400.000,-1,400.000,700.000,325.000,325.000,300.000,300.000,350.000,550.000,525.000,-1,875.000,675.000,-1,700.000,2,0,2,0,1,0,0,0,0,1,0,0,2,0,1,2,1
32,6778.194,-553.413,159.720,112.815,-0.392040,-0.916713,-0.077080,0.918633,-0.385625,-0.086061,0.049169,-0.104547,0.993304,0,0.77351,0.92858,46.410,1.857,-1,400.000,-1,400.000,650.000,325.000,325.000,300.000,300.000,375.000,575.000,550.000,-1,875.000,625.000,-1,675.000,2,0,2,0,1,0,0,0,0,1,0,0,2,0,1,2,1
33,6758.758,-511.087,161.679,114.662,-0.421170,-0.903739,-0.076623,0.905862,-0.414950,-0.085034,0.045054,-0.105224,0.993427,0,0.77630,0.92380,46.578,1.848,-1,425.000,-1,400.000,600.000,325.000,325.000,300.000,300.000,400.000,625.000,600.000,-1,875.000,625.000,-1,625.000,2,0,2,0,1,0,0,0,0,1,0,0,2,0,1,2,1
34,6737.899,-469.255,163.339,116.500,-0.449698,-0.889860,-0.076952,0.892267,-0.443671,-0.083761,0.040394,-0.106329,0.993510,0,0.77911,0.91901,46.746,1.838,-1,400.000,-1,400.000,550.000,325.000,325.000,300.000,300.000,450.000,700.000,675.000,-1,900.000,600.000,-1,600.000,2,0,2,0,1,0,0,0,0,1,0,0,2,0,1,2,1
35,6715.634,-427.961,164.835,118.329,-0.477609,-0.875156,-0.077408,0.877850,-0.471787,-0.082445,0.035632,-0.107329,0.993585,0,0.78193,0.91423,46.916,1.828,-1,400.000,-1,400.000,525.000,325.000,325.000,300.000,300.000,475.000,775.000,775.000,-1,875.000,575.000,-1,550.000,2,0,2,0,1,0,0,0,0,1,0,0,2,0,1,2,1
36,6691.985,-387.248,166.167,120.148,-0.504884,-0.859656,-0.077994,0.862638,-0.499278,-0.081095,0.030773,-0.108224,0.993650,0,0.78477,0.90945,47.086,1.819,-1,400.000,-1,400.000,475.000,325.000,325.000,300.000,300.000,500.000,875.000,875.000,-1,875.000,575.000,-1,525.000,2,0,2,0,1,0,0,0,0,1,0,0,2,0,1,2,1
37,6664.700,-343.118,167.466,121.726,-0.528114,-0.845507,-0.078831,0.848773,-0.522734,-0.079583,0.026080,-0.108939,0.993706,0,0.86477,0.78945,51.886,1.579,-1,400.000,-1,400.000,425.000,325.000,325.000,300.000,300.000,550.000,1000.000,1000.000,-1,875.000,575.000,-1,500.000,2,0,2,1,1,0,0,0,0,1,0,0,2,0,1,2,1
38,6633.771,-295.615,168.721,123.065,-0.547456,-0.833005,-0.079966,0.836557,-0.542311,-0.077915,0.021538,-0.109551,0.993748,0,0.94477,0.66945,56.686,1.339,-1,400.000,-1,375.000,400.000,325.000,325.000,300.000,300.000,575.000,-1,-1,-1,875.000,575.000,-1,450.000,2,0,2,1,1,0,0,0,0,1,2,2,2,0,1,2,1
39,6600.076,-245.972,169.870,124.164,-0.563052,-0.822386,-0.081575,0.826245,-0.558142,-0.076130,0.017077,-0.110266,0.993755,0,1.00000,0.54945,60.000,1.099,-1,400.000,-1,375.000,350.000,325.000,325.000,300.000,300.000,625.000,-1,-1,-1,875.000,625.000,-1,425.000,2,0,2,1,1,0,0,0,0,1,2,2,2,0,1,2,1
40,6565.641,-196.838,170.849,125.023,-0.575051,-0.813876,-0.083203,0.818013,-0.570372,-0.074365,0.013067,-0.110825,0.993754,0,1.00000,0.42945,60.000,0.859,-1,400.000,-1,375.000,325.000,325.000,325.000,300.000,300.000,675.000,-1,-1,-1,875.000,925.000,-1,400.000,2,0,2,1,1,0,1,0,0,1,2,2,2,0,1,2,1
41,6530.678,-148.079,171.512,125.642,-0.583596,-0.807685,-0.084031,0.811982,-0.579142,-0.072658,0.010019,-0.110634,0.993811,0,1.00000,0.30945,60.000,0.619,-1,400.000,-1,375.000,275.000,325.000,325.000,300.000,300.000,700.000,-1,-1,-1,875.000,900.000,-1,375.000,2,0,2,1,1,0,0,0,0,1,2,2,2,0,1,2,1
42,6495.393,-99.552,172.083,126.021,-0.588726,-0.803855,-0.084968,0.808299,-0.584483,-0.070938,0.007361,-0.110442,0.993855,0,1.00000,0.18945,60.000,0.379,-1,400.000,-1,400.000,250.000,325.000,325.000,300.000,300.000,750.000,-1,-1,-1,875.000,875.000,-1,375.000,2,0,2,1,1,0,0,0,0,1,2,2,2,0,1,2,1
43,6459.923,-51.159,174.568,126.231,-0.592072,-0.801045,-0.088191,0.805808,-0.586946,-0.078537,0.011149,-0.117565,0.993003,0,1.00000,0.10512,60.000,0.210,-1,425.000,-1,450.000,250.000,350.000,350.000,300.000,325.000,775.000,-1,-1,-1,900.000,875.000,-1,-1,2,0,2,0,1,0,0,0,0,1,2,2,2,0,1,2,2
44,6424.292,-2.884,177.500,126.419,-0.595303,-0.798216,-0.092013,0.803332,-0.588910,-0.088556,0.016500,-0.126634,0.991812,0,1.00000,0.09406,60.000,0.188,-1,450.000,-1,500.000,300.000,375.000,375.000,275.000,325.000,775.000,-1,-1,-1,950.000,925.000,-1,-1,2,0,2,0,1,0,0,0,1,1,2,2,2,0,1,2,2
45,6388.527,45.290,179.118,126.585,-0.597848,-0.796037,-0.094349,0.801401,-0.590856,-0.092983,0.018271,-0.131201,0.991187,0,1.00000,0.08262,60.000,0.165,-1,450.000,-1,500.000,400.000,375.000,400.000,275.000,275.000,825.000,-1,-1,-1,975.000,925.000,-1,-1,2,0,2,0,1,0,0,0,1,1,2,2,2,0,1,2,2
46,6352.647,93.380,179.418,126.726,-0.599667,-0.794557,-0.095281,0.800079,-0.592810,-0.091923,0.016554,-0.131356,0.991197,0,1.00000,0.07085,60.000,0.142,-1,450.000,-1,500.000,1000.000,375.000,400.000,275.000,250.000,850.000,-1,-1,-1,975.000,925.000,-1,-1,2,0,2,0,1,0,0,0,1,1,2,2,2,0,1,2,2
47,6316.820,141.201,178.225,126.844,-0.600831,-0.793700,-0.095090,0.799286,-0.594712,-0.086364,0.011996,-0.127894,0.991715,0,0.99589,0.05883,59.753,0.118,-1,450.000,-1,500.000,-1,375.000,375.000,275.000,200.000,925.000,-1,-1,-1,950.000,875.000,-1,-1,2,0,2,0,2,0,0,0,1,1,2,2,2,0,1,2,2
48,6281.173,188.620,175.779,126.942,-0.601394,-0.793454,-0.093574,0.798943,-0.596661,-0.075402,0.003996,-0.120106,0.992753,0,0.98873,0.04927,59.324,0.099,-1,450.000,-1,475.000,900.000,350.000,375.000,300.000,175.000,975.000,-1,-1,-1,900.000,825.000,-1,-1,2,0,2,0,1,0,0,0,1,1,2,2,2,0,1,2,2
49,6245.740,235.605,172.080,127.035,-0.601640,-0.793580,-0.090884,0.798733,-0.598771,-0.059153,-0.007476,-0.108181,0.994103,0,0.98079,0.04641,58.848,0.093,-1,425.000,-1,425.000,750.000,350.000,350.000,300.000,150.000,-1,-1,-1,-1,850.000,725.000,-1,-1,2,0,2,0,1,0,0,0,1,2,2,2,2,0,1,2,2
50,6210.541,282.116,169.684,127.123,-0.602248,-0.793118,-0.090896,0.798172,-0.600341,-0.050126,-0.014813,-0.102739,0.994598,0,0.97215,0.04411,58.329,0.088,-1,400.000,-1,400.000,650.000,325.000,325.000,300.000,125.000,-1,-1,-1,-1,800.000,675.000,-1,-1,2,0,2,0,1,0,0,0,1,2,2,2,2,0,1,2,2
51,6175.601,328.132,168.807,127.208,-0.603182,-0.792209,-0.092606,0.797413,-0.601498,-0.048300,-0.017439,-0.102979,0.994531,0,0.96296,0.04237,57.778,0.085,-1,400.000,-1,400.000,625.000,325.000,325.000,300.000,125.000,-1,-1,-1,-1,800.000,675.000,-1,-1,2,0,2,1,1,0,0,0,1,2,2,2,2,0,1,2,2
52,6140.943,373.641,167.905,127.291,-0.604091,-0.791323,-0.094246,0.796666,-0.602621,-0.046591,-0.019926,-0.103228,0.994458,0,0.95340,0.04121,57.204,0.082,-1,400.000,-1,400.000,575.000,325.000,325.000,300.000,125.000,-1,-1,-1,-1,775.000,650.000,-1,-1,2,0,2,1,1,0,0,0,1,2,2,2,2,0,1,2,2
53,6106.629,418.956,166.992,127.133,-0.601708,-0.792950,-0.095798,0.798417,-0.600423,-0.044973,-0.021858,-0.103547,0.994384,0,0.94733,-0.07879,56.840,-0.158,-1,400.000,-1,375.000,550.000,325.000,325.000,300.000,125.000,-1,-1,-1,-1,775.000,650.000,-1,-1,2,0,2,1,1,0,0,0,1,2,2,2,2,0,1,2,2
54,6072.949,464.062,168.005,126.735,-0.595302,-0.796466,-0.106105,0.802988,-0.594434,-0.043106,-0.028740,-0.110862,0.993420,0,0.93821,-0.19879,56.292,-0.398,-1,375.000,-1,375.000,525.000,325.000,325.000,300.000,150.000,-1,-1,-1,-1,725.000,650.000,-1,975.000,2,0,2,1,1,0,1,0,1,2,2,2,2,0,1,2,1
55,6040.064,509.137,169.317,126.098,-0.585312,-0.802252,-0.117481,0.810018,-0.584967,-0.041046,-0.035793,-0.119187,0.992226,0,0.92990,-0.31879,55.794,-0.638,-1,375.000,-1,350.000,500.000,300.000,300.000,275.000,175.000,-1,-1,-1,-1,700.000,625.000,-1,900.000,2,0,2,1,1,0,1,0,1,2,2,2,2,0,1,2,1
56,6008.134,554.353,169.662,125.220,-0.572258,-0.810651,-0.123959,0.819130,-0.572282,-0.038983,-0.039338,-0.123846,0.991521,0,0.92252,-0.43879,55.351,-0.878,-1,375.000,-1,350.000,475.000,300.000,300.000,275.000,200.000,-1,-1,-1,-1,675.000,625.000,-1,825.000,2,0,2,1,1,1,1,0,1,2,2,2,2,0,1,2,1
57,5977.246,599.823,170.047,124.180,-0.557420,-0.820427,-0.127209,0.829396,-0.557151,-0.041035,-0.037208,-0.128380,0.991027,0,0.91613,-0.51996,54.968,-1.040,-1,375.000,-1,350.000,475.000,300.000,300.000,275.000,200.000,-1,-1,-1,-1,675.000,650.000,-1,800.000,2,0,2,1,1,1,1,0,1,2,2,2,2,0,1,2,1
58,5947.372,645.565,170.450,123.143,-0.543077,-0.829912,-0.127725,0.839133,-0.541911,-0.046787,-0.030386,-0.132588,0.990705,0,0.91053,-0.51846,54.632,-1.037,-1,375.000,-1,375.000,475.000,325.000,325.000,275.000,225.000,-1,-1,-1,-1,700.000,700.000,-1,800.000,2,0,2,1,1,0,1,0,1,2,2,2,2,0,1,2,1
59,5918.500,691.577,169.955,122.110,-0.528945,-0.839473,-0.124505,0.848377,-0.526809,-0.052234,-0.021741,-0.133256,0.990843,0,0.90531,-0.51665,54.319,-1.033,-1,400.000,-1,375.000,500.000,325.000,325.000,275.000,250.000,-1,-1,-1,-1,750.000,700.000,-1,775.000,2,0,2,1,1,0,1,0,1,2,2,2,2,0,1,2,1
60,5887.894,742.158,168.430,121.186,-0.516576,-0.848216,-0.116958,0.856174,-0.513409,-0.058118,-0.010750,-0.130158,0.991435,0,0.98531,-0.46224,59.119,-0.924,-1,425.000,-1,400.000,500.000,350.000,350.000,275.000,250.000,-1,-1,-1,350.000,825.000,700.000,-1,750.000,2,0,2,1,1,0,1,0,1,2,2,2,1,0,1,2,1
61,5857.686,794.001,165.658,120.242,-0.503998,-0.857242,-0.105464,0.863699,-0.499778,-0.065155,0.003145,-0.123927,0.992286,0,1.00000,-0.47161,60.000,-0.943,-1,450.000,-1,400.000,525.000,375.000,375.000,300.000,275.000,-1,-1,-1,275.000,925.000,675.000,-1,725.000,2,0,2,1,1,0,1,0,1,2,2,2,1,0,1,2,1
62,5828.338,846.335,165.739,119.279,-0.489923,-0.865106,-0.107552,0.871731,-0.485058,-0.069317,0.007798,-0.127717,0.991780,0,1.00000,-0.48175,60.000,-0.963,-1,450.000,-1,425.000,525.000,375.000,375.000,275.000,275.000,-1,-1,-1,300.000,950.000,650.000,-1,700.000,2,0,2,1,1,0,0,0,1,2,2,2,1,0,1,2,1
63,5799.893,899.166,165.634,118.294,-0.475311,-0.872909,-0.110045,0.879742,-0.469894,-0.072483,0.011561,-0.131264,0.991280,0,1.00000,-0.49252,60.000,-0.985,-1,450.000,-1,450.000,500.000,375.000,400.000,275.000,250.000,-1,425.000,-1,325.000,975.000,625.000,-1,650.000,2,0,2,1,1,0,0,0,1,2,0,2,1,0,1,2,1
64,5772.383,952.490,165.461,117.286,-0.460165,-0.880689,-0.112406,0.887710,-0.454286,-0.074803,0.014813,-0.134206,0.990843,0,1.00000,-0.50394,60.000,-1.008,-1,475.000,-1,425.000,475.000,375.000,400.000,275.000,250.000,-1,300.000,-1,350.000,975.000,600.000,-1,600.000,2,0,2,1,1,0,0,0,1,2,0,2,1,0,1,2,1
65,5745.838,1006.301,165.238,116.254,-0.444459,-0.888435,-0.114625,0.895626,-0.438206,-0.076352,0.017605,-0.136596,0.990470,0,1.00000,-0.51602,60.000,-1.032,-1,475.000,-1,400.000,450.000,400.000,400.000,275.000,225.000,-1,275.000,450.000,375.000,1000.000,575.000,-1,550.000,2,0,2,1,1,0,1,0,1,2,0,0,1,0,1,2,1
66,5720.292,1060.593,164.986,115.197,-0.428167,-0.896133,-0.116696,0.903478,-0.421622,-0.077211,0.019990,-0.138491,0.990162,0,1.00000,-0.52875,60.000,-1.058,-1,475.000,-1,400.000,400.000,400.000,375.000,275.000,225.000,-1,275.000,450.000,400.000,1000.000,525.000,-1,500.000,2,0,2,1,1,1,1,0,1,2,0,0,1,0,1,2,1
67,5695.777,1115.359,164.727,114.112,-0.411267,-0.903763,-0.118620,0.911249,-0.404506,-0.077463,0.022026,-0.139950,0.989914,0,1.00000,-0.54209,60.000,-1.084,-1,450.000,-1,375.000,350.000,375.000,350.000,275.000,200.000,-1,275.000,450.000,425.000,1000.000,500.000,-1,425.000,2,1,2,1,1,1,1,0,1,2,0,0,1,0,1,2,1
68,5672.535,1170.678,164.603,112.788,-0.390412,-0.912689,-0.120737,0.920318,-0.383437,-0.077396,0.024343,-0.141332,0.989663,0,1.00000,-0.66209,60.000,-1.324,-1,425.000,-1,325.000,300.000,350.000,325.000,275.000,200.000,-1,275.000,450.000,450.000,1000.000,450.000,-1,375.000,2,1,2,1,1,1,1,0,1,2,0,0,1,0,1,2,1
69,5650.818,1226.568,166.002,111.224,-0.365157,-0.921979,-0.128901,0.930654,-0.358056,-0.075364,0.023330,-0.147482,0.988790,0,0.99930,-0.78209,59.958,-1.564,-1,400.000,-1,300.000,275.000,325.000,300.000,275.000,200.000,-1,400.000,650.000,475.000,975.000,400.000,-1,300.000,2,1,2,1,1,1,1,0,1,2,0,0,1,0,1,2,1
70,5631.043,1282.591,169.551,109.420,-0.336470,-0.930857,-0.142452,0.941314,-0.328168,-0.078954,0.026747,-0.160658,0.986648,0,0.99011,-0.90209,59.406,-1.804,-1,375.000,-1,300.000,250.000,300.000,275.000,275.000,200.000,-1,500.000,-1,550.000,975.000,375.000,-1,275.000,2,1,2,1,1,1,1,0,1,2,0,2,1,0,1,2,1
71,5613.392,1338.741,174.345,107.420,-0.305175,-0.938996,-0.158603,0.951659,-0.294619,-0.086859,0.034833,-0.177443,0.983514,0,0.98088,-1.00000,58.853,-2.000,-1,375.000,-1,275.000,275.000,275.000,250.000,250.000,225.000,875.000,475.000,875.000,600.000,1000.000,375.000,-1,275.000,2,1,2,1,1,1,1,0,1,0,0,0,1,0,1,2,1
72,5597.857,1394.941,179.198,105.420,-0.273989,-0.945678,-0.174994,0.960732,-0.260834,-0.094658,0.043871,-0.194057,0.980009,0,0.97167,-1.00000,58.300,-2.000,-1,350.000,-1,250.000,275.000,275.000,250.000,250.000,250.000,700.000,425.000,775.000,675.000,1000.000,350.000,-1,275.000,2,1,2,1,1,1,1,0,1,0,0,0,1,0,1,2,1
73,5584.453,1451.093,186.632,103.420,-0.243937,-0.952981,-0.179783,0.967811,-0.227380,-0.107890,0.061938,-0.200314,0.977772,0,0.96201,-1.00000,57.720,-2.000,-1,350.000,-1,250.000,300.000,275.000,250.000,250.000,250.000,600.000,325.000,600.000,700.000,-1,350.000,-1,300.000,2,1,2,1,1,1,1,0,1,0,0,0,1,2,1,2,1
74,5573.137,1507.097,194.213,101.420,-0.213944,-0.959226,-0.184699,0.973512,-0.193758,-0.121379,0.080643,-0.205775,0.975271,0,0.95206,-1.00000,57.124,-2.000,-1,375.000,-1,250.000,375.000,275.000,225.000,275.000,275.000,525.000,275.000,475.000,750.000,-1,350.000,-1,325.000,2,1,2,1,1,1,1,0,1,0,0,0,1,2,1,2,1
75,-7543.224,-4263.546,-116.159,73.381,0.279497,-0.956669,0.081645,0.955416,0.285543,0.075134,-0.095192,0.057005,0.993825,1,0.00000,0.00000,56.523,-2.000,-1,400.000,-1,400.000,-1,325.000,325.000,300.000,300.000,-1,-1,-1,-1,775.000,750.000,-1,-1,2,0,2,0,2,0,0,0,0,2,2,2,2,0,0,2,2
76,-7541.870,-4258.941,-116.617,73.621,0.275459,-0.957836,0.081684,0.956590,0.281527,0.075353,-0.095172,0.057381,0.993806,0,0.08000,0.12000,4.800,0.240,-1,400.000,-1,400.000,-1,325.000,325.000,300.000,300.000,-1,-1,-1,-1,775.000,750.000,-1,-1,2,0,2,0,2,0,0,0,0,2,2,2,2,0,0,2,2
77,-7539.241,-4249.708,-117.528,74.101,0.267370,-0.960119,0.081758,0.958887,0.273481,0.075791,-0.095128,0.058133,0.993766,0,0.16000,0.24000,9.600,0.480,-1,400.000,-1,400.000,-1,325.000,325.000,300.000,300.000,-1,-1,-1,-1,775.000,750.000,-1,-1,2,0,2,0,2,0,0,0,0,2,2,2,2,0,0,2,2
78,-7535.456,-4235.815,-118.886,74.760,0.256232,-0.963142,0.081865,0.961925,0.262405,0.076447,-0.095111,0.059160,0.993707,0,0.24000,0.32946,14.400,0.659,-1,400.000,-1,400.000,-1,325.000,325.000,300.000,300.000,-1,-1,-1,-1,750.000,750.000,-1,-1,2,0,2,0,2,0,0,0,0,2,2,2,2,0,0,2,2
79,-7530.624,-4217.233,-120.680,75.423,0.244974,-0.966055,0.082011,0.964835,0.251228,0.077317,-0.095296,0.060186,0.993628,0,0.32000,0.33148,19.200,0.663,-1,400.000,-1,400.000,-1,325.000,325.000,300.000,300.000,-1,-1,-1,-1,750.000,750.000,-1,-1,2,0,2,0,2,0,0,0,0,2,2,2,2,0,0,2,2
80,-7524.856,-4193.936,-122.905,76.092,0.233559,-0.968863,0.082190,0.967624,0.239911,0.078402,-0.095679,0.061217,0.993528,0,0.40000,0.33465,24.000,0.669,-1,400.000,-1,400.000,-1,325.000,325.000,300.000,300.000,-1,-1,-1,-1,750.000,725.000,-1,-1,2,0,2,0,2,0,0,0,0,2,2,2,2,0,0,2,2
81,-7518.266,-4165.900,-125.555,76.770,0.221948,-0.971571,0.082399,0.970296,0.228416,0.079699,-0.096254,0.062263,0.993408,0,0.48000,0.33898,28.800,0.678,-1,400.000,-1,400.000,-1,325.000,325.000,300.000,300.000,-1,-1,-1,-1,750.000,725.000,-1,-1,2,0,2,0,2,0,0,0,0,2,2,2,2,0,0,2,2
82,-7510.970,-4133.102,-128.622,77.459,0.210101,-0.974181,0.082634,0.972854,0.216703,0.081207,-0.097017,0.063330,0.993266,0,0.56000,0.34447,33.600,0.689,-1,400.000,-1,400.000,-1,325.000,325.000,300.000,300.000,-1,-1,-1,-1,725.000,700.000,-1,-1,2,0,2,0,2,0,0,0,0,2,2,2,2,0,0,2,2
83,-7503.093,-4095.518,-132.099,78.161,0.197977,-0.976696,0.082891,0.975299,0.204732,0.082925,-0.097962,0.064426,0.993103,0,0.64000,0.35114,38.400,0.702,1000.000,400.000,-1,375.000,-1,325.000,325.000,300.000,300.000,-1,-1,-1,-1,725.000,700.000,-1,-1,1,0,2,0,2,0,0,0,0,2,2,2,2,0,0,2,2
84,-7494.761,-4053.129,-135.979,78.879,0.185535,-0.979112,0.083163,0.977629,0.192461,0.084850,-0.099083,0.065560,0.992917,0,0.72000,0.35903,43.200,0.718,950.000,375.000,-1,375.000,-1,325.000,325.000,300.000,300.000,-1,-1,-1,-1,700.000,675.000,975.000,-1,1,0,2,0,2,0,0,0,0,2,2,2,2,0,0,1,2
85,-7486.110,-4005.915,-140.253,79.616,0.172734,-0.981427,0.083446,0.979841,0.179850,0.086982,-0.100374,0.066739,0.992709,0,0.80000,0.36813,48.000,0.736,900.000,375.000,-1,375.000,-1,300.000,300.000,300.000,300.000,-1,-1,-1,-1,700.000,675.000,925.000,-1,1,0,2,0,2,0,0,0,0,2,2,2,2,0,0,1,2
86,-7477.280,-3953.859,-145.125,80.373,0.159718,-0.983693,0.082697,0.982025,0.166864,0.088225,-0.100585,0.067120,0.992662,0,0.88000,0.37848,52.800,0.757,850.000,375.000,-1,375.000,-1,300.000,300.000,300.000,300.000,-1,-1,-1,-1,700.000,650.000,850.000,-1,1,0,2,0,2,0,0,0,0,2,2,2,2,1,0,1,2
87,-7468.422,-3896.944,-150.399,81.153,0.146288,-0.985803,0.082414,0.984191,0.153443,0.088447,-0.099837,0.068173,0.992666,0,0.96000,0.39010,57.600,0.780,800.000,375.000,-1,375.000,-1,300.000,300.000,300.000,300.000,-1,-1,-1,-1,675.000,650.000,800.000,-1,1,0,2,0,2,0,0,0,0,2,2,2,2,1,0,1,2
88,-7460.201,-3838.748,-155.581,81.959,0.132636,-0.987825,0.081302,0.986445,0.139555,0.086316,-0.096611,0.068751,0.992945,0,0.97959,0.40301,58.775,0.806,750.000,375.000,-1,375.000,-1,300.000,300.000,300.000,300.000,-1,-1,-1,-1,650.000,650.000,775.000,-1,1,0,2,0,2,0,0,0,0,2,2,2,2,1,0,1,2
89,-7452.823,-3780.403,-160.652,82.791,0.118526,-0.989718,0.080064,0.988570,0.125184,0.084010,-0.093169,0.069191,0.993243,0,0.98018,0.41624,58.811,0.832,725.000,375.000,-1,375.000,-1,300.000,300.000,300.000,300.000,-1,-1,-1,-1,650.000,650.000,725.000,-1,1,0,2,0,2,0,0,0,0,2,2,2,2,1,0,1,2
90,-7446.318,-3721.944,-165.659,83.650,0.103927,-0.991450,0.078910,0.990535,0.110330,0.081654,-0.089662,0.069677,0.993532,0,0.98034,0.42946,58.821,0.859,675.000,375.000,-1,375.000,-1,300.000,300.000,300.000,325.000,-1,-1,-1,-1,625.000,650.000,675.000,-1,1,0,2,0,2,0,0,0,0,2,2,2,2,1,0,1,2
91,-7440.720,-3663.407,-170.599,84.535,0.088842,-0.992999,0.077844,0.992317,0.094995,0.079261,-0.086101,0.070205,0.993810,0,0.98008,0.44265,58.805,0.885,625.000,375.000,-1,375.000,-1,300.000,300.000,300.000,325.000,-1,-1,-1,-1,600.000,650.000,625.000,-1,1,0,2,0,2,0,0,0,0,2,2,2,2,1,0,1,2
92,-7435.859,-3603.606,-175.580,85.353,0.074921,-0.994223,0.076856,0.993766,0.080823,0.076791,-0.082559,0.070624,0.994081,0,1.00000,0.40852,60.000,0.817,575.000,375.000,-1,375.000,-1,300.000,300.000,300.000,325.000,-1,-1,-1,-1,575.000,650.000,575.000,-1,1,1,2,0,2,0,0,0,0,2,2,2,2,1,0,1,2
93,-7431.879,-3543.739,-180.500,86.196,0.060523,-0.995273,0.075952,0.995038,0.066179,0.074301,-0.078976,0.071078,0.994339,0,1.00000,0.42166,60.000,0.843,525.000,375.000,-1,375.000,-1,300.000,300.000,300.000,325.000,-1,-1,-1,-1,575.000,650.000,525.000,-1,1,1,2,0,2,0,0,0,0,2,2,2,2,1,0,1,2
94,-7428.803,-3483.819,-185.358,87.059,0.045753,-0.996123,0.075132,0.996106,0.051168,0.071801,-0.075367,0.071555,0.994585,0,1.00000,0.43183,60.000,0.864,475.000,375.000,-1,375.000,-1,300.000,300.000,300.000,325.000,-1,-1,-1,-1,550.000,650.000,475.000,-1,1,1,2,0,2,0,0,0,0,2,2,2,2,1,0,1,2
95,-7426.650,-3423.858,-190.155,87.943,0.030621,-0.996758,0.074398,0.996953,0.035799,0.069300,-0.071739,0.072049,0.994818,0,1.00000,0.44179,60.000,0.884,425.000,350.000,-1,375.000,-1,300.000,300.000,300.000,300.000,-1,-1,-1,-1,525.000,650.000,425.000,-1,1,1,2,0,2,0,0,0,0,2,2,2,2,1,0,1,2
96,-7425.443,-3363.871,-194.889,88.846,0.015135,-0.997162,0.073746,0.997564,0.020082,0.066810,-0.068101,0.072555,0.995037,0,1.00000,0.45159,60.000,0.903,350.000,350.000,-1,375.000,-1,300.000,300.000,300.000,300.000,-1,475.000,500.000,-1,500.000,675.000,375.000,-1,1,1,2,0,2,0,0,0,0,2,0,0,2,1,0,1,2
97,-7425.202,-3303.873,-199.562,89.769,-0.000696,-0.997319,0.073177,0.997920,0.004025,0.064340,-0.064462,0.073069,0.995241,0,1.00000,0.46126,60.000,0.923,300.000,325.000,-1,375.000,-1,300.000,300.000,300.000,300.000,-1,425.000,450.000,-1,475.000,675.000,325.000,-1,1,1,2,0,2,0,0,0,0,2,0,0,2,1,0,1,2
98,-7425.951,-3243.879,-202.071,90.710,-0.016883,-0.996897,0.076887,0.998187,-0.012361,0.058905,-0.057771,0.077743,0.995298,0,1.00000,0.47082,60.000,0.942,275.000,325.000,-1,375.000,-1,325.000,325.000,325.000,300.000,-1,400.000,400.000,-1,450.000,675.000,300.000,-1,1,1,2,0,2,0,0,0,0,2,0,0,2,1,0,1,2
99,-7427.784,-3188.711,-202.787,91.892,-0.037113,-0.995706,0.084802,0.998176,-0.032893,0.050632,-0.047625,0.086527,0.995111,0,0.92000,0.59082,55.200,1.182,250.000,325.000,-1,400.000,-1,350.000,325.000,350.000,300.000,-1,350.000,350.000,-1,450.000,725.000,275.000,-1,1,1,2,0,2,0,0,0,0,2,0,0,2,1,0,1,2
100,-7430.974,-3133.838,-203.174,93.314,-0.061295,-0.993677,0.094072,0.997451,-0.057533,0.042198,-0.036519,0.096418,0.994671,0,0.91614,0.71082,54.968,1.422,225.000,325.000,-1,400.000,-1,350.000,350.000,375.000,300.000,-1,325.000,300.000,-1,425.000,750.000,250.000,-1,1,1,2,0,2,1,0,0,0,2,0,0,2,1,0,1,2
101,-7435.772,-3078.916,-203.139,94.975,-0.089308,-0.990427,0.105259,0.995712,-0.086222,0.033528,-0.024131,0.107802,0.993880,0,0.91889,0.83082,55.134,1.662,225.000,325.000,-1,425.000,-1,350.000,375.000,400.000,275.000,-1,300.000,275.000,-1,425.000,800.000,225.000,-1,1,1,2,0,2,1,0,0,0,2,0,0,2,1,0,1,2
102,-7442.420,-3023.980,-202.585,96.877,-0.120968,-0.985511,0.118887,0.992604,-0.118858,0.024707,-0.010218,0.120996,0.992600,0,0.92231,0.95082,55.339,1.902,200.000,300.000,-1,450.000,-1,350.000,400.000,450.000,275.000,-1,300.000,200.000,950.000,400.000,875.000,225.000,-1,1,1,2,0,2,1,0,0,0,2,0,0,0,1,0,1,2
103,-7451.027,-2969.065,-201.440,98.877,-0.153601,-0.978820,0.135341,0.988119,-0.152876,0.015796,0.005229,0.136159,0.990673,0,0.92648,1.00000,55.589,2.000,175.000,300.000,-1,475.000,-1,325.000,425.000,500.000,275.000,-1,250.000,150.000,800.000,375.000,950.000,200.000,-1,1,1,2,0,2,1,0,0,0,2,0,0,0,1,0,1,2
104,-7461.603,-2914.228,-199.657,100.877,-0.185270,-0.970408,0.154865,0.982437,-0.186467,0.006892,0.022189,0.153422,0.987912,0,0.93086,1.00000,55.851,2.000,175.000,275.000,-1,525.000,-1,300.000,450.000,850.000,250.000,-1,225.000,100.000,600.000,350.000,-1,175.000,-1,1,1,2,0,2,1,0,1,0,2,0,0,0,1,2,1,2
105,-7474.154,-2859.553,-197.196,102.877,-0.215697,-0.960156,0.177695,0.975611,-0.219499,-0.001785,0.040718,0.172976,0.984084,0,0.93501,1.00000,56.101,2.000,150.000,275.000,-1,550.000,-1,300.000,450.000,-1,250.000,-1,200.000,75.000,475.000,325.000,-1,175.000,-1,1,1,2,0,2,1,1,2,0,2,0,0,0,1,2,1,2
106,-7488.678,-2805.128,-194.023,104.877,-0.244562,-0.947925,0.204029,0.967724,-0.251815,-0.009965,0.060824,0.195006,0.978914,0,0.93890,1.00000,56.334,2.000,150.000,250.000,-1,600.000,-1,275.000,425.000,-1,225.000,-1,175.000,50.000,350.000,325.000,-1,150.000,-1,1,1,2,0,2,1,1,2,0,2,0,0,0,1,2,1,2
107,-7505.171,-2751.045,-190.105,106.877,-0.271511,-0.933553,0.234008,0.958897,-0.283225,-0.017327,0.082452,0.219685,0.972080,0,0.94245,1.00000,56.547,2.000,125.000,250.000,-1,650.000,-1,275.000,400.000,-1,225.000,-1,175.000,25.000,275.000,325.000,-1,150.000,-1,1,1,2,0,2,1,1,2,0,2,0,0,0,1,2,1,2
108,-7523.622,-2697.400,-185.280,108.877,-0.296303,-0.916962,0.267179,0.949291,-0.313535,-0.023286,0.105123,0.246731,0.963365,0,0.94560,1.00000,56.736,2.000,125.000,250.000,-1,675.000,-1,250.000,375.000,-1,225.000,-1,175.000,25.000,200.000,325.000,-1,125.000,-1,1,1,2,1,2,1,1,2,0,2,0,0,0,1,2,1,2
109,5575.482,3607.646,229.968,-72.340,0.303599,0.948136,-0.094164,-0.952797,0.301865,-0.032482,-0.002372,0.099581,0.995027,1,0.00000,0.00000,56.894,2.000,300.000,275.000,700.000,400.000,725.000,250.000,300.000,400.000,300.000,-1,325.000,200.000,875.000,375.000,500.000,275.000,575.000,1,1,1,1,1,1,1,0,0,2,0,0,0,1,1,1,1
110,5576.959,3603.079,230.002,-72.100,0.307494,0.946780,-0.095161,-0.951549,0.305808,-0.032185,-0.001372,0.100447,0.994941,0,0.08000,0.12000,4.800,0.240,300.000,275.000,700.000,400.000,700.000,250.000,300.000,400.000,300.000,-1,325.000,200.000,875.000,375.000,500.000,275.000,575.000,1,1,1,1,1,1,1,0,0,2,0,0,0,1,1,1,1
111,5579.988,3593.970,230.081,-71.620,0.315260,0.944017,-0.097181,-0.949005,0.313673,-0.031601,0.000651,0.102188,0.994765,0,0.16000,0.24000,9.600,0.480,300.000,275.000,700.000,375.000,675.000,250.000,300.000,400.000,300.000,-1,325.000,175.000,850.000,375.000,500.000,275.000,575.000,1,1,1,1,1,1,1,0,0,2,0,0,0,1,1,1,1
112,5584.704,3580.365,230.227,-70.900,0.326849,0.939741,-0.100278,-0.945069,0.325421,-0.030750,0.003736,0.104821,0.994484,0,0.24000,0.36000,14.400,0.720,300.000,275.000,700.000,375.000,650.000,250.000,300.000,425.000,300.000,-1,300.000,175.000,825.000,375.000,475.000,275.000,550.000,1,1,1,1,1,1,1,0,0,2,0,0,0,1,1,1,1
113,5591.295,3562.333,230.472,-69.940,0.342185,0.933800,-0.104532,-0.939599,0.340989,-0.029665,0.007943,0.108369,0.994079,0,0.32000,0.48000,19.200,0.960,300.000,275.000,675.000,350.000,600.000,250.000,275.000,425.000,300.000,-1,300.000,150.000,775.000,350.000,475.000,275.000,525.000,1,1,1,1,1,1,1,0,0,2,0,0,0,1,1,1,1
114,5600.005,3539.970,230.858,-68.740,0.361160,0.925988,-0.110048,-0.932408,0.360289,-0.028399,0.013352,0.112866,0.993521,0,0.40000,0.60000,24.000,1.200,300.000,250.000,675.000,350.000,550.000,250.000,275.000,425.000,300.000,-1,275.000,150.000,750.000,350.000,450.000,275.000,500.000,1,1,1,1,1,1,1,0,0,2,0,0,0,1,1,1,1
115,5611.128,3513.407,231.439,-67.300,0.383627,0.916053,-0.116952,-0.923270,0.383199,-0.027029,0.020056,0.118347,0.992770,0,0.48000,0.72000,28.800,1.440,275.000,250.000,675.000,325.000,500.000,225.000,275.000,450.000,275.000,-1,250.000,125.000,700.000,350.000,425.000,275.000,450.000,1,1,1,1,1,1,1,0,0,2,0,0,0,1,1,1,1
116,5625.008,3482.811,232.280,-65.620,0.409398,0.903698,-0.125390,-0.911921,0.409562,-0.025665,0.028161,0.124853,0.991776,0,0.56000,0.84000,33.600,1.680,275.000,250.000,650.000,300.000,450.000,225.000,250.000,475.000,275.000,-1,250.000,125.000,650.000,325.000,400.000,250.000,425.000,1,1,1,1,1,1,1,0,0,2,0,0,0,1,1,1,1
117,5642.035,3448.395,233.456,-63.700,0.438229,0.888589,-0.135519,-0.898069,0.439174,-0.024460,0.037782,0.132424,0.990473,0,0.64000,0.96000,38.400,1.920,275.000,225.000,650.000,275.000,400.000,225.000,250.000,500.000,275.000,-1,225.000,100.000,600.000,325.000,375.000,250.000,375.000,1,1,1,1,1,1,1,0,0,2,0,0,0,1,1,1,1
118,5662.524,3410.366,236.727,-61.700,0.466998,0.872399,-0.144335,-0.882647,0.469745,-0.016550,0.053363,0.135126,0.989390,0,0.72000,1.00000,43.200,2.000,-1,225.000,750.000,275.000,350.000,200.000,225.000,525.000,300.000,-1,200.000,100.000,575.000,325.000,375.000,250.000,350.000,2,1,1,1,1,1,1,0,0,2,0,0,0,1,1,1,1
119,5686.747,3368.928,241.702,-59.700,0.494485,0.855487,-0.153711,-0.866067,0.499913,-0.003832,0.073564,0.135019,0.988108,0,0.80000,1.00000,48.000,2.000,-1,225.000,-1,250.000,325.000,200.000,225.000,550.000,300.000,-1,175.000,75.000,550.000,325.000,350.000,250.000,325.000,2,1,2,1,1,1,1,0,0,2,0,0,0,1,1,1,1
120,328.000,4263.608,117.500,-34.953,0.820087,0.570083,-0.049619,-0.572172,0.815584,-0.086263,-0.008709,0.099134,0.995036,1,0.00000,0.00000,52.800,2.000,-1,375.000,-1,400.000,-1,300.000,325.000,325.000,325.000,-1,-1,-1,-1,575.000,725.000,825.000,-1,2,0,2,0,2,0,0,0,0,2,2,2,2,1,0,1,2
121,331.932,4260.855,117.476,-35.004,0.819581,0.570794,-0.049809,-0.572897,0.815071,-0.086297,-0.008660,0.099263,0.995024,0,0.08000,-0.02523,4.800,-0.050,-1,375.000,-1,400.000,-1,300.000,325.000,325.000,325.000,-1,-1,-1,-1,575.000,750.000,825.000,-1,2,0,2,0,2,0,0,0,0,2,2,2,2,1,0,1,2
122,339.791,4255.341,117.430,-35.053,0.819080,0.571480,-0.050189,-0.573617,0.814559,-0.086355,-0.008468,0.099521,0.994999,0,0.16000,-0.02464,9.600,-0.049,-1,375.000,-1,400.000,-1,300.000,325.000,325.000,325.000,-1,-1,-1,-1,575.000,750.000,825.000,-1,2,1,2,0,2,0,0,0,0,2,2,2,2,1,1,1,2
123,351.573,4247.062,117.359,-35.100,0.818590,0.572130,-0.050765,-0.574321,0.814055,-0.086433,-0.008125,0.099908,0.994963,0,0.24000,-0.02367,14.400,-0.047,-1,375.000,-1,400.000,-1,300.000,325.000,325.000,325.000,-1,-1,-1,-1,575.000,750.000,800.000,-1,2,1,2,0,2,0,0,0,0,2,2,2,2,1,1,1,2
124,367.273,4236.010,117.267,-35.145,0.818119,0.572734,-0.051547,-0.574999,0.813566,-0.086525,-0.007619,0.100428,0.994915,0,0.32000,-0.02232,19.200,-0.045,-1,375.000,-1,400.000,-1,300.000,325.000,325.000,325.000,-1,-1,-1,-1,575.000,725.000,775.000,-1,2,1,2,0,2,0,0,0,0,2,2,2,2,1,1,1,2
125,386.888,4222.181,117.098,-35.186,0.817682,0.573292,-0.052273,-0.575627,0.813120,-0.086547,-0.007112,0.100858,0.994875,0,0.40000,-0.02055,24.000,-0.041,-1,375.000,-1,400.000,-1,300.000,325.000,325.000,325.000,-1,-1,-1,-1,550.000,725.000,750.000,-1,2,1,2,0,2,0,0,0,0,2,2,2,2,1,1,1,2
126,410.416,4205.571,116.851,-35.223,0.817287,0.573794,-0.052933,-0.576192,0.812726,-0.086481,-0.006602,0.101180,0.994846,0,0.48000,-0.01833,28.800,-0.037,-1,350.000,-1,400.000,-1,300.000,325.000,325.000,325.000,-1,-1,-1,-1,550.000,700.000,725.000,-1,2,1,2,0,2,0,0,0,0,2,2,2,2,1,1,1,2
127,437.854,4186.177,116.574,-35.254,0.816939,0.574213,-0.053756,-0.576693,0.812379,-0.086406,-0.005945,0.101589,0.994809,0,0.56000,-0.01562,33.600,-0.031,-1,350.000,-1,400.000,-1,300.000,325.000,325.000,325.000,-1,-1,-1,-1,525.000,675.000,700.000,-1,2,1,2,0,2,0,0,0,0,2,2,2,2,1,1,1,2
128,469.203,4164.000,116.308,-35.279,0.816653,0.574525,-0.054753,-0.577105,0.812077,-0.086489,-0.005226,0.102230,0.994747,0,0.64000,-0.01236,38.400,-0.025,-1,350.000,-1,375.000,-1,300.000,325.000,325.000,325.000,-1,-1,-1,-1,500.000,675.000,650.000,-1,2,1,2,0,2,1,0,0,0,2,2,2,2,1,1,1,2
129,504.463,4139.041,116.035,-35.295,0.816435,0.574719,-0.055961,-0.577421,0.811841,-0.086602,-0.004341,0.103018,0.994670,0,0.72000,-0.00849,43.200,-0.017,-1,325.000,-1,375.000,-1,300.000,325.000,325.000,325.000,-1,-1,-1,-1,475.000,650.000,600.000,-1,2,1,2,0,2,1,0,0,0,2,2,2,2,1,1,1,2
130,543.637,4111.302,115.765,-35.303,0.816297,0.574772,-0.057409,-0.577623,0.811681,-0.086753,-0.003266,0.103977,0.994574,0,0.80000,-0.00391,48.000,-0.008,-1,325.000,-1,375.000,-1,275.000,300.000,325.000,325.000,-1,-1,-1,-1,450.000,625.000,550.000,-1,2,1,2,0,2,1,1,0,0,2,2,2,2,1,1,1,2
131,586.597,4080.606,115.793,-35.551,0.813686,0.578130,-0.060670,-0.581302,0.808980,-0.087399,-0.001447,0.106383,0.994324,0,0.88000,-0.12391,52.800,-0.248,-1,300.000,-1,375.000,-1,275.000,300.000,325.000,325.000,-1,-1,-1,-1,425.000,600.000,500.000,-1,2,1,2,1,2,1,1,0,0,2,2,2,2,1,1,1,2
