timestep,x_cm,y_cm,z_cm,yaw_deg,basis_xx,basis_xy,basis_xz,basis_yx,basis_yy,basis_yz,basis_zx,basis_zy,basis_zz,teleport_flag,throttle_cmd,steering_cmd,cmd_move_cm,cmd_turn_deg,lidar_cm_0,lidar_cm_1,lidar_cm_2,lidar_cm_3,lidar_cm_4,lidar_cm_5,lidar_cm_6,lidar_cm_7,lidar_cm_8,lidar_cm_9,lidar_cm_10,lidar_cm_11,lidar_cm_12,lidar_cm_13,lidar_cm_14,lidar_cm_15,lidar_cm_16,lidar_class_0,lidar_class_1,lidar_class_2,lidar_class_3,lidar_class_4,lidar_class_5,lidar_class_6,lidar_class_7,lidar_class_8,lidar_class_9,lidar_class_10,lidar_class_11,lidar_class_12,lidar_class_13,lidar_class_14,lidar_class_15,lidar_class_16
0,-3607.122,-984.071,-63.463,-18.820,0.946247,0.322597,-0.023407,-0.322490,0.946536,0.008313,0.024837,-0.000317,0.999691,1,0.00888,0.12000,0.533,0.240,450.000,375.000,525.000,400.000,-1,325.000,325.000,300.000,300.000,-1,475.000,450.000,-1,400.000,550.000,425.000,700.000,1,1,1,0,2,0,0,0,0,2,1,1,2,1,1,1,1
1,-3606.604,-984.242,-63.460,-18.340,0.948918,0.314656,-0.023379,-0.314546,0.949206,0.008339,0.024815,-0.000560,0.999692,0,0.00910,0.24000,0.546,0.480,450.000,375.000,525.000,400.000,-1,325.000,325.000,300.000,300.000,-1,475.000,450.000,-1,400.000,550.000,425.000,675.000,1,1,1,0,2,0,0,0,0,2,1,1,2,1,1,1,1
2,-3606.062,-984.414,-63.462,-17.620,0.952799,0.302703,-0.023350,-0.302588,0.953084,0.008385,0.024793,-0.000924,0.999692,0,0.00947,0.36000,0.568,0.720,475.000,375.000,525.000,400.000,925.000,325.000,325.000,300.000,300.000,-1,475.000,475.000,-1,400.000,550.000,425.000,675.000,1,1,1,0,1,0,0,0,0,2,1,1,2,1,1,1,1
3,-3605.488,-984.586,-63.467,-16.660,0.957739,0.286692,-0.023322,-0.286571,0.958022,0.008448,0.024765,-0.001408,0.999692,0,0.00999,0.48000,0.599,0.960,475.000,375.000,525.000,400.000,875.000,325.000,325.000,300.000,300.000,-1,475.000,475.000,-1,400.000,525.000,425.000,650.000,1,1,1,0,1,0,0,0,0,2,1,1,2,1,1,1,1
4,-3604.873,-984.756,-63.475,-15.460,0.963535,0.266566,-0.023297,-0.266437,0.963815,0.008528,0.024728,-0.002009,0.999692,0,0.01063,0.60000,0.638,1.200,475.000,375.000,525.000,400.000,825.000,325.000,325.000,300.000,300.000,-1,450.000,475.000,-1,400.000,525.000,425.000,625.000,1,1,1,0,1,0,0,0,0,2,1,1,2,1,1,1,1
5,-3604.210,-984.922,-63.484,-14.020,0.969932,0.242260,-0.023277,-0.242122,0.970207,0.008622,0.024672,-0.002727,0.999692,0,0.01138,0.72000,0.683,1.440,500.000,375.000,500.000,400.000,775.000,325.000,325.000,300.000,300.000,-1,450.000,475.000,-1,425.000,500.000,450.000,625.000,1,1,1,0,1,0,0,0,0,2,1,1,2,1,1,1,1
6,-3603.495,-985.081,-63.488,-12.578,0.975723,0.217769,-0.023261,-0.217621,0.975994,0.008711,0.024599,-0.003438,0.999691,0,0.01222,0.72097,0.733,1.442,525.000,375.000,500.000,400.000,750.000,325.000,325.000,300.000,300.000,1000.000,450.000,500.000,-1,425.000,500.000,450.000,600.000,1,1,1,0,1,0,0,0,0,1,1,1,2,1,1,1,1
7,-3602.731,-985.232,-63.488,-11.142,0.980876,0.193240,-0.023248,-0.193084,0.981143,0.008796,0.024509,-0.004139,0.999691,0,0.01298,0.71804,0.779,1.436,550.000,375.000,500.000,400.000,700.000,325.000,325.000,300.000,300.000,950.000,450.000,525.000,-1,425.000,500.000,475.000,575.000,1,1,1,0,1,0,0,0,0,1,1,1,2,1,1,1,1
8,-3601.921,-985.370,-63.483,-9.712,0.985395,0.168690,-0.023238,-0.168525,0.985657,0.008874,0.024402,-0.004828,0.999691,0,0.01369,0.71512,0.821,1.430,600.000,375.000,500.000,400.000,675.000,325.000,325.000,300.000,300.000,925.000,450.000,550.000,-1,425.000,475.000,475.000,575.000,1,1,1,0,1,0,0,0,0,1,1,1,2,1,1,1,1
9,-3601.071,-985.494,-63.475,-8.287,0.989285,0.144136,-0.023232,-0.143963,0.989543,0.008947,0.024279,-0.005507,0.999690,0,0.01432,0.71220,0.859,1.424,675.000,375.000,500.000,400.000,650.000,325.000,325.000,300.000,300.000,900.000,475.000,600.000,-1,425.000,475.000,475.000,550.000,1,1,1,0,1,0,0,0,0,1,1,1,2,1,1,1,1
10,-3600.184,-985.601,-63.463,-6.869,0.992551,0.119594,-0.023229,-0.119413,0.992804,0.009014,0.024139,-0.006173,0.999690,0,0.01489,0.70929,0.893,1.419,-1,375.000,475.000,400.000,625.000,325.000,325.000,300.000,300.000,850.000,475.000,675.000,-1,425.000,475.000,500.000,550.000,2,1,1,1,1,0,0,0,0,1,1,1,2,1,1,1,1
11,-3599.265,-985.689,-63.446,-5.456,0.995199,0.095080,-0.023228,-0.094892,0.995446,0.009076,0.023985,-0.006828,0.999689,0,0.01539,0.70638,0.923,1.413,-1,375.000,475.000,400.000,600.000,325.000,325.000,300.000,300.000,825.000,475.000,800.000,-1,425.000,450.000,525.000,525.000,2,1,1,1,1,0,0,0,0,1,1,1,2,1,1,1,1
12,-3598.318,-985.756,-63.427,-4.049,0.997234,0.070609,-0.023230,-0.070413,0.997476,0.009131,0.023816,-0.007470,0.999688,0,0.01583,0.70348,0.950,1.407,-1,375.000,475.000,400.000,575.000,325.000,325.000,300.000,300.000,800.000,500.000,-1,-1,450.000,450.000,525.000,525.000,2,1,1,1,1,0,0,0,0,1,1,2,2,1,1,1,1
13,-3597.347,-985.801,-63.404,-2.648,0.998662,0.046197,-0.023235,-0.045994,0.998900,0.009180,0.023634,-0.008100,0.999688,0,0.01619,0.70058,0.972,1.401,-1,375.000,475.000,400.000,575.000,325.000,325.000,300.000,300.000,775.000,525.000,-1,-1,450.000,450.000,550.000,500.000,2,1,1,1,1,0,0,0,0,1,1,2,2,1,1,1,1
14,-3596.358,-985.822,-63.378,-1.253,0.999491,0.021858,-0.023242,-0.021649,0.999723,0.009224,0.023437,-0.008716,0.999687,0,0.01649,0.69769,0.990,1.395,-1,375.000,475.000,400.000,550.000,325.000,325.000,300.000,300.000,750.000,550.000,-1,-1,450.000,425.000,575.000,500.000,2,1,1,1,1,0,0,0,0,1,1,2,2,1,1,1,1
15,-3595.354,-985.820,-63.348,0.137,0.999727,-0.002392,-0.023251,0.002608,0.999954,0.009261,0.023228,-0.009319,0.999687,0,0.01672,0.69480,1.003,1.390,-1,375.000,475.000,375.000,525.000,325.000,325.000,275.000,300.000,750.000,625.000,-1,-1,450.000,425.000,625.000,475.000,2,1,1,1,1,0,0,0,0,1,1,2,2,1,1,1,1
16,-3589.553,-985.689,-63.204,1.287,0.999483,-0.022454,-0.023006,0.022671,0.999700,0.009256,0.022792,-0.009772,0.999692,0,0.09672,0.57480,5.803,1.150,-1,375.000,475.000,375.000,525.000,325.000,325.000,275.000,300.000,725.000,825.000,-1,-1,450.000,425.000,650.000,475.000,2,1,1,1,1,0,0,0,0,1,1,2,2,1,1,1,1
17,-3578.957,-985.283,-62.948,2.196,0.999012,-0.038321,-0.022507,0.038536,0.999215,0.009221,0.022136,-0.010079,0.999704,0,0.17672,0.45480,10.603,0.910,-1,375.000,475.000,375.000,500.000,325.000,325.000,275.000,300.000,725.000,-1,-1,-1,450.000,400.000,675.000,450.000,2,1,1,1,1,0,0,0,0,1,2,2,2,1,1,1,1
18,-3563.573,-984.513,-62.582,2.866,0.998512,-0.049995,-0.021755,0.050204,0.998697,0.009165,0.021268,-0.010244,0.999721,0,0.25672,0.33480,15.403,0.670,-1,375.000,450.000,350.000,475.000,325.000,325.000,300.000,300.000,750.000,-1,-1,-1,450.000,400.000,725.000,425.000,2,1,1,1,1,1,1,0,0,1,2,2,2,1,1,1,1
19,-3543.403,-983.351,-62.107,3.295,0.998131,-0.057482,-0.020747,0.057680,0.998294,0.009089,0.020189,-0.010269,0.999743,0,0.33672,0.21480,20.203,0.430,-1,350.000,425.000,325.000,450.000,325.000,300.000,300.000,300.000,750.000,-1,-1,-1,425.000,375.000,-1,400.000,2,1,1,1,1,1,1,0,0,1,2,2,2,1,1,2,1
20,-3518.446,-981.831,-61.523,3.485,0.997961,-0.060785,-0.019482,0.060969,0.998099,0.008988,0.018899,-0.010157,0.999770,0,0.41672,0.09480,25.003,0.190,-1,350.000,400.000,300.000,425.000,300.000,300.000,300.000,300.000,800.000,-1,-1,-1,400.000,350.000,625.000,375.000,2,1,1,1,1,1,1,0,0,1,2,2,2,1,1,1,1
21,-3488.696,-980.046,-60.827,3.435,0.998042,-0.059907,-0.017958,0.060073,0.998155,0.008848,0.017394,-0.009909,0.999800,0,0.49672,-0.02520,29.803,-0.050,-1,325.000,375.000,300.000,375.000,275.000,275.000,300.000,300.000,825.000,-1,-1,-1,375.000,325.000,550.000,350.000,2,1,1,1,1,1,1,0,0,1,2,2,2,1,1,1,1
22,-3454.145,-978.148,-60.017,3.144,0.998364,-0.054848,-0.016169,0.054992,0.998449,0.008650,0.015670,-0.009525,0.999832,0,0.57672,-0.14520,34.603,-0.290,-1,300.000,350.000,250.000,350.000,250.000,250.000,300.000,300.000,875.000,-1,-1,-1,350.000,300.000,475.000,325.000,2,1,1,1,1,1,1,0,0,1,2,2,2,1,1,1,1
23,-3414.782,-976.351,-59.089,2.614,0.998860,-0.045603,-0.014114,0.045724,0.998919,0.008367,0.013718,-0.009003,0.999865,0,0.65672,-0.26520,39.403,-0.530,-1,250.000,300.000,225.000,300.000,225.000,225.000,300.000,300.000,950.000,-1,-1,-1,300.000,250.000,400.000,275.000,2,1,1,1,1,1,1,0,0,1,2,2,2,1,1,1,1
24,-3370.602,-974.929,-58.037,1.843,0.999413,-0.032168,-0.011792,0.032263,0.999448,0.007966,0.011530,-0.008341,0.999899,0,0.73672,-0.38520,44.203,-0.770,-1,225.000,250.000,200.000,250.000,200.000,175.000,300.000,300.000,1000.000,-1,-1,-1,250.000,225.000,350.000,225.000,2,1,1,1,1,1,1,0,0,1,2,2,2,1,1,1,1
25,-3321.604,-974.184,-56.858,0.871,0.999842,-0.015200,-0.009208,0.015268,0.999856,0.007413,0.009094,-0.007553,0.999930,0,0.81672,-0.48626,49.003,-0.973,-1,175.000,200.000,150.000,200.000,150.000,150.000,300.000,300.000,-1,-1,-1,-1,200.000,175.000,275.000,175.000,2,1,1,1,1,1,1,0,0,2,2,2,2,1,1,1,1
26,-3267.800,-974.054,-52.408,0.138,0.999833,-0.002416,-0.018093,0.002627,0.999929,0.011635,0.018064,-0.011681,0.999769,0,0.89672,-0.36626,53.803,-0.733,300.000,150.000,150.000,125.000,150.000,125.000,100.000,300.000,325.000,-1,-1,-1,-1,175.000,125.000,200.000,150.000,1,1,1,1,1,1,1,0,0,2,2,2,2,1,1,1,1
27,983.898,-327.964,-23.397,30.809,0.858391,-0.512016,-0.031690,0.512513,0.858625,0.009680,0.022254,-0.024551,0.999451,1,0.00000,0.00000,58.603,-0.493,-1,375.000,-1,375.000,-1,325.000,325.000,300.000,300.000,-1,-1,-1,475.000,700.000,700.000,-1,-1,2,0,2,0,2,0,0,0,0,2,2,2,1,0,0,2,2
28,988.031,-325.523,-23.286,30.569,0.860526,-0.508416,-0.031748,0.508912,0.860764,0.009625,0.022434,-0.024440,0.999450,0,0.08000,-0.12000,4.800,-0.240,-1,375.000,-1,375.000,-1,325.000,325.000,300.000,300.000,-1,-1,-1,500.000,700.000,700.000,-1,-1,2,0,2,0,2,0,0,0,0,2,2,2,1,0,0,2,2
29,996.337,-320.710,-23.061,30.089,0.864750,-0.501190,-0.031864,0.501685,0.864998,0.009513,0.022794,-0.024212,0.999447,0,0.16000,-0.24000,9.600,-0.480,-1,375.000,-1,375.000,-1,325.000,325.000,300.000,300.000,-1,-1,-1,500.000,700.000,700.000,-1,-1,2,0,2,0,2,0,0,0,0,2,2,2,1,0,0,2,2
30,1008.887,-313.648,-22.718,29.369,0.870973,-0.490285,-0.032037,0.490777,0.871235,0.009344,0.023331,-0.023861,0.999443,0,0.24000,-0.36000,14.400,-0.720,-1,375.000,-1,375.000,-1,325.000,325.000,300.000,300.000,-1,-1,-1,500.000,700.000,700.000,-1,-1,2,0,2,0,2,0,0,0,0,2,2,2,1,0,0,2,2
31,1025.775,-304.513,-22.250,28.409,0.879056,-0.475625,-0.032269,0.476112,0.879338,0.009114,0.024041,-0.023375,0.999438,0,0.32000,-0.48000,19.200,-0.960,-1,375.000,-1,375.000,-1,325.000,325.000,300.000,300.000,-1,-1,-1,525.000,700.000,700.000,-1,-1,2,0,2,0,2,0,0,0,0,2,2,2,1,0,0,2,2
32,1047.119,-293.540,-21.649,27.209,0.888813,-0.457112,-0.032561,0.457592,0.889118,0.008821,0.024918,-0.022740,0.999431,0,0.40000,-0.60000,24.000,-1.200,-1,375.000,-1,375.000,-1,325.000,325.000,300.000,300.000,-1,-1,-1,550.000,700.000,700.000,-1,-1,2,0,2,0,2,0,0,0,0,2,2,2,1,0,0,2,2
33,1073.055,-281.020,-20.905,25.769,0.900007,-0.434632,-0.032915,0.435103,0.900341,0.008464,0.025956,-0.021939,0.999422,0,0.48000,-0.72000,28.800,-1.440,-1,375.000,-1,375.000,-1,325.000,325.000,300.000,300.000,-1,-1,-1,575.000,700.000,700.000,-1,-1,2,0,2,0,2,0,0,0,0,2,2,2,1,0,0,2,2
34,1103.730,-267.306,-20.008,24.089,0.912347,-0.408058,-0.033335,0.408516,0.912716,0.008040,0.027145,-0.020954,0.999412,0,0.56000,-0.84000,33.600,-1.680,-1,375.000,-1,375.000,-1,325.000,325.000,300.000,300.000,-1,-1,-1,600.000,675.000,700.000,-1,-1,2,0,2,0,2,0,0,0,0,2,2,2,1,0,0,2,2
35,1139.291,-252.817,-18.945,22.169,0.925490,-0.377258,-0.033828,0.377700,0.925897,0.007553,0.028472,-0.019767,0.999399,0,0.64000,-0.96000,38.400,-1.920,-1,375.000,-1,375.000,-1,325.000,325.000,300.000,300.000,-1,-1,-1,625.000,675.000,700.000,-1,-1,2,0,2,0,2,0,0,0,0,2,2,2,1,0,0,2,2
36,1176.428,-239.177,-17.810,20.169,0.938075,-0.344724,-0.034356,0.345146,0.938522,0.007054,0.029812,-0.018476,0.999385,0,0.65938,-1.00000,39.563,-2.000,-1,375.000,-1,375.000,-1,300.000,300.000,300.000,300.000,-1,-1,-1,650.000,675.000,700.000,-1,-1,2,0,2,0,2,0,0,0,0,2,2,2,1,0,0,2,2
37,1214.287,-226.753,-16.627,18.169,0.949518,-0.311767,-0.034897,0.312169,0.950004,0.006584,0.031100,-0.017146,0.999369,0,0.66408,-1.00000,39.845,-2.000,-1,375.000,-1,375.000,-1,300.000,300.000,300.000,300.000,-1,-1,-1,700.000,675.000,700.000,-1,-1,2,0,2,0,2,0,0,0,0,2,2,2,1,0,0,2,2
38,1252.820,-215.581,-15.355,16.169,0.959805,-0.278428,-0.035378,0.278812,0.960325,0.006326,0.032213,-0.015935,0.999354,0,0.66867,-1.00000,40.120,-2.000,-1,375.000,-1,375.000,-1,300.000,300.000,300.000,300.000,-1,-1,-1,725.000,675.000,700.000,-1,-1,2,0,2,0,2,0,0,0,0,2,2,2,1,0,0,2,2
39,1291.980,-205.695,-13.890,14.169,0.968902,-0.244746,-0.036435,0.245134,0.969467,0.006524,0.033726,-0.015252,0.999315,0,0.67314,-1.00000,40.388,-2.000,-1,375.000,-1,375.000,-1,300.000,300.000,300.000,300.000,-1,-1,-1,775.000,675.000,700.000,-1,-1,2,0,2,0,2,0,0,0,0,2,2,2,1,0,0,2,2
40,1331.717,-197.127,-12.350,12.169,0.976813,-0.210765,-0.037602,0.211163,0.977427,0.006901,0.035299,-0.014681,0.999269,0,0.67750,-1.00000,40.650,-2.000,-1,375.000,-1,375.000,-1,300.000,300.000,300.000,300.000,-1,-1,-1,825.000,675.000,700.000,-1,-1,2,0,2,0,2,0,0,0,0,2,2,2,1,0,0,2,2
41,1371.979,-189.906,-10.714,10.169,0.983538,-0.176527,-0.038616,0.176926,0.984198,0.007140,0.036746,-0.013855,0.999229,0,0.68174,-1.00000,40.904,-2.000,-1,375.000,-1,375.000,-1,300.000,300.000,300.000,300.000,-1,-1,-1,875.000,675.000,700.000,-1,-1,2,0,2,0,2,0,0,0,0,2,2,2,1,0,0,2,2
42,1412.714,-184.059,-8.816,8.169,0.989048,-0.142075,-0.039982,0.142441,0.989782,0.006450,0.038658,-0.012074,0.999180,0,0.68587,-1.00000,41.152,-2.000,-1,375.000,-1,375.000,-1,300.000,300.000,300.000,300.000,-1,-1,-1,925.000,675.000,725.000,-1,-1,2,0,2,0,2,0,0,0,0,2,2,2,1,0,0,2,2
43,1453.868,-179.611,-6.884,6.169,0.993349,-0.107447,-0.041383,0.107779,0.994158,0.005862,0.040512,-0.010283,0.999126,0,0.68989,-1.00000,41.393,-2.000,-1,375.000,-1,375.000,-1,300.000,325.000,300.000,300.000,-1,-1,900.000,1000.000,700.000,725.000,-1,-1,2,0,2,0,2,0,0,0,0,2,2,0,1,0,0,2,2
44,1495.385,-176.585,-4.924,4.169,0.996435,-0.072687,-0.042813,0.072983,0.997319,0.005384,0.042306,-0.008490,0.999069,0,0.69379,-1.00000,41.627,-2.000,-1,375.000,-1,375.000,-1,300.000,325.000,300.000,300.000,-1,1000.000,800.000,-1,700.000,725.000,-1,-1,2,0,2,0,2,0,0,0,0,2,0,0,2,0,0,2,2
45,1537.210,-175.002,-2.937,2.169,0.998303,-0.037838,-0.044263,0.038097,0.999261,0.005025,0.044040,-0.006702,0.999007,0,0.69758,-1.00000,41.855,-2.000,-1,375.000,-1,375.000,-1,325.000,325.000,300.000,300.000,-1,875.000,775.000,-1,725.000,725.000,-1,-1,2,0,2,0,2,0,0,0,0,2,0,0,2,0,0,2,2
46,1579.284,-174.878,-0.927,0.169,0.998950,-0.002941,-0.045726,0.003163,0.999984,0.004791,0.045711,-0.004930,0.998943,0,0.70125,-1.00000,42.075,-2.000,-1,375.000,-1,375.000,-1,325.000,325.000,300.000,300.000,-1,850.000,750.000,-1,725.000,725.000,-1,-1,2,0,2,0,2,0,0,0,0,2,0,0,2,0,0,2,2
47,1621.552,-176.229,1.102,-1.831,0.998374,0.031960,-0.047192,-0.031774,0.999484,0.004690,0.047317,-0.003183,0.998875,0,0.70481,-1.00000,42.288,-2.000,-1,375.000,-1,400.000,-1,325.000,325.000,300.000,300.000,-1,825.000,725.000,-1,750.000,750.000,-1,-1,2,0,2,0,2,0,0,0,0,2,0,0,2,0,0,2,2
48,1663.952,-179.069,3.148,-3.831,0.996578,0.066822,-0.048651,-0.066671,0.997764,0.004728,0.048858,-0.001469,0.998805,0,0.70826,-1.00000,42.495,-2.000,-1,375.000,-1,400.000,-1,325.000,325.000,300.000,300.000,-1,775.000,700.000,-1,750.000,750.000,-1,-1,2,0,2,0,2,0,0,0,0,2,0,0,2,0,0,2,2
49,1706.427,-183.407,5.206,-5.831,0.993563,0.101603,-0.050093,-0.101484,0.994825,0.004913,0.050333,0.000202,0.998732,0,0.71159,-1.00000,42.695,-2.000,-1,400.000,-1,400.000,-1,325.000,325.000,300.000,300.000,-1,750.000,675.000,-1,775.000,750.000,-1,-1,2,0,2,0,2,0,0,0,0,2,0,0,2,0,0,2,2
50,1748.916,-189.251,7.273,-7.831,0.989333,0.136260,-0.051504,-0.136171,0.990671,0.005250,0.051739,0.001820,0.998659,0,0.71482,-1.00000,42.889,-2.000,-1,400.000,-1,400.000,-1,325.000,325.000,300.000,300.000,-1,725.000,675.000,-1,775.000,750.000,-1,-1,2,0,2,0,2,0,0,0,0,2,0,0,2,0,0,2,2
51,1791.359,-196.606,9.346,-9.831,0.983895,0.170750,-0.052873,-0.170687,0.985309,0.005743,0.053077,0.003374,0.998585,0,0.71793,-1.00000,43.076,-2.000,-1,400.000,-1,400.000,-1,325.000,325.000,300.000,300.000,-1,700.000,650.000,-1,800.000,750.000,-1,-1,2,0,2,0,2,0,0,0,0,2,0,0,2,0,0,2,2
52,1833.697,-205.475,11.421,-11.831,0.977254,0.205032,-0.054185,-0.204989,0.978743,0.006397,0.054345,0.004856,0.998510,0,0.72094,-1.00000,43.256,-2.000,-1,400.000,-1,400.000,-1,325.000,325.000,300.000,300.000,-1,675.000,625.000,-1,800.000,775.000,-1,-1,2,0,2,0,2,0,0,0,0,2,0,0,2,0,0,2,2
53,1871.076,-214.512,13.257,-13.591,0.970423,0.234993,-0.055290,-0.234965,0.971978,0.007107,0.055411,0.006094,0.998445,0,0.64094,-0.88000,38.456,-1.760,-1,400.000,-1,400.000,-1,325.000,325.000,300.000,300.000,-1,650.000,600.000,-1,825.000,775.000,-1,-1,2,0,2,0,2,0,0,0,0,2,0,0,2,0,0,2,2
54,1903.569,-223.286,14.962,-15.111,0.963798,0.260691,-0.055986,-0.260697,0.965393,0.007327,0.055959,0.007534,0.998405,0,0.56094,-0.76000,33.656,-1.520,-1,400.000,-1,400.000,-1,325.000,325.000,300.000,300.000,-1,650.000,600.000,-1,875.000,775.000,-1,-1,2,0,2,0,2,0,0,0,0,2,0,0,2,0,0,2,2
55,1931.252,-231.429,16.400,-16.391,0.957716,0.282188,-0.056119,-0.282220,0.959320,0.007527,0.055960,0.008629,0.998396,0,0.48094,-0.64000,28.856,-1.280,-1,400.000,-1,400.000,-1,325.000,325.000,300.000,300.000,-1,650.000,625.000,-1,900.000,775.000,-1,-1,2,0,2,0,2,0,0,0,0,2,0,0,2,0,0,2,2
56,1955.322,-238.986,17.633,-17.431,0.952427,0.299552,-0.056130,-0.299598,0.954034,0.007787,0.055882,0.009400,0.998393,0,0.42047,-0.52000,25.228,-1.040,-1,425.000,-1,400.000,-1,325.000,325.000,300.000,300.000,-1,675.000,625.000,-1,925.000,775.000,-1,-1,2,0,2,0,2,0,0,0,0,2,0,0,2,0,0,2,2
57,1979.355,-246.902,18.869,-18.231,0.948145,0.312841,-0.056144,-0.312896,0.949753,0.008047,0.055840,0.009938,0.998390,0,0.42171,-0.40000,25.303,-0.800,-1,425.000,-1,400.000,-1,325.000,325.000,300.000,300.000,-1,675.000,650.000,-1,925.000,775.000,-1,-1,2,0,2,0,2,0,0,0,0,2,0,0,2,0,0,2,2
58,2003.345,-255.065,20.109,-18.791,0.945036,0.322108,-0.056161,-0.322164,0.946647,0.008306,0.055840,0.010244,0.998387,0,0.42234,-0.28000,25.341,-0.560,-1,425.000,-1,400.000,-1,325.000,325.000,300.000,300.000,-1,700.000,650.000,-1,950.000,775.000,-1,-1,2,0,2,0,2,0,0,0,0,2,0,0,2,0,0,2,2
59,2027.293,-263.363,21.380,-19.111,0.943224,0.327390,-0.056077,-0.327436,0.944834,0.008628,0.055808,0.010223,0.998389,0,0.42242,-0.16000,25.345,-0.320,-1,425.000,-1,400.000,-1,325.000,325.000,300.000,300.000,-1,700.000,675.000,-1,975.000,775.000,-1,-1,2,0,2,0,2,0,0,0,0,2,0,0,2,0,0,2,2
60,2051.204,-271.686,22.757,-19.191,0.942793,0.328711,-0.055591,-0.328723,0.944382,0.009202,0.055524,0.009598,0.998411,0,0.42197,-0.04000,25.318,-0.080,-1,425.000,-1,400.000,-1,325.000,325.000,300.000,300.000,-1,750.000,725.000,-1,975.000,775.000,-1,-1,2,0,2,0,2,0,0,0,0,2,0,0,2,0,0,2,2
61,2075.086,-279.924,24.115,-19.031,0.943738,0.326075,-0.055078,-0.326051,0.945303,0.009670,0.055219,0.008832,0.998435,0,0.42105,0.08000,25.263,0.160,-1,425.000,-1,400.000,-1,325.000,325.000,300.000,300.000,-1,775.000,750.000,-1,1000.000,775.000,-1,-1,2,0,2,0,2,0,0,0,0,2,0,0,2,0,0,2,2
62,2098.948,-287.970,25.410,-18.631,0.946029,0.319470,-0.054474,-0.319421,0.947562,0.009839,0.054760,0.008092,0.998467,0,0.41971,0.20000,25.183,0.400,-1,425.000,-1,400.000,-1,325.000,325.000,300.000,300.000,-1,850.000,825.000,-1,1000.000,775.000,-1,-1,2,0,2,0,2,0,0,0,0,2,0,0,2,0,0,2,2
63,2122.802,-295.717,26.703,-17.991,0.949578,0.308868,-0.053878,-0.308789,0.951078,0.009985,0.054326,0.007155,0.998498,0,0.41801,0.32000,25.080,0.640,-1,425.000,-1,400.000,-1,325.000,325.000,300.000,300.000,-1,900.000,875.000,-1,1000.000,775.000,-1,-1,2,0,2,0,2,0,0,0,0,2,0,0,2,0,0,2,2
64,2146.630,-303.148,27.991,-17.322,0.953162,0.297729,-0.053291,-0.297621,0.954630,0.010128,0.053889,0.006207,0.998528,0,0.41600,0.33494,24.960,0.670,-1,425.000,-1,400.000,-1,325.000,325.000,300.000,300.000,-1,950.000,925.000,-1,1000.000,800.000,-1,-1,2,0,2,0,2,0,0,0,0,2,0,0,2,0,0,2,2
65,2170.440,-310.266,29.273,-16.643,0.956656,0.286409,-0.052714,-0.286273,0.958093,0.010271,0.053447,0.005265,0.998557,0,0.41419,0.33914,24.851,0.678,-1,425.000,-1,400.000,-1,325.000,325.000,300.000,300.000,-1,1000.000,975.000,-1,-1,800.000,-1,-1,2,0,2,0,2,0,0,0,0,2,0,0,2,2,0,2,2
66,2194.244,-317.072,30.552,-15.956,0.960058,0.274900,-0.052146,-0.274737,0.961463,0.010413,0.052999,0.004330,0.998585,0,0.41263,0.34355,24.758,0.687,-1,400.000,-1,400.000,-1,325.000,325.000,300.000,300.000,-1,-1,-1,-1,-1,825.000,-1,-1,2,0,2,0,2,0,0,0,0,2,2,2,2,2,0,2,2
67,2218.053,-323.568,31.826,-15.260,0.963362,0.263196,-0.051587,-0.263006,0.964736,0.010554,0.052545,0.003400,0.998613,0,0.41132,0.34818,24.679,0.696,-1,400.000,-1,400.000,-1,325.000,325.000,300.000,300.000,-1,-1,-1,-1,-1,825.000,-1,-1,2,0,2,0,2,0,0,0,0,2,2,2,2,2,0,2,2
68,2241.879,-329.754,33.097,-14.554,0.966566,0.251289,-0.051035,-0.251073,0.967909,0.010694,0.052085,0.002477,0.998640,0,0.41027,0.35302,24.616,0.706,-1,400.000,-1,400.000,-1,325.000,325.000,300.000,300.000,-1,-1,-1,-1,-1,850.000,-1,-1,2,0,2,0,2,0,0,0,0,2,2,2,2,2,0,2,2
69,2265.735,-335.630,34.366,-13.838,0.969664,0.239172,-0.050492,-0.238932,0.970976,0.010833,0.051617,0.001559,0.998666,0,0.40948,0.35807,24.569,0.716,-1,425.000,-1,400.000,-1,325.000,325.000,300.000,300.000,-1,-1,-1,-1,-1,850.000,-1,-1,2,0,2,0,2,0,0,0,0,2,2,2,2,2,0,2,2
70,2289.633,-341.196,35.633,-13.111,0.972650,0.226839,-0.049955,-0.226574,0.973932,0.010972,0.051142,0.000647,0.998691,0,0.40897,0.36334,24.538,0.727,-1,425.000,-1,400.000,-1,325.000,325.000,300.000,300.000,-1,-1,-1,-1,-1,875.000,-1,-1,2,0,2,0,2,0,0,0,0,2,2,2,2,2,0,2,2
71,2313.588,-346.451,36.899,-12.373,0.975521,0.214282,-0.049425,-0.213994,0.976772,0.011109,0.050658,-0.000260,0.998716,0,0.40873,0.36881,24.524,0.738,-1,425.000,-1,400.000,-1,325.000,325.000,300.000,300.000,-1,-1,-1,-1,-1,875.000,-1,-1,2,0,2,0,2,0,0,0,0,2,2,2,2,2,0,2,2
72,2337.611,-351.393,38.164,-11.624,0.978268,0.201495,-0.048902,-0.201184,0.979489,0.011245,0.050164,-0.001162,0.998740,0,0.40878,0.37449,24.527,0.749,-1,425.000,-1,400.000,-1,325.000,325.000,300.000,300.000,-1,-1,-1,-1,-1,900.000,-1,-1,2,0,2,0,2,0,0,0,0,2,2,2,2,2,0,2,2
73,2361.717,-356.020,39.430,-10.864,0.980886,0.188472,-0.048384,-0.188139,0.982076,0.011379,0.049661,-0.002059,0.998764,0,0.40911,0.38038,24.546,0.761,-1,425.000,-1,400.000,-1,325.000,325.000,300.000,300.000,-1,-1,-1,-1,-1,900.000,-1,-1,2,0,2,0,2,0,0,0,0,2,2,2,2,2,0,2,2
74,2385.920,-360.327,40.696,-10.091,0.983367,0.175206,-0.047871,-0.174852,0.984527,0.011513,0.049147,-0.002951,0.998787,0,0.40972,0.38648,24.583,0.773,-1,425.000,-1,400.000,-1,325.000,325.000,300.000,300.000,-1,-1,-1,-1,-1,925.000,-1,-1,2,0,2,0,2,0,0,0,0,2,2,2,2,2,0,2,2
75,2410.234,-364.311,41.963,-9.305,0.985704,0.161690,-0.047363,-0.161316,0.986834,0.011645,0.048622,-0.003838,0.998810,0,0.41064,0.39279,24.638,0.786,-1,425.000,-1,400.000,-1,350.000,325.000,300.000,300.000,-1,-1,-1,-1,-1,925.000,-1,-1,2,0,2,0,2,0,0,0,0,2,2,2,2,2,0,2,2
76,2434.674,-367.966,43.233,-8.506,0.987889,0.147919,-0.046859,-0.147525,0.988988,0.011776,0.048085,-0.004720,0.998832,0,0.41185,0.39931,24.711,0.799,-1,450.000,-1,425.000,-1,350.000,325.000,300.000,300.000,-1,-1,-1,-1,-1,950.000,-1,-1,2,0,2,0,2,0,0,0,0,2,2,2,2,2,0,2,2
77,2459.252,-371.287,44.506,-7.694,0.989912,0.133887,-0.046359,-0.133474,0.990981,0.011905,0.047535,-0.005597,0.998854,0,0.41337,0.40605,24.802,0.812,-1,450.000,-1,425.000,-1,350.000,350.000,300.000,300.000,-1,-1,-1,-1,-1,950.000,-1,-1,2,0,2,0,2,0,0,0,0,2,2,2,2,2,0,2,2
78,2483.985,-374.266,45.781,-6.868,0.991764,0.119586,-0.045863,-0.119155,0.992803,0.012032,0.046971,-0.006468,0.998875,0,0.41519,0.41300,24.911,0.826,-1,450.000,-1,425.000,-1,350.000,350.000,300.000,300.000,-1,-1,-1,-1,-1,1000.000,-1,-1,2,0,2,0,2,0,0,0,0,2,2,2,2,2,0,2,2
79,2508.886,-376.895,47.061,-6.028,0.993436,0.105012,-0.045368,-0.104564,0.994444,0.012158,0.046393,-0.007334,0.998896,0,0.41732,0.42017,25.039,0.840,-1,450.000,-1,425.000,-1,350.000,350.000,300.000,300.000,-1,-1,-1,-1,-1,-1,-1,-1,2,0,2,0,2,0,0,0,0,2,2,2,2,2,2,2,2
80,2538.614,-379.469,48.582,-4.948,0.995267,0.086243,-0.044788,-0.085774,0.996239,0.012306,0.045681,-0.008406,0.998921,0,0.49732,0.54017,29.839,1.080,-1,450.000,-1,450.000,-1,350.000,350.000,300.000,300.000,-1,-1,-1,-1,-1,-1,-1,-1,2,0,2,0,2,0,0,0,0,2,2,2,2,2,2,2,2
81,2573.184,-381.660,50.341,-3.627,0.997021,0.063264,-0.044126,-0.062771,0.997950,0.012473,0.044824,-0.009666,0.998948,0,0.57732,0.66017,34.639,1.320,-1,450.000,-1,450.000,-1,375.000,350.000,300.000,300.000,-1,-1,-1,-1,-1,-1,-1,-1,2,0,2,0,2,0,0,0,0,2,2,2,2,2,2,2,2
82,2610.952,-383.023,52.233,-2.067,0.998404,0.036066,-0.043468,-0.035544,0.999287,0.012722,0.043895,-0.011157,0.998974,0,0.62987,0.78017,37.792,1.560,-1,475.000,-1,450.000,-1,375.000,375.000,300.000,300.000,-1,-1,-1,-1,-1,-1,-1,-1,2,0,2,0,2,0,0,0,0,2,2,2,2,2,2,2,2
83,2649.067,-383.200,53.280,-0.267,0.999134,0.004654,-0.041339,-0.004116,0.999906,0.013096,0.041396,-0.012914,0.999059,0,0.63526,0.90017,38.116,1.800,-1,475.000,-1,450.000,-1,375.000,375.000,300.000,300.000,-1,-1,-1,-1,-1,-1,-1,-1,2,0,2,0,2,0,0,0,0,2,2,2,2,2,2,2,2
84,2687.533,-382.101,53.815,1.637,0.998872,-0.028559,-0.037934,0.029045,0.999502,0.012336,0.037563,-0.013424,0.999204,0,0.64138,0.95169,38.483,1.903,-1,450.000,-1,450.000,-1,375.000,375.000,275.000,300.000,-1,-1,-1,-1,-1,-1,-1,-1,2,0,2,0,2,0,0,0,0,2,2,2,2,2,2,2,2
85,2726.357,-379.681,54.343,3.567,0.997468,-0.062206,-0.034467,0.062642,0.997967,0.011720,0.033668,-0.013850,0.999337,0,0.64833,0.96504,38.900,1.930,-1,450.000,-1,450.000,-1,375.000,375.000,275.000,275.000,-1,-1,-1,-1,-1,-1,-1,-1,2,0,2,0,2,0,0,0,0,2,2,2,2,2,2,2,2
86,2765.541,-375.891,54.864,5.525,0.994875,-0.096265,-0.030938,0.096651,0.995255,0.011255,0.029708,-0.014188,0.999458,0,0.65612,0.97895,39.367,1.958,-1,450.000,-1,450.000,-1,350.000,375.000,275.000,275.000,-1,-1,-1,-1,-1,-1,-1,-1,2,0,2,0,2,0,0,0,0,2,2,2,2,2,2,2,2
87,2805.083,-370.677,55.377,7.511,0.991043,-0.130711,-0.027350,0.131049,0.991315,0.010947,0.025681,-0.014433,0.999566,0,0.66474,0.99340,39.884,1.987,-1,450.000,-1,450.000,-1,350.000,350.000,275.000,275.000,-1,-1,-1,-1,-1,-1,-1,-1,2,0,2,0,2,0,0,0,0,2,2,2,2,2,2,2,2
88,2844.661,-364.045,55.878,9.511,0.985970,-0.165227,-0.023732,0.165517,0.986148,0.010804,0.021618,-0.014580,0.999660,0,0.66883,1.00000,40.130,2.000,-1,425.000,-1,450.000,-1,350.000,350.000,275.000,275.000,-1,-1,-1,-1,-1,-1,-1,-1,2,0,2,0,2,0,0,0,0,2,2,2,2,2,2,2,2
89,2883.983,-356.037,56.361,11.511,0.979683,-0.199543,-0.020115,0.199785,0.979780,0.010829,0.017548,-0.014627,0.999739,0,0.66883,1.00000,40.130,2.000,-1,425.000,-1,450.000,-1,350.000,350.000,275.000,275.000,-1,-1,-1,-1,-1,-1,-1,-1,2,0,2,0,2,0,0,0,0,2,2,2,2,2,2,2,2
90,2923.002,-346.661,56.826,13.511,0.972189,-0.233615,-0.016507,0.233810,0.972220,0.011020,0.013474,-0.014573,0.999803,0,0.66883,1.00000,40.130,2.000,-1,425.000,-1,450.000,-1,350.000,350.000,275.000,275.000,-1,-1,-1,-1,-1,-1,-1,-1,2,0,2,0,2,0,0,0,0,2,2,2,2,2,2,2,2
91,2961.669,-335.929,57.272,15.511,0.963498,-0.267403,-0.012914,0.267550,0.963477,0.011378,0.009400,-0.014418,0.999852,0,0.66883,1.00000,40.130,2.000,-1,425.000,-1,450.000,-1,350.000,350.000,275.000,275.000,-1,-1,-1,-1,1000.000,-1,-1,-1,2,0,2,0,2,0,0,0,0,2,2,2,2,0,2,2,2
92,2999.939,-323.854,57.699,17.511,0.953620,-0.300866,-0.009345,0.300964,0.953561,0.011901,0.005331,-0.014162,0.999886,0,0.66883,1.00000,40.130,2.000,-1,400.000,-1,450.000,-1,325.000,350.000,275.000,275.000,-1,-1,-1,-1,950.000,-1,-1,-1,2,0,2,0,2,0,0,0,0,2,2,2,2,0,2,2,2
93,3037.764,-310.451,58.106,19.511,0.942568,-0.333964,-0.005808,0.334012,0.942485,0.012587,0.001270,-0.013804,0.999904,0,0.66883,1.00000,40.130,2.000,-1,400.000,-1,450.000,-1,325.000,350.000,275.000,300.000,-1,-1,-1,-1,925.000,-1,-1,-1,2,0,2,0,2,0,0,0,0,2,2,2,2,0,2,2,2
94,3075.099,-295.735,58.492,21.511,0.930354,-0.366655,-0.002310,0.366652,0.930261,0.013434,-0.002777,-0.013345,0.999907,0,0.66883,1.00000,40.130,2.000,-1,400.000,-1,450.000,-1,325.000,350.000,275.000,300.000,-1,-1,-1,-1,900.000,-1,-1,-1,2,0,2,0,2,0,0,0,0,2,2,2,2,0,2,2,2
95,3111.897,-279.726,58.857,23.511,0.916994,-0.398900,0.001142,0.398844,0.916905,0.014440,-0.006807,-0.012786,0.999895,0,0.66883,1.00000,40.130,2.000,-1,400.000,-1,450.000,-1,325.000,350.000,275.000,300.000,-1,-1,-1,-1,850.000,-1,-1,-1,2,0,2,0,2,0,0,0,0,2,2,2,2,0,2,2,2
96,3148.114,-262.443,58.999,25.511,0.902502,-0.430664,0.004325,0.430564,0.902441,0.014683,-0.010227,-0.011389,0.999883,0,0.66883,1.00000,40.130,2.000,-1,400.000,-1,450.000,-1,325.000,350.000,275.000,300.000,-1,-1,-1,-1,825.000,-1,-1,-1,2,0,2,0,2,0,0,0,0,2,2,2,2,0,2,2,2
97,3183.706,-243.906,58.706,27.511,0.886903,-0.461910,0.006481,0.461808,0.886887,0.012827,-0.011673,-0.008383,0.999897,0,0.66883,1.00000,40.130,2.000,-1,400.000,-1,450.000,-1,325.000,350.000,275.000,300.000,-1,-1,-1,-1,825.000,-1,-1,-1,2,0,2,0,2,0,0,0,0,2,2,2,2,0,2,2,2
98,3218.629,-224.139,58.322,29.511,0.870213,-0.492591,0.009116,0.492496,0.870246,0.010931,-0.013318,-0.005023,0.999899,0,0.66883,1.00000,40.130,2.000,-1,400.000,-1,450.000,-1,325.000,350.000,275.000,300.000,-1,-1,-1,-1,825.000,-1,-1,-1,2,0,2,0,2,0,0,0,0,2,2,2,2,0,2,2,2
99,3252.841,-203.165,57.638,31.511,0.852434,-0.522669,0.013172,0.522597,0.852535,0.008702,-0.015778,-0.000534,0.999875,0,0.66883,1.00000,40.130,2.000,-1,400.000,-1,450.000,-1,325.000,350.000,275.000,300.000,-1,-1,-1,-1,800.000,-1,-1,-1,2,0,2,0,2,0,0,0,0,2,2,2,2,0,2,2,2
100,3286.301,-181.009,56.962,33.511,0.833599,-0.552100,0.017296,0.552073,0.833769,0.006732,-0.018137,0.003937,0.999828,0,0.66883,1.00000,40.130,2.000,-1,400.000,-1,450.000,-1,325.000,350.000,300.000,300.000,-1,-1,-1,-1,775.000,-1,-1,-1,2,0,2,0,2,0,0,0,0,2,2,2,2,0,2,2,2
101,3318.966,-157.699,56.293,35.511,0.813731,-0.580845,0.021468,0.580884,0.813971,0.005021,-0.020390,0.008385,0.999757,0,0.66883,1.00000,40.130,2.000,-1,400.000,-1,450.000,-1,325.000,350.000,300.000,300.000,-1,-1,-1,-1,775.000,-1,-1,-1,2,0,2,0,2,0,0,0,0,2,2,2,2,0,2,2,2
102,3350.798,-133.263,55.633,37.511,0.792854,-0.608870,0.025671,0.608994,0.793166,0.003567,-0.022533,0.012805,0.999664,0,0.66883,1.00000,40.130,2.000,-1,400.000,-1,450.000,-1,325.000,350.000,300.000,300.000,-1,-1,-1,-1,750.000,1000.000,-1,-1,2,0,2,0,2,0,0,0,0,2,2,2,2,0,0,2,2
103,3381.758,-107.730,54.814,39.511,0.771022,-0.636146,0.029043,0.636355,0.771392,0.002547,-0.024024,0.016518,0.999575,0,0.66883,1.00000,40.130,2.000,-1,375.000,-1,425.000,-1,325.000,350.000,300.000,300.000,-1,-1,-1,-1,725.000,975.000,-1,-1,2,0,2,0,2,0,0,0,0,2,2,2,2,0,0,2,2
104,3411.808,-81.133,53.790,41.511,0.748290,-0.662646,0.031017,0.662926,0.748683,0.001652,-0.024316,0.019326,0.999518,0,0.66883,1.00000,40.130,2.000,-1,375.000,-1,425.000,-1,325.000,350.000,300.000,300.000,-1,-1,-1,-1,725.000,950.000,-1,-1,2,0,2,0,2,0,0,0,0,2,2,2,2,0,0,2,2
105,3440.999,-53.425,52.927,43.507,0.724711,-0.688259,0.033072,0.688634,0.725109,0.000060,-0.024022,0.022731,0.999453,0,0.67079,0.99752,40.247,1.995,-1,375.000,-1,425.000,-1,325.000,350.000,300.000,300.000,-1,-1,-1,-1,725.000,925.000,-1,-1,2,0,2,0,2,0,0,0,0,2,2,2,2,0,0,2,2
106,3469.295,-24.634,52.081,45.495,0.700333,-0.712949,0.035193,0.713426,0.700729,-0.001471,-0.023612,0.026138,0.999379,0,0.67281,0.99437,40.368,1.989,-1,375.000,-1,425.000,-1,325.000,350.000,300.000,300.000,-1,-1,-1,-1,725.000,900.000,-1,-1,2,0,2,0,2,0,0,0,0,2,2,2,2,0,0,2,2
107,3496.644,5.191,51.255,47.477,0.675198,-0.736689,0.037377,0.737275,0.675587,-0.002940,-0.023086,0.029542,0.999297,0,0.67444,0.99106,40.466,1.982,-1,375.000,-1,425.000,-1,325.000,325.000,300.000,325.000,-1,-1,-1,-1,700.000,900.000,-1,-1,2,0,2,0,2,0,0,0,0,2,2,2,2,0,0,2,2
108,3519.829,32.293,50.554,49.453,0.649357,-0.759466,0.039336,0.760152,0.649732,-0.004092,-0.022450,0.032558,0.999218,0,0.59444,0.98763,35.666,1.975,-1,375.000,-1,425.000,-1,325.000,325.000,325.000,325.000,-1,-1,-1,-1,700.000,875.000,-1,-1,2,0,2,0,2,0,0,0,0,2,2,2,2,0,0,2,2
109,3539.076,56.423,49.972,51.422,0.622840,-0.781272,0.041050,0.782048,0.623199,-0.004936,-0.021726,0.035177,0.999145,0,0.51444,0.98449,30.866,1.969,-1,375.000,-1,425.000,-1,325.000,325.000,325.000,325.000,-1,-1,-1,-1,700.000,850.000,-1,-1,2,0,2,0,2,0,0,0,0,2,2,2,2,0,0,2,2
110,3554.622,77.346,49.524,53.385,0.595675,-0.802102,0.042479,0.802952,0.596020,-0.005403,-0.020984,0.037327,0.999083,0,0.43444,0.98169,26.066,1.963,-1,375.000,-1,425.000,-1,325.000,325.000,325.000,325.000,-1,-1,-1,-1,700.000,825.000,-1,-1,2,0,2,0,2,0,0,0,0,2,2,2,2,0,0,2,2
111,3566.715,94.839,49.302,55.343,0.567883,-0.821961,0.043465,0.822853,0.568231,-0.005060,-0.020539,0.038639,0.999042,0,0.35444,0.97923,21.266,1.958,-1,375.000,-1,400.000,-1,300.000,325.000,325.000,325.000,-1,-1,-1,-1,675.000,825.000,-1,-1,2,0,2,0,2,0,0,0,0,2,2,2,2,0,0,2,2
112,3575.610,108.696,49.142,57.298,0.539499,-0.840826,0.044173,0.841750,0.539848,-0.004639,-0.019946,0.039686,0.999013,0,0.27444,0.97714,16.466,1.954,-1,375.000,-1,400.000,-1,300.000,325.000,325.000,325.000,-1,-1,-1,-1,675.000,800.000,-1,-1,2,0,2,0,2,0,0,0,0,2,2,2,2,0,0,2,2
113,3581.574,118.722,48.800,59.249,0.510569,-0.858659,0.045001,0.859637,0.510878,-0.005195,-0.018529,0.041337,0.998973,0,0.19444,0.97540,11.666,1.951,-1,375.000,-1,400.000,-1,300.000,325.000,325.000,325.000,-1,-1,-1,-1,675.000,800.000,-1,-1,2,0,2,0,2,0,0,0,0,2,2,2,2,0,0,2,2
114,3584.882,124.738,48.557,61.198,0.481075,-0.875496,0.045538,0.876511,0.481351,-0.005436,-0.017161,0.042530,0.998948,0,0.11444,0.97467,6.866,1.949,-1,350.000,-1,400.000,-1,300.000,325.000,325.000,325.000,-1,-1,900.000,-1,650.000,775.000,-1,-1,2,0,2,0,2,0,0,0,0,2,2,0,2,0,0,2,2
115,3585.814,126.582,48.401,63.147,0.451040,-0.891329,0.045776,0.892363,0.451286,-0.005397,-0.015847,0.043284,0.998937,0,0.03444,0.97436,2.066,1.949,-1,350.000,-1,400.000,-1,300.000,325.000,325.000,325.000,-1,-1,775.000,-1,650.000,775.000,-1,-1,2,0,2,0,2,0,0,0,0,2,2,0,2,0,0,2,2
116,3584.663,124.102,48.317,65.095,0.420490,-0.906145,0.045712,0.907180,0.420712,-0.005116,-0.014596,0.043620,0.998942,0,-0.04556,0.97428,-2.734,1.949,-1,350.000,-1,400.000,-1,300.000,325.000,325.000,325.000,-1,-1,675.000,-1,650.000,775.000,-1,-1,2,0,2,0,2,0,0,0,0,2,2,0,2,0,0,2,2
117,3581.724,117.165,48.291,67.044,0.389452,-0.919930,0.045345,0.920949,0.389656,-0.004625,-0.013414,0.043562,0.998961,0,-0.12556,0.97437,-7.534,1.949,-1,350.000,-1,400.000,-1,300.000,300.000,325.000,325.000,-1,925.000,575.000,-1,650.000,750.000,-1,-1,2,0,2,0,2,0,0,0,0,2,0,0,2,0,0,2,2
118,3577.430,105.983,48.303,68.993,0.357958,-0.932667,0.044702,0.933657,0.358147,-0.003975,-0.012302,0.043159,0.998992,0,-0.19962,0.97459,-11.977,1.949,-1,350.000,-1,400.000,-1,300.000,300.000,325.000,325.000,-1,825.000,525.000,-1,625.000,750.000,-1,-1,2,0,2,0,2,0,0,0,0,2,0,0,2,0,0,2,2
119,3573.508,94.628,48.302,70.943,0.326039,-0.944330,0.044037,0.945290,0.326213,-0.003362,-0.011191,0.042724,0.999024,0,-0.20023,0.97488,-12.014,1.950,-1,350.000,-1,375.000,-1,300.000,300.000,325.000,325.000,-1,725.000,450.000,-1,625.000,750.000,-1,-1,2,0,2,0,2,0,0,0,0,2,0,0,2,0,0,2,2
120,3569.964,83.111,48.286,72.893,0.293734,-0.954904,0.043355,0.955834,0.293893,-0.002788,-0.010080,0.042259,0.999056,0,-0.20082,0.97511,-12.049,1.950,-1,350.000,-1,375.000,-1,300.000,300.000,325.000,325.000,-1,650.000,400.000,-1,625.000,725.000,-1,-1,2,0,2,0,2,0,0,0,0,2,0,0,2,0,0,2,2
121,3566.804,71.447,48.256,74.844,0.261081,-0.964374,0.042659,0.965275,0.261226,-0.002251,-0.008972,0.041765,0.999087,0,-0.20140,0.97530,-12.084,1.951,-1,350.000,-1,375.000,-1,300.000,300.000,325.000,325.000,-1,575.000,375.000,-1,625.000,725.000,-1,-1,2,0,2,0,2,0,0,0,0,2,0,0,2,0,0,2,2
122,3564.036,59.649,48.212,76.794,0.228121,-0.972729,0.041950,0.973601,0.228250,-0.001754,-0.007869,0.041243,0.999118,0,-0.20197,0.97542,-12.118,1.951,-1,350.000,-1,375.000,-1,300.000,300.000,325.000,325.000,-1,525.000,325.000,-1,625.000,725.000,-1,-1,2,0,2,0,2,0,0,0,0,2,0,0,2,0,0,2,2
123,3561.664,47.731,48.154,78.745,0.194892,-0.979958,0.041233,0.980801,0.195006,-0.001294,-0.006773,0.040694,0.999149,0,-0.20253,0.97550,-12.152,1.951,-1,350.000,-1,375.000,-1,300.000,300.000,325.000,325.000,-1,475.000,300.000,-1,650.000,725.000,-1,-1,2,0,2,0,2,0,0,0,0,2,0,0,2,0,0,2,2
124,3559.694,35.705,48.082,80.697,0.161436,-0.986051,0.040511,0.986867,0.161534,-0.000872,-0.005684,0.040120,0.999179,0,-0.20309,0.97551,-12.186,1.951,-1,350.000,-1,375.000,-1,300.000,300.000,325.000,325.000,-1,425.000,250.000,-1,650.000,700.000,-1,-1,2,0,2,0,2,0,0,0,0,2,0,0,2,0,0,2,2
125,3558.131,23.586,47.995,82.647,0.127792,-0.991003,0.039786,0.991790,0.127874,-0.000487,-0.004605,0.039521,0.999208,0,-0.20365,0.97548,-12.219,1.951,-1,350.000,-1,375.000,-1,300.000,300.000,325.000,325.000,-1,375.000,225.000,-1,650.000,700.000,-1,-1,2,0,2,0,2,0,0,0,0,2,0,0,2,0,0,2,2
126,3556.978,11.387,47.912,84.598,0.093999,-0.994808,0.039001,0.995566,0.094068,-0.000081,-0.003588,0.038836,0.999239,0,-0.20422,0.97538,-12.253,1.951,-1,350.000,-1,375.000,-1,300.000,300.000,325.000,325.000,-1,325.000,200.000,-1,650.000,700.000,-1,-1,2,0,2,0,2,0,0,0,0,2,0,0,2,0,0,2,2
127,3556.238,-0.878,47.834,86.549,0.060099,-0.997463,0.038149,0.998189,0.060156,0.000346,-0.002640,0.038059,0.999272,0,-0.20478,0.97523,-12.287,1.950,-1,350.000,-1,375.000,-1,300.000,300.000,325.000,325.000,-1,300.000,175.000,-1,650.000,675.000,-1,-1,2,0,2,0,2,0,0,0,0,2,0,0,2,0,0,2,2
128,3555.915,-13.196,47.802,88.499,0.026142,-0.998952,0.037557,0.999657,0.026180,0.000509,-0.001492,0.037531,0.999294,0,-0.20536,0.97503,-12.322,1.950,-1,350.000,-1,375.000,-1,300.000,300.000,325.000,325.000,-1,275.000,150.000,-1,650.000,675.000,-1,-1,2,0,2,0,2,0,0,0,0,2,0,0,2,0,0,2,2
129,3556.012,-25.553,47.972,90.448,-0.007844,-0.999252,0.037871,0.999969,-0.007819,0.000802,-0.000505,0.037876,0.999282,0,-0.20596,0.97477,-12.357,1.950,-1,350.000,-1,375.000,-1,300.000,300.000,325.000,325.000,-1,250.000,150.000,-1,650.000,675.000,-1,-1,2,0,2,0,2,0,0,0,0,2,0,0,2,0,0,2,2
130,3556.530,-37.937,48.138,92.397,-0.041810,-0.998393,0.038253,0.999125,-0.041796,0.001156,0.000445,0.038268,0.999267,0,-0.20657,0.97445,-12.394,1.949,-1,375.000,-1,350.000,-1,300.000,300.000,325.000,325.000,-1,225.000,150.000,-1,675.000,675.000,-1,-1,2,0,2,0,2,0,0,0,0,2,0,0,2,0,0,2,2
131,3557.472,-50.333,48.288,94.345,-0.075714,-0.996380,0.038649,0.997129,-0.075712,0.001532,0.001400,0.038654,0.999252,0,-0.20720,0.97408,-12.432,1.948,-1,375.000,-1,350.000,-1,300.000,300.000,325.000,325.000,-1,225.000,175.000,-1,675.000,650.000,-1,-1,2,0,2,0,2,0,0,0,0,2,0,0,2,0,0,2,2
132,3558.838,-62.729,48.422,96.293,-0.109515,-0.993217,0.039058,0.993982,-0.109524,0.001933,0.002358,0.039034,0.999235,0,-0.20785,0.97365,-12.471,1.947,-1,375.000,-1,350.000,-1,300.000,300.000,325.000,325.000,-1,200.000,200.000,-1,675.000,650.000,-1,-1,2,0,2,0,2,0,0,0,0,2,0,0,2,0,0,2,2
133,3560.631,-75.112,48.538,98.239,-0.143172,-0.988910,0.039479,0.989692,-0.143191,0.002360,0.003319,0.039410,0.999218,0,-0.20853,0.97316,-12.512,1.946,-1,375.000,-1,350.000,-1,300.000,300.000,325.000,325.000,-1,175.000,225.000,-1,675.000,650.000,-1,-1,2,0,2,0,2,0,0,0,0,2,0,0,2,0,0,2,2
134,3562.851,-87.469,48.638,100.184,-0.176645,-0.983465,0.039910,0.984265,-0.176674,0.002817,0.004281,0.039780,0.999199,0,-0.20924,0.97262,-12.554,1.945,-1,375.000,-1,350.000,-1,300.000,300.000,325.000,325.000,-1,175.000,250.000,-1,700.000,650.000,-1,-1,2,0,2,0,2,0,0,0,0,2,0,0,2,0,0,2,2
135,3565.497,-99.787,48.720,102.128,-0.209892,-0.976891,0.040352,0.977710,-0.209932,0.003305,0.005243,0.040146,0.999180,0,-0.20998,0.97202,-12.599,1.944,-1,375.000,-1,350.000,-1,300.000,300.000,325.000,325.000,-1,150.000,300.000,-1,700.000,625.000,-1,-1,2,0,2,0,2,0,0,0,0,2,0,0,2,0,0,2,2
136,3568.572,-112.053,48.785,104.071,-0.242876,-0.969199,0.040802,0.970038,-0.242925,0.003825,0.006204,0.040509,0.999160,0,-0.21075,0.97137,-12.645,1.943,-1,375.000,-1,350.000,-1,300.000,300.000,325.000,325.000,-1,150.000,325.000,-1,700.000,625.000,-1,-1,2,0,2,0,2,0,0,0,0,2,0,0,2,0,0,2,2
137,3572.073,-124.255,48.832,106.012,-0.275555,-0.960399,0.041259,0.961259,-0.275614,0.004381,0.007164,0.040868,0.999139,0,-0.21157,0.97065,-12.694,1.941,-1,375.000,-1,350.000,-1,300.000,300.000,325.000,325.000,-1,150.000,375.000,-1,725.000,625.000,-1,-1,2,0,2,0,2,0,0,0,0,2,0,0,2,0,0,2,2
