timestep,x_cm,y_cm,z_cm,yaw_deg,basis_xx,basis_xy,basis_xz,basis_yx,basis_yy,basis_yz,basis_zx,basis_zy,basis_zz,teleport_flag,throttle_cmd,steering_cmd,cmd_move_cm,cmd_turn_deg,lidar_cm_0,lidar_cm_1,lidar_cm_2,lidar_cm_3,lidar_cm_4,lidar_cm_5,lidar_cm_6,lidar_cm_7,lidar_cm_8,lidar_cm_9,lidar_cm_10,lidar_cm_11,lidar_cm_12,lidar_cm_13,lidar_cm_14,lidar_cm_15,lidar_cm_16,lidar_class_0,lidar_class_1,lidar_class_2,lidar_class_3,lidar_class_4,lidar_class_5,lidar_class_6,lidar_class_7,lidar_class_8,lidar_class_9,lidar_class_10,lidar_class_11,lidar_class_12,lidar_class_13,lidar_class_14,lidar_class_15,lidar_class_16
0,-1642.344,-6883.195,-385.733,121.351,-0.522342,-0.852253,0.028703,0.851298,-0.519211,0.075573,-0.049504,0.063909,0.996727,1,0.08000,-0.12000,4.800,-0.240,-1,350.000,-1,375.000,-1,300.000,300.000,275.000,425.000,-1,25.000,0.000,450.000,650.000,625.000,-1,-1,2,0,2,0,2,0,0,0,0,2,1,1,1,0,0,2,2
1,-1647.271,-6874.956,-386.515,120.871,-0.515240,-0.856475,0.031281,0.855664,-0.511995,0.075502,-0.048650,0.065668,0.996655,0,0.16000,-0.24000,9.600,-0.480,-1,350.000,-1,375.000,-1,300.000,300.000,275.000,425.000,-1,25.000,0.000,450.000,650.000,625.000,-1,-1,2,0,2,0,2,0,0,0,0,2,1,1,1,0,0,2,2
2,-1654.506,-6862.505,-387.685,120.151,-0.504513,-0.862692,0.035054,0.862101,-0.501106,0.075338,-0.047428,0.068229,0.996542,0,0.24000,-0.36000,14.400,-0.720,-1,350.000,-1,375.000,-1,300.000,300.000,275.000,400.000,-1,50.000,0.000,450.000,675.000,625.000,-1,-1,2,0,2,0,2,0,0,0,0,2,1,1,1,0,0,2,2
3,-1663.873,-6845.745,-389.240,119.191,-0.490074,-0.870767,0.039901,0.870471,-0.486470,0.075016,-0.045911,0.071496,0.996384,0,0.32000,-0.48000,19.200,-0.960,-1,375.000,-1,375.000,-1,300.000,300.000,275.000,400.000,-1,75.000,0.000,450.000,675.000,625.000,-1,-1,2,0,2,0,2,0,0,0,0,2,1,1,1,0,0,2,2
4,-1675.140,-6824.554,-391.172,117.991,-0.471816,-0.880514,0.045656,0.880589,-0.467994,0.074464,-0.044200,0.075337,0.996178,0,0.40000,-0.60000,24.000,-1.200,-1,375.000,-1,375.000,-1,300.000,325.000,300.000,400.000,-1,100.000,0.000,450.000,675.000,625.000,-1,1000.000,2,0,2,0,2,0,0,0,0,2,1,1,1,0,0,2,0
5,-1688.017,-6798.792,-393.470,116.551,-0.449614,-0.891702,0.052110,0.892215,-0.445572,0.073609,-0.042418,0.079588,0.995925,0,0.48000,-0.72000,28.800,-1.440,-1,375.000,-1,375.000,1000.000,300.000,325.000,300.000,375.000,-1,125.000,25.000,475.000,675.000,625.000,-1,975.000,2,0,2,0,0,0,0,0,0,2,1,1,1,0,0,2,0
6,-1701.085,-6770.609,-395.885,114.871,-0.423344,-0.904090,0.058314,0.905032,-0.419103,0.072594,-0.041192,0.083508,0.995655,0,0.51775,-0.84000,31.065,-1.680,-1,375.000,-1,375.000,975.000,325.000,300.000,300.000,350.000,-1,150.000,25.000,475.000,700.000,625.000,-1,950.000,2,0,2,0,0,0,0,0,0,2,1,1,1,0,0,2,0
7,-1713.451,-6741.416,-398.275,112.951,-0.392884,-0.917374,0.063775,0.918681,-0.388471,0.071529,-0.040845,0.086691,0.995398,0,0.52838,-0.96000,31.703,-1.920,-1,375.000,-1,375.000,950.000,325.000,300.000,300.000,350.000,-1,200.000,50.000,500.000,700.000,600.000,-1,925.000,2,0,2,0,0,0,0,0,0,2,1,1,1,0,0,2,0
8,-1725.029,-6711.184,-400.698,110.951,-0.360692,-0.930149,0.068735,0.931787,-0.356133,0.070301,-0.040911,0.089403,0.995155,0,0.53953,-1.00000,32.372,-2.000,-1,375.000,-1,350.000,925.000,325.000,300.000,300.000,350.000,-1,250.000,75.000,500.000,700.000,600.000,-1,900.000,2,0,2,0,0,0,0,0,0,2,1,1,1,0,0,2,0
9,-1735.766,-6679.921,-403.174,108.951,-0.328066,-0.941809,0.073269,0.943756,-0.323385,0.068896,-0.041192,0.091751,0.994930,0,0.55091,-1.00000,33.055,-2.000,-1,375.000,-1,350.000,900.000,300.000,300.000,300.000,325.000,-1,300.000,75.000,500.000,675.000,600.000,-1,875.000,2,0,2,0,0,0,0,0,0,2,1,1,1,0,0,2,0
10,-1745.604,-6647.644,-405.454,106.951,-0.295067,-0.952426,0.076296,0.954535,-0.290290,0.067790,-0.042417,0.092829,0.994778,0,0.56235,-1.00000,33.741,-2.000,-1,375.000,-1,350.000,875.000,300.000,300.000,300.000,325.000,-1,375.000,100.000,500.000,675.000,575.000,-1,850.000,2,0,2,0,0,0,0,0,0,2,1,1,1,0,0,2,0
11,-1754.484,-6614.379,-407.058,104.951,-0.261768,-0.962150,0.075796,0.964034,-0.256920,0.068049,-0.046000,0.090883,0.994799,0,0.57380,-1.00000,34.428,-2.000,-1,375.000,-1,350.000,850.000,300.000,300.000,300.000,325.000,-1,475.000,150.000,525.000,650.000,575.000,-1,800.000,2,0,2,0,0,0,0,0,0,2,1,1,1,0,0,2,0
12,-1762.350,-6580.154,-408.407,102.951,-0.227985,-0.970833,0.074209,0.972462,-0.223255,0.066891,-0.048372,0.087415,0.994997,0,0.58525,-1.00000,35.115,-2.000,-1,375.000,-1,350.000,875.000,300.000,300.000,300.000,325.000,-1,625.000,225.000,550.000,650.000,575.000,-1,800.000,2,0,2,0,0,0,0,0,0,2,1,1,1,0,0,2,0
13,-1769.147,-6545.003,-409.792,100.951,-0.193865,-0.978363,0.072266,0.979734,-0.189301,0.065468,-0.050372,0.083493,0.995234,0,0.59668,-1.00000,35.801,-2.000,-1,350.000,-1,350.000,875.000,300.000,275.000,300.000,325.000,-1,-1,300.000,575.000,625.000,575.000,-1,800.000,2,0,2,0,0,0,0,0,0,2,2,1,1,0,0,2,0
14,-1774.820,-6508.962,-411.321,98.951,-0.159480,-0.984697,0.070268,0.985822,-0.155092,0.064036,-0.052158,0.079484,0.995471,0,0.60806,-1.00000,36.483,-2.000,-1,350.000,-1,325.000,900.000,300.000,275.000,300.000,350.000,-1,-1,400.000,600.000,625.000,575.000,-1,800.000,2,0,2,0,0,0,0,0,0,2,2,1,1,0,0,2,0
15,-1779.316,-6472.072,-412.408,96.951,-0.124861,-0.989643,0.070827,0.990823,-0.120649,0.060935,-0.051758,0.077785,0.995626,0,0.61936,-1.00000,37.162,-2.000,-1,350.000,-1,350.000,925.000,300.000,275.000,325.000,350.000,-1,-1,525.000,600.000,625.000,575.000,-1,825.000,2,0,2,0,0,0,0,0,0,2,2,1,1,0,0,2,0
16,-1782.579,-6434.378,-413.632,94.951,-0.090077,-0.993384,0.071235,0.994617,-0.086049,0.057736,-0.051224,0.076052,0.995787,0,0.63058,-1.00000,37.835,-2.000,-1,350.000,-1,350.000,950.000,300.000,275.000,325.000,350.000,-1,-1,725.000,625.000,625.000,575.000,-1,850.000,2,0,2,0,0,0,0,0,0,2,2,1,1,0,0,2,0
17,-1784.560,-6395.926,-414.995,92.951,-0.055171,-0.995914,0.071492,0.997196,-0.051334,0.054443,-0.050551,0.074295,0.995954,0,0.64169,-1.00000,38.502,-2.000,-1,350.000,-1,350.000,1000.000,300.000,275.000,325.000,350.000,-1,625.000,575.000,650.000,625.000,575.000,-1,875.000,2,0,2,0,0,0,0,0,0,2,0,0,1,0,0,2,0
18,-1785.208,-6356.770,-416.496,90.951,-0.020187,-0.997229,0.071595,0.998559,-0.016548,0.051059,-0.049733,0.072522,0.996126,0,0.65268,-1.00000,39.161,-2.000,-1,350.000,-1,350.000,-1,300.000,300.000,325.000,350.000,-1,500.000,475.000,675.000,625.000,600.000,-1,900.000,2,0,2,0,2,0,0,0,0,2,0,0,1,0,0,2,0
19,-1784.478,-6316.964,-418.134,88.951,0.014833,-0.997327,0.071543,0.998700,0.018267,0.047586,-0.048766,0.070744,0.996302,0,0.66353,-1.00000,39.812,-2.000,-1,350.000,-1,350.000,-1,300.000,300.000,350.000,350.000,-1,425.000,400.000,675.000,625.000,600.000,-1,950.000,2,0,2,0,2,0,0,0,0,2,0,0,1,0,0,2,0
20,-1782.325,-6276.567,-419.910,86.951,0.049845,-0.996206,0.071335,0.997620,0.053069,0.044027,-0.047645,0.068971,0.996480,0,0.67423,-1.00000,40.454,-2.000,-1,350.000,-1,350.000,-1,300.000,300.000,350.000,350.000,-1,375.000,350.000,700.000,625.000,600.000,-1,975.000,2,0,2,0,2,0,0,0,0,2,0,0,1,0,0,2,0
21,-1778.707,-6235.640,-421.821,84.951,0.084807,-0.993867,0.070968,0.995318,0.087814,0.040383,-0.046367,0.067211,0.996661,0,0.68476,-1.00000,41.086,-2.000,-1,350.000,-1,350.000,-1,300.000,300.000,325.000,350.000,-1,325.000,300.000,725.000,625.000,600.000,-1,1000.000,2,0,2,0,2,0,0,0,0,2,0,0,1,0,0,2,0
22,-1773.588,-6194.248,-423.866,82.951,0.119673,-0.990311,0.070441,0.991796,0.122460,0.036656,-0.044927,0.065476,0.996842,0,0.69511,-1.00000,41.707,-2.000,-1,350.000,-1,350.000,-1,300.000,300.000,325.000,350.000,-1,300.000,275.000,750.000,625.000,625.000,-1,-1,2,0,2,0,2,0,0,0,0,2,0,0,1,0,0,2,2
23,-1766.931,-6152.458,-426.045,80.951,0.154402,-0.985543,0.069750,0.987058,0.156964,0.032849,-0.043322,0.063775,0.997024,0,0.70528,-1.00000,42.317,-2.000,-1,350.000,-1,375.000,-1,300.000,300.000,325.000,350.000,-1,275.000,250.000,750.000,600.000,625.000,1000.000,-1,2,0,2,0,2,0,0,0,0,2,0,0,1,0,0,1,2
24,-1758.705,-6110.339,-428.353,78.951,0.188950,-0.979567,0.068891,0.981107,0.191284,0.028963,-0.041549,0.062117,0.997204,0,0.71524,-1.00000,42.914,-2.000,1000.000,350.000,-1,375.000,-1,300.000,300.000,325.000,350.000,-1,250.000,225.000,775.000,600.000,625.000,950.000,-1,1,0,2,0,2,0,0,0,0,2,0,0,1,0,0,1,2
25,-1748.404,-6065.895,-430.906,76.951,0.223287,-0.972390,0.067823,0.973957,0.225376,0.024790,-0.039392,0.060522,0.997389,0,0.76036,-1.00000,45.622,-2.000,950.000,350.000,-1,375.000,-1,300.000,300.000,325.000,350.000,-1,225.000,200.000,800.000,600.000,625.000,925.000,-1,1,0,2,0,2,0,0,0,0,2,0,0,1,0,0,1,2
26,-1736.454,-6021.453,-433.577,74.951,0.257355,-0.964021,0.066575,0.965605,0.259198,0.020559,-0.037075,0.058994,0.997570,0,0.76700,-1.00000,46.020,-2.000,900.000,350.000,-1,375.000,-1,300.000,300.000,325.000,350.000,-1,225.000,175.000,825.000,600.000,650.000,875.000,-1,1,0,2,0,2,0,0,0,0,2,0,0,1,0,0,1,2
27,-1722.848,-5977.085,-435.992,72.951,0.290983,-0.954385,0.066913,0.956059,0.292683,0.016974,-0.035784,0.059034,0.997614,0,0.77344,-1.00000,46.407,-2.000,850.000,350.000,-1,375.000,-1,275.000,300.000,325.000,350.000,-1,225.000,175.000,850.000,600.000,650.000,850.000,-1,1,0,2,0,2,0,0,0,0,2,0,0,1,0,0,1,2
28,-1707.581,-5932.864,-437.800,70.951,0.324155,-0.943416,0.069928,0.945373,0.325753,0.012477,-0.034550,0.062063,0.997474,0,0.77971,-1.00000,46.782,-2.000,825.000,350.000,-1,375.000,-1,300.000,300.000,325.000,350.000,-1,250.000,200.000,850.000,600.000,650.000,875.000,-1,1,0,2,0,2,0,0,0,0,2,0,0,1,0,0,1,2
29,-1690.649,-5888.861,-439.613,68.951,0.356959,-0.931262,0.073013,0.933541,0.358398,0.007206,-0.032878,0.065589,0.997305,0,0.78578,-1.00000,47.147,-2.000,800.000,350.000,-1,375.000,-1,300.000,300.000,325.000,325.000,-1,275.000,200.000,875.000,600.000,650.000,975.000,-1,1,0,2,0,2,0,0,0,0,2,0,0,1,0,0,1,2
30,-1671.438,-5843.172,-441.626,67.191,0.385513,-0.919567,0.075994,0.922194,0.386726,0.001355,-0.030635,0.069559,0.997107,0,0.82606,-0.88000,49.564,-1.760,800.000,350.000,-1,375.000,-1,300.000,300.000,325.000,325.000,-1,300.000,225.000,875.000,625.000,675.000,-1,-1,1,0,2,0,2,0,0,0,0,2,0,0,1,0,0,2,2
31,-1649.304,-5794.213,-443.100,65.671,0.409838,-0.908875,0.077320,0.911664,0.410933,-0.001912,-0.030035,0.071273,0.997005,0,0.89548,-0.76000,53.729,-1.520,800.000,350.000,-1,375.000,-1,300.000,300.000,350.000,325.000,-1,325.000,250.000,900.000,650.000,675.000,-1,-1,1,0,2,0,2,0,0,0,0,2,0,0,1,0,0,2,2
32,-1625.933,-5745.451,-444.431,64.391,0.430172,-0.899391,0.077761,0.902290,0.431096,-0.005358,-0.028704,0.072468,0.996958,0,0.90122,-0.64000,54.073,-1.280,850.000,350.000,-1,375.000,-1,300.000,300.000,325.000,325.000,-1,375.000,300.000,950.000,675.000,675.000,-1,-1,1,0,2,0,2,0,0,0,0,2,0,0,1,0,0,2,2
33,-1601.542,-5696.848,-445.549,63.351,0.446651,-0.891387,0.077019,0.894321,0.447333,-0.009121,-0.026323,0.072954,0.996988,0,0.90632,-0.52000,54.379,-1.040,925.000,350.000,-1,375.000,-1,300.000,300.000,325.000,325.000,-1,400.000,325.000,975.000,700.000,700.000,-1,-1,1,0,2,0,2,0,0,0,0,2,0,0,1,0,0,2,2
34,-1576.349,-5648.345,-446.672,62.551,0.459288,-0.885012,0.076211,0.887974,0.459713,-0.012913,-0.023607,0.073604,0.997008,0,0.91092,-0.40000,54.655,-0.800,-1,375.000,-1,375.000,-1,300.000,300.000,325.000,325.000,-1,425.000,350.000,1000.000,725.000,700.000,-1,-1,2,0,2,0,2,0,0,0,0,2,0,0,1,0,0,2,2
35,-1550.565,-5599.868,-447.812,61.991,0.468155,-0.880432,0.075299,0.883405,0.468317,-0.016585,-0.020662,0.074284,0.997023,0,0.91513,-0.28000,54.908,-0.560,-1,375.000,-1,375.000,-1,300.000,300.000,325.000,325.000,-1,450.000,375.000,-1,750.000,700.000,-1,-1,2,0,2,0,2,0,0,0,0,2,0,0,2,0,1,2,2
36,-1524.396,-5551.326,-449.128,61.671,0.473276,-0.877805,0.073946,0.880729,0.473229,-0.019270,-0.018078,0.074246,0.997076,0,0.91911,-0.16000,55.146,-0.320,-1,375.000,-1,375.000,-1,300.000,300.000,325.000,325.000,-1,425.000,325.000,-1,775.000,700.000,-1,-1,2,0,2,0,2,0,0,0,0,2,0,0,2,0,1,2,2
37,-1498.049,-5502.616,-450.382,61.591,0.474719,-0.877135,0.072629,0.880007,0.474449,-0.022031,-0.015135,0.074373,0.997116,0,0.92298,-0.04000,55.379,-0.080,-1,375.000,-1,375.000,-1,300.000,300.000,325.000,325.000,-1,400.000,250.000,-1,775.000,700.000,-1,975.000,2,0,2,0,2,0,0,0,0,2,0,0,2,0,1,2,1
38,-1471.728,-5453.627,-451.558,61.751,0.472496,-0.878439,0.071364,0.881254,0.471989,-0.024876,-0.011831,0.074644,0.997140,0,0.92688,0.08000,55.613,0.160,-1,400.000,-1,375.000,-1,300.000,325.000,325.000,325.000,-1,350.000,200.000,-1,800.000,675.000,-1,925.000,2,0,2,0,2,0,0,0,0,2,0,0,2,0,1,2,1
39,-1445.636,-5404.238,-452.515,62.151,0.466557,-0.881654,0.070786,0.884450,0.465813,-0.027694,-0.008557,0.075527,0.997107,0,0.93096,0.20000,55.857,0.400,-1,400.000,-1,375.000,-1,325.000,325.000,325.000,325.000,-1,325.000,200.000,-1,825.000,650.000,-1,875.000,2,0,2,1,2,0,0,0,0,2,0,0,2,0,1,2,1
40,-1419.978,-5354.328,-453.092,62.791,0.456835,-0.886662,0.071633,0.889533,0.455865,-0.030318,-0.005773,0.077570,0.996970,0,0.93533,0.32000,56.120,0.640,-1,400.000,-1,400.000,975.000,325.000,325.000,325.000,325.000,-1,325.000,225.000,-1,875.000,625.000,-1,800.000,2,0,2,1,1,0,0,0,0,2,0,0,2,0,1,2,1
41,-1395.075,-5304.002,-453.778,63.671,0.443290,-0.893480,0.072017,0.896372,0.442154,-0.031893,-0.003346,0.078692,0.996893,0,0.93584,0.44000,56.151,0.880,-1,425.000,-1,400.000,850.000,325.000,325.000,325.000,325.000,-1,325.000,250.000,-1,900.000,600.000,-1,750.000,2,0,2,1,1,0,0,0,0,2,0,0,2,0,1,2,1
42,-1371.079,-5253.300,-454.532,64.673,0.427693,-0.901054,0.071976,0.903923,0.426453,-0.032566,-0.001350,0.078989,0.996875,0,0.93491,0.50097,56.094,1.002,-1,425.000,-1,375.000,750.000,325.000,325.000,325.000,325.000,-1,325.000,275.000,-1,925.000,575.000,-1,675.000,2,0,2,1,1,0,0,0,0,2,0,0,2,0,1,2,1
43,-1348.008,-5202.236,-455.164,65.686,0.411788,-0.908438,0.071914,0.911280,0.410445,-0.033230,0.000671,0.079217,0.996857,0,0.93391,0.50661,56.035,1.013,-1,425.000,-1,375.000,675.000,325.000,325.000,325.000,325.000,-1,325.000,300.000,-1,950.000,550.000,-1,625.000,2,0,2,1,1,0,0,0,0,2,0,0,2,0,1,2,1
44,-1325.883,-5150.836,-455.410,66.710,0.395482,-0.915690,0.071454,0.918473,0.394161,-0.032324,0.001435,0.078412,0.996920,0,0.93267,0.51228,55.960,1.025,-1,425.000,-1,375.000,600.000,325.000,325.000,300.000,325.000,-1,375.000,375.000,-1,950.000,550.000,-1,575.000,2,0,2,1,1,0,0,1,0,2,0,0,2,0,1,2,1
45,-1304.720,-5099.130,-455.537,67.743,0.378833,-0.922707,0.071395,0.925464,0.377623,-0.030269,0.000969,0.077540,0.996989,0,0.93118,0.51623,55.871,1.032,-1,425.000,-1,350.000,525.000,325.000,325.000,300.000,325.000,-1,450.000,450.000,-1,950.000,525.000,-1,500.000,2,0,2,1,1,0,0,1,0,2,0,0,2,0,1,2,1
46,-1282.767,-5043.301,-455.486,68.535,0.365942,-0.927939,0.070823,0.930638,0.364864,-0.028071,0.000207,0.076182,0.997094,0,0.99983,0.39623,59.990,0.792,-1,425.000,-1,350.000,450.000,325.000,325.000,275.000,325.000,-1,550.000,550.000,-1,950.000,475.000,-1,450.000,2,0,2,1,1,0,0,1,0,2,0,0,2,0,1,2,1
47,-1261.410,-4987.232,-455.103,69.151,0.355944,-0.932022,0.068110,0.934507,0.354959,-0.026472,0.000496,0.073072,0.997327,0,1.00000,0.30770,60.000,0.615,-1,425.000,-1,325.000,400.000,325.000,325.000,275.000,325.000,-1,625.000,650.000,-1,975.000,475.000,-1,400.000,2,0,2,1,1,0,1,1,0,2,0,0,2,0,1,2,1
48,-1240.639,-4930.942,-454.388,69.749,0.346252,-0.935995,0.063431,0.938139,0.345317,-0.025511,0.001975,0.068341,0.997660,0,1.00000,0.29935,60.000,0.599,-1,425.000,-1,325.000,350.000,350.000,325.000,275.000,350.000,-1,675.000,725.000,-1,975.000,450.000,-1,375.000,2,0,2,1,1,0,1,1,0,2,0,0,2,0,1,2,1
49,-1220.438,-4874.445,-453.263,70.330,0.336854,-0.939810,0.057332,0.941547,0.335947,-0.025066,0.004297,0.062425,0.998040,0,1.00000,0.29024,60.000,0.580,-1,450.000,-1,325.000,325.000,350.000,325.000,275.000,350.000,-1,700.000,775.000,-1,1000.000,425.000,-1,325.000,2,0,2,1,1,0,1,1,0,2,0,0,2,0,1,2,1
50,-1200.792,-4817.753,-451.744,70.891,0.327754,-0.943445,0.049883,0.944734,0.326871,-0.025154,0.007426,0.055370,0.998438,0,1.00000,0.28032,60.000,0.561,-1,450.000,-1,300.000,275.000,350.000,325.000,275.000,375.000,-1,700.000,800.000,-1,-1,425.000,-1,300.000,2,0,2,1,1,0,1,1,0,2,0,0,2,2,1,2,1
51,-1181.679,-4760.879,-449.846,71.430,0.318956,-0.946876,0.041146,0.947702,0.318114,-0.025790,0.011331,0.047220,0.998820,0,1.00000,0.26954,60.000,0.539,-1,475.000,-1,300.000,250.000,375.000,325.000,275.000,400.000,-1,700.000,825.000,-1,-1,425.000,-1,275.000,2,0,2,1,1,0,1,1,0,2,0,0,2,2,1,2,1
52,-1163.079,-4703.835,-447.584,71.945,0.310463,-0.950074,0.031179,0.950451,0.309701,-0.026984,0.015981,0.038011,0.999150,0,1.00000,0.25782,60.000,0.516,-1,500.000,-1,300.000,225.000,400.000,325.000,275.000,375.000,-1,700.000,825.000,-1,-1,400.000,-1,250.000,2,0,2,1,1,0,1,1,1,2,0,0,2,2,1,2,1
53,-1144.967,-4646.633,-445.449,72.436,0.302258,-0.953060,0.017799,0.952958,0.301678,-0.029339,0.022592,0.025830,0.999411,0,1.00000,0.24512,60.000,0.490,-1,500.000,-1,300.000,225.000,400.000,325.000,275.000,350.000,-1,475.000,775.000,-1,-1,400.000,-1,225.000,2,0,2,1,1,0,1,0,1,2,0,0,2,2,1,2,1
54,-1127.319,-4589.287,-443.294,72.898,0.294260,-0.955723,0.002256,0.955280,0.294050,-0.031205,0.029160,0.011337,0.999510,0,1.00000,0.23137,60.000,0.463,-1,525.000,-1,300.000,200.000,425.000,325.000,275.000,350.000,-1,225.000,750.000,-1,-1,400.000,-1,225.000,2,0,2,1,1,0,1,0,1,2,0,0,2,2,1,2,1
55,-1110.107,-4531.808,-441.031,73.331,0.286519,-0.957974,-0.013866,0.957359,0.286834,-0.034493,0.037021,-0.003392,0.999309,0,1.00000,0.21656,60.000,0.433,-1,550.000,-1,300.000,175.000,450.000,325.000,275.000,325.000,900.000,100.000,600.000,-1,-1,400.000,-1,225.000,2,0,2,1,1,1,1,0,1,0,0,0,2,2,1,2,1
56,-1093.334,-4474.326,-439.192,73.733,0.279145,-0.959837,-0.028136,0.959222,0.280081,-0.038052,0.044404,-0.016367,0.998880,0,0.99797,0.20066,59.878,0.401,-1,575.000,-1,300.000,175.000,450.000,325.000,250.000,300.000,650.000,75.000,425.000,-1,-1,400.000,-1,225.000,2,0,2,1,1,1,1,0,1,0,0,0,2,2,1,2,1
57,-1077.064,-4417.201,-437.257,74.100,0.272202,-0.961325,-0.041963,0.960948,0.273837,-0.039894,0.049842,-0.029465,0.998322,0,0.98993,0.18374,59.396,0.367,-1,575.000,-1,300.000,175.000,450.000,325.000,250.000,275.000,425.000,75.000,375.000,-1,-1,400.000,-1,200.000,2,0,2,1,1,1,1,0,1,1,0,0,2,2,1,2,1
58,-1061.287,-4360.556,-434.827,74.432,0.265647,-0.962372,-0.057198,0.962519,0.268117,-0.040879,0.054677,-0.044195,0.997526,0,0.98001,0.16598,58.801,0.332,-1,600.000,-1,300.000,150.000,450.000,325.000,250.000,250.000,375.000,75.000,350.000,-1,-1,400.000,-1,200.000,2,0,2,1,1,1,1,0,1,1,0,0,2,2,1,2,1
59,-1045.991,-4304.510,-431.938,74.727,0.259512,-0.962921,-0.073728,0.963939,0.262932,-0.041079,0.058942,-0.060409,0.996432,0,0.96825,0.14758,58.095,0.295,-1,600.000,-1,300.000,150.000,450.000,325.000,250.000,250.000,350.000,100.000,350.000,-1,-1,400.000,-1,175.000,2,0,2,1,1,1,1,0,1,1,0,0,2,2,1,2,1
60,-4919.508,7543.212,51.112,116.375,-0.443586,-0.894708,-0.052242,0.896135,-0.443641,-0.011162,-0.013190,-0.051767,0.998572,1,0.00000,0.00000,58.181,0.535,575.000,400.000,-1,375.000,-1,325.000,325.000,325.000,325.000,-1,-1,-1,-1,825.000,875.000,-1,-1,1,0,2,0,2,0,0,0,0,2,2,2,2,0,0,2,2
61,-4921.659,7547.504,51.075,116.615,-0.447321,-0.892836,-0.052427,0.894273,-0.447382,-0.011222,-0.013436,-0.051904,0.998562,0,0.08000,0.12000,4.800,0.240,550.000,400.000,-1,375.000,-1,325.000,325.000,325.000,325.000,-1,-1,-1,-1,825.000,875.000,-1,-1,1,0,2,0,2,0,0,0,0,2,2,2,2,0,0,2,2
62,-4926.031,7556.050,50.996,117.095,-0.454768,-0.889044,-0.052799,0.890501,-0.454839,-0.011349,-0.013925,-0.052178,0.998541,0,0.16000,0.24000,9.600,0.480,550.000,400.000,-1,400.000,-1,325.000,325.000,325.000,325.000,-1,-1,-1,-1,825.000,875.000,-1,-1,1,0,2,0,2,0,0,0,0,2,2,2,2,0,0,2,2
63,-4932.713,7568.805,50.864,117.647,-0.463297,-0.884597,-0.053333,0.886085,-0.463379,-0.011569,-0.014480,-0.052618,0.998510,0,0.24000,0.27619,14.400,0.552,525.000,400.000,-1,400.000,-1,325.000,325.000,325.000,325.000,-1,-1,-1,-1,825.000,900.000,-1,-1,1,0,2,0,2,0,0,0,0,2,2,2,2,0,0,2,2
64,-4941.787,7585.726,50.668,118.201,-0.471811,-0.880044,-0.054014,0.881572,-0.471900,-0.011897,-0.015020,-0.053231,0.998469,0,0.32000,0.27717,19.200,0.554,500.000,400.000,-1,400.000,-1,325.000,325.000,325.000,325.000,-1,-1,-1,-1,825.000,900.000,-1,-1,1,0,2,0,2,0,0,0,0,2,2,2,2,0,0,2,2
65,-4953.335,7606.765,50.404,118.759,-0.480331,-0.875372,-0.054828,0.876950,-0.480423,-0.012344,-0.015535,-0.054011,0.998419,0,0.40000,0.27886,24.000,0.558,500.000,400.000,-1,400.000,-1,325.000,325.000,325.000,325.000,-1,-1,-1,-1,825.000,900.000,-1,-1,1,0,2,0,2,0,0,0,0,2,2,2,2,0,0,2,2
66,-4967.439,7631.875,50.066,119.322,-0.488879,-0.870568,-0.055757,0.872205,-0.488970,-0.012923,-0.016013,-0.054949,0.998361,0,0.48000,0.28128,28.800,0.563,475.000,400.000,-1,400.000,-1,325.000,325.000,325.000,325.000,-1,-1,-1,-1,825.000,925.000,-1,-1,1,0,2,0,2,0,0,0,0,2,2,2,2,0,0,2,2
67,-4984.183,7661.005,49.545,119.890,-0.497464,-0.865636,-0.056600,0.867323,-0.497570,-0.013200,-0.016736,-0.055657,0.998310,0,0.56000,0.28444,33.600,0.569,475.000,400.000,-1,400.000,-1,325.000,325.000,325.000,325.000,-1,-1,-1,-1,850.000,925.000,-1,-1,1,0,2,0,2,0,0,0,0,2,2,2,2,0,0,2,2
68,-5003.654,7694.102,48.875,120.467,-0.506112,-0.860555,-0.057412,0.862289,-0.506240,-0.013359,-0.017568,-0.056267,0.998261,0,0.64000,0.28836,38.400,0.577,450.000,400.000,-1,425.000,-1,325.000,325.000,325.000,325.000,-1,-1,-1,-1,850.000,950.000,-1,-1,1,0,2,0,2,0,0,0,0,2,2,2,2,0,0,2,2
69,-5025.939,7731.111,48.015,121.053,-0.514869,-0.855313,-0.057865,0.857078,-0.515006,-0.013681,-0.018099,-0.056639,0.998231,0,0.72000,0.29304,43.200,0.586,475.000,400.000,-1,425.000,-1,325.000,325.000,325.000,325.000,-1,-1,-1,-1,850.000,975.000,-1,-1,1,0,2,0,2,0,0,0,0,2,2,2,2,0,0,2,2
70,-5051.126,7771.971,47.053,121.650,-0.523737,-0.849878,-0.058362,0.851677,-0.523876,-0.014121,-0.018573,-0.057102,0.998196,0,0.80000,0.29852,48.000,0.597,-1,400.000,-1,425.000,-1,325.000,325.000,325.000,325.000,-1,-1,-1,-1,850.000,975.000,-1,-1,2,0,2,0,2,0,0,0,0,2,2,2,2,0,0,2,2
71,-5079.308,7816.621,45.696,122.260,-0.532702,-0.844282,-0.058446,0.846070,-0.532904,-0.013373,-0.019855,-0.056573,0.998201,0,0.88000,0.30478,52.800,0.610,-1,400.000,-1,425.000,-1,325.000,325.000,325.000,325.000,-1,-1,-1,-1,875.000,1000.000,-1,-1,2,0,2,0,2,0,0,1,0,2,2,2,2,0,0,2,2
72,-5110.513,7864.898,43.912,122.878,-0.541707,-0.838557,-0.058095,0.840278,-0.542038,-0.011272,-0.022037,-0.054923,0.998247,0,0.95807,0.30929,57.484,0.619,-1,400.000,-1,425.000,-1,325.000,325.000,300.000,300.000,-1,-1,-1,-1,875.000,975.000,-1,-1,2,0,2,0,2,0,0,1,0,2,2,2,2,0,0,2,2
73,-5142.115,7912.640,42.130,123.503,-0.550741,-0.832674,-0.057784,0.834327,-0.551192,-0.009245,-0.024152,-0.053303,0.998286,0,0.95423,0.31219,57.254,0.624,-1,400.000,-1,425.000,-1,325.000,350.000,275.000,300.000,-1,-1,-1,-1,875.000,975.000,-1,-1,2,0,2,0,2,0,0,1,0,2,2,2,2,0,0,2,2
74,-5174.096,7959.821,40.533,124.132,-0.559839,-0.826668,-0.056563,0.828206,-0.560376,-0.007366,-0.025608,-0.050970,0.998372,0,0.94998,0.31476,56.999,0.630,-1,400.000,-1,425.000,-1,325.000,350.000,250.000,300.000,-1,-1,-1,-1,875.000,975.000,-1,-1,2,0,2,0,2,0,0,1,0,2,2,2,2,0,0,2,2
75,-5206.438,8006.419,39.642,124.766,-0.569089,-0.820623,-0.052117,0.821884,-0.569631,-0.005224,-0.025400,-0.045807,0.998627,0,0.94537,0.31699,56.722,0.634,-1,425.000,-1,450.000,-1,350.000,350.000,225.000,300.000,-1,-1,-1,-1,900.000,975.000,-1,-1,2,0,2,0,2,0,0,1,0,2,2,2,2,0,0,2,2
76,-5238.171,8050.679,37.891,125.640,-0.581436,-0.811892,-0.052569,0.813098,-0.582120,-0.002775,-0.028348,-0.044357,0.998613,0,0.90767,0.43699,54.460,0.874,-1,425.000,-1,425.000,-1,350.000,350.000,225.000,300.000,-1,-1,-1,-1,900.000,975.000,-1,-1,2,0,2,0,2,0,0,1,0,2,2,2,2,0,0,2,2
77,-5270.604,8094.102,35.309,126.754,-0.596768,-0.800355,-0.057450,0.801686,-0.597745,-0.000207,-0.034175,-0.046181,0.998348,0,0.90331,0.55699,54.198,1.114,-1,425.000,-1,425.000,-1,325.000,350.000,200.000,300.000,-1,-1,-1,-1,850.000,925.000,-1,-1,2,0,2,0,2,0,0,1,0,2,2,2,2,0,0,2,2
78,-5303.907,8136.561,32.966,128.108,-0.615217,-0.785982,-0.061161,0.787375,-0.616470,0.002090,-0.039346,-0.046871,0.998126,0,0.89936,0.67699,53.962,1.354,-1,400.000,-1,425.000,-1,325.000,325.000,175.000,325.000,-1,-1,-1,-1,825.000,900.000,-1,-1,2,0,2,0,2,0,0,1,0,2,2,2,2,0,0,2,2
79,-5338.245,8177.918,30.604,129.702,-0.636646,-0.768559,-0.063233,0.769926,-0.638120,0.004146,-0.043537,-0.046045,0.997990,0,0.89590,0.79699,53.754,1.594,-1,400.000,-1,425.000,-1,325.000,325.000,175.000,325.000,-1,-1,-1,-1,800.000,875.000,-1,-1,2,0,2,0,2,0,0,1,0,2,2,2,2,0,0,2,2
80,-5373.621,8218.154,28.195,131.322,-0.657940,-0.750242,-0.065208,0.751570,-0.659626,0.006005,-0.047518,-0.045058,0.997854,0,0.89295,0.81016,53.577,1.620,-1,400.000,-1,425.000,-1,325.000,325.000,175.000,325.000,-1,-1,-1,-1,800.000,850.000,-1,-1,2,0,2,0,2,0,0,1,0,2,2,2,2,0,0,2,2
81,-5410.002,8257.244,25.782,132.944,-0.678723,-0.731306,-0.067280,0.732594,-0.680623,0.007663,-0.051396,-0.044088,0.997705,0,0.89000,0.81084,53.400,1.622,-1,400.000,-1,400.000,-1,325.000,325.000,175.000,325.000,-1,-1,-1,-1,775.000,850.000,-1,-1,2,0,2,0,2,0,0,1,0,2,2,2,2,0,0,2,2
82,-5447.348,8295.162,22.849,134.567,-0.699150,-0.711826,-0.067030,0.712958,-0.701144,0.009372,-0.053669,-0.041237,0.997707,0,0.88702,0.81134,53.221,1.623,-1,400.000,-1,400.000,-1,325.000,325.000,175.000,325.000,-1,-1,-1,-1,775.000,825.000,-1,-1,2,0,2,0,2,0,0,1,0,2,2,2,2,0,0,2,2
83,-5485.623,8331.881,19.804,136.190,-0.719066,-0.691767,-0.066350,0.692721,-0.721121,0.011084,-0.055514,-0.037992,0.997735,0,0.88401,0.81167,53.041,1.623,-1,400.000,-1,400.000,-1,325.000,325.000,175.000,325.000,-1,-1,-1,-1,775.000,800.000,-1,-1,2,0,2,0,2,0,0,1,0,2,2,2,2,0,0,2,2
84,-5524.790,8367.381,16.715,137.814,-0.738407,-0.671140,-0.065779,0.671906,-0.740523,0.012994,-0.057431,-0.034603,0.997750,0,0.88101,0.81182,52.861,1.624,-1,400.000,-1,400.000,-1,325.000,325.000,175.000,325.000,-1,-1,-1,-1,775.000,800.000,-1,-1,2,0,2,0,2,0,0,1,0,2,2,2,2,0,0,2,2
85,-5564.811,8401.640,13.595,139.437,-0.757151,-0.649964,-0.065335,0.650533,-0.759328,0.015056,-0.059397,-0.031103,0.997750,0,0.87804,0.81179,52.682,1.624,-1,400.000,-1,400.000,-1,325.000,325.000,175.000,325.000,-1,-1,-1,-1,775.000,775.000,-1,-1,2,0,2,0,2,0,0,1,0,2,2,2,2,0,0,2,2
86,-5605.650,8434.641,10.495,141.061,-0.775282,-0.628257,-0.065037,0.628637,-0.777513,0.017018,-0.061258,-0.027691,0.997738,0,0.87510,0.81159,52.506,1.623,-1,400.000,-1,400.000,-1,325.000,325.000,200.000,325.000,-1,-1,-1,-1,775.000,750.000,-1,-1,2,0,2,0,2,0,0,1,0,2,2,2,2,0,0,2,2
87,-5647.269,8466.367,7.411,142.683,-0.792780,-0.606045,-0.064877,0.606238,-0.795058,0.018910,-0.063041,-0.024340,0.997714,0,0.87221,0.81122,52.333,1.622,-1,400.000,-1,400.000,-1,325.000,325.000,200.000,325.000,-1,-1,-1,-1,775.000,750.000,-1,-1,2,0,2,0,2,0,0,1,0,2,2,2,2,0,0,2,2
88,-5689.632,8496.806,4.726,144.304,-0.809602,-0.583372,-0.064973,0.583228,-0.811979,0.023131,-0.066251,-0.019167,0.997619,0,0.86940,0.81068,52.164,1.621,-1,400.000,-1,375.000,-1,325.000,325.000,225.000,325.000,-1,-1,-1,-1,775.000,725.000,-1,-1,2,0,2,0,2,0,0,1,0,2,2,2,2,0,0,2,2
89,-5732.704,8525.943,2.275,145.924,-0.825746,-0.560237,-0.065409,0.559686,-0.828225,0.028196,-0.069970,-0.013325,0.997460,0,0.86669,0.80999,52.001,1.620,-1,400.000,-1,375.000,-1,325.000,300.000,225.000,325.000,-1,-1,-1,-1,775.000,700.000,-1,-1,2,0,2,0,2,0,0,1,0,2,2,2,2,0,0,2,2
90,-5776.449,8553.767,-0.849,147.543,-0.841243,-0.536643,-0.065768,0.535937,-0.843745,0.029434,-0.071286,-0.010486,0.997401,0,0.86407,0.80914,51.844,1.618,-1,400.000,-1,375.000,-1,325.000,300.000,250.000,300.000,-1,-1,-1,-1,775.000,700.000,-1,-1,2,0,2,0,2,0,0,1,0,2,2,2,2,0,0,2,2
91,-5820.833,8580.268,-4.652,149.159,-0.856085,-0.512630,-0.065799,0.512035,-0.858543,0.026900,-0.070282,-0.010662,0.997470,0,0.86157,0.80813,51.694,1.616,-1,400.000,-1,375.000,-1,325.000,300.000,250.000,325.000,-1,-1,-1,-1,775.000,700.000,-1,-1,2,0,2,0,2,0,0,1,0,2,2,2,2,0,0,2,2
92,-5865.822,8605.439,-8.610,150.773,-0.870214,-0.488240,-0.065950,0.487815,-0.872631,0.023491,-0.069019,-0.011730,0.997546,0,0.85919,0.80698,51.551,1.614,-1,400.000,-1,375.000,-1,325.000,325.000,275.000,325.000,-1,-1,-1,-1,775.000,725.000,-1,-1,2,0,2,0,2,0,0,1,0,2,2,2,2,0,0,2,2
93,-5911.380,8629.272,-12.132,152.384,-0.883603,-0.463511,-0.066364,0.463125,-0.886019,0.022015,-0.069004,-0.011283,0.997553,0,0.85694,0.80568,51.416,1.611,-1,400.000,-1,375.000,-1,325.000,325.000,275.000,325.000,-1,-1,-1,-1,775.000,725.000,-1,-1,2,0,2,0,2,0,0,1,0,2,2,2,2,0,0,2,2
94,-5957.477,8651.762,-15.617,153.993,-0.896268,-0.438459,-0.066759,0.438119,-0.898685,0.020440,-0.068957,-0.010929,0.997560,0,0.85483,0.80425,51.290,1.609,-1,400.000,-1,375.000,-1,325.000,325.000,300.000,325.000,-1,-1,-1,-1,775.000,725.000,-1,-1,2,0,2,0,2,0,0,1,0,2,2,2,2,0,0,2,2
95,-6004.078,8672.903,-19.140,155.598,-0.908225,-0.413112,-0.066824,0.412809,-0.910621,0.018932,-0.068672,-0.010391,0.997585,0,0.85287,0.80269,51.172,1.605,-1,400.000,-1,400.000,-1,325.000,325.000,300.000,325.000,-1,-1,-1,-1,775.000,725.000,-1,-1,2,0,2,0,2,0,0,1,0,2,2,2,2,0,0,2,2
96,-6049.860,8692.371,-22.656,156.963,-0.917827,-0.391299,-0.066927,0.391011,-0.920212,0.017906,-0.068594,-0.009735,0.997597,0,0.82915,0.68269,49.749,1.365,-1,400.000,-1,400.000,-1,325.000,325.000,300.000,325.000,-1,-1,-1,-1,775.000,725.000,-1,-1,2,0,2,0,2,0,0,0,0,2,2,2,2,0,0,2,2
97,-6095.900,8710.890,-26.276,158.089,-0.925327,-0.373153,-0.067279,0.372850,-0.927727,0.017481,-0.068940,-0.008910,0.997581,0,0.82709,0.56269,49.625,1.125,-1,400.000,-1,400.000,-1,325.000,325.000,300.000,325.000,-1,-1,-1,-1,775.000,725.000,-1,-1,2,0,2,0,2,0,0,0,0,2,2,2,2,0,0,2,2
98,-6142.086,8728.643,-29.851,158.974,-0.930966,-0.358775,-0.067697,0.358472,-0.933386,0.016986,-0.069281,-0.008454,0.997561,0,0.82468,0.44269,49.481,0.885,-1,400.000,-1,400.000,-1,325.000,325.000,300.000,325.000,475.000,-1,-1,-1,775.000,725.000,-1,-1,2,0,2,0,2,0,0,0,0,1,2,2,2,0,0,2,2
99,-6188.317,8745.818,-33.401,159.620,-0.934929,-0.348239,-0.068093,0.347948,-0.937369,0.016476,-0.069566,-0.008289,0.997543,0,0.82196,0.32269,49.318,0.645,-1,400.000,-1,375.000,-1,325.000,325.000,300.000,300.000,450.000,-1,-1,-1,775.000,725.000,-1,-1,2,0,2,0,2,0,0,0,0,1,2,2,2,0,0,2,2
100,-6234.501,8762.604,-36.923,160.025,-0.937349,-0.341598,-0.068466,0.341329,-0.939809,0.015958,-0.069796,-0.008411,0.997526,0,0.81900,0.20269,49.140,0.405,-1,400.000,-1,375.000,-1,325.000,325.000,300.000,300.000,450.000,-1,-1,-1,775.000,750.000,-1,-1,2,0,2,0,2,0,0,0,0,1,2,2,2,0,0,2,2
101,-6280.556,8779.194,-40.391,160.190,-0.938301,-0.338882,-0.068918,0.338651,-0.940787,0.015373,-0.070046,-0.008915,0.997504,0,0.81586,0.08269,48.952,0.165,-1,400.000,-1,375.000,-1,325.000,325.000,300.000,300.000,450.000,-1,-1,-1,750.000,750.000,-1,-1,2,0,2,0,2,0,0,0,0,1,2,2,2,0,0,2,2
102,-6326.406,8795.777,-43.804,160.116,-0.937820,-0.340104,-0.069439,0.339926,-0.940337,0.014729,-0.070305,-0.009791,0.997477,0,0.81261,-0.03731,48.756,-0.075,-1,400.000,-1,375.000,-1,325.000,325.000,300.000,300.000,450.000,-1,-1,-1,750.000,750.000,-1,-1,2,0,2,0,2,0,0,0,0,1,2,2,2,0,0,2,2
103,-6371.978,8812.543,-47.165,159.801,-0.935892,-0.345258,-0.070023,0.345149,-0.938443,0.014038,-0.070559,-0.011030,0.997447,0,0.80931,-0.15731,48.559,-0.315,-1,400.000,-1,375.000,1000.000,325.000,325.000,300.000,300.000,450.000,-1,-1,-1,750.000,750.000,-1,-1,2,0,2,0,0,0,0,0,0,1,2,2,2,0,0,2,2
104,-6417.203,8829.679,-50.472,159.247,-0.932451,-0.354319,-0.070664,0.354294,-0.935039,0.013311,-0.070790,-0.012624,0.997411,0,0.80605,-0.27731,48.363,-0.555,-1,400.000,-1,375.000,975.000,325.000,325.000,300.000,300.000,475.000,-1,-1,-1,750.000,750.000,-1,-1,2,0,2,0,0,0,0,0,0,1,2,2,2,0,0,2,2
105,-6462.065,8847.236,-53.779,158.627,-0.928508,-0.364407,-0.071276,0.364489,-0.931126,0.012310,-0.070853,-0.014549,0.997381,0,0.80290,-0.30999,48.174,-0.620,-1,400.000,-1,375.000,950.000,325.000,325.000,300.000,300.000,475.000,-1,-1,-1,750.000,750.000,-1,-1,2,0,2,0,0,0,0,0,0,1,2,2,2,0,0,2,2
106,-6506.582,8865.223,-56.990,157.999,-0.924434,-0.374578,-0.071505,0.374763,-0.927052,0.011331,-0.070533,-0.016322,0.997376,0,0.80024,-0.31394,48.014,-0.628,-1,400.000,-1,375.000,925.000,325.000,325.000,300.000,300.000,475.000,-1,-1,-1,750.000,750.000,-1,-1,2,0,2,0,0,0,0,0,0,1,2,2,2,1,0,2,2
107,-6550.783,8883.655,-60.083,157.362,-0.920215,-0.384841,-0.071422,0.385113,-0.922810,0.010479,-0.069942,-0.017863,0.997391,0,0.79816,-0.31816,47.890,-0.636,-1,400.000,-1,400.000,925.000,325.000,325.000,300.000,300.000,500.000,-1,-1,-1,725.000,725.000,-1,-1,2,0,2,0,0,0,0,0,0,1,2,2,2,1,0,2,2
108,-6594.689,8902.548,-63.160,156.717,-0.915811,-0.395196,-0.071484,0.395567,-0.918388,0.009494,-0.069402,-0.019582,0.997397,0,0.79665,-0.32262,47.799,-0.645,-1,400.000,-1,400.000,900.000,325.000,325.000,300.000,300.000,525.000,-1,-1,-1,725.000,725.000,-1,-1,2,0,2,0,0,0,0,0,0,1,2,2,2,1,0,2,2
109,-6638.325,8921.918,-66.291,156.062,-0.911235,-0.405649,-0.071415,0.406115,-0.913782,0.008526,-0.068716,-0.021233,0.997410,0,0.79570,-0.32732,47.742,-0.655,-1,400.000,-1,400.000,900.000,325.000,325.000,300.000,300.000,525.000,-1,-1,-1,700.000,725.000,-1,-1,2,0,2,0,0,0,0,0,0,1,2,2,2,1,0,2,2
110,-6681.711,8941.783,-69.535,155.398,-0.906495,-0.416207,-0.070978,0.416750,-0.908989,0.007689,-0.067719,-0.022610,0.997448,0,0.79529,-0.33225,47.718,-0.664,-1,400.000,-1,400.000,875.000,325.000,325.000,300.000,300.000,550.000,-1,-1,-1,700.000,725.000,-1,-1,2,0,2,0,0,0,0,0,0,1,2,2,2,1,0,2,2
111,-6724.866,8962.161,-72.880,154.723,-0.901537,-0.426872,-0.070791,0.427468,-0.904001,0.007268,-0.067098,-0.023708,0.997465,0,0.79540,-0.33738,47.724,-0.675,-1,400.000,-1,400.000,850.000,325.000,325.000,300.000,300.000,600.000,-1,-1,-1,675.000,700.000,-1,-1,2,0,2,0,0,0,0,0,0,1,2,2,2,1,0,2,2
112,-6767.806,8983.069,-76.199,154.038,-0.896386,-0.437649,-0.070389,0.438265,-0.898816,0.007269,-0.066448,-0.024333,0.997493,0,0.79600,-0.34272,47.760,-0.685,-1,400.000,-1,400.000,825.000,325.000,325.000,300.000,300.000,625.000,-1,-1,-1,650.000,700.000,-1,-1,2,0,2,0,0,0,0,0,0,1,2,2,2,1,0,2,2
113,-6814.698,9006.812,-79.857,153.145,-0.889463,-0.451596,-0.070114,0.452245,-0.891864,0.007241,-0.065802,-0.025268,0.997513,0,0.87600,-0.44658,52.560,-0.893,-1,400.000,-1,400.000,775.000,325.000,325.000,300.000,300.000,650.000,-1,-1,-1,625.000,675.000,925.000,1000.000,2,0,2,0,0,0,0,0,0,1,2,2,2,1,0,1,1
114,-6865.405,9033.483,-83.860,152.257,-0.882352,-0.465352,-0.070016,0.466036,-0.884736,0.007224,-0.065308,-0.026256,0.997520,0,0.95489,-0.44400,57.294,-0.888,-1,400.000,-1,400.000,750.000,325.000,325.000,300.000,300.000,700.000,-1,-1,-1,600.000,650.000,850.000,950.000,2,1,2,0,0,0,0,0,0,1,2,2,2,1,1,1,1
115,-6916.071,9061.135,-87.906,151.375,-0.875063,-0.478900,-0.070138,0.479624,-0.877444,0.007220,-0.065000,-0.027322,0.997511,0,0.96201,-0.44093,57.721,-0.882,975.000,375.000,-1,400.000,700.000,325.000,325.000,300.000,300.000,750.000,-1,-1,-1,575.000,625.000,750.000,875.000,1,1,2,0,0,0,0,0,0,1,2,2,2,1,1,1,1
116,-6966.677,9089.766,-91.996,150.500,-0.867609,-0.492226,-0.070489,0.492995,-0.870002,0.007240,-0.064889,-0.028469,0.997486,0,0.96906,-0.43743,58.143,-0.875,900.000,375.000,-1,375.000,650.000,325.000,325.000,300.000,275.000,800.000,-1,-1,-1,525.000,600.000,675.000,825.000,1,1,2,0,0,0,0,0,0,1,2,2,2,1,1,1,1
117,-7017.203,9119.370,-96.129,149.633,-0.860003,-0.505314,-0.071077,0.506134,-0.862424,0.007295,-0.064985,-0.029701,0.997444,0,0.97599,-0.43345,58.560,-0.867,775.000,350.000,-1,375.000,600.000,325.000,325.000,300.000,275.000,875.000,-1,-1,-1,500.000,575.000,600.000,750.000,1,1,2,0,0,1,0,0,0,1,2,2,2,1,1,1,1
118,-7067.629,9149.937,-99.596,148.775,-0.852292,-0.518128,-0.071705,0.519101,-0.854693,0.005786,-0.064284,-0.032291,0.997409,0,0.98279,-0.42895,58.967,-0.858,625.000,325.000,-1,375.000,600.000,300.000,325.000,275.000,275.000,975.000,-1,-1,-1,475.000,550.000,525.000,725.000,1,1,2,0,0,1,1,0,0,1,2,2,2,1,1,1,1
119,-7117.933,9181.457,-102.554,147.927,-0.844510,-0.530631,-0.072347,0.531914,-0.846796,0.001793,-0.062214,-0.036968,0.997378,0,0.98940,-0.42386,59.364,-0.848,525.000,325.000,-1,350.000,600.000,275.000,300.000,275.000,275.000,-1,-1,-1,-1,450.000,550.000,450.000,750.000,1,1,2,1,0,1,1,0,0,2,2,2,2,1,1,1,1
120,-7168.091,9213.917,-104.112,147.091,-0.837149,-0.542949,-0.066241,0.544153,-0.838986,-0.000159,-0.055489,-0.036178,0.997804,0,0.99576,-0.41813,59.746,-0.836,475.000,300.000,-1,350.000,625.000,275.000,300.000,300.000,275.000,-1,825.000,975.000,-1,425.000,550.000,425.000,950.000,1,1,2,1,0,1,1,0,0,2,0,0,2,1,1,1,0
121,-7217.987,9247.238,-105.170,146.268,-0.829840,-0.554998,-0.057814,0.556014,-0.831171,-0.001810,-0.047049,-0.033647,0.998326,0,1.00000,-0.41167,60.000,-0.823,450.000,300.000,-1,350.000,675.000,275.000,300.000,300.000,275.000,-1,600.000,600.000,-1,400.000,575.000,400.000,-1,1,1,2,1,0,1,1,0,0,2,0,0,2,1,1,1,2
122,-7267.542,9281.064,-105.874,145.684,-0.824711,-0.563505,-0.048101,0.564271,-0.825585,-0.002899,-0.038078,-0.029533,0.998838,0,1.00000,-0.29167,60.000,-0.583,450.000,275.000,-1,350.000,700.000,250.000,275.000,325.000,250.000,-1,475.000,450.000,-1,400.000,625.000,375.000,-1,1,1,2,1,0,1,1,0,0,2,0,0,2,1,1,1,2
123,-7316.892,9315.188,-106.415,145.341,-0.821848,-0.568532,-0.036573,0.569011,-0.822323,-0.003371,-0.028158,-0.023581,0.999325,0,1.00000,-0.17167,60.000,-0.343,425.000,275.000,-1,350.000,725.000,250.000,275.000,350.000,250.000,-1,400.000,325.000,-1,400.000,775.000,375.000,-1,1,1,2,1,0,1,1,0,0,2,0,0,2,1,0,1,2
124,-7366.182,9349.400,-106.880,145.238,-0.821247,-0.570101,-0.023203,0.570314,-0.821421,-0.003278,-0.017191,-0.015925,0.999725,0,1.00000,-0.05167,60.000,-0.103,425.000,275.000,-1,350.000,775.000,250.000,275.000,350.000,250.000,-1,300.000,225.000,-1,400.000,800.000,350.000,-1,1,1,2,1,0,1,1,1,0,2,0,0,2,1,0,1,2
125,-7415.553,9383.494,-107.191,145.374,-0.822848,-0.568198,-0.008475,0.568235,-0.822862,-0.002668,-0.005458,-0.007011,0.999961,0,1.00000,0.06833,60.000,0.137,425.000,275.000,-1,375.000,825.000,250.000,300.000,375.000,250.000,-1,250.000,175.000,-1,425.000,850.000,350.000,-1,1,1,2,1,0,1,1,1,0,2,0,0,2,1,0,1,2
126,-7465.124,9417.298,-105.677,145.709,-0.826152,-0.563389,0.008147,0.563319,-0.826185,-0.009473,0.012068,-0.003237,0.999922,0,1.00000,0.16746,60.000,0.335,450.000,300.000,-1,425.000,-1,275.000,325.000,400.000,250.000,-1,175.000,125.000,875.000,525.000,925.000,350.000,-1,1,1,2,1,2,1,1,1,0,2,0,0,0,1,1,1,2
127,-2951.732,-327.971,-403.777,99.016,-0.154748,-0.985069,0.075443,0.987593,-0.156305,-0.015149,0.026715,0.072162,0.997035,1,0.00000,0.00000,60.000,0.352,675.000,400.000,900.000,375.000,-1,325.000,325.000,300.000,275.000,-1,575.000,650.000,-1,525.000,675.000,600.000,-1,1,0,1,0,2,0,0,0,0,2,0,0,2,1,0,1,2
128,-2952.504,-323.234,-403.657,99.256,-0.158864,-0.984429,0.075249,0.986929,-0.160433,-0.015254,0.027089,0.071843,0.997048,0,0.08000,0.12000,4.800,0.240,675.000,400.000,875.000,375.000,-1,325.000,325.000,300.000,275.000,-1,575.000,650.000,-1,525.000,675.000,600.000,-1,1,0,1,0,2,0,0,0,0,2,0,0,2,1,0,1,2
129,-2954.127,-313.772,-403.413,99.736,-0.167088,-0.983095,0.074873,0.985549,-0.168682,-0.015456,0.027824,0.071209,0.997073,0,0.16000,0.24000,9.600,0.480,675.000,400.000,850.000,375.000,-1,325.000,325.000,300.000,275.000,-1,600.000,675.000,-1,525.000,675.000,600.000,-1,1,0,1,0,2,0,0,0,0,2,0,0,2,1,0,1,2
130,-2956.739,-299.611,-403.039,100.456,-0.179405,-0.980963,0.074332,0.983351,-0.181035,-0.015742,0.028899,0.070270,0.997109,0,0.24000,0.36000,14.400,0.720,675.000,400.000,825.000,375.000,-1,325.000,325.000,300.000,275.000,-1,600.000,700.000,-1,500.000,675.000,575.000,-1,1,1,1,0,2,0,0,0,0,2,0,0,2,1,0,1,2
131,-2960.539,-280.792,-402.525,101.416,-0.195789,-0.977876,0.073652,0.980179,-0.197462,-0.016092,0.030279,0.069042,0.997154,0,0.32000,0.48000,19.200,0.960,675.000,400.000,775.000,375.000,-1,325.000,325.000,300.000,275.000,-1,625.000,725.000,-1,500.000,675.000,575.000,-1,1,1,1,0,2,0,1,0,0,2,0,0,2,1,0,1,2
132,-2965.696,-257.353,-401.855,102.413,-0.212745,-0.974387,0.072864,0.976594,-0.214459,-0.016490,0.031694,0.067650,0.997206,0,0.40000,0.49827,24.000,0.997,650.000,400.000,725.000,375.000,-1,325.000,325.000,300.000,275.000,1000.000,650.000,750.000,-1,475.000,700.000,550.000,-1,1,1,1,0,2,1,1,0,0,0,0,0,2,1,0,1,2
