timestep,x_cm,y_cm,z_cm,yaw_deg,basis_xx,basis_xy,basis_xz,basis_yx,basis_yy,basis_yz,basis_zx,basis_zy,basis_zz,teleport_flag,throttle_cmd,steering_cmd,cmd_move_cm,cmd_turn_deg,lidar_cm_0,lidar_cm_1,lidar_cm_2,lidar_cm_3,lidar_cm_4,lidar_cm_5,lidar_cm_6,lidar_cm_7,lidar_cm_8,lidar_cm_9,lidar_cm_10,lidar_cm_11,lidar_cm_12,lidar_cm_13,lidar_cm_14,lidar_cm_15,lidar_cm_16,lidar_class_0,lidar_class_1,lidar_class_2,lidar_class_3,lidar_class_4,lidar_class_5,lidar_class_6,lidar_class_7,lidar_class_8,lidar_class_9,lidar_class_10,lidar_class_11,lidar_class_12,lidar_class_13,lidar_class_14,lidar_class_15,lidar_class_16
0,-3603.650,1642.516,438.654,-145.956,-0.828143,0.559726,0.029752,-0.560034,-0.828466,-0.002512,0.023243,-0.018743,0.999554,1,-0.08000,0.12000,-4.800,0.240,-1,425.000,-1,400.000,-1,350.000,325.000,325.000,325.000,-1,900.000,800.000,625.000,925.000,775.000,-1,-1,2,0,2,0,2,0,0,0,0,2,0,1,1,0,0,2,2
1,-3595.740,1647.957,438.453,-145.476,-0.823426,0.566651,0.029607,-0.566945,-0.823753,-0.001920,0.023301,-0.018367,0.999560,0,-0.16000,0.24000,-9.600,0.480,-1,425.000,-1,400.000,-1,350.000,325.000,325.000,325.000,-1,900.000,775.000,625.000,925.000,775.000,-1,-1,2,0,2,0,2,0,0,0,0,2,0,1,1,0,0,2,2
2,-3583.980,1656.267,438.153,-144.756,-0.816242,0.576963,0.029373,-0.577237,-0.816576,-0.001030,0.023391,-0.017796,0.999568,0,-0.24000,0.36000,-14.400,0.720,-1,425.000,-1,400.000,-1,350.000,325.000,325.000,325.000,-1,875.000,750.000,625.000,950.000,800.000,-1,-1,2,0,2,0,2,0,0,0,0,2,0,1,1,0,0,2,2
3,-3571.675,1665.274,437.847,-143.796,-0.806462,0.590569,0.029107,-0.590821,-0.806802,-0.000076,0.023438,-0.017258,0.999576,0,-0.25415,0.48000,-15.249,0.960,-1,425.000,-1,400.000,-1,350.000,325.000,325.000,325.000,-1,875.000,700.000,600.000,950.000,800.000,-1,-1,2,0,2,0,2,0,0,0,0,2,1,1,1,0,0,2,2
4,-3559.604,1674.504,437.402,-142.596,-0.793895,0.607334,0.029599,-0.607584,-0.794255,0.000693,0.023930,-0.017433,0.999562,0,-0.25327,0.60000,-15.196,1.200,-1,425.000,-1,400.000,-1,350.000,325.000,325.000,325.000,-1,825.000,675.000,600.000,950.000,800.000,-1,-1,2,0,2,0,2,0,0,0,0,2,1,1,1,0,0,2,2
5,-3547.815,1683.997,436.922,-141.156,-0.778350,0.627097,0.030338,-0.627351,-0.778735,0.001448,0.024534,-0.017906,0.999539,0,-0.25226,0.72000,-15.136,1.440,-1,425.000,-1,400.000,-1,350.000,325.000,300.000,325.000,-1,775.000,625.000,600.000,1000.000,800.000,-1,-1,2,0,2,0,2,0,0,0,0,2,1,1,1,0,0,2,2
6,-3536.360,1693.789,436.449,-139.476,-0.759595,0.649651,0.031131,-0.649910,-0.760007,0.002258,0.025127,-0.018517,0.999513,0,-0.25116,0.84000,-15.070,1.680,-1,450.000,-1,400.000,-1,350.000,325.000,300.000,325.000,-1,725.000,575.000,625.000,-1,825.000,-1,-1,2,0,2,0,2,0,0,0,0,2,1,1,1,2,0,2,2
7,-3525.250,1703.867,435.993,-137.791,-0.740119,0.671721,0.031872,-0.671984,-0.740559,0.003167,0.025731,-0.019074,0.999487,0,-0.25000,0.84290,-15.000,1.686,-1,450.000,-1,400.000,-1,350.000,325.000,300.000,300.000,-1,675.000,550.000,650.000,-1,825.000,-1,-1,2,0,2,0,2,0,0,0,0,2,1,1,1,2,0,2,2
8,-3510.924,1717.535,435.408,-136.345,-0.722899,0.690189,0.032489,-0.690444,-0.723372,0.004384,0.026527,-0.019262,0.999462,0,-0.33000,0.72290,-19.800,1.446,-1,450.000,-1,400.000,-1,350.000,325.000,300.000,300.000,-1,625.000,500.000,650.000,-1,850.000,-1,-1,2,0,2,0,2,0,0,0,0,2,1,1,1,2,0,2,2
9,-3496.184,1732.322,434.795,-134.907,-0.705324,0.708115,0.033035,-0.708357,-0.705831,0.005694,0.027349,-0.019385,0.999438,0,-0.34798,0.71865,-20.879,1.437,-1,450.000,-1,425.000,-1,350.000,350.000,300.000,300.000,-1,575.000,450.000,650.000,-1,850.000,-1,-1,2,0,2,0,2,0,0,0,0,2,1,1,1,2,0,2,2
10,-3481.747,1747.550,434.185,-133.474,-0.687350,0.725553,0.033505,-0.725781,-0.687890,0.007034,0.028152,-0.019482,0.999414,0,-0.34974,0.71691,-20.984,1.434,-1,450.000,-1,425.000,-1,350.000,350.000,300.000,300.000,-1,525.000,425.000,650.000,-1,850.000,-1,-1,2,0,2,0,2,0,0,0,0,2,1,1,1,2,0,2,2
11,-3467.623,1763.213,433.575,-132.043,-0.668992,0.742496,0.033899,-0.742706,-0.669564,0.008401,0.028935,-0.019556,0.999390,0,-0.35151,0.71515,-21.091,1.430,-1,450.000,-1,425.000,-1,350.000,350.000,300.000,300.000,-1,500.000,375.000,675.000,-1,875.000,-1,-1,2,0,2,0,2,0,0,0,0,2,1,1,1,2,0,2,2
12,-3453.823,1779.304,432.966,-130.617,-0.650265,0.758937,0.034214,-0.759127,-0.650869,0.009789,0.029698,-0.019607,0.999367,0,-0.35330,0.71337,-21.198,1.427,-1,450.000,-1,425.000,-1,350.000,350.000,300.000,300.000,-1,450.000,350.000,700.000,-1,875.000,-1,-1,2,0,2,0,2,0,0,0,0,2,1,1,1,2,0,2,2
13,-3440.359,1795.816,432.359,-129.193,-0.631184,0.774867,0.034449,-0.775035,-0.631819,0.011192,0.030437,-0.019635,0.999344,0,-0.35509,0.71157,-21.306,1.423,-1,450.000,-1,425.000,-1,350.000,350.000,300.000,300.000,-1,425.000,325.000,750.000,-1,900.000,-1,-1,2,0,2,0,2,0,0,0,0,2,1,1,1,2,0,2,2
14,-3427.242,1812.743,431.753,-127.774,-0.611766,0.790281,0.034604,-0.790425,-0.612429,0.012605,0.031154,-0.019641,0.999322,0,-0.35690,0.70976,-21.414,1.420,-1,450.000,-1,425.000,-1,350.000,350.000,300.000,300.000,-1,375.000,275.000,-1,-1,900.000,-1,-1,2,0,2,0,2,0,0,0,0,2,1,1,2,2,0,2,2
15,-3414.482,1830.076,431.148,-126.358,-0.592026,0.805172,0.034678,-0.805289,-0.592716,0.014023,0.031845,-0.019624,0.999300,0,-0.35872,0.70792,-21.523,1.416,-1,450.000,-1,425.000,-1,350.000,350.000,300.000,300.000,-1,350.000,250.000,-1,-1,925.000,-1,-1,2,0,2,0,2,0,0,0,0,2,1,1,2,2,0,2,2
16,-3404.847,1843.744,430.681,-125.182,-0.575358,0.817165,0.034695,-0.817262,-0.576068,0.015132,0.032352,-0.019648,0.999283,0,-0.27872,0.58792,-16.723,1.176,-1,450.000,-1,425.000,-1,350.000,350.000,300.000,300.000,-1,325.000,225.000,-1,-1,925.000,-1,-1,2,0,2,0,2,0,0,0,0,2,1,1,2,2,0,2,2
17,-3398.137,1853.600,430.351,-124.246,-0.561920,0.826464,0.034691,-0.826546,-0.562644,0.015936,0.032689,-0.019719,0.999271,0,-0.19872,0.46792,-11.923,0.936,-1,450.000,-1,425.000,-1,350.000,350.000,300.000,300.000,-1,300.000,200.000,-1,-1,925.000,-1,-1,2,0,2,0,2,0,0,0,0,2,1,1,2,2,0,2,2
18,-3394.200,1859.537,430.157,-123.551,-0.551831,0.833234,0.034695,-0.833308,-0.552564,0.016438,0.032868,-0.019841,0.999263,0,-0.11872,0.34792,-7.123,0.696,-1,450.000,-1,425.000,-1,350.000,350.000,300.000,300.000,-1,275.000,200.000,-1,-1,925.000,-1,-1,2,0,2,0,2,0,0,0,0,2,1,1,2,2,0,2,2
19,-3392.931,1861.483,430.097,-123.095,-0.545178,0.837601,0.034727,-0.837675,-0.545916,0.016640,0.032895,-0.020018,0.999258,0,-0.03872,0.22792,-2.323,0.456,-1,450.000,-1,425.000,-1,350.000,350.000,300.000,300.000,-1,275.000,200.000,-1,-1,950.000,-1,-1,2,0,2,0,2,0,0,0,0,2,1,1,2,2,0,2,2
20,-3394.276,1859.403,430.171,-122.879,-0.542016,0.839647,0.034795,-0.839729,-0.542754,0.016542,0.032775,-0.020252,0.999258,0,0.04128,0.10792,2.477,0.216,-1,450.000,-1,425.000,-1,350.000,350.000,300.000,300.000,-1,275.000,200.000,-1,-1,950.000,-1,-1,2,0,2,0,2,0,0,0,0,2,1,1,2,2,0,2,2
21,-3398.208,1853.280,430.380,-122.714,-0.539596,0.841199,0.034930,-0.841297,-0.540331,0.016175,0.032480,-0.020659,0.999259,0,0.12128,0.08246,7.277,0.165,-1,450.000,-1,425.000,-1,350.000,350.000,300.000,300.000,-1,275.000,200.000,-1,-1,950.000,-1,-1,2,0,2,0,2,0,0,0,0,2,1,1,2,2,0,2,2
22,-3404.706,1843.100,430.724,-122.548,-0.537154,0.842752,0.035140,-0.842877,-0.537881,0.015543,0.032000,-0.021270,0.999262,0,0.20128,0.08310,12.077,0.166,-1,450.000,-1,425.000,-1,350.000,350.000,300.000,300.000,-1,300.000,225.000,-1,-1,950.000,-1,-1,2,0,2,0,2,0,0,0,0,2,1,1,2,2,0,2,2
23,-3413.743,1828.848,431.201,-122.379,-0.534677,0.844314,0.035423,-0.844476,-0.535394,0.014638,0.031324,-0.022087,0.999265,0,0.28128,0.08416,16.877,0.168,-1,450.000,-1,425.000,-1,350.000,350.000,300.000,300.000,-1,300.000,225.000,-1,-1,950.000,-1,-1,2,0,2,0,2,0,0,0,0,2,1,1,2,2,0,2,2
24,-3425.297,1810.507,431.807,-122.208,-0.532155,0.845891,0.035776,-0.846099,-0.532855,0.013453,0.030443,-0.023111,0.999269,0,0.36128,0.08563,21.677,0.171,-1,450.000,-1,425.000,-1,350.000,350.000,300.000,300.000,-1,325.000,250.000,-1,-1,950.000,-1,-1,2,0,2,0,2,0,0,0,0,2,1,1,2,2,0,2,2
25,-3439.340,1788.061,432.540,-122.033,-0.529576,0.847490,0.036198,-0.847755,-0.530253,0.011973,0.029341,-0.024346,0.999273,0,0.44128,0.08753,26.477,0.175,-1,450.000,-1,425.000,-1,350.000,350.000,300.000,300.000,-1,350.000,275.000,-1,-1,950.000,-1,-1,2,0,2,0,2,0,0,0,0,2,1,1,2,2,0,2,2
26,-3455.846,1761.495,433.014,-121.853,-0.527001,0.849148,0.034880,-0.849440,-0.527592,0.009971,0.026870,-0.024374,0.999342,0,0.52128,0.08985,31.277,0.180,-1,450.000,-1,425.000,-1,350.000,350.000,300.000,300.000,-1,400.000,325.000,-1,-1,950.000,-1,-1,2,0,2,0,2,0,0,0,0,2,1,1,2,2,0,2,2
27,-3474.786,1730.790,433.505,-121.668,-0.524359,0.850852,0.033149,-0.851164,-0.524846,0.007573,0.023841,-0.024244,0.999422,0,0.60128,0.09260,36.077,0.185,-1,450.000,-1,425.000,-1,350.000,350.000,300.000,300.000,-1,425.000,350.000,-1,-1,925.000,-1,-1,2,0,2,0,2,0,0,0,0,2,1,1,2,2,0,2,2
28,-3496.130,1695.928,434.049,-121.477,-0.521625,0.852604,0.031197,-0.852932,-0.522000,0.004776,0.020357,-0.024118,0.999502,0,0.68128,0.09577,40.877,0.192,-1,-1,-1,425.000,-1,350.000,350.000,300.000,300.000,-1,475.000,400.000,-1,-1,900.000,-1,-1,2,2,2,0,2,0,0,0,0,2,1,1,2,2,0,2,2
29,-3519.314,1657.763,434.629,-121.278,-0.518782,0.854412,0.029074,-0.854748,-0.519041,0.001628,0.016482,-0.024007,0.999576,0,0.74426,0.09937,44.655,0.199,-1,-1,-1,425.000,-1,350.000,350.000,300.000,300.000,-1,525.000,450.000,-1,-1,875.000,-1,-1,2,2,2,0,2,0,0,0,0,2,1,1,2,2,0,2,2
30,-3544.689,1615.314,435.235,-120.871,-0.512822,0.858079,0.026722,-0.858411,-0.512959,-0.001966,0.012020,-0.023946,0.999641,0,0.82426,0.20352,49.455,0.407,-1,-1,-1,425.000,-1,350.000,350.000,300.000,300.000,-1,575.000,500.000,-1,-1,850.000,-1,-1,2,2,2,0,2,0,0,0,0,2,1,1,2,2,0,2,2
31,-3570.900,1570.744,435.859,-120.459,-0.506766,0.861740,0.024318,-0.862053,-0.506783,-0.005923,0.007220,-0.023965,0.999687,0,0.86177,0.20574,51.706,0.411,-1,-1,-1,425.000,-1,350.000,325.000,300.000,300.000,-1,625.000,550.000,-1,-1,850.000,-1,-1,2,2,2,0,2,1,0,0,0,2,1,1,2,2,0,2,2
32,-3596.862,1525.855,436.463,-120.043,-0.500602,0.865400,0.021950,-0.865675,-0.500506,-0.010047,0.002291,-0.024031,0.999709,0,0.86427,0.20821,51.856,0.416,-1,-1,-1,400.000,-1,500.000,325.000,300.000,275.000,-1,675.000,600.000,-1,-1,825.000,-1,-1,2,2,2,0,2,1,0,0,0,2,1,1,2,2,0,2,2
33,-3622.564,1480.650,436.858,-119.621,-0.494311,0.869045,0.020428,-0.869282,-0.494115,-0.014093,-0.002154,-0.024724,0.999692,0,0.86668,0.21083,52.001,0.422,-1,-1,-1,400.000,-1,550.000,325.000,300.000,275.000,-1,725.000,675.000,-1,-1,800.000,-1,-1,2,2,2,0,2,1,1,0,0,2,1,1,2,2,0,2,2
34,-3647.994,1435.135,436.872,-119.194,-0.487892,0.872660,0.020622,-0.872886,-0.487596,-0.017898,-0.005564,-0.026733,0.999627,0,0.86896,0.21364,52.138,0.427,-1,-1,-1,425.000,-1,575.000,400.000,300.000,275.000,-1,775.000,725.000,-1,-1,800.000,-1,-1,2,2,2,1,2,1,1,0,0,2,1,1,2,2,0,2,2
35,-3673.139,1389.314,435.103,-118.761,-0.481561,0.876073,0.024398,-0.876291,-0.480845,-0.030028,-0.014575,-0.035840,0.999251,0,0.87111,0.21664,52.267,0.433,-1,-1,-1,425.000,-1,575.000,400.000,275.000,300.000,-1,825.000,775.000,-1,-1,750.000,-1,-1,2,2,2,1,2,1,1,0,0,2,1,1,2,2,0,2,2
36,-3697.965,1343.182,426.784,-118.321,-0.476761,0.878040,0.041761,-0.877897,-0.473193,-0.073391,-0.044679,-0.071652,0.996428,0,0.87310,0.21987,52.386,0.440,-1,-1,-1,375.000,-1,500.000,350.000,200.000,325.000,-1,925.000,875.000,-1,-1,625.000,-1,-1,2,2,2,1,2,1,1,0,0,2,1,1,2,2,0,2,2
37,-3722.466,1296.753,418.969,-117.874,-0.473073,0.879069,0.058643,-0.878032,-0.464940,-0.113540,-0.072544,-0.105203,0.991801,0,0.87489,0.22335,52.493,0.447,-1,-1,-1,325.000,-1,425.000,300.000,150.000,350.000,-1,1000.000,1000.000,-1,-1,525.000,-1,850.000,2,2,2,1,2,1,1,0,0,2,1,1,2,2,0,2,0
38,-3746.630,1250.040,411.584,-117.420,-0.470292,0.879306,0.075145,-0.877018,-0.456181,-0.150790,-0.098311,-0.136819,0.985706,0,0.87646,0.22711,52.587,0.454,-1,-1,-1,300.000,950.000,375.000,275.000,100.000,400.000,-1,-1,-1,-1,-1,425.000,-1,575.000,2,2,2,1,0,1,1,0,0,2,2,2,2,2,0,2,0
39,-3770.446,1203.061,404.001,-116.958,-0.467824,0.879213,0.090138,-0.875592,-0.447165,-0.182706,-0.120331,-0.164398,0.979027,0,0.87776,0.23120,52.665,0.462,-1,-1,-1,275.000,700.000,350.000,250.000,75.000,450.000,-1,-1,-1,-1,-1,375.000,-1,400.000,2,2,2,1,0,1,1,0,0,2,2,2,2,2,1,2,0
40,-3793.898,1155.834,396.416,-116.486,-0.465611,0.878968,0.103060,-0.873682,-0.437978,-0.211791,-0.141020,-0.188654,0.971866,0,0.87874,0.23564,52.724,0.471,-1,550.000,-1,250.000,500.000,300.000,225.000,75.000,475.000,-1,0.000,-1,-1,-1,325.000,-1,275.000,2,1,2,1,0,1,1,1,0,2,0,2,2,2,1,2,0
41,-3816.975,1108.380,388.306,-116.005,-0.463364,0.879174,0.111121,-0.871133,-0.428906,-0.239096,-0.162547,-0.207589,0.964617,0,0.87935,0.24049,52.761,0.481,-1,475.000,-1,225.000,275.000,275.000,200.000,150.000,525.000,900.000,0.000,-1,-1,-1,275.000,-1,175.000,2,1,2,1,0,1,1,1,0,0,0,2,2,2,1,2,1
42,-327.956,-4263.544,245.836,68.394,0.362386,-0.929363,0.070432,0.924258,0.368075,0.101332,-0.120099,0.028376,0.992356,1,0.00000,0.00000,52.771,0.492,625.000,350.000,-1,375.000,550.000,300.000,300.000,275.000,250.000,-1,-1,525.000,300.000,550.000,625.000,675.000,675.000,0,0,2,0,1,0,0,0,1,2,2,1,1,0,0,0,1
43,-326.170,-4259.089,245.291,68.154,0.366296,-0.927820,0.070545,0.922736,0.371968,0.100988,-0.119939,0.028103,0.992383,0,0.08000,-0.12000,4.800,-0.240,625.000,350.000,-1,375.000,525.000,300.000,300.000,275.000,250.000,-1,-1,550.000,300.000,550.000,625.000,675.000,675.000,0,0,2,0,1,0,0,0,1,2,2,1,1,0,0,0,1
44,-322.523,-4250.208,244.200,67.674,0.374099,-0.924686,0.070747,0.919641,0.379733,0.100317,-0.119627,0.027534,0.992437,0,0.16000,-0.24000,9.600,-0.480,625.000,350.000,-1,375.000,525.000,300.000,300.000,275.000,250.000,-1,-1,550.000,325.000,550.000,625.000,675.000,650.000,0,0,2,0,1,0,0,0,1,2,2,1,1,0,0,0,1
45,-316.886,-4236.958,242.562,66.954,0.385759,-0.919864,0.070998,0.914872,0.391333,0.099342,-0.119165,0.026632,0.992517,0,0.24000,-0.36000,14.400,-0.720,625.000,350.000,-1,375.000,525.000,300.000,300.000,275.000,250.000,-1,-1,575.000,325.000,550.000,625.000,675.000,650.000,0,0,2,0,1,0,0,0,1,2,2,1,1,0,0,0,1
46,-309.074,-4219.419,240.374,65.994,0.401216,-0.913209,0.071243,0.908279,0.406703,0.098094,-0.118556,0.025352,0.992624,0,0.32000,-0.48000,19.200,-0.960,625.000,350.000,-1,375.000,500.000,300.000,300.000,275.000,250.000,-1,-1,600.000,325.000,550.000,625.000,675.000,625.000,0,0,2,0,1,0,0,0,1,2,2,1,1,0,0,0,1
47,-298.853,-4197.705,237.628,64.794,0.420388,-0.904529,0.071422,0.899666,0.425756,0.096603,-0.117789,0.023645,0.992757,0,0.40000,-0.60000,24.000,-1.200,625.000,350.000,-1,375.000,475.000,300.000,300.000,275.000,250.000,-1,-1,625.000,350.000,550.000,625.000,675.000,575.000,0,0,2,0,1,0,0,0,1,2,2,1,1,0,1,0,1
48,-285.937,-4171.964,234.312,63.354,0.443163,-0.893588,0.071468,0.888794,0.448375,0.094892,-0.116839,0.021467,0.992919,0,0.48000,-0.72000,28.800,-1.440,625.000,350.000,-1,375.000,450.000,300.000,300.000,275.000,275.000,-1,-1,675.000,350.000,550.000,600.000,650.000,550.000,0,0,2,0,1,0,0,0,1,2,2,1,1,0,1,0,1
49,-269.994,-4142.388,230.408,61.674,0.469390,-0.880106,0.071317,0.875384,0.474405,0.092969,-0.115655,0.018791,0.993112,0,0.56000,-0.84000,33.600,-1.680,600.000,350.000,-1,375.000,425.000,300.000,300.000,275.000,275.000,-1,-1,725.000,375.000,550.000,575.000,650.000,500.000,0,0,2,0,1,0,0,0,1,2,2,1,1,0,1,0,1
50,-250.651,-4109.216,226.022,59.754,0.498828,-0.863757,0.071372,0.859152,0.503649,0.090533,-0.114144,0.016159,0.993333,0,0.64000,-0.96000,38.400,-1.920,600.000,325.000,-1,375.000,400.000,300.000,300.000,275.000,275.000,-1,-1,825.000,400.000,525.000,525.000,625.000,475.000,0,0,2,0,1,0,0,0,1,2,2,1,1,0,1,0,1
51,-227.602,-4072.679,221.469,57.754,0.528779,-0.845669,0.072363,0.841343,0.533497,0.086736,-0.111955,0.015017,0.993600,0,0.72000,-1.00000,43.200,-2.000,625.000,325.000,-1,375.000,350.000,300.000,300.000,275.000,300.000,-1,-1,-1,400.000,525.000,500.000,625.000,425.000,0,0,2,0,1,0,0,0,1,2,2,2,1,0,1,0,1
52,-200.590,-4033.002,216.323,55.754,0.558111,-0.826546,0.073034,0.822555,0.562692,0.082344,-0.109157,0.014117,0.993924,0,0.80000,-1.00000,48.000,-2.000,625.000,325.000,-1,375.000,325.000,300.000,300.000,275.000,300.000,-1,-1,-1,425.000,550.000,475.000,650.000,375.000,0,0,2,0,1,0,0,0,1,2,2,2,1,0,1,0,1
53,-171.620,-3993.487,211.397,53.754,0.586716,-0.806385,0.074210,0.803067,0.591181,0.074755,-0.104153,0.015735,0.994437,0,0.81664,-1.00000,48.998,-2.000,675.000,325.000,-1,350.000,275.000,300.000,300.000,300.000,325.000,-1,-1,875.000,425.000,550.000,425.000,700.000,325.000,0,0,2,1,1,0,0,0,1,2,2,1,1,0,1,0,1
54,-141.288,-3955.007,206.314,51.754,0.614637,-0.785231,0.075063,0.782649,0.618939,0.066143,-0.098397,0.018094,0.994983,0,0.81665,-1.00000,48.999,-2.000,700.000,350.000,-1,325.000,250.000,300.000,300.000,300.000,325.000,-1,675.000,750.000,400.000,575.000,400.000,750.000,275.000,0,0,2,1,1,0,0,0,1,2,0,0,1,0,1,0,1
55,-109.628,-3917.603,200.990,49.754,0.641852,-0.763108,0.075446,0.761284,0.645929,0.056758,-0.092046,0.021005,0.995533,0,0.81677,-1.00000,49.006,-2.000,725.000,350.000,-1,300.000,200.000,300.000,300.000,300.000,325.000,-1,500.000,550.000,400.000,575.000,375.000,775.000,225.000,0,0,2,1,1,0,1,0,1,2,0,0,1,0,1,0,1
56,-76.673,-3881.317,195.410,47.754,0.668333,-0.740041,0.075300,0.738985,0.672114,0.046530,-0.085044,0.024548,0.996075,0,0.81698,-1.00000,49.019,-2.000,775.000,350.000,-1,275.000,175.000,300.000,275.000,300.000,300.000,-1,400.000,400.000,375.000,600.000,325.000,825.000,200.000,0,0,2,1,1,0,1,0,1,2,0,0,1,0,1,0,1
57,-39.124,-3842.766,195.017,45.754,0.695931,-0.716332,0.050482,0.715153,0.697724,0.041676,-0.065076,0.007099,0.997855,0,0.89698,-1.00000,53.819,-2.000,875.000,400.000,-1,250.000,150.000,325.000,275.000,300.000,300.000,-1,250.000,300.000,425.000,675.000,325.000,875.000,175.000,0,0,2,1,1,1,1,0,1,2,0,0,1,1,1,1,1
58,0.831,-3804.506,196.290,43.754,0.722122,-0.691460,0.020564,0.690303,0.722209,0.043538,-0.044956,-0.017244,0.998840,0,0.92204,-1.00000,55.323,-2.000,950.000,425.000,-1,250.000,150.000,325.000,275.000,275.000,300.000,925.000,175.000,275.000,475.000,700.000,325.000,850.000,175.000,0,1,2,1,1,1,1,0,1,0,0,0,1,1,1,1,1
59,42.237,-3767.532,197.603,41.754,0.746474,-0.665343,-0.009718,0.664964,0.745352,0.047683,-0.024482,-0.042057,0.998815,0,0.92521,-1.00000,55.513,-2.000,950.000,425.000,-1,250.000,150.000,325.000,275.000,275.000,300.000,600.000,125.000,225.000,525.000,725.000,350.000,825.000,175.000,1,1,2,1,1,1,1,0,1,0,0,0,1,1,1,1,1
60,85.050,-3731.899,198.960,39.754,0.768954,-0.638040,-0.040174,0.639293,0.767053,0.054162,-0.003742,-0.067331,0.997724,0,0.92837,-1.00000,55.702,-2.000,850.000,425.000,-1,250.000,150.000,325.000,275.000,250.000,300.000,450.000,75.000,175.000,600.000,725.000,350.000,800.000,175.000,1,1,2,1,1,1,1,0,1,0,0,0,1,1,1,1,1
61,129.228,-3697.663,200.706,37.754,0.789638,-0.609692,-0.068902,0.613362,0.787316,0.062611,0.016074,-0.091701,0.995657,0,0.93149,-1.00000,55.890,-2.000,775.000,475.000,-1,250.000,150.000,325.000,275.000,225.000,300.000,375.000,50.000,175.000,650.000,750.000,375.000,775.000,150.000,1,1,2,1,1,1,1,0,1,0,0,0,1,1,1,1,1
62,174.722,-3664.877,202.553,35.754,0.808552,-0.580336,-0.097226,0.587332,0.806022,0.073283,0.035838,-0.116357,0.992561,0,0.93456,-1.00000,56.074,-2.000,700.000,525.000,-1,275.000,150.000,350.000,275.000,225.000,300.000,300.000,25.000,150.000,725.000,750.000,400.000,750.000,150.000,1,1,2,1,1,1,1,0,1,0,0,0,1,1,1,1,1
63,221.484,-3633.598,205.523,33.754,0.825635,-0.550381,-0.124127,0.561289,0.823581,0.081667,0.057280,-0.137098,0.988900,0,0.93756,-1.00000,56.253,-2.000,675.000,600.000,-1,275.000,125.000,375.000,275.000,225.000,300.000,250.000,25.000,150.000,800.000,750.000,425.000,750.000,150.000,1,1,2,1,1,1,1,0,1,0,0,0,1,1,1,1,1
64,-2951.695,-4919.490,374.859,-5.144,0.995924,0.089656,0.009875,-0.089487,0.995852,-0.016443,-0.011308,0.015492,0.999816,1,0.00000,0.00000,51.453,-1.760,-1,400.000,-1,375.000,-1,300.000,300.000,300.000,325.000,-1,-1,-1,-1,725.000,675.000,-1,-1,2,0,2,0,2,0,0,0,0,2,2,2,2,0,0,2,2
65,-2946.912,-4919.901,374.807,-4.904,0.996291,0.085484,0.009816,-0.085318,0.996220,-0.016300,-0.011172,0.015403,0.999819,0,0.08000,0.12000,4.800,0.240,-1,400.000,-1,375.000,-1,300.000,300.000,300.000,325.000,-1,-1,-1,-1,750.000,675.000,-1,-1,2,0,2,0,2,0,0,0,0,2,2,2,2,0,0,2,2
66,-2937.341,-4920.641,374.703,-4.424,0.996973,0.077136,0.009697,-0.076975,0.996904,-0.016018,-0.010902,0.015223,0.999825,0,0.16000,0.24000,9.600,0.480,-1,400.000,-1,375.000,-1,300.000,300.000,300.000,325.000,-1,-1,-1,-1,750.000,675.000,-1,-1,2,0,2,0,2,0,0,0,0,2,2,2,2,0,0,2,2
67,-2922.971,-4921.572,374.548,-3.704,0.997866,0.064603,0.009516,-0.064450,0.997799,-0.015601,-0.010503,0.014955,0.999833,0,0.24000,0.36000,14.400,0.720,-1,400.000,-1,375.000,-1,325.000,300.000,300.000,325.000,-1,-1,-1,-1,750.000,675.000,-1,-1,2,0,2,0,2,0,0,0,0,2,2,2,2,0,0,2,2
68,-2903.793,-4922.491,374.345,-2.744,0.998810,0.047876,0.009272,-0.047734,0.998747,-0.015058,-0.009982,0.014597,0.999844,0,0.32000,0.48000,19.200,0.960,-1,400.000,-1,375.000,-1,325.000,300.000,300.000,325.000,-1,-1,-1,-1,750.000,675.000,-1,-1,2,0,2,0,2,0,0,0,0,2,2,2,2,0,0,2,2
69,-2879.802,-4923.138,374.093,-1.544,0.999597,0.026950,0.008964,-0.026819,0.999537,-0.014398,-0.009348,0.014152,0.999856,0,0.40000,0.60000,24.000,1.200,-1,400.000,-1,375.000,-1,325.000,300.000,300.000,325.000,-1,-1,-1,-1,750.000,675.000,-1,-1,2,0,2,0,2,0,0,0,0,2,2,2,2,0,0,2,2
70,-2851.002,-4923.191,373.795,-0.104,0.999961,0.001823,0.008594,-0.001706,0.999906,-0.013632,-0.008618,0.013617,0.999870,0,0.48000,0.72000,28.800,1.440,-1,400.000,-1,375.000,-1,325.000,300.000,300.000,325.000,-1,-1,-1,-1,750.000,650.000,-1,-1,2,0,2,0,2,0,0,0,0,2,2,2,2,0,0,2,2
71,-2817.414,-4922.279,373.453,1.555,0.999598,-0.027142,0.008167,0.027245,0.999547,-0.012773,-0.007817,0.012991,0.999885,0,0.56000,0.82996,33.600,1.660,-1,400.000,-1,375.000,-1,325.000,300.000,300.000,325.000,-1,-1,-1,-1,775.000,650.000,-1,-1,2,0,2,0,2,0,0,0,0,2,2,2,2,0,0,2,2
72,-2779.075,-4920.125,373.070,3.215,0.998396,-0.056082,0.007706,0.056171,0.998351,-0.011840,-0.007029,0.012254,0.999900,0,0.64000,0.82986,38.400,1.660,-1,400.000,-1,375.000,-1,325.000,300.000,300.000,300.000,-1,-1,-1,-1,775.000,650.000,-1,-1,2,0,2,0,2,0,0,0,0,2,2,2,2,0,0,2,2
73,-2736.031,-4916.454,372.647,4.875,0.996357,-0.084972,0.007227,0.085047,0.996318,-0.010823,-0.006281,0.011398,0.999915,0,0.72000,0.82979,43.200,1.660,-1,400.000,-1,375.000,-1,300.000,300.000,300.000,300.000,-1,-1,-1,-1,775.000,650.000,-1,-1,2,0,2,0,2,0,0,0,0,2,2,2,2,0,0,2,2
74,-2690.081,-4911.191,372.197,6.534,0.993482,-0.113790,0.006761,0.113853,0.993450,-0.009745,-0.005608,0.010451,0.999930,0,0.77084,0.82973,46.251,1.659,-1,400.000,-1,350.000,-1,300.000,300.000,300.000,300.000,-1,-1,-1,-1,800.000,650.000,-1,-1,2,0,2,0,2,0,0,0,0,2,2,2,2,0,0,2,2
75,-2644.297,-4904.599,371.891,8.194,0.989772,-0.142513,0.006410,0.142563,0.989753,-0.008107,-0.005189,0.008938,0.999947,0,0.77093,0.82971,46.256,1.659,-1,400.000,-1,350.000,-1,300.000,300.000,300.000,300.000,-1,-1,-1,-1,800.000,650.000,-1,-1,2,0,2,0,2,0,0,0,0,2,2,2,2,0,0,2,2
76,-2598.718,-4896.683,371.943,9.853,0.985236,-0.171118,0.005418,0.171146,0.985232,-0.005190,-0.004450,0.006041,0.999972,0,0.77102,0.82970,46.261,1.659,-1,400.000,-1,350.000,-1,325.000,300.000,300.000,300.000,-1,-1,-1,-1,850.000,650.000,-1,-1,2,0,2,0,2,0,0,0,0,2,2,2,2,0,0,2,2
77,-2553.382,-4887.449,372.028,11.512,0.979872,-0.199580,0.004316,0.199592,0.979876,-0.002465,-0.003737,0.003277,0.999988,0,0.77111,0.82972,46.267,1.659,-1,400.000,-1,350.000,-1,325.000,300.000,300.000,325.000,-1,-1,-1,-1,900.000,675.000,-1,-1,2,0,2,0,2,0,0,0,0,2,2,2,2,0,0,2,2
78,-2508.328,-4876.905,372.239,13.172,0.973686,-0.227874,0.002861,0.227876,0.973690,-0.000416,-0.002691,0.001057,0.999996,0,0.77120,0.82976,46.272,1.660,-1,400.000,-1,350.000,-1,325.000,300.000,300.000,325.000,-1,-1,-1,-1,950.000,700.000,-1,-1,2,0,2,0,2,0,0,0,0,2,2,2,2,0,0,2,2
79,-2463.592,-4865.059,372.429,14.832,0.966681,-0.255979,0.001403,0.255977,0.966682,0.001624,-0.001771,-0.001211,0.999998,0,0.77129,0.82982,46.277,1.660,-1,400.000,-1,375.000,-1,325.000,300.000,300.000,325.000,-1,-1,-1,-1,-1,750.000,-1,-1,2,0,2,0,2,0,0,0,0,2,2,2,2,2,0,2,2
80,-2419.213,-4851.920,372.590,16.491,0.958863,-0.283870,-0.000066,0.283868,0.958856,0.003658,-0.000975,-0.003526,0.999993,0,0.77138,0.82990,46.283,1.660,-1,400.000,-1,375.000,-1,325.000,300.000,300.000,325.000,-1,-1,-1,-1,-1,800.000,-1,-1,2,0,2,0,2,0,0,0,0,2,2,2,2,2,0,2,2
81,-2375.228,-4837.500,372.720,18.151,0.950237,-0.311524,-0.001550,0.311528,0.950220,0.005688,-0.000299,-0.005888,0.999983,0,0.77147,0.83001,46.288,1.660,-1,425.000,-1,375.000,-1,325.000,325.000,300.000,325.000,-1,-1,-1,-1,-1,850.000,-1,-1,2,0,2,0,2,0,0,0,0,2,2,2,2,2,0,2,2
82,-2331.675,-4821.809,372.814,19.812,0.940811,-0.338919,-0.003058,0.338933,0.940779,0.007715,0.000262,-0.008294,0.999966,0,0.77157,0.83014,46.294,1.660,-1,425.000,-1,375.000,-1,325.000,325.000,300.000,325.000,-1,-1,-1,-1,-1,925.000,-1,-1,2,0,2,0,2,0,0,0,0,2,2,2,2,2,0,2,2
83,-2288.589,-4804.861,372.813,21.472,0.930592,-0.366031,-0.004372,0.366057,0.930543,0.009610,0.000551,-0.010544,0.999944,0,0.77166,0.83030,46.300,1.661,-1,425.000,-1,400.000,-1,325.000,325.000,300.000,325.000,-1,-1,-1,-1,-1,975.000,-1,-1,2,0,2,0,2,0,0,0,0,2,2,2,2,2,0,2,2
84,-2246.007,-4786.669,372.523,23.133,0.919593,-0.392843,-0.004689,0.392871,0.919528,0.010962,0.000005,-0.011923,0.999929,0,0.77175,0.83047,46.305,1.661,-1,425.000,-1,400.000,-1,325.000,325.000,300.000,300.000,-1,-1,-1,-1,-1,-1,-1,-1,2,0,2,0,2,0,0,0,0,2,2,2,2,2,2,2,2
85,-2203.965,-4767.247,372.149,24.795,0.907821,-0.419330,-0.004857,0.419358,0.907738,0.012303,-0.000751,-0.013206,0.999913,0,0.77185,0.83067,46.311,1.661,-1,425.000,-1,425.000,-1,350.000,325.000,300.000,300.000,-1,-1,-1,-1,-1,-1,-1,-1,2,0,2,0,2,0,0,0,0,2,2,2,2,2,2,2,2
86,-2162.498,-4746.612,371.685,26.456,0.895283,-0.445471,-0.004876,0.445494,0.895181,0.013645,-0.001713,-0.014388,0.999895,0,0.77195,0.83089,46.317,1.662,-1,425.000,-1,425.000,-1,350.000,350.000,300.000,300.000,-1,-1,-1,-1,-1,-1,-1,-1,2,0,2,0,2,0,0,0,0,2,2,2,2,2,2,2,2
87,-2121.643,-4724.780,371.173,28.119,0.881991,-0.471242,-0.004714,0.471256,0.881865,0.015199,-0.003006,-0.015627,0.999873,0,0.77205,0.83114,46.323,1.662,-1,450.000,-1,450.000,-1,350.000,350.000,300.000,300.000,-1,-1,-1,-1,-1,-1,-1,-1,2,0,2,0,2,0,0,0,0,2,2,2,2,2,2,2,2
88,-2081.432,-4701.768,370.825,29.782,0.867960,-0.496616,-0.004234,0.496606,0.867790,0.017988,-0.005259,-0.017716,0.999829,0,0.77216,0.83141,46.330,1.663,-1,450.000,-1,450.000,-1,350.000,350.000,300.000,300.000,-1,-1,-1,-1,-1,-1,-1,-1,2,0,2,0,2,0,0,0,0,2,2,2,2,2,2,2,2
89,-2041.902,-4677.595,370.324,31.445,0.853196,-0.521579,-0.003455,0.521531,0.852980,0.020729,-0.007865,-0.019487,0.999779,0,0.77227,0.83169,46.336,1.663,-1,450.000,-1,475.000,-1,350.000,375.000,300.000,300.000,-1,-1,-1,-1,-1,-1,-1,-1,2,0,2,0,2,0,0,0,0,2,2,2,2,2,2,2,2
90,-2002.609,-4652.053,368.977,33.025,0.838498,-0.544905,0.000469,0.544753,0.838284,0.022894,-0.012868,-0.018941,0.999738,0,0.78107,0.78998,46.864,1.580,-1,450.000,-1,475.000,-1,350.000,375.000,300.000,275.000,-1,-1,-1,-1,-1,-1,-1,-1,2,0,2,0,2,0,0,0,0,2,2,2,2,2,2,2,2
91,-1964.036,-4625.444,367.485,34.599,0.823199,-0.567736,0.004363,0.567461,0.822999,0.025699,-0.018181,-0.018680,0.999660,0,0.78102,0.78726,46.861,1.575,-1,450.000,-1,475.000,-1,350.000,375.000,300.000,275.000,-1,-1,-1,-1,-1,-1,-1,-1,2,0,2,0,2,0,0,0,0,2,2,2,2,2,2,2,2
92,-1922.206,-4595.126,365.759,35.934,0.809723,-0.586750,0.008518,0.586322,0.809555,0.029105,-0.023974,-0.018573,0.999540,0,0.86102,0.66726,51.661,1.335,-1,450.000,-1,475.000,-1,350.000,375.000,300.000,275.000,-1,-1,-1,-1,-1,-1,-1,-1,2,0,2,0,2,0,0,0,0,2,2,2,2,2,2,2,2
93,-1879.658,-4563.030,363.877,37.028,0.798315,-0.602107,0.012690,0.601495,0.798198,0.032904,-0.029941,-0.018635,0.999378,0,0.88827,0.54726,53.296,1.095,-1,450.000,-1,475.000,-1,350.000,375.000,300.000,275.000,-1,-1,-1,-1,-1,-1,-1,-1,2,0,2,0,2,0,0,0,0,2,2,2,2,2,2,2,2
94,-1837.619,-4530.324,362.083,37.883,0.789146,-0.613950,0.017743,0.613118,0.789138,0.036709,-0.036540,-0.018090,0.999168,0,0.88771,0.42726,53.263,0.855,-1,450.000,-1,475.000,-1,350.000,350.000,300.000,275.000,-1,-1,-1,-1,1000.000,-1,-1,-1,2,0,2,0,2,0,0,0,0,2,2,2,2,0,2,2,2
95,-1795.963,-4497.193,359.880,38.497,0.782373,-0.622394,0.022746,0.621375,0.782528,0.039290,-0.042253,-0.016605,0.998969,0,0.88707,0.30726,53.224,0.615,-1,450.000,-1,475.000,-1,350.000,350.000,300.000,275.000,-1,-1,-1,-1,975.000,-1,-1,-1,2,0,2,0,2,0,0,0,0,2,2,2,2,0,2,2,2
96,-1754.627,-4463.731,357.521,38.991,0.776812,-0.629124,0.027687,0.627910,0.777157,0.041908,-0.047882,-0.015170,0.998738,0,0.88637,0.24670,53.182,0.493,-1,450.000,-1,450.000,-1,350.000,350.000,300.000,300.000,-1,-1,-1,-1,950.000,-1,-1,-1,2,0,2,0,2,0,0,0,0,2,2,2,2,0,2,2,2
97,-1713.615,-4429.945,354.952,39.482,0.771189,-0.635773,0.032554,0.634337,0.771749,0.044951,-0.053701,-0.014015,0.998459,0,0.88559,0.24556,53.136,0.491,-1,450.000,-1,450.000,-1,350.000,350.000,300.000,300.000,-1,-1,-1,-1,900.000,-1,-1,-1,2,0,2,0,2,0,0,0,0,2,2,2,2,0,2,2,2
98,-1672.934,-4395.843,351.899,39.971,0.765514,-0.642337,0.037297,0.640559,0.766290,0.049847,-0.060599,-0.014268,0.998060,0,0.88471,0.24460,53.082,0.489,-1,425.000,-1,450.000,-1,350.000,350.000,300.000,300.000,-1,-1,-1,-1,850.000,-1,-1,-1,2,0,2,0,2,0,0,0,0,2,2,2,2,0,2,2,2
99,-1632.589,-4361.436,348.743,40.459,0.759773,-0.648834,0.041935,0.646693,0.760794,0.054597,-0.067329,-0.014362,0.997627,0,0.88373,0.24381,53.024,0.488,-1,425.000,-1,450.000,-1,350.000,350.000,300.000,300.000,-1,-1,-1,-1,825.000,-1,-1,-1,2,0,2,0,2,0,0,0,0,2,2,2,2,0,2,2,2
100,-1592.586,-4326.728,345.485,40.945,0.753964,-0.655270,0.046473,0.652747,0.755259,0.059198,-0.073890,-0.014298,0.997164,0,0.88267,0.24320,52.960,0.486,-1,425.000,-1,450.000,-1,350.000,350.000,300.000,300.000,-1,-1,-1,-1,775.000,-1,-1,-1,2,0,2,0,2,0,0,0,0,2,2,2,2,0,2,2,2
101,-1552.928,-4291.727,341.955,41.431,0.748075,-0.661654,0.050957,0.658799,0.749688,0.062860,-0.079793,-0.013454,0.996721,0,0.88155,0.24277,52.893,0.486,-1,400.000,-1,425.000,-1,325.000,350.000,300.000,300.000,-1,-1,-1,-1,750.000,-1,-1,-1,2,0,2,0,2,0,0,0,0,2,2,2,2,0,2,2,2
102,-1513.620,-4256.439,337.717,41.916,0.742087,-0.668003,0.055488,0.665056,0.744089,0.063507,-0.083711,-0.010226,0.996438,0,0.88039,0.24252,52.823,0.485,-1,400.000,-1,425.000,-1,325.000,325.000,300.000,300.000,-1,-1,-1,-1,725.000,975.000,-1,-1,2,0,2,0,2,0,0,0,0,2,2,2,2,0,0,2,2
103,-1474.663,-4220.868,333.313,42.401,0.736084,-0.674292,0.059247,0.671271,0.738427,0.064201,-0.087040,-0.007486,0.996177,0,0.87922,0.24244,52.753,0.485,-1,400.000,-1,425.000,-1,325.000,325.000,300.000,300.000,-1,-1,-1,-1,725.000,950.000,-1,-1,2,0,2,0,2,0,0,0,0,2,2,2,2,0,0,2,2
104,-1436.061,-4185.015,328.821,42.886,0.730037,-0.680531,0.062645,0.677451,0.732703,0.064858,-0.090039,-0.004910,0.995926,0,0.87804,0.24255,52.683,0.485,-1,400.000,-1,425.000,-1,325.000,325.000,300.000,300.000,-1,-1,-1,-1,700.000,925.000,-1,-1,2,0,2,0,2,0,0,0,0,2,2,2,2,0,0,2,2
105,-1397.815,-4148.884,324.268,43.371,0.723934,-0.686723,0.065809,0.683601,0.726915,0.065454,-0.092786,-0.002397,0.995683,0,0.87689,0.24283,52.614,0.486,-1,400.000,-1,425.000,-1,325.000,325.000,300.000,300.000,-1,-1,-1,-1,675.000,900.000,-1,-1,2,0,2,0,2,0,0,0,0,2,2,2,2,0,0,2,2
106,-1359.924,-4112.475,319.420,43.858,0.717670,-0.692873,0.069831,0.689739,0.721059,0.065832,-0.095966,0.000920,0.995384,0,0.87579,0.24329,52.547,0.487,975.000,375.000,-1,425.000,-1,325.000,325.000,300.000,300.000,-1,-1,-1,-1,675.000,875.000,-1,-1,0,0,2,0,2,0,0,0,0,2,2,2,2,0,0,2,2
107,-1322.390,-4075.789,314.448,44.346,0.711309,-0.698981,0.073921,0.695861,0.715126,0.066117,-0.099078,0.004409,0.995070,0,0.87474,0.24393,52.484,0.488,925.000,375.000,-1,425.000,-1,325.000,325.000,300.000,300.000,-1,-1,-1,-1,650.000,850.000,-1,-1,0,0,2,0,2,0,0,0,0,2,2,2,2,0,0,2,2
108,-1285.211,-4038.825,309.430,44.835,0.704887,-0.705051,0.077707,0.701964,0.709114,0.066356,-0.101887,0.007774,0.994766,0,0.87378,0.24474,52.427,0.489,875.000,375.000,-1,400.000,-1,325.000,325.000,300.000,300.000,-1,-1,-1,-1,625.000,800.000,975.000,-1,0,0,2,0,2,0,0,0,0,2,2,2,2,0,0,0,2
109,-1248.388,-4001.580,304.709,45.327,0.698389,-0.711073,0.081411,0.708227,0.703008,0.064768,-0.103287,0.012424,0.994574,0,0.87291,0.24572,52.374,0.491,850.000,350.000,-1,400.000,-1,300.000,325.000,300.000,300.000,-1,-1,-1,-1,625.000,775.000,925.000,-1,0,0,2,0,2,0,0,0,0,2,2,2,2,0,0,0,2
110,-1211.919,-3964.052,299.962,45.821,0.691899,-0.717056,0.084301,0.714537,0.696807,0.062424,-0.103503,0.017045,0.994483,0,0.87215,0.24686,52.329,0.494,825.000,350.000,-1,400.000,-1,300.000,325.000,300.000,300.000,-1,-1,-1,-1,625.000,750.000,900.000,-1,0,0,2,0,2,0,0,0,0,2,2,2,2,0,0,0,2
111,-1175.234,-3925.646,294.848,46.312,0.685558,-0.722962,0.085656,0.720761,0.690581,0.060010,-0.102537,0.020597,0.994516,0,0.88519,0.24588,53.112,0.492,800.000,350.000,-1,400.000,-1,300.000,325.000,300.000,300.000,-1,-1,-1,-1,625.000,750.000,875.000,-1,0,0,2,0,2,0,0,0,0,2,2,2,2,0,0,0,2
112,-1138.915,-3886.967,289.749,46.802,0.679197,-0.728780,0.087007,0.726923,0.684317,0.057388,-0.101363,0.024269,0.994553,0,0.88429,0.24498,53.058,0.490,800.000,350.000,-1,400.000,-1,300.000,325.000,300.000,300.000,-1,-1,-1,-1,625.000,725.000,875.000,-1,0,0,2,0,2,0,0,0,0,2,2,2,2,0,0,0,2
113,-1102.968,-3848.024,284.665,47.291,0.672815,-0.734515,0.088360,0.733025,0.678012,0.054547,-0.099975,0.028070,0.994594,0,0.88331,0.24425,52.998,0.488,775.000,350.000,-1,400.000,-1,300.000,325.000,325.000,300.000,-1,-1,-1,-1,625.000,725.000,850.000,-1,0,0,2,0,2,0,0,0,0,2,2,2,2,0,0,0,2
114,-1067.396,-3808.822,279.619,47.778,0.666409,-0.740170,0.089706,0.739060,0.671661,0.051589,-0.098437,0.031919,0.994631,0,0.88225,0.24369,52.935,0.487,775.000,350.000,-1,400.000,-1,300.000,325.000,325.000,300.000,-1,-1,-1,-1,625.000,700.000,825.000,-1,0,0,2,0,2,0,0,0,0,2,2,2,2,0,0,0,2
115,-1032.203,-3769.370,274.624,48.265,0.659975,-0.745751,0.091037,0.745026,0.665264,0.048581,-0.096793,0.035763,0.994662,0,0.88114,0.24332,52.868,0.487,775.000,350.000,-1,400.000,-1,300.000,300.000,325.000,300.000,-1,-1,-1,-1,600.000,700.000,825.000,-1,0,0,2,0,2,0,0,0,0,2,2,2,2,0,0,0,2
116,-1000.360,-3733.363,270.116,48.511,0.656673,-0.748520,0.092188,0.748134,0.661969,0.045744,-0.095266,0.038930,0.994690,0,0.80114,0.12332,48.068,0.247,750.000,350.000,-1,375.000,-1,300.000,300.000,325.000,300.000,-1,-1,-1,-1,600.000,675.000,800.000,-1,0,0,2,0,2,0,0,0,0,2,2,2,2,0,0,0,2
117,-969.793,-3698.790,265.652,48.518,0.656532,-0.748536,0.093058,0.748379,0.661829,0.043718,-0.094313,0.040940,0.994700,0,0.76914,0.00332,46.148,0.007,750.000,350.000,-1,375.000,-1,300.000,300.000,325.000,300.000,-1,-1,-1,-1,600.000,675.000,775.000,-1,0,0,2,0,2,0,0,0,0,2,2,2,2,0,0,0,2
118,-939.117,-3664.377,261.406,48.285,0.659738,-0.745815,0.092227,0.745832,0.664855,0.041255,-0.092086,0.041568,0.994883,0,0.76835,-0.11668,46.101,-0.233,725.000,350.000,-1,375.000,-1,300.000,300.000,300.000,300.000,-1,-1,-1,-1,600.000,675.000,775.000,-1,0,0,2,0,2,0,0,0,0,2,2,2,2,0,0,0,2
119,-908.183,-3630.248,257.187,47.811,0.666132,-0.740294,0.090739,0.740475,0.670991,0.038319,-0.089252,0.041665,0.995137,0,0.76770,-0.23668,46.062,-0.473,725.000,350.000,-1,375.000,-1,300.000,300.000,300.000,325.000,-1,-1,-1,-1,600.000,675.000,775.000,-1,0,0,2,0,2,0,0,0,0,2,2,2,2,0,0,0,2
120,-876.848,-3596.530,252.952,47.098,0.675557,-0.731892,0.089205,0.732202,0.680164,0.035454,-0.086622,0.041364,0.995382,0,0.76719,-0.35668,46.031,-0.713,725.000,350.000,-1,375.000,-1,300.000,300.000,300.000,325.000,-1,675.000,450.000,-1,600.000,675.000,775.000,-1,0,0,2,0,2,0,0,0,0,2,0,0,2,0,0,0,2
121,-844.971,-3563.354,248.699,46.145,0.687901,-0.720493,0.087647,0.720902,0.692267,0.032675,-0.084218,0.040708,0.995616,0,0.76681,-0.47668,46.009,-0.953,725.000,350.000,-1,375.000,1000.000,300.000,300.000,300.000,325.000,-1,575.000,375.000,-1,600.000,675.000,775.000,-1,0,0,2,0,1,0,0,0,0,2,0,0,2,0,0,0,2
122,-812.421,-3530.858,244.931,44.951,0.702753,-0.705888,0.088660,0.706499,0.707091,0.029695,-0.083652,0.041770,0.995619,0,0.76657,-0.59668,45.994,-1.193,725.000,350.000,-1,375.000,950.000,300.000,300.000,300.000,325.000,-1,600.000,375.000,-1,600.000,675.000,775.000,-1,0,0,2,0,1,0,0,0,0,2,0,0,2,0,0,0,2
123,-779.072,-3499.192,241.145,43.518,0.720185,-0.687957,0.089713,0.688755,0.724502,0.026693,-0.083361,0.042566,0.995610,0,0.76646,-0.71668,45.988,-1.433,725.000,350.000,-1,375.000,900.000,300.000,300.000,300.000,325.000,-1,650.000,400.000,-1,575.000,675.000,775.000,-1,0,0,2,0,1,0,0,0,0,2,0,0,2,0,0,0,2
124,-743.733,-3467.546,237.215,41.845,0.739964,-0.666489,0.090801,0.667471,0.744263,0.023551,-0.083276,0.043180,0.995591,0,0.79063,-0.83668,47.438,-1.673,725.000,350.000,-1,375.000,850.000,300.000,300.000,300.000,325.000,-1,700.000,450.000,-1,575.000,650.000,775.000,-1,0,0,2,0,1,0,0,0,0,2,0,0,2,0,0,0,2
125,-707.271,-3437.025,233.463,39.931,0.761907,-0.641281,0.090866,0.642373,0.766116,0.020548,-0.082791,0.042714,0.995651,0,0.79249,-0.95668,47.550,-1.913,725.000,350.000,-1,375.000,825.000,300.000,300.000,300.000,325.000,-1,750.000,475.000,-1,575.000,650.000,775.000,-1,0,0,2,0,1,0,0,0,0,2,0,0,2,0,0,0,2
126,-669.670,-3407.722,229.754,37.931,0.783963,-0.614175,0.090502,0.615348,0.788058,0.017627,-0.082147,0.041871,0.995740,0,0.79452,-1.00000,47.671,-2.000,750.000,350.000,-1,375.000,775.000,300.000,300.000,300.000,300.000,-1,800.000,500.000,-1,575.000,675.000,775.000,925.000,0,0,2,0,1,0,0,0,0,2,0,0,2,0,0,0,1
127,-630.966,-3379.673,226.009,35.931,0.805057,-0.586318,0.090078,0.587570,0.809039,0.014724,-0.081510,0.041074,0.995826,0,0.79666,-1.00000,47.799,-2.000,750.000,350.000,-1,375.000,725.000,300.000,300.000,300.000,300.000,-1,850.000,550.000,-1,575.000,675.000,775.000,850.000,0,0,2,0,1,0,0,0,0,2,0,0,2,0,0,0,1
128,-591.196,-3352.918,222.286,33.931,0.825170,-0.557738,0.089576,0.559089,0.829027,0.011562,-0.080709,0.040540,0.995913,0,0.79887,-1.00000,47.932,-2.000,750.000,350.000,-1,375.000,700.000,300.000,300.000,300.000,300.000,-1,900.000,575.000,-1,575.000,650.000,775.000,800.000,0,0,2,0,1,0,0,0,0,2,0,0,2,0,1,0,1
129,-550.401,-3327.494,218.637,31.931,0.844348,-0.528467,0.088319,0.529961,0.847989,0.007498,-0.078856,0.040475,0.996064,0,0.80115,-1.00000,48.069,-2.000,750.000,350.000,-1,375.000,650.000,300.000,300.000,300.000,300.000,-1,900.000,575.000,-1,575.000,650.000,800.000,750.000,0,0,2,0,1,0,0,0,0,2,0,0,2,0,1,0,1
130,-508.621,-3303.440,214.788,29.931,0.862553,-0.498565,0.086227,0.500131,0.865941,0.003929,-0.076626,0.039735,0.996268,0,0.80350,-1.00000,48.210,-2.000,775.000,350.000,1000.000,375.000,625.000,300.000,300.000,300.000,300.000,-1,875.000,550.000,-1,600.000,625.000,825.000,700.000,0,0,1,0,1,0,0,0,0,2,0,0,2,0,1,0,1
131,-465.899,-3280.790,210.992,27.931,0.879712,-0.468048,0.083896,0.469698,0.882827,0.000075,-0.074101,0.039339,0.996475,0,0.80592,-1.00000,48.355,-2.000,800.000,350.000,975.000,375.000,575.000,300.000,300.000,300.000,300.000,-1,850.000,525.000,-1,600.000,600.000,875.000,650.000,0,0,1,0,1,0,0,0,0,2,0,0,2,0,1,0,1
132,-426.809,-3261.580,207.693,26.171,0.893942,-0.440709,0.081508,0.442463,0.896778,-0.003907,-0.071373,0.039557,0.996665,0,0.72592,-0.88000,43.555,-1.760,825.000,375.000,950.000,375.000,550.000,325.000,325.000,300.000,300.000,-1,800.000,500.000,-1,600.000,600.000,875.000,600.000,0,0,1,0,1,0,0,0,0,2,0,0,2,0,1,1,1
133,-391.587,-3245.416,204.832,24.651,0.905540,-0.416769,0.079376,0.418570,0.908159,-0.006803,-0.069251,0.039385,0.996822,0,0.64592,-0.76000,38.755,-1.520,825.000,375.000,950.000,375.000,525.000,325.000,325.000,300.000,300.000,-1,800.000,500.000,1000.000,625.000,575.000,825.000,575.000,0,0,1,0,1,0,0,0,0,2,0,0,0,0,1,1,1
134,-360.417,-3231.946,202.507,23.371,0.914788,-0.396391,0.077694,0.398173,0.917273,-0.008300,-0.067977,0.038529,0.996943,0,0.56592,-0.64000,33.955,-1.280,850.000,375.000,950.000,375.000,500.000,325.000,325.000,300.000,300.000,-1,800.000,450.000,1000.000,625.000,550.000,775.000,550.000,0,0,1,0,1,0,0,0,0,2,0,0,0,1,1,1,1
