timestep,x_cm,y_cm,z_cm,yaw_deg,basis_xx,basis_xy,basis_xz,basis_yx,basis_yy,basis_yz,basis_zx,basis_zy,basis_zz,teleport_flag,throttle_cmd,steering_cmd,cmd_move_cm,cmd_turn_deg,lidar_cm_0,lidar_cm_1,lidar_cm_2,lidar_cm_3,lidar_cm_4,lidar_cm_5,lidar_cm_6,lidar_cm_7,lidar_cm_8,lidar_cm_9,lidar_cm_10,lidar_cm_11,lidar_cm_12,lidar_cm_13,lidar_cm_14,lidar_cm_15,lidar_cm_16,lidar_class_0,lidar_class_1,lidar_class_2,lidar_class_3,lidar_class_4,lidar_class_5,lidar_class_6,lidar_class_7,lidar_class_8,lidar_class_9,lidar_class_10,lidar_class_11,lidar_class_12,lidar_class_13,lidar_class_14,lidar_class_15,lidar_class_16
0,4920.719,-2947.054,40.206,75.049,0.258616,-0.965410,-0.033186,0.965822,0.257799,0.026972,-0.017484,-0.039027,0.999085,1,0.08000,0.12000,4.800,0.240,-1,375.000,-1,400.000,-1,325.000,325.000,300.000,300.000,-1,-1,875.000,-1,725.000,850.000,-1,-1,2,0,2,0,2,0,0,0,0,2,2,0,2,0,0,2,2
1,4923.118,-2937.759,40.038,75.529,0.250519,-0.967548,-0.033045,0.967950,0.249706,0.026844,-0.017722,-0.038711,0.999093,0,0.16000,0.24000,9.600,0.480,-1,375.000,-1,400.000,-1,325.000,325.000,300.000,300.000,-1,-1,875.000,-1,725.000,850.000,-1,-1,2,0,2,0,2,0,0,0,0,2,2,0,2,0,0,2,2
2,4926.541,-2923.772,39.777,76.249,0.238338,-0.970627,-0.032823,0.971014,0.237532,0.026644,-0.018065,-0.038222,0.999106,0,0.24000,0.36000,14.400,0.720,-1,375.000,-1,400.000,-1,325.000,325.000,300.000,300.000,-1,-1,875.000,-1,725.000,850.000,-1,-1,2,0,2,0,2,0,0,0,0,2,2,0,2,0,0,2,2
3,4930.793,-2905.048,39.411,77.209,0.222038,-0.974496,-0.032508,0.974862,0.221242,0.026362,-0.018498,-0.037544,0.999124,0,0.32000,0.48000,19.200,0.960,-1,375.000,-1,400.000,-1,325.000,325.000,300.000,300.000,-1,1000.000,850.000,-1,725.000,850.000,-1,-1,2,0,2,0,2,0,0,0,0,2,0,0,2,0,0,2,2
4,4935.615,-2881.538,38.929,78.409,0.201574,-0.978948,-0.032083,0.979289,0.200792,0.025987,-0.018998,-0.036657,0.999147,0,0.40000,0.60000,24.000,1.200,-1,375.000,-1,400.000,-1,325.000,325.000,300.000,300.000,-1,975.000,825.000,-1,725.000,850.000,-1,-1,2,0,2,0,2,0,0,0,0,2,0,0,2,0,0,2,2
5,4940.691,-2853.189,38.316,79.849,0.176896,-0.983724,-0.031531,0.984036,0.176135,0.025506,-0.019537,-0.035539,0.999177,0,0.48000,0.72000,28.800,1.440,-1,375.000,-1,400.000,-1,325.000,325.000,300.000,300.000,-1,925.000,800.000,-1,700.000,850.000,-1,-1,2,0,2,0,2,0,0,0,0,2,0,0,2,0,0,2,2
6,4945.642,-2819.956,37.556,81.529,0.147961,-0.988513,-0.030830,0.988789,0.147226,0.024904,-0.020078,-0.034169,0.999214,0,0.56000,0.84000,33.600,1.680,-1,375.000,-1,400.000,-1,325.000,325.000,300.000,300.000,-1,900.000,800.000,-1,700.000,850.000,-1,-1,2,0,2,0,2,0,0,0,0,2,0,0,2,0,0,2,2
7,4950.023,-2781.807,36.634,83.449,0.114732,-0.992945,-0.029957,0.993183,0.114030,0.024164,-0.020577,-0.032525,0.999259,0,0.64000,0.96000,38.400,1.920,-1,375.000,-1,400.000,-1,325.000,325.000,300.000,300.000,-1,875.000,775.000,-1,700.000,850.000,-1,-1,2,0,2,0,2,0,0,0,0,2,0,0,2,0,0,2,2
8,4953.452,-2738.744,35.536,85.449,0.079971,-0.996378,-0.028898,0.996578,0.079312,0.023270,-0.020894,-0.030660,0.999311,0,0.72000,1.00000,43.200,2.000,-1,375.000,-1,400.000,-1,325.000,325.000,300.000,300.000,-1,825.000,750.000,-1,700.000,850.000,-1,-1,2,0,2,0,2,0,0,0,0,2,0,0,2,0,0,2,2
9,4955.590,-2690.792,34.252,87.449,0.045101,-0.998600,-0.027639,0.998763,0.044494,0.022212,-0.020951,-0.028606,0.999371,0,0.80000,1.00000,48.000,2.000,-1,375.000,-1,400.000,-1,325.000,325.000,300.000,300.000,-1,800.000,700.000,-1,700.000,850.000,-1,-1,2,0,2,0,2,0,0,0,0,2,0,0,2,0,0,2,2
10,4956.084,-2639.471,32.823,89.449,0.010166,-0.999605,-0.026208,0.999733,0.009617,0.021017,-0.020757,-0.026414,0.999436,0,0.85539,1.00000,51.324,2.000,-1,375.000,-1,400.000,-1,325.000,325.000,300.000,300.000,-1,775.000,675.000,-1,700.000,850.000,-1,-1,2,0,2,0,2,0,0,0,0,2,0,0,2,0,0,2,2
11,4954.787,-2588.164,31.692,91.449,-0.024763,-0.999390,-0.024616,0.999465,-0.025277,0.020759,-0.021369,-0.024088,0.999481,0,0.85539,1.00000,51.324,2.000,-1,375.000,-1,400.000,-1,325.000,325.000,300.000,300.000,-1,800.000,650.000,-1,700.000,850.000,-1,-1,2,0,2,0,2,0,0,0,0,2,0,0,2,0,0,2,2
12,4951.701,-2536.933,30.590,93.449,-0.059666,-0.997953,-0.023007,0.997977,-0.060143,0.020592,-0.021933,-0.021732,0.999523,0,0.85539,1.00000,51.324,2.000,-1,375.000,-1,400.000,-1,325.000,325.000,300.000,300.000,-1,825.000,625.000,-1,700.000,850.000,-1,-1,2,0,2,0,2,0,0,0,0,2,0,0,2,0,0,2,2
13,4946.828,-2485.842,29.467,95.449,-0.094503,-0.995295,-0.021397,0.995275,-0.094939,0.020353,-0.022288,-0.019373,0.999564,0,0.85539,1.00000,51.324,2.000,-1,375.000,-1,400.000,-1,325.000,325.000,300.000,300.000,-1,825.000,625.000,-1,700.000,825.000,-1,-1,2,0,2,0,2,0,0,0,0,2,0,0,2,0,0,2,2
14,4940.990,-2439.686,28.441,97.209,-0.125070,-0.991947,-0.019942,0.991895,-0.125467,0.020078,-0.022418,-0.017269,0.999600,0,0.77539,0.88000,46.524,1.760,-1,375.000,-1,400.000,-1,325.000,325.000,300.000,300.000,-1,800.000,625.000,-1,700.000,825.000,-1,-1,2,0,2,0,2,0,0,0,0,2,0,0,2,0,0,2,2
15,4934.277,-2395.960,27.464,98.729,-0.151381,-0.988301,-0.018559,0.988223,-0.151740,0.019770,-0.022355,-0.015348,0.999632,0,0.73732,0.76000,44.239,1.520,-1,375.000,-1,400.000,-1,300.000,325.000,300.000,300.000,-1,775.000,600.000,-1,700.000,825.000,-1,-1,2,0,2,0,2,0,0,0,0,2,0,0,2,0,0,2,2
16,4926.589,-2352.394,26.492,100.009,-0.173462,-0.984691,-0.017177,0.984592,-0.173784,0.019424,-0.022112,-0.013543,0.999664,0,0.73732,0.64000,44.239,1.280,-1,375.000,-1,400.000,-1,300.000,325.000,300.000,325.000,-1,775.000,600.000,-1,700.000,825.000,-1,-1,2,0,2,0,2,0,0,0,0,2,0,0,2,0,0,2,2
17,4918.111,-2308.975,25.531,101.049,-0.191347,-0.981395,-0.015800,0.981282,-0.191632,0.019049,-0.021723,-0.011860,0.999694,0,0.73732,0.52000,44.239,1.040,-1,375.000,-1,400.000,-1,300.000,325.000,300.000,325.000,-1,750.000,625.000,-1,700.000,825.000,-1,-1,2,0,2,0,2,0,0,0,0,2,0,0,2,0,0,2,2
18,4909.028,-2265.678,24.586,101.849,-0.205070,-0.978641,-0.014432,0.978517,-0.205319,0.018650,-0.021215,-0.010298,0.999722,0,0.73732,0.40000,44.239,0.800,-1,375.000,-1,400.000,-1,300.000,325.000,300.000,325.000,-1,775.000,625.000,-1,700.000,825.000,-1,-1,2,0,2,0,2,0,0,0,0,2,0,0,2,0,0,2,2
19,4899.522,-2222.473,23.661,102.409,-0.214662,-0.976601,-0.013075,0.976471,-0.214877,0.018234,-0.020617,-0.008854,0.999748,0,0.73732,0.28000,44.239,0.560,-1,375.000,-1,400.000,-1,300.000,325.000,300.000,325.000,-1,775.000,625.000,-1,700.000,825.000,-1,-1,2,0,2,0,2,0,0,0,0,2,0,0,2,0,0,2,2
20,4889.774,-2179.321,22.757,102.729,-0.220146,-0.975396,-0.011731,0.975263,-0.220331,0.017807,-0.019954,-0.007521,0.999773,0,0.73732,0.16000,44.239,0.320,-1,375.000,-1,400.000,-1,300.000,325.000,300.000,325.000,-1,775.000,650.000,-1,700.000,825.000,-1,-1,2,0,2,0,2,0,0,0,0,2,0,0,2,0,0,2,2
21,4879.967,-2136.183,21.876,102.809,-0.221539,-0.975096,-0.010400,0.974961,-0.221694,0.017377,-0.019250,-0.006290,0.999795,0,0.73732,0.04000,44.239,0.080,-1,375.000,-1,400.000,-1,325.000,325.000,300.000,325.000,-1,800.000,675.000,-1,700.000,825.000,-1,-1,2,0,2,0,2,0,0,0,0,2,0,0,2,0,0,2,2
22,4870.280,-2093.017,21.017,102.649,-0.218844,-0.975718,-0.009082,0.975584,-0.218972,0.016951,-0.018528,-0.005150,0.999815,0,0.73732,-0.08000,44.239,-0.160,-1,375.000,-1,400.000,-1,325.000,325.000,300.000,325.000,-1,825.000,700.000,-1,700.000,825.000,-1,-1,2,0,2,0,2,0,0,0,0,2,0,0,2,0,0,2,2
23,4860.894,-2049.785,20.180,102.249,-0.212053,-0.977227,-0.007774,0.977096,-0.212156,0.016537,-0.017810,-0.004089,0.999833,0,0.73732,-0.20000,44.239,-0.400,-1,375.000,-1,400.000,-1,325.000,325.000,300.000,325.000,-1,850.000,725.000,-1,725.000,825.000,-1,-1,2,0,2,0,2,0,0,0,0,2,0,0,2,0,0,2,2
24,4851.992,-2006.451,19.358,101.609,-0.201148,-0.979540,-0.006457,0.979411,-0.201228,0.016153,-0.017122,-0.003075,0.999849,0,0.73732,-0.32000,44.239,-0.640,-1,375.000,-1,400.000,-1,325.000,325.000,300.000,325.000,-1,900.000,750.000,-1,725.000,850.000,-1,-1,2,0,2,0,2,0,0,0,0,2,0,0,2,0,0,2,2
25,4843.757,-1962.986,18.423,100.729,-0.186107,-0.982518,-0.004745,0.982385,-0.186160,0.016265,-0.016864,-0.001635,0.999856,0,0.73732,-0.44000,44.239,-0.880,-1,375.000,-1,400.000,-1,325.000,325.000,300.000,325.000,-1,950.000,800.000,-1,725.000,850.000,-1,-1,2,0,2,0,2,0,0,0,0,2,0,0,2,0,0,2,2
26,4836.372,-1919.367,17.513,99.609,-0.166894,-0.985970,-0.002998,0.985834,-0.166920,0.016425,-0.016695,-0.000215,0.999861,0,0.73732,-0.56000,44.239,-1.120,-1,375.000,-1,400.000,-1,325.000,325.000,300.000,325.000,-1,-1,850.000,-1,725.000,850.000,-1,-1,2,0,2,0,2,0,0,0,0,2,2,0,2,0,0,2,2
27,4830.025,-1875.586,16.524,98.249,-0.143464,-0.989654,-0.001670,0.989509,-0.143472,0.016962,-0.017026,0.000781,0.999855,0,0.73732,-0.68000,44.239,-1.360,-1,375.000,-1,400.000,-1,325.000,325.000,300.000,325.000,-1,-1,925.000,-1,725.000,875.000,-1,-1,2,0,2,0,2,0,0,0,0,2,2,0,2,0,0,2,2
28,4824.903,-1831.644,15.533,96.649,-0.115795,-0.993273,-0.000346,0.993119,-0.115783,0.017586,-0.017508,0.001692,0.999845,0,0.73732,-0.80000,44.239,-1.600,-1,375.000,-1,400.000,-1,325.000,325.000,300.000,325.000,-1,-1,-1,-1,725.000,875.000,-1,-1,2,0,2,0,2,0,0,0,0,2,2,2,2,0,0,2,2
29,4821.126,-1787.567,14.545,94.898,-0.085421,-0.996344,0.001030,0.996180,-0.085388,0.018272,-0.018117,0.002586,0.999833,0,0.73732,-0.87523,44.239,-1.750,-1,375.000,-1,400.000,-1,325.000,325.000,300.000,300.000,-1,-1,-1,-1,725.000,875.000,-1,-1,2,0,2,0,2,0,0,0,0,2,2,2,2,0,0,2,2
30,4818.691,-1743.300,13.560,93.148,-0.054980,-0.998484,0.002465,0.998310,-0.054923,0.019013,-0.018849,0.003506,0.999816,0,0.73890,-0.87495,44.334,-1.750,-1,375.000,-1,400.000,-1,325.000,325.000,300.000,300.000,-1,-1,-1,-1,725.000,900.000,-1,-1,2,0,2,0,2,0,0,0,0,2,2,2,2,0,0,2,2
31,4817.599,-1698.645,12.567,91.401,-0.024534,-0.999691,0.003970,0.999505,-0.024450,0.019811,-0.019708,0.004454,0.999796,0,0.74447,-0.87370,44.668,-1.747,-1,375.000,-1,400.000,-1,325.000,325.000,300.000,300.000,-1,-1,-1,-1,750.000,900.000,-1,-1,2,0,2,0,2,0,0,0,0,2,2,2,2,0,0,2,2
32,4817.868,-1653.650,11.561,89.657,0.005874,-0.999967,0.005548,0.999769,0.005987,0.020664,-0.020697,0.005425,0.999771,0,0.74994,-0.87205,44.996,-1.744,-1,375.000,-1,400.000,-1,325.000,325.000,300.000,300.000,-1,-1,-1,-1,750.000,900.000,-1,-1,2,0,2,0,2,0,0,0,0,2,2,2,2,0,0,2,2
33,4819.515,-1608.363,10.537,87.917,0.036199,-0.999319,0.007203,0.999106,0.036346,0.021570,-0.021817,0.006416,0.999741,0,0.75528,-0.86998,45.317,-1.740,-1,375.000,-1,425.000,-1,325.000,325.000,300.000,300.000,-1,-1,-1,-1,750.000,900.000,-1,-1,2,0,2,0,2,0,0,0,0,2,2,2,2,0,0,2,2
34,4822.554,-1562.836,9.489,86.182,0.066398,-0.997753,0.008938,0.997526,0.066585,0.022525,-0.023070,0.007420,0.999706,0,0.76046,-0.86747,45.628,-1.735,-1,375.000,-1,425.000,-1,325.000,325.000,300.000,300.000,-1,-1,-1,-1,750.000,925.000,-1,-1,2,0,2,0,2,0,0,0,0,2,2,2,2,0,0,2,2
35,4826.993,-1517.125,8.413,84.453,0.096428,-0.995282,0.010755,0.995040,0.096659,0.023525,-0.024454,0.008433,0.999665,0,0.76544,-0.86453,45.926,-1.729,-1,400.000,-1,425.000,-1,325.000,325.000,300.000,300.000,-1,-1,-1,-1,750.000,925.000,-1,-1,2,0,2,0,2,0,0,0,0,2,2,2,2,0,0,2,2
36,4832.840,-1471.286,7.302,82.731,0.126247,-0.991918,0.012658,0.991659,0.126527,0.024565,-0.025968,0.009451,0.999618,0,0.77016,-0.86114,46.210,-1.722,-1,400.000,-1,425.000,-1,325.000,325.000,300.000,300.000,-1,-1,-1,-1,750.000,925.000,-1,-1,2,0,2,0,2,0,0,0,0,2,2,2,2,0,0,2,2
37,4840.098,-1425.380,6.152,81.016,0.155811,-0.987678,0.014649,0.987401,0.156148,0.025639,-0.027611,0.010469,0.999564,0,0.77460,-0.85729,46.476,-1.715,1000.000,400.000,-1,425.000,-1,325.000,325.000,300.000,300.000,-1,-1,-1,-1,750.000,925.000,-1,-1,1,0,2,0,2,0,0,0,0,2,2,2,2,0,0,2,2
38,4848.764,-1379.469,4.957,79.310,0.185081,-0.982581,0.016728,0.982284,0.185480,0.026742,-0.029379,0.011483,0.999502,0,0.77870,-0.85299,46.722,-1.706,950.000,400.000,-1,425.000,-1,325.000,325.000,300.000,300.000,-1,-1,-1,-1,750.000,925.000,-1,-1,1,0,2,0,2,0,0,0,0,2,2,2,2,1,0,2,2
39,4857.592,-1338.487,3.703,77.844,0.210115,-0.977510,0.018026,0.977191,0.210556,0.027648,-0.030821,0.011805,0.999455,0,0.69870,-0.73299,41.922,-1.466,925.000,400.000,-1,425.000,-1,325.000,325.000,300.000,300.000,-1,-1,-1,-1,750.000,925.000,-1,-1,1,0,2,0,2,0,0,0,0,2,2,2,2,1,0,2,2
40,4866.753,-1299.978,2.436,76.618,0.230942,-0.972780,0.019104,0.972430,0.231422,0.028705,-0.032345,0.011949,0.999405,0,0.65972,-0.61299,39.583,-1.226,900.000,400.000,-1,425.000,-1,325.000,325.000,300.000,300.000,-1,-1,-1,-1,750.000,925.000,-1,-1,1,0,2,0,2,0,0,0,0,2,2,2,2,1,0,2,2
41,4876.614,-1261.483,1.114,75.632,0.247600,-0.968650,0.020302,0.968272,0.248126,0.029695,-0.033802,0.012305,0.999353,0,0.66230,-0.49299,39.738,-0.986,850.000,400.000,-1,425.000,-1,325.000,325.000,300.000,300.000,-1,-1,-1,-1,725.000,925.000,-1,-1,1,0,2,0,2,0,0,0,0,2,2,2,2,1,0,2,2
42,4887.013,-1222.979,-0.348,74.886,0.260130,-0.965326,0.021855,0.964939,0.260714,0.030366,-0.035011,0.013189,0.999300,0,0.66472,-0.37299,39.883,-0.746,825.000,400.000,-1,425.000,-1,325.000,325.000,300.000,300.000,-1,-1,-1,-1,725.000,925.000,-1,-1,1,0,2,0,2,0,0,0,0,2,2,2,2,1,0,2,2
43,4897.789,-1184.435,-1.874,74.380,0.268574,-0.962971,0.023557,0.962576,0.269224,0.031083,-0.036274,0.014328,0.999239,0,0.66704,-0.25299,40.022,-0.506,800.000,400.000,-1,425.000,-1,325.000,325.000,300.000,300.000,-1,-1,-1,-1,750.000,925.000,-1,-1,1,0,2,0,2,0,0,0,0,2,2,2,2,1,0,2,2
44,4908.863,-1145.835,-3.434,73.993,0.275005,-0.961110,0.025278,0.960710,0.275727,0.031791,-0.037525,0.015542,0.999175,0,0.66928,-0.19381,40.157,-0.388,775.000,400.000,-1,425.000,-1,325.000,325.000,300.000,300.000,-1,-1,-1,-1,750.000,925.000,-1,-1,1,0,2,0,2,0,0,0,0,2,2,2,2,1,0,2,2
45,4920.227,-1107.188,-5.033,73.614,0.281269,-0.959248,0.027018,0.958845,0.282066,0.032493,-0.038790,0.016767,0.999107,0,0.67139,-0.18930,40.283,-0.379,750.000,400.000,-1,425.000,-1,325.000,325.000,300.000,300.000,-1,-1,-1,-1,750.000,900.000,-1,-1,1,0,2,0,2,0,0,0,0,2,2,2,2,1,0,2,2
46,4931.872,-1068.506,-6.671,73.245,0.287360,-0.957390,0.028776,0.956984,0.288235,0.033187,-0.040067,0.018002,0.999035,0,0.67327,-0.18460,40.396,-0.369,725.000,400.000,-1,425.000,-1,325.000,325.000,300.000,300.000,-1,-1,-1,-1,775.000,900.000,-1,-1,1,0,2,0,2,0,0,0,0,2,2,2,2,1,0,2,2
47,4943.789,-1029.805,-8.347,72.885,0.293270,-0.955541,0.030551,0.955135,0.294229,0.033872,-0.041355,0.019247,0.998959,0,0.67491,-0.17971,40.494,-0.359,725.000,400.000,-1,425.000,-1,325.000,325.000,300.000,300.000,-1,-1,-1,-1,775.000,900.000,-1,-1,1,0,2,0,2,0,0,0,0,2,2,2,2,0,0,2,2
48,4955.966,-991.098,-10.063,72.536,0.298996,-0.953706,0.032342,0.953301,0.300040,0.034547,-0.042652,0.020503,0.998880,0,0.67629,-0.17463,40.577,-0.349,700.000,400.000,-1,425.000,-1,325.000,325.000,300.000,300.000,-1,-1,-1,-1,775.000,900.000,-1,-1,1,0,2,0,2,0,0,0,0,2,2,2,2,0,0,2,2
49,4968.392,-952.401,-11.818,72.197,0.304531,-0.951890,0.034148,0.951488,0.305665,0.035213,-0.043956,0.021768,0.998796,0,0.67739,-0.16936,40.643,-0.339,700.000,400.000,-1,425.000,-1,325.000,325.000,300.000,300.000,-1,-1,-1,-1,775.000,875.000,-1,-1,1,0,2,0,2,0,0,0,0,2,2,2,2,0,0,2,2
50,4981.055,-913.728,-13.612,71.870,0.309869,-0.950099,0.035968,0.949701,0.311097,0.035867,-0.045266,0.023045,0.998709,0,0.67821,-0.16391,40.693,-0.328,675.000,400.000,-1,425.000,-1,325.000,325.000,300.000,300.000,-1,-1,-1,-1,775.000,875.000,-1,-1,1,0,2,0,2,0,0,0,0,2,2,2,2,0,0,2,2
51,4993.941,-875.097,-15.446,71.553,0.315006,-0.948337,0.037800,0.947946,0.316332,0.036509,-0.046580,0.024331,0.998618,0,0.67873,-0.15827,40.724,-0.317,675.000,400.000,-1,425.000,-1,325.000,325.000,300.000,300.000,-1,-1,-1,-1,775.000,875.000,-1,-1,1,0,2,0,2,0,0,0,0,2,2,2,2,0,0,2,2
52,5007.036,-836.523,-17.318,71.248,0.319937,-0.946609,0.039642,0.946227,0.321363,0.037138,-0.047895,0.025629,0.998524,0,0.67893,-0.15245,40.736,-0.305,675.000,400.000,-1,425.000,-1,325.000,325.000,300.000,300.000,-1,-1,-1,-1,775.000,850.000,-1,-1,1,0,2,0,2,0,0,0,0,2,2,2,2,0,0,2,2
53,5020.326,-798.024,-19.230,70.955,0.324657,-0.944921,0.041495,0.944551,0.326188,0.037755,-0.049210,0.026937,0.998425,0,0.67881,-0.14647,40.728,-0.293,675.000,400.000,-1,425.000,-1,325.000,325.000,300.000,300.000,-1,-1,-1,-1,775.000,850.000,1000.000,-1,1,0,2,0,2,0,0,0,0,2,2,2,2,0,0,1,2
54,5033.795,-759.616,-21.202,70.675,0.329169,-0.943280,0.043246,0.942922,0.330801,0.038319,-0.050452,0.028164,0.998329,0,0.67835,-0.14032,40.701,-0.281,700.000,400.000,-1,425.000,-1,325.000,325.000,300.000,300.000,-1,-1,-1,-1,775.000,850.000,950.000,-1,1,0,2,0,2,0,0,0,0,2,2,2,2,1,0,1,2
55,5047.428,-721.317,-23.264,70.407,0.333480,-0.941695,0.044744,0.941349,0.335200,0.038773,-0.051511,0.029189,0.998246,0,0.67755,-0.13402,40.653,-0.268,700.000,400.000,-1,425.000,-1,325.000,325.000,300.000,300.000,-1,-1,-1,-1,750.000,850.000,925.000,-1,1,0,2,0,2,0,0,0,0,2,2,2,2,1,0,1,2
56,5061.207,-683.144,-25.418,70.151,0.337573,-0.940170,0.046097,0.939820,0.339383,0.039468,-0.052751,0.030000,0.998157,0,0.67640,-0.12758,40.584,-0.255,725.000,400.000,-1,425.000,-1,325.000,325.000,300.000,300.000,-1,-1,-1,-1,750.000,825.000,900.000,-1,1,0,2,0,2,0,0,0,0,2,2,2,2,1,0,1,2
57,5076.628,-640.460,-27.929,70.136,0.337707,-0.940054,0.047456,0.939688,0.339622,0.040532,-0.054219,0.030905,0.998051,0,0.75640,-0.00758,45.384,-0.015,700.000,400.000,-1,400.000,-1,325.000,325.000,300.000,300.000,-1,-1,-1,-1,700.000,825.000,850.000,-1,1,0,2,0,2,0,0,0,0,2,2,2,2,1,0,1,2
58,5093.494,-593.195,-30.741,70.361,0.333880,-0.941340,0.049034,0.940973,0.335916,0.041599,-0.055630,0.032251,0.997930,0,0.83640,0.11242,50.184,0.225,675.000,400.000,-1,400.000,-1,325.000,325.000,300.000,300.000,-1,-1,-1,-1,675.000,800.000,800.000,-1,1,0,2,0,2,0,0,0,0,2,2,2,2,1,0,1,2
59,5111.552,-541.261,-33.878,70.826,0.326080,-0.943975,0.050815,0.943638,0.328248,0.042438,-0.056741,0.034113,0.997806,0,0.91640,0.23242,54.984,0.465,650.000,400.000,-1,400.000,-1,325.000,325.000,300.000,300.000,-1,-1,-1,-1,650.000,800.000,750.000,-1,1,0,2,0,2,0,0,1,0,2,2,2,2,1,0,1,2
60,5129.401,-487.821,-37.015,71.531,0.314316,-0.947881,0.052229,0.947584,0.316591,0.043074,-0.057364,0.035953,0.997706,0,0.93904,0.35242,56.342,0.705,600.000,400.000,-1,400.000,-1,325.000,325.000,275.000,300.000,-1,-1,-1,-1,625.000,800.000,700.000,-1,1,0,2,0,2,0,0,1,0,2,2,2,2,1,0,1,2
61,5146.327,-434.214,-40.144,72.476,0.298516,-0.952898,0.053603,0.952660,0.300894,0.043612,-0.057686,0.038046,0.997610,0,0.93692,0.47242,56.215,0.945,575.000,400.000,-1,400.000,-1,325.000,325.000,275.000,300.000,-1,-1,-1,-1,600.000,775.000,650.000,-1,1,0,2,0,2,0,0,1,0,2,2,2,2,1,0,1,2
62,5162.192,-380.412,-43.260,73.570,0.280135,-0.958387,0.054938,0.958222,0.282613,0.044058,-0.057751,0.040301,0.997517,0,0.93487,0.54725,56.092,1.094,525.000,400.000,-1,400.000,-1,325.000,325.000,275.000,300.000,-1,-1,-1,-1,575.000,775.000,600.000,-1,1,0,2,0,2,0,0,1,0,2,2,2,2,1,0,1,2
63,5176.979,-326.436,-46.363,74.678,0.261425,-0.963584,0.056241,0.963500,0.263995,0.044423,-0.057653,0.042575,0.997428,0,0.93274,0.55421,55.965,1.108,475.000,375.000,-1,400.000,-1,325.000,325.000,250.000,300.000,-1,-1,-1,-1,550.000,750.000,550.000,-1,1,1,2,0,2,0,0,1,0,2,2,2,2,1,0,1,2
64,5190.669,-272.327,-49.450,75.801,0.242387,-0.968473,0.057514,0.968480,0.245044,0.044711,-0.057395,0.044864,0.997343,0,0.93025,0.56123,55.815,1.122,450.000,350.000,-1,400.000,-1,325.000,325.000,250.000,300.000,-1,-1,-1,-1,500.000,750.000,500.000,-1,1,1,2,1,2,1,0,1,0,2,2,2,2,1,0,1,2
65,5203.250,-218.124,-52.513,76.931,0.223134,-0.973015,0.058763,0.973121,0.225871,0.044926,-0.056987,0.047159,0.997261,0,0.92740,0.56507,55.644,1.130,400.000,350.000,-1,400.000,-1,300.000,325.000,250.000,300.000,-1,-1,-1,-1,475.000,725.000,450.000,-1,1,1,2,1,2,1,1,1,0,2,2,2,2,1,0,1,2
66,5214.714,-163.871,-55.549,78.067,0.203704,-0.977193,0.059991,0.977404,0.206516,0.045075,-0.056436,0.049454,0.997181,0,0.92418,0.56792,55.451,1.136,375.000,325.000,-1,400.000,-1,300.000,300.000,250.000,300.000,-1,-1,-1,-1,450.000,725.000,400.000,-1,1,1,2,1,2,1,1,1,0,2,2,2,2,1,0,1,2
67,5225.056,-109.611,-58.551,79.208,0.184115,-0.980997,0.061202,0.981322,0.186994,0.045163,-0.055749,0.051743,0.997103,0,0.92062,0.57051,55.237,1.141,325.000,300.000,-1,375.000,-1,275.000,300.000,225.000,300.000,-1,-1,-1,-1,425.000,725.000,350.000,-1,1,1,2,1,2,1,1,1,0,2,2,2,2,1,0,1,2
68,5234.271,-55.385,-61.517,80.354,0.164384,-0.984422,0.062388,0.984866,0.167322,0.045190,-0.054925,0.054016,0.997028,0,0.91673,0.57284,55.004,1.146,300.000,275.000,-1,375.000,-1,250.000,275.000,225.000,300.000,-1,-1,-1,-1,400.000,725.000,300.000,-1,1,1,2,1,2,1,1,1,0,2,2,2,2,1,0,1,2
69,5242.354,-1.234,-62.702,81.503,0.144592,-0.987035,0.069676,0.988346,0.147453,0.037814,-0.047597,0.063396,0.996853,0,0.91254,0.57490,54.752,1.150,275.000,275.000,-1,375.000,-1,250.000,275.000,250.000,300.000,-1,-1,-1,-1,400.000,750.000,275.000,-1,1,1,2,1,2,1,1,1,0,2,2,2,2,1,0,1,2
70,5249.306,52.804,-62.651,82.657,0.124950,-0.988922,0.080127,0.991485,0.127442,0.026756,-0.036672,0.076102,0.996425,0,0.90808,0.57667,54.485,1.153,275.000,275.000,-1,400.000,-1,250.000,300.000,250.000,275.000,-1,-1,550.000,-1,400.000,775.000,275.000,-1,1,1,2,1,2,1,1,1,0,2,2,0,2,1,0,1,2
71,5255.917,111.718,-62.076,83.583,0.109612,-0.989850,0.090458,0.993684,0.111325,0.014102,-0.024029,0.088341,0.995800,0,0.98808,0.46316,59.285,0.926,250.000,275.000,-1,425.000,-1,250.000,300.000,275.000,275.000,-1,500.000,300.000,-1,400.000,825.000,275.000,-1,1,1,2,1,2,1,1,1,0,2,0,0,2,1,0,1,2
72,5261.630,171.444,-61.441,84.520,0.094361,-0.990361,0.101395,0.995475,0.095014,0.001621,-0.011239,0.100783,0.994845,0,1.00000,0.46838,60.000,0.937,250.000,275.000,-1,450.000,-1,275.000,300.000,275.000,275.000,-1,350.000,200.000,850.000,400.000,900.000,250.000,-1,1,1,2,1,2,1,1,1,0,2,0,0,0,1,0,1,2
73,5266.350,231.257,-60.715,85.468,0.079199,-0.990459,0.112774,0.996857,0.078502,-0.010615,0.001660,0.113260,0.993564,0,1.00000,0.47422,60.000,0.948,250.000,275.000,-1,475.000,-1,275.000,325.000,300.000,275.000,-1,275.000,150.000,700.000,400.000,950.000,250.000,-1,1,1,2,1,2,1,1,1,0,2,0,0,0,1,0,1,2
74,5270.064,291.141,-59.855,86.430,0.064135,-0.990137,0.124563,0.997832,0.061778,-0.022698,0.014779,0.125749,0.991952,0,1.00000,0.48071,60.000,0.961,225.000,275.000,-1,500.000,-1,275.000,325.000,300.000,275.000,-1,250.000,100.000,600.000,425.000,-1,250.000,-1,1,1,2,1,2,1,1,1,0,2,0,0,0,1,2,1,2
75,9511.004,8855.086,-233.750,87.167,0.050445,-0.997936,0.039746,0.998404,0.049377,-0.027416,0.025397,0.041066,0.998834,1,0.00000,0.00000,60.000,0.976,-1,400.000,-1,400.000,-1,325.000,325.000,300.000,300.000,-1,375.000,350.000,700.000,775.000,750.000,-1,-1,2,0,2,0,2,0,0,0,0,2,1,1,1,0,0,2,2
76,9511.261,8859.879,-233.626,86.927,0.054620,-0.997717,0.039712,0.998189,0.053556,-0.027376,0.025187,0.041135,0.998836,0,0.08000,-0.12000,4.800,-0.240,-1,400.000,-1,400.000,-1,325.000,325.000,300.000,300.000,-1,375.000,375.000,700.000,775.000,750.000,-1,-1,2,0,2,0,2,0,0,0,0,2,1,1,1,0,0,2,2
77,9511.856,8869.461,-233.382,86.447,0.062967,-0.997228,0.039645,0.997708,0.061913,-0.027298,0.024767,0.041273,0.998841,0,0.16000,-0.24000,9.600,-0.480,-1,400.000,-1,400.000,-1,325.000,325.000,300.000,300.000,-1,375.000,375.000,700.000,775.000,750.000,-1,-1,2,0,2,0,2,0,0,0,0,2,1,1,1,0,0,2,2
78,9512.929,8883.821,-233.022,85.727,0.075480,-0.996363,0.039549,0.996855,0.074438,-0.027181,0.024138,0.041477,0.998848,0,0.24000,-0.36000,14.400,-0.720,-1,400.000,-1,400.000,-1,325.000,325.000,300.000,300.000,-1,400.000,400.000,700.000,775.000,750.000,-1,-1,2,0,2,0,2,0,0,0,0,2,1,1,1,0,0,2,2
79,9514.680,8902.941,-232.554,84.767,0.092144,-0.994965,0.039431,0.995473,0.091120,-0.027029,0.023300,0.041744,0.998857,0,0.32000,-0.48000,19.200,-0.960,-1,400.000,-1,400.000,-1,325.000,325.000,300.000,300.000,-1,425.000,400.000,725.000,775.000,750.000,-1,-1,2,0,2,0,2,0,0,0,0,2,1,1,1,0,0,2,2
80,9517.369,8926.790,-231.989,83.567,0.112938,-0.992825,0.039298,0.993353,0.111936,-0.026845,0.022254,0.042068,0.998867,0,0.40000,-0.60000,24.000,-1.200,-1,400.000,-1,400.000,-1,325.000,325.000,300.000,300.000,-1,450.000,425.000,725.000,775.000,750.000,-1,-1,2,0,2,0,2,0,0,0,0,2,1,1,1,0,0,2,2
81,9521.313,8955.319,-231.339,82.127,0.137825,-0.989682,0.039157,0.990234,0.136848,-0.026634,0.021001,0.042445,0.998878,0,0.48000,-0.72000,28.800,-1.440,-1,400.000,-1,400.000,-1,325.000,325.000,300.000,300.000,-1,475.000,475.000,750.000,775.000,750.000,-1,-1,2,0,2,0,2,0,0,0,0,2,1,1,1,0,0,2,2
82,9526.889,8988.454,-230.619,80.447,0.166749,-0.985227,0.039017,0.985806,0.165801,-0.026403,0.019543,0.042866,0.998890,0,0.56000,-0.84000,33.600,-1.680,-1,400.000,-1,400.000,-1,325.000,325.000,300.000,300.000,-1,525.000,500.000,775.000,775.000,750.000,-1,-1,2,0,2,0,2,0,0,0,0,2,1,1,1,0,0,2,2
83,9534.527,9026.087,-229.847,78.527,0.199628,-0.979100,0.038888,0.979709,0.198713,-0.026161,0.017887,0.043321,0.998901,0,0.64000,-0.96000,38.400,-1.920,-1,400.000,-1,400.000,-1,325.000,325.000,300.000,300.000,-1,575.000,550.000,775.000,775.000,750.000,-1,-1,2,0,2,0,2,0,0,0,0,2,1,1,1,0,0,2,2
84,9543.973,9065.517,-229.087,76.527,0.233639,-0.971550,0.038781,0.972189,0.232758,-0.025934,0.016170,0.043762,0.998911,0,0.67575,-1.00000,40.545,-2.000,-1,400.000,-1,400.000,-1,325.000,325.000,300.000,300.000,-1,625.000,600.000,800.000,775.000,750.000,-1,-1,2,0,2,0,2,0,0,0,0,2,1,1,1,0,0,2,2
85,9554.998,9105.343,-228.391,74.527,0.267368,-0.962821,0.038594,0.963485,0.266519,-0.025781,0.014536,0.044078,0.998922,0,0.68873,-1.00000,41.324,-2.000,-1,400.000,-1,400.000,-1,325.000,325.000,300.000,300.000,-1,675.000,650.000,825.000,775.000,750.000,-1,-1,2,0,2,0,2,0,0,0,0,2,1,1,1,0,0,2,2
86,9567.642,9145.511,-227.794,72.527,0.300777,-0.952931,0.038152,0.953604,0.299958,-0.025786,0.013128,0.044138,0.998939,0,0.70184,-1.00000,42.110,-2.000,-1,400.000,-1,400.000,-1,325.000,325.000,300.000,300.000,-1,750.000,700.000,850.000,750.000,750.000,-1,-1,2,0,2,0,2,0,0,0,0,2,1,1,1,1,0,2,2
87,9581.944,9185.960,-227.238,70.527,0.333823,-0.941880,0.037726,0.942562,0.333031,-0.025819,0.011754,0.044178,0.998955,0,0.71504,-1.00000,42.902,-2.000,-1,400.000,-1,400.000,-1,325.000,325.000,300.000,300.000,-1,800.000,750.000,875.000,725.000,750.000,-1,-1,2,0,2,0,2,0,0,0,0,2,1,1,1,1,0,2,2
88,9597.939,9226.624,-226.729,68.527,0.366465,-0.929684,0.037305,0.930374,0.365699,-0.025863,0.010403,0.044185,0.998969,0,0.72828,-1.00000,43.697,-2.000,-1,400.000,-1,400.000,-1,325.000,325.000,300.000,300.000,-1,875.000,800.000,900.000,700.000,750.000,-1,-1,2,0,2,0,2,0,0,0,0,2,1,1,1,1,0,2,2
89,9613.949,9263.919,-226.322,66.767,0.394826,-0.918012,0.036964,0.918709,0.394079,-0.025992,0.009295,0.044221,0.998979,0,0.67642,-0.88000,40.585,-1.760,-1,400.000,975.000,400.000,-1,325.000,325.000,300.000,300.000,-1,950.000,850.000,925.000,675.000,750.000,-1,-1,2,0,1,0,2,0,0,0,0,2,1,1,1,1,0,2,2
90,9632.952,9305.134,-225.936,65.247,0.419026,-0.907236,0.036607,0.907935,0.418292,-0.026194,0.008452,0.044213,0.998986,0,0.75642,-0.76000,45.385,-1.520,-1,400.000,925.000,400.000,-1,325.000,325.000,300.000,300.000,-1,-1,925.000,975.000,650.000,750.000,1000.000,-1,2,0,1,0,2,0,0,0,0,2,2,1,1,1,0,1,2
91,9654.857,9349.981,-225.582,63.967,0.439177,-0.897667,0.036296,0.898367,0.438454,-0.026346,0.007736,0.044178,0.998994,0,0.83184,-0.64000,49.910,-1.280,-1,400.000,900.000,400.000,-1,325.000,325.000,300.000,300.000,-1,-1,975.000,1000.000,625.000,750.000,875.000,-1,2,0,1,0,2,0,0,0,0,2,2,1,1,1,0,1,2
92,9677.954,9395.170,-225.268,62.927,0.455390,-0.889562,0.036058,0.890263,0.454676,-0.026481,0.007162,0.044160,0.998999,0,0.84582,-0.52000,50.749,-1.040,-1,400.000,850.000,400.000,-1,325.000,325.000,300.000,300.000,-1,-1,-1,-1,600.000,750.000,775.000,-1,2,0,1,0,2,0,0,0,0,2,2,2,2,1,0,1,2
93,9702.072,9440.772,-224.969,62.127,0.467761,-0.883128,0.035831,0.883829,0.467052,-0.026609,0.006765,0.044115,0.999004,0,0.85977,-0.40000,51.586,-0.800,-1,400.000,800.000,400.000,-1,325.000,325.000,300.000,300.000,-1,-1,-1,-1,550.000,750.000,700.000,1000.000,2,0,1,0,2,0,0,0,0,2,2,2,2,1,1,1,1
94,9727.033,9486.874,-224.676,61.567,0.476368,-0.878524,0.035613,0.879221,0.475663,-0.026727,0.006540,0.044044,0.999008,0,0.87377,-0.28000,52.426,-0.560,-1,400.000,750.000,400.000,-1,325.000,325.000,300.000,300.000,-1,-1,-1,-1,525.000,700.000,650.000,950.000,2,1,1,0,2,0,0,0,0,2,2,2,2,1,1,1,1
95,9752.659,9533.578,-224.377,61.247,0.481269,-0.875858,0.035404,0.876549,0.480564,-0.026828,0.006483,0.043944,0.999013,0,0.88787,-0.16000,53.272,-0.320,950.000,375.000,700.000,400.000,-1,325.000,325.000,300.000,300.000,-1,-1,-1,-1,500.000,650.000,575.000,875.000,1,1,1,0,2,0,0,0,0,2,2,2,2,1,1,1,1
96,9778.884,9580.932,-224.068,61.021,0.484724,-0.873959,0.035195,0.874643,0.484020,-0.026906,0.006480,0.043825,0.999018,0,0.90217,-0.11307,54.130,-0.226,725.000,350.000,650.000,400.000,-1,325.000,325.000,300.000,300.000,-1,-1,-1,-1,450.000,625.000,500.000,825.000,1,1,1,0,2,0,0,0,0,2,2,2,2,1,1,1,1
97,9805.695,9628.957,-223.751,60.827,0.487684,-0.872318,0.035011,0.872996,0.486982,-0.026955,0.006464,0.043710,0.999023,0,0.91670,-0.09710,55.002,-0.194,600.000,325.000,600.000,400.000,-1,300.000,325.000,300.000,300.000,-1,-1,-1,-1,425.000,575.000,450.000,750.000,1,1,1,0,2,1,0,0,0,2,2,2,2,1,1,1,1
98,9833.074,9677.677,-223.424,60.666,0.490137,-0.870947,0.034894,0.871622,0.489437,-0.026964,0.006406,0.043630,0.999027,0,0.93144,-0.08064,55.886,-0.161,475.000,300.000,550.000,400.000,1000.000,275.000,325.000,300.000,300.000,-1,-1,-1,-1,375.000,525.000,375.000,700.000,1,1,1,1,1,1,1,0,0,2,2,2,2,1,1,1,1
99,9861.002,9727.117,-223.075,60.538,0.492070,-0.869859,0.034822,0.870533,0.491373,-0.026936,0.006320,0.043569,0.999030,0,0.94639,-0.06366,56.783,-0.127,400.000,275.000,500.000,375.000,900.000,250.000,300.000,300.000,300.000,-1,-1,-1,-1,350.000,475.000,325.000,625.000,1,1,1,1,1,1,1,0,0,2,2,2,2,1,1,1,1
100,9889.404,9777.204,-221.300,60.440,0.493770,-0.868783,0.037513,0.869525,0.492735,-0.033748,0.010836,0.049282,0.998726,0,0.95965,-0.04921,57.579,-0.098,325.000,250.000,450.000,325.000,800.000,225.000,275.000,325.000,300.000,-1,-1,-1,-1,300.000,425.000,275.000,575.000,1,1,1,1,1,1,1,0,0,2,2,2,2,1,1,1,1
101,9918.866,9829.473,-217.697,60.582,0.492233,-0.869365,0.043725,0.870201,0.490230,-0.049246,0.021377,0.062290,0.997829,0,1.00000,0.07079,60.000,0.142,325.000,225.000,425.000,300.000,700.000,200.000,250.000,350.000,300.000,-1,625.000,525.000,-1,275.000,400.000,275.000,500.000,1,1,1,1,1,1,1,0,0,2,0,0,2,1,1,1,1
102,9947.975,9881.940,-213.595,60.963,0.487369,-0.871701,0.051073,0.872550,0.483925,-0.066881,0.033584,0.077159,0.996453,0,1.00000,0.19079,60.000,0.382,300.000,200.000,375.000,275.000,600.000,200.000,225.000,400.000,275.000,-1,425.000,300.000,-1,250.000,350.000,250.000,450.000,1,1,1,1,1,1,1,0,0,2,0,0,2,1,1,1,1
103,9976.507,9934.723,-209.065,61.585,0.479238,-0.875646,0.059784,0.876411,0.473761,-0.086341,0.047280,0.093773,0.994470,0,1.00000,0.31079,60.000,0.622,300.000,200.000,350.000,250.000,500.000,175.000,200.000,450.000,275.000,-1,325.000,175.000,-1,225.000,325.000,225.000,375.000,1,1,1,1,1,1,1,0,0,2,0,0,2,1,1,1,1
104,-1639.836,-8855.077,139.691,37.470,0.793894,-0.607932,-0.012285,0.607920,0.793128,0.037158,-0.012846,-0.036968,0.999234,1,0.00000,0.00000,60.000,0.862,475.000,225.000,400.000,250.000,-1,200.000,200.000,350.000,275.000,-1,-1,-1,-1,300.000,350.000,300.000,525.000,1,1,1,1,2,1,1,0,0,2,2,2,2,1,1,1,1
105,-1636.014,-8852.173,139.990,37.230,0.796406,-0.604627,-0.012800,0.604658,0.795697,0.035437,-0.011241,-0.035962,0.999290,0,0.08000,-0.12000,4.800,-0.240,475.000,225.000,400.000,250.000,-1,200.000,200.000,350.000,275.000,-1,-1,-1,-1,275.000,350.000,300.000,525.000,1,1,1,1,2,1,1,0,0,2,2,2,2,1,1,1,1
106,-1628.323,-8846.428,140.605,36.768,0.801201,-0.598233,-0.013908,0.598341,0.800603,0.031985,-0.008000,-0.033948,0.999392,0,0.16000,-0.23100,9.600,-0.462,450.000,225.000,400.000,250.000,-1,200.000,200.000,375.000,275.000,-1,-1,-1,-1,275.000,350.000,300.000,550.000,1,1,1,1,2,1,1,0,0,2,2,2,2,1,1,1,1
107,-1616.718,-8837.902,141.581,36.310,0.805884,-0.591856,-0.016043,0.592065,0.805427,0.027311,-0.003243,-0.031508,0.999498,0,0.24000,-0.22919,14.400,-0.458,450.000,225.000,400.000,250.000,-1,200.000,200.000,375.000,275.000,-1,-1,-1,-1,275.000,350.000,300.000,575.000,1,1,1,1,2,1,1,0,0,2,2,2,2,1,1,1,1
108,-1601.156,-8826.657,142.972,35.856,0.810439,-0.585504,-0.019345,0.585814,0.810165,0.021295,0.003204,-0.028590,0.999586,0,0.32000,-0.22712,19.200,-0.454,425.000,200.000,400.000,250.000,-1,175.000,200.000,400.000,275.000,-1,725.000,525.000,-1,275.000,350.000,275.000,600.000,1,1,1,1,2,1,1,0,0,2,0,0,2,1,1,1,1
109,3607.626,8855.084,-216.481,155.101,-0.906834,-0.421004,-0.020193,0.421074,-0.907026,0.000865,-0.018680,-0.007718,0.999796,1,0.00000,0.00000,24.000,-0.449,-1,375.000,-1,375.000,-1,325.000,300.000,300.000,300.000,-1,725.000,775.000,-1,700.000,675.000,-1,-1,2,0,2,0,2,0,0,0,0,2,0,0,2,0,0,2,2
110,3603.281,8857.123,-216.573,154.861,-0.905065,-0.424799,-0.020099,0.424871,-0.905254,0.000737,-0.018508,-0.007872,0.999798,0,0.08000,-0.12000,4.800,-0.240,-1,375.000,-1,375.000,-1,325.000,300.000,300.000,300.000,-1,725.000,775.000,-1,700.000,675.000,-1,-1,2,0,2,0,2,0,0,0,0,2,0,0,2,0,0,2,2
111,3594.625,8861.274,-216.755,154.381,-0.901478,-0.432367,-0.019914,0.432444,-0.901661,0.000479,-0.018163,-0.008180,0.999802,0,0.16000,-0.24000,9.600,-0.480,-1,375.000,-1,375.000,-1,325.000,300.000,300.000,300.000,-1,700.000,750.000,-1,700.000,675.000,-1,-1,2,0,2,0,2,0,0,0,0,2,0,0,2,0,0,2,2
112,3581.704,8867.632,-217.022,153.798,-0.897038,-0.441518,-0.019641,0.441601,-0.897211,0.000085,-0.017660,-0.008597,0.999807,0,0.24000,-0.29151,14.400,-0.583,-1,375.000,-1,375.000,-1,325.000,300.000,300.000,300.000,-1,700.000,725.000,-1,700.000,675.000,-1,-1,2,0,2,0,2,0,0,0,0,2,0,0,2,0,0,2,2
113,3564.565,8876.286,-217.370,153.211,-0.892473,-0.450689,-0.019283,0.450781,-0.892635,-0.000450,-0.017010,-0.009094,0.999814,0,0.32000,-0.29366,19.200,-0.587,-1,375.000,-1,375.000,-1,325.000,300.000,300.000,300.000,-1,675.000,725.000,-1,675.000,675.000,-1,-1,2,0,2,0,2,0,0,0,0,2,0,0,2,0,0,2,2
114,3543.254,8887.324,-217.794,152.617,-0.887766,-0.459910,-0.018841,0.460010,-0.887913,-0.001129,-0.016209,-0.009669,0.999822,0,0.40000,-0.29680,24.000,-0.594,-1,375.000,-1,375.000,-1,325.000,300.000,300.000,300.000,-1,650.000,700.000,-1,675.000,675.000,-1,-1,2,0,2,0,2,0,0,0,0,2,0,0,2,0,0,2,2
115,3517.822,8900.838,-218.291,152.015,-0.882897,-0.469209,-0.018316,0.469319,-0.883027,-0.001957,-0.015255,-0.010323,0.999830,0,0.48000,-0.30095,28.800,-0.602,-1,375.000,-1,375.000,-1,325.000,300.000,300.000,300.000,-1,625.000,675.000,-1,675.000,675.000,-1,-1,2,0,2,0,2,0,0,0,0,2,0,0,2,0,0,2,2
116,3488.321,8916.920,-218.853,151.403,-0.877847,-0.478614,-0.017709,0.478733,-0.877956,-0.002936,-0.014142,-0.011055,0.999839,0,0.56000,-0.30612,33.600,-0.612,-1,375.000,-1,375.000,-1,300.000,300.000,300.000,300.000,-1,600.000,650.000,-1,675.000,650.000,-1,-1,2,0,2,0,2,0,0,0,0,2,0,0,2,0,0,2,2
117,3454.807,8935.666,-219.451,150.779,-0.872593,-0.488152,-0.016989,0.488278,-0.872679,-0.003976,-0.012885,-0.011765,0.999848,0,0.64000,-0.31230,38.400,-0.625,-1,375.000,-1,375.000,-1,300.000,300.000,300.000,300.000,-1,575.000,625.000,-1,675.000,650.000,-1,-1,2,0,2,0,2,0,0,0,0,2,0,0,2,0,0,2,2
118,3419.625,8955.865,-219.909,150.140,-0.867112,-0.497854,-0.016048,0.497976,-0.867179,-0.004488,-0.011682,-0.011883,0.999861,0,0.67614,-0.31951,40.568,-0.639,-1,375.000,-1,375.000,-1,300.000,300.000,300.000,325.000,-1,575.000,625.000,-1,675.000,650.000,-1,-1,2,0,2,0,2,0,0,0,0,2,0,0,2,0,0,2,2
119,3384.604,8976.506,-220.343,149.485,-0.861388,-0.507724,-0.015093,0.507841,-0.861436,-0.005015,-0.010456,-0.011984,0.999874,0,0.67752,-0.32716,40.651,-0.654,-1,375.000,-1,375.000,1000.000,300.000,300.000,300.000,325.000,-1,575.000,600.000,-1,675.000,650.000,-1,-1,2,0,2,0,1,0,0,0,0,2,0,0,2,0,0,2,2
120,3349.761,8997.595,-220.669,148.816,-0.855417,-0.517758,-0.013717,0.517863,-0.855447,-0.005405,-0.008935,-0.011727,0.999891,0,0.67879,-0.33481,40.728,-0.670,-1,375.000,-1,375.000,975.000,300.000,300.000,300.000,325.000,-1,550.000,600.000,-1,675.000,625.000,-1,-1,2,0,2,0,1,0,0,0,0,2,0,0,2,0,0,2,2
121,3311.191,9021.784,-220.923,147.906,-0.847116,-0.531277,-0.011782,0.531363,-0.847125,-0.005734,-0.006935,-0.011118,0.999914,0,0.75879,-0.45481,45.528,-0.910,-1,375.000,-1,375.000,950.000,300.000,300.000,300.000,300.000,-1,550.000,575.000,-1,675.000,625.000,-1,-1,2,0,2,0,1,0,0,0,0,2,0,0,2,0,0,2,2
122,3269.100,9049.374,-221.159,146.756,-0.836311,-0.548171,-0.009604,0.548235,-0.836302,-0.006154,-0.004658,-0.010412,0.999935,0,0.83879,-0.57481,50.328,-1.150,-1,375.000,-1,375.000,900.000,300.000,300.000,300.000,300.000,-1,525.000,550.000,-1,675.000,625.000,-1,-1,2,0,2,0,1,0,0,0,0,2,0,0,2,0,0,2,2
123,3224.917,9079.892,-221.354,145.367,-0.822793,-0.568295,-0.007235,0.568337,-0.822769,-0.006685,-0.002154,-0.009613,0.999951,0,0.89496,-0.69481,53.698,-1.390,-1,375.000,-1,375.000,850.000,300.000,300.000,300.000,300.000,-1,525.000,525.000,-1,675.000,625.000,-1,1000.000,2,0,2,0,1,0,0,0,0,2,0,0,2,0,0,2,1
124,3181.396,9111.818,-221.395,143.737,-0.806313,-0.591467,-0.005244,0.591490,-0.806278,-0.007446,0.000176,-0.009105,0.999959,0,0.89961,-0.81481,53.976,-1.630,-1,375.000,-1,350.000,825.000,300.000,300.000,325.000,300.000,-1,525.000,500.000,-1,675.000,600.000,-1,950.000,2,0,2,0,1,0,0,0,0,2,0,0,2,0,0,2,1
125,3138.697,9145.337,-220.953,141.867,-0.786601,-0.617451,-0.003570,0.617452,-0.786545,-0.010016,0.003376,-0.010083,0.999943,0,0.90473,-0.93481,54.284,-1.870,-1,375.000,-1,350.000,775.000,300.000,300.000,300.000,300.000,-1,500.000,500.000,-1,675.000,625.000,-1,900.000,2,0,2,0,1,0,0,0,0,2,0,0,2,0,0,2,1
126,3096.874,9180.477,-220.325,139.963,-0.765662,-0.643240,-0.002010,0.643206,-0.765579,-0.013263,0.006992,-0.011448,0.999910,0,0.91043,-0.95226,54.626,-1.905,-1,375.000,-1,350.000,750.000,300.000,300.000,300.000,300.000,-1,500.000,475.000,-1,675.000,625.000,-1,850.000,2,0,2,0,1,0,0,0,0,2,0,0,2,0,0,2,1
127,3055.990,9217.236,-219.623,138.042,-0.743679,-0.668537,-0.000602,0.668452,-0.743569,-0.016626,0.010667,-0.012767,0.999862,0,0.91633,-0.96071,54.980,-1.921,-1,375.000,-1,350.000,700.000,300.000,300.000,300.000,300.000,-1,475.000,475.000,-1,675.000,625.000,-1,825.000,2,0,2,0,1,0,0,0,0,2,0,0,2,0,0,2,1
128,3016.110,9255.609,-218.848,136.103,-0.720655,-0.693294,0.000640,0.693145,-0.720518,-0.020095,0.014393,-0.014038,0.999798,0,0.92239,-0.96919,55.343,-1.938,-1,375.000,-1,350.000,675.000,300.000,300.000,300.000,300.000,-1,425.000,475.000,-1,650.000,625.000,-1,775.000,2,0,2,0,1,0,0,0,0,2,0,0,2,0,0,2,1
129,2977.303,9295.588,-217.802,134.148,-0.696598,-0.717460,0.001659,0.717227,-0.696426,-0.023997,0.018372,-0.015527,0.999711,0,0.92860,-0.97773,55.716,-1.955,-1,375.000,-1,350.000,625.000,300.000,300.000,300.000,300.000,-1,400.000,425.000,-1,650.000,625.000,-1,725.000,2,0,2,0,1,0,0,0,0,2,0,0,2,0,0,2,1
130,2939.639,9337.161,-216.640,132.175,-0.671508,-0.740993,0.002504,0.740664,-0.671304,-0.027711,0.022215,-0.016754,0.999613,0,0.93496,-0.98633,56.097,-1.973,-1,375.000,-1,350.000,600.000,300.000,300.000,300.000,300.000,-1,375.000,425.000,-1,650.000,625.000,-1,675.000,2,0,2,0,1,0,0,0,0,2,0,0,2,0,1,2,1
131,2903.190,9380.316,-215.197,130.185,-0.645381,-0.763853,0.003356,0.763439,-0.645165,-0.030386,0.025376,-0.017048,0.999533,0,0.94145,-0.99499,56.487,-1.990,-1,375.000,-1,350.000,550.000,300.000,300.000,300.000,300.000,-1,375.000,400.000,-1,650.000,600.000,-1,625.000,2,0,2,0,1,0,0,0,0,2,0,0,2,0,1,2,1
132,2868.024,9425.028,-213.646,128.185,-0.618335,-0.785903,0.004208,0.785396,-0.618113,-0.033011,0.028545,-0.017107,0.999446,0,0.94807,-1.00000,56.884,-2.000,-1,375.000,-1,350.000,500.000,300.000,300.000,300.000,300.000,-1,375.000,400.000,-1,650.000,575.000,-1,575.000,2,0,2,0,1,0,0,0,0,2,0,0,2,0,1,2,1
133,2834.203,9471.265,-211.516,126.185,-0.590470,-0.807024,0.007588,0.806371,-0.590329,-0.035756,0.033335,-0.014994,0.999332,0,0.95477,-1.00000,57.286,-2.000,-1,375.000,-1,375.000,475.000,300.000,300.000,300.000,300.000,-1,375.000,375.000,-1,650.000,550.000,-1,525.000,2,0,2,0,1,0,0,0,0,2,0,0,2,0,1,2,1
134,2801.789,9518.989,-209.317,124.185,-0.561863,-0.827159,0.010809,0.826354,-0.561822,-0.038682,0.038069,-0.012802,0.999193,0,0.96151,-1.00000,57.691,-2.000,-1,375.000,-1,375.000,425.000,300.000,300.000,300.000,300.000,-1,350.000,350.000,-1,675.000,525.000,-1,475.000,2,0,2,1,1,0,0,0,0,2,0,0,2,0,1,2,1
