timestep,x_cm,y_cm,z_cm,yaw_deg,basis_xx,basis_xy,basis_xz,basis_yx,basis_yy,basis_yz,basis_zx,basis_zy,basis_zz,teleport_flag,throttle_cmd,steering_cmd,cmd_move_cm,cmd_turn_deg,lidar_cm_0,lidar_cm_1,lidar_cm_2,lidar_cm_3,lidar_cm_4,lidar_cm_5,lidar_cm_6,lidar_cm_7,lidar_cm_8,lidar_cm_9,lidar_cm_10,lidar_cm_11,lidar_cm_12,lidar_cm_13,lidar_cm_14,lidar_cm_15,lidar_cm_16,lidar_class_0,lidar_class_1,lidar_class_2,lidar_class_3,lidar_class_4,lidar_class_5,lidar_class_6,lidar_class_7,lidar_class_8,lidar_class_9,lidar_class_10,lidar_class_11,lidar_class_12,lidar_class_13,lidar_class_14,lidar_class_15,lidar_class_16
0,7109.248,-4683.849,476.778,107.393,-0.298863,-0.953292,0.043772,0.954076,-0.299465,-0.007745,0.020492,0.039447,0.999012,0,0.75049,0.24565,1.281,0.003,-1,-1,-1,789.227,-1,484.368,466.769,725.368,708.634,-1,-1,-1,-1,-1,-1,-1,-1,2,2,2,0,2,0,0,0,0,2,2,2,2,2,2,2,2
1,7109.043,-4684.126,482.787,107.397,-0.298908,-0.953401,0.040997,0.954018,-0.299560,-0.010674,0.022457,0.035921,0.999102,0,0.75061,0.24541,0.345,0.003,-1,-1,-1,837.711,-1,527.567,496.298,732.914,743.611,-1,-1,-1,-1,-1,-1,-1,-1,2,2,2,0,2,0,0,0,0,2,2,2,2,2,2,2,2
2,7108.639,-4683.450,488.579,107.411,-0.299095,-0.953406,0.039493,0.953799,-0.299941,-0.017433,0.028466,0.032455,0.999068,0,0.75066,0.24531,0.787,0.014,-1,-1,-1,909.787,-1,598.439,539.939,741.065,776.990,-1,-1,-1,-1,-1,-1,-1,-1,2,2,2,0,2,0,0,0,0,2,2,2,2,2,2,2,2
3,7108.092,-4681.835,493.627,107.449,-0.299641,-0.953304,0.037771,0.953320,-0.300726,-0.027274,0.037359,0.027835,0.998914,0,0.75068,0.24525,1.705,0.038,-1,-1,-1,-1,-1,694.489,596.776,745.261,806.486,-1,-1,-1,-1,-1,-1,-1,-1,2,2,2,2,2,0,0,0,0,2,2,2,2,2,2,2,2
4,7107.331,-4679.359,497.600,107.516,-0.300624,-0.953082,0.035481,0.952515,-0.301917,-0.039521,0.048379,0.021916,0.998589,0,0.75076,0.24510,2.590,0.068,-1,-1,-1,-1,-1,853.857,666.422,744.224,837.599,-1,-1,-1,-1,-1,-1,-1,-1,2,2,2,2,2,0,0,0,0,2,2,2,2,2,2,2,2
5,7106.198,-4676.066,500.451,107.594,-0.301702,-0.952814,0.033479,0.951406,-0.303155,-0.054062,0.061661,0.015542,0.997976,0,0.75093,0.24476,3.482,0.078,-1,-1,-1,-1,-1,-1,754.431,740.215,865.316,-1,-1,-1,-1,-1,-1,-1,-1,2,2,2,2,2,2,0,0,0,2,2,2,2,2,2,2,2
6,7104.770,-4672.021,502.248,107.709,-0.303286,-0.952395,0.031015,0.949808,-0.304762,-0.070606,0.076697,0.008045,0.997022,0,0.75109,0.24444,4.290,0.115,-1,-1,-1,-1,-1,-1,929.260,731.740,892.620,-1,-1,-1,-1,-1,-1,-1,-1,2,2,2,2,2,2,0,0,0,2,2,2,2,2,2,2,2
7,7102.907,-4667.313,503.128,107.822,-0.304738,-0.952029,0.027843,0.947913,-0.306007,-0.088437,0.092715,-0.000557,0.995693,0,0.75138,0.24384,5.062,0.113,-1,-1,-1,-1,-1,-1,-1,719.596,917.337,-1,-1,-1,-1,-1,-1,-1,-1,2,2,2,2,2,2,2,0,0,2,2,2,2,2,2,2,2
8,7100.624,-4662.241,503.590,107.937,-0.306238,-0.951635,0.024661,0.946045,-0.307117,-0.103335,0.105911,-0.008315,0.994341,0,0.75163,0.24335,5.562,0.115,-1,-1,-1,-1,-1,-1,-1,706.841,935.746,-1,-1,-1,-1,-1,-1,-1,-1,2,2,2,2,2,2,2,0,0,2,2,2,2,2,2,2,2
9,7098.117,-4656.976,504.115,108.055,-0.307950,-0.951160,0.021482,0.944686,-0.308376,-0.111682,0.112852,-0.014099,0.993512,0,0.75187,0.24286,5.831,0.118,-1,-1,-1,-1,-1,-1,-1,697.917,949.698,-1,-1,-1,-1,-1,-1,-1,-1,2,2,2,2,2,2,2,0,0,2,2,2,2,2,2,2,2
10,7095.506,-4651.447,504.766,108.186,-0.310095,-0.950533,0.018121,0.943930,-0.310100,-0.113289,0.113304,-0.018026,0.993397,0,0.75212,0.24236,6.114,0.131,-1,-1,-1,-1,-1,-1,-1,692.337,959.066,-1,-1,-1,-1,-1,-1,-1,-1,2,2,2,2,2,2,2,0,0,2,2,2,2,2,2,2,2
11,7092.788,-4645.490,505.396,108.321,-0.312474,-0.949806,0.015116,0.943696,-0.312205,-0.109384,0.108613,-0.019915,0.993885,0,0.75242,0.24176,6.548,0.134,-1,-1,-1,-1,-1,-1,-1,690.295,962.976,-1,-1,-1,-1,-1,-1,-1,-1,2,2,2,2,2,2,2,0,0,2,2,2,2,2,2,2,2
12,7089.892,-4638.927,505.752,108.453,-0.314914,-0.949030,0.013102,0.943752,-0.314569,-0.101879,0.100808,-0.019718,0.994711,0,0.75270,0.24120,7.173,0.132,-1,-1,-1,-1,-1,-1,-1,691.654,960.876,-1,-1,-1,-1,-1,-1,-1,-1,2,2,2,2,2,2,2,0,0,2,2,2,2,2,2,2,2
13,7086.814,-4631.654,505.610,108.595,-0.317533,-0.948171,0.012054,0.943820,-0.317252,-0.092497,0.091528,-0.017994,0.995640,0,0.75292,0.24075,7.898,0.142,-1,-1,-1,-1,-1,-1,-1,694.982,953.784,-1,-1,-1,-1,-1,-1,-1,-1,2,2,2,2,2,2,2,0,0,2,2,2,2,2,2,2,2
14,7083.623,-4623.650,504.902,108.756,-0.320475,-0.947183,0.011807,0.943774,-0.320340,-0.081683,0.081151,-0.015034,0.996588,0,0.75314,0.24031,8.617,0.161,-1,-1,-1,-1,-1,-1,-1,699.576,942.370,-1,-1,-1,-1,-1,-1,-1,-1,2,2,2,2,2,2,2,0,0,2,2,2,2,2,2,2,2
15,7080.269,-4614.927,503.597,108.925,-0.323544,-0.946136,0.012060,0.943636,-0.323577,-0.069641,0.069792,-0.011152,0.997499,0,0.75339,0.23979,9.346,0.169,-1,-1,-1,-1,-1,-1,-1,704.825,924.837,-1,-1,-1,-1,-1,-1,-1,-1,2,2,2,2,2,2,2,0,0,2,2,2,2,2,2,2,2
16,7076.747,-4605.766,501.670,109.097,-0.326639,-0.945073,0.011976,0.943456,-0.326786,-0.055703,0.056557,-0.006896,0.998376,0,0.43577,0.48466,9.815,0.171,-1,-1,-1,-1,-1,-1,955.822,709.313,902.027,-1,-1,-1,-1,-1,-1,-1,-1,2,2,2,2,2,2,0,0,0,2,2,2,2,2,2,2,2
17,7073.088,-4596.499,499.021,109.284,-0.329979,-0.943919,0.011390,0.943106,-0.330168,-0.039230,0.040790,-0.002203,0.999165,0,0.43589,0.48422,9.963,0.188,-1,-1,-1,-1,-1,-1,791.032,712.846,876.440,-1,-1,-1,-1,-1,-1,-1,-1,2,2,2,2,2,2,0,0,0,2,2,2,2,2,2,2,2
18,7069.156,-4586.849,495.771,109.502,-0.333732,-0.942577,0.013097,0.942313,-0.333956,-0.022816,0.025879,0.004727,0.999654,0,0.43606,0.48363,10.420,0.218,-1,-1,-1,-1,-1,965.833,676.677,721.438,844.197,-1,-1,-1,-1,-1,-1,-1,-1,2,2,2,2,2,0,0,0,0,2,2,2,2,2,2,2,2
19,7064.962,-4576.641,492.303,109.763,-0.338093,-0.940921,0.018982,0.941004,-0.338291,-0.008360,0.014287,0.015035,0.999785,0,0.43630,0.48278,11.035,0.261,-1,-1,-1,935.679,-1,863.831,604.877,739.064,803.723,-1,-1,-1,-1,-1,-1,-1,-1,2,2,2,0,2,0,0,0,0,2,2,2,2,2,2,2,2
20,7060.517,-4565.898,488.939,110.070,-0.343162,-0.938865,0.027800,0.939260,-0.343178,0.004311,0.005493,0.027591,0.999604,0,0.43664,0.48159,11.626,0.307,-1,-1,-1,847.958,-1,808.091,557.074,758.754,759.030,-1,-1,-1,-1,-1,-1,-1,-1,2,2,2,0,2,0,0,0,0,2,2,2,2,2,2,2,2
21,7055.817,-4554.794,485.937,110.415,-0.348825,-0.936455,0.037062,0.937186,-0.348462,0.016037,-0.002103,0.040327,0.999184,0,0.43710,0.48002,12.058,0.346,-1,-1,-1,766.129,-1,774.092,522.920,775.902,717.467,-1,-1,-1,-1,-1,-1,-1,-1,2,2,2,0,2,0,0,0,0,2,2,2,2,2,2,2,2
22,7050.756,-4543.330,483.979,110.791,-0.354946,-0.933876,0.043468,0.934867,-0.354254,0.022961,-0.006044,0.048787,0.998791,0,0.43764,0.47811,12.532,0.375,-1,-1,-1,726.075,-1,779.825,515.745,788.200,690.138,-1,-1,-1,-1,-1,-1,-1,-1,2,2,2,0,2,0,0,0,0,2,2,2,2,2,2,2,2
23,7045.190,-4531.724,483.511,111.189,-0.361443,-0.931243,0.046329,0.932380,-0.360717,0.023471,-0.005145,0.051680,0.998650,0,0.43826,0.47596,12.871,0.399,-1,-1,-1,728.776,-1,837.079,544.544,793.513,679.503,-1,-1,-1,-1,-1,-1,-1,-1,2,2,2,0,2,0,0,0,0,2,2,2,2,2,2,2,2
24,7038.978,-4520.260,484.462,111.676,-0.369351,-0.928145,0.046112,0.929289,-0.368826,0.019722,-0.001297,0.050136,0.998742,0,0.43895,0.47356,13.039,0.486,-1,-1,-1,771.000,-1,932.070,601.284,792.966,681.912,-1,-1,-1,-1,-1,-1,-1,-1,2,2,2,0,2,0,0,0,0,2,2,2,2,2,2,2,2
25,7032.130,-4509.141,486.379,112.213,-0.378053,-0.924818,0.042273,0.925782,-0.377743,0.015412,0.001715,0.044962,0.998987,0,0.43990,0.47023,13.059,0.538,-1,-1,-1,835.042,-1,-1,670.063,786.983,695.777,-1,-1,-1,-1,-1,-1,-1,-1,2,2,2,0,2,2,0,0,0,2,2,2,2,2,2,2,2
26,7024.848,-4498.320,488.731,112.763,-0.386921,-0.921427,0.035565,0.922109,-0.386741,0.012081,0.002623,0.037470,0.999294,0,0.44103,0.46629,13.043,0.550,-1,-1,-1,910.551,-1,-1,759.995,777.334,718.030,-1,-1,-1,-1,-1,-1,-1,-1,2,2,2,0,2,2,0,0,0,2,2,2,2,2,2,2,2
27,7017.021,-4487.753,490.908,113.365,-0.396589,-0.917543,0.028851,0.917993,-0.396476,0.009806,0.002442,0.030374,0.999536,0,0.44221,0.46216,13.150,0.602,-1,-1,-1,961.405,-1,-1,846.951,767.853,738.004,-1,-1,-1,-1,-1,-1,-1,-1,2,2,2,0,2,2,0,0,0,2,2,2,2,2,2,2,2
28,7008.720,-4477.297,492.461,114.038,-0.407345,-0.912971,0.023536,0.913272,-0.407269,0.008137,0.002156,0.024809,0.999690,0,0.44357,0.45744,13.351,0.673,-1,-1,-1,-1,-1,-1,924.293,759.733,746.341,-1,-1,-1,-1,-1,-1,-1,-1,2,2,2,2,2,2,0,0,0,2,2,2,2,2,2,2,2
29,6999.914,-4467.141,493.435,114.804,-0.419518,-0.907524,0.020105,0.907745,-0.419461,0.007162,0.001934,0.021255,0.999772,0,0.44514,0.45197,13.442,0.766,-1,-1,-1,-1,-1,-1,992.765,753.636,749.538,-1,-1,-1,-1,-1,-1,-1,-1,2,2,2,2,2,2,0,0,0,2,2,2,2,2,2,2,2
30,6990.467,-4457.820,493.984,115.727,-0.434091,-0.900673,0.018811,0.900868,-0.434022,0.007787,0.001151,0.020326,0.999793,0,0.44700,0.44549,13.271,0.923,-1,-1,-1,-1,-1,-1,-1,750.302,751.557,-1,-1,-1,-1,-1,-1,-1,-1,2,2,2,2,2,2,2,0,0,2,2,2,2,2,2,2,2
31,6980.829,-4448.783,494.297,116.731,-0.449803,-0.892958,0.017450,0.893127,-0.449740,0.007592,0.001068,0.019000,0.999819,0,0.44936,0.43725,13.212,1.004,-1,-1,-1,-1,-1,-1,-1,745.690,754.989,-1,-1,-1,-1,-1,-1,-1,-1,2,2,2,2,2,2,2,0,0,2,2,2,2,2,2,2,2
32,6970.920,-4439.955,494.544,117.759,-0.465754,-0.884769,0.016017,0.884911,-0.465724,0.005761,0.002363,0.016857,0.999855,0,0.45196,0.42816,13.270,1.028,-1,-1,-1,-1,-1,-1,-1,739.694,757.982,-1,-1,-1,-1,-1,-1,-1,-1,2,2,2,2,2,2,2,0,0,2,2,2,2,2,2,2,2
33,6960.761,-4431.259,494.820,118.782,-0.481472,-0.876343,0.014430,0.876446,-0.481496,0.001982,0.005211,0.013601,0.999894,0,0.45466,0.41877,13.373,1.023,-1,-1,-1,-1,-1,-1,-1,732.195,765.107,-1,-1,-1,-1,-1,-1,-1,-1,2,2,2,2,2,2,2,0,0,2,2,2,2,2,2,2,2
34,6950.351,-4422.861,495.328,119.817,-0.497203,-0.867540,0.012793,0.867584,-0.497279,-0.003453,0.009357,0.009382,0.999912,0,0.45734,0.40941,13.375,1.035,-1,-1,-1,-1,-1,-1,-1,723.743,772.939,-1,-1,-1,-1,-1,-1,-1,-1,2,2,2,2,2,2,2,0,0,2,2,2,2,2,2,2,2
35,6939.856,-4414.764,496.136,120.861,-0.512919,-0.858363,0.011267,0.858335,-0.513016,-0.008693,0.013241,0.005212,0.999899,0,0.46008,0.39986,13.255,1.045,-1,-1,-1,-1,-1,-1,-1,716.012,781.830,-1,-1,-1,-1,-1,-1,-1,-1,2,2,2,2,2,2,2,0,0,2,2,2,2,2,2,2,2
36,6929.300,-4406.960,497.324,121.896,-0.528300,-0.848999,0.009937,0.848895,-0.528392,-0.013373,0.016604,0.001371,0.999861,0,0.46286,0.39016,13.127,1.034,-1,-1,-1,-1,-1,-1,-1,709.578,795.608,-1,-1,-1,-1,-1,-1,-1,-1,2,2,2,2,2,2,2,0,0,2,2,2,2,2,2,2,2
37,6918.587,-4399.391,498.835,122.927,-0.543476,-0.839375,0.009130,0.839202,-0.543550,-0.017143,0.019352,-0.001655,0.999811,0,0.46563,0.38051,13.117,1.032,-1,-1,-1,-1,-1,-1,-1,704.991,805.677,-1,-1,-1,-1,-1,-1,-1,-1,2,2,2,2,2,2,2,0,0,2,2,2,2,2,2,2,2
38,6907.784,-4391.653,500.346,123.958,-0.558461,-0.829482,0.009028,0.829268,-0.558525,-0.019115,0.020899,-0.003188,0.999777,0,0.46840,0.37084,13.289,1.030,-1,-1,-1,-1,-1,-1,-1,702.737,814.431,-1,-1,-1,-1,-1,-1,-1,-1,2,2,2,2,2,2,2,0,0,2,2,2,2,2,2,2,2
39,6897.040,-4383.473,501.639,124.931,-0.572466,-0.819877,0.009209,0.819658,-0.572530,-0.019221,0.021031,-0.003455,0.999773,0,0.47116,0.36122,13.504,0.973,-1,-1,-1,-1,-1,-1,-1,702.260,824.869,-1,-1,-1,-1,-1,-1,-1,-1,2,2,2,2,2,2,2,0,0,2,2,2,2,2,2,2,2
40,6886.424,-4374.835,502.621,125.802,-0.584877,-0.811069,0.009267,0.810880,-0.584943,-0.017762,0.019827,-0.002874,0.999799,0,0.47373,0.35225,13.686,0.871,-1,-1,-1,-1,-1,-1,-1,702.850,832.859,-1,-1,-1,-1,-1,-1,-1,-1,2,2,2,2,2,2,2,0,0,2,2,2,2,2,2,2,2
41,6875.982,-4365.734,503.278,126.548,-0.595407,-0.803376,0.008772,0.803229,-0.595468,-0.015539,0.017707,-0.002206,0.999841,0,0.47598,0.34441,13.851,0.746,-1,-1,-1,-1,-1,-1,-1,703.407,837.925,-1,-1,-1,-1,-1,-1,-1,-1,2,2,2,2,2,2,2,0,0,2,2,2,2,2,2,2,2
42,6865.581,-4356.427,503.483,127.213,-0.604723,-0.796393,0.008265,0.796310,-0.604779,-0.011536,0.014185,-0.000395,0.999899,0,0.33851,0.01804,13.957,0.665,-1,-1,-1,-1,-1,-1,-1,705.040,842.530,-1,-1,-1,-1,-1,-1,-1,-1,2,2,2,2,2,2,2,0,0,2,2,2,2,2,2,2,2
43,6855.254,-4346.876,503.175,127.780,-0.612599,-0.790361,0.007212,0.790328,-0.612640,-0.007266,0.010161,0.001249,0.999948,0,0.33966,0.01242,14.066,0.567,-1,-1,-1,-1,-1,-1,-1,705.789,841.009,-1,-1,-1,-1,-1,-1,-1,-1,2,2,2,2,2,2,2,0,0,2,2,2,2,2,2,2,2
44,6845.016,-4337.048,502.390,128.251,-0.619094,-0.785298,0.005368,0.785291,-0.619115,-0.003895,0.006382,0.001804,0.999978,0,0.34059,0.00784,14.192,0.471,-1,-1,-1,-1,-1,-1,-1,704.378,840.590,-1,-1,-1,-1,-1,-1,-1,-1,2,2,2,2,2,2,2,0,0,2,2,2,2,2,2,2,2
45,6834.857,-4326.910,501.241,128.630,-0.624279,-0.781197,0.002591,0.781194,-0.624285,-0.002228,0.003358,0.000633,0.999994,0,0.34131,0.00428,14.352,0.379,-1,-1,-1,-1,-1,-1,-1,700.083,845.783,-1,-1,-1,-1,-1,-1,-1,-1,2,2,2,2,2,2,2,0,0,2,2,2,2,2,2,2,2
46,6824.626,-4316.607,499.616,128.954,-0.628699,-0.777649,-0.000308,0.777649,-0.628699,-0.000442,0.000150,-0.000518,1.000000,0,0.34183,0.00172,14.519,0.325,-1,-1,-1,-1,-1,-1,-1,695.113,850.576,-1,-1,-1,-1,-1,-1,-1,-1,2,2,2,2,2,2,2,0,0,2,2,2,2,2,2,2,2
47,6812.225,-4304.115,496.884,129.330,-0.633785,-0.773501,-0.003620,0.773493,-0.633795,0.003538,-0.005031,-0.000558,0.999987,0,0.34223,-0.00026,17.603,0.376,-1,-1,-1,-1,-1,-1,-1,690.061,850.512,-1,-1,-1,-1,-1,-1,-1,-1,2,2,2,2,2,2,2,0,0,2,2,2,2,2,2,2,2
48,6803.918,-4295.701,494.527,129.579,-0.637107,-0.770754,-0.005747,0.770715,-0.637133,0.007746,-0.009632,0.000505,0.999954,0,0.34268,-0.00247,11.823,0.248,-1,-1,-1,-1,-1,-1,-1,687.789,846.684,-1,-1,-1,-1,-1,-1,-1,-1,2,2,2,2,2,2,2,0,0,2,2,2,2,2,2,2,2
49,6793.464,-4285.100,491.026,129.891,-0.641237,-0.767298,-0.008301,0.767163,-0.641284,0.014701,-0.016604,0.003058,0.999857,0,0.34297,-0.00390,14.889,0.312,-1,-1,-1,-1,-1,-1,-1,685.723,840.453,-1,-1,-1,-1,-1,-1,-1,-1,2,2,2,2,2,2,2,0,0,2,2,2,2,2,2,2,2
50,6782.911,-4274.512,487.208,130.226,-0.645591,-0.763588,-0.012051,0.763255,-0.645678,0.023277,-0.025555,0.005829,0.999656,0,0.34333,-0.00568,14.948,0.335,-1,-1,-1,-1,-1,-1,-1,683.194,827.713,-1,-1,-1,-1,-1,-1,-1,-1,2,2,2,2,2,2,2,0,0,2,2,2,2,2,2,2,2
51,6772.363,-4264.003,483.607,130.539,-0.649504,-0.760083,-0.020451,0.759426,-0.649805,0.032045,-0.037646,0.005282,0.999277,0,0.34374,-0.00768,14.889,0.313,-1,-1,-1,-1,-1,-1,-1,675.907,815.534,-1,-1,-1,-1,-1,-1,-1,-1,2,2,2,2,2,2,2,0,0,2,2,2,2,2,2,2,2
52,6761.642,-4253.523,480.258,130.814,-0.652731,-0.756847,-0.033552,0.755828,-0.653592,0.039258,-0.051641,0.000265,0.998666,0,0.34410,-0.00947,14.993,0.275,-1,-1,-1,-1,-1,-1,-1,662.517,818.556,-1,-1,-1,-1,-1,-1,-1,-1,2,2,2,2,2,2,2,0,0,2,2,2,2,2,2,2,2
53,6750.749,-4243.037,476.998,131.057,-0.655319,-0.753655,-0.050602,0.752341,-0.657216,0.045270,-0.067374,-0.008404,0.997692,0,0.34439,-0.01087,15.121,0.243,-1,-1,-1,-1,-1,-1,-1,643.014,834.946,-1,-1,-1,-1,-1,-1,-1,-1,2,2,2,2,2,2,2,0,0,2,2,2,2,2,2,2,2
54,6739.690,-4232.444,473.718,131.237,-0.656842,-0.750735,-0.070399,0.749328,-0.660305,0.050048,-0.084058,-0.019878,0.996263,0,0.34461,-0.01196,15.313,0.180,-1,-1,-1,-1,-1,-1,-1,618.778,864.892,-1,-1,-1,-1,-1,-1,-1,-1,2,2,2,2,2,2,2,0,0,2,2,2,2,2,2,2,2
55,6726.136,-4219.500,469.677,131.389,-0.657608,-0.747318,-0.095224,0.746194,-0.663521,0.054169,-0.103665,-0.035434,0.993981,0,0.34470,-0.01239,18.742,0.152,-1,-1,-1,-1,-1,-1,-1,588.384,890.716,-1,-1,-1,-1,-1,-1,-1,-1,2,2,2,2,2,2,2,0,0,2,2,2,2,2,2,2,2
56,6716.930,-4210.764,466.921,131.475,-0.657741,-0.744889,-0.111880,0.744094,-0.665625,0.057158,-0.117047,-0.045654,0.992076,0,0.34466,-0.01223,12.691,0.086,-1,-1,-1,-1,-1,-1,-1,569.110,905.745,-1,-1,-1,-1,-1,-1,-1,-1,2,2,2,2,2,2,2,0,0,2,2,2,2,2,2,2,2
57,6705.133,-4199.764,463.384,131.587,-0.657766,-0.741455,-0.132620,0.741201,-0.668488,0.061199,-0.134031,-0.058043,0.989276,0,0.34460,-0.01194,16.130,0.112,-1,-1,-1,-1,-1,989.935,951.355,547.519,924.387,-1,-1,-1,-1,-1,-1,-1,-1,2,2,2,2,2,0,0,0,0,2,2,2,2,2,2,2,2
58,6693.043,-4188.604,459.475,131.714,-0.657737,-0.737487,-0.153280,0.737860,-0.671741,0.065775,-0.151473,-0.069836,0.985991,0,0.34454,-0.01161,16.453,0.127,-1,-1,-1,-1,-1,924.557,893.467,525.557,941.548,-1,-1,-1,-1,-1,-1,-1,-1,2,2,2,2,2,0,0,0,0,2,2,2,2,2,2,2,2
59,6680.752,-4177.259,455.109,131.829,-0.657253,-0.733289,-0.174088,0.734347,-0.675053,0.070981,-0.169568,-0.081189,0.982169,0,0.34450,-0.01141,16.727,0.115,-1,-1,-1,977.742,-1,852.430,837.889,502.754,-1,-1,-1,-1,-1,-1,-1,-1,-1,2,2,2,0,2,0,0,0,2,2,2,2,2,2,2,2,2
60,6668.277,-4165.728,450.282,131.930,-0.656253,-0.728891,-0.195067,0.730633,-0.678418,0.076962,-0.188434,-0.092015,0.977766,0,0.34442,-0.01105,16.988,0.101,-1,962.514,-1,923.790,-1,784.535,783.860,480.548,-1,-1,-1,-1,-1,-1,-1,-1,-1,2,0,2,0,2,0,0,0,2,2,2,2,2,2,2,2,2
61,6655.646,-4153.957,445.164,132.006,-0.654628,-0.724430,-0.216018,0.726883,-0.681689,0.083315,-0.207613,-0.102479,0.972828,0,0.34431,-0.01050,17.265,0.076,-1,857.611,-1,869.297,-1,724.370,733.155,459.004,-1,-1,-1,-1,-1,-1,-1,-1,-1,2,0,2,0,2,0,0,0,2,2,2,2,2,2,2,2,2
62,6642.631,-4141.782,440.406,132.071,-0.653167,-0.720233,-0.233746,0.723603,-0.684640,0.087560,-0.223095,-0.111948,0.968347,0,0.34414,-0.00964,17.822,0.065,-1,784.545,-1,829.961,-1,678.266,693.297,440.090,-1,-1,-1,-1,-1,-1,-1,-1,-1,2,0,2,0,2,0,0,0,2,2,2,2,2,2,2,2,2
63,6628.931,-4129.083,436.239,132.147,-0.652783,-0.716404,-0.246253,0.721257,-0.687163,0.087155,-0.231654,-0.120718,0.965279,0,0.82563,0.22889,18.680,0.076,-1,749.607,-1,814.919,-1,657.735,677.103,424.060,-1,-1,-1,-1,-1,-1,-1,-1,-1,2,0,2,0,2,0,0,0,2,2,2,2,2,2,2,2,2
64,6614.601,-4115.792,431.889,132.278,-0.653536,-0.714067,-0.250995,0.718774,-0.689417,0.089822,-0.237179,-0.121707,0.963812,0,0.82513,0.22991,19.546,0.131,-1,736.927,-1,802.378,-1,648.837,668.321,416.970,-1,-1,-1,-1,-1,-1,-1,-1,-1,2,0,2,0,2,0,0,0,2,2,2,2,2,2,2,2,2
65,6599.968,-4101.476,427.502,132.471,-0.655264,-0.712307,-0.251492,0.715819,-0.691861,0.094504,-0.241313,-0.118098,0.963234,0,0.82484,0.23049,20.471,0.193,-1,735.452,-1,790.752,-1,645.912,663.207,415.276,-1,-1,-1,-1,-1,-1,-1,-1,-1,2,0,2,0,2,0,0,0,2,2,2,2,2,2,2,2,2
66,6585.062,-4086.565,423.704,132.707,-0.657475,-0.710945,-0.249567,0.712331,-0.694443,0.101657,-0.245582,-0.110937,0.963007,0,0.82475,0.23068,21.083,0.236,-1,738.656,-1,778.065,-1,643.890,658.142,418.819,-1,-1,-1,-1,-1,-1,-1,-1,-1,2,0,2,0,2,0,0,0,2,2,2,2,2,2,2,2,2
67,6569.797,-4071.079,420.425,132.934,-0.659641,-0.709835,-0.246998,0.709014,-0.696747,0.108825,-0.249343,-0.103340,0.962886,0,0.82480,0.23059,21.745,0.227,-1,746.172,-1,767.697,-1,644.494,655.068,424.463,-1,-1,-1,-1,-1,-1,-1,-1,-1,2,0,2,0,2,0,0,0,2,2,2,2,2,2,2,2,2
68,6550.961,-4052.044,416.858,133.161,-0.661077,-0.707347,-0.250273,0.704926,-0.699771,0.115757,-0.257014,-0.099900,0.961230,0,0.82474,0.23071,26.779,0.227,-1,741.719,-1,753.401,-1,638.818,646.298,428.538,-1,-1,-1,-1,-1,-1,-1,-1,-1,2,0,2,0,2,0,0,0,2,2,2,2,2,2,2,2,2
69,6538.345,-4039.176,414.341,133.229,-0.660315,-0.704922,-0.258977,0.702449,-0.701716,0.118999,-0.265613,-0.103342,0.958525,0,0.82439,0.23143,18.021,0.068,-1,721.049,-1,739.368,-1,625.269,633.553,424.116,-1,-1,-1,-1,-1,-1,-1,-1,-1,2,0,2,0,2,0,0,0,2,2,2,2,2,2,2,2,2
70,6522.507,-4022.957,410.677,133.218,-0.657530,-0.701342,-0.275270,0.699766,-0.703896,0.121893,-0.279250,-0.112476,0.953608,0,0.82371,0.23281,22.669,-0.011,-1,682.115,-1,717.219,-1,600.352,611.863,412.132,-1,-1,-1,-1,-1,-1,-1,-1,-1,2,0,2,0,2,0,0,0,2,2,2,2,2,2,2,2,2
71,6506.393,-4006.475,406.130,133.075,-0.652954,-0.698290,-0.293329,0.698375,-0.704972,0.123642,-0.293126,-0.124121,0.947983,0,0.82237,0.23557,23.051,-0.143,-1,643.227,-1,694.377,-1,574.001,589.077,394.417,-1,-1,-1,-1,-1,-1,-1,-1,-1,2,0,2,0,2,0,0,0,2,2,2,2,2,2,2,2,2
72,6490.096,-3989.486,400.585,132.811,-0.647518,-0.696804,-0.308520,0.698980,-0.704347,0.123783,-0.303558,-0.135498,0.943129,0,0.82034,0.23972,23.542,-0.264,-1,615.192,-1,676.746,-1,554.167,571.226,379.427,-1,-1,-1,-1,-1,1006.022,-1,-1,-1,2,0,2,0,2,0,0,0,2,2,2,2,2,0,2,2,2
73,6473.487,-3971.883,394.190,132.548,-0.643139,-0.696488,-0.318240,0.700690,-0.702904,0.122308,-0.308878,-0.144326,0.940087,0,0.81766,0.24523,24.202,-0.264,-1,601.961,-1,667.207,-1,544.145,561.123,367.036,-1,-1,-1,-1,-1,975.500,-1,-1,-1,2,0,2,0,2,0,0,0,2,2,2,2,2,0,2,2,2
74,6456.545,-3953.586,386.955,132.308,-0.640207,-0.697105,-0.322769,0.703374,-0.700862,0.118567,-0.308870,-0.151120,0.939022,0,0.81489,0.25091,24.936,-0.239,-1,603.919,-1,666.401,-1,543.592,558.821,355.301,-1,-1,-1,-1,-1,959.529,-1,-1,-1,2,0,2,0,2,0,0,0,2,2,2,2,2,0,2,2,2
75,6439.457,-3934.565,378.807,132.116,-0.638727,-0.698217,-0.323297,0.706489,-0.698637,0.113045,-0.304798,-0.156201,0.939521,0,0.81214,0.25654,25.570,-0.192,1007.201,616.075,-1,671.657,-1,550.387,562.549,345.578,-1,-1,-1,-1,-1,953.939,-1,-1,-1,0,0,2,0,2,0,0,0,2,2,2,2,2,0,2,2,2
76,6422.352,-3914.857,370.098,131.924,-0.637617,-0.700608,-0.320301,0.710028,-0.695772,0.108454,-0.298840,-0.158270,0.941087,0,0.80952,0.26192,26.096,-0.192,-1,630.133,-1,677.742,-1,559.276,568.042,337.847,-1,-1,-1,-1,-1,952.983,-1,-1,-1,2,0,2,0,2,0,0,0,2,2,2,2,2,0,2,2,2
77,6405.313,-3894.555,361.015,131.761,-0.636561,-0.703819,-0.315324,0.712919,-0.692957,0.107509,-0.294173,-0.156364,0.942875,0,0.80678,0.26753,26.504,-0.163,-1,641.246,-1,677.504,-1,562.052,568.413,333.942,-1,-1,-1,-1,-1,950.428,-1,-1,-1,2,0,2,0,2,0,0,0,2,2,2,2,2,0,2,2,2
78,6385.109,-3870.111,350.584,131.747,-0.637431,-0.708814,-0.302101,0.714267,-0.690637,0.113328,-0.288971,-0.143542,0.946516,0,0.80409,0.27306,31.713,-0.015,-1,663.775,-1,671.397,-1,569.023,569.045,344.353,-1,-1,-1,-1,-1,954.075,-1,-1,-1,2,0,2,0,2,0,0,0,2,2,2,2,2,0,2,2,2
79,6371.719,-3853.701,344.179,131.785,-0.638401,-0.712674,-0.290759,0.714389,-0.689237,0.120837,-0.286519,-0.130573,0.949135,0,0.80167,0.27801,21.180,0.038,-1,682.212,-1,663.781,-1,573.799,568.124,356.926,-1,-1,-1,-1,-1,955.685,919.737,-1,-1,2,0,2,0,2,0,0,0,2,2,2,2,2,0,1,2,2
80,6354.867,-3833.046,335.882,131.777,-0.637945,-0.716968,-0.281039,0.714072,-0.687382,0.132693,-0.288318,-0.116031,0.950479,0,0.80025,0.28093,26.658,-0.008,-1,685.213,-1,643.964,-1,569.376,557.805,370.200,748.528,-1,-1,-1,-1,945.150,896.949,-1,-1,2,0,2,0,2,0,0,0,0,2,2,2,2,0,1,2,2
81,6337.777,-3812.238,326.963,131.754,-0.636549,-0.720145,-0.276038,0.713099,-0.685903,0.145007,-0.293761,-0.104538,0.950145,0,0.79816,0.28522,26.926,-0.024,-1,673.043,-1,617.876,-1,556.988,540.740,380.264,667.012,-1,-1,-1,-1,923.061,858.212,-1,-1,2,0,2,0,2,0,0,0,0,2,2,2,2,0,1,2,2
82,6320.443,-3791.287,317.207,131.725,-0.634581,-0.722349,-0.274807,0.711601,-0.684836,0.156920,-0.301549,-0.095975,0.948608,0,0.79593,0.28978,27.192,-0.028,-1,652.798,-1,588.314,-1,538.207,519.198,385.152,607.788,-1,-1,-1,-1,892.414,855.168,-1,-1,2,0,2,0,2,0,0,0,0,2,2,2,2,0,1,2,2
83,6302.932,-3770.229,306.561,131.690,-0.632041,-0.723691,-0.277119,0.709638,-0.684187,0.168230,-0.311348,-0.090326,0.945994,0,0.79363,0.29449,27.387,-0.036,1002.549,625.544,-1,556.110,-1,514.123,493.777,385.884,582.556,-1,-1,-1,-1,854.494,829.321,1003.413,-1,0,0,2,0,2,0,0,0,0,2,2,2,2,0,1,0,2
84,6285.219,-3749.110,294.945,131.632,-0.628841,-0.724570,-0.282060,0.707477,-0.683690,0.179009,-0.322546,-0.086983,0.942549,0,0.79125,0.29938,27.564,-0.058,936.906,593.305,-1,522.082,-1,486.501,465.579,384.545,562.433,-1,-1,-1,-1,811.359,803.531,943.295,-1,0,0,2,0,2,0,0,0,0,2,2,2,2,0,1,0,2
85,6267.229,-3727.976,282.233,131.598,-0.625631,-0.724905,-0.288268,0.704711,-0.683654,0.189737,-0.334617,-0.084441,0.938563,0,0.78871,0.30459,27.754,-0.034,867.271,557.595,-1,486.663,946.988,456.699,435.520,379.992,541.839,-1,-1,-1,-1,764.271,743.076,878.785,967.921,0,0,2,0,0,0,0,0,0,2,2,2,2,0,0,0,0
86,6248.096,-3707.765,268.769,131.907,-0.626415,-0.723756,-0.289450,0.697973,-0.686125,0.205100,-0.347041,-0.073550,0.934961,0,0.38892,0.02186,27.830,0.309,815.817,525.252,-1,449.489,795.110,428.965,405.493,381.553,496.660,-1,-1,-1,-1,720.859,676.900,822.722,838.944,0,0,2,0,0,0,0,0,0,2,2,2,2,0,0,0,0
87,6224.017,-3683.595,252.898,132.510,-0.631321,-0.720248,-0.287537,0.688731,-0.691139,0.219037,-0.356489,-0.059753,0.932387,0,0.38858,0.02328,34.117,0.602,769.284,499.012,-1,417.407,669.162,406.034,379.845,385.079,461.344,-1,-1,-1,-1,680.365,621.102,770.498,725.988,0,0,2,0,0,0,0,0,0,2,2,2,2,0,0,0,0
88,6207.482,-3667.213,243.266,132.953,-0.636835,-0.716725,-0.284161,0.684034,-0.695274,0.220661,-0.355723,-0.053851,0.933039,0,0.38872,0.02272,23.276,0.444,756.164,492.521,983.097,410.787,639.847,402.007,374.822,385.566,447.560,-1,-1,-1,-1,665.871,612.357,751.902,703.447,0,0,0,0,0,0,0,0,0,2,2,2,2,0,0,0,0
89,6186.751,-3647.523,234.278,133.576,-0.647764,-0.711890,-0.271320,0.680800,-0.700744,0.213232,-0.341924,-0.046590,0.938572,0,0.38887,0.02206,28.591,0.622,780.015,510.038,986.869,428.374,675.997,420.434,391.346,392.714,440.896,-1,-1,-1,-1,675.706,647.773,765.720,634.333,0,0,0,0,0,0,0,0,0,2,2,2,2,0,0,0,1
90,6165.653,-3628.017,229.136,134.018,-0.660788,-0.706669,-0.252938,0.683845,-0.705733,0.185195,-0.309379,-0.050596,0.949592,0,0.38926,0.02045,28.734,0.442,853.725,557.722,-1,492.910,867.201,471.872,445.402,397.641,469.306,-1,-1,-1,-1,714.776,757.546,820.700,609.939,0,0,2,0,0,0,0,0,0,2,2,2,2,0,0,0,1
91,6144.356,-3607.851,226.285,134.164,-0.670695,-0.702551,-0.237887,0.690569,-0.708496,0.145422,-0.270708,-0.066743,0.960345,0,0.38921,0.02067,29.330,0.146,928.968,600.082,-1,589.789,-1,538.441,523.211,394.805,532.385,-1,-1,-1,-1,763.123,887.510,884.494,594.161,0,0,2,0,2,0,0,0,0,2,2,2,2,0,0,0,1
92,6123.249,-3587.820,224.275,134.211,-0.676833,-0.699828,-0.228339,0.695732,-0.709483,0.112211,-0.240531,-0.082914,0.967094,0,0.38837,0.02414,29.099,0.048,978.342,631.062,-1,677.748,-1,588.330,594.012,393.217,608.721,-1,-1,-1,-1,798.268,992.165,930.860,-1,0,0,2,0,2,0,0,0,0,2,2,2,2,0,0,0,2
93,6102.125,-3568.113,222.072,134.303,-0.681681,-0.698111,-0.218979,0.698473,-0.710044,0.089294,-0.217822,-0.092081,0.971635,0,0.38728,0.02868,28.889,0.092,-1,650.534,-1,741.819,-1,628.946,646.508,399.892,666.096,-1,-1,-1,-1,822.377,-1,966.984,-1,2,0,2,0,2,0,0,0,0,2,2,2,2,0,2,0,2
94,6081.057,-3548.682,219.502,134.468,-0.686087,-0.696818,-0.209117,0.698953,-0.711086,0.076297,-0.201865,-0.093816,0.974910,0,0.38628,0.03281,28.660,0.165,-1,663.626,-1,781.301,-1,646.142,677.529,412.612,689.272,-1,625.798,468.933,-1,838.018,-1,990.676,-1,2,0,2,0,2,0,0,0,0,2,0,0,2,0,2,0,2
95,6060.165,-3529.381,216.405,134.726,-0.690676,-0.695137,-0.199376,0.697323,-0.713226,0.071051,-0.191590,-0.089957,0.977344,0,0.38546,0.03624,28.443,0.258,-1,667.971,-1,803.499,-1,652.353,696.527,429.597,693.289,-1,504.239,456.409,-1,846.216,-1,-1,-1,2,0,2,0,2,0,0,0,0,2,0,0,2,0,2,2,2
96,6039.340,-3510.115,212.355,135.017,-0.695255,-0.693260,-0.189764,0.694839,-0.715816,0.069330,-0.183900,-0.083653,0.979379,0,0.38483,0.03883,28.370,0.292,-1,669.505,-1,811.948,-1,653.593,699.196,447.899,691.444,-1,484.475,452.075,-1,846.326,-1,-1,-1,2,0,2,0,2,0,0,0,0,2,0,0,2,0,2,2,2
97,6018.587,-3490.850,207.132,135.330,-0.699909,-0.691068,-0.180424,0.691899,-0.718710,0.068785,-0.177208,-0.076692,0.981181,0,0.38426,0.04119,28.317,0.313,-1,666.878,-1,811.604,-1,650.784,693.764,464.567,683.825,-1,467.828,447.180,-1,844.129,-1,-1,-1,2,0,2,0,2,0,0,0,0,2,0,0,2,0,2,2,2
98,5997.898,-3471.599,200.649,135.649,-0.704541,-0.688650,-0.171414,0.688757,-0.721735,0.068639,-0.170984,-0.069704,0.982805,0,0.38371,0.04348,28.260,0.319,-1,660.856,-1,807.976,-1,642.708,685.741,479.010,664.152,-1,460.125,441.160,-1,839.857,-1,-1,-1,2,0,2,0,2,0,0,0,0,2,0,0,2,0,2,2,2
99,5977.223,-3452.388,192.876,135.963,-0.709042,-0.686193,-0.162477,0.685608,-0.724717,0.068755,-0.164929,-0.062645,0.984314,0,0.38315,0.04581,28.223,0.314,-1,652.927,-1,801.430,-1,632.465,675.456,490.950,638.242,-1,448.838,431.930,-1,830.850,-1,-1,-1,2,0,2,0,2,0,0,0,0,2,0,0,2,0,2,2,2
100,5956.557,-3433.234,183.811,136.267,-0.713365,-0.683757,-0.153582,0.682504,-0.727599,0.069194,-0.159058,-0.055459,0.985710,0,0.38254,0.04833,28.178,0.304,-1,643.020,-1,791.888,-1,620.025,662.853,500.960,609.083,-1,434.568,419.358,-1,818.905,-1,-1,-1,2,0,2,0,2,0,0,0,0,2,0,0,2,0,2,2,2
101,5935.899,-3414.137,173.457,136.561,-0.717510,-0.681348,-0.144726,0.679452,-0.730376,0.069971,-0.153379,-0.048129,0.986995,0,0.38188,0.05106,28.132,0.294,-1,629.350,-1,772.129,-1,604.620,647.521,509.008,576.046,939.271,417.189,402.584,-1,804.017,-1,-1,-1,2,0,2,0,2,0,0,0,0,0,0,0,2,0,2,2,2
102,5915.236,-3395.121,161.829,136.839,-0.721402,-0.679064,-0.135838,0.676518,-0.732964,0.071318,-0.147994,-0.040449,0.988161,0,0.38117,0.05401,28.082,0.278,-1,613.980,-1,749.463,-1,586.743,627.963,513.666,539.498,872.836,399.568,383.143,-1,786.490,-1,-1,-1,2,0,2,0,2,0,0,0,0,0,0,0,2,0,2,2,2
103,5894.547,-3376.245,149.070,137.105,-0.724968,-0.677015,-0.126774,0.673567,-0.735314,0.074971,-0.143975,-0.031040,0.989094,0,0.38039,0.05723,28.006,0.266,-1,595.614,-1,721.994,-1,565.729,604.864,517.443,499.961,841.596,382.188,364.170,-1,765.091,-1,-1,-1,2,0,2,0,2,0,0,0,0,0,0,0,2,0,2,2,2
104,5873.955,-3357.517,135.726,137.357,-0.727829,-0.674932,-0.121376,0.670293,-0.737560,0.081931,-0.144820,-0.021726,0.989219,0,0.37956,0.06067,27.835,0.252,-1,569.890,-1,685.619,-1,538.493,575.421,519.340,459.718,830.564,378.150,357.147,-1,732.520,961.199,957.654,-1,2,0,2,0,2,0,0,0,0,0,0,0,2,0,0,0,2
105,5853.517,-3338.968,122.214,137.548,-0.729151,-0.673052,-0.123856,0.667027,-0.739421,0.091279,-0.153017,-0.016060,0.988093,0,0.37867,0.06435,27.601,0.191,-1,533.578,-1,640.168,-1,503.333,538.667,514.440,429.072,848.587,394.252,370.357,-1,683.613,882.822,849.836,-1,2,0,2,0,2,0,0,0,0,0,0,0,2,0,0,0,2
106,5833.276,-3320.669,108.708,137.634,-0.728161,-0.671776,-0.136007,0.664107,-0.740587,0.102435,-0.169539,-0.015734,0.985398,0,0.37762,0.06873,27.286,0.086,892.198,487.151,-1,588.427,-1,460.537,495.250,500.593,407.643,884.915,438.196,412.381,-1,618.811,796.874,731.345,-1,0,0,2,0,2,0,0,0,0,0,0,0,2,0,0,0,2
107,5813.973,-3303.109,95.795,137.412,-0.721704,-0.672688,-0.163201,0.663364,-0.739482,0.114514,-0.197716,-0.025617,0.979925,0,0.37630,0.07421,26.096,-0.222,658.456,430.294,945.869,529.344,903.780,409.616,445.641,473.147,399.366,938.561,541.395,513.289,-1,538.238,698.629,595.543,901.563,0,0,0,0,0,0,0,0,0,0,0,0,2,0,0,0,0
108,5796.026,-3286.390,84.021,136.727,-0.706924,-0.674996,-0.211277,0.665534,-0.735936,0.124349,-0.239422,-0.052707,0.969484,0,0.37426,0.08267,24.527,-0.684,470.932,362.190,704.126,465.631,773.377,350.526,389.938,425.566,417.660,974.584,818.755,764.985,-1,445.746,605.117,451.642,739.089,0,0,0,0,0,0,0,0,0,0,0,0,2,0,0,0,0
109,5774.210,-3267.324,70.818,135.959,-0.687788,-0.673949,-0.269703,0.665143,-0.733909,0.137707,-0.290745,-0.084678,0.953046,0,0.37114,0.09557,28.974,-0.768,313.289,289.257,534.898,396.950,632.678,285.077,327.798,376.115,446.328,-1,-1,-1,-1,349.528,501.062,312.420,598.851,0,0,0,0,0,0,0,0,0,2,2,2,2,0,0,0,0
110,5758.550,-3255.056,62.825,135.919,-0.681805,-0.669005,-0.295929,0.660285,-0.736938,0.144729,-0.314906,-0.096721,0.944182,0,0.36681,1.00000,19.893,-0.040,252.015,254.822,466.169,361.002,565.394,252.432,296.425,355.217,455.745,-1,-1,-1,-1,305.523,452.321,250.641,533.563,0,0,0,0,0,0,0,0,0,2,2,2,2,0,0,0,0
111,5737.903,-3239.411,54.595,136.223,-0.682820,-0.663138,-0.306601,0.654282,-0.741778,0.147242,-0.325072,-0.100064,0.940381,0,0.36558,1.00000,25.905,0.304,214.327,230.964,421.007,334.115,524.772,229.087,273.985,345.113,452.952,-1,-1,-1,-1,275.857,416.968,212.760,491.885,0,0,0,0,0,0,0,0,0,2,2,2,2,0,0,0,0
112,5716.206,-3223.340,48.240,136.878,-0.693224,-0.659599,-0.290464,0.649212,-0.746506,0.145784,-0.312992,-0.087512,0.945716,0,0.36484,1.00000,27.001,0.655,214.017,227.001,414.114,324.932,515.637,223.913,268.308,354.269,435.783,-1,-1,-1,-1,271.625,408.012,212.381,479.052,0,0,0,0,0,0,0,0,0,2,2,2,2,0,0,0,0
113,5693.857,-3207.078,43.117,137.808,-0.710363,-0.656732,-0.253154,0.643930,-0.751614,0.142935,-0.284144,-0.061477,0.956809,0,0.36485,1.00000,27.639,0.930,246.835,239.384,437.027,329.205,528.386,232.409,272.041,381.351,404.686,-1,-1,-1,-1,287.378,414.060,239.951,485.110,0,0,0,0,0,0,0,0,0,2,2,2,2,0,0,0,0
114,5671.309,-3190.636,38.310,138.871,-0.730211,-0.652277,-0.203290,0.637664,-0.757485,0.140004,-0.245310,-0.027398,0.969057,0,0.36547,1.00000,27.906,1.062,307.119,259.529,485.140,338.348,554.009,248.115,281.153,421.888,370.777,-1,966.896,913.647,-1,317.886,430.304,290.679,508.537,0,0,0,0,0,0,0,0,0,2,0,0,2,0,0,0,0
115,5649.339,-3173.731,34.100,139.671,-0.745531,-0.647108,-0.159479,0.632911,-0.762398,0.134806,-0.208820,-0.000434,0.977954,0,0.36634,1.00000,27.721,0.800,374.853,279.691,555.066,348.010,573.394,263.666,291.536,462.293,350.792,981.870,715.693,680.642,-1,348.730,456.493,339.461,535.118,0,0,0,0,0,0,0,0,0,0,0,0,2,0,0,0,0
116,5627.705,-3156.985,30.880,140.239,-0.755899,-0.641544,-0.130527,0.628915,-0.766953,0.127468,-0.181885,0.014263,0.983216,0,0.36650,1.00000,27.358,0.568,428.092,292.811,635.147,356.980,607.573,271.958,298.053,486.714,223.990,927.546,616.096,580.643,-1,369.283,477.997,376.029,569.991,0,0,0,0,0,0,0,0,1,0,0,0,2,0,0,0,0
117,5606.276,-3140.999,28.687,140.662,-0.762699,-0.636186,-0.116435,0.625101,-0.771314,0.119678,-0.165945,0.018495,0.985961,0,0.36608,1.00000,26.735,0.423,455.334,296.363,722.658,360.124,635.604,273.275,298.931,496.708,233.010,894.260,578.822,552.481,988.474,376.960,491.408,386.829,601.282,0,0,0,0,0,0,0,0,1,0,0,0,0,0,0,0,0
118,5584.523,-3126.445,27.392,141.206,-0.769489,-0.628934,-0.111030,0.618546,-0.777193,0.115635,-0.159018,0.020303,0.987067,0,0.36533,1.00000,26.173,0.544,459.750,291.550,791.989,355.200,641.230,268.572,293.681,504.097,237.380,895.730,587.777,564.116,976.161,372.663,492.989,385.608,607.870,0,0,0,0,0,0,0,0,1,0,0,0,0,0,0,0,0
119,5562.393,-3113.247,26.578,141.950,-0.777625,-0.619177,-0.109170,0.608644,-0.784886,0.116216,-0.157644,0.023927,0.987206,0,0.36495,1.00000,25.767,0.744,468.688,283.165,787.784,344.024,631.566,259.941,283.943,515.157,372.242,925.556,621.699,596.840,-1,362.970,480.880,380.646,596.359,0,0,0,0,0,0,0,0,0,0,0,0,2,0,0,0,0
120,5540.176,-3100.629,26.073,142.758,-0.786096,-0.608570,-0.108148,0.597583,-0.792984,0.118623,-0.157950,0.028622,0.987032,0,0.36514,1.00000,25.550,0.808,478.899,275.343,467.867,331.257,616.591,250.619,273.191,526.379,379.688,967.705,664.334,636.607,-1,352.194,464.553,374.763,574.509,0,0,1,0,0,0,0,0,0,0,0,0,2,0,0,0,0
121,5518.156,-3087.582,25.617,143.412,-0.793228,-0.599989,-0.103938,0.588843,-0.799285,0.120033,-0.155095,0.034011,0.987314,0,0.36549,1.00000,25.595,0.654,506.444,270.559,442.915,322.172,608.429,243.897,266.037,539.930,385.735,1001.325,693.230,663.582,-1,348.306,455.464,375.098,565.546,0,0,1,0,0,0,0,0,0,0,0,0,2,0,0,0,0
122,5496.670,-3073.654,25.038,143.825,-0.798405,-0.594613,-0.094791,0.583810,-0.803000,0.119820,-0.147364,0.040325,0.988260,0,0.36538,1.00000,25.605,0.413,596.863,269.552,419.529,320.051,614.319,241.540,262.773,556.916,389.541,-1,698.618,668.939,-1,352.901,458.524,384.385,574.739,0,0,1,0,0,0,0,0,0,2,0,0,2,0,0,0,0
123,5471.823,-3055.861,24.135,144.015,-0.802133,-0.592192,-0.076757,0.582464,-0.804248,0.117983,-0.131601,0.049930,0.990045,0,0.36458,1.00000,30.561,0.190,883.683,273.362,391.255,324.136,656.057,245.225,264.601,587.139,389.379,-1,676.440,648.986,997.651,368.547,483.705,441.089,661.128,0,0,1,0,0,0,0,0,0,2,0,0,0,0,0,0,0
124,5456.738,-3042.927,23.461,143.757,-0.800810,-0.595482,-0.064065,0.587030,-0.801618,0.113156,-0.118738,0.053009,0.991510,0,0.36273,1.00000,19.870,-0.258,-1,277.478,387.608,332.782,702.251,250.276,271.317,602.295,390.994,996.169,653.975,624.233,912.223,386.182,520.620,503.567,781.691,2,0,1,0,0,0,0,0,0,0,0,0,0,0,0,0,0
125,5440.114,-3025.996,22.605,143.084,-0.795370,-0.604173,-0.048594,0.597539,-0.795026,0.104311,-0.101656,0.053929,0.993357,0,0.36046,1.00000,23.728,-0.673,-1,288.055,-1,354.900,763.783,258.612,283.916,612.328,393.769,961.211,618.630,593.300,800.909,428.996,587.768,650.435,905.383,2,0,2,0,0,0,0,0,0,0,0,0,0,0,0,0,0
126,5426.990,-3008.506,21.841,141.965,-0.784761,-0.618759,-0.035894,0.613888,-0.783951,0.092530,-0.085393,0.050579,0.995063,0,0.35672,1.00000,21.866,-1.118,-1,301.546,-1,380.388,825.207,268.262,300.255,613.613,397.273,925.500,584.559,564.957,726.107,470.840,681.465,971.225,-1,2,0,2,0,0,0,0,0,0,0,0,0,0,0,0,0,2
127,5417.258,-2993.889,21.640,141.386,-0.779472,-0.626128,-0.019668,0.622567,-0.777759,0.086616,-0.069530,0.055270,0.996048,0,0.35192,1.00000,17.561,-0.580,-1,319.597,-1,407.959,863.753,281.988,317.307,632.811,393.660,916.071,553.853,525.271,641.226,561.948,757.681,-1,-1,2,0,2,0,0,0,0,0,0,0,0,0,0,0,0,2,2
128,5409.171,-2980.557,21.958,140.639,-0.772088,-0.635515,0.000823,0.633319,-0.769313,0.084051,-0.052783,0.065416,0.996461,0,0.34878,1.00000,15.593,-0.746,-1,343.625,-1,437.600,898.072,303.962,337.469,669.656,384.919,920.043,522.412,488.025,555.046,690.354,828.849,-1,-1,2,0,2,0,0,0,0,0,0,0,0,0,0,0,0,2,2
129,5402.771,-2967.189,22.447,139.611,-0.761081,-0.648434,0.016997,0.647486,-0.757874,0.079929,-0.038947,0.071837,0.996656,0,0.34540,1.00000,14.820,-1.028,-1,368.827,-1,468.733,921.717,313.476,361.941,698.773,378.815,926.180,502.786,462.905,509.172,816.463,869.921,-1,-1,2,0,2,0,0,1,0,0,0,0,0,0,0,0,0,2,2
130,5397.411,-2953.774,22.678,138.394,-0.747406,-0.663827,0.026781,0.663727,-0.744310,0.073952,-0.029158,0.073048,0.996902,0,0.34139,1.00000,14.447,-1.217,-1,400.487,-1,496.430,938.339,300.931,382.242,710.202,376.231,931.256,493.892,450.222,487.190,895.739,901.932,-1,-1,2,0,2,0,0,1,0,0,0,0,0,0,0,0,0,2,2
131,5390.432,-2941.815,22.719,137.624,-0.738583,-0.672985,0.039833,0.673857,-0.735178,0.073697,-0.020313,0.081273,0.996485,0,0.33695,1.00000,13.846,-0.770,-1,433.612,-1,520.159,935.219,367.471,398.050,743.393,368.701,950.323,489.097,440.337,458.296,983.014,918.858,-1,-1,2,0,2,0,0,0,0,0,0,0,0,0,0,0,0,2,2
132,5382.323,-2931.457,22.724,137.360,-0.735538,-0.675508,0.051698,0.677306,-0.731456,0.078916,-0.015493,0.093061,0.995540,0,0.33367,1.00000,13.155,-0.264,-1,457.441,-1,524.619,908.803,379.334,407.145,789.931,359.577,982.931,493.952,439.868,439.187,-1,917.890,-1,-1,2,0,2,0,0,0,0,0,0,0,0,0,0,2,0,2,2
133,5373.651,-2923.274,22.781,137.663,-0.739089,-0.670895,0.060398,0.673392,-0.733610,0.091429,-0.017030,0.108245,0.993978,0,0.33172,1.00000,11.923,0.303,-1,466.255,-1,510.888,854.143,379.307,401.520,853.360,349.105,-1,513.891,453.549,427.846,-1,892.292,-1,-1,2,0,2,0,0,0,0,0,0,2,0,0,0,2,0,2,2
134,5364.358,-2916.973,22.688,138.331,-0.746776,-0.661762,0.066308,0.664639,-0.738950,0.110493,-0.024122,0.126584,0.991663,0,0.57303,0.68828,11.228,0.668,-1,461.213,-1,481.023,774.047,323.569,383.550,938.457,337.013,-1,547.339,480.160,421.640,-1,844.330,-1,-1,2,0,2,0,0,1,0,0,0,2,0,0,0,2,0,2,2
135,5354.886,-2911.166,22.834,138.987,-0.754180,-0.653095,0.068402,0.655901,-0.744172,0.126497,-0.031712,0.140267,0.989606,0,0.57414,0.68563,11.111,0.656,-1,452.768,-1,452.267,716.593,233.840,366.780,-1,328.822,-1,583.263,511.104,423.757,-1,801.709,-1,-1,2,0,2,0,0,1,0,2,0,2,0,0,0,2,0,2,2
136,5345.187,-2906.092,23.665,139.620,-0.761307,-0.644648,0.069577,0.647461,-0.750076,0.134835,-0.034733,0.147699,0.988422,0,0.57525,0.68296,10.946,0.633,-1,454.990,-1,441.579,697.706,224.227,360.005,-1,327.056,-1,608.076,533.284,429.661,-1,783.733,-1,-1,2,0,2,0,0,1,0,2,0,2,0,0,0,2,0,2,2
137,5335.094,-2901.708,24.937,140.230,-0.768245,-0.636034,0.072524,0.639405,-0.756918,0.135046,-0.030999,0.150120,0.988182,0,0.57636,0.68030,11.004,0.609,-1,471.584,-1,450.650,717.580,215.566,364.844,-1,330.874,-1,612.624,537.596,433.687,-1,793.009,-1,-1,2,0,2,0,0,1,0,2,0,2,0,0,0,2,0,2,2
138,5324.591,-2897.583,26.123,140.849,-0.775313,-0.626792,0.077604,0.631230,-0.764938,0.128135,-0.020952,0.148331,0.988716,0,0.57745,0.67768,11.284,0.619,-1,502.255,-1,476.175,782.035,207.588,379.762,-1,338.634,-1,598.456,521.636,434.028,-1,831.336,-1,-1,2,0,2,0,0,1,0,2,0,2,0,0,0,2,0,2,2
139,5313.760,-2893.411,26.830,141.452,-0.782071,-0.617398,0.084761,0.623166,-0.773606,0.114877,-0.005353,0.142662,0.989757,0,0.57857,0.67498,11.607,0.603,-1,546.941,-1,516.784,898.057,201.859,405.712,-1,349.465,-1,567.405,483.583,430.358,-1,897.731,-1,-1,2,0,2,0,0,1,0,2,0,2,0,0,0,2,0,2,2
140,5302.456,-2890.157,26.828,142.167,-0.789740,-0.606103,0.094603,0.613310,-0.783311,0.101361,0.012668,0.138070,0.990341,0,0.57958,0.67256,11.764,0.716,-1,603.535,-1,564.483,-1,199.267,436.393,-1,357.982,-1,526.212,443.258,421.891,-1,979.342,-1,-1,2,0,2,0,2,1,0,2,0,2,0,0,0,2,0,2,2
141,5290.768,-2887.782,26.000,143.054,-0.798794,-0.592143,0.106278,0.600755,-0.794506,0.088624,0.031960,0.134639,0.990379,0,0.58116,0.66875,11.926,0.887,-1,666.488,-1,615.583,-1,471.107,470.655,1006.697,364.954,-1,484.157,401.723,409.765,-1,-1,-1,-1,2,0,2,0,2,0,0,0,0,2,0,0,0,2,2,2,2
142,5278.720,-2885.633,24.417,143.965,-0.807544,-0.577807,0.118370,0.587465,-0.805841,0.074199,0.052515,0.129458,0.990193,0,0.58357,0.66298,12.238,0.911,-1,736.431,-1,666.854,-1,509.764,507.633,973.209,372.019,944.707,444.446,357.646,397.043,-1,-1,-1,-1,2,0,2,0,2,0,0,0,0,0,0,0,0,2,2,2,2
143,5266.320,-2883.877,22.085,144.967,-0.816645,-0.562322,0.129946,0.572532,-0.817720,0.059510,0.072795,0.122997,0.989734,0,0.58606,0.65698,12.524,1.001,-1,809.707,-1,714.894,-1,549.378,545.914,932.169,377.721,875.430,398.658,320.225,385.257,-1,-1,-1,-1,2,0,2,0,2,0,0,0,0,0,0,0,0,2,2,2,2
144,5253.564,-2882.277,18.972,145.998,-0.825527,-0.546761,0.139851,0.556870,-0.829406,0.044511,0.091656,0.114624,0.989172,0,0.58896,0.65003,12.855,1.031,-1,863.846,-1,761.351,-1,585.701,582.260,881.012,384.135,804.025,358.402,287.654,255.196,-1,-1,-1,-1,2,0,2,0,2,0,0,0,0,0,0,0,1,2,2,2,2
145,5240.480,-2880.990,15.167,147.061,-0.834338,-0.531240,0.147187,0.540563,-0.840783,0.029585,0.108035,0.104248,0.988666,0,0.59195,0.64283,13.147,1.063,-1,-1,-1,804.635,-1,615.237,610.957,822.814,391.584,738.011,326.102,261.423,279.275,-1,-1,-1,-1,2,2,2,0,2,0,0,0,0,0,0,0,1,2,2,2,2
146,5227.153,-2879.188,11.050,147.880,-0.840486,-0.520196,0.151591,0.527649,-0.849394,0.010751,0.123168,0.089022,0.988385,0,0.59509,0.63530,13.448,0.819,-1,-1,-1,854.826,-1,641.554,641.767,751.838,403.650,672.079,296.761,239.894,302.299,-1,-1,-1,-1,2,2,2,0,2,0,0,0,0,0,0,0,1,2,2,2,2
147,5213.536,-2876.842,7.093,148.541,-0.844647,-0.511920,0.156554,0.516763,-0.856056,-0.011175,0.139740,0.071462,0.987606,0,0.59707,0.63055,13.818,0.662,-1,-1,-1,920.697,-1,677.833,679.079,683.066,419.265,607.989,265.224,219.865,324.939,-1,-1,-1,-1,2,2,2,0,2,0,0,0,0,0,0,0,1,2,2,2,2
148,5199.815,-2874.135,3.967,149.191,-0.848380,-0.503793,0.162616,0.505926,-0.862016,-0.031119,0.155855,0.055871,0.986199,0,0.29779,0.20925,13.986,0.649,-1,-1,-1,1007.391,-1,716.670,724.801,630.224,435.055,553.456,239.385,201.742,348.400,-1,-1,-1,-1,2,2,2,0,2,0,0,0,0,0,0,0,1,2,2,2,2
149,5186.504,-2871.083,2.549,149.841,-0.852661,-0.494772,0.167837,0.495439,-0.867680,-0.040883,0.165857,0.048293,0.984967,0,0.29830,0.20683,13.657,0.651,-1,-1,-1,-1,-1,747.817,749.975,606.702,443.303,529.151,229.021,195.429,372.662,-1,-1,-1,-1,2,2,2,2,2,0,0,0,0,0,0,0,1,2,2,2,2
150,5173.696,-2867.610,2.855,150.483,-0.857617,-0.484832,0.171553,0.485543,-0.873266,-0.040670,0.169529,0.048417,0.984335,0,0.29877,0.20453,13.270,0.642,-1,-1,-1,-1,-1,761.636,759.625,608.867,441.200,530.063,232.135,199.759,382.436,-1,-1,-1,-1,2,2,2,2,2,0,0,0,0,0,0,0,0,2,2,2,2
151,5161.423,-2863.906,4.608,151.108,-0.863144,-0.474293,0.173288,0.476333,-0.878670,-0.032334,0.167598,0.054634,0.984340,0,0.29920,0.20247,12.820,0.624,-1,-1,-1,-1,-1,760.115,753.781,631.556,434.749,551.507,246.531,213.065,391.656,-1,-1,-1,-1,2,2,2,2,2,0,0,0,0,0,0,0,0,2,2,2,2
152,5149.534,-2860.104,7.371,151.712,-0.868719,-0.463412,0.174860,0.467515,-0.883770,-0.019503,0.163574,0.064807,0.984400,0,0.29958,0.20066,12.482,0.605,-1,-1,-1,-1,-1,755.716,742.863,669.985,425.714,585.414,266.763,230.796,400.753,-1,-1,-1,-1,2,2,2,2,2,0,0,0,0,0,0,0,0,2,2,2,2
153,5138.047,-2856.154,10.681,152.274,-0.873725,-0.453023,0.177127,0.459229,-0.888293,-0.006648,0.160352,0.075533,0.984166,0,0.29990,0.19907,12.147,0.561,-1,-1,-1,988.321,-1,759.405,737.428,714.342,417.569,623.529,287.520,248.844,408.027,-1,-1,-1,-1,2,2,2,0,2,0,0,0,0,0,0,0,0,2,2,2,2
154,5126.742,-2852.071,14.025,152.781,-0.877912,-0.443706,0.179989,0.451556,-0.892238,0.002974,0.159274,0.083886,0.983664,0,0.30014,0.19796,12.020,0.507,-1,-1,-1,975.048,-1,771.415,741.075,755.048,413.031,653.085,305.147,264.579,415.079,-1,-1,-1,-1,2,2,2,0,2,0,0,0,0,0,0,0,0,2,2,2,2
155,5115.457,-2848.136,17.057,153.260,-0.881557,-0.435339,0.182585,0.444146,-0.895916,0.008284,0.159974,0.088397,0.983155,0,0.30024,0.19747,11.951,0.479,-1,-1,-1,983.550,-1,788.354,751.063,783.259,410.658,673.008,318.806,277.637,423.347,-1,-1,-1,-1,2,2,2,0,2,0,0,0,0,0,0,0,0,2,2,2,2
156,5104.178,-2844.581,19.651,153.741,-0.885027,-0.427624,0.184024,0.436628,-0.899592,0.009459,0.161502,0.088722,0.982876,0,0.30028,0.19726,11.826,0.480,-1,-1,-1,-1,-1,805.590,761.941,795.066,413.189,683.214,329.327,288.892,434.204,-1,-1,-1,-1,2,2,2,2,2,0,0,0,0,0,0,0,0,2,2,2,2
157,5092.834,-2841.300,21.682,154.196,-0.888094,-0.420860,0.184841,0.429402,-0.903087,0.006905,0.164022,0.085503,0.982744,0,0.30035,0.19693,11.809,0.455,-1,-1,-1,-1,-1,814.397,781.749,791.974,421.685,684.147,336.381,297.787,446.409,-1,-1,-1,-1,2,2,2,2,2,0,0,0,0,0,0,0,0,2,2,2,2
158,5081.457,-2838.008,22.977,154.579,-0.890585,-0.415700,0.184531,0.423276,-0.905999,0.001835,0.166422,0.079741,0.982825,0,0.30037,0.19681,11.844,0.384,-1,-1,-1,-1,-1,816.081,799.143,777.418,431.531,679.481,341.531,305.395,459.845,-1,-1,-1,-1,2,2,2,2,2,0,0,0,0,0,0,0,0,2,2,2,2
159,5070.125,-2834.752,23.581,154.906,-0.892873,-0.411688,0.182459,0.418146,-0.908373,-0.003368,0.167127,0.073288,0.983208,0,0.30023,0.19748,11.790,0.326,-1,-1,-1,-1,-1,811.962,806.654,758.396,439.766,675.199,347.517,313.787,474.647,-1,-1,-1,-1,2,2,2,2,2,0,0,0,0,0,0,0,0,2,2,2,2
160,5058.914,-2831.486,23.613,155.197,-0.895262,-0.408337,0.178232,0.413724,-0.910371,-0.007554,0.165342,0.066976,0.983959,0,0.29997,0.19877,11.678,0.292,-1,-1,-1,-1,-1,800.446,800.903,737.528,446.632,674.142,355.960,324.332,491.368,-1,-1,-1,-1,2,2,2,2,2,0,0,0,0,0,0,0,0,2,2,2,2
161,5047.856,-2828.182,23.280,155.463,-0.897802,-0.405422,0.172002,0.409855,-0.912090,-0.010538,0.161153,0.061035,0.985040,0,0.29962,0.20045,11.541,0.266,-1,-1,-1,-1,-1,782.530,783.575,716.968,453.069,676.238,367.391,337.538,510.859,-1,-1,-1,-1,2,2,2,2,2,0,0,0,0,0,0,0,0,2,2,2,2
162,5036.830,-2824.811,22.968,155.718,-0.900307,-0.402387,0.165928,0.406167,-0.913720,-0.012019,0.156448,0.056574,0.986065,0,0.29921,0.20243,11.530,0.255,-1,-1,-1,-1,-1,765.138,764.426,701.679,458.944,682.137,380.214,351.673,529.666,-1,-1,-1,-1,2,2,2,2,2,0,0,0,0,0,0,0,0,2,2,2,2
163,5025.873,-2821.310,22.979,155.972,-0.902708,-0.398989,0.161018,0.402438,-0.915368,-0.012034,0.152192,0.053937,0.986878,0,0.29876,0.20462,11.503,0.254,-1,-1,-1,-1,-1,754.192,748.520,693.409,462.936,691.483,393.672,365.947,546.524,-1,-1,-1,-1,2,2,2,2,2,0,0,0,0,0,0,0,0,2,2,2,2
164,5014.988,-2817.744,23.630,156.219,-0.904878,-0.395352,0.157774,0.398742,-0.916998,-0.010929,0.148999,0.053022,0.987415,0,0.29828,0.20691,11.454,0.247,-1,-1,-1,-1,-1,746.427,739.211,692.887,465.196,703.745,407.439,380.081,561.105,-1,-1,-1,-1,2,2,2,2,2,0,0,0,0,0,0,0,0,2,2,2,2
165,5004.091,-2814.204,24.913,156.489,-0.907093,-0.391147,0.155521,0.394619,-0.918799,-0.009197,0.146490,0.053029,0.987790,0,0.36299,0.62603,11.457,0.270,-1,-1,-1,-1,-1,741.320,734.822,697.409,466.621,718.186,421.897,394.701,575.059,-1,-1,-1,-1,2,2,2,2,2,0,0,0,0,0,0,0,0,2,2,2,2
166,4993.216,-2810.652,26.696,156.766,-0.909344,-0.386721,0.153427,0.390382,-0.920628,-0.006742,0.143857,0.053764,0.988137,0,0.36242,0.62831,11.441,0.277,-1,-1,-1,-1,-1,737.084,731.714,705.811,468.051,735.045,438.098,410.833,589.564,-1,-1,-1,-1,2,2,2,2,2,0,0,0,0,0,0,0,0,2,2,2,2
167,4982.339,-2807.190,28.772,157.062,-0.911797,-0.382029,0.150602,0.385865,-0.922546,-0.004041,0.140481,0.054427,0.988586,0,0.36184,0.63059,11.415,0.296,-1,-1,-1,-1,-1,732.414,726.725,714.820,471.498,753.798,456.552,429.203,606.429,-1,-1,-1,-1,2,2,2,2,2,0,0,0,0,0,0,0,0,2,2,2,2
168,4971.427,-2803.839,30.898,157.366,-0.914368,-0.377409,0.146608,0.381256,-0.924467,-0.002001,0.136290,0.054065,0.989193,0,0.36130,0.63271,11.415,0.303,-1,-1,-1,-1,-1,726.476,718.321,720.579,478.155,772.622,476.805,449.635,626.814,-1,-1,-1,-1,2,2,2,2,2,0,0,0,0,0,0,0,0,2,2,2,2
169,4960.427,-2800.624,32.882,157.660,-0.916882,-0.373192,0.141618,0.376792,-0.926297,-0.001505,0.131742,0.051980,0.989920,0,0.36078,0.63479,11.461,0.294,-1,-1,-1,-1,-1,719.383,706.851,720.512,487.441,788.835,497.553,470.720,650.825,-1,-1,-1,-1,2,2,2,2,2,0,0,0,0,0,0,0,0,2,2,2,2
170,4949.248,-2797.579,34.574,157.968,-0.919393,-0.368876,0.136551,0.372063,-0.928205,-0.002351,0.127615,0.048644,0.990630,0,0.36022,0.63700,11.586,0.308,-1,-1,-1,-1,-1,712.490,696.441,715.750,498.109,801.245,517.038,490.501,677.053,-1,-1,-1,-1,2,2,2,2,2,0,0,0,0,0,0,0,0,2,2,2,2
171,4937.851,-2794.770,35.924,158.310,-0.921991,-0.363974,0.132119,0.366721,-0.930323,-0.003783,0.124291,0.044963,0.991227,0,0.35968,0.63913,11.738,0.342,-1,-1,-1,-1,-1,706.753,687.559,708.860,505.776,810.510,534.319,508.435,702.975,-1,-1,-1,-1,2,2,2,2,2,0,0,0,0,0,0,0,0,2,2,2,2
172,4926.308,-2792.057,36.892,158.662,-0.924618,-0.358824,0.127775,0.361200,-0.932476,-0.004876,0.120897,0.041644,0.991791,0,0.35922,0.64096,11.858,0.352,-1,-1,-1,-1,-1,700.579,677.010,701.808,513.227,819.706,550.930,525.889,728.182,-1,-1,-1,-1,2,2,2,2,2,0,0,0,0,0,0,0,0,2,2,2,2
173,4914.659,-2789.420,37.547,159.024,-0.927309,-0.353432,0.123224,0.355509,-0.934657,-0.005442,0.117096,0.038761,0.992364,0,0.35876,0.64277,11.944,0.362,-1,-1,-1,-1,-1,693.587,664.647,695.176,520.394,829.878,567.685,543.695,753.419,-1,-1,-1,-1,2,2,2,2,2,0,0,0,0,0,0,0,0,2,2,2,2
174,4902.943,-2786.846,38.018,159.401,-0.930110,-0.347719,0.118267,0.349586,-0.936890,-0.005248,0.112628,0.036464,0.992968,0,0.35831,0.64457,11.995,0.377,-1,-1,-1,-1,-1,685.692,651.500,689.655,525.098,842.231,585.865,562.725,779.374,-1,-1,-1,-1,2,2,2,2,2,0,0,0,0,0,0,0,0,2,2,2,2
175,4891.180,-2784.409,38.451,159.806,-0.933104,-0.341482,0.112723,0.343211,-0.939249,-0.004301,0.107344,0.034675,0.993617,0,0.35787,0.64631,12.013,0.405,-1,-1,-1,-1,-1,-1,636.818,685.380,528.867,857.362,606.248,583.777,807.150,-1,-1,-1,-1,2,2,2,2,2,2,0,0,0,0,0,0,0,2,2,2,2
176,4879.382,-2782.087,39.014,160.222,-0.936147,-0.335023,0.106717,0.336623,-0.941634,-0.003186,0.101556,0.032941,0.994284,0,0.35749,0.64781,12.024,0.417,-1,-1,-1,-1,-1,-1,621.765,681.642,532.845,874.686,628.690,606.844,838.810,-1,-1,-1,-1,2,2,2,2,2,2,0,0,0,0,0,0,0,2,2,2,2
177,4867.573,-2779.844,39.874,160.632,-0.939080,-0.328677,0.100498,0.330122,-0.943935,-0.002384,0.095647,0.030938,0.994934,0,0.35713,0.64925,12.020,0.409,-1,-1,-1,-1,-1,-1,607.532,678.152,538.909,893.121,652.828,631.672,877.129,-1,-1,-1,-1,2,2,2,2,2,2,0,0,0,0,0,0,0,2,2,2,2
178,4855.698,-2777.919,40.985,161.095,-0.942238,-0.321351,0.094453,0.322698,-0.946501,-0.001068,0.089743,0.029474,0.995529,0,0.35673,0.65081,12.030,0.463,-1,-1,-1,971.100,-1,-1,593.875,676.954,546.249,913.336,678.362,657.781,917.046,-1,-1,-1,-1,2,2,2,0,2,2,0,0,0,0,0,0,0,2,2,2,2
179,4843.794,-2776.350,42.313,161.625,-0.945629,-0.312814,0.089065,0.314107,-0.949388,0.000521,0.084394,0.028469,0.996026,0,0.35648,0.65181,12.007,0.531,-1,-1,-1,941.119,-1,-1,581.627,677.747,553.582,932.626,703.737,683.693,956.617,-1,-1,-1,-1,2,2,2,0,2,2,0,0,0,0,0,0,0,2,2,2,2
180,4829.498,-2775.005,44.060,162.325,-0.949836,-0.301451,0.083300,0.302679,-0.953090,0.002226,0.078721,0.027328,0.996522,0,0.35641,0.65207,14.360,0.700,-1,-1,-1,912.846,-1,-1,568.614,679.396,562.971,954.680,733.354,713.720,1003.255,-1,-1,-1,-1,2,2,2,0,2,2,0,0,0,0,0,0,0,2,2,2,2
181,4819.968,-2774.219,45.187,162.782,-0.952475,-0.294066,0.079474,0.295176,-0.955440,0.002336,0.075245,0.025683,0.996834,0,0.35652,0.65163,9.562,0.457,-1,-1,-1,898.993,-1,-1,560.712,678.009,569.636,966.918,752.455,733.463,-1,-1,-1,-1,-1,2,2,2,0,2,2,0,0,0,0,0,0,2,2,2,2,2
182,4808.028,-2773.430,46.423,163.363,-0.955717,-0.284664,0.074647,0.285591,-0.958350,0.001828,0.071018,0.023065,0.997208,0,0.35657,0.65146,11.966,0.581,-1,-1,-1,883.142,-1,-1,550.912,674.241,580.368,980.441,775.606,758.001,-1,-1,-1,-1,-1,2,2,2,0,2,2,0,0,0,0,0,0,2,2,2,2,2
183,4796.136,-2772.933,47.471,163.974,-0.959015,-0.274731,0.069383,0.275471,-0.961309,0.001155,0.066382,0.020220,0.997589,0,0.35664,0.65116,11.902,0.611,-1,-1,-1,868.310,-1,-1,540.364,669.256,588.212,993.996,799.878,783.772,-1,-1,-1,-1,-1,2,2,2,0,2,2,0,0,0,0,0,0,2,2,2,2,2
184,4784.387,-2772.771,48.417,164.618,-0.962394,-0.264203,0.063210,0.264755,-0.964316,0.000374,0.060855,0.017095,0.998000,0,0.35681,0.65051,11.750,0.645,-1,-1,-1,798.190,-1,-1,536.839,663.131,596.417,-1,827.095,812.566,-1,-1,-1,-1,-1,2,2,2,0,2,2,0,0,0,2,0,0,2,2,2,2,2
185,4772.691,-2772.826,49.259,165.255,-0.965567,-0.253746,0.057387,0.254122,-0.967172,-0.000770,0.055699,0.013840,0.998352,0,0.35709,0.64939,11.696,0.637,-1,-1,-1,747.563,-1,-1,533.794,656.552,604.831,-1,853.643,840.800,-1,-1,-1,-1,-1,2,2,2,0,2,2,0,0,0,2,0,0,2,2,2,2,2
186,4761.085,-2773.163,49.969,165.909,-0.968648,-0.242907,0.052130,0.243140,-0.969989,-0.001911,0.051030,0.010824,0.998638,0,0.35736,0.64833,11.611,0.654,-1,-1,-1,733.485,-1,-1,531.566,650.370,614.141,-1,878.909,867.792,-1,-1,-1,-1,-1,2,2,2,0,2,2,0,0,0,2,0,0,2,2,2,2,2
187,4749.693,-2773.742,50.627,166.549,-0.971501,-0.232263,0.047320,0.232363,-0.972623,-0.003454,0.046826,0.007640,0.998874,0,0.35769,0.64703,11.406,0.639,-1,-1,-1,726.649,-1,-1,530.005,643.805,624.232,-1,902.937,893.507,-1,-1,-1,-1,-1,2,2,2,0,2,2,0,0,0,2,0,0,2,2,2,2,2
188,4738.613,-2774.546,51.280,167.185,-0.974192,-0.221622,0.042823,0.221602,-0.975123,-0.005269,0.042925,0.004357,0.999069,0,0.35801,0.64576,11.110,0.636,-1,-1,-1,929.019,-1,-1,-1,637.144,631.735,-1,926.158,918.451,-1,-1,-1,-1,-1,2,2,2,0,2,2,2,0,0,2,0,0,2,2,2,2,2
189,4727.690,-2775.404,51.885,167.810,-0.976702,-0.211108,0.038559,0.210991,-0.977462,-0.007130,0.039196,0.001172,0.999231,0,0.35836,0.64437,10.956,0.625,-1,-1,-1,943.610,-1,-1,-1,630.740,638.910,-1,948.869,943.156,-1,-1,-1,-1,-1,2,2,2,0,2,2,2,0,0,2,0,0,2,2,2,2,2
190,4717.035,-2776.355,52.517,168.429,-0.979065,-0.200652,0.034198,0.200463,-0.979661,-0.008906,0.035289,-0.001864,0.999375,0,0.35868,0.64308,10.698,0.619,-1,-1,-1,958.196,-1,-1,-1,624.862,646.774,-1,972.764,968.987,-1,-1,-1,-1,-1,2,2,2,0,2,2,2,0,0,2,0,0,2,2,2,2,2
191,4706.493,-2777.237,53.200,169.032,-0.981248,-0.190407,0.029964,0.190171,-0.981694,-0.010561,0.031427,-0.004665,0.999495,0,0.35901,0.64177,10.579,0.603,-1,-1,-1,977.937,-1,-1,-1,619.804,655.431,-1,997.324,995.420,-1,-1,-1,-1,-1,2,2,2,0,2,2,2,0,0,2,0,0,2,2,2,2,2
192,4696.005,-2778.237,53.945,169.650,-0.983358,-0.179842,0.025752,0.179601,-0.983673,-0.011408,0.027383,-0.006593,0.999603,0,0.47341,0.81419,10.535,0.618,-1,-1,-1,-1,-1,-1,-1,616.970,662.550,-1,-1,-1,-1,-1,-1,-1,-1,2,2,2,2,2,2,2,0,0,2,2,2,2,2,2,2,2
193,4685.439,-2779.426,54.691,170.307,-0.985451,-0.168536,0.021962,0.168321,-0.985667,-0.011341,0.023559,-0.007480,0.999694,0,0.47381,0.81297,10.633,0.658,-1,-1,-1,-1,-1,1002.110,-1,616.551,667.659,-1,-1,-1,-1,-1,-1,-1,-1,2,2,2,2,2,0,2,0,0,2,2,2,2,2,2,2,2
194,4674.762,-2780.756,55.436,170.971,-0.987411,-0.157090,0.018495,0.156903,-0.987551,-0.011141,0.020015,-0.008099,0.999767,0,0.47433,0.81141,10.760,0.664,-1,-1,-1,-1,-1,991.099,-1,616.785,669.394,-1,-1,-1,-1,-1,-1,-1,-1,2,2,2,2,2,0,2,0,0,2,2,2,2,2,2,2,2
195,4663.986,-2782.298,56.150,171.639,-0.989231,-0.145562,0.015294,0.145396,-0.989307,-0.011455,0.016798,-0.009108,0.999817,0,0.47484,0.80988,10.885,0.668,-1,-1,-1,-1,-1,981.027,-1,616.082,670.875,-1,-1,-1,-1,-1,-1,-1,-1,2,2,2,2,2,0,2,0,0,2,2,2,2,2,2,2,2
196,4656.301,-2783.731,57.205,172.038,-0.990328,-0.138627,0.005742,0.138517,-0.990223,-0.016449,0.007966,-0.015495,0.999848,0,0.47534,0.80837,7.818,0.399,-1,-1,-1,-1,-1,944.117,982.685,603.686,687.257,-1,-1,-1,-1,-1,-1,-1,-1,2,2,2,2,2,0,0,0,0,2,2,2,2,2,2,2,2
197,4650.788,-2784.883,58.706,172.314,-0.991009,-0.133617,-0.006860,0.133750,-0.990690,-0.025389,-0.003404,-0.026078,0.999654,0,0.47548,0.80797,5.632,0.276,-1,-1,-1,-1,-1,898.743,942.398,583.701,712.307,-1,-1,-1,-1,-1,-1,-1,-1,2,2,2,2,2,0,0,0,0,2,2,2,2,2,2,2,2
198,4646.497,-2785.729,60.685,172.545,-0.991440,-0.129075,-0.019674,0.129729,-0.990868,-0.036745,-0.014751,-0.038983,0.999131,0,0.47555,0.80777,4.374,0.232,-1,-1,-1,-1,-1,862.649,906.819,561.114,744.719,-1,-1,-1,-1,-1,-1,-1,-1,2,2,2,2,2,0,0,0,0,2,2,2,2,2,2,2,2
199,4642.771,-2786.513,63.041,172.778,-0.991768,-0.124304,-0.030725,0.125684,-0.990906,-0.048043,-0.024474,-0.051509,0.998373,0,0.47564,0.80748,3.808,0.232,-1,-1,-1,-1,-1,837.969,880.276,541.808,781.962,-1,-1,-1,-1,-1,-1,-1,-1,2,2,2,2,2,0,0,0,0,2,2,2,2,2,2,2,2
200,4639.658,-2786.254,65.963,173.111,-0.992233,-0.117535,-0.040722,0.119886,-0.990905,-0.061118,-0.033168,-0.065525,0.997299,0,0.47583,0.80691,3.124,0.333,-1,-1,-1,-1,-1,818.986,863.265,520.574,827.145,-1,-1,-1,-1,-1,-1,-1,-1,2,2,2,2,2,0,0,0,0,2,2,2,2,2,2,2,2
201,4636.863,-2786.231,69.208,173.365,-0.992520,-0.112228,-0.048053,0.115458,-0.990790,-0.070743,-0.039671,-0.075762,0.996336,0,0.47630,0.80550,2.795,0.254,-1,-1,-1,-1,-1,808.555,854.427,508.866,862.910,-1,-1,-1,-1,-1,-1,-1,-1,2,2,2,2,2,0,0,0,0,2,2,2,2,2,2,2,2
202,4634.125,-2786.241,72.610,173.634,-0.992905,-0.106886,-0.052097,0.110769,-0.990746,-0.078436,-0.043231,-0.083651,0.995557,0,0.47660,0.80459,2.738,0.270,-1,-1,-1,-1,-1,807.993,855.457,502.750,898.148,-1,-1,-1,-1,-1,-1,-1,-1,2,2,2,2,2,0,0,0,0,2,2,2,2,2,2,2,2
203,4631.508,-2786.421,76.061,173.884,-0.993313,-0.102120,-0.053867,0.106429,-0.990738,-0.084330,-0.044756,-0.089499,0.994981,0,0.47697,0.80348,2.623,0.250,-1,-1,-1,-1,-1,813.831,862.793,500.893,928.623,-1,-1,-1,-1,-1,-1,-1,-1,2,2,2,2,2,0,0,0,0,2,2,2,2,2,2,2,2
204,4629.003,-2786.840,79.373,174.094,-0.993691,-0.098240,-0.054098,0.102792,-0.990711,-0.089029,-0.044850,-0.094028,0.994559,0,0.47732,0.80242,2.539,0.210,-1,-1,-1,-1,-1,823.557,874.122,501.266,952.600,-1,-1,-1,-1,-1,-1,-1,-1,2,2,2,2,2,0,0,0,0,2,2,2,2,2,2,2,2
205,4626.631,-2787.505,82.375,174.253,-0.993998,-0.095337,-0.053661,0.100030,-0.990638,-0.092895,-0.044302,-0.097705,0.994229,0,0.47760,0.80160,2.464,0.159,-1,-1,-1,-1,-1,834.297,886.676,502.462,973.988,-1,-1,-1,-1,-1,-1,-1,-1,2,2,2,2,2,0,0,0,0,2,2,2,2,2,2,2,2
206,4624.317,-2788.261,84.885,174.405,-0.994300,-0.092607,-0.052835,0.097402,-0.990520,-0.096860,-0.043364,-0.101455,0.993895,0,0.47777,0.80108,2.434,0.152,-1,-1,-1,-1,-1,844.882,900.045,502.327,997.259,-1,-1,-1,-1,-1,-1,-1,-1,2,2,2,2,2,0,0,0,0,2,2,2,2,2,2,2,2
207,4621.982,-2789.087,86.771,174.551,-0.994595,-0.089988,-0.051797,0.094873,-0.990331,-0.101211,-0.042188,-0.105578,0.993516,0,0.47794,0.80057,2.476,0.146,-1,-1,-1,-1,-1,854.481,911.886,500.027,-1,-1,-1,-1,-1,-1,-1,-1,-1,2,2,2,2,2,0,0,0,2,2,2,2,2,2,2,2,2
208,4619.667,-2789.884,88.025,174.690,-0.994863,-0.087440,-0.051004,0.092469,-0.990014,-0.106408,-0.041190,-0.110578,0.993014,0,0.42017,0.60199,2.449,0.139,-1,-1,-1,-1,-1,861.656,921.578,494.705,-1,-1,-1,-1,-1,-1,-1,-1,-1,2,2,2,2,2,0,0,0,2,2,2,2,2,2,2,2,2
209,4617.363,-2790.594,88.691,174.810,-0.995092,-0.085160,-0.050395,0.090383,-0.989529,-0.112534,-0.040284,-0.116536,0.992369,0,0.42028,0.60160,2.411,0.120,-1,-1,-1,-1,-1,866.665,929.674,486.467,-1,-1,-1,-1,-1,-1,-1,-1,-1,2,2,2,2,2,0,0,0,2,2,2,2,2,2,2,2,2
210,4615.047,-2791.222,88.852,174.914,-0.995296,-0.083162,-0.049708,0.088589,-0.988887,-0.119390,-0.039226,-0.123232,0.991602,0,0.42033,0.60144,2.400,0.104,-1,-1,-1,-1,-1,870.653,937.270,476.059,-1,-1,-1,-1,-1,-1,-1,-1,-1,2,2,2,2,2,0,0,0,2,2,2,2,2,2,2,2,2
211,4612.741,-2791.723,88.665,175.026,-0.995518,-0.081016,-0.048798,0.086638,-0.988113,-0.126994,-0.037929,-0.130653,0.990702,0,0.42032,0.60149,2.361,0.113,-1,-1,-1,-1,-1,874.782,945.104,464.013,-1,-1,-1,-1,-1,-1,-1,-1,-1,2,2,2,2,2,0,0,0,2,2,2,2,2,2,2,2,2
212,4610.547,-2792.140,88.378,175.154,-0.995758,-0.078604,-0.047834,0.084430,-0.987195,-0.135341,-0.036583,-0.138805,0.989644,0,0.42031,0.60152,2.233,0.127,-1,-1,-1,-1,-1,878.721,953.168,450.997,-1,-1,-1,-1,-1,-1,-1,-1,-1,2,2,2,2,2,0,0,0,2,2,2,2,2,2,2,2,2
213,4608.461,-2792.673,88.108,175.259,-0.995978,-0.076673,-0.046352,0.082593,-0.986217,-0.143364,-0.034721,-0.146616,0.988584,0,0.42035,0.60137,2.153,0.106,-1,-1,-1,-1,-1,884.511,963.363,439.004,-1,-1,-1,-1,-1,-1,-1,-1,-1,2,2,2,2,2,0,0,0,2,2,2,2,2,2,2,2,2
214,4606.514,-2793.240,87.992,175.363,-0.996212,-0.074928,-0.044128,0.080794,-0.985211,-0.151104,-0.032153,-0.154097,0.987532,0,0.42037,0.60133,2.027,0.104,-1,-1,-1,-1,-1,893.391,976.918,428.257,-1,-1,-1,-1,-1,-1,-1,-1,-1,2,2,2,2,2,0,0,0,2,2,2,2,2,2,2,2,2
