timestep,x_cm,y_cm,z_cm,yaw_deg,basis_xx,basis_xy,basis_xz,basis_yx,basis_yy,basis_yz,basis_zx,basis_zy,basis_zz,teleport_flag,throttle_cmd,steering_cmd,cmd_move_cm,cmd_turn_deg,lidar_cm_0,lidar_cm_1,lidar_cm_2,lidar_cm_3,lidar_cm_4,lidar_cm_5,lidar_cm_6,lidar_cm_7,lidar_cm_8,lidar_cm_9,lidar_cm_10,lidar_cm_11,lidar_cm_12,lidar_cm_13,lidar_cm_14,lidar_cm_15,lidar_cm_16,lidar_class_0,lidar_class_1,lidar_class_2,lidar_class_3,lidar_class_4,lidar_class_5,lidar_class_6,lidar_class_7,lidar_class_8,lidar_class_9,lidar_class_10,lidar_class_11,lidar_class_12,lidar_class_13,lidar_class_14,lidar_class_15,lidar_class_16
0,6227.895,9514.345,-213.468,135.841,-0.718695,-0.694967,-0.022303,0.694381,-0.715679,-0.075097,0.036228,-0.069459,0.996927,1,0.08000,-0.12000,4.800,-0.240,500.000,175.000,225.000,150.000,375.000,150.000,150.000,300.000,375.000,-1,250.000,275.000,-1,200.000,200.000,275.000,250.000,1,1,1,1,1,1,1,0,0,2,0,0,2,1,1,1,1
1,6221.065,9521.093,-211.728,135.361,-0.712896,-0.701077,-0.016452,0.699984,-0.709972,-0.077222,0.042459,-0.066567,0.996878,0,0.16000,-0.24000,9.600,-0.480,500.000,175.000,225.000,150.000,400.000,150.000,150.000,300.000,375.000,-1,225.000,250.000,-1,200.000,200.000,275.000,250.000,1,1,1,1,1,1,1,0,0,2,0,0,2,1,1,1,1
2,6210.949,9531.343,-209.024,134.641,-0.704008,-0.710154,-0.007362,0.708280,-0.701314,-0.080613,0.052085,-0.061966,0.996718,0,0.24000,-0.36000,14.400,-0.720,475.000,150.000,225.000,150.000,425.000,150.000,150.000,325.000,375.000,-1,200.000,200.000,-1,200.000,200.000,275.000,250.000,1,1,1,1,1,1,1,0,0,2,0,0,2,1,1,1,1
3,6197.692,9545.234,-205.202,133.681,-0.691775,-0.722093,0.005341,0.719157,-0.689593,-0.085293,0.065273,-0.055163,0.996342,0,0.32000,-0.48000,19.200,-0.960,450.000,150.000,225.000,175.000,475.000,150.000,150.000,350.000,375.000,-1,175.000,150.000,-1,200.000,200.000,250.000,275.000,1,1,1,1,1,1,1,0,0,2,0,0,2,1,1,1,1
4,6181.486,9562.941,-200.075,132.481,-0.675821,-0.736734,0.022121,0.732464,-0.674647,-0.091372,0.082240,-0.045548,0.995571,0,0.40000,-0.60000,24.000,-1.200,425.000,150.000,225.000,175.000,550.000,125.000,150.000,375.000,375.000,-1,150.000,125.000,925.000,200.000,200.000,250.000,275.000,1,1,1,1,1,1,1,0,0,2,0,0,0,1,1,1,1
5,5575.431,6231.363,-260.231,-45.263,0.703526,0.709824,0.034660,-0.710588,0.703345,0.019226,-0.010731,-0.038155,0.999214,1,0.00000,0.00000,28.800,-1.440,-1,375.000,-1,375.000,-1,300.000,300.000,300.000,300.000,-1,700.000,575.000,425.000,675.000,650.000,-1,-1,2,0,2,0,2,0,0,0,0,2,1,1,1,0,0,2,2
6,5578.795,6227.939,-260.262,-45.503,0.700556,0.712763,0.034490,-0.713522,0.700365,0.019367,-0.010351,-0.038178,0.999217,0,0.08000,-0.12000,4.800,-0.240,-1,375.000,-1,375.000,-1,300.000,300.000,300.000,300.000,-1,675.000,600.000,425.000,675.000,650.000,-1,-1,2,0,2,0,2,0,0,0,0,2,0,1,1,0,0,2,2
7,5585.466,6221.035,-260.322,-45.983,0.694580,0.718604,0.034150,-0.719351,0.694368,0.019655,-0.009589,-0.038218,0.999223,0,0.16000,-0.24000,9.600,-0.480,-1,375.000,-1,375.000,-1,300.000,300.000,300.000,300.000,-1,675.000,600.000,425.000,675.000,650.000,-1,-1,2,0,2,0,2,0,0,0,0,2,0,1,1,0,0,2,2
8,5595.341,6210.555,-260.403,-46.703,0.685525,0.727272,0.033641,-0.728000,0.685282,0.020100,-0.008436,-0.038269,0.999232,0,0.24000,-0.36000,14.400,-0.720,-1,375.000,-1,375.000,-1,300.000,300.000,300.000,300.000,-1,650.000,625.000,450.000,675.000,650.000,-1,-1,2,0,2,0,2,0,0,0,0,2,0,1,1,0,0,2,2
9,5608.296,6196.384,-260.478,-47.566,0.674521,0.737520,0.032950,-0.738222,0.674243,0.020601,-0.007022,-0.038220,0.999245,0,0.32000,-0.43185,19.200,-0.864,-1,375.000,-1,375.000,-1,300.000,300.000,300.000,300.000,-1,625.000,650.000,450.000,675.000,650.000,-1,-1,2,0,2,0,2,0,0,0,0,2,0,1,1,0,0,2,2
10,5624.224,6178.431,-260.558,-48.419,0.663517,0.747473,0.032094,-0.748142,0.663198,0.021251,-0.005400,-0.038111,0.999259,0,0.40000,-0.42623,24.000,-0.852,-1,375.000,-1,375.000,-1,300.000,300.000,300.000,300.000,-1,600.000,650.000,475.000,675.000,650.000,-1,-1,2,0,2,0,2,0,0,0,0,2,0,0,1,0,0,2,2
11,5643.021,6156.611,-260.639,-49.257,0.652557,0.757102,0.031074,-0.757731,0.652193,0.022084,-0.003546,-0.037957,0.999273,0,0.48000,-0.41923,28.800,-0.838,-1,375.000,-1,375.000,-1,300.000,300.000,300.000,300.000,-1,575.000,600.000,500.000,675.000,650.000,-1,-1,2,0,2,0,2,0,0,0,0,2,0,0,1,0,0,2,2
12,5664.583,6130.842,-260.652,-50.079,0.641683,0.766376,0.030165,-0.766968,0.641269,0.023120,-0.001625,-0.037971,0.999278,0,0.56000,-0.41083,33.600,-0.822,-1,375.000,-1,375.000,-1,300.000,300.000,300.000,300.000,-1,550.000,575.000,525.000,675.000,650.000,-1,-1,2,0,2,0,2,0,0,0,0,2,0,0,1,0,0,2,2
13,5688.811,6101.050,-260.584,-50.881,0.630944,0.775272,0.029379,-0.775828,0.630474,0.024361,0.000363,-0.038164,0.999271,0,0.64000,-0.40102,38.400,-0.802,-1,375.000,-1,375.000,-1,300.000,300.000,300.000,300.000,-1,525.000,550.000,550.000,675.000,675.000,-1,-1,2,0,2,0,2,0,0,0,0,2,0,0,1,0,0,2,2
14,5714.458,6068.621,-260.465,-51.660,0.620393,0.783770,0.028587,-0.784288,0.619863,0.025747,0.002460,-0.038394,0.999260,0,0.68907,-0.38974,41.344,-0.779,-1,375.000,-1,375.000,-1,300.000,300.000,325.000,300.000,-1,500.000,525.000,575.000,675.000,675.000,-1,-1,2,0,2,0,2,0,0,0,0,2,0,0,1,0,0,2,2
15,5739.858,6035.620,-260.298,-52.416,0.610064,0.791863,0.027834,-0.792339,0.609475,0.027190,0.004566,-0.038642,0.999243,0,0.69407,-0.37752,41.644,-0.755,-1,375.000,-1,375.000,-1,300.000,300.000,325.000,300.000,-1,500.000,500.000,600.000,675.000,675.000,-1,-1,2,0,2,0,2,0,0,0,0,2,0,0,1,0,0,2,2
16,5765.021,6002.049,-260.082,-53.146,0.599976,0.799558,0.027123,-0.799990,0.599327,0.028687,0.006682,-0.038910,0.999220,0,0.69924,-0.36513,41.954,-0.730,-1,375.000,-1,375.000,-1,300.000,300.000,325.000,300.000,-1,475.000,500.000,625.000,675.000,675.000,-1,-1,2,0,2,0,2,0,0,0,0,2,0,0,1,0,0,2,2
17,5789.959,5967.912,-259.763,-53.851,0.590151,0.806857,0.026523,-0.807243,0.589431,0.030493,0.008970,-0.039406,0.999183,0,0.70460,-0.35255,42.276,-0.705,-1,375.000,-1,375.000,-1,300.000,300.000,325.000,300.000,-1,475.000,475.000,650.000,675.000,675.000,-1,-1,2,0,2,0,2,0,0,0,0,2,0,0,1,0,0,2,2
18,5814.684,5933.211,-259.320,-54.530,0.580609,0.813765,0.026071,-0.814102,0.579801,0.032695,0.011490,-0.040208,0.999125,0,0.71013,-0.33978,42.608,-0.680,-1,375.000,-1,375.000,-1,300.000,300.000,325.000,325.000,-1,450.000,475.000,675.000,675.000,675.000,-1,-1,2,0,2,0,2,0,0,0,0,2,0,0,1,0,0,2,2
19,5839.207,5897.948,-258.761,-55.184,0.571361,0.820308,0.025327,-0.820575,0.570467,0.034970,0.014239,-0.040763,0.999067,0,0.71586,-0.32682,42.952,-0.654,-1,375.000,-1,375.000,-1,300.000,300.000,300.000,325.000,-1,425.000,450.000,725.000,675.000,675.000,-1,-1,2,0,2,0,2,0,0,0,0,2,0,0,1,0,0,2,2
20,5863.541,5862.125,-258.126,-55.811,0.562420,0.826488,0.024501,-0.826675,0.561441,0.037313,0.017083,-0.041240,0.999003,0,0.72177,-0.31366,43.306,-0.627,-1,375.000,-1,375.000,-1,300.000,300.000,300.000,325.000,-1,425.000,450.000,750.000,675.000,700.000,-1,-1,2,0,2,0,2,0,0,0,0,2,0,0,1,0,0,2,2
21,5887.702,5825.744,-257.454,-56.412,0.553801,0.832309,0.023793,-0.832411,0.552734,0.039707,0.019897,-0.041795,0.998928,0,0.72788,-0.30030,43.673,-0.601,-1,375.000,-1,375.000,-1,300.000,300.000,300.000,325.000,-1,400.000,425.000,775.000,675.000,700.000,-1,-1,2,0,2,0,2,0,0,0,0,2,0,0,1,0,0,2,2
22,5911.704,5788.805,-256.546,-56.985,0.545490,0.837805,0.022882,-0.837827,0.544380,0.041183,0.022047,-0.041636,0.998890,0,0.73419,-0.28672,44.051,-0.573,-1,375.000,-1,375.000,-1,300.000,300.000,300.000,325.000,-1,400.000,425.000,800.000,700.000,700.000,-1,-1,2,0,2,0,2,0,0,0,0,2,0,0,1,0,0,2,2
23,5935.562,5751.310,-255.515,-57.531,0.537517,0.842968,0.021925,-0.842915,0.536383,0.042293,0.023891,-0.041214,0.998865,0,0.74070,-0.27294,44.442,-0.546,-1,375.000,-1,375.000,-1,300.000,300.000,300.000,325.000,-1,425.000,450.000,825.000,700.000,700.000,-1,-1,2,0,2,0,2,0,0,0,0,2,0,0,1,0,0,2,2
24,5959.293,5713.258,-254.426,-58.049,0.529907,0.847794,0.021079,-0.847668,0.528750,0.043393,0.025643,-0.040862,0.998836,0,0.74743,-0.25893,44.846,-0.518,-1,375.000,-1,375.000,-1,300.000,300.000,300.000,325.000,-1,450.000,475.000,850.000,700.000,700.000,-1,-1,2,0,2,0,2,0,0,0,0,2,0,0,1,0,0,2,2
25,5982.984,5674.858,-253.160,-58.327,0.525814,0.850369,0.019802,-0.850155,0.524645,0.044541,0.027487,-0.040256,0.998811,0,0.75199,-0.13893,45.119,-0.278,-1,375.000,-1,375.000,-1,300.000,325.000,300.000,300.000,-1,450.000,475.000,900.000,700.000,725.000,-1,-1,2,0,2,0,2,0,0,0,0,2,0,0,1,0,0,2,2
26,6006.866,5636.091,-251.844,-58.365,0.525272,0.850734,0.018477,-0.850434,0.524095,0.045691,0.029188,-0.039713,0.998785,0,0.75888,-0.01893,45.533,-0.038,-1,375.000,-1,375.000,-1,300.000,325.000,300.000,300.000,-1,475.000,500.000,925.000,700.000,725.000,-1,-1,2,0,2,0,2,0,0,0,0,2,0,0,1,0,0,2,2
27,6031.106,5597.052,-250.498,-58.163,0.528286,0.848893,0.017172,-0.848511,0.527101,0.046827,0.030700,-0.039308,0.998755,0,0.76586,0.10107,45.952,0.202,-1,375.000,-1,375.000,-1,325.000,325.000,300.000,300.000,-1,475.000,500.000,950.000,700.000,725.000,-1,-1,2,0,2,0,2,0,0,0,0,2,0,0,1,0,0,2,2
28,6055.876,5557.837,-249.130,-57.721,0.534833,0.844809,0.015879,-0.844351,0.533642,0.047941,0.032028,-0.039048,0.998724,0,0.77306,0.22107,46.384,0.442,-1,375.000,-1,375.000,-1,325.000,325.000,300.000,300.000,-1,500.000,525.000,975.000,725.000,725.000,-1,-1,2,0,2,0,2,0,0,0,0,2,0,0,1,0,0,2,2
29,6081.359,5518.540,-247.746,-57.038,0.544862,0.838399,0.014590,-0.837870,0.543664,0.049029,0.033174,-0.038939,0.998691,0,0.78059,0.34107,46.836,0.682,-1,375.000,-1,375.000,-1,325.000,325.000,300.000,300.000,-1,525.000,500.000,-1,725.000,725.000,-1,-1,2,0,2,0,2,0,0,0,0,2,0,0,2,0,0,2,2
30,6107.737,5479.261,-246.353,-56.116,0.558290,0.829539,0.013299,-0.828943,0.557086,0.050084,0.034138,-0.038985,0.998656,0,0.78858,0.46107,47.315,0.922,-1,375.000,-1,375.000,-1,325.000,325.000,300.000,300.000,-1,525.000,500.000,-1,725.000,725.000,-1,-1,2,0,2,0,2,0,0,0,0,2,0,0,2,0,0,2,2
31,6135.079,5440.019,-244.900,-55.133,0.572454,0.819845,0.012258,-0.819194,0.571236,0.051100,0.034891,-0.039294,0.998618,0,0.79714,0.49176,47.828,0.984,-1,375.000,-1,375.000,-1,325.000,325.000,300.000,300.000,-1,500.000,475.000,-1,725.000,725.000,-1,-1,2,0,2,0,2,0,0,0,0,2,0,0,2,0,0,2,2
32,6164.019,5400.184,-243.283,-54.002,0.588533,0.808386,0.011825,-0.807708,0.587278,0.052083,0.035159,-0.040204,0.998573,0,0.82062,0.56523,49.237,1.130,-1,375.000,-1,400.000,-1,325.000,325.000,300.000,300.000,-1,500.000,500.000,-1,725.000,750.000,-1,-1,2,0,2,0,2,0,0,0,0,2,0,0,2,0,0,2,2
33,6193.966,5360.656,-241.669,-52.852,0.604652,0.796408,0.011406,-0.795703,0.603357,0.053075,0.035388,-0.041168,0.998525,0,0.82654,0.57489,49.592,1.150,-1,400.000,-1,400.000,-1,325.000,325.000,300.000,300.000,-1,525.000,500.000,-1,750.000,750.000,-1,-1,2,0,2,0,2,0,0,0,0,2,0,0,2,0,0,2,2
34,6224.951,5321.447,-240.027,-51.683,0.620795,0.783897,0.010967,-0.783170,0.619465,0.053931,0.035483,-0.042069,0.998484,0,0.83290,0.58481,49.974,1.170,-1,400.000,-1,400.000,-1,325.000,325.000,300.000,300.000,-1,525.000,525.000,-1,750.000,750.000,-1,-1,2,0,2,0,2,0,0,0,0,2,0,0,2,0,0,2,2
35,6257.003,5282.575,-238.319,-50.493,0.636943,0.770839,0.010488,-0.770100,0.635590,0.054509,0.035352,-0.042796,0.998458,0,0.83969,0.59496,50.381,1.190,-1,400.000,-1,400.000,-1,325.000,325.000,300.000,300.000,-1,550.000,550.000,-1,750.000,750.000,-1,-1,2,0,2,0,2,0,0,0,0,2,0,0,2,0,0,2,2
36,6290.100,5244.115,-236.636,-49.286,0.653038,0.757259,0.010040,-0.756508,0.651661,0.055075,0.035163,-0.043561,0.998432,0,0.84568,0.60333,50.741,1.207,-1,400.000,-1,400.000,-1,325.000,325.000,300.000,300.000,-1,575.000,575.000,-1,750.000,750.000,-1,-1,2,0,2,0,2,0,0,0,0,2,0,0,2,0,0,2,2
37,6324.007,5206.349,-234.988,-48.083,0.668801,0.743379,0.009627,-0.742620,0.667398,0.055627,0.034927,-0.044353,0.998405,0,0.84590,0.60173,50.754,1.203,-1,400.000,-1,400.000,-1,325.000,325.000,300.000,300.000,-1,600.000,600.000,-1,750.000,750.000,-1,-1,2,0,2,0,2,0,0,0,0,2,0,0,2,0,0,2,2
38,6358.706,5169.292,-233.377,-46.883,0.684228,0.729210,0.009253,-0.728445,0.682798,0.056169,0.034641,-0.045173,0.998378,0,0.84612,0.60011,50.767,1.200,-1,400.000,-1,400.000,-1,325.000,325.000,300.000,300.000,-1,600.000,625.000,-1,750.000,750.000,-1,-1,2,0,2,0,2,0,0,0,0,2,0,0,2,0,0,2,2
39,6396.563,5130.196,-231.591,-45.922,0.696345,0.717653,0.008854,-0.716890,0.694910,0.056290,0.034244,-0.045545,0.998375,0,0.90702,0.48011,54.421,0.960,-1,400.000,-1,400.000,-1,325.000,325.000,300.000,300.000,-1,650.000,675.000,-1,750.000,750.000,-1,-1,2,0,2,0,2,0,0,0,0,2,0,0,2,0,0,2,2
40,6434.917,5091.571,-229.788,-45.202,0.705301,0.708857,0.008512,-0.708099,0.703872,0.056218,0.033860,-0.045678,0.998382,0,0.90722,0.36011,54.433,0.720,-1,400.000,-1,400.000,-1,325.000,325.000,300.000,300.000,-1,700.000,725.000,-1,750.000,750.000,-1,-1,2,0,2,0,2,0,0,0,0,2,0,0,2,0,0,2,2
41,6473.646,5053.303,-227.990,-44.656,0.712014,0.702117,0.008208,-0.701361,0.710591,0.056151,0.033592,-0.045737,0.998389,0,0.90743,0.27293,54.446,0.546,-1,400.000,-1,400.000,-1,325.000,325.000,300.000,300.000,-1,750.000,775.000,-1,750.000,750.000,-1,-1,2,0,2,0,2,0,0,0,0,2,0,0,2,0,0,2,2
42,6512.746,5015.394,-226.177,-44.115,0.718612,0.695368,0.007826,-0.694610,0.717197,0.056082,0.033384,-0.045737,0.998396,0,0.90767,0.27085,54.460,0.542,-1,400.000,-1,400.000,-1,325.000,325.000,300.000,300.000,-1,800.000,825.000,-1,750.000,750.000,-1,-1,2,0,2,0,2,0,0,0,0,2,0,0,2,0,0,2,2
43,6552.214,4977.839,-224.389,-43.577,0.725094,0.688609,0.007569,-0.687854,0.723683,0.056035,0.033109,-0.045837,0.998400,0,0.90800,0.26864,54.480,0.537,-1,400.000,-1,400.000,-1,325.000,325.000,300.000,300.000,-1,850.000,875.000,-1,750.000,750.000,-1,-1,2,0,2,0,2,0,0,0,0,2,0,0,2,0,0,2,2
44,6592.046,4940.637,-222.618,-43.045,0.731458,0.681846,0.007408,-0.681098,0.730047,0.056012,0.032783,-0.046016,0.998403,0,0.90840,0.26629,54.504,0.533,-1,400.000,-1,400.000,-1,325.000,325.000,300.000,300.000,-1,900.000,925.000,-1,750.000,750.000,-1,-1,2,0,2,0,2,0,0,0,0,2,0,0,2,0,0,2,2
45,6632.242,4903.782,-220.820,-42.517,0.737699,0.675093,0.007102,-0.674344,0.736292,0.055976,0.032560,-0.046082,0.998407,0,0.90890,0.26382,54.534,0.528,-1,400.000,-1,400.000,-1,325.000,325.000,300.000,300.000,-1,950.000,975.000,-1,750.000,750.000,-1,-1,2,0,2,0,2,0,0,0,0,2,0,0,2,0,0,2,2
46,6672.798,4867.272,-219.019,-41.995,0.743818,0.668347,0.006887,-0.667602,0.742412,0.055964,0.032290,-0.046224,0.998409,0,0.90949,0.26122,54.569,0.522,-1,400.000,-1,400.000,-1,325.000,325.000,300.000,300.000,-1,1000.000,-1,-1,750.000,750.000,-1,-1,2,0,2,0,2,0,0,0,0,2,0,2,2,0,0,2,2
47,6713.713,4831.102,-217.237,-41.478,0.749813,0.661616,0.006661,-0.660874,0.748408,0.055959,0.032039,-0.046361,0.998411,0,0.91017,0.25849,54.610,0.517,-1,400.000,-1,400.000,-1,325.000,325.000,300.000,300.000,-1,-1,-1,-1,750.000,725.000,-1,-1,2,0,2,0,2,0,0,0,0,2,2,2,2,0,0,2,2
48,6754.953,4795.303,-215.477,-40.961,0.755745,0.654834,0.006421,-0.654093,0.754341,0.055962,0.031802,-0.046493,0.998412,0,0.91018,0.25842,54.611,0.517,-1,400.000,-1,400.000,-1,325.000,325.000,300.000,300.000,-1,-1,-1,-1,750.000,725.000,-1,-1,2,0,2,0,2,0,0,0,0,2,2,2,2,0,0,2,2
49,6796.514,4759.877,-213.739,-40.444,0.761616,0.647999,0.006167,-0.647259,0.760213,0.055972,0.031582,-0.046620,0.998413,0,0.91018,0.25842,54.611,0.517,-1,400.000,-1,375.000,-1,325.000,325.000,300.000,300.000,-1,-1,-1,-1,750.000,725.000,-1,-1,2,0,2,0,2,0,0,0,0,2,2,2,2,0,0,2,2
50,6838.393,4724.827,-211.958,-39.927,0.767431,0.641105,0.005905,-0.640354,0.766014,0.056292,0.031565,-0.046982,0.998397,0,0.91018,0.25842,54.611,0.517,-1,400.000,-1,375.000,-1,325.000,325.000,300.000,300.000,-1,-1,-1,-1,750.000,725.000,-1,-1,2,0,2,0,2,0,0,0,0,2,2,2,2,0,0,2,2
51,6876.745,4693.042,-210.338,-39.650,0.770522,0.637389,0.005645,-0.636623,0.769094,0.056616,0.031744,-0.047218,0.998380,0,0.83018,0.13842,49.811,0.277,-1,400.000,-1,375.000,-1,325.000,325.000,300.000,300.000,-1,-1,-1,-1,750.000,725.000,-1,-1,2,0,2,0,2,0,0,0,0,2,2,2,2,0,0,2,2
52,6911.420,4664.343,-208.873,-39.613,0.770935,0.636891,0.005393,-0.636104,0.769501,0.056922,0.032103,-0.047313,0.998364,0,0.75018,0.01842,45.011,0.037,-1,400.000,-1,375.000,-1,325.000,325.000,300.000,300.000,-1,-1,-1,-1,750.000,725.000,-1,-1,2,0,2,0,2,0,0,0,0,2,2,2,2,0,0,2,2
53,6942.306,4638.595,-207.539,-39.817,0.768678,0.639615,0.005156,-0.638800,0.767237,0.057287,0.032686,-0.047329,0.998344,0,0.67018,-0.10158,40.211,-0.203,-1,400.000,-1,375.000,-1,325.000,325.000,300.000,300.000,-1,-1,-1,-1,750.000,725.000,-1,-1,2,0,2,0,2,0,0,0,0,2,2,2,2,0,0,2,2
54,6969.780,4615.328,-206.309,-40.260,0.763714,0.645536,0.004934,-0.644690,0.762273,0.057576,0.033406,-0.047152,0.998329,0,0.60003,-0.22158,36.002,-0.443,-1,400.000,-1,375.000,-1,325.000,325.000,300.000,300.000,-1,-1,-1,-1,750.000,725.000,-1,-1,2,0,2,0,2,0,0,0,0,2,2,2,2,0,0,2,2
55,6996.995,4591.759,-205.040,-40.893,0.756534,0.653938,0.004704,-0.653057,0.755100,0.057796,0.034243,-0.046796,0.998317,0,0.60003,-0.31685,36.002,-0.634,-1,400.000,-1,375.000,-1,325.000,325.000,300.000,300.000,-1,-1,-1,-1,750.000,725.000,-1,-1,2,0,2,0,2,0,0,0,0,2,2,2,2,0,0,2,2
56,7023.947,4567.890,-203.754,-41.527,0.749262,0.662259,0.004473,-0.661343,0.747833,0.058074,0.035115,-0.046470,0.998302,0,0.60003,-0.31685,36.002,-0.634,-1,400.000,-1,375.000,-1,325.000,325.000,300.000,300.000,-1,-1,-1,-1,750.000,725.000,-1,-1,2,0,2,0,2,0,0,0,0,2,2,2,2,0,0,2,2
57,7050.634,4543.724,-202.452,-42.161,0.741899,0.670499,0.004243,-0.669544,0.740472,0.058409,0.036022,-0.046175,0.998284,0,0.60003,-0.31685,36.002,-0.634,-1,400.000,-1,375.000,-1,325.000,325.000,300.000,300.000,-1,-1,-1,-1,750.000,725.000,-1,-1,2,0,2,0,2,0,0,0,0,2,2,2,2,0,0,2,2
58,7077.052,4519.265,-201.134,-42.795,0.734446,0.678655,0.004016,-0.677660,0.733021,0.058803,0.036963,-0.045909,0.998262,0,0.60003,-0.31685,36.002,-0.634,-1,400.000,-1,375.000,-1,325.000,325.000,300.000,300.000,-1,-1,-1,-1,750.000,725.000,-1,-1,2,0,2,0,2,0,0,0,0,2,2,2,2,0,0,2,2
59,7103.198,4494.516,-199.784,-43.428,0.726902,0.686730,0.003788,-0.685695,0.725480,0.059176,0.037890,-0.045612,0.998240,0,0.60003,-0.31685,36.002,-0.634,-1,400.000,-1,375.000,-1,325.000,325.000,300.000,300.000,-1,-1,-1,-1,750.000,725.000,-1,-1,2,0,2,0,2,0,0,0,0,2,2,2,2,0,0,2,2
60,7132.399,4466.017,-198.189,-44.302,0.716351,0.697731,0.003505,-0.696650,0.714943,0.059467,0.038986,-0.045041,0.998224,0,0.68003,-0.43685,40.802,-0.874,-1,400.000,-1,375.000,-1,325.000,325.000,300.000,300.000,-1,-1,-1,-1,750.000,725.000,-1,-1,2,0,2,0,2,0,0,0,0,2,2,2,2,0,0,2,2
61,7164.409,4433.538,-196.357,-45.416,0.702660,0.711519,0.003193,-0.710383,0.701270,0.059805,0.040314,-0.044291,0.998205,0,0.76003,-0.55685,45.602,-1.114,-1,400.000,-1,375.000,-1,325.000,325.000,300.000,300.000,-1,-1,-1,-1,750.000,725.000,-1,-1,2,0,2,0,2,0,0,0,0,2,2,2,2,0,0,2,2
62,7197.274,4398.578,-194.377,-46.769,0.685660,0.727916,0.002911,-0.726720,0.684292,0.060178,0.041812,-0.043377,0.998183,0,0.79970,-0.67685,47.982,-1.354,-1,400.000,-1,375.000,-1,325.000,325.000,300.000,300.000,-1,-1,-1,-1,750.000,750.000,-1,-1,2,0,2,0,2,0,0,0,0,2,2,2,2,0,0,2,2
63,7229.153,4362.717,-192.339,-48.363,0.665154,0.746701,0.002683,-0.745441,0.663814,0.060561,0.043440,-0.042283,0.998161,0,0.79970,-0.79685,47.982,-1.594,-1,400.000,-1,375.000,-1,325.000,325.000,300.000,300.000,-1,-1,-1,-1,750.000,750.000,-1,-1,2,0,2,0,2,0,0,0,0,2,2,2,2,0,0,2,2
64,7260.020,4325.981,-190.220,-49.961,0.644074,0.764960,0.002384,-0.763633,0.642767,0.060953,0.045095,-0.041078,0.998138,0,0.79970,-0.79895,47.982,-1.598,-1,400.000,-1,375.000,-1,325.000,325.000,300.000,300.000,-1,-1,-1,-1,750.000,750.000,-1,-1,2,0,2,0,2,0,0,0,0,2,2,2,2,0,0,2,2
65,7289.851,4288.398,-187.956,-51.559,0.622482,0.782632,0.001841,-0.781229,0.621222,0.061359,0.046878,-0.039633,0.998114,0,0.79970,-0.79895,47.982,-1.598,-1,400.000,-1,375.000,-1,325.000,325.000,300.000,300.000,-1,-1,-1,-1,750.000,750.000,-1,-1,2,0,2,0,2,0,0,0,0,2,2,2,2,0,0,2,2
66,7318.622,4249.998,-185.600,-53.157,0.600407,0.799693,0.001448,-0.798220,0.599189,0.061786,0.048542,-0.038253,0.998088,0,0.79970,-0.79895,47.982,-1.598,-1,400.000,-1,375.000,-1,325.000,325.000,300.000,300.000,-1,-1,-1,-1,750.000,750.000,-1,-1,2,0,2,0,2,0,0,0,0,2,2,2,2,0,0,2,2
67,7346.311,4210.811,-183.183,-54.755,0.577861,0.816134,0.001069,-0.814591,0.576687,0.062229,0.050171,-0.036831,0.998061,0,0.79970,-0.79895,47.982,-1.598,-1,400.000,-1,375.000,-1,325.000,325.000,300.000,300.000,-1,-1,-1,-1,750.000,775.000,-1,-1,2,0,2,0,2,0,0,0,0,2,2,2,2,0,0,2,2
68,7372.896,4170.867,-180.706,-56.353,0.554862,0.831942,0.000706,-0.830330,0.553735,0.062687,0.051761,-0.035368,0.998033,0,0.79970,-0.79895,47.982,-1.598,-1,400.000,-1,400.000,-1,325.000,325.000,300.000,300.000,-1,-1,-1,-1,750.000,775.000,-1,-1,2,0,2,0,2,0,0,0,0,2,2,2,2,0,0,2,2
69,7398.357,4130.198,-178.173,-57.950,0.531428,0.847103,0.000357,-0.845424,0.530348,0.063156,0.053310,-0.033865,0.998004,0,0.79970,-0.79895,47.982,-1.598,-1,400.000,-1,400.000,-1,325.000,325.000,300.000,300.000,-1,-1,-1,-1,775.000,775.000,-1,-1,2,0,2,0,2,0,0,0,0,2,2,2,2,0,0,2,2
70,7422.675,4088.834,-175.567,-59.548,0.507580,0.861605,0.000114,-0.859863,0.506545,0.063623,0.054760,-0.032392,0.997974,0,0.79970,-0.79895,47.982,-1.598,-1,400.000,-1,400.000,-1,325.000,325.000,300.000,300.000,-1,-1,-1,-1,775.000,775.000,-1,-1,2,0,2,0,2,0,0,0,0,2,2,2,2,0,0,2,2
71,7445.829,4046.808,-172.899,-61.146,0.483335,0.875436,-0.000067,-0.873634,0.482345,0.064085,0.056135,-0.030916,0.997944,0,0.79970,-0.79895,47.982,-1.598,-1,400.000,-1,400.000,-1,325.000,325.000,300.000,300.000,-1,-1,-1,-1,775.000,775.000,-1,-1,2,0,2,0,2,0,0,0,0,2,2,2,2,0,0,2,2
72,7467.803,4004.153,-170.184,-62.744,0.458708,0.888587,-0.000240,-0.886730,0.457767,0.064491,0.057416,-0.029370,0.997918,0,0.79970,-0.79895,47.982,-1.598,-1,400.000,-1,400.000,-1,325.000,325.000,300.000,300.000,-1,-1,-1,-1,800.000,800.000,-1,-1,2,0,2,0,2,0,0,0,0,2,2,2,2,0,0,2,2
73,7488.579,3960.902,-167.495,-64.342,0.433709,0.901053,-0.000521,-0.899156,0.432833,0.064610,0.058442,-0.027554,0.997910,0,0.79970,-0.79895,47.982,-1.598,-1,400.000,-1,400.000,-1,325.000,325.000,300.000,300.000,-1,-1,-1,-1,800.000,800.000,-1,-1,2,0,2,0,2,0,0,0,0,2,2,2,2,0,0,2,2
74,7508.140,3917.088,-164.772,-65.940,0.408370,0.912816,-0.000779,-0.910881,0.407559,0.064748,0.059421,-0.025732,0.997901,0,0.79970,-0.79895,47.982,-1.598,-1,400.000,-1,400.000,-1,325.000,325.000,300.000,300.000,-1,-1,-1,-1,800.000,800.000,-1,-1,2,0,2,0,2,0,0,0,0,2,2,2,2,0,0,2,2
75,7526.473,3872.746,-162.018,-67.538,0.382710,0.923868,-0.001012,-0.921895,0.381964,0.064907,0.060352,-0.023907,0.997891,0,0.79970,-0.79895,47.982,-1.598,-1,400.000,-1,400.000,-1,325.000,325.000,300.000,300.000,-1,-1,-1,-1,825.000,825.000,-1,-1,2,0,2,0,2,0,0,0,0,2,2,2,2,0,0,2,2
76,7543.561,3827.910,-159.158,-69.136,0.356733,0.934205,-0.001419,-0.932213,0.356070,0.064747,0.060992,-0.021775,0.997901,0,0.79970,-0.79895,47.982,-1.598,-1,400.000,-1,400.000,-1,325.000,325.000,300.000,300.000,-1,-1,-1,-1,825.000,825.000,-1,-1,2,0,2,0,2,0,0,0,0,2,2,2,2,0,0,2,2
77,7557.638,3787.087,-156.673,-70.974,0.326544,0.945181,-0.001153,-0.943201,0.325938,0.064308,0.061158,-0.019912,0.997929,0,0.71970,-0.91895,43.182,-1.838,-1,400.000,-1,400.000,-1,325.000,325.000,300.000,300.000,-1,-1,-1,-1,825.000,825.000,-1,-1,2,0,2,0,2,0,0,0,0,2,2,2,2,0,0,2,2
78,7568.877,3750.387,-154.480,-72.974,0.293318,0.956015,-0.000715,-0.954054,0.292764,0.063795,0.061198,-0.018030,0.997963,0,0.63970,-1.00000,38.382,-2.000,-1,400.000,-1,400.000,-1,325.000,325.000,300.000,300.000,-1,-1,-1,-1,850.000,825.000,-1,-1,2,0,2,0,2,0,0,0,0,2,2,2,2,0,0,2,2
79,7577.583,3717.954,-152.541,-74.974,0.259729,0.965681,-0.000346,-0.963739,0.259229,0.063297,0.061214,-0.016107,0.997995,0,0.55970,-1.00000,33.582,-2.000,-1,400.000,-1,400.000,-1,325.000,325.000,300.000,300.000,-1,-1,-1,-1,850.000,825.000,-1,-1,2,0,2,0,2,0,0,0,0,2,2,2,2,0,0,2,2
80,7584.070,3689.912,-150.862,-76.974,0.225820,0.974169,-0.000047,-0.972244,0.225376,0.062830,0.061218,-0.014142,0.998024,0,0.47970,-1.00000,28.782,-2.000,-1,400.000,-1,400.000,-1,325.000,325.000,300.000,300.000,-1,-1,-1,-1,850.000,800.000,-1,-1,2,0,2,0,2,0,0,0,0,2,2,2,2,0,0,2,2
81,7588.657,3666.373,-149.451,-78.974,0.191631,0.981467,0.000183,-0.979556,0.191246,0.062406,0.061215,-0.012138,0.998051,0,0.39970,-1.00000,23.982,-2.000,-1,400.000,-1,400.000,-1,325.000,325.000,300.000,300.000,-1,-1,-1,-1,850.000,800.000,-1,-1,2,0,2,0,2,0,0,0,0,2,2,2,2,0,0,2,2
82,7591.666,3647.428,-148.314,-80.974,0.157205,0.987566,0.000349,-0.985667,0.156881,0.062037,0.061210,-0.010097,0.998074,0,0.31970,-1.00000,19.182,-2.000,-1,400.000,-1,400.000,-1,325.000,325.000,300.000,300.000,-1,-1,-1,-1,850.000,800.000,-1,-1,2,0,2,0,2,0,0,0,0,2,2,2,2,0,0,2,2
83,7593.425,3633.154,-147.457,-82.974,0.122584,0.992458,0.000459,-0.990569,0.122322,0.061730,0.061208,-0.008021,0.998093,0,0.23970,-1.00000,14.382,-2.000,-1,400.000,-1,400.000,-1,325.000,325.000,300.000,300.000,-1,-1,-1,-1,850.000,800.000,-1,-1,2,0,2,0,2,0,0,0,0,2,2,2,2,0,0,2,2
84,7594.265,3623.609,-146.884,-84.974,0.087810,0.996137,0.000519,-0.994255,0.087612,0.061492,0.061209,-0.005915,0.998107,0,0.15970,-1.00000,9.582,-2.000,-1,400.000,-1,400.000,-1,325.000,325.000,300.000,300.000,-1,-1,-1,-1,850.000,800.000,-1,-1,2,0,2,0,2,0,0,0,0,2,2,2,2,0,0,2,2
85,7594.517,3618.834,-146.598,-86.974,0.052927,0.998598,0.000539,-0.996720,0.052795,0.061327,0.061213,-0.003783,0.998118,0,0.07970,-1.00000,4.782,-2.000,-1,400.000,-1,400.000,-1,325.000,325.000,300.000,300.000,-1,-1,-1,-1,850.000,800.000,-1,-1,2,0,2,0,2,0,0,0,0,2,2,2,2,0,0,2,2
86,7594.517,3618.852,-146.603,-88.974,0.017978,0.999838,0.000528,-0.997962,0.017912,0.061239,0.061220,-0.001628,0.998123,0,-0.00030,-1.00000,-0.018,-2.000,-1,400.000,-1,400.000,-1,325.000,325.000,300.000,300.000,-1,-1,-1,-1,850.000,775.000,-1,-1,2,0,2,0,2,0,0,0,0,2,2,2,2,0,0,2,2
87,7594.599,3623.669,-146.899,-90.974,-0.016994,0.999855,0.000497,-0.997979,-0.016993,0.061229,0.061229,0.000544,0.998124,0,-0.08030,-1.00000,-4.818,-2.000,-1,400.000,-1,400.000,-1,325.000,325.000,300.000,300.000,-1,-1,-1,-1,850.000,775.000,-1,-1,2,0,2,0,2,0,0,0,0,2,2,2,2,0,0,2,2
88,7595.098,3633.274,-147.487,-92.974,-0.051946,0.998650,0.000456,-0.996770,-0.051877,0.061298,0.061239,0.002729,0.998119,0,-0.16030,-1.00000,-9.618,-2.000,-1,400.000,-1,400.000,-1,325.000,325.000,300.000,300.000,-1,-1,-1,-1,850.000,775.000,-1,-1,2,0,2,0,2,0,0,0,0,2,2,2,2,0,0,2,2
89,7596.349,3647.638,-148.367,-94.974,-0.086835,0.996223,0.000416,-0.994338,-0.086697,0.061446,0.061250,0.004922,0.998110,0,-0.24030,-1.00000,-14.418,-2.000,-1,400.000,-1,400.000,-1,325.000,325.000,300.000,300.000,-1,-1,-1,-1,850.000,775.000,-1,-1,2,0,2,0,2,0,0,0,0,2,2,2,2,0,0,2,2
90,7598.682,3666.714,-149.538,-96.974,-0.121618,0.992577,0.000386,-0.990685,-0.121410,0.061674,0.061263,0.007118,0.998096,0,-0.32030,-1.00000,-19.218,-2.000,-1,400.000,-1,400.000,-1,325.000,325.000,300.000,300.000,-1,-1,-1,-1,825.000,775.000,-1,-1,2,0,2,0,2,0,0,0,0,2,2,2,2,0,0,2,2
91,7602.322,3689.762,-150.954,-98.974,-0.156251,0.987717,0.000375,-0.985815,-0.155974,0.061972,0.061269,0.009313,0.998078,0,-0.38890,-1.00000,-23.334,-2.000,-1,400.000,-1,400.000,-1,325.000,325.000,300.000,300.000,-1,-1,-1,-1,825.000,775.000,-1,-1,2,0,2,0,2,0,0,0,0,2,2,2,2,0,0,2,2
92,7606.764,3712.668,-152.364,-100.974,-0.190692,0.981650,0.000382,-0.979740,-0.190345,0.062276,0.061206,0.011501,0.998059,0,-0.38890,-1.00000,-23.334,-2.000,-1,400.000,-1,400.000,-1,325.000,325.000,300.000,300.000,-1,-1,-1,-1,825.000,775.000,-1,-1,2,0,2,0,2,0,0,0,0,2,2,2,2,0,0,2,2
93,7612.003,3735.406,-153.764,-102.974,-0.224898,0.974382,0.000406,-0.972466,-0.224482,0.062587,0.061075,0.013680,0.998039,0,-0.38890,-1.00000,-23.334,-2.000,-1,400.000,-1,400.000,-1,325.000,325.000,300.000,300.000,-1,-1,-1,-1,825.000,775.000,-1,-1,2,0,2,0,2,0,0,0,0,2,2,2,2,0,0,2,2
94,7618.033,3757.948,-155.154,-104.974,-0.258828,0.965923,0.000451,-0.964003,-0.258342,0.062905,0.060878,0.015847,0.998019,0,-0.38890,-1.00000,-23.334,-2.000,-1,400.000,-1,400.000,-1,325.000,325.000,300.000,300.000,-1,-1,-1,-1,825.000,775.000,-1,-1,2,0,2,0,2,0,0,0,0,2,2,2,2,0,0,2,2
95,7624.845,3780.265,-156.532,-106.974,-0.292439,0.956284,0.000516,-0.954361,-0.291885,0.063230,0.060616,0.017999,0.997999,0,-0.38890,-1.00000,-23.334,-2.000,-1,400.000,-1,400.000,-1,325.000,325.000,300.000,300.000,-1,-1,-1,-1,825.000,775.000,-1,-1,2,0,2,0,2,0,0,0,0,2,2,2,2,0,0,2,2
96,7632.432,3802.330,-157.894,-108.974,-0.325690,0.945476,0.000603,-0.943552,-0.325068,0.063562,0.060292,0.020132,0.997978,0,-0.38890,-1.00000,-23.334,-2.000,-1,400.000,-1,400.000,-1,325.000,325.000,300.000,300.000,-1,-1,-1,-1,800.000,775.000,-1,-1,2,0,2,0,2,0,0,0,0,2,2,2,2,0,0,2,2
97,7640.785,3824.118,-159.242,-110.974,-0.358540,0.933514,0.000711,-0.931590,-0.357850,0.063899,0.059905,0.022247,0.997956,0,-0.38890,-1.00000,-23.334,-2.000,-1,400.000,-1,400.000,-1,325.000,325.000,300.000,300.000,-1,-1,-1,-1,800.000,775.000,-1,-1,2,0,2,0,2,0,0,0,0,2,2,2,2,0,0,2,2
98,7649.893,3845.600,-160.616,-112.974,-0.390959,0.920408,0.000643,-0.918493,-0.390191,0.064195,0.059336,0.024507,0.997937,0,-0.38890,-1.00000,-23.334,-2.000,-1,400.000,-1,400.000,-1,325.000,325.000,300.000,300.000,-1,-1,1000.000,-1,800.000,775.000,-1,-1,2,0,2,0,2,0,0,0,0,2,2,0,2,0,0,2,2
99,7659.745,3866.752,-161.976,-114.974,-0.422897,0.906177,0.000586,-0.904273,-0.422050,0.064528,0.058721,0.026759,0.997916,0,-0.38890,-1.00000,-23.334,-2.000,-1,400.000,-1,400.000,-1,325.000,325.000,300.000,300.000,-1,1000.000,975.000,-1,800.000,775.000,-1,-1,2,0,2,0,2,0,0,0,0,2,0,0,2,0,0,2,2
100,7670.330,3887.547,-163.275,-116.974,-0.454308,0.890844,0.000626,-0.888959,-0.453392,0.064710,0.057930,0.028841,0.997904,0,-0.38890,-1.00000,-23.334,-2.000,-1,400.000,-1,400.000,-1,325.000,325.000,300.000,300.000,-1,975.000,950.000,-1,800.000,775.000,-1,-1,2,0,2,0,2,0,0,0,0,2,0,0,2,0,0,2,2
101,7681.633,3907.959,-164.543,-118.974,-0.485159,0.874426,0.000694,-0.872563,-0.484177,0.064860,0.057051,0.030862,0.997894,0,-0.38890,-1.00000,-23.334,-2.000,-1,400.000,-1,400.000,-1,325.000,325.000,300.000,300.000,-1,975.000,925.000,-1,800.000,775.000,-1,-1,2,0,2,0,2,0,0,0,0,2,0,0,2,0,0,2,2
102,7693.643,3927.965,-165.783,-120.974,-0.515413,0.856942,0.000774,-0.855104,-0.514366,0.065001,0.056100,0.032841,0.997885,0,-0.38890,-1.00000,-23.334,-2.000,-1,400.000,-1,400.000,-1,325.000,325.000,300.000,300.000,-1,950.000,925.000,-1,800.000,775.000,-1,-1,2,0,2,0,2,0,0,0,0,2,0,0,2,0,0,2,2
103,7706.343,3947.540,-166.996,-122.974,-0.545034,0.838413,0.000863,-0.836603,-0.543924,0.065134,0.055078,0.034778,0.997876,0,-0.38890,-1.00000,-23.334,-2.000,-1,400.000,-1,400.000,-1,325.000,325.000,300.000,300.000,-1,950.000,900.000,-1,800.000,775.000,-1,-1,2,0,2,0,2,0,0,0,0,2,0,0,2,0,0,2,2
104,7719.718,3966.659,-168.178,-124.974,-0.573986,0.818864,0.000959,-0.817083,-0.572814,0.065257,0.053986,0.036673,0.997868,0,-0.38890,-1.00000,-23.334,-2.000,-1,400.000,-1,400.000,-1,325.000,325.000,300.000,300.000,-1,950.000,900.000,-1,800.000,775.000,-1,-1,2,0,2,0,2,0,0,0,0,2,0,0,2,0,0,2,2
105,7730.803,3981.512,-169.096,-126.734,-0.598883,0.800836,0.001034,-0.799084,-0.597657,0.065349,0.052951,0.038310,0.997862,0,-0.30890,-0.88000,-18.534,-1.760,-1,400.000,-1,400.000,-1,325.000,325.000,300.000,300.000,-1,950.000,875.000,-1,800.000,775.000,-1,-1,2,0,2,0,2,0,0,0,0,2,0,0,2,0,0,2,2
106,7739.307,3992.296,-169.761,-128.254,-0.619928,0.784658,0.001085,-0.782934,-0.618656,0.065414,0.051998,0.039703,0.997858,0,-0.22890,-0.76000,-13.734,-1.520,-1,400.000,-1,400.000,-1,325.000,325.000,300.000,300.000,-1,950.000,875.000,-1,800.000,775.000,-1,-1,2,0,2,0,2,0,0,0,0,2,0,0,2,0,0,2,2
107,7744.994,3999.185,-170.184,-129.534,-0.637310,0.770607,0.001111,-0.768908,-0.636000,0.065456,0.051147,0.040862,0.997855,0,-0.14890,-0.64000,-8.934,-1.280,-1,400.000,-1,400.000,-1,325.000,325.000,300.000,300.000,-1,950.000,875.000,-1,800.000,775.000,-1,-1,2,0,2,0,2,0,0,0,0,2,0,0,2,0,0,2,2
108,7747.683,4002.325,-170.376,-130.574,-0.651199,0.758907,0.001111,-0.757231,-0.649857,0.065478,0.050414,0.041798,0.997853,0,-0.06890,-0.52000,-4.134,-1.040,-1,400.000,-1,400.000,-1,325.000,325.000,300.000,300.000,-1,950.000,900.000,-1,800.000,775.000,-1,-1,2,0,2,0,2,0,0,0,0,2,0,0,2,0,0,2,2
109,7747.243,4001.825,-170.341,-131.374,-0.661736,0.749736,0.001086,-0.748081,-0.660369,0.065482,0.049811,0.042519,0.997853,0,0.01110,-0.40000,0.666,-0.800,-1,400.000,-1,400.000,-1,325.000,325.000,300.000,300.000,-1,950.000,900.000,-1,800.000,775.000,-1,-1,2,0,2,0,2,0,0,0,0,2,0,0,2,0,0,2,2
110,7743.590,3997.758,-170.086,-131.934,-0.669035,0.743230,0.001034,-0.741591,-0.667651,0.065468,0.049348,0.043034,0.997854,0,0.09110,-0.28000,5.466,-0.560,-1,400.000,-1,400.000,-1,325.000,325.000,300.000,300.000,-1,975.000,900.000,-1,800.000,775.000,-1,-1,2,0,2,0,2,0,0,0,0,2,0,0,2,0,0,2,2
111,7736.687,3990.159,-169.613,-132.254,-0.673178,0.739480,0.000954,-0.737853,-0.671782,0.065437,0.049030,0.043346,0.997856,0,0.17110,-0.16000,10.266,-0.320,-1,400.000,-1,400.000,-1,325.000,325.000,300.000,300.000,-1,975.000,925.000,-1,800.000,775.000,-1,-1,2,0,2,0,2,0,0,0,0,2,0,0,2,0,0,2,2
112,7726.540,3979.021,-168.920,-132.334,-0.674212,0.738537,0.000846,-0.736920,-0.672811,0.065387,0.048859,0.043461,0.997860,0,0.25110,-0.04000,15.066,-0.080,-1,400.000,-1,400.000,-1,325.000,325.000,300.000,300.000,-1,1000.000,950.000,-1,800.000,775.000,-1,-1,2,0,2,0,2,0,0,0,0,2,0,0,2,0,0,2,2
113,7713.203,3964.298,-168.005,-132.174,-0.672149,0.740416,0.000705,-0.738804,-0.670748,0.065316,0.048834,0.043381,0.997864,0,0.33110,0.08000,19.866,0.160,-1,400.000,-1,400.000,-1,325.000,325.000,300.000,300.000,-1,-1,975.000,-1,800.000,775.000,-1,-1,2,0,2,0,2,0,0,0,0,2,2,0,2,0,0,2,2
114,7696.770,3945.903,-166.863,-131.774,-0.666965,0.745089,0.000530,-0.743480,-0.665570,0.065221,0.048948,0.043106,0.997871,0,0.41110,0.20000,24.666,0.400,-1,400.000,-1,400.000,-1,325.000,325.000,300.000,300.000,-1,-1,975.000,-1,800.000,775.000,-1,-1,2,0,2,0,2,0,0,0,0,2,2,0,2,0,0,2,2
115,7677.387,3923.710,-165.487,-131.134,-0.658601,0.752492,0.000318,-0.750882,-0.657220,0.065099,0.049195,0.042636,0.997879,0,0.49110,0.32000,29.466,0.640,-1,400.000,-1,400.000,-1,325.000,325.000,300.000,300.000,-1,-1,1000.000,-1,800.000,775.000,-1,-1,2,0,2,0,2,0,0,0,0,2,2,0,2,0,0,2,2
116,7655.245,3897.558,-163.866,-130.254,-0.646966,0.762519,0.000065,-0.760906,-0.645603,0.064944,0.049563,0.041967,0.997889,0,0.57110,0.44000,34.266,0.880,-1,400.000,-1,400.000,-1,325.000,325.000,300.000,300.000,-1,-1,-1,-1,800.000,775.000,-1,-1,2,0,2,0,2,0,0,0,0,2,2,2,2,0,0,2,2
117,7630.588,3867.256,-161.988,-129.134,-0.631936,0.775021,-0.000230,-0.773404,-0.630598,0.064748,0.050036,0.041095,0.997902,0,0.65110,0.56000,39.066,1.120,-1,400.000,-1,400.000,-1,325.000,325.000,300.000,300.000,-1,-1,-1,-1,800.000,775.000,-1,-1,2,0,2,0,2,0,0,0,0,2,2,2,2,0,0,2,2
118,7604.787,3833.962,-159.876,-127.774,-0.613352,0.789810,-0.000499,-0.788196,-0.612058,0.064285,0.050468,0.039823,0.997931,0,0.70202,0.68000,42.121,1.360,-1,400.000,-1,400.000,-1,325.000,325.000,300.000,300.000,-1,-1,-1,-1,800.000,775.000,-1,-1,2,0,2,0,2,0,0,0,0,2,2,2,2,0,0,2,2
119,7579.787,3800.062,-157.719,-126.406,-0.594310,0.804236,-0.000753,-0.802628,-0.593062,0.063765,0.050835,0.038500,0.997965,0,0.70202,0.68387,42.121,1.368,-1,400.000,-1,400.000,-1,325.000,325.000,300.000,300.000,-1,-1,-1,-1,775.000,775.000,-1,-1,2,0,2,0,2,0,0,0,0,2,2,2,2,0,0,2,2
120,7555.604,3765.575,-155.532,-125.038,-0.574928,0.818203,-0.001008,-0.816602,-0.573725,0.063254,0.051176,0.037190,0.997997,0,0.70202,0.68387,42.121,1.368,-1,400.000,-1,400.000,-1,325.000,325.000,300.000,300.000,-1,-1,-1,-1,775.000,750.000,-1,-1,2,0,2,0,2,0,0,0,0,2,2,2,2,0,0,2,2
121,7532.251,3730.521,-153.338,-123.670,-0.555221,0.831702,-0.001312,-0.830106,-0.554056,0.062819,0.051519,0.035968,0.998024,0,0.70202,0.68387,42.121,1.368,-1,400.000,-1,400.000,-1,325.000,325.000,300.000,300.000,-1,-1,-1,-1,775.000,750.000,-1,-1,2,0,2,0,2,0,0,0,0,2,2,2,2,0,0,2,2
122,7509.741,3694.919,-151.130,-122.303,-0.535199,0.844725,-0.001670,-0.843136,-0.534068,0.062395,0.051815,0.034802,0.998050,0,0.70202,0.68387,42.121,1.368,-1,400.000,-1,400.000,-1,325.000,325.000,300.000,300.000,-1,-1,-1,-1,775.000,750.000,-1,-1,2,0,2,0,2,0,0,0,0,2,2,2,2,0,0,2,2
123,7488.088,3658.790,-148.889,-120.935,-0.514869,0.857266,-0.001992,-0.855683,-0.513774,0.061990,0.052118,0.033622,0.998075,0,0.70202,0.68387,42.121,1.368,-1,400.000,-1,400.000,-1,325.000,325.000,300.000,300.000,-1,-1,-1,-1,775.000,750.000,-1,-1,2,0,2,0,2,0,0,0,0,2,2,2,2,0,0,2,2
124,7467.303,3622.154,-146.619,-119.567,-0.494244,0.869320,-0.002277,-0.867741,-0.493185,0.061592,0.052420,0.032417,0.998099,0,0.70202,0.68387,42.121,1.368,-1,400.000,-1,400.000,-1,325.000,325.000,300.000,300.000,-1,-1,-1,-1,775.000,750.000,-1,-1,2,0,2,0,2,0,0,0,0,2,2,2,2,0,0,2,2
125,7447.399,3585.032,-144.333,-118.199,-0.473333,0.880880,-0.002503,-0.879307,-0.472314,0.061149,0.052683,0.031144,0.998126,0,0.70202,0.68387,42.121,1.368,-1,400.000,-1,400.000,-1,325.000,325.000,300.000,300.000,-1,-1,-1,-1,775.000,750.000,-1,-1,2,0,2,0,2,0,0,0,0,2,2,2,2,0,0,2,2
126,7428.386,3547.446,-142.019,-116.832,-0.452150,0.891938,-0.002700,-0.890369,-0.451171,0.060733,0.052952,0.029864,0.998150,0,0.70202,0.68387,42.121,1.368,-1,400.000,-1,400.000,-1,325.000,325.000,300.000,300.000,-1,-1,-1,-1,775.000,725.000,-1,-1,2,0,2,0,2,0,0,0,0,2,2,2,2,0,0,2,2
127,7410.276,3509.417,-139.678,-115.464,-0.430708,0.902487,-0.002872,-0.900921,-0.429768,0.060344,0.053225,0.028578,0.998174,0,0.70202,0.68387,42.121,1.368,-1,400.000,-1,400.000,-1,325.000,325.000,300.000,300.000,-1,-1,-1,-1,775.000,725.000,-1,-1,2,0,2,0,2,0,0,0,0,2,2,2,2,0,0,2,2
128,7393.078,3470.967,-137.311,-114.096,-0.409019,0.912521,-0.003022,-0.910956,-0.408119,0.059981,0.053500,0.027286,0.998195,0,0.70202,0.68387,42.121,1.368,-1,400.000,-1,400.000,-1,325.000,325.000,300.000,300.000,-1,-1,-1,-1,775.000,725.000,-1,-1,2,0,2,0,2,0,0,0,0,2,2,2,2,0,0,2,2
129,7376.804,3432.117,-134.920,-112.729,-0.387095,0.922034,-0.003152,-0.920470,-0.386235,0.059642,0.053775,0.025989,0.998215,0,0.70202,0.68387,42.121,1.368,-1,400.000,-1,400.000,-1,325.000,325.000,300.000,300.000,-1,-1,-1,-1,775.000,725.000,-1,-1,2,0,2,0,2,0,0,0,0,2,2,2,2,0,0,2,2
130,7361.461,3392.889,-132.552,-111.361,-0.364941,0.931026,-0.003044,-0.929452,-0.364130,0.059396,0.054191,0.024505,0.998230,0,0.70202,0.68387,42.121,1.368,-1,400.000,-1,400.000,-1,325.000,325.000,300.000,300.000,-1,-1,-1,-1,775.000,725.000,-1,-1,2,0,2,0,2,0,0,0,0,2,2,2,2,0,0,2,2
131,7347.059,3353.306,-130.208,-109.993,-0.342568,0.939489,-0.002706,-0.937897,-0.341817,0.059255,0.054744,0.022837,0.998239,0,0.70202,0.68387,42.121,1.368,-1,400.000,-1,375.000,-1,325.000,325.000,300.000,300.000,-1,-1,-1,-1,800.000,725.000,-1,-1,2,0,2,0,2,0,0,0,0,2,2,2,2,0,0,2,2
132,7333.605,3313.391,-127.929,-108.625,-0.319980,0.947422,-0.002130,-0.945826,-0.319309,0.058774,0.055004,0.020821,0.998269,0,0.70202,0.68387,42.121,1.368,-1,400.000,-1,375.000,-1,325.000,325.000,300.000,300.000,-1,-1,-1,-1,800.000,725.000,-1,-1,2,0,2,0,2,0,0,0,0,2,2,2,2,0,0,2,2
133,7321.109,3273.167,-125.640,-107.258,-0.297205,0.954812,-0.001516,-0.953216,-0.296615,0.058299,0.055215,0.018772,0.998298,0,0.70202,0.68387,42.121,1.368,-1,400.000,-1,375.000,-1,325.000,325.000,300.000,300.000,-1,-1,-1,-1,775.000,725.000,-1,-1,2,0,2,0,2,0,0,0,0,2,2,2,2,0,0,2,2
134,7309.576,3232.655,-123.333,-105.890,-0.274259,0.961655,-0.000895,-0.960058,-0.273750,0.057872,0.055408,0.016731,0.998324,0,0.70202,0.68387,42.121,1.368,-1,400.000,-1,375.000,-1,325.000,325.000,300.000,300.000,-1,-1,-1,-1,775.000,725.000,-1,-1,2,0,2,0,2,0,0,0,0,2,2,2,2,0,0,2,2
135,7299.013,3191.879,-121.026,-104.522,-0.251159,0.967946,-0.000301,-0.966345,-0.250726,0.057571,0.055650,0.014750,0.998341,0,0.70202,0.68387,42.121,1.368,-1,400.000,-1,375.000,-1,325.000,325.000,300.000,300.000,-1,-1,-1,-1,800.000,700.000,-1,-1,2,0,2,0,2,0,0,0,0,2,2,2,2,0,0,2,2
136,7289.427,3150.863,-118.682,-103.154,-0.227910,0.973682,0.000388,-0.972077,-0.227557,0.057304,0.055884,0.012683,0.998357,0,0.70202,0.68387,42.121,1.368,-1,400.000,-1,375.000,-1,325.000,325.000,300.000,300.000,-1,-1,-1,-1,800.000,700.000,-1,-1,2,0,2,0,2,0,0,0,0,2,2,2,2,0,0,2,2
