timestep,x_cm,y_cm,z_cm,yaw_deg,basis_xx,basis_xy,basis_xz,basis_yx,basis_yy,basis_yz,basis_zx,basis_zy,basis_zz,teleport_flag,throttle_cmd,steering_cmd,cmd_move_cm,cmd_turn_deg,lidar_cm_0,lidar_cm_1,lidar_cm_2,lidar_cm_3,lidar_cm_4,lidar_cm_5,lidar_cm_6,lidar_cm_7,lidar_cm_8,lidar_cm_9,lidar_cm_10,lidar_cm_11,lidar_cm_12,lidar_cm_13,lidar_cm_14,lidar_cm_15,lidar_cm_16,lidar_class_0,lidar_class_1,lidar_class_2,lidar_class_3,lidar_class_4,lidar_class_5,lidar_class_6,lidar_class_7,lidar_class_8,lidar_class_9,lidar_class_10,lidar_class_11,lidar_class_12,lidar_class_13,lidar_class_14,lidar_class_15,lidar_class_16
0,-8199.578,3612.411,-323.077,95.057,-0.089569,-0.995614,0.027018,0.994777,-0.088094,0.051555,-0.048949,0.031494,0.998305,1,0.08000,0.12000,4.800,0.240,-1,400.000,-1,375.000,-1,325.000,325.000,300.000,300.000,-1,-1,-1,-1,800.000,750.000,-1,-1,2,0,2,0,2,0,0,0,0,2,2,2,2,0,0,2,2
1,-8200.486,3621.968,-323.546,95.423,-0.095927,-0.995027,0.026809,0.994198,-0.094461,0.051455,-0.048667,0.031589,0.998315,0,0.16000,0.18325,9.600,0.367,-1,400.000,-1,375.000,-1,325.000,325.000,300.000,300.000,-1,-1,-1,-1,800.000,750.000,-1,-1,2,0,2,0,2,0,0,0,0,2,2,2,2,0,0,2,2
2,-8201.938,3636.295,-324.244,95.790,-0.102276,-0.994403,0.026504,0.993581,-0.100824,0.051303,-0.048343,0.031581,0.998331,0,0.24000,0.18325,14.400,0.367,-1,400.000,-1,375.000,-1,325.000,325.000,300.000,300.000,-1,-1,-1,-1,800.000,750.000,-1,-1,2,0,2,0,2,0,0,0,0,2,2,2,2,0,0,2,2
3,-8203.997,3655.384,-325.170,96.156,-0.108614,-0.993741,0.026101,0.992925,-0.107183,0.051098,-0.047981,0.031467,0.998352,0,0.32000,0.18325,19.200,0.367,-1,400.000,-1,375.000,-1,325.000,325.000,300.000,300.000,-1,-1,-1,-1,800.000,750.000,-1,-1,2,0,2,0,2,0,0,0,0,2,2,2,2,0,0,2,2
4,-8206.723,3679.229,-326.323,96.523,-0.114943,-0.993042,0.025601,0.992232,-0.113538,0.050841,-0.047580,0.031246,0.998379,0,0.40000,0.18325,24.000,0.367,-1,400.000,-1,375.000,-1,325.000,325.000,300.000,300.000,-1,-1,-1,-1,800.000,775.000,-1,-1,2,0,2,0,2,0,0,0,0,2,2,2,2,0,0,2,2
5,-8210.178,3707.821,-327.702,96.889,-0.121261,-0.992306,0.025001,0.991501,-0.119889,0.050529,-0.047143,0.030915,0.998410,0,0.48000,0.18325,28.800,0.367,-1,400.000,-1,375.000,-1,325.000,325.000,300.000,300.000,-1,-1,-1,-1,825.000,775.000,-1,-1,2,0,2,0,2,0,0,0,0,2,2,2,2,0,0,2,2
6,-8214.421,3741.151,-329.308,97.256,-0.127568,-0.991532,0.024299,0.990731,-0.126236,0.050161,-0.046668,0.030472,0.998446,0,0.56000,0.18325,33.600,0.367,-1,400.000,-1,400.000,-1,325.000,325.000,300.000,300.000,-1,-1,-1,-1,825.000,775.000,-1,-1,2,0,2,0,2,0,0,0,0,2,2,2,2,0,0,2,2
7,-8219.514,3779.212,-331.141,97.622,-0.133865,-0.990721,0.023493,0.989924,-0.132578,0.049733,-0.046157,0.029914,0.998486,0,0.64000,0.18325,38.400,0.367,-1,400.000,-1,400.000,-1,325.000,325.000,300.000,300.000,-1,-1,-1,-1,825.000,775.000,-1,-1,2,0,2,0,2,0,0,0,0,2,2,2,2,0,0,2,2
8,-8225.518,3821.993,-333.202,97.989,-0.140151,-0.989873,0.022580,0.989079,-0.138916,0.049242,-0.045606,0.029235,0.998532,0,0.72000,0.18325,43.200,0.367,-1,400.000,-1,400.000,-1,325.000,325.000,300.000,300.000,-1,-1,-1,-1,825.000,775.000,-1,-1,2,0,2,0,2,0,0,0,0,2,2,2,2,0,0,2,2
9,-8232.493,3869.483,-335.493,98.355,-0.146426,-0.988987,0.021557,0.988197,-0.145248,0.048682,-0.045015,0.028431,0.998582,0,0.80000,0.18325,48.000,0.367,-1,400.000,-1,400.000,-1,325.000,325.000,300.000,300.000,-1,-1,-1,-1,825.000,800.000,-1,-1,2,0,2,0,2,0,0,0,0,2,2,2,2,0,0,2,2
10,-8240.499,3921.673,-338.037,98.722,-0.152700,-0.988061,0.020454,0.987262,-0.151575,0.048369,-0.044691,0.027579,0.998620,0,0.88000,0.18325,52.800,0.367,-1,400.000,-1,400.000,-1,325.000,325.000,300.000,300.000,-1,-1,-1,-1,825.000,825.000,-1,-1,2,0,2,0,2,0,0,0,0,2,2,2,2,0,0,2,2
11,-8248.961,3974.575,-340.717,99.088,-0.159001,-0.987081,0.019743,0.986255,-0.157894,0.048687,-0.044941,0.027213,0.998619,0,0.89291,0.18325,53.574,0.367,-1,400.000,-1,400.000,-1,325.000,325.000,300.000,300.000,-1,-1,-1,-1,850.000,850.000,-1,-1,2,0,2,0,2,0,0,0,0,2,2,2,2,0,0,2,2
12,-8257.761,4027.421,-343.333,99.455,-0.165315,-0.986055,0.019132,0.985178,-0.164205,0.049605,-0.045772,0.027049,0.998586,0,0.89291,0.18325,53.574,0.367,-1,400.000,-1,400.000,-1,325.000,325.000,300.000,300.000,-1,-1,-1,-1,850.000,875.000,-1,-1,2,0,2,0,2,0,0,0,0,2,2,2,2,0,0,2,2
13,-8266.899,4080.211,-345.961,99.821,-0.171618,-0.984991,0.018414,0.984059,-0.170511,0.050543,-0.046645,0.026795,0.998552,0,0.89291,0.18325,53.574,0.367,-1,400.000,-1,400.000,-1,325.000,325.000,300.000,300.000,-1,-1,-1,-1,850.000,875.000,-1,-1,2,0,2,0,2,0,0,0,0,2,2,2,2,0,0,2,2
14,-8276.375,4132.940,-348.582,100.188,-0.177912,-0.983888,0.017662,0.982899,-0.176809,0.051459,-0.047507,0.026515,0.998519,0,0.89291,0.18325,53.574,0.367,-1,400.000,-1,400.000,-1,325.000,325.000,300.000,300.000,-1,-1,-1,-1,850.000,900.000,-1,-1,2,0,2,0,2,0,0,0,0,2,2,2,2,0,0,2,2
15,-8286.188,4185.609,-351.199,100.554,-0.184195,-0.982745,0.016873,0.981699,-0.183101,0.052349,-0.048356,0.026207,0.998486,0,0.89291,0.18325,53.574,0.367,-1,400.000,-1,400.000,-1,325.000,325.000,300.000,300.000,-1,-1,-1,-1,875.000,900.000,-1,-1,2,0,2,0,2,0,0,0,0,2,2,2,2,0,0,2,2
16,-8296.337,4238.213,-353.811,100.921,-0.190469,-0.981562,0.016048,0.980460,-0.189385,0.053214,-0.049193,0.025870,0.998454,0,0.89291,0.18325,53.574,0.367,-1,400.000,-1,400.000,-1,325.000,325.000,300.000,300.000,-1,-1,-1,-1,875.000,925.000,-1,-1,2,0,2,0,2,0,0,0,0,2,2,2,2,0,0,2,2
17,-8306.823,4290.751,-356.419,101.287,-0.196731,-0.980340,0.015186,0.979181,-0.195661,0.054050,-0.050016,0.025503,0.998423,0,0.89291,0.18325,53.574,0.367,-1,400.000,-1,400.000,-1,325.000,325.000,300.000,300.000,-1,-1,-1,-1,875.000,925.000,-1,-1,2,0,2,0,2,0,0,0,0,2,2,2,2,0,0,2,2
18,-8317.645,4343.221,-359.022,101.654,-0.202983,-0.979078,0.014285,0.977862,-0.201930,0.054857,-0.050824,0.025104,0.998392,0,0.89291,0.18325,53.574,0.367,-1,400.000,-1,400.000,-1,325.000,325.000,300.000,300.000,-1,-1,-1,-1,875.000,950.000,-1,-1,2,0,2,0,2,0,0,0,0,2,2,2,2,0,0,2,2
19,-8328.802,4395.621,-361.621,102.020,-0.209223,-0.977777,0.013346,0.976505,-0.208191,0.055632,-0.051617,0.024672,0.998362,0,0.89291,0.18325,53.574,0.367,-1,400.000,-1,425.000,-1,325.000,325.000,300.000,300.000,-1,-1,-1,-1,875.000,950.000,-1,-1,2,0,2,0,2,0,0,0,0,2,2,2,2,0,0,2,2
20,-8340.294,4447.948,-364.216,102.387,-0.215451,-0.976436,0.012368,0.975108,-0.214444,0.056374,-0.052393,0.024206,0.998333,0,0.89291,0.18325,53.574,0.367,-1,425.000,-1,425.000,-1,325.000,325.000,300.000,325.000,-1,-1,-1,-1,875.000,950.000,-1,-1,2,0,2,0,2,0,0,0,0,2,2,2,2,0,0,2,2
21,-8352.120,4500.201,-366.807,102.753,-0.221667,-0.975056,0.011350,0.973673,-0.220688,0.057081,-0.053152,0.023704,0.998305,0,0.89291,0.18325,53.574,0.367,-1,425.000,-1,425.000,-1,325.000,350.000,300.000,325.000,-1,-1,-1,-1,875.000,950.000,-1,-1,2,0,2,0,2,0,0,0,0,2,2,2,2,0,0,2,2
22,-8364.281,4552.377,-369.581,103.120,-0.227905,-0.973621,0.011005,0.972202,-0.226920,0.057710,-0.053691,0.023852,0.998273,0,0.89291,0.18325,53.574,0.367,-1,425.000,-1,425.000,-1,350.000,350.000,300.000,325.000,-1,-1,-1,-1,875.000,950.000,-1,-1,2,0,2,0,2,0,0,0,0,2,2,2,2,0,0,2,2
23,-8376.775,4604.475,-373.040,103.486,-0.234285,-0.972084,0.012747,0.970568,-0.233128,0.060412,-0.055754,0.026525,0.998092,0,0.89291,0.18325,53.574,0.367,-1,425.000,-1,425.000,-1,350.000,350.000,300.000,300.000,-1,-1,-1,-1,875.000,925.000,-1,-1,2,0,2,0,2,0,0,0,0,2,2,2,2,0,0,2,2
24,-8389.603,4656.491,-376.516,103.853,-0.240653,-0.970506,0.014321,0.968895,-0.239324,0.062980,-0.057695,0.029032,0.997912,0,0.89291,0.18325,53.574,0.367,-1,425.000,-1,425.000,-1,350.000,350.000,300.000,300.000,-1,-1,-1,-1,850.000,925.000,-1,-1,2,0,2,0,2,0,0,0,0,2,2,2,2,0,0,2,2
25,-8402.762,4708.424,-380.328,104.219,-0.246943,-0.968925,0.014230,0.967143,-0.245520,0.065986,-0.060442,0.030057,0.997719,0,0.89291,0.18325,53.574,0.367,-1,425.000,-1,425.000,-1,350.000,350.000,300.000,300.000,-1,-1,-1,-1,850.000,900.000,-1,-1,2,0,2,0,2,0,0,0,0,2,2,2,2,0,0,2,2
26,-8416.254,4760.272,-384.214,104.586,-0.253203,-0.967317,0.013631,0.965329,-0.251708,0.069152,-0.063461,0.030668,0.997513,0,0.89291,0.18325,53.574,0.367,-1,425.000,-1,425.000,-1,325.000,350.000,300.000,300.000,-1,-1,-1,-1,825.000,875.000,-1,-1,2,0,2,0,2,0,0,0,0,2,2,2,2,0,0,2,2
27,-8430.077,4812.033,-388.076,104.952,-0.259449,-0.965669,0.012993,0.963469,-0.257886,0.072265,-0.066433,0.031267,0.997301,0,0.89291,0.18325,53.574,0.367,-1,400.000,-1,425.000,-1,325.000,350.000,300.000,300.000,-1,-1,-1,-1,800.000,850.000,-1,-1,2,0,2,0,2,0,0,0,0,2,2,2,2,0,0,2,2
28,-8444.230,4863.705,-391.914,105.319,-0.265682,-0.963982,0.012316,0.961563,-0.264053,0.075320,-0.069355,0.031853,0.997083,0,0.89291,0.18325,53.574,0.367,-1,400.000,-1,425.000,-1,325.000,325.000,300.000,300.000,-1,-1,-1,-1,775.000,825.000,-1,-1,2,0,2,0,2,0,0,0,0,2,2,2,2,0,0,2,2
29,-8458.714,4915.285,-395.728,105.685,-0.271900,-0.962256,0.011601,0.959611,-0.270209,0.078318,-0.072227,0.032427,0.996861,0,0.89291,0.18325,53.574,0.367,-1,400.000,-1,425.000,-1,325.000,325.000,300.000,300.000,-1,-1,-1,-1,750.000,800.000,-1,-1,2,0,2,0,2,0,0,0,0,2,2,2,2,0,0,2,2
30,-8473.528,4966.771,-399.517,106.052,-0.278104,-0.960490,0.010850,0.957615,-0.276353,0.081256,-0.075047,0.032988,0.996634,0,0.89291,0.18325,53.574,0.367,-1,400.000,-1,400.000,-1,325.000,325.000,300.000,300.000,-1,-1,-1,-1,725.000,775.000,-1,-1,2,0,2,0,2,0,0,0,0,2,2,2,2,0,0,2,2
31,-8487.510,5013.499,-402.930,106.658,-0.288310,-0.957484,0.010116,0.954404,-0.286497,0.083861,-0.077398,0.033833,0.996426,0,0.81291,0.30325,48.774,0.607,-1,400.000,-1,400.000,-1,325.000,325.000,300.000,325.000,-1,-1,-1,-1,700.000,750.000,-1,-1,2,0,2,0,2,0,0,0,0,2,2,2,2,0,0,2,2
32,-8500.737,5055.437,-405.962,107.505,-0.302480,-0.953110,0.009377,0.949854,-0.300600,0.086128,-0.079270,0.034958,0.996240,0,0.73291,0.42325,43.974,0.847,-1,375.000,-1,400.000,-1,325.000,325.000,300.000,325.000,-1,-1,-1,-1,675.000,750.000,-1,-1,2,0,2,0,2,0,0,0,0,2,2,2,2,0,0,2,2
33,-8513.227,5092.567,-408.591,108.591,-0.320560,-0.947188,0.008719,0.943794,-0.318601,0.088013,-0.080587,0.036443,0.996081,0,0.65291,0.54325,39.174,1.087,-1,375.000,-1,400.000,-1,325.000,325.000,300.000,325.000,-1,-1,-1,-1,675.000,725.000,-1,-1,2,0,2,0,2,0,0,0,0,2,2,2,2,0,0,2,2
34,-8524.938,5124.885,-410.840,109.918,-0.342462,-0.939498,0.008023,0.935998,-0.340421,0.089563,-0.081414,0.038181,0.995949,0,0.57291,0.66325,34.374,1.327,-1,375.000,-1,375.000,-1,325.000,325.000,300.000,325.000,-1,-1,-1,-1,650.000,725.000,-1,-1,2,0,2,0,2,0,0,0,0,2,2,2,2,0,0,2,2
35,-8535.753,5152.430,-412.999,111.435,-0.367340,-0.930047,0.008565,0.926558,-0.365130,0.090395,-0.080944,0.041141,0.995869,0,0.49320,0.75847,29.592,1.517,-1,375.000,-1,375.000,-1,300.000,325.000,300.000,325.000,-1,-1,-1,-1,650.000,700.000,-1,-1,2,0,2,0,2,0,0,0,0,2,2,2,2,0,0,2,2
36,-8547.293,5179.679,-415.247,112.952,-0.391985,-0.919921,0.009662,0.916488,-0.389565,0.091043,-0.079989,0.044543,0.995800,0,0.49320,0.75847,29.592,1.517,-1,375.000,-1,375.000,-1,300.000,300.000,300.000,325.000,-1,-1,-1,-1,650.000,700.000,-1,-1,2,0,2,0,2,0,0,0,0,2,2,2,2,0,0,2,2
37,-8559.551,5206.612,-417.300,114.468,-0.416297,-0.909169,0.010442,0.905840,-0.413728,0.091012,-0.078425,0.047347,0.995795,0,0.49320,0.75847,29.592,1.517,-1,375.000,-1,375.000,-1,300.000,300.000,300.000,325.000,-1,-1,-1,-1,650.000,700.000,-1,-1,2,0,2,0,2,0,0,0,0,2,2,2,2,0,0,2,2
38,-8572.518,5233.211,-419.304,115.985,-0.440307,-0.897777,0.011238,0.894563,-0.437592,0.090939,-0.076725,0.050094,0.995793,0,0.49320,0.75847,29.592,1.517,-1,375.000,-1,375.000,-1,300.000,300.000,300.000,325.000,-1,-1,-1,-1,650.000,675.000,-1,-1,2,0,2,0,2,0,0,0,0,2,2,2,2,0,0,2,2
39,-8586.184,5259.458,-421.251,117.502,-0.463995,-0.885756,0.012019,0.882663,-0.461142,0.090857,-0.074935,0.052766,0.995791,0,0.49320,0.75847,29.592,1.517,-1,375.000,-1,375.000,-1,300.000,300.000,300.000,325.000,-1,-1,-1,-1,650.000,675.000,-1,-1,2,0,2,0,2,0,0,0,0,2,2,2,2,0,0,2,2
40,-8600.541,5285.333,-423.141,119.019,-0.487346,-0.873116,0.012784,0.870148,-0.484360,0.090765,-0.073056,0.055358,0.995790,0,0.49320,0.75847,29.592,1.517,-1,375.000,-1,375.000,-1,300.000,300.000,300.000,325.000,-1,-1,-1,-1,650.000,675.000,-1,1000.000,2,0,2,0,2,0,0,0,0,2,2,2,2,0,0,2,0
41,-8615.577,5310.820,-424.971,120.536,-0.510342,-0.859865,0.013533,0.857028,-0.507232,0.090660,-0.071091,0.057866,0.995790,0,0.49320,0.75847,29.592,1.517,-1,375.000,-1,375.000,-1,300.000,300.000,300.000,325.000,-1,-1,-1,-1,650.000,650.000,-1,975.000,2,0,2,0,2,0,0,0,0,2,2,2,2,0,0,2,0
42,-8631.283,5335.899,-426.756,122.053,-0.532965,-0.846018,0.014239,0.843320,-0.529743,0.090465,-0.068992,0.060223,0.995798,0,0.49320,0.75847,29.592,1.517,-1,375.000,-1,375.000,975.000,300.000,300.000,300.000,325.000,-1,-1,-1,-1,650.000,650.000,-1,950.000,2,0,2,0,0,0,0,0,0,2,2,2,2,0,0,2,0
43,-8647.687,5360.614,-428.661,123.571,-0.555161,-0.831613,0.014654,0.829100,-0.551909,0.089384,-0.066245,0.061773,0.995889,0,0.49440,0.75874,29.664,1.517,-1,375.000,-1,375.000,950.000,300.000,300.000,300.000,325.000,-1,-1,-1,-1,650.000,650.000,-1,925.000,2,0,2,0,0,0,0,0,0,2,2,2,2,0,0,2,0
44,-8664.811,5384.987,-430.506,125.089,-0.576973,-0.816623,0.015110,0.814297,-0.573696,0.088279,-0.063422,0.063239,0.995981,0,0.49647,0.75913,29.788,1.518,-1,375.000,-1,375.000,925.000,300.000,300.000,300.000,325.000,-1,-1,-1,-1,650.000,625.000,-1,900.000,2,0,2,0,0,0,0,0,0,2,2,2,2,0,0,2,0
45,-8682.651,5408.999,-432.291,126.608,-0.598382,-0.801059,0.015606,0.798922,-0.595087,0.087153,-0.060527,0.064619,0.996073,0,0.49857,0.75942,29.914,1.519,-1,375.000,-1,375.000,900.000,300.000,300.000,300.000,325.000,-1,-1,-1,-1,650.000,625.000,-1,875.000,2,0,2,0,0,0,0,0,0,2,2,2,2,0,0,2,0
46,-8701.200,5432.630,-434.012,128.127,-0.619369,-0.784934,0.016145,0.782987,-0.616063,0.086007,-0.057563,0.065911,0.996164,0,0.50071,0.75960,30.042,1.519,-1,375.000,-1,375.000,875.000,300.000,300.000,300.000,325.000,-1,-1,-1,-1,650.000,625.000,-1,850.000,2,0,2,0,0,0,0,0,0,2,2,2,2,0,0,2,0
47,-8720.452,5455.861,-435.668,129.646,-0.639917,-0.768262,0.016725,0.766506,-0.636608,0.084845,-0.054536,0.067114,0.996254,0,0.50287,0.75968,30.172,1.519,-1,375.000,-1,375.000,850.000,300.000,300.000,300.000,325.000,-1,-1,-1,-1,650.000,625.000,-1,825.000,2,0,2,0,0,0,0,0,0,2,2,2,2,0,0,2,0
48,-8740.399,5478.672,-437.256,131.166,-0.660011,-0.751056,0.017349,0.749493,-0.656704,0.083670,-0.051448,0.068226,0.996342,0,0.50506,0.75965,30.303,1.519,-1,375.000,-1,350.000,825.000,300.000,300.000,300.000,325.000,-1,-1,-1,-1,625.000,600.000,-1,825.000,2,0,2,0,0,0,0,0,0,2,2,2,2,0,0,2,0
49,-8761.034,5501.043,-438.776,132.685,-0.679632,-0.733332,0.018015,0.731961,-0.676335,0.082486,-0.048306,0.069246,0.996429,0,0.50726,0.75951,30.436,1.519,-1,375.000,-1,350.000,800.000,300.000,300.000,300.000,325.000,-1,-1,-1,-1,625.000,600.000,-1,800.000,2,0,2,0,0,0,0,0,0,2,2,2,2,0,0,2,0
50,-8782.347,5522.956,-440.225,134.203,-0.698766,-0.715105,0.018723,0.713927,-0.695485,0.081295,-0.045113,0.070173,0.996514,0,0.50947,0.75925,30.568,1.518,-1,375.000,-1,350.000,775.000,300.000,300.000,300.000,300.000,-1,-1,-1,-1,625.000,600.000,-1,775.000,2,0,2,0,0,0,0,0,0,2,2,2,2,0,0,2,0
51,-8804.328,5544.388,-441.551,135.721,-0.717393,-0.696393,0.019577,0.695418,-0.714140,0.079983,-0.041719,0.070994,0.996604,0,0.51170,0.75886,30.702,1.518,-1,375.000,-1,350.000,775.000,300.000,300.000,300.000,300.000,-1,500.000,575.000,-1,625.000,600.000,-1,775.000,2,0,2,0,0,0,0,0,0,2,0,0,2,0,0,2,0
52,-8826.966,5565.322,-442.680,137.238,-0.735496,-0.677210,0.020788,0.676468,-0.732283,0.078444,-0.037900,0.071757,0.996702,0,0.51392,0.75836,30.835,1.517,-1,375.000,-1,350.000,750.000,300.000,300.000,300.000,300.000,-1,450.000,525.000,-1,625.000,600.000,-1,750.000,2,0,2,0,0,0,0,0,0,2,0,0,2,0,0,2,0
53,-8850.250,5585.738,-443.732,138.753,-0.753066,-0.657576,0.022046,0.657064,-0.749901,0.076908,-0.034041,0.072403,0.996794,0,0.51613,0.75772,30.968,1.515,-1,375.000,-1,350.000,750.000,300.000,300.000,300.000,300.000,-1,425.000,500.000,-1,625.000,575.000,-1,750.000,2,0,2,0,0,0,0,0,0,2,0,0,2,0,0,2,0
54,-8874.167,5605.616,-444.625,140.267,-0.770088,-0.637524,0.022978,0.637214,-0.766999,0.075306,-0.030385,0.072634,0.996896,0,0.51833,0.75695,31.100,1.514,-1,375.000,1000.000,350.000,725.000,300.000,300.000,300.000,300.000,-1,425.000,475.000,-1,625.000,575.000,-1,750.000,2,0,1,0,0,0,0,0,0,2,0,0,2,0,0,2,0
55,-8898.702,5624.937,-445.343,141.779,-0.786555,-0.617073,0.023522,0.616931,-0.783569,0.073595,-0.026982,0.072398,0.997011,0,0.52051,0.75605,31.230,1.512,-1,375.000,1000.000,350.000,725.000,300.000,300.000,300.000,300.000,-1,425.000,475.000,-1,625.000,575.000,-1,750.000,2,0,1,0,0,0,0,0,0,2,0,0,2,0,0,2,0
56,-8923.841,5643.682,-445.980,143.289,-0.802455,-0.596226,0.024104,0.596247,-0.799579,0.071856,-0.023569,0.072033,0.997124,0,0.52265,0.75500,31.359,1.510,-1,375.000,975.000,350.000,700.000,300.000,300.000,300.000,325.000,-1,425.000,500.000,-1,625.000,575.000,-1,750.000,2,0,1,0,0,0,0,0,0,2,0,0,2,0,0,2,0
57,-8949.567,5661.833,-446.534,144.797,-0.817778,-0.575003,0.024725,0.575181,-0.815017,0.070092,-0.020152,0.071541,0.997234,0,0.52476,0.75381,31.486,1.508,-1,375.000,975.000,350.000,700.000,300.000,300.000,300.000,325.000,-1,425.000,500.000,-1,625.000,575.000,-1,750.000,2,0,1,0,0,0,0,0,0,2,0,0,2,0,0,2,0
58,-8975.864,5679.369,-446.999,146.302,-0.832514,-0.553423,0.025381,0.553751,-0.829873,0.068341,-0.016758,0.070950,0.997339,0,0.52682,0.75247,31.609,1.505,-1,375.000,975.000,350.000,700.000,300.000,300.000,300.000,325.000,-1,425.000,500.000,-1,625.000,575.000,-1,725.000,2,0,1,0,0,0,0,0,0,2,0,0,2,0,1,2,1
59,-9002.714,5696.275,-447.365,147.804,-0.846654,-0.531505,0.026062,0.531974,-0.844132,0.066664,-0.013433,0.070306,0.997435,0,0.52882,0.75098,31.729,1.502,-1,375.000,975.000,350.000,700.000,300.000,300.000,300.000,325.000,-1,425.000,525.000,-1,625.000,550.000,-1,675.000,2,0,1,0,0,0,0,0,0,2,0,0,2,0,1,2,1
60,-9034.046,5715.053,-447.680,149.066,-0.858076,-0.512816,0.026948,0.513423,-0.855685,0.064817,-0.010180,0.069453,0.997533,0,0.60882,0.63098,36.529,1.262,-1,350.000,975.000,350.000,675.000,300.000,300.000,300.000,325.000,-1,425.000,525.000,-1,625.000,550.000,-1,625.000,2,0,1,0,0,0,0,0,0,2,0,0,2,0,1,2,1
61,-9069.869,5735.662,-447.927,150.088,-0.867006,-0.497509,0.028035,0.498249,-0.864757,0.062794,-0.006997,0.068411,0.997633,0,0.68882,0.51098,41.329,1.022,-1,350.000,950.000,350.000,675.000,300.000,300.000,300.000,325.000,-1,425.000,525.000,-1,625.000,525.000,-1,600.000,2,0,1,0,0,0,0,0,0,2,0,0,2,0,1,2,1
62,-9110.162,5758.118,-447.950,150.869,-0.873621,-0.485682,0.030005,0.486596,-0.871505,0.060863,-0.003410,0.067772,0.997695,0,0.76882,0.39098,46.129,0.782,-1,350.000,950.000,350.000,625.000,300.000,300.000,300.000,325.000,-1,425.000,525.000,-1,625.000,500.000,-1,550.000,2,0,1,0,1,0,0,0,0,2,0,0,2,0,1,2,1
63,-9154.882,5782.487,-447.595,151.411,-0.878044,-0.477405,0.033526,0.478580,-0.876039,0.059309,0.001056,0.068121,0.997677,0,0.84882,0.27098,50.929,0.542,-1,350.000,925.000,350.000,575.000,300.000,300.000,300.000,300.000,-1,400.000,500.000,-1,625.000,500.000,-1,500.000,2,0,1,1,1,0,0,0,0,2,0,0,2,0,1,2,1
64,-9201.307,5807.469,-447.132,151.713,-0.880400,-0.472771,0.037180,0.474200,-0.878524,0.057705,0.005382,0.068435,0.997641,0,0.87865,0.15098,52.719,0.302,-1,350.000,900.000,350.000,500.000,300.000,300.000,325.000,300.000,-1,375.000,475.000,-1,625.000,475.000,-1,475.000,2,0,1,1,1,0,0,0,0,2,0,0,2,0,1,2,1
65,-9247.936,5832.460,-446.587,151.810,-0.881037,-0.471280,0.040844,0.472951,-0.879304,0.056052,0.009498,0.068701,0.997592,0,0.88174,0.04833,52.904,0.097,-1,350.000,875.000,325.000,450.000,300.000,300.000,325.000,300.000,-1,375.000,450.000,-1,625.000,450.000,-1,425.000,2,0,1,1,1,0,0,0,0,2,0,0,2,0,1,2,1
66,-9294.768,5857.462,-445.863,151.903,-0.881639,-0.469868,0.044020,0.471737,-0.880077,0.054120,0.013311,0.068480,0.997564,0,0.88481,0.04622,53.089,0.092,-1,350.000,825.000,325.000,400.000,300.000,300.000,325.000,300.000,-1,375.000,425.000,-1,625.000,425.000,-1,375.000,2,0,1,1,1,0,0,0,0,2,0,0,2,0,1,2,1
67,-9341.797,5882.479,-444.664,151.990,-0.882149,-0.468575,0.047435,0.470617,-0.880905,0.050268,0.018232,0.066667,0.997609,0,0.88781,0.04395,53.268,0.088,-1,375.000,800.000,300.000,350.000,300.000,300.000,300.000,300.000,-1,350.000,425.000,-1,650.000,400.000,-1,350.000,2,0,1,1,1,0,0,0,0,2,0,0,2,0,1,2,1
68,-9389.015,5907.511,-442.595,152.073,-0.882520,-0.467445,0.051513,0.469582,-0.881859,0.042621,0.025504,0.061803,0.997762,0,0.89071,0.04150,53.443,0.083,-1,375.000,775.000,300.000,325.000,300.000,300.000,300.000,300.000,-1,325.000,375.000,-1,650.000,375.000,-1,325.000,2,0,1,1,1,0,1,0,0,2,0,0,2,0,1,2,1
69,-9436.415,5932.559,-440.009,152.151,-0.882787,-0.466429,0.055949,0.468535,-0.882836,0.032814,0.034089,0.055182,0.997894,0,0.89350,0.03886,53.610,0.078,-1,375.000,775.000,300.000,300.000,325.000,300.000,300.000,300.000,-1,275.000,325.000,-1,675.000,375.000,-1,300.000,2,0,1,1,1,0,1,0,0,2,0,0,2,0,1,2,1
70,-9483.988,5957.622,-436.902,152.223,-0.882950,-0.465520,0.060751,0.467401,-0.883800,0.020832,0.043994,0.046789,0.997936,0,0.89617,0.03599,53.770,0.072,-1,400.000,750.000,275.000,275.000,325.000,275.000,300.000,300.000,-1,200.000,250.000,-1,700.000,350.000,-1,275.000,2,0,1,1,1,0,1,0,0,2,0,0,2,0,1,2,1
71,-9531.723,5982.701,-433.085,152.289,-0.883030,-0.464690,0.065740,0.466127,-0.884685,0.007611,0.054622,0.037364,0.997808,0,0.89869,0.03288,53.921,0.066,-1,400.000,750.000,275.000,250.000,350.000,275.000,300.000,325.000,850.000,175.000,225.000,-1,750.000,350.000,-1,250.000,2,0,1,1,1,0,1,0,0,0,0,0,2,0,1,2,1
72,-9583.042,6009.862,-428.338,152.115,-0.881090,-0.467551,0.071252,0.468169,-0.883595,-0.008803,0.067074,0.025602,0.997419,0,0.96769,-0.08712,58.061,-0.174,-1,425.000,750.000,275.000,225.000,350.000,275.000,275.000,350.000,700.000,125.000,200.000,-1,800.000,325.000,-1,225.000,2,0,1,1,1,1,1,0,0,0,0,0,2,0,1,2,1
73,-9634.375,6037.311,-422.974,151.871,-0.878542,-0.471423,0.076970,0.470749,-0.881828,-0.027817,0.080988,0.011795,0.996645,0,0.97014,-0.12173,58.208,-0.243,-1,450.000,750.000,250.000,225.000,350.000,250.000,275.000,375.000,600.000,100.000,175.000,-1,825.000,325.000,-1,225.000,2,0,1,1,1,1,1,0,0,0,0,0,2,1,1,2,1
74,-9685.707,6065.048,-416.769,151.620,-0.875921,-0.475315,0.082694,0.472859,-0.879810,-0.048365,0.095743,-0.003262,0.995401,0,0.97239,-0.12559,58.344,-0.251,-1,475.000,775.000,250.000,200.000,325.000,250.000,275.000,425.000,525.000,75.000,175.000,-1,825.000,300.000,-1,200.000,2,0,1,1,1,1,1,0,0,0,0,0,2,1,1,2,1
75,-9737.019,6093.072,-409.629,151.360,-0.873244,-0.479211,0.088325,0.474454,-0.877488,-0.070054,0.111074,-0.019268,0.993625,0,0.97436,-0.12983,58.462,-0.260,-1,475.000,800.000,225.000,175.000,325.000,225.000,250.000,450.000,450.000,75.000,175.000,-1,800.000,300.000,-1,175.000,2,1,1,1,1,1,1,0,0,0,0,0,2,1,1,2,1
76,-9788.286,6121.384,-401.672,151.091,-0.870399,-0.483089,0.095031,0.475253,-0.874799,-0.094135,0.128609,-0.036771,0.991013,0,0.97599,-0.13452,58.559,-0.269,-1,475.000,850.000,225.000,175.000,325.000,225.000,250.000,500.000,375.000,50.000,175.000,-1,825.000,300.000,-1,175.000,2,1,1,1,1,1,1,0,0,0,0,0,2,1,1,2,1
77,-9839.479,6149.979,-393.024,150.812,-0.867468,-0.486904,0.102102,0.475009,-0.871633,-0.120919,0.147871,-0.056394,0.987398,0,0.97719,-0.13972,58.632,-0.279,-1,475.000,-1,225.000,150.000,325.000,225.000,250.000,575.000,300.000,25.000,150.000,-1,900.000,300.000,-1,150.000,2,1,2,1,1,1,1,0,0,0,0,0,2,1,1,2,1
78,-9890.567,6178.850,-383.709,150.521,-0.864584,-0.490577,0.108760,0.473459,-0.867827,-0.150708,0.168319,-0.078806,0.982577,0,0.97788,-0.14551,58.673,-0.291,-1,475.000,-1,225.000,150.000,325.000,250.000,225.000,600.000,250.000,25.000,150.000,-1,-1,325.000,-1,150.000,2,1,2,1,1,1,1,0,1,0,0,0,2,2,1,2,1
79,8199.180,-6887.127,140.463,-1.683,0.991386,0.028843,0.127756,-0.003965,0.981612,-0.190844,-0.130912,0.188693,0.973271,1,0.00000,0.00000,58.676,-0.304,-1,450.000,-1,275.000,100.000,325.000,275.000,350.000,175.000,175.000,525.000,600.000,-1,825.000,400.000,-1,125.000,2,0,2,0,0,1,0,1,0,1,1,1,2,0,0,2,0
80,1635.687,2293.339,48.380,-149.722,-0.863656,0.504062,-0.004421,-0.504013,-0.863362,0.024018,0.008290,0.022971,0.999702,1,0.08000,0.12000,4.800,0.240,-1,425.000,-1,375.000,-1,350.000,325.000,175.000,275.000,400.000,-1,-1,-1,1000.000,800.000,-1,-1,2,0,2,0,2,0,0,1,0,1,2,2,2,0,0,2,2
81,1627.426,2288.450,48.696,-149.380,-0.860623,0.509217,-0.005142,-0.509187,-0.860336,0.023458,0.007522,0.022807,0.999712,0,0.16000,0.17128,9.600,0.343,-1,425.000,-1,375.000,-1,350.000,325.000,175.000,275.000,425.000,-1,-1,-1,1000.000,800.000,-1,-1,2,0,2,0,2,0,0,1,0,1,2,2,2,0,0,2,2
82,1615.078,2281.041,49.235,-149.037,-0.857559,0.514343,-0.006571,-0.514349,-0.857278,0.022804,0.006096,0.022936,0.999718,0,0.24000,0.17106,14.400,0.342,-1,425.000,-1,375.000,-1,350.000,325.000,200.000,275.000,400.000,-1,-1,-1,1000.000,800.000,-1,-1,2,0,2,0,2,0,0,1,0,1,2,2,2,0,0,2,2
83,1598.673,2271.065,49.967,-148.696,-0.854465,0.519439,-0.008599,-0.519494,-0.854191,0.021996,0.004080,0.023262,0.999721,0,0.32000,0.17072,19.200,0.341,-1,425.000,-1,375.000,-1,350.000,325.000,200.000,275.000,375.000,-1,-1,-1,1000.000,800.000,-1,-1,2,0,2,0,2,0,0,1,0,1,2,2,2,0,0,2,2
84,1578.241,2258.474,50.850,-148.355,-0.851338,0.524501,-0.011057,-0.524615,-0.851082,0.020954,0.001580,0.023639,0.999719,0,0.40000,0.17025,24.000,0.340,-1,425.000,-1,375.000,-1,325.000,325.000,200.000,275.000,400.000,-1,-1,-1,975.000,800.000,-1,-1,2,0,2,0,2,0,0,1,0,1,2,2,2,0,0,2,2
85,1553.813,2243.219,51.723,-148.016,-0.848177,0.529523,-0.014178,-0.529711,-0.847949,0.019741,-0.001569,0.024254,0.999705,0,0.48000,0.16963,28.800,0.339,-1,425.000,-1,375.000,-1,325.000,325.000,225.000,275.000,400.000,-1,-1,-1,975.000,800.000,-1,-1,2,0,2,0,2,0,0,1,0,1,2,2,2,0,0,2,2
86,1525.419,2225.254,52.593,-147.679,-0.844986,0.534507,-0.017319,-0.534765,-0.844807,0.018109,-0.004952,0.024564,0.999686,0,0.56000,0.16883,33.600,0.338,-1,425.000,-1,375.000,-1,325.000,325.000,225.000,275.000,400.000,-1,-1,-1,950.000,775.000,-1,-1,2,0,2,0,2,0,0,1,0,1,2,2,2,0,0,2,2
87,1493.089,2204.533,53.335,-147.343,-0.841778,0.539450,-0.020093,-0.539761,-0.841664,0.016109,-0.008221,0.024405,0.999668,0,0.64000,0.16784,38.400,0.336,-1,425.000,-1,375.000,-1,325.000,325.000,250.000,275.000,400.000,-1,-1,-1,950.000,775.000,-1,-1,2,0,2,0,2,0,0,1,0,1,2,2,2,0,0,2,2
88,1456.854,2181.011,53.758,-147.010,-0.838572,0.544344,-0.022051,-0.544682,-0.838526,0.014016,-0.010861,0.023764,0.999659,0,0.72000,0.16660,43.200,0.333,-1,425.000,-1,375.000,-1,325.000,325.000,275.000,275.000,375.000,-1,-1,-1,925.000,775.000,-1,-1,2,0,2,0,2,0,0,1,0,1,2,2,2,0,0,2,2
89,1416.745,2154.644,53.842,-146.679,-0.835387,0.549191,-0.022772,-0.549512,-0.835411,0.011199,-0.012874,0.021869,0.999678,0,0.80000,0.16510,48.000,0.330,-1,425.000,-1,400.000,-1,325.000,325.000,300.000,275.000,375.000,-1,-1,-1,925.000,775.000,-1,-1,2,0,2,0,2,0,0,1,0,1,2,2,2,0,0,2,2
90,1373.317,2125.741,53.357,-146.353,-0.832234,0.553979,-0.022193,-0.554242,-0.832320,0.007695,-0.014209,0.018704,0.999724,0,0.86945,0.16329,52.167,0.327,-1,425.000,-1,400.000,-1,325.000,325.000,325.000,275.000,375.000,-1,-1,-1,925.000,775.000,-1,-1,2,0,2,0,2,0,0,1,0,1,2,2,2,0,0,2,2
91,1330.160,2096.665,52.224,-146.031,-0.829126,0.558692,-0.020306,-0.558867,-0.829249,0.003787,-0.014723,0.014488,0.999787,0,0.86730,0.16117,52.038,0.322,-1,425.000,-1,400.000,-1,325.000,325.000,325.000,275.000,375.000,-1,-1,-1,925.000,800.000,-1,-1,2,0,2,0,2,0,0,0,0,1,2,2,2,0,0,2,2
92,1287.252,2067.410,50.605,-145.713,-0.826076,0.563321,-0.016350,-0.563386,-0.826193,-0.000736,-0.013923,0.008603,0.999866,0,0.86554,0.15889,51.932,0.318,-1,425.000,-1,400.000,-1,325.000,325.000,325.000,275.000,350.000,-1,-1,-1,925.000,825.000,-1,-1,2,0,2,0,2,0,0,0,0,1,2,2,2,0,0,2,2
93,1241.329,2036.007,48.331,-145.635,-0.825401,0.564463,-0.009707,-0.564429,-0.825458,-0.006176,-0.011499,0.000381,0.999934,0,0.92722,0.03889,55.633,0.078,-1,425.000,-1,400.000,-1,350.000,325.000,300.000,275.000,350.000,-1,-1,-1,925.000,875.000,-1,-1,2,0,2,0,2,0,0,0,0,1,2,2,2,0,0,2,2
94,1195.386,2004.781,46.964,-145.797,-0.827019,0.562119,-0.007811,-0.562043,-0.827047,-0.010028,-0.012097,-0.003903,0.999919,0,0.92584,-0.08111,55.550,-0.162,-1,425.000,-1,425.000,-1,350.000,325.000,300.000,275.000,350.000,-1,-1,-1,900.000,900.000,-1,-1,2,0,2,0,2,0,0,0,0,1,2,2,2,0,0,2,2
95,1149.284,1973.917,46.360,-146.199,-0.830922,0.556297,-0.010095,-0.556176,-0.830969,-0.012611,-0.015405,-0.004864,0.999870,0,0.92466,-0.20111,55.479,-0.402,-1,425.000,-1,425.000,-1,325.000,325.000,300.000,300.000,375.000,-1,-1,-1,900.000,875.000,-1,-1,2,0,2,0,2,0,0,0,0,1,2,2,2,0,0,2,2
96,1102.898,1943.585,45.646,-146.819,-0.836862,0.547275,-0.012284,-0.547096,-0.836931,-0.015260,-0.018632,-0.006051,0.999808,0,0.92371,-0.30979,55.423,-0.620,-1,425.000,-1,400.000,-1,325.000,325.000,300.000,300.000,425.000,-1,-1,-1,875.000,875.000,-1,-1,2,0,2,0,2,0,0,0,0,1,2,2,2,0,0,2,2
97,1056.217,1913.783,44.765,-147.445,-0.842763,0.538092,-0.014393,-0.537840,-0.842853,-0.018069,-0.021854,-0.007487,0.999733,0,0.92305,-0.31306,55.383,-0.626,-1,425.000,-1,400.000,-1,325.000,325.000,300.000,300.000,450.000,-1,-1,-1,875.000,850.000,-1,-1,2,0,2,0,2,0,0,0,0,1,2,2,2,0,0,2,2
98,1009.220,1884.504,43.623,-148.078,-0.848625,0.528744,-0.016316,-0.528430,-0.848740,-0.020043,-0.024446,-0.008387,0.999666,0,0.92285,-0.31649,55.371,-0.633,-1,400.000,-1,400.000,-1,325.000,325.000,300.000,300.000,475.000,-1,-1,-1,850.000,850.000,-1,-1,2,0,2,0,2,0,0,0,0,1,2,2,2,0,0,2,2
99,961.886,1855.745,42.389,-148.718,-0.854446,0.519224,-0.018127,-0.518844,-0.854587,-0.021971,-0.026899,-0.009368,0.999594,0,0.92309,-0.32006,55.386,-0.640,-1,400.000,-1,400.000,-1,325.000,325.000,300.000,300.000,525.000,-1,-1,-1,850.000,850.000,-1,-1,2,0,2,0,2,0,0,0,0,1,2,2,2,0,0,2,2
100,914.197,1827.504,41.064,-149.366,-0.860225,0.509528,-0.019827,-0.509076,-0.860391,-0.023857,-0.029215,-0.010429,0.999519,0,0.92373,-0.32376,55.424,-0.648,-1,400.000,-1,400.000,-1,325.000,325.000,300.000,300.000,575.000,-1,-1,-1,825.000,850.000,-1,-1,2,0,2,0,2,0,0,0,0,1,2,2,2,0,0,2,2
101,866.136,1799.779,39.649,-150.021,-0.865962,0.499651,-0.021417,-0.499123,-0.866150,-0.025706,-0.031394,-0.011571,0.999440,0,0.92474,-0.32758,55.484,-0.655,-1,400.000,-1,400.000,-1,325.000,325.000,300.000,300.000,650.000,-1,-1,-1,825.000,825.000,-1,-1,2,0,2,0,2,0,0,0,0,1,2,2,2,0,0,2,2
102,817.688,1772.572,38.103,-150.684,-0.871654,0.489588,-0.022865,-0.488988,-0.871862,-0.027325,-0.033313,-0.012637,0.999365,0,0.92607,-0.33152,55.564,-0.663,-1,400.000,-1,400.000,-1,325.000,325.000,300.000,300.000,700.000,-1,-1,-1,825.000,825.000,-1,-1,2,0,2,0,2,0,0,0,0,1,2,2,2,0,0,2,2
103,768.838,1745.889,36.259,-151.355,-0.877300,0.479340,-0.024030,-0.478701,-0.877533,-0.027945,-0.034483,-0.013013,0.999321,0,0.92772,-0.33556,55.663,-0.671,-1,400.000,-1,400.000,-1,325.000,325.000,300.000,300.000,775.000,-1,-1,-1,800.000,825.000,-1,-1,2,0,2,0,2,0,0,0,0,1,2,2,2,0,0,2,2
104,719.572,1719.732,34.320,-152.034,-0.882890,0.468899,-0.025289,-0.468220,-0.883151,-0.028540,-0.035716,-0.013357,0.999273,0,0.92964,-0.33970,55.778,-0.679,-1,400.000,-1,400.000,-1,325.000,325.000,300.000,300.000,850.000,-1,-1,-1,800.000,825.000,-1,-1,2,0,2,0,2,0,0,0,0,1,2,2,2,0,0,2,2
105,669.881,1694.108,32.210,-152.722,-0.888402,0.458263,-0.027135,-0.457544,-0.888718,-0.028882,-0.037350,-0.013243,0.999214,0,0.93181,-0.34393,55.909,-0.688,-1,400.000,-1,400.000,-1,325.000,325.000,300.000,300.000,925.000,-1,-1,-1,800.000,825.000,-1,-1,2,0,2,0,2,0,0,0,0,1,2,2,2,0,0,2,2
106,619.752,1669.026,30.044,-153.419,-0.893857,0.447426,-0.028814,-0.446664,-0.894222,-0.029293,-0.038872,-0.013314,0.999155,0,0.93422,-0.34825,56.053,-0.696,-1,400.000,-1,400.000,-1,325.000,325.000,300.000,300.000,-1,-1,-1,-1,800.000,800.000,-1,-1,2,0,2,0,2,0,0,0,0,2,2,2,2,0,0,2,2
107,569.178,1644.495,27.814,-154.124,-0.899251,0.436383,-0.030285,-0.435577,-0.899658,-0.029798,-0.040250,-0.013605,0.999097,0,0.93683,-0.35265,56.210,-0.705,-1,400.000,-1,400.000,-1,325.000,325.000,300.000,300.000,-1,-1,-1,-1,775.000,800.000,-1,-1,2,0,2,0,2,0,0,0,0,2,2,2,2,0,0,2,2
108,518.149,1620.524,25.493,-154.838,-0.904587,0.425130,-0.031421,-0.424276,-0.905020,-0.030469,-0.041390,-0.014231,0.999042,0,0.93964,-0.35712,56.378,-0.714,-1,400.000,-1,400.000,-1,325.000,325.000,300.000,300.000,-1,-1,-1,-1,775.000,800.000,-1,-1,2,0,2,0,2,0,0,0,0,2,2,2,2,0,0,2,2
109,466.659,1597.126,23.159,-155.562,-0.909850,0.413668,-0.032448,-0.412768,-0.910307,-0.031058,-0.042385,-0.014864,0.998991,0,0.94262,-0.36167,56.557,-0.723,-1,400.000,-1,400.000,-1,325.000,325.000,300.000,300.000,-1,-1,-1,-1,775.000,800.000,-1,-1,2,0,2,0,2,0,0,0,0,2,2,2,2,0,0,2,2
110,414.702,1574.312,20.811,-156.294,-0.915035,0.401991,-0.033369,-0.401049,-0.915512,-0.031587,-0.043247,-0.015520,0.998944,0,0.94575,-0.36628,56.745,-0.733,-1,400.000,-1,400.000,-1,325.000,325.000,300.000,300.000,-1,-1,-1,-1,775.000,800.000,-1,-1,2,0,2,0,2,0,0,0,0,2,2,2,2,0,0,2,2
111,362.272,1552.095,18.445,-157.036,-0.920138,0.390099,-0.034191,-0.389116,-0.920630,-0.032082,-0.043992,-0.016216,0.998900,0,0.94904,-0.37095,56.942,-0.742,-1,400.000,-1,400.000,-1,325.000,325.000,300.000,300.000,-1,-1,-1,-1,750.000,800.000,-1,-1,2,0,2,0,2,0,0,0,0,2,2,2,2,0,0,2,2
112,314.086,1532.173,16.267,-157.538,-0.923498,0.382016,-0.034852,-0.380998,-0.924004,-0.032529,-0.044630,-0.016762,0.998863,0,0.86904,-0.25095,52.142,-0.502,-1,400.000,-1,400.000,-1,325.000,325.000,300.000,300.000,-1,-1,-1,-1,750.000,800.000,-1,-1,2,0,2,0,2,0,0,0,0,2,2,2,2,0,0,2,2
113,268.775,1513.682,14.213,-157.800,-0.925216,0.377786,-0.035393,-0.376737,-0.925734,-0.032954,-0.045214,-0.017156,0.998830,0,0.81565,-0.13095,48.939,-0.262,-1,400.000,-1,400.000,-1,325.000,325.000,300.000,300.000,-1,-1,-1,-1,750.000,800.000,-1,-1,2,0,2,0,2,0,0,0,0,2,2,2,2,0,0,2,2
114,223.284,1495.138,12.139,-157.822,-0.925343,0.377430,-0.035861,-0.376353,-0.925874,-0.033394,-0.045807,-0.017404,0.998799,0,0.81875,-0.01095,49.125,-0.022,-1,400.000,-1,400.000,-1,325.000,325.000,300.000,300.000,-1,-1,-1,-1,750.000,800.000,-1,-1,2,0,2,0,2,0,0,0,0,2,2,2,2,0,0,2,2
115,177.689,1476.348,10.045,-157.604,-0.923884,0.380951,-0.036257,-0.379848,-0.924430,-0.033848,-0.046411,-0.017500,0.998769,0,0.82192,0.10905,49.315,0.218,-1,400.000,-1,400.000,-1,325.000,325.000,300.000,300.000,-1,-1,-1,-1,750.000,800.000,-1,-1,2,0,2,0,2,0,0,0,0,2,2,2,2,0,0,2,2
116,132.068,1457.120,7.928,-157.146,-0.920794,0.388330,-0.036576,-0.387204,-0.921355,-0.034319,-0.047027,-0.017438,0.998741,0,0.82513,0.22905,49.508,0.458,-1,400.000,-1,400.000,-1,325.000,325.000,300.000,300.000,-1,-1,-1,-1,750.000,800.000,-1,-1,2,0,2,0,2,0,0,0,0,2,2,2,2,0,0,2,2
117,86.507,1437.260,5.615,-156.448,-0.915988,0.399533,-0.036609,-0.398426,-0.916569,-0.034031,-0.047151,-0.016585,0.998750,0,0.82836,0.34905,49.702,0.698,-1,400.000,-1,400.000,-1,325.000,325.000,300.000,300.000,-1,-1,-1,-1,750.000,800.000,-1,-1,2,0,2,0,2,0,0,0,0,2,2,2,2,0,0,2,2
118,41.169,1416.608,3.190,-155.509,-0.909303,0.414494,-0.036913,-0.413417,-0.909924,-0.033533,-0.047487,-0.015231,0.998756,0,0.83032,0.46905,49.819,0.938,-1,400.000,-1,400.000,-1,325.000,325.000,300.000,300.000,-1,-1,-1,-1,725.000,800.000,-1,-1,2,0,2,0,2,0,0,0,0,2,2,2,2,0,0,2,2
119,-3.734,1395.028,0.709,-154.331,-0.900559,0.433125,-0.037358,-0.432080,-0.901232,-0.032988,-0.047956,-0.013566,0.998757,0,0.83032,0.58905,49.819,1.178,-1,400.000,-1,400.000,-1,325.000,325.000,300.000,300.000,-1,-1,-1,-1,725.000,800.000,-1,-1,2,0,2,0,2,0,0,0,0,2,2,2,2,0,0,2,2
120,-48.089,1372.344,-1.769,-152.913,-0.889536,0.455307,-0.037706,-0.454297,-0.890256,-0.032524,-0.048376,-0.011802,0.998759,0,0.83032,0.70905,49.819,1.418,-1,375.000,-1,400.000,-1,325.000,325.000,300.000,300.000,-1,-1,-1,-1,725.000,775.000,-1,-1,2,0,2,0,2,0,0,0,0,2,2,2,2,0,0,2,2
121,-91.769,1348.386,-4.177,-151.255,-0.875963,0.480887,-0.037900,-0.479931,-0.876729,-0.031809,-0.048524,-0.009674,0.998775,0,0.83032,0.82905,49.819,1.658,-1,375.000,-1,400.000,-1,325.000,325.000,300.000,300.000,-1,-1,-1,-1,725.000,775.000,-1,-1,2,0,2,0,2,0,0,0,0,2,2,2,2,0,0,2,2
122,-134.632,1322.994,-6.570,-149.357,-0.859527,0.509672,-0.038054,-0.508772,-0.860337,-0.031174,-0.048627,-0.007434,0.998789,0,0.83032,0.94905,49.819,1.898,-1,375.000,-1,400.000,-1,325.000,325.000,300.000,300.000,-1,-1,-1,-1,725.000,775.000,-1,-1,2,0,2,0,2,0,0,0,0,2,2,2,2,0,0,2,2
123,-176.628,1296.094,-8.952,-147.359,-0.841204,0.539371,-0.038138,-0.538526,-0.842052,-0.030625,-0.048633,-0.005223,0.998803,0,0.83121,0.99922,49.873,1.998,-1,375.000,-1,400.000,-1,325.000,325.000,300.000,300.000,-1,-1,-1,-1,725.000,775.000,-1,-1,2,0,2,0,2,0,0,0,0,2,2,2,2,0,0,2,2
124,-217.760,1267.682,-11.324,-145.364,-0.821900,0.568353,-0.038146,-0.567562,-0.822779,-0.030155,-0.048525,-0.003134,0.998817,0,0.83318,0.99717,49.991,1.994,-1,375.000,-1,400.000,-1,325.000,325.000,300.000,300.000,-1,-1,-1,-1,725.000,775.000,-1,-1,2,0,2,0,2,0,0,0,0,2,2,2,2,0,0,2,2
125,-257.962,1237.797,-13.679,-143.374,-0.801648,0.596583,-0.038070,-0.595842,-0.802551,-0.029746,-0.048299,-0.001162,0.998832,0,0.83488,0.99494,50.093,1.990,-1,375.000,-1,400.000,-1,325.000,325.000,300.000,300.000,-1,-1,-1,-1,725.000,775.000,-1,-1,2,0,2,0,2,0,0,0,0,2,2,2,2,0,0,2,2
126,-297.171,1206.485,-16.007,-141.389,-0.780485,0.624025,-0.037905,-0.623334,-0.781404,-0.029369,-0.047946,0.000705,0.998850,0,0.83629,0.99254,50.177,1.985,-1,375.000,-1,400.000,-1,325.000,325.000,300.000,325.000,-1,-1,-1,-1,725.000,775.000,-1,-1,2,0,2,0,2,0,0,0,0,2,2,2,2,0,0,2,2
127,-335.325,1173.795,-18.307,-139.409,-0.758445,0.650648,-0.037650,-0.650006,-0.759375,-0.029013,-0.047468,0.002468,0.998870,0,0.83739,0.98999,50.243,1.980,-1,375.000,-1,400.000,-1,325.000,325.000,300.000,325.000,-1,-1,-1,-1,725.000,750.000,-1,-1,2,0,2,0,2,0,0,0,0,2,2,2,2,0,0,2,2
128,-372.364,1139.776,-20.574,-137.435,-0.735567,0.676424,-0.037306,-0.675829,-0.736501,-0.028668,-0.046868,0.004126,0.998893,0,0.83818,0.98733,50.291,1.975,-1,375.000,-1,400.000,-1,325.000,325.000,300.000,325.000,-1,-1,-1,-1,725.000,750.000,-1,-1,2,0,2,0,2,0,0,0,0,2,2,2,2,0,0,2,2
129,-408.234,1104.486,-22.875,-135.466,-0.711885,0.701325,-0.036910,-0.700791,-0.712817,-0.028003,-0.045949,0.005931,0.998926,0,0.83866,0.98457,50.319,1.969,-1,375.000,-1,400.000,-1,325.000,325.000,300.000,325.000,-1,-1,-1,-1,700.000,750.000,-1,-1,2,0,2,0,2,0,0,0,0,2,2,2,2,0,0,2,2
130,-442.879,1067.979,-25.195,-133.502,-0.687436,0.725327,-0.036490,-0.724865,-0.688359,-0.027061,-0.044747,0.007848,0.998968,0,0.83882,0.98175,50.329,1.964,-1,400.000,-1,400.000,-1,325.000,325.000,300.000,325.000,-1,-1,-1,-1,700.000,750.000,-1,-1,2,0,2,0,2,0,0,0,0,2,2,2,2,0,0,2,2
131,-476.252,1030.317,-27.489,-131.544,-0.662250,0.748409,-0.036181,-0.748013,-0.663167,-0.026192,-0.043596,0.009718,0.999002,0,0.83869,0.97891,50.321,1.958,-1,400.000,-1,400.000,-1,325.000,325.000,300.000,325.000,-1,-1,-1,-1,700.000,750.000,-1,-1,2,0,2,0,2,0,0,0,0,2,2,2,2,0,0,2,2
132,-508.306,991.558,-29.751,-129.592,-0.636363,0.770550,-0.035967,-0.770218,-0.637275,-0.025408,-0.042499,0.011534,0.999030,0,0.83826,0.97609,50.296,1.952,1000.000,400.000,-1,400.000,-1,325.000,325.000,300.000,325.000,-1,-1,-1,-1,700.000,750.000,-1,-1,1,0,2,0,2,0,0,0,0,2,2,2,2,0,0,2,2
133,-541.867,948.416,-32.160,-127.880,-0.613054,0.789233,-0.035730,-0.788954,-0.613956,-0.024687,-0.041420,0.013055,0.999057,0,0.91099,0.85609,54.659,1.712,950.000,400.000,-1,400.000,-1,325.000,325.000,300.000,325.000,-1,-1,-1,-1,675.000,750.000,-1,-1,1,0,2,0,2,0,0,0,0,2,2,2,2,0,0,2,2
134,-574.278,904.466,-34.518,-126.408,-0.592577,0.804732,-0.035484,-0.804498,-0.593466,-0.024082,-0.040438,0.014277,0.999080,0,0.91014,0.73609,54.608,1.472,925.000,375.000,-1,400.000,-1,325.000,325.000,300.000,325.000,-1,-1,-1,-1,675.000,725.000,975.000,-1,1,0,2,0,2,0,0,0,0,2,2,2,2,0,0,1,2
135,-605.704,859.877,-36.800,-125.175,-0.575125,0.817294,-0.035525,-0.817099,-0.576014,-0.023604,-0.039754,0.015452,0.999090,0,0.90917,0.61609,54.550,1.232,875.000,375.000,-1,400.000,-1,325.000,325.000,300.000,325.000,-1,-1,-1,-1,675.000,725.000,925.000,-1,1,0,2,0,2,0,0,0,0,2,2,2,2,0,0,1,2
