timestep,x_cm,y_cm,z_cm,yaw_deg,basis_xx,basis_xy,basis_xz,basis_yx,basis_yy,basis_yz,basis_zx,basis_zy,basis_zz,teleport_flag,throttle_cmd,steering_cmd,cmd_move_cm,cmd_turn_deg,lidar_cm_0,lidar_cm_1,lidar_cm_2,lidar_cm_3,lidar_cm_4,lidar_cm_5,lidar_cm_6,lidar_cm_7,lidar_cm_8,lidar_cm_9,lidar_cm_10,lidar_cm_11,lidar_cm_12,lidar_cm_13,lidar_cm_14,lidar_cm_15,lidar_cm_16,lidar_class_0,lidar_class_1,lidar_class_2,lidar_class_3,lidar_class_4,lidar_class_5,lidar_class_6,lidar_class_7,lidar_class_8,lidar_class_9,lidar_class_10,lidar_class_11,lidar_class_12,lidar_class_13,lidar_class_14,lidar_class_15,lidar_class_16
0,-8858.143,2955.394,-40.951,129.125,-0.631378,-0.773321,-0.057756,0.775450,-0.629010,-0.054981,0.006189,-0.079501,0.996816,1,0.08000,-0.12000,4.800,-0.240,800.000,400.000,-1,400.000,-1,325.000,325.000,275.000,-1,-1,-1,-1,-1,675.000,750.000,1000.000,-1,0,0,2,0,2,0,0,0,2,2,2,2,2,0,0,0,2
1,-8864.138,2962.893,-40.839,128.645,-0.624889,-0.778580,-0.057682,0.780685,-0.622523,-0.054737,0.006708,-0.079236,0.996833,0,0.16000,-0.24000,9.600,-0.480,800.000,400.000,-1,400.000,-1,325.000,325.000,275.000,-1,-1,-1,-1,-1,675.000,750.000,1000.000,-1,0,0,2,0,2,0,0,0,2,2,2,2,2,0,0,0,2
2,-8872.989,2974.253,-40.666,127.925,-0.615072,-0.786365,-0.057584,0.788435,-0.612709,-0.054389,0.007487,-0.078854,0.996858,0,0.24000,-0.36000,14.400,-0.720,800.000,400.000,-1,400.000,-1,325.000,325.000,275.000,-1,-1,-1,-1,-1,675.000,750.000,1000.000,-1,0,0,2,0,2,0,0,0,2,2,2,2,2,0,0,0,2
3,-8884.534,2989.595,-40.427,126.965,-0.601834,-0.796550,-0.057478,0.798576,-0.599470,-0.053961,0.008526,-0.078376,0.996887,0,0.32000,-0.48000,19.200,-0.960,800.000,400.000,-1,400.000,-1,325.000,325.000,275.000,-1,-1,-1,-1,-1,675.000,750.000,1000.000,-1,0,0,2,0,2,0,0,0,2,2,2,2,2,0,0,0,2
4,-8898.561,3009.070,-40.116,125.765,-0.585049,-0.808965,-0.057384,0.810938,-0.582683,-0.053481,0.009827,-0.077823,0.996919,0,0.40000,-0.60000,24.000,-1.200,800.000,400.000,-1,400.000,-1,325.000,325.000,275.000,-1,-1,-1,-1,-1,700.000,750.000,1000.000,-1,0,0,2,0,2,0,0,0,2,2,2,2,2,0,0,0,2
5,-8914.800,3032.856,-39.724,124.325,-0.564571,-0.823391,-0.057328,0.825306,-0.562195,-0.052983,0.011396,-0.077226,0.996949,0,0.48000,-0.72000,28.800,-1.440,800.000,400.000,-1,400.000,-1,325.000,325.000,275.000,-1,-1,-1,-1,-1,675.000,750.000,975.000,-1,0,0,2,0,2,0,0,0,2,2,2,2,2,0,0,0,2
6,-8932.925,3061.150,-39.241,122.645,-0.540234,-0.839559,-0.057343,0.841411,-0.537840,-0.052507,0.013242,-0.076615,0.996973,0,0.56000,-0.84000,33.600,-1.680,800.000,400.000,-1,400.000,-1,325.000,325.000,275.000,-1,-1,-1,-1,-1,675.000,725.000,975.000,-1,0,0,2,0,2,0,0,0,2,2,2,2,2,0,0,0,2
7,-8952.656,3094.094,-38.667,120.920,-0.514769,-0.855401,-0.057467,0.857195,-0.512348,-0.052123,0.015143,-0.076091,0.996986,0,0.64000,-0.86237,38.400,-1.725,825.000,425.000,-1,400.000,-1,325.000,325.000,275.000,-1,-1,-1,-1,-1,675.000,725.000,950.000,-1,0,0,2,0,2,0,0,0,2,2,2,2,2,0,0,0,2
8,-8973.725,3131.809,-38.647,119.194,-0.488898,-0.870622,-0.054745,0.872135,-0.486455,-0.052360,0.018955,-0.073343,0.997127,0,0.72000,-0.86286,43.200,-1.726,825.000,425.000,-1,375.000,-1,325.000,325.000,275.000,-1,-1,-1,-1,-1,675.000,725.000,975.000,-1,0,0,2,0,2,0,0,0,2,2,2,2,2,0,0,0,2
9,-8995.863,3174.401,-38.686,117.467,-0.462570,-0.885084,-0.051533,0.886278,-0.460106,-0.053046,0.023239,-0.070210,0.997261,0,0.80000,-0.86332,48.000,-1.727,850.000,425.000,-1,375.000,-1,325.000,325.000,300.000,-1,-1,-1,-1,-1,675.000,725.000,975.000,-1,0,0,2,0,2,0,0,0,2,2,2,2,2,0,0,0,2
10,-9018.791,3221.963,-38.439,115.740,-0.435801,-0.898690,-0.049332,0.899629,-0.433285,-0.054145,0.027285,-0.067976,0.997314,0,0.88000,-0.86367,52.800,-1.727,850.000,425.000,-1,375.000,-1,325.000,325.000,300.000,-1,-1,-1,-1,-1,675.000,700.000,1000.000,-1,0,0,2,0,2,0,0,0,2,2,2,2,2,0,0,0,2
11,-9040.277,3270.195,-37.781,114.012,-0.408647,-0.911386,-0.048823,0.912167,-0.406012,-0.055731,0.030970,-0.067309,0.997251,0,0.88000,-0.86383,52.800,-1.728,825.000,425.000,-1,375.000,-1,325.000,325.000,275.000,-1,-1,-1,-1,-1,675.000,725.000,1000.000,-1,0,0,2,0,2,0,0,0,2,2,2,2,2,0,0,0,2
12,-9060.191,3318.787,-36.828,112.285,-0.381128,-0.923184,-0.049734,0.923897,-0.378341,-0.057204,0.033993,-0.067752,0.997123,0,0.87522,-0.86376,52.513,-1.728,800.000,425.000,-1,375.000,-1,325.000,325.000,275.000,-1,-1,-1,-1,-1,675.000,725.000,1000.000,-1,0,0,2,0,2,0,0,0,2,2,2,2,2,0,0,0,2
13,-9078.533,3367.694,-35.517,110.558,-0.353265,-0.934090,-0.051776,0.934824,-0.350320,-0.058144,0.036174,-0.068942,0.996965,0,0.87054,-0.86345,52.232,-1.727,775.000,400.000,-1,375.000,-1,325.000,325.000,275.000,-1,-1,-1,-1,-1,675.000,725.000,975.000,-1,0,0,2,0,2,0,0,0,2,2,2,2,2,0,0,0,2
14,-9095.306,3416.873,-33.588,108.832,-0.325090,-0.944167,-0.053530,0.944908,-0.322012,-0.058797,0.038277,-0.069695,0.996834,0,0.86599,-0.86291,51.959,-1.726,750.000,400.000,-1,375.000,-1,325.000,325.000,275.000,-1,-1,-1,-1,-1,675.000,750.000,-1,-1,0,0,2,0,2,0,0,0,2,2,2,2,2,0,0,2,2
15,-9110.514,3466.282,-31.145,107.108,-0.296670,-0.953388,-0.055123,0.954111,-0.293443,-0.059700,0.040742,-0.070304,0.996693,0,0.86160,-0.86215,51.696,-1.724,750.000,400.000,-1,375.000,-1,325.000,325.000,275.000,-1,-1,875.000,-1,-1,675.000,750.000,-1,-1,0,0,2,0,2,0,0,0,2,2,0,2,2,0,0,2,2
16,-9124.163,3515.884,-28.448,105.385,-0.268034,-0.961681,-0.057691,0.962458,-0.264629,-0.060378,0.042798,-0.071709,0.996507,0,0.85741,-0.86118,51.445,-1.722,725.000,400.000,-1,375.000,-1,325.000,325.000,275.000,-1,-1,800.000,-1,-1,675.000,775.000,-1,-1,0,0,2,0,2,0,0,0,2,2,0,2,2,0,0,2,2
17,-9136.263,3565.641,-25.514,103.665,-0.239218,-0.969040,-0.061132,0.969946,-0.235608,-0.060769,0.044485,-0.073832,0.996278,0,0.85344,-0.86000,51.206,-1.720,725.000,400.000,-1,375.000,-1,325.000,325.000,275.000,-1,-1,775.000,-1,-1,700.000,775.000,-1,-1,0,0,2,0,2,0,0,0,2,2,0,2,2,0,0,2,2
18,-9146.819,3615.519,-22.357,101.948,-0.210254,-0.975461,-0.065336,0.976571,-0.206419,-0.060826,0.045847,-0.076594,0.996008,0,0.84970,-0.85863,50.982,-1.717,700.000,400.000,-1,375.000,-1,325.000,325.000,275.000,-1,1000.000,825.000,-1,-1,700.000,800.000,-1,-1,0,0,2,0,2,0,0,0,2,0,0,2,2,0,0,2,2
19,-9155.842,3665.486,-19.147,100.234,-0.181181,-0.980987,-0.069555,0.982308,-0.177110,-0.060860,0.047384,-0.079351,0.995720,0,0.84622,-0.85707,50.773,-1.714,725.000,400.000,-1,375.000,-1,325.000,325.000,275.000,-1,950.000,850.000,-1,-1,725.000,825.000,-1,-1,0,0,2,0,2,0,0,0,2,0,0,2,2,0,0,2,2
20,-9163.339,3715.509,-16.584,98.523,-0.152054,-0.985823,-0.070947,0.987048,-0.147744,-0.062517,0.051149,-0.079534,0.995519,0,0.84301,-0.85533,50.580,-1.711,775.000,400.000,-1,400.000,-1,325.000,325.000,250.000,-1,900.000,700.000,-1,-1,725.000,825.000,-1,-1,0,0,2,0,2,0,0,0,2,0,0,2,2,0,0,2,2
21,-9169.321,3765.558,-13.957,96.817,-0.122880,-0.989772,-0.072465,0.990894,-0.118313,-0.064280,0.055049,-0.079704,0.995297,0,0.84006,-0.85343,50.404,-1.707,850.000,400.000,-1,400.000,-1,325.000,325.000,250.000,-1,850.000,625.000,925.000,-1,775.000,850.000,-1,-1,0,0,2,0,2,0,0,0,2,0,0,0,2,0,0,2,2
22,-9173.798,3815.602,-11.260,95.114,-0.093691,-0.992839,-0.074114,0.993848,-0.088849,-0.066126,0.059067,-0.079854,0.995055,0,0.83739,-0.85137,50.243,-1.703,925.000,425.000,-1,400.000,-1,325.000,325.000,250.000,-1,825.000,550.000,775.000,-1,800.000,975.000,-1,-1,0,0,2,0,2,0,0,0,2,0,0,0,2,0,0,2,2
23,-9176.782,3865.614,-8.489,93.415,-0.064517,-0.995026,-0.075896,0.995914,-0.059385,-0.068032,0.063187,-0.079975,0.994792,0,0.83498,-0.84917,50.099,-1.698,-1,425.000,-1,425.000,-1,350.000,325.000,250.000,-1,775.000,450.000,700.000,-1,825.000,-1,-1,-1,2,0,2,0,2,0,0,0,2,0,0,0,2,0,2,2,2
24,-9178.283,3915.564,-5.638,91.722,-0.035388,-0.996340,-0.077810,0.997099,-0.029950,-0.069977,0.067390,-0.080061,0.994509,0,0.83285,-0.84682,49.971,-1.694,-1,425.000,-1,425.000,-1,350.000,350.000,250.000,-1,725.000,400.000,600.000,-1,925.000,-1,-1,-1,2,0,2,0,2,0,0,0,2,0,0,0,2,0,2,2,2
25,-9178.310,3965.423,-2.750,90.033,-0.006028,-0.996874,-0.078782,0.997613,-0.000576,-0.069046,0.068785,-0.079011,0.994498,0,0.83098,-0.84435,49.859,-1.689,-1,425.000,-1,425.000,-1,350.000,350.000,250.000,-1,725.000,425.000,600.000,-1,-1,-1,-1,-1,2,0,2,0,2,0,0,0,2,0,0,0,2,2,2,2,2
26,-9176.729,4020.060,0.291,88.343,0.023544,-0.996570,-0.079337,0.997401,0.028820,-0.066029,0.068089,-0.077576,0.994659,0,0.91098,-0.84481,54.659,-1.690,-1,425.000,-1,425.000,-1,350.000,350.000,250.000,-1,725.000,525.000,725.000,-1,-1,-1,-1,-1,2,0,2,0,2,0,0,0,2,0,0,0,2,2,2,2,2
27,-9173.488,4075.396,3.495,86.649,0.053196,-0.995397,-0.079724,0.996312,0.058289,-0.062974,0.067331,-0.076080,0.994826,0,0.92384,-0.84741,55.430,-1.695,-1,425.000,-1,425.000,-1,350.000,350.000,250.000,-1,750.000,625.000,850.000,-1,-1,-1,-1,-1,2,0,2,0,2,0,0,0,2,0,0,0,2,2,2,2,2
28,-9168.622,4130.425,6.805,84.949,0.082893,-0.993347,-0.079941,0.994334,0.087798,-0.059932,0.066552,-0.074520,0.994996,0,0.92073,-0.84985,55.244,-1.700,-1,425.000,-1,425.000,-1,350.000,350.000,250.000,-1,775.000,750.000,950.000,-1,-1,-1,-1,-1,2,0,2,0,2,0,0,0,2,0,0,0,2,2,2,2,2
29,-9161.746,4186.493,10.329,83.009,0.116672,-0.989943,-0.080007,0.990977,0.121387,-0.056833,0.065973,-0.072654,0.995173,0,0.94146,-0.96985,56.488,-1.940,-1,425.000,-1,425.000,-1,325.000,325.000,250.000,-1,775.000,900.000,-1,-1,-1,-1,-1,-1,2,0,2,0,2,0,0,0,2,0,0,2,2,2,2,2,2
30,-9152.947,4242.096,13.978,81.009,0.151363,-0.985246,-0.079877,0.986312,0.155884,-0.053753,0.065412,-0.070648,0.995354,0,0.93824,-1.00000,56.294,-2.000,-1,425.000,-1,675.000,-1,325.000,325.000,250.000,-1,800.000,-1,-1,-1,-1,-1,-1,-1,2,0,2,1,2,0,0,0,2,0,2,2,2,2,2,2,2
31,-9142.245,4297.161,14.849,79.009,0.187146,-0.980016,-0.067419,0.980717,0.190332,-0.044364,0.056310,-0.057816,0.996738,0,0.93493,-1.00000,56.096,-2.000,-1,425.000,-1,675.000,-1,325.000,300.000,250.000,-1,925.000,-1,-1,-1,-1,-1,-1,-1,2,0,2,1,2,0,0,0,2,0,2,2,2,2,2,2,2
32,-9129.676,4351.612,14.604,77.009,0.222873,-0.973614,-0.049026,0.973879,0.224611,-0.033316,0.043448,-0.040320,0.998242,0,0.93140,-1.00000,55.884,-2.000,-1,400.000,-1,650.000,-1,300.000,275.000,275.000,-1,-1,-1,-1,-1,975.000,-1,-1,-1,2,0,2,1,2,0,0,0,2,2,2,2,2,1,2,2,2
33,-9115.275,4405.376,14.208,75.009,0.257927,-0.965739,-0.028657,0.965710,0.258602,-0.023018,0.029640,-0.021737,0.999324,0,0.92767,-1.00000,55.660,-2.000,-1,375.000,-1,625.000,-1,275.000,250.000,300.000,-1,-1,-1,-1,-1,900.000,975.000,-1,-1,2,0,2,1,2,0,0,0,2,2,2,2,2,1,1,2,2
34,-9099.078,4458.381,13.665,73.009,0.292155,-0.956350,-0.006351,0.956255,0.292217,-0.013651,0.014911,-0.002085,0.999887,0,0.92376,-1.00000,55.426,-2.000,-1,350.000,-1,575.000,-1,250.000,225.000,300.000,-1,-1,-1,-1,-1,825.000,900.000,-1,-1,2,0,2,1,2,0,0,0,2,2,2,2,2,1,1,2,2
35,-9081.122,4510.561,12.741,71.009,0.325417,-0.945424,0.016674,0.945571,0.325365,-0.005812,0.000070,0.017657,0.999844,0,0.91972,-1.00000,55.183,-2.000,-1,325.000,-1,550.000,-1,225.000,200.000,325.000,-1,-1,-1,-1,-1,775.000,825.000,1000.000,-1,2,0,2,1,2,0,1,0,2,2,2,2,2,1,1,1,2
36,-9061.447,4561.851,10.558,69.009,0.357601,-0.933105,0.037913,0.933706,0.358012,0.004463,-0.017738,0.033804,0.999271,0,0.91557,-1.00000,54.934,-2.000,-1,300.000,-1,500.000,-1,200.000,250.000,350.000,-1,-1,-1,-1,-1,675.000,750.000,875.000,975.000,2,0,2,1,2,0,1,0,2,2,2,2,2,0,1,1,1
37,-9040.093,4612.193,7.971,67.009,0.388603,-0.919425,0.060375,0.920654,0.390097,0.014846,-0.037202,0.049815,0.998065,0,0.91136,-1.00000,54.682,-2.000,875.000,250.000,1000.000,450.000,-1,175.000,250.000,350.000,-1,-1,-1,-1,-1,550.000,675.000,750.000,900.000,1,0,1,1,2,0,1,0,2,2,2,2,2,0,1,1,1
38,-9014.970,4666.112,5.046,65.009,0.418105,-0.904268,0.086529,0.906500,0.421489,0.024580,-0.058698,0.068161,0.995946,0,0.99136,-1.00000,59.482,-2.000,750.000,225.000,800.000,400.000,975.000,150.000,250.000,400.000,-1,-1,-1,-1,-1,450.000,600.000,650.000,800.000,1,0,1,1,1,0,1,0,2,2,2,2,2,0,1,1,1
39,3607.527,-327.760,-157.591,28.130,0.885687,-0.464229,0.007076,0.456674,0.868321,-0.193565,0.083715,0.174670,0.981062,1,0.00000,0.00000,60.000,-2.000,200.000,300.000,-1,450.000,-1,300.000,350.000,300.000,200.000,-1,275.000,75.000,250.000,475.000,850.000,250.000,-1,1,1,2,1,2,1,1,1,0,2,0,0,0,1,1,1,2
40,9512.283,2947.063,-483.760,-74.714,0.263875,0.964554,0.002133,-0.963911,0.263617,0.037167,0.035288,-0.011863,0.999307,1,0.08000,0.12000,4.800,0.240,-1,400.000,-1,400.000,-1,325.000,325.000,300.000,300.000,-1,-1,-1,-1,850.000,975.000,-1,-1,2,0,2,0,2,0,0,0,0,2,2,2,2,0,0,2,2
41,9514.891,2937.824,-483.417,-74.234,0.271950,0.962309,0.002161,-0.961675,0.271688,0.036969,0.034988,-0.012132,0.999314,0,0.16000,0.24000,9.600,0.480,-1,400.000,-1,425.000,-1,325.000,325.000,300.000,300.000,-1,-1,-1,-1,850.000,975.000,-1,-1,2,0,2,0,2,0,0,0,0,2,2,2,2,0,0,2,2
42,9518.978,2924.016,-482.905,-73.514,0.284025,0.958814,0.002202,-0.958195,0.283757,0.036670,0.034535,-0.012525,0.999325,0,0.24000,0.36000,14.400,0.720,-1,400.000,-1,425.000,-1,325.000,325.000,300.000,300.000,-1,-1,-1,-1,850.000,975.000,-1,-1,2,0,2,0,2,0,0,0,0,2,2,2,2,0,0,2,2
43,9524.734,2905.700,-482.225,-72.554,0.300054,0.953919,0.002257,-0.953319,0.299780,0.036271,0.033923,-0.013035,0.999339,0,0.32000,0.48000,19.200,0.960,-1,400.000,-1,425.000,-1,325.000,325.000,300.000,300.000,-1,-1,-1,-1,850.000,975.000,-1,-1,2,0,2,0,2,0,0,0,0,2,2,2,2,0,0,2,2
44,9532.407,2882.959,-481.382,-71.354,0.319971,0.947424,0.002325,-0.946847,0.319689,0.035771,0.033147,-0.013647,0.999357,0,0.40000,0.60000,24.000,1.200,-1,400.000,-1,425.000,-1,325.000,325.000,300.000,300.000,-1,-1,-1,-1,825.000,975.000,-1,-1,2,0,2,0,2,0,0,0,0,2,2,2,2,0,0,2,2
45,9542.298,2855.911,-480.381,-69.914,0.343684,0.939082,0.002410,-0.938533,0.343393,0.035169,0.032200,-0.014349,0.999378,0,0.48000,0.72000,28.800,1.440,-1,400.000,-1,425.000,-1,325.000,325.000,300.000,300.000,-1,-1,-1,-1,825.000,975.000,-1,-1,2,0,2,0,2,0,0,0,0,2,2,2,2,0,0,2,2
46,9554.758,2824.707,-479.228,-68.234,0.371073,0.928600,0.002512,-0.928084,0.370773,0.034469,0.031076,-0.015122,0.999403,0,0.56000,0.84000,33.600,1.680,-1,400.000,-1,425.000,-1,325.000,325.000,300.000,300.000,-1,-1,-1,-1,825.000,975.000,-1,-1,2,0,2,0,2,0,0,0,0,2,2,2,2,0,0,2,2
47,9570.184,2789.542,-477.932,-66.314,0.401979,0.915645,0.002638,-0.915165,0.401671,0.033671,0.029771,-0.015949,0.999429,0,0.64000,0.96000,38.400,1.920,-1,400.000,-1,425.000,-1,325.000,325.000,300.000,300.000,-1,-1,-1,-1,825.000,1000.000,-1,-1,2,0,2,0,2,0,0,0,0,2,2,2,2,0,0,2,2
48,9588.908,2750.611,-476.581,-64.314,0.433683,0.901062,0.002405,-0.900613,0.433379,0.032860,0.028567,-0.016417,0.999457,0,0.72000,1.00000,43.200,2.000,-1,400.000,-1,425.000,-1,325.000,325.000,300.000,300.000,-1,-1,-1,-1,825.000,1000.000,-1,-1,2,0,2,0,2,0,0,0,0,2,2,2,2,0,0,2,2
49,9610.597,2709.276,-475.160,-62.314,0.464857,0.885384,0.001758,-0.884939,0.464559,0.032679,0.028117,-0.016746,0.999464,0,0.77799,1.00000,46.679,2.000,-1,400.000,-1,425.000,-1,325.000,350.000,300.000,300.000,-1,-1,-1,-1,825.000,1000.000,-1,-1,2,0,2,0,2,0,0,0,0,2,2,2,2,0,0,2,2
50,9633.749,2668.662,-474.140,-60.314,0.495432,0.868647,0.000453,-0.868241,0.495184,0.030814,0.026542,-0.015659,0.999525,0,0.77917,1.00000,46.750,2.000,-1,400.000,-1,425.000,-1,325.000,350.000,300.000,300.000,-1,-1,-1,-1,825.000,1000.000,-1,-1,2,0,2,0,2,0,0,0,0,2,2,2,2,0,0,2,2
51,9658.342,2628.821,-473.273,-58.314,0.525398,0.850856,-0.000930,-0.850501,0.525210,0.028321,0.024586,-0.014089,0.999598,0,0.78034,1.00000,46.820,2.000,-1,400.000,-1,425.000,-1,325.000,325.000,300.000,300.000,-1,-1,-1,-1,825.000,975.000,-1,-1,2,0,2,0,2,0,0,0,0,2,2,2,2,0,0,2,2
52,9684.349,2589.804,-472.413,-56.314,0.554735,0.832025,-0.002110,-0.831718,0.554596,0.025865,0.022690,-0.012594,0.999663,0,0.78149,1.00000,46.890,2.000,-1,400.000,-1,425.000,-1,325.000,325.000,300.000,300.000,-1,-1,-1,-1,800.000,950.000,-1,-1,2,0,2,0,2,0,0,0,0,2,2,2,2,0,0,2,2
53,9708.758,2555.516,-471.649,-54.554,0.579999,0.814611,-0.003003,-0.814345,0.579897,0.023705,0.021051,-0.011303,0.999714,0,0.70149,0.88000,42.090,1.760,-1,400.000,-1,425.000,-1,325.000,325.000,300.000,300.000,-1,-1,-1,-1,800.000,950.000,-1,-1,2,0,2,0,2,0,0,0,0,2,2,2,2,0,0,2,2
54,9731.182,2525.721,-470.995,-53.034,0.601384,0.798951,-0.003651,-0.798717,0.601308,0.021917,0.019706,-0.010264,0.999753,0,0.62149,0.76000,37.290,1.520,-1,400.000,-1,425.000,-1,325.000,325.000,300.000,300.000,-1,-1,-1,-1,800.000,925.000,-1,-1,2,0,2,0,2,0,0,0,0,2,2,2,2,0,0,2,2
55,9754.301,2496.421,-470.389,-51.725,0.619472,0.785008,-0.004195,-0.784799,0.619416,0.020371,0.018590,-0.009327,0.999784,0,0.62205,0.65478,37.323,1.310,-1,400.000,-1,425.000,-1,325.000,325.000,300.000,300.000,-1,-1,-1,-1,800.000,925.000,-1,-1,2,0,2,0,2,0,0,0,0,2,2,2,2,0,0,2,2
56,9778.080,2467.658,-469.738,-50.419,0.637182,0.770697,-0.004905,-0.770511,0.637148,0.018859,0.017660,-0.008237,0.999810,0,0.62200,0.65281,37.320,1.306,-1,400.000,-1,425.000,-1,325.000,325.000,300.000,300.000,-1,-1,-1,-1,800.000,925.000,-1,-1,2,0,2,0,2,0,0,0,0,2,2,2,2,0,0,2,2
57,9802.505,2439.444,-469.097,-49.117,0.654512,0.756031,-0.005511,-0.755866,0.654496,0.017377,0.016744,-0.007208,0.999834,0,0.62196,0.65082,37.318,1.302,-1,400.000,-1,425.000,-1,325.000,325.000,300.000,300.000,-1,-1,-1,-1,800.000,925.000,-1,-1,2,0,2,0,2,0,0,0,0,2,2,2,2,0,0,2,2
58,9827.562,2411.791,-468.464,-47.820,0.671455,0.741021,-0.006015,-0.740876,0.671453,0.015931,0.015844,-0.006241,0.999855,0,0.62193,0.64881,37.316,1.298,-1,400.000,-1,425.000,-1,325.000,325.000,300.000,300.000,-1,-1,-1,-1,800.000,900.000,-1,-1,2,0,2,0,2,0,0,0,0,2,2,2,2,0,0,2,2
59,9853.235,2384.713,-467.840,-46.526,0.688005,0.725678,-0.006422,-0.725552,0.688014,0.014527,0.014960,-0.005335,0.999874,0,0.62191,0.64678,37.314,1.294,-1,400.000,-1,425.000,-1,325.000,325.000,300.000,325.000,-1,-1,-1,-1,775.000,900.000,-1,-1,2,0,2,0,2,0,0,0,0,2,2,2,2,0,0,2,2
60,9879.510,2358.220,-467.225,-45.237,0.704155,0.710014,-0.006736,-0.709906,0.704173,0.013168,0.014093,-0.004490,0.999891,0,0.62189,0.64473,37.313,1.289,-1,400.000,-1,425.000,-1,325.000,325.000,300.000,325.000,-1,-1,-1,-1,800.000,900.000,-1,-1,2,0,2,0,2,0,0,0,0,2,2,2,2,0,0,2,2
61,9906.372,2332.323,-466.619,-43.951,0.719901,0.694042,-0.006962,-0.693951,0.719925,0.011860,0.013243,-0.003706,0.999905,0,0.62187,0.64266,37.312,1.285,-1,400.000,-1,425.000,-1,325.000,325.000,300.000,325.000,-1,-1,-1,-1,800.000,900.000,-1,-1,2,0,2,0,2,0,0,0,0,2,2,2,2,0,0,2,2
62,9933.806,2307.034,-466.014,-42.670,0.735245,0.677773,-0.006266,-0.677697,0.735263,0.010734,0.011882,-0.003646,0.999923,0,0.62187,0.64058,37.312,1.281,-1,400.000,-1,425.000,-1,325.000,325.000,300.000,325.000,-1,-1,-1,-1,800.000,875.000,-1,-1,2,0,2,0,2,0,0,0,0,2,2,2,2,0,0,2,2
63,9961.798,2282.362,-465.432,-41.393,0.750175,0.661218,-0.005241,-0.661158,0.750184,0.009749,0.010378,-0.003849,0.999939,0,0.62187,0.63847,37.312,1.277,-1,400.000,-1,425.000,-1,325.000,325.000,300.000,325.000,-1,-1,-1,-1,800.000,875.000,-1,-1,2,0,2,0,2,0,0,0,0,2,2,2,2,0,0,2,2
64,9990.330,2258.318,-465.082,-40.121,0.764675,0.644395,-0.005283,-0.644345,0.764686,0.008648,0.009612,-0.003209,0.999949,0,0.62187,0.63635,37.312,1.273,-1,400.000,-1,400.000,-1,325.000,325.000,300.000,325.000,-1,-1,-1,-1,800.000,850.000,-1,-1,2,0,2,0,2,0,0,0,0,2,2,2,2,0,0,2,2
65,10019.388,2234.911,-464.898,-38.852,0.778745,0.627311,-0.006079,-0.627271,0.778766,0.007424,0.009391,-0.001969,0.999954,0,0.62189,0.63421,37.313,1.268,-1,400.000,-1,400.000,-1,325.000,325.000,300.000,325.000,-1,-1,-1,-1,800.000,850.000,-1,-1,2,0,2,0,2,0,0,0,0,2,2,2,2,0,0,2,2
66,10048.957,2212.150,-464.702,-37.588,0.792388,0.609980,-0.006796,-0.609948,0.792417,0.006231,0.009186,-0.000792,0.999957,0,0.62190,0.63204,37.314,1.264,-1,400.000,-1,400.000,-1,325.000,325.000,300.000,325.000,-1,-1,-1,-1,800.000,850.000,-1,-1,2,0,2,0,2,0,0,0,0,2,2,2,2,0,0,2,2
67,10079.020,2190.044,-464.486,-36.328,0.805601,0.592411,-0.007440,-0.592389,0.805636,0.005099,0.009015,0.000300,0.999959,0,0.62193,0.62987,37.316,1.260,-1,400.000,-1,400.000,-1,325.000,325.000,300.000,325.000,-1,-1,-1,-1,825.000,850.000,-1,-1,2,0,2,0,2,0,0,0,0,2,2,2,2,0,0,2,2
68,10109.561,2168.601,-464.259,-35.073,0.818382,0.574619,-0.008012,-0.574606,0.818420,0.003998,0.008855,0.001332,0.999960,0,0.62196,0.62767,37.318,1.255,-1,400.000,-1,400.000,-1,325.000,325.000,300.000,325.000,-1,-1,-1,-1,825.000,850.000,-1,-1,2,0,2,0,2,0,0,0,0,2,2,2,2,0,0,2,2
69,10140.565,2147.828,-464.023,-33.822,0.830727,0.556614,-0.008515,-0.556611,0.830768,0.002919,0.008699,0.002315,0.999959,0,0.62200,0.62545,37.320,1.251,-1,400.000,-1,400.000,-1,325.000,325.000,300.000,325.000,-1,-1,-1,-1,825.000,850.000,-1,-1,2,0,2,0,2,0,0,0,0,2,2,2,2,0,0,2,2
70,10172.016,2127.733,-463.778,-32.576,0.842636,0.538410,-0.008951,-0.538416,0.842677,0.001864,0.008547,0.003248,0.999958,0,0.62204,0.62322,37.322,1.246,-1,400.000,-1,400.000,-1,325.000,325.000,300.000,325.000,-1,-1,-1,-1,850.000,850.000,-1,-1,2,0,2,0,2,0,0,0,0,2,2,2,2,0,0,2,2
71,10203.897,2108.323,-463.526,-31.334,0.854105,0.520017,-0.009323,-0.520033,0.854146,0.000839,0.008399,0.004132,0.999956,0,0.62208,0.62097,37.325,1.242,-1,400.000,-1,400.000,-1,325.000,325.000,300.000,325.000,-1,-1,-1,-1,850.000,875.000,-1,-1,2,0,2,0,2,0,0,0,0,2,2,2,2,0,0,2,2
72,10236.193,2089.605,-463.264,-30.096,0.865134,0.501449,-0.009633,-0.501474,0.865173,-0.000156,0.008256,0.004965,0.999954,0,0.62214,0.61869,37.328,1.237,-1,400.000,-1,400.000,-1,325.000,325.000,300.000,325.000,-1,-1,-1,-1,850.000,875.000,-1,-1,2,0,2,0,2,0,0,0,0,2,2,2,2,0,0,2,2
73,10268.887,2071.584,-462.995,-28.864,0.875721,0.482717,-0.009885,-0.482750,0.875758,-0.001115,0.008118,0.005749,0.999951,0,0.62220,0.61640,37.332,1.233,-1,400.000,-1,400.000,-1,325.000,325.000,300.000,325.000,-1,-1,-1,-1,850.000,875.000,-1,-1,2,0,2,0,2,0,0,0,0,2,2,2,2,0,0,2,2
74,10301.964,2054.266,-462.719,-27.635,0.885866,0.463833,-0.010081,-0.463873,0.885899,-0.002038,0.007986,0.006482,0.999947,0,0.62226,0.61409,37.336,1.228,-1,400.000,-1,400.000,-1,325.000,325.000,300.000,325.000,-1,-1,-1,-1,875.000,900.000,-1,-1,2,0,2,0,2,0,0,0,0,2,2,2,2,0,0,2,2
75,10335.406,2037.657,-462.430,-26.412,0.895568,0.444808,-0.010221,-0.444856,0.895597,-0.002943,0.007845,0.007183,0.999943,0,0.62233,0.61177,37.340,1.224,-1,400.000,-1,400.000,-1,325.000,325.000,300.000,325.000,-1,-1,-1,-1,875.000,900.000,-1,-1,2,0,2,0,2,0,0,0,0,2,2,2,2,0,0,2,2
76,10369.198,2021.761,-462.087,-25.193,0.904828,0.425654,-0.010255,-0.425711,0.904850,-0.004042,0.007559,0.008023,0.999939,0,0.62240,0.60942,37.344,1.219,-1,400.000,-1,400.000,-1,325.000,325.000,300.000,325.000,-1,-1,-1,-1,875.000,900.000,-1,-1,2,0,2,0,2,0,0,0,0,2,2,2,2,0,0,2,2
77,10403.323,2006.583,-461.742,-23.979,0.913645,0.406383,-0.010239,-0.406447,0.913660,-0.005071,0.007294,0.008794,0.999935,0,0.62248,0.60706,37.349,1.214,-1,425.000,-1,425.000,-1,325.000,325.000,300.000,325.000,-1,-1,-1,-1,875.000,925.000,-1,-1,2,0,2,0,2,0,0,0,0,2,2,2,2,0,0,2,2
78,10437.766,1992.126,-461.464,-22.769,0.922024,0.387008,-0.009859,-0.387074,0.922030,-0.005854,0.006825,0.009214,0.999934,0,0.62257,0.60467,37.354,1.209,-1,425.000,-1,425.000,-1,325.000,325.000,300.000,325.000,-1,-1,-1,-1,875.000,925.000,-1,-1,2,0,2,0,2,0,0,0,0,2,2,2,2,0,0,2,2
79,10472.510,1978.394,-461.263,-21.565,0.929963,0.367539,-0.009180,-0.367603,0.929960,-0.006551,0.006129,0.009467,0.999936,0,0.62266,0.60227,37.359,1.205,-1,425.000,-1,425.000,-1,325.000,325.000,300.000,325.000,-1,-1,-1,-1,875.000,925.000,-1,-1,2,0,2,0,2,0,0,0,0,2,2,2,2,0,0,2,2
80,10507.540,1965.391,-461.061,-20.365,0.937461,0.347988,-0.008461,-0.348048,0.937450,-0.007132,0.005450,0.009631,0.999939,0,0.62275,0.59984,37.365,1.200,-1,425.000,-1,425.000,-1,350.000,350.000,300.000,325.000,-1,-1,-1,-1,875.000,950.000,-1,-1,2,0,2,0,2,0,0,0,0,2,2,2,2,0,0,2,2
81,10547.309,1951.381,-460.855,-19.406,0.943165,0.332237,-0.007582,-0.332292,0.943146,-0.007610,0.004622,0.009697,0.999942,0,0.70275,0.47984,42.165,0.960,-1,425.000,-1,425.000,-1,350.000,350.000,300.000,325.000,-1,-1,-1,-1,875.000,950.000,-1,-1,2,0,2,0,2,0,0,0,0,2,2,2,2,0,0,2,2
82,10591.799,1936.335,-460.650,-18.686,0.947272,0.320365,-0.006511,-0.320411,0.947246,-0.007890,0.003640,0.009560,0.999948,0,0.78275,0.35984,46.965,0.720,-1,425.000,-1,425.000,-1,350.000,350.000,300.000,325.000,-1,-1,-1,-1,850.000,950.000,-1,-1,2,0,2,0,2,0,0,0,0,2,2,2,2,0,0,2,2
83,10639.701,1920.580,-461.071,-18.206,0.949932,0.312420,-0.004719,-0.312452,0.949885,-0.009601,0.001483,0.010595,0.999943,0,0.84045,0.23984,50.427,0.480,-1,425.000,-1,425.000,-1,350.000,350.000,300.000,300.000,-1,-1,-1,-1,850.000,925.000,-1,-1,2,0,2,0,2,0,0,0,0,2,2,2,2,0,0,2,2
84,10687.523,1905.072,-461.514,-17.967,0.951240,0.308440,-0.002814,-0.308452,0.951173,-0.011278,-0.000802,0.011597,0.999932,0,0.83789,0.11984,50.273,0.240,-1,425.000,-1,425.000,-1,350.000,350.000,300.000,300.000,-1,-1,-1,-1,850.000,925.000,-1,-1,2,0,2,0,2,0,0,0,0,2,2,2,2,0,0,2,2
85,10735.180,1889.618,-461.969,-17.967,0.951243,0.308442,-0.000835,-0.308427,0.951161,-0.012861,-0.003173,0.012492,0.999917,0,0.83500,-0.00016,50.100,-0.000,-1,425.000,-1,425.000,-1,350.000,350.000,300.000,300.000,-1,-1,-1,-1,825.000,900.000,-1,-1,2,0,2,0,2,0,0,0,0,2,2,2,2,0,0,2,2
86,10782.593,1874.023,-462.442,-18.207,0.949941,0.312426,0.001213,-0.312377,0.949850,-0.014364,-0.005640,0.013266,0.999896,0,0.83187,-0.12016,49.912,-0.240,-1,400.000,-1,425.000,-1,350.000,350.000,300.000,300.000,-1,-1,-1,-1,825.000,900.000,-1,-1,2,0,2,0,2,0,0,0,0,2,2,2,2,0,0,2,2
87,10829.689,1858.093,-462.938,-18.687,0.947285,0.320374,0.003327,-0.320286,0.947189,-0.015803,-0.008215,0.013904,0.999870,0,0.82862,-0.24016,49.717,-0.480,-1,400.000,-1,425.000,-1,325.000,350.000,300.000,300.000,-1,-1,-1,-1,825.000,875.000,-1,-1,2,0,2,0,2,0,0,0,0,2,2,2,2,0,0,2,2
88,10876.397,1841.638,-463.463,-19.408,0.943174,0.332254,0.005510,-0.332121,0.943080,-0.017195,-0.010909,0.014388,0.999837,0,0.82537,-0.36016,49.522,-0.720,-1,400.000,-1,425.000,-1,325.000,350.000,300.000,300.000,-1,-1,-1,-1,825.000,875.000,-1,-1,2,0,2,0,2,0,0,0,0,2,2,2,2,0,0,2,2
89,10922.648,1824.467,-464.023,-20.368,0.937458,0.348012,0.007765,-0.347827,0.937375,-0.018557,-0.013737,0.014695,0.999798,0,0.82225,-0.48016,49.335,-0.960,-1,400.000,-1,425.000,-1,325.000,350.000,300.000,300.000,-1,-1,-1,-1,800.000,850.000,-1,-1,2,0,2,0,2,0,0,0,0,2,2,2,2,0,0,2,2
90,10968.372,1806.392,-464.625,-21.568,0.929941,0.367571,0.010101,-0.367330,0.929878,-0.019909,-0.016711,0.014804,0.999751,0,0.81943,-0.60016,49.166,-1.200,-1,400.000,-1,425.000,-1,325.000,325.000,300.000,300.000,-1,-1,-1,-1,800.000,825.000,-1,-1,2,0,2,0,2,0,0,0,0,2,2,2,2,0,0,2,2
91,11013.496,1787.230,-465.278,-23.009,0.920378,0.390829,0.012521,-0.390526,0.920347,-0.021248,-0.019828,0.014667,0.999696,0,0.81707,-0.72016,49.024,-1.440,-1,400.000,-1,400.000,-1,325.000,325.000,300.000,300.000,-1,-1,-1,-1,800.000,825.000,-1,-1,2,0,2,0,2,0,0,0,0,2,2,2,2,0,0,2,2
92,11057.943,1766.797,-466.165,-24.689,0.908485,0.417654,0.014820,-0.417309,0.908505,-0.021722,-0.022536,0.013549,0.999654,0,0.81532,-0.84016,48.919,-1.680,-1,400.000,-1,400.000,-1,325.000,325.000,300.000,300.000,-1,-1,-1,-1,800.000,825.000,-1,-1,2,0,2,0,2,0,0,0,0,2,2,2,2,1,0,2,2
93,11101.711,1745.073,-467.081,-26.397,0.895590,0.444553,0.017057,-0.444168,0.895667,-0.022238,-0.025163,0.012340,0.999607,0,0.81438,-0.85397,48.863,-1.708,-1,400.000,-1,400.000,-1,325.000,325.000,300.000,300.000,-1,-1,-1,-1,775.000,800.000,-1,-1,2,0,2,0,2,0,0,0,0,2,2,2,2,1,0,2,2
94,11148.448,1719.984,-468.139,-28.227,0.880877,0.472941,0.019554,-0.472516,0.881028,-0.022770,-0.027997,0.010818,0.999549,0,0.88407,-0.91511,53.044,-1.830,-1,400.000,-1,400.000,-1,325.000,325.000,275.000,300.000,-1,-1,-1,-1,750.000,775.000,-1,-1,2,0,2,0,2,0,0,0,0,2,2,2,2,1,0,2,2
95,11194.763,1693.168,-469.295,-30.070,0.865138,0.501040,0.022243,-0.500582,0.865378,-0.023230,-0.030887,0.008963,0.999483,0,0.89196,-0.92151,53.518,-1.843,-1,400.000,-1,400.000,-1,325.000,325.000,275.000,300.000,-1,-1,-1,-1,700.000,775.000,1000.000,-1,2,0,2,0,2,0,0,0,0,2,2,2,2,1,0,1,2
96,11240.628,1664.591,-470.761,-31.926,0.848393,0.528812,0.024226,-0.528323,0.848706,-0.023940,-0.033221,0.007512,0.999420,0,0.90065,-0.92801,54.039,-1.856,-1,400.000,975.000,400.000,-1,325.000,325.000,275.000,300.000,-1,-1,-1,-1,675.000,750.000,875.000,-1,2,0,1,0,2,0,0,0,0,2,2,2,2,1,0,1,2
97,11286.008,1634.216,-472.623,-33.795,0.830658,0.556215,0.025142,-0.555697,0.831011,-0.024924,-0.034757,0.006732,0.999373,0,0.91012,-0.93455,54.607,-1.869,-1,400.000,950.000,400.000,-1,325.000,325.000,275.000,300.000,-1,-1,-1,-1,650.000,725.000,775.000,-1,2,0,1,0,2,0,0,0,0,2,2,2,2,1,0,1,2
98,11330.863,1602.011,-474.557,-35.677,0.811904,0.583212,0.026000,-0.582671,0.812299,-0.025767,-0.036148,0.005770,0.999330,0,0.92031,-0.94108,55.218,-1.882,875.000,400.000,900.000,400.000,-1,325.000,325.000,275.000,300.000,-1,-1,-1,-1,600.000,725.000,700.000,-1,1,0,1,0,2,0,0,0,0,2,2,2,2,1,0,1,2
99,11375.143,1567.945,-476.352,-37.573,0.792171,0.609756,0.025739,-0.609196,0.792571,-0.026687,-0.036673,0.005461,0.999312,0,0.93113,-0.94752,55.868,-1.895,725.000,400.000,875.000,400.000,-1,325.000,325.000,275.000,300.000,-1,-1,-1,-1,575.000,700.000,625.000,-1,1,0,1,0,2,0,0,0,0,2,2,2,2,1,0,1,2
100,11418.790,1531.990,-478.209,-39.480,0.771431,0.635803,0.025479,-0.635238,0.771837,-0.027219,-0.036972,0.004812,0.999305,0,0.94249,-0.95379,56.550,-1.908,600.000,400.000,825.000,400.000,-1,325.000,325.000,275.000,300.000,-1,-1,-1,-1,550.000,700.000,575.000,-1,1,0,1,0,2,0,0,0,0,2,2,2,2,1,0,1,2
101,11461.739,1494.126,-480.161,-41.400,0.749693,0.661303,0.025253,-0.660743,0.750108,-0.027486,-0.037119,0.003921,0.999303,0,0.95428,-0.95982,57.257,-1.920,525.000,400.000,800.000,375.000,-1,325.000,325.000,300.000,300.000,-1,-1,-1,-1,525.000,675.000,500.000,-1,1,0,1,0,2,0,0,0,0,2,2,2,2,1,0,1,2
102,11503.866,1454.391,-482.209,-43.327,0.727024,0.686153,0.025088,-0.685609,0.727451,-0.027474,-0.037102,0.002774,0.999308,0,0.96517,-0.96344,57.910,-1.927,450.000,400.000,775.000,375.000,-1,325.000,325.000,300.000,300.000,-1,-1,-1,-1,500.000,675.000,450.000,-1,1,1,1,0,2,0,0,0,0,2,2,2,2,1,0,1,2
103,11544.838,1413.078,-484.297,-45.238,0.703727,0.710031,0.024989,-0.709504,0.704168,-0.027394,-0.037047,0.001548,0.999312,0,0.96973,-0.95547,58.184,-1.911,400.000,375.000,725.000,375.000,-1,325.000,325.000,300.000,300.000,-1,-1,-1,-1,450.000,650.000,400.000,-1,1,1,1,0,2,0,0,0,0,2,2,2,2,1,0,1,2
104,11584.577,1370.267,-486.287,-47.131,0.679867,0.732907,0.025072,-0.732428,0.680329,-0.026512,-0.036488,-0.000338,0.999334,0,0.97353,-0.94657,58.412,-1.893,350.000,375.000,700.000,375.000,-1,325.000,300.000,300.000,300.000,-1,-1,-1,-1,425.000,650.000,350.000,-1,1,1,1,0,2,0,0,0,0,2,2,2,2,1,0,1,2
105,11623.010,1326.050,-488.122,-49.004,0.655514,0.754752,0.025510,-0.754367,0.656002,-0.024319,-0.035090,-0.003302,0.999379,0,0.97644,-0.93670,58.586,-1.873,300.000,350.000,675.000,375.000,-1,325.000,300.000,300.000,300.000,-1,-1,-1,-1,400.000,650.000,300.000,-1,1,1,1,0,2,0,0,0,0,2,2,2,2,1,0,1,2
106,11660.064,1280.527,-489.996,-50.856,0.630751,0.775542,0.026226,-0.775265,0.631261,-0.021769,-0.033438,-0.006601,0.999419,0,0.97829,-0.92583,58.697,-1.852,250.000,325.000,650.000,375.000,-1,325.000,300.000,300.000,300.000,-1,-1,-1,-1,375.000,650.000,275.000,-1,1,1,1,0,2,0,0,0,0,2,2,2,2,1,0,1,2
107,11695.671,1233.815,-491.906,-52.684,0.605658,0.795258,0.027248,-0.795100,0.606184,-0.018890,-0.031539,-0.010224,0.999450,0,0.97893,-0.91393,58.736,-1.828,200.000,300.000,625.000,375.000,-1,300.000,300.000,300.000,300.000,-1,-1,-1,-1,350.000,650.000,225.000,-1,1,1,1,0,2,0,0,1,0,2,2,2,2,1,0,1,2
108,11727.312,1189.481,-493.355,-54.486,0.580349,0.813906,0.027435,-0.813825,0.580863,-0.016947,-0.029729,-0.012492,0.999480,0,0.90777,-0.90098,54.466,-1.802,150.000,275.000,625.000,375.000,-1,300.000,300.000,275.000,300.000,-1,-1,-1,-1,325.000,650.000,175.000,-1,1,1,1,0,2,1,0,1,0,2,2,2,2,1,0,1,2
109,11757.485,1144.301,-491.027,-56.261,0.555348,0.831576,0.008350,-0.831465,0.555411,-0.013610,-0.015956,0.000615,0.999873,0,0.90549,-0.88771,54.329,-1.775,150.000,275.000,625.000,375.000,-1,300.000,325.000,275.000,300.000,-1,500.000,525.000,-1,325.000,700.000,175.000,-1,1,1,1,0,2,1,0,1,0,2,0,0,2,1,0,1,2
110,11786.150,1098.416,-488.228,-58.008,0.529807,0.848021,-0.012844,-0.848118,0.529735,-0.008723,-0.000593,0.015515,0.999879,0,0.90172,-0.87357,54.103,-1.747,150.000,275.000,700.000,400.000,-1,300.000,350.000,275.000,300.000,-1,350.000,300.000,-1,325.000,750.000,150.000,-1,1,1,1,0,2,1,0,1,0,2,0,0,2,1,0,1,2
111,11813.269,1051.972,-485.117,-59.725,0.503652,0.863188,-0.035226,-0.863762,0.503894,-0.002261,0.015799,0.031565,0.999377,0,0.89636,-0.85862,53.782,-1.717,125.000,275.000,-1,450.000,-1,300.000,375.000,275.000,275.000,-1,275.000,175.000,-1,325.000,800.000,150.000,-1,1,1,2,0,2,1,0,1,0,2,0,0,2,1,0,1,2
112,11838.813,1005.120,-482.048,-61.411,0.476941,0.877093,-0.056871,-0.878352,0.477983,0.005513,0.032018,0.047324,0.998366,0,0.88938,-0.84296,53.363,-1.686,125.000,275.000,-1,475.000,-1,325.000,400.000,250.000,275.000,-1,225.000,125.000,700.000,325.000,875.000,150.000,-1,1,1,2,0,2,1,0,1,0,2,0,0,0,1,0,1,2
113,11862.765,958.011,-479.028,-63.065,0.449784,0.889770,-0.077490,-0.891853,0.452094,0.014439,0.047880,0.062616,0.996889,0,0.88078,-0.82675,52.847,-1.653,125.000,275.000,-1,500.000,-1,325.000,425.000,250.000,250.000,-1,200.000,75.000,550.000,350.000,975.000,150.000,-1,1,1,2,0,2,1,0,1,0,2,0,0,0,1,0,1,2
114,11885.120,910.794,-476.101,-64.685,0.422287,0.901259,-0.096985,-0.904248,0.426311,0.024373,0.063312,0.077406,0.994987,0,0.87064,-0.81014,52.238,-1.620,125.000,300.000,-1,525.000,-1,325.000,450.000,225.000,250.000,-1,175.000,50.000,425.000,350.000,-1,150.000,-1,1,1,2,0,2,1,0,1,0,2,0,0,0,1,2,1,2
115,11905.883,863.609,-473.298,-66.272,0.394565,0.911613,-0.115241,-0.915532,0.400706,0.035161,0.078231,0.091634,0.992715,0,0.85912,-0.79336,51.547,-1.587,100.000,300.000,-1,550.000,-1,350.000,475.000,200.000,250.000,-1,175.000,50.000,375.000,350.000,-1,125.000,-1,1,1,2,0,2,1,1,1,0,2,0,0,0,1,2,1,2
116,11925.055,816.574,-470.658,-67.849,0.366352,0.921062,-0.132023,-0.925867,0.374954,0.046677,0.092495,0.105136,0.990147,0,0.84644,-0.78877,50.787,-1.578,100.000,300.000,-1,600.000,-1,375.000,500.000,200.000,250.000,-1,150.000,25.000,300.000,400.000,-1,125.000,-1,1,1,2,0,2,1,1,1,0,2,0,0,0,1,2,1,2
117,11942.642,769.796,-468.207,-69.423,0.337689,0.929687,-0.147133,-0.935273,0.349017,0.058756,0.105976,0.117768,0.987370,0,0.83283,-0.78695,49.970,-1.574,100.000,325.000,-1,625.000,-1,400.000,525.000,175.000,225.000,-1,150.000,25.000,275.000,-1,-1,125.000,-1,1,1,2,0,2,1,1,1,0,2,0,0,0,2,2,1,2
118,11958.661,723.358,-465.686,-70.995,0.308922,0.937661,-0.159243,-0.943761,0.322957,0.070806,0.117821,0.128414,0.984697,0,0.81860,-0.78582,49.116,-1.572,100.000,375.000,-1,650.000,-1,450.000,550.000,175.000,225.000,-1,150.000,25.000,250.000,-1,-1,125.000,-1,1,1,2,0,2,1,1,1,0,2,0,0,0,2,2,1,2
119,-4920.526,2294.574,-133.353,143.290,-0.684244,-0.538457,-0.491806,0.675484,-0.722130,-0.149164,-0.274830,-0.434272,0.857832,1,0.00000,0.00000,48.246,-1.571,-1,250.000,275.000,125.000,0.000,175.000,125.000,275.000,-1,0.000,0.000,-1,-1,350.000,150.000,600.000,0.000,2,1,1,1,1,1,1,1,2,1,0,2,2,1,1,1,1
120,-5577.914,8859.189,161.110,120.243,-0.505001,-0.857792,-0.095743,0.863015,-0.500106,-0.071405,0.013369,-0.118688,0.992842,1,0.08000,0.12000,4.800,0.240,-1,425.000,-1,400.000,-1,325.000,325.000,300.000,300.000,-1,850.000,950.000,550.000,925.000,-1,-1,-1,2,0,2,0,2,0,0,0,0,2,0,0,1,0,2,2,2
121,-5582.816,8867.443,161.231,120.701,-0.511788,-0.853733,-0.095989,0.859024,-0.506932,-0.071401,0.012298,-0.118999,0.992818,0,0.16000,0.22915,9.600,0.458,-1,425.000,-1,400.000,-1,325.000,325.000,300.000,300.000,-1,875.000,975.000,525.000,925.000,-1,-1,-1,2,0,2,0,2,0,0,0,0,2,0,0,1,0,2,2,2
122,-5590.268,8879.764,161.395,121.161,-0.518559,-0.849594,-0.096370,0.854969,-0.513743,-0.071385,0.011138,-0.119411,0.992782,0,0.24000,0.22995,14.400,0.460,-1,425.000,-1,400.000,-1,325.000,325.000,300.000,300.000,-1,900.000,1000.000,525.000,950.000,-1,-1,-1,2,0,2,0,2,0,0,0,0,2,0,0,1,0,2,2,2
123,-5600.335,8896.112,161.589,121.623,-0.525324,-0.845368,-0.096892,0.850845,-0.520549,-0.071357,0.009886,-0.119926,0.992734,0,0.32000,0.23118,19.200,0.462,-1,425.000,-1,425.000,-1,325.000,325.000,300.000,300.000,-1,925.000,-1,550.000,950.000,-1,-1,-1,2,0,2,0,2,0,0,0,0,2,0,2,1,0,2,2,2
124,-5613.086,8916.444,161.785,122.089,-0.532092,-0.841050,-0.097540,0.846644,-0.527367,-0.071259,0.008493,-0.120498,0.992677,0,0.40000,0.23287,24.000,0.466,-1,425.000,-1,425.000,-1,325.000,325.000,300.000,300.000,-1,975.000,-1,550.000,950.000,-1,-1,-1,2,0,2,0,2,0,0,0,0,2,0,2,1,0,2,2,2
125,-5628.586,8940.716,161.899,122.559,-0.538851,-0.836656,-0.098217,0.842374,-0.534225,-0.070776,0.006746,-0.120873,0.992645,0,0.48000,0.23505,28.800,0.470,-1,425.000,-1,425.000,-1,325.000,325.000,300.000,300.000,-1,-1,-1,550.000,950.000,-1,-1,-1,2,0,2,0,2,0,0,0,0,2,2,2,1,0,2,2,2
126,-5646.903,8968.883,161.982,123.035,-0.545637,-0.832149,-0.099041,0.838008,-0.541122,-0.070215,0.004836,-0.121309,0.992603,0,0.56000,0.23777,33.600,0.476,-1,425.000,-1,425.000,-1,325.000,325.000,300.000,300.000,-1,-1,-1,575.000,950.000,-1,-1,-1,2,0,2,0,2,0,0,0,0,2,2,2,1,0,2,2,2
127,-5668.108,9000.897,162.022,123.517,-0.552460,-0.827512,-0.100059,0.833535,-0.548068,-0.069571,0.002731,-0.121838,0.992546,0,0.64000,0.24105,38.400,0.482,-1,425.000,-1,425.000,-1,325.000,325.000,300.000,300.000,-1,-1,-1,575.000,950.000,-1,-1,-1,2,0,2,0,2,0,0,0,0,2,2,2,1,0,2,2,2
128,-5692.270,9036.707,162.001,124.007,-0.559333,-0.822731,-0.101292,0.828943,-0.555080,-0.068843,0.000414,-0.122472,0.992472,0,0.72000,0.24494,43.200,0.490,-1,425.000,-1,450.000,-1,325.000,350.000,300.000,300.000,-1,-1,-1,600.000,950.000,-1,-1,-1,2,0,2,0,2,0,0,0,0,2,2,2,1,0,2,2,2
129,-5719.463,9076.260,161.881,124.506,-0.566274,-0.817796,-0.102685,0.824215,-0.562175,-0.068039,-0.002085,-0.123163,0.992384,0,0.80000,0.24948,48.000,0.499,-1,425.000,-1,450.000,-1,325.000,350.000,300.000,300.000,-1,-1,-1,625.000,950.000,-1,-1,-1,2,0,2,0,2,0,0,0,0,2,2,2,1,0,2,2,2
130,-5747.469,9116.233,161.460,125.015,-0.573253,-0.812768,-0.103868,0.819361,-0.569426,-0.066335,-0.005230,-0.123133,0.992376,0,0.81347,0.25472,48.808,0.509,-1,425.000,-1,450.000,-1,350.000,350.000,300.000,300.000,-1,-1,-1,650.000,950.000,-1,-1,-1,2,0,2,0,2,0,0,0,0,2,2,2,1,0,2,2,2
131,-5775.868,9155.997,160.498,125.536,-0.580214,-0.807727,-0.104543,0.814406,-0.576903,-0.062650,-0.009708,-0.121491,0.992545,0,0.81441,0.26023,48.865,0.520,-1,425.000,-1,450.000,-1,350.000,350.000,300.000,300.000,-1,-1,-1,675.000,925.000,-1,-1,-1,2,0,2,0,2,0,0,0,0,2,2,2,1,0,2,2,2
132,-5804.684,9195.563,159.458,126.067,-0.587296,-0.802489,-0.105334,0.809248,-0.584487,-0.059092,-0.014146,-0.119945,0.992680,0,0.81581,0.26593,48.948,0.532,-1,425.000,-1,450.000,-1,325.000,350.000,300.000,300.000,-1,-1,-1,700.000,925.000,-1,-1,-1,2,0,2,0,2,0,0,0,0,2,2,2,1,0,2,2,2
133,-5834.906,9236.244,158.270,126.609,-0.594452,-0.797056,-0.106439,0.803912,-0.592148,-0.055547,-0.018754,-0.118587,0.992766,0,0.84465,0.27096,50.679,0.542,-1,425.000,-1,450.000,-1,325.000,350.000,300.000,300.000,-1,-1,-1,725.000,900.000,-1,-1,-1,2,0,2,0,2,0,0,0,0,2,2,2,1,0,2,2,2
134,-5865.461,9276.559,156.965,127.158,-0.601646,-0.791448,-0.107849,0.798420,-0.599838,-0.052163,-0.023407,-0.117492,0.992798,0,0.84311,0.27453,50.587,0.549,-1,425.000,-1,425.000,-1,325.000,350.000,300.000,300.000,-1,-1,-1,750.000,875.000,-1,-1,-1,2,0,2,0,2,0,0,0,0,2,2,2,1,0,2,2,2
135,-5896.365,9316.523,155.575,127.715,-0.608902,-0.785672,-0.109353,0.792754,-0.607569,-0.049005,-0.027938,-0.116529,0.992794,0,0.84199,0.27837,50.520,0.557,-1,425.000,-1,425.000,-1,325.000,350.000,300.000,300.000,-1,-1,-1,800.000,875.000,-1,-1,-1,2,0,2,0,2,0,0,0,0,2,2,2,1,0,2,2,2
136,-5927.636,9356.147,154.110,128.280,-0.616218,-0.779724,-0.110935,0.786910,-0.615350,-0.046014,-0.032385,-0.115650,0.992762,0,0.84129,0.28248,50.477,0.565,-1,400.000,-1,425.000,-1,325.000,350.000,300.000,300.000,-1,-1,-1,825.000,850.000,-1,-1,-1,2,0,2,0,2,0,0,0,0,2,2,2,1,0,2,2,2
137,-5959.291,9395.443,152.569,128.854,-0.623597,-0.773596,-0.112590,0.780882,-0.623184,-0.043193,-0.036750,-0.114854,0.992702,0,0.84101,0.28683,50.461,0.574,-1,400.000,-1,425.000,-1,325.000,325.000,300.000,300.000,-1,-1,-1,850.000,825.000,1000.000,-1,-1,2,0,2,0,2,0,0,0,0,2,2,2,1,0,0,2,2
