timestep,x_cm,y_cm,z_cm,yaw_deg,basis_xx,basis_xy,basis_xz,basis_yx,basis_yy,basis_yz,basis_zx,basis_zy,basis_zz,teleport_flag,throttle_cmd,steering_cmd,cmd_move_cm,cmd_turn_deg,lidar_cm_0,lidar_cm_1,lidar_cm_2,lidar_cm_3,lidar_cm_4,lidar_cm_5,lidar_cm_6,lidar_cm_7,lidar_cm_8,lidar_cm_9,lidar_cm_10,lidar_cm_11,lidar_cm_12,lidar_cm_13,lidar_cm_14,lidar_cm_15,lidar_cm_16,lidar_class_0,lidar_class_1,lidar_class_2,lidar_class_3,lidar_class_4,lidar_class_5,lidar_class_6,lidar_class_7,lidar_class_8,lidar_class_9,lidar_class_10,lidar_class_11,lidar_class_12,lidar_class_13,lidar_class_14,lidar_class_15,lidar_class_16
0,5575.678,-1635.032,130.578,86.895,0.051040,-0.997434,-0.050195,0.996630,0.054102,-0.061662,0.064220,-0.046879,0.996834,1,0.08000,0.12000,4.800,0.240,-1,400.000,-1,375.000,-1,325.000,300.000,325.000,325.000,-1,575.000,600.000,-1,900.000,775.000,-1,-1,2,0,2,0,2,0,0,0,0,2,0,0,2,0,0,2,2
1,5576.117,-1625.442,131.190,87.375,0.042662,-0.997818,-0.050381,0.997048,0.045743,-0.061671,0.063841,-0.047602,0.996824,0,0.16000,0.24000,9.600,0.480,-1,400.000,-1,375.000,-1,325.000,300.000,325.000,325.000,-1,575.000,625.000,-1,900.000,775.000,-1,-1,2,0,2,0,2,0,0,0,0,2,0,0,2,0,0,2,2
2,5576.595,-1611.050,132.099,88.095,0.030090,-0.998262,-0.050667,0.997544,0.033199,-0.061682,0.063257,-0.048687,0.996809,0,0.24000,0.36000,14.400,0.720,-1,400.000,-1,375.000,-1,325.000,300.000,325.000,325.000,-1,600.000,650.000,-1,900.000,800.000,-1,-1,2,0,2,0,2,0,0,0,0,2,0,0,2,0,0,2,2
3,5576.911,-1591.853,133.297,89.055,0.013322,-0.998607,-0.051059,0.997959,0.016468,-0.061694,0.062449,-0.050133,0.996788,0,0.32000,0.48000,19.200,0.960,-1,400.000,-1,375.000,-1,325.000,300.000,325.000,325.000,-1,625.000,675.000,-1,925.000,800.000,-1,-1,2,0,2,0,2,0,0,0,0,2,0,0,2,0,0,2,2
4,5576.827,-1567.854,134.770,90.197,-0.006616,-0.998648,-0.051563,0.998089,-0.003426,-0.061704,0.061444,-0.051873,0.996762,0,0.40000,0.57066,24.000,1.141,-1,400.000,-1,400.000,-1,325.000,300.000,325.000,325.000,-1,650.000,700.000,-1,925.000,800.000,-1,-1,2,0,2,0,2,0,0,0,0,2,0,0,2,0,0,2,2
5,5576.156,-1539.062,136.511,91.334,-0.026482,-0.998287,-0.052177,0.997824,-0.023244,-0.061706,0.060388,-0.053697,0.996730,0,0.48000,0.56864,28.800,1.137,-1,400.000,-1,400.000,-1,325.000,325.000,325.000,325.000,-1,675.000,750.000,-1,950.000,800.000,-1,-1,2,0,2,0,2,0,0,0,0,2,0,0,2,0,0,2,2
6,5574.709,-1505.493,138.509,92.466,-0.046254,-0.997527,-0.052910,0.997170,-0.042965,-0.061699,0.059273,-0.055614,0.996691,0,0.56000,0.56622,33.600,1.132,-1,425.000,-1,400.000,-1,325.000,325.000,325.000,325.000,-1,725.000,800.000,-1,975.000,825.000,-1,-1,2,0,2,0,2,0,0,0,0,2,0,0,2,0,0,2,2
7,5572.301,-1467.169,140.749,93.593,-0.065917,-0.996375,-0.053773,0.996133,-0.062572,-0.061680,0.058092,-0.057631,0.996646,0,0.64000,0.56358,38.400,1.127,-1,425.000,-1,400.000,-1,325.000,325.000,325.000,325.000,-1,775.000,850.000,-1,1000.000,825.000,-1,-1,2,0,2,0,2,0,0,0,0,2,0,0,2,0,0,2,2
8,5568.744,-1424.116,143.218,94.721,-0.085554,-0.994827,-0.054778,0.994712,-0.082150,-0.061648,0.056829,-0.059762,0.996594,0,0.72000,0.56358,43.200,1.127,-1,425.000,-1,400.000,-1,325.000,325.000,325.000,325.000,-1,825.000,900.000,-1,-1,850.000,-1,-1,2,0,2,0,2,0,0,0,0,2,0,0,2,2,0,2,2
9,5563.852,-1376.367,145.900,95.848,-0.105157,-0.992881,-0.055938,0.992907,-0.101689,-0.061601,0.055474,-0.062019,0.996532,0,0.80000,0.56358,48.000,1.127,-1,425.000,-1,400.000,-1,325.000,325.000,325.000,325.000,-1,875.000,975.000,-1,-1,875.000,-1,-1,2,0,2,0,2,0,0,0,0,2,0,0,2,2,0,2,2
10,5557.438,-1323.958,148.698,96.975,-0.124684,-0.990557,-0.057009,0.990741,-0.121185,-0.061202,0.053715,-0.064112,0.996496,0,0.88000,0.56358,52.800,1.127,-1,425.000,-1,400.000,-1,350.000,325.000,325.000,325.000,-1,975.000,-1,-1,-1,900.000,-1,-1,2,0,2,0,2,0,0,0,0,2,0,2,2,2,0,2,2
11,5549.565,-1268.660,151.231,98.102,-0.144033,-0.987921,-0.057156,0.988268,-0.140638,-0.059553,0.050795,-0.065063,0.996587,0,0.93094,0.56358,55.857,1.127,-1,450.000,-1,400.000,-1,350.000,325.000,325.000,300.000,-1,-1,-1,-1,-1,925.000,-1,-1,2,0,2,0,2,0,0,0,0,2,2,2,2,2,0,2,2
12,5540.604,-1213.528,153.306,99.229,-0.163326,-0.984801,-0.059087,0.985468,-0.160018,-0.056980,0.046659,-0.067535,0.996625,0,0.93094,0.56358,55.857,1.127,-1,425.000,-1,400.000,-1,350.000,325.000,300.000,300.000,-1,-1,-1,-1,-1,925.000,-1,-1,2,0,2,0,2,0,0,0,0,2,2,2,2,2,0,2,2
13,5530.560,-1158.582,155.278,100.356,-0.182537,-0.981292,-0.061200,0.982284,-0.179328,-0.054401,0.042408,-0.070046,0.996642,0,0.93094,0.56358,55.857,1.127,-1,425.000,-1,400.000,-1,350.000,325.000,300.000,300.000,-1,-1,-1,-1,-1,950.000,-1,-1,2,0,2,0,2,0,0,0,0,2,2,2,2,2,0,2,2
14,5519.437,-1103.845,157.150,101.484,-0.201655,-0.977399,-0.063460,0.978716,-0.198561,-0.051841,0.038068,-0.072563,0.996637,0,0.93094,0.56358,55.857,1.127,-1,425.000,-1,400.000,-1,350.000,325.000,300.000,300.000,-1,-1,-1,-1,-1,950.000,-1,-1,2,0,2,0,2,0,0,0,0,2,2,2,2,2,0,2,2
15,5507.240,-1049.337,158.919,102.611,-0.220673,-0.973121,-0.065866,0.974768,-0.217709,-0.049307,0.033642,-0.075085,0.996609,0,0.93094,0.56358,55.857,1.127,-1,425.000,-1,400.000,-1,350.000,325.000,300.000,300.000,-1,-1,-1,-1,-1,950.000,-1,-1,2,0,2,0,2,0,0,0,0,2,2,2,2,2,0,2,2
16,5493.972,-995.080,160.578,103.738,-0.239581,-0.968463,-0.068418,0.970439,-0.236763,-0.046805,0.029130,-0.077609,0.996558,0,0.93094,0.56358,55.857,1.127,-1,425.000,-1,400.000,-1,350.000,325.000,300.000,300.000,-1,-1,-1,-1,-1,950.000,-1,-1,2,0,2,0,2,0,0,0,0,2,2,2,2,2,0,2,2
17,5479.640,-941.095,162.125,104.865,-0.258371,-0.963425,-0.071114,0.965734,-0.255717,-0.044341,0.024535,-0.080134,0.996482,0,0.93094,0.56358,55.857,1.127,-1,425.000,-1,425.000,-1,350.000,325.000,300.000,300.000,-1,-1,-1,-1,-1,975.000,-1,-1,2,0,2,0,2,0,0,0,0,2,2,2,2,2,0,2,2
18,5465.776,-891.957,163.445,105.752,-0.273046,-0.959174,-0.073693,0.961784,-0.270554,-0.042105,0.020448,-0.082373,0.996392,0,0.85094,0.44358,51.057,0.887,-1,425.000,-1,425.000,-1,350.000,325.000,300.000,325.000,-1,-1,-1,-1,-1,1000.000,-1,-1,2,0,2,0,2,0,0,0,0,2,2,2,2,2,0,2,2
19,5452.408,-846.544,164.596,106.399,-0.283657,-0.955896,-0.076163,0.958778,-0.281323,-0.040028,0.016836,-0.084377,0.996292,0,0.78900,0.32358,47.340,0.647,-1,425.000,-1,425.000,-1,350.000,350.000,300.000,325.000,-1,-1,-1,-1,-1,-1,-1,-1,2,0,2,0,2,0,0,0,0,2,2,2,2,2,2,2,2
20,5438.718,-801.228,165.685,106.806,-0.290233,-0.953716,-0.078680,0.956861,-0.288061,-0.037923,0.013504,-0.086292,0.996178,0,0.78900,0.20358,47.340,0.407,-1,450.000,-1,425.000,-1,350.000,350.000,300.000,325.000,-1,-1,-1,-1,-1,-1,-1,-1,2,0,2,0,2,0,0,0,0,2,2,2,2,2,2,2,2
21,5424.896,-755.951,166.640,106.974,-0.292776,-0.952745,-0.080982,0.956127,-0.290804,-0.035431,0.010207,-0.087803,0.996086,0,0.78900,0.08358,47.340,0.167,-1,450.000,-1,425.000,-1,350.000,350.000,300.000,325.000,-1,-1,-1,-1,-1,-1,-1,-1,2,0,2,0,2,0,0,0,0,2,2,2,2,2,2,2,2
22,5411.133,-710.656,167.250,106.901,-0.291385,-0.953089,-0.081955,0.956572,-0.289584,-0.033320,0.008025,-0.088105,0.996079,0,0.78900,-0.03642,47.340,-0.073,-1,450.000,-1,450.000,-1,350.000,350.000,300.000,325.000,-1,-1,-1,-1,-1,-1,-1,-1,2,0,2,0,2,0,0,0,0,2,2,2,2,2,2,2,2
23,5397.579,-665.298,167.328,106.638,-0.286728,-0.954544,-0.081438,0.958000,-0.285256,-0.029418,0.004850,-0.086453,0.996244,0,0.78900,-0.13125,47.340,-0.262,-1,450.000,-1,425.000,-1,350.000,350.000,300.000,300.000,-1,-1,-1,-1,-1,-1,-1,-1,2,0,2,0,2,0,0,0,0,2,2,2,2,2,2,2,2
24,5384.233,-619.878,167.388,106.376,-0.282073,-0.955978,-0.080872,0.959392,-0.280921,-0.025521,0.001679,-0.084786,0.996398,0,0.78900,-0.13125,47.340,-0.262,-1,450.000,-1,425.000,-1,350.000,350.000,300.000,300.000,-1,-1,-1,-1,-1,-1,-1,-1,2,0,2,0,2,0,0,0,0,2,2,2,2,2,2,2,2
25,5371.095,-574.398,167.232,106.113,-0.277471,-0.957324,-0.080871,0.960734,-0.276558,-0.022511,-0.000815,-0.083942,0.996470,0,0.78900,-0.13125,47.340,-0.262,-1,450.000,-1,425.000,-1,350.000,350.000,300.000,300.000,-1,-1,-1,-1,-1,-1,-1,-1,2,0,2,0,2,0,0,0,0,2,2,2,2,2,2,2,2
26,5358.163,-528.858,166.586,105.851,-0.272810,-0.958492,-0.082874,0.962060,-0.272144,-0.019452,-0.003909,-0.085037,0.996370,0,0.78900,-0.13125,47.340,-0.262,-1,450.000,-1,425.000,-1,350.000,350.000,300.000,300.000,-1,-1,-1,-1,-1,1000.000,-1,-1,2,0,2,0,2,0,0,0,0,2,2,2,2,2,0,2,2
27,5345.418,-483.180,165.849,105.587,-0.268092,-0.959616,-0.085230,0.963366,-0.267698,-0.016235,-0.007236,-0.086460,0.996229,0,0.79037,-0.13181,47.422,-0.264,-1,450.000,-1,425.000,-1,350.000,350.000,300.000,300.000,-1,-1,-1,-1,-1,1000.000,-1,-1,2,0,2,0,2,0,0,0,0,2,2,2,2,2,0,2,2
28,5332.839,-437.272,165.100,105.321,-0.263317,-0.960728,-0.087558,0.964652,-0.263206,-0.013015,-0.010542,-0.087890,0.996074,0,0.79333,-0.13303,47.600,-0.266,-1,425.000,-1,425.000,-1,350.000,350.000,300.000,300.000,-1,-1,-1,-1,-1,975.000,-1,-1,2,0,2,0,2,0,0,0,0,2,2,2,2,2,0,2,2
29,5320.428,-391.135,164.339,105.053,-0.258483,-0.961828,-0.089856,0.965917,-0.258667,-0.009792,-0.013824,-0.089325,0.995907,0,0.79628,-0.13428,47.777,-0.269,-1,425.000,-1,425.000,-1,350.000,350.000,300.000,300.000,-1,-1,-1,-1,1000.000,950.000,-1,-1,2,0,2,0,2,0,0,0,0,2,2,2,2,0,0,2,2
30,5308.191,-344.768,163.568,104.781,-0.253589,-0.962915,-0.092126,0.967161,-0.254079,-0.006566,-0.017084,-0.090765,0.995726,0,0.79923,-0.13556,47.954,-0.271,-1,425.000,-1,425.000,-1,350.000,325.000,300.000,300.000,-1,-1,-1,-1,975.000,950.000,-1,-1,2,0,2,0,2,0,0,0,0,2,2,2,2,0,0,2,2
31,5296.132,-298.172,162.787,104.508,-0.248636,-0.963989,-0.094365,0.968384,-0.249442,-0.003338,-0.020320,-0.092211,0.995532,0,0.80218,-0.13688,48.131,-0.274,-1,425.000,-1,425.000,-1,350.000,325.000,300.000,300.000,-1,-1,-1,-1,950.000,925.000,-1,-1,2,0,2,0,2,0,0,0,0,2,2,2,2,0,0,2,2
32,5284.253,-251.348,161.996,104.231,-0.243621,-0.965050,-0.096573,0.969585,-0.244755,-0.000108,-0.023533,-0.093662,0.995326,0,0.80512,-0.13822,48.307,-0.276,-1,425.000,-1,425.000,-1,325.000,325.000,300.000,300.000,-1,-1,-1,-1,950.000,925.000,-1,-1,2,0,2,0,2,0,0,0,0,2,2,2,2,0,1,2,2
33,5272.561,-204.295,161.197,103.952,-0.238544,-0.966098,-0.098751,0.970764,-0.240016,0.003125,-0.026720,-0.095118,0.995107,0,0.80805,-0.13961,48.483,-0.279,-1,425.000,-1,425.000,-1,325.000,325.000,300.000,300.000,-1,-1,-1,-1,925.000,900.000,-1,-1,2,0,2,0,2,0,0,0,0,2,2,2,2,0,1,2,2
34,5261.059,-157.015,160.385,103.670,-0.233406,-0.967133,-0.100875,0.971920,-0.235224,0.006349,-0.029869,-0.096561,0.994879,0,0.81097,-0.14103,48.658,-0.282,-1,425.000,-1,425.000,-1,325.000,325.000,300.000,325.000,-1,-1,-1,-1,900.000,850.000,-1,-1,2,0,2,0,2,0,0,0,0,2,2,2,2,0,1,2,2
35,5249.753,-109.509,159.471,103.385,-0.228245,-0.968187,-0.102559,0.973054,-0.230386,0.009381,-0.032711,-0.097654,0.994683,0,0.81388,-0.14251,48.833,-0.285,-1,425.000,-1,425.000,-1,325.000,325.000,300.000,325.000,-1,-1,-1,-1,900.000,825.000,-1,1000.000,2,0,2,0,2,0,0,0,0,2,2,2,2,0,1,2,1
36,5238.646,-61.778,158.444,103.097,-0.223068,-0.969267,-0.103741,0.974167,-0.225500,0.012184,-0.035203,-0.098343,0.994530,0,0.81676,-0.14403,49.006,-0.288,-1,425.000,-1,425.000,-1,325.000,325.000,300.000,325.000,-1,-1,-1,-1,875.000,775.000,-1,950.000,2,0,2,0,2,0,0,0,0,2,2,2,2,0,1,2,1
37,5227.684,-13.641,156.802,102.831,-0.218403,-0.970449,-0.102613,0.975150,-0.221041,0.014941,-0.037182,-0.096800,0.994609,0,0.82282,-0.13272,49.369,-0.265,-1,425.000,-1,425.000,975.000,325.000,325.000,300.000,300.000,-1,-1,-1,-1,875.000,750.000,-1,900.000,2,0,2,0,1,0,0,0,0,2,2,2,2,1,1,2,1
38,5216.898,34.755,155.034,102.566,-0.213720,-0.971650,-0.101089,0.976096,-0.216584,0.018124,-0.039505,-0.094799,0.994712,0,0.82638,-0.13274,49.583,-0.265,-1,425.000,-1,425.000,900.000,325.000,325.000,300.000,300.000,-1,-1,-1,-1,825.000,700.000,-1,850.000,2,0,2,0,1,0,0,0,0,2,2,2,2,1,1,2,1
39,5206.289,83.411,152.824,102.300,-0.209068,-0.972666,-0.101054,0.977047,-0.212084,0.019970,-0.040856,-0.094560,0.994680,0,0.82996,-0.13273,49.798,-0.265,-1,425.000,-1,425.000,850.000,325.000,325.000,300.000,300.000,-1,-1,-1,-1,800.000,675.000,-1,775.000,2,0,2,0,1,0,0,0,0,2,2,2,2,1,1,2,1
40,5195.859,132.325,150.372,102.035,-0.204344,-0.973569,-0.102010,0.977977,-0.207562,0.021882,-0.042477,-0.095292,0.994543,0,0.83356,-0.13270,50.014,-0.265,-1,425.000,975.000,400.000,775.000,325.000,325.000,300.000,300.000,-1,-1,-1,-1,750.000,625.000,-1,725.000,2,0,1,0,1,0,0,0,0,2,2,2,2,1,1,2,1
41,5185.612,181.500,147.919,101.770,-0.199618,-0.974451,-0.102949,0.978882,-0.203038,0.023781,-0.044076,-0.096028,0.994402,0,0.83718,-0.13264,50.231,-0.265,-1,425.000,900.000,400.000,700.000,325.000,325.000,300.000,300.000,-1,-1,-1,-1,700.000,600.000,-1,675.000,2,0,1,0,1,0,0,0,0,2,2,2,2,1,1,2,1
42,5175.549,230.935,145.465,101.505,-0.194889,-0.975310,-0.103871,0.979762,-0.198513,0.025667,-0.045653,-0.096767,0.994259,0,0.84081,-0.13254,50.448,-0.265,-1,400.000,850.000,400.000,650.000,325.000,325.000,300.000,300.000,-1,-1,-1,-1,675.000,550.000,-1,625.000,2,0,1,0,1,0,0,0,0,2,2,2,2,1,1,2,1
43,5165.671,280.630,143.010,101.240,-0.190161,-0.976146,-0.104777,0.980617,-0.193988,0.027542,-0.047211,-0.097509,0.994114,0,0.84445,-0.13242,50.667,-0.265,-1,400.000,775.000,400.000,600.000,325.000,325.000,300.000,300.000,-1,-1,-1,-1,625.000,525.000,-1,575.000,2,0,1,1,1,0,0,0,0,2,2,2,2,1,1,2,1
44,5155.982,330.587,140.556,100.975,-0.185434,-0.976959,-0.105667,0.981447,-0.189466,0.029405,-0.048747,-0.098254,0.993967,0,0.84812,-0.13225,50.887,-0.265,-1,400.000,725.000,375.000,550.000,325.000,325.000,300.000,300.000,-1,-1,-1,-1,575.000,475.000,-1,525.000,2,0,1,1,1,0,0,0,0,2,2,2,2,1,1,2,1
45,5146.481,380.804,138.101,100.711,-0.180709,-0.977749,-0.106541,0.982251,-0.184947,0.031256,-0.050265,-0.099002,0.993817,0,0.85179,-0.13206,51.108,-0.264,-1,400.000,675.000,350.000,500.000,325.000,325.000,300.000,300.000,-1,-1,-1,-1,550.000,450.000,-1,475.000,2,1,1,1,1,0,1,0,0,2,2,2,2,1,1,2,1
46,5137.180,430.086,135.686,100.687,-0.180067,-0.977774,-0.107394,0.982272,-0.184525,0.033053,-0.052135,-0.099538,0.993667,0,0.83586,-0.01206,50.151,-0.024,-1,375.000,625.000,325.000,425.000,300.000,300.000,300.000,300.000,-1,-1,-1,-1,500.000,425.000,-1,425.000,2,1,1,1,1,1,1,0,0,2,2,2,2,1,1,2,1
47,5127.651,479.545,133.233,100.903,-0.183502,-0.977039,-0.108266,0.981512,-0.188202,0.034835,-0.054411,-0.099872,0.993511,0,0.83948,0.10794,50.369,0.216,-1,350.000,550.000,300.000,375.000,275.000,275.000,300.000,300.000,-1,-1,-1,-1,475.000,375.000,775.000,375.000,2,1,1,1,1,1,1,0,0,2,2,2,2,1,1,1,1
48,5117.687,529.141,130.724,101.359,-0.191005,-0.975499,-0.109173,0.979927,-0.195968,0.036600,-0.057097,-0.099991,0.993349,0,0.84311,0.22794,50.587,0.456,-1,300.000,500.000,275.000,325.000,250.000,250.000,300.000,300.000,-1,-1,-1,-1,425.000,350.000,675.000,300.000,2,1,1,1,1,1,1,0,0,2,2,2,2,1,1,1,1
49,5107.076,578.825,128.139,102.055,-0.202556,-0.973058,-0.110129,0.977419,-0.207803,0.038345,-0.060198,-0.099875,0.993177,0,0.84675,0.34794,50.805,0.696,-1,275.000,450.000,250.000,275.000,225.000,225.000,300.000,300.000,-1,-1,-1,-1,400.000,300.000,600.000,250.000,2,1,1,1,1,1,1,0,0,2,2,2,2,1,1,1,1
50,5095.601,628.539,126.745,102.991,-0.218481,-0.969096,-0.114537,0.974113,-0.223568,0.033473,-0.058045,-0.104259,0.992855,0,0.85039,0.46794,51.023,0.936,-1,275.000,425.000,225.000,225.000,225.000,200.000,300.000,325.000,-1,-1,-1,-1,375.000,275.000,600.000,225.000,2,1,1,1,1,1,1,0,0,2,2,2,2,1,1,1,1
51,5083.158,678.242,128.698,104.030,-0.236814,-0.963013,-0.128553,0.970497,-0.240650,0.014948,-0.045331,-0.121220,0.991590,0,0.85399,0.51987,51.240,1.040,-1,275.000,450.000,225.000,225.000,225.000,200.000,275.000,375.000,-1,-1,-1,-1,400.000,275.000,-1,200.000,2,1,1,1,1,1,1,0,0,2,2,2,2,1,1,2,1
52,5069.759,727.916,130.432,105.066,-0.255418,-0.956320,-0.142175,0.966288,-0.257424,-0.004417,-0.032375,-0.138510,0.989832,0,0.85755,0.51771,51.453,1.035,-1,275.000,475.000,200.000,225.000,200.000,200.000,275.000,425.000,-1,475.000,-1,-1,400.000,275.000,-1,200.000,2,1,1,1,1,1,1,0,0,2,0,2,2,1,1,2,1
53,5055.425,777.547,133.857,106.096,-0.275367,-0.950162,-0.146169,0.961252,-0.274186,-0.028569,-0.012932,-0.148373,0.988847,0,0.86105,0.51527,51.663,1.031,-1,275.000,-1,200.000,225.000,225.000,200.000,275.000,450.000,925.000,125.000,325.000,-1,475.000,275.000,-1,200.000,2,1,2,1,1,1,1,0,1,0,0,0,2,1,1,2,1
54,-7543.321,-3607.652,164.612,-159.597,-0.896636,0.348557,-0.273040,-0.339614,-0.937072,-0.080986,-0.284086,0.020113,0.958588,1,0.00000,0.00000,56.463,0.791,450.000,250.000,500.000,225.000,250.000,225.000,200.000,675.000,500.000,-1,0.000,0.000,750.000,350.000,300.000,375.000,225.000,0,0,0,0,0,0,0,0,0,2,1,1,1,0,0,0,0
55,-9515.025,-4260.918,8.146,-33.247,0.836384,0.547710,-0.021815,-0.548137,0.835498,-0.038598,-0.002915,0.044240,0.999017,1,-0.08000,-0.12000,-4.800,-0.240,-1,400.000,-1,400.000,-1,325.000,325.000,300.000,300.000,-1,-1,525.000,550.000,775.000,850.000,-1,-1,2,0,2,0,2,0,0,0,0,2,2,1,1,0,0,2,2
56,-9523.009,-4255.588,8.197,-33.727,0.831771,0.554697,-0.021639,-0.555108,0.830890,-0.038436,-0.003341,0.043982,0.999027,0,-0.16000,-0.24000,-9.600,-0.480,-1,400.000,-1,400.000,-1,325.000,325.000,300.000,300.000,-1,-1,525.000,525.000,775.000,850.000,-1,-1,2,0,2,0,2,0,0,0,0,2,2,1,1,0,0,2,2
57,-9531.257,-4249.975,8.252,-34.236,0.826818,0.562060,-0.021453,-0.562457,0.825941,-0.038271,-0.003792,0.043709,0.999037,0,-0.16627,-0.25442,-9.976,-0.509,-1,400.000,-1,400.000,-1,325.000,325.000,300.000,300.000,-1,-1,525.000,525.000,775.000,850.000,-1,-1,2,0,2,0,2,0,0,0,0,2,2,1,1,0,0,2,2
58,-9539.454,-4244.290,8.309,-34.746,0.821785,0.569401,-0.021270,-0.569782,0.820912,-0.038112,-0.004240,0.043439,0.999047,0,-0.16627,-0.25514,-9.976,-0.510,-1,400.000,-1,400.000,-1,325.000,325.000,300.000,300.000,-1,-1,525.000,500.000,775.000,850.000,-1,-1,2,0,2,0,2,0,0,0,0,2,2,1,1,0,0,2,2
59,-9547.598,-4238.532,8.335,-35.258,0.816670,0.576713,-0.021240,-0.577086,0.815799,-0.038001,-0.004588,0.043292,0.999052,0,-0.16624,-0.25587,-9.974,-0.512,-1,400.000,-1,400.000,-1,325.000,325.000,300.000,300.000,-1,-1,525.000,500.000,775.000,850.000,-1,-1,2,0,2,0,2,0,0,0,0,2,2,1,1,0,0,2,2
60,-9555.688,-4232.704,8.362,-35.771,0.811476,0.584000,-0.021212,-0.584365,0.810606,-0.037894,-0.004935,0.043145,0.999057,0,-0.16618,-0.25658,-9.971,-0.513,-1,400.000,-1,400.000,-1,325.000,325.000,300.000,300.000,-1,-1,525.000,475.000,775.000,850.000,-1,-1,2,0,2,0,2,0,0,0,0,2,2,1,1,0,0,2,2
61,-9563.721,-4226.807,8.391,-36.285,0.806202,0.591261,-0.021185,-0.591616,0.805333,-0.037789,-0.005282,0.042999,0.999061,0,-0.16609,-0.25729,-9.965,-0.515,-1,400.000,-1,400.000,-1,325.000,325.000,300.000,300.000,-1,-1,525.000,475.000,775.000,850.000,-1,-1,2,0,2,0,2,0,0,0,0,2,2,1,1,0,0,2,2
62,-9571.695,-4220.841,8.423,-36.801,0.800849,0.598493,-0.021160,-0.598840,0.799981,-0.037686,-0.005627,0.042853,0.999066,0,-0.16597,-0.25799,-9.958,-0.516,-1,400.000,-1,400.000,-1,325.000,325.000,300.000,300.000,-1,-1,550.000,450.000,775.000,850.000,-1,-1,2,0,2,0,2,0,0,0,0,2,2,1,1,0,0,2,2
63,-9579.607,-4214.810,8.456,-37.319,0.795416,0.605696,-0.021137,-0.606035,0.794550,-0.037586,-0.005971,0.042706,0.999070,0,-0.16582,-0.25868,-9.949,-0.517,-1,400.000,-1,400.000,-1,325.000,325.000,300.000,300.000,-1,-1,-1,450.000,775.000,850.000,-1,-1,2,0,2,0,2,0,0,0,0,2,2,2,1,0,0,2,2
64,-9587.456,-4208.714,8.492,-37.837,0.789903,0.612868,-0.021115,-0.613199,0.789038,-0.037489,-0.006315,0.042561,0.999074,0,-0.16564,-0.25936,-9.938,-0.519,-1,400.000,-1,400.000,-1,325.000,325.000,300.000,300.000,-1,-1,-1,425.000,775.000,850.000,-1,-1,2,0,2,0,2,0,0,0,0,2,2,2,1,0,0,2,2
65,-9595.239,-4202.554,8.529,-38.358,0.784311,0.620009,-0.021095,-0.620332,0.783448,-0.037395,-0.006658,0.042415,0.999078,0,-0.16543,-0.26004,-9.926,-0.520,-1,400.000,-1,400.000,-1,325.000,325.000,300.000,300.000,-1,-1,-1,425.000,775.000,850.000,-1,-1,2,0,2,0,2,0,0,0,0,2,2,2,1,0,0,2,2
66,-9602.955,-4196.334,8.569,-38.879,0.778640,0.627116,-0.021077,-0.627431,0.777778,-0.037304,-0.007001,0.042270,0.999082,0,-0.16518,-0.26070,-9.911,-0.521,-1,400.000,-1,400.000,-1,325.000,325.000,300.000,300.000,-1,-1,-1,400.000,775.000,850.000,-1,-1,2,0,2,0,2,0,0,0,0,2,2,2,1,0,0,2,2
67,-9610.600,-4190.053,8.619,-39.402,0.772890,0.634191,-0.021060,-0.634498,0.772030,-0.037173,-0.007316,0.042093,0.999087,0,-0.16490,-0.26136,-9.894,-0.523,-1,400.000,-1,400.000,-1,325.000,325.000,300.000,300.000,-1,-1,-1,400.000,775.000,850.000,-1,-1,2,0,2,0,2,0,0,0,0,2,2,2,1,0,0,2,2
68,-9618.173,-4183.716,8.687,-39.926,0.767059,0.641231,-0.021042,-0.641531,0.766205,-0.036967,-0.007582,0.041855,0.999095,0,-0.16459,-0.26201,-9.875,-0.524,-1,400.000,-1,400.000,-1,325.000,325.000,300.000,300.000,-1,-1,-1,400.000,775.000,850.000,-1,-1,2,0,2,0,2,0,0,0,0,2,2,2,1,0,0,2,2
69,-9625.672,-4177.322,8.758,-40.451,0.761150,0.648235,-0.021023,-0.648528,0.760302,-0.036761,-0.007846,0.041615,0.999103,0,-0.16424,-0.26264,-9.854,-0.525,-1,400.000,-1,400.000,-1,325.000,325.000,300.000,300.000,-1,-1,-1,400.000,775.000,850.000,-1,-1,2,0,2,0,2,0,0,0,0,2,2,2,1,0,0,2,2
70,-9633.095,-4170.875,8.831,-40.978,0.755162,0.655201,-0.021004,-0.655488,0.754321,-0.036556,-0.008108,0.041374,0.999111,0,-0.16386,-0.26327,-9.832,-0.527,-1,400.000,-1,400.000,-1,325.000,325.000,300.000,300.000,-1,-1,-1,400.000,775.000,850.000,-1,-1,2,0,2,0,2,0,0,0,0,2,2,2,1,0,0,2,2
71,-9640.439,-4164.377,8.907,-41.505,0.749097,0.662128,-0.020985,-0.662408,0.748261,-0.036351,-0.008367,0.041131,0.999119,0,-0.16344,-0.26388,-9.807,-0.528,-1,400.000,-1,400.000,-1,325.000,325.000,300.000,300.000,-1,-1,-1,375.000,775.000,850.000,-1,-1,2,0,2,0,2,0,0,0,0,2,2,2,1,0,0,2,2
72,-9647.702,-4157.829,8.985,-42.034,0.742953,0.669015,-0.020964,-0.669288,0.742124,-0.036146,-0.008624,0.040886,0.999127,0,-0.16299,-0.26449,-9.779,-0.529,-1,400.000,-1,400.000,-1,325.000,325.000,300.000,300.000,-1,-1,-1,375.000,775.000,850.000,-1,-1,2,0,2,0,2,0,0,0,0,2,2,2,1,0,0,2,2
73,-9654.884,-4151.234,9.065,-42.564,0.736733,0.675860,-0.020943,-0.676126,0.735909,-0.035941,-0.008879,0.040639,0.999134,0,-0.16250,-0.26508,-9.750,-0.530,-1,400.000,-1,400.000,-1,325.000,325.000,300.000,300.000,-1,-1,-1,375.000,775.000,850.000,-1,-1,2,0,2,0,2,0,0,0,0,2,2,2,1,0,0,2,2
74,-9661.981,-4144.594,9.148,-43.096,0.730435,0.682662,-0.020922,-0.682921,0.729617,-0.035737,-0.009131,0.040391,0.999142,0,-0.16198,-0.26566,-9.719,-0.531,-1,400.000,-1,400.000,-1,325.000,325.000,300.000,300.000,-1,-1,-1,375.000,775.000,850.000,-1,-1,2,0,2,0,2,0,0,0,0,2,2,2,1,0,0,2,2
75,-9668.991,-4137.911,9.233,-43.628,0.724061,0.689420,-0.020899,-0.689672,0.723249,-0.035533,-0.009382,0.040141,0.999150,0,-0.16142,-0.26623,-9.685,-0.532,-1,400.000,-1,400.000,-1,325.000,325.000,300.000,300.000,-1,-1,-1,375.000,775.000,850.000,-1,-1,2,0,2,0,2,0,0,0,0,2,2,2,1,0,0,2,2
76,-9675.914,-4131.188,9.320,-44.162,0.717610,0.696132,-0.020875,-0.696378,0.716805,-0.035329,-0.009630,0.039890,0.999158,0,-0.16083,-0.26679,-9.650,-0.534,-1,400.000,-1,400.000,-1,325.000,325.000,300.000,300.000,-1,-1,-1,375.000,775.000,850.000,-1,-1,2,0,2,0,2,0,0,0,0,2,2,2,1,0,0,2,2
77,-9682.747,-4124.428,9.409,-44.696,0.711084,0.702798,-0.020851,-0.703037,0.710285,-0.035127,-0.009877,0.039637,0.999165,0,-0.16020,-0.26733,-9.612,-0.535,-1,400.000,-1,400.000,-1,325.000,325.000,300.000,300.000,-1,-1,-1,375.000,775.000,850.000,-1,-1,2,0,2,0,2,0,0,0,0,2,2,2,1,0,0,2,2
78,-9689.488,-4117.632,9.501,-45.232,0.704483,0.709415,-0.020825,-0.709649,0.703690,-0.034924,-0.010121,0.039382,0.999173,0,-0.15954,-0.26786,-9.572,-0.536,-1,400.000,-1,400.000,-1,325.000,325.000,300.000,300.000,-1,-1,-1,375.000,775.000,850.000,-1,-1,2,0,2,0,2,0,0,0,0,2,2,2,1,0,0,2,2
79,-9696.136,-4110.804,9.594,-45.769,0.697807,0.715984,-0.020799,-0.716211,0.697020,-0.034723,-0.010364,0.039126,0.999181,0,-0.15884,-0.26838,-9.530,-0.537,-1,400.000,-1,400.000,-1,325.000,325.000,300.000,300.000,-1,-1,-1,375.000,775.000,850.000,-1,-1,2,0,2,0,2,0,0,0,0,2,2,2,1,0,0,2,2
80,-9702.689,-4103.945,9.690,-46.307,0.691057,0.722502,-0.020771,-0.722722,0.690276,-0.034522,-0.010605,0.038868,0.999188,0,-0.15810,-0.26889,-9.486,-0.538,-1,400.000,-1,400.000,-1,325.000,325.000,300.000,300.000,-1,-1,-1,375.000,775.000,850.000,-1,-1,2,0,2,0,2,0,0,0,0,2,2,2,1,0,0,2,2
81,-9705.908,-4100.540,9.738,-46.604,0.687294,0.726083,-0.020757,-0.726300,0.686515,-0.034421,-0.010742,0.038733,0.999192,0,-0.07810,-0.14889,-4.686,-0.298,-1,400.000,-1,400.000,-1,325.000,325.000,300.000,300.000,-1,-1,-1,375.000,775.000,850.000,-1,-1,2,0,2,0,2,0,0,0,0,2,2,2,1,0,0,2,2
82,-9705.830,-4100.623,9.735,-46.662,0.686561,0.726775,-0.020759,-0.726992,0.685783,-0.034419,-0.010779,0.038723,0.999192,0,0.00190,-0.02889,0.114,-0.058,-1,400.000,-1,400.000,-1,325.000,325.000,300.000,300.000,-1,-1,-1,375.000,775.000,850.000,-1,-1,2,0,2,0,2,0,0,0,0,2,2,2,1,0,0,2,2
83,-9702.446,-4104.186,9.684,-46.480,0.688870,0.724588,-0.020777,-0.724806,0.688088,-0.034517,-0.010714,0.038837,0.999188,0,0.08190,0.09111,4.914,0.182,-1,400.000,-1,400.000,-1,325.000,325.000,300.000,300.000,-1,-1,-1,375.000,775.000,850.000,-1,-1,2,0,2,0,2,0,0,0,0,2,2,2,1,0,0,2,2
84,-9695.705,-4111.180,9.586,-46.058,0.694190,0.719491,-0.020811,-0.719714,0.693402,-0.034714,-0.010546,0.039076,0.999181,0,0.16190,0.21111,9.714,0.422,-1,400.000,-1,400.000,-1,325.000,325.000,300.000,300.000,-1,-1,-1,375.000,775.000,850.000,-1,-1,2,0,2,0,2,0,0,0,0,2,2,2,1,0,0,2,2
85,-9685.546,-4121.546,9.439,-45.576,0.700213,0.713629,-0.020863,-0.713858,0.699415,-0.034999,-0.010384,0.039400,0.999170,0,0.24190,0.24076,14.514,0.482,-1,400.000,-1,400.000,-1,325.000,325.000,300.000,300.000,-1,-1,-1,375.000,775.000,850.000,-1,-1,2,0,2,0,2,0,0,0,0,2,2,2,1,0,0,2,2
86,-9671.911,-4135.225,9.245,-45.093,0.706208,0.707695,-0.020933,-0.707930,0.705396,-0.035365,-0.010261,0.039794,0.999155,0,0.32190,0.24154,19.314,0.483,-1,400.000,-1,400.000,-1,325.000,325.000,300.000,300.000,-1,-1,-1,375.000,775.000,850.000,-1,-1,2,0,2,0,2,0,0,0,0,2,2,2,1,0,0,2,2
87,-9654.744,-4152.159,9.002,-44.608,0.712179,0.701683,-0.021018,-0.701924,0.711351,-0.035811,-0.010176,0.040257,0.999138,0,0.40190,0.24260,24.114,0.485,-1,400.000,-1,400.000,-1,325.000,325.000,300.000,300.000,-1,-1,-1,400.000,775.000,850.000,-1,-1,2,0,2,0,2,0,0,0,0,2,2,2,1,0,0,2,2
88,-9633.987,-4172.288,8.710,-44.120,0.718133,0.695585,-0.021113,-0.695832,0.717285,-0.036332,-0.010128,0.040782,0.999117,0,0.48190,0.24396,28.914,0.488,-1,400.000,-1,400.000,-1,325.000,325.000,300.000,300.000,-1,-1,-1,400.000,775.000,850.000,-1,-1,2,0,2,0,2,0,0,0,0,2,2,2,1,0,0,2,2
89,-9609.583,-4195.549,8.367,-43.629,0.724077,0.689393,-0.021214,-0.689645,0.723206,-0.036924,-0.010113,0.041366,0.999093,0,0.56190,0.24565,33.714,0.491,-1,400.000,-1,400.000,-1,325.000,325.000,300.000,300.000,-1,-1,-1,425.000,775.000,875.000,-1,-1,2,0,2,0,2,0,0,0,0,2,2,2,1,0,0,2,2
90,-9581.477,-4221.881,7.971,-43.133,0.730017,0.683097,-0.021314,-0.683354,0.729119,-0.037581,-0.010131,0.042000,0.999066,0,0.64190,0.24768,38.514,0.495,-1,400.000,-1,400.000,-1,325.000,325.000,300.000,300.000,-1,-1,-1,425.000,775.000,875.000,-1,-1,2,0,2,0,2,0,0,0,0,2,2,2,1,0,0,2,2
91,-9549.611,-4251.218,7.559,-42.633,0.735955,0.676696,-0.021270,-0.676956,0.735043,-0.037978,-0.010066,0.042349,0.999052,0,0.72190,0.25007,43.314,0.500,-1,400.000,-1,400.000,-1,325.000,325.000,300.000,300.000,-1,-1,-1,450.000,775.000,875.000,-1,-1,2,0,2,0,2,0,0,0,0,2,2,2,1,0,0,2,2
92,-9513.927,-4283.492,7.034,-42.128,0.741905,0.670177,-0.020970,-0.670427,0.740981,-0.038406,-0.010200,0.042553,0.999042,0,0.80190,0.25284,48.114,0.506,-1,400.000,-1,400.000,-1,325.000,325.000,300.000,300.000,-1,-1,-1,500.000,775.000,875.000,-1,-1,2,0,2,0,2,0,0,0,0,2,2,2,1,0,0,2,2
93,-9476.663,-4316.594,6.379,-41.616,0.747869,0.663513,-0.021042,-0.663769,0.746923,-0.038951,-0.010128,0.043098,0.999020,0,0.83072,0.25602,49.843,0.512,-1,400.000,-1,400.000,-1,325.000,325.000,300.000,300.000,-1,-1,-1,550.000,800.000,875.000,-1,-1,2,0,2,0,2,0,0,0,0,2,2,2,1,0,0,2,2
94,-9439.067,-4349.387,5.698,-41.097,0.753854,0.656697,-0.021292,-0.656964,0.752872,-0.039775,-0.010090,0.043973,0.998982,0,0.83147,0.25941,49.888,0.519,-1,400.000,-1,400.000,-1,325.000,325.000,300.000,300.000,-1,-1,-1,600.000,800.000,875.000,-1,-1,2,0,2,0,2,0,0,0,0,2,2,2,1,0,0,2,2
95,-9401.124,-4381.873,5.117,-40.571,0.759869,0.649721,-0.021503,-0.649992,0.758821,-0.041250,-0.010484,0.045321,0.998917,0,0.83251,0.26290,49.950,0.526,-1,400.000,-1,425.000,-1,325.000,325.000,300.000,300.000,-1,-1,-1,650.000,800.000,850.000,-1,-1,2,0,2,0,2,0,0,0,0,2,2,2,1,0,0,2,2
96,-9362.822,-4414.055,4.514,-40.038,0.765900,0.642596,-0.021642,-0.642867,0.764785,-0.042733,-0.010909,0.046642,0.998852,0,0.83380,0.26647,50.028,0.533,-1,400.000,-1,425.000,-1,325.000,325.000,300.000,300.000,-1,-1,-1,700.000,800.000,850.000,-1,-1,2,0,2,0,2,0,0,0,0,2,2,2,1,0,0,2,2
97,-9324.146,-4445.933,3.889,-39.498,0.771946,0.635317,-0.021708,-0.635586,0.770762,-0.044225,-0.011365,0.047936,0.998786,0,0.83533,0.27013,50.120,0.540,-1,400.000,-1,425.000,-1,325.000,325.000,300.000,300.000,-1,-1,-1,775.000,800.000,850.000,-1,-1,2,0,2,0,2,0,0,0,0,2,2,2,1,0,0,2,2
98,-9285.087,-4477.506,3.242,-38.950,0.778007,0.627881,-0.021702,-0.628144,0.776752,-0.045722,-0.011851,0.049204,0.998718,0,0.83708,0.27386,50.225,0.548,-1,400.000,-1,425.000,-1,325.000,325.000,300.000,300.000,-1,-1,-1,850.000,775.000,825.000,-1,-1,2,0,2,0,2,0,0,0,0,2,2,2,1,0,0,2,2
99,-9245.631,-4508.771,2.568,-38.395,0.784079,0.620285,-0.021590,-0.620537,0.782754,-0.047216,-0.012388,0.050418,0.998651,0,0.83903,0.27767,50.342,0.555,-1,400.000,-1,400.000,-1,325.000,325.000,300.000,300.000,-1,-1,-1,925.000,775.000,825.000,-1,-1,2,0,2,0,2,0,0,0,0,2,2,2,1,0,0,2,2
100,-9205.769,-4539.726,1.825,-37.832,0.790166,0.612518,-0.021440,-0.612754,0.788755,-0.048980,-0.013090,0.051840,0.998570,0,0.84116,0.28154,50.469,0.563,-1,400.000,-1,400.000,-1,325.000,325.000,300.000,300.000,-1,-1,-1,1000.000,775.000,800.000,-1,-1,2,0,2,0,2,0,0,0,0,2,2,2,1,0,0,2,2
101,-9161.925,-4573.378,0.932,-37.509,0.793648,0.608006,-0.021234,-0.608209,0.792125,-0.051186,-0.014302,0.053538,0.998463,0,0.92116,0.16154,55.269,0.323,-1,400.000,-1,400.000,-1,325.000,325.000,300.000,300.000,-1,-1,-1,-1,775.000,800.000,-1,-1,2,0,2,0,2,0,0,0,0,2,2,2,2,0,0,2,2
102,-9116.642,-4607.805,0.017,-37.246,0.796472,0.604311,-0.021003,-0.604476,0.794837,-0.053307,-0.015520,0.055153,0.998357,0,0.94808,0.13150,56.885,0.263,-1,400.000,-1,400.000,-1,325.000,325.000,300.000,300.000,-1,-1,-1,-1,750.000,775.000,-1,-1,2,0,2,0,2,0,0,0,0,2,2,2,2,0,0,2,2
103,-9071.052,-4642.126,-0.828,-36.973,0.799373,0.600488,-0.020440,-0.600600,0.797642,-0.055197,-0.016841,0.056399,0.998266,0,0.95108,0.13603,57.065,0.272,-1,400.000,-1,400.000,-1,325.000,325.000,300.000,300.000,-1,-1,-1,-1,750.000,750.000,-1,-1,2,0,2,0,2,0,0,0,0,2,2,2,2,0,0,2,2
104,-9025.143,-4676.335,-1.683,-36.692,0.802346,0.596528,-0.019869,-0.596587,0.800531,-0.056869,-0.018018,0.057483,0.998184,0,0.95420,0.14062,57.252,0.281,-1,400.000,-1,400.000,-1,325.000,325.000,300.000,300.000,-1,-1,-1,-1,750.000,750.000,-1,-1,2,0,2,0,2,0,0,0,0,2,2,2,2,0,0,2,2
105,-8978.906,-4710.426,-2.629,-36.402,0.805384,0.592436,-0.019390,-0.592455,0.803511,-0.058033,-0.018801,0.058226,0.998126,0,0.95744,0.14527,57.446,0.291,-1,400.000,-1,400.000,-1,325.000,325.000,300.000,300.000,-1,-1,-1,-1,725.000,725.000,-1,-1,2,0,2,0,2,0,0,0,0,2,2,2,2,0,0,2,2
106,-8932.329,-4744.392,-3.475,-36.102,0.808483,0.588212,-0.019017,-0.588210,0.806588,-0.058516,-0.019081,0.058495,0.998105,0,0.96079,0.14996,57.647,0.300,-1,400.000,-1,375.000,-1,325.000,325.000,300.000,300.000,-1,-1,-1,-1,725.000,725.000,-1,-1,2,0,2,0,2,0,0,0,0,2,2,2,2,0,0,2,2
107,-8885.401,-4778.228,-4.302,-35.792,0.811649,0.583844,-0.018743,-0.583833,0.809748,-0.058709,-0.019100,0.058593,0.998099,0,0.96423,0.15471,57.854,0.309,-1,375.000,-1,375.000,-1,325.000,325.000,300.000,300.000,-1,-1,-1,-1,700.000,725.000,-1,-1,2,0,2,0,2,0,0,0,0,2,2,2,2,0,0,2,2
108,-8838.113,-4811.925,-5.131,-35.473,0.814884,0.579327,-0.018567,-0.579315,0.812986,-0.058710,-0.018917,0.058598,0.998102,0,0.96776,0.15950,58.066,0.319,-1,375.000,-1,375.000,-1,325.000,325.000,300.000,300.000,-1,-1,-1,-1,700.000,700.000,-1,-1,2,0,2,0,2,0,0,0,0,2,2,2,2,0,0,2,2
109,-8790.455,-4845.475,-5.961,-35.145,0.818186,0.574656,-0.018495,-0.574655,0.816301,-0.058521,-0.018532,0.058509,0.998115,0,0.97138,0.16434,58.283,0.329,-1,375.000,-1,375.000,-1,325.000,325.000,300.000,325.000,-1,-1,-1,-1,700.000,700.000,-1,-1,2,0,2,0,2,0,0,0,0,2,2,2,2,0,0,2,2
110,-8742.418,-4878.869,-6.793,-34.806,0.821553,0.569831,-0.018531,-0.569850,0.819690,-0.058135,-0.017937,0.058321,0.998137,0,0.97508,0.16923,58.505,0.338,-1,375.000,-1,375.000,-1,300.000,300.000,300.000,325.000,-1,-1,-1,-1,700.000,700.000,-1,-1,2,0,2,0,2,0,0,0,0,2,2,2,2,0,0,2,2
111,-8693.992,-4912.099,-7.688,-34.458,0.824983,0.564840,-0.018936,-0.564903,0.823144,-0.057608,-0.016952,0.058223,0.998160,0,0.97885,0.17416,58.731,0.348,-1,375.000,-1,375.000,-1,300.000,300.000,300.000,325.000,-1,-1,-1,-1,675.000,675.000,-1,-1,2,0,2,0,2,0,0,0,0,2,2,2,2,0,0,2,2
112,-8645.258,-4945.099,-8.633,-34.104,0.828430,0.559744,-0.019752,-0.559874,0.826610,-0.057071,-0.015618,0.058338,0.998175,0,0.98094,0.17687,58.856,0.354,-1,375.000,-1,375.000,-1,300.000,300.000,300.000,325.000,-1,-1,-1,-1,675.000,675.000,-1,-1,2,0,2,0,2,0,0,0,0,2,2,2,2,0,0,2,2
113,-8596.242,-4977.850,-9.416,-33.751,0.831838,0.554619,-0.021057,-0.554844,0.830029,-0.056558,-0.013890,0.058731,0.998177,0,0.98251,0.17681,58.950,0.354,-1,375.000,-1,375.000,-1,300.000,300.000,300.000,325.000,-1,-1,-1,-1,675.000,675.000,-1,-1,2,0,2,0,2,0,0,0,0,2,2,2,2,0,0,2,2
114,-8546.813,-5010.439,-10.003,-33.397,0.835200,0.549465,-0.023026,-0.549823,0.833393,-0.056132,-0.011653,0.059542,0.998158,0,0.98676,0.17661,59.205,0.353,-1,375.000,-1,375.000,-1,300.000,300.000,300.000,325.000,-1,-1,-1,-1,675.000,650.000,-1,-1,2,0,2,0,2,0,0,0,0,2,2,2,2,0,0,2,2
115,-8496.969,-5042.861,-10.506,-33.045,0.838516,0.544299,-0.025102,-0.544798,0.836720,-0.055621,-0.009271,0.060315,0.998136,0,0.99102,0.17635,59.461,0.353,-1,375.000,-1,375.000,-1,300.000,300.000,300.000,325.000,-1,-1,-1,-1,675.000,650.000,-1,-1,2,0,2,0,2,0,0,0,0,2,2,2,2,0,0,2,2
116,-8446.712,-5075.116,-10.906,-32.693,0.841786,0.539126,-0.027204,-0.539769,0.840015,-0.054999,-0.006800,0.060981,0.998116,0,0.99529,0.17601,59.718,0.352,-1,375.000,-1,375.000,-1,300.000,300.000,300.000,325.000,-1,-1,-1,-1,675.000,650.000,-1,-1,2,0,2,0,2,0,0,0,0,2,2,2,2,0,0,2,2
117,-8396.041,-5107.200,-11.090,-32.341,0.845016,0.533962,-0.028839,-0.534721,0.843295,-0.054096,-0.004565,0.061133,0.998119,0,0.99958,0.17560,59.975,0.351,-1,375.000,-1,375.000,-1,300.000,300.000,300.000,325.000,-1,-1,-1,-1,675.000,650.000,-1,-1,2,0,2,0,2,0,0,0,0,2,2,2,2,0,0,2,2
118,-8345.153,-5138.987,-11.175,-31.991,0.848200,0.528796,-0.030518,-0.529671,0.846540,-0.053086,-0.002237,0.061192,0.998124,0,1.00000,0.17511,60.000,0.350,-1,375.000,-1,375.000,-1,300.000,300.000,325.000,325.000,-1,-1,-1,-1,675.000,650.000,-1,-1,2,0,2,0,2,0,0,0,0,2,2,2,2,0,0,2,2
119,-8294.072,-5170.463,-10.916,-31.642,0.851313,0.523658,-0.032384,-0.524658,0.849795,-0.050822,0.000907,0.060256,0.998183,0,1.00000,0.17454,60.000,0.349,-1,375.000,-1,375.000,-1,300.000,300.000,325.000,325.000,-1,725.000,650.000,-1,675.000,650.000,-1,-1,2,0,2,0,2,0,0,0,0,2,0,0,2,0,0,2,2
120,-8246.783,-5198.938,-10.565,-31.053,0.856554,0.514926,-0.034143,-0.516040,0.855187,-0.048557,0.004195,0.059211,0.998237,0,0.92000,0.29454,55.200,0.589,-1,375.000,-1,375.000,-1,300.000,300.000,325.000,325.000,-1,600.000,575.000,-1,700.000,650.000,-1,1000.000,2,0,2,0,2,0,0,0,0,2,0,0,2,0,0,2,1
121,-8203.235,-5224.308,-10.118,-30.224,0.863816,0.502534,-0.035797,-0.503749,0.862610,-0.046257,0.007633,0.057990,0.998288,0,0.84000,0.41454,50.400,0.829,-1,375.000,-1,375.000,-1,300.000,300.000,325.000,325.000,-1,525.000,525.000,-1,700.000,650.000,-1,925.000,2,0,2,0,2,0,0,0,0,2,0,0,2,0,0,2,1
122,-8163.413,-5246.523,-9.627,-29.155,0.872946,0.486387,-0.037317,-0.487691,0.871900,-0.044137,0.011069,0.056729,0.998328,0,0.76000,0.53454,45.600,1.069,-1,375.000,-1,375.000,-1,300.000,300.000,325.000,325.000,-1,475.000,500.000,-1,700.000,650.000,-1,875.000,2,0,2,0,2,0,0,0,0,2,0,0,2,0,1,2,1
123,-8125.256,-5266.681,-9.078,-27.846,0.883735,0.466377,-0.038781,-0.467759,0.882852,-0.042111,0.014599,0.055356,0.998360,0,0.71924,0.65454,43.155,1.309,-1,375.000,-1,375.000,-1,300.000,300.000,325.000,325.000,-1,450.000,475.000,-1,725.000,625.000,-1,825.000,2,0,2,0,2,0,0,0,0,2,0,0,2,0,1,2,1
124,-8086.440,-5285.925,-8.437,-26.371,0.895351,0.443535,-0.040282,-0.444986,0.894640,-0.040078,0.018262,0.053809,0.998384,0,0.72208,0.73750,43.325,1.475,-1,375.000,-1,375.000,1000.000,300.000,300.000,325.000,325.000,-1,425.000,475.000,-1,725.000,600.000,-1,750.000,2,0,2,0,1,0,0,0,0,2,0,0,2,0,1,2,1
125,-8046.995,-5304.236,-7.686,-24.900,0.906347,0.420461,-0.041800,-0.421969,0.905808,-0.038140,0.021826,0.052206,0.998398,0,0.72480,0.73542,43.488,1.471,-1,375.000,-1,375.000,875.000,300.000,300.000,325.000,325.000,-1,400.000,450.000,-1,725.000,575.000,-1,700.000,2,0,2,1,1,0,1,0,0,2,0,0,2,0,1,2,1
126,-8006.950,-5321.593,-6.766,-23.434,0.916724,0.397175,-0.043241,-0.398734,0.916336,-0.036606,0.025084,0.050800,0.998394,0,0.72742,0.73310,43.645,1.466,-1,375.000,-1,375.000,775.000,300.000,300.000,325.000,325.000,-1,400.000,450.000,-1,750.000,550.000,-1,650.000,2,0,2,1,1,0,1,0,0,2,0,0,2,0,1,2,1
127,-7966.337,-5337.980,-5.689,-21.973,0.926475,0.373705,-0.044585,-0.375308,0.926223,-0.035430,0.028056,0.049558,0.998377,0,0.72991,0.73051,43.794,1.461,-1,400.000,-1,350.000,700.000,325.000,300.000,325.000,325.000,-1,400.000,450.000,-1,750.000,525.000,-1,600.000,2,0,2,1,1,0,1,0,0,2,0,0,2,0,1,2,1
128,-7925.190,-5353.379,-4.517,-20.517,0.935594,0.350084,-0.045880,-0.351722,0.935476,-0.034308,0.030909,0.048236,0.998358,0,0.73224,0.72767,43.934,1.455,-1,400.000,-1,350.000,625.000,325.000,300.000,325.000,325.000,-1,400.000,475.000,-1,750.000,500.000,-1,550.000,2,0,2,1,1,0,1,0,0,2,0,0,2,1,1,2,1
129,-7883.545,-5367.775,-3.259,-19.068,0.944079,0.326337,-0.047108,-0.328000,0.944093,-0.033229,0.033630,0.046823,0.998337,0,0.73439,0.72454,44.064,1.449,-1,400.000,-1,350.000,550.000,325.000,300.000,325.000,325.000,-1,400.000,475.000,-1,725.000,500.000,-1,525.000,2,0,2,1,1,0,1,0,0,2,0,0,2,1,1,2,1
130,-7841.439,-5381.153,-1.912,-17.626,0.951928,0.302492,-0.048286,-0.304172,0.952073,-0.032201,0.036232,0.045340,0.998314,0,0.73634,0.72111,44.180,1.442,-1,400.000,-1,325.000,500.000,325.000,300.000,325.000,300.000,-1,400.000,475.000,-1,700.000,475.000,-1,475.000,2,0,2,1,1,0,1,0,0,2,0,0,2,1,1,2,1
131,-7798.914,-5393.502,-0.368,-16.191,0.959162,0.278583,-0.048980,-0.280240,0.959432,-0.030914,0.038381,0.043378,0.998321,0,0.73804,0.71739,44.282,1.435,-1,400.000,1000.000,325.000,450.000,325.000,300.000,325.000,300.000,-1,425.000,500.000,-1,675.000,475.000,-1,425.000,2,0,1,1,1,0,1,0,0,2,0,0,2,1,1,2,1
132,-7756.011,-5404.812,1.998,-14.765,0.965713,0.254659,-0.050462,-0.256192,0.966260,-0.026589,0.041988,0.038605,0.998372,0,0.73947,0.71334,44.368,1.427,-1,400.000,975.000,325.000,400.000,325.000,300.000,325.000,325.000,-1,425.000,525.000,-1,675.000,450.000,-1,400.000,2,0,1,1,1,0,1,0,0,2,0,0,2,1,1,2,1
133,-7712.777,-5415.072,4.694,-13.347,0.971603,0.230719,-0.052500,-0.232072,0.972466,-0.021250,0.046152,0.032830,0.998395,0,0.74058,0.70896,44.435,1.418,-1,400.000,950.000,325.000,375.000,325.000,300.000,300.000,325.000,-1,400.000,525.000,-1,650.000,450.000,-1,400.000,2,0,1,1,1,0,1,0,0,2,0,0,2,1,1,2,1
134,-7669.259,-5424.276,7.510,-11.938,0.976856,0.206783,-0.054707,-0.207915,0.978019,-0.015815,0.050234,0.026824,0.998377,0,0.74134,0.70423,44.481,1.408,-1,425.000,950.000,325.000,350.000,350.000,325.000,300.000,325.000,-1,400.000,525.000,-1,650.000,450.000,-1,375.000,2,0,1,1,1,0,1,0,0,2,0,0,2,1,1,2,1
135,-7625.508,-5432.418,10.393,-10.540,0.981474,0.182881,-0.057116,-0.183759,0.982916,-0.010464,0.054227,0.020766,0.998313,0,0.74171,0.69916,44.502,1.398,-1,425.000,925.000,325.000,325.000,350.000,325.000,300.000,350.000,-1,375.000,525.000,-1,625.000,475.000,-1,350.000,2,0,1,1,1,0,1,0,0,2,0,0,2,1,1,2,1
136,-7581.577,-5439.498,13.314,-9.153,0.985467,0.159046,-0.059666,-0.159640,0.987161,-0.005303,0.058057,0.014751,0.998204,0,0.74163,0.69371,44.498,1.387,-1,425.000,900.000,325.000,325.000,350.000,325.000,300.000,350.000,-1,375.000,525.000,-1,625.000,475.000,-1,350.000,2,1,1,1,1,0,1,0,0,2,0,0,2,1,1,2,1
