timestep,x_cm,y_cm,z_cm,yaw_deg,basis_xx,basis_xy,basis_xz,basis_yx,basis_yy,basis_yz,basis_zx,basis_zy,basis_zz,teleport_flag,throttle_cmd,steering_cmd,cmd_move_cm,cmd_turn_deg,lidar_cm_0,lidar_cm_1,lidar_cm_2,lidar_cm_3,lidar_cm_4,lidar_cm_5,lidar_cm_6,lidar_cm_7,lidar_cm_8,lidar_cm_9,lidar_cm_10,lidar_cm_11,lidar_cm_12,lidar_cm_13,lidar_cm_14,lidar_cm_15,lidar_cm_16,lidar_class_0,lidar_class_1,lidar_class_2,lidar_class_3,lidar_class_4,lidar_class_5,lidar_class_6,lidar_class_7,lidar_class_8,lidar_class_9,lidar_class_10,lidar_class_11,lidar_class_12,lidar_class_13,lidar_class_14,lidar_class_15,lidar_class_16
0,357.029,6583.766,118.189,52.482,0.609006,-0.793153,-0.004454,0.793162,0.608977,0.006418,-0.002378,-0.007441,0.999969,0,0.19655,-1.00000,0.215,-0.000,-1,539.627,-1,618.466,-1,461.295,482.727,527.516,556.563,-1,-1,-1,-1,950.678,-1,-1,-1,2,0,2,0,2,0,0,0,0,2,2,2,2,0,2,2,2
1,357.313,6583.917,118.772,52.479,0.609046,-0.793124,-0.004190,0.793134,0.609032,0.004183,-0.000765,-0.005871,0.999982,0,0.19655,-1.00000,0.322,-0.003,-1,544.760,-1,622.481,-1,465.065,486.130,532.003,554.156,-1,-1,-1,-1,971.833,-1,-1,-1,2,0,2,0,2,0,0,0,0,2,2,2,2,0,2,2,2
2,357.660,6584.267,118.289,52.471,0.609165,-0.793030,-0.004658,0.793044,0.609157,0.003104,0.000376,-0.005585,0.999984,0,0.19655,-1.00000,0.492,-0.009,-1,545.795,-1,623.558,-1,465.780,486.824,531.598,551.285,-1,-1,-1,-1,978.828,-1,-1,-1,2,0,2,0,2,0,0,0,0,2,2,2,2,0,2,2,2
3,358.022,6584.800,116.838,52.456,0.609371,-0.792864,-0.005850,0.792885,0.609358,0.003941,0.000440,-0.007039,0.999975,0,0.19655,-1.00000,0.645,-0.015,-1,541.543,-1,620.890,-1,462.644,484.125,525.534,549.724,-1,-1,-1,-1,965.598,-1,-1,-1,2,0,2,0,2,0,0,0,0,2,2,2,2,0,2,2,2
4,358.346,6585.499,114.744,52.439,0.609601,-0.792680,-0.006708,0.792707,0.609565,0.006738,-0.001252,-0.009425,0.999955,0,0.19655,-1.00000,0.770,-0.017,-1,532.062,-1,613.181,-1,455.445,477.530,515.095,548.146,-1,-1,-1,-1,932.151,-1,-1,-1,2,0,2,0,2,0,0,0,0,2,2,2,2,0,2,2,2
5,358.722,6586.378,112.636,52.429,0.609739,-0.792568,-0.007425,0.792595,0.609664,0.010197,-0.003556,-0.012103,0.999920,0,0.19655,-1.00000,0.956,-0.010,-1,521.361,-1,604.232,-1,447.482,470.015,504.125,547.176,-1,-1,-1,-1,895.337,-1,-1,-1,2,0,2,0,2,0,0,0,0,2,2,2,2,0,2,2,2
6,359.212,6587.442,110.932,52.427,0.609756,-0.792549,-0.007977,0.792568,0.609636,0.013425,-0.005777,-0.014508,0.999878,0,0.19655,-1.00000,1.172,-0.002,-1,511.967,-1,596.309,-1,440.488,463.403,495.030,546.850,-1,-1,-1,-1,863.612,-1,-1,-1,2,0,2,0,2,0,0,0,0,2,2,2,2,0,2,2,2
7,359.868,6588.692,109.883,52.434,0.609663,-0.792616,-0.008402,0.792626,0.609503,0.015809,-0.007410,-0.016298,0.999840,0,0.19655,-1.00000,1.411,0.006,-1,505.466,-1,590.922,-1,435.661,458.885,489.187,547.322,-1,-1,-1,-1,842.264,-1,-1,-1,2,0,2,0,2,0,0,0,0,2,2,2,2,0,2,2,2
8,360.719,6590.126,109.565,52.447,0.609475,-0.792758,-0.008681,0.792762,0.609292,0.017052,-0.008229,-0.017275,0.999817,0,0.19655,-1.00000,1.667,0.013,-1,502.445,-1,588.591,-1,433.448,456.885,486.882,548.714,-1,-1,-1,-1,833.708,-1,-1,-1,2,0,2,0,2,0,0,0,0,2,2,2,2,0,2,2,2
9,361.760,6591.747,109.895,52.462,0.609272,-0.792914,-0.008726,0.792918,0.609087,0.017139,-0.008275,-0.017362,0.999815,0,0.19655,-1.00000,1.926,0.015,-1,502.637,-1,588.961,-1,433.629,457.157,488.011,550.146,-1,-1,-1,-1,834.905,-1,-1,-1,2,0,2,0,2,0,0,0,0,2,2,2,2,0,2,2,2
10,362.986,6593.525,110.688,52.475,0.609096,-0.793051,-0.008523,0.793059,0.608927,0.016291,-0.007730,-0.016682,0.999831,0,0.19655,-1.00000,2.159,0.013,-1,505.248,-1,591.259,-1,435.587,459.090,491.861,551.258,-1,-1,-1,-1,844.805,-1,-1,-1,2,0,2,0,2,0,0,0,0,2,2,2,2,0,2,2,2
11,364.376,6595.425,111.712,52.484,0.608971,-0.793152,-0.008070,0.793162,0.608827,0.014974,-0.006963,-0.015520,0.999855,0,0.19655,-1.00000,2.354,0.009,-1,508.982,-1,594.290,-1,438.335,461.728,497.291,551.928,-1,-1,-1,-1,859.000,-1,-1,-1,2,0,2,0,2,0,0,0,0,2,2,2,2,0,2,2,2
12,365.903,6597.432,112.736,52.489,0.608906,-0.793208,-0.007369,0.793217,0.608786,0.013679,-0.006364,-0.014175,0.999879,0,0.19655,-1.00000,2.521,0.005,-1,512.495,-1,596.826,-1,440.859,464.086,503.132,552.092,-1,-1,-1,-1,872.632,-1,-1,-1,2,0,2,0,2,0,0,0,0,2,2,2,2,0,2,2,2
13,367.543,6599.544,113.574,52.490,0.608888,-0.793229,-0.006508,0.793232,0.608786,0.012741,-0.006145,-0.012920,0.999898,0,0.19655,-1.00000,2.675,0.001,-1,514.844,-1,598.095,-1,442.561,465.504,508.368,551.795,-1,-1,-1,-1,882.398,-1,-1,-1,2,0,2,0,2,0,0,0,0,2,2,2,2,0,2,2,2
14,369.279,6601.773,114.109,52.488,0.608909,-0.793220,-0.005624,0.793215,0.608818,0.012303,-0.006336,-0.011952,0.999909,0,0.19655,-1.00000,2.825,-0.002,-1,515.590,-1,597.855,-1,443.044,465.727,512.352,551.150,-1,-1,-1,-1,886.792,-1,-1,-1,2,0,2,0,2,0,0,0,0,2,2,2,2,0,2,2,2
15,371.102,6604.134,114.306,52.484,0.608965,-0.793182,-0.004857,0.793167,0.608878,0.012362,-0.006848,-0.011381,0.999912,0,0.19655,-1.00000,2.982,-0.004,-1,514.746,-1,596.289,-1,442.310,464.830,514.669,550.311,-1,-1,-1,-1,885.926,-1,-1,-1,2,0,2,0,2,0,0,0,0,2,2,2,2,0,2,2,2
16,373.038,6606.697,114.200,52.479,0.609042,-0.793126,-0.004373,0.793103,0.608956,0.012660,-0.007378,-0.011179,0.999910,0,0.29114,-0.66764,3.212,-0.006,-1,512.925,-1,594.116,-1,440.854,463.319,515.503,549.373,-1,-1,-1,-1,882.239,-1,-1,-1,2,0,2,0,2,0,0,0,0,2,2,2,2,0,2,2,2
17,375.137,6609.534,113.878,52.473,0.609122,-0.793065,-0.004274,0.793039,0.609032,0.013010,-0.007715,-0.011315,0.999906,0,0.29114,-0.66764,3.529,-0.006,-1,510.703,-1,591.987,-1,439.148,461.669,515.296,548.611,-1,-1,-1,-1,877.868,-1,-1,-1,2,0,2,0,2,0,0,0,0,2,2,2,2,0,2,2,2
18,377.394,6612.612,113.465,52.467,0.609200,-0.793004,-0.004402,0.792976,0.609103,0.013548,-0.008062,-0.011744,0.999899,0,0.29114,-0.66764,3.817,-0.006,-1,508.030,-1,589.744,-1,437.154,459.820,514.370,548.314,-1,-1,-1,-1,872.239,-1,-1,-1,2,0,2,0,2,0,0,0,0,2,2,2,2,0,2,2,2
19,379.803,6615.902,113.081,52.462,0.609267,-0.792952,-0.004556,0.792918,0.609159,0.014344,-0.008599,-0.012352,0.999887,0,0.29114,-0.66764,4.077,-0.005,-1,504.948,-1,587.241,-1,434.885,457.741,513.232,548.586,-1,-1,-1,-1,865.151,-1,-1,-1,2,0,2,0,2,0,0,0,0,2,2,2,2,0,2,2,2
20,382.359,6619.387,112.818,52.458,0.609317,-0.792913,-0.004596,0.792871,0.609196,0.015346,-0.009368,-0.012995,0.999872,0,0.29114,-0.66764,4.322,-0.004,-1,501.674,-1,584.526,-1,432.486,455.534,512.627,549.363,-1,-1,-1,-1,857.228,-1,-1,-1,2,0,2,0,2,0,0,0,0,2,2,2,2,0,2,2,2
21,385.078,6623.075,112.722,52.454,0.609367,-0.792875,-0.004542,0.792823,0.609233,0.016327,-0.010178,-0.013551,0.999856,0,0.29114,-0.66764,4.582,-0.004,-1,498.703,-1,582.052,-1,430.338,453.555,512.766,550.510,-1,-1,-1,-1,850.330,-1,-1,-1,2,0,2,0,2,0,0,0,0,2,2,2,2,0,2,2,2
22,387.977,6626.977,112.796,52.451,0.609398,-0.792852,-0.004427,0.792790,0.609255,0.017069,-0.010836,-0.013912,0.999844,0,0.29114,-0.66764,4.861,-0.003,-1,496.425,-1,580.159,-1,428.728,452.070,513.867,551.772,-1,-1,-1,-1,845.974,-1,-1,-1,2,0,2,0,2,0,0,0,0,2,2,2,2,0,2,2,2
23,391.064,6631.084,112.983,52.449,0.609432,-0.792828,-0.004108,0.792757,0.609287,0.017502,-0.011373,-0.013923,0.999838,0,0.29114,-0.66764,5.138,-0.003,-1,494.736,-1,578.539,-1,427.526,450.902,516.084,552.516,-1,-1,-1,-1,843.908,-1,-1,-1,2,0,2,0,2,0,0,0,0,2,2,2,2,0,2,2,2
24,394.328,6635.389,113.203,52.444,0.609491,-0.792785,-0.003555,0.792703,0.609348,0.017798,-0.011943,-0.013666,0.999835,0,0.29114,-0.66764,5.402,-0.005,-1,493.140,-1,576.709,-1,426.343,449.674,518.778,552.643,-1,-1,-1,-1,842.405,-1,-1,-1,2,0,2,0,2,0,0,0,0,2,2,2,2,0,2,2,2
25,397.749,6639.875,113.392,52.438,0.609577,-0.792722,-0.002827,0.792625,0.609437,0.018195,-0.012700,-0.013332,0.999830,0,0.29114,-0.66764,5.642,-0.007,-1,491.145,-1,574.321,-1,424.818,448.075,521.502,552.428,-1,-1,-1,-1,839.674,-1,-1,-1,2,0,2,0,2,0,0,0,0,2,2,2,2,0,2,2,2
26,401.367,6644.526,113.521,52.417,0.609852,-0.792513,-0.002159,0.792401,0.609715,0.018669,-0.013480,-0.013096,0.999823,0,0.29114,-0.66764,5.893,-0.020,-1,488.859,-1,571.822,-1,423.117,446.343,524.038,552.280,-1,-1,-1,-1,836.231,-1,-1,-1,2,0,2,0,2,0,0,0,0,2,2,2,2,0,2,2,2
27,405.207,6649.349,113.561,52.381,0.610344,-0.792135,-0.001516,0.792012,0.610212,0.018934,-0.014073,-0.012757,0.999820,0,0.29114,-0.66764,6.164,-0.036,-1,486.664,-1,569.445,-1,421.502,444.693,526.719,551.576,-1,-1,-1,-1,833.671,-1,-1,-1,2,0,2,0,2,0,0,0,0,2,2,2,2,0,2,2,2
28,409.249,6654.323,113.539,52.336,0.610971,-0.791653,-0.000800,0.791524,0.610853,0.018669,-0.014291,-0.012040,0.999825,0,0.29114,-0.66764,6.409,-0.046,-1,485.088,-1,567.449,-1,420.318,443.393,530.107,549.683,-1,-1,-1,-1,833.951,-1,-1,-1,2,0,2,0,2,0,0,0,0,2,2,2,2,0,2,2,2
29,413.478,6659.448,113.486,52.285,0.611667,-0.791116,0.000014,0.790987,0.611567,0.018048,-0.014287,-0.011028,0.999837,0,0.29114,-0.66764,6.644,-0.050,-1,483.908,-1,565.633,-1,419.399,442.290,534.104,546.943,-1,-1,-1,-1,836.109,-1,-1,-1,2,0,2,0,2,0,0,0,0,2,2,2,2,0,2,2,2
30,417.878,6664.730,113.423,52.231,0.612418,-0.790533,0.000934,0.790404,0.612339,0.017411,-0.014336,-0.009924,0.999848,0,0.29114,-0.66764,6.875,-0.055,-1,482.601,-1,563.597,-1,418.370,441.053,538.350,543.942,-1,-1,-1,-1,838.052,-1,-1,-1,2,0,2,0,2,0,0,0,0,2,2,2,2,0,2,2,2
31,422.433,6670.175,113.367,52.174,0.613200,-0.789926,0.001823,0.789795,0.613137,0.016944,-0.014503,-0.008950,0.999855,0,0.29114,-0.66764,7.100,-0.057,-1,480.993,-1,561.397,-1,417.148,439.660,542.463,541.330,-1,-1,-1,-1,839.012,-1,-1,-1,2,0,2,0,2,0,0,0,0,2,2,2,2,0,2,2,2
32,427.126,6675.784,113.335,52.116,0.613991,-0.789309,0.002619,0.789174,0.613941,0.016727,-0.014810,-0.008204,0.999857,0,0.29114,-0.66764,7.313,-0.058,-1,479.034,-1,559.085,-1,415.715,438.121,546.278,539.408,-1,-1,-1,-1,838.720,-1,-1,-1,2,0,2,0,2,0,0,0,0,2,2,2,2,0,2,2,2
33,431.947,6681.555,113.342,52.055,0.614834,-0.788649,0.003387,0.788508,0.614796,0.016741,-0.015285,-0.007622,0.999854,0,0.29114,-0.66764,7.519,-0.062,-1,476.753,-1,556.620,-1,414.081,436.422,549.955,538.054,-1,-1,-1,-1,837.229,1005.681,-1,-1,2,0,2,0,2,0,0,0,0,2,2,2,2,0,0,2,2
34,436.902,6687.500,113.373,51.990,0.615718,-0.787957,0.003936,0.787810,0.615687,0.016882,-0.015725,-0.007294,0.999850,0,0.29114,-0.66764,7.740,-0.065,-1,474.399,-1,554.426,-1,412.476,434.833,553.305,537.464,-1,-1,-1,-1,835.575,1001.705,-1,-1,2,0,2,0,2,0,0,0,0,2,2,2,2,0,0,2,2
35,441.983,6693.601,113.431,51.922,0.616659,-0.787219,0.004113,0.787066,0.616629,0.017170,-0.016053,-0.007351,0.999844,0,0.25950,-1.00000,7.939,-0.069,-1,472.052,-1,552.771,-1,411.002,433.503,556.086,538.010,-1,-1,-1,-1,834.065,999.620,-1,-1,2,0,2,0,2,0,0,0,0,2,2,2,2,0,0,2,2
36,447.171,6699.807,113.471,51.844,0.617723,-0.786385,0.004067,0.786222,0.617687,0.017848,-0.016548,-0.007828,0.999832,0,0.25950,-1.00000,8.089,-0.078,-1,469.135,-1,551.006,-1,409.194,431.963,558.076,539.581,-1,-1,-1,-1,830.515,997.355,-1,-1,2,0,2,0,2,0,0,0,0,2,2,2,2,0,0,2,2
37,452.514,6706.065,113.478,51.737,0.619184,-0.785237,0.003752,0.785060,0.619134,0.018826,-0.017106,-0.008712,0.999816,0,0.25950,-1.00000,8.229,-0.107,-1,465.784,-1,549.388,-1,407.204,430.388,559.928,542.130,-1,-1,-1,-1,825.411,995.955,-1,-1,2,0,2,0,2,0,0,0,0,2,2,2,2,0,0,2,2
38,458.059,6712.265,113.504,51.585,0.621254,-0.783602,0.003433,0.783416,0.621192,0.019473,-0.017391,-0.009408,0.999804,0,0.25950,-1.00000,8.318,-0.151,-1,462.955,-1,548.429,-1,405.712,429.312,562.530,544.450,-1,-1,-1,-1,822.480,997.481,-1,-1,2,0,2,0,2,0,0,0,0,2,2,2,2,0,0,2,2
39,463.805,6718.390,113.601,51.411,0.623631,-0.781710,0.003684,0.781525,0.623574,0.019341,-0.017417,-0.009183,0.999806,0,0.25950,-1.00000,8.398,-0.174,-1,461.130,-1,547.687,-1,404.881,428.663,567.379,545.215,-1,-1,-1,-1,823.948,1000.183,-1,-1,2,0,2,0,2,0,0,0,0,2,2,2,2,0,0,2,2
40,469.654,6724.376,113.791,51.241,0.625956,-0.779844,0.004623,0.779669,0.625924,0.018309,-0.017172,-0.007856,0.999822,0,0.25950,-1.00000,8.370,-0.170,-1,461.237,-1,547.045,-1,404.775,428.430,574.767,543.681,-1,-1,-1,-1,831.515,1002.590,-1,-1,2,0,2,0,2,0,0,0,0,2,2,2,2,0,0,2,2
41,475.244,6729.980,114.233,51.124,0.627554,-0.778542,0.006864,0.778406,0.627578,0.015146,-0.016100,-0.004162,0.999862,0,0.25950,-1.00000,7.914,-0.117,-1,465.036,-1,547.104,-1,406.628,429.464,587.526,537.514,-1,-1,-1,-1,852.070,1006.266,-1,-1,2,0,2,0,2,0,0,0,0,2,2,2,2,0,0,2,2
42,480.585,6735.180,115.275,51.002,0.629244,-0.777174,0.007300,0.777112,0.629286,0.009843,-0.012243,-0.000521,0.999925,0,0.25950,-1.00000,7.454,-0.122,-1,475.254,-1,554.563,-1,413.545,435.786,601.314,533.781,-1,-1,-1,-1,898.070,-1,-1,-1,2,0,2,0,2,0,0,0,0,2,2,2,2,0,2,2,2
43,485.805,6739.994,117.088,50.808,0.631916,-0.775028,0.003713,0.775020,0.631927,0.003556,-0.005102,0.000631,0.999987,0,0.25950,-1.00000,7.101,-0.194,-1,492.273,-1,573.168,-1,426.944,449.215,612.651,538.503,-1,-1,-1,-1,973.337,-1,-1,-1,2,0,2,0,2,0,0,0,0,2,2,2,2,0,2,2,2
44,490.964,6744.640,119.444,50.564,0.635213,-0.772333,-0.002682,0.772327,0.635218,-0.002848,0.003903,-0.000262,0.999992,0,0.25950,-1.00000,6.942,-0.244,-1,513.617,-1,600.244,-1,444.490,467.472,621.776,549.766,-1,-1,-1,-1,-1,-1,-1,-1,2,0,2,0,2,0,0,0,0,2,2,2,2,2,2,2,2
45,496.021,6749.341,121.982,50.332,0.638292,-0.769733,-0.009717,0.769688,0.638363,-0.008564,0.012795,-0.002013,0.999916,0,0.25950,-1.00000,6.905,-0.232,-1,535.480,-1,629.395,-1,462.711,486.690,629.544,563.584,-1,-1,-1,-1,-1,-1,-1,-1,2,0,2,0,2,0,0,0,0,2,2,2,2,2,2,2,2
46,500.879,6754.252,124.394,50.162,0.640486,-0.767801,-0.016094,0.767702,0.640675,-0.012981,0.020277,-0.004041,0.999786,0,0.25950,-1.00000,6.908,-0.169,-1,554.665,-1,655.925,-1,478.824,503.832,636.271,578.028,-1,-1,-1,-1,-1,-1,-1,-1,2,0,2,0,2,0,0,0,0,2,2,2,2,2,2,2,2
47,505.585,6759.359,126.431,50.038,0.642062,-0.766339,-0.021926,0.766215,0.642399,-0.015417,0.025900,-0.006902,0.999641,0,0.25950,-1.00000,6.945,-0.124,-1,571.656,-1,678.111,-1,491.260,517.542,640.035,593.380,-1,-1,-1,-1,-1,-1,-1,-1,2,0,2,0,2,0,0,0,0,2,2,2,2,2,2,2,2
48,510.403,6764.372,127.883,49.851,0.644497,-0.764094,-0.028004,0.764041,0.644996,-0.014840,0.029401,-0.011832,0.999498,0,0.25950,-1.00000,6.953,-0.187,-1,580.558,-1,697.148,-1,498.951,527.177,637.983,612.647,-1,-1,-1,-1,-1,-1,-1,-1,2,0,2,0,2,0,0,0,0,2,2,2,2,2,2,2,2
49,515.357,6769.259,128.598,49.600,0.647812,-0.761064,-0.033470,0.761177,0.648434,-0.011966,0.030809,-0.017725,0.999368,0,0.25950,-1.00000,6.959,-0.251,-1,581.230,-1,709.688,-1,501.588,532.015,632.210,633.229,-1,-1,-1,-1,-1,-1,-1,-1,2,0,2,0,2,0,0,0,0,2,2,2,2,2,2,2,2
50,520.336,6774.058,128.474,49.340,0.651282,-0.757944,-0.036792,0.758255,0.651915,-0.007541,0.029701,-0.022986,0.999294,0,0.25950,-1.00000,6.915,-0.260,-1,573.878,-1,711.832,-1,498.258,530.527,625.407,649.071,-1,-1,-1,-1,-1,-1,-1,-1,2,0,2,0,2,0,0,0,0,2,2,2,2,2,2,2,2
51,525.293,6778.774,127.473,49.104,0.654471,-0.755183,-0.036965,0.755647,0.654976,-0.002085,0.025786,-0.026568,0.999314,0,0.25950,-1.00000,6.842,-0.236,-1,558.460,-1,701.210,-1,488.546,521.867,619.306,656.202,-1,-1,-1,-1,-1,-1,-1,-1,2,0,2,0,2,0,0,0,0,2,2,2,2,2,2,2,2
52,530.399,6783.017,125.617,48.808,0.658467,-0.751818,-0.034525,0.752380,0.658706,0.005508,0.018600,-0.029603,0.999389,0,0.25950,-1.00000,6.639,-0.296,-1,533.697,-1,678.754,-1,472.131,506.090,609.066,658.122,-1,-1,-1,-1,-1,-1,-1,-1,2,0,2,0,2,0,0,0,0,2,2,2,2,2,2,2,2
53,535.668,6786.922,123.121,48.481,0.662841,-0.748202,-0.028891,0.748693,0.662805,0.012173,0.010042,-0.029699,0.999508,0,0.25950,-1.00000,6.558,-0.328,-1,510.464,-1,649.004,-1,453.216,486.794,602.740,648.239,-1,-1,-1,-1,-1,-1,-1,-1,2,0,2,0,2,0,0,0,0,2,2,2,2,2,2,2,2
54,541.188,6790.331,120.372,48.117,0.667614,-0.744224,-0.020543,0.744505,0.667424,0.016017,0.001791,-0.025988,0.999661,0,0.25950,-1.00000,6.488,-0.364,-1,490.298,-1,617.712,-1,435.540,467.656,604.996,625.573,-1,-1,-1,-1,997.042,-1,-1,-1,2,0,2,0,2,0,0,0,0,2,2,2,2,0,2,2,2
55,546.937,6793.324,117.692,47.758,0.672257,-0.740247,-0.010280,0.740301,0.672082,0.016125,-0.005027,-0.018451,0.999817,0,0.25950,-1.00000,6.482,-0.359,-1,475.603,-1,589.420,-1,421.230,450.815,617.335,594.271,-1,-1,-1,-1,943.390,-1,-1,-1,2,0,2,0,2,0,0,0,0,2,2,2,2,0,2,2,2
56,552.844,6795.910,115.390,47.381,0.677086,-0.735903,0.000745,0.735833,0.677035,0.013126,-0.010164,-0.008339,0.999914,0,0.25950,-1.00000,6.448,-0.377,-1,466.533,-1,565.584,-1,410.903,437.320,638.684,560.687,-1,-1,-1,-1,914.368,-1,-1,-1,2,0,2,0,2,0,0,0,0,2,2,2,2,0,2,2,2
57,558.901,6798.368,113.623,47.004,0.681889,-0.731369,0.011239,0.731330,0.681976,0.008001,-0.013516,0.002763,0.999905,0,0.32167,-0.70831,6.537,-0.377,-1,462.529,-1,547.216,-1,404.509,427.586,666.449,529.211,-1,-1,-1,-1,905.715,-1,-1,-1,2,0,2,0,2,0,0,0,0,2,2,2,2,0,2,2,2
58,565.098,6800.838,112.613,46.627,0.686660,-0.726707,0.019864,0.726816,0.686828,0.002399,-0.015387,0.012790,0.999800,0,0.32167,-0.70831,6.671,-0.376,-1,462.419,-1,535.129,-1,401.634,421.768,695.882,504.647,-1,-1,-1,-1,911.061,-1,-1,-1,2,0,2,0,2,0,0,0,0,2,2,2,2,0,2,2,2
59,571.429,6803.465,112.636,46.246,0.691477,-0.721981,0.024568,0.722237,0.691642,-0.002338,-0.015304,0.019361,0.999695,0,0.32167,-0.70831,6.855,-0.381,-1,466.447,-1,532.122,-1,403.071,421.361,718.293,491.590,-1,-1,-1,-1,930.453,-1,-1,-1,2,0,2,0,2,0,0,0,0,2,2,2,2,0,2,2,2
60,577.799,6806.277,113.586,45.850,0.696469,-0.717116,0.025983,0.717448,0.696590,-0.005586,-0.014094,0.022532,0.999647,0,0.32167,-0.70831,6.963,-0.396,-1,472.964,-1,536.026,-1,407.465,424.973,735.446,488.472,-1,-1,-1,-1,957.123,-1,-1,-1,2,0,2,0,2,0,0,0,0,2,2,2,2,0,2,2,2
61,584.125,6809.267,115.174,45.461,0.701333,-0.712374,0.025616,0.712721,0.701408,-0.007440,-0.012667,0.023475,0.999644,0,0.32167,-0.70831,6.998,-0.389,-1,480.240,-1,543.455,-1,413.120,430.520,749.055,491.674,-1,-1,-1,-1,984.646,-1,-1,-1,2,0,2,0,2,0,0,0,0,2,2,2,2,0,2,2,2
62,590.351,6812.346,117.073,45.097,0.705857,-0.707918,0.024854,0.708257,0.705908,-0.008154,-0.011772,0.023358,0.999658,0,0.32167,-0.70831,6.946,-0.364,-1,486.701,-1,552.012,-1,418.466,436.061,760.616,497.827,-1,-1,-1,-1,1007.066,-1,-1,-1,2,0,2,0,2,0,0,0,0,2,2,2,2,0,2,2,2
63,596.560,6815.226,119.049,44.639,0.711502,-0.702291,0.023513,0.702591,0.711555,-0.007491,-0.011470,0.021850,0.999695,0,0.32167,-0.70831,6.844,-0.458,-1,491.655,-1,560.815,-1,423.150,441.398,766.533,506.770,-1,-1,-1,-1,-1,-1,-1,-1,2,0,2,0,2,0,0,0,0,2,2,2,2,2,2,2,2
64,602.844,6817.976,120.900,44.109,0.717972,-0.695740,0.021491,0.695989,0.718021,-0.006754,-0.010732,0.019807,0.999746,0,0.32167,-0.70831,6.859,-0.530,-1,497.011,-1,571.060,-1,428.320,447.423,770.422,516.452,-1,-1,-1,-1,-1,-1,-1,-1,2,0,2,0,2,0,0,0,0,2,2,2,2,2,2,2,2
65,609.243,6820.631,122.437,43.547,0.724779,-0.688726,0.018782,0.688921,0.724807,-0.006503,-0.009135,0.017652,0.999802,0,0.32167,-0.70831,6.929,-0.562,-1,503.301,-1,582.806,-1,434.216,454.252,772.987,525.627,-1,-1,-1,-1,-1,-1,-1,-1,2,0,2,0,2,0,0,0,0,2,2,2,2,2,2,2,2
66,615.836,6823.311,123.501,42.940,0.732049,-0.681082,0.015199,0.681221,0.732045,-0.006872,-0.006446,0.015385,0.999861,0,0.32167,-0.70831,7.117,-0.607,-1,510.580,-1,596.310,-1,440.899,461.981,773.568,534.040,-1,-1,-1,-1,-1,-1,-1,-1,2,0,2,0,2,0,0,0,0,2,2,2,2,2,2,2,2
67,622.609,6826.121,124.029,42.344,0.739106,-0.673501,0.010865,0.673584,0.739070,-0.007838,-0.002752,0.013112,0.999910,0,0.32167,-0.70831,7.333,-0.596,-1,518.539,-1,611.264,-1,448.096,470.481,772.446,541.138,-1,-1,-1,-1,-1,-1,-1,-1,2,0,2,0,2,0,0,0,0,2,2,2,2,2,2,2,2
68,629.547,6828.792,124.111,41.703,0.746604,-0.665246,0.005545,0.665267,0.746555,-0.008716,0.001658,0.010196,0.999947,0,0.32167,-0.70831,7.434,-0.642,-1,526.656,-1,628.960,-1,455.638,479.617,767.965,548.443,-1,-1,-1,-1,-1,-1,-1,-1,2,0,2,0,2,0,0,0,0,2,2,2,2,2,2,2,2
69,636.665,6831.528,123.822,41.056,0.754054,-0.656813,-0.000650,0.656775,0.754020,-0.009978,0.007044,0.007096,0.999950,0,0.32167,-0.70831,7.626,-0.647,-1,535.874,-1,648.913,-1,464.091,489.819,761.908,555.306,-1,-1,-1,-1,-1,-1,-1,-1,2,0,2,0,2,0,0,0,0,2,2,2,2,2,2,2,2
70,643.971,6834.112,123.256,40.365,0.761875,-0.647676,-0.007914,0.647600,0.761912,-0.010221,0.012649,0.002662,0.999916,0,0.32167,-0.70831,7.749,-0.691,-1,544.783,-1,671.058,-1,472.459,500.472,743.041,564.502,-1,-1,-1,-1,-1,-1,-1,-1,2,0,2,0,2,0,0,0,0,2,2,2,2,2,2,2,2
71,651.462,6836.667,122.529,39.637,0.769969,-0.637876,-0.016180,0.637806,0.770134,-0.009846,0.018741,-0.002739,0.999821,0,0.32167,-0.70831,7.915,-0.728,-1,554.327,-1,696.939,-1,481.481,512.178,709.021,577.446,-1,-1,-1,-1,-1,-1,-1,-1,2,0,2,0,2,0,0,0,0,2,2,2,2,2,2,2,2
72,659.108,6839.191,121.861,38.895,0.778067,-0.627710,-0.024346,0.627698,0.778404,-0.009062,0.024639,-0.008231,0.999663,0,0.32167,-0.70831,8.053,-0.742,-1,563.753,-1,724.159,-1,490.700,524.412,677.307,591.180,-1,-1,-1,-1,-1,-1,-1,-1,2,0,2,0,2,0,0,0,0,2,2,2,2,2,2,2,2
73,666.836,6841.587,121.555,38.164,0.785927,-0.617592,-0.029970,0.617658,0.786405,-0.008132,0.028591,-0.012120,0.999518,0,0.32167,-0.70831,8.090,-0.731,-1,570.770,-1,745.639,-1,498.199,534.674,653.597,601.615,-1,-1,-1,-1,-1,-1,-1,-1,2,0,2,0,2,0,0,0,0,2,2,2,2,2,2,2,2
74,674.600,6843.825,121.701,37.463,0.793380,-0.607856,-0.032553,0.607962,0.793929,-0.007681,0.030513,-0.013697,0.999440,0,0.32167,-0.70831,8.080,-0.701,-1,575.851,-1,759.630,-1,503.569,541.773,635.835,607.091,-1,-1,-1,-1,-1,-1,-1,-1,2,0,2,0,2,0,0,0,0,2,2,2,2,2,2,2,2
75,682.427,6845.996,122.240,36.799,0.800352,-0.598642,-0.032629,0.598720,0.800914,-0.008382,0.031151,-0.012827,0.999432,0,0.32167,-0.70831,8.122,-0.664,-1,580.793,-1,767.476,-1,507.883,546.772,630.562,606.961,-1,-1,-1,-1,-1,-1,-1,-1,2,0,2,0,2,0,0,0,0,2,2,2,2,2,2,2,2
76,690.396,6848.116,122.974,36.150,0.807097,-0.589589,-0.031302,0.589615,0.807630,-0.009365,0.030802,-0.010898,0.999466,0,0.32167,-0.70831,8.247,-0.650,-1,584.817,-1,771.287,-1,510.959,550.047,630.436,604.443,-1,-1,-1,-1,-1,-1,-1,-1,2,0,2,0,2,0,0,0,0,2,2,2,2,2,2,2,2
77,698.534,6850.169,123.686,35.487,0.813884,-0.580271,-0.029628,0.580266,0.814370,-0.009638,0.029721,-0.009348,0.999515,0,0.32167,-0.70831,8.393,-0.662,-1,586.824,-1,772.960,-1,512.650,551.781,627.964,602.812,-1,-1,-1,-1,-1,-1,-1,-1,2,0,2,0,2,0,0,0,0,2,2,2,2,2,2,2,2
78,706.876,6852.309,124.200,34.826,0.820547,-0.570871,-0.028427,0.570854,0.820996,-0.009515,0.028770,-0.008420,0.999551,0,0.32167,-0.70831,8.612,-0.661,-1,588.045,-1,775.130,-1,514.024,553.425,621.662,602.250,-1,-1,-1,-1,-1,-1,-1,-1,2,0,2,0,2,0,0,0,0,2,2,2,2,2,2,2,2
79,715.444,6854.509,124.457,34.157,0.827174,-0.561248,-0.027998,0.561235,0.827607,-0.009036,0.028243,-0.008239,0.999567,0,0.32167,-0.70831,8.846,-0.670,-1,588.985,-1,778.865,-1,515.886,555.827,610.551,602.917,-1,-1,-1,-1,-1,-1,-1,-1,2,0,2,0,2,0,0,0,0,2,2,2,2,2,2,2,2
80,724.249,6856.753,124.450,33.482,0.833724,-0.551453,-0.028365,0.551457,0.834161,-0.008379,0.028282,-0.008656,0.999563,0,0.32167,-0.70831,9.086,-0.675,-1,590.139,-1,783.673,-1,518.705,559.447,596.048,604.418,-1,-1,-1,-1,-1,-1,-1,-1,2,0,2,0,2,0,0,0,0,2,2,2,2,2,2,2,2
81,733.296,6859.032,124.211,32.808,0.840139,-0.541578,-0.029329,0.541601,0.840599,-0.007835,0.028897,-0.009302,0.999539,0,0.32167,-0.70831,9.330,-0.674,-1,592.431,-1,789.995,-1,522.080,563.791,579.764,605.867,-1,-1,-1,-1,-1,-1,-1,-1,2,0,2,0,2,0,0,0,0,2,2,2,2,2,2,2,2
82,742.562,6861.338,123.805,32.135,0.846422,-0.531639,-0.030499,0.531675,0.846914,-0.007572,0.029855,-0.009806,0.999506,0,0.32167,-0.70831,9.548,-0.673,-1,595.235,-1,797.177,-1,525.525,568.236,563.363,606.437,-1,-1,-1,-1,-1,-1,-1,-1,2,0,2,0,2,0,0,0,0,2,2,2,2,2,2,2,2
83,752.000,6863.652,123.342,31.469,0.852519,-0.521751,-0.031429,0.521787,0.853041,-0.007688,0.030822,-0.009846,0.999476,0,0.32167,-0.70831,9.717,-0.666,-1,599.573,-1,804.049,-1,528.950,572.247,549.985,605.569,-1,-1,-1,-1,-1,-1,-1,-1,2,0,2,0,2,0,0,0,0,2,2,2,2,2,2,2,2
84,761.656,6865.976,122.958,30.812,0.858416,-0.511949,-0.032092,0.511957,0.858968,-0.008598,0.031967,-0.009049,0.999448,0,0.50251,-0.51215,9.932,-0.657,-1,605.400,-1,810.265,-1,533.093,576.691,539.502,602.761,-1,-1,-1,-1,-1,-1,-1,-1,2,0,2,0,2,0,0,0,0,2,2,2,2,2,2,2,2
85,771.668,6868.135,122.650,30.100,0.864678,-0.501252,-0.032826,0.501241,0.865259,-0.009164,0.032996,-0.008530,0.999419,0,0.50251,-0.51215,10.242,-0.711,-1,611.321,-1,816.732,-1,537.455,581.466,527.134,600.951,-1,-1,-1,-1,-1,-1,-1,-1,2,0,2,0,2,0,0,0,0,2,2,2,2,2,2,2,2
86,782.010,6870.176,122.430,29.348,0.871163,-0.489859,-0.033367,0.489834,0.871764,-0.009476,0.033730,-0.008089,0.999398,0,0.50251,-0.51215,10.541,-0.752,-1,616.997,-1,822.802,-1,543.019,586.621,514.390,599.596,-1,-1,-1,-1,-1,-1,-1,-1,2,0,2,0,2,0,0,0,0,2,2,2,2,2,2,2,2
87,792.667,6872.080,122.251,28.556,0.877858,-0.477760,-0.033336,0.477744,0.878453,-0.008974,0.033571,-0.008048,0.999404,0,0.50251,-0.51215,10.826,-0.792,-1,620.396,-1,826.490,-1,546.486,590.082,501.054,599.306,-1,-1,-1,-1,-1,-1,-1,-1,2,0,2,0,2,0,0,0,0,2,2,2,2,2,2,2,2
88,803.619,6873.783,122.115,27.728,0.884698,-0.465034,-0.032448,0.465037,0.885256,-0.007910,0.032403,-0.008092,0.999442,0,0.50251,-0.51215,11.083,-0.827,-1,622.183,-1,826.341,-1,548.061,591.277,489.742,599.214,-1,-1,-1,-1,-1,-1,-1,-1,2,0,2,0,2,0,0,0,0,2,2,2,2,2,2,2,2
89,814.932,6875.459,121.986,26.900,0.891368,-0.452212,-0.031089,0.452214,0.891879,-0.007395,0.031072,-0.007468,0.999489,0,0.50251,-0.51215,11.437,-0.829,-1,624.960,-1,825.012,-1,549.477,592.017,479.427,597.365,-1,-1,-1,-1,-1,-1,-1,-1,2,0,2,0,2,0,0,0,0,2,2,2,2,2,2,2,2
90,826.633,6877.157,121.829,26.086,0.897736,-0.439544,-0.029507,0.439520,0.898200,-0.007649,0.029865,-0.006102,0.999535,0,0.50251,-0.51215,11.823,-0.814,-1,628.643,-1,823.116,-1,551.399,593.013,470.643,593.553,-1,-1,-1,-1,-1,-1,-1,-1,2,0,2,0,2,0,0,0,0,2,2,2,2,2,2,2,2
91,838.680,6878.872,121.664,25.288,0.903789,-0.427072,-0.027843,0.426997,0.904209,-0.008881,0.028969,-0.003863,0.999573,0,0.50251,-0.51215,12.169,-0.797,-1,633.887,-1,821.232,-1,553.846,594.394,463.727,587.577,-1,-1,-1,-1,-1,-1,-1,-1,2,0,2,0,2,0,0,0,0,2,2,2,2,2,2,2,2
92,851.057,6880.430,121.494,24.473,0.909794,-0.414229,-0.026269,0.414107,0.910171,-0.010165,0.028120,-0.001630,0.999603,0,0.50251,-0.51215,12.475,-0.815,-1,638.999,-1,819.454,-1,556.969,595.458,458.361,581.733,-1,-1,-1,-1,-1,-1,-1,-1,2,0,2,0,2,0,0,0,0,2,2,2,2,2,2,2,2
93,863.711,6881.872,121.290,23.669,0.915542,-0.401479,-0.024453,0.401312,0.915868,-0.011594,0.027051,0.000802,0.999634,0,0.50251,-0.51215,12.735,-0.804,-1,644.265,-1,816.101,-1,559.575,596.312,453.750,575.392,-1,-1,-1,-1,-1,-1,-1,-1,2,0,2,0,2,0,0,0,0,2,2,2,2,2,2,2,2
94,876.620,6883.123,120.987,22.810,0.921502,-0.387734,-0.022265,0.387552,0.921768,-0.012150,0.025234,0.002567,0.999678,0,0.50251,-0.51215,12.970,-0.859,-1,647.174,-1,810.705,-1,560.450,595.603,450.066,570.336,-1,-1,-1,-1,-1,-1,-1,-1,2,0,2,0,2,0,0,0,0,2,2,2,2,2,2,2,2
95,889.813,6884.244,120.614,21.928,0.927411,-0.373528,-0.019656,0.373348,0.927610,-0.012271,0.022817,0.004042,0.999731,0,0.50251,-0.51215,13.241,-0.882,-1,647.837,-1,803.240,-1,559.562,593.544,445.478,565.757,-1,-1,-1,-1,-1,-1,-1,-1,2,0,2,0,2,0,0,0,0,2,2,2,2,2,2,2,2
96,903.248,6885.456,120.252,21.114,0.932683,-0.360327,-0.016340,0.360148,0.932806,-0.012924,0.019899,0.006169,0.999783,0,0.50251,-0.51215,13.489,-0.815,-1,646.885,-1,792.888,-1,557.126,589.488,442.207,559.732,-1,-1,-1,-1,-1,-1,-1,-1,2,0,2,0,2,0,0,0,0,2,2,2,2,2,2,2,2
97,916.970,6886.525,119.918,20.279,0.937889,-0.346698,-0.012831,0.346536,0.937943,-0.013250,0.016629,0.007980,0.999830,0,0.50251,-0.51215,13.764,-0.835,-1,644.888,-1,782.002,-1,554.100,584.830,439.058,554.598,-1,-1,-1,-1,-1,-1,-1,-1,2,0,2,0,2,0,0,0,0,2,2,2,2,2,2,2,2
98,931.048,6887.500,119.578,19.463,0.942762,-0.333319,-0.009970,0.333163,0.942757,-0.014565,0.014254,0.010410,0.999844,0,0.50251,-0.51215,14.112,-0.816,-1,646.328,-1,773.471,-1,553.545,582.020,438.010,548.268,-1,-1,-1,-1,-1,-1,-1,-1,2,0,2,0,2,0,0,0,0,2,2,2,2,2,2,2,2
99,945.456,6888.500,119.140,18.713,0.947059,-0.320966,-0.007737,0.320799,0.946987,-0.017438,0.012924,0.014033,0.999818,0,0.50251,-0.51215,14.443,-0.750,-1,651.280,-1,766.835,-1,554.885,580.839,441.484,539.283,-1,-1,-1,-1,-1,-1,-1,-1,2,0,2,0,2,0,0,0,0,2,2,2,2,2,2,2,2
100,960.123,6889.480,118.567,17.965,0.951182,-0.308580,-0.005644,0.308412,0.951035,-0.020356,0.011649,0.017622,0.999777,0,0.50251,-0.51215,14.699,-0.748,-1,655.736,-1,760.069,-1,555.500,579.455,444.624,530.218,-1,-1,-1,-1,-1,-1,-1,-1,2,0,2,0,2,0,0,0,0,2,2,2,2,2,2,2,2
101,975.074,6890.513,117.904,17.258,0.954930,-0.296811,-0.003477,0.296655,0.954701,-0.023273,0.010227,0.021193,0.999723,0,0.50251,-0.51215,14.986,-0.707,-1,659.322,-1,752.562,-1,555.461,577.348,447.570,521.205,-1,-1,-1,-1,-1,-1,-1,-1,2,0,2,0,2,0,0,0,0,2,2,2,2,2,2,2,2
102,990.291,6891.666,117.180,16.618,0.958196,-0.286110,-0.001073,0.285985,0.957876,-0.026200,0.008524,0.024798,0.999656,0,0.50251,-0.51215,15.261,-0.639,-1,661.621,-1,744.180,-1,554.467,574.304,450.477,512.228,-1,-1,-1,-1,-1,-1,-1,-1,2,0,2,0,2,0,0,0,0,2,2,2,2,2,2,2,2
103,1005.679,6893.024,116.528,16.038,0.961061,-0.276330,0.002059,0.276274,0.960654,-0.028560,0.005915,0.028017,0.999590,0,0.50251,-0.51215,15.448,-0.580,-1,661.028,-1,733.506,-1,551.529,569.417,452.889,504.447,-1,-1,-1,-1,-1,-1,-1,-1,2,0,2,0,2,0,0,0,0,2,2,2,2,2,2,2,2
104,1021.231,6894.258,116.017,15.445,0.963882,-0.266276,0.005287,0.266314,0.963430,-0.029664,0.002805,0.030001,0.999546,0,0.50251,-0.51215,15.601,-0.593,-1,658.431,-1,723.238,-1,547.620,564.189,454.685,499.714,-1,-1,-1,-1,-1,-1,-1,-1,2,0,2,0,2,0,0,0,0,2,2,2,2,2,2,2,2
105,1037.033,6895.352,115.584,14.829,0.966696,-0.255802,0.008018,0.255927,0.966215,-0.030502,0.000056,0.031538,0.999503,0,0.50251,-0.51215,15.840,-0.617,-1,656.947,-1,714.850,-1,544.826,560.064,456.880,496.226,-1,-1,-1,-1,-1,-1,-1,-1,2,0,2,0,2,0,0,0,0,2,2,2,2,2,2,2,2
106,1053.191,6896.668,115.145,14.267,0.969157,-0.246233,0.010234,0.246438,0.968625,-0.032150,-0.001996,0.033681,0.999431,0,0.50251,-0.51215,16.211,-0.562,-1,657.799,-1,707.880,-1,543.456,556.781,460.413,491.741,-1,-1,-1,-1,-1,-1,-1,-1,2,0,2,0,2,0,0,0,0,2,2,2,2,2,2,2,2
107,1069.638,6898.010,114.761,13.715,0.971478,-0.236816,0.012217,0.237098,0.970914,-0.033310,-0.003974,0.035257,0.999370,0,0.50251,-0.51215,16.502,-0.551,-1,658.073,-1,702.008,-1,542.287,553.910,462.993,488.660,-1,-1,-1,-1,-1,-1,-1,-1,2,0,2,0,2,0,0,0,0,2,2,2,2,2,2,2,2
108,1086.401,6899.204,114.353,13.148,0.973771,-0.227125,0.013549,0.227463,0.973194,-0.033958,-0.005473,0.036149,0.999331,0,0.45108,-1.00000,16.805,-0.568,-1,658.868,-1,698.321,-1,542.041,552.317,464.169,486.979,-1,-1,-1,-1,-1,-1,-1,-1,2,0,2,0,2,0,0,0,0,2,2,2,2,2,2,2,2
109,1103.344,6899.939,113.897,12.499,0.976277,-0.216049,0.014381,0.216421,0.975719,-0.033672,-0.006757,0.035986,0.999329,0,0.45108,-1.00000,16.959,-0.649,-1,659.900,-1,696.272,-1,541.596,551.806,463.196,487.099,-1,-1,-1,-1,-1,-1,-1,-1,2,0,2,0,2,0,0,0,0,2,2,2,2,2,2,2,2
110,1120.235,6899.969,113.500,11.769,0.978948,-0.203554,0.015051,0.203952,0.978426,-0.032945,-0.008020,0.035321,0.999344,0,0.45108,-1.00000,16.891,-0.731,-1,661.182,-1,695.021,-1,541.573,551.653,461.469,488.254,-1,-1,-1,-1,-1,-1,-1,-1,2,0,2,0,2,0,0,0,0,2,2,2,2,2,2,2,2
111,1137.133,6899.747,113.088,11.026,0.981501,-0.190800,0.015853,0.191240,0.980964,-0.033717,-0.009118,0.036125,0.999306,0,0.45108,-1.00000,16.900,-0.743,-1,663.698,-1,692.812,-1,542.605,551.280,462.810,486.501,-1,-1,-1,-1,-1,-1,-1,-1,2,0,2,0,2,0,0,0,0,2,2,2,2,2,2,2,2
112,1154.241,6899.526,112.595,10.335,0.983727,-0.178886,0.016750,0.179386,0.983131,-0.035692,-0.010083,0.038116,0.999222,0,0.45178,-1.00000,17.109,-0.691,-1,667.134,-1,689.626,-1,543.753,550.674,466.428,482.352,-1,-1,-1,-1,-1,-1,-1,-1,2,0,2,0,2,0,0,0,0,2,2,2,2,2,2,2,2
113,1171.535,6899.450,111.956,9.713,0.985598,-0.168091,0.018483,0.168694,0.984926,-0.038260,-0.011773,0.040827,0.999097,0,0.45376,-1.00000,17.294,-0.622,-1,668.212,-1,683.288,-1,542.549,547.954,471.067,476.504,-1,-1,-1,-1,-1,-1,-1,-1,2,0,2,0,2,0,0,0,0,2,2,2,2,2,2,2,2
114,1188.959,6899.224,111.202,9.088,0.987343,-0.157192,0.021057,0.157928,0.986656,-0.039606,-0.014550,0.042430,0.998993,0,0.45545,-1.00000,17.426,-0.625,-1,664.486,-1,674.725,-1,538.683,542.817,472.954,472.487,-1,-1,-1,-1,-1,-1,-1,-1,2,0,2,0,2,0,0,0,0,2,2,2,2,2,2,2,2
115,1206.432,6898.613,110.501,8.395,0.989132,-0.145121,0.023627,0.145968,0.988511,-0.039248,-0.017660,0.042270,0.998950,0,0.45714,-1.00000,17.484,-0.693,-1,658.716,-1,667.154,-1,534.181,537.532,471.195,471.823,-1,-1,-1,-1,-1,-1,-1,-1,2,0,2,0,2,0,0,0,0,2,2,2,2,2,2,2,2
116,1224.036,6897.790,109.875,7.688,0.990817,-0.132851,0.025143,0.133757,0.990259,-0.038691,-0.019758,0.041698,0.998935,0,0.45911,-1.00000,17.623,-0.706,-1,655.836,-1,663.270,-1,531.912,535.084,468.934,472.254,-1,-1,-1,-1,-1,-1,-1,-1,2,0,2,0,2,0,0,0,0,2,2,2,2,2,2,2,2
117,1241.983,6897.114,109.196,7.048,0.992230,-0.121734,0.025686,0.122668,0.991696,-0.038618,-0.020772,0.041469,0.998924,0,0.46113,-1.00000,17.960,-0.641,-1,655.956,-1,661.904,-1,531.778,534.596,467.366,472.159,-1,-1,-1,-1,-1,-1,-1,-1,2,0,2,0,2,0,0,0,0,2,2,2,2,2,2,2,2
118,1260.138,6896.192,108.481,6.372,0.993590,-0.110029,0.025937,0.110956,0.993117,-0.037513,-0.021631,0.040151,0.998959,0,0.46286,-1.00000,18.178,-0.676,-1,655.592,-1,661.882,-1,531.844,534.616,463.824,474.001,-1,-1,-1,-1,-1,-1,-1,-1,2,0,2,0,2,0,0,0,0,2,2,2,2,2,2,2,2
119,1278.452,6895.060,107.820,5.694,0.994816,-0.098270,0.026155,0.099182,0.994410,-0.036221,-0.022449,0.038627,0.999002,0,0.46472,-1.00000,18.349,-0.678,-1,655.066,-1,662.347,-1,532.128,534.912,460.390,476.412,-1,-1,-1,-1,-1,-1,-1,-1,2,0,2,0,2,0,0,0,0,2,2,2,2,2,2,2,2
120,1296.841,6893.563,107.235,4.984,0.995948,-0.085947,0.026480,0.086847,0.995609,-0.034928,-0.023362,0.037086,0.999039,0,0.46659,-1.00000,18.449,-0.710,-1,654.527,-1,662.573,-1,532.505,535.269,457.223,478.960,-1,-1,-1,-1,-1,-1,-1,-1,2,0,2,0,2,0,0,0,0,2,2,2,2,2,2,2,2
121,1315.412,6891.998,106.670,4.314,0.996877,-0.074274,0.026841,0.075199,0.996543,-0.035304,-0.024126,0.037212,0.999016,0,0.46859,-1.00000,18.637,-0.670,-1,656.003,-1,661.812,-1,533.459,535.630,457.625,478.514,-1,-1,-1,-1,-1,-1,-1,-1,2,0,2,0,2,0,0,0,0,2,2,2,2,2,2,2,2
122,1334.116,6890.389,105.963,3.676,0.997651,-0.063135,0.026564,0.064094,0.997260,-0.036931,-0.024160,0.038547,0.998965,0,0.47040,-1.00000,18.773,-0.638,-1,660.403,-1,661.854,-1,535.772,537.268,460.644,475.558,-1,-1,-1,-1,-1,-1,-1,-1,2,0,2,0,2,0,0,0,0,2,2,2,2,2,2,2,2
123,1352.814,6888.463,105.306,3.004,0.998295,-0.051390,0.027692,0.052382,0.997965,-0.036348,-0.025768,0.037737,0.998955,0,0.47208,-1.00000,18.797,-0.672,-1,658.883,-1,659.473,-1,534.903,536.528,460.790,476.531,-1,-1,-1,-1,-1,-1,-1,-1,2,0,2,0,2,0,0,0,0,2,2,2,2,2,2,2,2
124,1371.589,6886.188,104.688,2.307,0.998797,-0.039211,0.029458,0.040235,0.998577,-0.035005,-0.028044,0.036148,0.998953,0,0.47391,-1.00000,18.913,-0.697,-1,654.851,-1,655.808,-1,532.887,534.372,459.447,478.981,-1,-1,-1,-1,-1,-1,-1,-1,2,0,2,0,2,0,0,0,0,2,2,2,2,2,2,2,2
125,1390.549,6883.725,104.027,1.626,0.999143,-0.027291,0.031112,0.028357,0.999008,-0.034335,-0.030144,0.035188,0.998926,0,0.47582,-1.00000,19.119,-0.681,-1,652.257,-1,651.965,-1,531.469,532.031,459.318,480.240,-1,-1,-1,-1,-1,-1,-1,-1,2,0,2,0,2,0,0,0,0,2,2,2,2,2,2,2,2
126,1409.668,6880.992,103.352,0.936,0.999364,-0.015240,0.032242,0.016325,0.999299,-0.033678,-0.031706,0.034183,0.998913,0,0.47767,-1.00000,19.313,-0.690,-1,650.879,-1,649.714,-1,531.179,530.815,459.174,481.642,-1,-1,-1,-1,-1,-1,-1,-1,2,0,2,0,2,0,0,0,0,2,2,2,2,2,2,2,2
127,1428.981,6878.141,102.707,0.288,0.999457,-0.003920,0.032729,0.005022,0.999421,-0.033659,-0.032578,0.033805,0.998897,0,0.47954,-1.00000,19.523,-0.648,-1,651.896,-1,649.030,-1,532.084,530.921,462.204,482.104,-1,-1,-1,-1,-1,-1,-1,-1,2,0,2,0,2,0,0,0,0,2,2,2,2,2,2,2,2
128,1448.410,6874.951,101.986,-0.396,0.999418,0.008000,0.033172,-0.006910,0.999436,-0.032846,-0.033417,0.032598,0.998910,0,0.48123,-1.00000,19.689,-0.684,-1,652.897,-1,648.764,-1,532.841,531.133,463.591,483.920,-1,-1,-1,-1,-1,-1,-1,-1,2,0,2,0,2,0,0,0,0,2,2,2,2,2,2,2,2
129,1467.961,6871.562,101.242,-1.084,0.999236,0.019987,0.033595,-0.018904,0.999302,-0.032233,-0.034216,0.031573,0.998916,0,0.48306,-1.00000,19.843,-0.688,-1,654.069,-1,648.224,-1,533.731,531.520,465.336,485.350,-1,-1,-1,-1,-1,-1,-1,-1,2,0,2,0,2,0,0,0,0,2,2,2,2,2,2,2,2
130,1487.542,6867.855,100.533,-1.792,0.998869,0.032343,0.034857,-0.031257,0.999022,-0.031275,-0.035834,0.030150,0.998903,0,0.48490,-1.00000,19.928,-0.708,-1,652.654,-1,645.939,-1,532.993,530.351,466.846,487.524,-1,-1,-1,-1,-1,-1,-1,-1,2,0,2,0,2,0,0,0,0,2,2,2,2,2,2,2,2
131,1507.176,6863.832,99.833,-2.512,0.998334,0.044890,0.036262,-0.043800,0.998580,-0.030333,-0.037572,0.028694,0.998882,0,0.48682,-1.00000,20.043,-0.720,-1,651.612,-1,643.433,-1,532.203,528.917,468.717,489.782,-1,-1,-1,-1,-1,-1,-1,-1,2,0,2,0,2,0,0,0,0,2,2,2,2,2,2,2,2
132,1526.935,6859.577,99.152,-3.200,0.997693,0.056887,0.037036,-0.055787,0.997989,-0.030098,-0.038673,0.027963,0.998861,0,0.48879,-1.00000,20.212,-0.688,-1,653.128,-1,642.030,-1,533.069,528.704,472.217,490.840,-1,-1,-1,-1,-1,-1,-1,-1,2,0,2,0,2,0,0,0,0,2,2,2,2,2,2,2,2
133,1546.891,6855.184,98.384,-3.862,0.996967,0.068409,0.037102,-0.067304,0.997274,-0.030250,-0.039070,0.027662,0.998854,0,0.49061,-1.00000,20.433,-0.662,-1,656.555,-1,641.791,-1,535.236,529.456,476.361,491.193,-1,-1,-1,-1,-1,-1,-1,-1,2,0,2,0,2,0,0,0,0,2,2,2,2,2,2,2,2
134,1566.906,6850.475,97.586,-4.557,0.996050,0.080487,0.037504,-0.079395,0.996399,-0.029749,-0.039763,0.026653,0.998854,0,0.49232,-1.00000,20.562,-0.695,-1,658.604,-1,641.261,-1,536.573,529.391,479.240,493.085,-1,-1,-1,-1,-1,-1,-1,-1,2,0,2,0,2,0,0,0,0,2,2,2,2,2,2,2,2
135,1586.924,6845.420,96.751,-5.288,0.994894,0.093169,0.038798,-0.092075,0.995327,-0.029083,-0.041326,0.025362,0.998824,0,0.49416,-1.00000,20.646,-0.730,-1,658.104,-1,638.559,-1,535.862,527.534,481.387,495.169,-1,-1,-1,-1,-1,-1,-1,-1,2,0,2,0,2,0,0,0,0,2,2,2,2,2,2,2,2
136,1606.817,6839.940,95.873,-6.063,0.993479,0.106594,0.040459,-0.105518,0.994027,-0.027874,-0.043188,0.023423,0.998792,0,0.28597,-1.00000,20.634,-0.775,-1,656.317,-1,635.259,-1,533.482,525.063,482.541,498.521,-1,-1,-1,-1,-1,-1,-1,-1,2,0,2,0,2,0,0,0,0,2,2,2,2,2,2,2,2
137,1626.628,6834.458,94.995,-6.767,0.992048,0.118801,0.041569,-0.117722,0.992665,-0.027524,-0.044534,0.022412,0.998756,0,0.28722,-1.00000,20.555,-0.705,-1,657.054,-1,632.486,-1,532.277,523.464,485.290,500.084,-1,-1,-1,-1,-1,-1,-1,-1,2,0,2,0,2,0,0,0,0,2,2,2,2,2,2,2,2
138,1646.448,6828.984,93.983,-7.414,0.990617,0.129998,0.042167,-0.128905,0.991270,-0.027708,-0.045401,0.022012,0.998726,0,0.28831,-1.00000,20.562,-0.647,-1,659.113,-1,630.203,-1,531.720,522.167,488.411,500.109,-1,-1,-1,-1,-1,-1,-1,-1,2,0,2,0,2,0,0,0,0,2,2,2,2,2,2,2,2
139,1666.030,6823.137,92.936,-8.112,0.988934,0.142013,0.042912,-0.140954,0.989653,-0.026799,-0.046273,0.020454,0.998719,0,0.28925,-1.00000,20.437,-0.698,-1,660.429,-1,628.780,-1,530.794,520.899,489.377,502.397,-1,-1,-1,-1,-1,-1,-1,-1,2,0,2,0,2,0,0,0,0,2,2,2,2,2,2,2,2
140,1685.427,6817.083,91.975,-8.802,0.987138,0.153880,0.043350,-0.152859,0.987906,-0.025994,-0.046825,0.019033,0.998722,0,0.29033,-1.00000,20.319,-0.691,-1,663.301,-1,628.193,-1,530.771,520.410,491.040,504.703,-1,-1,-1,-1,-1,-1,-1,-1,2,0,2,0,2,0,0,0,0,2,2,2,2,2,2,2,2
141,1704.752,6810.899,91.034,-9.473,0.985278,0.165373,0.043342,-0.164410,0.986077,-0.024937,-0.046862,0.017444,0.998749,0,0.29139,-1.00000,20.290,-0.671,-1,666.441,-1,628.985,-1,531.776,520.959,492.332,507.451,-1,-1,-1,-1,-1,-1,-1,-1,2,0,2,0,2,0,0,0,0,2,2,2,2,2,2,2,2
142,1723.702,6804.188,90.109,-10.236,0.982997,0.178352,0.043667,-0.177510,0.983862,-0.022480,-0.046972,0.014347,0.998793,0,0.29240,-1.00000,20.104,-0.763,-1,668.319,-1,630.784,-1,532.245,521.541,490.491,513.289,-1,-1,-1,-1,-1,-1,-1,-1,2,0,2,0,2,0,0,0,0,2,2,2,2,2,2,2,2
143,1742.318,6797.146,89.187,-11.026,0.980436,0.191775,0.044354,-0.191046,0.981374,-0.020173,-0.047396,0.011305,0.998812,0,0.29364,-1.00000,19.903,-0.790,-1,669.719,-1,631.627,-1,531.508,521.434,488.788,518.983,-1,-1,-1,-1,-1,-1,-1,-1,2,0,2,0,2,0,0,0,0,2,2,2,2,2,2,2,2
144,1760.743,6789.922,88.231,-11.789,0.977788,0.204744,0.044845,-0.204071,0.978769,-0.019147,-0.047813,0.009570,0.998810,0,0.29496,-1.00000,19.791,-0.762,-1,672.582,-1,631.089,-1,530.867,520.993,489.355,521.766,-1,-1,-1,-1,-1,-1,-1,-1,2,0,2,0,2,0,0,0,0,2,2,2,2,2,2,2,2
145,1779.010,6782.570,87.288,-12.508,0.975119,0.217002,0.045319,-0.216314,0.976126,-0.019645,-0.048500,0.009353,0.998779,0,0.29621,-1.00000,19.691,-0.719,-1,676.933,-1,628.641,-1,529.800,519.585,492.361,521.247,-1,-1,-1,-1,-1,-1,-1,-1,2,0,2,0,2,0,0,0,0,2,2,2,2,2,2,2,2
146,1797.219,6775.120,86.321,-13.187,0.972476,0.228568,0.045236,-0.227867,0.973484,-0.020150,-0.048642,0.009288,0.998773,0,0.29737,-0.99712,19.674,-0.680,-1,682.777,-1,627.441,-1,529.822,519.138,495.578,520.457,-1,-1,-1,-1,-1,-1,-1,-1,2,0,2,0,2,0,0,0,0,2,2,2,2,2,2,2,2
