timestep,x_cm,y_cm,z_cm,yaw_deg,basis_xx,basis_xy,basis_xz,basis_yx,basis_yy,basis_yz,basis_zx,basis_zy,basis_zz,teleport_flag,throttle_cmd,steering_cmd,cmd_move_cm,cmd_turn_deg,lidar_cm_0,lidar_cm_1,lidar_cm_2,lidar_cm_3,lidar_cm_4,lidar_cm_5,lidar_cm_6,lidar_cm_7,lidar_cm_8,lidar_cm_9,lidar_cm_10,lidar_cm_11,lidar_cm_12,lidar_cm_13,lidar_cm_14,lidar_cm_15,lidar_cm_16,lidar_class_0,lidar_class_1,lidar_class_2,lidar_class_3,lidar_class_4,lidar_class_5,lidar_class_6,lidar_class_7,lidar_class_8,lidar_class_9,lidar_class_10,lidar_class_11,lidar_class_12,lidar_class_13,lidar_class_14,lidar_class_15,lidar_class_16
0,-6227.642,-2954.735,-27.283,-39.307,0.773774,0.633459,0.001482,-0.633443,0.773732,0.009479,0.004858,-0.008273,0.999954,1,0.08000,-0.00935,4.800,-0.019,-1,400.000,-1,400.000,-1,325.000,325.000,300.000,300.000,450.000,-1,-1,-1,775.000,750.000,-1,-1,2,0,2,0,2,0,0,0,0,1,2,2,2,0,0,2,2
1,-6220.216,-2960.819,-27.234,-39.327,0.773557,0.633725,0.001459,-0.633708,0.773514,0.009481,0.004880,-0.008259,0.999954,0,0.16000,-0.00984,9.600,-0.020,-1,400.000,-1,400.000,-1,325.000,325.000,300.000,300.000,450.000,-1,-1,-1,775.000,750.000,-1,-1,2,0,2,0,2,0,0,0,0,1,2,2,2,0,0,2,2
2,-6209.080,-2969.950,-27.152,-39.349,0.773317,0.634018,0.001470,-0.634001,0.773274,0.009493,0.004883,-0.008273,0.999954,0,0.24000,-0.01083,14.400,-0.022,-1,400.000,-1,400.000,-1,325.000,325.000,300.000,300.000,475.000,-1,-1,-1,775.000,750.000,-1,-1,2,0,2,0,2,0,0,0,0,1,2,2,2,0,0,2,2
3,-6194.238,-2982.129,-27.034,-39.373,0.773044,0.634350,0.001540,-0.634333,0.773001,0.009522,0.004850,-0.008338,0.999953,0,0.32000,-0.01233,19.200,-0.025,-1,400.000,-1,400.000,-1,325.000,325.000,300.000,300.000,475.000,-1,-1,-1,775.000,750.000,-1,-1,2,0,2,0,2,0,0,0,0,1,2,2,2,0,0,2,2
4,-6175.693,-2997.364,-26.887,-39.402,0.772727,0.634737,0.001634,-0.634721,0.772682,0.009560,0.004806,-0.008425,0.999953,0,0.40000,-0.01435,24.000,-0.029,-1,400.000,-1,400.000,-1,325.000,325.000,300.000,300.000,475.000,-1,-1,-1,775.000,750.000,-1,-1,2,0,2,0,2,0,0,0,0,1,2,2,2,0,0,2,2
5,-6153.450,-3015.658,-26.716,-39.436,0.772352,0.635192,0.001757,-0.635177,0.772307,0.009615,0.004750,-0.008542,0.999952,0,0.48000,-0.01692,28.800,-0.034,-1,400.000,-1,400.000,-1,325.000,325.000,300.000,300.000,500.000,-1,-1,-1,775.000,750.000,-1,-1,2,0,2,0,2,0,0,0,0,1,2,2,2,0,0,2,2
6,-6127.514,-3037.019,-26.531,-39.476,0.771908,0.635731,0.001914,-0.635717,0.771861,0.009741,0.004715,-0.008736,0.999951,0,0.56000,-0.02004,33.600,-0.040,-1,400.000,-1,400.000,-1,325.000,325.000,300.000,300.000,525.000,-1,-1,-1,775.000,750.000,-1,-1,2,0,2,0,2,0,0,0,0,1,2,2,2,0,0,2,2
7,-6097.894,-3061.457,-26.326,-39.524,0.771381,0.636370,0.002112,-0.636356,0.771332,0.009893,0.004667,-0.008975,0.999949,0,0.64000,-0.02376,38.400,-0.048,-1,400.000,-1,400.000,1000.000,325.000,325.000,300.000,300.000,550.000,-1,-1,-1,775.000,750.000,-1,-1,2,0,2,0,1,0,0,0,0,1,2,2,2,0,0,2,2
8,-6067.181,-3086.846,-26.119,-39.580,0.770757,0.637125,0.002336,-0.637112,0.770705,0.010059,0.004608,-0.009241,0.999947,0,0.66414,-0.02810,39.848,-0.056,-1,400.000,-1,400.000,975.000,325.000,325.000,300.000,300.000,575.000,-1,-1,-1,775.000,750.000,-1,-1,2,0,2,0,1,0,0,0,0,1,2,2,2,0,0,2,2
9,-6036.440,-3112.318,-25.918,-39.645,0.770030,0.638002,0.002581,-0.637991,0.769976,0.010232,0.004541,-0.009526,0.999944,0,0.66538,-0.03269,39.923,-0.065,-1,400.000,-1,400.000,950.000,325.000,325.000,300.000,300.000,600.000,-1,-1,-1,775.000,750.000,-1,-1,2,0,2,0,1,0,0,0,0,1,2,2,2,0,0,2,2
10,-6005.664,-3137.887,-25.723,-39.720,0.769198,0.639005,0.002846,-0.638995,0.769140,0.010415,0.004466,-0.009830,0.999942,0,0.66685,-0.03739,40.011,-0.075,-1,400.000,-1,400.000,925.000,325.000,325.000,300.000,300.000,625.000,-1,-1,-1,775.000,750.000,-1,-1,2,0,2,0,1,0,0,0,0,1,2,2,2,0,0,2,2
11,-5974.849,-3163.565,-25.543,-39.804,0.768257,0.640134,0.003181,-0.640127,0.768196,0.010616,0.004352,-0.010192,0.999939,0,0.66854,-0.04217,40.113,-0.084,-1,400.000,-1,400.000,900.000,325.000,325.000,300.000,300.000,650.000,-1,-1,-1,775.000,750.000,-1,-1,2,0,2,0,1,0,0,0,0,1,2,2,2,0,0,2,2
12,-5943.987,-3189.368,-25.372,-39.898,0.767205,0.641392,0.003557,-0.641388,0.767140,0.010830,0.004217,-0.010590,0.999935,0,0.67044,-0.04706,40.227,-0.094,-1,400.000,-1,400.000,875.000,325.000,325.000,300.000,300.000,675.000,-1,-1,-1,775.000,750.000,-1,-1,2,0,2,0,1,0,0,0,0,1,2,2,2,0,0,2,2
13,-5913.076,-3215.308,-25.200,-40.002,0.766039,0.642781,0.003960,-0.642780,0.765970,0.011095,0.004098,-0.011045,0.999931,0,0.67255,-0.05203,40.353,-0.104,-1,400.000,-1,400.000,850.000,325.000,325.000,300.000,300.000,700.000,-1,-1,-1,775.000,750.000,-1,-1,2,0,2,0,1,0,0,0,0,1,2,2,2,0,0,2,2
14,-5882.111,-3241.398,-24.987,-40.117,0.764759,0.644302,0.004396,-0.644304,0.764682,0.011589,0.004106,-0.011695,0.999923,0,0.67485,-0.05710,40.491,-0.114,-1,400.000,-1,400.000,825.000,325.000,325.000,300.000,300.000,725.000,-1,-1,-1,775.000,750.000,-1,-1,2,0,2,0,1,0,0,0,0,1,2,2,2,0,0,2,2
15,-5850.090,-3268.495,-24.774,-40.238,0.763390,0.645920,0.004875,-0.645925,0.763305,0.012114,0.004104,-0.012397,0.999915,0,0.69913,-0.06087,41.948,-0.122,-1,400.000,-1,400.000,800.000,325.000,325.000,300.000,300.000,750.000,-1,-1,-1,775.000,750.000,-1,-1,2,0,2,0,1,0,0,0,0,1,2,2,2,0,0,2,2
16,-5818.137,-3295.657,-24.584,-40.367,0.761941,0.647625,0.005307,-0.647634,0.761847,0.012637,0.004141,-0.013066,0.999906,0,0.69897,-0.06427,41.938,-0.129,-1,400.000,-1,400.000,775.000,325.000,325.000,300.000,300.000,775.000,-1,-1,-1,775.000,750.000,-1,-1,2,0,2,0,1,0,0,0,0,1,2,2,2,0,0,2,2
17,-5782.722,-3326.157,-24.417,-40.735,0.757762,0.652507,0.005641,-0.652516,0.757660,0.013201,0.004340,-0.013684,0.999897,0,0.77897,-0.18427,46.738,-0.369,-1,400.000,-1,400.000,750.000,325.000,325.000,300.000,300.000,800.000,-1,-1,-1,775.000,750.000,-1,975.000,2,0,2,0,1,0,0,0,0,1,2,2,2,0,0,2,1
18,-5746.865,-3357.498,-24.258,-41.156,0.752957,0.658042,0.006001,-0.658054,0.752844,0.013792,0.004558,-0.014334,0.999887,0,0.79372,-0.21021,47.623,-0.420,-1,400.000,-1,400.000,700.000,325.000,325.000,300.000,300.000,825.000,-1,-1,-1,775.000,750.000,-1,950.000,2,0,2,0,1,0,0,0,0,1,2,2,2,0,1,2,1
19,-5711.121,-3389.217,-24.040,-41.585,0.748006,0.663662,0.006364,-0.663677,0.747888,0.014036,0.004556,-0.014723,0.999881,0,0.79647,-0.21469,47.788,-0.429,-1,400.000,-1,400.000,675.000,325.000,325.000,300.000,300.000,850.000,-1,-1,-1,775.000,725.000,-1,925.000,2,0,2,0,1,0,0,0,0,1,2,2,2,0,1,2,1
20,-5675.505,-3421.313,-23.806,-42.024,0.742903,0.669365,0.006735,-0.669384,0.742782,0.014161,0.004476,-0.015028,0.999877,0,0.79907,-0.21931,47.944,-0.439,-1,400.000,-1,400.000,650.000,325.000,325.000,300.000,300.000,900.000,-1,-1,-1,775.000,725.000,-1,900.000,2,0,2,0,1,0,0,0,0,1,2,2,2,0,1,2,1
21,-5640.033,-3453.784,-23.592,-42.472,0.737645,0.675152,0.007118,-0.675175,0.737520,0.014246,0.004369,-0.015315,0.999873,0,0.80150,-0.22409,48.090,-0.448,-1,400.000,-1,400.000,625.000,325.000,325.000,300.000,300.000,925.000,-1,-1,-1,775.000,700.000,-1,875.000,2,0,2,0,1,0,0,0,0,1,2,2,2,0,1,2,1
22,-5604.724,-3486.630,-23.412,-42.930,0.732223,0.681024,0.007507,-0.681053,0.732096,0.014223,0.004191,-0.015527,0.999871,0,0.80374,-0.22904,48.224,-0.458,-1,400.000,-1,400.000,575.000,325.000,325.000,300.000,300.000,950.000,-1,-1,-1,775.000,675.000,-1,850.000,2,0,2,0,1,0,0,0,0,1,2,2,2,0,1,2,1
23,-5569.596,-3519.847,-23.244,-43.398,0.726631,0.686983,0.007907,-0.687016,0.726503,0.014195,0.004007,-0.015747,0.999868,0,0.80577,-0.23415,48.346,-0.468,-1,400.000,-1,400.000,550.000,325.000,325.000,300.000,300.000,1000.000,-1,-1,-1,775.000,675.000,-1,-1,2,0,2,0,1,0,0,0,0,1,2,2,2,0,1,2,2
24,-5534.669,-3553.432,-23.088,-43.877,0.720862,0.693028,0.008320,-0.693068,0.720733,0.014160,0.003817,-0.015974,0.999865,0,0.80758,-0.23944,48.455,-0.479,-1,400.000,-1,400.000,525.000,325.000,325.000,300.000,300.000,-1,-1,-1,-1,775.000,675.000,-1,-1,2,0,2,0,1,0,0,0,0,2,2,2,2,0,1,2,2
25,-5499.962,-3587.380,-22.934,-44.367,0.714911,0.699162,0.008622,-0.699205,0.714780,0.014179,0.003751,-0.016165,0.999862,0,0.80915,-0.24491,48.549,-0.490,-1,400.000,-1,400.000,500.000,325.000,325.000,300.000,300.000,-1,-1,-1,-1,775.000,675.000,-1,-1,2,0,2,0,1,0,0,0,0,2,2,2,2,0,1,2,2
26,-5465.498,-3621.686,-22.754,-44.868,0.708769,0.705387,0.008720,-0.705431,0.708637,0.014180,0.003823,-0.016202,0.999861,0,0.81046,-0.25058,48.628,-0.501,-1,400.000,-1,400.000,450.000,325.000,325.000,300.000,300.000,-1,-1,-1,-1,775.000,675.000,-1,-1,2,0,2,0,1,0,0,0,0,2,2,2,2,0,1,2,2
27,-5431.299,-3656.343,-22.587,-45.381,0.702426,0.711702,0.008833,-0.711746,0.702294,0.014187,0.003894,-0.016253,0.999860,0,0.81149,-0.25644,48.690,-0.513,-1,400.000,-1,400.000,425.000,325.000,325.000,300.000,300.000,-1,-1,-1,-1,775.000,700.000,-1,-1,2,0,2,1,1,0,0,0,0,2,2,2,2,0,1,2,2
28,-5397.389,-3691.343,-22.382,-45.906,0.695875,0.718104,0.009203,-0.718153,0.695740,0.014223,0.003811,-0.016507,0.999856,0,0.81222,-0.26251,48.733,-0.525,-1,400.000,-1,375.000,400.000,325.000,325.000,300.000,300.000,-1,-1,-1,-1,775.000,800.000,-1,-1,2,0,2,1,1,0,0,0,0,2,2,2,2,0,0,2,2
29,-5363.791,-3726.678,-22.175,-46.444,0.689106,0.724596,0.009663,-0.724651,0.688968,0.014267,0.003680,-0.016834,0.999852,0,0.81263,-0.26878,48.758,-0.538,-1,400.000,-1,375.000,375.000,325.000,325.000,300.000,300.000,-1,-1,-1,-1,775.000,800.000,-1,-1,2,0,2,1,1,0,0,0,0,2,2,2,2,0,0,2,2
30,-5330.532,-3762.337,-21.974,-46.994,0.682111,0.731178,0.010113,-0.731240,0.681971,0.014309,0.003565,-0.017155,0.999846,0,0.81269,-0.27526,48.762,-0.551,-1,400.000,-1,375.000,350.000,325.000,325.000,300.000,300.000,-1,-1,-1,-1,775.000,800.000,-1,-1,2,0,2,1,1,0,1,0,0,2,2,2,2,0,0,2,2
31,-5297.638,-3798.308,-21.765,-47.558,0.674882,0.737851,0.010485,-0.737918,0.674738,0.014344,0.003509,-0.017418,0.999842,0,0.81239,-0.28195,48.744,-0.564,-1,400.000,-1,375.000,325.000,325.000,325.000,300.000,300.000,-1,-1,-1,-1,775.000,800.000,-1,-1,2,0,2,1,1,0,1,0,0,2,2,2,2,0,0,2,2
32,-5263.229,-3836.365,-21.562,-47.882,0.670698,0.741650,0.010903,-0.741723,0.670553,0.014375,0.003350,-0.017728,0.999837,0,0.85511,-0.16195,51.307,-0.324,-1,400.000,-1,375.000,300.000,325.000,325.000,300.000,300.000,-1,-1,-1,-1,775.000,800.000,-1,-1,2,0,2,1,1,0,0,0,0,2,2,2,2,0,0,2,2
33,-5228.946,-3874.393,-20.440,-47.966,0.669654,0.742575,0.012068,-0.742650,0.669415,0.018822,0.005899,-0.021567,0.999750,0,0.85333,-0.04195,51.200,-0.084,-1,400.000,-1,400.000,300.000,325.000,325.000,300.000,300.000,-1,-1,-1,-1,800.000,825.000,-1,-1,2,0,2,1,1,0,0,0,0,2,2,2,2,0,0,2,2
34,-5194.677,-3912.198,-18.520,-47.810,0.671781,0.740620,0.013850,-0.740671,0.671320,0.027142,0.010804,-0.028491,0.999536,0,0.85043,0.07805,51.026,0.156,-1,425.000,-1,425.000,400.000,350.000,350.000,300.000,300.000,-1,-1,-1,-1,825.000,900.000,-1,-1,2,0,2,0,1,0,0,0,1,2,2,2,2,0,0,2,2
35,-5160.315,-3949.583,-17.286,-47.414,0.676968,0.735860,0.014950,-0.735883,0.676330,0.032451,0.013768,-0.032970,0.999362,0,0.84629,0.19805,50.777,0.396,-1,425.000,-1,450.000,-1,350.000,350.000,300.000,275.000,-1,-1,-1,-1,850.000,975.000,-1,-1,2,0,2,0,2,0,0,0,1,2,2,2,2,0,0,2,2
36,-5125.765,-3986.345,-16.782,-46.778,0.685129,0.728260,0.015330,-0.728274,0.684415,0.034560,0.014677,-0.034843,0.999285,0,0.84083,0.31805,50.450,0.636,-1,425.000,-1,450.000,-1,350.000,350.000,300.000,250.000,-1,950.000,-1,-1,850.000,1000.000,-1,-1,2,0,2,0,2,0,0,0,1,2,0,2,2,0,0,2,2
37,-5090.942,-4022.281,-17.028,-45.902,0.696157,0.717730,0.015117,-0.717764,0.695489,0.033302,0.013388,-0.034034,0.999331,0,0.83400,0.43805,50.040,0.876,-1,425.000,-1,450.000,-1,350.000,350.000,300.000,225.000,-1,-1,-1,-1,850.000,1000.000,-1,-1,2,0,2,0,2,0,0,0,1,2,2,2,2,0,0,2,2
38,-5055.777,-4057.186,-17.991,-44.786,0.709921,0.704134,0.014433,-0.704215,0.709425,0.028237,0.009644,-0.030209,0.999497,0,0.82579,0.55805,49.547,1.116,-1,425.000,-1,450.000,-1,350.000,350.000,300.000,200.000,-1,-1,-1,-1,825.000,950.000,-1,-1,2,0,2,0,2,0,0,0,1,2,2,2,2,0,0,2,2
39,-5020.213,-4090.854,-19.740,-43.429,0.726275,0.687270,0.013577,-0.687395,0.726020,0.019568,0.003591,-0.023544,0.999716,0,0.81623,0.67805,48.974,1.356,-1,400.000,-1,425.000,-1,325.000,325.000,300.000,175.000,-1,-1,-1,-1,800.000,875.000,-1,-1,2,0,2,0,2,0,0,0,1,2,2,2,2,0,0,2,2
40,-4984.206,-4123.088,-21.475,-41.833,0.745059,0.666869,0.013125,-0.666994,0.744980,0.011145,-0.002346,-0.017058,0.999852,0,0.80544,0.79805,48.327,1.596,-1,400.000,-1,400.000,-1,325.000,325.000,300.000,175.000,-1,-1,-1,-1,775.000,825.000,-1,-1,2,0,2,0,2,0,0,0,1,2,2,2,2,0,0,2,2
41,-4947.850,-4153.837,-21.579,-40.224,0.763488,0.645685,0.013333,-0.645814,0.763420,0.010692,-0.003275,-0.016774,0.999854,0,0.79359,0.80475,47.616,1.609,-1,400.000,-1,400.000,-1,325.000,325.000,300.000,175.000,-1,-1,-1,-1,775.000,825.000,-1,-1,2,0,2,0,2,0,0,0,1,2,2,2,2,0,0,2,2
42,-4911.210,-4183.102,-21.726,-38.615,0.781308,0.623999,0.013528,-0.624132,0.781252,0.010243,-0.004177,-0.016446,0.999856,0,0.78154,0.80444,46.893,1.609,-1,400.000,-1,400.000,-1,325.000,325.000,300.000,175.000,-1,-1,-1,-1,775.000,825.000,-1,-1,2,0,2,0,2,0,0,0,1,2,2,2,2,0,0,2,2
43,-4874.336,-4210.894,-21.913,-37.006,0.798518,0.601814,0.013710,-0.601949,0.798474,0.009799,-0.005050,-0.016077,0.999858,0,0.76959,0.80472,46.175,1.609,-1,400.000,-1,400.000,-1,325.000,325.000,300.000,175.000,-1,-1,-1,-1,775.000,825.000,-1,-1,2,0,2,0,2,0,0,0,1,2,2,2,2,0,0,2,2
44,-4837.264,-4237.235,-22.138,-35.394,0.815116,0.579131,0.013878,-0.579267,0.815084,0.009359,-0.005892,-0.015668,0.999860,0,0.75795,0.80555,45.477,1.611,-1,400.000,-1,400.000,-1,325.000,325.000,300.000,200.000,-1,-1,-1,950.000,750.000,825.000,-1,-1,2,0,2,0,2,0,0,0,1,2,2,2,1,0,0,2,2
45,-4800.017,-4262.149,-20.925,-33.781,0.830995,0.555897,0.020632,-0.556170,0.830996,0.011004,-0.011028,-0.020620,0.999727,0,0.74685,0.80689,44.811,1.614,-1,375.000,-1,400.000,-1,325.000,325.000,300.000,225.000,-1,-1,-1,525.000,725.000,825.000,-1,-1,2,0,2,0,2,0,0,0,1,2,2,2,1,0,0,2,2
46,-4762.611,-4285.669,-19.586,-32.163,0.846189,0.532153,0.027885,-0.532624,0.846250,0.013151,-0.016599,-0.025980,0.999525,0,0.73644,0.80873,44.186,1.617,-1,375.000,-1,400.000,-1,325.000,325.000,300.000,250.000,-1,-1,-1,425.000,700.000,800.000,-1,-1,2,0,2,0,2,0,0,0,1,2,2,2,1,0,0,2,2
47,-4725.049,-4307.829,-18.936,-30.541,0.860792,0.507945,0.032091,-0.508556,0.860905,0.014602,-0.020210,-0.028890,0.999378,0,0.72686,0.81103,43.611,1.622,-1,375.000,-1,400.000,-1,300.000,325.000,300.000,300.000,-1,-1,-1,400.000,675.000,800.000,-1,-1,2,0,2,0,2,0,0,0,1,2,2,2,1,0,0,2,2
48,-4687.329,-4328.663,-18.948,-28.914,0.874826,0.483282,0.033440,-0.483940,0.874970,0.015154,-0.021935,-0.029440,0.999326,0,0.71819,0.81374,43.091,1.627,-1,375.000,-1,400.000,-1,300.000,325.000,300.000,350.000,-1,-1,-1,375.000,675.000,800.000,-1,-1,2,0,2,0,2,0,0,0,1,2,2,2,1,0,0,2,2
49,-4649.442,-4348.202,-19.562,-27.280,0.888292,0.458165,0.031965,-0.458764,0.888439,0.014545,-0.021735,-0.027585,0.999383,0,0.71049,0.81683,42.629,1.634,-1,375.000,-1,400.000,-1,300.000,325.000,300.000,350.000,-1,-1,-1,350.000,675.000,800.000,-1,-1,2,0,2,0,2,0,0,0,0,2,2,2,1,0,0,2,2
50,-4611.374,-4366.476,-20.776,-25.639,0.901158,0.432587,0.027981,-0.433040,0.901286,0.012639,-0.019752,-0.023506,0.999529,0,0.70379,0.82029,42.227,1.641,-1,375.000,-1,400.000,-1,300.000,325.000,300.000,325.000,-1,-1,-1,350.000,700.000,800.000,-1,-1,2,0,2,0,2,0,0,0,0,2,2,2,1,0,0,2,2
51,-4573.108,-4383.508,-22.585,-23.991,0.913375,0.406536,0.021787,-0.406801,0.913469,0.009316,-0.016115,-0.017372,0.999719,0,0.69808,0.82406,41.885,1.648,-1,375.000,-1,400.000,-1,325.000,325.000,300.000,325.000,-1,-1,-1,350.000,700.000,800.000,-1,-1,2,0,2,0,2,0,0,0,0,2,2,2,1,0,0,2,2
52,-4534.628,-4399.319,-24.955,-22.335,0.924885,0.380005,0.013543,-0.380092,0.924938,0.004407,-0.010852,-0.009223,0.999899,0,0.69337,0.82814,41.602,1.656,-1,400.000,-1,400.000,-1,325.000,325.000,300.000,300.000,-1,-1,-1,325.000,750.000,800.000,-1,-1,2,0,2,0,2,0,0,0,0,2,2,2,1,0,0,2,2
53,-4495.915,-4413.924,-25.612,-20.670,0.935548,0.352976,0.012562,-0.353039,0.935603,0.003185,-0.010629,-0.007415,0.999916,0,0.68961,0.83249,41.376,1.665,-1,400.000,-1,400.000,-1,325.000,325.000,300.000,300.000,-1,-1,-1,350.000,750.000,800.000,-1,-1,2,0,2,0,2,0,0,0,0,2,2,2,1,0,0,2,2
54,-4456.954,-4427.337,-26.016,-18.996,0.945463,0.325492,0.012457,-0.325548,0.945522,0.002669,-0.010909,-0.006578,0.999919,0,0.68676,0.83710,41.206,1.674,-1,400.000,-1,400.000,-1,325.000,325.000,300.000,300.000,-1,-1,-1,400.000,725.000,800.000,-1,-1,2,0,2,0,2,0,0,0,0,2,2,2,1,0,0,2,2
55,-4417.728,-4439.563,-26.419,-17.312,0.954621,0.297569,0.012312,-0.297617,0.954683,0.002222,-0.011092,-0.005786,0.999922,0,0.68478,0.84193,41.087,1.684,-1,400.000,-1,400.000,-1,325.000,325.000,300.000,300.000,-1,-1,-1,425.000,725.000,800.000,-1,-1,2,0,2,0,2,0,0,0,0,2,2,2,1,0,0,2,2
56,-4378.226,-4450.606,-26.838,-15.618,0.963002,0.269219,0.012154,-0.269259,0.963066,0.001763,-0.011230,-0.004971,0.999925,0,0.68362,0.84699,41.017,1.694,-1,400.000,-1,400.000,-1,325.000,325.000,300.000,300.000,-1,-1,-1,475.000,725.000,800.000,-1,-1,2,0,2,0,2,0,0,0,0,2,2,2,1,0,0,2,2
57,-4338.435,-4460.463,-27.272,-13.914,0.970586,0.240455,0.011983,-0.240487,0.970652,0.001292,-0.011321,-0.004135,0.999927,0,0.68322,0.85224,40.993,1.704,-1,400.000,-1,400.000,-1,325.000,325.000,300.000,300.000,-1,-1,450.000,500.000,725.000,800.000,-1,-1,2,0,2,0,2,0,0,0,0,2,2,1,1,0,0,2,2
58,-4298.349,-4469.129,-27.718,-12.198,0.977352,0.211292,0.011799,-0.211316,0.977417,0.000807,-0.011362,-0.003282,0.999930,0,0.68354,0.85768,41.012,1.715,-1,400.000,-1,400.000,-1,325.000,325.000,300.000,300.000,-1,-1,425.000,550.000,725.000,775.000,-1,-1,2,0,2,0,2,0,0,0,0,2,2,1,1,0,0,2,2
59,-4257.962,-4476.593,-28.176,-10.472,0.983277,0.181747,0.011601,-0.181762,0.983342,0.000309,-0.011352,-0.002413,0.999933,0,0.68452,0.86330,41.071,1.727,-1,400.000,-1,400.000,-1,325.000,325.000,300.000,300.000,-1,-1,450.000,625.000,725.000,775.000,-1,-1,2,0,2,0,2,0,0,0,0,2,2,1,1,0,0,2,2
60,-4217.273,-4482.844,-28.644,-8.733,0.988340,0.151837,0.011390,-0.151844,0.988404,-0.000202,-0.011289,-0.001530,0.999935,0,0.68610,0.86908,41.166,1.738,-1,375.000,-1,400.000,-1,325.000,325.000,300.000,300.000,-1,-1,450.000,675.000,725.000,775.000,-1,-1,2,0,2,0,2,0,0,0,0,2,2,1,1,0,0,2,2
61,-4173.365,-4488.418,-29.165,-7.235,0.991975,0.125943,0.011161,-0.125943,0.992037,-0.000731,-0.011164,-0.000680,0.999937,0,0.73768,0.74908,44.261,1.498,-1,375.000,-1,400.000,-1,325.000,325.000,300.000,300.000,-1,-1,500.000,750.000,725.000,775.000,-1,-1,2,0,2,0,2,0,0,0,0,2,2,1,1,0,0,2,2
62,-4129.159,-4493.047,-29.701,-5.977,0.994504,0.104131,0.010924,-0.104123,0.994564,-0.001252,-0.010995,0.000108,0.999940,0,0.74079,0.62908,44.447,1.258,-1,375.000,-1,400.000,-1,325.000,325.000,300.000,300.000,-1,725.000,525.000,825.000,725.000,775.000,-1,-1,2,0,2,0,2,0,0,0,0,2,1,1,1,0,0,2,2
63,-4084.657,-4496.908,-30.247,-4.959,0.996200,0.086442,0.010666,-0.086428,0.996257,-0.001774,-0.010780,0.000845,0.999942,0,0.74449,0.50908,44.669,1.018,-1,375.000,-1,400.000,-1,325.000,325.000,300.000,300.000,-1,675.000,575.000,900.000,725.000,775.000,-1,-1,2,0,2,0,2,0,0,0,0,2,1,1,1,0,0,2,2
64,-4039.857,-4500.183,-30.801,-4.181,0.997285,0.072904,0.010390,-0.072883,0.997338,-0.002296,-0.010529,0.001532,0.999943,0,0.74866,0.38908,44.919,0.778,-1,375.000,-1,400.000,-1,325.000,325.000,300.000,300.000,-1,700.000,600.000,975.000,700.000,750.000,-1,-1,2,0,2,0,2,0,0,0,0,2,1,1,1,0,0,2,2
65,-3994.756,-4503.054,-31.364,-3.643,0.997929,0.063533,0.010095,-0.063507,0.997977,-0.002816,-0.010253,0.002169,0.999945,0,0.75321,0.26908,45.193,0.538,-1,375.000,-1,400.000,-1,325.000,325.000,300.000,300.000,-1,725.000,650.000,-1,700.000,750.000,-1,-1,2,0,2,0,2,0,0,0,0,2,1,1,2,0,0,2,2
66,-3949.349,-4505.708,-31.922,-3.344,0.998249,0.058339,0.009822,-0.058308,0.998293,-0.003392,-0.010003,0.002813,0.999946,0,0.75807,0.14908,45.484,0.298,-1,375.000,-1,400.000,-1,325.000,325.000,300.000,300.000,-1,750.000,700.000,-1,700.000,750.000,-1,-1,2,0,2,0,2,0,0,0,0,2,1,1,2,0,0,2,2
67,-3903.634,-4508.332,-32.272,-3.286,0.998312,0.057325,0.009317,-0.057287,0.998348,-0.004325,-0.009549,0.003784,0.999947,0,0.76317,0.02908,45.790,0.058,-1,375.000,-1,400.000,-1,325.000,325.000,300.000,300.000,-1,800.000,725.000,-1,700.000,750.000,-1,-1,2,0,2,0,2,0,0,0,0,2,1,1,2,0,0,2,2
68,-3857.610,-4511.122,-32.532,-3.468,0.998131,0.060493,0.008667,-0.060452,0.998159,-0.004940,-0.008950,0.004407,0.999950,0,0.76848,-0.09092,46.109,-0.182,-1,375.000,-1,400.000,-1,325.000,325.000,300.000,300.000,-1,850.000,775.000,-1,700.000,750.000,-1,-1,2,0,2,0,2,0,0,0,0,2,1,1,2,0,0,2,2
69,-3811.281,-4514.272,-32.806,-3.890,0.997664,0.067840,0.008023,-0.067797,0.997684,-0.005549,-0.008381,0.004992,0.999952,0,0.77393,-0.21092,46.436,-0.422,-1,375.000,-1,400.000,-1,325.000,325.000,300.000,300.000,-1,900.000,825.000,-1,700.000,750.000,-1,-1,2,0,2,0,2,0,0,0,0,2,1,1,2,0,0,2,2
70,-3764.658,-4517.984,-33.097,-4.552,0.996819,0.079360,0.007394,-0.079315,0.996831,-0.006138,-0.007858,0.005532,0.999954,0,0.77951,-0.33092,46.770,-0.662,-1,375.000,-1,400.000,-1,325.000,325.000,325.000,300.000,-1,950.000,875.000,-1,700.000,750.000,-1,-1,2,0,2,0,2,0,0,0,0,2,1,1,2,0,0,2,2
71,-3717.761,-4522.461,-33.403,-5.454,0.995450,0.095040,0.006771,-0.094994,0.995455,-0.006716,-0.007378,0.006042,0.999955,0,0.78517,-0.45092,47.110,-0.902,-1,375.000,-1,400.000,-1,325.000,325.000,325.000,300.000,-1,-1,925.000,-1,700.000,775.000,-1,-1,2,0,2,0,2,0,0,0,0,2,2,1,2,0,0,2,2
72,-3670.606,-4527.781,-33.724,-6.436,0.993679,0.112093,0.006161,-0.112048,0.993676,-0.007280,-0.006938,0.006543,0.999955,0,0.79090,-0.49122,47.454,-0.982,-1,375.000,-1,400.000,-1,325.000,325.000,325.000,325.000,-1,-1,975.000,-1,700.000,775.000,-1,-1,2,0,2,0,2,0,0,0,0,2,2,1,2,0,0,2,2
73,-3623.206,-4533.940,-34.058,-7.404,0.991647,0.128862,0.005569,-0.128817,0.991637,-0.007831,-0.006531,0.007048,0.999954,0,0.79664,-0.48394,47.798,-0.968,-1,375.000,-1,400.000,-1,325.000,325.000,300.000,325.000,-1,-1,-1,-1,700.000,775.000,-1,-1,2,0,2,0,2,0,0,0,0,2,2,2,2,0,0,2,2
74,-3577.243,-4540.508,-34.391,-8.132,0.989933,0.141449,0.005016,-0.141404,0.989917,-0.008361,-0.006148,0.007567,0.999952,0,0.77383,-0.36394,46.430,-0.728,-1,375.000,-1,400.000,-1,325.000,325.000,300.000,325.000,-1,-1,-1,-1,700.000,775.000,-1,-1,2,0,2,0,2,0,0,0,0,2,2,2,2,0,0,2,2
75,-3531.012,-4547.516,-34.731,-8.620,0.988695,0.149872,0.004479,-0.149828,0.988672,-0.008898,-0.005762,0.008127,0.999950,0,0.77932,-0.24394,46.759,-0.488,-1,375.000,-1,400.000,-1,325.000,325.000,300.000,325.000,-1,-1,-1,-1,700.000,775.000,-1,-1,2,0,2,0,2,0,0,0,0,2,2,2,2,0,0,2,2
76,-3484.486,-4554.775,-35.079,-8.868,0.988040,0.154147,0.003953,-0.154105,0.988009,-0.009450,-0.005363,0.008728,0.999948,0,0.78482,-0.12394,47.089,-0.248,-1,375.000,-1,400.000,-1,325.000,325.000,300.000,325.000,-1,-1,-1,-1,700.000,775.000,-1,-1,2,0,2,0,2,0,0,0,0,2,2,2,2,0,0,2,2
77,-3437.633,-4562.091,-35.432,-8.876,0.988021,0.154282,0.003433,-0.154241,0.987982,-0.010024,-0.004938,0.009374,0.999944,0,0.79034,-0.00394,47.420,-0.008,-1,375.000,-1,400.000,-1,325.000,325.000,300.000,325.000,-1,-1,-1,-1,700.000,775.000,-1,-1,2,0,2,0,2,0,0,0,0,2,2,2,2,0,0,2,2
78,-3390.420,-4569.268,-35.790,-8.643,0.988640,0.150277,0.002914,-0.150239,0.988593,-0.010625,-0.004478,0.010067,0.999939,0,0.79592,0.11606,47.755,0.232,-1,375.000,-1,400.000,-1,325.000,325.000,300.000,325.000,-1,-1,-1,-1,700.000,775.000,-1,-1,2,0,2,0,2,0,0,0,0,2,2,2,2,0,0,2,2
79,-3342.909,-4576.090,-36.149,-8.171,0.989846,0.142125,0.002394,-0.142090,0.989790,-0.011260,-0.003969,0.010806,0.999934,0,0.79998,0.23606,47.999,0.472,-1,375.000,-1,400.000,-1,325.000,325.000,300.000,325.000,-1,-1,-1,-1,700.000,775.000,-1,-1,2,0,2,0,2,0,0,0,0,2,2,2,2,0,0,2,2
80,-3295.318,-4582.328,-36.417,-7.468,0.991518,0.129957,0.001890,-0.129925,0.991448,-0.012292,-0.003471,0.011943,0.999923,0,0.79998,0.35183,47.999,0.704,-1,375.000,-1,400.000,-1,325.000,325.000,300.000,325.000,-1,-1,-1,-1,700.000,775.000,-1,-1,2,0,2,0,2,0,0,0,0,2,2,2,2,0,0,2,2
81,-3247.653,-4587.981,-36.549,-6.764,0.993040,0.117770,0.001294,-0.117741,0.992950,-0.013663,-0.002894,0.013416,0.999906,0,0.79998,0.35183,47.999,0.704,-1,375.000,-1,400.000,-1,325.000,325.000,300.000,300.000,-1,-1,-1,-1,700.000,775.000,-1,-1,2,0,2,0,2,0,0,0,0,2,2,2,2,0,0,2,2
82,-3199.923,-4593.048,-36.487,-6.060,0.994412,0.105566,0.000685,-0.105545,0.994311,-0.014327,-0.002194,0.014175,0.999897,0,0.79998,0.35183,47.999,0.704,-1,375.000,-1,400.000,-1,325.000,325.000,300.000,325.000,-1,-1,-1,-1,700.000,775.000,-1,-1,2,0,2,0,2,0,0,0,0,2,2,2,2,0,0,2,2
83,-3147.376,-4598.197,-36.420,-5.597,0.995234,0.097515,-0.000008,-0.097504,0.995121,-0.015072,-0.001461,0.015001,0.999886,0,0.87998,0.23183,52.799,0.464,-1,375.000,-1,400.000,-1,325.000,325.000,300.000,325.000,-1,-1,-1,-1,700.000,775.000,-1,-1,2,0,2,0,2,0,0,0,0,2,2,2,2,0,0,2,2
84,-3094.300,-4603.189,-36.360,-5.373,0.995607,0.093628,-0.000714,-0.093628,0.995481,-0.015847,-0.000773,0.015844,0.999874,0,0.88851,0.11183,53.311,0.224,-1,375.000,-1,400.000,-1,325.000,325.000,300.000,325.000,-1,-1,-1,-1,725.000,775.000,-1,-1,2,0,2,0,2,0,0,0,0,2,2,2,2,0,0,2,2
85,-3041.225,-4608.196,-36.312,-5.389,0.995580,0.093911,-0.001419,-0.093922,0.995441,-0.016633,-0.000149,0.016692,0.999861,0,0.88851,-0.00817,53.311,-0.016,-1,375.000,-1,400.000,-1,325.000,325.000,300.000,325.000,-1,-1,-1,-1,725.000,775.000,-1,-1,2,0,2,0,2,0,0,0,0,2,2,2,2,0,0,2,2
86,-2988.172,-4613.440,-36.279,-5.646,0.995148,0.098362,-0.002120,-0.098384,0.994996,-0.017420,0.000396,0.017544,0.999846,0,0.88851,-0.12817,53.311,-0.256,-1,375.000,-1,400.000,-1,325.000,325.000,300.000,325.000,-1,-1,-1,-1,725.000,775.000,-1,-1,2,0,2,0,2,0,0,0,0,2,2,2,2,0,0,2,2
87,-2935.168,-4619.144,-36.268,-6.142,0.994258,0.106976,-0.002812,-0.107010,0.994091,-0.018198,0.000848,0.018395,0.999830,0,0.88851,-0.24817,53.311,-0.496,-1,375.000,-1,400.000,-1,325.000,325.000,300.000,325.000,-1,-1,-1,-1,725.000,800.000,-1,-1,2,0,2,0,2,0,0,0,0,2,2,2,2,0,0,2,2
88,-2882.241,-4625.529,-36.283,-6.878,0.992799,0.119741,-0.003487,-0.119786,0.992619,-0.018958,0.001191,0.019239,0.999814,0,0.88851,-0.36817,53.311,-0.736,-1,375.000,-1,400.000,-1,325.000,325.000,300.000,325.000,-1,-1,-1,-1,725.000,800.000,-1,-1,2,0,2,0,2,0,0,0,0,2,2,2,2,0,0,2,2
89,-2829.430,-4632.814,-36.334,-7.855,0.990613,0.136635,-0.004136,-0.136691,0.990418,-0.019695,0.001406,0.020075,0.999797,0,0.88851,-0.48817,53.311,-0.976,-1,375.000,-1,400.000,-1,325.000,325.000,300.000,325.000,-1,-1,-1,-1,725.000,800.000,-1,-1,2,0,2,0,2,0,0,0,0,2,2,2,2,0,0,2,2
90,-2776.786,-4641.219,-36.480,-9.071,0.987488,0.157626,-0.004627,-0.157688,0.987274,-0.020621,0.001317,0.021093,0.999777,0,0.88851,-0.60817,53.311,-1.216,-1,375.000,-1,400.000,-1,325.000,325.000,300.000,325.000,-1,-1,-1,-1,725.000,800.000,-1,-1,2,0,2,0,2,0,0,0,0,2,2,2,2,0,0,2,2
91,-2724.372,-4650.959,-36.685,-10.527,0.983163,0.182662,-0.005070,-0.182730,0.982927,-0.021543,0.001049,0.022107,0.999755,0,0.88851,-0.72817,53.311,-1.456,-1,375.000,-1,400.000,-1,325.000,325.000,300.000,325.000,-1,-1,-1,-1,725.000,800.000,-1,-1,2,0,2,0,2,0,0,0,0,2,2,2,2,0,0,2,2
92,-2672.270,-4662.246,-36.898,-12.224,0.977326,0.211674,-0.005327,-0.211740,0.977062,-0.022728,0.000394,0.023341,0.999727,0,0.88851,-0.84817,53.311,-1.696,-1,375.000,-1,400.000,-1,325.000,325.000,300.000,325.000,-1,-1,-1,-1,750.000,800.000,-1,-1,2,0,2,0,2,0,0,0,0,2,2,2,2,0,0,2,2
93,-2620.579,-4675.287,-37.083,-14.160,0.969620,0.244557,-0.005378,-0.244615,0.969313,-0.024390,-0.000751,0.024965,0.999688,0,0.88851,-0.96817,53.311,-1.936,-1,400.000,-1,400.000,-1,325.000,325.000,300.000,300.000,-1,-1,-1,-1,750.000,800.000,-1,-1,2,0,2,0,2,0,0,0,0,2,2,2,2,0,0,2,2
94,-2569.375,-4690.125,-37.322,-16.160,0.960501,0.278226,-0.005395,-0.278270,0.960150,-0.026024,-0.002061,0.026498,0.999647,0,0.88851,-1.00000,53.311,-2.000,-1,400.000,-1,400.000,-1,325.000,325.000,300.000,300.000,-1,-1,-1,-1,750.000,800.000,-1,-1,2,0,2,0,2,0,0,0,0,2,2,2,2,0,0,2,2
95,-2518.719,-4706.740,-37.531,-18.160,0.950214,0.311556,-0.005102,-0.311576,0.949827,-0.027378,-0.003684,0.027605,0.999612,0,0.88851,-1.00000,53.311,-2.000,-1,400.000,-1,400.000,-1,325.000,325.000,300.000,300.000,-1,-1,-1,-1,750.000,800.000,-1,-1,2,0,2,0,2,0,0,0,0,2,2,2,2,0,0,2,2
96,-2468.674,-4725.113,-37.777,-20.160,0.938772,0.344506,-0.004887,-0.344500,0.938351,-0.028580,-0.005260,0.028514,0.999580,0,0.88851,-1.00000,53.311,-2.000,-1,400.000,-1,400.000,-1,325.000,325.000,300.000,300.000,-1,-1,-1,-1,750.000,800.000,-1,-1,2,0,2,0,2,0,0,0,0,2,2,2,2,0,0,2,2
97,-2419.301,-4745.222,-38.098,-22.160,0.926187,0.377035,-0.004690,-0.377001,0.925734,-0.029781,-0.006887,0.029351,0.999545,0,0.88851,-1.00000,53.311,-2.000,-1,400.000,-1,400.000,-1,325.000,325.000,300.000,300.000,-1,-1,-1,-1,750.000,800.000,-1,-1,2,0,2,0,2,0,0,0,0,2,2,2,2,0,0,2,2
98,-2370.660,-4767.041,-38.497,-24.160,0.912477,0.409103,-0.004514,-0.409039,0.911991,-0.030973,-0.008555,0.030109,0.999510,0,0.88851,-1.00000,53.311,-2.000,-1,400.000,-1,400.000,-1,325.000,325.000,300.000,300.000,-1,-1,-1,-1,750.000,800.000,-1,-1,2,0,2,0,2,0,0,0,0,2,2,2,2,0,0,2,2
99,-2322.810,-4790.545,-38.977,-26.160,0.897657,0.440673,-0.004361,-0.440575,0.897140,-0.032152,-0.010256,0.030783,0.999473,0,0.88851,-1.00000,53.311,-2.000,-1,375.000,-1,400.000,-1,325.000,325.000,300.000,300.000,-1,-1,-1,-1,750.000,800.000,-1,-1,2,0,2,0,2,0,0,0,0,2,2,2,2,0,0,2,2
100,-2275.809,-4815.704,-39.540,-28.160,0.881746,0.471706,-0.004234,-0.471573,0.881198,-0.033312,-0.011982,0.031369,0.999436,0,0.88851,-1.00000,53.311,-2.000,-1,400.000,-1,400.000,-1,325.000,325.000,300.000,300.000,-1,-1,-1,-1,750.000,800.000,-1,-1,2,0,2,0,2,0,0,0,0,2,2,2,2,0,0,2,2
101,-2229.715,-4842.489,-40.188,-30.160,0.864763,0.502164,-0.004134,-0.501993,0.864185,-0.034446,-0.013725,0.031863,0.999398,0,0.88851,-1.00000,53.311,-2.000,-1,400.000,-1,400.000,-1,325.000,325.000,300.000,300.000,-1,-1,-1,-1,750.000,800.000,-1,-1,2,0,2,0,2,0,0,0,0,2,2,2,2,0,0,2,2
102,-2184.584,-4870.865,-40.922,-32.160,0.846728,0.532011,-0.004062,-0.531801,0.846123,-0.035549,-0.015476,0.032260,0.999360,0,0.88851,-1.00000,53.311,-2.000,-1,400.000,-1,400.000,-1,325.000,325.000,300.000,300.000,-1,-1,-1,-1,750.000,775.000,-1,-1,2,0,2,0,2,0,0,0,0,2,2,2,2,0,0,2,2
103,-2140.471,-4900.800,-41.754,-34.160,0.827664,0.561209,-0.004093,-0.560960,0.827030,-0.036675,-0.017198,0.032651,0.999319,0,0.88851,-1.00000,53.311,-2.000,-1,400.000,-1,400.000,-1,325.000,325.000,300.000,300.000,-1,-1,-1,-1,750.000,775.000,-1,-1,2,0,2,0,2,0,0,0,0,2,2,2,2,0,0,2,2
104,-2097.429,-4932.256,-42.720,-36.160,0.807596,0.589720,-0.004391,-0.589437,0.806927,-0.037853,-0.018780,0.033158,0.999274,0,0.88851,-1.00000,53.311,-2.000,-1,400.000,-1,400.000,-1,325.000,325.000,300.000,300.000,-1,-1,-1,-1,750.000,775.000,-1,-1,2,0,2,0,2,0,0,0,0,2,2,2,2,0,0,2,2
105,-2055.512,-4965.195,-43.870,-38.160,0.786543,0.617521,-0.004269,-0.617190,0.785853,-0.038880,-0.020654,0.033216,0.999235,0,0.88851,-1.00000,53.311,-2.000,-1,400.000,-1,400.000,-1,325.000,325.000,300.000,300.000,-1,-1,-1,-1,750.000,775.000,-1,-1,2,0,2,0,2,0,0,0,0,2,2,2,2,0,0,2,2
106,-2014.769,-4999.577,-45.129,-40.160,0.764532,0.644573,-0.004105,-0.644190,0.763825,-0.039878,-0.022569,0.033133,0.999196,0,0.88851,-1.00000,53.311,-2.000,-1,400.000,-1,400.000,-1,325.000,325.000,300.000,300.000,-1,-1,-1,-1,725.000,750.000,-1,-1,2,0,2,0,2,0,0,0,0,2,2,2,2,0,0,2,2
107,-1975.251,-5035.359,-46.447,-42.160,0.741593,0.670837,-0.004153,-0.670408,0.740865,-0.040892,-0.024356,0.033110,0.999155,0,0.88851,-1.00000,53.311,-2.000,-1,375.000,-1,400.000,-1,325.000,325.000,300.000,300.000,-1,-1,-1,-1,725.000,750.000,-1,-1,2,0,2,0,2,0,0,0,0,2,2,2,2,0,0,2,2
108,-1937.006,-5072.500,-47.825,-44.160,0.717753,0.696284,-0.004412,-0.695812,0.717001,-0.041900,-0.026010,0.033144,0.999112,0,0.88851,-1.00000,53.311,-2.000,-1,375.000,-1,400.000,-1,325.000,325.000,300.000,300.000,-1,-1,-1,-1,725.000,750.000,-1,-1,2,0,2,0,2,0,0,0,0,2,2,2,2,0,0,2,2
109,-1900.081,-5110.952,-49.262,-46.160,0.693042,0.720881,-0.004881,-0.720371,0.692262,-0.042877,-0.027531,0.033232,0.999068,0,0.88851,-1.00000,53.311,-2.000,-1,375.000,-1,400.000,-1,325.000,325.000,300.000,300.000,-1,-1,-1,-1,700.000,725.000,-1,-1,2,0,2,0,2,0,0,0,0,2,2,2,2,0,0,2,2
110,-1864.520,-5150.669,-50.708,-48.160,0.667487,0.744602,-0.005322,-0.744054,0.666683,-0.043790,-0.029058,0.033190,0.999027,0,0.88851,-1.00000,53.311,-2.000,-1,375.000,-1,400.000,-1,325.000,325.000,300.000,300.000,-1,-1,-1,-1,700.000,725.000,-1,-1,2,0,2,0,2,0,0,0,0,2,2,2,2,0,0,2,2
111,-1830.367,-5191.604,-52.161,-50.160,0.641117,0.767420,-0.005875,-0.766843,0.640295,-0.044439,-0.030342,0.032996,0.998995,0,0.88851,-1.00000,53.311,-2.000,-1,375.000,-1,400.000,-1,325.000,325.000,300.000,300.000,-1,-1,-1,-1,700.000,725.000,-1,-1,2,0,2,0,2,0,0,0,0,2,2,2,2,0,0,2,2
112,-1797.663,-5233.705,-53.628,-52.160,0.613964,0.789307,-0.006527,-0.788710,0.613129,-0.044837,-0.031388,0.032676,0.998973,0,0.88851,-1.00000,53.311,-2.000,-1,375.000,-1,400.000,-1,325.000,325.000,300.000,300.000,-1,-1,-1,-1,700.000,725.000,-1,-1,2,0,2,0,2,0,0,0,0,2,2,2,2,0,0,2,2
113,-1769.094,-5272.911,-55.005,-53.920,0.589450,0.807772,-0.007220,-0.807162,0.588602,-0.045125,-0.032201,0.032426,0.998955,0,0.80851,-0.88000,48.511,-1.760,-1,375.000,-1,400.000,-1,325.000,325.000,300.000,300.000,-1,-1,-1,-1,700.000,725.000,-1,-1,2,0,2,0,2,0,0,0,0,2,2,2,2,0,0,2,2
114,-1744.299,-5308.909,-56.278,-55.440,0.567832,0.823106,-0.007916,-0.822490,0.566971,-0.045321,-0.032816,0.032245,0.998941,0,0.72851,-0.76000,43.711,-1.520,-1,375.000,-1,375.000,-1,300.000,325.000,300.000,300.000,-1,-1,-1,-1,675.000,725.000,-1,-1,2,0,2,0,2,0,0,0,0,2,2,2,2,0,0,2,2
115,-1720.695,-5344.870,-57.586,-56.720,0.549316,0.835570,-0.008614,-0.834956,0.548446,-0.045330,-0.033152,0.032093,0.998935,0,0.71693,-0.64000,43.016,-1.280,-1,375.000,-1,375.000,-1,300.000,325.000,300.000,300.000,-1,-1,-1,-1,675.000,700.000,-1,-1,2,0,2,0,2,0,0,0,0,2,2,2,2,0,0,2,2
116,-1697.747,-5381.254,-58.995,-57.760,0.534062,0.845395,-0.009228,-0.844799,0.533195,-0.044927,-0.033061,0.031790,0.998948,0,0.71693,-0.52000,43.016,-1.040,-1,375.000,-1,375.000,-1,300.000,325.000,300.000,300.000,-1,-1,-1,-1,675.000,700.000,-1,-1,2,0,2,0,2,0,0,0,0,2,2,2,2,0,0,2,2
117,-1675.310,-5417.955,-60.409,-58.560,0.522210,0.852759,-0.009902,-0.852184,0.521340,-0.044565,-0.032840,0.031711,0.998957,0,0.71693,-0.40000,43.016,-0.800,-1,375.000,-1,375.000,-1,300.000,325.000,300.000,300.000,-1,-1,-1,-1,675.000,700.000,-1,-1,2,0,2,0,2,0,0,0,0,2,2,2,2,0,0,2,2
118,-1653.233,-5454.873,-61.792,-59.120,0.513860,0.857806,-0.010795,-0.857262,0.512976,-0.044248,-0.032419,0.031992,0.998962,0,0.71693,-0.28000,43.016,-0.560,-1,375.000,-1,375.000,-1,300.000,325.000,300.000,300.000,-1,-1,-1,-1,675.000,700.000,-1,-1,2,0,2,0,2,0,0,0,0,2,2,2,2,0,0,2,2
119,-1631.361,-5491.914,-63.142,-59.440,0.509074,0.860640,-0.011903,-0.860135,0.508167,-0.043979,-0.031802,0.032627,0.998962,0,0.71693,-0.16000,43.016,-0.320,-1,375.000,-1,375.000,-1,300.000,300.000,300.000,300.000,-1,-1,-1,-1,675.000,675.000,-1,-1,2,0,2,0,2,0,0,0,0,2,2,2,2,0,0,2,2
120,-1609.542,-5528.985,-64.486,-59.520,0.507887,0.861324,-0.013073,-0.860862,0.506950,-0.043787,-0.031087,0.033493,0.998955,0,0.71693,-0.04000,43.016,-0.080,-1,375.000,-1,375.000,-1,300.000,300.000,300.000,300.000,-1,-1,-1,-1,675.000,675.000,-1,-1,2,0,2,0,2,0,0,0,0,2,2,2,2,0,0,2,2
121,-1587.619,-5565.996,-65.766,-59.360,0.510300,0.859879,-0.014219,-0.859469,0.509338,-0.043444,-0.030114,0.034390,0.998955,0,0.71693,0.08000,43.016,0.160,-1,375.000,-1,375.000,-1,300.000,300.000,300.000,300.000,-1,-1,-1,-1,675.000,675.000,-1,-1,2,0,2,0,2,0,0,0,0,2,2,2,2,0,0,2,2
122,-1565.479,-5602.876,-66.892,-59.023,0.515346,0.856847,-0.015203,-0.856503,0.514384,-0.042560,-0.028647,0.034955,0.998978,0,0.71693,0.16875,43.016,0.337,-1,375.000,-1,375.000,-1,300.000,300.000,300.000,300.000,-1,-1,-1,-1,675.000,675.000,-1,-1,2,0,2,0,2,0,0,0,0,2,2,2,2,0,0,2,2
123,-1543.121,-5639.625,-67.985,-58.685,0.520373,0.853784,-0.016252,-0.853507,0.519411,-0.041675,-0.027140,0.035557,0.998999,0,0.71693,0.16875,43.016,0.337,-1,375.000,-1,375.000,-1,300.000,300.000,300.000,300.000,-1,-1,-1,-1,675.000,675.000,-1,-1,2,0,2,0,2,0,0,0,0,2,2,2,2,0,0,2,2
124,-1520.548,-5676.242,-69.046,-58.348,0.525380,0.850690,-0.017365,-0.850482,0.524419,-0.040790,-0.025593,0.036198,0.999017,0,0.71693,0.16875,43.016,0.337,-1,375.000,-1,375.000,-1,300.000,300.000,300.000,300.000,-1,-1,-1,-1,675.000,675.000,-1,-1,2,0,2,0,2,0,0,0,0,2,2,2,2,0,0,2,2
125,-1497.759,-5712.725,-70.074,-58.010,0.530367,0.847565,-0.018543,-0.847428,0.529408,-0.039906,-0.024007,0.036879,0.999031,0,0.71693,0.16875,43.016,0.337,-1,375.000,-1,375.000,-1,300.000,300.000,300.000,300.000,-1,-1,-1,-1,675.000,675.000,-1,-1,2,0,2,0,2,0,0,0,0,2,2,2,2,0,0,2,2
126,-1474.756,-5749.074,-71.002,-57.673,0.535332,0.844417,-0.019472,-0.844340,0.534382,-0.039061,-0.022578,0.037351,0.999047,0,0.71693,0.16875,43.016,0.337,-1,375.000,-1,375.000,-1,300.000,300.000,300.000,300.000,-1,-1,-1,-1,675.000,675.000,-1,-1,2,0,2,0,2,0,0,0,0,2,2,2,2,0,0,2,2
127,-1451.539,-5785.286,-71.888,-57.335,0.540276,0.841240,-0.020426,-0.841222,0.539337,-0.038219,-0.021135,0.037831,0.999061,0,0.71693,0.16875,43.016,0.337,-1,375.000,-1,375.000,-1,300.000,300.000,300.000,300.000,-1,-1,700.000,-1,675.000,675.000,-1,-1,2,0,2,0,2,0,0,0,0,2,2,0,2,0,0,2,2
128,-1428.109,-5821.361,-72.740,-56.998,0.545200,0.838032,-0.021444,-0.838076,0.544272,-0.037379,-0.019653,0.038351,0.999071,0,0.71693,0.16875,43.016,0.337,-1,375.000,-1,375.000,-1,300.000,300.000,325.000,300.000,-1,800.000,675.000,-1,700.000,675.000,-1,-1,2,0,2,0,2,0,0,0,0,2,0,0,2,0,0,2,2
129,-1404.467,-5857.298,-73.323,-56.660,0.550074,0.834821,-0.022181,-0.834934,0.549206,-0.035474,-0.017433,0.038033,0.999124,0,0.71693,0.16875,43.016,0.337,-1,375.000,-1,375.000,-1,300.000,300.000,300.000,300.000,-1,675.000,600.000,-1,700.000,675.000,-1,-1,2,0,2,0,2,0,0,0,0,2,0,0,2,0,0,2,2
130,-1380.614,-5893.094,-73.862,-56.323,0.554927,0.831582,-0.022970,-0.831761,0.554120,-0.033519,-0.015146,0.037706,0.999174,0,0.71693,0.16875,43.016,0.337,-1,375.000,-1,375.000,-1,300.000,300.000,300.000,300.000,-1,625.000,575.000,-1,700.000,675.000,-1,-1,2,0,2,0,2,0,0,0,0,2,0,0,2,0,0,2,2
131,-1354.032,-5932.840,-74.459,-56.225,0.556283,0.830647,-0.023964,-0.830894,0.555541,-0.031457,-0.012817,0.037411,0.999218,0,0.79693,0.04875,47.816,0.097,-1,375.000,-1,375.000,-1,300.000,300.000,300.000,300.000,-1,575.000,525.000,-1,700.000,700.000,-1,-1,2,0,2,0,2,0,0,0,0,2,0,0,2,0,0,2,2
132,-1324.890,-5976.649,-75.110,-56.368,0.554154,0.832033,-0.025191,-0.832348,0.553477,-0.029305,-0.010440,0.037208,0.999253,0,0.87693,-0.07125,52.616,-0.143,-1,375.000,-1,375.000,-1,300.000,300.000,300.000,300.000,-1,550.000,500.000,-1,725.000,700.000,-1,-1,2,0,2,0,2,0,0,0,0,2,0,0,2,0,0,2,2
133,-1293.997,-6023.767,-75.757,-56.750,0.548528,0.835705,-0.026702,-0.836091,0.547908,-0.027346,-0.008223,0.037325,0.999269,0,0.93905,-0.19125,56.343,-0.383,-1,375.000,-1,375.000,-1,325.000,300.000,300.000,300.000,-1,525.000,500.000,-1,725.000,700.000,-1,-1,2,0,2,0,2,0,0,0,0,2,0,0,2,0,0,2,2
134,-1263.619,-6071.219,-76.385,-57.373,0.539360,0.841598,-0.028346,-0.842052,0.538789,-0.025578,-0.006253,0.037665,0.999271,0,0.93905,-0.31125,56.343,-0.623,-1,375.000,-1,375.000,-1,325.000,325.000,300.000,300.000,-1,525.000,475.000,-1,750.000,700.000,-1,-1,2,0,2,0,2,0,0,0,0,2,0,0,2,0,0,2,2
135,-1233.958,-6119.122,-76.769,-58.235,0.526587,0.849621,-0.029158,-0.850106,0.526065,-0.023982,-0.005037,0.037415,0.999287,0,0.93905,-0.43125,56.343,-0.863,-1,400.000,-1,375.000,-1,325.000,325.000,300.000,300.000,-1,525.000,500.000,-1,750.000,725.000,-1,-1,2,0,2,0,2,0,0,0,0,2,0,0,2,0,0,2,2
136,-1205.037,-6167.477,-77.105,-59.116,0.513415,0.857616,-0.030006,-0.858132,0.512937,-0.022475,-0.003884,0.037288,0.999297,0,0.93905,-0.44064,56.343,-0.881,-1,400.000,-1,375.000,-1,325.000,325.000,300.000,300.000,-1,525.000,525.000,-1,775.000,725.000,-1,-1,2,0,2,0,2,0,0,0,0,2,0,0,2,0,0,2,2
137,-1176.864,-6216.270,-77.463,-59.998,0.500124,0.865408,-0.030733,-0.865949,0.499688,-0.021077,-0.002883,0.037154,0.999305,0,0.93905,-0.44064,56.343,-0.881,-1,400.000,-1,375.000,-1,325.000,325.000,300.000,300.000,-1,525.000,525.000,-1,775.000,725.000,-1,-1,2,0,2,0,2,0,0,0,0,2,0,0,2,0,0,2,2
