timestep,x_cm,y_cm,z_cm,yaw_deg,basis_xx,basis_xy,basis_xz,basis_yx,basis_yy,basis_yz,basis_zx,basis_zy,basis_zz,teleport_flag,throttle_cmd,steering_cmd,cmd_move_cm,cmd_turn_deg,lidar_cm_0,lidar_cm_1,lidar_cm_2,lidar_cm_3,lidar_cm_4,lidar_cm_5,lidar_cm_6,lidar_cm_7,lidar_cm_8,lidar_cm_9,lidar_cm_10,lidar_cm_11,lidar_cm_12,lidar_cm_13,lidar_cm_14,lidar_cm_15,lidar_cm_16,lidar_class_0,lidar_class_1,lidar_class_2,lidar_class_3,lidar_class_4,lidar_class_5,lidar_class_6,lidar_class_7,lidar_class_8,lidar_class_9,lidar_class_10,lidar_class_11,lidar_class_12,lidar_class_13,lidar_class_14,lidar_class_15,lidar_class_16
0,6234.218,-1635.972,-182.235,53.026,0.596206,-0.795886,0.105380,0.800607,0.599175,-0.004284,-0.059731,0.086922,0.994423,1,0.08000,0.12000,4.800,0.240,-1,375.000,-1,300.000,375.000,300.000,275.000,350.000,250.000,800.000,-1,-1,-1,675.000,500.000,-1,450.000,2,0,2,0,0,0,0,1,0,1,2,2,2,0,0,2,0
1,6239.928,-1628.255,-182.452,53.506,0.589570,-0.800948,0.104355,0.805536,0.592539,-0.003138,-0.059321,0.085912,0.994535,0,0.16000,0.24000,9.600,0.480,-1,375.000,-1,300.000,375.000,300.000,275.000,350.000,250.000,800.000,-1,-1,-1,675.000,500.000,-1,450.000,2,0,2,0,0,0,0,1,0,1,2,2,2,0,0,2,0
2,6248.347,-1616.573,-182.770,54.226,0.579540,-0.808433,0.102810,0.812829,0.582501,-0.001494,-0.058679,0.084433,0.994700,0,0.24000,0.36000,14.400,0.720,-1,375.000,-1,300.000,400.000,300.000,275.000,350.000,250.000,800.000,-1,-1,-1,675.000,500.000,-1,450.000,2,0,2,0,0,0,0,1,0,1,2,2,2,0,0,2,0
3,6259.309,-1600.811,-183.183,55.186,0.566026,-0.818210,0.100730,0.822361,0.568966,0.000561,-0.057771,0.082519,0.994914,0,0.32000,0.48000,19.200,0.960,-1,375.000,-1,300.000,400.000,300.000,275.000,350.000,250.000,800.000,-1,-1,-1,675.000,500.000,-1,475.000,2,0,2,0,0,0,0,1,0,1,2,2,2,0,0,2,0
4,6272.596,-1580.825,-183.683,56.386,0.548912,-0.830103,0.098103,0.833965,0.551810,0.002918,-0.056557,0.080212,0.995172,0,0.40000,0.60000,24.000,1.200,-1,375.000,-1,300.000,400.000,300.000,275.000,350.000,250.000,800.000,-1,-1,-1,675.000,500.000,-1,475.000,2,0,2,0,0,0,0,1,0,1,2,2,2,0,0,2,0
5,6287.993,-1556.488,-184.211,57.684,0.530138,-0.842555,0.095157,0.846122,0.532964,0.005154,-0.055058,0.077782,0.995449,0,0.48000,0.64911,28.800,1.298,-1,375.000,-1,325.000,425.000,300.000,275.000,350.000,250.000,800.000,-1,-1,-1,675.000,525.000,-1,500.000,2,0,2,0,0,0,0,1,0,1,2,2,2,0,0,2,0
6,6304.577,-1528.916,-184.706,58.977,0.511196,-0.854512,0.092128,0.857814,0.513914,0.006892,-0.053235,0.075505,0.995723,0,0.53627,0.64624,32.176,1.292,-1,375.000,-1,325.000,450.000,300.000,275.000,375.000,250.000,825.000,-1,-1,-1,675.000,525.000,-1,525.000,2,0,2,0,0,0,0,1,0,1,2,2,2,0,0,2,0
7,6320.535,-1500.984,-185.225,60.263,0.492095,-0.865982,0.088984,0.869026,0.494694,0.008449,-0.051337,0.073172,0.995997,0,0.53615,0.64299,32.169,1.286,-1,375.000,-1,325.000,450.000,300.000,275.000,375.000,250.000,825.000,-1,-1,-1,675.000,525.000,-1,550.000,2,0,2,0,0,0,0,1,0,1,2,2,2,0,0,2,0
8,6335.870,-1472.697,-186.383,61.542,0.473123,-0.877116,0.082594,0.879721,0.475401,0.009265,-0.047392,0.068276,0.996540,0,0.53629,0.63969,32.177,1.279,-1,375.000,-1,325.000,500.000,300.000,275.000,375.000,250.000,800.000,-1,-1,-1,675.000,525.000,-1,600.000,2,0,2,0,0,0,0,1,0,1,2,2,2,0,0,2,0
9,6350.583,-1444.057,-187.708,62.815,0.454045,-0.887782,0.075408,0.889945,0.455967,0.009606,-0.042911,0.062748,0.997106,0,0.53665,0.63635,32.199,1.273,-1,375.000,-1,325.000,550.000,300.000,275.000,350.000,250.000,750.000,-1,-1,-1,700.000,550.000,-1,675.000,2,0,2,0,0,0,0,1,0,1,2,2,2,0,0,2,0
10,6364.674,-1415.068,-188.966,64.081,0.434773,-0.897922,0.068621,0.899711,0.436380,0.009681,-0.038638,0.057530,0.997596,0,0.53723,0.63298,32.234,1.266,-1,375.000,-1,325.000,625.000,300.000,300.000,350.000,275.000,500.000,-1,-1,-1,700.000,575.000,-1,750.000,2,0,2,0,0,0,0,1,0,1,2,2,2,0,0,2,0
11,6378.144,-1385.735,-190.156,65.340,0.415329,-0.907540,0.062243,0.909014,0.416656,0.009512,-0.034566,0.052629,0.998016,0,0.53798,0.62956,32.279,1.259,-1,375.000,-1,350.000,700.000,300.000,300.000,350.000,275.000,425.000,-1,-1,-1,700.000,575.000,-1,850.000,2,0,2,0,0,0,0,1,0,1,2,2,2,0,0,2,0
12,6390.991,-1356.063,-191.273,66.592,0.395732,-0.916640,0.056287,0.917853,0.396815,0.009109,-0.030685,0.048059,0.998373,0,0.53890,0.62611,32.334,1.252,-1,375.000,-1,350.000,800.000,300.000,300.000,350.000,275.000,425.000,-1,-1,-1,700.000,600.000,-1,950.000,2,0,2,0,0,0,0,1,0,1,2,2,2,0,0,2,0
13,6403.214,-1326.060,-192.322,67.837,0.376002,-0.925228,0.050744,0.926225,0.376875,0.008525,-0.027012,0.043795,0.998675,0,0.53997,0.62263,32.398,1.245,-1,375.000,-1,350.000,900.000,300.000,300.000,350.000,275.000,425.000,-1,-1,-1,700.000,600.000,-1,-1,2,0,2,0,0,0,0,1,0,1,2,2,2,0,0,2,2
14,6414.812,-1295.731,-193.304,69.076,0.356160,-0.933311,0.045614,0.934128,0.356852,0.007789,-0.023547,0.039835,0.998929,0,0.54118,0.61912,32.471,1.238,-1,375.000,-1,350.000,-1,300.000,300.000,350.000,275.000,425.000,-1,-1,-1,725.000,625.000,-1,-1,2,0,2,0,2,0,0,1,0,1,2,2,2,0,0,2,2
15,6425.782,-1265.086,-194.217,70.307,0.336223,-0.940894,0.040895,0.941564,0.336764,0.006927,-0.020289,0.036176,0.999139,0,0.54250,0.61557,32.550,1.231,-1,375.000,-1,350.000,-1,300.000,300.000,325.000,275.000,450.000,-1,-1,-1,725.000,625.000,-1,-1,2,0,2,0,2,0,0,1,0,1,2,2,2,0,0,2,2
16,6436.121,-1234.131,-195.038,71.531,0.316210,-0.947986,0.036518,0.948531,0.316626,0.006065,-0.017312,0.032721,0.999315,0,0.54393,0.61200,32.636,1.224,-1,375.000,-1,350.000,-1,300.000,300.000,325.000,275.000,450.000,-1,-1,-1,725.000,650.000,-1,1000.000,2,0,2,0,2,0,0,1,0,1,2,2,2,0,0,2,1
17,6445.829,-1202.877,-195.765,72.748,0.296142,-0.954593,0.032441,0.955034,0.296453,0.005140,-0.014524,0.029461,0.999460,0,0.54547,0.60841,32.728,1.217,-1,375.000,-1,375.000,-1,300.000,300.000,325.000,275.000,450.000,-1,-1,-1,725.000,675.000,-1,1000.000,2,0,2,0,2,0,0,1,0,1,2,2,2,0,0,2,1
18,6454.901,-1171.330,-196.406,73.957,0.276035,-0.960720,0.028677,0.961074,0.276260,0.004131,-0.011891,0.026420,0.999580,0,0.54709,0.60479,32.825,1.210,-1,375.000,-1,375.000,-1,325.000,300.000,325.000,275.000,475.000,-1,-1,-1,725.000,675.000,-1,975.000,2,0,2,0,2,0,0,0,0,1,2,2,2,0,0,2,1
19,6464.686,-1135.000,-197.030,74.927,0.259833,-0.965329,0.025048,0.965609,0.259983,0.002878,-0.009290,0.023439,0.999682,0,0.62709,0.48479,37.625,0.970,-1,375.000,-1,375.000,-1,325.000,300.000,325.000,275.000,475.000,-1,-1,-1,725.000,675.000,-1,950.000,2,0,2,0,2,0,0,0,0,1,2,2,2,0,1,2,1
20,6475.142,-1093.883,-197.618,75.733,0.246302,-0.968952,0.021612,0.969170,0.246390,0.001483,-0.006762,0.020580,0.999765,0,0.70709,0.40309,42.425,0.806,-1,400.000,-1,375.000,975.000,325.000,300.000,325.000,300.000,500.000,-1,-1,-1,725.000,675.000,-1,925.000,2,0,2,0,1,0,0,0,0,1,2,2,2,0,1,2,1
21,6486.143,-1047.957,-198.161,76.529,0.232869,-0.972334,0.018392,0.972499,0.232909,0.000035,-0.004318,0.017878,0.999831,0,0.78709,0.39826,47.225,0.797,-1,400.000,-1,375.000,925.000,325.000,325.000,300.000,300.000,525.000,-1,-1,-1,750.000,675.000,-1,900.000,2,0,2,0,1,0,0,0,0,1,2,2,2,0,1,2,1
22,6497.191,-998.879,-198.621,77.315,0.219558,-0.975475,0.015580,0.975597,0.219564,-0.001359,-0.002095,0.015498,0.999878,0,0.83845,0.39281,50.307,0.786,-1,400.000,-1,375.000,875.000,325.000,325.000,300.000,300.000,550.000,-1,-1,-1,750.000,675.000,-1,875.000,2,0,2,0,1,0,0,0,0,1,2,2,2,0,1,2,1
23,6507.596,-949.550,-198.970,78.089,0.206392,-0.978379,0.013333,0.978469,0.206376,-0.002589,-0.000219,0.013580,0.999908,0,0.84023,0.38690,50.414,0.774,-1,400.000,-1,400.000,825.000,325.000,325.000,300.000,300.000,575.000,-1,-1,-1,750.000,675.000,-1,850.000,2,0,2,0,1,0,0,0,0,1,2,2,2,0,1,2,1
24,6517.369,-899.964,-199.213,78.851,0.193383,-0.981055,0.011616,0.981122,0.193353,-0.003643,0.001328,0.012101,0.999926,0,0.84234,0.38089,50.541,0.762,-1,400.000,-1,400.000,800.000,325.000,325.000,300.000,300.000,600.000,-1,-1,-1,750.000,675.000,-1,825.000,2,0,2,0,1,0,0,0,0,1,2,2,2,0,1,2,1
25,6526.519,-850.111,-199.355,79.600,0.180544,-0.983512,0.010394,0.983564,0.180505,-0.004513,0.002563,0.011038,0.999936,0,0.84475,0.37477,50.685,0.750,-1,400.000,-1,400.000,750.000,325.000,325.000,300.000,300.000,625.000,-1,-1,-1,750.000,650.000,-1,775.000,2,0,2,0,1,0,0,0,0,1,2,2,2,0,1,2,1
26,6535.053,-799.987,-199.401,80.337,0.167883,-0.985760,0.009633,0.985801,0.167839,-0.005193,0.003503,0.010368,0.999940,0,0.84743,0.36856,50.846,0.737,-1,400.000,-1,400.000,700.000,325.000,325.000,300.000,300.000,675.000,-1,-1,-1,750.000,650.000,-1,750.000,2,0,2,0,1,0,0,0,0,1,2,2,2,0,1,2,1
27,6542.980,-749.586,-199.357,81.062,0.155410,-0.987806,0.009299,0.987841,0.155362,-0.005679,0.004165,0.010069,0.999941,0,0.85035,0.36225,51.021,0.725,-1,400.000,-1,400.000,650.000,325.000,325.000,300.000,300.000,700.000,-1,-1,-1,750.000,650.000,-1,725.000,2,0,2,0,1,0,0,0,0,1,2,2,2,0,1,2,1
28,6550.308,-698.903,-199.204,81.773,0.143131,-0.989659,0.009462,0.989694,0.143080,-0.005908,0.004493,0.010210,0.999938,0,0.85349,0.35586,51.209,0.712,-1,400.000,-1,400.000,625.000,325.000,325.000,300.000,300.000,750.000,-1,-1,-1,750.000,650.000,-1,700.000,2,0,2,0,1,0,0,0,0,1,2,2,2,1,1,2,1
29,6557.043,-647.937,-199.004,82.472,0.131054,-0.991326,0.009836,0.991364,0.130999,-0.006028,0.004688,0.010541,0.999933,0,0.85683,0.34938,51.410,0.699,-1,400.000,-1,400.000,575.000,325.000,325.000,300.000,300.000,775.000,-1,-1,-1,725.000,650.000,-1,675.000,2,0,2,0,1,0,0,0,0,1,2,2,2,1,1,2,1
30,6563.960,-592.155,-198.714,82.931,0.123115,-0.992342,0.009998,0.992381,0.123058,-0.006121,0.004844,0.010675,0.999931,0,0.93683,0.22938,56.210,0.459,-1,400.000,-1,400.000,525.000,325.000,325.000,300.000,300.000,825.000,-1,-1,-1,725.000,625.000,-1,650.000,2,0,2,0,1,0,0,0,0,1,2,2,2,1,1,2,1
31,6571.065,-532.577,-198.356,83.200,0.118464,-0.992908,0.009987,0.992946,0.118405,-0.006281,0.005053,0.010661,0.999930,0,1.00000,0.13428,60.000,0.269,-1,400.000,-1,400.000,500.000,325.000,325.000,300.000,300.000,875.000,-1,-1,-1,700.000,625.000,-1,600.000,2,0,2,0,1,0,0,0,0,1,2,2,2,1,1,2,1
32,6577.907,-472.968,-197.997,83.452,0.114097,-0.993420,0.009977,0.993456,0.114036,-0.006452,0.005272,0.010648,0.999929,0,1.00000,0.12601,60.000,0.252,-1,400.000,-1,400.000,450.000,325.000,325.000,300.000,300.000,950.000,-1,-1,-1,675.000,600.000,-1,575.000,2,0,2,0,1,0,0,0,0,1,2,2,2,1,1,2,1
33,6584.191,-418.127,-197.667,83.464,0.113890,-0.993443,0.009972,0.993478,0.113828,-0.006616,0.005438,0.010660,0.999928,0,0.92000,0.00601,55.200,0.012,-1,400.000,1000.000,400.000,425.000,325.000,325.000,300.000,300.000,1000.000,-1,-1,-1,675.000,575.000,-1,550.000,2,0,1,0,1,0,0,0,0,1,2,2,2,1,1,2,1
34,6589.954,-368.058,-197.367,83.434,0.114402,-0.993385,0.009967,0.993419,0.114338,-0.006774,0.005590,0.010676,0.999927,0,0.84000,-0.01472,50.400,-0.029,-1,400.000,950.000,400.000,400.000,325.000,325.000,300.000,300.000,-1,-1,-1,-1,650.000,550.000,-1,500.000,2,1,1,0,1,0,0,0,0,2,2,2,2,1,1,2,1
35,6595.203,-322.761,-197.095,83.389,0.115181,-0.993295,0.009961,0.993328,0.115115,-0.006923,0.005730,0.010692,0.999926,0,0.76000,-0.02242,45.600,-0.045,-1,375.000,900.000,400.000,375.000,325.000,325.000,300.000,300.000,-1,-1,-1,-1,625.000,500.000,-1,475.000,2,1,1,0,1,0,0,0,0,2,2,2,2,1,1,2,1
36,6599.942,-282.237,-196.853,83.330,0.116211,-0.993175,0.009956,0.993207,0.116144,-0.007062,0.005857,0.010709,0.999926,0,0.68000,-0.02968,40.800,-0.059,-1,375.000,875.000,375.000,350.000,325.000,325.000,300.000,300.000,-1,-1,-1,-1,600.000,500.000,-1,450.000,2,1,1,1,1,1,0,0,1,2,2,2,2,1,1,2,1
37,6604.169,-246.486,-196.640,83.257,0.117475,-0.993026,0.009951,0.993058,0.117407,-0.007188,0.005969,0.010726,0.999925,0,0.60000,-0.03641,36.000,-0.073,-1,375.000,825.000,375.000,325.000,300.000,325.000,300.000,275.000,-1,-1,-1,-1,600.000,475.000,-1,425.000,2,1,1,1,1,1,1,0,1,2,2,2,2,1,1,2,1
38,6607.879,-215.507,-196.325,83.172,0.118951,-0.992856,0.009416,0.992879,0.118881,-0.007628,0.006454,0.010256,0.999927,0,0.52000,-0.04252,31.200,-0.085,-1,350.000,800.000,350.000,325.000,300.000,300.000,300.000,275.000,-1,-1,-1,-1,575.000,450.000,-1,400.000,2,1,1,1,1,1,1,0,1,2,2,2,2,1,1,2,1
39,6611.061,-189.300,-195.958,83.076,0.120613,-0.992663,0.008551,0.992674,0.120543,-0.008255,0.007163,0.009484,0.999929,0,0.44000,-0.04793,26.400,-0.096,-1,350.000,775.000,325.000,300.000,300.000,300.000,300.000,275.000,-1,-1,-1,-1,575.000,425.000,-1,375.000,2,1,1,1,1,1,1,0,1,2,2,2,2,1,1,2,1
40,6613.704,-167.862,-195.631,82.971,0.122434,-0.992447,0.007732,0.992446,0.122365,-0.008833,0.007820,0.008755,0.999931,0,0.36000,-0.05257,21.600,-0.105,-1,350.000,750.000,325.000,300.000,300.000,275.000,300.000,275.000,-1,-1,-1,-1,550.000,425.000,-1,350.000,2,1,1,1,1,1,1,0,1,2,2,2,2,1,1,2,1
41,6615.793,-151.192,-195.354,82.858,0.124386,-0.992209,0.007001,0.992198,0.124318,-0.009335,0.008392,0.008108,0.999932,0,0.28000,-0.05637,16.800,-0.113,-1,350.000,750.000,325.000,300.000,275.000,275.000,300.000,250.000,-1,-1,-1,-1,550.000,425.000,-1,350.000,2,1,1,1,1,1,1,0,1,2,2,2,2,1,1,2,1
42,6617.310,-139.289,-195.137,82.740,0.126438,-0.991954,0.006398,0.991935,0.126372,-0.009738,0.008852,0.007577,0.999932,0,0.20000,-0.05930,12.000,-0.119,-1,325.000,725.000,325.000,300.000,275.000,275.000,300.000,250.000,-1,-1,-1,-1,550.000,400.000,-1,325.000,2,1,1,1,1,1,1,0,1,2,2,2,2,1,1,2,1
43,6618.235,-132.148,-194.988,82.617,0.128559,-0.991684,0.005953,0.991659,0.128495,-0.010023,0.009175,0.007192,0.999932,0,0.12000,-0.06131,7.200,-0.123,-1,325.000,725.000,325.000,300.000,275.000,275.000,300.000,250.000,-1,-1,-1,-1,550.000,400.000,-1,325.000,2,1,1,1,1,1,1,0,1,2,2,2,2,1,1,2,1
44,6618.548,-129.769,-194.911,82.492,0.130717,-0.991403,0.005693,0.991376,0.130655,-0.010176,0.009345,0.006974,0.999932,0,0.04000,-0.06239,2.400,-0.125,-1,325.000,725.000,325.000,300.000,275.000,275.000,300.000,250.000,-1,-1,-1,-1,525.000,400.000,-1,325.000,2,1,1,1,1,1,1,0,1,2,2,2,2,1,1,2,1
45,6618.230,-132.148,-194.911,82.367,0.132880,-0.991116,0.005633,0.991088,0.132819,-0.010188,0.009350,0.006936,0.999932,0,-0.04000,-0.06253,-2.400,-0.125,-1,325.000,725.000,325.000,300.000,275.000,275.000,300.000,250.000,-1,-1,-1,-1,525.000,400.000,-1,325.000,2,1,1,1,1,1,1,0,1,2,2,2,2,1,1,2,1
46,6617.258,-139.282,-194.989,82.244,0.135016,-0.990827,0.005782,0.990801,0.134953,-0.010058,0.009185,0.007086,0.999933,0,-0.12000,-0.06172,-7.200,-0.123,-1,325.000,725.000,325.000,300.000,275.000,275.000,300.000,250.000,-1,-1,-1,-1,550.000,400.000,-1,325.000,2,1,1,1,1,1,1,0,1,2,2,2,2,1,1,2,1
47,6615.614,-151.168,-195.144,82.124,0.137091,-0.990539,0.006137,0.990519,0.137027,-0.009788,0.008855,0.007421,0.999933,0,-0.20000,-0.05998,-12.000,-0.120,-1,350.000,725.000,325.000,300.000,275.000,275.000,300.000,275.000,-1,-1,-1,-1,550.000,425.000,-1,350.000,2,1,1,1,1,1,1,0,1,2,2,2,2,1,1,2,1
48,6613.550,-165.866,-195.343,82.009,0.139074,-0.990260,0.006607,0.990246,0.139009,-0.009443,0.008433,0.007856,0.999934,0,-0.24737,-0.05733,-14.842,-0.115,-1,350.000,750.000,325.000,300.000,300.000,300.000,300.000,275.000,-1,-1,-1,-1,550.000,425.000,-1,350.000,2,1,1,1,1,1,1,0,1,2,2,2,2,1,1,2,1
49,6611.468,-180.501,-195.539,81.901,0.140947,-0.989992,0.007068,0.989985,0.140881,-0.009108,0.008021,0.008281,0.999934,0,-0.24637,-0.05419,-14.782,-0.108,-1,350.000,750.000,325.000,300.000,300.000,300.000,300.000,275.000,-1,-1,-1,-1,550.000,425.000,-1,375.000,2,1,1,1,1,1,1,0,1,2,2,2,2,1,1,2,1
50,6609.367,-195.078,-195.731,81.799,0.142714,-0.989735,0.007517,0.989735,0.142647,-0.008783,0.007621,0.008693,0.999933,0,-0.24546,-0.05111,-14.728,-0.102,-1,350.000,775.000,350.000,300.000,300.000,300.000,300.000,275.000,-1,-1,-1,-1,550.000,450.000,-1,375.000,2,1,1,1,1,1,1,0,1,2,2,2,2,1,1,2,1
51,6607.248,-209.603,-195.919,81.702,0.144376,-0.989491,0.007953,0.989497,0.144308,-0.008470,0.007233,0.009092,0.999933,0,-0.24464,-0.04811,-14.679,-0.096,-1,350.000,775.000,350.000,325.000,300.000,300.000,300.000,275.000,-1,-1,-1,-1,575.000,450.000,-1,400.000,2,1,1,1,1,1,1,0,1,2,2,2,2,1,1,2,1
52,6605.113,-224.081,-196.103,81.612,0.145935,-0.989259,0.008375,0.989270,0.145868,-0.008167,0.006858,0.009477,0.999932,0,-0.24391,-0.04517,-14.635,-0.090,-1,350.000,800.000,350.000,325.000,300.000,300.000,300.000,275.000,-1,-1,-1,-1,575.000,450.000,-1,400.000,2,1,1,1,1,1,1,0,1,2,2,2,2,1,1,2,1
53,6602.963,-238.518,-196.283,81.528,0.147395,-0.989039,0.008782,0.989056,0.147327,-0.007877,0.006497,0.009847,0.999930,0,-0.24327,-0.04229,-14.596,-0.085,-1,350.000,800.000,375.000,325.000,300.000,325.000,300.000,275.000,-1,-1,-1,-1,575.000,450.000,-1,400.000,2,1,1,1,1,1,1,0,1,2,2,2,2,1,1,2,1
54,6600.798,-252.918,-196.458,81.449,0.148757,-0.988831,0.009173,0.988855,0.148690,-0.007599,0.006150,0.010201,0.999929,0,-0.24270,-0.03948,-14.562,-0.079,-1,375.000,800.000,375.000,325.000,300.000,325.000,300.000,300.000,-1,-1,-1,-1,575.000,475.000,-1,425.000,2,1,1,1,1,1,1,0,1,2,2,2,2,1,1,2,1
55,6598.618,-267.287,-196.629,81.375,0.150023,-0.988636,0.009545,0.988665,0.149957,-0.007334,0.005819,0.010537,0.999928,0,-0.24222,-0.03673,-14.533,-0.073,-1,375.000,825.000,375.000,350.000,325.000,325.000,300.000,300.000,-1,-1,-1,-1,575.000,475.000,-1,425.000,2,1,1,1,1,1,1,0,1,2,2,2,2,1,1,2,1
56,6596.425,-281.628,-196.794,81.307,0.151196,-0.988454,0.009898,0.988488,0.151131,-0.007082,0.005504,0.010855,0.999926,0,-0.24180,-0.03403,-14.508,-0.068,-1,375.000,825.000,375.000,350.000,325.000,325.000,300.000,300.000,-1,-1,-1,-1,600.000,475.000,-1,425.000,2,1,1,1,1,1,0,0,1,2,2,2,2,1,1,2,1
57,6594.220,-295.947,-196.894,81.244,0.152279,-0.988287,0.009982,0.988323,0.152214,-0.006986,0.005385,0.010930,0.999926,0,-0.24147,-0.03140,-14.488,-0.063,-1,375.000,850.000,400.000,350.000,325.000,325.000,300.000,300.000,-1,-1,-1,-1,600.000,500.000,-1,450.000,2,1,1,1,1,0,0,0,0,2,2,2,2,1,1,2,1
58,6592.003,-310.248,-196.975,81.187,0.153272,-0.988134,0.009987,0.988170,0.153208,-0.006938,0.005325,0.010932,0.999926,0,-0.24120,-0.02882,-14.472,-0.058,-1,375.000,875.000,400.000,350.000,325.000,325.000,300.000,300.000,-1,-1,-1,-1,600.000,500.000,-1,450.000,2,1,1,1,1,0,0,0,0,2,2,2,2,1,1,2,1
59,6589.774,-324.535,-197.056,81.134,0.154178,-0.987993,0.009992,0.988029,0.154114,-0.006890,0.005267,0.010934,0.999926,0,-0.24099,-0.02629,-14.460,-0.053,-1,375.000,875.000,400.000,375.000,325.000,325.000,300.000,300.000,-1,-1,-1,-1,600.000,500.000,-1,450.000,2,1,1,1,1,0,0,0,0,2,2,2,2,1,1,2,1
60,6588.316,-334.084,-197.110,81.321,0.150945,-0.988492,0.009991,0.988528,0.150882,-0.006861,0.005274,0.010912,0.999927,0,-0.16099,0.09371,-9.660,0.187,-1,375.000,900.000,400.000,375.000,325.000,325.000,300.000,300.000,-1,-1,-1,-1,625.000,525.000,-1,475.000,2,1,1,1,1,0,0,0,0,2,2,2,2,1,1,2,1
61,6587.619,-338.893,-197.137,81.749,0.143567,-0.989590,0.009986,0.989626,0.143504,-0.006850,0.005346,0.010866,0.999927,0,-0.08099,0.21371,-4.860,0.427,-1,400.000,900.000,400.000,375.000,325.000,325.000,300.000,300.000,-1,-1,-1,-1,625.000,525.000,-1,475.000,2,1,1,0,1,0,0,0,0,2,2,2,2,1,1,2,1
62,6587.611,-338.953,-197.137,82.416,0.132031,-0.991195,0.009976,0.991230,0.131967,-0.006859,0.005482,0.010794,0.999927,0,-0.00099,0.33371,-0.060,0.667,-1,400.000,900.000,400.000,375.000,325.000,325.000,300.000,300.000,-1,-1,-1,-1,625.000,525.000,-1,475.000,2,1,1,0,1,0,0,0,0,2,2,2,2,1,1,2,1
63,6588.162,-334.244,-197.107,83.324,0.116318,-0.993162,0.009964,0.993196,0.116253,-0.006885,0.005680,0.010697,0.999927,0,0.07901,0.45371,4.740,0.907,-1,400.000,925.000,400.000,375.000,325.000,325.000,300.000,300.000,-1,-1,-1,-1,625.000,525.000,-1,500.000,2,1,1,0,1,0,0,0,0,2,2,2,2,1,1,2,1
64,6589.110,-324.751,-197.048,84.300,0.099386,-0.994999,0.009952,0.995031,0.099320,-0.006930,0.005907,0.010591,0.999926,0,0.15901,0.48796,9.540,0.976,-1,375.000,925.000,400.000,400.000,325.000,325.000,300.000,300.000,-1,-1,-1,-1,650.000,525.000,-1,500.000,2,1,1,1,1,0,0,0,0,2,2,2,2,1,1,2,1
65,6590.293,-310.460,-196.958,85.268,0.082562,-0.996536,0.009943,0.996567,0.082495,-0.006990,0.006146,0.010486,0.999926,0,0.23901,0.48405,14.340,0.968,-1,375.000,950.000,400.000,400.000,325.000,325.000,300.000,300.000,-1,-1,-1,-1,650.000,525.000,-1,475.000,2,1,1,1,1,0,0,0,1,2,2,2,2,1,1,2,1
66,6591.553,-291.361,-196.835,86.226,0.065879,-0.997778,0.009938,0.997807,0.065811,-0.007068,0.006398,0.010382,0.999926,0,0.31901,0.47931,19.140,0.959,-1,375.000,950.000,375.000,400.000,325.000,325.000,300.000,275.000,-1,-1,-1,-1,650.000,500.000,-1,475.000,2,1,1,1,1,1,0,0,1,2,2,2,2,1,1,2,1
67,6592.733,-267.449,-196.679,87.174,0.049374,-0.998731,0.009936,0.998758,0.049304,-0.007163,0.006664,0.010278,0.999925,0,0.39901,0.47370,23.940,0.947,-1,375.000,-1,375.000,375.000,325.000,325.000,300.000,275.000,-1,-1,-1,-1,650.000,500.000,-1,450.000,2,1,2,1,1,1,1,0,1,2,2,2,2,1,1,2,1
68,6593.682,-238.725,-196.488,88.108,0.033083,-0.999403,0.009940,0.999428,0.033012,-0.007274,0.006942,0.010175,0.999924,0,0.47901,0.46717,28.740,0.934,-1,375.000,-1,350.000,375.000,300.000,300.000,300.000,275.000,-1,-1,-1,-1,675.000,475.000,-1,450.000,2,1,2,1,1,1,1,0,1,2,2,2,2,1,1,2,1
69,6594.251,-205.189,-196.260,89.027,0.017045,-0.999805,0.009949,0.999829,0.016972,-0.007402,0.007232,0.010074,0.999923,0,0.55901,0.45968,33.540,0.919,-1,375.000,-1,325.000,375.000,300.000,300.000,300.000,250.000,-1,-1,-1,-1,675.000,450.000,-1,425.000,2,1,2,1,1,1,1,0,1,2,2,2,2,1,1,2,1
70,6594.298,-166.849,-195.996,89.930,0.001299,-0.999950,0.009965,0.999971,0.001224,-0.007546,0.007533,0.009974,0.999922,0,0.63901,0.45118,38.340,0.902,-1,350.000,-1,325.000,350.000,300.000,275.000,300.000,250.000,-1,-1,-1,-1,700.000,425.000,-1,400.000,2,1,2,1,1,1,1,0,1,2,2,2,2,1,1,2,1
71,6593.686,-123.713,-195.693,90.813,-0.014113,-0.999851,0.009987,0.999870,-0.014191,-0.007704,0.007844,0.009877,0.999920,0,0.71901,0.44164,43.140,0.883,-1,350.000,-1,300.000,325.000,275.000,275.000,300.000,250.000,-1,-1,-1,-1,725.000,400.000,-1,350.000,2,1,2,1,1,1,1,0,1,2,2,2,2,1,1,2,1
72,6592.285,-75.793,-195.351,91.675,-0.029153,-0.999525,0.010016,0.999542,-0.029232,-0.007874,0.008163,0.009782,0.999919,0,0.79901,0.43104,47.940,0.862,-1,350.000,-1,275.000,300.000,275.000,250.000,300.000,225.000,-1,-1,-1,-1,750.000,375.000,-1,325.000,2,1,2,1,1,1,1,0,1,2,2,2,2,1,1,2,1
73,6589.971,-23.103,-194.968,92.514,-0.043779,-0.998991,0.010053,0.999005,-0.043861,-0.008054,0.008486,0.009690,0.999917,0,0.87901,0.41938,52.740,0.839,-1,350.000,-1,250.000,250.000,275.000,250.000,300.000,225.000,-1,-1,-1,-1,775.000,350.000,-1,275.000,2,1,2,1,1,1,1,0,1,2,2,2,2,0,1,2,1
74,6586.620,34.340,-191.277,93.340,-0.058282,-0.998300,-0.000678,0.998135,-0.058260,-0.018246,0.018175,-0.001740,0.999833,0,0.95901,0.41301,57.540,0.826,-1,350.000,-1,250.000,250.000,275.000,250.000,300.000,225.000,-1,800.000,875.000,-1,825.000,350.000,-1,250.000,2,1,2,1,1,1,1,0,1,2,0,0,2,0,1,2,1
75,6582.010,94.163,-186.197,94.406,-0.077316,-0.996906,-0.014192,0.996494,-0.076812,-0.033157,0.031964,-0.016706,0.999349,0,1.00000,0.53301,60.000,1.066,-1,400.000,-1,275.000,250.000,275.000,250.000,275.000,250.000,-1,350.000,475.000,-1,900.000,375.000,-1,250.000,2,1,2,1,1,1,1,0,1,2,0,0,2,0,1,2,1
76,6576.278,153.890,-181.447,95.479,-0.096787,-0.994938,-0.027048,0.994302,-0.095434,-0.047490,0.044668,-0.031490,0.998505,0,1.00000,0.53651,60.000,1.073,-1,425.000,-1,275.000,250.000,300.000,250.000,275.000,275.000,-1,225.000,350.000,-1,975.000,375.000,-1,250.000,2,1,2,1,1,1,1,0,1,2,0,0,2,0,1,2,1
77,6569.451,213.502,-177.071,96.530,-0.116114,-0.992459,-0.039279,0.991648,-0.113602,-0.061065,0.056142,-0.046041,0.997361,0,1.00000,0.52547,60.000,1.051,-1,475.000,-1,275.000,225.000,325.000,275.000,275.000,275.000,775.000,150.000,300.000,-1,-1,400.000,-1,250.000,2,1,2,1,1,1,1,0,1,0,0,0,2,2,1,2,1
78,6561.555,272.982,-173.107,97.556,-0.135177,-0.989510,-0.050954,0.988602,-0.131256,-0.073737,0.066276,-0.060341,0.995975,0,1.00000,0.51305,60.000,1.026,-1,525.000,-1,275.000,225.000,325.000,275.000,250.000,275.000,625.000,100.000,275.000,-1,-1,-1,-1,250.000,2,0,2,1,1,1,1,0,1,0,0,0,2,2,2,2,1
79,6552.622,332.314,-169.586,98.554,-0.153852,-0.986137,-0.062157,0.985245,-0.148332,-0.085376,0.074972,-0.074375,0.994408,0,1.00000,0.49906,60.000,0.998,-1,550.000,-1,300.000,225.000,350.000,275.000,250.000,275.000,525.000,75.000,250.000,-1,-1,-1,-1,250.000,2,0,2,1,1,1,1,0,1,0,0,0,2,2,2,2,1
80,9511.017,7543.220,-38.293,-94.121,-0.071666,0.997358,-0.011835,-0.997281,-0.071855,-0.016368,-0.017175,0.010630,0.999796,1,0.00000,0.00000,60.000,0.967,-1,400.000,-1,400.000,-1,325.000,325.000,300.000,300.000,650.000,-1,-1,-1,800.000,825.000,-1,-1,2,0,2,0,2,0,0,0,0,1,2,2,2,0,0,2,2
81,9511.342,7548.009,-38.210,-93.881,-0.067490,0.997650,-0.011777,-0.997575,-0.067676,-0.016248,-0.017007,0.010651,0.999799,0,-0.08000,0.12000,-4.800,0.240,-1,400.000,-1,400.000,-1,325.000,325.000,300.000,300.000,650.000,-1,-1,-1,800.000,825.000,-1,-1,2,0,2,0,2,0,0,0,0,1,2,2,2,0,0,2,2
82,9511.912,7557.592,-38.045,-93.401,-0.059133,0.998182,-0.011662,-0.998111,-0.059316,-0.016010,-0.016672,0.010693,0.999804,0,-0.16000,0.24000,-9.600,0.480,-1,400.000,-1,400.000,-1,325.000,325.000,300.000,300.000,650.000,-1,-1,-1,800.000,825.000,-1,-1,2,0,2,0,2,0,0,0,0,1,2,2,2,0,0,2,2
83,9512.472,7569.566,-37.838,-92.681,-0.046590,0.998848,-0.011525,-0.998782,-0.046768,-0.015712,-0.016233,0.010779,0.999810,0,-0.19979,0.36000,-11.987,0.720,-1,400.000,-1,400.000,-1,325.000,325.000,300.000,300.000,675.000,-1,-1,-1,800.000,850.000,-1,-1,2,0,2,0,2,0,0,0,0,1,2,2,2,0,0,2,2
84,9512.855,7581.364,-37.637,-91.857,-0.032233,0.999415,-0.011398,-0.999356,-0.032407,-0.015419,-0.015780,0.010893,0.999816,0,-0.19673,0.41177,-11.804,0.824,-1,400.000,-1,400.000,-1,325.000,325.000,300.000,300.000,700.000,-1,-1,-1,800.000,850.000,-1,-1,2,0,2,0,2,0,0,0,0,1,2,2,2,0,0,2,2
85,9513.063,7592.951,-37.440,-91.029,-0.017789,0.999778,-0.011280,-0.999724,-0.017959,-0.015135,-0.015334,0.011008,0.999822,0,-0.19315,0.41407,-11.589,0.828,-1,400.000,-1,400.000,-1,325.000,325.000,300.000,300.000,700.000,-1,-1,-1,800.000,850.000,-1,-1,2,0,2,0,2,0,0,0,0,1,2,2,2,0,0,2,2
86,9513.102,7604.315,-37.248,-90.197,-0.003266,0.999932,-0.011172,-0.999884,-0.003432,-0.014857,-0.014895,0.011122,0.999827,0,-0.18941,0.41623,-11.365,0.832,-1,400.000,-1,400.000,-1,325.000,325.000,300.000,300.000,725.000,-1,-1,-1,800.000,850.000,-1,-1,2,0,2,0,2,0,0,0,0,1,2,2,2,0,0,2,2
87,9512.978,7615.446,-37.061,-89.360,0.011329,0.999875,-0.011073,-0.999831,0.011167,-0.014588,-0.014463,0.011237,0.999832,0,-0.18551,0.41825,-11.131,0.837,-1,400.000,-1,400.000,-1,325.000,325.000,300.000,300.000,750.000,-1,-1,-1,800.000,850.000,-1,-1,2,0,2,0,2,0,0,0,0,1,2,2,2,0,0,2,2
88,9512.696,7626.330,-36.879,-88.520,0.025988,0.999602,-0.010984,-0.999564,0.025829,-0.014327,-0.014038,0.011352,0.999837,0,-0.18147,0.42014,-10.888,0.840,-1,400.000,-1,400.000,-1,325.000,325.000,300.000,300.000,775.000,-1,-1,-1,800.000,850.000,-1,-1,2,0,2,0,2,0,0,0,0,1,2,2,2,0,0,2,2
89,9512.265,7636.960,-36.703,-87.676,0.040702,0.999112,-0.010904,-0.999078,0.040547,-0.014075,-0.013621,0.011467,0.999841,0,-0.17730,0.42190,-10.638,0.844,-1,400.000,-1,400.000,-1,325.000,325.000,300.000,300.000,800.000,-1,-1,-1,800.000,850.000,-1,-1,2,0,2,0,2,0,0,0,0,1,2,2,2,0,0,2,2
90,9511.691,7647.325,-36.531,-86.829,0.055464,0.998402,-0.010833,-0.998373,0.055312,-0.013832,-0.013211,0.011583,0.999846,0,-0.17301,0.42352,-10.381,0.847,-1,400.000,-1,400.000,-1,325.000,325.000,300.000,300.000,825.000,-1,-1,-1,800.000,850.000,-1,-1,2,0,2,0,2,0,0,0,0,1,2,2,2,0,0,2,2
91,9510.982,7657.416,-36.366,-85.979,0.070266,0.997470,-0.010772,-0.997446,0.070118,-0.013598,-0.012808,0.011700,0.999850,0,-0.16861,0.42502,-10.117,0.850,-1,400.000,-1,400.000,-1,325.000,325.000,300.000,300.000,850.000,-1,-1,-1,800.000,850.000,-1,-1,2,0,2,0,2,0,0,0,0,1,2,2,2,0,0,2,2
92,9510.145,7667.228,-36.205,-85.126,0.085101,0.996315,-0.010720,-0.996295,0.084955,-0.013373,-0.012413,0.011818,0.999853,0,-0.16411,0.42639,-9.847,0.853,-1,400.000,-1,400.000,-1,325.000,325.000,300.000,300.000,900.000,-1,-1,-1,800.000,850.000,-1,-1,2,0,2,0,2,0,0,0,0,1,2,2,2,0,0,2,2
93,9509.190,7676.752,-36.049,-84.271,0.099960,0.994934,-0.010676,-0.994919,0.099817,-0.013158,-0.012025,0.011937,0.999856,0,-0.15953,0.42763,-9.572,0.855,-1,400.000,-1,400.000,-1,325.000,325.000,300.000,300.000,925.000,-1,-1,-1,800.000,850.000,-1,-1,2,0,2,0,2,0,0,0,0,1,2,2,2,0,0,2,2
94,9508.124,7685.983,-35.899,-83.413,0.114836,0.993327,-0.010641,-0.993316,0.114696,-0.012952,-0.011645,0.012057,0.999859,0,-0.15488,0.42876,-9.293,0.858,-1,400.000,-1,400.000,-1,325.000,325.000,300.000,300.000,950.000,-1,-1,-1,800.000,850.000,-1,-1,2,0,2,0,2,0,0,0,0,1,2,2,2,0,0,2,2
95,9506.956,7694.917,-35.754,-82.554,0.129722,0.991494,-0.010615,-0.991486,0.129585,-0.012756,-0.011272,0.012179,0.999862,0,-0.15016,0.42978,-9.010,0.860,-1,400.000,-1,400.000,-1,325.000,325.000,300.000,300.000,1000.000,-1,-1,-1,775.000,850.000,-1,-1,2,0,2,0,2,0,0,0,0,1,2,2,2,0,0,2,2
96,9505.696,7703.549,-35.614,-81.692,0.144610,0.989432,-0.010597,-0.989429,0.144475,-0.012570,-0.010906,0.012302,0.999865,0,-0.14540,0.43068,-8.724,0.861,-1,400.000,-1,400.000,-1,325.000,325.000,300.000,300.000,-1,-1,-1,-1,775.000,850.000,-1,-1,2,0,2,0,2,0,0,0,0,2,2,2,2,0,0,2,2
97,9504.351,7711.877,-35.479,-80.830,0.159493,0.987142,-0.010586,-0.987143,0.159360,-0.012393,-0.010547,0.012427,0.999867,0,-0.14060,0.43148,-8.436,0.863,-1,400.000,-1,400.000,-1,325.000,325.000,300.000,300.000,-1,-1,-1,-1,775.000,850.000,-1,-1,2,0,2,0,2,0,0,0,0,2,2,2,2,0,0,2,2
98,9502.932,7719.898,-35.349,-79.965,0.174364,0.984624,-0.010584,-0.984629,0.174233,-0.012227,-0.010195,0.012553,0.999869,0,-0.13577,0.43218,-8.146,0.864,-1,400.000,-1,400.000,-1,325.000,325.000,300.000,300.000,-1,-1,-1,-1,775.000,850.000,-1,-1,2,0,2,0,2,0,0,0,0,2,2,2,2,0,0,2,2
99,9501.446,7727.612,-35.225,-79.100,0.189216,0.981878,-0.010589,-0.981886,0.189087,-0.012070,-0.009849,0.012681,0.999871,0,-0.13092,0.43279,-7.855,0.866,-1,400.000,-1,400.000,-1,325.000,325.000,300.000,300.000,-1,-1,-1,-1,775.000,850.000,-1,-1,2,0,2,0,2,0,0,0,0,2,2,2,2,0,0,2,2
100,9499.904,7735.017,-35.105,-78.233,0.204043,0.978905,-0.010600,-0.978916,0.203916,-0.011924,-0.009510,0.012810,0.999873,0,-0.12607,0.43330,-7.564,0.867,-1,400.000,-1,400.000,-1,325.000,325.000,300.000,300.000,-1,-1,-1,-1,775.000,850.000,-1,-1,2,0,2,0,2,0,0,0,0,2,2,2,2,0,0,2,2
101,9498.313,7742.113,-34.990,-77.366,0.218837,0.975704,-0.010619,-0.975718,0.218712,-0.011787,-0.009178,0.012941,0.999874,0,-0.12121,0.43373,-7.273,0.867,-1,400.000,-1,400.000,-1,325.000,325.000,300.000,300.000,-1,-1,-1,-1,775.000,850.000,-1,-1,2,0,2,0,2,0,0,0,0,2,2,2,2,0,0,2,2
102,9496.683,7748.903,-34.880,-76.497,0.233594,0.972276,-0.010644,-0.972294,0.233471,-0.011659,-0.008851,0.013073,0.999875,0,-0.11637,0.43409,-6.982,0.868,-1,400.000,-1,400.000,-1,325.000,325.000,300.000,300.000,-1,-1,-1,-1,775.000,850.000,-1,-1,2,0,2,0,2,0,0,0,0,2,2,2,2,0,0,2,2
103,9496.133,7751.014,-34.832,-75.389,0.252353,0.967576,-0.010726,-0.967597,0.252230,-0.011637,-0.008554,0.013314,0.999875,0,-0.03637,0.55409,-2.182,1.108,-1,400.000,-1,400.000,-1,325.000,325.000,300.000,300.000,-1,-1,-1,-1,775.000,850.000,-1,-1,2,0,2,0,2,0,0,0,0,2,2,2,2,0,0,2,2
104,9496.852,7748.497,-34.846,-74.041,0.275049,0.961369,-0.010858,-0.961395,0.274924,-0.011716,-0.008278,0.013661,0.999872,0,0.04363,0.67409,2.618,1.348,-1,400.000,-1,400.000,-1,325.000,325.000,300.000,300.000,-1,-1,-1,-1,775.000,850.000,-1,-1,2,0,2,0,2,0,0,0,0,2,2,2,2,0,0,2,2
105,9499.089,7741.425,-34.915,-72.453,0.301589,0.953374,-0.011033,-0.953404,0.301461,-0.011893,-0.008012,0.014106,0.999868,0,0.12363,0.79409,7.418,1.588,-1,400.000,-1,400.000,-1,325.000,325.000,300.000,300.000,-1,-1,-1,-1,775.000,850.000,-1,-1,2,0,2,0,2,0,0,0,0,2,2,2,2,0,0,2,2
106,9503.142,7729.899,-35.036,-70.625,0.331852,0.943264,-0.011243,-0.943300,0.331720,-0.012164,-0.007744,0.014642,0.999863,0,0.20363,0.91409,12.218,1.828,-1,400.000,-1,400.000,-1,325.000,325.000,300.000,300.000,-1,-1,-1,-1,775.000,850.000,-1,-1,2,0,2,0,2,0,0,0,0,2,2,2,2,0,0,2,2
107,9509.345,7714.052,-35.202,-68.625,0.364572,0.931105,-0.011468,-0.931145,0.364434,-0.012518,-0.007476,0.015243,0.999856,0,0.28363,1.00000,17.018,2.000,-1,400.000,-1,400.000,-1,325.000,325.000,300.000,300.000,-1,-1,-1,-1,750.000,825.000,-1,-1,2,0,2,0,2,0,0,0,0,2,2,2,2,0,0,2,2
108,9518.001,7694.025,-35.408,-66.625,0.396848,0.917810,-0.011688,-0.917856,0.396703,-0.012944,-0.007243,0.015865,0.999848,0,0.36363,1.00000,21.818,2.000,-1,400.000,-1,400.000,-1,325.000,325.000,300.000,300.000,-1,-1,-1,-1,750.000,825.000,-1,-1,2,0,2,0,2,0,0,0,0,2,2,2,2,0,0,2,2
109,9529.408,7669.975,-35.647,-64.625,0.428641,0.903397,-0.011893,-0.903448,0.428488,-0.013431,-0.007038,0.016502,0.999839,0,0.44363,1.00000,26.618,2.000,-1,400.000,-1,400.000,-1,325.000,325.000,300.000,300.000,-1,-1,-1,-1,750.000,825.000,-1,-1,2,0,2,0,2,0,0,0,0,2,2,2,2,0,0,2,2
110,9543.855,7642.076,-35.910,-62.625,0.459911,0.887883,-0.012075,-0.887938,0.459750,-0.013972,-0.006854,0.017148,0.999829,0,0.52363,1.00000,31.418,2.000,-1,400.000,-1,400.000,-1,325.000,325.000,300.000,300.000,-1,-1,-1,-1,750.000,825.000,-1,-1,2,0,2,0,2,0,0,0,0,2,2,2,2,0,0,2,2
111,9561.621,7610.515,-36.185,-60.625,0.490622,0.871287,-0.012229,-0.871347,0.490451,-0.014557,-0.006686,0.017798,0.999819,0,0.60363,1.00000,36.218,2.000,-1,400.000,-1,400.000,-1,325.000,325.000,300.000,300.000,-1,-1,-1,-1,750.000,825.000,-1,-1,2,0,2,0,2,0,0,0,0,2,2,2,2,0,0,2,2
112,9582.977,7575.495,-36.431,-58.625,0.520732,0.853632,-0.012295,-0.853696,0.520555,-0.015035,-0.006434,0.018325,0.999811,0,0.68363,1.00000,41.018,2.000,-1,400.000,-1,400.000,-1,325.000,325.000,300.000,300.000,-1,-1,-1,-1,750.000,800.000,-1,-1,2,0,2,0,2,0,0,0,0,2,2,2,2,0,0,2,2
113,9605.814,7540.828,-36.628,-56.625,0.550207,0.834937,-0.012311,-0.835006,0.550024,-0.015442,-0.006122,0.018776,0.999805,0,0.69188,1.00000,41.513,2.000,-1,400.000,-1,400.000,-1,325.000,325.000,300.000,300.000,-1,-1,-1,-1,750.000,800.000,-1,-1,2,0,2,0,2,0,0,0,0,2,2,2,2,0,0,2,2
114,9629.894,7506.913,-36.777,-54.625,0.579011,0.815227,-0.012286,-0.815300,0.578824,-0.015784,-0.005756,0.019156,0.999800,0,0.69324,1.00000,41.594,2.000,-1,375.000,-1,400.000,-1,325.000,325.000,300.000,300.000,-1,-1,-1,-1,725.000,800.000,-1,-1,2,0,2,0,2,0,0,0,0,2,2,2,2,0,0,2,2
115,9655.192,7473.795,-36.876,-52.625,0.607108,0.794525,-0.012224,-0.794601,0.606919,-0.016062,-0.005343,0.019465,0.999796,0,0.69459,1.00000,41.675,2.000,-1,375.000,-1,400.000,-1,325.000,325.000,300.000,325.000,-1,-1,-1,-1,725.000,800.000,-1,-1,2,0,2,0,2,0,0,0,0,2,2,2,2,0,0,2,2
116,9681.682,7441.518,-36.963,-50.625,0.634464,0.772854,-0.012314,-0.772938,0.634273,-0.016276,-0.004769,0.019844,0.999792,0,0.69592,1.00000,41.755,2.000,-1,375.000,-1,400.000,-1,325.000,325.000,300.000,325.000,-1,-1,-1,-1,725.000,800.000,-1,-1,2,0,2,0,2,0,0,0,0,2,2,2,2,0,0,2,2
117,9709.333,7410.127,-37.143,-48.625,0.661042,0.750235,-0.013048,-0.750339,0.660848,-0.016468,-0.003732,0.020677,0.999779,0,0.69723,1.00000,41.834,2.000,-1,375.000,-1,400.000,-1,325.000,325.000,300.000,325.000,-1,-1,-1,-1,725.000,800.000,-1,-1,2,0,2,0,2,0,0,0,0,2,2,2,2,0,0,2,2
118,9738.117,7379.663,-37.269,-46.625,0.686814,0.726703,-0.013748,-0.726829,0.686617,-0.016653,-0.002662,0.021430,0.999767,0,0.69853,1.00000,41.912,2.000,-1,375.000,-1,400.000,-1,325.000,325.000,300.000,325.000,-1,-1,-1,-1,725.000,775.000,-1,-1,2,0,2,0,2,0,0,0,0,2,2,2,2,0,0,2,2
119,9768.001,7350.168,-37.349,-44.625,0.711748,0.702288,-0.014378,-0.702434,0.711550,-0.016825,-0.001586,0.022075,0.999755,0,0.69980,1.00000,41.988,2.000,-1,375.000,-1,400.000,-1,325.000,325.000,300.000,325.000,-1,-1,-1,-1,725.000,775.000,-1,-1,2,0,2,0,2,0,0,1,0,2,2,2,2,0,0,2,2
120,9795.259,7324.870,-37.380,-42.865,0.732972,0.680096,-0.014893,-0.680258,0.732776,-0.016968,-0.000626,0.022568,0.999745,0,0.61980,0.88000,37.188,1.760,-1,375.000,-1,400.000,-1,325.000,325.000,300.000,325.000,-1,-1,-1,-1,725.000,775.000,-1,-1,2,0,2,0,2,0,0,1,0,2,2,2,2,0,0,2,2
121,9819.574,7303.475,-37.375,-41.345,0.750746,0.660413,-0.015321,-0.660591,0.750552,-0.017086,0.000216,0.022948,0.999737,0,0.53980,0.76000,32.388,1.520,-1,375.000,-1,400.000,-1,325.000,325.000,300.000,325.000,-1,-1,-1,-1,725.000,775.000,-1,-1,2,0,2,0,2,0,0,1,0,2,2,2,2,0,0,2,2
122,9840.688,7285.718,-37.347,-40.065,0.765304,0.643478,-0.015670,-0.643668,0.765112,-0.017181,0.000934,0.023235,0.999730,0,0.45980,0.64000,27.588,1.280,-1,375.000,-1,400.000,-1,325.000,325.000,275.000,325.000,-1,-1,-1,-1,725.000,775.000,-1,-1,2,0,2,0,2,0,0,1,0,2,2,2,2,0,0,2,2
123,9858.392,7271.370,-37.343,-39.025,0.776853,0.629480,-0.015949,-0.629680,0.776659,-0.017421,0.001421,0.023576,0.999721,0,0.37980,0.52000,22.788,1.040,-1,375.000,-1,400.000,-1,325.000,325.000,275.000,325.000,-1,-1,-1,-1,750.000,775.000,-1,-1,2,0,2,0,2,0,0,1,0,2,2,2,2,0,0,2,2
124,9872.523,7260.240,-37.334,-38.225,0.785563,0.618571,-0.016157,-0.618779,0.785367,-0.017628,0.001785,0.023846,0.999714,0,0.29980,0.40000,17.988,0.800,-1,375.000,-1,400.000,-1,325.000,325.000,275.000,325.000,-1,-1,-1,-1,750.000,775.000,-1,-1,2,0,2,0,2,0,0,1,0,2,2,2,2,0,0,2,2
125,9882.963,7252.181,-37.323,-37.665,0.791569,0.610862,-0.016304,-0.611076,0.791372,-0.017779,0.002042,0.024036,0.999709,0,0.21980,0.28000,13.188,0.560,-1,375.000,-1,400.000,-1,325.000,325.000,275.000,325.000,-1,-1,-1,-1,750.000,775.000,-1,-1,2,0,2,0,2,0,0,1,0,2,2,2,2,0,0,2,2
126,9889.631,7247.093,-37.314,-37.345,0.794967,0.606431,-0.016394,-0.606649,0.794769,-0.017874,0.002190,0.024154,0.999706,0,0.13980,0.16000,8.388,0.320,-1,375.000,-1,400.000,-1,325.000,325.000,275.000,325.000,-1,-1,-1,-1,750.000,775.000,-1,-1,2,0,2,0,2,0,0,1,0,2,2,2,2,0,0,2,2
127,9892.487,7244.920,-37.310,-37.265,0.795813,0.605320,-0.016430,-0.605539,0.795614,-0.017915,0.002228,0.024206,0.999705,0,0.05980,0.04000,3.588,0.080,-1,375.000,-1,400.000,-1,325.000,325.000,275.000,325.000,-1,-1,-1,-1,750.000,775.000,-1,-1,2,0,2,0,2,0,0,1,0,2,2,2,2,0,0,2,2
128,9891.525,7245.657,-37.313,-37.425,0.794120,0.607540,-0.016414,-0.607758,0.793921,-0.017901,0.002156,0.024192,0.999705,0,-0.02020,-0.08000,-1.212,-0.160,-1,375.000,-1,400.000,-1,325.000,325.000,275.000,325.000,-1,-1,-1,-1,750.000,775.000,-1,-1,2,0,2,0,2,0,0,1,0,2,2,2,2,0,0,2,2
129,9886.776,7249.344,-37.320,-37.825,0.789860,0.613069,-0.016345,-0.613283,0.789662,-0.017831,0.001975,0.024109,0.999707,0,-0.10020,-0.20000,-6.012,-0.400,-1,375.000,-1,400.000,-1,325.000,325.000,275.000,325.000,-1,-1,-1,-1,750.000,775.000,-1,-1,2,0,2,0,2,0,0,1,0,2,2,2,2,0,0,2,2
130,9878.287,7256.039,-37.326,-38.264,0.785142,0.619104,-0.016225,-0.619314,0.784944,-0.017704,0.001775,0.023948,0.999712,0,-0.18020,-0.21951,-10.812,-0.439,-1,375.000,-1,400.000,-1,325.000,325.000,275.000,325.000,-1,-1,-1,-1,750.000,775.000,-1,-1,2,0,2,0,2,0,0,1,0,2,2,2,2,0,0,2,2
131,9866.103,7265.801,-37.330,-38.704,0.780365,0.625118,-0.016053,-0.625322,0.780170,-0.017516,0.001574,0.023707,0.999718,0,-0.26020,-0.22003,-15.612,-0.440,-1,375.000,-1,400.000,-1,325.000,325.000,275.000,325.000,-1,-1,-1,-1,750.000,775.000,-1,-1,2,0,2,0,2,0,0,1,0,2,2,2,2,0,0,2,2
132,9850.273,7278.687,-37.325,-39.145,0.775526,0.631117,-0.015828,-0.631314,0.775335,-0.017270,0.001373,0.023385,0.999726,0,-0.34020,-0.22080,-20.412,-0.442,-1,400.000,-1,400.000,-1,325.000,325.000,275.000,325.000,-1,-1,-1,-1,750.000,775.000,-1,-1,2,0,2,0,2,0,0,1,0,2,2,2,2,0,0,2,2
133,9830.844,7294.754,-37.345,-39.589,0.770619,0.637106,-0.015551,-0.637295,0.770429,-0.017135,0.001065,0.023115,0.999732,0,-0.42020,-0.22185,-25.212,-0.444,-1,400.000,-1,400.000,-1,325.000,325.000,300.000,325.000,-1,-1,-1,-1,750.000,775.000,-1,-1,2,0,2,0,2,0,0,1,0,2,2,2,2,0,0,2,2
134,9809.029,7313.082,-37.366,-40.036,0.765635,0.643095,-0.015241,-0.643275,0.765446,-0.017044,0.000705,0.022854,0.999739,0,-0.47487,-0.22325,-28.492,-0.447,-1,375.000,-1,400.000,-1,325.000,325.000,300.000,325.000,-1,-1,-1,-1,750.000,775.000,-1,-1,2,0,2,0,2,0,0,1,0,2,2,2,2,0,0,2,2
135,9787.504,7331.456,-37.373,-40.485,0.760565,0.649090,-0.014932,-0.649262,0.760376,-0.016950,0.000351,0.022587,0.999745,0,-0.47167,-0.22498,-28.300,-0.450,-1,375.000,-1,400.000,-1,325.000,325.000,300.000,325.000,-1,-1,-1,-1,725.000,775.000,-1,-1,2,0,2,0,2,0,0,1,0,2,2,2,2,0,0,2,2
136,9766.265,7349.879,-37.366,-40.939,0.755405,0.655095,-0.014623,-0.655258,0.755217,-0.016853,0.000003,0.022313,0.999751,0,-0.46861,-0.22685,-28.116,-0.454,-1,375.000,-1,400.000,-1,325.000,325.000,300.000,325.000,-1,-1,-1,-1,725.000,775.000,-1,-1,2,0,2,0,2,0,0,0,0,2,2,2,2,0,0,2,2
