timestep,x_cm,y_cm,z_cm,yaw_deg,basis_xx,basis_xy,basis_xz,basis_yx,basis_yy,basis_yz,basis_zx,basis_zy,basis_zz,teleport_flag,throttle_cmd,steering_cmd,cmd_move_cm,cmd_turn_deg,lidar_cm_0,lidar_cm_1,lidar_cm_2,lidar_cm_3,lidar_cm_4,lidar_cm_5,lidar_cm_6,lidar_cm_7,lidar_cm_8,lidar_cm_9,lidar_cm_10,lidar_cm_11,lidar_cm_12,lidar_cm_13,lidar_cm_14,lidar_cm_15,lidar_cm_16,lidar_class_0,lidar_class_1,lidar_class_2,lidar_class_3,lidar_class_4,lidar_class_5,lidar_class_6,lidar_class_7,lidar_class_8,lidar_class_9,lidar_class_10,lidar_class_11,lidar_class_12,lidar_class_13,lidar_class_14,lidar_class_15,lidar_class_16
0,8850.399,-984.944,-342.690,-167.950,-0.978110,0.208082,0.001656,-0.207228,-0.974759,0.083074,0.018900,0.080912,0.996542,1,0.08000,-0.12000,4.800,-0.240,-1,400.000,-1,375.000,-1,325.000,325.000,300.000,300.000,-1,-1,-1,-1,750.000,700.000,-1,-1,2,0,2,0,2,0,0,0,0,2,2,2,2,0,0,2,2
1,8840.994,-986.870,-342.504,-168.430,-0.979813,0.199907,0.001813,-0.199070,-0.976463,0.083009,0.018364,0.080972,0.996547,0,0.16000,-0.24000,9.600,-0.480,-1,400.000,-1,375.000,-1,325.000,325.000,300.000,300.000,-1,-1,-1,-1,750.000,700.000,-1,-1,2,0,2,0,2,0,0,0,0,2,2,2,2,0,0,2,2
2,8826.851,-989.580,-342.241,-169.150,-0.982240,0.187620,0.002054,-0.186808,-0.978892,0.082903,0.017564,0.081047,0.996556,0,0.24000,-0.36000,14.400,-0.720,-1,400.000,-1,375.000,-1,325.000,325.000,300.000,300.000,-1,-1,-1,-1,750.000,700.000,-1,-1,2,0,2,0,2,0,0,0,0,2,2,2,2,0,0,2,2
3,8807.936,-992.878,-341.920,-170.110,-0.985235,0.171192,0.002386,-0.170411,-0.981893,0.082747,0.016508,0.081119,0.996568,0,0.32000,-0.48000,19.200,-0.960,-1,400.000,-1,375.000,-1,325.000,325.000,300.000,300.000,1000.000,-1,-1,-1,750.000,700.000,-1,-1,2,0,2,0,2,0,0,0,0,1,2,2,2,0,0,2,2
4,8784.210,-996.504,-341.564,-171.310,-0.988592,0.150591,0.002817,-0.149848,-0.985259,0.082530,0.015204,0.081166,0.996585,0,0.40000,-0.60000,24.000,-1.200,-1,400.000,-1,375.000,-1,325.000,325.000,300.000,300.000,975.000,-1,-1,-1,750.000,700.000,-1,-1,2,0,2,0,2,0,0,0,0,1,2,2,2,0,0,2,2
5,8755.639,-1000.139,-341.202,-172.750,-0.992052,0.125784,0.003357,-0.125084,-0.988732,0.082235,0.013663,0.081162,0.996607,0,0.48000,-0.72000,28.800,-1.440,-1,400.000,-1,375.000,-1,325.000,325.000,300.000,300.000,950.000,-1,-1,-1,725.000,700.000,-1,-1,2,0,2,0,2,0,0,0,0,1,2,2,2,0,0,2,2
6,8722.205,-1003.479,-340.861,-174.295,-0.995071,0.099084,0.004011,-0.098425,-0.991773,0.081848,0.012088,0.081050,0.996637,0,0.56000,-0.77241,33.600,-1.545,-1,400.000,-1,375.000,-1,325.000,300.000,300.000,300.000,950.000,-1,-1,-1,725.000,700.000,-1,-1,2,0,2,0,2,0,0,0,0,1,2,2,2,0,0,2,2
7,8683.904,-1006.259,-340.565,-175.848,-0.997381,0.072172,0.004783,-0.071546,-0.994114,0.081358,0.010626,0.080803,0.996673,0,0.64000,-0.77643,38.400,-1.553,-1,375.000,-1,375.000,-1,325.000,300.000,300.000,300.000,950.000,-1,-1,-1,725.000,675.000,-1,-1,2,0,2,0,2,0,0,0,0,1,2,2,2,0,0,2,2
8,8640.747,-1008.210,-340.337,-177.410,-0.998969,0.045046,0.005673,-0.044442,-0.995743,0.080756,0.009286,0.080421,0.996718,0,0.72000,-0.78108,43.200,-1.562,-1,375.000,-1,375.000,-1,325.000,300.000,300.000,300.000,1000.000,-1,-1,-1,725.000,675.000,-1,-1,2,0,2,0,2,0,0,0,0,1,2,2,2,0,0,2,2
9,8592.754,-1009.062,-340.196,-178.982,-0.999821,0.017703,0.006681,-0.017112,-0.996645,0.080036,0.008075,0.079908,0.996770,0,0.80000,-0.78629,48.000,-1.573,-1,375.000,-1,375.000,-1,300.000,300.000,300.000,300.000,-1,-1,-1,-1,725.000,675.000,-1,-1,2,0,2,0,2,0,0,0,0,2,2,2,2,0,0,2,2
10,8545.203,-1008.800,-340.150,-180.315,-0.999955,-0.005480,0.007691,0.006073,-0.996833,0.079287,0.007232,0.079330,0.996822,0,0.79250,-0.66629,47.550,-1.333,-1,375.000,-1,375.000,-1,300.000,300.000,300.000,300.000,-1,775.000,-1,-1,725.000,675.000,-1,-1,2,0,2,0,2,0,0,0,0,2,0,2,2,0,0,2,2
11,8497.744,-1007.633,-339.704,-181.408,-0.999663,-0.024487,0.008598,0.025090,-0.996559,0.078996,0.006635,0.079185,0.996838,0,0.79121,-0.54629,47.473,-1.093,-1,375.000,-1,375.000,-1,300.000,300.000,300.000,300.000,-1,700.000,1000.000,-1,725.000,700.000,-1,-1,2,0,2,0,2,0,0,0,0,2,0,0,2,0,0,2,2
12,8450.460,-1005.767,-339.076,-182.260,-0.999178,-0.039314,0.009840,0.039967,-0.996106,0.078582,0.006713,0.078911,0.996859,0,0.78867,-0.42629,47.320,-0.853,-1,375.000,-1,375.000,-1,300.000,300.000,300.000,300.000,-1,675.000,875.000,-1,725.000,700.000,-1,-1,2,0,2,0,2,0,0,0,0,2,0,0,2,0,0,2,2
13,8403.429,-1003.407,-338.491,-182.873,-0.998690,-0.049963,0.011079,0.050677,-0.995656,0.078113,0.007128,0.078572,0.996883,0,0.78483,-0.30629,47.090,-0.613,-1,375.000,-1,375.000,-1,300.000,300.000,300.000,300.000,-1,675.000,775.000,-1,725.000,700.000,-1,-1,2,0,2,0,2,0,0,0,0,2,0,0,2,0,0,2,2
14,8356.731,-1000.675,-337.938,-183.347,-0.998229,-0.058207,0.012310,0.058990,-0.995237,0.077614,0.007734,0.078203,0.996907,0,0.77964,-0.23723,46.778,-0.474,-1,375.000,-1,375.000,-1,300.000,300.000,325.000,300.000,-1,650.000,750.000,-1,725.000,700.000,-1,-1,2,0,2,0,2,0,0,0,0,2,0,0,2,0,0,2,2
15,8310.422,-997.575,-337.418,-183.829,-0.997689,-0.066581,0.013536,0.067431,-0.994740,0.077109,0.008330,0.077843,0.996931,0,0.77354,-0.24105,46.412,-0.482,-1,375.000,-1,375.000,-1,300.000,300.000,325.000,300.000,-1,650.000,725.000,-1,750.000,700.000,-1,-1,2,0,2,0,2,0,0,0,0,2,0,0,2,0,0,2,2
16,8264.519,-994.109,-336.929,-184.318,-0.997070,-0.075065,0.014754,0.075979,-0.994163,0.076597,0.008918,0.077493,0.996953,0,0.76722,-0.24433,46.033,-0.489,-1,375.000,-1,375.000,-1,300.000,300.000,325.000,325.000,-1,625.000,700.000,-1,750.000,700.000,-1,-1,2,0,2,0,2,0,0,0,0,2,0,0,2,0,0,2,2
17,8219.036,-990.280,-336.473,-184.812,-0.996368,-0.083639,0.015966,0.084618,-0.993505,0.076079,0.009499,0.077154,0.996974,0,0.76072,-0.24710,45.643,-0.494,-1,375.000,-1,375.000,-1,300.000,300.000,325.000,325.000,-1,625.000,700.000,-1,750.000,700.000,-1,-1,2,0,2,0,2,0,0,0,0,2,0,0,2,0,0,2,2
18,8173.984,-986.092,-336.047,-185.311,-0.995585,-0.092285,0.017169,0.093327,-0.992764,0.075557,0.010072,0.076825,0.996994,0,0.75410,-0.24934,45.246,-0.499,-1,375.000,-1,375.000,-1,300.000,300.000,325.000,325.000,-1,625.000,675.000,-1,750.000,700.000,-1,-1,2,0,2,0,2,0,0,0,0,2,0,0,2,0,0,2,2
19,8129.371,-981.550,-335.651,-185.813,-0.994718,-0.100985,0.018366,0.102089,-0.991942,0.075030,0.010641,0.076509,0.997012,0,0.74740,-0.25108,44.844,-0.502,-1,375.000,-1,375.000,-1,325.000,325.000,325.000,325.000,-1,625.000,675.000,-1,750.000,700.000,-1,-1,2,0,2,0,2,0,0,0,0,2,0,0,2,0,0,2,2
20,8085.201,-976.659,-335.285,-186.318,-0.993770,-0.109720,0.019554,0.110885,-0.991037,0.074501,0.011204,0.076205,0.997029,0,0.74065,-0.25232,44.439,-0.505,-1,400.000,-1,375.000,-1,325.000,325.000,325.000,325.000,-1,600.000,650.000,-1,775.000,700.000,-1,-1,2,0,2,0,2,0,0,0,0,2,0,0,2,0,0,2,2
21,8041.477,-971.427,-334.948,-186.824,-0.992741,-0.118474,0.020734,0.119698,-0.990051,0.073969,0.011764,0.075913,0.997045,0,0.73392,-0.25308,44.035,-0.506,-1,400.000,-1,375.000,-1,325.000,325.000,300.000,325.000,-1,600.000,650.000,-1,775.000,700.000,-1,-1,2,0,2,0,2,0,0,0,0,2,0,0,2,0,0,2,2
22,7998.200,-965.860,-334.638,-187.331,-0.991632,-0.127228,0.021906,0.128510,-0.988986,0.073435,0.012322,0.075636,0.997059,0,0.72723,-0.25336,43.634,-0.507,-1,400.000,-1,375.000,-1,325.000,325.000,300.000,300.000,-1,600.000,625.000,-1,775.000,700.000,-1,-1,2,0,2,0,2,0,0,0,0,2,0,0,2,0,0,2,2
23,7955.366,-959.964,-334.355,-187.837,-0.990445,-0.135966,0.023070,0.137307,-0.987842,0.072901,0.012878,0.075372,0.997072,0,0.72062,-0.25319,43.237,-0.506,-1,400.000,-1,375.000,-1,325.000,325.000,300.000,300.000,-1,600.000,625.000,-1,775.000,700.000,-1,-1,2,0,2,0,2,0,0,0,0,2,0,0,2,0,0,2,2
24,7912.972,-953.747,-334.062,-188.342,-0.989185,-0.144671,0.024135,0.146064,-0.986613,0.072524,0.013320,0.075265,0.997075,0,0.71413,-0.25257,42.848,-0.505,-1,400.000,-1,375.000,-1,325.000,325.000,300.000,300.000,-1,550.000,625.000,-1,775.000,725.000,-1,-1,2,0,2,0,2,0,0,0,0,2,0,0,2,0,0,2,2
25,7871.009,-947.218,-333.685,-188.845,-0.987868,-0.153323,0.024687,0.154737,-0.985279,0.072672,0.013181,0.075611,0.997050,0,0.70779,-0.25152,42.467,-0.503,-1,400.000,-1,375.000,-1,325.000,325.000,300.000,300.000,-1,575.000,625.000,-1,775.000,700.000,-1,-1,2,0,2,0,2,0,0,0,0,2,0,0,2,0,0,2,2
26,7829.471,-940.382,-333.277,-189.345,-0.986488,-0.161916,0.025014,0.163331,-0.983895,0.072616,0.012854,0.075720,0.997046,0,0.70162,-0.25005,42.097,-0.500,-1,400.000,-1,375.000,-1,325.000,325.000,300.000,300.000,-1,600.000,625.000,-1,775.000,700.000,-1,-1,2,0,2,0,2,0,0,0,0,2,0,0,2,0,0,2,2
27,7788.345,-933.247,-332.718,-189.842,-0.985048,-0.170440,0.025124,0.171833,-0.982492,0.071985,0.012415,0.075226,0.997089,0,0.69566,-0.24819,41.739,-0.496,-1,400.000,-1,375.000,-1,325.000,325.000,300.000,300.000,-1,625.000,650.000,-1,775.000,700.000,-1,-1,2,0,2,0,2,0,0,0,0,2,0,0,2,0,0,2,2
28,7747.622,-925.821,-332.166,-190.333,-0.983547,-0.178875,0.025283,0.180251,-0.981031,0.071330,0.012045,0.074714,0.997132,0,0.68991,-0.24593,41.395,-0.492,-1,400.000,-1,375.000,-1,325.000,325.000,300.000,300.000,-1,650.000,675.000,-1,775.000,700.000,-1,-1,2,0,2,0,2,0,0,0,0,2,0,0,2,0,0,2,2
29,7707.287,-918.112,-331.629,-190.820,-0.981990,-0.187207,0.025471,0.188568,-0.979513,0.070690,0.011715,0.074220,0.997173,0,0.68442,-0.24331,41.065,-0.487,-1,400.000,-1,375.000,-1,325.000,325.000,300.000,300.000,-1,675.000,725.000,-1,775.000,700.000,-1,-1,2,0,2,0,2,0,0,0,0,2,0,0,2,0,0,2,2
30,7667.326,-910.126,-331.106,-191.301,-0.980382,-0.195424,0.025687,0.196774,-0.977942,0.070065,0.011428,0.073745,0.997212,0,0.67917,-0.24033,40.750,-0.481,-1,400.000,-1,375.000,-1,325.000,325.000,300.000,300.000,-1,700.000,725.000,-1,775.000,700.000,-1,-1,2,0,2,0,2,0,0,0,0,2,0,0,2,0,0,2,2
31,7627.725,-901.870,-330.596,-191.775,-0.978728,-0.203515,0.025933,0.204855,-0.976325,0.069453,0.011185,0.073288,0.997248,0,0.67420,-0.23700,40.452,-0.474,-1,400.000,-1,375.000,-1,325.000,325.000,300.000,325.000,-1,725.000,750.000,-1,775.000,700.000,-1,-1,2,0,2,0,2,0,0,0,0,2,0,0,2,0,0,2,2
32,7583.463,-892.455,-330.025,-192.009,-0.977881,-0.207509,0.026237,0.208855,-0.975527,0.068756,0.011327,0.072715,0.997288,0,0.75420,-0.11700,45.252,-0.234,-1,400.000,-1,375.000,-1,325.000,325.000,325.000,325.000,-1,750.000,775.000,-1,775.000,700.000,-1,-1,2,0,2,0,2,0,0,0,0,2,0,0,2,0,0,2,2
33,7534.506,-882.046,-329.376,-192.003,-0.977891,-0.207418,0.026601,0.208780,-0.975598,0.067972,0.011853,0.072023,0.997333,0,0.83420,0.00300,50.052,0.006,-1,400.000,-1,375.000,-1,325.000,325.000,325.000,325.000,-1,775.000,800.000,-1,775.000,700.000,-1,-1,2,0,2,0,2,0,0,0,0,2,0,0,2,0,0,2,2
34,7484.165,-871.568,-328.678,-191.757,-0.978757,-0.203238,0.026999,0.204629,-0.976533,0.067154,0.012717,0.071252,0.997377,0,0.85700,0.12300,51.420,0.246,-1,400.000,-1,375.000,-1,325.000,325.000,325.000,325.000,-1,800.000,825.000,-1,775.000,675.000,-1,-1,2,0,2,0,2,0,0,0,1,2,0,0,2,0,0,2,2
35,7434.193,-861.609,-327.942,-191.271,-0.980428,-0.194960,0.027409,0.196387,-0.978280,0.066329,0.013882,0.070413,0.997421,0,0.84924,0.24300,50.954,0.486,-1,400.000,-1,375.000,-1,325.000,325.000,325.000,325.000,-1,825.000,875.000,925.000,800.000,675.000,-1,-1,2,0,2,0,2,0,0,0,0,2,0,0,1,0,0,2,2
36,7384.555,-852.368,-327.159,-190.545,-0.982801,-0.182560,0.027821,0.184031,-0.980736,0.065497,0.015328,0.069490,0.997465,0,0.84152,0.36300,50.491,0.726,-1,400.000,-1,375.000,-1,325.000,325.000,325.000,325.000,-1,850.000,900.000,825.000,800.000,675.000,-1,-1,2,0,2,0,2,0,0,0,0,2,0,0,1,0,0,2,2
37,7335.212,-844.040,-326.321,-189.579,-0.985720,-0.166012,0.028224,0.167531,-0.983744,0.064658,0.017031,0.068463,0.997508,0,0.83403,0.48300,50.042,0.966,-1,400.000,-1,375.000,-1,325.000,325.000,325.000,300.000,-1,875.000,925.000,750.000,800.000,675.000,-1,-1,2,0,2,0,2,0,0,0,0,2,0,0,1,0,0,2,2
38,7286.123,-836.815,-325.420,-188.373,-0.988977,-0.145282,0.028608,0.146852,-0.987098,0.063815,0.018968,0.067313,0.997552,0,0.82697,0.60300,49.618,1.206,-1,400.000,-1,375.000,-1,325.000,325.000,325.000,300.000,-1,900.000,950.000,700.000,825.000,675.000,-1,-1,2,0,2,0,2,0,0,0,0,2,0,0,1,0,0,2,2
39,7237.259,-830.828,-324.477,-186.984,-0.992190,-0.121322,0.028985,0.122942,-0.990421,0.062855,0.021082,0.065928,0.997602,0,0.82051,0.69452,49.231,1.389,-1,400.000,-1,375.000,-1,325.000,325.000,325.000,300.000,-1,925.000,1000.000,675.000,825.000,675.000,-1,-1,2,0,2,0,2,0,0,0,0,2,0,0,1,0,0,2,2
40,7188.589,-826.078,-323.513,-185.573,-0.994869,-0.096906,0.029082,0.098545,-0.993229,0.061525,0.022923,0.064075,0.997682,0,0.81502,0.70557,48.901,1.411,-1,400.000,-1,375.000,-1,325.000,325.000,325.000,300.000,-1,950.000,-1,650.000,850.000,675.000,-1,-1,2,0,2,0,2,0,0,0,0,2,0,2,1,0,0,2,2
41,7140.051,-822.565,-322.337,-184.138,-0.996982,-0.072016,0.029005,0.073645,-0.995497,0.059689,0.024576,0.061645,0.997796,0,0.81109,0.71743,48.665,1.435,-1,400.000,-1,375.000,-1,325.000,325.000,325.000,300.000,-1,1000.000,-1,650.000,850.000,675.000,-1,-1,2,0,2,0,2,0,0,0,0,2,0,2,1,0,0,2,2
42,7091.584,-820.297,-321.087,-182.678,-0.998494,-0.046633,0.028894,0.048244,-0.997161,0.057819,0.026116,0.059126,0.997909,0,0.80868,0.73008,48.521,1.460,-1,400.000,-1,375.000,-1,325.000,325.000,325.000,300.000,-1,-1,-1,675.000,850.000,675.000,-1,-1,2,0,2,0,2,0,0,0,0,2,2,2,1,0,0,2,2
43,7043.129,-819.288,-319.769,-181.191,-0.999372,-0.020744,0.028742,0.022328,-0.998186,0.055920,0.027530,0.056527,0.998021,0,0.80778,0.74348,48.467,1.487,-1,400.000,-1,375.000,-1,325.000,325.000,300.000,300.000,-1,-1,-1,675.000,875.000,675.000,-1,-1,2,0,2,0,2,0,0,0,0,2,2,2,1,0,0,2,2
44,6994.629,-819.561,-318.388,-179.675,-0.999577,0.005658,0.028543,-0.004111,-0.998533,0.053990,0.028806,0.053850,0.998133,0,0.80835,0.75761,48.501,1.515,-1,400.000,-1,375.000,-1,325.000,325.000,300.000,300.000,-1,-1,-1,725.000,875.000,700.000,-1,-1,2,0,2,0,2,0,0,0,0,2,2,2,1,0,0,2,2
45,6946.034,-821.146,-316.949,-178.130,-0.999069,0.032582,0.028292,-0.031079,-0.998162,0.052028,0.029935,0.051100,0.998245,0,0.81036,0.77245,48.622,1.545,-1,400.000,-1,375.000,-1,325.000,325.000,300.000,300.000,-1,-1,-1,750.000,900.000,700.000,-1,-1,2,0,2,0,2,0,0,0,0,2,2,2,1,0,0,2,2
46,6897.296,-824.078,-315.456,-176.555,-0.997804,0.060029,0.027985,-0.058579,-0.997028,0.050028,0.030905,0.048279,0.998356,0,0.81378,0.78797,48.827,1.576,-1,425.000,-1,375.000,-1,325.000,325.000,300.000,300.000,-1,-1,-1,825.000,900.000,700.000,-1,-1,2,0,2,0,2,0,0,0,0,2,2,2,1,0,0,2,2
47,6848.375,-828.403,-313.914,-174.946,-0.995738,0.088001,0.027616,-0.086612,-0.995086,0.047989,0.031703,0.045393,0.998466,0,0.81854,0.80416,49.113,1.608,-1,425.000,-1,375.000,-1,325.000,325.000,300.000,300.000,-1,-1,-1,900.000,925.000,700.000,-1,-1,2,0,2,0,2,0,0,0,0,2,2,2,1,0,0,2,2
48,6799.235,-834.170,-312.329,-173.304,-0.992819,0.116494,0.027179,-0.115175,-0.992284,0.045906,0.032317,0.042446,0.998576,0,0.82462,0.82103,49.477,1.642,-1,425.000,-1,375.000,-1,325.000,325.000,300.000,300.000,-1,-1,-1,975.000,925.000,700.000,-1,-1,2,0,2,0,2,0,0,0,0,2,2,2,1,0,0,2,2
49,6749.850,-841.437,-310.705,-171.627,-0.988998,0.145503,0.026668,-0.144260,-0.988571,0.043775,0.032732,0.039446,0.998685,0,0.83196,0.83854,49.918,1.677,-1,425.000,-1,375.000,-1,325.000,325.000,300.000,300.000,-1,-1,-1,-1,950.000,700.000,-1,-1,2,0,2,0,2,0,0,0,0,2,2,2,2,0,0,2,2
50,6700.198,-850.267,-309.050,-169.914,-0.984220,0.175017,0.026077,-0.173857,-0.983892,0.041589,0.032935,0.036399,0.998794,0,0.84052,0.85671,50.431,1.713,-1,425.000,-1,375.000,-1,325.000,325.000,300.000,300.000,-1,-1,-1,-1,975.000,725.000,-1,-1,2,0,2,0,2,0,0,0,0,2,2,2,2,0,0,2,2
51,6650.269,-860.731,-307.369,-168.163,-0.978428,0.205022,0.025399,-0.203950,-0.978190,0.039343,0.032911,0.033315,0.998903,0,0.85024,0.87552,51.014,1.751,-1,425.000,-1,375.000,-1,325.000,325.000,300.000,300.000,-1,-1,-1,-1,975.000,725.000,-1,-1,2,0,2,0,2,0,0,0,0,2,2,2,2,0,0,2,2
52,6600.059,-872.901,-305.639,-166.373,-0.971564,0.235500,0.024564,-0.234529,-0.971409,0.036898,0.032551,0.030087,0.999017,0,0.86106,0.89497,51.664,1.790,-1,425.000,-1,375.000,-1,325.000,325.000,300.000,300.000,-1,-1,-1,-1,1000.000,725.000,-1,-1,2,0,2,0,2,0,0,0,0,2,2,2,2,0,0,2,2
53,6549.577,-886.860,-303.883,-164.542,-0.963567,0.266428,0.023574,-0.265566,-0.963483,0.034299,0.031851,0.026789,0.999134,0,0.87295,0.91506,52.377,1.830,-1,425.000,-1,375.000,-1,325.000,325.000,300.000,300.000,-1,-1,-1,-1,1000.000,750.000,-1,-1,2,0,2,0,2,0,0,0,0,2,2,2,2,0,0,2,2
54,6498.839,-902.690,-302.139,-162.671,-0.954370,0.297777,0.022505,-0.297024,-0.954346,0.031630,0.030896,0.023502,0.999246,0,0.88583,0.93578,53.150,1.872,-1,425.000,-1,400.000,-1,325.000,325.000,300.000,300.000,-1,-1,-1,-1,1000.000,750.000,-1,-1,2,0,2,0,2,0,0,0,0,2,2,2,2,0,0,2,2
55,6447.876,-920.479,-300.486,-160.757,-0.943902,0.329515,0.021647,-0.328869,-0.943939,0.028708,0.029893,0.019979,0.999353,0,0.89965,0.95713,53.979,1.914,-1,425.000,-1,400.000,-1,325.000,325.000,300.000,300.000,-1,-1,-1,-1,-1,775.000,-1,-1,2,0,2,0,2,0,0,0,0,2,2,2,2,2,0,2,2
56,6396.728,-940.318,-298.877,-158.798,-0.932104,0.361600,0.020697,-0.361062,-0.932188,0.025707,0.028589,0.016489,0.999455,0,0.91434,0.97909,54.861,1.958,-1,425.000,-1,400.000,-1,350.000,325.000,300.000,300.000,-1,-1,-1,-1,-1,775.000,-1,-1,2,0,2,0,2,0,0,0,0,2,2,2,2,2,0,2,2
57,6345.514,-962.269,-297.321,-156.798,-0.918929,0.393932,0.019673,-0.393497,-0.919046,0.022678,0.027014,0.013099,0.999549,0,0.92868,1.00000,55.721,2.000,-1,425.000,-1,400.000,-1,350.000,325.000,300.000,300.000,-1,-1,-1,-1,-1,800.000,-1,-1,2,0,2,0,2,0,0,0,0,2,2,2,2,2,0,2,2
58,6299.349,-983.758,-295.979,-155.038,-0.906409,0.421987,0.018692,-0.421639,-0.906545,0.019932,0.025357,0.010185,0.999627,0,0.84868,0.88000,50.921,1.760,-1,425.000,-1,400.000,-1,350.000,325.000,300.000,300.000,-1,-1,-1,-1,-1,825.000,-1,-1,2,0,2,0,2,0,0,0,0,2,2,2,2,2,0,2,2
59,6255.338,-1005.683,-294.764,-153.518,-0.894910,0.445896,0.017710,-0.445625,-0.895053,0.017300,0.023566,0.007589,0.999693,0,0.81951,0.76000,49.171,1.520,-1,425.000,-1,400.000,-1,350.000,325.000,300.000,300.000,-1,-1,-1,-1,-1,825.000,-1,-1,2,0,2,0,2,0,0,0,0,2,2,2,2,2,0,2,2
60,6211.826,-1028.586,-293.637,-152.238,-0.884740,0.465786,0.016698,-0.465584,-0.884882,0.014686,0.021616,0.005219,0.999753,0,0.81951,0.64000,49.171,1.280,-1,425.000,-1,400.000,-1,350.000,325.000,300.000,300.000,-1,-1,-1,-1,-1,825.000,-1,-1,2,0,2,0,2,0,0,0,0,2,2,2,2,2,0,2,2
61,6168.738,-1052.275,-292.629,-151.198,-0.876157,0.481774,0.015549,-0.481632,-0.876290,0.012135,0.019472,0.003144,0.999805,0,0.81951,0.52000,49.171,1.040,-1,425.000,-1,400.000,-1,350.000,325.000,300.000,300.000,-1,-1,-1,-1,-1,850.000,-1,-1,2,0,2,0,2,0,0,0,0,2,2,2,2,2,0,2,2
62,6125.985,-1076.564,-291.764,-150.398,-0.869367,0.493964,0.014182,-0.493871,-0.869481,0.009674,0.017109,0.001406,0.999853,0,0.81951,0.40000,49.171,0.800,-1,425.000,-1,400.000,-1,350.000,325.000,300.000,275.000,-1,-1,-1,-1,1000.000,850.000,-1,-1,2,0,2,0,2,0,0,0,0,2,2,2,2,0,0,2,2
63,6083.471,-1101.269,-290.993,-149.838,-0.864517,0.502439,0.012824,-0.502387,-0.864613,0.007207,0.014709,-0.000212,0.999892,0,0.81951,0.28000,49.171,0.560,-1,425.000,-1,400.000,-1,350.000,325.000,300.000,275.000,-1,-1,-1,-1,1000.000,850.000,-1,-1,2,0,2,0,2,0,0,0,0,2,2,2,2,0,0,2,2
64,6041.096,-1126.211,-290.326,-149.518,-0.861717,0.507259,0.011483,-0.507240,-0.861792,0.004761,0.012311,-0.001722,0.999923,0,0.81951,0.16000,49.171,0.320,-1,425.000,-1,400.000,-1,350.000,325.000,300.000,275.000,-1,-1,-1,-1,975.000,850.000,-1,-1,2,0,2,0,2,0,0,0,0,2,2,2,2,0,0,2,2
65,5998.756,-1151.213,-289.760,-149.438,-0.861025,0.508460,0.010161,-0.508465,-0.861080,0.002325,0.009931,-0.003165,0.999946,0,0.81951,0.04000,49.171,0.080,-1,425.000,-1,400.000,-1,350.000,325.000,300.000,275.000,-1,-1,-1,-1,975.000,850.000,-1,-1,2,0,2,0,2,0,0,0,0,2,2,2,2,0,0,2,2
66,5956.346,-1176.096,-289.338,-149.598,-0.862460,0.506051,0.008661,-0.506071,-0.862492,-0.000031,0.007455,-0.004410,0.999962,0,0.81951,-0.08000,49.171,-0.160,-1,425.000,-1,400.000,-1,350.000,325.000,300.000,275.000,-1,-1,-1,-1,975.000,850.000,-1,-1,2,0,2,0,2,0,0,0,0,2,2,2,2,0,0,2,2
67,5913.764,-1200.683,-289.044,-149.998,-0.865988,0.500015,0.007058,-0.500040,-0.865999,-0.002329,0.004948,-0.005546,0.999972,0,0.81951,-0.20000,49.171,-0.400,-1,425.000,-1,400.000,-1,350.000,325.000,300.000,275.000,-1,-1,-1,-1,950.000,850.000,-1,-1,2,0,2,0,2,0,0,0,0,2,2,2,2,0,0,2,2
68,5870.909,-1224.792,-288.836,-150.638,-0.871532,0.490307,0.005523,-0.490332,-0.871524,-0.004633,0.002542,-0.006746,0.999974,0,0.81951,-0.32000,49.171,-0.640,-1,425.000,-1,400.000,-1,350.000,325.000,300.000,275.000,-1,-1,-1,-1,925.000,825.000,-1,-1,2,0,2,0,2,0,0,0,0,2,2,2,2,0,0,2,2
69,5827.690,-1248.241,-288.716,-151.518,-0.878970,0.476860,0.004054,-0.476877,-0.878943,-0.006952,0.000248,-0.008043,0.999968,0,0.81951,-0.44000,49.171,-0.880,-1,425.000,-1,400.000,-1,325.000,325.000,300.000,275.000,-1,-1,-1,-1,925.000,825.000,-1,-1,2,0,2,0,2,0,0,0,0,2,2,2,2,0,0,2,2
70,5784.020,-1270.840,-288.742,-152.638,-0.888132,0.459581,0.002629,-0.459584,-0.888082,-0.009586,-0.002071,-0.009722,0.999951,0,0.81951,-0.56000,49.171,-1.120,-1,425.000,-1,400.000,-1,325.000,325.000,300.000,275.000,-1,-1,-1,-1,900.000,825.000,-1,-1,2,0,2,0,2,0,0,0,0,2,2,2,2,0,0,2,2
71,5739.826,-1292.396,-288.820,-153.998,-0.898796,0.438366,0.001284,-0.438348,-0.898724,-0.012101,-0.004150,-0.011440,0.999926,0,0.81951,-0.68000,49.171,-1.360,-1,425.000,-1,400.000,-1,325.000,325.000,300.000,300.000,-1,-1,-1,-1,900.000,800.000,-1,-1,2,0,2,0,2,0,0,0,0,2,2,2,2,0,0,2,2
72,5695.048,-1312.711,-288.915,-155.598,-0.910689,0.413093,0.000055,-0.413051,-0.910595,-0.014349,-0.005877,-0.013090,0.999897,0,0.81951,-0.80000,49.171,-1.600,-1,425.000,-1,400.000,-1,325.000,325.000,300.000,300.000,-1,-1,-1,-1,875.000,800.000,-1,-1,2,0,2,0,2,0,0,0,0,2,2,2,2,0,0,2,2
73,5649.661,-1331.628,-289.049,-157.373,-0.923048,0.384683,-0.001075,-0.384615,-0.922930,-0.016473,-0.007330,-0.014792,0.999864,0,0.81951,-0.88741,49.171,-1.775,-1,425.000,-1,400.000,-1,325.000,325.000,300.000,300.000,-1,-1,-1,-1,850.000,800.000,-1,-1,2,0,2,0,2,0,0,0,0,2,2,2,2,0,0,2,2
74,5603.711,-1349.131,-289.279,-159.148,-0.934520,0.355905,-0.002020,-0.355812,-0.934379,-0.018248,-0.008382,-0.016334,0.999831,0,0.81951,-0.88741,49.171,-1.775,-1,425.000,-1,400.000,-1,325.000,325.000,300.000,300.000,-1,-1,-1,-1,850.000,800.000,-1,-1,2,0,2,0,2,0,0,0,0,2,2,2,2,0,0,2,2
75,5557.241,-1365.203,-289.542,-160.923,-0.945094,0.326787,-0.002844,-0.326669,-0.944928,-0.019953,-0.009208,-0.017929,0.999797,0,0.81951,-0.88741,49.171,-1.775,-1,400.000,-1,400.000,-1,325.000,325.000,300.000,300.000,-1,-1,-1,-1,850.000,800.000,-1,-1,2,0,2,0,2,0,0,0,0,2,2,2,2,0,0,2,2
76,5510.295,-1379.827,-289.831,-162.698,-0.954760,0.297355,-0.003554,-0.297214,-0.954566,-0.021620,-0.009821,-0.019585,0.999760,0,0.81951,-0.88741,49.171,-1.775,-1,400.000,-1,400.000,-1,325.000,325.000,300.000,300.000,-1,-1,-1,-1,825.000,800.000,-1,-1,2,0,2,0,2,0,0,0,0,2,2,2,2,0,0,2,2
77,5462.919,-1392.990,-290.139,-164.473,-0.963510,0.267638,-0.004152,-0.267475,-0.963284,-0.023260,-0.010224,-0.021301,0.999721,0,0.81951,-0.88741,49.171,-1.775,-1,400.000,-1,400.000,-1,325.000,325.000,300.000,300.000,-1,-1,-1,-1,825.000,800.000,-1,-1,2,0,2,0,2,0,0,0,0,2,2,2,2,0,0,2,2
78,5415.158,-1404.680,-290.462,-166.247,-0.971336,0.237666,-0.004642,-0.237483,-0.971073,-0.024887,-0.010423,-0.023071,0.999679,0,0.81951,-0.88741,49.171,-1.775,-1,400.000,-1,400.000,-1,325.000,325.000,300.000,300.000,-1,-1,-1,-1,825.000,800.000,-1,-1,2,0,2,0,2,0,0,0,0,2,2,2,2,0,0,2,2
79,5367.057,-1414.886,-290.792,-168.022,-0.978229,0.207468,-0.005033,-0.207267,-0.977925,-0.026511,-0.010422,-0.024891,0.999636,0,0.81951,-0.88741,49.171,-1.775,-1,400.000,-1,400.000,-1,325.000,325.000,300.000,300.000,-1,-1,-1,-1,800.000,800.000,-1,-1,2,0,2,0,2,0,0,0,0,2,2,2,2,0,0,2,2
80,5318.664,-1423.596,-291.125,-169.797,-0.984184,0.177072,-0.005331,-0.176856,-0.983834,-0.028144,-0.010228,-0.026756,0.999590,0,0.81951,-0.88741,49.171,-1.775,-1,400.000,-1,400.000,-1,325.000,325.000,300.000,300.000,-1,-1,-1,-1,800.000,800.000,-1,-1,2,0,2,0,2,0,0,0,0,2,2,2,2,0,0,2,2
81,5270.024,-1430.804,-291.567,-171.572,-0.989195,0.146509,-0.005405,-0.146288,-0.988798,-0.029632,-0.009686,-0.028521,0.999546,0,0.81951,-0.88741,49.171,-1.775,-1,400.000,-1,400.000,-1,325.000,325.000,300.000,300.000,-1,-1,-1,-1,800.000,800.000,-1,-1,2,0,2,0,2,0,0,0,0,2,2,2,2,0,0,2,2
82,5217.350,-1437.172,-292.248,-173.107,-0.992760,0.119968,-0.005949,-0.119733,-0.992335,-0.030572,-0.009571,-0.029638,0.999515,0,0.88430,-0.76741,53.058,-1.535,-1,400.000,-1,400.000,-1,325.000,325.000,300.000,300.000,-1,-1,-1,-1,800.000,800.000,-1,-1,2,0,2,0,2,0,0,0,0,2,2,2,2,0,0,2,2
83,5164.545,-1442.349,-292.877,-174.402,-0.995212,0.097511,-0.006621,-0.097259,-0.994766,-0.031324,-0.009641,-0.030530,0.999487,0,0.88430,-0.64741,53.058,-1.295,-1,400.000,-1,400.000,-1,325.000,325.000,300.000,300.000,-1,-1,-1,-1,800.000,800.000,-1,-1,2,0,2,0,2,0,0,0,0,2,2,2,2,0,0,2,2
84,5111.654,-1446.552,-293.489,-175.456,-0.996834,0.079180,-0.007309,-0.078908,-0.996368,-0.032000,-0.009816,-0.031322,0.999461,0,0.88430,-0.52741,53.058,-1.055,-1,400.000,-1,400.000,-1,325.000,325.000,300.000,300.000,-1,-1,-1,-1,775.000,800.000,-1,-1,2,0,2,0,2,0,0,0,0,2,2,2,2,0,0,2,2
85,5058.708,-1450.003,-294.086,-176.271,-0.997853,0.065001,-0.008012,-0.064708,-0.997371,-0.032614,-0.010111,-0.032025,0.999436,0,0.88430,-0.40741,53.058,-0.815,-1,400.000,-1,400.000,-1,325.000,325.000,300.000,300.000,-1,-1,-1,-1,775.000,800.000,-1,-1,2,0,2,0,2,0,0,0,0,2,2,2,2,0,0,2,2
86,5005.731,-1452.922,-294.673,-176.846,-0.998449,0.054991,-0.008728,-0.054673,-0.997953,-0.033178,-0.010535,-0.032649,0.999411,0,0.88430,-0.28741,53.058,-0.575,-1,400.000,-1,400.000,-1,325.000,325.000,300.000,300.000,-1,-1,-1,-1,775.000,800.000,-1,-1,2,0,2,0,2,0,0,0,0,2,2,2,2,0,0,2,2
87,4952.737,-1455.532,-295.256,-177.181,-0.998746,0.049157,-0.009455,-0.048813,-0.998239,-0.033705,-0.011095,-0.033202,0.999387,0,0.88430,-0.16741,53.058,-0.335,-1,400.000,-1,400.000,-1,325.000,325.000,300.000,300.000,-1,-1,-1,-1,775.000,800.000,-1,-1,2,0,2,0,2,0,0,0,0,2,2,2,2,0,0,2,2
88,4899.740,-1458.055,-295.839,-177.276,-0.998819,0.047504,-0.010191,-0.047130,-0.998303,-0.034210,-0.011799,-0.033690,0.999363,0,0.88430,-0.04741,53.058,-0.095,-1,400.000,-1,400.000,-1,325.000,325.000,300.000,300.000,-1,-1,-1,-1,775.000,825.000,-1,-1,2,0,2,0,2,0,0,0,0,2,2,2,2,0,0,2,2
89,4846.748,-1460.711,-296.426,-177.130,-0.998688,0.050033,-0.010932,-0.049627,-0.998165,-0.034706,-0.012649,-0.034118,0.999338,0,0.88430,0.07259,53.058,0.145,-1,400.000,-1,400.000,-1,325.000,325.000,300.000,300.000,-1,-1,-1,-1,750.000,825.000,-1,-1,2,0,2,0,2,0,0,0,0,2,2,2,2,0,0,2,2
90,4793.776,-1463.724,-297.022,-176.745,-0.998321,0.056741,-0.011674,-0.056299,-0.997793,-0.035204,-0.013646,-0.034487,0.999312,0,0.88430,0.19259,53.058,0.385,-1,400.000,-1,400.000,-1,325.000,325.000,300.000,300.000,-1,-1,-1,-1,750.000,825.000,-1,-1,2,0,2,0,2,0,0,0,0,2,2,2,2,0,0,2,2
91,4738.139,-1467.029,-297.657,-176.600,-0.998165,0.059268,-0.012421,-0.058792,-0.997631,-0.035723,-0.014508,-0.034927,0.999285,0,0.92892,0.07259,55.735,0.145,-1,400.000,-1,400.000,-1,325.000,325.000,300.000,300.000,-1,-1,-1,-1,750.000,825.000,-1,-1,2,0,2,0,2,0,0,0,0,2,2,2,2,0,0,2,2
92,4682.210,-1470.259,-298.297,-176.695,-0.998252,0.057616,-0.013142,-0.057108,-0.997711,-0.036227,-0.015200,-0.035413,0.999257,0,0.93370,-0.04741,56.022,-0.095,-1,400.000,-1,400.000,-1,325.000,325.000,300.000,300.000,-1,-1,-1,-1,750.000,825.000,-1,-1,2,0,2,0,2,0,0,0,0,2,2,2,2,0,0,2,2
93,4625.988,-1473.256,-298.938,-176.949,-0.998489,0.053182,-0.013849,-0.052644,-0.997938,-0.036710,-0.015773,-0.035926,0.999230,0,0.93837,-0.12727,56.302,-0.255,-1,400.000,-1,400.000,-1,325.000,325.000,300.000,300.000,-1,-1,-1,-1,750.000,825.000,-1,-1,2,0,2,0,2,0,0,0,0,2,2,2,2,0,0,2,2
94,4569.479,-1476.007,-299.848,-177.212,-0.998717,0.048607,-0.014236,-0.048066,-0.998189,-0.036175,-0.015969,-0.035445,0.999244,0,0.94294,-0.13135,56.576,-0.263,-1,400.000,-1,400.000,-1,325.000,325.000,300.000,300.000,-1,-1,-1,-1,750.000,825.000,-1,-1,2,0,2,0,2,0,0,0,0,2,2,2,2,0,0,2,2
95,4512.690,-1478.503,-300.875,-177.483,-0.998929,0.043884,-0.014632,-0.043346,-0.998440,-0.035204,-0.016154,-0.034532,0.999273,0,0.94739,-0.13559,56.843,-0.271,-1,400.000,-1,400.000,-1,325.000,325.000,300.000,300.000,-1,-1,-1,-1,725.000,825.000,-1,-1,2,0,2,0,2,0,0,0,0,2,2,2,2,0,0,2,2
96,4455.631,-1480.731,-301.895,-177.763,-0.999126,0.039006,-0.015027,-0.038474,-0.998673,-0.034225,-0.016342,-0.033617,0.999301,0,0.95171,-0.13997,57.102,-0.280,-1,400.000,-1,400.000,975.000,325.000,325.000,300.000,300.000,-1,-1,-1,-1,725.000,825.000,-1,-1,2,0,2,0,1,0,0,0,0,2,2,2,2,0,0,2,2
97,4398.312,-1482.680,-302.906,-178.052,-0.999304,0.033969,-0.015420,-0.033442,-0.998888,-0.033238,-0.016532,-0.032699,0.999328,0,0.95588,-0.14451,57.353,-0.289,-1,400.000,-1,400.000,925.000,325.000,325.000,300.000,300.000,-1,-1,-1,-1,725.000,825.000,-1,-1,2,0,2,0,1,0,0,0,0,2,2,2,2,0,0,2,2
98,4340.742,-1484.337,-303.910,-178.351,-0.999461,0.028767,-0.015815,-0.028246,-0.999081,-0.032243,-0.016728,-0.031779,0.999355,0,0.95988,-0.14921,57.593,-0.298,-1,375.000,-1,400.000,900.000,325.000,325.000,300.000,300.000,-1,-1,-1,-1,725.000,825.000,-1,-1,2,0,2,0,1,0,0,0,0,2,2,2,2,0,0,2,2
99,4282.935,-1485.690,-304.907,-178.659,-0.999595,0.023393,-0.016211,-0.022879,-0.999250,-0.031239,-0.016930,-0.030855,0.999380,0,0.96371,-0.15409,57.823,-0.308,-1,375.000,-1,400.000,850.000,325.000,325.000,300.000,300.000,-1,-1,-1,-1,725.000,825.000,-1,-1,2,0,2,0,1,0,0,0,0,2,2,2,2,0,0,2,2
100,4224.904,-1486.726,-305.897,-178.977,-0.999703,0.017842,-0.016611,-0.017334,-0.999393,-0.030226,-0.017140,-0.029929,0.999405,0,0.96734,-0.15915,58.041,-0.318,-1,375.000,-1,400.000,825.000,325.000,325.000,300.000,300.000,-1,-1,-1,-1,725.000,825.000,-1,-1,2,0,2,0,1,0,0,0,0,2,2,2,2,0,0,2,2
101,4166.663,-1487.431,-306.880,-179.306,-0.999782,0.012107,-0.017014,-0.011607,-0.999506,-0.029204,-0.017360,-0.029000,0.999429,0,0.97076,-0.16440,58.245,-0.329,-1,375.000,-1,400.000,800.000,325.000,325.000,300.000,300.000,-1,-1,-1,-1,725.000,825.000,-1,-1,2,0,2,0,1,0,0,0,0,2,2,2,2,0,0,2,2
102,4108.228,-1487.792,-307.858,-179.646,-0.999829,0.006181,-0.017424,-0.005689,-0.999587,-0.028173,-0.017591,-0.028069,0.999451,0,0.97393,-0.16985,58.436,-0.340,-1,375.000,-1,400.000,775.000,325.000,325.000,300.000,300.000,-1,-1,-1,-1,725.000,825.000,-1,-1,2,0,2,0,1,0,0,0,0,2,2,2,2,0,0,2,2
103,4049.617,-1487.795,-308.830,-179.997,-0.999841,0.000057,-0.017842,0.000427,-0.999632,-0.027133,-0.017837,-0.027136,0.999473,0,0.97685,-0.17550,58.611,-0.351,-1,375.000,-1,400.000,750.000,325.000,325.000,300.000,300.000,-1,-1,-1,-1,725.000,825.000,-1,-1,2,0,2,0,1,0,0,0,0,2,2,2,2,0,0,2,2
104,3995.806,-1487.693,-309.717,-180.108,-0.999832,-0.001879,-0.018232,0.002357,-0.999654,-0.026184,-0.018176,-0.026223,0.999491,0,0.89685,-0.05550,53.811,-0.111,-1,375.000,-1,400.000,725.000,325.000,325.000,300.000,300.000,-1,-1,-1,-1,725.000,825.000,-1,-1,2,0,2,0,1,0,0,0,0,2,2,2,2,0,1,2,2
105,3945.348,-1487.712,-310.546,-179.979,-0.999827,0.000371,-0.018601,0.000100,-0.999680,-0.025309,-0.018604,-0.025306,0.999507,0,0.84097,0.06450,50.458,0.129,-1,375.000,-1,400.000,700.000,325.000,325.000,300.000,300.000,-1,-1,-1,-1,700.000,800.000,-1,-1,2,0,2,0,1,0,0,0,0,2,2,2,2,0,1,2,2
106,3894.822,-1488.055,-311.491,-179.610,-0.999804,0.006810,-0.018567,-0.006365,-0.999694,-0.023919,-0.018724,-0.023796,0.999541,0,0.84212,0.18450,50.527,0.369,-1,375.000,-1,400.000,700.000,325.000,325.000,300.000,300.000,-1,-1,-1,-1,700.000,775.000,1000.000,-1,2,0,2,0,1,0,0,0,0,2,2,2,2,1,1,1,2
107,3844.276,-1488.937,-312.444,-179.001,-0.999677,0.017435,-0.018494,-0.017018,-0.999602,-0.022492,-0.018879,-0.022170,0.999576,0,0.84256,0.30450,50.554,0.609,-1,375.000,-1,400.000,700.000,325.000,325.000,300.000,300.000,-1,-1,-1,-1,675.000,750.000,950.000,-1,2,0,2,0,1,0,0,0,0,2,2,2,2,1,1,1,2
108,3793.768,-1490.471,-313.406,-178.259,-0.999369,0.030372,-0.018406,-0.029983,-0.999328,-0.021070,-0.019033,-0.020505,0.999609,0,0.84219,0.37078,50.532,0.742,-1,375.000,1000.000,400.000,725.000,325.000,325.000,300.000,300.000,-1,-1,-1,-1,650.000,725.000,925.000,-1,2,0,1,0,1,0,0,0,0,2,2,2,2,1,1,1,2
109,3743.351,-1492.643,-314.372,-177.533,-0.998906,0.043033,-0.018301,-0.042673,-0.998896,-0.019650,-0.019126,-0.018848,0.999639,0,0.84106,0.36300,50.464,0.726,-1,375.000,950.000,400.000,750.000,325.000,325.000,300.000,300.000,-1,-1,-1,-1,625.000,675.000,900.000,-1,2,0,1,0,1,0,0,0,0,2,2,2,2,1,1,1,2
110,3693.067,-1495.433,-315.341,-176.823,-0.998298,0.055411,-0.018179,-0.055080,-0.998315,-0.018235,-0.019159,-0.017202,0.999668,0,0.83935,0.35504,50.361,0.710,-1,375.000,875.000,400.000,800.000,325.000,325.000,300.000,300.000,-1,-1,-1,-1,575.000,650.000,850.000,-1,2,0,1,0,1,0,0,0,0,2,2,2,2,1,1,1,2
111,3642.958,-1498.823,-316.309,-176.129,-0.997556,0.067498,-0.018040,-0.067196,-0.997598,-0.016825,-0.019132,-0.015572,0.999696,0,0.83707,0.34693,50.224,0.694,-1,375.000,825.000,400.000,825.000,325.000,325.000,300.000,300.000,-1,-1,-1,-1,550.000,625.000,825.000,-1,2,0,1,0,1,0,0,0,1,2,2,2,2,1,1,1,2
112,3589.410,-1503.321,-317.342,-175.198,-0.996330,0.083706,-0.017866,-0.083436,-0.996395,-0.015328,-0.019085,-0.013781,0.999723,0,0.89561,0.46565,53.736,0.931,-1,375.000,750.000,375.000,900.000,325.000,325.000,300.000,300.000,-1,-1,-1,-1,525.000,575.000,800.000,-1,2,0,1,1,1,0,0,0,1,2,2,2,2,1,1,1,2
113,3535.518,-1508.729,-318.379,-174.270,-0.994847,0.099837,-0.017664,-0.099600,-0.994931,-0.013825,-0.018955,-0.011995,0.999748,0,0.90271,0.46408,54.163,0.928,-1,350.000,700.000,350.000,950.000,300.000,300.000,300.000,300.000,-1,-1,-1,-1,500.000,525.000,775.000,-1,2,1,1,1,1,1,1,0,0,2,2,2,2,1,1,1,2
114,3481.295,-1515.055,-319.416,-173.345,-0.993110,0.115879,-0.017431,-0.115674,-0.993211,-0.012319,-0.018740,-0.010217,0.999772,0,0.90985,0.46222,54.591,0.924,-1,350.000,625.000,350.000,1000.000,300.000,300.000,300.000,300.000,-1,-1,-1,-1,475.000,500.000,750.000,925.000,2,1,1,1,1,1,1,0,0,2,2,2,2,1,1,1,1
115,3426.755,-1522.307,-320.449,-172.425,-0.991126,0.131814,-0.017166,-0.131642,-0.991238,-0.010810,-0.018440,-0.008454,0.999794,0,0.91701,0.46004,55.020,0.920,-1,325.000,575.000,325.000,1000.000,275.000,275.000,300.000,300.000,-1,-1,-1,-1,450.000,450.000,775.000,700.000,2,1,1,1,1,1,1,0,0,2,2,2,2,1,1,1,1
116,3371.911,-1530.493,-321.473,-171.510,-0.988899,0.147629,-0.016866,-0.147489,-0.989020,-0.009300,-0.018054,-0.006709,0.999815,0,0.92418,0.45751,55.451,0.915,-1,300.000,525.000,275.000,1000.000,250.000,250.000,300.000,300.000,-1,-1,-1,-1,425.000,400.000,1000.000,550.000,2,1,1,1,1,1,1,0,0,2,2,2,2,1,1,1,1
117,3321.907,-1538.560,-322.393,-170.835,-0.987096,0.159272,-0.016565,-0.159159,-0.987221,-0.007923,-0.017616,-0.005184,0.999831,0,0.84418,0.33751,50.651,0.675,-1,275.000,475.000,250.000,950.000,225.000,225.000,300.000,300.000,-1,-1,-1,-1,400.000,375.000,975.000,475.000,2,1,1,1,1,1,1,0,0,2,2,2,2,1,1,1,1
118,3276.699,-1546.207,-321.476,-170.400,-0.985947,0.166756,-0.010077,-0.166631,-0.985944,-0.012195,-0.011969,-0.010345,0.999875,0,0.76418,0.21751,45.851,0.435,-1,250.000,475.000,250.000,900.000,225.000,200.000,300.000,325.000,-1,-1,725.000,-1,400.000,350.000,950.000,450.000,2,1,1,1,1,1,1,0,0,2,2,0,2,1,1,1,1
119,3236.246,-1553.192,-320.150,-170.205,-0.985424,0.170096,-0.002498,-0.170028,-0.985284,-0.017517,-0.005440,-0.016837,0.999843,0,0.68418,0.09751,41.051,0.195,-1,250.000,450.000,250.000,875.000,200.000,200.000,300.000,350.000,-1,600.000,550.000,-1,375.000,350.000,925.000,450.000,2,1,1,1,1,1,1,0,0,2,0,0,2,1,1,1,1
120,3200.519,-1559.331,-317.752,-170.250,-0.985535,0.169320,0.007199,-0.169420,-0.985401,-0.016758,0.004256,-0.017735,0.999834,0,0.60418,-0.02249,36.251,-0.045,-1,250.000,475.000,250.000,875.000,200.000,200.000,300.000,375.000,-1,400.000,375.000,-1,400.000,350.000,950.000,475.000,2,1,1,1,1,1,1,0,1,2,0,0,2,1,1,1,1
121,3169.496,-1564.502,-315.244,-170.535,-0.986251,0.164420,0.016604,-0.164657,-0.986250,-0.014085,0.014060,-0.016625,0.999763,0,0.52418,-0.14249,31.451,-0.285,-1,250.000,475.000,250.000,900.000,200.000,200.000,325.000,375.000,-1,300.000,300.000,-1,400.000,350.000,950.000,525.000,2,1,1,1,1,1,1,0,1,2,0,0,2,1,1,1,1
122,3143.173,-1568.673,-313.116,-170.995,-0.987373,0.156507,0.024496,-0.156825,-0.987557,-0.011672,0.022365,-0.015366,0.999632,0,0.44418,-0.22981,26.651,-0.460,-1,250.000,475.000,250.000,900.000,200.000,200.000,325.000,375.000,-1,250.000,250.000,-1,425.000,350.000,950.000,575.000,2,1,1,1,1,1,1,0,0,2,0,0,2,1,1,1,1
123,3121.565,-1571.920,-311.373,-171.453,-0.988412,0.148608,0.030937,-0.148969,-0.988794,-0.009690,0.029151,-0.014186,0.999474,0,0.36418,-0.22905,21.851,-0.458,-1,250.000,475.000,250.000,900.000,200.000,200.000,325.000,375.000,-1,200.000,200.000,-1,425.000,350.000,975.000,600.000,2,1,1,1,1,1,1,0,0,2,0,0,2,1,1,1,1
124,3104.683,-1574.320,-310.015,-171.909,-0.989396,0.140732,0.035927,-0.141105,-0.989962,-0.008051,0.034433,-0.013035,0.999322,0,0.28418,-0.22813,17.051,-0.456,-1,250.000,475.000,250.000,925.000,200.000,200.000,350.000,400.000,-1,200.000,200.000,-1,425.000,350.000,975.000,625.000,2,1,1,1,1,1,1,0,1,2,0,0,2,1,1,1,1
125,3092.540,-1575.948,-309.042,-172.363,-0.990346,0.132884,0.039467,-0.133246,-0.991060,-0.006694,0.038225,-0.011889,0.999198,0,0.20418,-0.22705,12.251,-0.454,-1,250.000,475.000,250.000,925.000,200.000,200.000,350.000,400.000,-1,175.000,175.000,-1,425.000,375.000,950.000,650.000,2,1,1,1,1,1,1,0,1,2,0,0,2,1,1,1,1
126,3085.148,-1576.879,-308.455,-172.815,-0.991277,0.125069,0.041566,-0.125405,-0.992090,-0.005583,0.040539,-0.010747,0.999120,0,0.12418,-0.22582,7.451,-0.452,-1,250.000,475.000,250.000,950.000,200.000,200.000,350.000,400.000,-1,175.000,175.000,-1,425.000,375.000,950.000,675.000,2,1,1,1,1,1,1,0,1,2,0,0,2,1,1,1,1
127,3082.515,-1577.190,-308.253,-173.264,-0.992199,0.117292,0.042231,-0.117593,-0.993051,-0.004702,0.041386,-0.009632,0.999097,0,0.04418,-0.22449,2.651,-0.449,-1,250.000,450.000,250.000,950.000,200.000,200.000,350.000,400.000,-1,175.000,175.000,-1,425.000,375.000,950.000,700.000,2,1,1,1,1,1,1,0,1,2,0,0,2,1,1,1,1
128,3082.918,-1577.146,-308.294,-173.710,-0.993093,0.109558,0.041994,-0.109819,-0.993944,-0.003970,0.041305,-0.008554,0.999110,0,-0.00675,-0.22306,-0.405,-0.446,-1,250.000,450.000,250.000,950.000,200.000,200.000,350.000,400.000,-1,175.000,175.000,-1,425.000,375.000,925.000,700.000,2,1,1,1,1,1,1,0,1,2,0,0,2,1,1,1,1
129,3083.321,-1577.105,-308.333,-174.153,-0.993920,0.101867,0.041777,-0.102090,-0.994770,-0.003240,0.041229,-0.007485,0.999122,0,-0.00675,-0.22161,-0.405,-0.443,-1,250.000,450.000,250.000,950.000,200.000,200.000,350.000,375.000,-1,175.000,175.000,-1,400.000,400.000,925.000,725.000,2,1,1,1,1,1,1,0,0,2,0,0,2,1,1,1,1
130,3083.725,-1577.066,-308.372,-174.593,-0.994683,0.094219,0.041580,-0.094405,-0.995531,-0.002511,0.041157,-0.006423,0.999132,0,-0.00677,-0.22016,-0.406,-0.440,-1,250.000,425.000,250.000,950.000,200.000,200.000,350.000,375.000,-1,175.000,175.000,-1,400.000,400.000,900.000,725.000,2,1,1,1,1,1,1,0,0,2,0,0,2,1,1,1,1
131,3084.132,-1577.031,-308.409,-175.031,-0.995381,0.086616,0.041400,-0.086764,-0.996227,-0.001786,0.041090,-0.005370,0.999141,0,-0.00680,-0.21873,-0.408,-0.437,-1,250.000,425.000,250.000,950.000,200.000,200.000,350.000,375.000,-1,200.000,175.000,-1,400.000,400.000,900.000,725.000,2,1,1,1,1,1,1,0,0,2,0,0,2,1,1,1,1
132,3084.541,-1576.999,-308.446,-175.466,-0.996017,0.079058,0.041239,-0.079169,-0.996861,-0.001063,0.041026,-0.004324,0.999149,0,-0.00683,-0.21730,-0.410,-0.435,-1,250.000,425.000,250.000,950.000,200.000,200.000,350.000,375.000,-1,200.000,175.000,-1,400.000,400.000,875.000,750.000,2,1,1,1,1,1,1,0,0,2,0,0,2,1,1,1,1
133,3084.952,-1576.969,-308.481,-175.897,-0.996591,0.071544,0.041095,-0.071618,-0.997432,-0.000344,0.040965,-0.003286,0.999155,0,-0.00688,-0.21589,-0.413,-0.432,-1,250.000,425.000,250.000,950.000,175.000,200.000,350.000,375.000,-1,200.000,175.000,-1,375.000,425.000,875.000,750.000,2,1,1,1,1,1,1,0,0,2,0,0,2,1,1,1,1
134,3085.368,-1576.942,-308.516,-176.326,-0.997104,0.064074,0.040969,-0.064113,-0.997943,0.000371,0.040908,-0.002257,0.999160,0,-0.00694,-0.21448,-0.417,-0.429,-1,250.000,450.000,250.000,950.000,175.000,200.000,350.000,375.000,-1,200.000,175.000,-1,375.000,425.000,850.000,775.000,2,1,1,1,1,1,1,0,1,2,0,0,2,1,1,1,1
