timestep,x_cm,y_cm,z_cm,yaw_deg,basis_xx,basis_xy,basis_xz,basis_yx,basis_yy,basis_yz,basis_zx,basis_zy,basis_zz,teleport_flag,throttle_cmd,steering_cmd,cmd_move_cm,cmd_turn_deg,lidar_cm_0,lidar_cm_1,lidar_cm_2,lidar_cm_3,lidar_cm_4,lidar_cm_5,lidar_cm_6,lidar_cm_7,lidar_cm_8,lidar_cm_9,lidar_cm_10,lidar_cm_11,lidar_cm_12,lidar_cm_13,lidar_cm_14,lidar_cm_15,lidar_cm_16,lidar_class_0,lidar_class_1,lidar_class_2,lidar_class_3,lidar_class_4,lidar_class_5,lidar_class_6,lidar_class_7,lidar_class_8,lidar_class_9,lidar_class_10,lidar_class_11,lidar_class_12,lidar_class_13,lidar_class_14,lidar_class_15,lidar_class_16
0,-6231.523,-984.422,-4.460,164.609,-0.946411,-0.255617,-0.197399,0.297181,-0.928561,-0.222392,-0.126450,-0.269138,0.954764,1,0.00000,0.00000,4.800,-0.240,200.000,300.000,-1,475.000,-1,275.000,325.000,250.000,275.000,-1,100.000,25.000,-1,400.000,825.000,225.000,-1,0,1,2,1,2,1,1,0,1,2,1,1,2,0,0,0,2
1,-4918.981,4258.770,297.256,-83.876,0.108720,0.994006,-0.011476,-0.987380,0.106644,-0.117077,-0.115151,0.024060,0.993057,1,0.08000,-0.12000,4.800,-0.240,-1,425.000,-1,375.000,-1,325.000,300.000,325.000,300.000,-1,-1,-1,-1,800.000,650.000,-1,-1,2,0,2,0,2,0,0,0,0,2,2,2,2,0,0,2,2
2,-4918.037,4249.216,296.170,-84.356,0.100259,0.994903,-0.010791,-0.988234,0.098317,-0.117161,-0.115503,0.022411,0.993054,0,0.16000,-0.24000,9.600,-0.480,-1,425.000,-1,375.000,-1,325.000,300.000,325.000,300.000,-1,-1,-1,-1,800.000,650.000,-1,-1,2,0,2,0,2,0,0,0,0,2,2,2,2,0,0,2,2
3,-4916.801,4234.869,294.535,-85.076,0.087554,0.996112,-0.009776,-0.989384,0.085811,-0.117281,-0.115986,0.019941,0.993051,0,0.24000,-0.36000,14.400,-0.720,-1,425.000,-1,375.000,-1,325.000,300.000,325.000,300.000,-1,-1,-1,-1,800.000,650.000,-1,-1,2,0,2,0,2,0,0,0,0,2,2,2,2,0,0,2,2
4,-4915.474,4215.715,292.344,-86.036,0.070589,0.997470,-0.008446,-0.990674,0.069114,-0.117427,-0.116546,0.016656,0.993046,0,0.32000,-0.48000,19.200,-0.960,-1,400.000,-1,375.000,-1,325.000,300.000,325.000,325.000,-1,-1,-1,-1,775.000,650.000,-1,-1,2,0,2,0,2,0,0,0,0,2,2,2,2,0,0,2,2
5,-4914.263,4191.746,289.589,-87.108,0.051615,0.998644,-0.006822,-0.991779,0.050456,-0.117594,-0.117091,0.012836,0.993038,0,0.40000,-0.53563,24.000,-1.071,-1,400.000,-1,375.000,-1,325.000,300.000,325.000,325.000,-1,-1,-1,-1,750.000,625.000,-1,-1,2,0,2,0,2,0,0,0,0,2,2,2,2,0,0,2,2
6,-4913.348,4162.960,286.264,-88.179,0.032585,0.999457,-0.004927,-0.992531,0.031779,-0.117778,-0.117557,0.008728,0.993028,0,0.48000,-0.53563,28.800,-1.071,-1,400.000,-1,375.000,-1,325.000,300.000,325.000,325.000,-1,-1,-1,-1,750.000,625.000,-1,-1,2,0,2,0,2,0,0,0,0,2,2,2,2,0,0,2,2
7,-4912.907,4129.363,282.368,-89.250,0.013509,0.999905,-0.002775,-0.992931,0.013088,-0.117967,-0.117919,0.004349,0.993014,0,0.56000,-0.53563,33.600,-1.071,-1,400.000,-1,350.000,-1,325.000,300.000,325.000,325.000,-1,-1,-1,-1,725.000,625.000,-1,-1,2,0,2,0,2,0,0,0,0,2,2,2,2,0,0,2,2
8,-4913.122,4090.963,277.902,-90.321,-0.005603,0.999984,-0.000379,-0.992980,-0.005609,-0.118150,-0.118150,-0.000286,0.992996,0,0.64000,-0.53563,38.400,-1.071,-1,375.000,-1,350.000,-1,300.000,300.000,325.000,325.000,-1,-1,-1,-1,725.000,625.000,-1,-1,2,0,2,0,2,0,0,0,0,2,2,2,2,0,0,2,2
9,-4914.170,4047.776,272.872,-91.393,-0.024743,0.999691,0.002250,-0.992678,-0.024303,-0.118319,-0.118228,-0.005161,0.992973,0,0.72000,-0.53563,43.200,-1.071,-1,375.000,-1,350.000,-1,300.000,300.000,325.000,325.000,-1,-1,-1,-1,700.000,625.000,-1,-1,2,0,2,0,2,0,0,0,0,2,2,2,2,0,0,2,2
10,-4916.232,3999.820,267.287,-92.464,-0.043899,0.999023,0.005100,-0.992027,-0.042987,-0.118465,-0.118130,-0.010260,0.992945,0,0.80000,-0.53563,48.000,-1.071,-1,375.000,-1,350.000,-1,300.000,300.000,325.000,325.000,-1,-1,-1,-1,675.000,600.000,-1,-1,2,0,2,0,2,0,0,0,0,2,2,2,2,0,0,2,2
11,-4919.486,3947.121,261.186,-93.535,-0.063050,0.997978,0.008062,-0.991032,-0.061653,-0.118549,-0.117813,-0.015464,0.992915,0,0.88000,-0.53563,52.800,-1.071,-1,375.000,-1,350.000,-1,300.000,300.000,325.000,325.000,-1,-1,-1,-1,650.000,600.000,-1,1000.000,2,0,2,0,2,0,0,0,0,2,2,2,2,0,0,2,0
12,-4923.833,3893.158,255.682,-94.606,-0.081864,0.996604,0.008825,-0.990016,-0.080297,-0.115847,-0.114745,-0.018221,0.993228,0,0.90231,-0.53563,54.139,-1.071,-1,375.000,-1,350.000,-1,300.000,300.000,325.000,325.000,-1,600.000,-1,-1,675.000,600.000,-1,-1,2,0,2,0,2,0,0,0,0,2,0,2,2,0,0,2,2
13,-4929.187,3839.285,250.389,-95.678,-0.100704,0.994862,0.010404,-0.988734,-0.098908,-0.112351,-0.110745,-0.021601,0.993614,0,0.90231,-0.53563,54.139,-1.071,-1,375.000,-1,350.000,-1,300.000,300.000,350.000,325.000,-1,450.000,725.000,-1,650.000,625.000,-1,-1,2,0,2,0,2,0,0,0,0,2,0,0,2,0,0,2,2
14,-4935.548,3785.522,245.126,-96.749,-0.119486,0.992763,0.012053,-0.987093,-0.117482,-0.108837,-0.106634,-0.024902,0.993986,0,0.90231,-0.53563,54.139,-1.071,-1,375.000,-1,350.000,-1,300.000,300.000,350.000,325.000,-1,350.000,450.000,-1,650.000,625.000,-1,-1,2,0,2,0,2,0,0,0,0,2,0,0,2,0,0,2,2
15,-4942.913,3731.888,239.901,-97.820,-0.138203,0.990308,0.013777,-0.985094,-0.136010,-0.105315,-0.102420,-0.028126,0.994344,0,0.90231,-0.53563,54.139,-1.071,-1,375.000,-1,350.000,-1,300.000,300.000,350.000,325.000,-1,300.000,300.000,-1,650.000,625.000,-1,-1,2,0,2,0,2,0,0,0,0,2,0,0,2,0,0,2,2
16,-4951.279,3678.400,234.721,-98.891,-0.156849,0.987500,0.015580,-0.982737,-0.154487,-0.101794,-0.098115,-0.031277,0.994683,0,0.90231,-0.53563,54.139,-1.071,-1,375.000,-1,375.000,-1,300.000,300.000,350.000,325.000,-1,250.000,225.000,-1,650.000,650.000,-1,-1,2,0,2,0,2,0,0,0,0,2,0,0,2,0,0,2,2
17,-4960.644,3625.078,229.592,-99.963,-0.175417,0.984339,0.017465,-0.980022,-0.172904,-0.098288,-0.093728,-0.034357,0.995005,0,0.90231,-0.53563,54.139,-1.071,-1,375.000,-1,375.000,-1,300.000,300.000,350.000,325.000,-1,225.000,200.000,-1,650.000,650.000,-1,-1,2,0,2,0,2,0,0,0,0,2,0,0,2,0,0,2,2
18,-4971.004,3571.940,224.522,-101.034,-0.193902,0.980828,0.019435,-0.976951,-0.191256,-0.094805,-0.089271,-0.037370,0.995306,0,0.90231,-0.53563,54.139,-1.071,-1,375.000,-1,375.000,-1,300.000,300.000,325.000,325.000,-1,225.000,175.000,-1,650.000,650.000,-1,-1,2,0,2,0,2,0,0,0,0,2,0,0,2,0,0,2,2
19,-4982.356,3519.006,219.518,-102.105,-0.212295,0.976969,0.021493,-0.973523,-0.209536,-0.091360,-0.084752,-0.040319,0.995586,0,0.90231,-0.53563,54.139,-1.071,-1,375.000,-1,375.000,-1,300.000,300.000,325.000,325.000,-1,200.000,175.000,-1,650.000,650.000,-1,-1,2,0,2,0,2,0,0,0,0,2,0,0,2,0,0,2,2
20,-4994.695,3466.293,214.587,-103.176,-0.230591,0.972764,0.023638,-0.969741,-0.227738,-0.087963,-0.080184,-0.043206,0.995843,0,0.90231,-0.53563,54.139,-1.071,-1,375.000,-1,375.000,-1,300.000,300.000,325.000,325.000,-1,200.000,175.000,-1,650.000,675.000,-1,-1,2,0,2,0,2,0,0,0,0,2,0,0,2,0,0,2,2
21,-5007.786,3413.813,209.730,-104.008,-0.244715,0.969252,0.025801,-0.966628,-0.241800,-0.084636,-0.075795,-0.045651,0.996078,0,0.90147,-0.41563,54.088,-0.831,-1,375.000,-1,375.000,-1,300.000,300.000,325.000,325.000,-1,175.000,150.000,-1,650.000,675.000,-1,-1,2,0,2,0,2,0,0,0,0,2,0,0,2,0,0,2,2
22,-5021.418,3361.472,204.993,-104.599,-0.254703,0.966622,0.027723,-0.964351,-0.251767,-0.081490,-0.071790,-0.047491,0.996288,0,0.90147,-0.29563,54.088,-0.591,-1,375.000,-1,375.000,-1,300.000,300.000,325.000,325.000,-1,175.000,150.000,-1,650.000,675.000,-1,-1,2,0,2,0,2,0,0,0,0,2,0,0,2,0,0,2,2
23,-5035.373,3309.215,201.058,-104.950,-0.260437,0.965129,0.026436,-0.963006,-0.257707,-0.078784,-0.069224,-0.045976,0.996541,0,0.90147,-0.17563,54.088,-0.351,-1,375.000,-1,375.000,-1,300.000,300.000,325.000,325.000,-1,200.000,175.000,-1,675.000,675.000,-1,-1,2,0,2,0,2,0,0,0,0,2,0,0,2,0,0,2,2
24,-5049.463,3256.995,197.348,-105.098,-0.262678,0.964569,0.024646,-0.962607,-0.260219,-0.075320,-0.066239,-0.043509,0.996855,0,0.90147,-0.07374,54.088,-0.147,-1,375.000,-1,375.000,-1,300.000,300.000,325.000,325.000,-1,225.000,200.000,-1,675.000,675.000,-1,-1,2,0,2,0,2,0,0,0,0,2,0,0,2,0,0,2,2
25,-5063.687,3204.811,193.905,-105.245,-0.265002,0.963960,0.023575,-0.962125,-0.262718,-0.072759,-0.063943,-0.041963,0.997071,0,0.90147,-0.07374,54.088,-0.147,-1,375.000,-1,375.000,-1,300.000,300.000,325.000,300.000,-1,275.000,225.000,-1,700.000,700.000,-1,-1,2,0,2,0,2,0,0,0,0,2,0,0,2,0,0,2,2
26,-5078.044,3152.664,190.882,-105.393,-0.267416,0.963282,0.024002,-0.961618,-0.265199,-0.070432,-0.061481,-0.041915,0.997228,0,0.90147,-0.07374,54.088,-0.147,-1,375.000,-1,375.000,-1,300.000,300.000,325.000,300.000,-1,300.000,275.000,-1,700.000,700.000,-1,-1,2,0,2,0,2,0,0,0,0,2,0,0,2,0,0,2,2
27,-5092.535,3100.554,187.897,-105.540,-0.269833,0.962595,0.024530,-0.961098,-0.267678,-0.068111,-0.058997,-0.041955,0.997376,0,0.90147,-0.07374,54.088,-0.147,-1,375.000,-1,375.000,-1,300.000,300.000,325.000,325.000,-1,325.000,300.000,-1,725.000,725.000,-1,-1,2,0,2,0,2,0,0,0,0,2,0,0,2,0,0,2,2
28,-5107.193,3048.360,184.860,-105.687,-0.272265,0.961890,0.025280,-0.960547,-0.270148,-0.066109,-0.056760,-0.042281,0.997492,0,0.90356,-0.07364,54.213,-0.147,-1,375.000,-1,375.000,-1,300.000,300.000,325.000,325.000,-1,375.000,325.000,-1,725.000,725.000,-1,-1,2,0,2,0,2,0,0,0,0,2,0,0,2,0,0,2,2
29,-5122.050,2995.979,181.831,-105.834,-0.274688,0.961180,0.026047,-0.959985,-0.272608,-0.064141,-0.054551,-0.042624,0.997601,0,0.90746,-0.07344,54.448,-0.147,-1,375.000,-1,375.000,-1,300.000,325.000,325.000,325.000,-1,400.000,375.000,-1,750.000,750.000,-1,-1,2,0,2,0,2,0,0,0,0,2,0,0,2,0,0,2,2
30,-5137.105,2943.409,178.810,-105.981,-0.277101,0.960466,0.026834,-0.959412,-0.275059,-0.062211,-0.052371,-0.042983,0.997702,0,0.91138,-0.07320,54.683,-0.146,-1,375.000,-1,375.000,-1,325.000,325.000,325.000,325.000,-1,425.000,400.000,-1,775.000,775.000,-1,-1,2,0,2,0,2,0,0,0,0,2,0,0,2,0,0,2,2
31,-5152.359,2890.652,175.798,-106.127,-0.279502,0.959747,0.027638,-0.958831,-0.277498,-0.060319,-0.050221,-0.043359,0.997796,0,0.91531,-0.07292,54.919,-0.146,-1,400.000,-1,375.000,-1,325.000,325.000,325.000,325.000,-1,400.000,425.000,-1,775.000,775.000,-1,-1,2,0,2,0,2,0,0,0,0,2,0,0,2,0,0,2,2
32,-5167.813,2837.706,172.794,-106.272,-0.281891,0.959024,0.028460,-0.958240,-0.279925,-0.058466,-0.048103,-0.043752,0.997884,0,0.91926,-0.07261,55.156,-0.145,-1,400.000,-1,400.000,-1,325.000,325.000,325.000,325.000,-1,375.000,400.000,-1,800.000,800.000,-1,-1,2,0,2,0,2,0,0,0,0,2,0,0,2,0,0,2,2
33,-5183.468,2784.571,169.800,-106.416,-0.284265,0.958298,0.029300,-0.957641,-0.282338,-0.056653,-0.046018,-0.044164,0.997964,0,0.92322,-0.07226,55.393,-0.145,-1,400.000,-1,400.000,-1,325.000,325.000,325.000,325.000,-1,350.000,375.000,-1,800.000,825.000,-1,-1,2,0,2,0,2,0,0,0,0,2,0,0,2,0,0,2,2
34,-5199.324,2731.247,166.816,-106.560,-0.286624,0.957568,0.030158,-0.957034,-0.284736,-0.054882,-0.043966,-0.044593,0.998037,0,0.92719,-0.07187,55.632,-0.144,-1,400.000,-1,400.000,-1,325.000,325.000,325.000,325.000,-1,350.000,375.000,-1,800.000,825.000,-1,-1,2,0,2,0,2,0,0,0,0,2,0,0,2,1,0,2,2
35,-5215.382,2677.734,164.138,-106.703,-0.288953,0.956887,0.029560,-0.956373,-0.287132,-0.053912,-0.043100,-0.043848,0.998108,0,0.93118,-0.07143,55.871,-0.143,-1,400.000,-1,400.000,-1,325.000,325.000,300.000,300.000,-1,375.000,400.000,-1,775.000,850.000,-1,-1,2,0,2,0,2,0,0,0,0,2,0,0,2,1,0,2,2
36,-5231.642,2624.030,161.331,-106.845,-0.291315,0.956179,0.029270,-0.955654,-0.289503,-0.053981,-0.043142,-0.043698,0.998113,0,0.93518,-0.07095,56.111,-0.142,-1,400.000,-1,400.000,-1,325.000,325.000,300.000,300.000,-1,425.000,450.000,-1,750.000,850.000,-1,-1,2,0,2,0,2,0,0,0,0,2,0,0,2,1,0,2,2
37,-5248.104,2570.138,158.543,-106.986,-0.293665,0.955468,0.029029,-0.954928,-0.291853,-0.054177,-0.043293,-0.043630,0.998109,0,0.93918,-0.07041,56.351,-0.141,-1,400.000,-1,400.000,-1,325.000,325.000,300.000,300.000,-1,475.000,500.000,-1,725.000,850.000,-1,-1,2,0,2,0,2,0,0,0,0,2,0,0,2,1,1,2,2
38,-5263.078,2520.809,156.095,-106.886,-0.292055,0.955967,0.028841,-0.955360,-0.290197,-0.055428,-0.044618,-0.043741,0.998046,0,0.85918,0.04959,51.551,0.099,-1,400.000,-1,400.000,-1,325.000,325.000,300.000,300.000,-1,550.000,575.000,-1,700.000,800.000,-1,-1,2,0,2,0,2,0,0,0,0,2,0,0,2,1,1,2,2
39,-5276.393,2475.994,153.682,-106.547,-0.286419,0.957692,0.028115,-0.956981,-0.284540,-0.056777,-0.046375,-0.043168,0.997991,0,0.77918,0.16959,46.751,0.339,-1,400.000,975.000,400.000,-1,325.000,325.000,300.000,300.000,-1,650.000,675.000,-1,650.000,775.000,-1,-1,2,0,1,0,2,0,0,0,0,2,0,0,2,1,1,2,2
40,-5287.934,2435.662,151.472,-105.968,-0.276750,0.960544,0.027634,-0.959740,-0.274852,-0.057925,-0.048045,-0.042552,0.997938,0,0.69918,0.28959,41.951,0.579,-1,400.000,925.000,400.000,-1,325.000,325.000,300.000,300.000,-1,725.000,750.000,-1,625.000,750.000,-1,-1,2,0,1,0,2,0,0,0,0,2,0,0,2,1,1,2,2
41,-5297.643,2399.802,149.496,-105.149,-0.263010,0.964408,0.027245,-0.963511,-0.261100,-0.058941,-0.049729,-0.041753,0.997890,0,0.61918,0.40959,37.151,0.819,-1,400.000,850.000,400.000,-1,325.000,325.000,300.000,300.000,-1,800.000,850.000,-1,600.000,700.000,-1,-1,2,0,1,0,2,0,0,0,0,2,0,0,2,1,1,2,2
42,-5305.519,2368.425,147.756,-104.090,-0.245153,0.969110,0.026958,-0.968120,-0.243238,-0.059823,-0.051418,-0.040764,0.997845,0,0.53918,0.52959,32.351,1.059,-1,400.000,800.000,400.000,-1,325.000,325.000,300.000,300.000,-1,875.000,925.000,-1,600.000,675.000,-1,-1,2,0,1,0,2,0,0,0,0,2,0,0,2,1,1,2,2
43,-5311.619,2341.558,146.254,-102.791,-0.223125,0.974422,0.026773,-0.973343,-0.221213,-0.060571,-0.053099,-0.039574,0.997805,0,0.45918,0.64959,27.551,1.299,-1,400.000,775.000,400.000,-1,325.000,325.000,300.000,300.000,-1,950.000,1000.000,-1,575.000,625.000,-1,-1,2,1,1,0,2,0,0,0,0,2,0,0,2,1,1,2,2
44,-5316.058,2319.244,144.997,-101.251,-0.196871,0.980066,0.026690,-0.978899,-0.194971,-0.061178,-0.054755,-0.038171,0.997770,0,0.37918,0.76959,22.751,1.539,-1,400.000,750.000,400.000,-1,325.000,325.000,300.000,300.000,-1,-1,-1,-1,575.000,600.000,-1,-1,2,1,1,0,2,0,0,0,0,2,2,2,2,1,1,2,2
45,-5319.013,2301.538,143.994,-99.472,-0.166339,0.985707,0.026702,-0.984456,-0.164458,-0.061638,-0.056366,-0.036540,0.997741,0,0.29918,0.88959,17.951,1.779,-1,400.000,750.000,400.000,-1,325.000,325.000,300.000,300.000,-1,-1,-1,-1,575.000,575.000,-1,-1,2,1,1,0,2,0,0,0,0,2,2,2,2,1,1,2,2
46,-5320.725,2288.500,143.254,-97.475,-0.131876,0.990904,0.026797,-0.989574,-0.130024,-0.061945,-0.057897,-0.034687,0.997720,0,0.21918,0.99832,13.151,1.997,-1,400.000,750.000,400.000,-1,325.000,325.000,300.000,300.000,-1,-1,-1,-1,600.000,550.000,-1,925.000,2,1,1,0,2,0,0,0,0,2,2,2,2,1,1,2,1
47,-5321.523,2280.187,142.787,-95.483,-0.097324,0.994888,0.026940,-0.993490,-0.095506,-0.062100,-0.059210,-0.032808,0.997706,0,0.13918,0.99605,8.351,1.992,-1,375.000,775.000,400.000,-1,325.000,325.000,300.000,300.000,-1,-1,-1,-1,600.000,525.000,-1,750.000,2,1,1,1,2,0,0,0,0,2,2,2,2,1,1,2,1
48,-5321.741,2276.643,142.604,-93.496,-0.062727,0.997662,0.027109,-0.996207,-0.060948,-0.062102,-0.060305,-0.030901,0.997702,0,0.05918,0.99375,3.551,1.988,-1,400.000,800.000,400.000,-1,325.000,325.000,300.000,300.000,-1,-1,-1,-1,625.000,500.000,-1,675.000,2,1,1,1,2,0,0,0,0,2,2,2,2,1,1,2,1
49,-5321.709,2277.892,142.714,-91.513,-0.028125,0.999232,0.027282,-0.997730,-0.026392,-0.061953,-0.061186,-0.028962,0.997706,0,-0.02082,0.99148,-1.249,1.983,-1,400.000,850.000,400.000,-1,325.000,325.000,300.000,300.000,-1,-1,-1,-1,675.000,500.000,-1,625.000,2,1,1,1,2,0,0,0,0,2,2,2,2,1,1,2,1
50,-5321.758,2283.822,143.077,-89.534,0.006447,0.999607,0.027295,-0.998057,0.008123,-0.061776,-0.061973,-0.026844,0.997717,0,-0.09884,0.98928,-5.930,1.979,-1,400.000,925.000,400.000,-1,325.000,325.000,300.000,300.000,-1,-1,-1,-1,725.000,500.000,-1,600.000,2,1,1,1,2,0,0,0,0,2,2,2,2,1,1,2,1
51,-5322.013,2289.796,143.442,-87.560,0.040946,0.998790,0.027257,-0.997195,0.042561,-0.061567,-0.062653,-0.024660,0.997731,0,-0.09964,0.98721,-5.978,1.974,-1,400.000,-1,400.000,-1,325.000,325.000,300.000,300.000,-1,-1,-1,-1,800.000,500.000,-1,575.000,2,1,2,1,2,0,0,0,0,2,2,2,2,1,1,2,1
52,-5322.477,2295.808,143.805,-85.590,0.075333,0.996789,0.027155,-0.995152,0.076880,-0.061327,-0.063217,-0.022404,0.997748,0,-0.10051,0.98518,-6.030,1.970,-1,400.000,-1,400.000,800.000,325.000,325.000,300.000,300.000,-1,-1,-1,-1,825.000,500.000,-1,575.000,2,1,2,1,1,0,0,0,0,2,2,2,2,0,1,2,1
53,-5323.154,2301.856,144.180,-83.623,0.109566,0.993612,0.027037,-0.991936,0.111043,-0.061091,-0.063703,-0.020126,0.997766,0,-0.10143,0.98319,-6.086,1.966,-1,400.000,-1,400.000,700.000,325.000,325.000,300.000,300.000,-1,-1,-1,-1,825.000,500.000,-1,550.000,2,0,2,1,1,0,0,0,0,2,2,2,2,0,1,2,1
54,-5324.046,2307.936,144.566,-81.661,0.143604,0.989269,0.026902,-0.987556,0.145011,-0.060862,-0.064110,-0.017828,0.997784,0,-0.10241,0.98124,-6.144,1.962,-1,400.000,-1,400.000,650.000,325.000,325.000,300.000,300.000,-1,-1,-1,-1,825.000,525.000,-1,550.000,2,0,2,1,1,0,0,0,0,2,2,2,2,0,1,2,1
55,-5325.156,2314.042,144.962,-79.702,0.177411,0.983773,0.026751,-0.982025,0.178745,-0.060640,-0.064438,-0.015512,0.997801,0,-0.10343,0.97934,-6.206,1.959,-1,400.000,-1,400.000,625.000,325.000,325.000,300.000,300.000,-1,-1,-1,-1,825.000,525.000,-1,525.000,2,0,2,1,1,0,0,0,0,2,2,2,2,0,1,2,1
56,-5326.488,2320.170,145.369,-77.747,0.210949,0.977136,0.026584,-0.975354,0.212208,-0.060426,-0.064686,-0.013182,0.997819,0,-0.10451,0.97748,-6.271,1.955,-1,400.000,-1,400.000,600.000,325.000,325.000,300.000,300.000,-1,-1,-1,-1,825.000,525.000,-1,550.000,2,0,2,1,1,0,0,0,0,2,2,2,2,0,1,2,1
57,-5328.043,2326.314,145.786,-75.796,0.244180,0.969370,0.026401,-0.967559,0.245364,-0.060221,-0.064854,-0.010840,0.997836,0,-0.10563,0.97565,-6.338,1.951,-1,400.000,-1,400.000,575.000,325.000,325.000,300.000,300.000,-1,-1,-1,-1,825.000,550.000,-1,550.000,2,0,2,1,1,0,0,0,0,2,2,2,2,0,1,2,1
58,-5329.826,2332.468,146.213,-73.848,0.277068,0.960493,0.026203,-0.958653,0.278175,-0.060026,-0.064943,-0.008488,0.997853,0,-0.10679,0.97387,-6.408,1.948,-1,400.000,-1,400.000,575.000,325.000,325.000,300.000,300.000,-1,-1,-1,-1,825.000,550.000,-1,550.000,2,0,2,1,1,0,0,0,0,2,2,2,2,0,1,2,1
59,-5331.839,2338.627,146.649,-71.904,0.309578,0.950519,0.025990,-0.948653,0.310607,-0.059841,-0.064953,-0.006130,0.997870,0,-0.10799,0.97212,-6.480,1.944,-1,400.000,-1,400.000,550.000,325.000,325.000,300.000,300.000,-1,-1,-1,-1,825.000,550.000,-1,575.000,2,0,2,1,1,0,0,0,0,2,2,2,2,0,1,2,1
60,-5334.085,2344.784,147.094,-69.963,0.341675,0.939465,0.025762,-0.937576,0.342625,-0.059668,-0.064883,-0.003767,0.997886,0,-0.10923,0.97042,-6.554,1.941,-1,400.000,-1,400.000,550.000,325.000,325.000,300.000,300.000,-1,-1,-1,-1,825.000,575.000,-1,575.000,2,0,2,1,1,0,0,0,0,2,2,2,2,0,1,2,1
61,-5336.566,2350.933,147.548,-68.026,0.373325,0.927350,0.025520,-0.925439,0.374193,-0.059509,-0.064735,-0.001401,0.997902,0,-0.11050,0.96875,-6.630,1.937,-1,400.000,-1,400.000,550.000,325.000,325.000,300.000,300.000,-1,-1,-1,-1,800.000,575.000,-1,600.000,2,0,2,0,1,0,0,0,0,2,2,2,2,0,1,2,1
62,-5339.285,2357.065,148.010,-66.091,0.404493,0.914192,0.025265,-0.912263,0.405281,-0.059362,-0.064508,0.000963,0.997917,0,-0.11179,0.96711,-6.708,1.934,-1,400.000,-1,400.000,550.000,325.000,325.000,300.000,300.000,-1,-1,-1,-1,800.000,600.000,-1,625.000,2,0,2,0,1,0,0,0,0,2,2,2,2,0,1,2,1
63,-5342.243,2363.173,148.480,-64.160,0.435148,0.900012,0.024998,-0.898067,0.435853,-0.059231,-0.064204,0.003324,0.997931,0,-0.11312,0.96551,-6.787,1.931,-1,400.000,-1,400.000,575.000,325.000,325.000,300.000,300.000,-1,-1,-1,-1,800.000,625.000,-1,650.000,2,0,2,0,1,0,0,0,0,2,2,2,2,0,1,2,1
64,-5345.443,2369.250,148.957,-62.232,0.465258,0.884830,0.024718,-0.882871,0.465880,-0.059114,-0.063822,0.005680,0.997945,0,-0.11446,0.96395,-6.868,1.928,-1,400.000,-1,400.000,575.000,325.000,325.000,300.000,300.000,-1,-1,-1,-1,800.000,625.000,-1,675.000,2,0,2,0,1,0,0,0,0,2,2,2,2,0,1,2,1
65,-5348.885,2375.287,149.440,-60.308,0.494791,0.868668,0.024428,-0.866699,0.495329,-0.059015,-0.063364,0.008028,0.997958,0,-0.11583,0.96242,-6.950,1.925,-1,400.000,-1,400.000,600.000,325.000,325.000,300.000,300.000,-1,-1,-1,-1,800.000,650.000,-1,725.000,2,0,2,0,1,0,0,0,0,2,2,2,2,0,1,2,1
66,-5352.572,2381.276,149.930,-58.386,0.523718,0.851550,0.024128,-0.849572,0.524171,-0.058932,-0.062831,0.010365,0.997970,0,-0.11721,0.96092,-7.033,1.922,-1,400.000,-1,400.000,600.000,325.000,325.000,300.000,300.000,-1,-1,-1,-1,800.000,675.000,-1,800.000,2,0,2,0,1,0,0,0,0,2,2,2,2,0,1,2,1
67,-5356.503,2387.208,150.425,-56.467,0.552008,0.833498,0.023819,-0.831514,0.552376,-0.058867,-0.062223,0.012690,0.997982,0,-0.11861,0.95946,-7.117,1.919,-1,400.000,-1,400.000,625.000,325.000,325.000,300.000,300.000,-1,-1,-1,-1,800.000,700.000,-1,-1,2,0,2,0,1,0,0,0,0,2,2,2,2,0,1,2,2
68,-5357.839,2389.101,150.604,-54.788,0.576247,0.816934,0.023611,-0.814940,0.576543,-0.058906,-0.061735,0.014702,0.997984,0,-0.03861,0.83946,-2.317,1.679,-1,400.000,-1,400.000,650.000,325.000,325.000,300.000,300.000,-1,-1,-1,-1,800.000,725.000,-1,-1,2,0,2,0,1,0,0,0,0,2,2,2,2,0,1,2,2
69,-5356.356,2387.109,150.469,-53.349,0.596622,0.802178,0.023516,-0.800171,0.596860,-0.059033,-0.061391,0.016404,0.997979,0,0.04139,0.71946,2.483,1.439,-1,400.000,-1,400.000,650.000,325.000,325.000,300.000,300.000,-1,-1,-1,-1,825.000,750.000,-1,-1,2,0,2,0,1,0,0,0,0,2,2,2,2,0,1,2,2
70,-5351.887,2381.358,150.024,-52.150,0.613305,0.789495,0.023540,-0.787471,0.613499,-0.059239,-0.061211,0.017794,0.997966,0,0.12139,0.59946,7.283,1.199,-1,400.000,-1,400.000,675.000,325.000,325.000,300.000,300.000,-1,-1,-1,-1,825.000,775.000,-1,-1,2,0,2,0,1,0,0,0,0,2,2,2,2,0,1,2,2
71,-5344.314,2371.942,149.273,-51.191,0.626449,0.779102,0.023691,-0.777055,0.626613,-0.059514,-0.061213,0.018873,0.997946,0,0.20139,0.47946,12.083,0.959,-1,400.000,-1,400.000,675.000,325.000,325.000,300.000,300.000,-1,-1,-1,-1,800.000,800.000,-1,-1,2,0,2,0,1,0,0,0,0,2,2,2,2,0,1,2,2
72,-5333.568,2358.920,148.212,-50.472,0.636180,0.771167,0.023996,-0.769092,0.636330,-0.059852,-0.061425,0.019622,0.997919,0,0.28139,0.35946,16.883,0.719,-1,400.000,-1,400.000,675.000,325.000,325.000,300.000,300.000,-1,-1,-1,-1,800.000,825.000,-1,-1,2,0,2,0,1,0,0,0,0,2,2,2,2,0,0,2,2
73,-5319.628,2342.311,146.797,-49.993,0.642582,0.765818,0.024710,-0.763703,0.642751,-0.060245,-0.062019,0.019841,0.997878,0,0.36139,0.23946,21.683,0.479,-1,400.000,-1,400.000,700.000,325.000,325.000,300.000,300.000,-1,-1,-1,-1,800.000,825.000,-1,-1,2,0,2,0,1,0,0,0,0,2,2,2,2,0,0,2,2
74,-5302.518,2322.096,145.071,-49.754,0.645733,0.763134,0.025606,-0.760971,0.645940,-0.060697,-0.062860,0.019709,0.997828,0,0.44139,0.11946,26.483,0.239,-1,400.000,-1,400.000,700.000,325.000,325.000,300.000,300.000,-1,-1,-1,-1,800.000,825.000,-1,-1,2,0,2,0,1,0,0,0,0,2,2,2,2,0,0,2,2
75,-5282.307,2298.218,143.037,-49.755,0.645667,0.763153,0.026671,-0.760937,0.645932,-0.061219,-0.063947,0.019233,0.997768,0,0.52139,-0.00054,31.283,-0.001,-1,400.000,-1,400.000,700.000,325.000,325.000,300.000,300.000,-1,-1,-1,-1,800.000,825.000,-1,-1,2,0,2,0,1,0,0,0,0,2,2,2,2,0,0,2,2
76,-5259.111,2270.578,140.699,-49.995,0.642402,0.765860,0.027891,-0.763582,0.642744,-0.061825,-0.065276,0.018420,0.997697,0,0.60139,-0.11983,36.083,-0.240,-1,400.000,-1,400.000,700.000,325.000,325.000,300.000,300.000,-1,-1,-1,-1,775.000,825.000,-1,-1,2,0,2,1,1,0,0,0,0,2,2,2,2,0,0,2,2
77,-5232.963,2239.149,138.063,-50.240,0.639047,0.768611,0.029255,-0.766265,0.639476,-0.062523,-0.066763,0.017538,0.997615,0,0.68139,-0.12239,40.883,-0.245,-1,400.000,-1,400.000,700.000,325.000,325.000,300.000,300.000,-1,-1,-1,-1,775.000,825.000,-1,-1,2,0,2,1,1,0,0,0,0,2,2,2,2,0,0,2,2
78,-5204.861,2205.069,135.233,-50.491,0.635591,0.771415,0.030708,-0.768994,0.636116,-0.063287,-0.068355,0.016610,0.997523,0,0.73620,-0.12540,44.172,-0.251,-1,400.000,-1,400.000,750.000,325.000,325.000,300.000,300.000,-1,-1,-1,-1,750.000,800.000,-1,-1,2,0,2,1,1,0,0,0,0,2,2,2,2,0,0,2,2
79,-5176.923,2170.877,132.235,-50.748,0.632084,0.774269,0.031259,-0.771787,0.632645,-0.064075,-0.069388,0.016375,0.997455,0,0.73591,-0.12875,44.155,-0.257,-1,400.000,-1,400.000,875.000,325.000,325.000,300.000,300.000,-1,-1,-1,-1,750.000,800.000,-1,-1,2,0,2,0,1,0,0,0,0,2,2,2,2,0,0,2,2
80,-5149.160,2136.578,129.155,-51.013,0.628501,0.777178,0.031319,-0.774642,0.629064,-0.064871,-0.070118,0.016511,0.997402,0,0.73545,-0.13218,44.127,-0.264,-1,400.000,-1,400.000,850.000,325.000,325.000,300.000,300.000,-1,-1,-1,-1,750.000,800.000,-1,-1,2,0,2,0,1,0,0,0,0,2,2,2,2,0,0,2,2
81,-5121.585,2102.178,126.086,-51.284,0.624813,0.780147,0.031308,-0.777557,0.625374,-0.065667,-0.070809,0.016686,0.997350,0,0.73480,-0.13569,44.088,-0.271,-1,400.000,-1,400.000,850.000,325.000,325.000,300.000,300.000,-1,-1,-1,-1,750.000,800.000,-1,-1,2,0,2,0,1,0,0,0,0,2,2,2,2,0,0,2,2
82,-5094.208,2067.683,123.027,-51.563,0.621017,0.783175,0.031225,-0.780533,0.621572,-0.066462,-0.071460,0.016902,0.997300,0,0.73397,-0.13928,44.038,-0.279,-1,400.000,-1,400.000,825.000,325.000,325.000,300.000,300.000,-1,-1,-1,-1,775.000,800.000,-1,-1,2,0,2,0,1,0,0,0,0,2,2,2,2,0,0,2,2
83,-5067.042,2033.101,120.252,-51.848,0.617078,0.786276,0.031371,-0.783668,0.617664,-0.065997,-0.071269,0.016141,0.997327,0,0.73294,-0.14293,43.976,-0.286,-1,400.000,-1,400.000,825.000,325.000,325.000,300.000,300.000,-1,-1,-1,-1,775.000,800.000,-1,-1,2,0,2,0,1,0,0,0,0,2,2,2,2,0,0,2,2
84,-5040.098,1998.438,117.715,-52.142,0.612999,0.789447,0.031713,-0.786943,0.613646,-0.064490,-0.070372,0.014576,0.997414,0,0.73172,-0.14664,43.903,-0.293,-1,400.000,-1,400.000,825.000,325.000,325.000,300.000,325.000,-1,-1,-1,-1,775.000,800.000,-1,-1,2,0,2,0,1,0,0,0,1,2,2,2,2,0,1,2,2
85,-5013.389,1963.702,114.916,-52.442,0.608835,0.792663,0.031693,-0.790180,0.609497,-0.064249,-0.070245,0.014074,0.997431,0,0.73030,-0.15041,43.818,-0.301,-1,400.000,-1,400.000,800.000,325.000,325.000,300.000,300.000,-1,-1,-1,-1,800.000,775.000,-1,-1,2,0,2,0,1,0,0,0,1,2,2,2,2,0,1,2,2
86,-4986.925,1928.899,111.860,-52.751,0.604584,0.795926,0.031298,-0.793382,0.605217,-0.065249,-0.070875,0.014617,0.997378,0,0.72869,-0.15421,43.722,-0.308,-1,400.000,-1,400.000,775.000,325.000,325.000,325.000,275.000,-1,-1,-1,-1,800.000,750.000,-1,1000.000,2,0,2,0,1,0,0,0,1,2,2,2,2,0,1,2,1
87,-4960.718,1894.037,108.552,-53.067,0.600245,0.799234,0.030512,-0.796546,0.600802,-0.067461,-0.072248,0.016189,0.997255,0,0.72690,-0.15804,43.614,-0.316,-1,400.000,-1,400.000,750.000,325.000,325.000,325.000,275.000,-1,-1,-1,-1,800.000,725.000,-1,950.000,2,0,2,0,1,0,0,0,1,2,2,2,2,0,1,2,1
88,-4934.777,1859.123,104.874,-53.388,0.595844,0.802559,0.029486,-0.799688,0.596293,-0.070243,-0.073956,0.018274,0.997094,0,0.72493,-0.16053,43.496,-0.321,-1,400.000,-1,400.000,700.000,325.000,325.000,325.000,250.000,-1,-1,-1,-1,775.000,700.000,-1,875.000,2,0,2,0,1,0,0,0,1,2,2,2,2,0,1,2,1
89,-4909.111,1824.167,101.014,-53.712,0.591389,0.805884,0.028465,-0.802854,0.591732,-0.072660,-0.075399,0.020117,0.996950,0,0.72278,-0.16174,43.367,-0.323,-1,400.000,-1,400.000,675.000,325.000,325.000,325.000,225.000,-1,-1,-1,-1,775.000,675.000,-1,825.000,2,0,2,0,1,0,0,0,1,2,2,2,2,0,1,2,1
90,-4883.725,1789.178,97.739,-54.037,0.586813,0.809237,0.028049,-0.806222,0.587143,-0.072585,-0.075207,0.019980,0.996968,0,0.72047,-0.16283,43.228,-0.326,-1,400.000,-1,400.000,650.000,325.000,325.000,325.000,225.000,-1,-1,-1,-1,775.000,675.000,-1,800.000,2,0,2,0,1,0,0,0,1,2,2,2,2,0,1,2,1
91,-4858.625,1754.165,94.496,-54.365,0.582196,0.812581,0.027562,-0.809581,0.582507,-0.072552,-0.075010,0.019926,0.996984,0,0.71800,-0.16379,43.080,-0.328,-1,400.000,-1,400.000,600.000,325.000,325.000,325.000,225.000,-1,-1,-1,-1,775.000,650.000,-1,775.000,2,0,2,0,1,0,0,0,1,2,2,2,2,0,1,2,1
92,-4833.818,1719.136,91.154,-54.694,0.577496,0.815923,0.027700,-0.812919,0.577834,-0.072598,-0.075240,0.019407,0.996977,0,0.71540,-0.16462,42.924,-0.329,-1,400.000,-1,400.000,575.000,325.000,325.000,325.000,225.000,-1,-1,-1,-1,775.000,650.000,-1,725.000,2,0,2,0,1,0,0,0,1,2,2,2,2,0,1,2,1
93,-4809.306,1684.098,87.804,-55.025,0.572748,0.819254,0.027978,-0.816238,0.573123,-0.072702,-0.075596,0.018804,0.996961,0,0.71268,-0.16533,42.761,-0.331,-1,400.000,-1,400.000,550.000,325.000,325.000,325.000,200.000,-1,-1,-1,-1,775.000,650.000,-1,700.000,2,0,2,0,1,0,0,0,1,2,2,2,2,0,1,2,1
94,-4785.094,1649.057,84.480,-55.356,0.567967,0.822567,0.028224,-0.819538,0.568375,-0.072857,-0.075972,0.018249,0.996943,0,0.70986,-0.16590,42.592,-0.332,-1,400.000,-1,400.000,525.000,325.000,325.000,325.000,200.000,-1,-1,-1,-1,775.000,625.000,-1,675.000,2,0,2,1,1,0,0,0,1,2,2,2,2,0,1,2,1
95,-4758.544,1609.801,80.787,-55.928,0.559693,0.828211,0.028469,-0.825164,0.560146,-0.073081,-0.076473,0.017411,0.996920,0,0.78986,-0.28590,47.392,-0.572,-1,400.000,-1,400.000,475.000,325.000,325.000,325.000,200.000,-1,-1,-1,-1,750.000,625.000,-1,625.000,2,0,2,1,1,0,0,0,1,2,2,2,2,1,1,2,1
96,-4730.621,1567.228,76.825,-56.740,0.547858,0.836079,0.028688,-0.833011,0.548366,-0.073398,-0.077098,0.016314,0.996890,0,0.84855,-0.40590,50.913,-0.812,-1,400.000,-1,375.000,450.000,325.000,325.000,300.000,225.000,-1,-1,-1,-1,725.000,625.000,-1,575.000,2,0,2,1,1,0,0,0,1,2,2,2,2,1,1,2,1
97,-4703.580,1524.300,72.882,-57.792,0.532366,0.846022,0.028852,-0.842930,0.532938,-0.073803,-0.077815,0.014970,0.996855,0,0.84557,-0.52590,50.734,-1.052,-1,400.000,-1,375.000,400.000,325.000,325.000,300.000,225.000,-1,-1,-1,-1,700.000,600.000,-1,525.000,2,0,2,1,1,0,1,0,1,2,2,2,2,1,1,2,1
98,-4677.595,1480.910,69.151,-59.084,0.513033,0.857849,0.029861,-0.854708,0.513746,-0.074429,-0.079190,0.012662,0.996779,0,0.84294,-0.64590,50.576,-1.292,-1,400.000,-1,350.000,375.000,325.000,325.000,300.000,225.000,-1,-1,-1,-1,675.000,600.000,975.000,475.000,2,0,2,1,1,0,1,0,1,2,2,2,2,1,1,1,1
99,-4652.760,1437.006,65.672,-60.505,0.491368,0.870361,0.032085,-0.867137,0.492328,-0.075412,-0.081432,0.009233,0.996636,0,0.84067,-0.71066,50.440,-1.421,-1,400.000,-1,350.000,325.000,325.000,300.000,300.000,225.000,-1,-1,-1,-1,650.000,575.000,900.000,400.000,2,1,2,1,1,1,1,0,1,2,2,2,2,1,1,1,1
100,-4629.080,1392.609,61.857,-61.926,0.469490,0.882319,0.033040,-0.879033,0.470602,-0.076392,-0.082951,0.006821,0.996530,0,0.83862,-0.71051,50.317,-1.421,-1,375.000,-1,325.000,300.000,325.000,300.000,300.000,225.000,-1,-1,-1,-1,625.000,550.000,825.000,350.000,2,1,2,1,1,1,1,0,1,2,2,2,2,1,1,1,1
101,-4606.562,1347.748,59.839,-63.346,0.447105,0.893733,0.036582,-0.891119,0.448594,-0.068342,-0.077489,-0.002043,0.996991,0,0.83661,-0.71025,50.197,-1.420,925.000,400.000,-1,325.000,275.000,350.000,300.000,300.000,250.000,-1,-1,-1,-1,625.000,575.000,775.000,350.000,1,1,2,1,1,1,1,0,1,2,2,2,2,1,1,1,1
102,-4585.211,1302.450,57.802,-64.766,0.424579,0.904525,0.039590,-0.902646,0.426289,-0.059227,-0.070449,-0.010590,0.997459,0,0.83465,-0.70988,50.079,-1.420,825.000,400.000,-1,350.000,275.000,350.000,325.000,300.000,275.000,-1,-1,-1,-1,625.000,600.000,750.000,375.000,1,1,2,1,1,1,1,0,1,2,2,2,2,1,1,1,1
103,-4563.240,1252.850,55.246,-66.110,0.403153,0.914176,0.041840,-0.912989,0.404915,-0.049952,-0.062607,-0.018061,0.997875,0,0.90415,-0.67193,54.249,-1.344,750.000,425.000,-1,350.000,275.000,375.000,350.000,300.000,275.000,-1,625.000,775.000,-1,625.000,650.000,725.000,375.000,1,1,2,1,1,1,1,0,1,2,0,0,2,1,1,1,1
104,-4542.415,1202.682,52.995,-67.461,0.381261,0.923261,0.047216,-0.922748,0.383169,-0.041447,-0.056358,-0.027767,0.998024,0,0.90534,-0.67533,54.320,-1.351,675.000,425.000,-1,375.000,275.000,400.000,375.000,300.000,300.000,-1,400.000,550.000,-1,625.000,675.000,700.000,375.000,1,1,2,1,1,1,1,0,1,2,0,0,2,1,1,1,1
105,-4522.763,1151.980,50.552,-68.819,0.359116,0.931793,0.052896,-0.931940,0.361070,-0.033416,-0.050236,-0.037295,0.998041,0,0.90630,-0.67897,54.378,-1.358,625.000,425.000,-1,375.000,275.000,400.000,375.000,300.000,275.000,-1,250.000,450.000,-1,625.000,725.000,675.000,400.000,1,1,2,1,1,1,1,0,1,2,0,0,2,1,1,1,1
106,-4504.310,1100.784,48.140,-70.184,0.336764,0.939795,0.058107,-0.940562,0.338637,-0.025848,-0.043969,-0.045948,0.997976,0,0.90700,-0.68286,54.420,-1.366,575.000,425.000,-1,400.000,250.000,425.000,400.000,275.000,275.000,-1,175.000,350.000,-1,625.000,750.000,625.000,400.000,1,1,2,1,1,1,1,0,1,2,0,0,2,1,1,1,1
107,-4487.083,1049.138,45.802,-71.558,0.314203,0.947275,0.062824,-0.948618,0.315880,-0.018568,-0.037433,-0.053762,0.997852,0,0.90740,-0.68705,54.444,-1.374,525.000,450.000,-1,400.000,250.000,450.000,425.000,275.000,275.000,-1,150.000,300.000,-1,650.000,775.000,625.000,400.000,1,1,2,1,1,1,1,0,1,2,0,0,2,1,1,1,1
108,-4471.107,997.088,43.543,-72.942,0.291421,0.954229,0.067234,-0.956104,0.292802,-0.011470,-0.030632,-0.060940,0.997671,0,0.90745,-0.69156,54.447,-1.383,500.000,450.000,-1,425.000,250.000,450.000,450.000,275.000,275.000,-1,125.000,275.000,-1,650.000,800.000,600.000,-1,1,1,2,1,1,1,1,0,1,2,0,0,2,1,1,1,2
109,-4456.406,944.685,41.370,-74.334,0.268407,0.960645,0.071543,-0.963017,0.269403,-0.004469,-0.023567,-0.067697,0.997428,0,0.90709,-0.69643,54.426,-1.393,475.000,450.000,-1,425.000,225.000,475.000,475.000,275.000,250.000,-1,100.000,250.000,-1,675.000,800.000,625.000,-1,1,1,2,1,1,1,1,0,1,2,0,0,2,1,1,1,2
110,-4443.005,891.985,39.275,-75.738,0.245157,0.966499,0.076011,-0.969348,0.245678,0.002556,-0.016204,-0.074308,0.997104,0,0.90628,-0.70169,54.377,-1.403,450.000,475.000,-1,450.000,225.000,500.000,500.000,275.000,225.000,825.000,100.000,225.000,-1,700.000,825.000,650.000,-1,1,1,2,1,1,1,1,1,1,0,0,0,2,1,1,1,2
111,8855.023,-7543.321,452.214,156.123,-0.915901,-0.399529,0.038755,0.385609,-0.902567,-0.191515,0.111495,-0.160465,0.980724,1,0.00000,0.00000,54.296,-1.415,-1,525.000,-1,-1,-1,500.000,600.000,225.000,150.000,525.000,575.000,850.000,-1,1000.000,-1,-1,-1,2,0,2,2,2,0,0,0,1,0,0,0,2,0,2,2,2
112,1644.604,-5574.829,42.932,7.069,0.987780,-0.122935,-0.095797,0.126784,0.991307,0.035167,0.090641,-0.046882,0.994780,1,0.08000,0.12000,4.800,0.240,-1,400.000,-1,425.000,-1,325.000,350.000,300.000,300.000,-1,-1,-1,-1,800.000,875.000,-1,-1,2,0,2,0,2,0,0,0,0,2,2,2,2,0,0,2,2
113,1654.120,-5573.567,43.815,7.549,0.986769,-0.131232,-0.095215,0.135072,0.990216,0.035047,0.089684,-0.047444,0.994840,0,0.16000,0.24000,9.600,0.480,-1,400.000,-1,425.000,-1,325.000,350.000,300.000,300.000,-1,-1,-1,-1,775.000,875.000,-1,-1,2,0,2,0,2,0,0,0,0,2,2,2,2,0,0,2,2
114,1668.370,-5571.495,45.131,8.269,0.985120,-0.143659,-0.094343,0.147485,0.988449,0.034880,0.088242,-0.048275,0.994929,0,0.24000,0.36000,14.400,0.720,-1,400.000,-1,425.000,-1,325.000,350.000,300.000,300.000,-1,-1,-1,-1,775.000,850.000,-1,-1,2,0,2,0,2,0,0,0,0,2,2,2,2,0,0,2,2
115,1687.321,-5568.415,46.872,9.229,0.982678,-0.160191,-0.093179,0.163997,0.985851,0.034680,0.086305,-0.049360,0.995045,0,0.32000,0.48000,19.200,0.960,-1,400.000,-1,425.000,-1,325.000,350.000,300.000,300.000,-1,-1,-1,-1,775.000,850.000,-1,-1,2,0,2,0,2,0,0,0,0,2,2,2,2,0,0,2,2
116,1710.924,-5564.070,49.024,10.429,0.979235,-0.180790,-0.091722,0.184568,0.982215,0.034464,0.083860,-0.050678,0.995188,0,0.40000,0.60000,24.000,1.200,-1,400.000,-1,425.000,-1,325.000,325.000,300.000,300.000,-1,-1,-1,-1,775.000,850.000,-1,-1,2,0,2,0,2,0,0,0,0,2,2,2,2,0,0,2,2
117,1739.107,-5558.145,51.571,11.869,0.974534,-0.205400,-0.089972,0.209142,0.977285,0.034256,0.080892,-0.052200,0.995355,0,0.48000,0.72000,28.800,1.440,-1,400.000,-1,425.000,-1,325.000,325.000,300.000,300.000,-1,-1,-1,-1,750.000,825.000,-1,-1,2,0,2,0,2,0,0,0,0,2,2,2,2,0,0,2,2
118,1771.771,-5550.272,54.492,13.549,0.968266,-0.233942,-0.087928,0.237638,0.970756,0.034078,0.077384,-0.053892,0.995544,0,0.56000,0.84000,33.600,1.680,-1,400.000,-1,425.000,-1,325.000,325.000,300.000,300.000,-1,-1,-1,-1,750.000,825.000,-1,-1,2,0,2,0,2,0,0,0,0,2,2,2,2,0,0,2,2
119,1808.794,-5540.086,57.765,15.380,0.960495,-0.264806,-0.085596,0.268439,0.962698,0.033955,0.073412,-0.055591,0.995751,0,0.64000,0.91523,38.400,1.830,-1,375.000,-1,400.000,-1,325.000,325.000,300.000,300.000,-1,-1,-1,-1,725.000,800.000,-1,-1,2,0,2,0,2,0,0,0,0,2,2,2,2,0,0,2,2
120,1850.059,-5527.304,61.366,17.209,0.951768,-0.295383,-0.082991,0.298929,0.953674,0.033886,0.069137,-0.057060,0.995974,0,0.72000,0.91480,43.200,1.830,-1,375.000,-1,400.000,-1,325.000,325.000,300.000,300.000,-1,-1,-1,-1,725.000,800.000,-1,-1,2,0,2,0,2,0,0,0,0,2,2,2,2,0,0,2,2
121,1895.432,-5511.646,64.933,19.038,0.942038,-0.325667,-0.080652,0.329032,0.943765,0.032340,0.065584,-0.057002,0.996218,0,0.80000,0.91437,48.000,1.829,-1,375.000,-1,400.000,-1,325.000,325.000,300.000,300.000,-1,-1,-1,-1,725.000,775.000,-1,-1,2,0,2,0,2,0,0,0,0,2,2,2,2,0,0,2,2
122,1943.296,-5493.401,68.518,20.866,0.931291,-0.355621,-0.078934,0.358784,0.932942,0.029878,0.063016,-0.056146,0.996432,0,0.85374,0.91393,51.225,1.828,-1,375.000,-1,400.000,-1,325.000,325.000,300.000,300.000,-1,-1,-1,-1,725.000,750.000,-1,-1,2,0,2,0,2,0,0,0,0,2,2,2,2,0,0,2,2
123,1990.559,-5473.637,72.084,22.693,0.919582,-0.385201,-0.077395,0.388185,0.921170,0.027544,0.060683,-0.055373,0.996620,0,0.85383,0.91350,51.230,1.827,-1,375.000,-1,400.000,-1,300.000,325.000,325.000,300.000,-1,-1,-1,-1,725.000,725.000,-1,-1,2,0,2,0,2,0,0,0,0,2,2,2,2,0,0,2,2
124,2037.173,-5452.375,75.795,24.519,0.906869,-0.414363,-0.076754,0.417248,0.908430,0.025666,0.059091,-0.055301,0.996720,0,0.85391,0.91310,51.234,1.826,-1,375.000,-1,400.000,-1,325.000,325.000,325.000,300.000,-1,-1,-1,-1,750.000,725.000,-1,-1,2,0,2,0,2,0,0,0,0,2,2,2,2,0,0,2,2
125,2083.089,-5429.636,79.072,26.345,0.893122,-0.443063,-0.077649,0.445975,0.894712,0.024420,0.058654,-0.056439,0.996682,0,0.85398,0.91275,51.239,1.825,-1,375.000,-1,400.000,-1,325.000,325.000,325.000,300.000,-1,-1,-1,-1,775.000,725.000,-1,-1,2,0,2,0,2,0,0,0,0,2,2,2,2,0,0,2,2
126,2128.262,-5405.445,82.209,28.170,0.878453,-0.471299,-0.078725,0.474243,0.880093,0.023037,0.058428,-0.057571,0.996630,0,0.85404,0.91242,51.243,1.825,-1,375.000,-1,400.000,-1,325.000,325.000,325.000,300.000,-1,-1,-1,-1,775.000,725.000,-1,-1,2,0,2,0,2,0,0,0,0,2,2,2,2,0,0,2,2
127,2172.644,-5379.826,85.153,29.994,0.862915,-0.499039,-0.079614,0.502023,0.864577,0.021927,0.057889,-0.058889,0.996585,0,0.85410,0.91214,51.246,1.824,-1,400.000,-1,400.000,-1,325.000,325.000,325.000,300.000,-1,-1,-1,-1,800.000,725.000,-1,-1,2,0,2,0,2,0,0,0,0,2,2,2,2,0,0,2,2
128,2216.191,-5352.806,87.950,31.818,0.846517,-0.526261,-0.080367,0.529280,0.848191,0.020842,0.057198,-0.060179,0.996547,0,0.85415,0.91188,51.249,1.824,-1,400.000,-1,400.000,-1,325.000,325.000,325.000,300.000,-1,-1,-1,-1,825.000,725.000,-1,-1,2,0,2,0,2,0,0,0,0,2,2,2,2,0,0,2,2
129,2258.859,-5324.412,90.633,33.641,0.829272,-0.552944,-0.080996,0.555985,0.830961,0.019600,0.056467,-0.061286,0.996522,0,0.85420,0.91167,51.252,1.823,-1,400.000,-1,400.000,-1,325.000,325.000,325.000,300.000,-1,-1,-1,-1,825.000,750.000,-1,-1,2,0,2,0,2,0,0,0,0,2,2,2,2,0,0,2,2
130,2300.603,-5294.674,92.904,35.464,0.811239,-0.579022,-0.081393,0.582148,0.812843,0.019748,0.054725,-0.063403,0.996486,0,0.85425,0.91149,51.255,1.823,-1,400.000,-1,400.000,-1,325.000,325.000,325.000,300.000,-1,-1,-1,-1,825.000,750.000,-1,-1,2,0,2,0,2,0,0,0,0,2,2,2,2,0,0,2,2
131,2341.383,-5263.621,95.055,37.287,0.792396,-0.604508,-0.081722,0.607705,0.793917,0.019751,0.052941,-0.065314,0.996459,0,0.85429,0.91134,51.257,1.823,-1,400.000,-1,400.000,-1,325.000,325.000,325.000,300.000,-1,-1,-1,-1,850.000,750.000,-1,-1,2,0,2,0,2,0,0,0,0,2,2,2,2,0,0,2,2
132,2381.156,-5231.286,97.087,39.109,0.772763,-0.629380,-0.081965,0.632633,0.774203,0.019605,0.051119,-0.067004,0.996442,0,0.85432,0.91123,51.259,1.822,-1,400.000,-1,400.000,-1,325.000,325.000,325.000,300.000,-1,-1,625.000,-1,850.000,750.000,-1,-1,2,0,2,0,2,0,0,0,0,2,2,0,2,0,0,2,2
133,2416.381,-5200.995,98.965,40.691,0.755104,-0.650442,-0.082115,0.653762,0.756437,0.019970,0.049125,-0.068763,0.996423,0,0.77432,0.79123,46.459,1.582,-1,400.000,-1,375.000,-1,325.000,325.000,325.000,300.000,-1,-1,650.000,-1,850.000,750.000,-1,-1,2,0,2,0,2,0,0,0,0,2,2,0,2,0,0,2,2
134,2449.231,-5171.379,100.782,42.034,0.739692,-0.667904,-0.082221,0.671297,0.740899,0.020716,0.047081,-0.070518,0.996399,0,0.73717,0.67123,44.230,1.342,-1,400.000,-1,400.000,-1,325.000,325.000,325.000,300.000,-1,700.000,700.000,-1,875.000,775.000,-1,-1,2,0,2,0,2,0,0,0,0,2,0,0,2,0,0,2,2
135,2481.506,-5141.135,102.700,43.136,0.726763,-0.681938,-0.082319,0.685425,0.727807,0.022129,0.044822,-0.072506,0.996360,0,0.73718,0.55123,44.231,1.102,-1,400.000,-1,400.000,-1,325.000,325.000,325.000,300.000,-1,-1,825.000,-1,875.000,775.000,-1,-1,2,0,2,0,2,0,0,0,0,2,2,0,2,0,0,2,2
