timestep,x_cm,y_cm,z_cm,yaw_deg,basis_xx,basis_xy,basis_xz,basis_yx,basis_yy,basis_yz,basis_zx,basis_zy,basis_zz,teleport_flag,throttle_cmd,steering_cmd,cmd_move_cm,cmd_turn_deg,lidar_cm_0,lidar_cm_1,lidar_cm_2,lidar_cm_3,lidar_cm_4,lidar_cm_5,lidar_cm_6,lidar_cm_7,lidar_cm_8,lidar_cm_9,lidar_cm_10,lidar_cm_11,lidar_cm_12,lidar_cm_13,lidar_cm_14,lidar_cm_15,lidar_cm_16,lidar_class_0,lidar_class_1,lidar_class_2,lidar_class_3,lidar_class_4,lidar_class_5,lidar_class_6,lidar_class_7,lidar_class_8,lidar_class_9,lidar_class_10,lidar_class_11,lidar_class_12,lidar_class_13,lidar_class_14,lidar_class_15,lidar_class_16
0,3605.813,7547.673,14.358,112.067,-0.372818,-0.926487,-0.051266,0.924597,-0.375582,0.063701,-0.078273,-0.023652,0.996651,1,0.08000,-0.12000,4.800,-0.240,-1,400.000,-1,425.000,-1,325.000,325.000,300.000,300.000,-1,-1,-1,-1,875.000,875.000,-1,-1,2,0,2,0,2,0,0,0,0,2,2,2,2,0,0,2,2
1,3602.281,7556.599,13.588,111.587,-0.364989,-0.929585,-0.051520,0.927687,-0.367801,0.064178,-0.078608,-0.024370,0.996608,0,0.16000,-0.24000,9.600,-0.480,-1,400.000,-1,425.000,-1,325.000,325.000,300.000,300.000,-1,-1,-1,-1,875.000,875.000,-1,-1,2,0,2,0,2,0,0,0,0,2,2,2,2,0,0,2,2
2,3597.151,7570.055,12.437,110.867,-0.353198,-0.934109,-0.051886,0.932198,-0.356081,0.064902,-0.079102,-0.025445,0.996542,0,0.24000,-0.36000,14.400,-0.720,-1,400.000,-1,425.000,-1,325.000,325.000,300.000,300.000,-1,-1,-1,-1,875.000,875.000,-1,-1,2,0,2,0,2,0,0,0,0,2,2,2,2,0,0,2,2
3,3590.613,7588.108,10.912,109.907,-0.337390,-0.939908,-0.052348,0.937981,-0.340368,0.065886,-0.079744,-0.026872,0.996453,0,0.32000,-0.48000,19.200,-0.960,-1,400.000,-1,425.000,-1,325.000,325.000,300.000,300.000,-1,-1,-1,-1,850.000,875.000,-1,-1,2,0,2,0,2,0,0,0,0,2,2,2,2,0,0,2,2
4,3582.886,7610.830,9.022,108.779,-0.318697,-0.946380,-0.052884,0.944427,-0.321791,0.067138,-0.080556,-0.028549,0.996341,0,0.40000,-0.56378,24.000,-1.128,-1,400.000,-1,425.000,-1,325.000,325.000,300.000,300.000,-1,-1,-1,-1,850.000,875.000,-1,-1,2,0,2,0,2,0,0,0,0,2,2,2,2,0,0,2,2
5,3574.149,7638.274,6.779,107.658,-0.299964,-0.952450,-0.053482,0.950453,-0.303191,0.068662,-0.081613,-0.030235,0.996205,0,0.48000,-0.56078,28.800,-1.122,-1,400.000,-1,400.000,-1,325.000,325.000,300.000,300.000,-1,-1,-1,-1,850.000,850.000,-1,-1,2,0,2,0,2,0,0,0,0,2,2,2,2,0,0,2,2
6,3564.581,7670.483,4.187,106.543,-0.281206,-0.958120,-0.054125,0.956059,-0.284582,0.070464,-0.082916,-0.031932,0.996045,0,0.56000,-0.55756,33.600,-1.115,-1,400.000,-1,400.000,-1,325.000,325.000,300.000,300.000,-1,-1,-1,-1,850.000,850.000,-1,-1,2,0,2,0,2,0,0,0,0,2,2,2,2,0,0,2,2
7,3554.361,7707.498,1.254,105.434,-0.262435,-0.963392,-0.054799,0.961246,-0.265977,0.072548,-0.084468,-0.033636,0.995858,0,0.64000,-0.55430,38.400,-1.109,-1,400.000,-1,400.000,-1,325.000,325.000,300.000,300.000,-1,-1,-1,-1,850.000,850.000,-1,-1,2,0,2,0,2,0,0,0,0,2,2,2,2,0,0,2,2
8,3544.166,7747.400,-1.864,104.332,-0.243661,-0.968274,-0.055450,0.966026,-0.247379,0.074811,-0.086155,-0.035338,0.995655,0,0.68637,-0.55116,41.182,-1.102,-1,400.000,-1,400.000,-1,325.000,325.000,300.000,300.000,-1,-1,-1,-1,825.000,825.000,-1,-1,2,0,2,0,2,0,0,0,0,2,2,2,2,0,0,2,2
9,3534.779,7787.308,-4.941,103.235,-0.224888,-0.972773,-0.056012,0.970420,-0.228783,0.077093,-0.087809,-0.037018,0.995449,0,0.68328,-0.54849,40.997,-1.097,-1,400.000,-1,400.000,-1,325.000,325.000,300.000,300.000,-1,-1,-1,-1,825.000,825.000,-1,-1,2,0,2,0,2,0,0,0,0,2,2,2,2,0,0,2,2
10,3526.197,7827.194,-8.186,102.142,-0.206202,-0.976928,-0.055605,0.974470,-0.210178,0.078955,-0.088821,-0.037905,0.995326,0,0.67996,-0.54651,40.798,-1.093,-1,400.000,-1,400.000,-1,325.000,325.000,300.000,300.000,-1,-1,-1,-1,825.000,800.000,-1,-1,2,0,2,0,2,0,0,0,0,2,2,2,2,0,0,2,2
11,3518.417,7867.031,-11.577,101.051,-0.187555,-0.980745,-0.054423,0.978146,-0.191546,0.080873,-0.089741,-0.038066,0.995237,0,0.67649,-0.54525,40.589,-1.090,-1,400.000,-1,400.000,-1,325.000,325.000,300.000,300.000,-1,-1,-1,-1,825.000,800.000,-1,-1,2,0,2,0,2,0,0,0,0,2,2,2,2,0,0,2,2
12,3511.432,7906.798,-14.944,99.962,-0.168864,-0.984203,-0.053193,0.981468,-0.172864,0.082701,-0.090589,-0.038243,0.995154,0,0.67293,-0.54468,40.376,-1.089,-1,400.000,-1,400.000,-1,325.000,325.000,300.000,300.000,-1,-1,-1,-1,800.000,775.000,-1,-1,2,0,2,0,2,0,0,0,0,2,2,2,2,0,0,2,2
13,3505.237,7946.479,-18.698,98.872,-0.150007,-0.987238,-0.053476,0.984544,-0.154105,0.083211,-0.090390,-0.040167,0.995096,0,0.66936,-0.54481,40.161,-1.090,-1,400.000,-1,400.000,-1,325.000,325.000,300.000,300.000,-1,-1,-1,-1,800.000,775.000,-1,-1,2,0,2,0,2,0,0,0,0,2,2,2,2,0,0,2,2
14,3499.827,7986.062,-22.449,97.781,-0.131048,-0.989908,-0.053932,0.987257,-0.135264,0.083831,-0.090280,-0.042258,0.995019,0,0.66583,-0.54562,39.950,-1.091,-1,400.000,-1,400.000,-1,325.000,325.000,300.000,300.000,-1,-1,-1,-1,800.000,750.000,-1,-1,2,0,2,0,2,0,0,0,0,2,2,2,2,0,0,2,2
15,3495.197,8025.537,-26.150,96.687,-0.111993,-0.992221,-0.054359,0.989614,-0.116325,0.084451,-0.090117,-0.044337,0.994944,0,0.66242,-0.54710,39.745,-1.094,-1,400.000,-1,400.000,-1,325.000,325.000,300.000,300.000,-1,-1,-1,-1,775.000,750.000,-1,-1,2,0,2,0,2,0,0,0,0,2,2,2,2,0,0,2,2
16,3491.344,8064.901,-29.801,95.588,-0.092826,-0.994175,-0.054759,0.991616,-0.097273,0.085069,-0.089900,-0.046403,0.994869,0,0.65919,-0.54924,39.552,-1.098,-1,400.000,-1,400.000,-1,325.000,325.000,300.000,300.000,-1,-1,-1,-1,775.000,750.000,-1,-1,2,0,2,0,2,0,0,0,0,2,2,2,2,0,0,2,2
17,3488.265,8104.153,-33.400,94.484,-0.073533,-0.995768,-0.055131,0.993257,-0.078091,0.085684,-0.089627,-0.048458,0.994796,0,0.65620,-0.55203,39.372,-1.104,-1,400.000,-1,400.000,-1,325.000,325.000,300.000,300.000,-1,-1,-1,-1,775.000,750.000,-1,-1,2,0,2,0,2,0,0,0,0,2,2,2,2,0,0,2,2
18,3485.956,8143.295,-36.949,93.373,-0.054096,-0.996994,-0.055474,0.994535,-0.058765,0.086296,-0.089297,-0.050502,0.994724,0,0.65350,-0.55545,39.210,-1.111,-1,400.000,-1,400.000,-1,325.000,325.000,300.000,300.000,-1,-1,-1,-1,750.000,725.000,-1,-1,2,0,2,0,2,0,0,0,0,2,2,2,2,0,0,2,2
19,3484.418,8182.334,-40.447,92.254,-0.034504,-0.997846,-0.055788,0.995442,-0.039279,0.086904,-0.088909,-0.052535,0.994653,0,0.65115,-0.55950,39.069,-1.119,-1,400.000,-1,400.000,-1,325.000,325.000,300.000,300.000,-1,-1,-1,-1,750.000,725.000,-1,-1,2,0,2,0,2,0,0,0,0,2,2,2,2,0,0,2,2
20,3483.651,8221.278,-43.893,91.126,-0.014740,-0.998318,-0.056074,0.995971,-0.019620,0.087507,-0.088460,-0.054558,0.994584,0,0.64918,-0.56415,38.951,-1.128,-1,400.000,-1,400.000,-1,325.000,325.000,300.000,300.000,-1,-1,-1,-1,725.000,725.000,-1,-1,2,0,2,0,2,0,0,0,0,2,2,2,2,0,0,2,2
21,3483.658,8260.138,-47.288,89.987,0.005208,-0.998399,-0.056331,0.996111,0.000225,0.088105,-0.087951,-0.056571,0.994517,0,0.64765,-0.56940,38.859,-1.139,-1,400.000,-1,400.000,-1,325.000,325.000,300.000,300.000,-1,-1,-1,-1,725.000,725.000,-1,-1,2,0,2,0,2,0,0,0,0,2,2,2,2,0,0,2,2
22,3484.444,8298.926,-50.633,88.837,0.025351,-0.998077,-0.056559,0.995853,0.020268,0.088695,-0.087378,-0.058573,0.994452,0,0.64660,-0.57524,38.796,-1.150,-1,400.000,-1,375.000,-1,325.000,325.000,300.000,300.000,-1,-1,-1,-1,725.000,700.000,-1,-1,2,0,2,0,2,0,0,0,0,2,2,2,2,0,0,2,2
23,3486.016,8337.658,-53.927,87.673,0.045702,-0.997341,-0.056757,0.995182,0.040522,0.089278,-0.086740,-0.060564,0.994388,0,0.64606,-0.58165,38.763,-1.163,-1,375.000,-1,375.000,-1,325.000,325.000,300.000,300.000,-1,-1,-1,-1,700.000,700.000,-1,-1,2,0,2,0,2,0,0,0,0,2,2,2,2,0,0,2,2
24,3488.384,8376.350,-57.171,86.496,0.066271,-0.996176,-0.056926,0.994085,0.060997,0.089852,-0.086036,-0.062544,0.994327,0,0.64606,-0.58863,38.763,-1.177,-1,375.000,-1,375.000,-1,325.000,325.000,300.000,300.000,-1,-1,-1,-1,700.000,700.000,-1,-1,2,0,2,0,2,0,0,0,0,2,2,2,2,0,0,2,2
25,3491.756,8419.783,-60.771,85.559,0.082639,-0.994942,-0.057105,0.992895,0.077276,0.090483,-0.085612,-0.064177,0.994259,0,0.72606,-0.46863,43.563,-0.937,-1,375.000,-1,375.000,-1,300.000,300.000,300.000,300.000,-1,-1,-1,-1,700.000,700.000,-1,-1,2,0,2,0,2,0,0,0,0,2,2,2,2,0,0,2,2
26,3496.086,8467.952,-64.731,84.862,0.094820,-0.993844,-0.057299,0.991817,0.089370,0.091170,-0.085488,-0.065475,0.994186,0,0.80606,-0.34863,48.363,-0.697,-1,375.000,-1,375.000,-1,300.000,300.000,300.000,300.000,-1,-1,-1,-1,675.000,675.000,-1,-1,2,0,2,0,2,0,0,0,0,2,2,2,2,0,0,2,2
27,3501.269,8520.863,-69.024,84.404,0.102784,-0.993043,-0.057446,0.991054,0.097293,0.091361,-0.085136,-0.066323,0.994159,0,0.88606,-0.22863,53.163,-0.457,-1,375.000,-1,375.000,-1,300.000,300.000,300.000,300.000,-1,-1,-1,-1,675.000,675.000,-1,-1,2,0,2,0,2,0,0,0,0,2,2,2,2,0,0,2,2
28,3506.900,8576.168,-73.266,84.187,0.106431,-0.992677,-0.057132,0.990813,0.101059,0.089872,-0.083440,-0.066172,0.994313,0,0.92652,-0.10863,55.591,-0.217,-1,375.000,-1,375.000,-1,300.000,300.000,300.000,300.000,-1,-1,-1,-1,675.000,675.000,-1,-1,2,0,2,0,2,0,0,0,0,2,2,2,2,0,0,2,2
29,3512.537,8631.760,-77.365,84.210,0.105923,-0.992707,-0.057557,0.991052,0.100664,0.087654,-0.081221,-0.066326,0.994487,0,0.93129,0.01137,55.877,0.023,-1,375.000,-1,375.000,-1,300.000,300.000,325.000,300.000,-1,-1,-1,-1,650.000,675.000,-1,-1,2,0,2,0,2,0,0,0,0,2,2,2,2,0,0,2,2
30,3517.951,8687.700,-81.501,84.473,0.101251,-0.993168,-0.058008,0.991697,0.096112,0.085434,-0.079275,-0.066177,0.994654,0,0.93670,0.13137,56.202,0.263,-1,375.000,-1,375.000,-1,300.000,300.000,325.000,300.000,-1,-1,-1,-1,650.000,675.000,-1,-1,2,0,2,0,2,0,0,0,0,2,2,2,2,0,0,2,2
31,3522.905,8744.039,-85.692,84.975,0.092412,-0.994003,-0.058461,0.992693,0.087396,0.083207,-0.077598,-0.065723,0.994816,0,0.94262,0.25137,56.557,0.503,-1,375.000,-1,375.000,-1,300.000,300.000,325.000,325.000,-1,-1,-1,-1,650.000,650.000,1000.000,-1,2,0,2,0,2,0,0,0,0,2,2,2,2,0,0,0,2
32,3527.130,8800.444,-89.929,85.718,0.079393,-0.995103,-0.058886,0.993927,0.074507,0.080985,-0.076201,-0.064958,0.994974,0,0.94273,0.37137,56.564,0.743,-1,375.000,-1,375.000,-1,300.000,300.000,325.000,325.000,-1,-1,-1,-1,625.000,650.000,975.000,-1,2,0,2,0,2,0,0,0,0,2,2,2,2,0,0,0,2
33,3530.524,8856.906,-94.216,86.561,0.064618,-0.996149,-0.059259,0.995094,0.059864,0.078765,-0.074914,-0.064058,0.995130,0,0.94273,0.42144,56.564,0.843,-1,375.000,-1,375.000,-1,300.000,300.000,325.000,325.000,-1,-1,-1,-1,625.000,625.000,950.000,-1,2,0,2,0,2,0,0,0,0,2,2,2,2,0,0,0,2
34,3533.087,8913.411,-98.553,87.404,0.049827,-0.996980,-0.059572,0.996041,0.045206,0.076546,-0.073622,-0.063150,0.995285,0,0.94273,0.42144,56.564,0.843,-1,375.000,-1,375.000,-1,325.000,325.000,325.000,325.000,-1,950.000,-1,-1,600.000,625.000,925.000,-1,2,0,2,0,2,0,0,0,0,2,0,2,2,0,0,0,2
35,3534.818,8969.947,-102.940,88.247,0.035024,-0.997594,-0.059825,0.996766,0.030537,0.074328,-0.072323,-0.062235,0.995438,0,0.94273,0.42144,56.564,0.843,1000.000,375.000,-1,375.000,-1,300.000,300.000,325.000,325.000,-1,650.000,725.000,-1,600.000,625.000,900.000,-1,0,0,2,0,2,0,0,0,0,2,0,0,2,0,0,0,2
36,3535.718,9026.503,-107.376,89.090,0.020211,-0.997993,-0.060019,0.997270,0.015860,0.072112,-0.071016,-0.061312,0.995589,0,0.94273,0.42144,56.564,0.843,975.000,350.000,-1,350.000,-1,300.000,300.000,300.000,300.000,-1,500.000,525.000,-1,575.000,600.000,875.000,1000.000,0,0,2,0,2,0,0,0,0,2,0,0,2,0,0,0,0
37,3535.786,9083.066,-111.862,89.932,0.005393,-0.998175,-0.060153,0.997553,0.001177,0.069898,-0.069700,-0.060383,0.995739,0,0.94273,0.42144,56.564,0.843,950.000,350.000,-1,350.000,-1,300.000,300.000,300.000,300.000,-1,450.000,475.000,-1,575.000,600.000,850.000,950.000,0,0,2,0,2,0,0,0,0,2,0,0,2,0,0,0,0
38,3535.021,9139.624,-116.396,90.775,-0.009428,-0.998140,-0.060227,0.997615,-0.013508,0.067687,-0.068374,-0.059446,0.995887,0,0.94273,0.42144,56.564,0.843,900.000,350.000,-1,350.000,-1,275.000,275.000,300.000,300.000,-1,425.000,425.000,-1,575.000,575.000,825.000,900.000,0,0,2,0,2,0,0,0,0,2,0,0,2,0,0,0,0
39,3533.424,9196.165,-120.385,91.618,-0.024180,-0.997819,-0.061418,0.997470,-0.028189,0.065263,-0.066852,-0.059685,0.995976,0,0.94273,0.42144,56.564,0.843,875.000,325.000,-1,325.000,1000.000,275.000,275.000,300.000,300.000,-1,400.000,400.000,-1,550.000,575.000,775.000,875.000,0,0,2,0,0,0,0,0,0,2,0,0,2,0,0,0,0
40,3530.997,9252.675,-122.373,92.461,-0.039224,-0.997350,-0.061281,0.997319,-0.042867,0.059299,-0.061769,-0.058791,0.996357,0,0.94273,0.42144,56.564,0.843,900.000,350.000,-1,350.000,-1,275.000,275.000,300.000,325.000,-1,375.000,375.000,-1,575.000,575.000,800.000,875.000,0,0,2,0,2,0,0,0,0,2,0,0,2,0,0,0,0
41,3527.738,9309.144,-124.405,93.304,-0.054260,-0.996663,-0.060974,0.996918,-0.057537,0.053326,-0.056656,-0.057892,0.996714,0,0.94273,0.42144,56.564,0.843,900.000,350.000,-1,350.000,-1,275.000,275.000,325.000,325.000,-1,350.000,375.000,-1,575.000,600.000,800.000,900.000,0,0,2,0,2,0,0,0,0,2,0,0,2,0,0,0,0
42,3523.649,9365.559,-126.478,94.147,-0.069284,-0.995761,-0.060497,0.996266,-0.072196,0.047344,-0.051511,-0.056991,0.997045,0,0.94273,0.42144,56.564,0.843,925.000,350.000,-1,350.000,-1,300.000,300.000,325.000,325.000,-1,325.000,350.000,-1,575.000,600.000,825.000,925.000,0,0,2,0,2,0,0,0,0,2,0,0,2,0,0,0,0
43,3518.731,9421.908,-128.593,94.990,-0.084291,-0.994642,-0.059850,0.995363,-0.086840,0.041357,-0.046332,-0.056086,0.997350,0,0.94273,0.42144,56.564,0.843,950.000,350.000,-1,350.000,-1,300.000,300.000,325.000,325.000,-1,325.000,325.000,-1,600.000,600.000,825.000,950.000,0,0,2,0,2,0,0,0,0,2,0,0,2,0,0,0,0
44,3512.985,9478.178,-130.747,95.833,-0.099276,-0.993307,-0.059032,0.994210,-0.101468,0.035364,-0.041118,-0.055180,0.997629,0,0.94273,0.42144,56.564,0.843,975.000,350.000,-1,350.000,-1,300.000,300.000,325.000,325.000,-1,325.000,325.000,-1,600.000,600.000,850.000,975.000,0,0,2,0,2,0,0,0,0,2,0,0,2,0,0,0,0
45,3506.411,9534.358,-132.940,96.675,-0.114235,-0.991757,-0.058045,0.992806,-0.116075,0.029369,-0.035865,-0.054272,0.997882,0,0.94273,0.42144,56.564,0.843,-1,350.000,-1,350.000,-1,300.000,300.000,350.000,325.000,-1,275.000,275.000,-1,600.000,600.000,875.000,1000.000,2,0,2,0,2,0,0,0,0,2,0,0,2,0,0,0,0
46,3499.011,9590.435,-135.168,97.518,-0.129163,-0.989990,-0.056887,0.991152,-0.130658,0.023374,-0.030572,-0.053365,0.998107,0,0.94273,0.42144,56.564,0.843,-1,350.000,-1,350.000,-1,300.000,300.000,350.000,325.000,-1,225.000,250.000,-1,600.000,600.000,900.000,-1,2,0,2,0,2,0,0,0,0,2,0,0,2,0,0,0,2
47,3491.700,9641.679,-137.227,98.121,-0.139890,-0.988599,-0.055712,0.989838,-0.141073,0.017875,-0.025531,-0.052645,0.998287,0,0.86273,0.30144,51.764,0.603,-1,350.000,-1,350.000,-1,300.000,300.000,325.000,325.000,-1,200.000,225.000,-1,600.000,600.000,925.000,-1,2,0,2,0,2,0,0,0,0,2,0,0,2,0,0,0,2
48,3484.110,9692.565,-139.279,98.484,-0.146460,-0.987714,-0.054501,0.989009,-0.147335,0.012387,-0.020264,-0.052088,0.998437,0,0.85749,0.18144,51.450,0.363,-1,350.000,-1,350.000,-1,300.000,300.000,325.000,300.000,-1,200.000,200.000,-1,600.000,600.000,975.000,-1,2,0,2,0,2,0,0,0,0,2,0,0,2,0,0,0,2
49,3476.411,9743.435,-141.327,98.607,-0.148886,-0.987416,-0.053315,0.988744,-0.149456,0.006863,-0.014745,-0.051693,0.998554,0,0.85749,0.06144,51.450,0.123,-1,350.000,-1,350.000,-1,300.000,300.000,325.000,300.000,-1,175.000,175.000,-1,600.000,600.000,1000.000,-1,2,0,2,0,2,0,0,0,0,2,0,0,2,0,0,0,2
50,3468.816,9794.321,-143.309,98.490,-0.147162,-0.987722,-0.052426,0.989070,-0.147438,0.001416,-0.009128,-0.051644,0.998624,0,0.85749,-0.05856,51.450,-0.117,-1,350.000,-1,350.000,-1,300.000,300.000,325.000,300.000,-1,175.000,175.000,-1,600.000,600.000,1000.000,-1,2,0,2,0,2,0,0,0,0,2,0,0,2,0,0,0,2
51,3461.536,9845.253,-144.074,98.133,-0.141222,-0.988381,-0.056206,0.989968,-0.141245,-0.003586,-0.004395,-0.056149,0.998413,0,0.85749,-0.17856,51.450,-0.357,-1,350.000,-1,350.000,-1,300.000,300.000,300.000,300.000,-1,175.000,175.000,-1,600.000,625.000,975.000,-1,2,0,2,0,2,0,0,0,0,2,0,0,2,0,0,0,2
52,3454.787,9896.258,-143.890,97.536,-0.131136,-0.989679,-0.057774,0.991364,-0.130921,-0.007516,-0.000125,-0.058260,0.998301,0,0.85749,-0.29856,51.450,-0.597,-1,350.000,-1,350.000,-1,300.000,300.000,300.000,325.000,-1,200.000,200.000,-1,600.000,625.000,975.000,-1,2,0,2,0,2,0,0,0,0,2,0,0,2,0,0,0,2
53,3448.788,9947.357,-142.835,96.699,-0.116909,-0.991562,-0.056011,0.993132,-0.116456,-0.011283,0.004665,-0.056946,0.998366,0,0.85749,-0.41856,51.450,-0.837,-1,350.000,-1,350.000,-1,300.000,300.000,300.000,325.000,-1,250.000,250.000,-1,600.000,650.000,1000.000,-1,2,0,2,0,2,0,0,0,0,2,0,0,2,0,0,0,2
54,3443.749,9998.560,-141.717,95.621,-0.098485,-0.993656,-0.054291,0.995092,-0.097804,-0.015064,0.009659,-0.055508,0.998412,0,0.85749,-0.53856,51.450,-1.077,-1,350.000,-1,375.000,-1,300.000,300.000,325.000,325.000,-1,275.000,275.000,-1,600.000,650.000,-1,-1,2,0,2,0,2,0,0,0,0,2,0,0,2,0,0,2,2
55,3439.890,10049.865,-140.532,94.304,-0.075844,-0.995728,-0.052661,0.997009,-0.074945,-0.018856,0.014828,-0.053934,0.998434,0,0.85749,-0.65856,51.450,-1.317,-1,350.000,-1,375.000,-1,300.000,300.000,325.000,325.000,-1,300.000,300.000,-1,625.000,675.000,-1,-1,2,0,2,0,2,0,0,0,0,2,0,0,2,0,0,2,2
56,3437.425,10101.256,-139.276,92.747,-0.048971,-0.997489,-0.051171,0.998597,-0.047864,-0.022650,0.020144,-0.052208,0.998433,0,0.85749,-0.77856,51.450,-1.557,-1,350.000,-1,375.000,-1,300.000,300.000,325.000,325.000,-1,350.000,325.000,-1,625.000,675.000,-1,-1,2,0,2,0,2,0,0,0,0,2,0,0,2,0,0,2,2
57,3436.574,10152.700,-137.948,90.950,-0.017864,-0.998596,-0.049871,0.999513,-0.016560,-0.026434,0.025571,-0.050319,0.998406,0,0.85749,-0.89856,51.450,-1.797,-1,375.000,-1,375.000,-1,300.000,300.000,325.000,325.000,-1,375.000,350.000,-1,625.000,700.000,-1,-1,2,0,2,0,2,0,0,0,0,2,0,0,2,0,0,2,2
58,3437.519,10204.142,-136.549,88.950,0.016815,-0.998666,-0.048811,0.999377,0.018302,-0.030187,0.031040,-0.048273,0.998352,0,0.85749,-1.00000,51.450,-2.000,-1,375.000,-1,375.000,-1,300.000,300.000,325.000,325.000,-1,400.000,350.000,-1,650.000,700.000,-1,-1,2,0,2,0,2,0,0,0,0,2,0,0,2,0,0,2,2
59,3440.258,10255.519,-135.084,86.950,0.051493,-0.997519,-0.048011,0.998012,0.053149,-0.033882,0.036350,-0.046171,0.998272,0,0.85749,-1.00000,51.450,-2.000,-1,375.000,-1,375.000,-1,300.000,300.000,325.000,325.000,-1,400.000,325.000,-1,650.000,725.000,-1,-1,2,0,2,0,2,0,0,0,0,2,0,0,2,0,0,2,2
60,3444.788,10306.770,-133.563,84.950,0.086127,-0.995153,-0.047468,0.995420,0.087938,-0.037499,0.041491,-0.044021,0.998169,0,0.85749,-1.00000,51.450,-2.000,-1,375.000,-1,400.000,-1,300.000,325.000,325.000,325.000,-1,350.000,300.000,-1,650.000,750.000,-1,-1,2,0,2,0,2,0,0,0,0,2,0,0,2,0,0,2,2
61,3451.105,10357.831,-131.991,82.950,0.120671,-0.991571,-0.047181,0.991605,0.122627,-0.041014,0.046454,-0.041835,0.998044,0,0.85749,-1.00000,51.450,-2.000,-1,375.000,-1,400.000,-1,300.000,325.000,300.000,325.000,-1,325.000,275.000,-1,675.000,775.000,-1,-1,2,0,2,0,2,0,0,0,0,2,0,0,2,0,0,2,2
62,3459.199,10408.640,-130.376,80.950,0.155082,-0.986776,-0.047143,0.986572,0.157171,-0.044407,0.051229,-0.039623,0.997901,0,0.85749,-1.00000,51.450,-2.000,-1,375.000,-1,400.000,-1,300.000,325.000,300.000,325.000,-1,300.000,250.000,-1,675.000,800.000,-1,-1,2,0,2,0,2,0,0,0,0,2,0,0,2,0,0,2,2
63,3469.062,10459.137,-128.349,78.950,0.189449,-0.980829,-0.045644,0.980365,0.191541,-0.046877,0.054721,-0.035867,0.997857,0,0.85749,-1.00000,51.450,-2.000,-1,375.000,-1,400.000,-1,325.000,325.000,300.000,300.000,-1,325.000,250.000,-1,700.000,800.000,-1,-1,2,0,2,0,2,0,0,0,0,2,0,0,2,0,0,2,2
64,3480.681,10509.257,-125.777,76.950,0.223756,-0.973735,-0.042117,0.972964,0.225698,-0.049009,0.057228,-0.030012,0.997910,0,0.85749,-1.00000,51.450,-2.000,-1,375.000,-1,400.000,-1,325.000,325.000,300.000,300.000,-1,350.000,275.000,-1,700.000,800.000,-1,-1,2,0,2,0,2,0,0,0,0,2,0,0,2,0,0,2,2
65,3494.042,10558.942,-122.963,74.950,0.257787,-0.965398,-0.039410,0.964407,0.259579,-0.050369,0.058857,-0.025023,0.997953,0,0.85749,-1.00000,51.450,-2.000,-1,375.000,-1,400.000,-1,325.000,325.000,300.000,300.000,-1,425.000,325.000,-1,725.000,825.000,-1,-1,2,0,2,0,2,0,0,0,0,2,0,0,2,0,0,2,2
66,3507.533,10603.598,-120.086,73.190,0.287443,-0.957042,-0.038034,0.955946,0.289129,-0.050715,0.059533,-0.021781,0.997989,0,0.77749,-0.88000,46.650,-1.760,-1,375.000,-1,400.000,-1,325.000,325.000,300.000,300.000,-1,500.000,400.000,-1,725.000,825.000,-1,-1,2,0,2,0,2,0,0,0,0,2,0,0,2,0,0,2,2
67,3520.695,10643.324,-117.476,71.670,0.312831,-0.949088,-0.036992,0.947907,0.314431,-0.051051,0.060083,-0.019095,0.998011,0,0.69749,-0.76000,41.850,-1.520,-1,375.000,-1,400.000,-1,325.000,325.000,300.000,300.000,-1,550.000,450.000,-1,725.000,825.000,-1,-1,2,0,2,0,2,0,0,0,0,2,0,0,2,0,0,2,2
68,3534.408,10681.814,-114.936,70.390,0.334048,-0.941868,-0.036018,0.940616,0.335568,-0.051344,0.060446,-0.016728,0.998031,0,0.68099,-0.64000,40.859,-1.280,-1,375.000,-1,400.000,-1,325.000,325.000,300.000,300.000,-1,625.000,500.000,-1,725.000,825.000,-1,-1,2,0,2,0,2,0,0,0,0,2,0,0,2,0,0,2,2
69,3548.818,10720.048,-112.409,69.350,0.351176,-0.935652,-0.035082,0.934343,0.352619,-0.051608,0.060658,-0.014655,0.998051,0,0.68099,-0.52000,40.859,-1.040,-1,375.000,-1,400.000,-1,325.000,325.000,300.000,300.000,-1,700.000,550.000,-1,750.000,850.000,-1,-1,2,0,2,0,2,0,0,0,0,2,0,0,2,0,0,2,2
70,3563.760,10758.077,-109.898,68.550,0.364285,-0.930660,-0.034173,0.929304,0.365658,-0.051849,0.060749,-0.012869,0.998070,0,0.68099,-0.40000,40.859,-0.800,-1,375.000,-1,400.000,-1,325.000,325.000,300.000,300.000,-1,750.000,600.000,-1,750.000,850.000,-1,-1,2,0,2,0,2,0,0,0,0,2,0,0,2,0,0,2,2
71,3579.072,10795.959,-107.409,67.990,0.373435,-0.927059,-0.033283,0.925665,0.374743,-0.052073,0.060747,-0.011363,0.998089,0,0.68099,-0.28000,40.859,-0.560,-1,400.000,-1,400.000,-1,325.000,325.000,300.000,300.000,-1,825.000,675.000,-1,750.000,850.000,-1,-1,2,0,2,0,2,0,0,0,0,2,0,0,2,0,0,2,2
72,3594.596,10833.754,-104.945,67.670,0.378671,-0.924964,-0.032404,0.923541,0.379920,-0.052286,0.060674,-0.010127,0.998106,0,0.68099,-0.16000,40.859,-0.320,-1,400.000,-1,400.000,-1,325.000,325.000,300.000,300.000,-1,875.000,725.000,-1,750.000,850.000,-1,-1,2,0,2,0,2,0,0,0,0,2,0,0,2,0,0,2,2
73,3610.173,10871.528,-102.506,67.590,0.380019,-0.924441,-0.031527,0.922995,0.381214,-0.052496,0.060548,-0.009150,0.998123,0,0.68099,-0.04000,40.859,-0.080,-1,400.000,-1,400.000,-1,325.000,325.000,300.000,300.000,-1,925.000,750.000,-1,750.000,850.000,-1,-1,2,0,2,0,2,0,0,0,0,2,0,0,2,0,0,2,2
74,3625.644,10909.345,-100.095,67.750,0.377486,-0.925508,-0.030643,0.924044,0.378634,-0.052709,0.060385,-0.008419,0.998140,0,0.68099,0.08000,40.859,0.160,-1,400.000,-1,400.000,-1,325.000,325.000,300.000,300.000,-1,975.000,800.000,-1,750.000,850.000,-1,-1,2,0,2,0,2,0,0,0,0,2,0,0,2,0,0,2,2
75,3640.851,10947.269,-97.713,68.150,0.371059,-0.928133,-0.029745,0.926656,0.372165,-0.052931,0.060197,-0.007923,0.998155,0,0.68099,0.20000,40.859,0.400,-1,400.000,-1,400.000,-1,325.000,325.000,300.000,300.000,-1,1000.000,825.000,-1,750.000,850.000,-1,-1,2,0,2,0,2,0,0,0,0,2,0,0,2,0,0,2,2
76,3655.634,10985.360,-95.360,68.790,0.360706,-0.932234,-0.028825,0.930748,0.361775,-0.053170,0.059995,-0.007650,0.998169,0,0.68099,0.32000,40.859,0.640,-1,400.000,-1,400.000,-1,325.000,325.000,300.000,300.000,-1,-1,850.000,-1,775.000,850.000,-1,-1,2,0,2,0,2,0,0,0,0,2,2,0,2,0,0,2,2
77,3669.952,11023.629,-93.041,69.486,0.349390,-0.936562,-0.027885,0.935067,0.350423,-0.053425,0.059807,-0.007408,0.998182,0,0.68099,0.34807,40.859,0.696,-1,400.000,-1,400.000,-1,325.000,325.000,300.000,300.000,-1,-1,875.000,-1,775.000,850.000,-1,-1,2,0,2,0,2,0,0,0,0,2,2,0,2,0,0,2,2
78,3683.804,11062.068,-90.675,70.182,0.338049,-0.940755,-0.026534,0.939253,0.339020,-0.053562,0.059385,-0.006815,0.998212,0,0.68099,0.34807,40.859,0.696,-1,400.000,-1,400.000,-1,325.000,325.000,300.000,300.000,-1,-1,900.000,-1,775.000,850.000,-1,-1,2,0,2,0,2,0,0,0,0,2,2,0,2,0,0,2,2
79,3697.189,11100.673,-88.342,70.878,0.326659,-0.944808,-0.025148,0.943305,0.327566,-0.053625,0.058903,-0.006205,0.998244,0,0.68099,0.34807,40.859,0.696,-1,400.000,-1,400.000,-1,325.000,325.000,300.000,300.000,-1,-1,950.000,-1,775.000,850.000,-1,-1,2,0,2,0,2,0,0,0,0,2,2,0,2,0,0,2,2
80,3710.103,11139.438,-86.055,71.575,0.315218,-0.948721,-0.023790,0.947221,0.316064,-0.053630,0.058399,-0.005630,0.998277,0,0.68099,0.34807,40.859,0.696,-1,400.000,-1,400.000,-1,325.000,325.000,300.000,300.000,-1,-1,975.000,-1,775.000,825.000,-1,-1,2,0,2,0,2,0,0,0,0,2,2,0,2,0,0,2,2
81,3722.545,11178.356,-83.797,72.271,0.303731,-0.952494,-0.022418,0.950996,0.304516,-0.053645,0.057923,-0.005026,0.998308,0,0.68099,0.34807,40.859,0.696,-1,400.000,-1,400.000,-1,325.000,325.000,300.000,300.000,-1,-1,1000.000,-1,775.000,825.000,-1,-1,2,0,2,0,2,0,0,0,0,2,2,0,2,0,0,2,2
82,3734.514,11217.423,-81.520,72.967,0.292192,-0.956126,-0.021157,0.954639,0.292921,-0.053489,0.057339,-0.004569,0.998344,0,0.68099,0.34807,40.859,0.696,-1,400.000,-1,400.000,-1,325.000,325.000,300.000,300.000,-1,-1,-1,-1,775.000,825.000,-1,-1,2,0,2,0,2,0,0,0,0,2,2,2,2,0,0,2,2
83,3746.007,11256.633,-79.192,73.663,0.280597,-0.959615,-0.020117,0.958154,0.281284,-0.053105,0.056619,-0.004374,0.998386,0,0.68099,0.34807,40.859,0.696,-1,400.000,-1,400.000,-1,325.000,325.000,300.000,300.000,-1,-1,-1,-1,775.000,825.000,-1,-1,2,0,2,0,2,0,0,0,0,2,2,2,2,0,0,2,2
84,3757.023,11295.979,-76.877,74.359,0.268957,-0.962962,-0.019131,0.961525,0.269604,-0.052763,0.055966,-0.004204,0.998424,0,0.68099,0.34807,40.859,0.696,-1,400.000,-1,400.000,-1,325.000,325.000,300.000,300.000,-1,-1,-1,-1,775.000,825.000,-1,-1,2,0,2,0,2,0,0,0,0,2,2,2,2,0,0,2,2
85,3767.560,11335.456,-74.586,75.055,0.257277,-0.966167,-0.018151,0.964751,0.257885,-0.052441,0.055348,-0.004019,0.998459,0,0.68099,0.34807,40.859,0.696,-1,400.000,-1,400.000,-1,325.000,325.000,300.000,300.000,-1,-1,-1,-1,775.000,825.000,-1,-1,2,0,2,0,2,0,0,0,0,2,2,2,2,0,0,2,2
86,3778.983,11379.664,-72.055,75.511,0.249628,-0.968192,-0.017052,0.966795,0.250186,-0.052105,0.054714,-0.003479,0.998496,0,0.76099,0.22807,45.659,0.456,-1,400.000,-1,400.000,-1,325.000,325.000,300.000,300.000,-1,-1,-1,-1,775.000,800.000,-1,-1,2,0,2,0,2,0,0,0,0,2,2,2,2,0,0,2,2
87,3791.305,11428.104,-69.318,75.728,0.246036,-0.969131,-0.015852,0.967752,0.246532,-0.051750,0.054061,-0.002609,0.998534,0,0.83306,0.10807,49.983,0.216,-1,400.000,-1,400.000,-1,325.000,325.000,300.000,300.000,-1,-1,-1,-1,775.000,800.000,-1,-1,2,0,2,0,2,0,0,0,0,2,2,2,2,0,0,2,2
88,3803.648,11476.539,-66.621,75.704,0.246505,-0.969030,-0.014679,0.967669,0.246936,-0.051377,0.053411,-0.001540,0.998571,0,0.83306,-0.01193,49.983,-0.024,-1,400.000,-1,400.000,-1,325.000,325.000,300.000,300.000,-1,-1,-1,-1,775.000,800.000,-1,-1,2,0,2,0,2,0,0,0,0,2,2,2,2,0,0,2,2
89,3816.213,11524.917,-63.954,75.440,0.251034,-0.967884,-0.013508,0.966539,0.251397,-0.051014,0.052771,-0.000249,0.998607,0,0.83306,-0.13193,49.983,-0.264,-1,400.000,-1,400.000,-1,325.000,325.000,300.000,300.000,-1,-1,-1,-1,775.000,800.000,-1,-1,2,0,2,0,2,0,0,0,0,2,2,2,2,0,0,2,2
90,3829.204,11573.183,-61.318,74.936,0.259609,-0.965635,-0.012337,0.964306,0.259898,-0.050657,0.052122,0.001254,0.998640,0,0.83306,-0.25193,49.983,-0.504,-1,400.000,-1,400.000,-1,325.000,325.000,300.000,300.000,-1,-1,-1,-1,775.000,800.000,-1,-1,2,0,2,0,2,0,0,0,0,2,2,2,2,0,0,2,2
91,3842.820,11621.276,-58.713,74.192,0.272199,-0.962176,-0.011168,0.960865,0.272412,-0.050303,0.051443,0.002961,0.998672,0,0.83306,-0.37193,49.983,-0.744,-1,400.000,-1,400.000,-1,325.000,325.000,300.000,300.000,-1,-1,-1,-1,775.000,775.000,-1,-1,2,0,2,0,2,0,0,0,0,2,2,2,2,0,0,2,2
92,3857.259,11669.128,-56.142,73.208,0.288759,-0.957350,-0.010001,0.956058,0.288891,-0.049951,0.050710,0.004862,0.998702,0,0.83306,-0.49193,49.983,-0.984,-1,400.000,-1,400.000,-1,325.000,325.000,300.000,300.000,-1,-1,-1,-1,775.000,775.000,-1,-1,2,0,2,0,2,0,0,0,0,2,2,2,2,0,0,2,2
93,3872.718,11716.661,-53.623,71.984,0.309218,-0.950950,-0.008909,0.949679,0.309269,-0.049625,0.049947,0.006885,0.998728,0,0.83306,-0.61193,49.983,-1.224,-1,400.000,-1,400.000,-1,325.000,325.000,300.000,300.000,-1,-1,-1,-1,775.000,775.000,-1,-1,2,0,2,0,2,0,0,0,0,2,2,2,2,0,0,2,2
94,3889.385,11763.783,-51.206,70.520,0.333476,-0.942724,-0.008059,0.941480,0.333457,-0.049222,0.049090,0.008827,0.998755,0,0.83306,-0.73193,49.983,-1.464,-1,400.000,-1,400.000,-1,325.000,325.000,300.000,300.000,-1,-1,-1,-1,775.000,750.000,-1,-1,2,0,2,0,2,0,0,0,0,2,2,2,2,0,0,2,2
95,3907.446,11810.389,-48.852,68.817,0.361423,-0.932374,-0.007249,0.931163,0.361333,-0.048721,0.048045,0.010859,0.998786,0,0.83306,-0.85193,49.983,-1.704,-1,400.000,-1,400.000,-1,325.000,325.000,300.000,300.000,-1,-1,-1,-1,775.000,750.000,-1,-1,2,0,2,0,2,0,0,0,0,2,2,2,2,0,0,2,2
96,3927.078,11856.356,-46.470,66.873,0.392896,-0.919559,-0.006673,0.918377,0.392742,-0.048356,0.047087,0.012870,0.998808,0,0.83306,-0.97193,49.983,-1.944,-1,400.000,-1,400.000,-1,325.000,325.000,300.000,300.000,-1,-1,-1,-1,775.000,750.000,-1,-1,2,0,2,0,2,0,0,0,0,2,2,2,2,0,0,2,2
97,3948.265,11901.627,-44.067,64.920,0.424049,-0.905617,-0.006290,0.904461,0.423842,-0.048041,0.046173,0.014683,0.998826,0,0.83306,-0.97651,49.983,-1.953,-1,400.000,-1,400.000,-1,325.000,325.000,300.000,300.000,-1,-1,-1,-1,750.000,750.000,-1,-1,2,0,2,0,2,0,0,0,0,2,2,2,2,0,0,2,2
98,3970.983,11946.149,-41.691,62.967,0.454706,-0.890622,-0.005916,0.889493,0.454446,-0.047750,0.045216,0.016450,0.998842,0,0.83306,-0.97651,49.983,-1.953,-1,400.000,-1,400.000,-1,325.000,325.000,300.000,300.000,-1,-1,-1,-1,750.000,725.000,-1,-1,2,0,2,0,2,0,0,0,0,2,2,2,2,0,0,2,2
99,3995.204,11989.871,-39.310,61.014,0.484823,-0.874594,-0.005752,0.873486,0.484522,-0.047542,0.044367,0.018025,0.998853,0,0.83306,-0.97651,49.983,-1.953,-1,400.000,-1,400.000,-1,325.000,325.000,300.000,300.000,-1,-1,-1,-1,750.000,725.000,-1,-1,2,0,2,0,2,0,0,0,0,2,2,2,2,0,0,2,2
100,4020.902,12032.743,-36.961,59.061,0.514367,-0.857551,-0.005801,0.856460,0.514033,-0.047399,0.043629,0.019412,0.998859,0,0.83306,-0.97651,49.983,-1.953,-1,400.000,-1,375.000,-1,325.000,325.000,300.000,300.000,-1,-1,-1,-1,750.000,725.000,-1,-1,2,0,2,0,2,0,0,0,0,2,2,2,2,0,0,2,2
101,4048.046,12074.714,-34.660,57.108,0.543309,-0.839512,-0.005922,0.838436,0.542945,-0.047287,0.042913,0.020727,0.998864,0,0.83306,-0.97651,49.983,-1.953,-1,400.000,-1,375.000,-1,325.000,325.000,300.000,300.000,-1,-1,-1,-1,750.000,725.000,-1,-1,2,0,2,0,2,0,0,0,0,2,2,2,2,0,0,2,2
102,4076.604,12115.735,-32.408,55.155,0.571615,-0.820499,-0.006105,0.819435,0.571225,-0.047201,0.042216,0.021978,0.998867,0,0.83306,-0.97651,49.983,-1.953,-1,400.000,-1,375.000,-1,325.000,325.000,300.000,300.000,-1,-1,-1,-1,750.000,725.000,-1,-1,2,0,2,0,2,0,0,0,0,2,2,2,2,0,0,2,2
103,4106.544,12155.760,-30.209,53.202,0.599254,-0.800534,-0.006359,0.799480,0.598840,-0.047137,0.041543,0.023163,0.998868,0,0.83306,-0.97651,49.983,-1.953,-1,400.000,-1,375.000,-1,325.000,325.000,300.000,300.000,-1,-1,-1,-1,750.000,725.000,-1,-1,2,0,2,0,2,0,0,0,0,2,2,2,2,0,0,2,2
104,4137.830,12194.740,-28.067,51.249,0.626193,-0.779639,-0.006690,0.778595,0.625758,-0.047091,0.040901,0.024279,0.998868,0,0.83306,-0.97651,49.983,-1.953,-1,400.000,-1,375.000,-1,325.000,325.000,300.000,300.000,-1,-1,-1,-1,750.000,725.000,-1,-1,2,0,2,0,2,0,0,0,0,2,2,2,2,0,0,2,2
105,4170.427,12232.632,-26.021,49.296,0.652395,-0.757844,-0.007278,0.756801,0.651950,-0.047051,0.040402,0.025187,0.998866,0,0.83306,-0.97651,49.983,-1.953,-1,400.000,-1,375.000,-1,325.000,325.000,300.000,300.000,-1,-1,-1,-1,725.000,700.000,-1,-1,2,0,2,0,2,0,0,0,0,2,2,2,2,0,0,2,2
106,4204.297,12269.391,-24.047,47.343,0.677836,-0.735170,-0.007991,0.734126,0.677384,-0.047001,0.039966,0.025993,0.998863,0,0.83306,-0.97651,49.983,-1.953,-1,375.000,-1,375.000,-1,325.000,325.000,300.000,300.000,-1,-1,-1,-1,725.000,700.000,-1,-1,2,0,2,0,2,0,0,0,0,2,2,2,2,0,0,2,2
107,4239.399,12304.975,-22.086,45.390,0.702491,-0.711640,-0.008673,0.710588,0.702028,-0.047138,0.039634,0.026951,0.998851,0,0.83306,-0.97651,49.983,-1.953,-1,375.000,-1,375.000,-1,325.000,325.000,300.000,300.000,-1,-1,-1,-1,725.000,700.000,-1,-1,2,0,2,0,2,0,0,0,0,2,2,2,2,0,0,2,2
108,4275.693,12339.341,-20.058,43.437,0.726339,-0.687274,-0.009309,0.686191,0.725843,-0.047896,0.039674,0.028401,0.998809,0,0.83306,-0.97651,49.983,-1.953,-1,375.000,-1,375.000,-1,325.000,325.000,300.000,300.000,-1,-1,-1,-1,725.000,700.000,-1,-1,2,0,2,0,2,0,0,0,0,2,2,2,2,0,0,2,2
109,4313.138,12372.451,-18.084,41.484,0.749340,-0.662109,-0.009994,0.660994,0.748812,-0.048660,0.039702,0.029857,0.998765,0,0.83306,-0.97651,49.983,-1.953,-1,375.000,-1,375.000,-1,325.000,325.000,300.000,300.000,-1,-1,-1,-1,725.000,700.000,-1,-1,2,0,2,0,2,0,0,0,0,2,2,2,2,0,0,2,2
110,4351.689,12404.266,-16.148,39.531,0.771470,-0.636175,-0.010728,0.635021,0.770905,-0.049531,0.039781,0.031399,0.998715,0,0.83306,-0.97651,49.983,-1.953,-1,400.000,-1,375.000,-1,325.000,325.000,300.000,300.000,-1,-1,-1,-1,725.000,675.000,-1,-1,2,0,2,0,2,0,0,0,0,2,2,2,2,0,0,2,2
111,4391.302,12434.748,-14.177,37.578,0.792695,-0.609509,-0.011515,0.608331,0.792107,-0.049991,0.039591,0.032623,0.998683,0,0.83306,-0.97651,49.983,-1.953,-1,400.000,-1,375.000,-1,325.000,325.000,300.000,300.000,-1,-1,-1,-1,725.000,675.000,-1,-1,2,0,2,0,2,0,0,0,0,2,2,2,2,0,0,2,2
112,4432.737,12464.388,-12.213,35.578,0.813474,-0.581471,-0.012346,0.580270,0.812864,-0.050385,0.039334,0.033823,0.998654,0,0.84908,-1.00000,50.945,-2.000,-1,400.000,-1,375.000,-1,325.000,325.000,300.000,300.000,-1,-1,-1,-1,725.000,675.000,-1,-1,2,0,2,0,2,0,0,0,0,2,2,2,2,0,0,2,2
113,4475.181,12492.565,-10.307,33.578,0.833259,-0.552725,-0.013206,0.551503,0.832628,-0.050751,0.039047,0.035005,0.998624,0,0.84908,-1.00000,50.945,-2.000,-1,400.000,-1,375.000,-1,325.000,325.000,300.000,300.000,-1,-1,-1,-1,725.000,675.000,-1,-1,2,0,2,0,2,0,0,0,0,2,2,2,2,0,0,2,2
114,4518.583,12519.243,-8.414,31.578,0.852022,-0.523312,-0.014220,0.522068,0.851381,-0.050953,0.038771,0.035990,0.998600,0,0.84908,-1.00000,50.945,-2.000,-1,375.000,-1,375.000,-1,325.000,300.000,300.000,300.000,-1,-1,-1,-1,725.000,675.000,-1,-1,2,0,2,0,2,0,0,0,0,2,2,2,2,0,0,2,2
115,4562.890,12544.389,-6.259,29.578,0.869713,-0.493285,-0.016421,0.492005,0.869133,-0.050385,0.039127,0.035741,0.998595,0,0.84908,-1.00000,50.945,-2.000,-1,375.000,-1,375.000,-1,325.000,300.000,300.000,300.000,-1,800.000,-1,-1,700.000,675.000,-1,-1,2,0,2,0,2,0,0,0,0,2,0,2,2,0,0,2,2
116,4608.047,12567.974,-4.166,27.578,0.886343,-0.462657,-0.018585,0.461347,0.885828,-0.049666,0.039441,0.035447,0.998593,0,0.84908,-1.00000,50.945,-2.000,-1,375.000,-1,375.000,-1,325.000,300.000,300.000,300.000,-1,700.000,775.000,-1,700.000,675.000,-1,-1,2,0,2,0,2,0,0,0,0,2,0,0,2,0,0,2,2
117,4654.000,12589.968,-2.136,25.578,0.901892,-0.431465,-0.020700,0.430132,0.901446,-0.048797,0.039715,0.035106,0.998594,0,0.84908,-1.00000,50.945,-2.000,-1,375.000,-1,375.000,-1,300.000,300.000,300.000,325.000,-1,650.000,700.000,-1,700.000,675.000,-1,-1,2,0,2,0,2,0,0,0,0,2,0,0,2,0,0,2,2
118,4700.692,12610.346,-0.059,23.578,0.916358,-0.399742,-0.022239,0.398399,0.915953,-0.048052,0.039578,0.035173,0.998597,0,0.84908,-1.00000,50.945,-2.000,-1,375.000,-1,375.000,-1,300.000,300.000,300.000,325.000,-1,625.000,675.000,-1,700.000,675.000,-1,-1,2,0,2,0,2,0,0,0,0,2,0,0,2,0,0,2,2
119,4748.067,12629.082,2.161,21.578,0.929712,-0.367520,-0.023766,0.366133,0.929316,-0.048139,0.039778,0.036054,0.998558,0,0.84908,-1.00000,50.945,-2.000,-1,375.000,-1,375.000,-1,300.000,300.000,300.000,325.000,-1,625.000,675.000,-1,700.000,675.000,-1,-1,2,0,2,0,2,0,0,0,0,2,0,0,2,0,0,2,2
120,4796.067,12646.154,4.460,19.578,0.941926,-0.334846,-0.025548,0.333379,0.941526,-0.048856,0.040413,0.037501,0.998479,0,0.84908,-1.00000,50.945,-2.000,-1,375.000,-1,375.000,-1,300.000,300.000,300.000,300.000,-1,600.000,625.000,-1,725.000,675.000,-1,-1,2,0,2,0,2,0,0,0,0,2,0,0,2,0,0,2,2
121,4844.633,12661.540,6.705,17.578,0.952991,-0.301766,-0.027296,0.300220,0.952585,-0.049486,0.040935,0.038965,0.998402,0,0.84908,-1.00000,50.945,-2.000,-1,375.000,-1,375.000,-1,325.000,300.000,300.000,300.000,-1,575.000,600.000,-1,725.000,700.000,-1,-1,2,0,2,0,2,0,0,0,0,2,0,0,2,0,0,2,2
122,4893.707,12675.221,8.875,15.578,0.962890,-0.268323,-0.029082,0.266699,0.962483,-0.049984,0.041403,0.040373,0.998327,0,0.84908,-1.00000,50.945,-2.000,-1,375.000,-1,375.000,-1,325.000,325.000,300.000,300.000,-1,550.000,600.000,-1,725.000,700.000,-1,-1,2,0,2,0,2,0,0,0,0,2,0,0,2,0,0,2,2
123,4943.228,12687.182,10.969,13.578,0.971611,-0.234556,-0.030900,0.232857,0.971207,-0.050351,0.041821,0.041727,0.998253,0,0.84908,-1.00000,50.945,-2.000,-1,375.000,-1,375.000,-1,325.000,325.000,300.000,300.000,-1,550.000,575.000,-1,725.000,700.000,-1,-1,2,0,2,0,2,0,0,0,0,2,0,0,2,0,0,2,2
124,4993.137,12697.407,12.984,11.578,0.979145,-0.200507,-0.032747,0.198734,0.978747,-0.050586,0.042194,0.043023,0.998183,0,0.84908,-1.00000,50.945,-2.000,-1,375.000,-1,375.000,-1,325.000,325.000,300.000,300.000,-1,550.000,550.000,-1,725.000,700.000,-1,-1,2,0,2,0,2,0,0,0,0,2,0,0,2,0,0,2,2
125,5043.372,12705.884,14.920,9.578,0.985481,-0.166218,-0.034618,0.164373,0.985095,-0.050689,0.042528,0.044263,0.998114,0,0.84908,-1.00000,50.945,-2.000,-1,400.000,-1,375.000,-1,325.000,325.000,300.000,300.000,-1,525.000,550.000,-1,725.000,700.000,-1,-1,2,0,2,0,2,0,0,0,0,2,0,0,2,0,0,2,2
126,5093.873,12712.603,16.774,7.578,0.990613,-0.131731,-0.036508,0.129815,0.990243,-0.050658,0.042825,0.045443,0.998049,0,0.84908,-1.00000,50.945,-2.000,-1,400.000,-1,375.000,-1,325.000,325.000,300.000,300.000,-1,525.000,525.000,-1,750.000,700.000,-1,-1,2,0,2,0,2,0,0,0,0,2,0,0,2,0,0,2,2
127,5144.577,12717.555,18.545,5.578,0.994534,-0.097087,-0.038413,0.095102,0.994186,-0.050494,0.043092,0.046565,0.997985,0,0.84908,-1.00000,50.945,-2.000,-1,400.000,-1,375.000,-1,325.000,325.000,300.000,300.000,-1,500.000,500.000,-1,750.000,700.000,-1,-1,2,0,2,0,2,0,0,0,0,2,0,0,2,0,0,2,2
128,5195.423,12720.735,20.232,3.578,0.997241,-0.062328,-0.040328,0.060278,0.996919,-0.050196,0.043332,0.047626,0.997925,0,0.84908,-1.00000,50.945,-2.000,-1,400.000,-1,375.000,-1,325.000,325.000,300.000,300.000,-1,450.000,450.000,-1,750.000,700.000,-1,-1,2,0,2,0,2,0,0,0,0,2,0,0,2,0,0,2,2
129,5246.349,12722.138,21.939,1.578,0.998740,-0.027497,-0.041990,0.025414,0.998457,-0.049366,0.043282,0.048236,0.997898,0,0.84908,-1.00000,50.945,-2.000,-1,400.000,-1,375.000,-1,325.000,325.000,300.000,300.000,-1,425.000,450.000,-1,750.000,700.000,-1,-1,2,0,2,0,2,0,0,0,0,2,0,0,2,0,0,2,2
130,5297.293,12721.763,24.283,-0.422,0.999064,0.007365,-0.042628,-0.009451,0.998756,-0.048951,0.042214,0.049308,0.997891,0,0.84908,-1.00000,50.945,-2.000,-1,400.000,-1,375.000,-1,325.000,325.000,300.000,300.000,-1,475.000,475.000,-1,750.000,725.000,-1,-1,2,0,2,0,2,0,0,0,0,2,0,0,2,0,0,2,2
131,5348.193,12719.610,26.563,-2.422,0.998168,0.042214,-0.043351,-0.044310,0.997836,-0.048583,0.041206,0.050415,0.997878,0,0.84908,-1.00000,50.945,-2.000,-1,400.000,-1,375.000,-1,325.000,325.000,300.000,300.000,-1,500.000,500.000,-1,750.000,725.000,-1,-1,2,0,2,0,2,0,0,0,0,2,0,0,2,0,0,2,2
132,5398.987,12715.682,28.755,-4.422,0.996055,0.077008,-0.044095,-0.079113,0.995702,-0.048161,0.040196,0.051459,0.997866,0,0.84908,-1.00000,50.945,-2.000,-1,400.000,-1,375.000,-1,325.000,325.000,300.000,300.000,-1,550.000,550.000,-1,750.000,725.000,-1,-1,2,0,2,0,2,0,0,0,0,2,0,0,2,0,0,2,2
133,5449.613,12709.984,30.857,-6.422,0.992729,0.111705,-0.044856,-0.113818,0.992357,-0.047686,0.039186,0.052445,0.997855,0,0.84908,-1.00000,50.945,-2.000,-1,400.000,-1,375.000,-1,325.000,325.000,300.000,300.000,-1,575.000,575.000,-1,750.000,725.000,-1,-1,2,0,2,0,2,0,0,0,0,2,0,0,2,0,0,2,2
134,5500.009,12702.523,32.871,-8.422,0.988193,0.146263,-0.045634,-0.148383,0.987805,-0.047162,0.038179,0.053377,0.997844,0,0.84908,-1.00000,50.945,-2.000,-1,400.000,-1,375.000,-1,325.000,325.000,300.000,300.000,-1,600.000,600.000,-1,750.000,725.000,-1,-1,2,0,2,0,2,0,0,0,0,2,0,0,2,0,0,2,2
135,5550.114,12693.307,34.797,-10.422,0.982453,0.180639,-0.046425,-0.182767,0.982052,-0.046591,0.037176,0.054258,0.997835,0,0.84908,-1.00000,50.945,-2.000,-1,400.000,-1,375.000,-1,325.000,325.000,300.000,300.000,-1,625.000,625.000,-1,750.000,725.000,-1,-1,2,0,2,0,2,0,0,0,0,2,0,0,2,0,0,2,2
136,5599.867,12682.348,36.634,-12.422,0.975517,0.214792,-0.047230,-0.216927,0.975105,-0.045973,0.036179,0.055093,0.997826,0,0.84908,-1.00000,50.945,-2.000,-1,400.000,-1,375.000,-1,325.000,325.000,300.000,300.000,-1,650.000,650.000,-1,775.000,725.000,-1,-1,2,0,2,0,2,0,0,0,0,2,0,0,2,0,0,2,2
