timestep,x_cm,y_cm,z_cm,yaw_deg,basis_xx,basis_xy,basis_xz,basis_yx,basis_yy,basis_yz,basis_zx,basis_zy,basis_zz,teleport_flag,throttle_cmd,steering_cmd,cmd_move_cm,cmd_turn_deg,lidar_cm_0,lidar_cm_1,lidar_cm_2,lidar_cm_3,lidar_cm_4,lidar_cm_5,lidar_cm_6,lidar_cm_7,lidar_cm_8,lidar_cm_9,lidar_cm_10,lidar_cm_11,lidar_cm_12,lidar_cm_13,lidar_cm_14,lidar_cm_15,lidar_cm_16,lidar_class_0,lidar_class_1,lidar_class_2,lidar_class_3,lidar_class_4,lidar_class_5,lidar_class_6,lidar_class_7,lidar_class_8,lidar_class_9,lidar_class_10,lidar_class_11,lidar_class_12,lidar_class_13,lidar_class_14,lidar_class_15,lidar_class_16
0,3612.427,-2951.536,131.714,1.648,0.998776,-0.028723,-0.040258,0.026628,0.998311,-0.051632,0.041673,0.050497,0.997854,1,0.08000,-0.12000,4.800,-0.240,-1,550.000,-1,400.000,-1,400.000,375.000,375.000,150.000,-1,0.000,0.000,-1,-1,875.000,-1,-1,2,0,2,0,2,0,0,0,0,2,0,1,2,2,0,2,2
1,3622.025,-2951.343,132.283,1.168,0.999037,-0.020362,-0.038876,0.018490,0.998681,-0.047902,0.039800,0.047137,0.998095,0,0.16000,-0.24000,9.600,-0.480,-1,550.000,-1,400.000,-1,400.000,350.000,375.000,150.000,-1,0.000,0.000,-1,-1,875.000,-1,-1,2,0,2,0,2,0,0,0,0,2,0,1,2,2,0,2,2
2,3636.424,-2951.234,133.108,0.448,0.999292,-0.007812,-0.036794,0.006247,0.999078,-0.042472,0.037092,0.042213,0.998420,0,0.24000,-0.36000,14.400,-0.720,-1,550.000,-1,400.000,-1,400.000,350.000,375.000,150.000,-1,0.000,0.000,-1,-1,850.000,-1,-1,2,0,2,0,2,0,0,0,0,2,0,1,2,2,0,2,2
3,3655.623,-2951.409,134.161,-0.512,0.999382,0.008930,-0.034001,-0.010138,0.999317,-0.035527,0.033661,0.035850,0.998790,0,0.32000,-0.48000,19.200,-0.960,-1,525.000,-1,400.000,-1,400.000,350.000,350.000,175.000,-1,0.000,0.000,-1,-1,850.000,-1,-1,2,0,2,0,2,0,0,0,0,2,0,1,2,2,0,2,2
4,3679.613,-2952.130,135.404,-1.712,0.999089,0.029864,-0.030485,-0.030698,0.999156,-0.027291,0.029644,0.028202,0.999163,0,0.40000,-0.60000,24.000,-1.200,-1,525.000,-1,400.000,-1,400.000,350.000,350.000,175.000,-1,0.000,0.000,-1,-1,850.000,-1,-1,2,0,2,0,2,0,0,0,0,2,0,1,2,2,0,2,2
5,3708.369,-2953.717,136.799,-3.152,0.998143,0.054975,-0.026233,-0.055457,0.998299,-0.018014,0.025198,0.019436,0.999494,0,0.48000,-0.72000,28.800,-1.440,-1,500.000,-1,400.000,-1,375.000,350.000,350.000,175.000,-1,0.000,0.000,-1,-1,825.000,-1,-1,2,0,2,0,2,0,0,0,0,2,0,1,2,2,0,2,2
6,3741.860,-2956.412,138.286,-4.596,0.996561,0.080132,-0.021097,-0.080321,0.996735,-0.008240,0.020368,0.009906,0.999743,0,0.56000,-0.72220,33.600,-1.444,-1,500.000,-1,400.000,-1,375.000,350.000,325.000,200.000,-1,0.000,0.000,-1,-1,825.000,-1,-1,2,0,2,0,2,0,0,0,0,2,0,1,2,2,0,2,2
7,3780.048,-2960.441,139.860,-6.021,0.994370,0.104885,-0.015072,-0.104868,0.994484,0.001927,0.015191,-0.000335,0.999885,0,0.64000,-0.71208,38.400,-1.424,-1,475.000,-1,400.000,-1,375.000,350.000,325.000,200.000,-1,0.000,0.000,-1,-1,800.000,-1,-1,2,0,2,0,2,0,0,0,0,2,0,1,2,2,0,2,2
8,3819.528,-2965.583,141.407,-7.422,0.991585,0.129162,-0.008706,-0.129057,0.991567,0.011764,0.010152,-0.010542,0.999893,0,0.66356,-0.70052,39.814,-1.401,-1,475.000,-1,400.000,-1,375.000,350.000,300.000,225.000,-1,0.000,25.000,-1,-1,800.000,-1,-1,2,0,2,0,2,0,0,0,0,2,0,1,2,2,0,2,2
9,3859.214,-2971.724,142.917,-8.799,0.988235,0.152929,-0.002125,-0.152851,0.988023,0.021141,0.005332,-0.020568,0.999774,0,0.66930,-0.68850,40.158,-1.377,-1,475.000,-1,400.000,-1,375.000,350.000,300.000,250.000,-1,75.000,125.000,-1,-1,775.000,-1,-1,2,0,2,0,2,0,0,0,0,2,0,1,2,2,0,2,2
10,3899.090,-2978.860,144.489,-10.151,0.984347,0.176168,0.005027,-0.176239,0.983895,0.029832,0.000309,-0.030251,0.999542,0,0.67515,-0.67636,40.509,-1.353,-1,450.000,-1,400.000,-1,350.000,350.000,300.000,250.000,-1,225.000,250.000,-1,1000.000,775.000,-1,-1,2,0,2,0,2,0,0,0,0,2,0,0,2,0,0,2,2
11,3939.140,-2986.988,145.937,-11.480,0.979934,0.198853,0.013680,-0.199241,0.979188,0.038656,-0.005708,-0.040606,0.999159,0,0.68111,-0.66409,40.866,-1.328,-1,450.000,-1,400.000,-1,350.000,325.000,275.000,275.000,-1,425.000,500.000,-1,950.000,750.000,-1,-1,2,0,2,0,2,0,0,0,0,2,0,0,2,0,0,2,2
12,3979.349,-2996.105,147.129,-12.783,0.975039,0.220981,0.021589,-0.221771,0.974000,0.046276,-0.010801,-0.049909,0.998695,0,0.68716,-0.65169,41.229,-1.303,-1,425.000,-1,400.000,-1,350.000,325.000,275.000,300.000,-1,700.000,-1,-1,900.000,750.000,-1,-1,2,0,2,0,2,0,0,0,0,2,0,2,2,0,0,2,2
13,4019.701,-3006.210,146.481,-14.061,0.969845,0.242625,0.023099,-0.243488,0.968706,0.048194,-0.010683,-0.052365,0.998571,0,0.69330,-0.63916,41.598,-1.278,-1,425.000,-1,400.000,-1,350.000,325.000,275.000,300.000,-1,750.000,-1,-1,875.000,725.000,-1,-1,2,0,2,0,2,0,0,0,0,2,0,2,2,0,0,2,2
14,4060.184,-3017.294,145.777,-15.314,0.964279,0.263719,0.024871,-0.264667,0.963059,0.049692,-0.010847,-0.054499,0.998455,0,0.69953,-0.62649,41.972,-1.253,-1,425.000,-1,375.000,-1,325.000,325.000,275.000,300.000,-1,825.000,-1,-1,875.000,725.000,-1,-1,2,0,2,0,2,0,0,0,0,2,0,2,2,0,0,2,2
15,4100.783,-3029.350,145.123,-16.542,0.958378,0.284253,0.026684,-0.285291,0.957071,0.051223,-0.010978,-0.056704,0.998331,0,0.70585,-0.61369,42.351,-1.227,-1,425.000,-1,375.000,975.000,325.000,325.000,275.000,300.000,-1,875.000,-1,-1,850.000,700.000,-1,-1,2,0,2,0,0,0,0,0,0,2,0,2,2,0,0,2,2
16,4141.486,-3042.372,144.520,-17.743,0.952175,0.304218,0.028541,-0.305353,0.950775,0.052791,-0.011076,-0.058982,0.998198,0,0.71225,-0.60074,42.735,-1.201,-1,425.000,-1,375.000,925.000,325.000,325.000,275.000,300.000,-1,950.000,-1,-1,825.000,700.000,-1,-1,2,0,2,0,0,0,0,0,0,2,0,2,2,0,0,2,2
17,4182.282,-3056.353,143.971,-18.918,0.945701,0.323610,0.030441,-0.324848,0.944201,0.054399,-0.011138,-0.061334,0.998055,0,0.71874,-0.58766,43.124,-1.175,-1,400.000,-1,375.000,900.000,325.000,325.000,275.000,300.000,-1,-1,-1,-1,825.000,675.000,-1,-1,2,0,2,0,0,0,0,0,0,2,2,2,2,0,0,2,2
18,4218.219,-3069.668,143.536,-20.334,0.937390,0.346784,0.032259,-0.348113,0.935788,0.055847,-0.010821,-0.063580,0.997918,0,0.63874,-0.70766,38.324,-1.415,-1,400.000,-1,375.000,850.000,325.000,300.000,275.000,300.000,-1,-1,-1,-1,800.000,675.000,-1,-1,2,0,2,0,0,0,0,0,0,2,2,2,2,0,0,2,2
19,4249.306,-3082.220,143.234,-21.989,0.926962,0.373622,0.033875,-0.375021,0.925260,0.057032,-0.010035,-0.065570,0.997798,0,0.55874,-0.82766,33.524,-1.655,-1,400.000,-1,375.000,825.000,325.000,300.000,275.000,300.000,-1,-1,-1,-1,775.000,650.000,-1,-1,2,0,2,0,0,0,0,0,0,2,2,2,2,0,0,2,2
20,4278.031,-3094.939,143.371,-23.884,0.914130,0.404007,0.033822,-0.405347,0.912370,0.057233,-0.007736,-0.066028,0.997788,0,0.52357,-0.94766,31.414,-1.895,-1,400.000,-1,375.000,775.000,325.000,300.000,275.000,300.000,-1,-1,-1,-1,775.000,650.000,-1,-1,2,0,2,0,0,0,0,0,0,2,2,2,2,0,0,2,2
21,4306.707,-3108.854,143.596,-25.884,0.899515,0.435591,0.033677,-0.436860,0.897690,0.057500,-0.005185,-0.066434,0.997777,0,0.53121,-1.00000,31.873,-2.000,-1,400.000,-1,375.000,750.000,325.000,300.000,275.000,300.000,-1,1000.000,-1,-1,775.000,625.000,-1,975.000,2,0,2,0,0,0,0,0,0,2,0,2,2,0,0,2,0
22,4335.292,-3123.979,143.903,-27.884,0.883813,0.466642,0.033470,-0.467834,0.881919,0.057883,-0.002507,-0.066816,0.997762,0,0.53898,-1.00000,32.339,-2.000,-1,400.000,-1,375.000,725.000,325.000,300.000,300.000,300.000,-1,925.000,-1,-1,750.000,625.000,-1,925.000,2,0,2,0,0,0,0,0,0,2,0,2,2,0,0,2,0
23,4363.725,-3140.318,144.295,-29.884,0.867043,0.497125,0.033212,-0.498233,0.865075,0.058392,0.000297,-0.067176,0.997741,0,0.54655,-1.00000,32.793,-2.000,-1,400.000,-1,375.000,700.000,325.000,300.000,300.000,300.000,-1,875.000,-1,-1,750.000,600.000,-1,875.000,2,0,2,0,0,0,0,0,0,2,0,2,2,0,0,2,0
24,4391.947,-3157.874,144.772,-31.884,0.849227,0.527000,0.032916,-0.528017,0.847179,0.059034,0.003225,-0.067514,0.997713,0,0.55392,-1.00000,33.235,-2.000,-1,400.000,-1,350.000,675.000,325.000,300.000,300.000,300.000,-1,850.000,-1,-1,750.000,600.000,-1,825.000,2,0,2,0,0,0,0,0,0,2,0,2,2,0,0,2,0
25,4419.896,-3176.643,145.101,-33.884,0.830415,0.556197,0.032490,-0.557101,0.828199,0.061033,0.007038,-0.068783,0.997607,0,0.56109,-1.00000,33.666,-2.000,-1,400.000,-1,350.000,675.000,325.000,300.000,300.000,300.000,-1,750.000,950.000,-1,750.000,600.000,-1,800.000,2,0,2,0,0,0,0,0,0,2,0,0,2,0,0,2,0
26,4447.511,-3196.622,145.522,-35.884,0.810604,0.584712,0.032139,-0.585492,0.808214,0.063163,0.010957,-0.070017,0.997486,0,0.56806,-1.00000,34.084,-2.000,-1,400.000,-1,350.000,675.000,325.000,300.000,300.000,300.000,-1,650.000,875.000,-1,750.000,575.000,-1,800.000,2,0,2,0,0,0,0,0,0,2,0,0,2,0,0,2,0
27,4474.733,-3217.801,146.100,-37.884,0.789827,0.612501,0.031873,-0.613144,0.787238,0.065660,0.015126,-0.071403,0.997333,0,0.57482,-1.00000,34.489,-2.000,-1,400.000,-1,350.000,675.000,325.000,300.000,300.000,300.000,-1,550.000,800.000,-1,750.000,575.000,-1,775.000,2,0,2,0,0,0,0,0,0,2,0,0,2,0,0,2,0
28,4501.501,-3240.168,147.181,-39.884,0.768159,0.639471,0.031767,-0.639929,0.765225,0.070156,0.020553,-0.074219,0.997030,0,0.58137,-1.00000,34.882,-2.000,-1,400.000,-1,350.000,700.000,325.000,300.000,300.000,300.000,-1,450.000,675.000,-1,750.000,575.000,-1,800.000,2,0,2,0,0,0,0,0,0,2,0,0,2,0,0,2,0
29,4527.756,-3263.710,148.372,-41.884,0.745584,0.665645,0.031948,-0.665902,0.742283,0.074774,0.026058,-0.077025,0.996689,0,0.58771,-1.00000,35.262,-2.000,-1,400.000,-1,350.000,750.000,325.000,300.000,325.000,300.000,-1,375.000,600.000,-1,725.000,575.000,-1,825.000,2,0,2,0,0,0,0,0,0,2,0,0,2,0,0,2,1
30,4553.438,-3288.409,149.675,-43.884,0.722134,0.690993,0.032422,-0.691030,0.718442,0.079492,0.031634,-0.079808,0.996308,0,0.59383,-1.00000,35.630,-2.000,-1,400.000,-1,350.000,775.000,325.000,300.000,325.000,300.000,1000.000,325.000,525.000,-1,725.000,600.000,-1,800.000,2,0,2,0,0,0,0,0,0,0,0,0,2,0,0,2,1
31,4578.489,-3314.244,151.092,-45.884,0.697840,0.715484,0.033201,-0.715284,0.693733,0.084285,0.037272,-0.082566,0.995888,0,0.59974,-1.00000,35.985,-2.000,-1,400.000,-1,350.000,850.000,325.000,300.000,325.000,300.000,975.000,300.000,475.000,-1,725.000,600.000,-1,825.000,2,0,2,0,0,0,0,0,0,0,0,0,2,0,0,2,1
32,4602.853,-3341.191,152.623,-47.884,0.672734,0.739089,0.034295,-0.738636,0.668186,0.089131,0.042960,-0.085293,0.995429,0,0.60545,-1.00000,36.327,-2.000,-1,400.000,-1,350.000,925.000,300.000,300.000,300.000,300.000,950.000,275.000,425.000,-1,700.000,600.000,-1,825.000,2,0,2,0,0,0,0,0,0,0,0,0,2,0,0,2,1
33,4626.474,-3369.224,154.267,-49.884,0.646852,0.761779,0.035713,-0.761060,0.641834,0.094003,0.048688,-0.087985,0.994931,0,0.61093,-1.00000,36.656,-2.000,-1,375.000,-1,350.000,1000.000,300.000,300.000,300.000,300.000,925.000,275.000,400.000,-1,700.000,600.000,-1,850.000,2,0,2,0,0,0,0,0,0,0,0,0,2,0,0,2,1
34,4649.297,-3398.315,156.460,-51.884,0.620102,0.783650,0.036958,-0.782723,0.614807,0.096727,0.053078,-0.088908,0.994625,0,0.61621,-1.00000,36.973,-2.000,-1,375.000,1000.000,350.000,-1,300.000,300.000,300.000,325.000,925.000,275.000,400.000,-1,700.000,600.000,-1,850.000,2,0,1,0,2,0,0,0,0,0,0,0,2,0,0,2,1
35,4671.269,-3428.430,158.700,-53.884,0.592604,0.804604,0.037846,-0.803426,0.587066,0.099299,0.057678,-0.089251,0.994338,0,0.62128,-1.00000,37.277,-2.000,-1,375.000,950.000,350.000,-1,300.000,300.000,300.000,325.000,950.000,300.000,400.000,-1,675.000,600.000,-1,900.000,2,0,1,0,2,0,0,0,0,0,0,0,2,0,1,2,1
36,4692.339,-3459.535,161.055,-55.884,0.564397,0.824592,0.038790,-0.823151,0.558621,0.101814,0.062286,-0.089393,0.994047,0,0.62613,-1.00000,37.568,-2.000,-1,375.000,900.000,350.000,-1,300.000,300.000,300.000,325.000,950.000,300.000,400.000,-1,675.000,600.000,-1,925.000,2,0,1,0,2,0,0,0,0,0,0,0,2,0,1,2,1
37,4715.013,-3495.327,164.070,-57.644,0.539034,0.841399,0.038605,-0.839571,0.533056,0.104748,0.067557,-0.088874,0.993749,0,0.70613,-0.88000,42.368,-1.760,-1,375.000,850.000,350.000,-1,300.000,300.000,300.000,325.000,975.000,325.000,400.000,-1,675.000,600.000,-1,975.000,2,0,1,0,2,0,0,0,0,0,0,0,2,0,1,2,1
38,4739.189,-3535.831,167.961,-59.164,0.516711,0.855391,0.036266,-0.852942,0.510638,0.108347,0.074160,-0.086917,0.993451,0,0.78613,-0.76000,47.168,-1.520,-1,375.000,800.000,350.000,-1,300.000,300.000,300.000,325.000,1000.000,325.000,400.000,-1,700.000,600.000,-1,1000.000,2,0,1,0,2,0,0,0,0,0,0,0,2,0,1,2,1
39,4764.821,-3581.040,172.321,-60.444,0.497657,0.866710,0.033942,-0.863608,0.491474,0.112403,0.080739,-0.085251,0.993083,0,0.86613,-0.64000,51.968,-1.280,-1,375.000,750.000,350.000,-1,300.000,300.000,300.000,300.000,-1,300.000,350.000,-1,700.000,600.000,925.000,-1,2,0,1,0,2,0,0,0,0,2,0,0,2,1,1,1,2
40,4790.163,-3627.688,176.843,-61.484,0.482013,0.875588,0.031783,-0.871838,0.475716,0.116591,0.086966,-0.083908,0.992671,0,0.88475,-0.52000,53.085,-1.040,-1,375.000,725.000,350.000,-1,300.000,300.000,325.000,300.000,-1,275.000,300.000,-1,650.000,575.000,850.000,-1,2,0,1,1,2,0,0,0,0,2,0,0,2,1,1,1,2
41,4815.090,-3675.141,181.460,-62.284,0.469899,0.882218,0.029775,-0.877829,0.463483,0.120827,0.092796,-0.082914,0.992227,0,0.89333,-0.40000,53.600,-0.800,-1,400.000,675.000,350.000,-1,300.000,300.000,325.000,300.000,-1,250.000,275.000,-1,600.000,575.000,775.000,-1,2,0,1,1,2,0,0,0,0,2,0,0,2,1,1,1,2
42,4839.786,-3723.290,186.153,-62.844,0.461407,0.886750,0.027884,-0.881732,0.454862,0.125097,0.098247,-0.082307,0.991753,0,0.90186,-0.28000,54.112,-0.560,950.000,400.000,625.000,350.000,-1,325.000,300.000,325.000,300.000,-1,225.000,250.000,-1,550.000,550.000,700.000,-1,1,0,1,1,2,0,1,0,0,2,0,0,2,1,1,1,2
43,4864.403,-3772.057,190.909,-63.215,0.455809,0.889695,0.026089,-0.884051,0.449123,0.129392,0.103403,-0.082042,0.991250,0,0.91045,-0.18541,54.627,-0.371,850.000,400.000,575.000,350.000,-1,325.000,300.000,325.000,300.000,-1,200.000,250.000,-1,500.000,525.000,650.000,-1,1,1,1,1,2,1,1,0,0,2,0,0,2,1,1,1,2
44,4888.954,-3821.444,196.405,-63.568,0.450655,0.892277,0.027426,-0.886317,0.443555,0.133046,0.106549,-0.084266,0.990730,0,0.91920,-0.17635,55.152,-0.353,750.000,350.000,525.000,325.000,-1,300.000,275.000,325.000,300.000,-1,225.000,250.000,-1,450.000,475.000,575.000,-1,1,1,1,1,2,1,1,0,0,2,0,0,2,1,1,1,2
45,4913.458,-3871.461,202.172,-63.901,0.445851,0.894612,0.029766,-0.888445,0.438238,0.136429,0.109006,-0.087272,0.990203,0,0.92825,-0.16682,55.695,-0.334,650.000,325.000,475.000,300.000,-1,275.000,250.000,325.000,300.000,-1,225.000,300.000,-1,400.000,450.000,500.000,975.000,1,1,1,1,2,1,1,0,0,2,0,0,2,1,1,1,1
46,4937.931,-3922.116,207.962,-64.215,0.441340,0.896766,0.032098,-0.890421,0.433223,0.139528,0.111218,-0.090160,0.989698,0,0.93761,-0.15680,56.257,-0.314,550.000,275.000,425.000,275.000,-1,225.000,225.000,325.000,300.000,-1,250.000,325.000,-1,350.000,400.000,425.000,850.000,1,1,1,1,2,1,1,0,0,2,0,0,2,1,1,1,1
47,4962.395,-3973.419,213.837,-64.508,0.437167,0.898717,0.034543,-0.892208,0.428520,0.142602,0.113356,-0.093161,0.989177,0,0.94727,-0.14625,56.836,-0.293,450.000,225.000,375.000,250.000,-1,200.000,200.000,300.000,300.000,-1,275.000,350.000,-1,300.000,350.000,350.000,700.000,1,1,1,1,2,1,1,0,0,2,0,0,2,1,1,1,1
48,4986.871,-4025.377,219.980,-64.778,0.433256,0.900524,0.036691,-0.893922,0.424179,0.144833,0.114862,-0.095548,0.988776,0,0.95724,-0.13517,57.435,-0.270,375.000,200.000,300.000,225.000,-1,175.000,175.000,300.000,300.000,-1,300.000,375.000,-1,250.000,300.000,275.000,575.000,1,1,1,1,2,1,1,0,0,2,0,0,2,1,1,1,1
49,5011.383,-4078.000,227.215,-65.025,0.429660,0.902161,0.038698,-0.895513,0.420208,0.146566,0.115965,-0.097628,0.988444,0,0.96751,-0.12350,58.051,-0.247,275.000,150.000,250.000,200.000,-1,150.000,150.000,300.000,325.000,-1,350.000,450.000,-1,200.000,250.000,225.000,500.000,1,1,1,1,2,1,1,0,0,2,0,0,2,1,1,1,1
50,5035.938,-4131.312,243.773,-65.247,0.424133,0.905582,0.005647,-0.893674,0.417530,0.164363,0.146486,-0.074759,0.986384,0,0.97808,-0.11122,58.685,-0.222,250.000,150.000,250.000,200.000,-1,150.000,150.000,375.000,300.000,-1,300.000,325.000,-1,175.000,250.000,200.000,-1,1,1,1,1,2,1,1,0,0,2,0,0,2,1,1,1,2
51,6231.351,2951.683,-260.303,-118.994,-0.482623,0.874657,0.045281,-0.869758,-0.484714,0.092598,0.102940,0.005307,0.994673,1,0.00000,0.00000,59.337,-0.197,-1,400.000,-1,375.000,-1,325.000,325.000,300.000,275.000,525.000,325.000,400.000,-1,800.000,725.000,-1,-1,2,0,2,0,2,0,0,0,0,1,0,0,2,0,0,2,2
52,6229.008,2947.493,-259.841,-119.209,-0.485885,0.872832,0.045613,-0.867919,-0.487991,0.092636,0.103115,0.005422,0.994655,0,0.08000,-0.10746,4.800,-0.215,-1,400.000,-1,375.000,-1,325.000,325.000,300.000,275.000,525.000,325.000,400.000,-1,800.000,725.000,-1,-1,2,0,2,0,2,0,0,0,0,1,0,0,2,0,0,2,2
53,6224.292,2939.131,-258.897,-119.425,-0.489120,0.870989,0.046246,-0.866060,-0.491273,0.092688,0.103450,0.005284,0.994621,0,0.16000,-0.10784,9.600,-0.216,-1,400.000,-1,375.000,-1,325.000,325.000,275.000,275.000,525.000,325.000,400.000,-1,800.000,725.000,-1,-1,2,0,2,0,2,0,0,0,0,1,0,0,2,0,0,2,2
54,6217.170,2926.616,-257.470,-119.642,-0.492342,0.869122,0.047175,-0.864173,-0.494573,0.092747,0.103940,0.004896,0.994572,0,0.24000,-0.10861,14.400,-0.217,-1,400.000,-1,375.000,-1,325.000,325.000,275.000,275.000,525.000,325.000,400.000,-1,800.000,725.000,-1,-1,2,0,2,0,2,0,0,0,0,1,0,0,2,0,0,2,2
55,6207.610,2909.965,-255.563,-119.862,-0.495562,0.867223,0.048393,-0.862254,-0.497902,0.092804,0.104577,0.004263,0.994508,0,0.32000,-0.10979,19.200,-0.220,-1,400.000,-1,375.000,-1,325.000,325.000,275.000,275.000,525.000,325.000,400.000,-1,800.000,750.000,-1,-1,2,0,2,0,2,0,0,0,0,1,0,0,2,0,0,2,2
56,6195.579,2889.198,-253.176,-120.084,-0.498794,0.865283,0.049891,-0.860294,-0.501272,0.092848,0.105349,0.003391,0.994430,0,0.40000,-0.11140,24.000,-0.223,-1,400.000,-1,375.000,-1,325.000,325.000,275.000,275.000,525.000,325.000,425.000,-1,825.000,750.000,-1,-1,2,0,2,0,2,0,0,0,0,1,0,0,2,0,0,2,2
57,6181.043,2864.335,-250.311,-120.311,-0.502052,0.863294,0.051655,-0.858287,-0.504697,0.092869,0.106243,0.002291,0.994338,0,0.48000,-0.11348,28.800,-0.227,-1,400.000,-1,375.000,-1,325.000,325.000,275.000,275.000,550.000,325.000,425.000,-1,825.000,775.000,-1,-1,2,0,2,0,2,0,0,0,0,1,0,0,2,0,0,2,2
58,6164.546,2836.378,-247.084,-120.543,-0.505357,0.861244,0.053600,-0.856224,-0.508191,0.092855,0.107210,0.001031,0.994236,0,0.54102,-0.11604,32.461,-0.232,-1,400.000,-1,375.000,-1,325.000,325.000,275.000,275.000,550.000,350.000,425.000,-1,825.000,800.000,-1,-1,2,0,2,0,2,0,0,0,0,1,0,0,2,0,0,2,2
59,6147.955,2808.526,-243.619,-120.781,-0.508816,0.859125,0.054865,-0.854000,-0.511765,0.093704,0.108581,0.000823,0.994087,0,0.54031,-0.11903,32.419,-0.238,-1,400.000,-1,375.000,-1,325.000,325.000,275.000,300.000,550.000,350.000,425.000,-1,850.000,825.000,-1,-1,2,0,2,0,2,0,0,0,0,1,0,0,2,0,0,2,2
60,6131.261,2780.770,-239.969,-121.026,-0.512469,0.856935,0.055112,-0.851721,-0.515422,0.094396,0.109297,0.001435,0.994008,0,0.53982,-0.12212,32.389,-0.244,-1,400.000,-1,400.000,-1,325.000,325.000,275.000,300.000,575.000,375.000,450.000,-1,850.000,850.000,-1,-1,2,0,2,0,2,0,0,0,0,1,0,0,2,0,0,2,2
61,6114.454,2753.102,-236.336,-121.276,-0.516209,0.854672,0.055356,-0.849374,-0.519165,0.095035,0.109963,0.002040,0.993934,0,0.53953,-0.12530,32.372,-0.251,-1,400.000,-1,400.000,-1,325.000,325.000,275.000,300.000,575.000,400.000,475.000,-1,875.000,850.000,-1,-1,2,0,2,0,2,0,0,0,0,1,0,0,2,0,0,2,2
62,6094.884,2721.498,-232.180,-121.767,-0.523527,0.850193,0.055605,-0.844790,-0.526462,0.095744,0.110675,0.003150,0.993852,0,0.61953,-0.24530,37.172,-0.491,-1,425.000,-1,400.000,-1,325.000,325.000,275.000,300.000,600.000,400.000,500.000,-1,900.000,875.000,-1,-1,2,0,2,0,2,0,0,0,0,1,0,0,2,0,0,2,2
63,6072.334,2686.098,-227.693,-122.498,-0.534326,0.843408,0.056198,-0.837983,-0.537259,0.095586,0.110811,0.003981,0.993834,0,0.69953,-0.36530,41.972,-0.731,-1,425.000,-1,400.000,-1,325.000,325.000,275.000,300.000,625.000,450.000,525.000,-1,925.000,900.000,-1,-1,2,0,2,0,2,0,0,0,0,1,0,0,2,0,0,2,2
64,6046.541,2647.081,-222.779,-123.468,-0.548541,0.834183,0.056938,-0.828765,-0.551466,0.095041,0.110681,0.004946,0.993844,0,0.77953,-0.48530,46.772,-0.971,-1,425.000,-1,400.000,-1,325.000,325.000,275.000,300.000,625.000,475.000,550.000,-1,925.000,925.000,-1,-1,2,0,2,0,2,0,0,0,0,1,0,0,2,0,0,2,2
65,6017.198,2604.671,-217.408,-124.679,-0.566059,0.822340,0.057751,-0.816941,-0.568963,0.094275,0.110385,0.006186,0.993870,0,0.85953,-0.60530,51.572,-1.211,-1,425.000,-1,400.000,-1,325.000,325.000,275.000,300.000,650.000,500.000,575.000,-1,950.000,950.000,-1,-1,2,0,2,0,2,0,0,0,0,1,0,0,2,0,0,2,2
66,5985.099,2560.560,-211.786,-126.043,-0.585499,0.808551,0.058615,-0.803191,-0.588378,0.093254,0.109889,0.007522,0.993915,0,0.90923,-0.68220,54.554,-1.364,-1,425.000,-1,425.000,-1,350.000,325.000,275.000,275.000,675.000,550.000,625.000,-1,975.000,975.000,-1,-1,2,0,2,0,2,0,0,0,0,1,0,0,2,0,0,2,2
67,5952.057,2517.366,-206.104,-127.415,-0.604693,0.794228,0.059572,-0.789009,-0.607565,0.091266,0.108679,0.008185,0.994043,0,0.90638,-0.68600,54.383,-1.372,-1,425.000,-1,425.000,-1,350.000,325.000,300.000,300.000,700.000,600.000,675.000,-1,975.000,975.000,-1,-1,2,0,2,0,2,0,0,0,0,1,0,0,2,0,0,2,2
68,5918.066,2475.084,-200.500,-128.796,-0.623667,0.779357,0.060344,-0.774324,-0.626520,0.088860,0.107060,0.008694,0.994215,0,0.90419,-0.69021,54.251,-1.380,-1,425.000,-1,425.000,-1,350.000,350.000,300.000,300.000,725.000,675.000,750.000,-1,975.000,975.000,-1,-1,2,0,2,0,2,0,0,0,0,1,0,0,2,0,0,2,2
69,5883.118,2433.708,-195.016,-130.185,-0.642414,0.763931,0.060946,-0.759091,-0.645233,0.086341,0.105282,0.009203,0.994400,0,0.90268,-0.69482,54.161,-1.390,-1,425.000,-1,425.000,-1,350.000,350.000,300.000,300.000,750.000,750.000,825.000,-1,975.000,975.000,-1,-1,2,0,2,0,2,0,0,0,0,1,0,0,2,0,0,2,2
70,5847.202,2393.233,-189.651,-131.585,-0.660924,0.747939,0.061372,-0.743303,-0.663696,0.083718,0.103348,0.009713,0.994598,0,0.90188,-0.69979,54.113,-1.400,-1,425.000,-1,425.000,-1,350.000,350.000,300.000,300.000,775.000,825.000,900.000,-1,975.000,975.000,-1,-1,2,0,2,0,2,0,0,0,0,1,0,0,2,0,0,2,2
71,5810.306,2353.660,-184.439,-132.995,-0.679259,0.731370,0.060868,-0.726944,-0.681895,0.081065,0.100794,0.010817,0.994849,0,0.90176,-0.70513,54.106,-1.410,-1,425.000,-1,425.000,-1,350.000,350.000,300.000,300.000,825.000,900.000,1000.000,-1,975.000,950.000,-1,-1,2,0,2,0,2,0,0,0,0,1,0,0,2,0,0,2,2
72,5772.417,2314.990,-179.127,-134.417,-0.697539,0.714203,0.057912,-0.709996,-0.699805,0.078610,0.096671,0.013717,0.995222,0,0.90232,-0.71079,54.139,-1.422,-1,425.000,-1,425.000,-1,350.000,350.000,300.000,300.000,850.000,-1,-1,-1,950.000,925.000,-1,-1,2,0,2,0,2,0,0,0,0,1,2,2,2,0,0,2,2
73,5733.519,2277.229,-173.935,-135.850,-0.715511,0.696442,0.054890,-0.692455,-0.717423,0.076223,0.092465,0.016529,0.995579,0,0.90355,-0.71678,54.213,-1.434,-1,450.000,-1,425.000,-1,350.000,350.000,300.000,300.000,900.000,-1,-1,-1,950.000,900.000,-1,-1,2,0,2,0,2,0,0,0,0,1,2,2,2,0,0,2,2
74,5693.598,2240.385,-169.100,-137.296,-0.733061,0.678094,0.053012,-0.674323,-0.734748,0.073721,0.088940,0.018295,0.995869,0,0.90542,-0.72306,54.325,-1.446,-1,450.000,-1,425.000,-1,350.000,350.000,300.000,300.000,950.000,-1,-1,-1,925.000,875.000,-1,-1,2,0,2,0,2,0,0,0,0,1,2,2,2,0,0,2,2
75,5652.639,2204.472,-164.451,-138.756,-0.750257,0.659145,0.051407,-0.655587,-0.751758,0.071176,0.085561,0.019698,0.996138,0,0.90790,-0.72963,54.474,-1.459,-1,450.000,-1,425.000,-1,350.000,350.000,300.000,275.000,1000.000,-1,-1,-1,925.000,850.000,-1,-1,2,0,2,0,2,0,0,0,0,1,2,2,2,0,0,2,2
76,5610.630,2169.507,-160.095,-140.229,-0.767100,0.639596,0.049755,-0.636323,-0.768444,0.067726,0.081551,0.020292,0.996463,0,0.91096,-0.73648,54.658,-1.473,-1,425.000,-1,425.000,-1,350.000,350.000,300.000,275.000,-1,-1,-1,-1,900.000,825.000,-1,-1,2,0,2,0,2,0,0,0,0,2,2,2,2,0,0,2,2
77,5567.556,2135.509,-155.920,-141.716,-0.783581,0.619434,0.047989,-0.616465,-0.784780,0.063956,0.077277,0.020531,0.996798,0,0.91459,-0.74357,54.875,-1.487,-1,425.000,-1,425.000,-1,350.000,350.000,300.000,275.000,-1,-1,-1,-1,875.000,800.000,-1,-1,2,0,2,0,2,0,0,0,0,2,2,2,2,0,0,2,2
78,5523.407,2102.502,-151.882,-143.217,-0.799682,0.598652,0.046094,-0.595983,-0.800744,0.060106,0.072892,0.020594,0.997127,0,0.91873,-0.75092,55.124,-1.502,-1,425.000,-1,425.000,-1,350.000,350.000,300.000,275.000,-1,-1,-1,-1,825.000,775.000,-1,-1,2,0,2,0,2,0,0,0,0,2,2,2,2,0,0,2,2
79,5478.172,2070.516,-147.980,-144.734,-0.815381,0.577245,0.044068,-0.574869,-0.816314,0.056185,0.068406,0.020479,0.997447,0,0.92337,-0.75850,55.402,-1.517,-1,425.000,-1,400.000,-1,350.000,350.000,300.000,275.000,-1,-1,-1,-1,800.000,750.000,-1,-1,2,0,2,0,2,0,0,0,0,2,2,2,2,0,0,2,2
80,5431.844,2039.581,-144.212,-146.267,-0.830654,0.555208,0.041922,-0.553106,-0.831464,0.052365,0.063931,0.020310,0.997748,0,0.92846,-0.76630,55.708,-1.533,-1,425.000,-1,400.000,-1,350.000,325.000,300.000,300.000,-1,-1,-1,-1,750.000,725.000,-1,-1,2,0,2,0,2,0,0,0,0,2,2,2,2,0,0,2,2
81,5384.417,2009.733,-140.513,-147.816,-0.845477,0.532532,0.039732,-0.530650,-0.846161,0.049221,0.059831,0.020531,0.997997,0,0.93397,-0.77431,56.038,-1.549,-1,425.000,-1,400.000,-1,350.000,325.000,300.000,300.000,-1,-1,-1,-1,725.000,700.000,-1,-1,2,0,2,0,2,0,0,0,0,2,2,2,2,0,0,2,2
82,5335.887,1981.011,-136.904,-149.381,-0.859819,0.509220,0.037511,-0.507529,-0.860383,0.046425,0.055914,0.020879,0.998217,0,0.93988,-0.78252,56.393,-1.565,-1,400.000,-1,375.000,-1,325.000,325.000,300.000,300.000,-1,-1,-1,-1,700.000,675.000,-1,-1,2,0,2,0,2,0,0,0,0,2,2,2,2,0,0,2,2
83,5286.447,1953.553,-133.140,-150.953,-0.873518,0.485427,0.036442,-0.483902,-0.874040,0.043503,0.052969,0.020367,0.998388,0,0.94255,-0.78613,56.553,-1.572,-1,400.000,-1,375.000,-1,325.000,325.000,300.000,300.000,-1,-1,-1,-1,675.000,675.000,-1,-1,2,0,2,0,2,0,0,0,0,2,2,2,2,0,0,2,2
84,5236.273,1927.463,-129.398,-152.525,-0.886532,0.461269,0.035933,-0.459885,-0.887044,0.040735,0.050664,0.019588,0.998524,0,0.94255,-0.78613,56.553,-1.572,-1,375.000,-1,375.000,-1,325.000,300.000,300.000,300.000,-1,-1,-1,-1,650.000,650.000,-1,-1,2,0,2,0,2,0,0,0,0,2,2,2,2,0,0,2,2
85,5185.401,1902.758,-125.935,-154.097,-0.898866,0.436758,0.035810,-0.435448,-0.899368,0.039016,0.049247,0.019476,0.998597,0,0.94255,-0.78613,56.553,-1.572,-1,375.000,-1,375.000,-1,300.000,300.000,300.000,300.000,-1,-1,-1,-1,650.000,650.000,-1,-1,2,0,2,0,2,0,0,0,0,2,2,2,2,0,0,2,2
86,5133.871,1879.459,-122.713,-155.670,-0.910481,0.411924,0.036651,-0.410683,-0.911028,0.036976,0.048622,0.018614,0.998644,0,0.94255,-0.78613,56.553,-1.572,-1,375.000,-1,375.000,-1,300.000,300.000,300.000,300.000,-1,-1,-1,-1,625.000,625.000,-1,-1,2,0,2,0,2,0,0,0,0,2,2,2,2,0,0,2,2
87,5081.721,1857.582,-119.217,-157.242,-0.921365,0.386769,0.038683,-0.385476,-0.921978,0.036943,0.049954,0.019126,0.998568,0,0.94255,-0.78613,56.553,-1.572,-1,350.000,-1,375.000,-1,300.000,300.000,300.000,300.000,-1,-1,-1,-1,625.000,625.000,-1,-1,2,0,2,0,2,0,0,0,0,2,2,2,2,0,0,2,2
88,5028.990,1837.143,-115.439,-158.814,-0.931513,0.361313,0.041679,-0.359850,-0.932207,0.038708,0.052839,0.021058,0.998381,0,0.94255,-0.78613,56.553,-1.572,-1,350.000,-1,375.000,-1,300.000,300.000,300.000,300.000,-1,-1,-1,-1,625.000,625.000,-1,-1,2,0,2,0,2,0,0,0,0,2,2,2,2,0,0,2,2
89,4975.718,1818.159,-111.777,-160.386,-0.940930,0.335586,0.045093,-0.333946,-0.941734,0.040222,0.055964,0.022787,0.998173,0,0.94255,-0.78613,56.553,-1.572,-1,375.000,-1,375.000,-1,300.000,300.000,300.000,300.000,-1,-1,-1,-1,625.000,650.000,-1,-1,2,0,2,0,2,0,0,0,0,2,2,2,2,0,0,2,2
90,4921.946,1800.644,-108.230,-161.959,-0.949606,0.309610,0.048885,-0.307784,-0.950552,0.041459,0.059304,0.024323,0.997944,0,0.94255,-0.78613,56.553,-1.572,-1,375.000,-1,375.000,-1,300.000,300.000,300.000,300.000,-1,-1,-1,-1,625.000,650.000,-1,-1,2,0,2,0,2,0,0,0,0,2,2,2,2,0,0,2,2
91,4868.860,1784.707,-104.764,-163.291,-0.956367,0.287415,0.052494,-0.285400,-0.957458,0.042682,0.062529,0.025838,0.997709,0,0.92376,-0.66613,55.425,-1.332,-1,375.000,-1,375.000,-1,300.000,300.000,300.000,300.000,-1,-1,-1,-1,625.000,650.000,-1,-1,2,0,2,0,2,0,0,0,0,2,2,2,2,0,0,2,2
92,4815.481,1769.786,-101.327,-164.383,-0.961476,0.269102,0.056112,-0.266891,-0.962727,0.043876,0.065827,0.027210,0.997460,0,0.92376,-0.54613,55.425,-1.092,-1,375.000,-1,375.000,-1,300.000,300.000,300.000,300.000,-1,425.000,-1,-1,625.000,650.000,-1,-1,2,0,2,0,2,0,0,0,0,2,0,2,2,0,0,2,2
93,4761.885,1755.660,-97.922,-165.236,-0.965159,0.254744,0.059775,-0.252332,-0.966592,0.045049,0.069254,0.028396,0.997195,0,0.92376,-0.42613,55.425,-0.852,-1,375.000,-1,375.000,-1,300.000,300.000,300.000,300.000,-1,350.000,425.000,-1,650.000,675.000,-1,-1,2,0,2,0,2,0,0,0,0,2,0,0,2,0,0,2,2
94,4708.141,1742.108,-94.539,-165.848,-0.967596,0.244394,0.063481,-0.241773,-0.969231,0.046237,0.072828,0.029391,0.996911,0,0.92376,-0.30613,55.425,-0.612,-1,375.000,-1,375.000,-1,300.000,300.000,300.000,300.000,-1,325.000,350.000,-1,650.000,675.000,-1,-1,2,0,2,0,2,0,0,0,0,2,0,0,2,0,0,2,2
95,4654.311,1728.905,-91.084,-166.220,-0.968925,0.238088,0.067066,-0.235282,-0.970784,0.047128,0.076327,0.029884,0.996635,0,0.92376,-0.18613,55.425,-0.372,-1,375.000,-1,375.000,-1,300.000,300.000,300.000,300.000,-1,300.000,300.000,-1,650.000,675.000,-1,-1,2,0,2,0,2,0,0,0,0,2,0,0,2,0,0,2,2
96,4600.449,1715.828,-87.131,-166.352,-0.969195,0.235857,0.070938,-0.233000,-0.971375,0.046282,0.079824,0.028328,0.996406,0,0.92376,-0.06613,55.425,-0.132,-1,375.000,-1,375.000,-1,300.000,300.000,300.000,300.000,-1,300.000,300.000,-1,650.000,675.000,-1,-1,2,0,2,0,2,0,0,0,0,2,0,0,2,0,0,2,2
97,4546.613,1702.650,-83.019,-166.245,-0.968426,0.237698,0.075175,-0.234828,-0.970991,0.045082,0.083710,0.026005,0.996151,0,0.92376,0.05387,55.425,0.108,-1,375.000,-1,375.000,-1,300.000,300.000,275.000,300.000,-1,300.000,300.000,-1,650.000,700.000,-1,-1,2,0,2,0,2,0,0,0,0,2,0,0,2,0,0,2,2
98,4492.858,1689.144,-78.034,-165.897,-0.966831,0.243584,0.076844,-0.240560,-0.969517,0.046562,0.085843,0.026532,0.995955,0,0.92376,0.17387,55.425,0.348,-1,375.000,-1,375.000,-1,300.000,300.000,300.000,300.000,-1,350.000,325.000,-1,650.000,700.000,-1,-1,2,0,2,0,2,0,0,0,0,2,0,0,2,0,0,2,2
99,4439.204,1675.242,-72.800,-165.475,-0.964851,0.250703,0.078807,-0.247445,-0.967670,0.048852,0.088507,0.027635,0.995692,0,0.92376,0.21078,55.425,0.422,-1,375.000,-1,375.000,-1,300.000,300.000,300.000,325.000,-1,375.000,350.000,-1,675.000,725.000,-1,-1,2,0,2,0,2,0,0,0,0,2,0,0,2,0,0,2,2
100,4385.653,1660.946,-67.519,-165.054,-0.962812,0.257809,0.080795,-0.254318,-0.965773,0.051048,0.091191,0.028602,0.995423,0,0.92376,0.21078,55.425,0.422,-1,375.000,-1,375.000,-1,300.000,300.000,300.000,325.000,-1,400.000,400.000,-1,675.000,725.000,-1,-1,2,0,2,0,2,0,0,0,0,2,0,0,2,0,0,2,2
101,4332.185,1646.250,-62.187,-164.632,-0.960713,0.264902,0.082812,-0.261179,-0.963826,0.053145,0.093895,0.029429,0.995147,0,0.92417,0.21080,55.450,0.422,-1,375.000,-1,375.000,-1,300.000,300.000,300.000,325.000,-1,425.000,425.000,-1,700.000,750.000,-1,-1,2,0,2,0,2,0,0,0,0,2,0,0,2,0,0,2,2
102,4278.408,1631.042,-56.763,-164.210,-0.958549,0.271993,0.084878,-0.268039,-0.961828,0.055154,0.096640,0.030117,0.994864,0,0.93144,0.21114,55.886,0.422,-1,375.000,-1,375.000,-1,300.000,300.000,300.000,325.000,-1,475.000,450.000,-1,700.000,750.000,-1,-1,2,0,2,0,2,0,0,0,0,2,0,0,2,0,0,2,2
103,4224.322,1615.314,-51.244,-163.787,-0.956320,0.279077,0.086997,-0.274896,-0.959779,0.057068,0.099424,0.030660,0.994573,0,0.93877,0.21138,56.326,0.423,-1,375.000,-1,375.000,-1,300.000,300.000,300.000,300.000,-1,500.000,475.000,-1,725.000,775.000,-1,-1,2,0,2,0,2,0,0,0,0,2,0,0,2,0,0,2,2
104,4169.928,1599.061,-45.628,-163.364,-0.954025,0.286153,0.089175,-0.281746,-0.957681,0.058879,0.102249,0.031047,0.994274,0,0.94616,0.21153,56.769,0.423,-1,375.000,-1,400.000,-1,300.000,325.000,300.000,300.000,-1,525.000,475.000,-1,750.000,775.000,-1,-1,2,0,2,0,2,0,0,0,0,2,0,0,2,0,0,2,2
105,4112.703,1581.238,-39.632,-162.701,-0.950410,0.297219,0.091552,-0.292596,-0.954311,0.060654,0.105397,0.030859,0.993951,0,0.99892,0.33153,59.935,0.663,-1,375.000,-1,400.000,-1,325.000,325.000,300.000,300.000,-1,550.000,450.000,-1,775.000,800.000,-1,-1,2,0,2,0,2,0,0,0,0,2,0,0,2,0,0,2,2
106,4055.705,1562.496,-33.549,-161.798,-0.945342,0.312231,0.094021,-0.307417,-0.949532,0.062310,0.108732,0.030001,0.993618,0,1.00000,0.45153,60.000,0.903,-1,400.000,-1,400.000,-1,325.000,325.000,300.000,300.000,-1,550.000,425.000,-1,800.000,800.000,-1,-1,2,0,2,0,2,0,0,0,0,2,0,0,2,0,1,2,2
107,3999.092,1542.621,-27.115,-160.655,-0.938667,0.331135,0.096201,-0.326299,-0.943183,0.062728,0.111507,0.027490,0.993383,0,1.00000,0.57153,60.000,1.143,-1,400.000,-1,400.000,-1,325.000,325.000,300.000,325.000,-1,525.000,425.000,-1,825.000,800.000,-1,-1,2,0,2,0,2,0,0,0,0,2,0,0,2,0,1,2,2
108,3942.975,1521.385,-20.822,-159.272,-0.930283,0.353825,0.096854,-0.349010,-0.934973,0.063386,0.112983,0.025164,0.993278,0,1.00000,0.69153,60.000,1.383,-1,400.000,1000.000,400.000,-1,325.000,325.000,300.000,325.000,-1,525.000,450.000,-1,825.000,775.000,-1,-1,2,0,1,0,2,0,0,0,0,2,0,0,2,0,1,2,2
109,3887.482,1498.569,-14.585,-157.649,-0.919817,0.380188,0.096922,-0.375410,-0.924631,0.064230,0.114037,0.022694,0.993217,0,1.00000,0.81153,60.000,1.623,-1,400.000,950.000,400.000,-1,325.000,325.000,300.000,325.000,-1,550.000,475.000,-1,825.000,725.000,-1,-1,2,0,1,0,2,0,0,0,0,2,0,0,2,0,1,2,2
110,3832.684,1474.134,-8.123,-155.967,-0.908273,0.407176,0.096171,-0.402432,-0.913117,0.065312,0.114409,0.020618,0.993220,0,1.00000,0.84078,60.000,1.682,-1,400.000,875.000,425.000,-1,325.000,325.000,300.000,300.000,-1,575.000,500.000,-1,825.000,675.000,-1,950.000,2,0,1,0,2,0,0,0,0,2,0,0,2,0,1,2,1
111,3778.623,1448.107,-1.497,-154.292,-0.896059,0.433710,0.094733,-0.429019,-0.900856,0.066339,0.114113,0.018802,0.993290,0,1.00000,0.83759,60.000,1.675,-1,400.000,825.000,400.000,-1,325.000,325.000,300.000,300.000,-1,650.000,575.000,-1,825.000,625.000,-1,800.000,2,0,1,0,2,0,0,0,0,2,0,0,2,0,1,2,1
112,3725.342,1420.519,5.010,-152.624,-0.883153,0.459763,0.093054,-0.455259,-0.887896,0.066183,0.113051,0.016086,0.993459,0,1.00000,0.83376,60.000,1.668,-1,400.000,775.000,400.000,-1,325.000,325.000,300.000,300.000,-1,725.000,650.000,-1,800.000,575.000,-1,700.000,2,0,1,0,2,0,0,0,0,2,0,0,2,1,1,2,1
113,3676.972,1393.925,11.049,-151.197,-0.871513,0.481757,0.091519,-0.477439,-0.876199,0.065788,0.111883,0.013641,0.993628,0,0.92000,0.71376,55.200,1.428,-1,400.000,750.000,400.000,925.000,325.000,325.000,300.000,300.000,-1,800.000,725.000,-1,775.000,525.000,-1,600.000,2,0,1,0,1,0,0,0,0,2,0,0,2,1,1,2,1
114,3633.320,1368.733,16.592,-150.009,-0.861424,0.499826,0.090126,-0.495694,-0.866050,0.065151,0.110618,0.011447,0.993797,0,0.84000,0.59376,50.400,1.188,-1,400.000,700.000,400.000,675.000,325.000,325.000,300.000,325.000,-1,875.000,800.000,-1,750.000,500.000,1000.000,550.000,2,0,1,1,1,0,0,0,0,2,0,0,2,1,1,1,1
115,3591.339,1343.570,21.990,-149.062,-0.853129,0.514090,0.088785,-0.510149,-0.857684,0.064237,0.109173,0.009509,0.993977,0,0.81574,0.47376,48.944,0.948,-1,400.000,650.000,375.000,550.000,325.000,325.000,300.000,325.000,-1,975.000,900.000,-1,700.000,450.000,950.000,475.000,2,0,1,1,1,0,0,0,0,2,0,0,2,1,1,1,1
116,3549.433,1317.676,27.452,-148.287,-0.846196,0.525645,0.087461,-0.521899,-0.850669,0.063120,0.107579,0.007766,0.994166,0,0.82102,0.38726,49.261,0.775,-1,400.000,625.000,350.000,475.000,325.000,325.000,300.000,325.000,-1,-1,1000.000,-1,650.000,425.000,900.000,425.000,2,0,1,1,1,0,0,0,0,2,2,0,2,1,1,1,1
117,3507.614,1291.058,32.980,-147.522,-0.839191,0.536968,0.086164,-0.533433,-0.843582,0.061798,0.105870,0.005898,0.994362,0,0.82621,0.38270,49.572,0.765,-1,400.000,575.000,325.000,400.000,325.000,325.000,300.000,325.000,-1,-1,-1,-1,625.000,375.000,850.000,375.000,2,0,1,1,1,0,1,0,0,2,2,2,2,1,1,1,1
118,3465.900,1263.727,38.519,-146.766,-0.832125,0.548048,0.084923,-0.544712,-0.836437,0.060517,0.104199,0.004099,0.994548,0,0.83118,0.37769,49.871,0.755,-1,400.000,525.000,300.000,325.000,325.000,300.000,300.000,325.000,-1,-1,-1,-1,575.000,350.000,825.000,325.000,2,0,1,1,1,0,1,0,0,2,2,2,2,1,1,1,1
119,3424.310,1235.697,43.771,-146.022,-0.825007,0.558870,0.083839,-0.555580,-0.829248,0.060646,0.103416,0.003454,0.994632,0,0.83591,0.37219,50.155,0.744,-1,400.000,475.000,275.000,275.000,325.000,275.000,300.000,300.000,-1,-1,-1,-1,550.000,300.000,775.000,275.000,2,0,1,1,1,0,1,0,0,2,2,2,2,1,1,1,1
120,3382.862,1206.986,49.032,-145.290,-0.817866,0.569424,0.082772,-0.566175,-0.822039,0.060805,0.102666,0.002867,0.994712,0,0.84034,0.36616,50.420,0.732,-1,400.000,425.000,225.000,225.000,300.000,250.000,300.000,300.000,-1,-1,-1,-1,500.000,275.000,725.000,225.000,2,1,1,1,1,1,1,0,0,2,2,2,2,1,1,1,1
121,3341.576,1177.617,56.638,-144.571,-0.809600,0.579686,0.092264,-0.576828,-0.814815,0.057843,0.108709,-0.006391,0.994053,0,0.84441,0.35954,50.665,0.719,-1,375.000,400.000,225.000,175.000,275.000,225.000,300.000,325.000,-1,-1,-1,-1,475.000,250.000,700.000,175.000,2,1,1,1,1,1,1,0,0,2,2,2,2,1,1,1,1
122,3300.476,1147.611,68.247,-143.866,-0.798892,0.589399,0.119918,-0.588063,-0.807265,0.050053,0.126306,-0.030533,0.991521,0,0.84805,0.35230,50.883,0.705,-1,350.000,400.000,200.000,175.000,275.000,200.000,275.000,400.000,-1,800.000,875.000,-1,450.000,225.000,700.000,175.000,2,1,1,1,1,1,1,0,1,2,0,0,2,1,1,1,1
123,3259.590,1116.995,80.780,-143.177,-0.786746,0.598326,0.151777,-0.599689,-0.799141,0.041799,0.146300,-0.058134,0.987531,0,0.85118,0.34437,51.071,0.689,-1,350.000,400.000,200.000,175.000,275.000,200.000,275.000,500.000,950.000,175.000,400.000,-1,450.000,225.000,725.000,150.000,2,1,1,1,1,1,1,0,0,0,0,0,2,1,1,1,1
124,3218.950,1085.801,94.238,-142.506,-0.772780,0.606247,0.187818,-0.611891,-0.790247,0.033157,0.168524,-0.089301,0.981644,0,0.85371,0.33568,51.223,0.671,-1,325.000,400.000,200.000,150.000,250.000,200.000,250.000,650.000,575.000,75.000,250.000,-1,425.000,225.000,-1,150.000,2,1,1,1,1,1,1,0,0,0,0,0,2,1,1,2,1
125,3178.587,1054.068,108.566,-141.854,-0.756511,0.612878,0.228192,-0.624902,-0.780331,0.024112,0.192843,-0.124357,0.973317,0,0.85553,0.32617,51.332,0.652,-1,325.000,425.000,200.000,150.000,250.000,200.000,250.000,875.000,350.000,50.000,225.000,-1,425.000,225.000,-1,150.000,2,1,1,1,1,1,1,0,0,0,0,0,2,1,1,2,1
126,3138.539,1021.841,123.666,-141.222,-0.737352,0.617850,0.273080,-0.639012,-0.769058,0.014596,0.219033,-0.163739,0.961881,0,0.85650,0.31577,51.390,0.632,-1,325.000,450.000,200.000,150.000,250.000,200.000,225.000,-1,225.000,25.000,200.000,-1,450.000,250.000,-1,125.000,2,1,1,1,1,1,1,0,2,0,0,0,2,1,1,2,1
127,983.974,-8855.108,270.924,-106.767,-0.286712,0.951077,0.115105,-0.957889,-0.286557,-0.018251,0.015626,-0.115491,0.993186,1,0.00000,0.00000,51.389,0.609,625.000,425.000,525.000,225.000,175.000,300.000,225.000,250.000,550.000,475.000,75.000,250.000,-1,525.000,250.000,550.000,150.000,1,1,1,1,1,1,1,0,0,0,0,0,2,1,1,1,1
128,982.572,-8859.699,271.133,-107.007,-0.290514,0.949641,0.117402,-0.956717,-0.290469,-0.017877,0.017125,-0.117514,0.992924,0,0.08000,-0.12000,4.800,-0.240,600.000,425.000,525.000,200.000,175.000,300.000,225.000,250.000,550.000,475.000,75.000,225.000,-1,500.000,250.000,550.000,150.000,1,1,1,1,1,1,1,0,0,0,0,0,2,1,1,1,1
129,979.692,-8868.858,271.568,-107.487,-0.298078,0.946703,0.122074,-0.954328,-0.298266,-0.017163,0.020162,-0.121614,0.992373,0,0.16000,-0.24000,9.600,-0.480,575.000,425.000,525.000,200.000,175.000,300.000,200.000,250.000,575.000,450.000,75.000,225.000,-1,500.000,250.000,550.000,150.000,1,1,1,1,1,1,1,0,0,0,0,0,2,1,1,1,1
130,975.200,-8882.540,272.259,-108.207,-0.309321,0.942130,0.129273,-0.950634,-0.309892,-0.016186,0.024812,-0.127898,0.991477,0,0.24000,-0.36000,14.400,-0.720,550.000,400.000,500.000,200.000,150.000,300.000,200.000,250.000,600.000,425.000,50.000,225.000,-1,475.000,250.000,525.000,150.000,1,1,1,1,1,1,1,0,0,0,0,0,2,1,1,1,1
131,968.906,-8900.682,273.252,-109.167,-0.324108,0.935719,0.139226,-0.945506,-0.325256,-0.015071,0.031182,-0.136524,0.990146,0,0.32000,-0.48000,19.200,-0.960,525.000,375.000,500.000,200.000,150.000,275.000,200.000,250.000,625.000,400.000,50.000,225.000,-1,475.000,250.000,500.000,150.000,1,1,1,1,1,1,1,0,0,0,0,0,2,1,1,1,1
132,-4263.560,5575.423,-149.259,-140.230,-0.768230,0.639710,-0.024386,-0.639359,-0.768616,-0.021181,-0.032293,-0.000681,0.999478,1,0.00000,0.00000,24.000,-1.200,-1,375.000,-1,375.000,-1,300.000,300.000,325.000,300.000,-1,725.000,850.000,-1,675.000,675.000,-1,-1,2,0,2,0,2,0,0,0,0,2,0,0,2,0,0,2,2
