timestep,x_cm,y_cm,z_cm,yaw_deg,basis_xx,basis_xy,basis_xz,basis_yx,basis_yy,basis_yz,basis_zx,basis_zy,basis_zz,teleport_flag,throttle_cmd,steering_cmd,cmd_move_cm,cmd_turn_deg,lidar_cm_0,lidar_cm_1,lidar_cm_2,lidar_cm_3,lidar_cm_4,lidar_cm_5,lidar_cm_6,lidar_cm_7,lidar_cm_8,lidar_cm_9,lidar_cm_10,lidar_cm_11,lidar_cm_12,lidar_cm_13,lidar_cm_14,lidar_cm_15,lidar_cm_16,lidar_class_0,lidar_class_1,lidar_class_2,lidar_class_3,lidar_class_4,lidar_class_5,lidar_class_6,lidar_class_7,lidar_class_8,lidar_class_9,lidar_class_10,lidar_class_11,lidar_class_12,lidar_class_13,lidar_class_14,lidar_class_15,lidar_class_16
0,-7544.787,-6891.827,31.831,-109.281,-0.327933,0.941969,0.071791,-0.944080,-0.329524,0.011226,0.034231,-0.064096,0.997357,1,0.08000,0.12000,4.800,0.240,400.000,375.000,725.000,400.000,-1,325.000,325.000,300.000,300.000,-1,675.000,675.000,-1,425.000,700.000,400.000,-1,1,1,1,0,2,0,0,0,0,2,0,0,2,1,1,1,2
1,-7547.880,-6900.915,32.154,-108.801,-0.320032,0.944677,0.071861,-0.946803,-0.321615,0.011335,0.033819,-0.064410,0.997350,0,0.16000,0.24000,9.600,0.480,400.000,350.000,700.000,400.000,-1,325.000,325.000,300.000,300.000,-1,700.000,675.000,-1,400.000,675.000,400.000,-1,1,1,1,0,2,0,0,0,0,2,0,0,2,1,1,1,2
2,-7552.349,-6914.603,32.627,-108.081,-0.308140,0.948616,0.071961,-0.950762,-0.309709,0.011500,0.033196,-0.064874,0.997341,0,0.24000,0.36000,14.400,0.720,400.000,350.000,650.000,400.000,-1,325.000,325.000,300.000,300.000,-1,700.000,675.000,-1,400.000,650.000,375.000,-1,1,1,1,0,2,0,0,0,0,2,0,0,2,1,1,1,2
3,-7558.048,-6932.938,33.239,-107.269,-0.294667,0.952877,0.072092,-0.955046,-0.296225,0.011723,0.032526,-0.065397,0.997329,0,0.32000,0.40600,19.200,0.812,375.000,325.000,625.000,400.000,-1,325.000,325.000,300.000,300.000,-1,700.000,700.000,-1,375.000,625.000,375.000,-1,1,1,1,0,2,1,0,0,0,2,0,0,2,1,1,1,2
4,-7564.848,-6955.954,33.980,-106.459,-0.281166,0.956936,0.072252,-0.959128,-0.282716,0.012005,0.031915,-0.065923,0.997314,0,0.40000,0.40494,24.000,0.810,350.000,325.000,575.000,400.000,-1,300.000,325.000,300.000,300.000,-1,700.000,700.000,-1,350.000,600.000,350.000,-1,1,1,1,1,2,1,0,0,0,2,0,0,2,1,1,1,2
5,-7572.616,-6983.686,34.844,-105.650,-0.267615,0.960799,0.072437,-0.963015,-0.269163,0.012345,0.031359,-0.066454,0.997297,0,0.48000,0.40463,28.800,0.809,325.000,300.000,525.000,375.000,-1,300.000,325.000,300.000,300.000,-1,725.000,725.000,-1,350.000,575.000,325.000,-1,1,1,1,1,2,1,1,0,0,2,0,0,2,1,1,1,2
6,-7581.221,-7016.165,35.820,-104.840,-0.253994,0.964474,0.072644,-0.966714,-0.255543,0.012743,0.030854,-0.066989,0.997277,0,0.56000,0.40504,33.600,0.810,300.000,275.000,500.000,350.000,-1,275.000,300.000,300.000,300.000,-1,725.000,725.000,-1,300.000,525.000,300.000,-1,1,1,1,1,2,1,1,0,0,2,0,0,2,1,1,1,2
7,-7590.528,-7053.420,36.901,-104.028,-0.240280,0.967965,0.072869,-0.970228,-0.241835,0.013198,0.030397,-0.067528,0.997254,0,0.64000,0.40617,38.400,0.812,275.000,250.000,450.000,325.000,-1,250.000,275.000,300.000,300.000,-1,750.000,750.000,-1,275.000,475.000,250.000,-1,1,1,1,1,2,1,1,0,0,2,0,0,2,1,1,1,2
8,-7600.401,-7095.476,38.077,-103.211,-0.226450,0.971275,0.073107,-0.973561,-0.228014,0.013708,0.029984,-0.068070,0.997230,0,0.72000,0.40807,43.200,0.816,225.000,225.000,400.000,300.000,-1,225.000,250.000,300.000,300.000,-1,775.000,775.000,-1,250.000,450.000,225.000,-1,1,1,1,1,2,1,1,0,0,2,0,0,2,1,1,1,2
9,-7610.900,-7142.314,39.356,-102.635,-0.216643,0.973491,0.073351,-0.975793,-0.218230,0.014263,0.029892,-0.068485,0.997204,0,0.80000,0.28807,48.000,0.576,175.000,175.000,350.000,275.000,-1,175.000,225.000,300.000,300.000,-1,800.000,800.000,-1,200.000,400.000,175.000,-1,1,1,1,1,2,1,1,0,0,2,0,0,2,1,1,1,2
10,-7622.162,-7193.900,45.771,-102.299,-0.210623,0.975911,0.056884,-0.976488,-0.212767,0.034662,0.045930,-0.048246,0.997779,0,0.88000,0.16807,52.800,0.336,150.000,175.000,325.000,250.000,-1,175.000,200.000,350.000,300.000,-1,475.000,400.000,-1,200.000,375.000,150.000,-1,1,1,1,1,2,1,1,0,0,2,0,0,2,1,1,1,2
11,-7634.348,-7250.202,58.094,-102.203,-0.210357,0.977397,0.021102,-0.974237,-0.211374,0.078628,0.081311,-0.004019,0.996681,0,0.96000,0.04807,57.600,0.096,150.000,175.000,350.000,275.000,-1,150.000,200.000,500.000,275.000,-1,275.000,125.000,700.000,200.000,-1,150.000,-1,1,1,1,1,2,1,1,0,0,2,0,0,0,1,2,1,2
12,-7647.162,-7308.829,73.549,-102.347,-0.216310,0.976305,-0.006164,-0.968247,-0.213705,0.129724,0.125333,0.034029,0.991531,0,1.00000,-0.07193,60.000,-0.144,150.000,175.000,450.000,325.000,-1,175.000,225.000,650.000,250.000,-1,200.000,50.000,400.000,200.000,-1,125.000,-1,1,1,1,1,2,1,1,1,0,2,0,0,0,1,2,1,2
13,-9511.005,6231.345,-40.059,-130.408,-0.648821,0.760583,0.023324,-0.760679,-0.647491,-0.046068,-0.019937,-0.047632,0.998666,1,0.00000,0.00000,60.000,-0.384,-1,375.000,-1,375.000,600.000,300.000,300.000,300.000,325.000,600.000,550.000,525.000,-1,675.000,650.000,-1,-1,2,0,2,0,1,0,0,0,0,1,0,0,2,0,1,2,2
14,-9514.131,6227.703,-40.166,-130.648,-0.651994,0.757861,0.023476,-0.757973,-0.650668,-0.045903,-0.019513,-0.047723,0.998670,0,0.08000,-0.12000,4.800,-0.240,-1,375.000,-1,375.000,600.000,300.000,300.000,300.000,325.000,600.000,550.000,525.000,-1,675.000,650.000,-1,-1,2,0,2,0,1,0,0,0,0,1,0,0,2,0,1,2,2
15,-9520.446,6220.472,-40.375,-131.128,-0.658303,0.752377,0.023781,-0.752521,-0.656989,-0.045576,-0.018667,-0.047899,0.998678,0,0.16000,-0.24000,9.600,-0.480,-1,375.000,-1,375.000,600.000,300.000,300.000,300.000,325.000,600.000,550.000,500.000,-1,675.000,650.000,-1,-1,2,0,2,0,1,0,0,0,0,1,0,0,2,0,1,2,2
16,-9530.053,6209.745,-40.679,-131.848,-0.667681,0.744053,0.024241,-0.744244,-0.666383,-0.045093,-0.017397,-0.048149,0.998689,0,0.24000,-0.36000,14.400,-0.720,-1,375.000,-1,375.000,575.000,300.000,300.000,300.000,325.000,600.000,550.000,500.000,-1,675.000,625.000,-1,-1,2,0,2,0,1,0,0,0,0,1,0,0,2,0,1,2,2
17,-9543.100,6195.659,-41.064,-132.808,-0.680019,0.732773,0.024860,-0.733026,-0.678746,-0.044462,-0.015707,-0.048458,0.998702,0,0.32000,-0.48000,19.200,-0.960,-1,375.000,-1,375.000,575.000,300.000,300.000,300.000,325.000,625.000,525.000,475.000,-1,675.000,625.000,-1,-1,2,0,2,0,1,0,0,0,0,1,0,0,2,0,1,2,2
18,-9559.775,6178.397,-41.454,-134.008,-0.695175,0.718396,0.025290,-0.718708,-0.693941,-0.043631,-0.013795,-0.048507,0.998728,0,0.40000,-0.60000,24.000,-1.200,-1,375.000,-1,375.000,550.000,300.000,300.000,300.000,325.000,650.000,525.000,475.000,-1,675.000,625.000,-1,-1,2,0,2,0,1,0,0,0,0,1,0,0,2,0,1,2,2
19,-9580.299,6158.192,-41.777,-135.448,-0.712963,0.700748,0.025203,-0.701101,-0.711794,-0.042498,-0.011841,-0.047969,0.998779,0,0.48000,-0.72000,28.800,-1.440,-1,375.000,-1,375.000,525.000,300.000,300.000,300.000,325.000,700.000,550.000,500.000,-1,675.000,625.000,-1,-1,2,0,2,1,1,0,0,0,0,1,0,0,2,0,1,2,2
20,-9604.924,6135.332,-42.094,-137.128,-0.733150,0.679601,0.025145,-0.679999,-0.732056,-0.041167,-0.009570,-0.047281,0.998836,0,0.56000,-0.84000,33.600,-1.680,-1,375.000,-1,375.000,475.000,300.000,300.000,300.000,325.000,750.000,575.000,500.000,-1,675.000,600.000,-1,700.000,2,0,2,1,1,0,0,0,0,1,0,0,2,0,1,2,1
21,-9633.927,6110.164,-42.377,-139.048,-0.755454,0.654720,0.025135,-0.655165,-0.754445,-0.039643,-0.006992,-0.046416,0.998898,0,0.64000,-0.96000,38.400,-1.920,-1,375.000,-1,350.000,450.000,300.000,300.000,300.000,325.000,825.000,600.000,525.000,-1,675.000,600.000,-1,600.000,2,0,2,1,1,0,0,0,0,1,0,0,2,0,1,2,1
22,-9667.524,6083.006,-42.602,-141.048,-0.777787,0.628022,0.025216,-0.628514,-0.776873,-0.037932,-0.004233,-0.045352,0.998962,0,0.72000,-1.00000,43.200,-2.000,-1,375.000,-1,350.000,400.000,300.000,300.000,300.000,325.000,925.000,625.000,525.000,-1,675.000,575.000,-1,525.000,2,0,2,1,1,0,1,0,0,1,0,0,2,0,1,2,1
23,-9704.727,6055.022,-42.737,-143.048,-0.799176,0.600560,0.025394,-0.601095,-0.798361,-0.036112,-0.001414,-0.044124,0.999025,0,0.77589,-1.00000,46.553,-2.000,-1,375.000,-1,350.000,375.000,300.000,300.000,300.000,325.000,-1,650.000,550.000,-1,700.000,550.000,-1,475.000,2,0,2,1,1,0,1,0,0,2,0,0,2,0,1,2,1
24,-9743.062,6028.228,-42.764,-145.048,-0.819599,0.572364,0.025638,-0.572937,-0.818881,-0.034316,0.001353,-0.042814,0.999082,0,0.77950,-1.00000,46.770,-2.000,-1,375.000,-1,325.000,325.000,300.000,300.000,300.000,325.000,-1,700.000,575.000,-1,700.000,550.000,-1,425.000,2,0,2,1,1,1,1,0,0,2,0,0,2,0,1,2,1
25,-9782.489,6002.670,-41.536,-147.048,-0.838918,0.543368,0.031131,-0.544207,-0.838250,-0.034278,0.007470,-0.045698,0.998927,0,0.78309,-1.00000,46.985,-2.000,-1,375.000,-1,325.000,325.000,325.000,300.000,300.000,325.000,-1,625.000,525.000,-1,700.000,550.000,-1,400.000,2,0,2,1,1,1,1,0,0,2,0,0,2,0,1,2,1
26,-9822.966,5978.392,-39.325,-149.048,-0.857058,0.513630,0.040449,-0.514968,-0.856449,-0.036094,0.016104,-0.051765,0.998529,0,0.78665,-1.00000,47.199,-2.000,-1,400.000,-1,325.000,325.000,325.000,300.000,300.000,350.000,-1,525.000,475.000,-1,750.000,550.000,-1,400.000,2,0,2,1,1,1,1,0,0,2,0,0,2,0,1,2,1
27,-9864.449,5955.440,-37.044,-151.048,-0.874077,0.483274,0.049350,-0.485167,-0.873576,-0.038432,0.024538,-0.057535,0.998042,0,0.79015,-1.00000,47.409,-2.000,-1,400.000,-1,350.000,325.000,325.000,300.000,300.000,350.000,-1,450.000,425.000,-1,775.000,575.000,-1,425.000,2,0,2,1,1,1,1,0,1,2,0,0,2,0,1,2,1
28,-9906.892,5933.857,-34.698,-153.048,-0.889968,0.452339,0.057849,-0.454846,-0.889608,-0.041380,0.032745,-0.063140,0.997467,0,0.79357,-1.00000,47.614,-2.000,-1,425.000,-1,350.000,325.000,350.000,325.000,300.000,350.000,-1,350.000,400.000,-1,800.000,575.000,-1,425.000,2,0,2,1,1,1,1,0,1,2,0,0,2,0,1,2,1
29,-9950.242,5913.683,-32.281,-155.048,-0.904722,0.420863,0.065978,-0.424049,-0.904522,-0.044969,0.040753,-0.068663,0.996807,0,0.79689,-1.00000,47.813,-2.000,-1,425.000,-1,350.000,325.000,350.000,325.000,275.000,350.000,-1,275.000,375.000,-1,850.000,600.000,-1,425.000,2,0,2,1,1,0,1,0,1,2,0,0,2,0,1,2,1
30,-9994.446,5894.961,-29.733,-157.048,-0.918322,0.388891,0.073811,-0.392822,-0.918309,-0.048983,0.048732,-0.073977,0.996069,0,0.80006,-1.00000,48.004,-2.000,-1,450.000,-1,350.000,300.000,375.000,325.000,275.000,350.000,-1,200.000,325.000,-1,875.000,625.000,-1,425.000,2,0,2,1,1,0,1,0,1,2,0,0,2,0,1,2,1
31,-10039.445,5877.727,-26.951,-159.048,-0.930762,0.356461,0.081354,-0.361212,-0.930945,-0.053549,0.056648,-0.079228,0.995246,0,0.80307,-1.00000,48.184,-2.000,-1,450.000,-1,350.000,300.000,375.000,325.000,275.000,350.000,-1,175.000,300.000,-1,900.000,625.000,-1,425.000,2,0,2,1,1,0,1,0,1,2,0,0,2,0,1,2,1
32,-10085.177,5862.020,-23.980,-161.048,-0.942044,0.323606,0.088505,-0.329273,-0.942385,-0.059080,0.064287,-0.084798,0.994322,0,0.80586,-1.00000,48.351,-2.000,-1,475.000,-1,350.000,300.000,400.000,325.000,275.000,350.000,975.000,150.000,275.000,-1,925.000,650.000,-1,425.000,2,0,2,1,1,0,1,0,1,0,0,0,2,0,1,2,1
33,-10131.573,5847.875,-20.891,-163.048,-0.952146,0.290375,0.095400,-0.297058,-0.952628,-0.065240,0.071936,-0.090458,0.993299,0,0.80838,-1.00000,48.503,-2.000,-1,500.000,-1,350.000,300.000,425.000,350.000,275.000,350.000,825.000,125.000,250.000,-1,950.000,650.000,-1,400.000,2,0,2,1,1,0,1,0,1,0,0,0,2,0,1,2,1
34,-10178.562,5835.322,-17.668,-165.048,-0.961057,0.256811,0.102065,-0.264624,-0.961655,-0.072071,0.079642,-0.096273,0.992164,0,0.81057,-1.00000,48.634,-2.000,-1,500.000,-1,350.000,275.000,425.000,350.000,275.000,350.000,725.000,100.000,225.000,-1,975.000,675.000,-1,-1,2,0,2,1,1,1,1,0,1,0,0,0,2,0,1,2,2
35,-10226.065,5824.393,-14.298,-167.048,-0.968769,0.222958,0.108519,-0.232032,-0.969444,-0.079621,0.087451,-0.102314,0.990901,0,0.81236,-1.00000,48.741,-2.000,-1,525.000,-1,350.000,275.000,425.000,350.000,275.000,350.000,625.000,100.000,225.000,-1,1000.000,675.000,-1,-1,2,0,2,1,1,1,1,0,1,0,0,0,2,0,1,2,2
36,-10273.998,5815.113,-10.768,-169.048,-0.975273,0.188861,0.114774,-0.199347,-0.975975,-0.087943,0.095407,-0.108648,0.989491,0,0.81366,-1.00000,48.820,-2.000,-1,525.000,-1,350.000,250.000,425.000,350.000,250.000,350.000,550.000,75.000,225.000,-1,-1,675.000,-1,-1,2,0,2,1,1,1,1,0,1,0,0,0,2,2,1,2,2
37,-10322.269,5807.504,-7.066,-171.048,-0.980565,0.154568,0.120831,-0.166637,-0.981226,-0.097096,0.103555,-0.115344,0.987913,0,0.81438,-1.00000,48.863,-2.000,-1,550.000,-1,375.000,250.000,425.000,350.000,250.000,350.000,500.000,75.000,200.000,-1,-1,675.000,-1,-1,2,0,2,1,1,1,1,0,1,0,0,0,2,2,1,2,2
38,-10370.778,5801.583,-3.180,-173.048,-0.984644,0.120126,0.126672,-0.133974,-0.985177,-0.107132,0.111925,-0.122457,0.986143,0,0.81440,-1.00000,48.864,-2.000,-1,550.000,-1,375.000,275.000,425.000,350.000,250.000,350.000,425.000,50.000,200.000,-1,-1,675.000,-1,-1,2,0,2,1,1,1,1,0,1,0,0,0,2,2,1,2,2
39,-10419.415,5797.363,0.904,-175.048,-0.987513,0.085588,0.132261,-0.101430,-0.987808,-0.118095,0.120541,-0.130035,0.984155,0,0.81359,-1.00000,48.815,-2.000,-1,575.000,-1,375.000,325.000,425.000,350.000,250.000,350.000,400.000,50.000,200.000,-1,-1,675.000,-1,-1,2,0,2,1,1,1,1,0,1,0,0,0,2,2,1,2,2
40,-10463.366,5794.905,4.735,-176.808,-0.989014,0.055154,0.137146,-0.073006,-0.988986,-0.128748,0.128535,-0.137347,0.982148,0,0.73359,-0.88000,44.015,-1.760,-1,600.000,-1,375.000,375.000,425.000,350.000,250.000,375.000,350.000,50.000,175.000,-1,-1,675.000,-1,-1,2,0,2,1,1,1,1,0,1,0,0,0,2,2,1,2,2
41,-10502.567,5793.747,9.200,-178.328,-0.990213,0.028859,0.136552,-0.048408,-0.988669,-0.142091,0.130904,-0.147311,0.980390,0,0.65359,-0.76000,39.215,-1.520,-1,600.000,-1,375.000,400.000,425.000,350.000,225.000,450.000,325.000,50.000,225.000,-1,-1,675.000,-1,-1,2,0,2,1,1,1,1,0,1,0,0,0,2,2,1,2,2
42,-7125.370,-4648.840,22.137,105.030,-0.260447,-0.965294,-0.019350,0.964458,-0.259191,-0.051395,0.044596,-0.032048,0.998491,1,0.00000,0.00000,34.415,-1.280,-1,675.000,-1,450.000,-1,475.000,400.000,250.000,500.000,675.000,225.000,725.000,-1,-1,-1,-1,-1,2,0,2,1,2,1,1,0,1,0,0,0,2,2,2,2,2
43,-7126.596,-4644.199,22.354,104.790,-0.256441,-0.966339,-0.020673,0.965550,-0.255137,-0.051177,0.044180,-0.033084,0.998476,0,0.08000,-0.12000,4.800,-0.240,-1,675.000,-1,450.000,-1,475.000,400.000,250.000,500.000,650.000,225.000,750.000,-1,-1,-1,-1,-1,2,0,2,1,2,1,1,0,1,0,0,0,2,2,2,2,2
44,-7128.969,-4634.897,22.700,104.310,-0.248392,-0.968385,-0.023056,0.967701,-0.247017,-0.050365,0.043078,-0.034821,0.998465,0,0.16000,-0.24000,9.600,-0.480,-1,675.000,-1,425.000,-1,475.000,400.000,250.000,500.000,650.000,250.000,825.000,-1,-1,-1,-1,-1,2,0,2,1,2,1,1,0,1,0,0,0,2,2,2,2,2
45,-7132.353,-4620.900,23.100,103.590,-0.236250,-0.971338,-0.026254,0.970825,-0.234811,-0.048609,0.041051,-0.036972,0.998473,0,0.24000,-0.36000,14.400,-0.720,-1,675.000,-1,425.000,-1,450.000,400.000,250.000,525.000,650.000,275.000,950.000,-1,-1,-1,-1,-1,2,0,2,1,2,1,1,0,1,0,0,0,2,2,2,2,2
46,-7136.553,-4602.165,23.662,102.630,-0.219989,-0.975025,-0.030519,0.974746,-0.218479,-0.046219,0.038396,-0.039916,0.998465,0,0.32000,-0.48000,19.200,-0.960,-1,700.000,-1,425.000,-1,450.000,375.000,250.000,525.000,650.000,325.000,-1,-1,-1,-1,-1,-1,2,0,2,1,2,1,1,0,1,0,0,2,2,2,2,2,2
47,-7141.370,-4578.654,24.365,101.573,-0.202000,-0.978733,-0.035753,0.978759,-0.200430,-0.043121,0.035038,-0.043704,0.998430,0,0.40000,-0.52831,24.000,-1.057,-1,700.000,-1,425.000,-1,450.000,375.000,250.000,550.000,625.000,400.000,-1,-1,-1,-1,-1,-1,2,0,2,1,2,1,1,0,1,0,0,2,2,2,2,2,2
48,5575.386,-3607.619,-275.708,83.042,0.124716,-0.990328,-0.060805,0.990642,0.120862,0.063412,-0.055450,-0.068145,0.996133,1,0.00000,0.00000,28.800,-0.817,575.000,375.000,900.000,425.000,-1,325.000,325.000,300.000,300.000,-1,-1,-1,-1,500.000,650.000,550.000,-1,1,1,1,1,2,0,0,0,0,2,2,2,2,1,1,1,2
49,5575.987,-3602.856,-275.979,82.802,0.128868,-0.989800,-0.060743,0.990117,0.125008,0.063568,-0.055327,-0.068335,0.996127,0,0.08000,-0.12000,4.800,-0.240,575.000,375.000,900.000,425.000,-1,325.000,325.000,300.000,300.000,-1,-1,-1,-1,500.000,650.000,550.000,-1,1,1,1,1,2,0,0,0,0,2,2,2,2,1,1,1,2
50,5577.270,-3593.342,-276.515,82.322,0.137164,-0.988692,-0.060619,0.989016,0.133292,0.063883,-0.055080,-0.068716,0.996115,0,0.16000,-0.24000,9.600,-0.480,550.000,375.000,925.000,400.000,-1,325.000,325.000,300.000,300.000,-1,-1,-1,-1,500.000,650.000,525.000,-1,1,1,1,1,2,0,0,0,0,2,2,2,2,1,1,1,2
51,5579.372,-3579.096,-277.310,81.602,0.149590,-0.986900,-0.060429,0.987233,0.145700,0.064361,-0.054713,-0.069286,0.996095,0,0.24000,-0.36000,14.400,-0.720,525.000,375.000,925.000,400.000,-1,325.000,325.000,300.000,300.000,-1,-1,-1,-1,475.000,675.000,500.000,-1,1,1,1,1,2,0,0,0,0,2,2,2,2,1,1,1,2
52,5582.494,-3560.151,-278.350,80.642,0.166122,-0.984268,-0.060171,0.984613,0.162206,0.065010,-0.054228,-0.070044,0.996069,0,0.32000,-0.48000,19.200,-0.960,500.000,350.000,950.000,400.000,-1,325.000,325.000,300.000,300.000,-1,-1,-1,-1,475.000,675.000,500.000,-1,1,1,1,1,2,1,0,0,0,2,2,2,2,1,1,1,2
53,5586.802,-3536.540,-279.625,79.659,0.183012,-0.981289,-0.059823,0.981632,0.179062,0.065837,-0.053893,-0.070773,0.996036,0,0.40000,-0.49162,24.000,-0.983,475.000,350.000,-1,400.000,-1,325.000,325.000,300.000,300.000,-1,-1,-1,-1,450.000,675.000,450.000,-1,1,1,2,1,2,1,1,0,0,2,2,2,2,1,1,1,2
54,5592.448,-3508.298,-281.127,78.692,0.199575,-0.978082,-0.059382,0.978406,0.195582,0.066849,-0.053769,-0.071441,0.995994,0,0.48000,-0.48333,28.800,-0.967,450.000,325.000,-1,375.000,-1,300.000,325.000,300.000,300.000,-1,-1,-1,-1,425.000,675.000,425.000,-1,1,1,2,1,2,1,1,0,0,2,2,2,2,1,1,1,2
55,5599.581,-3475.463,-282.849,77.744,0.215774,-0.974668,-0.058850,0.974956,0.211729,0.068055,-0.053870,-0.072061,0.995944,0,0.56000,-0.47402,33.600,-0.948,400.000,325.000,-1,375.000,-1,300.000,300.000,300.000,300.000,-1,-1,-1,-1,400.000,675.000,400.000,-1,1,1,2,1,2,1,1,0,0,2,2,2,2,1,1,1,2
56,5608.338,-3438.074,-284.784,76.817,0.231569,-0.971074,-0.058230,0.971307,0.227459,0.069467,-0.054213,-0.072646,0.995883,0,0.64000,-0.46347,38.400,-0.927,350.000,300.000,-1,375.000,-1,275.000,300.000,300.000,300.000,-1,-1,-1,-1,375.000,700.000,350.000,-1,1,1,2,1,2,1,1,0,0,2,2,2,2,1,1,1,2
57,5618.851,-3396.172,-286.927,75.914,0.246911,-0.967329,-0.057525,0.967486,0.242723,0.071102,-0.054817,-0.073211,0.995809,0,0.72000,-0.45145,43.200,-0.903,300.000,275.000,-1,350.000,-1,250.000,275.000,300.000,300.000,-1,-1,-1,-1,350.000,725.000,300.000,-1,1,1,2,1,2,1,1,0,0,2,2,2,2,1,1,1,2
58,5631.242,-3349.799,-289.336,75.039,0.261745,-0.963451,-0.057024,0.963540,0.257457,0.072853,-0.055509,-0.074013,0.995711,0,0.80000,-0.43765,48.000,-0.875,250.000,250.000,-1,350.000,-1,250.000,275.000,300.000,300.000,-1,-1,-1,-1,325.000,800.000,250.000,-1,1,1,2,1,2,1,1,0,0,2,2,2,2,1,0,1,2
59,5645.635,-3298.998,-289.075,74.195,0.274887,-0.960278,-0.047988,0.960355,0.271814,0.061929,-0.046425,-0.063109,0.996926,0,0.88000,-0.42169,52.800,-0.843,225.000,250.000,-1,350.000,-1,225.000,275.000,325.000,300.000,-1,-1,-1,-1,325.000,850.000,225.000,-1,1,1,2,1,2,1,1,0,0,2,2,2,2,1,0,1,2
60,5662.115,-3243.807,-287.570,73.389,0.287172,-0.957240,-0.034979,0.957318,0.285563,0.044676,-0.032777,-0.046316,0.998389,0,0.96000,-0.40312,57.600,-0.806,225.000,250.000,-1,375.000,-1,250.000,275.000,350.000,275.000,-1,-1,-1,-1,325.000,925.000,225.000,-1,1,1,2,1,2,1,1,0,0,2,2,2,2,1,0,1,2
61,5680.041,-3186.549,-286.214,72.626,0.299023,-0.954004,-0.021465,0.954084,0.298483,0.025133,-0.017570,-0.027995,0.999454,0,1.00000,-0.38134,60.000,-0.763,225.000,250.000,-1,400.000,-1,250.000,300.000,400.000,275.000,-1,-1,375.000,-1,350.000,1000.000,225.000,-1,1,1,2,1,2,1,1,0,0,2,2,0,2,1,0,1,2
62,5698.673,-3129.515,-283.573,71.914,0.310421,-0.950492,-0.014296,0.950597,0.310417,0.002584,0.001982,-0.014392,0.999894,0,1.00000,-0.35640,60.000,-0.713,225.000,275.000,-1,475.000,-1,250.000,325.000,400.000,275.000,-1,350.000,150.000,825.000,375.000,-1,225.000,-1,1,1,2,1,2,1,1,1,0,2,0,0,0,1,2,1,2
63,5717.954,-3072.697,-281.228,71.257,0.321270,-0.946967,-0.006280,0.946763,0.321331,-0.019654,0.020629,0.000369,0.999787,0,1.00000,-0.32857,60.000,-0.657,225.000,300.000,-1,600.000,-1,275.000,350.000,400.000,275.000,-1,250.000,100.000,575.000,425.000,-1,200.000,-1,1,1,2,0,2,1,1,1,0,2,0,0,0,1,2,1,2
64,5737.821,-3016.080,-279.771,70.662,0.331406,-0.943488,0.001068,0.942786,0.331115,-0.038957,0.036402,0.013917,0.999240,0,1.00000,-0.29748,60.000,-0.595,200.000,300.000,-1,650.000,-1,300.000,400.000,375.000,275.000,-1,225.000,75.000,425.000,675.000,-1,200.000,-1,1,1,2,0,2,1,1,1,0,2,0,0,0,1,2,1,2
65,5758.204,-2959.647,-279.259,70.136,0.340579,-0.940184,0.007800,0.938933,0.339669,-0.055051,0.049108,0.026073,0.998453,0,1.00000,-0.26266,60.000,-0.525,175.000,325.000,-1,675.000,-1,325.000,425.000,350.000,250.000,-1,200.000,50.000,350.000,-1,-1,200.000,-1,1,1,2,0,2,1,1,1,0,2,0,0,0,2,2,1,2
66,5779.024,-2903.374,-279.422,69.689,0.348621,-0.937146,0.014855,0.935364,0.346862,-0.069147,0.059649,0.038001,0.997496,0,1.00000,-0.22355,60.000,-0.447,150.000,375.000,-1,700.000,-1,375.000,500.000,325.000,250.000,-1,200.000,50.000,325.000,-1,-1,200.000,-1,1,1,2,0,2,1,1,1,0,2,0,0,0,2,2,1,2
67,5800.195,-2847.231,-280.253,69.330,0.355336,-0.934470,0.022408,0.932257,0.352545,-0.081292,0.068065,0.049776,0.996438,0,1.00000,-0.17952,60.000,-0.359,150.000,475.000,-1,725.000,-1,450.000,575.000,300.000,250.000,-1,175.000,50.000,275.000,-1,-1,225.000,-1,1,1,2,0,2,1,1,1,0,2,0,0,0,2,2,1,2
68,-9511.015,5575.418,-63.269,-158.867,-0.932279,0.360294,0.032301,-0.361154,-0.932131,-0.026470,0.020571,-0.036343,0.999128,1,0.00000,0.00000,60.000,-0.260,-1,400.000,-1,400.000,800.000,325.000,325.000,300.000,300.000,-1,475.000,475.000,-1,725.000,750.000,-1,-1,2,0,2,0,1,0,0,0,0,2,1,1,2,0,0,2,2
69,-9515.493,5573.690,-63.172,-158.905,-0.932515,0.359685,0.032296,-0.360543,-0.932369,-0.026400,0.020616,-0.036262,0.999130,0,0.08000,-0.01876,4.800,-0.038,-1,400.000,-1,400.000,800.000,325.000,325.000,300.000,300.000,-1,475.000,475.000,-1,725.000,750.000,-1,-1,2,0,2,0,1,0,0,0,0,2,1,1,2,0,0,2,2
70,-9524.448,5570.229,-62.978,-158.868,-0.932282,0.360287,0.032294,-0.361142,-0.932141,-0.026261,0.020641,-0.036146,0.999133,0,0.16000,0.01847,9.600,0.037,-1,400.000,-1,400.000,800.000,325.000,325.000,300.000,300.000,-1,500.000,475.000,-1,725.000,750.000,-1,-1,2,0,2,0,1,0,0,0,0,2,1,1,2,0,0,2,2
71,-9537.876,5565.029,-62.686,-158.833,-0.932065,0.360849,0.032290,-0.361700,-0.931930,-0.026056,0.020690,-0.035966,0.999139,0,0.24000,0.01721,14.400,0.034,-1,400.000,-1,400.000,800.000,325.000,325.000,300.000,300.000,-1,500.000,500.000,-1,725.000,750.000,-1,-1,2,0,2,0,1,0,0,0,0,2,1,1,2,0,0,2,2
72,-9555.777,5558.087,-62.295,-158.803,-0.931870,0.361352,0.032286,-0.362197,-0.931745,-0.025789,0.020764,-0.035726,0.999146,0,0.32000,0.01535,19.200,0.031,-1,400.000,-1,400.000,800.000,325.000,325.000,300.000,300.000,-1,525.000,525.000,-1,725.000,750.000,-1,-1,2,0,2,0,1,0,0,0,0,2,1,1,2,0,0,2,2
73,-9578.150,5549.399,-61.803,-158.777,-0.931707,0.361774,0.032282,-0.362612,-0.931592,-0.025464,0.020862,-0.035431,0.999154,0,0.40000,0.01287,24.000,0.026,-1,400.000,-1,400.000,800.000,325.000,325.000,300.000,300.000,-1,550.000,550.000,-1,725.000,750.000,-1,-1,2,0,2,0,1,0,0,0,0,2,1,1,2,0,0,2,2
74,-9604.993,5538.965,-61.208,-158.757,-0.931582,0.362095,0.032280,-0.362925,-0.931481,-0.025089,0.020984,-0.035088,0.999164,0,0.48000,0.00973,28.800,0.019,-1,400.000,-1,400.000,775.000,325.000,325.000,300.000,300.000,-1,575.000,575.000,-1,725.000,725.000,-1,-1,2,0,2,0,1,0,0,0,0,2,1,1,2,0,0,2,2
75,-9636.307,5526.784,-60.508,-158.746,-0.931505,0.362292,0.032283,-0.363113,-0.931418,-0.024671,0.021130,-0.034704,0.999174,0,0.56000,0.00591,33.600,0.012,-1,400.000,-1,400.000,775.000,325.000,325.000,300.000,300.000,-1,600.000,600.000,-1,725.000,725.000,-1,-1,2,0,2,0,1,0,0,0,0,2,1,1,2,0,0,2,2
76,-9672.095,5512.863,-59.700,-158.743,-0.931486,0.362342,0.032291,-0.363154,-0.931414,-0.024220,0.021300,-0.034287,0.999185,0,0.64000,0.00138,38.400,0.003,-1,400.000,-1,400.000,775.000,325.000,325.000,300.000,300.000,-1,650.000,625.000,-1,750.000,725.000,-1,-1,2,0,2,0,1,0,0,0,0,2,1,1,2,0,0,2,2
77,-9712.358,5497.206,-58.779,-158.751,-0.931532,0.362220,0.032307,-0.363023,-0.931478,-0.023747,0.021492,-0.033849,0.999196,0,0.72000,-0.00391,43.200,-0.008,-1,375.000,-1,375.000,775.000,325.000,325.000,300.000,300.000,-1,675.000,675.000,-1,750.000,725.000,-1,-1,2,0,2,0,1,0,0,0,0,2,1,1,2,0,0,2,2
78,-9757.101,5479.825,-57.745,-158.771,-0.931656,0.361901,0.032339,-0.362693,-0.931618,-0.023248,0.021714,-0.033389,0.999207,0,0.80000,-0.01000,48.000,-0.020,-1,375.000,-1,375.000,800.000,325.000,325.000,300.000,300.000,-1,725.000,725.000,-1,750.000,725.000,-1,-1,2,0,2,0,1,0,0,0,0,2,1,1,2,0,0,2,2
79,-9806.329,5460.735,-56.523,-158.805,-0.931857,0.361352,0.032659,-0.362148,-0.931839,-0.022912,0.022154,-0.033178,0.999204,0,0.88000,-0.01695,52.800,-0.034,-1,375.000,-1,375.000,850.000,325.000,325.000,300.000,300.000,-1,775.000,775.000,-1,750.000,725.000,-1,-1,2,0,2,0,1,0,0,0,0,2,1,1,2,0,0,2,2
80,-9859.997,5439.820,-55.133,-158.708,-0.931230,0.362918,0.033186,-0.363726,-0.931229,-0.022705,0.022664,-0.033215,0.999191,0,0.96000,0.04816,57.600,0.096,-1,375.000,-1,375.000,900.000,325.000,325.000,300.000,300.000,-1,825.000,825.000,-1,750.000,725.000,-1,-1,2,0,2,0,1,0,0,0,0,2,1,1,2,0,0,2,2
81,-9915.207,5418.217,-53.697,-158.630,-0.930716,0.364186,0.033713,-0.365008,-0.930731,-0.022547,0.023166,-0.033291,0.999177,0,0.98809,0.03905,59.286,0.078,-1,375.000,-1,375.000,975.000,325.000,325.000,300.000,300.000,-1,875.000,875.000,-1,750.000,725.000,-1,-1,2,0,2,0,1,0,0,0,0,2,1,1,2,0,0,2,2
82,-9970.216,5396.627,-52.263,-158.571,-0.930319,0.365141,0.034340,-0.365982,-0.930352,-0.022416,0.023763,-0.033422,0.999159,0,0.98490,0.02946,59.094,0.059,-1,375.000,-1,375.000,-1,325.000,325.000,300.000,300.000,-1,925.000,950.000,-1,750.000,700.000,-1,-1,2,0,2,0,2,0,0,0,1,2,1,1,2,0,0,2,2
83,-10024.992,5375.085,-50.719,-158.532,-0.930037,0.365785,0.035121,-0.366636,-0.930109,-0.021799,0.024693,-0.033150,0.999145,0,0.98099,0.01972,58.860,0.039,-1,375.000,-1,375.000,-1,325.000,325.000,300.000,275.000,-1,975.000,1000.000,-1,750.000,700.000,-1,-1,2,0,2,0,2,0,0,0,1,2,1,1,2,0,0,2,2
84,-10079.505,5353.625,-49.174,-158.512,-0.929880,0.366109,0.035889,-0.366972,-0.929990,-0.021233,0.025603,-0.032915,0.999130,0,0.97642,0.00990,58.585,0.020,-1,375.000,-1,375.000,-1,325.000,325.000,300.000,275.000,-1,-1,-1,-1,750.000,700.000,-1,-1,2,0,2,0,2,0,0,0,1,2,2,2,2,0,0,2,2
85,-10133.725,5332.274,-47.627,-158.506,-0.929810,0.366211,0.036644,-0.367085,-0.929957,-0.020721,0.026489,-0.032718,0.999114,0,0.97121,0.00305,58.273,0.006,-1,400.000,-1,375.000,-1,325.000,325.000,300.000,275.000,-1,-1,-1,-1,750.000,700.000,-1,-1,2,0,2,0,2,0,0,0,1,2,2,2,2,0,0,2,2
86,-10187.621,5311.050,-46.079,-158.505,-0.929777,0.366220,0.037386,-0.367106,-0.929958,-0.020263,0.027347,-0.032564,0.999095,0,0.96541,0.00024,57.925,0.000,-1,400.000,-1,375.000,-1,325.000,325.000,325.000,250.000,-1,-1,-1,-1,750.000,700.000,-1,-1,2,0,2,0,2,0,0,0,1,2,2,2,2,0,0,2,2
87,-10241.166,5289.968,-44.533,-158.510,-0.929774,0.366153,0.038115,-0.367052,-0.929989,-0.019857,0.028176,-0.032453,0.999076,0,0.95909,-0.00211,57.545,-0.004,-1,400.000,-1,375.000,-1,325.000,325.000,325.000,250.000,-1,-1,-1,-1,750.000,700.000,-1,-1,2,0,2,0,2,0,0,0,1,2,2,2,2,0,0,2,2
88,-10294.336,5269.043,-43.081,-158.518,-0.929803,0.366020,0.038686,-0.366940,-0.930030,-0.019975,0.028668,-0.032768,0.999052,0,0.95232,-0.00399,57.139,-0.008,-1,400.000,-1,375.000,-1,325.000,325.000,325.000,250.000,-1,-1,-1,-1,750.000,675.000,-1,-1,2,0,2,0,2,0,0,0,1,2,2,2,2,0,0,2,2
89,-10343.122,5250.086,-41.730,-158.766,-0.931357,0.361989,0.039211,-0.362929,-0.931600,-0.020108,0.029250,-0.032959,0.999029,0,0.87232,-0.12399,52.339,-0.248,-1,400.000,-1,375.000,-1,325.000,300.000,325.000,250.000,-1,-1,-1,-1,725.000,675.000,-1,-1,2,0,2,0,2,0,0,0,1,2,2,2,2,0,0,2,2
90,-10389.304,5232.593,-40.404,-159.254,-0.934388,0.354040,0.039680,-0.355001,-0.934645,-0.020348,0.029883,-0.033100,0.999005,0,0.82306,-0.24399,49.384,-0.488,-1,375.000,-1,375.000,-1,300.000,300.000,325.000,250.000,-1,-1,-1,-1,725.000,675.000,-1,-1,2,0,2,0,2,0,0,0,1,2,2,2,2,0,0,2,2
91,-10435.405,5215.796,-38.973,-159.982,-0.938796,0.342132,0.040087,-0.343122,-0.939058,-0.020936,0.030481,-0.033409,0.998977,0,0.81776,-0.36399,49.066,-0.728,-1,375.000,-1,375.000,-1,300.000,300.000,325.000,250.000,-1,-1,-1,-1,725.000,675.000,-1,-1,2,0,2,0,2,0,0,0,1,2,2,2,2,0,0,2,2
92,-10481.517,5199.873,-37.282,-160.949,-0.944389,0.326208,0.041449,-0.327275,-0.944671,-0.022093,0.031949,-0.034430,0.998896,0,0.81305,-0.48399,48.783,-0.968,-1,375.000,-1,375.000,-1,300.000,300.000,325.000,275.000,-1,-1,-1,-1,700.000,675.000,-1,-1,2,0,2,0,2,0,0,0,1,2,2,2,2,0,0,2,2
93,-10527.720,5185.001,-35.559,-162.157,-0.951002,0.306211,0.042789,-0.307357,-0.951310,-0.023262,0.033582,-0.035274,0.998813,0,0.80895,-0.60399,48.537,-1.208,-1,375.000,-1,375.000,-1,300.000,300.000,325.000,275.000,-1,-1,-1,-1,700.000,675.000,-1,-1,2,0,2,0,2,0,0,0,1,2,2,2,2,0,0,2,2
94,-10574.085,5171.360,-33.744,-163.605,-0.958391,0.282070,0.043854,-0.283281,-0.958729,-0.024285,0.035194,-0.035698,0.998743,0,0.80551,-0.72399,48.331,-1.448,-1,375.000,-1,375.000,-1,300.000,300.000,325.000,275.000,-1,-1,-1,-1,700.000,675.000,-1,-1,2,0,2,0,2,0,0,0,1,2,2,2,2,0,0,2,2
95,-10620.672,5159.133,-31.522,-165.293,-0.966220,0.253718,0.045238,-0.254944,-0.966666,-0.023670,0.037724,-0.034404,0.998696,0,0.80273,-0.84399,48.164,-1.688,-1,375.000,-1,375.000,-1,300.000,300.000,325.000,275.000,-1,-1,-1,-1,700.000,700.000,-1,-1,2,0,2,0,2,0,0,0,1,2,2,2,2,0,0,2,2
96,-10667.520,5148.509,-29.149,-167.221,-0.974131,0.221067,0.046879,-0.222288,-0.974719,-0.022600,0.040697,-0.032435,0.998645,0,0.80062,-0.96399,48.037,-1.928,-1,375.000,-1,375.000,-1,300.000,300.000,325.000,275.000,-1,875.000,950.000,-1,700.000,700.000,-1,-1,2,0,2,0,2,0,0,0,1,2,0,0,2,0,0,2,2
97,-10714.624,5139.542,-26.725,-169.221,-0.981171,0.186928,0.048601,-0.188136,-0.981906,-0.021573,0.043689,-0.030310,0.998585,0,0.79916,-1.00000,47.949,-2.000,-1,375.000,-1,375.000,-1,300.000,300.000,325.000,275.000,-1,775.000,825.000,-1,725.000,725.000,-1,-1,2,0,2,0,2,0,0,0,1,2,0,0,2,0,0,2,2
98,-10761.939,5132.237,-24.280,-171.221,-0.987004,0.152555,0.050494,-0.153751,-0.987893,-0.020697,0.046726,-0.028192,0.998510,0,0.79793,-1.00000,47.876,-2.000,-1,375.000,-1,375.000,-1,300.000,300.000,325.000,275.000,-1,700.000,750.000,-1,725.000,750.000,-1,-1,2,0,2,0,2,0,0,0,1,2,0,0,2,0,0,2,2
99,-10809.410,5126.595,-21.850,-173.221,-0.991617,0.117992,0.052670,-0.119185,-0.992668,-0.020107,0.049912,-0.026216,0.998410,0,0.79674,-1.00000,47.805,-2.000,-1,375.000,-1,375.000,-1,300.000,300.000,325.000,275.000,-1,650.000,675.000,-1,750.000,775.000,-1,-1,2,0,2,0,2,0,0,0,1,2,0,0,2,0,0,2,2
100,-10856.981,5122.619,-19.372,-175.221,-0.995015,0.083281,0.054861,-0.084462,-0.996235,-0.019570,0.053024,-0.024106,0.998302,0,0.79561,-1.00000,47.737,-2.000,-1,375.000,-1,375.000,-1,300.000,300.000,325.000,275.000,-1,600.000,600.000,-1,750.000,800.000,-1,-1,2,0,2,0,2,0,0,0,1,2,0,0,2,0,0,2,2
101,-10904.597,5120.308,-16.848,-177.221,-0.997193,0.048464,0.057064,-0.049624,-0.998586,-0.019080,0.056059,-0.021859,0.998188,0,0.79453,-1.00000,47.672,-2.000,-1,375.000,-1,400.000,-1,300.000,325.000,325.000,275.000,-1,550.000,550.000,-1,775.000,800.000,-1,-1,2,0,2,0,2,0,0,0,1,2,0,0,2,0,0,2,2
102,-10952.203,5119.662,-14.284,-179.221,-0.998149,0.013585,0.059281,-0.014713,-0.999718,-0.018635,0.059012,-0.019472,0.998067,0,0.79350,-1.00000,47.610,-2.000,-1,375.000,-1,400.000,-1,325.000,325.000,325.000,275.000,-1,525.000,525.000,-1,775.000,825.000,-1,-1,2,0,2,0,2,0,0,0,1,2,0,0,2,0,0,2,2
103,-10999.744,5120.676,-11.681,-181.221,-0.997879,-0.021314,0.061512,0.020227,-0.999629,-0.018229,0.061878,-0.016946,0.997940,0,0.79253,-1.00000,47.552,-2.000,-1,400.000,-1,400.000,-1,325.000,325.000,325.000,275.000,-1,500.000,475.000,-1,800.000,850.000,-1,-1,2,0,2,0,2,0,0,0,1,2,0,0,2,0,0,2,2
104,-11047.166,5123.346,-9.045,-183.221,-0.996382,-0.056190,0.063758,0.055156,-0.998318,-0.017859,0.064654,-0.014278,0.997806,0,0.79161,-1.00000,47.497,-2.000,-1,400.000,-1,425.000,-1,325.000,325.000,325.000,275.000,-1,450.000,425.000,-1,825.000,875.000,-1,-1,2,0,2,0,2,0,0,0,1,2,0,0,2,1,1,2,2
105,-11094.415,5127.664,-6.377,-185.221,-0.993660,-0.090999,0.066020,0.090030,-0.995785,-0.017522,0.067336,-0.011467,0.997664,0,0.79076,-1.00000,47.445,-2.000,-1,400.000,-1,425.000,-1,325.000,325.000,325.000,275.000,-1,400.000,375.000,-1,775.000,850.000,-1,-1,2,0,2,0,2,0,0,0,1,2,0,0,2,1,1,2,2
106,-11141.437,5133.622,-3.546,-187.221,-0.989788,-0.125701,0.067227,0.124863,-0.992036,-0.016536,0.068770,-0.007973,0.997601,0,0.78996,-1.00000,47.398,-2.000,-1,400.000,-1,425.000,-1,325.000,350.000,325.000,275.000,-1,425.000,375.000,-1,750.000,825.000,-1,-1,2,0,2,0,2,0,0,0,1,2,0,0,2,1,1,2,2
107,-11188.178,5141.210,-0.751,-189.221,-0.984811,-0.160249,0.066840,0.159533,-0.987064,-0.015941,0.068530,-0.005036,0.997636,0,0.78922,-1.00000,47.353,-2.000,-1,425.000,-1,425.000,-1,325.000,350.000,325.000,275.000,-1,475.000,425.000,-1,725.000,800.000,1000.000,-1,2,0,2,0,2,0,0,0,1,2,0,0,2,1,1,1,2
108,-11239.287,5151.350,2.221,-191.221,-0.978737,-0.194601,0.064841,0.194008,-0.980879,-0.015387,0.066596,-0.002480,0.997777,0,0.86842,-1.00000,52.105,-2.000,-1,400.000,-1,425.000,-1,325.000,350.000,325.000,250.000,-1,625.000,550.000,-1,675.000,775.000,875.000,-1,2,0,2,0,2,0,0,0,1,2,0,0,2,1,1,1,2
109,-11290.023,5163.270,5.144,-193.221,-0.971473,-0.228715,0.062687,0.228260,-0.973493,-0.014434,0.064326,0.000286,0.997929,0,0.86863,-1.00000,52.118,-2.000,-1,400.000,975.000,425.000,-1,325.000,350.000,325.000,250.000,-1,850.000,675.000,-1,650.000,750.000,775.000,-1,2,0,1,0,2,0,0,0,1,2,0,0,2,1,1,1,2
110,-11338.563,5176.259,7.961,-194.981,-0.964108,-0.258505,0.060593,0.258178,-0.966006,-0.013298,0.061971,0.002824,0.998074,0,0.83747,-0.88000,50.248,-1.760,850.000,400.000,900.000,425.000,-1,325.000,325.000,325.000,250.000,-1,-1,875.000,-1,600.000,725.000,700.000,-1,1,0,1,0,2,0,0,0,1,2,2,0,2,1,1,1,2
111,-11386.707,5190.520,10.773,-196.501,-0.957027,-0.284036,0.058500,0.283832,-0.958800,-0.011946,0.059482,0.005172,0.998216,0,0.83686,-0.76000,50.212,-1.520,700.000,400.000,850.000,425.000,-1,325.000,325.000,325.000,225.000,-1,-1,-1,-1,575.000,700.000,625.000,-1,1,0,1,1,2,0,0,0,1,2,2,2,2,1,1,1,2
112,-11434.436,5205.827,13.570,-197.781,-0.950558,-0.305379,0.056417,0.305290,-0.952203,-0.010402,0.056897,0.007336,0.998353,0,0.83540,-0.64000,50.124,-1.280,600.000,400.000,800.000,400.000,-1,325.000,325.000,325.000,225.000,-1,-1,-1,-1,525.000,675.000,575.000,-1,1,1,1,1,2,0,0,0,1,2,2,2,2,1,1,1,2
113,-11481.745,5221.952,16.346,-198.821,-0.944971,-0.322606,0.054353,0.322624,-0.946487,-0.008692,0.054248,0.009322,0.998484,0,0.83303,-0.52000,49.982,-1.040,550.000,375.000,750.000,400.000,-1,325.000,325.000,325.000,225.000,-1,-1,-1,-1,500.000,650.000,525.000,-1,1,1,1,1,2,0,0,0,1,2,2,2,2,1,1,1,2
114,-11528.635,5238.668,19.268,-199.621,-0.940470,-0.335786,0.052571,0.335864,-0.941880,-0.007611,0.052071,0.010499,0.998588,0,0.82968,-0.40000,49.781,-0.800,475.000,350.000,700.000,400.000,-1,325.000,325.000,325.000,200.000,-1,-1,-1,-1,450.000,625.000,475.000,-1,1,1,1,1,2,1,0,0,1,2,2,2,2,1,1,1,2
115,-11575.113,5255.752,22.884,-200.181,-0.937175,-0.344981,0.051882,0.344957,-0.938568,-0.009705,0.052043,0.008802,0.998606,0,0.82531,-0.28000,49.518,-0.560,425.000,325.000,650.000,425.000,-1,300.000,350.000,325.000,200.000,-1,-1,-1,-1,425.000,600.000,425.000,-1,1,1,1,1,2,1,1,0,1,2,2,2,2,1,1,1,2
116,-11621.190,5272.981,26.181,-200.501,-0.935292,-0.350220,0.050744,0.350156,-0.936633,-0.010439,0.051184,0.008005,0.998657,0,0.81989,-0.16000,49.193,-0.320,375.000,300.000,625.000,400.000,-1,300.000,325.000,325.000,200.000,-1,-1,-1,-1,400.000,575.000,375.000,-1,1,1,1,1,2,1,1,0,1,2,2,2,2,1,1,1,2
117,-11666.880,5290.138,29.110,-200.581,-0.934880,-0.351528,0.049279,0.351473,-0.936144,-0.010055,0.049667,0.007920,0.998734,0,0.81342,-0.04000,48.805,-0.080,325.000,275.000,575.000,375.000,-1,275.000,300.000,300.000,200.000,-1,-1,-1,-1,375.000,550.000,325.000,-1,1,1,1,1,2,1,1,0,1,2,2,2,2,1,1,1,2
118,-11712.197,5307.011,31.447,-200.421,-0.935931,-0.348913,0.047879,0.348860,-0.937124,-0.009723,0.048261,0.007603,0.998806,0,0.80594,0.08000,48.356,0.160,275.000,250.000,500.000,325.000,-1,250.000,275.000,300.000,200.000,-1,-1,-1,-1,325.000,500.000,275.000,-1,1,1,1,1,2,1,1,0,1,2,2,2,2,1,1,1,2
119,-11757.156,5323.392,34.985,-200.021,-0.938055,-0.342337,0.053471,0.342610,-0.939468,-0.004262,0.051693,0.014321,0.998560,0,0.79749,0.20000,47.850,0.400,250.000,250.000,475.000,325.000,-1,225.000,250.000,325.000,200.000,-1,-1,-1,-1,300.000,475.000,250.000,-1,1,1,1,1,2,1,1,0,1,2,2,2,2,1,1,1,2
120,-11801.771,5339.080,40.088,-199.381,-0.941010,-0.331712,0.066833,0.332927,-0.942922,0.007616,0.060492,0.029417,0.997735,0,0.78820,0.32000,47.292,0.640,250.000,225.000,450.000,300.000,-1,200.000,225.000,375.000,200.000,-1,-1,-1,825.000,300.000,450.000,225.000,-1,1,1,1,1,2,1,1,0,1,2,2,2,1,1,1,1,2
121,-11846.054,5353.887,44.895,-198.501,-0.945100,-0.317007,0.079327,0.319510,-0.947354,0.020815,0.068552,0.045018,0.996631,0,0.77819,0.44000,46.691,0.880,250.000,225.000,425.000,275.000,-1,200.000,225.000,400.000,175.000,-1,-1,1000.000,575.000,275.000,425.000,225.000,-1,1,1,1,1,2,1,1,0,1,2,2,0,1,1,1,1,2
122,-11889.972,5367.764,49.298,-197.555,-0.949186,-0.301045,0.091748,0.305254,-0.951605,0.035609,0.076588,0.061806,0.995145,0,0.76763,0.47322,46.058,0.946,250.000,200.000,375.000,250.000,-1,175.000,200.000,450.000,175.000,-1,1000.000,400.000,425.000,275.000,400.000,225.000,-1,1,1,1,1,2,1,1,1,1,2,0,0,1,1,1,1,2
123,-11938.774,5382.094,58.925,-196.369,-0.952871,-0.281265,0.113698,0.286399,-0.957598,0.031330,0.100065,0.062417,0.993021,0,0.84763,0.59322,50.858,1.186,275.000,200.000,400.000,250.000,-1,175.000,200.000,475.000,200.000,-1,300.000,125.000,325.000,275.000,425.000,225.000,-1,1,1,1,1,2,1,1,1,1,2,0,0,1,1,1,1,2
124,984.492,9510.317,-147.340,-133.319,-0.725065,0.687887,-0.033036,-0.634547,-0.648660,0.420227,0.267640,0.325655,0.906818,1,0.00000,0.00000,55.658,1.372,100.000,250.000,-1,400.000,-1,250.000,300.000,-1,225.000,575.000,50.000,0.000,100.000,350.000,-1,100.000,-1,1,1,2,1,2,1,1,2,0,1,1,1,0,1,2,1,2
125,331.726,4266.543,-389.294,38.320,0.784701,-0.619639,0.017069,0.619832,0.784032,-0.033182,0.007178,0.036618,0.999304,1,0.08000,-0.02241,4.800,-0.045,-1,425.000,-1,400.000,500.000,325.000,325.000,300.000,175.000,-1,-1,-1,725.000,875.000,625.000,-1,625.000,2,0,2,1,1,0,0,0,1,2,2,2,1,0,1,2,1
126,339.263,4272.489,-389.082,38.275,0.785174,-0.619040,0.017072,0.619242,0.784548,-0.031986,0.006406,0.035686,0.999342,0,0.16000,-0.02264,9.600,-0.045,-1,425.000,-1,400.000,475.000,325.000,325.000,300.000,175.000,-1,-1,-1,725.000,875.000,625.000,-1,625.000,2,0,2,1,1,0,0,0,1,2,2,2,1,0,1,2,1
127,350.576,4281.399,-388.775,38.229,0.785648,-0.618437,0.017091,0.618651,0.785084,-0.030228,0.005276,0.034322,0.999397,0,0.24000,-0.02308,14.400,-0.046,-1,425.000,-1,400.000,475.000,325.000,325.000,300.000,175.000,-1,-1,-1,725.000,875.000,625.000,-1,625.000,2,0,2,1,1,0,0,0,1,2,2,2,1,0,1,2,1
128,365.668,4293.267,-388.390,38.181,0.786129,-0.617825,0.017134,0.618051,0.785641,-0.027973,0.003821,0.032580,0.999462,0,0.32000,-0.02366,19.200,-0.047,-1,425.000,-1,400.000,475.000,325.000,325.000,300.000,175.000,-1,-1,-1,750.000,850.000,600.000,-1,600.000,2,0,2,1,1,0,0,0,1,2,2,2,1,0,1,2,1
129,384.547,4308.086,-387.952,38.133,0.786619,-0.617198,0.017209,0.617435,0.786215,-0.025306,0.002089,0.030532,0.999532,0,0.40000,-0.02429,24.000,-0.049,-1,400.000,-1,375.000,450.000,325.000,325.000,300.000,175.000,-1,-1,-1,775.000,850.000,600.000,-1,600.000,2,0,2,1,1,0,0,0,1,2,2,2,1,0,1,2,1
130,407.216,4325.849,-387.489,38.083,0.787119,-0.616557,0.017330,0.616801,0.786802,-0.022336,0.000136,0.028270,0.999600,0,0.48000,-0.02485,28.800,-0.050,-1,400.000,-1,375.000,425.000,325.000,325.000,300.000,175.000,-1,-1,-1,800.000,825.000,600.000,-1,575.000,2,0,2,1,1,0,0,0,1,2,2,2,1,0,1,2,1
131,433.682,4346.550,-386.943,38.033,0.787622,-0.615910,0.017514,0.616155,0.787402,-0.018753,-0.002240,0.025561,0.999671,0,0.56000,-0.02519,33.600,-0.050,-1,400.000,-1,375.000,425.000,325.000,325.000,300.000,175.000,-1,-1,-1,825.000,825.000,600.000,-1,550.000,2,0,2,1,1,0,0,0,1,2,2,2,1,0,1,2,1
