timestep,x_cm,y_cm,z_cm,yaw_deg,basis_xx,basis_xy,basis_xz,basis_yx,basis_yy,basis_yz,basis_zx,basis_zy,basis_zz,teleport_flag,throttle_cmd,steering_cmd,cmd_move_cm,cmd_turn_deg,lidar_cm_0,lidar_cm_1,lidar_cm_2,lidar_cm_3,lidar_cm_4,lidar_cm_5,lidar_cm_6,lidar_cm_7,lidar_cm_8,lidar_cm_9,lidar_cm_10,lidar_cm_11,lidar_cm_12,lidar_cm_13,lidar_cm_14,lidar_cm_15,lidar_cm_16,lidar_class_0,lidar_class_1,lidar_class_2,lidar_class_3,lidar_class_4,lidar_class_5,lidar_class_6,lidar_class_7,lidar_class_8,lidar_class_9,lidar_class_10,lidar_class_11,lidar_class_12,lidar_class_13,lidar_class_14,lidar_class_15,lidar_class_16
0,7547.978,-8198.528,-134.537,-172.009,-0.989850,0.138617,-0.031355,-0.135749,-0.987496,-0.080148,-0.042073,-0.075078,0.996290,1,-0.08000,0.12000,-4.800,0.240,-1,375.000,-1,375.000,-1,325.000,325.000,300.000,300.000,600.000,350.000,375.000,-1,700.000,675.000,-1,-1,2,0,2,0,2,0,0,0,0,1,1,1,2,0,0,2,2
1,7557.473,-8197.114,-134.131,-171.529,-0.988650,0.146889,-0.031530,-0.143986,-0.986325,-0.080200,-0.042879,-0.074750,0.996280,0,-0.16000,0.24000,-9.600,0.480,-1,375.000,-1,375.000,-1,325.000,325.000,300.000,300.000,600.000,350.000,375.000,-1,700.000,675.000,-1,-1,2,0,2,0,2,0,0,0,0,1,1,1,2,0,0,2,2
2,7571.689,-8194.814,-133.508,-170.809,-0.986722,0.159277,-0.031789,-0.156322,-0.984438,-0.080283,-0.044081,-0.074248,0.996265,0,-0.24000,0.36000,-14.400,0.720,-1,375.000,-1,375.000,-1,325.000,325.000,300.000,300.000,575.000,325.000,375.000,-1,700.000,675.000,-1,-1,2,0,2,0,2,0,0,0,0,1,1,1,2,0,0,2,2
3,7590.589,-8191.430,-132.655,-169.849,-0.983909,0.175758,-0.032129,-0.172734,-0.981681,-0.080405,-0.045672,-0.073561,0.996244,0,-0.32000,0.48000,-19.200,0.960,-1,375.000,-1,375.000,-1,325.000,325.000,300.000,300.000,525.000,325.000,350.000,-1,700.000,675.000,-1,-1,2,0,2,0,2,0,0,0,0,1,1,1,2,0,0,2,2
4,7614.120,-8186.706,-131.554,-168.649,-0.980006,0.196291,-0.032543,-0.193183,-0.977849,-0.080574,-0.047638,-0.072676,0.996217,0,-0.40000,0.60000,-24.000,1.200,-1,375.000,-1,375.000,-1,325.000,325.000,300.000,300.000,500.000,300.000,325.000,-1,700.000,675.000,-1,-1,2,0,2,0,2,0,0,0,0,1,1,1,2,0,0,2,2
5,7642.206,-8180.329,-130.185,-167.209,-0.974755,0.220820,-0.033023,-0.217613,-0.972685,-0.080802,-0.049963,-0.071576,0.996183,0,-0.48000,0.72000,-28.800,1.440,-1,375.000,-1,375.000,-1,325.000,325.000,300.000,300.000,450.000,275.000,325.000,-1,700.000,675.000,-1,-1,2,0,2,0,2,0,0,0,0,1,1,1,2,0,0,2,2
6,7674.740,-8171.932,-128.523,-165.529,-0.967854,0.249265,-0.033555,-0.245946,-0.965885,-0.081100,-0.052625,-0.070241,0.996141,0,-0.56000,0.84000,-33.600,1.680,-1,375.000,-1,375.000,-1,325.000,325.000,300.000,300.000,400.000,225.000,300.000,-1,725.000,700.000,-1,-1,2,0,2,0,2,0,0,0,0,1,1,1,2,0,0,2,2
7,7708.179,-8162.161,-126.729,-163.712,-0.959454,0.279799,-0.034069,-0.276365,-0.957595,-0.081453,-0.055415,-0.068735,0.996095,0,-0.58060,0.90863,-34.836,1.817,-1,375.000,-1,375.000,-1,325.000,325.000,300.000,300.000,350.000,200.000,300.000,-1,725.000,700.000,-1,-1,2,0,2,0,2,0,0,0,0,1,1,1,2,0,0,2,2
8,7741.619,-8151.208,-124.846,-161.867,-0.949937,0.310525,-0.034546,-0.306977,-0.948191,-0.081846,-0.058172,-0.067144,0.996046,0,-0.58646,0.92270,-35.188,1.845,-1,375.000,-1,375.000,-1,325.000,300.000,300.000,300.000,300.000,175.000,-1,-1,725.000,700.000,-1,-1,2,0,2,0,2,0,0,0,0,1,1,2,2,0,0,2,2
9,7774.955,-8139.069,-122.810,-159.993,-0.939271,0.341401,-0.034869,-0.337771,-0.937654,-0.081950,-0.060673,-0.065196,0.996026,0,-0.59127,0.93670,-35.476,1.873,-1,375.000,-1,375.000,-1,325.000,325.000,300.000,300.000,275.000,150.000,-1,-1,725.000,700.000,-1,-1,2,0,2,0,2,0,0,0,0,1,1,2,2,0,0,2,2
10,7808.066,-8125.748,-119.580,-158.092,-0.927199,0.372470,-0.039605,-0.368688,-0.926187,-0.079032,-0.066119,-0.058676,0.996085,0,-0.59483,0.95057,-35.690,1.901,-1,375.000,-1,375.000,-1,325.000,300.000,300.000,300.000,225.000,125.000,-1,-1,725.000,675.000,-1,-1,2,0,2,0,2,0,0,0,0,1,1,2,2,0,0,2,2
11,7840.816,-8111.260,-111.532,-156.164,-0.912403,0.403904,-0.066199,-0.399977,-0.914208,-0.065138,-0.086829,-0.032954,0.995678,0,-0.59691,0.96424,-35.815,1.928,-1,375.000,-1,350.000,925.000,300.000,300.000,375.000,275.000,225.000,225.000,-1,-1,700.000,600.000,-1,925.000,2,0,2,0,0,0,0,0,0,1,1,2,2,0,0,2,0
12,7873.073,-8095.660,-103.559,-154.209,-0.895572,0.435084,-0.093016,-0.431866,-0.900358,-0.053365,-0.106966,-0.007622,0.994233,0,-0.59726,0.97761,-35.836,1.955,-1,375.000,-1,325.000,600.000,300.000,275.000,425.000,275.000,225.000,-1,-1,-1,675.000,550.000,-1,675.000,2,0,2,0,0,0,0,0,0,1,2,2,2,0,0,2,0
13,7904.689,-8079.005,-97.353,-152.227,-0.877702,0.465939,-0.111981,-0.463658,-0.884755,-0.047223,-0.121079,0.010473,0.992588,0,-0.59563,0.99061,-35.738,1.981,-1,375.000,-1,300.000,450.000,300.000,275.000,475.000,250.000,200.000,-1,-1,-1,675.000,500.000,-1,500.000,2,0,2,0,0,0,0,1,0,1,2,2,2,0,0,2,0
14,7935.504,-8061.375,-92.398,-150.227,-0.859009,0.496424,-0.125166,-0.494944,-0.867765,-0.044881,-0.130895,0.023397,0.991120,0,-0.59177,1.00000,-35.506,2.000,-1,375.000,-1,300.000,375.000,300.000,275.000,425.000,250.000,175.000,-1,-1,-1,675.000,475.000,-1,425.000,2,0,2,0,0,0,0,1,0,1,2,2,2,0,0,2,0
15,7961.675,-8045.317,-89.063,-148.467,-0.842264,0.522744,-0.131642,-0.521643,-0.851950,-0.045501,-0.135938,0.030347,0.990252,0,-0.51177,0.88000,-30.706,1.760,-1,375.000,-1,300.000,350.000,300.000,275.000,375.000,250.000,150.000,-1,-1,-1,675.000,475.000,-1,400.000,2,0,2,0,0,0,0,1,0,1,2,2,2,0,0,2,0
16,7983.388,-8031.189,-86.953,-146.947,-0.827692,0.545111,-0.133341,-0.544031,-0.837711,-0.047661,-0.137682,0.033093,0.989924,0,-0.43177,0.76000,-25.906,1.520,-1,375.000,-1,300.000,350.000,300.000,275.000,350.000,250.000,150.000,-1,-1,-1,675.000,475.000,-1,400.000,2,0,2,0,0,0,0,1,0,1,2,2,2,0,0,2,0
17,8000.817,-8019.286,-85.746,-145.667,-0.815359,0.563685,-0.132093,-0.562413,-0.825321,-0.050364,-0.137408,0.033226,0.989957,0,-0.35177,0.64000,-21.106,1.280,-1,375.000,-1,300.000,350.000,300.000,275.000,325.000,250.000,150.000,-1,-1,-1,675.000,475.000,-1,400.000,2,0,2,0,0,0,0,1,0,1,2,2,2,0,0,2,0
18,8014.114,-8009.847,-85.154,-144.627,-0.805290,0.578596,-0.129364,-0.577050,-0.814987,-0.053000,-0.136095,0.031969,0.990180,0,-0.27177,0.52000,-16.306,1.040,-1,375.000,-1,300.000,375.000,300.000,275.000,300.000,250.000,150.000,-1,-1,-1,675.000,475.000,-1,425.000,2,0,2,0,0,0,0,1,0,1,2,2,2,0,0,2,0
19,8023.403,-8003.056,-84.950,-143.827,-0.797496,0.589950,-0.126331,-0.588141,-0.806872,-0.055205,-0.134502,0.030275,0.990451,0,-0.19177,0.40000,-11.506,0.800,-1,375.000,-1,300.000,400.000,300.000,275.000,275.000,250.000,150.000,-1,-1,-1,675.000,500.000,-1,450.000,2,0,2,0,0,0,0,1,0,1,2,2,2,0,0,2,0
20,8028.773,-7999.040,-85.022,-143.211,-0.791431,0.598623,-0.123641,-0.596601,-0.800516,-0.056935,-0.133059,0.028704,0.990692,0,-0.11177,0.30818,-6.706,0.616,-1,375.000,-1,300.000,400.000,300.000,275.000,275.000,250.000,150.000,-1,-1,-1,675.000,500.000,-1,475.000,2,0,2,0,0,0,0,1,0,1,2,2,2,0,0,2,0
21,8030.288,-7997.882,-85.432,-142.591,-0.785210,0.607275,-0.121092,-0.605058,-0.794024,-0.058577,-0.131722,0.027272,0.990911,0,-0.03177,0.31000,-1.906,0.620,-1,375.000,-1,300.000,425.000,300.000,275.000,250.000,250.000,150.000,-1,-1,-1,675.000,500.000,-1,475.000,2,0,2,0,0,0,0,1,0,1,2,2,2,0,0,2,0
22,8028.009,-7999.665,-86.127,-141.970,-0.778820,0.615863,-0.118963,-0.613487,-0.787418,-0.060065,-0.130665,0.026203,0.991080,0,0.04823,0.31051,2.894,0.621,-1,375.000,-1,325.000,450.000,300.000,275.000,250.000,250.000,150.000,-1,-1,-1,675.000,500.000,-1,500.000,2,0,2,0,0,0,0,1,0,1,2,2,2,0,0,2,0
23,8022.000,-8004.470,-87.091,-141.350,-0.772276,0.624350,-0.117370,-0.621852,-0.780725,-0.061381,-0.129957,0.025583,0.991189,0,0.12823,0.30975,7.694,0.619,-1,375.000,-1,325.000,450.000,300.000,275.000,250.000,250.000,150.000,-1,-1,-1,700.000,500.000,-1,500.000,2,0,2,0,0,0,0,1,0,1,2,2,2,0,0,2,0
24,8012.327,-8012.378,-88.339,-140.735,-0.765617,0.632704,-0.116258,-0.630115,-0.773978,-0.062555,-0.129560,0.025363,0.991247,0,0.20823,0.30774,12.494,0.615,-1,375.000,-1,325.000,450.000,300.000,275.000,250.000,250.000,175.000,-1,-1,-1,700.000,500.000,-1,525.000,2,0,2,0,0,0,0,1,0,1,2,2,2,0,0,2,0
25,7999.055,-8023.465,-89.923,-140.126,-0.758905,0.640895,-0.115396,-0.638230,-0.767210,-0.063648,-0.129325,0.025347,0.991278,0,0.28823,0.30448,17.294,0.609,-1,375.000,-1,325.000,475.000,300.000,275.000,275.000,250.000,175.000,-1,-1,-1,700.000,525.000,-1,525.000,2,0,2,0,0,0,0,1,0,1,2,2,2,0,0,2,0
26,7982.248,-8037.807,-91.929,-139.526,-0.752233,0.648895,-0.114368,-0.646148,-0.760461,-0.064748,-0.128987,0.025193,0.991326,0,0.36823,0.29995,22.094,0.600,-1,375.000,-1,325.000,475.000,300.000,275.000,275.000,250.000,175.000,-1,-1,-1,675.000,525.000,-1,525.000,2,0,2,0,0,0,0,1,0,1,2,2,2,0,0,2,0
27,7961.970,-8055.473,-94.481,-138.938,-0.745719,0.656681,-0.112573,-0.653816,-0.753773,-0.065961,-0.128170,0.024414,0.991452,0,0.44823,0.29412,26.894,0.588,-1,375.000,-1,325.000,475.000,300.000,275.000,275.000,250.000,175.000,-1,-1,-1,675.000,525.000,-1,550.000,2,0,2,0,0,0,0,1,0,1,2,2,2,0,0,2,0
28,7938.283,-8076.530,-97.710,-138.364,-0.739526,0.664231,-0.109082,-0.661174,-0.747196,-0.067428,-0.126294,0.022258,0.991743,0,0.52823,0.28692,31.694,0.574,-1,375.000,-1,325.000,500.000,300.000,275.000,300.000,250.000,175.000,-1,-1,-1,675.000,525.000,-1,575.000,2,0,2,0,0,0,0,1,0,1,2,2,2,0,0,2,0
29,7911.246,-8101.040,-101.793,-137.807,-0.733821,0.671516,-0.102819,-0.668172,-0.740774,-0.069276,-0.122686,0.017864,0.992285,0,0.60823,0.27828,36.494,0.557,-1,375.000,-1,325.000,550.000,300.000,275.000,325.000,275.000,175.000,-1,-1,-1,675.000,550.000,-1,625.000,2,0,2,0,0,0,0,1,0,1,2,2,2,0,0,2,0
30,7883.980,-8126.228,-106.461,-137.271,-0.728597,0.678485,-0.093832,-0.674811,-0.734528,-0.071406,-0.117371,0.011293,0.993024,0,0.61870,0.26811,37.122,0.536,-1,375.000,-1,325.000,650.000,300.000,300.000,325.000,275.000,175.000,-1,-1,-1,675.000,550.000,-1,725.000,2,0,2,0,0,0,0,1,0,1,2,2,2,0,0,2,0
31,7856.952,-8151.651,-111.662,-136.756,-0.723803,0.685102,-0.082120,-0.681126,-0.728443,-0.073746,-0.110343,0.002557,0.993890,0,0.61845,0.25754,37.107,0.515,-1,375.000,-1,350.000,750.000,300.000,300.000,350.000,275.000,175.000,-1,-1,-1,675.000,575.000,-1,825.000,2,0,2,0,0,0,0,1,0,1,2,2,2,0,0,2,0
32,7830.128,-8177.322,-117.423,-136.263,-0.719365,0.691329,-0.067657,-0.687164,-0.722492,-0.076233,-0.101584,-0.008348,0.994792,0,0.61885,0.24676,37.131,0.494,-1,400.000,-1,350.000,900.000,300.000,300.000,350.000,275.000,200.000,-1,-1,-1,700.000,625.000,-1,1000.000,2,0,2,0,0,0,0,1,0,1,2,2,2,0,0,2,0
33,7803.476,-8203.256,-123.753,-135.791,-0.715191,0.697115,-0.050332,-0.692977,-0.716637,-0.078825,-0.091020,-0.021496,0.995617,0,0.61983,0.23576,37.190,0.472,-1,400.000,-1,375.000,-1,325.000,300.000,325.000,300.000,200.000,-1,-1,-1,700.000,675.000,-1,-1,2,0,2,0,2,0,0,0,0,1,2,2,2,0,0,2,2
34,7776.963,-8229.463,-129.926,-135.342,-0.710911,0.702467,-0.033847,-0.698604,-0.710906,-0.081028,-0.080981,-0.033958,0.996137,0,0.62136,0.22454,37.282,0.449,-1,400.000,-1,375.000,-1,325.000,325.000,300.000,300.000,200.000,-1,-1,-1,700.000,725.000,-1,-1,2,0,2,0,2,0,0,0,0,1,2,2,2,0,0,2,2
35,7750.553,-8255.950,-132.955,-134.916,-0.705672,0.707743,-0.033550,-0.703880,-0.705667,-0.081159,-0.081115,-0.033657,0.996136,0,0.62341,0.21311,37.404,0.426,-1,400.000,-1,375.000,-1,325.000,325.000,300.000,300.000,225.000,-1,-1,-1,700.000,725.000,-1,-1,2,0,2,0,2,0,0,0,0,1,2,2,2,0,0,2,2
36,7724.224,-8282.731,-136.006,-134.513,-0.700686,0.712695,-0.033246,-0.708830,-0.700679,-0.081295,-0.081233,-0.033397,0.996135,0,0.62593,0.20147,37.556,0.403,-1,400.000,-1,375.000,-1,325.000,325.000,300.000,300.000,250.000,-1,-1,-1,700.000,725.000,-1,-1,2,0,2,0,2,0,0,0,0,1,2,2,2,0,0,2,2
37,7697.948,-8309.814,-139.085,-134.134,-0.695964,0.717322,-0.032925,-0.713456,-0.695951,-0.081437,-0.081331,-0.033186,0.996135,0,0.62891,0.18961,37.735,0.379,-1,375.000,-1,375.000,-1,325.000,325.000,300.000,300.000,275.000,-1,-1,-1,700.000,700.000,-1,-1,2,0,2,0,2,0,0,0,0,1,2,2,2,0,0,2,2
38,7671.699,-8337.206,-142.191,-133.779,-0.691517,0.721625,-0.032588,-0.717758,-0.691496,-0.081585,-0.081408,-0.033027,0.996133,0,0.63232,0.17753,37.939,0.355,-1,375.000,-1,375.000,-1,325.000,325.000,300.000,300.000,300.000,-1,-1,-1,700.000,700.000,-1,-1,2,0,2,0,2,0,0,0,0,1,2,2,2,0,0,2,2
39,7645.450,-8364.917,-145.328,-133.448,-0.687358,0.725604,-0.032232,-0.721736,-0.687325,-0.081740,-0.081465,-0.032921,0.996132,0,0.63615,0.16523,38.169,0.330,-1,375.000,-1,375.000,-1,325.000,325.000,300.000,300.000,325.000,-1,-1,-1,675.000,700.000,-1,-1,2,0,2,0,2,0,0,0,0,1,2,2,2,0,0,2,2
40,7619.177,-8392.952,-148.497,-133.143,-0.683496,0.729258,-0.031858,-0.725390,-0.683449,-0.081903,-0.081502,-0.032871,0.996131,0,0.64037,0.15271,38.422,0.305,-1,375.000,-1,375.000,-1,325.000,325.000,300.000,300.000,350.000,-1,-1,-1,675.000,700.000,-1,-1,2,0,2,0,2,0,0,0,0,1,2,2,2,0,0,2,2
41,7592.852,-8421.317,-151.698,-132.863,-0.679945,0.732588,-0.031464,-0.728718,-0.679878,-0.082075,-0.081519,-0.032878,0.996129,0,0.64497,0.13995,38.698,0.280,-1,375.000,-1,375.000,-1,325.000,325.000,300.000,300.000,375.000,-1,-1,-1,675.000,700.000,-1,-1,2,0,2,0,2,0,0,0,0,1,2,2,2,0,0,2,2
42,7566.452,-8450.018,-154.806,-132.609,-0.676694,0.735605,-0.031154,-0.731784,-0.676635,-0.081597,-0.081103,-0.032418,0.996178,0,0.64995,0.12696,38.997,0.254,1000.000,375.000,-1,375.000,-1,300.000,325.000,300.000,300.000,400.000,-1,-1,-1,675.000,675.000,-1,-1,0,0,2,0,2,0,0,0,0,1,2,2,2,0,0,2,2
43,7539.949,-8479.060,-157.757,-132.381,-0.673746,0.738313,-0.030988,-0.734616,-0.673735,-0.080135,-0.080042,-0.031226,0.996302,0,0.65529,0.11373,39.317,0.227,975.000,375.000,-1,375.000,-1,300.000,325.000,300.000,300.000,425.000,-1,-1,-1,675.000,675.000,-1,-1,0,0,2,0,2,0,0,0,0,1,2,2,2,0,0,2,2
44,7513.318,-8508.448,-160.732,-132.181,-0.671136,0.740693,-0.030823,-0.737122,-0.671171,-0.078616,-0.078917,-0.030042,0.996428,0,0.66099,0.10025,39.659,0.200,975.000,375.000,-1,375.000,-1,300.000,325.000,300.000,300.000,475.000,-1,-1,-1,675.000,675.000,-1,-1,0,0,2,0,2,0,0,0,0,1,2,2,2,0,0,2,2
45,7486.533,-8538.186,-163.667,-132.008,-0.668885,0.742736,-0.030591,-0.739266,-0.668949,-0.077417,-0.077964,-0.029168,0.996529,0,0.66704,0.08652,40.023,0.173,950.000,375.000,-1,375.000,-1,300.000,325.000,300.000,300.000,500.000,-1,-1,-1,675.000,675.000,-1,-1,0,0,2,0,2,0,0,0,0,1,2,2,2,0,0,2,2
46,7458.153,-8569.859,-166.777,-131.861,-0.666974,0.744464,-0.030319,-0.741095,-0.667060,-0.076217,-0.076965,-0.028366,0.996630,0,0.70880,0.07337,42.528,0.147,950.000,375.000,-1,375.000,-1,300.000,325.000,300.000,300.000,525.000,-1,-1,-1,675.000,675.000,-1,-1,0,0,2,0,2,0,0,0,0,1,2,2,2,0,0,2,2
47,7428.521,-8602.821,-170.012,-131.954,-0.668189,0.743387,-0.029992,-0.740122,-0.668279,-0.074978,-0.075781,-0.027901,0.996734,0,0.73872,-0.04663,44.323,-0.093,925.000,375.000,-1,375.000,-1,300.000,325.000,300.000,300.000,550.000,-1,-1,-1,675.000,675.000,1000.000,-1,0,0,2,0,2,0,0,0,0,1,2,2,2,0,0,0,2
48,7398.564,-8635.757,-173.265,-132.288,-0.672516,0.739490,-0.029611,-0.736332,-0.672595,-0.073696,-0.074413,-0.027758,0.996841,0,0.74203,-0.16663,44.522,-0.333,900.000,375.000,-1,375.000,-1,300.000,325.000,300.000,300.000,575.000,-1,-1,-1,675.000,675.000,1000.000,-1,0,0,2,0,2,0,0,0,0,1,2,2,2,0,0,0,2
49,7368.259,-8668.649,-176.526,-132.656,-0.677274,0.735152,-0.029175,-0.732099,-0.677336,-0.072434,-0.073012,-0.027699,0.996946,0,0.74541,-0.18418,44.725,-0.368,900.000,375.000,-1,375.000,-1,300.000,325.000,300.000,300.000,600.000,-1,-1,-1,675.000,675.000,975.000,-1,0,0,2,0,2,0,0,0,0,1,2,2,2,0,0,0,2
50,7337.562,-8701.506,-179.800,-133.053,-0.682372,0.730442,-0.028683,-0.727492,-0.682412,-0.071197,-0.071579,-0.027716,0.997050,0,0.74942,-0.19846,44.965,-0.397,875.000,375.000,-1,375.000,-1,300.000,325.000,300.000,300.000,650.000,-1,925.000,-1,675.000,650.000,975.000,-1,0,0,2,0,2,0,0,0,0,1,2,0,2,0,0,0,2
51,7306.429,-8734.337,-183.086,-133.479,-0.687812,0.725343,-0.028132,-0.722494,-0.687826,-0.069985,-0.070113,-0.027811,0.997151,0,0.75408,-0.21312,45.245,-0.426,850.000,375.000,-1,375.000,-1,300.000,300.000,300.000,300.000,675.000,850.000,850.000,-1,650.000,650.000,950.000,-1,0,0,2,0,2,0,0,0,0,1,0,0,2,0,0,0,2
52,7274.816,-8767.147,-186.274,-133.936,-0.693626,0.719830,-0.026978,-0.717093,-0.693569,-0.068851,-0.068272,-0.028411,0.997262,0,0.75938,-0.22816,45.563,-0.456,850.000,375.000,-1,375.000,-1,300.000,300.000,300.000,300.000,700.000,775.000,750.000,-1,650.000,650.000,925.000,-1,0,0,2,0,2,0,0,0,0,1,0,0,2,0,0,0,2
53,7242.676,-8799.942,-189.297,-134.423,-0.699827,0.713878,-0.024899,-0.711270,-0.699637,-0.067844,-0.065853,-0.029769,0.997385,0,0.76532,-0.24360,45.919,-0.487,825.000,375.000,-1,375.000,-1,300.000,300.000,300.000,300.000,725.000,675.000,675.000,-1,650.000,650.000,900.000,-1,0,0,2,0,2,0,0,0,0,1,0,0,2,0,0,0,2
54,7209.962,-8832.724,-192.170,-134.942,-0.706405,0.707468,-0.021951,-0.705009,-0.706028,-0.066986,-0.062888,-0.031844,0.997512,0,0.77188,-0.25944,46.313,-0.519,825.000,375.000,-1,375.000,-1,325.000,300.000,300.000,300.000,750.000,575.000,600.000,-1,625.000,675.000,900.000,-1,0,0,2,0,2,0,0,0,0,1,0,0,2,0,0,0,2
55,7176.626,-8865.493,-195.066,-135.493,-0.713311,0.700591,-0.018947,-0.698284,-0.712753,-0.066205,-0.059888,-0.033995,0.997626,0,0.77908,-0.27568,46.745,-0.551,800.000,375.000,-1,375.000,-1,325.000,300.000,300.000,300.000,775.000,525.000,525.000,-1,625.000,675.000,875.000,-1,0,0,2,0,2,0,0,0,0,1,0,0,2,0,0,0,2
56,7142.619,-8898.245,-197.865,-136.078,-0.720519,0.693239,-0.016502,-0.691069,-0.719821,-0.065429,-0.057237,-0.035739,0.997721,0,0.78690,-0.29234,47.214,-0.585,800.000,375.000,-1,375.000,-1,325.000,300.000,300.000,300.000,825.000,475.000,500.000,-1,625.000,700.000,850.000,-1,0,0,2,0,2,0,0,0,0,1,0,0,2,0,0,0,2
57,7107.891,-8930.975,-200.447,-136.697,-0.728004,0.685403,-0.015237,-0.683336,-0.727244,-0.064556,-0.055328,-0.036585,0.997798,0,0.79535,-0.30942,47.721,-0.619,775.000,375.000,-1,375.000,-1,325.000,300.000,300.000,300.000,850.000,475.000,500.000,-1,600.000,700.000,825.000,-1,0,0,2,0,2,0,0,0,0,1,0,0,2,0,0,0,2
58,7069.237,-8966.327,-203.181,-137.555,-0.738223,0.674406,-0.014275,-0.672437,-0.737414,-0.063630,-0.053439,-0.037374,0.997871,0,0.87304,-0.42942,52.383,-0.859,750.000,375.000,-1,375.000,-1,325.000,300.000,300.000,300.000,875.000,500.000,525.000,-1,600.000,675.000,800.000,-1,0,0,2,0,2,0,0,0,0,1,0,0,2,0,0,0,2
59,7033.780,-8998.058,-205.656,-138.174,-0.745486,0.666387,-0.013346,-0.664505,-0.744639,-0.062825,-0.051804,-0.037967,0.997935,0,0.79304,-0.30942,47.583,-0.619,725.000,375.000,-1,375.000,-1,325.000,300.000,300.000,300.000,925.000,525.000,525.000,-1,600.000,675.000,775.000,-1,0,0,2,0,2,0,0,0,0,1,0,0,2,0,0,0,2
60,7001.034,-9026.975,-207.925,-138.553,-0.749895,0.661439,-0.012450,-0.659634,-0.749017,-0.062097,-0.050399,-0.038354,0.997992,0,0.72810,-0.18942,43.686,-0.379,700.000,375.000,-1,375.000,-1,300.000,300.000,300.000,300.000,950.000,525.000,550.000,-1,575.000,675.000,750.000,-1,0,0,2,0,2,0,0,0,0,1,0,0,2,0,0,0,2
61,6967.946,-9056.052,-210.217,-138.692,-0.751513,0.659618,-0.011512,-0.657888,-0.750613,-0.061350,-0.049109,-0.038532,0.998050,0,0.73415,-0.06942,44.049,-0.139,675.000,350.000,-1,375.000,-1,300.000,300.000,300.000,300.000,975.000,550.000,550.000,-1,575.000,675.000,725.000,-1,0,0,2,0,2,0,0,0,0,1,0,0,2,0,0,0,2
62,6934.649,-9085.416,-212.422,-138.591,-0.750351,0.660955,-0.010579,-0.659326,-0.749461,-0.059975,-0.047569,-0.038027,0.998144,0,0.73992,0.05058,44.395,0.101,675.000,350.000,-1,375.000,-1,300.000,300.000,300.000,300.000,-1,550.000,550.000,-1,575.000,675.000,725.000,-1,0,0,2,0,2,0,0,0,0,2,0,0,2,0,0,0,2
63,6901.285,-9115.192,-214.160,-138.250,-0.746357,0.665474,-0.009792,-0.664055,-0.745589,-0.055926,-0.044518,-0.035238,0.998387,0,0.74533,0.17058,44.720,0.341,675.000,350.000,-1,375.000,-1,300.000,325.000,300.000,300.000,-1,525.000,500.000,-1,575.000,675.000,725.000,-1,0,0,2,0,2,0,0,0,0,2,0,0,2,0,0,0,2
64,6868.004,-9145.507,-215.776,-137.668,-0.739508,0.673085,-0.009144,-0.671894,-0.738892,-0.050964,-0.041059,-0.031545,0.998659,0,0.75031,0.29058,45.019,0.581,700.000,350.000,-1,400.000,-1,300.000,325.000,300.000,300.000,-1,500.000,450.000,-1,575.000,675.000,775.000,-1,0,0,2,0,2,0,0,0,0,2,0,0,2,0,0,0,2
65,6834.969,-9176.474,-217.429,-136.847,-0.729725,0.683686,-0.008668,-0.682702,-0.729255,-0.045884,-0.037691,-0.027565,0.998909,0,0.75466,0.41058,45.280,0.821,700.000,350.000,-1,400.000,-1,300.000,325.000,300.000,300.000,-1,475.000,400.000,-1,575.000,650.000,775.000,-1,0,0,2,0,2,0,0,0,0,2,0,0,2,0,0,0,2
66,6802.601,-9207.869,-218.900,-135.872,-0.717940,0.696055,-0.008329,-0.695225,-0.717582,-0.041700,-0.035002,-0.024148,0.999095,0,0.75156,0.48740,45.093,0.975,700.000,350.000,-1,400.000,-1,300.000,325.000,300.000,300.000,-1,450.000,375.000,-1,575.000,650.000,775.000,-1,0,0,2,0,2,0,0,0,0,2,0,0,2,0,0,0,2
67,6770.918,-9239.662,-220.288,-134.899,-0.705975,0.708190,-0.008126,-0.707486,-0.705709,-0.037943,-0.032605,-0.021038,0.999247,0,0.74808,0.48648,44.885,0.973,700.000,350.000,-1,375.000,-1,300.000,325.000,300.000,275.000,-1,450.000,375.000,-1,575.000,650.000,750.000,-1,0,0,2,0,2,0,0,0,0,2,0,0,2,0,0,0,2
68,6739.927,-9271.834,-221.584,-133.928,-0.693828,0.720096,-0.008031,-0.719494,-0.693634,-0.034654,-0.030525,-0.018266,0.999367,0,0.74450,0.48589,44.670,0.972,700.000,350.000,-1,375.000,-1,300.000,300.000,300.000,275.000,-1,450.000,375.000,-1,575.000,625.000,750.000,-1,0,0,2,0,2,0,0,0,0,2,0,0,2,0,0,0,2
69,6709.635,-9304.366,-222.797,-132.956,-0.681493,0.731781,-0.008025,-0.731261,-0.681357,-0.031798,-0.028737,-0.015802,0.999462,0,0.74087,0.48563,44.452,0.971,675.000,350.000,-1,375.000,-1,300.000,300.000,300.000,275.000,-1,450.000,375.000,-1,575.000,625.000,725.000,1000.000,0,0,2,0,2,0,0,0,0,2,0,0,2,0,0,0,0
70,6680.046,-9337.245,-224.033,-131.985,-0.668959,0.743254,-0.008169,-0.742811,-0.668878,-0.028876,-0.026926,-0.013248,0.999550,0,0.73722,0.48569,44.233,0.971,675.000,350.000,-1,375.000,-1,300.000,300.000,300.000,275.000,-1,450.000,400.000,-1,575.000,600.000,700.000,950.000,0,0,2,0,2,0,0,0,0,2,0,0,2,0,0,0,0
71,6651.160,-9370.458,-225.293,-131.013,-0.656223,0.754520,-0.008466,-0.754150,-0.656192,-0.025892,-0.025091,-0.010606,0.999629,0,0.73362,0.48607,44.017,0.972,650.000,350.000,-1,350.000,1000.000,300.000,300.000,300.000,275.000,-1,475.000,400.000,-1,575.000,600.000,700.000,900.000,0,0,2,0,0,0,0,0,0,2,0,0,2,0,0,0,0
72,6622.979,-9403.996,-226.536,-130.039,-0.643284,0.765578,-0.008725,-0.765279,-0.643293,-0.022859,-0.023113,-0.008028,0.999701,0,0.73010,0.48677,43.806,0.974,650.000,350.000,-1,350.000,950.000,300.000,300.000,300.000,275.000,-1,450.000,400.000,-1,575.000,575.000,675.000,875.000,0,0,2,0,0,0,0,0,0,2,0,0,2,0,0,0,0
73,6595.500,-9437.852,-227.057,-129.064,-0.630192,0.776419,-0.005585,-0.776209,-0.630164,-0.019799,-0.018892,-0.008142,0.999788,0,0.72673,0.48778,43.604,0.976,650.000,350.000,-1,350.000,950.000,300.000,300.000,300.000,275.000,-1,425.000,400.000,-1,575.000,575.000,675.000,875.000,0,0,2,0,0,0,0,0,0,2,0,0,2,0,0,0,0
74,6568.723,-9472.020,-227.218,-128.086,-0.616884,0.787054,-0.000773,-0.786938,-0.616810,-0.016554,-0.013505,-0.009604,0.999863,0,0.72352,0.48909,43.411,0.978,650.000,350.000,-1,350.000,975.000,300.000,300.000,300.000,300.000,-1,375.000,350.000,-1,575.000,600.000,675.000,900.000,0,0,2,0,0,0,0,0,0,2,0,0,2,0,0,0,0
75,6542.643,-9506.499,-227.383,-127.104,-0.603318,0.797491,0.003957,-0.797460,-0.603230,-0.013081,-0.008045,-0.011047,0.999907,0,0.72053,0.49069,43.232,0.981,650.000,350.000,-1,350.000,1000.000,300.000,300.000,300.000,300.000,-1,325.000,325.000,-1,575.000,600.000,675.000,950.000,0,0,2,0,0,0,0,0,0,2,0,0,2,0,0,0,0
76,6517.256,-9541.288,-227.553,-126.119,-0.589489,0.807731,0.008593,-0.807773,-0.589419,-0.009382,-0.002513,-0.012472,0.999919,0,0.71779,0.49258,43.067,0.985,650.000,350.000,-1,350.000,-1,300.000,300.000,300.000,300.000,-1,300.000,250.000,-1,575.000,600.000,675.000,950.000,0,0,2,0,2,0,0,0,0,2,0,0,2,0,0,0,1
77,6492.559,-9576.390,-227.729,-125.130,-0.575390,0.817774,0.013126,-0.817873,-0.575372,-0.005458,0.003089,-0.013876,0.999899,0,0.71532,0.49474,42.919,0.989,650.000,350.000,-1,375.000,-1,300.000,300.000,275.000,300.000,-1,275.000,225.000,-1,575.000,625.000,700.000,925.000,0,0,2,0,2,0,0,0,0,2,0,0,2,0,0,0,1
78,6468.548,-9611.807,-227.810,-124.135,-0.561025,0.827624,0.017020,-0.827756,-0.561087,-0.001353,0.008430,-0.014847,0.999854,0,0.71315,0.49717,42.789,0.994,650.000,350.000,-1,375.000,-1,300.000,300.000,275.000,300.000,-1,250.000,200.000,-1,575.000,625.000,700.000,900.000,0,0,2,0,2,0,0,0,0,2,0,0,2,0,0,0,1
79,6445.219,-9647.545,-227.525,-123.136,-0.546427,0.837294,0.018866,-0.837412,-0.546566,0.002771,0.012631,-0.014285,0.999818,0,0.71131,0.49986,42.678,1.000,650.000,350.000,-1,375.000,-1,300.000,300.000,275.000,325.000,-1,225.000,175.000,-1,575.000,625.000,700.000,850.000,0,0,2,0,2,0,0,0,0,2,0,0,2,0,0,0,1
80,6422.569,-9683.611,-227.000,-122.130,-0.531599,0.846776,0.019314,-0.846843,-0.531798,0.006883,0.016099,-0.012697,0.999790,0,0.70980,0.50280,42.588,1.006,675.000,350.000,-1,375.000,950.000,300.000,300.000,275.000,325.000,-1,225.000,200.000,-1,575.000,600.000,725.000,825.000,0,0,2,0,1,0,0,0,0,2,0,0,2,0,0,0,1
81,6400.595,-9720.011,-226.478,-121.118,-0.516517,0.856053,0.019605,-0.856052,-0.516770,0.011078,0.019614,-0.011061,0.999746,0,0.70864,0.50598,42.519,1.012,675.000,350.000,-1,375.000,875.000,300.000,300.000,300.000,325.000,-1,250.000,200.000,-1,550.000,600.000,725.000,800.000,0,0,2,0,1,0,0,0,0,2,0,0,2,0,0,0,1
82,6379.295,-9756.755,-225.862,-120.099,-0.501178,0.865124,0.019546,-0.865025,-0.501478,0.015825,0.023492,-0.008977,0.999684,0,0.70785,0.50939,42.471,1.019,700.000,350.000,-1,350.000,825.000,300.000,300.000,300.000,325.000,-1,250.000,200.000,-1,550.000,575.000,750.000,750.000,0,0,2,0,1,0,0,0,0,2,0,0,2,0,0,1,1
83,6358.670,-9793.853,-224.804,-119.073,-0.485597,0.873989,0.018407,-0.873706,-0.485920,0.022808,0.028878,-0.005007,0.999570,0,0.70742,0.51303,42.445,1.026,-1,350.000,-1,350.000,775.000,300.000,300.000,300.000,325.000,-1,250.000,200.000,-1,575.000,575.000,800.000,725.000,2,0,2,0,1,0,0,0,0,2,0,0,2,0,0,1,1
84,6336.883,-9835.158,-223.649,-117.809,-0.466229,0.884505,0.016796,-0.883976,-0.466531,0.030584,0.034887,-0.000588,0.999391,0,0.77830,0.63190,46.698,1.264,-1,350.000,-1,350.000,700.000,300.000,300.000,300.000,300.000,-1,250.000,200.000,-1,575.000,575.000,850.000,700.000,2,0,2,0,1,0,0,0,0,2,0,0,2,0,0,1,1
85,6315.475,-9877.729,-222.458,-116.698,-0.449064,0.893377,0.014798,-0.892556,-0.449289,0.038516,0.041058,0.004088,0.999148,0,0.79417,0.55551,47.650,1.111,-1,350.000,-1,350.000,650.000,300.000,300.000,325.000,300.000,-1,250.000,200.000,-1,600.000,550.000,900.000,675.000,2,0,2,0,1,0,0,0,0,2,0,0,2,0,0,1,1
86,6294.789,-9920.910,-220.740,-115.597,-0.431874,0.901833,0.013504,-0.900771,-0.432029,0.044305,0.045790,0.006970,0.998927,0,0.79799,0.55064,47.880,1.101,-1,350.000,-1,350.000,625.000,300.000,300.000,325.000,275.000,-1,250.000,200.000,750.000,600.000,550.000,950.000,650.000,2,0,2,0,1,0,0,0,0,2,0,0,0,0,0,1,1
87,6274.843,-9964.666,-218.230,-114.506,-0.414620,0.909893,0.013602,-0.908712,-0.414783,0.046884,0.048301,0.007079,0.998808,0,0.80147,0.54537,48.088,1.091,-1,350.000,-1,325.000,575.000,300.000,275.000,325.000,275.000,-1,300.000,250.000,775.000,600.000,550.000,950.000,625.000,2,0,2,0,1,0,0,0,0,2,0,0,0,0,0,1,1
88,6255.649,-10008.961,-214.883,-113.427,-0.397221,0.917560,0.017301,-0.916181,-0.397575,0.050467,0.053185,0.004196,0.998576,0,0.80456,0.53970,48.274,1.079,-1,350.000,-1,325.000,550.000,300.000,275.000,300.000,300.000,-1,300.000,275.000,800.000,600.000,550.000,1000.000,625.000,2,0,2,0,1,0,0,0,0,2,0,0,0,0,0,1,1
89,6237.224,-10053.753,-211.339,-112.360,-0.379804,0.924814,0.021626,-0.923212,-0.380419,0.054409,0.058546,0.000699,0.998284,0,0.80722,0.53362,48.433,1.067,-1,350.000,-1,350.000,550.000,300.000,275.000,300.000,300.000,-1,325.000,300.000,825.000,600.000,550.000,-1,625.000,2,0,2,0,1,0,0,0,0,2,0,0,0,0,0,2,1
90,6221.208,-10094.342,-208.133,-111.532,-0.366152,0.930208,0.025426,-0.928395,-0.367026,0.058088,0.063366,-0.002336,0.997988,0,0.72722,0.41362,43.633,0.827,-1,375.000,-1,350.000,525.000,300.000,300.000,300.000,300.000,-1,325.000,325.000,850.000,600.000,550.000,-1,625.000,2,0,2,0,1,0,0,0,0,2,0,0,0,0,0,2,1
91,6207.326,-10130.610,-205.274,-110.945,-0.356346,0.933912,0.028747,-0.931902,-0.357470,0.061437,0.067653,-0.004897,0.997697,0,0.64722,0.29362,38.833,0.587,-1,375.000,-1,350.000,525.000,300.000,300.000,300.000,300.000,-1,300.000,350.000,875.000,600.000,575.000,-1,625.000,2,0,2,0,1,0,0,0,0,2,0,0,0,0,0,2,1
92,6195.439,-10162.501,-202.753,-110.442,-0.347886,0.937003,0.031629,-0.934813,-0.349247,0.064426,0.071414,-0.007154,0.997421,0,0.56722,0.25166,34.033,0.503,-1,375.000,-1,350.000,525.000,300.000,300.000,300.000,325.000,-1,275.000,325.000,900.000,600.000,575.000,-1,600.000,2,0,2,0,1,0,0,0,0,2,0,0,0,0,0,2,1
93,6185.465,-10189.981,-200.572,-109.948,-0.339575,0.939962,0.034077,-0.937612,-0.341157,0.067045,0.074645,-0.009184,0.997168,0,0.48722,0.24680,29.233,0.494,-1,375.000,-1,350.000,500.000,300.000,300.000,300.000,325.000,-1,275.000,325.000,925.000,625.000,575.000,-1,600.000,2,0,2,0,1,0,0,0,0,2,0,0,0,0,0,2,1
94,6177.323,-10213.019,-198.734,-109.463,-0.331407,0.942797,0.036092,-0.940312,-0.333186,0.069281,0.077343,-0.010978,0.996944,0,0.40722,0.24237,24.433,0.485,-1,375.000,-1,350.000,500.000,300.000,300.000,300.000,325.000,-1,250.000,300.000,925.000,625.000,575.000,-1,600.000,2,0,2,0,1,0,0,0,0,2,0,0,0,0,0,2,1
95,6170.935,-10231.584,-197.246,-108.987,-0.323375,0.945520,0.037678,-0.942925,-0.325322,0.071121,0.079504,-0.012529,0.996756,0,0.32722,0.23843,19.633,0.477,-1,375.000,-1,350.000,500.000,300.000,300.000,300.000,325.000,-1,250.000,300.000,950.000,625.000,575.000,-1,600.000,2,0,2,0,1,0,0,0,0,2,0,0,0,0,0,2,1
96,6166.225,-10245.650,-196.111,-108.517,-0.315467,0.948141,0.038842,-0.945462,-0.317548,0.072555,0.081126,-0.013835,0.996608,0,0.24722,0.23503,14.833,0.470,-1,375.000,-1,350.000,500.000,300.000,300.000,300.000,325.000,-1,250.000,300.000,950.000,625.000,575.000,-1,625.000,2,0,2,0,1,0,0,0,0,2,0,0,0,0,0,2,1
97,6163.115,-10255.190,-195.330,-108.052,-0.307669,0.950669,0.039590,-0.947935,-0.309848,0.073569,0.082207,-0.014894,0.996504,0,0.16722,0.23220,10.033,0.464,-1,375.000,-1,350.000,500.000,300.000,300.000,300.000,325.000,-1,250.000,300.000,975.000,625.000,575.000,-1,625.000,2,0,2,0,1,0,0,0,0,2,0,0,0,0,0,2,1
98,6161.513,-10260.172,-194.925,-107.828,-0.303890,0.951868,0.039977,-0.949105,-0.306120,0.074099,0.082770,-0.015425,0.996449,0,0.08722,0.11220,5.233,0.224,-1,375.000,-1,350.000,500.000,300.000,300.000,300.000,325.000,-1,250.000,300.000,975.000,625.000,575.000,-1,625.000,2,0,2,0,1,0,0,0,0,2,0,0,0,0,0,2,1
99,6161.380,-10260.585,-194.894,-107.843,-0.304146,0.951785,0.040015,-0.949018,-0.306379,0.074135,0.082820,-0.015427,0.996445,0,0.00722,-0.00780,0.433,-0.016,-1,375.000,-1,350.000,500.000,300.000,300.000,300.000,325.000,-1,250.000,300.000,975.000,625.000,575.000,-1,625.000,2,0,2,0,1,0,0,0,0,2,0,0,0,0,0,2,1
100,6162.732,-10256.433,-195.232,-108.030,-0.307283,0.950790,0.039691,-0.948048,-0.309473,0.073694,0.082350,-0.014984,0.996491,0,-0.07278,-0.09311,-4.367,-0.186,-1,375.000,-1,350.000,500.000,300.000,300.000,300.000,325.000,-1,250.000,300.000,975.000,625.000,575.000,-1,625.000,2,0,2,0,1,0,0,0,0,2,0,0,0,0,0,2,1
101,6165.537,-10247.906,-195.911,-108.214,-0.310422,0.949799,0.038987,-0.947110,-0.312533,0.072837,0.081366,-0.014315,0.996582,0,-0.14960,-0.09216,-8.976,-0.184,-1,375.000,-1,350.000,500.000,300.000,300.000,300.000,325.000,-1,250.000,300.000,950.000,625.000,575.000,-1,625.000,2,0,2,0,1,0,0,0,0,2,0,0,0,0,0,2,1
102,6168.368,-10239.395,-196.589,-108.395,-0.313506,0.948814,0.038279,-0.946178,-0.315539,0.071987,0.080381,-0.013650,0.996671,0,-0.14950,-0.09062,-8.970,-0.181,-1,375.000,-1,350.000,500.000,300.000,300.000,300.000,325.000,-1,250.000,300.000,950.000,625.000,575.000,-1,625.000,2,0,2,0,1,0,0,0,0,2,0,0,0,0,0,2,1
103,6171.224,-10230.896,-197.266,-108.573,-0.316534,0.947837,0.037566,-0.945253,-0.318491,0.071142,0.079396,-0.012990,0.996759,0,-0.14943,-0.08909,-8.966,-0.178,-1,375.000,-1,350.000,500.000,300.000,300.000,300.000,325.000,-1,250.000,300.000,950.000,625.000,575.000,-1,625.000,2,0,2,0,1,0,0,0,0,2,0,0,0,0,0,2,1
104,6174.105,-10222.408,-197.941,-108.748,-0.319508,0.946867,0.036848,-0.944334,-0.321390,0.070303,0.078410,-0.012334,0.996845,0,-0.14938,-0.08758,-8.963,-0.175,-1,375.000,-1,350.000,500.000,300.000,300.000,300.000,325.000,-1,250.000,300.000,950.000,625.000,575.000,-1,625.000,2,0,2,0,1,0,0,0,0,2,0,0,0,0,0,2,1
105,6177.011,-10213.930,-198.615,-108.921,-0.322429,0.945904,0.036126,-0.943422,-0.324236,0.069468,0.077424,-0.011683,0.996930,0,-0.14937,-0.08609,-8.962,-0.172,-1,375.000,-1,350.000,500.000,300.000,300.000,300.000,325.000,-1,250.000,300.000,950.000,625.000,575.000,-1,625.000,2,0,2,0,1,0,0,0,0,2,0,0,0,0,0,2,1
106,6179.942,-10205.460,-199.289,-109.090,-0.325297,0.944949,0.035400,-0.942517,-0.327031,0.068639,0.076437,-0.011037,0.997013,0,-0.14937,-0.08462,-8.962,-0.169,-1,375.000,-1,350.000,500.000,300.000,300.000,300.000,325.000,-1,275.000,325.000,925.000,625.000,575.000,-1,625.000,2,0,2,0,1,0,0,0,0,2,0,0,0,0,0,2,1
107,6182.899,-10196.997,-199.961,-109.256,-0.328113,0.944002,0.034669,-0.941621,-0.329776,0.067814,0.075450,-0.010394,0.997095,0,-0.14941,-0.08317,-8.964,-0.166,-1,375.000,-1,350.000,500.000,300.000,300.000,300.000,325.000,-1,275.000,325.000,925.000,625.000,575.000,-1,625.000,2,0,2,0,1,0,0,0,0,2,0,0,0,0,0,2,1
108,6185.881,-10188.539,-200.633,-109.420,-0.330878,0.943063,0.033935,-0.940731,-0.332470,0.066994,0.074461,-0.009757,0.997176,0,-0.14947,-0.08174,-8.968,-0.163,-1,375.000,-1,350.000,500.000,300.000,300.000,300.000,325.000,-1,275.000,325.000,925.000,625.000,575.000,-1,625.000,2,0,2,0,1,0,0,0,0,2,0,0,0,0,0,2,1
109,6188.888,-10180.085,-201.303,-109.580,-0.333592,0.942133,0.033196,-0.939850,-0.335115,0.066177,0.073472,-0.009123,0.997256,0,-0.14955,-0.08033,-8.973,-0.161,-1,375.000,-1,350.000,525.000,300.000,300.000,300.000,325.000,-1,275.000,325.000,925.000,625.000,575.000,-1,625.000,2,0,2,0,1,0,0,0,0,2,0,0,0,0,0,2,1
110,6191.920,-10171.633,-201.974,-109.738,-0.336256,0.941211,0.032454,-0.938977,-0.337712,0.065365,0.072483,-0.008494,0.997334,0,-0.14966,-0.07893,-8.979,-0.158,-1,375.000,-1,350.000,525.000,300.000,300.000,300.000,325.000,-1,275.000,325.000,900.000,625.000,575.000,-1,625.000,2,0,2,0,1,0,0,0,0,2,0,0,0,0,0,2,1
111,6194.979,-10163.182,-202.643,-109.893,-0.338871,0.940298,0.031708,-0.938113,-0.340260,0.064557,0.071492,-0.007869,0.997410,0,-0.14979,-0.07755,-8.987,-0.155,-1,375.000,-1,350.000,525.000,300.000,300.000,300.000,325.000,-1,275.000,325.000,900.000,625.000,575.000,-1,625.000,2,0,2,0,1,0,0,0,0,2,0,0,0,0,0,2,1
112,6198.062,-10154.730,-203.312,-110.046,-0.341437,0.939395,0.030958,-0.937257,-0.342761,0.063752,0.070500,-0.007248,0.997485,0,-0.14994,-0.07619,-8.996,-0.152,-1,375.000,-1,350.000,525.000,300.000,300.000,300.000,325.000,-1,300.000,325.000,900.000,625.000,575.000,-1,625.000,2,0,2,0,1,0,0,0,0,2,0,0,0,0,0,2,1
113,6201.172,-10146.277,-203.981,-110.195,-0.343956,0.938500,0.030204,-0.936410,-0.345216,0.062951,0.069507,-0.006631,0.997559,0,-0.15012,-0.07485,-9.007,-0.150,-1,375.000,-1,350.000,525.000,300.000,300.000,300.000,300.000,-1,300.000,350.000,900.000,600.000,575.000,-1,625.000,2,0,2,0,1,0,0,0,0,2,0,0,0,0,0,2,1
114,6204.307,-10137.820,-204.649,-110.342,-0.346428,0.937614,0.029447,-0.935571,-0.347625,0.062153,0.068512,-0.006018,0.997632,0,-0.15032,-0.07352,-9.019,-0.147,-1,375.000,-1,350.000,525.000,300.000,300.000,300.000,300.000,-1,300.000,350.000,900.000,600.000,575.000,-1,625.000,2,0,2,0,1,0,0,0,0,2,0,0,0,0,0,2,1
115,6207.469,-10129.359,-205.317,-110.487,-0.348852,0.936738,0.028687,-0.934742,-0.349988,0.061358,0.067517,-0.005410,0.997703,0,-0.15054,-0.07221,-9.032,-0.144,-1,375.000,-1,350.000,525.000,300.000,300.000,300.000,300.000,-1,300.000,350.000,875.000,600.000,575.000,-1,625.000,2,0,2,0,1,0,0,0,0,2,0,0,0,0,0,2,1
116,6210.656,-10120.892,-205.985,-110.629,-0.351232,0.935872,0.027923,-0.933923,-0.352307,0.060566,0.066520,-0.004805,0.997774,0,-0.15078,-0.07091,-9.047,-0.142,-1,375.000,-1,350.000,525.000,300.000,300.000,300.000,300.000,-1,300.000,325.000,875.000,600.000,575.000,-1,625.000,2,0,2,0,1,0,0,0,0,2,0,0,0,0,0,2,1
117,6213.870,-10112.418,-206.653,-110.768,-0.353565,0.935016,0.027156,-0.933112,-0.354582,0.059777,0.065521,-0.004204,0.997842,0,-0.15105,-0.06963,-9.063,-0.139,-1,375.000,-1,350.000,525.000,300.000,300.000,300.000,300.000,-1,325.000,325.000,875.000,600.000,575.000,-1,625.000,2,0,2,0,1,0,0,0,0,2,0,0,0,0,0,2,1
118,6215.408,-10108.442,-206.998,-111.147,-0.359787,0.932650,0.026765,-0.930764,-0.360764,0.059389,0.065045,-0.003545,0.997876,0,-0.07105,-0.18963,-4.263,-0.379,-1,375.000,-1,350.000,525.000,300.000,300.000,300.000,300.000,-1,325.000,325.000,875.000,600.000,575.000,-1,625.000,2,0,2,0,1,0,0,0,0,2,0,0,0,0,0,2,1
119,6215.209,-10108.941,-207.021,-111.767,-0.369868,0.928699,0.026754,-0.926802,-0.370824,0.059396,0.065082,-0.002827,0.997876,0,0.00895,-0.30963,0.537,-0.619,-1,375.000,-1,350.000,525.000,300.000,300.000,300.000,300.000,-1,325.000,325.000,875.000,600.000,575.000,-1,600.000,2,0,2,0,1,0,0,0,0,2,0,0,0,0,0,2,1
120,6213.155,-10113.868,-206.725,-112.626,-0.383757,0.923035,0.027140,-0.921099,-0.384710,0.059782,0.065622,-0.002057,0.997842,0,0.08895,-0.42963,5.337,-0.859,-1,350.000,-1,350.000,525.000,300.000,300.000,300.000,300.000,-1,300.000,325.000,875.000,600.000,575.000,1000.000,600.000,2,0,2,0,1,0,0,0,0,2,0,0,0,0,0,1,1
121,6209.077,-10123.148,-206.113,-113.725,-0.401378,0.915486,0.027952,-0.913484,-0.402348,0.060516,0.066648,-0.001244,0.997776,0,0.16895,-0.54963,10.137,-1.099,-1,350.000,-1,350.000,525.000,300.000,300.000,300.000,300.000,-1,300.000,350.000,875.000,600.000,575.000,975.000,575.000,2,0,2,0,1,0,0,0,0,2,0,0,0,0,0,0,1
122,6202.749,-10136.679,-205.187,-115.064,-0.422626,0.905833,0.029232,-0.903739,-0.423636,0.061554,0.068142,-0.000404,0.997676,0,0.24895,-0.66963,14.937,-1.339,-1,350.000,-1,350.000,500.000,300.000,300.000,300.000,300.000,-1,300.000,325.000,875.000,600.000,575.000,950.000,575.000,2,0,2,0,1,0,0,0,0,2,0,0,0,0,0,0,1
123,6193.897,-10154.321,-203.952,-116.644,-0.447365,0.893813,0.031029,-0.891602,-0.448439,0.062835,0.070077,0.000445,0.997541,0,0.32895,-0.78963,19.737,-1.579,-1,350.000,-1,350.000,500.000,300.000,275.000,300.000,300.000,-1,275.000,300.000,875.000,600.000,575.000,925.000,550.000,2,0,2,0,1,0,0,0,0,2,0,0,0,0,1,0,1
124,6182.203,-10175.893,-202.411,-118.463,-0.475419,0.879125,0.033395,-0.876773,-0.476589,0.064277,0.072423,0.001278,0.997373,0,0.40895,-0.90963,24.537,-1.819,-1,350.000,-1,350.000,475.000,300.000,275.000,300.000,300.000,-1,250.000,300.000,875.000,575.000,550.000,900.000,525.000,2,0,2,0,1,0,0,0,0,2,0,0,0,0,1,0,1
125,6167.329,-10201.180,-200.563,-120.463,-0.505675,0.861956,0.036386,-0.859444,-0.506979,0.065790,0.075155,0.001996,0.997170,0,0.48895,-1.00000,29.337,-2.000,-1,350.000,-1,350.000,475.000,300.000,275.000,275.000,325.000,-1,250.000,275.000,875.000,575.000,525.000,875.000,500.000,2,0,2,0,1,0,0,0,0,2,0,0,0,0,1,0,1
126,6149.006,-10229.984,-197.977,-122.463,-0.535319,0.843733,0.039354,-0.840890,-0.536749,0.069316,0.079608,0.004014,0.996818,0,0.56895,-1.00000,34.137,-2.000,-1,350.000,-1,350.000,450.000,300.000,300.000,275.000,325.000,-1,225.000,250.000,875.000,575.000,500.000,875.000,475.000,2,0,2,0,1,0,0,0,0,2,0,0,0,0,1,0,1
127,6127.107,-10262.181,-194.918,-124.223,-0.560788,0.826843,0.042992,-0.823600,-0.562404,0.073375,0.084849,0.005740,0.996377,0,0.64895,-0.88000,38.937,-1.760,-1,350.000,-1,350.000,425.000,300.000,300.000,275.000,325.000,-1,225.000,225.000,875.000,575.000,475.000,875.000,450.000,2,0,2,0,1,0,0,0,0,2,0,0,0,0,1,0,1
128,6101.558,-10297.681,-190.980,-125.743,-0.582445,0.811616,0.045144,-0.807946,-0.584126,0.077583,0.089338,0.008714,0.995963,0,0.72895,-0.76000,43.737,-1.520,-1,350.000,-1,350.000,400.000,300.000,300.000,275.000,325.000,-1,225.000,225.000,875.000,575.000,450.000,-1,425.000,2,0,2,0,1,0,0,0,0,2,0,0,0,0,1,2,1
