timestep,x_cm,y_cm,z_cm,yaw_deg,basis_xx,basis_xy,basis_xz,basis_yx,basis_yy,basis_yz,basis_zx,basis_zy,basis_zz,teleport_flag,throttle_cmd,steering_cmd,cmd_move_cm,cmd_turn_deg,lidar_cm_0,lidar_cm_1,lidar_cm_2,lidar_cm_3,lidar_cm_4,lidar_cm_5,lidar_cm_6,lidar_cm_7,lidar_cm_8,lidar_cm_9,lidar_cm_10,lidar_cm_11,lidar_cm_12,lidar_cm_13,lidar_cm_14,lidar_cm_15,lidar_cm_16,lidar_class_0,lidar_class_1,lidar_class_2,lidar_class_3,lidar_class_4,lidar_class_5,lidar_class_6,lidar_class_7,lidar_class_8,lidar_class_9,lidar_class_10,lidar_class_11,lidar_class_12,lidar_class_13,lidar_class_14,lidar_class_15,lidar_class_16
0,-1639.834,-2295.772,-108.585,-158.063,-0.925529,0.373489,-0.062467,-0.370900,-0.927362,-0.049316,-0.076348,-0.022474,0.996828,1,0.00000,0.00000,4.800,0.240,-1,400.000,-1,350.000,800.000,325.000,300.000,275.000,275.000,-1,-1,-1,-1,800.000,625.000,-1,-1,2,0,2,0,0,0,0,1,0,2,2,2,2,0,0,2,2
1,-1644.294,-2297.547,-108.832,-158.303,-0.927084,0.369599,-0.062540,-0.367006,-0.928914,-0.049252,-0.076298,-0.022708,0.996826,0,0.08000,-0.12000,4.800,-0.240,-1,400.000,-1,350.000,800.000,325.000,300.000,275.000,275.000,-1,-1,-1,-1,800.000,625.000,-1,-1,2,0,2,0,0,0,0,1,0,2,2,2,2,0,0,2,2
2,-1653.244,-2301.021,-109.334,-158.783,-0.930150,0.361800,-0.062632,-0.359197,-0.931967,-0.049150,-0.076154,-0.023219,0.996826,0,0.16000,-0.24000,9.600,-0.480,-1,400.000,-1,350.000,800.000,325.000,300.000,275.000,275.000,-1,-1,-1,-1,800.000,625.000,-1,1000.000,2,0,2,0,0,0,0,1,0,2,2,2,2,0,0,2,1
3,-1666.732,-2306.064,-110.109,-159.503,-0.934633,0.350053,-0.062641,-0.347434,-0.936420,-0.049061,-0.075832,-0.024091,0.996830,0,0.24000,-0.36000,14.400,-0.720,-1,400.000,-1,350.000,775.000,325.000,300.000,275.000,275.000,-1,-1,-1,-1,775.000,625.000,-1,975.000,2,0,2,0,0,0,0,1,0,2,2,2,2,0,0,2,1
4,-1684.826,-2312.485,-111.183,-160.463,-0.940396,0.334303,-0.062421,-0.331660,-0.942122,-0.049069,-0.075212,-0.025442,0.996843,0,0.32000,-0.48000,19.200,-0.960,-1,400.000,-1,350.000,775.000,325.000,300.000,300.000,275.000,-1,-1,-1,-1,775.000,600.000,-1,975.000,2,0,2,0,0,0,0,1,0,2,2,2,2,0,0,2,1
5,-1707.595,-2320.073,-112.602,-161.572,-0.946747,0.315998,-0.061773,-0.313319,-0.948365,-0.049343,-0.074176,-0.027360,0.996870,0,0.40000,-0.55428,24.000,-1.109,-1,400.000,-1,350.000,750.000,325.000,300.000,300.000,275.000,475.000,-1,-1,-1,775.000,600.000,-1,950.000,2,0,2,0,0,0,0,1,0,1,2,2,2,0,0,2,1
6,-1735.090,-2328.646,-114.421,-162.682,-0.952791,0.297534,-0.060518,-0.294806,-0.954243,-0.050086,-0.072652,-0.029880,0.996910,0,0.48000,-0.55534,28.800,-1.111,-1,400.000,-1,350.000,750.000,325.000,300.000,325.000,275.000,475.000,-1,-1,-1,775.000,600.000,-1,925.000,2,0,2,0,0,0,0,1,0,1,2,2,2,0,0,2,1
7,-1767.354,-2338.024,-116.665,-163.796,-0.958532,0.278907,-0.058549,-0.276120,-0.959747,-0.051414,-0.070532,-0.033115,0.996960,0,0.56000,-0.55670,33.600,-1.113,-1,400.000,-1,350.000,775.000,325.000,300.000,350.000,275.000,475.000,-1,-1,-1,775.000,600.000,-1,900.000,2,0,2,0,0,0,0,1,0,1,2,2,2,0,0,2,1
8,-1804.430,-2348.021,-119.360,-164.913,-0.963967,0.260111,-0.055765,-0.257260,-0.964863,-0.053447,-0.067707,-0.037175,0.997012,0,0.64000,-0.55841,38.400,-1.117,-1,400.000,-1,350.000,775.000,325.000,300.000,350.000,275.000,475.000,-1,-1,-1,775.000,600.000,-1,900.000,2,0,2,0,0,0,0,0,0,1,2,2,2,0,0,2,1
9,-1846.352,-2358.451,-122.531,-166.034,-0.969093,0.241136,-0.052076,-0.238230,-0.969575,-0.056315,-0.064071,-0.042169,0.997054,0,0.72000,-0.56050,43.200,-1.121,-1,400.000,-1,350.000,825.000,325.000,300.000,325.000,275.000,475.000,-1,-1,-1,775.000,625.000,-1,875.000,2,0,2,0,0,0,0,0,0,1,2,2,2,0,0,2,1
10,-1893.150,-2369.121,-126.198,-167.160,-0.973899,0.221976,-0.047407,-0.219039,-0.973860,-0.060149,-0.059519,-0.048195,0.997063,0,0.80000,-0.56300,48.000,-1.126,-1,400.000,-1,350.000,825.000,325.000,300.000,325.000,275.000,475.000,-1,-1,-1,775.000,625.000,-1,850.000,2,0,2,0,1,0,0,0,0,1,2,2,2,0,0,2,1
11,-1944.850,-2379.842,-129.999,-168.292,-0.978362,0.202604,-0.041949,-0.199595,-0.977615,-0.066560,-0.054495,-0.056747,0.996900,0,0.88000,-0.56594,52.800,-1.132,-1,400.000,-1,350.000,800.000,325.000,300.000,325.000,300.000,475.000,-1,-1,-1,775.000,625.000,-1,850.000,2,0,2,0,1,0,0,0,0,1,2,2,2,0,0,2,1
12,-1997.614,-2389.696,-133.784,-169.430,-0.982473,0.183021,-0.035352,-0.180035,-0.980835,-0.074502,-0.048310,-0.066831,0.996594,0,0.89461,-0.56935,53.677,-1.139,-1,400.000,-1,375.000,775.000,325.000,300.000,300.000,300.000,475.000,275.000,-1,-1,775.000,650.000,-1,825.000,2,0,2,0,1,0,0,0,0,1,1,2,2,0,1,2,1
13,-2050.548,-2398.485,-136.016,-170.576,-0.986001,0.163324,-0.033571,-0.160366,-0.984028,-0.077277,-0.045656,-0.070812,0.996444,0,0.89430,-0.57298,53.658,-1.146,-1,400.000,-1,375.000,750.000,325.000,300.000,300.000,300.000,525.000,275.000,850.000,-1,750.000,650.000,-1,800.000,2,0,2,0,1,0,0,0,0,1,1,0,2,0,1,2,1
14,-2098.867,-2405.723,-137.715,-171.482,-0.988507,0.147720,-0.032133,-0.144839,-0.986327,-0.078623,-0.043308,-0.073065,0.996386,0,0.81430,-0.45298,48.858,-0.906,-1,400.000,-1,375.000,725.000,325.000,300.000,300.000,300.000,550.000,300.000,750.000,-1,750.000,650.000,-1,750.000,2,0,2,0,1,0,0,1,0,1,1,0,2,0,1,2,1
15,-2142.511,-2411.744,-139.238,-172.148,-0.990199,0.136226,-0.030800,-0.133416,-0.987835,-0.079893,-0.041309,-0.075000,0.996328,0,0.73430,-0.33298,44.058,-0.666,-1,400.000,-1,375.000,675.000,325.000,300.000,300.000,300.000,575.000,325.000,700.000,-1,750.000,625.000,-1,725.000,2,0,2,0,1,0,0,1,0,1,1,0,2,0,1,2,1
16,-2184.676,-2417.241,-140.711,-172.574,-0.991224,0.128862,-0.029492,-0.126117,-0.988690,-0.081162,-0.039617,-0.076730,0.996264,0,0.70869,-0.21298,42.522,-0.426,-1,400.000,-1,375.000,650.000,325.000,300.000,300.000,300.000,600.000,350.000,700.000,-1,725.000,625.000,-1,700.000,2,0,2,0,1,0,0,1,0,1,1,0,2,0,1,2,1
17,-2229.057,-2422.880,-142.278,-172.760,-0.991678,0.125636,-0.028107,-0.122954,-0.988975,-0.082526,-0.038165,-0.078383,0.996192,0,0.74563,-0.09298,44.738,-0.186,-1,400.000,-1,375.000,625.000,325.000,300.000,300.000,300.000,625.000,375.000,700.000,-1,725.000,625.000,-1,675.000,2,0,2,0,1,0,0,1,0,1,1,0,2,0,1,2,1
18,-2273.324,-2428.548,-143.872,-172.706,-0.991600,0.126553,-0.026726,-0.123927,-0.988739,-0.083893,-0.037042,-0.079876,0.996116,0,0.74380,0.02702,44.628,0.054,-1,400.000,-1,375.000,575.000,325.000,300.000,300.000,300.000,650.000,425.000,700.000,-1,725.000,625.000,-1,650.000,2,0,2,0,1,0,0,1,0,1,1,0,2,0,1,2,1
19,-2317.476,-2434.431,-145.508,-172.412,-0.990977,0.131611,-0.025360,-0.129031,-0.987970,-0.085242,-0.036274,-0.081201,0.996037,0,0.74237,0.14702,44.542,0.294,-1,400.000,-1,375.000,550.000,325.000,300.000,300.000,300.000,675.000,450.000,700.000,-1,725.000,625.000,-1,625.000,2,0,2,0,1,0,0,1,0,1,1,0,2,0,1,2,1
20,-2361.527,-2440.588,-147.187,-172.044,-0.990150,0.137936,-0.024008,-0.135399,-0.987003,-0.086563,-0.035636,-0.082460,0.995957,0,0.74134,0.18389,44.481,0.368,-1,400.000,-1,375.000,525.000,325.000,300.000,300.000,300.000,700.000,475.000,725.000,-1,725.000,625.000,-1,625.000,2,0,2,0,1,0,0,0,0,1,1,0,2,0,1,2,1
21,-2405.490,-2447.019,-148.907,-171.680,-0.989289,0.144201,-0.022666,-0.141709,-0.986002,-0.087855,-0.035017,-0.083702,0.995875,0,0.74052,0.18236,44.431,0.365,-1,400.000,-1,375.000,500.000,325.000,300.000,300.000,300.000,700.000,500.000,725.000,-1,700.000,625.000,-1,600.000,2,0,2,0,1,0,0,0,0,1,1,0,2,0,1,2,1
22,-2449.371,-2453.721,-150.670,-171.318,-0.988395,0.150403,-0.021334,-0.147958,-0.984970,-0.089118,-0.034417,-0.084928,0.995793,0,0.73983,0.18073,44.390,0.361,-1,400.000,-1,375.000,475.000,325.000,300.000,300.000,300.000,725.000,550.000,725.000,-1,700.000,625.000,-1,600.000,2,0,2,0,1,0,0,0,0,1,1,0,2,0,0,2,1
23,-2493.176,-2460.691,-152.478,-170.960,-0.987469,0.156539,-0.020012,-0.154144,-0.983909,-0.090353,-0.033834,-0.086136,0.995709,0,0.73927,0.17903,44.356,0.358,-1,375.000,-1,350.000,450.000,325.000,300.000,300.000,300.000,750.000,575.000,750.000,-1,700.000,625.000,-1,600.000,2,0,2,0,1,0,0,0,0,1,1,0,2,0,0,2,1
24,-2540.917,-2468.394,-154.474,-170.837,-0.987162,0.158638,-0.018555,-0.156316,-0.983440,-0.091711,-0.032797,-0.087633,0.995613,0,0.80599,0.06172,48.359,0.123,-1,375.000,-1,350.000,425.000,300.000,300.000,300.000,300.000,775.000,600.000,750.000,-1,700.000,625.000,-1,575.000,2,0,2,0,1,0,0,0,0,1,1,0,2,0,0,2,1
25,-2588.671,-2476.199,-156.414,-170.720,-0.986867,0.160605,-0.017310,-0.158330,-0.982956,-0.093435,-0.032021,-0.089467,0.995475,0,0.80646,0.05808,48.387,0.116,-1,375.000,-1,350.000,400.000,300.000,300.000,300.000,300.000,775.000,550.000,750.000,-1,675.000,625.000,-1,575.000,2,0,2,0,1,0,0,0,0,1,0,0,2,0,0,2,1
26,-2636.423,-2484.098,-157.838,-170.612,-0.986607,0.162410,-0.015162,-0.160210,-0.982301,-0.097048,-0.030655,-0.093319,0.995164,0,0.80669,0.05429,48.401,0.109,-1,375.000,-1,350.000,400.000,300.000,300.000,300.000,300.000,750.000,525.000,775.000,-1,675.000,625.000,-1,600.000,2,0,2,0,1,0,0,0,0,1,0,0,2,0,0,2,1
27,-2684.161,-2492.081,-159.008,-170.511,-0.986355,0.164090,-0.013358,-0.161972,-0.981741,-0.099743,-0.029481,-0.096218,0.994924,0,0.80667,0.05035,48.400,0.101,-1,375.000,-1,350.000,400.000,300.000,300.000,300.000,300.000,775.000,500.000,800.000,-1,675.000,625.000,-1,625.000,2,0,2,0,1,0,0,0,0,1,0,0,2,0,1,2,1
28,-2731.869,-2500.135,-159.683,-170.419,-0.986122,0.165662,-0.010960,-0.163753,-0.981395,-0.100242,-0.027363,-0.097056,0.994903,0,0.80639,0.04625,48.384,0.092,-1,375.000,-1,350.000,375.000,300.000,300.000,300.000,300.000,775.000,500.000,775.000,-1,675.000,600.000,-1,625.000,2,0,2,0,1,0,0,0,0,1,0,0,2,0,1,2,1
29,-2779.533,-2508.253,-160.379,-170.335,-0.985905,0.167087,-0.008539,-0.165395,-0.981071,-0.100723,-0.025207,-0.097891,0.994878,0,0.80583,0.04201,48.350,0.084,-1,375.000,-1,350.000,375.000,300.000,300.000,300.000,300.000,775.000,500.000,700.000,-1,675.000,550.000,-1,575.000,2,0,2,0,1,0,0,0,0,1,0,0,2,0,1,2,1
30,-2827.135,-2516.425,-161.096,-170.259,-0.985707,0.168361,-0.006093,-0.166892,-0.980769,-0.101185,-0.023012,-0.098722,0.994849,0,0.80499,0.03762,48.299,0.075,-1,375.000,-1,375.000,400.000,300.000,300.000,300.000,300.000,800.000,475.000,675.000,-1,675.000,525.000,-1,550.000,2,0,2,0,1,0,0,0,1,1,0,0,2,0,1,2,1
31,-2873.196,-2524.196,-161.782,-170.424,-0.986199,0.165526,-0.003688,-0.164301,-0.981165,-0.101587,-0.020434,-0.099579,0.994820,0,0.77853,-0.08238,46.712,-0.165,-1,375.000,975.000,375.000,400.000,300.000,300.000,300.000,275.000,800.000,475.000,625.000,-1,675.000,500.000,-1,525.000,2,0,1,0,1,0,0,0,1,1,0,0,2,0,1,2,1
32,-2919.245,-2531.631,-162.443,-170.829,-0.987346,0.158576,-0.001236,-0.157625,-0.982220,-0.101974,-0.017385,-0.100489,0.994786,0,0.77741,-0.20238,46.644,-0.405,-1,375.000,925.000,375.000,375.000,300.000,300.000,300.000,275.000,800.000,475.000,600.000,-1,675.000,475.000,-1,475.000,2,0,1,0,1,0,0,0,1,1,0,0,2,0,1,2,1
33,-2965.281,-2538.715,-163.083,-171.252,-0.988487,0.151299,0.001256,-0.150631,-0.983273,-0.102391,-0.014257,-0.101401,0.994743,0,0.77630,-0.21170,46.578,-0.423,-1,375.000,875.000,350.000,375.000,300.000,300.000,300.000,250.000,825.000,450.000,575.000,-1,675.000,450.000,-1,450.000,2,0,1,1,1,0,0,0,1,1,0,0,2,0,1,2,1
34,-3011.292,-2545.441,-163.702,-171.684,-0.989588,0.143876,0.003783,-0.143500,-0.984293,-0.102840,-0.011072,-0.102312,0.994691,0,0.77499,-0.21576,46.499,-0.432,-1,375.000,825.000,325.000,350.000,325.000,300.000,300.000,250.000,850.000,450.000,550.000,-1,675.000,400.000,-1,400.000,2,1,1,1,1,1,1,0,1,1,0,0,2,0,1,2,1
35,-3057.261,-2551.801,-164.298,-172.124,-0.990647,0.136305,0.006345,-0.136227,-0.985275,-0.103323,-0.007832,-0.103221,0.994628,0,0.77344,-0.21989,46.406,-0.440,-1,375.000,775.000,300.000,325.000,300.000,275.000,300.000,225.000,850.000,450.000,525.000,-1,650.000,375.000,-1,375.000,2,1,1,1,1,1,1,0,1,1,0,0,2,0,1,2,1
36,-3103.172,-2557.787,-164.869,-172.572,-0.991659,0.128582,0.008937,-0.128812,-0.986217,-0.103842,-0.004539,-0.104127,0.994554,0,0.77165,-0.22408,46.299,-0.448,-1,350.000,725.000,275.000,300.000,275.000,275.000,300.000,225.000,875.000,400.000,500.000,-1,650.000,350.000,-1,325.000,2,1,1,1,1,1,1,0,1,1,0,0,2,0,1,2,1
37,-3149.009,-2563.392,-165.414,-173.028,-0.992621,0.120706,0.011555,-0.121252,-0.987116,-0.104399,-0.001195,-0.105030,0.994468,0,0.76964,-0.22832,46.179,-0.457,-1,325.000,675.000,250.000,275.000,275.000,250.000,300.000,200.000,900.000,350.000,450.000,-1,650.000,325.000,-1,275.000,2,1,1,1,1,1,1,0,1,1,0,0,2,0,1,2,1
38,-3194.758,-2568.611,-165.931,-173.492,-0.993527,0.112705,0.014198,-0.113575,-0.987966,-0.104996,0.002193,-0.105928,0.994371,0,0.76741,-0.23177,46.045,-0.464,-1,325.000,600.000,250.000,225.000,250.000,225.000,300.000,200.000,925.000,325.000,375.000,-1,650.000,300.000,-1,250.000,2,1,1,1,1,1,1,0,1,1,0,0,2,0,1,2,1
39,-3240.401,-2573.443,-166.418,-173.958,-0.994366,0.104654,0.016859,-0.105854,-0.988755,-0.105633,0.005615,-0.106823,0.994262,0,0.76497,-0.23308,45.898,-0.466,-1,300.000,550.000,225.000,200.000,225.000,200.000,300.000,200.000,950.000,300.000,350.000,-1,650.000,275.000,-1,200.000,2,1,1,1,1,1,1,0,1,1,0,0,2,0,1,2,1
40,-3285.923,-2577.902,-163.105,-174.427,-0.994890,0.096401,0.030022,-0.099319,-0.987897,-0.119146,0.018173,-0.121519,0.992423,0,0.76232,-0.23425,45.739,-0.468,-1,300.000,575.000,200.000,175.000,225.000,200.000,275.000,200.000,900.000,225.000,275.000,-1,675.000,250.000,-1,175.000,2,1,1,1,1,1,1,0,1,0,0,0,2,0,1,2,1
41,-3331.311,-2581.980,-156.386,-174.897,-0.994815,0.088050,0.050895,-0.094298,-0.986026,-0.137333,0.038092,-0.141420,0.989217,0,0.75948,-0.23527,45.569,-0.471,-1,325.000,-1,200.000,175.000,250.000,200.000,275.000,225.000,700.000,150.000,250.000,-1,775.000,250.000,-1,175.000,2,1,2,1,1,1,1,0,1,0,0,0,2,0,1,2,1
42,-3380.416,-2586.110,-148.370,-175.222,-0.993825,0.082220,0.074506,-0.092954,-0.983620,-0.154439,0.060587,-0.160411,0.985189,0,0.82124,-0.16234,49.274,-0.325,-1,350.000,-1,200.000,175.000,250.000,200.000,275.000,250.000,550.000,125.000,225.000,-1,875.000,275.000,-1,175.000,2,1,2,1,1,1,1,0,1,0,0,0,2,0,1,2,1
43,-3429.697,-2589.972,-140.371,-175.552,-0.992298,0.076301,0.097586,-0.092313,-0.980796,-0.171807,0.082603,-0.179492,0.980285,0,0.82379,-0.16492,49.428,-0.330,-1,400.000,-1,225.000,175.000,275.000,200.000,275.000,275.000,450.000,75.000,200.000,-1,975.000,275.000,-1,175.000,2,1,2,1,1,1,1,0,1,0,0,0,2,0,1,2,1
44,6231.355,-7543.221,-359.337,134.466,-0.700376,-0.713648,0.013431,0.713660,-0.700477,-0.004748,0.012796,0.006260,0.999899,1,0.00000,0.00000,49.573,-0.336,650.000,250.000,500.000,250.000,850.000,200.000,225.000,300.000,300.000,-1,600.000,575.000,-1,350.000,350.000,400.000,450.000,1,1,1,1,1,1,1,0,0,2,0,0,2,1,1,1,1
45,6227.979,-7539.809,-358.982,134.706,-0.703348,-0.710710,0.013873,0.710708,-0.703462,-0.005965,0.013999,0.005664,0.999886,0,0.08000,0.12000,4.800,0.240,650.000,250.000,500.000,250.000,825.000,200.000,225.000,300.000,300.000,-1,575.000,550.000,-1,350.000,350.000,400.000,450.000,1,1,1,1,1,1,1,0,0,2,0,0,2,1,1,1,1
46,6221.169,-7533.043,-358.258,135.186,-0.709256,-0.704796,0.014791,0.704760,-0.709396,-0.008451,0.016449,0.004430,0.999855,0,0.16000,0.24000,9.600,0.480,675.000,250.000,475.000,250.000,825.000,200.000,225.000,300.000,325.000,-1,500.000,475.000,-1,350.000,350.000,425.000,450.000,1,1,1,1,1,1,1,0,0,2,0,0,2,1,1,1,1
47,6210.865,-7522.983,-357.146,135.687,-0.715346,-0.698572,0.016617,0.698477,-0.715533,-0.011941,0.020232,0.003065,0.999791,0,0.24000,0.25040,14.400,0.501,700.000,250.000,475.000,250.000,800.000,200.000,200.000,300.000,325.000,-1,425.000,400.000,-1,350.000,350.000,425.000,425.000,1,1,1,1,1,1,1,0,0,2,0,0,2,1,1,1,1
48,6197.010,-7509.690,-355.604,136.186,-0.721332,-0.692315,0.019486,0.692120,-0.721593,-0.016504,0.025487,0.001582,0.999674,0,0.32000,0.24955,19.200,0.499,725.000,250.000,475.000,250.000,800.000,200.000,200.000,300.000,325.000,-1,350.000,325.000,-1,350.000,350.000,425.000,425.000,1,1,1,1,1,1,1,0,0,2,0,0,2,1,1,1,1
49,6179.548,-7493.225,-353.534,136.684,-0.727197,-0.686027,0.023470,0.685669,-0.727576,-0.022160,0.032279,-0.000022,0.999479,0,0.40000,0.24866,24.000,0.497,750.000,250.000,475.000,250.000,800.000,200.000,200.000,325.000,350.000,-1,275.000,275.000,-1,350.000,350.000,450.000,425.000,1,1,1,1,1,1,1,0,0,2,0,0,2,1,1,1,1
50,6158.423,-7473.649,-350.806,137.179,-0.732919,-0.679710,0.028718,0.679101,-0.733479,-0.028809,0.040645,-0.001612,0.999172,0,0.48000,0.24769,28.800,0.495,800.000,250.000,475.000,250.000,800.000,200.000,200.000,325.000,350.000,-1,225.000,225.000,-1,350.000,325.000,450.000,425.000,1,1,1,1,1,1,1,0,0,2,0,0,2,1,1,1,1
51,6133.582,-7451.023,-347.408,137.672,-0.738455,-0.673368,0.035510,0.672365,-0.739300,-0.036890,0.051093,-0.003366,0.998688,0,0.56000,0.24662,33.600,0.493,850.000,250.000,475.000,250.000,825.000,200.000,200.000,325.000,375.000,-1,200.000,200.000,-1,350.000,325.000,475.000,425.000,1,1,1,1,1,1,1,0,0,2,0,0,2,1,1,1,1
52,-8199.151,-7543.218,-195.806,69.825,0.344282,-0.938613,0.021796,0.937935,0.344882,0.036527,-0.041802,0.007868,0.999095,1,0.00000,0.00000,38.400,0.491,-1,400.000,-1,325.000,575.000,300.000,275.000,275.000,350.000,-1,-1,-1,-1,750.000,475.000,-1,500.000,2,1,2,1,1,1,1,0,0,2,2,2,2,1,1,2,1
53,-8197.477,-7538.720,-195.977,69.585,0.348230,-0.937164,0.021446,0.936481,0.348812,0.036530,-0.041715,0.007363,0.999102,0,0.08000,-0.12000,4.800,-0.240,-1,400.000,-1,325.000,575.000,300.000,275.000,275.000,350.000,-1,-1,-1,-1,725.000,475.000,-1,500.000,2,1,2,1,1,1,1,0,0,2,2,2,2,1,1,2,1
54,-8194.053,-7529.751,-196.319,69.105,0.356107,-0.934215,0.020724,0.933522,0.356653,0.036548,-0.041535,0.006331,0.999117,0,0.16000,-0.24000,9.600,-0.480,-1,400.000,-1,325.000,575.000,300.000,275.000,275.000,350.000,-1,-1,-1,-1,725.000,475.000,-1,475.000,2,1,2,1,1,1,1,0,0,2,2,2,2,1,1,2,1
55,-8188.749,-7516.364,-196.833,68.385,0.367877,-0.929668,0.019592,0.928959,0.368368,0.036608,-0.041251,0.004733,0.999138,0,0.24000,-0.36000,14.400,-0.720,-1,400.000,-1,325.000,575.000,300.000,275.000,275.000,350.000,-1,-1,-1,-1,725.000,475.000,-1,475.000,2,1,2,1,1,1,1,0,0,2,2,2,2,1,1,2,1
56,-8181.378,-7498.635,-197.522,67.425,0.383482,-0.923373,0.017992,0.922645,0.383895,0.036752,-0.040843,0.002507,0.999162,0,0.32000,-0.48000,19.200,-0.960,-1,375.000,-1,325.000,575.000,300.000,275.000,275.000,350.000,-1,-1,-1,-1,700.000,475.000,-1,475.000,2,1,2,1,1,1,1,0,0,2,2,2,2,1,1,2,1
57,-8171.703,-7476.672,-198.389,66.225,0.402839,-0.915134,0.015848,0.914384,0.403150,0.037037,-0.040283,-0.000429,0.999188,0,0.40000,-0.60000,24.000,-1.200,-1,375.000,-1,300.000,600.000,300.000,275.000,275.000,350.000,-1,-1,-1,-1,675.000,450.000,-1,450.000,2,1,2,1,1,1,1,0,0,2,2,2,2,1,1,2,1
58,-8159.434,-7450.616,-199.437,64.785,0.425836,-0.904706,0.013068,0.903936,0.426016,0.037548,-0.039537,-0.004176,0.999209,0,0.48000,-0.72000,28.800,-1.440,-1,375.000,-1,300.000,625.000,275.000,275.000,275.000,350.000,-1,-1,-1,-1,650.000,450.000,-1,450.000,2,1,2,1,1,1,1,0,0,2,2,2,2,1,1,2,1
59,-8144.235,-7420.650,-200.673,63.105,0.452329,-0.891800,0.009548,0.891017,0.452343,0.038391,-0.038556,-0.008858,0.999217,0,0.56000,-0.84000,33.600,-1.680,-1,350.000,-1,300.000,650.000,275.000,250.000,275.000,375.000,-1,-1,-1,-1,625.000,450.000,-1,450.000,2,1,2,1,1,1,1,0,0,2,2,2,2,1,1,2,1
60,-8125.728,-7387.004,-202.104,61.185,0.482129,-0.876085,0.005180,0.875306,0.481935,0.039712,-0.037288,-0.014612,0.999198,0,0.64000,-0.96000,38.400,-1.920,-1,350.000,-1,275.000,700.000,275.000,250.000,275.000,375.000,-1,-1,-1,-1,600.000,425.000,-1,450.000,2,1,2,1,1,1,1,0,0,2,2,2,2,1,1,2,1
61,-8103.598,-7349.903,-202.500,59.185,0.512463,-0.858707,0.002031,0.858127,0.512202,0.035591,-0.031602,-0.016496,0.999364,0,0.72000,-1.00000,43.200,-2.000,-1,350.000,-1,275.000,-1,275.000,250.000,275.000,400.000,-1,-1,-1,-1,600.000,425.000,-1,500.000,2,1,2,1,2,1,1,0,0,2,2,2,2,1,1,2,1
62,-8079.691,-7312.829,-202.444,57.185,0.542118,-0.840302,-0.001270,0.839961,0.541854,0.029315,-0.023946,-0.016959,0.999569,0,0.73525,-1.00000,44.115,-2.000,-1,350.000,-1,275.000,-1,275.000,250.000,275.000,400.000,-1,350.000,525.000,-1,600.000,475.000,-1,-1,2,1,2,1,2,1,1,0,1,2,0,0,2,1,1,2,2
63,-8199.143,-2951.654,-46.951,-12.357,0.976673,0.213303,-0.024748,-0.214595,0.973678,-0.076816,0.007712,0.080335,0.996738,1,0.00000,0.00000,44.319,-2.000,-1,400.000,-1,425.000,-1,325.000,325.000,300.000,300.000,-1,-1,-1,-1,775.000,900.000,-1,-1,2,0,2,0,2,0,0,0,0,2,2,2,2,0,0,2,2
64,-8194.451,-2952.661,-46.908,-12.117,0.977557,0.209221,-0.024671,-0.210520,0.974555,-0.076966,0.007941,0.080433,0.996728,0,0.08000,0.12000,4.800,0.240,-1,400.000,-1,425.000,-1,325.000,325.000,300.000,300.000,-1,-1,-1,-1,775.000,900.000,-1,-1,2,0,2,0,2,0,0,0,0,2,2,2,2,0,0,2,2
65,-8185.048,-2954.597,-46.816,-11.637,0.979275,0.201046,-0.024520,-0.202361,0.976258,-0.077265,0.008404,0.080625,0.996709,0,0.16000,0.24000,9.600,0.480,-1,400.000,-1,425.000,-1,325.000,325.000,300.000,300.000,-1,-1,-1,-1,775.000,900.000,-1,-1,2,0,2,0,2,0,0,0,0,2,2,2,2,0,0,2,2
66,-8170.909,-2957.324,-46.665,-10.917,0.981723,0.188758,-0.024298,-0.190097,0.978685,-0.077711,0.009112,0.080910,0.996680,0,0.24000,0.36000,14.400,0.720,-1,400.000,-1,425.000,-1,325.000,325.000,300.000,300.000,-1,-1,-1,-1,775.000,900.000,-1,-1,2,0,2,0,2,0,0,0,0,2,2,2,2,0,0,2,2
67,-8151.999,-2960.643,-46.442,-9.957,0.984747,0.172329,-0.024013,-0.173702,0.981680,-0.078302,0.010080,0.081279,0.996640,0,0.32000,0.48000,19.200,0.960,-1,400.000,-1,400.000,-1,325.000,325.000,300.000,300.000,-1,-1,-1,-1,775.000,900.000,-1,-1,2,0,2,0,2,0,0,0,0,2,2,2,2,0,0,2,2
68,-8128.283,-2964.318,-46.132,-8.811,0.987994,0.152667,-0.023673,-0.154082,0.984892,-0.079038,0.011249,0.081736,0.996591,0,0.40000,0.57264,24.000,1.145,-1,400.000,-1,400.000,-1,325.000,325.000,300.000,300.000,-1,-1,-1,-1,775.000,875.000,-1,-1,2,0,2,0,2,0,0,0,0,2,2,2,2,0,0,2,2
69,-8099.741,-2968.159,-45.723,-7.666,0.990850,0.132945,-0.023282,-0.134400,0.987699,-0.079924,0.012370,0.082322,0.996529,0,0.48000,0.57264,28.800,1.145,-1,400.000,-1,400.000,-1,325.000,325.000,300.000,300.000,-1,-1,-1,-1,775.000,875.000,-1,-1,2,0,2,0,2,0,0,0,0,2,2,2,2,0,0,2,2
70,-8066.359,-2971.974,-45.203,-6.521,0.993313,0.113170,-0.022848,-0.114666,0.990100,-0.080959,0.013459,0.083037,0.996456,0,0.56000,0.57264,33.600,1.145,-1,400.000,-1,400.000,-1,325.000,325.000,300.000,300.000,-1,-1,-1,-1,775.000,875.000,-1,-1,2,0,2,0,2,0,0,0,0,2,2,2,2,0,0,2,2
71,-8028.129,-2975.570,-44.558,-5.375,0.995382,0.093351,-0.022375,-0.094889,0.992093,-0.082138,0.014531,0.083881,0.996370,0,0.64000,0.57264,38.400,1.145,-1,400.000,-1,425.000,-1,325.000,325.000,300.000,300.000,-1,-1,-1,-1,775.000,875.000,-1,-1,2,0,2,0,2,0,0,0,0,2,2,2,2,0,0,2,2
72,-7985.047,-2978.755,-43.774,-4.230,0.997056,0.073497,-0.021870,-0.075079,0.993679,-0.083457,0.015598,0.084853,0.996271,0,0.72000,0.57264,43.200,1.145,-1,400.000,-1,425.000,-1,325.000,325.000,300.000,300.000,-1,-1,-1,-1,775.000,875.000,-1,-1,2,0,2,0,2,0,0,0,0,2,2,2,2,0,0,2,2
73,-7937.118,-2981.337,-42.834,-3.085,0.998334,0.053616,-0.021339,-0.055244,0.994856,-0.084913,0.016676,0.085950,0.996160,0,0.80000,0.57264,48.000,1.145,-1,400.000,-1,425.000,-1,325.000,325.000,300.000,300.000,-1,-1,-1,-1,775.000,875.000,-1,-1,2,0,2,0,2,0,0,0,0,2,2,2,2,0,0,2,2
74,-7884.946,-2983.102,-41.740,-1.940,0.999215,0.033717,-0.020815,-0.035397,0.995627,-0.086448,0.017810,0.087117,0.996039,0,0.87005,0.57264,52.203,1.145,-1,400.000,-1,425.000,-1,325.000,325.000,300.000,300.000,-1,-1,-1,-1,775.000,875.000,-1,-1,2,0,2,0,2,0,0,0,0,2,2,2,2,0,0,2,2
75,-7832.749,-2983.825,-40.902,-0.794,0.999703,0.013810,-0.020100,-0.015518,0.996045,-0.087487,0.018813,0.087772,0.995963,0,0.87005,0.57264,52.203,1.145,-1,400.000,-1,400.000,-1,325.000,325.000,300.000,300.000,-1,-1,-1,-1,800.000,875.000,-1,-1,2,0,2,0,2,0,0,0,0,2,2,2,2,0,0,2,2
76,-7780.548,-2983.504,-40.072,0.351,0.999797,-0.006101,-0.019207,0.004375,0.996053,-0.088647,0.019672,0.088545,0.995878,0,0.87005,0.57264,52.203,1.145,-1,400.000,-1,400.000,-1,325.000,325.000,300.000,300.000,-1,-1,-1,-1,800.000,875.000,-1,-1,2,0,2,0,2,0,0,0,0,2,2,2,2,0,0,2,2
77,-7728.364,-2982.140,-39.151,1.496,0.999494,-0.026007,-0.018339,0.024260,0.995668,-0.089764,0.020594,0.089274,0.995794,0,0.87005,0.57264,52.203,1.145,-1,400.000,-1,400.000,-1,325.000,325.000,300.000,300.000,-1,-1,-1,-1,800.000,875.000,-1,-1,2,0,2,0,2,0,0,0,0,2,2,2,2,0,0,2,2
78,-7676.218,-2979.733,-38.134,2.641,0.998793,-0.045899,-0.017496,0.044129,0.994888,-0.090835,0.021576,0.089953,0.995712,0,0.87005,0.57264,52.203,1.145,-1,400.000,-1,400.000,-1,325.000,325.000,300.000,300.000,-1,-1,-1,-1,800.000,875.000,-1,-1,2,0,2,0,2,0,0,0,0,2,2,2,2,0,0,2,2
79,-7624.130,-2976.284,-37.019,3.787,0.997695,-0.065772,-0.016678,0.063974,0.993715,-0.091856,0.022615,0.090577,0.995633,0,0.87005,0.57264,52.203,1.145,-1,400.000,-1,400.000,-1,325.000,325.000,300.000,300.000,-1,-1,-1,-1,800.000,875.000,-1,-1,2,0,2,0,2,0,0,0,0,2,2,2,2,0,0,2,2
80,-7572.121,-2971.795,-35.803,4.932,0.996202,-0.085616,-0.015884,0.083788,0.992151,-0.092824,0.023707,0.091141,0.995556,0,0.87005,0.57264,52.203,1.145,-1,400.000,-1,400.000,-1,325.000,325.000,300.000,300.000,-1,-1,-1,-1,825.000,900.000,-1,-1,2,0,2,0,2,0,0,0,0,2,2,2,2,0,0,2,2
81,-7520.213,-2966.268,-34.482,6.077,0.994312,-0.105425,-0.015115,0.103563,0.990196,-0.093737,0.024849,0.091639,0.995482,0,0.87005,0.57264,52.203,1.145,-1,400.000,-1,400.000,-1,325.000,325.000,300.000,300.000,-1,-1,-1,-1,825.000,900.000,-1,-1,2,0,2,0,2,0,0,0,0,2,2,2,2,0,0,2,2
82,-7468.426,-2959.704,-33.054,7.223,0.992029,-0.125190,-0.014370,0.123293,0.987852,-0.094591,0.026038,0.092066,0.995412,0,0.87005,0.57264,52.203,1.145,-1,400.000,-1,400.000,-1,325.000,325.000,300.000,300.000,-1,-1,-1,-1,825.000,900.000,-1,-1,2,0,2,0,2,0,0,0,0,2,2,2,2,0,0,2,2
83,-7416.780,-2952.106,-31.515,8.368,0.989351,-0.144905,-0.013651,0.142969,0.985120,-0.095383,0.027269,0.092416,0.995347,0,0.87005,0.57264,52.203,1.145,-1,400.000,-1,400.000,-1,325.000,325.000,300.000,300.000,-1,-1,-1,-1,825.000,900.000,-1,-1,2,0,2,0,2,0,0,0,0,2,2,2,2,0,0,2,2
84,-7365.296,-2943.478,-29.863,9.513,0.986282,-0.164562,-0.012957,0.162586,0.982002,-0.096110,0.028540,0.092685,0.995286,0,0.87005,0.57264,52.203,1.145,-1,400.000,-1,425.000,-1,325.000,325.000,300.000,325.000,-1,-1,-1,-1,850.000,925.000,-1,-1,2,0,2,0,2,0,0,0,0,2,2,2,2,0,0,2,2
85,-7313.995,-2933.823,-28.094,10.658,0.982821,-0.184154,-0.012289,0.182134,0.978500,-0.096768,0.029845,0.092867,0.995231,0,0.87005,0.57264,52.203,1.145,-1,400.000,-1,425.000,-1,325.000,325.000,300.000,325.000,-1,-1,-1,-1,850.000,950.000,-1,-1,2,0,2,0,2,0,0,0,0,2,2,2,2,0,0,2,2
86,-7264.225,-2923.639,-26.315,11.564,0.979811,-0.199584,-0.011720,0.197527,0.975437,-0.097501,0.030891,0.093217,0.995166,0,0.84670,0.45264,50.802,0.905,-1,400.000,-1,425.000,-1,325.000,325.000,300.000,325.000,-1,-1,-1,-1,850.000,950.000,-1,-1,2,0,2,0,2,0,0,0,0,2,2,2,2,0,0,2,2
87,-7214.576,-2912.876,-24.841,12.229,0.977462,-0.210860,-0.010267,0.208828,0.972884,-0.099437,0.030956,0.095052,0.994991,0,0.84670,0.33264,50.802,0.665,-1,400.000,-1,425.000,-1,325.000,325.000,300.000,300.000,-1,-1,-1,-1,875.000,975.000,-1,-1,2,0,2,0,2,0,0,0,0,2,2,2,2,0,0,2,2
88,-7165.009,-2901.744,-23.403,12.654,0.975904,-0.218030,-0.008625,0.216059,0.971094,-0.101462,0.030497,0.097153,0.994802,0,0.84670,0.21264,50.802,0.425,-1,425.000,-1,425.000,-1,325.000,325.000,300.000,300.000,-1,-1,-1,-1,900.000,975.000,-1,-1,2,0,2,0,2,0,0,0,0,2,2,2,2,0,0,2,2
89,-7115.498,-2890.366,-22.290,12.941,0.974822,-0.222875,-0.007024,0.221020,0.969922,-0.101992,0.029544,0.097871,0.994760,0,0.84670,0.14346,50.802,0.287,-1,425.000,-1,425.000,-1,325.000,325.000,300.000,300.000,-1,-1,-1,-1,900.000,975.000,-1,-1,2,0,2,0,2,0,0,0,0,2,2,2,2,0,0,2,2
90,-7066.044,-2878.742,-21.299,13.228,0.973712,-0.227727,-0.005052,0.226047,0.968785,-0.101774,0.028071,0.097956,0.994795,0,0.84670,0.14346,50.802,0.287,-1,425.000,-1,425.000,-1,325.000,325.000,300.000,300.000,-1,-1,-1,-1,900.000,975.000,-1,-1,2,0,2,0,2,0,0,0,0,2,2,2,2,0,0,2,2
91,-7016.649,-2866.870,-20.274,13.515,0.972574,-0.232574,-0.003062,0.231071,0.967625,-0.101526,0.026575,0.098034,0.994828,0,0.84670,0.14346,50.802,0.287,-1,400.000,-1,425.000,-1,325.000,325.000,300.000,300.000,-1,-1,-1,-1,900.000,1000.000,-1,-1,2,0,2,0,2,0,0,0,0,2,2,2,2,0,0,2,2
92,-6967.314,-2854.750,-19.217,13.802,0.971408,-0.237415,-0.001053,0.236091,0.966442,-0.101247,0.025055,0.098104,0.994861,0,0.84670,0.14346,50.802,0.287,-1,400.000,-1,425.000,-1,325.000,325.000,300.000,300.000,-1,-1,-1,-1,900.000,1000.000,-1,-1,2,0,2,0,2,0,0,0,0,2,2,2,2,0,0,2,2
93,-6918.040,-2842.384,-18.126,14.089,0.970213,-0.242250,0.000976,0.241108,0.965235,-0.100937,0.023510,0.098166,0.994892,0,0.84670,0.14346,50.802,0.287,-1,400.000,-1,425.000,-1,325.000,325.000,300.000,300.000,-1,-1,-1,-1,900.000,1000.000,-1,-1,2,0,2,0,2,0,0,0,0,2,2,2,2,0,0,2,2
94,-6873.527,-2830.777,-17.082,14.616,0.967953,-0.251117,0.002810,0.250117,0.962971,-0.100637,0.022565,0.098115,0.994919,0,0.76670,0.26346,46.002,0.527,-1,400.000,-1,425.000,-1,325.000,325.000,300.000,300.000,-1,-1,-1,-1,900.000,1000.000,-1,-1,2,0,2,0,2,0,0,0,0,2,2,2,2,0,0,2,2
95,-6833.801,-2819.848,-16.078,15.383,0.964516,-0.263989,0.004435,0.263088,0.959541,-0.100331,0.022230,0.097938,0.994944,0,0.68670,0.38346,41.202,0.767,-1,400.000,-1,425.000,-1,325.000,325.000,300.000,300.000,-1,-1,-1,-1,900.000,1000.000,-1,-1,2,0,2,0,2,0,0,0,0,2,2,2,2,0,0,2,2
96,-6796.544,-2808.890,-15.051,16.390,0.959742,-0.280819,0.005939,0.279986,0.954783,-0.099988,0.022408,0.097625,0.994971,0,0.64728,0.50346,38.837,1.007,-1,400.000,-1,425.000,-1,325.000,325.000,300.000,300.000,-1,-1,-1,-1,900.000,1000.000,-1,-1,2,0,2,0,2,0,0,0,0,2,2,2,2,0,0,2,2
97,-6759.533,-2797.124,-13.966,17.636,0.953424,-0.301539,0.007560,0.300764,0.948476,-0.099669,0.022883,0.097300,0.994992,0,0.64728,0.62346,38.837,1.247,-1,400.000,-1,425.000,-1,325.000,325.000,300.000,300.000,-1,-1,-1,-1,900.000,1000.000,-1,-1,2,0,2,0,2,0,0,0,0,2,2,2,2,0,0,2,2
98,-6722.737,-2784.366,-12.769,19.123,0.945303,-0.326065,0.009157,0.325328,0.940378,-0.099253,0.023752,0.096803,0.995020,0,0.64912,0.74346,38.947,1.487,-1,400.000,-1,425.000,-1,325.000,350.000,300.000,325.000,-1,-1,-1,-1,900.000,-1,-1,-1,2,0,2,0,2,0,0,0,0,2,2,2,2,0,2,2,2
99,-6686.192,-2770.447,-11.437,20.850,0.935078,-0.354280,0.010713,0.353559,0.930189,-0.098713,0.025007,0.096092,0.995058,0,0.65179,0.86346,39.108,1.727,-1,400.000,-1,425.000,-1,325.000,350.000,300.000,325.000,-1,-1,-1,-1,875.000,-1,-1,-1,2,0,2,0,2,0,0,0,0,2,2,2,2,0,2,2,2
100,-6649.996,-2755.218,-10.207,22.817,0.922422,-0.386000,0.011887,0.385212,0.917486,-0.099157,0.027368,0.096044,0.995001,0,0.65453,0.98346,39.272,1.967,-1,400.000,-1,425.000,-1,325.000,350.000,300.000,325.000,-1,-1,-1,-1,875.000,-1,-1,-1,2,0,2,0,2,0,0,0,0,2,2,2,2,0,2,2,2
101,-6614.201,-2738.664,-9.054,24.817,0.908455,-0.417759,0.013642,0.416938,0.903400,-0.100150,0.029515,0.096670,0.994879,0,0.65732,1.00000,39.439,2.000,-1,400.000,-1,425.000,-1,325.000,350.000,300.000,300.000,-1,-1,-1,-1,875.000,-1,-1,-1,2,0,2,0,2,0,0,0,0,2,2,2,2,0,2,2,2
102,-6578.854,-2720.793,-7.993,26.817,0.893394,-0.448972,0.016481,0.448210,0.888151,-0.101468,0.030919,0.098038,0.994702,0,0.66017,1.00000,39.610,2.000,-1,400.000,-1,425.000,-1,325.000,350.000,300.000,300.000,-1,-1,-1,-1,875.000,1000.000,-1,-1,2,0,2,0,2,0,0,0,0,2,2,2,2,0,0,2,2
103,-6544.001,-2701.617,-6.780,28.817,0.877253,-0.479637,0.019376,0.478940,0.871835,-0.102564,0.032300,0.099255,0.994538,0,0.66305,1.00000,39.783,2.000,-1,400.000,-1,425.000,-1,325.000,350.000,300.000,300.000,-1,-1,-1,-1,850.000,1000.000,-1,-1,2,0,2,0,2,0,0,0,0,2,2,2,2,0,0,2,2
104,-6509.688,-2681.146,-5.422,30.817,0.860052,-0.509718,0.022318,0.509096,0.854475,-0.103407,0.033638,0.100297,0.994389,0,0.66595,1.00000,39.957,2.000,-1,400.000,-1,425.000,-1,325.000,350.000,300.000,300.000,-1,-1,-1,-1,850.000,975.000,-1,-1,2,0,2,0,2,0,0,0,0,2,2,2,2,0,0,2,2
105,-6475.964,-2659.396,-3.918,32.817,0.841811,-0.539180,0.025286,0.538641,0.836092,-0.104004,0.034936,0.101172,0.994255,0,0.66887,1.00000,40.132,2.000,-1,400.000,-1,425.000,-1,325.000,350.000,325.000,300.000,-1,-1,-1,-1,850.000,975.000,-1,-1,2,0,2,0,2,0,0,0,0,2,2,2,2,0,0,2,2
106,-6442.874,-2636.383,-2.479,34.817,0.822553,-0.568038,0.027193,0.567490,0.816776,-0.104080,0.036911,0.101043,0.994197,0,0.67179,1.00000,40.307,2.000,-1,400.000,-1,425.000,-1,325.000,350.000,325.000,300.000,-1,-1,-1,-1,825.000,925.000,-1,-1,2,0,2,0,2,0,0,0,0,2,2,2,2,0,1,2,2
107,-6410.468,-2612.126,-0.919,36.816,0.802316,-0.596199,0.028920,0.595627,0.796502,-0.103985,0.038961,0.100655,0.994158,0,0.67469,0.99922,40.481,1.998,-1,400.000,-1,425.000,-1,325.000,350.000,325.000,300.000,-1,-1,-1,-1,825.000,825.000,-1,-1,2,0,2,0,2,0,0,0,0,2,2,2,2,0,1,2,2
108,-6378.793,-2586.648,0.790,38.812,0.781134,-0.623613,0.030609,0.623017,0.775294,-0.103773,0.040983,0.100130,0.994130,0,0.67755,0.99802,40.653,1.996,-1,400.000,-1,425.000,-1,325.000,325.000,325.000,300.000,-1,-1,-1,-1,825.000,775.000,-1,-1,2,0,2,0,2,0,0,0,0,2,2,2,2,0,1,2,2
109,-6347.895,-2559.973,2.647,40.805,0.759041,-0.650244,0.032251,0.649623,0.753185,-0.103447,0.042975,0.099471,0.994112,0,0.68037,0.99659,40.822,1.993,-1,400.000,975.000,425.000,-1,325.000,325.000,325.000,300.000,-1,-1,-1,-1,800.000,725.000,-1,1000.000,2,0,1,0,2,0,0,0,0,2,2,2,2,0,1,2,1
110,-6317.821,-2532.130,4.605,42.795,0.736081,-0.676046,0.033852,0.675392,0.730199,-0.103223,0.045065,0.098844,0.994082,0,0.68310,0.99490,40.986,1.990,-1,400.000,950.000,425.000,-1,325.000,325.000,325.000,300.000,-1,-1,-1,-1,800.000,675.000,-1,900.000,2,0,1,0,2,0,0,0,0,2,2,2,2,0,1,2,1
111,-6288.617,-2503.150,6.703,44.781,0.712286,-0.700996,0.035407,0.700305,0.706385,-0.102918,0.047134,0.098102,0.994060,0,0.68575,0.99296,41.145,1.986,-1,400.000,925.000,425.000,-1,325.000,325.000,325.000,300.000,-1,-1,-1,-1,775.000,650.000,-1,800.000,2,0,1,0,2,0,0,0,0,2,2,2,2,0,1,2,1
112,-6260.329,-2473.067,8.944,46.762,0.687692,-0.725064,0.036906,0.724336,0.681784,-0.102506,0.049162,0.097225,0.994048,0,0.68827,0.99074,41.296,1.981,-1,400.000,975.000,425.000,975.000,325.000,325.000,325.000,325.000,-1,-1,-1,-1,775.000,600.000,-1,725.000,2,0,1,0,1,0,0,0,0,2,2,2,2,0,1,2,1
113,-6233.001,-2441.919,11.225,48.739,0.662312,-0.748251,0.038249,0.747502,0.656463,-0.101473,0.050818,0.095797,0.994103,0,0.69065,0.98824,41.439,1.976,-1,400.000,-1,425.000,825.000,325.000,325.000,325.000,325.000,-1,-1,-1,-1,775.000,575.000,-1,650.000,2,0,2,0,1,0,0,0,0,2,2,2,2,0,1,2,1
114,-6206.676,-2409.748,13.501,50.709,0.636240,-0.770475,0.039576,0.769689,0.630414,-0.100787,0.052704,0.094586,0.994121,0,0.69285,0.98546,41.571,1.971,-1,400.000,-1,400.000,700.000,325.000,325.000,325.000,325.000,-1,-1,-1,-1,750.000,550.000,-1,600.000,2,0,2,0,1,0,0,0,0,2,2,2,2,0,1,2,1
115,-6181.398,-2376.596,15.681,52.674,0.609578,-0.791669,0.040932,0.790779,0.603653,-0.101351,0.055528,0.094149,0.994008,0,0.69485,0.98238,41.691,1.965,-1,400.000,-1,400.000,600.000,325.000,325.000,325.000,325.000,-1,-1,-1,-1,750.000,550.000,-1,550.000,2,0,2,0,1,0,0,0,0,2,2,2,2,0,1,2,1
116,-6157.207,-2342.515,18.043,54.632,0.582298,-0.811883,0.042127,0.810874,0.576289,-0.101855,0.058417,0.093470,0.993907,0,0.69661,0.97899,41.797,1.958,-1,400.000,-1,400.000,525.000,325.000,325.000,325.000,325.000,-1,-1,-1,-1,750.000,525.000,-1,500.000,2,0,2,0,1,0,0,0,0,2,2,2,2,0,1,2,1
117,-6134.139,-2307.554,20.557,56.583,0.554447,-0.831093,0.043286,0.829959,0.548363,-0.102305,0.061288,0.092648,0.993811,0,0.69811,0.97530,41.886,1.951,-1,400.000,-1,400.000,475.000,325.000,325.000,325.000,325.000,-1,-1,-1,-1,750.000,500.000,-1,475.000,2,0,2,0,1,0,0,0,0,2,2,2,2,0,1,2,1
118,-6112.233,-2271.772,23.218,58.525,0.526073,-0.849279,0.044406,0.848017,0.519922,-0.102704,0.064137,0.091687,0.993720,0,0.69929,0.97129,41.957,1.943,-1,400.000,-1,400.000,425.000,325.000,325.000,325.000,325.000,-1,-1,-1,-1,750.000,500.000,-1,450.000,2,0,2,0,1,0,0,0,0,2,2,2,2,0,1,2,1
119,-6091.522,-2235.227,26.020,60.459,0.497225,-0.866428,0.045486,0.865034,0.491015,-0.103057,0.066957,0.090590,0.993635,0,0.70013,0.96696,42.008,1.934,-1,400.000,-1,400.000,375.000,325.000,325.000,325.000,325.000,-1,-1,-1,-1,750.000,500.000,-1,400.000,2,0,2,0,1,0,0,0,0,2,2,2,2,0,1,2,1
120,-6072.037,-2197.982,28.959,62.384,0.467952,-0.882528,0.046526,0.880998,0.461691,-0.103368,0.069744,0.089360,0.993554,0,0.70059,0.96230,42.036,1.925,-1,400.000,-1,400.000,350.000,325.000,325.000,325.000,325.000,-1,-1,-1,-1,750.000,475.000,-1,400.000,2,0,2,1,1,0,0,0,0,2,2,2,2,0,1,2,1
121,-6053.805,-2160.105,32.027,64.299,0.438302,-0.897570,0.047526,0.895900,0.431999,-0.103638,0.072491,0.088003,0.993479,0,0.70063,0.95734,42.038,1.915,-1,400.000,-1,400.000,325.000,325.000,325.000,325.000,325.000,-1,-1,-1,-1,750.000,475.000,-1,375.000,2,0,2,1,1,0,0,0,0,2,2,2,2,0,1,2,1
122,-6036.853,-2121.666,35.217,66.203,0.408327,-0.911547,0.048485,0.909734,0.401989,-0.103872,0.075194,0.086522,0.993408,0,0.70022,0.95205,42.013,1.904,-1,400.000,-1,400.000,300.000,325.000,325.000,325.000,325.000,-1,-1,-1,-1,750.000,500.000,-1,350.000,2,0,2,1,1,0,0,0,0,2,2,2,2,0,1,2,1
123,-6019.215,-2078.304,38.865,67.867,0.381760,-0.922942,0.049379,0.921005,0.375391,-0.104069,0.077513,0.085208,0.993344,0,0.78022,0.83205,46.813,1.664,-1,400.000,-1,400.000,275.000,325.000,325.000,325.000,300.000,-1,-1,-1,-1,750.000,500.000,-1,325.000,2,0,2,1,1,0,0,0,1,2,2,2,2,0,1,2,1
124,-6001.348,-2031.045,42.896,69.291,0.358772,-0.932073,0.050227,0.930035,0.352370,-0.104256,0.079475,0.084117,0.993281,0,0.84208,0.71205,50.525,1.424,-1,400.000,-1,400.000,250.000,325.000,325.000,325.000,300.000,-1,-1,-1,-1,750.000,500.000,-1,300.000,2,0,2,1,1,0,0,0,1,2,2,2,2,0,1,2,1
125,-5984.492,-1983.514,47.017,70.475,0.339502,-0.939219,0.051052,0.937100,0.333056,-0.104486,0.081132,0.083314,0.993215,0,0.84054,0.59205,50.432,1.184,-1,400.000,-1,400.000,225.000,325.000,325.000,325.000,275.000,-1,-1,-1,-1,750.000,525.000,-1,300.000,2,0,2,1,1,0,0,0,1,2,2,2,2,0,1,2,1
126,-5968.459,-1935.819,51.197,71.419,0.324043,-0.944622,0.051825,0.942442,0.317550,-0.104716,0.082460,0.082774,0.993151,0,0.83864,0.47205,50.319,0.944,-1,400.000,-1,375.000,200.000,325.000,325.000,325.000,250.000,-1,-1,-1,-1,750.000,525.000,-1,275.000,2,0,2,1,1,0,0,0,1,2,2,2,2,0,1,2,1
127,-5953.053,-1888.056,55.457,72.123,0.312452,-0.948485,0.052446,0.946269,0.305928,-0.104799,0.083356,0.082372,0.993110,0,0.83644,0.35205,50.186,0.704,-1,400.000,-1,375.000,175.000,325.000,325.000,325.000,225.000,-1,-1,-1,-1,775.000,550.000,-1,275.000,2,0,2,1,1,0,0,0,1,2,2,2,2,0,1,2,1
128,-5938.078,-1840.311,59.856,72.587,0.304774,-0.950973,0.052573,0.948706,0.298248,-0.104905,0.084082,0.081849,0.993092,0,0.83398,0.23205,50.039,0.464,-1,400.000,-1,375.000,175.000,325.000,325.000,325.000,225.000,-1,-1,-1,-1,775.000,600.000,-1,250.000,2,0,2,1,1,0,0,0,1,2,2,2,2,0,1,2,1
129,-5923.338,-1792.660,64.299,72.811,0.301061,-0.952158,0.052511,0.949845,0.294534,-0.105087,0.084594,0.081515,0.993076,0,0.83132,0.11205,49.879,0.224,-1,400.000,-1,350.000,175.000,325.000,325.000,325.000,200.000,-1,-1,-1,-1,775.000,725.000,-1,250.000,2,0,2,1,1,0,0,0,1,2,2,2,2,0,0,2,1
130,-5908.634,-1745.173,68.739,72.796,0.301334,-0.952077,0.052408,0.949740,0.294798,-0.105301,0.084804,0.081505,0.993059,0,0.82851,-0.00795,49.711,-0.016,-1,400.000,-1,350.000,150.000,325.000,325.000,325.000,200.000,-1,-1,-1,-1,800.000,750.000,-1,225.000,2,0,2,1,1,0,0,0,1,2,2,2,2,0,0,2,1
131,-5893.764,-1697.919,75.103,72.540,0.305271,-0.951263,0.043693,0.947955,0.299208,-0.108886,0.090506,0.074658,0.993094,0,0.82562,-0.12795,49.537,-0.256,-1,400.000,-1,375.000,150.000,325.000,325.000,325.000,175.000,-1,-1,875.000,-1,825.000,800.000,-1,275.000,2,0,2,1,1,0,0,0,1,2,2,0,2,0,0,2,1
132,-5878.538,-1650.961,81.650,72.044,0.313045,-0.949131,0.033947,0.944817,0.307590,-0.112731,0.096555,0.067363,0.993045,0,0.82271,-0.24795,49.363,-0.496,-1,425.000,-1,400.000,175.000,350.000,350.000,325.000,175.000,-1,475.000,600.000,-1,875.000,900.000,-1,-1,2,0,2,1,1,0,0,0,1,2,0,0,2,0,0,2,2
133,-5862.767,-1604.365,87.757,71.308,0.324708,-0.945488,0.024828,0.940319,0.319885,-0.116073,0.101804,0.061037,0.992930,0,0.81983,-0.36795,49.190,-0.736,-1,425.000,-1,425.000,200.000,350.000,350.000,325.000,150.000,-1,350.000,500.000,-1,925.000,975.000,-1,-1,2,0,2,1,1,0,0,0,1,2,0,0,2,0,0,2,2
