timestep,x_cm,y_cm,z_cm,yaw_deg,basis_xx,basis_xy,basis_xz,basis_yx,basis_yy,basis_yz,basis_zx,basis_zy,basis_zz,teleport_flag,throttle_cmd,steering_cmd,cmd_move_cm,cmd_turn_deg,lidar_cm_0,lidar_cm_1,lidar_cm_2,lidar_cm_3,lidar_cm_4,lidar_cm_5,lidar_cm_6,lidar_cm_7,lidar_cm_8,lidar_cm_9,lidar_cm_10,lidar_cm_11,lidar_cm_12,lidar_cm_13,lidar_cm_14,lidar_cm_15,lidar_cm_16,lidar_class_0,lidar_class_1,lidar_class_2,lidar_class_3,lidar_class_4,lidar_class_5,lidar_class_6,lidar_class_7,lidar_class_8,lidar_class_9,lidar_class_10,lidar_class_11,lidar_class_12,lidar_class_13,lidar_class_14,lidar_class_15,lidar_class_16
0,-2296.493,2956.439,280.212,98.538,-0.149192,-0.987398,-0.052796,0.988718,-0.148243,-0.021481,0.013384,-0.055405,0.998374,1,0.08000,-0.09970,4.800,-0.199,-1,375.000,-1,400.000,-1,325.000,325.000,275.000,300.000,-1,-1,-1,-1,700.000,800.000,-1,-1,2,0,2,0,2,0,0,0,0,2,2,2,2,0,0,2,2
1,-2297.884,2965.938,280.337,98.339,-0.145754,-0.987930,-0.052440,0.989227,-0.144804,-0.021493,0.013640,-0.055008,0.998393,0,0.16000,-0.09984,9.600,-0.200,-1,375.000,-1,400.000,-1,325.000,325.000,275.000,300.000,-1,-1,-1,-1,700.000,800.000,-1,-1,2,0,2,0,2,0,0,0,0,2,2,2,2,0,0,2,2
2,-2299.923,2980.193,280.528,98.138,-0.142303,-0.988461,-0.051911,0.989725,-0.141355,-0.021511,0.013925,-0.054439,0.998420,0,0.24000,-0.10011,14.400,-0.200,-1,375.000,-1,400.000,-1,325.000,325.000,275.000,300.000,-1,-1,-1,-1,700.000,800.000,-1,-1,2,0,2,0,2,0,0,0,0,2,2,2,2,0,0,2,2
3,-2302.573,2999.209,280.789,97.937,-0.138835,-0.988991,-0.051212,0.990213,-0.137891,-0.021533,0.014234,-0.053701,0.998456,0,0.32000,-0.10053,19.200,-0.201,-1,375.000,-1,400.000,-1,325.000,325.000,275.000,300.000,-1,-1,-1,-1,700.000,800.000,-1,-1,2,0,2,0,2,0,0,0,0,2,2,2,2,0,0,2,2
4,-2305.803,3022.991,281.124,97.735,-0.135343,-0.989519,-0.050346,0.990692,-0.134406,-0.021560,0.014568,-0.052796,0.998499,0,0.40000,-0.10111,24.000,-0.202,-1,375.000,-1,400.000,-1,325.000,325.000,275.000,300.000,-1,-1,-1,-1,700.000,800.000,-1,-1,2,0,2,0,2,0,0,0,0,2,2,2,2,0,0,2,2
5,-2309.577,3051.543,281.536,97.531,-0.131821,-0.990046,-0.049316,0.991161,-0.130894,-0.021592,0.014922,-0.051727,0.998550,0,0.48000,-0.10188,28.800,-0.204,-1,375.000,-1,400.000,-1,325.000,325.000,300.000,300.000,-1,-1,-1,-1,700.000,800.000,-1,-1,2,0,2,0,2,0,0,0,0,2,2,2,2,0,0,2,2
6,-2313.861,3084.869,282.031,97.326,-0.128261,-0.990572,-0.048126,0.991622,-0.127347,-0.021627,0.015294,-0.050497,0.998607,0,0.56000,-0.10285,33.600,-0.206,-1,375.000,-1,400.000,-1,325.000,325.000,300.000,300.000,-1,-1,-1,-1,700.000,800.000,-1,-1,2,0,2,0,2,0,0,0,0,2,2,2,2,0,0,2,2
7,-2318.618,3122.973,282.611,97.118,-0.124656,-0.991097,-0.046778,0.992076,-0.123757,-0.021665,0.015683,-0.049108,0.998670,0,0.64000,-0.10404,38.400,-0.208,-1,375.000,-1,400.000,-1,325.000,325.000,300.000,300.000,-1,-1,-1,-1,700.000,800.000,-1,-1,2,0,2,0,2,0,0,0,0,2,2,2,2,0,0,2,2
8,-2323.812,3165.860,283.283,96.907,-0.120997,-0.991620,-0.045277,0.992522,-0.120116,-0.021706,0.016086,-0.047565,0.998739,0,0.72000,-0.10547,43.200,-0.211,-1,375.000,-1,400.000,-1,325.000,325.000,300.000,300.000,-1,-1,-1,-1,700.000,775.000,-1,-1,2,0,2,0,2,0,0,0,0,2,2,2,2,0,0,2,2
9,-2329.405,3213.533,284.052,96.692,-0.117274,-0.992141,-0.043625,0.992963,-0.116415,-0.021749,0.016499,-0.045869,0.998811,0,0.80000,-0.10719,48.000,-0.214,-1,375.000,-1,400.000,-1,325.000,325.000,300.000,275.000,-1,-1,-1,-1,700.000,775.000,-1,-1,2,0,2,0,2,0,0,0,0,2,2,2,2,0,0,2,2
10,-2334.874,3261.739,284.858,96.474,-0.113477,-0.992653,-0.042000,0.993397,-0.112640,-0.021787,0.016896,-0.044195,0.998880,0,0.80859,-0.10920,48.515,-0.218,-1,375.000,-1,400.000,-1,325.000,325.000,300.000,275.000,-1,-1,-1,-1,700.000,775.000,-1,-1,2,0,2,0,2,0,0,0,0,2,2,2,2,0,0,2,2
11,-2340.154,3309.948,285.711,96.251,-0.109607,-0.993149,-0.040508,0.993824,-0.108788,-0.021898,0.017341,-0.042658,0.998939,0,0.80829,-0.11136,48.498,-0.223,-1,375.000,-1,400.000,-1,325.000,325.000,300.000,275.000,-1,-1,-1,-1,700.000,775.000,-1,-1,2,0,2,0,2,0,0,0,0,2,2,2,2,0,0,2,2
12,-2345.242,3358.172,286.580,96.024,-0.105658,-0.993636,-0.039047,0.994242,-0.104855,-0.022092,0.017857,-0.041156,0.998993,0,0.80819,-0.11362,48.491,-0.227,975.000,375.000,-1,400.000,-1,325.000,325.000,300.000,275.000,-1,-1,-1,-1,700.000,775.000,-1,-1,1,0,2,0,2,0,0,0,0,2,2,2,2,0,0,2,2
13,-2350.401,3411.213,287.567,95.557,-0.097544,-0.994525,-0.037475,0.995058,-0.096755,-0.022329,0.018581,-0.039468,0.999048,0,0.88819,-0.23362,53.291,-0.467,950.000,375.000,-1,400.000,-1,325.000,325.000,300.000,275.000,-1,-1,-1,-1,700.000,775.000,-1,-1,1,0,2,0,2,0,0,0,0,2,2,2,2,0,0,2,2
14,-2355.269,3468.592,288.676,94.849,-0.085253,-0.995714,-0.035843,0.996169,-0.084478,-0.022606,0.019481,-0.037633,0.999102,0,0.95975,-0.35362,57.585,-0.707,900.000,375.000,-1,400.000,-1,325.000,325.000,300.000,275.000,-1,-1,-1,-1,700.000,775.000,-1,-1,1,0,2,0,2,0,0,0,0,2,2,2,2,0,0,2,2
15,-2359.188,3526.067,289.838,93.902,-0.068772,-0.997043,-0.034299,0.997422,-0.068010,-0.022906,0.020506,-0.035786,0.999149,0,0.96014,-0.47362,57.609,-0.947,875.000,375.000,-1,400.000,-1,325.000,325.000,300.000,275.000,-1,-1,-1,-1,700.000,775.000,-1,-1,1,0,2,0,2,0,0,0,0,2,2,2,2,0,0,2,2
16,-2361.984,3583.644,291.054,92.781,-0.049238,-0.998246,-0.032861,0.998554,-0.048489,-0.023221,0.021586,-0.033956,0.999190,0,0.96075,-0.56065,57.645,-1.121,850.000,375.000,-1,400.000,-1,325.000,325.000,300.000,275.000,-1,-1,-1,-1,700.000,775.000,-1,-1,1,0,2,0,2,0,0,0,0,2,2,2,2,0,0,2,2
17,-2363.647,3641.318,292.323,91.653,-0.029561,-0.999065,-0.031534,0.999308,-0.028825,-0.023525,0.022594,-0.032207,0.999226,0,0.96163,-0.56411,57.698,-1.128,850.000,375.000,-1,400.000,-1,325.000,325.000,300.000,275.000,-1,-1,-1,-1,700.000,750.000,-1,-1,1,0,2,0,2,0,0,0,0,2,2,2,2,0,0,2,2
18,-2364.167,3701.316,293.693,90.497,-0.009388,-0.999498,-0.030273,0.999679,-0.008668,-0.023820,0.023546,-0.030487,0.999258,0,1.00000,-0.57790,60.000,-1.156,850.000,375.000,-1,400.000,-1,325.000,325.000,300.000,275.000,-1,-1,-1,-1,700.000,750.000,-1,-1,1,0,2,0,2,0,0,0,0,2,2,2,2,0,0,2,2
19,-2363.484,3761.312,295.107,89.349,0.010660,-0.999519,-0.029129,0.999645,0.011363,-0.024090,0.024409,-0.028862,0.999285,0,1.00000,-0.57411,60.000,-1.148,850.000,375.000,-1,400.000,-1,325.000,325.000,300.000,275.000,-1,-1,-1,-1,700.000,750.000,-1,-1,1,0,2,0,2,0,0,0,0,2,2,2,2,0,0,2,2
20,-2361.608,3821.283,296.560,88.208,0.030565,-0.999138,-0.028098,0.999215,0.031252,-0.024328,0.025185,-0.027332,0.999309,0,1.00000,-0.57011,60.000,-1.140,875.000,375.000,-1,400.000,-1,325.000,325.000,300.000,275.000,-1,-1,-1,-1,700.000,750.000,-1,-1,1,0,2,0,2,0,0,0,0,2,2,2,2,0,0,2,2
21,-2359.015,3876.422,297.924,87.308,0.046277,-0.998557,-0.027232,0.998597,0.046947,-0.024503,0.025746,-0.026060,0.999329,0,0.92000,-0.45011,55.200,-0.900,900.000,375.000,-1,400.000,-1,325.000,325.000,300.000,275.000,-1,-1,-1,-1,700.000,750.000,-1,-1,1,0,2,0,2,0,0,0,0,2,2,2,2,0,0,2,2
22,-2356.068,3926.736,299.196,86.648,0.057798,-0.997978,-0.026453,0.997986,0.058452,-0.024636,0.026133,-0.024975,0.999346,0,0.84000,-0.33011,50.400,-0.660,925.000,375.000,-1,400.000,-1,325.000,325.000,300.000,275.000,-1,-1,-1,-1,700.000,750.000,-1,-1,1,0,2,0,2,0,0,0,0,2,2,2,2,0,0,2,2
23,-2352.800,3976.292,300.639,86.228,0.065128,-0.997549,-0.025584,0.997518,0.065771,-0.025144,0.026765,-0.023883,0.999356,0,0.82773,-0.21011,49.664,-0.420,925.000,375.000,-1,400.000,-1,325.000,325.000,300.000,275.000,-1,-1,-1,-1,700.000,750.000,-1,-1,1,0,2,0,2,0,0,0,0,2,2,2,2,0,0,2,2
24,-2349.377,4025.832,302.166,86.048,0.068266,-0.997353,-0.025055,0.997290,0.068909,-0.025790,0.027448,-0.023227,0.999353,0,0.82762,-0.09011,49.657,-0.180,950.000,375.000,-1,400.000,-1,325.000,325.000,300.000,275.000,-1,-1,-1,-1,700.000,750.000,-1,-1,1,0,2,0,2,0,0,0,0,2,2,2,2,0,0,2,2
25,-2346.007,4075.365,303.690,86.107,0.067226,-0.997436,-0.024536,0.997345,0.067869,-0.026412,0.028010,-0.022695,0.999350,0,0.82746,0.02989,49.648,0.060,950.000,375.000,-1,400.000,-1,325.000,325.000,300.000,275.000,-1,-1,-1,-1,700.000,750.000,-1,-1,1,0,2,0,2,0,0,0,0,2,2,2,2,0,0,2,2
26,-2342.896,4124.904,305.205,86.407,0.062007,-0.997787,-0.024002,0.997670,0.062650,-0.027021,0.028465,-0.022270,0.999347,0,0.82728,0.14989,49.637,0.300,950.000,375.000,-1,400.000,-1,325.000,325.000,300.000,275.000,-1,-1,-1,-1,700.000,750.000,-1,-1,1,0,2,0,2,0,0,0,0,2,2,2,2,0,0,2,2
27,-2340.253,4174.460,306.706,86.947,0.052607,-0.998340,-0.023429,0.998199,0.053248,-0.027626,0.028827,-0.021934,0.999344,0,0.82711,0.26989,49.627,0.540,925.000,375.000,-1,400.000,-1,325.000,325.000,300.000,300.000,-1,-1,-1,-1,700.000,725.000,-1,-1,1,0,2,0,2,0,0,0,0,2,2,2,2,0,0,2,2
28,-2338.285,4224.040,308.186,87.727,0.039018,-0.998978,-0.022795,0.998814,0.039656,-0.028234,0.029109,-0.021666,0.999341,0,0.82698,0.38989,49.619,0.780,900.000,375.000,-1,400.000,-1,325.000,325.000,300.000,300.000,-1,-1,-1,-1,700.000,725.000,-1,-1,1,0,2,0,2,0,0,0,0,2,2,2,2,0,0,2,2
29,-2337.199,4273.645,309.642,88.747,0.021237,-0.999531,-0.022078,0.999344,0.021870,-0.028852,0.029321,-0.021451,0.999340,0,0.82694,0.50989,49.616,1.020,875.000,375.000,-1,400.000,-1,325.000,325.000,300.000,300.000,-1,-1,-1,-1,700.000,725.000,-1,-1,1,0,2,0,2,0,0,0,0,2,2,2,2,0,0,2,2
30,-2337.205,4323.264,311.067,90.006,-0.000737,-0.999774,-0.021258,0.999565,-0.000110,-0.029481,0.029472,-0.021271,0.999339,0,0.82699,0.62989,49.620,1.260,825.000,375.000,-1,400.000,-1,325.000,325.000,300.000,300.000,-1,-1,-1,-1,675.000,725.000,-1,-1,1,0,2,0,2,0,0,0,0,2,2,2,2,0,0,2,2
31,-2338.509,4372.878,312.458,91.506,-0.026896,-0.999432,-0.020316,0.999201,-0.026278,-0.030122,0.029571,-0.021110,0.999340,0,0.82718,0.74989,49.631,1.500,800.000,375.000,-1,400.000,-1,325.000,325.000,300.000,300.000,-1,-1,-1,-1,675.000,725.000,-1,-1,1,0,2,0,2,0,0,0,0,2,2,2,2,0,0,2,2
32,-2341.321,4422.449,313.809,93.246,-0.057216,-0.998177,-0.019233,0.997922,-0.056609,-0.030769,0.029625,-0.020953,0.999341,0,0.82752,0.86989,49.651,1.740,750.000,375.000,-1,400.000,-1,325.000,325.000,300.000,300.000,-1,-1,-1,-1,675.000,725.000,-1,-1,1,0,2,0,2,0,0,0,0,2,2,2,2,0,0,2,2
33,-2345.256,4469.857,315.069,94.746,-0.083309,-0.996360,-0.018076,0.996078,-0.082715,-0.031409,0.029800,-0.020621,0.999343,0,0.79284,0.74989,47.570,1.500,700.000,375.000,-1,400.000,-1,325.000,325.000,300.000,300.000,-1,-1,-1,-1,675.000,725.000,-1,-1,1,0,2,0,2,0,0,0,0,2,2,2,2,0,0,2,2
34,-2350.235,4517.183,316.306,96.005,-0.105178,-0.994311,-0.016824,0.993997,-0.104602,-0.032065,0.030123,-0.020096,0.999344,0,0.79313,0.62989,47.588,1.260,675.000,375.000,-1,375.000,1000.000,300.000,325.000,300.000,300.000,-1,-1,950.000,-1,675.000,700.000,-1,1000.000,1,0,2,0,1,0,0,0,0,2,2,0,2,0,0,2,1
35,-2356.055,4564.412,317.563,97.025,-0.122841,-0.992303,-0.015648,0.991958,-0.122283,-0.032645,0.030480,-0.019532,0.999345,0,0.79311,0.50989,47.587,1.020,650.000,375.000,-1,375.000,950.000,300.000,325.000,300.000,300.000,-1,-1,875.000,-1,675.000,700.000,1000.000,975.000,1,0,2,0,1,0,0,0,0,2,2,0,2,0,0,1,1
36,-2362.515,4611.537,319.160,97.805,-0.136361,-0.990536,-0.015650,0.990162,-0.135775,-0.033840,0.031395,-0.020110,0.999305,0,0.79275,0.38989,47.565,0.780,625.000,375.000,-1,375.000,900.000,300.000,325.000,300.000,300.000,-1,-1,825.000,-1,675.000,700.000,950.000,950.000,1,0,2,0,1,0,0,0,0,2,2,0,2,0,1,1,1
37,-2369.411,4658.554,320.923,98.345,-0.145694,-0.989216,-0.014992,0.988797,-0.145102,-0.035014,0.032461,-0.019925,0.999274,0,0.79201,0.26989,47.521,0.540,600.000,375.000,-1,375.000,875.000,300.000,325.000,300.000,300.000,-1,-1,800.000,-1,675.000,700.000,925.000,925.000,1,0,2,0,1,0,0,0,0,2,2,0,2,0,1,1,1
38,-2376.543,4705.468,322.783,98.645,-0.150862,-0.988458,-0.013866,0.987974,-0.150278,-0.036374,0.033870,-0.019187,0.999242,0,0.79088,0.14989,47.453,0.300,600.000,375.000,-1,375.000,825.000,300.000,325.000,300.000,300.000,-1,-1,775.000,-1,675.000,675.000,925.000,900.000,1,0,2,0,1,0,0,0,0,2,2,0,2,0,1,1,1
39,-2383.710,4752.281,324.648,98.704,-0.151882,-0.988317,-0.012725,0.987765,-0.151311,-0.037741,0.035375,-0.018301,0.999207,0,0.78931,0.02989,47.359,0.060,575.000,375.000,-1,375.000,800.000,300.000,325.000,300.000,300.000,-1,-1,775.000,-1,675.000,675.000,975.000,875.000,1,0,2,0,1,0,0,0,0,2,2,0,2,0,1,1,1
40,-2390.712,4798.997,326.523,98.524,-0.148757,-0.988806,-0.011592,0.988183,-0.148205,-0.039119,0.036963,-0.017274,0.999167,0,0.78729,-0.09011,47.237,-0.180,575.000,375.000,-1,375.000,750.000,300.000,325.000,300.000,300.000,-1,1000.000,750.000,-1,700.000,675.000,-1,850.000,1,0,2,0,1,0,0,0,0,2,0,0,2,0,1,2,1
41,-2397.405,4845.608,328.408,98.172,-0.142659,-0.989716,-0.010498,0.989019,-0.142129,-0.040505,0.038596,-0.016161,0.999124,0,0.78481,-0.17603,47.088,-0.352,575.000,375.000,-1,375.000,725.000,300.000,325.000,300.000,300.000,-1,1000.000,750.000,-1,700.000,675.000,-1,825.000,1,0,2,0,1,0,0,0,0,2,0,0,2,0,1,2,1
42,-2403.790,4892.088,330.302,97.822,-0.136585,-0.990583,-0.009465,0.989812,-0.136079,-0.041888,0.040206,-0.015090,0.999077,0,0.78194,-0.17511,46.916,-0.350,575.000,375.000,-1,375.000,700.000,325.000,325.000,300.000,300.000,-1,975.000,750.000,-1,700.000,675.000,-1,800.000,1,0,2,0,1,0,0,1,0,2,0,0,2,0,1,2,1
43,-2409.869,4938.427,332.204,97.473,-0.130531,-0.991408,-0.008491,0.990563,-0.130049,-0.043267,0.041791,-0.014059,0.999027,0,0.77893,-0.17437,46.736,-0.349,575.000,375.000,-1,375.000,650.000,325.000,325.000,300.000,300.000,-1,925.000,750.000,-1,700.000,675.000,-1,775.000,1,0,2,0,1,0,0,1,0,2,0,0,2,0,1,2,1
44,-2415.642,4984.615,334.112,97.126,-0.124489,-0.992192,-0.007575,0.991273,-0.124033,-0.044641,0.043353,-0.013067,0.998974,0,0.77580,-0.17382,46.548,-0.348,600.000,375.000,-1,375.000,625.000,325.000,325.000,300.000,300.000,-1,875.000,750.000,-1,700.000,650.000,-1,750.000,1,0,2,0,1,0,0,1,0,2,0,0,2,0,1,2,1
45,-2421.114,5030.646,336.026,96.779,-0.118455,-0.992937,-0.006714,0.991944,-0.118025,-0.046010,0.044892,-0.012110,0.998918,0,0.77259,-0.17345,46.355,-0.347,650.000,375.000,-1,375.000,600.000,325.000,325.000,300.000,300.000,-1,825.000,725.000,-1,725.000,650.000,-1,700.000,1,0,2,0,1,0,0,1,0,2,0,0,2,0,1,2,1
46,-2426.285,5076.516,337.945,96.432,-0.112421,-0.993643,-0.005906,0.992576,-0.112019,-0.047371,0.046408,-0.011188,0.998860,0,0.76933,-0.17326,46.160,-0.347,700.000,375.000,-1,375.000,550.000,325.000,325.000,300.000,300.000,-1,800.000,725.000,-1,725.000,650.000,-1,675.000,1,0,2,0,1,0,0,1,0,2,0,0,2,0,1,2,1
47,-2431.158,5122.222,339.868,96.086,-0.106382,-0.994312,-0.005149,0.993171,-0.106008,-0.048725,0.047902,-0.010297,0.998799,0,0.76607,-0.17327,45.964,-0.347,-1,375.000,-1,375.000,525.000,325.000,325.000,300.000,300.000,-1,775.000,725.000,-1,725.000,650.000,-1,650.000,2,0,2,0,1,0,0,1,0,2,0,0,2,0,1,2,1
48,-2435.734,5167.763,341.794,95.739,-0.100333,-0.994944,-0.004440,0.993728,-0.099987,-0.050071,0.049374,-0.009436,0.998736,0,0.76284,-0.17345,45.770,-0.347,-1,375.000,-1,375.000,500.000,325.000,325.000,275.000,300.000,-1,750.000,725.000,-1,725.000,650.000,-1,625.000,2,0,2,0,1,0,0,1,0,2,0,0,2,0,1,2,1
49,-2440.017,5213.142,343.722,95.391,-0.094266,-0.995540,-0.003778,0.994249,-0.093949,-0.051408,0.050824,-0.008603,0.998671,0,0.75968,-0.17382,45.581,-0.348,-1,375.000,-1,375.000,475.000,325.000,325.000,275.000,300.000,-1,725.000,725.000,-1,725.000,625.000,-1,600.000,2,0,2,0,1,0,0,1,0,2,0,0,2,0,1,2,1
50,-2444.007,5258.363,346.205,95.042,-0.088286,-0.996082,-0.005166,0.994706,-0.087887,-0.053256,0.052593,-0.009841,0.998568,0,0.75661,-0.17435,45.396,-0.349,-1,400.000,-1,400.000,450.000,325.000,325.000,275.000,300.000,-1,700.000,725.000,-1,750.000,625.000,-1,575.000,2,0,2,0,1,0,0,1,0,2,0,0,2,0,1,2,1
51,-2447.896,5305.748,349.204,94.693,-0.082287,-0.996587,-0.006532,0.995118,-0.081804,-0.055207,0.054484,-0.011042,0.998454,0,0.79241,-0.17490,47.544,-0.350,-1,400.000,-1,400.000,425.000,325.000,325.000,275.000,300.000,-1,675.000,700.000,-1,750.000,625.000,-1,550.000,2,0,2,0,1,0,0,1,0,2,0,0,2,0,1,2,1
52,-2451.311,5348.356,351.905,94.583,-0.080450,-0.996730,-0.007583,0.995182,-0.079893,-0.056838,0.056046,-0.012119,0.998355,0,0.71241,-0.05490,42.744,-0.110,-1,400.000,-1,400.000,400.000,325.000,325.000,275.000,300.000,-1,650.000,700.000,-1,775.000,650.000,-1,550.000,2,0,2,0,1,0,0,1,0,2,0,0,2,0,1,2,1
53,-2454.429,5386.172,354.254,94.713,-0.082777,-0.996533,-0.008357,0.994924,-0.082156,-0.058108,0.057220,-0.013125,0.998275,0,0.63241,0.06510,37.944,0.130,-1,400.000,-1,400.000,400.000,325.000,325.000,275.000,300.000,-1,650.000,675.000,-1,775.000,650.000,-1,550.000,2,0,2,0,1,0,0,1,0,2,0,0,2,0,1,2,1
54,-2457.366,5419.186,356.232,95.083,-0.089260,-0.995970,-0.008778,0.994320,-0.088593,-0.058978,0.057963,-0.013992,0.998221,0,0.55241,0.18510,33.144,0.370,-1,400.000,-1,400.000,375.000,325.000,325.000,275.000,300.000,-1,650.000,700.000,-1,775.000,675.000,-1,550.000,2,0,2,0,1,0,0,1,0,2,0,0,2,0,1,2,1
55,-2459.941,5447.414,357.909,95.213,-0.091554,-0.995759,-0.009085,0.994074,-0.090855,-0.059680,0.058602,-0.014495,0.998176,0,0.47241,0.06510,28.344,0.130,-1,400.000,-1,400.000,375.000,325.000,325.000,275.000,325.000,-1,650.000,700.000,-1,800.000,700.000,-1,575.000,2,0,2,0,1,0,0,1,0,2,0,0,2,0,1,2,1
56,-2462.102,5470.859,359.289,95.266,-0.092498,-0.995669,-0.009301,0.993957,-0.091776,-0.060222,0.059108,-0.014815,0.998142,0,0.39241,0.02652,23.544,0.053,-1,400.000,-1,400.000,375.000,325.000,325.000,275.000,325.000,-1,650.000,700.000,-1,800.000,700.000,-1,600.000,2,0,2,0,1,0,0,1,0,2,0,0,2,0,1,2,1
57,-2463.838,5489.523,360.374,95.315,-0.093354,-0.995588,-0.009427,0.993855,-0.092617,-0.060608,0.059468,-0.015027,0.998117,0,0.31241,0.02421,18.744,0.048,-1,400.000,-1,400.000,375.000,325.000,325.000,275.000,325.000,-1,650.000,700.000,-1,800.000,700.000,-1,600.000,2,0,2,0,1,0,0,1,1,2,0,0,2,0,1,2,1
58,-2465.141,5503.406,361.172,95.359,-0.094138,-0.995514,-0.009490,0.993767,-0.093393,-0.060864,0.059704,-0.015160,0.998101,0,0.23241,0.02232,13.944,0.045,-1,400.000,-1,400.000,350.000,325.000,325.000,275.000,300.000,-1,650.000,700.000,-1,800.000,700.000,-1,625.000,2,0,2,0,1,0,0,1,1,2,0,0,2,0,1,2,1
59,-2466.002,5512.510,361.689,95.401,-0.094869,-0.995444,-0.009509,0.993690,-0.094119,-0.061010,0.059838,-0.015237,0.998092,0,0.15241,0.02089,9.144,0.042,-1,400.000,-1,400.000,350.000,325.000,325.000,275.000,300.000,-1,650.000,700.000,-1,800.000,700.000,-1,625.000,2,0,2,0,1,0,0,1,1,2,0,0,2,0,1,2,1
60,-2466.414,5516.835,361.929,95.441,-0.095562,-0.995378,-0.009498,0.993621,-0.094811,-0.061062,0.059879,-0.015273,0.998089,0,0.07241,0.01992,4.344,0.040,-1,400.000,-1,400.000,350.000,325.000,325.000,275.000,300.000,-1,650.000,700.000,-1,800.000,700.000,-1,650.000,2,0,2,0,1,0,0,1,1,2,0,0,2,0,1,2,1
61,-2466.370,5516.381,361.895,95.480,-0.096236,-0.995314,-0.009466,0.993558,-0.095486,-0.061026,0.059836,-0.015278,0.998091,0,-0.00759,0.01943,-0.456,0.039,-1,400.000,-1,400.000,350.000,325.000,325.000,275.000,300.000,-1,650.000,700.000,-1,800.000,700.000,-1,650.000,2,0,2,0,1,0,0,1,1,2,0,0,2,0,1,2,1
62,-2465.865,5511.150,361.586,95.519,-0.096907,-0.995249,-0.009413,0.993501,-0.096161,-0.060904,0.059710,-0.015254,0.998099,0,-0.08759,0.01942,-5.256,0.039,-1,400.000,-1,400.000,350.000,325.000,325.000,275.000,300.000,-1,650.000,700.000,-1,800.000,700.000,-1,650.000,2,0,2,0,1,0,0,1,1,2,0,0,2,0,1,2,1
63,-2464.891,5501.142,361.002,95.559,-0.097591,-0.995183,-0.009336,0.993447,-0.096852,-0.060691,0.059494,-0.015197,0.998113,0,-0.16759,0.01989,-10.056,0.040,-1,400.000,-1,400.000,375.000,325.000,325.000,275.000,300.000,-1,650.000,700.000,-1,800.000,700.000,-1,650.000,2,0,2,0,1,0,0,1,1,2,0,0,2,0,1,2,1
64,-2463.441,5486.357,360.140,95.600,-0.098305,-0.995114,-0.009224,0.993395,-0.097576,-0.060374,0.059179,-0.015099,0.998133,0,-0.24759,0.02084,-14.856,0.042,-1,400.000,-1,400.000,375.000,325.000,325.000,275.000,325.000,-1,650.000,700.000,-1,800.000,700.000,-1,625.000,2,0,2,0,1,0,0,1,1,2,0,0,2,0,1,2,1
65,-2461.508,5466.797,358.994,95.645,-0.099063,-0.995040,-0.009064,0.993345,-0.098348,-0.059936,0.058748,-0.014941,0.998161,0,-0.32759,0.02224,-19.656,0.044,-1,400.000,-1,400.000,375.000,325.000,325.000,275.000,325.000,-1,650.000,700.000,-1,800.000,700.000,-1,625.000,2,0,2,0,1,0,0,1,0,2,0,0,2,0,1,2,1
66,-2459.339,5445.043,357.711,95.693,-0.099881,-0.994960,-0.008856,0.993294,-0.099185,-0.059413,0.058236,-0.014731,0.998194,0,-0.36436,0.02408,-21.862,0.048,-1,400.000,-1,400.000,375.000,325.000,325.000,275.000,325.000,-1,650.000,700.000,-1,775.000,700.000,-1,600.000,2,0,2,0,1,0,0,1,0,2,0,0,2,0,1,2,1
67,-2457.152,5423.308,356.418,95.745,-0.100767,-0.994873,-0.008615,0.993236,-0.100092,-0.058850,0.057686,-0.014487,0.998230,0,-0.36406,0.02610,-21.844,0.052,-1,400.000,-1,400.000,400.000,325.000,325.000,275.000,300.000,-1,650.000,700.000,-1,775.000,700.000,-1,575.000,2,0,2,0,1,0,0,1,0,2,0,0,2,0,1,2,1
68,-2454.946,5401.590,355.116,95.801,-0.101719,-0.994778,-0.008342,0.993173,-0.101067,-0.058247,0.057100,-0.014210,0.998267,0,-0.36384,0.02807,-21.830,0.056,-1,400.000,-1,400.000,400.000,325.000,325.000,275.000,300.000,-1,650.000,700.000,-1,775.000,675.000,-1,575.000,2,0,2,0,1,0,0,1,0,2,0,0,2,0,1,2,1
69,-2452.718,5379.884,353.804,95.861,-0.102737,-0.994676,-0.008037,0.993104,-0.102109,-0.057604,0.056477,-0.013900,0.998307,0,-0.36367,0.02999,-21.820,0.060,-1,400.000,-1,400.000,400.000,325.000,325.000,275.000,300.000,-1,650.000,700.000,-1,775.000,675.000,-1,575.000,2,0,2,0,1,0,0,1,0,2,0,0,2,0,1,2,1
70,-2450.195,5356.517,352.366,96.161,-0.107918,-0.994131,-0.007634,0.992601,-0.107316,-0.056806,0.055654,-0.013708,0.998356,0,-0.39170,0.14999,-23.502,0.300,-1,400.000,-1,400.000,425.000,325.000,325.000,275.000,300.000,-1,675.000,700.000,-1,775.000,675.000,-1,600.000,2,0,2,0,1,0,0,1,0,2,0,0,2,0,1,2,1
71,-2447.531,5333.264,350.931,96.535,-0.114383,-0.993410,-0.007236,0.991925,-0.113805,-0.055979,0.054787,-0.013580,0.998406,0,-0.39009,0.18706,-23.406,0.374,-1,400.000,-1,400.000,425.000,325.000,325.000,275.000,300.000,-1,675.000,700.000,-1,750.000,675.000,-1,600.000,2,0,2,0,1,0,0,1,0,2,0,0,2,0,1,2,1
72,-2444.728,5310.125,349.506,96.908,-0.120823,-0.992650,-0.006861,0.991209,-0.120267,-0.055144,0.053914,-0.013463,0.998455,0,-0.38847,0.18642,-23.308,0.373,-1,400.000,-1,400.000,425.000,325.000,325.000,275.000,300.000,-1,700.000,675.000,-1,750.000,675.000,-1,625.000,2,0,2,0,1,0,0,1,0,2,0,0,2,0,1,2,1
73,-2441.786,5287.096,348.089,97.280,-0.127236,-0.991851,-0.006504,0.990454,-0.126700,-0.054298,0.053032,-0.013351,0.998504,0,-0.38692,0.18574,-23.215,0.371,-1,400.000,-1,400.000,450.000,325.000,325.000,275.000,300.000,-1,700.000,675.000,-1,750.000,675.000,-1,625.000,2,0,2,0,1,0,0,1,0,2,0,0,2,0,1,2,1
74,-2438.709,5264.174,346.736,97.647,-0.133554,-0.991024,-0.005927,0.989670,-0.133052,-0.053391,0.052123,-0.012997,0.998556,0,-0.38546,0.18353,-23.127,0.367,-1,400.000,-1,400.000,450.000,325.000,325.000,275.000,300.000,-1,700.000,675.000,-1,750.000,675.000,-1,650.000,2,0,2,0,1,0,0,1,0,2,0,0,2,0,1,2,1
75,-2435.498,5241.354,345.448,98.009,-0.139768,-0.990171,-0.005146,0.988870,-0.139313,-0.052231,0.051001,-0.012389,0.998622,0,-0.38408,0.18102,-23.045,0.362,-1,375.000,-1,400.000,475.000,325.000,325.000,275.000,300.000,-1,725.000,675.000,-1,725.000,675.000,-1,650.000,2,0,2,0,1,0,0,1,0,2,0,0,2,0,1,2,1
76,-2431.822,5216.387,344.054,98.376,-0.146069,-0.989265,-0.004354,0.988020,-0.145661,-0.050986,0.049805,-0.011750,0.998690,0,-0.42061,0.18372,-25.236,0.367,-1,375.000,-1,375.000,475.000,325.000,325.000,300.000,300.000,-1,750.000,675.000,-1,725.000,675.000,-1,650.000,2,0,2,0,1,0,0,1,0,2,0,0,2,0,1,2,1
77,-2428.003,5191.556,342.933,98.744,-0.152425,-0.988305,-0.004473,0.987091,-0.152010,-0.050432,0.049162,-0.012102,0.998718,0,-0.41872,0.18397,-25.123,0.368,-1,375.000,-1,375.000,500.000,325.000,325.000,300.000,300.000,-1,750.000,650.000,-1,725.000,700.000,-1,675.000,2,0,2,0,1,0,0,1,0,2,0,0,2,0,1,2,1
78,-2424.042,5166.863,341.907,99.112,-0.158796,-0.987299,-0.004953,0.986131,-0.158359,-0.049683,0.048268,-0.012773,0.998753,0,-0.41680,0.18416,-25.008,0.368,-1,375.000,-1,375.000,500.000,325.000,325.000,300.000,300.000,-1,750.000,650.000,-1,725.000,700.000,-1,700.000,2,0,2,0,1,0,0,1,0,2,0,0,2,0,1,2,1
79,-2420.686,5146.935,341.082,99.561,-0.166534,-0.986021,-0.005358,0.984891,-0.166077,-0.049068,0.047493,-0.013448,0.998781,0,-0.33680,0.22414,-20.208,0.448,650.000,375.000,-1,375.000,525.000,325.000,325.000,300.000,300.000,-1,775.000,650.000,-1,725.000,700.000,-1,725.000,1,0,2,0,1,0,0,1,0,2,0,0,2,0,1,2,1
80,-2418.008,5131.762,340.457,100.009,-0.174262,-0.984683,-0.005680,0.983584,-0.173787,-0.048594,0.046863,-0.014055,0.998802,0,-0.25680,0.22420,-15.408,0.448,625.000,375.000,-1,375.000,525.000,325.000,325.000,300.000,300.000,-1,775.000,650.000,-1,725.000,700.000,-1,750.000,1,0,2,0,1,0,0,1,0,2,0,0,2,0,1,2,1
81,-2416.083,5121.330,340.028,100.457,-0.181976,-0.983285,-0.005911,0.982209,-0.181487,-0.048260,0.046381,-0.014588,0.998817,0,-0.17680,0.22421,-10.608,0.448,600.000,375.000,-1,375.000,550.000,325.000,325.000,300.000,300.000,-1,800.000,625.000,-1,725.000,700.000,-1,775.000,1,0,2,0,1,0,0,1,0,2,0,0,2,0,1,2,1
82,-2414.984,5115.626,339.794,100.906,-0.189676,-0.981828,-0.006041,0.980766,-0.189175,-0.048066,0.046050,-0.015042,0.998826,0,-0.09680,0.22420,-5.808,0.448,575.000,375.000,-1,375.000,550.000,325.000,325.000,300.000,300.000,-1,775.000,625.000,-1,725.000,725.000,-1,775.000,1,0,2,0,1,0,0,1,0,2,0,0,2,0,1,2,1
83,-2414.785,5114.638,339.751,101.354,-0.197361,-0.980312,-0.006064,0.979257,-0.196851,-0.048011,0.045872,-0.015414,0.998828,0,-0.01680,0.22419,-1.008,0.448,550.000,375.000,-1,375.000,550.000,325.000,325.000,300.000,300.000,-1,775.000,625.000,-1,725.000,725.000,-1,800.000,1,0,2,0,1,0,0,1,0,2,0,0,2,0,0,2,1
84,-2415.561,5118.349,339.900,101.803,-0.205030,-0.978737,-0.005974,0.977681,-0.204516,-0.048093,0.045849,-0.015701,0.998825,0,0.06320,0.22418,3.792,0.448,550.000,375.000,-1,375.000,550.000,325.000,325.000,300.000,300.000,-1,750.000,625.000,-1,725.000,725.000,-1,850.000,1,0,2,0,1,0,0,1,0,2,0,0,2,0,0,2,1
85,-2417.384,5126.746,340.238,102.251,-0.212685,-0.977104,-0.005765,0.976038,-0.212168,-0.048314,0.045984,-0.015902,0.998816,0,0.14320,0.22420,8.592,0.448,550.000,375.000,-1,375.000,550.000,325.000,325.000,300.000,300.000,-1,750.000,600.000,-1,725.000,725.000,-1,1000.000,1,0,2,0,1,0,0,1,0,2,0,0,2,0,0,2,1
86,-2420.328,5139.810,340.765,102.699,-0.220325,-0.975411,-0.005434,0.974328,-0.219809,-0.048670,0.046279,-0.016018,0.998800,0,0.22320,0.22423,13.392,0.448,525.000,375.000,-1,375.000,550.000,325.000,325.000,300.000,300.000,-1,750.000,600.000,-1,725.000,725.000,-1,-1,1,0,2,0,1,0,0,1,0,2,0,0,2,0,0,2,2
87,-2424.466,5157.525,341.481,103.148,-0.227950,-0.973660,-0.004980,0.972551,-0.227439,-0.049163,0.046735,-0.016049,0.998778,0,0.30320,0.22428,18.192,0.449,525.000,375.000,-1,375.000,550.000,325.000,325.000,300.000,300.000,-1,725.000,575.000,-1,725.000,725.000,-1,-1,1,0,2,0,1,0,0,1,0,2,0,0,2,1,0,2,2
88,-2429.871,5179.872,342.422,103.597,-0.235565,-0.971848,-0.004556,0.970709,-0.235056,-0.049718,0.047247,-0.016135,0.998753,0,0.38320,0.22435,22.992,0.449,525.000,375.000,-1,375.000,550.000,325.000,325.000,300.000,300.000,-1,725.000,575.000,-1,725.000,725.000,-1,-1,1,0,2,0,1,0,0,1,0,2,0,0,2,1,0,2,2
89,-2436.616,5206.833,343.697,104.046,-0.243189,-0.969968,-0.004594,0.968807,-0.242660,-0.050283,0.047658,-0.016679,0.998724,0,0.46320,0.22441,27.792,0.449,500.000,375.000,-1,375.000,550.000,325.000,325.000,300.000,300.000,-1,725.000,575.000,-1,725.000,725.000,-1,-1,1,0,2,0,1,0,0,1,0,2,0,0,2,1,0,2,2
90,-2444.774,5238.388,345.242,104.494,-0.250810,-0.968025,-0.004775,0.966830,-0.250248,-0.051148,0.048318,-0.017445,0.998680,0,0.54320,0.22445,32.592,0.449,500.000,375.000,-1,375.000,550.000,325.000,325.000,275.000,300.000,-1,725.000,575.000,-1,725.000,725.000,-1,-1,1,0,2,0,1,0,0,1,0,2,0,0,2,1,0,2,2
91,-2454.416,5274.515,346.966,104.943,-0.258410,-0.966023,-0.004836,0.964794,-0.257821,-0.051963,0.048950,-0.018094,0.998637,0,0.62320,0.22444,37.392,0.449,500.000,375.000,-1,375.000,575.000,325.000,325.000,275.000,300.000,-1,725.000,575.000,-1,725.000,725.000,-1,-1,1,0,2,0,1,0,0,1,0,2,0,0,2,1,0,2,2
92,-2465.599,5315.198,349.032,105.370,-0.265626,-0.964064,-0.004892,0.962796,-0.265008,-0.052866,0.049669,-0.018753,0.998590,0,0.70320,0.21343,42.192,0.427,500.000,375.000,-1,375.000,575.000,325.000,325.000,275.000,300.000,-1,725.000,600.000,-1,725.000,750.000,-1,-1,1,0,2,0,1,0,0,1,0,2,0,0,2,1,0,2,2
93,-2478.397,5360.413,351.455,105.804,-0.272915,-0.962027,-0.004523,0.960727,-0.272295,-0.053467,0.050205,-0.018937,0.998559,0,0.78320,0.21679,46.992,0.434,525.000,375.000,-1,375.000,600.000,325.000,325.000,275.000,300.000,-1,750.000,625.000,-1,750.000,750.000,-1,-1,1,0,2,0,1,0,0,1,0,2,0,0,2,0,0,2,2
94,-2492.886,5410.137,354.140,106.245,-0.280315,-0.959900,-0.004033,0.958561,-0.279696,-0.054134,0.050835,-0.019040,0.998526,0,0.86320,0.22066,51.792,0.441,-1,400.000,-1,375.000,675.000,325.000,325.000,250.000,300.000,-1,775.000,650.000,-1,750.000,750.000,-1,-1,2,0,2,0,1,0,0,1,1,2,0,0,2,0,0,2,2
95,-2507.785,5459.815,356.823,106.695,-0.287846,-0.957670,-0.003572,0.956295,-0.287228,-0.054763,0.051419,-0.019179,0.998493,0,0.86439,0.22508,51.863,0.450,-1,400.000,-1,400.000,775.000,325.000,325.000,250.000,275.000,-1,800.000,675.000,-1,775.000,750.000,-1,-1,2,0,2,0,1,0,0,1,1,2,0,0,2,0,0,2,2
96,-2523.049,5509.264,359.495,107.154,-0.295510,-0.955334,-0.003143,0.953926,-0.294893,-0.055352,0.051953,-0.019355,0.998462,0,0.86252,0.22958,51.751,0.459,-1,400.000,-1,400.000,875.000,325.000,325.000,250.000,275.000,-1,800.000,700.000,-1,775.000,775.000,-1,-1,2,0,2,0,1,0,0,1,1,2,0,0,2,0,0,2,2
97,-2538.678,5558.464,362.153,107.623,-0.303308,-0.952888,-0.002749,0.951449,-0.302689,-0.055901,0.052435,-0.019571,0.998433,0,0.86038,0.23412,51.623,0.468,-1,400.000,-1,400.000,1000.000,325.000,325.000,225.000,250.000,-1,825.000,725.000,-1,800.000,775.000,-1,-1,2,0,2,0,1,0,0,1,1,2,0,0,2,0,0,2,2
98,-2554.668,5607.397,364.798,108.096,-0.311169,-0.950351,-0.002392,0.948883,-0.310546,-0.056408,0.052864,-0.019823,0.998405,0,0.85799,0.23659,51.479,0.473,-1,400.000,-1,400.000,-1,325.000,325.000,225.000,250.000,-1,850.000,750.000,-1,800.000,775.000,-1,-1,2,1,2,0,2,0,0,1,1,2,0,0,2,0,0,2,2
99,-2571.013,5656.046,367.429,108.572,-0.319056,-0.947734,-0.002075,0.946239,-0.318429,-0.056874,0.053240,-0.020109,0.998379,0,0.85535,0.23798,51.321,0.476,-1,400.000,-1,400.000,-1,325.000,325.000,225.000,250.000,-1,875.000,775.000,-1,825.000,775.000,-1,-1,2,0,2,0,2,0,0,1,1,2,0,0,2,0,0,2,2
100,-2587.708,5704.393,370.045,109.050,-0.326963,-0.945036,-0.001800,0.943518,-0.326329,-0.057298,0.053561,-0.020433,0.998355,0,0.85248,0.23920,51.149,0.478,-1,400.000,-1,400.000,-1,325.000,325.000,200.000,250.000,-1,900.000,800.000,-1,825.000,800.000,-1,-1,2,0,2,0,2,0,0,1,1,2,0,0,2,0,0,2,2
101,-2604.746,5752.426,373.258,109.531,-0.334752,-0.942305,0.001475,0.940651,-0.334256,-0.058731,0.055836,-0.018272,0.998273,0,0.84940,0.24024,50.964,0.480,-1,400.000,-1,400.000,-1,325.000,325.000,200.000,225.000,-1,875.000,775.000,-1,875.000,800.000,-1,1000.000,2,0,2,0,2,0,0,1,1,2,0,0,2,0,0,2,1
102,-2622.120,5800.129,376.361,110.013,-0.342571,-0.939484,0.003977,0.937727,-0.342184,-0.059822,0.057563,-0.016764,0.998201,0,0.84615,0.24110,50.769,0.482,-1,425.000,-1,400.000,-1,325.000,325.000,200.000,250.000,-1,875.000,775.000,-1,900.000,800.000,-1,950.000,2,0,2,0,2,0,0,1,1,2,0,0,2,0,1,2,1
103,-2639.826,5847.493,379.234,110.496,-0.350451,-0.936568,0.005032,0.934769,-0.350102,-0.060287,0.058224,-0.016424,0.998168,0,0.84275,0.24177,50.565,0.484,-1,425.000,975.000,400.000,-1,325.000,325.000,200.000,250.000,-1,875.000,800.000,-1,925.000,750.000,-1,900.000,2,0,1,0,2,0,0,1,1,2,0,0,2,0,1,2,1
104,-2657.856,5894.509,381.766,110.981,-0.358371,-0.933566,0.004875,0.931805,-0.358007,-0.059750,0.057526,-0.016870,0.998201,0,0.83924,0.24226,50.355,0.485,-1,425.000,925.000,400.000,-1,350.000,325.000,200.000,250.000,-1,925.000,850.000,-1,925.000,725.000,-1,825.000,2,0,1,0,2,0,0,1,1,2,0,0,2,0,1,2,1
105,-2676.205,5941.171,384.014,111.466,-0.366332,-0.930478,0.003449,0.928798,-0.365889,-0.058816,0.055989,-0.018343,0.998263,0,0.83567,0.24256,50.140,0.485,-1,425.000,875.000,400.000,-1,325.000,325.000,200.000,250.000,-1,1000.000,925.000,-1,925.000,675.000,-1,775.000,2,0,1,0,2,0,0,1,1,2,0,0,2,1,1,2,1
106,-2696.805,5992.102,386.180,112.022,-0.375472,-0.926833,0.000450,0.925302,-0.374880,-0.057278,0.053256,-0.021090,0.998358,0,0.91567,0.27797,54.940,0.556,-1,425.000,825.000,400.000,900.000,325.000,325.000,200.000,275.000,850.000,-1,-1,-1,875.000,625.000,-1,700.000,2,0,1,0,1,0,0,1,1,1,2,2,2,1,1,2,1
107,-2718.661,6044.661,388.266,112.578,-0.384586,-0.923083,-0.003422,0.921746,-0.383823,-0.055353,0.049782,-0.024442,0.998461,0,0.94870,0.27789,56.922,0.556,-1,400.000,775.000,400.000,725.000,325.000,325.000,200.000,275.000,800.000,-1,-1,-1,825.000,575.000,-1,650.000,2,0,1,0,1,0,0,1,1,1,2,2,2,1,1,2,1
108,-2740.929,6096.784,390.870,113.133,-0.393539,-0.919297,-0.004490,0.918047,-0.392739,-0.054282,0.048138,-0.025484,0.998516,0,0.94468,0.27757,56.681,0.555,-1,400.000,725.000,400.000,650.000,325.000,325.000,200.000,300.000,750.000,-1,-1,-1,775.000,550.000,-1,575.000,2,0,1,0,1,0,0,1,1,1,2,2,2,1,1,2,1
109,-2763.606,6148.475,393.423,113.687,-0.402436,-0.915431,-0.005624,0.914269,-0.401598,-0.053215,0.046456,-0.026558,0.998567,0,0.94078,0.27702,56.447,0.554,-1,400.000,650.000,400.000,550.000,325.000,325.000,200.000,300.000,700.000,-1,-1,-1,700.000,500.000,-1,525.000,2,0,1,0,1,0,0,1,0,1,2,2,2,1,1,2,1
110,-2786.689,6199.741,395.924,114.239,-0.411269,-0.911488,-0.006826,0.910416,-0.410394,-0.052153,0.044736,-0.027663,0.998616,0,0.93706,0.27624,56.224,0.552,-1,400.000,600.000,400.000,475.000,325.000,325.000,200.000,300.000,675.000,-1,-1,-1,650.000,450.000,-1,450.000,2,0,1,1,1,0,0,1,0,1,2,2,2,1,1,2,1
111,-2810.175,6250.593,398.374,114.790,-0.420030,-0.907474,-0.008094,0.906492,-0.419119,-0.051098,0.042977,-0.028800,0.998661,0,0.93356,0.27524,56.014,0.550,-1,400.000,550.000,350.000,425.000,325.000,325.000,225.000,300.000,625.000,-1,-1,-1,600.000,400.000,-1,400.000,2,0,1,1,1,0,0,1,0,1,2,2,2,1,1,2,1
112,-2834.064,6301.042,400.772,115.338,-0.428711,-0.903393,-0.009431,0.902503,-0.427766,-0.050050,0.041181,-0.029968,0.998702,0,0.93033,0.27404,55.820,0.548,-1,400.000,500.000,325.000,350.000,325.000,325.000,225.000,300.000,550.000,-1,-1,675.000,550.000,350.000,-1,350.000,2,0,1,1,1,0,1,1,0,1,2,2,1,1,1,2,1
113,-2858.354,6351.103,403.536,115.883,-0.437233,-0.899293,-0.009911,0.898544,-0.436350,-0.047077,0.038011,-0.029489,0.998842,0,0.92737,0.27264,55.642,0.545,-1,400.000,450.000,275.000,300.000,325.000,300.000,250.000,300.000,500.000,-1,-1,625.000,500.000,300.000,-1,300.000,2,0,1,1,1,0,1,1,0,1,2,2,1,1,1,2,1
114,-2883.046,6400.789,406.482,116.425,-0.445632,-0.895160,-0.009989,0.894568,-0.444857,-0.043006,0.034053,-0.028100,0.999025,0,0.92472,0.27106,55.483,0.542,-1,375.000,400.000,250.000,250.000,300.000,250.000,275.000,300.000,500.000,-1,-1,600.000,450.000,275.000,-1,225.000,2,1,1,1,1,1,1,1,0,1,2,2,1,1,1,2,1
115,-2908.140,6450.115,408.953,116.964,-0.453976,-0.890955,-0.010231,0.890461,-0.453260,-0.040435,0.031388,-0.027466,0.999130,0,0.92238,0.26930,55.343,0.539,-1,325.000,350.000,200.000,175.000,275.000,225.000,300.000,300.000,525.000,-1,-1,600.000,400.000,225.000,-1,175.000,2,1,1,1,1,1,1,0,0,1,2,2,1,1,1,2,1
116,-2935.628,6503.449,415.117,117.263,-0.459227,-0.888123,-0.018655,0.887367,-0.457661,-0.055918,0.041124,-0.042233,0.998261,0,1.00000,0.14930,60.000,0.299,-1,300.000,300.000,175.000,150.000,225.000,175.000,300.000,325.000,450.000,-1,-1,625.000,350.000,200.000,-1,150.000,2,1,1,1,1,1,1,0,0,1,2,2,1,1,1,2,1
117,-2963.387,6556.648,429.799,117.528,-0.467176,-0.883011,-0.045157,0.880689,-0.460208,-0.112229,0.078318,-0.092200,0.992656,0,1.00000,0.13251,60.000,0.265,-1,275.000,300.000,175.000,125.000,225.000,175.000,275.000,475.000,325.000,275.000,575.000,700.000,325.000,200.000,-1,125.000,2,1,1,1,1,1,1,0,1,1,0,0,1,1,1,2,1
118,-2991.412,6609.712,445.302,117.783,-0.478633,-0.874842,-0.074582,0.869865,-0.460929,-0.175723,0.119353,-0.148983,0.981610,0,1.00000,0.12791,60.000,0.256,-1,275.000,300.000,175.000,125.000,225.000,175.000,250.000,675.000,225.000,50.000,250.000,800.000,325.000,200.000,-1,125.000,2,1,1,1,1,1,1,0,1,1,0,0,1,1,1,2,1
119,-3019.700,6662.643,461.719,118.029,-0.493953,-0.863085,-0.105333,0.854504,-0.459472,-0.242296,0.160724,-0.209690,0.964468,0,1.00000,0.12281,60.000,0.246,-1,250.000,300.000,175.000,125.000,200.000,175.000,225.000,-1,150.000,0.000,200.000,900.000,325.000,200.000,-1,125.000,2,1,1,1,1,1,1,0,2,1,0,0,1,1,1,2,1
120,-6475.523,-2128.784,-192.094,-117.677,-0.453524,0.879315,-0.145334,-0.887015,-0.461197,-0.022396,-0.086721,0.118756,0.989129,1,0.00000,0.00000,60.000,0.234,825.000,400.000,-1,-1,-1,350.000,375.000,300.000,850.000,-1,-1,-1,-1,675.000,-1,900.000,-1,1,1,2,2,2,1,1,0,1,2,2,2,2,1,2,1,2
121,-6477.771,-2133.026,-192.535,-117.917,-0.457084,0.877370,-0.145934,-0.885087,-0.464873,-0.022661,-0.087723,0.118807,0.989035,0,0.08000,-0.12000,4.800,-0.240,800.000,400.000,-1,-1,-1,350.000,375.000,300.000,850.000,-1,-1,-1,-1,675.000,-1,900.000,-1,1,1,2,2,2,1,1,0,1,2,2,2,2,1,2,1,2
122,-6482.337,-2141.471,-193.433,-118.397,-0.464176,0.873436,-0.147140,-0.881185,-0.472203,-0.023201,-0.089745,0.118888,0.988844,0,0.16000,-0.24000,9.600,-0.480,800.000,400.000,-1,-1,-1,350.000,375.000,300.000,850.000,-1,-1,-1,-1,675.000,-1,900.000,-1,1,1,2,2,2,1,1,0,1,2,2,2,2,1,2,1,2
123,-6489.346,-2154.052,-194.814,-119.117,-0.474745,0.867425,-0.148965,-0.875215,-0.483136,-0.024038,-0.092822,0.118965,0.988550,0,0.24000,-0.36000,14.400,-0.720,800.000,400.000,-1,-1,-1,350.000,375.000,275.000,850.000,-1,-1,-1,-1,675.000,-1,875.000,-1,1,1,2,2,2,1,1,0,1,2,2,2,2,1,2,1,2
124,-6498.970,-2170.668,-196.719,-120.077,-0.488704,0.859207,-0.151433,-0.867040,-0.497601,-0.025197,-0.097002,0.118985,0.988146,0,0.32000,-0.48000,19.200,-0.960,775.000,425.000,-1,-1,-1,350.000,375.000,275.000,850.000,-1,-1,-1,-1,675.000,-1,850.000,-1,1,1,2,2,2,1,1,0,1,2,2,2,2,1,2,1,2
125,-6511.432,-2191.183,-199.786,-121.277,-0.505477,0.848384,-0.157281,-0.856549,-0.515356,-0.027044,-0.104000,0.121049,0.987183,0,0.40000,-0.60000,24.000,-1.200,725.000,400.000,-1,-1,-1,350.000,700.000,275.000,825.000,-1,-1,-1,-1,650.000,-1,800.000,-1,1,1,2,2,2,1,1,0,1,2,2,2,2,1,2,1,2
126,-6526.940,-2215.459,-207.673,-122.605,-0.520043,0.834278,-0.183129,-0.845143,-0.533637,-0.031074,-0.123649,0.138610,0.982598,0,0.48000,-0.66387,28.800,-1.328,650.000,375.000,-1,-1,-1,325.000,700.000,275.000,725.000,-1,-1,-1,-1,600.000,-1,700.000,-1,1,1,2,2,2,1,1,0,1,2,2,2,2,1,2,1,2
127,-6545.688,-2243.355,-216.966,-123.942,-0.532761,0.819036,-0.212946,-0.833624,-0.551247,-0.034603,-0.145727,0.159082,0.976451,0,0.56000,-0.66887,33.600,-1.338,575.000,350.000,-1,-1,-1,300.000,675.000,300.000,625.000,-1,-1,-1,-1,550.000,-1,600.000,-1,1,1,2,2,2,1,1,0,1,2,2,2,2,1,2,1,2
128,8199.174,-7543.272,13.000,-104.893,-0.260685,0.965410,0.005200,-0.946982,-0.256749,0.193145,0.187799,0.045426,0.981156,1,0.00000,0.00000,38.400,-1.352,-1,125.000,-1,450.000,-1,125.000,225.000,700.000,350.000,-1,100.000,50.000,350.000,150.000,850.000,275.000,-1,2,1,2,1,2,1,1,0,0,2,0,0,0,1,1,1,2
129,8203.859,-3608.581,33.163,-11.519,0.978818,0.199649,0.045329,-0.200405,0.979630,0.012738,-0.041863,-0.021552,0.998891,1,0.08000,-0.12000,4.800,-0.240,-1,400.000,800.000,375.000,625.000,325.000,325.000,300.000,300.000,-1,-1,-1,-1,750.000,525.000,-1,600.000,2,0,1,0,1,0,0,0,0,2,2,2,2,0,1,2,1
130,8213.249,-3610.577,32.767,-11.999,0.977114,0.207847,0.045255,-0.208613,0.977914,0.012856,-0.041584,-0.022003,0.998893,0,0.16000,-0.24000,9.600,-0.480,-1,400.000,775.000,375.000,625.000,325.000,325.000,300.000,300.000,-1,-1,-1,-1,750.000,500.000,-1,575.000,2,0,1,0,1,0,0,0,0,2,2,2,2,0,1,2,1
131,8227.296,-3613.747,32.178,-12.719,0.974429,0.220116,0.045142,-0.220896,0.975210,0.013035,-0.041154,-0.022674,0.998896,0,0.24000,-0.36000,14.400,-0.720,-1,400.000,750.000,375.000,625.000,325.000,325.000,300.000,300.000,-1,-1,-1,-1,750.000,500.000,-1,575.000,2,0,1,0,1,0,0,0,0,2,2,2,2,0,1,2,1
