timestep,x_cm,y_cm,z_cm,yaw_deg,basis_xx,basis_xy,basis_xz,basis_yx,basis_yy,basis_yz,basis_zx,basis_zy,basis_zz,teleport_flag,throttle_cmd,steering_cmd,cmd_move_cm,cmd_turn_deg,lidar_cm_0,lidar_cm_1,lidar_cm_2,lidar_cm_3,lidar_cm_4,lidar_cm_5,lidar_cm_6,lidar_cm_7,lidar_cm_8,lidar_cm_9,lidar_cm_10,lidar_cm_11,lidar_cm_12,lidar_cm_13,lidar_cm_14,lidar_cm_15,lidar_cm_16,lidar_class_0,lidar_class_1,lidar_class_2,lidar_class_3,lidar_class_4,lidar_class_5,lidar_class_6,lidar_class_7,lidar_class_8,lidar_class_9,lidar_class_10,lidar_class_11,lidar_class_12,lidar_class_13,lidar_class_14,lidar_class_15,lidar_class_16
0,-332.439,326.224,724.731,-158.723,-0.931732,0.362865,0.014294,-0.362970,-0.931785,-0.005518,0.011317,-0.010330,0.999883,1,0.08000,-0.12000,4.800,-0.240,525.000,425.000,-1,425.000,-1,350.000,325.000,300.000,325.000,575.000,400.000,450.000,-1,775.000,950.000,650.000,-1,1,0,2,0,2,0,0,0,0,1,1,1,2,1,0,1,2
1,-341.413,322.815,724.805,-159.203,-0.934749,0.355046,0.013686,-0.355149,-0.934790,-0.006011,0.010659,-0.010479,0.999888,0,0.16000,-0.24000,9.600,-0.480,500.000,425.000,-1,425.000,-1,325.000,325.000,300.000,325.000,600.000,400.000,450.000,-1,775.000,950.000,650.000,-1,1,0,2,0,2,0,0,0,0,1,1,1,2,1,0,1,2
2,-354.938,317.872,724.921,-159.923,-0.939150,0.343270,0.012749,-0.343371,-0.939176,-0.006721,0.009666,-0.010690,0.999896,0,0.24000,-0.36000,14.400,-0.720,500.000,425.000,-1,425.000,-1,325.000,325.000,300.000,325.000,675.000,400.000,450.000,-1,775.000,950.000,650.000,-1,1,0,2,0,2,0,0,0,0,1,1,1,2,1,0,1,2
3,-373.079,311.584,725.081,-160.883,-0.944787,0.327486,0.011455,-0.327580,-0.944793,-0.007613,0.008330,-0.010945,0.999905,0,0.32000,-0.48000,19.200,-0.960,500.000,425.000,-1,425.000,-1,325.000,325.000,300.000,325.000,-1,425.000,475.000,-1,800.000,925.000,650.000,-1,1,0,2,0,2,0,0,0,0,2,1,1,2,1,0,1,2
4,-395.915,304.200,725.289,-162.083,-0.951457,0.307627,0.009772,-0.307710,-0.951441,-0.008636,0.006640,-0.011224,0.999915,0,0.40000,-0.60000,24.000,-1.200,500.000,425.000,-1,425.000,-1,325.000,325.000,300.000,325.000,-1,450.000,500.000,-1,800.000,925.000,675.000,-1,1,0,2,0,2,0,0,0,0,2,1,1,2,1,0,1,2
5,-423.513,295.966,725.562,-163.387,-0.958232,0.285890,0.007681,-0.285956,-0.958193,-0.009747,0.004573,-0.011537,0.999923,0,0.48000,-0.65213,28.800,-1.304,500.000,425.000,-1,400.000,-1,325.000,325.000,300.000,325.000,-1,475.000,525.000,-1,825.000,900.000,700.000,-1,1,0,2,0,2,0,0,0,0,2,1,1,2,1,0,1,2
6,-455.935,287.148,725.902,-164.786,-0.964945,0.262401,0.005159,-0.262443,-0.964886,-0.010892,0.002120,-0.011864,0.999927,0,0.56000,-0.69974,33.600,-1.399,500.000,425.000,-1,400.000,-1,325.000,325.000,300.000,325.000,-1,500.000,550.000,-1,825.000,900.000,725.000,-1,1,0,2,0,2,0,0,0,0,2,1,1,2,1,0,1,2
7,-493.225,277.981,726.318,-166.189,-0.971089,0.238707,0.002200,-0.238716,-0.971015,-0.012032,-0.000736,-0.012210,0.999925,0,0.64000,-0.70119,38.400,-1.402,500.000,425.000,-1,400.000,-1,325.000,325.000,300.000,325.000,-1,550.000,575.000,-1,850.000,900.000,750.000,-1,1,0,2,0,2,0,0,0,0,2,1,1,2,1,0,1,2
8,-535.308,268.725,726.811,-167.595,-0.976656,0.214807,-0.001199,-0.214773,-0.976576,-0.013118,-0.003988,-0.012554,0.999913,0,0.71814,-0.70305,43.089,-1.406,500.000,400.000,-1,400.000,-1,325.000,325.000,300.000,325.000,-1,575.000,625.000,-1,875.000,875.000,775.000,-1,1,0,2,0,2,0,0,0,0,2,1,1,2,1,0,1,2
9,-577.802,260.469,727.322,-169.005,-0.981637,0.190701,-0.004708,-0.190620,-0.981564,-0.013972,-0.007286,-0.012818,0.999891,0,0.72147,-0.70530,43.288,-1.411,525.000,400.000,-1,400.000,-1,325.000,325.000,300.000,325.000,-1,625.000,650.000,-1,875.000,875.000,825.000,-1,1,0,2,0,2,0,0,0,0,2,1,1,2,0,0,1,2
10,-620.657,253.236,727.600,-170.420,-0.986026,0.166409,-0.007746,-0.166295,-0.985983,-0.013563,-0.009894,-0.012085,0.999878,0,0.72435,-0.70740,43.461,-1.415,525.000,400.000,-1,400.000,-1,325.000,325.000,300.000,325.000,-1,675.000,700.000,-1,850.000,875.000,875.000,-1,1,0,2,0,2,0,0,0,0,2,1,1,2,0,0,1,2
11,-663.821,247.046,727.474,-171.839,-0.989815,0.141949,-0.010806,-0.141826,-0.989826,-0.011364,-0.012309,-0.009715,0.999877,0,0.72676,-0.70940,43.606,-1.419,550.000,400.000,-1,400.000,-1,325.000,325.000,325.000,325.000,-1,725.000,750.000,-1,850.000,850.000,975.000,-1,1,0,2,0,2,0,0,1,0,2,1,1,2,0,0,1,2
12,-707.240,241.916,726.915,-173.262,-0.993013,0.117331,-0.012605,-0.117202,-0.993053,-0.010510,-0.013751,-0.008959,0.999865,0,0.72868,-0.71134,43.721,-1.423,575.000,400.000,-1,400.000,-1,325.000,325.000,325.000,325.000,-1,775.000,775.000,-1,850.000,850.000,-1,-1,1,0,2,0,2,0,0,1,0,2,1,1,2,0,0,2,2
13,-750.858,237.862,725.967,-174.691,-0.995612,0.092529,-0.013942,-0.092379,-0.995663,-0.011049,-0.014904,-0.009712,0.999842,0,0.73011,-0.71447,43.806,-1.429,600.000,400.000,-1,400.000,-1,325.000,325.000,325.000,325.000,-1,825.000,825.000,-1,850.000,850.000,-1,-1,1,0,2,0,2,0,0,1,0,2,1,1,2,0,0,2,2
14,-794.623,234.908,725.024,-176.138,-0.997612,0.067343,-0.015320,-0.067172,-0.997676,-0.011438,-0.016055,-0.010382,0.999817,0,0.73107,-0.72389,43.864,-1.448,625.000,400.000,-1,400.000,-1,325.000,325.000,300.000,325.000,-1,850.000,875.000,-1,825.000,850.000,-1,-1,1,0,2,0,2,0,0,0,0,2,1,1,2,0,0,2,2
15,-838.480,233.074,724.087,-177.606,-0.998987,0.041771,-0.016729,-0.041579,-0.999067,-0.011672,-0.017201,-0.010965,0.999792,0,0.73159,-0.73373,43.895,-1.467,675.000,400.000,-1,400.000,-1,325.000,325.000,300.000,325.000,-1,900.000,900.000,-1,825.000,850.000,-1,-1,1,0,2,0,2,0,0,0,0,2,1,1,2,0,0,2,2
16,-882.380,232.548,723.156,-179.313,-0.999763,0.011984,-0.018194,-0.011771,-0.999862,-0.011743,-0.018332,-0.011526,0.999766,0,0.73171,-0.85373,43.903,-1.707,775.000,400.000,-1,400.000,-1,325.000,325.000,300.000,325.000,-1,975.000,950.000,-1,825.000,850.000,-1,-1,1,0,2,0,2,0,0,0,0,2,1,1,2,0,0,2,2
17,-926.233,233.444,722.236,-181.171,-0.999597,-0.020431,-0.019688,0.020662,-0.999719,-0.011621,-0.019445,-0.012023,0.999739,0,0.73104,-0.92873,43.863,-1.857,-1,400.000,-1,400.000,-1,325.000,325.000,300.000,325.000,-1,-1,1000.000,-1,800.000,850.000,-1,-1,2,0,2,0,2,0,0,0,0,2,2,1,2,0,0,2,2
18,-969.965,235.740,721.329,-183.005,-0.998401,-0.052412,-0.021167,0.052660,-0.998549,-0.011298,-0.020544,-0.012394,0.999712,0,0.72987,-0.91692,43.792,-1.834,-1,400.000,-1,400.000,-1,325.000,325.000,300.000,325.000,-1,-1,-1,-1,800.000,850.000,-1,-1,2,0,2,0,2,0,0,0,0,2,2,2,2,0,0,2,2
19,-1013.532,239.410,720.435,-184.816,-0.996214,-0.083948,-0.022614,0.084207,-0.996390,-0.010779,-0.021628,-0.012643,0.999686,0,0.72869,-0.90564,43.722,-1.811,-1,400.000,-1,400.000,-1,325.000,325.000,300.000,325.000,-1,-1,-1,-1,800.000,850.000,-1,-1,2,0,2,0,2,0,0,0,0,2,2,2,2,0,0,2,2
20,-1056.901,244.432,719.554,-186.606,-0.993072,-0.115026,-0.024017,0.115294,-0.993280,-0.010071,-0.022698,-0.012770,0.999661,0,0.72764,-0.89489,43.658,-1.790,-1,400.000,-1,400.000,-1,325.000,325.000,300.000,325.000,-1,-1,-1,-1,775.000,850.000,-1,-1,2,0,2,0,2,0,0,0,0,2,2,2,2,0,0,2,2
21,-1100.045,250.784,718.686,-188.375,-0.989012,-0.145640,-0.025362,0.145911,-0.989255,-0.009179,-0.023753,-0.012779,0.999636,0,0.72682,-0.88467,43.609,-1.769,-1,400.000,-1,400.000,-1,325.000,325.000,325.000,325.000,-1,-1,-1,-1,775.000,825.000,-1,-1,2,0,2,0,2,0,0,0,0,2,2,2,2,0,0,2,2
22,-1142.947,258.445,717.832,-190.125,-0.984069,-0.175782,-0.026636,0.176051,-0.984348,-0.008111,-0.024793,-0.012671,0.999612,0,0.72635,-0.87497,43.581,-1.750,-1,400.000,-1,400.000,-1,300.000,325.000,325.000,325.000,625.000,-1,-1,-1,775.000,825.000,-1,-1,2,0,2,0,2,0,0,0,0,1,2,2,2,0,0,2,2
23,-1185.596,267.399,716.989,-191.857,-0.978273,-0.205446,-0.027827,0.205708,-0.978589,-0.006874,-0.025819,-0.012449,0.999589,0,0.72631,-0.86578,43.579,-1.732,-1,375.000,-1,400.000,-1,300.000,325.000,325.000,325.000,525.000,-1,-1,-1,750.000,825.000,-1,-1,2,0,2,0,2,0,0,0,0,1,2,2,2,0,0,2,2
24,-1227.986,277.632,716.158,-193.571,-0.971655,-0.234628,-0.028926,0.234876,-0.972010,-0.005473,-0.026832,-0.012112,0.999567,0,0.72679,-0.85707,43.607,-1.714,-1,375.000,-1,400.000,-1,300.000,325.000,325.000,325.000,500.000,-1,-1,-1,750.000,825.000,-1,-1,2,0,2,0,2,0,0,0,0,1,2,2,2,0,0,2,2
25,-1269.995,289.104,715.134,-195.275,-0.964226,-0.263430,-0.029527,0.263682,-0.964597,-0.004900,-0.027191,-0.012510,0.999552,0,0.72579,-0.85211,43.547,-1.704,-1,375.000,-1,400.000,-1,300.000,325.000,325.000,325.000,475.000,-1,-1,-1,750.000,825.000,-1,-1,2,0,2,0,2,0,0,0,0,1,2,2,2,0,0,2,2
26,-1311.344,301.734,714.102,-196.986,-0.955912,-0.292106,-0.030096,0.292360,-0.956299,-0.004313,-0.027521,-0.012922,0.999538,0,0.72057,-0.85531,43.234,-1.711,-1,375.000,-1,400.000,-1,325.000,325.000,325.000,325.000,475.000,-1,-1,-1,750.000,850.000,-1,-1,2,0,2,0,2,0,0,0,0,1,2,2,2,0,0,2,2
27,-1355.438,316.450,713.000,-198.456,-0.948080,-0.316552,-0.030659,0.316803,-0.948485,-0.003583,-0.027946,-0.013110,0.999523,0,0.77474,-0.73531,46.485,-1.471,-1,375.000,-1,400.000,-1,325.000,325.000,325.000,325.000,475.000,-1,-1,-1,750.000,850.000,-1,-1,2,0,2,0,2,0,0,0,0,1,2,2,2,0,0,2,2
28,-1401.881,333.068,711.671,-199.687,-0.941061,-0.336852,-0.030565,0.337076,-0.941475,-0.002327,-0.027993,-0.012493,0.999530,0,0.82212,-0.61531,49.327,-1.231,-1,375.000,-1,400.000,-1,325.000,325.000,325.000,325.000,475.000,-1,-1,-1,750.000,850.000,-1,-1,2,0,2,0,2,0,0,0,0,1,2,2,2,0,0,2,2
29,-1447.671,350.350,710.283,-200.677,-0.935102,-0.353083,-0.030266,0.353268,-0.935522,-0.000821,-0.028025,-0.011460,0.999542,0,0.81571,-0.49531,48.943,-0.991,-1,375.000,-1,400.000,-1,325.000,325.000,325.000,325.000,500.000,-1,-1,-1,750.000,850.000,-1,-1,2,0,2,0,2,0,0,0,0,1,2,2,2,0,0,2,2
30,-1492.917,368.107,708.885,-201.428,-0.930403,-0.365314,-0.029943,0.365456,-0.930828,0.000773,-0.028154,-0.010224,0.999551,0,0.81010,-0.37531,48.606,-0.751,-1,400.000,-1,400.000,-1,325.000,325.000,325.000,325.000,525.000,-1,-1,-1,775.000,875.000,-1,-1,2,0,2,0,2,0,0,0,0,1,2,2,2,0,0,2,2
31,-1537.737,386.160,707.484,-201.939,-0.927118,-0.373600,-0.029596,0.373697,-0.927548,0.002386,-0.028343,-0.008848,0.999559,0,0.80531,-0.25531,48.319,-0.511,-1,400.000,-1,400.000,-1,325.000,325.000,325.000,325.000,525.000,-1,-1,-1,775.000,875.000,-1,-1,2,0,2,0,2,0,0,0,0,1,2,2,2,0,0,2,2
32,-1582.250,404.334,706.078,-202.209,-0.925351,-0.377981,-0.029249,0.378031,-0.925784,0.004011,-0.028594,-0.007345,0.999564,0,0.80134,-0.13531,48.080,-0.271,-1,400.000,-1,400.000,-1,325.000,325.000,325.000,325.000,550.000,-1,-1,-1,775.000,875.000,-1,-1,2,0,2,0,2,0,0,0,0,1,2,2,2,0,0,2,2
33,-1626.577,422.460,704.662,-202.240,-0.925157,-0.378480,-0.028924,0.378481,-0.925592,0.005641,-0.028907,-0.005728,0.999566,0,0.79816,-0.01531,47.890,-0.031,-1,400.000,-1,400.000,-1,325.000,325.000,325.000,325.000,575.000,-1,-1,-1,775.000,875.000,-1,-1,2,0,2,0,2,0,0,0,0,1,2,2,2,0,0,2,2
34,-1670.767,440.537,703.242,-202.248,-0.925115,-0.378606,-0.028609,0.378559,-0.925549,0.007269,-0.029232,-0.004105,0.999564,0,0.79575,-0.00382,47.745,-0.008,-1,400.000,-1,400.000,-1,325.000,325.000,325.000,325.000,600.000,-1,-1,-1,800.000,875.000,-1,-1,2,0,2,0,2,0,0,0,0,1,2,2,2,0,0,2,2
35,-1714.840,458.578,701.781,-202.261,-0.925029,-0.378828,-0.028478,0.378735,-0.925463,0.008797,-0.029688,-0.002648,0.999556,0,0.79370,-0.00679,47.622,-0.014,-1,400.000,-1,400.000,-1,325.000,325.000,325.000,300.000,625.000,-1,-1,-1,800.000,875.000,-1,-1,2,0,2,0,2,0,0,0,0,1,2,2,2,0,0,2,2
36,-1758.810,476.595,700.176,-202.281,-0.924880,-0.379150,-0.029006,0.379023,-0.925333,0.009960,-0.030616,-0.001782,0.999530,0,0.79198,-0.00996,47.519,-0.020,-1,400.000,-1,400.000,-1,325.000,325.000,325.000,300.000,650.000,-1,-1,-1,800.000,875.000,-1,-1,2,0,2,0,2,0,0,0,0,1,2,2,2,0,0,2,2
37,-1802.695,494.600,698.566,-202.308,-0.924687,-0.379581,-0.029540,0.379420,-0.925158,0.011124,-0.031551,-0.000922,0.999502,0,0.79057,-0.01334,47.434,-0.027,-1,400.000,-1,400.000,-1,325.000,325.000,325.000,300.000,675.000,-1,-1,-1,800.000,875.000,-1,-1,2,0,2,0,2,0,0,0,0,1,2,2,2,0,0,2,2
38,-1846.509,512.607,696.947,-202.342,-0.924445,-0.380128,-0.030073,0.379930,-0.924934,0.012261,-0.032476,-0.000091,0.999473,0,0.78950,-0.01691,47.370,-0.034,-1,400.000,-1,400.000,-1,325.000,325.000,325.000,300.000,700.000,-1,-1,-1,800.000,875.000,-1,-1,2,0,2,0,2,0,0,0,0,1,2,2,2,0,0,2,2
39,-1890.268,530.628,695.309,-202.383,-0.924153,-0.380795,-0.030594,0.380562,-0.924659,0.013333,-0.033366,0.000679,0.999443,0,0.78874,-0.02068,47.325,-0.041,-1,400.000,-1,400.000,-1,325.000,325.000,325.000,300.000,725.000,-1,-1,-1,800.000,875.000,-1,-1,2,0,2,0,2,0,0,0,0,1,2,2,2,0,0,2,2
40,-1933.987,548.676,693.644,-202.432,-0.923805,-0.381589,-0.031208,0.381322,-0.924331,0.014353,-0.034323,0.001359,0.999410,0,0.78831,-0.02462,47.298,-0.049,-1,400.000,-1,400.000,-1,325.000,325.000,325.000,300.000,750.000,-1,-1,-1,800.000,875.000,-1,-1,2,0,2,0,2,0,0,0,0,1,2,2,2,0,0,2,2
41,-1977.682,566.766,691.968,-202.490,-0.923400,-0.382516,-0.031846,0.382212,-0.923947,0.015359,-0.035299,0.002011,0.999375,0,0.78818,-0.02873,47.291,-0.057,-1,400.000,-1,400.000,-1,325.000,325.000,325.000,300.000,775.000,-1,-1,-1,800.000,875.000,-1,-1,2,0,2,0,2,0,0,0,0,1,2,2,2,0,0,2,2
42,-2021.366,584.910,690.280,-202.556,-0.922936,-0.383580,-0.032503,0.383240,-0.923504,0.016355,-0.036290,0.002638,0.999338,0,0.78836,-0.03301,47.302,-0.066,-1,400.000,-1,400.000,-1,325.000,325.000,325.000,300.000,800.000,-1,-1,-1,800.000,875.000,-1,-1,2,0,2,0,2,0,0,0,0,1,2,2,2,0,0,2,2
43,-2065.052,603.123,688.546,-202.631,-0.922414,-0.384786,-0.033041,0.384406,-0.923000,0.017417,-0.037199,0.003365,0.999302,0,0.78885,-0.03746,47.331,-0.075,-1,400.000,-1,400.000,-1,325.000,325.000,325.000,325.000,825.000,-1,-1,-1,800.000,875.000,-1,-1,2,0,2,0,2,0,0,0,0,1,2,2,2,0,0,2,2
44,-2108.755,621.417,686.759,-202.715,-0.921828,-0.386139,-0.033603,0.385712,-0.922431,0.018633,-0.038192,0.004215,0.999262,0,0.78962,-0.04206,47.377,-0.084,-1,400.000,-1,400.000,-1,325.000,325.000,325.000,325.000,850.000,-1,-1,-1,800.000,875.000,-1,-1,2,0,2,0,2,0,0,0,0,1,2,2,2,0,0,2,2
45,-2152.486,639.808,684.880,-202.808,-0.921172,-0.387644,-0.034279,0.387154,-0.921794,0.020192,-0.039425,0.005330,0.999208,0,0.79068,-0.04681,47.441,-0.094,-1,400.000,-1,400.000,1000.000,325.000,325.000,325.000,300.000,875.000,-1,-1,-1,800.000,875.000,-1,-1,2,0,2,0,1,0,0,0,0,1,2,2,2,0,0,2,2
46,-2200.330,660.256,682.742,-203.142,-0.918867,-0.393002,-0.035108,0.392433,-0.919514,0.022121,-0.040975,0.006548,0.999139,0,0.86717,-0.16681,52.030,-0.334,-1,400.000,-1,400.000,975.000,325.000,325.000,325.000,300.000,925.000,-1,-1,-1,800.000,875.000,-1,-1,2,0,2,0,1,0,0,0,0,1,2,2,2,0,0,2,2
47,-2248.019,681.062,680.578,-203.571,-0.915866,-0.399870,-0.035950,0.399219,-0.916539,0.024074,-0.042576,0.007697,0.999064,0,0.86717,-0.21445,52.030,-0.429,-1,400.000,-1,400.000,925.000,325.000,325.000,325.000,300.000,950.000,-1,-1,-1,775.000,875.000,-1,-1,2,0,2,0,1,0,0,0,0,1,2,2,2,0,0,2,2
48,-2295.541,702.230,678.393,-204.010,-0.912742,-0.406876,-0.036801,0.406136,-0.913441,0.026067,-0.044222,0.008846,0.998983,0,0.86704,-0.21945,52.023,-0.439,-1,400.000,-1,400.000,900.000,325.000,325.000,325.000,300.000,1000.000,-1,-1,-1,775.000,850.000,-1,-1,2,0,2,0,1,0,0,0,0,1,2,2,2,0,0,2,2
49,-2342.876,723.760,676.010,-204.459,-0.909498,-0.414019,-0.037438,0.413227,-0.910221,0.027215,-0.045344,0.009281,0.998928,0,0.86669,-0.22446,52.002,-0.449,-1,400.000,-1,400.000,850.000,325.000,325.000,325.000,300.000,-1,-1,-1,-1,775.000,850.000,-1,-1,2,0,2,0,1,0,0,0,0,2,2,2,2,0,0,2,2
50,-2390.006,745.655,673.578,-204.918,-0.906125,-0.421295,-0.038060,0.420457,-0.906873,0.028253,-0.046418,0.009598,0.998876,0,0.86612,-0.22948,51.967,-0.459,-1,400.000,-1,400.000,825.000,325.000,325.000,300.000,300.000,-1,-1,-1,-1,775.000,875.000,-1,-1,2,0,2,0,1,0,0,0,0,2,2,2,2,0,0,2,2
51,-2436.912,767.914,671.122,-205.387,-0.902616,-0.428703,-0.038701,0.427814,-0.903391,0.029313,-0.047528,0.009902,0.998821,0,0.86533,-0.23450,51.920,-0.469,-1,400.000,-1,400.000,800.000,325.000,325.000,300.000,300.000,-1,-1,-1,-1,775.000,875.000,-1,-1,2,0,2,0,1,0,0,0,0,2,2,2,2,0,0,2,2
52,-2483.577,790.539,668.635,-205.866,-0.898970,-0.436239,-0.039351,0.435300,-0.899773,0.030357,-0.048649,0.010160,0.998764,0,0.86433,-0.23949,51.860,-0.479,-1,400.000,-1,400.000,775.000,325.000,325.000,300.000,300.000,-1,-1,-1,-1,775.000,875.000,-1,-1,2,0,2,0,1,0,0,0,0,2,2,2,2,0,0,2,2
53,-2531.422,813.983,666.043,-206.105,-0.897112,-0.439986,-0.040031,0.438995,-0.897943,0.031347,-0.049738,0.010549,0.998707,0,0.88799,-0.11949,53.280,-0.239,-1,400.000,-1,400.000,750.000,325.000,325.000,300.000,300.000,-1,-1,-1,-1,775.000,875.000,-1,-1,2,0,2,0,1,0,0,0,0,2,2,2,2,0,1,2,2
54,-2579.166,837.376,663.407,-206.104,-0.897083,-0.439968,-0.040869,0.438922,-0.897946,0.032253,-0.050888,0.010996,0.998644,0,0.88612,0.00051,53.167,0.001,-1,400.000,-1,400.000,725.000,325.000,325.000,300.000,300.000,-1,-1,-1,-1,775.000,850.000,-1,-1,2,0,2,0,1,0,0,0,0,2,2,2,2,0,1,2,2
55,-2626.872,860.503,660.752,-205.863,-0.898887,-0.436184,-0.041779,0.435080,-0.899783,0.033105,-0.052032,0.011580,0.998578,0,0.88360,0.12051,53.016,0.241,-1,400.000,-1,400.000,725.000,325.000,325.000,300.000,300.000,-1,-1,-1,-1,775.000,850.000,-1,-1,2,0,2,0,1,0,0,0,0,2,2,2,2,0,1,2,2
56,-2676.682,884.134,657.973,-205.381,-0.902476,-0.428611,-0.042772,0.427443,-0.903405,0.033940,-0.053187,0.012348,0.998508,0,0.91885,0.24051,55.131,0.481,-1,400.000,-1,400.000,725.000,325.000,325.000,300.000,300.000,-1,-1,-1,-1,775.000,850.000,-1,-1,2,0,2,0,1,0,0,0,0,2,2,2,2,0,1,2,2
57,-2726.717,907.239,655.062,-204.786,-0.906860,-0.419199,-0.043321,0.417959,-0.907792,0.034968,-0.053985,0.013605,0.998449,0,0.91853,0.29751,55.112,0.595,-1,400.000,-1,400.000,750.000,325.000,325.000,300.000,300.000,-1,-1,-1,-1,775.000,850.000,-1,-1,2,0,2,0,1,0,0,0,0,2,2,2,2,0,1,2,2
58,-2776.920,929.810,652.013,-204.208,-0.911043,-0.410004,-0.043561,0.408679,-0.911956,0.036301,-0.054609,0.015269,0.998391,0,0.91740,0.28919,55.044,0.578,-1,400.000,-1,400.000,-1,325.000,325.000,300.000,300.000,-1,-1,-1,-1,775.000,875.000,-1,-1,2,0,2,0,2,0,0,0,0,2,2,2,2,0,0,2,2
59,-2827.244,951.845,648.899,-203.647,-0.915009,-0.401039,-0.043883,0.399616,-0.915901,0.037840,-0.055368,0.017088,0.998320,0,0.91562,0.28063,54.937,0.561,-1,400.000,-1,400.000,-1,325.000,325.000,300.000,300.000,-1,-1,-1,-1,775.000,875.000,-1,-1,2,0,2,0,2,0,0,0,0,2,2,2,2,0,0,2,2
60,-2877.641,973.344,645.768,-203.103,-0.918766,-0.392316,-0.044233,0.390792,-0.919637,0.039371,-0.056124,0.018887,0.998245,0,0.91318,0.27190,54.791,0.544,-1,400.000,-1,400.000,-1,325.000,325.000,300.000,300.000,-1,-1,-1,-1,775.000,875.000,-1,-1,2,0,2,0,2,0,0,0,0,2,2,2,2,0,0,2,2
61,-2928.063,994.309,642.624,-202.577,-0.922321,-0.383842,-0.044609,0.382217,-0.923167,0.040891,-0.056877,0.020664,0.998167,0,0.91011,0.26304,54.607,0.526,-1,400.000,-1,400.000,-1,325.000,325.000,300.000,300.000,-1,-1,-1,-1,775.000,875.000,-1,-1,2,0,2,0,2,0,0,0,0,2,2,2,2,0,0,2,2
62,-2978.464,1014.742,639.470,-202.069,-0.925678,-0.375625,-0.045009,0.373897,-0.926501,0.042399,-0.057627,0.022419,0.998086,0,0.90642,0.25410,54.385,0.508,-1,400.000,-1,400.000,-1,325.000,325.000,300.000,300.000,-1,-1,-1,-1,775.000,875.000,-1,-1,2,0,2,0,2,0,0,0,0,2,2,2,2,0,0,2,2
63,-3028.799,1034.649,636.310,-201.578,-0.928847,-0.367668,-0.045432,0.365836,-0.929644,0.043893,-0.058374,0.024149,0.998003,0,0.90214,0.24515,54.128,0.490,-1,400.000,-1,400.000,-1,325.000,325.000,300.000,300.000,-1,-1,-1,-1,775.000,875.000,-1,-1,2,0,2,0,2,0,0,0,0,2,2,2,2,0,0,2,2
64,-3079.029,1054.028,633.145,-201.098,-0.931886,-0.359838,-0.045877,0.357901,-0.932656,0.045372,-0.059114,0.025862,0.997916,0,0.89732,0.24042,53.839,0.481,-1,400.000,-1,400.000,-1,325.000,325.000,300.000,300.000,-1,-1,-1,-1,775.000,875.000,-1,-1,2,0,2,0,2,0,0,0,0,2,2,2,2,0,0,2,2
65,-3129.121,1072.878,629.981,-200.622,-0.934829,-0.352062,-0.046341,0.350020,-0.935571,0.046834,-0.059843,0.027562,0.997827,0,0.89201,0.23796,53.521,0.476,-1,400.000,-1,400.000,-1,325.000,325.000,300.000,300.000,-1,-1,-1,-1,775.000,875.000,-1,-1,2,0,2,0,2,0,0,0,0,2,2,2,2,0,0,2,2
66,-3179.043,1091.196,626.804,-200.150,-0.937682,-0.344329,-0.046800,0.342185,-0.938395,0.048211,-0.060518,0.029192,0.997740,0,0.88628,0.23593,53.177,0.472,-1,400.000,-1,400.000,-1,325.000,325.000,300.000,300.000,-1,-1,-1,-1,775.000,875.000,-1,-1,2,0,2,0,2,0,0,0,0,2,2,2,2,0,0,2,2
67,-3228.769,1108.982,623.595,-199.681,-0.940448,-0.336627,-0.047318,0.334388,-0.941139,0.049423,-0.061170,0.030657,0.997656,0,0.88019,0.23434,52.811,0.469,-1,400.000,-1,400.000,-1,325.000,325.000,300.000,300.000,-1,-1,-1,-1,800.000,875.000,-1,-1,2,0,2,0,2,0,0,0,0,2,2,2,2,0,0,2,2
68,-3278.279,1126.237,620.364,-199.215,-0.943131,-0.328942,-0.047970,0.326608,-0.943808,0.050527,-0.061895,0.031986,0.997570,0,0.87383,0.23319,52.430,0.466,-1,400.000,-1,400.000,-1,325.000,325.000,300.000,300.000,-1,-1,-1,-1,800.000,875.000,-1,-1,2,0,2,0,2,0,0,0,0,2,2,2,2,0,0,2,2
69,-3327.556,1142.963,617.113,-198.750,-0.945735,-0.321260,-0.048750,0.318833,-0.946410,0.051522,-0.062689,0.033183,0.997481,0,0.86731,0.23247,52.039,0.465,-1,400.000,-1,400.000,-1,325.000,325.000,300.000,300.000,-1,-1,-1,-1,800.000,875.000,-1,-1,2,0,2,0,2,0,0,0,1,2,2,2,2,0,0,2,2
70,-3376.592,1159.166,613.789,-198.285,-0.948283,-0.313564,-0.049357,0.311043,-0.948939,0.052601,-0.063331,0.034529,0.997395,0,0.86072,0.23219,51.643,0.464,-1,400.000,-1,400.000,-1,325.000,325.000,300.000,300.000,-1,-1,-1,-1,800.000,875.000,-1,-1,2,0,2,0,2,0,0,0,1,2,2,2,2,0,0,2,2
71,-3425.382,1174.850,610.425,-197.821,-0.950769,-0.305842,-0.049989,0.303212,-0.951399,0.053874,-0.064036,0.036064,0.997296,0,0.85416,0.23233,51.249,0.465,-1,400.000,-1,400.000,-1,325.000,325.000,300.000,275.000,-1,-1,-1,-1,800.000,875.000,-1,-1,2,0,2,0,2,0,0,0,1,2,2,2,2,0,0,2,2
72,-3473.929,1190.022,607.074,-197.355,-0.953198,-0.298081,-0.050610,0.295342,-0.953800,0.055125,-0.064703,0.037598,0.997196,0,0.84771,0.23289,50.863,0.466,-1,400.000,-1,400.000,-1,325.000,325.000,300.000,275.000,-1,-1,-1,-1,800.000,875.000,-1,-1,2,0,2,0,2,0,0,0,1,2,2,2,2,0,0,2,2
73,-3517.949,1203.588,604.020,-197.129,-0.954340,-0.294307,-0.051175,0.291472,-0.954925,0.056232,-0.065417,0.038748,0.997105,0,0.76771,0.11289,46.063,0.226,-1,400.000,-1,400.000,-1,325.000,325.000,300.000,275.000,-1,-1,-1,950.000,800.000,875.000,-1,-1,2,0,2,0,2,0,0,0,1,2,2,2,1,0,0,2,2
74,-3558.581,1216.122,601.176,-197.143,-0.954241,-0.294534,-0.051699,0.291613,-0.954823,0.057233,-0.066221,0.039538,0.997021,0,0.70869,-0.00711,42.521,-0.014,-1,400.000,-1,400.000,-1,325.000,325.000,300.000,275.000,-1,-1,-1,925.000,800.000,875.000,-1,-1,2,0,2,0,2,0,0,0,1,2,2,2,1,0,0,2,2
75,-3598.931,1228.765,598.319,-197.398,-0.952898,-0.298762,-0.052225,0.295757,-0.953488,0.058211,-0.067187,0.040023,0.996937,0,0.70473,-0.12711,42.284,-0.254,-1,400.000,-1,400.000,-1,325.000,325.000,300.000,275.000,-1,-1,-1,900.000,800.000,875.000,-1,-1,2,0,2,0,2,0,0,0,1,2,2,2,1,0,0,2,2
76,-3638.985,1241.696,595.437,-197.892,-0.950255,-0.306973,-0.052753,0.303886,-0.950869,0.059173,-0.068326,0.040199,0.996853,0,0.70149,-0.24711,42.090,-0.494,-1,400.000,-1,400.000,-1,325.000,325.000,300.000,275.000,-1,-1,-1,875.000,800.000,875.000,-1,-1,2,0,2,0,2,0,0,0,1,2,2,2,1,0,0,2,2
77,-3678.726,1255.091,592.523,-198.626,-0.946210,-0.319134,-0.053284,0.315968,-0.946863,0.060127,-0.069641,0.040057,0.996768,0,0.69895,-0.36711,41.937,-0.734,-1,400.000,-1,400.000,-1,325.000,325.000,300.000,300.000,-1,-1,-1,875.000,800.000,875.000,-1,-1,2,0,2,0,2,0,0,0,1,2,2,2,1,0,0,2,2
78,-3718.127,1269.121,589.567,-199.600,-0.940611,-0.335193,-0.053819,0.331950,-0.941317,0.061080,-0.071135,0.039587,0.996681,0,0.69708,-0.48711,41.825,-0.974,-1,400.000,-1,400.000,-1,325.000,325.000,300.000,300.000,-1,-1,-1,900.000,800.000,875.000,-1,-1,2,0,2,0,2,0,0,0,1,2,2,2,1,0,0,2,2
79,-3757.153,1283.958,586.561,-200.815,-0.933255,-0.355076,-0.054360,0.351759,-0.934033,0.062038,-0.072802,0.038775,0.996592,0,0.69584,-0.60711,41.750,-1.214,-1,400.000,-1,400.000,-1,325.000,325.000,300.000,300.000,-1,-1,-1,925.000,800.000,875.000,-1,-1,2,0,2,0,2,0,0,0,1,2,2,2,1,0,0,2,2
80,-3795.754,1299.765,583.462,-202.269,-0.923895,-0.378681,-0.054951,0.375278,-0.924758,0.063161,-0.074734,0.037733,0.996489,0,0.69519,-0.72711,41.711,-1.454,-1,400.000,-1,400.000,-1,325.000,325.000,300.000,300.000,-1,-1,-1,975.000,825.000,850.000,-1,-1,2,0,2,0,2,0,0,0,0,2,2,2,1,0,0,2,2
81,-3833.864,1316.704,580.213,-203.963,-0.912239,-0.405878,-0.055536,0.402393,-0.913206,0.064305,-0.076815,0.036314,0.996384,0,0.69509,-0.84711,41.705,-1.694,-1,400.000,-1,400.000,-1,325.000,325.000,300.000,300.000,-1,-1,-1,-1,825.000,850.000,-1,-1,2,0,2,0,2,0,0,0,0,2,2,2,2,0,0,2,2
82,-3871.404,1334.931,576.828,-205.897,-0.897937,-0.436500,-0.056361,0.432940,-0.899051,0.065347,-0.079196,0.034277,0.996270,0,0.69550,-0.96711,41.730,-1.934,-1,400.000,-1,400.000,-1,325.000,325.000,300.000,300.000,-1,-1,-1,-1,825.000,850.000,-1,-1,2,0,2,0,2,0,0,0,0,2,2,2,2,0,0,2,2
83,-3908.331,1354.482,573.312,-207.897,-0.882044,-0.467648,-0.057469,0.464014,-0.883341,0.066332,-0.081785,0.031841,0.996141,0,0.69639,-1.00000,41.783,-2.000,-1,400.000,-1,400.000,-1,325.000,325.000,300.000,300.000,-1,-1,-1,-1,825.000,850.000,-1,-1,2,0,2,0,2,0,0,0,0,2,2,2,2,0,0,2,2
84,-3944.607,1375.340,569.738,-209.897,-0.865068,-0.498229,-0.058521,0.494520,-0.866547,0.067423,-0.084304,0.029385,0.996007,0,0.69740,-1.00000,41.844,-2.000,-1,400.000,-1,400.000,-1,325.000,325.000,300.000,300.000,-1,-1,-1,-1,825.000,850.000,-1,-1,2,0,2,0,2,0,0,0,0,2,2,2,2,0,0,2,2
85,-3980.184,1397.484,566.055,-211.897,-0.847030,-0.528208,-0.059475,0.524448,-0.848696,0.068335,-0.086571,0.026690,0.995888,0,0.69842,-1.00000,41.905,-2.000,-1,400.000,-1,400.000,-1,325.000,325.000,300.000,300.000,-1,-1,-1,-1,825.000,850.000,-1,-1,2,0,2,0,2,0,0,0,0,2,2,2,2,0,0,2,2
86,-4015.017,1420.889,562.302,-213.897,-0.827951,-0.557544,-0.060346,0.553741,-0.829802,0.069272,-0.088698,0.023938,0.995771,0,0.69942,-1.00000,41.965,-2.000,-1,400.000,-1,400.000,-1,325.000,325.000,300.000,300.000,-1,-1,-1,-1,825.000,850.000,-1,-1,2,0,2,0,2,0,0,0,0,2,2,2,2,0,0,2,2
87,-4049.061,1445.530,558.470,-215.897,-0.807864,-0.586200,-0.061043,0.582358,-0.809888,0.070288,-0.090641,0.021235,0.995657,0,0.70043,-1.00000,42.026,-2.000,-1,400.000,-1,400.000,-1,325.000,325.000,300.000,300.000,-1,-1,-1,-1,825.000,850.000,-1,-1,2,0,2,0,2,0,0,0,0,2,2,2,2,0,0,2,2
88,-4082.271,1471.382,554.588,-217.897,-0.786783,-0.614141,-0.061670,0.610264,-0.788980,0.071335,-0.092466,0.018491,0.995544,0,0.70142,-1.00000,42.085,-2.000,-1,400.000,-1,400.000,-1,325.000,325.000,300.000,300.000,-1,-1,-1,-1,825.000,850.000,-1,-1,2,0,2,0,2,0,0,0,0,2,2,2,2,0,0,2,2
89,-4118.367,1501.304,550.220,-219.657,-0.767419,-0.638109,-0.062323,0.634184,-0.769777,0.072482,-0.094227,0.016100,0.995421,0,0.78142,-0.88000,46.885,-1.760,-1,400.000,-1,400.000,-1,325.000,325.000,300.000,300.000,-1,-1,-1,-1,800.000,850.000,-1,-1,2,0,2,0,2,0,0,0,0,2,2,2,2,0,0,2,2
90,-4155.767,1534.020,545.546,-221.177,-0.750096,-0.658324,-0.062966,0.654339,-0.752603,0.073682,-0.095895,0.014068,0.995292,0,0.82816,-0.76000,49.689,-1.520,-1,400.000,-1,400.000,-1,325.000,325.000,300.000,300.000,-1,-1,-1,-1,800.000,850.000,-1,-1,2,0,2,0,2,0,0,0,0,2,2,2,2,0,0,2,2
91,-4192.417,1567.553,540.828,-222.457,-0.735087,-0.674987,-0.063559,0.670935,-0.737726,0.074880,-0.097432,0.012400,0.995165,0,0.82794,-0.64000,49.676,-1.280,-1,400.000,-1,400.000,-1,325.000,325.000,300.000,300.000,-1,-1,-1,-1,800.000,850.000,-1,-1,2,0,2,0,2,0,0,0,0,2,2,2,2,0,0,2,2
92,-4228.430,1601.725,536.056,-223.497,-0.722611,-0.688276,-0.064105,0.684143,-0.725364,0.076133,-0.098900,0.011157,0.995035,0,0.82740,-0.52000,49.644,-1.040,-1,400.000,-1,400.000,-1,325.000,325.000,300.000,300.000,-1,-1,-1,-1,800.000,850.000,-1,-1,2,0,2,0,2,0,0,0,0,2,2,2,2,0,0,2,2
93,-4263.927,1636.361,531.179,-224.297,-0.712800,-0.698345,-0.065036,0.694127,-0.715692,0.077278,-0.100513,0.009941,0.994886,0,0.82659,-0.40000,49.595,-0.800,-1,400.000,-1,400.000,-1,325.000,325.000,300.000,300.000,-1,-1,-1,-1,800.000,850.000,-1,-1,2,0,2,0,2,0,0,0,0,2,2,2,2,0,0,2,2
94,-4299.039,1671.299,526.256,-224.857,-0.705811,-0.705313,-0.066060,0.701004,-0.708839,0.078362,-0.102096,0.009000,0.994734,0,0.82555,-0.28000,49.533,-0.560,-1,400.000,-1,400.000,-1,325.000,325.000,300.000,300.000,-1,-1,-1,-1,775.000,850.000,-1,-1,2,0,2,0,2,0,0,0,0,2,2,2,2,0,0,2,2
95,-4333.904,1706.380,521.174,-225.177,-0.701759,-0.709266,-0.066909,0.704912,-0.704894,0.078896,-0.103122,0.008201,0.994635,0,0.82432,-0.16000,49.459,-0.320,-1,400.000,-1,400.000,-1,325.000,325.000,300.000,300.000,-1,-1,-1,-1,775.000,850.000,-1,-1,2,0,2,0,2,0,0,0,0,2,2,2,2,0,0,2,2
96,-4368.662,1741.452,516.011,-225.257,-0.700720,-0.710250,-0.067362,0.705838,-0.703903,0.079461,-0.103854,0.008133,0.994559,0,0.82295,-0.04000,49.377,-0.080,-1,400.000,-1,400.000,-1,325.000,325.000,300.000,300.000,-1,-1,-1,-1,775.000,850.000,-1,-1,2,0,2,0,2,0,0,0,0,2,2,2,2,0,0,2,2
97,-4403.456,1776.364,510.847,-225.097,-0.702673,-0.708279,-0.067763,0.703795,-0.705881,0.080024,-0.104512,0.008539,0.994487,0,0.82150,0.08000,49.290,0.160,-1,400.000,-1,400.000,-1,325.000,325.000,300.000,300.000,-1,-1,-1,-1,775.000,850.000,-1,-1,2,0,2,0,2,0,0,0,0,2,2,2,2,0,0,2,2
98,-4438.320,1811.082,505.680,-224.880,-0.705335,-0.705593,-0.068124,0.701036,-0.708559,0.080577,-0.105124,0.009077,0.994418,0,0.82003,0.10865,49.202,0.217,-1,400.000,-1,400.000,-1,325.000,325.000,300.000,300.000,-1,-1,-1,-1,775.000,850.000,-1,-1,2,0,2,0,2,0,0,0,0,2,2,2,2,0,0,2,2
99,-4473.269,1845.613,500.509,-224.655,-0.708077,-0.702810,-0.068447,0.698179,-0.711312,0.081120,-0.105699,0.009651,0.994351,0,0.81884,0.11217,49.130,0.224,-1,400.000,-1,400.000,-1,325.000,325.000,300.000,300.000,-1,-1,-1,1000.000,775.000,850.000,-1,-1,2,0,2,0,2,0,0,0,0,2,2,2,1,0,0,2,2
100,-4508.320,1879.967,495.316,-224.424,-0.710896,-0.699922,-0.068815,0.695219,-0.714146,0.081643,-0.106288,0.010198,0.994283,0,0.81798,0.11591,49.079,0.232,-1,400.000,-1,400.000,-1,325.000,325.000,300.000,300.000,-1,-1,-1,950.000,750.000,850.000,-1,-1,2,0,2,0,2,0,0,0,0,2,2,2,1,0,0,2,2
101,-4543.493,1914.152,489.946,-224.184,-0.713797,-0.696921,-0.069245,0.692078,-0.717061,0.082776,-0.107341,0.011163,0.994160,0,0.81747,0.11986,49.048,0.240,-1,400.000,-1,400.000,-1,325.000,325.000,300.000,300.000,-1,-1,-1,925.000,750.000,825.000,-1,-1,2,0,2,0,2,0,0,0,0,2,2,2,1,0,0,2,2
102,-4575.481,1944.725,485.032,-223.704,-0.719620,-0.690879,-0.069521,0.685857,-0.722856,0.084137,-0.108383,0.012865,0.994026,0,0.73747,0.23986,44.248,0.480,-1,400.000,-1,400.000,-1,325.000,325.000,300.000,300.000,-1,-1,-1,900.000,750.000,825.000,-1,-1,2,0,2,0,2,0,0,0,0,2,2,2,1,0,0,2,2
103,-4604.339,1971.621,480.664,-222.985,-0.728278,-0.681725,-0.069734,0.676532,-0.731456,0.085305,-0.109161,0.014948,0.993912,0,0.65747,0.35986,39.448,0.720,-1,375.000,-1,400.000,-1,325.000,325.000,300.000,300.000,-1,-1,-1,900.000,750.000,800.000,-1,-1,2,0,2,0,2,0,0,0,0,2,2,2,1,0,0,2,2
104,-4630.078,1994.816,476.842,-222.025,-0.739649,-0.669352,-0.069918,0.663995,-0.742742,0.086279,-0.109682,0.017391,0.993815,0,0.57747,0.47986,34.648,0.960,-1,375.000,-1,400.000,-1,325.000,325.000,300.000,300.000,-1,-1,-1,900.000,750.000,800.000,-1,-1,2,0,2,0,2,0,0,0,0,2,2,2,1,0,0,2,2
105,-4652.665,2014.330,473.565,-220.825,-0.753570,-0.653620,-0.070101,0.648109,-0.756554,0.087064,-0.109942,0.020176,0.993733,0,0.49747,0.59986,29.848,1.200,-1,375.000,-1,400.000,-1,325.000,325.000,300.000,300.000,-1,-1,-1,900.000,725.000,775.000,-1,-1,2,0,2,0,2,0,0,0,0,2,2,2,1,0,0,2,2
106,-4672.003,2030.250,470.828,-219.463,-0.768970,-0.635410,-0.070277,0.629759,-0.771828,0.087671,-0.109949,0.023159,0.993667,0,0.41747,0.68104,25.048,1.362,-1,375.000,-1,400.000,-1,325.000,325.000,300.000,300.000,-1,-1,-1,900.000,725.000,775.000,-1,-1,2,0,2,0,2,0,0,0,0,2,2,2,1,0,0,2,2
107,-4687.939,2042.742,468.626,-218.096,-0.783989,-0.616766,-0.070432,0.610994,-0.786715,0.088122,-0.109761,0.026053,0.993617,0,0.33747,0.68372,20.248,1.367,-1,375.000,-1,400.000,-1,325.000,325.000,300.000,300.000,-1,-1,-1,900.000,725.000,750.000,-1,-1,2,0,2,0,2,0,0,0,0,2,2,2,1,0,0,2,2
108,-4700.321,2051.979,466.949,-216.724,-0.798599,-0.597708,-0.070600,0.591842,-0.801197,0.088358,-0.109377,0.028778,0.993584,0,0.25747,0.68597,15.448,1.372,-1,375.000,-1,400.000,-1,325.000,325.000,300.000,325.000,-1,-1,-1,925.000,725.000,750.000,-1,-1,2,0,2,0,2,0,0,0,0,2,2,2,1,0,0,2,2
109,-4709.007,2058.139,465.791,-215.348,-0.812778,-0.578259,-0.070769,0.572323,-0.815251,0.088392,-0.108808,0.031340,0.993569,0,0.17747,0.68774,10.648,1.375,-1,375.000,-1,400.000,-1,300.000,325.000,300.000,325.000,-1,-1,-1,925.000,725.000,750.000,-1,-1,2,0,2,0,2,0,0,0,0,2,2,2,1,0,0,2,2
110,-4713.857,2061.406,465.166,-213.970,-0.826506,-0.558442,-0.070931,0.552448,-0.828854,0.088330,-0.108119,0.033820,0.993563,0,0.09747,0.68900,5.848,1.378,-1,375.000,-1,400.000,-1,300.000,325.000,300.000,325.000,-1,-1,-1,925.000,725.000,750.000,-1,-1,2,0,2,0,2,0,0,0,0,2,2,2,1,0,0,2,2
111,-4714.741,2061.970,465.065,-212.591,-0.839762,-0.538282,-0.071077,0.532243,-0.841986,0.088182,-0.107313,0.036222,0.993565,0,0.01747,0.68970,1.048,1.379,-1,375.000,-1,400.000,-1,300.000,325.000,300.000,325.000,-1,-1,-1,925.000,725.000,750.000,-1,-1,2,0,2,0,2,0,0,0,0,2,2,2,1,0,0,2,2
112,-4711.532,2060.025,465.480,-211.211,-0.852529,-0.517808,-0.071198,0.511737,-0.854628,0.087957,-0.106392,0.038551,0.993577,0,-0.06253,0.68983,-3.752,1.380,-1,375.000,-1,400.000,-1,300.000,325.000,300.000,325.000,-1,-1,-1,925.000,725.000,750.000,-1,-1,2,0,2,0,2,0,0,0,0,2,2,2,1,0,0,2,2
113,-4704.200,2055.819,466.392,-209.832,-0.864789,-0.497050,-0.071281,0.490958,-0.866761,0.087666,-0.105358,0.040816,0.993596,0,-0.14088,0.68936,-8.453,1.379,-1,375.000,-1,400.000,-1,300.000,325.000,300.000,325.000,-1,-1,-1,925.000,725.000,750.000,-1,-1,2,0,2,0,2,0,0,0,0,2,2,2,1,0,0,2,2
114,-4696.694,2051.750,467.308,-208.456,-0.876526,-0.476039,-0.071340,0.469929,-0.878369,0.087376,-0.104257,0.043062,0.993618,0,-0.14230,0.68828,-8.538,1.377,-1,375.000,-1,400.000,-1,300.000,325.000,300.000,325.000,-1,-1,-1,925.000,725.000,750.000,-1,-1,2,0,2,0,2,0,0,0,0,2,2,2,1,0,0,2,2
115,-4689.015,2047.822,468.226,-207.082,-0.887734,-0.454790,-0.071376,0.448666,-0.889446,0.087088,-0.103092,0.045287,0.993640,0,-0.14375,0.68717,-8.625,1.374,-1,375.000,-1,400.000,-1,325.000,325.000,300.000,325.000,-1,-1,-1,925.000,750.000,750.000,-1,-1,2,0,2,0,2,0,0,0,0,2,2,2,1,0,0,2,2
116,-4681.164,2044.041,469.147,-205.709,-0.898409,-0.433318,-0.071388,0.427183,-0.899989,0.086805,-0.101863,0.047491,0.993664,0,-0.14522,0.68603,-8.713,1.372,-1,375.000,-1,400.000,-1,325.000,325.000,300.000,325.000,-1,-1,-1,925.000,750.000,750.000,-1,-1,2,0,2,0,2,0,0,0,0,2,2,2,1,0,0,2,2
117,-4673.144,2040.412,470.069,-204.340,-0.908548,-0.411638,-0.071376,0.405494,-0.909993,0.086529,-0.100570,0.049673,0.993689,0,-0.14671,0.68486,-8.803,1.370,-1,400.000,-1,400.000,-1,325.000,325.000,300.000,325.000,-1,-1,-1,925.000,750.000,750.000,-1,-1,2,0,2,0,2,0,0,0,0,2,2,2,1,0,0,2,2
118,-4664.956,2036.939,470.992,-202.972,-0.918148,-0.389763,-0.071341,0.383616,-0.919455,0.086259,-0.099215,0.051831,0.993715,0,-0.14822,0.68366,-8.893,1.367,-1,400.000,-1,400.000,-1,325.000,325.000,300.000,325.000,-1,-1,-1,925.000,750.000,750.000,-1,-1,2,0,2,0,2,0,0,0,0,2,2,2,1,0,0,2,2
119,-4656.603,2033.629,471.915,-201.608,-0.927204,-0.367710,-0.071282,0.361563,-0.928373,0.085999,-0.097799,0.053966,0.993742,0,-0.14975,0.68243,-8.985,1.365,-1,400.000,-1,400.000,-1,325.000,325.000,300.000,325.000,-1,-1,-1,925.000,750.000,750.000,-1,-1,2,0,2,0,2,0,0,0,0,2,2,2,1,0,0,2,2
120,-4648.086,2030.486,472.839,-200.245,-0.935716,-0.345494,-0.071201,0.339349,-0.936744,0.085750,-0.096323,0.056075,0.993769,0,-0.15130,0.68118,-9.078,1.362,-1,400.000,-1,400.000,-1,325.000,325.000,300.000,325.000,-1,-1,-1,950.000,750.000,750.000,-1,-1,2,0,2,0,2,0,0,0,0,2,2,2,1,0,0,2,2
121,-4639.408,2027.516,473.761,-198.885,-0.943681,-0.323128,-0.071096,0.316989,-0.944566,0.085514,-0.094787,0.058161,0.993797,0,-0.15286,0.67990,-9.172,1.360,-1,400.000,-1,400.000,-1,325.000,325.000,300.000,325.000,-1,-1,-1,950.000,775.000,750.000,-1,-1,2,0,2,0,2,0,0,0,0,2,2,2,1,0,0,2,2
122,-4630.571,2024.724,474.683,-197.528,-0.951097,-0.300629,-0.070970,0.294499,-0.951838,0.085290,-0.093193,0.060219,0.993825,0,-0.15445,0.67859,-9.267,1.357,-1,400.000,-1,400.000,-1,325.000,325.000,300.000,325.000,-1,-1,-1,950.000,775.000,750.000,-1,-1,2,0,2,0,2,0,0,0,0,2,2,2,1,0,0,2,2
123,-4621.578,2022.114,475.602,-196.174,-0.957963,-0.278011,-0.070826,0.271893,-0.958559,0.085081,-0.091544,0.062248,0.993854,0,-0.15605,0.67725,-9.363,1.354,-1,400.000,-1,400.000,-1,325.000,325.000,300.000,325.000,-1,-1,900.000,950.000,775.000,750.000,-1,-1,2,0,2,0,2,0,0,0,0,2,2,1,1,0,0,2,2
124,-4612.433,2019.692,476.519,-194.822,-0.964279,-0.255288,-0.070662,0.249186,-0.964728,0.084888,-0.089841,0.064247,0.993882,0,-0.15767,0.67588,-9.460,1.352,-1,400.000,-1,400.000,-1,325.000,325.000,300.000,325.000,-1,-1,825.000,975.000,775.000,750.000,-1,-1,2,0,2,0,2,0,0,0,0,2,2,1,1,0,0,2,2
125,-4603.138,2017.463,477.433,-193.473,-0.970045,-0.232476,-0.070482,0.226393,-0.970346,0.084710,-0.088085,0.066216,0.993910,0,-0.15930,0.67449,-9.558,1.349,-1,400.000,-1,400.000,-1,325.000,325.000,300.000,325.000,-1,-1,800.000,975.000,775.000,750.000,-1,-1,2,0,2,0,2,0,0,0,0,2,2,1,1,0,0,2,2
126,-4593.697,2015.433,478.343,-192.127,-0.975260,-0.209589,-0.070285,0.203528,-0.975412,0.084551,-0.086277,0.068154,0.993937,0,-0.16094,0.67306,-9.656,1.346,-1,400.000,-1,400.000,-1,325.000,325.000,300.000,325.000,-1,-1,750.000,975.000,775.000,750.000,-1,-1,2,0,2,0,2,0,0,0,0,2,2,1,1,0,0,2,2
127,-4584.113,2013.606,479.248,-190.784,-0.979926,-0.186641,-0.070072,0.180605,-0.979927,0.084410,-0.084420,0.070060,0.993964,0,-0.16259,0.67161,-9.756,1.343,-1,400.000,-1,400.000,-1,325.000,325.000,300.000,325.000,-1,925.000,725.000,1000.000,800.000,750.000,-1,-1,2,0,2,0,2,0,0,0,0,2,1,1,1,0,0,2,2
128,-4574.391,2011.987,480.148,-189.443,-0.984043,-0.163647,-0.069846,0.157640,-0.983893,0.084288,-0.082514,0.071932,0.993991,0,-0.16426,0.67014,-9.856,1.340,-1,400.000,-1,400.000,-1,325.000,325.000,300.000,325.000,-1,825.000,725.000,1000.000,800.000,750.000,-1,-1,2,0,2,0,2,0,0,0,0,2,1,1,1,0,0,2,2
129,-4564.534,2010.581,481.042,-188.106,-0.987613,-0.140622,-0.069607,0.134646,-0.987311,0.084186,-0.080562,0.073771,0.994016,0,-0.16593,0.66864,-9.956,1.337,-1,400.000,-1,400.000,-1,325.000,325.000,300.000,325.000,-1,775.000,700.000,1000.000,800.000,750.000,-1,-1,2,0,2,0,2,0,0,0,0,2,1,1,1,0,0,2,2
130,-4554.546,2009.393,481.875,-186.772,-0.990627,-0.117579,-0.069521,0.111622,-0.990183,0.084130,-0.078731,0.075581,0.994027,0,-0.16762,0.66711,-10.057,1.334,-1,400.000,-1,400.000,-1,325.000,325.000,300.000,325.000,-1,725.000,675.000,-1,800.000,750.000,-1,-1,2,0,2,0,2,0,0,0,0,2,1,1,2,0,0,2,2
131,-4544.433,2008.428,482.648,-185.441,-0.993095,-0.094533,-0.069474,0.088600,-0.992516,0.084031,-0.076898,0.077295,0.994038,0,-0.16930,0.66555,-10.158,1.331,-1,400.000,-1,400.000,-1,325.000,325.000,300.000,325.000,-1,700.000,675.000,-1,800.000,750.000,-1,-1,2,0,2,0,2,0,0,0,0,2,1,1,2,0,0,2,2
132,-4534.199,2007.690,483.404,-184.113,-0.995023,-0.071497,-0.069404,0.065594,-0.994313,0.083903,-0.075008,0.078933,0.994054,0,-0.17099,0.66397,-10.260,1.328,-1,400.000,-1,400.000,-1,325.000,325.000,300.000,325.000,-1,675.000,650.000,-1,800.000,750.000,-1,-1,2,0,2,0,2,0,0,0,0,2,1,1,2,0,0,2,2
133,-4528.744,2007.446,483.789,-182.545,-0.996611,-0.044257,-0.069345,0.038387,-0.995742,0.083812,-0.072759,0.080866,0.994066,0,-0.09099,0.78397,-5.460,1.568,-1,400.000,-1,400.000,-1,325.000,325.000,300.000,325.000,-1,675.000,650.000,-1,800.000,750.000,-1,-1,2,0,2,0,2,0,0,0,0,2,1,1,2,0,0,2,2
134,-4528.083,2007.435,483.826,-180.738,-0.997513,-0.012832,-0.069298,0.007000,-0.996461,0.083763,-0.070128,0.083069,0.994073,0,-0.01099,0.90354,-0.660,1.807,-1,400.000,-1,400.000,-1,325.000,325.000,300.000,325.000,-1,650.000,650.000,-1,800.000,750.000,-1,-1,2,0,2,0,2,0,0,0,0,2,1,1,2,0,0,2,2
135,-4532.222,2007.355,483.539,-178.931,-0.997425,0.018590,-0.069268,-0.024383,-0.996188,0.083759,-0.067447,0.085232,0.994076,0,0.06901,0.90344,4.140,1.807,-1,400.000,-1,400.000,-1,325.000,325.000,300.000,325.000,-1,650.000,650.000,-1,800.000,750.000,-1,-1,2,0,2,0,2,0,0,0,0,2,1,1,2,0,0,2,2
