timestep,x_cm,y_cm,z_cm,yaw_deg,basis_xx,basis_xy,basis_xz,basis_yx,basis_yy,basis_yz,basis_zx,basis_zy,basis_zz,teleport_flag,throttle_cmd,steering_cmd,cmd_move_cm,cmd_turn_deg,lidar_cm_0,lidar_cm_1,lidar_cm_2,lidar_cm_3,lidar_cm_4,lidar_cm_5,lidar_cm_6,lidar_cm_7,lidar_cm_8,lidar_cm_9,lidar_cm_10,lidar_cm_11,lidar_cm_12,lidar_cm_13,lidar_cm_14,lidar_cm_15,lidar_cm_16,lidar_class_0,lidar_class_1,lidar_class_2,lidar_class_3,lidar_class_4,lidar_class_5,lidar_class_6,lidar_class_7,lidar_class_8,lidar_class_9,lidar_class_10,lidar_class_11,lidar_class_12,lidar_class_13,lidar_class_14,lidar_class_15,lidar_class_16
0,-17861.694,13590.695,173.724,54.443,0.581382,-0.813517,-0.013576,0.813009,0.581509,-0.029383,0.031798,0.006045,0.999476,0,0.08000,0.12000,4.800,0.240,-1,375.000,-1,300.000,-1,250.000,250.000,325.000,350.000,-1,225.000,275.000,-1,-1,500.000,-1,-1,2,1,2,1,2,1,1,0,1,2,0,0,2,2,1,2,2
1,-17856.167,13598.545,174.186,54.851,0.575529,-0.817642,-0.015083,0.817093,0.575703,-0.030412,0.033549,0.005179,0.999424,0,0.16000,0.20403,9.600,0.408,-1,375.000,-1,300.000,-1,250.000,250.000,325.000,350.000,-1,225.000,275.000,-1,-1,500.000,-1,-1,2,1,2,1,2,1,1,0,1,2,0,0,2,2,1,2,2
2,-17847.960,13610.378,174.899,55.255,0.569680,-0.821686,-0.017194,0.821070,0.569925,-0.032093,0.036170,0.004165,0.999337,0,0.24000,0.20206,14.400,0.404,-1,375.000,-1,300.000,-1,250.000,250.000,325.000,350.000,-1,225.000,250.000,-1,-1,575.000,-1,-1,2,1,2,1,2,1,1,0,1,2,0,0,2,2,1,2,2
3,-17837.127,13626.230,175.881,55.654,0.563840,-0.825644,-0.019938,0.824929,0.564184,-0.034475,0.039713,0.002991,0.999207,0,0.32000,0.19974,19.200,0.399,-1,400.000,-1,300.000,-1,275.000,250.000,325.000,350.000,-1,200.000,250.000,-1,-1,650.000,-1,-1,2,1,2,1,2,1,1,0,1,2,0,0,2,2,1,2,2
4,-17823.723,13646.139,177.155,56.048,0.558009,-0.829506,-0.023349,0.828654,0.558495,-0.037622,0.044248,0.001645,0.999019,0,0.40000,0.19700,24.000,0.394,-1,425.000,-1,300.000,-1,275.000,250.000,325.000,350.000,-1,200.000,225.000,-1,-1,750.000,-1,-1,2,1,2,1,2,1,1,0,1,2,0,0,2,2,1,2,2
5,-17807.800,13670.137,178.750,56.436,0.552190,-0.833266,-0.027471,0.832226,0.552873,-0.041618,0.049867,0.000119,0.998756,0,0.48000,0.19375,28.800,0.387,-1,450.000,-1,300.000,-1,300.000,250.000,325.000,350.000,-1,175.000,225.000,-1,-1,850.000,-1,-1,2,1,2,1,2,1,1,0,1,2,0,0,2,2,1,2,2
6,-17789.408,13698.258,180.358,56.815,0.546354,-0.836907,-0.032919,0.835710,0.547336,-0.044853,0.055556,-0.003005,0.998451,0,0.56000,0.18984,33.600,0.380,-1,500.000,-1,300.000,-1,325.000,250.000,325.000,375.000,-1,175.000,200.000,-1,-1,950.000,-1,-1,2,1,2,1,2,1,1,0,1,2,0,0,2,2,1,2,2
7,-327.958,-6231.335,-130.838,-14.472,0.966853,0.249570,0.053948,-0.251782,0.967000,0.038952,-0.042446,-0.051244,0.997784,1,0.00000,0.00000,38.400,0.370,-1,425.000,-1,450.000,-1,350.000,375.000,275.000,200.000,-1,450.000,550.000,-1,700.000,850.000,-1,-1,2,0,2,1,2,1,1,0,1,2,0,0,2,0,0,2,2
8,-323.316,-6232.554,-131.106,-14.712,0.965794,0.253613,0.054066,-0.255839,0.965927,0.039141,-0.042297,-0.051634,0.997770,0,0.08000,-0.12000,4.800,-0.240,-1,425.000,-1,475.000,-1,350.000,375.000,275.000,200.000,-1,450.000,550.000,-1,700.000,850.000,-1,-1,2,0,2,0,2,1,1,0,1,2,0,0,2,0,0,2,2
9,-314.051,-6235.069,-131.644,-15.192,0.963624,0.261686,0.054316,-0.263942,0.963728,0.039525,-0.042003,-0.052423,0.997741,0,0.16000,-0.24000,9.600,-0.480,-1,425.000,-1,475.000,-1,350.000,375.000,275.000,200.000,-1,450.000,550.000,-1,700.000,850.000,-1,-1,2,0,2,0,2,1,1,0,1,2,0,0,2,0,0,2,2
10,-300.202,-6239.016,-132.450,-15.912,0.960241,0.273758,0.054724,-0.276061,0.960303,0.040108,-0.041572,-0.053621,0.997696,0,0.24000,-0.36000,14.400,-0.720,-1,425.000,-1,475.000,-1,350.000,375.000,275.000,200.000,-1,450.000,575.000,-1,700.000,850.000,-1,-1,2,0,2,0,2,0,1,0,1,2,0,0,2,0,1,2,2
11,-281.821,-6244.566,-133.528,-16.805,0.955825,0.288679,0.055348,-0.291048,0.955836,0.040849,-0.041111,-0.055154,0.997631,0,0.32000,-0.44686,19.200,-0.894,1000.000,425.000,-1,475.000,-1,350.000,375.000,250.000,200.000,-1,475.000,575.000,-1,700.000,850.000,-1,-1,0,0,2,0,2,0,0,0,1,2,0,0,2,0,1,2,2
12,-258.957,-6251.863,-134.882,-17.703,0.951140,0.303588,0.056277,-0.306040,0.951108,0.041622,-0.040890,-0.056811,0.997547,0,0.40000,-0.44877,24.000,-0.898,975.000,400.000,-1,450.000,-1,350.000,375.000,250.000,200.000,-1,475.000,600.000,-1,700.000,825.000,-1,-1,0,0,2,0,2,0,0,0,1,2,0,0,2,0,1,2,2
13,-231.661,-6261.050,-136.511,-18.605,0.946176,0.318489,0.057584,-0.321049,0.946113,0.042408,-0.040974,-0.058613,0.997440,0,0.48000,-0.45098,28.800,-0.902,950.000,400.000,-1,450.000,-1,350.000,375.000,250.000,200.000,-1,500.000,625.000,-1,700.000,800.000,-1,-1,0,0,2,0,2,0,0,0,1,2,0,0,2,0,1,2,2
14,-199.990,-6272.271,-138.416,-19.511,0.940922,0.333381,0.059361,-0.336078,0.940844,0.043183,-0.041453,-0.060582,0.997302,0,0.56000,-0.45334,33.600,-0.907,900.000,400.000,-1,450.000,-1,350.000,350.000,250.000,200.000,-1,525.000,650.000,-1,675.000,800.000,-1,-1,0,0,2,0,2,0,0,0,1,2,0,0,2,0,1,2,2
15,-164.002,-6285.669,-140.597,-20.423,0.935365,0.348255,0.061724,-0.351127,0.935298,0.043907,-0.042439,-0.062742,0.997127,0,0.64000,-0.45563,38.400,-0.911,850.000,400.000,-1,450.000,-1,325.000,350.000,250.000,200.000,-1,575.000,725.000,-1,650.000,775.000,-1,-1,0,0,2,0,2,0,0,0,1,2,0,0,2,0,1,2,2
16,-129.076,-6299.310,-142.739,-21.338,0.929526,0.363099,0.064343,-0.366164,0.929485,0.044513,-0.043644,-0.064936,0.996935,0,0.62493,-0.45760,37.496,-0.915,800.000,375.000,-1,425.000,-1,325.000,350.000,250.000,200.000,-1,650.000,775.000,-1,650.000,750.000,-1,-1,0,0,2,0,2,0,0,0,1,2,0,0,2,0,1,2,2
17,-95.538,-6313.033,-144.497,-22.255,0.923366,0.377915,0.067644,-0.381147,0.923495,0.043403,-0.046066,-0.065860,0.996765,0,0.60393,-0.45881,36.236,-0.918,750.000,375.000,-1,425.000,-1,325.000,350.000,250.000,200.000,-1,750.000,900.000,-1,625.000,725.000,950.000,-1,0,0,2,0,2,0,0,0,1,2,0,0,2,0,1,0,2
18,-63.343,-6326.814,-146.068,-23.174,0.916976,0.392661,0.070513,-0.396013,0.917291,0.041837,-0.048253,-0.066288,0.996633,0,0.58365,-0.45932,35.019,-0.919,700.000,375.000,-1,425.000,-1,325.000,325.000,250.000,200.000,-1,875.000,-1,-1,600.000,700.000,875.000,-1,0,0,2,0,2,0,0,0,1,2,0,2,2,0,1,0,2
19,-32.436,-6340.635,-147.407,-24.093,0.910391,0.407320,0.072658,-0.410719,0.910895,0.039752,-0.049992,-0.066032,0.996564,0,0.56427,-0.45920,33.856,-0.918,675.000,350.000,-1,400.000,950.000,300.000,325.000,250.000,200.000,-1,-1,-1,-1,600.000,675.000,825.000,-1,0,0,2,0,1,0,0,0,1,2,2,2,2,0,1,0,2
20,-2.752,-6354.483,-148.520,-25.010,0.903624,0.421872,0.074080,-0.425244,0.904314,0.037204,-0.051296,-0.065121,0.996558,0,0.54591,-0.45851,32.755,-0.917,675.000,350.000,-1,400.000,850.000,300.000,325.000,250.000,200.000,-1,-1,-1,-1,575.000,650.000,775.000,-1,0,0,2,0,1,0,0,0,1,2,2,2,2,0,1,0,2
21,25.777,-6368.352,-149.542,-25.924,0.896648,0.436282,0.075368,-0.439611,0.897524,0.034530,-0.052580,-0.064094,0.996558,0,0.52867,-0.45732,31.720,-0.915,650.000,350.000,-1,400.000,775.000,300.000,325.000,250.000,200.000,-1,-1,-1,-1,575.000,650.000,750.000,-1,0,0,2,0,1,0,0,0,1,2,2,2,2,0,1,0,2
22,53.220,-6382.236,-150.525,-26.836,0.889456,0.450531,0.076749,-0.453820,0.890524,0.031847,-0.053999,-0.063157,0.996542,0,0.51258,-0.45570,30.755,-0.911,650.000,350.000,-1,400.000,700.000,300.000,325.000,250.000,225.000,-1,-1,-1,-1,575.000,625.000,725.000,-1,0,0,2,0,1,0,0,0,1,2,2,2,2,0,1,0,2
23,79.646,-6396.137,-151.679,-27.743,0.882126,0.464624,0.077320,-0.467799,0.883367,0.028762,-0.054939,-0.061542,0.996591,0,0.49764,-0.45370,29.858,-0.907,650.000,350.000,-1,375.000,650.000,300.000,300.000,275.000,225.000,-1,-1,-1,-1,550.000,600.000,700.000,-1,0,0,2,0,1,0,0,0,1,2,2,2,2,0,1,0,2
24,105.122,-6410.057,-153.120,-28.646,0.874709,0.478562,0.076569,-0.481510,0.876081,0.025107,-0.055065,-0.058830,0.996748,0,0.48384,-0.45136,29.031,-0.903,625.000,325.000,-1,375.000,600.000,300.000,300.000,275.000,225.000,-1,-1,-1,-1,550.000,600.000,675.000,-1,0,0,2,1,1,0,0,0,1,2,2,2,2,0,1,0,2
25,129.714,-6423.998,-154.558,-29.543,0.867124,0.492303,0.075718,-0.495023,0.868615,0.021449,-0.055210,-0.056081,0.996899,0,0.47114,-0.44874,28.268,-0.897,625.000,325.000,-1,375.000,550.000,275.000,300.000,275.000,200.000,-1,-1,-1,-1,550.000,575.000,675.000,775.000,0,0,2,1,1,0,0,0,1,2,2,2,2,0,1,0,1
26,153.484,-6437.965,-155.995,-30.435,0.859382,0.505839,0.074765,-0.508328,0.860980,0.017793,-0.055370,-0.053296,0.997042,0,0.45948,-0.44586,27.569,-0.892,625.000,325.000,-1,350.000,500.000,275.000,300.000,275.000,200.000,-1,-1,-1,-1,550.000,550.000,675.000,675.000,0,0,2,1,1,0,0,0,1,2,2,2,2,0,1,0,1
27,176.488,-6451.966,-157.432,-31.320,0.851492,0.519161,0.073708,-0.521417,0.853185,0.014143,-0.055544,-0.050475,0.997180,0,0.44881,-0.44275,26.929,-0.886,625.000,325.000,-1,350.000,475.000,275.000,300.000,275.000,200.000,-1,-1,-1,-1,550.000,550.000,650.000,600.000,0,0,2,1,1,0,0,0,1,2,2,2,2,0,1,0,1
28,198.780,-6466.004,-158.080,-32.199,0.843551,0.532185,0.072113,-0.534391,0.845118,0.014238,-0.053367,-0.050547,0.997295,0,0.43906,-0.43946,26.344,-0.879,625.000,325.000,-1,350.000,450.000,275.000,300.000,275.000,225.000,-1,-1,-1,-1,550.000,550.000,675.000,600.000,0,0,2,1,1,0,0,0,1,2,2,2,2,0,1,0,1
29,220.409,-6480.088,-158.667,-33.071,0.835482,0.544977,0.070496,-0.547145,0.836909,0.014659,-0.051010,-0.050819,0.997404,0,0.43017,-0.43599,25.810,-0.872,650.000,325.000,-1,350.000,450.000,275.000,300.000,275.000,225.000,-1,-1,-1,-1,550.000,550.000,700.000,575.000,0,0,2,1,1,0,0,0,1,2,2,2,2,0,1,0,1
30,241.419,-6494.226,-159.254,-33.936,0.827287,0.557539,0.068892,-0.559668,0.828579,0.015116,-0.048654,-0.051062,0.997510,0,0.42208,-0.43237,25.325,-0.865,650.000,325.000,-1,325.000,450.000,275.000,300.000,275.000,225.000,-1,-1,-1,-1,550.000,550.000,700.000,575.000,0,0,2,1,1,0,1,0,1,2,2,2,2,0,1,0,1
31,261.854,-6508.424,-159.460,-34.793,0.819017,0.569824,0.067170,-0.571990,0.820075,0.017432,-0.045151,-0.052698,0.997589,0,0.41472,-0.42861,24.883,-0.857,675.000,325.000,-1,325.000,450.000,275.000,300.000,275.000,225.000,-1,-1,-1,-1,550.000,550.000,750.000,625.000,0,0,2,1,1,0,1,0,1,2,2,2,2,0,1,0,1
32,281.750,-6522.689,-159.283,-35.643,0.810680,0.581824,0.065409,-0.584087,0.811403,0.021616,-0.040497,-0.055728,0.997624,0,0.40803,-0.42474,24.482,-0.849,700.000,350.000,-1,350.000,475.000,300.000,300.000,275.000,225.000,-1,-1,-1,-1,575.000,575.000,800.000,-1,0,0,2,1,1,0,1,0,1,2,2,2,2,0,1,0,2
33,301.143,-6537.028,-159.141,-36.484,0.802245,0.593579,0.063768,-0.595912,0.802638,0.025691,-0.035933,-0.058611,0.997634,0,0.40197,-0.42075,24.118,-0.842,750.000,350.000,-1,350.000,500.000,300.000,300.000,275.000,225.000,-1,-1,-1,-1,575.000,575.000,850.000,-1,0,0,2,1,1,0,1,0,1,2,2,2,2,0,1,0,2
34,320.062,-6551.448,-159.033,-37.318,0.793721,0.605090,0.062237,-0.607469,0.793790,0.029664,-0.031453,-0.061351,0.997621,0,0.39648,-0.41667,23.789,-0.833,775.000,350.000,-1,350.000,525.000,300.000,300.000,275.000,250.000,-1,-1,-1,-1,600.000,600.000,900.000,-1,0,0,2,1,1,0,1,0,1,2,2,2,2,0,1,0,2
35,338.538,-6565.955,-158.957,-38.143,0.785117,0.616356,0.060804,-0.618757,0.784866,0.033542,-0.027049,-0.063957,0.997586,0,0.39151,-0.41249,23.491,-0.825,800.000,350.000,-1,350.000,575.000,300.000,300.000,275.000,250.000,-1,950.000,-1,-1,600.000,625.000,975.000,-1,0,0,2,1,1,0,1,0,1,2,0,2,2,0,1,0,2
36,356.596,-6580.555,-158.913,-38.959,0.776444,0.627375,0.059462,-0.629777,0.775878,0.037331,-0.022715,-0.066433,0.997532,0,0.38703,-0.40823,23.222,-0.816,850.000,350.000,-1,350.000,600.000,300.000,300.000,275.000,250.000,-1,875.000,1000.000,-1,625.000,650.000,-1,-1,0,0,2,1,1,1,1,0,1,2,0,0,2,0,1,2,2
37,378.178,-6598.428,-158.876,-39.634,0.769219,0.636347,0.058001,-0.638734,0.768285,0.041910,-0.017892,-0.069285,0.997436,0,0.46703,-0.33745,28.022,-0.675,900.000,375.000,-1,375.000,-1,325.000,300.000,275.000,250.000,-1,800.000,925.000,-1,625.000,700.000,-1,-1,0,0,2,1,2,1,1,0,1,2,0,0,2,0,1,2,2
38,403.212,-6619.655,-158.851,-40.298,0.762042,0.645078,0.056274,-0.647406,0.760705,0.046836,-0.012595,-0.072123,0.997316,0,0.54703,-0.33202,32.822,-0.664,1000.000,375.000,-1,375.000,-1,325.000,325.000,250.000,250.000,975.000,750.000,850.000,-1,650.000,750.000,-1,-1,0,0,2,1,2,1,1,0,1,0,0,0,2,0,1,2,2
39,431.628,-6644.311,-158.686,-40.949,0.754912,0.653589,0.054127,-0.655784,0.753230,0.050919,-0.007490,-0.073935,0.997235,0,0.62703,-0.32537,37.622,-0.651,-1,375.000,-1,375.000,-1,325.000,325.000,250.000,275.000,950.000,675.000,800.000,-1,650.000,800.000,-1,-1,2,0,2,1,2,1,1,0,1,0,0,0,2,0,0,2,2
40,463.359,-6672.467,-158.359,-41.583,0.747846,0.661883,0.051356,-0.663866,0.745931,0.053557,-0.002860,-0.074146,0.997243,0,0.70703,-0.31736,42.422,-0.635,-1,375.000,-1,375.000,-1,325.000,325.000,250.000,275.000,925.000,650.000,800.000,-1,675.000,825.000,-1,-1,2,0,2,1,2,1,1,0,1,0,0,0,2,0,0,2,2
41,494.766,-6700.946,-158.209,-42.199,0.740899,0.669884,0.048218,-0.671615,0.738803,0.055708,0.001694,-0.073658,0.997282,0,0.70660,-0.30783,42.396,-0.616,-1,400.000,-1,400.000,-1,325.000,325.000,250.000,275.000,900.000,600.000,775.000,-1,700.000,825.000,-1,-1,2,0,2,1,2,0,1,0,1,0,0,0,2,0,0,2,2
42,525.574,-6729.472,-158.245,-42.795,0.734083,0.677585,0.044720,-0.679031,0.731862,0.057402,0.006166,-0.072504,0.997349,0,0.69977,-0.29781,41.986,-0.596,-1,400.000,-1,400.000,-1,325.000,350.000,250.000,275.000,900.000,575.000,725.000,-1,700.000,850.000,-1,-1,2,0,2,1,2,0,1,0,1,0,0,0,2,0,0,2,2
43,559.610,-6761.575,-158.518,-43.322,0.727998,0.684395,0.040278,-0.685491,0.725706,0.058764,0.010988,-0.070391,0.997459,0,0.77977,-0.26362,46.786,-0.527,-1,400.000,-1,425.000,-1,350.000,350.000,275.000,250.000,900.000,550.000,675.000,-1,725.000,875.000,-1,-1,2,0,2,1,2,0,1,0,1,0,0,0,2,0,0,2,2
44,596.806,-6797.319,-159.085,-43.855,0.721753,0.691287,0.034569,-0.691959,0.719475,0.059574,0.016311,-0.066918,0.997625,0,0.85977,-0.26671,51.586,-0.533,-1,400.000,-1,450.000,-1,350.000,350.000,275.000,250.000,900.000,525.000,625.000,575.000,750.000,875.000,-1,-1,2,0,2,1,2,0,0,0,1,0,0,0,1,0,0,2,2
45,634.061,-6833.802,-159.962,-44.396,0.715297,0.698258,0.028019,-0.698483,0.713133,0.059685,0.021694,-0.062263,0.997824,0,0.86905,-0.27042,52.143,-0.541,-1,425.000,-1,450.000,-1,350.000,350.000,275.000,250.000,900.000,475.000,350.000,550.000,775.000,900.000,-1,-1,2,0,2,0,2,0,0,0,1,0,0,1,1,0,0,2,2
46,670.575,-6870.253,-160.997,-44.945,0.708608,0.705317,0.020059,-0.705067,0.706678,0.059048,0.027472,-0.055985,0.998054,0,0.85989,-0.27429,51.593,-0.549,-1,425.000,-1,450.000,-1,350.000,350.000,275.000,225.000,900.000,375.000,300.000,525.000,825.000,900.000,-1,-1,2,0,2,0,2,0,0,0,1,0,1,1,1,0,0,2,2
47,703.234,-6903.766,-162.012,-45.733,0.698783,0.715237,0.011770,-0.714554,0.697159,0.058163,0.033395,-0.049054,0.998238,0,0.77989,-0.39429,46.793,-0.789,-1,425.000,-1,450.000,-1,350.000,375.000,275.000,200.000,900.000,325.000,275.000,500.000,875.000,925.000,-1,-1,2,0,2,0,2,0,0,0,1,0,1,1,1,0,0,2,2
48,731.998,-6934.361,-162.676,-46.762,0.685745,0.727820,0.005634,-0.726845,0.684380,0.057616,0.038079,-0.043605,0.998323,0,0.69989,-0.51429,41.993,-1.029,-1,450.000,-1,450.000,-1,350.000,375.000,275.000,200.000,925.000,275.000,275.000,475.000,900.000,925.000,-1,-1,2,0,2,0,2,0,0,0,1,0,0,1,1,0,0,2,2
49,756.871,-6962.015,-162.078,-48.030,0.669473,0.742814,0.005724,-0.741805,0.668118,0.057830,0.039133,-0.042961,0.998310,0,0.61989,-0.63429,37.193,-1.269,-1,450.000,-1,450.000,-1,350.000,375.000,275.000,200.000,950.000,250.000,325.000,500.000,900.000,925.000,-1,-1,2,0,2,0,2,0,0,0,1,0,0,1,1,0,0,2,2
50,779.190,-6988.182,-160.685,-49.539,0.649772,0.760068,0.009641,-0.759170,0.648264,0.058434,0.038164,-0.045288,0.998245,0,0.57320,-0.75429,34.392,-1.509,-1,425.000,-1,450.000,-1,350.000,375.000,275.000,200.000,950.000,325.000,375.000,550.000,900.000,925.000,-1,-1,2,0,2,0,2,0,0,0,1,0,0,1,1,0,0,2,2
51,800.693,-7015.008,-159.315,-51.288,0.626362,0.779418,0.013344,-0.778619,0.624708,0.059101,0.037729,-0.047408,0.998163,0,0.57301,-0.87429,34.381,-1.749,-1,425.000,-1,450.000,-1,350.000,375.000,275.000,200.000,975.000,350.000,425.000,575.000,875.000,925.000,-1,-1,2,0,2,0,2,0,0,0,1,0,0,1,1,0,0,2,2
52,821.287,-7042.612,-157.938,-53.276,0.599030,0.800548,0.016934,-0.799832,0.597227,0.059899,0.037839,-0.049426,0.998061,0,0.57399,-0.99429,34.439,-1.989,-1,425.000,-1,450.000,-1,350.000,375.000,275.000,200.000,975.000,400.000,500.000,625.000,875.000,925.000,-1,-1,2,0,2,0,2,0,0,0,1,0,0,1,1,0,0,2,2
53,840.977,-7071.021,-156.537,-55.276,0.570819,0.820817,0.020596,-0.820194,0.568866,0.060608,0.038032,-0.051489,0.997949,0,0.57609,-1.00000,34.565,-2.000,-1,425.000,-1,450.000,-1,350.000,350.000,275.000,200.000,1000.000,425.000,550.000,700.000,850.000,925.000,-1,-1,2,0,2,0,2,0,0,0,1,0,0,1,1,0,0,2,2
54,859.726,-7100.197,-155.114,-57.276,0.541922,0.840077,0.024323,-0.839555,0.539813,0.061237,0.038314,-0.053606,0.997827,0,0.57801,-1.00000,34.680,-2.000,-1,425.000,-1,450.000,-1,350.000,350.000,275.000,200.000,1000.000,450.000,625.000,750.000,850.000,925.000,-1,-1,2,0,2,0,2,0,0,0,1,0,0,1,1,0,0,2,2
55,877.497,-7130.096,-153.665,-59.276,0.512375,0.858302,0.028108,-0.857889,0.510105,0.061808,0.038712,-0.055782,0.997692,0,0.57969,-1.00000,34.781,-2.000,-1,425.000,-1,450.000,-1,350.000,350.000,275.000,200.000,-1,475.000,700.000,825.000,850.000,925.000,-1,-1,2,0,2,0,2,0,0,0,1,2,0,1,1,0,0,2,2
56,896.521,-7164.807,-152.426,-61.276,0.482123,0.875529,0.031712,-0.875298,0.479811,0.060294,0.037573,-0.056827,0.997677,0,0.65969,-1.00000,39.581,-2.000,-1,425.000,-1,450.000,-1,350.000,350.000,275.000,200.000,-1,550.000,775.000,900.000,825.000,900.000,-1,-1,2,0,2,0,2,0,0,0,1,2,0,0,1,0,0,2,2
57,916.479,-7204.448,-151.160,-63.276,0.451236,0.891708,0.035254,-0.891693,0.448947,0.057709,0.035633,-0.057476,0.997711,0,0.73969,-1.00000,44.381,-2.000,-1,425.000,-1,450.000,-1,350.000,350.000,275.000,200.000,-1,650.000,850.000,-1,800.000,875.000,-1,-1,2,0,2,0,2,0,0,0,1,2,0,0,2,0,0,2,2
58,937.050,-7249.121,-149.732,-65.276,0.419788,0.906788,0.038904,-0.907003,0.417532,0.054885,0.033526,-0.058326,0.997734,0,0.81969,-1.00000,49.181,-2.000,-1,400.000,-1,425.000,-1,350.000,350.000,275.000,200.000,-1,775.000,925.000,-1,775.000,850.000,-1,-1,2,0,2,0,2,0,0,0,1,2,0,0,2,0,0,2,2
59,956.813,-7296.308,-148.163,-67.276,0.387815,0.920769,0.042240,-0.921199,0.385615,0.051900,0.031499,-0.059039,0.997759,0,0.85264,-1.00000,51.158,-2.000,-1,400.000,-1,425.000,-1,325.000,350.000,275.000,200.000,-1,850.000,1000.000,-1,750.000,850.000,-1,-1,2,0,2,0,2,0,0,0,1,2,0,0,2,0,0,2,2
60,974.832,-7343.937,-146.304,-69.276,0.355315,0.933689,0.044458,-0.934291,0.353255,0.048084,0.029191,-0.058622,0.997853,0,0.84871,-1.00000,50.923,-2.000,-1,400.000,-1,425.000,-1,325.000,350.000,275.000,200.000,-1,950.000,-1,-1,750.000,825.000,-1,-1,2,0,2,0,2,0,0,0,1,2,0,2,2,0,0,2,2
61,991.105,-7391.946,-144.352,-71.276,0.322401,0.945494,0.045815,-0.946198,0.320470,0.044808,0.027683,-0.057797,0.997944,0,0.84487,-1.00000,50.692,-2.000,-1,400.000,-1,425.000,-1,325.000,325.000,275.000,200.000,-1,-1,-1,-1,725.000,800.000,-1,-1,2,0,2,0,2,0,0,0,1,2,2,2,2,0,0,2,2
62,1005.628,-7440.285,-142.414,-73.276,0.289109,0.956149,0.046846,-0.956927,0.287292,0.041886,0.026591,-0.056938,0.998024,0,0.84121,-1.00000,50.473,-2.000,-1,375.000,-1,425.000,-1,325.000,325.000,275.000,200.000,-1,-1,-1,-1,725.000,775.000,-1,-1,2,0,2,0,2,0,0,0,1,2,2,2,2,0,0,2,2
63,1018.404,-7488.904,-140.495,-75.276,0.255478,0.965644,0.047575,-0.966469,0.253761,0.039279,0.025856,-0.056015,0.998095,0,0.83782,-1.00000,50.269,-2.000,-1,375.000,-1,400.000,-1,325.000,325.000,275.000,225.000,-1,-1,-1,-1,700.000,775.000,-1,-1,2,0,2,0,2,0,0,0,1,2,2,2,2,0,0,2,2
64,1029.436,-7537.761,-138.599,-77.276,0.221546,0.973967,0.048021,-0.974819,0.219918,0.036942,0.025420,-0.054997,0.998163,0,0.83477,-1.00000,50.086,-2.000,-1,375.000,-1,400.000,-1,325.000,325.000,275.000,225.000,-1,-1,-1,-1,700.000,750.000,-1,-1,2,0,2,0,2,0,0,0,1,2,2,2,2,0,0,2,2
65,1038.725,-7586.817,-136.729,-79.276,0.187352,0.981109,0.048202,-0.981969,0.185805,0.034835,0.025221,-0.053859,0.998230,0,0.83212,-1.00000,49.927,-2.000,-1,375.000,-1,400.000,-1,325.000,325.000,275.000,225.000,-1,-1,-1,-1,700.000,750.000,-1,-1,2,0,2,0,2,0,0,0,1,2,2,2,2,0,0,2,2
66,1046.277,-7636.036,-134.886,-81.276,0.152935,0.987064,0.048127,-0.987915,0.151462,0.032913,0.025198,-0.052579,0.998299,0,0.82992,-1.00000,49.795,-2.000,-1,375.000,-1,400.000,-1,325.000,325.000,275.000,250.000,-1,-1,-1,-1,700.000,750.000,-1,-1,2,0,2,0,2,0,0,0,1,2,2,2,2,0,0,2,2
67,1052.094,-7685.386,-133.070,-83.276,0.118332,0.991823,0.047804,-0.992652,0.116930,0.031134,0.025290,-0.051137,0.998371,0,0.82817,-1.00000,49.690,-2.000,-1,375.000,975.000,400.000,-1,300.000,325.000,275.000,250.000,-1,-1,-1,-1,675.000,725.000,-1,975.000,2,0,1,0,2,0,0,0,1,2,2,2,2,0,0,2,1
68,1056.179,-7734.832,-131.283,-85.276,0.083583,0.995381,0.047238,-0.996176,0.082252,0.029454,0.025433,-0.049519,0.998449,0,0.82691,-1.00000,49.614,-2.000,-1,375.000,925.000,400.000,-1,300.000,325.000,275.000,250.000,-1,-1,-1,-1,675.000,725.000,1000.000,950.000,2,0,1,0,2,0,0,0,1,2,2,2,2,0,0,1,1
69,1058.534,-7784.344,-129.522,-87.276,0.048726,0.997733,0.046426,-0.998485,0.047467,0.027831,0.025565,-0.047712,0.998534,0,0.82612,-1.00000,49.567,-2.000,-1,375.000,875.000,375.000,-1,300.000,325.000,275.000,250.000,-1,-1,-1,-1,675.000,700.000,925.000,925.000,2,0,1,0,2,0,0,0,1,2,2,2,2,0,0,1,1
70,1059.158,-7833.887,-127.785,-89.276,0.013800,0.998875,0.045364,-0.999576,0.012619,0.026223,0.025621,-0.045707,0.998626,0,0.82579,-1.00000,49.547,-2.000,950.000,375.000,825.000,375.000,-1,300.000,300.000,275.000,275.000,-1,-1,-1,-1,675.000,700.000,850.000,900.000,1,0,1,0,2,0,0,0,1,2,2,2,2,0,0,1,1
71,1058.053,-7883.430,-126.246,-91.276,-0.021146,0.998855,0.042918,-0.999428,-0.022252,0.025468,0.026393,-0.042355,0.998754,0,0.82591,-1.00000,49.555,-2.000,875.000,375.000,775.000,375.000,-1,300.000,300.000,275.000,275.000,-1,-1,-1,-1,675.000,700.000,775.000,875.000,1,0,1,0,2,0,0,0,1,2,2,2,2,0,0,1,1
72,1055.217,-7932.937,-124.576,-93.276,-0.055980,0.997622,0.040217,-0.997991,-0.057107,0.027435,0.029667,-0.038600,0.998814,0,0.82645,-1.00000,49.587,-2.000,775.000,375.000,725.000,375.000,-1,300.000,300.000,275.000,275.000,-1,-1,-1,-1,650.000,675.000,725.000,850.000,1,0,1,0,2,0,0,0,1,2,2,2,2,1,1,1,1
73,1050.650,-7982.370,-122.773,-95.276,-0.090762,0.995146,0.038028,-0.995336,-0.091900,0.029329,0.032682,-0.035188,0.998846,0,0.82738,-1.00000,49.643,-2.000,725.000,375.000,675.000,375.000,-1,300.000,300.000,300.000,275.000,-1,-1,-1,-1,600.000,650.000,650.000,850.000,1,0,1,0,2,0,0,0,1,2,2,2,2,1,1,1,1
74,1044.352,-8031.690,-120.845,-97.276,-0.125444,0.991437,0.036289,-0.991467,-0.126587,0.031140,0.035467,-0.032073,0.998856,0,0.82868,-1.00000,49.721,-2.000,650.000,375.000,650.000,375.000,-1,300.000,300.000,300.000,275.000,-1,-1,-1,-1,550.000,625.000,600.000,875.000,1,0,1,0,2,0,0,0,1,2,2,2,2,1,1,1,1
75,1036.320,-8080.856,-118.799,-99.276,-0.159980,0.986502,0.034938,-0.986387,-0.161125,0.032868,0.038054,-0.029205,0.998849,0,0.83030,-1.00000,49.818,-2.000,575.000,375.000,600.000,375.000,-1,300.000,300.000,300.000,275.000,-1,-1,-1,-1,500.000,600.000,550.000,-1,1,0,1,0,2,0,0,0,1,2,2,2,2,1,1,1,2
76,1026.556,-8129.825,-116.647,-101.276,-0.194325,0.980351,0.033918,-0.980102,-0.195470,0.034522,0.040474,-0.026534,0.998828,0,0.83221,-1.00000,49.933,-2.000,500.000,375.000,575.000,375.000,-1,300.000,300.000,300.000,300.000,-1,-1,-1,-1,450.000,575.000,475.000,-1,1,0,1,0,2,0,0,0,1,2,2,2,2,1,1,1,2
77,1015.058,-8178.551,-114.396,-103.276,-0.228436,0.972994,0.033170,-0.972620,-0.229579,0.036117,0.042757,-0.024011,0.998797,0,0.83440,-1.00000,50.064,-2.000,450.000,375.000,550.000,375.000,-1,300.000,300.000,300.000,300.000,-1,-1,-1,-1,425.000,550.000,425.000,-1,1,1,1,0,2,0,0,0,1,2,2,2,2,1,1,1,2
78,1001.829,-8226.986,-112.059,-105.276,-0.262270,0.964442,0.032642,-0.963948,-0.263411,0.037678,0.044936,-0.021583,0.998757,0,0.83681,-1.00000,50.209,-2.000,375.000,350.000,500.000,375.000,-1,300.000,300.000,300.000,300.000,-1,-1,-1,-1,375.000,550.000,375.000,-1,1,1,1,0,2,0,0,0,1,2,2,2,2,1,1,1,2
79,988.426,-8270.722,-109.867,-107.036,-0.291782,0.955938,0.032333,-0.955338,-0.292920,0.039081,0.046830,-0.019486,0.998713,0,0.76239,-0.88000,45.743,-1.760,325.000,300.000,500.000,375.000,-1,300.000,300.000,300.000,325.000,-1,-1,-1,-1,325.000,525.000,325.000,-1,1,1,1,0,2,1,0,0,1,2,2,2,2,1,1,1,2
80,973.824,-8314.223,-107.605,-108.556,-0.317043,0.947864,0.032215,-0.947165,-0.318185,0.040457,0.048598,-0.017686,0.998662,0,0.76476,-0.76000,45.886,-1.520,275.000,275.000,450.000,375.000,-1,275.000,300.000,300.000,325.000,-1,-1,-1,-1,300.000,525.000,275.000,-1,1,1,1,1,2,1,1,0,1,2,2,2,2,1,1,1,2
81,958.215,-8357.490,-105.299,-109.836,-0.338140,0.940545,0.032206,-0.939750,-0.339288,0.041873,0.050310,-0.016107,0.998604,0,0.76660,-0.64000,45.996,-1.280,225.000,250.000,425.000,350.000,-1,250.000,300.000,300.000,325.000,-1,-1,-1,-1,275.000,525.000,225.000,-1,1,1,1,1,2,1,1,0,0,2,2,2,2,1,1,1,2
82,941.795,-8400.545,-102.972,-110.876,-0.355154,0.934252,0.032236,-0.933359,-0.356311,0.043403,0.052035,-0.014673,0.998537,0,0.76800,-0.52000,46.080,-1.040,200.000,225.000,400.000,325.000,-1,225.000,275.000,300.000,325.000,-1,-1,-1,-1,250.000,725.000,175.000,-1,1,1,1,1,2,1,1,0,0,2,2,2,2,1,0,1,2
83,924.750,-8443.426,-100.612,-111.676,-0.368170,0.929206,0.032058,-0.928205,-0.369329,0.045069,0.053718,-0.013164,0.998469,0,0.76907,-0.40000,46.144,-0.800,150.000,175.000,375.000,300.000,-1,200.000,250.000,300.000,325.000,-1,-1,-1,-1,200.000,725.000,150.000,-1,1,1,1,1,2,1,1,0,0,2,2,2,2,1,0,1,2
84,905.481,-8490.592,-88.303,-112.236,-0.379285,0.925255,0.006810,-0.921134,-0.378272,0.091772,0.087488,0.028534,0.995757,0,0.84907,-0.28000,50.944,-0.560,125.000,175.000,475.000,350.000,-1,200.000,250.000,425.000,300.000,-1,375.000,300.000,525.000,200.000,900.000,125.000,-1,1,1,1,1,2,1,1,0,0,2,0,0,1,1,0,1,2
85,884.151,-8542.107,-72.336,-112.556,-0.390643,0.920145,-0.027057,-0.910983,-0.382194,0.155038,0.132317,0.085213,0.987538,0,0.92907,-0.16000,55.744,-0.320,125.000,200.000,-1,450.000,-1,200.000,275.000,525.000,250.000,-1,225.000,100.000,325.000,225.000,-1,125.000,-1,1,1,2,1,2,1,1,1,0,2,0,0,1,1,2,1,2
86,861.185,-8597.508,-55.264,-112.636,-0.402896,0.913052,-0.063330,-0.897703,-0.380744,0.221729,0.178338,0.146185,0.973050,0,0.99922,-0.04000,59.953,-0.080,125.000,225.000,-1,675.000,-1,225.000,325.000,525.000,225.000,-1,175.000,25.000,200.000,275.000,-1,125.000,-1,1,1,2,0,2,1,1,1,0,2,0,0,1,1,2,1,2
87,-4919.366,-4263.475,142.617,-52.748,0.593822,0.788257,0.161326,-0.800247,0.599437,0.016698,-0.083542,-0.139016,0.986760,1,0.00000,0.00000,60.000,0.160,275.000,300.000,-1,375.000,-1,275.000,300.000,225.000,200.000,-1,-1,-1,-1,450.000,650.000,325.000,-1,0,0,2,0,2,0,0,0,1,2,2,2,2,0,0,0,2
88,4924.263,-1639.271,-263.238,6.685,0.991307,-0.116374,0.061380,0.117517,0.992953,-0.015332,-0.059163,0.022412,0.997997,1,0.08000,-0.12000,4.800,-0.240,-1,400.000,-1,400.000,-1,325.000,325.000,300.000,300.000,-1,-1,-1,-1,775.000,725.000,-1,-1,2,0,2,0,2,0,0,0,0,2,2,2,2,0,0,2,2
89,4933.807,-1638.234,-263.804,6.205,0.992238,-0.108053,0.061554,0.109176,0.993907,-0.015168,-0.059540,0.021770,0.997989,0,0.16000,-0.24000,9.600,-0.480,-1,400.000,-1,400.000,-1,325.000,325.000,300.000,300.000,-1,-1,-1,-1,775.000,725.000,-1,-1,2,0,2,0,2,0,0,0,0,2,2,2,2,0,0,2,2
90,4948.141,-1636.858,-264.657,5.485,0.993503,-0.095557,0.061815,0.096650,0.995206,-0.014927,-0.060093,0.020805,0.997976,0,0.24000,-0.36000,14.400,-0.720,-1,400.000,-1,400.000,-1,325.000,325.000,300.000,300.000,-1,-1,-1,-1,775.000,725.000,-1,-1,2,0,2,0,2,0,0,0,0,2,2,2,2,0,0,2,2
91,4967.282,-1635.343,-265.801,4.525,0.994945,-0.078872,0.062163,0.079924,0.996694,-0.014619,-0.060805,0.019514,0.997959,0,0.32000,-0.48000,19.200,-0.960,-1,400.000,-1,400.000,-1,325.000,325.000,300.000,300.000,-1,-1,-1,-1,775.000,725.000,-1,-1,2,0,2,0,2,0,0,0,0,2,2,2,2,0,0,2,2
92,4991.241,-1633.952,-267.239,3.325,0.996353,-0.057983,0.062597,0.058984,0.998157,-0.014254,-0.061656,0.017895,0.997937,0,0.40000,-0.60000,24.000,-1.200,-1,400.000,-1,400.000,-1,325.000,325.000,300.000,300.000,-1,-1,-1,-1,775.000,725.000,-1,-1,2,0,2,0,2,0,0,0,0,2,2,2,2,0,0,2,2
93,5020.026,-1633.005,-268.977,1.885,0.997464,-0.032882,0.063115,0.033820,0.999332,-0.013845,-0.062618,0.015944,0.997910,0,0.48000,-0.72000,28.800,-1.440,-1,400.000,-1,400.000,-1,325.000,325.000,300.000,300.000,-1,-1,-1,-1,750.000,725.000,-1,-1,2,0,2,0,2,0,0,0,0,2,2,2,2,0,0,2,2
94,5053.626,-1632.885,-271.018,0.205,0.997962,-0.003570,0.063713,0.004433,0.999900,-0.013405,-0.063659,0.013660,0.997878,0,0.56000,-0.84000,33.600,-1.680,-1,400.000,-1,375.000,-1,325.000,325.000,300.000,300.000,-1,-1,-1,-1,750.000,700.000,-1,-1,2,0,2,0,2,0,0,0,0,2,2,2,2,0,0,2,2
95,5092.009,-1634.035,-273.364,-1.715,0.997476,0.029933,0.064384,-0.029158,0.999491,-0.012951,-0.064739,0.011041,0.997841,0,0.64000,-0.96000,38.400,-1.920,-1,400.000,-1,375.000,-1,325.000,325.000,300.000,300.000,-1,-1,-1,-1,750.000,700.000,-1,-1,2,0,2,0,2,0,0,0,0,2,2,2,2,0,0,2,2
96,5135.118,-1636.835,-276.016,-3.715,0.995771,0.064799,0.065120,-0.064118,0.997864,-0.012495,-0.065790,0.008267,0.997799,0,0.72000,-1.00000,43.200,-2.000,-1,400.000,-1,375.000,-1,325.000,325.000,300.000,300.000,-1,-1,-1,-1,750.000,700.000,-1,-1,2,0,2,0,2,0,0,0,0,2,2,2,2,0,0,2,2
97,5182.339,-1641.561,-278.936,-5.715,0.992844,0.099586,0.065902,-0.099004,0.995014,-0.012047,-0.066773,0.005436,0.997753,0,0.79095,-1.00000,47.457,-2.000,-1,375.000,-1,375.000,-1,325.000,300.000,300.000,300.000,-1,-1,-1,-1,725.000,700.000,-1,-1,2,0,2,0,2,0,0,0,0,2,2,2,2,0,0,2,2
98,5229.366,-1647.932,-281.895,-7.715,0.988728,0.134252,0.066284,-0.133786,0.990944,-0.011448,-0.067220,0.002451,0.997735,0,0.79095,-1.00000,47.457,-2.000,-1,375.000,-1,375.000,-1,325.000,300.000,300.000,300.000,-1,-1,-1,-1,725.000,675.000,-1,-1,2,0,2,0,2,0,0,0,0,2,2,2,2,0,0,2,2
99,5276.142,-1655.940,-284.783,-9.715,0.983454,0.168755,0.065886,-0.168395,0.985658,-0.011017,-0.066800,-0.000260,0.997766,0,0.79095,-1.00000,47.457,-2.000,-1,375.000,-1,375.000,-1,325.000,300.000,300.000,300.000,-1,-1,-1,-1,700.000,675.000,-1,-1,2,0,2,0,2,0,0,0,0,2,2,2,2,0,0,2,2
100,5322.610,-1665.576,-287.721,-11.715,0.977014,0.203050,0.064923,-0.202789,0.979164,-0.010648,-0.065732,-0.002763,0.997833,0,0.79095,-1.00000,47.457,-2.000,-1,375.000,-1,375.000,-1,300.000,300.000,300.000,300.000,-1,-1,-1,-1,700.000,675.000,-1,-1,2,0,2,0,2,0,0,0,0,2,2,2,2,0,0,2,2
101,5368.714,-1676.827,-290.572,-13.715,0.969389,0.237096,0.063795,-0.236955,0.971470,-0.009880,-0.064318,-0.005539,0.997914,0,0.79095,-1.00000,47.457,-2.000,-1,375.000,-1,375.000,-1,300.000,300.000,300.000,300.000,-1,-1,-1,-1,700.000,675.000,-1,-1,2,0,2,0,2,0,0,0,0,2,2,2,2,0,0,2,2
102,5414.397,-1689.681,-293.404,-15.715,0.960578,0.270850,0.062687,-0.270827,0.962586,-0.009028,-0.062786,-0.008305,0.997992,0,0.79095,-1.00000,47.457,-2.000,-1,375.000,-1,375.000,-1,300.000,300.000,300.000,300.000,-1,-1,-1,-1,675.000,675.000,-1,-1,2,0,2,0,2,0,0,0,0,2,2,2,2,0,0,2,2
103,5459.603,-1704.121,-296.212,-17.715,0.950591,0.304271,0.061605,-0.304364,0.952521,-0.008093,-0.061142,-0.011057,0.998068,0,0.79095,-1.00000,47.457,-2.000,-1,375.000,-1,375.000,-1,300.000,300.000,300.000,300.000,-1,-1,-1,-1,675.000,675.000,-1,-1,2,0,2,0,2,0,0,0,0,2,2,2,2,0,0,2,2
104,5504.278,-1720.130,-298.990,-19.715,0.939441,0.337316,0.060559,-0.337524,0.941290,-0.007076,-0.059390,-0.013793,0.998140,0,0.79095,-1.00000,47.457,-2.000,-1,375.000,-1,375.000,-1,300.000,300.000,300.000,300.000,-1,-1,-1,-1,650.000,675.000,-1,-1,2,0,2,0,2,0,0,0,0,2,2,2,2,0,0,2,2
105,5548.367,-1737.688,-301.734,-21.715,0.927142,0.369946,0.059556,-0.370266,0.928906,-0.005979,-0.057534,-0.016509,0.998207,0,0.79095,-1.00000,47.457,-2.000,-1,375.000,-1,375.000,-1,300.000,300.000,300.000,300.000,-1,-1,-1,-1,650.000,675.000,-1,-1,2,0,2,0,2,0,0,0,0,2,2,2,2,0,0,2,2
106,5591.816,-1756.774,-304.437,-23.715,0.913710,0.402120,0.058603,-0.402549,0.915386,-0.004808,-0.055577,-0.019198,0.998270,0,0.79095,-1.00000,47.457,-2.000,-1,375.000,-1,375.000,-1,300.000,300.000,300.000,325.000,-1,-1,-1,-1,625.000,675.000,-1,-1,2,0,2,0,2,0,0,0,0,2,2,2,2,0,0,2,2
107,5634.573,-1777.365,-307.025,-25.715,0.899180,0.433801,0.057375,-0.434320,0.900751,-0.003725,-0.053297,-0.021570,0.998346,0,0.79095,-1.00000,47.457,-2.000,-1,375.000,-1,375.000,-1,300.000,300.000,300.000,325.000,-1,875.000,-1,-1,625.000,675.000,-1,-1,2,0,2,0,2,0,0,0,0,2,0,2,2,0,0,2,2
108,5676.585,-1799.435,-309.550,-27.715,0.883556,0.464948,0.056149,-0.465553,0.885016,-0.002576,-0.050891,-0.023864,0.998419,0,0.79095,-1.00000,47.457,-2.000,-1,375.000,-1,375.000,-1,300.000,300.000,300.000,325.000,-1,650.000,800.000,-1,625.000,650.000,975.000,-1,2,0,2,0,2,0,0,0,0,2,0,0,2,0,0,0,2
109,5717.802,-1822.959,-312.009,-29.715,0.866856,0.495524,0.054931,-0.496208,0.868203,-0.001361,-0.048365,-0.026078,0.998489,0,0.79095,-1.00000,47.457,-2.000,975.000,375.000,-1,375.000,-1,300.000,300.000,300.000,325.000,-1,575.000,600.000,-1,600.000,650.000,950.000,-1,0,0,2,0,2,0,0,0,0,2,0,0,2,0,0,0,2
110,5758.172,-1847.907,-314.214,-31.715,0.849087,0.525502,0.053840,-0.526219,0.850349,-0.001018,-0.046318,-0.027467,0.998549,0,0.79095,-1.00000,47.457,-2.000,925.000,350.000,-1,375.000,-1,300.000,300.000,300.000,325.000,-1,575.000,575.000,-1,600.000,650.000,925.000,-1,0,0,2,0,2,0,0,0,0,2,0,0,2,0,0,0,2
111,5800.412,-1875.839,-316.492,-33.475,0.832610,0.551354,0.052628,-0.552094,0.833782,-0.000576,-0.044198,-0.028576,0.998614,0,0.84401,-0.88000,50.640,-1.760,875.000,350.000,-1,375.000,-1,300.000,300.000,300.000,325.000,-1,575.000,575.000,-1,600.000,650.000,875.000,-1,0,0,2,0,2,0,0,0,0,2,0,0,2,0,0,0,2
112,5841.897,-1904.882,-318.308,-34.995,0.817863,0.573288,0.049404,-0.573964,0.818880,-0.000624,-0.040813,-0.027846,0.998779,0,0.84401,-0.76000,50.640,-1.520,875.000,350.000,-1,375.000,-1,300.000,300.000,300.000,325.000,-1,550.000,525.000,-1,600.000,650.000,875.000,-1,0,0,2,0,2,0,0,0,0,2,0,0,2,0,0,0,2
113,5882.721,-1934.845,-319.926,-36.275,0.805048,0.591460,0.045515,-0.592051,0.805900,-0.000621,-0.037048,-0.026447,0.998963,0,0.84401,-0.64000,50.640,-1.280,875.000,350.000,-1,375.000,-1,300.000,300.000,325.000,325.000,-1,525.000,475.000,-1,600.000,650.000,875.000,-1,0,0,2,0,2,0,0,0,0,2,0,0,2,0,0,0,2
114,5922.996,-1965.544,-321.492,-37.315,0.794363,0.606014,0.041655,-0.606526,0.795063,-0.000429,-0.033378,-0.024924,0.999132,0,0.84401,-0.52000,50.640,-1.040,875.000,350.000,-1,375.000,-1,300.000,300.000,325.000,300.000,-1,500.000,450.000,-1,600.000,650.000,875.000,-1,0,0,2,0,2,0,0,0,0,2,0,0,2,0,0,0,2
115,5962.837,-1996.802,-323.007,-38.115,0.785991,0.617080,0.037826,-0.617519,0.786556,-0.000099,-0.029813,-0.023280,0.999284,0,0.84401,-0.40000,50.640,-0.800,875.000,350.000,-1,375.000,-1,300.000,300.000,325.000,300.000,-1,475.000,425.000,-1,600.000,650.000,875.000,-1,0,0,2,0,2,0,0,0,0,2,0,0,2,0,0,0,2
116,6002.372,-2028.448,-324.382,-38.675,0.780058,0.624758,0.034444,-0.625140,0.780512,0.000415,-0.026625,-0.021857,0.999407,0,0.84401,-0.28000,50.640,-0.560,875.000,350.000,-1,375.000,-1,300.000,300.000,325.000,300.000,-1,450.000,400.000,-1,625.000,650.000,875.000,-1,0,0,2,0,2,0,0,0,0,2,0,0,2,0,0,0,2
117,6041.729,-2060.314,-325.638,-38.995,0.776670,0.629126,0.031358,-0.629459,0.777034,0.000940,-0.023775,-0.020468,0.999508,0,0.84401,-0.16000,50.640,-0.320,875.000,350.000,-1,375.000,-1,300.000,300.000,325.000,300.000,-1,450.000,400.000,-1,600.000,650.000,875.000,-1,0,0,2,0,2,0,0,0,0,2,0,0,2,0,0,0,2
118,6081.041,-2092.236,-326.808,-39.075,0.775892,0.630231,0.028289,-0.630510,0.776180,0.001224,-0.021186,-0.018786,0.999599,0,0.84401,-0.04000,50.640,-0.080,875.000,350.000,-1,375.000,-1,300.000,300.000,300.000,300.000,-1,450.000,400.000,-1,600.000,650.000,875.000,-1,0,0,2,0,2,0,0,0,0,2,0,0,2,0,0,0,2
119,6120.443,-2124.047,-327.934,-38.915,0.777738,0.628082,0.025238,-0.628310,0.777962,0.001439,-0.018730,-0.016976,0.999680,0,0.84401,0.08000,50.640,0.160,875.000,350.000,-1,375.000,-1,300.000,300.000,300.000,300.000,-1,450.000,375.000,-1,600.000,650.000,850.000,-1,0,0,2,0,2,0,0,0,0,2,0,0,2,0,0,0,2
120,6160.066,-2155.582,-328.618,-38.515,0.782194,0.622640,0.022202,-0.622850,0.782333,0.003496,-0.015193,-0.016563,0.999747,0,0.84401,0.20000,50.640,0.400,875.000,350.000,-1,375.000,-1,300.000,300.000,300.000,300.000,-1,425.000,350.000,-1,600.000,650.000,875.000,-1,0,0,2,0,2,0,0,0,0,2,0,0,2,0,0,0,2
121,6200.039,-2186.673,-329.084,-37.875,0.789182,0.613861,0.019135,-0.614056,0.789237,0.006305,-0.011231,-0.016726,0.999797,0,0.84401,0.32000,50.640,0.640,875.000,350.000,-1,375.000,-1,300.000,300.000,300.000,300.000,-1,375.000,325.000,-1,600.000,675.000,875.000,-1,0,0,2,0,2,0,0,0,0,2,0,0,2,0,0,0,2
122,6240.484,-2217.146,-329.500,-36.995,0.798588,0.601665,0.016003,-0.601834,0.798570,0.009080,-0.007316,-0.016882,0.999831,0,0.84401,0.44000,50.640,0.880,900.000,350.000,-1,375.000,-1,300.000,300.000,300.000,300.000,-1,350.000,300.000,-1,600.000,675.000,900.000,-1,0,0,2,0,2,0,0,0,0,2,0,0,2,0,0,0,2
123,6281.518,-2246.822,-329.869,-35.875,0.810254,0.585940,0.012776,-0.586069,0.810176,0.011792,-0.003441,-0.017042,0.999849,0,0.84401,0.56000,50.640,1.120,900.000,350.000,-1,375.000,-1,300.000,300.000,300.000,325.000,-1,300.000,275.000,-1,600.000,675.000,900.000,-1,0,0,2,0,2,0,0,0,0,2,0,0,2,0,0,0,2
124,6323.244,-2275.517,-330.198,-34.515,0.823978,0.566544,0.009428,-0.566622,0.823852,0.014409,0.000396,-0.017214,0.999852,0,0.84401,0.68000,50.640,1.360,925.000,350.000,-1,375.000,-1,300.000,300.000,300.000,325.000,-1,275.000,250.000,-1,600.000,675.000,925.000,-1,0,0,2,0,2,0,0,0,0,2,0,0,2,0,0,0,2
125,6369.531,-2306.032,-330.301,-33.395,0.834921,0.550339,0.005852,-0.550356,0.834778,0.015966,0.003901,-0.016551,0.999855,0,0.92401,0.56000,55.440,1.120,925.000,350.000,-1,375.000,-1,300.000,300.000,300.000,325.000,-1,275.000,250.000,-1,600.000,675.000,925.000,-1,0,0,2,0,2,0,0,0,0,2,0,0,2,0,0,0,2
126,6418.307,-2337.125,-330.114,-32.515,0.843281,0.537467,0.002266,-0.537430,0.843154,0.016132,0.006760,-0.014821,0.999867,0,0.96407,0.44000,57.844,0.880,925.000,350.000,-1,375.000,-1,300.000,300.000,300.000,325.000,-1,300.000,250.000,-1,600.000,675.000,925.000,-1,0,0,2,0,2,0,0,0,0,2,0,0,2,0,0,0,2
127,6467.511,-2367.723,-329.868,-31.875,0.849225,0.528029,-0.001322,-0.527943,0.849126,0.016158,0.009654,-0.013024,0.999869,0,0.96570,0.32000,57.942,0.640,925.000,350.000,-1,375.000,-1,300.000,300.000,300.000,325.000,-1,300.000,275.000,-1,600.000,675.000,925.000,-1,0,0,2,0,2,0,0,0,0,2,0,0,2,0,0,0,2
128,6517.316,-2398.215,-329.073,-31.475,0.852846,0.522111,-0.007337,-0.521969,0.852829,0.015213,0.014200,-0.009145,0.999857,0,0.97328,0.20000,58.397,0.400,1000.000,350.000,-1,375.000,-1,300.000,300.000,300.000,325.000,-1,300.000,275.000,-1,600.000,675.000,950.000,-1,0,0,2,0,2,0,0,0,0,2,0,0,2,0,0,0,2
129,6567.596,-2428.804,-328.198,-31.315,0.854218,0.519742,-0.013429,-0.519574,0.854308,0.014173,0.018838,-0.005129,0.999809,0,0.98090,0.08000,58.854,0.160,-1,350.000,-1,375.000,-1,300.000,300.000,325.000,325.000,-1,325.000,275.000,-1,625.000,675.000,1000.000,-1,2,0,2,0,2,0,0,0,0,2,0,0,2,0,0,0,2
130,6618.226,-2459.704,-327.254,-31.395,0.853369,0.520941,-0.019550,-0.520776,0.853592,0.013132,0.023529,-0.001025,0.999723,0,0.98857,-0.04000,59.314,-0.080,-1,350.000,-1,375.000,-1,300.000,300.000,325.000,300.000,-1,325.000,275.000,-1,625.000,675.000,-1,-1,2,0,2,0,2,0,0,0,0,2,0,0,2,0,0,2,2
131,6669.078,-2491.129,-325.738,-31.715,0.850345,0.525700,-0.023511,-0.525542,0.850669,0.012955,0.026810,0.001340,0.999640,0,0.99631,-0.16000,59.778,-0.320,-1,350.000,-1,375.000,-1,300.000,300.000,325.000,300.000,-1,350.000,300.000,-1,625.000,675.000,-1,-1,2,0,2,0,2,0,0,0,0,2,0,0,2,0,0,2,2
132,6719.894,-2523.032,-323.970,-32.121,0.846505,0.531712,-0.026652,-0.531559,0.846919,0.013139,0.029558,0.003045,0.999558,0,1.00000,-0.20299,60.000,-0.406,-1,350.000,-1,375.000,-1,300.000,300.000,325.000,300.000,-1,400.000,325.000,-1,625.000,675.000,-1,-1,2,0,2,0,2,0,0,0,0,2,0,0,2,0,0,2,2
133,6770.481,-2555.295,-321.874,-32.528,0.842599,0.537710,-0.029924,-0.537523,0.843122,0.014664,0.033114,0.003729,0.999445,0,1.00000,-0.20337,60.000,-0.407,-1,350.000,-1,375.000,-1,300.000,300.000,325.000,300.000,-1,425.000,350.000,-1,625.000,675.000,-1,-1,2,0,2,0,2,0,0,0,0,2,0,0,2,0,0,2,2
