timestep,x_cm,y_cm,z_cm,yaw_deg,basis_xx,basis_xy,basis_xz,basis_yx,basis_yy,basis_yz,basis_zx,basis_zy,basis_zz,teleport_flag,throttle_cmd,steering_cmd,cmd_move_cm,cmd_turn_deg,lidar_cm_0,lidar_cm_1,lidar_cm_2,lidar_cm_3,lidar_cm_4,lidar_cm_5,lidar_cm_6,lidar_cm_7,lidar_cm_8,lidar_cm_9,lidar_cm_10,lidar_cm_11,lidar_cm_12,lidar_cm_13,lidar_cm_14,lidar_cm_15,lidar_cm_16,lidar_class_0,lidar_class_1,lidar_class_2,lidar_class_3,lidar_class_4,lidar_class_5,lidar_class_6,lidar_class_7,lidar_class_8,lidar_class_9,lidar_class_10,lidar_class_11,lidar_class_12,lidar_class_13,lidar_class_14,lidar_class_15,lidar_class_16
0,-4915.916,-6884.086,111.403,41.579,0.747894,-0.662453,-0.042542,0.663809,0.746683,0.042686,0.003488,-0.060164,0.998182,1,0.08000,-0.12000,4.800,-0.240,-1,400.000,-1,400.000,-1,325.000,325.000,300.000,175.000,-1,800.000,650.000,475.000,750.000,775.000,-1,-1,2,0,2,0,2,0,0,0,1,2,1,1,1,0,0,2,2
1,-4908.681,-6877.775,111.435,41.099,0.753406,-0.656177,-0.042563,0.657543,0.752209,0.042653,0.004029,-0.060122,0.998183,0,0.16000,-0.24000,9.600,-0.480,-1,400.000,-1,400.000,-1,325.000,325.000,300.000,175.000,-1,825.000,675.000,475.000,750.000,775.000,-1,-1,2,0,2,0,2,0,0,0,1,2,1,1,1,0,0,2,2
2,-4897.711,-6868.446,111.503,40.379,0.761576,-0.646677,-0.042554,0.648057,0.760400,0.042595,0.004813,-0.060016,0.998186,0,0.24000,-0.36000,14.400,-0.720,-1,400.000,-1,400.000,-1,325.000,325.000,300.000,175.000,-1,850.000,700.000,500.000,750.000,775.000,-1,-1,2,0,2,0,2,0,0,0,1,2,1,1,1,0,0,2,2
3,-4882.920,-6856.204,111.611,39.614,0.770125,-0.636473,-0.042543,0.637868,0.768971,0.042515,0.005654,-0.059879,0.998190,0,0.32000,-0.38247,19.200,-0.765,-1,400.000,-1,400.000,-1,325.000,325.000,300.000,175.000,-1,875.000,725.000,500.000,750.000,775.000,-1,-1,2,0,2,0,2,0,0,0,1,2,1,1,1,0,0,2,2
4,-4864.228,-6841.150,111.770,38.849,0.778540,-0.626152,-0.042532,0.627561,0.777411,0.042415,0.006507,-0.059713,0.998194,0,0.40000,-0.38263,24.000,-0.765,-1,400.000,-1,400.000,-1,325.000,325.000,300.000,175.000,-1,925.000,775.000,525.000,750.000,775.000,-1,-1,2,0,2,0,2,0,0,0,1,2,1,1,1,0,0,2,2
5,-4841.559,-6823.385,111.988,38.083,0.786821,-0.615715,-0.042520,0.617138,0.785718,0.042293,0.007368,-0.059518,0.998200,0,0.48000,-0.38280,28.800,-0.766,-1,400.000,-1,400.000,-1,325.000,325.000,300.000,175.000,-1,975.000,825.000,550.000,750.000,775.000,-1,-1,2,0,2,0,2,0,0,0,1,2,1,1,1,0,0,2,2
6,-4814.837,-6803.016,112.276,37.318,0.794963,-0.605166,-0.042507,0.606602,0.793888,0.042151,0.008237,-0.059293,0.998207,0,0.56000,-0.38293,33.600,-0.766,-1,400.000,-1,400.000,-1,325.000,325.000,300.000,175.000,-1,-1,875.000,575.000,750.000,775.000,-1,-1,2,0,2,0,2,0,0,0,1,2,2,1,1,0,0,2,2
7,-4783.991,-6780.144,113.813,36.552,0.803092,-0.594353,-0.042286,0.595828,0.801708,0.047465,0.005690,-0.063314,0.997977,0,0.64000,-0.38296,38.400,-0.766,-1,375.000,-1,400.000,-1,325.000,325.000,300.000,175.000,-1,-1,950.000,600.000,725.000,775.000,-1,-1,2,0,2,0,2,0,0,0,1,2,2,1,1,0,0,2,2
8,-4748.949,-6754.879,115.452,35.786,0.811080,-0.583432,-0.041915,0.584927,0.809365,0.052805,0.003116,-0.067346,0.997725,0,0.72000,-0.38285,43.200,-0.766,-1,375.000,-1,400.000,-1,300.000,325.000,300.000,175.000,-1,-1,-1,650.000,725.000,750.000,-1,-1,2,0,2,0,2,0,0,0,1,2,2,2,1,0,0,2,2
9,-4709.642,-6727.330,117.042,35.021,0.818901,-0.572436,-0.041438,0.573933,0.816887,0.057418,0.000982,-0.070802,0.997490,0,0.80000,-0.38250,48.000,-0.765,-1,375.000,-1,400.000,-1,300.000,325.000,300.000,200.000,-1,-1,-1,675.000,700.000,750.000,-1,-1,2,0,2,0,2,0,0,0,1,2,2,2,1,0,0,2,2
10,-4666.003,-6697.606,118.486,34.257,0.826536,-0.561397,-0.040891,0.562884,0.824296,0.060815,-0.000435,-0.073283,0.997311,0,0.88000,-0.38184,52.800,-0.764,-1,375.000,-1,400.000,-1,300.000,325.000,300.000,200.000,-1,-1,-1,725.000,700.000,750.000,-1,-1,2,0,2,0,2,0,0,0,1,2,2,2,1,0,0,2,2
11,-4620.651,-6667.593,119.558,33.496,0.833965,-0.550358,-0.040105,0.551817,0.831635,0.062308,-0.000939,-0.074093,0.997251,0,0.90638,-0.38077,54.383,-0.762,-1,375.000,-1,400.000,-1,300.000,325.000,300.000,225.000,-1,-1,-1,750.000,700.000,750.000,-1,-1,2,0,2,0,2,0,0,0,1,2,2,2,1,0,0,2,2
12,-4575.254,-6638.408,120.265,32.737,0.841170,-0.539328,-0.039474,0.540771,0.838893,0.061849,-0.000243,-0.073372,0.997305,0,0.89948,-0.37930,53.969,-0.759,-1,375.000,-1,400.000,-1,300.000,325.000,300.000,225.000,-1,-1,-1,750.000,700.000,750.000,-1,-1,2,0,2,0,2,0,0,0,1,2,2,2,1,0,0,2,2
13,-4529.803,-6610.029,120.611,31.982,0.848152,-0.528312,-0.039060,0.529751,0.846059,0.059567,0.001577,-0.071214,0.997460,0,0.89304,-0.37746,53.583,-0.755,-1,375.000,-1,400.000,-1,300.000,325.000,300.000,225.000,-1,-1,-1,775.000,700.000,775.000,-1,-1,2,0,2,0,2,0,0,0,1,2,2,2,1,0,0,2,2
14,-4484.288,-6582.434,120.593,31.232,0.854909,-0.517309,-0.039007,0.518758,0.853115,0.055550,0.004541,-0.067725,0.997694,0,0.88712,-0.37529,53.227,-0.751,-1,375.000,-1,400.000,-1,300.000,325.000,300.000,250.000,-1,-1,-1,750.000,725.000,775.000,-1,-1,2,0,2,0,2,0,0,0,1,2,2,2,1,0,0,2,2
15,-4438.695,-6555.598,120.223,30.486,0.861444,-0.506322,-0.039383,0.507779,0.860043,0.049863,0.008625,-0.062952,0.997979,0,0.88174,-0.37280,52.904,-0.746,-1,375.000,-1,400.000,-1,325.000,325.000,300.000,250.000,-1,-1,-1,750.000,725.000,775.000,-1,-1,2,0,2,0,2,0,0,0,1,2,2,2,1,0,0,2,2
16,-4393.010,-6529.497,119.504,29.746,0.867766,-0.495350,-0.040134,0.496786,0.866823,0.042676,0.013650,-0.056971,0.998283,0,0.87692,-0.37002,52.615,-0.740,-1,400.000,-1,400.000,-1,325.000,325.000,300.000,275.000,-1,-1,-1,425.000,775.000,800.000,-1,-1,2,0,2,0,2,0,0,0,1,2,2,2,1,0,0,2,2
17,-4347.219,-6504.105,119.414,29.012,0.873964,-0.484299,-0.040513,0.485706,0.873264,0.038711,0.016631,-0.053509,0.998429,0,0.87266,-0.36696,52.360,-0.734,-1,400.000,-1,400.000,-1,325.000,325.000,300.000,275.000,-1,-1,-1,400.000,775.000,800.000,-1,-1,2,0,2,0,2,0,0,0,1,2,2,2,1,0,0,2,2
18,-4301.306,-6479.399,120.252,28.285,0.880046,-0.473181,-0.040225,0.474584,0.879351,0.038886,0.016972,-0.053311,0.998434,0,0.86897,-0.36364,52.138,-0.727,-1,400.000,-1,400.000,-1,325.000,325.000,300.000,300.000,-1,-1,-1,400.000,775.000,800.000,-1,-1,2,0,2,0,2,0,0,0,1,2,2,2,1,0,0,2,2
19,-4255.253,-6455.359,121.129,27.565,0.885931,-0.462096,-0.039916,0.463495,0.885238,0.039078,0.017277,-0.053122,0.998439,0,0.86583,-0.36008,51.950,-0.720,-1,400.000,-1,400.000,-1,325.000,325.000,300.000,300.000,-1,-1,-1,400.000,800.000,800.000,-1,-1,2,0,2,0,2,0,0,0,1,2,2,2,1,0,0,2,2
20,-4209.044,-6431.965,122.044,26.852,0.891618,-0.451055,-0.039586,0.452448,0.890925,0.039287,0.017547,-0.052940,0.998444,0,0.86322,-0.35630,51.793,-0.713,-1,400.000,-1,400.000,-1,325.000,325.000,300.000,300.000,-1,-1,-1,400.000,800.000,800.000,-1,-1,2,0,2,0,2,0,0,0,0,2,2,2,1,0,0,2,2
21,-4162.664,-6409.196,122.997,26.147,0.897107,-0.440068,-0.039234,0.441456,0.896413,0.039511,0.017782,-0.052765,0.998449,0,0.86112,-0.35231,51.667,-0.705,-1,400.000,-1,400.000,-1,325.000,325.000,300.000,300.000,-1,-1,-1,425.000,800.000,800.000,-1,-1,2,0,2,0,2,0,0,0,0,2,2,2,1,0,0,2,2
22,-4116.098,-6387.034,123.988,25.451,0.902398,-0.429147,-0.038860,0.430527,0.901702,0.039747,0.017983,-0.052599,0.998454,0,0.85951,-0.34812,51.571,-0.696,-1,400.000,-1,400.000,-1,325.000,325.000,300.000,300.000,-1,-1,-1,450.000,800.000,800.000,-1,-1,2,0,2,0,2,0,0,0,0,2,2,2,1,0,0,2,2
23,-4069.332,-6365.461,125.006,24.764,0.907493,-0.418301,-0.038477,0.419673,0.906796,0.039948,0.018180,-0.052400,0.998461,0,0.85836,-0.34375,51.501,-0.688,-1,400.000,-1,400.000,-1,325.000,325.000,300.000,300.000,-1,-1,-1,450.000,800.000,800.000,-1,-1,2,0,2,0,2,0,0,0,0,2,2,2,1,0,0,2,2
24,-4022.538,-6344.317,125.987,24.316,0.910740,-0.411213,-0.038164,0.412573,0.910051,0.039890,0.018328,-0.052075,0.998475,0,0.85582,-0.22375,51.349,-0.448,-1,400.000,-1,400.000,-1,325.000,325.000,300.000,300.000,-1,-1,-1,475.000,800.000,800.000,-1,-1,2,0,2,0,2,0,0,0,0,2,2,2,1,0,0,2,2
25,-3975.706,-6323.360,126.872,24.109,0.912245,-0.407926,-0.037491,0.409250,0.911560,0.039668,0.017994,-0.051530,0.998509,0,0.85512,-0.10375,51.307,-0.208,-1,400.000,-1,400.000,-1,325.000,325.000,300.000,300.000,-1,-1,-1,475.000,800.000,825.000,-1,-1,2,0,2,0,2,0,0,0,0,2,2,2,1,0,0,2,2
26,-3928.921,-6302.392,127.692,24.141,0.912044,-0.408456,-0.036587,0.409728,0.911359,0.039354,0.017269,-0.050883,0.998555,0,0.85448,0.01625,51.269,0.032,-1,400.000,-1,400.000,-1,325.000,325.000,300.000,300.000,-1,-1,-1,500.000,800.000,825.000,-1,-1,2,0,2,0,2,0,0,0,0,2,2,2,1,0,0,2,2
27,-3879.214,-6279.830,128.553,24.414,0.910125,-0.412798,-0.035656,0.414014,0.909431,0.039083,0.016293,-0.050332,0.998600,0,0.90980,0.13625,54.588,0.272,-1,400.000,-1,400.000,-1,325.000,325.000,300.000,300.000,-1,-1,-1,525.000,800.000,825.000,-1,-1,2,0,2,0,2,0,0,0,0,2,2,2,1,0,0,2,2
28,-3829.993,-6256.955,129.344,24.926,0.906423,-0.420921,-0.034963,0.422095,0.905713,0.038991,0.015254,-0.050100,0.998628,0,0.90461,0.25625,54.276,0.512,-1,400.000,-1,400.000,-1,325.000,325.000,300.000,300.000,-1,-1,-1,550.000,800.000,825.000,-1,-1,2,0,2,0,2,0,0,0,0,2,2,2,1,0,0,2,2
29,-3781.344,-6233.614,130.069,25.631,0.901200,-0.432034,-0.034427,0.433174,0.900463,0.039070,0.014121,-0.050122,0.998643,0,0.89932,0.35257,53.959,0.705,-1,400.000,-1,400.000,-1,325.000,325.000,300.000,300.000,-1,-1,-1,575.000,800.000,825.000,-1,-1,2,0,2,0,2,0,0,0,0,2,2,2,1,0,0,2,2
30,-3733.266,-6209.808,130.677,26.342,0.895807,-0.443153,-0.033840,0.444261,0.895019,0.039649,0.012717,-0.050551,0.998641,0,0.89415,0.35511,53.649,0.710,-1,400.000,-1,400.000,-1,325.000,325.000,300.000,300.000,-1,-1,-1,600.000,800.000,825.000,-1,-1,2,0,2,0,2,0,0,0,0,2,2,2,1,0,0,2,2
31,-3685.736,-6185.530,131.260,27.058,0.890229,-0.454294,-0.033315,0.455373,0.889390,0.040266,0.011337,-0.051017,0.998633,0,0.88953,0.35806,53.372,0.716,-1,400.000,-1,400.000,-1,325.000,325.000,300.000,300.000,-1,-1,-1,650.000,800.000,825.000,-1,-1,2,0,2,0,2,0,0,0,0,2,2,2,1,0,0,2,2
32,-3638.730,-6160.766,131.799,27.780,0.884458,-0.465467,-0.032780,0.466514,0.883568,0.040889,0.009931,-0.051457,0.998626,0,0.88551,0.36139,53.130,0.723,-1,400.000,-1,400.000,-1,325.000,325.000,300.000,300.000,-1,-1,-1,675.000,800.000,825.000,-1,-1,2,0,2,0,2,0,0,0,0,2,2,2,1,0,0,2,2
33,-3592.223,-6135.504,132.233,28.511,0.878494,-0.476684,-0.031952,0.477682,0.877557,0.041399,0.008305,-0.051632,0.998632,0,0.88209,0.36509,52.926,0.730,-1,400.000,-1,400.000,-1,325.000,325.000,300.000,300.000,-1,-1,-1,700.000,775.000,825.000,-1,-1,2,0,2,0,2,0,0,0,0,2,2,2,1,0,0,2,2
34,-3546.191,-6109.725,132.638,29.249,0.872317,-0.487947,-0.031172,0.488895,0.871333,0.041950,0.006692,-0.051834,0.998633,0,0.87931,0.36913,52.759,0.738,-1,400.000,-1,400.000,-1,325.000,325.000,300.000,325.000,-1,-1,-1,725.000,775.000,825.000,-1,-1,2,0,2,0,2,0,0,0,0,2,2,2,1,0,0,2,2
35,-3500.611,-6083.414,133.015,29.996,0.865918,-0.499259,-0.030442,0.500160,0.864887,0.042541,0.005090,-0.052063,0.998631,0,0.87716,0.37349,52.629,0.747,-1,400.000,-1,400.000,-1,325.000,325.000,300.000,325.000,-1,-1,-1,750.000,775.000,800.000,-1,-1,2,0,2,0,2,0,0,0,0,2,2,2,1,0,0,2,2
36,-3455.461,-6056.550,133.355,30.752,0.859288,-0.510626,-0.029769,0.511480,0.858212,0.043132,0.003524,-0.052290,0.998626,0,0.87563,0.37816,52.538,0.756,-1,400.000,-1,400.000,975.000,325.000,325.000,300.000,325.000,-1,-1,-1,800.000,775.000,800.000,-1,-1,2,0,2,0,1,0,0,0,0,2,2,2,1,0,0,2,2
37,-3414.658,-6031.772,133.500,31.268,0.854668,-0.518347,-0.029289,0.519167,0.853590,0.043009,0.002707,-0.051964,0.998645,0,0.79563,0.25816,47.738,0.516,-1,400.000,-1,400.000,950.000,325.000,325.000,300.000,325.000,-1,-1,-1,825.000,775.000,800.000,-1,-1,2,0,2,0,1,0,0,0,0,2,2,2,1,0,0,2,2
38,-3378.135,-6009.194,133.620,31.723,0.850544,-0.525110,-0.028878,0.525900,0.849463,0.042925,0.001991,-0.051696,0.998661,0,0.71563,0.22726,42.938,0.455,-1,400.000,-1,400.000,925.000,325.000,325.000,300.000,300.000,-1,-1,-1,850.000,775.000,800.000,-1,-1,2,0,2,0,1,0,0,0,0,2,2,2,1,0,1,2,2
39,-3344.717,-5988.161,133.675,32.186,0.846287,-0.531973,-0.028324,0.532726,0.845205,0.042798,0.001172,-0.051308,0.998682,0,0.65811,0.23169,39.486,0.463,-1,400.000,-1,400.000,900.000,325.000,325.000,300.000,300.000,-1,-1,-1,875.000,775.000,800.000,-1,-1,2,0,2,0,1,0,0,0,0,2,2,2,1,0,1,2,2
40,-3311.446,-5966.836,133.635,32.658,0.841902,-0.538931,-0.027467,0.539630,0.840821,0.042663,0.000103,-0.050740,0.998712,0,0.65864,0.23590,39.519,0.472,-1,400.000,-1,400.000,875.000,325.000,325.000,300.000,300.000,-1,-1,-1,900.000,775.000,775.000,-1,-1,2,0,2,0,1,0,0,0,0,2,2,2,1,0,1,2,2
41,-3278.313,-5945.206,133.575,33.139,0.837377,-0.545975,-0.026649,0.546624,0.836291,0.042645,-0.000997,-0.050277,0.998735,0,0.65947,0.24023,39.568,0.480,-1,400.000,-1,400.000,850.000,325.000,325.000,300.000,300.000,-1,-1,-1,925.000,775.000,775.000,-1,-1,2,0,2,0,1,0,0,0,0,2,2,2,1,0,1,2,2
42,-3244.059,-5922.423,133.507,33.628,0.832708,-0.553108,-0.025850,0.553708,0.831617,0.042675,-0.002106,-0.049849,0.998755,0,0.68566,0.24461,41.139,0.489,-1,400.000,-1,400.000,825.000,325.000,325.000,300.000,300.000,-1,-1,-1,950.000,775.000,775.000,-1,-1,2,0,2,0,1,0,0,0,0,2,2,2,1,0,1,2,2
43,-3206.056,-5896.612,133.421,34.185,0.827320,-0.561173,-0.025024,0.561721,0.826221,0.042766,-0.003324,-0.049437,0.998772,0,0.76566,0.27835,45.939,0.557,-1,400.000,-1,400.000,800.000,325.000,325.000,300.000,300.000,-1,-1,-1,975.000,750.000,775.000,-1,-1,2,0,2,0,1,0,0,0,0,2,2,2,1,0,1,2,2
44,-3168.211,-5870.377,133.280,34.730,0.821961,-0.569016,-0.024500,0.569526,0.820848,0.042985,-0.004348,-0.049286,0.998775,0,0.76748,0.27267,46.049,0.545,1000.000,400.000,-1,400.000,800.000,325.000,325.000,300.000,300.000,-1,-1,-1,1000.000,750.000,775.000,1000.000,-1,1,0,2,0,1,0,0,0,0,2,2,2,1,0,0,1,2
45,-3130.565,-5843.758,133.096,35.263,0.816644,-0.576635,-0.024186,0.577118,0.815514,0.043252,-0.005217,-0.049280,0.998771,0,0.76844,0.26677,46.107,0.534,950.000,400.000,-1,400.000,800.000,325.000,325.000,300.000,300.000,-1,-1,-1,-1,750.000,775.000,950.000,-1,1,0,2,0,1,0,0,0,0,2,2,2,2,0,0,1,2
46,-3093.134,-5816.778,132.834,35.785,0.811373,-0.584038,-0.023939,0.584499,0.810243,0.043204,-0.005836,-0.049047,0.998779,0,0.76902,0.26066,46.141,0.521,900.000,400.000,-1,400.000,825.000,325.000,325.000,300.000,300.000,-1,-1,-1,-1,750.000,775.000,900.000,-1,1,0,2,0,1,0,0,0,0,2,2,2,2,0,0,1,2
47,-3055.937,-5789.460,132.568,36.293,0.806166,-0.591214,-0.023737,0.591655,0.805034,0.043183,-0.006421,-0.048856,0.998785,0,0.76919,0.25434,46.151,0.509,850.000,400.000,-1,400.000,900.000,325.000,325.000,300.000,300.000,-1,-1,-1,-1,750.000,775.000,850.000,-1,1,0,2,0,1,0,0,0,0,2,2,2,2,0,0,1,2
48,-3018.988,-5761.830,132.264,36.789,0.801033,-0.598156,-0.023572,0.598579,0.799889,0.043377,-0.007091,-0.048856,0.998781,0,0.76895,0.24785,46.137,0.496,825.000,400.000,-1,400.000,-1,325.000,325.000,300.000,325.000,-1,-1,-1,-1,725.000,775.000,825.000,-1,1,0,2,0,2,0,0,0,0,2,2,2,2,1,0,1,2
49,-2982.305,-5733.914,131.961,37.271,0.795980,-0.604868,-0.023456,0.605274,0.794823,0.043580,-0.007717,-0.048886,0.998775,0,0.76829,0.24119,46.097,0.482,775.000,400.000,-1,400.000,-1,325.000,325.000,300.000,325.000,-1,-1,-1,-1,700.000,775.000,775.000,-1,1,0,2,0,2,0,0,0,0,2,2,2,2,1,0,1,2
50,-2945.904,-5705.738,131.662,37.740,0.791015,-0.611349,-0.023389,0.611740,0.789846,0.043777,-0.008290,-0.048936,0.998768,0,0.76720,0.23438,46.032,0.469,725.000,400.000,-1,400.000,-1,325.000,325.000,300.000,325.000,-1,-1,-1,-1,675.000,775.000,725.000,-1,1,0,2,0,2,0,0,0,0,2,2,2,2,1,0,1,2
51,-2909.798,-5677.331,131.369,38.195,0.786146,-0.617599,-0.023368,0.617978,0.784965,0.043966,-0.008810,-0.049005,0.998760,0,0.76568,0.22745,45.941,0.455,675.000,400.000,-1,400.000,-1,325.000,325.000,300.000,325.000,-1,-1,-1,-1,650.000,775.000,700.000,-1,1,0,2,0,2,0,0,0,0,2,2,2,2,1,0,1,2
52,-2874.004,-5648.720,131.081,38.636,0.781379,-0.623618,-0.023394,0.623987,0.780187,0.044146,-0.009278,-0.049092,0.998751,0,0.76374,0.22042,45.825,0.441,650.000,400.000,-1,400.000,-1,325.000,325.000,300.000,325.000,-1,-1,-1,-1,625.000,775.000,650.000,-1,1,0,2,0,2,0,0,0,0,2,2,2,2,1,0,1,2
53,-2838.533,-5619.932,130.733,39.063,0.776716,-0.629414,-0.023463,0.629780,0.775526,0.044002,-0.009499,-0.048953,0.998756,0,0.76138,0.21333,45.683,0.427,600.000,400.000,-1,400.000,-1,325.000,325.000,300.000,325.000,-1,-1,-1,-1,600.000,775.000,600.000,-1,1,0,2,0,2,0,0,0,0,2,2,2,2,1,0,1,2
54,-2803.398,-5590.995,130.328,39.475,0.772160,-0.634991,-0.023548,0.635356,0.770989,0.043559,-0.009504,-0.048596,0.998773,0,0.75862,0.20620,45.517,0.412,550.000,400.000,-1,400.000,-1,325.000,325.000,300.000,325.000,-1,-1,-1,-1,575.000,800.000,575.000,-1,1,0,2,0,2,0,0,0,0,2,2,2,2,1,0,1,2
55,-2768.610,-5561.935,129.854,39.873,0.767727,-0.640348,-0.023460,0.640705,0.766576,0.043104,-0.009618,-0.048123,0.998795,0,0.75547,0.19908,45.328,0.398,525.000,400.000,-1,400.000,-1,325.000,325.000,300.000,325.000,-1,-1,-1,-1,550.000,800.000,525.000,-1,1,0,2,0,2,0,0,0,0,2,2,2,2,1,0,1,2
56,-2734.179,-5532.778,129.381,40.259,0.763389,-0.645512,-0.023469,0.645866,0.762256,0.042692,-0.009669,-0.047749,0.998813,0,0.75197,0.19310,45.118,0.386,475.000,400.000,-1,400.000,-1,325.000,325.000,300.000,325.000,-1,-1,-1,-1,525.000,775.000,500.000,-1,1,0,2,0,2,0,0,0,0,2,2,2,2,1,0,1,2
57,-2700.117,-5503.542,128.913,40.641,0.759069,-0.650587,-0.023474,0.650937,0.757952,0.042302,-0.009729,-0.047390,0.998829,0,0.74814,0.19083,44.888,0.382,450.000,400.000,-1,400.000,-1,325.000,325.000,300.000,325.000,-1,-1,-1,-1,500.000,775.000,450.000,-1,1,1,2,0,2,0,0,0,0,2,2,2,2,1,0,1,2
58,-2666.437,-5474.245,128.325,41.019,0.754767,-0.655594,-0.022886,0.655915,0.753675,0.041826,-0.010172,-0.046580,0.998863,0,0.74399,0.18885,44.639,0.378,400.000,375.000,-1,400.000,-1,325.000,325.000,300.000,300.000,-1,-1,-1,-1,475.000,775.000,400.000,-1,1,1,2,0,2,0,0,0,1,2,2,2,2,1,0,1,2
59,-2636.662,-5447.776,127.804,41.636,0.747660,-0.663704,-0.022401,0.663994,0.746589,0.041435,-0.010776,-0.045853,0.998890,0,0.66399,0.30885,39.839,0.618,375.000,350.000,1000.000,400.000,-1,325.000,325.000,300.000,300.000,-1,-1,-1,-1,450.000,775.000,375.000,-1,1,1,1,0,2,0,0,0,1,2,2,2,2,1,0,1,2
60,-2610.818,-5424.116,127.342,42.475,0.737878,-0.674575,-0.022009,0.674835,0.736821,0.041131,-0.011529,-0.045202,0.998911,0,0.58399,0.41912,35.039,0.838,325.000,325.000,950.000,400.000,-1,325.000,325.000,325.000,275.000,-1,-1,-1,-1,425.000,775.000,350.000,-1,1,1,1,0,2,0,0,0,1,2,2,2,2,1,0,1,2
61,-2588.817,-5403.371,126.939,43.318,0.727884,-0.685357,-0.021702,0.685591,0.726837,0.040905,-0.012261,-0.044652,0.998927,0,0.50399,0.42141,30.239,0.843,300.000,325.000,875.000,400.000,-1,325.000,325.000,325.000,275.000,-1,-1,-1,-1,400.000,775.000,325.000,-1,1,1,1,0,2,0,0,0,1,2,2,2,2,1,0,1,2
62,-2570.568,-5385.647,126.594,44.164,0.717689,-0.696032,-0.021467,0.696242,0.716649,0.040746,-0.012976,-0.044190,0.998939,0,0.42399,0.42316,25.439,0.846,300.000,300.000,825.000,400.000,-1,325.000,325.000,325.000,275.000,-1,-1,-1,-1,375.000,750.000,300.000,-1,1,1,1,0,2,1,0,0,1,2,2,2,2,1,1,1,2
63,-2555.977,-5371.050,126.309,45.013,0.707310,-0.706582,-0.021295,0.706771,0.706274,0.040645,-0.013679,-0.043799,0.998947,0,0.34399,0.42431,20.639,0.849,275.000,300.000,800.000,400.000,-1,300.000,325.000,325.000,275.000,-1,-1,-1,-1,375.000,725.000,275.000,-1,1,1,1,0,2,1,0,0,1,2,2,2,2,1,1,1,2
64,-2544.947,-5359.683,126.085,45.862,0.696763,-0.716989,-0.021174,0.717158,0.695728,0.040590,-0.014371,-0.043467,0.998952,0,0.26399,0.42486,15.839,0.850,250.000,275.000,750.000,400.000,-1,300.000,325.000,325.000,275.000,-1,-1,-1,-1,350.000,700.000,250.000,-1,1,1,1,0,2,1,0,0,1,2,2,2,2,1,1,1,2
65,-2537.378,-5351.647,125.926,46.712,0.686065,-0.727235,-0.021096,0.727385,0.685029,0.040573,-0.015055,-0.043181,0.998954,0,0.18399,0.42477,11.039,0.850,250.000,275.000,725.000,400.000,-1,275.000,325.000,325.000,275.000,-1,-1,-1,-1,350.000,675.000,250.000,-1,1,1,1,0,2,1,0,0,1,2,2,2,2,1,1,1,2
66,-2533.167,-5347.043,125.830,47.560,0.675235,-0.737302,-0.021076,0.737435,0.674197,0.040589,-0.015717,-0.042949,0.998954,0,0.10399,0.42405,6.239,0.848,250.000,275.000,700.000,400.000,-1,275.000,325.000,325.000,275.000,-1,-1,-1,-1,350.000,650.000,250.000,-1,1,1,1,0,2,1,0,0,1,2,2,2,2,1,1,1,2
67,-2532.212,-5345.967,125.809,48.405,0.664292,-0.747176,-0.021074,0.747293,0.663251,0.040627,-0.016379,-0.042737,0.998952,0,0.02399,0.42270,1.439,0.845,250.000,275.000,700.000,400.000,-1,275.000,325.000,325.000,275.000,-1,-1,-1,-1,325.000,625.000,250.000,-1,1,1,1,0,2,1,0,0,1,2,2,2,2,1,1,1,2
68,-2534.406,-5348.513,125.870,49.247,0.653257,-0.756843,-0.021073,0.756944,0.652212,0.040682,-0.017045,-0.042527,0.998950,0,-0.05601,0.42075,-3.361,0.842,250.000,275.000,675.000,400.000,-1,275.000,325.000,325.000,275.000,-1,-1,-1,-1,325.000,625.000,250.000,-1,1,1,1,0,2,1,0,0,1,2,2,2,2,1,1,1,2
69,-2538.935,-5353.926,126.000,50.083,0.642149,-0.766290,-0.021070,0.766375,0.641100,0.040744,-0.017713,-0.042311,0.998947,0,-0.11763,0.41823,-7.058,0.836,275.000,275.000,675.000,400.000,-1,275.000,325.000,325.000,275.000,-1,-1,-1,-1,325.000,625.000,275.000,-1,1,1,1,0,2,1,0,0,1,2,2,2,2,1,1,1,2
70,-2543.368,-5359.384,126.131,50.914,0.630982,-0.775510,-0.021088,0.775580,0.629929,0.040802,-0.018359,-0.042101,0.998945,0,-0.11719,0.41531,-7.032,0.831,275.000,275.000,675.000,400.000,-1,275.000,325.000,325.000,275.000,-1,-1,-1,-1,325.000,600.000,275.000,-1,1,1,1,0,2,1,0,0,1,2,2,2,2,1,1,1,2
71,-2547.709,-5364.888,126.265,51.739,0.619762,-0.784506,-0.021106,0.784560,0.618705,0.040856,-0.018994,-0.041880,0.998942,0,-0.11682,0.41245,-7.009,0.825,300.000,275.000,650.000,400.000,-1,275.000,325.000,325.000,275.000,-1,-1,-1,-1,350.000,600.000,275.000,-1,1,1,1,0,2,1,0,0,1,2,2,2,2,1,1,1,2
72,-2551.960,-5370.439,126.404,52.558,0.608490,-0.793281,-0.021122,0.793319,0.607430,0.040906,-0.019620,-0.041647,0.998940,0,-0.11652,0.40965,-6.991,0.819,300.000,275.000,650.000,400.000,-1,275.000,325.000,325.000,275.000,-1,-1,-1,-1,350.000,600.000,300.000,-1,1,1,1,0,2,1,0,0,1,2,2,2,2,1,1,1,2
73,-2556.122,-5376.039,126.548,53.372,0.597170,-0.801836,-0.021136,0.801859,0.596108,0.040951,-0.020236,-0.041402,0.998938,0,-0.11629,0.40690,-6.977,0.814,325.000,275.000,650.000,400.000,-1,275.000,325.000,325.000,275.000,-1,-1,-1,-1,350.000,600.000,300.000,-1,1,1,1,0,2,1,0,0,1,2,2,2,2,1,1,1,2
74,-2560.200,-5381.688,126.696,54.180,0.585806,-0.810175,-0.021147,0.810183,0.584742,0.040991,-0.020844,-0.041146,0.998936,0,-0.11611,0.40421,-6.967,0.808,325.000,275.000,650.000,400.000,-1,275.000,325.000,325.000,275.000,-1,-1,-1,-1,350.000,575.000,300.000,950.000,1,1,1,0,2,1,0,0,1,2,2,2,2,1,1,1,1
75,-2564.193,-5387.389,126.849,54.983,0.574400,-0.818301,-0.021157,0.818294,0.573334,0.041028,-0.021443,-0.040879,0.998934,0,-0.11600,0.40158,-6.960,0.803,350.000,275.000,625.000,400.000,-1,275.000,325.000,325.000,275.000,-1,-1,-1,-1,350.000,575.000,325.000,900.000,1,1,1,0,2,1,0,0,1,2,2,2,2,1,1,1,1
76,-2568.106,-5393.142,127.007,55.781,0.562955,-0.826216,-0.021163,0.826193,0.561888,0.041060,-0.022033,-0.040600,0.998933,0,-0.11595,0.39900,-6.957,0.798,375.000,300.000,625.000,400.000,-1,275.000,325.000,325.000,275.000,-1,-1,-1,-1,350.000,575.000,325.000,875.000,1,1,1,0,2,1,0,0,1,2,2,2,2,1,1,1,1
77,-2571.938,-5398.948,127.169,56.574,0.551475,-0.833923,-0.021167,0.833885,0.550407,0.041089,-0.022614,-0.040310,0.998931,0,-0.11596,0.39647,-6.957,0.793,375.000,300.000,625.000,400.000,-1,275.000,325.000,325.000,275.000,-1,-1,-1,-1,375.000,575.000,350.000,825.000,1,1,1,0,2,1,0,0,1,2,2,2,2,1,1,1,1
78,-2575.693,-5404.811,127.336,57.362,0.539961,-0.841424,-0.021169,0.841370,0.538893,0.041113,-0.023186,-0.040010,0.998930,0,-0.11602,0.39399,-6.961,0.788,400.000,300.000,625.000,400.000,-1,275.000,325.000,325.000,275.000,-1,-1,-1,-1,375.000,575.000,350.000,825.000,1,1,1,0,2,1,0,0,1,2,2,2,2,1,1,1,1
79,-2579.370,-5410.729,127.508,58.145,0.528417,-0.848721,-0.021167,0.848653,0.527349,0.041133,-0.023748,-0.039699,0.998929,0,-0.11613,0.39156,-6.968,0.783,425.000,300.000,625.000,400.000,-1,275.000,325.000,325.000,275.000,-1,-1,-1,-1,375.000,575.000,375.000,800.000,1,1,1,0,2,1,0,0,1,2,2,2,2,1,1,1,1
80,-2580.481,-5412.591,127.571,59.169,0.513187,-0.858016,-0.021164,0.857928,0.512118,0.041167,-0.024484,-0.039284,0.998928,0,-0.03613,0.51156,-2.168,1.023,450.000,300.000,625.000,400.000,-1,275.000,325.000,325.000,300.000,-1,-1,-1,-1,375.000,550.000,375.000,775.000,1,1,1,0,2,1,0,0,1,2,2,2,2,1,1,1,1
81,-2579.182,-5410.302,127.518,60.432,0.494158,-0.869114,-0.021168,0.869001,0.493090,0.041220,-0.025387,-0.038765,0.998926,0,0.04387,0.63156,2.632,1.263,450.000,300.000,600.000,400.000,-1,275.000,325.000,325.000,300.000,-1,-1,-1,-1,375.000,550.000,375.000,750.000,1,1,1,0,2,1,1,0,1,2,2,2,2,1,1,1,1
82,-2575.675,-5403.750,127.342,61.841,0.472639,-0.881001,-0.021192,0.880861,0.471571,0.041297,-0.026389,-0.038186,0.998922,0,0.12387,0.70482,7.432,1.410,475.000,300.000,575.000,375.000,-1,275.000,300.000,325.000,300.000,-1,-1,-1,-1,375.000,525.000,375.000,700.000,1,1,1,1,2,1,1,0,1,2,2,2,2,1,1,1,1
83,-2570.169,-5392.828,127.033,63.245,0.450924,-0.892309,-0.021248,0.892142,0.449854,0.041397,-0.027380,-0.037623,0.998917,0,0.20387,0.70195,12.232,1.404,500.000,275.000,550.000,375.000,-1,275.000,300.000,325.000,300.000,-1,-1,-1,-1,375.000,500.000,375.000,675.000,1,1,1,1,2,1,1,0,1,2,2,2,2,1,1,1,1
84,-2562.875,-5377.437,126.570,64.644,0.429023,-0.903040,-0.021421,0.902850,0.427948,0.041511,-0.028319,-0.037149,0.998908,0,0.28387,0.69931,17.032,1.399,500.000,275.000,525.000,350.000,-1,250.000,275.000,325.000,325.000,-1,-1,-1,-1,350.000,475.000,375.000,625.000,1,1,1,1,2,1,1,0,1,2,2,2,2,1,1,1,1
85,-2554.008,-5357.487,125.953,66.038,0.406947,-0.913194,-0.021699,0.912984,0.405864,0.041645,-0.029223,-0.036758,0.998897,0,0.36387,0.69683,21.832,1.394,525.000,275.000,475.000,325.000,775.000,250.000,275.000,325.000,325.000,-1,-1,-1,-1,350.000,450.000,375.000,575.000,1,1,1,1,1,1,1,0,0,2,2,2,2,1,1,1,1
86,-2543.785,-5332.896,125.184,67.426,0.384709,-0.922774,-0.022063,0.922547,0.383614,0.041808,-0.030116,-0.036438,0.998882,0,0.44387,0.69446,26.632,1.389,525.000,250.000,450.000,300.000,675.000,225.000,250.000,325.000,325.000,-1,-1,-1,900.000,325.000,400.000,350.000,525.000,1,1,1,1,1,1,1,0,0,2,2,2,1,1,1,1,1
87,-2532.422,-5303.590,124.990,68.811,0.362188,-0.931877,-0.020593,0.931666,0.361251,0.038692,-0.028617,-0.033200,0.999039,0,0.52387,0.69214,31.432,1.384,600.000,250.000,425.000,275.000,600.000,225.000,225.000,325.000,325.000,-1,-1,-1,750.000,325.000,375.000,350.000,475.000,1,1,1,1,1,1,1,0,0,2,2,2,1,1,1,1,1
88,-2520.141,-5269.504,125.286,70.190,0.339434,-0.940471,-0.017287,0.940298,0.338769,0.032803,-0.024994,-0.027389,0.999312,0,0.60387,0.68983,36.232,1.380,-1,225.000,375.000,250.000,525.000,200.000,225.000,325.000,300.000,-1,-1,-1,650.000,300.000,350.000,350.000,400.000,2,1,1,1,1,1,1,0,0,2,2,2,1,1,1,1,1
89,-2507.163,-5230.579,125.665,71.565,0.316560,-0.948482,-0.013104,0.948349,0.316156,0.026057,-0.020572,-0.020676,0.999575,0,0.68387,0.68746,41.032,1.375,-1,225.000,350.000,225.000,450.000,200.000,200.000,350.000,300.000,-1,-1,-1,600.000,300.000,300.000,350.000,350.000,2,1,1,1,1,1,1,0,0,2,2,2,1,1,1,1,1
90,-2493.712,-5186.766,126.120,72.935,0.293606,-0.955894,-0.007861,0.955805,0.293428,0.018334,-0.015219,-0.012897,0.999801,0,0.76387,0.68498,45.832,1.370,-1,200.000,325.000,200.000,375.000,175.000,175.000,375.000,300.000,-1,650.000,575.000,550.000,275.000,275.000,375.000,300.000,2,1,1,1,1,1,1,0,0,2,0,0,1,1,1,1,1
91,-2480.011,-5138.023,129.649,74.300,0.270596,-0.962581,-0.014676,0.962693,0.270571,0.003686,0.000423,-0.015126,0.999886,0,0.84387,0.68231,50.632,1.365,-1,200.000,300.000,200.000,325.000,175.000,175.000,375.000,325.000,-1,325.000,275.000,550.000,275.000,250.000,400.000,275.000,2,1,1,1,1,1,1,0,0,2,0,0,1,1,1,1,1
92,-2466.282,-5084.317,136.889,75.659,0.246805,-0.968411,-0.035590,0.968668,0.247589,-0.019549,0.027743,-0.029650,0.999175,0,0.92387,0.67939,55.432,1.359,-1,225.000,325.000,200.000,350.000,175.000,150.000,400.000,375.000,-1,175.000,175.000,575.000,300.000,250.000,-1,275.000,2,1,1,1,1,1,1,0,0,2,0,0,1,1,1,2,1
93,-2295.765,-1639.832,31.239,132.490,-0.675651,-0.737179,-0.007868,0.737078,-0.675271,-0.026940,0.014547,-0.024001,0.999606,1,0.00000,0.00000,57.858,1.352,-1,375.000,-1,375.000,-1,300.000,300.000,300.000,300.000,-1,575.000,625.000,-1,700.000,675.000,-1,-1,2,0,2,0,2,0,0,0,0,2,0,0,2,0,0,2,2
94,-2298.992,-1636.279,31.316,132.250,-0.672560,-0.740003,-0.007700,0.739893,-0.672178,-0.027108,0.014884,-0.023929,0.999603,0,0.08000,-0.12000,4.800,-0.240,-1,375.000,-1,375.000,-1,300.000,300.000,300.000,300.000,-1,575.000,625.000,-1,700.000,675.000,-1,-1,2,0,2,0,2,0,0,0,0,2,0,0,2,0,0,2,2
95,-2305.387,-1629.119,31.472,131.770,-0.666341,-0.745610,-0.007368,0.745484,-0.665958,-0.027448,0.015559,-0.023783,0.999596,0,0.16000,-0.24000,9.600,-0.480,-1,375.000,-1,375.000,-1,300.000,300.000,300.000,300.000,-1,575.000,625.000,-1,700.000,675.000,-1,-1,2,0,2,0,2,0,0,0,0,2,0,0,2,0,0,2,2
96,-2314.844,-1618.259,31.755,131.050,-0.656922,-0.753927,-0.006835,0.753779,-0.656542,-0.027736,0.016423,-0.023373,0.999592,0,0.24000,-0.36000,14.400,-0.720,-1,375.000,-1,375.000,-1,300.000,300.000,300.000,300.000,-1,575.000,625.000,-1,700.000,675.000,-1,-1,2,0,2,0,2,0,0,0,0,2,0,0,2,0,0,2,2
97,-2327.209,-1603.571,32.150,130.090,-0.644201,-0.764832,-0.006119,0.764655,-0.643827,-0.028091,0.017545,-0.022775,0.999587,0,0.32000,-0.48000,19.200,-0.960,-1,375.000,-1,375.000,-1,300.000,300.000,300.000,300.000,-1,575.000,600.000,-1,700.000,700.000,-1,-1,2,0,2,0,2,0,0,0,0,2,0,0,2,0,0,2,2
98,-2342.276,-1584.890,32.656,128.890,-0.628043,-0.778161,-0.005233,0.777948,-0.627679,-0.028573,0.018950,-0.022016,0.999578,0,0.40000,-0.60000,24.000,-1.200,-1,375.000,-1,375.000,-1,300.000,300.000,300.000,300.000,-1,575.000,575.000,-1,725.000,700.000,-1,-1,2,0,2,0,2,0,0,0,0,2,0,0,2,0,0,2,2
99,-2359.789,-1562.026,33.277,127.450,-0.608289,-0.793705,-0.004185,0.793447,-0.607938,-0.029209,0.020639,-0.021088,0.999565,0,0.48000,-0.72000,28.800,-1.440,-1,375.000,-1,375.000,-1,300.000,300.000,300.000,300.000,-1,550.000,550.000,-1,725.000,700.000,-1,-1,2,0,2,0,2,0,0,0,0,2,0,0,2,0,0,2,2
100,-2379.429,-1534.764,34.023,125.770,-0.584754,-0.811205,-0.002990,0.810895,-0.584420,-0.030027,0.022611,-0.019983,0.999545,0,0.56000,-0.84000,33.600,-1.680,-1,375.000,-1,375.000,-1,300.000,300.000,300.000,300.000,-1,550.000,525.000,-1,725.000,700.000,-1,-1,2,0,2,0,2,0,0,0,0,2,0,0,2,0,0,2,2
101,-2399.114,-1505.474,34.860,123.905,-0.558035,-0.829815,-0.001909,0.829452,-0.557719,-0.030956,0.024624,-0.018858,0.999519,0,0.58816,-0.93262,35.289,-1.865,-1,375.000,-1,375.000,-1,300.000,300.000,300.000,300.000,-1,525.000,525.000,-1,725.000,700.000,-1,-1,2,0,2,0,2,0,0,0,0,2,0,0,2,0,0,2,2
102,-2418.044,-1475.196,35.796,122.014,-0.530347,-0.847780,-0.001179,0.847368,-0.530045,-0.031942,0.026455,-0.017939,0.999489,0,0.59514,-0.94541,35.708,-1.891,-1,375.000,-1,375.000,-1,300.000,300.000,300.000,300.000,-1,525.000,500.000,-1,725.000,700.000,-1,-1,2,0,2,0,2,0,0,0,0,2,0,0,2,0,0,2,2
103,-2436.182,-1443.902,36.770,120.097,-0.501680,-0.865053,-0.000524,0.864591,-0.501392,-0.032994,0.028279,-0.017006,0.999455,0,0.60285,-0.95866,36.171,-1.917,-1,375.000,-1,375.000,-1,325.000,300.000,325.000,300.000,-1,525.000,500.000,-1,725.000,700.000,-1,-1,2,0,2,0,2,0,0,0,0,2,0,0,2,0,0,2,2
104,-2453.486,-1411.565,37.784,118.152,-0.472027,-0.881584,0.000045,0.881070,-0.471754,-0.034108,0.030091,-0.016060,0.999418,0,0.61126,-0.97238,36.676,-1.945,-1,375.000,-1,375.000,-1,325.000,300.000,325.000,300.000,-1,525.000,500.000,-1,725.000,725.000,-1,-1,2,0,2,0,2,0,0,0,0,2,0,0,2,0,0,2,2
105,-2469.895,-1378.188,38.844,116.180,-0.441409,-0.897306,0.000506,0.896738,-0.441150,-0.035312,0.031909,-0.015134,0.999376,0,0.61987,-0.98584,37.192,-1.972,-1,375.000,-1,375.000,-1,325.000,325.000,325.000,300.000,-1,525.000,500.000,-1,725.000,725.000,-1,-1,2,0,2,0,2,0,0,0,0,2,0,0,2,0,0,2,2
106,-2487.275,-1339.961,40.120,114.449,-0.414092,-0.910235,0.000761,0.909605,-0.413836,-0.036867,0.033872,-0.014574,0.999320,0,0.69987,-0.86584,41.992,-1.732,-1,375.000,-1,375.000,-1,325.000,325.000,300.000,300.000,-1,525.000,500.000,-1,750.000,725.000,-1,-1,2,0,2,0,2,0,0,0,0,2,0,0,2,0,0,2,2
107,-2505.526,-1296.874,41.580,112.957,-0.390262,-0.920703,0.000877,0.920004,-0.390003,-0.038598,0.035879,-0.014256,0.999254,0,0.77987,-0.74584,46.792,-1.492,-1,375.000,-1,375.000,-1,325.000,325.000,300.000,300.000,-1,525.000,500.000,-1,750.000,750.000,-1,-1,2,0,2,0,2,0,0,0,0,2,0,0,2,0,0,2,2
108,-2524.607,-1248.940,43.230,111.705,-0.370069,-0.929004,0.000857,0.928229,-0.369798,-0.040493,0.037935,-0.014190,0.999179,0,0.85987,-0.62584,51.592,-1.252,-1,375.000,-1,375.000,-1,325.000,325.000,300.000,300.000,-1,525.000,500.000,-1,750.000,750.000,-1,-1,2,0,2,0,2,0,0,0,0,2,0,0,2,0,0,2,2
109,-2543.549,-1198.792,45.260,110.694,-0.353586,-0.935401,0.001464,0.934587,-0.353342,-0.041195,0.039051,-0.013197,0.999150,0,0.89342,-0.50584,53.605,-1.012,-1,375.000,-1,400.000,-1,325.000,325.000,300.000,300.000,-1,550.000,525.000,-1,750.000,750.000,-1,-1,2,0,2,0,2,0,0,0,0,2,0,0,2,0,0,2,2
110,-2561.834,-1148.343,47.409,109.922,-0.340922,-0.940089,0.002357,0.939236,-0.340717,-0.041803,0.040102,-0.012038,0.999123,0,0.89434,-0.38584,53.661,-0.772,-1,375.000,-1,400.000,-1,325.000,325.000,300.000,300.000,-1,575.000,550.000,-1,775.000,775.000,-1,-1,2,0,2,0,2,0,0,0,0,2,0,0,2,0,0,2,2
111,-2579.671,-1097.664,49.594,109.390,-0.332151,-0.943221,0.003233,0.942331,-0.331983,-0.042420,0.041085,-0.011044,0.999095,0,0.89544,-0.26584,53.727,-0.532,-1,375.000,-1,400.000,-1,325.000,325.000,300.000,300.000,-1,600.000,600.000,-1,775.000,775.000,-1,-1,2,0,2,0,2,0,0,0,0,2,0,0,2,0,0,2,2
112,-2597.270,-1046.838,51.778,109.099,-0.327319,-0.944906,0.003945,0.943984,-0.327180,-0.042987,0.041909,-0.010346,0.999068,0,0.89643,-0.14584,53.786,-0.292,-1,400.000,-1,400.000,-1,325.000,325.000,300.000,300.000,-1,625.000,625.000,-1,800.000,775.000,-1,-1,2,0,2,0,2,0,0,0,0,2,0,0,2,0,0,2,2
113,-2614.839,-995.950,53.941,109.047,-0.326452,-0.945203,0.004421,0.944256,-0.326328,-0.043470,0.042531,-0.010016,0.999045,0,0.89726,-0.02584,53.836,-0.052,-1,400.000,-1,400.000,-1,325.000,325.000,300.000,300.000,-1,650.000,650.000,-1,800.000,800.000,-1,-1,2,0,2,0,2,0,0,0,0,2,0,0,2,0,0,2,2
114,-2632.587,-945.084,56.111,109.235,-0.329548,-0.944127,0.004818,0.943157,-0.329434,-0.043922,0.043056,-0.009930,0.999023,0,0.89789,0.09416,53.873,0.188,-1,400.000,-1,400.000,-1,325.000,325.000,325.000,300.000,-1,700.000,675.000,-1,825.000,800.000,-1,-1,2,0,2,0,2,0,0,0,0,2,0,0,2,0,0,2,2
115,-2650.593,-893.329,58.394,109.184,-0.328695,-0.944423,0.004909,0.943438,-0.328582,-0.044263,0.043416,-0.009918,0.999008,0,0.91329,-0.02584,54.797,-0.052,-1,400.000,-1,400.000,-1,325.000,325.000,325.000,300.000,-1,725.000,725.000,-1,825.000,800.000,-1,-1,2,0,2,0,2,0,0,0,0,2,0,0,2,0,0,2,2
116,-2668.342,-841.468,60.692,108.892,-0.323878,-0.946086,0.004980,0.945085,-0.323770,-0.044584,0.043792,-0.009733,0.998993,0,0.91358,-0.14584,54.815,-0.292,-1,400.000,-1,400.000,-1,325.000,325.000,325.000,300.000,-1,775.000,775.000,-1,850.000,825.000,-1,-1,2,0,2,0,2,0,0,0,0,2,0,0,2,0,0,2,2
117,-2685.612,-789.431,63.007,108.360,-0.315077,-0.949053,0.005038,0.948037,-0.314978,-0.044882,0.044183,-0.009366,0.998980,0,0.91380,-0.26584,54.828,-0.532,-1,400.000,-1,400.000,-1,325.000,325.000,325.000,300.000,-1,800.000,825.000,-1,850.000,825.000,-1,-1,2,0,2,0,2,0,0,0,0,2,0,0,2,0,0,2,2
118,-2702.183,-737.155,65.365,107.589,-0.302259,-0.953213,0.004990,0.952186,-0.302169,-0.045119,0.044516,-0.008886,0.998969,0,0.91399,-0.38584,54.839,-0.772,-1,400.000,-1,400.000,-1,325.000,325.000,325.000,300.000,-1,850.000,875.000,-1,850.000,850.000,-1,-1,2,0,2,0,2,0,0,0,0,2,0,0,2,0,0,2,2
119,-2717.832,-684.584,67.680,106.577,-0.285360,-0.958407,0.005056,0.957391,-0.285294,-0.044818,0.044396,-0.007949,0.998982,0,0.91418,-0.50584,54.851,-1.012,-1,400.000,-1,400.000,-1,325.000,325.000,325.000,300.000,-1,900.000,925.000,-1,875.000,850.000,-1,-1,2,0,2,0,2,0,0,0,0,2,0,0,2,0,0,2,2
120,-2732.333,-631.671,69.904,105.325,-0.264313,-0.964421,0.005494,0.963435,-0.264294,-0.044065,0.043949,-0.006354,0.999014,0,0.91441,-0.62584,54.864,-1.252,-1,400.000,-1,400.000,-1,325.000,325.000,325.000,300.000,-1,975.000,1000.000,-1,875.000,850.000,-1,-1,2,0,2,0,2,0,0,0,0,2,0,0,2,0,0,2,2
121,-2745.455,-578.381,72.180,103.834,-0.239064,-0.970985,0.006103,0.970033,-0.239101,-0.043196,0.043402,-0.004407,0.999048,0,0.91470,-0.74584,54.882,-1.492,-1,425.000,-1,400.000,-1,325.000,325.000,325.000,300.000,-1,-1,-1,-1,900.000,850.000,-1,-1,2,0,2,0,2,0,0,0,0,2,2,2,2,0,0,2,2
122,-2756.966,-524.696,74.178,102.102,-0.209610,-0.977770,0.005367,0.976894,-0.209651,-0.041528,0.041730,-0.003462,0.999123,0,0.91509,-0.86584,54.905,-1.732,-1,400.000,-1,400.000,-1,325.000,325.000,325.000,300.000,-1,-1,-1,-1,875.000,850.000,-1,-1,2,0,2,0,2,0,0,0,0,2,2,2,2,0,0,2,2
123,-2766.629,-470.616,76.128,100.130,-0.175847,-0.984407,0.004544,0.983594,-0.175886,-0.040097,0.040271,-0.002581,0.999185,0,0.91560,-0.98584,54.936,-1.972,-1,400.000,-1,400.000,-1,325.000,325.000,325.000,300.000,-1,-1,-1,-1,875.000,850.000,-1,-1,2,0,2,0,2,0,0,0,0,2,2,2,2,0,0,2,2
124,-2774.404,-416.193,78.096,98.130,-0.141381,-0.989948,0.003861,0.989195,-0.141424,-0.038631,0.038788,-0.001643,0.999246,0,0.91626,-1.00000,54.976,-2.000,-1,400.000,-1,400.000,-1,325.000,325.000,300.000,300.000,-1,-1,-1,-1,875.000,850.000,-1,-1,2,0,2,0,2,0,0,0,0,2,2,2,2,0,0,2,2
125,-2780.279,-361.489,80.082,96.130,-0.106740,-0.994281,0.003324,0.993588,-0.106789,-0.037139,0.037281,-0.000662,0.999305,0,0.91698,-1.00000,55.019,-2.000,-1,400.000,-1,400.000,-1,325.000,325.000,300.000,300.000,-1,-1,-1,-1,875.000,850.000,-1,-1,2,0,2,0,2,0,0,0,0,2,2,2,2,0,0,2,2
126,-2784.245,-306.569,82.085,94.130,-0.071965,-0.997403,0.002938,0.996766,-0.072024,-0.035632,0.035751,0.000364,0.999361,0,0.91772,-1.00000,55.063,-2.000,-1,400.000,-1,400.000,-1,325.000,325.000,300.000,300.000,-1,-1,-1,-1,875.000,825.000,-1,-1,2,0,2,0,2,0,0,0,0,2,2,2,2,0,0,2,2
127,-2786.294,-251.497,84.105,92.130,-0.037101,-0.999308,0.002706,0.998726,-0.037172,-0.034122,0.034199,0.001436,0.999414,0,0.91851,-1.00000,55.110,-2.000,-1,400.000,-1,400.000,-1,325.000,325.000,300.000,300.000,-1,-1,-1,-1,875.000,825.000,-1,-1,2,0,2,0,2,0,0,0,0,2,2,2,2,0,0,2,2
128,-2786.419,-196.338,86.140,90.130,-0.002189,-0.999994,0.002631,0.999465,-0.002274,-0.032621,0.032627,0.002559,0.999464,0,0.91932,-1.00000,55.159,-2.000,-1,400.000,-1,400.000,-1,325.000,325.000,325.000,300.000,-1,-1,-1,-1,875.000,825.000,-1,-1,2,0,2,0,2,0,0,0,0,2,2,2,2,0,0,2,2
129,-2784.618,-141.156,88.190,88.130,0.032727,-0.999461,0.002717,0.998982,0.032627,-0.031142,0.031037,0.003734,0.999511,0,0.92018,-1.00000,55.211,-2.000,-1,400.000,-1,400.000,-1,325.000,325.000,325.000,300.000,-1,-1,-1,-1,875.000,825.000,-1,-1,2,0,2,0,2,0,0,0,0,2,2,2,2,0,0,2,2
130,-2780.888,-86.019,90.253,86.130,0.067605,-0.997708,0.002965,0.997278,0.067487,-0.029697,0.029428,0.004965,0.999555,0,0.92106,-1.00000,55.264,-2.000,-1,425.000,-1,400.000,-1,325.000,325.000,325.000,300.000,-1,-1,-1,-1,875.000,800.000,-1,-1,2,0,2,0,2,0,0,0,0,2,2,2,2,0,0,2,2
131,-2775.231,-30.991,92.296,84.130,0.102397,-0.994738,0.003233,0.994352,0.102265,-0.028390,0.027910,0.006121,0.999592,0,0.92197,-1.00000,55.318,-2.000,-1,425.000,-1,400.000,-1,325.000,325.000,325.000,300.000,-1,-1,-1,-1,875.000,800.000,-1,-1,2,0,2,0,2,0,0,0,0,2,2,2,2,0,0,2,2
132,-2767.649,23.863,93.736,82.130,0.137001,-0.990570,0.001214,0.990218,0.136920,-0.026842,0.026423,0.004880,0.999639,0,0.92292,-1.00000,55.375,-2.000,-1,425.000,-1,400.000,-1,325.000,325.000,325.000,300.000,-1,-1,-1,-1,875.000,800.000,-1,-1,2,0,2,0,2,0,0,0,0,2,2,2,2,0,0,2,2
133,-2758.147,78.475,94.812,80.130,0.171471,-0.985189,0.000360,0.984871,0.171407,-0.025475,0.025036,0.004723,0.999675,0,0.92389,-1.00000,55.433,-2.000,-1,425.000,-1,400.000,-1,325.000,325.000,325.000,300.000,-1,-1,-1,-1,875.000,775.000,-1,-1,2,0,2,0,2,0,0,0,0,2,2,2,2,0,0,2,2
134,-2746.733,132.782,95.816,78.130,0.205739,-0.978607,-0.000174,0.978327,0.205685,-0.023872,0.023397,0.004741,0.999715,0,0.92489,-1.00000,55.493,-2.000,-1,400.000,-1,400.000,-1,325.000,325.000,300.000,300.000,-1,-1,-1,-1,850.000,775.000,-1,-1,2,0,2,0,2,0,0,0,0,2,2,2,2,0,0,2,2
