timestep,x_cm,y_cm,z_cm,yaw_deg,basis_xx,basis_xy,basis_xz,basis_yx,basis_yy,basis_yz,basis_zx,basis_zy,basis_zz,teleport_flag,throttle_cmd,steering_cmd,cmd_move_cm,cmd_turn_deg,lidar_cm_0,lidar_cm_1,lidar_cm_2,lidar_cm_3,lidar_cm_4,lidar_cm_5,lidar_cm_6,lidar_cm_7,lidar_cm_8,lidar_cm_9,lidar_cm_10,lidar_cm_11,lidar_cm_12,lidar_cm_13,lidar_cm_14,lidar_cm_15,lidar_cm_16,lidar_class_0,lidar_class_1,lidar_class_2,lidar_class_3,lidar_class_4,lidar_class_5,lidar_class_6,lidar_class_7,lidar_class_8,lidar_class_9,lidar_class_10,lidar_class_11,lidar_class_12,lidar_class_13,lidar_class_14,lidar_class_15,lidar_class_16
0,-987.593,-1636.712,-137.696,139.684,-0.761429,-0.644424,-0.070314,0.626575,-0.759442,0.175074,-0.166221,0.089250,0.982041,1,0.08000,0.12000,4.800,0.240,-1,375.000,850.000,375.000,450.000,300.000,300.000,275.000,300.000,475.000,750.000,950.000,-1,700.000,525.000,-1,475.000,2,0,1,0,1,0,0,0,0,1,1,1,2,0,1,2,1
1,-994.965,-1630.564,-139.278,140.164,-0.766859,-0.637965,-0.070192,0.620190,-0.764726,0.174807,-0.165199,0.090520,0.982098,0,0.16000,0.24000,9.600,0.480,-1,375.000,850.000,375.000,425.000,300.000,300.000,275.000,300.000,500.000,750.000,975.000,-1,700.000,525.000,-1,475.000,2,0,1,0,1,0,0,0,0,1,1,1,2,0,1,2,1
2,-1006.138,-1621.481,-141.587,140.884,-0.774872,-0.628206,-0.070223,0.610531,-0.772561,0.174361,-0.163786,0.092234,0.982175,0,0.24000,0.36000,14.400,0.720,-1,375.000,850.000,375.000,425.000,300.000,300.000,275.000,300.000,500.000,800.000,1000.000,-1,700.000,500.000,-1,450.000,2,0,1,0,1,0,0,0,0,1,1,1,2,0,1,2,1
3,-1021.237,-1609.621,-144.563,141.844,-0.785313,-0.615060,-0.070603,0.597502,-0.782832,0.173682,-0.162095,0.094209,0.982268,0,0.32000,0.48000,19.200,0.960,-1,375.000,850.000,375.000,400.000,300.000,300.000,275.000,300.000,525.000,850.000,-1,-1,675.000,500.000,-1,450.000,2,0,1,0,1,0,0,0,0,1,1,2,2,0,1,2,1
4,-1040.416,-1595.196,-148.242,143.044,-0.798049,-0.598390,-0.071043,0.580986,-0.795355,0.172820,-0.159918,0.096644,0.982388,0,0.40000,0.60000,24.000,1.200,-1,375.000,875.000,375.000,400.000,300.000,300.000,275.000,300.000,525.000,900.000,-1,-1,675.000,500.000,-1,425.000,2,0,1,0,1,0,0,0,0,1,1,2,2,0,1,2,1
5,-1063.859,-1578.469,-152.599,144.484,-0.812862,-0.578050,-0.071517,0.560839,-0.809911,0.171768,-0.157213,0.099515,0.982538,0,0.48000,0.72000,28.800,1.440,-1,375.000,875.000,375.000,375.000,300.000,300.000,275.000,300.000,550.000,1000.000,-1,-1,675.000,500.000,-1,425.000,2,0,1,0,1,0,0,0,0,1,1,2,2,0,1,2,1
6,-1090.357,-1560.711,-157.351,146.164,-0.829484,-0.553870,-0.072005,0.536893,-0.826231,0.170553,-0.153957,0.102812,0.982714,0,0.53167,0.84000,31.900,1.680,-1,375.000,900.000,375.000,350.000,300.000,300.000,275.000,300.000,575.000,-1,-1,-1,675.000,475.000,-1,400.000,2,0,1,0,1,0,0,0,0,1,2,2,2,0,1,2,1
7,-1121.459,-1541.232,-162.722,147.934,-0.846211,-0.527905,-0.072408,0.511212,-0.842650,0.169126,-0.150297,0.106100,0.982931,0,0.61167,0.88490,36.700,1.770,-1,375.000,925.000,375.000,325.000,300.000,300.000,275.000,300.000,600.000,-1,-1,-1,675.000,475.000,-1,375.000,2,0,1,0,1,0,0,0,0,1,2,2,2,0,1,2,1
8,-1157.282,-1520.285,-168.678,149.676,-0.861887,-0.501868,-0.072658,0.485504,-0.858035,0.167516,-0.146414,0.109104,0.983188,0,0.69167,0.87144,41.500,1.743,-1,375.000,950.000,375.000,300.000,300.000,300.000,275.000,300.000,625.000,-1,-1,-1,675.000,475.000,-1,375.000,2,0,1,0,1,0,0,0,0,1,2,2,2,0,1,2,1
9,-1194.398,-1500.045,-174.619,151.389,-0.876509,-0.475850,-0.072784,0.459830,-0.872374,0.165894,-0.142436,0.111939,0.983454,0,0.70463,0.85629,42.278,1.713,-1,375.000,975.000,375.000,300.000,300.000,300.000,275.000,300.000,650.000,-1,-1,-1,675.000,475.000,-1,350.000,2,0,1,0,1,0,0,0,0,1,2,2,2,0,1,2,1
10,-1232.229,-1480.832,-180.435,153.070,-0.890108,-0.449913,-0.072704,0.434251,-0.885677,0.164320,-0.138322,0.114691,0.983724,0,0.70722,0.84050,42.433,1.681,-1,375.000,-1,375.000,275.000,300.000,300.000,275.000,300.000,675.000,-1,-1,-1,675.000,475.000,-1,325.000,2,0,2,0,1,0,0,0,0,1,2,2,2,0,1,2,1
11,-1270.692,-1462.673,-186.000,154.719,-0.902763,-0.424091,-0.071881,0.408832,-0.897921,0.163077,-0.133703,0.117832,0.983991,0,0.70894,0.82425,42.537,1.648,-1,375.000,-1,375.000,250.000,300.000,300.000,275.000,300.000,725.000,-1,-1,-1,675.000,450.000,-1,300.000,2,0,2,0,1,0,0,0,1,1,2,2,2,0,1,2,1
12,-1309.695,-1445.585,-191.436,156.334,-0.914433,-0.398469,-0.070961,0.383620,-0.909188,0.161903,-0.129030,0.120828,0.984252,0,0.70976,0.80758,42.585,1.615,-1,375.000,-1,375.000,250.000,300.000,300.000,275.000,275.000,750.000,-1,-1,-1,675.000,450.000,-1,300.000,2,0,2,0,1,0,0,0,1,1,2,2,2,0,1,2,1
13,-1349.148,-1429.582,-196.737,157.915,-0.925150,-0.373099,-0.069955,0.358666,-0.919511,0.160805,-0.124321,0.123679,0.984504,0,0.70963,0.79053,42.578,1.581,950.000,375.000,-1,375.000,225.000,300.000,300.000,275.000,275.000,775.000,-1,-1,-1,675.000,450.000,-1,300.000,1,0,2,0,1,0,0,0,1,1,2,2,2,0,1,2,1
14,-1388.957,-1414.673,-201.869,159.461,-0.934940,-0.348035,-0.068977,0.334016,-0.928935,0.159727,-0.119666,0.126296,0.984748,0,0.70855,0.77315,42.513,1.546,900.000,375.000,-1,350.000,225.000,300.000,300.000,275.000,250.000,800.000,-1,-1,-1,675.000,450.000,-1,275.000,1,0,2,0,1,0,0,0,1,1,2,2,2,0,1,2,1
15,-1429.030,-1400.858,-206.712,160.972,-0.943844,-0.323336,-0.067913,0.309797,-0.937550,0.158193,-0.114821,0.128270,0.985070,0,0.70651,0.75551,42.390,1.511,850.000,375.000,-1,350.000,200.000,300.000,300.000,275.000,250.000,825.000,-1,-1,-1,675.000,475.000,-1,275.000,1,0,2,0,1,0,0,0,1,1,2,2,2,0,1,2,1
16,-1469.275,-1388.132,-211.189,162.447,-0.951922,-0.299047,-0.066451,0.286128,-0.945431,0.155857,-0.109434,0.129350,0.985542,0,0.70353,0.73769,42.212,1.475,800.000,375.000,-1,375.000,200.000,300.000,300.000,275.000,225.000,850.000,-1,-1,-1,675.000,475.000,-1,275.000,1,0,2,0,1,0,0,0,1,1,2,2,2,0,1,2,1
17,-1509.604,-1376.485,-215.502,163.887,-0.959204,-0.275167,-0.064890,0.262860,-0.952527,0.153610,-0.104078,0.130286,0.985999,0,0.69967,0.71978,41.980,1.440,775.000,375.000,-1,375.000,200.000,300.000,300.000,275.000,225.000,875.000,-1,-1,-1,675.000,475.000,-1,275.000,1,0,2,0,1,0,0,0,1,1,2,2,2,0,1,2,1
18,-1549.933,-1365.902,-219.648,165.291,-0.965731,-0.251723,-0.063241,0.240019,-0.958880,0.151460,-0.098767,0.131090,0.986438,0,0.69497,0.70186,41.698,1.404,725.000,375.000,-1,375.000,200.000,300.000,300.000,275.000,200.000,900.000,-1,-1,-1,700.000,475.000,-1,275.000,1,0,2,0,1,0,0,0,1,1,2,2,2,0,1,2,1
19,-1590.187,-1356.360,-223.628,166.661,-0.971550,-0.228706,-0.061520,0.217594,-0.964535,0.149413,-0.093510,0.131776,0.986859,0,0.68954,0.68496,41.372,1.370,700.000,375.000,-1,375.000,175.000,300.000,300.000,275.000,200.000,925.000,-1,-1,-1,700.000,500.000,-1,275.000,1,0,2,0,1,0,0,0,1,1,2,2,2,0,1,2,1
20,-1630.299,-1347.847,-227.439,168.015,-0.976762,-0.205835,-0.059737,0.195306,-0.969592,0.147467,-0.088274,0.132373,0.987261,0,0.68347,0.67697,41.008,1.354,675.000,375.000,-1,375.000,175.000,300.000,300.000,275.000,175.000,950.000,975.000,-1,-1,700.000,525.000,-1,275.000,1,0,2,0,1,0,0,0,1,1,0,2,2,0,1,2,1
21,-1666.881,-1340.824,-230.794,169.129,-0.980654,-0.186938,-0.058072,0.176913,-0.973365,0.145816,-0.083784,0.132721,0.987606,0,0.62088,0.55697,37.253,1.114,650.000,375.000,-1,375.000,175.000,300.000,300.000,275.000,175.000,950.000,850.000,875.000,-1,700.000,525.000,-1,275.000,1,0,2,0,1,0,0,0,1,1,0,0,2,0,1,2,1
22,-1703.198,-1334.424,-234.018,170.002,-0.983468,-0.172069,-0.056418,0.162499,-0.976096,0.144327,-0.079904,0.132773,0.987920,0,0.61464,0.43697,36.879,0.874,625.000,375.000,-1,375.000,175.000,325.000,300.000,275.000,175.000,975.000,725.000,750.000,-1,700.000,525.000,-1,275.000,1,0,2,0,1,0,0,0,1,1,0,0,2,0,1,2,1
23,-1739.225,-1328.484,-237.133,170.636,-0.985389,-0.161263,-0.054794,0.152098,-0.977969,0.142976,-0.076643,0.132553,0.988208,0,0.60858,0.31697,36.515,0.634,600.000,375.000,-1,375.000,175.000,325.000,300.000,275.000,175.000,975.000,650.000,675.000,-1,700.000,550.000,-1,275.000,1,0,2,0,1,0,0,0,1,1,0,0,2,0,1,2,1
24,-1774.952,-1322.845,-240.153,171.030,-0.986551,-0.154544,-0.053236,0.145728,-0.979113,0.141779,-0.074035,0.132115,0.988466,0,0.60285,0.19697,36.171,0.394,575.000,375.000,-1,375.000,175.000,325.000,300.000,275.000,150.000,1000.000,575.000,625.000,-1,725.000,550.000,-1,275.000,1,0,2,0,1,0,0,0,1,1,0,0,2,0,1,2,1
25,-1810.383,-1317.350,-242.993,171.184,-0.987023,-0.151917,-0.052022,0.143327,-0.979554,0.141182,-0.072406,0.131893,0.988616,0,0.59758,0.07697,35.855,0.154,575.000,375.000,-1,375.000,175.000,300.000,300.000,275.000,150.000,1000.000,550.000,600.000,-1,725.000,550.000,-1,250.000,1,0,2,0,1,0,0,0,1,1,0,0,2,0,1,2,1
26,-1845.528,-1311.845,-245.811,171.098,-0.986857,-0.153400,-0.050816,0.145001,-0.979395,0.140570,-0.071333,0.131354,0.988766,0,0.59289,-0.04303,35.573,-0.086,575.000,375.000,-1,375.000,150.000,300.000,300.000,275.000,150.000,1000.000,525.000,575.000,-1,725.000,550.000,-1,250.000,1,0,2,0,1,0,0,0,1,1,0,0,2,0,1,2,1
27,-1880.402,-1306.178,-248.630,170.772,-0.986033,-0.158989,-0.049617,0.150752,-0.978618,0.139929,-0.070803,0.130494,0.988918,0,0.58885,-0.16303,35.331,-0.326,575.000,375.000,-1,375.000,150.000,300.000,300.000,275.000,150.000,1000.000,500.000,525.000,-1,725.000,525.000,-1,225.000,1,0,2,0,1,0,0,0,1,1,0,0,2,0,1,2,1
28,-1915.024,-1300.200,-251.448,170.206,-0.984479,-0.168673,-0.048485,0.160553,-0.977140,0.139353,-0.070881,0.129406,0.989055,0,0.58555,-0.28303,35.133,-0.566,600.000,375.000,-1,375.000,125.000,300.000,300.000,275.000,150.000,975.000,475.000,500.000,475.000,725.000,525.000,-1,200.000,1,0,2,0,1,0,0,0,1,1,0,0,1,0,1,2,1
29,-1949.410,-1293.764,-254.093,169.400,-0.982078,-0.182417,-0.047404,0.174316,-0.974744,0.139599,-0.071672,0.128833,0.989073,0,0.58304,-0.40303,34.983,-0.806,625.000,375.000,-1,375.000,125.000,300.000,300.000,275.000,125.000,975.000,475.000,500.000,425.000,725.000,500.000,-1,175.000,1,0,2,0,1,0,0,0,1,1,0,0,1,0,1,2,1
30,-1988.440,-1286.058,-256.767,168.834,-0.980341,-0.192068,-0.045190,0.184248,-0.973049,0.138663,-0.070605,0.127611,0.989308,0,0.66304,-0.28303,39.783,-0.566,650.000,375.000,-1,375.000,100.000,300.000,300.000,275.000,125.000,975.000,450.000,475.000,400.000,725.000,500.000,-1,150.000,1,0,2,1,1,0,0,0,1,1,0,0,1,0,1,2,1
31,-2032.126,-1277.164,-257.107,168.508,-0.979491,-0.197866,-0.038029,0.191681,-0.973237,0.126759,-0.062093,0.116870,0.991204,0,0.74304,-0.16303,44.583,-0.326,700.000,400.000,-1,375.000,100.000,325.000,325.000,275.000,125.000,825.000,325.000,375.000,375.000,750.000,525.000,-1,150.000,1,0,2,1,1,0,0,0,1,0,0,0,1,0,1,2,1
32,-2080.500,-1267.243,-257.903,168.422,-0.979380,-0.199554,-0.031504,0.194756,-0.974044,0.115360,-0.053707,0.106846,0.992824,0,0.82304,-0.04303,49.383,-0.086,750.000,425.000,-1,375.000,100.000,350.000,350.000,275.000,125.000,700.000,275.000,350.000,350.000,775.000,700.000,-1,150.000,1,0,2,1,1,0,0,0,1,0,0,0,1,0,0,2,1
33,-2133.607,-1256.504,-259.497,168.576,-0.980043,-0.197099,-0.025834,0.193367,-0.975382,0.106012,-0.046093,0.098901,0.994029,0,0.90304,0.07697,54.183,0.154,775.000,425.000,-1,400.000,100.000,350.000,350.000,275.000,125.000,625.000,250.000,325.000,325.000,800.000,750.000,-1,175.000,1,0,2,1,1,0,0,0,1,0,0,0,1,0,0,2,1
34,-2188.923,-1245.680,-261.817,168.933,-0.981337,-0.191109,-0.021323,0.188125,-0.977103,0.099390,-0.039829,0.093524,0.994820,0,0.93945,0.17874,56.367,0.357,800.000,450.000,-1,400.000,100.000,375.000,375.000,275.000,100.000,600.000,225.000,325.000,275.000,825.000,750.000,-1,200.000,1,0,2,1,1,0,0,1,1,0,0,0,1,0,0,2,1
35,-2244.047,-1235.218,-264.491,169.256,-0.982452,-0.185672,-0.017722,0.183220,-0.978509,0.094610,-0.034908,0.089703,0.995357,0,0.93513,0.16126,56.108,0.323,825.000,450.000,-1,425.000,125.000,375.000,375.000,250.000,100.000,575.000,200.000,325.000,250.000,850.000,775.000,-1,-1,1,0,2,1,1,0,0,1,1,0,0,0,1,0,0,2,2
36,-2298.930,-1225.096,-267.507,169.552,-0.983433,-0.180647,-0.015036,0.178553,-0.979657,0.091605,-0.031278,0.087403,0.995682,0,0.93015,0.14811,55.809,0.296,850.000,450.000,-1,450.000,150.000,375.000,375.000,250.000,100.000,575.000,175.000,325.000,225.000,850.000,775.000,-1,-1,1,0,2,0,1,0,0,1,1,0,0,0,1,0,0,2,2
37,-2353.535,-1215.293,-270.846,169.823,-0.984296,-0.176026,-0.013250,0.174145,-0.980573,0.090274,-0.028884,0.086549,0.995829,0,0.92465,0.13548,55.479,0.271,850.000,450.000,-1,450.000,200.000,375.000,375.000,250.000,100.000,575.000,175.000,325.000,225.000,850.000,750.000,-1,-1,1,0,2,0,1,0,0,1,1,0,0,0,1,0,0,2,2
38,-2407.751,-1205.808,-274.489,170.076,-0.985074,-0.171689,-0.012354,0.169894,-0.981294,0.090547,-0.027669,0.087096,0.995816,0,0.91732,0.12642,55.039,0.253,875.000,450.000,-1,450.000,-1,375.000,375.000,250.000,100.000,600.000,175.000,325.000,200.000,850.000,750.000,-1,-1,1,0,2,0,2,0,0,1,1,0,0,0,1,0,0,2,2
39,-2461.337,-1196.677,-278.412,170.327,-0.985820,-0.167352,-0.012335,0.165525,-0.981870,0.092370,-0.027570,0.089019,0.995648,0,0.90598,0.12573,54.359,0.251,900.000,425.000,-1,425.000,-1,350.000,375.000,250.000,100.000,625.000,175.000,325.000,175.000,825.000,725.000,-1,-1,1,0,2,0,2,0,0,1,1,0,0,0,1,0,0,2,2
40,-2514.290,-1187.894,-282.588,170.579,-0.986539,-0.162997,-0.013148,0.161023,-0.982308,0.095617,-0.028501,0.092212,0.995331,0,0.89461,0.12563,53.676,0.251,925.000,425.000,-1,400.000,975.000,350.000,350.000,250.000,100.000,650.000,200.000,325.000,150.000,800.000,700.000,-1,-1,1,0,2,0,0,0,0,1,1,0,0,0,1,0,0,2,2
41,-2566.620,-1179.452,-286.994,170.831,-0.987232,-0.158605,-0.014747,0.156366,-0.982608,0.100160,-0.030376,0.096575,0.994862,0,0.88344,0.12610,53.007,0.252,950.000,400.000,-1,400.000,875.000,325.000,350.000,250.000,100.000,700.000,225.000,350.000,125.000,775.000,650.000,-1,1000.000,1,0,2,0,0,0,0,1,1,0,0,0,1,0,0,2,0
42,-2618.349,-1171.337,-289.860,171.085,-0.987797,-0.154220,-0.021755,0.151233,-0.983149,0.102693,-0.037225,0.098150,0.994475,0,0.87269,0.12711,52.361,0.254,925.000,400.000,-1,375.000,750.000,325.000,325.000,250.000,100.000,775.000,375.000,525.000,100.000,725.000,625.000,-1,850.000,1,0,2,0,0,0,0,1,1,0,0,0,1,0,0,2,0
43,-2669.511,-1163.543,-291.474,171.342,-0.988167,-0.149828,-0.032829,0.145790,-0.983993,0.102484,-0.047659,0.096485,0.994193,0,0.86252,0.12864,51.751,0.257,875.000,375.000,-1,350.000,625.000,300.000,300.000,275.000,100.000,875.000,775.000,900.000,100.000,675.000,575.000,-1,700.000,1,0,2,0,0,0,0,1,1,0,0,0,1,0,0,2,0
44,-2720.144,-1156.059,-290.871,171.604,-0.988675,-0.145467,-0.036882,0.141527,-0.985534,0.093237,-0.049911,0.086961,0.994961,0,0.85306,0.13064,51.184,0.261,875.000,375.000,-1,350.000,650.000,300.000,300.000,275.000,125.000,875.000,975.000,-1,125.000,650.000,575.000,-1,725.000,1,0,2,0,0,0,0,1,1,0,0,2,1,0,0,2,0
45,-2770.299,-1148.886,-290.635,171.870,-0.989227,-0.140981,-0.039429,0.137240,-0.986853,0.085363,-0.050945,0.079032,0.995569,0,0.84443,0.13309,50.666,0.266,850.000,350.000,-1,350.000,675.000,300.000,300.000,275.000,150.000,875.000,-1,-1,125.000,625.000,575.000,-1,725.000,1,0,2,0,0,0,0,1,1,0,2,2,1,0,0,2,0
46,-2820.027,-1142.017,-290.745,172.142,-0.989828,-0.136362,-0.040564,0.132880,-0.987994,0.078807,-0.050823,0.072616,0.996064,0,0.83667,0.13596,50.200,0.272,850.000,350.000,-1,350.000,700.000,300.000,300.000,275.000,175.000,850.000,-1,-1,150.000,625.000,575.000,-1,725.000,1,0,2,0,0,0,0,1,1,0,2,2,1,0,0,2,0
47,-2869.380,-1135.446,-291.184,172.420,-0.990480,-0.131606,-0.040373,0.128412,-0.988992,0.073522,-0.049605,0.067638,0.996476,0,0.82982,0.13920,49.789,0.278,850.000,350.000,-1,350.000,700.000,300.000,300.000,275.000,225.000,850.000,-1,-1,150.000,600.000,575.000,-1,725.000,1,0,2,0,0,0,0,1,1,0,2,2,1,0,0,2,0
48,-2918.413,-1129.168,-291.935,172.706,-0.991176,-0.126705,-0.038934,0.123810,-0.989872,0.069464,-0.047341,0.064031,0.996824,0,0.82388,0.14279,49.433,0.286,875.000,350.000,-1,350.000,700.000,300.000,300.000,275.000,275.000,850.000,-1,-1,175.000,600.000,575.000,-1,725.000,1,0,2,0,0,0,0,1,1,0,2,2,1,0,0,2,0
49,-2967.176,-1123.179,-292.985,172.999,-0.991908,-0.121652,-0.036321,0.119060,-0.990651,0.066594,-0.044083,0.061731,0.997119,0,0.81885,0.14670,49.131,0.293,-1,350.000,-1,350.000,700.000,300.000,300.000,275.000,325.000,850.000,-1,-1,175.000,600.000,575.000,-1,700.000,2,0,2,0,0,0,0,1,1,0,2,2,1,0,0,2,0
50,-3015.723,-1117.477,-294.319,173.301,-0.992663,-0.116440,-0.032602,0.114154,-0.991342,0.064878,-0.039874,0.060680,0.997360,0,0.81468,0.15091,48.881,0.302,-1,350.000,-1,350.000,700.000,300.000,300.000,275.000,350.000,575.000,-1,-1,200.000,625.000,575.000,-1,700.000,2,0,2,0,0,0,0,0,0,1,2,2,1,0,0,2,0
51,-3064.101,-1112.061,-295.927,173.612,-0.993424,-0.111060,-0.027842,0.109093,-0.991951,0.064286,-0.034758,0.060825,0.997543,0,0.81135,0.15540,48.681,0.311,-1,350.000,-1,350.000,700.000,300.000,300.000,275.000,325.000,525.000,-1,-1,225.000,625.000,575.000,-1,700.000,2,0,2,0,0,0,0,0,0,1,2,2,1,0,0,2,0
52,-3112.358,-1106.933,-297.796,173.932,-0.994173,-0.105505,-0.022104,0.103884,-0.992477,0.064789,-0.028774,0.062115,0.997654,0,0.80881,0.16013,48.529,0.320,-1,375.000,-1,350.000,675.000,300.000,300.000,275.000,325.000,500.000,975.000,-1,250.000,625.000,575.000,-1,700.000,2,0,2,0,0,0,0,0,0,1,0,2,1,0,0,2,0
53,-3161.137,-1102.232,-299.904,174.492,-0.995282,-0.095780,-0.015464,0.094561,-0.993310,0.066285,-0.021709,0.064510,0.997681,0,0.81676,0.28013,49.006,0.560,-1,375.000,-1,350.000,675.000,300.000,300.000,275.000,300.000,500.000,825.000,-1,250.000,650.000,575.000,-1,725.000,2,0,2,0,0,0,0,0,0,1,0,2,1,0,0,2,0
54,-3209.888,-1098.222,-302.296,175.293,-0.996612,-0.081877,-0.007828,0.081144,-0.994301,0.069151,-0.013445,0.068282,0.997575,0,0.81527,0.40013,48.916,0.800,-1,375.000,-1,350.000,650.000,300.000,300.000,300.000,300.000,500.000,675.000,875.000,275.000,675.000,575.000,-1,725.000,2,0,2,0,0,0,0,1,0,1,0,0,1,0,0,2,0
55,-3258.637,-1095.104,-304.999,176.333,-0.997963,-0.063787,0.000784,0.063670,-0.995233,0.073870,-0.003932,0.073770,0.997268,0,0.81416,0.52013,48.850,1.040,-1,375.000,-1,350.000,625.000,300.000,300.000,300.000,275.000,500.000,450.000,675.000,300.000,725.000,575.000,-1,725.000,2,0,2,0,0,0,0,1,0,1,0,0,1,0,0,2,0
56,-3307.404,-1093.076,-306.069,177.613,-0.999118,-0.041524,0.006236,0.041881,-0.996171,0.076742,0.003025,0.076935,0.997032,0,0.81350,0.64013,48.810,1.280,-1,400.000,-1,350.000,625.000,325.000,300.000,300.000,275.000,525.000,400.000,575.000,350.000,750.000,575.000,-1,725.000,2,0,2,0,0,0,0,1,0,1,0,0,1,0,0,2,0
57,-3361.007,-1092.262,-305.115,179.133,-0.999853,-0.015085,0.008129,0.015640,-0.997191,0.073252,0.007001,0.073368,0.997280,0,0.89350,0.76013,53.610,1.520,-1,400.000,-1,350.000,650.000,325.000,300.000,300.000,275.000,525.000,425.000,650.000,400.000,750.000,600.000,-1,750.000,2,0,2,0,0,0,0,1,0,1,0,0,1,0,0,2,0
58,-3416.886,-1093.131,-304.045,180.894,-0.999829,0.015558,0.010015,-0.014820,-0.997443,0.069917,0.011077,0.069757,0.997503,0,0.93145,0.88013,55.887,1.760,-1,400.000,-1,350.000,675.000,325.000,300.000,300.000,275.000,550.000,500.000,725.000,475.000,750.000,600.000,-1,800.000,2,0,2,0,0,0,0,1,0,1,0,0,1,0,0,2,0
59,-3472.609,-1095.945,-302.912,182.894,-0.998661,0.050370,0.011756,-0.049475,-0.996531,0.066926,0.015086,0.066255,0.997689,0,0.92992,1.00000,55.795,2.000,-1,400.000,-1,375.000,675.000,325.000,300.000,300.000,275.000,575.000,550.000,825.000,550.000,775.000,600.000,-1,825.000,2,0,2,0,0,0,0,1,0,1,0,0,1,0,0,2,0
60,-3528.135,-1100.697,-301.726,184.894,-0.996279,0.085136,0.013379,-0.084110,-0.994378,0.064322,0.018780,0.062957,0.997840,0,0.92883,1.00000,55.730,2.000,-1,400.000,-1,375.000,700.000,325.000,325.000,300.000,275.000,600.000,625.000,625.000,650.000,775.000,625.000,-1,850.000,2,0,2,0,0,0,0,1,0,1,0,1,1,0,0,2,0
61,-3583.390,-1107.376,-300.505,186.894,-0.992686,0.119810,0.014845,-0.118677,-0.990990,0.062092,0.022151,0.059876,0.997960,0,0.92764,1.00000,55.658,2.000,-1,400.000,-1,375.000,725.000,325.000,325.000,300.000,275.000,650.000,700.000,550.000,750.000,775.000,625.000,-1,900.000,2,0,2,0,0,0,0,1,0,1,0,1,1,0,0,2,0
62,-3638.303,-1115.967,-299.266,188.894,-0.987885,0.154348,0.016118,-0.153129,-0.986369,0.060222,0.025193,0.057025,0.998055,0,0.92636,1.00000,55.581,2.000,-1,400.000,-1,375.000,725.000,325.000,325.000,300.000,275.000,675.000,800.000,550.000,850.000,800.000,625.000,-1,950.000,2,0,2,0,0,0,0,1,0,1,0,1,1,0,0,2,0
63,-3692.802,-1126.453,-298.023,190.894,-0.981884,0.188706,0.017164,-0.187419,-0.980525,0.058694,0.027906,0.054413,0.998128,0,0.92499,1.00000,55.499,2.000,-1,400.000,-1,375.000,750.000,325.000,325.000,275.000,275.000,700.000,875.000,575.000,975.000,800.000,625.000,-1,1000.000,2,0,2,0,0,0,0,1,0,1,1,1,1,0,0,2,0
64,-3746.817,-1138.817,-296.792,192.894,-0.974690,0.222839,0.017953,-0.221500,-0.973465,0.057485,0.030287,0.052054,0.998185,0,0.92354,1.00000,55.412,2.000,-1,400.000,-1,375.000,775.000,325.000,300.000,275.000,275.000,725.000,800.000,600.000,-1,800.000,625.000,-1,-1,2,0,2,0,0,0,0,1,0,1,1,1,2,0,0,2,2
65,-3800.279,-1153.034,-295.376,194.894,-0.966295,0.256714,0.019267,-0.255316,-0.965236,0.055978,0.032968,0.049172,0.998246,0,0.92201,1.00000,55.321,2.000,-1,400.000,-1,375.000,800.000,325.000,300.000,275.000,250.000,775.000,750.000,650.000,-1,800.000,650.000,-1,-1,2,0,2,0,0,0,0,1,0,1,1,1,2,0,0,2,2
66,-3848.681,-1167.511,-293.934,196.654,-0.957921,0.286280,0.020757,-0.284838,-0.957036,0.054316,0.035415,0.046118,0.998308,0,0.84201,0.88000,50.521,1.760,-1,400.000,-1,375.000,850.000,325.000,300.000,250.000,250.000,800.000,750.000,700.000,-1,825.000,650.000,-1,-1,2,0,2,0,0,0,0,1,0,1,1,1,2,0,0,2,2
67,-3892.107,-1181.814,-292.191,198.234,-0.949629,0.312630,0.021629,-0.311244,-0.948955,0.051098,0.036500,0.041792,0.998459,0,0.76201,0.79034,45.721,1.581,-1,400.000,-1,375.000,875.000,325.000,300.000,250.000,275.000,825.000,750.000,750.000,-1,825.000,650.000,-1,-1,2,0,2,0,0,0,0,1,0,1,1,1,2,0,0,2,2
68,-3930.787,-1195.750,-290.478,199.816,-0.940586,0.338769,0.023075,-0.337430,-0.940131,0.047908,0.037924,0.037275,0.998585,0,0.68524,0.79099,41.114,1.582,-1,400.000,-1,375.000,925.000,325.000,325.000,250.000,275.000,850.000,775.000,775.000,-1,825.000,675.000,-1,-1,2,0,2,0,0,0,0,1,0,1,1,1,2,0,0,2,2
69,-3969.006,-1210.725,-288.802,201.399,-0.930815,0.364667,0.024507,-0.363382,-0.930555,0.044942,0.039194,0.032927,0.998689,0,0.68415,0.79151,41.049,1.583,-1,400.000,-1,375.000,975.000,325.000,325.000,225.000,275.000,900.000,825.000,825.000,-1,825.000,675.000,-1,-1,2,0,2,0,0,0,0,1,0,1,1,1,2,0,0,2,2
70,-4006.736,-1226.725,-287.171,202.983,-0.920323,0.390300,0.025910,-0.389076,-0.920238,0.042201,0.040314,0.028757,0.998773,0,0.68304,0.79197,40.983,1.584,-1,400.000,-1,375.000,-1,325.000,325.000,225.000,275.000,925.000,850.000,875.000,-1,825.000,675.000,-1,-1,2,0,2,0,2,0,0,1,0,1,1,1,2,0,0,2,2
71,-4043.948,-1243.736,-285.396,204.568,-0.909148,0.415637,0.026375,-0.414483,-0.909171,0.040139,0.040663,0.025561,0.998846,0,0.68193,0.79238,40.916,1.585,-1,400.000,-1,375.000,-1,325.000,325.000,225.000,275.000,975.000,900.000,950.000,-1,825.000,675.000,-1,-1,2,0,2,0,2,0,0,1,0,1,1,1,2,0,0,2,2
72,-4080.615,-1261.740,-283.585,206.153,-0.897272,0.440661,0.026851,-0.439556,-0.897380,0.038716,0.041156,0.022936,0.998889,0,0.68080,0.79274,40.848,1.585,-1,400.000,-1,375.000,-1,325.000,325.000,225.000,275.000,-1,950.000,1000.000,-1,825.000,675.000,-1,-1,2,0,2,0,2,0,0,1,0,2,1,1,2,0,0,2,2
73,-4116.708,-1280.720,-281.630,207.740,-0.884703,0.465347,0.027434,-0.464240,-0.884871,0.038533,0.042207,0.021355,0.998881,0,0.67967,0.79304,40.780,1.586,-1,400.000,-1,375.000,-1,325.000,325.000,200.000,275.000,-1,1000.000,-1,-1,850.000,700.000,-1,-1,2,0,2,0,2,0,0,1,0,2,1,2,2,0,0,2,2
74,-4152.203,-1300.660,-279.656,209.326,-0.871456,0.489679,0.027927,-0.488547,-0.871666,0.038988,0.043434,0.020333,0.998849,0,0.67853,0.79328,40.712,1.587,-1,400.000,-1,400.000,-1,325.000,325.000,200.000,275.000,-1,-1,-1,-1,850.000,700.000,-1,-1,2,0,2,0,2,0,0,1,0,2,2,2,2,0,0,2,2
75,-4187.073,-1321.540,-277.759,210.913,-0.857542,0.513639,0.028219,-0.512482,-0.857785,0.039596,0.044544,0.019494,0.998817,0,0.67739,0.79347,40.643,1.587,-1,400.000,-1,400.000,-1,325.000,325.000,200.000,275.000,-1,-1,-1,-1,875.000,700.000,-1,-1,2,0,2,0,2,0,0,1,0,2,2,2,2,0,0,2,2
76,-4221.293,-1343.341,-275.944,212.500,-0.842974,0.537208,0.028305,-0.536022,-0.843239,0.040348,0.045543,0.018840,0.998785,0,0.67625,0.79361,40.575,1.587,-1,400.000,-1,400.000,-1,325.000,325.000,200.000,275.000,-1,-1,-1,-1,875.000,700.000,-1,-1,2,0,2,0,2,0,0,1,0,2,2,2,2,0,0,2,2
77,-4254.840,-1366.043,-274.216,214.088,-0.827765,0.560366,0.028180,-0.559149,-0.828041,0.041234,0.046441,0.018376,0.998752,0,0.67512,0.79369,40.507,1.587,-1,425.000,-1,400.000,-1,325.000,325.000,200.000,275.000,-1,-1,-1,-1,900.000,725.000,-1,-1,2,0,2,0,2,0,0,1,0,2,2,2,2,0,0,2,2
78,-4287.691,-1389.627,-272.305,215.675,-0.811923,0.583103,0.027778,-0.581913,-0.812218,0.040973,0.046453,0.017102,0.998774,0,0.67399,0.79372,40.439,1.587,-1,425.000,-1,400.000,-1,325.000,325.000,200.000,275.000,-1,-1,-1,-1,900.000,725.000,-1,-1,2,0,2,0,2,0,0,1,0,2,2,2,2,0,0,2,2
79,-4319.822,-1414.071,-270.481,217.263,-0.795463,0.605390,0.027228,-0.604226,-0.795768,0.040793,0.046363,0.015997,0.998797,0,0.67287,0.79370,40.372,1.587,-1,425.000,-1,400.000,-1,350.000,325.000,200.000,275.000,-1,-1,-1,-1,900.000,725.000,-1,-1,2,0,2,0,2,0,0,1,0,2,2,2,2,0,0,2,2
80,-4351.212,-1439.353,-268.747,218.850,-0.778399,0.627209,0.026532,-0.626069,-0.778705,0.040700,0.046187,0.015070,0.998819,0,0.67176,0.79363,40.306,1.587,-1,425.000,-1,400.000,-1,350.000,350.000,200.000,275.000,-1,-1,-1,-1,900.000,725.000,-1,-1,2,0,2,0,2,0,0,1,0,2,2,2,2,0,0,2,2
81,-4381.839,-1465.453,-266.908,220.437,-0.760738,0.648549,0.025718,-0.647471,-0.761052,0.039765,0.045362,0.013599,0.998878,0,0.67067,0.79350,40.240,1.587,-1,425.000,-1,400.000,-1,350.000,350.000,200.000,275.000,-1,-1,-1,-1,900.000,725.000,-1,-1,2,0,2,0,2,0,0,1,0,2,2,2,2,0,0,2,2
82,-4411.685,-1492.347,-265.117,222.023,-0.742501,0.669385,0.024821,-0.668377,-0.742816,0.038688,0.044335,0.012136,0.998943,0,0.66959,0.79333,40.175,1.587,-1,425.000,-1,400.000,-1,350.000,350.000,200.000,275.000,-1,-1,-1,-1,900.000,750.000,-1,-1,2,0,2,0,2,0,0,1,0,2,2,2,2,0,0,2,2
83,-4440.728,-1520.014,-263.420,223.610,-0.723702,0.689701,0.023841,-0.688756,-0.724013,0.037683,0.043251,0.010851,0.999005,0,0.66853,0.79310,40.112,1.586,-1,425.000,-1,400.000,-1,350.000,325.000,200.000,275.000,-1,-1,-1,-1,875.000,750.000,-1,-1,2,0,2,0,2,0,0,1,0,2,2,2,2,0,0,2,2
84,-4468.950,-1548.429,-261.818,225.195,-0.704358,0.709479,0.022778,-0.708594,-0.704659,0.036750,0.042124,0.009745,0.999065,0,0.66749,0.79283,40.049,1.586,-1,425.000,-1,400.000,-1,350.000,325.000,200.000,275.000,-1,-1,-1,-1,875.000,750.000,-1,-1,2,0,2,0,2,0,0,1,0,2,2,2,2,0,0,2,2
85,-4496.334,-1577.570,-260.278,226.780,-0.684480,0.728706,0.021796,-0.727874,-0.684771,0.035876,0.041068,0.008691,0.999119,0,0.66647,0.79251,39.988,1.585,-1,425.000,-1,400.000,-1,350.000,325.000,200.000,275.000,-1,-1,-1,-1,875.000,750.000,-1,-1,2,0,2,0,2,0,0,1,0,2,2,2,2,0,0,2,2
86,-4522.863,-1607.412,-258.640,228.365,-0.664056,0.747369,0.021649,-0.746581,-0.664371,0.035033,0.040566,0.007101,0.999152,0,0.66548,0.79214,39.929,1.584,-1,425.000,-1,400.000,-1,350.000,325.000,225.000,275.000,-1,-1,-1,-1,875.000,775.000,-1,-1,2,0,2,0,2,0,0,1,0,2,2,2,2,0,0,2,2
87,-4548.519,-1637.931,-256.847,229.948,-0.643095,0.765453,0.022615,-0.764699,-0.643475,0.034291,0.040800,0.004758,0.999156,0,0.66451,0.79172,39.871,1.583,-1,425.000,-1,400.000,-1,350.000,350.000,225.000,275.000,-1,-1,-1,-1,875.000,800.000,-1,-1,2,0,2,0,2,0,0,1,0,2,2,2,2,0,0,2,2
88,-4573.288,-1669.103,-255.167,231.531,-0.621660,0.782937,0.023411,-0.782214,-0.622095,0.033747,0.040986,0.002667,0.999156,0,0.66358,0.79126,39.815,1.583,-1,425.000,-1,400.000,-1,350.000,350.000,225.000,275.000,-1,-1,-1,-1,875.000,825.000,-1,-1,2,0,2,0,2,0,0,1,0,2,2,2,2,0,0,2,2
89,-4597.154,-1700.904,-253.598,233.112,-0.599771,0.799811,0.024032,-0.799114,-0.600251,0.033394,0.041134,0.000825,0.999153,0,0.66266,0.79076,39.760,1.582,-1,425.000,-1,400.000,-1,350.000,350.000,225.000,275.000,-1,-1,-1,-1,875.000,850.000,-1,-1,2,0,2,0,2,0,0,1,0,2,2,2,2,0,0,2,2
90,-4620.103,-1733.307,-252.138,234.693,-0.577446,0.816062,0.024473,-0.815386,-0.577964,0.033226,0.041259,-0.000769,0.999148,0,0.66178,0.79021,39.707,1.580,-1,425.000,-1,425.000,-1,350.000,350.000,250.000,275.000,-1,-1,-1,-1,875.000,875.000,-1,-1,2,0,2,0,2,0,0,1,0,2,2,2,2,0,0,2,2
91,-4642.122,-1766.288,-250.622,236.272,-0.554741,0.831680,0.023896,-0.831019,-0.555254,0.033162,0.040849,-0.001461,0.999164,0,0.66093,0.78962,39.656,1.579,-1,425.000,-1,425.000,-1,350.000,350.000,250.000,275.000,-1,-1,-1,-1,875.000,875.000,-1,-1,2,0,2,0,2,0,0,1,0,2,2,2,2,0,0,2,2
92,-4663.199,-1799.822,-249.227,237.850,-0.531637,0.846654,0.023225,-0.846004,-0.532141,0.033232,0.040496,-0.001981,0.999178,0,0.66012,0.78899,39.607,1.578,-1,425.000,-1,425.000,-1,350.000,350.000,250.000,275.000,-1,-1,-1,-1,875.000,900.000,-1,-1,2,0,2,0,2,0,0,1,0,2,2,2,2,0,0,2,2
93,-4683.321,-1833.882,-247.699,239.426,-0.508205,0.860975,0.021182,-0.860334,-0.508645,0.033256,0.039406,-0.001323,0.999222,0,0.65933,0.78832,39.560,1.577,-1,425.000,-1,425.000,-1,350.000,350.000,275.000,275.000,-1,-1,-1,-1,875.000,900.000,-1,-1,2,0,2,0,2,0,0,1,0,2,2,2,2,0,0,2,2
94,-4702.477,-1868.442,-246.270,241.002,-0.484414,0.874633,0.018981,-0.873998,-0.484785,0.033330,0.038353,-0.000444,0.999264,0,0.65858,0.78761,39.515,1.575,-1,425.000,-1,425.000,-1,350.000,350.000,275.000,275.000,-1,-1,-1,-1,875.000,925.000,-1,-1,2,0,2,0,2,0,0,1,0,2,2,2,2,0,0,2,2
95,-4720.656,-1903.478,-244.904,242.575,-0.460285,0.887617,0.016559,-0.886981,-0.460582,0.033603,0.037453,0.000779,0.999298,0,0.65786,0.78686,39.472,1.574,-1,425.000,-1,425.000,-1,350.000,350.000,275.000,275.000,-1,-1,-1,-1,850.000,925.000,-1,-1,2,0,2,0,2,0,0,0,0,2,2,2,2,0,0,2,2
96,-4737.850,-1938.962,-243.610,244.147,-0.435839,0.899917,0.013935,-0.899277,-0.436055,0.034002,0.036676,0.002288,0.999325,0,0.65718,0.78608,39.431,1.572,-1,425.000,-1,425.000,-1,350.000,350.000,275.000,275.000,-1,-1,-1,-1,850.000,950.000,-1,-1,2,0,2,0,2,0,0,0,0,2,2,2,2,0,0,2,2
97,-4753.633,-1973.562,-242.438,245.480,-0.414879,0.909806,0.011308,-0.909166,-0.415014,0.034366,0.035959,0.003977,0.999345,0,0.63382,0.66608,38.029,1.332,-1,425.000,-1,425.000,-1,350.000,350.000,275.000,275.000,-1,-1,-1,-1,850.000,950.000,-1,-1,2,0,2,0,2,0,0,0,0,2,2,2,2,0,0,2,2
98,-4768.729,-2008.400,-241.337,246.572,-0.397543,0.917543,0.008644,-0.916906,-0.397593,0.034687,0.035264,0.005864,0.999361,0,0.63281,0.54608,37.969,1.092,-1,425.000,-1,425.000,-1,350.000,350.000,275.000,275.000,-1,-1,-1,-1,850.000,950.000,-1,-1,2,0,2,0,2,0,0,0,0,2,2,2,2,0,0,2,2
99,-4783.270,-2043.376,-240.232,247.424,-0.383925,0.923344,0.006150,-0.922724,-0.383899,0.034661,0.034365,0.007633,0.999380,0,0.63131,0.42608,37.879,0.852,-1,425.000,-1,425.000,-1,350.000,350.000,275.000,250.000,-1,-1,-1,-1,850.000,950.000,-1,-1,2,0,2,0,2,0,0,0,0,2,2,2,2,0,0,2,2
100,-4797.393,-2078.396,-239.087,248.036,-0.374097,0.927381,0.003956,-0.926797,-0.374007,0.034143,0.033143,0.009106,0.999409,0,0.62935,0.30608,37.761,0.612,-1,425.000,-1,425.000,-1,350.000,350.000,275.000,250.000,-1,-1,-1,-1,850.000,925.000,-1,-1,2,0,2,0,2,0,0,0,0,2,2,2,2,0,0,2,2
101,-4811.236,-2113.374,-237.950,248.408,-0.368112,0.929779,0.002101,-0.929230,-0.367971,0.033593,0.032007,0.010414,0.999433,0,0.62695,0.18608,37.617,0.372,-1,425.000,-1,425.000,-1,350.000,350.000,275.000,250.000,-1,-1,-1,-1,850.000,925.000,-1,-1,2,0,2,0,2,0,0,0,0,2,2,2,2,0,0,2,2
102,-4824.936,-2148.227,-236.717,248.540,-0.365991,0.930618,0.000764,-0.930122,-0.365823,0.032362,0.030396,0.011134,0.999476,0,0.62416,0.06608,37.449,0.132,-1,425.000,-1,425.000,-1,350.000,350.000,275.000,250.000,-1,-1,-1,-1,850.000,925.000,-1,-1,2,0,2,0,2,0,0,0,0,2,2,2,2,0,0,2,2
103,-4838.520,-2182.923,-235.567,248.619,-0.364727,0.931114,-0.000544,-0.930669,-0.364534,0.031144,0.028800,0.011865,0.999515,0,0.62101,0.03956,37.260,0.079,-1,425.000,-1,425.000,-1,350.000,350.000,275.000,275.000,-1,-1,-1,-1,850.000,900.000,-1,-1,2,0,2,0,2,0,0,0,0,2,2,2,2,0,0,2,2
104,-4851.990,-2217.466,-234.494,248.695,-0.363510,0.931588,-0.001826,-0.931193,-0.363297,0.029930,0.027219,0.012581,0.999550,0,0.61794,0.03797,37.076,0.076,-1,425.000,-1,425.000,-1,350.000,350.000,275.000,275.000,-1,-1,-1,-1,850.000,900.000,-1,-1,2,0,2,0,2,0,0,0,0,2,2,2,2,0,0,2,2
105,-4865.355,-2251.864,-233.498,248.768,-0.362346,0.932039,-0.003084,-0.931691,-0.362115,0.028721,0.025652,0.013280,0.999583,0,0.61507,0.03623,36.904,0.072,-1,425.000,-1,425.000,-1,350.000,350.000,275.000,275.000,-1,-1,-1,-1,825.000,900.000,-1,-1,2,0,2,0,2,0,0,0,0,2,2,2,2,0,0,2,2
106,-4878.621,-2286.130,-232.576,248.837,-0.361239,0.932463,-0.004316,-0.932162,-0.360994,0.027516,0.024099,0.013963,0.999612,0,0.61240,0.03434,36.744,0.069,-1,425.000,-1,425.000,-1,350.000,350.000,275.000,275.000,675.000,-1,-1,-1,825.000,875.000,-1,-1,2,0,2,0,2,0,0,0,0,1,2,2,2,0,0,2,2
107,-4891.795,-2320.274,-231.727,248.901,-0.360194,0.932861,-0.005525,-0.932605,-0.359939,0.026313,0.022558,0.014630,0.999638,0,0.60995,0.03231,36.597,0.065,-1,425.000,-1,425.000,-1,350.000,350.000,275.000,275.000,600.000,-1,-1,-1,825.000,875.000,-1,-1,2,0,2,0,2,0,0,0,0,1,2,2,2,0,0,2,2
108,-4904.884,-2354.306,-230.950,248.961,-0.359216,0.933230,-0.006710,-0.933018,-0.358953,0.025113,0.021028,0.015281,0.999662,0,0.60772,0.03015,36.463,0.060,-1,425.000,-1,425.000,-1,350.000,350.000,275.000,275.000,600.000,-1,-1,-1,825.000,850.000,-1,-1,2,0,2,0,2,0,0,0,0,1,2,2,2,0,0,2,2
109,-4917.898,-2388.238,-230.244,249.017,-0.358309,0.933570,-0.007871,-0.933399,-0.358042,0.023914,0.019507,0.015915,0.999683,0,0.60570,0.02786,36.342,0.056,-1,425.000,-1,425.000,-1,350.000,350.000,250.000,275.000,575.000,-1,-1,-1,800.000,850.000,-1,-1,2,0,2,0,2,0,0,0,0,1,2,2,2,0,0,2,2
110,-4930.843,-2422.081,-229.606,249.068,-0.357478,0.933878,-0.009010,-0.933748,-0.357209,0.022714,0.017994,0.016533,0.999701,0,0.60390,0.02545,36.234,0.051,-1,400.000,-1,425.000,-1,350.000,350.000,250.000,275.000,575.000,-1,-1,-1,800.000,850.000,-1,-1,2,0,2,0,2,0,0,0,0,1,2,2,2,0,0,2,2
111,-4943.726,-2455.845,-229.038,249.114,-0.356726,0.934154,-0.010125,-0.934063,-0.356459,0.021514,0.016489,0.017132,0.999717,0,0.60231,0.02291,36.139,0.046,-1,400.000,-1,425.000,-1,325.000,350.000,250.000,275.000,575.000,-1,-1,-1,800.000,825.000,-1,-1,2,0,2,0,2,0,0,0,0,1,2,2,2,0,0,2,2
112,-4956.557,-2489.542,-228.538,249.154,-0.356059,0.934396,-0.011218,-0.934343,-0.355795,0.020312,0.014988,0.017714,0.999731,0,0.60095,0.02025,36.057,0.041,-1,400.000,-1,425.000,-1,325.000,325.000,250.000,275.000,575.000,-1,-1,-1,775.000,825.000,-1,-1,2,0,2,0,2,0,0,0,0,1,2,2,2,0,0,2,2
113,-4969.343,-2523.182,-228.066,249.189,-0.355479,0.934601,-0.012476,-0.934589,-0.355220,0.019047,0.013369,0.018431,0.999741,0,0.59980,0.01749,35.988,0.035,-1,400.000,-1,425.000,-1,325.000,325.000,250.000,275.000,600.000,-1,-1,-1,775.000,800.000,-1,-1,2,0,2,0,2,0,0,0,0,1,2,2,2,0,0,2,2
114,-4982.091,-2556.775,-227.650,249.219,-0.354989,0.934769,-0.013776,-0.934797,-0.354738,0.017743,0.011698,0.019177,0.999748,0,0.59885,0.01461,35.931,0.029,-1,400.000,-1,400.000,-1,325.000,325.000,250.000,275.000,600.000,-1,-1,-1,775.000,800.000,-1,-1,2,0,2,0,2,0,0,0,0,1,2,2,2,0,0,2,2
115,-4994.810,-2590.333,-227.311,249.242,-0.354592,0.934901,-0.015025,-0.934968,-0.354354,0.016383,0.009992,0.019857,0.999753,0,0.59812,0.01163,35.887,0.023,-1,400.000,-1,400.000,-1,325.000,325.000,250.000,275.000,600.000,-1,-1,-1,750.000,775.000,-1,-1,2,0,2,0,2,0,0,0,0,1,2,2,2,0,0,2,2
116,-5007.508,-2623.864,-227.030,249.259,-0.354292,0.934993,-0.016271,-0.935098,-0.354070,0.015048,0.008309,0.020546,0.999754,0,0.59759,0.00854,35.855,0.017,-1,400.000,-1,400.000,-1,325.000,325.000,250.000,275.000,600.000,-1,-1,-1,750.000,775.000,-1,-1,2,0,2,0,2,0,0,0,0,1,2,2,2,0,0,2,2
117,-5020.193,-2657.380,-226.809,249.270,-0.354094,0.935046,-0.017513,-0.935186,-0.353890,0.013737,0.006647,0.021242,0.999752,0,0.59726,0.00536,35.836,0.011,-1,400.000,-1,400.000,-1,325.000,325.000,250.000,275.000,625.000,-1,-1,-1,750.000,775.000,-1,-1,2,0,2,0,2,0,0,0,0,1,2,2,2,0,0,2,2
118,-5032.872,-2690.889,-226.631,249.274,-0.353999,0.935058,-0.018716,-0.935233,-0.353817,0.012385,0.004959,0.021889,0.999748,0,0.59713,0.00208,35.828,0.004,-1,400.000,-1,400.000,-1,325.000,325.000,250.000,275.000,625.000,-1,-1,-1,725.000,750.000,-1,-1,2,0,2,0,2,0,0,0,0,1,2,2,2,0,0,2,2
119,-5045.554,-2724.401,-226.471,249.271,-0.354009,0.935032,-0.019818,-0.935237,-0.353856,0.010889,0.003169,0.022390,0.999744,0,0.59718,-0.00130,35.831,-0.003,-1,375.000,-1,400.000,-1,325.000,325.000,250.000,275.000,650.000,-1,-1,-1,725.000,750.000,-1,-1,2,0,2,0,2,0,0,0,0,1,2,2,2,0,0,2,2
120,-5058.247,-2757.924,-226.184,249.262,-0.354140,0.934973,-0.020240,-0.935190,-0.354011,0.009757,0.001957,0.022383,0.999748,0,0.59743,-0.00476,35.846,-0.010,-1,375.000,-1,400.000,-1,325.000,325.000,250.000,275.000,650.000,-1,-1,-1,700.000,725.000,-1,-1,2,0,2,0,2,0,0,0,0,1,2,2,2,0,0,2,2
121,-5070.959,-2791.467,-225.675,249.245,-0.354407,0.934859,-0.020834,-0.935090,-0.354279,0.009670,0.001659,0.022908,0.999736,0,0.59785,-0.00832,35.871,-0.017,-1,375.000,-1,400.000,-1,325.000,325.000,250.000,275.000,675.000,-1,-1,-1,700.000,725.000,-1,-1,2,0,2,0,2,0,0,0,0,1,2,2,2,0,0,2,2
122,-5083.698,-2825.039,-225.206,249.221,-0.354793,0.934700,-0.021391,-0.934944,-0.354665,0.009656,0.001439,0.023426,0.999725,0,0.59846,-0.01197,35.907,-0.024,-1,375.000,-1,400.000,-1,325.000,325.000,250.000,275.000,700.000,-1,-1,-1,700.000,725.000,-1,-1,2,0,2,0,2,0,0,0,0,1,2,2,2,0,0,2,2
123,-5096.471,-2858.648,-224.777,249.190,-0.355303,0.934494,-0.021912,-0.934750,-0.355173,0.009714,0.001295,0.023934,0.999713,0,0.59923,-0.01570,35.954,-0.031,-1,375.000,-1,400.000,-1,325.000,325.000,250.000,275.000,725.000,-1,-1,-1,700.000,725.000,-1,-1,2,0,2,0,2,0,0,0,0,1,2,2,2,0,0,2,2
124,-5110.811,-2896.795,-224.339,249.398,-0.351899,0.935772,-0.022326,-0.936037,-0.351764,0.009837,0.001352,0.024360,0.999702,0,0.67923,0.10430,40.754,0.209,-1,375.000,-1,400.000,-1,325.000,325.000,250.000,275.000,725.000,-1,-1,-1,700.000,700.000,-1,-1,2,0,2,0,2,0,0,0,0,1,2,2,2,0,0,2,2
125,-5125.150,-2935.632,-223.945,249.735,-0.346395,0.937815,-0.022651,-0.938087,-0.346252,0.010059,0.001590,0.024733,0.999693,0,0.68999,0.16846,41.399,0.337,-1,375.000,-1,400.000,-1,325.000,325.000,250.000,300.000,750.000,-1,-1,-1,700.000,700.000,-1,-1,2,0,2,0,2,0,0,0,0,1,2,2,2,0,0,2,2
126,-5139.303,-2974.652,-223.598,250.063,-0.341030,0.939772,-0.022962,-0.940050,-0.340877,0.010398,0.001944,0.025132,0.999682,0,0.69179,0.16393,41.507,0.328,-1,375.000,-1,400.000,-1,325.000,325.000,250.000,300.000,775.000,-1,-1,-1,700.000,700.000,-1,-1,2,0,2,0,2,0,0,0,0,1,2,2,2,0,0,2,2
127,-5153.278,-3013.859,-223.297,250.382,-0.335809,0.941643,-0.023260,-0.941927,-0.335642,0.010852,0.002412,0.025554,0.999671,0,0.69372,0.15933,41.623,0.319,-1,375.000,-1,400.000,-1,325.000,325.000,250.000,300.000,800.000,-1,-1,-1,700.000,700.000,-1,-1,2,0,2,0,2,0,0,0,0,1,2,2,2,0,0,2,2
128,-5167.082,-3053.257,-223.043,250.691,-0.330734,0.943430,-0.023546,-0.943719,-0.330550,0.011421,0.002992,0.025998,0.999658,0,0.69578,0.15465,41.747,0.309,-1,375.000,-1,400.000,-1,325.000,325.000,250.000,300.000,825.000,-1,-1,-1,700.000,675.000,-1,-1,2,0,2,0,2,0,0,0,0,1,2,2,2,0,0,2,2
129,-5180.722,-3092.852,-222.835,250.991,-0.325809,0.945135,-0.023822,-0.945428,-0.325605,0.012104,0.003683,0.026465,0.999643,0,0.69798,0.14990,41.879,0.300,-1,375.000,-1,400.000,-1,325.000,325.000,275.000,300.000,850.000,-1,-1,-1,700.000,675.000,-1,-1,2,0,2,0,2,0,0,0,0,1,2,2,2,0,0,2,2
130,-5194.206,-3132.647,-222.671,251.281,-0.321038,0.946760,-0.024088,-0.947056,-0.320810,0.012898,0.004483,0.026954,0.999627,0,0.70029,0.14508,42.017,0.290,-1,375.000,-1,375.000,-1,325.000,325.000,275.000,300.000,875.000,-1,-1,-1,700.000,675.000,-1,-1,2,0,2,0,2,0,0,0,0,1,2,2,2,0,0,2,2
131,-5207.542,-3172.646,-222.554,251.561,-0.316424,0.948306,-0.024340,-0.948603,-0.316169,0.013805,0.005396,0.027457,0.999608,0,0.70272,0.14019,42.163,0.280,-1,375.000,-1,375.000,-1,300.000,325.000,275.000,300.000,900.000,-1,-1,-1,700.000,675.000,-1,-1,2,0,2,0,2,0,0,0,0,1,2,2,2,0,0,2,2
