timestep,x_cm,y_cm,z_cm,yaw_deg,basis_xx,basis_xy,basis_xz,basis_yx,basis_yy,basis_yz,basis_zx,basis_zy,basis_zz,teleport_flag,throttle_cmd,steering_cmd,cmd_move_cm,cmd_turn_deg,lidar_cm_0,lidar_cm_1,lidar_cm_2,lidar_cm_3,lidar_cm_4,lidar_cm_5,lidar_cm_6,lidar_cm_7,lidar_cm_8,lidar_cm_9,lidar_cm_10,lidar_cm_11,lidar_cm_12,lidar_cm_13,lidar_cm_14,lidar_cm_15,lidar_cm_16,lidar_class_0,lidar_class_1,lidar_class_2,lidar_class_3,lidar_class_4,lidar_class_5,lidar_class_6,lidar_class_7,lidar_class_8,lidar_class_9,lidar_class_10,lidar_class_11,lidar_class_12,lidar_class_13,lidar_class_14,lidar_class_15,lidar_class_16
0,-2948.833,-4267.414,168.138,-53.469,0.594608,0.803312,0.033631,-0.803630,0.595098,-0.006074,-0.024894,-0.023415,0.999416,1,0.08000,0.12000,4.800,0.240,-1,375.000,-1,375.000,-1,300.000,300.000,300.000,300.000,700.000,475.000,575.000,-1,700.000,675.000,-1,-1,2,0,2,0,2,0,0,0,0,1,1,1,2,0,0,2,2
1,-2943.054,-4275.080,167.907,-52.989,0.601328,0.798303,0.033424,-0.798618,0.601810,-0.005857,-0.024790,-0.023171,0.999424,0,0.16000,0.24000,9.600,0.480,-1,375.000,-1,375.000,-1,300.000,300.000,300.000,300.000,700.000,500.000,575.000,-1,700.000,675.000,-1,-1,2,0,2,0,2,0,0,0,0,1,1,1,2,0,0,2,2
2,-2934.242,-4286.469,167.560,-52.269,0.611328,0.790684,0.033110,-0.790994,0.611799,-0.005525,-0.024625,-0.022812,0.999436,0,0.24000,0.36000,14.400,0.720,-1,375.000,-1,375.000,-1,300.000,300.000,300.000,300.000,700.000,500.000,600.000,-1,700.000,675.000,-1,-1,2,0,2,0,2,0,0,0,0,1,1,1,2,0,0,2,2
3,-2922.240,-4301.455,167.092,-51.309,0.624512,0.780331,0.032679,-0.780634,0.624968,-0.005094,-0.024398,-0.022329,0.999453,0,0.32000,0.48000,19.200,0.960,-1,375.000,-1,375.000,-1,300.000,300.000,300.000,300.000,725.000,525.000,625.000,-1,700.000,675.000,-1,-1,2,0,2,0,2,0,0,0,0,1,1,1,2,0,0,2,2
4,-2906.848,-4319.869,166.499,-50.109,0.640744,0.767082,0.032122,-0.767376,0.641181,-0.004571,-0.024102,-0.021721,0.999474,0,0.40000,0.60000,24.000,1.200,-1,375.000,-1,375.000,-1,300.000,300.000,300.000,300.000,725.000,575.000,675.000,-1,700.000,675.000,-1,-1,2,0,2,0,2,0,0,0,0,1,1,1,2,0,0,2,2
5,-2887.829,-4341.495,165.775,-48.669,0.659851,0.750739,0.031429,-0.751021,0.660266,-0.003969,-0.023731,-0.020985,0.999498,0,0.48000,0.72000,28.800,1.440,-1,375.000,-1,375.000,-1,325.000,325.000,300.000,300.000,750.000,600.000,725.000,-1,700.000,675.000,-1,-1,2,0,2,0,2,0,0,0,0,1,1,1,2,0,0,2,2
6,-2864.909,-4366.064,165.034,-46.989,0.681596,0.731065,0.031145,-0.731347,0.681998,-0.003262,-0.023626,-0.020554,0.999510,0,0.56000,0.84000,33.600,1.680,-1,375.000,-1,375.000,-1,325.000,325.000,300.000,300.000,750.000,650.000,700.000,-1,700.000,650.000,-1,-1,2,0,2,0,2,0,0,0,0,1,1,0,2,0,0,2,2
7,-2837.789,-4393.250,164.171,-45.069,0.705729,0.707812,0.030791,-0.708092,0.706116,-0.002466,-0.023487,-0.020062,0.999523,0,0.64000,0.96000,38.400,1.920,-1,375.000,-1,375.000,-1,325.000,325.000,300.000,300.000,775.000,700.000,700.000,-1,700.000,650.000,-1,-1,2,0,2,0,2,0,0,0,0,1,0,0,2,0,0,2,2
8,-2807.662,-4421.411,163.226,-43.069,0.730026,0.682745,0.030361,-0.683023,0.730395,-0.001634,-0.023291,-0.019544,0.999538,0,0.68732,1.00000,41.239,2.000,-1,375.000,-1,375.000,-1,325.000,325.000,300.000,300.000,800.000,675.000,700.000,-1,700.000,650.000,-1,-1,2,0,2,0,2,0,0,0,0,1,0,0,2,0,0,2,2
9,-2776.146,-4448.874,162.250,-41.069,0.753433,0.656845,0.029881,-0.657120,0.753785,-0.000814,-0.023058,-0.019022,0.999553,0,0.69671,1.00000,41.803,2.000,-1,375.000,-1,375.000,-1,325.000,325.000,300.000,300.000,825.000,675.000,700.000,-1,675.000,650.000,-1,-1,2,0,2,0,2,0,0,0,0,1,0,0,2,0,0,2,2
10,-2743.263,-4475.568,161.245,-39.069,0.775923,0.630145,0.029354,-0.630416,0.776257,-0.000011,-0.022794,-0.018497,0.999569,0,0.70591,1.00000,42.355,2.000,-1,375.000,-1,375.000,-1,300.000,325.000,300.000,300.000,825.000,675.000,700.000,-1,675.000,650.000,-1,-1,2,0,2,0,2,0,0,0,0,1,0,0,2,0,0,2,2
11,-2709.036,-4501.424,160.250,-37.069,0.797473,0.602677,0.028591,-0.602940,0.797786,0.000720,-0.022375,-0.017813,0.999591,0,0.71492,1.00000,42.895,2.000,-1,375.000,-1,375.000,-1,300.000,325.000,300.000,300.000,850.000,675.000,700.000,-1,675.000,650.000,-1,-1,2,0,2,0,2,0,0,0,0,1,0,0,2,0,0,2,2
12,-2673.496,-4526.374,159.339,-35.069,0.818066,0.574479,0.027231,-0.574720,0.818350,0.001248,-0.021567,-0.016671,0.999628,0,0.72372,1.00000,43.423,2.000,-1,375.000,-1,375.000,-1,300.000,325.000,300.000,300.000,875.000,650.000,700.000,-1,700.000,650.000,-1,-1,2,0,2,0,2,0,0,0,0,1,0,0,2,0,0,2,2
13,-2636.675,-4550.349,158.514,-33.069,0.837665,0.545576,0.025785,-0.545804,0.837910,0.002209,-0.020401,-0.015924,0.999665,0,0.73232,1.00000,43.939,2.000,-1,375.000,-1,375.000,-1,300.000,300.000,300.000,300.000,900.000,625.000,675.000,-1,700.000,650.000,-1,-1,2,0,2,0,2,0,0,0,0,1,0,0,2,0,0,2,2
14,-2598.609,-4573.284,157.705,-31.069,0.856242,0.516006,0.024253,-0.516222,0.856448,0.003259,-0.019090,-0.015311,0.999701,0,0.74070,1.00000,44.442,2.000,-1,375.000,-1,375.000,-1,300.000,300.000,300.000,300.000,925.000,600.000,650.000,-1,700.000,650.000,-1,-1,2,0,2,0,2,0,0,0,0,1,0,0,2,0,0,2,2
15,-2559.338,-4595.116,156.866,-29.071,0.873753,0.485842,0.022660,-0.486045,0.873924,0.004166,-0.017779,-0.014654,0.999735,0,0.74886,0.99885,44.931,1.998,-1,375.000,-1,375.000,-1,325.000,300.000,300.000,300.000,950.000,600.000,625.000,-1,700.000,650.000,-1,-1,2,0,2,0,2,0,0,0,0,1,0,0,2,0,0,2,2
16,-2518.122,-4616.401,156.095,-27.313,0.888277,0.458809,0.021407,-0.459007,0.888418,0.005177,-0.016643,-0.014425,0.999757,0,0.77313,0.87885,46.388,1.758,-1,375.000,-1,375.000,-1,325.000,300.000,300.000,300.000,975.000,575.000,625.000,-1,700.000,650.000,-1,-1,2,0,2,0,2,0,0,0,0,1,0,0,2,0,0,2,2
17,-2475.958,-4636.780,155.359,-25.796,0.900148,0.435118,0.020156,-0.435312,0.900258,0.006277,-0.015414,-0.014424,0.999777,0,0.78051,0.75885,46.831,1.518,-1,375.000,-1,375.000,-1,325.000,300.000,300.000,300.000,1000.000,575.000,625.000,-1,700.000,650.000,-1,-1,2,0,2,0,2,0,0,0,0,1,0,0,2,0,0,2,2
18,-2432.977,-4656.384,154.866,-24.518,0.909660,0.414932,0.018710,-0.415127,0.909729,0.007934,-0.013729,-0.014984,0.999793,0,0.78735,0.63885,47.241,1.278,-1,375.000,-1,375.000,-1,325.000,325.000,300.000,300.000,-1,575.000,600.000,-1,700.000,650.000,-1,-1,2,0,2,0,2,0,0,0,0,2,0,0,2,0,0,2,2
19,-2389.295,-4675.360,154.402,-23.480,0.917056,0.398386,0.017259,-0.398576,0.917087,0.009373,-0.012094,-0.015475,0.999807,0,0.79376,0.51885,47.625,1.038,-1,375.000,-1,375.000,-1,325.000,325.000,300.000,300.000,-1,575.000,600.000,-1,725.000,675.000,-1,-1,2,0,2,0,2,0,0,0,0,2,0,0,2,0,0,2,2
20,-2345.016,-4693.866,153.935,-22.683,0.922541,0.385576,0.015777,-0.385759,0.922537,0.010793,-0.010393,-0.016043,0.999817,0,0.79986,0.39885,47.991,0.798,-1,400.000,-1,375.000,-1,325.000,325.000,300.000,300.000,-1,575.000,575.000,-1,725.000,675.000,-1,-1,2,0,2,0,2,0,0,0,0,2,0,0,2,0,0,2,2
21,-2300.230,-4712.074,153.472,-22.125,0.926276,0.376574,0.014275,-0.376746,0.926236,0.012217,-0.008621,-0.016694,0.999823,0,0.80576,0.27885,48.346,0.558,-1,400.000,-1,375.000,-1,325.000,325.000,300.000,300.000,-1,550.000,550.000,-1,725.000,675.000,-1,-1,2,0,2,0,2,0,0,0,0,2,0,0,2,0,0,2,2
22,-2255.019,-4730.164,153.015,-21.807,0.928374,0.371428,0.012765,-0.371586,0.928298,0.013669,-0.006773,-0.017433,0.999825,0,0.81159,0.15885,48.695,0.318,-1,400.000,-1,375.000,-1,325.000,325.000,300.000,300.000,-1,525.000,550.000,-1,725.000,675.000,-1,-1,2,0,2,0,2,0,0,0,0,2,0,0,2,0,0,2,2
23,-2209.391,-4748.158,152.564,-21.522,0.930234,0.366795,0.011242,-0.366935,0.930124,0.015119,-0.004910,-0.018190,0.999822,0,0.81748,0.14269,49.049,0.285,-1,400.000,-1,375.000,-1,325.000,325.000,300.000,300.000,-1,525.000,525.000,-1,750.000,675.000,-1,-1,2,0,2,0,2,0,0,0,0,2,0,0,2,0,0,2,2
24,-2163.333,-4766.082,152.117,-21.265,0.931887,0.362618,0.009706,-0.362735,0.931745,0.016570,-0.003034,-0.018962,0.999816,0,0.82371,0.12838,49.423,0.257,-1,400.000,-1,375.000,-1,325.000,325.000,300.000,300.000,-1,475.000,525.000,-1,750.000,675.000,-1,-1,2,0,2,0,2,0,0,0,0,2,0,0,2,0,0,2,2
25,-2116.835,-4783.966,151.676,-21.038,0.933336,0.358910,0.008158,-0.359001,0.933163,0.018025,-0.001143,-0.019752,0.999804,0,0.83032,0.11375,49.819,0.228,-1,400.000,-1,375.000,-1,325.000,325.000,300.000,300.000,-1,450.000,500.000,-1,750.000,675.000,-1,-1,2,0,2,0,2,0,0,0,0,2,0,0,2,0,0,2,2
26,-2069.884,-4801.839,151.342,-20.840,0.934581,0.355687,0.006759,-0.355751,0.934388,0.018990,0.000438,-0.020152,0.999797,0,0.83729,0.09880,50.237,0.198,-1,400.000,-1,375.000,-1,325.000,325.000,300.000,300.000,-1,425.000,475.000,-1,750.000,700.000,-1,-1,2,0,2,0,2,0,0,0,0,2,0,0,2,0,0,2,2
27,-2022.468,-4819.730,151.284,-20.673,0.935620,0.352959,0.005955,-0.353006,0.935413,0.019719,0.001390,-0.020552,0.999788,0,0.84465,0.08351,50.679,0.167,-1,400.000,-1,375.000,-1,325.000,325.000,300.000,300.000,-1,450.000,475.000,-1,750.000,700.000,-1,-1,2,0,2,0,2,0,0,0,0,2,0,0,2,0,0,2,2
28,-1974.575,-4837.672,151.310,-20.537,0.936460,0.350739,0.005014,-0.350767,0.936241,0.020380,0.002454,-0.020844,0.999780,0,0.85239,0.06788,51.144,0.136,-1,400.000,-1,375.000,-1,325.000,325.000,300.000,300.000,-1,450.000,500.000,-1,750.000,700.000,-1,-1,2,0,2,0,2,0,0,0,0,2,0,0,2,0,0,2,2
29,-1926.191,-4855.698,151.348,-20.433,0.937099,0.349041,0.004083,-0.349047,0.936869,0.021060,0.003526,-0.021161,0.999770,0,0.86054,0.05189,51.633,0.104,-1,400.000,-1,375.000,-1,325.000,325.000,300.000,300.000,-1,475.000,525.000,-1,775.000,700.000,-1,-1,2,0,2,0,2,0,0,0,0,2,0,0,2,0,0,2,2
30,-1877.304,-4873.842,151.545,-20.362,0.937535,0.347871,0.003740,-0.347866,0.937283,0.022112,0.004187,-0.022031,0.999749,0,0.86910,0.03554,52.146,0.071,-1,400.000,-1,375.000,-1,325.000,325.000,300.000,300.000,-1,500.000,550.000,-1,775.000,700.000,-1,-1,2,0,2,0,2,0,0,0,0,2,0,0,2,0,0,2,2
31,-1827.924,-4892.130,151.868,-20.323,0.937778,0.347217,0.003609,-0.347203,0.937494,0.023558,0.004797,-0.023345,0.999716,0,0.87762,0.01968,52.657,0.039,-1,400.000,-1,375.000,-1,325.000,325.000,300.000,300.000,-1,525.000,575.000,-1,775.000,700.000,-1,-1,2,0,2,0,2,0,0,0,0,2,0,0,2,0,0,2,2
32,-1778.532,-4910.384,152.227,-20.284,0.938021,0.346561,0.003444,-0.346535,0.937701,0.025125,0.005478,-0.024761,0.999678,0,0.87762,0.01968,52.657,0.039,-1,400.000,-1,375.000,-1,325.000,325.000,300.000,300.000,-1,575.000,625.000,-1,750.000,700.000,-1,-1,2,0,2,0,2,0,0,0,0,2,0,0,2,0,0,2,2
33,-1729.128,-4928.605,152.595,-20.244,0.938264,0.345904,0.003286,-0.345865,0.937904,0.026693,0.006151,-0.026181,0.999638,0,0.87762,0.01968,52.657,0.039,-1,400.000,-1,375.000,-1,325.000,325.000,300.000,300.000,-1,600.000,650.000,-1,750.000,700.000,-1,-1,2,0,2,0,2,0,0,0,0,2,0,0,2,0,0,2,2
34,-1679.711,-4946.791,152.972,-20.205,0.938507,0.345247,0.003134,-0.345194,0.938106,0.028261,0.006817,-0.027605,0.999596,0,0.87762,0.01968,52.657,0.039,-1,400.000,-1,375.000,-1,325.000,325.000,300.000,300.000,-1,625.000,700.000,-1,750.000,700.000,-1,-1,2,0,2,0,2,0,0,0,0,2,0,0,2,0,0,2,2
35,-1630.281,-4964.943,153.358,-20.166,0.938749,0.344588,0.002989,-0.344520,0.938305,0.029830,0.007474,-0.029033,0.999551,0,0.87762,0.01968,52.657,0.039,-1,400.000,-1,375.000,-1,325.000,325.000,300.000,300.000,-1,650.000,725.000,-1,750.000,700.000,-1,-1,2,0,2,0,2,0,0,0,0,2,0,0,2,0,0,2,2
36,-1585.277,-4981.222,153.719,-19.886,0.940423,0.339996,0.002843,-0.339915,0.939937,0.031243,0.007951,-0.030348,0.999508,0,0.79762,0.13968,47.857,0.279,-1,400.000,-1,375.000,-1,325.000,325.000,300.000,300.000,-1,675.000,750.000,-1,750.000,700.000,-1,-1,2,0,2,0,2,0,0,0,0,2,0,0,2,0,0,2,2
37,-1542.485,-4996.263,154.064,-19.367,0.943469,0.331449,0.002671,-0.331356,0.942944,0.032558,0.008273,-0.031602,0.999466,0,0.75598,0.25968,45.359,0.519,-1,400.000,-1,375.000,-1,325.000,325.000,300.000,300.000,-1,700.000,775.000,-1,750.000,700.000,-1,-1,2,0,2,0,2,0,0,0,0,2,0,0,2,0,0,2,2
38,-1499.504,-5010.757,154.406,-18.636,0.947624,0.319379,0.002454,-0.319276,0.947057,0.033838,0.008484,-0.032849,0.999424,0,0.75598,0.36549,45.359,0.731,-1,400.000,-1,375.000,-1,325.000,325.000,300.000,300.000,-1,725.000,825.000,-1,750.000,700.000,-1,-1,2,0,2,0,2,0,0,0,0,2,0,0,2,0,0,2,2
39,-1456.342,-5024.702,154.738,-17.905,0.951623,0.307259,0.002206,-0.307144,0.951016,0.035085,0.008682,-0.034065,0.999382,0,0.75598,0.36549,45.359,0.731,-1,400.000,-1,375.000,-1,325.000,325.000,300.000,300.000,-1,750.000,850.000,-1,750.000,700.000,-1,-1,2,0,2,0,2,0,0,0,0,2,0,0,2,0,0,2,2
40,-1413.005,-5038.094,155.061,-17.174,0.955468,0.295089,0.001932,-0.294962,0.954820,0.036290,0.008865,-0.035244,0.999339,0,0.75598,0.36549,45.359,0.731,-1,400.000,-1,375.000,-1,325.000,325.000,300.000,300.000,-1,800.000,875.000,-1,750.000,725.000,-1,-1,2,0,2,0,2,0,0,0,0,2,0,0,2,0,0,2,2
41,-1369.501,-5050.933,155.438,-16.443,0.959155,0.282875,0.001752,-0.282742,0.958476,0.037151,0.008830,-0.036129,0.999308,0,0.75598,0.36549,45.359,0.731,-1,400.000,-1,375.000,-1,325.000,325.000,275.000,300.000,-1,825.000,925.000,-1,750.000,725.000,-1,-1,2,0,2,0,2,0,0,0,0,2,0,0,2,0,0,2,2
42,-1325.836,-5063.216,155.813,-15.712,0.962686,0.270616,0.001515,-0.270476,0.961978,0.037952,0.008813,-0.036945,0.999278,0,0.75598,0.36549,45.359,0.731,-1,400.000,-1,375.000,-1,325.000,325.000,275.000,300.000,-1,850.000,975.000,-1,750.000,725.000,-1,-1,2,0,2,0,2,0,0,0,0,2,0,0,2,0,0,2,2
43,-1282.019,-5074.941,156.176,-14.981,0.966060,0.258314,0.001262,-0.258167,0.965324,0.038718,0.008783,-0.037730,0.999249,0,0.75598,0.36549,45.359,0.731,-1,400.000,-1,375.000,-1,325.000,325.000,275.000,300.000,-1,900.000,1000.000,-1,750.000,725.000,-1,-1,2,0,2,0,2,0,0,0,0,2,0,0,2,0,0,2,2
44,-1238.056,-5086.106,156.573,-14.250,0.969277,0.245969,0.001163,-0.245821,0.968507,0.039579,0.008609,-0.038649,0.999216,0,0.75598,0.36549,45.359,0.731,-1,400.000,-1,375.000,-1,325.000,325.000,275.000,300.000,-1,950.000,-1,-1,750.000,725.000,-1,-1,2,0,2,0,2,0,0,0,0,2,0,2,2,0,0,2,2
45,-1193.953,-5096.709,156.975,-13.519,0.972336,0.233584,0.001125,-0.233437,0.971530,0.040458,0.008357,-0.039601,0.999181,0,0.75598,0.36549,45.359,0.731,-1,400.000,-1,375.000,-1,325.000,325.000,275.000,300.000,-1,1000.000,-1,-1,750.000,725.000,-1,-1,2,0,2,0,2,0,0,0,0,2,0,2,2,0,0,2,2
46,-1149.719,-5106.748,157.363,-12.788,0.975236,0.221163,0.001066,-0.221017,0.974395,0.041302,0.008095,-0.040514,0.999146,0,0.75598,0.36549,45.359,0.731,-1,400.000,-1,375.000,-1,325.000,325.000,275.000,300.000,-1,-1,-1,-1,750.000,725.000,-1,-1,2,0,2,0,2,0,0,0,0,2,2,2,2,0,0,2,2
47,-1105.361,-5116.223,157.741,-12.057,0.977978,0.208706,0.000967,-0.208561,0.977103,0.042094,0.007841,-0.041368,0.999113,0,0.75598,0.36549,45.359,0.731,-1,400.000,-1,375.000,-1,325.000,325.000,275.000,300.000,-1,-1,-1,-1,750.000,725.000,-1,-1,2,0,2,0,2,0,0,0,0,2,2,2,2,0,0,2,2
48,-1060.885,-5125.131,158.134,-11.326,0.980560,0.196218,0.000729,-0.196069,0.979658,0.042749,0.007674,-0.042061,0.999086,0,0.75598,0.36549,45.359,0.731,-1,400.000,-1,375.000,-1,325.000,325.000,275.000,300.000,-1,-1,-1,-1,750.000,725.000,-1,-1,2,0,2,0,2,0,0,0,0,2,2,2,2,0,0,2,2
49,-1016.300,-5133.470,158.507,-10.595,0.982982,0.183699,0.000493,-0.183547,0.982053,0.043379,0.007485,-0.042731,0.999059,0,0.75598,0.36549,45.359,0.731,-1,400.000,-1,375.000,-1,325.000,325.000,275.000,300.000,-1,-1,-1,-1,750.000,725.000,-1,-1,2,0,2,0,2,0,0,0,0,2,2,2,2,0,0,2,2
50,-971.611,-5141.240,158.860,-9.864,0.985245,0.171150,0.000260,-0.170996,0.984289,0.043983,0.007272,-0.043379,0.999032,0,0.75598,0.36549,45.359,0.731,-1,400.000,-1,375.000,-1,325.000,325.000,275.000,300.000,-1,-1,-1,-1,750.000,750.000,-1,-1,2,0,2,0,2,0,0,0,0,2,2,2,2,0,0,2,2
51,-926.827,-5148.440,159.193,-9.133,0.987347,0.158575,0.000031,-0.158419,0.986366,0.044564,0.007037,-0.044005,0.999007,0,0.75598,0.36549,45.359,0.731,-1,400.000,-1,375.000,-1,325.000,325.000,275.000,300.000,-1,-1,-1,-1,750.000,750.000,-1,-1,2,0,2,0,2,0,0,0,0,2,2,2,2,0,0,2,2
52,-881.955,-5155.067,159.506,-8.402,0.989288,0.145975,-0.000194,-0.145817,0.988282,0.045119,0.006778,-0.044607,0.998982,0,0.75598,0.36549,45.359,0.731,-1,400.000,-1,400.000,-1,325.000,325.000,275.000,300.000,-1,-1,-1,-1,750.000,750.000,-1,-1,2,0,2,0,2,0,0,0,0,2,2,2,2,0,0,2,2
53,-837.002,-5161.122,159.797,-7.671,0.991069,0.133351,-0.000414,-0.133193,0.990038,0.045650,0.006498,-0.045187,0.998957,0,0.75598,0.36549,45.359,0.731,-1,400.000,-1,400.000,-1,325.000,325.000,275.000,300.000,-1,-1,-1,-1,750.000,750.000,-1,-1,2,0,2,0,2,0,0,0,0,2,2,2,2,0,0,2,2
54,-791.975,-5166.602,160.068,-6.940,0.992688,0.120707,-0.000628,-0.120549,0.991634,0.046157,0.006195,-0.045744,0.998934,0,0.75598,0.36549,45.359,0.731,-1,400.000,-1,400.000,-1,325.000,325.000,275.000,300.000,-1,-1,-1,-1,750.000,750.000,-1,-1,2,0,2,0,2,0,0,0,0,2,2,2,2,0,0,2,2
55,-746.882,-5171.508,160.317,-6.209,0.994146,0.108043,-0.000836,-0.107887,0.993069,0.046640,0.005870,-0.046277,0.998911,0,0.75598,0.36549,45.359,0.731,-1,400.000,-1,400.000,-1,325.000,325.000,275.000,300.000,-1,-1,-1,-1,750.000,750.000,-1,-1,2,0,2,0,2,0,0,0,0,2,2,2,2,0,0,2,2
56,-701.731,-5175.838,160.545,-5.478,0.995442,0.095363,-0.001038,-0.095209,0.994343,0.047099,0.005523,-0.046786,0.998890,0,0.75598,0.36549,45.359,0.731,-1,400.000,-1,400.000,-1,325.000,325.000,275.000,300.000,-1,-1,-1,-1,750.000,750.000,-1,-1,2,0,2,0,2,0,0,0,0,2,2,2,2,0,0,2,2
57,-656.527,-5179.592,160.759,-4.747,0.996576,0.082668,-0.001216,-0.082517,0.995457,0.047498,0.005137,-0.047236,0.998871,0,0.75598,0.36549,45.359,0.731,-1,400.000,-1,400.000,-1,325.000,325.000,275.000,300.000,-1,-1,-1,-1,750.000,750.000,-1,-1,2,0,2,0,2,0,0,0,0,2,2,2,2,0,0,2,2
58,-611.280,-5182.768,160.939,-4.016,0.997549,0.069960,-0.001351,-0.069816,0.996414,0.047794,0.004689,-0.047582,0.998856,0,0.75598,0.36549,45.359,0.731,-1,400.000,-1,400.000,-1,325.000,325.000,275.000,300.000,-1,-1,-1,-1,750.000,775.000,-1,-1,2,0,2,0,2,0,0,0,0,2,2,2,2,0,0,2,2
59,-565.995,-5185.367,161.080,-3.285,0.998359,0.057242,-0.001435,-0.057107,0.997213,0.048005,0.004179,-0.047844,0.998846,0,0.75598,0.36549,45.359,0.731,-1,400.000,-1,400.000,-1,325.000,325.000,275.000,300.000,-1,-1,-1,-1,750.000,775.000,-1,-1,2,0,2,0,2,0,0,0,0,2,2,2,2,0,0,2,2
60,-520.682,-5187.389,161.198,-2.554,0.999008,0.044515,-0.001509,-0.044391,0.997851,0.048195,0.003651,-0.048080,0.998837,0,0.75598,0.36549,45.359,0.731,-1,400.000,-1,400.000,-1,325.000,325.000,275.000,300.000,-1,-1,-1,-1,750.000,775.000,-1,-1,2,0,2,0,2,0,0,0,0,2,2,2,2,0,0,2,2
61,-475.346,-5188.832,161.293,-1.823,0.999494,0.031781,-0.001572,-0.031668,0.998328,0.048365,0.003107,-0.048291,0.998828,0,0.75598,0.36549,45.359,0.731,-1,400.000,-1,400.000,-1,325.000,325.000,275.000,300.000,-1,-1,-1,-1,750.000,775.000,-1,-1,2,0,2,0,2,0,0,0,0,2,2,2,2,0,0,2,2
62,-429.995,-5189.696,161.366,-1.092,0.999817,0.019042,-0.001625,-0.018941,0.998643,0.048515,0.002547,-0.048476,0.998821,0,0.75598,0.36549,45.359,0.731,-1,400.000,-1,400.000,-1,325.000,325.000,275.000,300.000,-1,-1,-1,-1,750.000,775.000,-1,-1,2,0,2,0,2,0,0,0,0,2,2,2,2,0,0,2,2
63,-384.637,-5189.982,161.416,-0.361,0.999979,0.006300,-0.001667,-0.006211,0.998797,0.048647,0.001971,-0.048635,0.998815,0,0.75598,0.36549,45.359,0.731,-1,400.000,-1,400.000,-1,325.000,325.000,275.000,300.000,-1,-1,-1,-1,750.000,775.000,-1,-1,2,0,2,0,2,0,0,0,0,2,2,2,2,0,0,2,2
64,-339.279,-5189.690,161.478,0.370,0.999978,-0.006443,-0.001686,0.006517,0.998796,0.048617,0.001371,-0.048627,0.998816,0,0.75598,0.36549,45.359,0.731,-1,400.000,-1,400.000,-1,325.000,325.000,275.000,300.000,-1,-1,-1,-1,750.000,775.000,-1,-1,2,0,2,0,2,0,0,0,0,2,2,2,2,0,0,2,2
65,-293.928,-5188.818,161.552,1.101,0.999814,-0.019185,-0.001747,0.019247,0.998641,0.048429,0.000815,-0.048454,0.998825,0,0.75598,0.36549,45.359,0.731,-1,400.000,-1,400.000,-1,325.000,325.000,275.000,300.000,-1,-1,-1,-1,750.000,775.000,-1,-1,2,0,2,0,2,0,0,0,0,2,2,2,2,0,0,2,2
66,-248.593,-5187.369,161.603,1.832,0.999489,-0.031924,-0.001818,0.031974,0.998325,0.048221,0.000275,-0.048255,0.998835,0,0.75598,0.36549,45.359,0.731,-1,400.000,-1,400.000,-1,325.000,325.000,275.000,300.000,-1,-1,-1,-1,750.000,775.000,-1,-1,2,0,2,0,2,0,0,0,0,2,2,2,2,0,0,2,2
67,-203.279,-5185.341,161.632,2.563,0.999001,-0.044658,-0.001900,0.044698,0.997847,0.047993,-0.000247,-0.048030,0.998846,0,0.75598,0.36549,45.359,0.731,-1,400.000,-1,400.000,-1,325.000,325.000,275.000,300.000,-1,-1,-1,-1,750.000,775.000,-1,-1,2,0,2,0,2,0,0,0,0,2,2,2,2,0,0,2,2
68,-162.778,-5183.180,161.636,3.054,0.998582,-0.053207,-0.001960,0.053240,0.997437,0.047808,-0.000589,-0.047845,0.998855,0,0.67598,0.24549,40.559,0.491,-1,400.000,-1,400.000,-1,325.000,325.000,275.000,300.000,-1,-1,-1,-1,750.000,775.000,-1,-1,2,0,2,0,2,0,0,0,0,2,2,2,2,0,0,2,2
69,-123.436,-5180.909,161.623,3.304,0.998339,-0.057576,-0.001996,0.057606,0.997201,0.047667,-0.000754,-0.047702,0.998861,0,0.65679,0.12549,39.407,0.251,-1,400.000,-1,400.000,-1,325.000,325.000,275.000,300.000,-1,-1,-1,-1,725.000,775.000,-1,-1,2,0,2,0,2,0,0,0,0,2,2,2,2,0,0,2,2
70,-84.095,-5178.630,161.597,3.315,0.998328,-0.057768,-0.002007,0.057798,0.997194,0.047572,-0.000747,-0.047608,0.998866,0,0.65679,0.00549,39.407,0.011,-1,400.000,-1,400.000,-1,325.000,325.000,275.000,300.000,-1,-1,-1,-1,725.000,775.000,-1,-1,2,0,2,0,2,0,0,0,0,2,2,2,2,0,0,2,2
71,-44.744,-5176.508,161.567,3.086,0.998551,-0.053781,-0.001988,0.053815,0.997419,0.047530,-0.000573,-0.047568,0.998868,0,0.65679,-0.11451,39.407,-0.229,-1,400.000,-1,400.000,-1,325.000,325.000,275.000,300.000,-1,-1,-1,-1,725.000,775.000,-1,-1,2,0,2,0,2,0,0,0,0,2,2,2,2,0,0,2,2
72,-5.378,-5174.709,161.526,2.617,0.998957,-0.045615,-0.001954,0.045656,0.997827,0.047508,-0.000217,-0.047548,0.998869,0,0.65679,-0.23451,39.407,-0.469,-1,400.000,-1,400.000,-1,325.000,325.000,275.000,300.000,-1,-1,-1,-1,725.000,775.000,-1,-1,2,0,2,0,2,0,0,0,0,2,2,2,2,0,0,2,2
73,34.008,-5173.397,161.512,1.908,0.999445,-0.033264,-0.001702,0.033308,0.998329,0.047228,0.000128,-0.047259,0.998883,0,0.65679,-0.35451,39.407,-0.709,-1,400.000,-1,400.000,-1,325.000,325.000,275.000,300.000,-1,-1,-1,-1,750.000,775.000,-1,-1,2,0,2,0,2,0,0,0,0,2,2,2,2,0,0,2,2
74,73.410,-5172.737,161.522,0.959,0.999859,-0.016725,-0.001386,0.016771,0.998755,0.046971,0.000598,-0.046988,0.998895,0,0.65679,-0.47451,39.407,-0.949,-1,400.000,-1,400.000,-1,325.000,325.000,275.000,300.000,-1,-1,-1,-1,750.000,775.000,-1,-1,2,0,2,0,2,0,0,0,0,2,2,2,2,0,0,2,2
75,112.817,-5172.801,161.553,-0.093,0.999998,0.001629,-0.001039,-0.001578,0.998905,0.046760,0.001115,-0.046758,0.998906,0,0.65679,-0.52640,39.407,-1.053,-1,400.000,-1,400.000,-1,325.000,325.000,275.000,300.000,-1,-1,-1,-1,750.000,775.000,-1,-1,2,0,2,0,2,0,0,0,0,2,2,2,2,0,0,2,2
76,152.217,-5173.590,161.604,-1.146,0.999800,0.019982,-0.000689,-0.019928,0.998715,0.046592,0.001619,-0.046569,0.998914,0,0.65679,-0.52640,39.407,-1.053,-1,400.000,-1,400.000,-1,325.000,325.000,275.000,300.000,-1,-1,-1,-1,750.000,775.000,-1,-1,2,0,2,0,2,0,0,0,0,2,2,2,2,0,0,2,2
77,191.595,-5175.102,161.673,-2.199,0.999265,0.038329,-0.000331,-0.038272,0.998186,0.046467,0.002111,-0.046420,0.998920,0,0.65679,-0.52640,39.407,-1.053,-1,400.000,-1,400.000,-1,325.000,325.000,275.000,300.000,-1,-1,-1,-1,750.000,775.000,-1,-1,2,0,2,0,2,0,0,0,0,2,2,2,2,0,0,2,2
78,230.939,-5177.338,161.818,-3.252,0.998393,0.056664,-0.000158,-0.056596,0.997329,0.046167,0.002774,-0.046083,0.998934,0,0.65679,-0.52640,39.407,-1.053,-1,400.000,-1,400.000,-1,325.000,325.000,275.000,300.000,-1,-1,-1,-1,750.000,775.000,-1,-1,2,0,2,0,2,0,0,0,0,2,2,2,2,0,0,2,2
79,270.236,-5180.296,162.002,-4.305,0.997185,0.074980,-0.000054,-0.074899,0.996137,0.045836,0.003491,-0.045703,0.998949,0,0.65679,-0.52640,39.407,-1.053,-1,400.000,-1,400.000,-1,325.000,325.000,275.000,300.000,-1,-1,-1,-1,750.000,775.000,-1,-1,2,0,2,0,2,0,0,0,0,2,2,2,2,0,0,2,2
80,309.471,-5183.976,162.209,-5.357,0.995641,0.093272,0.000032,-0.093177,0.994608,0.045532,0.004215,-0.045337,0.998963,0,0.65679,-0.52640,39.407,-1.053,-1,400.000,-1,400.000,-1,325.000,325.000,275.000,300.000,-1,-1,-1,-1,750.000,775.000,-1,-1,2,0,2,0,2,0,0,0,0,2,2,2,2,0,0,2,2
81,348.632,-5188.376,162.441,-6.410,0.993761,0.111533,0.000103,-0.111423,0.992742,0.045258,0.004946,-0.044987,0.998975,0,0.65679,-0.52640,39.407,-1.053,-1,400.000,-1,400.000,-1,325.000,325.000,275.000,300.000,-1,-1,-1,-1,750.000,775.000,-1,-1,2,0,2,0,2,0,0,0,0,2,2,2,2,0,0,2,2
82,387.706,-5193.494,162.696,-7.463,0.991546,0.129756,0.000161,-0.129632,0.990540,0.045013,0.005681,-0.044653,0.998986,0,0.65679,-0.52640,39.407,-1.053,-1,400.000,-1,400.000,-1,325.000,325.000,275.000,300.000,-1,-1,-1,-1,750.000,775.000,-1,-1,2,0,2,0,2,0,0,0,0,2,2,2,2,0,0,2,2
83,426.679,-5199.330,162.973,-8.516,0.988997,0.147936,0.000209,-0.147797,0.988003,0.044799,0.006421,-0.044337,0.998996,0,0.65679,-0.52640,39.407,-1.053,-1,400.000,-1,400.000,-1,325.000,325.000,275.000,300.000,-1,-1,-1,-1,750.000,775.000,-1,-1,2,0,2,0,2,0,0,0,0,2,2,2,2,0,0,2,2
84,465.538,-5205.881,163.273,-9.569,0.986115,0.166067,0.000249,-0.165912,0.985131,0.044616,0.007164,-0.044038,0.999004,0,0.65679,-0.52640,39.407,-1.053,-1,400.000,-1,400.000,-1,325.000,325.000,275.000,300.000,-1,-1,-1,-1,750.000,775.000,-1,-1,2,0,2,0,2,0,0,0,0,2,2,2,2,0,0,2,2
85,504.271,-5213.145,163.594,-10.621,0.982900,0.184141,0.000283,-0.183972,0.981925,0.044465,0.007910,-0.043756,0.999011,0,0.65679,-0.52640,39.407,-1.053,-1,400.000,-1,400.000,-1,325.000,325.000,275.000,300.000,-1,-1,-1,-1,750.000,775.000,-1,-1,2,0,2,0,2,0,0,0,0,2,2,2,2,0,0,2,2
86,546.810,-5222.120,163.983,-11.914,0.978499,0.206251,0.000323,-0.206063,0.977535,0.044317,0.008825,-0.043431,0.999017,0,0.72460,-0.64640,43.476,-1.293,-1,400.000,-1,400.000,-1,325.000,325.000,275.000,300.000,-1,-1,-1,-1,750.000,775.000,-1,-1,2,0,2,0,2,0,0,0,0,2,2,2,2,0,0,2,2
87,589.094,-5232.231,164.414,-13.447,0.972637,0.232329,0.000376,-0.232119,0.971684,0.044172,0.009897,-0.043050,0.999024,0,0.72460,-0.76640,43.476,-1.533,-1,400.000,-1,400.000,-1,325.000,325.000,275.000,300.000,-1,-1,-1,-1,750.000,775.000,-1,-1,2,0,2,0,2,0,0,0,0,2,2,2,2,0,0,2,2
88,631.045,-5243.645,164.893,-15.220,0.964991,0.262283,0.000466,-0.262049,0.964049,0.044036,0.011101,-0.042616,0.999030,0,0.72460,-0.88640,43.476,-1.773,-1,400.000,-1,400.000,-1,325.000,325.000,275.000,300.000,-1,-1,-1,-1,775.000,775.000,-1,-1,2,0,2,0,2,0,0,0,0,2,2,2,2,0,0,2,2
89,672.573,-5256.515,165.462,-17.220,0.955258,0.295772,0.000500,-0.295505,0.954321,0.044137,0.012577,-0.042310,0.999025,0,0.72460,-1.00000,43.476,-2.000,-1,400.000,-1,400.000,-1,325.000,325.000,275.000,300.000,-1,-1,-1,-1,775.000,775.000,-1,-1,2,0,2,0,2,0,0,0,0,2,2,2,2,0,0,2,2
90,713.626,-5270.828,166.109,-19.220,0.944365,0.328899,0.000482,-0.328593,0.943422,0.044512,0.014185,-0.042194,0.999009,0,0.72460,-1.00000,43.476,-2.000,-1,400.000,-1,400.000,-1,325.000,325.000,300.000,300.000,-1,-1,-1,-1,775.000,775.000,-1,-1,2,0,2,0,2,0,0,0,0,2,2,2,2,0,0,2,2
91,754.154,-5286.564,166.779,-21.220,0.932323,0.361625,0.000425,-0.361278,0.931374,0.044954,0.015860,-0.042065,0.998989,0,0.72460,-1.00000,43.476,-2.000,-1,400.000,-1,400.000,-1,325.000,325.000,300.000,300.000,-1,-1,-1,-1,775.000,775.000,-1,-1,2,0,2,0,2,0,0,0,0,2,2,2,2,0,0,2,2
92,794.108,-5303.705,167.567,-23.220,0.919146,0.393917,0.000536,-0.393539,0.918203,0.045069,0.017261,-0.041636,0.998984,0,0.72460,-1.00000,43.476,-2.000,-1,400.000,-1,400.000,-1,325.000,325.000,300.000,300.000,-1,-1,-1,-1,775.000,775.000,-1,-1,2,0,2,0,2,0,0,0,0,2,2,2,2,0,0,2,2
93,833.440,-5322.230,168.405,-25.220,0.904850,0.425730,0.000702,-0.425324,0.903913,0.045164,0.018593,-0.041165,0.998979,0,0.72460,-1.00000,43.476,-2.000,-1,400.000,-1,400.000,-1,325.000,325.000,300.000,300.000,-1,-1,-1,-1,775.000,775.000,-1,-1,2,0,2,0,2,0,0,0,0,2,2,2,2,0,0,2,2
94,872.101,-5342.117,169.292,-27.220,0.889453,0.457026,0.000911,-0.456594,0.888522,0.045284,0.019886,-0.040694,0.998974,0,0.72460,-1.00000,43.476,-2.000,-1,400.000,-1,400.000,-1,325.000,325.000,300.000,300.000,-1,-1,-1,-1,800.000,775.000,-1,-1,2,0,2,0,2,0,0,0,0,2,2,2,2,0,0,2,2
95,910.045,-5363.340,170.227,-29.220,0.872974,0.487765,0.001166,-0.487308,0.872048,0.045424,0.021140,-0.040222,0.998967,0,0.72460,-1.00000,43.476,-2.000,-1,400.000,-1,400.000,-1,325.000,325.000,300.000,300.000,-1,-1,-1,-1,800.000,775.000,-1,-1,2,0,2,0,2,0,0,0,0,2,2,2,2,0,0,2,2
96,947.225,-5385.875,171.208,-31.220,0.855433,0.517912,0.001467,-0.517431,0.854510,0.045585,0.022356,-0.039754,0.998959,0,0.72460,-1.00000,43.476,-2.000,-1,400.000,-1,400.000,-1,325.000,325.000,300.000,300.000,-1,-1,-1,-1,800.000,775.000,-1,-1,2,0,2,0,2,0,0,0,0,2,2,2,2,0,0,2,2
97,983.596,-5409.694,172.233,-33.220,0.836850,0.547429,0.001816,-0.546925,0.835930,0.045763,0.023534,-0.039291,0.998951,0,0.72460,-1.00000,43.476,-2.000,-1,400.000,-1,400.000,-1,325.000,325.000,300.000,300.000,-1,-1,-1,-1,800.000,775.000,-1,-1,2,0,2,0,2,0,0,0,0,2,2,2,2,0,0,2,2
98,1023.151,-5437.370,173.405,-34.980,0.819656,0.572852,0.002222,-0.572332,0.818733,0.045951,0.024503,-0.038936,0.998941,0,0.80460,-0.88000,48.276,-1.760,-1,400.000,-1,400.000,-1,325.000,325.000,300.000,300.000,-1,-1,-1,-1,800.000,750.000,-1,-1,2,0,2,0,2,0,0,0,0,2,2,2,2,0,0,2,2
99,1065.185,-5468.474,174.700,-36.500,0.804185,0.594374,0.002679,-0.593842,0.803257,0.046147,0.025277,-0.038702,0.998931,0,0.87150,-0.76000,52.290,-1.520,-1,400.000,-1,400.000,-1,325.000,325.000,300.000,300.000,-1,-1,-1,-1,800.000,750.000,-1,-1,2,0,2,0,2,0,0,0,0,2,2,2,2,0,0,2,2
100,1106.513,-5500.508,176.007,-37.780,0.790719,0.612171,0.003154,-0.611632,0.789783,0.046368,0.025894,-0.038593,0.998919,0,0.87150,-0.64000,52.290,-1.280,-1,400.000,-1,400.000,-1,325.000,325.000,300.000,300.000,-1,-1,-1,-1,775.000,750.000,-1,-1,2,0,2,0,2,0,0,0,0,2,2,2,2,0,0,2,2
101,1147.254,-5533.287,177.320,-38.820,0.779489,0.626405,0.003640,-0.625861,0.778541,0.046600,0.026357,-0.038602,0.998907,0,0.87150,-0.52000,52.290,-1.040,-1,400.000,-1,400.000,-1,325.000,325.000,300.000,300.000,-1,-1,-1,-1,775.000,750.000,-1,-1,2,0,2,0,2,0,0,0,0,2,2,2,2,0,0,2,2
102,1187.532,-5566.632,178.632,-39.620,0.770678,0.637211,0.004128,-0.636666,0.769716,0.046834,0.026666,-0.038722,0.998894,0,0.87150,-0.40000,52.290,-0.800,-1,400.000,-1,400.000,-1,325.000,325.000,300.000,300.000,-1,-1,-1,-1,775.000,750.000,-1,-1,2,0,2,0,2,0,0,0,0,2,2,2,2,0,0,2,2
103,1227.483,-5600.369,180.047,-40.180,0.764419,0.644705,0.004243,-0.644151,0.763453,0.046993,0.027058,-0.038656,0.998886,0,0.87150,-0.28000,52.290,-0.560,-1,400.000,-1,400.000,-1,325.000,325.000,300.000,300.000,-1,-1,-1,-1,775.000,750.000,-1,-1,2,0,2,0,2,0,0,0,0,2,2,2,2,0,0,2,2
104,1267.245,-5634.328,181.554,-40.500,0.760816,0.648950,0.004765,-0.648404,0.759830,0.047235,0.027033,-0.039027,0.998872,0,0.87150,-0.16000,52.290,-0.320,-1,400.000,-1,400.000,-1,325.000,325.000,300.000,300.000,-1,-1,-1,-1,775.000,750.000,-1,-1,2,0,2,0,2,0,0,0,0,2,2,2,2,0,0,2,2
105,1306.959,-5668.343,183.037,-40.580,0.759918,0.649997,0.005321,-0.649465,0.758907,0.047481,0.026824,-0.039537,0.998858,0,0.87150,-0.04000,52.290,-0.080,-1,400.000,-1,400.000,-1,325.000,325.000,300.000,300.000,-1,-1,-1,-1,800.000,775.000,-1,-1,2,0,2,0,2,0,0,0,0,2,2,2,2,0,0,2,2
106,1346.769,-5702.246,184.487,-40.420,0.761738,0.647859,0.005903,-0.647346,0.760700,0.047728,0.026431,-0.040178,0.998843,0,0.87150,0.08000,52.290,0.160,-1,400.000,-1,400.000,-1,325.000,325.000,300.000,300.000,-1,-1,-1,-1,800.000,775.000,-1,-1,2,0,2,0,2,0,0,0,0,2,2,2,2,0,0,2,2
107,1386.814,-5735.871,185.896,-40.020,0.766248,0.642513,0.006501,-0.642025,0.765181,0.047977,0.025852,-0.040936,0.998827,0,0.87150,0.20000,52.290,0.400,-1,400.000,-1,400.000,-1,325.000,325.000,300.000,300.000,-1,-1,-1,-1,800.000,775.000,-1,-1,2,0,2,0,2,0,0,0,0,2,2,2,2,0,0,2,2
108,1427.232,-5769.046,187.235,-39.380,0.773379,0.633904,0.007026,-0.633445,0.772284,0.048210,0.025135,-0.041735,0.998813,0,0.87150,0.32000,52.290,0.640,-1,400.000,-1,400.000,-1,325.000,325.000,300.000,300.000,-1,-1,-1,-1,800.000,775.000,-1,-1,2,0,2,0,2,0,0,0,0,2,2,2,2,0,0,2,2
109,1468.108,-5801.655,188.515,-38.581,0.782138,0.623060,0.007538,-0.622631,0.781015,0.048437,0.024292,-0.042578,0.998798,0,0.87150,0.39920,52.290,0.798,-1,400.000,-1,400.000,-1,325.000,325.000,300.000,300.000,-1,-1,-1,-1,800.000,775.000,-1,-1,2,0,2,0,2,0,0,0,0,2,2,2,2,0,0,2,2
110,1505.672,-5830.711,189.624,-37.722,0.791388,0.611262,0.007988,-0.610865,0.790239,0.048639,0.023419,-0.043371,0.998785,0,0.79150,0.42942,47.490,0.859,-1,400.000,-1,400.000,-1,325.000,325.000,300.000,300.000,-1,-1,-1,-1,800.000,775.000,-1,-1,2,0,2,0,2,0,0,0,0,2,2,2,2,0,0,2,2
111,1539.827,-5856.321,190.577,-36.864,0.800459,0.599329,0.008374,-0.598962,0.799287,0.048829,0.022572,-0.044102,0.998772,0,0.71150,0.42942,42.690,0.859,-1,400.000,-1,400.000,-1,325.000,325.000,300.000,300.000,-1,-1,-1,-1,800.000,775.000,-1,-1,2,0,2,0,2,0,0,0,0,2,2,2,2,0,0,2,2
112,1573.836,-5881.033,191.459,-36.005,0.809348,0.587264,0.008737,-0.586928,0.808157,0.048955,0.021689,-0.044749,0.998763,0,0.70066,0.42942,42.040,0.859,-1,400.000,-1,400.000,-1,325.000,325.000,300.000,300.000,-1,-1,-1,-1,800.000,775.000,-1,-1,2,0,2,0,2,0,0,0,0,2,2,2,2,0,0,2,2
113,1608.211,-5905.233,192.297,-35.146,0.818055,0.575069,0.009081,-0.574764,0.816847,0.049068,0.020800,-0.045360,0.998754,0,0.70066,0.42942,42.040,0.859,-1,400.000,-1,400.000,-1,325.000,325.000,300.000,300.000,-1,-1,-1,-1,800.000,775.000,-1,-1,2,0,2,0,2,0,0,0,0,2,2,2,2,0,0,2,2
114,1642.945,-5928.915,193.089,-34.287,0.826577,0.562745,0.009406,-0.562472,0.825353,0.049169,0.019906,-0.045932,0.998746,0,0.70066,0.42942,42.040,0.859,-1,400.000,-1,400.000,-1,325.000,325.000,300.000,300.000,-1,-1,-1,-1,800.000,775.000,-1,-1,2,0,2,0,2,0,0,0,0,2,2,2,2,0,0,2,2
115,1678.030,-5952.074,193.837,-33.428,0.834912,0.550297,0.009714,-0.550055,0.833675,0.049256,0.019007,-0.046467,0.998739,0,0.70066,0.42942,42.040,0.859,-1,400.000,-1,400.000,-1,325.000,325.000,300.000,300.000,-1,-1,-1,-1,800.000,800.000,-1,-1,2,0,2,0,2,0,0,0,0,2,2,2,2,0,0,2,2
116,1713.459,-5974.704,194.540,-32.569,0.843060,0.537727,0.010004,-0.537515,0.841810,0.049329,0.018104,-0.046965,0.998732,0,0.70066,0.42942,42.040,0.859,-1,400.000,-1,400.000,-1,325.000,325.000,300.000,300.000,-1,-1,-1,-1,800.000,800.000,-1,-1,2,0,2,0,2,0,0,0,0,2,2,2,2,0,0,2,2
117,1749.222,-5996.801,195.280,-31.711,0.851012,0.525045,0.010329,-0.524873,0.849770,0.048970,0.016935,-0.047095,0.998747,0,0.70066,0.42942,42.040,0.859,-1,400.000,-1,400.000,-1,325.000,325.000,300.000,300.000,-1,-1,-1,-1,800.000,800.000,-1,-1,2,0,2,0,2,0,0,0,0,2,2,2,2,0,0,2,2
118,1785.313,-6018.360,195.969,-30.852,0.858773,0.512246,0.010645,-0.512113,0.857540,0.048629,0.015781,-0.047212,0.998760,0,0.70066,0.42942,42.040,0.859,-1,400.000,-1,400.000,-1,325.000,325.000,300.000,300.000,-1,-1,-1,-1,800.000,800.000,-1,-1,2,0,2,0,2,0,0,0,0,2,2,2,2,0,0,2,2
119,1825.193,-6041.601,196.669,-30.233,0.864245,0.502952,0.010976,-0.502853,0.863020,0.048334,0.014837,-0.047291,0.998771,0,0.76931,0.30942,46.159,0.619,-1,400.000,-1,400.000,-1,325.000,325.000,300.000,300.000,-1,-1,-1,-1,800.000,800.000,-1,-1,2,0,2,0,2,0,0,0,0,2,2,2,2,0,0,2,2
120,1865.300,-6064.579,197.335,-29.810,0.867927,0.496564,0.011302,-0.496493,0.866710,0.048038,0.014058,-0.047305,0.998782,0,0.77039,0.21159,46.223,0.423,-1,400.000,-1,400.000,-1,325.000,325.000,300.000,300.000,-1,-1,-1,-1,800.000,800.000,-1,-1,2,0,2,0,2,0,0,0,0,2,2,2,2,0,0,2,2
121,1905.621,-6087.292,197.933,-29.393,0.871509,0.490238,0.011786,-0.490202,0.870297,0.047805,0.013178,-0.047440,0.998787,0,0.77129,0.20856,46.277,0.417,-1,400.000,-1,400.000,-1,325.000,325.000,300.000,300.000,-1,-1,-1,-1,800.000,800.000,-1,-1,2,0,2,0,2,0,0,0,0,2,2,2,2,0,0,2,2
122,1946.141,-6109.735,198.479,-28.981,0.874994,0.483976,0.012353,-0.483979,0.873784,0.047606,0.012246,-0.047634,0.998790,0,0.77200,0.20556,46.320,0.411,-1,400.000,-1,400.000,-1,325.000,325.000,300.000,300.000,-1,-1,-1,-1,800.000,800.000,-1,-1,2,0,2,0,2,0,0,0,0,2,2,2,2,0,0,2,2
123,1986.846,-6131.906,198.993,-28.576,0.878385,0.477780,0.012912,-0.477820,0.877178,0.047405,0.011324,-0.047810,0.998792,0,0.77254,0.20261,46.352,0.405,-1,400.000,-1,400.000,-1,325.000,325.000,300.000,300.000,-1,-1,-1,-1,800.000,800.000,-1,-1,2,0,2,0,2,0,0,0,0,2,2,2,2,0,0,2,2
124,2027.952,-6153.918,199.476,-28.170,0.881743,0.471538,0.013464,-0.471616,0.880540,0.047202,0.010402,-0.047970,0.998795,0,0.77715,0.20333,46.629,0.407,-1,400.000,-1,400.000,-1,325.000,325.000,300.000,300.000,-1,-1,-1,-1,800.000,800.000,-1,-1,2,0,2,0,2,0,0,0,0,2,2,2,2,0,0,2,2
125,2069.306,-6175.694,199.916,-27.771,0.884994,0.465393,0.013960,-0.465504,0.883798,0.046977,0.009524,-0.048073,0.998798,0,0.77896,0.19951,46.737,0.399,-1,400.000,-1,400.000,-1,325.000,325.000,300.000,300.000,-1,-1,-1,-1,800.000,800.000,-1,-1,2,0,2,0,2,0,0,0,0,2,2,2,2,0,0,2,2
126,2110.892,-6197.231,200.327,-27.379,0.888140,0.459345,0.014459,-0.459491,0.886951,0.046752,0.008651,-0.048166,0.998802,0,0.78054,0.19561,46.832,0.391,-1,400.000,-1,400.000,-1,325.000,325.000,300.000,300.000,-1,-1,-1,-1,800.000,800.000,-1,-1,2,0,2,0,2,0,0,0,0,2,2,2,2,0,0,2,2
127,2152.694,-6218.526,200.666,-26.996,0.891180,0.453403,0.014986,-0.453585,0.890007,0.046340,0.007673,-0.048095,0.998813,0,0.78188,0.19165,46.913,0.383,-1,400.000,-1,400.000,-1,325.000,325.000,300.000,300.000,-1,-1,-1,-1,800.000,800.000,-1,-1,2,0,2,0,2,0,0,0,0,2,2,2,2,0,0,2,2
128,2194.693,-6239.577,200.965,-26.621,0.894116,0.447567,0.015516,-0.447786,0.892963,0.045881,0.006680,-0.047971,0.998826,0,0.78299,0.18763,46.980,0.375,-1,400.000,-1,400.000,-1,325.000,325.000,300.000,300.000,-1,-1,-1,-1,800.000,800.000,-1,-1,2,0,2,0,2,0,0,0,0,2,2,2,2,0,0,2,2
129,2236.873,-6260.381,201.233,-26.254,0.896951,0.441838,0.016038,-0.442093,0.895819,0.045423,0.005702,-0.047832,0.998839,0,0.78387,0.18357,47.032,0.367,-1,400.000,-1,400.000,-1,325.000,325.000,300.000,300.000,-1,-1,-1,-1,800.000,800.000,-1,-1,2,0,2,0,2,0,0,0,0,2,2,2,2,0,0,2,2
130,2279.217,-6280.938,201.471,-25.895,0.899687,0.436221,0.016553,-0.436509,0.898576,0.044965,0.004741,-0.047680,0.998851,0,0.78450,0.17948,47.070,0.359,-1,400.000,-1,400.000,-1,325.000,325.000,300.000,300.000,-1,-1,-1,-1,775.000,800.000,-1,-1,2,0,2,0,2,0,0,0,0,2,2,2,2,0,0,2,2
131,2321.708,-6301.244,201.679,-25.544,0.902327,0.430715,0.017060,-0.431036,0.901236,0.044508,0.003795,-0.047515,0.998863,0,0.78489,0.17537,47.094,0.351,-1,400.000,-1,400.000,-1,325.000,325.000,300.000,300.000,-1,-1,-1,-1,775.000,800.000,-1,-1,2,0,2,0,2,0,0,0,0,2,2,2,2,0,0,2,2
132,2364.328,-6321.301,201.859,-25.201,0.904871,0.425323,0.017560,-0.425676,0.903803,0.044052,0.002866,-0.047336,0.998875,0,0.78506,0.17127,47.103,0.343,-1,400.000,-1,400.000,-1,325.000,325.000,300.000,300.000,-1,-1,-1,-1,775.000,800.000,-1,-1,2,0,2,0,2,0,0,0,0,2,2,2,2,0,0,2,2
133,2407.060,-6341.107,202.010,-24.867,0.907324,0.420045,0.018050,-0.420428,0.906278,0.043595,0.001954,-0.047144,0.998886,0,0.78499,0.16719,47.100,0.334,-1,400.000,-1,400.000,-1,325.000,325.000,300.000,300.000,-1,-1,-1,-1,775.000,800.000,-1,-1,2,0,2,0,2,0,0,0,0,2,2,2,2,0,0,2,2
134,2449.890,-6360.662,202.138,-24.541,0.909687,0.414882,0.018510,-0.415293,0.908665,0.043127,0.001073,-0.046919,0.998898,0,0.78471,0.16314,47.082,0.326,-1,400.000,-1,400.000,-1,325.000,325.000,300.000,300.000,-1,-1,-1,-1,775.000,800.000,-1,-1,2,0,2,0,2,0,0,0,0,2,2,2,2,0,0,2,2
135,2492.800,-6379.966,202.216,-24.222,0.911968,0.409823,0.018937,-0.410261,0.910965,0.042767,0.000276,-0.046772,0.998906,0,0.78421,0.15936,47.052,0.319,-1,400.000,-1,400.000,-1,325.000,325.000,300.000,300.000,-1,-1,-1,-1,775.000,800.000,-1,-1,2,0,2,0,2,0,0,0,0,2,2,2,2,0,0,2,2
136,2535.776,-6399.018,202.234,-23.908,0.914189,0.404828,0.019314,-0.405288,0.913197,0.042571,-0.000404,-0.046746,0.998907,0,0.78351,0.15692,47.010,0.314,-1,400.000,-1,400.000,-1,325.000,325.000,300.000,300.000,-1,-1,-1,-1,775.000,800.000,-1,-1,2,0,2,0,2,0,0,0,0,2,2,2,2,0,0,2,2
137,2578.806,-6417.816,202.202,-23.599,0.916349,0.399890,0.019795,-0.400378,0.915367,0.042431,-0.001152,-0.046807,0.998903,0,0.78261,0.15470,46.957,0.309,-1,400.000,-1,400.000,-1,325.000,325.000,300.000,300.000,-1,-1,-1,-1,775.000,800.000,-1,-1,2,0,2,0,2,0,0,0,0,2,2,2,2,0,0,2,2
138,2621.877,-6436.359,202.138,-23.293,0.918455,0.395004,0.020298,-0.395520,0.917482,0.042304,-0.001913,-0.046883,0.998899,0,0.78154,0.15269,46.893,0.305,-1,400.000,-1,400.000,-1,325.000,325.000,300.000,300.000,-1,-1,-1,-1,775.000,800.000,-1,-1,2,0,2,0,2,0,0,0,0,2,2,2,2,0,0,2,2
