timestep,x_cm,y_cm,z_cm,yaw_deg,basis_xx,basis_xy,basis_xz,basis_yx,basis_yy,basis_yz,basis_zx,basis_zy,basis_zz,teleport_flag,throttle_cmd,steering_cmd,cmd_move_cm,cmd_turn_deg,lidar_cm_0,lidar_cm_1,lidar_cm_2,lidar_cm_3,lidar_cm_4,lidar_cm_5,lidar_cm_6,lidar_cm_7,lidar_cm_8,lidar_cm_9,lidar_cm_10,lidar_cm_11,lidar_cm_12,lidar_cm_13,lidar_cm_14,lidar_cm_15,lidar_cm_16,lidar_class_0,lidar_class_1,lidar_class_2,lidar_class_3,lidar_class_4,lidar_class_5,lidar_class_6,lidar_class_7,lidar_class_8,lidar_class_9,lidar_class_10,lidar_class_11,lidar_class_12,lidar_class_13,lidar_class_14,lidar_class_15,lidar_class_16
0,7543.224,4263.550,93.394,-78.455,0.198707,0.979742,0.024927,-0.976047,0.200128,-0.085329,-0.088589,-0.007375,0.996041,1,0.00000,0.00000,4.800,-0.240,-1,375.000,-1,375.000,-1,325.000,325.000,300.000,300.000,-1,525.000,475.000,-1,650.000,650.000,-1,-1,2,0,2,0,2,0,0,0,0,2,0,0,2,0,0,2,2
1,7544.165,4258.843,92.968,-78.695,0.194596,0.980569,0.024818,-0.976898,0.196022,-0.085124,-0.088335,-0.007680,0.996061,0,0.08000,-0.12000,4.800,-0.240,-1,375.000,-1,375.000,-1,325.000,325.000,300.000,300.000,-1,550.000,475.000,-1,650.000,650.000,-1,-1,2,0,2,0,2,0,0,0,0,2,0,0,2,0,0,2,2
2,7545.968,4249.414,92.116,-79.175,0.186365,0.982172,0.024610,-0.978547,0.187800,-0.084712,-0.087824,-0.008294,0.996101,0,0.16000,-0.24000,9.600,-0.480,-1,375.000,-1,375.000,-1,325.000,325.000,300.000,300.000,-1,550.000,500.000,-1,650.000,650.000,-1,-1,2,0,2,0,2,0,0,0,0,2,0,0,2,0,0,2,2
3,7548.496,4235.238,90.840,-79.892,0.174046,0.984437,0.024320,-0.980883,0.175495,-0.084087,-0.087046,-0.009220,0.996162,0,0.24000,-0.35844,14.400,-0.717,-1,375.000,-1,375.000,-1,325.000,325.000,300.000,300.000,-1,550.000,500.000,-1,650.000,650.000,-1,-1,2,0,2,0,2,0,0,0,0,2,0,0,2,0,0,2,2
4,7551.628,4216.295,89.135,-80.610,0.161698,0.986549,0.023965,-0.983083,0.163152,-0.083236,-0.086027,-0.010101,0.996242,0,0.32000,-0.35875,19.200,-0.718,-1,375.000,-1,375.000,-1,325.000,325.000,300.000,300.000,-1,550.000,500.000,-1,650.000,650.000,-1,-1,2,0,2,0,2,0,0,0,0,2,0,0,2,0,0,2,2
5,7555.247,4192.570,87.004,-81.328,0.149318,0.988508,0.023564,-0.985149,0.150769,-0.082158,-0.084767,-0.010947,0.996341,0,0.40000,-0.35918,24.000,-0.718,-1,375.000,-1,375.000,-1,325.000,325.000,300.000,300.000,-1,575.000,500.000,-1,650.000,650.000,-1,-1,2,0,2,0,2,0,0,0,0,2,0,0,2,0,0,2,2
6,7559.232,4164.047,84.449,-82.047,0.136902,0.990314,0.023133,-0.987079,0.138344,-0.080851,-0.083269,-0.011766,0.996458,0,0.48000,-0.35973,28.800,-0.719,-1,375.000,-1,375.000,-1,325.000,325.000,300.000,300.000,-1,575.000,500.000,-1,650.000,650.000,-1,-1,2,0,2,0,2,0,0,0,0,2,0,0,2,0,0,2,2
7,7563.462,4130.715,81.472,-82.768,0.124448,0.991967,0.022690,-0.988870,0.125874,-0.079315,-0.081534,-0.012567,0.996591,0,0.56000,-0.36039,33.600,-0.721,-1,375.000,-1,375.000,-1,300.000,300.000,300.000,300.000,-1,575.000,525.000,-1,650.000,650.000,-1,-1,2,0,2,0,2,0,0,0,0,2,0,0,2,0,0,2,2
8,7567.815,4092.563,78.077,-83.490,0.111953,0.993464,0.022251,-0.990523,0.113358,-0.077550,-0.079566,-0.013358,0.996740,0,0.64000,-0.36114,38.400,-0.722,-1,375.000,-1,375.000,-1,300.000,300.000,300.000,300.000,-1,575.000,525.000,-1,650.000,625.000,-1,-1,2,0,2,0,2,0,0,0,0,2,0,0,2,0,0,2,2
9,7572.170,4049.583,74.267,-84.214,0.099414,0.994807,0.021834,-0.992034,0.100796,-0.075556,-0.077364,-0.014149,0.996903,0,0.72000,-0.36197,43.200,-0.724,-1,375.000,-1,375.000,-1,300.000,300.000,300.000,300.000,-1,575.000,500.000,-1,650.000,625.000,-1,-1,2,0,2,0,2,0,0,0,0,2,0,0,2,0,0,2,2
10,7576.403,4001.771,70.046,-84.940,0.086833,0.995992,0.021454,-0.993401,0.088187,-0.073333,-0.074931,-0.014945,0.997077,0,0.80000,-0.36286,48.000,-0.726,-1,375.000,-1,350.000,-1,300.000,300.000,300.000,300.000,-1,525.000,475.000,-1,625.000,625.000,-1,-1,2,0,2,0,2,0,0,0,0,2,0,0,2,0,0,2,2
11,7580.275,3950.667,65.668,-85.668,0.074168,0.997012,0.021587,-0.994594,0.075531,-0.071256,-0.072674,-0.016186,0.997224,0,0.85417,-0.36377,51.250,-0.728,-1,350.000,-1,350.000,-1,300.000,300.000,300.000,300.000,-1,475.000,450.000,-1,625.000,625.000,-1,-1,2,0,2,0,2,0,0,0,0,2,0,0,2,0,0,2,2
12,7583.496,3899.530,62.434,-86.397,0.061359,0.997843,0.023339,-0.995656,0.062832,-0.068716,-0.070034,-0.019022,0.997363,0,0.85398,-0.36465,51.239,-0.729,-1,350.000,-1,350.000,-1,300.000,300.000,300.000,300.000,-1,475.000,475.000,-1,625.000,625.000,-1,-1,2,0,2,0,2,0,0,0,0,2,0,0,2,0,0,2,2
13,7586.063,3848.369,59.798,-87.128,0.048698,0.998553,0.022798,-0.996594,0.050098,-0.065506,-0.066553,-0.019530,0.997592,0,0.85376,-0.36543,51.226,-0.731,-1,350.000,-1,350.000,-1,300.000,300.000,300.000,300.000,-1,475.000,475.000,-1,650.000,650.000,-1,-1,2,0,2,0,2,0,0,0,0,2,0,0,2,0,0,2,2
14,7587.975,3797.194,57.173,-87.860,0.036001,0.999101,0.022376,-0.997361,0.037333,-0.062273,-0.063053,-0.020075,0.997808,0,0.85352,-0.36610,51.211,-0.732,-1,375.000,-1,375.000,-1,300.000,300.000,300.000,300.000,-1,450.000,475.000,-1,650.000,650.000,-1,-1,2,0,2,0,2,0,0,0,0,2,0,0,2,0,0,2,2
15,7589.232,3746.014,54.560,-88.593,0.023274,0.999485,0.022074,-0.997955,0.024542,-0.059024,-0.059536,-0.020655,0.998012,0,0.85326,-0.36668,51.196,-0.733,-1,375.000,-1,375.000,-1,300.000,300.000,300.000,300.000,-1,450.000,475.000,-1,650.000,650.000,-1,-1,2,0,2,0,2,0,0,0,0,2,0,0,2,0,0,2,2
16,7589.832,3694.839,51.959,-89.328,0.010524,0.999705,0.021887,-0.998375,0.011731,-0.055765,-0.056006,-0.021265,0.998204,0,0.85299,-0.36714,51.179,-0.734,-1,375.000,-1,375.000,-1,300.000,300.000,325.000,300.000,-1,450.000,500.000,-1,625.000,650.000,-1,-1,2,0,2,0,2,0,0,0,0,2,0,0,2,0,0,2,2
17,7589.776,3643.677,49.371,-90.063,-0.002243,0.999760,0.021815,-0.998620,-0.001094,-0.052502,-0.052465,-0.021903,0.998383,0,0.85270,-0.36751,51.162,-0.735,-1,375.000,-1,375.000,-1,300.000,300.000,325.000,300.000,-1,450.000,500.000,-1,625.000,650.000,-1,-1,2,0,2,0,2,0,0,0,0,2,0,0,2,0,0,2,2
18,7589.064,3592.538,46.795,-90.798,-0.015019,0.999648,0.021854,-0.998690,-0.013928,-0.049240,-0.048918,-0.022565,0.998548,0,0.85240,-0.36777,51.144,-0.736,-1,375.000,-1,375.000,-1,300.000,300.000,325.000,300.000,-1,450.000,475.000,-1,625.000,675.000,-1,-1,2,0,2,0,2,0,0,0,0,2,0,0,2,0,0,2,2
19,7587.695,3541.431,44.232,-91.534,-0.027799,0.999371,0.022002,-0.998584,-0.026765,-0.045985,-0.045367,-0.023249,0.998700,0,0.85210,-0.36793,51.126,-0.736,-1,375.000,-1,375.000,-1,300.000,325.000,325.000,300.000,-1,450.000,475.000,-1,625.000,675.000,-1,-1,2,0,2,0,2,0,0,0,0,2,0,0,2,0,0,2,2
20,7585.671,3490.364,41.683,-92.270,-0.040577,0.998929,0.022254,-0.998301,-0.039599,-0.042742,-0.041815,-0.023951,0.998838,0,0.85179,-0.36798,51.107,-0.736,-1,375.000,-1,375.000,-1,300.000,300.000,300.000,300.000,-1,425.000,475.000,-1,625.000,675.000,-1,-1,2,0,2,0,2,0,0,0,0,2,0,0,2,0,0,2,2
21,7582.992,3439.346,39.148,-93.006,-0.053344,0.998320,0.022608,-0.997843,-0.052424,-0.039516,-0.038265,-0.024667,0.998963,0,0.85148,-0.36794,51.089,-0.736,-1,375.000,-1,375.000,-1,300.000,300.000,300.000,300.000,-1,375.000,425.000,-1,625.000,700.000,-1,-1,2,0,2,0,2,0,0,0,0,2,0,0,2,0,0,2,2
22,7579.659,3388.384,36.627,-93.742,-0.066096,0.997547,0.023060,-0.997209,-0.065235,-0.036313,-0.034720,-0.025395,0.999074,0,0.85118,-0.36778,51.071,-0.736,-1,375.000,-1,375.000,-1,300.000,300.000,300.000,300.000,-1,350.000,375.000,-1,625.000,700.000,-1,-1,2,0,2,0,2,0,0,0,0,2,0,0,2,0,0,2,2
23,7575.674,3337.487,34.121,-94.477,-0.078826,0.996609,0.023605,-0.996401,-0.078025,-0.033137,-0.031183,-0.026132,0.999172,0,0.85088,-0.36753,51.053,-0.735,1000.000,375.000,-1,375.000,-1,300.000,300.000,300.000,300.000,-1,325.000,350.000,-1,625.000,700.000,-1,-1,1,0,2,0,2,0,0,0,0,2,0,0,2,0,0,2,2
24,7571.039,3286.662,32.025,-95.211,-0.091497,0.995549,0.022591,-0.995405,-0.090793,-0.030415,-0.028228,-0.025270,0.999282,0,0.85060,-0.36717,51.036,-0.734,-1,375.000,-1,375.000,-1,300.000,300.000,300.000,300.000,-1,325.000,325.000,-1,650.000,725.000,-1,-1,2,0,2,0,2,0,0,0,0,2,0,0,2,0,0,2,2
25,7565.754,3235.917,30.915,-95.944,-0.104121,0.994357,0.020337,-0.994231,-0.103535,-0.028014,-0.025750,-0.023137,0.999401,0,0.85033,-0.36671,51.020,-0.733,-1,375.000,-1,375.000,-1,300.000,300.000,300.000,300.000,-1,350.000,350.000,-1,650.000,725.000,-1,-1,2,0,2,0,2,0,0,0,0,2,0,0,2,0,0,2,2
26,7559.764,3184.788,30.173,-96.681,-0.116833,0.992960,0.019529,-0.992877,-0.116316,-0.025793,-0.023340,-0.022403,0.999477,0,0.85799,-0.36844,51.479,-0.737,-1,375.000,-1,375.000,-1,300.000,300.000,300.000,300.000,-1,375.000,375.000,-1,650.000,750.000,-1,-1,2,0,2,0,2,0,0,0,0,2,0,0,2,0,0,2,2
27,7553.113,3133.734,29.426,-97.422,-0.129602,0.991388,0.018784,-0.991344,-0.129149,-0.023620,-0.020990,-0.021682,0.999545,0,0.85808,-0.37047,51.485,-0.741,-1,375.000,-1,375.000,-1,300.000,325.000,300.000,300.000,-1,400.000,400.000,-1,675.000,750.000,-1,-1,2,0,2,0,2,0,0,0,0,2,0,0,2,0,0,2,2
28,7545.796,3081.993,28.662,-98.049,-0.140382,0.989932,0.018099,-0.989920,-0.139988,-0.021478,-0.018728,-0.020932,0.999605,0,0.87094,-0.31337,52.256,-0.627,-1,375.000,-1,400.000,-1,300.000,325.000,325.000,300.000,-1,450.000,425.000,-1,675.000,775.000,-1,-1,2,0,2,0,2,0,0,0,0,2,0,0,2,0,0,2,2
29,7537.459,3025.780,27.822,-98.436,-0.147005,0.988982,0.017411,-0.988999,-0.146669,-0.019228,-0.016463,-0.020046,0.999664,0,0.94713,-0.19337,56.828,-0.387,-1,375.000,-1,400.000,-1,300.000,325.000,325.000,300.000,-1,475.000,450.000,-1,700.000,800.000,-1,-1,2,0,2,0,2,0,0,0,0,2,0,0,2,0,0,2,2
30,7528.959,2969.464,26.966,-98.582,-0.149487,0.988622,0.016732,-0.988660,-0.149204,-0.017039,-0.014348,-0.019089,0.999715,0,0.94923,-0.07337,56.954,-0.147,-1,375.000,-1,400.000,-1,325.000,325.000,300.000,300.000,-1,500.000,475.000,-1,700.000,825.000,-1,-1,2,0,2,0,2,0,0,0,0,2,0,0,2,0,0,2,2
31,7520.535,2913.022,26.092,-98.489,-0.147831,0.988883,0.016026,-0.988935,-0.147598,-0.014896,-0.012365,-0.018051,0.999761,0,0.95113,0.04663,57.068,0.093,-1,375.000,-1,400.000,-1,325.000,325.000,300.000,300.000,-1,525.000,500.000,-1,700.000,850.000,-1,-1,2,0,2,0,2,0,0,0,0,2,0,0,2,0,0,2,2
32,7512.424,2856.429,25.198,-98.156,-0.142034,0.989744,0.015259,-0.989806,-0.141846,-0.012784,-0.010489,-0.016919,0.999802,0,0.95286,0.16663,57.171,0.333,-1,375.000,-1,400.000,-1,325.000,325.000,300.000,300.000,-1,550.000,525.000,-1,725.000,875.000,-1,-1,2,0,2,0,2,0,0,0,0,2,0,0,2,0,0,2,2
33,7504.866,2799.660,24.286,-97.583,-0.132086,0.991134,0.014401,-0.991200,-0.131939,-0.010689,-0.008694,-0.015686,0.999839,0,0.95449,0.28663,57.269,0.573,-1,375.000,-1,400.000,-1,325.000,325.000,300.000,300.000,-1,575.000,550.000,-1,725.000,900.000,1000.000,-1,2,0,2,0,2,0,0,0,0,2,0,0,2,0,0,1,2
34,7498.104,2742.696,23.355,-96.769,-0.117969,0.992927,0.013423,-0.992993,-0.117861,-0.008594,-0.006951,-0.014343,0.999873,0,0.95608,0.40663,57.365,0.813,-1,400.000,-1,425.000,-1,325.000,325.000,300.000,300.000,-1,575.000,550.000,-1,750.000,900.000,975.000,-1,2,0,2,0,2,0,0,0,0,2,0,0,2,0,1,1,2
35,7492.381,2685.521,22.407,-95.716,-0.099665,0.994945,0.012302,-0.995007,-0.099591,-0.006484,-0.005226,-0.012887,0.999903,0,0.95767,0.52663,57.460,1.053,975.000,400.000,-1,425.000,-1,325.000,325.000,300.000,300.000,-1,550.000,500.000,-1,750.000,925.000,925.000,-1,1,0,2,0,2,0,0,0,0,2,0,0,2,1,1,1,2
36,7487.528,2626.274,21.601,-94.682,-0.081665,0.996608,0.010178,-0.996651,-0.081617,-0.005079,-0.004231,-0.010558,0.999935,0,0.99077,0.51716,59.446,1.034,950.000,400.000,-1,425.000,-1,325.000,325.000,300.000,300.000,-1,550.000,475.000,-1,725.000,900.000,875.000,-1,1,0,2,0,2,0,0,0,0,2,0,0,2,1,1,1,2
37,7484.010,2571.179,21.070,-93.654,-0.063771,0.997932,0.008063,-0.997951,-0.063726,-0.005686,-0.005161,-0.008409,0.999951,0,0.92012,0.51398,55.207,1.028,900.000,400.000,-1,425.000,-1,325.000,325.000,300.000,300.000,-1,625.000,525.000,-1,675.000,875.000,825.000,-1,1,0,2,0,2,0,0,0,0,2,0,0,2,1,1,1,2
38,7481.460,2515.592,20.500,-92.627,-0.045865,0.998931,0.005841,-0.998927,-0.045825,-0.006734,-0.006459,-0.006143,0.999960,0,0.92741,0.51364,55.645,1.027,850.000,400.000,-1,425.000,-1,325.000,325.000,300.000,300.000,-1,700.000,600.000,-1,650.000,825.000,775.000,-1,1,0,2,0,2,0,0,0,0,2,0,0,2,1,1,1,2
39,7479.893,2459.527,19.912,-91.600,-0.027957,0.999603,0.003616,-0.999580,-0.027929,-0.007756,-0.007652,-0.003831,0.999963,0,0.93478,0.51307,56.087,1.026,800.000,400.000,950.000,425.000,-1,325.000,325.000,300.000,300.000,-1,800.000,650.000,-1,600.000,775.000,725.000,-1,1,0,1,0,2,0,0,0,0,2,0,0,2,1,1,1,2
40,7479.325,2402.997,19.314,-90.576,-0.010064,0.999948,0.001391,-0.999911,-0.010052,-0.008751,-0.008736,-0.001479,0.999961,0,0.94221,0.51224,56.533,1.024,750.000,375.000,875.000,425.000,-1,325.000,325.000,300.000,300.000,-1,900.000,725.000,-1,575.000,725.000,675.000,-1,1,0,1,0,2,0,0,0,0,2,0,0,2,1,1,1,2
41,7479.768,2346.016,18.712,-89.554,0.007798,0.999969,-0.000832,-0.999922,0.007790,-0.009715,-0.009709,0.000907,0.999952,0,0.94971,0.51114,56.983,1.022,700.000,375.000,775.000,425.000,-1,325.000,325.000,300.000,300.000,-1,975.000,800.000,-1,525.000,650.000,625.000,-1,1,0,1,0,2,0,0,0,0,2,0,0,2,1,1,1,2
42,7481.238,2288.599,18.112,-88.534,0.025615,0.999667,-0.003049,-0.999616,0.025581,-0.010648,-0.010567,0.003320,0.999939,0,0.95726,0.50975,57.436,1.020,650.000,375.000,700.000,400.000,-1,325.000,325.000,300.000,300.000,-1,-1,875.000,-1,500.000,600.000,575.000,-1,1,1,1,1,2,0,0,0,0,2,2,0,2,1,1,1,2
43,7483.745,2230.763,17.522,-87.518,0.043367,0.999045,-0.005258,-0.998995,0.043304,-0.011546,-0.011307,0.005753,0.999920,0,0.96485,0.50805,57.891,1.016,600.000,350.000,625.000,375.000,-1,325.000,325.000,300.000,300.000,-1,-1,925.000,-1,450.000,550.000,525.000,-1,1,1,1,1,2,1,1,0,0,2,2,0,2,1,1,1,2
44,7487.301,2172.522,16.950,-86.506,0.061037,0.998108,-0.007456,-0.998064,0.060941,-0.012406,-0.011928,0.008199,0.999895,0,0.97248,0.50601,58.349,1.012,525.000,325.000,575.000,350.000,-1,275.000,300.000,300.000,300.000,-1,-1,1000.000,-1,425.000,500.000,475.000,-1,1,1,1,1,2,1,1,0,0,2,2,0,2,1,1,1,2
45,7491.916,2113.895,16.402,-85.499,0.078605,0.996859,-0.009641,-0.996828,0.078475,-0.013225,-0.012427,0.010650,0.999866,0,0.98013,0.50360,58.808,1.007,475.000,300.000,500.000,300.000,-1,250.000,250.000,300.000,300.000,-1,-1,-1,-1,375.000,450.000,425.000,-1,1,1,1,1,2,1,1,0,0,2,2,2,2,1,1,1,2
46,7497.600,2054.901,15.887,-84.497,0.096052,0.995306,-0.011810,-0.995294,0.095885,-0.014001,-0.012803,0.013100,0.999832,0,0.98779,0.50077,59.267,1.002,425.000,275.000,450.000,275.000,-1,225.000,225.000,300.000,300.000,-1,-1,-1,-1,350.000,375.000,375.000,625.000,1,1,1,1,2,1,1,0,0,2,2,2,2,1,1,1,1
47,7504.359,1995.560,15.380,-83.502,0.113355,0.993455,-0.014094,-0.993470,0.113149,-0.014648,-0.012957,0.015662,0.999793,0,0.99542,0.49749,59.725,0.995,375.000,225.000,400.000,250.000,-1,200.000,200.000,300.000,300.000,-1,-1,-1,-1,300.000,325.000,325.000,450.000,1,1,1,1,2,1,1,0,0,2,2,2,2,1,1,1,1
48,7512.174,1936.071,18.142,-82.515,0.130280,0.991461,-0.005703,-0.991475,0.130265,-0.002987,-0.002218,0.006043,0.999979,0,1.00000,0.49368,60.000,0.987,325.000,225.000,375.000,225.000,-1,175.000,175.000,300.000,350.000,-1,950.000,825.000,-1,275.000,300.000,275.000,425.000,1,1,1,1,2,1,1,0,0,2,0,0,2,1,1,1,1
49,7521.006,1876.724,24.733,-81.536,0.146993,0.989084,-0.010329,-0.988902,0.147177,0.020289,0.021588,0.007232,0.999741,0,1.00000,0.48929,60.000,0.979,350.000,225.000,375.000,225.000,-1,175.000,175.000,325.000,375.000,-1,375.000,300.000,-1,300.000,300.000,300.000,475.000,1,1,1,1,2,1,1,0,0,2,0,0,2,1,1,1,1
50,-8855.077,-6231.345,89.702,-2.838,0.995717,0.049494,-0.078094,-0.051702,0.998311,-0.026499,0.076650,0.030423,0.996594,1,0.00000,0.00000,60.000,0.968,-1,375.000,-1,375.000,-1,300.000,300.000,325.000,325.000,975.000,975.000,-1,-1,875.000,850.000,-1,-1,2,0,2,0,2,0,0,0,0,1,0,2,2,0,0,2,2
51,-8850.282,-6231.562,90.071,-2.598,0.995905,0.045313,-0.078235,-0.047508,0.998521,-0.026425,0.076922,0.030034,0.996585,0,0.08000,0.12000,4.800,0.240,-1,375.000,-1,375.000,-1,300.000,300.000,325.000,325.000,975.000,975.000,-1,-1,875.000,875.000,-1,-1,2,0,2,0,2,0,0,0,0,1,0,2,2,0,0,2,2
52,-8840.688,-6231.918,90.811,-2.118,0.996228,0.036947,-0.078516,-0.039117,0.998889,-0.026280,0.077458,0.029252,0.996566,0,0.16000,0.24000,9.600,0.480,-1,400.000,-1,375.000,-1,300.000,300.000,325.000,325.000,1000.000,950.000,-1,-1,875.000,875.000,-1,-1,2,0,2,0,2,0,0,0,0,1,0,2,2,0,0,2,2
53,-8826.293,-6232.270,91.926,-1.398,0.996581,0.024393,-0.078937,-0.026524,0.999308,-0.026067,0.078247,0.028071,0.996539,0,0.24000,0.36000,14.400,0.720,-1,400.000,-1,375.000,-1,300.000,300.000,325.000,325.000,1000.000,925.000,-1,-1,875.000,875.000,-1,-1,2,0,2,0,2,0,0,0,0,1,0,2,2,0,0,2,2
54,-8807.093,-6232.417,93.421,-0.438,0.996806,0.007647,-0.079498,-0.009726,0.999620,-0.025793,0.079271,0.026484,0.996501,0,0.32000,0.48000,19.200,0.960,-1,400.000,-1,375.000,-1,300.000,300.000,325.000,325.000,1000.000,875.000,975.000,-1,900.000,900.000,-1,-1,2,0,2,0,2,0,0,0,0,1,0,0,2,0,0,2,2
55,-8783.095,-6232.099,95.300,0.762,0.996690,-0.013290,-0.080197,0.011280,0.999612,-0.025468,0.080504,0.024479,0.996454,0,0.40000,0.60000,24.000,1.200,-1,400.000,-1,400.000,-1,325.000,300.000,325.000,325.000,-1,850.000,925.000,-1,900.000,925.000,-1,-1,2,0,2,0,2,0,0,0,0,2,0,0,2,0,0,2,2
56,-8754.316,-6230.993,97.570,2.202,0.995971,-0.038408,-0.081031,0.036484,0.999019,-0.025100,0.081916,0.022043,0.996395,0,0.48000,0.72000,28.800,1.440,-1,400.000,-1,400.000,-1,325.000,325.000,325.000,325.000,-1,800.000,900.000,-1,925.000,950.000,-1,-1,2,0,2,0,2,0,0,0,0,2,0,0,2,0,0,2,2
57,-8720.793,-6228.720,100.236,3.882,0.994332,-0.067684,-0.081997,0.065864,0.997523,-0.024703,0.083466,0.019162,0.996326,0,0.56000,0.84000,33.600,1.680,-1,425.000,-1,400.000,-1,325.000,325.000,325.000,325.000,-1,775.000,850.000,-1,925.000,1000.000,-1,-1,2,0,2,0,2,0,0,0,0,2,0,0,2,0,0,2,2
58,-8682.590,-6224.839,103.300,5.802,0.991403,-0.101073,-0.083089,0.099379,0.994753,-0.024287,0.085108,0.015821,0.996246,0,0.64000,0.96000,38.400,1.920,-1,425.000,-1,425.000,-1,325.000,325.000,300.000,300.000,-1,725.000,800.000,-1,950.000,-1,-1,-1,2,0,2,0,2,0,0,0,0,2,0,0,2,0,2,2,2
59,-8639.785,-6219.006,106.765,7.761,0.987248,-0.135039,-0.084296,0.133483,0.990764,-0.023855,0.086739,0.012298,0.996155,0,0.72000,0.97989,43.200,1.960,-1,425.000,-1,425.000,-1,350.000,325.000,300.000,300.000,-1,675.000,775.000,-1,975.000,-1,-1,-1,2,0,2,0,2,0,0,0,0,2,0,0,2,0,2,2,2
60,-8601.909,-6212.681,109.852,9.481,0.982641,-0.164718,-0.085354,0.163290,0.986298,-0.023504,0.088056,0.009159,0.996073,0,0.64000,0.85989,38.400,1.720,-1,425.000,-1,425.000,-1,350.000,350.000,300.000,300.000,-1,650.000,750.000,-1,1000.000,-1,-1,-1,2,0,2,0,2,0,0,0,0,2,0,0,2,0,2,2,2
61,-8568.922,-6206.293,112.657,10.961,0.977979,-0.190138,-0.086047,0.188863,0.981739,-0.022798,0.088811,0.006045,0.996030,0,0.56000,0.73989,33.600,1.480,-1,450.000,-1,450.000,-1,350.000,350.000,300.000,300.000,-1,650.000,750.000,-1,1000.000,-1,-1,-1,2,0,2,0,2,0,0,0,0,2,0,0,2,0,2,2,2
62,-8540.773,-6200.207,114.724,12.201,0.973726,-0.211336,-0.084821,0.210123,0.977402,-0.023091,0.087784,0.004662,0.996129,0,0.48000,0.61989,28.800,1.240,-1,450.000,-1,450.000,-1,350.000,350.000,300.000,300.000,-1,750.000,850.000,-1,-1,-1,-1,-1,2,0,2,0,2,0,0,0,0,2,0,0,2,2,2,2,2
63,-8517.407,-6194.726,116.399,13.201,0.969980,-0.228359,-0.083607,0.227186,0.973570,-0.023417,0.086745,0.003719,0.996224,0,0.40000,0.49989,24.000,1.000,-1,425.000,-1,450.000,-1,350.000,350.000,300.000,300.000,-1,850.000,975.000,-1,-1,-1,-1,-1,2,0,2,0,2,0,0,0,0,2,0,0,2,2,2,2,2
64,-8498.786,-6190.050,117.741,14.098,0.966357,-0.243575,-0.082620,0.242442,0.969878,-0.023626,0.085886,0.002801,0.996301,0,0.32000,0.44854,19.200,0.897,-1,425.000,-1,450.000,-1,350.000,350.000,300.000,300.000,-1,950.000,-1,-1,-1,-1,-1,-1,2,0,2,0,2,0,0,0,0,2,0,2,2,2,2,2,2
65,-8484.875,-6186.327,118.744,14.985,0.962522,-0.258560,-0.081842,0.257473,0.965994,-0.023751,0.085200,0.001789,0.996362,0,0.24000,0.44348,14.400,0.887,-1,425.000,-1,450.000,-1,350.000,350.000,300.000,300.000,-1,-1,-1,-1,-1,-1,-1,-1,2,0,2,0,2,0,0,0,0,2,2,2,2,2,2,2,2
66,-8475.641,-6183.703,119.409,15.864,0.958473,-0.273357,-0.081274,0.272318,0.961913,-0.023812,0.084688,0.000691,0.996407,0,0.16000,0.43973,9.600,0.879,-1,425.000,-1,450.000,-1,350.000,350.000,300.000,300.000,-1,-1,-1,-1,-1,-1,-1,-1,2,0,2,0,2,0,0,0,0,2,2,2,2,2,2,2,2
67,-8471.045,-6182.320,119.734,16.739,0.954204,-0.288006,-0.080917,0.287019,0.957628,-0.023827,0.084351,-0.000489,0.996436,0,0.08000,0.43727,4.800,0.875,-1,425.000,-1,450.000,-1,350.000,350.000,300.000,300.000,-1,-1,-1,-1,1000.000,-1,-1,-1,2,0,2,0,2,0,0,0,0,2,2,2,2,0,2,2,2
68,-8471.045,-6182.320,119.719,17.611,0.949706,-0.302548,-0.080770,0.301614,0.953133,-0.023814,0.084189,-0.001745,0.996448,0,-0.00000,0.43605,-0.000,0.872,-1,425.000,-1,450.000,-1,350.000,350.000,300.000,300.000,-1,-1,-1,-1,1000.000,-1,-1,-1,2,0,2,0,2,0,0,0,0,2,2,2,2,0,2,2,2
69,-8475.597,-6183.842,119.362,18.483,0.944968,-0.317019,-0.080832,0.316141,0.948414,-0.023787,0.084203,-0.003076,0.996444,0,-0.08000,0.43605,-4.800,0.872,-1,425.000,-1,450.000,-1,350.000,350.000,300.000,300.000,-1,-1,-1,-1,1000.000,-1,-1,-1,2,0,2,0,2,0,0,0,0,2,2,2,2,0,2,2,2
70,-8484.654,-6187.024,118.663,19.357,0.939979,-0.331454,-0.081103,0.330632,0.943461,-0.023759,0.084392,-0.004482,0.996423,0,-0.16000,0.43721,-9.600,0.874,-1,425.000,-1,450.000,-1,350.000,350.000,300.000,300.000,-1,-1,-1,-1,1000.000,-1,-1,-1,2,0,2,0,2,0,0,0,0,2,2,2,2,0,2,2,2
71,-8498.165,-6192.005,117.620,20.236,0.934723,-0.345885,-0.081583,0.345121,0.938258,-0.023742,0.084758,-0.005964,0.996384,0,-0.24000,0.43948,-14.400,0.879,-1,425.000,-1,450.000,-1,350.000,350.000,300.000,300.000,-1,-1,-1,-1,975.000,-1,-1,-1,2,0,2,0,2,0,0,0,0,2,2,2,2,0,2,2,2
72,-8516.075,-6198.924,116.234,21.122,0.929185,-0.360341,-0.082274,0.359637,0.932790,-0.023744,0.085301,-0.007526,0.996327,0,-0.32000,0.44277,-19.200,0.886,-1,425.000,-1,450.000,-1,350.000,350.000,300.000,300.000,-1,-1,-1,-1,975.000,-1,-1,-1,2,0,2,0,2,0,0,0,0,2,2,2,2,0,2,2,2
73,-8535.725,-6206.869,114.702,22.016,0.923359,-0.374846,-0.083058,0.374204,0.927042,-0.023768,0.085908,-0.009134,0.996261,0,-0.35326,0.44700,-21.196,0.894,-1,425.000,-1,450.000,-1,350.000,350.000,300.000,300.000,-1,-1,-1,-1,975.000,-1,-1,-1,2,0,2,0,2,0,0,0,0,2,2,2,2,0,2,2,2
74,-8555.296,-6215.144,113.166,22.919,0.917242,-0.389403,-0.083854,0.388823,0.921005,-0.023811,0.086502,-0.010764,0.996194,0,-0.35414,0.45149,-21.248,0.903,-1,425.000,-1,450.000,-1,350.000,350.000,300.000,300.000,-1,-1,-1,-1,975.000,-1,-1,-1,2,0,2,0,2,0,0,0,0,2,2,2,2,0,2,2,2
75,-8570.315,-6221.850,111.974,24.062,0.909209,-0.407688,-0.084430,0.407187,0.913033,-0.023863,0.086816,-0.012682,0.996144,0,-0.27414,0.57149,-16.448,1.143,-1,425.000,-1,450.000,-1,350.000,350.000,300.000,300.000,-1,1000.000,-1,-1,975.000,-1,-1,-1,2,0,2,0,2,0,0,0,0,2,0,2,2,0,2,2,2
76,-8580.850,-6226.819,111.128,25.252,0.900478,-0.426553,-0.084810,0.426132,0.904345,-0.023915,0.086898,-0.014605,0.996110,0,-0.19414,0.59505,-11.648,1.190,-1,425.000,-1,450.000,-1,350.000,350.000,300.000,300.000,-1,975.000,-1,-1,975.000,-1,-1,-1,2,0,2,0,2,0,0,0,0,2,0,2,2,0,2,2,2
77,-8586.982,-6229.869,110.632,26.446,0.891339,-0.445297,-0.084999,0.444957,0.895232,-0.023955,0.086761,-0.016469,0.996093,0,-0.11414,0.59717,-6.848,1.194,-1,425.000,-1,450.000,-1,350.000,350.000,300.000,300.000,-1,1000.000,-1,-1,950.000,-1,-1,-1,2,0,2,0,2,0,0,0,0,2,0,2,2,0,2,2,2
78,-8588.797,-6230.819,110.483,27.643,0.881810,-0.463882,-0.085001,0.463622,0.885709,-0.023968,0.086404,-0.018273,0.996093,0,-0.03414,0.59835,-2.048,1.197,-1,425.000,-1,450.000,-1,350.000,350.000,300.000,300.000,-1,-1,-1,-1,950.000,-1,-1,-1,2,0,2,0,2,0,0,0,0,2,2,2,2,0,2,2,2
79,-8586.387,-6229.492,110.682,28.840,0.871905,-0.482273,-0.084820,0.482094,0.875792,-0.023939,0.085830,-0.020018,0.996109,0,0.04586,0.59868,2.752,1.197,-1,425.000,-1,450.000,-1,350.000,350.000,300.000,300.000,-1,-1,-1,-1,950.000,-1,-1,-1,2,0,2,0,2,0,0,0,0,2,2,2,2,0,2,2,2
80,-8579.850,-6225.712,111.227,30.037,0.861643,-0.500438,-0.084465,0.500340,0.865500,-0.023853,0.085041,-0.021708,0.996141,0,0.12586,0.59826,7.552,1.197,-1,425.000,-1,450.000,-1,350.000,350.000,300.000,300.000,-1,-1,-1,-1,950.000,-1,-1,-1,2,0,2,0,2,0,0,0,0,2,2,2,2,0,2,2,2
81,-8569.288,-6219.307,112.114,31.231,0.851039,-0.518349,-0.083946,0.518333,0.854850,-0.023693,0.084042,-0.023349,0.996189,0,0.20586,0.59714,12.352,1.194,-1,425.000,-1,450.000,-1,350.000,350.000,300.000,300.000,-1,-1,-1,-1,950.000,-1,-1,-1,2,0,2,0,2,0,0,0,0,2,2,2,2,0,2,2,2
82,-8554.811,-6210.111,113.342,32.422,0.840112,-0.535982,-0.083277,0.536050,0.843861,-0.023440,0.082838,-0.024949,0.996251,0,0.28586,0.59539,17.152,1.191,-1,425.000,-1,450.000,-1,350.000,350.000,300.000,300.000,-1,-1,-1,-1,950.000,-1,-1,-1,2,0,2,0,2,0,0,0,0,2,2,2,2,0,2,2,2
83,-8536.529,-6197.961,114.859,33.608,0.828899,-0.553315,-0.082273,0.553458,0.832555,-0.023142,0.081302,-0.026352,0.996341,0,0.36586,0.59306,21.952,1.186,-1,425.000,-1,425.000,-1,350.000,350.000,300.000,300.000,-1,-1,-1,-1,950.000,-1,-1,-1,2,0,2,0,2,0,0,0,0,2,2,2,2,0,2,2,2
84,-8514.559,-6182.698,116.636,34.788,0.817428,-0.570331,-0.080840,0.570537,0.820955,-0.022802,0.079371,-0.027484,0.996466,0,0.44586,0.59018,26.752,1.180,-1,425.000,-1,425.000,-1,325.000,350.000,300.000,300.000,-1,-1,-1,-1,925.000,-1,-1,-1,2,0,2,0,2,0,0,0,0,2,2,2,2,0,2,2,2
85,-8489.022,-6164.169,118.724,35.962,0.805693,-0.587007,-0.079253,0.587278,0.809078,-0.022308,0.077216,-0.028570,0.996605,0,0.52586,0.58678,31.552,1.174,-1,425.000,-1,425.000,-1,325.000,350.000,300.000,300.000,-1,-1,-1,-1,925.000,-1,-1,-1,2,0,2,0,2,0,0,0,0,2,2,2,2,0,2,2,2
86,-8460.040,-6142.227,121.114,37.128,0.793716,-0.603327,-0.077540,0.603666,0.796943,-0.021637,0.074849,-0.029634,0.996754,0,0.60586,0.58285,36.352,1.166,-1,425.000,-1,425.000,-1,325.000,350.000,300.000,300.000,-1,-1,-1,-1,925.000,-1,-1,-1,2,0,2,0,2,0,0,0,0,2,2,2,2,0,2,2,2
87,-8427.739,-6116.731,123.839,38.284,0.781531,-0.619276,-0.075538,0.619679,0.784579,-0.020814,0.072155,-0.030543,0.996926,0,0.68586,0.57840,41.152,1.157,-1,400.000,-1,425.000,-1,325.000,350.000,300.000,300.000,-1,-1,-1,-1,900.000,-1,-1,-1,2,0,2,0,2,0,0,0,0,2,2,2,2,0,2,2,2
88,-8392.247,-6087.545,126.963,39.431,0.769192,-0.634845,-0.072908,0.635292,0.772016,-0.019884,0.068909,-0.031023,0.997140,0,0.76586,0.57340,45.952,1.147,-1,400.000,-1,425.000,-1,325.000,350.000,300.000,300.000,-1,-1,-1,-1,900.000,1000.000,-1,-1,2,0,2,0,2,0,0,0,0,2,2,2,2,0,0,2,2
89,-8355.340,-6056.203,130.222,40.338,0.759258,-0.646979,-0.070325,0.647461,0.761867,-0.018790,0.065735,-0.031267,0.997347,0,0.80699,0.45340,48.419,0.907,-1,400.000,-1,425.000,-1,325.000,325.000,300.000,300.000,-1,-1,-1,-1,900.000,975.000,-1,-1,2,0,2,0,2,0,0,0,0,2,2,2,2,0,0,2,2
90,-8318.748,-6024.389,133.452,41.005,0.751874,-0.655800,-0.067914,0.656312,0.754284,-0.017605,0.062772,-0.031336,0.997536,0,0.80815,0.33340,48.489,0.667,-1,400.000,-1,425.000,-1,325.000,325.000,300.000,300.000,-1,-1,-1,-1,900.000,975.000,-1,-1,2,0,2,0,2,0,0,0,0,2,2,2,2,0,0,2,2
91,-8282.340,-5992.255,136.657,41.432,0.747152,-0.661402,-0.065657,0.661937,0.749380,-0.016362,0.060024,-0.031236,0.997708,0,0.80935,0.21340,48.561,0.427,-1,400.000,-1,425.000,-1,325.000,325.000,300.000,325.000,-1,-1,-1,-1,875.000,975.000,-1,-1,2,0,2,0,2,0,0,0,0,2,2,2,2,0,0,2,2
92,-8245.979,-5959.950,139.721,41.618,0.745170,-0.663838,-0.063567,0.664425,0.747215,-0.014465,0.057101,-0.031457,0.997873,0,0.81066,0.09340,48.640,0.187,-1,400.000,-1,425.000,-1,325.000,325.000,300.000,325.000,-1,-1,-1,-1,875.000,975.000,-1,-1,2,0,2,0,2,0,0,0,0,2,2,2,2,0,0,2,2
93,-8209.519,-5927.619,142.635,41.565,0.745962,-0.663131,-0.061625,0.663799,0.747817,-0.011868,0.053954,-0.032054,0.998029,0,0.81217,-0.02660,48.730,-0.053,-1,400.000,-1,400.000,-1,325.000,325.000,300.000,325.000,-1,-1,-1,-1,875.000,975.000,-1,-1,2,0,2,0,2,0,0,0,0,2,2,2,2,0,0,2,2
94,-8172.823,-5895.412,145.523,41.272,0.749514,-0.659285,-0.059762,0.660023,0.751189,-0.009214,0.050967,-0.032538,0.998170,0,0.81375,-0.14660,48.825,-0.293,-1,400.000,-1,400.000,-1,325.000,325.000,300.000,325.000,-1,-1,-1,-1,850.000,950.000,-1,-1,2,0,2,0,2,0,0,0,0,2,2,2,2,0,0,2,2
95,-8135.829,-5863.548,148.383,40.739,0.755779,-0.652258,-0.057943,0.653055,0.757282,-0.006526,0.048136,-0.032908,0.998299,0,0.81375,-0.26660,48.825,-0.533,-1,400.000,-1,400.000,-1,325.000,325.000,300.000,325.000,-1,-1,-1,-1,850.000,950.000,-1,-1,2,0,2,0,2,0,0,0,0,2,2,2,2,0,0,2,2
96,-8098.408,-5832.186,150.993,39.966,0.764656,-0.641992,-0.056101,0.642787,0.766029,-0.004876,0.046106,-0.032333,0.998413,0,0.81375,-0.38660,48.825,-0.773,-1,400.000,-1,400.000,-1,325.000,325.000,300.000,325.000,-1,-1,-1,-1,850.000,950.000,-1,-1,2,0,2,0,2,0,0,0,0,2,2,2,2,0,0,2,2
97,-8060.517,-5801.395,153.177,39.099,0.774396,-0.630368,-0.054281,0.631074,0.775706,-0.005142,0.045348,-0.030273,0.998512,0,0.81375,-0.43349,48.825,-0.867,-1,400.000,-1,425.000,-1,325.000,325.000,300.000,325.000,-1,-1,-1,-1,875.000,950.000,-1,-1,2,0,2,0,2,0,0,0,0,2,2,2,2,0,0,2,2
98,-8022.163,-5771.180,155.367,38.232,0.783951,-0.618593,-0.052574,0.619221,0.785199,-0.005314,0.044569,-0.028389,0.998603,0,0.81375,-0.43349,48.825,-0.867,-1,400.000,-1,425.000,-1,325.000,325.000,300.000,325.000,-1,-1,-1,-1,900.000,975.000,-1,-1,2,0,2,0,2,0,0,0,0,2,2,2,2,0,0,2,2
99,-7983.357,-5741.549,157.562,37.365,0.793318,-0.606670,-0.050975,0.607232,0.794506,-0.005389,0.043769,-0.026679,0.998685,0,0.81375,-0.43349,48.825,-0.867,-1,400.000,-1,425.000,-1,325.000,325.000,300.000,325.000,-1,-1,-1,-1,900.000,1000.000,-1,-1,2,0,2,0,2,0,0,0,0,2,2,2,2,0,0,2,2
100,-7944.108,-5712.509,159.701,36.498,0.802511,-0.594605,-0.049191,0.595102,0.803632,-0.005440,0.042766,-0.024908,0.998775,0,0.81375,-0.43349,48.825,-0.867,-1,400.000,-1,425.000,-1,325.000,325.000,300.000,325.000,-1,-1,-1,-1,925.000,-1,-1,-1,2,0,2,0,2,0,0,0,0,2,2,2,2,0,2,2,2
101,-7904.423,-5684.066,161.505,35.631,0.811591,-0.582417,-0.045950,0.582804,0.812591,-0.005838,0.040739,-0.022041,0.998927,0,0.81375,-0.43349,48.825,-0.867,-1,400.000,-1,425.000,-1,325.000,325.000,300.000,325.000,-1,-1,-1,-1,925.000,1000.000,-1,-1,2,0,2,0,2,0,0,0,0,2,2,2,2,0,0,2,2
102,-7864.312,-5656.226,163.315,34.764,0.820468,-0.570086,-0.042815,0.570381,0.821357,-0.006188,0.038694,-0.019344,0.999064,0,0.81375,-0.43349,48.825,-0.867,-1,425.000,-1,425.000,-1,325.000,325.000,300.000,325.000,-1,-1,-1,-1,925.000,1000.000,-1,-1,2,0,2,0,2,0,0,0,0,2,2,2,2,0,0,2,2
103,-7823.785,-5628.997,165.129,33.897,0.829144,-0.557619,-0.039780,0.557834,0.829927,-0.006488,0.036632,-0.016811,0.999187,0,0.81375,-0.43349,48.825,-0.867,-1,425.000,-1,425.000,-1,325.000,325.000,300.000,325.000,-1,-1,-1,-1,925.000,1000.000,-1,-1,2,0,2,0,2,0,0,0,0,2,2,2,2,0,0,2,2
104,-7782.851,-5602.384,166.937,33.030,0.837613,-0.545017,-0.036899,0.545168,0.838300,-0.006717,0.034593,-0.014490,0.999296,0,0.81375,-0.43349,48.825,-0.867,-1,425.000,-1,425.000,-1,325.000,325.000,300.000,325.000,-1,-1,-1,-1,900.000,1000.000,-1,-1,2,0,2,0,2,0,0,0,0,2,2,2,2,0,0,2,2
105,-7741.518,-5576.393,168.469,32.163,0.845826,-0.532278,-0.035469,0.532409,0.846463,-0.006416,0.033438,-0.013457,0.999350,0,0.81375,-0.43349,48.825,-0.867,-1,425.000,-1,425.000,-1,350.000,350.000,300.000,325.000,-1,-1,-1,-1,900.000,1000.000,-1,-1,2,0,2,0,2,0,0,0,0,2,2,2,2,0,0,2,2
106,-7699.797,-5551.030,170.001,31.296,0.853841,-0.519415,-0.034123,0.519532,0.854430,-0.006015,0.032280,-0.012592,0.999400,0,0.81375,-0.43349,48.825,-0.867,-1,425.000,-1,425.000,-1,350.000,350.000,300.000,325.000,-1,-1,-1,-1,900.000,-1,-1,-1,2,0,2,0,2,0,0,0,0,2,2,2,2,0,2,2,2
107,-7657.697,-5526.302,171.337,30.429,0.861666,-0.506427,-0.032613,0.506560,0.862192,-0.004665,0.030481,-0.012501,0.999457,0,0.81375,-0.43349,48.825,-0.867,-1,425.000,-1,425.000,-1,350.000,350.000,300.000,325.000,-1,-1,-1,-1,900.000,-1,-1,-1,2,0,2,0,2,0,0,0,0,2,2,2,2,0,2,2,2
108,-7615.228,-5502.213,172.405,29.562,0.869317,-0.493324,-0.030330,0.493470,0.869757,-0.002978,0.027849,-0.012378,0.999536,0,0.81375,-0.43349,48.825,-0.867,-1,425.000,-1,425.000,-1,325.000,325.000,300.000,325.000,-1,-1,-1,-1,900.000,1000.000,-1,-1,2,0,2,0,2,0,0,0,0,2,2,2,2,0,0,2,2
109,-7572.399,-5478.770,173.481,28.695,0.876761,-0.480107,-0.028068,0.480264,0.877123,-0.001296,0.025241,-0.012344,0.999605,0,0.81375,-0.43349,48.825,-0.867,-1,425.000,-1,425.000,-1,325.000,325.000,300.000,325.000,-1,-1,-1,-1,875.000,1000.000,-1,-1,2,0,2,0,2,0,0,0,0,2,2,2,2,0,0,2,2
110,-7529.221,-5455.978,174.564,27.828,0.883996,-0.466780,-0.025825,0.466945,0.884286,0.000383,0.022658,-0.012397,0.999666,0,0.81375,-0.43349,48.825,-0.867,-1,400.000,-1,425.000,-1,325.000,325.000,300.000,325.000,-1,-1,-1,-1,875.000,1000.000,-1,-1,2,0,2,0,2,0,0,0,0,2,2,2,2,0,0,2,2
111,-7485.702,-5433.841,175.654,26.961,0.891022,-0.453346,-0.023598,0.453514,0.891247,0.002059,0.020099,-0.012536,0.999719,0,0.81375,-0.43349,48.825,-0.867,-1,400.000,-1,425.000,-1,325.000,325.000,300.000,325.000,-1,-1,-1,-1,875.000,1000.000,-1,-1,2,0,2,0,2,0,0,0,0,2,2,2,2,0,0,2,2
112,-7441.854,-5412.366,176.751,26.094,0.897838,-0.439807,-0.021385,0.439976,0.898002,0.003731,0.017563,-0.012759,0.999764,0,0.81375,-0.43349,48.825,-0.867,-1,400.000,-1,425.000,-1,325.000,325.000,300.000,325.000,-1,-1,-1,-1,850.000,-1,-1,-1,2,0,2,0,2,0,0,0,0,2,2,2,2,0,2,2,2
113,-7397.685,-5391.556,177.855,25.227,0.904441,-0.426167,-0.019184,0.426333,0.904550,0.005399,0.015052,-0.013062,0.999801,0,0.81375,-0.43349,48.825,-0.867,-1,400.000,-1,425.000,-1,325.000,325.000,300.000,325.000,-1,-1,-1,-1,850.000,-1,-1,-1,2,0,2,0,2,0,0,0,0,2,2,2,2,0,2,2,2
114,-7353.207,-5371.418,178.966,24.360,0.910831,-0.412429,-0.016991,0.412588,0.910890,0.007064,0.012563,-0.013444,0.999831,0,0.81375,-0.43349,48.825,-0.867,-1,400.000,-1,425.000,-1,325.000,325.000,300.000,325.000,-1,-1,-1,-1,850.000,-1,-1,-1,2,0,2,0,2,0,0,0,0,2,2,2,2,0,2,2,2
115,-7308.429,-5351.954,179.680,23.493,0.916995,-0.398605,-0.015297,0.398739,0.917039,0.006896,0.011279,-0.012423,0.999859,0,0.81375,-0.43349,48.825,-0.867,-1,400.000,-1,425.000,-1,325.000,350.000,300.000,325.000,-1,-1,-1,-1,850.000,-1,-1,-1,2,0,2,0,2,0,0,0,0,2,2,2,2,0,2,2,2
116,-7263.361,-5333.171,180.197,22.626,0.922956,-0.384691,-0.012829,0.384789,0.922983,0.006261,0.009433,-0.010716,0.999898,0,0.81375,-0.43349,48.825,-0.867,-1,400.000,-1,425.000,-1,325.000,350.000,300.000,325.000,-1,-1,-1,-1,850.000,-1,-1,-1,2,0,2,0,2,0,0,0,0,2,2,2,2,0,2,2,2
117,-7218.015,-5315.071,180.444,21.759,0.928710,-0.370690,-0.009284,0.370744,0.928722,0.004963,0.006782,-0.008051,0.999945,0,0.81375,-0.43349,48.825,-0.867,-1,400.000,-1,425.000,-1,325.000,350.000,325.000,325.000,-1,-1,-1,-1,825.000,-1,-1,-1,2,0,2,0,2,0,0,0,0,2,2,2,2,0,2,2,2
118,-7172.399,-5297.660,180.703,20.892,0.934238,-0.356601,-0.005846,0.356625,0.934241,0.003630,0.004167,-0.005476,0.999976,0,0.81375,-0.43349,48.825,-0.867,-1,400.000,-1,425.000,-1,325.000,350.000,325.000,325.000,-1,-1,-1,-1,825.000,-1,-1,-1,2,0,2,0,2,0,0,0,0,2,2,2,2,0,2,2,2
119,-7122.093,-5279.086,180.798,20.265,0.938097,-0.346360,-0.002889,0.346367,0.938095,0.002641,0.001796,-0.003478,0.999992,0,0.89375,-0.31349,53.625,-0.627,-1,400.000,-1,425.000,-1,325.000,350.000,325.000,325.000,-1,-1,-1,-1,825.000,-1,-1,-1,2,0,2,0,2,0,0,0,0,2,2,2,2,0,2,2,2
120,-7071.332,-5260.733,180.548,19.878,0.940419,-0.340017,-0.000239,0.340016,0.940415,0.003109,-0.000832,-0.003005,0.999995,0,0.89962,-0.19349,53.977,-0.387,-1,400.000,-1,425.000,-1,325.000,325.000,325.000,325.000,-1,-1,-1,-1,825.000,-1,-1,-1,2,0,2,0,2,0,0,0,0,2,2,2,2,0,2,2,2
121,-7020.524,-5242.510,180.181,19.731,0.941285,-0.337603,0.002640,0.337590,0.941283,0.004297,-0.003936,-0.003153,0.999987,0,0.89962,-0.07349,53.977,-0.147,-1,400.000,-1,425.000,-1,325.000,325.000,325.000,325.000,-1,-1,-1,-1,800.000,-1,-1,-1,2,0,2,0,2,0,0,0,0,2,2,2,2,0,2,2,2
122,-6969.745,-5224.205,179.723,19.824,0.940725,-0.339131,0.005262,0.339107,0.940735,0.004891,-0.006609,-0.002816,0.999974,0,0.89962,0.04651,53.977,0.093,-1,400.000,-1,425.000,-1,325.000,325.000,325.000,325.000,-1,-1,-1,-1,800.000,1000.000,-1,-1,2,0,2,0,2,0,0,0,0,2,2,2,2,0,0,2,2
123,-6919.074,-5205.604,179.243,20.157,0.938720,-0.344593,0.007706,0.344561,0.938749,0.005233,-0.009037,-0.002257,0.999957,0,0.89962,0.16651,53.977,0.333,-1,400.000,-1,425.000,-1,325.000,325.000,325.000,325.000,-1,-1,-1,-1,800.000,1000.000,-1,-1,2,0,2,0,2,0,0,0,0,2,2,2,2,0,0,2,2
124,-6868.591,-5186.498,178.804,20.730,0.935205,-0.353965,0.010039,0.353924,0.935257,0.005625,-0.011380,-0.001708,0.999934,0,0.89962,0.28651,53.977,0.573,-1,400.000,-1,425.000,-1,325.000,325.000,300.000,325.000,-1,-1,-1,-1,775.000,975.000,-1,-1,2,0,2,0,2,0,0,0,0,2,2,2,2,0,0,2,2
125,-6818.385,-5166.678,178.410,21.543,0.930062,-0.367200,0.012233,0.367151,0.930141,0.006102,-0.013619,-0.001184,0.999907,0,0.89962,0.40651,53.977,0.813,-1,375.000,-1,425.000,-1,325.000,325.000,300.000,325.000,-1,-1,-1,-1,775.000,975.000,-1,-1,2,0,2,0,2,0,0,0,0,2,2,2,2,0,0,2,2
126,-6768.551,-5145.938,178.065,22.596,0.923127,-0.384232,0.014257,0.384174,0.923236,0.006690,-0.015733,-0.000699,0.999876,0,0.89962,0.52651,53.977,1.053,-1,375.000,-1,425.000,-1,325.000,325.000,300.000,325.000,-1,-1,-1,-1,775.000,975.000,-1,-1,2,0,2,0,2,0,0,0,0,2,2,2,2,0,0,2,2
127,-6719.198,-5124.079,177.774,23.889,0.914190,-0.404967,0.016076,0.404900,0.914331,0.007414,-0.017701,-0.000268,0.999843,0,0.89962,0.64651,53.977,1.293,-1,375.000,-1,425.000,-1,325.000,325.000,300.000,325.000,-1,-1,-1,-1,750.000,975.000,-1,-1,2,0,2,0,2,0,0,0,0,2,2,2,2,0,0,2,2
128,-6670.407,-5100.991,177.168,25.324,0.903741,-0.427732,0.017270,0.427684,0.903905,0.006572,-0.018422,0.001447,0.999829,0,0.89962,0.71732,53.977,1.435,-1,375.000,-1,425.000,-1,325.000,325.000,300.000,325.000,-1,-1,-1,-1,750.000,975.000,-1,-1,2,0,2,0,2,0,0,0,0,2,2,2,2,0,0,2,2
129,-6622.210,-5076.689,176.245,26.758,0.892724,-0.450224,0.018488,0.450225,0.892904,0.004352,-0.018468,0.004439,0.999820,0,0.89962,0.71732,53.977,1.435,-1,400.000,-1,425.000,-1,325.000,325.000,300.000,325.000,-1,-1,-1,-1,750.000,975.000,-1,-1,2,0,2,0,2,0,0,0,0,2,2,2,2,0,0,2,2
130,-6574.637,-5051.187,175.001,28.193,0.881111,-0.472425,0.021386,0.472504,0.881327,0.001548,-0.019579,0.008741,0.999770,0,0.89962,0.71732,53.977,1.435,-1,400.000,-1,425.000,-1,325.000,325.000,325.000,325.000,-1,-1,-1,-1,750.000,950.000,-1,-1,2,0,2,0,2,0,0,0,0,2,2,2,2,0,0,2,2
131,-6527.717,-5024.503,173.851,29.628,0.868943,-0.494321,0.024181,0.494486,0.869185,-0.000980,-0.020534,0.012809,0.999707,0,0.89962,0.71732,53.977,1.435,-1,400.000,-1,425.000,-1,325.000,325.000,325.000,300.000,-1,-1,-1,-1,750.000,950.000,-1,-1,2,0,2,0,2,0,0,0,0,2,2,2,2,0,0,2,2
132,-6481.479,-4996.652,172.799,31.062,0.856229,-0.515898,0.026856,0.516156,0.856488,-0.003236,-0.021333,0.016633,0.999634,0,0.89962,0.71732,53.977,1.435,-1,400.000,-1,400.000,-1,325.000,325.000,325.000,325.000,-1,-1,-1,-1,750.000,925.000,-1,-1,2,0,2,0,2,0,0,0,0,2,2,2,2,0,0,2,2
133,-6435.954,-4967.652,171.589,32.497,0.843014,-0.537156,0.028130,0.537476,0.843265,-0.004792,-0.021147,0.019159,0.999593,0,0.89962,0.71732,53.977,1.435,-1,400.000,-1,400.000,-1,325.000,325.000,325.000,325.000,-1,-1,-1,-1,750.000,925.000,-1,-1,2,0,2,0,2,0,0,0,0,2,2,2,2,0,0,2,2
134,-6391.169,-4937.521,170.420,33.932,0.829285,-0.558077,0.028916,0.558446,0.829519,-0.006054,-0.020607,0.021168,0.999564,0,0.89962,0.71732,53.977,1.435,-1,400.000,-1,400.000,-1,325.000,325.000,325.000,325.000,-1,-1,-1,-1,750.000,925.000,-1,-1,2,0,2,0,2,0,0,0,0,2,2,2,2,0,0,2,2
135,-6347.153,-4906.279,169.364,35.366,0.815041,-0.578648,0.029589,0.579059,0.815254,-0.007168,-0.019975,0.022976,0.999536,0,0.89962,0.71732,53.977,1.435,-1,400.000,-1,400.000,-1,325.000,325.000,325.000,325.000,-1,-1,-1,-1,750.000,925.000,-1,-1,2,0,2,0,2,0,0,0,0,2,2,2,2,0,0,2,2
136,-6303.932,-4873.944,168.092,36.801,0.800263,-0.598861,0.030732,0.599305,0.800489,-0.007164,-0.020311,0.024151,0.999502,0,0.89962,0.71732,53.977,1.435,-1,400.000,-1,400.000,-1,325.000,325.000,325.000,325.000,-1,-1,-1,-1,750.000,900.000,-1,-1,2,0,2,0,2,0,0,0,0,2,2,2,2,0,0,2,2
137,-6261.535,-4840.538,166.887,38.235,0.784985,-0.618703,0.031719,0.619168,0.785229,-0.006742,-0.020735,0.024932,0.999474,0,0.89962,0.71732,53.977,1.435,-1,375.000,-1,400.000,-1,325.000,325.000,325.000,325.000,-1,-1,-1,-1,750.000,900.000,-1,-1,2,0,2,0,2,0,0,0,0,2,2,2,2,0,0,2,2
