timestep,x_cm,y_cm,z_cm,yaw_deg,basis_xx,basis_xy,basis_xz,basis_yx,basis_yy,basis_yz,basis_zx,basis_zy,basis_zz,teleport_flag,throttle_cmd,steering_cmd,cmd_move_cm,cmd_turn_deg,lidar_cm_0,lidar_cm_1,lidar_cm_2,lidar_cm_3,lidar_cm_4,lidar_cm_5,lidar_cm_6,lidar_cm_7,lidar_cm_8,lidar_cm_9,lidar_cm_10,lidar_cm_11,lidar_cm_12,lidar_cm_13,lidar_cm_14,lidar_cm_15,lidar_cm_16,lidar_class_0,lidar_class_1,lidar_class_2,lidar_class_3,lidar_class_4,lidar_class_5,lidar_class_6,lidar_class_7,lidar_class_8,lidar_class_9,lidar_class_10,lidar_class_11,lidar_class_12,lidar_class_13,lidar_class_14,lidar_class_15,lidar_class_16
0,-6235.162,5572.495,305.053,-143.423,-0.799273,0.591274,-0.107506,-0.599546,-0.796819,0.075001,-0.041317,0.124401,0.991371,1,0.08000,-0.12000,4.800,-0.240,-1,375.000,-1,375.000,400.000,325.000,325.000,325.000,300.000,-1,-1,-1,-1,825.000,500.000,-1,450.000,2,0,2,0,1,0,0,0,0,2,2,2,2,0,1,2,1
1,-6242.920,5566.839,304.616,-143.903,-0.804194,0.584610,-0.107255,-0.592874,-0.801789,0.075072,-0.042108,0.123961,0.991393,0,0.16000,-0.24000,9.600,-0.480,-1,375.000,-1,375.000,400.000,325.000,325.000,325.000,300.000,-1,-1,-1,-1,825.000,500.000,-1,450.000,2,0,2,0,1,0,0,0,0,2,2,2,2,0,1,2,1
2,-6254.663,5558.502,303.940,-144.623,-0.811469,0.574536,-0.106890,-0.582789,-0.809139,0.075179,-0.043296,0.123300,0.991425,0,0.24000,-0.36000,14.400,-0.720,-1,375.000,-1,375.000,400.000,325.000,325.000,325.000,300.000,-1,-1,-1,-1,825.000,500.000,-1,425.000,2,0,2,1,1,0,0,0,0,2,2,2,2,0,1,2,1
3,-6270.505,5547.651,303.008,-145.583,-0.820973,0.560961,-0.106422,-0.569200,-0.818741,0.075325,-0.044878,0.122415,0.991464,0,0.32000,-0.48000,19.200,-0.960,-1,375.000,-1,375.000,375.000,325.000,325.000,325.000,300.000,-1,-1,-1,-1,825.000,475.000,-1,400.000,2,0,2,1,1,0,0,0,0,2,2,2,2,0,1,2,1
4,-6290.586,5534.504,301.793,-146.783,-0.832533,0.543766,-0.105866,-0.551991,-0.830424,0.075510,-0.046854,0.121302,0.991509,0,0.40000,-0.60000,24.000,-1.200,-1,375.000,-1,350.000,350.000,325.000,325.000,325.000,300.000,-1,-1,-1,-1,825.000,450.000,-1,375.000,2,0,2,1,1,0,0,0,0,2,2,2,2,0,1,2,1
5,-6315.072,5519.339,300.265,-148.223,-0.845927,0.522812,-0.105240,-0.531023,-0.843966,0.075739,-0.049222,0.119954,0.991558,0,0.48000,-0.72000,28.800,-1.440,-1,375.000,-1,350.000,325.000,325.000,325.000,325.000,300.000,-1,-1,-1,-1,800.000,425.000,-1,350.000,2,0,2,1,1,0,0,0,0,2,2,2,2,0,1,2,1
6,-6344.146,5502.491,298.387,-149.903,-0.860884,0.497940,-0.104567,-0.506139,-0.859095,0.076016,-0.051982,0.118367,0.991608,0,0.56000,-0.84000,33.600,-1.680,-1,375.000,-1,325.000,300.000,325.000,300.000,325.000,300.000,-1,-1,-1,-1,800.000,400.000,-1,325.000,2,0,2,1,1,0,1,0,0,2,2,2,2,0,1,2,1
7,-6377.999,5484.360,296.119,-151.823,-0.877079,0.468980,-0.103873,-0.477171,-0.875488,0.076351,-0.055132,0.116531,0.991656,0,0.64000,-0.96000,38.400,-1.920,-1,375.000,-1,300.000,275.000,325.000,300.000,325.000,300.000,-1,-1,-1,-1,800.000,375.000,-1,300.000,2,0,2,1,1,0,1,0,0,2,2,2,2,0,1,2,1
8,-6416.773,5465.305,293.441,-153.823,-0.892913,0.438241,-0.103208,-0.446427,-0.891527,0.076702,-0.058398,0.114563,0.991698,0,0.72000,-1.00000,43.200,-2.000,-1,375.000,-1,275.000,250.000,300.000,275.000,325.000,300.000,-1,-1,-1,-1,775.000,350.000,-1,250.000,2,1,2,1,1,1,1,0,0,2,2,2,2,0,1,2,1
9,-6460.566,5445.648,290.366,-155.823,-0.907660,0.406960,-0.102648,-0.415139,-0.906501,0.076917,-0.061748,0.112427,0.991740,0,0.80000,-1.00000,48.000,-2.000,-1,375.000,-1,250.000,200.000,275.000,250.000,325.000,300.000,-1,-1,-1,-1,775.000,325.000,-1,200.000,2,1,2,1,1,1,1,0,0,2,2,2,2,0,1,2,1
10,-6506.241,5427.041,288.735,-157.823,-0.921941,0.375417,-0.095324,-0.382617,-0.920988,0.073386,-0.060242,0.104130,0.992738,0,0.82196,-1.00000,49.318,-2.000,-1,350.000,-1,225.000,175.000,275.000,225.000,300.000,325.000,-1,550.000,575.000,-1,800.000,300.000,-1,175.000,2,1,2,1,1,1,1,0,0,2,0,0,2,0,1,2,1
11,-6552.718,5409.984,290.992,-159.823,-0.936276,0.343791,-0.072079,-0.348115,-0.935554,0.059615,-0.046939,0.080908,0.995616,0,0.82513,-1.00000,49.508,-2.000,-1,375.000,-1,225.000,175.000,275.000,225.000,300.000,375.000,-1,250.000,350.000,-1,900.000,300.000,-1,175.000,2,1,2,1,1,1,1,0,0,2,0,0,2,0,1,2,1
12,-6599.942,5394.495,293.087,-161.823,-0.948962,0.311436,-0.049780,-0.313611,-0.948522,0.044206,-0.033450,0.057561,0.997781,0,0.82832,-1.00000,49.699,-2.000,-1,400.000,950.000,225.000,150.000,275.000,225.000,275.000,450.000,-1,150.000,250.000,-1,925.000,300.000,-1,150.000,2,1,1,1,1,1,1,0,0,2,0,0,2,1,1,2,1
13,-6647.862,5380.605,295.051,-163.823,-0.960033,0.278445,-0.028381,-0.279194,-0.959853,0.027092,-0.019698,0.033933,0.999230,0,0.83155,-1.00000,49.893,-2.000,-1,425.000,900.000,225.000,150.000,275.000,225.000,275.000,525.000,900.000,100.000,225.000,-1,900.000,300.000,-1,150.000,2,1,1,1,1,1,1,0,1,0,0,0,2,1,1,2,1
14,-6696.424,5368.341,298.332,-165.823,-0.969540,0.244888,-0.004703,-0.244932,-0.969424,0.015014,-0.000883,0.015709,0.999876,0,0.83479,-1.00000,50.087,-2.000,-1,525.000,875.000,225.000,150.000,300.000,225.000,275.000,550.000,550.000,50.000,175.000,-1,875.000,300.000,-1,150.000,2,1,1,1,1,1,1,0,1,0,0,0,2,1,1,2,1
15,-6745.576,5357.737,301.571,-167.823,-0.977322,0.210931,0.018679,-0.210950,-0.977496,0.001009,0.018472,-0.002955,0.999825,0,0.83804,-1.00000,50.282,-2.000,-1,625.000,850.000,225.000,150.000,300.000,225.000,275.000,550.000,425.000,50.000,150.000,-1,875.000,300.000,-1,150.000,2,1,1,1,1,1,1,0,1,0,0,0,2,1,1,2,1
16,-1639.830,-1639.832,364.246,-134.009,-0.694147,0.719039,-0.033814,-0.719404,-0.694589,-0.001909,-0.024859,0.023001,0.999426,1,0.00000,0.00000,50.477,-2.000,-1,425.000,-1,425.000,-1,325.000,325.000,300.000,300.000,-1,-1,-1,-1,950.000,875.000,-1,-1,2,0,2,0,2,0,0,0,0,2,2,2,2,0,0,2,2
17,-1636.480,-1636.394,364.353,-134.249,-0.697163,0.716124,-0.033613,-0.716489,-0.697597,-0.001678,-0.024650,0.022914,0.999434,0,-0.08000,-0.12000,-4.800,-0.240,-1,425.000,-1,425.000,-1,350.000,325.000,300.000,300.000,-1,-1,-1,-1,950.000,875.000,-1,-1,2,0,2,0,2,0,0,0,0,2,2,2,2,0,0,2,2
18,-1629.724,-1629.574,364.567,-134.729,-0.703158,0.710258,-0.033211,-0.710621,-0.703574,-0.001214,-0.024229,0.022746,0.999448,0,-0.16000,-0.24000,-9.600,-0.480,-1,425.000,-1,425.000,-1,350.000,350.000,300.000,300.000,-1,-1,-1,-1,950.000,875.000,-1,-1,2,0,2,0,2,0,0,0,0,2,2,2,2,0,0,2,2
19,-1619.462,-1619.472,364.886,-135.449,-0.712057,0.701364,-0.032601,-0.701725,-0.712447,-0.000517,-0.023589,0.022509,0.999468,0,-0.24000,-0.36000,-14.400,-0.720,-1,425.000,-1,425.000,-1,350.000,350.000,300.000,300.000,-1,-1,-1,-1,950.000,875.000,-1,-1,2,0,2,0,2,0,0,0,0,2,2,2,2,0,0,2,2
20,-1605.556,-1606.233,365.309,-136.409,-0.723747,0.689334,-0.031777,-0.689692,-0.724103,0.000416,-0.022723,0.022217,0.999495,0,-0.32000,-0.48000,-19.200,-0.960,-1,425.000,-1,425.000,-1,350.000,350.000,300.000,300.000,-1,-1,-1,-1,975.000,850.000,-1,-1,2,0,2,0,2,0,0,0,0,2,2,2,2,0,0,2,2
21,-1587.831,-1590.053,365.819,-137.609,-0.738069,0.674022,-0.030796,-0.674377,-0.738385,0.001596,-0.021664,0.021946,0.999524,0,-0.40000,-0.60000,-24.000,-1.200,-1,425.000,-1,425.000,-1,350.000,350.000,300.000,275.000,-1,-1,-1,-1,975.000,850.000,-1,-1,2,0,2,0,2,0,0,0,0,2,2,2,2,0,0,2,2
22,-1566.079,-1571.177,366.382,-139.049,-0.754822,0.655257,-0.029703,-0.655610,-0.755094,0.002948,-0.020497,0.021699,0.999554,0,-0.48000,-0.72000,-28.800,-1.440,-1,425.000,-1,425.000,-1,350.000,350.000,300.000,275.000,-1,-1,-1,-1,975.000,850.000,-1,-1,2,0,2,0,2,0,0,0,0,2,2,2,2,0,0,2,2
23,-1542.367,-1551.789,366.946,-140.729,-0.773754,0.632842,-0.028563,-0.633190,-0.773985,0.004308,-0.019381,0.021419,0.999583,0,-0.51049,-0.84000,-30.630,-1.680,-1,425.000,-1,425.000,-1,350.000,350.000,300.000,275.000,-1,-1,-1,-1,975.000,850.000,-1,-1,2,0,2,0,2,0,0,0,0,2,2,2,2,0,0,2,2
24,-1518.018,-1533.206,367.501,-142.649,-0.794565,0.606558,-0.027460,-0.606901,-0.794757,0.005708,-0.018361,0.021201,0.999607,0,-0.51049,-0.96000,-30.630,-1.920,-1,425.000,-1,425.000,-1,350.000,350.000,300.000,275.000,-1,-1,-1,-1,1000.000,850.000,-1,-1,2,0,2,0,2,0,0,0,0,2,2,2,2,0,0,2,2
25,-1493.036,-1515.484,368.044,-144.649,-0.815289,0.578453,-0.026381,-0.578793,-0.815443,0.007121,-0.017393,0.021075,0.999627,0,-0.51049,-1.00000,-30.630,-2.000,-1,425.000,-1,425.000,-1,350.000,325.000,300.000,275.000,-1,-1,-1,-1,1000.000,825.000,-1,-1,2,0,2,0,2,0,0,0,0,2,2,2,2,0,0,2,2
26,-1467.450,-1498.645,368.576,-146.649,-0.835016,0.549643,-0.025326,-0.549980,-0.835135,0.008533,-0.016461,0.021054,0.999643,0,-0.51049,-1.00000,-30.630,-2.000,-1,425.000,-1,425.000,-1,350.000,325.000,300.000,275.000,-1,-1,-1,-1,1000.000,825.000,-1,-1,2,0,2,0,2,0,0,0,0,2,2,2,2,0,0,2,2
27,-1441.293,-1482.709,369.096,-148.649,-0.853722,0.520161,-0.024297,-0.520495,-0.853807,0.009944,-0.015573,0.021136,0.999655,0,-0.51049,-1.00000,-30.630,-2.000,-1,425.000,-1,400.000,-1,350.000,325.000,300.000,275.000,-1,-1,-1,-1,1000.000,825.000,-1,-1,2,0,2,0,2,0,0,0,0,2,2,2,2,0,0,2,2
28,-1414.595,-1467.696,369.606,-150.649,-0.871386,0.490045,-0.023297,-0.490377,-0.871437,0.011352,-0.014739,0.021316,0.999664,0,-0.51049,-1.00000,-30.630,-2.000,-1,425.000,-1,400.000,-1,350.000,325.000,300.000,275.000,-1,-1,-1,-1,1000.000,825.000,-1,-1,2,0,2,0,2,0,0,0,0,2,2,2,2,0,0,2,2
29,-1387.389,-1453.624,370.079,-152.649,-0.887987,0.459332,-0.022192,-0.459659,-0.888005,0.012694,-0.013876,0.021473,0.999673,0,-0.51049,-1.00000,-30.630,-2.000,-1,425.000,-1,400.000,-1,350.000,325.000,300.000,275.000,-1,-1,-1,-1,1000.000,800.000,-1,-1,2,0,2,0,2,0,0,0,0,2,2,2,2,0,0,2,2
30,-1359.709,-1440.509,370.429,-154.649,-0.903514,0.428064,-0.020582,-0.428370,-0.903499,0.013756,-0.012707,0.021246,0.999694,0,-0.51049,-1.00000,-30.630,-2.000,-1,425.000,-1,400.000,-1,350.000,325.000,300.000,300.000,-1,-1,-1,-1,1000.000,800.000,-1,-1,2,0,2,0,2,0,0,0,0,2,2,2,2,0,0,2,2
31,-1331.589,-1428.369,370.775,-156.649,-0.917936,0.396272,-0.019032,-0.396559,-0.917891,0.014764,-0.011619,0.021100,0.999710,0,-0.51049,-1.00000,-30.630,-2.000,-1,425.000,-1,400.000,-1,350.000,325.000,300.000,300.000,-1,-1,-1,-1,1000.000,800.000,-1,-1,2,0,2,0,2,0,0,0,0,2,2,2,2,0,0,2,2
32,-1303.061,-1417.218,371.119,-158.649,-0.931235,0.363998,-0.017547,-0.364266,-0.931162,0.015718,-0.010618,0.021029,0.999722,0,-0.51049,-1.00000,-30.630,-2.000,-1,425.000,-1,400.000,-1,350.000,325.000,300.000,300.000,-1,-1,-1,-1,1000.000,800.000,-1,-1,2,0,2,0,2,0,0,0,0,2,2,2,2,0,0,2,2
33,-1278.691,-1408.659,371.429,-160.649,-0.943391,0.331279,-0.016373,-0.331533,-0.943299,0.016504,-0.009977,0.020998,0.999730,0,-0.43049,-1.00000,-25.830,-2.000,-1,425.000,-1,400.000,-1,350.000,325.000,300.000,300.000,-1,-1,-1,-1,1000.000,800.000,-1,-1,2,0,2,0,2,0,0,0,0,2,2,2,2,0,0,2,2
34,-1258.618,-1402.387,371.712,-162.649,-0.954391,0.298157,-0.015491,-0.298402,-0.954286,0.017137,-0.009674,0.020978,0.999733,0,-0.35049,-1.00000,-21.030,-2.000,-1,425.000,-1,400.000,-1,325.000,325.000,300.000,300.000,-1,-1,-1,-1,1000.000,800.000,-1,-1,2,0,2,0,2,0,0,0,0,2,2,2,2,0,0,2,2
35,-1241.118,-1397.583,371.931,-164.649,-0.964223,0.264670,-0.014995,-0.264915,-0.964107,0.017818,-0.009740,0.021153,0.999729,0,-0.30246,-1.00000,-18.147,-2.000,-1,425.000,-1,400.000,-1,325.000,325.000,300.000,300.000,-1,-1,-1,-1,1000.000,775.000,-1,-1,2,0,2,0,2,0,0,0,0,2,2,2,2,0,0,2,2
36,-1223.461,-1393.393,372.086,-166.649,-0.972880,0.230859,-0.014409,-0.231106,-0.972747,0.018801,-0.009676,0.021621,0.999719,0,-0.30246,-1.00000,-18.147,-2.000,-1,425.000,-1,400.000,-1,325.000,325.000,300.000,300.000,-1,-1,-1,-1,1000.000,775.000,-1,-1,2,0,2,0,2,0,0,0,0,2,2,2,2,0,0,2,2
37,-1205.669,-1389.821,372.191,-168.649,-0.980354,0.196767,-0.013701,-0.197015,-0.980196,0.020022,-0.009490,0.022328,0.999706,0,-0.30246,-1.00000,-18.147,-2.000,-1,425.000,-1,400.000,-1,325.000,325.000,300.000,300.000,-1,-1,-1,-1,1000.000,775.000,-1,-1,2,0,2,0,2,0,0,0,0,2,2,2,2,0,0,2,2
38,-1187.763,-1386.873,372.308,-170.649,-0.986633,0.162437,-0.012989,-0.162686,-0.986450,0.021209,-0.009368,0.023038,0.999691,0,-0.30246,-1.00000,-18.147,-2.000,-1,425.000,-1,400.000,-1,325.000,325.000,300.000,300.000,-1,-1,-1,-1,975.000,775.000,-1,-1,2,0,2,0,2,0,0,0,0,2,2,2,2,0,0,2,2
39,-1169.765,-1384.551,372.440,-172.649,-0.991710,0.127909,-0.012275,-0.128159,-0.991502,0.022359,-0.009310,0.023747,0.999675,0,-0.30246,-1.00000,-18.147,-2.000,-1,425.000,-1,400.000,-1,325.000,325.000,325.000,300.000,-1,-1,-1,-1,975.000,750.000,-1,-1,2,0,2,0,2,0,0,0,0,2,2,2,2,0,0,2,2
40,-1151.696,-1382.859,372.586,-174.649,-0.995578,0.093226,-0.011560,-0.093477,-0.995345,0.023473,-0.009318,0.024450,0.999658,0,-0.30246,-1.00000,-18.147,-2.000,-1,425.000,-1,400.000,-1,325.000,325.000,325.000,300.000,-1,-1,-1,-1,975.000,750.000,-1,-1,2,0,2,0,2,0,0,0,0,2,2,2,2,0,0,2,2
41,-1133.580,-1381.799,372.748,-176.649,-0.998232,0.058432,-0.010848,-0.058683,-0.997975,0.024548,-0.009391,0.025142,0.999640,0,-0.30246,-1.00000,-18.147,-2.000,-1,425.000,-1,400.000,-1,325.000,325.000,325.000,300.000,-1,-1,-1,-1,975.000,750.000,-1,-1,2,0,2,0,2,0,0,0,0,2,2,2,2,0,0,2,2
42,-1115.438,-1381.371,372.902,-178.649,-0.999672,0.023567,-0.010056,-0.023817,-0.999391,0.025485,-0.009450,0.025716,0.999625,0,-0.30246,-1.00000,-18.147,-2.000,-1,425.000,-1,375.000,-1,325.000,325.000,325.000,300.000,-1,-1,-1,-1,950.000,725.000,-1,-1,2,0,2,0,2,0,0,0,0,2,2,2,2,0,0,2,2
43,-1097.292,-1381.577,373.025,-180.649,-0.999894,-0.011326,-0.009127,0.011083,-0.999596,0.026182,-0.009420,0.026078,0.999616,0,-0.30246,-1.00000,-18.147,-2.000,-1,425.000,-1,375.000,-1,325.000,325.000,325.000,300.000,-1,-1,-1,-1,950.000,725.000,-1,-1,2,0,2,0,2,0,0,0,0,2,2,2,2,0,0,2,2
44,-1079.164,-1382.416,373.154,-182.649,-0.998898,-0.046204,-0.008261,0.045968,-0.998584,0.026766,-0.009486,0.026357,0.999608,0,-0.30246,-1.00000,-18.147,-2.000,-1,425.000,-1,375.000,-1,325.000,325.000,325.000,300.000,-1,-1,-1,-1,950.000,725.000,-1,-1,2,0,2,0,2,0,0,0,0,2,2,2,2,0,0,2,2
45,-1061.076,-1383.887,373.266,-184.649,-0.996683,-0.081025,-0.007549,0.080794,-0.996361,0.027156,-0.009722,0.026456,0.999603,0,-0.30246,-1.00000,-18.147,-2.000,-1,425.000,-1,375.000,-1,325.000,325.000,325.000,300.000,-1,-1,-1,-1,925.000,725.000,-1,-1,2,0,2,0,2,0,0,0,0,2,2,2,2,0,0,2,2
46,-1043.051,-1385.988,373.396,-186.649,-0.993255,-0.115748,-0.006877,0.115520,-0.992925,0.027494,-0.010011,0.026514,0.999598,0,-0.30246,-1.00000,-18.147,-2.000,-1,425.000,-1,375.000,-1,325.000,325.000,325.000,300.000,-1,-1,-1,-1,925.000,725.000,-1,-1,2,0,2,0,2,0,0,0,0,2,2,2,2,0,0,2,2
47,-1025.110,-1388.717,373.547,-188.649,-0.988616,-0.150330,-0.006249,0.150104,-0.988280,0.027778,-0.010352,0.026524,0.999595,0,-0.30246,-1.00000,-18.147,-2.000,-1,425.000,-1,375.000,-1,325.000,325.000,325.000,300.000,-1,-1,-1,-1,900.000,700.000,-1,-1,2,0,2,0,2,0,0,0,0,2,2,2,2,0,0,2,2
48,-1011.983,-1391.128,373.672,-190.409,-0.983537,-0.180613,-0.005812,0.180386,-0.983199,0.027923,-0.010758,0.026415,0.999593,0,-0.22246,-0.88000,-13.347,-1.760,-1,425.000,-1,375.000,-1,325.000,325.000,325.000,300.000,-1,-1,-1,-1,900.000,700.000,-1,-1,2,0,2,0,2,0,0,0,0,2,2,2,2,0,0,2,2
49,-1003.620,-1392.895,373.763,-191.929,-0.978403,-0.206631,-0.005548,0.206402,-0.978068,0.027957,-0.011203,0.026208,0.999594,0,-0.14246,-0.76000,-8.547,-1.520,-1,400.000,-1,375.000,-1,325.000,325.000,325.000,300.000,-1,-1,-1,-1,900.000,700.000,-1,-1,2,0,2,0,2,0,0,0,0,2,2,2,2,0,0,2,2
50,-999.972,-1393.751,373.811,-193.209,-0.973545,-0.228429,-0.005440,0.228196,-0.973215,0.027902,-0.011668,0.025922,0.999596,0,-0.06246,-0.64000,-3.747,-1.280,-1,400.000,-1,375.000,-1,325.000,325.000,325.000,300.000,-1,-1,-1,-1,875.000,700.000,-1,-1,2,0,2,0,2,0,0,0,0,2,2,2,2,0,0,2,2
51,-1000.992,-1393.492,373.810,-194.249,-0.969240,-0.246058,-0.005472,0.245820,-0.968918,0.027775,-0.012136,0.025576,0.999599,0,0.01754,-0.52000,1.053,-1.040,-1,400.000,-1,375.000,-1,325.000,325.000,325.000,300.000,-1,-1,-1,-1,875.000,700.000,-1,-1,2,0,2,0,2,0,0,0,0,2,2,2,2,0,0,2,2
52,-1006.644,-1391.972,373.757,-195.049,-0.965709,-0.259565,-0.005634,0.259320,-0.965397,0.027588,-0.012600,0.025181,0.999603,0,0.09754,-0.40000,5.853,-0.800,-1,400.000,-1,375.000,-1,325.000,325.000,325.000,300.000,-1,-1,-1,-1,875.000,700.000,-1,-1,2,0,2,0,2,0,0,0,0,2,2,2,2,0,0,2,2
53,-1016.904,-1389.106,373.650,-195.609,-0.963124,-0.268991,-0.005916,0.268739,-0.962825,0.027346,-0.013052,0.024748,0.999609,0,0.17754,-0.28000,10.653,-0.560,-1,400.000,-1,375.000,-1,325.000,325.000,325.000,300.000,-1,-1,-1,-1,850.000,700.000,-1,-1,2,0,2,0,2,0,0,0,0,2,2,2,2,0,0,2,2
54,-1031.750,-1384.820,373.494,-196.101,-0.960776,-0.277254,-0.006313,0.276994,-0.960491,0.027037,-0.013560,0.024228,0.999614,0,0.25754,-0.24604,15.453,-0.492,-1,400.000,-1,375.000,-1,325.000,325.000,325.000,300.000,-1,-1,-1,-1,850.000,700.000,-1,-1,2,0,2,0,2,0,0,0,0,2,2,2,2,0,0,2,2
55,-1051.159,-1379.036,373.292,-196.593,-0.958356,-0.285496,-0.006818,0.285227,-0.958089,0.026662,-0.014144,0.023607,0.999621,0,0.33754,-0.24604,20.253,-0.492,-1,400.000,-1,375.000,-1,325.000,325.000,325.000,300.000,-1,-1,-1,-1,850.000,700.000,-1,-1,2,0,2,0,2,0,0,0,0,2,2,2,2,0,0,2,2
56,-1075.106,-1371.676,373.048,-197.085,-0.955863,-0.293719,-0.007422,0.293440,-0.955618,0.026228,-0.014796,0.022893,0.999628,0,0.41754,-0.24604,25.053,-0.492,-1,400.000,-1,375.000,-1,325.000,325.000,325.000,300.000,-1,-1,-1,-1,850.000,675.000,-1,-1,2,0,2,0,2,0,0,0,0,2,2,2,2,0,0,2,2
57,-1103.565,-1362.660,372.771,-197.577,-0.953299,-0.301921,-0.008114,0.301631,-0.953077,0.025741,-0.015505,0.022092,0.999636,0,0.49754,-0.24604,29.853,-0.492,-1,400.000,-1,375.000,-1,325.000,300.000,325.000,300.000,-1,-1,-1,-1,825.000,675.000,-1,-1,2,0,2,0,2,0,0,0,0,2,2,2,2,0,0,2,2
58,-1136.508,-1351.912,372.467,-198.069,-0.950662,-0.310101,-0.008883,0.309801,-0.950467,0.025207,-0.016259,0.021212,0.999643,0,0.57754,-0.24604,34.653,-0.492,-1,400.000,-1,375.000,-1,325.000,300.000,325.000,300.000,-1,-1,-1,-1,825.000,675.000,-1,-1,2,0,2,0,2,0,0,0,0,2,2,2,2,0,0,2,2
59,-1173.909,-1339.353,372.147,-198.562,-0.947954,-0.318258,-0.009716,0.317950,-0.947788,0.024632,-0.017048,0.020261,0.999649,0,0.65754,-0.24604,39.453,-0.492,-1,400.000,-1,375.000,-1,325.000,300.000,325.000,300.000,-1,-1,-1,-1,825.000,675.000,-1,-1,2,0,2,0,2,0,0,0,0,2,2,2,2,0,0,2,2
60,-1214.720,-1325.257,371.729,-199.054,-0.945176,-0.326395,-0.010397,0.326091,-0.945045,0.023530,-0.017506,0.018850,0.999669,0,0.71961,-0.24604,43.176,-0.492,-1,400.000,-1,375.000,-1,325.000,300.000,325.000,325.000,-1,-1,-1,-1,800.000,675.000,-1,-1,2,0,2,0,2,0,0,0,0,2,2,2,2,0,0,2,2
61,-1255.408,-1310.812,371.136,-199.546,-0.942328,-0.334512,-0.010901,0.334233,-0.942244,0.021559,-0.017483,0.016672,0.999708,0,0.71961,-0.24604,43.176,-0.492,-1,400.000,-1,375.000,-1,325.000,300.000,325.000,325.000,-1,-1,-1,-1,800.000,675.000,-1,-1,2,0,2,0,2,0,0,0,0,2,2,2,2,0,0,2,2
62,-1295.971,-1296.017,370.503,-200.038,-0.939406,-0.342605,-0.011723,0.342350,-0.939372,0.019398,-0.017658,0.014210,0.999743,0,0.71961,-0.24604,43.176,-0.492,-1,400.000,-1,375.000,-1,325.000,300.000,325.000,325.000,-1,-1,-1,-1,775.000,650.000,-1,-1,2,0,2,0,2,0,0,0,0,2,2,2,2,0,0,2,2
63,-1336.405,-1280.875,369.915,-200.530,-0.936415,-0.350671,-0.012496,0.350444,-0.936425,0.017263,-0.017755,0.011787,0.999773,0,0.71961,-0.24604,43.176,-0.492,-1,400.000,-1,375.000,-1,325.000,300.000,325.000,325.000,-1,-1,-1,-1,775.000,650.000,-1,-1,2,0,2,0,2,0,0,0,0,2,2,2,2,0,0,2,2
64,-1376.707,-1265.387,369.300,-201.022,-0.933358,-0.358709,-0.013025,0.358517,-0.933402,0.015016,-0.017544,0.009346,0.999802,0,0.71961,-0.24604,43.176,-0.492,-1,400.000,-1,375.000,-1,325.000,300.000,325.000,325.000,-1,-1,-1,-1,750.000,650.000,-1,-1,2,0,2,0,2,0,0,0,0,2,2,2,2,0,0,2,2
65,-1416.875,-1249.553,368.541,-201.514,-0.930244,-0.366718,-0.012799,0.366562,-0.930303,0.013011,-0.016678,0.007411,0.999833,0,0.71961,-0.24604,43.176,-0.492,-1,400.000,-1,375.000,-1,325.000,300.000,325.000,325.000,-1,-1,-1,-1,750.000,650.000,-1,-1,2,0,2,0,2,0,0,0,0,2,2,2,2,0,0,2,2
66,-1456.906,-1233.374,367.794,-202.006,-0.927061,-0.374699,-0.012606,0.374573,-0.927129,0.011234,-0.015896,0.005693,0.999857,0,0.71961,-0.24604,43.176,-0.492,-1,400.000,-1,375.000,-1,325.000,300.000,325.000,325.000,-1,-1,-1,-1,725.000,650.000,-1,-1,2,0,2,0,2,0,0,0,0,2,2,2,2,0,0,2,2
67,-1496.796,-1216.853,367.091,-202.498,-0.923810,-0.382650,-0.012399,0.382553,-0.923884,0.009543,-0.015106,0.004072,0.999878,0,0.71961,-0.24604,43.176,-0.492,-1,400.000,-1,375.000,-1,325.000,300.000,325.000,325.000,-1,-1,-1,-1,725.000,650.000,-1,-1,2,0,2,0,2,0,0,0,0,2,2,2,2,0,0,2,2
68,-1536.543,-1199.989,366.453,-202.990,-0.920492,-0.390572,-0.012151,0.390501,-0.920569,0.007850,-0.014252,0.002481,0.999895,0,0.71961,-0.24604,43.176,-0.492,-1,400.000,-1,375.000,-1,325.000,300.000,325.000,325.000,-1,-1,-1,-1,725.000,650.000,-1,-1,2,0,2,0,2,0,0,0,0,2,2,2,2,0,0,2,2
69,-1576.144,-1182.785,365.882,-203.482,-0.917107,-0.398465,-0.011864,0.398419,-0.917183,0.006155,-0.013334,0.000918,0.999911,0,0.71961,-0.24604,43.176,-0.492,-1,400.000,-1,375.000,-1,325.000,300.000,325.000,325.000,-1,-1,-1,-1,700.000,650.000,-1,-1,2,0,2,0,2,0,0,0,0,2,2,2,2,0,0,2,2
70,-1615.595,-1165.241,365.380,-203.974,-0.913655,-0.406327,-0.011535,0.406303,-0.913727,0.004457,-0.012351,-0.000615,0.999924,0,0.71961,-0.24604,43.176,-0.492,-1,400.000,-1,375.000,-1,300.000,300.000,325.000,325.000,-1,-1,-1,-1,700.000,625.000,-1,-1,2,0,2,0,2,0,0,0,0,2,2,2,2,0,0,2,2
71,-1654.895,-1147.359,364.948,-204.466,-0.910136,-0.414159,-0.011166,0.414155,-0.910202,0.002754,-0.011304,-0.002118,0.999934,0,0.71961,-0.24604,43.176,-0.492,-1,375.000,-1,375.000,-1,300.000,300.000,325.000,325.000,-1,-1,-1,-1,675.000,625.000,-1,-1,2,0,2,0,2,0,0,0,0,2,2,2,2,0,0,2,2
72,-1698.475,-1127.298,364.543,-204.718,-0.908311,-0.418157,-0.010723,0.418173,-0.908367,0.000839,-0.010091,-0.003722,0.999942,0,0.79961,-0.12604,47.976,-0.252,-1,375.000,-1,350.000,-1,300.000,300.000,325.000,325.000,-1,500.000,-1,-1,675.000,625.000,-1,-1,2,0,2,0,2,0,0,0,0,2,0,2,2,0,0,2,2
73,-1742.935,-1106.820,364.213,-204.731,-0.908230,-0.418346,-0.010248,0.418378,-0.908272,-0.001151,-0.008827,-0.005333,0.999947,0,0.81582,-0.00604,48.949,-0.012,-1,375.000,-1,350.000,-1,300.000,300.000,325.000,325.000,-1,525.000,-1,-1,675.000,625.000,-1,-1,2,0,2,0,2,0,0,0,0,2,0,2,2,0,0,2,2
74,-1787.476,-1086.519,363.965,-204.503,-0.909894,-0.414725,-0.009763,0.414771,-0.909920,-0.003186,-0.007562,-0.006948,0.999947,0,0.81582,0.11396,48.949,0.228,-1,375.000,-1,350.000,-1,300.000,300.000,325.000,325.000,-1,525.000,-1,-1,675.000,625.000,-1,-1,2,0,2,0,2,0,0,0,0,2,0,2,2,0,0,2,2
75,-1832.181,-1066.583,363.760,-204.035,-0.913259,-0.407274,-0.009208,0.407331,-0.913265,-0.005394,-0.006213,-0.008677,0.999943,0,0.81582,0.23396,48.949,0.468,-1,375.000,-1,350.000,-1,300.000,300.000,325.000,325.000,-1,525.000,975.000,-1,650.000,625.000,-1,-1,2,0,2,0,2,0,0,0,0,2,0,0,2,0,0,2,2
76,-1877.129,-1047.200,363.543,-203.327,-0.918232,-0.395952,-0.008522,0.396016,-0.918208,-0.008044,-0.004640,-0.010761,0.999931,0,0.81582,0.35396,48.949,0.708,-1,375.000,-1,350.000,-1,300.000,300.000,325.000,325.000,-1,525.000,900.000,-1,650.000,625.000,-1,-1,2,0,2,0,2,0,0,0,0,2,0,0,2,0,0,2,2
77,-1922.392,-1028.564,363.604,-202.379,-0.924672,-0.380701,-0.006935,0.380756,-0.924619,-0.010212,-0.002525,-0.012084,0.999924,0,0.81582,0.47396,48.949,0.948,-1,375.000,-1,350.000,-1,300.000,300.000,325.000,325.000,-1,500.000,725.000,-1,650.000,625.000,-1,-1,2,0,2,0,2,0,0,0,0,2,0,0,2,0,0,2,2
78,-1968.031,-1010.870,363.822,-201.191,-0.932380,-0.361445,-0.005007,0.361480,-0.932301,-0.012148,-0.000277,-0.013137,0.999914,0,0.81582,0.59396,48.949,1.188,-1,375.000,-1,350.000,-1,300.000,300.000,325.000,325.000,-1,500.000,675.000,-1,675.000,625.000,-1,-1,2,0,2,0,2,0,0,0,0,2,0,0,2,0,0,2,2
79,-2014.041,-994.166,364.108,-199.954,-0.939975,-0.341228,-0.003143,0.341237,-0.939872,-0.014066,0.001845,-0.014295,0.999896,0,0.81582,0.61855,48.949,1.237,-1,375.000,-1,350.000,-1,300.000,300.000,325.000,325.000,-1,475.000,675.000,-1,675.000,625.000,-1,-1,2,0,2,0,2,0,0,0,0,2,0,0,2,0,0,2,2
80,-2060.402,-978.459,364.390,-198.717,-0.947129,-0.320852,-0.001082,0.320828,-0.947006,-0.015795,0.004043,-0.015307,0.999875,0,0.81582,0.61855,48.949,1.237,-1,375.000,-1,350.000,-1,300.000,300.000,325.000,325.000,-1,475.000,650.000,-1,675.000,625.000,-1,-1,2,0,2,0,2,0,0,0,0,2,0,0,2,0,0,2,2
81,-2107.091,-963.756,364.868,-197.480,-0.953837,-0.300323,0.001222,0.300253,-0.953687,-0.018141,0.006614,-0.016937,0.999835,0,0.81582,0.61855,48.949,1.237,-1,375.000,-1,350.000,-1,300.000,300.000,325.000,325.000,-1,425.000,625.000,-1,675.000,650.000,-1,-1,2,0,2,0,2,0,0,0,0,2,0,0,2,0,0,2,2
82,-2154.086,-950.065,365.410,-196.243,-0.960094,-0.279655,0.003478,0.279529,-0.959918,-0.020495,0.009070,-0.018705,0.999784,0,0.81582,0.61855,48.949,1.237,-1,375.000,-1,350.000,-1,300.000,300.000,325.000,325.000,-1,400.000,600.000,-1,675.000,650.000,-1,-1,2,0,2,0,2,0,0,0,0,2,0,0,2,0,0,2,2
83,-2201.366,-937.392,365.989,-195.005,-0.965899,-0.258856,0.005650,0.258669,-0.965698,-0.022771,0.011351,-0.020533,0.999725,0,0.81582,0.61855,48.949,1.237,-1,375.000,-1,375.000,-1,300.000,300.000,325.000,325.000,-1,375.000,575.000,-1,675.000,650.000,-1,-1,2,0,2,0,2,0,0,0,0,2,0,0,2,0,0,2,2
84,-2248.909,-925.743,366.599,-193.768,-0.971250,-0.237937,0.007740,0.237682,-0.971022,-0.024978,0.013459,-0.022420,0.999658,0,0.81582,0.61855,48.949,1.237,-1,375.000,-1,375.000,-1,300.000,300.000,325.000,325.000,-1,350.000,550.000,-1,700.000,650.000,-1,-1,2,0,2,0,2,0,0,0,0,2,0,0,2,0,0,2,2
85,-2296.692,-915.123,367.236,-192.531,-0.976143,-0.216908,0.009748,0.216580,-0.975888,-0.027124,0.015396,-0.024366,0.999585,0,0.81582,0.61855,48.949,1.237,-1,375.000,-1,375.000,-1,300.000,300.000,325.000,300.000,-1,350.000,525.000,-1,700.000,675.000,-1,-1,2,0,2,0,2,0,0,0,0,2,0,0,2,0,0,2,2
86,-2344.693,-905.537,367.893,-191.294,-0.980579,-0.195778,0.011675,0.195373,-0.980294,-0.029217,0.017165,-0.026369,0.999505,0,0.81582,0.61855,48.949,1.237,-1,375.000,-1,375.000,-1,300.000,300.000,325.000,300.000,-1,350.000,500.000,-1,700.000,675.000,-1,-1,2,0,2,0,2,0,0,0,0,2,0,0,2,0,0,2,2
87,-2392.890,-896.989,368.563,-190.057,-0.984554,-0.174558,0.013524,0.174072,-0.984236,-0.031264,0.018769,-0.028427,0.999420,0,0.81582,0.61855,48.949,1.237,-1,375.000,-1,375.000,-1,300.000,300.000,325.000,300.000,-1,350.000,500.000,-1,700.000,675.000,-1,-1,2,0,2,0,2,0,0,0,0,2,0,0,2,0,0,2,2
88,-2441.260,-889.484,369.241,-188.820,-0.988068,-0.153259,0.015299,0.152689,-0.987714,-0.033273,0.020210,-0.030540,0.999329,0,0.81582,0.61855,48.949,1.237,-1,375.000,-1,375.000,-1,300.000,300.000,325.000,300.000,-1,350.000,475.000,-1,725.000,675.000,-1,-1,2,0,2,0,2,0,0,0,0,2,0,0,2,0,0,2,2
89,-2489.781,-883.026,369.920,-187.583,-0.991119,-0.131889,0.017002,0.131232,-0.990725,-0.035250,0.021494,-0.032706,0.999234,0,0.81582,0.61855,48.949,1.237,-1,375.000,-1,375.000,-1,300.000,300.000,325.000,300.000,-1,350.000,475.000,-1,725.000,700.000,-1,-1,2,0,2,0,2,0,0,0,0,2,0,0,2,0,0,2,2
90,-2538.431,-877.616,370.594,-186.346,-0.993706,-0.110461,0.018640,0.109714,-0.993267,-0.037201,0.022623,-0.034922,0.999134,0,0.81582,0.61855,48.949,1.237,-1,375.000,-1,375.000,-1,300.000,300.000,325.000,300.000,-1,350.000,475.000,-1,725.000,700.000,-1,-1,2,0,2,0,2,0,0,0,0,2,0,0,2,0,0,2,2
91,-2587.185,-873.258,371.257,-185.109,-0.995828,-0.088984,0.020216,0.088145,-0.995339,-0.039133,0.023604,-0.037188,0.999029,0,0.81582,0.61855,48.949,1.237,-1,375.000,-1,375.000,-1,300.000,300.000,325.000,300.000,-1,350.000,500.000,-1,750.000,700.000,-1,-1,2,0,2,0,2,0,0,0,0,2,0,0,2,0,0,2,2
92,-2636.022,-869.954,372.259,-183.872,-0.997497,-0.067471,0.021163,0.066595,-0.996991,-0.039678,0.023777,-0.038169,0.998988,0,0.81582,0.61855,48.949,1.237,-1,375.000,-1,375.000,-1,300.000,300.000,325.000,300.000,-1,375.000,525.000,-1,750.000,700.000,-1,-1,2,0,2,0,2,0,0,0,0,2,0,0,2,0,0,2,2
93,-2684.920,-867.705,373.546,-182.634,-0.998707,-0.045928,0.021799,0.045011,-0.998152,-0.040829,0.023634,-0.039795,0.998928,0,0.81582,0.61855,48.949,1.237,-1,375.000,-1,375.000,-1,300.000,300.000,325.000,300.000,-1,425.000,575.000,-1,775.000,700.000,-1,-1,2,0,2,0,2,0,0,0,0,2,0,0,2,0,0,2,2
94,-2733.854,-866.512,374.807,-181.397,-0.999451,-0.024366,0.022429,0.023408,-0.998842,-0.042027,0.023427,-0.041479,0.998865,0,0.81582,0.61855,48.949,1.237,-1,375.000,-1,375.000,-1,300.000,300.000,325.000,300.000,-1,475.000,650.000,-1,800.000,725.000,-1,-1,2,0,2,0,2,0,0,0,0,2,0,0,2,0,0,2,2
95,-2782.803,-866.376,376.026,-180.160,-0.999731,-0.002795,0.023022,0.001798,-0.999063,-0.043232,0.023122,-0.043179,0.998800,0,0.81582,0.61855,48.949,1.237,-1,375.000,-1,375.000,-1,300.000,300.000,325.000,300.000,-1,525.000,725.000,-1,800.000,725.000,-1,-1,2,0,2,0,2,0,0,0,0,2,0,0,2,0,0,2,2
96,-2831.743,-867.296,377.197,-178.923,-0.999546,0.018774,0.023581,-0.019809,-0.998815,-0.044458,0.022719,-0.044905,0.998733,0,0.81582,0.61855,48.949,1.237,-1,375.000,-1,375.000,-1,300.000,300.000,325.000,300.000,-1,575.000,800.000,-1,825.000,725.000,-1,-1,2,0,2,0,2,0,0,0,0,2,0,0,2,0,0,2,2
97,-2880.652,-869.274,378.318,-177.686,-0.998895,0.040330,0.024110,-0.041401,-0.998096,-0.045719,0.022221,-0.046666,0.998663,0,0.81582,0.61855,48.949,1.237,-1,400.000,-1,375.000,-1,300.000,300.000,325.000,300.000,-1,625.000,900.000,-1,850.000,725.000,-1,-1,2,0,2,0,2,0,0,0,0,2,0,0,2,0,0,2,2
98,-2929.506,-872.306,379.384,-176.449,-0.997781,0.061864,0.024616,-0.062970,-0.996907,-0.047025,0.021630,-0.048471,0.998590,0,0.81582,0.61855,48.949,1.237,-1,400.000,-1,375.000,-1,300.000,300.000,325.000,300.000,-1,675.000,-1,-1,875.000,725.000,-1,-1,2,0,2,0,2,0,0,0,0,2,0,2,2,0,0,2,2
99,-2978.284,-876.393,380.390,-175.212,-0.996203,0.083365,0.025104,-0.084504,-0.995247,-0.048389,0.020951,-0.050326,0.998513,0,0.81582,0.61855,48.949,1.237,-1,400.000,-1,375.000,-1,300.000,300.000,325.000,300.000,-1,725.000,-1,-1,900.000,750.000,-1,-1,2,0,2,0,2,0,0,0,0,2,0,2,2,0,0,2,2
100,-3022.208,-880.845,381.254,-174.215,-0.994593,0.100663,0.025545,-0.101833,-0.993562,-0.049652,0.020382,-0.051985,0.998440,0,0.73582,0.49855,44.149,0.997,-1,400.000,-1,375.000,-1,300.000,300.000,325.000,300.000,-1,800.000,-1,-1,925.000,750.000,-1,-1,2,0,2,0,2,0,0,0,0,2,0,2,2,0,0,2,2
101,-3061.301,-885.329,381.992,-173.458,-0.993168,0.113773,0.025943,-0.114974,-0.992069,-0.050802,0.019957,-0.053438,0.998372,0,0.65582,0.37855,39.349,0.757,-1,400.000,-1,375.000,-1,300.000,300.000,325.000,325.000,-1,850.000,-1,-1,950.000,750.000,-1,-1,2,0,2,0,2,0,0,0,0,2,0,2,2,0,0,2,2
102,-3095.587,-889.576,382.619,-172.941,-0.992094,0.122714,0.026301,-0.123944,-0.990935,-0.051824,0.019703,-0.054674,0.998310,0,0.57582,0.25855,34.549,0.517,-1,400.000,-1,375.000,-1,325.000,300.000,325.000,325.000,-1,875.000,-1,-1,950.000,750.000,-1,-1,2,0,2,0,2,0,0,0,0,2,0,2,2,0,0,2,2
103,-3125.089,-893.404,383.145,-172.607,-0.991356,0.128470,0.026615,-0.129728,-0.990147,-0.052714,0.019581,-0.055711,0.998255,0,0.49582,0.16668,29.749,0.333,-1,400.000,-1,375.000,-1,325.000,300.000,325.000,325.000,-1,900.000,-1,-1,975.000,750.000,-1,-1,2,0,2,0,2,0,0,0,0,2,0,2,2,0,0,2,2
104,-3149.811,-896.759,383.573,-172.274,-0.990587,0.134222,0.026880,-0.135503,-0.989332,-0.053488,0.019415,-0.056627,0.998207,0,0.41582,0.16668,24.949,0.333,-1,400.000,-1,375.000,-1,325.000,300.000,325.000,325.000,-1,925.000,-1,-1,975.000,750.000,-1,-1,2,0,2,0,2,0,0,0,0,2,0,2,2,0,0,2,2
105,-3169.761,-899.584,383.909,-171.941,-0.989785,0.139969,0.027095,-0.141268,-0.988490,-0.054136,0.019206,-0.057410,0.998166,0,0.33582,0.16668,20.149,0.333,-1,425.000,-1,375.000,-1,325.000,300.000,325.000,325.000,-1,950.000,-1,-1,1000.000,750.000,-1,-1,2,0,2,0,2,0,0,0,0,2,0,2,2,0,0,2,2
106,-3184.946,-901.825,384.157,-171.607,-0.988951,0.145713,0.027260,-0.147023,-0.987622,-0.054649,0.018959,-0.058053,0.998133,0,0.25582,0.16668,15.349,0.333,-1,425.000,-1,375.000,-1,325.000,300.000,325.000,325.000,-1,975.000,-1,-1,1000.000,775.000,-1,-1,2,0,2,0,2,0,0,0,0,2,0,2,2,0,0,2,2
107,-3195.372,-903.426,384.322,-171.274,-0.988086,0.151452,0.027372,-0.152768,-0.986729,-0.055020,0.018676,-0.058546,0.998110,0,0.17582,0.16668,10.549,0.333,-1,425.000,-1,375.000,-1,325.000,300.000,325.000,325.000,-1,1000.000,-1,-1,1000.000,775.000,-1,-1,2,0,2,0,2,0,0,0,0,2,0,2,2,0,0,2,2
108,-3201.050,-904.331,384.408,-170.940,-0.987188,0.157187,0.027434,-0.158503,-0.985812,-0.055243,0.018361,-0.058883,0.998096,0,0.09582,0.16668,5.749,0.333,-1,425.000,-1,375.000,-1,325.000,300.000,325.000,325.000,-1,-1,-1,-1,-1,775.000,-1,-1,2,0,2,0,2,0,0,0,0,2,2,2,2,2,0,2,2
109,-3201.986,-904.486,384.420,-170.607,-0.986258,0.162919,0.027443,-0.164229,-0.984870,-0.055312,0.018017,-0.059059,0.998092,0,0.01582,0.16668,0.949,0.333,-1,425.000,-1,375.000,-1,325.000,300.000,325.000,325.000,-1,-1,-1,-1,-1,775.000,-1,-1,2,0,2,0,2,0,0,0,0,2,2,2,2,2,0,2,2
110,-3198.190,-903.836,384.361,-170.274,-0.985296,0.168646,0.027402,-0.169944,-0.983905,-0.055225,0.017647,-0.059070,0.998098,0,-0.06418,0.16668,-3.851,0.333,-1,425.000,-1,375.000,-1,325.000,300.000,325.000,325.000,-1,-1,-1,-1,-1,775.000,-1,-1,2,0,2,0,2,0,0,0,0,2,2,2,2,2,0,2,2
111,-3189.672,-902.325,384.232,-169.940,-0.984302,0.174369,0.027310,-0.175649,-0.982916,-0.054981,0.017256,-0.058915,0.998114,0,-0.14418,0.16668,-8.651,0.333,-1,425.000,-1,375.000,-1,325.000,300.000,325.000,325.000,-1,-1,-1,-1,-1,775.000,-1,-1,2,0,2,0,2,0,0,0,0,2,2,2,2,2,0,2,2
112,-3176.442,-899.898,384.037,-169.607,-0.983275,0.180089,0.027170,-0.181346,-0.981904,-0.054582,0.016848,-0.058596,0.998140,0,-0.22418,0.16668,-13.451,0.333,-1,425.000,-1,375.000,-1,325.000,300.000,325.000,325.000,-1,-1,-1,-1,-1,775.000,-1,-1,2,0,2,0,2,0,0,0,0,2,2,2,2,2,0,2,2
113,-3158.510,-896.501,383.776,-169.274,-0.982216,0.185804,0.026983,-0.187033,-0.980867,-0.054031,0.016428,-0.058116,0.998175,0,-0.30418,0.16668,-18.251,0.333,-1,425.000,-1,375.000,-1,325.000,300.000,325.000,325.000,-1,-1,-1,-1,-1,775.000,-1,-1,2,0,2,0,2,0,0,0,0,2,2,2,2,2,0,2,2
114,-3136.167,-892.133,383.453,-168.940,-0.981125,0.191514,0.026756,-0.192711,-0.979805,-0.053342,0.016000,-0.057492,0.998218,0,-0.37941,0.16668,-22.765,0.333,-1,425.000,-1,375.000,-1,325.000,300.000,325.000,325.000,-1,-1,-1,-1,1000.000,750.000,-1,-1,2,0,2,0,2,0,0,0,0,2,2,2,2,0,0,2,2
115,-3113.851,-887.636,383.131,-168.607,-0.980000,0.197219,0.026537,-0.198385,-0.978708,-0.052666,0.015586,-0.056877,0.998260,0,-0.37941,0.16668,-22.765,0.333,-1,425.000,-1,375.000,-1,325.000,300.000,325.000,325.000,-1,-1,-1,-1,1000.000,750.000,-1,-1,2,0,2,0,2,0,0,0,0,2,2,2,2,0,0,2,2
116,-3091.561,-883.009,382.811,-168.274,-0.978842,0.202917,0.026326,-0.204053,-0.977578,-0.052003,0.015184,-0.056274,0.998300,0,-0.37941,0.16668,-22.765,0.333,-1,400.000,-1,375.000,-1,325.000,300.000,325.000,300.000,-1,-1,-1,-1,1000.000,750.000,-1,-1,2,0,2,0,2,0,0,0,0,2,2,2,2,0,0,2,2
117,-3069.299,-878.252,382.491,-167.940,-0.977650,0.208608,0.026124,-0.209716,-0.976413,-0.051353,0.014795,-0.055683,0.998339,0,-0.37941,0.16668,-22.765,0.333,-1,400.000,-1,375.000,-1,325.000,300.000,325.000,300.000,-1,-1,-1,-1,975.000,750.000,-1,-1,2,0,2,0,2,0,0,0,0,2,2,2,2,0,0,2,2
118,-3047.065,-873.366,382.173,-167.607,-0.976425,0.214292,0.025930,-0.215373,-0.975214,-0.050716,0.014419,-0.055105,0.998376,0,-0.37941,0.16668,-22.765,0.333,-1,400.000,-1,375.000,-1,325.000,300.000,325.000,300.000,-1,-1,-1,-1,975.000,750.000,-1,-1,2,0,2,0,2,0,0,0,0,2,2,2,2,0,0,2,2
119,-3024.859,-868.351,381.855,-167.273,-0.975167,0.219970,0.025745,-0.221025,-0.973981,-0.050095,0.014056,-0.054541,0.998413,0,-0.37941,0.16668,-22.765,0.333,-1,400.000,-1,375.000,-1,325.000,300.000,325.000,300.000,-1,-1,-1,-1,975.000,750.000,-1,-1,2,0,2,0,2,0,0,0,0,2,2,2,2,0,0,2,2
120,-3002.683,-863.206,381.537,-166.940,-0.973875,0.225640,0.025571,-0.226670,-0.972714,-0.049489,0.013706,-0.053992,0.998447,0,-0.37941,0.16668,-22.765,0.333,-1,400.000,-1,375.000,-1,325.000,300.000,325.000,300.000,-1,-1,-1,-1,975.000,750.000,-1,-1,2,0,2,0,2,0,0,0,0,2,2,2,2,0,0,2,2
121,-2980.537,-857.933,381.219,-166.607,-0.972550,0.231302,0.025406,-0.232309,-0.971412,-0.048898,0.013370,-0.053458,0.998481,0,-0.37941,0.16668,-22.765,0.333,-1,400.000,-1,375.000,-1,325.000,300.000,325.000,300.000,-1,-1,-1,-1,975.000,750.000,-1,-1,2,0,2,0,2,0,0,0,0,2,2,2,2,0,0,2,2
122,-2958.422,-852.531,380.901,-166.273,-0.971192,0.236956,0.025252,-0.237941,-0.970077,-0.048324,0.013046,-0.052941,0.998512,0,-0.37941,0.16668,-22.765,0.333,-1,400.000,-1,375.000,-1,325.000,300.000,325.000,300.000,-1,-1,-1,-1,950.000,750.000,-1,-1,2,0,2,0,2,0,0,0,0,2,2,2,2,0,0,2,2
123,-2936.340,-847.000,380.583,-165.940,-0.969801,0.242603,0.025110,-0.243566,-0.968707,-0.047767,0.012736,-0.052441,0.998543,0,-0.37941,0.16668,-22.765,0.333,-1,400.000,-1,375.000,-1,325.000,300.000,325.000,300.000,-1,-1,-1,-1,950.000,750.000,-1,-1,2,0,2,0,2,0,0,0,0,2,2,2,2,0,0,2,2
124,-2914.289,-841.341,380.264,-165.607,-0.968376,0.248241,0.024979,-0.249185,-0.967304,-0.047228,0.012438,-0.051959,0.998572,0,-0.37941,0.16668,-22.765,0.333,-1,400.000,-1,375.000,-1,325.000,300.000,300.000,300.000,-1,-1,-1,-1,950.000,750.000,-1,-1,2,0,2,0,2,0,0,0,0,2,2,2,2,0,0,2,2
125,-2892.272,-835.554,379.943,-165.273,-0.966919,0.253871,0.024860,-0.254796,-0.965866,-0.046707,0.012154,-0.051496,0.998599,0,-0.37941,0.16668,-22.765,0.333,-1,400.000,-1,375.000,-1,325.000,300.000,300.000,300.000,-1,-1,-1,-1,950.000,725.000,-1,-1,2,0,2,0,2,0,0,0,0,2,2,2,2,0,0,2,2
126,-2870.289,-829.638,379.622,-164.940,-0.965428,0.259492,0.024755,-0.260399,-0.964395,-0.046204,0.011884,-0.051053,0.998625,0,-0.37941,0.16668,-22.765,0.333,-1,400.000,-1,375.000,-1,325.000,300.000,300.000,300.000,-1,-1,-1,-1,925.000,725.000,-1,-1,2,0,2,0,2,0,0,0,0,2,2,2,2,0,0,2,2
127,-2848.341,-823.595,379.300,-164.607,-0.963904,0.265105,0.024662,-0.265995,-0.962889,-0.045721,0.011626,-0.050631,0.998650,0,-0.37941,0.16668,-22.765,0.333,-1,400.000,-1,375.000,-1,325.000,300.000,300.000,300.000,-1,-1,-1,-1,925.000,725.000,-1,-1,2,0,2,0,2,0,0,0,0,2,2,2,2,0,0,2,2
128,-2826.428,-817.425,378.976,-164.273,-0.962348,0.270708,0.024584,-0.271584,-0.961350,-0.045258,0.011382,-0.050230,0.998673,0,-0.37941,0.16668,-22.765,0.333,-1,400.000,-1,375.000,-1,325.000,300.000,300.000,300.000,-1,-1,-1,-1,925.000,725.000,-1,-1,2,0,2,0,2,0,0,0,0,2,2,2,2,0,0,2,2
129,-2809.186,-812.383,378.714,-163.700,-0.959593,0.280317,0.024555,-0.281178,-0.958602,-0.044961,0.010936,-0.050048,0.998687,0,-0.29941,0.28668,-17.965,0.573,-1,400.000,-1,375.000,-1,325.000,300.000,300.000,300.000,-1,-1,-1,-1,925.000,725.000,-1,-1,2,0,2,0,2,0,0,0,0,2,2,2,2,0,0,2,2
130,-2796.603,-808.509,378.515,-162.887,-0.955521,0.293896,0.024578,-0.294743,-0.954525,-0.044820,0.010288,-0.050071,0.998693,0,-0.21941,0.40668,-13.165,0.813,-1,400.000,-1,375.000,-1,325.000,300.000,300.000,300.000,-1,-1,-1,-1,925.000,725.000,-1,-1,2,0,2,0,2,0,0,0,0,2,2,2,2,0,0,2,2
131,-2788.655,-805.901,378.381,-161.833,-0.949962,0.311391,0.024638,-0.312222,-0.948951,-0.044819,0.009424,-0.050268,0.998691,0,-0.13941,0.52668,-8.365,1.053,-1,400.000,-1,375.000,-1,325.000,300.000,300.000,300.000,-1,-1,-1,-1,925.000,725.000,-1,-1,2,0,2,0,2,0,0,0,0,2,2,2,2,0,0,2,2
132,-2785.292,-804.718,378.308,-160.623,-0.943181,0.331358,0.024731,-0.332173,-0.942147,-0.044939,0.008409,-0.050600,0.998684,0,-0.05941,0.60510,-3.565,1.210,-1,400.000,-1,375.000,-1,325.000,300.000,300.000,300.000,-1,-1,-1,-1,925.000,725.000,-1,-1,2,0,2,0,2,0,0,0,0,2,2,2,2,0,0,2,2
133,-2786.448,-805.153,378.290,-159.413,-0.935980,0.351175,0.024844,-0.351976,-0.934919,-0.045157,0.007369,-0.051010,0.998671,0,0.02059,0.60510,1.235,1.210,-1,400.000,-1,375.000,-1,325.000,300.000,300.000,300.000,-1,-1,-1,-1,925.000,725.000,-1,-1,2,0,2,0,2,0,0,0,0,2,2,2,2,0,0,2,2
134,-2792.051,-807.394,378.318,-158.203,-0.928363,0.370833,0.024978,-0.371620,-0.927270,-0.045477,0.006297,-0.051502,0.998653,0,0.10059,0.60510,6.035,1.210,-1,400.000,-1,375.000,-1,325.000,300.000,300.000,300.000,-1,-1,-1,-1,925.000,725.000,-1,-1,2,0,2,0,2,0,0,0,0,2,2,2,2,0,0,2,2
135,-2802.024,-811.629,378.379,-156.992,-0.920335,0.390323,0.025133,-0.391097,-0.919204,-0.045907,0.005183,-0.052080,0.998629,0,0.18059,0.60510,10.835,1.210,-1,400.000,-1,375.000,-1,325.000,300.000,300.000,300.000,-1,-1,-1,-1,950.000,725.000,-1,-1,2,0,2,0,2,0,0,0,0,2,2,2,2,0,0,2,2
