timestep,x_cm,y_cm,z_cm,yaw_deg,basis_xx,basis_xy,basis_xz,basis_yx,basis_yy,basis_yz,basis_zx,basis_zy,basis_zz,teleport_flag,throttle_cmd,steering_cmd,cmd_move_cm,cmd_turn_deg,lidar_cm_0,lidar_cm_1,lidar_cm_2,lidar_cm_3,lidar_cm_4,lidar_cm_5,lidar_cm_6,lidar_cm_7,lidar_cm_8,lidar_cm_9,lidar_cm_10,lidar_cm_11,lidar_cm_12,lidar_cm_13,lidar_cm_14,lidar_cm_15,lidar_cm_16,lidar_class_0,lidar_class_1,lidar_class_2,lidar_class_3,lidar_class_4,lidar_class_5,lidar_class_6,lidar_class_7,lidar_class_8,lidar_class_9,lidar_class_10,lidar_class_11,lidar_class_12,lidar_class_13,lidar_class_14,lidar_class_15,lidar_class_16
0,-3602.862,2295.185,-103.590,173.137,-0.992661,-0.119468,0.018775,0.119845,-0.992581,0.020473,0.016189,0.022573,0.999614,1,-0.08000,-0.12000,-4.800,-0.240,-1,375.000,-1,400.000,-1,300.000,300.000,325.000,325.000,-1,-1,-1,-1,825.000,775.000,-1,-1,2,0,2,0,2,0,0,0,0,2,2,2,2,0,0,2,2
1,-3593.341,2293.958,-103.746,172.657,-0.991626,-0.127778,0.018724,0.128154,-0.991544,0.020444,0.015954,0.022673,0.999616,0,-0.16000,-0.24000,-9.600,-0.480,-1,375.000,-1,400.000,-1,300.000,300.000,325.000,325.000,-1,-1,-1,-1,825.000,775.000,-1,-1,2,0,2,0,2,0,0,0,0,2,2,2,2,0,0,2,2
2,-3579.083,2291.938,-103.976,171.937,-0.989944,-0.140228,0.018647,0.140599,-0.989857,0.020390,0.015599,0.022807,0.999618,0,-0.24000,-0.36000,-14.400,-0.720,-1,375.000,-1,400.000,-1,300.000,300.000,325.000,325.000,-1,-1,-1,-1,825.000,775.000,-1,-1,2,0,2,0,2,0,0,0,0,2,2,2,2,0,0,2,2
3,-3560.121,2288.927,-104.275,170.977,-0.987458,-0.156792,0.018540,0.157158,-0.987365,0.020299,0.015123,0.022958,0.999622,0,-0.32000,-0.48000,-19.200,-0.960,-1,375.000,-1,400.000,-1,300.000,325.000,325.000,325.000,-1,-1,-1,-1,800.000,775.000,-1,-1,2,0,2,0,2,0,0,0,0,2,2,2,2,0,0,2,2
4,-3536.502,2284.667,-104.638,169.777,-0.983961,-0.177435,0.018401,0.177794,-0.983861,0.020156,0.014527,0.023105,0.999627,0,-0.40000,-0.60000,-24.000,-1.200,-1,375.000,-1,400.000,-1,300.000,325.000,325.000,325.000,-1,-1,-1,-1,800.000,775.000,-1,-1,2,0,2,0,2,0,0,0,0,2,2,2,2,0,0,2,2
5,-3508.294,2278.858,-105.058,168.362,-0.979285,-0.201666,0.018226,0.202015,-0.979179,0.019942,0.013825,0.023211,0.999635,0,-0.48000,-0.70721,-28.800,-1.414,-1,375.000,-1,400.000,-1,300.000,325.000,325.000,325.000,-1,-1,-1,-1,775.000,775.000,-1,-1,2,0,2,0,2,0,0,0,0,2,2,2,2,0,0,2,2
6,-3476.464,2271.479,-105.517,166.948,-0.974013,-0.225774,0.018030,0.226112,-0.973903,0.019634,0.013126,0.023201,0.999645,0,-0.54458,-0.70721,-32.675,-1.414,-1,375.000,-1,400.000,-1,300.000,325.000,325.000,325.000,-1,-1,-1,-1,775.000,775.000,-1,-1,2,0,2,0,2,0,0,0,0,2,2,2,2,0,0,2,2
7,-3444.825,2263.317,-105.957,165.534,-0.968147,-0.249746,0.017824,0.250072,-0.968035,0.019279,0.012439,0.023122,0.999655,0,-0.54458,-0.70721,-32.675,-1.414,-1,375.000,-1,400.000,-1,300.000,325.000,325.000,325.000,-1,-1,-1,-1,775.000,775.000,-1,-1,2,0,2,0,2,0,0,0,0,2,2,2,2,0,0,2,2
8,-3413.398,2254.376,-106.376,164.119,-0.961692,-0.273565,0.017608,0.273879,-0.961579,0.018875,0.011768,0.022974,0.999667,0,-0.54458,-0.70721,-32.675,-1.414,-1,375.000,-1,400.000,-1,300.000,325.000,325.000,325.000,-1,-1,-1,-1,750.000,775.000,-1,-1,2,0,2,0,2,0,0,0,0,2,2,2,2,0,0,2,2
9,-3382.201,2244.662,-106.775,162.705,-0.954651,-0.297219,0.017380,0.297519,-0.954538,0.018421,0.011115,0.022756,0.999679,0,-0.54458,-0.70721,-32.675,-1.414,-1,375.000,-1,400.000,-1,300.000,325.000,300.000,325.000,-1,-1,-1,-1,750.000,775.000,-1,-1,2,0,2,0,2,0,0,0,0,2,2,2,2,0,0,2,2
10,-3351.253,2234.181,-107.088,161.290,-0.947026,-0.320694,0.017243,0.320980,-0.946922,0.017633,0.010673,0.022234,0.999696,0,-0.54458,-0.70721,-32.675,-1.414,-1,375.000,-1,400.000,-1,300.000,325.000,300.000,325.000,-1,-1,-1,-1,750.000,775.000,-1,-1,2,0,2,0,2,0,0,0,0,2,2,2,2,0,0,2,2
11,-3320.573,2222.939,-107.327,159.876,-0.938824,-0.343976,0.017004,0.344244,-0.938733,0.016610,0.010249,0.021448,0.999717,0,-0.54458,-0.70721,-32.675,-1.414,-1,375.000,-1,400.000,-1,300.000,325.000,300.000,325.000,-1,-1,-1,-1,725.000,800.000,-1,-1,2,0,2,0,2,0,0,0,0,2,2,2,2,0,0,2,2
12,-3290.180,2210.944,-107.522,158.461,-0.930053,-0.367050,0.016616,0.367296,-0.929975,0.015498,0.009763,0.020517,0.999742,0,-0.54458,-0.70721,-32.675,-1.414,-1,375.000,-1,400.000,-1,300.000,325.000,300.000,325.000,-1,-1,-1,-1,725.000,800.000,-1,-1,2,0,2,0,2,0,0,0,0,2,2,2,2,0,0,2,2
13,-3260.092,2198.202,-107.707,157.047,-0.920714,-0.389901,0.016210,0.390127,-0.920649,0.014383,0.009316,0.019567,0.999765,0,-0.54458,-0.70721,-32.675,-1.414,-1,375.000,-1,400.000,-1,300.000,325.000,300.000,325.000,-1,-1,-1,-1,725.000,800.000,-1,-1,2,0,2,0,2,0,0,0,0,2,2,2,2,0,0,2,2
14,-3230.328,2184.721,-108.078,155.633,-0.910802,-0.412509,0.016607,0.412735,-0.910748,0.013686,0.009479,0.019320,0.999768,0,-0.54458,-0.70721,-32.675,-1.414,-1,375.000,-1,400.000,-1,300.000,325.000,300.000,325.000,-1,-1,-1,-1,725.000,825.000,-1,-1,2,0,2,0,2,0,0,0,0,2,2,2,2,0,0,2,2
15,-3200.906,2170.509,-108.474,154.218,-0.900332,-0.434866,0.017156,0.435094,-0.900291,0.013022,0.009783,0.019188,0.999768,0,-0.54458,-0.70721,-32.675,-1.414,-1,375.000,-1,400.000,-1,300.000,325.000,300.000,325.000,-1,-1,-1,-1,725.000,825.000,-1,-1,2,0,2,0,2,0,0,0,0,2,2,2,2,0,0,2,2
16,-3171.844,2155.575,-108.896,152.804,-0.889315,-0.456958,0.017562,0.457186,-0.889287,0.012246,0.010022,0.018919,0.999771,0,-0.54458,-0.70721,-32.675,-1.414,-1,375.000,-1,425.000,-1,325.000,325.000,300.000,325.000,-1,-1,-1,-1,725.000,850.000,-1,-1,2,0,2,0,2,0,0,0,0,2,2,2,2,0,0,2,2
17,-3143.159,2139.929,-109.318,151.389,-0.877755,-0.478773,0.017950,0.478999,-0.877741,0.011426,0.010285,0.018628,0.999774,0,-0.54458,-0.70721,-32.675,-1.414,-1,375.000,-1,425.000,-1,325.000,325.000,300.000,325.000,-1,-1,-1,-1,725.000,850.000,-1,-1,2,0,2,0,2,0,0,0,0,2,2,2,2,0,0,2,2
18,-3114.869,2123.579,-109.734,149.975,-0.865660,-0.500296,0.018342,0.500520,-0.865660,0.010574,0.010587,0.018334,0.999776,0,-0.54458,-0.70721,-32.675,-1.414,-1,375.000,-1,425.000,-1,325.000,325.000,300.000,325.000,-1,-1,-1,-1,750.000,875.000,-1,-1,2,0,2,0,2,0,0,0,0,2,2,2,2,0,0,2,2
19,-3086.992,2106.537,-110.145,148.560,-0.853037,-0.521514,0.018733,0.521736,-0.853052,0.009691,0.010927,0.018041,0.999778,0,-0.54458,-0.70721,-32.675,-1.414,-1,375.000,-1,425.000,-1,325.000,325.000,300.000,325.000,-1,-1,-1,-1,750.000,875.000,-1,-1,2,0,2,0,2,0,0,0,0,2,2,2,2,0,0,2,2
20,-3059.543,2088.811,-110.554,147.146,-0.839893,-0.542415,0.019126,0.542634,-0.839924,0.008756,0.011314,0.017733,0.999779,0,-0.54458,-0.70721,-32.675,-1.414,-1,375.000,-1,425.000,-1,325.000,325.000,300.000,300.000,-1,-1,-1,-1,750.000,900.000,-1,-1,2,0,2,0,2,0,0,0,0,2,2,2,2,0,0,2,2
21,-3032.540,2070.413,-110.962,145.732,-0.826237,-0.562985,0.019514,0.563201,-0.826283,0.007778,0.011745,0.017417,0.999779,0,-0.54458,-0.70721,-32.675,-1.414,-1,375.000,-1,425.000,-1,325.000,325.000,300.000,300.000,-1,-1,-1,-1,750.000,900.000,-1,-1,2,0,2,0,2,0,0,0,0,2,2,2,2,0,0,2,2
22,-3006.000,2051.354,-111.367,144.317,-0.812076,-0.583213,0.019894,0.583424,-0.812139,0.006760,0.012214,0.017097,0.999779,0,-0.54458,-0.70721,-32.675,-1.414,-1,375.000,-1,425.000,-1,325.000,325.000,300.000,300.000,-1,-1,-1,-1,750.000,925.000,-1,-1,2,0,2,0,2,0,0,0,0,2,2,2,2,0,0,2,2
23,-2979.939,2031.645,-111.837,142.903,-0.797417,-0.603088,0.020274,0.603290,-0.797504,0.005353,0.012940,0.016500,0.999780,0,-0.54458,-0.70721,-32.675,-1.414,-1,375.000,-1,425.000,-1,325.000,325.000,300.000,300.000,-1,-1,-1,-1,775.000,925.000,-1,-1,2,0,2,0,2,0,0,0,0,2,2,2,2,0,0,2,2
24,-2954.371,2011.300,-112.331,141.488,-0.782271,-0.622597,0.020623,0.622786,-0.782383,0.003765,0.013791,0.015789,0.999780,0,-0.54458,-0.70721,-32.675,-1.414,-1,375.000,-1,425.000,-1,325.000,325.000,300.000,300.000,-1,-1,-1,-1,775.000,950.000,-1,-1,2,0,2,0,2,0,0,0,0,2,2,2,2,0,0,2,2
25,-2929.314,1990.330,-112.828,140.074,-0.766648,-0.641727,0.020930,0.641900,-0.766786,0.002114,0.014692,0.015056,0.999779,0,-0.54458,-0.70721,-32.675,-1.414,-1,400.000,-1,425.000,-1,325.000,325.000,300.000,300.000,-1,-1,-1,-1,775.000,975.000,-1,-1,2,0,2,0,2,0,0,0,0,2,2,2,2,0,0,2,2
26,-2904.782,1968.747,-113.328,138.659,-0.750557,-0.660466,0.021191,0.660620,-0.750720,0.000404,0.015642,0.014302,0.999775,0,-0.54458,-0.70721,-32.675,-1.414,-1,400.000,-1,425.000,-1,325.000,325.000,300.000,300.000,-1,-1,-1,-1,775.000,975.000,-1,-1,2,0,2,0,2,0,0,0,0,2,2,2,2,0,0,2,2
27,-2884.235,1949.910,-113.755,137.485,-0.736848,-0.675720,0.021371,0.675857,-0.737032,-0.001100,0.016494,0.013633,0.999771,0,-0.46458,-0.58721,-27.875,-1.174,-1,400.000,-1,425.000,-1,325.000,325.000,300.000,300.000,-1,-1,-1,-1,800.000,1000.000,-1,-1,2,0,2,0,2,0,0,0,0,2,2,2,2,0,0,2,2
28,-2867.484,1934.041,-114.082,136.551,-0.725719,-0.687656,0.021478,0.687774,-0.725921,-0.002510,0.017317,0.012950,0.999766,0,-0.38458,-0.46721,-23.075,-0.934,-1,400.000,-1,425.000,-1,325.000,325.000,300.000,300.000,-1,-1,-1,-1,800.000,1000.000,-1,-1,2,0,2,0,2,0,0,0,0,2,2,2,2,0,0,2,2
29,-2854.370,1921.314,-114.336,135.856,-0.717322,-0.696409,0.021537,0.696509,-0.717539,-0.003676,0.018013,0.012364,0.999761,0,-0.30458,-0.34721,-18.275,-0.694,-1,400.000,-1,425.000,-1,325.000,325.000,300.000,300.000,-1,-1,-1,-1,800.000,1000.000,-1,-1,2,0,2,0,2,0,0,0,0,2,2,2,2,0,0,2,2
30,-2844.775,1911.853,-114.526,135.402,-0.711770,-0.702082,0.021568,0.702168,-0.711997,-0.004539,0.018544,0.011914,0.999757,0,-0.22458,-0.22721,-13.475,-0.454,-1,400.000,-1,425.000,-1,325.000,325.000,300.000,300.000,-1,-1,-1,-1,800.000,1000.000,-1,-1,2,0,2,0,2,0,0,0,0,2,2,2,2,0,0,2,2
31,-2838.621,1905.739,-114.650,135.187,-0.709133,-0.704744,0.021585,0.704821,-0.709367,-0.005100,0.018906,0.011597,0.999754,0,-0.14458,-0.10721,-8.675,-0.214,-1,400.000,-1,425.000,-1,325.000,325.000,300.000,300.000,-1,-1,-1,-1,800.000,1000.000,-1,-1,2,0,2,0,2,0,0,0,0,2,2,2,2,0,0,2,2
32,-2835.871,1903.010,-114.706,135.213,-0.709446,-0.704429,0.021595,0.704501,-0.709683,-0.005358,0.019100,0.011412,0.999752,0,-0.06458,0.01279,-3.875,0.026,-1,400.000,-1,425.000,-1,325.000,325.000,300.000,300.000,-1,-1,-1,-1,800.000,1000.000,-1,-1,2,0,2,0,2,0,0,0,0,2,2,2,2,0,0,2,2
33,-2836.531,1903.658,-114.692,135.478,-0.712704,-0.701132,0.021598,0.701204,-0.712941,-0.005314,0.019124,0.011357,0.999753,0,0.01542,0.13279,0.925,0.266,-1,400.000,-1,425.000,-1,325.000,325.000,300.000,300.000,-1,-1,-1,-1,800.000,1000.000,-1,-1,2,0,2,0,2,0,0,0,0,2,2,2,2,0,0,2,2
34,-2840.649,1907.637,-114.608,135.984,-0.718866,-0.694814,0.021591,0.694890,-0.719099,-0.004969,0.018979,0.011432,0.999755,0,0.09542,0.25279,5.725,0.506,-1,400.000,-1,425.000,-1,325.000,325.000,300.000,300.000,-1,-1,-1,-1,800.000,1000.000,-1,-1,2,0,2,0,2,0,0,0,0,2,2,2,2,0,0,2,2
35,-2848.310,1914.853,-114.452,136.713,-0.727651,-0.685608,0.021566,0.685693,-0.727878,-0.004325,0.018663,0.011641,0.999758,0,0.17542,0.36444,10.525,0.729,-1,400.000,-1,425.000,-1,325.000,325.000,300.000,300.000,-1,-1,-1,-1,800.000,1000.000,-1,-1,2,0,2,0,2,0,0,0,0,2,2,2,2,0,0,2,2
36,-2859.555,1925.266,-114.228,137.202,-0.733482,-0.679368,0.021513,0.679469,-0.733697,-0.003353,0.018062,0.012158,0.999763,0,0.25542,0.24444,15.325,0.489,-1,400.000,-1,425.000,-1,325.000,325.000,300.000,300.000,-1,-1,-1,-1,800.000,1000.000,-1,-1,2,0,2,0,2,0,0,0,0,2,2,2,2,0,0,2,2
37,-2874.382,1938.875,-113.943,137.451,-0.736436,-0.676168,0.021438,0.676289,-0.736633,-0.002056,0.017182,0.012984,0.999768,0,0.33542,0.12444,20.125,0.249,-1,400.000,-1,425.000,-1,325.000,325.000,300.000,300.000,-1,-1,-1,-1,800.000,1000.000,-1,-1,2,0,2,0,2,0,0,0,0,2,2,2,2,0,0,2,2
38,-2892.747,1955.727,-113.580,137.460,-0.736552,-0.676044,0.021345,0.676189,-0.736728,-0.000563,0.016107,0.014019,0.999772,0,0.41542,0.00444,24.925,0.009,-1,400.000,-1,425.000,-1,325.000,325.000,300.000,300.000,-1,-1,-1,-1,800.000,975.000,-1,-1,2,0,2,0,2,0,0,0,0,2,2,2,2,0,0,2,2
39,-2914.567,1975.913,-113.161,137.228,-0.733833,-0.678998,0.021260,0.679169,-0.733981,0.001186,0.014799,0.015309,0.999773,0,0.49542,-0.11556,29.725,-0.231,-1,400.000,-1,425.000,-1,325.000,325.000,300.000,300.000,-1,-1,-1,-1,800.000,975.000,-1,-1,2,0,2,0,2,0,0,0,0,2,2,2,2,0,0,2,2
40,-2939.718,1999.565,-112.706,136.757,-0.728241,-0.684993,0.021208,0.685193,-0.728355,0.003209,0.013249,0.016868,0.999770,0,0.57542,-0.23556,34.525,-0.471,-1,400.000,-1,425.000,-1,325.000,325.000,300.000,300.000,-1,-1,-1,-1,800.000,975.000,-1,-1,2,0,2,0,2,0,0,0,0,2,2,2,2,0,0,2,2
41,-2968.028,2026.860,-112.228,136.046,-0.719704,-0.693957,0.021221,0.694187,-0.719774,0.005489,0.011465,0.018682,0.999760,0,0.65542,-0.35556,39.325,-0.711,-1,400.000,-1,425.000,-1,325.000,325.000,300.000,300.000,-1,-1,-1,-1,800.000,975.000,-1,-1,2,0,2,0,2,0,0,0,0,2,2,2,2,0,0,2,2
42,-2999.282,2058.009,-111.753,135.095,-0.708109,-0.705781,0.021329,0.706040,-0.708127,0.007961,0.009485,0.020696,0.999741,0,0.73542,-0.47556,44.125,-0.951,-1,400.000,-1,425.000,-1,325.000,325.000,300.000,300.000,-1,-1,-1,-1,800.000,975.000,-1,-1,2,0,2,0,2,0,0,0,0,2,2,2,2,0,0,2,2
43,-3033.343,2093.131,-111.406,134.122,-0.696038,-0.717684,0.021450,0.717963,-0.696009,0.010002,0.007751,0.022362,0.999720,0,0.81542,-0.48674,48.925,-0.973,-1,400.000,-1,425.000,-1,325.000,325.000,300.000,300.000,-1,-1,-1,-1,800.000,975.000,-1,-1,2,0,2,0,2,0,0,0,0,2,2,2,2,0,0,2,2
44,-3068.467,2130.602,-111.086,133.148,-0.683770,-0.729376,0.021660,0.729673,-0.683688,0.012175,0.005928,0.024130,0.999691,0,0.85599,-0.48674,51.359,-0.973,-1,400.000,-1,425.000,-1,325.000,350.000,300.000,300.000,-1,-1,-1,-1,800.000,975.000,-1,-1,2,0,2,0,2,0,0,0,0,2,2,2,2,0,0,2,2
45,-3102.950,2168.664,-110.812,132.175,-0.671308,-0.740853,0.021966,0.741167,-0.671167,0.014376,0.004092,0.025931,0.999655,0,0.85599,-0.48674,51.359,-0.973,-1,400.000,-1,425.000,-1,325.000,350.000,300.000,300.000,-1,-1,-1,-1,800.000,975.000,-1,-1,2,0,2,0,2,0,0,0,0,2,2,2,2,0,0,2,2
46,-3136.781,2207.306,-110.584,131.201,-0.658656,-0.752112,0.022370,0.752441,-0.658451,0.016601,0.002244,0.027766,0.999612,0,0.85599,-0.48674,51.359,-0.973,-1,400.000,-1,425.000,-1,325.000,350.000,300.000,300.000,-1,-1,-1,-1,800.000,975.000,-1,-1,2,0,2,0,2,0,0,0,0,2,2,2,2,0,0,2,2
47,-3169.950,2246.518,-110.656,130.228,-0.645836,-0.763172,0.021531,0.763476,-0.645563,0.018806,-0.000452,0.028584,0.999591,0,0.85599,-0.48674,51.359,-0.973,-1,400.000,-1,425.000,-1,325.000,350.000,300.000,300.000,-1,-1,-1,-1,800.000,975.000,-1,-1,2,0,2,0,2,0,0,0,0,2,2,2,2,0,0,2,2
48,-3202.448,2286.288,-111.006,129.254,-0.632844,-0.774032,0.019571,0.774270,-0.632505,0.021057,-0.003920,0.028480,0.999587,0,0.85599,-0.48674,51.359,-0.973,-1,400.000,-1,425.000,-1,325.000,350.000,300.000,300.000,-1,-1,-1,-1,800.000,950.000,-1,-1,2,0,2,0,2,0,0,0,0,2,2,2,2,0,0,2,2
49,-3234.266,2326.605,-111.387,128.281,-0.619662,-0.784667,0.017788,0.784834,-0.619264,0.023404,-0.007350,0.028463,0.999568,0,0.85599,-0.48674,51.359,-0.973,-1,400.000,-1,425.000,-1,325.000,350.000,300.000,300.000,-1,-1,-1,-1,775.000,950.000,-1,-1,2,0,2,0,2,0,0,0,0,2,2,2,2,0,0,2,2
50,-3265.394,2367.456,-111.800,127.307,-0.606298,-0.795073,0.016172,0.795165,-0.605842,0.025839,-0.010746,0.028526,0.999535,0,0.85599,-0.48674,51.359,-0.973,-1,400.000,-1,425.000,-1,325.000,325.000,300.000,300.000,-1,-1,-1,-1,775.000,925.000,-1,-1,2,0,2,0,2,0,0,0,0,2,2,2,2,0,0,2,2
51,-3295.824,2408.831,-112.252,126.334,-0.592755,-0.805248,0.014747,0.805260,-0.592244,0.028352,-0.014097,0.028682,0.999489,0,0.85599,-0.48674,51.359,-0.973,-1,400.000,-1,425.000,-1,325.000,325.000,300.000,300.000,-1,-1,-1,-1,775.000,925.000,-1,-1,2,0,2,0,2,0,0,0,0,2,2,2,2,0,0,2,2
52,-3325.547,2450.715,-113.092,125.360,-0.579042,-0.815157,0.015166,0.815134,-0.578451,0.030840,-0.016367,0.030220,0.999409,0,0.85599,-0.48674,51.359,-0.973,-1,400.000,-1,425.000,-1,325.000,325.000,300.000,300.000,-1,-1,-1,-1,775.000,925.000,-1,-1,2,0,2,0,2,0,0,0,0,2,2,2,2,0,0,2,2
53,-3354.554,2493.099,-113.943,124.387,-0.565168,-0.824828,0.015642,0.824765,-0.564492,0.033341,-0.018671,0.031745,0.999322,0,0.85599,-0.48674,51.359,-0.973,-1,400.000,-1,425.000,-1,325.000,325.000,300.000,300.000,-1,-1,-1,-1,775.000,900.000,-1,-1,2,0,2,0,2,0,0,0,0,2,2,2,2,0,0,2,2
54,-3380.030,2532.070,-114.731,123.173,-0.547633,-0.836564,0.016109,0.836455,-0.546876,0.035632,-0.020999,0.032987,0.999235,0,0.77599,-0.60674,46.559,-1.213,-1,400.000,-1,425.000,-1,325.000,325.000,300.000,300.000,-1,-1,-1,-1,775.000,900.000,-1,-1,2,0,2,0,2,0,0,0,0,2,2,2,2,0,0,2,2
55,-3402.434,2568.317,-115.572,121.720,-0.526309,-0.850128,0.016787,0.849967,-0.525456,0.038112,-0.023580,0.034327,0.999132,0,0.71019,-0.72674,42.612,-1.453,-1,400.000,-1,425.000,-1,325.000,325.000,300.000,300.000,-1,-1,-1,-1,775.000,875.000,-1,-1,2,0,2,0,2,0,0,0,0,2,2,2,2,0,0,2,2
56,-3423.757,2605.210,-116.505,120.026,-0.501043,-0.865241,0.017725,0.865018,-0.500078,0.040810,-0.026447,0.035780,0.999010,0,0.71019,-0.84674,42.612,-1.693,-1,400.000,-1,425.000,-1,325.000,325.000,300.000,300.000,-1,-1,-1,-1,800.000,875.000,-1,-1,2,0,2,0,2,0,0,0,0,2,2,2,2,0,0,2,2
57,-3443.823,2642.802,-117.483,118.093,-0.471663,-0.881577,0.018869,0.881288,-0.470577,0.043466,-0.029440,0.037130,0.998877,0,0.71019,-0.96674,42.612,-1.933,-1,400.000,-1,425.000,-1,325.000,325.000,300.000,300.000,-1,-1,-1,-1,800.000,850.000,-1,-1,2,0,2,0,2,0,0,0,0,2,2,2,2,0,0,2,2
58,-3462.565,2681.071,-118.508,116.093,-0.440716,-0.897418,0.020233,0.897060,-0.439502,0.046056,-0.032439,0.038448,0.998734,0,0.71019,-1.00000,42.612,-2.000,-1,400.000,-1,425.000,-1,325.000,325.000,300.000,300.000,-1,-1,-1,-1,800.000,850.000,-1,-1,2,0,2,0,2,0,0,0,0,2,2,2,2,0,0,2,2
59,-3479.960,2719.970,-119.813,114.093,-0.409200,-0.912197,0.021260,0.911786,-0.407909,0.047501,-0.034658,0.038822,0.998645,0,0.71019,-1.00000,42.612,-2.000,-1,400.000,-1,425.000,-1,325.000,325.000,300.000,300.000,-1,-1,-1,-1,825.000,825.000,-1,-1,2,0,2,0,2,0,0,0,0,2,2,2,2,0,0,2,2
60,-3495.986,2759.454,-121.436,112.093,-0.377141,-0.925903,0.021619,0.925446,-0.375836,0.047922,-0.036246,0.038081,0.998617,0,0.71019,-1.00000,42.612,-2.000,-1,400.000,-1,425.000,-1,325.000,350.000,300.000,300.000,-1,-1,-1,-1,825.000,825.000,-1,-1,2,0,2,0,2,0,0,0,0,2,2,2,2,0,0,2,2
61,-3510.625,2799.472,-123.370,110.093,-0.344603,-0.938521,0.020694,0.937951,-0.343317,0.048807,-0.038702,0.036229,0.998594,0,0.71019,-1.00000,42.612,-2.000,-1,400.000,-1,425.000,-1,325.000,350.000,300.000,300.000,-1,-1,-1,-1,825.000,800.000,-1,-1,2,0,2,0,2,0,0,0,0,2,2,2,2,0,0,2,2
62,-3523.857,2839.978,-125.351,108.093,-0.311639,-0.949994,0.019824,0.949309,-0.310375,0.049796,-0.041153,0.034337,0.998563,0,0.71019,-1.00000,42.612,-2.000,-1,400.000,-1,425.000,-1,325.000,325.000,300.000,300.000,-1,-1,-1,-1,825.000,800.000,-1,-1,2,0,2,0,2,0,0,0,0,2,2,2,2,0,0,2,2
63,-3535.668,2880.920,-127.374,106.093,-0.278289,-0.960309,0.019016,0.959508,-0.277049,0.050879,-0.043591,0.032405,0.998524,0,0.71019,-1.00000,42.612,-2.000,-1,400.000,-1,400.000,-1,325.000,325.000,300.000,300.000,-1,-1,-1,-1,825.000,775.000,-1,-1,2,0,2,0,2,0,0,0,0,2,2,2,2,0,0,2,2
64,-3546.043,2922.250,-129.436,104.093,-0.244595,-0.969453,0.018278,0.968533,-0.243381,0.052043,-0.046005,0.030433,0.998478,0,0.71019,-1.00000,42.612,-2.000,-1,400.000,-1,400.000,-1,325.000,325.000,300.000,300.000,-1,-1,-1,-1,800.000,775.000,-1,-1,2,0,2,0,2,0,0,0,0,2,2,2,2,0,0,2,2
65,-3554.969,2963.916,-131.534,102.093,-0.210596,-0.977414,0.017616,0.976375,-0.209412,0.053277,-0.048385,0.028420,0.998424,0,0.71019,-1.00000,42.612,-2.000,-1,400.000,-1,400.000,-1,325.000,325.000,275.000,300.000,-1,-1,-1,-1,800.000,750.000,-1,-1,2,0,2,0,2,0,0,0,0,2,2,2,2,0,0,2,2
66,-3562.436,3005.869,-133.663,100.093,-0.176335,-0.984183,0.017034,0.983023,-0.175183,0.054567,-0.050720,0.026367,0.998365,0,0.71019,-1.00000,42.612,-2.000,-1,400.000,-1,400.000,-1,325.000,325.000,275.000,300.000,-1,-1,-1,-1,800.000,750.000,-1,-1,2,0,2,0,2,0,0,0,0,2,2,2,2,0,0,2,2
67,-3568.434,3048.056,-135.822,98.093,-0.141854,-0.989750,0.016532,0.988468,-0.140736,0.055899,-0.052999,0.024271,0.998300,0,0.71019,-1.00000,42.612,-2.000,-1,400.000,-1,400.000,-1,325.000,325.000,275.000,300.000,-1,-1,-1,-1,800.000,725.000,-1,-1,2,0,2,0,2,0,0,0,0,2,2,2,2,0,0,2,2
68,-3572.957,3090.427,-138.004,96.093,-0.107194,-0.994108,0.016112,0.992704,-0.106114,0.057261,-0.055214,0.022133,0.998229,0,0.71019,-1.00000,42.612,-2.000,-1,400.000,-1,400.000,-1,325.000,325.000,275.000,300.000,-1,-1,-1,-1,775.000,725.000,-1,-1,2,0,2,0,2,0,0,0,0,2,2,2,2,0,0,2,2
69,-3575.997,3132.930,-140.209,94.093,-0.072397,-0.997251,0.015771,0.995726,-0.071359,0.058639,-0.057352,0.019949,0.998155,0,0.71019,-1.00000,42.612,-2.000,-1,400.000,-1,375.000,-1,325.000,325.000,300.000,300.000,-1,-1,-1,-1,775.000,700.000,-1,-1,2,0,2,0,2,0,0,0,0,2,2,2,2,0,0,2,2
70,-3577.553,3175.514,-142.431,92.093,-0.037507,-0.999176,0.015507,0.997529,-0.036513,0.060020,-0.059405,0.017719,0.998077,0,0.71019,-1.00000,42.612,-2.000,-1,400.000,-1,375.000,-1,325.000,325.000,300.000,300.000,-1,-1,-1,-1,750.000,700.000,-1,-1,2,0,2,0,2,0,0,0,0,2,2,2,2,0,0,2,2
71,-3577.622,3218.126,-144.667,90.093,-0.002565,-0.999879,0.015312,0.998112,-0.001621,0.061393,-0.061361,0.015441,0.997996,0,0.71019,-1.00000,42.612,-2.000,-1,400.000,-1,375.000,-1,325.000,325.000,300.000,300.000,-1,-1,-1,-1,750.000,700.000,-1,-1,2,0,2,0,2,0,0,0,0,2,2,2,2,0,0,2,2
72,-3576.203,3260.714,-146.915,88.093,0.032385,-0.999360,0.015182,0.997475,0.033277,0.062746,-0.063211,0.013112,0.997914,0,0.71019,-1.00000,42.612,-2.000,-1,400.000,-1,375.000,-1,325.000,300.000,300.000,300.000,-1,-1,-1,-1,750.000,675.000,-1,-1,2,0,2,0,2,0,0,0,0,2,2,2,2,0,0,2,2
73,-3573.171,3308.028,-149.663,86.333,0.063178,-0.997899,0.014365,0.995999,0.063957,0.062412,-0.063200,0.010364,0.997947,0,0.79019,-0.88000,47.412,-1.760,-1,375.000,-1,375.000,-1,325.000,300.000,300.000,300.000,-1,-1,-1,-1,725.000,675.000,-1,-1,2,0,2,0,2,0,0,0,0,2,2,2,2,0,0,2,2
74,-3568.556,3358.862,-152.550,84.813,0.089755,-0.995875,0.013305,0.994020,0.090406,0.061242,-0.062192,0.007729,0.998034,0,0.85072,-0.76000,51.043,-1.520,-1,400.000,-1,375.000,-1,325.000,300.000,300.000,300.000,-1,-1,-1,-1,725.000,675.000,-1,-1,2,0,2,0,2,0,0,0,0,2,2,2,2,0,0,2,2
75,-3562.807,3409.581,-155.437,83.533,0.112100,-0.993623,0.012162,0.991820,0.112632,0.060053,-0.061040,0.005330,0.998121,0,0.85072,-0.64000,51.043,-1.280,-1,400.000,-1,375.000,-1,325.000,300.000,300.000,300.000,-1,-1,-1,-1,725.000,675.000,-1,-1,2,0,2,0,2,0,0,0,0,2,2,2,2,0,0,2,2
76,-3556.138,3460.186,-158.318,82.493,0.130228,-0.991424,0.010953,0.989681,0.130649,0.058849,-0.059775,0.003177,0.998207,0,0.85072,-0.52000,51.043,-1.040,-1,400.000,-1,375.000,-1,325.000,300.000,300.000,300.000,-1,-1,-1,-1,725.000,675.000,-1,-1,2,0,2,0,2,0,0,0,0,2,2,2,2,0,0,2,2
77,-3548.764,3510.694,-161.189,81.693,0.144159,-0.989507,0.009698,0.987828,0.144479,0.057632,-0.058428,0.001272,0.998291,0,0.85072,-0.40000,51.043,-0.800,-1,400.000,-1,375.000,-1,325.000,300.000,300.000,300.000,-1,-1,-1,-1,725.000,675.000,-1,-1,2,0,2,0,2,0,0,0,0,2,2,2,2,0,0,2,2
78,-3540.896,3561.127,-164.047,81.133,0.153914,-0.988048,0.008413,0.986437,0.154144,0.056402,-0.057025,-0.000382,0.998373,0,0.85072,-0.28000,51.043,-0.560,-1,400.000,-1,375.000,-1,325.000,300.000,300.000,300.000,-1,-1,-1,-1,725.000,700.000,-1,-1,2,0,2,0,2,0,0,0,0,2,2,2,2,0,0,2,2
79,-3532.747,3611.515,-166.889,80.813,0.159511,-0.987171,0.007115,0.985630,0.159659,0.055161,-0.055589,-0.001786,0.998452,0,0.85072,-0.16000,51.043,-0.320,-1,400.000,-1,375.000,-1,325.000,300.000,300.000,300.000,-1,-1,-1,-1,725.000,700.000,-1,-1,2,0,2,0,2,0,0,0,0,2,2,2,2,0,0,2,2
80,-3524.527,3661.892,-169.717,80.733,0.160959,-0.986944,0.005818,0.985475,0.161037,0.053909,-0.054142,-0.002943,0.998529,0,0.85072,-0.04000,51.043,-0.080,-1,400.000,-1,375.000,-1,325.000,325.000,300.000,300.000,-1,-1,-1,-1,725.000,700.000,-1,-1,2,0,2,0,2,0,0,0,0,2,2,2,2,0,0,2,2
81,-3516.448,3712.292,-172.530,80.893,0.158262,-0.987387,0.004538,0.985990,0.158280,0.052645,-0.052700,-0.003858,0.998603,0,0.85072,0.08000,51.043,0.160,-1,375.000,-1,375.000,-1,325.000,325.000,300.000,300.000,-1,-1,-1,-1,725.000,700.000,-1,-1,2,0,2,0,2,0,0,0,0,2,2,2,2,0,0,2,2
82,-3508.721,3762.747,-175.331,81.293,0.151415,-0.988465,0.003288,0.987139,0.151382,0.051373,-0.051278,-0.004533,0.998674,0,0.85072,0.20000,51.043,0.400,-1,375.000,-1,375.000,-1,325.000,325.000,300.000,300.000,-1,-1,-1,-1,725.000,700.000,-1,-1,2,0,2,0,2,0,0,0,0,2,2,2,2,0,0,2,2
83,-3501.558,3813.285,-178.122,81.933,0.140404,-0.990092,0.002082,0.988837,0.140332,0.050094,-0.049889,-0.004975,0.998742,0,0.85072,0.32000,51.043,0.640,-1,375.000,-1,375.000,-1,325.000,325.000,300.000,300.000,-1,-1,-1,-1,725.000,700.000,-1,-1,2,0,2,0,2,0,0,0,0,2,2,2,2,0,0,2,2
84,-3495.065,3863.913,-180.904,82.691,0.127321,-0.991861,0.000927,0.990674,0.127214,0.048811,-0.048532,-0.005296,0.998808,0,0.85072,0.37921,51.043,0.758,-1,375.000,-1,375.000,-1,325.000,325.000,300.000,300.000,-1,-1,-1,-1,725.000,725.000,-1,-1,2,0,2,0,2,0,0,0,0,2,2,2,2,0,0,2,2
85,-3489.242,3914.623,-183.595,83.450,0.114196,-0.993458,0.000175,0.992328,0.114074,0.047672,-0.047381,-0.005271,0.998863,0,0.85072,0.37921,51.043,0.758,-1,375.000,-1,375.000,-1,325.000,325.000,300.000,300.000,-1,650.000,-1,-1,725.000,725.000,-1,-1,2,0,2,0,2,0,0,0,0,2,0,2,2,0,0,2,2
86,-3484.091,3965.406,-186.011,84.208,0.101018,-0.994885,0.000141,0.993805,0.100915,0.046570,-0.046346,-0.004564,0.998915,0,0.85072,0.37921,51.043,0.758,-1,375.000,-1,375.000,-1,325.000,325.000,300.000,300.000,-1,675.000,-1,-1,750.000,725.000,-1,-1,2,0,2,0,2,0,0,0,0,2,0,2,2,0,0,2,2
87,-3479.612,4016.252,-188.225,84.967,0.087853,-0.996133,-0.000511,0.995088,0.087737,0.045853,-0.045631,-0.004537,0.998948,0,0.85072,0.37921,51.043,0.758,-1,375.000,-1,375.000,-1,325.000,325.000,300.000,300.000,-1,700.000,-1,-1,775.000,750.000,-1,-1,2,0,2,0,2,0,0,0,0,2,0,2,2,0,0,2,2
88,-3475.807,4067.153,-190.432,85.725,0.074670,-0.997208,-0.001107,0.996195,0.074544,0.045155,-0.044946,-0.004475,0.998979,0,0.85072,0.37921,51.043,0.758,-1,375.000,-1,375.000,-1,325.000,325.000,300.000,300.000,-1,750.000,-1,-1,775.000,775.000,-1,-1,2,0,2,0,2,0,0,0,0,2,0,2,2,0,0,2,2
89,-3472.662,4118.348,-192.646,86.484,0.061453,-0.998109,-0.001654,0.997127,0.061319,0.044473,-0.044287,-0.004382,0.999009,0,0.85486,0.37978,51.291,0.760,-1,375.000,-1,375.000,-1,325.000,325.000,300.000,300.000,-1,775.000,875.000,-1,800.000,800.000,-1,-1,2,0,2,0,2,0,0,0,0,2,0,0,2,0,0,2,2
90,-3470.178,4169.978,-194.872,87.246,0.048195,-0.998836,-0.002159,0.997884,0.048054,0.043805,-0.043650,-0.004266,0.999038,0,0.86149,0.38057,51.690,0.761,-1,375.000,-1,375.000,-1,325.000,325.000,300.000,300.000,-1,825.000,875.000,-1,800.000,800.000,-1,-1,2,0,2,0,2,0,0,0,0,2,0,0,2,0,0,2,2
91,-3468.368,4222.039,-197.111,88.008,0.034904,-0.999387,-0.002629,0.998464,0.034758,0.043150,-0.043032,-0.004131,0.999065,0,0.86821,0.38124,52.092,0.762,-1,375.000,-1,375.000,-1,325.000,325.000,300.000,300.000,-1,825.000,900.000,-1,825.000,825.000,-1,-1,2,0,2,0,2,0,0,0,0,2,0,0,2,0,0,2,2
92,-3467.242,4274.527,-199.365,88.772,0.021587,-0.999762,-0.003068,0.998866,0.021437,0.042508,-0.042432,-0.003982,0.999091,0,0.87500,0.38176,52.500,0.764,-1,400.000,-1,400.000,-1,325.000,325.000,300.000,300.000,-1,850.000,925.000,-1,825.000,850.000,-1,-1,2,0,2,0,2,0,0,0,0,2,0,0,2,0,0,2,2
93,-3466.814,4327.436,-201.634,89.536,0.008253,-0.999960,-0.003483,0.999090,0.008100,0.041877,-0.041847,-0.003826,0.999117,0,0.88186,0.38214,52.911,0.764,-1,400.000,-1,400.000,-1,325.000,325.000,300.000,300.000,-1,875.000,950.000,-1,850.000,875.000,-1,-1,2,0,2,0,2,0,0,0,0,2,0,0,2,0,0,2,2
94,-3467.093,4380.763,-203.920,90.301,-0.005091,-0.999980,-0.003881,0.999135,-0.005247,0.041256,-0.041276,-0.003667,0.999141,0,0.88879,0.38236,53.327,0.765,-1,400.000,-1,400.000,-1,325.000,325.000,300.000,300.000,-1,900.000,950.000,-1,875.000,900.000,-1,-1,2,0,2,0,2,0,0,0,0,2,0,0,2,0,0,2,2
95,-3468.093,4434.501,-206.223,91.065,-0.018436,-0.999821,-0.004266,0.999001,-0.018594,0.040644,-0.040716,-0.003513,0.999165,0,0.89579,0.38242,53.747,0.765,-1,400.000,-1,425.000,-1,325.000,325.000,300.000,300.000,-1,925.000,975.000,-1,875.000,-1,-1,-1,2,0,2,0,2,0,0,0,0,2,0,0,2,0,2,2,2
96,-3469.823,4488.645,-208.544,91.830,-0.031774,-0.999484,-0.004647,0.998688,-0.031935,0.040037,-0.040164,-0.003368,0.999187,0,0.90286,0.38230,54.172,0.765,-1,425.000,-1,425.000,-1,325.000,325.000,300.000,300.000,-1,925.000,1000.000,-1,-1,-1,-1,-1,2,0,2,0,2,0,0,0,0,2,0,0,2,2,2,2,2
97,-3472.294,4543.188,-210.886,92.594,-0.045096,-0.998970,-0.005028,0.998197,-0.045259,0.039432,-0.039619,-0.003241,0.999210,0,0.90999,0.38201,54.599,0.764,-1,425.000,-1,425.000,-1,325.000,350.000,300.000,300.000,-1,950.000,-1,-1,-1,-1,-1,-1,2,0,2,0,2,0,0,0,0,2,0,2,2,2,2,2,2
98,-3475.516,4598.125,-213.404,93.357,-0.058412,-0.998281,-0.004870,0.997503,-0.058559,0.039485,-0.039702,-0.002552,0.999208,0,0.91718,0.38153,55.031,0.763,-1,425.000,-1,425.000,-1,350.000,350.000,300.000,300.000,-1,1000.000,-1,-1,-1,-1,-1,-1,2,0,2,0,2,0,0,0,0,2,0,2,2,2,2,2,2
99,-3479.500,4653.447,-216.507,94.119,-0.071715,-0.997417,-0.004114,0.996515,-0.071825,0.042411,-0.042597,-0.001058,0.999092,0,0.92443,0.38085,55.466,0.762,-1,425.000,-1,425.000,-1,350.000,350.000,300.000,300.000,-1,-1,-1,-1,-1,-1,-1,-1,2,0,2,0,2,0,0,0,0,2,2,2,2,2,2,2,2
100,-3484.255,4709.149,-219.727,94.879,-0.084959,-0.996377,-0.003880,0.995330,-0.085047,0.045656,-0.045821,0.000017,0.998950,0,0.93173,0.37995,55.904,0.760,-1,425.000,-1,425.000,-1,325.000,350.000,300.000,300.000,-1,-1,-1,-1,-1,-1,-1,-1,2,0,2,0,2,0,0,0,0,2,2,2,2,2,2,2,2
101,-3489.788,4765.221,-222.964,95.636,-0.098149,-0.995165,-0.003750,0.993963,-0.098215,0.048904,-0.049036,0.001073,0.998796,0,0.93907,0.37882,56.344,0.758,-1,425.000,-1,425.000,-1,325.000,325.000,300.000,300.000,-1,-1,-1,-1,-1,-1,-1,-1,2,0,2,0,2,0,0,0,0,2,2,2,2,2,2,2,2
102,-3496.110,4821.655,-226.218,96.391,-0.111275,-0.993783,-0.003727,0.992416,-0.111318,0.052147,-0.052238,0.002104,0.998632,0,0.94645,0.37745,56.787,0.755,-1,400.000,-1,425.000,-1,325.000,325.000,300.000,300.000,-1,-1,-1,-1,-1,-1,-1,-1,2,0,2,0,2,0,0,0,0,2,2,2,2,2,2,2,2
103,-3503.226,4878.443,-229.486,97.143,-0.124324,-0.992234,-0.003816,0.990693,-0.124344,0.055377,-0.055422,0.003104,0.998458,0,0.95386,0.37582,57.232,0.752,-1,400.000,-1,-1,-1,325.000,325.000,300.000,300.000,-1,-1,-1,-1,-1,-1,-1,-1,2,0,2,2,2,0,0,0,0,2,2,2,2,2,2,2,2
104,-3511.144,4935.576,-232.769,97.891,-0.137284,-0.990524,-0.004021,0.988798,-0.137283,0.058587,-0.058584,0.004067,0.998274,0,0.96130,0.37389,57.678,0.748,-1,400.000,-1,-1,-1,325.000,325.000,300.000,300.000,-1,-1,-1,-1,-1,-1,-1,-1,2,1,2,2,2,0,0,0,0,2,2,2,2,2,2,2,2
105,-3519.733,4993.748,-236.109,98.398,-0.146070,-0.989265,-0.004306,0.987344,-0.146055,0.061811,-0.061776,0.004777,0.998079,0,0.98005,0.25389,58.803,0.508,-1,675.000,-1,-1,-1,-1,-1,300.000,300.000,-1,-1,-1,-1,-1,-1,-1,-1,2,1,2,2,2,2,2,0,0,2,2,2,2,2,2,2,2
106,-3528.662,5052.330,-239.472,98.666,-0.150696,-0.988569,-0.004632,0.986443,-0.150677,0.065015,-0.064970,0.005228,0.997874,0,0.98762,0.13389,59.257,0.268,-1,725.000,-1,-1,-1,-1,-1,300.000,300.000,-1,-1,-1,-1,-1,-1,-1,-1,2,1,2,2,2,2,2,0,0,2,2,2,2,2,2,2,2
107,-3537.688,5111.360,-242.862,98.694,-0.151172,-0.988495,-0.004960,0.986154,-0.151156,0.068208,-0.068173,0.005420,0.997659,0,0.99526,0.01389,59.716,0.028,-1,750.000,-1,-1,-1,-1,-1,300.000,300.000,-1,-1,-1,-1,-1,-1,-1,-1,2,1,2,2,2,2,2,0,0,2,2,2,2,2,2,2,2
108,-3546.538,5170.704,-246.272,98.482,-0.147498,-0.989048,-0.005247,0.986483,-0.147494,0.071387,-0.071379,0.005353,0.997435,0,1.00000,-0.10611,60.000,-0.212,-1,800.000,-1,-1,-1,-1,-1,300.000,325.000,-1,-1,-1,-1,-1,-1,-1,-1,2,1,2,2,2,2,2,0,0,2,2,2,2,2,2,2,2
109,-3555.125,5230.088,-252.050,98.229,-0.143782,-0.989606,0.002432,0.986392,-0.143116,0.080924,-0.079735,0.014034,0.996717,0,1.00000,-0.12640,60.000,-0.253,-1,800.000,-1,-1,-1,1000.000,-1,325.000,300.000,-1,-1,-1,-1,-1,-1,-1,-1,2,1,2,2,2,1,2,0,0,2,2,2,2,2,2,2,2
110,-3563.456,5289.515,-266.801,97.975,-0.143980,-0.988818,0.038841,0.983260,-0.138522,0.118370,-0.111666,0.055234,0.992210,0,1.00000,-0.12724,60.000,-0.254,-1,750.000,-1,-1,-1,900.000,-1,350.000,200.000,-1,-1,-1,-1,975.000,-1,-1,-1,2,1,2,2,2,1,2,0,0,2,2,2,2,1,2,2,2
111,-327.971,4263.539,-154.266,172.549,-0.990999,-0.129390,-0.034351,0.126657,-0.989298,0.072437,-0.043356,0.067434,0.996781,1,0.00000,0.00000,60.000,-0.256,-1,375.000,-1,400.000,-1,300.000,325.000,325.000,325.000,-1,-1,-1,-1,725.000,775.000,-1,-1,2,0,2,0,2,0,0,0,0,2,2,2,2,0,0,2,2
112,-332.728,4264.181,-154.470,172.309,-0.990445,-0.133534,-0.034470,0.130779,-0.988751,0.072580,-0.043774,0.067378,0.996767,0,0.08000,-0.12000,4.800,-0.240,-1,375.000,-1,400.000,-1,300.000,325.000,325.000,325.000,-1,-1,-1,-1,725.000,775.000,-1,-1,2,0,2,0,2,0,0,0,0,2,2,2,2,0,0,2,2
113,-342.231,4265.546,-154.883,171.829,-0.989285,-0.141813,-0.034705,0.139016,-0.987605,0.072877,-0.044610,0.067271,0.996737,0,0.16000,-0.24000,9.600,-0.480,-1,375.000,-1,400.000,-1,300.000,325.000,325.000,325.000,-1,-1,-1,-1,725.000,775.000,-1,-1,2,0,2,0,2,0,0,0,0,2,2,2,2,0,0,2,2
114,-356.458,4267.772,-155.514,171.109,-0.987416,-0.154214,-0.035049,0.151351,-0.985755,0.073347,-0.045861,0.067119,0.996690,0,0.24000,-0.36000,14.400,-0.720,-1,375.000,-1,400.000,-1,300.000,325.000,325.000,325.000,-1,-1,-1,-1,725.000,775.000,-1,-1,2,0,2,0,2,0,0,0,0,2,2,2,2,0,0,2,2
115,-375.376,4271.058,-156.375,170.149,-0.984682,-0.170710,-0.035490,0.167759,-0.983045,0.074017,-0.047524,0.066930,0.996625,0,0.32000,-0.48000,19.200,-0.960,-1,375.000,-1,400.000,-1,300.000,325.000,325.000,325.000,-1,-1,-1,-1,725.000,775.000,-1,-1,2,0,2,0,2,0,0,0,0,2,2,2,2,0,0,2,2
116,-398.947,4275.575,-157.481,169.153,-0.981553,-0.187772,-0.035999,0.184715,-0.979934,0.074902,-0.049341,0.066870,0.996541,0,0.40000,-0.49796,24.000,-0.996,-1,375.000,-1,400.000,-1,300.000,325.000,325.000,325.000,-1,-1,-1,-1,725.000,775.000,-1,-1,2,0,2,0,2,0,0,0,0,2,2,2,2,0,0,2,2
117,-427.137,4281.476,-158.845,168.177,-0.978198,-0.204433,-0.036557,0.201255,-0.976585,0.076011,-0.051240,0.066996,0.996437,0,0.48000,-0.48795,28.800,-0.976,-1,375.000,-1,400.000,-1,300.000,325.000,325.000,325.000,-1,-1,-1,-1,700.000,750.000,-1,-1,2,0,2,0,2,0,0,0,0,2,2,2,2,0,0,2,2
118,-459.905,4288.906,-160.478,167.225,-0.974651,-0.220624,-0.037149,0.217309,-0.973033,0.077356,-0.053214,0.067322,0.996311,0,0.56000,-0.47597,33.600,-0.952,-1,375.000,-1,400.000,-1,300.000,325.000,325.000,325.000,-1,-1,-1,-1,700.000,750.000,-1,-1,2,0,2,0,2,0,0,0,0,2,2,2,2,0,0,2,2
119,-497.213,4298.001,-162.393,166.300,-0.970946,-0.236300,-0.037754,0.232832,-0.969308,0.078943,-0.055250,0.067859,0.996164,0,0.64000,-0.46264,38.400,-0.925,-1,375.000,-1,400.000,-1,300.000,325.000,325.000,325.000,-1,-1,-1,-1,700.000,750.000,-1,-1,2,0,2,0,2,0,0,0,0,2,2,2,2,0,0,2,2
120,-539.018,4308.894,-164.601,165.396,-0.967085,-0.251545,-0.038353,0.247906,-0.965410,0.080779,-0.057346,0.068612,0.995994,0,0.72000,-0.45185,43.200,-0.904,-1,375.000,-1,400.000,-1,300.000,325.000,325.000,325.000,-1,-1,-1,-1,675.000,725.000,-1,-1,2,0,2,0,2,0,0,0,0,2,2,2,2,0,0,2,2
121,-585.277,4321.708,-167.218,164.516,-0.963106,-0.266323,-0.038718,0.262539,-0.961398,0.082384,-0.059165,0.069180,0.995848,0,0.80000,-0.43972,48.000,-0.879,-1,375.000,-1,400.000,-1,300.000,325.000,325.000,325.000,-1,-1,-1,-1,675.000,725.000,-1,-1,2,0,2,0,2,0,0,0,0,2,2,2,2,0,0,2,2
122,-635.539,4336.453,-170.129,163.650,-0.959011,-0.280808,-0.038002,0.276955,-0.957210,0.083933,-0.059945,0.069968,0.995746,0,0.87301,-0.43301,52.380,-0.866,-1,375.000,-1,375.000,-1,300.000,300.000,325.000,325.000,-1,-1,-1,-1,675.000,725.000,-1,-1,2,0,2,0,2,0,0,0,0,2,2,2,2,0,0,2,2
123,-685.581,4351.955,-173.039,162.787,-0.954730,-0.295173,-0.036937,0.291261,-0.952799,0.085684,-0.060485,0.071047,0.995637,0,0.87312,-0.43156,52.387,-0.863,-1,375.000,-1,375.000,-1,300.000,300.000,325.000,325.000,-1,-1,-1,-1,675.000,725.000,-1,-1,2,0,2,0,2,0,0,0,0,2,2,2,2,0,0,2,2
124,-735.393,4368.209,-176.064,161.927,-0.950265,-0.309411,-0.035519,0.305453,-0.948168,0.087614,-0.060787,0.072407,0.995521,0,0.87328,-0.43003,52.397,-0.860,-1,375.000,-1,375.000,-1,300.000,300.000,350.000,325.000,-1,-1,-1,-1,675.000,725.000,-1,-1,2,0,2,0,2,0,0,0,0,2,2,2,2,0,0,2,2
125,-784.967,4385.210,-178.992,161.070,-0.945622,-0.323535,-0.033531,0.319617,-0.943376,0.088809,-0.060365,0.073263,0.995484,0,0.87347,-0.42842,52.408,-0.857,-1,375.000,-1,375.000,-1,300.000,300.000,350.000,325.000,-1,-1,-1,-1,675.000,725.000,-1,-1,2,0,2,0,2,0,0,0,0,2,2,2,2,0,0,2,2
126,-834.295,4402.952,-181.859,160.217,-0.940790,-0.337539,-0.031322,0.333708,-0.938418,0.089502,-0.059604,0.073750,0.995494,0,0.87369,-0.42673,52.421,-0.853,-1,375.000,-1,375.000,-1,300.000,325.000,350.000,325.000,-1,-1,-1,-1,700.000,725.000,-1,-1,2,0,2,0,2,0,0,0,0,2,2,2,2,0,0,2,2
127,-883.369,4421.430,-184.966,159.367,-0.935734,-0.351431,-0.029976,0.347659,-0.933332,0.089584,-0.059460,0.073405,0.995528,0,0.87395,-0.42497,52.437,-0.850,-1,375.000,-1,375.000,-1,300.000,325.000,350.000,325.000,-1,-1,250.000,-1,700.000,725.000,-1,-1,2,0,2,0,2,0,0,0,0,2,2,0,2,0,0,2,2
128,-932.182,4440.638,-188.152,158.521,-0.930487,-0.365192,-0.028788,0.361476,-0.928075,0.089510,-0.059406,0.072882,0.995570,0,0.87426,-0.42314,52.455,-0.846,-1,375.000,-1,375.000,-1,300.000,325.000,325.000,325.000,-1,-1,275.000,-1,675.000,725.000,-1,-1,2,0,2,0,2,0,0,0,0,2,2,0,2,0,0,2,2
129,-976.340,4458.556,-191.049,157.914,-0.926613,-0.374999,-0.027630,0.371346,-0.924177,0.089442,-0.059076,0.072618,0.995609,0,0.79426,-0.30314,47.655,-0.606,-1,375.000,-1,375.000,-1,300.000,325.000,325.000,325.000,-1,-1,275.000,-1,675.000,725.000,-1,-1,2,0,2,0,2,0,0,0,0,2,2,0,2,0,0,2,2
130,-1015.947,4474.923,-193.646,157.548,-0.924236,-0.380900,-0.026521,0.377315,-0.921762,0.089382,-0.058491,0.072603,0.995644,0,0.71426,-0.18314,42.855,-0.366,-1,375.000,-1,375.000,-1,300.000,325.000,325.000,325.000,-1,-1,300.000,-1,675.000,725.000,-1,-1,2,0,2,0,2,0,0,0,0,2,2,0,2,0,0,2,2
131,-1051.086,4489.534,-195.932,157.422,-0.923428,-0.382924,-0.025479,0.379413,-0.920905,0.089335,-0.057672,0.072827,0.995676,0,0.63426,-0.06314,38.055,-0.126,-1,375.000,-1,375.000,-1,300.000,325.000,325.000,325.000,-1,-1,300.000,-1,675.000,725.000,-1,-1,2,0,2,0,2,0,0,0,0,2,2,0,2,0,0,2,2
132,-1085.107,4503.601,-198.114,157.536,-0.924219,-0.381082,-0.024417,0.377655,-0.921630,0.089306,-0.056536,0.073317,0.995705,0,0.61358,0.05686,36.815,0.114,-1,375.000,-1,375.000,-1,300.000,325.000,325.000,350.000,-1,-1,300.000,-1,675.000,725.000,-1,-1,2,0,2,0,2,0,0,0,0,2,2,0,2,0,0,2,2
133,-1119.214,4517.457,-200.256,157.889,-0.926584,-0.375364,-0.023308,0.372036,-0.923913,0.089295,-0.055053,0.074068,0.995732,0,0.61358,0.17686,36.815,0.354,-1,375.000,-1,375.000,-1,300.000,325.000,325.000,350.000,-1,-1,325.000,-1,675.000,725.000,-1,-1,2,0,2,0,2,0,0,0,0,2,2,0,2,0,0,2,2
134,-1153.463,4530.958,-202.349,158.483,-0.930452,-0.365743,-0.022159,0.362528,-0.927684,0.089307,-0.053220,0.075062,0.995758,0,0.61358,0.29686,36.815,0.594,-1,375.000,-1,375.000,-1,300.000,300.000,325.000,350.000,-1,575.000,325.000,-1,675.000,725.000,-1,-1,2,0,2,0,2,0,0,0,0,2,0,0,2,0,0,2,2
135,-1187.905,4543.959,-204.382,159.317,-0.935700,-0.352173,-0.020979,0.349087,-0.932821,0.089346,-0.051034,0.076277,0.995780,0,0.61358,0.41686,36.815,0.834,-1,375.000,-1,375.000,-1,300.000,300.000,325.000,350.000,-1,300.000,325.000,-1,675.000,700.000,-1,-1,2,0,2,0,2,0,0,0,0,2,0,0,2,0,0,2,2
136,-1222.585,4556.313,-206.226,160.390,-0.942155,-0.334582,-0.019978,0.331595,-0.939118,0.090009,-0.048877,0.078177,0.995741,0,0.61358,0.53686,36.815,1.074,-1,375.000,-1,375.000,-1,300.000,300.000,325.000,350.000,-1,325.000,350.000,-1,675.000,700.000,-1,-1,2,0,2,0,2,0,0,0,0,2,0,0,2,0,0,2,2
137,-1257.538,4567.867,-207.942,161.704,-0.949599,-0.312906,-0.018766,0.310048,-0.946371,0.090841,-0.046184,0.080444,0.995689,0,0.61358,0.65686,36.815,1.314,-1,375.000,-1,375.000,-1,300.000,300.000,325.000,350.000,-1,350.000,375.000,-1,675.000,700.000,-1,-1,2,0,2,0,2,0,0,0,0,2,0,0,2,0,0,2,2
138,-1292.792,4578.468,-209.482,163.258,-0.957756,-0.287066,-0.017199,0.284375,-0.954290,0.091990,-0.042820,0.083213,0.995611,0,0.61358,0.77686,36.815,1.554,-1,375.000,-1,375.000,-1,300.000,300.000,325.000,325.000,-1,350.000,400.000,-1,700.000,700.000,-1,-1,2,0,2,0,2,0,0,0,0,2,0,0,2,0,0,2,2
