timestep,x_cm,y_cm,z_cm,yaw_deg,basis_xx,basis_xy,basis_xz,basis_yx,basis_yy,basis_yz,basis_zx,basis_zy,basis_zz,teleport_flag,throttle_cmd,steering_cmd,cmd_move_cm,cmd_turn_deg,lidar_cm_0,lidar_cm_1,lidar_cm_2,lidar_cm_3,lidar_cm_4,lidar_cm_5,lidar_cm_6,lidar_cm_7,lidar_cm_8,lidar_cm_9,lidar_cm_10,lidar_cm_11,lidar_cm_12,lidar_cm_13,lidar_cm_14,lidar_cm_15,lidar_cm_16,lidar_class_0,lidar_class_1,lidar_class_2,lidar_class_3,lidar_class_4,lidar_class_5,lidar_class_6,lidar_class_7,lidar_class_8,lidar_class_9,lidar_class_10,lidar_class_11,lidar_class_12,lidar_class_13,lidar_class_14,lidar_class_15,lidar_class_16
0,-1638.492,2956.305,-88.836,73.661,0.280575,-0.958527,0.050026,0.959709,0.280994,0.001390,-0.015390,0.047620,0.998747,1,0.08000,-0.12000,4.800,-0.240,-1,400.000,-1,400.000,-1,325.000,325.000,300.000,300.000,-1,-1,-1,-1,675.000,750.000,-1,-1,2,0,2,0,2,0,0,0,0,2,2,2,2,0,0,2,2
1,-1635.730,2965.499,-89.005,73.280,0.286947,-0.956634,0.050118,0.957818,0.287371,0.001308,-0.015653,0.047628,0.998742,0,0.16000,-0.19079,9.600,-0.382,-1,375.000,-1,400.000,-1,325.000,325.000,300.000,300.000,-1,-1,-1,-1,675.000,750.000,-1,-1,2,0,2,0,2,0,0,0,0,2,2,2,2,0,0,2,2
2,-1631.495,2979.262,-89.262,72.898,0.293307,-0.954696,0.050258,0.955886,0.293735,0.001184,-0.015893,0.047694,0.998736,0,0.24000,-0.19079,14.400,-0.382,-1,375.000,-1,400.000,-1,325.000,325.000,300.000,300.000,-1,-1,-1,-1,675.000,750.000,-1,-1,2,0,2,0,2,0,0,0,0,2,2,2,2,0,0,2,2
3,-1625.727,2997.576,-89.610,72.517,0.299654,-0.952713,0.050444,0.953912,0.300085,0.001022,-0.016112,0.047813,0.998726,0,0.32000,-0.19079,19.200,-0.382,-1,375.000,-1,400.000,-1,325.000,325.000,300.000,300.000,-1,-1,-1,-1,675.000,750.000,-1,-1,2,0,2,0,2,0,0,0,0,2,2,2,2,0,0,2,2
4,-1618.365,3020.418,-90.058,72.135,0.305987,-0.950686,0.050670,0.951896,0.306421,0.000829,-0.016315,0.047979,0.998715,0,0.40000,-0.19079,24.000,-0.382,-1,375.000,-1,400.000,-1,325.000,325.000,300.000,300.000,-1,-1,-1,-1,675.000,750.000,-1,-1,2,0,2,0,2,0,0,0,0,2,2,2,2,0,0,2,2
5,-1609.347,3047.770,-90.613,71.753,0.312307,-0.948615,0.050930,0.949838,0.312742,0.000612,-0.016508,0.048184,0.998702,0,0.48000,-0.19079,28.800,-0.382,-1,375.000,-1,400.000,-1,325.000,325.000,300.000,300.000,-1,-1,-1,-1,675.000,750.000,-1,-1,2,0,2,0,2,0,0,0,0,2,2,2,2,0,0,2,2
6,-1598.615,3079.610,-91.282,71.372,0.318612,-0.946500,0.051217,0.947738,0.319049,0.000376,-0.016697,0.048421,0.998687,0,0.56000,-0.19079,33.600,-0.382,-1,375.000,-1,400.000,-1,325.000,325.000,300.000,300.000,-1,-1,-1,-1,675.000,725.000,-1,-1,2,0,2,0,2,0,0,0,0,2,2,2,2,0,0,2,2
7,-1586.107,3115.916,-92.075,70.990,0.324903,-0.944343,0.051524,0.945596,0.325342,0.000132,-0.016887,0.048678,0.998672,0,0.64000,-0.19079,38.400,-0.382,-1,375.000,-1,400.000,-1,325.000,325.000,300.000,300.000,-1,-1,-1,-1,675.000,725.000,-1,-1,2,0,2,0,2,0,0,0,0,2,2,2,2,0,0,2,2
8,-1572.889,3153.468,-92.930,70.609,0.331179,-0.942144,0.051817,0.943413,0.331620,-0.000091,-0.017097,0.048915,0.998657,0,0.66351,-0.19079,39.810,-0.382,-1,375.000,-1,400.000,-1,325.000,325.000,300.000,300.000,-1,-1,-1,-1,675.000,725.000,-1,-1,2,0,2,0,2,0,0,0,0,2,2,2,2,0,0,2,2
9,-1559.422,3190.932,-93.722,70.227,0.337417,-0.939888,0.052549,0.941190,0.337877,-0.000122,-0.017641,0.049500,0.998618,0,0.66351,-0.19079,39.810,-0.382,-1,375.000,-1,400.000,-1,300.000,325.000,300.000,300.000,-1,-1,-1,-1,650.000,725.000,-1,-1,2,0,2,0,2,0,0,0,0,2,2,2,2,0,0,2,2
10,-1545.706,3228.305,-94.388,69.846,0.343644,-0.937560,0.053765,0.938930,0.344109,-0.000656,-0.017886,0.050707,0.998553,0,0.66351,-0.19079,39.810,-0.382,-1,375.000,-1,375.000,-1,300.000,325.000,300.000,300.000,-1,-1,-1,-1,650.000,700.000,-1,-1,2,0,2,0,2,0,0,0,0,2,2,2,2,0,0,2,2
11,-1530.255,3270.086,-95.006,69.704,0.345957,-0.936607,0.055506,0.938089,0.346388,-0.001965,-0.017386,0.052749,0.998456,0,0.74244,-0.07079,44.547,-0.142,-1,375.000,-1,375.000,-1,300.000,300.000,300.000,300.000,-1,-1,-1,-1,650.000,700.000,-1,-1,2,0,2,0,2,0,0,0,0,2,2,2,2,0,0,2,2
12,-1514.876,3311.894,-95.638,69.802,0.344354,-0.937093,0.057241,0.938693,0.344739,-0.003312,-0.016629,0.054872,0.998355,0,0.74244,0.04921,44.547,0.098,-1,375.000,-1,375.000,-1,300.000,300.000,300.000,300.000,-1,-1,-1,-1,675.000,700.000,-1,-1,2,0,2,0,2,0,0,0,0,2,2,2,2,0,0,2,2
13,-1499.745,3353.792,-96.228,70.141,0.338824,-0.939006,0.058879,0.940718,0.339159,-0.004501,-0.015743,0.056914,0.998255,0,0.74244,0.16921,44.547,0.338,-1,375.000,-1,375.000,-1,300.000,300.000,300.000,300.000,-1,-1,-1,-1,675.000,700.000,-1,-1,2,0,2,0,2,0,0,0,0,2,2,2,2,0,0,2,2
14,-1485.037,3395.840,-96.608,70.719,0.329371,-0.942301,0.059867,0.944091,0.329634,-0.005715,-0.014349,0.058402,0.998190,0,0.74244,0.28921,44.547,0.578,-1,375.000,-1,375.000,-1,300.000,300.000,300.000,300.000,-1,-1,-1,-1,675.000,700.000,-1,-1,2,0,2,0,2,0,0,0,0,2,2,2,2,0,0,2,2
15,-1470.930,3438.094,-96.676,71.538,0.316000,-0.946887,0.059574,0.948686,0.316133,-0.007433,-0.011795,0.058866,0.998196,0,0.74244,0.40921,44.547,0.818,-1,375.000,-1,375.000,-1,300.000,300.000,300.000,300.000,-1,-1,-1,-1,675.000,700.000,-1,-1,2,0,2,0,2,0,0,0,0,2,2,2,2,0,0,2,2
16,-1457.431,3480.545,-96.727,72.358,0.302533,-0.951291,0.059318,0.953095,0.302532,-0.009208,-0.009186,0.059322,0.998197,0,0.74244,0.41028,44.547,0.821,-1,375.000,-1,375.000,-1,300.000,300.000,300.000,300.000,-1,-1,-1,-1,700.000,700.000,-1,-1,2,0,2,0,2,0,0,0,0,2,2,2,2,0,0,2,2
17,-1444.540,3523.185,-96.761,73.179,0.289007,-0.955501,0.059103,0.957305,0.288870,-0.011039,-0.006525,0.059770,0.998191,0,0.74244,0.41028,44.547,0.821,-1,375.000,-1,375.000,-1,300.000,300.000,300.000,300.000,-1,-1,875.000,-1,700.000,725.000,-1,-1,2,0,2,0,2,0,0,0,0,2,2,0,2,0,0,2,2
18,-1432.262,3566.006,-96.777,73.999,0.275426,-0.959514,0.058930,0.961315,0.275149,-0.012924,-0.003814,0.060210,0.998178,0,0.74244,0.41028,44.547,0.821,-1,375.000,-1,375.000,-1,300.000,300.000,300.000,300.000,-1,975.000,750.000,-1,725.000,725.000,-1,-1,2,0,2,0,2,0,0,0,0,2,0,0,2,0,0,2,2
19,-1420.598,3608.998,-96.773,74.820,0.261793,-0.963331,0.058803,0.965123,0.261373,-0.014861,-0.001053,0.060643,0.998159,0,0.74244,0.41028,44.547,0.821,-1,375.000,-1,375.000,-1,300.000,325.000,300.000,300.000,-1,825.000,675.000,-1,725.000,725.000,-1,-1,2,0,2,0,2,0,0,0,0,2,0,0,2,0,0,2,2
20,-1409.551,3652.153,-96.749,75.640,0.248111,-0.966950,0.058723,0.968730,0.247544,-0.016847,0.001754,0.061067,0.998132,0,0.74244,0.41028,44.547,0.821,-1,375.000,-1,375.000,-1,300.000,325.000,300.000,300.000,-1,725.000,600.000,-1,750.000,750.000,-1,-1,2,0,2,0,2,0,0,0,0,2,0,0,2,0,0,2,2
21,-1399.123,3695.461,-96.703,76.461,0.234382,-0.970371,0.058693,0.972134,0.233665,-0.018881,0.004607,0.061483,0.998097,0,0.74244,0.41028,44.547,0.821,-1,375.000,-1,400.000,-1,325.000,325.000,300.000,300.000,-1,650.000,550.000,-1,750.000,750.000,-1,-1,2,0,2,0,2,0,0,0,0,2,0,0,2,0,0,2,2
22,-1389.316,3738.915,-96.635,77.281,0.220609,-0.973593,0.058716,0.975333,0.219739,-0.020960,0.007504,0.061892,0.998055,0,0.74244,0.41028,44.547,0.821,-1,400.000,-1,400.000,-1,325.000,325.000,300.000,300.000,-1,600.000,525.000,-1,775.000,775.000,-1,-1,2,0,2,0,2,0,0,0,0,2,0,0,2,0,0,2,2
23,-1380.133,3782.504,-96.542,78.102,0.206796,-0.976616,0.058793,0.978328,0.205769,-0.023081,0.010444,0.062292,0.998003,0,0.74244,0.41028,44.547,0.821,-1,400.000,-1,400.000,-1,325.000,325.000,300.000,300.000,-1,575.000,475.000,-1,775.000,775.000,-1,-1,2,0,2,0,2,0,0,0,0,2,0,0,2,0,0,2,2
24,-1371.575,3826.221,-96.424,78.923,0.192945,-0.979439,0.058926,0.981118,0.191757,-0.025242,0.013423,0.062684,0.997943,0,0.74244,0.41028,44.547,0.821,-1,400.000,-1,400.000,-1,325.000,325.000,300.000,300.000,-1,500.000,425.000,-1,800.000,800.000,-1,-1,2,0,2,0,2,0,0,0,0,2,0,0,2,0,0,2,2
25,-1363.644,3870.055,-96.280,79.743,0.179060,-0.982060,0.059118,0.983701,0.177707,-0.027440,0.016442,0.063068,0.997874,0,0.74244,0.41028,44.547,0.821,-1,400.000,-1,400.000,-1,325.000,325.000,300.000,300.000,-1,450.000,375.000,-1,850.000,800.000,-1,-1,2,0,2,0,2,0,0,0,0,2,0,0,2,0,0,2,2
26,-1356.342,3913.999,-95.927,80.564,0.165095,-0.984435,0.060255,0.986105,0.163613,-0.028778,0.018471,0.064169,0.997768,0,0.74244,0.41028,44.547,0.821,-1,400.000,-1,400.000,-1,325.000,325.000,300.000,300.000,-1,425.000,375.000,-1,875.000,825.000,-1,-1,2,0,2,0,2,0,0,0,0,2,0,0,2,0,0,2,2
27,-1349.669,3958.042,-95.618,81.384,0.151067,-0.986627,0.061205,0.988320,0.149491,-0.029584,0.020038,0.064959,0.997687,0,0.74244,0.41028,44.547,0.821,-1,400.000,-1,400.000,-1,325.000,325.000,300.000,300.000,-1,425.000,375.000,-1,925.000,850.000,-1,-1,2,0,2,0,2,0,0,0,0,2,0,0,2,0,0,2,2
28,-1343.627,4002.177,-94.959,82.205,0.136899,-0.988687,0.061286,0.990380,0.135349,-0.028785,0.020164,0.064637,0.997705,0,0.74244,0.41028,44.547,0.821,-1,400.000,-1,400.000,-1,325.000,325.000,300.000,300.000,-1,475.000,425.000,-1,950.000,850.000,-1,-1,2,0,2,0,2,0,0,0,0,2,0,0,2,0,0,2,2
29,-1338.218,4046.393,-94.302,83.025,0.122690,-0.990534,0.061568,0.992243,0.121178,-0.027733,0.020010,0.064493,0.997718,0,0.74244,0.41028,44.547,0.821,-1,400.000,-1,400.000,-1,325.000,325.000,300.000,300.000,-1,550.000,475.000,-1,950.000,875.000,-1,-1,2,0,2,0,2,0,0,0,0,2,0,0,2,0,0,2,2
30,-1333.574,4087.834,-93.652,83.606,0.112605,-0.991714,0.061841,0.993446,0.111135,-0.026721,0.019626,0.064445,0.997728,0,0.69500,0.29028,41.700,0.581,-1,400.000,-1,400.000,-1,325.000,325.000,300.000,300.000,-1,625.000,550.000,-1,975.000,875.000,-1,-1,2,0,2,0,2,0,0,0,0,2,0,0,2,0,0,2,2
31,-1329.176,4129.301,-92.979,83.946,0.106657,-0.992353,0.062135,0.994116,0.105238,-0.025675,0.018939,0.064508,0.997737,0,0.69500,0.17028,41.700,0.341,-1,400.000,-1,400.000,-1,325.000,325.000,300.000,300.000,-1,700.000,625.000,-1,1000.000,900.000,-1,-1,2,0,2,0,2,0,0,0,0,2,0,0,2,0,0,2,2
32,-1324.851,4170.776,-92.303,84.047,0.104854,-0.992527,0.062410,0.994325,0.103496,-0.024627,0.017984,0.064638,0.997747,0,0.69500,0.05028,41.700,0.101,-1,400.000,-1,400.000,-1,325.000,325.000,300.000,300.000,-1,775.000,700.000,-1,1000.000,900.000,-1,-1,2,0,2,0,2,0,0,0,0,2,0,0,2,0,0,2,2
33,-1320.425,4212.240,-91.636,83.908,0.107201,-0.992260,0.062680,0.994096,0.105910,-0.023579,0.016758,0.064838,0.997755,0,0.69500,-0.06972,41.700,-0.139,-1,400.000,-1,400.000,-1,325.000,325.000,300.000,300.000,-1,875.000,775.000,-1,-1,900.000,-1,-1,2,0,2,0,2,0,0,0,0,2,0,0,2,2,0,2,2
34,-1315.803,4253.683,-90.982,83.636,0.111829,-0.991731,0.062956,0.993608,0.110610,-0.022534,0.015384,0.065074,0.997762,0,0.69500,-0.13578,41.700,-0.272,-1,400.000,-1,400.000,-1,325.000,325.000,300.000,300.000,-1,975.000,875.000,-1,-1,900.000,-1,-1,2,0,2,0,2,0,0,0,0,2,0,0,2,2,0,2,2
35,-1310.984,4295.103,-90.342,83.364,0.116453,-0.991181,0.063241,0.993097,0.115307,-0.021497,0.014016,0.065307,0.997767,0,0.69500,-0.13578,41.700,-0.272,-1,425.000,-1,400.000,-1,325.000,325.000,300.000,300.000,-1,-1,975.000,-1,-1,925.000,-1,-1,2,0,2,0,2,0,0,0,0,2,2,0,2,2,0,2,2
36,-1305.970,4336.501,-89.715,83.093,0.121075,-0.990608,0.063534,0.992563,0.120001,-0.020469,0.012652,0.065539,0.997770,0,0.69500,-0.13578,41.700,-0.272,-1,425.000,-1,400.000,-1,325.000,325.000,300.000,300.000,-1,-1,-1,-1,-1,925.000,-1,-1,2,0,2,0,2,0,0,0,0,2,2,2,2,2,0,2,2
37,-1300.759,4377.874,-89.103,82.821,0.125694,-0.990013,0.063835,0.992005,0.124693,-0.019449,0.011295,0.065770,0.997771,0,0.69500,-0.13578,41.700,-0.272,-1,425.000,-1,425.000,-1,325.000,325.000,300.000,300.000,-1,-1,-1,-1,-1,925.000,-1,-1,2,0,2,0,2,0,0,0,0,2,2,2,2,2,0,2,2
38,-1295.352,4419.222,-88.504,82.550,0.130310,-0.989396,0.064145,0.991423,0.129382,-0.018439,0.009944,0.065998,0.997770,0,0.69500,-0.13578,41.700,-0.272,-1,425.000,-1,425.000,-1,350.000,325.000,300.000,300.000,-1,-1,-1,-1,-1,925.000,-1,-1,2,0,2,0,2,0,0,0,0,2,2,2,2,2,0,2,2
39,-1289.749,4460.544,-87.920,82.278,0.134923,-0.988757,0.064463,0.990819,0.134068,-0.017439,0.008601,0.066224,0.997768,0,0.69500,-0.13578,41.700,-0.272,-1,450.000,-1,425.000,-1,350.000,350.000,300.000,300.000,-1,-1,-1,-1,-1,925.000,-1,-1,2,0,2,0,2,0,0,0,0,2,2,2,2,2,0,2,2
40,-1283.950,4501.838,-87.350,82.007,0.139533,-0.988096,0.064789,0.990191,0.138750,-0.016449,0.007264,0.066448,0.997763,0,0.69500,-0.13578,41.700,-0.272,-1,450.000,-1,425.000,-1,350.000,350.000,300.000,300.000,-1,-1,-1,-1,-1,950.000,-1,-1,2,0,2,0,2,0,0,0,0,2,2,2,2,2,0,2,2
41,-1277.956,4543.105,-86.802,81.735,0.144141,-0.987414,0.065088,0.989539,0.143430,-0.015490,0.005960,0.066640,0.997759,0,0.69500,-0.13578,41.700,-0.272,-1,450.000,-1,425.000,-1,350.000,350.000,300.000,300.000,-1,-1,-1,-1,-1,950.000,-1,-1,2,0,2,0,2,0,0,0,0,2,2,2,2,2,0,2,2
42,-1271.764,4584.343,-86.825,81.464,0.148696,-0.986862,0.063197,0.988875,0.148129,-0.013589,0.004050,0.064514,0.997909,0,0.69500,-0.13578,41.700,-0.272,-1,450.000,-1,450.000,-1,350.000,350.000,300.000,300.000,-1,-1,-1,-1,-1,950.000,-1,-1,2,0,2,0,2,0,0,0,0,2,2,2,2,2,0,2,2
43,-1265.376,4625.551,-87.107,81.192,0.153215,-0.986334,0.060577,0.988192,0.152833,-0.010921,0.001514,0.061535,0.998104,0,0.69500,-0.13578,41.700,-0.272,-1,450.000,-1,450.000,-1,350.000,350.000,300.000,300.000,-1,-1,-1,-1,-1,950.000,-1,-1,2,0,2,0,2,0,0,0,0,2,2,2,2,2,0,2,2
44,-1258.794,4666.728,-87.910,80.920,0.157692,-0.985664,0.060001,0.987487,0.157516,-0.007677,-0.001884,0.060461,0.998169,0,0.69500,-0.13578,41.700,-0.272,-1,450.000,-1,425.000,-1,350.000,350.000,300.000,300.000,-1,-1,-1,-1,-1,925.000,-1,-1,2,0,2,0,2,0,0,0,0,2,2,2,2,2,0,2,2
45,-1252.017,4707.874,-88.857,80.649,0.162145,-0.984940,0.060024,0.986751,0.162192,-0.004127,-0.005671,0.059898,0.998188,0,0.69500,-0.13578,41.700,-0.272,-1,450.000,-1,425.000,-1,350.000,350.000,300.000,300.000,-1,-1,-1,-1,-1,900.000,-1,-1,2,0,2,0,2,0,0,0,0,2,2,2,2,2,0,2,2
46,-1245.046,4748.987,-89.806,80.377,0.166598,-0.984194,0.060067,0.985980,0.166864,-0.000604,-0.009428,0.059326,0.998194,0,0.69500,-0.13578,41.700,-0.272,-1,450.000,-1,425.000,-1,350.000,350.000,275.000,300.000,-1,-1,-1,-1,-1,900.000,-1,-1,2,0,2,0,2,0,0,0,0,2,2,2,2,2,0,2,2
47,-1237.880,4790.067,-90.757,80.106,0.171051,-0.983426,0.060128,0.985174,0.171532,0.002889,-0.013155,0.058743,0.998186,0,0.69500,-0.13578,41.700,-0.272,-1,450.000,-1,425.000,-1,350.000,350.000,275.000,300.000,-1,-1,-1,-1,-1,875.000,-1,-1,2,0,2,0,2,0,0,0,0,2,2,2,2,2,0,2,2
48,-1230.519,4831.112,-91.710,79.834,0.175505,-0.982636,0.060207,0.984334,0.176197,0.006352,-0.016850,0.058149,0.998166,0,0.69500,-0.13578,41.700,-0.272,-1,425.000,-1,425.000,-1,350.000,350.000,275.000,275.000,-1,-1,-1,-1,-1,850.000,-1,-1,2,0,2,0,2,0,0,0,0,2,2,2,2,2,0,2,2
49,-1222.964,4872.122,-92.665,79.563,0.179958,-0.981824,0.060304,0.983460,0.180859,0.009785,-0.020513,0.057545,0.998132,0,0.69500,-0.13578,41.700,-0.272,-1,425.000,-1,400.000,-1,350.000,350.000,275.000,275.000,-1,-1,-1,-1,1000.000,825.000,-1,-1,2,0,2,0,2,0,0,0,0,2,2,2,2,0,0,2,2
50,-1215.213,4913.103,-93.621,79.292,0.184399,-0.980993,0.060416,0.982555,0.185505,0.013186,-0.024143,0.056931,0.998086,0,0.69512,-0.13544,41.707,-0.271,-1,425.000,-1,400.000,-1,350.000,325.000,300.000,275.000,-1,-1,-1,-1,975.000,825.000,-1,-1,2,0,2,0,2,0,0,0,0,2,2,2,2,0,0,2,2
51,-1207.250,4954.200,-94.582,79.036,0.188591,-0.980188,0.060544,0.981664,0.189898,0.016567,-0.027736,0.056310,0.998028,0,0.69768,-0.12815,41.861,-0.256,-1,425.000,-1,400.000,-1,350.000,325.000,300.000,275.000,-1,-1,-1,-1,975.000,800.000,-1,-1,2,0,2,0,2,0,0,0,0,2,2,2,2,0,0,2,2
52,-1199.088,4995.394,-95.546,78.794,0.192533,-0.979412,0.060685,0.980791,0.194039,0.019926,-0.031291,0.055683,0.997958,0,0.69991,-0.12087,41.994,-0.242,-1,425.000,-1,400.000,-1,325.000,325.000,300.000,275.000,-1,-1,-1,-1,950.000,800.000,-1,-1,2,0,2,0,2,0,0,0,0,2,2,2,2,0,0,2,2
53,-1190.740,5036.668,-96.513,78.567,0.196227,-0.978669,0.060835,0.979940,0.197928,0.023261,-0.034806,0.055050,0.997877,0,0.70182,-0.11361,42.109,-0.227,-1,425.000,-1,400.000,-1,325.000,325.000,300.000,275.000,-1,-1,-1,-1,925.000,775.000,-1,-1,2,0,2,0,2,0,0,0,0,2,2,2,2,0,0,2,2
54,-1182.219,5078.004,-97.481,78.354,0.199677,-0.977962,0.060990,0.979114,0.201569,0.026571,-0.038279,0.054411,0.997785,0,0.70343,-0.10641,42.206,-0.213,-1,425.000,-1,400.000,-1,325.000,325.000,300.000,275.000,-1,-1,-1,-1,900.000,775.000,-1,-1,2,0,2,0,2,0,0,0,0,2,2,2,2,0,0,2,2
55,-1173.539,5119.388,-98.449,78.155,0.202884,-0.977292,0.061149,0.978314,0.204965,0.029855,-0.041710,0.053766,0.997682,0,0.70473,-0.09929,42.284,-0.199,-1,425.000,-1,400.000,-1,325.000,325.000,300.000,275.000,-1,-1,-1,-1,900.000,750.000,-1,-1,2,0,2,0,2,0,0,0,0,2,2,2,2,0,0,2,2
56,-1164.713,5160.803,-99.415,77.971,0.205854,-0.976660,0.061308,0.977543,0.208119,0.033110,-0.045097,0.053116,0.997570,0,0.70574,-0.09228,42.344,-0.185,-1,425.000,-1,400.000,-1,325.000,325.000,300.000,300.000,-1,-1,-1,-1,875.000,750.000,-1,-1,2,0,2,0,2,0,0,0,0,2,2,2,2,0,0,2,2
57,-1155.752,5202.233,-100.778,77.798,0.208770,-0.976145,0.059635,0.976825,0.211081,0.035457,-0.047199,0.050850,0.997590,0,0.70647,-0.08620,42.388,-0.172,-1,425.000,-1,400.000,-1,325.000,325.000,300.000,300.000,-1,-1,-1,-1,850.000,725.000,-1,-1,2,0,2,0,2,0,0,0,0,2,2,2,2,0,0,2,2
58,-1146.669,5243.665,-102.469,77.637,0.211588,-0.975728,0.056448,0.976128,0.213866,0.037880,-0.049033,0.047085,0.997687,0,0.70693,-0.08059,42.416,-0.161,-1,425.000,-1,400.000,-1,325.000,325.000,300.000,300.000,-1,-1,-1,-1,850.000,725.000,-1,-1,2,0,2,0,2,0,0,0,0,2,2,2,2,0,0,2,2
59,-1137.474,5285.084,-104.158,77.486,0.214239,-0.975327,0.053279,0.975458,0.216469,0.040284,-0.050824,0.043341,0.997767,0,0.70713,-0.07536,42.428,-0.151,-1,425.000,-1,400.000,-1,325.000,325.000,300.000,300.000,-1,-1,-1,-1,825.000,725.000,-1,-1,2,0,2,0,2,0,0,0,0,2,2,2,2,0,0,2,2
60,-1127.313,5331.206,-106.726,77.576,0.212776,-0.975719,0.051957,0.975769,0.214961,0.040829,-0.051007,0.042010,0.997814,0,0.78713,0.04464,47.228,0.089,-1,425.000,-1,400.000,-1,325.000,325.000,300.000,300.000,-1,-1,-1,-1,825.000,725.000,-1,-1,2,0,2,0,2,0,0,0,0,2,2,2,2,0,0,2,2
61,-1117.128,5378.733,-109.446,77.905,0.207185,-0.976969,0.051054,0.976953,0.209357,0.041629,-0.051359,0.041253,0.997828,0,0.81010,0.16464,48.606,0.329,-1,400.000,-1,400.000,-1,325.000,325.000,300.000,300.000,-1,-1,-1,-1,800.000,725.000,-1,-1,2,0,2,0,2,0,0,0,0,2,2,2,2,0,0,2,2
62,-1107.417,5426.354,-112.129,78.474,0.197484,-0.979022,0.050155,0.978948,0.199644,0.042456,-0.051578,0.040715,0.997839,0,0.81001,0.28464,48.601,0.569,-1,400.000,-1,400.000,-1,325.000,325.000,300.000,300.000,-1,-1,-1,-1,800.000,725.000,-1,-1,2,0,2,0,2,0,0,0,0,2,2,2,2,0,0,2,2
63,-1098.366,5474.102,-114.770,79.267,0.183935,-0.981704,0.049252,0.981579,0.186085,0.043314,-0.051687,0.040378,0.997847,0,0.80998,0.39629,48.599,0.793,-1,400.000,-1,400.000,-1,325.000,325.000,300.000,300.000,-1,-1,-1,-1,800.000,725.000,-1,-1,2,0,2,0,2,0,0,0,0,2,2,2,2,0,0,2,2
64,-1089.983,5521.977,-117.364,80.068,0.170201,-0.984224,0.048316,0.984045,0.172340,0.044200,-0.051829,0.040023,0.997854,0,0.81005,0.40064,48.603,0.801,-1,400.000,-1,400.000,-1,325.000,325.000,300.000,300.000,-1,-1,-1,-1,800.000,725.000,-1,-1,2,0,2,0,2,0,0,0,0,2,2,2,2,0,0,2,2
65,-1082.277,5569.964,-119.913,80.878,0.156291,-0.986575,0.047351,0.986341,0.158419,0.045111,-0.052007,0.039654,0.997859,0,0.81003,0.40479,48.602,0.810,-1,400.000,-1,375.000,-1,325.000,325.000,300.000,300.000,-1,-1,-1,-1,775.000,725.000,-1,-1,2,0,2,0,2,0,0,0,0,2,2,2,2,0,0,2,2
66,-1075.258,5618.050,-122.419,81.695,0.142212,-0.988750,0.046358,0.988458,0.144329,0.046047,-0.052220,0.039274,0.997863,0,0.80993,0.40874,48.596,0.817,-1,400.000,-1,375.000,-1,325.000,325.000,300.000,300.000,-1,-1,-1,-1,775.000,700.000,-1,-1,2,0,2,0,2,0,0,0,0,2,2,2,2,0,0,2,2
67,-1068.933,5666.221,-124.883,82.520,0.127974,-0.990741,0.045340,0.990389,0.130080,0.047007,-0.052469,0.038889,0.997865,0,0.80974,0.41249,48.585,0.825,-1,400.000,-1,375.000,-1,325.000,325.000,300.000,300.000,-1,-1,-1,-1,775.000,700.000,-1,-1,2,0,2,0,2,0,0,0,0,2,2,2,2,0,0,2,2
68,-1063.310,5714.463,-127.307,83.352,0.113586,-0.992540,0.044300,0.992127,0.115680,0.047988,-0.052755,0.038500,0.997865,0,0.80948,0.41605,48.569,0.832,-1,400.000,-1,375.000,-1,325.000,325.000,300.000,300.000,-1,-1,-1,-1,750.000,700.000,-1,-1,2,0,2,0,2,0,0,0,0,2,2,2,2,0,0,2,2
69,-1058.396,5762.763,-129.691,84.191,0.099056,-0.994142,0.043239,0.993665,0.101139,0.048991,-0.053077,0.038113,0.997863,0,0.80915,0.41940,48.549,0.839,-1,400.000,-1,375.000,-1,325.000,325.000,300.000,300.000,-1,-1,-1,-1,750.000,700.000,-1,-1,2,0,2,0,2,0,0,0,0,2,2,2,2,0,0,2,2
70,-1054.197,5811.106,-132.037,85.036,0.084395,-0.995540,0.042162,0.994999,0.086467,0.050013,-0.053436,0.037731,0.997858,0,0.80875,0.42255,48.525,0.845,-1,400.000,-1,375.000,-1,325.000,325.000,300.000,300.000,-1,-1,-1,-1,750.000,700.000,-1,-1,2,0,2,0,2,0,0,0,0,2,2,2,2,0,0,2,2
71,-1050.144,5864.276,-134.580,85.641,0.073894,-0.996424,0.040967,0.995799,0.075950,0.051138,-0.054066,0.037016,0.997851,0,0.88875,0.30255,53.325,0.605,-1,400.000,-1,375.000,-1,325.000,325.000,300.000,300.000,-1,-1,-1,-1,725.000,700.000,-1,-1,2,0,2,0,2,0,0,0,0,2,2,2,2,0,0,2,2
72,-1046.113,5922.011,-137.376,86.006,0.067606,-0.996924,0.039656,0.996253,0.069602,0.051333,-0.053935,0.036037,0.997894,0,0.96459,0.18255,57.876,0.365,-1,400.000,-1,375.000,-1,325.000,325.000,300.000,300.000,-1,-1,-1,-1,725.000,700.000,-1,-1,2,0,2,0,2,0,0,0,0,2,2,2,2,0,0,2,2
73,-1042.215,5979.654,-140.204,86.131,0.065509,-0.997095,0.038874,0.996457,0.067427,0.050276,-0.052751,0.035442,0.997979,0,0.96291,0.06255,57.774,0.125,-1,400.000,-1,375.000,-1,325.000,325.000,300.000,300.000,-1,-1,-1,-1,725.000,700.000,-1,-1,2,0,2,0,2,0,0,0,0,2,2,2,2,0,0,2,2
74,-1038.210,6037.159,-143.017,86.016,0.067591,-0.996987,0.038070,0.996373,0.069428,0.049205,-0.051700,0.034606,0.998063,0,0.96074,-0.05745,57.644,-0.115,-1,400.000,-1,375.000,-1,325.000,325.000,300.000,300.000,-1,-1,-1,-1,725.000,700.000,-1,-1,2,0,2,0,2,0,0,0,0,2,2,2,2,0,0,2,2
75,-1033.861,6094.481,-145.825,85.662,0.073851,-0.996574,0.037239,0.995976,0.075605,0.048130,-0.050780,0.033535,0.998147,0,0.95812,-0.17745,57.487,-0.355,-1,400.000,-1,375.000,-1,325.000,325.000,300.000,300.000,-1,-1,-1,-1,725.000,700.000,-1,-1,2,0,2,0,2,0,0,0,0,2,2,2,2,0,0,2,2
76,-1028.933,6151.574,-148.638,85.067,0.084284,-0.995778,0.036360,0.995188,0.085952,0.047053,-0.049980,0.032219,0.998230,0,0.95509,-0.29745,57.306,-0.595,-1,400.000,-1,375.000,-1,325.000,325.000,300.000,300.000,-1,-1,-1,-1,725.000,700.000,-1,-1,2,0,2,0,2,0,0,0,0,2,2,2,2,0,0,2,2
77,-1023.193,6208.389,-151.462,84.232,0.098879,-0.994469,0.035411,0.993878,0.100458,0.045983,-0.049286,0.030647,0.998314,0,0.95174,-0.41745,57.104,-0.835,-1,400.000,-1,375.000,-1,325.000,325.000,300.000,300.000,-1,-1,-1,-1,725.000,700.000,-1,-1,2,0,2,0,2,0,0,0,0,2,2,2,2,0,0,2,2
78,-1016.414,6264.875,-154.305,83.157,0.117618,-0.992464,0.034369,0.991865,0.119103,0.044930,-0.048685,0.028805,0.998399,0,0.94818,-0.53745,56.891,-1.075,-1,400.000,-1,375.000,-1,325.000,325.000,300.000,300.000,-1,-1,-1,-1,725.000,700.000,-1,-1,2,0,2,0,2,0,0,0,0,2,2,2,2,0,0,2,2
79,-1008.510,6320.993,-157.168,81.983,0.138022,-0.989871,0.033234,0.989260,0.139411,0.043918,-0.048106,0.026815,0.998482,0,0.94454,-0.58675,56.673,-1.173,-1,400.000,-1,375.000,-1,325.000,325.000,300.000,300.000,-1,-1,-1,-1,725.000,700.000,-1,-1,2,0,2,0,2,0,0,0,0,2,2,2,2,0,0,2,2
80,-999.482,6376.739,-160.048,80.802,0.158511,-0.986838,0.032010,0.986213,0.159804,0.042963,-0.047513,0.024759,0.998564,0,0.94119,-0.59085,56.471,-1.182,-1,400.000,-1,375.000,-1,325.000,325.000,300.000,300.000,-1,-1,-1,-1,725.000,700.000,-1,-1,2,0,2,0,2,0,0,0,0,2,2,2,2,0,0,2,2
81,-989.327,6432.118,-162.945,79.609,0.179114,-0.983349,0.030700,0.982709,0.180311,0.042075,-0.046910,0.022633,0.998643,0,0.93837,-0.59610,56.302,-1.192,-1,400.000,-1,375.000,-1,325.000,325.000,300.000,300.000,-1,-1,-1,-1,725.000,700.000,-1,-1,2,0,2,0,2,0,0,0,0,2,2,2,2,0,0,2,2
82,-978.036,6487.143,-165.857,78.405,0.199858,-0.979387,0.029304,0.978730,0.200959,0.041266,-0.046305,0.020433,0.998718,0,0.93621,-0.60246,56.172,-1.205,-1,375.000,-1,375.000,-1,325.000,325.000,300.000,300.000,-1,725.000,-1,-1,725.000,700.000,-1,-1,2,0,2,0,2,0,0,0,0,2,0,2,2,0,0,2,2
83,-965.596,6541.833,-168.446,77.185,0.220696,-0.974904,0.029243,0.974255,0.221766,0.040584,-0.046050,0.019533,0.998748,0,0.93479,-0.60991,56.087,-1.220,-1,375.000,-1,375.000,-1,325.000,325.000,300.000,300.000,-1,675.000,-1,-1,725.000,700.000,-1,-1,2,0,2,0,2,0,0,0,0,2,0,2,2,0,0,2,2
84,-952.972,6591.543,-170.732,75.751,0.245042,-0.969065,0.029437,0.968437,0.246087,0.039630,-0.045648,0.018796,0.998781,0,0.85479,-0.71669,51.287,-1.433,-1,400.000,-1,375.000,-1,325.000,325.000,300.000,300.000,-1,675.000,875.000,-1,725.000,700.000,-1,-1,2,0,2,0,2,0,0,0,0,2,0,0,2,0,0,2,2
85,-940.395,6636.296,-172.775,74.304,0.269481,-0.962558,0.029367,0.961932,0.270495,0.038973,-0.045457,0.017747,0.998809,0,0.77479,-0.72379,46.487,-1.448,-1,375.000,-1,375.000,-1,325.000,325.000,300.000,300.000,-1,675.000,775.000,-1,725.000,700.000,-1,-1,2,0,2,0,2,0,0,0,0,2,0,0,2,0,0,2,2
86,-928.098,6676.128,-174.522,72.843,0.293989,-0.955375,0.028780,0.954745,0.294949,0.038301,-0.045081,0.016218,0.998852,0,0.69479,-0.73027,41.687,-1.461,-1,375.000,-1,375.000,-1,325.000,325.000,300.000,300.000,-1,675.000,750.000,-1,725.000,700.000,-1,-1,2,0,2,0,2,0,0,0,0,2,0,0,2,0,0,2,2
87,-915.254,6714.225,-176.217,71.370,0.318526,-0.947498,0.028087,0.946860,0.319429,0.037687,-0.044681,0.014590,0.998895,0,0.67006,-0.73683,40.204,-1.474,-1,375.000,-1,375.000,-1,325.000,325.000,300.000,300.000,-1,675.000,750.000,-1,725.000,700.000,-1,-1,2,0,2,0,2,0,0,0,0,2,0,0,2,0,0,2,2
88,-901.417,6752.001,-177.936,69.882,0.343083,-0.938907,0.027328,0.938261,0.343928,0.037138,-0.044268,0.012900,0.998936,0,0.67051,-0.74383,40.231,-1.488,-1,375.000,-1,375.000,-1,325.000,325.000,300.000,300.000,-1,675.000,750.000,-1,700.000,700.000,-1,-1,2,0,2,0,2,0,0,0,0,2,0,0,2,0,0,2,2
89,-886.570,6789.460,-179.678,68.379,0.367659,-0.929583,0.026506,0.928927,0.368444,0.036657,-0.043842,0.011145,0.998976,0,0.67156,-0.75150,40.294,-1.503,-1,375.000,-1,375.000,-1,325.000,325.000,300.000,300.000,-1,675.000,750.000,-1,700.000,700.000,-1,-1,2,0,2,0,2,0,0,0,0,2,0,0,2,0,0,2,2
90,-870.695,6826.604,-181.445,66.859,0.392249,-0.919502,0.025625,0.918835,0.392974,0.036251,-0.043403,0.009326,0.999014,0,0.67325,-0.75982,40.395,-1.520,-1,375.000,-1,375.000,-1,325.000,325.000,300.000,300.000,-1,675.000,750.000,-1,700.000,700.000,-1,-1,2,0,2,0,2,0,0,0,0,2,0,0,2,0,0,2,2
91,-853.770,6863.438,-183.125,65.322,0.416839,-0.908638,0.024952,0.907982,0.417510,0.035399,-0.042582,0.007901,0.999062,0,0.67560,-0.76878,40.536,-1.538,-1,375.000,-1,375.000,-1,325.000,325.000,300.000,300.000,-1,675.000,725.000,-1,700.000,700.000,-1,-1,2,0,2,0,2,0,0,0,0,2,0,0,2,0,0,2,2
92,-835.769,6899.963,-184.789,63.765,0.441427,-0.896968,0.024295,0.896332,0.442046,0.034410,-0.041604,0.006586,0.999112,0,0.67867,-0.77839,40.720,-1.557,-1,375.000,-1,375.000,-1,325.000,325.000,300.000,300.000,-1,675.000,725.000,-1,700.000,700.000,-1,-1,2,0,2,0,2,0,0,0,0,2,0,0,2,0,0,2,2
93,-816.734,6936.064,-186.472,62.198,0.465851,-0.884550,0.023554,0.883931,0.466417,0.033485,-0.040605,0.005221,0.999162,0,0.68019,-0.78363,40.812,-1.567,-1,375.000,-1,375.000,-1,325.000,325.000,300.000,300.000,-1,675.000,700.000,-1,700.000,700.000,-1,-1,2,0,2,0,2,0,0,0,0,2,0,0,2,0,0,2,2
94,-796.690,6971.670,-188.171,60.624,0.490022,-0.871414,0.022736,0.870811,0.490534,0.032630,-0.039587,0.003809,0.999209,0,0.68101,-0.78679,40.861,-1.574,-1,375.000,-1,375.000,-1,325.000,325.000,300.000,300.000,-1,675.000,700.000,-1,725.000,700.000,-1,-1,2,0,2,0,2,0,0,0,0,2,0,0,2,0,0,2,2
95,-775.637,7006.769,-189.887,59.044,0.513925,-0.857557,0.021842,0.856969,0.514383,0.031850,-0.038548,0.002350,0.999254,0,0.68215,-0.79020,40.929,-1.580,-1,375.000,-1,375.000,-1,325.000,325.000,300.000,300.000,-1,675.000,700.000,-1,725.000,700.000,-1,-1,2,0,2,0,2,0,0,0,0,2,0,0,2,0,0,2,2
96,-750.881,7045.217,-191.690,57.223,0.540944,-0.840786,0.021426,0.840210,0.541366,0.031143,-0.037784,0.001155,0.999285,0,0.76215,-0.91020,45.729,-1.820,-1,375.000,-1,375.000,-1,325.000,325.000,300.000,300.000,-1,675.000,700.000,-1,725.000,700.000,-1,-1,2,0,2,0,2,0,0,0,0,2,0,0,2,0,0,2,2
97,-722.061,7086.721,-193.635,55.223,0.569986,-0.821381,0.021197,0.820816,0.570380,0.030466,-0.037114,0.000034,0.999311,0,0.84215,-1.00000,50.529,-2.000,-1,375.000,-1,375.000,-1,325.000,325.000,300.000,300.000,-1,675.000,725.000,-1,725.000,700.000,-1,-1,2,0,2,0,2,0,0,0,0,2,0,0,2,0,0,2,2
98,-688.936,7131.038,-195.551,53.223,0.598371,-0.800973,0.019847,0.800426,0.598697,0.029660,-0.035639,-0.001862,0.999363,0,0.92215,-1.00000,55.329,-2.000,-1,375.000,-1,375.000,-1,325.000,325.000,300.000,300.000,-1,650.000,725.000,-1,725.000,700.000,-1,-1,2,0,2,0,2,0,0,0,0,2,0,0,2,0,0,2,2
99,-653.907,7174.642,-197.358,51.223,0.626029,-0.779587,0.018201,0.779073,0.626283,0.028558,-0.033662,-0.003699,0.999426,0,0.93219,-1.00000,55.932,-2.000,-1,400.000,-1,375.000,-1,325.000,325.000,300.000,300.000,-1,625.000,675.000,-1,725.000,700.000,-1,-1,2,0,2,0,2,0,0,0,0,2,0,0,2,0,0,2,2
100,-617.377,7216.996,-199.169,49.223,0.652921,-0.757248,0.016419,0.756766,0.653103,0.027607,-0.031628,-0.005600,0.999484,0,0.93219,-1.00000,55.932,-2.000,-1,400.000,-1,375.000,-1,325.000,325.000,300.000,300.000,-1,600.000,650.000,-1,725.000,700.000,-1,-1,2,0,2,0,2,0,0,0,0,2,0,0,2,0,0,2,2
101,-579.392,7258.051,-200.981,47.223,0.679011,-0.733985,0.014512,0.733534,0.679124,0.026817,-0.029539,-0.007565,0.999535,0,0.93219,-1.00000,55.932,-2.000,-1,400.000,-1,375.000,-1,325.000,325.000,300.000,300.000,-1,575.000,625.000,-1,725.000,700.000,-1,-1,2,0,2,0,2,0,0,0,0,2,0,0,2,0,0,2,2
102,-539.997,7297.754,-202.605,45.223,0.704251,-0.709827,0.013242,0.709399,0.704317,0.026286,-0.027985,-0.009118,0.999567,0,0.93219,-1.00000,55.932,-2.000,-1,400.000,-1,375.000,-1,325.000,325.000,300.000,300.000,-1,600.000,625.000,-1,725.000,700.000,-1,-1,2,0,2,0,2,0,0,0,0,2,0,0,2,0,0,2,2
103,-499.212,7336.086,-204.063,43.223,0.728627,-0.684803,0.012169,0.684384,0.728648,0.026295,-0.026874,-0.010831,0.999580,0,0.93285,-1.00000,55.971,-2.000,-1,375.000,-1,375.000,-1,325.000,325.000,300.000,300.000,-1,625.000,650.000,-1,725.000,700.000,-1,-1,2,0,2,0,2,0,0,0,0,2,0,0,2,0,0,2,2
104,-456.904,7373.154,-205.528,41.223,0.752112,-0.658943,0.011042,0.658534,0.752088,0.026387,-0.025692,-0.012574,0.999591,0,0.93749,-1.00000,56.249,-2.000,-1,375.000,-1,375.000,-1,325.000,325.000,300.000,300.000,-1,650.000,675.000,-1,725.000,700.000,-1,-1,2,0,2,0,2,0,0,0,0,2,0,0,2,0,0,2,2
105,-413.102,7408.908,-206.998,39.223,0.774678,-0.632279,0.009862,0.631883,0.774608,0.026567,-0.024437,-0.014349,0.999598,0,0.94236,-1.00000,56.541,-2.000,-1,375.000,-1,375.000,-1,325.000,325.000,300.000,300.000,-1,675.000,700.000,-1,725.000,700.000,-1,-1,2,0,2,0,2,0,0,0,0,2,0,0,2,0,0,2,2
106,-367.836,7443.296,-208.209,37.223,0.796290,-0.604854,0.008601,0.604506,0.796194,0.025462,-0.022249,-0.015075,0.999639,0,0.94745,-1.00000,56.847,-2.000,-1,375.000,-1,375.000,-1,325.000,325.000,300.000,300.000,-1,650.000,700.000,-1,725.000,700.000,-1,-1,2,0,2,0,2,0,0,0,0,2,0,0,2,0,0,2,2
107,-321.137,7476.267,-209.410,35.223,0.816930,-0.576692,0.007194,0.576392,0.816809,0.024400,-0.019948,-0.015787,0.999676,0,0.95277,-1.00000,57.166,-2.000,-1,400.000,-1,375.000,-1,325.000,325.000,300.000,300.000,-1,625.000,700.000,-1,750.000,700.000,-1,-1,2,0,2,0,2,0,0,0,0,2,0,0,2,0,0,2,2
108,-273.036,7507.771,-210.581,33.223,0.836570,-0.547829,0.005832,0.547574,0.836429,0.023435,-0.017716,-0.016412,0.999708,0,0.95831,-1.00000,57.499,-2.000,-1,400.000,-1,375.000,-1,325.000,325.000,300.000,300.000,-1,625.000,700.000,-1,750.000,675.000,-1,-1,2,0,2,0,2,0,0,0,0,2,0,0,2,0,0,2,2
109,-223.570,7537.756,-211.677,31.223,0.855185,-0.518301,0.004722,0.518085,0.855033,0.022480,-0.015689,-0.016778,0.999736,0,0.96408,-1.00000,57.845,-2.000,-1,400.000,-1,375.000,975.000,325.000,325.000,300.000,300.000,-1,625.000,675.000,-1,750.000,675.000,-1,-1,2,0,2,0,1,0,0,0,0,2,0,0,2,0,0,2,2
110,-172.775,7566.172,-212.767,29.223,0.872757,-0.488142,0.003508,0.487964,0.872595,0.021642,-0.013626,-0.017176,0.999760,0,0.97006,-1.00000,58.203,-2.000,-1,400.000,-1,375.000,925.000,325.000,325.000,300.000,300.000,-1,625.000,675.000,-1,750.000,675.000,-1,975.000,2,0,2,0,1,0,0,0,0,2,0,0,2,0,0,2,1
111,-120.688,7592.968,-213.597,27.223,0.889268,-0.457381,0.002428,0.457223,0.889078,0.022081,-0.012258,-0.018525,0.999753,0,0.97625,-1.00000,58.575,-2.000,-1,400.000,-1,375.000,900.000,325.000,325.000,300.000,300.000,-1,650.000,700.000,-1,725.000,675.000,-1,925.000,2,0,2,0,1,0,0,0,0,2,0,0,2,0,0,2,1
112,-67.350,7618.094,-214.354,25.223,0.904694,-0.426060,0.001280,0.425923,0.904471,0.022851,-0.010894,-0.020128,0.999738,0,0.98266,-1.00000,58.960,-2.000,-1,400.000,-1,375.000,850.000,325.000,300.000,300.000,300.000,-1,650.000,700.000,-1,725.000,675.000,-1,875.000,2,0,2,0,1,0,0,0,0,2,0,0,2,0,0,2,1
113,-12.803,7641.500,-214.741,23.223,0.919019,-0.394210,-0.001318,0.394121,0.918731,0.024545,-0.008465,-0.023077,0.999698,0,0.98928,-1.00000,59.357,-2.000,-1,375.000,-1,375.000,825.000,325.000,300.000,300.000,300.000,-1,625.000,675.000,-1,725.000,675.000,-1,825.000,2,0,2,0,1,0,0,0,0,2,0,0,2,0,0,2,1
114,42.910,7663.136,-215.078,21.223,0.932217,-0.361879,-0.003945,0.361852,0.931858,0.026535,-0.005926,-0.026164,0.999640,0,0.99610,-1.00000,59.766,-2.000,-1,375.000,-1,375.000,775.000,325.000,300.000,300.000,300.000,-1,600.000,650.000,-1,725.000,650.000,-1,800.000,2,0,2,0,1,0,0,0,0,2,0,0,2,0,1,2,1
115,99.564,7682.892,-215.208,19.223,0.944272,-0.329116,-0.005683,0.329141,0.943858,0.028259,-0.003937,-0.028555,0.999584,0,1.00000,-1.00000,60.000,-2.000,-1,375.000,-1,375.000,750.000,300.000,300.000,300.000,300.000,-1,600.000,650.000,-1,725.000,625.000,-1,750.000,2,0,2,0,1,0,0,0,0,2,0,0,2,0,1,2,1
116,156.874,7700.658,-214.878,17.223,0.955168,-0.295970,-0.007434,0.296060,0.954751,0.028276,-0.001271,-0.029209,0.999573,0,1.00000,-1.00000,60.000,-2.000,-1,375.000,-1,375.000,700.000,325.000,300.000,300.000,300.000,-1,600.000,650.000,-1,725.000,600.000,-1,700.000,2,0,2,0,1,0,0,0,0,2,0,0,2,1,1,2,1
117,214.769,7716.412,-214.466,15.223,0.964896,-0.262465,-0.009379,0.262628,0.964485,0.028219,0.001639,-0.029691,0.999558,0,1.00000,-1.00000,60.000,-2.000,-1,400.000,-1,375.000,675.000,325.000,300.000,300.000,300.000,-1,600.000,650.000,-1,675.000,575.000,-1,650.000,2,0,2,0,1,0,0,0,0,2,0,0,2,1,1,2,1
118,273.178,7730.137,-214.021,13.223,0.973444,-0.228642,-0.011412,0.228880,0.973041,0.028361,0.004619,-0.030220,0.999533,0,1.00000,-1.00000,60.000,-2.000,-1,400.000,1000.000,375.000,625.000,325.000,300.000,300.000,300.000,-1,600.000,650.000,-1,625.000,550.000,-1,625.000,2,0,1,0,1,0,0,0,0,2,0,0,2,1,1,2,1
119,332.031,7741.815,-213.537,11.223,0.980801,-0.194540,-0.013524,0.194859,0.980411,0.028701,0.007675,-0.030785,0.999497,0,1.00000,-1.00000,60.000,-2.000,-1,400.000,950.000,375.000,575.000,325.000,300.000,300.000,300.000,-1,575.000,650.000,-1,600.000,525.000,900.000,575.000,2,0,1,1,1,0,0,0,0,2,0,0,2,1,1,1,1
120,391.255,7751.432,-213.007,9.223,0.986959,-0.160203,-0.015707,0.160608,0.986585,0.029238,0.010812,-0.031379,0.999449,0,1.00000,-1.00000,60.000,-2.000,-1,375.000,900.000,350.000,550.000,325.000,300.000,300.000,300.000,-1,550.000,625.000,-1,550.000,500.000,775.000,525.000,2,1,1,1,1,1,1,0,0,2,0,0,2,1,1,1,1
121,450.780,7758.976,-212.426,7.223,0.991909,-0.125672,-0.017952,0.126169,0.991556,0.029969,0.014034,-0.031991,0.999390,0,1.00000,-1.00000,60.000,-2.000,-1,350.000,825.000,325.000,500.000,300.000,300.000,300.000,300.000,-1,550.000,625.000,-1,500.000,475.000,650.000,475.000,2,1,1,1,1,1,1,0,0,2,0,0,2,1,1,1,1
122,510.531,7764.439,-211.786,5.223,0.995646,-0.090989,-0.020252,0.091587,0.995318,0.030892,0.017346,-0.032613,0.999318,0,1.00000,-1.00000,60.000,-2.000,875.000,325.000,775.000,300.000,475.000,275.000,275.000,300.000,300.000,-1,525.000,600.000,-1,475.000,425.000,550.000,450.000,1,1,1,1,1,1,1,0,0,2,0,0,2,1,1,1,1
123,570.436,7767.812,-211.079,3.223,0.998164,-0.056196,-0.022605,0.056904,0.997866,0.032015,0.020758,-0.033242,0.999232,0,1.00000,-1.00000,60.000,-2.000,600.000,300.000,725.000,300.000,425.000,250.000,250.000,300.000,300.000,-1,475.000,575.000,-1,425.000,400.000,450.000,400.000,1,1,1,1,1,1,1,0,0,2,0,0,2,1,1,1,1
124,630.417,7769.344,-210.304,1.463,0.999362,-0.025521,-0.025005,0.026348,0.999098,0.033315,0.024132,-0.033953,0.999132,0,1.00000,-0.88000,60.000,-1.760,475.000,275.000,675.000,275.000,375.000,225.000,225.000,300.000,300.000,-1,400.000,475.000,-1,400.000,375.000,375.000,350.000,1,1,1,1,1,1,1,0,0,2,0,0,2,1,1,1,1
125,690.418,7769.284,-205.734,-0.057,0.999358,0.000990,-0.035812,0.000232,0.999419,0.034088,0.035825,-0.034074,0.998777,0,1.00000,-0.76000,60.000,-1.520,425.000,275.000,-1,275.000,375.000,225.000,225.000,300.000,300.000,-1,300.000,350.000,-1,375.000,375.000,350.000,350.000,1,1,2,1,1,1,1,0,0,2,0,0,2,1,1,1,1
126,750.404,7767.882,-197.987,-1.337,0.998203,0.023317,-0.055209,-0.021542,0.999239,0.032529,0.055925,-0.031282,0.997945,0,1.00000,-0.64000,60.000,-1.280,450.000,275.000,-1,275.000,400.000,225.000,250.000,325.000,325.000,-1,225.000,250.000,-1,400.000,400.000,375.000,375.000,1,1,2,1,1,1,1,0,0,2,0,0,2,1,1,1,1
127,810.356,7765.391,-190.221,-2.377,0.996358,0.041452,-0.074510,-0.039147,0.998716,0.032141,0.075747,-0.029107,0.996702,0,1.00000,-0.52000,60.000,-1.040,525.000,275.000,-1,300.000,450.000,250.000,250.000,375.000,350.000,-1,200.000,200.000,-1,425.000,425.000,400.000,425.000,1,1,2,1,1,1,1,0,0,2,0,0,2,1,1,1,1
128,870.267,7762.064,-182.436,-3.177,0.994063,0.055395,-0.093650,-0.052543,0.998085,0.032656,0.095280,-0.027541,0.995069,0,1.00000,-0.40000,60.000,-0.800,-1,300.000,-1,300.000,500.000,250.000,250.000,375.000,350.000,-1,150.000,150.000,-1,450.000,450.000,450.000,475.000,2,1,2,1,1,1,1,0,0,2,0,0,2,1,1,1,1
129,930.145,7758.152,-174.632,-3.737,0.991503,0.065149,-0.112592,-0.061706,0.997522,0.033806,0.114515,-0.026571,0.993066,0,1.00000,-0.28000,60.000,-0.560,-1,300.000,-1,325.000,550.000,250.000,275.000,400.000,375.000,950.000,125.000,125.000,-1,-1,525.000,-1,-1,2,1,2,1,1,1,1,1,0,0,0,0,2,2,1,2,2
130,-4263.559,-4919.491,54.216,-25.021,0.906134,0.422928,-0.007302,-0.422777,0.906090,0.016170,0.013455,-0.011565,0.999843,1,0.00000,0.00000,60.000,-0.320,-1,400.000,-1,375.000,-1,325.000,300.000,300.000,300.000,-1,450.000,525.000,575.000,750.000,650.000,-1,-1,2,0,2,0,2,0,0,0,0,2,0,0,1,0,0,2,2
131,-4259.201,-4921.503,54.294,-24.781,0.907898,0.419127,-0.007326,-0.418973,0.907850,0.016421,0.013533,-0.011839,0.999838,0,0.08000,0.12000,4.800,0.240,-1,400.000,-1,375.000,-1,325.000,300.000,300.000,300.000,-1,450.000,525.000,575.000,750.000,650.000,-1,-1,2,0,2,0,2,0,0,0,0,2,0,0,1,0,0,2,2
132,-4250.452,-4925.454,54.449,-24.301,0.911378,0.411504,-0.007380,-0.411343,0.911324,0.016919,0.013688,-0.012384,0.999830,0,0.16000,0.24000,9.600,0.480,-1,400.000,-1,375.000,-1,325.000,300.000,300.000,300.000,-1,475.000,525.000,575.000,750.000,650.000,-1,-1,2,0,2,0,2,0,0,0,0,2,0,0,1,0,0,2,2
133,-4237.254,-4931.214,54.681,-23.581,0.916478,0.400016,-0.007472,-0.399844,0.916413,0.017659,0.013912,-0.013196,0.999816,0,0.24000,0.36000,14.400,0.720,-1,400.000,-1,375.000,-1,325.000,300.000,300.000,300.000,-1,475.000,550.000,575.000,775.000,650.000,-1,-1,2,0,2,0,2,0,0,0,0,2,0,0,1,0,0,2,2
134,-4219.531,-4938.599,54.987,-22.621,0.923052,0.384600,-0.007618,-0.384414,0.922973,0.018630,0.014196,-0.014268,0.999797,0,0.32000,0.48000,19.200,0.960,-1,400.000,-1,375.000,-1,325.000,300.000,300.000,300.000,-1,500.000,550.000,600.000,775.000,650.000,-1,-1,2,0,2,0,2,0,0,0,0,2,0,0,1,0,0,2,2
135,-4197.189,-4947.365,55.367,-21.421,0.930904,0.365179,-0.007834,-0.364974,0.930807,0.019818,0.014529,-0.015589,0.999773,0,0.40000,0.60000,24.000,1.200,-1,400.000,-1,375.000,-1,325.000,300.000,300.000,300.000,-1,500.000,575.000,625.000,775.000,675.000,-1,-1,2,0,2,0,2,0,0,0,0,2,0,0,1,0,0,2,2
136,-4170.126,-4957.216,55.816,-20.003,0.939658,0.342018,-0.008138,-0.341790,0.939537,0.021203,0.014898,-0.017142,0.999742,0,0.48000,0.70922,28.800,1.418,-1,400.000,-1,375.000,-1,325.000,300.000,300.000,300.000,-1,525.000,600.000,650.000,775.000,675.000,-1,-1,2,0,2,0,2,0,0,0,0,2,0,0,1,0,0,2,2
137,-4138.275,-4967.914,56.330,-18.567,0.947933,0.318356,-0.008555,-0.318100,0.947784,0.022756,0.015353,-0.018849,0.999704,0,0.56000,0.71799,33.600,1.436,-1,400.000,-1,375.000,-1,325.000,300.000,300.000,300.000,-1,550.000,650.000,675.000,800.000,675.000,-1,-1,2,0,2,0,2,0,0,0,0,2,0,0,1,0,0,2,2
