timestep,x_cm,y_cm,z_cm,yaw_deg,basis_xx,basis_xy,basis_xz,basis_yx,basis_yy,basis_yz,basis_zx,basis_zy,basis_zz,teleport_flag,throttle_cmd,steering_cmd,cmd_move_cm,cmd_turn_deg,lidar_cm_0,lidar_cm_1,lidar_cm_2,lidar_cm_3,lidar_cm_4,lidar_cm_5,lidar_cm_6,lidar_cm_7,lidar_cm_8,lidar_cm_9,lidar_cm_10,lidar_cm_11,lidar_cm_12,lidar_cm_13,lidar_cm_14,lidar_cm_15,lidar_cm_16,lidar_class_0,lidar_class_1,lidar_class_2,lidar_class_3,lidar_class_4,lidar_class_5,lidar_class_6,lidar_class_7,lidar_class_8,lidar_class_9,lidar_class_10,lidar_class_11,lidar_class_12,lidar_class_13,lidar_class_14,lidar_class_15,lidar_class_16
0,-7543.197,8199.143,-418.155,-108.590,-0.320471,0.946257,0.043541,-0.946641,-0.318265,-0.050774,-0.034188,-0.057489,0.997761,1,0.00000,0.00000,4.800,0.240,425.000,375.000,725.000,375.000,-1,325.000,300.000,300.000,300.000,575.000,-1,-1,-1,425.000,625.000,425.000,-1,1,1,1,0,2,0,0,0,0,1,2,2,2,1,1,1,2
1,-7544.746,8194.600,-418.307,-108.830,-0.324432,0.944899,0.043694,-0.945300,-0.322220,-0.050810,-0.033931,-0.057788,0.997752,0,0.08000,-0.12000,4.800,-0.240,425.000,375.000,725.000,375.000,-1,325.000,300.000,300.000,300.000,575.000,-1,-1,-1,425.000,625.000,425.000,-1,1,1,1,0,2,0,0,0,0,1,2,2,2,1,1,1,2
2,-7547.892,8185.530,-418.611,-109.134,-0.329445,0.943149,0.044004,-0.943577,-0.327221,-0.050883,-0.033592,-0.058284,0.997735,0,0.16000,-0.15202,9.600,-0.304,400.000,375.000,725.000,375.000,-1,325.000,300.000,300.000,300.000,575.000,-1,-1,-1,425.000,625.000,400.000,-1,1,1,1,0,2,0,0,0,0,1,2,2,2,1,1,1,2
3,-7552.682,8171.950,-419.061,-109.431,-0.334339,0.941403,0.044473,-0.941867,-0.332094,-0.050992,-0.033235,-0.058937,0.997708,0,0.24000,-0.14856,14.400,-0.297,400.000,350.000,725.000,375.000,-1,325.000,300.000,300.000,300.000,575.000,-1,-1,-1,400.000,625.000,400.000,-1,1,1,1,0,2,0,0,0,0,1,2,2,2,1,1,1,2
4,-7559.160,8153.875,-419.651,-109.719,-0.339081,0.939675,0.045100,-0.940183,-0.336810,-0.051134,-0.032859,-0.059741,0.997673,0,0.32000,-0.14413,19.200,-0.288,375.000,350.000,725.000,375.000,-1,325.000,300.000,300.000,300.000,600.000,-1,-1,-1,400.000,600.000,375.000,-1,1,1,1,0,2,0,0,0,0,1,2,2,2,1,1,1,2
5,-7567.366,8131.322,-420.371,-109.997,-0.343638,0.937980,0.045885,-0.938541,-0.341334,-0.051303,-0.032459,-0.060694,0.997628,0,0.40000,-0.13864,24.000,-0.277,350.000,325.000,700.000,375.000,-1,325.000,300.000,300.000,300.000,625.000,-1,-1,-1,375.000,600.000,350.000,-1,1,1,1,0,2,1,0,0,0,1,2,2,2,1,1,1,2
6,-7577.339,8104.304,-421.213,-110.261,-0.347973,0.936335,0.046825,-0.936957,-0.345629,-0.051495,-0.032033,-0.061792,0.997575,0,0.48000,-0.13199,28.800,-0.264,325.000,300.000,675.000,375.000,-1,300.000,300.000,300.000,300.000,625.000,-1,-1,-1,350.000,600.000,325.000,-1,1,1,1,0,2,1,0,0,0,1,2,2,2,1,1,1,2
7,-7589.110,8072.833,-422.164,-110.509,-0.352042,0.934757,0.047920,-0.935451,-0.349653,-0.051704,-0.031576,-0.063029,0.997512,0,0.56000,-0.12405,33.600,-0.248,300.000,275.000,675.000,375.000,-1,275.000,300.000,325.000,300.000,650.000,-1,-1,-1,325.000,625.000,275.000,-1,1,1,1,1,2,1,1,0,0,1,2,2,2,1,1,1,2
8,-7602.706,8036.920,-423.213,-110.738,-0.355800,0.933268,0.049168,-0.934045,-0.353360,-0.051924,-0.031085,-0.064400,0.997440,0,0.64000,-0.11466,38.400,-0.229,250.000,250.000,650.000,350.000,-1,250.000,300.000,325.000,300.000,675.000,-1,-1,-1,300.000,650.000,250.000,-1,1,1,1,1,2,1,1,0,0,1,2,2,2,1,0,1,2
9,-7618.332,7996.645,-424.333,-111.207,-0.363443,0.930242,0.050577,-0.931126,-0.360954,-0.052125,-0.030232,-0.066038,0.997359,0,0.72000,-0.23466,43.200,-0.469,200.000,225.000,650.000,325.000,-1,225.000,275.000,325.000,300.000,725.000,-1,-1,-1,275.000,650.000,200.000,-1,1,1,1,1,2,1,1,0,0,1,2,2,2,1,0,1,2
10,-7636.247,7952.113,-425.650,-111.917,-0.374920,0.925545,0.052934,-0.926620,-0.372379,-0.052047,-0.028461,-0.068563,0.997241,0,0.80000,-0.35466,48.000,-0.709,150.000,200.000,850.000,325.000,-1,200.000,250.000,325.000,300.000,775.000,-1,-1,-1,250.000,650.000,150.000,-1,1,1,1,1,2,1,1,0,0,1,2,2,2,1,0,1,2
11,-7656.786,7903.472,-419.286,-112.866,-0.388618,0.920684,0.036291,-0.921398,-0.388268,-0.016527,-0.001125,-0.039861,0.999205,0,0.88000,-0.47466,52.800,-0.949,150.000,225.000,900.000,350.000,-1,225.000,275.000,400.000,275.000,850.000,350.000,350.000,-1,250.000,775.000,150.000,-1,1,1,1,1,2,1,1,0,0,1,0,0,2,1,0,1,2
12,-7680.274,7850.878,-411.553,-114.055,-0.407253,0.913137,0.018036,-0.912781,-0.407611,0.026157,0.031237,-0.005810,0.999495,0,0.96000,-0.59466,57.600,-1.189,125.000,225.000,950.000,450.000,-1,225.000,300.000,475.000,275.000,975.000,225.000,150.000,900.000,275.000,925.000,150.000,-1,1,1,1,1,2,1,1,1,0,1,0,0,0,1,0,1,2
13,-7706.085,7796.709,-404.565,-115.485,-0.430840,0.902420,0.003915,-0.900340,-0.430134,0.066117,0.061350,0.024961,0.997804,0,1.00000,-0.71466,60.000,-1.429,125.000,250.000,975.000,550.000,-1,250.000,350.000,425.000,250.000,-1,175.000,75.000,500.000,325.000,975.000,125.000,-1,1,1,1,0,2,1,1,1,0,2,0,0,0,1,1,1,2
14,-7733.197,7743.178,-398.769,-116.880,-0.454390,0.890783,-0.005923,-0.886491,-0.451527,0.101278,0.087542,0.051271,0.994841,0,1.00000,-0.69765,60.000,-1.395,125.000,275.000,975.000,600.000,-1,300.000,450.000,375.000,250.000,-1,175.000,25.000,350.000,400.000,975.000,125.000,-1,1,1,1,0,2,1,1,1,0,2,0,0,0,1,1,1,2
15,-6231.306,-328.033,364.082,-106.271,-0.288131,0.957527,-0.011089,-0.936836,-0.279469,0.210322,0.198290,0.070989,0.977569,1,0.00000,0.00000,60.000,-1.315,-1,200.000,-1,275.000,600.000,175.000,225.000,550.000,475.000,-1,100.000,25.000,650.000,275.000,425.000,-1,550.000,2,1,2,1,1,1,1,0,0,2,0,0,0,1,1,2,1
16,-2295.853,2295.767,-1.485,93.000,-0.043371,-0.993163,-0.108376,0.995544,-0.052056,0.078631,-0.083735,-0.104482,0.990995,1,0.00000,0.00000,-4.800,0.151,-1,375.000,-1,375.000,575.000,325.000,325.000,325.000,300.000,-1,925.000,-1,-1,650.000,525.000,-1,550.000,2,0,2,1,1,0,0,0,0,2,0,2,2,0,1,2,1
17,-2296.085,2300.561,-1.888,92.760,-0.039244,-0.993335,-0.108373,0.995771,-0.047893,0.078395,-0.083063,-0.104838,0.991014,0,0.08000,-0.12000,4.800,-0.240,-1,375.000,-1,375.000,575.000,325.000,325.000,325.000,300.000,-1,875.000,-1,-1,650.000,525.000,-1,550.000,2,0,2,1,1,0,0,0,0,2,0,2,2,0,1,2,1
18,-2296.468,2310.154,-2.686,92.280,-0.030988,-0.993627,-0.108376,0.996174,-0.039567,0.077923,-0.081714,-0.105546,0.991051,0,0.16000,-0.24000,9.600,-0.480,-1,375.000,-1,375.000,550.000,325.000,325.000,325.000,300.000,-1,825.000,-1,-1,650.000,525.000,-1,550.000,2,0,2,1,1,0,0,0,0,2,0,2,2,0,1,2,1
19,-2296.861,2324.550,-3.866,91.560,-0.018603,-0.993933,-0.108399,0.996647,-0.027075,0.077213,-0.079679,-0.106600,0.991104,0,0.24000,-0.36000,14.400,-0.720,-1,375.000,-1,375.000,550.000,325.000,325.000,325.000,300.000,-1,725.000,-1,-1,650.000,525.000,-1,525.000,2,0,2,1,1,0,0,0,0,2,0,2,2,0,1,2,1
20,-2297.063,2343.750,-5.410,90.600,-0.002089,-0.994098,-0.108467,0.997033,-0.010417,0.076267,-0.076946,-0.107986,0.991170,0,0.32000,-0.48000,19.200,-0.960,-1,375.000,-1,375.000,525.000,325.000,325.000,300.000,300.000,-1,650.000,900.000,-1,650.000,500.000,-1,525.000,2,0,2,1,1,0,1,0,0,2,0,0,2,0,1,2,1
21,-2296.814,2367.750,-7.291,89.400,0.018548,-0.993911,-0.108611,0.997123,0.010402,0.075087,-0.073500,-0.109691,0.991244,0,0.40000,-0.60000,24.000,-1.200,-1,375.000,-1,350.000,525.000,325.000,325.000,300.000,300.000,-1,575.000,725.000,-1,650.000,500.000,-1,500.000,2,0,2,1,1,0,1,0,0,2,0,0,2,0,1,2,1
22,-2295.790,2396.533,-9.478,87.960,0.043291,-0.993113,-0.108869,0.996654,0.035368,0.073684,-0.069326,-0.111695,0.991321,0,0.48000,-0.72000,28.800,-1.440,-1,375.000,-1,350.000,500.000,325.000,300.000,300.000,300.000,-1,525.000,625.000,-1,650.000,475.000,-1,475.000,2,0,2,1,1,0,1,0,0,2,0,0,2,0,1,2,1
23,-2293.613,2430.065,-11.933,86.280,0.072111,-0.991391,-0.109289,0.995315,0.064452,0.072072,-0.064407,-0.113974,0.991394,0,0.56000,-0.84000,33.600,-1.680,-1,375.000,-1,350.000,475.000,325.000,300.000,300.000,300.000,-1,475.000,525.000,-1,650.000,450.000,-1,450.000,2,0,2,1,1,0,1,0,0,2,0,0,2,0,1,2,1
24,-2289.841,2468.281,-14.608,84.360,0.104956,-0.988383,-0.109923,0.992741,0.097602,0.070280,-0.058734,-0.116501,0.991452,0,0.64000,-0.96000,38.400,-1.920,-1,375.000,-1,325.000,450.000,325.000,300.000,300.000,300.000,-1,425.000,475.000,-1,675.000,425.000,-1,425.000,2,0,2,1,1,0,1,0,0,2,0,0,2,0,1,2,1
25,-2284.100,2511.101,-17.458,82.360,0.139012,-0.984074,-0.110792,0.988891,0.131997,0.068354,-0.052641,-0.119063,0.991490,0,0.72000,-1.00000,43.200,-2.000,-1,375.000,-1,300.000,425.000,300.000,275.000,300.000,300.000,-1,400.000,450.000,-1,675.000,400.000,-1,400.000,2,0,2,1,1,1,1,0,0,2,0,0,2,0,1,2,1
26,-2276.262,2558.459,-20.454,80.600,0.168785,-0.979287,-0.111843,0.984540,0.162114,0.066341,-0.046835,-0.121311,0.991509,0,0.80000,-0.88000,48.000,-1.760,-1,375.000,875.000,300.000,400.000,300.000,275.000,300.000,300.000,-1,375.000,400.000,-1,675.000,375.000,-1,350.000,2,0,1,1,1,1,1,0,0,2,0,0,2,0,1,2,1
27,-2266.257,2610.305,-22.936,79.080,0.194320,-0.974711,-0.110358,0.980023,0.188046,0.064761,-0.042371,-0.120738,0.991780,0,0.88000,-0.76000,52.800,-1.520,-1,375.000,700.000,275.000,350.000,275.000,250.000,300.000,300.000,-1,400.000,425.000,-1,675.000,350.000,-1,300.000,2,0,1,1,1,1,1,0,0,2,0,0,2,0,1,2,1
28,-2254.081,2666.605,-25.205,77.800,0.215628,-0.970484,-0.108006,0.975730,0.209820,0.062661,-0.038149,-0.118896,0.992174,0,0.96000,-0.64000,57.600,-1.280,-1,375.000,600.000,250.000,275.000,275.000,225.000,300.000,300.000,-1,450.000,450.000,-1,675.000,300.000,-1,250.000,2,0,1,1,1,1,1,0,0,2,0,0,2,0,1,2,1
29,-2240.351,2725.014,-24.212,76.760,0.232285,-0.965334,-0.119052,0.972288,0.227122,0.055430,-0.026470,-0.128629,0.991340,0,1.00000,-0.52000,60.000,-1.040,-1,375.000,575.000,225.000,250.000,250.000,225.000,300.000,325.000,-1,375.000,400.000,-1,725.000,300.000,-1,225.000,2,1,1,1,1,1,1,0,0,2,0,0,2,0,1,2,1
30,-2225.819,2783.229,-21.002,75.960,0.243885,-0.959733,-0.139398,0.969761,0.239994,0.044336,-0.009096,-0.145995,0.989243,0,1.00000,-0.40000,60.000,-0.800,-1,375.000,575.000,225.000,225.000,250.000,200.000,275.000,375.000,850.000,300.000,350.000,-1,800.000,275.000,-1,225.000,2,1,1,1,1,1,1,0,0,0,0,0,2,1,1,2,1
31,-2210.725,2841.300,-17.221,75.400,0.250574,-0.954430,-0.162099,0.968054,0.248604,0.032662,0.009124,-0.165105,0.986234,0,1.00000,-0.28000,60.000,-0.560,-1,375.000,675.000,225.000,225.000,250.000,200.000,275.000,425.000,725.000,225.000,325.000,-1,825.000,275.000,-1,200.000,2,1,1,1,1,1,1,0,0,0,0,0,2,1,1,2,1
32,-2195.312,2899.289,-12.907,75.080,0.252220,-0.949437,-0.186963,0.967262,0.252974,0.020214,0.028105,-0.185941,0.982159,0,1.00000,-0.16000,60.000,-0.320,-1,375.000,825.000,200.000,200.000,250.000,200.000,250.000,500.000,600.000,150.000,300.000,-1,900.000,275.000,-1,175.000,2,1,1,1,1,1,1,0,0,0,0,0,2,1,1,2,1
33,-9511.513,8198.657,-232.147,148.070,-0.745364,-0.509839,0.429531,0.574454,-0.818132,0.025755,0.338282,0.265942,0.902685,1,0.00000,0.00000,60.000,-0.080,150.000,325.000,-1,1000.000,-1,425.000,750.000,-1,225.000,-1,150.000,25.000,100.000,-1,-1,125.000,-1,1,1,2,1,2,1,1,2,0,2,0,0,0,2,2,1,2
34,331.837,-6884.448,425.498,35.670,0.811630,-0.580631,0.064218,0.584030,0.808939,-0.067282,-0.012882,0.092114,0.995665,1,0.08000,0.12000,4.800,0.240,-1,450.000,-1,425.000,-1,350.000,350.000,200.000,300.000,-1,-1,-1,-1,-1,-1,-1,-1,2,0,2,0,2,0,0,1,0,2,2,2,2,2,2,2,2
35,339.588,-6878.786,425.511,36.150,0.806692,-0.587387,0.064997,0.590826,0.804045,-0.066601,-0.013140,0.092129,0.995660,0,0.16000,0.24000,9.600,0.480,-1,450.000,-1,425.000,-1,350.000,350.000,200.000,300.000,-1,-1,-1,-1,-1,-1,-1,-1,2,0,2,0,2,0,0,1,0,2,2,2,2,2,2,2,2
36,351.107,-6870.146,425.434,36.870,0.799153,-0.597422,0.066646,0.600968,0.796570,-0.065679,-0.013850,0.092539,0.995613,0,0.24000,0.36000,14.400,0.720,-1,450.000,-1,425.000,-1,350.000,350.000,200.000,300.000,-1,-1,-1,-1,-1,-1,-1,-1,2,0,2,0,2,0,0,1,0,2,2,2,2,2,2,2,2
37,366.271,-6858.370,425.350,37.830,0.788902,-0.610654,0.068817,0.614341,0.786410,-0.064381,-0.014803,0.093067,0.995550,0,0.32000,0.48000,19.200,0.960,-1,450.000,-1,425.000,-1,350.000,350.000,200.000,300.000,-1,-1,-1,-1,-1,-1,-1,-1,2,0,2,0,2,0,0,1,0,2,2,2,2,2,2,2,2
38,384.914,-6843.257,425.269,39.030,0.775772,-0.626952,0.071469,0.630810,0.773404,-0.062650,-0.015996,0.093686,0.995473,0,0.40000,0.60000,24.000,1.200,-1,450.000,-1,425.000,-1,350.000,350.000,200.000,300.000,-1,-1,-1,-1,-1,-1,-1,-1,2,0,2,0,2,0,0,1,0,2,2,2,2,2,2,2,2
39,406.831,-6824.575,425.210,40.443,0.759856,-0.645801,0.074564,0.649856,0.757652,-0.060424,-0.017472,0.094369,0.995384,0,0.48000,0.70685,28.800,1.414,-1,450.000,-1,425.000,-1,350.000,350.000,200.000,300.000,-1,-1,-1,-1,-1,-1,-1,-1,2,0,2,0,2,0,0,1,0,2,2,2,2,2,2,2,2
40,431.855,-6802.155,424.977,41.855,0.743474,-0.664169,0.078265,0.668495,0.741388,-0.058800,-0.018972,0.096036,0.995197,0,0.56000,0.70606,33.600,1.412,-1,450.000,-1,425.000,-1,350.000,350.000,200.000,300.000,-1,-1,-1,-1,-1,-1,-1,-1,2,0,2,0,2,0,0,1,0,2,2,2,2,2,2,2,2
41,457.682,-6777.844,424.690,43.266,0.726653,-0.682096,0.081972,0.686700,0.724694,-0.057113,-0.020448,0.097791,0.994997,0,0.59117,0.70509,35.470,1.410,-1,450.000,-1,425.000,-1,350.000,350.000,225.000,300.000,-1,-1,-1,-1,-1,1000.000,-1,-1,2,0,2,0,2,0,0,1,0,2,2,2,2,2,0,2,2
42,482.830,-6752.979,424.379,44.674,0.709429,-0.699593,0.085321,0.704442,0.707609,-0.055240,-0.021729,0.099292,0.994821,0,0.58944,0.70401,35.366,1.408,-1,450.000,-1,425.000,-1,350.000,325.000,225.000,275.000,-1,-1,-1,-1,-1,1000.000,-1,-1,2,0,2,0,2,0,0,1,0,2,2,2,2,2,0,2,2
43,507.293,-6727.575,424.040,46.079,0.691820,-0.716653,0.088287,0.721710,0.690147,-0.053207,-0.022800,0.100527,0.994673,0,0.58781,0.70287,35.268,1.406,-1,450.000,-1,425.000,-1,350.000,325.000,225.000,275.000,-1,-1,-1,-1,-1,1000.000,-1,-1,2,0,2,0,2,0,0,1,0,2,2,2,2,2,0,2,2
44,531.064,-6701.648,423.672,47.483,0.673844,-0.733268,0.090844,0.738495,0.672324,-0.051044,-0.023647,0.101484,0.994556,0,0.58628,0.70166,35.177,1.403,-1,450.000,-1,425.000,-1,350.000,325.000,225.000,275.000,-1,-1,-1,-1,-1,1000.000,-1,-1,2,0,2,0,2,0,0,1,0,2,2,2,2,2,0,2,2
45,554.138,-6675.212,423.271,48.884,0.655520,-0.749433,0.092972,0.754788,0.654152,-0.048781,-0.024260,0.102151,0.994473,0,0.58485,0.70040,35.091,1.401,-1,450.000,-1,425.000,-1,350.000,325.000,250.000,275.000,-1,-1,-1,-1,-1,1000.000,-1,-1,2,0,2,0,2,0,0,1,0,2,2,2,2,2,0,2,2
46,576.509,-6648.283,422.765,50.282,0.636849,-0.765165,0.094582,0.770588,0.635666,-0.046087,-0.024859,0.102234,0.994450,0,0.58352,0.69909,35.011,1.398,-1,450.000,-1,425.000,-1,350.000,325.000,250.000,275.000,-1,-1,-1,-1,-1,1000.000,-1,-1,2,0,2,0,2,0,0,1,0,2,2,2,2,2,0,2,2
47,598.174,-6620.876,421.890,51.677,0.617781,-0.780507,0.095685,0.785911,0.616913,-0.041971,-0.026271,0.101128,0.994526,0,0.58229,0.69772,34.937,1.395,-1,450.000,-1,425.000,-1,350.000,325.000,250.000,275.000,-1,-1,-1,-1,-1,975.000,-1,-1,2,0,2,0,2,0,0,1,0,2,2,2,2,2,0,2,2
48,619.126,-6593.004,420.911,53.070,0.598393,-0.795361,0.096572,0.800727,0.597832,-0.037868,-0.027615,0.099988,0.994605,0,0.58115,0.69630,34.869,1.393,-1,450.000,-1,425.000,-1,350.000,325.000,250.000,275.000,-1,-1,-1,-1,1000.000,950.000,-1,-1,2,0,2,0,2,0,0,1,0,2,2,2,2,0,0,2,2
49,639.359,-6564.684,419.914,54.459,0.578733,-0.809748,0.096832,0.815014,0.578454,-0.033811,-0.028634,0.098487,0.994726,0,0.58011,0.69484,34.807,1.390,-1,450.000,-1,425.000,-1,350.000,325.000,250.000,275.000,-1,-1,-1,-1,975.000,950.000,-1,-1,2,0,2,0,2,0,0,1,0,2,2,2,2,0,0,2,2
50,658.870,-6535.929,418.897,55.846,0.558819,-0.823660,0.096462,0.828771,0.558792,-0.029842,-0.029323,0.096621,0.994889,0,0.57917,0.69332,34.750,1.387,-1,425.000,-1,425.000,-1,350.000,325.000,250.000,300.000,-1,-1,-1,-1,950.000,950.000,-1,-1,2,0,2,0,2,0,0,1,0,2,2,2,2,0,0,2,2
51,677.653,-6506.756,417.859,57.230,0.538668,-0.837092,0.095465,0.841995,0.538858,-0.025999,-0.029678,0.094386,0.995093,0,0.57831,0.69177,34.699,1.384,-1,425.000,-1,425.000,-1,350.000,325.000,250.000,300.000,-1,-1,-1,-1,925.000,925.000,-1,-1,2,0,2,0,2,0,0,1,0,2,2,2,2,0,0,2,2
52,695.703,-6477.177,416.702,58.610,0.518312,-0.850009,0.094004,0.854686,0.518646,-0.022766,-0.029404,0.092144,0.995311,0,0.57754,0.69017,34.653,1.380,-1,425.000,-1,425.000,-1,350.000,350.000,250.000,300.000,-1,-1,-1,-1,900.000,950.000,-1,-1,2,0,2,0,2,0,0,1,0,2,2,2,2,0,0,2,2
53,713.017,-6447.208,415.287,59.987,0.497789,-0.862367,0.092350,0.866843,0.498149,-0.020761,-0.028100,0.090388,0.995510,0,0.57686,0.68854,34.612,1.377,-1,425.000,-1,425.000,-1,350.000,350.000,250.000,300.000,-1,-1,-1,-1,875.000,950.000,-1,-1,2,0,2,0,2,0,0,1,0,2,2,2,2,0,0,2,2
54,729.588,-6416.864,414.152,61.361,0.476950,-0.874132,0.091715,0.878503,0.477370,-0.018729,-0.027410,0.089505,0.995609,0,0.57626,0.68686,34.576,1.374,-1,425.000,-1,425.000,-1,350.000,350.000,275.000,325.000,-1,-1,-1,-1,875.000,950.000,-1,-1,2,0,2,0,2,0,0,1,0,2,2,2,2,0,0,2,2
55,745.415,-6386.160,413.117,62.731,0.455752,-0.885250,0.092853,0.889672,0.456305,-0.016438,-0.027817,0.090100,0.995544,0,0.57574,0.68516,34.544,1.370,-1,425.000,-1,425.000,-1,325.000,350.000,275.000,325.000,-1,-1,-1,-1,850.000,925.000,-1,-1,2,0,2,0,2,0,0,1,0,2,2,2,2,0,0,2,2
56,762.746,-6350.840,411.838,63.861,0.437942,-0.893991,0.094803,0.898524,0.438709,-0.013710,-0.029335,0.091187,0.995402,0,0.65574,0.56516,39.344,1.130,-1,425.000,-1,425.000,-1,325.000,325.000,275.000,325.000,-1,-1,-1,-1,850.000,900.000,-1,-1,2,0,2,0,2,0,0,1,0,2,2,2,2,0,0,2,2
57,781.575,-6310.913,410.450,64.752,0.423687,-0.900610,0.096909,0.905260,0.424723,-0.010697,-0.031526,0.092260,0.995236,0,0.73574,0.44516,44.144,0.890,-1,425.000,-1,425.000,-1,325.000,325.000,300.000,325.000,-1,-1,-1,-1,825.000,875.000,-1,-1,2,0,2,0,2,0,0,1,0,2,2,2,2,0,0,2,2
58,801.947,-6266.410,408.940,65.402,0.413072,-0.905282,0.099179,0.910050,0.414433,-0.007442,-0.034366,0.093332,0.995042,0,0.81574,0.32516,48.944,0.650,-1,400.000,-1,425.000,-1,325.000,325.000,300.000,300.000,-1,-1,-1,-1,800.000,850.000,-1,-1,2,0,2,0,2,0,0,1,0,2,2,2,2,0,0,2,2
59,822.011,-6221.740,407.440,65.812,0.406199,-0.908141,0.101402,0.913016,0.407901,-0.004294,-0.037462,0.094326,0.994836,0,0.81615,0.20516,48.969,0.410,-1,400.000,-1,400.000,-1,325.000,325.000,300.000,300.000,-1,-1,-1,-1,775.000,825.000,-1,-1,2,0,2,0,2,0,0,0,0,2,2,2,2,0,0,2,2
60,841.867,-6177.179,405.938,65.983,0.403106,-0.909270,0.103607,0.914243,0.405164,-0.001286,-0.040808,0.095240,0.994618,0,0.81308,0.08516,48.785,0.170,-1,400.000,-1,400.000,-1,325.000,325.000,300.000,300.000,-1,-1,-1,-1,750.000,825.000,-1,-1,2,0,2,0,2,0,0,0,0,2,2,2,2,0,0,2,2
61,861.702,-6132.811,404.418,65.913,0.403805,-0.908703,0.105830,0.913766,0.406237,0.001561,-0.044411,0.096074,0.994383,0,0.80998,-0.03484,48.599,-0.070,-1,400.000,-1,400.000,-1,325.000,325.000,300.000,300.000,-1,-1,-1,-1,725.000,800.000,-1,-1,2,0,2,0,2,0,0,0,0,2,2,2,2,0,0,2,2
62,881.700,-6088.718,402.864,65.603,0.408291,-0.906428,0.108106,0.911575,0.411113,0.004225,-0.048274,0.096821,0.994130,0,0.80692,-0.15484,48.415,-0.310,-1,375.000,-1,400.000,-1,325.000,325.000,325.000,300.000,-1,-1,-1,-1,725.000,775.000,-1,-1,2,0,2,0,2,0,0,0,0,2,2,2,2,0,0,2,2
63,901.971,-6044.944,401.092,65.152,0.415060,-0.903136,0.109863,0.908324,0.418219,0.006366,-0.051696,0.097149,0.993926,0,0.80398,-0.22541,48.239,-0.451,-1,375.000,-1,400.000,-1,325.000,325.000,325.000,300.000,-1,-1,-1,-1,700.000,775.000,-1,-1,2,0,2,0,2,0,0,0,0,2,2,2,2,0,0,2,2
64,922.527,-6001.475,398.701,64.693,0.422225,-0.899876,0.109311,0.904928,0.425500,0.007447,-0.053213,0.095774,0.993980,0,0.80140,-0.22960,48.084,-0.459,-1,375.000,-1,400.000,-1,300.000,325.000,325.000,300.000,-1,-1,-1,-1,700.000,775.000,-1,-1,2,0,2,0,2,0,0,0,0,2,2,2,2,0,0,2,2
65,943.386,-5958.281,396.374,64.225,0.429521,-0.896453,0.109015,0.901417,0.432878,0.008049,-0.054406,0.094810,0.994008,0,0.79943,-0.23404,47.966,-0.468,-1,375.000,-1,400.000,-1,300.000,325.000,325.000,300.000,725.000,-1,-1,-1,700.000,800.000,-1,-1,2,0,2,0,2,0,0,0,0,1,2,2,2,0,0,2,2
66,964.567,-5915.336,394.092,63.748,0.436947,-0.892868,0.108924,0.897784,0.440359,0.008249,-0.055331,0.094186,0.994016,0,0.79806,-0.23871,47.884,-0.477,-1,375.000,-1,400.000,-1,300.000,325.000,325.000,300.000,675.000,-1,-1,-1,700.000,825.000,-1,-1,2,0,2,0,2,0,0,0,0,1,2,2,2,0,0,2,2
67,986.091,-5872.616,391.804,63.260,0.444499,-0.889133,0.108921,0.894017,0.447956,0.008281,-0.056154,0.093697,0.994016,0,0.79726,-0.24360,47.835,-0.487,-1,375.000,-1,400.000,-1,300.000,325.000,325.000,325.000,675.000,-1,-1,-1,700.000,850.000,-1,-1,2,0,2,0,2,0,0,0,0,1,2,2,2,0,0,2,2
68,1009.252,-5827.613,389.315,62.768,0.452116,-0.885259,0.109121,0.890156,0.455588,0.007881,-0.056691,0.093571,0.993997,0,0.84354,-0.24629,50.613,-0.493,-1,375.000,-1,400.000,-1,325.000,325.000,325.000,325.000,700.000,-1,-1,-1,700.000,900.000,-1,-1,2,0,2,0,2,0,0,0,0,1,2,2,2,0,0,2,2
69,1032.680,-5783.041,386.535,62.271,0.459814,-0.881182,0.109954,0.886233,0.463201,0.006017,-0.056233,0.094678,0.993918,0,0.83923,-0.24848,50.354,-0.497,-1,375.000,-1,400.000,-1,325.000,325.000,325.000,325.000,700.000,-1,-1,-1,725.000,925.000,-1,-1,2,0,2,0,2,0,0,0,0,1,2,2,2,0,0,2,2
70,1056.387,-5738.883,383.787,61.769,0.467566,-0.876991,0.110762,0.882204,0.470851,0.004006,-0.055666,0.095841,0.993839,0,0.83532,-0.25100,50.119,-0.502,-1,375.000,-1,400.000,-1,325.000,325.000,325.000,300.000,725.000,-1,-1,-1,725.000,975.000,-1,-1,2,0,2,0,2,0,0,0,0,1,2,2,2,0,0,2,2
71,1080.384,-5695.120,380.945,61.261,0.475371,-0.872747,0.111062,0.878039,0.478583,0.002590,-0.055413,0.096285,0.993810,0,0.83184,-0.25384,49.910,-0.508,-1,375.000,-1,400.000,-1,325.000,325.000,325.000,300.000,750.000,-1,-1,-1,750.000,-1,-1,-1,2,0,2,0,2,0,0,0,0,1,2,2,2,0,2,2,2
72,1104.685,-5651.733,377.954,60.747,0.483205,-0.868420,0.111177,0.873739,0.486393,0.001786,-0.055627,0.096277,0.993799,0,0.82881,-0.25699,49.729,-0.514,-1,400.000,-1,400.000,-1,325.000,325.000,325.000,300.000,775.000,-1,-1,-1,750.000,-1,-1,-1,2,0,2,0,2,0,0,0,0,1,2,2,2,0,2,2,2
73,1129.303,-5608.702,374.919,60.226,0.491091,-0.863964,0.111331,0.869309,0.494268,0.001075,-0.055956,0.096253,0.993783,0,0.82625,-0.26042,49.575,-0.521,-1,400.000,-1,400.000,-1,325.000,325.000,325.000,300.000,775.000,-1,-1,-1,750.000,-1,-1,-1,2,0,2,0,2,0,0,0,0,1,2,2,2,0,2,2,2
74,1154.253,-5566.008,371.839,59.698,0.499037,-0.859374,0.111525,0.864743,0.502215,0.000458,-0.056403,0.096212,0.993761,0,0.82416,-0.26413,49.450,-0.528,-1,400.000,-1,425.000,-1,325.000,325.000,325.000,300.000,800.000,-1,-1,-1,750.000,-1,-1,-1,2,0,2,0,2,0,0,0,0,1,2,2,2,0,2,2,2
75,1179.553,-5523.632,368.712,59.162,0.507048,-0.854641,0.111763,0.860033,0.510238,-0.000067,-0.056968,0.096154,0.993735,0,0.82255,-0.26811,49.353,-0.536,-1,400.000,-1,425.000,-1,325.000,325.000,325.000,300.000,825.000,-1,-1,-1,750.000,-1,-1,-1,2,0,2,0,2,0,0,0,0,1,2,2,2,0,2,2,2
76,1205.219,-5481.556,365.536,58.617,0.515127,-0.849758,0.112047,0.855173,0.518343,-0.000500,-0.057654,0.096077,0.993703,0,0.82142,-0.27234,49.285,-0.545,-1,400.000,-1,425.000,-1,325.000,325.000,325.000,325.000,850.000,-1,-1,-1,750.000,-1,-1,-1,2,0,2,0,2,0,0,0,0,1,2,2,2,0,2,2,2
77,1231.269,-5439.764,362.330,58.064,0.523267,-0.844711,0.112491,0.850156,0.526530,-0.000829,-0.058530,0.096069,0.993652,0,0.82076,-0.27681,49.246,-0.554,-1,400.000,-1,450.000,-1,325.000,325.000,325.000,325.000,875.000,-1,-1,-1,750.000,-1,-1,-1,2,0,2,0,2,0,0,0,0,1,2,2,2,0,2,2,2
78,1257.722,-5398.240,359.207,57.501,0.531407,-0.839455,0.113677,0.844992,0.534778,-0.000995,-0.059956,0.096585,0.993517,0,0.82056,-0.28150,49.234,-0.563,-1,400.000,-1,450.000,-1,325.000,325.000,325.000,325.000,900.000,-1,-1,-1,750.000,-1,-1,-1,2,0,2,0,2,0,0,0,0,1,2,2,2,0,2,2,2
79,1284.596,-5356.968,355.407,56.928,0.539268,-0.833822,0.118027,0.839742,0.542985,-0.000783,-0.063434,0.099534,0.993010,0,0.82081,-0.28642,49.249,-0.573,-1,375.000,-1,450.000,-1,325.000,325.000,325.000,325.000,950.000,-1,-1,-1,725.000,-1,-1,-1,2,0,2,0,2,0,0,0,0,1,2,2,2,0,2,2,2
80,1309.429,-5319.697,351.905,56.322,0.547534,-0.827799,0.122290,0.834103,0.551608,-0.000646,-0.066921,0.102356,0.992494,0,0.74642,-0.30275,44.785,-0.605,-1,375.000,-1,450.000,-1,325.000,325.000,325.000,325.000,975.000,-1,-1,-1,725.000,-1,-1,-1,2,0,2,0,2,0,0,0,0,1,2,2,2,0,2,2,2
81,1334.692,-5282.649,348.384,55.707,0.555833,-0.821570,0.126782,0.828299,0.560287,-0.000639,-0.070509,0.105368,0.991930,0,0.74735,-0.30759,44.841,-0.615,-1,375.000,-1,450.000,-1,300.000,325.000,325.000,325.000,-1,-1,-1,-1,700.000,-1,-1,-1,2,0,2,0,2,0,0,0,0,2,2,2,2,0,2,2,2
82,1360.402,-5245.815,344.831,55.082,0.564160,-0.815129,0.131486,0.822321,0.569023,-0.000712,-0.074239,0.108525,0.991318,0,0.74863,-0.31260,44.918,-0.625,-1,375.000,-1,450.000,-1,300.000,325.000,300.000,325.000,-1,-1,-1,-1,700.000,-1,-1,-1,2,0,2,0,2,0,0,0,0,2,2,2,2,0,2,2,2
83,1386.575,-5209.188,341.243,54.446,0.572513,-0.808469,0.136407,0.816166,0.577817,-0.000874,-0.078112,0.111831,0.990652,0,0.75026,-0.31777,45.016,-0.636,-1,375.000,-1,450.000,-1,300.000,325.000,300.000,325.000,-1,-1,-1,-1,725.000,-1,-1,-1,2,0,2,0,2,0,0,0,0,2,2,2,2,0,2,2,2
84,1413.230,-5172.765,337.389,53.800,0.581051,-0.801667,0.140393,0.809784,0.586727,-0.001187,-0.081421,0.114377,0.990095,0,0.75222,-0.32310,45.133,-0.646,-1,375.000,-1,450.000,-1,300.000,325.000,300.000,325.000,-1,-1,-1,-1,725.000,-1,-1,-1,2,0,2,0,2,0,0,0,0,2,2,2,2,0,2,2,2
85,1440.384,-5136.541,333.484,53.143,0.589657,-0.794677,0.144198,0.803186,0.595727,-0.001347,-0.084833,0.116612,0.989548,0,0.75450,-0.32858,45.270,-0.657,-1,375.000,-1,450.000,-1,300.000,325.000,325.000,325.000,-1,-1,-1,-1,750.000,-1,-1,-1,2,0,2,0,2,0,0,0,0,2,2,2,2,0,2,2,2
86,1468.052,-5100.513,329.486,52.475,0.598323,-0.787458,0.148050,0.796382,0.604792,-0.001653,-0.088238,0.118894,0.988978,0,0.75709,-0.33421,45.425,-0.668,-1,375.000,-1,450.000,-1,325.000,350.000,325.000,325.000,-1,-1,-1,-1,750.000,-1,-1,-1,2,0,2,0,2,0,0,0,0,2,2,2,2,0,2,2,2
87,1496.253,-5064.679,325.393,51.795,0.607047,-0.780004,0.151946,0.789365,0.613921,-0.002113,-0.091635,0.121223,0.988387,0,0.75997,-0.33999,45.598,-0.680,-1,375.000,-1,450.000,-1,325.000,350.000,325.000,325.000,-1,-1,-1,-1,775.000,-1,-1,-1,2,0,2,0,2,0,0,0,0,2,2,2,2,0,2,2,2
88,1525.005,-5029.040,321.200,51.103,0.615828,-0.772306,0.155883,0.782130,0.623110,-0.002731,-0.095023,0.123603,0.987772,0,0.76315,-0.34591,45.789,-0.692,-1,375.000,-1,450.000,-1,325.000,350.000,325.000,325.000,-1,-1,-1,-1,775.000,-1,-1,-1,2,0,2,0,2,0,0,0,0,2,2,2,2,0,2,2,2
89,1554.324,-4993.598,316.980,50.399,0.624718,-0.764383,0.159518,0.774652,0.632378,-0.003508,-0.098194,0.125762,0.987189,0,0.76659,-0.35197,45.996,-0.704,-1,400.000,-1,450.000,-1,325.000,350.000,325.000,325.000,-1,-1,-1,-1,800.000,1000.000,-1,-1,2,0,2,0,2,0,0,0,0,2,2,2,2,0,0,2,2
90,1584.228,-4958.356,312.692,49.683,0.633691,-0.756216,0.163014,0.766932,0.641713,-0.004440,-0.101250,0.127834,0.986614,0,0.77030,-0.35816,46.218,-0.716,-1,400.000,-1,450.000,-1,325.000,350.000,325.000,325.000,-1,-1,-1,-1,825.000,1000.000,-1,-1,2,0,2,0,2,0,0,0,0,2,2,2,2,0,0,2,2
91,1614.734,-4923.318,308.295,48.954,0.642717,-0.747782,0.166545,0.758971,0.651101,-0.005536,-0.104298,0.129961,0.986018,0,0.77427,-0.36448,46.456,-0.729,-1,400.000,-1,450.000,-1,325.000,350.000,325.000,325.000,-1,-1,-1,-1,825.000,1000.000,-1,-1,2,0,2,0,2,0,0,0,0,2,2,2,2,0,0,2,2
92,1645.862,-4888.491,303.283,48.212,0.651680,-0.739276,0.169662,0.750624,0.660717,-0.004212,-0.108985,0.130097,0.985493,0,0.77847,-0.37094,46.708,-0.742,-1,400.000,-1,450.000,-1,325.000,350.000,325.000,325.000,-1,-1,-1,-1,825.000,975.000,-1,-1,2,0,2,0,2,0,0,0,0,2,2,2,2,0,0,2,2
93,1678.922,-4852.496,297.481,47.438,0.660814,-0.730393,0.172776,0.741693,0.670738,-0.001268,-0.114961,0.128985,0.984960,0,0.81449,-0.38687,48.870,-0.774,-1,400.000,-1,450.000,-1,325.000,350.000,325.000,325.000,-1,-1,-1,-1,825.000,950.000,-1,-1,2,0,2,0,2,0,0,0,0,2,2,2,2,0,0,2,2
94,1712.668,-4816.723,290.961,46.670,0.669820,-0.721234,0.176528,0.732874,0.680364,-0.001085,-0.119321,0.130100,0.984295,0,0.81962,-0.38386,49.177,-0.768,-1,400.000,-1,450.000,-1,325.000,350.000,325.000,325.000,-1,-1,-1,-1,825.000,925.000,-1,-1,2,0,2,0,2,0,0,0,0,2,2,2,2,0,0,2,2
95,1745.567,-4782.483,284.594,46.143,0.675724,-0.714778,0.180247,0.726822,0.686825,-0.001129,-0.122991,0.131770,0.983621,0,0.79136,-0.26386,47.482,-0.528,-1,400.000,-1,425.000,-1,325.000,350.000,300.000,325.000,-1,-1,-1,-1,800.000,900.000,-1,-1,2,0,2,0,2,0,0,0,0,2,2,2,2,0,0,2,2
96,1778.831,-4748.209,278.144,45.855,0.678577,-0.711093,0.184064,0.723631,0.690185,-0.001377,-0.126059,0.134129,0.982913,0,0.79602,-0.14386,47.761,-0.288,-1,400.000,-1,425.000,-1,325.000,350.000,300.000,325.000,-1,-1,-1,-1,800.000,875.000,-1,-1,2,0,2,0,2,0,0,0,0,2,2,2,2,0,0,2,2
97,1812.315,-4713.763,271.639,45.807,0.678423,-0.710219,0.187967,0.723343,0.690486,-0.001789,-0.128518,0.137179,0.982174,0,0.80062,-0.02386,48.037,-0.048,975.000,400.000,-1,425.000,-1,325.000,350.000,300.000,325.000,-1,-1,-1,-1,800.000,850.000,1000.000,-1,1,0,2,0,2,0,0,0,0,2,2,2,2,0,0,1,2
98,1845.873,-4679.007,265.105,45.999,0.675271,-0.712156,0.191946,0.725957,0.687736,-0.002307,-0.130365,0.140902,0.981403,0,0.80520,0.09614,48.312,0.192,925.000,400.000,-1,425.000,-1,325.000,325.000,300.000,325.000,-1,-1,-1,-1,800.000,825.000,975.000,-1,1,0,2,0,2,0,0,0,0,2,2,2,2,0,0,1,2
99,1879.356,-4643.798,258.560,46.432,0.669095,-0.716869,0.195988,0.731431,0.681910,-0.002841,-0.131610,0.145252,0.980602,0,0.80981,0.21614,48.588,0.432,875.000,400.000,-1,400.000,-1,325.000,325.000,300.000,325.000,-1,-1,-1,-1,800.000,800.000,925.000,-1,1,0,2,0,2,0,0,0,0,2,2,2,2,0,0,1,2
100,1912.614,-4607.993,252.133,47.104,0.659917,-0.724303,0.199737,0.739661,0.672971,-0.003403,-0.131952,0.149983,0.979844,0,0.81447,0.33614,48.868,0.672,850.000,400.000,-1,400.000,-1,325.000,325.000,300.000,300.000,-1,-1,-1,-1,775.000,800.000,875.000,-1,1,0,2,0,2,0,0,0,0,2,2,2,2,0,0,1,2
101,1945.487,-4571.450,245.846,48.016,0.647643,-0.734338,0.203240,0.750530,0.660824,-0.003969,-0.131391,0.155108,0.979121,0,0.81925,0.45614,49.155,0.912,800.000,400.000,-1,400.000,-1,325.000,325.000,300.000,300.000,-1,-1,-1,-1,750.000,775.000,825.000,-1,1,0,2,0,2,0,0,0,0,2,2,2,2,1,0,1,2
102,1977.810,-4534.028,239.663,49.169,0.632095,-0.746785,0.206805,0.763895,0.645324,-0.004525,-0.130077,0.160838,0.978372,0,0.82418,0.57614,49.451,1.152,775.000,400.000,-1,400.000,-1,325.000,325.000,300.000,300.000,-1,-1,-1,-1,725.000,750.000,775.000,-1,1,0,2,0,2,0,0,0,0,2,2,2,2,1,0,1,2
103,2009.409,-4495.595,233.698,50.561,0.613111,-0.761472,0.210368,0.779525,0.626354,-0.004681,-0.128201,0.166857,0.977611,0,0.82932,0.69614,49.759,1.392,725.000,400.000,-1,400.000,-1,325.000,325.000,300.000,300.000,-1,-1,-1,-1,675.000,750.000,725.000,-1,1,0,2,0,2,0,0,0,0,2,2,2,2,1,0,1,2
104,2040.096,-4456.021,227.977,52.193,0.590531,-0.778147,0.213916,0.797166,0.603743,-0.004444,-0.125692,0.173151,0.976842,0,0.83470,0.81614,50.082,1.632,675.000,400.000,-1,400.000,-1,325.000,325.000,300.000,300.000,-1,-1,-1,-1,650.000,725.000,675.000,-1,1,0,2,0,2,0,0,0,0,2,2,2,2,1,0,1,2
105,2069.674,-4415.194,221.921,54.065,0.564778,-0.796797,0.214803,0.816366,0.577519,-0.004192,-0.120713,0.177725,0.976648,0,0.84036,0.93614,50.421,1.872,650.000,400.000,-1,375.000,-1,325.000,325.000,300.000,300.000,-1,-1,-1,-1,600.000,725.000,625.000,-1,1,0,2,0,2,0,0,0,0,2,2,2,2,1,0,1,2
106,2098.009,-4373.062,215.920,56.065,0.536910,-0.815888,0.214601,0.835832,0.548971,-0.004045,-0.114510,0.181542,0.976693,0,0.84634,1.00000,50.781,2.000,600.000,400.000,-1,375.000,-1,325.000,325.000,300.000,300.000,-1,-1,-1,-1,575.000,725.000,600.000,-1,1,0,2,0,2,0,0,0,0,2,2,2,2,1,0,1,2
107,2125.054,-4329.649,210.209,58.065,0.508468,-0.833985,0.214310,0.854273,0.519810,-0.003996,-0.108068,0.185111,0.976757,0,0.85259,1.00000,51.155,2.000,575.000,400.000,925.000,375.000,-1,325.000,325.000,300.000,300.000,-1,-1,-1,-1,525.000,725.000,550.000,-1,1,0,1,0,2,0,0,0,0,2,2,2,2,1,0,1,2
108,2150.760,-4284.986,204.775,60.065,0.479462,-0.851056,0.214053,0.871677,0.490064,-0.004036,-0.101465,0.188520,0.976814,0,0.85899,1.00000,51.540,2.000,525.000,400.000,850.000,375.000,-1,325.000,325.000,300.000,300.000,-1,-1,-1,-1,500.000,700.000,500.000,975.000,1,1,1,0,2,0,0,0,0,2,2,2,2,1,1,1,1
109,2175.076,-4239.106,199.626,62.065,0.449929,-0.867085,0.213839,0.888029,0.459770,-0.004162,-0.094708,0.191768,0.976860,0,0.86556,1.00000,51.934,2.000,500.000,375.000,775.000,375.000,-1,325.000,325.000,300.000,300.000,-1,-1,-1,-1,450.000,650.000,450.000,875.000,1,1,1,0,2,0,0,0,0,2,2,2,2,1,1,1,1
110,2197.952,-4192.042,194.775,64.065,0.419903,-0.882057,0.213676,0.903311,0.428963,-0.004370,-0.087805,0.194850,0.976895,0,0.87228,1.00000,52.337,2.000,450.000,350.000,700.000,375.000,975.000,325.000,325.000,300.000,300.000,-1,-1,-1,-1,425.000,575.000,425.000,775.000,1,1,1,0,1,1,0,0,0,2,2,2,2,1,1,1,1
111,2219.339,-4143.833,190.315,66.065,0.389392,-0.896010,0.213400,0.917503,0.397705,-0.004311,-0.081008,0.197474,0.976955,0,0.87915,1.00000,52.749,2.000,400.000,300.000,625.000,400.000,875.000,300.000,325.000,300.000,300.000,-1,-1,-1,-1,375.000,525.000,375.000,700.000,1,1,1,1,1,1,1,0,0,2,2,2,2,1,1,1,1
112,2239.189,-4094.516,186.256,68.065,0.358427,-0.908936,0.212992,0.930595,0.366028,-0.004009,-0.074317,0.199647,0.977046,0,0.88616,1.00000,53.170,2.000,375.000,275.000,575.000,350.000,750.000,275.000,300.000,300.000,300.000,-1,-1,-1,-1,350.000,475.000,325.000,600.000,1,1,1,1,1,1,1,0,0,2,2,2,2,1,1,1,1
113,2257.453,-4044.134,182.524,70.065,0.327076,-0.920776,0.212587,0.942585,0.333946,-0.003798,-0.067496,0.201623,0.977135,0,0.89332,1.00000,53.599,2.000,325.000,250.000,500.000,325.000,650.000,225.000,275.000,300.000,300.000,-1,-1,-1,-1,300.000,425.000,275.000,500.000,1,1,1,1,1,1,1,0,0,2,2,2,2,1,1,1,1
114,2274.076,-3992.728,179.664,72.065,0.295632,-0.931111,0.213622,0.953491,0.301362,-0.005995,-0.058796,0.205459,0.976898,0,0.90061,1.00000,54.036,2.000,275.000,225.000,425.000,275.000,525.000,200.000,225.000,300.000,300.000,-1,-1,-1,-1,275.000,375.000,250.000,425.000,1,1,1,1,1,1,1,0,0,2,2,2,2,1,1,1,1
115,2288.983,-3940.337,180.150,74.065,0.265499,-0.937890,0.223320,0.963261,0.267778,-0.020589,-0.040490,0.220582,0.974528,0,0.90802,1.00000,54.481,2.000,300.000,200.000,400.000,250.000,450.000,200.000,225.000,325.000,275.000,-1,825.000,725.000,-1,250.000,325.000,250.000,375.000,1,1,1,1,1,1,1,0,0,2,0,0,2,1,1,1,1
116,2302.157,-3887.018,181.041,76.065,0.235525,-0.943253,0.234097,0.971614,0.234037,-0.034528,-0.022219,0.235584,0.971600,0,0.91556,1.00000,54.933,2.000,325.000,200.000,375.000,225.000,350.000,175.000,200.000,375.000,275.000,-1,525.000,375.000,-1,250.000,300.000,250.000,300.000,1,1,1,1,1,1,1,0,0,2,0,0,2,1,1,1,1
117,2314.630,-3829.115,187.149,77.825,0.213050,-0.950011,0.228231,0.976998,0.204960,-0.058869,0.009148,0.235524,0.971826,0,0.98736,0.88000,59.242,1.760,450.000,175.000,375.000,225.000,350.000,175.000,200.000,400.000,300.000,-1,275.000,225.000,-1,225.000,300.000,275.000,300.000,1,1,1,1,1,1,1,0,0,2,0,0,2,1,1,1,1
118,-6231.393,4263.417,-261.672,166.239,-0.972047,-0.234785,0.000620,0.231666,-0.958699,0.165005,-0.038146,0.160536,0.986293,1,0.00000,0.00000,59.722,1.520,-1,400.000,-1,375.000,850.000,325.000,325.000,300.000,325.000,-1,-1,-1,-1,750.000,700.000,-1,925.000,2,0,2,0,1,0,0,0,0,2,2,2,2,0,0,2,1
119,-6236.059,4264.539,-261.851,166.479,-0.973010,-0.230763,0.000627,0.227702,-0.959656,0.164958,-0.037464,0.160649,0.986300,0,0.08000,0.12000,4.800,0.240,-1,400.000,-1,375.000,850.000,325.000,325.000,300.000,325.000,-1,-1,-1,-1,750.000,700.000,-1,925.000,2,0,2,0,1,0,0,0,0,2,2,2,2,0,0,2,1
120,-6245.403,4266.740,-262.200,166.741,-0.974040,-0.226376,0.000630,0.223380,-0.960686,0.164874,-0.036719,0.160734,0.986314,0,0.16000,0.13078,9.600,0.262,-1,400.000,-1,375.000,850.000,325.000,325.000,300.000,325.000,-1,-1,-1,-1,750.000,700.000,-1,925.000,2,0,2,0,1,0,0,0,0,2,2,2,2,0,0,2,1
121,-6259.433,4269.980,-262.709,166.997,-0.975031,-0.222070,0.000627,0.219136,-0.961684,0.164750,-0.035983,0.160774,0.986335,0,0.24000,0.12832,14.400,0.257,-1,400.000,-1,375.000,825.000,325.000,325.000,300.000,325.000,-1,-1,-1,-1,750.000,700.000,-1,925.000,2,0,2,0,1,0,0,0,0,2,2,2,2,0,0,2,1
122,-6278.158,4274.218,-263.372,167.247,-0.975976,-0.217877,0.000621,0.215005,-0.962645,0.164585,-0.035262,0.160764,0.986363,0,0.32000,0.12485,19.200,0.250,-1,400.000,-1,375.000,800.000,325.000,325.000,300.000,325.000,-1,-1,-1,-1,750.000,675.000,-1,925.000,2,0,2,0,1,0,0,0,0,2,2,2,2,0,0,2,1
123,-6301.588,4279.417,-264.181,167.488,-0.976870,-0.213834,0.000615,0.211024,-0.963561,0.164374,-0.034556,0.160702,0.986398,0,0.40000,0.12033,24.000,0.241,-1,400.000,-1,375.000,775.000,325.000,325.000,300.000,325.000,-1,-1,-1,-1,750.000,675.000,-1,900.000,2,0,2,0,1,0,0,0,0,2,2,2,2,0,0,2,1
124,-6329.728,4285.543,-265.129,167.717,-0.977706,-0.209979,0.000615,0.207230,-0.964429,0.164113,-0.033867,0.160581,0.986441,0,0.48000,0.11469,28.800,0.229,-1,400.000,-1,375.000,750.000,325.000,325.000,300.000,325.000,-1,-1,-1,-1,750.000,675.000,-1,900.000,2,0,2,0,1,0,0,0,0,2,2,2,2,0,0,2,1
125,-6362.585,4292.568,-266.209,167.933,-0.978478,-0.206352,0.000625,0.203665,-0.965241,0.163798,-0.033197,0.160400,0.986494,0,0.56000,0.10788,33.600,0.216,-1,400.000,-1,375.000,725.000,325.000,325.000,300.000,325.000,-1,-1,-1,-1,750.000,675.000,-1,875.000,2,0,2,0,1,0,0,0,0,2,2,2,2,0,0,2,1
126,-6400.163,4300.465,-267.414,168.132,-0.979179,-0.202996,0.000652,0.200372,-0.965994,0.163423,-0.032545,0.160151,0.986556,0,0.64000,0.09979,38.400,0.200,-1,400.000,-1,375.000,700.000,325.000,300.000,300.000,325.000,-1,-1,-1,-1,750.000,675.000,-1,850.000,2,0,2,0,1,0,0,0,0,2,2,2,2,0,0,2,1
127,-6442.467,4309.216,-268.738,168.313,-0.979804,-0.199960,0.000702,0.197398,-0.966680,0.162984,-0.031911,0.159831,0.986628,0,0.72000,0.09034,43.200,0.181,-1,400.000,-1,375.000,675.000,325.000,300.000,300.000,325.000,-1,-1,-1,-1,750.000,675.000,-1,825.000,2,0,2,0,1,0,0,0,0,2,2,2,2,0,0,2,1
128,-6489.498,4318.809,-270.177,168.472,-0.980344,-0.197293,0.000786,0.194796,-0.967293,0.162474,-0.031295,0.159434,0.986712,0,0.80000,0.07940,48.000,0.159,-1,400.000,1000.000,375.000,650.000,325.000,300.000,325.000,325.000,-1,-1,-1,-1,750.000,650.000,-1,825.000,2,0,1,0,1,0,0,0,0,2,2,2,2,0,0,2,1
129,-6541.257,4329.241,-271.798,168.606,-0.980790,-0.195059,0.001389,0.192718,-0.967871,0.161512,-0.030160,0.158677,0.986870,0,0.88000,0.06684,52.800,0.134,-1,400.000,950.000,375.000,625.000,325.000,300.000,325.000,325.000,-1,-1,-1,-1,750.000,650.000,-1,800.000,2,0,1,0,1,0,0,0,0,2,2,2,2,0,0,2,1
130,-6597.742,4340.518,-273.473,168.711,-0.981136,-0.193306,0.002290,0.191158,-0.968332,0.160595,-0.028826,0.158003,0.987018,0,0.96000,0.05251,57.600,0.105,-1,400.000,900.000,375.000,575.000,325.000,300.000,325.000,300.000,-1,-1,-1,-1,750.000,650.000,-1,750.000,2,0,1,0,1,0,0,0,0,2,2,2,2,0,0,2,1
131,-6656.595,4352.191,-274.997,168.783,-0.981365,-0.192124,0.003310,0.190199,-0.968792,0.158954,-0.027332,0.156622,0.987280,0,1.00000,0.03623,60.000,0.072,-1,400.000,850.000,375.000,550.000,325.000,300.000,325.000,300.000,-1,-1,-1,-1,750.000,650.000,-1,725.000,2,0,1,0,1,0,0,0,0,2,2,2,2,0,0,2,1
132,-6715.456,4363.827,-276.417,168.820,-0.981473,-0.191549,0.004451,0.189860,-0.969172,0.157028,-0.025764,0.154964,0.987584,0,1.00000,0.01851,60.000,0.037,-1,400.000,800.000,375.000,525.000,325.000,300.000,325.000,325.000,-1,-1,-1,-1,750.000,650.000,-1,700.000,2,0,1,0,1,0,0,0,0,2,2,2,2,0,1,2,1
133,-6774.317,4375.463,-277.796,168.820,-0.981457,-0.191601,0.005595,0.190139,-0.969438,0.155042,-0.024282,0.153231,0.987892,0,1.00000,-0.00001,60.000,-0.000,-1,400.000,750.000,375.000,500.000,325.000,300.000,325.000,325.000,-1,-1,-1,-1,750.000,575.000,-1,650.000,2,0,1,0,1,0,0,0,0,2,2,2,2,0,1,2,1
134,-6833.170,4387.139,-279.139,168.781,-0.981311,-0.192309,0.006741,0.191062,-0.969581,0.152995,-0.022886,0.151424,0.988204,0,1.00000,-0.01932,60.000,-0.039,-1,400.000,675.000,375.000,475.000,325.000,300.000,325.000,325.000,-1,-1,-1,-1,750.000,525.000,-1,600.000,2,0,1,0,1,0,0,0,0,2,2,2,2,1,1,2,1
135,-6892.007,4398.896,-280.453,168.703,-0.981029,-0.193700,0.007890,0.192656,-0.969596,0.150886,-0.021576,0.149544,0.988520,0,1.00000,-0.03943,60.000,-0.079,-1,375.000,625.000,375.000,450.000,325.000,300.000,300.000,325.000,-1,925.000,-1,-1,700.000,475.000,-1,550.000,2,1,1,0,1,0,0,0,0,2,0,2,2,1,1,2,1
