timestep,x_cm,y_cm,z_cm,yaw_deg,basis_xx,basis_xy,basis_xz,basis_yx,basis_yy,basis_yz,basis_zx,basis_zy,basis_zz,teleport_flag,throttle_cmd,steering_cmd,cmd_move_cm,cmd_turn_deg,lidar_cm_0,lidar_cm_1,lidar_cm_2,lidar_cm_3,lidar_cm_4,lidar_cm_5,lidar_cm_6,lidar_cm_7,lidar_cm_8,lidar_cm_9,lidar_cm_10,lidar_cm_11,lidar_cm_12,lidar_cm_13,lidar_cm_14,lidar_cm_15,lidar_cm_16,lidar_class_0,lidar_class_1,lidar_class_2,lidar_class_3,lidar_class_4,lidar_class_5,lidar_class_6,lidar_class_7,lidar_class_8,lidar_class_9,lidar_class_10,lidar_class_11,lidar_class_12,lidar_class_13,lidar_class_14,lidar_class_15,lidar_class_16
0,5571.039,8201.112,-220.537,155.924,-0.912123,-0.407903,0.040575,0.406761,-0.912915,-0.033637,0.050762,-0.014177,0.998610,1,0.08000,-0.12000,4.800,-0.240,575.000,350.000,-1,375.000,-1,300.000,300.000,275.000,200.000,750.000,-1,-1,225.000,550.000,675.000,625.000,-1,0,0,2,0,2,0,0,0,1,1,2,2,1,0,0,0,2
1,5562.307,8205.102,-219.941,155.444,-0.908644,-0.415542,0.041126,0.414418,-0.909478,-0.033275,0.051231,-0.013192,0.998600,0,0.16000,-0.24000,9.600,-0.480,575.000,350.000,-1,375.000,-1,300.000,300.000,275.000,200.000,725.000,-1,-1,250.000,550.000,675.000,625.000,-1,0,0,2,0,2,0,0,0,1,1,2,2,1,0,0,0,2
2,5549.285,8211.251,-219.044,154.724,-0.903306,-0.426945,0.041905,0.425847,-0.904201,-0.032784,0.051888,-0.011769,0.998584,0,0.24000,-0.36000,14.400,-0.720,575.000,350.000,-1,375.000,-1,300.000,300.000,275.000,225.000,675.000,-1,-1,250.000,550.000,675.000,625.000,-1,0,0,2,0,2,0,0,0,1,1,2,2,1,0,0,0,2
3,5532.063,8219.738,-217.845,153.764,-0.895969,-0.442043,0.042870,0.440981,-0.896938,-0.032211,0.052690,-0.009955,0.998561,0,0.32000,-0.48000,19.200,-0.960,575.000,350.000,-1,375.000,-1,300.000,300.000,275.000,225.000,650.000,-1,-1,250.000,550.000,675.000,625.000,-1,0,0,2,0,2,0,0,0,1,1,2,2,1,0,0,0,2
4,5510.716,8230.707,-216.202,152.804,-0.888393,-0.457017,0.043507,0.455976,-0.889416,-0.032004,0.053322,-0.008594,0.998540,0,0.40000,-0.48008,24.000,-0.960,575.000,350.000,-1,375.000,-1,300.000,300.000,275.000,225.000,625.000,-1,-1,250.000,550.000,675.000,625.000,-1,0,0,2,0,2,0,0,0,1,1,2,2,1,0,0,0,2
5,5485.324,8244.297,-214.162,151.845,-0.880589,-0.471837,0.043958,0.470806,-0.881653,-0.032078,0.053891,-0.007552,0.998518,0,0.48000,-0.47931,28.800,-0.959,550.000,350.000,-1,375.000,-1,300.000,300.000,250.000,250.000,600.000,-1,-1,275.000,550.000,675.000,625.000,-1,0,0,2,0,2,0,0,0,1,1,2,2,1,0,0,0,2
6,5455.968,8260.643,-211.797,150.889,-0.872551,-0.486496,0.044463,0.485466,-0.873658,-0.032324,0.054571,-0.006619,0.998488,0,0.56000,-0.47836,33.600,-0.957,550.000,350.000,-1,375.000,-1,300.000,300.000,250.000,250.000,600.000,-1,-1,275.000,550.000,675.000,600.000,-1,0,0,2,0,2,0,0,0,1,1,2,2,1,0,0,0,2
7,5422.735,8279.882,-209.062,149.934,-0.864251,-0.500986,0.045644,0.499979,-0.865441,-0.032130,0.055599,-0.004947,0.998441,0,0.64000,-0.47721,38.400,-0.954,550.000,325.000,-1,375.000,-1,300.000,300.000,250.000,275.000,600.000,-1,-1,275.000,525.000,675.000,600.000,-1,0,0,2,0,2,0,0,0,1,1,2,2,1,0,0,0,2
8,5385.712,8302.142,-205.880,148.983,-0.855657,-0.515297,0.048167,0.514392,-0.857010,-0.030563,0.057028,-0.001374,0.998372,0,0.72000,-0.47585,43.200,-0.952,550.000,325.000,-1,375.000,-1,300.000,300.000,275.000,300.000,600.000,-1,-1,275.000,525.000,650.000,600.000,-1,0,0,2,0,2,0,0,0,1,1,2,2,1,0,0,0,2
9,5344.990,8327.554,-202.683,148.034,-0.846760,-0.529411,0.052170,0.528648,-0.848359,-0.028599,0.059400,0.003363,0.998229,0,0.80000,-0.47425,48.000,-0.949,550.000,325.000,-1,375.000,-1,300.000,300.000,275.000,325.000,625.000,-1,-1,300.000,525.000,650.000,600.000,-1,0,0,2,0,2,0,0,0,1,1,2,2,1,0,0,0,2
10,5300.661,8356.240,-199.176,147.089,-0.837353,-0.543293,0.060605,0.542828,-0.839462,-0.025321,0.064632,0.011695,0.997841,0,0.88000,-0.47238,52.800,-0.945,600.000,325.000,-1,375.000,-1,300.000,300.000,275.000,350.000,650.000,-1,-1,275.000,550.000,650.000,675.000,-1,0,0,2,0,2,0,0,0,1,1,2,2,1,0,0,0,2
11,5254.292,8387.336,-195.966,146.149,-0.827435,-0.556893,0.072258,0.556943,-0.830277,-0.021329,0.071872,0.022595,0.997158,0,0.93048,-0.47020,55.829,-0.940,725.000,350.000,-1,375.000,-1,300.000,300.000,275.000,325.000,700.000,-1,-1,275.000,575.000,650.000,775.000,-1,0,0,2,0,2,0,0,0,0,1,2,2,1,0,0,0,2
12,5208.489,8419.145,-193.395,145.213,-0.816972,-0.570161,0.086443,0.571013,-0.820766,-0.016975,0.080628,0.035492,0.996112,0,0.92940,-0.46777,55.764,-0.936,875.000,350.000,-1,375.000,-1,300.000,300.000,300.000,300.000,725.000,975.000,950.000,275.000,600.000,650.000,950.000,-1,0,0,2,0,2,0,0,0,0,1,0,0,1,0,0,0,2
13,5163.244,8451.665,-190.763,144.283,-0.806207,-0.583114,0.100035,0.584921,-0.810982,-0.013271,0.088865,0.047813,0.994895,0,0.92862,-0.46523,55.717,-0.930,-1,350.000,-1,375.000,-1,300.000,300.000,300.000,275.000,775.000,575.000,550.000,275.000,625.000,675.000,-1,-1,2,0,2,0,2,0,0,0,0,1,0,0,1,0,0,2,2
14,5118.560,8484.899,-185.618,143.358,-0.796377,-0.596051,0.102503,0.598042,-0.801352,-0.013462,0.090166,0.050580,0.994642,0,0.92812,-0.46257,55.687,-0.925,-1,350.000,-1,375.000,-1,300.000,300.000,300.000,275.000,825.000,575.000,550.000,300.000,625.000,675.000,-1,-1,2,0,2,0,2,0,0,0,0,1,0,0,1,0,0,2,2
15,5074.425,8518.837,-180.485,142.438,-0.786381,-0.608758,0.104968,0.610904,-0.791580,-0.014076,0.091660,0.053056,0.994376,0,0.92790,-0.45982,55.674,-0.920,-1,350.000,-1,375.000,-1,300.000,300.000,300.000,275.000,875.000,600.000,575.000,325.000,650.000,675.000,-1,-1,2,0,2,0,2,0,0,0,0,1,0,0,1,0,0,2,2
16,5030.836,8553.476,-175.436,141.524,-0.776237,-0.621224,0.107413,0.623523,-0.781665,-0.014779,0.093143,0.055502,0.994105,0,0.92793,-0.45697,55.676,-0.914,-1,350.000,-1,375.000,-1,300.000,300.000,300.000,275.000,950.000,600.000,575.000,375.000,650.000,675.000,-1,-1,2,0,2,0,2,0,0,0,0,1,0,0,1,0,0,2,2
17,4987.790,8588.813,-170.018,140.616,-0.765906,-0.633508,0.109801,0.635753,-0.771690,-0.017711,0.095952,0.056242,0.993796,0,0.92818,-0.45404,55.691,-0.908,-1,375.000,-1,375.000,-1,300.000,300.000,300.000,275.000,1000.000,575.000,550.000,400.000,650.000,675.000,-1,-1,2,0,2,0,2,0,0,0,0,1,0,0,1,0,0,2,2
18,4945.285,8624.841,-164.441,139.714,-0.755440,-0.645559,0.112090,0.647710,-0.761599,-0.020976,0.098909,0.056756,0.993477,0,0.92865,-0.45102,55.719,-0.902,-1,375.000,-1,375.000,-1,300.000,300.000,300.000,275.000,-1,550.000,550.000,425.000,650.000,700.000,-1,-1,2,0,2,0,2,0,0,0,0,2,0,0,1,0,0,2,2
19,4903.318,8661.555,-158.799,138.818,-0.744868,-0.657346,0.114318,0.659468,-0.751364,-0.023533,0.101364,0.057860,0.993165,0,0.92931,-0.44793,55.759,-0.896,-1,375.000,-1,375.000,-1,300.000,300.000,300.000,300.000,-1,500.000,550.000,475.000,650.000,700.000,-1,-1,2,0,2,0,2,0,0,0,0,2,0,0,1,0,0,2,2
20,4861.889,8698.950,-153.241,137.929,-0.734181,-0.668889,0.116476,0.670972,-0.741021,-0.026148,0.103801,0.058955,0.992849,0,0.93015,-0.44477,55.809,-0.890,-1,375.000,-1,375.000,-1,300.000,325.000,275.000,300.000,-1,475.000,525.000,500.000,675.000,725.000,-1,-1,2,0,2,0,2,0,0,0,0,2,0,0,1,0,0,2,2
21,4820.996,8737.018,-147.210,137.046,-0.723440,-0.680092,0.118785,0.682445,-0.730476,-0.025961,0.104425,0.062283,0.992581,0,0.93115,-0.44155,55.869,-0.883,-1,375.000,-1,375.000,-1,300.000,325.000,275.000,300.000,-1,525.000,550.000,525.000,675.000,700.000,-1,-1,2,0,2,0,2,0,0,0,0,2,0,0,1,0,0,2,2
22,4780.640,8775.755,-141.266,136.169,-0.712597,-0.691040,0.121114,0.693665,-0.719834,-0.025843,0.105040,0.065597,0.992302,0,0.93230,-0.43826,55.938,-0.877,-1,375.000,-1,375.000,-1,300.000,325.000,275.000,300.000,-1,550.000,525.000,575.000,675.000,700.000,-1,-1,2,0,2,0,2,0,0,0,0,2,0,0,1,0,0,2,2
23,4740.822,8815.154,-135.408,135.299,-0.701662,-0.701732,0.123463,0.704634,-0.709102,-0.025795,0.105649,0.068897,0.992014,0,0.93358,-0.43492,56.015,-0.870,-1,375.000,-1,375.000,-1,300.000,325.000,300.000,300.000,-1,575.000,525.000,600.000,675.000,700.000,-1,-1,2,0,2,0,2,0,0,0,0,2,0,0,1,0,0,2,2
24,4701.542,8855.208,-129.493,134.436,-0.690537,-0.712136,0.126572,0.715382,-0.698259,-0.025737,0.106708,0.072775,0.991624,0,0.93499,-0.43153,56.100,-0.863,-1,375.000,-1,375.000,-1,325.000,325.000,300.000,300.000,-1,575.000,500.000,625.000,700.000,700.000,-1,-1,2,0,2,0,2,0,0,0,0,2,0,0,1,0,0,2,2
25,4662.801,8895.911,-123.602,133.580,-0.679283,-0.722266,0.130025,0.725892,-0.687327,-0.025741,0.107962,0.076898,0.991177,0,0.93652,-0.42808,56.191,-0.856,-1,375.000,-1,400.000,-1,325.000,325.000,300.000,300.000,-1,600.000,475.000,675.000,700.000,700.000,-1,-1,2,0,2,0,2,0,0,0,0,2,0,0,1,0,0,2,2
26,4624.601,8937.255,-117.689,132.731,-0.667960,-0.732137,0.133434,0.736146,-0.676329,-0.025852,0.109172,0.080958,0.990721,0,0.93815,-0.42459,56.289,-0.849,-1,375.000,-1,400.000,-1,325.000,325.000,300.000,300.000,-1,600.000,475.000,700.000,725.000,700.000,-1,-1,2,0,2,0,2,0,0,0,0,2,0,0,1,0,0,2,2
27,4586.944,8979.234,-111.755,131.889,-0.656647,-0.741774,0.136332,0.746125,-0.665294,-0.026095,0.110058,0.084585,0.990319,0,0.93987,-0.42106,56.392,-0.842,-1,375.000,-1,375.000,-1,325.000,325.000,300.000,300.000,-1,600.000,475.000,725.000,725.000,700.000,-1,-1,2,0,2,0,2,0,0,0,0,2,0,0,1,0,0,2,2
28,4549.832,9021.839,-105.907,131.054,-0.645281,-0.751156,0.139202,0.755851,-0.654210,-0.026424,0.110916,0.088165,0.989911,0,0.94169,-0.41748,56.501,-0.835,-1,400.000,-1,375.000,-1,325.000,325.000,300.000,300.000,-1,600.000,475.000,775.000,750.000,700.000,-1,-1,2,0,2,0,2,0,0,0,0,2,0,0,1,0,0,2,2
29,4513.266,9065.063,-99.938,130.226,-0.634018,-0.760338,0.141094,0.765286,-0.643130,-0.026868,0.111170,0.090943,0.989632,0,0.94358,-0.41386,56.615,-0.828,-1,400.000,-1,375.000,-1,325.000,325.000,300.000,300.000,-1,625.000,500.000,800.000,750.000,700.000,-1,-1,2,0,2,0,2,0,0,0,0,2,0,0,1,0,0,2,2
30,4477.250,9108.899,-93.608,129.406,-0.623019,-0.769390,0.141016,0.774388,-0.632112,-0.027529,0.110319,0.092050,0.989624,0,0.94555,-0.41021,56.733,-0.820,-1,400.000,-1,375.000,-1,325.000,325.000,300.000,300.000,-1,675.000,550.000,850.000,750.000,700.000,-1,-1,2,0,2,0,2,0,0,0,0,2,0,0,1,0,0,2,2
31,4441.784,9153.338,-87.123,128.593,-0.611973,-0.778270,0.140657,0.783166,-0.621121,-0.029312,0.110178,0.092220,0.989624,0,0.94759,-0.40652,56.855,-0.813,-1,400.000,-1,375.000,-1,325.000,325.000,300.000,300.000,-1,725.000,600.000,875.000,750.000,700.000,-1,-1,2,0,2,0,2,0,0,0,0,2,0,0,1,0,0,2,2
32,4409.721,9194.348,-81.256,128.020,-0.604109,-0.784456,0.140289,0.789232,-0.613316,-0.030919,0.110296,0.092042,0.989628,0,0.86759,-0.28652,52.055,-0.573,-1,400.000,-1,375.000,-1,325.000,325.000,300.000,300.000,-1,750.000,650.000,925.000,775.000,725.000,-1,-1,2,0,2,0,2,0,0,0,0,2,0,0,1,0,0,2,2
33,4379.400,9233.599,-75.714,127.687,-0.599500,-0.788049,0.139928,0.792678,-0.608778,-0.032417,0.110731,0.091484,0.989631,0,0.82664,-0.16652,49.598,-0.333,-1,400.000,-1,375.000,-1,325.000,325.000,300.000,300.000,-1,775.000,675.000,950.000,800.000,725.000,-1,-1,2,0,2,0,2,0,0,0,0,2,0,0,1,0,0,2,2
34,4349.127,9272.921,-70.198,127.594,-0.598186,-0.789107,0.139584,0.793558,-0.607552,-0.033872,0.111534,0.090506,0.989631,0,0.82708,-0.04652,49.625,-0.093,-1,400.000,-1,375.000,-1,325.000,325.000,300.000,300.000,-1,800.000,700.000,975.000,825.000,725.000,-1,-1,2,0,2,0,2,0,0,0,0,2,0,0,1,0,0,2,2
35,4318.737,9312.186,-64.556,127.740,-0.600192,-0.787607,0.139448,0.791937,-0.609621,-0.034615,0.112273,0.089658,0.989624,0,0.82754,0.07348,49.652,0.147,-1,400.000,-1,375.000,-1,325.000,325.000,300.000,300.000,-1,825.000,750.000,1000.000,850.000,725.000,-1,-1,2,0,2,0,2,0,0,0,0,2,0,0,1,0,0,2,2
36,4288.063,9351.270,-58.906,128.127,-0.605484,-0.783560,0.139369,0.787740,-0.614995,-0.035313,0.113381,0.088405,0.989611,0,0.82805,0.19348,49.683,0.387,-1,400.000,-1,375.000,-1,325.000,325.000,300.000,300.000,-1,875.000,775.000,-1,875.000,725.000,-1,-1,2,0,2,0,2,0,0,0,0,2,0,0,2,0,0,2,2
37,4256.941,9390.043,-53.132,128.754,-0.614010,-0.776897,0.139364,0.780897,-0.623623,-0.035963,0.114850,0.086747,0.989588,0,0.82865,0.31348,49.719,0.627,-1,400.000,-1,375.000,-1,325.000,325.000,300.000,300.000,-1,900.000,800.000,-1,900.000,725.000,-1,-1,2,0,2,0,2,0,0,0,0,2,0,0,2,0,0,2,2
38,4224.751,9428.928,-47.160,129.621,-0.625686,-0.767513,0.139429,0.771294,-0.635424,-0.036640,0.116718,0.084616,0.989554,0,0.84134,0.43348,50.481,0.867,-1,400.000,-1,375.000,-1,325.000,325.000,300.000,300.000,-1,925.000,850.000,-1,925.000,725.000,-1,-1,2,0,2,0,2,0,0,0,0,2,0,0,2,0,0,2,2
39,4191.488,9467.715,-40.975,130.618,-0.638849,-0.756470,0.140090,0.760067,-0.648778,-0.037215,0.119039,0.082703,0.989439,0,0.85163,0.49818,51.098,0.996,-1,400.000,-1,400.000,-1,325.000,325.000,300.000,300.000,-1,925.000,850.000,-1,975.000,750.000,-1,-1,2,0,2,0,2,0,0,0,0,2,0,0,2,0,0,2,2
40,4157.487,9505.989,-34.735,131.618,-0.651870,-0.745137,0.140843,0.748566,-0.661990,-0.037666,0.121303,0.080877,0.989315,0,0.85326,0.50033,51.196,1.001,-1,400.000,-1,400.000,-1,325.000,325.000,300.000,300.000,-1,950.000,875.000,-1,-1,750.000,-1,-1,2,0,2,0,2,0,0,0,0,2,0,0,2,2,0,2,2
41,4122.755,9543.732,-28.456,132.623,-0.664755,-0.733517,0.141610,0.736788,-0.675055,-0.037997,0.123465,0.079078,0.989193,0,0.85488,0.50250,51.293,1.005,-1,425.000,-1,400.000,-1,325.000,325.000,300.000,300.000,-1,950.000,900.000,-1,-1,750.000,-1,-1,2,0,2,0,2,0,0,0,0,2,0,0,2,2,0,2,2
42,4087.297,9580.927,-22.094,133.633,-0.677532,-0.721621,0.142176,0.724725,-0.687977,-0.038225,0.125397,0.077140,0.989103,0,0.85647,0.50469,51.388,1.009,-1,425.000,-1,400.000,-1,325.000,325.000,300.000,300.000,-1,975.000,925.000,-1,-1,775.000,-1,-1,2,0,2,0,2,0,0,0,0,2,0,0,2,2,0,2,2
43,4051.121,9617.556,-15.473,134.647,-0.690324,-0.709483,0.141727,0.712337,-0.700783,-0.038454,0.126602,0.074412,0.989159,0,0.85804,0.50691,51.483,1.014,-1,425.000,-1,400.000,-1,325.000,325.000,300.000,300.000,-1,-1,975.000,-1,-1,775.000,-1,-1,2,0,2,0,2,0,0,0,0,2,2,0,2,2,0,2,2
44,4014.234,9653.601,-9.048,135.665,-0.703141,-0.697100,0.140160,0.699614,-0.713469,-0.038754,0.127015,0.070809,0.989370,0,0.85959,0.50915,51.575,1.018,-1,450.000,-1,400.000,-1,325.000,325.000,300.000,300.000,-1,-1,-1,-1,1000.000,825.000,-1,-1,2,0,2,0,2,0,0,0,0,2,2,2,2,1,0,2,2
45,3976.646,9689.046,-2.963,136.688,-0.716079,-0.684490,0.136765,0.686517,-0.726051,-0.039293,0.126194,0.065755,0.989824,0,0.86110,0.51143,51.666,1.023,-1,450.000,-1,400.000,-1,350.000,325.000,300.000,300.000,-1,-1,-1,-1,950.000,825.000,-1,-1,2,0,2,0,2,0,0,0,0,2,2,2,2,1,0,2,2
46,3938.361,9723.871,3.141,137.715,-0.728834,-0.671575,0.133374,0.673135,-0.738444,-0.039865,0.125262,0.060724,0.990264,0,0.86258,0.51373,51.755,1.027,-1,450.000,-1,400.000,-1,350.000,325.000,300.000,300.000,-1,-1,-1,-1,925.000,850.000,-1,-1,2,0,2,0,2,0,0,0,0,2,2,2,2,1,0,2,2
47,3899.391,9758.057,9.263,138.747,-0.741397,-0.658357,0.129988,0.659469,-0.750641,-0.040473,0.124220,0.055717,0.990689,0,0.86401,0.51608,51.841,1.032,-1,450.000,-1,400.000,-1,350.000,325.000,300.000,300.000,-1,-1,-1,-1,875.000,875.000,-1,-1,2,0,2,0,2,0,0,0,0,2,2,2,2,1,0,2,2
48,3859.745,9791.586,15.445,139.784,-0.753761,-0.644841,0.126586,0.645501,-0.762641,-0.041312,0.123180,0.050572,0.991095,0,0.86540,0.51846,51.924,1.037,-1,450.000,-1,400.000,-1,350.000,325.000,300.000,300.000,-1,-1,-1,-1,850.000,900.000,-1,-1,2,0,2,0,2,0,0,0,0,2,2,2,2,1,0,2,2
49,3819.433,9824.439,21.760,140.826,-0.765984,-0.631037,0.122720,0.631221,-0.774445,-0.042357,0.121769,0.045019,0.991537,0,0.86674,0.52088,52.004,1.042,1000.000,450.000,-1,400.000,-1,350.000,350.000,300.000,300.000,-1,-1,-1,-1,825.000,925.000,-1,-1,1,0,2,0,2,0,0,0,0,2,2,2,2,1,0,2,2
50,3778.467,9856.597,28.073,141.873,-0.777986,-0.616927,0.118907,0.616667,-0.786026,-0.043414,0.120247,0.039551,0.991956,0,0.86802,0.52336,52.081,1.047,925.000,450.000,-1,425.000,-1,350.000,350.000,300.000,300.000,-1,-1,-1,-1,775.000,950.000,-1,-1,1,0,2,0,2,0,0,0,0,2,2,2,2,1,0,2,2
51,3736.226,9888.569,34.479,142.882,-0.789317,-0.603104,0.115082,0.602434,-0.796928,-0.044478,0.118537,0.034222,0.992360,0,0.88296,0.50468,52.978,1.009,850.000,450.000,-1,425.000,-1,350.000,350.000,300.000,300.000,-1,-1,-1,-1,750.000,975.000,1000.000,-1,1,0,2,0,2,0,0,0,0,2,2,2,2,1,0,1,2
52,3693.274,9919.900,40.377,143.894,-0.800451,-0.588993,0.111198,0.588234,-0.807545,-0.043038,0.115147,0.030960,0.992866,0,0.88610,0.50615,53.166,1.012,775.000,450.000,-1,425.000,-1,350.000,350.000,300.000,300.000,-1,-1,-1,-1,725.000,975.000,875.000,-1,1,0,2,0,2,0,0,0,0,2,2,2,2,1,0,1,2
53,3649.618,9950.572,46.104,144.910,-0.811374,-0.574621,0.107158,0.573994,-0.817896,-0.039719,0.110468,0.029281,0.993448,0,0.88925,0.50765,53.355,1.015,700.000,450.000,-1,425.000,-1,350.000,350.000,300.000,300.000,-1,-1,-1,-1,675.000,975.000,775.000,-1,1,1,2,0,2,0,0,0,0,2,2,2,2,1,0,1,2
54,3605.268,9980.570,51.821,145.928,-0.822051,-0.560020,0.103005,0.559516,-0.828017,-0.036458,0.105707,0.027663,0.994013,0,0.89241,0.50917,53.544,1.018,650.000,425.000,-1,425.000,-1,350.000,350.000,300.000,300.000,-1,-1,-1,-1,650.000,1000.000,700.000,-1,1,1,2,0,2,0,0,0,0,2,2,2,2,1,0,1,2
55,3560.230,10009.875,57.526,146.949,-0.832476,-0.545193,0.098739,0.544803,-0.837904,-0.033260,0.100867,0.026105,0.994557,0,0.89556,0.51072,53.734,1.021,575.000,400.000,-1,425.000,-1,350.000,350.000,300.000,275.000,-1,-1,-1,-1,600.000,1000.000,625.000,-1,1,1,2,0,2,0,0,0,0,2,2,2,2,1,0,1,2
56,3514.516,10038.470,63.218,147.974,-0.842642,-0.530142,0.094362,0.529857,-0.847552,-0.030133,0.095951,0.024606,0.995082,0,0.89872,0.51232,53.923,1.025,525.000,375.000,-1,400.000,-1,350.000,325.000,300.000,275.000,-1,-1,-1,-1,575.000,-1,550.000,-1,1,1,2,0,2,1,0,0,0,2,2,2,2,1,2,1,2
57,3468.134,10066.338,68.830,149.002,-0.852538,-0.514873,0.089920,0.514651,-0.856961,-0.027426,0.091178,0.022896,0.995571,0,0.90186,0.51397,54.111,1.028,450.000,350.000,-1,400.000,-1,325.000,325.000,300.000,275.000,-1,-1,-1,-1,525.000,-1,475.000,-1,1,1,2,0,2,1,0,0,0,2,2,2,2,1,2,1,2
58,3421.096,10093.461,73.864,150.033,-0.862109,-0.499405,0.085808,0.498998,-0.866161,-0.027676,0.088145,0.018958,0.995927,0,0.90498,0.51570,54.299,1.031,400.000,325.000,-1,400.000,-1,300.000,325.000,300.000,275.000,-1,-1,-1,-1,500.000,-1,425.000,-1,1,1,2,1,2,1,1,0,0,2,2,2,2,1,2,1,2
59,3377.878,10117.592,78.429,150.825,-0.869303,-0.487423,0.082043,0.486863,-0.873028,-0.028059,0.085302,0.015552,0.996234,0,0.82498,0.39570,49.499,0.791,350.000,325.000,-1,400.000,-1,300.000,325.000,300.000,275.000,-1,-1,-1,-1,475.000,-1,350.000,-1,1,1,2,1,2,1,1,0,0,2,2,2,2,1,2,1,2
60,3336.632,10140.082,84.302,151.396,-0.873793,-0.478667,0.085809,0.478363,-0.877794,-0.025422,0.087491,0.018834,0.995987,0,0.78297,0.28562,46.978,0.571,325.000,325.000,-1,425.000,-1,300.000,325.000,325.000,275.000,-1,-1,-1,-1,475.000,-1,350.000,-1,1,1,2,1,2,1,1,0,0,2,2,2,2,1,2,1,2
61,3295.037,10162.221,90.727,151.972,-0.877951,-0.469765,0.092323,0.469915,-0.882451,-0.021472,0.091557,0.024533,0.995498,0,0.78532,0.28787,47.119,0.576,325.000,325.000,-1,425.000,-1,300.000,325.000,350.000,275.000,-1,-1,-1,-1,500.000,-1,325.000,-1,1,1,2,1,2,1,1,0,0,2,2,2,2,1,2,1,2
62,3253.100,10183.999,97.141,152.552,-0.882019,-0.460726,0.098867,0.461398,-0.887024,-0.017325,0.095679,0.030336,0.994950,0,0.78757,0.29027,47.254,0.581,325.000,325.000,-1,475.000,-1,300.000,325.000,350.000,275.000,-1,-1,-1,-1,500.000,-1,325.000,-1,1,1,2,1,2,1,1,1,0,2,2,2,2,1,2,1,2
63,3210.827,10205.405,103.532,153.138,-0.885992,-0.451544,0.105478,0.452814,-0.891511,-0.012957,0.099885,0.036282,0.994337,0,0.78972,0.29287,47.383,0.586,300.000,325.000,-1,500.000,-1,300.000,350.000,350.000,275.000,-1,-1,-1,-1,525.000,-1,325.000,-1,1,1,2,1,2,1,1,1,0,2,2,2,2,1,2,1,2
64,3168.225,10226.425,109.212,153.729,-0.889530,-0.442164,0.115013,0.444382,-0.895810,-0.006992,0.106121,0.044890,0.993339,0,0.79173,0.29568,47.504,0.591,325.000,325.000,-1,575.000,-1,325.000,375.000,350.000,275.000,-1,-1,-1,-1,575.000,-1,325.000,-1,1,1,2,0,2,1,1,1,0,2,2,2,2,1,2,1,2
65,3125.305,10247.047,114.966,154.327,-0.892924,-0.432621,0.124601,0.435886,-0.900001,-0.001168,0.112646,0.053269,0.992206,0,0.79359,0.29874,47.616,0.597,325.000,350.000,-1,600.000,-1,325.000,375.000,350.000,275.000,-1,-1,-1,-1,-1,-1,325.000,-1,1,1,2,0,2,1,1,1,0,2,2,2,2,2,2,1,2
66,3082.079,10267.257,120.806,154.931,-0.896171,-0.422910,0.134255,0.427316,-0.904092,0.004461,0.119492,0.061367,0.990937,0,0.79526,0.30208,47.716,0.604,325.000,350.000,-1,650.000,-1,350.000,425.000,350.000,275.000,-1,-1,175.000,-1,-1,-1,350.000,-1,1,1,2,0,2,1,1,1,0,2,2,0,2,2,2,1,2
67,3038.561,10287.039,126.144,155.543,-0.899532,-0.413029,0.142302,0.418629,-0.908096,0.010544,0.124869,0.069056,0.989767,0,0.79670,0.30575,47.802,0.611,325.000,375.000,-1,675.000,-1,350.000,450.000,350.000,250.000,-1,350.000,150.000,-1,-1,-1,400.000,-1,1,1,2,0,2,1,1,1,0,2,0,0,2,2,2,1,2
68,-4263.587,7543.234,85.994,65.740,0.412310,-0.909761,0.048325,0.910654,0.410003,-0.051051,0.026631,0.065056,0.997526,1,0.00000,0.00000,47.872,0.620,-1,400.000,-1,425.000,-1,325.000,350.000,300.000,300.000,-1,-1,-1,-1,925.000,925.000,-1,-1,2,0,2,0,2,0,0,0,0,2,2,2,2,0,0,2,2
69,-4265.541,7538.849,85.851,65.980,0.408511,-0.911488,0.048052,0.912349,0.406197,-0.051224,0.027172,0.064766,0.997530,0,-0.08000,0.12000,-4.800,0.240,-1,400.000,-1,425.000,-1,325.000,350.000,300.000,300.000,-1,-1,-1,-1,925.000,925.000,-1,-1,2,0,2,0,2,0,0,0,0,2,2,2,2,0,0,2,2
70,-4268.095,7532.986,85.656,66.460,0.400885,-0.914887,0.047674,0.915698,0.398559,-0.051452,0.028072,0.064281,0.997537,0,-0.10659,0.24000,-6.395,0.480,-1,400.000,-1,425.000,-1,325.000,350.000,300.000,300.000,-1,-1,-1,-1,925.000,925.000,-1,-1,2,0,2,0,2,0,0,0,0,2,2,2,2,0,0,2,2
71,-4270.575,7527.091,85.453,67.180,0.389385,-0.919861,0.047273,0.920611,0.387047,-0.051675,0.029237,0.063642,0.997544,0,-0.10659,0.36000,-6.395,0.720,-1,400.000,-1,425.000,-1,325.000,350.000,300.000,300.000,-1,-1,-1,-1,925.000,925.000,-1,-1,2,0,2,0,2,0,0,0,0,2,2,2,2,0,0,2,2
72,-4272.956,7521.155,85.243,68.140,0.373951,-0.926264,0.046853,0.926941,0.371600,-0.051896,0.030659,0.062836,0.997553,0,-0.10659,0.48000,-6.395,0.960,-1,400.000,-1,425.000,-1,325.000,350.000,300.000,300.000,-1,-1,-1,-1,925.000,925.000,-1,-1,2,0,2,0,2,0,0,0,0,2,2,2,2,0,0,2,2
73,-4275.212,7515.171,85.025,69.340,0.354507,-0.933901,0.046415,0.934494,0.352142,-0.052119,0.032329,0.061851,0.997562,0,-0.10659,0.60000,-6.395,1.200,-1,400.000,-1,425.000,-1,325.000,350.000,300.000,300.000,-1,-1,-1,-1,925.000,925.000,-1,-1,2,0,2,0,2,0,0,0,0,2,2,2,2,0,0,2,2
74,-4277.316,7509.131,84.800,70.780,0.330963,-0.942524,0.045963,0.943023,0.328585,-0.052346,0.034235,0.060669,0.997571,0,-0.10659,0.72000,-6.395,1.440,-1,400.000,-1,425.000,-1,325.000,325.000,300.000,300.000,-1,-1,-1,-1,925.000,925.000,-1,-1,2,0,2,0,2,0,0,0,0,2,2,2,2,0,0,2,2
75,-4279.261,7503.039,84.569,72.288,0.306086,-0.950915,0.045516,0.951316,0.303698,-0.052583,0.036179,0.059395,0.997579,0,-0.10659,0.75378,-6.395,1.508,-1,400.000,-1,425.000,-1,325.000,325.000,300.000,300.000,-1,-1,-1,-1,900.000,950.000,-1,-1,2,0,2,0,2,0,0,0,0,2,2,2,2,0,0,2,2
76,-4281.046,7496.897,84.333,73.795,0.280992,-0.958651,0.045082,0.958954,0.278597,-0.052829,0.038085,0.058076,0.997585,0,-0.10659,0.75378,-6.395,1.508,-1,400.000,-1,425.000,-1,325.000,325.000,300.000,300.000,-1,-1,-1,-1,900.000,950.000,-1,-1,2,0,2,0,2,0,0,0,0,2,2,2,2,0,0,2,2
77,-4282.667,7490.710,84.090,75.303,0.255700,-0.965724,0.044662,0.965930,0.253299,-0.053083,0.039951,0.056713,0.997591,0,-0.10659,0.75378,-6.395,1.508,-1,400.000,-1,425.000,-1,325.000,325.000,300.000,300.000,-1,-1,-1,-1,900.000,950.000,-1,-1,2,0,2,0,2,0,0,0,0,2,2,2,2,0,0,2,2
78,-4284.126,7484.483,83.843,76.811,0.230225,-0.972131,0.044257,0.972240,0.227822,-0.053345,0.041776,0.055310,0.997595,0,-0.10659,0.75378,-6.395,1.508,-1,400.000,-1,425.000,-1,325.000,325.000,300.000,300.000,-1,-1,-1,-1,900.000,950.000,-1,-1,2,0,2,0,2,0,0,0,0,2,2,2,2,0,0,2,2
79,-4285.420,7478.220,83.590,78.318,0.204586,-0.977865,0.043868,0.977879,0.202184,-0.053614,0.043558,0.053866,0.997598,0,-0.10659,0.75378,-6.395,1.508,-1,400.000,-1,425.000,-1,325.000,325.000,300.000,300.000,-1,-1,-1,-1,900.000,950.000,-1,-1,2,0,2,0,2,0,0,0,0,2,2,2,2,0,0,2,2
80,-4286.549,7471.925,83.332,79.826,0.178801,-0.982923,0.043497,0.982842,0.176401,-0.053888,0.045295,0.052386,0.997599,0,-0.10659,0.75378,-6.395,1.508,-1,400.000,-1,425.000,-1,325.000,325.000,300.000,300.000,-1,-1,-1,-1,900.000,950.000,-1,-1,2,0,2,0,2,0,0,0,0,2,2,2,2,0,0,2,2
81,-4287.512,7465.602,83.070,81.333,0.152886,-0.987302,0.043144,0.987126,0.150492,-0.054166,0.046985,0.050870,0.997599,0,-0.10659,0.75378,-6.395,1.508,-1,400.000,-1,425.000,-1,325.000,325.000,300.000,300.000,-1,-1,-1,-1,900.000,950.000,-1,-1,2,0,2,0,2,0,0,0,0,2,2,2,2,0,0,2,2
82,-4288.308,7459.256,82.804,82.841,0.126861,-0.990996,0.042810,0.990728,0.124475,-0.054447,0.048628,0.049320,0.997599,0,-0.10659,0.75378,-6.395,1.508,-1,400.000,-1,425.000,-1,325.000,325.000,300.000,300.000,-1,-1,-1,-1,875.000,950.000,-1,-1,2,0,2,0,2,0,0,0,0,2,2,2,2,0,0,2,2
83,-4288.937,7452.892,82.533,84.348,0.100744,-0.994004,0.042497,0.993644,0.098367,-0.054729,0.050220,0.047740,0.997596,0,-0.10659,0.75378,-6.395,1.508,-1,400.000,-1,425.000,-1,325.000,325.000,300.000,300.000,-1,-1,-1,-1,875.000,950.000,-1,-1,2,0,2,0,2,0,0,0,0,2,2,2,2,0,0,2,2
84,-4289.398,7446.513,82.258,85.856,0.074552,-0.996324,0.042205,0.995873,0.072188,-0.055012,0.051763,0.046132,0.997593,0,-0.10659,0.75378,-6.395,1.508,-1,400.000,-1,425.000,-1,325.000,325.000,300.000,300.000,-1,-1,-1,-1,875.000,950.000,-1,-1,2,0,2,0,2,0,0,0,0,2,2,2,2,0,0,2,2
85,-4289.692,7440.124,81.979,87.364,0.048303,-0.997952,0.041934,0.997412,0.045954,-0.055293,0.053253,0.044496,0.997589,0,-0.10659,0.75378,-6.395,1.508,-1,400.000,-1,425.000,-1,325.000,325.000,300.000,300.000,-1,-1,-1,-1,850.000,950.000,-1,-1,2,0,2,0,2,0,0,0,0,2,2,2,2,0,0,2,2
86,-4289.817,7433.730,81.697,88.871,0.022017,-0.998888,0.041685,0.998261,0.019684,-0.055572,0.054690,0.042836,0.997584,0,-0.10659,0.75378,-6.395,1.508,-1,400.000,-1,425.000,-1,325.000,325.000,300.000,300.000,-1,-1,-1,-1,850.000,950.000,-1,-1,2,0,2,0,2,0,0,0,0,2,2,2,2,0,0,2,2
87,-4289.774,7427.335,81.412,90.379,-0.004288,-0.999131,0.041459,0.998417,-0.006603,-0.055847,0.056072,0.041154,0.997578,0,-0.10659,0.75378,-6.395,1.508,-1,400.000,-1,425.000,-1,325.000,325.000,300.000,300.000,-1,-1,-1,-1,850.000,950.000,-1,-1,2,0,2,0,2,0,0,0,0,2,2,2,2,0,0,2,2
88,-4289.562,7420.943,81.123,91.886,-0.030595,-0.998680,0.041257,0.997882,-0.032889,-0.056117,0.057400,0.039452,0.997571,0,-0.10659,0.75378,-6.395,1.508,-1,400.000,-1,425.000,-1,325.000,325.000,300.000,300.000,-1,-1,-1,-1,850.000,950.000,-1,-1,2,0,2,0,2,0,0,0,0,2,2,2,2,0,0,2,2
89,-4289.183,7414.559,80.831,93.394,-0.056884,-0.997535,0.041077,0.996655,-0.059156,-0.056380,0.058671,0.037733,0.997564,0,-0.10659,0.75378,-6.395,1.508,-1,400.000,-1,425.000,-1,325.000,325.000,300.000,300.000,-1,-1,-1,-1,825.000,950.000,-1,-1,2,0,2,0,2,0,0,0,0,2,2,2,2,0,0,2,2
90,-4288.636,7408.187,80.537,94.901,-0.083137,-0.995698,0.040921,0.994737,-0.085385,-0.056635,0.059885,0.035998,0.997556,0,-0.10659,0.75378,-6.395,1.508,-1,400.000,-1,425.000,-1,325.000,325.000,300.000,300.000,-1,-1,-1,-1,825.000,950.000,-1,-1,2,0,2,0,2,0,0,0,0,2,2,2,2,0,0,2,2
91,-4287.921,7401.832,80.240,96.409,-0.109336,-0.993168,0.040789,0.992129,-0.111558,-0.056880,0.061041,0.034249,0.997547,0,-0.10659,0.75378,-6.395,1.508,-1,400.000,-1,425.000,-1,325.000,325.000,300.000,325.000,-1,-1,950.000,-1,800.000,950.000,-1,-1,2,0,2,0,2,0,0,0,0,2,2,0,2,0,0,2,2
92,-4287.699,7400.252,80.216,97.979,-0.136536,-0.989793,0.040839,0.988687,-0.138736,-0.057006,0.062090,0.032594,0.997538,0,-0.02659,0.78504,-1.595,1.570,-1,400.000,-1,425.000,-1,325.000,325.000,300.000,325.000,-1,-1,875.000,-1,800.000,950.000,-1,-1,2,0,2,0,2,0,0,0,0,2,2,0,2,0,0,2,2
93,-4288.230,7403.412,80.470,99.549,-0.163629,-0.985667,0.041054,0.984507,-0.165812,-0.057024,0.063014,0.031087,0.997528,0,0.05341,0.78504,3.205,1.570,-1,400.000,-1,425.000,-1,325.000,325.000,300.000,325.000,-1,-1,800.000,-1,800.000,950.000,-1,-1,2,0,2,0,2,0,0,0,0,2,2,0,2,0,0,2,2
94,-4289.773,7411.267,81.009,101.119,-0.190594,-0.980795,0.041417,0.979591,-0.192764,-0.056948,0.063838,0.029717,0.997518,0,0.13341,0.78504,8.005,1.570,-1,400.000,-1,400.000,-1,325.000,325.000,300.000,325.000,-1,1000.000,725.000,-1,800.000,950.000,-1,-1,2,0,2,0,2,0,0,0,0,2,0,0,2,0,0,2,2
95,-4292.585,7423.759,81.842,102.689,-0.217409,-0.975180,0.041912,0.973942,-0.219573,-0.056792,0.064585,0.028473,0.997506,0,0.21341,0.78504,12.805,1.570,-1,400.000,-1,400.000,-1,325.000,325.000,300.000,325.000,-1,950.000,700.000,-1,775.000,950.000,-1,-1,2,0,2,0,2,0,0,0,0,2,0,0,2,0,0,2,2
96,-4296.921,7440.821,82.978,104.259,-0.244055,-0.968829,0.042523,0.967562,-0.246218,-0.056571,0.065277,0.027337,0.997493,0,0.29341,0.78504,17.605,1.570,-1,375.000,-1,400.000,-1,325.000,325.000,300.000,325.000,-1,925.000,675.000,-1,775.000,950.000,-1,-1,2,0,2,0,2,0,0,0,0,2,0,0,2,0,0,2,2
97,-4303.032,7462.376,84.429,105.829,-0.270511,-0.961746,0.043229,0.960457,-0.272679,-0.056297,0.065931,0.026291,0.997478,0,0.37341,0.78504,22.405,1.570,-1,375.000,-1,400.000,-1,325.000,325.000,300.000,325.000,-1,875.000,650.000,-1,775.000,950.000,-1,-1,2,0,2,0,2,0,0,0,0,2,0,0,2,0,0,2,2
98,-4311.167,7488.336,86.208,107.399,-0.296760,-0.953937,0.044012,0.952630,-0.298936,-0.055985,0.066563,0.025313,0.997461,0,0.45341,0.78504,27.205,1.570,-1,375.000,-1,400.000,-1,325.000,325.000,300.000,325.000,-1,850.000,625.000,-1,800.000,950.000,-1,-1,2,0,2,0,2,0,0,0,0,2,0,0,2,0,0,2,2
99,-4321.570,7518.603,88.332,108.970,-0.322781,-0.945411,0.044846,0.944086,-0.324968,-0.055646,0.067182,0.024377,0.997443,0,0.53341,0.78504,32.005,1.570,-1,375.000,-1,400.000,-1,325.000,325.000,300.000,325.000,-1,825.000,625.000,-1,800.000,950.000,-1,-1,2,0,2,0,2,0,0,0,0,2,0,0,2,0,0,2,2
100,-4334.242,7552.423,90.773,110.540,-0.348558,-0.936173,0.045694,0.934832,-0.350758,-0.055302,0.067799,0.023440,0.997424,0,0.60194,0.78504,36.116,1.570,-1,375.000,-1,400.000,-1,325.000,325.000,300.000,325.000,-1,825.000,625.000,-1,825.000,950.000,-1,-1,2,0,2,0,2,0,0,0,0,2,0,0,2,0,0,2,2
101,-4347.835,7585.884,93.271,112.110,-0.374078,-0.926233,0.046457,0.924869,-0.376286,-0.055008,0.068431,0.022389,0.997405,0,0.60194,0.78504,36.116,1.570,-1,375.000,-1,425.000,-1,325.000,325.000,300.000,325.000,-1,800.000,650.000,-1,825.000,975.000,-1,-1,2,0,2,0,2,0,0,0,0,2,0,0,2,0,0,2,2
102,-4362.340,7618.959,95.812,113.680,-0.399321,-0.915597,0.047166,0.914209,-0.401533,-0.054704,0.069025,0.021276,0.997388,0,0.60194,0.78504,36.116,1.570,-1,375.000,-1,425.000,-1,325.000,325.000,300.000,325.000,-1,800.000,650.000,-1,850.000,975.000,-1,-1,2,0,2,0,2,0,0,0,0,2,0,0,2,0,0,2,2
103,-4377.745,7651.625,98.347,115.250,-0.424262,-0.904270,0.047923,0.902874,-0.426478,-0.054167,0.069420,0.020287,0.997381,0,0.60194,0.78504,36.116,1.570,-1,375.000,-1,425.000,-1,325.000,325.000,300.000,325.000,-1,825.000,675.000,-1,850.000,975.000,-1,-1,2,0,2,0,2,0,0,0,0,2,0,0,2,0,0,2,2
104,-4394.040,7683.856,100.937,116.820,-0.448892,-0.892265,0.048577,0.890857,-0.451104,-0.053659,0.069792,0.019188,0.997377,0,0.60194,0.78504,36.116,1.570,-1,375.000,-1,425.000,-1,325.000,325.000,300.000,325.000,-1,825.000,700.000,-1,850.000,1000.000,-1,-1,2,0,2,0,2,0,0,0,0,2,0,0,2,0,0,2,2
105,-4411.212,7715.629,103.559,118.390,-0.473180,-0.879588,0.049247,0.878163,-0.475393,-0.053205,0.070211,0.018072,0.997368,0,0.60194,0.78504,36.116,1.570,-1,375.000,-1,425.000,-1,325.000,325.000,300.000,325.000,-1,825.000,700.000,-1,875.000,1000.000,-1,-1,2,0,2,0,2,0,0,0,0,2,0,0,2,0,0,2,2
106,-4429.248,7746.919,106.109,119.960,-0.497072,-0.866244,0.050403,0.864802,-0.499321,-0.052869,0.070965,0.017309,0.997329,0,0.60194,0.78504,36.116,1.570,-1,375.000,-1,425.000,-1,325.000,325.000,300.000,325.000,-1,825.000,700.000,-1,875.000,1000.000,-1,-1,2,0,2,0,2,0,0,0,0,2,0,0,2,0,0,2,2
107,-4448.135,7777.703,108.712,121.530,-0.520595,-0.852250,0.051481,0.850788,-0.522876,-0.052538,0.071694,0.016448,0.997291,0,0.60194,0.78504,36.116,1.570,-1,400.000,-1,425.000,-1,325.000,325.000,300.000,325.000,-1,825.000,725.000,-1,900.000,-1,-1,-1,2,0,2,0,2,0,0,0,0,2,0,0,2,0,2,2,2
108,-4467.858,7807.958,111.201,123.100,-0.543721,-0.837608,0.052729,0.836180,-0.546034,-0.051472,0.071905,0.016105,0.997281,0,0.60194,0.78504,36.116,1.570,-1,400.000,-1,425.000,-1,325.000,325.000,300.000,325.000,-1,850.000,725.000,-1,900.000,-1,-1,-1,2,0,2,0,2,0,0,0,0,2,0,0,2,0,2,2,2
109,-4488.403,7837.661,113.555,124.670,-0.566433,-0.822329,0.054113,0.820997,-0.568777,-0.049559,0.071532,0.016354,0.997304,0,0.60194,0.78504,36.116,1.570,-1,400.000,-1,425.000,-1,325.000,325.000,325.000,325.000,-1,875.000,775.000,-1,900.000,-1,-1,-1,2,0,2,0,2,0,0,0,0,2,0,0,2,0,2,2,2
110,-4509.754,7866.790,115.949,126.240,-0.588730,-0.806434,0.055334,0.805198,-0.591093,-0.047590,0.071085,0.016537,0.997333,0,0.60194,0.78504,36.116,1.570,-1,400.000,-1,425.000,-1,325.000,325.000,325.000,325.000,-1,925.000,800.000,-1,925.000,1000.000,-1,-1,2,0,2,0,2,0,0,0,0,2,0,0,2,0,0,2,2
111,-4531.895,7895.324,118.197,127.810,-0.610670,-0.789944,0.055422,0.788789,-0.612974,-0.045561,0.069963,0.015894,0.997423,0,0.60194,0.78504,36.116,1.570,-1,400.000,-1,425.000,-1,325.000,325.000,325.000,325.000,-1,975.000,875.000,-1,900.000,1000.000,-1,-1,2,0,2,0,2,0,0,0,0,2,0,0,2,0,0,2,2
112,-4554.809,7923.239,120.480,129.381,-0.632161,-0.772861,0.055312,0.771782,-0.634395,-0.043545,0.068744,0.015161,0.997519,0,0.60194,0.78504,36.116,1.570,-1,400.000,-1,425.000,-1,325.000,325.000,325.000,325.000,-1,-1,950.000,-1,900.000,975.000,-1,-1,2,0,2,0,2,0,0,0,0,2,2,0,2,0,0,2,2
113,-4578.480,7950.517,122.795,130.951,-0.653186,-0.755197,0.055000,0.754190,-0.655341,-0.041554,0.067425,0.014338,0.997621,0,0.60194,0.78504,36.116,1.570,-1,400.000,-1,425.000,-1,325.000,325.000,325.000,325.000,-1,-1,-1,-1,900.000,975.000,-1,-1,2,0,2,0,2,0,0,0,0,2,2,2,2,0,0,2,2
114,-4602.889,7977.136,125.048,132.521,-0.673731,-0.736971,0.054408,0.735996,-0.675799,-0.040084,0.066310,0.013039,0.997714,0,0.60194,0.78504,36.116,1.570,-1,400.000,-1,425.000,-1,325.000,325.000,325.000,325.000,-1,-1,-1,-1,900.000,975.000,-1,-1,2,0,2,0,2,0,0,0,0,2,2,2,2,0,0,2,2
115,-4628.018,8003.076,127.264,134.091,-0.693778,-0.718192,0.053595,0.717222,-0.695752,-0.039021,0.065313,0.011367,0.997800,0,0.60194,0.78504,36.116,1.570,-1,400.000,-1,425.000,-1,325.000,325.000,325.000,325.000,-1,-1,-1,-1,900.000,950.000,-1,-1,2,0,2,0,2,0,0,0,0,2,2,2,2,0,0,2,2
116,-4653.848,8028.318,129.510,135.661,-0.713308,-0.698872,0.052624,0.697903,-0.715182,-0.038030,0.064214,0.009600,0.997890,0,0.60194,0.78504,36.116,1.570,-1,400.000,-1,425.000,-1,325.000,325.000,325.000,325.000,-1,-1,-1,-1,900.000,950.000,-1,-1,2,0,2,0,2,0,0,0,0,2,2,2,2,0,0,2,2
117,-4680.361,8052.843,131.736,137.231,-0.732291,-0.679024,0.051724,0.678057,-0.734073,-0.037086,0.063151,0.007914,0.997973,0,0.60194,0.78504,36.116,1.570,-1,400.000,-1,425.000,-1,325.000,325.000,325.000,325.000,-1,-1,-1,-1,900.000,950.000,-1,-1,2,0,2,0,2,0,0,0,0,2,2,2,2,0,0,2,2
118,-4707.535,8076.632,133.956,138.801,-0.750718,-0.658664,0.050831,0.657698,-0.752411,-0.036195,0.062086,0.006260,0.998051,0,0.60194,0.78504,36.116,1.570,-1,400.000,-1,425.000,-1,325.000,325.000,325.000,325.000,-1,-1,-1,-1,900.000,950.000,-1,-1,2,0,2,0,2,0,0,0,0,2,2,2,2,0,0,2,2
119,-4735.396,8099.703,136.202,140.373,-0.768602,-0.637785,0.049808,0.636819,-0.770201,-0.035382,0.060928,0.004524,0.998132,0,0.60289,0.78585,36.174,1.572,-1,400.000,-1,425.000,-1,325.000,325.000,325.000,325.000,-1,-1,-1,-1,875.000,925.000,-1,-1,2,0,2,0,2,0,0,0,0,2,2,2,2,0,0,2,2
120,-4763.960,8122.062,138.475,141.947,-0.785939,-0.616387,0.048655,0.615418,-0.787439,-0.034657,0.059675,0.002705,0.998214,0,0.60458,0.78719,36.275,1.574,-1,400.000,-1,425.000,-1,325.000,350.000,325.000,325.000,-1,-1,-1,-1,875.000,925.000,-1,-1,2,0,2,0,2,0,0,0,0,2,2,2,2,0,0,2,2
121,-4793.213,8143.690,140.775,143.524,-0.802709,-0.594486,0.047376,0.593512,-0.804106,-0.034031,0.058326,0.000801,0.998297,0,0.60634,0.78848,36.380,1.577,-1,400.000,-1,425.000,-1,325.000,350.000,325.000,325.000,-1,-1,-1,-1,875.000,925.000,-1,-1,2,0,2,0,2,0,0,0,0,2,2,2,2,0,0,2,2
122,-4823.141,8164.566,142.915,145.103,-0.818900,-0.572097,0.045919,0.571166,-0.820186,-0.032631,0.056330,-0.000494,0.998412,0,0.60816,0.78971,36.490,1.579,-1,400.000,-1,425.000,-1,325.000,325.000,325.000,325.000,-1,-1,-1,-1,875.000,900.000,-1,-1,2,0,2,0,2,0,0,0,0,2,2,2,2,0,0,2,2
123,-4853.729,8184.669,144.855,146.685,-0.834453,-0.549239,0.045005,0.548374,-0.835665,-0.030829,0.054541,-0.001046,0.998511,0,0.61006,0.79088,36.604,1.582,-1,400.000,-1,425.000,-1,325.000,325.000,325.000,325.000,-1,-1,-1,-1,875.000,900.000,-1,-1,2,0,2,0,2,0,0,0,0,2,2,2,2,0,0,2,2
124,-4888.852,8206.593,146.900,148.027,-0.847114,-0.529520,0.044788,0.528749,-0.848297,-0.028569,0.053122,-0.000520,0.998588,0,0.69006,0.67088,41.404,1.342,-1,400.000,-1,425.000,-1,325.000,325.000,325.000,325.000,-1,-1,-1,-1,875.000,875.000,-1,-1,2,0,2,0,2,0,0,0,0,2,2,2,2,0,0,2,2
125,-4928.509,8230.301,149.237,149.129,-0.857170,-0.513111,0.044463,0.512448,-0.858322,-0.026090,0.051551,0.000422,0.998670,0,0.77006,0.55088,46.204,1.102,-1,400.000,-1,425.000,-1,325.000,325.000,350.000,325.000,-1,-1,-1,-1,875.000,875.000,-1,-1,2,0,2,0,2,0,0,0,0,2,2,2,2,0,0,2,2
126,-4972.676,8255.809,151.869,149.990,-0.864821,-0.500143,0.044064,0.499600,-0.865941,-0.023373,0.049847,0.001801,0.998755,0,0.85006,0.43088,51.004,0.862,-1,400.000,-1,425.000,-1,325.000,325.000,350.000,325.000,-1,-1,-1,-1,875.000,850.000,-1,-1,2,0,2,0,2,0,0,0,0,2,2,2,2,0,0,2,2
127,-5019.428,8282.140,154.586,150.612,-0.870250,-0.490716,0.043160,0.490289,-0.871314,-0.020707,0.047767,0.003141,0.998854,0,0.89429,0.31088,53.657,0.622,975.000,400.000,-1,400.000,-1,325.000,325.000,350.000,325.000,-1,-1,-1,-1,875.000,850.000,-1,-1,1,0,2,0,2,0,0,0,0,2,2,2,2,0,0,2,2
128,-5066.500,8308.238,157.134,150.994,-0.873599,-0.484898,0.041223,0.484562,-0.874562,-0.018455,0.045001,0.003853,0.998980,0,0.89705,0.19088,53.823,0.382,925.000,400.000,-1,400.000,-1,325.000,325.000,350.000,325.000,-1,-1,-1,-1,850.000,825.000,1000.000,-1,1,0,2,0,2,0,0,0,0,2,2,2,2,0,0,1,2
129,-5113.776,8334.298,159.385,151.136,-0.874873,-0.482733,0.039574,0.482414,-0.875761,-0.017886,0.043292,0.003443,0.999057,0,0.89972,0.07088,53.983,0.142,875.000,400.000,-1,400.000,-1,325.000,325.000,350.000,325.000,-1,-1,-1,-1,825.000,825.000,950.000,-1,1,0,2,0,2,0,0,0,0,2,2,2,2,1,0,1,2
130,-5161.141,8360.513,161.633,151.037,-0.874114,-0.484235,0.037967,0.483931,-0.874933,-0.017444,0.041666,0.003125,0.999127,0,0.90226,-0.04912,54.136,-0.098,825.000,400.000,-1,400.000,-1,325.000,325.000,350.000,325.000,-1,-1,-1,-1,800.000,800.000,900.000,-1,1,0,2,0,2,0,0,0,0,2,2,2,2,1,0,1,2
131,-5208.576,8386.895,163.748,150.918,-0.873194,-0.486065,0.035669,0.485763,-0.873920,-0.017287,0.039575,0.002232,0.999214,0,0.90463,-0.05994,54.278,-0.120,775.000,400.000,-1,400.000,-1,325.000,325.000,325.000,325.000,-1,-1,-1,-1,775.000,800.000,850.000,-1,1,0,2,0,2,0,0,0,0,2,2,2,2,1,0,1,2
132,-5256.073,8413.438,165.893,150.803,-0.872307,-0.487811,0.033470,0.487514,-0.872948,-0.017081,0.037550,0.001417,0.999294,0,0.90685,-0.05725,54.411,-0.114,725.000,400.000,-1,400.000,-1,325.000,325.000,325.000,325.000,-1,-1,-1,-1,725.000,800.000,825.000,-1,1,0,2,0,2,0,0,0,0,2,2,2,2,1,0,1,2
133,-5303.630,8440.131,168.066,150.694,-0.871456,-0.489469,0.031369,0.489180,-0.872021,-0.016828,0.035591,0.000680,0.999366,0,0.90894,-0.05441,54.536,-0.109,700.000,400.000,-1,400.000,-1,325.000,325.000,325.000,325.000,-1,-1,-1,-1,700.000,775.000,775.000,-1,1,0,2,0,2,0,0,0,0,2,2,2,2,1,0,1,2
134,-5351.239,8466.967,170.057,150.591,-0.870614,-0.491033,0.030296,0.490768,-0.871140,-0.016155,0.034325,0.000803,0.999410,0,0.91086,-0.05142,54.652,-0.103,650.000,400.000,-1,400.000,-1,325.000,325.000,325.000,325.000,-1,-1,-1,-1,675.000,775.000,725.000,-1,1,0,2,0,2,0,0,0,0,2,2,2,2,1,0,1,2
135,-5398.895,8493.935,171.976,150.495,-0.869807,-0.492500,0.029661,0.492267,-0.870311,-0.015206,0.033304,0.001375,0.999444,0,0.91262,-0.04827,54.757,-0.097,600.000,400.000,-1,400.000,-1,325.000,325.000,325.000,325.000,-1,-1,-1,-1,675.000,775.000,675.000,-1,1,0,2,0,2,0,0,0,0,2,2,2,2,1,0,1,2
136,-5446.590,8521.024,173.814,150.405,-0.869057,-0.493864,0.028950,0.493682,-0.869536,-0.013645,0.031912,0.002433,0.999488,0,0.91418,-0.04496,54.851,-0.090,550.000,400.000,-1,400.000,-1,325.000,325.000,325.000,325.000,-1,-1,-1,-1,650.000,750.000,650.000,-1,1,0,2,0,2,0,0,0,0,2,2,2,2,1,0,1,2
