timestep,x_cm,y_cm,z_cm,yaw_deg,basis_xx,basis_xy,basis_xz,basis_yx,basis_yy,basis_yz,basis_zx,basis_zy,basis_zz,teleport_flag,throttle_cmd,steering_cmd,cmd_move_cm,cmd_turn_deg,lidar_cm_0,lidar_cm_1,lidar_cm_2,lidar_cm_3,lidar_cm_4,lidar_cm_5,lidar_cm_6,lidar_cm_7,lidar_cm_8,lidar_cm_9,lidar_cm_10,lidar_cm_11,lidar_cm_12,lidar_cm_13,lidar_cm_14,lidar_cm_15,lidar_cm_16,lidar_class_0,lidar_class_1,lidar_class_2,lidar_class_3,lidar_class_4,lidar_class_5,lidar_class_6,lidar_class_7,lidar_class_8,lidar_class_9,lidar_class_10,lidar_class_11,lidar_class_12,lidar_class_13,lidar_class_14,lidar_class_15,lidar_class_16
0,5850.070,7766.503,-104.510,67.805,0.377747,-0.925868,-0.008665,0.925879,0.377793,-0.004470,0.007412,-0.006334,0.999952,0,0.69178,0.34851,0.245,0.018,-1,685.266,-1,684.822,-1,563.221,568.311,547.826,556.673,-1,-1,-1,-1,-1,-1,-1,-1,2,0,2,0,2,0,0,0,0,2,2,2,2,2,2,2,2
1,5850.238,7767.134,-103.486,67.870,0.376687,-0.926297,-0.009003,0.926276,0.376758,-0.008109,0.010903,-0.005285,0.999927,0,0.69188,0.34829,0.653,0.065,-1,699.052,-1,696.278,-1,572.708,577.195,554.093,557.826,-1,-1,-1,-1,-1,-1,-1,-1,2,0,2,0,2,0,0,0,0,2,2,2,2,2,2,2,2
2,5850.596,7768.646,-103.441,67.951,0.375358,-0.926812,-0.011240,0.926747,0.375482,-0.012400,0.015713,-0.005762,0.999860,0,0.69213,0.34777,1.554,0.081,-1,712.585,-1,710.078,-1,582.207,586.779,553.611,559.721,-1,-1,-1,-1,-1,-1,-1,-1,2,0,2,0,2,0,0,0,0,2,2,2,2,2,2,2,2
3,5851.056,7770.991,-104.255,68.043,0.373821,-0.927370,-0.015564,0.927264,0.374052,-0.016325,0.020961,-0.008329,0.999746,0,0.69238,0.34724,2.390,0.093,-1,723.159,-1,724.884,-1,590.282,595.771,545.367,564.116,-1,-1,-1,-1,-1,-1,-1,-1,2,0,2,0,2,0,0,0,0,2,2,2,2,2,2,2,2
4,5851.582,7774.203,-105.778,68.144,0.372154,-0.927906,-0.022185,0.927804,0.372572,-0.019201,0.026082,-0.013438,0.999569,0,0.69262,0.34674,3.255,0.100,-1,728.964,-1,740.140,-1,596.093,603.369,529.037,572.777,-1,-1,-1,-1,-1,-1,-1,-1,2,0,2,0,2,0,0,0,0,2,2,2,2,2,2,2,2
5,5852.145,7778.133,-107.488,68.252,0.370367,-0.928455,-0.028294,0.928426,0.370970,-0.020165,0.029218,-0.018800,0.999396,0,0.69283,0.34630,3.970,0.108,-1,728.008,-1,750.012,-1,597.316,606.529,511.800,581.448,-1,-1,-1,-1,-1,-1,-1,-1,2,0,2,0,2,0,0,0,0,2,2,2,2,2,2,2,2
6,5852.953,7782.607,-108.924,68.349,0.368796,-0.928952,-0.032220,0.929041,0.369490,-0.018985,0.029541,-0.022932,0.999300,0,0.69302,0.34588,4.547,0.097,-1,720.591,-1,751.230,-1,593.501,604.261,498.370,587.560,-1,-1,-1,-1,-1,-1,-1,-1,2,0,2,0,2,0,0,0,0,2,2,2,2,2,2,2,2
7,5854.148,7787.542,-109.883,68.408,0.367863,-0.929281,-0.033363,0.929480,0.368520,-0.016122,0.027277,-0.025080,0.999313,0,0.69310,0.34571,5.077,0.059,-1,708.905,-1,743.409,-1,585.805,597.386,490.255,589.583,-1,-1,-1,-1,-1,-1,-1,-1,2,0,2,0,2,0,0,0,0,2,2,2,2,2,2,2,2
8,5855.791,7793.077,-110.347,68.456,0.367111,-0.929636,-0.031714,0.929879,0.367643,-0.012768,0.023529,-0.024803,0.999415,0,0.69293,0.34607,5.774,0.048,-1,696.851,-1,730.232,-1,576.743,588.256,488.341,586.382,-1,-1,-1,-1,-1,-1,-1,-1,2,0,2,0,2,0,0,0,0,2,2,2,2,2,2,2,2
9,5857.878,7799.263,-110.404,68.508,0.366299,-0.930080,-0.027856,0.930298,0.366675,-0.009701,0.019237,-0.022361,0.999565,0,0.69262,0.34673,6.528,0.052,-1,686.665,-1,715.291,-1,568.049,578.709,491.934,578.798,-1,-1,-1,-1,-1,-1,-1,-1,2,0,2,0,2,0,0,0,0,2,2,2,2,2,2,2,2
10,5860.336,7806.131,-110.173,68.581,0.365139,-0.930683,-0.022445,0.930829,0.365378,-0.007538,0.015216,-0.018139,0.999720,0,0.69224,0.34754,7.295,0.073,-1,679.847,-1,700.846,-1,560.977,570.161,500.192,567.723,-1,-1,-1,-1,-1,-1,-1,-1,2,0,2,0,2,0,0,0,0,2,2,2,2,2,2,2,2
11,5863.052,7813.752,-109.823,68.690,0.363385,-0.931494,-0.016459,0.931565,0.363523,-0.006217,0.011774,-0.013073,0.999845,0,0.69187,0.34833,8.091,0.109,-1,675.815,-1,687.999,-1,555.510,562.943,511.222,555.273,-1,-1,-1,-1,-1,-1,-1,-1,2,0,2,0,2,0,0,0,0,2,2,2,2,2,2,2,2
12,5865.948,7822.155,-109.506,68.833,0.361067,-0.932472,-0.011237,0.932497,0.361140,-0.005272,0.008974,-0.008575,0.999923,0,0.69158,0.34893,8.888,0.143,-1,673.000,-1,677.566,-1,551.124,557.017,521.252,544.598,-1,-1,-1,-1,-1,-1,-1,-1,2,0,2,0,2,0,0,0,0,2,2,2,2,2,2,2,2
13,5868.926,7831.331,-109.301,69.009,0.358215,-0.933610,-0.007409,0.933615,0.358251,-0.004281,0.006651,-0.005384,0.999963,0,0.69138,0.34935,9.646,0.176,-1,670.052,-1,669.455,-1,547.159,551.977,528.372,537.059,-1,-1,-1,-1,-1,-1,-1,-1,2,0,2,0,2,0,0,0,0,2,2,2,2,2,2,2,2
14,5871.922,7841.262,-109.237,69.214,0.354870,-0.934901,-0.005226,0.934904,0.354888,-0.003022,0.004680,-0.003813,0.999982,0,0.69127,0.34959,10.373,0.205,-1,666.275,-1,663.604,-1,543.385,547.574,531.305,533.325,-1,-1,-1,-1,-1,-1,-1,-1,2,0,2,0,2,0,0,0,0,2,2,2,2,2,2,2,2
15,5874.896,7851.933,-109.291,69.448,0.351053,-0.936345,-0.004534,0.936351,0.351063,-0.001469,0.002967,-0.003729,0.999989,0,0.69124,0.34965,11.078,0.234,-1,661.611,-1,659.464,-1,539.638,543.716,530.324,532.935,-1,-1,-1,-1,-1,-1,-1,-1,2,0,2,0,2,0,0,0,0,2,2,2,2,2,2,2,2
16,5877.828,7863.331,-109.421,69.696,0.347008,-0.937850,-0.004804,0.937861,0.347011,0.000083,0.001589,-0.004534,0.999988,0,0.69129,0.34955,11.768,0.247,-1,657.305,-1,656.794,-1,536.189,540.450,526.989,534.396,-1,-1,-1,-1,-1,-1,-1,-1,2,0,2,0,2,0,0,0,0,2,2,2,2,2,2,2,2
17,5880.759,7875.379,-109.546,69.958,0.342713,-0.939423,-0.005638,0.939440,0.342710,0.001652,0.000381,-0.005863,0.999983,0,0.69135,0.34942,12.400,0.262,-1,652.703,-1,655.071,-1,532.973,537.586,522.440,537.115,-1,-1,-1,-1,-1,-1,-1,-1,2,0,2,0,2,0,0,0,0,2,2,2,2,2,2,2,2
18,5884.341,7890.726,-109.597,70.314,0.336864,-0.941527,-0.007001,0.941553,0.336850,0.003227,-0.000680,-0.007679,0.999970,0,0.69142,0.34926,15.759,0.356,-1,648.374,-1,654.591,-1,530.010,535.103,516.872,540.843,-1,-1,-1,-1,-1,-1,-1,-1,2,0,2,0,2,0,0,0,0,2,2,2,2,2,2,2,2
19,5886.807,7901.514,-109.572,70.568,0.332688,-0.943008,-0.007315,0.943037,0.332675,0.002989,-0.000385,-0.007892,0.999969,0,0.69163,0.34883,11.066,0.254,-1,649.107,-1,655.608,-1,530.171,535.216,515.794,541.267,-1,-1,-1,-1,-1,-1,-1,-1,2,0,2,0,2,0,0,0,0,2,2,2,2,2,2,2,2
20,5889.994,7915.589,-109.454,70.909,0.327077,-0.944971,-0.007059,0.944997,0.327073,0.001816,0.000593,-0.007265,0.999973,0,0.69178,0.34850,14.432,0.341,-1,652.623,-1,657.854,-1,531.695,536.334,516.867,540.014,-1,-1,-1,-1,-1,-1,-1,-1,2,0,2,0,2,0,0,0,0,2,2,2,2,2,2,2,2
21,5893.224,7930.131,-109.209,71.255,0.321358,-0.946933,-0.006841,0.946958,0.321353,0.001920,0.000380,-0.007095,0.999975,0,0.69202,0.34800,14.896,0.346,-1,653.019,-1,657.752,-1,531.016,535.546,517.111,540.089,-1,-1,-1,-1,-1,-1,-1,-1,2,0,2,0,2,0,0,0,0,2,2,2,2,2,2,2,2
22,5896.506,7945.207,-108.889,71.619,0.315334,-0.948960,-0.006290,0.948981,0.315323,0.002662,-0.000543,-0.006808,0.999977,0,0.69224,0.34754,15.429,0.364,-1,651.878,-1,656.864,-1,529.282,533.590,517.767,540.015,-1,-1,-1,-1,-1,-1,-1,-1,2,0,2,0,2,0,0,0,0,2,2,2,2,2,2,2,2
23,5899.935,7960.793,-108.555,71.974,0.309451,-0.950899,-0.005489,0.950914,0.309435,0.003636,-0.001759,-0.006345,0.999978,0,0.69248,0.34704,15.959,0.355,-1,650.150,-1,655.131,-1,527.371,531.204,518.791,539.526,-1,-1,-1,-1,-1,-1,-1,-1,2,0,2,0,2,0,0,0,0,2,2,2,2,2,2,2,2
24,5903.493,7976.908,-108.337,72.314,0.303802,-0.952723,-0.004728,0.952729,0.303779,0.004981,-0.003309,-0.006017,0.999976,0,0.69225,0.53985,16.503,0.340,-1,647.638,-1,652.294,-1,524.556,528.082,519.080,539.003,-1,-1,-1,-1,-1,-1,-1,-1,2,0,2,0,2,0,0,0,0,2,2,2,2,2,2,2,2
25,5907.033,7993.573,-108.283,72.680,0.297703,-0.954652,-0.003522,0.954644,0.297676,0.006657,-0.005307,-0.005345,0.999972,0,0.69223,0.53988,17.037,0.366,-1,643.677,-1,646.694,-1,520.631,523.730,520.860,536.752,-1,-1,-1,-1,-1,-1,-1,-1,2,0,2,0,2,0,0,0,0,2,2,2,2,2,2,2,2
26,5910.475,8010.877,-108.518,73.094,0.290803,-0.956782,-0.001389,0.956757,0.290784,0.007772,-0.007032,-0.003589,0.999969,0,0.69228,0.53978,17.643,0.413,-1,640.108,-1,639.896,-1,516.743,519.016,524.619,531.422,-1,-1,-1,-1,-1,-1,-1,-1,2,0,2,0,2,0,0,0,0,2,2,2,2,2,2,2,2
27,5914.001,8028.667,-109.023,73.498,0.284035,-0.958813,0.001049,0.958777,0.284033,0.008431,-0.008382,-0.001389,0.999964,0,0.69249,0.53933,18.137,0.405,-1,637.074,-1,633.008,-1,513.001,514.077,528.678,524.518,-1,-1,-1,-1,-1,-1,-1,-1,2,0,2,0,2,0,0,0,0,2,2,2,2,2,2,2,2
28,5917.574,8047.013,-109.792,73.913,0.277081,-0.960837,0.004253,0.960803,0.277108,0.008333,-0.009185,0.001778,0.999956,0,0.69260,0.53912,18.690,0.415,-1,635.445,-1,626.139,-1,509.714,509.337,534.467,514.823,-1,-1,-1,-1,-1,-1,-1,-1,2,0,2,0,2,0,0,0,0,2,2,2,2,2,2,2,2
29,5921.016,8065.919,-110.833,74.386,0.269139,-0.963064,0.008519,0.963046,0.269208,0.008315,-0.010301,0.005966,0.999929,0,0.69267,0.53895,19.217,0.473,-1,633.137,-1,617.830,-1,505.663,503.264,542.133,502.960,-1,-1,-1,-1,-1,-1,-1,-1,2,0,2,0,2,0,0,0,0,2,2,2,2,2,2,2,2
30,5924.243,8085.297,-111.979,74.924,0.260084,-0.965482,0.014189,0.965507,0.260222,0.008961,-0.012344,0.011369,0.999859,0,0.69297,0.53833,19.645,0.538,-1,629.232,-1,605.194,-1,500.085,495.202,552.791,488.440,-1,-1,-1,-1,-1,-1,-1,-1,2,0,2,0,2,0,0,0,0,2,2,2,2,2,2,2,2
31,5927.086,8105.068,-113.120,75.541,0.249661,-0.968115,0.020573,0.968198,0.249925,0.011410,-0.016188,0.017070,0.999723,0,0.69352,0.53715,19.974,0.617,-1,621.193,-1,587.878,-1,491.552,484.485,564.089,473.594,-1,-1,-1,-1,-1,-1,-1,-1,2,0,2,0,2,0,0,0,0,2,2,2,2,2,2,2,2
32,5929.588,8125.325,-114.338,76.203,0.238437,-0.970792,0.026670,0.970938,0.238877,0.014713,-0.020654,0.022386,0.999536,0,0.69444,0.53522,20.411,0.662,-1,611.250,-1,570.355,-1,481.842,472.668,574.460,461.499,-1,-1,-1,-1,-1,-1,-1,-1,2,0,2,0,2,0,0,0,0,2,2,2,2,2,2,2,2
33,5931.811,8146.122,-115.380,76.891,0.226737,-0.973493,0.030034,0.973666,0.227314,0.017409,-0.023774,0.025296,0.999397,0,0.69553,0.53290,20.915,0.688,-1,603.349,-1,558.484,-1,474.500,463.816,580.047,452.952,-1,-1,-1,-1,-1,-1,-1,-1,2,0,2,0,2,0,0,0,0,2,2,2,2,2,2,2,2
34,5933.471,8167.501,-116.036,77.637,0.214047,-0.976323,0.031258,0.976517,0.214672,0.018188,-0.024468,0.026631,0.999346,0,0.69670,0.53043,21.444,0.745,-1,601.233,-1,553.529,-1,472.277,460.010,583.233,448.197,-1,-1,-1,-1,-1,-1,-1,-1,2,0,2,0,2,0,0,0,0,2,2,2,2,2,2,2,2
35,5934.511,8189.443,-116.391,78.431,0.200497,-0.979190,0.031419,0.979419,0.201098,0.017286,-0.023245,0.027307,0.999357,0,0.69811,0.52743,21.967,0.794,-1,603.812,-1,554.001,-1,474.058,460.257,585.989,446.353,-1,-1,-1,-1,-1,-1,-1,-1,2,0,2,0,2,0,0,0,0,2,2,2,2,2,2,2,2
36,5934.834,8211.696,-116.304,79.306,0.185530,-0.982153,0.030895,0.982412,0.186071,0.015647,-0.021117,0.027449,0.999400,0,0.69974,0.52398,22.255,0.875,-1,609.133,-1,559.567,-1,478.308,463.394,588.746,447.014,-1,-1,-1,-1,-1,-1,-1,-1,2,0,2,0,2,0,0,0,0,2,2,2,2,2,2,2,2
37,5934.319,8234.223,-116.043,80.305,0.168374,-0.985229,0.031201,0.985541,0.168868,0.013908,-0.018972,0.028409,0.999416,0,0.70175,0.51971,22.532,0.999,-1,615.953,-1,564.384,-1,483.264,467.883,594.084,446.294,-1,-1,-1,-1,-1,931.953,-1,-1,2,0,2,0,2,0,0,0,0,2,2,2,2,2,1,2,2
38,5932.186,8256.451,-115.751,81.520,0.147431,-0.988495,0.033796,0.988897,0.147962,0.013774,-0.018616,0.031390,0.999334,0,0.70439,0.51412,22.331,1.215,-1,620.123,-1,562.944,-1,485.807,469.264,605.210,442.842,-1,-1,-1,-1,-1,963.529,-1,-1,2,0,2,0,2,0,0,0,0,2,2,2,2,2,1,2,2
39,5929.231,8278.562,-115.553,82.802,0.125283,-0.991516,0.034652,0.991946,0.125840,0.014380,-0.018619,0.032571,0.999296,0,0.61304,0.49121,22.308,1.281,-1,621.943,-1,562.099,-1,487.363,469.971,610.705,442.950,-1,-1,-1,-1,-1,1000.788,-1,-1,2,0,2,0,2,0,0,0,0,2,2,2,2,2,1,2,2
40,5925.704,8300.590,-115.494,84.055,0.103553,-0.994070,0.033183,0.994458,0.104087,0.014776,-0.018143,0.031469,0.999340,0,0.61668,0.48232,22.308,1.254,-1,622.730,-1,564.342,-1,488.807,471.517,609.079,446.931,-1,-1,-1,-1,-1,-1,-1,948.089,2,0,2,0,2,0,0,0,0,2,2,2,2,2,2,2,1
41,5921.762,8322.677,-115.636,85.259,0.082639,-0.996098,0.030974,0.996438,0.083112,0.014298,-0.016817,0.029682,0.999418,0,0.62023,0.47363,22.436,1.204,-1,623.608,-1,568.845,-1,491.268,474.573,604.928,451.673,-1,-1,-1,-1,-1,863.045,-1,926.874,2,0,2,0,2,0,0,0,0,2,2,2,2,2,1,2,1
42,5916.670,8344.297,-115.922,86.552,0.060133,-0.997710,0.030960,0.998065,0.060588,0.013992,-0.015835,0.030059,0.999423,0,0.62358,0.46543,22.212,1.293,-1,625.245,-1,569.643,-1,493.228,476.427,606.815,452.533,-1,-1,-1,-1,-1,-1,-1,930.195,2,0,2,0,2,0,0,0,0,2,2,2,2,2,2,2,1
43,5910.910,8365.578,-116.325,87.877,0.037033,-0.998833,0.030995,0.999206,0.037467,0.013519,-0.014665,0.030470,0.999428,0,0.62741,0.45604,22.047,1.325,-1,627.122,-1,570.981,-1,494.738,478.759,608.369,454.425,-1,-1,-1,-1,-1,-1,-1,931.650,2,0,2,0,2,0,0,0,0,2,2,2,2,2,2,2,1
44,5904.755,8386.718,-116.756,89.241,0.013254,-0.999439,0.030750,0.999826,0.013649,0.012677,-0.013090,0.030577,0.999447,0,0.63144,0.44617,22.017,1.363,-1,629.247,-1,572.704,-1,496.961,481.075,608.846,456.940,-1,-1,-1,-1,-1,-1,-1,-1,2,0,2,0,2,0,0,0,0,2,2,2,2,2,2,2,2
45,5898.649,8408.068,-117.193,90.516,-0.009014,-0.999549,0.028648,0.999908,-0.008720,0.010364,-0.010110,0.028739,0.999536,0,0.63565,0.43587,22.207,1.276,-1,633.543,-1,580.176,-1,501.027,486.411,603.475,461.274,-1,-1,-1,-1,-1,-1,-1,-1,2,0,2,0,2,0,0,0,0,2,2,2,2,2,2,2,2
46,5891.993,8429.400,-117.601,91.813,-0.031641,-0.999109,0.027938,0.999476,-0.031436,0.007728,-0.006843,0.028168,0.999580,0,0.63944,0.42658,22.346,1.297,-1,639.087,-1,587.733,836.820,506.075,491.751,601.966,464.927,-1,-1,-1,-1,-1,-1,-1,-1,2,0,2,0,1,0,0,0,0,2,2,2,2,2,2,2,2
47,5884.910,8450.720,-117.937,93.171,-0.055322,-0.998054,0.028774,0.998460,-0.055176,0.005842,-0.004243,0.029052,0.999569,0,0.64334,0.41703,22.465,1.358,-1,644.864,-1,593.129,811.664,510.260,495.991,604.783,466.350,-1,-1,-1,-1,-1,-1,-1,-1,2,0,2,0,1,0,0,0,0,2,2,2,2,2,2,2,2
48,5877.457,8471.998,-117.960,94.549,-0.079319,-0.996373,0.030819,0.996847,-0.079211,0.004715,-0.002257,0.031096,0.999514,0,0.64751,0.40684,22.546,1.378,-1,650.902,-1,596.148,823.748,513.703,499.455,612.002,465.266,-1,-1,-1,-1,-1,-1,-1,-1,2,0,2,0,1,0,0,0,0,2,2,2,2,2,2,2,2
49,5869.690,8493.234,-117.754,95.904,-0.102858,-0.994140,0.033248,0.994696,-0.102769,0.004364,-0.000922,0.033520,0.999438,0,0.33931,0.67490,22.612,1.354,-1,656.205,-1,597.759,-1,516.654,501.834,621.173,465.080,-1,-1,-1,-1,-1,-1,-1,-1,2,0,2,0,2,0,0,0,0,2,2,2,2,2,2,2,2
50,5861.856,8514.286,-117.304,97.167,-0.124769,-0.991587,0.034458,0.992186,-0.124676,0.004827,-0.000490,0.034791,0.999394,0,0.34147,0.66473,22.462,1.264,-1,659.069,-1,599.241,-1,518.262,503.555,627.744,466.013,-1,-1,-1,-1,-1,-1,-1,-1,2,0,2,0,2,0,0,0,0,2,2,2,2,2,2,2,2
51,5853.908,8535.098,-116.552,98.360,-0.145384,-0.988778,0.034368,0.989375,-0.145275,0.005652,-0.000595,0.034825,0.999393,0,0.34344,0.65548,22.278,1.192,-1,660.969,-1,601.323,-1,519.409,504.570,631.630,469.642,-1,-1,-1,-1,-1,-1,-1,-1,2,0,2,0,2,0,0,0,0,2,2,2,2,2,2,2,2
52,5845.872,8555.863,-115.747,99.463,-0.164416,-0.985815,0.033695,0.986391,-0.164298,0.006269,-0.000644,0.034267,0.999412,0,0.34525,0.64694,22.266,1.104,-1,662.524,-1,603.610,-1,520.573,506.257,633.964,474.458,-1,-1,-1,-1,-1,-1,-1,-1,2,0,2,0,2,0,0,0,0,2,2,2,2,2,2,2,2
53,5837.792,8576.645,-115.136,100.485,-0.181981,-0.982764,0.032515,0.983302,-0.181870,0.006362,-0.000339,0.033130,0.999451,0,0.34687,0.63934,22.297,1.022,-1,663.913,-1,606.064,-1,521.271,507.746,633.944,479.784,-1,-1,-1,-1,-1,-1,-1,-1,2,0,2,0,2,0,0,0,0,2,2,2,2,2,2,2,2
54,5827.938,8601.420,-114.638,101.641,-0.201784,-0.978919,0.031635,0.979430,-0.201664,0.006974,-0.000448,0.032392,0.999475,0,0.34829,0.63264,26.663,1.156,-1,664.645,-1,606.886,-1,520.859,507.683,635.060,484.411,-1,-1,-1,-1,-1,-1,-1,-1,2,0,2,0,2,0,0,0,0,2,2,2,2,2,2,2,2
55,5821.287,8617.895,-114.495,102.354,-0.213958,-0.976347,0.031120,0.976843,-0.213829,0.007450,-0.000620,0.031994,0.999488,0,0.34985,0.62534,17.767,0.713,-1,664.270,-1,606.878,-1,520.162,507.290,635.453,486.090,-1,-1,-1,-1,-1,-1,-1,-1,2,0,2,0,2,0,0,0,0,2,2,2,2,2,2,2,2
56,5812.814,8638.413,-114.587,103.206,-0.228452,-0.973075,0.030577,0.973554,-0.228301,0.008399,-0.001192,0.031687,0.999497,0,0.35075,0.62109,22.199,0.852,-1,662.193,-1,605.333,-1,518.059,505.077,635.535,487.228,-1,-1,-1,-1,-1,-1,-1,-1,2,0,2,0,2,0,0,0,0,2,2,2,2,2,2,2,2
57,5804.199,8658.816,-114.939,104.031,-0.242445,-0.969713,0.029611,0.970163,-0.242265,0.009567,-0.002103,0.031046,0.999516,0,0.35179,0.61621,22.148,0.825,-1,658.538,-1,602.127,-1,514.791,501.914,633.651,488.619,-1,-1,-1,-1,-1,-1,-1,-1,2,0,2,0,2,0,0,0,0,2,2,2,2,2,2,2,2
58,5795.358,8679.012,-115.407,104.839,-0.256100,-0.966236,0.028303,0.966642,-0.255870,0.011525,-0.003894,0.030310,0.999533,0,0.35276,0.61162,22.045,0.808,-1,652.348,-1,595.957,-1,509.731,497.052,630.967,488.824,-1,-1,-1,-1,-1,-1,-1,-1,2,0,2,0,2,0,0,0,0,2,2,2,2,2,2,2,2
59,5786.315,8699.068,-116.008,105.629,-0.269406,-0.962669,0.026253,0.963006,-0.269122,0.013856,-0.006274,0.029014,0.999559,0,0.35371,0.60718,22.001,0.790,1005.334,643.792,-1,588.629,-1,503.236,490.863,626.109,488.821,-1,-1,-1,-1,-1,-1,-1,-1,1,0,2,0,2,0,0,0,0,2,2,2,2,2,2,2,2
60,5777.076,8718.963,-116.572,106.378,-0.281962,-0.959154,0.022824,0.959387,-0.281656,0.015736,-0.008665,0.026334,0.999616,0,0.35461,0.60292,21.935,0.749,975.269,634.243,-1,582.717,-1,496.544,484.713,617.474,493.164,-1,-1,-1,-1,-1,-1,-1,-1,1,0,2,0,2,0,0,0,0,2,2,2,2,2,2,2,2
61,5767.605,8738.775,-117.152,107.092,-0.293884,-0.955667,0.018230,0.955785,-0.293608,0.016390,-0.010311,0.022240,0.999699,0,0.35543,0.59908,21.960,0.714,986.614,625.515,-1,578.856,-1,490.949,480.056,605.143,500.198,-1,-1,-1,-1,-1,-1,-1,-1,1,0,2,0,2,0,0,0,0,2,2,2,2,2,2,2,2
62,5757.981,8758.546,-117.893,107.771,-0.305185,-0.952201,0.013222,0.952218,-0.304956,0.016805,-0.011970,0.017719,0.999771,0,0.35617,0.59561,21.989,0.679,931.308,616.037,-1,576.014,-1,485.207,475.136,591.510,507.426,-1,-1,-1,-1,-1,-1,-1,-1,1,0,2,0,2,0,0,0,0,2,2,2,2,2,2,2,2
63,5748.159,8778.208,-118.772,108.436,-0.316220,-0.948649,0.008333,0.948581,-0.316042,0.017661,-0.014121,0.013489,0.999809,0,0.35682,0.59254,21.979,0.666,911.308,605.544,-1,571.739,-1,478.490,469.434,578.512,513.681,-1,-1,-1,-1,-1,-1,-1,-1,1,0,2,0,2,0,0,0,0,2,2,2,2,2,2,2,2
64,5738.125,8797.587,-119.555,109.119,-0.327490,-0.944847,0.003890,0.944699,-0.327359,0.019461,-0.017114,0.010048,0.999803,0,0.35744,0.58962,21.823,0.683,891.567,594.105,-1,564.253,-1,471.020,462.793,567.796,519.198,-1,-1,-1,-1,-1,-1,-1,-1,1,0,2,0,2,0,0,0,0,2,2,2,2,2,2,2,2
65,5727.948,8816.816,-120.224,109.786,-0.338436,-0.940989,-0.000082,0.940762,-0.338356,0.021971,-0.020702,0.007359,0.999759,0,0.35811,0.58649,21.757,0.667,871.892,582.365,-1,555.600,-1,463.050,455.405,559.887,522.985,-1,-1,-1,-1,-1,-1,-1,-1,1,0,2,0,2,0,0,0,0,2,2,2,2,2,2,2,2
66,5717.588,8836.017,-120.781,110.431,-0.348982,-0.937119,-0.004520,0.936842,-0.348990,0.023068,-0.023195,0.003815,0.999724,0,0.35873,0.58355,21.817,0.645,852.330,573.133,-1,550.841,-1,457.035,450.255,550.608,529.395,-1,-1,-1,-1,-1,-1,-1,-1,1,0,2,0,2,0,0,0,0,2,2,2,2,2,2,2,2
67,5707.027,8855.221,-121.138,111.051,-0.359093,-0.933266,-0.008210,0.932997,-0.359186,0.022417,-0.023870,0.000389,0.999715,0,0.35930,0.58088,21.917,0.620,833.208,568.931,-1,550.413,-1,454.566,448.373,542.707,536.513,-1,-1,-1,-1,-1,-1,-1,-1,1,0,2,0,2,0,0,0,0,2,2,2,2,2,2,2,2
68,5696.322,8874.483,-121.295,111.645,-0.368755,-0.929466,-0.010660,0.929248,-0.368901,0.020262,-0.022765,-0.002434,0.999738,0,0.35980,0.57852,22.037,0.594,814.531,570.343,-1,553.786,-1,455.849,449.574,537.238,543.264,-1,-1,-1,-1,-1,-1,-1,-1,1,0,2,0,2,0,0,0,0,2,2,2,2,2,2,2,2
69,5685.627,8893.817,-121.256,112.198,-0.377722,-0.925845,-0.011719,0.925691,-0.377880,0.017394,-0.020533,-0.004278,0.999780,0,0.36022,0.57653,22.095,0.553,796.111,576.099,-1,560.509,-1,459.656,452.849,534.866,548.499,-1,-1,-1,-1,-1,-1,-1,-1,1,0,2,0,2,0,0,0,0,2,2,2,2,2,2,2,2
70,5674.956,8913.205,-121.112,112.710,-0.386014,-0.922424,-0.011295,0.922326,-0.386148,0.014284,-0.017537,-0.004904,0.999834,0,0.36053,0.57512,22.131,0.513,777.856,584.621,-1,568.449,-1,465.198,458.310,535.738,551.107,-1,-1,-1,-1,-1,-1,-1,-1,1,0,2,0,2,0,0,0,0,2,2,2,2,2,2,2,2
71,5664.395,8932.628,-120.956,113.175,-0.393492,-0.919269,-0.010403,0.919213,-0.393596,0.011366,-0.014543,-0.005090,0.999881,0,0.36071,0.57426,22.108,0.464,759.362,594.176,-1,576.839,-1,471.425,465.010,536.981,552.186,-1,-1,-1,-1,-1,-1,-1,-1,1,0,2,0,2,0,0,0,0,2,2,2,2,2,2,2,2
72,5653.867,8952.054,-120.905,113.611,-0.400492,-0.916253,-0.009295,0.916222,-0.400569,0.008997,-0.011967,-0.004914,0.999916,0,0.36074,0.57409,22.095,0.436,740.566,603.877,-1,584.297,-1,476.938,470.722,538.638,552.211,-1,-1,-1,-1,-1,-1,720.534,-1,1,0,2,0,2,0,0,0,0,2,2,2,2,2,2,1,2
73,5643.330,8971.412,-121.005,114.032,-0.407220,-0.913293,-0.008239,0.913272,-0.407279,0.007616,-0.010311,-0.004423,0.999937,0,0.36069,0.57437,22.040,0.421,721.417,611.599,-1,588.642,-1,481.317,474.782,540.685,550.853,-1,-1,-1,-1,-1,-1,699.720,-1,1,0,2,0,2,0,0,0,0,2,2,2,2,2,2,1,2
74,5632.724,8990.610,-121.091,114.451,-0.413903,-0.910292,-0.007317,0.910271,-0.413951,0.007180,-0.009565,-0.003689,0.999947,0,0.36057,0.57493,21.933,0.420,702.090,618.284,-1,590.742,-1,484.899,477.391,543.358,548.285,-1,-1,-1,-1,-1,-1,679.226,-1,1,0,2,0,2,0,0,0,0,2,2,2,2,2,2,1,2
75,5621.948,9009.707,-121.282,114.877,-0.420648,-0.907198,-0.006887,0.907180,-0.420690,0.006589,-0.008875,-0.003476,0.999955,0,0.36043,0.57558,21.927,0.425,682.598,623.869,-1,591.421,-1,488.008,479.758,544.497,546.652,-1,-1,-1,-1,-1,-1,658.884,-1,1,0,2,0,2,0,0,0,0,2,2,2,2,2,2,1,2
76,5610.906,9028.636,-121.511,115.328,-0.427781,-0.903858,-0.006568,0.903851,-0.427816,0.005203,-0.007512,-0.003711,0.999965,0,0.36028,0.57626,21.914,0.451,663.323,630.587,-1,587.803,-1,492.104,484.044,543.979,546.382,-1,-1,-1,-1,-1,-1,638.583,-1,1,0,2,0,2,0,0,0,0,2,2,2,2,2,2,1,2
77,5599.575,9047.367,-121.652,115.798,-0.435196,-0.900311,-0.006686,0.900319,-0.435222,0.002947,-0.005564,-0.004737,0.999973,0,0.37801,0.44768,21.892,0.471,644.177,639.840,-1,586.247,-1,498.115,490.438,542.051,548.627,-1,-1,-1,-1,-1,-1,611.447,-1,1,0,2,0,2,0,0,0,0,2,2,2,2,2,2,1,2
78,5588.068,9065.981,-121.676,116.258,-0.442413,-0.896782,-0.007252,0.896805,-0.442426,0.000270,-0.003450,-0.006384,0.999974,0,0.37795,0.44794,21.883,0.460,624.860,649.799,-1,590.924,-1,505.048,497.638,539.157,552.859,-1,-1,-1,-1,-1,-1,591.900,-1,1,0,2,0,2,0,0,0,0,2,2,2,2,2,2,1,2
79,5576.465,9084.551,-121.791,116.697,-0.449267,-0.893360,-0.008130,0.893396,-0.449264,-0.002353,-0.001550,-0.008320,0.999964,0,0.37785,0.44839,21.896,0.439,605.172,659.204,-1,893.105,-1,511.486,505.166,535.390,557.519,-1,-1,-1,-1,-1,-1,572.144,-1,1,0,2,0,2,0,0,0,0,2,2,2,2,2,2,1,2
80,5564.771,9103.073,-121.984,117.126,-0.455947,-0.889965,-0.008649,0.890007,-0.455923,-0.004713,0.000251,-0.009847,0.999951,0,0.37767,0.44920,21.905,0.429,585.352,669.335,-1,929.033,-1,518.588,512.530,532.556,560.280,-1,-1,-1,-1,-1,-1,552.342,-1,1,0,2,0,2,0,0,0,0,2,2,2,2,2,2,1,2
81,5552.947,9121.550,-122.208,117.548,-0.462496,-0.886577,-0.008887,0.886618,-0.462444,-0.007291,0.002354,-0.011251,0.999934,0,0.37743,0.45026,21.936,0.422,565.462,680.156,-1,954.175,-1,526.330,517.938,530.309,563.038,-1,-1,-1,-1,-1,-1,532.561,-1,1,0,2,0,2,0,0,0,0,2,2,2,2,2,2,1,2
82,5538.628,9143.619,-122.479,118.052,-0.470271,-0.882476,-0.009030,0.882510,-0.470187,-0.009997,0.004576,-0.012671,0.999909,0,0.37715,0.45154,26.307,0.504,541.442,693.315,-1,969.486,-1,534.993,521.473,528.210,566.466,-1,-1,-1,-1,-1,-1,508.767,-1,1,0,2,0,2,0,0,0,0,2,2,2,2,2,2,1,2
83,5528.947,9158.216,-122.611,118.400,-0.475615,-0.879606,-0.009098,0.879633,-0.475507,-0.011801,0.006054,-0.013616,0.999889,0,0.37675,0.45331,17.516,0.348,525.479,702.458,-1,980.960,-1,541.768,524.259,526.978,568.597,-1,-1,-1,-1,-1,-1,492.979,-1,1,0,2,0,2,0,0,0,0,2,2,2,2,2,2,1,2
84,5516.840,9176.099,-122.394,118.894,-0.483163,-0.875506,-0.006534,0.875480,-0.483042,-0.014332,0.009392,-0.012645,0.999876,0,0.37649,0.45447,21.596,0.494,507.039,723.574,-1,1000.973,-1,554.044,532.127,531.632,567.011,-1,-1,-1,-1,-1,-1,474.523,-1,1,0,2,0,2,0,0,0,0,2,2,2,2,2,2,1,2
85,5505.050,9193.668,-121.334,119.411,-0.490998,-0.871159,0.001513,0.870992,-0.490936,-0.018840,0.017155,-0.007932,0.999821,0,0.37630,0.45534,21.158,0.517,505.666,770.502,-1,-1,-1,583.128,562.326,548.187,560.108,-1,-1,-1,-1,-1,-1,504.404,-1,1,0,2,2,2,0,0,0,0,2,2,2,2,2,2,1,2
86,5493.762,9211.324,-119.588,119.794,-0.496700,-0.867848,0.011376,0.867493,-0.496824,-0.024933,0.027290,-0.002516,0.999624,0,0.37612,0.45615,20.957,0.383,508.802,834.871,-1,-1,-1,622.629,700.435,569.191,554.499,-1,-1,-1,-1,-1,-1,502.554,-1,1,0,2,2,2,0,0,0,0,2,2,2,2,2,2,1,2
87,5482.650,9228.863,-117.620,120.106,-0.501280,-0.865056,0.019911,0.864555,-0.501669,-0.029547,0.035548,0.002402,0.999365,0,0.37553,0.45876,20.762,0.312,496.999,895.564,-1,-1,-1,656.214,715.942,590.536,552.117,-1,-1,-1,-1,-1,-1,414.569,-1,1,0,2,2,2,0,0,0,0,2,2,2,2,2,2,1,2
88,5471.661,9246.165,-116.022,120.371,-0.505209,-0.862697,0.022751,0.862102,-0.505710,-0.032214,0.039296,0.003339,0.999222,0,0.37473,0.46235,20.497,0.265,478.509,925.226,-1,-1,-1,678.439,750.542,602.707,557.716,-1,-1,-1,-1,-1,-1,398.182,-1,1,0,2,2,2,0,0,0,0,2,2,2,2,2,2,1,2
89,5460.699,9263.118,-115.043,120.563,-0.508110,-0.861065,0.019768,0.860433,-0.508494,-0.032998,0.038466,0.000242,0.999260,0,0.37379,0.46659,20.188,0.192,452.844,925.490,-1,-1,-1,687.105,774.725,600.007,570.293,-1,-1,-1,-1,-1,-1,376.700,-1,1,0,2,2,2,0,0,0,0,2,2,2,2,2,2,1,2
90,5449.662,9279.850,-114.947,120.723,-0.510580,-0.859725,0.013448,0.859121,-0.510731,-0.032639,0.034929,-0.005112,0.999377,0,0.37266,0.47164,20.044,0.160,422.939,906.849,-1,-1,-1,682.590,766.104,587.480,585.533,-1,-1,-1,-1,-1,-1,352.098,-1,1,0,2,2,2,0,0,0,0,2,2,2,2,2,2,1,2
91,5438.326,9296.278,-115.877,120.942,-0.513947,-0.857798,0.006461,0.857317,-0.513888,-0.030444,0.029435,-0.010107,0.999516,0,0.37143,0.47714,19.960,0.219,392.072,877.026,-1,-1,-1,668.395,747.739,572.408,597.050,-1,-1,-1,-1,-1,-1,402.647,-1,1,0,2,2,2,0,0,0,0,2,2,2,2,2,2,1,2
92,5426.765,9312.474,-117.807,121.215,-0.518131,-0.855301,-0.000761,0.855018,-0.517937,-0.026179,0.021997,-0.014215,0.999657,0,0.37033,0.48208,19.899,0.273,391.322,838.228,-1,-1,-1,645.161,720.364,556.341,603.379,-1,-1,-1,-1,-1,-1,368.159,-1,1,0,2,2,2,0,0,0,0,2,2,2,2,2,2,1,2
93,5415.082,9328.544,-120.512,121.510,-0.522601,-0.852531,-0.008845,0.852478,-0.522353,-0.020715,0.013040,-0.018366,0.999746,0,0.36933,0.48656,19.868,0.294,327.248,793.231,-1,990.099,-1,616.460,690.981,537.760,606.644,-1,-1,-1,-1,-1,-1,302.466,-1,1,0,2,0,2,0,0,0,0,2,2,2,2,2,2,1,2
94,5403.173,9344.720,-123.296,121.812,-0.527125,-0.849649,-0.015354,0.849765,-0.526891,-0.016909,0.006278,-0.021960,0.999739,0,0.36833,0.49104,20.087,0.302,304.483,759.167,-1,961.927,-1,594.777,666.606,521.216,608.172,-1,-1,-1,-1,-1,-1,281.052,-1,1,0,2,0,2,0,0,0,0,2,2,2,2,2,2,1,2
95,5391.095,9361.138,-125.483,122.115,-0.531620,-0.846780,-0.018538,0.846976,-0.531403,-0.015558,0.003323,-0.023972,0.999707,0,0.36727,0.49578,20.382,0.303,282.572,743.295,-1,938.022,-1,585.603,651.117,511.478,607.795,-1,-1,-1,-1,-1,-1,260.460,-1,1,0,2,0,2,0,0,0,0,2,2,2,2,2,2,1,2
96,5378.954,9377.950,-126.741,122.387,-0.535632,-0.844223,-0.019630,0.844444,-0.535388,-0.016549,0.003461,-0.025440,0.999670,0,0.63817,0.01287,20.738,0.272,260.967,741.999,-1,918.349,-1,587.630,643.869,506.649,609.821,-1,-1,-1,-1,-1,-1,240.245,-1,1,0,2,0,2,0,0,0,0,2,2,2,2,2,2,1,2
97,5366.741,9395.285,-126.950,122.605,-0.538828,-0.842206,-0.018779,0.842395,-0.538523,-0.019071,0.005949,-0.026096,0.999642,0,0.63574,0.01910,21.205,0.218,239.285,753.373,-1,902.397,-1,599.290,648.010,507.613,613.724,-1,-1,-1,-1,-1,-1,220.061,-1,1,0,2,0,2,0,0,0,0,2,2,2,2,2,2,1,2
98,5354.474,9413.032,-126.293,122.794,-0.541605,-0.840486,-0.015744,0.840584,-0.541275,-0.020964,0.009098,-0.024588,0.999656,0,0.63278,0.02671,21.574,0.190,217.572,812.615,-1,887.038,-1,615.881,655.187,516.823,614.405,-1,-1,-1,-1,-1,-1,199.883,-1,1,0,2,0,2,0,0,0,0,2,2,2,2,2,2,1,2
99,5342.256,9431.109,-125.138,122.943,-0.543777,-0.839129,-0.012987,0.839159,-0.543466,-0.021381,0.010883,-0.022524,0.999687,0,0.62939,0.03543,21.818,0.149,195.218,-1,-1,870.714,-1,631.405,652.041,528.987,615.036,-1,-1,-1,-1,-1,-1,179.185,-1,1,2,2,0,2,0,0,0,0,2,2,2,2,2,2,1,2
100,5330.049,9449.377,-123.889,123.054,-0.545407,-0.838093,-0.011456,0.838112,-0.545156,-0.019290,0.009921,-0.020122,0.999748,0,0.62551,0.04540,21.971,0.111,171.979,-1,-1,851.690,-1,639.403,644.900,541.793,613.819,-1,-1,-1,-1,-1,-1,157.732,-1,1,2,2,0,2,0,0,0,0,2,2,2,2,2,2,1,2
101,5317.999,9467.992,-122.915,123.086,-0.545882,-0.837771,-0.012378,0.837834,-0.545681,-0.016322,0.006920,-0.019280,0.999790,0,0.62118,0.05654,22.175,0.031,147.442,-1,-1,831.499,-1,639.938,641.195,549.353,615.725,-1,-1,-1,-1,-1,-1,140.754,-1,1,2,2,0,2,0,0,0,0,2,2,2,2,2,2,1,2
102,5306.293,9487.063,-122.310,122.967,-0.544151,-0.838845,-0.015475,0.838983,-0.543992,-0.013437,0.002853,-0.020295,0.999790,0,0.61615,0.06948,22.377,-0.119,121.468,-1,-1,811.762,-1,636.176,637.978,551.832,622.017,-1,-1,-1,-1,-1,-1,117.715,-1,1,2,2,0,2,0,0,0,0,2,2,2,2,2,2,1,2
103,5294.625,9506.510,-122.124,122.787,-0.541520,-0.840482,-0.018590,0.840687,-0.541416,-0.010661,-0.001105,-0.021402,0.999770,0,0.61005,0.08515,22.678,-0.180,94.879,-1,-1,792.061,-1,631.635,634.196,552.935,627.615,-1,-1,-1,-1,-1,-1,-1,-1,1,2,2,0,2,0,0,0,0,2,2,2,2,2,2,2,2
104,5282.570,9526.177,-122.304,122.682,-0.539974,-0.841445,-0.019939,0.841673,-0.539926,-0.008198,-0.003867,-0.021209,0.999768,0,0.60327,0.10258,23.068,-0.105,76.970,-1,-1,798.449,-1,629.578,632.807,555.411,627.335,-1,-1,-1,-1,-1,-1,-1,-1,1,2,2,0,2,0,0,0,0,2,2,2,2,2,2,2,2
105,5267.727,9550.155,-122.920,122.611,-0.538924,-0.842099,-0.020745,0.842336,-0.538913,-0.006636,-0.005591,-0.021051,0.999763,0,0.59640,0.12025,28.201,-0.071,81.636,-1,-1,818.457,-1,630.085,634.572,557.554,625.473,-1,-1,-1,-1,-1,-1,-1,-1,1,2,2,0,2,0,0,0,0,2,2,2,2,2,2,2,2
106,5257.624,9566.286,-123.447,122.590,-0.538608,-0.842280,-0.021606,0.842532,-0.538612,-0.006128,-0.006476,-0.021505,0.999748,0,0.58776,0.14245,19.033,-0.021,146.587,-1,-1,826.756,-1,630.529,636.342,557.248,625.637,-1,-1,-1,-1,-1,-1,-1,-1,1,2,2,0,2,0,0,0,0,2,2,2,2,2,2,2,2
107,5244.793,9586.512,-124.018,122.572,-0.538347,-0.842387,-0.023804,0.842685,-0.538376,-0.005716,-0.008000,-0.023137,0.999700,0,0.58175,0.15792,23.952,-0.017,225.406,-1,-1,829.974,-1,630.084,637.287,553.805,629.842,-1,-1,-1,-1,-1,-1,-1,-1,1,2,2,0,2,0,0,0,0,2,2,2,2,2,2,2,2
108,5231.700,9606.824,-124.457,122.564,-0.538217,-0.842366,-0.027231,0.842750,-0.538273,-0.005850,-0.009730,-0.026098,0.999612,0,0.57386,0.17819,24.167,-0.008,-1,-1,-1,834.967,-1,629.250,638.430,547.033,638.334,-1,-1,-1,-1,-1,-1,-1,-1,2,2,2,0,2,0,0,0,0,2,2,2,2,2,2,2,2
109,5218.379,9627.241,-124.776,122.573,-0.538336,-0.842160,-0.031004,0.842648,-0.538433,-0.005830,-0.011784,-0.029264,0.999502,0,0.56554,0.19958,24.378,0.009,-1,-1,-1,839.302,-1,627.473,639.283,540.267,648.499,-1,-1,-1,-1,-1,-1,-1,-1,2,2,2,0,2,0,0,0,0,2,2,2,2,2,2,2,2
110,5202.420,9651.938,-125.353,122.557,-0.538069,-0.842182,-0.034795,0.842742,-0.538311,-0.002800,-0.016373,-0.030829,0.999391,0,0.55678,0.22211,29.405,-0.016,-1,-1,-1,831.648,-1,619.874,633.583,537.228,652.102,-1,-1,-1,-1,-1,-1,-1,-1,2,2,2,0,2,0,0,0,0,2,2,2,2,2,2,2,2
111,5191.879,9668.436,-126.059,122.546,-0.537849,-0.842232,-0.036920,0.842761,-0.538284,0.002221,-0.021744,-0.029920,0.999316,0,0.54542,0.25132,19.577,-0.011,-1,1000.061,-1,813.867,-1,608.523,622.664,538.089,645.801,-1,-1,-1,-1,-1,-1,-1,-1,2,0,2,0,2,0,0,0,0,2,2,2,2,2,2,2,2
112,5178.753,9689.078,-127.401,122.553,-0.537839,-0.842164,-0.038587,0.842507,-0.538570,0.011179,-0.030196,-0.026497,0.999193,0,0.42786,0.40356,24.462,0.007,-1,969.311,-1,781.854,-1,590.022,603.474,543.621,627.343,-1,-1,-1,-1,-1,-1,-1,-1,2,0,2,0,2,0,0,0,0,2,2,2,2,2,2,2,2
113,5165.628,9709.695,-129.214,122.610,-0.538497,-0.841726,-0.038980,0.841695,-0.539501,0.022096,-0.039628,-0.020911,0.998996,0,0.42786,0.40356,24.440,0.057,-1,938.030,-1,744.582,-1,569.421,581.192,553.130,600.425,-1,-1,-1,-1,-1,-1,-1,-1,2,0,2,0,2,0,0,0,0,2,2,2,2,2,2,2,2
114,5152.426,9730.239,-131.466,122.724,-0.539915,-0.840813,-0.039050,0.840231,-0.541138,0.034380,-0.050039,-0.014249,0.998646,0,0.41387,0.92211,24.421,0.114,-1,905.173,-1,704.393,-1,546.877,556.566,251.862,563.348,-1,-1,-1,-1,-1,-1,-1,-1,2,0,2,0,2,0,0,1,0,2,2,2,2,2,2,2,2
115,5136.148,9754.584,-134.613,123.013,-0.543752,-0.838415,-0.037335,0.836881,-0.545020,0.050818,-0.062955,-0.003612,0.998010,0,0.41387,0.92211,29.285,0.289,-1,869.335,-1,654.852,-1,519.445,526.145,45.322,498.484,-1,-1,-1,-1,-1,-1,-1,-1,2,0,2,0,2,0,0,1,0,2,2,2,2,2,2,2,2
116,5125.058,9770.644,-136.765,123.286,-0.547413,-0.836126,-0.035104,0.833793,-0.548514,0.062623,-0.071616,0.005011,0.997420,0,0.41387,0.92211,19.517,0.273,-1,848.415,-1,622.846,-1,501.832,506.329,53.030,485.669,-1,-1,-1,-1,-1,-1,-1,-1,2,0,2,0,2,0,0,1,0,2,2,2,2,2,2,2,2
117,5111.092,9790.646,-139.314,123.648,-0.552178,-0.833071,-0.033061,0.829591,-0.552952,0.077612,-0.082938,0.015429,0.996435,0,0.41387,0.92211,24.396,0.362,-1,821.707,-1,585.177,-1,480.104,482.108,62.450,495.749,-1,-1,-1,-1,-1,-1,-1,-1,2,0,2,0,2,0,0,1,0,2,2,2,2,2,2,2,2
118,5096.918,9810.411,-141.571,124.017,-0.556886,-0.829961,-0.032293,0.825089,-0.557247,0.093298,-0.095429,0.025312,0.995114,0,0.41387,0.92211,24.322,0.369,-1,792.955,-1,548.720,-1,458.037,457.791,71.507,508.525,-1,-1,-1,-1,-1,-1,-1,-1,2,0,2,0,2,0,0,1,0,2,2,2,2,2,2,2,2
119,5082.541,9830.003,-143.540,124.427,-0.562006,-0.826491,-0.032578,0.819961,-0.561876,0.109358,-0.108688,0.034748,0.993468,0,0.41387,0.92211,24.301,0.410,-1,763.916,-1,514.443,-1,436.325,434.160,80.172,522.306,-1,-1,-1,-1,-1,897.780,-1,-1,2,0,2,0,2,0,0,1,0,2,2,2,2,2,0,2,2
120,5064.894,9853.374,-145.494,125.004,-0.569270,-0.821571,-0.030852,0.812873,-0.568071,0.128577,-0.123162,0.048117,0.991219,0,0.41387,0.92211,29.285,0.577,-1,737.931,-1,479.398,-1,414.915,410.067,90.390,521.106,-1,-1,-1,-1,-1,809.738,-1,-1,2,0,2,0,2,0,0,1,0,2,2,2,2,2,0,2,2
121,5053.033,9868.877,-146.512,125.398,-0.574104,-0.818217,-0.030433,0.807895,-0.572120,0.141368,-0.133081,0.056573,0.989489,0,0.41387,0.92211,19.519,0.394,-1,720.873,-1,458.007,-1,401.487,394.995,97.051,518.930,-1,-1,-1,-1,-1,757.507,-1,-1,2,0,2,0,2,0,0,1,0,2,2,2,2,2,0,2,2
122,5037.861,9887.993,-147.456,125.968,-0.581133,-0.813317,-0.028268,0.800803,-0.577686,0.158092,-0.144908,0.069235,0.987020,0,0.41387,0.92211,24.406,0.570,-1,704.841,-1,433.565,-1,386.944,378.026,105.191,510.320,-1,-1,-1,-1,-1,698.384,-1,-1,2,0,2,0,2,0,0,1,0,2,2,2,2,2,0,2,2
123,5022.295,9906.854,-147.900,126.650,-0.589716,-0.807211,-0.025392,0.792596,-0.584501,0.173640,-0.155005,0.082273,0.984482,0,0.41387,0.92211,24.454,0.682,-1,695.955,-1,414.492,-1,376.062,364.733,112.765,505.827,-1,-1,-1,-1,-1,651.594,-1,-1,2,0,2,0,2,0,0,1,0,2,2,2,2,2,0,2,2
124,5005.803,9923.813,-147.168,127.675,-0.602734,-0.797630,-0.022318,0.780539,-0.595168,0.191138,-0.165740,0.097785,0.981309,0,0.41387,0.92211,23.656,1.025,-1,693.815,-1,395.764,705.460,366.588,352.540,118.079,492.311,-1,-1,-1,-1,-1,607.237,-1,779.915,2,0,2,0,0,0,0,1,0,2,2,2,2,2,0,2,0
125,4988.797,9938.278,-145.075,128.914,-0.618073,-0.785802,-0.022395,0.765593,-0.608156,0.209795,-0.178477,0.112523,0.977489,0,0.41387,0.92211,22.326,1.239,-1,688.427,-1,377.939,604.908,402.705,340.142,120.776,483.568,-1,-1,-1,-1,1006.008,566.218,-1,672.695,2,0,2,0,0,0,0,1,0,2,2,2,2,0,0,2,0
126,4971.860,9951.418,-141.972,130.113,-0.632737,-0.773879,-0.027485,0.751046,-0.621940,0.221632,-0.188610,0.119592,0.974743,0,0.41387,0.92211,21.436,1.199,-1,685.276,-1,369.739,566.336,433.310,333.017,121.350,487.536,-1,-1,-1,-1,990.739,544.465,-1,619.188,2,0,2,0,0,0,0,1,0,2,2,2,2,0,0,2,0
127,4955.087,9962.929,-137.764,131.290,-0.647525,-0.761181,-0.036256,0.737311,-0.637822,0.222612,-0.192573,0.117415,0.974233,0,0.41387,0.92211,20.343,1.177,-1,691.158,-1,375.515,598.127,446.069,335.971,119.177,506.093,-1,-1,-1,-1,986.999,547.437,-1,627.675,2,0,2,0,0,0,0,1,0,2,2,2,2,0,0,2,0
128,4939.585,9972.223,-132.351,132.636,-0.664713,-0.745390,-0.050513,0.721967,-0.658271,0.213172,-0.192147,0.105230,0.975708,0,0.41387,0.92211,18.075,1.345,-1,702.375,-1,392.707,684.223,465.431,348.421,113.944,538.654,-1,-1,-1,-1,989.528,570.764,-1,682.971,2,0,2,0,0,0,0,1,0,2,2,2,2,0,0,2,0
129,4925.463,9980.133,-125.921,134.073,-0.683135,-0.726997,-0.069290,0.705616,-0.681531,0.193962,-0.188233,0.083610,0.978559,0,0.41387,0.92211,16.187,1.437,-1,713.208,-1,420.459,-1,492.901,396.832,-1,589.049,-1,-1,-1,-1,996.592,613.277,-1,773.670,2,0,2,0,2,0,0,2,0,2,2,2,2,0,0,2,0
130,4911.939,9986.721,-118.754,135.644,-0.702594,-0.706126,-0.088028,0.686972,-0.705334,0.174854,-0.185558,0.062378,0.980651,0,0.41387,0.92211,15.043,1.572,-1,723.175,-1,447.310,-1,546.379,407.060,928.467,630.462,-1,-1,-1,-1,1003.375,654.600,-1,-1,2,0,2,0,2,0,0,0,0,2,2,2,2,0,0,2,2
131,4899.173,9992.872,-111.292,137.101,-0.720191,-0.685379,-0.107617,0.669213,-0.727194,0.152783,-0.182972,0.038014,0.982383,0,0.41387,0.92211,14.171,1.457,-1,731.136,-1,474.261,-1,567.413,418.062,839.304,678.881,-1,-1,-1,-1,1003.659,698.657,-1,-1,2,0,2,0,2,0,0,0,0,2,2,2,2,0,0,2,2
132,4886.471,9998.802,-104.492,138.527,-0.737233,-0.663691,-0.126495,0.651641,-0.747930,0.126354,-0.178470,0.010723,0.983887,0,0.41387,0.92211,14.018,1.425,-1,739.397,-1,504.887,-1,590.168,457.041,753.665,734.903,-1,-1,-1,-1,1004.224,753.424,-1,-1,2,0,2,0,2,0,0,0,0,2,2,2,2,0,0,2,2
133,4873.442,10003.919,-98.829,140.042,-0.754728,-0.640328,-0.142709,0.632344,-0.767983,0.101701,-0.174720,-0.013485,0.984526,0,0.41387,0.92211,13.998,1.516,-1,742.432,-1,533.021,-1,608.832,554.920,690.961,770.705,-1,-1,-1,-1,1003.648,799.974,-1,-1,2,0,2,0,2,0,0,0,0,2,2,2,2,0,0,2,2
134,4860.316,10009.102,-94.431,141.548,-0.771626,-0.616252,-0.157566,0.612718,-0.786637,0.076019,-0.170794,-0.037885,0.984578,0,0.41387,0.92211,14.112,1.506,-1,743.528,-1,589.145,-1,624.444,578.460,634.115,859.669,-1,-1,-1,-1,1000.992,845.894,-1,-1,2,0,2,0,2,0,0,0,0,2,2,2,2,0,0,2,2
135,4847.179,10014.652,-91.284,142.969,-0.787214,-0.592353,-0.171500,0.593870,-0.803128,0.048003,-0.166171,-0.064060,0.984014,0,0.41387,0.92211,14.262,1.421,-1,742.614,-1,608.003,-1,638.148,611.777,578.992,1000.565,-1,-1,-1,-1,995.960,-1,-1,-1,2,0,2,0,2,0,0,0,0,2,2,2,2,0,2,2,2
136,4834.205,10020.733,-89.329,144.267,-0.801161,-0.569065,-0.185218,0.576402,-0.816992,0.016900,-0.160939,-0.093220,0.982552,0,0.41387,0.92211,14.328,1.297,-1,739.001,-1,634.272,-1,650.005,638.844,523.253,-1,29.003,-1,-1,-1,984.357,-1,-1,-1,2,0,2,0,2,0,0,0,2,1,2,2,2,0,2,2,2
137,4821.800,10027.547,-88.430,145.399,-0.813082,-0.546607,-0.200299,0.560929,-0.827661,-0.018353,-0.155748,-0.127276,0.979563,0,0.41387,0.92211,14.153,1.132,-1,730.940,-1,646.589,-1,657.384,656.776,464.698,-1,27.879,-1,-1,-1,967.544,-1,-1,-1,2,0,2,0,2,0,0,0,2,1,2,2,2,0,2,2,2
138,4810.517,10035.214,-88.174,146.354,-0.822985,-0.525033,-0.216879,0.547743,-0.834636,-0.057970,-0.150579,-0.166502,0.974476,0,0.41387,0.92211,13.642,0.955,920.407,719.285,-1,671.990,-1,662.886,674.356,408.803,-1,27.520,-1,-1,-1,946.749,-1,-1,-1,0,0,2,0,2,0,0,0,2,1,2,2,2,0,2,2,2
139,4800.775,10043.709,-87.762,147.153,-0.831524,-0.505254,-0.230839,0.536838,-0.837711,-0.100228,-0.142736,-0.207265,0.967816,0,-0.08300,0.59286,12.926,0.799,891.823,711.649,-1,766.339,-1,672.271,695.927,360.134,-1,29.192,-1,-1,-1,932.078,-1,-1,-1,0,0,2,0,2,0,0,0,2,1,2,2,2,0,2,2,2
140,4791.792,10052.673,-87.078,147.887,-0.839942,-0.488427,-0.236509,0.527161,-0.837831,-0.141919,-0.128837,-0.243881,0.961209,0,-0.08300,0.59286,12.690,0.734,874.444,716.235,-1,812.659,-1,692.724,724.212,323.900,-1,32.794,-1,-1,-1,934.179,-1,-1,-1,0,0,2,0,2,0,0,0,2,1,2,2,2,0,2,2,2
141,4782.032,10061.299,-86.732,148.676,-0.849341,-0.475564,-0.229040,0.516903,-0.837247,-0.178406,-0.106919,-0.269919,0.956928,0,-0.08300,0.59286,13.026,0.789,871.321,737.481,-1,906.154,-1,727.162,758.800,303.392,-1,36.666,-1,-1,-1,960.598,-1,-1,-1,0,0,2,0,2,0,0,0,2,1,2,2,2,0,2,2,2
142,4771.499,10069.444,-87.217,149.518,-0.859028,-0.465741,-0.212500,0.505645,-0.836768,-0.210103,-0.079959,-0.287934,0.954306,0,-0.08300,0.59286,13.315,0.842,877.132,769.857,-1,-1,-1,769.415,805.950,290.157,-1,39.993,-1,-1,-1,1002.127,-1,-1,-1,0,0,2,2,2,0,0,0,2,1,2,2,2,0,2,2,2
143,4760.415,10076.211,-88.838,150.199,-0.866464,-0.460620,-0.192534,0.496245,-0.836815,-0.231259,-0.054593,-0.295921,0.953651,0,-0.08300,0.59286,12.987,0.681,887.100,805.203,-1,-1,-1,810.502,843.221,283.857,-1,40.463,-1,-1,-1,-1,-1,-1,-1,0,0,2,2,2,0,0,0,2,1,2,2,2,2,2,2,2
144,4749.246,10081.782,-90.980,150.739,-0.871798,-0.457868,-0.174141,0.488449,-0.839512,-0.237985,-0.037228,-0.292534,0.955530,0,-0.08300,0.59286,12.481,0.540,908.979,831.140,-1,-1,-1,836.645,865.970,285.369,-1,39.714,-1,-1,-1,-1,-1,-1,-1,0,0,2,2,2,0,0,0,2,1,2,2,2,2,2,2,2
145,4738.351,10086.828,-93.439,151.279,-0.876612,-0.454141,-0.159084,0.480356,-0.845423,-0.233490,-0.028456,-0.281097,0.959257,0,-0.08300,0.59286,12.007,0.540,-1,846.306,-1,-1,-1,847.552,873.770,292.316,-1,40.038,-1,-1,-1,-1,-1,-1,-1,2,0,2,2,2,0,0,0,2,1,2,2,2,2,2,2,2
146,4727.758,10091.492,-96.301,151.838,-0.881286,-0.449020,-0.147360,0.471792,-0.853977,-0.219400,-0.027327,-0.262877,0.964442,0,-0.08300,0.59286,11.574,0.559,-1,850.605,-1,-1,-1,844.533,866.768,304.009,-1,41.761,-1,-1,-1,-1,-1,-1,-1,2,0,2,2,2,0,0,0,2,1,2,2,2,2,2,2,2
147,4717.478,10095.963,-99.728,152.445,-0.886106,-0.442237,-0.138718,0.462364,-0.864229,-0.198311,-0.032184,-0.239863,0.970273,0,-0.08300,0.59286,11.210,0.607,-1,845.539,-1,-1,-1,830.481,852.935,319.172,-1,45.174,-1,-1,-1,-1,-1,-1,-1,2,0,2,2,2,0,0,0,2,1,2,2,2,2,2,2,2
148,4707.458,10100.343,-103.952,153.105,-0.891090,-0.434045,-0.132529,0.451976,-0.875120,-0.172866,-0.040948,-0.213939,0.975988,0,-0.08300,0.59286,10.935,0.660,-1,833.414,-1,-1,-1,809.122,830.486,336.412,-1,50.115,-1,-1,-1,1003.539,-1,-1,-1,2,0,2,2,2,0,0,0,2,1,2,2,2,0,2,2,2
149,4697.629,10104.681,-109.214,153.810,-0.896143,-0.424896,-0.128032,0.440754,-0.885771,-0.145415,-0.051621,-0.186743,0.981052,0,-0.08300,0.59286,10.744,0.705,-1,815.548,-1,913.724,-1,782.268,804.529,354.367,-1,56.165,-1,-1,-1,986.597,-1,-1,-1,2,0,2,0,2,0,0,0,2,1,2,2,2,0,2,2,2
150,4687.925,10108.976,-115.685,154.545,-0.901142,-0.415235,-0.124591,0.428945,-0.895668,-0.117411,-0.062839,-0.159247,0.985237,0,-0.08300,0.59286,10.613,0.735,-1,795.149,-1,824.103,-1,752.903,773.384,373.219,-1,62.853,-1,-1,-1,968.032,-1,-1,-1,2,0,2,0,2,0,0,0,2,1,2,2,2,0,2,2,2
151,4678.291,10113.212,-123.403,155.296,-0.905978,-0.405391,-0.121910,0.416773,-0.904640,-0.089037,-0.074190,-0.131475,0.988539,0,0.26115,1.00000,10.525,0.751,-1,772.924,-1,786.301,-1,722.631,737.944,392.237,-1,69.964,-1,-1,-1,948.482,-1,-1,-1,2,0,2,0,2,0,0,0,2,1,2,2,2,0,2,2,2
152,4666.757,10118.235,-134.316,156.205,-0.911466,-0.393637,-0.119494,0.401910,-0.914050,-0.054592,-0.087734,-0.097785,0.991333,0,0.26115,1.00000,12.580,0.909,-1,744.249,-1,742.715,-1,685.855,694.132,414.572,-1,78.912,-1,-1,-1,923.957,-1,-1,-1,2,0,2,0,2,0,0,0,2,1,2,2,2,0,2,2,2
153,4659.082,10121.541,-142.591,156.814,-0.914921,-0.385888,-0.118363,0.391871,-0.919485,-0.031373,-0.096727,-0.075087,0.992475,0,0.26115,1.00000,8.356,0.609,-1,723.557,-1,715.528,-1,660.375,664.395,429.265,-1,85.141,-1,-1,-1,906.408,1003.901,-1,-1,2,0,2,0,2,0,0,0,2,1,2,2,2,0,0,2,2
154,4649.502,10125.607,-154.057,157.577,-0.918990,-0.376378,-0.117464,0.379220,-0.925305,-0.001997,-0.107939,-0.046380,0.993075,0,0.26115,1.00000,10.407,0.763,-1,696.141,-1,674.816,-1,626.231,625.044,447.610,-1,93.225,-1,-1,-1,883.590,863.503,-1,-1,2,0,2,0,2,0,0,0,2,1,2,2,2,0,0,2,2
155,4639.927,10129.571,-166.768,158.336,-0.922750,-0.367183,-0.117085,0.366526,-0.929990,0.027877,-0.119124,-0.017191,0.992731,0,0.26115,1.00000,10.363,0.760,-1,667.044,-1,629.175,-1,591.895,583.440,466.280,720.417,101.608,-1,-1,-1,859.893,758.457,-1,-1,2,0,2,0,2,0,0,0,0,1,2,2,2,0,0,2,2
156,4630.312,10133.364,-180.701,159.091,-0.926196,-0.358420,-0.117032,0.353844,-0.933473,0.058505,-0.130215,0.012776,0.991403,0,0.26115,1.00000,10.336,0.755,-1,635.785,-1,582.242,-1,557.245,541.130,486.785,598.811,110.225,-1,-1,-1,835.848,716.408,-1,862.963,2,0,2,0,2,0,0,0,0,1,2,2,2,0,0,2,0
157,4620.269,10136.927,-195.177,159.779,-0.929224,-0.350923,-0.115744,0.342276,-0.935443,0.088279,-0.139251,0.042415,0.989348,0,0.26115,1.00000,10.657,0.688,-1,606.618,-1,535.326,630.965,525.080,501.947,511.151,486.829,117.352,-1,-1,-1,813.598,683.144,-1,690.012,2,0,2,0,0,0,0,0,0,1,2,2,2,0,0,2,0
158,4610.135,10140.078,-207.893,160.242,-0.931706,-0.345636,-0.111623,0.334669,-0.936360,0.105953,-0.141141,0.061360,0.988086,0,0.26115,1.00000,10.612,0.463,-1,586.779,-1,502.371,533.674,503.106,476.028,516.509,416.074,117.050,-1,-1,-1,794.679,650.075,893.039,641.573,2,0,2,0,0,0,0,0,0,1,2,2,2,0,0,0,0
159,4607.105,10140.958,-210.276,160.497,-0.930815,-0.342831,-0.126694,0.329676,-0.937196,0.113913,-0.157790,0.064264,0.985379,0,0.26115,1.00000,3.155,0.255,-1,556.886,956.225,475.080,393.033,479.157,452.016,513.279,403.450,119.993,-1,-1,-1,757.292,619.272,859.789,608.558,2,0,0,0,0,0,0,0,0,1,2,2,2,0,0,0,0
160,5466.792,8301.336,-109.789,-55.567,0.565406,0.824812,0.001204,-0.824729,0.565327,0.015085,0.011762,-0.009522,0.999885,1,0.26115,1.00000,0.000,0.000,-1,626.832,-1,686.649,-1,514.324,524.795,549.713,645.215,-1,-1,-1,-1,-1,-1,-1,-1,2,0,2,0,2,0,0,0,0,2,2,2,2,2,2,2,2
161,5466.751,8300.963,-106.985,-55.568,0.565385,0.824827,-0.000113,-0.824742,0.565329,0.014306,0.011864,-0.007995,0.999898,0,0.96548,0.13872,0.375,-0.001,-1,635.875,-1,694.638,-1,520.863,531.377,560.799,650.726,-1,-1,-1,-1,-1,-1,-1,-1,2,0,2,0,2,0,0,0,0,2,2,2,2,2,2,2,2
162,5467.188,8299.556,-105.440,-55.577,0.565227,0.824931,-0.002818,-0.824787,0.565187,0.017041,0.015650,-0.007308,0.999851,0,0.96553,0.13883,1.473,-0.009,-1,649.742,-1,710.988,-1,530.879,541.932,567.092,654.727,-1,-1,-1,-1,-1,-1,-1,-1,2,0,2,0,2,0,0,0,0,2,2,2,2,2,2,2,2
163,5467.914,8297.421,-105.133,-55.599,0.564842,0.825175,-0.006326,-0.824911,0.564830,0.022109,0.021817,-0.007269,0.999736,0,0.96566,0.13910,2.255,-0.022,-1,666.071,-1,732.082,-1,542.418,554.377,568.942,656.602,-1,-1,-1,-1,-1,-1,-1,-1,2,0,2,0,2,0,0,0,0,2,2,2,2,2,2,2,2
164,5469.075,8294.480,-105.826,-55.666,0.563774,0.825856,-0.010989,-0.825404,0.563839,0.028175,0.029464,-0.006814,0.999543,0,0.96566,0.13958,3.162,-0.066,-1,684.373,-1,754.906,-1,555.525,567.673,569.097,653.809,-1,-1,-1,919.220,-1,-1,-1,-1,2,0,2,0,2,0,0,0,0,2,2,2,1,2,2,2,2
165,5470.745,8290.672,-107.018,-55.754,0.562386,0.826739,-0.014963,-0.826084,0.562547,0.033543,0.036149,-0.006504,0.999325,0,0.96520,0.14053,4.158,-0.088,-1,698.960,-1,773.874,-1,566.207,578.335,567.459,649.515,-1,-1,-1,922.072,-1,-1,-1,-1,2,0,2,0,2,0,0,0,0,2,2,2,1,2,2,2,2
166,5472.901,8286.156,-108.312,-55.853,0.560883,0.827721,-0.016985,-0.826965,0.561107,0.035876,0.039226,-0.006077,0.999212,0,0.96462,0.14174,5.004,-0.100,-1,703.400,-1,780.502,-1,569.369,581.960,565.370,643.919,-1,-1,-1,924.885,-1,-1,-1,-1,2,0,2,0,2,0,0,0,0,2,2,2,1,2,2,2,2
167,5475.506,8280.988,-109.527,-55.955,0.559446,0.828709,-0.016209,-0.828020,0.559651,0.034265,0.037467,-0.005748,0.999281,0,0.96398,0.14306,5.787,-0.102,-1,694.204,-1,770.022,-1,562.624,575.170,562.704,638.124,-1,-1,-1,927.247,-1,-1,-1,-1,2,0,2,0,2,0,0,0,0,2,2,2,1,2,2,2,2
168,5478.611,8275.126,-110.696,-56.062,0.558021,0.829728,-0.012814,-0.829240,0.558140,0.028988,0.031204,-0.005550,0.999498,0,0.96333,0.14441,6.634,-0.107,-1,672.681,-1,744.639,-1,546.890,558.957,559.453,632.168,-1,-1,-1,929.291,-1,-1,-1,-1,2,0,2,0,2,0,0,0,0,2,2,2,1,2,2,2,2
169,5482.274,8268.492,-111.966,-56.175,0.556519,0.830802,-0.007392,-0.830549,0.556539,0.021285,0.021797,-0.005706,0.999746,0,0.96266,0.14580,7.578,-0.113,-1,643.046,-1,710.378,-1,525.206,537.095,555.014,626.403,-1,-1,-1,931.307,-1,-1,-1,-1,2,0,2,0,2,0,0,0,0,2,2,2,1,2,2,2,2
170,5486.569,8260.839,-113.079,-56.281,0.555067,0.831803,-0.002178,-0.831696,0.555035,0.014758,0.013485,-0.006380,0.999889,0,0.96195,0.14725,8.776,-0.106,-1,617.428,-1,682.063,-1,506.631,518.758,550.165,622.888,-1,-1,-1,933.644,-1,-1,-1,-1,2,0,2,0,2,0,0,0,0,2,2,2,1,2,2,2,2
171,5491.518,8252.065,-113.726,-56.391,0.553506,0.832844,0.001251,-0.832802,0.553461,0.011041,0.008503,-0.007154,0.999938,0,0.96128,0.14866,10.073,-0.110,-1,601.801,-1,666.372,-1,495.637,507.981,546.977,621.784,-1,-1,-1,936.742,-1,-1,-1,-1,2,0,2,0,2,0,0,0,0,2,2,2,1,2,2,2,2
172,5497.142,8242.285,-113.834,-56.496,0.551989,0.833848,0.002418,-0.833826,0.551948,0.009307,0.006426,-0.007153,0.999954,0,0.96056,0.15015,11.282,-0.105,-1,595.259,-1,660.602,-1,491.305,503.549,547.417,620.645,-1,-1,-1,940.508,-1,-1,-1,-1,2,0,2,0,2,0,0,0,0,2,2,2,1,2,2,2,2
173,5503.375,8231.506,-113.460,-56.589,0.550633,0.834746,0.001800,-0.834718,0.550593,0.009671,0.007082,-0.006827,0.999952,0,0.95985,0.15161,12.452,-0.093,-1,596.625,-1,664.106,-1,492.952,505.550,550.334,620.588,-1,-1,-1,944.714,1006.468,-1,-1,-1,2,0,2,0,2,0,0,0,0,2,2,2,1,1,2,2,2
174,5510.156,8219.820,-112.736,-56.681,0.549285,0.835635,0.000162,-0.835586,0.549251,0.010908,0.009026,-0.006127,0.999941,0,0.95919,0.15299,13.511,-0.092,-1,602.791,-1,671.966,-1,497.738,511.070,555.188,620.800,-1,-1,-1,949.322,991.230,-1,-1,-1,2,0,2,0,2,0,0,0,0,2,2,2,1,1,2,2,2
175,5517.370,8207.437,-111.837,-56.774,0.547914,0.836534,-0.001094,-0.836480,0.547892,0.010722,0.009569,-0.004959,0.999942,0,0.95851,0.15439,14.332,-0.094,-1,606.833,-1,675.900,-1,499.907,514.294,560.857,619.986,-1,-1,-1,953.978,975.213,-1,-1,-1,2,0,2,0,2,0,0,0,0,2,2,2,1,1,2,2,2
176,5526.683,8191.694,-110.842,-56.873,0.546480,0.837471,-0.001314,-0.837435,0.546470,0.008486,0.007825,-0.003537,0.999963,0,0.95781,0.15585,18.291,-0.099,-1,605.471,-1,673.699,-1,498.054,513.399,566.985,618.188,-1,-1,-1,959.421,955.078,-1,-1,-1,2,0,2,0,2,0,0,0,0,2,2,2,1,1,2,2,2
177,5533.275,8180.598,-110.385,-56.927,0.545693,0.837984,-0.000932,-0.837965,0.545688,0.006349,0.005828,-0.002684,0.999979,0,0.95703,0.15745,12.907,-0.054,-1,601.829,-1,669.206,-1,494.855,510.737,570.360,616.369,-1,-1,-1,962.974,941.027,-1,-1,-1,2,0,2,0,2,0,0,0,0,2,2,2,1,1,2,2,2
178,5541.936,8166.161,-109.784,-56.950,0.545365,0.838193,-0.003037,-0.838187,0.545373,0.003422,0.004525,0.000679,0.999990,0,0.95656,0.15843,16.835,-0.023,-1,602.278,-1,665.039,-1,493.277,509.243,579.695,607.587,-1,-1,-1,967.260,922.918,-1,-1,-1,2,0,2,0,2,0,0,0,0,2,2,2,1,1,2,2,2
179,5550.817,8150.976,-108.845,-56.982,0.544899,0.838460,-0.008394,-0.838481,0.544928,0.001563,0.005885,0.006186,0.999964,0,0.95618,0.15921,17.592,-0.032,-1,612.061,-1,667.877,-1,497.675,513.241,595.208,595.612,-1,-1,-1,972.137,903.805,-1,-1,-1,2,0,2,0,2,0,0,0,0,2,2,2,1,1,2,2,2
180,5559.439,8134.972,-107.577,-57.180,0.541978,0.840295,-0.012788,-0.840355,0.542035,0.001146,0.007894,0.010125,0.999918,0,0.95570,0.16021,18.179,-0.199,-1,623.197,-1,675.607,-1,505.861,520.053,608.364,589.998,-1,-1,-1,979.085,883.105,-1,-1,-1,2,0,2,0,2,0,0,0,0,2,2,2,1,1,2,2,2
181,5567.279,8118.284,-106.217,-57.655,0.534993,0.844763,-0.012569,-0.844816,0.535053,0.001781,0.008230,0.009665,0.999919,0,0.95424,0.16323,18.438,-0.475,-1,629.561,-1,683.547,-1,511.082,526.036,611.830,596.062,-1,-1,-1,988.917,860.825,-1,-1,-1,2,0,2,0,2,0,0,0,0,2,2,2,1,1,2,2,2
182,5574.854,8100.809,-105.249,-58.269,0.525921,0.850485,-0.009131,-0.850498,0.525966,0.003469,0.007753,0.005941,0.999952,0,0.95119,0.16955,19.046,-0.613,-1,630.224,-1,691.329,-1,513.451,530.415,606.752,609.912,-1,-1,-1,1000.414,837.512,-1,-1,-1,2,0,2,0,2,0,0,0,0,2,2,2,1,1,2,2,2
183,5582.533,8082.642,-104.980,-58.927,0.516120,0.856509,-0.003595,-0.856493,0.516133,0.005115,0.006237,0.000440,0.999980,0,0.94729,0.17763,19.724,-0.658,-1,624.341,-1,695.591,-1,511.867,531.467,595.579,626.552,-1,-1,-1,-1,813.644,-1,-1,-1,2,0,2,0,2,0,0,0,0,2,2,2,2,1,2,2,2
184,5590.122,8064.093,-105.404,-59.627,0.505630,0.862743,0.003554,-0.862747,0.505612,0.004818,0.002359,-0.005502,0.999982,0,0.74277,-0.14210,20.041,-0.700,-1,609.733,-1,690.947,-1,504.183,526.301,581.807,643.417,-1,-1,-1,-1,789.696,-1,-1,-1,2,0,2,0,2,0,0,0,0,2,2,2,2,1,2,2,2
185,5597.438,8045.261,-106.535,-60.379,0.494251,0.869242,0.011596,-0.869311,0.494261,0.002244,-0.003781,-0.011190,0.999930,0,0.73919,-0.13270,20.203,-0.753,-1,587.865,-1,677.194,-1,491.412,515.114,566.962,657.575,-1,-1,-1,-1,765.850,-1,-1,-1,2,0,2,0,2,0,0,0,0,2,2,2,2,1,2,2,2
186,5603.586,8026.041,-107.950,-61.308,0.480080,0.877001,0.019821,-0.877163,0.480192,-0.001009,-0.010403,-0.016901,0.999803,0,0.73531,-0.12248,20.180,-0.928,-1,565.224,-1,661.833,-1,477.846,502.904,551.777,671.628,-1,-1,-1,-1,742.062,-1,-1,-1,2,0,2,0,2,0,0,0,0,2,2,2,2,1,2,2,2
187,5607.823,8006.827,-109.170,-62.499,0.461700,0.886649,0.026192,-0.886868,0.461986,-0.005836,-0.017274,-0.020534,0.999640,0,0.73048,-0.10979,19.675,-1.191,-1,546.302,-1,645.316,-1,465.583,491.067,539.836,680.192,-1,-1,-1,-1,718.974,-1,-1,-1,2,0,2,0,2,0,0,0,0,2,2,2,2,1,2,2,2
188,5611.055,7987.406,-110.179,-63.798,0.441432,0.896925,0.025749,-0.897033,0.441814,-0.011482,-0.021675,-0.018029,0.999602,0,0.72430,-0.09353,19.688,-1.299,-1,539.272,-1,631.224,-1,459.805,483.508,539.893,668.835,-1,-1,-1,-1,696.464,-1,723.450,-1,2,0,2,0,2,0,0,0,0,2,2,2,2,1,2,1,2
189,5614.405,7963.347,-111.264,-65.286,0.417989,0.908319,0.015582,-0.908193,0.418218,-0.016701,-0.021687,-0.007170,0.999739,0,0.71745,-0.07552,24.291,-1.488,-1,549.922,-1,622.277,-1,463.933,482.828,555.068,631.271,-1,-1,-1,-1,669.948,-1,-1,-1,2,0,2,0,2,0,0,0,0,2,2,2,2,1,2,2,2
190,5616.396,7946.804,-111.748,-66.204,0.403407,0.915000,0.006044,-0.914821,0.403449,-0.018230,-0.019119,0.001825,0.999816,0,0.70923,-0.05391,16.662,-0.918,-1,565.643,-1,622.299,-1,471.935,487.428,568.755,604.171,-1,-1,-1,-1,652.592,-1,-1,-1,2,0,2,0,2,0,0,0,0,2,2,2,2,1,2,2,2
191,5618.354,7925.751,-111.930,-67.344,0.385152,0.922840,-0.004883,-0.922735,0.385013,-0.018007,-0.014737,0.011441,0.999826,0,0.70386,-0.03981,21.144,-1.140,-1,589.717,-1,628.051,-1,485.019,496.609,583.960,580.473,-1,-1,-1,-1,631.466,-1,-1,-1,2,0,2,0,2,0,0,0,0,2,2,2,2,1,2,2,2
192,5620.202,7904.488,-111.677,-68.455,0.367216,0.930035,-0.013667,-0.930068,0.366973,-0.017449,-0.011212,0.019119,0.999754,0,0.69697,-0.02167,21.343,-1.110,-1,611.870,-1,634.386,-1,497.983,505.471,598.103,564.119,-1,-1,-1,-1,610.874,-1,-1,-1,2,0,2,0,2,0,0,0,0,2,2,2,2,1,2,2,2
193,5622.148,7882.874,-111.329,-69.519,0.349879,0.936594,-0.019407,-0.936755,0.349597,-0.016522,-0.008689,0.023960,0.999675,0,0.69004,-0.00347,21.701,-1.065,-1,621.619,-1,639.899,-1,508.489,513.288,606.599,555.346,-1,-1,-1,-1,590.492,-1,-1,-1,2,1,2,0,2,0,0,0,0,2,2,2,2,1,2,2,2
194,5623.480,7861.083,-111.068,-70.661,0.331148,0.943375,-0.019601,-0.943545,0.330887,-0.015400,-0.008042,0.023594,0.999689,0,0.68316,0.01464,21.832,-1.142,-1,600.656,-1,644.120,-1,514.209,518.441,602.436,558.427,-1,-1,-1,-1,570.695,-1,-1,-1,2,1,2,0,2,0,0,0,0,2,2,2,2,1,2,2,2
195,5623.389,7839.578,-110.874,-72.028,0.308546,0.951103,-0.014250,-0.951160,0.308342,-0.014824,-0.009705,0.018128,0.999789,0,0.67574,0.03414,21.506,-1.367,-1,581.605,-1,646.632,-1,514.660,519.484,586.137,573.137,-1,-1,-1,-1,552.325,-1,-1,-1,2,1,2,0,2,0,0,0,0,2,2,2,2,1,2,2,2
196,5622.503,7818.290,-110.715,-73.591,0.282466,0.959239,-0.008530,-0.959210,0.282330,-0.014359,-0.011366,0.012238,0.999861,0,0.66715,0.05673,21.306,-1.564,-1,563.881,-1,649.612,-1,514.975,520.587,568.735,590.958,-1,-1,-1,-1,535.199,-1,-1,-1,2,1,2,0,2,0,0,0,0,2,2,2,2,1,2,2,2
197,5621.424,7796.766,-110.647,-75.185,0.255685,0.966745,-0.005466,-0.966695,0.255599,-0.013011,-0.011182,0.008611,0.999900,0,0.65759,0.08187,21.551,-1.593,-1,546.571,-1,655.587,-1,518.339,524.666,555.820,603.440,-1,-1,-1,-1,518.706,-1,-1,-1,2,1,2,0,2,0,0,0,0,2,2,2,2,1,2,2,2
198,5620.471,7774.737,-110.728,-76.622,0.231362,0.972850,-0.005895,-0.972831,0.231296,-0.010139,-0.008500,0.008080,0.999931,0,0.64772,0.10781,22.050,-1.437,-1,528.981,-1,663.954,-1,526.970,532.674,550.645,606.999,-1,-1,-1,-1,502.261,-1,-1,-1,2,1,2,0,2,0,0,0,0,2,2,2,2,1,2,2,2
199,5619.662,7752.293,-110.990,-77.916,0.209350,0.977799,-0.009009,-0.977830,0.209295,-0.006663,-0.004630,0.010204,0.999937,0,0.63825,0.13271,22.458,-1.293,-1,511.158,-1,672.615,-1,538.085,540.888,550.105,602.491,-1,-1,-1,-1,485.764,-1,-1,-1,2,1,2,0,2,0,0,0,0,2,2,2,2,1,2,2,2
200,5619.848,7729.696,-111.405,-78.854,0.193304,0.980998,-0.016616,-0.981138,0.193252,-0.004661,-0.001361,0.017203,0.999851,0,0.29356,0.71677,22.598,-0.939,-1,492.366,-1,674.831,-1,546.972,546.395,561.578,584.522,-1,-1,-1,-1,468.438,-1,-1,-1,2,1,2,0,2,0,0,0,0,2,2,2,2,1,2,2,2
201,5620.741,7707.380,-112.049,-79.475,0.182666,0.982883,-0.023967,-0.983173,0.182555,-0.006748,-0.002257,0.024797,0.999690,0,0.28994,0.73718,22.334,-0.621,-1,473.241,-1,664.685,-1,546.571,542.797,574.780,565.061,-1,-1,-1,-1,450.456,-1,-1,-1,2,1,2,0,2,0,0,0,0,2,2,2,2,1,2,2,2
202,5622.089,7685.344,-112.992,-79.913,0.175136,0.984102,-0.029509,-0.984519,0.174837,-0.012448,-0.007091,0.031232,0.999487,0,0.28689,0.75436,22.077,-0.438,-1,453.996,-1,644.742,-1,537.236,530.900,583.854,547.824,-1,-1,-1,-1,432.014,-1,-1,-1,2,1,2,0,2,0,0,0,0,2,2,2,2,1,2,2,2
203,5624.187,7663.711,-114.105,-80.144,0.171160,0.984642,-0.034420,-0.985121,0.170484,-0.021711,-0.015510,0.037624,0.999172,0,0.28416,0.76976,21.734,-0.230,-1,434.363,-1,616.301,-1,520.640,512.024,594.009,532.186,-1,-1,-1,-1,412.957,-1,-1,-1,2,1,2,0,2,0,0,0,0,2,2,2,2,1,2,2,2
204,5627.459,7642.416,-114.984,-80.068,0.172420,0.984217,-0.039844,-0.984726,0.171232,-0.031543,-0.024223,0.044674,0.998708,0,0.28182,0.78294,21.546,0.075,-1,413.647,-1,588.322,-1,504.535,493.548,607.107,516.953,-1,-1,-1,-1,392.892,-1,-1,-1,2,1,2,0,2,0,0,0,0,2,2,2,2,1,2,2,2
205,5631.589,7621.275,-115.421,-79.809,0.176853,0.983281,-0.043384,-0.983767,0.175235,-0.038672,-0.030423,0.049519,0.998310,0,0.28007,0.79277,21.540,0.260,-1,392.075,-1,569.351,-1,494.038,481.333,616.698,508.328,-1,-1,-1,-1,372.132,972.055,-1,-1,2,1,2,0,2,0,0,0,0,2,2,2,2,1,0,2,2
206,5637.570,7596.063,-115.297,-79.357,0.184596,0.981828,-0.044017,-0.982270,0.182818,-0.041512,-0.032711,0.050899,0.998168,0,0.27866,0.80071,25.912,0.452,-1,365.312,-1,562.323,-1,491.811,477.464,619.476,509.508,-1,-1,-1,-1,346.601,952.958,-1,-1,2,1,2,0,2,0,0,0,0,2,2,2,2,1,0,2,2
207,5641.956,7579.278,-115.060,-79.047,0.189902,0.980895,-0.042217,-0.981292,0.188242,-0.040375,-0.031656,0.049094,0.998292,0,0.27722,0.80887,17.348,0.309,-1,347.212,-1,564.759,-1,493.939,479.739,614.898,517.792,-1,-1,-1,-1,329.423,960.602,-1,-1,2,1,2,0,2,0,0,0,0,2,2,2,2,1,0,2,2
208,5647.797,7558.359,-114.853,-78.691,0.196017,0.979852,-0.038316,-0.980185,0.194648,-0.036734,-0.028536,0.044757,0.998590,0,0.27623,0.81441,21.719,0.356,-1,324.504,-1,572.596,968.786,498.985,485.756,603.123,532.695,-1,-1,-1,-1,311.094,984.752,-1,-1,2,1,2,0,1,0,0,0,0,2,2,2,2,1,0,2,2
209,5653.972,7537.558,-114.975,-78.349,0.201895,0.978824,-0.033779,-0.979108,0.200862,-0.031642,-0.024187,0.039462,0.998928,0,0.27490,0.82189,21.699,0.342,-1,301.787,-1,583.353,940.932,505.676,493.477,588.044,549.266,-1,-1,-1,-1,-1,-1,-1,-1,2,1,2,0,1,0,0,0,0,2,2,2,2,2,2,2,2
210,5660.207,7517.385,-115.026,-78.091,0.206326,0.978147,-0.025663,-0.978350,0.205794,-0.021930,-0.016170,0.029633,0.999430,0,0.27350,0.82980,21.114,0.257,-1,279.865,-1,606.067,928.868,518.835,509.202,562.235,577.454,-1,-1,-1,-1,-1,-1,-1,-1,2,1,2,0,1,0,0,0,0,2,2,2,2,2,2,2,2
211,5666.568,7497.778,-114.545,-77.878,0.209992,0.977616,-0.013049,-0.977699,0.209931,-0.005852,-0.002981,0.013987,0.999898,0,0.27194,0.83862,20.614,0.213,-1,265.083,-1,648.341,918.272,541.981,536.167,526.397,629.003,-1,-1,-1,-1,-1,-1,-1,-1,2,1,2,0,1,0,0,0,0,2,2,2,2,2,2,2,2
212,5673.115,7478.624,-113.510,-77.653,0.213815,0.976874,-0.000966,-0.976824,0.213814,0.009966,0.009942,-0.001188,0.999950,0,0.27028,0.84795,20.242,0.225,-1,711.549,-1,695.336,846.603,567.650,566.369,496.331,688.950,-1,-1,-1,-1,-1,-1,-1,-1,2,0,2,0,1,0,0,0,0,2,2,2,2,2,2,2,2
213,5679.865,7460.036,-112.460,-77.328,0.219340,0.975635,0.005091,-0.975502,0.219214,0.018453,0.016888,-0.009014,0.999817,0,0.35702,0.52874,19.775,0.325,-1,730.688,-1,723.279,833.759,583.394,584.246,483.560,727.209,-1,-1,-1,-1,-1,-1,-1,-1,2,0,2,0,1,0,0,0,0,2,2,2,2,2,2,2,2
214,5686.541,7441.808,-111.789,-76.928,0.226145,0.974079,0.005383,-0.973944,0.226010,0.018776,0.017072,-0.009488,0.999809,0,0.35506,0.53706,19.413,0.400,-1,734.733,-1,725.436,836.950,585.789,586.377,484.705,736.458,-1,-1,-1,-1,-1,-1,-1,-1,2,0,2,0,1,0,0,0,0,2,2,2,2,2,2,2,2
215,5693.090,7423.798,-111.737,-76.485,0.233689,0.972309,0.001901,-0.972234,0.233646,0.013036,0.012231,-0.004895,0.999913,0,0.35320,0.54493,19.164,0.443,-1,726.418,-1,707.333,843.817,576.863,575.793,494.217,723.279,-1,-1,-1,-1,-1,-1,-1,-1,2,0,2,0,1,0,0,0,0,2,2,2,2,2,2,2,2
216,5699.418,7405.968,-112.422,-75.994,0.242025,0.970262,-0.004004,-0.970264,0.242036,0.002436,0.003333,0.003295,0.999989,0,0.35135,0.55277,18.919,0.491,-1,706.473,-1,674.306,849.176,558.851,554.899,509.917,694.285,-1,-1,-1,-1,-1,-1,-1,-1,2,0,2,0,1,0,0,0,0,2,2,2,2,2,2,2,2
217,5705.620,7388.167,-114.000,-75.479,0.250729,0.967986,-0.011765,-0.968029,0.250610,-0.010678,-0.007388,0.014066,0.999874,0,0.34950,0.56062,18.851,0.515,-1,681.105,-1,634.368,875.218,536.442,528.910,529.845,654.143,-1,-1,-1,-1,-1,-1,-1,-1,2,0,2,0,1,0,0,0,0,2,2,2,2,2,2,2,2
218,5711.870,7370.287,-116.554,-74.945,0.259705,0.965442,-0.021792,-0.965528,0.259186,-0.024023,-0.017544,0.027279,0.999474,0,0.34756,0.56883,18.940,0.534,-1,657.691,-1,594.162,869.990,514.198,502.481,554.196,610.128,-1,-1,-1,-1,-1,-1,-1,-1,2,0,2,0,1,0,0,0,0,2,2,2,2,2,2,2,2
219,5718.260,7352.236,-119.713,-74.385,0.269087,0.962562,-0.032643,-0.962805,0.267985,-0.034502,-0.024462,0.040713,0.998871,0,0.34552,0.57748,19.148,0.560,-1,642.671,-1,561.760,867.364,497.309,481.227,579.681,566.076,-1,-1,-1,-1,-1,-1,-1,-1,2,0,2,0,1,0,0,0,0,2,2,2,2,2,2,2,2
220,5725.050,7334.146,-122.379,-73.814,0.278655,0.959573,-0.039627,-0.960024,0.277170,-0.039137,-0.026572,0.048948,0.998448,0,0.34337,0.58661,19.323,0.571,-1,638.767,-1,545.216,866.038,489.428,470.417,594.477,540.412,-1,-1,-1,-1,-1,1000.928,-1,-1,2,0,2,0,1,0,0,0,0,2,2,2,2,2,0,2,2
221,5731.599,7317.203,-124.090,-73.169,0.289444,0.956323,-0.040850,-0.956822,0.287876,-0.040251,-0.026734,0.050736,0.998354,0,0.34111,0.59618,18.165,0.645,-1,637.508,-1,539.405,872.238,485.869,466.076,594.477,533.182,-1,-1,-1,-1,-1,991.431,-1,-1,2,0,2,0,1,0,0,0,0,2,2,2,2,2,0,2,2
222,5733.525,7308.330,-124.482,-72.355,0.302925,0.952408,-0.033977,-0.952335,0.301171,-0.048524,-0.035982,0.047056,0.998244,0,0.33913,0.60461,9.080,0.814,-1,608.023,-1,522.356,878.563,468.913,450.815,581.004,541.590,-1,-1,-1,-1,-1,934.297,-1,-1,2,0,2,0,1,0,0,0,0,2,2,2,2,2,0,2,2
223,5731.198,7306.125,-123.683,-71.487,0.317181,0.948126,-0.021269,-0.947221,0.315617,-0.056205,-0.046577,0.037973,0.998193,0,0.33904,0.60495,3.206,0.868,-1,575.507,-1,509.485,889.349,451.786,437.456,556.272,567.085,-1,-1,-1,-1,-1,891.679,-1,-1,2,0,2,0,1,0,0,0,0,2,2,2,2,2,0,2,2
224,5727.345,7305.601,-122.261,-70.613,0.331546,0.943407,-0.007734,-0.942155,0.330656,-0.054868,-0.049205,0.025478,0.998464,0,0.34040,0.59922,3.888,0.874,-1,563.989,-1,515.551,910.980,448.581,438.515,527.194,607.954,-1,-1,-1,-1,-1,910.325,70.347,-1,2,0,2,0,1,0,0,0,0,2,2,2,2,2,0,1,2
225,5724.937,7304.888,-120.851,-70.010,0.341550,0.939856,-0.003721,-0.938901,0.341018,-0.046606,-0.042534,0.019412,0.998906,0,0.34207,0.59213,2.512,0.603,-1,579.344,-1,536.036,935.583,461.459,453.042,517.054,633.433,-1,-1,-1,-1,-1,980.872,-1,-1,2,0,2,0,1,0,0,0,0,2,2,2,2,2,0,2,2
226,1159.526,8360.001,-111.873,45.624,0.699349,-0.714590,0.016499,0.714747,0.699353,-0.006491,-0.006901,0.016332,0.999843,1,0.34316,0.58751,0.000,0.000,-1,790.087,-1,805.947,-1,610.072,619.386,584.274,585.518,-1,-1,-1,-1,-1,-1,-1,-1,2,0,2,0,2,0,0,0,0,2,2,2,2,2,2,2,2
227,1159.844,8360.427,-109.889,45.612,0.699502,-0.714474,0.014933,0.714609,0.699492,-0.006799,-0.005588,0.015427,0.999865,0,0.19351,-0.53950,0.531,-0.012,-1,802.223,-1,818.695,-1,619.632,629.295,587.946,594.190,-1,-1,-1,-1,-1,-1,-1,-1,2,0,2,0,2,0,0,0,0,2,2,2,2,2,2,2,2
228,1160.350,8361.065,-109.138,45.592,0.699755,-0.714260,0.013260,0.714373,0.699721,-0.007831,-0.003685,0.014952,0.999881,0,0.19351,-0.53950,0.815,-0.020,-1,812.779,-1,828.222,-1,627.350,637.194,589.332,598.006,-1,-1,-1,-1,-1,-1,-1,-1,2,0,2,0,2,0,0,0,0,2,2,2,2,2,2,2,2
229,1161.050,8361.861,-109.561,45.567,0.700076,-0.713969,0.011889,0.714066,0.700015,-0.009372,-0.001631,0.015050,0.999885,0,0.19351,-0.53950,1.060,-0.025,-1,820.355,-1,833.972,-1,632.198,641.985,588.845,596.695,-1,-1,-1,-1,-1,-1,-1,-1,2,0,2,0,2,0,0,0,0,2,2,2,2,2,2,2,2
230,1161.930,8362.734,-111.036,45.542,0.700389,-0.713664,0.011733,0.713761,0.700303,-0.011016,-0.000355,0.016090,0.999870,0,0.19351,-0.53950,1.239,-0.025,-1,821.904,-1,832.629,-1,631.943,641.263,587.458,589.628,-1,-1,-1,-1,-1,-1,-1,-1,2,0,2,0,2,0,0,0,0,2,2,2,2,2,2,2,2
231,1162.924,8363.604,-113.232,45.517,0.700696,-0.713334,0.013416,0.713458,0.700610,-0.011106,-0.001477,0.017354,0.999848,0,0.19351,-0.53950,1.320,-0.025,-1,810.791,-1,820.405,-1,622.839,631.602,584.328,579.498,-1,-1,-1,-1,-1,-1,-1,-1,2,0,2,0,2,0,0,0,0,2,2,2,2,2,2,2,2
232,1164.007,8364.569,-115.621,45.493,0.700994,-0.712993,0.015757,0.713152,0.700950,-0.009124,-0.004540,0.017633,0.999834,0,0.19351,-0.53950,1.452,-0.024,-1,789.775,-1,801.444,-1,607.745,616.410,578.259,570.798,-1,-1,-1,-1,-1,-1,-1,-1,2,0,2,0,2,0,0,0,0,2,2,2,2,2,2,2,2
233,1165.238,8365.736,-117.655,45.466,0.701307,-0.712636,0.017831,0.712817,0.701319,-0.006619,-0.007788,0.017352,0.999819,0,0.19351,-0.53950,1.696,-0.026,-1,769.250,-1,783.413,-1,593.460,602.259,571.790,564.552,-1,-1,-1,-1,-1,-1,-1,-1,2,0,2,0,2,0,0,0,0,2,2,2,2,2,2,2,2
234,1166.685,8367.112,-119.006,45.431,0.701732,-0.712187,0.019024,0.712367,0.701794,-0.004337,-0.010263,0.016595,0.999810,0,0.19351,-0.53950,1.997,-0.035,-1,754.378,-1,771.353,-1,583.493,592.612,566.170,561.794,-1,-1,-1,-1,-1,-1,-1,-1,2,0,2,0,2,0,0,0,0,2,2,2,2,2,2,2,2
235,1168.375,8368.689,-119.551,45.384,0.702306,-0.711615,0.019238,0.711781,0.702396,-0.002731,-0.011569,0.015611,0.999811,0,0.19351,-0.53950,2.312,-0.047,-1,747.180,-1,766.542,-1,579.127,588.640,562.545,562.370,-1,-1,-1,-1,-1,-1,-1,-1,2,0,2,0,2,0,0,0,0,2,2,2,2,2,2,2,2
236,1170.309,8370.427,-119.337,45.326,0.703022,-0.710920,0.018762,0.711072,0.703116,-0.002097,-0.011701,0.014815,0.999822,0,0.19351,-0.53950,2.600,-0.058,-1,747.789,-1,768.266,-1,580.226,590.027,561.773,565.122,-1,-1,-1,-1,-1,-1,-1,-1,2,0,2,0,2,0,0,0,0,2,2,2,2,2,2,2,2
237,1172.610,8372.443,-118.549,45.249,0.703995,-0.709985,0.017656,0.710129,0.704066,-0.002882,-0.010385,0.014567,0.999840,0,0.52819,-0.75846,3.060,-0.078,-1,757.058,-1,776.495,-1,587.098,596.920,564.160,568.582,-1,-1,-1,-1,-1,-1,-1,-1,2,0,2,0,2,0,0,0,0,2,2,2,2,2,2,2,2
238,1175.496,8374.854,-117.458,45.140,0.705361,-0.708670,0.015919,0.708805,0.705388,-0.004796,-0.007830,0.014666,0.999862,0,0.52819,-0.75846,3.760,-0.109,-1,773.286,-1,789.993,-1,598.590,608.250,568.495,572.349,-1,-1,-1,-1,-1,-1,-1,-1,2,0,2,0,2,0,0,0,0,2,2,2,2,2,2,2,2
239,1178.866,8377.634,-116.344,45.016,0.706905,-0.707157,0.014630,0.707288,0.706891,-0.007022,-0.005376,0.015312,0.999868,0,0.52819,-0.75846,4.369,-0.124,-1,790.518,-1,801.752,-1,610.418,619.641,574.120,574.818,-1,-1,-1,-1,-1,-1,-1,-1,2,0,2,0,2,0,0,0,0,2,2,2,2,2,2,2,2
240,1182.635,8380.803,-115.442,44.896,0.708382,-0.705682,0.014439,0.705818,0.708337,-0.008859,-0.003976,0.016467,0.999857,0,0.52819,-0.75846,4.924,-0.119,-1,803.578,-1,808.662,-1,619.153,627.697,580.073,575.156,-1,-1,-1,-1,-1,-1,-1,-1,2,0,2,0,2,0,0,0,0,2,2,2,2,2,2,2,2
241,1186.785,8384.343,-114.908,44.781,0.709797,-0.704242,0.015225,0.704395,0.709742,-0.009675,-0.003992,0.017592,0.999837,0,0.52819,-0.75846,5.454,-0.115,-1,809.601,-1,809.771,-1,623.075,630.957,584.850,574.247,-1,-1,-1,-1,-1,-1,-1,-1,2,0,2,0,2,0,0,0,0,2,2,2,2,2,2,2,2
242,1191.309,8388.304,-114.801,44.670,0.711163,-0.702836,0.016403,0.703010,0.711117,-0.009526,-0.004969,0.018306,0.999820,0,0.52819,-0.75846,6.013,-0.111,-1,809.681,-1,806.829,-1,623.131,630.549,587.484,572.875,-1,-1,-1,-1,-1,-1,-1,-1,2,0,2,0,2,0,0,0,0,2,2,2,2,2,2,2,2
243,1196.205,8392.729,-115.087,44.561,0.712494,-0.701466,0.017269,0.701651,0.712468,-0.008665,-0.006225,0.018291,0.999813,0,0.52819,-0.75846,6.599,-0.109,-1,806.352,-1,802.594,-1,621.245,628.537,587.423,572.025,-1,-1,-1,-1,-1,-1,-1,-1,2,0,2,0,2,0,0,0,0,2,2,2,2,2,2,2,2
244,1201.480,8397.588,-115.650,44.453,0.713808,-0.700112,0.017893,0.700299,0.713813,-0.007277,-0.007677,0.017725,0.999813,0,0.52819,-0.75846,7.172,-0.108,-1,800.698,-1,797.542,-1,618.068,625.486,585.405,571.648,-1,-1,-1,-1,-1,-1,-1,-1,2,0,2,0,2,0,0,0,0,2,2,2,2,2,2,2,2
245,1207.142,8402.837,-116.317,44.347,0.715083,-0.698794,0.018520,0.698977,0.715122,-0.005591,-0.009337,0.016943,0.999813,0,0.52819,-0.75846,7.721,-0.105,-1,793.804,-1,791.841,-1,614.167,621.805,582.657,571.461,-1,-1,-1,-1,-1,-1,-1,-1,2,0,2,0,2,0,0,0,0,2,2,2,2,2,2,2,2
246,1213.232,8408.487,-116.974,44.241,0.716375,-0.697459,0.018920,0.697632,0.716445,-0.003952,-0.010799,0.016030,0.999813,0,0.52819,-0.75846,8.308,-0.107,-1,787.878,-1,787.084,-1,610.967,618.933,579.755,571.678,-1,-1,-1,-1,-1,-1,-1,-1,2,0,2,0,2,0,0,0,0,2,2,2,2,2,2,2,2
247,1219.745,8414.436,-117.526,44.124,0.717783,-0.696007,0.019053,0.696161,0.717883,-0.002163,-0.012172,0.014816,0.999816,0,0.42834,-0.75423,8.820,-0.117,-1,782.623,-1,783.339,-1,608.391,616.726,576.596,572.982,-1,-1,-1,-1,-1,-1,-1,-1,2,0,2,0,2,0,0,0,0,2,2,2,2,2,2,2,2
248,1226.606,8420.566,-117.924,43.991,0.719374,-0.694352,0.019366,0.694483,0.719509,-0.000043,-0.013904,0.013481,0.999812,0,0.42834,-0.75423,9.201,-0.133,-1,776.671,-1,779.095,-1,605.474,614.083,573.518,575.215,-1,-1,-1,-1,-1,-1,-1,-1,2,0,2,0,2,0,0,0,0,2,2,2,2,2,2,2,2
249,1233.825,8426.891,-118.186,43.845,0.721125,-0.692517,0.019970,0.692627,0.721294,0.001858,-0.015691,0.012492,0.999799,0,0.42834,-0.75423,9.597,-0.146,-1,771.716,-1,774.818,-1,603.064,611.764,571.663,577.136,-1,-1,-1,-1,-1,-1,-1,-1,2,0,2,0,2,0,0,0,0,2,2,2,2,2,2,2,2
250,1241.427,8433.379,-118.334,43.677,0.723133,-0.690401,0.020612,0.690493,0.723331,0.003421,-0.017271,0.011759,0.999782,0,0.42834,-0.75423,9.994,-0.168,-1,768.546,-1,771.330,-1,601.747,610.382,570.828,578.846,-1,-1,-1,-1,-1,-1,-1,-1,2,0,2,0,2,0,0,0,0,2,2,2,2,2,2,2,2
251,1251.028,8441.352,-118.374,43.442,0.725949,-0.687418,0.021336,0.687496,0.726174,0.004598,-0.018654,0.011331,0.999762,0,0.42834,-0.75423,12.480,-0.236,-1,768.040,-1,768.755,-1,602.194,610.487,571.420,580.313,-1,-1,-1,-1,-1,-1,-1,-1,2,0,2,0,2,0,0,0,0,2,2,2,2,2,2,2,2
252,1257.726,8446.704,-118.295,43.263,0.728082,-0.685145,0.021743,0.685225,0.728316,0.004668,-0.019034,0.011500,0.999753,0,0.42834,-0.75423,8.574,-0.179,-1,770.830,-1,768.599,-1,604.394,612.212,572.876,580.587,-1,-1,-1,-1,-1,-1,-1,-1,2,0,2,0,2,0,0,0,0,2,2,2,2,2,2,2,2
253,1266.447,8453.449,-118.211,43.022,0.730957,-0.682053,0.022479,0.682152,0.731199,0.004157,-0.019272,0.012296,0.999739,0,0.42834,-0.75423,11.025,-0.241,-1,776.100,-1,768.510,-1,608.021,614.893,576.163,579.481,-1,-1,-1,-1,-1,-1,-1,-1,2,0,2,0,2,0,0,0,0,2,2,2,2,2,2,2,2
254,1275.471,8460.267,-118.170,42.764,0.734015,-0.678716,0.023806,0.678839,0.734278,0.003692,-0.019985,0.013451,0.999710,0,0.42834,-0.75423,11.309,-0.258,-1,779.799,-1,766.461,-1,610.555,616.266,580.339,577.321,-1,-1,-1,-1,-1,-1,-1,-1,2,0,2,0,2,0,0,0,0,2,2,2,2,2,2,2,2
255,1284.819,8467.134,-118.208,42.490,0.737236,-0.675153,0.025536,0.675307,0.737529,0.003318,-0.021074,0.014799,0.999668,0,0.42834,-0.75423,11.599,-0.274,-1,781.907,-1,762.837,-1,612.052,616.527,584.767,574.434,-1,-1,-1,-1,-1,-1,-1,-1,2,0,2,0,2,0,0,0,0,2,2,2,2,2,2,2,2
256,1294.489,8474.081,-118.378,42.199,0.740631,-0.671351,0.027443,0.671536,0.740965,0.003177,-0.022468,0.016076,0.999618,0,0.42834,-0.75423,11.907,-0.291,-1,782.493,-1,757.982,-1,612.493,615.810,588.651,571.316,-1,-1,-1,-1,-1,-1,-1,-1,2,0,2,0,2,0,0,0,0,2,2,2,2,2,2,2,2
257,1304.417,8481.233,-118.731,41.915,0.743914,-0.667623,0.029518,0.667834,0.744302,0.003449,-0.024273,0.017147,0.999558,0,0.42834,-0.75423,12.236,-0.284,-1,780.789,-1,751.610,-1,611.198,613.685,591.447,568.127,-1,-1,-1,-1,-1,-1,-1,-1,2,0,2,0,2,0,0,0,0,2,2,2,2,2,2,2,2
258,1314.583,8488.643,-119.281,41.641,0.747060,-0.664014,0.031423,0.664236,0.747511,0.004260,-0.026317,0.017689,0.999497,0,0.42834,-0.75423,12.579,-0.274,-1,777.020,-1,744.463,-1,608.345,610.541,592.303,565.606,-1,-1,-1,-1,-1,-1,-1,-1,2,0,2,0,2,0,0,0,0,2,2,2,2,2,2,2,2
259,1324.999,8496.302,-120.010,41.369,0.750174,-0.660417,0.032986,0.660637,0.750687,0.005263,-0.028238,0.017843,0.999442,0,0.42834,-0.75423,12.929,-0.273,-1,772.769,-1,737.635,-1,605.332,606.447,591.670,563.500,-1,-1,-1,-1,-1,-1,-1,-1,2,0,2,0,2,0,0,0,0,2,2,2,2,2,2,2,2
260,1335.715,8504.175,-120.840,41.092,0.753313,-0.656777,0.034103,0.656979,0.753881,0.006484,-0.029968,0.017520,0.999397,0,0.46392,-1.00000,13.297,-0.276,-1,768.470,-1,731.586,758.630,602.527,602.712,589.587,562.272,-1,-1,-1,-1,-1,-1,-1,-1,2,0,2,0,1,0,0,0,0,2,2,2,2,2,2,2,2
261,1349.004,8513.901,-121.881,40.740,0.757292,-0.652139,0.034978,0.652301,0.757916,0.008160,-0.031832,0.016636,0.999355,0,0.46392,-1.00000,16.468,-0.352,-1,763.610,-1,725.305,743.136,599.616,598.801,585.808,561.889,-1,-1,-1,-1,-1,-1,-1,-1,2,0,2,0,1,0,0,0,0,2,2,2,2,2,2,2,2
262,1358.101,8520.516,-122.524,40.498,0.760010,-0.648940,0.035509,0.649058,0.760678,0.009674,-0.033289,0.015695,0.999323,0,0.46392,-1.00000,11.248,-0.243,-1,759.410,-1,721.020,732.637,597.323,595.974,582.586,562.630,-1,-1,-1,-1,-1,-1,-1,-1,2,0,2,0,1,0,0,0,0,2,2,2,2,2,2,2,2
263,1369.722,8528.912,-123.192,40.193,0.763391,-0.644914,0.036318,0.644954,0.764124,0.012185,-0.035609,0.014121,0.999266,0,0.46392,-1.00000,14.336,-0.305,-1,752.095,-1,715.085,719.216,593.657,591.828,577.992,564.908,-1,-1,-1,-1,-1,-1,-1,-1,2,0,2,0,1,0,0,0,0,2,2,2,2,2,2,2,2
264,1381.619,8537.382,-123.733,39.884,0.766776,-0.640826,0.037374,0.640770,0.767586,0.015024,-0.038315,0.012428,0.999188,0,0.46392,-1.00000,14.604,-0.308,-1,744.188,-1,708.641,705.463,589.522,587.270,573.524,567.894,-1,-1,-1,-1,-1,-1,-1,-1,2,0,2,0,1,0,0,0,0,2,2,2,2,2,2,2,2
265,1393.792,8546.021,-124.165,39.583,0.770059,-0.636785,0.038922,0.636658,0.770955,0.017173,-0.040942,0.011556,0.999095,0,0.46392,-1.00000,14.927,-0.302,-1,738.004,-1,702.158,691.196,586.142,583.116,571.735,569.410,-1,-1,-1,-1,-1,-1,-1,-1,2,0,2,0,1,0,0,0,0,2,2,2,2,2,2,2,2
266,1406.404,8554.673,-124.617,39.258,0.773579,-0.632403,0.040523,0.632221,0.774560,0.018793,-0.043272,0.011081,0.999002,0,0.46392,-1.00000,15.294,-0.325,-1,733.326,-1,696.123,676.669,583.699,579.570,571.022,569.956,-1,-1,-1,-1,-1,-1,-1,-1,2,0,2,0,1,0,0,0,0,2,2,2,2,2,2,2,2
267,1419.425,8563.264,-125.212,38.885,0.777602,-0.627334,0.042268,0.627104,0.778675,0.020156,-0.045557,0.010833,0.998903,0,0.46392,-1.00000,15.600,-0.373,-1,728.789,-1,689.596,661.918,579.901,575.787,570.508,569.503,-1,-1,-1,-1,-1,-1,-1,-1,2,0,2,0,1,0,0,0,0,2,2,2,2,2,2,2,2
268,1432.800,8571.631,-125.825,38.452,0.782217,-0.621435,0.044217,0.621125,0.783399,0.022105,-0.048376,0.010174,0.998777,0,0.46392,-1.00000,15.777,-0.433,-1,722.357,-1,681.904,647.118,574.854,570.802,569.018,569.946,-1,-1,-1,-1,-1,-1,-1,-1,2,0,2,0,1,0,0,0,0,2,2,2,2,2,2,2,2
269,1449.436,8581.248,-126.672,37.814,0.788930,-0.612721,0.046506,0.612257,0.790254,0.025316,-0.052263,0.008501,0.998597,0,0.46392,-1.00000,19.215,-0.638,-1,712.329,-1,671.642,629.625,567.442,562.741,565.550,572.234,-1,-1,-1,-1,-1,-1,-1,-1,2,0,2,0,1,0,0,0,0,2,2,2,2,2,2,2,2
270,1460.859,8587.543,-127.370,37.350,0.793760,-0.606329,0.048063,0.605773,0.795177,0.027067,-0.054630,0.007630,0.998478,0,0.46392,-1.00000,13.043,-0.464,-1,705.399,-1,664.829,617.894,562.770,557.494,563.529,572.765,-1,-1,-1,-1,-1,-1,-1,-1,2,0,2,0,1,0,0,0,0,2,2,2,2,2,2,2,2
271,1475.479,8595.395,-128.411,36.762,0.799812,-0.598147,0.050200,0.597517,0.801353,0.028405,-0.057218,0.007277,0.998335,0,0.46392,-1.00000,16.595,-0.587,-1,697.677,-1,656.293,602.847,557.497,551.211,562.320,571.123,-1,-1,-1,-1,-1,-1,-1,-1,2,0,2,0,1,0,0,0,0,2,2,2,2,2,2,2,2
272,1490.455,8603.188,-129.563,36.175,0.805800,-0.589851,0.052565,0.589208,0.807474,0.028632,-0.059333,0.007900,0.998207,0,0.46392,-1.00000,16.883,-0.588,-1,691.921,-1,647.958,587.390,553.152,545.473,563.032,566.793,-1,-1,-1,-1,-1,-1,-1,-1,2,0,2,0,1,0,0,0,0,2,2,2,2,2,2,2,2
273,1505.700,8611.157,-130.891,35.639,0.811168,-0.582160,0.055643,0.581569,0.813016,0.027951,-0.061511,0.009687,0.998059,0,0.46392,-1.00000,17.202,-0.536,-1,686.558,-1,638.393,570.868,548.575,539.153,565.903,559.301,-1,-1,-1,-1,-1,-1,-1,-1,2,0,2,0,1,0,0,0,0,2,2,2,2,2,2,2,2
274,1521.149,8619.325,-132.233,35.164,0.815819,-0.575310,0.058796,0.574729,0.817863,0.028059,-0.064229,0.010901,0.997876,0,0.42418,-0.36370,17.476,-0.475,-1,679.252,-1,628.245,553.705,542.433,532.046,567.651,553.268,-1,-1,-1,-1,-1,-1,-1,-1,2,0,2,0,1,0,0,0,0,2,2,2,2,2,2,2,2
275,1536.780,8627.689,-133.539,34.722,0.820054,-0.568942,0.061780,0.568307,0.822301,0.029119,-0.067368,0.011231,0.997665,0,0.42418,-0.36370,17.728,-0.442,-1,670.266,-1,618.121,536.258,535.020,524.567,567.817,549.497,-1,-1,-1,-1,1006.557,-1,-1,-1,2,0,2,0,1,0,0,0,0,2,2,2,2,1,2,2,2
276,1555.803,8637.997,-135.053,34.235,0.824637,-0.561928,0.064886,0.561169,0.827116,0.031119,-0.071155,0.010750,0.997407,0,0.42418,-0.36370,21.636,-0.487,-1,658.749,-1,607.018,515.060,526.235,516.036,566.075,547.292,-1,-1,-1,-1,979.012,-1,-1,-1,2,0,2,0,1,0,0,0,0,2,2,2,2,1,2,2,2
277,1568.628,8645.072,-136.090,33.942,0.827360,-0.557698,0.066690,0.556841,0.829981,0.032555,-0.073508,0.010201,0.997242,0,0.42418,-0.36370,14.648,-0.294,-1,650.747,-1,600.281,500.681,520.691,510.499,564.228,546.345,-1,-1,-1,-1,964.654,-1,-1,-1,2,0,2,0,1,0,0,0,0,2,2,2,2,1,2,2,2
278,1584.840,8654.105,-137.380,33.602,0.830486,-0.552796,0.068620,0.551818,0.833263,0.034202,-0.076085,0.009462,0.997056,0,0.42418,-0.36370,18.558,-0.340,-1,641.773,-1,592.888,482.496,514.504,504.331,561.844,545.132,-1,-1,-1,-1,946.659,-1,-1,-1,2,0,2,0,1,0,0,0,0,2,2,2,2,1,2,2,2
279,1601.279,8663.231,-138.648,33.268,0.833526,-0.547983,0.070352,0.546856,0.836448,0.036111,-0.078634,0.008373,0.996868,0,0.42418,-0.36370,18.802,-0.334,-1,632.803,-1,585.960,464.156,508.439,498.398,558.802,544.763,-1,-1,-1,-1,932.155,-1,-1,-1,2,0,2,0,1,0,0,0,0,2,2,2,2,1,2,2,2
280,1617.945,8672.479,-139.984,32.947,0.836401,-0.543368,0.072001,0.542075,0.839464,0.038130,-0.081161,0.007138,0.996675,0,0.42418,-0.36370,19.059,-0.320,-1,623.748,-1,579.128,445.480,502.328,492.468,556.289,544.558,-1,-1,-1,-1,927.425,1005.365,-1,-1,2,0,2,0,1,0,0,0,0,2,2,2,2,1,0,2,2
281,1634.784,8681.893,-141.399,32.654,0.838980,-0.539126,0.073868,0.537669,0.842203,0.040074,-0.083817,0.006095,0.996463,0,0.42418,-0.36370,19.292,-0.293,-1,614.491,-1,571.855,426.264,495.952,486.234,553.964,543.685,-1,-1,-1,-1,789.267,988.439,986.971,-1,2,0,2,0,1,0,0,0,0,2,2,2,2,1,0,1,2
282,1651.805,8691.483,-142.864,32.405,0.841128,-0.535470,0.075995,0.533904,0.844534,0.041337,-0.086315,0.005804,0.996251,0,0.42418,-0.36370,19.537,-0.249,-1,606.174,-1,564.491,406.394,489.802,480.157,553.276,540.967,-1,-1,-1,-1,769.270,971.294,891.050,-1,2,0,2,0,1,0,0,0,0,2,2,2,2,1,0,1,2
283,1669.056,8701.013,-144.224,32.145,0.843367,-0.531644,0.078017,0.529967,0.846950,0.042551,-0.088699,0.005461,0.996044,0,0.42418,-0.36370,19.708,-0.260,-1,598.479,-1,557.719,386.519,483.954,474.541,552.865,538.728,-1,-1,-1,-1,750.035,955.666,879.246,-1,2,0,2,0,1,0,0,0,0,2,2,2,2,1,0,1,2
284,1686.573,8710.549,-145.560,31.878,0.845681,-0.527684,0.079826,0.525941,0.849423,0.043204,-0.090604,0.005447,0.995872,0,0.42418,-0.36370,19.944,-0.267,-1,591.965,-1,551.833,366.533,479.015,469.731,553.203,535.867,-1,-1,-1,-1,734.979,942.460,860.529,-1,2,0,2,0,1,0,0,0,0,2,2,2,2,1,0,1,2
285,1704.374,8720.149,-146.998,31.617,0.847989,-0.523775,0.081080,0.522035,0.851837,0.043052,-0.091617,0.005819,0.995777,0,0.42418,-0.36370,20.225,-0.261,-1,587.305,-1,547.323,553.773,475.369,466.042,555.190,531.932,-1,-1,-1,-1,719.761,933.166,840.940,-1,2,0,2,0,1,0,0,0,0,2,2,2,2,1,0,1,2
286,1722.401,8729.893,-148.592,31.376,0.850152,-0.520147,0.081779,0.518442,0.854054,0.042541,-0.091971,0.006231,0.995742,0,0.42418,-0.36370,20.492,-0.241,-1,583.729,-1,543.621,548.626,472.470,463.008,557.669,527.645,-1,-1,-1,-1,723.030,926.752,821.321,-1,2,0,2,0,1,0,0,0,0,2,2,2,2,1,0,1,2
287,1740.607,8739.626,-150.223,31.128,0.852344,-0.516466,0.082301,0.514743,0.856286,0.042584,-0.092466,0.006067,0.995697,0,0.42418,-0.36370,20.644,-0.247,-1,579.362,-1,539.880,-1,469.188,459.773,558.657,524.170,-1,-1,-1,-1,732.214,920.432,801.465,-1,2,0,2,0,2,0,0,0,0,2,2,2,2,1,0,1,2
288,1759.051,8749.255,-151.861,30.836,0.854926,-0.512205,0.082141,0.510362,0.858851,0.043662,-0.092911,0.004594,0.995664,0,0.42418,-0.36370,20.807,-0.293,-1,574.183,-1,536.962,-1,465.738,456.772,556.578,523.546,-1,-1,-1,-1,749.016,916.387,781.323,-1,2,0,2,0,2,0,0,0,0,2,2,2,2,1,0,1,2
289,1777.692,8758.879,-153.530,30.529,0.857586,-0.507758,0.082029,0.505742,0.861496,0.045280,-0.093658,0.002654,0.995601,0,0.42418,-0.36370,20.978,-0.307,-1,568.002,-1,533.644,-1,461.631,453.318,553.322,523.835,-1,-1,-1,-1,994.603,911.418,768.513,-1,2,0,2,0,2,0,0,0,0,2,2,2,2,0,0,1,2
290,1796.535,8768.468,-155.135,30.209,0.860305,-0.503130,0.082076,0.500896,0.864211,0.047363,-0.094760,0.000365,0.995500,0,0.50620,-1.00000,21.143,-0.320,-1,561.014,-1,530.021,-1,457.030,449.520,549.684,525.077,-1,-1,-1,-1,977.244,905.505,637.630,-1,2,0,2,0,2,0,0,0,0,2,2,2,2,0,0,1,2
291,1815.769,8778.037,-156.764,29.861,0.863308,-0.498073,0.081382,0.495642,0.867132,0.049202,-0.095075,-0.002140,0.995468,0,0.50620,-1.00000,21.483,-0.348,-1,555.468,-1,528.015,-1,453.537,446.884,546.397,526.843,-1,-1,-1,-1,964.558,903.846,604.846,-1,2,0,2,0,2,0,0,0,0,2,2,2,2,0,0,1,2
292,1835.403,8787.577,-158.474,29.484,0.866606,-0.492574,0.079777,0.489983,0.870257,0.050694,-0.094397,-0.004842,0.995523,0,0.50620,-1.00000,21.829,-0.377,-1,551.621,-1,527.882,-1,451.382,445.531,542.754,528.946,-1,-1,-1,-1,956.784,907.218,582.775,-1,2,0,2,0,2,0,0,0,0,2,2,2,2,0,0,1,2
293,1855.529,8796.219,-160.151,28.902,0.871571,-0.484176,0.077061,0.481172,0.874904,0.054919,-0.094012,-0.010786,0.995513,0,0.50620,-1.00000,21.903,-0.582,-1,545.032,-1,528.936,-1,448.184,444.142,532.776,538.601,-1,-1,-1,-1,940.247,914.622,562.189,-1,2,0,2,0,2,0,0,0,0,2,2,2,2,0,0,1,2
294,1880.000,8805.137,-162.055,27.947,0.879309,-0.470206,0.075638,0.466503,0.882348,0.061943,-0.095865,-0.019182,0.995210,0,0.50620,-1.00000,26.045,-0.955,-1,531.866,-1,526.263,-1,440.701,439.253,519.246,553.056,-1,-1,-1,-1,904.022,913.170,563.372,-1,2,0,2,0,2,0,0,0,0,2,2,2,2,0,0,1,2
295,1896.515,8810.785,-163.206,27.301,0.884411,-0.460530,0.075696,0.456503,0.887349,0.064928,-0.097071,-0.022868,0.995015,0,0.50620,-1.00000,17.454,-0.646,636.754,524.715,-1,523.633,-1,436.246,435.984,514.820,558.694,-1,-1,-1,-1,884.301,909.557,606.523,-1,1,0,2,0,2,0,0,0,0,2,2,2,2,0,0,1,2
296,1917.389,8818.094,-164.492,26.658,0.889512,-0.450618,0.075579,0.446554,0.892393,0.064998,-0.096735,-0.024066,0.995019,0,0.50620,-1.00000,22.116,-0.644,615.312,521.910,-1,522.719,-1,434.331,434.529,516.749,558.393,-1,-1,-1,-1,876.562,909.908,-1,-1,1,0,2,0,2,0,0,0,0,2,2,2,2,0,0,2,2
297,1938.583,8825.422,-165.712,26.062,0.894292,-0.441214,0.074647,0.437367,0.897097,0.062669,-0.094616,-0.023396,0.995239,0,0.50620,-1.00000,22.426,-0.596,594.703,523.830,-1,524.656,-1,435.551,435.579,522.993,553.792,-1,-1,-1,-1,881.501,917.463,-1,-1,1,0,2,0,2,0,0,0,0,2,2,2,2,0,0,2,2
298,1960.150,8832.050,-166.935,25.339,0.899989,-0.429904,0.072132,0.426168,0.902533,0.061770,-0.091657,-0.024852,0.995480,0,0.50620,-1.00000,22.562,-0.723,459.008,525.968,-1,529.507,-1,437.592,438.193,525.190,554.645,-1,-1,-1,-1,885.909,932.622,-1,-1,1,0,2,0,2,0,0,0,0,2,2,2,2,0,0,2,2
299,1981.996,8838.311,-168.307,24.568,0.905939,-0.417778,0.068814,0.414155,0.908151,0.061127,-0.088031,-0.026878,0.995755,0,0.50620,-1.00000,22.725,-0.771,437.209,528.652,-1,535.698,-1,440.177,441.609,525.465,556.530,-1,-1,-1,-1,889.642,952.240,-1,-1,1,0,2,0,2,0,0,0,0,2,2,2,2,0,0,2,2
300,2004.065,8844.204,-169.859,23.766,0.911957,-0.405062,0.065265,0.401572,0.913833,0.060404,-0.084109,-0.028878,0.996038,0,0.46889,-1.00000,22.843,-0.802,435.833,531.443,-1,542.203,-1,442.790,445.099,525.386,557.801,-1,-1,-1,-1,895.684,973.966,-1,-1,1,0,2,0,2,0,0,0,0,2,2,2,2,0,0,2,2
301,2026.094,8848.973,-171.388,22.829,0.918609,-0.390258,0.062101,0.386690,0.920109,0.062212,-0.081419,-0.033135,0.996129,0,0.46889,-1.00000,22.539,-0.937,474.887,530.314,-1,547.998,-1,443.289,447.068,520.875,564.876,-1,-1,-1,-1,891.590,990.853,-1,-1,1,0,2,0,2,0,0,0,0,2,2,2,2,0,0,2,2
302,2047.868,8852.770,-172.788,21.836,0.925295,-0.374488,0.059902,0.370769,0.926465,0.064758,-0.079748,-0.037711,0.996101,0,0.46889,-1.00000,22.103,-0.993,-1,527.179,-1,551.364,-1,442.386,448.116,515.648,573.093,-1,-1,-1,-1,881.924,1004.220,-1,-1,2,0,2,0,2,0,0,0,0,2,2,2,2,0,0,2,2
303,2069.368,8855.822,-174.046,20.835,0.931739,-0.358392,0.058460,0.354585,0.932666,0.066355,-0.078304,-0.041097,0.996082,0,0.46889,-1.00000,21.716,-1.001,-1,524.790,-1,553.629,-1,441.545,448.858,513.260,578.671,-1,-1,-1,-1,875.126,-1,-1,-1,2,0,2,0,2,0,0,0,0,2,2,2,2,0,2,2,2
304,2090.394,8857.712,-175.027,19.797,0.938103,-0.341565,0.057407,0.337677,0.938819,0.067776,-0.077044,-0.044196,0.996048,0,0.46889,-1.00000,21.110,-1.038,-1,522.623,-1,555.534,-1,441.184,449.454,512.052,584.970,-1,-1,-1,-1,869.125,-1,-1,-1,2,0,2,0,2,0,0,0,0,2,2,2,2,0,2,2,2
305,2114.516,8857.839,-175.834,18.410,0.946042,-0.318999,0.056954,0.314895,0.946491,0.070682,-0.076454,-0.048934,0.995872,0,0.46889,-1.00000,24.122,-1.386,-1,518.445,-1,557.032,201.366,439.901,449.587,508.708,597.282,-1,-1,-1,-1,859.590,-1,-1,-1,2,0,2,0,1,0,0,0,0,2,2,2,2,0,2,2,2
306,2130.014,8857.765,-176.315,17.550,0.950768,-0.304646,0.056840,0.300686,0.951240,0.068781,-0.075022,-0.048304,0.996011,0,0.46889,-1.00000,15.498,-0.860,-1,520.428,-1,557.903,180.847,441.231,450.959,513.375,594.530,-1,-1,-1,-1,862.442,-1,-1,-1,2,0,2,0,1,0,0,0,0,2,2,2,2,0,2,2,2
307,2147.985,8857.321,-176.238,16.447,0.956769,-0.286185,0.051877,0.282446,0.956793,0.069082,-0.069406,-0.051443,0.996261,0,0.46889,-1.00000,17.976,-1.103,-1,529.507,-1,571.791,157.801,449.918,460.892,513.832,606.111,-1,-1,-1,-1,881.748,-1,-1,-1,2,0,2,0,1,0,0,0,0,2,2,2,2,0,2,2,2
308,2164.165,8857.368,-174.413,15.276,0.963265,-0.266291,0.034780,0.263087,0.961708,0.076823,-0.053905,-0.064851,0.996438,0,0.46889,-1.00000,16.180,-1.171,-1,556.741,-1,622.881,148.102,477.336,493.990,500.572,661.553,-1,-1,-1,-1,937.757,-1,-1,-1,2,0,2,0,1,0,0,0,0,2,2,2,2,0,2,2,2
309,2180.013,8858.573,-171.323,14.353,0.968319,-0.249524,0.009821,0.247773,0.964934,0.086666,-0.031102,-0.081487,0.996189,0,0.46889,-1.00000,15.894,-0.923,-1,603.267,-1,707.046,-1,523.079,547.133,483.857,744.783,-1,-1,-1,-1,-1,-1,-1,-1,2,0,2,0,2,0,0,0,0,2,2,2,2,2,2,2,2
310,2195.821,8860.465,-167.755,13.684,0.971567,-0.236411,-0.012965,0.236564,0.967014,0.094450,-0.009792,-0.094832,0.995445,0,0.46889,-1.00000,15.921,-0.668,-1,652.734,-1,798.154,-1,572.063,604.043,474.686,829.760,-1,-1,-1,-1,-1,-1,-1,-1,2,0,2,0,2,0,0,0,0,2,2,2,2,2,2,2,2
311,2211.455,8863.309,-163.923,13.351,0.972945,-0.228950,-0.030984,0.230904,0.968158,0.096712,0.007855,-0.101250,0.994830,0,0.46889,-1.00000,15.891,-0.334,-1,703.885,-1,880.868,-1,620.276,657.053,477.433,888.166,-1,-1,-1,-1,-1,-1,-1,-1,2,0,2,0,2,0,0,0,0,2,2,2,2,2,2,2,2
312,2226.878,8866.631,-160.226,13.258,0.973159,-0.226263,-0.042027,0.229286,0.968925,0.092806,0.019722,-0.099951,0.994797,0,0.46889,-1.00000,15.776,-0.093,-1,747.964,-1,936.584,-1,658.742,697.842,491.873,905.129,-1,-1,-1,-1,-1,-1,-1,-1,2,0,2,0,2,0,0,0,0,2,2,2,2,2,2,2,2
313,2242.260,8869.985,-156.926,13.253,0.972981,-0.225583,-0.049194,0.229155,0.969548,0.086399,0.028206,-0.095338,0.995045,0,0.46889,-1.00000,15.744,-0.005,-1,786.123,-1,975.924,-1,690.277,729.430,510.768,900.871,-1,-1,-1,-1,-1,-1,-1,-1,2,0,2,0,2,0,0,0,0,2,2,2,2,2,2,2,2
314,2257.638,8873.349,-153.999,13.246,0.972734,-0.224868,-0.056776,0.228973,0.970064,0.080915,0.036881,-0.091709,0.995103,0,0.46889,-1.00000,15.741,-0.007,-1,823.590,-1,-1,-1,722.368,762.362,527.029,900.572,-1,942.724,-1,-1,-1,-1,-1,-1,2,0,2,2,2,0,0,0,0,2,0,2,2,2,2,2,2
315,2271.983,8877.146,-151.077,13.275,0.972157,-0.224275,-0.067902,0.229360,0.970074,0.079685,0.047998,-0.093040,0.994505,0,0.46889,-1.00000,14.839,0.029,-1,866.646,-1,-1,-1,761.404,803.976,534.087,928.871,-1,727.944,905.792,-1,-1,-1,-1,-1,2,0,2,2,2,0,0,0,0,2,0,0,2,2,2,2,2
316,2286.158,8880.904,-148.932,13.332,0.971413,-0.224251,-0.077901,0.230208,0.969978,0.078401,0.057980,-0.094093,0.993874,0,0.46889,-1.00000,14.665,0.057,-1,904.802,-1,-1,-1,796.176,841.871,539.531,951.575,-1,628.072,754.276,-1,-1,-1,-1,-1,2,0,2,2,2,0,0,0,0,2,0,0,2,2,2,2,2
317,2300.443,8884.578,-147.781,13.413,0.970578,-0.224892,-0.086030,0.231458,0.969879,0.075910,0.066367,-0.093589,0.993396,0,0.46889,-1.00000,14.750,0.081,-1,937.063,-1,-1,-1,824.662,870.459,545.173,959.356,-1,577.839,671.320,-1,-1,-1,-1,-1,2,0,2,2,2,0,0,0,0,2,0,0,2,2,2,2,2
318,2314.842,8888.182,-147.642,13.513,0.969703,-0.226125,-0.092434,0.233032,0.969780,0.072265,0.073300,-0.091615,0.993093,0,0.46889,-1.00000,14.843,0.100,-1,963.748,-1,-1,-1,847.132,890.880,550.967,952.532,-1,542.634,621.283,-1,-1,-1,-1,-1,2,0,2,2,2,0,0,0,0,2,0,0,2,2,2,2,2
319,2329.193,8891.701,-148.506,13.641,0.968825,-0.228225,-0.096393,0.235118,0.969628,0.067380,0.078087,-0.087943,0.993060,0,-0.02087,-0.72220,14.776,0.128,-1,980.932,-1,-1,-1,860.042,901.867,557.405,930.013,-1,522.541,588.676,-1,-1,-1,-1,-1,2,0,2,2,2,0,0,0,0,2,0,0,2,2,2,2,2
320,2343.277,8895.132,-150.368,13.812,0.967983,-0.231528,-0.096973,0.237972,0.969351,0.061060,0.079863,-0.082182,0.993412,0,-0.02087,-0.72220,14.496,0.171,-1,986.358,-1,-1,-1,860.026,900.006,565.098,891.507,-1,513.029,573.221,-1,-1,-1,-1,-1,2,0,2,2,2,0,0,0,0,2,0,0,2,2,2,2,2
