timestep,x_cm,y_cm,z_cm,yaw_deg,basis_xx,basis_xy,basis_xz,basis_yx,basis_yy,basis_yz,basis_zx,basis_zy,basis_zz,teleport_flag,throttle_cmd,steering_cmd,cmd_move_cm,cmd_turn_deg,lidar_cm_0,lidar_cm_1,lidar_cm_2,lidar_cm_3,lidar_cm_4,lidar_cm_5,lidar_cm_6,lidar_cm_7,lidar_cm_8,lidar_cm_9,lidar_cm_10,lidar_cm_11,lidar_cm_12,lidar_cm_13,lidar_cm_14,lidar_cm_15,lidar_cm_16,lidar_class_0,lidar_class_1,lidar_class_2,lidar_class_3,lidar_class_4,lidar_class_5,lidar_class_6,lidar_class_7,lidar_class_8,lidar_class_9,lidar_class_10,lidar_class_11,lidar_class_12,lidar_class_13,lidar_class_14,lidar_class_15,lidar_class_16
0,6888.835,3612.171,183.416,71.164,0.322483,-0.946168,0.027759,0.946463,0.322758,0.005969,-0.014607,0.024348,0.999597,1,0.08000,0.12000,4.800,0.240,-1,400.000,-1,375.000,-1,325.000,325.000,300.000,300.000,675.000,-1,-1,-1,725.000,725.000,-1,-1,2,0,2,0,2,0,0,0,0,1,2,2,2,0,0,2,2
1,6891.858,3621.283,183.311,71.644,0.314553,-0.948838,0.027616,0.949134,0.314820,0.005800,-0.014197,0.024387,0.999602,0,0.16000,0.24000,9.600,0.480,-1,400.000,-1,375.000,-1,325.000,325.000,300.000,300.000,675.000,-1,-1,-1,750.000,725.000,-1,-1,2,0,2,0,2,0,0,0,0,1,2,2,2,0,0,2,2
2,6896.221,3635.006,183.154,72.364,0.302618,-0.952717,0.027420,0.953015,0.302872,0.005527,-0.013570,0.024459,0.999609,0,0.24000,0.36000,14.400,0.720,-1,400.000,-1,375.000,-1,325.000,325.000,300.000,300.000,675.000,-1,-1,-1,750.000,725.000,-1,-1,2,0,2,0,2,0,0,0,0,1,2,2,2,0,0,2,2
3,6901.730,3653.398,182.947,73.324,0.286630,-0.957655,0.027189,0.957957,0.286866,0.005129,-0.012711,0.024576,0.999617,0,0.32000,0.48000,19.200,0.960,-1,400.000,-1,375.000,-1,325.000,325.000,300.000,300.000,700.000,-1,-1,-1,750.000,725.000,-1,-1,2,0,2,0,2,0,0,0,0,1,2,2,2,0,0,2,2
4,6908.134,3676.528,182.691,74.524,0.266533,-0.963449,0.026951,0.963756,0.266747,0.004579,-0.011601,0.024754,0.999626,0,0.40000,0.60000,24.000,1.200,-1,400.000,-1,375.000,-1,325.000,325.000,300.000,300.000,700.000,-1,-1,-1,750.000,725.000,-1,-1,2,0,2,0,2,0,0,0,0,1,2,2,2,0,0,2,2
5,6915.119,3704.468,182.387,75.964,0.242264,-0.969842,0.026744,0.970156,0.242449,0.003850,-0.010218,0.025013,0.999635,0,0.48000,0.72000,28.800,1.440,-1,400.000,-1,375.000,-1,325.000,325.000,300.000,300.000,725.000,-1,-1,-1,750.000,725.000,-1,-1,2,0,2,0,2,0,0,0,0,1,2,2,2,0,0,2,2
6,6922.308,3737.290,182.039,77.644,0.213759,-0.976524,0.026614,0.976849,0.213910,0.002913,-0.008538,0.025375,0.999642,0,0.56000,0.84000,33.600,1.680,-1,400.000,-1,375.000,-1,325.000,325.000,300.000,300.000,750.000,-1,950.000,-1,750.000,725.000,-1,-1,2,0,2,0,2,0,0,0,0,1,2,0,2,0,0,2,2
7,6929.041,3773.846,181.666,79.564,0.180960,-0.983130,0.026617,0.983469,0.181070,0.001779,-0.006568,0.025855,0.999644,0,0.61952,0.96000,37.171,1.920,-1,400.000,-1,400.000,-1,325.000,325.000,300.000,300.000,775.000,925.000,875.000,-1,775.000,725.000,-1,-1,2,0,2,0,2,0,0,0,0,1,0,0,2,0,0,2,2
8,6934.521,3810.800,181.305,81.564,0.146580,-0.988836,0.026788,0.989189,0.146647,0.000550,-0.004472,0.026418,0.999641,0,0.62264,1.00000,37.358,2.000,-1,400.000,-1,400.000,-1,325.000,325.000,300.000,300.000,800.000,850.000,825.000,-1,775.000,725.000,-1,-1,2,0,2,0,2,0,0,0,0,1,0,0,2,0,0,2,2
9,6938.729,3848.108,180.954,83.564,0.112025,-0.993335,0.027130,0.993703,0.112046,-0.000752,-0.002292,0.027043,0.999632,0,0.62574,1.00000,37.545,2.000,-1,400.000,-1,400.000,-1,325.000,325.000,300.000,300.000,850.000,800.000,775.000,-1,775.000,725.000,-1,-1,2,0,2,0,2,0,0,0,0,1,0,0,2,0,0,2,2
10,6941.646,3885.719,180.618,85.564,0.077338,-0.996622,0.027646,0.997005,0.077309,-0.002109,-0.000036,0.027726,0.999616,0,0.62874,1.00000,37.725,2.000,-1,400.000,-1,400.000,-1,325.000,325.000,300.000,300.000,875.000,750.000,700.000,-1,800.000,750.000,-1,-1,2,0,2,0,2,0,0,0,0,1,0,0,2,0,0,2,2
11,6943.256,3923.584,180.329,87.564,0.042559,-0.998688,0.028462,0.999092,0.042479,-0.003409,0.002196,0.028581,0.999589,0,0.63164,1.00000,37.898,2.000,-1,400.000,-1,400.000,-1,325.000,325.000,300.000,300.000,900.000,700.000,600.000,-1,825.000,750.000,-1,-1,2,0,2,0,2,0,0,0,0,1,0,0,2,0,0,2,2
12,6943.545,3961.648,180.306,89.564,0.007698,-0.999563,0.028542,0.999965,0.007600,-0.003562,0.003344,0.028568,0.999586,0,0.63444,1.00000,38.066,2.000,-1,400.000,-1,400.000,-1,325.000,325.000,300.000,300.000,950.000,725.000,600.000,-1,825.000,750.000,-1,-1,2,0,2,0,2,0,0,0,0,1,0,0,2,0,0,2,2
13,6942.502,3999.862,180.419,91.564,-0.027182,-0.999234,0.028170,0.999622,-0.027289,-0.003430,0.004196,0.028066,0.999597,0,0.63713,1.00000,38.228,2.000,-1,400.000,-1,400.000,-1,325.000,325.000,300.000,300.000,975.000,775.000,600.000,-1,850.000,750.000,-1,-1,2,0,2,0,2,0,0,0,0,1,0,0,2,0,0,2,2
14,6940.115,4038.170,180.554,93.564,-0.062031,-0.997686,0.027829,0.998062,-0.062146,-0.003287,0.005009,0.027571,0.999607,0,0.63971,1.00000,38.383,2.000,-1,400.000,-1,400.000,-1,325.000,325.000,300.000,300.000,-1,750.000,625.000,-1,850.000,775.000,-1,-1,2,0,2,0,2,0,0,0,0,2,0,0,2,0,0,2,2
15,6936.379,4076.520,180.710,95.564,-0.096807,-0.994923,0.027518,0.995286,-0.096929,-0.003124,0.005776,0.027085,0.999616,0,0.64220,1.00000,38.532,2.000,-1,400.000,-1,400.000,-1,325.000,325.000,300.000,300.000,-1,750.000,625.000,-1,875.000,775.000,-1,-1,2,0,2,0,2,0,0,0,0,2,0,0,2,0,0,2,2
16,6931.288,4114.858,180.888,97.564,-0.131466,-0.990947,0.027230,0.991299,-0.131594,-0.002933,0.006490,0.026608,0.999625,0,0.64458,1.00000,38.675,2.000,-1,400.000,-1,400.000,-1,325.000,325.000,300.000,300.000,-1,750.000,650.000,-1,875.000,775.000,-1,-1,2,0,2,0,2,0,0,0,0,2,0,0,2,0,0,2,2
17,6924.840,4153.130,181.084,99.564,-0.165967,-0.985763,0.026962,0.986105,-0.166099,-0.002705,0.007145,0.026138,0.999633,0,0.64685,1.00000,38.811,2.000,-1,400.000,-1,400.000,-1,325.000,325.000,300.000,300.000,-1,775.000,675.000,-1,900.000,775.000,-1,-1,2,0,2,0,2,0,0,0,0,2,0,0,2,0,0,2,2
18,6917.033,4191.281,181.299,101.564,-0.200268,-0.979377,0.026706,0.979711,-0.200403,-0.002433,0.007735,0.025677,0.999640,0,0.64903,1.00000,38.942,2.000,-1,400.000,-1,400.000,-1,325.000,325.000,300.000,300.000,-1,775.000,700.000,-1,900.000,800.000,-1,-1,2,0,2,0,2,0,0,0,0,2,0,0,2,0,0,2,2
19,6907.871,4229.257,181.531,103.564,-0.234327,-0.971798,0.026456,0.972123,-0.234463,-0.002109,0.008253,0.025224,0.999648,0,0.65110,1.00000,39.066,2.000,-1,400.000,-1,400.000,-1,325.000,325.000,300.000,300.000,-1,800.000,750.000,-1,925.000,800.000,-1,-1,2,0,2,0,2,0,0,0,0,2,0,0,2,0,0,2,2
20,6897.357,4267.004,181.780,105.564,-0.268103,-0.963034,0.026204,0.963351,-0.268239,-0.001729,0.008694,0.024780,0.999655,0,0.65307,1.00000,39.184,2.000,-1,400.000,-1,400.000,-1,325.000,325.000,275.000,300.000,-1,825.000,775.000,-1,950.000,800.000,-1,-1,2,0,2,0,2,0,0,0,0,2,0,0,2,0,0,2,2
21,6885.498,4304.469,182.045,107.564,-0.301555,-0.953096,0.025941,0.953406,-0.301688,-0.001288,0.009054,0.024344,0.999663,0,0.65495,1.00000,39.297,2.000,-1,425.000,-1,400.000,-1,325.000,325.000,275.000,300.000,-1,875.000,825.000,-1,950.000,800.000,-1,-1,2,0,2,0,2,0,0,0,0,2,0,0,2,0,0,2,2
22,6870.906,4346.081,182.357,109.324,-0.330697,-0.943390,0.025581,0.943693,-0.330821,-0.000683,0.009107,0.023915,0.999673,0,0.73495,0.88000,44.097,1.760,-1,425.000,-1,400.000,-1,325.000,325.000,275.000,300.000,-1,925.000,875.000,-1,975.000,800.000,-1,-1,2,0,2,0,2,0,0,0,0,2,0,0,2,0,0,2,2
23,6853.508,4391.778,182.713,110.844,-0.355623,-0.934293,0.025088,0.934588,-0.355733,0.000103,0.008829,0.023484,0.999685,0,0.81495,0.76000,48.897,1.520,-1,425.000,-1,400.000,-1,325.000,325.000,275.000,300.000,-1,1000.000,950.000,-1,1000.000,825.000,-1,-1,2,0,2,0,2,0,0,0,0,2,0,0,2,0,0,2,2
24,6833.285,4441.521,183.106,112.124,-0.376431,-0.926123,0.024426,0.926408,-0.376519,0.001087,0.008190,0.023038,0.999701,0,0.89495,0.64000,53.697,1.280,-1,425.000,-1,400.000,-1,325.000,325.000,275.000,300.000,-1,-1,-1,-1,-1,825.000,-1,-1,2,0,2,0,2,0,0,0,0,2,2,2,2,2,0,2,2
25,6810.461,4494.864,183.547,113.164,-0.393214,-0.919148,0.023461,0.919420,-0.393271,0.002304,0.007109,0.022477,0.999722,0,0.96701,0.52000,58.021,1.040,-1,425.000,-1,400.000,-1,350.000,325.000,275.000,300.000,-1,-1,-1,-1,-1,825.000,-1,-1,2,0,2,0,2,0,0,0,0,2,2,2,2,2,0,2,2
26,6786.829,4548.031,183.914,113.964,-0.406051,-0.913574,0.022461,0.913834,-0.406069,0.003937,0.005524,0.022124,0.999740,0,0.96971,0.40000,58.182,0.800,-1,425.000,-1,400.000,-1,350.000,325.000,275.000,300.000,-1,-1,-1,-1,-1,825.000,-1,-1,2,0,2,0,2,0,0,0,0,2,2,2,2,2,0,2,2
27,6762.621,4601.091,184.141,114.524,-0.415010,-0.909561,0.021589,0.909811,-0.414978,0.006123,0.003390,0.022183,0.999748,0,0.97203,0.28000,58.322,0.560,-1,425.000,-1,400.000,-1,350.000,325.000,275.000,300.000,-1,-1,-1,-1,-1,825.000,-1,-1,2,0,2,0,2,0,0,0,0,2,2,2,2,2,0,2,2
28,6738.067,4654.124,184.302,114.844,-0.420136,-0.907226,0.020683,0.907461,-0.420050,0.008538,0.000942,0.022356,0.999750,0,0.97403,0.16000,58.442,0.320,-1,425.000,-1,400.000,-1,350.000,325.000,300.000,300.000,-1,-1,-1,-1,-1,800.000,-1,-1,2,0,2,0,2,0,0,0,0,2,2,2,2,2,0,2,2
29,6713.208,4707.130,184.228,115.127,-0.424643,-0.905154,0.019376,0.905360,-0.424517,0.010418,-0.001205,0.021966,0.999758,0,0.97576,0.14109,58.545,0.282,-1,425.000,-1,400.000,-1,350.000,350.000,300.000,300.000,-1,-1,-1,-1,-1,800.000,-1,-1,2,0,2,0,2,0,0,0,0,2,2,2,2,2,0,2,2
30,6688.065,4760.089,183.936,115.396,-0.428943,-0.903161,0.017538,0.903325,-0.428783,0.012213,-0.003510,0.021081,0.999772,0,0.97708,0.13492,58.625,0.270,-1,425.000,-1,400.000,-1,350.000,350.000,300.000,300.000,-1,-1,-1,-1,-1,775.000,-1,-1,2,0,2,0,2,0,0,0,0,2,2,2,2,2,0,2,2
31,6662.662,4812.984,183.422,115.654,-0.433032,-0.901253,0.015012,0.901356,-0.432845,0.014213,-0.006311,0.019686,0.999786,0,0.97798,0.12858,58.679,0.257,-1,450.000,-1,400.000,-1,350.000,350.000,300.000,300.000,-1,-1,-1,-1,-1,775.000,-1,-1,2,0,2,0,2,0,0,0,0,2,2,2,2,2,0,2,2
32,6637.022,4865.794,182.795,115.898,-0.436899,-0.899425,0.012365,0.899463,-0.436694,0.016279,-0.009242,0.018235,0.999791,0,0.97842,0.12209,58.705,0.244,-1,450.000,-1,400.000,-1,350.000,350.000,300.000,300.000,-1,-1,-1,-1,1000.000,750.000,-1,-1,2,0,2,0,2,0,0,0,0,2,2,2,2,0,0,2,2
33,6611.169,4918.500,182.049,116.129,-0.440540,-0.897682,0.009571,0.897649,-0.440327,0.018415,-0.012316,0.016704,0.999785,0,0.97841,0.11546,58.705,0.231,-1,450.000,-1,400.000,-1,350.000,350.000,300.000,300.000,-1,-1,-1,-1,975.000,725.000,-1,-1,2,0,2,0,2,0,0,0,0,2,2,2,2,0,0,2,2
34,6585.129,4971.081,181.171,116.346,-0.443949,-0.896028,0.006559,0.895917,-0.443743,0.020633,-0.015577,0.015036,0.999766,0,0.97794,0.10873,58.676,0.217,-1,425.000,-1,400.000,975.000,350.000,325.000,300.000,300.000,-1,-1,-1,-1,950.000,725.000,-1,-1,2,0,2,0,1,0,0,0,0,2,2,2,2,0,0,2,2
35,6558.928,5023.520,180.176,116.550,-0.447124,-0.894465,0.003416,0.894271,-0.446939,0.022911,-0.018966,0.013299,0.999732,0,0.97701,0.10193,58.620,0.204,-1,425.000,-1,400.000,925.000,350.000,325.000,275.000,300.000,-1,-1,-1,-1,925.000,700.000,-1,-1,2,0,2,0,1,0,0,0,0,2,2,2,2,0,0,2,2
36,6532.589,5075.798,179.064,116.740,-0.450063,-0.892997,0.000143,0.892714,-0.449916,0.025245,-0.022480,0.011489,0.999681,0,0.97562,0.09509,58.537,0.190,-1,425.000,-1,375.000,875.000,350.000,325.000,275.000,300.000,-1,-1,-1,-1,900.000,675.000,-1,975.000,2,0,2,0,1,0,0,0,0,2,2,2,2,0,0,2,1
37,6506.139,5127.896,177.736,116.917,-0.452773,-0.891621,-0.002800,0.891252,-0.452672,0.027539,-0.025822,0.009973,0.999617,0,0.97380,0.08826,58.428,0.177,-1,425.000,-1,375.000,825.000,325.000,325.000,275.000,300.000,-1,-1,-1,-1,900.000,675.000,-1,925.000,2,0,2,0,1,0,0,0,0,2,2,2,2,0,0,2,1
38,6479.602,5179.800,176.265,117.080,-0.455263,-0.890339,-0.005608,0.889888,-0.455219,0.029584,-0.028892,0.008478,0.999547,0,0.97156,0.08168,58.294,0.163,-1,425.000,-1,375.000,775.000,325.000,325.000,275.000,300.000,-1,-1,-1,-1,875.000,650.000,-1,875.000,2,0,2,0,1,0,0,0,0,2,2,2,2,0,0,2,1
39,6452.994,5231.490,175.135,117.237,-0.457607,-0.889106,-0.009353,0.888630,-0.457672,0.029544,-0.030548,0.005208,0.999520,0,0.96893,0.07867,58.136,0.157,-1,400.000,-1,375.000,725.000,325.000,300.000,275.000,300.000,-1,-1,-1,-1,875.000,650.000,-1,825.000,2,0,2,0,1,0,0,0,0,2,2,2,2,0,0,2,1
40,6426.332,5282.948,173.892,117.389,-0.459852,-0.887898,-0.013137,0.887414,-0.460036,0.029389,-0.032138,0.001856,0.999482,0,0.96593,0.07602,57.956,0.152,-1,400.000,-1,350.000,700.000,325.000,300.000,275.000,300.000,-1,-1,-1,-1,875.000,650.000,-1,800.000,2,0,2,0,1,0,0,0,0,2,2,2,2,0,1,2,1
41,6399.630,5334.161,172.516,117.537,-0.462010,-0.886711,-0.017002,0.886238,-0.462320,0.029019,-0.033592,-0.001661,0.999434,0,0.96259,0.07375,57.756,0.148,-1,400.000,-1,350.000,650.000,325.000,300.000,275.000,300.000,-1,-1,-1,-1,850.000,625.000,-1,800.000,2,0,2,0,1,0,0,0,0,2,2,2,2,0,1,2,1
42,6372.901,5385.114,170.871,117.681,-0.464088,-0.885535,-0.021230,0.885118,-0.464536,0.027785,-0.034467,-0.005896,0.999388,0,0.95897,0.07186,57.538,0.144,-1,400.000,-1,350.000,625.000,325.000,300.000,275.000,300.000,-1,-1,-1,-1,850.000,650.000,-1,850.000,2,0,2,0,1,0,0,0,0,2,2,2,2,0,0,2,1
43,6346.154,5435.796,169.373,117.821,-0.466162,-0.884370,-0.024145,0.884030,-0.466697,0.026159,-0.034403,-0.009150,0.999366,0,0.95511,0.07036,57.307,0.141,-1,400.000,-1,350.000,575.000,325.000,300.000,275.000,300.000,-1,-1,-1,-1,875.000,650.000,-1,-1,2,0,2,0,1,0,0,0,0,2,2,2,2,0,0,2,2
44,6319.399,5486.199,168.090,117.960,-0.468268,-0.883221,-0.025396,0.882963,-0.468824,0.024085,-0.033179,-0.011145,0.999387,0,0.95107,0.06924,57.064,0.138,-1,400.000,-1,350.000,550.000,325.000,300.000,275.000,300.000,-1,-1,-1,-1,900.000,650.000,-1,-1,2,0,2,0,1,0,0,0,0,2,2,2,2,0,0,2,2
45,6292.641,5536.318,166.666,118.097,-0.470351,-0.882074,-0.026764,0.881905,-0.470922,0.021794,-0.031828,-0.013352,0.999404,0,0.94691,0.06851,56.815,0.137,-1,400.000,-1,375.000,550.000,325.000,300.000,300.000,300.000,-1,-1,-1,-1,950.000,675.000,-1,-1,2,0,2,0,1,0,0,0,0,2,2,2,2,0,0,2,2
46,6267.532,5583.552,165.223,117.994,-0.468740,-0.882889,-0.028105,0.882812,-0.469321,0.019536,-0.030438,-0.015654,0.999414,0,0.89156,-0.05149,53.493,-0.103,-1,425.000,-1,375.000,525.000,325.000,325.000,300.000,300.000,-1,-1,-1,-1,975.000,675.000,-1,-1,2,0,2,0,1,0,0,0,0,2,2,2,2,0,0,2,2
47,6242.806,5630.745,163.690,117.651,-0.463424,-0.885645,-0.029529,0.885665,-0.464007,0.017176,-0.028913,-0.018193,0.999416,0,0.88796,-0.17149,53.278,-0.343,-1,425.000,-1,375.000,525.000,325.000,325.000,300.000,300.000,-1,-1,-1,-1,1000.000,700.000,-1,-1,2,0,2,0,1,0,0,0,0,2,2,2,2,0,0,2,2
48,6216.882,5681.473,161.943,117.068,-0.454369,-0.890267,-0.031192,0.890401,-0.454945,0.014511,-0.027109,-0.021180,0.999408,0,0.94948,-0.29149,56.969,-0.583,-1,425.000,-1,375.000,525.000,325.000,325.000,300.000,300.000,-1,-1,-1,-1,-1,700.000,-1,-1,2,0,2,0,1,0,0,0,0,2,2,2,2,2,0,2,2
49,6191.679,5732.589,160.088,116.245,-0.441521,-0.896643,-0.033042,0.896900,-0.442078,0.011692,-0.025091,-0.024473,0.999386,0,0.94987,-0.41149,56.992,-0.823,-1,425.000,-1,375.000,525.000,325.000,325.000,300.000,300.000,-1,-1,-1,-1,-1,725.000,-1,-1,2,0,2,0,1,0,0,0,0,2,2,2,2,2,0,2,2
50,6167.219,5784.092,158.378,115.402,-0.428225,-0.902944,-0.036268,0.903362,-0.428784,0.008978,-0.023658,-0.028918,0.999302,0,0.95027,-0.42160,57.016,-0.843,-1,425.000,-1,375.000,525.000,350.000,325.000,300.000,300.000,-1,-1,-1,-1,-1,725.000,-1,-1,2,0,2,0,1,0,0,0,0,2,2,2,2,2,0,2,2
51,6143.530,5835.959,156.812,114.546,-0.414593,-0.909091,-0.040825,0.909722,-0.415169,0.006412,-0.022778,-0.034481,0.999146,0,0.95035,-0.42815,57.021,-0.856,-1,425.000,-1,375.000,550.000,350.000,325.000,300.000,300.000,-1,-1,-1,-1,-1,750.000,-1,-1,2,0,2,0,1,0,0,0,0,2,2,2,2,2,0,2,2
52,6120.637,5888.164,155.045,113.676,-0.400651,-0.915105,-0.045412,0.915962,-0.401242,0.004360,-0.022211,-0.039849,0.998959,0,0.95006,-0.43486,57.004,-0.870,-1,425.000,-1,400.000,550.000,350.000,325.000,300.000,300.000,-1,500.000,-1,-1,-1,750.000,-1,-1,2,0,2,0,1,0,0,0,0,2,0,2,2,2,0,2,2
53,6098.566,5940.679,153.200,112.792,-0.386396,-0.920962,-0.050269,0.922080,-0.386992,0.002321,-0.021591,-0.045455,0.998733,0,0.94940,-0.44173,56.964,-0.883,-1,425.000,-1,400.000,575.000,350.000,325.000,300.000,300.000,-1,450.000,-1,-1,-1,775.000,-1,-1,2,0,2,0,1,0,0,0,0,2,0,2,2,2,0,2,2
54,6077.344,5993.475,151.536,111.895,-0.371802,-0.926696,-0.054758,0.928058,-0.372433,0.001424,-0.021713,-0.050289,0.998499,0,0.94835,-0.44874,56.901,-0.897,-1,425.000,-1,400.000,600.000,350.000,325.000,300.000,325.000,950.000,475.000,-1,-1,-1,775.000,-1,-1,2,0,2,0,1,0,0,0,1,0,0,2,2,2,0,2,2
55,6056.997,6046.521,150.271,110.983,-0.356848,-0.932350,-0.058167,0.933880,-0.357580,0.002337,-0.022978,-0.053487,0.998304,0,0.94690,-0.45589,56.814,-0.912,-1,425.000,-1,400.000,-1,350.000,325.000,300.000,275.000,950.000,575.000,-1,-1,-1,775.000,-1,-1,2,0,2,0,2,0,0,0,1,0,0,2,2,2,0,2,2
56,6037.549,6099.784,149.026,110.057,-0.341579,-0.937848,-0.061367,0.939549,-0.342401,0.003099,-0.023918,-0.056599,0.998110,0,0.94504,-0.46316,56.703,-0.926,-1,425.000,-1,400.000,-1,350.000,325.000,300.000,275.000,975.000,650.000,-1,-1,-1,775.000,-1,-1,2,0,2,0,2,0,0,0,1,0,0,2,2,2,0,2,2
57,6019.022,6153.231,147.740,109.116,-0.325973,-0.943163,-0.064699,0.945055,-0.326889,0.003816,-0.024749,-0.059901,0.997897,0,0.94277,-0.47053,56.566,-0.941,-1,425.000,-1,400.000,-1,350.000,325.000,300.000,250.000,-1,750.000,-1,-1,-1,775.000,-1,-1,2,0,2,0,2,0,0,0,1,2,0,2,2,2,0,2,2
58,6001.439,6206.827,146.421,108.160,-0.310030,-0.948281,-0.068155,0.950386,-0.311041,0.004494,-0.025460,-0.063380,0.997665,0,0.94010,-0.47798,56.406,-0.956,-1,425.000,-1,400.000,-1,350.000,325.000,300.000,225.000,-1,825.000,-1,-1,-1,775.000,-1,-1,2,0,2,0,2,0,0,0,1,2,0,2,2,2,0,2,2
59,5984.818,6260.536,145.079,107.192,-0.293802,-0.953172,-0.071722,0.955512,-0.294909,0.005134,-0.026045,-0.067023,0.997411,0,0.93702,-0.48390,56.221,-0.968,-1,425.000,-1,400.000,-1,350.000,325.000,300.000,225.000,-1,900.000,-1,-1,-1,775.000,-1,-1,2,0,2,0,2,0,0,0,1,2,0,2,2,2,0,2,2
60,5969.170,6314.319,143.720,106.218,-0.277392,-0.957794,-0.075390,0.960391,-0.278596,0.005740,-0.026501,-0.070812,0.997138,0,0.93355,-0.48685,56.013,-0.974,-1,425.000,-1,400.000,-1,325.000,325.000,300.000,225.000,-1,975.000,-1,-1,-1,775.000,-1,-1,2,0,2,0,2,0,0,0,1,2,0,2,2,2,0,2,2
61,5954.504,6368.139,142.354,105.239,-0.260815,-0.962139,-0.079148,0.965016,-0.262114,0.006316,-0.026823,-0.074732,0.996843,0,0.92969,-0.48952,55.781,-0.979,-1,425.000,-1,400.000,-1,350.000,325.000,300.000,200.000,-1,-1,-1,-1,-1,775.000,-1,-1,2,0,2,0,2,0,0,0,1,2,2,2,2,2,0,2,2
62,5940.826,6421.957,140.990,104.255,-0.244086,-0.966196,-0.082985,0.969377,-0.245480,0.006863,-0.027002,-0.078769,0.996527,0,0.92547,-0.49190,55.528,-0.984,-1,425.000,-1,400.000,-1,350.000,325.000,300.000,200.000,-1,-1,-1,-1,1000.000,775.000,-1,-1,2,0,2,0,2,0,0,0,1,2,2,2,2,0,0,2,2
63,5928.141,6475.738,139.637,103.267,-0.227223,-0.969959,-0.086890,0.973467,-0.228707,0.007384,-0.027034,-0.082906,0.996191,0,0.92093,-0.49398,55.256,-0.988,-1,425.000,-1,400.000,-1,350.000,325.000,300.000,200.000,-1,-1,-1,-1,975.000,775.000,-1,-1,2,0,2,0,2,0,0,0,1,2,2,2,2,0,0,2,2
64,5916.449,6529.447,138.218,102.276,-0.210248,-0.973445,-0.090556,0.977277,-0.211817,0.007967,-0.026937,-0.086823,0.995860,0,0.91610,-0.49575,54.966,-0.991,-1,425.000,-1,400.000,-1,350.000,325.000,300.000,200.000,-1,-1,-1,-1,950.000,750.000,-1,-1,2,0,2,0,2,0,0,0,1,2,2,2,2,0,0,2,2
65,5905.752,6583.053,136.592,101.282,-0.193180,-0.976703,-0.093452,0.980796,-0.194837,0.008861,-0.026862,-0.089946,0.995584,0,0.91104,-0.49721,54.662,-0.994,-1,425.000,-1,400.000,-1,350.000,325.000,300.000,200.000,-1,-1,-1,-1,925.000,750.000,-1,-1,2,0,2,0,2,0,0,0,1,2,2,2,2,0,0,2,2
66,5896.045,6636.527,135.032,100.285,-0.175995,-0.979671,-0.096279,0.984021,-0.177768,0.010096,-0.027006,-0.092964,0.995303,0,0.90578,-0.49835,54.347,-0.997,-1,425.000,-1,400.000,-1,350.000,325.000,300.000,200.000,-1,-1,-1,-1,900.000,750.000,-1,-1,2,0,2,0,2,0,0,0,1,2,2,2,2,0,0,2,2
67,5887.323,6689.844,133.479,99.286,-0.158711,-0.982323,-0.099262,0.986949,-0.160623,0.011524,-0.027264,-0.096137,0.994995,0,0.90040,-0.49918,54.024,-0.998,-1,425.000,-1,400.000,-1,325.000,325.000,300.000,200.000,-1,-1,-1,-1,875.000,725.000,-1,-1,2,0,2,0,2,0,0,0,1,2,2,2,2,0,0,2,2
68,5879.579,6742.980,131.986,98.287,-0.141381,-0.984669,-0.102165,0.989578,-0.143420,0.012861,-0.027317,-0.099282,0.994684,0,0.89495,-0.49970,53.697,-0.999,-1,425.000,-1,400.000,-1,325.000,325.000,300.000,200.000,-1,-1,-1,-1,875.000,725.000,-1,-1,2,0,2,0,2,0,0,0,1,2,2,2,2,0,0,2,2
69,5872.806,6795.918,130.557,97.287,-0.124021,-0.986709,-0.104999,0.991907,-0.126177,0.014115,-0.027176,-0.102399,0.994372,0,0.88948,-0.49991,53.369,-1.000,-1,425.000,-1,375.000,-1,325.000,325.000,300.000,200.000,-1,-1,-1,-1,850.000,700.000,-1,-1,2,0,2,0,2,0,0,0,1,2,2,2,2,0,0,2,2
70,5866.992,6848.643,129.197,96.288,-0.106648,-0.988439,-0.107774,0.993934,-0.108908,0.015293,-0.026854,-0.105490,0.994058,0,0.88405,-0.49981,53.043,-1.000,-1,425.000,-1,375.000,-1,325.000,325.000,325.000,200.000,-1,-1,-1,-1,825.000,700.000,-1,-1,2,0,2,0,2,0,0,0,1,2,2,2,2,0,0,2,2
71,5862.128,6901.144,127.913,95.289,-0.089276,-0.989858,-0.110500,0.995658,-0.091630,0.016402,-0.026360,-0.108555,0.993741,0,0.87873,-0.49942,52.724,-0.999,-1,425.000,-1,375.000,-1,325.000,325.000,325.000,225.000,-1,-1,-1,-1,800.000,675.000,-1,-1,2,0,2,0,2,0,0,0,1,2,2,2,2,0,0,2,2
72,5858.202,6953.411,126.708,94.291,-0.071923,-0.990967,-0.113184,0.997079,-0.074359,0.017450,-0.025708,-0.111598,0.993421,0,0.87355,-0.49874,52.413,-0.997,-1,400.000,-1,375.000,-1,325.000,325.000,300.000,225.000,-1,-1,-1,-1,775.000,675.000,-1,-1,2,0,2,0,2,0,0,0,1,2,2,2,2,0,0,2,2
73,5855.661,7000.958,125.716,93.054,-0.050459,-0.992013,-0.115601,0.998430,-0.052923,0.018346,-0.024318,-0.114494,0.993126,0,0.79355,-0.61874,47.613,-1.237,-1,400.000,-1,375.000,-1,325.000,325.000,300.000,225.000,-1,-1,-1,-1,775.000,675.000,-1,-1,2,0,2,0,2,0,0,0,1,2,2,2,2,0,0,2,2
74,5854.388,7043.755,124.929,91.700,-0.027011,-0.992674,-0.117767,0.999383,-0.029461,0.019114,-0.022443,-0.117179,0.992857,0,0.71355,-0.67693,42.813,-1.354,-1,400.000,-1,375.000,-1,325.000,300.000,300.000,225.000,-1,-1,-1,-1,750.000,650.000,-1,-1,2,0,2,0,2,0,0,0,1,2,2,2,2,0,0,2,2
75,5854.154,7081.769,124.337,90.348,-0.003631,-0.992810,-0.119647,0.999787,-0.006035,0.019739,-0.020319,-0.119550,0.992620,0,0.63355,-0.67583,38.013,-1.352,-1,400.000,-1,375.000,-1,325.000,300.000,300.000,225.000,-1,-1,-1,-1,750.000,650.000,-1,-1,2,0,2,0,2,0,0,0,1,2,2,2,2,0,0,2,2
76,5854.732,7115.013,123.916,88.999,0.019674,-0.992426,-0.121259,0.999645,0.017344,0.020241,-0.017984,-0.121614,0.992415,0,0.55411,-0.67476,33.247,-1.350,-1,400.000,-1,375.000,-1,325.000,300.000,300.000,225.000,-1,-1,-1,-1,750.000,650.000,-1,-1,2,0,2,0,2,0,0,0,1,2,2,2,2,0,0,2,2
77,5856.090,7148.177,123.585,87.651,0.042908,-0.991494,-0.122876,0.998959,0.040668,0.020680,-0.015507,-0.123635,0.992207,0,0.55317,-0.67378,33.190,-1.348,-1,375.000,-1,350.000,-1,300.000,300.000,300.000,250.000,-1,-1,-1,-1,725.000,650.000,-1,-1,2,0,2,0,2,0,0,0,1,2,2,2,2,0,0,2,2
78,5858.223,7181.248,123.343,86.306,0.066056,-0.990017,-0.124509,0.997733,0.063923,0.021053,-0.012884,-0.125618,0.991995,0,0.55228,-0.67276,33.137,-1.346,-1,375.000,-1,350.000,-1,300.000,300.000,300.000,250.000,-1,-1,-1,-1,725.000,625.000,-1,-1,2,0,2,0,2,0,0,0,1,2,2,2,2,0,0,2,2
79,5861.127,7214.209,123.286,84.962,0.089033,-0.988047,-0.125839,0.995982,0.087098,0.020804,-0.009595,-0.127186,0.991832,0,0.55144,-0.67170,33.087,-1.343,-1,375.000,-1,350.000,-1,300.000,300.000,300.000,250.000,-1,-1,-1,-1,700.000,625.000,-1,-1,2,0,2,0,2,0,0,0,1,2,2,2,2,0,0,2,2
80,5864.798,7247.047,123.410,83.621,0.111819,-0.985640,-0.126531,0.993713,0.110190,0.019819,-0.005592,-0.127951,0.991765,0,0.55066,-0.67061,33.040,-1.341,-1,375.000,-1,350.000,-1,300.000,300.000,300.000,250.000,-1,-1,-1,-1,700.000,650.000,-1,-1,2,0,2,0,2,0,0,0,1,2,2,2,2,0,0,2,2
81,5869.229,7279.746,123.708,82.282,0.134430,-0.982678,-0.127567,0.990923,0.133176,0.018347,-0.001041,-0.128875,0.991660,0,0.54993,-0.66949,32.996,-1.339,-1,375.000,-1,350.000,-1,300.000,300.000,325.000,250.000,-1,950.000,-1,-1,700.000,650.000,-1,-1,2,0,2,0,2,0,0,0,1,2,0,2,2,0,0,2,2
82,5874.416,7312.293,124.114,80.945,0.156915,-0.979197,-0.128653,0.987606,0.156046,0.016871,0.003556,-0.129706,0.991546,0,0.54926,-0.66833,32.956,-1.337,-1,375.000,-1,350.000,-1,300.000,300.000,325.000,250.000,-1,850.000,-1,-1,675.000,675.000,-1,-1,2,0,2,0,2,0,0,0,1,2,0,2,2,0,0,2,2
83,5880.353,7344.674,124.627,79.611,0.179262,-0.975203,-0.129783,0.983767,0.178787,0.015396,0.008190,-0.130436,0.991423,0,0.54864,-0.66714,32.918,-1.334,-1,375.000,-1,350.000,-1,300.000,300.000,325.000,250.000,-1,725.000,-1,-1,675.000,675.000,-1,-1,2,0,2,0,2,0,0,0,1,2,0,2,2,0,0,2,2
84,5887.034,7376.875,125.247,78.279,0.201460,-0.970703,-0.130960,0.979412,0.201389,0.013923,0.012859,-0.131069,0.991290,0,0.54806,-0.66593,32.884,-1.332,-1,375.000,-1,375.000,-1,300.000,300.000,325.000,250.000,-1,625.000,925.000,-1,675.000,700.000,-1,-1,2,0,2,0,2,0,0,0,1,2,0,0,2,0,0,2,2
85,5894.454,7408.881,125.974,76.950,0.223496,-0.965700,-0.132185,0.974547,0.223839,0.012456,0.017559,-0.131604,0.991147,0,0.54754,-0.66468,32.852,-1.329,-1,375.000,-1,375.000,-1,300.000,300.000,325.000,275.000,-1,550.000,825.000,-1,675.000,725.000,-1,-1,2,0,2,0,2,0,0,0,1,2,0,0,2,0,0,2,2
86,5902.605,7440.679,126.811,75.623,0.245361,-0.960201,-0.133459,0.969176,0.246125,0.010997,0.022289,-0.132044,0.990993,0,0.54706,-0.66341,32.824,-1.327,-1,375.000,-1,375.000,-1,300.000,300.000,325.000,275.000,-1,475.000,725.000,-1,675.000,725.000,-1,-1,2,0,2,0,2,0,0,0,1,2,0,0,2,0,0,2,2
87,5911.483,7472.255,127.662,74.299,0.267087,-0.954256,-0.134383,0.963300,0.268250,0.009721,0.026772,-0.132048,0.990882,0,0.54663,-0.66212,32.798,-1.324,-1,375.000,-1,375.000,-1,300.000,300.000,325.000,275.000,-1,425.000,625.000,-1,675.000,750.000,-1,-1,2,0,2,0,2,0,0,0,1,2,0,0,2,0,0,2,2
88,5921.081,7503.596,128.364,72.977,0.288754,-0.947946,-0.134233,0.956916,0.290227,0.008891,0.030530,-0.131017,0.990910,0,0.54625,-0.66079,32.775,-1.322,-1,375.000,-1,375.000,-1,300.000,300.000,325.000,275.000,-1,425.000,575.000,-1,650.000,750.000,-1,-1,2,0,2,0,2,0,0,0,1,2,0,0,2,0,0,2,2
89,5931.392,7534.688,129.164,71.658,0.310232,-0.941160,-0.134066,0.950042,0.312018,0.008023,0.034280,-0.129857,0.990940,0,0.54591,-0.65945,32.754,-1.319,-1,375.000,-1,375.000,-1,300.000,300.000,325.000,300.000,-1,400.000,525.000,-1,650.000,775.000,-1,-1,2,0,2,0,2,0,0,0,1,2,0,0,2,0,0,2,2
90,5942.409,7565.518,130.070,70.342,0.331515,-0.933905,-0.133859,0.942684,0.333610,0.007125,0.038003,-0.128549,0.990975,0,0.54561,-0.65808,32.737,-1.316,-1,375.000,-1,375.000,-1,300.000,300.000,325.000,300.000,-1,400.000,500.000,-1,650.000,775.000,-1,-1,2,0,2,0,2,0,0,0,1,2,0,0,2,0,0,2,2
91,5954.124,7596.073,131.082,69.029,0.352594,-0.926189,-0.133610,0.934847,0.354996,0.006196,0.041692,-0.127089,0.991015,0,0.54536,-0.65669,32.721,-1.313,-1,375.000,-1,400.000,-1,300.000,300.000,325.000,300.000,-1,400.000,450.000,-1,625.000,800.000,-1,-1,2,0,2,0,2,0,0,0,1,2,0,0,2,0,0,2,2
92,5966.530,7626.340,132.202,67.718,0.373458,-0.918017,-0.133320,0.926538,0.376164,0.005235,0.045344,-0.125481,0.991059,0,0.54514,-0.65528,32.708,-1.311,-1,350.000,-1,400.000,-1,300.000,300.000,325.000,300.000,-1,400.000,425.000,-1,625.000,800.000,-1,-1,2,0,2,0,2,0,0,0,1,2,0,0,2,0,0,2,2
93,5979.619,7656.306,133.430,66.411,0.394099,-0.909396,-0.132987,0.917763,0.397105,0.004240,0.048954,-0.123721,0.991109,0,0.54497,-0.65385,32.698,-1.308,-1,350.000,-1,400.000,-1,300.000,300.000,325.000,325.000,-1,400.000,425.000,-1,625.000,825.000,-1,-1,2,0,2,0,2,0,0,0,1,2,0,0,2,0,0,2,2
94,5993.384,7685.959,134.768,65.106,0.414509,-0.900332,-0.132609,0.908529,0.417810,0.003211,0.052515,-0.121810,0.991163,0,0.54483,-0.65240,32.690,-1.305,-1,350.000,-1,400.000,-1,300.000,300.000,325.000,325.000,-1,400.000,425.000,-1,625.000,850.000,-1,-1,2,0,2,0,2,0,0,0,1,2,0,0,2,0,0,2,2
95,6007.817,7715.286,136.245,63.804,0.434696,-0.890844,-0.132045,0.898839,0.438274,0.002176,0.055933,-0.119633,0.991241,0,0.54473,-0.65093,32.684,-1.302,-1,350.000,-1,400.000,-1,300.000,300.000,325.000,350.000,-1,425.000,400.000,-1,625.000,850.000,-1,-1,2,0,2,0,2,0,0,0,1,2,0,0,2,0,0,2,2
96,6021.636,7741.552,137.893,62.262,0.458497,-0.879096,-0.130270,0.886734,0.462279,0.001360,0.059026,-0.116139,0.991478,0,0.49463,-0.77093,29.678,-1.542,-1,350.000,-1,400.000,-1,275.000,300.000,325.000,350.000,-1,450.000,425.000,-1,600.000,875.000,-1,-1,2,0,2,0,2,0,0,0,1,2,0,0,2,0,0,2,2
97,6036.316,7767.466,139.658,60.480,0.485610,-0.864702,-0.128353,0.871936,0.489619,0.000362,0.062531,-0.112091,0.991729,0,0.49633,-0.89093,29.780,-1.782,-1,350.000,-1,400.000,-1,275.000,300.000,325.000,350.000,-1,500.000,450.000,-1,600.000,900.000,-1,-1,2,0,2,0,2,0,0,0,1,2,0,0,2,0,0,2,2
98,6051.895,7793.050,141.650,58.674,0.512626,-0.849282,-0.126228,0.856046,0.516898,-0.001272,0.066327,-0.107405,0.992000,0,0.49920,-0.90306,29.952,-1.806,-1,350.000,-1,400.000,-1,300.000,325.000,325.000,350.000,-1,550.000,475.000,-1,625.000,975.000,-1,-1,2,0,2,0,2,0,0,0,1,2,0,0,2,0,0,2,2
99,6068.367,7818.280,143.889,56.875,0.539053,-0.833104,-0.123933,0.839325,0.543619,-0.003635,0.070401,-0.102060,0.992284,0,0.50213,-0.89971,30.128,-1.799,-1,350.000,-1,425.000,-1,300.000,325.000,325.000,350.000,-1,575.000,500.000,-1,625.000,-1,-1,-1,2,0,2,0,2,0,0,0,1,2,0,0,2,0,2,2,2
100,6085.717,7843.121,146.242,55.082,0.564895,-0.816137,-0.121715,0.821810,0.569730,-0.006089,0.074314,-0.096587,0.992546,0,0.50498,-0.89643,30.299,-1.793,-1,350.000,-1,425.000,-1,300.000,325.000,325.000,350.000,-1,625.000,525.000,-1,650.000,-1,-1,-1,2,0,2,0,2,0,0,0,0,2,0,0,2,0,2,2,2
101,6103.931,7867.543,148.711,53.295,0.590133,-0.798402,-0.119574,0.803524,0.595210,-0.008625,0.078058,-0.090991,0.992788,0,0.50773,-0.89322,30.464,-1.786,-1,350.000,-1,425.000,-1,300.000,325.000,325.000,350.000,-1,675.000,550.000,-1,675.000,-1,-1,-1,2,0,2,0,2,0,0,0,0,2,0,0,2,0,2,2,2
102,6125.769,7895.233,151.695,51.749,0.611580,-0.782440,-0.117294,0.786999,0.616850,-0.011381,0.081258,-0.085350,0.993032,0,0.58773,-0.77322,35.264,-1.546,-1,375.000,-1,425.000,-1,325.000,325.000,325.000,350.000,-1,725.000,575.000,-1,700.000,-1,-1,-1,2,0,2,0,2,0,0,0,0,2,0,0,2,0,2,2,2
103,6151.289,7926.119,155.212,50.442,0.629419,-0.768532,-0.114852,0.772523,0.634826,-0.014308,0.083907,-0.079720,0.993280,0,0.66773,-0.65322,40.064,-1.306,-1,375.000,-1,425.000,-1,325.000,325.000,325.000,350.000,-1,775.000,600.000,-1,750.000,-1,-1,-1,2,0,2,0,2,0,0,0,0,2,0,0,2,0,2,2,2
104,6180.503,7960.169,159.345,49.376,0.643818,-0.756895,-0.112287,0.760353,0.649287,-0.017038,0.085803,-0.074408,0.993530,0,0.74773,-0.53322,44.864,-1.066,-1,375.000,-1,450.000,-1,325.000,350.000,325.000,350.000,-1,875.000,675.000,-1,800.000,-1,-1,-1,2,0,2,0,2,0,0,0,0,2,0,0,2,0,2,2,2
105,6210.656,7994.304,163.735,48.550,0.654896,-0.747698,-0.109815,0.750708,0.660354,-0.019210,0.086881,-0.069858,0.993766,0,0.75910,-0.41322,45.546,-0.826,-1,400.000,-1,450.000,-1,325.000,350.000,325.000,350.000,-1,950.000,725.000,-1,825.000,-1,-1,-1,2,0,2,0,2,0,0,0,0,2,0,0,2,0,2,2,2
106,6240.992,8027.951,167.622,47.963,0.662799,-0.740990,-0.107847,0.743888,0.668054,-0.018296,0.085605,-0.068099,0.993999,0,0.75505,-0.29322,45.303,-0.586,-1,400.000,-1,450.000,-1,325.000,350.000,325.000,350.000,-1,-1,875.000,-1,850.000,-1,-1,-1,2,0,2,0,2,0,0,0,0,2,2,0,2,0,2,2,2
107,6271.342,8061.207,171.289,47.617,0.667554,-0.736993,-0.105893,0.739834,0.672574,-0.017029,0.083771,-0.066975,0.994232,0,0.75039,-0.17322,45.023,-0.346,-1,400.000,-1,450.000,-1,325.000,350.000,325.000,350.000,-1,-1,-1,-1,850.000,-1,-1,-1,2,0,2,0,2,0,0,0,0,2,2,2,2,0,2,2,2
108,6301.546,8094.178,174.438,47.510,0.669154,-0.735878,-0.103521,0.738444,0.674066,-0.018332,0.083270,-0.064178,0.994458,0,0.74523,-0.05322,44.714,-0.106,-1,400.000,-1,450.000,-1,325.000,350.000,325.000,350.000,-1,-1,-1,-1,875.000,-1,-1,-1,2,0,2,0,2,0,0,0,0,2,2,2,2,0,2,2,2
109,6331.577,8126.855,177.597,47.418,0.670561,-0.734920,-0.101195,0.737233,0.675357,-0.019510,0.082682,-0.061522,0.994675,0,0.73969,-0.04590,44.381,-0.092,-1,400.000,-1,450.000,-1,325.000,350.000,300.000,350.000,-1,-1,-1,800.000,900.000,-1,-1,-1,2,0,2,0,2,0,0,0,0,2,2,2,1,0,2,2,2
110,6361.453,8159.276,180.737,47.341,0.671794,-0.734123,-0.098769,0.736194,0.676458,-0.020578,0.081920,-0.058889,0.994898,0,0.73479,-0.03872,44.087,-0.077,-1,400.000,-1,475.000,-1,325.000,350.000,300.000,350.000,-1,-1,-1,725.000,950.000,-1,-1,-1,2,0,2,0,2,0,0,0,0,2,2,2,1,0,2,2,2
111,6391.191,8191.477,183.864,47.279,0.672840,-0.733498,-0.096261,0.735340,0.677356,-0.021535,0.080999,-0.056295,0.995123,0,0.73054,-0.03110,43.832,-0.062,-1,400.000,-1,475.000,-1,325.000,350.000,300.000,325.000,-1,-1,-1,700.000,1000.000,-1,-1,-1,2,0,2,0,2,0,0,0,0,2,2,2,1,0,2,2,2
112,6420.807,8223.495,186.981,47.233,0.673687,-0.733056,-0.093669,0.734683,0.678042,-0.022383,0.079920,-0.053738,0.995352,0,0.72693,-0.02306,43.616,-0.046,-1,400.000,-1,475.000,-1,325.000,350.000,300.000,325.000,-1,-1,-1,675.000,-1,-1,-1,-1,2,0,2,0,2,0,0,0,0,2,2,2,1,2,2,2,2
113,6450.319,8255.367,190.127,47.203,0.674343,-0.732814,-0.090802,0.734226,0.678510,-0.023138,0.078566,-0.051066,0.995600,0,0.72395,-0.01460,43.437,-0.029,-1,400.000,-1,500.000,-1,325.000,350.000,300.000,325.000,-1,-1,-1,675.000,-1,-1,-1,-1,2,0,2,0,2,0,0,0,0,2,2,2,1,2,2,2,2
114,6479.741,8287.129,193.466,47.192,0.674879,-0.732802,-0.086828,0.733961,0.678773,-0.023862,0.076423,-0.047624,0.995937,0,0.72160,-0.00574,43.296,-0.011,-1,400.000,-1,500.000,-1,325.000,350.000,300.000,325.000,-1,-1,-1,675.000,-1,-1,-1,-1,2,0,2,0,2,0,0,0,0,2,2,2,1,2,2,2,2
115,6509.089,8318.819,196.353,47.199,0.675356,-0.733049,-0.080827,0.733878,0.678835,-0.024625,0.072920,-0.042687,0.996424,0,0.71987,0.00350,43.192,0.007,-1,425.000,-1,500.000,-1,325.000,350.000,300.000,325.000,-1,-1,-1,675.000,-1,-1,-1,-1,2,0,2,0,2,0,0,0,0,2,2,2,1,2,2,2,2
116,6538.376,8350.472,199.081,47.225,0.675612,-0.733518,-0.074161,0.734030,0.678645,-0.025318,0.068900,-0.037331,0.996925,0,0.71874,0.01313,43.124,0.026,-1,425.000,-1,500.000,-1,325.000,350.000,300.000,325.000,-1,-1,-1,700.000,-1,-1,-1,-1,2,0,2,0,2,0,0,0,0,2,2,2,1,2,2,2,2
117,6567.615,8382.126,201.786,47.271,0.675575,-0.734200,-0.067448,0.734443,0.678177,-0.025886,0.064747,-0.032048,0.997387,0,0.71821,0.02313,43.093,0.046,-1,425.000,-1,475.000,-1,325.000,350.000,300.000,325.000,-1,-1,-1,700.000,-1,-1,-1,-1,2,0,2,0,2,0,0,0,0,2,2,2,1,2,2,2,2
118,6596.820,8413.816,204.469,47.338,0.675232,-0.735105,-0.060685,0.735124,0.677422,-0.026324,0.060460,-0.026836,0.997810,0,0.71827,0.03349,43.096,0.067,-1,425.000,-1,475.000,-1,350.000,350.000,300.000,300.000,-1,-1,-1,725.000,-1,-1,-1,-1,2,0,2,0,2,0,0,0,0,2,2,2,1,2,2,2,2
119,6626.002,8445.580,207.014,47.427,0.674572,-0.736234,-0.053965,0.736108,0.676364,-0.026010,0.055649,-0.022178,0.998204,0,0.71891,0.04421,43.135,0.088,-1,425.000,-1,475.000,-1,350.000,350.000,300.000,300.000,-1,-1,-1,750.000,-1,-1,-1,-1,2,0,2,0,2,0,0,0,0,2,2,2,1,2,2,2,2
120,6655.171,8477.455,209.166,47.538,0.673526,-0.737585,-0.048287,0.737426,0.674984,-0.024489,0.050655,-0.019114,0.998533,0,0.72012,0.05530,43.207,0.111,-1,450.000,-1,475.000,-1,350.000,350.000,300.000,300.000,-1,-1,-1,775.000,-1,-1,-1,-1,2,0,2,0,2,0,0,0,0,2,2,2,1,2,2,2,2
121,6684.338,8509.476,210.847,47.671,0.672023,-0.739171,-0.044850,0.739044,0.673278,-0.022598,0.046901,-0.017960,0.998738,0,0.72189,0.06674,43.314,0.133,-1,450.000,-1,475.000,-1,350.000,350.000,300.000,300.000,-1,-1,-1,800.000,-1,-1,-1,-1,2,0,2,0,2,0,0,0,0,2,2,2,1,2,2,2,2
122,6710.086,8538.117,212.308,48.044,0.667367,-0.743552,-0.041848,0.743467,0.668453,-0.020661,0.043336,-0.017324,0.998910,0,0.64189,0.18674,38.514,0.373,-1,450.000,-1,475.000,-1,350.000,375.000,300.000,300.000,-1,-1,-1,825.000,-1,-1,-1,-1,2,0,2,0,2,0,0,0,0,2,2,2,1,2,2,2,2
123,6734.684,8566.075,213.693,48.658,0.659523,-0.750670,-0.039029,0.750636,0.660456,-0.018518,0.039677,-0.017083,0.999066,0,0.62066,0.30674,37.240,0.613,-1,450.000,-1,475.000,-1,350.000,375.000,300.000,300.000,-1,-1,-1,850.000,-1,-1,-1,-1,2,0,2,0,2,0,0,0,0,2,2,2,1,2,2,2,2
124,6758.943,8594.491,215.055,49.511,0.648411,-0.760423,-0.036320,0.760448,0.649200,-0.016075,0.035803,-0.017196,0.999211,0,0.62271,0.42674,37.363,0.853,-1,450.000,-1,500.000,-1,375.000,375.000,300.000,300.000,-1,-1,-1,875.000,-1,-1,-1,-1,2,0,2,0,2,0,0,0,0,2,2,2,1,2,2,2,2
125,6782.742,8623.469,216.373,50.605,0.633912,-0.772669,-0.033747,0.772752,0.634566,-0.013418,0.031782,-0.017572,0.999340,0,0.62497,0.54674,37.498,1.093,-1,450.000,-1,500.000,-1,375.000,375.000,300.000,325.000,-1,-1,-1,900.000,-1,-1,-1,-1,2,0,2,0,2,0,0,0,0,2,2,2,1,2,2,2,2
126,6806.043,8653.046,217.636,51.769,0.618209,-0.785391,-0.031286,0.785525,0.618739,-0.010639,0.027714,-0.017999,0.999454,0,0.62756,0.58185,37.653,1.164,-1,450.000,-1,500.000,-1,375.000,375.000,300.000,325.000,-1,-1,-1,925.000,-1,-1,-1,-1,2,0,2,0,2,0,0,0,0,2,2,2,1,2,2,2,2
127,6828.844,8683.257,218.847,52.956,0.601908,-0.798041,-0.028940,0.798216,0.602321,-0.007738,0.023606,-0.018443,0.999551,0,0.63083,0.59385,37.850,1.188,-1,450.000,-1,500.000,-1,375.000,375.000,300.000,325.000,-1,-1,-1,975.000,-1,-1,-1,-1,2,0,2,0,2,0,0,0,0,2,2,2,1,2,2,2,2
128,6851.143,8714.140,220.009,54.169,0.584989,-0.810601,-0.026717,0.810808,0.585294,-0.004718,0.019462,-0.018903,0.999632,0,0.63487,0.60628,38.092,1.213,-1,450.000,-1,525.000,-1,375.000,375.000,300.000,325.000,-1,-1,-1,1000.000,-1,-1,-1,-1,2,0,2,0,2,0,0,0,0,2,2,2,1,2,2,2,2
129,6872.932,8745.734,220.737,55.407,0.567461,-0.823074,-0.023169,0.823268,0.567650,-0.001982,0.014783,-0.017949,0.999730,0,0.63966,0.61913,38.379,1.238,-1,450.000,-1,525.000,-1,375.000,400.000,300.000,325.000,-1,-1,-1,-1,-1,-1,-1,-1,2,0,2,0,2,0,0,0,0,2,2,2,2,2,2,2,2
130,6894.201,8778.078,220.619,56.672,0.549278,-0.835456,-0.017525,0.835573,0.549378,-0.001070,0.010522,-0.014056,0.999846,0,0.64518,0.63241,38.711,1.265,-1,450.000,-1,525.000,-1,375.000,375.000,300.000,325.000,-1,-1,-1,-1,-1,-1,-1,-1,2,0,2,0,2,0,0,0,0,2,2,2,2,2,2,2,2
131,6914.935,8811.212,220.429,57.964,0.530387,-0.847673,-0.011825,0.847733,0.530423,0.000117,0.006173,-0.010087,0.999930,0,0.65144,0.64611,39.087,1.292,-1,450.000,-1,525.000,-1,375.000,375.000,325.000,325.000,-1,-1,-1,-1,-1,-1,-1,-1,2,0,2,0,2,0,0,0,0,2,2,2,2,2,2,2,2
132,6935.113,8845.175,220.169,59.285,0.510763,-0.859700,-0.006084,0.859720,0.510764,0.001592,0.001739,-0.006043,0.999980,0,0.65842,0.66024,39.505,1.320,-1,450.000,-1,500.000,-1,375.000,375.000,325.000,300.000,-1,-1,-1,-1,1000.000,-1,-1,-1,2,0,2,0,2,0,0,0,0,2,2,2,2,0,2,2,2
133,6954.712,8880.006,219.840,60.634,0.490385,-0.871506,-0.000319,0.871501,0.490381,0.003362,-0.002773,-0.001926,0.999994,0,0.66610,0.67482,39.966,1.350,-1,450.000,-1,500.000,-1,375.000,375.000,325.000,300.000,-1,-1,-1,-1,975.000,-1,-1,-1,2,0,2,0,2,0,0,0,0,2,2,2,2,0,2,2,2
134,6973.702,8915.742,219.432,62.014,0.469229,-0.883060,0.005430,0.883045,0.469255,0.005486,-0.007392,0.002220,0.999970,0,0.67447,0.68983,40.468,1.380,-1,450.000,-1,500.000,-1,375.000,375.000,325.000,300.000,-1,-1,-1,-1,950.000,-1,-1,-1,2,0,2,0,2,0,0,0,0,2,2,2,2,0,2,2,2
135,6992.050,8952.420,218.797,63.425,0.447276,-0.894331,0.010803,0.894307,0.447369,0.008688,-0.012602,0.005775,0.999904,0,0.68352,0.70529,41.011,1.411,-1,425.000,-1,500.000,-1,350.000,375.000,325.000,300.000,-1,-1,-1,-1,925.000,-1,-1,-1,2,0,2,0,2,0,0,0,0,2,2,2,2,0,2,2,2
136,7009.715,8990.076,218.113,64.867,0.424502,-0.905283,0.016130,0.905252,0.424703,0.012113,-0.017816,0.009459,0.999797,0,0.69322,0.72119,41.593,1.442,-1,425.000,-1,475.000,-1,350.000,375.000,325.000,275.000,-1,-1,-1,-1,875.000,-1,-1,-1,2,0,2,0,2,0,0,0,0,2,2,2,2,0,2,2,2
137,7026.655,9028.742,217.383,66.342,0.400890,-0.915876,0.021390,0.915837,0.401241,0.015762,-0.023019,0.013271,0.999647,0,0.70357,0.73755,42.214,1.475,-1,425.000,-1,475.000,-1,350.000,350.000,350.000,275.000,-1,-1,-1,-1,850.000,-1,-1,-1,2,0,2,0,2,0,0,0,0,2,2,2,2,0,2,2,2
138,7042.818,9068.450,216.428,67.851,0.376456,-0.926079,0.025652,0.926023,0.376969,0.019366,-0.027605,0.016464,0.999483,0,0.71453,0.75437,42.872,1.509,-1,400.000,-1,450.000,-1,350.000,350.000,350.000,275.000,-1,-1,-1,-1,825.000,-1,-1,-1,2,0,2,0,2,0,0,0,0,2,2,2,2,0,2,2,2
