timestep,x_cm,y_cm,z_cm,yaw_deg,basis_xx,basis_xy,basis_xz,basis_yx,basis_yy,basis_yz,basis_zx,basis_zy,basis_zz,teleport_flag,throttle_cmd,steering_cmd,cmd_move_cm,cmd_turn_deg,lidar_cm_0,lidar_cm_1,lidar_cm_2,lidar_cm_3,lidar_cm_4,lidar_cm_5,lidar_cm_6,lidar_cm_7,lidar_cm_8,lidar_cm_9,lidar_cm_10,lidar_cm_11,lidar_cm_12,lidar_cm_13,lidar_cm_14,lidar_cm_15,lidar_cm_16,lidar_class_0,lidar_class_1,lidar_class_2,lidar_class_3,lidar_class_4,lidar_class_5,lidar_class_6,lidar_class_7,lidar_class_8,lidar_class_9,lidar_class_10,lidar_class_11,lidar_class_12,lidar_class_13,lidar_class_14,lidar_class_15,lidar_class_16
0,4260.056,-1643.112,-108.856,-137.357,-0.736206,0.675351,0.043613,-0.676638,-0.733331,-0.066230,-0.012746,-0.078269,0.996851,1,0.08000,0.03518,4.800,0.070,-1,375.000,-1,375.000,-1,325.000,325.000,300.000,325.000,-1,400.000,400.000,-1,800.000,725.000,-1,-1,2,0,2,0,2,0,0,0,0,2,0,0,2,0,0,2,2
1,4253.002,-1649.624,-109.027,-137.287,-0.735363,0.676253,0.043845,-0.677558,-0.732504,-0.065983,-0.012504,-0.078229,0.996857,0,0.16000,0.03516,9.600,0.070,-1,400.000,-1,375.000,-1,325.000,325.000,300.000,325.000,-1,400.000,400.000,-1,800.000,725.000,-1,-1,2,0,2,0,2,0,0,0,0,2,0,0,2,0,0,2,2
2,4242.434,-1659.405,-109.281,-137.216,-0.734514,0.677154,0.044182,-0.678485,-0.731677,-0.065621,-0.012108,-0.078177,0.996866,0,0.24000,0.03513,14.400,0.070,-1,400.000,-1,375.000,-1,325.000,325.000,300.000,325.000,-1,400.000,400.000,-1,800.000,725.000,-1,-1,2,0,2,0,2,0,0,0,0,2,0,0,2,0,0,2,2
3,4228.358,-1672.463,-109.565,-137.146,-0.733663,0.678064,0.044360,-0.679412,-0.730862,-0.065116,-0.011732,-0.077912,0.996891,0,0.32000,0.03510,19.200,0.070,-1,400.000,-1,375.000,-1,325.000,325.000,300.000,325.000,-1,400.000,400.000,-1,825.000,725.000,-1,-1,2,0,2,0,2,0,0,0,0,2,0,0,2,0,0,2,2
4,4210.784,-1688.808,-109.916,-137.076,-0.732807,0.678974,0.044579,-0.680343,-0.730049,-0.064509,-0.011256,-0.077602,0.996921,0,0.40000,0.03507,24.000,0.070,-1,400.000,-1,375.000,-1,325.000,325.000,300.000,325.000,-1,425.000,425.000,-1,825.000,750.000,-1,-1,2,0,2,0,2,0,0,0,0,2,0,0,2,0,0,2,2
5,4189.719,-1708.447,-110.318,-137.006,-0.731949,0.679883,0.044841,-0.681275,-0.729234,-0.063886,-0.010736,-0.077310,0.996949,0,0.48000,0.03506,28.800,0.070,-1,400.000,-1,400.000,-1,325.000,325.000,300.000,325.000,-1,425.000,425.000,-1,825.000,750.000,-1,-1,2,0,2,0,2,0,0,0,0,2,0,0,2,0,0,2,2
6,4165.171,-1731.389,-110.741,-136.936,-0.731091,0.680784,0.045154,-0.682203,-0.728410,-0.063388,-0.010263,-0.077146,0.996967,0,0.56000,0.03509,33.600,0.070,-1,400.000,-1,400.000,-1,325.000,325.000,300.000,325.000,-1,450.000,450.000,-1,850.000,750.000,-1,-1,2,0,2,0,2,0,0,0,0,2,0,0,2,0,0,2,2
7,4137.148,-1757.644,-111.212,-136.865,-0.730229,0.681685,0.045506,-0.683132,-0.727581,-0.062900,-0.009768,-0.077018,0.996982,0,0.64000,0.03518,38.400,0.070,-1,400.000,-1,400.000,-1,325.000,325.000,300.000,325.000,-1,475.000,475.000,-1,850.000,750.000,-1,-1,2,0,2,0,2,0,0,0,0,2,0,0,2,0,0,2,2
8,4105.660,-1787.219,-111.723,-136.795,-0.729363,0.682586,0.045897,-0.684065,-0.726743,-0.062454,-0.009275,-0.076948,0.996992,0,0.72000,0.03535,43.200,0.071,-1,400.000,-1,400.000,-1,325.000,325.000,300.000,325.000,-1,500.000,500.000,-1,875.000,750.000,-1,-1,2,0,2,0,2,0,0,0,0,2,0,0,2,0,0,2,2
9,4070.713,-1820.124,-112.270,-136.723,-0.728490,0.683489,0.046324,-0.685000,-0.725893,-0.062086,-0.008809,-0.076960,0.996995,0,0.80000,0.03563,48.000,0.071,-1,400.000,-1,400.000,-1,325.000,325.000,300.000,325.000,-1,525.000,525.000,-1,875.000,750.000,-1,-1,2,0,2,0,2,0,0,0,0,2,0,0,2,0,0,2,2
10,4032.572,-1856.128,-112.842,-136.651,-0.727609,0.684395,0.046782,-0.685941,-0.725025,-0.061837,-0.008403,-0.077083,0.996989,0,0.87417,0.03606,52.450,0.072,-1,400.000,-1,400.000,-1,325.000,325.000,300.000,300.000,-1,550.000,550.000,-1,875.000,750.000,-1,-1,2,0,2,0,2,0,0,0,0,2,0,0,2,0,0,2,2
11,3994.505,-1892.154,-113.506,-136.578,-0.726739,0.685290,0.047206,-0.686861,-0.724114,-0.062295,-0.008507,-0.077696,0.996941,0,0.87354,0.03665,52.412,0.073,-1,425.000,-1,400.000,-1,325.000,325.000,300.000,300.000,-1,600.000,600.000,-1,875.000,750.000,-1,-1,2,0,2,0,2,0,0,0,0,2,0,0,2,0,0,2,2
12,3956.511,-1928.208,-114.293,-136.503,-0.725884,0.686163,0.047674,-0.687755,-0.723145,-0.063674,-0.009216,-0.079008,0.996831,0,0.87296,0.03737,52.378,0.075,-1,425.000,-1,375.000,-1,325.000,325.000,300.000,300.000,-1,650.000,675.000,-1,875.000,750.000,-1,-1,2,0,2,0,2,0,0,0,0,2,0,0,2,0,0,2,2
13,3918.587,-1964.291,-115.046,-136.427,-0.725016,0.687041,0.048239,-0.688659,-0.722138,-0.065301,-0.010029,-0.080564,0.996699,0,0.87245,0.03823,52.347,0.076,-1,425.000,-1,375.000,-1,325.000,325.000,300.000,300.000,-1,725.000,725.000,-1,875.000,750.000,-1,-1,2,0,2,0,2,0,0,0,0,2,0,0,2,0,0,2,2
14,3879.629,-2001.517,-115.790,-136.304,-0.723607,0.688476,0.048928,-0.690125,-0.720561,-0.067234,-0.011033,-0.082417,0.996537,0,0.89807,0.06115,53.884,0.122,-1,425.000,-1,375.000,-1,325.000,325.000,300.000,300.000,-1,800.000,825.000,-1,875.000,-1,-1,-1,2,0,2,0,2,0,0,0,0,2,0,0,2,0,2,2,2
15,3840.591,-2038.977,-116.494,-136.184,-0.722230,0.689867,0.049665,-0.691545,-0.718990,-0.069419,-0.012181,-0.084482,0.996351,0,0.90173,0.06012,54.104,0.120,-1,425.000,-1,375.000,-1,325.000,325.000,300.000,325.000,-1,875.000,925.000,-1,875.000,-1,-1,-1,2,0,2,0,2,0,0,0,0,2,0,0,2,0,2,2,2
16,3801.472,-2076.669,-117.218,-136.066,-0.720876,0.691254,0.050062,-0.692936,-0.717471,-0.071233,-0.013322,-0.086040,0.996203,0,0.90539,0.05900,54.323,0.118,-1,425.000,-1,375.000,-1,325.000,325.000,300.000,325.000,-1,975.000,-1,-1,875.000,-1,-1,-1,2,0,2,0,2,0,0,0,0,2,0,2,2,0,2,2,2
17,3762.272,-2114.593,-117.954,-135.951,-0.719550,0.692597,0.050578,-0.694291,-0.715968,-0.073146,-0.014449,-0.087748,0.996038,0,0.90903,0.05781,54.542,0.116,-1,425.000,-1,375.000,-1,325.000,325.000,300.000,325.000,-1,-1,-1,-1,875.000,-1,-1,-1,2,0,2,0,2,0,0,0,0,2,2,2,2,0,2,2,2
18,3722.992,-2152.745,-118.702,-135.838,-0.718255,0.693893,0.051213,-0.695606,-0.714481,-0.075161,-0.015562,-0.089609,0.995855,0,0.91265,0.05652,54.759,0.113,-1,400.000,-1,400.000,-1,325.000,325.000,300.000,325.000,-1,-1,-1,-1,875.000,-1,-1,-1,2,0,2,0,2,0,0,0,0,2,2,2,2,0,2,2,2
19,3683.630,-2191.123,-119.462,-135.727,-0.716995,0.695138,0.051971,-0.696879,-0.713013,-0.077276,-0.016662,-0.091624,0.995654,0,0.91625,0.05513,54.975,0.110,-1,400.000,-1,400.000,-1,325.000,325.000,300.000,325.000,-1,-1,-1,-1,850.000,-1,-1,-1,2,0,2,0,2,0,0,0,0,2,2,2,2,0,2,2,2
20,3644.187,-2229.726,-120.205,-135.620,-0.715766,0.696338,0.052837,-0.698117,-0.711574,-0.079343,-0.017652,-0.093677,0.995446,0,0.91983,0.05364,55.190,0.107,-1,400.000,-1,400.000,-1,325.000,325.000,300.000,325.000,-1,-1,-1,-1,850.000,-1,-1,-1,2,0,2,0,2,0,0,0,0,2,2,2,2,0,2,2,2
21,3604.661,-2268.547,-121.105,-135.516,-0.714577,0.697594,0.052377,-0.699299,-0.710272,-0.080592,-0.019019,-0.094216,0.995370,0,0.92337,0.05202,55.402,0.104,-1,400.000,-1,400.000,-1,325.000,325.000,300.000,325.000,-1,-1,-1,-1,875.000,-1,-1,-1,2,0,2,0,2,0,0,0,0,2,2,2,2,0,2,2,2
22,3565.054,-2307.585,-122.166,-135.415,-0.713441,0.698841,0.051214,-0.700406,-0.709049,-0.081735,-0.020807,-0.094184,0.995337,0,0.92686,0.05028,55.612,0.101,-1,400.000,-1,400.000,-1,325.000,325.000,300.000,325.000,-1,-1,-1,-1,850.000,-1,-1,-1,2,0,2,1,2,0,0,0,0,2,2,2,2,0,2,2,2
23,3525.366,-2346.835,-123.377,-135.319,-0.712329,0.700013,0.050697,-0.701498,-0.707842,-0.082829,-0.022096,-0.094565,0.995273,0,0.93031,0.04839,55.819,0.097,-1,400.000,-1,500.000,-1,325.000,325.000,300.000,325.000,-1,-1,-1,-1,850.000,-1,-1,-1,2,0,2,1,2,0,0,0,0,2,2,2,2,0,2,2,2
24,3485.598,-2386.293,-124.740,-135.226,-0.711249,0.701088,0.050998,-0.702568,-0.706638,-0.084027,-0.022873,-0.095594,0.995158,0,0.93370,0.04635,56.022,0.093,-1,400.000,-1,-1,-1,325.000,325.000,300.000,325.000,-1,-1,-1,-1,-1,-1,-1,-1,2,0,2,2,2,0,0,0,0,2,2,2,2,2,2,2,2
25,3445.750,-2425.952,-126.101,-135.138,-0.710224,0.702094,0.051433,-0.703579,-0.705476,-0.085319,-0.023618,-0.096783,0.995025,0,0.93701,0.04413,56.221,0.088,-1,400.000,-1,-1,-1,325.000,325.000,300.000,325.000,-1,-1,-1,-1,-1,-1,-1,-1,2,0,2,2,2,0,0,0,0,2,2,2,2,2,2,2,2
26,3405.822,-2465.807,-127.462,-135.054,-0.709259,0.703028,0.052002,-0.704528,-0.704359,-0.086705,-0.024328,-0.098133,0.994876,0,0.94024,0.04172,56.415,0.083,-1,400.000,-1,-1,-1,325.000,400.000,300.000,300.000,-1,-1,-1,-1,-1,-1,-1,-1,2,0,2,2,2,0,1,0,0,2,2,2,2,2,2,2,2
27,3365.817,-2505.849,-128.821,-134.976,-0.708359,0.703882,0.052706,-0.705409,-0.703293,-0.088183,-0.025003,-0.099644,0.994709,0,0.94337,0.03909,56.602,0.078,-1,400.000,-1,-1,-1,325.000,-1,300.000,300.000,-1,-1,-1,-1,-1,-1,-1,-1,2,0,2,2,2,0,2,0,0,2,2,2,2,2,2,2,2
28,3329.096,-2542.388,-131.560,-135.138,-0.710510,0.702150,0.046480,-0.703060,-0.705538,-0.089015,-0.029709,-0.095924,0.994945,0,0.86337,-0.08091,51.802,-0.162,-1,400.000,-1,-1,-1,325.000,-1,325.000,300.000,-1,-1,-1,-1,-1,-1,-1,-1,2,0,2,2,2,1,2,0,0,2,2,2,2,2,2,2,2
29,3294.669,-2576.164,-135.103,-135.540,-0.715562,0.697603,0.036344,-0.697584,-0.710870,-0.089669,-0.036717,-0.089517,0.995308,0,0.80380,-0.20091,48.228,-0.402,-1,375.000,-1,-1,-1,-1,-1,325.000,275.000,-1,-1,-1,-1,-1,-1,-1,-1,2,0,2,2,2,2,2,0,0,2,2,2,2,2,2,2,2
30,3259.875,-2609.786,-139.028,-135.973,-0.720841,0.692671,0.024409,-0.691645,-0.716598,-0.090079,-0.044904,-0.081815,0.995635,0,0.80639,-0.21652,48.384,-0.433,-1,-1,-1,-1,-1,-1,-1,325.000,250.000,-1,-1,-1,-1,-1,-1,-1,-1,2,2,2,2,2,2,2,0,0,2,2,2,2,2,2,2,2
31,3224.714,-2643.246,-143.335,-136.410,-0.725955,0.687659,0.010662,-0.685593,-0.722375,-0.090207,-0.054329,-0.072796,0.995866,0,0.80892,-0.21882,48.535,-0.438,-1,-1,-1,-1,-1,-1,-1,325.000,225.000,-1,-1,-1,-1,-1,-1,-1,-1,2,2,2,2,2,2,2,0,1,2,2,2,2,2,2,2,2
32,3189.189,-2676.533,-148.025,-136.853,-0.730833,0.682538,-0.004913,-0.679453,-0.728178,-0.090004,-0.065009,-0.062440,0.995929,0,0.81135,-0.22131,48.681,-0.443,-1,-1,-1,-1,-1,-1,-1,350.000,225.000,-1,-1,-1,-1,-1,-1,-1,-1,2,2,2,2,2,2,2,0,1,2,2,2,2,2,2,2,2
33,3153.301,-2709.634,-153.128,-137.301,-0.735322,0.677320,-0.023211,-0.673340,-0.734031,-0.088390,-0.076906,-0.049366,0.995815,0,0.81367,-0.22402,48.820,-0.448,-1,-1,-1,-1,-1,-1,-1,350.000,200.000,-1,-1,-1,-1,-1,-1,-1,-1,2,2,2,2,2,2,2,0,1,2,2,2,2,2,2,2,2
34,3117.055,-2742.538,-158.792,-137.755,-0.739352,0.671912,-0.043504,-0.667339,-0.739846,-0.085362,-0.089542,-0.034080,0.995400,0,0.81585,-0.22697,48.951,-0.454,-1,-1,-1,-1,-1,-1,-1,375.000,200.000,-1,-1,-1,-1,-1,-1,-1,-1,2,2,2,2,2,2,2,0,1,2,2,2,2,2,2,2,2
35,3080.457,-2775.232,-164.826,-138.215,-0.742842,0.666233,-0.065718,-0.661425,-0.745544,-0.081738,-0.103452,-0.017251,0.994485,0,0.81785,-0.23022,49.071,-0.460,-1,-1,-1,-1,-1,-1,-1,400.000,175.000,-1,-1,-1,-1,-1,-1,-1,-1,2,2,2,2,2,2,2,0,1,2,2,2,2,2,2,2,2
36,-1639.829,4919.484,-242.020,-164.955,-0.965654,0.259465,0.013776,-0.258868,-0.965283,0.034861,0.022343,0.030098,0.999297,1,0.00000,0.00000,49.178,-0.468,-1,400.000,-1,400.000,-1,325.000,325.000,300.000,300.000,-1,-1,-1,-1,800.000,800.000,-1,-1,2,0,2,0,2,0,0,0,0,2,2,2,2,0,0,2,2
37,-1635.189,4920.711,-242.133,-165.195,-0.966730,0.255419,0.013930,-0.254818,-0.966360,0.034887,0.022372,0.030176,0.999294,0,-0.08000,-0.12000,-4.800,-0.240,-1,400.000,-1,400.000,-1,325.000,325.000,300.000,300.000,-1,-1,-1,-1,800.000,800.000,-1,-1,2,0,2,0,2,0,0,0,0,2,2,2,2,0,0,2,2
38,-1625.887,4923.086,-242.357,-165.675,-0.968831,0.247313,0.014242,-0.246705,-0.968461,0.034932,0.022432,0.030330,0.999288,0,-0.16000,-0.24000,-9.600,-0.480,-1,400.000,-1,400.000,-1,325.000,325.000,300.000,300.000,-1,-1,-1,-1,800.000,800.000,-1,-1,2,0,2,0,2,0,0,0,0,2,2,2,2,0,0,2,2
39,-1611.891,4926.473,-242.686,-166.395,-0.971854,0.235122,0.014717,-0.234503,-0.971486,0.034985,0.022523,0.030549,0.999279,0,-0.24000,-0.36000,-14.400,-0.720,-1,400.000,-1,400.000,-1,325.000,325.000,300.000,300.000,-1,-1,-1,-1,800.000,800.000,-1,-1,2,0,2,0,2,0,0,0,0,2,2,2,2,0,0,2,2
40,-1593.157,4930.676,-243.113,-167.355,-0.975646,0.218810,0.015362,-0.218177,-0.975280,0.035028,0.022646,0.030823,0.999268,0,-0.32000,-0.48000,-19.200,-0.960,-1,400.000,-1,400.000,-1,325.000,325.000,300.000,300.000,-1,-1,-1,-1,800.000,800.000,-1,-1,2,0,2,0,2,0,0,0,0,2,2,2,2,0,0,2,2
41,-1569.634,4935.438,-243.628,-168.555,-0.980000,0.198336,0.016185,-0.197684,-0.979639,0.035037,0.022805,0.031137,0.999255,0,-0.40000,-0.60000,-24.000,-1.200,-1,400.000,-1,400.000,-1,325.000,325.000,325.000,300.000,-1,-1,-1,-1,800.000,800.000,-1,-1,2,0,2,0,2,0,0,0,0,2,2,2,2,0,0,2,2
42,-1541.273,4940.442,-244.219,-169.995,-0.984657,0.173653,0.017198,-0.172980,-0.984304,0.034983,0.023002,0.031471,0.999240,0,-0.48000,-0.72000,-28.800,-1.440,-1,400.000,-1,400.000,-1,325.000,325.000,325.000,300.000,-1,-1,-1,-1,800.000,825.000,-1,-1,2,0,2,0,2,0,0,0,0,2,2,2,2,0,0,2,2
43,-1508.027,4945.307,-244.873,-171.675,-0.989301,0.144720,0.018407,-0.144022,-0.988961,0.034826,0.023244,0.031803,0.999224,0,-0.56000,-0.84000,-33.600,-1.680,-1,400.000,-1,400.000,-1,325.000,325.000,325.000,300.000,-1,-1,-1,-1,800.000,825.000,-1,-1,2,0,2,0,2,0,0,0,0,2,2,2,2,0,0,2,2
44,-1474.548,4949.098,-245.492,-173.539,-0.993461,0.112468,0.019651,-0.111748,-0.993136,0.034540,0.023401,0.032118,0.999210,0,-0.56155,-0.93215,-33.693,-1.864,-1,400.000,-1,425.000,-1,325.000,325.000,325.000,300.000,-1,-1,-1,-1,825.000,850.000,-1,-1,2,0,2,0,2,0,0,0,0,2,2,2,2,0,0,2,2
45,-1440.925,4951.802,-246.071,-175.402,-0.996565,0.080125,0.020917,-0.079384,-0.996259,0.034140,0.023574,0.032362,0.999198,0,-0.56221,-0.93141,-33.733,-1.863,-1,400.000,-1,425.000,-1,325.000,325.000,325.000,300.000,-1,-1,-1,-1,825.000,850.000,-1,-1,2,0,2,0,2,0,0,0,0,2,2,2,2,0,0,2,2
46,-1407.190,4953.415,-246.610,-177.263,-0.998614,0.047724,0.022197,-0.046963,-0.998331,0.033624,0.023765,0.032535,0.999188,0,-0.56288,-0.93064,-33.773,-1.861,-1,400.000,-1,425.000,-1,325.000,325.000,325.000,325.000,-1,-1,-1,-1,825.000,875.000,-1,-1,2,0,2,0,2,0,0,0,0,2,2,2,2,0,0,2,2
47,-1373.381,4953.932,-247.109,-179.123,-0.999607,0.015301,0.023487,-0.014522,-0.999350,0.032989,0.023976,0.032635,0.999180,0,-0.56357,-0.92985,-33.814,-1.860,-1,400.000,-1,425.000,-1,325.000,325.000,325.000,325.000,-1,-1,-1,-1,850.000,875.000,-1,-1,2,0,2,0,2,0,0,0,0,2,2,2,2,0,0,2,2
48,-1339.531,4953.353,-247.569,-180.981,-0.999547,-0.017110,0.024778,0.017905,-0.999320,0.032234,0.024209,0.032663,0.999173,0,-0.56426,-0.92902,-33.855,-1.858,-1,400.000,-1,425.000,-1,325.000,325.000,325.000,325.000,-1,-1,-1,-1,850.000,900.000,-1,-1,2,0,2,0,2,0,0,0,0,2,2,2,2,0,0,2,2
49,-1310.505,4952.035,-248.065,-182.599,-0.998641,-0.045319,0.025738,0.046134,-0.998423,0.031980,0.024248,0.033124,0.999157,0,-0.48426,-0.80902,-29.055,-1.618,-1,400.000,-1,425.000,-1,325.000,325.000,325.000,325.000,-1,-1,-1,-1,850.000,900.000,-1,-1,2,0,2,0,2,0,0,0,0,2,2,2,2,0,0,2,2
50,-1286.309,4950.352,-248.868,-183.977,-0.997234,-0.069314,0.026823,0.070177,-0.996999,0.032687,0.024477,0.034479,0.999106,0,-0.40426,-0.68902,-24.255,-1.378,-1,400.000,-1,425.000,-1,325.000,325.000,325.000,325.000,-1,-1,-1,-1,850.000,900.000,-1,-1,2,0,2,0,2,0,0,0,0,2,2,2,2,0,0,2,2
51,-1266.931,4948.617,-249.632,-185.115,-0.995633,-0.089101,0.027872,0.089995,-0.995407,0.032657,0.024834,0.035023,0.999078,0,-0.32426,-0.56902,-19.455,-1.138,-1,400.000,-1,425.000,-1,325.000,325.000,325.000,300.000,-1,-1,-1,-1,850.000,900.000,-1,-1,2,0,2,0,2,0,0,0,0,2,2,2,2,0,0,2,2
52,-1252.356,4947.082,-250.210,-186.013,-0.994091,-0.104690,0.028701,0.105607,-0.993875,0.032565,0.025116,0.035404,0.999057,0,-0.24426,-0.44902,-14.655,-0.898,-1,400.000,-1,425.000,-1,325.000,325.000,325.000,300.000,-1,-1,-1,-1,875.000,900.000,-1,-1,2,0,2,0,2,0,0,0,0,2,2,2,2,0,0,2,2
53,-1242.568,4945.937,-250.594,-186.671,-0.992807,-0.116096,0.029263,0.117029,-0.992596,0.032502,0.025273,0.035693,0.999043,0,-0.16426,-0.32902,-9.855,-0.658,-1,400.000,-1,425.000,-1,325.000,325.000,325.000,300.000,-1,-1,-1,-1,875.000,900.000,-1,-1,2,0,2,0,2,0,0,0,0,2,2,2,2,0,0,2,2
54,-1237.551,4945.313,-250.789,-187.089,-0.991925,-0.123334,0.029555,0.124276,-0.991716,0.032484,0.025304,0.035895,0.999035,0,-0.08426,-0.20902,-5.055,-0.418,-1,400.000,-1,425.000,-1,325.000,325.000,325.000,300.000,-1,-1,-1,-1,875.000,900.000,-1,-1,2,0,2,0,2,0,0,0,0,2,2,2,2,0,0,2,2
55,-1237.298,4945.280,-250.798,-187.267,-0.991536,-0.126415,0.029578,0.127358,-0.991323,0.032522,0.025210,0.036014,0.999033,0,-0.00426,-0.08902,-0.255,-0.178,-1,400.000,-1,425.000,-1,325.000,325.000,325.000,300.000,-1,-1,-1,-1,875.000,900.000,-1,-1,2,0,2,0,2,0,0,0,0,2,2,2,2,0,0,2,2
56,-1241.807,4945.850,-250.621,-187.205,-0.991680,-0.125343,0.029330,0.126280,-0.991458,0.032619,0.024991,0.036051,0.999037,0,0.07574,0.03098,4.545,0.062,-1,400.000,-1,425.000,-1,325.000,325.000,325.000,300.000,-1,-1,-1,-1,875.000,900.000,-1,-1,2,0,2,0,2,0,0,0,0,2,2,2,2,0,0,2,2
57,-1251.084,4946.974,-250.258,-186.903,-0.992342,-0.120116,0.028811,0.121039,-0.992107,0.032768,0.024648,0.036005,0.999048,0,0.15574,0.15098,9.345,0.302,-1,400.000,-1,425.000,-1,325.000,325.000,325.000,300.000,-1,-1,-1,-1,875.000,900.000,-1,-1,2,0,2,0,2,0,0,0,0,2,2,2,2,0,0,2,2
58,-1265.141,4948.541,-249.703,-186.361,-0.993456,-0.110727,0.028022,0.111629,-0.993203,0.032960,0.024182,0.035872,0.999064,0,0.23574,0.27098,14.145,0.542,-1,400.000,-1,425.000,-1,325.000,325.000,325.000,300.000,-1,-1,-1,-1,875.000,900.000,-1,-1,2,0,2,0,2,0,0,0,0,2,2,2,2,0,0,2,2
59,-1283.996,4950.383,-249.015,-185.579,-0.994898,-0.097164,0.027142,0.098036,-0.994639,0.032898,0.023800,0.035391,0.999090,0,0.31574,0.39098,18.945,0.782,-1,400.000,-1,425.000,-1,325.000,325.000,325.000,325.000,-1,-1,-1,-1,850.000,900.000,-1,-1,2,0,2,0,2,0,0,0,0,2,2,2,2,0,0,2,2
60,-1307.658,4952.357,-248.305,-184.767,-0.996207,-0.083054,0.025967,0.083872,-0.995957,0.032164,0.023191,0.034220,0.999145,0,0.39574,0.40623,23.745,0.812,-1,400.000,-1,425.000,-1,325.000,325.000,325.000,325.000,-1,-1,-1,-1,850.000,900.000,-1,-1,2,0,2,0,2,0,0,0,0,2,2,2,2,0,0,2,2
61,-1336.135,4954.327,-247.667,-183.956,-0.997310,-0.068948,0.024865,0.069720,-0.997064,0.031656,0.022609,0.033304,0.999190,0,0.47574,0.40559,28.545,0.811,-1,400.000,-1,425.000,-1,325.000,325.000,325.000,325.000,-1,-1,-1,-1,850.000,900.000,-1,-1,2,0,2,0,2,0,0,0,0,2,2,2,2,0,0,2,2
62,-1369.429,4956.157,-247.273,-183.146,-0.998216,-0.054852,0.023597,0.055601,-0.997930,0.032328,0.021775,0.033583,0.999199,0,0.55574,0.40480,33.345,0.810,-1,400.000,-1,425.000,-1,325.000,325.000,325.000,325.000,-1,-1,-1,-1,850.000,875.000,-1,-1,2,0,2,0,2,0,0,0,0,2,2,2,2,0,0,2,2
63,-1407.541,4957.713,-246.805,-182.338,-0.998923,-0.040779,0.022145,0.041497,-0.998593,0.033013,0.020768,0.033896,0.999210,0,0.63574,0.40386,38.145,0.808,-1,400.000,-1,425.000,-1,325.000,325.000,300.000,325.000,-1,-1,-1,-1,825.000,875.000,-1,-1,2,0,2,0,2,0,0,0,0,2,2,2,2,0,0,2,2
64,-1450.471,4958.862,-246.259,-181.533,-0.999432,-0.026735,0.020512,0.027417,-0.999056,0.033696,0.019592,0.034239,0.999222,0,0.71574,0.40276,42.945,0.806,-1,400.000,-1,425.000,-1,325.000,325.000,300.000,300.000,-1,-1,-1,-1,825.000,850.000,-1,-1,2,0,2,0,2,0,0,0,0,2,2,2,2,0,0,2,2
65,-1498.211,4959.470,-245.632,-180.730,-0.999744,-0.012733,0.018699,0.013370,-0.999320,0.034366,0.018249,0.034607,0.999234,0,0.79574,0.40147,47.745,0.803,-1,400.000,-1,425.000,-1,325.000,325.000,300.000,300.000,-1,-1,-1,-1,825.000,850.000,-1,-1,2,0,2,0,2,0,0,0,0,2,2,2,2,0,0,2,2
66,-1550.756,4959.406,-244.918,-179.930,-0.999860,0.001220,0.016711,-0.000635,-0.999387,0.035013,0.016744,0.034998,0.999247,0,0.87574,0.39997,52.545,0.800,-1,400.000,-1,400.000,-1,325.000,325.000,300.000,300.000,-1,-1,-1,-1,800.000,825.000,-1,-1,2,0,2,0,2,0,0,0,0,2,2,2,2,0,0,2,2
67,-1603.658,4958.606,-244.173,-179.134,-0.999777,0.015112,0.014717,-0.014581,-0.999260,0.035586,0.015244,0.035364,0.999258,0,0.88182,0.39824,52.909,0.796,-1,400.000,-1,400.000,-1,325.000,325.000,300.000,300.000,-1,-1,-1,-1,800.000,825.000,-1,-1,2,0,2,0,2,0,0,0,0,2,2,2,2,0,0,2,2
68,-1656.525,4957.074,-243.403,-178.341,-0.999500,0.028937,0.012733,-0.028461,-0.998943,0.036085,0.013764,0.035704,0.999268,0,0.88148,0.39642,52.889,0.793,-1,400.000,-1,400.000,-1,325.000,325.000,300.000,300.000,-1,-1,-1,-1,775.000,800.000,-1,-1,2,0,2,0,2,0,0,0,0,2,2,2,2,0,0,2,2
69,-1709.352,4954.815,-242.605,-177.552,-0.999030,0.042690,0.010759,-0.042271,-0.998439,0.036512,0.012301,0.036022,0.999275,0,0.88126,0.39451,52.876,0.789,-1,400.000,-1,400.000,-1,325.000,325.000,300.000,300.000,-1,-1,-1,-1,775.000,800.000,-1,-1,2,0,2,0,2,0,0,0,0,2,2,2,2,0,0,2,2
70,-1762.138,4951.833,-241.779,-176.767,-0.998371,0.056365,0.008796,-0.056005,-0.997749,0.036873,0.010855,0.036320,0.999281,0,0.88116,0.39253,52.870,0.785,-1,400.000,-1,400.000,-1,325.000,325.000,300.000,300.000,-1,-1,-1,-1,775.000,775.000,-1,-1,2,0,2,0,2,0,0,0,0,2,2,2,2,0,0,2,2
71,-1814.878,4948.132,-240.925,-175.986,-0.997526,0.069958,0.006844,-0.069658,-0.996878,0.037170,0.009423,0.036602,0.999286,0,0.88117,0.39047,52.870,0.781,-1,400.000,-1,400.000,-1,325.000,325.000,300.000,300.000,-1,-1,-1,-1,750.000,775.000,-1,-1,2,0,2,0,2,0,0,0,0,2,2,2,2,0,0,2,2
72,-1867.571,4943.716,-240.040,-175.209,-0.996499,0.083464,0.004903,-0.083224,-0.995829,0.037408,0.008005,0.036869,0.999288,0,0.88130,0.38834,52.878,0.777,-1,400.000,-1,400.000,-1,325.000,325.000,300.000,300.000,-1,-1,-1,-1,750.000,750.000,-1,-1,2,0,2,0,2,0,0,0,0,2,2,2,2,0,0,2,2
73,-1920.213,4938.588,-239.125,-174.437,-0.995292,0.096878,0.002974,-0.096699,-0.994604,0.037590,0.006599,0.037125,0.999289,0,0.88152,0.38615,52.891,0.772,-1,375.000,-1,375.000,-1,325.000,325.000,300.000,325.000,-1,-1,-1,-1,750.000,750.000,-1,-1,2,0,2,0,2,0,0,0,0,2,2,2,2,0,0,2,2
74,-1972.802,4932.753,-238.356,-173.669,-0.993908,0.110193,0.001932,-0.110038,-0.993183,0.038468,0.006157,0.038021,0.999258,0,0.88186,0.38389,52.911,0.768,-1,375.000,-1,375.000,-1,325.000,300.000,325.000,325.000,-1,-1,-1,-1,750.000,725.000,-1,-1,2,0,2,0,2,0,0,0,0,2,2,2,2,0,0,2,2
75,-2025.334,4926.215,-237.768,-172.906,-0.992353,0.123411,0.002195,-0.123234,-0.991624,0.038673,0.006949,0.038107,0.999250,0,0.88229,0.38156,52.937,0.763,-1,375.000,-1,375.000,-1,325.000,300.000,325.000,325.000,-1,-1,-1,-1,750.000,725.000,-1,-1,2,0,2,0,2,0,0,0,0,2,2,2,2,0,0,2,2
76,-2077.805,4918.979,-237.227,-172.147,-0.990632,0.136526,0.002858,-0.136315,-0.989913,0.038607,0.008100,0.037856,0.999250,0,0.88281,0.37918,52.969,0.758,-1,400.000,-1,375.000,-1,325.000,300.000,325.000,325.000,1000.000,-1,-1,-1,750.000,725.000,-1,-1,2,0,2,0,2,0,0,0,0,1,2,2,2,0,0,2,2
77,-2127.072,4911.729,-236.703,-171.629,-0.989355,0.145477,0.003482,-0.145237,-0.988646,0.038527,0.009047,0.037612,0.999251,0,0.82995,0.25918,49.797,0.518,-1,400.000,-1,375.000,-1,325.000,325.000,300.000,325.000,-1,-1,-1,-1,750.000,725.000,-1,-1,2,0,2,0,2,0,0,0,0,2,2,2,2,0,0,2,2
78,-2176.337,4904.235,-236.172,-171.351,-0.988635,0.150280,0.004098,-0.150014,-0.987937,0.038434,0.009824,0.037382,0.999253,0,0.83053,0.13918,49.832,0.278,-1,400.000,-1,375.000,-1,325.000,325.000,300.000,325.000,-1,-1,-1,-1,775.000,725.000,-1,-1,2,0,2,0,2,0,0,0,0,2,2,2,2,0,0,2,2
79,-2225.631,4896.703,-235.641,-171.312,-0.988531,0.150942,0.004700,-0.150655,-0.987843,0.038334,0.010429,0.037186,0.999254,0,0.83110,0.01918,49.866,0.038,-1,400.000,-1,375.000,-1,325.000,325.000,300.000,325.000,-1,-1,-1,-1,775.000,725.000,-1,-1,2,0,2,0,2,0,0,0,0,2,2,2,2,0,0,2,2
80,-2274.986,4889.339,-235.116,-171.514,-0.989053,0.147466,0.005279,-0.147160,-0.988373,0.038236,0.010856,0.037040,0.999255,0,0.83169,-0.10082,49.902,-0.202,-1,400.000,-1,375.000,-1,325.000,325.000,300.000,325.000,-1,-1,-1,-1,775.000,725.000,-1,-1,2,0,2,0,2,0,0,0,0,2,2,2,2,0,0,2,2
81,-2324.436,4882.351,-234.605,-171.956,-0.990157,0.139843,0.005828,-0.139524,-0.989484,0.038147,0.011101,0.036958,0.999255,0,0.83234,-0.22082,49.941,-0.442,-1,400.000,-1,375.000,-1,325.000,325.000,300.000,325.000,-1,-1,-1,-1,775.000,725.000,-1,-1,2,0,2,0,2,0,0,0,0,2,2,2,2,0,0,2,2
82,-2374.008,4875.945,-234.114,-172.637,-0.991746,0.128062,0.006342,-0.127732,-0.991078,0.038076,0.011162,0.036951,0.999255,0,0.83308,-0.34082,49.985,-0.682,-1,400.000,-1,375.000,-1,325.000,325.000,300.000,325.000,-1,-1,-1,-1,775.000,725.000,-1,-1,2,0,2,0,2,0,0,0,0,2,2,2,2,0,0,2,2
83,-2423.707,4870.147,-233.642,-173.346,-0.993249,0.115798,0.006830,-0.115459,-0.992584,0.038034,0.011184,0.036989,0.999253,0,0.83393,-0.35423,50.036,-0.708,-1,400.000,-1,375.000,-1,325.000,325.000,300.000,325.000,-1,-1,-1,-1,800.000,725.000,-1,-1,2,0,2,0,2,0,0,0,0,2,2,2,2,0,0,2,2
84,-2473.537,4864.963,-233.189,-174.060,-0.994612,0.103413,0.007296,-0.103065,-0.993948,0.038024,0.011184,0.037067,0.999250,0,0.83498,-0.35718,50.099,-0.714,-1,400.000,-1,375.000,-1,325.000,325.000,300.000,325.000,-1,-1,-1,-1,800.000,725.000,-1,-1,2,0,2,0,2,0,0,0,0,2,2,2,2,0,0,2,2
85,-2525.569,4860.241,-232.741,-174.815,-0.995884,0.090306,0.007761,-0.089950,-0.995219,0.038047,0.011160,0.037192,0.999246,0,0.87075,-0.37752,52.245,-0.755,-1,400.000,-1,375.000,-1,325.000,325.000,300.000,325.000,-1,-1,-1,-1,800.000,725.000,1000.000,-1,2,0,2,0,2,0,0,0,0,2,2,2,2,0,0,1,2
86,-2577.864,4856.187,-232.313,-175.568,-0.996979,0.077230,0.008211,-0.076865,-0.996313,0.038104,0.011124,0.037358,0.999240,0,0.87421,-0.37618,52.453,-0.752,-1,400.000,-1,375.000,-1,325.000,300.000,300.000,325.000,-1,-1,-1,-1,800.000,725.000,925.000,-1,2,0,2,0,2,0,0,0,0,2,2,2,2,1,0,1,2
87,-2630.413,4852.805,-231.796,-176.317,-0.997901,0.064194,0.008496,-0.063830,-0.997246,0.037772,0.010897,0.037151,0.999250,0,0.87762,-0.37468,52.657,-0.749,-1,400.000,-1,375.000,-1,325.000,300.000,300.000,325.000,-1,-1,-1,-1,750.000,750.000,875.000,-1,2,0,2,0,2,0,0,0,0,2,2,2,2,1,0,1,2
88,-2683.201,4850.097,-231.212,-177.063,-0.998651,0.051206,0.008583,-0.050854,-0.998017,0.037098,0.010466,0.036611,0.999275,0,0.88096,-0.37300,52.858,-0.746,925.000,400.000,-1,375.000,-1,325.000,300.000,300.000,325.000,-1,-1,-1,-1,700.000,750.000,800.000,-1,1,0,2,0,2,0,0,0,0,2,2,2,2,1,0,1,2
89,-2736.216,4848.065,-230.662,-177.805,-0.999230,0.038273,0.008631,-0.037935,-0.998617,0.036397,0.010012,0.036042,0.999300,0,0.88422,-0.37113,53.053,-0.742,850.000,400.000,-1,375.000,-1,325.000,300.000,300.000,325.000,-1,-1,-1,-1,650.000,750.000,750.000,-1,1,0,2,0,2,0,0,0,0,2,2,2,2,1,0,1,2
90,-2789.443,4846.712,-230.136,-178.543,-0.999640,0.025405,0.008675,-0.025080,-0.999047,0.035713,0.009574,0.035482,0.999324,0,0.88740,-0.36907,53.244,-0.738,775.000,400.000,-1,375.000,-1,325.000,300.000,300.000,325.000,-1,-1,-1,-1,625.000,750.000,700.000,-1,1,0,2,0,2,0,0,0,0,2,2,2,2,1,0,1,2
91,-2842.867,4846.038,-229.633,-179.277,-0.999882,0.012612,0.008717,-0.012300,-0.999310,0.035050,0.009153,0.034939,0.999348,0,0.89047,-0.36680,53.428,-0.734,700.000,400.000,-1,375.000,-1,325.000,300.000,300.000,325.000,-1,-1,-1,-1,575.000,750.000,625.000,-1,1,0,2,0,2,0,0,0,0,2,2,2,2,1,0,1,2
92,-2896.472,4846.044,-229.151,-180.006,-0.999962,-0.000096,0.008761,0.000398,-0.999408,0.034414,0.008752,0.034416,0.999369,0,0.89342,-0.36431,53.605,-0.729,625.000,400.000,-1,375.000,-1,325.000,300.000,300.000,325.000,-1,-1,-1,-1,525.000,750.000,575.000,-1,1,0,2,0,2,0,0,0,0,2,2,2,2,1,0,1,2
93,-2950.241,4846.728,-228.691,-180.729,-0.999880,-0.012711,0.008810,0.013002,-0.999344,0.033809,0.008375,0.033919,0.999389,0,0.89622,-0.36159,53.773,-0.723,550.000,400.000,-1,375.000,-1,325.000,300.000,300.000,325.000,-1,-1,-1,-1,500.000,750.000,525.000,-1,1,1,2,0,2,0,0,0,0,2,2,2,2,1,0,1,2
94,-3004.156,4848.089,-228.251,-181.446,-0.999643,-0.025219,0.008868,0.025501,-0.999122,0.033240,0.008022,0.033454,0.999408,0,0.89886,-0.35861,53.932,-0.717,500.000,350.000,-1,375.000,-1,325.000,300.000,300.000,325.000,-1,-1,-1,-1,450.000,750.000,450.000,-1,1,1,2,0,2,1,0,0,0,2,2,2,2,1,0,1,2
95,-3058.196,4850.124,-227.829,-182.157,-0.999252,-0.037611,0.008940,0.037885,-0.998747,0.032711,0.007698,0.033025,0.999425,0,0.90131,-0.35537,54.079,-0.711,425.000,325.000,-1,375.000,-1,300.000,300.000,300.000,325.000,-1,-1,-1,-1,425.000,750.000,400.000,-1,1,1,2,0,2,1,0,0,0,2,2,2,2,1,0,1,2
96,-3112.341,4852.830,-227.426,-182.860,-0.998715,-0.049875,0.009028,0.050142,-0.998222,0.032227,0.007404,0.032638,0.999440,0,0.90354,-0.35184,54.212,-0.704,375.000,300.000,-1,400.000,-1,275.000,300.000,325.000,325.000,-1,-1,-1,-1,400.000,775.000,350.000,-1,1,1,2,0,2,1,0,0,0,2,2,2,2,1,0,1,2
97,-3166.567,4856.200,-227.040,-183.556,-0.998034,-0.061998,0.009137,0.062259,-0.997554,0.031791,0.007144,0.032297,0.999453,0,0.90552,-0.34801,54.331,-0.696,300.000,300.000,-1,400.000,-1,275.000,325.000,325.000,325.000,-1,-1,-1,-1,375.000,775.000,300.000,-1,1,1,2,0,2,1,0,0,0,2,2,2,2,1,0,1,2
98,-3220.850,4860.228,-226.670,-184.244,-0.997218,-0.073967,0.009272,0.074225,-0.996747,0.031407,0.006918,0.032008,0.999464,0,0.90720,-0.34386,54.432,-0.688,250.000,275.000,-1,400.000,-1,275.000,325.000,325.000,325.000,-1,-1,-1,-1,350.000,775.000,250.000,-1,1,1,2,0,2,1,0,0,0,2,2,2,2,1,0,1,2
99,-3275.163,4864.903,-224.927,-184.923,-0.996210,-0.085753,0.014583,0.086234,-0.995611,0.036359,0.011401,0.037479,0.999232,0,0.90856,-0.33937,54.514,-0.679,200.000,250.000,-1,400.000,-1,275.000,325.000,325.000,325.000,-1,-1,-1,-1,350.000,800.000,200.000,-1,1,1,2,0,2,1,0,0,0,2,2,2,2,1,0,1,2
100,-3329.479,4870.205,-219.326,-185.592,-0.994674,-0.097271,0.034075,0.099073,-0.993508,0.055912,0.028415,0.058990,0.997854,0,0.90954,-0.33452,54.573,-0.669,200.000,275.000,-1,450.000,-1,300.000,375.000,400.000,300.000,-1,450.000,300.000,-1,375.000,875.000,200.000,-1,1,1,2,0,2,1,0,0,0,2,0,0,2,1,0,1,2
101,-3383.764,4876.129,-214.192,-186.250,-0.992718,-0.108533,0.052257,0.112223,-0.990939,0.073794,0.043774,0.079121,0.995903,0,0.91010,-0.32928,54.606,-0.659,175.000,300.000,-1,475.000,-1,350.000,400.000,475.000,275.000,-1,325.000,150.000,-1,400.000,975.000,175.000,-1,1,1,2,0,2,1,0,0,0,2,0,0,2,1,0,1,2
102,-3437.985,4882.662,-209.498,-186.898,-0.990415,-0.119524,0.069225,0.125506,-0.988030,0.089692,0.057676,0.097521,0.993561,0,0.91017,-0.32365,54.610,-0.647,175.000,325.000,-1,525.000,-1,400.000,450.000,550.000,275.000,-1,250.000,75.000,825.000,450.000,-1,175.000,-1,1,1,2,0,2,1,0,0,0,2,0,0,0,1,2,1,2
103,-3492.102,4889.790,-205.275,-187.533,-0.987850,-0.130240,0.084792,0.138740,-0.984900,0.103556,0.070024,0.114062,0.991003,0,0.90970,-0.31760,54.582,-0.635,150.000,350.000,-1,550.000,-1,500.000,475.000,525.000,275.000,-1,225.000,50.000,625.000,500.000,-1,175.000,-1,1,1,2,0,2,1,0,1,0,2,0,0,0,1,2,1,2
104,-3550.854,4898.444,-201.339,-188.408,-0.984376,-0.144992,0.099903,0.156222,-0.980928,0.115651,0.081229,0.129451,0.988253,0,0.98970,-0.43760,59.382,-0.875,150.000,400.000,-1,575.000,-1,550.000,500.000,400.000,250.000,-1,200.000,25.000,500.000,650.000,-1,175.000,-1,1,1,2,0,2,0,0,1,0,2,0,0,0,1,2,1,2
105,-3610.040,4908.324,-198.245,-189.502,-0.980112,-0.163421,0.112576,0.177037,-0.976363,0.123989,0.089652,0.141453,0.985877,0,1.00000,-0.54692,60.000,-1.094,125.000,475.000,-1,600.000,-1,600.000,525.000,300.000,250.000,-1,200.000,0.000,425.000,875.000,-1,175.000,-1,1,1,2,0,2,0,0,1,0,2,0,0,0,1,2,1,2
106,-3669.028,4919.321,-196.060,-190.578,-0.975783,-0.181505,0.122078,0.196906,-0.971920,0.128843,0.095264,0.149760,0.984122,0,1.00000,-0.53807,60.000,-1.076,125.000,550.000,-1,625.000,-1,625.000,550.000,225.000,250.000,-1,200.000,0.000,375.000,-1,-1,175.000,-1,1,1,2,0,2,0,0,1,0,2,0,0,0,2,2,1,2
107,-3727.801,4931.412,-194.835,-191.635,-0.971547,-0.199275,0.128005,0.215652,-0.967749,0.130216,0.097928,0.154116,0.983188,0,1.00000,-0.52869,60.000,-1.057,100.000,650.000,-1,625.000,-1,625.000,575.000,175.000,250.000,-1,200.000,0.000,350.000,-1,-1,200.000,-1,1,1,2,0,2,0,0,1,0,2,0,0,0,2,2,1,2
108,5575.416,983.905,-97.502,112.643,-0.387394,-0.921828,0.012601,0.918128,-0.384529,0.095807,-0.083473,0.048684,0.995320,1,0.00000,0.00000,60.000,-1.038,-1,375.000,-1,400.000,-1,325.000,325.000,300.000,300.000,-1,-1,-1,-1,675.000,700.000,-1,-1,2,0,2,0,2,0,0,0,0,2,2,2,2,0,0,2,2
109,5573.549,988.327,-97.887,112.883,-0.391260,-0.920194,0.012584,0.916503,-0.388380,0.095825,-0.083291,0.049026,0.995319,0,0.08000,0.12000,4.800,0.240,-1,375.000,-1,400.000,-1,325.000,325.000,300.000,300.000,-1,-1,-1,-1,675.000,700.000,-1,-1,2,0,2,0,2,0,0,0,0,2,2,2,2,0,0,2,2
110,5569.742,997.139,-98.651,113.363,-0.398972,-0.916877,0.012551,0.913206,-0.396062,0.095858,-0.082919,0.049706,0.995316,0,0.16000,0.24000,9.600,0.480,-1,375.000,-1,400.000,-1,325.000,325.000,300.000,300.000,-1,-1,-1,-1,675.000,700.000,-1,-1,2,0,2,0,2,0,0,0,0,2,2,2,2,0,0,2,2
111,5563.866,1010.286,-99.787,114.083,-0.410486,-0.911781,0.012505,0.908142,-0.407532,0.095900,-0.082343,0.050722,0.995312,0,0.24000,0.36000,14.400,0.720,-1,375.000,-1,375.000,-1,325.000,325.000,300.000,300.000,-1,-1,-1,-1,675.000,700.000,-1,-1,2,0,2,0,2,0,0,0,0,2,2,2,2,0,0,2,2
112,5555.738,1027.680,-101.284,115.043,-0.425734,-0.904763,0.012450,0.901167,-0.422722,0.095941,-0.081541,0.052065,0.995309,0,0.32000,0.48000,19.200,0.960,-1,375.000,-1,375.000,-1,325.000,325.000,300.000,300.000,-1,-1,-1,-1,675.000,675.000,-1,-1,2,0,2,0,2,0,0,0,0,2,2,2,2,0,0,2,2
113,5545.130,1049.208,-103.125,116.228,-0.444391,-0.895747,0.012395,0.892209,-0.441308,0.095968,-0.080493,0.053706,0.995307,0,0.40000,0.59264,24.000,1.185,-1,375.000,-1,375.000,-1,300.000,325.000,300.000,300.000,-1,-1,-1,-1,675.000,675.000,-1,-1,2,0,2,0,2,0,0,0,0,2,2,2,2,0,0,2,2
114,5531.869,1074.773,-105.298,117.415,-0.462877,-0.886336,0.012392,0.882862,-0.459721,0.095973,-0.079367,0.055364,0.995307,0,0.48000,0.59330,28.800,1.187,-1,375.000,-1,375.000,-1,300.000,325.000,300.000,300.000,-1,-1,-1,-1,675.000,675.000,-1,-1,2,0,2,0,2,0,0,0,0,2,2,2,2,0,0,2,2
115,5515.783,1104.271,-107.790,118.603,-0.481189,-0.876528,0.012455,0.873127,-0.477959,0.095937,-0.078139,0.057039,0.995309,0,0.56000,0.59417,33.600,1.188,-1,375.000,-1,375.000,-1,300.000,300.000,300.000,300.000,-1,-1,-1,-1,675.000,675.000,-1,-1,2,0,2,0,2,0,0,0,0,2,2,2,2,0,0,2,2
116,5497.720,1135.816,-110.383,119.794,-0.499308,-0.866334,0.012486,0.863029,-0.496025,0.095601,-0.076629,0.058510,0.995341,0,0.60583,0.59527,36.350,1.191,-1,375.000,-1,375.000,-1,300.000,300.000,300.000,300.000,-1,-1,-1,-1,675.000,650.000,-1,-1,2,0,2,0,2,0,0,0,0,2,2,2,2,0,0,2,2
117,5478.988,1167.005,-113.053,120.987,-0.517268,-0.855722,0.013152,0.852563,-0.513896,0.095116,-0.074634,0.060413,0.995379,0,0.60638,0.59649,36.383,1.193,-1,375.000,-1,375.000,-1,300.000,300.000,300.000,300.000,-1,-1,-1,-1,675.000,650.000,-1,-1,2,0,2,0,2,0,0,0,0,2,2,2,2,0,0,2,2
118,5459.591,1197.826,-115.676,122.182,-0.535033,-0.844717,0.013884,0.841713,-0.531576,0.094584,-0.072516,0.062292,0.995420,0,0.60695,0.59771,36.417,1.195,-1,375.000,-1,375.000,-1,300.000,300.000,300.000,300.000,-1,-1,-1,-1,675.000,650.000,-1,-1,2,0,2,0,2,0,0,0,0,2,2,2,2,0,0,2,2
119,5439.535,1228.262,-118.235,123.380,-0.552591,-0.833325,0.014614,0.830481,-0.549056,0.094014,-0.070320,0.064088,0.995464,0,0.60752,0.59894,36.451,1.198,-1,375.000,-1,375.000,-1,300.000,300.000,325.000,300.000,-1,-1,-1,-1,675.000,625.000,-1,-1,2,0,2,0,2,0,0,0,0,2,2,2,2,0,0,2,2
120,5418.827,1258.301,-120.544,124.580,-0.569886,-0.821585,0.015090,0.818945,-0.566355,0.092575,-0.067512,0.065115,0.995591,0,0.60810,0.60018,36.486,1.200,-1,375.000,-1,375.000,-1,300.000,300.000,325.000,325.000,-1,-1,-1,-1,675.000,625.000,-1,-1,2,0,2,0,2,0,0,0,0,2,2,2,2,0,0,2,2
121,5397.472,1287.927,-122.744,125.783,-0.586951,-0.809473,0.015546,0.807049,-0.583447,0.090892,-0.064504,0.065896,0.995739,0,0.60868,0.60142,36.521,1.203,-1,375.000,-1,375.000,-1,300.000,300.000,325.000,325.000,-1,-1,-1,-1,675.000,625.000,-1,-1,2,0,2,0,2,0,0,0,0,2,2,2,2,0,0,2,2
122,5372.751,1321.036,-125.160,126.746,-0.600401,-0.799537,0.016107,0.797331,-0.596954,0.088932,-0.061489,0.066238,0.995907,0,0.68868,0.48142,41.321,0.963,-1,375.000,-1,350.000,-1,300.000,300.000,325.000,325.000,-1,-1,-1,-1,675.000,625.000,-1,-1,2,0,2,0,2,0,0,0,0,2,2,2,2,0,0,2,2
123,5346.637,1355.106,-127.606,127.469,-0.610364,-0.791945,0.016711,0.789950,-0.606995,0.086807,-0.058603,0.066184,0.996085,0,0.71546,0.36142,42.928,0.723,-1,375.000,-1,350.000,-1,300.000,300.000,300.000,325.000,-1,-1,-1,-1,700.000,625.000,-1,-1,2,0,2,0,2,0,0,0,0,2,2,2,2,0,0,2,2
124,5320.224,1388.972,-130.012,127.952,-0.616934,-0.786826,0.017257,0.785023,-0.613666,0.084577,-0.055957,0.065726,0.996267,0,0.71581,0.24142,42.949,0.483,-1,375.000,-1,350.000,-1,300.000,300.000,300.000,325.000,-1,-1,-1,-1,700.000,625.000,-1,-1,2,0,2,0,2,0,0,0,0,2,2,2,2,0,0,2,2
125,5293.527,1422.628,-132.325,128.422,-0.623301,-0.781780,0.017793,0.780153,-0.620126,0.082494,-0.053458,0.065299,0.996433,0,0.71599,0.23535,42.959,0.471,-1,375.000,-1,350.000,-1,300.000,300.000,300.000,325.000,-1,875.000,825.000,-1,700.000,625.000,-1,-1,2,0,2,0,2,0,0,0,0,2,0,0,2,0,0,2,2
126,5266.548,1456.067,-134.537,128.897,-0.629684,-0.776634,0.018376,0.775174,-0.626595,0.080529,-0.051027,0.064952,0.996583,0,0.71610,0.23729,42.966,0.475,-1,375.000,-1,350.000,-1,300.000,300.000,300.000,325.000,-1,650.000,625.000,-1,700.000,625.000,-1,-1,2,0,2,0,2,0,0,0,0,2,0,0,2,0,0,2,2
127,5239.288,1489.282,-136.681,129.375,-0.636075,-0.771394,0.018970,0.770098,-0.633075,0.078521,-0.048561,0.064554,0.996732,0,0.71615,0.23924,42.969,0.478,-1,375.000,-1,350.000,-1,300.000,300.000,300.000,325.000,-1,550.000,550.000,-1,700.000,650.000,-1,-1,2,0,2,0,2,0,0,0,0,2,0,0,2,0,0,2,2
128,5211.751,1522.265,-138.753,129.858,-0.642472,-0.766059,0.019576,0.764924,-0.639565,0.076472,-0.046062,0.064105,0.996880,0,0.71614,0.24119,42.968,0.482,-1,375.000,-1,350.000,-1,300.000,300.000,300.000,325.000,-1,500.000,500.000,-1,725.000,650.000,-1,-1,2,0,2,0,2,0,0,0,0,2,0,0,2,0,0,2,2
129,5183.938,1555.011,-140.755,130.344,-0.648873,-0.760628,0.020195,0.759650,-0.646064,0.074380,-0.043528,0.063604,0.997025,0,0.71606,0.24313,42.964,0.486,-1,375.000,-1,350.000,-1,300.000,300.000,300.000,325.000,-1,475.000,475.000,-1,725.000,675.000,-1,-1,2,0,2,0,2,0,0,0,0,2,0,0,2,0,0,2,2
130,5155.850,1587.511,-142.509,130.834,-0.655282,-0.755086,0.021223,0.754286,-0.652557,0.072261,-0.040714,0.063359,0.997160,0,0.71593,0.24506,42.956,0.490,-1,375.000,-1,350.000,-1,300.000,300.000,300.000,325.000,-1,450.000,450.000,-1,725.000,675.000,-1,-1,2,0,2,0,2,0,0,0,0,2,0,0,2,0,0,2,2
131,5127.492,1619.758,-144.112,131.327,-0.661685,-0.749440,0.022618,0.748836,-0.659035,0.070122,-0.037646,0.063336,0.997282,0,0.71573,0.24666,42.944,0.493,-1,375.000,-1,375.000,-1,300.000,300.000,300.000,325.000,-1,425.000,450.000,-1,750.000,700.000,-1,-1,2,0,2,0,2,0,0,0,0,2,0,0,2,0,0,2,2
132,5098.865,1651.749,-145.655,131.823,-0.668067,-0.743716,0.023941,0.743296,-0.665503,0.067952,-0.034604,0.063192,0.997401,0,0.71548,0.24793,42.929,0.496,-1,400.000,-1,375.000,-1,325.000,300.000,300.000,325.000,-1,400.000,425.000,-1,775.000,725.000,-1,-1,2,0,2,0,2,0,0,0,0,2,0,0,2,0,0,2,2
133,5069.975,1683.474,-147.140,132.322,-0.674426,-0.737913,0.025192,0.737667,-0.671956,0.065747,-0.031587,0.062925,0.997518,0,0.71516,0.24913,42.910,0.498,-1,400.000,-1,375.000,-1,325.000,300.000,300.000,325.000,-1,375.000,425.000,-1,800.000,750.000,-1,-1,2,0,2,0,2,0,0,0,0,2,0,0,2,0,0,2,2
134,5040.824,1714.931,-148.515,132.822,-0.680759,-0.732041,0.026132,0.731943,-0.678402,0.063489,-0.028748,0.062348,0.997640,0,0.71479,0.25028,42.887,0.501,-1,400.000,-1,375.000,-1,325.000,300.000,300.000,325.000,-1,350.000,400.000,-1,825.000,775.000,-1,-1,2,0,2,0,2,0,0,0,0,2,0,0,2,0,0,2,2
135,5011.416,1746.111,-149.618,133.325,-0.687069,-0.726126,0.026016,0.726107,-0.684861,0.061108,-0.026555,0.060876,0.997792,0,0.71436,0.25136,42.861,0.503,-1,400.000,-1,375.000,-1,325.000,325.000,300.000,325.000,-1,350.000,425.000,-1,850.000,800.000,-1,-1,2,0,2,0,2,0,0,0,0,2,0,0,2,0,0,2,2
136,4981.754,1777.011,-150.655,133.830,-0.693354,-0.720135,0.025800,0.720183,-0.691299,0.058664,-0.024411,0.059256,0.997944,0,0.71387,0.25238,42.832,0.505,-1,400.000,-1,400.000,-1,325.000,325.000,300.000,325.000,-1,350.000,425.000,-1,875.000,825.000,-1,-1,2,0,2,0,2,0,0,0,0,2,0,0,2,0,0,2,2
137,4951.844,1807.624,-151.804,134.336,-0.699637,-0.714040,0.025591,0.714133,-0.697686,0.057002,-0.022847,0.058156,0.998046,0,0.71333,0.25334,42.800,0.507,-1,400.000,-1,400.000,-1,325.000,325.000,300.000,325.000,-1,375.000,450.000,-1,900.000,850.000,-1,-1,2,0,2,0,2,0,0,0,0,2,0,0,2,0,0,2,2
