timestep,x_cm,y_cm,z_cm,yaw_deg,basis_xx,basis_xy,basis_xz,basis_yx,basis_yy,basis_yz,basis_zx,basis_zy,basis_zz,teleport_flag,throttle_cmd,steering_cmd,cmd_move_cm,cmd_turn_deg,lidar_cm_0,lidar_cm_1,lidar_cm_2,lidar_cm_3,lidar_cm_4,lidar_cm_5,lidar_cm_6,lidar_cm_7,lidar_cm_8,lidar_cm_9,lidar_cm_10,lidar_cm_11,lidar_cm_12,lidar_cm_13,lidar_cm_14,lidar_cm_15,lidar_cm_16,lidar_class_0,lidar_class_1,lidar_class_2,lidar_class_3,lidar_class_4,lidar_class_5,lidar_class_6,lidar_class_7,lidar_class_8,lidar_class_9,lidar_class_10,lidar_class_11,lidar_class_12,lidar_class_13,lidar_class_14,lidar_class_15,lidar_class_16
0,-2954.957,6234.880,-218.501,132.753,-0.679194,-0.733948,-0.003933,0.732953,-0.678535,0.048681,-0.038398,0.030181,0.998807,1,0.08000,0.12000,4.800,0.240,-1,350.000,-1,350.000,-1,300.000,300.000,325.000,325.000,-1,425.000,425.000,-1,625.000,625.000,-1,-1,2,0,2,0,2,0,0,0,0,2,0,0,2,0,0,2,2
1,-2961.520,6241.886,-218.830,133.132,-0.684027,-0.729448,-0.003535,0.728488,-0.683361,0.048195,-0.037572,0.030391,0.998832,0,0.16000,0.18912,9.600,0.378,-1,350.000,-1,350.000,-1,300.000,300.000,325.000,325.000,-1,425.000,425.000,-1,625.000,625.000,-1,-1,2,0,2,0,2,0,0,0,0,2,0,0,2,0,0,2,2
2,-2971.434,6252.329,-219.309,133.510,-0.688830,-0.724917,-0.002905,0.724007,-0.688156,0.047481,-0.036418,0.030603,0.998868,0,0.24000,0.18910,14.400,0.378,-1,350.000,-1,350.000,-1,300.000,300.000,325.000,325.000,-1,400.000,425.000,-1,625.000,625.000,-1,-1,2,0,2,0,2,0,0,0,0,2,0,0,2,0,0,2,2
3,-2984.745,6266.166,-219.940,133.888,-0.693602,-0.720356,-0.002043,0.719513,-0.692922,0.046463,-0.034885,0.030757,0.998918,0,0.32000,0.18908,19.200,0.378,-1,350.000,-1,350.000,-1,300.000,300.000,325.000,325.000,-1,400.000,400.000,-1,625.000,625.000,-1,-1,2,0,2,0,2,0,0,0,0,2,0,0,2,0,0,2,2
4,-3001.496,6283.353,-220.711,134.266,-0.698341,-0.715765,-0.000941,0.715007,-0.697660,0.045116,-0.032949,0.030834,0.998981,0,0.40000,0.18908,24.000,0.378,-1,350.000,-1,350.000,-1,300.000,300.000,325.000,325.000,-1,375.000,400.000,-1,625.000,625.000,-1,-1,2,0,2,0,2,0,0,0,0,2,0,0,2,0,0,2,2
5,-3021.734,6303.843,-221.548,134.644,-0.703044,-0.711146,0.000230,0.710481,-0.702372,0.043476,-0.030756,0.030729,0.999054,0,0.48000,0.18912,28.800,0.378,-1,350.000,-1,350.000,-1,300.000,300.000,325.000,325.000,-1,350.000,375.000,-1,625.000,625.000,-1,-1,2,0,2,0,2,0,0,0,0,2,0,0,2,0,0,2,2
6,-3045.502,6327.592,-222.442,135.023,-0.707715,-0.706496,0.001550,0.705933,-0.707059,0.041542,-0.028253,0.030494,0.999136,0,0.56000,0.18922,33.600,0.378,-1,350.000,-1,350.000,-1,300.000,300.000,325.000,325.000,-1,350.000,375.000,-1,625.000,625.000,-1,-1,2,0,2,0,2,0,0,0,0,2,0,0,2,0,0,2,2
7,-3072.845,6354.554,-223.378,135.402,-0.712355,-0.701813,0.003098,0.701360,-0.711722,0.039319,-0.025389,0.030182,0.999222,0,0.64000,0.18941,38.400,0.379,-1,350.000,-1,350.000,-1,300.000,300.000,325.000,325.000,-1,325.000,350.000,-1,625.000,625.000,-1,-1,2,0,2,0,2,0,0,0,0,2,0,0,2,0,0,2,2
8,-3103.805,6384.681,-224.323,135.781,-0.716965,-0.697092,0.004884,0.696757,-0.716362,0.036802,-0.022156,0.029789,0.999311,0,0.72000,0.18972,43.200,0.379,-1,350.000,-1,350.000,-1,300.000,300.000,325.000,325.000,-1,325.000,350.000,-1,625.000,625.000,-1,-1,2,0,2,0,2,0,0,0,0,2,0,0,2,0,0,2,2
9,-3138.427,6417.927,-225.238,136.161,-0.721547,-0.692331,0.006921,0.692117,-0.720984,0.033988,-0.018541,0.029315,0.999398,0,0.80000,0.19017,48.000,0.380,-1,350.000,-1,350.000,-1,300.000,300.000,325.000,325.000,-1,300.000,325.000,-1,625.000,650.000,-1,-1,2,0,2,0,2,0,0,0,0,2,0,0,2,0,0,2,2
10,-3176.754,6454.243,-226.082,136.543,-0.726102,-0.687525,0.009224,0.687433,-0.725591,0.030875,-0.014534,0.028759,0.999481,0,0.88000,0.19081,52.800,0.382,-1,350.000,-1,350.000,-1,300.000,300.000,325.000,325.000,-1,300.000,325.000,-1,650.000,650.000,-1,-1,2,0,2,0,2,0,0,0,0,2,0,0,2,0,0,2,2
11,-3216.017,6490.951,-226.773,136.926,-0.730638,-0.682666,0.011658,0.682686,-0.730185,0.027741,-0.010426,0.028227,0.999547,0,0.89583,0.19166,53.750,0.383,-1,375.000,-1,375.000,-1,300.000,300.000,325.000,325.000,-1,275.000,325.000,-1,650.000,650.000,-1,-1,2,0,2,0,2,0,0,0,0,2,0,0,2,0,0,2,2
12,-3255.501,6527.370,-227.372,137.312,-0.735161,-0.677745,0.014153,0.677861,-0.734766,0.024962,-0.006518,0.027945,0.999588,0,0.89525,0.19268,53.715,0.385,-1,375.000,-1,375.000,-1,300.000,300.000,325.000,325.000,-1,275.000,300.000,-1,650.000,650.000,-1,-1,2,0,2,0,2,0,0,0,0,2,0,0,2,0,0,2,2
13,-3295.208,6563.502,-227.808,137.699,-0.739671,-0.672763,0.016668,0.672964,-0.739342,0.022188,-0.002604,0.027629,0.999615,0,0.89477,0.19387,53.686,0.388,-1,375.000,-1,375.000,-1,300.000,300.000,325.000,325.000,-1,275.000,300.000,-1,650.000,675.000,-1,-1,2,0,2,0,2,0,0,0,0,2,0,0,2,0,0,2,2
14,-3335.145,6599.347,-228.082,138.090,-0.744169,-0.667716,0.019203,0.667990,-0.743916,0.019420,0.001318,0.027279,0.999627,0,0.89441,0.19521,53.665,0.390,-1,375.000,-1,375.000,-1,300.000,300.000,325.000,325.000,-1,275.000,300.000,-1,675.000,675.000,-1,-1,2,0,2,0,2,0,0,0,0,2,0,0,2,0,0,2,2
15,-3375.317,6634.909,-228.141,138.483,-0.748662,-0.662602,0.021516,0.662932,-0.748495,0.016617,0.005094,0.026704,0.999630,0,0.89417,0.19670,53.650,0.393,-1,375.000,-1,375.000,-1,300.000,300.000,325.000,325.000,-1,275.000,300.000,-1,675.000,675.000,-1,-1,2,0,2,0,2,0,0,0,0,2,0,0,2,0,0,2,2
16,-3415.729,6670.188,-227.877,138.880,-0.753162,-0.657411,0.023614,0.657782,-0.753072,0.014320,0.008369,0.026318,0.999619,0,0.89407,0.19834,53.644,0.397,-1,375.000,-1,375.000,-1,300.000,300.000,325.000,325.000,-1,300.000,300.000,-1,675.000,675.000,-1,-1,2,0,2,0,2,0,0,0,0,2,0,0,2,0,0,2,2
17,-3456.388,6705.184,-227.390,139.280,-0.757665,-0.652139,0.025665,0.652544,-0.757652,0.012257,0.011452,0.026035,0.999595,0,0.89411,0.20012,53.647,0.400,-1,375.000,-1,375.000,-1,300.000,300.000,325.000,325.000,-1,300.000,325.000,-1,675.000,700.000,-1,-1,2,0,2,0,2,0,0,0,0,2,0,0,2,0,0,2,2
18,-3497.302,6739.901,-226.724,139.684,-0.762170,-0.646786,0.027658,0.647215,-0.762240,0.010194,0.014489,0.025670,0.999565,0,0.89430,0.20205,53.658,0.404,-1,375.000,-1,375.000,-1,300.000,300.000,325.000,325.000,-1,300.000,325.000,-1,700.000,700.000,-1,-1,2,0,2,0,2,0,0,0,0,2,0,0,2,0,0,2,2
19,-3538.477,6774.338,-225.951,140.093,-0.766685,-0.641341,0.029599,0.641792,-0.766832,0.008469,0.017265,0.025490,0.999526,0,0.89463,0.20411,53.678,0.408,-1,375.000,-1,375.000,-1,300.000,300.000,325.000,325.000,-1,300.000,325.000,-1,700.000,725.000,-1,-1,2,0,2,0,2,0,0,0,0,2,0,0,2,0,0,2,2
20,-3579.923,6808.497,-225.084,140.505,-0.771210,-0.635802,0.031481,0.636274,-0.771430,0.007142,0.019744,0.025539,0.999479,0,0.89513,0.20631,53.708,0.413,-1,375.000,-1,375.000,-1,300.000,300.000,325.000,325.000,-1,325.000,325.000,-1,700.000,725.000,-1,-1,2,0,2,0,2,0,0,0,0,2,0,0,2,0,0,2,2
21,-3621.646,6842.377,-224.064,140.922,-0.775746,-0.630166,0.033294,0.630658,-0.776038,0.005926,0.022103,0.025595,0.999428,0,0.89578,0.20863,53.747,0.417,-1,375.000,-1,375.000,-1,300.000,300.000,325.000,325.000,-1,325.000,350.000,-1,725.000,725.000,-1,-1,2,0,2,0,2,0,0,0,0,2,0,0,2,0,0,2,2
22,-3663.656,6875.979,-222.890,141.345,-0.780294,-0.624430,0.035035,0.624938,-0.780659,0.004819,0.024341,0.025655,0.999374,0,0.89658,0.21108,53.795,0.422,-1,375.000,-1,375.000,-1,325.000,325.000,350.000,325.000,-1,350.000,350.000,-1,725.000,750.000,-1,-1,2,0,2,0,2,0,0,0,0,2,0,0,2,0,0,2,2
23,-3705.960,6909.303,-221.666,141.772,-0.784862,-0.618592,0.036543,0.619110,-0.785295,0.003797,0.026348,0.025604,0.999325,0,0.89755,0.21364,53.853,0.427,-1,375.000,-1,375.000,-1,325.000,325.000,350.000,325.000,-1,350.000,375.000,-1,725.000,750.000,-1,-1,2,0,2,0,2,0,0,0,0,2,0,0,2,0,0,2,2
24,-3748.569,6942.348,-220.466,142.204,-0.789461,-0.612650,0.037575,0.613163,-0.789951,0.002784,0.027977,0.025237,0.999290,0,0.89868,0.21633,53.921,0.433,-1,375.000,-1,375.000,-1,325.000,325.000,325.000,325.000,-1,375.000,400.000,-1,725.000,750.000,-1,-1,2,0,2,0,2,0,0,0,0,2,0,0,2,0,0,2,2
25,-3789.607,6973.955,-219.202,142.397,-0.791473,-0.609995,0.038422,0.610501,-0.792013,0.001830,0.029314,0.024905,0.999260,0,0.86331,0.09633,51.799,0.193,-1,375.000,-1,375.000,-1,325.000,325.000,325.000,325.000,-1,400.000,400.000,-1,725.000,775.000,-1,-1,2,0,2,0,2,0,0,0,0,2,0,0,2,0,0,2,2
26,-3830.633,7005.607,-217.835,142.350,-0.790930,-0.610654,0.039138,0.611150,-0.791514,0.000904,0.030427,0.024634,0.999233,0,0.86362,-0.02367,51.817,-0.047,-1,375.000,-1,375.000,-1,325.000,325.000,325.000,325.000,-1,425.000,425.000,-1,725.000,775.000,-1,-1,2,0,2,0,2,0,0,0,0,2,0,0,2,0,0,2,2
27,-3871.537,7037.418,-216.366,142.128,-0.788521,-0.613721,0.039767,0.614208,-0.789144,0.000033,0.031362,0.024451,0.999209,0,0.86362,-0.11108,51.817,-0.222,-1,375.000,-1,400.000,-1,325.000,325.000,325.000,325.000,-1,425.000,450.000,-1,725.000,775.000,-1,-1,2,0,2,0,2,0,0,0,0,2,0,0,2,0,0,2,2
28,-3912.317,7069.388,-214.800,141.905,-0.786104,-0.616779,0.040300,0.617256,-0.786762,-0.000764,0.032178,0.024275,0.999187,0,0.86362,-0.11108,51.817,-0.222,-1,375.000,-1,400.000,-1,325.000,325.000,325.000,325.000,-1,475.000,475.000,-1,725.000,800.000,-1,-1,2,0,2,0,2,0,0,0,0,2,0,0,2,0,0,2,2
29,-3952.973,7101.515,-213.139,141.683,-0.783681,-0.619827,0.040728,0.620294,-0.784368,-0.001487,0.032868,0.024098,0.999169,0,0.86362,-0.11108,51.817,-0.222,-1,375.000,-1,400.000,-1,325.000,325.000,325.000,325.000,-1,500.000,500.000,-1,725.000,800.000,-1,-1,2,0,2,0,2,0,0,0,0,2,0,0,2,0,0,2,2
30,-3993.504,7133.799,-211.384,141.461,-0.781250,-0.622866,0.041052,0.623322,-0.781962,-0.002135,0.033431,0.023921,0.999155,0,0.86362,-0.11108,51.817,-0.222,-1,375.000,-1,400.000,-1,325.000,325.000,325.000,325.000,-1,525.000,525.000,-1,725.000,800.000,-1,-1,2,0,2,0,2,0,0,0,0,2,0,0,2,0,0,2,2
31,-4033.909,7166.241,-209.727,141.239,-0.778805,-0.625885,0.041599,0.626360,-0.779531,-0.002043,0.033706,0.024466,0.999132,0,0.86362,-0.11108,51.817,-0.222,-1,375.000,-1,400.000,-1,325.000,325.000,325.000,325.000,-1,575.000,575.000,-1,725.000,825.000,-1,-1,2,0,2,0,2,0,0,0,0,2,0,0,2,0,0,2,2
32,-4074.189,7198.838,-208.156,141.017,-0.776344,-0.628884,0.042360,0.629407,-0.777075,-0.001264,0.033712,0.025681,0.999102,0,0.86362,-0.11108,51.817,-0.222,-1,375.000,-1,400.000,-1,300.000,325.000,325.000,325.000,-1,625.000,600.000,-1,725.000,825.000,-1,-1,2,0,2,0,2,0,0,0,0,2,0,0,2,0,0,2,2
33,-4114.342,7231.592,-206.516,140.795,-0.773874,-0.631870,0.043118,0.632447,-0.774604,-0.000356,0.033624,0.026994,0.999070,0,0.86362,-0.11108,51.817,-0.222,-1,375.000,-1,400.000,-1,300.000,325.000,325.000,325.000,-1,675.000,650.000,-1,725.000,825.000,-1,-1,2,0,2,0,2,0,0,0,0,2,0,0,2,0,0,2,2
34,-4154.368,7264.501,-204.806,140.573,-0.771393,-0.634844,0.043875,0.635479,-0.772118,0.000681,0.033444,0.028407,0.999037,0,0.86362,-0.11108,51.817,-0.222,-1,375.000,-1,400.000,-1,300.000,325.000,325.000,325.000,-1,725.000,700.000,-1,725.000,825.000,-1,-1,2,0,2,0,2,0,0,0,0,2,0,0,2,0,0,2,2
35,-4194.265,7297.564,-203.058,140.350,-0.768905,-0.637803,0.044633,0.638506,-0.769614,0.001994,0.033078,0.030032,0.999001,0,0.86362,-0.11108,51.817,-0.222,-1,375.000,-1,400.000,-1,325.000,325.000,325.000,325.000,-1,800.000,775.000,-1,725.000,800.000,-1,-1,2,0,2,0,2,0,0,0,0,2,0,0,2,0,0,2,2
36,-4234.035,7330.783,-201.463,140.128,-0.766397,-0.640762,0.045375,0.641509,-0.767111,0.002525,0.033190,0.031044,0.998967,0,0.86362,-0.11108,51.817,-0.222,-1,375.000,-1,400.000,-1,325.000,325.000,325.000,325.000,-1,825.000,800.000,-1,725.000,800.000,-1,-1,2,0,2,0,2,0,0,0,0,2,0,0,2,0,0,2,2
37,-4273.675,7364.155,-199.835,139.906,-0.763878,-0.643711,0.046111,0.644502,-0.764597,0.003074,0.033277,0.032067,0.998932,0,0.86362,-0.11108,51.817,-0.222,-1,375.000,-1,400.000,-1,325.000,325.000,325.000,325.000,-1,875.000,850.000,-1,725.000,800.000,-1,-1,2,0,2,0,2,0,0,0,0,2,0,0,2,0,0,2,2
38,-4313.185,7397.681,-198.165,139.684,-0.761349,-0.646648,0.046842,0.647486,-0.762068,0.003698,0.033306,0.033145,0.998895,0,0.86362,-0.11108,51.817,-0.222,-1,375.000,-1,400.000,-1,325.000,325.000,325.000,325.000,-1,925.000,875.000,-1,725.000,800.000,-1,-1,2,0,2,0,2,0,0,0,0,2,0,0,2,0,0,2,2
39,-4352.566,7431.359,-196.449,139.462,-0.758810,-0.649573,0.047571,0.650462,-0.759526,0.004413,0.033265,0.034291,0.998858,0,0.86362,-0.11108,51.817,-0.222,-1,375.000,-1,400.000,-1,325.000,325.000,325.000,325.000,-1,975.000,925.000,-1,725.000,800.000,-1,-1,2,0,2,0,2,0,0,0,0,2,0,0,2,0,0,2,2
40,-4391.815,7465.190,-194.691,139.240,-0.756261,-0.652486,0.048297,0.653429,-0.756970,0.005201,0.033166,0.035492,0.998819,0,0.86362,-0.11108,51.817,-0.222,-1,375.000,-1,400.000,-1,325.000,325.000,325.000,325.000,-1,-1,975.000,-1,725.000,800.000,-1,-1,2,0,2,0,2,0,0,0,0,2,2,0,2,0,0,2,2
41,-4430.933,7499.173,-192.893,139.017,-0.753701,-0.655386,0.049021,0.656387,-0.754400,0.006041,0.033022,0.036730,0.998779,0,0.86362,-0.11108,51.817,-0.222,-1,375.000,-1,400.000,-1,325.000,325.000,325.000,325.000,-1,-1,-1,-1,725.000,800.000,-1,-1,2,0,2,0,2,0,0,0,0,2,2,2,2,0,0,2,2
42,-4466.177,7530.293,-191.235,138.555,-0.748367,-0.661416,0.049749,0.662477,-0.749051,0.006853,0.032732,0.038086,0.998738,0,0.78362,-0.23108,47.017,-0.462,-1,375.000,-1,400.000,-1,325.000,325.000,325.000,325.000,-1,-1,-1,-1,725.000,800.000,-1,-1,2,0,2,0,2,0,0,0,0,2,2,2,2,0,0,2,2
43,-4497.479,7558.623,-190.031,137.853,-0.740257,-0.670540,0.048938,0.671594,-0.740883,0.007365,0.031318,0.038319,0.998775,0,0.70362,-0.35108,42.217,-0.702,-1,375.000,-1,400.000,-1,325.000,325.000,325.000,325.000,-1,-1,-1,-1,700.000,775.000,-1,-1,2,0,2,0,2,0,0,0,0,2,2,2,2,0,0,2,2
44,-4524.805,7584.183,-188.869,136.911,-0.729148,-0.682607,0.048889,0.683688,-0.729731,0.007977,0.030231,0.039241,0.998772,0,0.62362,-0.47108,37.417,-0.942,-1,375.000,-1,400.000,-1,325.000,325.000,325.000,325.000,-1,-1,-1,-1,700.000,775.000,-1,-1,2,0,2,0,2,0,0,0,0,2,2,2,2,0,0,2,2
45,-4548.161,7606.952,-187.990,135.729,-0.714909,-0.697480,0.049255,0.698606,-0.715455,0.008595,0.029245,0.040554,0.998749,0,0.54362,-0.59108,32.617,-1.182,-1,375.000,-1,400.000,-1,325.000,325.000,325.000,325.000,-1,-1,-1,-1,700.000,775.000,-1,-1,2,0,2,0,2,0,0,0,0,2,2,2,2,0,0,2,2
46,-4567.604,7626.846,-187.268,134.342,-0.697829,-0.714554,0.049474,0.715716,-0.698332,0.009125,0.028029,0.041778,0.998734,0,0.46362,-0.69334,27.817,-1.387,-1,375.000,-1,400.000,-1,325.000,325.000,325.000,325.000,-1,-1,-1,-1,700.000,775.000,-1,-1,2,0,2,0,2,0,0,0,0,2,2,2,2,0,0,2,2
47,-4583.290,7643.692,-186.694,132.957,-0.680359,-0.731199,0.049605,0.732390,-0.680818,0.009577,0.026769,0.042846,0.998723,0,0.38362,-0.69282,23.017,-1.386,-1,375.000,-1,400.000,-1,325.000,325.000,300.000,325.000,-1,-1,-1,-1,700.000,775.000,-1,-1,2,0,2,0,2,0,0,0,0,2,2,2,2,0,0,2,2
48,-4595.379,7657.320,-186.260,131.572,-0.662510,-0.747406,0.049644,0.748619,-0.662926,0.009941,0.025480,0.043750,0.998718,0,0.30362,-0.69226,18.217,-1.385,-1,375.000,-1,400.000,-1,325.000,325.000,300.000,325.000,-1,-1,-1,-1,700.000,775.000,-1,-1,2,0,2,0,2,0,0,0,0,2,2,2,2,0,0,2,2
49,-4604.037,7667.570,-185.958,130.189,-0.644295,-0.763168,0.049586,0.764395,-0.644668,0.010210,0.024174,0.044482,0.998718,0,0.22362,-0.69169,13.417,-1.383,-1,375.000,-1,400.000,-1,325.000,325.000,300.000,325.000,-1,-1,-1,-1,700.000,775.000,-1,-1,2,0,2,0,2,0,0,0,0,2,2,2,2,0,0,2,2
50,-4609.438,7674.286,-185.779,128.806,-0.625723,-0.778478,0.049425,0.779710,-0.626055,0.010378,0.022864,0.045031,0.998724,0,0.14362,-0.69114,8.617,-1.382,-1,375.000,-1,400.000,-1,325.000,325.000,300.000,325.000,-1,-1,-1,-1,700.000,775.000,-1,-1,2,0,2,0,2,0,0,0,0,2,2,2,2,0,0,2,2
51,-4617.637,7684.907,-185.499,127.664,-0.610100,-0.790780,0.049446,0.792026,-0.610393,0.010703,0.021718,0.045692,0.998719,0,0.22362,-0.57114,13.417,-1.142,-1,375.000,-1,400.000,-1,325.000,325.000,300.000,325.000,-1,-1,-1,-1,700.000,775.000,-1,-1,2,0,2,0,2,0,0,0,0,2,2,2,2,0,0,2,2
52,-4628.540,7699.502,-185.123,126.759,-0.597550,-0.800293,0.049652,0.801564,-0.597805,0.011181,0.020735,0.046481,0.998704,0,0.30362,-0.45251,18.217,-0.905,-1,375.000,-1,400.000,-1,325.000,325.000,300.000,325.000,-1,-1,-1,-1,700.000,775.000,-1,-1,2,0,2,0,2,0,0,0,0,2,2,2,2,0,0,2,2
53,-4642.022,7718.158,-184.659,125.855,-0.584870,-0.809585,0.049988,0.810888,-0.585082,0.011810,0.019686,0.047442,0.998680,0,0.38362,-0.45185,23.017,-0.904,-1,375.000,-1,400.000,-1,325.000,325.000,300.000,325.000,-1,-1,-1,-1,700.000,775.000,-1,-1,2,0,2,0,2,0,0,0,0,2,2,2,2,0,0,2,2
54,-4657.960,7740.957,-184.120,124.953,-0.572069,-0.818649,0.050506,0.819995,-0.572232,0.012593,0.018592,0.048619,0.998644,0,0.46362,-0.45101,27.817,-0.902,-1,375.000,-1,400.000,-1,325.000,325.000,300.000,300.000,-1,-1,-1,-1,700.000,775.000,-1,-1,2,0,2,0,2,0,0,0,0,2,2,2,2,0,0,2,2
55,-4676.225,7767.981,-183.513,124.053,-0.559156,-0.827479,0.051220,0.828879,-0.559264,0.013537,0.017443,0.050024,0.998596,0,0.54362,-0.44999,32.617,-0.900,-1,375.000,-1,400.000,-1,325.000,325.000,300.000,300.000,-1,-1,-1,-1,700.000,775.000,-1,-1,2,0,2,0,2,0,0,0,0,2,2,2,2,0,0,2,2
56,-4696.690,7799.306,-182.830,123.156,-0.546145,-0.836069,0.052099,0.837534,-0.546190,0.014632,0.016223,0.051625,0.998535,0,0.62362,-0.44874,37.417,-0.897,-1,375.000,-1,400.000,-1,325.000,325.000,300.000,300.000,-1,-1,-1,-1,700.000,775.000,-1,-1,2,0,2,0,2,0,0,0,0,2,2,2,2,0,0,2,2
57,-4719.226,7835.006,-182.058,122.261,-0.533046,-0.844417,0.053125,0.845954,-0.533022,0.015801,0.014974,0.053364,0.998463,0,0.70362,-0.44725,42.217,-0.895,-1,375.000,-1,400.000,-1,325.000,325.000,300.000,300.000,-1,-1,-1,-1,700.000,750.000,1000.000,-1,2,0,2,0,2,0,0,0,0,2,2,2,2,0,0,1,2
58,-4743.703,7875.150,-181.211,121.370,-0.519875,-0.852513,0.054324,0.854133,-0.519773,0.017110,0.013650,0.055295,0.998377,0,0.78362,-0.44548,47.017,-0.891,975.000,375.000,-1,400.000,-1,325.000,325.000,300.000,300.000,-1,-1,-1,-1,700.000,750.000,950.000,-1,1,0,2,0,2,0,0,0,0,2,2,2,2,0,0,1,2
59,-4769.522,7919.007,-180.309,120.484,-0.506647,-0.860354,0.055678,0.862066,-0.506457,0.018530,0.012256,0.057386,0.998277,0,0.84821,-0.44338,50.892,-0.887,925.000,375.000,-1,400.000,-1,325.000,325.000,300.000,300.000,-1,-1,-1,-1,700.000,750.000,925.000,-1,1,0,2,0,2,0,0,0,0,2,2,2,2,0,0,1,2
60,-4794.738,7963.390,-179.494,119.602,-0.493367,-0.867956,0.056934,0.869751,-0.493102,0.019584,0.011077,0.059181,0.998186,0,0.85076,-0.44097,51.046,-0.882,850.000,375.000,-1,400.000,-1,325.000,325.000,300.000,300.000,-1,-1,-1,-1,700.000,750.000,875.000,-1,1,0,2,0,2,0,0,0,0,2,2,2,2,0,0,1,2
61,-4819.341,8008.280,-179.039,118.725,-0.480003,-0.875377,0.057545,0.877198,-0.479753,0.018995,0.010980,0.059596,0.998162,0,0.85316,-0.43834,51.189,-0.877,800.000,375.000,-1,400.000,-1,325.000,325.000,300.000,300.000,-1,-1,-1,-1,700.000,750.000,850.000,-1,1,0,2,0,2,0,0,0,0,2,2,2,2,0,0,1,2
62,-4843.320,8053.656,-178.520,117.854,-0.466618,-0.882530,0.058388,0.884393,-0.466370,0.018639,0.010781,0.060335,0.998120,0,0.85537,-0.43550,51.322,-0.871,775.000,375.000,-1,400.000,-1,325.000,325.000,300.000,300.000,-1,-1,-1,-1,700.000,750.000,825.000,-1,1,0,2,0,2,0,0,0,0,2,2,2,2,0,0,1,2
63,-4866.667,8099.496,-177.885,116.989,-0.453218,-0.889399,0.059694,0.891338,-0.452960,0.018554,0.010537,0.061616,0.998044,0,0.85738,-0.43243,51.443,-0.865,725.000,375.000,-1,400.000,-1,325.000,325.000,300.000,300.000,-1,-1,-1,-1,700.000,750.000,800.000,-1,1,0,2,0,2,0,0,0,0,2,2,2,2,1,0,1,2
64,-4889.372,8145.777,-177.281,116.131,-0.439817,-0.896016,0.060969,0.898028,-0.439553,0.018395,0.010317,0.062842,0.997970,0,0.85917,-0.42914,51.550,-0.858,700.000,375.000,-1,400.000,-1,325.000,325.000,300.000,300.000,-1,-1,-1,-1,700.000,750.000,775.000,-1,1,0,2,0,2,0,0,0,0,2,2,2,2,1,0,1,2
65,-4911.426,8192.474,-176.711,115.280,-0.426428,-0.902380,0.062210,0.904465,-0.426161,0.018165,0.010120,0.064013,0.997898,0,0.86071,-0.42562,51.643,-0.851,650.000,375.000,-1,400.000,-1,325.000,325.000,300.000,300.000,-1,-1,-1,-1,675.000,750.000,750.000,-1,1,0,2,0,2,0,0,0,0,2,2,2,2,1,0,1,2
66,-4932.822,8239.560,-176.173,114.436,-0.413064,-0.908491,0.063416,0.910648,-0.412798,0.017868,0.009945,0.065130,0.997827,0,0.86198,-0.42186,51.719,-0.844,625.000,375.000,-1,400.000,-1,325.000,325.000,300.000,300.000,-1,-1,-1,-1,675.000,750.000,725.000,-1,1,0,2,0,2,0,0,0,0,2,2,2,2,1,0,1,2
67,-4953.552,8287.007,-175.670,113.600,-0.399738,-0.914351,0.064584,0.916577,-0.399475,0.017507,0.009792,0.066194,0.997759,0,0.86295,-0.41786,51.777,-0.836,600.000,375.000,-1,400.000,-1,325.000,325.000,300.000,300.000,-1,-1,-1,-1,675.000,750.000,700.000,-1,1,0,2,0,2,0,0,0,0,2,2,2,2,1,0,1,2
68,-4973.610,8334.783,-175.201,112.773,-0.386463,-0.919961,0.065712,0.922254,-0.386206,0.017087,0.009659,0.067206,0.997692,0,0.86359,-0.41362,51.816,-0.827,575.000,375.000,-1,400.000,-1,325.000,325.000,300.000,300.000,-1,-1,-1,-1,675.000,750.000,700.000,-1,1,0,2,0,2,0,0,0,0,2,2,2,2,1,0,1,2
69,-4992.990,8382.857,-174.766,111.955,-0.373252,-0.925322,0.066798,0.927681,-0.373004,0.016610,0.009546,0.068167,0.997628,0,0.86389,-0.40914,51.833,-0.818,550.000,375.000,-1,400.000,-1,325.000,325.000,300.000,300.000,-1,-1,-1,-1,650.000,750.000,675.000,-1,1,0,2,0,2,0,0,0,0,2,2,2,2,1,0,1,2
70,-5011.688,8431.196,-174.353,111.146,-0.360121,-0.930441,0.067776,0.932858,-0.359884,0.016102,0.009409,0.069024,0.997571,0,0.86380,-0.40442,51.828,-0.809,525.000,375.000,-1,400.000,-1,325.000,325.000,300.000,300.000,-1,-1,-1,-1,650.000,750.000,650.000,-1,1,0,2,0,2,0,0,0,0,2,2,2,2,1,0,1,2
71,-5029.699,8479.763,-173.962,110.347,-0.347086,-0.935318,0.068637,0.937788,-0.346856,0.015618,0.009199,0.069788,0.997519,0,0.86332,-0.39947,51.799,-0.799,500.000,375.000,-1,400.000,-1,325.000,325.000,300.000,300.000,-1,-1,-1,-1,650.000,775.000,650.000,-1,1,0,2,0,2,0,0,0,0,2,2,2,2,1,0,1,2
72,-5047.022,8528.523,-173.607,109.558,-0.334157,-0.939956,0.069434,0.942475,-0.333934,0.015144,0.008952,0.070500,0.997472,0,0.86242,-0.39430,51.745,-0.789,500.000,375.000,-1,400.000,-1,325.000,325.000,300.000,300.000,-1,-1,-1,-1,650.000,775.000,625.000,-1,1,0,2,0,2,0,0,1,0,2,2,2,2,1,0,1,2
73,-5063.656,8577.437,-173.267,108.780,-0.321342,-0.944364,0.070120,0.946923,-0.321129,0.014602,0.008728,0.071090,0.997432,0,0.86108,-0.38893,51.665,-0.778,475.000,375.000,-1,400.000,-1,325.000,325.000,300.000,300.000,-1,-1,-1,-1,650.000,800.000,600.000,-1,1,0,2,0,2,0,0,1,0,2,2,2,2,1,0,1,2
74,-5079.601,8626.468,-172.887,108.014,-0.308668,-0.948521,0.070929,0.951134,-0.308445,0.014359,0.008258,0.071895,0.997378,0,0.85929,-0.38338,51.557,-0.767,450.000,375.000,-1,400.000,-1,325.000,325.000,300.000,300.000,-1,-1,-1,-1,625.000,825.000,600.000,-1,1,0,2,0,2,0,0,1,0,2,2,2,2,1,0,1,2
75,-5094.858,8675.576,-172.453,107.258,-0.296120,-0.952430,0.072039,0.955118,-0.295891,0.014078,0.007908,0.072974,0.997302,0,0.85705,-0.37767,51.423,-0.755,450.000,375.000,-1,400.000,-1,325.000,325.000,300.000,300.000,-1,-1,-1,-1,625.000,850.000,575.000,-1,1,0,2,0,2,0,0,1,0,2,2,2,2,1,0,1,2
76,-5109.431,8724.723,-172.043,106.515,-0.283715,-0.956116,0.073124,0.958879,-0.283482,0.013768,0.007565,0.074023,0.997228,0,0.85436,-0.37184,51.262,-0.744,425.000,375.000,-1,400.000,-1,325.000,325.000,275.000,300.000,-1,-1,-1,-1,625.000,875.000,575.000,-1,1,0,2,0,2,0,0,1,0,2,2,2,2,1,0,1,2
77,-5123.324,8773.873,-171.661,105.783,-0.271463,-0.959587,0.074165,0.962422,-0.271226,0.013441,0.007218,0.075027,0.997155,0,0.85125,-0.36593,51.075,-0.732,425.000,375.000,-1,400.000,-1,325.000,325.000,275.000,300.000,-1,-1,-1,-1,625.000,900.000,575.000,-1,1,0,2,0,2,0,0,1,0,2,2,2,2,1,0,1,2
78,-5136.543,8822.989,-171.306,105.063,-0.259367,-0.962849,0.075164,0.965754,-0.259127,0.013098,0.006866,0.075987,0.997085,0,0.84773,-0.36001,50.864,-0.720,400.000,375.000,-1,400.000,-1,325.000,325.000,275.000,300.000,-1,-1,-1,-1,650.000,925.000,550.000,-1,1,0,2,0,2,0,0,1,0,2,2,2,2,1,0,1,2
79,-5147.768,8867.665,-171.032,104.103,-0.243200,-0.966989,0.076067,0.969957,-0.242941,0.012774,0.006127,0.076889,0.997021,0,0.76773,-0.48001,46.064,-0.960,400.000,375.000,-1,400.000,-1,325.000,325.000,250.000,300.000,-1,-1,-1,-1,650.000,950.000,550.000,-1,1,0,2,0,2,0,0,1,0,2,2,2,2,1,0,1,2
80,-5156.983,8907.887,-170.847,102.903,-0.222915,-0.971802,0.076877,0.974825,-0.222622,0.012473,0.004993,0.077722,0.996963,0,0.68773,-0.60001,41.264,-1.200,400.000,375.000,-1,400.000,-1,325.000,325.000,250.000,300.000,-1,-1,-1,-1,675.000,1000.000,-1,-1,1,0,2,0,2,0,0,1,0,2,2,2,2,1,0,2,2
81,-5164.626,8945.579,-170.748,101.463,-0.198461,-0.977030,0.077628,0.980103,-0.198118,0.012181,0.003478,0.078501,0.996908,0,0.64097,-0.72001,38.458,-1.440,400.000,375.000,-1,425.000,-1,325.000,325.000,250.000,300.000,-1,-1,-1,-1,700.000,-1,-1,-1,1,0,2,0,2,0,0,1,0,2,2,2,2,1,2,2,2
82,-5171.112,8983.194,-170.736,99.783,-0.169787,-0.982361,0.078355,0.985479,-0.169378,0.011885,0.001597,0.079235,0.996855,0,0.63614,-0.84001,38.169,-1.680,425.000,400.000,-1,425.000,-1,325.000,325.000,250.000,300.000,-1,-1,-1,-1,725.000,-1,-1,-1,1,0,2,0,2,0,0,1,0,2,2,2,2,1,2,2,2
83,-5176.370,9020.681,-170.816,97.984,-0.138936,-0.987142,0.079043,0.990301,-0.138452,0.011591,-0.000498,0.079887,0.996804,0,0.63088,-0.89938,37.853,-1.799,500.000,400.000,-1,425.000,-1,325.000,325.000,250.000,300.000,-1,-1,-1,-1,775.000,-1,-1,-1,1,0,2,0,2,0,0,1,0,2,2,2,2,1,2,2,2
84,-5180.414,9057.988,-170.986,96.185,-0.107955,-0.990957,0.079681,0.994152,-0.107394,0.011309,-0.002649,0.080436,0.996756,0,0.62541,-0.89937,37.525,-1.799,-1,400.000,-1,450.000,-1,325.000,350.000,250.000,300.000,-1,-1,-1,-1,800.000,-1,-1,-1,2,0,2,0,2,0,0,1,0,2,2,2,2,1,2,2,2
85,-5183.259,9095.081,-171.247,94.386,-0.076869,-0.993805,0.080271,0.997029,-0.076226,0.011045,-0.004857,0.080882,0.996712,0,0.62000,-0.89959,37.200,-1.799,-1,425.000,-1,450.000,-1,350.000,350.000,225.000,300.000,-1,-1,-1,-1,825.000,-1,-1,-1,2,0,2,0,2,0,0,1,0,2,2,2,2,1,2,2,2
86,-5184.923,9131.928,-171.582,92.586,-0.045701,-0.995685,0.080758,0.998929,-0.044970,0.010846,-0.007167,0.081167,0.996675,0,0.61473,-0.90002,36.884,-1.800,-1,425.000,-1,450.000,-1,350.000,350.000,225.000,300.000,-1,-1,-1,-1,875.000,-1,-1,-1,2,0,2,0,2,0,0,1,0,2,2,2,2,0,2,2,2
87,-5185.423,9168.505,-172.001,90.785,-0.014474,-0.996595,0.081176,0.999850,-0.013649,0.010700,-0.009556,0.081318,0.996642,0,0.60965,-0.90066,36.579,-1.801,-1,425.000,-1,475.000,-1,350.000,350.000,225.000,300.000,-1,-1,-1,-1,900.000,-1,-1,-1,2,0,2,0,2,0,0,1,0,2,2,2,2,0,2,2,2
88,-5184.862,9209.882,-173.107,89.223,0.012442,-0.996554,0.082006,0.999831,0.013509,0.012468,-0.013533,0.081837,0.996554,0,0.68965,-0.78066,41.379,-1.561,-1,425.000,-1,475.000,-1,350.000,350.000,225.000,300.000,-1,-1,-1,-1,900.000,-1,-1,-1,2,0,2,0,2,0,0,1,0,2,2,2,2,0,2,2,2
89,-5183.171,9256.031,-174.898,87.902,0.035030,-0.995911,0.083270,0.999206,0.036483,0.015990,-0.018963,0.082644,0.996399,0,0.76965,-0.66066,46.179,-1.321,-1,425.000,-1,475.000,-1,350.000,350.000,225.000,300.000,-1,-1,-1,-1,900.000,-1,-1,-1,2,0,2,0,2,0,0,1,0,2,2,2,2,0,2,2,2
90,-5180.344,9306.932,-176.968,86.821,0.053388,-0.994956,0.084927,0.998273,0.055266,0.019912,-0.024506,0.083717,0.996188,0,0.84965,-0.54066,50.979,-1.081,-1,425.000,-1,450.000,-1,350.000,350.000,225.000,300.000,-1,-1,-1,-1,900.000,-1,-1,-1,2,0,2,0,2,0,0,1,0,2,2,2,2,0,2,2,2
91,-5176.729,9358.357,-179.123,85.979,0.067556,-0.993941,0.086704,0.997271,0.069863,0.023855,-0.029767,0.084856,0.995948,0,0.85918,-0.42066,51.551,-0.841,-1,425.000,-1,450.000,-1,350.000,350.000,225.000,275.000,-1,-1,-1,-1,900.000,-1,-1,-1,2,0,2,0,2,0,0,1,0,2,2,2,2,0,2,2,2
92,-5172.600,9409.438,-181.319,85.378,0.077544,-0.993047,0.088566,0.996385,0.080282,0.027779,-0.034696,0.086092,0.995683,0,0.85412,-0.30066,51.247,-0.601,-1,425.000,-1,450.000,-1,350.000,350.000,225.000,275.000,-1,-1,-1,-1,875.000,-1,-1,-1,2,0,2,0,2,0,0,1,0,2,2,2,2,0,2,2,2
93,-5168.174,9460.205,-183.541,85.017,0.083362,-0.992403,0.090481,0.995745,0.086532,0.031690,-0.039279,0.087454,0.995394,0,0.84932,-0.18066,50.959,-0.361,-1,400.000,-1,450.000,-1,350.000,350.000,225.000,275.000,-1,-1,-1,-1,875.000,-1,-1,-1,2,0,2,0,2,0,0,1,0,2,2,2,2,0,2,2,2
94,-5163.664,9510.698,-185.773,84.895,0.085019,-0.992084,0.092416,0.995429,0.088622,0.035597,-0.043506,0.088968,0.995084,0,0.84488,-0.06066,50.693,-0.121,-1,400.000,-1,450.000,-1,350.000,350.000,250.000,275.000,750.000,-1,-1,-1,850.000,1000.000,-1,-1,2,0,2,0,2,0,0,1,0,1,2,2,2,0,0,2,2
95,-5159.280,9560.958,-187.997,85.014,0.082518,-0.992114,0.094347,0.995464,0.086554,0.039508,-0.047362,0.090658,0.994755,0,0.84084,0.05934,50.451,0.119,-1,400.000,-1,450.000,-1,325.000,350.000,250.000,275.000,725.000,-1,-1,-1,850.000,975.000,-1,-1,2,0,2,0,2,0,0,1,0,1,2,2,2,0,0,2,2
96,-5155.228,9611.030,-190.196,85.373,0.075859,-0.992463,0.096246,0.995822,0.080327,0.043432,-0.050836,0.092549,0.994410,0,0.83726,0.17934,50.235,0.359,-1,400.000,-1,450.000,-1,325.000,350.000,250.000,275.000,750.000,-1,-1,-1,825.000,950.000,-1,-1,2,0,2,0,2,0,0,1,0,1,2,2,2,0,0,2,2
97,-5151.534,9660.942,-192.364,85.765,0.068600,-0.992811,0.098087,0.996170,0.073510,0.047350,-0.054220,0.094463,0.994051,0,0.83415,0.19635,50.049,0.393,-1,400.000,-1,450.000,-1,325.000,350.000,250.000,275.000,800.000,-1,-1,-1,825.000,925.000,-1,-1,2,0,2,0,2,0,0,1,0,1,2,2,2,0,0,2,2
98,-5148.192,9710.705,-194.501,86.156,0.061359,-0.993107,0.099869,0.996454,0.066720,0.051259,-0.057569,0.096370,0.993679,0,0.83124,0.19551,49.874,0.391,-1,400.000,-1,450.000,-1,325.000,350.000,250.000,275.000,825.000,-1,-1,-1,800.000,925.000,-1,-1,2,0,2,0,2,0,0,1,0,1,2,2,2,0,0,2,2
99,-5145.198,9760.325,-196.606,86.545,0.054142,-0.993351,0.101598,0.996675,0.059964,0.055158,-0.060883,0.098273,0.993295,0,0.82851,0.19452,49.711,0.389,-1,400.000,-1,450.000,-1,325.000,350.000,275.000,275.000,875.000,-1,-1,-1,800.000,900.000,-1,-1,2,0,2,0,2,0,0,1,0,1,2,2,2,0,0,2,2
100,-5142.547,9809.814,-198.678,86.932,0.046955,-0.993544,0.103271,0.996834,0.053248,0.059052,-0.064170,0.100171,0.992899,0,0.82598,0.19336,49.559,0.387,-1,400.000,-1,450.000,-1,325.000,350.000,275.000,275.000,925.000,-1,-1,-1,775.000,875.000,-1,-1,2,0,2,0,2,0,0,1,0,1,2,2,2,0,0,2,2
101,-5140.233,9859.179,-201.583,87.316,0.040037,-0.993806,0.103662,0.997018,0.046583,0.061518,-0.065966,0.100890,0.992708,0,0.82367,0.19206,49.420,0.384,-1,400.000,-1,450.000,-1,325.000,350.000,275.000,300.000,925.000,-1,-1,-1,750.000,875.000,-1,-1,2,0,2,0,2,0,0,1,0,1,2,2,2,0,0,2,2
102,-5138.256,9908.434,-205.411,87.698,0.033082,-0.993789,0.106253,0.997198,0.039957,0.063242,-0.067094,0.103864,0.992326,0,0.82157,0.19061,49.294,0.381,-1,400.000,-1,450.000,-1,325.000,350.000,275.000,275.000,950.000,-1,-1,-1,750.000,850.000,-1,-1,2,0,2,0,2,0,0,1,0,1,2,2,2,0,0,2,2
103,-5136.607,9957.588,-209.203,88.076,0.026178,-0.993718,0.108809,0.997328,0.033388,0.064978,-0.068203,0.106817,0.991937,0,0.81970,0.18903,49.182,0.378,-1,400.000,-1,450.000,-1,325.000,350.000,275.000,275.000,975.000,-1,-1,-1,725.000,825.000,-1,-1,2,0,2,0,2,0,0,1,0,1,2,2,2,0,0,2,2
104,-5135.283,10006.654,-212.960,88.450,0.019330,-0.993595,0.111337,0.997409,0.026881,0.066728,-0.069293,0.109759,0.991540,0,0.81807,0.18732,49.084,0.375,-1,400.000,-1,450.000,-1,325.000,350.000,275.000,275.000,975.000,-1,-1,-1,725.000,825.000,-1,-1,2,0,2,0,2,0,0,1,0,1,2,2,2,0,0,2,2
105,-5134.279,10055.643,-216.684,88.821,0.012541,-0.993419,0.113846,0.997442,0.020441,0.068490,-0.070367,0.112696,0.991135,0,0.81666,0.18549,49.000,0.371,-1,400.000,-1,450.000,-1,325.000,350.000,275.000,275.000,1000.000,-1,-1,-1,725.000,800.000,-1,-1,2,0,2,0,2,0,0,1,0,1,2,2,2,0,0,2,2
106,-5133.589,10104.568,-220.374,89.188,0.005815,-0.993192,0.116343,0.997429,0.014071,0.070267,-0.071426,0.115635,0.990720,0,0.81549,0.18354,48.929,0.367,-1,400.000,-1,450.000,-1,325.000,350.000,275.000,275.000,-1,-1,-1,-1,700.000,775.000,-1,-1,2,0,2,0,2,0,0,1,0,2,2,2,2,0,0,2,2
107,-5133.210,10153.439,-224.032,89.551,-0.000845,-0.992914,0.118836,0.997370,0.007776,0.072058,-0.072472,0.118584,0.990296,0,0.81454,0.18149,48.872,0.363,-1,400.000,-1,425.000,-1,325.000,350.000,275.000,275.000,-1,-1,-1,-1,700.000,775.000,-1,-1,2,0,2,0,2,0,0,0,0,2,2,2,2,0,0,2,2
108,-5133.137,10202.267,-227.658,89.910,-0.007434,-0.992584,0.121332,0.997267,0.001560,0.073865,-0.073506,0.121549,0.989860,0,0.81381,0.17933,48.829,0.359,-1,375.000,-1,425.000,-1,325.000,350.000,300.000,275.000,-1,-1,-1,-1,675.000,750.000,-1,-1,2,0,2,0,2,0,0,0,0,2,2,2,2,0,0,2,2
109,-5133.532,10246.293,-230.896,90.509,-0.018146,-0.992156,0.123683,0.997097,-0.008808,0.075631,-0.073948,0.124696,0.989435,0,0.73381,0.29933,44.029,0.599,-1,375.000,-1,425.000,-1,325.000,325.000,300.000,275.000,-1,-1,-1,-1,675.000,750.000,-1,-1,2,0,2,0,2,0,0,0,0,2,2,2,2,0,0,2,2
110,-5134.323,10285.513,-233.743,91.150,-0.029551,-0.991611,0.125833,0.996810,-0.019899,0.077287,-0.074135,0.127716,0.989036,0,0.65381,0.32049,39.229,0.641,-1,375.000,-1,400.000,-1,325.000,325.000,300.000,250.000,-1,-1,-1,-1,650.000,725.000,-1,-1,2,0,2,0,2,0,0,0,0,2,2,2,2,0,0,2,2
111,-5135.400,10319.924,-236.209,91.787,-0.040849,-0.990963,0.127766,0.996410,-0.030913,0.078811,-0.074149,0.130527,0.988668,0,0.57381,0.31857,34.429,0.637,-1,375.000,-1,400.000,-1,325.000,325.000,300.000,250.000,-1,-1,-1,-1,650.000,725.000,-1,-1,2,0,2,0,2,0,0,0,0,2,2,2,2,0,0,2,2
112,-5136.656,10349.526,-238.304,92.420,-0.052044,-0.990216,0.129474,0.995900,-0.041856,0.080199,-0.073995,0.133117,0.988334,0,0.49381,0.31686,29.629,0.634,-1,375.000,-1,400.000,1000.000,300.000,325.000,300.000,250.000,-1,-1,-1,-1,650.000,725.000,-1,-1,2,0,2,0,0,0,0,0,0,2,2,2,2,0,0,2,2
113,-5137.981,10374.318,-240.038,93.051,-0.063140,-0.989377,0.130946,0.995281,-0.052737,0.081447,-0.073676,0.135471,0.988038,0,0.41381,0.31536,24.829,0.631,-1,350.000,-1,400.000,975.000,300.000,325.000,300.000,250.000,-1,-1,-1,-1,625.000,700.000,-1,-1,2,0,2,0,0,0,0,0,0,2,2,2,2,0,0,2,2
114,-5139.270,10394.304,-241.421,93.679,-0.074143,-0.988450,0.132172,0.994558,-0.063563,0.082551,-0.073196,0.137573,0.987783,0,0.33381,0.31410,20.029,0.628,-1,350.000,-1,400.000,950.000,300.000,325.000,300.000,250.000,-1,-1,-1,-1,625.000,700.000,-1,-1,2,0,2,0,0,0,0,0,0,2,2,2,2,0,0,2,2
115,-5140.416,10409.489,-242.440,94.306,-0.085043,-0.987454,0.133052,0.993737,-0.074343,0.083424,-0.072486,0.139313,0.987592,0,0.25381,0.31308,15.229,0.626,1000.000,350.000,-1,375.000,925.000,300.000,300.000,300.000,250.000,-1,-1,-1,-1,625.000,700.000,-1,-1,0,0,2,0,0,0,0,0,0,2,2,2,2,0,0,2,2
116,-5141.314,10419.877,-243.026,94.930,-0.095794,-0.986434,0.133312,0.992843,-0.085090,0.083805,-0.071325,0.140386,0.987524,0,0.17381,0.31231,10.429,0.625,1000.000,350.000,-1,375.000,925.000,300.000,300.000,300.000,250.000,-1,-1,-1,-1,625.000,700.000,-1,-1,0,0,2,0,0,0,0,0,0,2,2,2,2,0,0,2,2
117,-5142.855,10435.026,-243.852,95.795,-0.110653,-0.984825,0.133701,0.991413,-0.099944,0.084330,-0.069688,0.141884,0.987427,0,0.25381,0.43231,15.229,0.865,975.000,350.000,-1,375.000,925.000,300.000,300.000,300.000,250.000,-1,-1,-1,-1,625.000,700.000,-1,-1,0,0,2,0,0,0,0,0,0,2,2,2,2,0,0,2,2
118,-5145.254,10454.908,-244.888,96.868,-0.129059,-0.982511,0.134222,0.989330,-0.118347,0.084969,-0.067598,0.143756,0.987302,0,0.33381,0.53680,20.029,1.074,975.000,350.000,-1,375.000,900.000,300.000,300.000,300.000,250.000,-1,-1,-1,-1,600.000,675.000,1000.000,-1,0,0,2,0,0,0,0,0,0,2,2,2,2,0,0,0,2
119,-5148.688,10479.496,-246.170,97.940,-0.147283,-0.979805,0.135239,0.986982,-0.136657,0.084806,-0.064612,0.145969,0.987177,0,0.41381,0.53581,24.829,1.072,975.000,350.000,-1,375.000,900.000,300.000,300.000,300.000,250.000,-1,-1,-1,-1,600.000,675.000,1000.000,-1,0,0,2,0,0,0,0,0,0,2,2,2,2,0,0,0,2
120,-5153.331,10508.756,-247.440,99.009,-0.165278,-0.976828,0.135977,0.984366,-0.154875,0.083889,-0.060886,0.147716,0.987154,0,0.49381,0.53460,29.629,1.069,1000.000,350.000,-1,375.000,925.000,300.000,300.000,300.000,275.000,-1,-1,-1,975.000,600.000,675.000,-1,-1,0,0,2,0,0,0,0,0,0,2,2,2,1,0,0,2,2
121,-5159.359,10542.650,-248.916,100.076,-0.183088,-0.973533,0.136792,0.981462,-0.172983,0.082523,-0.056676,0.149365,0.987156,0,0.57381,0.53315,34.429,1.066,1000.000,350.000,-1,375.000,950.000,300.000,300.000,300.000,275.000,-1,-1,-1,900.000,625.000,675.000,-1,-1,0,0,2,0,0,0,0,0,0,2,2,2,1,0,0,2,2
122,-5166.941,10581.136,-250.511,101.138,-0.200646,-0.969886,0.138064,0.978309,-0.190960,0.080283,-0.051501,0.151178,0.987164,0,0.65381,0.53147,39.229,1.063,-1,350.000,-1,375.000,975.000,300.000,300.000,300.000,275.000,-1,-1,-1,875.000,625.000,675.000,-1,-1,2,0,2,0,0,0,0,0,0,2,2,2,1,0,0,2,2
123,-5176.249,10624.167,-252.167,102.198,-0.218001,-0.965872,0.139880,0.974873,-0.208786,0.077657,-0.045801,0.153295,0.987119,0,0.73381,0.52955,44.029,1.059,-1,350.000,-1,375.000,1000.000,300.000,300.000,300.000,275.000,-1,-1,-1,850.000,625.000,675.000,-1,-1,2,0,2,0,0,0,0,0,0,2,2,2,1,0,0,2,2
124,-5187.449,10671.691,-253.888,103.252,-0.235137,-0.961510,0.142157,0.971153,-0.226447,0.074727,-0.039659,0.155627,0.987019,0,0.81381,0.52738,48.829,1.055,-1,350.000,-1,375.000,-1,300.000,300.000,300.000,275.000,-1,-1,-1,825.000,625.000,675.000,-1,-1,2,0,2,0,2,0,0,0,0,2,2,2,1,0,0,2,2
125,-5198.512,10715.816,-255.414,104.067,-0.248224,-0.957860,0.144534,0.968096,-0.240013,0.071995,-0.034271,0.157794,0.986877,0,0.75823,0.40738,45.494,0.815,-1,350.000,-1,375.000,-1,300.000,300.000,300.000,275.000,-1,-1,700.000,825.000,650.000,675.000,-1,-1,2,0,2,0,2,0,0,0,0,2,2,0,1,0,0,2,2
126,-5210.028,10759.871,-256.897,104.642,-0.257278,-0.955065,0.147167,0.965889,-0.249521,0.069260,-0.029427,0.159967,0.986684,0,0.75895,0.28738,45.537,0.575,-1,375.000,-1,375.000,-1,300.000,300.000,300.000,275.000,-1,900.000,525.000,825.000,650.000,675.000,-1,-1,2,0,2,0,2,0,0,0,0,2,0,0,1,0,0,2,2
127,-5222.055,10804.806,-258.393,104.977,-0.262326,-0.953236,0.150087,0.964653,-0.255002,0.066468,-0.025087,0.162218,0.986436,0,0.77530,0.16738,46.518,0.335,-1,375.000,-1,375.000,-1,300.000,300.000,300.000,275.000,-1,700.000,350.000,825.000,650.000,675.000,-1,-1,2,0,2,0,2,0,0,0,0,2,0,0,1,0,0,2,2
128,-5234.137,10849.650,-259.882,105.071,-0.263398,-0.952440,0.153232,0.964451,-0.256478,0.063661,-0.021332,0.164553,0.986138,0,0.77407,0.04738,46.444,0.095,-1,375.000,-1,375.000,-1,300.000,300.000,300.000,275.000,-1,450.000,325.000,850.000,650.000,675.000,-1,-1,2,0,2,0,2,0,0,0,0,2,0,0,1,0,0,2,2
129,-5246.090,10894.471,-261.201,104.926,-0.260575,-0.952794,0.155837,0.965273,-0.253985,0.061158,-0.018691,0.166362,0.985888,0,0.77312,-0.07262,46.387,-0.145,-1,375.000,-1,375.000,-1,300.000,300.000,300.000,275.000,-1,375.000,300.000,825.000,675.000,675.000,-1,-1,2,0,2,0,2,0,0,0,0,2,0,0,0,0,0,2,2
130,-5257.730,10939.332,-262.408,104.541,-0.253867,-0.954277,0.157819,0.967086,-0.247520,0.058983,-0.017222,0.167599,0.985705,0,0.77243,-0.19262,46.346,-0.385,-1,375.000,-1,375.000,-1,300.000,300.000,300.000,275.000,-1,350.000,275.000,825.000,675.000,675.000,-1,-1,2,0,2,0,2,0,0,0,0,2,0,0,0,0,0,2,2
131,-5268.872,10984.293,-263.660,103.916,-0.243214,-0.956737,0.159693,0.969831,-0.237047,0.056890,-0.016574,0.168711,0.985526,0,0.77198,-0.31262,46.319,-0.625,-1,375.000,-1,375.000,-1,300.000,300.000,300.000,275.000,-1,350.000,275.000,800.000,675.000,675.000,-1,-1,2,0,2,0,2,0,0,0,0,2,0,0,0,0,0,2,2
132,-5279.331,11029.404,-264.991,103.050,-0.228588,-0.960044,0.161444,0.973379,-0.222535,0.054877,-0.016757,0.169690,0.985355,0,0.77176,-0.43262,46.306,-0.865,-1,375.000,-1,375.000,-1,300.000,300.000,300.000,275.000,-1,350.000,275.000,800.000,675.000,675.000,-1,-1,2,0,2,0,2,0,0,0,0,2,0,0,0,0,0,2,2
133,-5288.917,11074.710,-266.434,101.945,-0.209953,-0.964018,0.163063,0.977550,-0.203946,0.052940,-0.017780,0.170517,0.985194,0,0.77174,-0.55262,46.305,-1.105,-1,375.000,-1,375.000,-1,300.000,300.000,300.000,275.000,-1,350.000,275.000,775.000,700.000,675.000,-1,-1,2,0,2,0,2,0,0,0,0,2,0,0,0,0,0,2,2
134,-5297.576,11120.211,-267.651,100.777,-0.190315,-0.968055,0.163245,0.981523,-0.184270,0.051549,-0.019821,0.170040,0.985238,0,0.77191,-0.58394,46.315,-1.168,-1,375.000,-1,375.000,1000.000,300.000,300.000,300.000,275.000,-1,350.000,300.000,800.000,700.000,675.000,-1,-1,2,0,2,0,0,0,0,0,0,2,0,0,0,0,0,2,2
135,-5305.308,11165.894,-268.619,99.612,-0.170550,-0.971917,0.162140,0.985115,-0.164602,0.049535,-0.021455,0.168175,0.985524,0,0.77215,-0.58253,46.329,-1.165,-1,375.000,-1,375.000,1000.000,300.000,300.000,300.000,275.000,-1,375.000,325.000,825.000,700.000,675.000,-1,-1,2,0,2,0,0,0,0,0,0,2,0,0,0,0,0,2,2
