timestep,x_cm,y_cm,z_cm,yaw_deg,basis_xx,basis_xy,basis_xz,basis_yx,basis_yy,basis_yz,basis_zx,basis_zy,basis_zz,teleport_flag,throttle_cmd,steering_cmd,cmd_move_cm,cmd_turn_deg,lidar_cm_0,lidar_cm_1,lidar_cm_2,lidar_cm_3,lidar_cm_4,lidar_cm_5,lidar_cm_6,lidar_cm_7,lidar_cm_8,lidar_cm_9,lidar_cm_10,lidar_cm_11,lidar_cm_12,lidar_cm_13,lidar_cm_14,lidar_cm_15,lidar_cm_16,lidar_class_0,lidar_class_1,lidar_class_2,lidar_class_3,lidar_class_4,lidar_class_5,lidar_class_6,lidar_class_7,lidar_class_8,lidar_class_9,lidar_class_10,lidar_class_11,lidar_class_12,lidar_class_13,lidar_class_14,lidar_class_15,lidar_class_16
0,-2947.088,-4918.100,-112.511,15.117,0.964540,-0.258463,-0.053478,0.247972,0.956798,-0.151813,0.090406,0.133169,0.986961,1,0.08000,-0.12000,4.800,-0.240,200.000,225.000,600.000,425.000,-1,225.000,325.000,575.000,275.000,825.000,200.000,75.000,550.000,300.000,550.000,175.000,650.000,1,1,1,1,2,1,1,0,0,1,0,0,0,1,1,1,1
1,-2937.800,-4915.665,-111.291,14.637,0.966522,-0.250293,-0.056471,0.239060,0.958371,-0.156129,0.093198,0.137402,0.986121,0,0.16000,-0.24000,9.600,-0.480,175.000,225.000,625.000,425.000,-1,225.000,325.000,575.000,275.000,850.000,200.000,75.000,525.000,300.000,550.000,175.000,650.000,1,1,1,1,2,1,1,0,0,1,0,0,0,1,1,1,1
2,-2923.823,-4912.187,-109.480,13.917,0.969340,-0.238014,-0.061066,0.225625,0.960569,-0.162480,0.097330,0.143721,0.984820,0,0.24000,-0.36000,14.400,-0.720,175.000,250.000,650.000,425.000,-1,250.000,325.000,600.000,275.000,900.000,200.000,50.000,475.000,300.000,550.000,175.000,675.000,1,1,1,1,2,1,1,0,0,1,0,0,0,1,1,1,1
3,-2905.112,-4907.862,-107.102,12.957,0.972806,-0.221607,-0.067374,0.207598,0.963206,-0.170698,0.102723,0.152070,0.983017,0,0.32000,-0.48000,19.200,-0.960,175.000,250.000,650.000,425.000,-1,250.000,350.000,650.000,275.000,975.000,200.000,50.000,425.000,300.000,550.000,175.000,675.000,1,1,1,1,2,1,1,0,0,1,0,0,0,1,1,1,1
4,-2881.615,-4902.946,-104.200,11.757,0.976665,-0.201054,-0.075513,0.184908,0.966035,-0.180515,0.109241,0.162339,0.980669,0,0.40000,-0.60000,24.000,-1.200,175.000,250.000,675.000,425.000,-1,250.000,350.000,675.000,250.000,-1,175.000,50.000,375.000,325.000,550.000,175.000,700.000,1,1,1,1,2,1,1,0,0,2,0,0,0,1,1,1,1
5,-2853.279,-4897.755,-100.842,10.317,0.980601,-0.176347,-0.085578,0.157503,0.968766,-0.191534,0.116682,0.174340,0.977748,0,0.48000,-0.72000,28.800,-1.440,150.000,250.000,725.000,425.000,-1,275.000,350.000,750.000,250.000,-1,175.000,25.000,350.000,325.000,550.000,150.000,750.000,1,1,1,1,2,1,1,0,0,2,0,0,0,1,1,1,1
6,-2820.057,-4892.670,-97.125,8.637,0.984235,-0.147498,-0.097597,0.125377,0.971077,-0.203202,0.124746,0.187762,0.974261,0,0.56000,-0.84000,33.600,-1.680,150.000,275.000,750.000,400.000,-1,275.000,350.000,750.000,250.000,-1,175.000,25.000,300.000,350.000,550.000,150.000,825.000,1,1,1,1,2,1,1,1,0,2,0,0,0,1,1,1,1
7,-2781.932,-4887.986,-93.142,6.938,0.986754,-0.118303,-0.111003,0.092336,0.972175,-0.215289,0.133384,0.202188,0.970221,0,0.64000,-0.84929,38.400,-1.699,150.000,275.000,800.000,400.000,-1,275.000,350.000,700.000,250.000,-1,175.000,25.000,250.000,375.000,575.000,150.000,-1,1,1,1,1,2,1,1,1,0,2,0,0,0,1,1,1,2
8,3607.635,6231.366,249.645,23.063,0.913878,-0.391150,0.108761,0.394759,0.918693,-0.013010,-0.094830,0.054824,0.993983,1,0.00000,0.00000,43.200,-1.670,-1,325.000,-1,275.000,425.000,250.000,250.000,525.000,375.000,-1,0.000,25.000,-1,525.000,425.000,875.000,375.000,2,0,2,0,0,0,0,0,0,2,1,1,2,0,0,0,0
9,-327.969,983.915,25.198,11.427,0.979952,-0.197824,-0.023654,0.198812,0.978679,0.051582,0.012946,-0.055251,0.998389,1,0.00000,0.00000,4.800,-0.140,775.000,400.000,950.000,375.000,-1,325.000,300.000,325.000,300.000,-1,600.000,-1,-1,550.000,700.000,650.000,-1,1,0,1,0,2,0,0,0,0,2,0,2,2,1,0,1,2
10,-323.269,984.886,25.265,11.667,0.979113,-0.201920,-0.023785,0.202911,0.977832,0.051691,0.012820,-0.055438,0.998380,0,0.08000,0.12000,4.800,0.240,775.000,400.000,925.000,375.000,-1,325.000,300.000,325.000,300.000,-1,625.000,-1,-1,550.000,700.000,650.000,-1,1,0,1,0,2,0,0,0,0,2,0,2,2,1,0,1,2
11,-313.884,986.906,25.395,12.147,0.977384,-0.210100,-0.024045,0.211098,0.976086,0.051906,0.012564,-0.055808,0.998362,0,0.16000,0.24000,9.600,0.480,775.000,400.000,900.000,375.000,-1,325.000,300.000,325.000,300.000,-1,650.000,-1,-1,550.000,700.000,625.000,-1,1,0,1,0,2,0,0,0,0,2,0,2,2,1,0,1,2
12,-299.846,990.114,25.580,12.867,0.974662,-0.222342,-0.024435,0.223349,0.973338,0.052223,0.012172,-0.056357,0.998336,0,0.24000,0.36000,14.400,0.720,775.000,400.000,875.000,375.000,-1,325.000,300.000,325.000,300.000,-1,675.000,-1,-1,525.000,700.000,625.000,-1,1,0,1,0,2,0,0,0,0,2,0,2,2,1,0,1,2
13,-281.193,994.665,25.811,13.710,0.971282,-0.236620,-0.024967,0.237642,0.969926,0.052627,0.011763,-0.057048,0.998302,0,0.32000,0.42122,19.200,0.842,775.000,400.000,850.000,375.000,-1,325.000,300.000,325.000,300.000,-1,725.000,-1,-1,525.000,700.000,625.000,-1,1,1,1,0,2,0,0,0,0,2,0,2,2,1,0,1,2
14,-257.963,1000.695,26.080,14.551,0.967693,-0.250823,-0.025656,0.251871,0.966303,0.053101,0.011473,-0.057847,0.998260,0,0.40000,0.42062,24.000,0.841,750.000,400.000,800.000,375.000,-1,325.000,300.000,325.000,300.000,-1,750.000,-1,-1,500.000,700.000,600.000,-1,1,1,1,0,2,0,1,0,0,2,0,2,2,1,0,1,2
15,-230.197,1008.339,26.375,15.391,0.963897,-0.264954,-0.026509,0.266037,0.962470,0.053630,0.011305,-0.058746,0.998209,0,0.48000,0.42017,28.800,0.840,725.000,375.000,750.000,375.000,-1,325.000,300.000,325.000,300.000,-1,800.000,-1,-1,500.000,725.000,575.000,-1,1,1,1,1,2,1,1,0,0,2,0,2,2,1,0,1,2
16,-197.936,1017.732,26.682,16.231,0.959892,-0.279015,-0.027533,0.280143,0.958427,0.054193,0.011268,-0.059733,0.998151,0,0.56000,0.41986,33.600,0.840,700.000,375.000,725.000,375.000,-1,300.000,300.000,325.000,300.000,-1,825.000,-1,-1,475.000,700.000,550.000,-1,1,1,1,1,2,1,1,0,0,2,0,2,2,1,1,1,2
17,-161.229,1029.005,26.987,17.071,0.955679,-0.293005,-0.028738,0.294192,0.954176,0.054769,0.011374,-0.060796,0.998085,0,0.64000,0.41967,38.400,0.839,675.000,350.000,675.000,350.000,-1,300.000,300.000,325.000,300.000,-1,825.000,-1,-1,450.000,650.000,525.000,-1,1,1,1,1,2,1,1,0,0,2,0,2,2,1,1,1,2
18,-120.123,1042.290,27.272,17.910,0.951256,-0.306927,-0.030136,0.308183,0.949717,0.055329,0.011639,-0.061920,0.998013,0,0.72000,0.41958,43.200,0.839,625.000,325.000,625.000,350.000,-1,275.000,275.000,325.000,300.000,-1,800.000,-1,-1,425.000,575.000,475.000,-1,1,1,1,1,2,1,1,0,0,2,0,2,2,1,1,1,2
19,-76.680,1057.037,27.600,18.749,0.946631,-0.320774,-0.031518,0.322105,0.945033,0.056223,0.011751,-0.063374,0.997921,0,0.76464,0.41958,45.878,0.839,575.000,300.000,575.000,325.000,-1,250.000,275.000,325.000,300.000,-1,800.000,-1,-1,375.000,525.000,425.000,-1,1,1,1,1,2,1,1,0,0,2,0,2,2,1,1,1,2
20,-33.116,1072.540,27.946,19.588,0.941807,-0.334544,-0.032847,0.335950,0.940130,0.057388,0.011682,-0.065083,0.997811,0,0.77066,0.41960,46.240,0.839,525.000,275.000,525.000,300.000,-1,250.000,250.000,325.000,300.000,-1,825.000,-1,-1,350.000,475.000,400.000,-1,1,1,1,1,2,1,1,0,0,2,0,2,2,1,1,1,2
21,10.557,1088.808,28.257,20.427,0.936779,-0.348234,-0.034315,0.349725,0.935020,0.058563,0.011692,-0.066862,0.997694,0,0.77676,0.41952,46.605,0.839,450.000,250.000,475.000,300.000,-1,225.000,225.000,300.000,300.000,-1,825.000,-1,-1,325.000,425.000,350.000,-1,1,1,1,1,2,1,1,0,0,2,0,2,2,1,1,1,2
22,54.332,1105.847,28.810,21.266,0.931514,-0.361811,-0.037070,0.363487,0.929639,0.060404,0.012607,-0.069742,0.997485,0,0.78291,0.41935,46.975,0.839,400.000,225.000,425.000,275.000,-1,200.000,225.000,300.000,300.000,-1,775.000,-1,-1,300.000,400.000,300.000,-1,1,1,1,1,2,1,1,0,0,2,0,2,2,1,1,1,2
23,98.198,1123.666,30.181,22.104,0.925992,-0.375254,-0.041515,0.377258,0.923959,0.063061,0.014694,-0.074056,0.997146,0,0.78912,0.41908,47.347,0.838,350.000,200.000,375.000,250.000,-1,175.000,200.000,300.000,325.000,-1,500.000,-1,-1,250.000,350.000,275.000,925.000,1,1,1,1,2,1,1,0,0,2,0,2,2,1,1,1,1
24,142.147,1142.269,32.979,22.941,0.920089,-0.388655,-0.048830,0.391162,0.918226,0.062068,0.020714,-0.076208,0.996877,0,0.79540,0.41871,47.724,0.837,300.000,175.000,325.000,225.000,-1,175.000,175.000,300.000,325.000,-1,375.000,650.000,-1,225.000,325.000,225.000,700.000,1,1,1,1,2,1,1,0,0,2,0,0,2,1,1,1,1
25,186.174,1161.654,39.619,23.778,0.913348,-0.402298,-0.062858,0.405276,0.913090,0.044927,0.039321,-0.066508,0.997011,0,0.80174,0.41823,48.104,0.836,325.000,175.000,325.000,225.000,-1,175.000,175.000,325.000,325.000,-1,275.000,300.000,-1,225.000,325.000,225.000,-1,1,1,1,1,2,1,1,0,0,2,0,0,2,1,1,1,2
26,230.262,1181.842,47.104,24.613,0.906007,-0.415803,-0.079111,0.418889,0.907644,0.026741,0.060686,-0.057366,0.996507,0,0.80813,0.41765,48.488,0.835,-1,175.000,325.000,225.000,-1,175.000,175.000,375.000,350.000,-1,200.000,175.000,-1,225.000,300.000,225.000,-1,2,1,1,1,2,1,1,0,0,2,0,0,2,1,1,1,2
27,-3607.626,-3607.624,-69.247,-13.079,0.974065,0.226244,0.003200,-0.226105,0.973807,-0.024018,-0.008550,0.022671,0.999706,1,0.00000,0.00000,48.875,0.834,900.000,350.000,800.000,400.000,850.000,300.000,300.000,300.000,325.000,-1,-1,-1,425.000,575.000,550.000,900.000,650.000,0,0,1,0,1,0,0,0,1,2,2,2,1,0,1,0,1
28,-3602.955,-3608.730,-69.289,-13.319,0.973111,0.230319,0.002792,-0.230185,0.972841,-0.024410,-0.008338,0.023111,0.999698,0,0.08000,-0.12000,4.800,-0.240,900.000,350.000,800.000,400.000,850.000,300.000,300.000,300.000,325.000,-1,-1,-1,425.000,575.000,550.000,900.000,650.000,0,0,1,0,1,0,0,0,1,2,2,2,1,0,1,0,1
29,-3593.633,-3611.020,-69.375,-13.799,0.971151,0.238456,0.001983,-0.238332,0.970857,-0.025176,-0.007929,0.023977,0.999681,0,0.16000,-0.24000,9.600,-0.480,925.000,350.000,775.000,400.000,850.000,300.000,300.000,300.000,325.000,-1,-1,-1,425.000,575.000,550.000,900.000,650.000,0,0,1,0,1,0,0,0,1,2,2,2,1,0,1,0,1
30,-3579.692,-3614.630,-69.506,-14.519,0.968083,0.250629,0.000783,-0.250523,0.967754,-0.026279,-0.007345,0.025244,0.999654,0,0.24000,-0.36000,14.400,-0.720,950.000,350.000,750.000,400.000,875.000,300.000,300.000,300.000,325.000,-1,-1,-1,425.000,575.000,525.000,925.000,625.000,0,0,1,0,1,0,0,0,1,2,2,2,1,0,1,0,1
31,-3561.172,-3619.695,-69.649,-15.298,0.964593,0.263743,-0.000729,-0.263663,0.964222,-0.027523,-0.006556,0.026740,0.999621,0,0.32000,-0.38922,19.200,-0.778,950.000,350.000,725.000,400.000,875.000,300.000,300.000,300.000,325.000,-1,-1,-1,425.000,600.000,525.000,925.000,625.000,0,0,1,0,1,0,0,0,1,2,2,2,1,0,1,0,1
32,-3538.110,-3626.337,-69.801,-16.068,0.960964,0.276663,-0.002537,-0.276619,0.960547,-0.028844,-0.005543,0.028420,0.999581,0,0.40000,-0.38494,24.000,-0.770,1000.000,350.000,700.000,400.000,875.000,300.000,325.000,300.000,325.000,-1,-1,-1,425.000,600.000,500.000,950.000,600.000,0,1,1,1,1,1,0,0,1,2,2,2,1,0,1,0,1
33,-3510.543,-3634.673,-69.979,-16.827,0.957213,0.289348,-0.004677,-0.289354,0.956744,-0.030258,-0.004281,0.030317,0.999531,0,0.48000,-0.37954,28.800,-0.759,-1,350.000,675.000,375.000,850.000,300.000,325.000,300.000,350.000,-1,-1,-1,450.000,575.000,500.000,1000.000,575.000,2,1,1,1,1,1,1,0,1,2,2,2,1,1,1,0,1
34,-3478.510,-3644.817,-70.207,-17.573,0.953357,0.301758,-0.007208,-0.301831,0.952831,-0.031796,-0.002727,0.032488,0.999468,0,0.56000,-0.37296,33.600,-0.746,-1,350.000,650.000,375.000,825.000,300.000,300.000,300.000,350.000,-1,-1,-1,450.000,550.000,475.000,-1,550.000,2,1,1,1,1,1,1,0,1,2,2,2,1,1,1,2,1
35,-3442.052,-3656.875,-70.514,-18.303,0.949418,0.313850,-0.010218,-0.314015,0.948827,-0.033504,-0.000820,0.035017,0.999386,0,0.64000,-0.36512,38.400,-0.730,-1,325.000,600.000,350.000,775.000,275.000,300.000,300.000,350.000,-1,-1,-1,450.000,525.000,450.000,-1,525.000,2,1,1,1,1,1,1,0,0,2,2,2,1,1,1,2,1
36,-3401.209,-3670.948,-70.940,-19.015,0.945414,0.325578,-0.013829,-0.325868,0.944751,-0.035442,0.001526,0.038014,0.999276,0,0.72000,-0.35592,43.200,-0.712,-1,325.000,550.000,325.000,725.000,275.000,275.000,300.000,350.000,-1,-1,-1,450.000,475.000,400.000,-1,475.000,2,1,1,1,1,1,1,0,0,2,2,2,1,1,1,2,1
37,-3360.631,-3685.480,-71.265,-19.705,0.941385,0.336886,-0.017391,-0.337317,0.940605,-0.038466,0.003399,0.042077,0.999109,0,0.71836,-0.34527,43.102,-0.691,-1,300.000,525.000,300.000,650.000,250.000,250.000,300.000,325.000,-1,-1,-1,475.000,450.000,375.000,-1,450.000,2,1,1,1,1,1,1,0,0,2,2,2,1,1,1,2,1
38,-3320.278,-3700.462,-71.479,-20.374,0.937326,0.347758,-0.022004,-0.348404,0.936390,-0.042299,0.005894,0.047314,0.998863,0,0.71740,-0.33434,43.044,-0.669,-1,275.000,475.000,275.000,575.000,250.000,250.000,300.000,325.000,-1,-1,-1,475.000,425.000,350.000,-1,400.000,2,1,1,1,1,1,1,0,0,2,2,2,1,1,1,2,1
39,-3280.111,-3715.893,-71.734,-21.020,0.933248,0.358192,-0.027343,-0.359125,0.932133,-0.046444,0.008851,0.053163,0.998547,0,0.71715,-0.32312,43.029,-0.646,-1,275.000,425.000,250.000,500.000,225.000,225.000,300.000,325.000,-1,-1,900.000,475.000,375.000,325.000,900.000,350.000,2,1,1,1,1,1,1,0,0,2,2,0,1,1,1,1,1
40,-3240.091,-3731.768,-72.102,-21.644,0.929163,0.368181,-0.033140,-0.369472,0.927856,-0.050729,0.012072,0.059379,0.998162,0,0.71756,-0.31163,43.054,-0.623,-1,250.000,400.000,225.000,425.000,200.000,200.000,325.000,300.000,-1,900.000,650.000,475.000,350.000,300.000,750.000,325.000,2,1,1,1,1,1,1,0,0,2,0,0,1,1,1,1,1
41,-3195.728,-3749.710,-71.534,-22.027,0.926521,0.374234,-0.038825,-0.375930,0.925015,-0.054989,0.015335,0.065544,0.997732,0,0.79756,-0.19163,47.854,-0.383,-1,225.000,350.000,200.000,350.000,200.000,175.000,325.000,300.000,-1,725.000,500.000,475.000,325.000,250.000,625.000,275.000,2,1,1,1,1,1,1,0,0,2,0,0,1,1,1,1,1
42,-3146.990,-3769.637,-68.102,-22.240,0.924755,0.377659,-0.046919,-0.379827,0.923589,-0.052104,0.023656,0.066005,0.997539,0,0.87756,-0.10651,52.654,-0.213,-1,225.000,300.000,175.000,300.000,175.000,175.000,325.000,300.000,-1,525.000,400.000,500.000,300.000,225.000,575.000,225.000,2,1,1,1,1,1,1,0,0,2,0,0,1,1,1,1,1
43,-3096.770,-3790.384,-59.284,-22.437,0.922295,0.381181,-0.063820,-0.383470,0.923125,-0.028120,0.048195,0.050408,0.997565,0,0.90558,-0.09853,54.335,-0.197,-1,225.000,300.000,175.000,325.000,175.000,150.000,325.000,350.000,-1,300.000,275.000,525.000,300.000,225.000,750.000,225.000,2,1,1,1,1,1,1,0,0,2,0,1,1,1,1,1,1
44,2951.691,2295.768,80.247,112.131,-0.378053,-0.925767,0.005596,0.923128,-0.376504,0.077963,-0.070069,0.034640,0.996941,1,0.00000,0.00000,54.830,-0.180,-1,375.000,-1,350.000,625.000,300.000,300.000,250.000,275.000,300.000,475.000,525.000,-1,625.000,550.000,-1,700.000,2,0,2,0,0,0,0,1,0,1,1,1,2,0,0,2,0
45,2953.488,2291.317,80.473,111.987,-0.375719,-0.926716,0.005704,0.924069,-0.374166,0.078078,-0.070222,0.034606,0.996931,0,-0.08000,-0.07235,-4.800,-0.145,-1,375.000,-1,350.000,625.000,300.000,300.000,225.000,275.000,300.000,475.000,525.000,-1,625.000,550.000,-1,700.000,2,0,2,0,0,0,0,1,0,1,1,1,2,0,0,2,0
46,2957.060,2282.406,80.853,111.843,-0.373378,-0.927662,0.005627,0.925010,-0.371837,0.078068,-0.070328,0.034354,0.996932,0,-0.16000,-0.07205,-9.600,-0.144,-1,375.000,-1,350.000,625.000,300.000,300.000,225.000,275.000,300.000,450.000,500.000,-1,625.000,550.000,-1,700.000,2,0,2,0,0,0,0,1,0,1,1,1,2,0,0,2,0
47,2962.385,2269.027,81.371,111.700,-0.371036,-0.928603,0.005338,0.925950,-0.369529,0.077876,-0.070343,0.033837,0.996949,0,-0.24000,-0.07145,-14.400,-0.143,-1,375.000,-1,350.000,650.000,300.000,300.000,225.000,275.000,300.000,450.000,475.000,-1,625.000,550.000,-1,700.000,2,0,2,0,0,0,0,1,0,1,1,1,2,0,0,2,0
48,2969.440,2251.170,82.008,111.558,-0.368697,-0.929537,0.004785,0.926896,-0.367250,0.077405,-0.070194,0.032975,0.996988,0,-0.32000,-0.07058,-19.200,-0.141,-1,375.000,-1,350.000,650.000,300.000,300.000,225.000,275.000,275.000,425.000,475.000,-1,625.000,575.000,-1,725.000,2,0,2,0,0,0,0,1,0,1,1,1,2,0,0,2,0
49,2978.051,2229.219,82.723,111.420,-0.366362,-0.930464,0.003922,0.927851,-0.365011,0.076545,-0.069791,0.031682,0.997058,0,-0.39300,-0.06946,-23.580,-0.139,-1,375.000,-1,350.000,675.000,300.000,300.000,200.000,275.000,275.000,400.000,425.000,-1,650.000,575.000,-1,750.000,2,0,2,0,0,0,0,1,0,1,1,1,2,0,0,2,0
50,2986.542,2207.423,83.378,111.283,-0.364055,-0.931373,0.002937,0.928803,-0.362813,0.075444,-0.069201,0.030193,0.997146,0,-0.38985,-0.06815,-23.391,-0.136,-1,375.000,-1,350.000,700.000,300.000,300.000,200.000,275.000,275.000,375.000,400.000,-1,650.000,575.000,-1,750.000,2,0,2,0,0,0,0,1,0,1,1,1,2,0,0,2,0
51,2994.911,2185.792,83.974,111.149,-0.361775,-0.932264,0.001832,0.929751,-0.360654,0.074111,-0.068430,0.028514,0.997248,0,-0.38656,-0.06693,-23.194,-0.134,-1,375.000,-1,350.000,725.000,300.000,300.000,175.000,275.000,275.000,350.000,375.000,-1,650.000,600.000,-1,775.000,2,0,2,0,0,0,0,1,0,1,1,1,2,0,0,2,0
52,3003.156,2164.332,84.512,111.018,-0.359519,-0.933137,0.000611,0.930694,-0.358530,0.072555,-0.067485,0.026653,0.997364,0,-0.38315,-0.06580,-22.989,-0.132,-1,375.000,-1,350.000,750.000,300.000,300.000,175.000,275.000,275.000,300.000,350.000,-1,650.000,600.000,-1,800.000,2,0,2,0,0,0,0,1,0,1,1,1,2,0,0,2,0
53,3011.278,2143.052,84.994,110.888,-0.357287,-0.933994,-0.000723,0.931633,-0.356439,0.070787,-0.066372,0.024617,0.997491,0,-0.37962,-0.06476,-22.777,-0.130,-1,375.000,-1,350.000,775.000,300.000,300.000,175.000,275.000,250.000,275.000,325.000,-1,650.000,600.000,-1,850.000,2,0,2,0,0,0,0,1,0,1,1,1,2,0,0,2,0
54,3019.274,2121.957,85.423,110.761,-0.355078,-0.934834,-0.002166,0.932567,-0.354376,0.068815,-0.065099,0.022415,0.997627,0,-0.37599,-0.06381,-22.559,-0.128,825.000,375.000,-1,350.000,825.000,300.000,300.000,150.000,275.000,250.000,250.000,300.000,-1,650.000,625.000,-1,875.000,1,0,2,0,0,0,0,1,0,1,1,1,2,0,0,2,0
55,3027.146,2101.054,85.800,110.635,-0.352890,-0.935658,-0.003714,0.933496,-0.352339,0.066651,-0.063671,0.020053,0.997769,0,-0.37227,-0.06295,-22.336,-0.126,800.000,375.000,-1,350.000,850.000,300.000,300.000,150.000,275.000,225.000,225.000,275.000,-1,650.000,625.000,-1,925.000,1,0,2,0,0,0,0,1,0,1,1,1,2,0,0,2,0
56,3034.893,2080.346,86.431,110.510,-0.350799,-0.936443,-0.003845,0.934456,-0.350316,0.063806,-0.061098,0.018790,0.997955,0,-0.36847,-0.06218,-22.108,-0.124,800.000,375.000,-1,375.000,900.000,300.000,300.000,150.000,275.000,225.000,200.000,250.000,-1,675.000,625.000,-1,975.000,1,0,2,0,0,0,0,1,0,1,1,1,2,0,0,2,0
57,3042.514,2059.839,87.736,110.387,-0.348888,-0.937164,-0.000467,0.935489,-0.348294,0.059595,-0.056013,0.020355,0.998223,0,-0.36461,-0.06149,-21.877,-0.123,-1,400.000,-1,375.000,975.000,325.000,325.000,150.000,275.000,225.000,175.000,225.000,-1,700.000,650.000,-1,-1,2,0,2,0,0,0,0,1,0,1,1,1,2,0,0,2,2
58,3050.010,2039.536,88.925,110.266,-0.346951,-0.937880,0.002467,0.936494,-0.346293,0.055313,-0.051023,0.021501,0.998466,0,-0.36071,-0.06090,-21.642,-0.122,-1,400.000,-1,375.000,-1,325.000,325.000,150.000,275.000,200.000,150.000,175.000,-1,725.000,675.000,-1,-1,2,0,2,0,2,0,0,1,0,1,1,1,2,0,0,2,2
59,3057.381,2019.439,91.273,110.145,-0.345252,-0.938473,0.008379,0.937166,-0.344266,0.056571,-0.050206,0.027384,0.998363,0,-0.35676,-0.06039,-21.406,-0.121,-1,400.000,-1,375.000,-1,325.000,325.000,150.000,275.000,225.000,125.000,175.000,-1,750.000,700.000,-1,-1,2,0,2,0,2,0,0,1,0,1,1,1,2,0,0,2,2
60,3064.627,1999.550,94.164,110.025,-0.343694,-0.938951,0.015647,0.937665,-0.342213,0.060621,-0.051565,0.035506,0.998038,0,-0.35280,-0.05996,-21.168,-0.120,-1,425.000,-1,375.000,975.000,325.000,325.000,150.000,275.000,225.000,125.000,150.000,-1,775.000,675.000,-1,-1,2,0,2,0,0,0,0,1,0,1,1,1,2,0,0,2,2
61,3071.751,1979.871,97.066,109.906,-0.342183,-0.939355,0.022854,0.938116,-0.340148,0.065099,-0.053378,0.043716,0.997617,0,-0.34882,-0.05962,-20.929,-0.119,-1,425.000,-1,375.000,925.000,350.000,325.000,150.000,275.000,225.000,100.000,125.000,-1,800.000,675.000,-1,-1,2,0,2,0,0,0,0,1,0,1,1,1,2,0,0,2,2
62,3078.752,1960.400,99.977,109.787,-0.340724,-0.939685,0.030001,0.938517,-0.338066,0.069986,-0.055622,0.052002,0.997097,0,-0.34485,-0.05936,-20.691,-0.119,-1,425.000,-1,375.000,850.000,350.000,325.000,150.000,250.000,250.000,75.000,125.000,-1,800.000,675.000,-1,-1,2,0,2,0,0,0,0,1,0,1,1,1,2,0,0,2,2
63,3085.632,1941.139,102.896,109.669,-0.339324,-0.939938,0.037089,0.938863,-0.335966,0.075258,-0.058277,0.060358,0.996474,0,-0.34090,-0.05917,-20.454,-0.118,-1,450.000,-1,375.000,800.000,350.000,325.000,175.000,250.000,250.000,75.000,100.000,-1,825.000,650.000,-1,950.000,2,0,2,0,0,0,0,1,0,1,1,1,2,0,0,2,0
64,3092.393,1922.085,105.820,109.551,-0.337989,-0.940116,0.044118,0.939150,-0.333845,0.080894,-0.061321,0.068775,0.995746,0,-0.33697,-0.05906,-20.218,-0.118,-1,450.000,-1,375.000,750.000,350.000,325.000,175.000,250.000,275.000,50.000,75.000,-1,825.000,650.000,-1,900.000,2,0,2,0,0,0,0,1,0,1,1,1,2,0,0,2,0
65,3099.036,1903.237,108.751,109.432,-0.336723,-0.940217,0.051087,0.939376,-0.331702,0.086869,-0.064730,0.077240,0.994909,0,-0.33308,-0.05903,-19.985,-0.118,-1,450.000,-1,375.000,675.000,350.000,325.000,175.000,250.000,275.000,50.000,75.000,-1,850.000,625.000,-1,850.000,2,0,2,0,0,0,0,1,0,1,1,1,2,0,0,2,0
66,3105.562,1884.592,112.032,109.314,-0.335684,-0.940130,0.058924,0.939403,-0.329493,0.094639,-0.069557,0.087122,0.993766,0,-0.32925,-0.05906,-19.755,-0.118,-1,450.000,-1,350.000,575.000,350.000,325.000,175.000,250.000,300.000,50.000,50.000,-1,850.000,600.000,-1,800.000,2,0,2,0,0,0,0,1,0,1,1,1,2,0,0,2,0
67,3111.975,1866.148,115.292,109.196,-0.334742,-0.939950,0.066653,0.939349,-0.327252,0.102610,-0.074636,0.096959,0.992486,0,-0.32547,-0.05916,-19.528,-0.118,-1,450.000,-1,350.000,500.000,350.000,325.000,200.000,225.000,325.000,25.000,50.000,-1,850.000,575.000,-1,700.000,2,0,2,0,0,0,0,1,0,1,1,1,2,0,0,2,0
68,-3607.631,6231.356,37.533,83.184,0.118488,-0.992623,-0.025686,0.992927,0.118641,-0.004517,0.007531,-0.024969,0.999660,1,0.00000,0.00000,-19.305,-0.119,-1,400.000,-1,400.000,-1,325.000,325.000,300.000,300.000,-1,-1,-1,-1,900.000,925.000,-1,-1,2,0,2,0,2,0,0,0,0,2,2,2,2,0,0,2,2
69,-3607.041,6236.120,37.572,82.944,0.122648,-0.992118,-0.025673,0.992422,0.122798,-0.004349,0.007467,-0.024945,0.999661,0,0.08000,-0.12000,4.800,-0.240,-1,400.000,-1,400.000,-1,325.000,325.000,300.000,300.000,-1,-1,-1,-1,900.000,925.000,-1,-1,2,0,2,0,2,0,0,0,0,2,2,2,2,0,0,2,2
70,-3605.782,6245.637,37.651,82.464,0.130962,-0.991056,-0.025640,0.991360,0.131106,-0.004013,0.007339,-0.024893,0.999663,0,0.16000,-0.24000,9.600,-0.480,-1,400.000,-1,400.000,-1,325.000,325.000,300.000,300.000,-1,-1,-1,-1,900.000,925.000,-1,-1,2,0,2,0,2,0,0,0,0,2,2,2,2,0,0,2,2
71,-3603.714,6259.888,37.774,81.744,0.143414,-0.989332,-0.025576,0.989637,0.143549,-0.003511,0.007145,-0.024807,0.999667,0,0.24000,-0.36000,14.400,-0.720,-1,400.000,-1,400.000,-1,325.000,325.000,300.000,300.000,-1,-1,-1,-1,900.000,925.000,-1,-1,2,0,2,0,2,0,0,0,0,2,2,2,2,0,0,2,2
72,-3600.683,6278.847,37.941,80.916,0.157711,-0.987157,-0.025459,0.987462,0.157833,-0.002847,0.006828,-0.024691,0.999672,0,0.32000,-0.41405,19.200,-0.828,-1,400.000,-1,400.000,-1,325.000,325.000,300.000,300.000,-1,-1,-1,-1,900.000,925.000,-1,-1,2,0,2,0,2,0,0,0,0,2,2,2,2,0,0,2,2
73,-3596.551,6302.489,38.155,80.086,0.172015,-0.984770,-0.025272,0.985074,0.172120,-0.002022,0.006341,-0.024547,0.999679,0,0.40000,-0.41510,24.000,-0.830,-1,400.000,-1,400.000,-1,325.000,325.000,300.000,300.000,-1,-1,-1,-1,925.000,925.000,-1,-1,2,0,2,0,2,0,0,0,0,2,2,2,2,0,0,2,2
74,-3591.180,6330.784,38.418,79.253,0.186332,-0.982168,-0.025007,0.982470,0.186416,-0.001038,0.005681,-0.024375,0.999687,0,0.48000,-0.41640,28.800,-0.833,-1,425.000,-1,400.000,-1,325.000,325.000,300.000,300.000,-1,-1,-1,-1,925.000,925.000,-1,-1,2,0,2,0,2,0,0,0,0,2,2,2,2,0,0,2,2
75,-3584.434,6363.700,38.733,78.417,0.200665,-0.979350,-0.024656,0.979648,0.200723,0.000106,0.004845,-0.024176,0.999696,0,0.56000,-0.41788,33.600,-0.836,-1,425.000,-1,400.000,-1,325.000,325.000,300.000,300.000,-1,-1,-1,-1,925.000,925.000,-1,-1,2,0,2,0,2,0,0,0,0,2,2,2,2,0,0,2,2
76,-3576.174,6401.201,39.104,77.578,0.215014,-0.976311,-0.024214,0.976604,0.215043,0.001413,0.003828,-0.023951,0.999706,0,0.64000,-0.41949,38.400,-0.839,-1,425.000,-1,425.000,-1,325.000,325.000,300.000,300.000,-1,-1,-1,-1,950.000,925.000,-1,-1,2,0,2,0,2,0,0,0,0,2,2,2,2,0,0,2,2
77,-3566.262,6443.248,39.533,76.736,0.229375,-0.973050,-0.023675,0.973335,0.229372,0.002887,0.002622,-0.023706,0.999716,0,0.72000,-0.42111,43.200,-0.842,-1,425.000,-1,425.000,-1,325.000,325.000,300.000,300.000,-1,-1,-1,-1,975.000,925.000,-1,-1,2,0,2,0,2,0,0,0,0,2,2,2,2,0,0,2,2
78,-3554.623,6489.554,39.963,75.891,0.243737,-0.969561,-0.023316,0.969840,0.243701,0.004398,0.001418,-0.023685,0.999718,0,0.79576,-0.42263,47.746,-0.845,-1,425.000,-1,425.000,-1,350.000,350.000,300.000,300.000,-1,-1,-1,-1,1000.000,925.000,-1,-1,2,0,2,0,2,0,0,0,0,2,2,2,2,0,0,2,2
79,-3542.396,6535.328,40.007,75.043,0.258094,-0.965811,-0.024432,0.966120,0.258010,0.006574,-0.000046,-0.025301,0.999680,0,0.78965,-0.42389,47.379,-0.848,-1,425.000,-1,425.000,-1,350.000,350.000,300.000,300.000,-1,-1,-1,-1,1000.000,925.000,-1,-1,2,0,2,0,2,0,0,0,0,2,2,2,2,0,0,2,2
80,-3529.591,6580.563,39.937,74.194,0.272437,-0.961825,-0.025890,0.962172,0.272284,0.009330,-0.001924,-0.027452,0.999621,0,0.78355,-0.42470,47.013,-0.849,-1,425.000,-1,425.000,-1,350.000,350.000,300.000,300.000,-1,-1,-1,-1,1000.000,925.000,-1,-1,2,0,2,0,2,0,0,0,0,2,2,2,2,0,0,2,2
81,-3516.220,6625.255,39.749,73.344,0.286727,-0.957633,-0.026963,0.958006,0.286510,0.011666,-0.003447,-0.029175,0.999568,0,0.77748,-0.42507,46.649,-0.850,-1,425.000,-1,425.000,-1,350.000,350.000,300.000,325.000,-1,-1,-1,-1,1000.000,950.000,-1,-1,2,0,2,0,2,0,0,0,0,2,2,2,2,0,0,2,2
82,-3502.296,6669.401,39.214,72.494,0.300949,-0.953264,-0.026766,0.953627,0.300681,0.013628,-0.004943,-0.029626,0.999549,0,0.77149,-0.42500,46.290,-0.850,-1,425.000,-1,425.000,-1,350.000,350.000,300.000,325.000,-1,-1,-1,-1,1000.000,950.000,-1,-1,2,0,2,0,2,0,0,0,0,2,2,2,2,0,0,2,2
83,-3487.830,6713.000,38.497,71.645,0.315100,-0.948710,-0.025710,0.949033,0.314775,0.015926,-0.007016,-0.029418,0.999543,0,0.76561,-0.42452,45.937,-0.849,-1,425.000,-1,425.000,-1,350.000,350.000,300.000,300.000,-1,-1,-1,-1,1000.000,925.000,-1,-1,2,0,2,0,2,0,0,0,0,2,2,2,2,0,0,2,2
84,-3472.835,6756.055,37.791,70.797,0.329150,-0.943956,-0.024645,0.944234,0.328771,0.018218,-0.009095,-0.029267,0.999530,0,0.75985,-0.42363,45.591,-0.847,-1,425.000,-1,425.000,-1,350.000,325.000,300.000,300.000,-1,-1,-1,-1,1000.000,925.000,-1,-1,2,0,2,0,2,0,0,0,0,2,2,2,2,0,0,2,2
85,-3456.921,6799.407,37.083,69.842,0.344895,-0.938346,-0.023565,0.938575,0.344462,0.020565,-0.011180,-0.029210,0.999511,0,0.76968,-0.47761,46.181,-0.955,-1,425.000,-1,425.000,-1,325.000,325.000,300.000,300.000,-1,-1,-1,-1,975.000,900.000,-1,-1,2,0,2,0,2,0,0,0,1,2,2,2,2,0,0,2,2
86,-3440.399,6842.203,36.394,68.890,0.360486,-0.932494,-0.022447,0.932671,0.360004,0.022871,-0.013246,-0.029181,0.999486,0,0.76458,-0.47594,45.875,-0.952,-1,425.000,-1,400.000,-1,325.000,325.000,300.000,300.000,-1,-1,-1,-1,975.000,900.000,-1,-1,2,0,2,0,2,0,0,0,1,2,2,2,2,0,0,2,2
87,-3423.282,6884.447,35.727,67.942,0.375909,-0.926412,-0.021283,0.926531,0.375380,0.025112,-0.015275,-0.029159,0.999458,0,0.75967,-0.47392,45.580,-0.948,-1,425.000,-1,400.000,-1,325.000,325.000,300.000,300.000,-1,-1,-1,-1,975.000,875.000,-1,-1,2,0,2,0,2,0,0,0,1,2,2,2,2,0,0,2,2
88,-3405.582,6926.144,35.083,66.999,0.391149,-0.920109,-0.020076,0.920166,0.390577,0.027288,-0.017267,-0.029147,0.999426,0,0.75495,-0.47155,45.297,-0.943,-1,425.000,-1,400.000,-1,325.000,325.000,300.000,300.000,-1,-1,-1,-1,950.000,875.000,-1,-1,2,0,2,0,2,0,0,0,1,2,2,2,2,0,0,2,2
89,-3387.312,6967.298,34.461,66.062,0.406193,-0.913593,-0.018832,0.913585,0.405583,0.029400,-0.019221,-0.029146,0.999390,0,0.75045,-0.46885,45.027,-0.938,-1,425.000,-1,400.000,-1,325.000,325.000,300.000,300.000,-1,-1,-1,-1,950.000,875.000,-1,-1,2,0,2,0,2,0,0,0,1,2,2,2,2,0,0,2,2
90,-3368.483,7007.917,33.859,65.130,0.421029,-0.906878,-0.017553,0.906801,0.420384,0.031447,-0.021139,-0.029157,0.999351,0,0.74617,-0.46584,44.770,-0.932,-1,425.000,-1,400.000,-1,325.000,325.000,300.000,300.000,-1,-1,-1,-1,950.000,850.000,-1,-1,2,0,2,0,2,0,0,0,1,2,2,2,2,0,0,2,2
91,-3349.107,7048.007,33.278,64.205,0.435645,-0.899972,-0.016245,0.899824,0.434970,0.033431,-0.023020,-0.029182,0.999309,0,0.74212,-0.46252,44.527,-0.925,-1,425.000,-1,400.000,-1,325.000,325.000,300.000,300.000,-1,-1,-1,-1,950.000,850.000,-1,-1,2,0,2,0,2,0,0,0,1,2,2,2,2,0,0,2,2
92,-3329.195,7087.577,32.445,63.287,0.450042,-0.892859,-0.016283,0.892685,0.449315,0.035062,-0.023990,-0.030315,0.999252,0,0.73830,-0.45889,44.298,-0.918,-1,425.000,-1,400.000,-1,325.000,325.000,300.000,300.000,-1,-1,-1,-1,975.000,850.000,-1,-1,2,0,2,0,2,0,0,0,1,2,2,2,2,0,0,2,2
93,-3308.756,7126.636,31.516,62.377,0.464203,-0.885575,-0.016506,0.885382,0.463419,0.036638,-0.024796,-0.031622,0.999192,0,0.73472,-0.45499,44.083,-0.910,-1,425.000,-1,400.000,-1,325.000,325.000,300.000,300.000,-1,-1,-1,-1,975.000,850.000,-1,-1,2,0,2,0,2,0,0,0,0,2,2,2,2,0,0,2,2
94,-3287.801,7165.193,30.295,61.475,0.478158,-0.878108,-0.017070,0.877872,0.477261,0.039523,-0.026558,-0.033884,0.999073,0,0.73138,-0.45080,43.883,-0.902,-1,425.000,-1,400.000,-1,325.000,325.000,300.000,300.000,-1,-1,-1,-1,950.000,825.000,-1,-1,2,0,2,0,2,0,0,0,0,2,2,2,2,0,0,2,2
95,-3266.340,7203.258,29.076,60.583,0.491864,-0.870493,-0.017658,0.870211,0.490843,0.042493,-0.028323,-0.036267,0.998941,0,0.72829,-0.44634,43.698,-0.893,-1,425.000,-1,400.000,-1,325.000,325.000,300.000,300.000,-1,-1,-1,-1,950.000,825.000,-1,-1,2,0,2,0,2,0,0,0,0,2,2,2,2,0,0,2,2
96,-3244.380,7240.840,27.884,59.700,0.505310,-0.862745,-0.018221,0.862416,0.504158,0.045428,-0.030007,-0.038670,0.998801,0,0.72545,-0.44163,43.527,-0.883,-1,425.000,-1,400.000,-1,325.000,325.000,300.000,300.000,-1,-1,-1,-1,925.000,825.000,-1,-1,2,0,2,0,2,0,0,0,0,2,2,2,2,0,0,2,2
97,-3221.930,7277.949,26.718,58.826,0.518489,-0.854878,-0.018766,0.854500,0.517199,0.048330,-0.031610,-0.041094,0.998655,0,0.72285,-0.43666,43.371,-0.873,-1,425.000,-1,400.000,-1,325.000,325.000,300.000,325.000,-1,-1,-1,-1,925.000,800.000,-1,-1,2,0,2,0,2,0,0,0,0,2,2,2,2,0,0,2,2
98,-3198.999,7314.596,25.331,57.963,0.531356,-0.846937,-0.018928,0.846528,0.529979,0.050121,-0.032417,-0.042655,0.998564,0,0.72050,-0.43144,43.230,-0.863,-1,425.000,-1,400.000,-1,325.000,325.000,300.000,325.000,-1,-1,-1,-1,900.000,800.000,-1,-1,2,0,2,0,2,0,0,0,0,2,2,2,2,0,0,2,2
99,-3175.594,7350.792,23.884,57.111,0.543927,-0.838919,-0.018942,0.838487,0.542485,0.051469,-0.032902,-0.043878,0.998495,0,0.71839,-0.42599,43.104,-0.852,-1,400.000,-1,400.000,-1,325.000,325.000,300.000,325.000,-1,-1,-1,-1,900.000,800.000,-1,-1,2,0,2,0,2,0,0,0,0,2,2,2,2,0,0,2,2
100,-3151.723,7386.548,22.475,56.271,0.556212,-0.830825,-0.018936,0.830371,0.554705,0.052787,-0.033353,-0.045084,0.998426,0,0.71653,-0.42030,42.992,-0.841,-1,400.000,-1,400.000,-1,325.000,325.000,300.000,325.000,-1,-1,-1,-1,900.000,800.000,-1,-1,2,0,2,0,2,0,0,0,0,2,2,2,2,0,0,2,2
101,-3127.392,7421.874,21.049,55.442,0.568203,-0.822677,-0.018660,0.822189,0.566638,0.054093,-0.033928,-0.046078,0.998362,0,0.71490,-0.41439,42.894,-0.829,-1,400.000,-1,400.000,-1,325.000,325.000,300.000,325.000,-1,-1,-1,-1,900.000,800.000,-1,-1,2,0,2,0,2,0,0,0,0,2,2,2,2,0,0,2,2
102,-3102.608,7456.781,19.501,54.625,0.579890,-0.814504,-0.017619,0.813945,0.578294,0.055406,-0.034939,-0.046470,0.998308,0,0.71351,-0.40825,42.811,-0.817,-1,400.000,-1,400.000,-1,325.000,325.000,300.000,325.000,-1,-1,-1,-1,875.000,800.000,-1,-1,2,0,2,0,2,0,0,0,0,2,2,2,2,0,0,2,2
103,-3079.500,7488.644,18.099,54.049,0.588076,-0.808634,-0.016679,0.808006,0.586452,0.056572,-0.035964,-0.046745,0.998259,0,0.65599,-0.28825,39.360,-0.577,-1,400.000,-1,400.000,-1,325.000,325.000,300.000,325.000,-1,-1,-1,-1,875.000,775.000,-1,-1,2,0,2,0,2,0,0,0,0,2,2,2,2,0,0,2,2
104,-3056.256,7520.302,16.711,53.712,0.592835,-0.805170,-0.015775,0.804467,0.591187,0.057712,-0.037142,-0.046904,0.998209,0,0.65458,-0.16825,39.275,-0.337,-1,400.000,-1,400.000,-1,325.000,325.000,300.000,325.000,-1,-1,-1,-1,875.000,775.000,-1,-1,2,0,2,0,2,0,0,0,0,2,2,2,2,0,0,2,2
105,-3033.027,7551.828,15.330,53.616,0.594211,-0.804171,-0.014924,0.803388,0.592541,0.058842,-0.038476,-0.046955,0.998156,0,0.65265,-0.04825,39.159,-0.097,-1,400.000,-1,400.000,-1,325.000,325.000,300.000,325.000,-1,-1,-1,-1,875.000,775.000,-1,-1,2,0,2,0,2,0,0,0,0,2,2,2,2,0,0,2,2
106,-3009.961,7583.298,13.950,53.759,0.592217,-0.805654,-0.014141,0.804787,0.590526,0.059977,-0.039970,-0.046900,0.998100,0,0.65031,0.07175,39.019,0.143,-1,400.000,-1,400.000,-1,325.000,325.000,325.000,325.000,-1,-1,-1,-1,850.000,750.000,-1,-1,2,0,2,0,2,0,0,0,0,2,2,2,2,0,0,2,2
107,-2987.162,7614.767,12.567,54.078,0.587751,-0.808930,-0.013433,0.807973,0.586041,0.061122,-0.041571,-0.046778,0.998040,0,0.64767,0.15930,38.860,0.319,-1,400.000,-1,400.000,-1,325.000,325.000,325.000,325.000,-1,-1,-1,-1,850.000,750.000,-1,-1,2,0,2,0,2,0,0,0,0,2,2,2,2,0,0,2,2
108,-2964.640,7646.240,11.187,54.412,0.583056,-0.812332,-0.012781,0.811285,0.581325,0.062265,-0.043150,-0.046673,0.997978,0,0.64502,0.16675,38.701,0.334,-1,400.000,-1,375.000,-1,325.000,325.000,325.000,300.000,-1,-1,-1,-1,850.000,750.000,-1,-1,2,0,2,0,2,0,0,0,0,2,2,2,2,0,0,2,2
109,-2942.382,7677.746,9.500,54.761,0.578124,-0.815843,-0.013165,0.814776,0.576353,0.062916,-0.043741,-0.047100,0.997932,0,0.64292,0.17458,38.575,0.349,-1,400.000,-1,375.000,-1,325.000,325.000,325.000,300.000,-1,-1,-1,-1,850.000,750.000,-1,-1,2,0,2,0,2,0,0,0,0,2,2,2,2,0,0,2,2
110,-2920.380,7709.317,7.820,55.126,0.572939,-0.819485,-0.013604,0.818398,0.571123,0.063590,-0.044341,-0.047567,0.997883,0,0.64135,0.18278,38.481,0.366,-1,400.000,-1,375.000,-1,325.000,325.000,325.000,300.000,-1,-1,-1,-1,850.000,775.000,-1,-1,2,0,2,0,2,0,0,0,0,2,2,2,2,0,0,2,2
111,-2898.625,7740.983,6.153,55.509,0.567486,-0.823262,-0.014089,0.822156,0.565624,0.064263,-0.044936,-0.048052,0.997834,0,0.64033,0.19134,38.420,0.383,-1,400.000,-1,375.000,-1,325.000,325.000,325.000,300.000,-1,-1,-1,-1,850.000,775.000,-1,-1,2,0,2,0,2,0,0,0,0,2,2,2,2,0,0,2,2
112,-2877.107,7772.776,4.496,55.909,0.561753,-0.827176,-0.014618,0.826052,0.559841,0.064931,-0.045525,-0.048550,0.997783,0,0.63984,0.20026,38.390,0.401,-1,400.000,-1,375.000,-1,325.000,325.000,325.000,300.000,-1,-1,-1,-1,850.000,775.000,-1,-1,2,0,2,0,2,0,0,0,0,2,2,2,2,0,0,2,2
113,-2855.822,7804.729,2.678,56.329,0.555760,-0.831199,-0.015464,0.830033,0.553744,0.066438,-0.046660,-0.049759,0.997671,0,0.63989,0.20953,38.393,0.419,-1,400.000,-1,375.000,-1,325.000,325.000,300.000,300.000,-1,-1,-1,-1,850.000,775.000,-1,-1,2,0,2,0,2,0,0,0,0,2,2,2,2,0,0,2,2
114,-2834.762,7836.873,0.827,56.767,0.549469,-0.835352,-0.016435,0.834139,0.547331,0.068132,-0.047919,-0.051145,0.997541,0,0.64048,0.21915,38.429,0.438,-1,400.000,-1,375.000,-1,325.000,325.000,300.000,300.000,-1,-1,-1,-1,825.000,775.000,-1,-1,2,0,2,0,2,0,0,0,0,2,2,2,2,0,0,2,2
115,-2813.924,7869.242,-1.020,57.225,0.542860,-0.839642,-0.017472,0.838382,0.540593,0.069820,-0.049179,-0.052551,0.997407,0,0.64160,0.22912,38.496,0.458,-1,400.000,-1,375.000,-1,325.000,325.000,300.000,300.000,-1,-1,-1,-1,825.000,775.000,-1,-1,2,0,2,0,2,0,0,0,0,2,2,2,2,0,0,2,2
116,-2793.303,7901.867,-2.866,57.704,0.535917,-0.844066,-0.018580,0.842762,0.533516,0.071503,-0.050441,-0.053978,0.997267,0,0.64326,0.23943,38.596,0.479,-1,400.000,-1,400.000,-1,325.000,325.000,300.000,325.000,-1,-1,-1,-1,825.000,775.000,-1,-1,2,0,2,0,2,0,0,0,0,2,2,2,2,0,0,2,2
117,-2772.899,7934.784,-4.713,58.204,0.528627,-0.848624,-0.019761,0.847278,0.526085,0.073181,-0.051708,-0.055429,0.997123,0,0.64546,0.25010,38.728,0.500,-1,400.000,-1,400.000,-1,325.000,325.000,300.000,325.000,-1,-1,-1,-1,800.000,775.000,-1,-1,2,0,2,0,2,0,0,0,0,2,2,2,2,0,0,2,2
118,-2752.710,7968.024,-6.738,58.726,0.520936,-0.853344,-0.020738,0.851981,0.518304,0.074089,-0.052474,-0.056264,0.997036,0,0.64819,0.26111,38.891,0.522,-1,400.000,-1,400.000,-1,325.000,325.000,300.000,325.000,-1,-1,-1,-1,800.000,775.000,-1,-1,2,0,2,0,2,0,0,0,0,2,2,2,2,0,0,2,2
119,-2732.738,8001.624,-8.840,59.271,0.512850,-0.858205,-0.021667,0.856838,0.510147,0.074693,-0.053048,-0.056871,0.996971,0,0.65146,0.27248,39.087,0.545,-1,400.000,-1,400.000,-1,325.000,325.000,300.000,325.000,-1,-1,-1,-1,800.000,775.000,-1,-1,2,0,2,0,2,0,0,0,0,2,2,2,2,0,0,2,2
120,-2712.986,8035.617,-10.949,59.840,0.504367,-0.863192,-0.022659,0.861822,0.501590,0.075298,-0.053632,-0.057506,0.996904,0,0.65526,0.28419,39.315,0.568,-1,400.000,-1,400.000,-1,325.000,325.000,300.000,325.000,-1,-1,-1,-1,800.000,775.000,-1,-1,2,0,2,0,2,0,0,0,0,2,2,2,2,0,0,2,2
121,-2693.457,8070.039,-13.289,60.432,0.495449,-0.868341,-0.022687,0.866902,0.492640,0.076069,-0.054877,-0.057356,0.996844,0,0.65960,0.29627,39.576,0.593,-1,400.000,-1,400.000,-1,325.000,325.000,300.000,325.000,-1,-1,-1,-1,800.000,750.000,-1,-1,2,0,2,0,2,0,0,0,0,2,2,2,2,0,0,2,2
122,-2674.159,8104.925,-15.684,61.050,0.486097,-0.873613,-0.022597,0.872092,0.483262,0.076894,-0.056256,-0.057085,0.996783,0,0.66447,0.30872,39.868,0.617,-1,400.000,-1,400.000,-1,325.000,325.000,300.000,325.000,-1,-1,-1,-1,775.000,750.000,-1,-1,2,0,2,0,2,0,0,0,0,2,2,2,2,0,0,2,2
123,-2655.099,8140.312,-18.143,61.693,0.476293,-0.879002,-0.022355,0.877385,0.473438,0.077789,-0.057793,-0.056664,0.996719,0,0.66989,0.32153,40.193,0.643,-1,400.000,-1,400.000,-1,325.000,325.000,300.000,325.000,-1,-1,-1,-1,775.000,750.000,-1,-1,2,0,2,0,2,0,0,0,0,2,2,2,2,0,0,2,2
124,-2636.288,8176.236,-20.649,62.362,0.466021,-0.884498,-0.022072,0.882776,0.463149,0.078739,-0.059422,-0.056179,0.996651,0,0.67585,0.33471,40.551,0.669,-1,400.000,-1,400.000,-1,325.000,325.000,300.000,325.000,-1,-1,-1,-1,775.000,725.000,-1,-1,2,0,2,0,2,0,0,0,0,2,2,2,2,0,0,2,2
125,-2617.739,8212.734,-23.173,63.059,0.455268,-0.890085,-0.021893,0.888258,0.452373,0.079723,-0.061057,-0.055742,0.996577,0,0.68235,0.34828,40.941,0.697,-1,400.000,-1,375.000,-1,325.000,325.000,300.000,325.000,-1,-1,-1,-1,775.000,725.000,-1,-1,2,0,2,0,2,0,0,0,0,2,2,2,2,0,0,2,2
126,-2598.385,8252.208,-25.883,63.882,0.442469,-0.896518,-0.021828,0.894579,0.439544,0.080809,-0.062852,-0.055282,0.996491,0,0.73273,0.41177,43.964,0.824,-1,400.000,-1,375.000,-1,325.000,325.000,300.000,325.000,-1,-1,-1,-1,750.000,725.000,-1,-1,2,0,2,0,2,0,0,0,0,2,2,2,2,0,0,2,2
127,-2579.405,8292.418,-28.622,64.731,0.429192,-0.902948,-0.021888,0.900896,0.426231,0.081934,-0.064653,-0.054885,0.996397,0,0.74107,0.42419,44.464,0.848,-1,400.000,-1,375.000,-1,325.000,325.000,325.000,325.000,-1,-1,-1,-1,750.000,725.000,-1,-1,2,0,2,0,2,0,0,0,0,2,2,2,2,0,0,2,2
128,-2560.823,8333.390,-31.390,65.604,0.415423,-0.909361,-0.022060,0.907196,0.412419,0.083103,-0.066473,-0.054536,0.996297,0,0.74982,0.43692,44.989,0.874,-1,400.000,-1,375.000,-1,325.000,325.000,325.000,300.000,-1,-1,-1,-1,750.000,725.000,-1,-1,2,0,2,0,2,0,0,0,0,2,2,2,2,0,0,2,2
129,-2542.667,8375.153,-34.186,66.504,0.401147,-0.915742,-0.022325,0.913462,0.398092,0.084322,-0.068329,-0.054219,0.996188,0,0.75899,0.44997,45.539,0.900,975.000,400.000,-1,375.000,-1,325.000,300.000,325.000,300.000,-1,-1,-1,-1,750.000,700.000,-1,-1,1,0,2,0,2,0,0,0,0,2,2,2,2,0,0,2,2
130,-2524.970,8417.736,-37.192,67.431,0.386381,-0.922038,-0.023577,0.919706,0.383221,0.085333,-0.069646,-0.054655,0.996073,0,0.76857,0.46332,46.114,0.927,950.000,375.000,-1,375.000,-1,325.000,300.000,325.000,325.000,-1,-1,-1,-1,725.000,700.000,-1,-1,1,0,2,0,2,0,0,0,0,2,2,2,2,0,0,2,2
131,-2507.763,8461.165,-40.274,68.385,0.371082,-0.928258,-0.025195,0.925906,0.367804,0.086134,-0.070688,-0.055291,0.995965,0,0.77856,0.47700,46.714,0.954,900.000,375.000,-1,375.000,-1,325.000,300.000,325.000,325.000,-1,-1,-1,-1,725.000,725.000,1000.000,-1,1,0,2,0,2,0,0,0,0,2,2,2,2,0,0,1,2
132,-2491.195,8505.118,-43.255,69.346,0.355531,-0.934286,-0.026588,0.931937,0.352178,0.086393,-0.071352,-0.055494,0.995906,0,0.78287,0.48053,46.972,0.961,850.000,375.000,-1,375.000,-1,325.000,300.000,325.000,325.000,-1,-1,-1,-1,725.000,725.000,950.000,-1,1,0,2,0,2,0,0,0,0,2,2,2,2,1,0,1,2
133,-2475.289,8549.575,-46.259,70.313,0.339786,-0.940084,-0.028067,0.937740,0.336351,0.086674,-0.072040,-0.055770,0.995841,0,0.78695,0.48365,47.217,0.967,825.000,375.000,-1,375.000,-1,325.000,300.000,325.000,325.000,-1,-1,-1,-1,700.000,725.000,900.000,-1,1,0,2,0,2,0,0,0,0,2,2,2,2,1,0,1,2
