timestep,x_cm,y_cm,z_cm,yaw_deg,basis_xx,basis_xy,basis_xz,basis_yx,basis_yy,basis_yz,basis_zx,basis_zy,basis_zz,teleport_flag,throttle_cmd,steering_cmd,cmd_move_cm,cmd_turn_deg,lidar_cm_0,lidar_cm_1,lidar_cm_2,lidar_cm_3,lidar_cm_4,lidar_cm_5,lidar_cm_6,lidar_cm_7,lidar_cm_8,lidar_cm_9,lidar_cm_10,lidar_cm_11,lidar_cm_12,lidar_cm_13,lidar_cm_14,lidar_cm_15,lidar_cm_16,lidar_class_0,lidar_class_1,lidar_class_2,lidar_class_3,lidar_class_4,lidar_class_5,lidar_class_6,lidar_class_7,lidar_class_8,lidar_class_9,lidar_class_10,lidar_class_11,lidar_class_12,lidar_class_13,lidar_class_14,lidar_class_15,lidar_class_16
0,-1644.175,-2953.741,-180.683,-154.816,-0.903899,0.425352,0.045188,-0.426202,-0.904564,-0.010735,0.036309,-0.028963,0.998921,1,0.08000,0.12000,4.800,0.240,-1,375.000,-1,350.000,-1,300.000,300.000,325.000,325.000,475.000,275.000,350.000,-1,750.000,650.000,-1,-1,2,0,2,0,2,0,0,0,0,1,0,0,2,0,0,2,2
1,-1652.828,-2957.898,-180.357,-154.336,-0.900258,0.432909,0.046103,-0.433784,-0.900955,-0.010545,0.036972,-0.029492,0.998881,0,0.16000,0.24000,9.600,0.480,-1,375.000,-1,350.000,-1,300.000,300.000,325.000,325.000,475.000,250.000,350.000,-1,750.000,650.000,-1,-1,2,0,2,0,2,0,0,0,0,1,0,0,2,0,0,2,2
2,-1665.728,-2964.298,-179.873,-153.616,-0.894676,0.444185,0.047475,-0.445100,-0.895422,-0.010252,0.037957,-0.030304,0.998820,0,0.24000,0.36000,14.400,0.720,-1,375.000,-1,350.000,-1,300.000,300.000,325.000,325.000,475.000,250.000,350.000,-1,775.000,650.000,-1,-1,2,0,2,0,2,0,0,0,0,1,0,0,2,0,0,2,2
3,-1682.782,-2973.117,-179.231,-152.656,-0.887011,0.459109,0.049303,-0.460078,-0.887824,-0.009844,0.039253,-0.031415,0.998735,0,0.32000,0.48000,19.200,0.960,-1,400.000,-1,350.000,-1,325.000,300.000,325.000,325.000,500.000,225.000,325.000,-1,800.000,675.000,-1,-1,2,0,2,0,2,0,0,0,0,1,0,0,2,0,0,2,2
4,-1703.865,-2984.586,-178.438,-151.456,-0.877073,0.477580,0.051584,-0.478618,-0.877974,-0.009308,0.040844,-0.032853,0.998625,0,0.40000,0.60000,24.000,1.200,-1,400.000,-1,375.000,-1,325.000,300.000,325.000,325.000,500.000,225.000,325.000,-1,825.000,675.000,-1,-1,2,0,2,0,2,0,0,0,0,1,0,0,2,0,0,2,2
5,-1726.578,-2997.692,-177.587,-150.016,-0.864645,0.499464,0.054082,-0.500583,-0.865645,-0.008667,0.042487,-0.034567,0.998499,0,0.43706,0.72000,26.223,1.440,-1,400.000,-1,375.000,-1,325.000,300.000,325.000,325.000,525.000,200.000,300.000,-1,850.000,700.000,-1,-1,2,0,2,0,2,0,0,0,0,1,0,0,2,0,0,2,2
6,-1749.076,-3011.567,-177.012,-148.336,-0.849536,0.524610,0.055436,-0.525757,-0.850601,-0.007509,0.043214,-0.035525,0.998434,0,0.44054,0.84000,26.433,1.680,-1,400.000,-1,375.000,-1,325.000,300.000,325.000,325.000,525.000,200.000,300.000,-1,900.000,725.000,-1,-1,2,0,2,0,2,0,0,0,0,1,0,0,2,0,0,2,2
7,-1771.278,-3026.310,-176.535,-146.416,-0.831406,0.552796,0.056401,-0.553959,-0.832521,-0.006220,0.043517,-0.036415,0.998389,0,0.44419,0.96000,26.651,1.920,-1,400.000,-1,375.000,-1,325.000,325.000,325.000,300.000,550.000,200.000,300.000,-1,925.000,725.000,-1,-1,2,0,2,0,2,0,0,0,0,1,0,0,2,0,0,2,2
8,-1793.142,-3041.946,-175.547,-144.434,-0.811758,0.581197,0.057087,-0.582479,-0.812811,-0.007503,0.042040,-0.039343,0.998341,0,0.44800,0.99111,26.880,1.982,-1,400.000,-1,375.000,-1,325.000,325.000,325.000,300.000,550.000,225.000,350.000,-1,925.000,725.000,-1,-1,2,0,2,0,2,0,0,0,0,1,0,0,2,0,0,2,2
9,-1814.636,-3058.464,-174.595,-142.459,-0.791220,0.608790,0.057839,-0.610191,-0.792206,-0.008795,0.040466,-0.042252,0.998287,0,0.45180,0.98743,27.108,1.975,-1,400.000,-1,375.000,-1,325.000,325.000,325.000,300.000,575.000,275.000,400.000,-1,950.000,750.000,-1,-1,2,0,2,0,2,0,0,0,0,1,0,0,2,0,0,2,2
10,-1835.722,-3075.854,-173.681,-140.491,-0.769828,0.635550,0.058658,-0.637071,-0.770739,-0.010095,0.038794,-0.045141,0.998227,0,0.45553,0.98379,27.332,1.968,-1,400.000,-1,375.000,-1,325.000,325.000,325.000,300.000,575.000,300.000,475.000,-1,950.000,750.000,-1,-1,2,0,2,0,2,0,0,0,0,1,0,0,2,0,0,2,2
11,-1856.365,-3094.100,-172.806,-138.531,-0.747617,0.661455,0.059545,-0.663097,-0.748447,-0.011402,0.037024,-0.048009,0.998161,0,0.45919,0.98018,27.551,1.960,-1,425.000,-1,375.000,-1,325.000,325.000,325.000,300.000,600.000,350.000,525.000,-1,975.000,775.000,-1,-1,2,0,2,0,2,0,0,0,0,1,0,0,2,0,0,2,2
12,-1876.530,-3113.187,-171.970,-136.578,-0.724624,0.686483,0.060501,-0.688247,-0.725365,-0.012716,0.035156,-0.050854,0.998087,0,0.46277,0.97660,27.766,1.953,-1,425.000,-1,400.000,-1,325.000,325.000,325.000,300.000,625.000,400.000,600.000,-1,975.000,775.000,-1,-1,2,0,2,0,2,0,0,0,0,1,0,0,2,0,0,2,2
13,-1896.182,-3133.096,-171.181,-134.631,-0.700887,0.710616,0.061500,-0.712500,-0.701532,-0.014032,0.033173,-0.053654,0.998008,0,0.46626,0.97305,27.976,1.946,-1,425.000,-1,400.000,-1,325.000,325.000,325.000,300.000,625.000,475.000,700.000,-1,975.000,800.000,-1,-1,2,0,2,0,2,0,0,0,0,1,0,0,2,0,0,2,2
14,-1915.288,-3153.810,-170.462,-132.692,-0.676449,0.733838,0.062436,-0.735837,-0.676985,-0.015344,0.031008,-0.056322,0.997931,0,0.46967,0.96954,28.180,1.939,-1,425.000,-1,400.000,-1,325.000,325.000,300.000,300.000,650.000,550.000,775.000,-1,975.000,825.000,-1,-1,2,0,2,0,2,0,0,0,0,1,0,0,2,0,0,2,2
15,-1933.815,-3175.307,-169.788,-130.760,-0.651339,0.756131,0.063428,-0.758243,-0.651759,-0.016668,0.028737,-0.058950,0.997847,0,0.47299,0.96607,28.379,1.932,-1,425.000,-1,400.000,-1,325.000,325.000,300.000,300.000,675.000,625.000,950.000,-1,975.000,850.000,-1,-1,2,0,2,0,2,0,0,0,0,1,0,0,2,0,0,2,2
16,-1951.730,-3197.564,-169.222,-128.835,-0.625602,0.777468,0.064550,-0.779704,-0.625881,-0.018312,0.026163,-0.061786,0.997746,0,0.47621,0.96264,28.573,1.925,-1,425.000,-1,400.000,-1,325.000,325.000,300.000,300.000,700.000,750.000,-1,-1,950.000,875.000,-1,-1,2,0,2,0,2,0,0,0,0,1,0,2,2,0,0,2,2
17,-1969.002,-3220.559,-168.752,-126.916,-0.599274,0.797833,0.065823,-0.800204,-0.599387,-0.020218,0.023323,-0.064788,0.997626,0,0.47934,0.95926,28.760,1.919,-1,425.000,-1,400.000,-1,325.000,325.000,300.000,300.000,700.000,875.000,-1,-1,950.000,900.000,-1,-1,2,0,2,0,2,0,0,0,0,1,0,2,2,0,0,2,2
18,-1987.858,-3247.256,-168.262,-125.238,-0.575706,0.814877,0.067367,-0.817398,-0.575640,-0.022341,0.020574,-0.067928,0.997478,0,0.54476,0.83926,32.685,1.679,-1,425.000,-1,400.000,-1,325.000,325.000,300.000,300.000,725.000,-1,-1,-1,925.000,925.000,-1,-1,2,0,2,0,2,0,0,0,0,1,2,2,2,0,0,2,2
19,-2006.135,-3274.564,-167.812,-123.799,-0.555132,0.828896,0.068989,-0.831567,-0.554884,-0.024472,0.017996,-0.070954,0.997317,0,0.54767,0.71926,32.860,1.439,-1,425.000,-1,400.000,-1,325.000,325.000,300.000,300.000,750.000,-1,-1,-1,925.000,975.000,-1,-1,2,0,2,0,2,0,0,0,0,1,2,2,2,0,0,2,2
20,-2023.922,-3302.382,-167.398,-122.601,-0.537744,0.840142,0.070660,-0.842964,-0.537311,-0.026622,0.015600,-0.073880,0.997145,0,0.55033,0.59926,33.020,1.199,-1,425.000,-1,425.000,-1,325.000,325.000,300.000,300.000,775.000,-1,-1,-1,900.000,1000.000,-1,-1,2,0,2,0,2,0,0,0,0,1,2,2,2,0,0,2,2
21,-2041.318,-3330.618,-166.963,-121.642,-0.523704,0.848844,0.072096,-0.851797,-0.523077,-0.028839,0.013232,-0.076514,0.996981,0,0.55275,0.47926,33.165,0.959,-1,425.000,-1,425.000,-1,325.000,350.000,300.000,300.000,800.000,-1,-1,-1,900.000,-1,-1,-1,2,0,2,0,2,0,0,0,0,1,2,2,2,0,2,2,2
22,-2058.429,-3359.184,-166.435,-120.924,-0.513153,0.855240,0.072375,-0.858231,-0.512333,-0.030892,0.010660,-0.077966,0.996899,0,0.55498,0.35926,33.299,0.719,-1,425.000,-1,425.000,-1,350.000,350.000,300.000,300.000,825.000,-1,-1,-1,875.000,-1,-1,-1,2,0,2,0,2,0,0,0,0,1,2,2,2,0,2,2,2
23,-2075.364,-3387.998,-166.204,-120.445,-0.506077,0.859458,0.072243,-0.862440,-0.505154,-0.031868,0.009104,-0.078433,0.996878,0,0.55704,0.23926,33.423,0.479,-1,425.000,-1,425.000,-1,350.000,350.000,300.000,300.000,850.000,-1,-1,-1,875.000,-1,-1,-1,2,0,2,0,2,0,0,0,0,1,2,2,2,0,2,2,2
24,-2092.237,-3416.983,-166.005,-120.207,-0.502573,0.861524,0.072094,-0.864500,-0.501555,-0.032906,0.007809,-0.078863,0.996855,0,0.55898,0.11926,33.539,0.239,-1,425.000,-1,425.000,-1,350.000,350.000,300.000,300.000,875.000,-1,-1,-1,875.000,-1,-1,-1,2,0,2,0,2,0,0,0,0,1,2,2,2,0,2,2,2
25,-2109.167,-3446.064,-165.829,-120.208,-0.502668,0.861483,0.071917,-0.864453,-0.501561,-0.034013,0.006769,-0.079266,0.996830,0,0.56083,-0.00074,33.650,-0.001,-1,425.000,-1,425.000,-1,350.000,350.000,300.000,300.000,875.000,-1,-1,-1,875.000,-1,-1,-1,2,0,2,0,2,0,0,0,0,1,2,2,2,0,2,2,2
26,-2126.276,-3475.166,-165.885,-120.450,-0.506412,0.859391,0.070677,-0.862275,-0.505205,-0.035346,0.005330,-0.078843,0.996873,0,0.56263,-0.12074,33.758,-0.241,-1,425.000,-1,425.000,-1,350.000,350.000,300.000,300.000,900.000,-1,-1,-1,875.000,-1,-1,-1,2,0,2,0,2,0,0,0,0,1,2,2,2,0,2,2,2
27,-2143.652,-3504.234,-165.976,-120.869,-0.512808,0.855705,0.069258,-0.858494,-0.511504,-0.036757,0.003973,-0.078307,0.996921,0,0.56443,-0.20972,33.866,-0.419,-1,425.000,-1,425.000,-1,350.000,350.000,300.000,300.000,925.000,-1,-1,-1,875.000,-1,-1,-1,2,0,2,0,2,0,0,0,0,1,2,2,2,0,2,2,2
28,-2161.302,-3533.268,-166.068,-121.297,-0.519297,0.851900,0.067802,-0.854590,-0.517896,-0.038209,0.002564,-0.077785,0.996967,0,0.56629,-0.21376,33.977,-0.428,-1,425.000,-1,425.000,-1,350.000,350.000,300.000,300.000,950.000,-1,-1,-1,875.000,-1,-1,-1,2,0,2,0,2,0,0,0,0,1,2,2,2,0,2,2,2
29,-2179.237,-3562.269,-166.163,-121.732,-0.525880,0.847970,0.066306,-0.850558,-0.524381,-0.039704,0.001102,-0.077276,0.997009,0,0.56830,-0.21787,34.098,-0.436,-1,425.000,-1,425.000,-1,350.000,350.000,300.000,300.000,975.000,-1,-1,-1,850.000,1000.000,-1,-1,2,0,2,0,2,0,0,0,0,1,2,2,2,0,0,2,2
30,-2197.465,-3591.240,-166.261,-122.177,-0.532557,0.843912,0.064768,-0.846394,-0.530958,-0.041240,-0.000414,-0.076782,0.997048,0,0.57047,-0.22207,34.228,-0.444,-1,425.000,-1,425.000,-1,350.000,350.000,300.000,300.000,1000.000,-1,-1,-1,850.000,1000.000,-1,-1,2,0,2,0,2,0,0,0,0,1,2,2,2,0,0,2,2
31,-2215.996,-3620.184,-166.360,-122.629,-0.539328,0.839722,0.063187,-0.842093,-0.537630,-0.042819,-0.001985,-0.076302,0.997083,0,0.57278,-0.22636,34.367,-0.453,-1,425.000,-1,425.000,-1,350.000,350.000,300.000,300.000,-1,-1,-1,-1,850.000,1000.000,-1,-1,2,0,2,0,2,0,0,0,0,2,2,2,2,0,0,2,2
32,-2234.840,-3649.100,-166.462,-123.091,-0.546193,0.835394,0.061558,-0.837651,-0.544394,-0.044440,-0.003613,-0.075838,0.997114,0,0.57524,-0.23072,34.515,-0.461,-1,425.000,-1,425.000,-1,350.000,350.000,300.000,300.000,-1,-1,-1,-1,850.000,975.000,-1,-1,2,0,2,0,2,0,0,0,0,2,2,2,2,0,0,2,2
33,-2254.007,-3677.992,-166.566,-123.561,-0.553152,0.830926,0.059881,-0.833064,-0.551253,-0.046105,-0.005300,-0.075388,0.997140,0,0.57785,-0.23517,34.671,-0.470,-1,425.000,-1,425.000,-1,350.000,350.000,300.000,300.000,-1,-1,-1,-1,825.000,975.000,-1,-1,2,0,2,0,2,0,0,0,0,2,2,2,2,0,0,2,2
34,-2273.508,-3706.858,-166.676,-124.040,-0.560203,0.826312,0.058148,-0.828326,-0.558205,-0.047794,-0.007034,-0.074939,0.997163,0,0.58059,-0.23970,34.836,-0.479,-1,400.000,-1,425.000,-1,350.000,350.000,300.000,300.000,-1,-1,-1,-1,825.000,950.000,-1,-1,2,0,2,0,2,0,0,0,0,2,2,2,2,0,0,2,2
35,-2293.352,-3735.700,-166.904,-124.529,-0.567327,0.821538,0.056708,-0.823449,-0.565242,-0.049324,-0.008468,-0.074679,0.997172,0,0.58348,-0.24431,35.009,-0.489,-1,400.000,-1,425.000,-1,350.000,350.000,300.000,300.000,-1,-1,-1,-1,825.000,950.000,-1,-1,2,0,2,0,2,0,0,0,0,2,2,2,2,0,0,2,2
36,-2313.549,-3764.517,-167.215,-125.027,-0.574532,0.816592,0.055594,-0.818424,-0.572360,-0.050854,-0.009707,-0.074716,0.997158,0,0.58650,-0.24900,35.190,-0.498,-1,400.000,-1,425.000,-1,325.000,350.000,300.000,300.000,-1,-1,-1,-1,825.000,925.000,-1,-1,2,0,2,0,2,0,0,0,0,2,2,2,2,0,0,2,2
37,-2334.112,-3793.308,-167.562,-125.535,-0.581833,0.811480,0.054502,-0.813234,-0.579564,-0.052505,-0.011019,-0.074872,0.997132,0,0.58966,-0.25377,35.379,-0.508,-1,400.000,-1,425.000,-1,325.000,350.000,300.000,300.000,-1,-1,-1,-1,800.000,925.000,-1,-1,2,0,2,0,2,0,0,0,0,2,2,2,2,0,0,2,2
38,-2355.049,-3822.072,-167.970,-126.052,-0.589233,0.806192,0.053462,-0.807867,-0.586850,-0.054392,-0.012476,-0.075240,0.997087,0,0.59294,-0.25863,35.577,-0.517,-1,400.000,-1,425.000,-1,325.000,350.000,300.000,275.000,-1,-1,-1,-1,800.000,925.000,-1,-1,2,0,2,0,2,0,0,0,0,2,2,2,2,0,0,2,2
39,-2376.559,-3851.060,-168.363,-126.577,-0.596686,0.800765,0.052352,-0.802355,-0.594201,-0.056133,-0.013842,-0.075498,0.997050,0,0.60161,-0.26252,36.096,-0.525,-1,400.000,-1,425.000,-1,325.000,350.000,300.000,275.000,-1,-1,-1,-1,800.000,900.000,-1,-1,2,0,2,0,2,0,0,0,0,2,2,2,2,0,0,2,2
40,-2398.505,-3880.076,-168.696,-127.102,-0.604067,0.795291,0.051127,-0.796793,-0.601512,-0.057491,-0.014969,-0.075466,0.997036,0,0.60635,-0.26238,36.381,-0.525,-1,400.000,-1,425.000,-1,325.000,325.000,300.000,275.000,-1,-1,-1,-1,775.000,900.000,-1,-1,2,0,2,0,2,0,0,0,0,2,2,2,2,0,0,2,2
41,-2420.890,-3909.118,-169.046,-127.626,-0.611390,0.789755,0.049894,-0.791165,-0.608764,-0.058856,-0.016108,-0.075458,0.997019,0,0.61112,-0.26214,36.667,-0.524,-1,400.000,-1,425.000,-1,325.000,325.000,300.000,275.000,-1,-1,-1,-1,775.000,900.000,-1,-1,2,0,2,0,2,0,0,0,0,2,2,2,2,0,0,2,2
42,-2443.718,-3938.180,-169.415,-128.150,-0.618652,0.784157,0.048653,-0.785476,-0.615955,-0.060227,-0.017260,-0.075475,0.996998,0,0.61592,-0.26180,36.955,-0.524,-1,400.000,-1,425.000,-1,325.000,325.000,300.000,275.000,-1,-1,-1,-1,775.000,900.000,-1,-1,2,0,2,0,2,0,0,0,0,2,2,2,2,0,0,2,2
43,-2466.991,-3967.259,-169.804,-128.672,-0.625848,0.778503,0.047405,-0.779727,-0.623081,-0.061605,-0.018422,-0.075518,0.996974,0,0.62075,-0.26137,37.245,-0.523,-1,400.000,-1,425.000,-1,325.000,325.000,300.000,300.000,-1,-1,-1,-1,750.000,875.000,-1,-1,2,0,2,0,2,0,0,0,0,2,2,2,2,0,0,2,2
44,-2490.713,-3996.351,-170.212,-129.194,-0.632977,0.772794,0.046151,-0.773922,-0.630140,-0.062989,-0.019596,-0.075588,0.996947,0,0.62561,-0.26082,37.537,-0.522,-1,400.000,-1,425.000,-1,325.000,325.000,300.000,300.000,-1,-1,-1,-1,750.000,875.000,-1,-1,2,0,2,0,2,0,0,0,0,2,2,2,2,0,0,2,2
45,-2514.885,-4025.451,-170.784,-129.714,-0.640008,0.767064,0.044758,-0.768098,-0.637153,-0.063729,-0.020366,-0.075166,0.996963,0,0.63050,-0.26017,37.830,-0.520,-1,400.000,-1,425.000,-1,325.000,325.000,300.000,300.000,-1,-1,-1,-1,750.000,875.000,-1,-1,2,0,2,0,2,0,0,0,0,2,2,2,2,0,0,2,2
46,-2539.511,-4054.556,-171.514,-130.233,-0.646939,0.761314,0.043251,-0.762259,-0.644115,-0.063851,-0.020752,-0.074276,0.997022,0,0.63541,-0.25940,38.125,-0.519,-1,400.000,-1,425.000,-1,325.000,325.000,300.000,300.000,-1,-1,-1,-1,725.000,875.000,-1,-1,2,0,2,0,2,0,0,0,0,2,2,2,2,0,0,2,2
47,-2564.591,-4083.662,-172.329,-130.750,-0.653797,0.755532,0.041481,-0.756370,-0.651011,-0.063948,-0.021310,-0.073184,0.997091,0,0.64034,-0.25851,38.420,-0.517,-1,400.000,-1,425.000,-1,325.000,325.000,300.000,300.000,-1,-1,-1,-1,725.000,850.000,-1,-1,2,0,2,0,2,0,0,0,0,2,2,2,2,1,0,2,2
48,-2593.196,-4116.062,-173.353,-131.438,-0.662840,0.747739,0.039113,-0.748436,-0.660110,-0.064015,-0.022047,-0.071705,0.997182,0,0.72034,-0.34409,43.220,-0.688,-1,400.000,-1,425.000,-1,325.000,325.000,300.000,300.000,-1,-1,-1,-1,700.000,850.000,-1,-1,2,0,2,0,2,0,0,0,0,2,2,2,2,1,0,2,2
49,-2624.996,-4151.224,-174.494,-132.124,-0.671751,0.739872,0.036601,-0.740423,-0.669082,-0.064050,-0.022900,-0.070126,0.997275,0,0.79013,-0.34269,47.408,-0.685,-1,400.000,-1,400.000,-1,325.000,325.000,300.000,300.000,-1,-1,-1,-1,675.000,825.000,1000.000,-1,2,0,2,0,2,0,0,0,0,2,2,2,2,1,0,1,2
50,-2657.456,-4186.270,-175.664,-132.806,-0.680519,0.731933,0.034166,-0.732346,-0.677914,-0.064049,-0.023718,-0.068608,0.997362,0,0.79615,-0.34101,47.769,-0.682,-1,400.000,-1,400.000,-1,325.000,325.000,300.000,300.000,-1,-1,-1,-1,650.000,825.000,925.000,-1,2,0,2,0,2,0,0,0,0,2,2,2,2,1,0,1,2
51,-2690.577,-4221.190,-176.707,-133.484,-0.689135,0.723901,0.032563,-0.724234,-0.686571,-0.064074,-0.024026,-0.067738,0.997414,0,0.80215,-0.33910,48.129,-0.678,-1,400.000,-1,400.000,-1,325.000,325.000,300.000,300.000,-1,-1,-1,-1,625.000,825.000,850.000,-1,2,0,2,0,2,0,0,0,0,2,2,2,2,1,0,1,2
52,-2724.357,-4255.977,-177.772,-134.158,-0.697598,0.715802,0.031384,-0.716085,-0.695062,-0.064116,-0.024081,-0.067201,0.997449,0,0.80813,-0.33694,48.488,-0.674,1000.000,400.000,-1,400.000,-1,325.000,325.000,300.000,300.000,-1,-1,-1,-1,625.000,825.000,775.000,-1,1,0,2,0,2,0,0,0,0,2,2,2,2,1,0,1,2
53,-2758.791,-4290.619,-178.917,-134.827,-0.705902,0.707648,0.030588,-0.707906,-0.703385,-0.064186,-0.023907,-0.066963,0.997469,0,0.81408,-0.33452,48.845,-0.669,925.000,400.000,-1,400.000,-1,325.000,325.000,300.000,300.000,-1,-1,-1,-1,600.000,825.000,725.000,-1,1,0,2,0,2,0,0,0,0,2,2,2,2,1,0,1,2
54,-2793.877,-4325.109,-179.967,-135.491,-0.714048,0.699484,0.029272,-0.699682,-0.711565,-0.064189,-0.024070,-0.066315,0.997508,0,0.81998,-0.33183,49.199,-0.664,825.000,400.000,-1,400.000,-1,325.000,325.000,300.000,300.000,-1,-1,-1,-1,575.000,825.000,675.000,-1,1,1,2,0,2,0,0,0,0,2,2,2,2,1,0,1,2
55,-2829.609,-4359.436,-180.999,-136.148,-0.722027,0.691305,0.027835,-0.691437,-0.719582,-0.064156,-0.024322,-0.065568,0.997552,0,0.82581,-0.32884,49.549,-0.658,725.000,375.000,-1,400.000,-1,325.000,325.000,300.000,300.000,-1,-1,-1,-1,525.000,800.000,600.000,-1,1,1,2,0,2,0,0,0,0,2,2,2,2,1,0,1,2
56,-2865.980,-4393.591,-182.051,-136.799,-0.729831,0.683115,0.026473,-0.683187,-0.727424,-0.064111,-0.024538,-0.064876,0.997592,0,0.83157,-0.32553,49.894,-0.651,625.000,375.000,-1,400.000,-1,325.000,325.000,300.000,300.000,-1,-1,-1,-1,500.000,800.000,550.000,-1,1,1,2,0,2,0,0,0,0,2,2,2,2,1,0,1,2
57,-2902.983,-4427.565,-183.133,-137.443,-0.737456,0.674925,0.025192,-0.674942,-0.735082,-0.064101,-0.024745,-0.064275,0.997625,0,0.83722,-0.32187,50.233,-0.644,550.000,350.000,-1,400.000,-1,325.000,325.000,300.000,300.000,-1,-1,-1,-1,475.000,800.000,500.000,-1,1,1,2,0,2,0,0,0,0,2,2,2,2,1,0,1,2
58,-2940.606,-4461.347,-184.265,-138.079,-0.744898,0.666746,0.023998,-0.666710,-0.742545,-0.064226,-0.025003,-0.063842,0.997647,0,0.84274,-0.31785,50.564,-0.636,475.000,325.000,-1,400.000,-1,325.000,325.000,300.000,300.000,-1,-1,-1,-1,450.000,800.000,450.000,-1,1,1,2,0,2,1,0,0,0,2,2,2,2,1,0,1,2
59,-2978.839,-4494.929,-185.403,-138.706,-0.752144,0.658601,0.022877,-0.658518,-0.749816,-0.064263,-0.025171,-0.063400,0.997671,0,0.84810,-0.31343,50.886,-0.627,425.000,325.000,-1,400.000,-1,300.000,325.000,300.000,300.000,-1,-1,-1,-1,425.000,775.000,375.000,-1,1,1,2,0,2,1,0,0,0,2,2,2,2,1,1,1,2
60,-3017.669,-4528.296,-185.772,-139.323,-0.759083,0.650633,0.021693,-0.650598,-0.757036,-0.060153,-0.022716,-0.059775,0.997953,0,0.85328,-0.30857,51.197,-0.617,375.000,300.000,-1,400.000,-1,300.000,325.000,300.000,300.000,-1,-1,-1,-1,400.000,775.000,350.000,-1,1,1,2,0,2,1,0,0,0,2,2,2,2,1,1,1,2
61,-3057.077,-4561.440,-185.715,-139.929,-0.765749,0.642809,0.020596,-0.642884,-0.764150,-0.052676,-0.018122,-0.053578,0.998399,0,0.85822,-0.30325,51.493,-0.606,325.000,300.000,-1,425.000,-1,275.000,325.000,300.000,300.000,-1,-1,-1,-1,375.000,775.000,325.000,-1,1,1,2,0,2,1,0,0,0,2,2,2,2,1,1,1,2
62,-3097.044,-4594.350,-185.399,-140.524,-0.772184,0.635094,0.019704,-0.635286,-0.771088,-0.042836,-0.012012,-0.045595,0.998888,0,0.86288,-0.29740,51.773,-0.595,300.000,275.000,-1,425.000,-1,275.000,325.000,325.000,300.000,-1,-1,-1,-1,375.000,800.000,300.000,-1,1,1,2,0,2,1,1,0,0,2,2,2,2,1,1,1,2
63,-3137.545,-4627.016,-184.725,-141.106,-0.778406,0.627471,0.019085,-0.627744,-0.777799,-0.031088,-0.004663,-0.036180,0.999334,0,0.86721,-0.29099,52.033,-0.582,275.000,275.000,-1,450.000,-1,275.000,325.000,325.000,300.000,-1,-1,-1,-1,350.000,825.000,275.000,-1,1,1,2,0,2,1,1,0,0,2,2,2,2,1,1,1,2
64,-3178.552,-4659.425,-183.661,-141.674,-0.784428,0.619935,0.018787,-0.620208,-0.784240,-0.017594,0.003827,-0.025453,0.999669,0,0.87113,-0.28396,52.268,-0.568,275.000,275.000,-1,450.000,-1,250.000,325.000,350.000,275.000,-1,-1,425.000,-1,350.000,875.000,250.000,-1,1,1,2,1,2,1,1,0,0,2,2,0,2,1,0,1,2
65,-3220.032,-4691.566,-182.096,-142.226,-0.790262,0.612484,0.018662,-0.612633,-0.790362,-0.003027,0.012896,-0.013825,0.999821,0,0.87458,-0.27625,52.475,-0.552,250.000,250.000,-1,450.000,-1,250.000,325.000,375.000,275.000,-1,575.000,275.000,850.000,325.000,925.000,225.000,-1,1,1,2,1,2,1,1,0,0,2,0,0,0,1,0,1,2
66,-3261.946,-4723.424,-180.211,-142.762,-0.795908,0.605128,0.018739,-0.604979,-0.796128,0.013446,0.023055,-0.000635,0.999734,0,0.87744,-0.26777,52.647,-0.536,225.000,250.000,-1,450.000,-1,250.000,325.000,400.000,275.000,-1,425.000,150.000,675.000,325.000,975.000,225.000,-1,1,1,2,1,2,1,1,0,0,2,0,0,0,1,0,1,2
67,-3304.249,-4754.983,-177.965,-143.279,-0.801367,0.597862,0.019261,-0.597181,-0.801477,0.031756,0.034423,0.013946,0.999310,0,0.87962,-0.25847,52.777,-0.517,200.000,250.000,-1,475.000,-1,250.000,325.000,450.000,250.000,-1,325.000,100.000,550.000,375.000,-1,200.000,-1,1,1,2,1,2,1,1,0,0,2,0,0,0,1,2,1,2
68,-3346.887,-4786.225,-175.362,-143.775,-0.806646,0.590688,0.020250,-0.589166,-0.806345,0.051877,0.046971,0.029916,0.998448,0,0.88097,-0.24824,52.858,-0.496,200.000,275.000,-1,500.000,-1,275.000,350.000,475.000,250.000,-1,250.000,75.000,450.000,450.000,-1,175.000,-1,1,1,2,1,2,1,1,1,0,2,0,0,0,1,2,1,2
69,-3389.798,-4817.132,-172.433,-144.249,-0.811742,0.583608,0.021825,-0.580850,-0.810663,0.073745,0.060731,0.047185,0.997038,0,0.88135,-0.23700,52.881,-0.474,175.000,300.000,-1,525.000,-1,300.000,375.000,475.000,250.000,-1,225.000,50.000,375.000,700.000,-1,175.000,-1,1,1,2,1,2,1,1,1,0,2,0,0,0,1,2,1,2
70,-3432.909,-4847.680,-169.177,-144.699,-0.816658,0.576625,0.023930,-0.572147,-0.814356,0.097328,0.075609,0.065793,0.994965,0,0.88056,-0.22464,52.834,-0.449,175.000,350.000,-1,600.000,-1,350.000,425.000,500.000,250.000,-1,200.000,25.000,325.000,875.000,-1,150.000,-1,1,1,2,0,2,1,1,1,0,2,0,0,0,1,2,1,2
71,-3476.134,-4877.843,-165.578,-145.121,-0.821403,0.569737,0.026400,-0.562972,-0.817331,0.122606,0.091431,0.085847,0.992104,0,0.87842,-0.21109,52.705,-0.422,150.000,450.000,-1,625.000,-1,425.000,475.000,500.000,225.000,-1,200.000,25.000,250.000,-1,-1,-1,-1,1,1,2,0,2,1,1,1,0,2,0,0,0,2,2,2,2
72,-3519.382,-4907.576,-163.371,-145.513,-0.825852,0.563398,0.023464,-0.555637,-0.820157,0.136416,0.096101,0.099622,0.990374,0,0.87468,-0.19625,52.481,-0.392,125.000,575.000,-1,625.000,-1,475.000,525.000,450.000,225.000,-1,200.000,25.000,225.000,-1,-1,-1,-1,1,1,2,0,2,1,1,1,0,2,0,0,0,2,2,2,2
73,-8199.281,9510.943,95.956,-160.925,-0.893288,0.326676,-0.308738,-0.299135,-0.944737,-0.134125,-0.335492,-0.027458,0.941643,1,0.00000,0.00000,52.148,-0.360,225.000,200.000,375.000,225.000,375.000,200.000,200.000,525.000,475.000,-1,25.000,25.000,425.000,275.000,300.000,225.000,300.000,0,0,0,0,0,0,0,1,1,2,1,1,1,0,0,0,1
74,4262.717,5570.681,173.021,-100.029,-0.170591,0.984514,-0.040388,-0.978381,-0.174107,-0.111613,-0.116916,0.020475,0.992931,1,0.08000,0.12000,4.800,0.240,-1,400.000,-1,350.000,-1,325.000,300.000,375.000,275.000,475.000,250.000,-1,-1,700.000,625.000,-1,-1,2,0,2,0,2,0,0,0,0,1,1,2,2,0,0,2,2
75,4261.125,5561.214,171.833,-99.549,-0.162461,0.985946,-0.038935,-0.979833,-0.165855,-0.111442,-0.116334,0.020045,0.993008,0,0.16000,0.24000,9.600,0.480,-1,400.000,-1,350.000,-1,325.000,300.000,375.000,275.000,475.000,275.000,-1,-1,700.000,625.000,-1,-1,2,0,2,0,2,0,0,0,0,1,1,2,2,0,0,2,2
76,4258.915,5546.985,170.059,-98.829,-0.150237,0.987964,-0.036814,-0.981882,-0.153454,-0.111171,-0.115482,0.019445,0.993119,0,0.24000,0.36000,14.400,0.720,-1,400.000,-1,375.000,-1,325.000,300.000,375.000,275.000,475.000,300.000,-1,-1,675.000,625.000,-1,-1,2,0,2,0,2,0,0,0,0,1,1,2,2,0,0,2,2
77,4256.754,5531.345,168.136,-97.869,-0.133827,0.990402,-0.034551,-0.984352,-0.136881,-0.110968,-0.114633,0.019160,0.993223,0,0.26315,0.48000,15.789,0.960,-1,375.000,-1,375.000,-1,325.000,300.000,375.000,275.000,475.000,325.000,-1,-1,675.000,625.000,-1,-1,2,0,2,0,2,0,0,0,0,1,1,2,2,0,0,2,2
78,4254.888,5515.382,166.203,-96.669,-0.113188,0.993048,-0.032305,-0.987029,-0.116109,-0.110870,-0.113851,0.019337,0.993310,0,0.26786,0.60000,16.071,1.200,-1,375.000,-1,375.000,-1,325.000,300.000,375.000,275.000,475.000,375.000,-1,-1,675.000,650.000,-1,-1,2,0,2,0,2,0,0,0,0,1,1,2,2,0,0,2,2
79,4253.393,5499.044,164.254,-95.229,-0.088300,0.995640,-0.030063,-0.989652,-0.091116,-0.110847,-0.113103,0.019964,0.993383,0,0.27345,0.72000,16.407,1.440,-1,375.000,-1,375.000,-1,325.000,300.000,375.000,275.000,475.000,-1,-1,-1,675.000,650.000,-1,-1,2,0,2,0,2,0,0,0,0,1,2,2,2,0,0,2,2
80,4252.354,5482.280,162.282,-93.549,-0.059149,0.997862,-0.027811,-0.991907,-0.061886,-0.110867,-0.112351,0.021029,0.993446,0,0.27993,0.84000,16.796,1.680,-1,375.000,-1,375.000,-1,325.000,300.000,350.000,275.000,475.000,-1,-1,-1,675.000,650.000,-1,-1,2,0,2,0,2,0,0,0,0,1,2,2,2,0,0,2,2
81,4251.792,5465.053,160.274,-91.869,-0.029955,0.999224,-0.025586,-0.993309,-0.032615,-0.110785,-0.111533,0.022096,0.993515,0,0.28728,0.83968,17.237,1.679,975.000,375.000,-1,375.000,-1,300.000,300.000,350.000,275.000,475.000,-1,-1,-1,675.000,650.000,-1,-1,1,0,2,0,2,0,0,0,0,1,2,2,2,0,0,2,2
82,4251.730,5447.378,158.235,-90.201,-0.000930,0.999726,-0.023402,-0.993858,-0.003514,-0.110604,-0.110656,0.023155,0.993589,0,0.29458,0.83404,17.675,1.668,925.000,375.000,-1,375.000,-1,300.000,300.000,350.000,275.000,500.000,-1,-1,-1,675.000,650.000,-1,-1,1,0,2,0,2,0,0,0,0,1,2,2,2,0,0,2,2
83,4252.191,5429.277,156.168,-88.545,0.027900,0.999384,-0.021270,-0.993570,0.025390,-0.110336,-0.109728,0.024212,0.993667,0,0.30179,0.82834,18.107,1.657,850.000,375.000,-1,375.000,-1,300.000,300.000,350.000,300.000,500.000,-1,-1,-1,650.000,650.000,-1,-1,1,0,2,0,2,0,0,0,0,1,2,2,2,0,0,2,2
84,4253.194,5410.772,154.078,-86.900,0.056512,0.998217,-0.019201,-0.992461,0.054070,-0.109989,-0.108755,0.025272,0.993747,0,0.30888,0.82260,18.533,1.645,800.000,375.000,-1,375.000,-1,300.000,300.000,350.000,300.000,500.000,-1,-1,-1,650.000,650.000,-1,-1,1,0,2,0,2,0,0,0,0,1,2,2,2,0,0,2,2
85,4254.758,5391.885,151.968,-85.266,0.084880,0.996243,-0.017201,-0.990549,0.082503,-0.109574,-0.107743,0.026339,0.993830,0,0.31587,0.81680,18.952,1.634,750.000,375.000,-1,375.000,-1,300.000,300.000,350.000,300.000,500.000,-1,-1,-1,650.000,650.000,-1,-1,1,0,2,0,2,0,0,0,0,1,2,2,2,0,0,2,2
86,4256.903,5372.640,149.843,-83.644,0.112982,0.993480,-0.015274,-0.987852,0.110665,-0.109098,-0.106697,0.027414,0.993914,0,0.32272,0.81096,19.363,1.622,725.000,375.000,-1,375.000,-1,300.000,300.000,325.000,300.000,525.000,-1,-1,-1,650.000,650.000,1000.000,-1,1,0,2,0,2,0,0,0,0,1,2,2,2,0,0,1,2
87,4259.643,5353.064,147.704,-82.034,0.140795,0.989948,-0.013423,-0.984389,0.138533,-0.108570,-0.105619,0.028499,0.993998,0,0.32945,0.80509,19.767,1.610,675.000,375.000,-1,375.000,-1,300.000,300.000,325.000,300.000,525.000,-1,-1,-1,650.000,650.000,975.000,-1,1,0,2,0,2,0,0,0,0,1,2,2,2,0,0,1,2
88,4262.993,5333.182,145.556,-80.435,0.168300,0.985667,-0.011648,-0.980180,0.166086,-0.107994,-0.104512,0.029593,0.994083,0,0.33605,0.79919,20.163,1.598,650.000,375.000,-1,350.000,-1,300.000,300.000,325.000,300.000,550.000,-1,-1,-1,650.000,650.000,925.000,-1,1,0,2,0,2,0,0,0,0,1,2,2,2,0,0,1,2
89,4266.968,5313.020,143.400,-78.849,0.195474,0.980658,-0.009950,-0.975245,0.193306,-0.107376,-0.103376,0.030693,0.994169,0,0.34251,0.79326,20.550,1.587,600.000,375.000,-1,350.000,-1,300.000,300.000,325.000,300.000,550.000,-1,-1,-1,650.000,650.000,850.000,-1,1,0,2,0,2,0,0,0,0,1,2,2,2,0,0,1,2
90,4271.579,5292.605,141.095,-77.274,0.222349,0.974926,-0.008930,-0.969639,0.220169,-0.106428,-0.101793,0.032323,0.994280,0,0.34882,0.78730,20.929,1.575,575.000,375.000,-1,350.000,-1,300.000,300.000,325.000,300.000,550.000,-1,-1,-1,625.000,650.000,800.000,-1,1,0,2,0,2,0,0,0,0,1,2,2,2,0,0,1,2
91,4276.837,5271.965,138.945,-75.712,0.248795,0.968527,-0.007580,-0.963425,0.246665,-0.104731,-0.099565,0.033359,0.994472,0,0.35500,0.78133,21.300,1.563,550.000,375.000,-1,350.000,-1,300.000,300.000,325.000,300.000,575.000,-1,-1,-1,625.000,650.000,750.000,-1,1,0,2,0,2,0,0,0,0,1,2,2,2,0,0,1,2
92,4282.750,5251.126,136.809,-74.161,0.274854,0.961465,-0.006311,-0.956555,0.272775,-0.102936,-0.097248,0.034329,0.994668,0,0.36103,0.77534,21.662,1.551,525.000,375.000,-1,375.000,-1,300.000,300.000,325.000,300.000,575.000,-1,-1,-1,625.000,650.000,700.000,-1,1,0,2,0,2,0,0,0,0,1,2,2,2,0,0,1,2
93,4289.325,5230.116,134.669,-72.622,0.300518,0.953762,-0.005167,-0.949044,0.298484,-0.101105,-0.094888,0.035288,0.994862,0,0.36692,0.76934,22.015,1.539,500.000,375.000,-1,375.000,-1,300.000,300.000,325.000,300.000,600.000,-1,-1,-1,625.000,650.000,650.000,-1,1,0,2,0,2,0,0,0,0,1,2,2,2,0,1,1,2
94,4296.570,5208.963,132.527,-71.096,0.325772,0.945439,-0.004143,-0.940914,0.323778,-0.099237,-0.092481,0.036227,0.995055,0,0.37266,0.76334,22.360,1.527,475.000,375.000,1000.000,375.000,-1,300.000,300.000,300.000,325.000,600.000,-1,-1,-1,625.000,650.000,625.000,-1,1,0,1,0,2,0,0,0,0,1,2,2,2,0,1,1,2
95,4304.489,5187.694,130.383,-69.581,0.350601,0.936520,-0.003231,-0.932188,0.348643,-0.097328,-0.090024,0.037135,0.995247,0,0.37826,0.75733,22.696,1.515,450.000,375.000,975.000,375.000,-1,300.000,300.000,300.000,325.000,600.000,-1,-1,-1,650.000,650.000,575.000,-1,1,0,1,0,2,0,0,0,0,1,2,2,2,0,1,1,2
96,4313.085,5166.336,128.388,-68.078,0.375043,0.927003,-0.002805,-0.922823,0.373061,-0.096041,-0.087984,0.038608,0.995373,0,0.38372,0.75131,23.023,1.503,425.000,375.000,950.000,375.000,-1,300.000,300.000,300.000,325.000,625.000,-1,-1,-1,650.000,625.000,550.000,-1,1,0,1,0,2,0,0,0,0,1,2,2,2,1,1,1,2
97,4324.254,5140.853,126.114,-66.336,0.403092,0.915156,-0.002622,-0.911127,0.401046,-0.094925,-0.085820,0.040652,0.995481,0,0.46372,0.87131,27.823,1.743,400.000,375.000,925.000,375.000,-1,300.000,300.000,300.000,325.000,650.000,-1,-1,-1,600.000,625.000,500.000,925.000,1,0,1,0,2,0,0,0,0,1,2,2,2,1,1,1,1
98,4338.014,5112.197,123.565,-64.353,0.434544,0.900647,-0.002496,-0.896795,0.432425,-0.093637,-0.083254,0.042927,0.995603,0,0.52982,0.99131,31.789,1.983,375.000,375.000,900.000,375.000,-1,300.000,300.000,300.000,325.000,675.000,-1,-1,-1,575.000,600.000,450.000,850.000,1,0,1,0,2,0,0,0,0,1,2,2,2,1,1,1,1
99,4354.993,5079.787,120.733,-62.353,0.465729,0.884924,-0.002490,-0.881277,0.463551,-0.092043,-0.080297,0.045061,0.995752,0,0.60982,1.00000,36.589,2.000,325.000,375.000,875.000,350.000,-1,300.000,300.000,300.000,325.000,700.000,-1,-1,-1,525.000,600.000,400.000,775.000,1,0,1,0,2,0,0,0,0,1,2,2,2,1,1,1,1
100,4375.396,5043.943,117.813,-60.353,0.496376,0.868101,-0.003477,-0.864736,0.494091,-0.090030,-0.076437,0.047695,0.995933,0,0.68740,1.00000,41.244,2.000,300.000,375.000,825.000,350.000,-1,300.000,300.000,300.000,325.000,725.000,-1,-1,-1,500.000,575.000,375.000,700.000,1,0,1,0,2,0,0,0,0,1,2,2,2,1,1,1,1
101,4397.230,5008.520,114.964,-58.353,0.526401,0.850224,-0.004573,-0.847147,0.524022,-0.087998,-0.072421,0.050196,0.996110,0,0.69356,1.00000,41.613,2.000,275.000,375.000,775.000,350.000,850.000,300.000,300.000,300.000,300.000,750.000,-1,-1,-1,475.000,550.000,325.000,650.000,1,0,1,0,1,0,0,0,0,1,2,2,2,1,1,1,1
102,4420.491,4973.575,112.194,-56.353,0.555769,0.831317,-0.005781,-0.828530,0.553308,-0.085952,-0.068255,0.052560,0.996282,0,0.69966,1.00000,41.980,2.000,250.000,350.000,725.000,375.000,700.000,300.000,300.000,300.000,300.000,800.000,-1,-1,-1,425.000,525.000,275.000,600.000,1,1,1,0,1,0,0,0,0,1,2,2,2,1,1,1,1
103,4445.169,4939.169,109.507,-54.353,0.584444,0.811403,-0.007104,-0.808911,0.581914,-0.083902,-0.063944,0.054783,0.996449,0,0.70570,1.00000,42.342,2.000,200.000,325.000,700.000,375.000,625.000,300.000,300.000,300.000,300.000,825.000,-1,-1,-1,400.000,500.000,250.000,550.000,1,1,1,0,1,0,0,0,0,1,2,2,2,1,1,1,1
104,4471.251,4905.361,106.909,-52.353,0.612392,0.790508,-0.008544,-0.788312,0.609806,-0.081856,-0.059498,0.056863,0.996608,0,0.71166,1.00000,42.700,2.000,175.000,300.000,650.000,375.000,550.000,300.000,300.000,300.000,300.000,850.000,700.000,575.000,-1,350.000,475.000,200.000,500.000,1,1,1,0,1,0,0,1,0,1,0,0,2,1,1,1,1
105,4498.721,4872.214,104.407,-50.353,0.639579,0.768659,-0.010100,-0.766760,0.636951,-0.079824,-0.054924,0.058798,0.996758,0,0.71753,1.00000,43.052,2.000,150.000,275.000,600.000,375.000,475.000,300.000,300.000,300.000,300.000,875.000,450.000,525.000,-1,325.000,475.000,175.000,450.000,1,1,1,1,1,1,0,1,0,1,0,0,2,1,1,1,1
106,4527.572,4839.799,106.500,-48.353,0.666217,0.744935,-0.035035,-0.744906,0.662476,-0.079000,-0.035640,0.078729,0.996259,0,0.72329,1.00000,43.397,2.000,150.000,275.000,575.000,375.000,450.000,275.000,325.000,300.000,300.000,975.000,275.000,250.000,-1,325.000,475.000,150.000,450.000,1,1,1,1,1,1,0,1,0,1,0,0,2,1,1,1,1
107,4557.778,4808.174,110.044,-46.353,0.691180,0.719884,-0.063536,-0.722546,0.686662,-0.080141,-0.014065,0.101300,0.994757,0,0.72892,1.00000,43.735,2.000,125.000,250.000,575.000,375.000,425.000,275.000,350.000,300.000,275.000,-1,225.000,175.000,-1,325.000,475.000,150.000,425.000,1,1,1,1,1,1,1,1,0,2,0,0,2,1,1,1,1
108,4589.311,4777.398,113.726,-44.353,0.714363,0.693693,-0.092061,-0.699734,0.709538,-0.083233,0.007583,0.123876,0.992269,0,0.73440,1.00000,44.064,2.000,125.000,250.000,575.000,375.000,400.000,275.000,325.000,325.000,275.000,-1,200.000,125.000,775.000,325.000,450.000,150.000,425.000,1,1,1,1,1,1,1,1,0,2,0,0,0,1,1,1,1
109,4622.139,4747.535,117.549,-42.353,0.735768,0.666429,-0.120490,-0.676602,0.731035,-0.088302,0.029235,0.146493,0.988780,0,0.73970,1.00000,44.382,2.000,125.000,250.000,575.000,350.000,375.000,250.000,325.000,325.000,250.000,-1,175.000,100.000,525.000,300.000,425.000,150.000,400.000,1,1,1,1,1,1,1,1,0,2,0,0,0,1,1,1,1
110,4656.229,4718.645,121.519,-40.353,0.755406,0.638162,-0.148696,-0.653283,0.751083,-0.095370,0.050822,0.169184,0.984273,0,0.74480,1.00000,44.688,2.000,125.000,250.000,550.000,325.000,350.000,250.000,300.000,325.000,250.000,-1,175.000,75.000,400.000,300.000,400.000,150.000,400.000,1,1,1,1,1,1,1,1,0,2,0,0,0,1,1,1,1
111,4691.540,4690.788,125.658,-38.353,0.773314,0.608972,-0.176462,-0.629897,0.769625,-0.104433,0.072213,0.191912,0.978752,0,0.74966,1.00000,44.980,2.000,125.000,250.000,550.000,325.000,325.000,250.000,300.000,350.000,250.000,-1,175.000,50.000,300.000,300.000,375.000,125.000,350.000,1,1,1,1,1,1,1,1,0,2,0,0,0,1,1,1,1
112,4728.029,4664.026,129.976,-36.353,0.789535,0.578937,-0.203632,-0.606569,0.786600,-0.115480,0.093321,0.214692,0.972213,0,0.75427,1.00000,45.256,2.000,125.000,225.000,550.000,300.000,300.000,225.000,275.000,350.000,225.000,-1,175.000,25.000,250.000,300.000,375.000,125.000,325.000,1,1,1,1,1,1,1,1,0,2,0,0,0,1,1,1,1
113,2295.759,-3607.629,-203.830,-137.269,-0.732858,0.678490,-0.050697,-0.678116,-0.734463,-0.026886,-0.055477,0.014675,0.998352,1,0.00000,0.00000,45.514,2.000,-1,375.000,-1,375.000,-1,325.000,325.000,300.000,300.000,-1,-1,-1,-1,725.000,675.000,-1,-1,2,0,2,0,2,0,0,0,0,2,2,2,2,0,0,2,2
114,2292.220,-3610.872,-204.081,-137.509,-0.735697,0.675409,-0.050716,-0.675030,-0.737301,-0.026856,-0.055532,0.014477,0.998352,0,0.08000,-0.12000,4.800,-0.240,-1,375.000,-1,375.000,-1,325.000,325.000,300.000,300.000,-1,-1,-1,-1,725.000,675.000,-1,-1,2,0,2,0,2,0,0,0,0,2,2,2,2,0,0,2,2
115,2285.096,-3617.307,-204.584,-137.906,-0.740370,0.670281,-0.050744,-0.669895,-0.741972,-0.026803,-0.055616,0.014149,0.998352,0,0.16000,-0.19873,9.600,-0.397,-1,375.000,-1,375.000,-1,325.000,325.000,300.000,300.000,-1,-1,-1,-1,725.000,675.000,-1,-1,2,0,2,0,2,0,0,0,0,2,2,2,2,0,0,2,2
116,2274.344,-3626.885,-205.340,-138.304,-0.745020,0.665109,-0.050752,-0.664715,-0.746618,-0.026741,-0.055678,0.013813,0.998353,0,0.24000,-0.19920,14.400,-0.398,-1,375.000,-1,375.000,-1,325.000,325.000,300.000,300.000,-1,-1,-1,-1,725.000,650.000,-1,-1,2,0,2,0,2,0,0,0,0,2,2,2,2,0,0,2,2
117,2259.919,-3639.556,-206.348,-138.705,-0.749659,0.659877,-0.050737,-0.659476,-0.751253,-0.026666,-0.055713,0.013470,0.998356,0,0.32000,-0.20025,19.200,-0.400,-1,375.000,-1,375.000,-1,325.000,325.000,300.000,300.000,-1,-1,-1,-1,725.000,650.000,-1,-1,2,0,2,0,2,0,0,0,0,2,2,2,2,0,0,2,2
118,2241.776,-3655.267,-207.609,-139.109,-0.754299,0.654570,-0.050700,-0.654162,-0.755887,-0.026567,-0.055714,0.013127,0.998361,0,0.40000,-0.20187,24.000,-0.404,-1,375.000,-1,375.000,-1,325.000,325.000,300.000,300.000,-1,-1,-1,-1,725.000,650.000,-1,-1,2,0,2,0,2,0,0,0,0,2,2,2,2,0,0,2,2
119,2219.871,-3673.965,-209.122,-139.516,-0.758950,0.649177,-0.050633,-0.648765,-0.760530,-0.026434,-0.055668,0.012787,0.998367,0,0.48000,-0.20387,28.800,-0.408,-1,375.000,-1,375.000,-1,325.000,325.000,300.000,300.000,-1,-1,-1,-1,725.000,650.000,-1,-1,2,0,2,0,2,0,0,0,0,2,2,2,2,0,0,2,2
120,2194.159,-3695.595,-210.901,-139.927,-0.763601,0.643709,-0.050529,-0.643297,-0.765168,-0.026191,-0.055522,0.012506,0.998379,0,0.56000,-0.20544,33.600,-0.411,-1,375.000,-1,375.000,-1,325.000,325.000,300.000,300.000,-1,-1,-1,-1,725.000,650.000,-1,-1,2,0,2,0,2,0,0,0,0,2,2,2,2,0,0,2,2
121,2164.596,-3720.102,-212.943,-140.342,-0.768255,0.638159,-0.050374,-0.637754,-0.769807,-0.025841,-0.055269,0.012274,0.998396,0,0.64000,-0.20721,38.400,-0.414,-1,375.000,-1,375.000,1000.000,325.000,325.000,300.000,300.000,-1,-1,-1,-1,725.000,625.000,-1,-1,2,0,2,0,0,0,0,0,0,2,2,2,2,0,0,2,2
122,2131.726,-3747.182,-215.203,-140.516,-0.770213,0.635813,-0.050141,-0.635422,-0.771746,-0.025437,-0.054869,0.012269,0.998418,0,0.70980,-0.08721,42.588,-0.174,-1,375.000,-1,375.000,975.000,325.000,325.000,300.000,300.000,-1,-1,-1,-1,725.000,625.000,-1,-1,2,0,2,0,0,0,0,0,0,2,2,2,2,0,0,2,2
123,2098.988,-3774.218,-217.447,-140.451,-0.769503,0.636694,-0.049850,-0.636325,-0.771016,-0.025011,-0.054360,0.012475,0.998443,0,0.70764,0.03279,42.459,0.066,-1,375.000,-1,375.000,950.000,325.000,300.000,300.000,300.000,-1,-1,-1,-1,725.000,625.000,-1,1000.000,2,0,2,0,0,0,0,0,0,2,2,2,2,0,0,2,0
124,2066.521,-3801.320,-219.672,-140.145,-0.766115,0.640794,-0.049506,-0.640453,-0.767605,-0.024562,-0.053740,0.012890,0.998472,0,0.70487,0.15279,42.292,0.306,-1,375.000,-1,350.000,925.000,325.000,300.000,300.000,300.000,-1,-1,-1,-1,700.000,600.000,-1,975.000,2,0,2,0,0,0,0,0,0,2,2,2,2,0,0,2,0
125,2034.471,-3828.598,-221.702,-139.599,-0.760043,0.648074,-0.048318,-0.647748,-0.761469,-0.024240,-0.052502,0.012874,0.998538,0,0.70146,0.27279,42.088,0.546,-1,375.000,-1,350.000,900.000,325.000,300.000,300.000,300.000,-1,-1,-1,-1,700.000,600.000,-1,950.000,2,0,2,0,0,0,0,0,0,2,2,2,2,0,0,2,0
126,2002.979,-3856.154,-223.438,-138.814,-0.751222,0.658461,-0.045767,-0.658125,-0.752520,-0.024171,-0.050356,0.011963,0.998660,0,0.69742,0.39279,41.845,0.786,-1,400.000,-1,350.000,925.000,325.000,300.000,300.000,300.000,-1,-1,-1,-1,725.000,600.000,-1,975.000,2,0,2,0,0,0,0,0,1,2,2,2,2,0,0,2,0
127,1972.193,-3884.080,-225.190,-137.788,-0.739441,0.671830,-0.043254,-0.671491,-0.740620,-0.024112,-0.048234,0.011216,0.998773,0,0.69276,0.51279,41.566,1.026,-1,400.000,-1,350.000,925.000,325.000,300.000,300.000,300.000,-1,-1,-1,-1,725.000,625.000,-1,-1,2,0,2,0,0,0,0,0,1,2,2,2,2,0,0,2,2
128,1942.260,-3912.464,-226.933,-136.523,-0.724536,0.688028,-0.040804,-0.687696,-0.725605,-0.023907,-0.046056,0.010739,0.998881,0,0.68751,0.63279,41.251,1.266,-1,400.000,-1,350.000,950.000,325.000,300.000,300.000,300.000,-1,-1,-1,-1,725.000,625.000,-1,-1,2,0,2,0,0,0,0,0,1,2,2,2,2,0,0,2,2
129,1913.328,-3941.378,-228.667,-135.017,-0.706312,0.706856,-0.038442,-0.706543,-0.707279,-0.023529,-0.043821,0.010543,0.998984,0,0.68173,0.75279,40.904,1.506,-1,400.000,-1,350.000,975.000,325.000,300.000,300.000,300.000,-1,-1,-1,-1,750.000,625.000,-1,-1,2,0,2,0,0,0,0,0,1,2,2,2,2,0,0,2,2
130,1881.972,-3974.132,-230.587,-133.752,-0.690639,0.722309,-0.035886,-0.722013,-0.691498,-0.022997,-0.041426,0.010028,0.999091,0,0.75573,0.63279,45.344,1.266,-1,400.000,-1,350.000,1000.000,325.000,300.000,300.000,300.000,-1,925.000,-1,-1,750.000,650.000,-1,-1,2,0,2,0,0,0,0,0,0,2,0,2,2,0,0,2,2
131,1851.454,-4007.174,-232.456,-132.726,-0.677697,0.734574,-0.033580,-0.734295,-0.678462,-0.022359,-0.039207,0.009505,0.999186,0,0.74965,0.51279,44.979,1.026,-1,400.000,-1,375.000,-1,325.000,300.000,300.000,300.000,-1,675.000,750.000,-1,750.000,650.000,-1,-1,2,0,2,0,2,0,0,0,0,2,0,0,2,0,0,2,2
132,1821.610,-4040.388,-234.193,-131.940,-0.667654,0.743814,-0.031290,-0.743532,-0.668333,-0.022162,-0.037396,0.008468,0.999265,0,0.74421,0.39279,44.652,0.786,-1,400.000,-1,375.000,-1,325.000,300.000,300.000,300.000,-1,575.000,650.000,-1,775.000,650.000,-1,-1,2,0,2,0,2,0,0,0,0,2,0,0,2,0,0,2,2
