timestep,x_cm,y_cm,z_cm,yaw_deg,basis_xx,basis_xy,basis_xz,basis_yx,basis_yy,basis_yz,basis_zx,basis_zy,basis_zz,teleport_flag,throttle_cmd,steering_cmd,cmd_move_cm,cmd_turn_deg,lidar_cm_0,lidar_cm_1,lidar_cm_2,lidar_cm_3,lidar_cm_4,lidar_cm_5,lidar_cm_6,lidar_cm_7,lidar_cm_8,lidar_cm_9,lidar_cm_10,lidar_cm_11,lidar_cm_12,lidar_cm_13,lidar_cm_14,lidar_cm_15,lidar_cm_16,lidar_class_0,lidar_class_1,lidar_class_2,lidar_class_3,lidar_class_4,lidar_class_5,lidar_class_6,lidar_class_7,lidar_class_8,lidar_class_9,lidar_class_10,lidar_class_11,lidar_class_12,lidar_class_13,lidar_class_14,lidar_class_15,lidar_class_16
0,-9509.130,6882.876,-61.250,113.476,-0.400372,-0.914846,0.052528,0.915734,-0.397337,0.059625,-0.033676,0.071974,0.996838,1,-0.08000,0.10058,-4.800,0.201,-1,400.000,-1,400.000,-1,325.000,325.000,300.000,300.000,-1,-1,-1,-1,750.000,725.000,-1,-1,2,0,2,0,2,0,0,0,0,2,2,2,2,0,0,2,2
1,-9505.274,6874.084,-60.929,113.677,-0.403581,-0.913436,0.052505,0.914330,-0.400542,0.059726,-0.033525,0.072111,0.996833,0,-0.16000,0.10058,-9.600,0.201,-1,400.000,-1,400.000,-1,325.000,325.000,300.000,300.000,-1,-1,-1,-1,750.000,725.000,-1,-1,2,0,2,0,2,0,0,0,0,2,2,2,2,0,0,2,2
2,-9499.445,6860.917,-60.450,113.879,-0.406788,-0.912015,0.052471,0.912911,-0.403743,0.059876,-0.033423,0.072259,0.996826,0,-0.24000,0.10058,-14.400,0.201,-1,400.000,-1,400.000,-1,325.000,325.000,300.000,300.000,-1,-1,-1,-1,750.000,725.000,-1,-1,2,0,2,0,2,0,0,0,0,2,2,2,2,0,0,2,2
3,-9492.046,6844.359,-59.852,114.080,-0.409992,-0.910581,0.052431,0.911479,-0.406938,0.060065,-0.033358,0.072416,0.996817,0,-0.30226,0.10058,-18.136,0.201,-1,400.000,-1,400.000,-1,325.000,325.000,300.000,300.000,-1,-1,-1,-1,750.000,725.000,-1,-1,2,0,2,0,2,0,0,0,0,2,2,2,2,0,0,2,2
4,-9484.588,6827.828,-59.257,114.281,-0.413191,-0.909136,0.052391,0.910036,-0.410127,0.060254,-0.033293,0.072574,0.996807,0,-0.30226,0.10058,-18.136,0.201,-1,400.000,-1,375.000,-1,325.000,325.000,300.000,300.000,-1,-1,-1,-1,750.000,725.000,-1,-1,2,0,2,0,2,0,0,0,0,2,2,2,2,0,0,2,2
5,-9477.073,6811.323,-58.667,114.482,-0.416385,-0.907680,0.052352,0.908581,-0.413312,0.060445,-0.033227,0.072734,0.996798,0,-0.30226,0.10058,-18.136,0.201,-1,400.000,-1,375.000,-1,325.000,325.000,300.000,300.000,-1,-1,-1,-1,750.000,725.000,-1,-1,2,0,2,0,2,0,0,0,0,2,2,2,2,0,0,2,2
6,-9469.500,6794.844,-58.080,114.683,-0.419574,-0.906212,0.052315,0.907115,-0.416491,0.060635,-0.033160,0.072896,0.996788,0,-0.30226,0.10058,-18.136,0.201,-1,400.000,-1,375.000,-1,325.000,325.000,300.000,300.000,-1,-1,-1,-1,750.000,725.000,-1,-1,2,0,2,0,2,0,0,0,0,2,2,2,2,0,0,2,2
7,-9461.869,6778.392,-57.497,114.884,-0.422757,-0.904734,0.052278,0.905638,-0.419665,0.060827,-0.033092,0.073060,0.996778,0,-0.30226,0.10058,-18.136,0.201,-1,400.000,-1,375.000,-1,325.000,325.000,300.000,300.000,-1,-1,-1,-1,750.000,725.000,-1,-1,2,0,2,0,2,0,0,0,0,2,2,2,2,0,0,2,2
8,-9454.180,6761.967,-56.919,115.086,-0.425936,-0.903244,0.052243,0.904150,-0.422834,0.061018,-0.033024,0.073226,0.996768,0,-0.30226,0.10058,-18.136,0.201,-1,400.000,-1,375.000,-1,325.000,325.000,300.000,300.000,-1,-1,-1,-1,750.000,725.000,-1,-1,2,0,2,0,2,0,0,0,0,2,2,2,2,0,0,2,2
9,-9446.433,6745.569,-56.344,115.287,-0.429109,-0.901743,0.052209,0.902651,-0.425998,0.061211,-0.032956,0.073393,0.996758,0,-0.30226,0.10058,-18.136,0.201,-1,400.000,-1,375.000,-1,325.000,325.000,300.000,300.000,-1,-1,-1,-1,750.000,725.000,-1,-1,2,0,2,0,2,0,0,0,0,2,2,2,2,0,0,2,2
10,-9438.629,6729.198,-55.773,115.488,-0.432277,-0.900230,0.052176,0.901141,-0.429156,0.061404,-0.032886,0.073562,0.996748,0,-0.30226,0.10058,-18.136,0.201,-1,400.000,-1,375.000,-1,325.000,325.000,300.000,300.000,-1,-1,-1,-1,750.000,725.000,-1,-1,2,0,2,0,2,0,0,0,0,2,2,2,2,0,0,2,2
11,-9430.768,6712.855,-55.205,115.689,-0.435440,-0.898706,0.052144,0.899620,-0.432308,0.061598,-0.032816,0.073732,0.996738,0,-0.30226,0.10058,-18.136,0.201,-1,400.000,-1,375.000,-1,325.000,325.000,300.000,300.000,-1,-1,-1,-1,750.000,725.000,-1,-1,2,0,2,0,2,0,0,0,0,2,2,2,2,0,0,2,2
12,-9422.849,6696.540,-54.620,115.890,-0.438596,-0.897165,0.052229,0.898090,-0.435452,0.061766,-0.032672,0.073996,0.996723,0,-0.30226,0.10058,-18.136,0.201,-1,400.000,-1,375.000,-1,325.000,325.000,300.000,300.000,-1,-1,-1,-1,750.000,725.000,-1,-1,2,0,2,0,2,0,0,0,0,2,2,2,2,0,0,2,2
13,-9414.873,6680.252,-54.036,116.091,-0.441746,-0.895613,0.052325,0.896550,-0.438591,0.061934,-0.032519,0.074271,0.996708,0,-0.30226,0.10058,-18.136,0.201,-1,400.000,-1,375.000,-1,325.000,325.000,300.000,300.000,-1,-1,-1,-1,750.000,725.000,-1,-1,2,0,2,0,2,0,0,0,0,2,2,2,2,0,0,2,2
14,-9406.840,6663.993,-53.462,116.293,-0.444890,-0.894051,0.052408,0.895001,-0.441724,0.062071,-0.032345,0.074520,0.996695,0,-0.30226,0.10058,-18.136,0.201,-1,400.000,-1,375.000,-1,325.000,325.000,300.000,300.000,-1,-1,-1,-1,750.000,725.000,-1,-1,2,0,2,0,2,0,0,0,0,2,2,2,2,0,0,2,2
15,-9398.750,6647.761,-52.903,116.494,-0.448024,-0.892480,0.052471,0.893444,-0.444853,0.062163,-0.032137,0.074730,0.996686,0,-0.30226,0.10058,-18.136,0.201,-1,400.000,-1,375.000,-1,325.000,325.000,300.000,300.000,-1,-1,-1,-1,750.000,725.000,-1,-1,2,0,2,0,2,0,0,0,0,2,2,2,2,0,0,2,2
16,-9390.603,6631.559,-52.346,116.695,-0.451154,-0.890898,0.052540,0.891875,-0.447977,0.062262,-0.031933,0.074948,0.996676,0,-0.30226,0.10058,-18.136,0.201,-1,400.000,-1,375.000,-1,325.000,325.000,300.000,300.000,-1,-1,-1,-1,750.000,725.000,-1,-1,2,0,2,0,2,0,0,0,0,2,2,2,2,0,0,2,2
17,-9382.399,6615.385,-51.791,116.896,-0.454279,-0.889305,0.052615,0.890294,-0.451094,0.062373,-0.031734,0.075177,0.996665,0,-0.30226,0.10058,-18.136,0.201,-1,400.000,-1,375.000,-1,325.000,325.000,300.000,300.000,-1,-1,-1,-1,750.000,725.000,-1,-1,2,0,2,0,2,0,0,0,0,2,2,2,2,0,0,2,2
18,-9374.138,6599.240,-51.241,117.097,-0.457398,-0.887700,0.052690,0.888703,-0.454206,0.062481,-0.031532,0.075405,0.996654,0,-0.30226,0.10058,-18.136,0.201,-1,400.000,-1,375.000,-1,325.000,325.000,300.000,300.000,-1,-1,-1,-1,750.000,725.000,-1,-1,2,0,2,0,2,0,0,0,0,2,2,2,2,0,0,2,2
19,-9365.821,6583.124,-50.695,117.298,-0.460510,-0.886084,0.052767,0.887101,-0.457312,0.062588,-0.031327,0.075632,0.996644,0,-0.30226,0.10058,-18.136,0.201,-1,400.000,-1,375.000,-1,325.000,325.000,300.000,300.000,-1,-1,-1,-1,750.000,725.000,-1,-1,2,0,2,0,2,0,0,0,0,2,2,2,2,0,0,2,2
20,-9357.447,6567.037,-50.153,117.500,-0.463618,-0.884458,0.052844,0.885489,-0.460412,0.062693,-0.031119,0.075858,0.996633,0,-0.30226,0.10058,-18.136,0.201,-1,400.000,-1,375.000,-1,325.000,325.000,300.000,300.000,-1,-1,-1,-1,750.000,725.000,-1,-1,2,0,2,0,2,0,0,0,0,2,2,2,2,0,0,2,2
21,-9349.017,6550.980,-49.616,117.701,-0.466719,-0.882821,0.052922,0.883866,-0.463507,0.062796,-0.030908,0.076084,0.996622,0,-0.30226,0.10058,-18.136,0.201,-1,400.000,-1,375.000,-1,325.000,325.000,300.000,300.000,-1,-1,-1,-1,750.000,725.000,-1,-1,2,0,2,0,2,0,0,0,0,2,2,2,2,0,0,2,2
22,-9340.531,6534.952,-49.084,117.902,-0.469814,-0.881173,0.053001,0.882232,-0.466595,0.062897,-0.030693,0.076309,0.996612,0,-0.30226,0.10058,-18.136,0.201,-1,400.000,-1,375.000,-1,325.000,325.000,300.000,300.000,-1,-1,-1,-1,750.000,725.000,-1,-1,2,0,2,0,2,0,0,0,0,2,2,2,2,0,0,2,2
23,-9331.988,6518.955,-48.556,118.103,-0.472903,-0.879514,0.053081,0.880587,-0.469678,0.062996,-0.030475,0.076533,0.996601,0,-0.30226,0.10058,-18.136,0.201,-1,400.000,-1,375.000,-1,325.000,325.000,300.000,300.000,-1,-1,-1,-1,750.000,725.000,-1,-1,2,0,2,0,2,0,0,0,0,2,2,2,2,0,0,2,2
24,-9323.389,6502.987,-48.033,118.304,-0.475986,-0.877845,0.053162,0.878932,-0.472755,0.063093,-0.030253,0.076757,0.996591,0,-0.30226,0.10058,-18.136,0.201,-1,400.000,-1,375.000,-1,325.000,325.000,300.000,300.000,-1,-1,-1,-1,750.000,725.000,-1,-1,2,0,2,0,2,0,0,0,0,2,2,2,2,0,0,2,2
25,-9316.976,6491.295,-47.657,118.745,-0.482718,-0.874158,0.053212,0.875272,-0.479489,0.063157,-0.029694,0.077061,0.996584,0,-0.22226,0.22058,-13.336,0.441,-1,400.000,-1,375.000,-1,325.000,325.000,300.000,300.000,-1,-1,-1,-1,750.000,725.000,-1,-1,2,0,2,0,2,0,0,0,0,2,2,2,2,0,0,2,2
26,-9312.783,6483.860,-47.426,119.427,-0.493051,-0.868370,0.053230,0.869524,-0.489833,0.063188,-0.028797,0.077440,0.996581,0,-0.14226,0.34058,-8.536,0.681,-1,400.000,-1,375.000,-1,325.000,325.000,300.000,300.000,-1,-1,-1,-1,750.000,725.000,-1,-1,2,0,2,0,2,0,0,0,0,2,2,2,2,0,0,2,2
27,-9310.895,6480.635,-47.329,120.348,-0.506911,-0.860354,0.053211,0.861558,-0.503713,0.063174,-0.027549,0.077868,0.996583,0,-0.06226,0.46058,-3.736,0.921,-1,400.000,-1,375.000,-1,325.000,325.000,300.000,300.000,-1,-1,-1,-1,750.000,725.000,-1,-1,2,0,2,0,2,0,0,0,0,2,2,2,2,0,0,2,2
28,-9311.452,6481.542,-47.362,121.509,-0.524195,-0.849937,0.053171,0.851202,-0.521024,0.063154,-0.025974,0.078365,0.996586,0,0.01774,0.58058,1.064,1.161,-1,400.000,-1,375.000,-1,325.000,325.000,300.000,300.000,-1,-1,-1,-1,750.000,725.000,-1,-1,2,0,2,0,2,0,0,0,0,2,2,2,2,0,0,2,2
29,-9314.639,6486.464,-47.502,122.910,-0.544761,-0.836908,0.053099,0.838246,-0.541629,0.063095,-0.024045,0.078882,0.996594,0,0.09774,0.70058,5.864,1.401,-1,400.000,-1,375.000,-1,325.000,325.000,300.000,300.000,-1,-1,-1,-1,750.000,725.000,-1,-1,2,0,2,0,2,0,0,0,0,2,2,2,2,0,0,2,2
30,-9320.658,6495.266,-47.729,124.359,-0.565689,-0.822914,0.053004,0.824325,-0.562601,0.063003,-0.022026,0.079332,0.996605,0,0.17774,0.72456,10.664,1.449,-1,400.000,-1,375.000,-1,325.000,325.000,300.000,300.000,-1,-1,-1,-1,750.000,725.000,-1,-1,2,0,2,0,2,0,0,0,0,2,2,2,2,0,0,2,2
31,-9329.705,6507.806,-48.024,125.808,-0.586254,-0.808399,0.052890,0.809881,-0.583215,0.062881,-0.019987,0.079699,0.996619,0,0.25774,0.72456,15.464,1.449,-1,400.000,-1,375.000,-1,325.000,325.000,300.000,300.000,-1,-1,-1,-1,750.000,725.000,-1,-1,2,0,2,0,2,0,0,0,0,2,2,2,2,0,0,2,2
32,-9341.973,6523.934,-48.367,127.257,-0.606445,-0.793373,0.052761,0.794924,-0.603458,0.062728,-0.017928,0.079982,0.996635,0,0.33774,0.72456,20.264,1.449,-1,400.000,-1,375.000,-1,325.000,325.000,300.000,300.000,-1,-1,-1,-1,750.000,725.000,-1,-1,2,0,2,0,2,0,0,0,0,2,2,2,2,0,0,2,2
33,-9357.647,6543.492,-48.738,128.707,-0.626248,-0.777846,0.052618,0.779462,-0.623319,0.062542,-0.015851,0.080180,0.996654,0,0.41774,0.72456,25.064,1.449,-1,400.000,-1,375.000,-1,325.000,325.000,300.000,300.000,-1,-1,-1,-1,750.000,750.000,-1,-1,2,0,2,0,2,0,0,0,0,2,2,2,2,0,0,2,2
34,-9376.905,6566.316,-49.118,130.156,-0.645653,-0.761827,0.052464,0.763507,-0.642785,0.062320,-0.013754,0.080294,0.996676,0,0.49774,0.72456,29.864,1.449,-1,400.000,-1,375.000,-1,325.000,325.000,300.000,300.000,-1,-1,-1,-1,750.000,750.000,-1,-1,2,0,2,0,2,0,0,0,0,2,2,2,2,0,0,2,2
35,-9399.922,6592.235,-49.485,131.605,-0.664645,-0.745326,0.052303,0.747068,-0.661844,0.062060,-0.011639,0.080321,0.996701,0,0.57774,0.72456,34.664,1.449,-1,400.000,-1,375.000,-1,325.000,325.000,300.000,300.000,-1,-1,-1,-1,750.000,750.000,-1,-1,2,0,2,0,2,0,0,0,0,2,2,2,2,0,0,2,2
36,-9426.863,6621.071,-49.820,133.054,-0.683215,-0.728353,0.052139,0.730155,-0.680484,0.061758,-0.009502,0.080264,0.996728,0,0.65774,0.72456,39.464,1.449,-1,400.000,-1,400.000,-1,325.000,325.000,300.000,300.000,-1,-1,-1,-1,750.000,750.000,-1,-1,2,0,2,0,2,0,0,0,0,2,2,2,2,0,0,2,2
37,-9457.890,6652.640,-50.101,134.503,-0.701350,-0.710919,0.051978,0.712779,-0.698694,0.061418,-0.007347,0.080125,0.996758,0,0.73774,0.72456,44.264,1.449,-1,400.000,-1,400.000,-1,325.000,325.000,300.000,300.000,-1,-1,-1,-1,750.000,750.000,-1,-1,2,0,2,0,2,0,0,0,0,2,2,2,2,0,0,2,2
38,-9491.106,6684.769,-50.326,135.952,-0.719047,-0.693024,0.051854,0.694941,-0.716451,0.061268,-0.005309,0.080090,0.996774,0,0.77022,0.72456,46.213,1.449,-1,400.000,-1,400.000,-1,325.000,325.000,300.000,300.000,-1,-1,-1,-1,750.000,725.000,-1,-1,2,0,2,0,2,0,0,0,0,2,2,2,2,0,0,2,2
39,-9525.123,6716.048,-50.453,137.401,-0.736286,-0.674689,0.051743,0.676662,-0.733753,0.061110,-0.003263,0.080007,0.996789,0,0.77022,0.72456,46.213,1.449,-1,400.000,-1,375.000,-1,325.000,325.000,300.000,300.000,-1,-1,-1,-1,750.000,725.000,-1,-1,2,0,2,0,2,0,0,0,0,2,2,2,2,0,0,2,2
40,-9559.921,6746.457,-50.484,138.850,-0.753058,-0.655924,0.051647,0.657953,-0.750589,0.060945,-0.001210,0.079876,0.996804,0,0.77022,0.72456,46.213,1.449,-1,400.000,-1,375.000,-1,325.000,325.000,300.000,300.000,-1,-1,-1,-1,750.000,725.000,-1,-1,2,0,2,0,2,0,0,0,0,2,2,2,2,0,0,2,2
41,-9595.476,6775.976,-50.434,140.300,-0.769349,-0.636745,0.051563,0.638828,-0.766952,0.060687,0.000904,0.079630,0.996824,0,0.77022,0.72456,46.213,1.449,-1,400.000,-1,375.000,-1,325.000,325.000,300.000,300.000,-1,-1,-1,-1,750.000,725.000,-1,-1,2,0,2,0,2,0,0,0,0,2,2,2,2,0,0,2,2
42,-9631.767,6804.586,-50.311,141.749,-0.785147,-0.617164,0.051498,0.619301,-0.782834,0.060310,0.003093,0.079245,0.996850,0,0.77022,0.72456,46.213,1.449,-1,400.000,-1,375.000,-1,325.000,325.000,300.000,300.000,-1,-1,-1,-1,750.000,725.000,-1,-1,2,0,2,0,2,0,0,0,0,2,2,2,2,0,0,2,2
43,-9668.769,6832.269,-50.089,143.198,-0.800448,-0.597190,0.051457,0.599379,-0.798218,0.059936,0.005281,0.078818,0.996875,0,0.77022,0.72456,46.213,1.449,-1,400.000,-1,375.000,-1,325.000,325.000,300.000,300.000,-1,-1,-1,-1,775.000,725.000,-1,-1,2,0,2,0,2,0,0,0,0,2,2,2,2,0,0,2,2
44,-9706.460,6859.008,-49.771,144.647,-0.815240,-0.576834,0.051438,0.579075,-0.813096,0.059566,0.007464,0.078347,0.996898,0,0.77022,0.72456,46.213,1.449,-1,400.000,-1,375.000,-1,325.000,325.000,300.000,300.000,-1,-1,-1,-1,775.000,725.000,-1,-1,2,0,2,0,2,0,0,0,0,2,2,2,2,0,0,2,2
45,-9744.815,6884.786,-49.322,146.096,-0.829521,-0.556114,0.051293,0.558393,-0.827464,0.059157,0.009546,0.077714,0.996930,0,0.77022,0.72456,46.213,1.449,-1,400.000,-1,400.000,-1,325.000,325.000,300.000,300.000,-1,-1,-1,-1,775.000,750.000,-1,-1,2,0,2,0,2,0,0,0,0,2,2,2,2,0,0,2,2
46,-9783.809,6909.585,-48.777,147.545,-0.843284,-0.535045,0.050974,0.537345,-0.841318,0.058681,0.011488,0.076875,0.996975,0,0.77022,0.72456,46.213,1.449,-1,400.000,-1,400.000,-1,325.000,325.000,300.000,300.000,-1,-1,-1,-1,775.000,750.000,-1,-1,2,0,2,0,2,0,0,0,0,2,2,2,2,0,0,2,2
47,-9823.418,6933.390,-48.135,148.994,-0.856513,-0.513633,0.050670,0.515952,-0.854639,0.058193,0.013415,0.075987,0.997019,0,0.77022,0.72456,46.213,1.449,-1,400.000,-1,400.000,-1,325.000,325.000,300.000,300.000,-1,-1,-1,-1,775.000,750.000,-1,-1,2,0,2,0,2,0,0,0,0,2,2,2,2,0,0,2,2
48,-9863.617,6956.187,-47.395,150.444,-0.869198,-0.491890,0.050388,0.494227,-0.867416,0.057698,0.015327,0.075054,0.997062,0,0.77022,0.72456,46.213,1.449,-1,400.000,-1,400.000,-1,325.000,325.000,300.000,300.000,-1,-1,-1,-1,750.000,750.000,-1,-1,2,0,2,0,2,0,0,0,0,2,2,2,2,0,0,2,2
49,-9904.379,6977.959,-46.554,151.893,-0.881331,-0.469830,0.050155,0.472185,-0.879641,0.057207,0.017241,0.074101,0.997102,0,0.77022,0.72456,46.213,1.449,-1,400.000,-1,400.000,-1,325.000,325.000,300.000,300.000,-1,-1,-1,-1,750.000,750.000,-1,-1,2,0,2,0,2,0,0,0,0,2,2,2,2,0,0,2,2
50,-9945.678,6998.693,-45.646,153.342,-0.892898,-0.447463,0.050104,0.449847,-0.891298,0.056787,0.019248,0.073244,0.997128,0,0.77022,0.72456,46.213,1.449,-1,400.000,-1,400.000,-1,325.000,325.000,300.000,300.000,-1,-1,-1,-1,775.000,750.000,-1,-1,2,0,2,0,2,0,0,0,0,2,2,2,2,0,0,2,2
51,-9987.489,7018.376,-44.657,154.791,-0.903899,-0.424806,0.050069,0.427220,-0.902387,0.056404,0.021221,0.072374,0.997152,0,0.77022,0.72456,46.213,1.449,-1,400.000,-1,400.000,-1,325.000,325.000,300.000,300.000,-1,-1,-1,-1,775.000,750.000,-1,-1,2,0,2,0,2,0,0,0,0,2,2,2,2,0,0,2,2
52,-10029.784,7036.996,-43.601,156.240,-0.914329,-0.401874,0.050008,0.404314,-0.912896,0.056135,0.023093,0.071545,0.997170,0,0.77022,0.72456,46.213,1.449,-1,400.000,-1,400.000,-1,325.000,325.000,300.000,300.000,-1,-1,-1,-1,775.000,750.000,-1,-1,2,0,2,0,2,0,0,0,0,2,2,2,2,0,0,2,2
53,-10073.510,7055.154,-42.439,157.449,-0.922587,-0.382542,0.049950,0.385001,-0.921224,0.055866,0.024644,0.070773,0.997188,0,0.78912,0.60456,47.347,1.209,-1,400.000,-1,400.000,-1,325.000,325.000,300.000,300.000,-1,-1,-1,-1,775.000,750.000,-1,-1,2,0,2,0,2,0,0,0,0,2,2,2,2,0,0,2,2
54,-10117.537,7072.570,-41.212,158.418,-0.928912,-0.366924,0.049895,0.369395,-0.927607,0.055605,0.025880,0.070083,0.997205,0,0.78912,0.48456,47.347,0.969,-1,400.000,-1,400.000,-1,325.000,325.000,300.000,300.000,-1,-1,-1,-1,775.000,750.000,-1,-1,2,0,2,0,2,0,0,0,0,2,2,2,2,0,0,2,2
55,-10161.782,7089.424,-39.935,159.147,-0.933497,-0.355104,0.049840,0.357582,-0.932240,0.055352,0.026808,0.069493,0.997222,0,0.78912,0.36456,47.347,0.729,-1,400.000,-1,400.000,-1,325.000,325.000,300.000,300.000,-1,-1,-1,-1,775.000,750.000,-1,-1,2,0,2,0,2,0,0,0,0,2,2,2,2,0,0,2,2
56,-10206.170,7105.899,-38.621,159.637,-0.936489,-0.347145,0.049788,0.349622,-0.935269,0.055108,0.027435,0.069015,0.997238,0,0.78912,0.24456,47.347,0.489,-1,400.000,-1,400.000,-1,325.000,325.000,300.000,300.000,-1,-1,-1,-1,775.000,750.000,-1,-1,2,0,2,0,2,0,0,0,0,2,2,2,2,0,0,2,2
57,-10250.629,7122.182,-37.285,159.886,-0.937987,-0.343083,0.049737,0.345556,-0.936792,0.054873,0.027767,0.068657,0.997254,0,0.78912,0.12456,47.347,0.249,-1,400.000,-1,400.000,-1,325.000,325.000,300.000,300.000,-1,-1,-1,-1,750.000,750.000,-1,-1,2,0,2,0,2,0,0,0,0,2,2,2,2,0,0,2,2
58,-10295.091,7138.457,-35.940,159.895,-0.938042,-0.342940,0.049687,0.345403,-0.936862,0.054648,0.027809,0.068425,0.997269,0,0.78912,0.00456,47.347,0.009,-1,400.000,-1,400.000,-1,325.000,325.000,300.000,300.000,-1,-1,-1,-1,750.000,750.000,-1,-1,2,0,2,0,2,0,0,0,0,2,2,2,2,0,0,2,2
59,-10339.487,7154.912,-34.600,159.664,-0.936656,-0.346714,0.049640,0.349164,-0.935479,0.054434,0.027564,0.068318,0.997283,0,0.78912,-0.11544,47.347,-0.231,-1,400.000,-1,400.000,-1,325.000,325.000,300.000,300.000,-1,-1,-1,-1,750.000,750.000,-1,-1,2,0,2,0,2,0,0,0,0,2,2,2,2,0,0,2,2
60,-10383.799,7171.591,-33.279,159.374,-0.934896,-0.351439,0.049606,0.353873,-0.933723,0.054185,0.027276,0.068211,0.997298,0,0.78912,-0.14473,47.347,-0.289,-1,400.000,-1,400.000,-1,325.000,325.000,300.000,300.000,-1,-1,-1,-1,750.000,750.000,-1,-1,2,0,2,0,2,0,0,0,0,2,2,2,2,0,0,2,2
61,-10428.026,7188.493,-31.988,159.085,-0.933109,-0.356156,0.049606,0.358575,-0.931947,0.053837,0.027056,0.068023,0.997317,0,0.78912,-0.14473,47.347,-0.289,-1,400.000,-1,400.000,-1,325.000,325.000,300.000,300.000,-1,-1,-1,-1,750.000,750.000,-1,-1,2,0,2,0,2,0,0,0,0,2,2,2,2,0,0,2,2
62,-10472.168,7205.618,-30.698,158.796,-0.931297,-0.360865,0.049621,0.363269,-0.930148,0.053478,0.026857,0.067829,0.997335,0,0.78912,-0.14473,47.347,-0.289,-1,400.000,-1,400.000,-1,325.000,325.000,300.000,300.000,-1,-1,-1,-1,750.000,750.000,-1,-1,2,0,2,0,2,0,0,0,0,2,2,2,2,0,0,2,2
63,-10516.222,7222.967,-29.412,158.506,-0.929461,-0.365564,0.049640,0.367954,-0.928326,0.053105,0.026669,0.067624,0.997354,0,0.78912,-0.14473,47.347,-0.289,-1,400.000,-1,400.000,-1,325.000,325.000,300.000,300.000,-1,-1,-1,-1,750.000,750.000,-1,-1,2,0,2,0,2,0,0,0,0,2,2,2,2,0,0,2,2
64,-10560.188,7240.537,-28.140,158.217,-0.927602,-0.370254,0.049667,0.372631,-0.926479,0.052759,0.026481,0.067447,0.997371,0,0.78912,-0.14473,47.347,-0.289,-1,400.000,-1,400.000,-1,325.000,325.000,300.000,300.000,-1,-1,-1,-1,750.000,750.000,-1,-1,2,0,2,0,2,0,0,0,0,2,2,2,2,0,0,2,2
65,-10604.065,7258.330,-26.901,157.927,-0.925715,-0.374932,0.049780,0.377304,-0.924601,0.052491,0.026346,0.067374,0.997380,0,0.78912,-0.14473,47.347,-0.289,-1,400.000,-1,400.000,-1,325.000,325.000,300.000,300.000,-1,-1,-1,-1,750.000,750.000,-1,-1,2,0,2,0,2,0,0,0,0,2,2,2,2,0,0,2,2
66,-10647.851,7276.344,-25.654,157.638,-0.923806,-0.379599,0.049873,0.381966,-0.922695,0.052299,0.026165,0.067363,0.997385,0,0.78912,-0.14473,47.347,-0.289,-1,400.000,-1,400.000,-1,325.000,325.000,300.000,300.000,-1,-1,-1,-1,750.000,750.000,-1,-1,2,0,2,0,2,0,0,0,0,2,2,2,2,0,0,2,2
67,-10691.546,7294.579,-24.419,157.348,-0.921874,-0.384256,0.049964,0.386619,-0.920766,0.052114,0.025980,0.067360,0.997390,0,0.78912,-0.14473,47.347,-0.289,-1,400.000,-1,400.000,-1,325.000,325.000,300.000,300.000,-1,-1,-1,-1,750.000,750.000,-1,-1,2,0,2,0,2,0,0,0,0,2,2,2,2,0,0,2,2
68,-10735.148,7313.034,-23.196,157.059,-0.919918,-0.388903,0.050054,0.391261,-0.918813,0.051943,0.025790,0.067367,0.997395,0,0.78912,-0.14473,47.347,-0.289,-1,400.000,-1,400.000,-1,325.000,325.000,300.000,300.000,-1,-1,-1,-1,750.000,750.000,-1,-1,2,0,2,0,2,0,0,0,0,2,2,2,2,0,0,2,2
69,-10778.657,7331.709,-21.986,156.769,-0.917939,-0.393539,0.050143,0.395894,-0.916835,0.051784,0.025593,0.067386,0.997399,0,0.78912,-0.14473,47.347,-0.289,-1,400.000,-1,400.000,-1,325.000,325.000,300.000,300.000,-1,-1,-1,-1,750.000,750.000,-1,-1,2,0,2,0,2,0,0,0,0,2,2,2,2,0,0,2,2
70,-10822.070,7350.604,-20.789,156.480,-0.915937,-0.398165,0.050229,0.400517,-0.914833,0.051639,0.025391,0.067416,0.997402,0,0.78912,-0.14473,47.347,-0.289,-1,400.000,-1,400.000,-1,325.000,325.000,300.000,300.000,-1,-1,-1,-1,750.000,750.000,-1,-1,2,0,2,0,2,0,0,0,0,2,2,2,2,0,0,2,2
71,-10865.387,7369.718,-19.604,156.190,-0.913912,-0.402781,0.050315,0.405130,-0.912807,0.051508,0.025181,0.067458,0.997404,0,0.78912,-0.14473,47.347,-0.289,-1,400.000,-1,400.000,-1,325.000,325.000,300.000,300.000,-1,-1,-1,-1,750.000,750.000,-1,-1,2,0,2,0,2,0,0,0,0,2,2,2,2,0,0,2,2
72,-10908.703,7388.876,-18.419,156.141,-0.913560,-0.403570,0.050398,0.405921,-0.912462,0.051393,0.025245,0.067408,0.997406,0,0.78939,-0.02473,47.363,-0.049,-1,400.000,-1,400.000,-1,325.000,325.000,300.000,300.000,-1,-1,-1,-1,750.000,750.000,-1,-1,2,0,2,0,2,0,0,0,0,2,2,2,2,0,0,2,2
73,-10952.082,7407.890,-17.220,156.331,-0.914889,-0.400538,0.050476,0.402894,-0.913808,0.051293,0.025581,0.067264,0.997407,0,0.78939,0.09527,47.363,0.191,-1,400.000,-1,400.000,-1,325.000,325.000,300.000,300.000,-1,-1,-1,-1,750.000,750.000,-1,-1,2,0,2,0,2,0,0,0,0,2,2,2,2,0,0,2,2
74,-10995.603,7426.578,-15.995,156.762,-0.917863,-0.393666,0.050549,0.396034,-0.916807,0.051208,0.026185,0.067021,0.997408,0,0.78939,0.21527,47.363,0.431,-1,400.000,-1,400.000,-1,325.000,325.000,300.000,300.000,-1,-1,-1,-1,725.000,750.000,-1,-1,2,0,2,0,2,0,0,0,0,2,2,2,2,0,0,2,2
75,-11039.339,7444.755,-14.725,157.432,-0.922395,-0.382919,0.050596,0.385300,-0.921373,0.051134,0.027038,0.066660,0.997409,0,0.78939,0.33527,47.363,0.671,-1,375.000,-1,400.000,-1,325.000,325.000,300.000,300.000,-1,-1,-1,-1,725.000,750.000,-1,-1,2,0,2,0,2,0,0,0,0,2,2,2,2,0,0,2,2
76,-11083.359,7462.234,-13.380,158.343,-0.928351,-0.368241,0.050624,0.370638,-0.927372,0.051070,0.028141,0.066174,0.997411,0,0.78939,0.45527,47.363,0.911,-1,375.000,-1,400.000,-1,325.000,325.000,300.000,300.000,-1,-1,-1,-1,725.000,750.000,-1,-1,2,0,2,0,2,0,0,0,0,2,2,2,2,0,0,2,2
77,-11127.673,7478.950,-11.929,159.333,-0.934550,-0.352175,0.050891,0.354608,-0.933614,0.051164,0.029494,0.065862,0.997393,0,0.78939,0.49487,47.363,0.990,-1,375.000,-1,400.000,-1,325.000,325.000,300.000,300.000,-1,-1,-1,-1,725.000,750.000,-1,-1,2,0,2,0,2,0,0,0,0,2,2,2,2,0,0,2,2
78,-11172.270,7494.899,-10.424,160.322,-0.940470,-0.336002,0.051164,0.338473,-0.939577,0.051285,0.030840,0.065550,0.997373,0,0.78939,0.49487,47.363,0.990,-1,375.000,-1,400.000,-1,325.000,325.000,300.000,300.000,-1,-1,-1,-1,725.000,750.000,-1,-1,2,0,2,0,2,0,0,0,0,2,2,2,2,0,0,2,2
79,-11217.136,7510.074,-8.864,161.312,-0.946112,-0.319729,0.051433,0.322237,-0.945261,0.051430,0.032174,0.065232,0.997351,0,0.78939,0.49487,47.363,0.990,-1,375.000,-1,375.000,-1,325.000,325.000,300.000,300.000,-1,-1,-1,-1,725.000,750.000,-1,-1,2,0,2,0,2,0,0,0,0,2,2,2,2,0,0,2,2
80,-11262.258,7524.473,-7.209,162.302,-0.951469,-0.303363,0.051753,0.305906,-0.950672,0.051422,0.033601,0.064758,0.997335,0,0.78939,0.49487,47.363,0.990,-1,375.000,-1,375.000,-1,325.000,325.000,300.000,300.000,-1,-1,-1,-1,725.000,750.000,-1,-1,2,0,2,0,2,0,0,0,0,2,2,2,2,0,0,2,2
81,-11307.621,7538.090,-5.436,163.292,-0.956534,-0.286910,0.052198,0.289485,-0.955815,0.051146,0.035218,0.064033,0.997326,0,0.78939,0.49487,47.363,0.990,-1,375.000,-1,375.000,-1,325.000,325.000,300.000,300.000,-1,-1,-1,-1,725.000,750.000,-1,-1,2,0,2,0,2,0,0,0,0,2,2,2,2,0,0,2,2
82,-11353.212,7550.922,-3.610,164.281,-0.961316,-0.270369,0.052659,0.272977,-0.960673,0.050895,0.036828,0.063301,0.997315,0,0.78939,0.49487,47.363,0.990,-1,375.000,-1,400.000,-1,325.000,325.000,300.000,300.000,-1,-1,-1,-1,725.000,725.000,-1,-1,2,0,2,0,2,0,0,0,0,2,2,2,2,0,0,2,2
83,-11399.019,7562.964,-1.732,165.271,-0.965810,-0.253746,0.053135,0.256386,-0.965246,0.050668,0.038431,0.062559,0.997301,0,0.78939,0.49487,47.363,0.990,-1,375.000,-1,400.000,-1,325.000,325.000,300.000,300.000,-1,-1,-1,-1,725.000,725.000,-1,-1,2,0,2,0,2,0,0,0,0,2,2,2,2,0,0,2,2
84,-11445.027,7574.213,0.197,166.261,-0.970017,-0.237047,0.053622,0.239717,-0.969530,0.050466,0.040026,0.061807,0.997285,0,0.78939,0.49487,47.363,0.990,-1,375.000,-1,400.000,-1,325.000,325.000,300.000,300.000,-1,-1,-1,-1,725.000,725.000,-1,-1,2,0,2,0,2,0,0,0,0,2,2,2,2,0,0,2,2
85,-11490.838,7584.781,2.149,167.011,-0.973005,-0.224348,0.054122,0.227048,-0.972584,0.050295,0.041355,0.061226,0.997267,0,0.78358,0.37487,47.015,0.750,-1,375.000,-1,400.000,-1,325.000,325.000,300.000,300.000,-1,-1,-1,-1,725.000,725.000,-1,-1,2,0,2,0,2,0,0,0,0,2,2,2,2,0,0,2,2
86,-11536.742,7594.940,4.128,167.520,-0.974932,-0.215691,0.054636,0.218421,-0.974565,0.050149,0.042429,0.060825,0.997246,0,0.78358,0.25487,47.015,0.510,-1,375.000,-1,400.000,-1,325.000,325.000,300.000,300.000,-1,-1,-1,-1,700.000,725.000,-1,-1,2,0,2,0,2,0,0,0,0,2,2,2,2,0,0,2,2
87,-11582.694,7604.884,6.121,167.790,-0.975906,-0.211104,0.055161,0.213861,-0.975583,0.050022,0.043254,0.060614,0.997224,0,0.78358,0.13487,47.015,0.270,-1,375.000,-1,400.000,-1,325.000,325.000,300.000,300.000,-1,-1,-1,-1,700.000,725.000,-1,-1,2,0,2,0,2,0,0,0,0,2,2,2,2,0,0,2,2
88,-11628.673,7614.699,8.124,167.950,-0.976460,-0.208386,0.055695,0.211171,-0.976174,0.049910,0.043968,0.060497,0.997200,0,0.78358,0.07983,47.015,0.160,-1,375.000,-1,375.000,-1,325.000,325.000,300.000,300.000,-1,-1,-1,-1,700.000,725.000,-1,-1,2,0,2,0,2,0,0,0,0,2,2,2,2,0,0,2,2
89,-11674.679,7624.386,10.136,168.109,-0.977005,-0.205666,0.056236,0.208481,-0.976757,0.049811,0.044685,0.060390,0.997174,0,0.78358,0.07983,47.015,0.160,-1,375.000,-1,375.000,-1,325.000,325.000,300.000,300.000,-1,-1,-1,-1,700.000,700.000,-1,-1,2,0,2,0,2,0,0,0,0,2,2,2,2,0,0,2,2
90,-11720.712,7633.945,12.158,168.269,-0.977542,-0.202944,0.056783,0.205789,-0.977332,0.049725,0.045405,0.060294,0.997147,0,0.78358,0.07983,47.015,0.160,-1,375.000,-1,375.000,-1,300.000,325.000,300.000,300.000,-1,-1,-1,-1,700.000,700.000,-1,-1,2,0,2,0,2,0,0,0,0,2,2,2,2,0,0,2,2
91,-11766.771,7643.375,14.246,168.429,-0.978074,-0.200219,0.057297,0.203103,-0.977885,0.049893,0.046040,0.060436,0.997110,0,0.78358,0.07983,47.015,0.160,-1,375.000,-1,375.000,-1,300.000,300.000,300.000,300.000,-1,-1,-1,-1,700.000,700.000,-1,-1,2,0,2,0,2,0,0,0,0,2,2,2,2,0,0,2,2
92,-11812.857,7652.676,16.501,168.588,-0.978572,-0.197483,0.058284,0.200462,-0.978392,0.050631,0.047026,0.061230,0.997015,0,0.78358,0.07983,47.015,0.160,-1,375.000,-1,375.000,-1,300.000,300.000,300.000,300.000,-1,-1,-1,-1,700.000,700.000,-1,-1,2,0,2,0,2,0,0,0,0,2,2,2,2,0,0,2,2
93,-11858.969,7661.849,18.804,168.748,-0.979069,-0.194748,0.059140,0.197811,-0.978898,0.051276,0.047906,0.061901,0.996932,0,0.78358,0.07983,47.015,0.160,-1,375.000,-1,375.000,-1,300.000,300.000,325.000,300.000,-1,-1,-1,-1,700.000,700.000,-1,-1,2,0,2,0,2,0,0,0,0,2,2,2,2,0,0,2,2
94,-11905.105,7670.894,21.365,168.908,-0.979542,-0.192022,0.060207,0.195137,-0.979450,0.050974,0.049181,0.061679,0.996884,0,0.78358,0.07983,47.015,0.160,-1,375.000,-1,375.000,-1,300.000,300.000,325.000,300.000,-1,-1,-1,-1,700.000,700.000,-1,-1,2,0,2,0,2,0,0,0,0,2,2,2,2,0,0,2,2
95,-11951.267,7679.811,23.961,169.067,-0.980003,-0.189295,0.061331,0.192461,-0.980000,0.050594,0.050527,0.061386,0.996834,0,0.78358,0.07983,47.015,0.160,-1,375.000,-1,375.000,-1,300.000,300.000,325.000,300.000,-1,-1,-1,-1,700.000,700.000,-1,-1,2,0,2,0,2,0,0,0,0,2,2,2,2,0,0,2,2
96,-11997.454,7688.599,26.571,169.227,-0.980454,-0.186567,0.062465,0.189783,-0.980540,0.050227,0.051879,0.061100,0.996782,0,0.78358,0.07983,47.015,0.160,-1,375.000,-1,375.000,-1,300.000,300.000,325.000,300.000,-1,975.000,975.000,-1,725.000,700.000,-1,-1,2,0,2,0,2,0,0,0,0,2,0,0,2,0,0,2,2
97,-12043.664,7697.258,29.193,169.387,-0.980896,-0.183837,0.063609,0.187104,-0.981073,0.049874,0.053236,0.060823,0.996728,0,0.78358,0.07983,47.015,0.160,-1,375.000,-1,375.000,-1,325.000,325.000,325.000,300.000,-1,925.000,925.000,-1,725.000,700.000,-1,-1,2,0,2,0,2,0,0,0,0,2,0,0,2,0,0,2,2
98,-12089.899,7705.788,31.828,169.546,-0.981329,-0.181105,0.064762,0.184424,-0.981598,0.049534,0.054599,0.060553,0.996671,0,0.78358,0.07983,47.015,0.160,-1,375.000,-1,375.000,-1,325.000,325.000,325.000,300.000,-1,875.000,850.000,-1,725.000,700.000,-1,-1,2,0,2,0,2,0,0,0,0,2,0,0,2,0,0,2,2
99,-12136.158,7714.190,34.476,169.706,-0.981752,-0.178372,0.065923,0.181742,-0.982114,0.049208,0.055967,0.060291,0.996611,0,0.78358,0.07983,47.015,0.160,-1,375.000,-1,375.000,-1,325.000,325.000,325.000,325.000,-1,825.000,800.000,-1,725.000,725.000,-1,-1,2,0,2,0,2,0,0,0,0,2,0,0,2,0,0,2,2
100,-12182.439,7722.462,37.137,169.866,-0.982166,-0.175637,0.067094,0.179059,-0.982623,0.048894,0.057340,0.060036,0.996548,0,0.78358,0.07983,47.015,0.160,-1,375.000,-1,375.000,-1,325.000,325.000,325.000,325.000,-1,775.000,775.000,-1,725.000,725.000,-1,-1,2,0,2,0,2,0,0,0,0,2,0,0,2,0,0,2,2
101,-12228.744,7730.606,39.810,170.025,-0.982570,-0.172901,0.068272,0.176375,-0.983123,0.048593,0.058718,0.059788,0.996483,0,0.78358,0.07983,47.015,0.160,-1,375.000,-1,375.000,-1,325.000,325.000,325.000,325.000,-1,750.000,725.000,-1,725.000,725.000,-1,-1,2,0,2,0,2,0,0,0,0,2,0,0,2,0,0,2,2
102,-12275.071,7738.620,42.496,170.185,-0.982965,-0.170163,0.069459,0.173689,-0.983615,0.048306,0.060101,0.059547,0.996415,0,0.78358,0.07983,47.015,0.160,-1,375.000,-1,375.000,-1,325.000,325.000,325.000,325.000,-1,725.000,700.000,-1,725.000,725.000,-1,-1,2,0,2,0,2,0,0,0,0,2,0,0,2,0,0,2,2
103,-12321.420,7746.506,45.194,170.345,-0.983350,-0.167424,0.070653,0.171003,-0.984099,0.048030,0.061488,0.059312,0.996344,0,0.78358,0.07983,47.015,0.160,-1,375.000,-1,375.000,-1,325.000,325.000,325.000,300.000,-1,675.000,675.000,-1,725.000,725.000,-1,-1,2,0,2,0,2,0,0,0,0,2,0,0,2,0,0,2,2
104,-12367.791,7754.262,47.904,170.504,-0.983726,-0.164683,0.071854,0.168315,-0.984575,0.047768,0.062879,0.059084,0.996271,0,0.78358,0.07983,47.015,0.160,-1,375.000,-1,375.000,-1,325.000,325.000,325.000,300.000,-1,650.000,650.000,-1,750.000,725.000,-1,-1,2,0,2,0,2,0,0,0,0,2,0,0,2,0,0,2,2
105,-12414.183,7761.889,50.636,170.664,-0.984101,-0.161941,0.072946,0.165622,-0.985041,0.047577,0.064150,0.058902,0.996200,0,0.78358,0.07983,47.015,0.160,-1,375.000,-1,375.000,-1,325.000,325.000,325.000,300.000,-1,650.000,650.000,-1,750.000,725.000,-1,-1,2,0,2,0,2,0,0,0,0,2,0,0,2,0,0,2,2
106,-12460.597,7769.386,53.543,170.824,-0.984480,-0.159191,0.073875,0.162958,-0.985460,0.048093,0.065144,0.059385,0.996107,0,0.78358,0.07983,47.015,0.160,-1,400.000,-1,375.000,-1,325.000,325.000,325.000,300.000,-1,625.000,625.000,-1,750.000,725.000,-1,-1,2,0,2,0,2,0,0,0,0,2,0,0,2,0,0,2,2
107,-12507.031,7776.754,56.558,170.983,-0.984867,-0.156442,0.074584,0.160270,-0.985885,0.048426,0.065955,0.059646,0.996038,0,0.78358,0.07983,47.015,0.160,-1,400.000,-1,375.000,-1,325.000,325.000,325.000,300.000,-1,625.000,650.000,-1,750.000,725.000,-1,-1,2,0,2,0,2,0,0,0,0,2,0,0,2,0,0,2,2
108,-12553.485,7783.993,59.801,171.143,-0.985265,-0.153698,0.075033,0.157524,-0.986347,0.048013,0.066629,0.059125,0.996024,0,0.78358,0.07983,47.015,0.160,-1,400.000,-1,375.000,-1,325.000,325.000,325.000,300.000,-1,650.000,675.000,-1,750.000,725.000,-1,-1,2,0,2,0,2,0,0,0,0,2,0,0,2,0,0,2,2
109,-12599.959,7791.102,63.061,171.303,-0.985654,-0.150954,0.075487,0.154775,-0.986802,0.047599,0.067306,0.058600,0.996010,0,0.78358,0.07983,47.015,0.160,-1,400.000,-1,375.000,-1,325.000,325.000,325.000,300.000,-1,675.000,700.000,-1,750.000,725.000,-1,-1,2,0,2,0,2,0,0,0,0,2,0,0,2,0,0,2,2
110,-12646.453,7798.083,66.334,171.462,-0.986036,-0.148208,0.075940,0.152025,-0.987249,0.047190,0.067978,0.058076,0.995995,0,0.78358,0.07983,47.015,0.160,-1,400.000,-1,375.000,-1,325.000,325.000,325.000,300.000,-1,700.000,725.000,-1,750.000,725.000,-1,-1,2,0,2,0,2,0,0,0,0,2,0,0,2,0,0,2,2
111,-12692.967,7804.933,69.622,171.622,-0.986410,-0.145461,0.076393,0.149273,-0.987689,0.046787,0.068647,0.057555,0.995979,0,0.78358,0.07983,47.015,0.160,-1,400.000,-1,375.000,-1,325.000,325.000,325.000,300.000,-1,725.000,725.000,-1,775.000,725.000,-1,-1,2,0,2,0,2,0,0,0,0,2,0,0,2,0,0,2,2
112,-12739.499,7811.654,72.923,171.782,-0.986777,-0.142712,0.076846,0.146519,-0.988120,0.046390,0.069312,0.057035,0.995963,0,0.78358,0.07983,47.015,0.160,-1,400.000,-1,375.000,-1,325.000,325.000,325.000,300.000,-1,750.000,750.000,-1,775.000,725.000,-1,-1,2,0,2,0,2,0,0,0,0,2,0,0,2,0,0,2,2
113,-12786.049,7818.245,76.237,171.941,-0.987135,-0.139962,0.077297,0.143764,-0.988542,0.045997,0.069974,0.056518,0.995946,0,0.78358,0.07983,47.015,0.160,-1,400.000,-1,375.000,-1,325.000,325.000,325.000,300.000,-1,750.000,775.000,-1,775.000,750.000,-1,-1,2,0,2,0,2,0,0,0,0,2,0,0,2,0,0,2,2
114,-12837.402,7825.152,79.919,172.341,-0.988049,-0.133070,0.077789,0.136859,-0.989541,0.045583,0.070910,0.055684,0.995927,0,0.86358,0.19983,51.815,0.400,-1,400.000,-1,375.000,-1,325.000,325.000,325.000,300.000,-1,775.000,800.000,-1,775.000,750.000,-1,-1,2,0,2,0,2,0,0,0,0,2,0,0,2,0,0,2,2
115,-12890.155,7831.783,83.729,172.836,-0.989123,-0.124522,0.078290,0.128297,-0.990707,0.045171,0.071937,0.054724,0.995907,0,0.88614,0.24751,53.168,0.495,-1,400.000,-1,375.000,-1,325.000,325.000,325.000,300.000,-1,800.000,825.000,-1,775.000,750.000,-1,-1,2,0,2,0,2,0,0,0,0,2,0,0,2,0,0,2,2
116,-12942.964,7837.958,87.570,173.331,-0.990124,-0.115964,0.078788,0.119723,-0.991797,0.044768,0.072950,0.053759,0.995886,0,0.88614,0.24751,53.168,0.495,-1,400.000,-1,400.000,-1,325.000,325.000,325.000,300.000,-1,825.000,850.000,-1,775.000,750.000,-1,-1,2,0,2,0,2,0,0,0,0,2,0,0,2,0,0,2,2
117,-12995.823,7843.677,91.441,173.826,-0.991050,-0.107397,0.079284,0.111138,-0.992814,0.044373,0.073948,0.052788,0.995864,0,0.88614,0.24751,53.168,0.495,-1,400.000,-1,400.000,-1,325.000,325.000,325.000,300.000,-1,850.000,875.000,-1,800.000,750.000,-1,-1,2,0,2,0,2,0,0,0,0,2,0,0,2,0,0,2,2
118,-13048.731,7848.938,95.325,174.321,-0.991899,-0.098821,0.079820,0.102540,-0.993759,0.043920,0.074981,0.051749,0.995841,0,0.88614,0.24751,53.168,0.495,-1,400.000,-1,400.000,-1,325.000,325.000,325.000,300.000,-1,875.000,900.000,-1,800.000,750.000,-1,-1,2,0,2,0,2,0,0,0,0,2,0,0,2,0,0,2,2
119,-13101.681,7853.743,99.248,174.816,-0.992678,-0.090236,0.080295,0.093934,-0.994627,0.043524,0.075937,0.050747,0.995820,0,0.88614,0.24751,53.168,0.495,-1,400.000,-1,400.000,-1,325.000,325.000,325.000,300.000,-1,900.000,925.000,-1,800.000,750.000,-1,-1,2,0,2,0,2,0,0,0,0,2,0,0,2,0,0,2,2
120,-13154.671,7858.090,103.203,175.311,-0.993428,-0.081645,0.080215,0.085280,-0.995429,0.042992,0.076338,0.049550,0.995850,0,0.88614,0.24751,53.168,0.495,-1,400.000,-1,400.000,-1,325.000,325.000,325.000,300.000,-1,950.000,975.000,-1,825.000,775.000,-1,-1,2,0,2,0,2,0,0,0,0,2,0,0,2,0,0,2,2
121,-13207.697,7861.979,107.173,175.806,-0.994132,-0.073046,0.079782,0.076608,-0.996154,0.042532,0.076369,0.048394,0.995905,0,0.88614,0.24751,53.168,0.495,-1,400.000,-1,400.000,-1,325.000,325.000,325.000,300.000,-1,1000.000,-1,-1,825.000,775.000,-1,-1,2,0,2,0,2,0,0,0,0,2,0,2,2,0,0,2,2
122,-13260.754,7865.410,111.169,176.301,-0.994762,-0.064440,0.079344,0.067928,-0.996803,0.042064,0.076380,0.047233,0.995959,0,0.88614,0.24751,53.168,0.495,-1,400.000,-1,400.000,-1,325.000,325.000,325.000,300.000,-1,-1,-1,-1,825.000,775.000,-1,-1,2,0,2,0,2,0,0,0,0,2,2,2,2,0,0,2,2
123,-13314.011,7868.391,115.203,176.797,-0.995319,-0.055807,0.078899,0.059219,-0.997378,0.041586,0.076372,0.046064,0.996015,0,0.88901,0.24814,53.341,0.496,-1,400.000,-1,400.000,-1,325.000,325.000,325.000,300.000,-1,-1,-1,-1,825.000,775.000,-1,-1,2,0,2,0,2,0,0,0,0,2,2,2,2,0,0,2,2
124,-13367.785,7870.935,119.298,177.292,-0.995801,-0.047194,0.078445,0.050529,-0.997877,0.041095,0.076339,0.044886,0.996071,0,0.89724,0.24742,53.834,0.495,-1,400.000,-1,400.000,-1,325.000,325.000,325.000,300.000,-1,-1,-1,-1,850.000,800.000,-1,-1,2,0,2,0,2,0,0,0,0,2,2,2,2,0,0,2,2
125,-13422.243,7873.050,123.468,177.777,-0.996201,-0.038757,0.077979,0.042016,-0.998292,0.040588,0.076273,0.043711,0.996128,0,0.90832,0.24222,54.499,0.484,-1,400.000,-1,400.000,-1,325.000,325.000,325.000,300.000,-1,-1,-1,-1,850.000,800.000,-1,-1,2,0,2,0,2,0,0,0,0,2,2,2,2,0,0,2,2
126,-13477.390,7874.751,127.710,178.234,-0.996517,-0.030783,0.077503,0.033964,-0.998620,0.040067,0.076163,0.042560,0.996187,0,0.91955,0.22885,55.173,0.458,-1,400.000,-1,400.000,-1,325.000,325.000,325.000,300.000,-1,-1,-1,-1,850.000,800.000,-1,-1,2,0,2,0,2,0,0,0,0,2,2,2,2,0,0,2,2
127,-13533.190,7876.042,132.022,178.675,-0.996762,-0.023102,0.077017,0.026206,-0.998875,0.039532,0.076017,0.041423,0.996246,0,0.93025,0.22034,55.815,0.441,-1,400.000,-1,400.000,-1,325.000,325.000,325.000,300.000,-1,-1,-1,-1,850.000,800.000,-1,-1,2,0,2,0,2,0,0,0,0,2,2,2,2,0,0,2,2
128,-13589.620,7876.931,136.401,179.098,-0.996944,-0.015733,0.076521,0.018759,-0.999064,0.038984,0.075836,0.040300,0.996306,0,0.94062,0.21135,56.437,0.423,-1,400.000,-1,400.000,-1,325.000,325.000,325.000,300.000,-1,-1,-1,-1,875.000,825.000,-1,-1,2,0,2,0,2,0,0,0,0,2,2,2,2,0,0,2,2
129,-13646.654,7877.428,140.843,179.502,-0.997069,-0.008693,0.076016,0.011641,-0.999194,0.038422,0.075621,0.039195,0.996366,0,0.95062,0.20187,57.037,0.404,-1,400.000,-1,400.000,-1,325.000,325.000,325.000,300.000,-1,-1,-1,-1,875.000,825.000,-1,-1,2,0,2,0,2,0,0,0,0,2,2,2,2,1,0,2,2
130,-13704.267,7877.544,145.346,179.885,-0.997144,-0.001999,0.075502,0.004869,-0.999272,0.037849,0.075371,0.038108,0.996427,0,0.96022,0.19193,57.613,0.384,-1,425.000,-1,400.000,-1,325.000,325.000,325.000,300.000,-1,-1,-1,-1,825.000,825.000,-1,-1,2,0,2,0,2,0,0,0,0,2,2,2,2,1,1,2,2
131,-13762.431,7877.293,149.906,180.248,-0.997176,0.004334,0.074979,-0.001541,-0.999304,0.037264,0.075088,0.037043,0.996489,0,0.96941,0.18155,58.165,0.363,-1,425.000,-1,400.000,-1,325.000,325.000,325.000,300.000,-1,-1,-1,-1,800.000,775.000,-1,-1,2,0,2,0,2,0,0,0,0,2,2,2,2,1,1,2,2
132,-13821.117,7876.689,153.876,180.590,-0.997246,0.010290,0.073445,-0.007599,-0.999293,0.036825,0.073772,0.036165,0.996619,0,0.97815,0.17074,58.689,0.341,-1,425.000,-1,400.000,-1,325.000,325.000,325.000,300.000,-1,-1,-1,-1,750.000,725.000,-1,-1,2,0,2,0,2,0,0,0,0,2,2,2,2,1,1,2,2
133,-13880.294,7875.751,157.710,180.909,-0.997321,0.015855,0.071408,-0.013287,-0.999253,0.036299,0.071930,0.035253,0.996786,0,0.98642,0.15954,59.185,0.319,-1,425.000,-1,400.000,-1,325.000,325.000,325.000,300.000,-1,-1,-1,-1,700.000,700.000,-1,975.000,2,0,2,0,2,0,0,0,0,2,2,2,2,1,1,2,1
134,-13939.932,7874.497,161.584,181.205,-0.997371,0.021017,0.069351,-0.018570,-0.999188,0.035743,0.070046,0.034362,0.996952,0,0.99419,0.14795,59.651,0.296,-1,425.000,-1,400.000,-1,325.000,325.000,300.000,300.000,-1,-1,-1,-1,675.000,650.000,-1,875.000,2,0,2,0,2,0,0,0,0,2,2,2,2,1,1,2,1
135,-13999.911,7872.951,165.489,181.477,-0.997402,0.025762,0.067280,-0.023434,-0.999107,0.035161,0.068125,0.033493,0.997114,0,1.00000,0.13603,60.000,0.272,-1,400.000,975.000,400.000,-1,325.000,325.000,300.000,300.000,-1,-1,-1,-1,625.000,600.000,950.000,775.000,2,0,1,0,2,0,0,0,0,2,2,2,2,1,1,1,1
136,-14059.884,7871.146,169.401,181.725,-0.997418,0.030081,0.065205,-0.027869,-0.999014,0.034559,0.066181,0.032652,0.997273,0,1.00000,0.12382,60.000,0.248,-1,400.000,900.000,400.000,-1,325.000,325.000,300.000,300.000,-1,-1,-1,-1,575.000,550.000,850.000,700.000,2,0,1,0,2,0,0,0,0,2,2,2,2,1,1,1,1
137,-14119.845,7869.002,173.322,182.049,-0.997365,0.035734,0.063129,-0.033639,-0.998858,0.033937,0.064269,0.031724,0.997428,0,1.00000,0.16209,60.000,0.324,-1,400.000,825.000,375.000,-1,325.000,325.000,300.000,300.000,-1,-1,-1,-1,550.000,525.000,750.000,625.000,2,1,1,1,2,0,0,0,0,2,2,2,2,1,1,1,1
138,-14179.803,7866.769,177.244,182.133,-0.997441,0.037202,0.061050,-0.035215,-0.998825,0.033303,0.062217,0.031068,0.997579,0,1.00000,0.04209,60.000,0.084,-1,375.000,750.000,350.000,725.000,325.000,300.000,300.000,300.000,-1,-1,-1,-1,500.000,475.000,650.000,550.000,2,1,1,1,1,1,1,0,0,2,2,2,2,1,1,1,1
