timestep,x_cm,y_cm,z_cm,yaw_deg,basis_xx,basis_xy,basis_xz,basis_yx,basis_yy,basis_yz,basis_zx,basis_zy,basis_zz,teleport_flag,throttle_cmd,steering_cmd,cmd_move_cm,cmd_turn_deg,lidar_cm_0,lidar_cm_1,lidar_cm_2,lidar_cm_3,lidar_cm_4,lidar_cm_5,lidar_cm_6,lidar_cm_7,lidar_cm_8,lidar_cm_9,lidar_cm_10,lidar_cm_11,lidar_cm_12,lidar_cm_13,lidar_cm_14,lidar_cm_15,lidar_cm_16,lidar_class_0,lidar_class_1,lidar_class_2,lidar_class_3,lidar_class_4,lidar_class_5,lidar_class_6,lidar_class_7,lidar_class_8,lidar_class_9,lidar_class_10,lidar_class_11,lidar_class_12,lidar_class_13,lidar_class_14,lidar_class_15,lidar_class_16
0,4260.729,980.021,-29.939,-126.153,-0.589686,0.807291,-0.023482,-0.807532,-0.589822,0.001408,-0.012714,0.019793,0.999723,1,0.08000,-0.07049,4.800,-0.141,-1,400.000,-1,375.000,450.000,325.000,300.000,300.000,300.000,-1,-1,-1,-1,750.000,575.000,-1,525.000,2,0,2,0,1,0,0,0,0,2,2,2,2,0,1,2,1
1,4255.046,972.284,-30.036,-126.294,-0.591683,0.805832,-0.023366,-0.806069,-0.591820,0.001305,-0.012777,0.019607,0.999726,0,0.16000,-0.07090,9.600,-0.142,-1,400.000,-1,375.000,425.000,325.000,300.000,300.000,300.000,-1,-1,-1,-1,750.000,550.000,-1,500.000,2,0,2,0,1,0,0,0,0,2,2,2,2,0,1,2,1
2,4246.493,960.699,-30.179,-126.438,-0.593709,0.804346,-0.023184,-0.804577,-0.593847,0.001152,-0.012841,0.019337,0.999731,0,0.24000,-0.07201,14.400,-0.144,-1,400.000,-1,375.000,425.000,325.000,300.000,300.000,300.000,-1,-1,-1,-1,725.000,550.000,-1,500.000,2,0,2,0,1,0,0,0,0,2,2,2,2,0,1,2,1
3,4235.050,945.282,-30.351,-126.586,-0.595784,0.802817,-0.022954,-0.803042,-0.595921,0.001039,-0.012845,0.019052,0.999736,0,0.32000,-0.07384,19.200,-0.148,-1,375.000,-1,375.000,425.000,325.000,300.000,300.000,300.000,-1,-1,-1,-1,725.000,550.000,-1,475.000,2,0,2,0,1,0,0,0,0,2,2,2,2,0,1,2,1
4,4220.693,926.049,-30.535,-126.739,-0.597928,0.801228,-0.022692,-0.801448,-0.598063,0.001045,-0.012734,0.018811,0.999742,0,0.40000,-0.07640,24.000,-0.153,-1,375.000,-1,375.000,400.000,325.000,300.000,300.000,300.000,-1,-1,-1,-1,725.000,525.000,-1,450.000,2,0,2,0,1,0,0,0,0,2,2,2,2,0,1,2,1
5,4203.402,903.018,-30.750,-126.898,-0.600162,0.799566,-0.022361,-0.799779,-0.600293,0.001067,-0.012570,0.018524,0.999749,0,0.48000,-0.07971,28.800,-0.159,-1,375.000,-1,375.000,375.000,325.000,300.000,300.000,300.000,-1,-1,-1,-1,725.000,500.000,-1,450.000,2,0,2,0,1,0,0,0,0,2,2,2,2,0,1,2,1
6,4183.150,876.207,-31.044,-127.066,-0.602514,0.797814,-0.021675,-0.798016,-0.602635,0.001122,-0.012167,0.017973,0.999764,0,0.56000,-0.08380,33.600,-0.168,-1,375.000,-1,375.000,350.000,325.000,300.000,300.000,300.000,-1,-1,-1,-1,725.000,500.000,-1,400.000,2,0,2,0,1,0,0,0,0,2,2,2,2,0,1,2,1
7,4159.910,845.638,-31.415,-127.243,-0.605003,0.795956,-0.020618,-0.796140,-0.605111,0.001220,-0.011505,0.017153,0.999787,0,0.64000,-0.08870,38.400,-0.177,-1,375.000,-1,375.000,325.000,325.000,300.000,300.000,300.000,-1,-1,-1,-1,725.000,475.000,-1,375.000,2,0,2,1,1,0,0,0,0,2,2,2,2,0,1,2,1
8,4133.652,811.334,-31.809,-127.432,-0.607648,0.793968,-0.019434,-0.794134,-0.607742,0.001365,-0.010727,0.016263,0.999810,0,0.72000,-0.09446,43.200,-0.189,-1,375.000,-1,375.000,300.000,325.000,300.000,300.000,300.000,-1,-1,-1,-1,725.000,450.000,-1,350.000,2,0,2,1,1,0,0,0,0,2,2,2,2,0,1,2,1
9,4104.342,773.322,-32.215,-127.634,-0.610472,0.791830,-0.018126,-0.791977,-0.610549,0.001572,-0.009822,0.015315,0.999834,0,0.80000,-0.10110,48.000,-0.202,-1,375.000,-1,350.000,275.000,325.000,300.000,325.000,300.000,-1,-1,-1,-1,725.000,425.000,-1,325.000,2,0,2,1,1,0,0,0,0,2,2,2,2,0,1,2,1
10,4074.334,734.707,-32.603,-127.852,-0.613496,0.789520,-0.016791,-0.789648,-0.613557,0.001804,-0.008878,0.014366,0.999857,0,0.81507,-0.10868,48.904,-0.217,-1,375.000,-1,325.000,250.000,325.000,300.000,325.000,300.000,-1,-1,-1,-1,725.000,400.000,-1,275.000,2,0,2,1,1,0,0,0,0,2,2,2,2,0,1,2,1
11,4044.275,696.351,-32.961,-128.085,-0.616725,0.787027,-0.015461,-0.787139,-0.616772,0.002055,-0.007918,0.013437,0.999878,0,0.81218,-0.11655,48.731,-0.233,-1,375.000,-1,300.000,200.000,300.000,300.000,325.000,300.000,-1,-1,-1,-1,725.000,375.000,-1,250.000,2,0,2,1,1,0,0,0,1,2,2,2,2,0,1,2,1
12,4014.174,658.283,-33.283,-128.334,-0.620159,0.784348,-0.014145,-0.784445,-0.620193,0.002371,-0.006913,0.012567,0.999897,0,0.80886,-0.12449,48.531,-0.249,-1,375.000,-1,275.000,175.000,300.000,300.000,325.000,300.000,-1,-1,-1,-1,725.000,350.000,-1,200.000,2,0,2,1,1,0,1,0,1,2,2,2,2,0,1,2,1
13,3984.037,620.530,-31.221,-128.599,-0.623866,0.781530,-0.001642,-0.781531,-0.623860,0.002753,0.001127,0.003001,0.999995,0,0.80510,-0.13249,48.306,-0.265,-1,400.000,-1,275.000,175.000,325.000,275.000,300.000,275.000,-1,550.000,750.000,-1,750.000,350.000,-1,175.000,2,0,2,1,1,0,1,0,1,2,0,0,2,1,1,2,1
14,3951.264,579.628,-27.148,-128.704,-0.625050,0.780315,0.020506,-0.780435,-0.625229,0.003176,0.015299,-0.014019,0.999785,0,0.87354,-0.05236,52.413,-0.105,-1,425.000,-1,275.000,150.000,350.000,275.000,300.000,275.000,-1,250.000,450.000,-1,775.000,350.000,-1,175.000,2,0,2,1,1,0,1,0,1,2,0,0,2,1,1,2,1
15,3918.332,538.699,-23.033,-128.824,-0.625933,0.778704,0.042765,-0.779312,-0.626625,0.003714,0.029690,-0.031003,0.999078,0,0.87553,-0.06011,52.532,-0.120,-1,450.000,-1,275.000,150.000,350.000,275.000,275.000,275.000,975.000,175.000,325.000,-1,825.000,375.000,-1,175.000,2,0,2,1,1,1,1,0,1,0,0,0,2,1,1,2,1
16,3885.251,497.781,-18.834,-128.961,-0.626518,0.776678,0.065168,-0.778155,-0.628058,0.004147,0.044150,-0.048113,0.997866,0,0.87694,-0.06845,52.616,-0.137,-1,475.000,-1,275.000,150.000,350.000,300.000,275.000,275.000,700.000,125.000,250.000,-1,875.000,375.000,-1,175.000,2,1,2,1,1,1,1,0,1,0,0,0,2,1,1,2,1
17,3852.033,456.916,-14.551,-129.116,-0.626815,0.774217,0.087696,-0.776958,-0.629537,0.004445,0.058650,-0.065350,0.996137,0,0.87768,-0.07743,52.661,-0.155,-1,475.000,-1,300.000,150.000,350.000,300.000,275.000,250.000,550.000,75.000,225.000,-1,950.000,400.000,-1,175.000,2,1,2,1,1,1,1,0,1,0,0,0,2,1,1,2,1
18,3818.693,416.152,-10.261,-129.290,-0.626990,0.771371,0.108948,-0.775664,-0.631129,0.004598,0.072307,-0.081624,0.994037,0,0.87765,-0.08710,52.659,-0.174,-1,500.000,-1,300.000,150.000,375.000,300.000,250.000,250.000,450.000,50.000,200.000,-1,-1,450.000,-1,175.000,2,1,2,1,1,1,1,0,1,0,0,0,2,2,1,2,1
19,3785.249,375.544,-6.763,-129.485,-0.627513,0.768325,0.126111,-0.774126,-0.633015,0.004653,0.083405,-0.094706,0.992005,0,0.87675,-0.09751,52.605,-0.195,-1,500.000,-1,300.000,150.000,375.000,300.000,250.000,250.000,375.000,50.000,200.000,-1,-1,475.000,-1,175.000,2,1,2,1,1,1,1,0,1,0,0,0,2,2,1,2,1
20,3754.886,338.618,-3.901,-129.440,-0.624966,0.768005,0.139949,-0.775163,-0.631739,0.005201,0.092406,-0.105233,0.990145,0,0.79675,0.02249,47.805,0.045,-1,500.000,-1,325.000,150.000,375.000,325.000,250.000,225.000,350.000,25.000,175.000,-1,-1,550.000,-1,200.000,2,1,2,1,1,1,1,0,1,0,0,0,2,2,1,2,1
21,3727.736,305.264,-1.638,-129.155,-0.619442,0.770442,0.150699,-0.778715,-0.627345,0.006398,0.099470,-0.113389,0.988559,0,0.71675,0.14249,43.005,0.285,-1,525.000,-1,325.000,150.000,375.000,325.000,250.000,225.000,325.000,25.000,175.000,-1,-1,625.000,-1,200.000,2,1,2,1,1,1,1,0,1,0,0,0,2,2,1,2,1
22,-327.976,-9511.018,-13.731,97.168,-0.125008,-0.991386,0.039079,0.992138,-0.124671,0.010966,-0.006000,0.040143,0.999176,1,0.00000,0.00000,41.487,0.306,-1,375.000,-1,400.000,-1,325.000,325.000,300.000,300.000,-1,675.000,425.000,725.000,725.000,800.000,-1,-1,2,0,2,0,2,0,0,0,0,2,1,1,1,0,0,2,2
23,-328.585,-9506.257,-13.760,97.297,-0.127253,-0.991095,0.039200,0.991852,-0.126914,0.011039,-0.005966,0.040285,0.999170,0,0.08000,0.06484,4.800,0.130,-1,375.000,-1,400.000,-1,325.000,325.000,300.000,300.000,-1,675.000,450.000,750.000,725.000,800.000,-1,-1,2,0,2,0,2,0,0,0,0,2,1,1,1,0,0,2,2
24,-329.826,-9496.738,-13.815,97.427,-0.129509,-0.990794,0.039437,0.991560,-0.129164,0.011179,-0.005983,0.040552,0.999160,0,0.16000,0.06510,9.600,0.130,-1,375.000,-1,400.000,-1,325.000,325.000,300.000,300.000,-1,675.000,450.000,750.000,725.000,800.000,-1,-1,2,0,2,0,2,0,0,0,0,2,1,1,1,0,0,2,2
25,-331.721,-9482.463,-13.897,97.559,-0.131786,-0.990479,0.039792,0.991260,-0.131432,0.011386,-0.006048,0.040945,0.999143,0,0.24000,0.06566,14.400,0.131,-1,375.000,-1,400.000,-1,325.000,325.000,300.000,300.000,-1,675.000,475.000,775.000,725.000,800.000,-1,-1,2,0,2,0,2,0,0,0,0,2,1,1,1,0,0,2,2
26,-334.291,-9463.436,-14.004,97.692,-0.134096,-0.990150,0.040269,0.990949,-0.133730,0.011659,-0.006159,0.041468,0.999121,0,0.32000,0.06656,19.200,0.133,-1,375.000,-1,400.000,-1,325.000,325.000,300.000,300.000,-1,700.000,475.000,775.000,700.000,800.000,-1,-1,2,0,2,0,2,0,0,0,0,2,1,1,1,0,0,2,2
27,-337.560,-9439.659,-14.132,97.828,-0.136454,-0.989803,0.040871,0.990626,-0.136072,0.011999,-0.006315,0.042125,0.999092,0,0.40000,0.06788,24.000,0.136,-1,375.000,-1,400.000,-1,325.000,325.000,300.000,300.000,-1,725.000,500.000,775.000,700.000,800.000,-1,-1,2,0,2,0,2,0,0,0,0,2,1,1,1,0,0,2,2
28,-341.552,-9411.137,-14.280,97.967,-0.138878,-0.989435,0.041601,0.990288,-0.138476,0.012404,-0.006512,0.042919,0.999057,0,0.48000,0.06972,28.800,0.139,-1,375.000,-1,400.000,-1,325.000,325.000,300.000,300.000,-1,750.000,550.000,775.000,700.000,800.000,-1,-1,2,0,2,0,2,0,0,0,0,2,1,1,1,0,0,2,2
29,-346.293,-9377.874,-14.444,98.111,-0.141389,-0.989043,0.042465,0.989931,-0.140963,0.012875,-0.006748,0.043857,0.999015,0,0.56000,0.07219,33.600,0.144,-1,375.000,-1,400.000,-1,325.000,325.000,300.000,300.000,-1,775.000,575.000,800.000,700.000,800.000,-1,-1,2,0,2,0,2,0,0,0,0,2,1,1,1,0,0,2,2
30,-351.812,-9339.872,-14.621,98.262,-0.144014,-0.988621,0.043467,0.989551,-0.143560,0.013410,-0.007017,0.044944,0.998965,0,0.64000,0.07543,38.400,0.151,-1,375.000,-1,400.000,-1,325.000,325.000,300.000,300.000,-1,800.000,600.000,800.000,700.000,800.000,-1,-1,2,0,2,0,2,0,0,0,0,2,1,1,1,0,0,2,2
31,-358.140,-9297.138,-14.806,98.421,-0.146785,-0.988162,0.044616,0.989141,-0.146298,0.014010,-0.007317,0.046188,0.998906,0,0.72000,0.07958,43.200,0.159,-1,375.000,-1,400.000,-1,325.000,325.000,300.000,300.000,-1,850.000,650.000,800.000,700.000,775.000,-1,-1,2,0,2,0,2,0,0,0,0,2,1,1,1,0,0,2,2
32,-364.914,-9252.303,-14.985,98.591,-0.149736,-0.987663,0.045844,0.988697,-0.149213,0.014639,-0.007618,0.047518,0.998841,0,0.75574,0.08482,45.344,0.170,-1,375.000,-1,400.000,-1,325.000,325.000,300.000,300.000,-1,900.000,700.000,800.000,700.000,775.000,-1,-1,2,0,2,0,2,0,0,0,0,2,1,1,1,0,0,2,2
33,-371.768,-9207.897,-15.213,98.773,-0.152888,-0.987108,0.047363,0.988214,-0.152336,0.015065,-0.007656,0.049108,0.998764,0,0.74887,0.09094,44.932,0.182,-1,375.000,-1,400.000,-1,325.000,325.000,300.000,300.000,-1,925.000,750.000,825.000,700.000,775.000,-1,-1,2,0,2,0,2,0,0,0,0,2,1,1,1,0,0,2,2
34,-378.716,-9163.879,-15.437,98.968,-0.156251,-0.986501,0.049000,0.987690,-0.155686,0.015177,-0.007343,0.050768,0.998683,0,0.74271,0.09762,44.563,0.195,-1,375.000,-1,400.000,-1,325.000,325.000,300.000,300.000,-1,950.000,800.000,825.000,700.000,775.000,-1,-1,2,0,2,0,2,0,0,0,0,2,1,1,1,0,0,2,2
35,-386.231,-9117.357,-15.727,99.175,-0.159797,-0.985857,0.050500,0.987126,-0.159232,0.015045,-0.006791,0.052254,0.998611,0,0.78543,0.10338,47.126,0.207,-1,375.000,-1,400.000,-1,325.000,325.000,300.000,300.000,-1,1000.000,825.000,825.000,700.000,775.000,-1,-1,2,0,2,0,2,0,0,0,0,2,1,1,1,0,0,2,2
36,-393.856,-9071.261,-16.025,99.391,-0.163500,-0.985177,0.051898,0.986524,-0.162940,0.014863,-0.006187,0.053629,0.998542,0,0.77870,0.10813,46.722,0.216,-1,375.000,-1,400.000,-1,325.000,325.000,300.000,300.000,-1,-1,875.000,825.000,700.000,775.000,-1,-1,2,0,2,0,2,0,0,0,0,2,2,1,1,0,0,2,2
37,-401.600,-9025.566,-16.301,99.618,-0.167383,-0.984450,0.053306,0.985876,-0.166829,0.014696,-0.005574,0.055013,0.998470,0,0.77245,0.11349,46.347,0.227,-1,375.000,-1,400.000,-1,325.000,325.000,300.000,300.000,-1,-1,925.000,825.000,700.000,775.000,-1,-1,2,0,2,0,2,0,0,0,0,2,2,1,1,0,0,2,2
38,-409.476,-8980.244,-16.553,99.857,-0.171465,-0.983669,0.054725,0.985178,-0.170919,0.014544,-0.004953,0.056408,0.998396,0,0.76668,0.11945,46.001,0.239,-1,375.000,-1,400.000,-1,325.000,325.000,300.000,300.000,-1,-1,950.000,825.000,725.000,775.000,-1,-1,2,0,2,0,2,0,0,0,0,2,2,1,1,0,0,2,2
39,-417.496,-8935.268,-16.783,100.109,-0.175767,-0.982829,0.056157,0.984422,-0.175229,0.014407,-0.004320,0.057814,0.998318,0,0.76144,0.12597,45.686,0.252,-1,375.000,-1,400.000,-1,325.000,325.000,300.000,300.000,-1,-1,1000.000,825.000,725.000,775.000,-1,-1,2,0,2,0,2,0,0,0,0,2,2,1,1,0,0,2,2
40,-425.674,-8890.607,-16.990,100.375,-0.180305,-0.981923,0.057603,0.983604,-0.179776,0.014288,-0.003674,0.059234,0.998237,0,0.75673,0.13303,45.404,0.266,-1,375.000,-1,400.000,-1,325.000,325.000,300.000,300.000,-1,-1,-1,850.000,725.000,800.000,-1,-1,2,0,2,0,2,0,0,0,0,2,2,2,1,0,0,2,2
41,-434.025,-8846.231,-17.173,100.656,-0.185098,-0.980944,0.059064,0.982716,-0.184578,0.014185,-0.003013,0.060669,0.998153,0,0.75258,0.14063,45.155,0.281,-1,375.000,-1,400.000,-1,325.000,325.000,300.000,275.000,-1,-1,-1,850.000,750.000,800.000,-1,-1,2,0,2,0,2,0,0,0,0,2,2,2,1,0,0,2,2
42,-442.566,-8802.109,-17.331,100.954,-0.190160,-0.979885,0.060542,0.981750,-0.189651,0.014102,-0.002336,0.062119,0.998066,0,0.74901,0.14873,44.940,0.297,-1,375.000,-1,400.000,-1,325.000,325.000,300.000,275.000,-1,-1,-1,850.000,750.000,800.000,-1,-1,2,0,2,0,2,0,0,0,0,2,2,2,1,0,0,2,2
43,-451.314,-8758.211,-17.464,101.268,-0.195509,-0.978738,0.062039,0.980701,-0.195011,0.014038,-0.001641,0.063587,0.997975,0,0.74602,0.15732,44.761,0.315,-1,375.000,-1,400.000,-1,325.000,325.000,300.000,275.000,-1,-1,-1,850.000,750.000,800.000,-1,-1,2,0,2,0,2,0,0,0,0,2,2,2,1,0,0,2,2
44,-460.288,-8714.505,-17.572,101.601,-0.201158,-0.977495,0.063557,0.979558,-0.200673,0.013995,-0.000926,0.065073,0.997880,0,0.74364,0.16639,44.618,0.333,-1,375.000,-1,400.000,-1,325.000,325.000,300.000,275.000,-1,-1,-1,850.000,775.000,800.000,-1,-1,2,0,2,0,2,0,0,0,0,2,2,2,1,0,0,2,2
45,-468.854,-8673.126,-17.655,101.694,-0.202715,-0.977077,0.065009,0.979238,-0.202237,0.013924,-0.000458,0.066482,0.997788,0,0.70427,0.04639,42.256,0.093,-1,375.000,-1,400.000,-1,325.000,325.000,300.000,275.000,-1,-1,-1,850.000,775.000,800.000,-1,-1,2,0,2,0,2,0,0,0,0,2,2,2,1,0,0,2,2
46,-477.308,-8631.754,-17.729,101.547,-0.200184,-0.977501,0.066464,0.979758,-0.199707,0.013811,-0.000227,0.067884,0.997693,0,0.70379,-0.07361,42.227,-0.147,-1,400.000,-1,400.000,-1,325.000,325.000,300.000,275.000,-1,-1,-1,850.000,800.000,800.000,-1,-1,2,0,2,0,2,0,0,0,0,2,2,2,1,0,0,2,2
47,-485.489,-8590.288,-17.803,101.160,-0.193559,-0.978735,0.067915,0.981089,-0.193078,0.013649,-0.000246,0.069272,0.997598,0,0.70442,-0.19361,42.265,-0.387,-1,400.000,-1,400.000,-1,325.000,325.000,300.000,275.000,-1,-1,-1,875.000,800.000,800.000,-1,-1,2,0,2,0,2,0,0,0,0,2,2,2,1,0,0,2,2
48,-493.234,-8548.639,-17.860,100.532,-0.182840,-0.980703,0.069221,0.983142,-0.182336,0.013591,-0.000707,0.070539,0.997509,0,0.70604,-0.31361,42.362,-0.627,-1,400.000,-1,400.000,-1,325.000,325.000,300.000,275.000,-1,-1,-1,875.000,825.000,800.000,-1,-1,2,0,2,0,2,0,0,0,0,2,2,2,1,0,0,2,2
49,-500.372,-8506.730,-17.965,99.665,-0.167999,-0.983256,0.070594,0.985786,-0.167456,0.013581,-0.001532,0.071872,0.997413,0,0.70853,-0.43361,42.512,-0.867,-1,400.000,-1,400.000,-1,325.000,325.000,300.000,275.000,-1,-1,-1,900.000,825.000,800.000,-1,-1,2,0,2,0,2,0,0,0,0,2,2,2,1,0,0,2,2
50,-506.728,-8464.498,-18.205,98.558,-0.149017,-0.986247,0.071485,0.988830,-0.148416,0.013683,-0.002886,0.072725,0.997348,0,0.71178,-0.55361,42.707,-1.107,-1,400.000,-1,400.000,-1,325.000,325.000,300.000,275.000,-1,-1,-1,925.000,825.000,775.000,-1,-1,2,0,2,0,2,0,0,0,0,2,2,2,1,0,0,2,2
51,-512.117,-8421.897,-18.691,97.211,-0.125887,-0.989469,0.071439,0.992031,-0.125187,0.014213,-0.005120,0.072659,0.997344,0,0.71566,-0.67361,42.940,-1.347,-1,400.000,-1,400.000,-1,325.000,325.000,300.000,275.000,-1,-1,-1,950.000,825.000,775.000,-1,-1,2,0,2,0,2,0,0,0,0,2,2,2,1,0,0,2,2
52,-516.350,-8378.899,-19.241,95.624,-0.098540,-0.992574,0.071320,0.995104,-0.097734,0.014714,-0.007634,0.072421,0.997345,0,0.72009,-0.79361,43.205,-1.587,-1,400.000,-1,400.000,-1,325.000,325.000,300.000,275.000,-1,-1,-1,1000.000,825.000,775.000,-1,-1,2,0,2,0,2,0,0,0,0,2,2,2,1,0,0,2,2
53,-519.365,-8335.505,-19.856,93.975,-0.070051,-0.995003,0.071149,0.997491,-0.069138,0.015224,-0.010229,0.072037,0.997349,0,0.72496,-0.82436,43.497,-1.649,-1,400.000,-1,400.000,-1,325.000,325.000,300.000,275.000,-1,-1,-1,-1,825.000,750.000,-1,-1,2,0,2,0,2,0,0,0,0,2,2,2,2,0,0,2,2
54,-521.157,-8291.750,-20.533,92.347,-0.041858,-0.996602,0.070939,0.999041,-0.040839,0.015758,-0.012807,0.071530,0.997356,0,0.72984,-0.81412,43.791,-1.628,-1,400.000,-1,400.000,-1,325.000,325.000,300.000,275.000,-1,-1,-1,-1,825.000,750.000,-1,-1,2,0,2,0,2,0,0,0,0,2,2,2,2,0,0,2,2
55,-521.724,-8247.678,-21.270,90.739,-0.013983,-0.997400,0.070691,0.999784,-0.012860,0.016310,-0.015359,0.070904,0.997365,0,0.73458,-0.80393,44.075,-1.608,-1,400.000,-1,400.000,-1,325.000,325.000,300.000,275.000,-1,-1,-1,-1,825.000,725.000,-1,-1,2,0,2,0,2,0,0,0,0,2,2,2,2,0,0,2,2
56,-521.066,-8203.332,-22.065,89.151,0.013555,-0.997426,0.070409,0.999748,0.014778,0.016877,-0.017874,0.070163,0.997375,0,0.73917,-0.79378,44.350,-1.588,-1,400.000,-1,400.000,-1,325.000,325.000,300.000,275.000,-1,-1,-1,-1,800.000,725.000,-1,-1,2,0,2,0,2,0,0,0,0,2,2,2,2,0,0,2,2
57,-519.184,-8158.753,-22.919,87.584,0.040738,-0.996708,0.070095,0.998963,0.042057,0.017451,-0.020341,0.069311,0.997388,0,0.74363,-0.78368,44.618,-1.567,-1,400.000,-1,400.000,-1,325.000,325.000,300.000,275.000,-1,-1,-1,-1,800.000,725.000,-1,-1,2,0,2,0,2,0,0,0,0,2,2,2,2,0,0,2,2
58,-516.081,-8113.982,-23.829,86.037,0.067548,-0.995275,0.069749,0.997457,0.068959,0.018028,-0.022752,0.068354,0.997402,0,0.74796,-0.77363,44.878,-1.547,-1,400.000,-1,400.000,-1,325.000,325.000,300.000,275.000,-1,-1,-1,-1,800.000,700.000,-1,-1,2,0,2,0,2,0,0,0,0,2,2,2,2,0,0,2,2
59,-511.761,-8069.058,-24.795,84.509,0.093969,-0.993155,0.069372,0.995259,0.095468,0.018601,-0.025096,0.067295,0.997417,0,0.75216,-0.76362,45.130,-1.527,-1,400.000,-1,375.000,-1,325.000,325.000,300.000,275.000,-1,-1,-1,-1,800.000,700.000,-1,-1,2,0,2,0,2,0,0,0,0,2,2,2,2,0,0,2,2
60,-506.231,-8024.021,-25.814,83.002,0.119989,-0.990377,0.068963,0.992398,0.121568,0.019165,-0.027364,0.066139,0.997435,0,0.75625,-0.75365,45.375,-1.507,-1,400.000,-1,375.000,-1,325.000,325.000,300.000,275.000,-1,-1,-1,-1,775.000,675.000,-1,-1,2,0,2,0,2,0,0,0,0,2,2,2,2,0,0,2,2
61,-499.499,-7978.906,-26.886,81.515,0.145594,-0.986969,0.068521,0.988903,0.147248,0.019713,-0.029546,0.064891,0.997455,0,0.76022,-0.74372,45.613,-1.487,-1,400.000,-1,375.000,-1,325.000,325.000,300.000,275.000,-1,-1,-1,-1,775.000,675.000,-1,-1,2,0,2,0,2,0,0,0,0,2,2,2,2,0,0,2,2
62,-491.574,-7933.751,-28.010,80.047,0.170772,-0.982958,0.068045,0.984803,0.172493,0.020241,-0.031633,0.063555,0.997477,0,0.76409,-0.73384,45.845,-1.468,-1,400.000,-1,375.000,-1,325.000,325.000,300.000,275.000,-1,-1,-1,-1,775.000,675.000,-1,-1,2,0,2,0,2,0,0,0,0,2,2,2,2,0,0,2,2
63,-482.465,-7888.588,-29.424,78.599,0.195615,-0.978432,0.066377,0.980140,0.197306,0.019893,-0.032560,0.061168,0.997596,0,0.76786,-0.72399,46.071,-1.448,-1,400.000,-1,375.000,-1,325.000,325.000,300.000,275.000,-1,-1,-1,-1,750.000,675.000,-1,-1,2,0,2,0,2,0,0,0,0,2,2,2,2,0,0,2,2
64,-472.184,-7843.452,-30.861,77.171,0.220020,-0.973348,0.064693,0.974930,0.221665,0.019373,-0.033196,0.058809,0.997717,0,0.77153,-0.71417,46.292,-1.428,-1,400.000,-1,375.000,-1,325.000,325.000,300.000,275.000,-1,-1,-1,-1,750.000,675.000,-1,-1,2,0,2,0,2,0,0,0,0,2,2,2,2,0,0,2,2
65,-460.759,-7798.456,-32.370,75.755,0.244091,-0.967700,0.063049,0.969169,0.245683,0.018747,-0.033632,0.056529,0.997834,0,0.77372,-0.70801,46.423,-1.416,-1,400.000,-1,375.000,-1,325.000,325.000,300.000,275.000,-1,-1,-1,-1,750.000,650.000,-1,-1,2,0,2,0,2,0,0,0,0,2,2,2,2,0,0,2,2
66,-448.215,-7753.707,-33.845,74.344,0.267954,-0.961496,0.061042,0.962842,0.269469,0.017954,-0.033712,0.053963,0.997974,0,0.77457,-0.70529,46.474,-1.411,-1,400.000,-1,375.000,-1,325.000,325.000,300.000,275.000,-1,-1,-1,-1,725.000,675.000,-1,-1,2,0,2,0,2,0,0,0,0,2,2,2,2,0,0,2,2
67,-433.293,-7704.652,-35.486,73.083,0.289186,-0.955467,0.058770,0.956687,0.290612,0.017183,-0.033497,0.051255,0.998124,0,0.85457,-0.63072,51.274,-1.261,-1,400.000,-1,375.000,-1,325.000,300.000,300.000,300.000,-1,-1,-1,-1,725.000,675.000,-1,-1,2,0,2,0,2,0,0,0,0,2,2,2,2,0,0,2,2
68,-416.405,-7653.207,-37.235,71.827,0.310187,-0.949005,0.056333,0.950098,0.311519,0.016426,-0.033138,0.048427,0.998277,0,0.90243,-0.62770,54.146,-1.255,-1,400.000,-1,375.000,-1,325.000,300.000,300.000,300.000,-1,-1,-1,-1,725.000,675.000,-1,-1,2,0,2,0,2,0,0,0,0,2,2,2,2,0,0,2,2
69,-398.384,-7602.101,-38.995,70.578,0.330934,-0.942115,0.053868,0.943087,0.332174,0.015713,-0.032697,0.045603,0.998424,0,0.90318,-0.62446,54.191,-1.249,-1,400.000,-1,375.000,-1,325.000,300.000,300.000,300.000,-1,-1,-1,-1,725.000,650.000,-1,-1,2,0,2,0,2,0,0,0,0,2,2,2,2,0,0,2,2
70,-379.242,-7551.351,-40.763,69.336,0.351417,-0.934808,0.051383,0.935666,0.352567,0.015042,-0.032177,0.042791,0.998566,0,0.90398,-0.62118,54.239,-1.242,-1,400.000,-1,375.000,-1,325.000,300.000,300.000,300.000,-1,-1,-1,-1,700.000,650.000,-1,-1,2,0,2,0,2,0,0,0,0,2,2,2,2,0,0,2,2
71,-358.992,-7500.979,-42.536,68.100,0.371627,-0.927094,0.048883,0.927845,0.372687,0.014413,-0.031580,0.039999,0.998701,0,0.90484,-0.61786,54.290,-1.236,-1,400.000,-1,375.000,-1,325.000,300.000,300.000,300.000,-1,525.000,-1,-1,700.000,650.000,-1,-1,2,0,2,0,2,0,0,0,0,2,0,2,2,0,0,2,2
72,-337.644,-7451.003,-44.308,66.871,0.391553,-0.918986,0.046376,0.919636,0.392528,0.013825,-0.030909,0.037236,0.998828,0,0.90574,-0.61449,54.344,-1.229,-1,375.000,-1,375.000,-1,325.000,300.000,300.000,300.000,-1,475.000,875.000,-1,700.000,650.000,-1,-1,2,0,2,0,2,0,0,0,0,2,0,0,2,0,0,2,2
73,-315.212,-7401.442,-46.078,65.649,0.411189,-0.910494,0.043870,0.911051,0.412080,0.013276,-0.030165,0.034509,0.998949,0,0.90668,-0.61107,54.401,-1.222,975.000,375.000,-1,375.000,-1,325.000,300.000,300.000,300.000,-1,450.000,650.000,-1,675.000,650.000,-1,-1,1,0,2,0,2,0,0,0,0,2,0,0,2,0,0,2,2
74,-290.864,-7350.242,-47.868,64.567,0.428421,-0.902628,0.041449,0.903103,0.429234,0.012788,-0.029334,0.031954,0.999059,0,0.94491,-0.54093,56.695,-1.082,950.000,375.000,-1,375.000,-1,300.000,300.000,300.000,300.000,-1,450.000,575.000,-1,675.000,650.000,-1,-1,1,0,2,0,2,0,0,0,0,2,0,0,2,0,0,2,2
75,-265.494,-7299.368,-49.577,63.496,0.445307,-0.894511,0.039382,0.894919,0.446056,0.012392,-0.028651,0.029725,0.999147,0,0.94748,-0.53533,56.849,-1.071,925.000,375.000,-1,375.000,-1,300.000,300.000,300.000,300.000,-1,450.000,575.000,-1,675.000,650.000,-1,-1,1,0,2,0,2,0,0,0,0,2,0,0,2,0,0,2,2
76,-239.132,-7248.862,-50.959,62.438,0.461859,-0.886139,0.038003,0.886545,0.462522,0.010522,-0.026901,0.028832,0.999222,0,0.94954,-0.52945,56.972,-1.059,975.000,375.000,-1,375.000,-1,300.000,300.000,300.000,300.000,-1,450.000,575.000,-1,675.000,650.000,-1,-1,1,0,2,0,2,0,0,0,0,2,0,0,2,0,0,2,2
77,-211.809,-7198.766,-52.150,61.391,0.478067,-0.877546,0.036949,0.877980,0.478633,0.007831,-0.024557,0.028697,0.999286,0,0.95105,-0.52331,57.063,-1.047,-1,375.000,-1,375.000,-1,300.000,300.000,300.000,300.000,-1,450.000,550.000,-1,675.000,650.000,-1,-1,2,0,2,0,2,0,0,0,0,2,0,0,2,0,0,2,2
78,-183.558,-7149.122,-53.335,60.357,0.493918,-0.868770,0.035818,0.869224,0.494391,0.005211,-0.022235,0.028560,0.999345,0,0.95200,-0.51693,57.120,-1.034,-1,375.000,-1,375.000,-1,300.000,300.000,300.000,300.000,-1,450.000,525.000,-1,675.000,650.000,-1,-1,2,0,2,0,2,0,0,0,0,2,0,0,2,0,0,2,2
79,-154.415,-7099.969,-54.416,59.336,0.509404,-0.859837,0.034463,0.860290,0.509796,0.003081,-0.020218,0.028079,0.999401,0,0.95238,-0.51037,57.143,-1.021,-1,375.000,-1,375.000,-1,300.000,300.000,300.000,300.000,-1,450.000,500.000,-1,675.000,650.000,-1,-1,2,0,2,0,2,0,0,0,0,2,0,0,2,0,0,2,2
80,-124.419,-7051.346,-55.474,58.329,0.524524,-0.850754,0.033050,0.851200,0.524841,0.001084,-0.018268,0.027563,0.999453,0,0.95219,-0.50365,57.131,-1.007,-1,375.000,-1,375.000,-1,300.000,300.000,300.000,300.000,-1,450.000,500.000,-1,675.000,650.000,-1,-1,2,0,2,0,2,0,0,0,0,2,0,0,2,0,0,2,2
81,-95.980,-7007.416,-56.334,57.082,0.543005,-0.839149,0.031216,0.839571,0.543249,-0.000765,-0.016316,0.026623,0.999512,0,0.87219,-0.62365,52.331,-1.247,-1,375.000,-1,375.000,-1,300.000,300.000,300.000,300.000,-1,450.000,500.000,-1,675.000,650.000,-1,-1,2,0,2,0,2,0,0,0,0,2,0,0,2,0,0,2,2
82,-66.614,-6964.539,-57.123,55.594,0.564690,-0.824793,0.029002,0.825179,0.564865,-0.002541,-0.014287,0.025367,0.999576,0,0.86616,-0.74365,51.969,-1.487,-1,375.000,-1,375.000,-1,300.000,300.000,300.000,300.000,-1,450.000,500.000,-1,675.000,675.000,-1,-1,2,0,2,0,2,0,0,0,0,2,0,0,2,0,0,2,2
83,-36.078,-6922.663,-57.770,53.901,0.588914,-0.807776,0.026019,0.808107,0.589020,-0.004209,-0.011926,0.023505,0.999653,0,0.86379,-0.84674,51.827,-1.693,-1,375.000,-1,375.000,-1,300.000,300.000,300.000,300.000,-1,425.000,475.000,-1,675.000,675.000,-1,-1,2,0,2,0,2,0,0,0,0,2,0,0,2,0,0,2,2
84,-4.442,-6881.851,-58.374,52.218,0.612465,-0.790170,0.022769,0.790441,0.612512,-0.005668,-0.009468,0.021469,0.999725,0,0.86063,-0.84126,51.638,-1.683,-1,375.000,-1,375.000,-1,325.000,300.000,300.000,300.000,-1,400.000,450.000,-1,675.000,675.000,-1,-1,2,0,2,0,2,0,0,0,0,2,0,0,2,0,0,2,2
85,28.237,-6842.151,-58.986,50.541,0.635409,-0.771929,0.019539,0.772143,0.635411,-0.006902,-0.007088,0.019472,0.999785,0,0.85700,-0.83893,51.420,-1.678,975.000,375.000,-1,375.000,-1,325.000,325.000,300.000,300.000,-1,375.000,450.000,-1,700.000,700.000,-1,-1,1,0,2,0,2,0,0,0,0,2,0,0,2,0,0,2,2
86,61.903,-6803.605,-59.481,48.866,0.657738,-0.753056,0.016991,0.753229,0.657710,-0.007941,-0.005195,0.018022,0.999824,0,0.85296,-0.83709,51.178,-1.674,950.000,375.000,-1,375.000,-1,325.000,325.000,300.000,300.000,-1,375.000,425.000,-1,700.000,700.000,-1,-1,1,0,2,0,2,0,0,0,0,2,0,0,2,0,0,2,2
87,96.501,-6766.249,-59.761,47.195,0.679448,-0.733557,0.015634,0.733712,0.679402,-0.008885,-0.004104,0.017508,0.999838,0,0.84860,-0.83574,50.916,-1.671,950.000,375.000,-1,375.000,-1,325.000,325.000,300.000,300.000,-1,400.000,450.000,-1,700.000,700.000,-1,-1,1,0,2,0,2,0,0,0,0,2,0,0,2,0,0,2,2
88,131.980,-6730.114,-59.938,45.525,0.700549,-0.713449,0.014892,0.713596,0.700489,-0.009777,-0.003456,0.017476,0.999841,0,0.84402,-0.83490,50.641,-1.670,925.000,375.000,-1,375.000,-1,325.000,325.000,300.000,300.000,-1,425.000,475.000,-1,700.000,700.000,-1,-1,1,0,2,0,2,0,0,0,0,2,0,0,2,0,0,2,2
89,168.293,-6695.223,-60.138,43.856,0.721046,-0.692743,0.014104,0.692881,0.720974,-0.010586,-0.002836,0.017405,0.999844,0,0.83932,-0.83456,50.359,-1.669,900.000,375.000,-1,375.000,-1,325.000,325.000,300.000,300.000,-1,450.000,500.000,-1,700.000,700.000,1000.000,-1,1,0,2,0,2,0,0,0,0,2,0,0,2,0,0,1,2
90,205.398,-6661.594,-60.362,42.187,0.740934,-0.671447,0.013276,0.671574,0.740851,-0.011307,-0.002244,0.017294,0.999848,0,0.83461,-0.83471,50.076,-1.669,875.000,375.000,-1,375.000,-1,325.000,325.000,300.000,300.000,-1,475.000,500.000,-1,700.000,700.000,975.000,-1,1,0,2,0,2,0,0,0,0,2,0,0,2,0,0,1,2
91,243.256,-6629.241,-60.529,40.516,0.760209,-0.649560,0.012427,0.649677,0.760110,-0.012360,-0.001417,0.017470,0.999846,0,0.82998,-0.83535,49.799,-1.671,850.000,375.000,-1,375.000,-1,325.000,325.000,300.000,300.000,-1,500.000,525.000,-1,700.000,700.000,975.000,-1,1,0,2,0,2,0,0,0,0,2,0,0,2,0,0,1,2
92,281.835,-6598.175,-60.521,38.843,0.778868,-0.627082,0.011528,0.627188,0.778736,-0.014361,0.000028,0.018416,0.999830,0,0.82553,-0.83646,49.532,-1.673,825.000,375.000,-1,375.000,-1,325.000,325.000,300.000,300.000,-1,525.000,550.000,-1,725.000,700.000,950.000,-1,1,0,2,0,2,0,0,0,0,2,0,0,2,0,0,1,2
93,321.106,-6568.402,-60.498,37.167,0.796896,-0.604025,0.010515,0.604114,0.796728,-0.016456,0.001562,0.019466,0.999809,0,0.82136,-0.83804,49.282,-1.676,825.000,375.000,-1,375.000,-1,325.000,325.000,300.000,300.000,-1,550.000,550.000,-1,725.000,700.000,950.000,-1,1,0,2,0,2,0,0,0,0,2,0,0,2,0,0,1,2
94,361.047,-6539.926,-60.515,35.487,0.814281,-0.580394,0.009391,0.580463,0.814080,-0.018353,0.003007,0.020395,0.999787,0,0.81754,-0.84006,49.052,-1.680,800.000,375.000,-1,375.000,-1,325.000,325.000,300.000,300.000,-1,550.000,525.000,-1,750.000,700.000,950.000,-1,1,0,2,0,2,0,0,0,0,2,0,0,2,0,0,1,2
95,404.944,-6510.568,-60.578,33.775,0.831277,-0.555800,0.008076,0.555841,0.831044,-0.020190,0.004510,0.021272,0.999764,0,0.88015,-0.85613,52.809,-1.712,800.000,400.000,-1,375.000,-1,325.000,325.000,300.000,300.000,-1,575.000,525.000,-1,750.000,725.000,950.000,-1,1,0,2,0,2,0,0,0,0,2,0,0,2,0,0,1,2
96,449.597,-6482.580,-60.543,32.079,0.847369,-0.530961,0.006746,0.530975,0.847123,-0.021159,0.005520,0.021512,0.999753,0,0.87834,-0.84791,52.700,-1.696,775.000,400.000,-1,375.000,-1,325.000,325.000,300.000,300.000,-1,600.000,550.000,-1,750.000,725.000,925.000,-1,1,0,2,0,2,0,0,0,0,2,0,0,2,0,0,1,2
97,494.920,-6455.990,-60.435,30.400,0.862567,-0.505914,0.005456,0.505906,0.862323,-0.021404,0.006123,0.021223,0.999756,0,0.87577,-0.83956,52.546,-1.679,775.000,400.000,-1,375.000,-1,325.000,325.000,300.000,300.000,-1,600.000,575.000,-1,750.000,725.000,925.000,-1,1,0,2,0,2,0,0,0,0,2,0,0,2,0,0,1,2
98,540.822,-6430.820,-60.249,28.737,0.876878,-0.480694,0.004270,0.480672,0.876651,-0.020914,0.006309,0.020391,0.999772,0,0.87250,-0.83117,52.350,-1.662,750.000,400.000,-1,375.000,-1,325.000,325.000,300.000,300.000,975.000,600.000,600.000,-1,750.000,725.000,925.000,-1,1,0,2,0,2,0,0,0,0,1,0,0,2,0,0,1,2
99,587.219,-6407.087,-60.101,27.092,0.890318,-0.455328,0.003096,0.455293,0.890111,-0.020277,0.006477,0.019463,0.999790,0,0.86858,-0.82282,52.115,-1.646,725.000,400.000,-1,375.000,-1,325.000,325.000,300.000,300.000,925.000,600.000,625.000,-1,750.000,725.000,925.000,-1,1,0,2,0,2,0,0,0,0,1,0,0,2,0,0,1,2
100,636.234,-6383.513,-59.903,25.686,0.901216,-0.433367,0.001607,0.433315,0.901035,-0.019339,0.006933,0.018125,0.999812,0,0.90648,-0.70282,54.389,-1.406,725.000,400.000,-1,375.000,-1,325.000,325.000,300.000,300.000,900.000,600.000,625.000,-1,750.000,725.000,900.000,-1,1,0,2,0,2,0,0,0,0,1,0,0,2,0,0,1,2
101,685.458,-6361.059,-59.726,24.520,0.909841,-0.414958,0.000160,0.414891,0.909687,-0.018285,0.007442,0.016703,0.999833,0,0.90172,-0.58282,54.103,-1.166,700.000,400.000,-1,375.000,-1,325.000,325.000,300.000,300.000,925.000,600.000,625.000,-1,750.000,725.000,900.000,-1,1,0,2,0,2,0,0,0,0,1,0,0,2,0,0,1,2
102,736.932,-6338.577,-59.471,23.595,0.916420,-0.400216,-0.000918,0.400142,0.916290,-0.017305,0.007767,0.015492,0.999850,0,0.93616,-0.46282,56.169,-0.926,675.000,400.000,-1,375.000,-1,325.000,325.000,300.000,300.000,950.000,600.000,650.000,-1,750.000,725.000,875.000,-1,1,0,2,0,2,0,0,0,0,1,0,0,2,0,0,1,2
103,788.589,-6316.746,-58.973,22.909,0.921143,-0.389224,-0.000839,0.389156,0.921017,-0.016883,0.007344,0.015225,0.999857,0,0.93469,-0.34282,56.081,-0.686,675.000,375.000,-1,375.000,-1,325.000,325.000,300.000,300.000,975.000,675.000,725.000,-1,750.000,725.000,850.000,-1,1,0,2,0,2,0,0,0,0,1,0,0,2,0,0,1,2
104,840.313,-6295.360,-58.303,22.463,0.924142,-0.382046,-0.001183,0.381970,0.924011,-0.017389,0.007736,0.015618,0.999848,0,0.93285,-0.22282,55.971,-0.446,650.000,375.000,-1,375.000,-1,325.000,325.000,300.000,300.000,-1,725.000,750.000,-1,750.000,725.000,825.000,-1,1,0,2,0,2,0,0,0,0,2,0,0,2,0,0,1,2
105,891.996,-6274.208,-57.652,22.258,0.925507,-0.378726,-0.001661,0.378639,0.925373,-0.017813,0.008283,0.015857,0.999840,0,0.93072,-0.10282,55.843,-0.206,625.000,400.000,-1,375.000,-1,325.000,325.000,300.000,300.000,-1,750.000,800.000,-1,750.000,725.000,825.000,-1,1,0,2,0,2,0,0,0,0,2,0,0,2,0,0,1,2
106,943.537,-6253.078,-57.018,22.292,0.925279,-0.379280,-0.002255,0.379181,0.925145,-0.018143,0.008968,0.015932,0.999833,0,0.92840,0.01718,55.704,0.034,600.000,400.000,-1,375.000,-1,325.000,325.000,300.000,300.000,-1,775.000,825.000,-1,750.000,725.000,800.000,-1,1,0,2,0,2,0,0,0,0,2,0,0,2,1,0,1,2
107,994.841,-6231.757,-56.392,22.566,0.923451,-0.383706,-0.002958,0.383593,0.923319,-0.018390,0.009788,0.015848,0.999827,0,0.92597,0.13718,55.558,0.274,575.000,400.000,-1,375.000,-1,325.000,325.000,300.000,300.000,-1,800.000,850.000,-1,725.000,725.000,775.000,-1,1,0,2,0,2,0,0,0,0,2,0,0,2,1,0,1,2
108,1045.817,-6210.034,-55.769,23.081,0.919966,-0.391981,-0.003765,0.391852,0.919841,-0.018566,0.010741,0.015605,0.999821,0,0.92352,0.25718,55.411,0.514,550.000,400.000,-1,375.000,-1,325.000,325.000,300.000,300.000,-1,825.000,875.000,-1,700.000,725.000,725.000,-1,1,0,2,0,2,0,0,0,0,2,0,0,2,1,0,1,2
109,1096.370,-6187.700,-55.142,23.835,0.914721,-0.404059,-0.004675,0.403913,0.914606,-0.018684,0.011826,0.015202,0.999815,0,0.92111,0.37718,55.267,0.754,500.000,400.000,-1,375.000,-1,325.000,325.000,300.000,300.000,-1,850.000,875.000,-1,675.000,725.000,675.000,-1,1,0,2,0,2,0,0,0,0,2,0,0,2,1,0,1,2
110,1146.405,-6164.550,-54.504,24.829,0.907565,-0.419874,-0.005692,0.419710,0.907464,-0.018760,0.013042,0.014637,0.999808,0,0.91884,0.49718,55.130,0.994,475.000,400.000,-1,375.000,-1,325.000,325.000,300.000,300.000,-1,850.000,900.000,-1,650.000,725.000,625.000,-1,1,0,2,0,2,0,0,0,0,2,0,0,2,1,0,1,2
111,1195.816,-6140.383,-53.834,26.064,0.898301,-0.439330,-0.006614,0.439152,0.898219,-0.018647,0.014132,0.013846,0.999804,0,0.91675,0.61718,55.005,1.234,425.000,400.000,-1,375.000,-1,325.000,325.000,300.000,300.000,-1,875.000,925.000,-1,625.000,725.000,575.000,-1,1,0,2,0,2,0,0,0,0,2,0,0,2,1,0,1,2
112,1244.492,-6115.002,-53.154,27.538,0.886693,-0.462301,-0.007318,0.462116,0.886629,-0.018395,0.014992,0.012929,0.999804,0,0.91492,0.73718,54.895,1.474,400.000,400.000,-1,375.000,-1,325.000,325.000,300.000,300.000,-1,900.000,975.000,-1,600.000,725.000,500.000,-1,1,0,2,0,2,0,0,0,0,2,0,0,2,1,0,1,2
113,1292.416,-6088.418,-52.384,29.019,0.874441,-0.485060,-0.008346,0.484868,0.874403,-0.017955,0.016007,0.011654,0.999804,0,0.91339,0.74020,54.803,1.480,350.000,400.000,-1,375.000,-1,325.000,325.000,300.000,300.000,-1,950.000,1000.000,-1,575.000,725.000,450.000,-1,1,0,2,0,2,0,0,0,0,2,0,0,2,1,0,1,2
114,1339.546,-6060.652,-51.597,30.504,0.861561,-0.507567,-0.009399,0.507371,0.861551,-0.017467,0.016964,0.010280,0.999803,0,0.91168,0.74256,54.701,1.485,325.000,375.000,-1,375.000,-1,325.000,325.000,300.000,300.000,-1,975.000,-1,-1,550.000,725.000,400.000,-1,1,1,2,0,2,0,0,1,0,2,0,2,2,1,0,1,2
115,1390.143,-6029.343,-50.721,31.749,0.850310,-0.526176,-0.010579,0.525979,0.850330,-0.016848,0.017861,0.008762,0.999802,0,0.99168,0.62256,59.501,1.245,275.000,350.000,-1,375.000,-1,325.000,325.000,275.000,300.000,-1,1000.000,-1,-1,550.000,750.000,350.000,-1,1,1,2,0,2,0,0,1,0,2,0,2,2,1,0,1,2
116,1440.603,-5996.881,-49.666,32.754,0.840940,-0.541016,-0.011050,0.540824,0.840976,-0.016369,0.018149,0.007789,0.999805,0,1.00000,0.50256,60.000,1.005,225.000,350.000,-1,375.000,-1,325.000,325.000,275.000,300.000,-1,-1,-1,-1,525.000,750.000,300.000,-1,1,1,2,0,2,0,0,1,0,2,2,2,2,1,0,1,2
117,1490.625,-5963.748,-47.114,33.519,0.833645,-0.552169,-0.012085,0.551822,0.833633,-0.023400,0.022995,0.012838,0.999653,0,1.00000,0.38256,60.000,0.765,200.000,350.000,-1,400.000,-1,325.000,325.000,250.000,300.000,-1,900.000,900.000,-1,550.000,775.000,275.000,-1,1,1,2,0,2,1,0,1,0,2,0,0,2,1,0,1,2
118,1540.340,-5930.154,-42.962,34.044,0.828605,-0.559666,-0.013680,0.558863,0.828360,-0.038612,0.032942,0.024349,0.999161,0,1.00000,0.26256,60.000,0.525,225.000,350.000,-1,425.000,-1,325.000,350.000,250.000,300.000,-1,600.000,525.000,-1,750.000,825.000,325.000,-1,1,1,2,0,2,1,0,1,0,2,0,0,2,1,0,1,2
119,1589.886,-5896.312,-39.230,34.329,0.825896,-0.563622,-0.015021,0.562302,0.825332,-0.051421,0.041379,0.034022,0.998564,0,1.00000,0.14256,60.000,0.285,250.000,375.000,-1,425.000,-1,350.000,350.000,250.000,275.000,-1,500.000,400.000,-1,-1,900.000,-1,-1,1,1,2,0,2,1,0,1,0,2,0,0,2,2,0,2,2
120,1639.356,-5862.359,-35.972,34.459,0.824705,-0.565330,-0.016225,0.563508,0.823814,-0.061557,0.048166,0.041623,0.997972,0,1.00000,0.06497,60.000,0.130,275.000,400.000,-1,450.000,-1,350.000,375.000,225.000,275.000,-1,450.000,300.000,-1,-1,950.000,-1,-1,1,1,2,0,2,1,1,1,0,2,0,0,2,2,0,2,2
121,1688.603,-5828.362,-33.202,34.614,0.823259,-0.567404,-0.017261,0.565131,0.822073,-0.069440,0.053591,0.047412,0.997437,0,0.99735,0.07730,59.841,0.155,400.000,450.000,-1,475.000,-1,375.000,375.000,225.000,275.000,-1,375.000,250.000,-1,-1,1000.000,-1,-1,1,1,2,0,2,1,1,1,0,2,0,0,2,2,0,2,2
122,1737.503,-5794.379,-30.928,34.794,0.821529,-0.569878,-0.018142,0.567239,0.820118,-0.075143,0.057701,0.051442,0.997008,0,0.99248,0.09026,59.549,0.181,-1,500.000,-1,475.000,-1,400.000,400.000,200.000,275.000,-1,350.000,200.000,-1,-1,-1,-1,-1,2,1,2,0,2,1,0,1,0,2,0,0,2,2,2,2,2
123,1785.979,-5760.430,-29.069,35.002,0.819490,-0.572784,-0.018857,0.569912,0.817960,-0.078365,0.060311,0.053472,0.996746,0,0.98636,0.10379,59.182,0.208,-1,575.000,-1,475.000,-1,425.000,400.000,200.000,275.000,-1,325.000,200.000,-1,-1,-1,-1,-1,2,0,2,0,2,0,0,1,0,2,0,0,2,2,2,2,2
124,1833.956,-5726.539,-27.604,35.238,0.817119,-0.576141,-0.019429,0.573187,0.815597,-0.079110,0.061425,0.053506,0.996677,0,0.97900,0.11780,58.740,0.236,-1,575.000,-1,500.000,-1,425.000,400.000,175.000,275.000,-1,325.000,175.000,-1,-1,-1,-1,-1,2,0,2,0,2,0,0,1,0,2,0,0,2,2,2,2,2
125,1881.358,-5692.727,-26.567,35.502,0.814408,-0.579951,-0.019898,0.577055,0.813005,-0.077655,0.061213,0.051761,0.996782,0,0.97043,0.13216,58.226,0.264,-1,575.000,-1,500.000,-1,425.000,400.000,150.000,275.000,-1,325.000,200.000,-1,-1,-1,-1,-1,2,0,2,0,2,0,0,1,0,2,0,0,2,2,2,2,2
126,1928.122,-5659.023,-26.116,35.783,0.811501,-0.584024,-0.019542,0.581344,0.810262,-0.074265,0.059207,0.048905,0.997047,0,0.96075,0.14081,57.645,0.282,-1,575.000,-1,500.000,-1,425.000,400.000,150.000,275.000,-1,325.000,200.000,-1,-1,-1,-1,-1,2,0,2,0,2,0,0,1,0,2,0,0,2,2,2,2,2
127,-2295.800,4919.555,39.241,32.194,0.847753,-0.530133,-0.016546,0.528645,0.842020,0.107407,-0.043008,-0.099801,0.994077,1,0.00000,0.00000,57.004,0.287,300.000,300.000,-1,375.000,-1,275.000,300.000,225.000,325.000,475.000,550.000,650.000,900.000,475.000,700.000,325.000,-1,0,0,2,0,2,0,0,0,1,1,1,1,1,0,0,0,2
128,4258.829,8198.324,21.206,-170.068,-0.984239,0.172472,-0.039088,-0.172184,-0.985007,-0.010640,-0.040337,-0.003742,0.999179,1,0.08000,0.12000,4.800,0.240,-1,450.000,-1,400.000,375.000,375.000,375.000,275.000,275.000,-1,-1,-1,-1,900.000,725.000,-1,-1,2,0,2,1,1,0,0,0,1,2,2,2,2,0,1,2,2
129,4249.387,8196.590,20.646,-169.597,-0.982789,0.180568,-0.039003,-0.180285,-0.983556,-0.010681,-0.040290,-0.003466,0.999182,0,0.16000,0.23563,9.600,0.471,-1,450.000,-1,400.000,375.000,375.000,375.000,275.000,275.000,-1,-1,-1,-1,900.000,725.000,-1,-1,2,0,2,1,1,0,0,0,1,2,2,2,2,0,1,2,2
130,4235.245,8193.878,19.834,-169.144,-0.981335,0.188333,-0.038892,-0.188047,-0.982099,-0.010919,-0.040252,-0.003402,0.999184,0,0.24000,0.22634,14.400,0.453,-1,450.000,-1,425.000,375.000,375.000,375.000,275.000,275.000,-1,-1,-1,-1,900.000,750.000,-1,-1,2,0,2,1,1,0,0,0,1,2,2,2,2,0,1,2,2
131,4216.416,8190.121,18.758,-168.716,-0.979901,0.195672,-0.038806,-0.195376,-0.980663,-0.011313,-0.040269,-0.003504,0.999183,0,0.32000,0.21424,19.200,0.428,-1,450.000,-1,425.000,400.000,375.000,375.000,275.000,275.000,-1,-1,-1,-1,875.000,775.000,-1,-1,2,0,2,1,1,0,0,0,1,2,2,2,2,0,1,2,2
132,4192.913,8185.262,17.400,-168.317,-0.978516,0.202488,-0.038805,-0.202177,-0.979278,-0.011819,-0.040394,-0.003720,0.999177,0,0.40000,0.19924,24.000,0.398,-1,450.000,-1,425.000,425.000,375.000,375.000,275.000,250.000,-1,-1,-1,-1,875.000,775.000,-1,-1,2,0,2,1,1,0,0,0,1,2,2,2,2,0,1,2,2
133,4164.747,8179.252,15.743,-167.955,-0.977208,0.208678,-0.038958,-0.208348,-0.977976,-0.012390,-0.040685,-0.003991,0.999164,0,0.48000,0.18123,28.800,0.362,-1,450.000,-1,450.000,450.000,375.000,375.000,275.000,250.000,-1,-1,-1,-1,875.000,800.000,-1,-1,2,0,2,1,1,0,0,0,1,2,2,2,2,0,1,2,2
134,4131.927,8172.056,13.765,-167.635,-0.976010,0.214140,-0.039341,-0.213789,-0.976794,-0.012975,-0.041206,-0.004253,0.999142,0,0.56000,0.16010,33.600,0.320,-1,450.000,-1,450.000,475.000,375.000,375.000,275.000,225.000,-1,-1,-1,-1,875.000,825.000,-1,-1,2,0,2,1,1,0,0,0,1,2,2,2,2,0,1,2,2
