timestep,x_cm,y_cm,z_cm,yaw_deg,basis_xx,basis_xy,basis_xz,basis_yx,basis_yy,basis_yz,basis_zx,basis_zy,basis_zz,teleport_flag,throttle_cmd,steering_cmd,cmd_move_cm,cmd_turn_deg,lidar_cm_0,lidar_cm_1,lidar_cm_2,lidar_cm_3,lidar_cm_4,lidar_cm_5,lidar_cm_6,lidar_cm_7,lidar_cm_8,lidar_cm_9,lidar_cm_10,lidar_cm_11,lidar_cm_12,lidar_cm_13,lidar_cm_14,lidar_cm_15,lidar_cm_16,lidar_class_0,lidar_class_1,lidar_class_2,lidar_class_3,lidar_class_4,lidar_class_5,lidar_class_6,lidar_class_7,lidar_class_8,lidar_class_9,lidar_class_10,lidar_class_11,lidar_class_12,lidar_class_13,lidar_class_14,lidar_class_15,lidar_class_16
0,-2300.506,-6888.047,170.952,-170.903,-0.985867,0.158070,0.055504,-0.158941,-0.987220,-0.011613,0.052959,-0.020271,0.998391,1,0.08000,-0.12000,4.800,-0.240,775.000,400.000,-1,400.000,-1,325.000,325.000,300.000,300.000,-1,-1,-1,-1,825.000,800.000,-1,-1,1,0,2,0,2,0,0,0,0,2,2,2,2,0,0,2,2
1,-2309.997,-6889.486,171.460,-171.383,-0.987168,0.149795,0.055319,-0.150651,-0.988519,-0.011615,0.052944,-0.019800,0.998401,0,0.16000,-0.24000,9.600,-0.480,800.000,400.000,-1,400.000,-1,325.000,325.000,300.000,300.000,-1,-1,-1,-1,825.000,800.000,-1,-1,1,0,2,0,2,0,0,0,0,2,2,2,2,0,0,2,2
2,-2324.261,-6891.464,172.226,-172.103,-0.988990,0.137364,0.055039,-0.138197,-0.990337,-0.011612,0.052912,-0.019090,0.998417,0,0.24000,-0.36000,14.400,-0.720,800.000,400.000,-1,400.000,-1,325.000,325.000,300.000,300.000,-1,-1,-1,-1,825.000,800.000,-1,-1,1,0,2,0,2,0,0,0,0,2,2,2,2,0,0,2,2
3,-2343.320,-6893.783,173.254,-173.063,-0.991176,0.120754,0.054665,-0.121557,-0.992517,-0.011598,0.052855,-0.018141,0.998437,0,0.32000,-0.48000,19.200,-0.960,850.000,400.000,-1,400.000,-1,325.000,325.000,300.000,300.000,-1,-1,-1,-1,825.000,800.000,-1,-1,1,0,2,0,2,0,0,0,0,2,2,2,2,0,0,2,2
4,-2367.200,-6896.182,174.548,-174.263,-0.993516,0.099944,0.054195,-0.100709,-0.994849,-0.011565,0.052760,-0.016948,0.998463,0,0.40000,-0.60000,24.000,-1.200,875.000,400.000,-1,400.000,-1,325.000,325.000,300.000,300.000,-1,-1,-1,-1,825.000,800.000,-1,-1,1,0,2,0,2,0,0,0,0,2,2,2,2,0,0,2,2
5,-2395.919,-6898.339,176.114,-175.703,-0.995747,0.074914,0.053630,-0.075632,-0.997069,-0.011499,0.052612,-0.015507,0.998495,0,0.48000,-0.72000,28.800,-1.440,925.000,400.000,-1,400.000,-1,325.000,325.000,300.000,300.000,-1,-1,-1,-1,825.000,800.000,-1,-1,1,0,2,0,2,0,0,0,0,2,2,2,2,0,0,2,2
6,-2429.481,-6899.945,177.958,-177.260,-0.997451,0.047803,0.052974,-0.048470,-0.998760,-0.011396,0.052364,-0.013935,0.998531,0,0.56000,-0.77829,33.600,-1.557,1000.000,400.000,-1,400.000,-1,325.000,325.000,300.000,300.000,-1,-1,-1,-1,825.000,800.000,-1,-1,1,0,2,0,2,0,0,0,0,2,2,2,2,0,0,2,2
7,-2466.155,-6900.703,179.986,-178.817,-0.998420,0.020647,0.052262,-0.021263,-0.999711,-0.011254,0.052015,-0.012347,0.998570,0,0.61137,-0.77852,36.682,-1.557,-1,400.000,-1,400.000,-1,325.000,325.000,300.000,300.000,-1,-1,-1,-1,825.000,800.000,-1,-1,2,0,2,0,2,0,0,0,0,2,2,2,2,0,0,2,2
8,-2502.453,-6900.465,182.006,-180.375,-0.998648,-0.006545,0.051562,0.005982,-0.999921,-0.011070,0.051631,-0.010747,0.998608,0,0.60498,-0.77909,36.299,-1.558,-1,400.000,-1,400.000,-1,325.000,325.000,300.000,300.000,-1,-1,-1,-1,825.000,800.000,-1,-1,2,0,2,0,2,0,0,0,0,2,2,2,2,0,0,2,2
9,-2538.360,-6899.252,184.018,-181.935,-0.998134,-0.033763,0.050877,0.033253,-0.999388,-0.010845,0.051212,-0.009133,0.998646,0,0.59878,-0.77997,35.927,-1.560,-1,400.000,-1,400.000,-1,325.000,325.000,300.000,300.000,-1,-1,-1,-1,825.000,800.000,-1,-1,2,0,2,0,2,0,0,0,0,2,2,2,2,0,0,2,2
10,-2579.021,-6896.939,186.309,-183.255,-0.997129,-0.056776,0.050111,0.056313,-0.998357,-0.010597,0.050630,-0.007745,0.998687,0,0.67878,-0.65997,40.727,-1.320,-1,400.000,-1,400.000,-1,325.000,325.000,300.000,300.000,-1,-1,-1,-1,825.000,800.000,-1,-1,2,0,2,0,2,0,0,0,0,2,2,2,2,0,0,2,2
11,-2622.435,-6893.648,188.625,-184.335,-0.995917,-0.075583,0.049369,0.075133,-0.997114,-0.010905,0.050051,-0.007151,0.998721,0,0.72565,-0.53997,43.539,-1.080,-1,400.000,-1,400.000,-1,325.000,325.000,300.000,300.000,-1,-1,-1,-1,825.000,800.000,-1,-1,2,0,2,0,2,0,0,0,0,2,2,2,2,0,0,2,2
12,-2665.505,-6889.748,190.642,-185.175,-0.994737,-0.090191,0.048609,0.089738,-0.995900,-0.011440,0.049442,-0.007018,0.998752,0,0.72077,-0.41997,43.246,-0.840,-1,400.000,-1,400.000,-1,325.000,325.000,300.000,300.000,-1,-1,-1,-1,825.000,800.000,-1,-1,2,0,2,0,2,0,0,0,0,2,2,2,2,0,0,2,2
13,-2711.482,-6885.098,192.714,-185.775,-0.993778,-0.100614,0.047777,0.100170,-0.994903,-0.011619,0.048702,-0.006761,0.998790,0,0.77020,-0.29997,46.212,-0.600,-1,400.000,-1,400.000,-1,325.000,325.000,300.000,300.000,-1,-1,-1,-1,825.000,800.000,-1,-1,2,0,2,0,2,0,0,0,0,2,2,2,2,0,0,2,2
14,-2757.132,-6880.192,194.778,-186.135,-0.993164,-0.106862,0.046966,0.106423,-0.994251,-0.011763,0.047953,-0.006684,0.998827,0,0.76521,-0.17997,45.913,-0.360,-1,400.000,-1,400.000,-1,325.000,325.000,300.000,300.000,-1,-1,-1,-1,825.000,800.000,-1,-1,2,0,2,0,2,0,0,0,0,2,2,2,2,0,0,2,2
15,-2802.498,-6875.220,196.834,-186.255,-0.992975,-0.108943,0.046173,0.108506,-0.994025,-0.011885,0.047192,-0.006792,0.998863,0,0.76062,-0.05997,45.637,-0.120,-1,400.000,-1,400.000,-1,325.000,325.000,300.000,300.000,-1,-1,-1,-1,825.000,800.000,-1,-1,2,0,2,0,2,0,0,0,0,2,2,2,2,0,0,2,2
16,-2847.627,-6870.369,198.879,-186.134,-0.993237,-0.106860,0.045395,0.106420,-0.994249,-0.011999,0.046417,-0.007087,0.998897,0,0.75649,0.06003,45.389,0.120,-1,400.000,-1,400.000,-1,325.000,325.000,300.000,300.000,-1,-1,-1,-1,825.000,775.000,-1,-1,2,0,2,0,2,0,0,0,0,2,2,2,2,0,0,2,2
17,-2892.569,-6865.825,200.913,-185.774,-0.993925,-0.100609,0.044629,0.100163,-0.994897,-0.012118,0.045620,-0.007574,0.998930,0,0.75285,0.18003,45.171,0.360,-1,400.000,-1,400.000,-1,325.000,325.000,300.000,300.000,-1,-1,-1,-1,825.000,775.000,-1,-1,2,0,2,0,2,0,0,0,0,2,2,2,2,0,0,2,2
18,-2937.366,-6861.737,202.933,-185.214,-0.994896,-0.090873,0.043869,0.090418,-0.995829,-0.012253,0.044799,-0.008224,0.998962,0,0.74973,0.28019,44.984,0.560,-1,400.000,-1,400.000,-1,325.000,325.000,300.000,300.000,-1,-1,-1,-1,825.000,775.000,-1,-1,2,0,2,0,2,0,0,0,0,2,2,2,2,0,0,2,2
19,-2982.042,-6858.099,204.943,-184.655,-0.995769,-0.081145,0.043113,0.080681,-0.996663,-0.012400,0.043975,-0.008869,0.998993,0,0.74706,0.27973,44.823,0.559,-1,400.000,-1,400.000,-1,325.000,325.000,300.000,300.000,-1,-1,-1,-1,825.000,775.000,-1,-1,2,0,2,0,2,0,0,0,0,2,2,2,2,0,0,2,2
20,-3026.595,-6854.909,206.942,-184.096,-0.996546,-0.071431,0.042360,0.070958,-0.997400,-0.012561,0.043148,-0.009512,0.999023,0,0.74445,0.27910,44.667,0.558,-1,400.000,-1,400.000,-1,325.000,325.000,300.000,300.000,-1,-1,-1,-1,825.000,775.000,-1,-1,2,0,2,0,2,0,0,0,0,2,2,2,2,0,0,2,2
21,-3071.026,-6852.160,208.930,-183.540,-0.997225,-0.061738,0.041610,0.061257,-0.998041,-0.012736,0.042315,-0.010152,0.999053,0,0.74193,0.27830,44.516,0.557,-1,400.000,-1,400.000,-1,325.000,325.000,300.000,300.000,-1,-1,-1,-1,825.000,775.000,-1,-1,2,0,2,0,2,0,0,0,0,2,2,2,2,0,0,2,2
22,-3115.335,-6849.850,210.906,-182.985,-0.997807,-0.052072,0.040862,0.051584,-0.998585,-0.012927,0.041477,-0.010791,0.999081,0,0.73949,0.27734,44.369,0.555,-1,400.000,-1,400.000,-1,325.000,325.000,300.000,300.000,-1,-1,-1,-1,825.000,775.000,-1,-1,2,0,2,0,2,0,0,0,0,2,2,2,2,0,0,2,2
23,-3159.524,-6847.973,212.871,-182.433,-0.998293,-0.042441,0.040114,0.041945,-0.999034,-0.013135,0.040633,-0.011430,0.999109,0,0.73716,0.27623,44.230,0.552,-1,400.000,-1,400.000,-1,325.000,325.000,300.000,300.000,-1,-1,-1,-1,850.000,775.000,-1,-1,2,0,2,0,2,0,0,0,0,2,2,2,2,0,0,2,2
24,-3203.597,-6846.524,214.824,-181.883,-0.998685,-0.032851,0.039366,0.032347,-0.999387,-0.013360,0.039781,-0.012069,0.999136,0,0.73494,0.27495,44.096,0.550,-1,400.000,-1,400.000,-1,325.000,325.000,300.000,300.000,-1,-1,-1,-1,850.000,775.000,-1,-1,2,0,2,0,2,0,0,0,0,2,2,2,2,0,0,2,2
25,-3247.556,-6845.499,216.765,-181.336,-0.998982,-0.023307,0.038617,0.022797,-0.999648,-0.013605,0.038921,-0.012710,0.999161,0,0.73284,0.27353,43.971,0.547,-1,400.000,-1,400.000,-1,325.000,325.000,300.000,300.000,-1,-1,-1,-1,850.000,775.000,-1,-1,2,0,2,0,2,0,0,0,0,2,2,2,2,0,0,2,2
26,-3291.404,-6844.893,218.534,-180.792,-0.999179,-0.013817,0.038081,0.013285,-0.999811,-0.014165,0.038270,-0.013648,0.999174,0,0.73088,0.27196,43.853,0.544,-1,400.000,-1,400.000,-1,325.000,325.000,300.000,300.000,-1,-1,-1,-1,850.000,775.000,-1,-1,2,0,2,0,2,0,0,0,0,2,2,2,2,0,0,2,2
27,-3338.136,-6844.690,220.107,-180.249,-0.999291,-0.004353,0.037388,0.003801,-0.999883,-0.014824,0.037448,-0.014672,0.999191,0,0.77887,0.27114,46.732,0.542,-1,400.000,-1,400.000,-1,325.000,325.000,300.000,300.000,-1,-1,-1,-1,850.000,775.000,-1,-1,2,0,2,0,2,0,0,0,0,2,2,2,2,0,0,2,2
28,-3384.735,-6844.931,221.668,-179.704,-0.999313,0.005164,0.036691,-0.005737,-0.999863,-0.015504,0.036606,-0.015704,0.999206,0,0.77667,0.27270,46.600,0.545,-1,400.000,-1,400.000,-1,325.000,325.000,300.000,300.000,-1,-1,-1,-1,850.000,775.000,-1,-1,2,0,2,0,2,0,0,0,0,2,2,2,2,0,0,2,2
29,-3431.191,-6845.615,223.215,-179.156,-0.999244,0.014730,0.035990,-0.015321,-0.999751,-0.016207,0.035743,-0.016746,0.999221,0,0.77434,0.27408,46.461,0.548,-1,400.000,-1,400.000,-1,325.000,325.000,300.000,300.000,-1,-1,-1,-1,850.000,775.000,-1,-1,2,0,2,0,2,0,0,0,0,2,2,2,2,0,0,2,2
30,-3477.492,-6846.743,224.748,-178.605,-0.999081,0.024336,0.035286,-0.024945,-0.999545,-0.016933,0.034858,-0.017798,0.999234,0,0.77191,0.27529,46.315,0.551,-1,400.000,-1,400.000,-1,325.000,325.000,300.000,300.000,-1,-1,-1,-1,850.000,775.000,-1,-1,2,0,2,0,2,0,0,0,0,2,2,2,2,0,0,2,2
31,-3523.629,-6848.312,226.265,-178.053,-0.998824,0.033974,0.034578,-0.034601,-0.999245,-0.017686,0.033951,-0.018862,0.999246,0,0.76940,0.27631,46.164,0.553,-1,400.000,-1,400.000,-1,325.000,325.000,300.000,300.000,-1,-1,-1,-1,850.000,775.000,-1,-1,2,0,2,0,2,0,0,0,0,2,2,2,2,0,0,2,2
32,-3569.594,-6850.320,227.765,-177.498,-0.998473,0.043639,0.033866,-0.044282,-0.998848,-0.018467,0.033021,-0.019939,0.999256,0,0.76681,0.27715,46.008,0.554,-1,400.000,-1,400.000,-1,325.000,325.000,300.000,300.000,-1,-1,-1,-1,850.000,775.000,-1,-1,2,0,2,0,2,0,0,0,0,2,2,2,2,0,0,2,2
33,-3615.378,-6852.766,229.247,-176.943,-0.998027,0.053322,0.033150,-0.053980,-0.998356,-0.019278,0.032068,-0.021029,0.999264,0,0.76416,0.27781,45.850,0.556,-1,400.000,-1,400.000,-1,325.000,325.000,300.000,300.000,-1,-1,-1,-1,850.000,775.000,-1,-1,2,0,2,0,2,0,0,0,0,2,2,2,2,0,0,2,2
34,-3663.002,-6855.734,230.776,-176.434,-0.997539,0.062181,0.032398,-0.062853,-0.997819,-0.020152,0.031075,-0.022139,0.999272,0,0.79529,0.25433,47.717,0.509,-1,400.000,-1,400.000,-1,325.000,325.000,300.000,300.000,-1,-1,-1,-1,850.000,775.000,-1,-1,2,0,2,0,2,0,0,0,0,2,2,2,2,0,0,2,2
35,-3710.421,-6859.112,232.285,-175.925,-0.996971,0.071046,0.031643,-0.071731,-0.997202,-0.021058,0.030059,-0.023264,0.999277,0,0.79232,0.25463,47.539,0.509,-1,400.000,-1,400.000,-1,325.000,325.000,300.000,300.000,-1,-1,-1,-1,850.000,775.000,-1,-1,2,0,2,0,2,0,0,0,0,2,2,2,2,0,0,2,2
36,-3757.630,-6862.898,233.773,-175.415,-0.996324,0.079908,0.030885,-0.080604,-0.996503,-0.021998,0.029020,-0.024407,0.999281,0,0.78934,0.25473,47.361,0.509,-1,400.000,-1,400.000,-1,325.000,325.000,300.000,300.000,-1,-1,-1,-1,850.000,775.000,-1,-1,2,0,2,0,2,0,0,0,0,2,2,2,2,0,0,2,2
37,-3804.627,-6867.088,235.239,-174.906,-0.995598,0.088758,0.030125,-0.089465,-0.995725,-0.022974,0.027957,-0.025568,0.999282,0,0.78639,0.25462,47.183,0.509,-1,400.000,-1,400.000,-1,325.000,325.000,300.000,300.000,-1,-1,-1,-1,850.000,775.000,-1,-1,2,0,2,0,2,0,0,0,0,2,2,2,2,0,0,2,2
38,-3851.410,-6871.678,236.682,-174.398,-0.994793,0.097591,0.029362,-0.098306,-0.994867,-0.023987,0.026871,-0.026748,0.999281,0,0.78347,0.25431,47.008,0.509,-1,400.000,-1,400.000,-1,325.000,325.000,300.000,300.000,-1,-1,-1,-1,850.000,775.000,-1,-1,2,0,2,0,2,0,0,0,0,2,2,2,2,0,0,2,2
39,-3897.980,-6876.663,238.102,-173.890,-0.993912,0.106398,0.028598,-0.107120,-0.993931,-0.025038,0.025760,-0.027949,0.999277,0,0.78060,0.25381,46.836,0.508,-1,400.000,-1,400.000,-1,325.000,325.000,300.000,300.000,-1,-1,-1,-1,850.000,775.000,-1,-1,2,0,2,0,2,0,0,0,0,2,2,2,2,0,0,2,2
40,-3944.338,-6882.041,239.342,-173.384,-0.992955,0.115173,0.027849,-0.115887,-0.992934,-0.025548,0.024709,-0.028596,0.999286,0,0.77781,0.25311,46.669,0.506,-1,400.000,-1,400.000,-1,325.000,325.000,300.000,300.000,-1,-1,-1,-1,875.000,775.000,-1,-1,2,0,2,0,2,0,0,0,0,2,2,2,2,0,0,2,2
41,-3990.486,-6887.806,240.410,-172.879,-0.991919,0.123906,0.027268,-0.124624,-0.991853,-0.026404,0.023774,-0.029589,0.999279,0,0.77512,0.25222,46.507,0.504,-1,400.000,-1,400.000,-1,325.000,325.000,300.000,300.000,-1,-1,-1,-1,875.000,775.000,-1,-1,2,0,2,0,2,0,0,0,0,2,2,2,2,0,0,2,2
42,-4036.428,-6893.955,241.383,-172.377,-0.990811,0.132592,0.026720,-0.133319,-0.990689,-0.027586,0.022813,-0.030894,0.999262,0,0.77253,0.25115,46.352,0.502,-1,400.000,-1,375.000,-1,325.000,325.000,300.000,300.000,-1,-1,-1,-1,875.000,775.000,-1,-1,2,0,2,0,2,0,0,0,0,2,2,2,2,0,0,2,2
43,-4082.168,-6900.484,242.331,-171.877,-0.989632,0.141223,0.026180,-0.141959,-0.989453,-0.028803,0.021836,-0.032220,0.999242,0,0.77006,0.24990,46.204,0.500,-1,400.000,-1,375.000,-1,325.000,325.000,300.000,300.000,-1,-1,-1,-1,850.000,775.000,-1,-1,2,0,2,0,2,0,0,0,0,2,2,2,2,0,0,2,2
44,-4127.712,-6907.389,243.255,-171.380,-0.988385,0.149793,0.025650,-0.150537,-0.988147,-0.030056,0.020844,-0.033568,0.999219,0,0.76773,0.24847,46.064,0.497,-1,400.000,-1,375.000,-1,325.000,325.000,300.000,300.000,-1,-1,-1,-1,850.000,775.000,-1,-1,2,0,2,0,2,0,0,0,0,2,2,2,2,0,0,2,2
45,-4173.064,-6914.665,244.154,-170.886,-0.987072,0.158295,0.025131,-0.159045,-0.986774,-0.031346,0.019837,-0.034938,0.999193,0,0.76554,0.24688,45.932,0.494,-1,400.000,-1,375.000,-1,325.000,325.000,300.000,300.000,-1,-1,-1,-1,850.000,775.000,-1,-1,2,0,2,0,2,0,0,0,0,2,2,2,2,0,0,2,2
46,-4218.232,-6922.308,245.026,-170.396,-0.985696,0.166724,0.024624,-0.167479,-0.985334,-0.032674,0.018816,-0.036331,0.999163,0,0.76351,0.24512,45.810,0.490,-1,400.000,-1,375.000,-1,325.000,325.000,300.000,300.000,-1,-1,-1,-1,850.000,775.000,-1,-1,2,0,2,0,2,0,0,0,0,2,2,2,2,0,0,2,2
47,-4263.223,-6930.315,245.873,-169.910,-0.984260,0.175073,0.024131,-0.175831,-0.983832,-0.034040,0.017781,-0.037748,0.999129,0,0.76163,0.24319,45.698,0.486,-1,400.000,-1,375.000,-1,325.000,325.000,300.000,325.000,-1,-1,-1,-1,850.000,775.000,-1,-1,2,0,2,0,2,0,0,0,0,2,2,2,2,0,0,2,2
48,-4308.044,-6938.681,246.692,-169.428,-0.982766,0.183337,0.023653,-0.184097,-0.982269,-0.035446,0.016734,-0.039190,0.999092,0,0.75993,0.24111,45.596,0.482,-1,400.000,-1,375.000,-1,325.000,325.000,300.000,325.000,-1,-1,-1,-1,850.000,775.000,-1,-1,2,0,2,0,2,0,0,0,0,2,2,2,2,0,0,2,2
49,-4352.704,-6947.404,247.484,-168.950,-0.981217,0.191510,0.023190,-0.192271,-0.980648,-0.036893,0.015676,-0.040658,0.999050,0,0.75839,0.23888,45.503,0.478,-1,400.000,-1,375.000,-1,325.000,325.000,300.000,325.000,-1,-1,-1,-1,850.000,775.000,-1,-1,2,0,2,0,2,0,0,0,0,2,2,2,2,0,0,2,2
50,-4397.210,-6956.478,248.249,-168.477,-0.979616,0.199587,0.022745,-0.200347,-0.978973,-0.038380,0.014607,-0.042154,0.999004,0,0.75703,0.23650,45.422,0.473,-1,400.000,-1,375.000,-1,325.000,325.000,300.000,325.000,-1,-1,-1,-1,850.000,775.000,-1,-1,2,0,2,0,2,0,0,0,0,2,2,2,2,0,0,2,2
51,-4441.571,-6965.901,248.985,-168.009,-0.977967,0.207562,0.022318,-0.208320,-0.977246,-0.039908,0.013527,-0.043678,0.998954,0,0.75585,0.23399,45.351,0.468,-1,400.000,-1,400.000,-1,325.000,325.000,300.000,325.000,-1,-1,-1,-1,850.000,775.000,-1,-1,2,0,2,0,2,0,0,0,0,2,2,2,2,0,0,2,2
52,-4485.796,-6975.669,249.693,-167.546,-0.976273,0.215432,0.021911,-0.216186,-0.975471,-0.041478,0.012438,-0.045231,0.998899,0,0.75485,0.23133,45.291,0.463,-1,400.000,-1,400.000,-1,325.000,325.000,300.000,325.000,-1,-1,-1,-1,850.000,775.000,-1,-1,2,0,2,0,2,0,0,0,0,2,2,2,2,0,0,2,2
53,-4529.894,-6985.779,250.353,-167.089,-0.974536,0.223191,0.021563,-0.223940,-0.973653,-0.043014,0.011394,-0.046747,0.998842,0,0.75403,0.22854,45.242,0.457,-1,400.000,-1,400.000,-1,325.000,325.000,300.000,325.000,-1,-1,-1,-1,850.000,775.000,-1,-1,2,0,2,0,2,0,0,0,0,2,2,2,2,0,0,2,2
54,-4573.874,-6996.226,250.837,-166.638,-0.972762,0.230841,0.021121,-0.231574,-0.971819,-0.044066,0.010353,-0.047757,0.998805,0,0.75339,0.22562,45.203,0.451,-1,400.000,-1,400.000,-1,325.000,325.000,300.000,325.000,-1,-1,-1,-1,850.000,775.000,-1,-1,2,0,2,0,2,0,0,0,0,2,2,2,2,0,0,2,2
55,-4617.744,-7007.008,251.248,-166.193,-0.970957,0.238374,0.020522,-0.239080,-0.969955,-0.045036,0.009170,-0.048634,0.998775,0,0.75293,0.22257,45.176,0.445,-1,400.000,-1,400.000,-1,325.000,325.000,300.000,325.000,-1,-1,-1,-1,850.000,775.000,-1,-1,2,0,2,0,2,0,0,0,0,2,2,2,2,0,0,2,2
56,-4661.514,-7018.122,251.602,-165.754,-0.969117,0.245783,0.020063,-0.246468,-0.968052,-0.046151,0.008079,-0.049671,0.998733,0,0.75265,0.21940,45.159,0.439,-1,400.000,-1,400.000,-1,325.000,325.000,300.000,325.000,-1,-1,-1,-1,825.000,775.000,-1,-1,2,0,2,0,2,0,0,0,0,2,2,2,2,0,0,2,2
57,-4705.192,-7029.564,251.899,-165.322,-0.967248,0.253063,0.019740,-0.253733,-0.966111,-0.047414,0.007072,-0.050870,0.998680,0,0.75254,0.21611,45.152,0.432,-1,400.000,-1,400.000,-1,325.000,325.000,300.000,325.000,-1,-1,-1,-1,825.000,775.000,-1,-1,2,0,2,0,2,0,0,0,0,2,2,2,2,0,0,2,2
58,-4748.788,-7041.331,252.153,-164.896,-0.965357,0.260214,0.019372,-0.260865,-0.964149,-0.048652,0.006017,-0.052020,0.998628,0,0.75260,0.21271,45.156,0.425,-1,400.000,-1,400.000,-1,325.000,325.000,300.000,325.000,-1,-1,-1,-1,825.000,775.000,-1,-1,2,0,2,0,2,0,0,0,0,2,2,2,2,0,0,2,2
59,-4789.273,-7052.764,252.241,-164.231,-0.962291,0.271384,0.018630,-0.271986,-0.961028,-0.049493,0.004473,-0.052693,0.998601,0,0.70114,0.33271,42.069,0.665,-1,400.000,-1,400.000,-1,325.000,325.000,300.000,325.000,-1,-1,-1,-1,825.000,775.000,-1,-1,2,0,2,0,2,0,0,0,0,2,2,2,2,0,0,2,2
60,-4829.610,-7064.847,252.279,-163.325,-0.957905,0.286526,0.017889,-0.287071,-0.956586,-0.050336,0.002690,-0.053353,0.998572,0,0.70180,0.45271,42.108,0.905,-1,400.000,-1,400.000,-1,325.000,325.000,300.000,325.000,-1,-1,-1,-1,825.000,775.000,-1,-1,2,0,2,0,2,0,0,0,0,2,2,2,2,0,0,2,2
61,-4869.754,-7077.752,252.258,-162.180,-0.952012,0.305581,0.017150,-0.306061,-0.950634,-0.051198,0.000659,-0.053990,0.998541,0,0.70280,0.57271,42.168,1.145,-1,400.000,-1,400.000,-1,325.000,325.000,300.000,325.000,-1,-1,-1,-1,825.000,775.000,-1,-1,2,0,2,0,2,0,0,0,0,2,2,2,2,0,0,2,2
62,-4909.648,-7091.649,252.171,-160.795,-0.944374,0.328465,0.016417,-0.328871,-0.942937,-0.052092,-0.001630,-0.054594,0.998507,0,0.70410,0.69271,42.246,1.385,-1,400.000,-1,400.000,-1,325.000,325.000,300.000,325.000,-1,-1,-1,-1,800.000,775.000,-1,-1,2,0,2,0,2,0,0,0,0,2,2,2,2,0,0,2,2
63,-4949.219,-7106.706,252.010,-159.169,-0.934709,0.355068,0.015694,-0.355390,-0.933212,-0.053035,-0.004185,-0.055150,0.998469,0,0.70564,0.81271,42.339,1.625,-1,400.000,-1,400.000,-1,325.000,325.000,300.000,325.000,-1,-1,-1,-1,800.000,775.000,-1,-1,2,0,2,0,2,0,0,0,0,2,2,2,2,0,0,2,2
64,-4988.412,-7122.996,251.775,-157.432,-0.923549,0.383186,0.014995,-0.383418,-0.921992,-0.054050,-0.006886,-0.055667,0.998426,0,0.70740,0.86864,42.444,1.737,-1,400.000,-1,400.000,-1,325.000,325.000,300.000,325.000,-1,-1,-1,-1,800.000,775.000,-1,-1,2,0,2,0,2,0,0,0,0,2,2,2,2,0,0,2,2
65,-5027.193,-7140.506,251.469,-155.701,-0.911593,0.410845,0.014334,-0.410982,-0.909974,-0.055151,-0.009615,-0.056166,0.998375,0,0.70920,0.86533,42.552,1.731,-1,400.000,-1,400.000,-1,325.000,325.000,300.000,325.000,-1,-1,-1,-1,800.000,775.000,-1,-1,2,0,2,0,2,0,0,0,0,2,2,2,2,0,0,2,2
66,-5065.525,-7159.221,251.091,-153.977,-0.898858,0.438025,0.013718,-0.438066,-0.897176,-0.056338,-0.012370,-0.056649,0.998318,0,0.71095,0.86206,42.657,1.724,-1,400.000,-1,400.000,-1,325.000,325.000,300.000,325.000,-1,-1,-1,-1,800.000,775.000,-1,-1,2,0,2,0,2,0,0,0,0,2,2,2,2,0,0,2,2
67,-5103.368,-7179.124,250.578,-152.259,-0.885365,0.464710,0.013172,-0.464652,-0.883622,-0.057537,-0.015099,-0.057061,0.998256,0,0.71264,0.85884,42.758,1.718,-1,400.000,-1,400.000,-1,325.000,325.000,300.000,325.000,-1,-1,-1,-1,775.000,775.000,-1,-1,2,0,2,0,2,0,0,0,0,2,2,2,2,0,0,2,2
68,-5140.685,-7200.196,249.902,-150.548,-0.871129,0.490889,0.012752,-0.490740,-0.869346,-0.058407,-0.017585,-0.057138,0.998211,0,0.71427,0.85566,42.856,1.711,-1,400.000,-1,400.000,-1,325.000,325.000,300.000,300.000,-1,-1,-1,-1,775.000,750.000,-1,-1,2,0,2,0,2,0,0,0,0,2,2,2,2,0,0,2,2
69,-5177.439,-7222.419,249.154,-148.843,-0.856176,0.516536,0.012374,-0.516294,-0.854351,-0.059366,-0.020093,-0.057216,0.998160,0,0.71584,0.85253,42.951,1.705,-1,400.000,-1,400.000,-1,325.000,325.000,300.000,300.000,-1,-1,-1,-1,775.000,750.000,-1,-1,2,0,2,0,2,0,0,0,0,2,2,2,2,0,0,2,2
70,-5213.595,-7245.770,248.337,-147.144,-0.840527,0.541635,0.012067,-0.541298,-0.838657,-0.060416,-0.022603,-0.057313,0.998100,0,0.71736,0.84945,43.042,1.699,-1,400.000,-1,400.000,-1,325.000,325.000,300.000,300.000,-1,-1,-1,-1,775.000,750.000,-1,-1,2,0,2,0,2,0,0,0,0,2,2,2,2,0,0,2,2
71,-5249.118,-7270.229,247.457,-145.451,-0.824203,0.566170,0.011857,-0.565737,-0.822285,-0.061558,-0.025102,-0.057444,0.998033,0,0.71882,0.84642,43.129,1.693,-1,400.000,-1,400.000,-1,325.000,325.000,300.000,300.000,-1,-1,-1,-1,775.000,750.000,-1,-1,2,0,2,0,2,0,0,0,0,2,2,2,2,0,0,2,2
72,-5283.973,-7295.772,246.312,-143.764,-0.807208,0.590149,0.011794,-0.589649,-0.805288,-0.061853,-0.027005,-0.056883,0.998016,0,0.72023,0.84343,43.214,1.687,-1,400.000,-1,400.000,-1,325.000,325.000,300.000,300.000,-1,-1,-1,-1,775.000,750.000,-1,-1,2,0,2,0,2,0,0,0,0,2,2,2,2,0,0,2,2
73,-5318.128,-7322.377,245.088,-142.083,-0.789577,0.613538,0.011793,-0.612973,-0.787656,-0.062149,-0.028842,-0.056301,0.997997,0,0.72157,0.84050,43.294,1.681,-1,400.000,-1,400.000,-1,325.000,325.000,300.000,300.000,-1,-1,-1,-1,775.000,750.000,-1,-1,2,0,2,0,2,0,0,0,0,2,2,2,2,0,0,2,2
74,-5351.550,-7350.018,243.785,-140.408,-0.771331,0.636323,0.011867,-0.635697,-0.769408,-0.062457,-0.030613,-0.055719,0.997977,0,0.72287,0.83761,43.372,1.675,-1,400.000,-1,400.000,-1,325.000,325.000,300.000,300.000,-1,-1,-1,-1,775.000,750.000,-1,-1,2,0,2,0,2,0,0,0,0,2,2,2,2,0,0,2,2
75,-5384.209,-7378.670,242.407,-138.739,-0.752493,0.658491,0.012004,-0.657807,-0.750567,-0.062769,-0.032323,-0.055129,0.997956,0,0.72411,0.83478,43.447,1.670,-1,400.000,-1,400.000,-1,325.000,325.000,300.000,300.000,-1,-1,-1,-1,750.000,750.000,-1,-1,2,0,2,0,2,0,0,0,0,2,2,2,2,0,0,2,2
76,-5416.075,-7408.307,240.959,-137.075,-0.733082,0.680031,0.012183,-0.679291,-0.731154,-0.063075,-0.033985,-0.054515,0.997934,0,0.72530,0.83199,43.518,1.664,-1,400.000,-1,400.000,-1,325.000,325.000,300.000,300.000,-1,-1,-1,-1,750.000,750.000,-1,-1,2,0,2,0,2,0,0,0,0,2,2,2,2,0,0,2,2
77,-5447.118,-7438.902,239.442,-135.416,-0.713120,0.700932,0.012405,-0.700138,-0.711190,-0.063371,-0.035597,-0.053876,0.997913,0,0.72644,0.82926,43.586,1.659,-1,400.000,-1,400.000,-1,325.000,325.000,300.000,300.000,-1,-1,-1,-1,750.000,750.000,-1,-1,2,0,2,0,2,0,0,0,0,2,2,2,2,0,0,2,2
78,-5477.310,-7470.427,237.857,-133.763,-0.692628,0.721183,0.012667,-0.720337,-0.690697,-0.063654,-0.037157,-0.053213,0.997892,0,0.72752,0.82658,43.651,1.653,-1,400.000,-1,400.000,-1,325.000,325.000,300.000,300.000,-1,-1,-1,-1,750.000,750.000,-1,-1,2,0,2,0,2,0,0,0,0,2,2,2,2,0,0,2,2
79,-5506.625,-7502.853,236.153,-132.115,-0.671625,0.740782,0.012714,-0.739873,-0.669704,-0.063905,-0.038825,-0.052327,0.997875,0,0.72856,0.82395,43.713,1.648,-1,400.000,-1,400.000,-1,325.000,325.000,300.000,300.000,-1,-1,-1,-1,750.000,725.000,-1,-1,2,0,2,0,2,0,0,0,0,2,2,2,2,0,0,2,2
80,-5535.037,-7536.151,234.369,-130.472,-0.650132,0.759714,0.012730,-0.758742,-0.648225,-0.064147,-0.040482,-0.051363,0.997859,0,0.72954,0.82137,43.772,1.643,-1,400.000,-1,400.000,-1,325.000,325.000,300.000,300.000,-1,-1,-1,-1,750.000,725.000,-1,-1,2,0,2,0,2,0,0,0,0,2,2,2,2,0,0,2,2
81,-5562.521,-7570.291,232.517,-128.835,-0.628172,0.777969,0.012767,-0.776935,-0.626280,-0.064384,-0.042094,-0.050363,0.997844,0,0.73048,0.81884,43.829,1.638,-1,400.000,-1,400.000,-1,325.000,325.000,300.000,300.000,-1,-1,-1,-1,750.000,725.000,-1,-1,2,0,2,0,2,0,0,0,0,2,2,2,2,0,0,2,2
82,-5589.054,-7605.242,230.601,-127.202,-0.605766,0.795539,0.012823,-0.794444,-0.603891,-0.064617,-0.043662,-0.049330,0.997828,0,0.73137,0.81637,43.882,1.633,-1,400.000,-1,400.000,-1,325.000,325.000,300.000,300.000,-1,-1,-1,-1,750.000,725.000,-1,-1,2,0,2,0,2,0,0,0,0,2,2,2,2,0,0,2,2
83,-5614.612,-7640.975,228.646,-125.574,-0.582933,0.812418,0.012879,-0.811265,-0.581079,-0.064780,-0.045145,-0.048211,0.997816,0,0.73221,0.81395,43.932,1.628,-1,400.000,-1,400.000,-1,325.000,325.000,300.000,300.000,-1,-1,-1,-1,750.000,725.000,-1,-1,2,0,2,0,2,0,0,0,0,2,2,2,2,0,0,2,2
84,-5639.174,-7677.457,226.628,-123.951,-0.559697,0.828595,0.013039,-0.827391,-0.557862,-0.064911,-0.046511,-0.047119,0.997806,0,0.73300,0.81159,43.980,1.623,-1,400.000,-1,400.000,-1,325.000,325.000,300.000,300.000,-1,-1,-1,-1,750.000,725.000,-1,-1,2,0,2,0,2,0,0,0,0,2,2,2,2,0,0,2,2
85,-5662.720,-7714.655,224.551,-122.332,-0.536079,0.844064,0.013254,-0.842811,-0.534262,-0.065057,-0.047831,-0.046046,0.997794,0,0.73375,0.80927,44.025,1.619,-1,400.000,-1,400.000,-1,325.000,325.000,300.000,300.000,-1,-1,-1,-1,750.000,725.000,-1,-1,2,0,2,0,2,0,0,0,0,2,2,2,2,0,0,2,2
86,-5685.231,-7752.539,222.421,-120.718,-0.512101,0.858819,0.013499,-0.857519,-0.510301,-0.065218,-0.049123,-0.044974,0.997780,0,0.73446,0.80702,44.068,1.614,-1,400.000,-1,400.000,-1,325.000,325.000,300.000,300.000,-1,-1,-1,-1,750.000,725.000,-1,-1,2,0,2,0,2,0,0,0,0,2,2,2,2,0,0,2,2
87,-5706.688,-7791.075,220.253,-119.109,-0.487781,0.872858,0.013748,-0.871514,-0.486000,-0.065329,-0.050341,-0.043847,0.997769,0,0.73512,0.80481,44.107,1.610,-1,400.000,-1,400.000,-1,325.000,325.000,300.000,300.000,-1,-1,-1,-1,750.000,725.000,-1,-1,2,0,2,0,2,0,0,0,0,2,2,2,2,0,0,2,2
88,-5727.075,-7830.230,218.089,-117.503,-0.463128,0.886182,0.013912,-0.884802,-0.461384,-0.065197,-0.051358,-0.042504,0.997775,0,0.73574,0.80266,44.145,1.605,-1,400.000,-1,400.000,-1,325.000,325.000,300.000,300.000,-1,-1,-1,-1,750.000,725.000,-1,-1,2,0,2,0,2,0,0,0,0,2,2,2,2,0,0,2,2
89,-5746.374,-7869.970,215.877,-115.902,-0.438177,0.898778,0.014092,-0.897363,-0.436467,-0.065086,-0.052347,-0.041164,0.997780,0,0.73632,0.80057,44.179,1.601,-1,400.000,-1,400.000,-1,325.000,325.000,300.000,300.000,-1,-1,-1,-1,750.000,725.000,-1,-1,2,0,2,0,2,0,0,0,0,2,2,2,2,0,0,2,2
90,-5766.718,-7914.525,213.385,-114.541,-0.416695,0.908934,0.014300,-0.907493,-0.415013,-0.064966,-0.053116,-0.040048,0.997785,0,0.81632,0.68057,48.979,1.361,-1,400.000,-1,400.000,-1,325.000,325.000,300.000,300.000,-1,-1,-1,-1,750.000,725.000,-1,-1,2,0,2,0,2,0,0,0,0,2,2,2,2,0,0,2,2
91,-5788.094,-7963.873,210.571,-113.420,-0.398815,0.916918,0.014450,-0.915466,-0.397165,-0.064663,-0.053552,-0.039017,0.997803,0,0.89632,0.56057,53.779,1.121,-1,400.000,-1,400.000,-1,325.000,325.000,300.000,300.000,-1,-1,-1,-1,750.000,725.000,-1,-1,2,0,2,0,2,0,0,0,0,2,2,2,2,0,0,2,2
92,-5809.773,-8016.293,207.551,-112.467,-0.383496,0.923427,0.014617,-0.921980,-0.381879,-0.064193,-0.053696,-0.038095,0.997830,0,0.94544,0.47633,56.726,0.953,-1,400.000,-1,400.000,-1,325.000,325.000,300.000,300.000,-1,-1,-1,-1,750.000,725.000,-1,-1,2,0,2,0,2,0,0,0,0,2,2,2,2,0,0,2,2
93,-5830.585,-8069.081,204.514,-111.517,-0.368109,0.929663,0.014884,-0.928226,-0.366520,-0.063708,-0.053771,-0.037267,0.997858,0,0.94571,0.47522,56.742,0.950,-1,400.000,-1,400.000,-1,325.000,325.000,300.000,300.000,-1,-1,-1,-1,750.000,725.000,-1,-1,2,0,2,0,2,0,0,0,0,2,2,2,2,0,0,2,2
94,-5850.518,-8122.207,201.439,-110.566,-0.352621,0.935644,0.015140,-0.934215,-0.351060,-0.063235,-0.053850,-0.036442,0.997884,0,0.94571,0.47522,56.742,0.950,-1,400.000,-1,400.000,-1,325.000,325.000,300.000,300.000,-1,-1,-1,-1,750.000,725.000,-1,-1,2,0,2,0,2,0,0,0,0,2,2,2,2,0,0,2,2
95,-5869.568,-8175.656,198.325,-109.616,-0.337036,0.941366,0.015386,-0.939946,-0.335501,-0.062773,-0.053931,-0.035619,0.997909,0,0.94571,0.47522,56.742,0.950,-1,400.000,-1,400.000,-1,325.000,325.000,300.000,300.000,-1,-1,-1,-1,750.000,725.000,-1,-1,2,0,2,0,2,0,0,0,0,2,2,2,2,0,0,2,2
96,-5887.728,-8229.414,195.175,-108.666,-0.321357,0.946829,0.015622,-0.945416,-0.319850,-0.062323,-0.054012,-0.034797,0.997934,0,0.94571,0.47522,56.742,0.950,-1,400.000,-1,400.000,-1,325.000,325.000,300.000,300.000,-1,-1,-1,-1,750.000,725.000,-1,-1,2,0,2,0,2,0,0,0,0,2,2,2,2,0,0,2,2
97,-5904.994,-8283.465,192.020,-107.715,-0.305595,0.952027,0.015989,-0.950629,-0.304107,-0.061828,-0.054000,-0.034094,0.997959,0,0.94571,0.47522,56.742,0.950,-1,400.000,-1,400.000,-1,325.000,325.000,300.000,300.000,-1,-1,-1,-1,750.000,725.000,-1,-1,2,0,2,0,2,0,0,0,0,2,2,2,2,0,0,2,2
98,-5921.361,-8337.796,188.870,-106.765,-0.289753,0.956959,0.016514,-0.955584,-0.288279,-0.061270,-0.053872,-0.033533,0.997985,0,0.94571,0.47522,56.742,0.950,-1,400.000,-1,400.000,-1,325.000,325.000,300.000,300.000,-1,-1,-1,-1,750.000,725.000,-1,-1,2,0,2,0,2,0,0,0,0,2,2,2,2,0,0,2,2
99,-5936.825,-8392.390,185.720,-105.814,-0.273826,0.961632,0.016863,-0.960271,-0.272372,-0.060776,-0.053851,-0.032834,0.998009,0,0.94571,0.47522,56.742,0.950,-1,400.000,-1,400.000,-1,325.000,325.000,300.000,300.000,-1,-1,-1,-1,750.000,725.000,-1,-1,2,0,2,0,2,0,0,0,0,2,2,2,2,0,0,2,2
100,-5951.381,-8447.234,182.565,-104.864,-0.257818,0.966043,0.017061,-0.964688,-0.256391,-0.060344,-0.053920,-0.032016,0.998032,0,0.94571,0.47522,56.742,0.950,-1,400.000,-1,400.000,-1,325.000,325.000,300.000,300.000,-1,-1,-1,-1,750.000,750.000,-1,-1,2,0,2,0,2,0,0,0,0,2,2,2,2,0,0,2,2
101,-5965.025,-8502.311,179.471,-103.913,-0.241723,0.970199,0.016830,-0.968831,-0.240340,-0.060033,-0.054199,-0.030817,0.998055,0,0.94571,0.47522,56.742,0.950,-1,400.000,-1,400.000,-1,325.000,325.000,300.000,300.000,-1,-1,-1,-1,750.000,750.000,-1,-1,2,0,2,0,2,0,0,0,0,2,2,2,2,0,0,2,2
102,-5977.755,-8557.607,176.355,-102.963,-0.225557,0.974089,0.016554,-0.972708,-0.224222,-0.059692,-0.054434,-0.029567,0.998080,0,0.94571,0.47522,56.742,0.950,-1,400.000,-1,400.000,-1,325.000,325.000,300.000,300.000,-1,-1,-1,-1,750.000,750.000,-1,-1,2,0,2,0,2,0,0,0,0,2,2,2,2,0,0,2,2
103,-5989.564,-8613.107,173.238,-102.012,-0.209335,0.977707,0.016359,-0.976309,-0.208041,-0.059494,-0.054764,-0.028426,0.998095,0,0.94571,0.47522,56.742,0.950,-1,400.000,-1,400.000,-1,325.000,325.000,300.000,300.000,-1,-1,-1,-1,750.000,750.000,-1,-1,2,0,2,0,2,0,0,0,0,2,2,2,2,0,0,2,2
104,-6000.452,-8668.795,170.087,-101.062,-0.193055,0.981055,0.016144,-0.979639,-0.191801,-0.059323,-0.055102,-0.027268,0.998108,0,0.94571,0.47522,56.742,0.950,-1,400.000,-1,400.000,-1,325.000,325.000,300.000,300.000,-1,-1,-1,-1,750.000,750.000,-1,-1,2,0,2,0,2,0,0,0,0,2,2,2,2,0,0,2,2
105,-6010.415,-8724.656,166.899,-100.112,-0.176720,0.984133,0.015897,-0.982699,-0.175507,-0.059156,-0.055427,-0.026076,0.998122,0,0.94571,0.47522,56.742,0.950,-1,400.000,-1,400.000,-1,325.000,325.000,300.000,300.000,-1,-1,-1,-1,750.000,750.000,-1,-1,2,0,2,0,2,0,0,0,0,2,2,2,2,0,0,2,2
106,-6019.454,-8780.687,163.676,-99.164,-0.160374,0.986933,0.015619,-0.985481,-0.159204,-0.058994,-0.055736,-0.024854,0.998136,0,0.94593,0.47402,56.756,0.948,-1,400.000,-1,400.000,-1,325.000,325.000,300.000,300.000,-1,-1,-1,-1,750.000,750.000,-1,-1,2,0,2,0,2,0,0,0,0,2,2,2,2,0,0,2,2
107,-6027.570,-8836.876,160.418,-98.219,-0.144046,0.989453,0.015309,-0.987983,-0.142922,-0.058839,-0.056030,-0.023601,0.998150,0,0.94619,0.47214,56.771,0.944,-1,400.000,-1,400.000,-1,325.000,325.000,300.000,300.000,-1,-1,-1,-1,750.000,750.000,-1,-1,2,0,2,0,2,0,0,0,0,2,2,2,2,0,0,2,2
108,-6034.763,-8893.194,157.161,-97.278,-0.127738,0.991693,0.015072,-0.990203,-0.126652,-0.058800,-0.056403,-0.022435,0.998156,0,0.94627,0.47064,56.776,0.941,-1,400.000,-1,400.000,-1,325.000,325.000,300.000,300.000,-1,-1,-1,-1,750.000,750.000,-1,-1,2,0,2,0,2,0,0,0,0,2,2,2,2,0,0,2,2
109,-6041.032,-8949.620,153.912,-96.339,-0.111440,0.993659,0.014926,-0.992143,-0.110385,-0.058889,-0.056868,-0.021372,0.998153,0,0.94621,0.46952,56.773,0.939,-1,400.000,-1,400.000,-1,325.000,325.000,300.000,300.000,-1,-1,-1,-1,750.000,750.000,-1,-1,2,0,2,0,2,0,0,0,0,2,2,2,2,0,0,2,2
110,-6045.933,-9001.361,150.911,-95.411,-0.095300,0.995339,0.014762,-0.993797,-0.094278,-0.058981,-0.057315,-0.020291,0.998150,0,0.86621,0.46404,51.973,0.928,-1,400.000,-1,400.000,-1,325.000,325.000,300.000,275.000,-1,-1,-1,-1,750.000,775.000,-1,-1,2,0,2,0,2,0,0,0,0,2,2,2,2,0,0,2,2
111,-6049.621,-9048.389,148.165,-94.483,-0.079145,0.996756,0.014580,-0.995189,-0.078157,-0.059080,-0.057749,-0.019185,0.998147,0,0.78621,0.46372,47.173,0.927,-1,400.000,-1,400.000,-1,325.000,325.000,300.000,275.000,-1,-1,-1,-1,750.000,775.000,-1,-1,2,0,2,0,2,0,0,0,0,2,2,2,2,0,0,2,2
112,-6052.347,-9092.239,145.587,-93.556,-0.062967,0.997912,0.014379,-0.996319,-0.062014,-0.059183,-0.058168,-0.018052,0.998144,0,0.73223,0.46372,43.934,0.927,-1,400.000,-1,400.000,-1,325.000,325.000,300.000,275.000,-1,-1,-1,-1,750.000,775.000,-1,-1,2,0,2,0,2,0,0,0,0,2,2,2,2,0,0,2,2
113,-6054.361,-9136.115,142.990,-92.628,-0.046760,0.998806,0.014148,-0.997188,-0.045845,-0.059287,-0.058568,-0.016881,0.998141,0,0.73204,0.46399,43.923,0.928,-1,400.000,-1,400.000,-1,325.000,325.000,300.000,275.000,-1,-1,-1,-1,750.000,775.000,-1,-1,2,0,2,0,2,0,0,0,0,2,2,2,2,0,0,2,2
114,-6055.663,-9180.009,140.381,-91.699,-0.030519,0.999438,0.013861,-0.997793,-0.029645,-0.059415,-0.058971,-0.015644,0.998137,0,0.73189,0.46452,43.913,0.929,-1,400.000,-1,400.000,-1,325.000,325.000,300.000,275.000,-1,-1,-1,-1,750.000,775.000,-1,-1,2,0,2,0,2,0,0,0,0,2,2,2,2,0,0,2,2
115,-6056.252,-9223.912,137.743,-90.768,-0.014236,0.999808,0.013468,-0.998130,-0.013409,-0.059646,-0.059454,-0.014292,0.998129,0,0.73179,0.46530,43.907,0.931,-1,400.000,-1,400.000,-1,325.000,325.000,300.000,275.000,-1,-1,-1,-1,750.000,775.000,-1,-1,2,0,2,0,2,0,0,0,0,2,2,2,2,0,0,2,2
116,-6056.130,-9267.893,135.078,-89.840,0.002021,0.999913,0.013026,-0.998201,0.002798,-0.059890,-0.059921,-0.012882,0.998120,0,0.73302,0.46435,43.981,0.929,-1,400.000,-1,400.000,-1,325.000,325.000,300.000,275.000,-1,-1,-1,-1,750.000,775.000,-1,-1,2,0,2,0,2,0,0,0,0,2,2,2,2,0,0,2,2
117,-6055.295,-9311.861,132.397,-88.913,0.018251,0.999755,0.012557,-0.998010,0.018975,-0.060133,-0.060356,-0.011434,0.998111,0,0.73292,0.46349,43.975,0.927,-1,400.000,-1,400.000,-1,325.000,325.000,300.000,275.000,-1,-1,-1,-1,750.000,775.000,-1,-1,2,0,2,0,2,0,0,0,0,2,2,2,2,0,0,2,2
118,-6053.751,-9355.798,129.703,-87.987,0.034459,0.999333,0.012060,-0.997557,0.035126,-0.060376,-0.060759,-0.009950,0.998103,0,0.73275,0.46290,43.965,0.926,-1,400.000,-1,400.000,-1,325.000,325.000,300.000,275.000,-1,-1,-1,-1,750.000,775.000,-1,-1,2,0,2,0,2,0,0,0,0,2,2,2,2,0,0,2,2
119,-6051.499,-9399.693,126.996,-87.062,0.050649,0.998650,0.011534,-0.996844,0.051257,-0.060619,-0.061129,-0.008428,0.998094,0,0.73253,0.46256,43.952,0.925,-1,400.000,-1,400.000,-1,325.000,325.000,300.000,275.000,-1,-1,-1,-1,750.000,775.000,-1,-1,2,0,2,0,2,0,0,0,0,2,2,2,2,0,0,2,2
120,-6048.539,-9443.531,124.279,-86.137,0.066826,0.997704,0.010980,-0.995870,0.067373,-0.060864,-0.061464,-0.006868,0.998086,0,0.73230,0.46248,43.938,0.925,-1,400.000,-1,400.000,-1,325.000,325.000,300.000,275.000,-1,-1,-1,-1,725.000,775.000,-1,-1,2,0,2,0,2,0,0,0,0,2,2,2,2,0,0,2,2
121,-6044.872,-9487.301,121.552,-85.211,0.082995,0.996496,0.010397,-0.994634,0.083477,-0.061112,-0.061766,-0.005270,0.998077,0,0.73207,0.46267,43.924,0.925,-1,400.000,-1,400.000,-1,325.000,325.000,300.000,275.000,-1,-1,-1,-1,725.000,775.000,-1,-1,2,0,2,0,2,0,0,0,0,2,2,2,2,0,0,2,2
122,-6040.500,-9530.995,118.817,-84.285,0.099160,0.995023,0.009785,-0.993136,0.099575,-0.061363,-0.062032,-0.003633,0.998068,0,0.73186,0.46311,43.912,0.926,-1,375.000,-1,400.000,-1,325.000,325.000,300.000,275.000,-1,-1,-1,-1,725.000,775.000,-1,-1,2,0,2,0,2,0,0,0,0,2,2,2,2,0,0,2,2
123,-6035.422,-9574.602,116.075,-83.358,0.115326,0.993286,0.009143,-0.991374,0.115672,-0.061618,-0.062262,-0.001958,0.998058,0,0.73171,0.46381,43.902,0.928,-1,375.000,-1,400.000,-1,325.000,325.000,300.000,275.000,-1,-1,-1,-1,725.000,775.000,-1,-1,2,0,2,0,2,0,0,0,0,2,2,2,2,0,0,2,2
124,-6029.638,-9618.117,113.340,-82.428,0.131495,0.991280,0.008514,-0.989350,0.131770,-0.061834,-0.062417,-0.000292,0.998050,0,0.73162,0.46477,43.897,0.930,-1,375.000,-1,400.000,-1,325.000,325.000,300.000,275.000,-1,-1,-1,-1,725.000,750.000,-1,-1,2,0,2,0,2,0,0,0,0,2,2,2,2,0,0,2,2
125,-6023.146,-9661.532,110.681,-81.496,0.147657,0.989005,0.008115,-0.987075,0.147876,-0.061773,-0.062294,0.001111,0.998057,0,0.73163,0.46598,43.898,0.932,-1,375.000,-1,400.000,-1,325.000,325.000,300.000,275.000,-1,-1,-1,-1,725.000,750.000,-1,-1,2,0,2,0,2,0,0,0,0,2,2,2,2,0,0,2,2
126,-6015.946,-9704.844,108.024,-80.561,0.163832,0.986458,0.007692,-0.984531,0.163993,-0.061692,-0.062118,0.002534,0.998066,0,0.73176,0.46744,43.906,0.935,-1,375.000,-1,400.000,-1,325.000,325.000,300.000,300.000,-1,-1,-1,-1,725.000,750.000,-1,-1,2,0,2,0,2,0,0,0,0,2,2,2,2,0,0,2,2
127,-6008.035,-9748.047,105.369,-79.623,0.180022,0.983636,0.007242,-0.981714,0.180124,-0.061590,-0.061887,0.003978,0.998075,0,0.73202,0.46915,43.921,0.938,-1,375.000,-1,400.000,-1,325.000,325.000,300.000,300.000,-1,-1,-1,-1,725.000,750.000,-1,-1,2,0,2,0,2,0,0,0,0,2,2,2,2,0,0,2,2
128,-5999.412,-9791.130,102.712,-78.682,0.196212,0.980538,0.006742,-0.978626,0.196252,-0.061458,-0.061585,0.005461,0.998087,0,0.73229,0.47048,43.938,0.941,-1,375.000,-1,400.000,-1,325.000,325.000,300.000,300.000,-1,-1,-1,-1,725.000,750.000,-1,-1,2,0,2,0,2,0,0,0,0,2,2,2,2,0,0,2,2
129,-5990.083,-9834.066,100.078,-77.741,0.212346,0.977175,0.006251,-0.975282,0.212326,-0.061175,-0.061106,0.006894,0.998107,0,0.73229,0.47048,43.938,0.941,-1,375.000,-1,400.000,-1,325.000,325.000,300.000,300.000,-1,-1,-1,-1,725.000,750.000,-1,-1,2,0,2,0,2,0,0,0,0,2,2,2,2,0,0,2,2
130,-5980.050,-9876.842,97.459,-76.800,0.228421,0.973546,0.005749,-0.971677,0.228342,-0.060855,-0.060557,0.008314,0.998130,0,0.73229,0.47048,43.938,0.941,-1,375.000,-1,400.000,-1,325.000,325.000,300.000,300.000,-1,-1,-1,-1,725.000,750.000,-1,-1,2,0,2,0,2,0,0,0,0,2,2,2,2,0,0,2,2
131,-5969.315,-9919.449,94.842,-75.859,0.244433,0.969652,0.005234,-0.967812,0.244296,-0.060490,-0.059933,0.009720,0.998155,0,0.73229,0.47048,43.938,0.941,-1,375.000,-1,400.000,-1,325.000,325.000,300.000,300.000,-1,-1,-1,-1,725.000,750.000,-1,-1,2,0,2,0,2,0,0,0,0,2,2,2,2,0,0,2,2
132,-5957.883,-9961.873,92.251,-74.918,0.260383,0.965495,0.004608,-0.963689,0.260182,-0.060073,-0.059199,0.011202,0.998183,0,0.73229,0.47048,43.938,0.941,-1,375.000,-1,400.000,-1,325.000,325.000,300.000,300.000,-1,-1,-1,-1,725.000,750.000,-1,-1,2,0,2,0,2,0,0,0,0,2,2,2,2,0,0,2,2
133,-5945.736,-10004.174,89.667,-73.978,0.276244,0.961079,0.003947,-0.959310,0.275981,-0.059653,-0.058420,0.012692,0.998211,0,0.73351,0.46997,44.010,0.940,-1,375.000,-1,400.000,-1,325.000,325.000,300.000,300.000,-1,-1,-1,-1,725.000,725.000,-1,-1,2,0,2,0,2,0,0,0,0,2,2,2,2,0,0,2,2
134,-5933.150,-10046.065,87.101,-73.278,0.288017,0.957620,0.003228,-0.955889,0.287695,-0.059229,-0.057647,0.013973,0.998239,0,0.72902,0.34997,43.741,0.700,-1,375.000,-1,400.000,-1,325.000,325.000,300.000,300.000,-1,-1,-1,-1,725.000,725.000,-1,-1,2,0,2,0,2,0,0,0,0,2,2,2,2,0,0,2,2
135,-5920.146,-10088.122,84.537,-72.818,0.295745,0.955264,0.002378,-0.953574,0.295368,-0.058768,-0.056841,0.015113,0.998269,0,0.73370,0.22997,44.022,0.460,-1,375.000,-1,400.000,-1,325.000,325.000,300.000,300.000,-1,-1,-1,-1,725.000,725.000,-1,-1,2,0,2,0,2,0,0,0,0,2,2,2,2,0,0,2,2
136,-5906.898,-10130.393,81.966,-72.598,0.299457,0.954109,0.001447,-0.952462,0.299029,-0.058288,-0.056045,0.016077,0.998299,0,0.73830,0.10997,44.298,0.220,-1,375.000,-1,400.000,-1,325.000,325.000,300.000,300.000,-1,-1,-1,-1,725.000,725.000,-1,-1,2,0,2,0,2,0,0,0,0,2,2,2,2,0,0,2,2
137,-5893.583,-10172.929,79.443,-72.618,0.299151,0.954206,0.000781,-0.952591,0.298692,-0.057914,-0.055495,0.016581,0.998321,0,0.74287,-0.01003,44.572,-0.020,-1,375.000,-1,400.000,-1,325.000,325.000,300.000,300.000,-1,-1,-1,-1,725.000,725.000,-1,-1,2,0,2,0,2,0,0,0,0,2,2,2,2,0,0,2,2
138,-5880.381,-10215.787,76.947,-72.879,0.294830,0.955550,0.000303,-0.953957,0.294357,-0.057615,-0.055143,0.016698,0.998339,0,0.74741,-0.13003,44.845,-0.260,-1,375.000,-1,400.000,-1,325.000,325.000,300.000,300.000,-1,-1,-1,-1,725.000,725.000,-1,-1,2,0,2,0,2,0,0,0,0,2,2,2,2,0,0,2,2
