timestep,x_cm,y_cm,z_cm,yaw_deg,basis_xx,basis_xy,basis_xz,basis_yx,basis_yy,basis_yz,basis_zx,basis_zy,basis_zz,teleport_flag,throttle_cmd,steering_cmd,cmd_move_cm,cmd_turn_deg,lidar_cm_0,lidar_cm_1,lidar_cm_2,lidar_cm_3,lidar_cm_4,lidar_cm_5,lidar_cm_6,lidar_cm_7,lidar_cm_8,lidar_cm_9,lidar_cm_10,lidar_cm_11,lidar_cm_12,lidar_cm_13,lidar_cm_14,lidar_cm_15,lidar_cm_16,lidar_class_0,lidar_class_1,lidar_class_2,lidar_class_3,lidar_class_4,lidar_class_5,lidar_class_6,lidar_class_7,lidar_class_8,lidar_class_9,lidar_class_10,lidar_class_11,lidar_class_12,lidar_class_13,lidar_class_14,lidar_class_15,lidar_class_16
0,2956.496,-5575.527,-187.076,-1.553,0.998608,0.027053,-0.045284,-0.029596,0.997966,-0.056458,0.043665,0.057719,0.997377,1,0.08000,0.12000,4.800,0.240,-1,375.000,-1,375.000,950.000,325.000,325.000,325.000,300.000,775.000,450.000,875.000,-1,675.000,700.000,-1,-1,2,0,2,0,1,0,0,0,0,1,1,0,2,0,0,2,2
1,2966.094,-5575.707,-186.655,-1.073,0.998790,0.018692,-0.045486,-0.021244,0.998189,-0.056286,0.044351,0.057184,0.997378,0,0.16000,0.24000,9.600,0.480,-1,375.000,-1,375.000,975.000,325.000,325.000,325.000,300.000,800.000,450.000,875.000,-1,675.000,700.000,-1,-1,2,0,2,0,1,0,0,0,0,1,1,0,2,0,0,2,2
2,2980.494,-5575.796,-186.012,-0.353,0.998932,0.006148,-0.045788,-0.008713,0.998391,-0.056037,0.045370,0.056376,0.997378,0,0.24000,0.36000,14.400,0.720,1000.000,375.000,-1,375.000,1000.000,325.000,325.000,325.000,300.000,800.000,475.000,875.000,-1,675.000,675.000,-1,-1,1,0,2,0,1,0,0,0,0,1,1,0,2,0,0,2,2
3,2999.693,-5575.593,-185.137,0.607,0.998877,-0.010581,-0.046191,0.007999,0.998414,-0.055723,0.046707,0.055290,0.997377,0,0.32000,0.48000,19.200,0.960,975.000,375.000,-1,375.000,-1,325.000,325.000,325.000,300.000,800.000,500.000,875.000,-1,675.000,675.000,-1,-1,1,0,2,0,2,0,0,0,0,1,1,0,2,0,0,2,2
4,3023.680,-5574.837,-184.014,1.807,0.998413,-0.031490,-0.046694,0.028890,0.998049,-0.055357,0.048346,0.053920,0.997374,0,0.40000,0.60000,24.000,1.200,950.000,375.000,-1,375.000,-1,325.000,325.000,325.000,300.000,800.000,550.000,900.000,-1,675.000,675.000,-1,-1,1,0,2,0,2,0,0,0,0,1,1,0,2,0,0,2,2
5,3052.434,-5573.207,-182.626,3.247,0.997278,-0.056566,-0.047296,0.053946,0.997030,-0.054956,0.050264,0.052255,0.997368,0,0.48000,0.72000,28.800,1.440,925.000,375.000,-1,375.000,-1,325.000,325.000,300.000,300.000,800.000,625.000,900.000,-1,675.000,675.000,-1,-1,1,0,2,0,2,0,0,0,0,1,1,0,2,0,0,2,2
6,3085.909,-5570.322,-180.954,4.927,0.995157,-0.085781,-0.047998,0.083141,0.995044,-0.054540,0.052438,0.050285,0.997357,0,0.56000,0.84000,33.600,1.680,900.000,375.000,-1,375.000,-1,325.000,300.000,300.000,300.000,825.000,850.000,925.000,-1,675.000,675.000,-1,-1,1,0,2,0,2,0,0,0,0,1,0,0,2,0,0,2,2
7,3121.450,-5566.093,-179.114,6.788,0.991810,-0.118058,-0.048741,0.115400,0.991842,-0.054154,0.054737,0.048086,0.997342,0,0.59654,0.93036,35.792,1.861,850.000,375.000,-1,375.000,-1,300.000,300.000,300.000,300.000,825.000,850.000,925.000,-1,675.000,675.000,-1,-1,1,0,2,0,2,0,0,0,0,1,0,0,2,0,0,2,2
8,3156.659,-5560.740,-177.227,8.647,0.987418,-0.150189,-0.049479,0.147519,0.987593,-0.053829,0.056949,0.045852,0.997324,0,0.59357,0.92958,35.614,1.859,825.000,375.000,-1,375.000,-1,300.000,300.000,300.000,300.000,850.000,850.000,950.000,-1,650.000,675.000,1000.000,-1,1,0,2,0,2,0,0,0,0,1,0,0,2,0,0,1,2
9,3191.492,-5554.282,-175.297,10.505,0.981988,-0.182149,-0.050210,0.179469,0.982305,-0.053561,0.059078,0.043586,0.997301,0,0.59044,0.92899,35.426,1.858,775.000,375.000,-1,375.000,-1,300.000,300.000,300.000,300.000,850.000,875.000,950.000,-1,650.000,650.000,950.000,-1,1,0,2,0,2,0,0,0,0,1,0,0,2,0,0,1,2
10,3225.907,-5546.740,-173.296,12.362,0.975528,-0.213909,-0.050868,0.211235,0.975986,-0.053211,0.061029,0.041164,0.997287,0,0.58720,0.92857,35.232,1.857,750.000,375.000,-1,375.000,-1,300.000,300.000,300.000,300.000,875.000,875.000,975.000,-1,650.000,650.000,875.000,-1,1,0,2,0,2,0,0,0,0,1,0,0,2,0,0,1,2
11,3259.866,-5538.137,-171.004,14.219,0.968008,-0.245451,-0.052103,0.242817,0.968673,-0.052073,0.063252,0.037755,0.997283,0,0.58388,0.92834,35.033,1.857,725.000,375.000,-1,375.000,-1,300.000,300.000,300.000,300.000,875.000,900.000,975.000,-1,650.000,650.000,825.000,-1,1,0,2,0,2,0,0,0,0,1,0,0,2,0,0,1,2
12,3293.337,-5528.494,-168.598,16.075,0.959441,-0.276743,-0.053718,0.274159,0.960342,-0.050792,0.065644,0.034005,0.997264,0,0.58053,0.92829,34.832,1.857,700.000,375.000,-1,375.000,-1,300.000,300.000,300.000,300.000,900.000,875.000,975.000,-1,650.000,650.000,775.000,-1,1,0,2,0,2,0,0,0,0,1,0,0,2,0,0,1,2
13,3326.286,-5517.833,-166.160,17.932,0.949851,-0.307752,-0.055418,0.305225,0.950987,-0.049609,0.067969,0.030206,0.997230,0,0.57719,0.92841,34.632,1.857,675.000,375.000,-1,375.000,-1,300.000,300.000,300.000,300.000,925.000,875.000,975.000,-1,650.000,650.000,725.000,-1,1,0,2,0,2,0,0,0,0,1,0,0,2,0,1,1,2
14,3363.446,-5504.640,-163.265,19.549,0.940672,-0.334494,-0.057008,0.332027,0.942017,-0.048601,0.069959,0.026789,0.997190,0,0.65719,0.80841,39.432,1.617,625.000,375.000,-1,375.000,-1,300.000,300.000,300.000,325.000,950.000,875.000,975.000,-1,650.000,650.000,675.000,-1,1,0,2,0,2,0,0,0,0,1,0,0,2,0,1,1,2
15,3404.760,-5488.843,-159.876,20.926,0.932243,-0.357059,-0.058582,0.354635,0.933776,-0.047913,0.071810,0.023891,0.997132,0,0.73719,0.68841,44.232,1.377,600.000,375.000,-1,375.000,-1,300.000,300.000,300.000,325.000,975.000,875.000,1000.000,-1,625.000,625.000,650.000,-1,1,0,2,0,2,0,0,0,0,1,0,0,2,1,1,1,2
16,3450.202,-5470.426,-155.749,22.063,0.924812,-0.375527,-0.060843,0.373013,0.926538,-0.048868,0.074724,0.022499,0.996950,0,0.81719,0.56841,49.032,1.137,575.000,375.000,1000.000,375.000,-1,300.000,300.000,300.000,325.000,1000.000,800.000,925.000,-1,600.000,625.000,600.000,-1,1,0,1,0,2,0,0,0,0,1,0,0,2,1,1,1,2
17,3499.770,-5449.427,-151.174,22.960,0.918642,-0.389991,-0.063277,0.387357,0.920567,-0.050113,0.077795,0.021525,0.996737,0,0.89719,0.44841,53.832,0.897,525.000,375.000,950.000,375.000,-1,300.000,300.000,300.000,325.000,-1,700.000,800.000,-1,575.000,600.000,575.000,975.000,1,0,1,0,2,0,0,0,0,2,0,0,2,1,1,1,1
18,3553.491,-5425.939,-146.136,23.616,0.913909,-0.400524,-0.065964,0.397736,0.916047,-0.051606,0.081096,0.020927,0.996487,0,0.97719,0.32841,58.632,0.657,500.000,375.000,900.000,375.000,-1,300.000,300.000,300.000,325.000,-1,625.000,700.000,-1,575.000,575.000,525.000,875.000,1,0,1,0,2,0,0,0,0,2,0,0,2,1,1,1,1
19,3608.291,-5401.502,-140.933,24.033,0.910755,-0.407179,-0.068776,0.404214,0.913114,-0.053232,0.084475,0.020681,0.996211,0,1.00000,0.20841,60.000,0.417,450.000,375.000,850.000,375.000,-1,300.000,300.000,300.000,300.000,-1,575.000,625.000,-1,550.000,550.000,500.000,825.000,1,0,1,1,2,0,0,0,0,2,0,0,2,1,1,1,1
20,3663.014,-5376.897,-135.688,24.210,0.909268,-0.409994,-0.071670,0.406830,0.911851,-0.054927,0.087872,0.020786,0.995915,0,1.00000,0.08841,60.000,0.177,425.000,375.000,800.000,350.000,-1,300.000,300.000,325.000,300.000,-1,525.000,550.000,-1,525.000,525.000,450.000,750.000,1,0,1,1,2,0,0,0,0,2,0,0,2,1,1,1,1
21,3717.765,-5352.351,-130.411,24.147,0.909481,-0.408985,-0.074666,0.405598,0.912294,-0.056660,0.091291,0.021247,0.995598,0,1.00000,-0.03159,60.000,-0.063,375.000,375.000,750.000,350.000,-1,300.000,300.000,325.000,300.000,-1,475.000,500.000,-1,475.000,500.000,400.000,700.000,1,1,1,1,2,0,1,0,0,2,0,0,2,1,1,1,1
22,3772.644,-5328.096,-125.108,23.844,0.911382,-0.404145,-0.077783,0.400512,0.914429,-0.058396,0.094728,0.022068,0.995259,0,1.00000,-0.15159,60.000,-0.303,325.000,350.000,700.000,325.000,-1,300.000,275.000,325.000,300.000,-1,400.000,425.000,1000.000,450.000,475.000,375.000,650.000,1,1,1,1,2,1,1,0,0,2,0,0,1,1,1,1,1
23,3827.683,-5304.205,-119.616,23.465,0.913783,-0.398083,-0.080818,0.394270,0.917077,-0.059338,0.097738,0.022358,0.994961,0,1.00000,-0.18956,60.000,-0.379,300.000,325.000,650.000,300.000,-1,275.000,275.000,325.000,300.000,-1,375.000,400.000,975.000,425.000,450.000,325.000,600.000,1,1,1,1,2,1,1,1,0,2,0,0,1,1,1,1,1
24,3882.875,-5280.666,-112.700,23.097,0.915842,-0.392169,-0.086235,0.387844,0.919576,-0.062904,0.103969,0.024164,0.994287,0,1.00000,-0.18397,60.000,-0.368,275.000,300.000,625.000,300.000,-1,275.000,250.000,300.000,300.000,-1,325.000,350.000,950.000,400.000,425.000,300.000,575.000,1,1,1,1,2,1,1,1,0,2,0,0,1,1,1,1,1
25,3938.213,-5257.470,-103.997,22.741,0.917183,-0.386443,-0.097147,0.381338,0.921983,-0.067299,0.115575,0.024679,0.992992,0,1.00000,-0.17798,60.000,-0.356,250.000,300.000,600.000,300.000,-1,250.000,250.000,300.000,325.000,-1,275.000,275.000,925.000,375.000,425.000,275.000,575.000,1,1,1,1,2,1,1,1,0,2,0,0,1,1,1,1,1
26,3993.752,-5234.756,-94.813,22.242,0.919146,-0.378404,-0.109454,0.372351,0.925289,-0.072069,0.128547,0.025487,0.991376,0,1.00000,-0.24910,60.000,-0.498,225.000,275.000,600.000,300.000,-1,250.000,250.000,275.000,325.000,-1,225.000,225.000,925.000,350.000,425.000,250.000,625.000,1,1,1,1,2,1,1,1,0,2,0,0,1,1,1,1,1
27,4049.486,-5212.523,-84.671,21.745,0.920977,-0.370322,-0.121090,0.363016,0.928471,-0.078484,0.141493,0.028325,0.989534,0,1.00000,-0.24892,60.000,-0.498,225.000,275.000,600.000,300.000,-1,225.000,250.000,275.000,350.000,-1,200.000,200.000,925.000,350.000,425.000,250.000,-1,1,1,1,1,2,1,1,1,0,2,0,0,1,1,1,1,2
28,4105.411,-5190.767,-71.938,21.247,0.922115,-0.362104,-0.136323,0.351611,0.931280,-0.095323,0.161472,0.039966,0.986068,0,1.00000,-0.24868,60.000,-0.497,225.000,275.000,-1,300.000,-1,250.000,250.000,275.000,350.000,-1,200.000,150.000,900.000,375.000,450.000,250.000,-1,1,1,2,1,2,1,1,1,0,2,0,0,1,1,1,1,2
29,4161.523,-5169.492,-58.711,20.751,0.922738,-0.353823,-0.152852,0.339470,0.933874,-0.112422,0.182522,0.051847,0.981834,0,1.00000,-0.24839,60.000,-0.497,250.000,275.000,-1,300.000,-1,250.000,250.000,275.000,350.000,-1,175.000,100.000,825.000,400.000,-1,300.000,-1,1,1,2,1,2,1,1,1,0,2,0,0,0,1,2,1,2
30,2295.763,-9511.019,-129.450,-79.200,0.187699,0.982216,0.004585,-0.981451,0.187363,0.040610,0.039028,-0.012122,0.999165,1,0.00000,0.00000,60.000,-0.496,-1,375.000,-1,400.000,-1,325.000,325.000,275.000,300.000,-1,-1,-1,-1,750.000,850.000,-1,-1,2,0,2,0,2,0,0,0,0,2,2,2,2,0,0,2,2
31,2296.682,-9515.730,-129.263,-78.960,0.191809,0.981422,0.004454,-0.980659,0.191476,0.040549,0.038943,-0.012145,0.999168,0,0.08000,0.12000,4.800,0.240,-1,375.000,-1,400.000,-1,325.000,325.000,275.000,300.000,-1,-1,-1,-1,750.000,850.000,-1,-1,2,0,2,0,2,0,0,0,0,2,2,2,2,0,0,2,2
32,2298.599,-9525.137,-128.892,-78.480,0.200019,0.979783,0.004192,-0.979025,0.199691,0.040429,0.038775,-0.012191,0.999174,0,0.16000,0.24000,9.600,0.480,-1,375.000,-1,400.000,-1,325.000,325.000,275.000,300.000,-1,-1,-1,-1,750.000,850.000,-1,-1,2,0,2,0,2,0,0,0,0,2,2,2,2,0,0,2,2
33,2301.652,-9539.209,-128.335,-77.760,0.212307,0.977196,0.003802,-0.976443,0.211987,0.040255,0.038531,-0.012259,0.999182,0,0.24000,0.36000,14.400,0.720,-1,375.000,-1,400.000,-1,325.000,325.000,275.000,300.000,-1,-1,-1,-1,750.000,825.000,-1,-1,2,0,2,0,2,0,0,0,0,2,2,2,2,0,0,2,2
34,2306.031,-9557.903,-127.595,-76.816,0.228371,0.973569,0.003289,-0.972824,0.228061,0.040029,0.038221,-0.012341,0.999193,0,0.32000,0.47211,19.200,0.944,-1,375.000,-1,400.000,-1,325.000,325.000,275.000,300.000,-1,-1,-1,-1,750.000,825.000,-1,-1,2,0,2,0,2,0,0,0,0,2,2,2,2,0,0,2,2
35,2311.889,-9581.177,-126.674,-75.873,0.244356,0.969682,0.002656,-0.968945,0.244062,0.039740,0.037887,-0.012284,0.999207,0,0.40000,0.47176,24.000,0.944,-1,375.000,-1,400.000,-1,325.000,325.000,275.000,300.000,-1,-1,-1,-1,750.000,825.000,-1,-1,2,0,2,0,2,0,0,0,0,2,2,2,2,0,0,2,2
36,2319.377,-9608.987,-125.570,-74.930,0.260259,0.965537,0.001912,-0.964809,0.259984,0.039390,0.037535,-0.012096,0.999222,0,0.48000,0.47138,28.800,0.943,-1,375.000,-1,400.000,-1,325.000,325.000,275.000,300.000,-1,-1,-1,-1,750.000,825.000,-1,-1,2,0,2,0,2,0,0,0,0,2,2,2,2,0,0,2,2
37,2328.646,-9641.283,-124.279,-73.988,0.276074,0.961136,0.001066,-0.960417,0.275825,0.038979,0.037170,-0.011785,0.999239,0,0.56000,0.47102,33.600,0.942,-1,375.000,-1,400.000,-1,325.000,325.000,275.000,300.000,-1,-1,-1,-1,750.000,825.000,-1,-1,2,0,2,0,2,0,0,0,0,2,2,2,2,0,0,2,2
38,2339.843,-9678.014,-122.796,-73.046,0.291802,0.956479,0.000133,-0.955771,0.291580,0.038506,0.036792,-0.011364,0.999258,0,0.64000,0.47071,38.400,0.941,-1,400.000,-1,400.000,-1,325.000,325.000,300.000,300.000,-1,-1,-1,-1,750.000,825.000,-1,-1,2,0,2,0,2,0,0,0,0,2,2,2,2,0,0,2,2
39,2353.117,-9719.124,-121.112,-72.105,0.307441,0.951567,-0.000872,-0.950871,0.307251,0.037972,0.036401,-0.010845,0.999278,0,0.72000,0.47049,43.200,0.941,-1,400.000,-1,400.000,-1,325.000,325.000,300.000,300.000,-1,-1,-1,-1,750.000,800.000,-1,-1,2,0,2,0,2,0,0,0,0,2,2,2,2,0,0,2,2
40,2368.614,-9764.554,-119.285,-71.164,0.322984,0.946402,-0.002222,-0.945712,0.322837,0.037479,0.036188,-0.010003,0.999295,0,0.80000,0.47042,48.000,0.941,-1,400.000,-1,400.000,-1,325.000,325.000,300.000,300.000,-1,-1,-1,-1,750.000,800.000,-1,-1,2,0,2,0,2,0,0,0,0,2,2,2,2,0,0,2,2
41,2386.224,-9813.530,-117.421,-70.223,0.338425,0.940984,-0.004081,-0.940312,0.338342,0.036589,0.035810,-0.008545,0.999322,0,0.86743,0.47055,52.046,0.941,-1,400.000,-1,400.000,-1,325.000,325.000,300.000,300.000,-1,-1,-1,-1,750.000,800.000,-1,-1,2,0,2,0,2,0,0,0,0,2,2,2,2,0,0,2,2
42,2404.576,-9862.051,-115.571,-69.282,0.353787,0.935307,-0.005934,-0.934660,0.353768,0.035489,0.035292,-0.007010,0.999352,0,0.86460,0.47092,51.876,0.942,-1,400.000,-1,400.000,-1,325.000,325.000,300.000,300.000,-1,-1,-1,-1,750.000,775.000,-1,-1,2,0,2,0,2,0,0,0,0,2,2,2,2,0,0,2,2
43,2423.665,-9910.112,-113.690,-68.338,0.369081,0.929366,-0.007628,-0.928745,0.369117,0.034422,0.034806,-0.005620,0.999378,0,0.86187,0.47153,51.712,0.943,-1,400.000,-1,400.000,-1,325.000,325.000,300.000,300.000,-1,-1,-1,-1,750.000,775.000,-1,-1,2,0,2,0,2,0,0,0,0,2,2,2,2,0,0,2,2
44,2442.718,-9956.419,-112.037,-67.635,0.380426,0.924770,-0.008735,-0.924153,0.380494,0.034135,0.034891,-0.004914,0.999379,0,0.83456,0.35153,50.074,0.703,-1,400.000,-1,400.000,-1,325.000,325.000,300.000,300.000,-1,-1,-1,-1,750.000,775.000,-1,-1,2,0,2,0,2,0,0,0,0,2,2,2,2,0,0,2,2
45,2462.094,-10002.452,-110.457,-67.172,0.387868,0.921667,-0.009379,-0.921062,0.387956,0.033682,0.034682,-0.004425,0.999389,0,0.83241,0.23153,49.944,0.463,-1,400.000,-1,400.000,-1,325.000,325.000,300.000,300.000,-1,-1,-1,-1,750.000,750.000,-1,-1,2,0,2,0,2,0,0,0,0,2,2,2,2,0,0,2,2
46,2481.709,-10048.267,-108.905,-66.823,0.393465,0.919287,-0.009772,-0.918699,0.393566,0.033146,0.034317,-0.004065,0.999403,0,0.83063,0.17457,49.838,0.349,-1,400.000,-1,400.000,-1,325.000,325.000,300.000,300.000,-1,-1,-1,-1,750.000,750.000,-1,-1,2,0,2,0,2,0,0,0,0,2,2,2,2,0,0,2,2
47,2501.568,-10093.878,-107.344,-66.471,0.399094,0.916854,-0.010080,-0.916283,0.399204,0.032586,0.033900,-0.003769,0.999418,0,0.82912,0.17592,49.747,0.352,-1,400.000,-1,400.000,-1,325.000,325.000,300.000,300.000,-1,-1,-1,-1,725.000,750.000,-1,-1,2,0,2,0,2,0,0,0,0,2,2,2,2,0,0,2,2
48,2521.678,-10139.293,-105.772,-66.117,0.404759,0.914365,-0.010302,-0.913812,0.404875,0.032001,0.033432,-0.003539,0.999435,0,0.82779,0.17742,49.668,0.355,-1,400.000,-1,400.000,-1,325.000,325.000,300.000,300.000,-1,-1,-1,-1,725.000,725.000,-1,-1,2,0,2,0,2,0,0,0,0,2,2,2,2,0,0,2,2
49,2542.042,-10184.519,-104.191,-65.758,0.410464,0.911817,-0.010437,-0.911283,0.410583,0.031394,0.032911,-0.003375,0.999453,0,0.82666,0.17907,49.600,0.358,-1,400.000,-1,400.000,-1,325.000,325.000,300.000,300.000,-1,-1,-1,-1,725.000,725.000,-1,-1,2,0,2,0,2,0,0,0,0,2,2,2,2,0,0,2,2
50,2562.669,-10229.564,-102.598,-65.397,0.416212,0.909207,-0.010482,-0.908692,0.416331,0.030765,0.032336,-0.003280,0.999472,0,0.82572,0.18087,49.543,0.362,-1,400.000,-1,400.000,-1,325.000,325.000,275.000,300.000,-1,-1,-1,-1,700.000,725.000,-1,-1,2,0,2,0,2,0,0,0,0,2,2,2,2,0,0,2,2
51,2583.564,-10274.437,-100.884,-65.031,0.421991,0.906533,-0.011000,-0.906033,0.422125,0.030252,0.032068,-0.002800,0.999482,0,0.82499,0.18281,49.499,0.366,-1,400.000,-1,400.000,-1,325.000,325.000,275.000,300.000,-1,-1,-1,-1,700.000,700.000,-1,-1,2,0,2,0,2,0,0,0,0,2,2,2,2,0,0,2,2
52,2604.734,-10319.145,-99.098,-64.661,0.427812,0.903792,-0.011733,-0.903303,0.427967,0.029785,0.031941,-0.002144,0.999487,0,0.82446,0.18487,49.467,0.370,-1,400.000,-1,375.000,-1,325.000,325.000,275.000,300.000,-1,-1,-1,-1,700.000,700.000,-1,-1,2,0,2,0,2,0,0,0,0,2,2,2,2,0,0,2,2
53,2626.188,-10363.697,-97.351,-64.287,0.433682,0.900979,-0.012531,-0.900503,0.433860,0.029324,0.031857,-0.001433,0.999491,0,0.82413,0.18707,49.448,0.374,-1,375.000,-1,375.000,-1,325.000,325.000,275.000,300.000,-1,-1,-1,-1,700.000,700.000,-1,-1,2,0,2,0,2,0,0,0,0,2,2,2,2,0,0,2,2
54,2647.932,-10408.099,-95.693,-63.908,0.439596,0.898092,-0.013631,-0.897626,0.439807,0.028920,0.031968,-0.000478,0.999489,0,0.82401,0.18939,49.441,0.379,-1,375.000,-1,375.000,-1,325.000,325.000,275.000,300.000,-1,-1,-1,-1,700.000,675.000,-1,-1,2,0,2,0,2,0,0,0,0,2,2,2,2,0,0,2,2
55,2669.976,-10452.360,-93.836,-63.525,0.445585,0.895127,-0.014194,-0.894648,0.445811,0.029285,0.032542,-0.000351,0.999470,0,0.82410,0.19182,49.446,0.384,-1,375.000,-1,375.000,-1,325.000,325.000,275.000,300.000,-1,-1,-1,-1,700.000,675.000,-1,-1,2,0,2,0,2,0,0,0,0,2,2,2,2,0,0,2,2
56,2692.327,-10496.485,-91.878,-63.136,0.451642,0.892082,-0.014471,-0.891574,0.451874,0.030090,0.033382,-0.000688,0.999442,0,0.82439,0.19437,49.463,0.389,-1,375.000,-1,375.000,-1,325.000,300.000,275.000,300.000,-1,-1,-1,-1,700.000,675.000,-1,-1,2,0,2,0,2,0,0,0,0,2,2,2,2,0,0,2,2
57,2715.301,-10541.076,-89.894,-62.742,0.457762,0.888953,-0.014695,-0.888415,0.457996,0.030950,0.034244,-0.001112,0.999413,0,0.83603,0.19697,50.162,0.394,-1,375.000,-1,375.000,-1,300.000,300.000,275.000,300.000,-1,-1,-1,-1,700.000,675.000,-1,-1,2,0,2,0,2,0,0,0,0,2,2,2,2,0,0,2,2
58,2738.562,-10585.468,-87.940,-62.346,0.463905,0.885761,-0.014808,-0.885186,0.464138,0.031979,0.035199,-0.001728,0.999379,0,0.83527,0.19829,50.116,0.397,-1,375.000,-1,375.000,-1,300.000,300.000,275.000,300.000,-1,-1,-1,-1,700.000,675.000,-1,-1,2,0,2,0,2,0,0,0,0,2,2,2,2,0,0,2,2
59,2759.704,-10625.549,-86.266,-62.189,0.466333,0.884488,-0.014640,-0.883864,0.466556,0.033334,0.036314,-0.002605,0.999337,0,0.75527,0.07829,45.316,0.157,-1,375.000,-1,375.000,-1,300.000,300.000,275.000,300.000,-1,-1,-1,-1,700.000,650.000,-1,-1,2,0,2,0,2,0,0,0,0,2,2,2,2,0,0,2,2
60,2778.555,-10661.413,-84.775,-62.272,0.465055,0.885164,-0.014407,-0.884495,0.465266,0.034574,0.037306,-0.003336,0.999298,0,0.67527,-0.04171,40.516,-0.083,-1,375.000,-1,375.000,-1,300.000,300.000,275.000,300.000,-1,-1,-1,-1,700.000,650.000,-1,-1,2,0,2,0,2,0,0,0,0,2,2,2,2,0,0,2,2
61,2795.392,-10693.793,-83.181,-62.527,0.461086,0.887221,-0.015453,-0.886496,0.461336,0.035971,0.039043,-0.002887,0.999233,0,0.60826,-0.12708,36.496,-0.254,-1,375.000,-1,375.000,-1,300.000,300.000,275.000,300.000,-1,-1,-1,-1,700.000,650.000,-1,-1,2,0,2,0,2,0,0,0,0,2,2,2,2,0,0,2,2
62,2812.088,-10726.249,-81.588,-62.778,0.457146,0.889240,-0.016443,-0.888456,0.457435,0.037398,0.040778,-0.002488,0.999165,0,0.60829,-0.12582,36.498,-0.252,-1,375.000,-1,375.000,-1,300.000,300.000,275.000,300.000,-1,-1,-1,-1,700.000,650.000,-1,-1,2,0,2,0,2,0,0,0,0,2,2,2,2,0,0,2,2
63,2828.644,-10758.781,-79.998,-63.027,0.453238,0.891220,-0.017378,-0.890375,0.453566,0.038856,0.042511,-0.002138,0.999094,0,0.60837,-0.12452,36.502,-0.249,-1,375.000,-1,375.000,-1,300.000,300.000,275.000,300.000,-1,-1,-1,-1,725.000,650.000,-1,-1,2,0,2,0,2,0,0,0,0,2,2,2,2,0,0,2,2
64,2845.064,-10791.390,-78.410,-63.274,0.449363,0.893163,-0.018258,-0.892253,0.449730,0.040343,0.044244,-0.001837,0.999019,0,0.60850,-0.12318,36.510,-0.246,-1,375.000,-1,375.000,-1,300.000,300.000,275.000,300.000,-1,-1,950.000,-1,725.000,650.000,-1,-1,2,0,2,0,2,0,0,0,0,2,2,0,2,0,0,2,2
65,2861.350,-10824.079,-76.752,-63.517,0.445516,0.895067,-0.019241,-0.894105,0.445929,0.041522,0.045745,-0.001295,0.998952,0,0.60868,-0.12179,36.521,-0.244,-1,375.000,-1,375.000,-1,325.000,325.000,300.000,300.000,-1,1000.000,875.000,-1,725.000,650.000,-1,-1,2,0,2,0,2,0,0,0,0,2,0,0,2,0,0,2,2
66,2877.504,-10856.848,-75.024,-63.758,0.441697,0.896934,-0.020331,-0.895932,0.442165,0.042392,0.047013,-0.000509,0.998894,0,0.60890,-0.12037,36.534,-0.241,-1,375.000,-1,375.000,-1,325.000,325.000,300.000,300.000,-1,825.000,725.000,-1,725.000,650.000,-1,-1,2,0,2,0,2,0,0,0,0,2,0,0,2,0,0,2,2
67,2893.529,-10889.698,-73.305,-63.996,0.437918,0.898761,-0.021357,-0.897716,0.438438,0.043328,0.048305,0.000198,0.998833,0,0.60918,-0.11891,36.551,-0.238,-1,375.000,-1,375.000,-1,325.000,325.000,300.000,300.000,-1,675.000,600.000,-1,725.000,650.000,-1,-1,2,0,2,0,2,0,0,0,0,2,0,0,2,0,0,2,2
68,2909.428,-10922.631,-71.595,-64.231,0.434179,0.900550,-0.022317,-0.899459,0.434751,0.044327,0.049621,0.000827,0.998768,0,0.60950,-0.11741,36.570,-0.235,-1,400.000,-1,375.000,-1,325.000,325.000,300.000,300.000,-1,600.000,525.000,-1,725.000,650.000,-1,-1,2,0,2,0,2,0,0,0,0,2,0,0,2,0,0,2,2
69,2925.203,-10955.648,-69.894,-64.462,0.430482,0.902301,-0.023213,-0.901159,0.431105,0.045389,0.050962,0.001379,0.998700,0,0.60986,-0.11587,36.592,-0.232,-1,400.000,-1,375.000,-1,325.000,300.000,300.000,300.000,-1,525.000,500.000,-1,725.000,650.000,-1,-1,2,0,2,0,2,0,0,0,0,2,0,0,2,0,0,2,2
70,2940.857,-10988.751,-68.202,-64.691,0.426829,0.904013,-0.024044,-0.902817,0.427501,0.046512,0.052326,0.001855,0.998628,0,0.61028,-0.11429,36.617,-0.229,-1,400.000,-1,375.000,-1,325.000,300.000,300.000,300.000,-1,500.000,500.000,-1,725.000,650.000,-1,-1,2,0,2,0,2,0,0,0,0,2,0,0,2,0,0,2,2
71,2956.392,-11021.939,-66.433,-64.916,0.423243,0.905687,-0.024422,-0.904437,0.423942,0.047601,0.053465,0.001941,0.998568,0,0.61074,-0.11268,36.645,-0.225,-1,400.000,-1,375.000,-1,325.000,300.000,300.000,300.000,-1,500.000,475.000,-1,725.000,650.000,-1,-1,2,0,2,0,2,0,0,0,0,2,0,0,2,0,0,2,2
72,2971.812,-11055.216,-64.545,-65.138,0.419737,0.907324,-0.024159,-0.906022,0.420429,0.048606,0.054259,0.001487,0.998526,0,0.61125,-0.11103,36.675,-0.222,-1,375.000,-1,375.000,-1,325.000,300.000,300.000,300.000,-1,500.000,500.000,-1,725.000,650.000,-1,-1,2,0,2,0,2,0,0,0,0,2,0,0,2,0,0,2,2
73,2987.118,-11088.581,-62.593,-65.357,0.416292,0.908923,-0.023660,-0.907551,0.416963,0.049934,0.055251,0.000686,0.998472,0,0.61181,-0.10935,36.708,-0.219,-1,375.000,-1,350.000,-1,325.000,300.000,300.000,300.000,-1,500.000,500.000,-1,725.000,650.000,-1,-1,2,0,2,0,2,0,0,0,0,2,0,0,2,0,0,2,2
74,3002.313,-11122.036,-60.409,-65.572,0.412931,0.910483,-0.022559,-0.908981,0.413546,0.052289,0.056938,-0.001086,0.998377,0,0.61241,-0.10763,36.744,-0.215,-1,375.000,-1,375.000,-1,300.000,300.000,300.000,300.000,-1,475.000,500.000,-1,725.000,650.000,-1,-1,2,0,2,0,2,0,0,0,0,2,0,0,2,0,0,2,2
75,3017.401,-11155.583,-58.222,-65.784,0.409631,0.912002,-0.021349,-0.910365,0.410176,0.054691,0.058635,-0.002968,0.998275,0,0.61305,-0.10588,36.783,-0.212,-1,375.000,-1,375.000,-1,300.000,300.000,300.000,300.000,-1,475.000,475.000,-1,725.000,650.000,-1,-1,2,0,2,0,2,0,0,0,0,2,0,0,2,0,0,2,2
76,3032.383,-11189.222,-56.033,-65.992,0.406393,0.913479,-0.020030,-0.911704,0.406856,0.057137,0.060343,-0.004959,0.998165,0,0.61374,-0.10410,36.825,-0.208,-1,375.000,-1,375.000,-1,300.000,300.000,300.000,325.000,-1,475.000,475.000,-1,750.000,650.000,-1,-1,2,0,2,0,2,0,0,0,0,2,0,0,2,0,0,2,2
77,3047.263,-11222.955,-53.849,-66.197,0.403219,0.914914,-0.018620,-0.912998,0.403587,0.059593,0.062038,-0.007029,0.998049,0,0.61448,-0.10228,36.869,-0.205,-1,375.000,-1,375.000,-1,300.000,300.000,300.000,325.000,-1,450.000,475.000,-1,750.000,675.000,-1,-1,2,0,2,0,2,0,0,0,0,2,0,0,2,0,0,2,2
78,3062.044,-11256.783,-51.445,-66.398,0.400058,0.916317,-0.017819,-0.914336,0.400375,0.060741,0.062792,-0.008008,0.997995,0,0.61526,-0.10043,36.916,-0.201,-1,375.000,-1,375.000,-1,300.000,300.000,300.000,325.000,-1,475.000,500.000,-1,750.000,675.000,-1,-1,2,0,2,0,2,0,0,0,0,2,0,0,2,0,0,2,2
79,3076.727,-11290.706,-49.014,-66.595,0.396949,0.917681,-0.017097,-0.915638,0.397217,0.061846,0.063547,-0.008895,0.997939,0,0.61608,-0.09855,36.965,-0.197,-1,375.000,-1,375.000,-1,300.000,300.000,300.000,325.000,-1,500.000,525.000,-1,750.000,675.000,-1,-1,2,0,2,0,2,0,0,0,0,2,0,0,2,0,0,2,2
80,3091.317,-11324.727,-46.339,-66.788,0.393826,0.919017,-0.017587,-0.916877,0.394120,0.063289,0.065095,-0.008800,0.997840,0,0.61695,-0.09663,37.017,-0.193,-1,375.000,-1,375.000,-1,325.000,300.000,300.000,325.000,-1,500.000,525.000,-1,775.000,700.000,-1,-1,2,0,2,0,2,0,0,0,0,2,0,0,2,0,0,2,2
81,3105.815,-11358.846,-43.674,-66.977,0.390764,0.920315,-0.018007,-0.918078,0.391080,0.064727,0.066611,-0.008761,0.997741,0,0.61786,-0.09469,37.071,-0.189,-1,400.000,-1,375.000,-1,325.000,300.000,300.000,325.000,-1,525.000,550.000,-1,775.000,700.000,-1,-1,2,0,2,0,2,0,0,0,0,2,0,0,2,0,0,2,2
82,3120.225,-11393.064,-41.017,-67.163,0.387765,0.921576,-0.018358,-0.919240,0.388100,0.066160,0.068096,-0.008779,0.997640,0,0.61881,-0.09272,37.128,-0.185,-1,400.000,-1,375.000,-1,325.000,300.000,300.000,325.000,-1,525.000,550.000,-1,800.000,700.000,-1,-1,2,0,2,0,2,0,0,0,0,2,0,0,2,0,0,2,2
83,3134.537,-11427.356,-38.371,-67.346,0.384798,0.922813,-0.018642,-0.920377,0.385148,0.067586,0.069549,-0.008849,0.997539,0,0.61930,-0.09170,37.158,-0.183,-1,400.000,-1,375.000,-1,325.000,300.000,300.000,325.000,-1,525.000,550.000,-1,825.000,725.000,-1,-1,2,0,2,0,2,0,0,0,0,2,0,0,2,0,0,2,2
84,3148.740,-11461.693,-35.737,-67.530,0.381831,0.924040,-0.018859,-0.921503,0.382191,0.069004,0.070970,-0.008970,0.997438,0,0.61930,-0.09170,37.158,-0.183,-1,400.000,-1,375.000,-1,325.000,325.000,300.000,325.000,-1,550.000,575.000,-1,825.000,725.000,-1,-1,2,0,2,0,2,0,0,0,0,2,0,0,2,0,0,2,2
85,3162.832,-11496.076,-33.116,-67.713,0.378865,0.925257,-0.019008,-0.922619,0.379231,0.070412,0.072358,-0.009139,0.997337,0,0.61930,-0.09170,37.158,-0.183,-1,400.000,-1,375.000,-1,325.000,325.000,300.000,325.000,-1,550.000,575.000,-1,850.000,725.000,-1,-1,2,0,2,0,2,0,0,0,0,2,0,0,2,0,0,2,2
86,3176.814,-11530.503,-30.507,-67.896,0.375899,0.926464,-0.019092,-0.923724,0.376267,0.071811,0.073714,-0.009358,0.997235,0,0.61930,-0.09170,37.158,-0.183,-1,400.000,-1,375.000,-1,325.000,325.000,300.000,300.000,-1,550.000,575.000,-1,875.000,750.000,-1,-1,2,0,2,0,2,0,0,0,0,2,0,0,2,0,0,2,2
87,3190.686,-11564.975,-27.910,-68.080,0.372933,0.927661,-0.019111,-0.924819,0.373298,0.073201,0.075039,-0.009625,0.997134,0,0.61930,-0.09170,37.158,-0.183,-1,400.000,-1,375.000,-1,325.000,325.000,300.000,300.000,-1,575.000,600.000,-1,875.000,750.000,-1,-1,2,0,2,0,2,0,0,0,0,2,0,0,2,0,0,2,2
88,3204.447,-11599.492,-25.326,-68.263,0.369969,0.928849,-0.019065,-0.925903,0.370326,0.074580,0.076333,-0.009940,0.997033,0,0.61930,-0.09170,37.158,-0.183,-1,400.000,-1,375.000,-1,325.000,325.000,300.000,300.000,-1,575.000,600.000,-1,900.000,750.000,-1,-1,2,0,2,0,2,0,0,0,0,2,0,0,2,0,0,2,2
89,3218.098,-11634.052,-22.753,-68.447,0.367005,0.930026,-0.018954,-0.926977,0.367350,0.075948,0.077597,-0.010303,0.996932,0,0.61930,-0.09170,37.158,-0.183,-1,400.000,-1,400.000,-1,325.000,325.000,300.000,300.000,-1,575.000,600.000,-1,925.000,775.000,-1,-1,2,0,2,0,2,0,0,0,0,2,0,0,2,0,0,2,2
90,3233.541,-11673.065,-19.878,-68.404,0.367722,0.929746,-0.018806,-0.926580,0.368037,0.077456,0.078936,-0.011057,0.996818,0,0.69930,0.02125,41.958,0.043,-1,425.000,-1,400.000,-1,325.000,325.000,300.000,300.000,-1,575.000,625.000,-1,950.000,775.000,-1,-1,2,0,2,0,2,0,0,0,0,2,0,0,2,0,0,2,2
91,3250.783,-11716.529,-16.436,-68.362,0.368548,0.929450,-0.017200,-0.926205,0.368717,0.078689,0.079479,-0.013070,0.996751,0,0.77930,0.02125,46.758,0.043,-1,425.000,-1,400.000,-1,325.000,325.000,300.000,300.000,-1,550.000,625.000,-1,975.000,800.000,-1,-1,2,0,2,0,2,0,0,0,0,2,0,0,2,0,0,2,2
92,3269.831,-11764.439,-12.662,-68.319,0.369426,0.929142,-0.014817,-0.925877,0.369393,0.079369,0.079218,-0.015602,0.996735,0,0.85930,0.02125,51.558,0.043,-1,425.000,-1,400.000,-1,325.000,325.000,300.000,300.000,-1,600.000,675.000,-1,975.000,850.000,-1,-1,2,0,2,0,2,0,0,0,0,2,0,0,2,0,0,2,2
93,3290.690,-11816.795,-8.705,-68.277,0.370313,0.928827,-0.012183,-0.925592,0.370067,0.079558,0.078404,-0.018185,0.996756,0,0.93930,0.02125,56.358,0.043,-1,425.000,-1,400.000,-1,325.000,325.000,300.000,300.000,-1,650.000,750.000,-1,975.000,900.000,-1,-1,2,0,2,0,2,0,0,0,0,2,0,0,2,0,0,2,2
94,3311.965,-11870.076,-4.766,-68.234,0.371209,0.928502,-0.009368,-0.925303,0.370735,0.079815,0.077581,-0.020960,0.996766,0,0.95618,0.02125,57.371,0.043,-1,425.000,-1,400.000,-1,325.000,325.000,300.000,300.000,-1,700.000,850.000,-1,1000.000,950.000,-1,-1,2,0,2,0,2,0,0,0,0,2,0,0,2,0,0,2,2
95,3333.278,-11923.340,-0.548,-68.191,0.372013,0.928198,-0.007375,-0.925145,0.371413,0.078475,0.075580,-0.022371,0.996889,0,0.95618,0.02125,57.371,0.043,-1,425.000,-1,400.000,-1,325.000,325.000,300.000,300.000,-1,875.000,950.000,-1,1000.000,975.000,-1,-1,2,0,2,0,2,0,0,0,0,2,0,0,2,0,0,2,2
96,3354.632,-11976.589,3.695,-68.149,0.372798,0.927896,-0.005530,-0.924993,0.372091,0.077044,0.073547,-0.023607,0.997012,0,0.95618,0.02125,57.371,0.043,-1,425.000,-1,400.000,-1,325.000,325.000,300.000,300.000,-1,1000.000,-1,-1,-1,1000.000,-1,-1,2,0,2,0,2,0,0,0,0,2,0,2,2,2,0,2,2
97,3376.025,-12029.822,7.894,-68.106,0.373583,0.927590,-0.003607,-0.924832,0.372767,0.075706,0.071569,-0.024947,0.997124,0,0.95618,0.02125,57.371,0.043,-1,425.000,-1,400.000,-1,325.000,325.000,300.000,300.000,-1,-1,-1,-1,-1,-1,-1,-1,2,0,2,0,2,0,0,0,0,2,2,2,2,2,2,2,2
98,3397.457,-12083.039,12.039,-68.064,0.374372,0.927277,-0.001555,-0.924662,0.373441,0.074446,0.069613,-0.026432,0.997224,0,0.95618,0.02125,57.371,0.043,-1,425.000,-1,375.000,-1,325.000,325.000,300.000,300.000,-1,-1,-1,-1,-1,-1,-1,-1,2,0,2,0,2,0,0,0,0,2,2,2,2,2,2,2,2
99,3418.929,-12136.240,16.129,-68.021,0.375163,0.926959,0.000623,-0.924485,0.374112,0.073265,0.067681,-0.028063,0.997312,0,0.95618,0.02125,57.371,0.043,-1,425.000,-1,400.000,-1,325.000,300.000,300.000,300.000,-1,-1,-1,-1,-1,-1,-1,-1,2,0,2,0,2,0,0,0,0,2,2,2,2,2,2,2,2
100,3440.440,-12189.425,20.166,-67.979,0.375955,0.926633,0.002930,-0.924301,0.374780,0.072164,0.065771,-0.029839,0.997388,0,0.95618,0.02125,57.371,0.043,-1,425.000,-1,400.000,-1,325.000,300.000,300.000,300.000,-1,-1,-1,-1,-1,-1,-1,-1,2,0,2,0,2,0,0,0,0,2,2,2,2,2,2,2,2
101,3461.991,-12242.595,24.149,-67.936,0.376748,0.926300,0.005365,-0.924110,0.375446,0.071142,0.063884,-0.031761,0.997452,0,0.95618,0.02125,57.371,0.043,-1,425.000,-1,425.000,-1,325.000,300.000,300.000,300.000,-1,-1,-1,-1,-1,-1,-1,-1,2,0,2,0,2,0,0,0,0,2,2,2,2,2,2,2,2
102,3481.980,-12291.217,27.742,-67.654,0.381420,0.924369,0.007794,-0.922316,0.379980,0.070341,0.062060,-0.034018,0.997493,0,0.87618,0.14125,52.571,0.283,-1,425.000,-1,425.000,-1,325.000,325.000,300.000,325.000,-1,-1,-1,-1,-1,-1,-1,-1,2,0,2,0,2,0,0,0,0,2,2,2,2,2,2,2,2
103,3500.403,-12335.293,30.932,-67.316,0.386970,0.922036,0.010205,-0.920108,0.385388,0.069840,0.060462,-0.036416,0.997506,0,0.79618,0.16881,47.771,0.338,-1,425.000,-1,425.000,-1,325.000,325.000,300.000,325.000,-1,-1,-1,-1,-1,-1,-1,-1,2,0,2,0,2,0,0,0,0,2,2,2,2,2,2,2,2
104,3518.883,-12378.783,33.817,-66.979,0.392476,0.919686,0.011820,-0.917832,0.390788,0.069779,0.059556,-0.038235,0.997492,0,0.78757,0.16881,47.254,0.338,-1,450.000,-1,450.000,-1,350.000,350.000,300.000,325.000,-1,-1,-1,-1,-1,-1,-1,-1,2,0,2,0,2,0,0,0,0,2,2,2,2,2,2,2,2
105,3537.619,-12422.163,36.075,-66.641,0.397843,0.917370,0.012369,-0.915682,0.396202,0.067454,0.056980,-0.038162,0.997646,0,0.78757,0.16881,47.254,0.338,-1,450.000,-1,450.000,-1,350.000,350.000,300.000,325.000,-1,-1,-1,-1,-1,-1,-1,-1,2,0,2,0,2,0,0,0,0,2,2,2,2,2,2,2,2
106,3556.610,-12465.433,37.930,-66.303,0.403131,0.915058,0.012393,-0.913584,0.401618,0.063781,0.053386,-0.037034,0.997887,0,0.78757,0.16881,47.254,0.338,-1,450.000,-1,450.000,-1,350.000,350.000,300.000,300.000,-1,-1,-1,-1,1000.000,-1,-1,-1,2,0,2,0,2,0,0,0,0,2,2,2,2,0,2,2,2
107,3575.855,-12508.589,39.743,-65.966,0.408425,0.912703,0.012716,-0.911430,0.407015,0.060285,0.049847,-0.036212,0.998100,0,0.78757,0.16881,47.254,0.338,-1,450.000,-1,450.000,-1,350.000,350.000,300.000,300.000,-1,-1,-1,-1,975.000,-1,-1,-1,2,0,2,0,2,0,0,0,0,2,2,2,2,0,2,2,2
108,3595.355,-12551.632,41.530,-65.628,0.413718,0.910308,0.013304,-0.909226,0.412395,0.056908,0.046317,-0.035640,0.998291,0,0.78757,0.16881,47.254,0.338,-1,450.000,-1,450.000,-1,350.000,350.000,325.000,300.000,-1,-1,-1,-1,975.000,-1,-1,-1,2,0,2,0,2,0,0,0,0,2,2,2,2,0,2,2,2
109,3615.147,-12594.638,43.316,-65.288,0.419048,0.907854,0.014105,-0.906959,0.417803,0.053540,0.042713,-0.035229,0.998466,0,0.78903,0.17023,47.342,0.340,-1,450.000,-1,450.000,-1,350.000,350.000,325.000,300.000,-1,-1,-1,-1,950.000,-1,-1,-1,2,0,2,0,2,0,0,0,0,2,2,2,2,0,2,2,2
110,3635.246,-12637.627,44.845,-64.943,0.424454,0.905301,0.016376,-0.904637,0.423238,0.050016,0.038348,-0.036044,0.998614,0,0.79094,0.17214,47.456,0.344,-1,425.000,-1,450.000,-1,350.000,350.000,325.000,325.000,-1,-1,-1,-1,900.000,-1,-1,-1,2,0,2,0,2,0,0,0,0,2,2,2,2,0,2,2,2
111,3655.653,-12680.594,46.265,-64.595,0.429908,0.902665,0.019349,-0.902243,0.428709,0.046547,0.033721,-0.037468,0.998729,0,0.79280,0.17408,47.568,0.348,-1,425.000,-1,425.000,-1,350.000,350.000,300.000,325.000,-1,-1,-1,-1,875.000,1000.000,-1,-1,2,0,2,0,2,0,0,0,0,2,2,2,2,0,0,2,2
112,3676.372,-12723.533,47.704,-64.243,0.435395,0.899961,0.022381,-0.899764,0.434223,0.043297,0.029248,-0.038989,0.998812,0,0.79461,0.17605,47.677,0.352,-1,425.000,-1,425.000,-1,350.000,350.000,300.000,325.000,-1,-1,-1,-1,850.000,975.000,-1,-1,2,0,2,0,2,0,0,0,0,2,2,2,2,0,0,2,2
113,3697.404,-12766.438,48.980,-63.887,0.440887,0.897212,0.025101,-0.897231,0.439792,0.039495,0.024396,-0.039935,0.998904,0,0.79638,0.17807,47.783,0.356,-1,400.000,-1,425.000,-1,325.000,350.000,300.000,325.000,-1,-1,-1,-1,825.000,950.000,-1,-1,2,0,2,0,2,0,0,0,0,2,2,2,2,0,0,2,2
114,3718.751,-12809.302,50.129,-63.527,0.446395,0.894410,0.027593,-0.894628,0.445415,0.035292,0.019276,-0.040440,0.998996,0,0.79810,0.18013,47.886,0.360,-1,400.000,-1,425.000,-1,325.000,325.000,300.000,350.000,-1,-1,-1,-1,775.000,900.000,-1,-1,2,0,2,0,2,0,0,0,0,2,2,2,2,0,0,2,2
115,3740.415,-12852.118,51.306,-63.162,0.451945,0.891536,0.030169,-0.891931,0.451084,0.031356,0.014346,-0.041080,0.999053,0,0.79976,0.18223,47.985,0.364,-1,400.000,-1,425.000,-1,325.000,325.000,300.000,350.000,-1,-1,-1,-1,750.000,875.000,-1,-1,2,0,2,0,2,0,0,0,0,2,2,2,2,0,0,2,2
116,3762.399,-12894.880,52.510,-62.794,0.457535,0.888585,0.032826,-0.889139,0.456798,0.027693,0.009612,-0.041857,0.999077,0,0.80136,0.18438,48.082,0.369,-1,400.000,-1,400.000,-1,325.000,325.000,300.000,350.000,-1,-1,-1,-1,725.000,825.000,-1,-1,2,0,2,0,2,0,0,0,0,2,2,2,2,0,0,2,2
117,3784.703,-12937.579,53.741,-62.420,0.463167,0.885557,0.035560,-0.886256,0.462557,0.024311,0.005080,-0.042775,0.999072,0,0.80290,0.18657,48.174,0.373,-1,375.000,-1,400.000,-1,325.000,325.000,300.000,350.000,-1,-1,-1,-1,700.000,800.000,-1,-1,2,0,2,0,2,0,0,0,0,2,2,2,2,0,0,2,2
118,3807.329,-12980.209,54.530,-62.043,0.468891,0.882514,0.036192,-0.883254,0.468397,0.021627,0.002134,-0.042107,0.999111,0,0.80437,0.18881,48.262,0.378,1000.000,375.000,-1,400.000,-1,300.000,325.000,300.000,350.000,-1,-1,-1,-1,675.000,775.000,-1,-1,1,0,2,0,2,0,0,0,0,2,2,2,2,0,0,2,2
119,3830.278,-13022.761,54.848,-61.661,0.474724,0.879455,0.034583,-0.880134,0.474319,0.019627,0.000858,-0.039755,0.999209,0,0.80577,0.19111,48.346,0.382,950.000,375.000,-1,400.000,-1,300.000,325.000,325.000,350.000,-1,-1,-1,-1,675.000,775.000,-1,-1,1,0,2,0,2,0,0,0,0,2,2,2,2,0,0,2,2
120,3853.551,-13065.227,55.152,-61.274,0.480614,0.876312,0.032974,-0.876932,0.480291,0.017634,-0.000384,-0.037391,0.999301,0,0.80709,0.19345,48.426,0.387,925.000,375.000,-1,400.000,-1,300.000,325.000,325.000,350.000,-1,-1,-1,-1,675.000,750.000,-1,-1,1,0,2,0,2,0,0,0,0,2,2,2,2,0,0,2,2
121,3879.148,-13111.649,55.481,-61.127,0.482824,0.875153,0.031439,-0.875716,0.482578,0.015495,-0.001611,-0.035013,0.999386,0,0.88352,0.07345,53.011,0.147,900.000,375.000,-1,375.000,-1,300.000,300.000,325.000,350.000,-1,-1,-1,-1,650.000,725.000,-1,-1,1,0,2,0,2,0,0,0,0,2,2,2,2,0,0,2,2
122,3904.702,-13158.171,55.834,-61.220,0.481372,0.875991,0.030352,-0.876512,0.481185,0.013667,-0.002633,-0.033182,0.999446,0,0.88464,-0.04655,53.078,-0.093,850.000,375.000,-1,375.000,-1,300.000,300.000,325.000,350.000,-1,-1,-1,-1,650.000,700.000,1000.000,-1,1,0,2,0,2,0,0,0,0,2,2,2,2,0,0,1,2
123,3930.009,-13204.885,56.221,-61.553,0.476256,0.878813,0.029467,-0.879301,0.476106,0.012366,-0.003162,-0.031800,0.999489,0,0.88548,-0.16655,53.129,-0.333,825.000,350.000,-1,375.000,-1,300.000,300.000,325.000,350.000,-1,-1,-1,-1,625.000,700.000,975.000,-1,1,0,2,0,2,0,0,0,0,2,2,2,2,0,0,1,2
124,3954.863,-13251.876,56.329,-62.126,0.467465,0.883523,0.029387,-0.884009,0.467288,0.013047,-0.002205,-0.032078,0.999483,0,0.88598,-0.28655,53.159,-0.573,800.000,350.000,-1,375.000,-1,300.000,300.000,325.000,350.000,-1,-1,-1,-1,625.000,700.000,925.000,-1,1,0,2,0,2,0,0,0,0,2,2,2,2,0,0,1,2
125,3979.050,-13299.223,56.513,-62.939,0.454920,0.890077,0.028465,-0.890532,0.454709,0.013862,-0.000606,-0.031655,0.999499,0,0.88611,-0.40655,53.167,-0.813,775.000,350.000,-1,375.000,-1,300.000,300.000,325.000,350.000,-1,-1,-1,-1,625.000,700.000,900.000,-1,1,0,2,0,2,0,0,0,0,2,2,2,2,0,0,1,2
126,4002.355,-13346.990,56.678,-63.992,0.438552,0.898340,0.025643,-0.898703,0.438300,0.015032,0.002265,-0.029638,0.999558,0,0.88581,-0.52655,53.149,-1.053,750.000,350.000,-1,375.000,-1,300.000,300.000,325.000,350.000,-1,-1,-1,-1,600.000,700.000,900.000,-1,1,0,2,0,2,0,0,0,0,2,2,2,2,0,0,1,2
127,4024.734,-13395.146,57.010,-65.074,0.421573,0.906509,0.022733,-0.906780,0.421292,0.016231,0.005136,-0.027457,0.999610,0,0.88503,-0.54078,53.102,-1.082,750.000,350.000,-1,375.000,-1,300.000,300.000,325.000,350.000,-1,-1,-1,-1,600.000,700.000,900.000,-1,1,0,2,0,2,0,0,0,0,2,2,2,2,0,0,1,2
128,4046.179,-13443.650,57.504,-66.147,0.404563,0.914297,0.019753,-0.914475,0.404265,0.017457,0.007975,-0.025126,0.999652,0,0.88389,-0.53657,53.033,-1.073,725.000,350.000,-1,375.000,-1,300.000,300.000,325.000,350.000,-1,-1,400.000,-1,600.000,700.000,875.000,-1,1,0,2,0,2,0,0,0,0,2,2,0,2,0,0,1,2
129,4066.686,-13492.463,58.148,-67.212,0.387531,0.921705,0.016709,-0.921794,0.387229,0.018707,0.010772,-0.022652,0.999685,0,0.88243,-0.53235,52.946,-1.065,700.000,350.000,-1,375.000,-1,300.000,300.000,325.000,350.000,-1,-1,400.000,-1,600.000,700.000,875.000,-1,1,0,2,0,2,0,0,0,0,2,2,0,2,0,0,1,2
130,4086.250,-13541.548,58.936,-68.268,0.370485,0.928739,0.013611,-0.928740,0.370193,0.019977,0.013514,-0.020042,0.999708,0,0.88067,-0.52813,52.840,-1.056,700.000,350.000,-1,375.000,-1,300.000,300.000,350.000,350.000,-1,-1,425.000,-1,625.000,700.000,875.000,-1,1,0,2,0,2,0,0,0,0,2,2,0,2,0,0,1,2
131,4104.867,-13590.868,59.858,-69.319,0.353377,0.935423,0.010464,-0.935341,0.353108,0.021263,0.016195,-0.017302,0.999719,0,0.87862,-0.52568,52.717,-1.051,700.000,350.000,-1,375.000,-1,300.000,300.000,350.000,350.000,-1,-1,425.000,-1,625.000,725.000,875.000,-1,1,0,2,0,2,0,0,0,0,2,2,0,2,0,0,1,2
132,4122.532,-13640.392,60.885,-70.368,0.336176,0.941771,0.007327,-0.941610,0.335942,0.022642,0.018862,-0.014511,0.999717,0,0.87633,-0.52438,52.580,-1.049,675.000,350.000,-1,375.000,-1,300.000,300.000,350.000,350.000,-1,-1,425.000,-1,625.000,725.000,875.000,-1,1,0,2,0,2,0,0,0,0,2,2,0,2,0,0,1,2
133,4139.242,-13690.087,61.916,-71.415,0.318883,0.947785,0.004153,-0.947544,0.318695,0.024386,0.021789,-0.011712,0.999694,0,0.87381,-0.52333,52.429,-1.047,675.000,350.000,-1,375.000,-1,300.000,300.000,350.000,350.000,-1,575.000,400.000,-1,625.000,725.000,875.000,-1,1,0,2,0,2,0,0,0,0,2,0,0,2,0,0,1,2
134,4154.994,-13739.924,63.032,-72.460,0.301492,0.953468,0.000877,-0.953143,0.301365,0.026396,0.024903,-0.008794,0.999651,0,0.87112,-0.52252,52.267,-1.045,675.000,350.000,-1,375.000,-1,300.000,300.000,350.000,350.000,-1,550.000,375.000,-1,625.000,750.000,875.000,-1,1,0,2,0,2,0,0,0,0,2,0,0,2,0,0,1,2
135,4169.787,-13789.877,64.289,-73.504,0.284005,0.958820,-0.002197,-0.958413,0.283950,0.028567,0.028015,-0.006008,0.999589,0,0.86829,-0.52196,52.098,-1.044,675.000,350.000,-1,400.000,-1,300.000,300.000,325.000,350.000,-1,550.000,350.000,-1,625.000,775.000,875.000,-1,1,0,2,0,2,0,0,0,0,2,0,0,2,0,0,1,2
