timestep,x_cm,y_cm,z_cm,yaw_deg,basis_xx,basis_xy,basis_xz,basis_yx,basis_yy,basis_yz,basis_zx,basis_zy,basis_zz,teleport_flag,throttle_cmd,steering_cmd,cmd_move_cm,cmd_turn_deg,lidar_cm_0,lidar_cm_1,lidar_cm_2,lidar_cm_3,lidar_cm_4,lidar_cm_5,lidar_cm_6,lidar_cm_7,lidar_cm_8,lidar_cm_9,lidar_cm_10,lidar_cm_11,lidar_cm_12,lidar_cm_13,lidar_cm_14,lidar_cm_15,lidar_cm_16,lidar_class_0,lidar_class_1,lidar_class_2,lidar_class_3,lidar_class_4,lidar_class_5,lidar_class_6,lidar_class_7,lidar_class_8,lidar_class_9,lidar_class_10,lidar_class_11,lidar_class_12,lidar_class_13,lidar_class_14,lidar_class_15,lidar_class_16
0,979.432,2949.941,111.514,21.449,0.930279,-0.365660,-0.029563,0.365161,0.930707,-0.021018,0.035200,0.008757,0.999342,1,-0.08000,0.12000,-4.800,0.240,-1,400.000,-1,375.000,-1,325.000,325.000,300.000,300.000,525.000,775.000,800.000,-1,750.000,700.000,-1,-1,2,0,2,0,2,0,0,0,0,1,0,0,2,0,0,2,2
1,970.526,2946.356,111.170,21.929,0.927183,-0.373446,-0.029497,0.372952,0.927614,-0.020978,0.035196,0.008450,0.999345,0,-0.16000,0.24000,-9.600,0.480,-1,400.000,-1,400.000,-1,325.000,325.000,300.000,300.000,500.000,750.000,800.000,-1,750.000,700.000,-1,-1,2,0,2,0,2,0,0,0,0,1,0,0,2,0,0,2,2
2,957.237,2940.811,110.651,22.649,0.922417,-0.385074,-0.029402,0.384589,0.922851,-0.020913,0.035186,0.007983,0.999349,0,-0.24000,0.36000,-14.400,0.720,-1,400.000,-1,400.000,-1,325.000,325.000,300.000,300.000,500.000,750.000,800.000,-1,750.000,725.000,-1,-1,2,0,2,0,2,0,0,0,0,1,0,0,2,0,0,2,2
3,940.349,2933.429,109.983,23.609,0.915836,-0.400484,-0.029290,0.400010,0.916274,-0.020821,0.035176,0.007352,0.999354,0,-0.30718,0.48000,-18.431,0.960,-1,400.000,-1,400.000,-1,325.000,325.000,300.000,300.000,500.000,750.000,775.000,-1,750.000,725.000,-1,-1,2,0,2,0,2,0,0,0,0,1,0,0,2,0,0,2,2
4,923.679,2925.723,109.309,24.809,0.907245,-0.419587,-0.029199,0.419127,0.907691,-0.020716,0.035196,0.006556,0.999359,0,-0.30608,0.60000,-18.365,1.200,-1,400.000,-1,400.000,-1,325.000,325.000,300.000,300.000,475.000,725.000,775.000,-1,750.000,725.000,-1,-1,2,0,2,0,2,0,0,0,0,1,0,0,2,0,0,2,2
5,907.295,2917.644,108.629,26.249,0.896410,-0.442268,-0.029134,0.441823,0.896866,-0.020597,0.035239,0.005591,0.999363,0,-0.30446,0.72000,-18.267,1.440,-1,400.000,-1,400.000,-1,325.000,325.000,300.000,300.000,475.000,725.000,775.000,-1,750.000,725.000,-1,-1,2,0,2,0,2,0,0,0,0,1,0,0,2,0,0,2,2
6,891.271,2909.149,107.945,27.929,0.883051,-0.468374,-0.029098,0.467948,0.883519,-0.020466,0.035295,0.004456,0.999367,0,-0.30228,0.84000,-18.137,1.680,-1,400.000,-1,400.000,-1,325.000,325.000,300.000,300.000,475.000,725.000,775.000,-1,750.000,725.000,-1,-1,2,0,2,0,2,0,0,0,0,1,0,0,2,0,0,2,2
7,875.684,2900.205,107.257,29.849,0.866853,-0.497715,-0.029096,0.497310,0.867335,-0.020324,0.035351,0.003148,0.999370,0,-0.29951,0.96000,-17.971,1.920,-1,400.000,-1,400.000,-1,325.000,325.000,300.000,300.000,500.000,725.000,775.000,-1,750.000,725.000,-1,-1,2,0,2,0,2,0,0,0,0,1,0,0,2,0,0,2,2
8,860.583,2890.845,106.570,31.790,0.849490,-0.526800,-0.029117,0.526417,0.849987,-0.020175,0.035377,0.001811,0.999372,0,-0.29610,0.97024,-17.766,1.940,-1,400.000,-1,400.000,-1,325.000,325.000,300.000,300.000,525.000,700.000,775.000,-1,750.000,725.000,-1,-1,2,0,2,0,2,0,0,0,0,1,0,0,2,0,0,2,2
9,845.993,2881.103,105.964,33.733,0.831134,-0.555319,-0.028939,0.554950,0.831637,-0.020257,0.035316,0.000777,0.999376,0,-0.29240,0.97156,-17.544,1.943,-1,400.000,-1,400.000,-1,325.000,325.000,300.000,300.000,600.000,725.000,750.000,-1,750.000,725.000,-1,-1,2,0,2,0,2,0,0,0,0,1,0,0,2,0,0,2,2
10,831.935,2871.009,105.383,35.678,0.811796,-0.583232,-0.028761,0.582874,0.812306,-0.020420,0.035272,-0.000187,0.999378,0,-0.28844,0.97275,-17.306,1.945,-1,400.000,-1,400.000,-1,325.000,325.000,300.000,300.000,725.000,725.000,750.000,-1,750.000,725.000,-1,-1,2,0,2,0,2,0,0,0,0,1,0,0,2,0,0,2,2
11,818.427,2860.597,104.809,37.626,0.791499,-0.610501,-0.028574,0.610156,0.792014,-0.020564,0.035186,-0.001158,0.999380,0,-0.28425,0.97381,-17.055,1.948,-1,400.000,-1,400.000,-1,325.000,325.000,300.000,300.000,-1,725.000,725.000,-1,750.000,725.000,-1,-1,2,0,2,0,2,0,0,0,0,2,0,0,2,0,0,2,2
12,805.484,2849.899,104.243,39.575,0.770267,-0.637090,-0.028380,0.636757,0.770787,-0.020689,0.035056,-0.002135,0.999383,0,-0.27986,0.97473,-16.792,1.949,-1,400.000,-1,400.000,-1,325.000,325.000,300.000,300.000,-1,700.000,725.000,-1,750.000,725.000,-1,-1,2,0,2,0,2,0,0,0,0,2,0,0,2,0,0,2,2
13,793.118,2838.948,103.686,41.526,0.748123,-0.662961,-0.028180,0.662642,0.748648,-0.020794,0.034883,-0.003117,0.999387,0,-0.27529,0.97553,-16.517,1.951,-1,400.000,-1,400.000,-1,325.000,325.000,300.000,300.000,-1,700.000,700.000,-1,750.000,725.000,-1,-1,2,0,2,0,2,0,0,0,0,2,0,0,2,0,0,2,2
14,781.338,2827.778,103.138,43.479,0.725096,-0.688079,-0.027977,0.687775,0.725624,-0.020878,0.034666,-0.004103,0.999391,0,-0.27057,0.97619,-16.234,1.952,-1,400.000,-1,400.000,-1,325.000,325.000,300.000,300.000,-1,675.000,700.000,-1,750.000,750.000,-1,-1,2,0,2,0,2,0,0,0,0,2,0,0,2,0,0,2,2
15,770.150,2816.419,102.601,45.432,0.701213,-0.712411,-0.027771,0.712121,0.701744,-0.020942,0.034407,-0.005091,0.999395,0,-0.26573,0.97672,-15.944,1.953,-1,400.000,-1,400.000,-1,325.000,325.000,300.000,300.000,-1,675.000,675.000,-1,750.000,750.000,-1,-1,2,0,2,0,2,0,0,0,0,2,0,0,2,0,0,2,2
16,759.556,2804.904,102.074,47.386,0.676504,-0.735923,-0.027564,0.735649,0.677038,-0.020985,0.034105,-0.006081,0.999400,0,-0.26079,0.97713,-15.647,1.954,-1,400.000,-1,400.000,-1,325.000,325.000,300.000,300.000,-1,675.000,675.000,-1,750.000,750.000,-1,-1,2,0,2,0,2,0,0,0,0,2,0,0,2,0,0,2,2
17,752.454,2796.705,101.710,49.101,0.654179,-0.755843,-0.027403,0.755583,0.654716,-0.021017,0.033826,-0.006956,0.999404,0,-0.18079,0.85713,-10.847,1.714,-1,400.000,-1,400.000,-1,325.000,325.000,300.000,300.000,-1,650.000,675.000,-1,750.000,750.000,-1,-1,2,0,2,0,2,0,0,0,0,2,0,0,2,0,0,2,2
18,748.613,2792.034,101.508,50.575,0.634510,-0.772433,-0.027285,0.772185,0.635049,-0.021049,0.033586,-0.007713,0.999406,0,-0.10079,0.73713,-6.047,1.474,-1,400.000,-1,400.000,-1,325.000,325.000,300.000,300.000,-1,650.000,675.000,-1,750.000,750.000,-1,-1,2,0,2,0,2,0,0,0,0,2,0,0,2,0,0,2,2
19,747.842,2791.053,101.465,51.809,0.617718,-0.785929,-0.027210,0.785690,0.618260,-0.021089,0.033397,-0.008352,0.999407,0,-0.02079,0.61713,-1.247,1.234,-1,400.000,-1,400.000,-1,325.000,325.000,300.000,300.000,-1,650.000,675.000,-1,750.000,750.000,-1,-1,2,0,2,0,2,0,0,0,0,2,0,0,2,0,0,2,2
20,749.989,2793.883,101.582,52.803,0.603981,-0.796535,-0.027176,0.796304,0.604527,-0.021142,0.033269,-0.008870,0.999407,0,0.05921,0.49713,3.553,0.994,-1,400.000,-1,400.000,-1,325.000,325.000,300.000,300.000,-1,675.000,700.000,-1,750.000,750.000,-1,-1,2,0,2,0,2,0,0,0,0,2,0,0,2,0,0,2,2
21,754.951,2800.602,101.858,53.558,0.593437,-0.804421,-0.027182,0.804195,0.593987,-0.021214,0.033211,-0.009271,0.999405,0,0.13921,0.37713,8.353,0.754,-1,400.000,-1,400.000,-1,325.000,325.000,300.000,300.000,-1,675.000,700.000,-1,750.000,750.000,-1,-1,2,0,2,0,2,0,0,0,0,2,0,0,2,0,0,2,2
22,762.668,2811.253,102.291,54.072,0.586187,-0.809718,-0.027230,0.809494,0.586741,-0.021304,0.033227,-0.009554,0.999402,0,0.21921,0.25713,13.153,0.514,-1,400.000,-1,400.000,-1,325.000,325.000,300.000,300.000,-1,675.000,725.000,-1,750.000,750.000,-1,-1,2,0,2,0,2,0,0,0,0,2,0,0,2,0,0,2,2
23,773.133,2825.840,102.882,54.346,0.582298,-0.812516,-0.027320,0.812292,0.582857,-0.021411,0.033320,-0.009724,0.999397,0,0.29921,0.13713,17.953,0.274,-1,400.000,-1,400.000,-1,325.000,325.000,300.000,300.000,-1,700.000,725.000,-1,750.000,750.000,-1,-1,2,0,2,0,2,0,0,0,0,2,0,0,2,0,0,2,2
24,786.332,2844.373,103.639,54.542,0.579508,-0.814503,-0.027484,0.814278,0.580075,-0.021542,0.033489,-0.009896,0.999390,0,0.37921,0.09795,22.753,0.196,-1,400.000,-1,400.000,-1,325.000,325.000,300.000,300.000,-1,700.000,750.000,-1,750.000,750.000,-1,-1,2,0,2,0,2,0,0,0,0,2,0,0,2,0,0,2,2
25,802.238,2866.871,104.557,54.738,0.576710,-0.816479,-0.027692,0.816253,0.577287,-0.021696,0.033701,-0.010091,0.999381,0,0.45921,0.09791,27.553,0.196,-1,400.000,-1,400.000,-1,325.000,325.000,300.000,300.000,-1,725.000,750.000,-1,750.000,750.000,-1,-1,2,0,2,0,2,0,0,0,0,2,0,0,2,0,0,2,2
26,820.826,2893.351,105.630,54.934,0.573908,-0.818443,-0.027927,0.818216,0.574495,-0.021869,0.033942,-0.010300,0.999371,0,0.53921,0.09780,32.353,0.196,-1,400.000,-1,400.000,-1,325.000,325.000,300.000,300.000,-1,750.000,775.000,-1,750.000,750.000,-1,-1,2,0,2,0,2,0,0,0,0,2,0,0,2,0,0,2,2
27,842.067,2923.832,106.857,55.129,0.571104,-0.820394,-0.028184,0.820164,0.571703,-0.022057,0.034208,-0.010518,0.999359,0,0.61921,0.09757,37.153,0.195,-1,400.000,-1,400.000,-1,325.000,325.000,300.000,300.000,-1,775.000,800.000,-1,750.000,750.000,-1,-1,2,0,2,0,2,0,0,0,0,2,0,0,2,0,0,2,2
28,865.936,2958.333,108.237,55.323,0.568304,-0.822326,-0.028457,0.822095,0.568915,-0.022256,0.034491,-0.010746,0.999347,0,0.69921,0.09718,41.953,0.194,-1,400.000,-1,400.000,-1,325.000,325.000,300.000,300.000,-1,800.000,850.000,-1,750.000,750.000,-1,-1,2,0,2,0,2,0,0,0,0,2,0,0,2,0,0,2,2
29,891.461,2995.495,109.712,55.516,0.565516,-0.824237,-0.028730,0.824004,0.566139,-0.022454,0.034773,-0.010976,0.999335,0,0.75139,0.09656,45.083,0.193,-1,400.000,-1,400.000,-1,325.000,325.000,300.000,300.000,-1,825.000,875.000,-1,750.000,750.000,-1,-1,2,0,2,0,2,0,0,0,0,2,0,0,2,0,0,2,2
30,916.755,3032.586,111.174,55.708,0.562747,-0.826121,-0.028982,0.825887,0.563381,-0.022636,0.035028,-0.011197,0.999324,0,0.74825,0.09568,44.895,0.191,-1,400.000,-1,400.000,-1,325.000,325.000,300.000,300.000,-1,875.000,900.000,-1,750.000,750.000,-1,-1,2,0,2,0,2,0,0,0,0,2,0,0,2,0,0,2,2
31,941.826,3069.610,112.631,55.897,0.560005,-0.827975,-0.029171,0.827740,0.560649,-0.022799,0.035231,-0.011379,0.999314,0,0.74524,0.09460,44.714,0.189,-1,400.000,-1,400.000,-1,325.000,325.000,300.000,300.000,-1,900.000,925.000,-1,750.000,750.000,-1,-1,2,0,2,0,2,0,0,0,0,2,0,0,2,0,0,2,2
32,963.987,3102.807,113.985,56.275,0.554535,-0.831652,-0.029081,0.831417,0.555178,-0.022868,0.035164,-0.011497,0.999315,0,0.66524,0.18887,39.914,0.378,-1,400.000,-1,400.000,-1,325.000,325.000,300.000,300.000,-1,925.000,975.000,-1,750.000,750.000,-1,-1,2,0,2,0,2,0,0,0,0,2,0,0,2,0,0,2,2
33,983.291,3132.139,115.204,56.650,0.549077,-0.835267,-0.029048,0.835039,0.549719,-0.022764,0.034982,-0.011757,0.999319,0,0.58524,0.18757,35.114,0.375,-1,400.000,-1,400.000,-1,325.000,325.000,300.000,300.000,-1,975.000,-1,-1,750.000,750.000,-1,-1,2,0,2,0,2,0,0,0,0,2,0,2,2,0,0,2,2
34,999.791,3157.569,116.250,57.022,0.543632,-0.838822,-0.029017,0.838602,0.544273,-0.022669,0.034808,-0.012010,0.999322,0,0.50524,0.18632,30.314,0.373,-1,400.000,-1,400.000,-1,325.000,325.000,300.000,300.000,-1,-1,-1,-1,750.000,750.000,-1,-1,2,0,2,0,2,0,0,0,0,2,2,2,2,0,0,2,2
35,1013.540,3179.061,117.125,57.393,0.538198,-0.842320,-0.028989,0.842106,0.538838,-0.022586,0.034645,-0.012256,0.999325,0,0.42524,0.18517,25.514,0.370,-1,400.000,-1,400.000,-1,325.000,325.000,300.000,300.000,-1,-1,-1,-1,750.000,750.000,-1,-1,2,0,2,0,2,0,0,0,0,2,2,2,2,0,0,2,2
36,1024.590,3196.582,117.839,57.761,0.532771,-0.845764,-0.028955,0.845555,0.533412,-0.022545,0.034512,-0.012472,0.999326,0,0.34524,0.18414,20.714,0.368,-1,400.000,-1,400.000,-1,325.000,325.000,300.000,300.000,-1,-1,-1,-1,750.000,750.000,-1,-1,2,0,2,0,2,0,0,0,0,2,2,2,2,0,0,2,2
37,1032.993,3210.097,118.390,58.128,0.527348,-0.849157,-0.028919,0.848952,0.527988,-0.022537,0.034407,-0.012666,0.999328,0,0.26524,0.18328,15.914,0.367,-1,400.000,-1,400.000,-1,325.000,325.000,300.000,300.000,-1,-1,-1,-1,750.000,750.000,-1,-1,2,0,2,0,2,0,0,0,0,2,2,2,2,0,0,2,2
38,1038.802,3219.572,118.775,58.493,0.521923,-0.852503,-0.028894,0.852302,0.522564,-0.022533,0.034309,-0.012866,0.999328,0,0.18524,0.18260,11.114,0.365,-1,400.000,-1,400.000,-1,325.000,325.000,300.000,300.000,-1,-1,-1,-1,750.000,750.000,-1,-1,2,0,2,0,2,0,0,0,0,2,2,2,2,0,0,2,2
39,1042.067,3224.976,118.994,58.857,0.516491,-0.855806,-0.028880,0.855609,0.517132,-0.022533,0.034219,-0.013072,0.999329,0,0.10524,0.18213,6.314,0.364,-1,400.000,-1,400.000,-1,325.000,325.000,300.000,300.000,-1,-1,-1,-1,750.000,750.000,-1,-1,2,0,2,0,2,0,0,0,0,2,2,2,2,0,0,2,2
40,1042.842,3226.277,119.048,59.221,0.511045,-0.859069,-0.028878,0.858876,0.511688,-0.022537,0.034137,-0.013285,0.999329,0,0.02524,0.18185,1.514,0.364,-1,400.000,-1,400.000,-1,325.000,325.000,300.000,300.000,-1,-1,-1,-1,750.000,750.000,-1,-1,2,0,2,0,2,0,0,0,0,2,2,2,2,0,0,2,2
41,1041.178,3223.444,118.938,59.584,0.505580,-0.862296,-0.028889,0.862107,0.506225,-0.022544,0.034064,-0.013508,0.999328,0,-0.05476,0.18179,-3.286,0.364,-1,400.000,-1,400.000,-1,325.000,325.000,300.000,300.000,-1,-1,-1,-1,750.000,750.000,-1,-1,2,0,2,0,2,0,0,0,0,2,2,2,2,0,0,2,2
42,1037.129,3216.445,118.666,59.948,0.500090,-0.865490,-0.028915,0.865306,0.500737,-0.022553,0.033998,-0.013742,0.999327,0,-0.13476,0.18193,-8.086,0.364,-1,400.000,-1,400.000,-1,325.000,325.000,300.000,300.000,-1,-1,-1,-1,750.000,750.000,-1,-1,2,0,2,0,2,0,0,0,0,2,2,2,2,0,0,2,2
43,1030.747,3205.250,118.230,60.313,0.494570,-0.868655,-0.028956,0.868475,0.495219,-0.022561,0.033938,-0.013989,0.999326,0,-0.21476,0.18225,-12.886,0.364,-1,400.000,-1,400.000,-1,325.000,325.000,300.000,300.000,-1,-1,-1,-1,750.000,750.000,-1,-1,2,0,2,0,2,0,0,0,0,2,2,2,2,0,0,2,2
44,1022.086,3189.830,117.633,60.678,0.489014,-0.871793,-0.029011,0.871617,0.489667,-0.022575,0.033887,-0.014247,0.999324,0,-0.29476,0.18273,-17.686,0.365,-1,400.000,-1,400.000,-1,325.000,325.000,300.000,300.000,-1,-1,-1,-1,750.000,750.000,-1,-1,2,0,2,0,2,0,0,0,0,2,2,2,2,0,0,2,2
45,1011.200,3170.155,116.885,61.045,0.483419,-0.874906,-0.029059,0.874733,0.484076,-0.022645,0.033879,-0.014472,0.999321,0,-0.37476,0.18335,-22.486,0.367,-1,400.000,-1,400.000,-1,325.000,325.000,300.000,300.000,-1,-1,-1,-1,750.000,750.000,-1,-1,2,0,2,0,2,0,0,0,0,2,2,2,2,0,0,2,2
46,998.144,3146.196,115.976,61.413,0.477782,-0.877996,-0.029119,0.877825,0.478443,-0.022720,0.033880,-0.014706,0.999318,0,-0.45476,0.18406,-27.286,0.368,-1,400.000,-1,400.000,-1,325.000,325.000,300.000,300.000,-1,-1,-1,-1,750.000,750.000,-1,-1,2,0,2,0,2,0,0,0,0,2,2,2,2,0,0,2,2
47,983.276,3118.487,114.928,61.783,0.472102,-0.881061,-0.029192,0.880893,0.472767,-0.022796,0.033885,-0.014953,0.999314,0,-0.52409,0.18482,-31.446,0.370,-1,400.000,-1,400.000,-1,325.000,325.000,300.000,300.000,-1,1000.000,1000.000,-1,750.000,750.000,-1,-1,2,0,2,0,2,0,0,0,0,2,0,0,2,0,0,2,2
48,968.668,3090.836,113.915,62.154,0.466385,-0.884103,-0.029111,0.883937,0.467049,-0.022831,0.033781,-0.015084,0.999315,0,-0.52122,0.18557,-31.273,0.371,-1,400.000,-1,400.000,-1,325.000,325.000,300.000,300.000,-1,975.000,975.000,-1,750.000,750.000,-1,-1,2,0,2,0,2,0,0,0,0,2,0,0,2,0,0,2,2
49,954.322,3063.246,112.930,62.526,0.460635,-0.887118,-0.028918,0.886954,0.461294,-0.022831,0.033594,-0.015132,0.999321,0,-0.51827,0.18616,-31.096,0.372,-1,400.000,-1,400.000,-1,325.000,325.000,300.000,300.000,-1,950.000,950.000,-1,750.000,750.000,-1,-1,2,0,2,0,2,0,0,0,0,2,0,0,2,0,0,2,2
50,940.237,3035.724,111.951,62.899,0.454852,-0.890104,-0.028723,0.889941,0.455505,-0.022816,0.033392,-0.015184,0.999327,0,-0.51528,0.18661,-30.917,0.373,-1,400.000,-1,400.000,-1,325.000,325.000,300.000,300.000,-1,925.000,925.000,-1,750.000,775.000,-1,-1,2,0,2,0,2,0,0,0,0,2,0,0,2,0,0,2,2
51,926.414,3008.272,110.979,63.273,0.449041,-0.893056,-0.028525,0.892895,0.449688,-0.022787,0.033177,-0.015238,0.999333,0,-0.51226,0.18691,-30.736,0.374,-1,400.000,-1,400.000,-1,325.000,325.000,300.000,300.000,-1,900.000,900.000,-1,750.000,775.000,-1,-1,2,0,2,0,2,0,0,0,0,2,0,0,2,0,0,2,2
52,912.851,2980.893,110.013,63.647,0.443205,-0.895972,-0.028326,0.895814,0.443846,-0.022743,0.032949,-0.015295,0.999340,0,-0.50923,0.18707,-30.554,0.374,-1,400.000,-1,400.000,-1,325.000,325.000,300.000,300.000,-1,875.000,900.000,-1,750.000,775.000,-1,-1,2,0,2,0,2,0,0,0,0,2,0,0,2,0,0,2,2
53,899.547,2953.590,109.064,64.021,0.437351,-0.898850,-0.028144,0.898697,0.437985,-0.022646,0.032682,-0.015389,0.999347,0,-0.50620,0.18708,-30.372,0.374,-1,400.000,-1,400.000,-1,325.000,325.000,300.000,300.000,-1,875.000,875.000,-1,750.000,775.000,-1,-1,2,0,2,0,2,0,0,0,0,2,0,0,2,0,0,2,2
54,886.500,2926.364,108.133,64.395,0.431481,-0.901688,-0.027989,0.901541,0.432109,-0.022480,0.032364,-0.015533,0.999355,0,-0.50318,0.18696,-30.191,0.374,-1,400.000,-1,400.000,-1,325.000,325.000,300.000,300.000,-1,850.000,850.000,-1,750.000,775.000,-1,-1,2,0,2,0,2,0,0,0,0,2,0,0,2,0,0,2,2
55,873.706,2899.215,107.209,64.769,0.425602,-0.904482,-0.027833,0.904343,0.426223,-0.022304,0.032037,-0.015678,0.999364,0,-0.50021,0.18670,-30.012,0.373,-1,400.000,-1,400.000,-1,325.000,325.000,300.000,300.000,-1,825.000,850.000,-1,750.000,750.000,-1,-1,2,0,2,0,2,0,0,0,0,2,0,0,2,0,0,2,2
56,861.163,2872.143,106.291,65.141,0.419717,-0.907233,-0.027676,0.907101,0.420331,-0.022118,0.031699,-0.015822,0.999372,0,-0.49728,0.18630,-29.837,0.373,-1,400.000,-1,400.000,-1,325.000,325.000,300.000,300.000,-1,825.000,825.000,-1,750.000,750.000,-1,-1,2,0,2,0,2,0,0,0,0,2,0,0,2,0,0,2,2
57,848.868,2845.146,105.379,65.513,0.413831,-0.909938,-0.027520,0.909814,0.414438,-0.021922,0.031353,-0.015966,0.999381,0,-0.49441,0.18578,-29.665,0.372,-1,400.000,-1,400.000,-1,325.000,325.000,300.000,300.000,-1,800.000,825.000,-1,750.000,750.000,-1,-1,2,0,2,0,2,0,0,0,0,2,0,0,2,0,0,2,2
58,838.803,2822.409,104.616,66.124,0.404100,-0.914305,-0.027372,0.914191,0.404700,-0.021755,0.030968,-0.016232,0.999389,0,-0.41441,0.30578,-24.865,0.612,-1,400.000,-1,400.000,-1,325.000,325.000,300.000,300.000,-1,800.000,800.000,-1,750.000,750.000,-1,-1,2,0,2,0,2,0,0,0,0,2,0,0,2,0,0,2,2
59,830.956,2803.943,104.003,66.976,0.390469,-0.920213,-0.027234,0.920109,0.391065,-0.021619,0.030544,-0.016617,0.999395,0,-0.33441,0.42578,-20.065,0.852,-1,400.000,-1,400.000,-1,325.000,325.000,300.000,300.000,-1,775.000,800.000,-1,750.000,750.000,-1,-1,2,0,2,0,2,0,0,0,0,2,0,0,2,0,0,2,2
60,825.254,2789.783,103.538,68.067,0.372869,-0.927488,-0.027110,0.927397,0.373461,-0.021514,0.030078,-0.017119,0.999401,0,-0.25441,0.54578,-15.265,1.092,-1,400.000,-1,400.000,-1,325.000,325.000,300.000,300.000,-1,775.000,800.000,-1,750.000,750.000,-1,-1,2,0,2,0,2,0,0,0,0,2,0,0,2,0,0,2,2
61,821.555,2779.994,103.219,69.301,0.352810,-0.935305,-0.027002,0.935227,0.353399,-0.021441,0.029596,-0.017688,0.999405,0,-0.17441,0.61691,-10.465,1.234,-1,400.000,-1,400.000,-1,325.000,325.000,300.000,300.000,-1,775.000,800.000,-1,750.000,750.000,-1,-1,2,0,2,0,2,0,0,1,0,2,0,0,2,0,0,2,2
62,819.667,2774.653,103.045,70.534,0.332601,-0.942683,-0.026916,0.942617,0.333189,-0.021400,0.029142,-0.018254,0.999409,0,-0.09441,0.61648,-5.665,1.233,-1,400.000,-1,400.000,-1,325.000,325.000,300.000,300.000,-1,775.000,800.000,-1,750.000,750.000,-1,-1,2,0,2,0,2,0,0,1,0,2,0,0,2,0,0,2,2
63,819.396,2773.831,103.012,71.767,0.312246,-0.949622,-0.026848,0.949567,0.312833,-0.021395,0.028716,-0.018814,0.999411,0,-0.01441,0.61622,-0.865,1.232,-1,400.000,-1,400.000,-1,325.000,325.000,300.000,300.000,-1,775.000,800.000,-1,750.000,750.000,-1,-1,2,0,2,0,2,0,0,1,0,2,0,0,2,0,0,2,2
64,820.547,2777.594,103.117,72.999,0.291747,-0.956120,-0.026794,0.956076,0.292334,-0.021427,0.028320,-0.019366,0.999411,0,0.06559,0.61618,3.935,1.232,-1,400.000,-1,400.000,-1,325.000,325.000,300.000,300.000,-1,775.000,825.000,-1,750.000,750.000,-1,-1,2,0,2,0,2,0,0,1,0,2,0,0,2,0,0,2,2
65,822.920,2786.001,103.354,74.232,0.271105,-0.962178,-0.026748,0.962144,0.271693,-0.021497,0.027951,-0.019907,0.999411,0,0.14559,0.61638,8.735,1.233,-1,400.000,-1,400.000,-1,325.000,325.000,300.000,300.000,-1,800.000,825.000,-1,750.000,750.000,-1,-1,2,0,2,0,2,0,0,1,0,2,0,0,2,0,0,2,2
66,826.317,2799.103,103.721,75.465,0.250321,-0.967795,-0.026706,0.967769,0.250911,-0.021606,0.027611,-0.020437,0.999410,0,0.22559,0.61687,13.535,1.234,-1,400.000,-1,400.000,-1,325.000,325.000,300.000,300.000,-1,800.000,850.000,-1,750.000,750.000,-1,-1,2,0,2,0,2,0,0,1,0,2,0,0,2,0,0,2,2
67,830.535,2816.946,104.236,76.699,0.229423,-0.972960,-0.026733,0.972946,0.230015,-0.021664,0.027227,-0.021039,0.999408,0,0.30559,0.61677,18.335,1.234,-1,400.000,-1,400.000,-1,325.000,325.000,300.000,300.000,-1,825.000,875.000,-1,750.000,750.000,-1,-1,2,0,2,0,2,0,0,1,0,2,0,0,2,0,0,2,2
68,835.372,2839.570,104.874,77.933,0.208416,-0.977674,-0.026766,0.977671,0.209011,-0.021752,0.026861,-0.021635,0.999405,0,0.38559,0.61685,23.135,1.234,-1,400.000,-1,400.000,-1,325.000,325.000,300.000,300.000,-1,850.000,900.000,-1,750.000,750.000,-1,-1,2,0,2,0,2,0,0,1,0,2,0,0,2,0,0,2,2
69,840.621,2867.008,105.628,79.168,0.187287,-0.981940,-0.026795,0.981947,0.187886,-0.021877,0.026516,-0.022214,0.999402,0,0.46559,0.61757,27.935,1.235,-1,400.000,-1,400.000,-1,325.000,325.000,300.000,300.000,-1,875.000,925.000,-1,750.000,750.000,-1,-1,2,0,2,0,2,0,0,1,0,2,0,0,2,0,0,2,2
70,846.077,2899.285,106.493,80.406,0.166025,-0.985757,-0.026815,0.985774,0.166627,-0.022039,0.026194,-0.022775,0.999397,0,0.54559,0.61891,32.735,1.238,-1,400.000,-1,400.000,-1,325.000,325.000,300.000,300.000,-1,900.000,975.000,-1,750.000,750.000,-1,-1,2,0,2,0,2,0,0,1,0,2,0,0,2,0,0,2,2
71,851.530,2936.422,107.463,81.648,0.144616,-0.989124,-0.026820,0.989149,0.145223,-0.022239,0.025892,-0.023313,0.999393,0,0.62559,0.62091,37.535,1.242,-1,400.000,-1,400.000,-1,325.000,325.000,300.000,300.000,-1,950.000,1000.000,-1,750.000,750.000,-1,-1,2,0,2,0,2,0,0,1,0,2,0,0,2,0,0,2,2
72,856.766,2978.432,108.533,82.895,0.123048,-0.992039,-0.026805,0.992070,0.123659,-0.022476,0.025612,-0.023827,0.999388,0,0.70559,0.62356,42.335,1.247,-1,400.000,-1,400.000,-1,325.000,325.000,300.000,300.000,-1,975.000,-1,-1,750.000,750.000,-1,-1,2,0,2,0,2,0,0,1,0,2,0,2,2,0,0,2,2
73,861.571,3025.321,109.697,84.148,0.101306,-0.994495,-0.026764,0.994532,0.101922,-0.022752,0.025354,-0.024313,0.999383,0,0.78559,0.62688,47.135,1.254,-1,400.000,-1,400.000,-1,325.000,325.000,300.000,300.000,-1,1000.000,-1,-1,750.000,750.000,-1,-1,2,0,2,0,2,0,0,1,0,2,0,2,2,0,0,2,2
74,865.876,3076.182,110.931,85.162,0.083688,-0.996134,-0.026702,0.996173,0.084310,-0.023070,0.025232,-0.024669,0.999377,0,0.85071,0.50688,51.042,1.014,-1,400.000,-1,400.000,-1,325.000,325.000,300.000,300.000,-1,-1,-1,-1,750.000,750.000,-1,-1,2,0,2,0,2,0,0,1,0,2,2,2,2,0,0,2,2
75,869.488,3127.020,112.143,85.936,0.070222,-0.997176,-0.026626,0.997212,0.070849,-0.023401,0.025221,-0.024909,0.999372,0,0.84944,0.38688,50.966,0.774,-1,400.000,-1,400.000,-1,325.000,325.000,300.000,300.000,-1,-1,-1,-1,750.000,750.000,-1,-1,2,0,2,0,2,0,0,1,0,2,2,2,2,0,0,2,2
76,872.619,3177.772,113.339,86.470,0.060923,-0.997789,-0.026543,0.997821,0.061557,-0.023742,0.025324,-0.025038,0.999366,0,0.84747,0.26688,50.848,0.534,-1,400.000,-1,400.000,-1,325.000,325.000,300.000,300.000,-1,-1,-1,-1,750.000,750.000,-1,-1,2,0,2,0,2,0,0,1,0,2,2,2,2,0,0,2,2
77,875.480,3228.377,114.521,86.764,0.055800,-0.998091,-0.026458,0.998115,0.056440,-0.024093,0.025540,-0.025064,0.999360,0,0.84477,0.14688,50.686,0.294,-1,400.000,-1,400.000,-1,325.000,325.000,300.000,300.000,-1,-1,-1,-1,750.000,775.000,-1,-1,2,0,2,0,2,0,0,1,0,2,2,2,2,0,0,2,2
78,878.260,3278.778,115.740,86.843,0.054415,-0.998175,-0.026186,0.998186,0.055054,-0.024360,0.025757,-0.024812,0.999360,0,0.84128,0.03978,50.477,0.080,-1,400.000,-1,400.000,-1,325.000,325.000,300.000,300.000,-1,-1,-1,-1,750.000,775.000,-1,-1,2,0,2,0,2,0,0,0,0,2,2,2,2,0,0,2,2
79,880.954,3328.930,117.084,86.926,0.052969,-0.998262,-0.025812,0.998261,0.053604,-0.024540,0.025881,-0.024467,0.999366,0,0.83708,0.04164,50.225,0.083,-1,400.000,-1,400.000,-1,325.000,325.000,300.000,300.000,-1,-1,-1,-1,725.000,750.000,-1,-1,2,0,2,0,2,0,0,0,0,2,2,2,2,0,0,2,2
80,883.557,3378.820,118.433,87.013,0.051468,-0.998349,-0.025502,0.998335,0.052099,-0.024741,0.026029,-0.024187,0.999369,0,0.83263,0.04320,49.958,0.086,-1,400.000,-1,400.000,-1,325.000,325.000,300.000,300.000,-1,-1,-1,-1,725.000,750.000,-1,-1,2,0,2,0,2,0,0,0,0,2,2,2,2,0,0,2,2
81,886.069,3428.435,119.771,87.102,0.049922,-0.998435,-0.025192,0.998410,0.050550,-0.024942,0.026176,-0.023906,0.999371,0,0.82798,0.04444,49.679,0.089,-1,400.000,-1,400.000,-1,325.000,325.000,300.000,300.000,-1,-1,-1,-1,725.000,750.000,-1,-1,2,0,2,0,2,0,0,0,0,2,2,2,2,0,0,2,2
82,888.489,3477.767,121.097,87.192,0.048345,-0.998521,-0.024880,0.998484,0.048970,-0.025142,0.026323,-0.023626,0.999374,0,0.82319,0.04537,49.391,0.091,-1,400.000,-1,400.000,-1,325.000,325.000,300.000,300.000,-1,-1,-1,-1,725.000,750.000,-1,-1,2,0,2,0,2,0,0,0,0,2,2,2,2,0,0,2,2
83,890.831,3531.908,122.544,87.523,0.042584,-0.998792,-0.024534,0.998744,0.043205,-0.025357,0.026387,-0.023424,0.999377,0,0.90319,0.16537,54.191,0.331,-1,400.000,-1,400.000,-1,325.000,325.000,300.000,300.000,-1,-1,-1,-1,725.000,750.000,-1,-1,2,0,2,0,2,0,0,0,0,2,2,2,2,0,0,2,2
84,892.723,3588.766,124.048,88.094,0.032637,-0.999175,-0.024162,0.999119,0.033254,-0.025583,0.026366,-0.023306,0.999381,0,0.94817,0.28537,56.890,0.571,-1,400.000,-1,400.000,-1,325.000,325.000,300.000,300.000,-1,-1,-1,-1,725.000,750.000,-1,-1,2,0,2,0,2,0,0,0,0,2,2,2,2,0,0,2,2
85,893.805,3645.363,125.525,88.905,0.018500,-0.999546,-0.023778,0.999484,0.019113,-0.025810,0.026253,-0.023289,0.999384,0,0.94346,0.40537,56.607,0.811,-1,400.000,-1,400.000,-1,325.000,325.000,300.000,300.000,-1,-1,-1,-1,725.000,750.000,-1,-1,2,0,2,0,2,0,0,0,0,2,2,2,2,0,0,2,2
86,893.849,3701.723,126.971,89.955,0.000171,-0.999727,-0.023377,0.999661,0.000780,-0.026040,0.026051,-0.023365,0.999388,0,0.93933,0.52537,56.360,1.051,-1,375.000,-1,400.000,-1,325.000,325.000,300.000,300.000,-1,-1,-1,-1,725.000,750.000,-1,-1,2,0,2,0,2,0,0,0,0,2,2,2,2,0,0,2,2
87,892.628,3757.859,128.382,91.246,-0.022345,-0.999487,-0.022955,0.999418,-0.021740,-0.026275,0.025763,-0.023529,0.999391,0,0.93582,0.64537,56.149,1.291,-1,375.000,-1,400.000,-1,325.000,325.000,300.000,300.000,-1,-1,-1,-1,725.000,750.000,-1,-1,2,0,2,0,2,0,0,0,0,2,2,2,2,0,0,2,2
88,889.916,3813.770,129.753,92.777,-0.049032,-0.998544,-0.022507,0.998474,-0.048431,-0.026517,0.025389,-0.023773,0.999395,0,0.93294,0.76537,55.976,1.531,-1,375.000,-1,400.000,-1,325.000,325.000,300.000,300.000,-1,-1,-1,-1,725.000,725.000,-1,-1,2,0,2,0,2,0,0,0,0,2,2,2,2,0,0,2,2
89,885.640,3869.447,131.084,94.391,-0.077145,-0.996776,-0.022033,0.996706,-0.076548,-0.026769,0.024996,-0.024026,0.999399,0,0.93068,0.80734,55.841,1.615,-1,375.000,-1,375.000,-1,325.000,325.000,300.000,300.000,-1,-1,-1,-1,725.000,725.000,-1,-1,2,0,2,0,2,0,0,0,0,2,2,2,2,0,0,2,2
90,879.812,3924.863,132.422,96.004,-0.105167,-0.994218,-0.021703,0.994149,-0.104568,-0.027082,0.024656,-0.024425,0.999398,0,0.92871,0.80632,55.722,1.613,-1,375.000,-1,375.000,-1,325.000,325.000,300.000,300.000,-1,-1,-1,-1,725.000,725.000,-1,-1,2,0,2,0,2,0,0,1,0,2,2,2,2,0,0,2,2
91,872.443,3979.982,133.913,97.614,-0.133085,-0.990864,-0.021857,0.990798,-0.132463,-0.027798,0.024649,-0.025355,0.999375,0,0.92683,0.80515,55.610,1.610,-1,375.000,-1,375.000,-1,325.000,325.000,300.000,300.000,-1,-1,-1,-1,725.000,725.000,-1,-1,2,0,2,0,2,0,0,1,0,2,2,2,2,0,0,2,2
92,863.548,4034.768,135.462,99.222,-0.160846,-0.986745,-0.021512,0.986667,-0.160208,-0.028658,0.024832,-0.025834,0.999358,0,0.92505,0.80385,55.503,1.608,-1,375.000,-1,375.000,-1,325.000,325.000,300.000,300.000,-1,-1,-1,-1,725.000,725.000,-1,-1,2,0,2,0,2,0,0,1,0,2,2,2,2,0,0,2,2
93,853.140,4089.186,136.967,100.827,-0.188429,-0.981860,-0.021112,0.981768,-0.187777,-0.029504,0.025004,-0.026286,0.999342,0,0.92339,0.80240,55.404,1.605,-1,375.000,-1,375.000,-1,325.000,325.000,300.000,300.000,-1,-1,-1,-1,725.000,725.000,-1,-1,2,0,2,0,2,0,0,1,0,2,2,2,2,0,0,2,2
94,841.236,4143.200,138.427,102.429,-0.215810,-0.976217,-0.020661,0.976111,-0.215145,-0.030330,0.025164,-0.026713,0.999326,0,0.92185,0.80083,55.311,1.602,-1,375.000,-1,375.000,-1,325.000,325.000,300.000,300.000,-1,-1,-1,-1,725.000,700.000,-1,-1,2,0,2,0,2,0,0,1,0,2,2,2,2,0,0,2,2
95,827.851,4196.779,139.844,104.027,-0.242964,-0.969826,-0.020164,0.969705,-0.242287,-0.031132,0.025308,-0.027117,0.999312,0,0.92042,0.79913,55.225,1.598,-1,375.000,-1,375.000,-1,325.000,325.000,300.000,300.000,-1,-1,-1,-1,725.000,700.000,-1,-1,2,0,2,0,2,0,0,1,0,2,2,2,2,0,0,2,2
96,813.346,4247.815,141.181,105.865,-0.273960,-0.961539,-0.019706,0.961407,-0.273268,-0.031958,0.025344,-0.027701,0.999295,0,0.88430,0.91913,53.058,1.838,-1,375.000,-1,375.000,-1,325.000,325.000,275.000,300.000,-1,-1,1000.000,-1,725.000,700.000,-1,-1,2,0,2,0,2,0,0,1,0,2,2,0,2,0,0,2,2
97,797.092,4298.243,142.467,107.865,-0.307360,-0.951399,-0.019205,0.951257,-0.306653,-0.032765,0.025283,-0.028339,0.999279,0,0.88304,1.00000,52.982,2.000,-1,400.000,-1,375.000,-1,325.000,325.000,275.000,300.000,-1,-1,950.000,-1,725.000,700.000,-1,-1,2,0,2,0,2,0,0,1,0,2,2,0,2,0,0,2,2
98,779.095,4348.053,143.700,109.865,-0.340384,-0.940101,-0.018653,0.939949,-0.339664,-0.033533,0.025188,-0.028947,0.999264,0,0.88270,1.00000,52.962,2.000,-1,400.000,-1,375.000,-1,325.000,325.000,300.000,300.000,-1,975.000,900.000,-1,725.000,700.000,-1,-1,2,0,2,0,2,0,0,1,0,2,0,0,2,0,0,2,2
99,761.346,4392.825,144.780,111.625,-0.369102,-0.929212,-0.018114,0.929050,-0.368371,-0.034193,0.025100,-0.029450,0.999251,0,0.80270,0.88000,48.162,1.760,-1,400.000,-1,375.000,1000.000,325.000,325.000,300.000,300.000,-1,925.000,875.000,-1,725.000,700.000,-1,1000.000,2,0,2,0,1,0,0,1,0,2,0,0,2,0,0,2,1
100,744.302,4432.697,145.721,113.145,-0.393624,-0.919103,-0.017605,0.918931,-0.392885,-0.034756,0.025027,-0.029859,0.999241,0,0.72270,0.76000,43.362,1.520,-1,400.000,-1,375.000,950.000,325.000,325.000,300.000,300.000,-1,900.000,850.000,-1,725.000,700.000,-1,950.000,2,0,2,0,1,0,0,1,0,2,0,0,2,0,0,2,1
101,727.340,4470.046,146.635,114.425,-0.414062,-0.910084,-0.017330,0.909909,-0.413312,-0.035206,0.024878,-0.030346,0.999230,0,0.68369,0.64000,41.021,1.280,-1,400.000,-1,375.000,900.000,325.000,325.000,300.000,300.000,-1,875.000,825.000,-1,725.000,700.000,-1,925.000,2,0,2,0,1,0,0,0,0,2,0,0,2,0,0,2,1
102,709.727,4507.030,147.609,115.465,-0.430519,-0.902414,-0.017400,0.902246,-0.429754,-0.035562,0.024614,-0.031009,0.999216,0,0.68273,0.52000,40.964,1.040,-1,400.000,-1,375.000,875.000,325.000,325.000,300.000,300.000,-1,900.000,850.000,-1,725.000,700.000,-1,875.000,2,0,2,0,1,0,0,0,0,2,0,0,2,0,0,2,1
103,691.647,4543.666,148.683,116.265,-0.443098,-0.896301,-0.017563,0.896129,-0.442300,-0.036381,0.024841,-0.031859,0.999184,0,0.68091,0.40000,40.855,0.800,-1,400.000,-1,375.000,825.000,325.000,325.000,300.000,300.000,-1,875.000,850.000,-1,750.000,700.000,-1,850.000,2,0,2,0,1,0,0,0,0,2,0,0,2,0,0,2,1
104,673.281,4579.986,149.789,116.825,-0.451865,-0.891909,-0.017815,0.891726,-0.451025,-0.037421,0.025341,-0.032796,0.999141,0,0.67832,0.28000,40.699,0.560,-1,400.000,-1,375.000,800.000,325.000,325.000,300.000,300.000,-1,875.000,850.000,-1,750.000,700.000,-1,800.000,2,0,2,0,1,0,0,0,0,2,0,0,2,0,1,2,1
105,654.802,4616.027,150.876,117.145,-0.456867,-0.889352,-0.018052,0.889156,-0.455987,-0.038427,0.025943,-0.033607,0.999098,0,0.67503,0.16000,40.502,0.320,-1,400.000,-1,375.000,775.000,325.000,325.000,300.000,300.000,-1,850.000,850.000,-1,750.000,675.000,-1,775.000,2,0,2,0,1,0,0,0,0,2,0,0,2,0,1,2,1
106,636.379,4651.834,151.948,117.225,-0.458137,-0.888693,-0.018289,0.888482,-0.457218,-0.039396,0.026649,-0.034298,0.999056,0,0.67115,0.04000,40.269,0.080,-1,400.000,-1,375.000,725.000,325.000,325.000,300.000,300.000,-1,850.000,825.000,-1,750.000,650.000,-1,750.000,2,0,2,0,1,0,0,0,0,2,0,0,2,0,1,2,1
107,618.061,4687.400,153.039,117.251,-0.458566,-0.888468,-0.018475,0.888242,-0.457614,-0.040194,0.027257,-0.034842,0.999021,0,0.66676,0.01305,40.006,0.026,-1,400.000,-1,375.000,700.000,325.000,325.000,300.000,300.000,-1,850.000,850.000,-1,750.000,650.000,-1,700.000,2,0,2,0,1,0,0,0,0,2,0,0,2,0,1,2,1
108,599.846,4722.742,154.172,117.265,-0.458803,-0.888342,-0.018667,0.888107,-0.457824,-0.040781,0.027681,-0.035288,0.998994,0,0.66266,0.00703,39.760,0.014,-1,400.000,-1,375.000,675.000,325.000,325.000,300.000,300.000,900.000,875.000,850.000,-1,750.000,625.000,-1,675.000,2,0,2,0,1,0,0,0,0,1,0,0,2,0,1,2,1
109,581.731,4757.890,155.302,117.266,-0.458841,-0.888319,-0.018815,0.888073,-0.457838,-0.041354,0.028121,-0.035684,0.998967,0,0.65903,0.00064,39.542,0.001,-1,400.000,-1,375.000,625.000,325.000,325.000,300.000,300.000,825.000,875.000,875.000,-1,750.000,600.000,-1,650.000,2,0,2,0,1,0,0,0,0,1,0,0,2,0,1,2,1
110,563.710,4792.873,156.499,117.254,-0.458666,-0.888415,-0.018569,0.888142,-0.457648,-0.041986,0.028803,-0.035749,0.998946,0,0.65586,-0.00610,39.352,-0.012,-1,400.000,-1,375.000,600.000,325.000,325.000,300.000,300.000,775.000,875.000,875.000,-1,750.000,575.000,-1,600.000,2,0,2,0,1,0,0,0,0,1,0,0,2,0,1,2,1
111,543.664,4832.212,157.846,117.002,-0.454768,-0.890422,-0.018314,0.890115,-0.453733,-0.042674,0.029689,-0.035708,0.998921,0,0.73586,-0.12610,44.152,-0.252,-1,400.000,-1,375.000,550.000,325.000,325.000,300.000,300.000,725.000,875.000,875.000,-1,750.000,550.000,-1,575.000,2,0,2,0,1,0,0,0,0,1,0,0,2,1,1,2,1
112,522.388,4874.576,159.294,116.668,-0.449578,-0.893058,-0.018066,0.892715,-0.448527,-0.043394,0.030650,-0.035636,0.998895,0,0.79012,-0.16728,47.407,-0.335,-1,400.000,-1,375.000,525.000,325.000,325.000,300.000,300.000,700.000,875.000,875.000,-1,750.000,525.000,-1,525.000,2,0,2,0,1,0,0,0,0,1,0,0,2,1,1,2,1
113,501.268,4917.278,160.751,116.316,-0.444110,-0.895794,-0.017843,0.895415,-0.443044,-0.044097,0.031596,-0.035560,0.998868,0,0.79399,-0.17568,47.639,-0.351,-1,400.000,-1,375.000,475.000,325.000,325.000,300.000,300.000,675.000,875.000,875.000,-1,750.000,475.000,-1,475.000,2,0,2,1,1,0,0,0,0,1,0,0,2,1,1,2,1
114,480.310,4960.350,162.218,115.947,-0.438347,-0.898633,-0.017645,0.898217,-0.437265,-0.044783,0.032528,-0.035480,0.998841,0,0.79832,-0.18456,47.899,-0.369,-1,400.000,-1,350.000,425.000,325.000,325.000,300.000,300.000,675.000,850.000,875.000,-1,725.000,450.000,-1,450.000,2,0,2,1,1,0,0,0,0,1,0,0,2,1,1,2,1
115,459.520,5003.821,163.698,115.559,-0.432270,-0.901575,-0.017474,0.901124,-0.431173,-0.045454,0.033446,-0.035394,0.998814,0,0.80312,-0.19394,48.187,-0.388,-1,400.000,-1,325.000,400.000,325.000,325.000,300.000,300.000,675.000,850.000,875.000,-1,725.000,425.000,-1,400.000,2,0,2,1,1,0,1,0,0,1,0,0,2,1,1,2,1
116,438.906,5047.725,165.191,115.152,-0.425861,-0.904623,-0.017328,0.904136,-0.424749,-0.046109,0.034351,-0.035303,0.998786,0,0.80838,-0.20381,48.503,-0.408,-1,400.000,-1,300.000,350.000,325.000,300.000,300.000,300.000,700.000,850.000,875.000,-1,750.000,400.000,-1,350.000,2,0,2,1,1,1,1,0,0,1,0,0,2,1,1,2,1
117,418.477,5092.094,166.721,114.723,-0.419098,-0.907779,-0.017160,0.907260,-0.417976,-0.046651,0.035176,-0.035120,0.998764,0,0.81411,-0.21420,48.846,-0.428,-1,375.000,-1,275.000,300.000,300.000,275.000,300.000,300.000,725.000,850.000,900.000,-1,750.000,375.000,-1,300.000,2,1,2,1,1,1,1,0,0,1,0,0,2,1,1,2,1
118,398.244,5136.961,168.380,114.273,-0.411971,-0.911028,-0.017533,0.910499,-0.410826,-0.047051,0.035662,-0.035347,0.998739,0,0.82030,-0.22512,49.218,-0.450,-1,375.000,-1,275.000,275.000,300.000,250.000,300.000,300.000,750.000,875.000,925.000,-1,775.000,350.000,-1,275.000,2,1,2,1,1,1,1,0,0,1,0,0,2,0,1,2,1
119,378.222,5182.358,170.407,113.800,-0.404510,-0.914339,-0.018868,0.913792,-0.403266,-0.048594,0.036823,-0.036898,0.998640,0,0.82694,-0.23660,49.616,-0.473,-1,350.000,-1,250.000,225.000,275.000,225.000,300.000,300.000,775.000,875.000,925.000,-1,800.000,325.000,-1,225.000,2,1,2,1,1,1,1,0,0,1,0,0,2,0,1,2,1
120,358.420,5228.317,176.317,113.302,-0.397502,-0.917146,-0.028903,0.916270,-0.395031,-0.066335,0.049421,-0.052852,0.997379,0,0.83403,-0.24864,50.042,-0.497,-1,350.000,-1,250.000,225.000,275.000,225.000,300.000,350.000,775.000,450.000,575.000,-1,875.000,325.000,-1,225.000,2,1,2,1,1,1,1,0,0,1,0,0,2,0,1,2,1
121,338.861,5274.870,182.328,112.780,-0.390412,-0.919794,-0.039458,0.918535,-0.386265,-0.084218,0.062221,-0.069123,0.995666,0,0.84154,-0.26130,50.493,-0.523,-1,375.000,-1,250.000,225.000,275.000,225.000,275.000,375.000,800.000,275.000,400.000,-1,950.000,325.000,-1,225.000,2,1,2,1,1,1,1,0,0,1,0,0,2,0,1,2,1
122,319.568,5322.047,188.455,112.231,-0.383242,-0.922264,-0.050544,0.920584,-0.376944,-0.102170,0.075175,-0.085685,0.993482,0,0.84946,-0.27460,50.968,-0.549,-1,375.000,-1,250.000,225.000,275.000,225.000,275.000,400.000,800.000,175.000,325.000,-1,950.000,325.000,-1,225.000,2,1,2,1,1,1,1,0,1,1,0,0,2,1,1,2,1
123,300.564,5369.879,194.801,111.653,-0.375940,-0.924571,-0.061946,0.922460,-0.367061,-0.119723,0.087954,-0.102151,0.990873,0,0.85775,-0.28861,51.465,-0.577,-1,400.000,-1,250.000,225.000,300.000,225.000,250.000,425.000,625.000,125.000,300.000,-1,925.000,350.000,-1,200.000,2,1,2,1,1,1,1,0,1,0,0,0,2,1,1,2,1
124,281.888,5418.396,202.851,111.047,-0.368274,-0.927375,-0.065955,0.923644,-0.356852,-0.139779,0.106091,-0.112396,0.987984,0,0.86638,-0.30339,51.983,-0.607,-1,475.000,-1,250.000,225.000,300.000,250.000,275.000,425.000,525.000,100.000,250.000,-1,925.000,350.000,-1,200.000,2,1,2,1,1,1,1,0,1,0,0,0,2,1,1,2,1
125,263.566,5467.619,210.926,110.409,-0.360428,-0.930073,-0.071100,0.924501,-0.346050,-0.159837,0.124056,-0.123342,0.984580,0,0.87528,-0.31901,52.517,-0.638,-1,575.000,-1,275.000,225.000,325.000,250.000,275.000,425.000,450.000,75.000,200.000,-1,950.000,400.000,-1,200.000,2,1,2,1,1,1,1,0,1,0,0,0,2,1,1,2,1
126,-8199.152,-5575.523,-200.824,-174.857,-0.991653,0.088725,-0.093551,-0.100879,-0.985778,0.134407,-0.080295,0.142722,0.986500,1,0.00000,0.00000,53.064,-0.671,-1,525.000,-1,375.000,600.000,400.000,350.000,150.000,225.000,-1,-1,-1,800.000,-1,625.000,-1,850.000,2,0,2,0,0,0,0,1,0,2,2,2,1,2,0,2,0
127,5575.424,-1639.828,84.029,-0.699,0.999847,0.012196,0.012550,-0.012438,0.999736,0.019316,-0.012311,-0.019469,0.999735,1,0.00000,0.00000,-4.800,0.240,-1,400.000,-1,400.000,-1,325.000,325.000,300.000,300.000,-1,-1,-1,-1,800.000,750.000,-1,-1,2,0,2,0,2,0,0,0,0,2,2,2,2,0,0,2,2
128,5570.624,-1639.789,84.084,-0.459,0.999890,0.008009,0.012486,-0.008248,0.999781,0.019232,-0.012329,-0.019333,0.999737,0,-0.08000,0.12000,-4.800,0.240,-1,400.000,-1,400.000,-1,325.000,325.000,300.000,300.000,-1,-1,-1,-1,800.000,750.000,-1,-1,2,0,2,0,2,0,0,0,0,2,2,2,2,0,0,2,2
129,5561.024,-1639.793,84.197,0.021,0.999924,-0.000367,0.012357,0.000132,0.999818,0.019063,-0.012362,-0.019060,0.999742,0,-0.16000,0.24000,-9.600,0.480,-1,400.000,-1,400.000,-1,325.000,325.000,300.000,300.000,-1,-1,-1,-1,800.000,750.000,-1,-1,2,0,2,0,2,0,0,0,0,2,2,2,2,0,0,2,2
130,5546.625,-1639.949,84.370,0.623,0.999867,-0.010877,0.012163,0.010647,0.999766,0.018805,-0.012365,-0.018673,0.999749,0,-0.24000,0.30114,-14.400,0.602,-1,400.000,-1,400.000,-1,325.000,325.000,300.000,300.000,-1,-1,-1,-1,800.000,750.000,-1,-1,2,0,2,0,2,0,0,0,0,2,2,2,2,0,0,2,2
131,5527.429,-1640.360,84.606,1.226,0.999700,-0.021386,0.011904,0.021164,0.999606,0.018457,-0.012295,-0.018200,0.999759,0,-0.32000,0.30114,-19.200,0.602,-1,400.000,-1,400.000,-1,325.000,325.000,300.000,300.000,-1,-1,-1,-1,800.000,750.000,-1,-1,2,0,2,0,2,0,0,0,0,2,2,2,2,0,0,2,2
132,5503.441,-1641.126,84.908,1.828,0.999424,-0.031892,0.011579,0.031681,0.999336,0.018017,-0.012146,-0.017640,0.999771,0,-0.40000,0.30114,-24.000,0.602,-1,400.000,-1,400.000,-1,325.000,325.000,300.000,300.000,-1,-1,-1,-1,825.000,750.000,-1,-1,2,0,2,0,2,0,0,0,0,2,2,2,2,0,0,2,2
133,5474.667,-1642.347,85.277,2.430,0.999038,-0.042396,0.011186,0.042196,0.998956,0.017481,-0.011916,-0.016992,0.999785,0,-0.48000,0.30114,-28.800,0.602,-1,400.000,-1,400.000,-1,325.000,325.000,300.000,300.000,-1,-1,-1,-1,825.000,750.000,-1,-1,2,0,2,0,2,0,0,0,0,2,2,2,2,0,0,2,2
134,5444.675,-1643.936,85.666,3.032,0.998542,-0.052895,0.010773,0.052708,0.998467,0.016910,-0.011651,-0.016318,0.999799,0,-0.50057,0.30114,-30.034,0.602,-1,400.000,-1,400.000,-1,325.000,325.000,300.000,300.000,-1,-1,-1,-1,825.000,750.000,-1,-1,2,0,2,0,2,0,0,0,0,2,2,2,2,0,0,2,2
135,5414.702,-1645.841,86.059,3.635,0.997935,-0.063388,0.010358,0.063214,0.997866,0.016326,-0.011371,-0.015637,0.999813,0,-0.50057,0.30114,-30.034,0.602,-1,400.000,-1,400.000,-1,325.000,325.000,300.000,300.000,-1,-1,-1,-1,825.000,750.000,-1,-1,2,0,2,0,2,0,0,0,0,2,2,2,2,0,0,2,2
