timestep,x_cm,y_cm,z_cm,yaw_deg,basis_xx,basis_xy,basis_xz,basis_yx,basis_yy,basis_yz,basis_zx,basis_zy,basis_zz,teleport_flag,throttle_cmd,steering_cmd,cmd_move_cm,cmd_turn_deg,lidar_cm_0,lidar_cm_1,lidar_cm_2,lidar_cm_3,lidar_cm_4,lidar_cm_5,lidar_cm_6,lidar_cm_7,lidar_cm_8,lidar_cm_9,lidar_cm_10,lidar_cm_11,lidar_cm_12,lidar_cm_13,lidar_cm_14,lidar_cm_15,lidar_cm_16,lidar_class_0,lidar_class_1,lidar_class_2,lidar_class_3,lidar_class_4,lidar_class_5,lidar_class_6,lidar_class_7,lidar_class_8,lidar_class_9,lidar_class_10,lidar_class_11,lidar_class_12,lidar_class_13,lidar_class_14,lidar_class_15,lidar_class_16
0,-3605.494,9506.714,-256.319,-64.920,0.420567,0.898510,-0.125711,-0.906845,0.420517,-0.028249,0.027482,0.125881,0.991665,1,0.08000,0.08801,4.800,0.176,-1,375.000,-1,400.000,-1,300.000,325.000,300.000,300.000,-1,725.000,675.000,-1,675.000,725.000,-1,-1,2,0,2,0,2,0,0,0,0,2,0,0,2,0,0,2,2
1,-3601.364,9498.049,-256.058,-64.519,0.426763,0.895540,-0.126019,-0.903913,0.426787,-0.028182,0.028545,0.125938,0.991627,0,0.16000,0.20036,9.600,0.401,-1,375.000,-1,400.000,-1,300.000,325.000,300.000,300.000,-1,725.000,675.000,-1,675.000,725.000,-1,-1,2,0,2,0,2,0,0,0,0,2,0,0,2,0,0,2,2
2,-3595.077,9485.095,-255.645,-64.115,0.432978,0.892485,-0.126491,-0.900914,0.433088,-0.028082,0.029719,0.126116,0.991570,0,0.24000,0.20221,14.400,0.404,-1,375.000,-1,375.000,-1,300.000,325.000,300.000,300.000,-1,725.000,675.000,-1,675.000,725.000,-1,-1,2,0,2,0,2,0,0,0,0,2,0,0,2,0,0,2,2
3,-3586.571,9467.883,-255.071,-63.705,0.439241,0.889329,-0.127129,-0.897834,0.439446,-0.027952,0.031007,0.126418,0.991492,0,0.32000,0.20500,19.200,0.410,-1,375.000,-1,375.000,-1,300.000,325.000,300.000,300.000,-1,725.000,675.000,-1,675.000,725.000,-1,-1,2,0,2,0,2,0,0,0,0,2,0,0,2,0,0,2,2
4,-3575.782,9446.445,-254.326,-63.287,0.445578,0.886054,-0.127938,-0.894656,0.445890,-0.027798,0.032416,0.126847,0.991392,0,0.40000,0.20874,24.000,0.417,-1,375.000,-1,375.000,-1,300.000,325.000,300.000,300.000,-1,725.000,675.000,-1,675.000,700.000,-1,-1,2,0,2,0,2,0,0,0,0,2,0,0,2,0,0,2,2
5,-3562.643,9420.818,-253.398,-62.860,0.452015,0.882644,-0.128925,-0.891364,0.452445,-0.027624,0.033949,0.127405,0.991270,0,0.48000,0.21341,28.800,0.427,-1,375.000,-1,375.000,-1,300.000,325.000,300.000,300.000,-1,725.000,675.000,-1,675.000,700.000,-1,-1,2,0,2,0,2,0,0,0,0,2,0,0,2,0,0,2,2
6,-3547.180,9391.215,-252.281,-62.422,0.458578,0.879081,-0.130086,-0.887940,0.459140,-0.027436,0.035609,0.128090,0.991123,0,0.55664,0.21903,33.398,0.438,-1,375.000,-1,375.000,-1,300.000,325.000,300.000,300.000,-1,725.000,650.000,-1,675.000,700.000,-1,-1,2,0,2,0,2,0,0,0,0,2,0,0,2,0,0,2,2
7,-3531.334,9361.452,-251.021,-61.971,0.465282,0.875399,-0.131104,-0.884364,0.466024,-0.026861,0.037583,0.128441,0.991005,0,0.56200,0.22553,33.720,0.451,-1,375.000,-1,375.000,-1,300.000,300.000,300.000,300.000,-1,700.000,650.000,-1,675.000,700.000,-1,-1,2,0,2,0,2,0,0,0,0,2,0,0,2,0,0,2,2
8,-3515.089,9331.526,-249.617,-61.507,0.472159,0.871592,-0.131883,-0.880622,0.473099,-0.026117,0.039630,0.128470,0.990921,0,0.56753,0.23208,34.052,0.464,-1,375.000,-1,375.000,-1,300.000,300.000,300.000,300.000,-1,700.000,625.000,-1,675.000,700.000,-1,-1,2,0,2,0,2,0,0,0,0,2,0,0,2,0,0,2,2
9,-3498.430,9301.437,-248.106,-61.030,0.479224,0.867638,-0.132472,-0.876707,0.480354,-0.025410,0.041587,0.128316,0.990861,0,0.57322,0.23868,34.393,0.477,-1,375.000,-1,375.000,-1,300.000,300.000,300.000,300.000,-1,700.000,625.000,-1,675.000,700.000,-1,-1,2,0,2,0,2,0,0,0,0,2,0,0,2,0,0,2,2
10,-3479.019,9267.389,-246.304,-60.312,0.489825,0.861594,-0.133144,-0.870699,0.491201,-0.024592,0.044212,0.127974,0.990792,0,0.65322,0.35868,39.193,0.717,-1,375.000,-1,375.000,-1,300.000,300.000,300.000,300.000,-1,700.000,600.000,-1,675.000,700.000,-1,-1,2,0,2,0,2,0,0,0,0,2,0,0,2,0,0,2,2
11,-3456.596,9229.541,-244.093,-59.355,0.503865,0.853358,-0.133794,-0.862463,0.505582,-0.023334,0.047731,0.127149,0.990734,0,0.73322,0.47868,43.993,0.957,-1,375.000,-1,375.000,-1,300.000,325.000,300.000,300.000,-1,675.000,600.000,-1,675.000,725.000,-1,-1,2,0,2,0,2,0,0,0,0,2,0,0,2,0,0,2,2
12,-3432.361,9190.517,-241.626,-58.158,0.521264,0.842731,-0.134491,-0.851816,0.523381,-0.021942,0.051899,0.125999,0.990672,0,0.76564,0.59868,45.939,1.197,-1,375.000,-1,375.000,-1,300.000,325.000,300.000,300.000,-1,650.000,575.000,-1,675.000,725.000,-1,-1,2,0,2,0,2,0,0,0,0,2,0,0,2,0,0,2,2
13,-3406.921,9151.757,-238.976,-56.720,0.541896,0.829488,-0.135271,-0.838538,0.544454,-0.020567,0.056589,0.124575,0.990595,0,0.77276,0.71868,46.366,1.437,-1,375.000,-1,375.000,-1,325.000,325.000,300.000,300.000,-1,625.000,550.000,-1,675.000,725.000,-1,-1,2,0,2,0,2,0,0,0,0,2,0,0,2,0,0,2,2
14,-3380.322,9113.708,-236.143,-55.043,0.565587,0.813373,-0.136146,-0.822372,0.568625,-0.019235,0.061770,0.122842,0.990502,0,0.77377,0.83868,46.426,1.677,-1,375.000,-1,375.000,-1,325.000,325.000,300.000,300.000,-1,600.000,550.000,-1,675.000,725.000,-1,-1,2,0,2,0,2,0,0,0,0,2,0,0,2,0,0,2,2
15,-3352.445,9076.507,-232.991,-53.153,0.591704,0.794333,-0.137553,-0.803330,0.595257,-0.018181,0.067437,0.121258,0.990328,0,0.77484,0.94496,46.490,1.890,-1,375.000,-1,375.000,-1,325.000,325.000,300.000,300.000,-1,575.000,525.000,-1,675.000,725.000,-1,-1,2,0,2,0,2,0,0,0,0,2,0,0,2,0,0,2,2
16,-3323.318,9040.192,-229.439,-51.268,0.617023,0.774409,-0.139906,-0.783520,0.621119,-0.017511,0.073337,0.120424,0.990010,0,0.77592,0.94222,46.555,1.884,-1,375.000,-1,400.000,-1,325.000,325.000,300.000,300.000,-1,575.000,525.000,-1,675.000,725.000,-1,-1,2,0,2,0,2,0,0,0,0,2,0,0,2,0,0,2,2
17,-3292.977,9004.806,-225.694,-49.389,0.641608,0.753707,-0.142354,-0.762936,0.646250,-0.017019,0.079169,0.119526,0.989669,0,0.77693,0.93956,46.616,1.879,-1,375.000,-1,400.000,-1,325.000,325.000,300.000,300.000,-1,550.000,500.000,-1,675.000,725.000,-1,-1,2,0,2,0,2,0,0,0,0,2,0,0,2,0,0,2,2
18,-3261.456,8970.390,-221.760,-47.515,0.665440,0.732256,-0.144882,-0.741605,0.670629,-0.016712,0.084925,0.118566,0.989308,0,0.77787,0.93698,46.672,1.874,-1,375.000,-1,400.000,-1,325.000,325.000,300.000,300.000,-1,550.000,500.000,-1,675.000,725.000,-1,-1,2,0,2,0,2,0,0,0,0,2,0,0,2,0,0,2,2
19,-3228.793,8936.982,-217.640,-45.646,0.688502,0.710082,-0.147475,-0.719554,0.694239,-0.016599,0.090597,0.117545,0.988926,0,0.77874,0.93448,46.725,1.869,-1,375.000,-1,400.000,-1,325.000,325.000,300.000,300.000,-1,525.000,475.000,-1,675.000,725.000,-1,-1,2,0,2,0,2,0,0,0,0,2,0,0,2,0,0,2,2
20,-3195.026,8904.620,-213.250,-43.782,0.710838,0.687237,-0.149713,-0.696783,0.717089,-0.016630,0.095929,0.116139,0.988590,0,0.77955,0.93206,46.773,1.864,-1,375.000,-1,400.000,-1,325.000,325.000,300.000,300.000,-1,525.000,475.000,-1,700.000,725.000,-1,-1,2,0,2,0,2,0,0,0,0,2,0,0,2,0,0,2,2
21,-3160.194,8873.340,-208.521,-41.923,0.732485,0.663767,-0.151262,-0.673292,0.739187,-0.016716,0.100716,0.114088,0.988352,0,0.78030,0.92971,46.818,1.859,-1,375.000,-1,400.000,-1,300.000,325.000,300.000,300.000,-1,550.000,475.000,-1,700.000,725.000,-1,-1,2,0,2,0,2,0,0,0,0,2,0,0,2,0,0,2,2
22,-3124.337,8843.177,-203.603,-40.068,0.753322,0.639648,-0.152826,-0.649152,0.760470,-0.016930,0.105390,0.111961,0.988108,0,0.78098,0.92745,46.859,1.855,-1,375.000,-1,375.000,-1,300.000,325.000,300.000,300.000,-1,550.000,475.000,-1,700.000,725.000,-1,-1,2,0,2,0,2,0,0,0,0,2,0,0,2,0,0,2,2
23,-3087.495,8814.164,-198.421,-38.217,0.773404,0.614934,-0.153957,-0.624354,0.780953,-0.017170,0.109675,0.109403,0.987928,0,0.78161,0.92527,46.897,1.851,-1,375.000,-1,375.000,-1,300.000,325.000,300.000,300.000,-1,575.000,500.000,-1,700.000,725.000,-1,-1,2,0,2,0,2,0,0,0,0,2,0,0,2,0,0,2,2
24,-3049.711,8786.332,-192.936,-36.371,0.792633,0.589656,-0.155045,-0.598913,0.800636,-0.016882,0.114180,0.106239,0.987763,0,0.78218,0.92316,46.931,1.846,-1,375.000,-1,375.000,-1,300.000,300.000,300.000,300.000,-1,575.000,500.000,-1,700.000,725.000,-1,-1,2,0,2,0,2,0,0,0,0,2,0,0,2,0,0,2,2
25,-3011.026,8759.711,-187.067,-34.529,0.810959,0.563855,-0.156247,-0.572822,0.819531,-0.015608,0.119248,0.102159,0.987595,0,0.78269,0.92114,46.961,1.842,-1,375.000,-1,375.000,-1,300.000,325.000,300.000,300.000,-1,575.000,500.000,-1,700.000,725.000,-1,-1,2,0,2,0,2,0,0,0,0,2,0,0,2,0,0,2,2
26,-2971.484,8734.329,-181.051,-32.690,0.828416,0.537499,-0.157550,-0.546170,0.837550,-0.014433,0.124198,0.098006,0.987406,0,0.78315,0.91920,46.989,1.838,-1,375.000,-1,375.000,-1,300.000,325.000,300.000,300.000,-1,575.000,525.000,-1,725.000,750.000,-1,-1,2,0,2,0,2,0,0,0,0,2,0,0,2,0,0,2,2
27,-2931.128,8710.214,-174.892,-30.856,0.844989,0.510617,-0.158946,-0.518986,0.854678,-0.013363,0.129024,0.093783,0.987197,0,0.78356,0.91734,47.013,1.835,-1,375.000,-1,400.000,-1,325.000,325.000,300.000,300.000,-1,575.000,525.000,-1,725.000,750.000,-1,-1,2,0,2,0,2,0,0,0,0,2,0,0,2,0,0,2,2
28,-2890.013,8687.397,-168.599,-29.023,0.860682,0.483207,-0.160429,-0.491268,0.870920,-0.012404,0.133727,0.089490,0.986970,0,0.78372,0.91657,47.023,1.833,-1,375.000,-1,400.000,-1,325.000,325.000,300.000,300.000,-1,575.000,525.000,-1,725.000,775.000,-1,-1,2,0,2,0,2,0,0,0,0,2,0,0,2,0,0,2,2
29,-2848.189,8665.907,-162.180,-27.189,0.875491,0.455275,-0.161990,-0.463021,0.886272,-0.011562,0.138304,0.085127,0.986725,0,0.78372,0.91657,47.023,1.833,-1,375.000,-1,400.000,-1,325.000,325.000,300.000,300.000,-1,525.000,525.000,-1,725.000,775.000,-1,-1,2,0,2,0,2,0,0,0,0,2,0,0,2,0,0,2,2
30,-2805.699,8645.766,-155.639,-25.356,0.889397,0.426849,-0.163624,-0.434275,0.900715,-0.010840,0.142751,0.080699,0.986463,0,0.78372,0.91657,47.023,1.833,-1,375.000,-1,400.000,-1,325.000,325.000,300.000,325.000,-1,500.000,500.000,-1,750.000,775.000,-1,-1,2,0,2,0,2,0,0,0,0,2,0,0,2,0,0,2,2
31,-2762.586,8626.994,-148.959,-23.523,0.902392,0.397955,-0.165290,-0.405073,0.914226,-0.010364,0.146988,0.076307,0.986190,0,0.78372,0.91657,47.023,1.833,-1,400.000,-1,400.000,-1,325.000,325.000,300.000,325.000,-1,475.000,500.000,-1,750.000,800.000,-1,-1,2,0,2,0,2,0,0,0,0,2,0,0,2,0,0,2,2
32,-2718.894,8609.613,-141.969,-21.690,0.914514,0.368607,-0.166713,-0.375540,0.926741,-0.010998,0.150446,0.072665,0.985944,0,0.78372,0.91657,47.023,1.833,-1,400.000,-1,400.000,-1,325.000,325.000,300.000,300.000,-1,500.000,500.000,-1,750.000,800.000,-1,-1,2,0,2,0,2,0,0,0,0,2,0,0,2,0,0,2,2
33,-2674.669,8593.638,-134.889,-19.857,0.925706,0.338863,-0.168048,-0.345603,0.938307,-0.011719,0.153709,0.068926,0.985709,0,0.78372,0.91657,47.023,1.833,-1,400.000,-1,400.000,-1,325.000,325.000,300.000,300.000,-1,500.000,500.000,-1,775.000,800.000,-1,-1,2,0,2,0,2,0,0,0,0,2,0,0,2,0,0,2,2
34,-2629.955,8579.085,-127.727,-18.024,0.935957,0.308754,-0.169279,-0.315291,0.948913,-0.012511,0.156768,0.065082,0.985489,0,0.78372,0.91657,47.023,1.833,-1,400.000,-1,400.000,-1,325.000,325.000,300.000,300.000,-1,500.000,475.000,-1,775.000,800.000,-1,-1,2,0,2,0,2,0,0,0,0,2,0,0,2,0,0,2,2
35,-2584.798,8565.971,-120.473,-16.191,0.945241,0.278310,-0.170478,-0.284645,0.958539,-0.013417,0.159676,0.061207,0.985270,0,0.78372,0.91657,47.023,1.833,-1,400.000,-1,400.000,-1,325.000,325.000,300.000,300.000,-1,525.000,475.000,-1,800.000,800.000,-1,-1,2,0,2,0,2,0,0,0,0,2,0,0,2,0,0,2,2
36,-2535.873,8553.225,-112.281,-14.597,0.952686,0.251617,-0.170523,-0.257617,0.966151,-0.013655,0.161315,0.056939,0.985259,0,0.84265,0.79657,50.559,1.593,-1,400.000,-1,400.000,-1,325.000,325.000,300.000,300.000,-1,550.000,525.000,-1,825.000,800.000,-1,-1,2,0,2,0,2,0,0,0,0,2,0,0,2,0,0,2,2
37,-2486.660,8541.639,-104.004,-13.244,0.958476,0.228778,-0.170251,-0.234484,0.972020,-0.013922,0.162302,0.053265,0.985302,0,0.84265,0.67657,50.559,1.353,-1,400.000,-1,400.000,-1,325.000,325.000,300.000,300.000,-1,625.000,575.000,-1,825.000,825.000,-1,-1,2,0,2,0,2,0,0,0,0,2,0,0,2,0,0,2,2
38,-2437.232,8531.012,-95.677,-12.131,0.962839,0.209884,-0.169970,-0.215353,0.976433,-0.014197,0.162985,0.050273,0.985347,0,0.84265,0.55657,50.559,1.113,-1,400.000,-1,400.000,-1,325.000,325.000,300.000,300.000,-1,675.000,625.000,-1,825.000,825.000,-1,-1,2,0,2,0,2,0,0,0,0,2,0,0,2,0,0,2,2
39,-2387.646,8521.140,-87.311,-11.258,0.966015,0.195002,-0.169677,-0.200295,0.979629,-0.014488,0.163395,0.047981,0.985393,0,0.84265,0.43657,50.559,0.873,-1,400.000,-1,400.000,-1,325.000,325.000,300.000,300.000,-1,725.000,675.000,-1,850.000,850.000,-1,-1,2,0,2,0,2,0,0,0,0,2,0,0,2,0,0,2,2
40,-2337.955,8511.817,-78.921,-10.625,0.968189,0.184179,-0.169376,-0.189354,0.981798,-0.014783,0.163571,0.046385,0.985441,0,0.84265,0.31657,50.559,0.633,-1,400.000,-1,400.000,-1,325.000,325.000,300.000,300.000,-1,800.000,750.000,-1,850.000,850.000,-1,-1,2,0,2,0,2,0,0,0,0,2,0,0,2,0,0,2,2
41,-2288.200,8502.836,-70.519,-10.232,0.969498,0.177445,-0.169075,-0.182559,0.983079,-0.015073,0.163540,0.045480,0.985488,0,0.84265,0.19657,50.559,0.393,-1,400.000,-1,400.000,-1,325.000,325.000,300.000,300.000,-1,850.000,825.000,-1,875.000,850.000,-1,-1,2,0,2,0,2,0,0,0,0,2,0,0,2,0,0,2,2
42,-2238.422,8493.988,-62.123,-10.079,0.970031,0.174818,-0.168757,-0.179934,0.983558,-0.015393,0.163291,0.045297,0.985538,0,0.84265,0.07657,50.559,0.153,-1,400.000,-1,400.000,-1,325.000,325.000,300.000,300.000,-1,925.000,875.000,-1,875.000,875.000,-1,-1,2,0,2,0,2,0,0,0,0,2,0,0,2,0,0,2,2
43,-2188.657,8485.065,-53.751,-10.165,0.969823,0.176304,-0.168405,-0.181488,0.983267,-0.015777,0.162805,0.045864,0.985592,0,0.84265,-0.04343,50.559,-0.087,-1,400.000,-1,400.000,-1,325.000,325.000,300.000,300.000,-1,1000.000,950.000,-1,875.000,875.000,-1,-1,2,0,2,0,2,0,0,0,0,2,0,0,2,0,0,2,2
44,-2138.944,8475.859,-45.400,-10.492,0.968852,0.181900,-0.168043,-0.187210,0.982187,-0.016182,0.162106,0.047138,0.985647,0,0.84265,-0.16343,50.559,-0.327,-1,425.000,-1,400.000,-1,325.000,325.000,300.000,300.000,-1,-1,-1,-1,900.000,875.000,-1,-1,2,0,2,0,2,0,0,0,0,2,2,2,2,0,0,2,2
45,-2089.323,8466.163,-37.084,-11.059,0.967047,0.191590,-0.167673,-0.197086,0.980245,-0.016617,0.161177,0.049116,0.985703,0,0.84265,-0.28343,50.559,-0.567,-1,425.000,-1,425.000,-1,325.000,325.000,300.000,300.000,-1,-1,-1,-1,925.000,900.000,-1,-1,2,0,2,0,2,0,0,0,0,2,2,2,2,0,0,2,2
46,-2039.845,8455.769,-28.813,-11.866,0.964285,0.205347,-0.167295,-0.211087,0.977318,-0.017088,0.159991,0.051791,0.985759,0,0.84265,-0.40343,50.559,-0.807,-1,425.000,-1,425.000,-1,350.000,325.000,300.000,300.000,-1,-1,-1,-1,975.000,900.000,-1,-1,2,0,2,0,2,0,0,0,0,2,2,2,2,0,0,2,2
47,-1990.564,8444.472,-20.867,-12.913,0.960524,0.223141,-0.166139,-0.228992,0.973285,-0.016688,0.157977,0.054074,0.985961,0,0.84265,-0.52343,50.559,-1.047,-1,425.000,-1,425.000,-1,350.000,350.000,300.000,300.000,-1,-1,-1,-1,975.000,900.000,-1,-1,2,0,2,0,2,0,0,0,0,2,2,2,2,0,0,2,2
48,-1941.550,8432.071,-13.225,-14.200,0.955566,0.244915,-0.164043,-0.250770,0.967920,-0.015658,0.154946,0.056099,0.986329,0,0.84265,-0.64343,50.559,-1.287,-1,425.000,-1,425.000,-1,350.000,350.000,300.000,300.000,-1,-1,-1,-1,1000.000,900.000,-1,-1,2,0,2,0,2,0,0,0,0,2,2,2,2,0,0,2,2
49,-1892.884,8418.369,-5.708,-15.727,0.948978,0.270576,-0.161954,-0.276507,0.960897,-0.014840,0.151605,0.058864,0.986687,0,0.84265,-0.76343,50.559,-1.527,-1,425.000,-1,425.000,-1,350.000,350.000,300.000,300.000,-1,-1,-1,-1,1000.000,900.000,-1,-1,2,0,2,0,2,0,0,0,0,2,2,2,2,0,0,2,2
50,-1844.662,8403.175,1.409,-17.493,0.940532,0.299993,-0.159384,-0.306210,0.951839,-0.015406,0.147086,0.063294,0.987097,0,0.84265,-0.88343,50.559,-1.767,-1,425.000,-1,425.000,-1,350.000,350.000,300.000,300.000,-1,-1,-1,-1,1000.000,875.000,-1,-1,2,0,2,0,2,0,0,0,0,2,2,2,2,0,0,2,2
51,-1797.000,8386.307,8.362,-19.493,0.929834,0.332917,-0.156767,-0.339477,0.940473,-0.016319,0.142002,0.068393,0.987501,0,0.84265,-1.00000,50.559,-2.000,-1,425.000,-1,425.000,-1,325.000,325.000,300.000,300.000,-1,-1,-1,-1,1000.000,850.000,-1,-1,2,0,2,0,2,0,0,0,0,2,2,2,2,0,0,2,2
52,-1749.956,8367.787,15.197,-21.493,0.917981,0.365407,-0.154234,-0.372292,0.927953,-0.017355,0.136781,0.073352,0.987882,0,0.84265,-1.00000,50.559,-2.000,-1,425.000,-1,400.000,-1,325.000,325.000,300.000,300.000,-1,-1,-1,-1,1000.000,850.000,-1,-1,2,0,2,0,2,0,0,0,0,2,2,2,2,0,0,2,2
53,-1703.586,8347.636,21.904,-23.493,0.904994,0.397424,-0.151792,-0.404614,0.914300,-0.018502,0.131430,0.078161,0.988239,0,0.84265,-1.00000,50.559,-2.000,-1,425.000,-1,400.000,-1,325.000,325.000,300.000,300.000,-1,-1,-1,-1,975.000,825.000,-1,-1,2,0,2,0,2,0,0,0,0,2,2,2,2,0,0,2,2
54,-1657.947,8325.879,28.476,-25.493,0.890891,0.428928,-0.149446,-0.436403,0.899534,-0.019750,0.125960,0.082814,0.988573,0,0.84265,-1.00000,50.559,-2.000,-1,425.000,-1,400.000,-1,325.000,325.000,300.000,300.000,-1,-1,-1,-1,975.000,800.000,-1,-1,2,0,2,0,2,0,0,0,0,2,2,2,2,0,0,2,2
55,-1613.096,8302.542,34.904,-27.493,0.875693,0.459884,-0.147201,-0.467621,0.883677,-0.021089,0.120380,0.087302,0.988882,0,0.84265,-1.00000,50.559,-2.000,-1,425.000,-1,400.000,-1,325.000,325.000,300.000,300.000,-1,-1,-1,-1,950.000,800.000,-1,-1,2,0,2,0,2,0,0,0,0,2,2,2,2,0,0,2,2
56,-1569.086,8277.654,41.178,-29.493,0.859424,0.490252,-0.145063,-0.498232,0.866752,-0.022507,0.114699,0.091618,0.989166,0,0.84265,-1.00000,50.559,-2.000,-1,425.000,-1,400.000,-1,325.000,325.000,300.000,300.000,-1,-1,-1,-1,925.000,775.000,-1,-1,2,0,2,0,2,0,0,0,0,2,2,2,2,0,0,2,2
57,-1525.971,8251.245,47.291,-31.493,0.842106,0.519999,-0.143034,-0.528198,0.848782,-0.023996,0.108927,0.095757,0.989427,0,0.84265,-1.00000,50.559,-2.000,-1,425.000,-1,400.000,-1,325.000,325.000,300.000,300.000,-1,-1,-1,-1,925.000,750.000,-1,-1,2,0,2,0,2,0,0,0,0,2,2,2,2,0,0,2,2
58,-1483.805,8223.346,52.901,-33.493,0.823685,0.549160,-0.141305,-0.557403,0.829898,-0.023904,0.104142,0.098453,0.989677,0,0.84265,-1.00000,50.559,-2.000,-1,425.000,-1,400.000,-1,325.000,325.000,300.000,300.000,-1,-1,-1,-1,900.000,750.000,-1,-1,2,0,2,0,2,0,0,0,0,2,2,2,2,0,0,2,2
59,-1441.821,8193.672,58.270,-35.253,0.806635,0.574297,-0.139722,-0.582488,0.812510,-0.023145,0.100234,0.100056,0.989920,0,0.85685,-0.88000,51.411,-1.760,-1,425.000,-1,375.000,-1,325.000,325.000,300.000,300.000,-1,-1,-1,-1,900.000,750.000,-1,-1,2,0,2,0,2,0,0,0,0,2,2,2,2,0,0,2,2
60,-1400.639,8162.894,63.481,-36.773,0.791343,0.595586,-0.138036,-0.603685,0.796908,-0.022419,0.096650,0.101071,0.990173,0,0.85685,-0.76000,51.411,-1.520,-1,425.000,-1,375.000,-1,325.000,325.000,300.000,300.000,-1,-1,-1,-1,900.000,750.000,-1,-1,2,0,2,0,2,0,0,0,0,2,2,2,2,0,0,2,2
61,-1360.156,8131.202,68.341,-38.053,0.778220,0.613264,-0.135209,-0.621102,0.783436,-0.021457,0.092769,0.100677,0.990585,0,0.85685,-0.64000,51.411,-1.280,-1,400.000,-1,375.000,-1,325.000,325.000,300.000,300.000,-1,-1,-1,-1,875.000,725.000,-1,-1,2,0,2,0,2,0,0,0,0,2,2,2,2,0,0,2,2
62,-1320.376,8098.633,73.115,-39.306,0.764977,0.630273,-0.132538,-0.637871,0.769867,-0.020597,0.089054,0.100298,0.990964,0,0.85685,-0.62652,51.411,-1.253,-1,400.000,-1,375.000,-1,325.000,325.000,300.000,300.000,-1,-1,-1,-1,875.000,725.000,-1,-1,2,0,2,0,2,0,0,0,0,2,2,2,2,0,0,2,2
63,-1281.318,8065.202,77.797,-40.559,0.751340,0.646979,-0.130026,-0.654358,0.755925,-0.019826,0.085463,0.099979,0.991312,0,0.85685,-0.62652,51.411,-1.253,-1,400.000,-1,375.000,-1,325.000,325.000,300.000,325.000,-1,-1,-1,-1,850.000,725.000,-1,-1,2,0,2,0,2,0,0,0,0,2,2,2,2,0,0,2,2
64,-1243.000,8030.925,82.388,-41.812,0.737317,0.663372,-0.127678,-0.670552,0.741616,-0.019131,0.081996,0.099720,0.991631,0,0.85685,-0.62652,51.411,-1.253,-1,400.000,-1,375.000,-1,325.000,325.000,300.000,325.000,-1,-1,-1,-1,850.000,725.000,-1,-1,2,0,2,0,2,0,0,0,0,2,2,2,2,0,0,2,2
65,-1205.439,7995.819,86.604,-43.066,0.722760,0.679375,-0.126758,-0.686518,0.726872,-0.018687,0.079441,0.100528,0.991758,0,0.85685,-0.62652,51.411,-1.253,-1,400.000,-1,375.000,-1,325.000,325.000,300.000,325.000,-1,-1,-1,-1,850.000,700.000,-1,-1,2,0,2,0,2,0,0,0,0,2,2,2,2,0,0,2,2
66,-1168.655,7959.901,90.699,-44.319,0.707822,0.695040,-0.126123,-0.702172,0.711773,-0.018254,0.077083,0.101481,0.991847,0,0.85685,-0.62652,51.411,-1.253,-1,400.000,-1,375.000,-1,325.000,325.000,325.000,325.000,-1,-1,-1,-1,850.000,700.000,-1,-1,2,0,2,0,2,0,0,0,0,2,2,2,2,0,0,2,2
67,-1132.921,7923.751,94.709,-45.332,0.695494,0.707479,-0.125547,-0.714574,0.699337,-0.017644,0.075317,0.101983,0.991931,0,0.84716,-0.50652,50.829,-1.013,-1,400.000,-1,375.000,-1,325.000,325.000,325.000,325.000,-1,-1,-1,-1,825.000,700.000,-1,-1,2,0,2,0,2,0,0,0,0,2,2,2,2,0,0,2,2
68,-1097.678,7887.122,98.695,-46.105,0.685936,0.716845,-0.125000,-0.723876,0.689724,-0.016854,0.074134,0.102045,0.992014,0,0.84716,-0.38652,50.829,-0.773,-1,400.000,-1,375.000,-1,325.000,325.000,325.000,325.000,-1,-1,-1,-1,850.000,700.000,-1,-1,2,0,2,0,2,0,0,0,0,2,2,2,2,0,0,2,2
69,-1062.778,7850.167,102.668,-46.638,0.679270,0.723256,-0.124473,-0.730199,0.683049,-0.015931,0.073499,0.101712,0.992095,0,0.84716,-0.26652,50.829,-0.533,-1,400.000,-1,375.000,-1,325.000,325.000,325.000,325.000,-1,-1,-1,-1,850.000,700.000,-1,-1,2,0,2,0,2,0,0,0,0,2,2,2,2,0,0,2,2
70,-1028.069,7813.033,106.652,-46.931,0.675578,0.726794,-0.123955,-0.733625,0.679392,-0.014860,0.073414,0.100975,0.992177,0,0.84716,-0.14652,50.829,-0.293,-1,400.000,-1,375.000,-1,325.000,325.000,325.000,325.000,-1,-1,-1,-1,850.000,700.000,-1,-1,2,0,2,0,2,0,0,0,0,2,2,2,2,0,0,2,2
71,-993.393,7775.869,110.445,-46.984,0.674945,0.727443,-0.123597,-0.734232,0.678738,-0.014756,0.073156,0.100708,0.992223,0,0.84716,-0.02652,50.829,-0.053,-1,400.000,-1,375.000,-1,325.000,300.000,325.000,325.000,-1,-1,-1,-1,850.000,700.000,-1,-1,2,0,2,0,2,0,0,0,0,2,2,2,2,0,0,2,2
72,-958.596,7738.817,114.317,-46.797,0.677349,0.725262,-0.123261,-0.732002,0.681144,-0.014704,0.073294,0.100187,0.992265,0,0.84716,0.09348,50.829,0.187,-1,400.000,-1,375.000,-1,325.000,300.000,325.000,325.000,-1,-1,-1,-1,850.000,700.000,-1,-1,2,0,2,0,2,0,0,0,0,2,2,2,2,0,0,2,2
73,-923.526,7702.025,118.046,-46.370,0.682716,0.720299,-0.122751,-0.726859,0.686656,-0.013363,0.074662,0.098346,0.992348,0,0.84716,0.21348,50.829,0.427,-1,375.000,-1,375.000,-1,325.000,300.000,325.000,325.000,-1,-1,-1,-1,875.000,700.000,-1,-1,2,0,2,0,2,0,0,0,0,2,2,2,2,0,0,2,2
74,-888.030,7665.644,121.904,-45.703,0.691033,0.712411,-0.122249,-0.718771,0.695144,-0.011993,0.076437,0.096157,0.992427,0,0.84716,0.33348,50.829,0.667,-1,400.000,-1,375.000,-1,300.000,300.000,325.000,325.000,-1,-1,-1,-1,875.000,700.000,-1,-1,2,0,2,0,2,0,0,0,0,2,2,2,2,0,0,2,2
75,-851.963,7629.829,125.912,-44.796,0.702201,0.701491,-0.121754,-0.707626,0.706508,-0.010570,0.078605,0.093578,0.992504,0,0.84716,0.45348,50.829,0.907,-1,400.000,-1,375.000,-1,300.000,300.000,325.000,325.000,-1,-1,-1,-1,900.000,700.000,-1,-1,2,0,2,0,2,0,0,0,0,2,2,2,2,0,0,2,2
76,-815.186,7594.743,130.088,-43.649,0.716084,0.687401,-0.121263,-0.693282,0.720610,-0.009071,0.081148,0.090565,0.992579,0,0.84716,0.57348,50.829,1.147,-1,400.000,-1,375.000,-1,300.000,300.000,325.000,325.000,-1,-1,-1,-1,925.000,700.000,-1,-1,2,0,2,0,2,0,0,0,0,2,2,2,2,0,0,2,2
77,-777.572,7560.557,134.454,-42.262,0.732498,0.669966,-0.120796,-0.675560,0.737267,-0.007478,0.084049,0.087083,0.992649,0,0.84716,0.69348,50.829,1.387,-1,425.000,-1,375.000,-1,325.000,300.000,325.000,325.000,-1,-1,-1,-1,950.000,700.000,-1,-1,2,0,2,0,2,0,0,0,0,2,2,2,2,0,0,2,2
78,-739.003,7527.452,138.901,-40.635,0.751296,0.649013,-0.119737,-0.654221,0.756282,-0.005654,0.086885,0.082582,0.992790,0,0.84716,0.81348,50.829,1.627,-1,425.000,-1,375.000,-1,325.000,300.000,325.000,325.000,-1,-1,-1,-1,-1,750.000,-1,-1,2,0,2,0,2,0,0,0,0,2,2,2,2,2,0,2,2
79,-699.500,7495.468,143.141,-38.986,0.770022,0.627320,-0.116341,-0.631891,0.775051,-0.003132,0.088205,0.075926,0.993204,0,0.84716,0.82426,50.829,1.649,-1,425.000,-1,375.000,-1,325.000,300.000,325.000,325.000,-1,-1,-1,-1,-1,750.000,-1,-1,2,0,2,0,2,0,0,0,0,2,2,2,2,2,0,2,2
80,-659.092,7464.635,147.572,-37.338,0.788129,0.605071,-0.112883,-0.608988,0.793180,-0.000272,0.089372,0.068959,0.993608,0,0.84716,0.82426,50.829,1.649,-1,425.000,-1,375.000,-1,325.000,300.000,300.000,325.000,-1,-1,-1,-1,-1,775.000,-1,-1,2,0,2,0,2,0,0,0,0,2,2,2,2,2,0,2,2
81,-617.814,7434.976,152.181,-35.689,0.805594,0.582279,-0.109409,-0.585532,0.810644,0.002920,0.090392,0.061710,0.993993,0,0.84716,0.82426,50.829,1.649,-1,425.000,-1,375.000,-1,325.000,325.000,300.000,325.000,-1,-1,-1,-1,-1,800.000,-1,-1,2,0,2,0,2,0,0,0,0,2,2,2,2,2,0,2,2
82,-575.699,7406.518,156.920,-34.041,0.822378,0.558957,-0.106121,-0.561556,0.827414,0.006384,0.091374,0.054343,0.994333,0,0.84716,0.82426,50.829,1.649,-1,425.000,-1,375.000,-1,325.000,325.000,300.000,325.000,-1,-1,-1,-1,-1,825.000,-1,-1,2,0,2,0,2,0,0,0,0,2,2,2,2,2,0,2,2
83,-532.782,7379.284,161.559,-32.392,0.838358,0.535104,-0.104016,-0.537137,0.843439,0.009756,0.092951,0.047691,0.994528,0,0.84716,0.82426,50.829,1.649,-1,425.000,-1,400.000,-1,350.000,325.000,300.000,325.000,-1,-1,-1,-1,-1,850.000,-1,-1,2,0,2,0,2,0,0,0,0,2,2,2,2,2,0,2,2
84,-489.099,7353.295,166.360,-30.744,0.853653,0.510775,-0.101906,-0.512226,0.858747,0.013377,0.094344,0.040780,0.994704,0,0.84716,0.82426,50.829,1.649,-1,450.000,-1,400.000,-1,350.000,325.000,300.000,325.000,-1,-1,-1,-1,-1,875.000,-1,-1,2,0,2,0,2,0,0,0,0,2,2,2,2,2,0,2,2
85,-444.686,7328.577,170.413,-29.095,0.868361,0.485931,-0.099100,-0.487162,0.873215,0.013013,0.092859,0.036978,0.994992,0,0.84716,0.82426,50.829,1.649,-1,450.000,-1,400.000,-1,350.000,325.000,300.000,325.000,-1,-1,-1,-1,-1,875.000,-1,-1,2,0,2,0,2,0,0,0,0,2,2,2,2,2,0,2,2
86,-399.580,7305.147,174.462,-27.447,0.882374,0.460665,-0.095940,-0.461720,0.886941,0.012236,0.090729,0.033501,0.995312,0,0.84716,0.82426,50.829,1.649,-1,425.000,-1,400.000,-1,350.000,325.000,300.000,325.000,-1,-1,-1,-1,-1,900.000,-1,-1,2,0,2,0,2,0,0,0,0,2,2,2,2,2,0,2,2
87,-353.818,7283.025,178.633,-25.798,0.895660,0.435009,-0.092522,-0.435876,0.899931,0.011683,0.088346,0.029865,0.995642,0,0.84716,0.82426,50.829,1.649,-1,450.000,-1,400.000,-1,325.000,325.000,300.000,300.000,-1,-1,-1,-1,-1,925.000,-1,-1,2,0,2,0,2,0,0,0,0,2,2,2,2,2,0,2,2
88,-307.439,7262.228,182.919,-24.150,0.908205,0.408983,-0.088860,-0.409656,0.912169,0.011368,0.085705,0.026078,0.995979,0,0.84716,0.82426,50.829,1.649,-1,450.000,-1,400.000,-1,325.000,325.000,300.000,300.000,-1,-1,-1,-1,-1,950.000,-1,-1,2,0,2,0,2,0,0,0,0,2,2,2,2,2,0,2,2
89,-260.481,7242.774,187.311,-22.501,0.919995,0.382608,-0.084966,-0.383082,0.923645,0.011304,0.082804,0.022149,0.996320,0,0.84716,0.82426,50.829,1.649,-1,450.000,-1,400.000,-1,325.000,325.000,300.000,300.000,-1,-1,-1,-1,-1,975.000,-1,-1,2,0,2,0,2,0,0,0,0,2,2,2,2,2,0,2,2
90,-212.982,7224.679,191.751,-20.853,0.931024,0.355906,-0.080782,-0.356197,0.934343,0.011277,0.079491,0.018275,0.996668,0,0.84716,0.82426,50.829,1.649,-1,450.000,-1,400.000,-1,350.000,325.000,300.000,300.000,-1,-1,-1,-1,-1,1000.000,-1,-1,2,0,2,0,2,0,0,0,0,2,2,2,2,2,0,2,2
91,-164.983,7207.958,196.255,-19.204,0.941274,0.328901,-0.076343,-0.329017,0.944255,0.011415,0.075841,0.014374,0.997016,0,0.84716,0.82426,50.829,1.649,-1,475.000,-1,400.000,-1,350.000,325.000,325.000,300.000,-1,-1,-1,-1,-1,1000.000,-1,-1,2,0,2,0,2,0,0,0,0,2,2,2,2,2,0,2,2
92,-116.522,7192.626,200.848,-17.556,0.950729,0.301615,-0.071712,-0.301558,0.953374,0.011878,0.071951,0.010333,0.997355,0,0.84716,0.82426,50.829,1.649,-1,475.000,-1,425.000,-1,350.000,325.000,325.000,300.000,-1,-1,-1,-1,-1,-1,-1,-1,2,0,2,0,2,0,0,0,0,2,2,2,2,2,2,2,2
93,-67.640,7178.693,205.155,-15.907,0.959327,0.274075,-0.067634,-0.273735,0.961697,0.014422,0.068996,0.004678,0.997606,0,0.84716,0.82426,50.829,1.649,-1,475.000,-1,425.000,-1,350.000,350.000,325.000,300.000,-1,-1,-1,-1,-1,-1,-1,-1,2,0,2,0,2,0,0,0,0,2,2,2,2,2,2,2,2
94,-18.377,7166.173,208.789,-14.259,0.967234,0.246296,-0.061622,-0.245523,0.969186,0.019933,0.064632,-0.004150,0.997901,0,0.84716,0.82426,50.829,1.649,-1,475.000,-1,425.000,-1,350.000,350.000,300.000,325.000,-1,-1,-1,-1,-1,-1,-1,-1,2,0,2,0,2,0,0,0,0,2,2,2,2,2,2,2,2
95,31.225,7155.076,212.332,-12.610,0.974322,0.218293,-0.055182,-0.217127,0.975787,0.026387,0.059606,-0.013728,0.998128,0,0.84716,0.82426,50.829,1.649,-1,475.000,-1,450.000,-1,375.000,350.000,300.000,325.000,-1,-1,-1,-1,-1,-1,-1,-1,2,0,2,0,2,0,0,0,0,2,2,2,2,2,2,2,2
96,81.127,7145.412,214.513,-10.961,0.980427,0.190117,-0.051174,-0.188856,0.981591,0.028487,0.055648,-0.018265,0.998283,0,0.84716,0.82426,50.829,1.649,-1,475.000,-1,450.000,-1,375.000,350.000,300.000,325.000,-1,-1,-1,-1,-1,-1,-1,-1,2,0,2,0,2,0,0,0,0,2,2,2,2,2,2,2,2
97,131.285,7137.187,215.961,-9.313,0.985743,0.161795,-0.046180,-0.160632,0.986620,0.027892,0.050075,-0.020077,0.998544,0,0.84716,0.82426,50.829,1.649,-1,450.000,-1,450.000,-1,350.000,350.000,275.000,325.000,-1,-1,-1,-1,-1,-1,-1,-1,2,0,2,0,2,0,0,0,0,2,2,2,2,2,2,2,2
98,181.660,7130.408,217.421,-7.664,0.990219,0.133339,-0.041074,-0.132274,0.990827,0.027657,0.044385,-0.021954,0.998773,0,0.84716,0.82426,50.829,1.649,-1,450.000,-1,425.000,-1,350.000,350.000,275.000,325.000,-1,-1,-1,-1,-1,-1,-1,-1,2,0,2,0,2,0,0,0,0,2,2,2,2,2,2,2,2
99,232.854,7125.125,218.904,-5.893,0.994072,0.102649,-0.035824,-0.101684,0.994429,0.027790,0.038477,-0.023983,0.998972,0,0.85777,0.88551,51.466,1.771,-1,450.000,-1,425.000,-1,350.000,350.000,275.000,300.000,-1,-1,-1,-1,-1,-1,-1,-1,2,0,2,0,2,0,0,0,0,2,2,2,2,2,2,2,2
100,284.186,7121.426,220.389,-4.122,0.996948,0.071863,-0.030513,-0.071006,0.997074,0.028318,0.032459,-0.026065,0.999133,0,0.85777,0.88551,51.466,1.771,-1,450.000,-1,425.000,-1,350.000,350.000,275.000,300.000,-1,-1,-1,-1,-1,1000.000,-1,-1,2,0,2,0,2,0,0,0,0,2,2,2,2,2,0,2,2
101,335.609,7119.315,221.867,-2.351,0.998842,0.041012,-0.025172,-0.040272,0.998761,0.029239,0.026340,-0.028192,0.999255,0,0.85777,0.88551,51.466,1.771,-1,450.000,-1,425.000,-1,350.000,350.000,275.000,300.000,-1,-1,-1,-1,-1,975.000,-1,-1,2,0,2,0,2,0,0,0,0,2,2,2,2,2,0,2,2
102,387.072,7118.795,223.259,-0.580,0.999748,0.010125,-0.020052,-0.009515,0.999496,0.030280,0.020348,-0.030082,0.999340,0,0.85777,0.88551,51.466,1.771,-1,425.000,-1,425.000,-1,350.000,350.000,275.000,300.000,-1,-1,-1,-1,-1,950.000,-1,-1,2,0,2,0,2,0,0,0,0,2,2,2,2,2,0,2,2
103,438.527,7119.866,224.638,1.191,0.999673,-0.020768,-0.014928,0.021234,0.999271,0.031716,0.014258,-0.032022,0.999385,0,0.85777,0.88551,51.466,1.771,-1,425.000,-1,425.000,-1,350.000,350.000,275.000,300.000,-1,-1,-1,-1,1000.000,925.000,-1,-1,2,0,2,0,2,0,0,0,0,2,2,2,2,0,0,2,2
104,489.924,7122.526,225.945,2.962,0.998619,-0.051638,-0.009643,0.051933,0.998094,0.033352,0.007902,-0.033806,0.999397,0,0.85777,0.88551,51.466,1.771,-1,425.000,-1,425.000,-1,350.000,325.000,275.000,325.000,-1,-1,-1,-1,950.000,900.000,-1,-1,2,0,2,0,2,0,0,0,0,2,2,2,2,0,0,2,2
105,541.214,7126.774,227.175,4.733,0.996586,-0.082455,-0.004208,0.082552,0.995965,0.035204,0.001289,-0.035431,0.999371,0,0.85777,0.88551,51.466,1.771,-1,425.000,-1,425.000,-1,350.000,325.000,275.000,325.000,-1,-1,-1,-1,925.000,875.000,-1,-1,2,0,2,0,2,0,0,0,0,2,2,2,2,0,0,2,2
106,592.349,7132.604,228.367,6.504,0.993573,-0.113189,0.001214,0.113065,0.992882,0.037435,-0.005442,-0.037057,0.999298,0,0.85777,0.88551,51.466,1.771,-1,425.000,-1,425.000,-1,325.000,325.000,300.000,325.000,-1,-1,-1,-1,875.000,875.000,-1,-1,2,0,2,0,2,0,0,0,0,2,2,2,2,0,0,2,2
107,643.279,7140.011,228.775,8.275,0.989588,-0.143826,0.005358,0.143532,0.988950,0.037113,-0.010636,-0.035957,0.999297,0,0.85777,0.88551,51.466,1.771,-1,425.000,-1,425.000,-1,325.000,325.000,300.000,325.000,-1,-1,-1,-1,850.000,850.000,-1,-1,2,0,2,0,2,0,0,0,0,2,2,2,2,0,0,2,2
108,693.957,7148.988,228.359,10.046,0.984644,-0.174342,0.009047,0.173937,0.984150,0.034566,-0.014930,-0.032462,0.999361,0,0.85777,0.88551,51.466,1.771,-1,425.000,-1,400.000,-1,325.000,325.000,300.000,325.000,-1,-1,-1,-1,850.000,825.000,-1,-1,2,0,2,0,2,0,0,0,0,2,2,2,2,0,0,2,2
109,744.332,7159.527,227.159,11.817,0.978772,-0.204677,0.010645,0.204200,0.978307,0.034896,-0.017557,-0.031981,0.999334,0,0.85777,0.88551,51.466,1.771,-1,425.000,-1,400.000,-1,325.000,325.000,300.000,325.000,-1,-1,-1,-1,825.000,825.000,-1,-1,2,0,2,0,2,0,0,0,0,2,2,2,2,0,0,2,2
110,794.358,7171.618,225.841,13.588,0.971960,-0.234815,0.012438,0.234252,0.971520,0.035721,-0.020471,-0.031806,0.999284,0,0.85777,0.88551,51.466,1.771,-1,425.000,-1,400.000,-1,325.000,325.000,300.000,300.000,-1,-1,-1,-1,825.000,825.000,-1,-1,2,0,2,0,2,0,0,0,0,2,2,2,2,0,0,2,2
111,843.986,7185.250,224.478,15.359,0.964218,-0.264730,0.014227,0.264074,0.963804,0.036701,-0.023427,-0.031631,0.999225,0,0.85777,0.88551,51.466,1.771,-1,400.000,-1,400.000,-1,325.000,325.000,300.000,300.000,-1,-1,-1,-1,800.000,800.000,-1,-1,2,0,2,0,2,0,0,0,0,2,2,2,2,0,0,2,2
112,891.821,7199.774,223.172,16.890,0.956778,-0.290389,0.015849,0.289650,0.956395,0.037567,-0.026067,-0.031353,0.999168,0,0.83319,0.76551,49.991,1.531,-1,400.000,-1,400.000,-1,325.000,325.000,300.000,300.000,-1,-1,-1,-1,800.000,800.000,-1,-1,2,0,2,0,2,0,0,0,0,2,2,2,2,0,0,2,2
113,939.316,7215.372,221.898,18.181,0.949968,-0.311867,0.017344,0.311055,0.949622,0.038260,-0.028402,-0.030951,0.999117,0,0.83319,0.64551,49.991,1.291,-1,400.000,-1,400.000,-1,325.000,325.000,300.000,300.000,-1,-1,-1,-1,775.000,800.000,-1,-1,2,0,2,0,2,0,0,0,0,2,2,2,2,0,0,2,2
114,986.518,7231.839,220.531,19.232,0.944061,-0.329238,0.018742,0.328361,0.943755,0.038796,-0.030461,-0.030471,0.999071,0,0.83319,0.52551,49.991,1.051,-1,400.000,-1,400.000,-1,325.000,325.000,275.000,300.000,-1,-1,-1,-1,775.000,800.000,-1,-1,2,0,2,0,2,0,0,0,0,2,2,2,2,0,0,2,2
115,1033.482,7248.972,219.087,20.043,0.939279,-0.342568,0.020071,0.341634,0.939015,0.039207,-0.032278,-0.029970,0.999030,0,0.83319,0.40551,49.991,0.811,-1,400.000,-1,400.000,-1,325.000,325.000,275.000,300.000,-1,-1,-1,-1,775.000,775.000,-1,-1,2,0,2,0,2,0,0,0,0,2,2,2,2,0,0,2,2
116,1080.273,7266.572,217.605,20.614,0.935788,-0.351913,0.021388,0.350923,0.935565,0.039643,-0.033960,-0.029592,0.998985,0,0.83319,0.28551,49.991,0.571,-1,400.000,-1,400.000,-1,325.000,325.000,275.000,300.000,-1,-1,-1,-1,750.000,775.000,-1,-1,2,0,2,0,2,0,0,0,0,2,2,2,2,0,0,2,2
117,1126.961,7284.443,216.090,20.945,0.933708,-0.357315,0.022693,0.356270,0.933523,0.040094,-0.035510,-0.029351,0.998938,0,0.83319,0.16551,49.991,0.331,-1,400.000,-1,400.000,-1,325.000,325.000,275.000,300.000,-1,-1,-1,-1,750.000,775.000,-1,-1,2,0,2,0,2,0,0,0,0,2,2,2,2,0,0,2,2
118,1173.621,7302.387,214.547,21.036,0.933107,-0.358799,0.023987,0.357698,0.932956,0.040551,-0.036928,-0.029258,0.998890,0,0.83319,0.04551,49.991,0.091,-1,400.000,-1,400.000,-1,325.000,325.000,275.000,300.000,-1,-1,-1,-1,750.000,775.000,-1,-1,2,0,2,0,2,0,0,0,0,2,2,2,2,0,0,2,2
119,1220.266,7320.371,212.841,21.084,0.932774,-0.359589,0.025066,0.358465,0.932670,0.040365,-0.037893,-0.028666,0.998871,0,0.83319,0.02409,49.991,0.048,-1,400.000,-1,400.000,-1,325.000,325.000,275.000,300.000,-1,-1,-1,-1,750.000,775.000,-1,-1,2,0,2,0,2,0,0,0,0,2,2,2,2,0,0,2,2
120,1266.895,7338.394,211.036,21.132,0.932447,-0.360383,0.025841,0.359260,0.932391,0.039740,-0.038415,-0.027772,0.998876,0,0.83319,0.02409,49.991,0.048,-1,400.000,-1,400.000,-1,325.000,325.000,275.000,300.000,-1,-1,-1,-1,750.000,750.000,-1,-1,2,0,2,0,2,0,0,0,0,2,2,2,2,0,0,2,2
121,1313.510,7356.456,209.264,21.180,0.932125,-0.361173,0.026401,0.360055,0.932106,0.039237,-0.038780,-0.027068,0.998881,0,0.83319,0.02409,49.991,0.048,-1,400.000,-1,400.000,-1,325.000,325.000,300.000,300.000,-1,-1,-1,-1,750.000,750.000,-1,-1,2,0,2,0,2,0,0,0,0,2,2,2,2,0,0,2,2
122,1360.109,7374.557,207.477,21.229,0.931803,-0.361964,0.026946,0.360850,0.931819,0.038739,-0.039131,-0.026374,0.998886,0,0.83319,0.02409,49.991,0.048,-1,400.000,-1,400.000,-1,325.000,325.000,300.000,300.000,-1,-1,-1,-1,750.000,750.000,-1,-1,2,0,2,0,2,0,0,0,0,2,2,2,2,0,0,2,2
123,1406.693,7392.697,205.560,21.277,0.931497,-0.362750,0.026962,0.361643,0.931520,0.038546,-0.039098,-0.026155,0.998893,0,0.83319,0.02409,49.991,0.048,-1,400.000,-1,400.000,-1,325.000,325.000,300.000,300.000,-1,-1,-1,-1,750.000,750.000,-1,-1,2,0,2,0,2,0,0,0,0,2,2,2,2,0,0,2,2
124,1453.262,7410.877,203.585,21.325,0.931201,-0.363533,0.026619,0.362441,0.931215,0.038408,-0.038751,-0.026118,0.998908,0,0.83319,0.02409,49.991,0.048,-1,400.000,-1,400.000,-1,325.000,325.000,300.000,300.000,-1,-1,-1,-1,750.000,750.000,-1,-1,2,0,2,0,2,0,0,0,0,2,2,2,2,0,0,2,2
125,1499.815,7429.096,201.721,21.373,0.930893,-0.364321,0.026603,0.363251,0.930922,0.037858,-0.038558,-0.025579,0.998929,0,0.83319,0.02409,49.991,0.048,-1,400.000,-1,400.000,-1,325.000,325.000,300.000,300.000,-1,-1,-1,-1,750.000,750.000,-1,-1,2,0,2,0,2,0,0,0,0,2,2,2,2,0,0,2,2
126,1546.353,7447.353,199.841,21.421,0.930585,-0.365109,0.026589,0.364059,0.930628,0.037320,-0.038371,-0.025050,0.998950,0,0.83319,0.02409,49.991,0.048,-1,400.000,-1,400.000,-1,325.000,325.000,300.000,300.000,-1,-1,-1,-1,750.000,725.000,-1,-1,2,0,2,0,2,0,0,0,0,2,2,2,2,0,0,2,2
127,1592.876,7465.650,197.946,21.470,0.930276,-0.365896,0.026579,0.364867,0.930332,0.036795,-0.038191,-0.024532,0.998969,0,0.83319,0.02409,49.991,0.048,-1,400.000,-1,400.000,-1,325.000,325.000,300.000,300.000,-1,-1,-1,-1,750.000,725.000,-1,-1,2,0,2,0,2,0,0,0,0,2,2,2,2,0,0,2,2
128,1639.383,7483.987,196.036,21.518,0.929966,-0.366683,0.026572,0.365674,0.930036,0.036282,-0.038017,-0.024024,0.998988,0,0.83319,0.02409,49.991,0.048,-1,400.000,-1,400.000,-1,325.000,325.000,300.000,300.000,-1,-1,-1,-1,750.000,725.000,-1,-1,2,0,2,0,2,0,0,0,0,2,2,2,2,0,0,2,2
129,1685.875,7502.362,194.110,21.566,0.929656,-0.367469,0.026569,0.366479,0.929738,0.035781,-0.037850,-0.023527,0.999006,0,0.83319,0.02409,49.991,0.048,-1,400.000,-1,400.000,-1,325.000,325.000,300.000,300.000,-1,-1,-1,-1,750.000,725.000,-1,-1,2,0,2,0,2,0,0,0,0,2,2,2,2,0,0,2,2
130,1732.352,7520.776,192.169,21.614,0.929345,-0.368255,0.026568,0.367284,0.929439,0.035292,-0.037690,-0.023041,0.999024,0,0.83319,0.02409,49.991,0.048,-1,400.000,-1,400.000,-1,325.000,325.000,300.000,300.000,-1,-1,-1,-1,750.000,725.000,-1,-1,2,0,2,0,2,0,0,0,0,2,2,2,2,0,0,2,2
131,1778.813,7539.229,190.212,21.662,0.929033,-0.369041,0.026571,0.368087,0.929139,0.034816,-0.037537,-0.022565,0.999040,0,0.83319,0.02409,49.991,0.048,-1,400.000,-1,400.000,-1,325.000,325.000,300.000,300.000,-1,-1,-1,-1,750.000,725.000,-1,-1,2,0,2,0,2,0,0,0,0,2,2,2,2,0,0,2,2
132,1825.258,7557.722,188.240,21.710,0.928721,-0.369826,0.026577,0.368889,0.928838,0.034352,-0.037390,-0.022100,0.999056,0,0.83319,0.02409,49.991,0.048,-1,400.000,-1,375.000,-1,325.000,325.000,300.000,300.000,-1,-1,-1,-1,725.000,725.000,-1,-1,2,0,2,0,2,0,0,0,0,2,2,2,2,0,0,2,2
133,1871.688,7576.254,186.297,21.759,0.928407,-0.370609,0.026647,0.369681,0.928533,0.034104,-0.037381,-0.021811,0.999063,0,0.83319,0.02409,49.991,0.048,-1,400.000,-1,375.000,-1,325.000,325.000,300.000,300.000,-1,-1,-1,-1,725.000,700.000,-1,-1,2,0,2,0,2,0,0,0,0,2,2,2,2,0,0,2,2
134,1918.102,7594.824,184.437,21.807,0.928098,-0.371389,0.026521,0.370461,0.928219,0.034183,-0.037313,-0.021900,0.999064,0,0.83319,0.02409,49.991,0.048,-1,375.000,-1,375.000,-1,325.000,325.000,300.000,300.000,-1,-1,-1,-1,725.000,700.000,-1,-1,2,0,2,0,2,0,0,0,0,2,2,2,2,0,0,2,2
135,1964.500,7613.434,182.691,21.855,0.927806,-0.372165,0.025871,0.371236,0.927894,0.034582,-0.036876,-0.022481,0.999067,0,0.83319,0.02409,49.991,0.048,-1,375.000,-1,375.000,-1,325.000,325.000,300.000,300.000,-1,-1,-1,-1,725.000,700.000,-1,-1,2,0,2,0,2,0,0,0,0,2,2,2,2,0,0,2,2
136,2010.883,7632.083,180.933,21.903,0.927513,-0.372940,0.025213,0.372011,0.927568,0.035004,-0.036441,-0.023088,0.999069,0,0.83319,0.02409,49.991,0.048,-1,375.000,-1,375.000,-1,325.000,325.000,300.000,300.000,-1,-1,-1,-1,725.000,700.000,-1,-1,2,0,2,0,2,0,0,0,0,2,2,2,2,0,0,2,2
137,2057.250,7650.771,179.200,21.951,0.927216,-0.373715,0.024639,0.372785,0.927242,0.035400,-0.036076,-0.023638,0.999069,0,0.83319,0.02409,49.991,0.048,-1,375.000,-1,375.000,-1,325.000,300.000,300.000,300.000,-1,-1,-1,-1,725.000,675.000,-1,-1,2,0,2,0,2,0,0,0,0,2,2,2,2,0,0,2,2
138,2103.601,7669.498,177.590,22.000,0.926924,-0.374490,0.023877,0.373566,0.926915,0.035739,-0.035516,-0.024208,0.999076,0,0.83319,0.02409,49.991,0.048,-1,375.000,-1,375.000,-1,325.000,300.000,300.000,300.000,-1,-1,-1,-1,725.000,675.000,-1,-1,2,0,2,0,2,0,0,0,0,2,2,2,2,0,0,2,2
139,2149.937,7688.264,176.106,22.048,0.926633,-0.375269,0.022901,0.374382,0.926600,0.035361,-0.034490,-0.024192,0.999112,0,0.83319,0.02409,49.991,0.048,-1,375.000,-1,375.000,-1,325.000,325.000,300.000,300.000,-1,-1,-1,-1,725.000,675.000,-1,-1,2,0,2,0,2,0,0,0,0,2,2,2,2,0,0,2,2
