timestep,x_cm,y_cm,z_cm,yaw_deg,basis_xx,basis_xy,basis_xz,basis_yx,basis_yy,basis_yz,basis_zx,basis_zy,basis_zz,teleport_flag,throttle_cmd,steering_cmd,cmd_move_cm,cmd_turn_deg,lidar_cm_0,lidar_cm_1,lidar_cm_2,lidar_cm_3,lidar_cm_4,lidar_cm_5,lidar_cm_6,lidar_cm_7,lidar_cm_8,lidar_cm_9,lidar_cm_10,lidar_cm_11,lidar_cm_12,lidar_cm_13,lidar_cm_14,lidar_cm_15,lidar_cm_16,lidar_class_0,lidar_class_1,lidar_class_2,lidar_class_3,lidar_class_4,lidar_class_5,lidar_class_6,lidar_class_7,lidar_class_8,lidar_class_9,lidar_class_10,lidar_class_11,lidar_class_12,lidar_class_13,lidar_class_14,lidar_class_15,lidar_class_16
0,6887.472,-4919.492,-280.558,-12.243,0.904461,0.211941,0.370177,-0.209146,0.976697,-0.048186,-0.371763,-0.033838,0.927711,1,0.00000,0.00000,4.800,-0.240,275.000,225.000,425.000,225.000,350.000,200.000,200.000,575.000,675.000,-1,0.000,0.000,-1,275.000,300.000,250.000,300.000,0,0,0,0,0,0,0,0,0,2,1,1,2,0,0,0,0
1,-4353.324,852.443,-425.173,165.349,-0.961750,-0.252355,-0.106555,0.257903,-0.965269,-0.041741,-0.092321,-0.067625,0.993430,1,0.08000,-0.12000,4.800,-0.240,-1,-1,-1,-1,425.000,-1,-1,225.000,225.000,-1,-1,-1,-1,-1,-1,-1,-1,2,2,2,2,1,2,2,1,1,2,2,2,2,2,2,2,2
2,-4362.593,854.947,-425.910,164.869,-0.959367,-0.260397,-0.108666,0.266181,-0.962991,-0.042374,-0.093610,-0.069577,0.993175,0,0.16000,-0.24000,9.600,-0.480,-1,-1,-1,-1,425.000,-1,-1,225.000,225.000,-1,-1,-1,-1,-1,-1,-1,-1,2,2,2,2,1,2,2,1,1,2,2,2,2,2,2,2,2
3,-4376.447,858.877,-427.008,164.149,-0.955647,-0.272418,-0.111924,0.278580,-0.959432,-0.043407,-0.095559,-0.072661,0.992768,0,0.24000,-0.36000,14.400,-0.720,-1,-1,-1,-1,400.000,-1,-1,225.000,225.000,-1,-1,-1,-1,-1,-1,-1,-1,2,2,2,2,1,2,2,1,1,2,2,2,2,2,2,2,2
4,-4919.486,-6231.376,-184.581,-162.785,-0.954662,0.295387,-0.036982,-0.297054,-0.953368,0.053361,-0.019495,0.061927,0.997890,1,0.00000,0.00000,19.200,-0.960,-1,400.000,-1,400.000,-1,325.000,325.000,300.000,300.000,-1,-1,-1,-1,750.000,750.000,-1,-1,2,0,2,0,2,0,0,0,0,2,2,2,2,0,0,2,2
5,-4924.077,-6232.777,-184.670,-163.025,-0.955887,0.291393,-0.037008,-0.293066,-0.954605,0.053311,-0.019793,0.061805,0.997892,0,0.08000,-0.12000,4.800,-0.240,-1,400.000,-1,400.000,-1,325.000,325.000,300.000,300.000,-1,-1,-1,-1,750.000,750.000,-1,-1,2,0,2,0,2,0,0,0,0,2,2,2,2,0,0,2,2
6,-4933.282,-6235.503,-184.851,-163.505,-0.958288,0.283390,-0.037058,-0.285075,-0.957027,0.053213,-0.020385,0.061558,0.997895,0,0.16000,-0.24000,9.600,-0.480,-1,400.000,-1,400.000,-1,325.000,325.000,300.000,300.000,-1,-1,-1,-1,750.000,750.000,-1,-1,2,0,2,0,2,0,0,0,0,2,2,2,2,0,0,2,2
7,-4947.140,-6239.417,-185.136,-164.225,-0.961765,0.271348,-0.037130,-0.273050,-0.960535,0.053067,-0.021265,0.061176,0.997900,0,0.24000,-0.36000,14.400,-0.720,-1,400.000,-1,400.000,-1,325.000,325.000,300.000,300.000,-1,-1,-1,-1,750.000,750.000,-1,-1,2,0,2,0,2,0,0,0,0,2,2,2,2,0,0,2,2
8,-4965.694,-6244.359,-185.535,-165.086,-0.965720,0.256901,-0.037231,-0.258623,-0.964530,0.052877,-0.022326,0.060693,0.997907,0,0.32000,-0.43021,19.200,-0.860,-1,400.000,-1,400.000,-1,325.000,325.000,300.000,300.000,-1,-1,-1,-1,750.000,750.000,-1,-1,2,0,2,0,2,0,0,0,0,2,2,2,2,0,0,2,2
9,-4988.976,-6250.184,-186.061,-165.952,-0.969483,0.242295,-0.037369,-0.244038,-0.968335,0.052650,-0.023429,0.060163,0.997914,0,0.40000,-0.43321,24.000,-0.866,-1,400.000,-1,400.000,-1,325.000,325.000,300.000,300.000,-1,-1,-1,-1,750.000,750.000,-1,-1,2,0,2,0,2,0,0,0,0,2,2,2,2,0,0,2,2
10,-5017.019,-6256.747,-186.724,-166.826,-0.973053,0.227505,-0.037540,-0.229269,-0.971952,0.052392,-0.024568,0.059587,0.997921,0,0.48000,-0.43698,28.800,-0.874,-1,400.000,-1,400.000,-1,325.000,325.000,300.000,300.000,-1,-1,-1,-1,750.000,725.000,-1,-1,2,0,2,0,2,0,0,0,0,2,2,2,2,0,0,2,2
11,-5049.849,-6263.899,-187.534,-167.709,-0.976431,0.212506,-0.037740,-0.214292,-0.975379,0.052109,-0.025737,0.058968,0.997928,0,0.56000,-0.44152,33.600,-0.883,-1,400.000,-1,400.000,-1,325.000,325.000,300.000,300.000,-1,-1,-1,-1,750.000,725.000,-1,-1,2,0,2,0,2,0,0,0,0,2,2,2,2,0,0,2,2
12,-5085.552,-6271.096,-188.452,-168.603,-0.979613,0.197275,-0.037948,-0.199081,-0.978612,0.051818,-0.026914,0.058316,0.997935,0,0.60701,-0.44684,36.420,-0.894,-1,400.000,-1,400.000,-1,325.000,325.000,300.000,300.000,-1,-1,-1,-1,750.000,725.000,-1,-1,2,0,2,0,2,0,0,0,0,2,2,2,2,0,0,2,2
13,-5121.634,-6277.777,-189.416,-169.508,-0.982596,0.181796,-0.038141,-0.183621,-0.981645,0.051537,-0.028072,0.057644,0.997942,0,0.61159,-0.45263,36.695,-0.905,-1,400.000,-1,400.000,-1,325.000,325.000,300.000,300.000,-1,-1,-1,-1,750.000,725.000,-1,-1,2,0,2,0,2,0,0,0,0,2,2,2,2,0,0,2,2
14,-5158.095,-6283.927,-190.426,-170.425,-0.985369,0.166070,-0.038320,-0.167912,-0.984468,0.051263,-0.029211,0.056947,0.997950,0,0.61625,-0.45848,36.975,-0.917,-1,400.000,-1,400.000,-1,325.000,325.000,300.000,300.000,-1,-1,-1,-1,750.000,725.000,-1,-1,2,0,2,0,2,0,0,0,0,2,2,2,2,0,0,2,2
15,-5194.877,-6289.521,-191.481,-171.351,-0.987916,0.150135,-0.038484,-0.151992,-0.987065,0.050992,-0.030330,0.056225,0.997957,0,0.62008,-0.46326,37.205,-0.927,-1,400.000,-1,375.000,-1,325.000,325.000,300.000,300.000,-1,-1,-1,-1,750.000,725.000,-1,-1,2,0,2,0,2,0,0,0,0,2,2,2,2,0,0,2,2
16,-5231.745,-6294.520,-192.579,-172.278,-0.990216,0.134160,-0.038376,-0.136018,-0.989404,0.050773,-0.031158,0.055496,0.997973,0,0.62008,-0.46326,37.205,-0.927,-1,375.000,-1,375.000,-1,325.000,325.000,300.000,300.000,-1,-1,-1,-1,725.000,700.000,-1,-1,2,0,2,0,2,0,0,0,0,2,2,2,2,0,0,2,2
17,-5268.689,-6298.922,-193.638,-173.204,-0.992270,0.118151,-0.037956,-0.119983,-0.991501,0.050295,-0.031691,0.054460,0.998013,0,0.62008,-0.46326,37.205,-0.927,-1,375.000,-1,375.000,-1,325.000,325.000,300.000,300.000,-1,-1,-1,-1,750.000,700.000,-1,-1,2,0,2,0,2,0,0,0,0,2,2,2,2,0,0,2,2
18,-5305.700,-6302.725,-194.691,-174.131,-0.994070,0.102107,-0.037410,-0.103912,-0.993330,0.049980,-0.032058,0.053571,0.998049,0,0.62008,-0.46326,37.205,-0.927,-1,400.000,-1,375.000,-1,325.000,325.000,300.000,300.000,-1,-1,-1,-1,725.000,700.000,-1,-1,2,0,2,0,2,0,0,0,0,2,2,2,2,0,0,2,2
19,-5342.767,-6305.930,-195.750,-175.058,-0.995613,0.086035,-0.036790,-0.087812,-0.994893,0.049762,-0.032321,0.052774,0.998083,0,0.62008,-0.46326,37.205,-0.927,-1,400.000,-1,375.000,-1,325.000,325.000,300.000,300.000,-1,-1,-1,-1,725.000,700.000,-1,-1,2,0,2,0,2,0,0,0,0,2,2,2,2,0,0,2,2
20,-5379.881,-6308.535,-196.840,-175.984,-0.996895,0.069939,-0.036165,-0.071687,-0.996197,0.049524,-0.032564,0.051963,0.998118,0,0.62008,-0.46326,37.205,-0.927,-1,400.000,-1,375.000,-1,325.000,325.000,300.000,300.000,-1,-1,-1,-1,725.000,700.000,-1,-1,2,0,2,0,2,0,0,0,0,2,2,2,2,0,0,2,2
21,-5417.032,-6310.540,-197.959,-176.911,-0.997918,0.053824,-0.035535,-0.055542,-0.997240,0.049266,-0.032785,0.051137,0.998153,0,0.62008,-0.46326,37.205,-0.927,-1,400.000,-1,375.000,-1,325.000,325.000,300.000,300.000,-1,-1,-1,-1,725.000,700.000,-1,-1,2,0,2,0,2,0,0,0,0,2,2,2,2,0,0,2,2
22,-5454.211,-6311.944,-199.107,-177.837,-0.998680,0.037693,-0.034899,-0.039380,-0.998023,0.048983,-0.032983,0.050292,0.998190,0,0.62008,-0.46326,37.205,-0.927,-1,400.000,-1,375.000,-1,325.000,325.000,300.000,300.000,-1,-1,-1,-1,725.000,675.000,-1,-1,2,0,2,0,2,0,0,0,0,2,2,2,2,0,0,2,2
23,-5491.408,-6312.746,-200.283,-178.764,-0.999181,0.021551,-0.034256,-0.023206,-0.998545,0.048673,-0.033157,0.049428,0.998227,0,0.62008,-0.46326,37.205,-0.927,-1,400.000,-1,375.000,-1,325.000,325.000,300.000,300.000,-1,-1,-1,-1,725.000,675.000,-1,-1,2,0,2,0,2,0,0,0,0,2,2,2,2,0,0,2,2
24,-5528.612,-6312.947,-201.486,-179.690,-0.999421,0.005401,-0.033606,-0.007023,-0.998806,0.048335,-0.033305,0.048543,0.998266,0,0.62008,-0.46326,37.205,-0.927,-1,400.000,-1,375.000,-1,325.000,325.000,300.000,300.000,-1,-1,-1,-1,725.000,675.000,-1,-1,2,0,2,0,2,0,0,0,0,2,2,2,2,0,0,2,2
25,-5570.617,-6312.670,-202.870,-180.377,-0.999438,-0.006567,-0.032880,0.004985,-0.998837,0.047951,-0.033157,0.047760,0.998308,0,0.70008,-0.34326,42.005,-0.687,-1,400.000,-1,375.000,-1,325.000,325.000,300.000,300.000,-1,-1,-1,-1,725.000,675.000,-1,-1,2,0,2,0,2,0,0,0,0,2,2,2,2,0,0,2,2
26,-5616.137,-6312.016,-204.387,-180.823,-0.999382,-0.014351,-0.032098,0.012816,-0.998787,0.047535,-0.032741,0.047094,0.998354,0,0.75876,-0.22326,45.525,-0.447,-1,400.000,-1,375.000,-1,325.000,325.000,300.000,300.000,-1,-1,-1,-1,725.000,675.000,-1,-1,2,0,2,0,2,0,0,0,0,2,2,2,2,0,0,2,2
27,-5661.655,-6311.197,-205.914,-181.030,-0.999348,-0.017952,-0.031321,0.016464,-0.998753,0.047125,-0.032128,0.046578,0.998398,0,0.75876,-0.10326,45.525,-0.207,-1,400.000,-1,375.000,-1,325.000,325.000,300.000,300.000,-1,-1,-1,-1,725.000,650.000,-1,-1,2,0,2,0,2,0,0,0,0,2,2,2,2,0,0,2,2
28,-5707.174,-6310.406,-207.442,-180.996,-0.999382,-0.017368,-0.030553,0.015929,-0.998780,0.046734,-0.031327,0.046218,0.998440,0,0.75876,0.01674,45.525,0.033,-1,400.000,-1,375.000,-1,325.000,325.000,300.000,300.000,-1,-1,-1,-1,725.000,650.000,-1,-1,2,0,2,0,2,0,0,0,0,2,2,2,2,0,0,2,2
29,-5752.696,-6309.832,-208.964,-180.723,-0.999477,-0.012601,-0.029798,0.011211,-0.998861,0.046375,-0.030348,0.046017,0.998480,0,0.75876,0.13674,45.525,0.273,-1,375.000,-1,375.000,-1,325.000,325.000,300.000,300.000,-1,-1,-1,-1,725.000,650.000,-1,-1,2,0,2,0,2,0,0,0,0,2,2,2,2,0,0,2,2
30,-5798.220,-6309.665,-210.473,-180.209,-0.999571,-0.003649,-0.029062,0.002307,-0.998936,0.046065,-0.029199,0.045979,0.998516,0,0.75876,0.25674,45.525,0.513,-1,375.000,-1,375.000,-1,325.000,325.000,300.000,300.000,-1,-1,-1,-1,725.000,650.000,-1,-1,2,0,2,0,2,0,0,0,0,2,2,2,2,0,0,2,2
31,-5843.744,-6310.098,-211.964,-179.456,-0.999553,0.009488,-0.028353,-0.010781,-0.998891,0.045821,-0.027887,0.046106,0.998547,0,0.75876,0.37674,45.525,0.753,-1,375.000,-1,375.000,-1,325.000,300.000,300.000,300.000,-1,-1,-1,-1,725.000,650.000,-1,-1,2,0,2,0,2,0,0,0,0,2,2,2,2,0,0,2,2
32,-5889.255,-6311.227,-213.433,-178.579,-0.999310,0.024764,-0.027673,-0.026010,-0.998619,0.045641,-0.026505,0.046329,0.998575,0,0.75876,0.43816,45.525,0.876,-1,375.000,-1,375.000,-1,300.000,300.000,300.000,300.000,-1,975.000,-1,-1,725.000,650.000,-1,-1,2,0,2,0,2,0,0,0,0,2,0,2,2,0,0,2,2
33,-5934.743,-6313.051,-214.286,-177.703,-0.998844,0.040036,-0.026607,-0.041188,-0.998170,0.044264,-0.024786,0.045309,0.998665,0,0.75876,0.43816,45.525,0.876,-1,375.000,-1,375.000,-1,300.000,300.000,300.000,300.000,-1,925.000,-1,-1,725.000,650.000,-1,-1,2,0,2,0,2,0,0,0,0,2,0,2,2,0,0,2,2
34,-5980.199,-6315.571,-214.921,-176.827,-0.998155,0.055299,-0.025080,-0.056345,-0.997480,0.043123,-0.022632,0.044457,0.998755,0,0.75876,0.43816,45.525,0.876,-1,375.000,-1,375.000,-1,325.000,300.000,300.000,300.000,-1,850.000,1000.000,-1,725.000,650.000,-1,-1,2,0,2,0,2,0,0,0,0,2,0,0,2,0,0,2,2
35,-6025.610,-6318.786,-215.540,-175.951,-0.997230,0.070551,-0.023574,-0.071497,-0.996554,0.042044,-0.020526,0.043613,0.998838,0,0.75876,0.43816,45.525,0.876,-1,375.000,-1,375.000,-1,325.000,300.000,300.000,300.000,-1,800.000,925.000,-1,750.000,650.000,-1,-1,2,0,2,0,2,0,0,0,0,2,0,0,2,0,0,2,2
36,-6072.093,-6322.595,-216.162,-175.314,-0.996420,0.081618,-0.022041,-0.082470,-0.995749,0.041011,-0.018600,0.042682,0.998916,0,0.77732,0.31816,46.639,0.636,-1,400.000,-1,375.000,-1,325.000,300.000,300.000,300.000,-1,775.000,850.000,-1,750.000,650.000,-1,-1,2,0,2,0,2,0,0,0,0,2,0,0,2,0,0,2,2
37,-6118.549,-6326.727,-216.780,-174.918,-0.995864,0.088507,-0.020515,-0.089273,-0.995203,0.040023,-0.016875,0.041689,0.998988,0,0.77732,0.19816,46.639,0.396,-1,400.000,-1,375.000,-1,325.000,300.000,300.000,300.000,-1,750.000,825.000,-1,750.000,650.000,-1,-1,2,0,2,0,2,0,0,0,0,2,0,0,2,0,0,2,2
38,-6164.994,-6330.985,-217.400,-174.762,-0.995649,0.091226,-0.018994,-0.091912,-0.995001,0.039057,-0.015336,0.040633,0.999056,0,0.77732,0.07816,46.639,0.156,-1,400.000,-1,375.000,-1,325.000,300.000,300.000,300.000,-1,725.000,800.000,-1,750.000,650.000,-1,-1,2,0,2,0,2,0,0,0,0,2,0,0,2,0,0,2,2
39,-6211.445,-6335.175,-218.028,-174.845,-0.995809,0.089777,-0.017471,-0.090388,-0.995178,0.038088,-0.013967,0.039508,0.999122,0,0.77732,-0.04184,46.639,-0.084,-1,400.000,-1,375.000,-1,325.000,300.000,300.000,300.000,-1,700.000,775.000,-1,750.000,650.000,-1,-1,2,0,2,0,2,0,0,0,0,2,0,0,2,0,0,2,2
40,-6257.918,-6339.102,-218.669,-175.169,-0.996325,0.084158,-0.015938,-0.084700,-0.995716,0.037097,-0.012748,0.038311,0.999185,0,0.77732,-0.16184,46.639,-0.324,-1,400.000,-1,375.000,-1,325.000,325.000,300.000,300.000,-1,675.000,775.000,-1,750.000,650.000,-1,-1,2,0,2,0,2,0,0,0,0,2,0,0,2,0,0,2,2
41,-6304.428,-6342.572,-219.327,-175.733,-0.997128,0.074361,-0.014390,-0.074838,-0.996543,0.036065,-0.011658,0.037038,0.999246,0,0.77732,-0.28184,46.639,-0.564,-1,400.000,-1,375.000,-1,325.000,300.000,300.000,300.000,-1,650.000,750.000,-1,750.000,650.000,-1,-1,2,0,2,0,2,0,0,0,0,2,0,0,2,0,0,2,2
42,-6350.983,-6345.390,-220.005,-176.536,-0.998093,0.060379,-0.012817,-0.060795,-0.997537,0.034972,-0.010674,0.035685,0.999306,0,0.77732,-0.40184,46.639,-0.804,-1,400.000,-1,375.000,-1,325.000,300.000,300.000,300.000,-1,625.000,725.000,-1,750.000,650.000,-1,-1,2,0,2,0,2,0,0,0,0,2,0,0,2,0,0,2,2
43,-6397.581,-6347.358,-220.707,-177.580,-0.999046,0.042202,-0.011214,-0.042559,-0.998522,0.033804,-0.009771,0.034249,0.999366,0,0.77732,-0.52184,46.639,-1.044,-1,400.000,-1,375.000,-1,325.000,300.000,300.000,300.000,-1,600.000,700.000,-1,750.000,650.000,-1,-1,2,0,2,0,2,0,0,0,0,2,0,0,2,0,0,2,2
44,-6444.211,-6348.283,-221.434,-178.864,-0.999758,0.019823,-0.009571,-0.020125,-0.999268,0.032546,-0.008919,0.032731,0.999424,0,0.77732,-0.64184,46.639,-1.284,-1,400.000,-1,375.000,-1,325.000,300.000,300.000,300.000,-1,550.000,675.000,-1,725.000,650.000,-1,-1,2,0,2,0,2,0,0,0,0,2,0,0,2,0,0,2,2
45,-6490.850,-6347.967,-222.188,-180.387,-0.999946,-0.006755,-0.007881,0.006506,-0.999492,0.031185,-0.008088,0.031132,0.999483,0,0.77732,-0.76184,46.639,-1.524,-1,375.000,-1,350.000,-1,300.000,300.000,300.000,300.000,-1,500.000,625.000,-1,725.000,625.000,-1,-1,2,0,2,0,2,0,0,0,0,2,0,0,2,0,0,2,2
46,-6537.458,-6346.258,-222.967,-182.100,-0.999310,-0.036622,-0.006139,0.036425,-0.998895,0.029713,-0.007221,0.029469,0.999540,0,0.77732,-0.85623,46.639,-1.712,-1,375.000,-1,350.000,-1,300.000,300.000,300.000,300.000,-1,450.000,575.000,-1,725.000,625.000,-1,-1,2,0,2,0,2,0,0,0,0,2,0,0,2,0,0,2,2
47,-6583.994,-6343.157,-223.197,-183.812,-0.997780,-0.066458,-0.004405,0.066301,-0.997370,0.029279,-0.006339,0.028922,0.999562,0,0.77732,-0.85623,46.639,-1.712,-1,375.000,-1,350.000,-1,300.000,300.000,300.000,300.000,-1,425.000,525.000,-1,725.000,625.000,-1,-1,2,0,2,0,2,0,0,0,0,2,0,0,2,0,0,2,2
48,-6630.417,-6338.666,-223.003,-185.525,-0.995356,-0.096237,-0.002409,0.096133,-0.994979,0.027834,-0.005076,0.027473,0.999610,0,0.77732,-0.85623,46.639,-1.712,-1,375.000,-1,350.000,-1,300.000,300.000,325.000,300.000,-1,425.000,525.000,-1,725.000,650.000,-1,-1,2,0,2,0,2,0,0,0,0,2,0,0,2,0,0,2,2
49,-6676.685,-6332.791,-222.837,-187.237,-0.992039,-0.125933,-0.000398,0.125879,-0.991698,0.026259,-0.003701,0.026000,0.999655,0,0.77732,-0.85623,46.639,-1.712,-1,375.000,-1,350.000,-1,300.000,300.000,325.000,300.000,-1,400.000,500.000,-1,700.000,650.000,-1,-1,2,0,2,0,2,0,0,0,0,2,0,0,2,0,0,2,2
50,-6722.757,-6325.535,-222.691,-188.950,-0.987832,-0.155518,0.001619,0.155510,-0.987529,0.024570,-0.002222,0.024523,0.999697,0,0.77732,-0.85623,46.639,-1.712,-1,375.000,-1,375.000,-1,300.000,300.000,325.000,300.000,-1,400.000,475.000,-1,700.000,650.000,-1,-1,2,0,2,0,2,0,0,0,0,2,0,0,2,0,0,2,2
51,-6768.591,-6316.905,-222.559,-190.662,-0.982738,-0.184966,0.003633,0.185000,-0.982474,0.022781,-0.000645,0.023060,0.999734,0,0.77732,-0.85623,46.639,-1.712,-1,375.000,-1,375.000,-1,300.000,300.000,325.000,300.000,-1,400.000,475.000,-1,700.000,650.000,-1,-1,2,0,2,0,2,0,0,0,0,2,0,0,2,0,0,2,2
52,-6814.147,-6306.910,-222.438,-192.374,-0.976763,-0.214250,0.005635,0.214322,-0.976539,0.020907,0.001023,0.021629,0.999766,0,0.77732,-0.85623,46.639,-1.712,-1,375.000,-1,375.000,-1,300.000,300.000,325.000,300.000,-1,400.000,475.000,-1,700.000,650.000,-1,-1,2,0,2,0,2,0,0,0,0,2,0,0,2,0,0,2,2
53,-6859.384,-6295.558,-222.319,-194.087,-0.969910,-0.243344,0.007620,0.243448,-0.969729,0.018965,0.002774,0.020249,0.999791,0,0.77732,-0.85623,46.639,-1.712,-1,375.000,-1,375.000,-1,300.000,300.000,325.000,300.000,-1,400.000,450.000,-1,700.000,675.000,-1,-1,2,0,2,0,2,0,0,0,0,2,0,0,2,0,0,2,2
54,-6904.261,-6282.859,-222.200,-195.799,-0.962187,-0.272221,0.009582,0.272351,-0.962048,0.016968,0.004600,0.018936,0.999810,0,0.77732,-0.85623,46.639,-1.712,-1,375.000,-1,375.000,-1,300.000,300.000,325.000,300.000,-1,375.000,450.000,-1,700.000,675.000,-1,-1,2,0,2,0,2,0,0,0,0,2,0,0,2,0,0,2,2
55,-6948.739,-6268.825,-222.073,-197.512,-0.953600,-0.300856,0.011520,0.301007,-0.953505,0.014934,0.006492,0.017709,0.999822,0,0.77732,-0.85623,46.639,-1.712,-1,375.000,-1,375.000,-1,300.000,300.000,325.000,300.000,-1,350.000,450.000,-1,700.000,675.000,-1,-1,2,0,2,0,2,0,0,0,0,2,0,0,2,0,0,2,2
56,-6992.778,-6253.468,-221.934,-199.224,-0.944157,-0.329222,0.013431,0.329388,-0.944107,0.012877,0.008441,0.016582,0.999827,0,0.77732,-0.85623,46.639,-1.712,-1,375.000,-1,375.000,-1,300.000,300.000,325.000,300.000,-1,325.000,425.000,-1,700.000,675.000,-1,-1,2,0,2,0,2,0,0,0,0,2,0,0,2,0,0,2,2
57,-7036.338,-6236.802,-221.777,-200.937,-0.933866,-0.357295,0.015315,0.357470,-0.933862,0.010812,0.010439,0.015571,0.999824,0,0.77732,-0.85623,46.639,-1.712,-1,375.000,-1,375.000,-1,300.000,300.000,325.000,325.000,-1,325.000,400.000,-1,700.000,700.000,-1,-1,2,0,2,0,2,0,0,0,0,2,0,0,2,0,0,2,2
58,-7079.380,-6218.842,-221.595,-202.649,-0.922737,-0.385047,0.017166,0.385228,-0.922780,0.008776,0.012461,0.014711,0.999814,0,0.77732,-0.85623,46.639,-1.712,-1,375.000,-1,375.000,-1,300.000,300.000,325.000,325.000,-1,300.000,375.000,-1,700.000,700.000,-1,-1,2,0,2,0,2,0,0,0,0,2,0,0,2,0,0,2,2
59,-7121.867,-6199.603,-221.063,-204.362,-0.910792,-0.412448,0.018582,0.412646,-0.910853,0.008387,0.013466,0.015307,0.999792,0,0.77732,-0.85623,46.639,-1.712,-1,375.000,-1,375.000,-1,300.000,300.000,325.000,325.000,-1,325.000,375.000,-1,700.000,700.000,-1,-1,2,0,2,0,2,0,0,0,0,2,0,0,2,0,0,2,2
60,-7163.760,-6179.104,-220.403,-206.074,-0.898019,-0.439475,0.020586,0.439706,-0.898104,0.008250,0.014862,0.016460,0.999754,0,0.77732,-0.85623,46.639,-1.712,-1,375.000,-1,375.000,-1,300.000,300.000,325.000,300.000,-1,350.000,375.000,-1,700.000,725.000,-1,-1,2,0,2,0,2,0,0,0,0,2,0,0,2,0,0,2,2
61,-7205.022,-6157.362,-219.691,-207.787,-0.884434,-0.466106,0.022823,0.466377,-0.884548,0.008157,0.016386,0.017858,0.999706,0,0.77732,-0.85623,46.639,-1.712,-1,375.000,-1,375.000,-1,300.000,325.000,325.000,300.000,-1,350.000,375.000,-1,700.000,725.000,-1,-1,2,0,2,0,2,0,0,0,0,2,0,0,2,0,0,2,2
62,-7245.615,-6134.396,-219.024,-209.499,-0.870060,-0.492320,0.024815,0.492627,-0.870204,0.007901,0.017705,0.019099,0.999661,0,0.77732,-0.85623,46.639,-1.712,-1,375.000,-1,375.000,-1,325.000,325.000,325.000,300.000,-1,375.000,375.000,-1,700.000,725.000,-1,-1,2,0,2,0,2,0,0,0,0,2,0,0,2,0,0,2,2
63,-7285.504,-6110.228,-218.386,-211.212,-0.854909,-0.518094,0.026623,0.518434,-0.855084,0.007539,0.018859,0.020247,0.999617,0,0.77732,-0.85623,46.639,-1.712,-1,375.000,-1,375.000,-1,325.000,325.000,325.000,300.000,-1,400.000,400.000,-1,725.000,750.000,-1,-1,2,0,2,0,2,0,0,0,0,2,0,0,2,0,0,2,2
64,-7324.653,-6084.878,-217.562,-212.924,-0.839015,-0.543410,0.027566,0.543763,-0.839211,0.006872,0.019400,0.020755,0.999596,0,0.77732,-0.85623,46.639,-1.712,-1,375.000,-1,375.000,-1,325.000,325.000,325.000,300.000,-1,425.000,400.000,-1,725.000,750.000,-1,-1,2,0,2,0,2,0,0,0,0,2,0,0,2,0,0,2,2
65,-7363.027,-6058.370,-216.724,-214.637,-0.822373,-0.568240,0.028407,0.568604,-0.822588,0.006221,0.019832,0.021269,0.999577,0,0.77732,-0.85623,46.639,-1.712,-1,375.000,-1,400.000,-1,325.000,325.000,325.000,300.000,-1,450.000,450.000,-1,725.000,750.000,-1,-1,2,0,2,0,2,0,0,0,0,2,0,0,2,0,0,2,2
66,-7400.592,-6030.727,-215.886,-216.349,-0.804996,-0.592561,0.029204,0.592936,-0.805230,0.005618,0.020187,0.021839,0.999558,0,0.77732,-0.85623,46.639,-1.712,-1,375.000,-1,400.000,-1,325.000,325.000,325.000,300.000,-1,500.000,475.000,-1,725.000,775.000,-1,-1,2,0,2,0,2,0,0,0,0,2,0,0,2,0,0,2,2
67,-7439.339,-6000.648,-214.987,-217.821,-0.789475,-0.613049,0.030003,0.613437,-0.789727,0.005054,0.020595,0.022395,0.999537,0,0.81753,-0.73623,49.052,-1.472,-1,375.000,-1,400.000,-1,325.000,325.000,300.000,300.000,-1,525.000,500.000,-1,725.000,775.000,-1,-1,2,0,2,0,2,0,0,0,0,2,0,0,2,0,0,2,2
68,-7477.371,-5969.669,-214.014,-219.165,-0.774855,-0.631390,0.030767,0.631785,-0.775132,0.004283,0.021144,0.022757,0.999517,0,0.81753,-0.67168,49.052,-1.343,-1,375.000,-1,400.000,-1,325.000,325.000,300.000,300.000,-1,575.000,525.000,-1,725.000,775.000,-1,-1,2,0,2,0,2,0,0,0,0,2,0,0,2,0,0,2,2
69,-7514.666,-5937.808,-213.200,-220.508,-0.759817,-0.649372,0.031520,0.649794,-0.760097,0.004406,0.021097,0.023829,0.999493,0,0.81753,-0.67168,49.052,-1.343,-1,375.000,-1,400.000,-1,325.000,325.000,300.000,300.000,-1,625.000,575.000,-1,725.000,800.000,-1,-1,2,0,2,0,2,0,0,0,0,2,0,0,2,0,0,2,2
70,-7551.203,-5905.081,-212.381,-221.852,-0.744363,-0.666994,0.032279,0.667446,-0.744643,0.004639,0.020942,0.024997,0.999468,0,0.81753,-0.67168,49.052,-1.343,-1,375.000,-1,400.000,-1,325.000,325.000,300.000,300.000,-1,650.000,600.000,-1,725.000,800.000,-1,-1,2,0,2,0,2,0,0,0,0,2,0,0,2,0,0,2,2
71,-7586.964,-5871.506,-211.554,-223.195,-0.728502,-0.684246,0.033052,0.684732,-0.728778,0.004986,0.020676,0.026264,0.999441,0,0.81753,-0.67168,49.052,-1.343,-1,375.000,-1,400.000,-1,325.000,325.000,300.000,300.000,-1,700.000,650.000,-1,725.000,800.000,-1,-1,2,0,2,0,2,0,0,0,0,2,0,0,2,0,0,2,2
72,-7621.927,-5837.102,-210.591,-224.538,-0.712249,-0.701107,0.033918,0.701646,-0.712500,0.006121,0.019875,0.028158,0.999406,0,0.81753,-0.67168,49.052,-1.343,-1,375.000,-1,400.000,-1,325.000,325.000,300.000,300.000,-1,775.000,700.000,-1,725.000,800.000,-1,-1,2,0,2,0,2,0,0,0,0,2,0,0,2,0,0,2,2
73,-7656.075,-5801.888,-209.654,-225.882,-0.695605,-0.717580,0.034825,0.718171,-0.695829,0.007204,0.019063,0.030021,0.999367,0,0.81753,-0.67168,49.052,-1.343,-1,375.000,-1,400.000,-1,325.000,325.000,300.000,300.000,-1,850.000,775.000,-1,725.000,800.000,-1,-1,2,0,2,0,2,0,0,0,0,2,0,0,2,0,0,2,2
74,-7689.388,-5765.883,-208.788,-227.225,-0.678579,-0.733658,0.035735,0.734298,-0.678780,0.008005,0.018384,0.031672,0.999329,0,0.81753,-0.67168,49.052,-1.343,-1,375.000,-1,400.000,-1,325.000,325.000,300.000,300.000,-1,925.000,825.000,-1,725.000,825.000,-1,-1,2,0,2,0,2,0,0,0,0,2,0,0,2,0,0,2,2
75,-7721.847,-5729.108,-207.943,-228.568,-0.661181,-0.749330,0.036674,0.750018,-0.661359,0.008782,0.017675,0.033313,0.999289,0,0.81753,-0.67168,49.052,-1.343,-1,375.000,-1,400.000,-1,325.000,325.000,300.000,300.000,-1,975.000,900.000,-1,725.000,825.000,-1,-1,2,0,2,0,2,0,0,0,0,2,0,0,2,0,0,2,2
76,-7753.435,-5691.581,-207.121,-229.912,-0.643422,-0.764586,0.037641,0.765325,-0.643574,0.009534,0.016935,0.034942,0.999246,0,0.81753,-0.67168,49.052,-1.343,-1,400.000,-1,400.000,-1,325.000,325.000,300.000,300.000,-1,-1,950.000,-1,750.000,825.000,-1,-1,2,0,2,0,2,0,0,0,0,2,2,0,2,0,0,2,2
77,-7784.135,-5653.324,-206.348,-231.255,-0.625316,-0.779422,0.038492,0.780206,-0.625438,0.010261,0.016077,0.036448,0.999206,0,0.81753,-0.67168,49.052,-1.343,-1,400.000,-1,400.000,-1,325.000,325.000,300.000,300.000,-1,-1,-1,-1,750.000,850.000,-1,-1,2,0,2,0,2,0,0,0,0,2,2,2,2,0,0,2,2
78,-7813.929,-5614.357,-205.738,-232.598,-0.606894,-0.793843,0.038634,0.794646,-0.606973,0.010985,0.014729,0.037367,0.999193,0,0.81753,-0.67168,49.052,-1.343,-1,400.000,-1,400.000,-1,325.000,325.000,300.000,300.000,-1,-1,-1,-1,725.000,850.000,-1,-1,2,0,2,0,2,0,0,0,0,2,2,2,2,0,0,2,2
79,-7842.942,-5574.513,-205.146,-233.940,-0.588169,-0.807806,0.038818,0.808628,-0.588203,0.011728,0.013359,0.038288,0.999177,0,0.82147,-0.67068,49.288,-1.341,-1,400.000,-1,400.000,-1,325.000,325.000,300.000,300.000,-1,-1,-1,-1,725.000,850.000,-1,-1,2,0,2,0,2,0,0,0,0,2,2,2,2,0,0,2,2
80,-7871.221,-5533.708,-204.572,-235.277,-0.569176,-0.821288,0.039040,0.822128,-0.569165,0.012490,0.011962,0.039205,0.999160,0,0.82744,-0.66883,49.646,-1.338,-1,375.000,-1,400.000,-1,325.000,325.000,300.000,300.000,-1,-1,-1,-1,725.000,850.000,-1,-1,2,0,2,0,2,0,0,0,0,2,2,2,2,0,0,2,2
81,-7898.736,-5491.963,-204.017,-236.611,-0.549942,-0.834278,0.039297,0.835136,-0.549883,0.013271,0.010537,0.040117,0.999139,0,0.83328,-0.66659,49.997,-1.333,-1,375.000,-1,400.000,-1,325.000,325.000,300.000,300.000,-1,-1,-1,-1,725.000,850.000,-1,-1,2,0,2,0,2,0,0,0,0,2,2,2,2,0,0,2,2
82,-7925.458,-5449.302,-203.470,-237.939,-0.530492,-0.846768,0.039533,0.847642,-0.530382,0.014076,0.009048,0.040977,0.999119,0,0.83898,-0.66397,50.339,-1.328,-1,375.000,-1,400.000,-1,325.000,325.000,300.000,300.000,-1,-1,-1,-1,750.000,850.000,-1,-1,2,0,2,0,2,0,0,0,0,2,2,2,2,0,0,2,2
83,-7951.357,-5405.752,-202.983,-239.260,-0.510845,-0.858742,0.039986,0.859639,-0.510686,0.014875,0.007646,0.041972,0.999090,0,0.84448,-0.66093,50.669,-1.322,-1,375.000,-1,400.000,-1,325.000,325.000,300.000,300.000,-1,-1,-1,-1,750.000,850.000,-1,-1,2,0,2,0,2,0,0,0,0,2,2,2,2,0,0,2,2
84,-7976.406,-5361.343,-202.604,-240.575,-0.491024,-0.870187,0.040865,0.871122,-0.490818,0.015622,0.006463,0.043269,0.999043,0,0.84977,-0.65749,50.986,-1.315,-1,375.000,-1,425.000,-1,325.000,325.000,300.000,300.000,-1,-1,-1,-1,750.000,875.000,-1,-1,2,0,2,0,2,0,0,0,0,2,2,2,2,0,1,2,2
85,-8000.578,-5316.108,-202.292,-241.883,-0.471069,-0.881102,0.041874,0.882081,-0.470808,0.016511,0.005167,0.044715,0.998986,0,0.85480,-0.65361,51.288,-1.307,-1,400.000,-1,425.000,-1,325.000,325.000,300.000,300.000,-1,-1,-1,-1,750.000,875.000,-1,-1,2,0,2,0,2,0,0,0,0,2,2,2,2,0,1,2,2
86,-8021.720,-5274.706,-202.261,-242.950,-0.454626,-0.889630,0.043293,0.890676,-0.454271,0.018283,0.003402,0.046872,0.998895,0,0.77480,-0.53361,46.488,-1.067,-1,400.000,-1,425.000,-1,325.000,325.000,300.000,300.000,-1,-1,-1,-1,750.000,875.000,-1,-1,2,0,2,0,2,0,0,0,0,2,2,2,2,0,1,2,2
87,-8041.637,-5234.273,-202.246,-243.777,-0.441783,-0.896006,0.044740,0.897120,-0.441335,0.019961,0.001861,0.048955,0.998799,0,0.75119,-0.41361,45.072,-0.827,-1,400.000,-1,425.000,-1,325.000,325.000,300.000,300.000,-1,-1,-1,-1,750.000,875.000,-1,-1,2,0,2,0,2,0,0,0,0,2,2,2,2,0,1,2,2
88,-8061.168,-5193.406,-202.240,-244.457,-0.431168,-0.901086,0.046246,0.902271,-0.430626,0.021611,0.000441,0.051044,0.998696,0,0.75492,-0.33996,45.295,-0.680,-1,400.000,-1,425.000,-1,325.000,325.000,300.000,300.000,-1,-1,-1,-1,750.000,850.000,-1,-1,2,0,2,0,2,0,0,0,0,2,2,2,2,0,1,2,2
89,-8080.310,-5152.118,-202.324,-245.128,-0.420622,-0.905985,0.047619,0.907236,-0.420001,0.022860,-0.000711,0.052817,0.998604,0,0.75848,-0.33565,45.509,-0.671,-1,400.000,-1,425.000,-1,325.000,325.000,300.000,300.000,-1,-1,-1,-1,775.000,850.000,-1,-1,2,0,2,0,2,0,0,0,0,2,2,2,2,0,1,2,2
90,-8099.054,-5110.431,-202.495,-245.790,-0.410155,-0.910707,0.048847,0.912015,-0.409471,0.023719,-0.001600,0.054278,0.998525,0,0.76179,-0.33106,45.707,-0.662,-1,400.000,-1,425.000,-1,325.000,325.000,300.000,300.000,-1,-1,-1,-1,775.000,850.000,-1,-1,2,0,2,0,2,0,0,0,0,2,2,2,2,0,1,2,2
91,-8117.395,-5068.366,-202.877,-246.443,-0.399825,-0.915278,0.049057,0.916586,-0.399062,0.024899,-0.003213,0.054920,0.998486,0,0.76483,-0.32618,45.890,-0.652,-1,400.000,-1,425.000,-1,325.000,325.000,300.000,300.000,-1,-1,-1,-1,750.000,850.000,-1,-1,2,0,2,0,2,0,0,0,0,2,2,2,2,0,1,2,2
92,-8135.327,-5025.946,-203.293,-247.085,-0.389616,-0.919664,0.049166,0.920964,-0.388769,0.026131,-0.004917,0.055461,0.998449,0,0.76757,-0.32101,46.054,-0.642,-1,400.000,-1,400.000,-1,325.000,325.000,300.000,300.000,-1,-1,-1,-1,775.000,850.000,-1,-1,2,0,2,0,2,0,0,0,0,2,2,2,2,1,1,2,2
93,-8152.846,-4983.197,-203.718,-247.716,-0.379535,-0.923862,0.049312,0.925153,-0.378605,0.027377,-0.006623,0.056012,0.998408,0,0.76998,-0.31554,46.199,-0.631,-1,400.000,-1,400.000,-1,325.000,325.000,300.000,300.000,-1,-1,-1,-1,-1,850.000,-1,-1,2,0,2,0,2,0,0,0,0,2,2,2,2,2,1,2,2
94,-8171.635,-4935.785,-204.195,-248.382,-0.368848,-0.928170,0.049514,0.929451,-0.367822,0.028764,-0.008486,0.056631,0.998359,0,0.84998,-0.33317,50.999,-0.666,-1,400.000,-1,400.000,-1,325.000,325.000,300.000,300.000,-1,-1,-1,-1,-1,850.000,-1,-1,2,0,2,1,2,0,0,0,0,2,2,2,2,2,1,2,2
95,-8191.493,-4883.639,-204.732,-249.152,-0.356436,-0.932992,0.049783,0.934260,-0.355304,0.030297,-0.010579,0.057309,0.998300,0,0.92998,-0.38493,55.799,-0.770,-1,400.000,-1,400.000,-1,325.000,325.000,300.000,300.000,-1,-1,-1,-1,-1,850.000,-1,-1,2,0,2,1,2,0,0,0,0,2,2,2,2,2,1,2,2
96,-8212.097,-4827.287,-205.322,-249.917,-0.344052,-0.937612,0.050124,0.938864,-0.342803,0.031959,-0.012782,0.058056,0.998232,0,1.00000,-0.38243,60.000,-0.765,-1,375.000,-1,400.000,-1,325.000,325.000,300.000,300.000,-1,-1,-1,-1,-1,850.000,-1,1000.000,2,0,2,1,2,0,1,0,0,2,2,2,2,2,1,2,1
97,-8231.952,-4770.667,-205.926,-250.676,-0.331709,-0.942028,0.050520,0.943263,-0.330340,0.033634,-0.014995,0.058810,0.998157,0,1.00000,-0.37946,60.000,-0.759,-1,400.000,-1,400.000,-1,325.000,325.000,300.000,300.000,-1,-1,-1,-1,-1,850.000,-1,950.000,2,1,2,1,2,1,1,0,0,2,2,2,2,2,1,2,1
98,-8251.062,-4713.791,-206.544,-251.428,-0.319423,-0.946241,0.050968,0.947456,-0.317930,0.035321,-0.017218,0.059572,0.998075,0,1.00000,-0.37608,60.000,-0.752,-1,400.000,-1,400.000,975.000,325.000,325.000,300.000,300.000,-1,-1,-1,-1,-1,800.000,-1,900.000,2,1,2,1,1,1,1,0,0,2,2,2,2,2,1,2,1
99,-8269.432,-4656.672,-207.397,-252.173,-0.307195,-0.950201,0.052431,0.951461,-0.305579,0.036652,-0.018805,0.061146,0.997952,0,1.00000,-0.37225,60.000,-0.744,-1,400.000,950.000,400.000,925.000,325.000,325.000,300.000,300.000,-1,-1,-1,-1,-1,750.000,-1,825.000,2,1,1,1,1,1,1,0,0,2,2,2,2,2,1,2,1
100,-8287.067,-4599.322,-208.492,-252.908,-0.295077,-0.953904,0.054746,0.955258,-0.293307,0.038132,-0.020317,0.063549,0.997772,0,1.00000,-0.36793,60.000,-0.736,-1,425.000,875.000,400.000,850.000,325.000,325.000,300.000,300.000,-1,-1,-1,-1,-1,700.000,-1,775.000,2,1,1,1,1,1,1,0,0,2,2,2,2,2,1,2,1
101,-8304.076,-4541.783,-209.614,-253.534,-0.284768,-0.956892,0.057132,0.958349,-0.282834,0.039658,-0.021790,0.066046,0.997579,0,1.00000,-0.31264,60.000,-0.625,-1,425.000,825.000,400.000,775.000,325.000,325.000,300.000,300.000,-1,-1,-1,-1,925.000,650.000,-1,725.000,2,1,1,1,1,1,1,0,0,2,2,2,2,1,1,2,1
102,-8320.482,-4484.070,-211.210,-254.132,-0.274832,-0.959753,0.057813,0.961218,-0.272821,0.040357,-0.022960,0.066662,0.997511,0,1.00000,-0.29898,60.000,-0.598,-1,425.000,750.000,400.000,725.000,350.000,325.000,300.000,300.000,-1,-1,-1,-1,825.000,600.000,-1,650.000,2,1,1,1,1,1,1,1,0,2,2,2,2,1,1,2,1
103,-8336.314,-4426.196,-213.294,-254.699,-0.265412,-0.962493,0.056243,0.963798,-0.263324,0.041885,-0.025504,0.065323,0.997538,0,1.00000,-0.28376,60.000,-0.568,-1,425.000,700.000,400.000,650.000,350.000,325.000,425.000,300.000,-1,-1,-1,-1,725.000,550.000,-1,600.000,2,1,1,1,1,1,1,1,0,2,2,2,2,1,1,2,1
104,-8351.607,-4368.177,-215.411,-255.233,-0.256534,-0.964994,0.054563,0.966126,-0.254374,0.043528,-0.028125,0.063881,0.997561,0,1.00000,-0.26678,60.000,-0.534,-1,425.000,625.000,400.000,575.000,350.000,325.000,625.000,300.000,-1,-1,-1,-1,650.000,500.000,925.000,550.000,2,1,1,1,1,1,1,1,0,2,2,2,2,1,1,1,1
105,-8366.396,-4310.028,-217.608,-255.728,-0.248281,-0.967241,0.052921,0.968193,-0.246037,0.045468,-0.030958,0.062527,0.997563,0,1.00000,-0.24783,60.000,-0.496,-1,425.000,550.000,400.000,525.000,350.000,325.000,875.000,300.000,-1,-1,-1,-1,575.000,450.000,825.000,475.000,2,1,1,1,1,1,1,1,0,2,2,2,2,1,1,1,1
106,-8380.726,-4251.764,-219.863,-256.182,-0.240729,-0.969237,0.051271,0.969999,-0.238399,0.047623,-0.033935,0.061197,0.997549,0,1.00000,-0.22660,60.000,-0.453,-1,425.000,500.000,350.000,450.000,350.000,325.000,1000.000,300.000,-1,-1,-1,-1,500.000,400.000,725.000,425.000,2,1,1,1,1,1,1,1,0,2,2,2,2,1,1,1,1
107,-8394.643,-4193.399,-222.166,-256.587,-0.233969,-0.970978,0.049599,0.971539,-0.231552,0.049961,-0.037026,0.059877,0.997519,0,1.00000,-0.20274,60.000,-0.405,-1,400.000,425.000,325.000,375.000,350.000,300.000,-1,300.000,-1,-1,-1,-1,450.000,350.000,625.000,350.000,2,1,1,1,1,1,1,2,0,2,2,2,2,1,1,1,1
108,-8408.201,-4134.951,-224.514,-256.939,-0.228111,-0.972456,0.047907,0.972804,-0.225608,0.052473,-0.040220,0.058574,0.997473,0,1.00000,-0.17579,60.000,-0.352,875.000,325.000,375.000,275.000,325.000,300.000,275.000,-1,300.000,-1,-1,-1,-1,375.000,300.000,525.000,300.000,1,1,1,1,1,1,1,2,0,2,2,2,2,1,1,1,1
109,-8421.464,-4076.435,-226.905,-257.229,-0.223281,-0.973659,0.046194,0.973783,-0.220693,0.055153,-0.043506,0.057297,0.997409,0,1.00000,-0.14519,60.000,-0.290,725.000,275.000,300.000,225.000,250.000,250.000,225.000,-1,325.000,-1,-1,-1,-1,325.000,250.000,450.000,250.000,1,1,1,1,1,1,1,2,0,2,2,2,2,1,1,1,1
110,-8434.501,-4017.868,-229.335,-257.449,-0.219631,-0.974570,0.044456,0.974456,-0.216960,0.057996,-0.046876,0.056058,0.997327,0,1.00000,-0.11023,60.000,-0.220,575.000,225.000,250.000,175.000,200.000,200.000,175.000,-1,325.000,-1,-1,-1,-1,250.000,200.000,350.000,175.000,1,1,1,1,1,1,1,2,0,2,2,2,2,1,1,1,1
111,-8447.389,-3959.269,-228.015,-257.589,-0.216296,-0.975819,0.031508,0.975564,-0.214737,0.046511,-0.038621,0.040799,0.998421,0,1.00000,-0.07000,60.000,-0.140,450.000,175.000,200.000,150.000,150.000,150.000,150.000,-1,350.000,-1,-1,-1,-1,200.000,150.000,275.000,150.000,1,1,1,1,1,1,1,2,0,2,2,2,2,1,1,1,1
112,-8460.111,-3900.635,-218.262,-257.752,-0.212112,-0.977219,-0.007146,0.977232,-0.212142,0.003691,-0.005123,-0.006200,0.999968,0,1.00000,-0.08124,60.000,-0.162,325.000,150.000,175.000,125.000,125.000,125.000,125.000,-1,500.000,-1,250.000,700.000,-1,175.000,150.000,225.000,125.000,1,1,1,1,1,1,1,2,0,2,0,0,2,1,1,1,1
113,-8472.789,-3841.986,-202.076,-257.803,-0.212470,-0.977023,-0.016805,0.975715,-0.211185,-0.058143,0.053258,-0.028750,0.998167,0,1.00000,-0.02559,60.000,-0.051,300.000,125.000,175.000,125.000,150.000,125.000,125.000,-1,650.000,700.000,50.000,200.000,-1,150.000,150.000,200.000,125.000,1,1,1,1,1,1,1,2,0,1,1,0,2,1,1,1,1
114,-5575.425,5575.423,-180.401,126.988,-0.601817,-0.798618,-0.005027,0.798454,-0.601536,-0.025014,0.016952,-0.019068,0.999674,1,0.00000,0.00000,60.000,0.079,-1,400.000,-1,375.000,-1,325.000,325.000,325.000,300.000,-1,-1,-1,-1,775.000,-1,-1,-1,2,0,2,0,2,0,0,0,0,2,2,2,2,0,2,2,2
115,-5578.329,5579.245,-180.330,127.228,-0.605158,-0.796090,-0.005023,0.795926,-0.604875,-0.025050,0.016904,-0.019157,0.999674,0,0.08000,0.12000,4.800,0.240,-1,400.000,-1,375.000,-1,325.000,325.000,325.000,300.000,-1,-1,-1,-1,775.000,-1,-1,-1,2,0,2,0,2,0,0,0,0,2,2,2,2,0,2,2,2
116,-5584.201,5586.840,-180.191,127.708,-0.611806,-0.790992,-0.005013,0.790829,-0.611521,-0.025120,0.016805,-0.019333,0.999672,0,0.16000,0.24000,9.600,0.480,-1,400.000,-1,375.000,-1,325.000,325.000,325.000,300.000,-1,-1,-1,-1,775.000,-1,-1,-1,2,0,2,0,2,0,0,0,0,2,2,2,2,0,2,2,2
117,-5593.124,5598.142,-179.982,128.292,-0.619845,-0.784709,-0.005001,0.784547,-0.619556,-0.025240,0.016708,-0.019568,0.999669,0,0.24000,0.29226,14.400,0.585,-1,400.000,-1,-1,-1,325.000,325.000,300.000,300.000,-1,-1,-1,-1,775.000,-1,-1,-1,2,0,2,2,2,0,0,0,0,2,2,2,2,0,2,2,2
118,-5605.173,5613.090,-179.706,128.871,-0.627736,-0.778410,-0.004987,0.778248,-0.627443,-0.025421,0.016659,-0.019839,0.999664,0,0.32000,0.28921,19.200,0.578,-1,400.000,-1,-1,-1,325.000,325.000,300.000,300.000,-1,-1,-1,-1,775.000,-1,-1,-1,2,0,2,2,2,0,0,0,0,2,2,2,2,0,2,2,2
119,-5620.421,5631.625,-179.363,129.442,-0.635464,-0.772114,-0.004970,0.771951,-0.635164,-0.025660,0.016656,-0.020143,0.999658,0,0.40000,0.28547,24.000,0.571,-1,400.000,-1,-1,-1,325.000,325.000,300.000,300.000,-1,-1,-1,-1,775.000,-1,-1,-1,2,0,2,2,2,0,0,0,0,2,2,2,2,0,2,2,2
120,-5638.934,5653.686,-178.954,130.004,-0.643009,-0.765842,-0.004949,0.765676,-0.642702,-0.025954,0.016696,-0.020478,0.999651,0,0.48000,0.28099,28.800,0.562,-1,400.000,-1,-1,-1,325.000,325.000,300.000,300.000,-1,-1,-1,-1,775.000,-1,-1,-1,2,0,2,2,2,0,0,0,0,2,2,2,2,1,2,2,2
121,-5660.780,5679.214,-178.418,130.555,-0.650355,-0.759612,-0.005206,0.759449,-0.650035,-0.026307,0.016599,-0.021062,0.999640,0,0.56000,0.27571,33.600,0.551,-1,400.000,-1,-1,-1,325.000,325.000,300.000,300.000,-1,-1,-1,-1,825.000,-1,-1,-1,2,0,2,2,2,0,0,0,0,2,2,2,2,1,2,2,2
122,-5686.021,5708.153,-177.780,131.094,-0.657481,-0.753450,-0.005622,0.753292,-0.657143,-0.026716,0.016435,-0.021800,0.999627,0,0.64000,0.26956,38.400,0.539,-1,400.000,-1,-1,-1,325.000,325.000,300.000,300.000,-1,-1,-1,-1,850.000,-1,-1,-1,2,0,2,2,2,0,0,0,0,2,2,2,2,1,2,2,2
123,-5714.713,5740.448,-177.070,131.619,-0.664363,-0.747386,-0.006050,0.747233,-0.664007,-0.027173,0.016291,-0.022574,0.999612,0,0.72000,0.26245,43.200,0.525,-1,400.000,-1,-1,-1,325.000,725.000,300.000,300.000,-1,-1,-1,-1,875.000,-1,-1,-1,2,0,2,2,2,0,1,0,0,2,2,2,2,1,2,2,2
124,-5746.911,5776.048,-176.289,132.128,-0.670978,-0.741449,-0.006481,0.741301,-0.670602,-0.027668,0.016168,-0.023369,0.999596,0,0.80000,0.25429,48.000,0.509,975.000,400.000,-1,-1,-1,325.000,750.000,300.000,300.000,-1,-1,-1,-1,850.000,-1,-1,-1,1,0,2,2,2,0,1,0,0,2,2,2,2,1,2,2,2
125,-5782.662,5814.902,-175.438,132.618,-0.677301,-0.735674,-0.006903,0.735530,-0.676905,-0.028191,0.016067,-0.024171,0.999579,0,0.88000,0.24498,52.800,0.490,950.000,400.000,-1,-1,-1,325.000,750.000,300.000,300.000,-1,-1,-1,-1,850.000,-1,-1,-1,1,0,2,2,2,0,1,0,0,2,2,2,2,1,2,2,2
126,-5822.007,5856.970,-179.876,133.086,-0.683101,-0.730314,-0.003710,0.730324,-0.683092,-0.003512,0.000030,-0.005108,0.999987,0,0.96000,0.23441,57.600,0.469,875.000,350.000,-1,-1,-1,300.000,675.000,325.000,250.000,-1,-1,-1,-1,775.000,-1,975.000,-1,1,0,2,2,2,1,1,0,0,2,2,2,2,1,2,1,2
127,-5863.334,5900.470,-186.557,133.531,-0.688940,-0.724819,0.000363,0.724460,-0.688583,0.031807,-0.022804,0.022176,0.999494,0,1.00000,0.22247,60.000,0.445,800.000,300.000,-1,950.000,-1,300.000,600.000,350.000,200.000,-1,-1,-1,-1,700.000,-1,850.000,-1,1,0,2,1,2,1,1,0,0,2,2,2,2,1,2,1,2
128,-5904.983,5943.662,-193.142,133.951,-0.694935,-0.719061,0.004043,0.717644,-0.693191,0.066883,-0.045290,0.049381,0.997753,0,1.00000,0.20957,60.000,0.419,725.000,275.000,-1,875.000,-1,300.000,525.000,375.000,375.000,-1,-1,-1,-1,600.000,1000.000,750.000,-1,1,1,2,1,2,1,1,0,1,2,2,2,2,1,1,1,2
129,-5947.091,5986.409,-199.578,134.555,-0.703666,-0.710497,0.006882,0.707338,-0.699554,0.101480,-0.067287,0.076276,0.994814,0,1.00000,0.30239,60.000,0.605,650.000,275.000,1000.000,800.000,-1,275.000,450.000,425.000,450.000,-1,-1,-1,-1,550.000,900.000,625.000,-1,1,1,1,1,2,1,1,0,1,2,2,2,2,1,1,1,2
130,-5989.639,6028.719,-205.872,135.141,-0.712525,-0.701586,0.009297,0.696005,-0.705055,0.135921,-0.088806,0.103318,0.990676,0,1.00000,0.29301,60.000,0.586,600.000,275.000,875.000,725.000,925.000,275.000,400.000,475.000,500.000,-1,-1,-1,-1,475.000,825.000,375.000,925.000,1,1,1,1,1,1,1,0,1,2,2,2,2,1,1,0,1
131,-6032.607,6070.603,-212.076,135.706,-0.721450,-0.692373,0.011366,0.683736,-0.709660,0.169965,-0.109613,0.130392,0.985385,0,1.00000,0.28255,60.000,0.565,525.000,250.000,750.000,600.000,825.000,250.000,350.000,550.000,550.000,-1,-1,0.000,-1,425.000,725.000,250.000,800.000,1,1,1,1,1,1,1,0,1,2,2,0,2,1,1,0,1
132,-6075.975,6112.075,-218.170,136.248,-0.730378,-0.682920,0.012999,0.670612,-0.713341,0.203528,-0.129720,0.157369,0.978983,0,1.00000,0.27086,60.000,0.542,475.000,250.000,650.000,475.000,725.000,225.000,300.000,625.000,625.000,-1,-1,0.000,800.000,375.000,650.000,175.000,700.000,1,1,1,1,1,1,1,0,1,2,2,0,0,1,1,0,1
133,3607.634,9511.016,134.707,-12.650,0.973122,0.218987,-0.071265,-0.218568,0.975725,0.013720,0.072540,0.002225,0.997363,1,0.00000,0.00000,60.000,0.516,-1,525.000,-1,250.000,225.000,350.000,250.000,275.000,500.000,-1,125.000,300.000,-1,-1,325.000,-1,225.000,2,0,2,1,1,1,1,0,0,2,0,0,2,2,1,2,1
134,3612.322,9509.984,135.182,-12.410,0.973963,0.214899,-0.072216,-0.214373,0.976636,0.015049,0.073763,0.000824,0.997275,0,0.08000,0.12000,4.800,0.240,-1,525.000,-1,250.000,225.000,350.000,250.000,275.000,500.000,-1,125.000,300.000,-1,-1,325.000,-1,225.000,2,0,2,1,1,1,1,0,0,2,0,0,2,2,1,2,1
135,3621.715,9507.999,136.133,-11.930,0.975589,0.206709,-0.074140,-0.205962,0.978400,0.017667,0.076190,-0.001966,0.997091,0,0.16000,0.24000,9.600,0.480,-1,525.000,-1,250.000,200.000,350.000,250.000,275.000,500.000,-1,125.000,275.000,-1,-1,350.000,-1,200.000,2,0,2,1,1,1,1,0,0,2,0,0,2,2,1,2,1
