timestep,x_cm,y_cm,z_cm,yaw_deg,basis_xx,basis_xy,basis_xz,basis_yx,basis_yy,basis_yz,basis_zx,basis_zy,basis_zz,teleport_flag,throttle_cmd,steering_cmd,cmd_move_cm,cmd_turn_deg,lidar_cm_0,lidar_cm_1,lidar_cm_2,lidar_cm_3,lidar_cm_4,lidar_cm_5,lidar_cm_6,lidar_cm_7,lidar_cm_8,lidar_cm_9,lidar_cm_10,lidar_cm_11,lidar_cm_12,lidar_cm_13,lidar_cm_14,lidar_cm_15,lidar_cm_16,lidar_class_0,lidar_class_1,lidar_class_2,lidar_class_3,lidar_class_4,lidar_class_5,lidar_class_6,lidar_class_7,lidar_class_8,lidar_class_9,lidar_class_10,lidar_class_11,lidar_class_12,lidar_class_13,lidar_class_14,lidar_class_15,lidar_class_16
0,-7541.315,-6235.764,43.187,-66.630,0.396247,0.917964,0.018210,-0.917107,0.396664,-0.039658,-0.043628,-0.000986,0.999047,1,0.08000,0.12000,4.800,0.240,-1,400.000,-1,400.000,-1,325.000,325.000,300.000,300.000,-1,-1,-1,-1,750.000,725.000,-1,-1,2,0,2,0,2,0,0,0,0,2,2,2,2,0,0,2,2
1,-7537.434,-6244.545,42.765,-66.150,0.403930,0.914609,0.018219,-0.913748,0.404340,-0.039662,-0.043642,-0.000627,0.999047,0,0.16000,0.24000,9.600,0.480,-1,400.000,-1,400.000,-1,325.000,325.000,300.000,300.000,-1,-1,-1,-1,750.000,725.000,-1,-1,2,0,2,0,2,0,0,0,0,2,2,2,2,0,0,2,2
2,-7531.446,-6257.641,42.129,-65.430,0.415401,0.909456,0.018228,-0.908590,0.415801,-0.039672,-0.043659,-0.000082,0.999046,0,0.24000,0.36000,14.400,0.720,-1,400.000,-1,400.000,-1,325.000,325.000,300.000,300.000,-1,-1,-1,-1,750.000,725.000,-1,-1,2,0,2,0,2,0,0,0,0,2,2,2,2,0,0,2,2
3,-7523.171,-6274.966,41.279,-64.470,0.430595,0.902361,0.018234,-0.901488,0.430980,-0.039693,-0.043676,0.000654,0.999046,0,0.32000,0.48000,19.200,0.960,-1,400.000,-1,400.000,-1,325.000,325.000,300.000,300.000,-1,-1,-1,-1,750.000,700.000,-1,-1,2,0,2,0,2,0,0,0,0,2,2,2,2,0,0,2,2
4,-7512.377,-6296.401,40.213,-63.270,0.449416,0.893137,0.018229,-0.892254,0.449783,-0.039731,-0.043685,0.001591,0.999044,0,0.40000,0.60000,24.000,1.200,-1,400.000,-1,375.000,-1,325.000,325.000,300.000,300.000,-1,-1,-1,-1,725.000,700.000,-1,-1,2,0,2,0,2,0,0,0,0,2,2,2,2,0,0,2,2
5,-7498.781,-6321.790,38.929,-61.830,0.471741,0.881549,0.018207,-0.880655,0.472084,-0.039797,-0.043678,0.002740,0.999042,0,0.48000,0.72000,28.800,1.440,-1,400.000,-1,375.000,-1,325.000,325.000,300.000,300.000,-1,-1,-1,-1,725.000,700.000,-1,-1,2,0,2,0,2,0,0,0,0,2,2,2,2,0,0,2,2
6,-7482.174,-6350.999,37.446,-60.379,0.493934,0.869309,0.018190,-0.868406,0.494253,-0.039806,-0.043595,0.003865,0.999042,0,0.56000,0.72549,33.600,1.451,-1,400.000,-1,375.000,-1,325.000,325.000,300.000,300.000,-1,-1,-1,-1,725.000,700.000,-1,-1,2,0,2,0,2,0,0,0,0,2,2,2,2,0,0,2,2
7,-7462.355,-6383.890,35.796,-58.928,0.515806,0.856512,0.018231,-0.855608,0.516105,-0.039639,-0.043361,0.004847,0.999048,0,0.64000,0.72549,38.400,1.451,-1,400.000,-1,375.000,-1,325.000,325.000,300.000,300.000,-1,-1,-1,-1,725.000,700.000,-1,-1,2,0,2,0,2,0,0,0,0,2,2,2,2,0,0,2,2
8,-7440.330,-6418.431,34.064,-57.477,0.537341,0.843164,0.018391,-0.842259,0.537625,-0.039490,-0.043184,0.005730,0.999051,0,0.68276,0.72549,40.966,1.451,-1,400.000,-1,375.000,-1,325.000,325.000,300.000,300.000,-1,-1,-1,-1,725.000,700.000,-1,-1,2,0,2,0,2,0,0,0,0,2,2,2,2,0,0,2,2
9,-7417.438,-6452.404,32.329,-56.026,0.558533,0.829276,0.018520,-0.828368,0.558800,-0.039345,-0.042977,0.006634,0.999054,0,0.68276,0.72549,40.966,1.451,-1,400.000,-1,375.000,-1,325.000,325.000,300.000,300.000,-1,-1,-1,-1,725.000,700.000,-1,-1,2,0,2,0,2,0,0,0,0,2,2,2,2,0,0,2,2
10,-7393.693,-6485.786,30.618,-54.575,0.579364,0.814855,0.018654,-0.813952,0.579616,-0.039081,-0.042658,0.007459,0.999062,0,0.68276,0.72549,40.966,1.451,-1,400.000,-1,375.000,-1,325.000,325.000,300.000,300.000,-1,-1,-1,-1,725.000,700.000,-1,-1,2,0,2,0,2,0,0,0,0,2,2,2,2,0,0,2,2
11,-7369.110,-6518.556,29.048,-53.124,0.599815,0.799915,0.018922,-0.799042,0.600063,-0.038166,-0.041884,0.007773,0.999092,0,0.68276,0.72549,40.966,1.451,-1,400.000,-1,375.000,-1,325.000,325.000,300.000,300.000,-1,-1,-1,-1,725.000,700.000,-1,-1,2,0,2,0,2,0,0,0,0,2,2,2,2,0,0,2,2
12,-7343.705,-6550.693,27.479,-51.673,0.619882,0.784462,0.019120,-0.783619,0.620124,-0.037244,-0.041073,0.008104,0.999123,0,0.68276,0.72549,40.966,1.451,-1,400.000,-1,375.000,-1,325.000,325.000,300.000,300.000,-1,-1,-1,-1,725.000,700.000,-1,-1,2,0,2,0,2,0,0,0,0,2,2,2,2,0,0,2,2
13,-7317.495,-6582.176,25.910,-50.222,0.639553,0.768506,0.019246,-0.767693,0.639787,-0.036321,-0.040227,0.008454,0.999155,0,0.68276,0.72549,40.966,1.451,-1,400.000,-1,375.000,-1,325.000,325.000,300.000,300.000,-1,-1,-1,-1,725.000,700.000,-1,-1,2,0,2,0,2,0,0,0,0,2,2,2,2,0,0,2,2
14,-7290.496,-6612.986,24.368,-48.771,0.658821,0.752056,0.019174,-0.751275,0.659039,-0.035407,-0.039264,0.008922,0.999189,0,0.68276,0.72549,40.966,1.451,-1,400.000,-1,375.000,-1,325.000,325.000,300.000,300.000,-1,-1,-1,-1,725.000,700.000,-1,-1,2,0,2,0,2,0,0,0,0,2,2,2,2,0,0,2,2
15,-7262.725,-6643.102,22.854,-47.320,0.677671,0.735123,0.018888,-0.734374,0.677867,-0.034515,-0.038176,0.009518,0.999226,0,0.68276,0.72549,40.966,1.451,-1,400.000,-1,375.000,-1,325.000,325.000,300.000,300.000,-1,-1,-1,-1,725.000,700.000,-1,-1,2,0,2,0,2,0,0,0,0,2,2,2,2,0,0,2,2
16,-7234.201,-6672.505,21.376,-45.869,0.696089,0.717717,0.018504,-0.716994,0.696260,-0.033804,-0.037145,0.010264,0.999257,0,0.68276,0.72549,40.966,1.451,-1,400.000,-1,375.000,-1,325.000,325.000,300.000,300.000,-1,-1,-1,-1,725.000,700.000,-1,-1,2,0,2,0,2,0,0,0,0,2,2,2,2,0,0,2,2
17,-7204.941,-6701.177,19.912,-44.418,0.714062,0.699850,0.018044,-0.699151,0.714204,-0.033168,-0.036100,0.011069,0.999287,0,0.68276,0.72549,40.966,1.451,-1,400.000,-1,375.000,-1,325.000,325.000,300.000,300.000,-1,-1,-1,-1,725.000,700.000,-1,-1,2,0,2,0,2,0,0,0,0,2,2,2,2,0,0,2,2
18,-7176.308,-6728.072,18.512,-43.207,0.728712,0.684595,0.017562,-0.683919,0.728830,-0.032585,-0.035107,0.011734,0.999315,0,0.65473,0.60549,39.284,1.211,-1,400.000,-1,375.000,-1,325.000,325.000,300.000,300.000,-1,-1,-1,-1,725.000,700.000,-1,-1,2,0,2,0,2,0,0,0,0,2,2,2,2,0,0,2,2
19,-7147.141,-6754.553,17.111,-42.236,0.740226,0.672141,0.017057,-0.671490,0.740322,-0.032017,-0.034147,0.012246,0.999342,0,0.65659,0.48549,39.396,0.971,-1,400.000,-1,375.000,-1,325.000,325.000,300.000,300.000,-1,-1,-1,-1,725.000,700.000,-1,-1,2,0,2,0,2,0,0,0,0,2,2,2,2,0,0,2,2
20,-7117.510,-6780.773,15.760,-41.505,0.748750,0.662640,0.016781,-0.662012,0.748835,-0.031410,-0.033380,0.012408,0.999366,0,0.65944,0.36549,39.566,0.731,-1,400.000,-1,375.000,-1,325.000,325.000,300.000,300.000,-1,-1,-1,-1,725.000,700.000,-1,-1,2,0,2,0,2,0,0,0,0,2,2,2,2,0,0,2,2
21,-7087.526,-6806.851,14.417,-41.014,0.754405,0.656200,0.016572,-0.655594,0.754486,-0.030778,-0.032700,0.012354,0.999389,0,0.66229,0.24549,39.738,0.491,-1,375.000,-1,375.000,-1,325.000,325.000,300.000,300.000,-1,-1,-1,-1,725.000,700.000,-1,-1,2,0,2,0,2,0,0,0,0,2,2,2,2,0,0,2,2
22,-7057.298,-6832.910,13.070,-40.763,0.757275,0.652890,0.016382,-0.652308,0.757355,-0.030122,-0.032074,0.012125,0.999412,0,0.66516,0.12549,39.910,0.251,-1,375.000,-1,375.000,-1,325.000,300.000,300.000,300.000,-1,-1,-1,-1,725.000,675.000,-1,-1,2,0,2,0,2,0,0,0,0,2,2,2,2,0,0,2,2
23,-7026.934,-6859.075,11.716,-40.753,0.757401,0.652748,0.016223,-0.652189,0.757484,-0.029436,-0.031503,0.011715,0.999435,0,0.66804,0.00549,40.082,0.011,-1,375.000,-1,375.000,-1,325.000,300.000,300.000,300.000,-1,-1,-1,-1,725.000,675.000,-1,-1,2,0,2,0,2,0,0,0,0,2,2,2,2,0,0,2,2
24,-6996.545,-6885.475,10.395,-40.982,0.754790,0.655774,0.015882,-0.655241,0.754873,-0.028754,-0.030845,0.011297,0.999460,0,0.67093,-0.11451,40.256,-0.229,-1,375.000,-1,375.000,-1,325.000,300.000,300.000,300.000,-1,-1,-1,-1,725.000,675.000,-1,-1,2,0,2,0,2,0,0,0,0,2,2,2,2,0,0,2,2
25,-6966.241,-6912.239,9.196,-41.451,0.749416,0.661932,0.014917,-0.661429,0.749480,-0.028128,-0.029799,0.011213,0.999493,0,0.67383,-0.23451,40.430,-0.469,-1,375.000,-1,375.000,-1,325.000,300.000,300.000,300.000,-1,1000.000,-1,-1,725.000,675.000,-1,-1,2,0,2,0,2,0,0,0,0,2,0,2,2,0,0,2,2
26,-6936.141,-6939.493,8.126,-42.160,0.741172,0.671161,0.014423,-0.670691,0.741238,-0.027218,-0.028959,0.010500,0.999525,0,0.67676,-0.35451,40.605,-0.709,-1,375.000,-1,375.000,-1,325.000,325.000,300.000,300.000,-1,925.000,975.000,-1,725.000,675.000,-1,-1,2,0,2,0,2,0,0,0,0,2,0,0,2,0,0,2,2
27,-6906.368,-6967.363,7.062,-43.109,0.729955,0.683352,0.014007,-0.682914,0.730026,-0.026262,-0.028172,0.009605,0.999557,0,0.67969,-0.47451,40.782,-0.949,-1,375.000,-1,375.000,-1,325.000,325.000,300.000,300.000,-1,875.000,925.000,-1,725.000,675.000,-1,-1,2,0,2,0,2,0,0,0,0,2,0,0,2,0,0,2,2
28,-6877.054,-6995.967,5.983,-44.298,0.715618,0.698360,0.013605,-0.697955,0.715696,-0.025264,-0.027381,0.008584,0.999588,0,0.68264,-0.59451,40.958,-1.189,-1,400.000,-1,375.000,-1,325.000,325.000,300.000,300.000,-1,850.000,875.000,-1,750.000,675.000,-1,-1,2,0,2,0,2,0,0,0,0,2,0,0,2,0,0,2,2
29,-6848.318,-7025.401,4.905,-45.688,0.698459,0.715528,0.013227,-0.715155,0.698544,-0.024292,-0.026621,0.007507,0.999617,0,0.68559,-0.69526,41.135,-1.391,-1,400.000,-1,375.000,-1,325.000,325.000,300.000,300.000,-1,800.000,850.000,-1,750.000,675.000,-1,-1,2,0,2,0,2,0,0,0,0,2,0,0,2,0,0,2,2
30,-6820.185,-7055.652,3.864,-47.077,0.680913,0.732251,0.012877,-0.731902,0.681003,-0.023531,-0.026000,0.006598,0.999640,0,0.68852,-0.69431,41.311,-1.389,-1,400.000,-1,375.000,-1,325.000,325.000,300.000,300.000,-1,800.000,825.000,-1,725.000,675.000,-1,-1,2,0,2,0,2,0,0,0,0,2,0,0,2,1,0,2,2
31,-6792.675,-7086.705,2.811,-48.463,0.662996,0.748517,0.012583,-0.748194,0.663091,-0.022723,-0.025352,0.005650,0.999663,0,0.69143,-0.69319,41.486,-1.386,-1,400.000,-1,375.000,-1,325.000,325.000,300.000,300.000,-1,750.000,825.000,-1,675.000,675.000,-1,-1,2,0,2,0,2,0,0,0,0,2,0,0,2,1,0,2,2
32,-6762.882,-7121.724,1.637,-49.610,0.647885,0.761637,0.012362,-0.761341,0.647986,-0.021774,-0.024594,0.004695,0.999686,0,0.76630,-0.57319,45.978,-1.146,-1,400.000,1000.000,375.000,-1,325.000,300.000,300.000,300.000,-1,725.000,800.000,-1,650.000,675.000,950.000,-1,2,0,1,0,2,0,0,0,0,2,0,0,2,1,0,1,2
33,-6733.526,-7157.356,0.598,-50.516,0.635749,0.771797,0.012363,-0.771542,0.635861,-0.020110,-0.023382,0.003246,0.999721,0,0.76946,-0.45319,46.167,-0.906,-1,400.000,950.000,375.000,-1,325.000,300.000,300.000,300.000,-1,675.000,750.000,-1,625.000,675.000,875.000,-1,2,1,1,0,2,0,0,0,0,2,0,0,2,1,0,1,2
34,-6704.468,-7193.474,-0.340,-51.182,0.626720,0.779143,0.012558,-0.778938,0.626844,-0.017915,-0.021830,0.001446,0.999761,0,0.77260,-0.33319,46.356,-0.666,-1,375.000,925.000,375.000,-1,325.000,300.000,300.000,300.000,-1,650.000,700.000,-1,600.000,675.000,800.000,-1,2,1,1,0,2,0,0,0,0,2,0,0,2,1,0,1,2
35,-6675.563,-7229.954,-1.282,-51.609,0.620897,0.783787,0.012822,-0.783630,0.621030,-0.015693,-0.020263,-0.000304,0.999795,0,0.77574,-0.21319,46.544,-0.426,-1,375.000,875.000,375.000,-1,325.000,300.000,300.000,300.000,-1,600.000,675.000,-1,550.000,675.000,750.000,-1,2,1,1,0,2,0,0,0,0,2,0,0,2,1,0,1,2
36,-6646.659,-7266.677,-2.226,-51.795,0.618340,0.785801,0.013126,-0.785689,0.618476,-0.013450,-0.018688,-0.001996,0.999823,0,0.77888,-0.09319,46.733,-0.186,975.000,375.000,850.000,375.000,-1,325.000,300.000,300.000,300.000,-1,575.000,650.000,-1,525.000,675.000,675.000,-1,1,1,1,0,2,1,0,0,0,2,0,0,2,1,0,1,2
37,-6617.604,-7303.522,-3.166,-51.741,0.619073,0.785219,0.013398,-0.785147,0.619208,-0.011191,-0.017083,-0.003591,0.999848,0,0.78205,0.02681,46.923,0.054,875.000,350.000,800.000,375.000,-1,300.000,300.000,300.000,300.000,-1,550.000,625.000,-1,500.000,675.000,625.000,-1,1,1,1,0,2,1,0,0,0,2,0,0,2,1,0,1,2
38,-6588.240,-7340.369,-3.905,-51.448,0.623093,0.782033,0.013414,-0.781982,0.623222,-0.009940,-0.016133,-0.004296,0.999861,0,0.78526,0.14681,47.116,0.294,800.000,350.000,750.000,375.000,-1,300.000,300.000,300.000,300.000,-1,575.000,650.000,-1,475.000,675.000,575.000,-1,1,1,1,0,2,1,0,0,0,2,0,0,2,1,0,1,2
39,-6558.411,-7377.092,-4.636,-50.914,0.630354,0.776193,0.013385,-0.776159,0.630477,-0.008750,-0.015230,-0.004873,0.999872,0,0.78852,0.26681,47.311,0.534,750.000,325.000,700.000,375.000,-1,275.000,300.000,300.000,300.000,-1,575.000,675.000,-1,450.000,650.000,550.000,-1,1,1,1,0,2,1,0,0,0,2,0,0,2,1,1,1,2
40,-6527.961,-7413.562,-5.371,-50.141,0.640782,0.767607,0.013309,-0.767589,0.640898,-0.007562,-0.014334,-0.005370,0.999883,0,0.79185,0.38681,47.511,0.774,675.000,300.000,650.000,375.000,-1,275.000,300.000,300.000,300.000,-1,600.000,675.000,-1,425.000,600.000,500.000,950.000,1,1,1,0,2,1,1,0,0,2,0,0,2,1,1,1,1
41,-6500.012,-7445.858,-6.034,-49.127,0.654268,0.756148,0.013165,-0.756142,0.654375,-0.006506,-0.013534,-0.005698,0.999892,0,0.71185,0.50681,42.711,1.014,650.000,300.000,600.000,375.000,-1,250.000,275.000,300.000,300.000,-1,625.000,700.000,-1,400.000,550.000,475.000,850.000,1,1,1,1,2,1,1,0,0,2,0,0,2,1,1,1,1
42,-6472.717,-7476.038,-6.644,-47.873,0.670660,0.741650,0.013056,-0.741653,0.670761,-0.005515,-0.012848,-0.005985,0.999900,0,0.67820,0.62681,40.692,1.254,625.000,275.000,550.000,350.000,-1,250.000,275.000,300.000,300.000,-1,650.000,725.000,-1,375.000,500.000,425.000,750.000,1,1,1,1,2,1,1,0,0,2,0,0,2,1,1,1,1
43,-6444.518,-7505.629,-6.840,-46.380,0.689801,0.723920,0.010727,-0.723918,0.689870,-0.004736,-0.010829,-0.004498,0.999931,0,0.68126,0.74681,40.876,1.494,625.000,275.000,525.000,325.000,-1,225.000,250.000,300.000,300.000,-1,650.000,725.000,-1,375.000,450.000,425.000,650.000,1,1,1,1,2,1,1,0,0,2,0,0,2,1,1,1,1
44,-6415.302,-7534.486,-6.753,-44.646,0.711431,0.702724,0.006773,-0.702713,0.711461,-0.004308,-0.007846,-0.001695,0.999968,0,0.68440,0.86681,41.064,1.734,650.000,250.000,475.000,300.000,950.000,225.000,225.000,300.000,300.000,-1,625.000,700.000,-1,350.000,400.000,400.000,550.000,1,1,1,1,1,1,1,0,0,2,0,0,2,1,1,1,1
45,-6384.970,-7562.448,-6.651,-42.672,0.735237,0.677805,0.002603,-0.677793,0.735241,-0.004218,-0.004772,0.001337,0.999988,0,0.68758,0.98681,41.255,1.974,700.000,250.000,450.000,275.000,750.000,200.000,225.000,325.000,300.000,-1,625.000,625.000,-1,325.000,350.000,400.000,475.000,1,1,1,1,1,1,1,0,0,2,0,0,2,1,1,1,1
46,-6353.535,-7589.461,-6.322,-40.672,0.758452,0.651728,-0.001168,-0.651726,0.758442,-0.004377,-0.001967,0.004081,0.999990,0,0.69078,1.00000,41.447,2.000,800.000,225.000,400.000,250.000,575.000,200.000,200.000,325.000,300.000,-1,575.000,550.000,-1,325.000,325.000,400.000,375.000,1,1,1,1,1,1,1,0,0,2,0,0,2,1,1,1,1
47,-6321.028,-7615.478,-5.005,-38.672,0.780721,0.624862,-0.004720,-0.624872,0.780726,-0.000900,0.003122,0.003652,0.999988,0,0.69394,1.00000,41.637,2.000,975.000,225.000,375.000,225.000,475.000,200.000,175.000,325.000,300.000,-1,500.000,475.000,-1,300.000,275.000,400.000,325.000,1,1,1,1,1,1,1,0,0,2,0,0,2,1,1,1,1
48,-6287.483,-7640.456,-0.765,-36.672,0.802022,0.597223,-0.009279,-0.597053,0.802042,0.015982,0.016987,-0.007278,0.999829,0,0.69703,1.00000,41.822,2.000,-1,225.000,375.000,200.000,425.000,200.000,175.000,325.000,325.000,-1,300.000,350.000,-1,300.000,275.000,450.000,300.000,2,1,1,1,1,1,1,0,0,2,0,0,2,1,1,1,1
49,-6252.941,-7664.353,3.859,-34.677,0.822301,0.568845,-0.015364,-0.568150,0.822217,0.034123,0.032043,-0.019330,0.999300,0,0.70003,0.99762,42.002,1.995,-1,225.000,375.000,200.000,400.000,200.000,175.000,325.000,350.000,-1,200.000,275.000,-1,325.000,275.000,525.000,275.000,2,1,1,1,1,1,1,0,0,2,0,0,2,1,1,1,1
50,2295.763,5575.426,40.377,85.729,0.074332,-0.997221,-0.004966,0.996332,0.074476,-0.042137,0.042390,-0.001815,0.999099,1,0.00000,0.00000,42.174,1.988,-1,400.000,-1,400.000,-1,325.000,325.000,300.000,325.000,-1,-1,-1,-1,775.000,750.000,-1,-1,2,0,2,0,2,0,0,0,0,2,2,2,2,0,0,2,2
51,2296.100,5580.214,40.580,85.969,0.070150,-0.997524,-0.004987,0.996635,0.070298,-0.042148,0.042395,-0.002014,0.999099,0,0.08000,0.12000,4.800,0.240,-1,400.000,-1,400.000,-1,325.000,325.000,300.000,325.000,-1,-1,-1,-1,775.000,750.000,-1,-1,2,0,2,0,2,0,0,0,0,2,2,2,2,0,0,2,2
52,2296.695,5589.796,40.984,86.449,0.061781,-0.998077,-0.005033,0.997189,0.061939,-0.042168,0.042399,-0.002414,0.999098,0,0.16000,0.24000,9.600,0.480,-1,400.000,-1,400.000,-1,325.000,325.000,300.000,325.000,-1,-1,-1,-1,775.000,750.000,-1,-1,2,0,2,0,2,0,0,0,0,2,2,2,2,0,0,2,2
53,2297.453,5604.176,41.592,86.983,0.052471,-0.998609,-0.005114,0.997722,0.052641,-0.042191,0.042402,-0.002889,0.999096,0,0.24000,0.26682,14.400,0.534,-1,400.000,-1,400.000,-1,325.000,325.000,300.000,325.000,-1,-1,-1,-1,775.000,750.000,-1,-1,2,0,2,0,2,0,0,0,0,2,2,2,2,0,0,2,2
54,2298.285,5623.358,42.404,87.516,0.043155,-0.999055,-0.005236,0.998168,0.043338,-0.042214,0.042401,-0.003405,0.999095,0,0.32000,0.26682,19.200,0.534,-1,400.000,-1,400.000,-1,325.000,325.000,300.000,325.000,-1,-1,-1,-1,775.000,750.000,-1,-1,2,0,2,0,2,0,0,0,0,2,2,2,2,0,0,2,2
55,2299.102,5647.344,43.420,88.050,0.033833,-0.999413,-0.005402,0.998528,0.034031,-0.042237,0.042396,-0.003965,0.999093,0,0.40000,0.26682,24.000,0.534,-1,400.000,-1,400.000,-1,325.000,325.000,300.000,325.000,-1,-1,-1,-1,775.000,750.000,-1,-1,2,0,2,0,2,0,0,0,0,2,2,2,2,0,0,2,2
56,2299.814,5676.135,44.640,88.583,0.024506,-0.999684,-0.005615,0.998801,0.024722,-0.042257,0.042383,-0.004573,0.999091,0,0.48000,0.26682,28.800,0.534,-1,400.000,-1,400.000,-1,325.000,325.000,300.000,300.000,-1,-1,-1,-1,775.000,750.000,-1,-1,2,0,2,0,2,0,0,0,0,2,2,2,2,0,0,2,2
57,2300.332,5709.731,46.064,89.117,0.015175,-0.999868,-0.005877,0.998987,0.015410,-0.042276,0.042361,-0.005230,0.999089,0,0.56000,0.26682,33.600,0.534,-1,400.000,-1,400.000,-1,325.000,325.000,300.000,300.000,-1,-1,-1,-1,800.000,750.000,-1,-1,2,0,2,0,2,0,0,0,0,2,2,2,2,0,0,2,2
58,2300.566,5748.130,47.689,89.651,0.005840,-0.999964,-0.006191,0.999087,0.006097,-0.042290,0.042327,-0.005939,0.999086,0,0.64000,0.26682,38.400,0.534,-1,400.000,-1,400.000,-1,325.000,325.000,300.000,300.000,-1,-1,-1,-1,800.000,750.000,-1,-1,2,0,2,0,2,0,0,0,0,2,2,2,2,0,0,2,2
59,2300.427,5791.330,49.516,90.184,-0.003497,-0.999972,-0.006559,0.999100,-0.003216,-0.042301,0.042279,-0.006701,0.999083,0,0.72000,0.26682,43.200,0.534,-1,400.000,-1,400.000,-1,325.000,325.000,300.000,300.000,-1,-1,-1,-1,800.000,750.000,-1,-1,2,0,2,0,2,0,0,0,0,2,2,2,2,0,0,2,2
60,2299.826,5839.326,51.543,90.718,-0.012836,-0.999893,-0.006980,0.999026,-0.012529,-0.042306,0.042214,-0.007516,0.999080,0,0.80000,0.26682,48.000,0.534,-1,400.000,-1,400.000,-1,325.000,325.000,300.000,300.000,-1,-1,-1,-1,800.000,750.000,-1,-1,2,0,2,0,2,0,0,0,0,2,2,2,2,0,0,2,2
61,2298.672,5892.114,53.768,91.252,-0.022176,-0.999726,-0.007457,0.998866,-0.021841,-0.042303,0.042128,-0.008386,0.999077,0,0.88000,0.26682,52.800,0.534,-1,400.000,-1,400.000,-1,325.000,325.000,300.000,300.000,-1,-1,-1,-1,800.000,750.000,-1,-1,2,0,2,0,2,0,0,0,0,2,2,2,2,0,0,2,2
62,2296.939,5947.728,56.049,91.785,-0.031513,-0.999471,-0.007977,0.998629,-0.031151,-0.042073,0.041802,-0.009292,0.999083,0,0.92736,0.26682,55.642,0.534,-1,400.000,-1,400.000,-1,325.000,325.000,300.000,300.000,-1,-1,-1,-1,800.000,750.000,-1,-1,2,0,2,0,2,0,0,0,0,2,2,2,2,0,0,2,2
63,2294.688,6003.325,58.300,92.319,-0.040848,-0.999129,-0.008536,0.998307,-0.040458,-0.041779,0.041397,-0.010228,0.999090,0,0.92736,0.26682,55.642,0.534,-1,400.000,-1,400.000,-1,325.000,325.000,300.000,300.000,-1,-1,-1,-1,800.000,775.000,-1,-1,2,0,2,0,2,0,0,0,0,2,2,2,2,0,0,2,2
64,2291.918,6058.915,60.545,92.852,-0.050179,-0.998699,-0.009102,0.997899,-0.049761,-0.041479,0.040972,-0.011165,0.999098,0,0.92766,0.26680,55.660,0.534,-1,400.000,-1,400.000,-1,325.000,325.000,300.000,300.000,-1,-1,-1,-1,800.000,775.000,-1,-1,2,0,2,0,2,0,0,0,0,2,2,2,2,0,0,2,2
65,2288.616,6114.718,62.789,93.386,-0.059497,-0.998182,-0.009676,0.997405,-0.059051,-0.041174,0.040528,-0.012101,0.999105,0,0.93167,0.26659,55.900,0.533,-1,400.000,-1,400.000,-1,325.000,325.000,300.000,300.000,-1,-1,-1,-1,800.000,775.000,-1,-1,2,0,2,0,2,0,0,0,0,2,2,2,2,0,0,2,2
66,2284.780,6170.728,65.034,93.918,-0.068798,-0.997578,-0.010254,0.996826,-0.068326,-0.040863,0.040063,-0.013033,0.999112,0,0.93569,0.26629,56.142,0.533,-1,400.000,-1,400.000,-1,325.000,325.000,300.000,300.000,-1,-1,-1,-1,800.000,775.000,-1,-1,2,0,2,0,2,0,0,0,0,2,2,2,2,0,0,2,2
67,2280.405,6226.941,67.277,94.450,-0.078079,-0.996888,-0.010834,0.996161,-0.077581,-0.040546,0.039579,-0.013958,0.999119,0,0.93972,0.26589,56.383,0.532,-1,400.000,-1,400.000,-1,325.000,325.000,300.000,300.000,-1,-1,-1,-1,800.000,775.000,-1,-1,2,0,2,0,2,0,0,0,0,2,2,2,2,0,0,2,2
68,2275.489,6283.353,69.516,94.981,-0.087334,-0.996114,-0.011412,0.995412,-0.086812,-0.040223,0.039076,-0.014872,0.999126,0,0.94375,0.26540,56.625,0.531,-1,400.000,-1,400.000,-1,325.000,325.000,300.000,300.000,-1,-1,-1,-1,800.000,775.000,-1,-1,2,0,2,0,2,0,0,0,0,2,2,2,2,0,0,2,2
69,2270.028,6339.957,71.751,95.510,-0.096560,-0.995255,-0.011985,0.994580,-0.096014,-0.039895,0.038555,-0.015772,0.999132,0,0.94778,0.26480,56.867,0.530,-1,400.000,-1,400.000,-1,325.000,325.000,300.000,300.000,-1,-1,-1,-1,800.000,775.000,-1,-1,2,0,2,0,2,0,0,0,0,2,2,2,2,0,0,2,2
70,2264.020,6396.749,73.981,96.039,-0.105751,-0.994313,-0.012550,0.993666,-0.105183,-0.039560,0.038015,-0.016654,0.999138,0,0.95181,0.26409,57.109,0.528,-1,400.000,-1,400.000,-1,325.000,325.000,300.000,300.000,-1,-1,-1,-1,800.000,800.000,-1,-1,2,0,2,0,2,0,0,0,0,2,2,2,2,0,0,2,2
71,2257.463,6453.723,76.203,96.565,-0.114903,-0.993290,-0.013104,0.992670,-0.114314,-0.039219,0.037457,-0.017515,0.999145,0,0.95584,0.26326,57.350,0.527,-1,400.000,-1,400.000,-1,325.000,325.000,300.000,300.000,-1,-1,-1,-1,800.000,800.000,-1,-1,2,0,2,0,2,0,0,0,0,2,2,2,2,0,1,2,2
72,2250.355,6510.874,78.417,97.090,-0.124010,-0.992187,-0.013644,0.991595,-0.123402,-0.038870,0.036883,-0.018350,0.999151,0,0.95986,0.26230,57.591,0.525,-1,400.000,-1,400.000,-1,325.000,325.000,300.000,300.000,-1,-1,-1,-1,800.000,750.000,-1,975.000,2,0,2,0,2,0,0,0,0,2,2,2,2,0,1,2,1
73,2242.694,6568.196,80.472,97.612,-0.133046,-0.991016,-0.013637,0.990451,-0.132443,-0.038289,0.036139,-0.018601,0.999174,0,0.96386,0.26121,57.831,0.522,-1,400.000,-1,400.000,-1,325.000,325.000,300.000,300.000,-1,-1,-1,-1,800.000,725.000,-1,900.000,2,0,2,0,2,0,0,0,0,2,2,2,2,1,1,2,1
74,2234.480,6625.682,82.382,98.132,-0.142022,-0.989770,-0.013628,0.989239,-0.141430,-0.037475,0.035164,-0.018804,0.999205,0,0.96784,0.25998,58.070,0.520,-1,400.000,-1,400.000,-1,325.000,325.000,300.000,300.000,-1,-1,-1,-1,775.000,675.000,-1,825.000,2,0,2,0,2,0,0,0,0,2,2,2,2,1,1,2,1
75,2225.711,6683.326,84.218,98.649,-0.150946,-0.988444,-0.013902,0.987956,-0.150357,-0.036545,0.034032,-0.019251,0.999235,0,0.97179,0.25859,58.307,0.517,-1,400.000,-1,400.000,-1,325.000,325.000,300.000,300.000,-1,-1,-1,-1,750.000,625.000,-1,750.000,2,0,2,0,2,0,0,0,0,2,2,2,2,1,1,2,1
76,2216.388,6741.121,86.046,99.163,-0.159801,-0.987048,-0.014164,0.986601,-0.159218,-0.035617,0.032900,-0.019666,0.999265,0,0.97570,0.25703,58.542,0.514,-1,400.000,1000.000,400.000,925.000,325.000,325.000,300.000,300.000,-1,-1,-1,-1,725.000,575.000,-1,675.000,2,0,1,0,1,0,0,0,0,2,2,2,2,1,1,2,1
77,2206.512,6799.059,87.865,99.674,-0.168582,-0.985582,-0.014410,0.985175,-0.168006,-0.034690,0.031769,-0.020044,0.999294,0,0.97957,0.25528,58.774,0.511,-1,400.000,950.000,400.000,750.000,325.000,325.000,300.000,300.000,-1,-1,-1,-1,700.000,525.000,-1,600.000,2,0,1,0,1,0,0,0,0,2,2,2,2,1,1,2,1
78,2196.083,6857.133,89.674,100.181,-0.177282,-0.984051,-0.014637,0.983683,-0.176713,-0.033765,0.030640,-0.020384,0.999323,0,0.98338,0.25333,59.003,0.507,-1,400.000,900.000,400.000,650.000,325.000,325.000,300.000,300.000,-1,-1,-1,-1,700.000,475.000,-1,550.000,2,0,1,1,1,0,0,0,0,2,2,2,2,1,1,2,1
79,2185.104,6915.333,91.473,100.683,-0.185891,-0.982458,-0.014843,0.982127,-0.185333,-0.032843,0.029516,-0.020682,0.999350,0,0.98711,0.25116,59.227,0.502,-1,400.000,875.000,350.000,550.000,325.000,325.000,300.000,300.000,-1,-1,-1,-1,700.000,450.000,-1,475.000,2,1,1,1,1,0,0,0,0,2,2,2,2,1,1,2,1
80,2174.672,6968.751,93.112,101.050,-0.192171,-0.981247,-0.015009,0.980947,-0.191623,-0.032004,0.028528,-0.020874,0.999375,0,0.90711,0.18356,54.427,0.367,-1,375.000,825.000,325.000,475.000,325.000,300.000,300.000,300.000,-1,-1,-1,-1,700.000,400.000,-1,425.000,2,1,1,1,1,1,1,0,0,2,2,2,2,1,1,2,1
81,2164.366,7019.803,94.667,101.412,-0.198363,-0.980012,-0.015144,0.979740,-0.197826,-0.031206,0.027586,-0.021028,0.999398,0,0.86803,0.18123,52.082,0.362,-1,375.000,800.000,300.000,400.000,300.000,275.000,300.000,300.000,-1,-1,-1,-1,775.000,375.000,-1,350.000,2,1,1,1,1,1,1,0,0,2,2,2,2,0,1,2,1
82,2153.706,7070.967,96.214,101.770,-0.204462,-0.978756,-0.015255,0.978512,-0.203937,-0.030410,0.026653,-0.021144,0.999421,0,0.87105,0.17876,52.263,0.358,-1,350.000,775.000,275.000,325.000,275.000,250.000,300.000,300.000,-1,-1,-1,-1,775.000,325.000,-1,300.000,2,1,1,1,1,1,1,0,0,2,2,2,2,0,1,2,1
83,2142.694,7122.235,97.753,102.122,-0.210459,-0.977482,-0.015338,0.977264,-0.209948,-0.029615,0.025728,-0.021222,0.999444,0,0.87396,0.17606,52.438,0.352,-1,325.000,750.000,250.000,275.000,250.000,225.000,300.000,300.000,-1,-1,-1,-1,775.000,300.000,-1,250.000,2,1,1,1,1,1,1,0,0,2,2,2,2,0,1,2,1
84,2131.337,7173.599,99.287,102.468,-0.216354,-0.976195,-0.015311,0.975988,-0.215849,-0.029279,0.025277,-0.021278,0.999454,0,0.87674,0.17308,52.604,0.346,-1,325.000,725.000,225.000,200.000,250.000,200.000,300.000,300.000,-1,-1,-1,-1,775.000,275.000,-1,200.000,2,1,1,1,1,1,1,0,0,2,2,2,2,0,1,2,1
85,2119.634,7225.047,107.599,102.808,-0.223517,-0.974060,-0.035321,0.973643,-0.221441,-0.054622,0.045384,-0.046599,0.997882,0,0.87935,0.16981,52.761,0.340,-1,350.000,875.000,225.000,200.000,250.000,225.000,275.000,375.000,-1,675.000,-1,-1,850.000,275.000,-1,175.000,2,1,1,1,1,1,1,0,0,2,0,2,2,1,1,2,1
86,2107.594,7276.568,115.592,103.140,-0.231335,-0.971361,-0.054244,0.970726,-0.226762,-0.079183,0.064615,-0.070974,0.995383,0,0.88177,0.16620,52.906,0.332,-1,400.000,1000.000,225.000,200.000,275.000,225.000,275.000,425.000,-1,200.000,400.000,-1,850.000,300.000,-1,175.000,2,1,1,1,1,1,1,0,0,2,0,0,2,1,1,2,1
87,2095.232,7328.148,123.992,103.465,-0.239605,-0.968457,-0.068411,0.967097,-0.231874,-0.104676,0.085512,-0.091241,0.992151,0,0.88395,0.16221,53.037,0.324,-1,475.000,-1,225.000,175.000,300.000,225.000,275.000,500.000,700.000,100.000,275.000,-1,850.000,300.000,-1,175.000,2,1,2,1,1,1,1,0,0,0,0,0,2,1,1,2,1
88,2082.556,7379.769,132.075,103.780,-0.248208,-0.965290,-0.081295,0.962967,-0.236745,-0.129019,0.105294,-0.110308,0.988304,0,0.88583,0.15779,53.150,0.316,-1,600.000,-1,250.000,150.000,325.000,250.000,250.000,575.000,500.000,75.000,200.000,-1,875.000,325.000,-1,175.000,2,0,2,1,1,1,1,0,1,0,0,0,2,1,1,2,1
89,-9511.014,6887.288,-35.341,-9.897,0.983904,0.171882,-0.048893,-0.171821,0.985113,0.005469,0.049105,0.003020,0.998789,1,0.00000,0.00000,53.242,0.306,-1,375.000,-1,375.000,-1,300.000,300.000,325.000,325.000,-1,425.000,400.000,-1,650.000,700.000,-1,-1,2,0,2,0,2,0,0,0,0,2,0,0,2,0,0,2,2
90,-9506.287,6886.452,-35.115,-10.026,0.983498,0.174095,-0.049225,-0.174037,0.984724,0.005499,0.049430,0.003158,0.998773,0,0.08000,-0.06439,4.800,-0.129,-1,375.000,-1,375.000,-1,300.000,300.000,325.000,325.000,-1,425.000,400.000,-1,650.000,700.000,-1,-1,2,0,2,0,2,0,0,0,0,2,0,0,2,0,0,2,2
91,-9496.837,6884.760,-34.660,-10.155,0.983071,0.176305,-0.049881,-0.176249,0.984330,0.005559,0.050080,0.003327,0.998740,0,0.16000,-0.06430,9.600,-0.129,-1,375.000,-1,375.000,-1,300.000,300.000,325.000,325.000,-1,425.000,400.000,-1,650.000,700.000,-1,-1,2,0,2,0,2,0,0,0,0,2,0,0,2,0,0,2,2
92,-9482.669,6882.189,-33.977,-10.283,0.982623,0.178511,-0.050861,-0.178456,0.983932,0.005649,0.051052,0.003526,0.998690,0,0.24000,-0.06421,14.400,-0.128,-1,375.000,-1,375.000,-1,300.000,300.000,300.000,325.000,-1,425.000,400.000,-1,650.000,700.000,-1,-1,2,0,2,0,2,0,0,0,0,2,0,0,2,0,0,2,2
93,-9463.785,6878.720,-33.066,-10.411,0.982152,0.180713,-0.052159,-0.180660,0.983529,0.005771,0.052343,0.003755,0.998622,0,0.32000,-0.06413,19.200,-0.128,-1,375.000,-1,375.000,-1,300.000,325.000,300.000,325.000,-1,425.000,400.000,-1,650.000,700.000,-1,-1,2,0,2,0,2,0,0,0,0,2,0,0,2,0,0,2,2
94,-9440.189,6874.330,-31.928,-10.540,0.981658,0.182912,-0.053774,-0.182860,0.983121,0.005927,0.053950,0.004015,0.998536,0,0.40000,-0.06408,24.000,-0.128,-1,375.000,-1,375.000,-1,300.000,325.000,300.000,325.000,-1,400.000,375.000,-1,650.000,725.000,-1,-1,2,0,2,0,2,0,0,0,0,2,0,0,2,0,0,2,2
95,-9411.887,6868.998,-30.565,-10.668,0.981138,0.185112,-0.055700,-0.185060,0.982708,0.006119,0.055870,0.004304,0.998429,0,0.48000,-0.06411,28.800,-0.128,-1,375.000,-1,375.000,-1,300.000,325.000,300.000,325.000,-1,375.000,350.000,-1,650.000,725.000,-1,-1,2,0,2,0,2,0,0,0,0,2,0,0,2,0,0,2,2
96,-9378.881,6862.705,-28.978,-10.796,0.980590,0.187315,-0.057933,-0.187264,0.982289,0.006348,0.058096,0.004624,0.998300,0,0.56000,-0.06425,33.600,-0.129,-1,375.000,-1,375.000,-1,300.000,325.000,300.000,325.000,-1,350.000,325.000,-1,650.000,725.000,-1,-1,2,0,2,0,2,0,0,0,0,2,0,0,2,0,0,2,2
97,-9341.177,6855.427,-27.169,-10.925,0.980012,0.189528,-0.060465,-0.189478,0.981863,0.006615,0.060622,0.004974,0.998148,0,0.64000,-0.06457,38.400,-0.129,-1,375.000,-1,400.000,-1,300.000,325.000,300.000,325.000,-1,325.000,300.000,-1,650.000,750.000,-1,-1,2,0,2,0,2,0,0,0,0,2,0,0,2,0,0,2,2
98,-9298.778,6847.143,-25.141,-11.056,0.979399,0.191758,-0.063291,-0.191708,0.981428,0.006921,0.063443,0.005355,0.997971,0,0.72000,-0.06510,43.200,-0.130,-1,375.000,-1,400.000,-1,300.000,325.000,300.000,300.000,-1,300.000,300.000,-1,675.000,750.000,-1,-1,2,0,2,0,2,0,0,0,0,2,0,0,2,0,0,2,2
99,-9251.690,6837.830,-22.895,-11.187,0.978748,0.194016,-0.066403,-0.193966,0.980981,0.007266,0.066550,0.005768,0.997766,0,0.80000,-0.06594,48.000,-0.132,-1,375.000,-1,400.000,-1,300.000,325.000,300.000,300.000,-1,275.000,275.000,-1,675.000,750.000,-1,-1,2,0,2,0,2,0,0,0,0,2,0,0,2,0,0,2,2
100,-9199.917,6827.465,-19.705,-11.322,0.978125,0.196310,-0.068810,-0.196474,0.980499,0.004439,0.068340,0.009178,0.997620,0,0.88000,-0.06714,52.800,-0.134,-1,375.000,-1,400.000,-1,300.000,325.000,300.000,300.000,-1,300.000,275.000,-1,675.000,775.000,-1,-1,2,0,2,0,2,0,0,0,0,2,0,0,2,0,0,2,2
101,-9147.995,6816.941,-16.373,-11.459,0.977454,0.198655,-0.071560,-0.199084,0.979982,0.001152,0.070356,0.013120,0.997436,0,0.88295,-0.06879,52.977,-0.138,-1,375.000,-1,400.000,-1,300.000,325.000,300.000,300.000,-1,325.000,300.000,-1,700.000,775.000,-1,-1,2,0,2,0,2,0,0,0,0,2,0,0,2,0,0,2,2
102,-9096.092,6806.287,-12.383,-11.601,0.976890,0.201072,-0.072497,-0.201598,0.979468,0.000055,0.071020,0.014561,0.997369,0,0.88308,-0.07079,52.985,-0.142,-1,375.000,-1,400.000,-1,325.000,325.000,300.000,300.000,-1,375.000,350.000,-1,700.000,775.000,-1,-1,2,0,2,0,2,0,0,0,0,2,0,0,2,0,0,2,2
103,-9044.204,6795.497,-8.326,-11.747,0.976289,0.203568,-0.073617,-0.204170,0.978935,-0.000670,0.071930,0.015685,0.997286,0,0.88330,-0.07313,52.998,-0.146,-1,375.000,-1,400.000,-1,325.000,325.000,300.000,300.000,-1,425.000,400.000,-1,700.000,775.000,-1,-1,2,0,2,0,2,0,0,0,0,2,0,0,2,0,0,2,2
104,-8992.326,6784.565,-4.294,-11.900,0.975658,0.206172,-0.074725,-0.206853,0.978371,-0.001405,0.072819,0.016828,0.997203,0,0.88362,-0.07633,53.017,-0.153,-1,375.000,-1,400.000,-1,325.000,325.000,300.000,300.000,-1,475.000,425.000,-1,700.000,800.000,-1,-1,2,0,2,0,2,0,0,0,0,2,0,0,2,0,0,2,2
105,-8940.454,6773.482,-0.286,-12.061,0.974988,0.208926,-0.075821,-0.209689,0.977766,-0.002149,0.073686,0.017994,0.997119,0,0.88404,-0.08080,53.043,-0.162,-1,375.000,-1,400.000,-1,325.000,325.000,300.000,300.000,-1,525.000,475.000,-1,700.000,800.000,-1,-1,2,0,2,0,2,0,0,0,0,2,0,0,2,0,0,2,2
106,-8888.584,6762.237,3.697,-12.233,0.974272,0.211847,-0.076905,-0.212694,0.977114,-0.002902,0.074530,0.019185,0.997034,0,0.88459,-0.08575,53.075,-0.171,-1,375.000,-1,400.000,-1,325.000,325.000,300.000,300.000,-1,550.000,525.000,-1,725.000,800.000,-1,-1,2,0,2,0,2,0,0,0,0,2,0,0,2,0,0,2,2
107,-8836.710,6750.817,7.655,-12.415,0.973507,0.214950,-0.077976,-0.215885,0.976412,-0.003664,0.075349,0.020401,0.996948,0,0.88527,-0.09117,53.116,-0.182,-1,375.000,-1,400.000,-1,325.000,325.000,300.000,300.000,-1,600.000,550.000,-1,725.000,825.000,-1,-1,2,0,2,0,2,0,0,0,0,2,0,0,2,0,0,2,2
108,-8784.873,6739.227,11.585,-12.604,0.972706,0.218165,-0.079033,-0.219190,0.975672,-0.004434,0.076143,0.021636,0.996862,0,0.88527,-0.09451,53.116,-0.189,-1,375.000,-1,400.000,-1,325.000,325.000,300.000,300.000,-1,650.000,575.000,-1,725.000,825.000,-1,-1,2,0,2,0,2,0,0,0,0,2,0,0,2,0,0,2,2
109,-8733.163,6727.487,15.479,-12.792,0.971902,0.221348,-0.080075,-0.222466,0.974927,-0.005211,0.076914,0.022879,0.996775,0,0.88378,-0.09367,53.027,-0.187,-1,375.000,-1,400.000,-1,325.000,325.000,300.000,300.000,-1,675.000,625.000,-1,725.000,825.000,-1,-1,2,0,2,0,2,0,0,0,0,2,0,0,2,0,0,2,2
110,-8681.582,6715.601,19.337,-12.978,0.971092,0.224505,-0.081101,-0.225718,0.974174,-0.005996,0.077661,0.024129,0.996688,0,0.88220,-0.09301,52.932,-0.186,-1,400.000,-1,400.000,-1,325.000,325.000,300.000,300.000,-1,700.000,650.000,-1,750.000,850.000,-1,-1,2,0,2,0,2,0,0,0,0,2,0,0,2,0,0,2,2
111,-8630.137,6703.571,23.159,-13.163,0.970276,0.227643,-0.082112,-0.228953,0.973414,-0.006789,0.078383,0.025387,0.996600,0,0.88055,-0.09251,52.833,-0.185,-1,400.000,-1,400.000,-1,325.000,325.000,300.000,300.000,-1,750.000,675.000,-1,750.000,850.000,-1,-1,2,0,2,0,2,0,0,0,0,2,0,0,2,0,0,2,2
112,-8578.830,6691.399,27.062,-13.347,0.969477,0.230764,-0.082839,-0.232211,0.972631,-0.008147,0.078692,0.027135,0.996530,0,0.87885,-0.09220,52.731,-0.184,-1,400.000,-1,400.000,-1,325.000,325.000,300.000,300.000,-1,800.000,725.000,-1,750.000,850.000,-1,-1,2,0,2,0,2,0,0,0,0,2,0,0,2,0,0,2,2
113,-8527.662,6679.086,30.991,-13.531,0.968707,0.233874,-0.083127,-0.235476,0.971830,-0.009881,0.078474,0.029147,0.996490,0,0.87713,-0.09205,52.628,-0.184,-1,400.000,-1,400.000,-1,325.000,325.000,300.000,300.000,-1,850.000,775.000,-1,775.000,875.000,-1,-1,2,0,2,0,2,0,0,0,0,2,0,0,2,0,0,2,2
114,-8481.151,6667.942,34.559,-13.475,0.968922,0.232916,-0.083308,-0.234640,0.972016,-0.011397,0.078322,0.030590,0.996459,0,0.79713,0.02795,47.828,0.056,-1,400.000,-1,400.000,-1,325.000,325.000,300.000,300.000,-1,900.000,825.000,-1,775.000,875.000,-1,-1,2,0,2,0,2,0,0,0,0,2,0,0,2,0,0,2,2
115,-8436.684,6657.529,38.094,-13.179,0.970153,0.227889,-0.082889,-0.229668,0.973189,-0.012471,0.077824,0.031136,0.996481,0,0.76117,0.14795,45.670,0.296,-1,400.000,-1,400.000,-1,325.000,325.000,300.000,300.000,-1,950.000,875.000,-1,775.000,875.000,-1,-1,2,0,2,0,2,0,0,0,0,2,0,0,2,0,0,2,2
116,-8392.186,6647.547,41.602,-12.643,0.972286,0.218775,-0.082449,-0.220601,0.975269,-0.013619,0.077430,0.031430,0.996502,0,0.76007,0.26795,45.604,0.536,-1,400.000,-1,400.000,-1,325.000,325.000,300.000,300.000,-1,1000.000,925.000,-1,775.000,875.000,-1,-1,2,0,2,0,2,0,0,0,0,2,0,0,2,0,0,2,2
117,-8347.608,6638.180,45.108,-11.868,0.975203,0.205549,-0.082025,-0.207411,0.978142,-0.014775,0.077195,0.031422,0.996521,0,0.75919,0.38795,45.551,0.776,-1,400.000,-1,400.000,-1,325.000,325.000,300.000,300.000,-1,-1,975.000,-1,775.000,875.000,-1,-1,2,0,2,0,2,0,0,0,0,2,2,0,2,0,0,2,2
118,-8302.911,6629.612,48.619,-10.852,0.978738,0.188176,-0.081621,-0.190063,0.981642,-0.015937,0.077124,0.031112,0.996536,0,0.75852,0.50795,45.511,1.016,-1,400.000,-1,400.000,-1,325.000,325.000,300.000,300.000,-1,-1,-1,-1,775.000,875.000,-1,-1,2,0,2,0,2,0,0,0,0,2,2,2,2,0,0,2,2
119,-8258.064,6622.030,52.144,-9.596,0.982669,0.166618,-0.081242,-0.168521,0.985550,-0.017106,0.077218,0.030500,0.996548,0,0.75806,0.62795,45.484,1.256,-1,400.000,-1,400.000,-1,325.000,325.000,300.000,300.000,-1,-1,-1,-1,775.000,875.000,-1,-1,2,0,2,0,2,0,0,0,0,2,2,2,2,0,0,2,2
120,-8213.050,6615.623,55.691,-8.100,0.986723,0.140837,-0.080891,-0.142745,0.989591,-0.018278,0.077475,0.029582,0.996555,0,0.75781,0.74795,45.468,1.496,-1,400.000,-1,400.000,-1,325.000,325.000,300.000,300.000,-1,-1,-1,-1,775.000,875.000,-1,-1,2,0,2,0,2,0,0,0,0,2,2,2,2,0,0,2,2
121,-8167.866,6610.583,59.270,-6.364,0.990571,0.110800,-0.080574,-0.112703,0.993438,-0.019452,0.077890,0.028350,0.996559,0,0.75775,0.86795,45.465,1.736,-1,400.000,-1,400.000,-1,325.000,325.000,300.000,300.000,-1,-1,-1,-1,775.000,875.000,-1,-1,2,0,2,0,2,0,0,0,0,2,2,2,2,0,0,2,2
122,-8122.526,6607.103,62.886,-4.388,0.993832,0.076484,-0.080294,-0.078372,0.996711,-0.020625,0.078453,0.026791,0.996558,0,0.75788,0.98795,45.473,1.976,-1,400.000,-1,400.000,-1,325.000,325.000,300.000,300.000,-1,-1,-1,-1,775.000,875.000,-1,-1,2,0,2,0,2,0,0,0,0,2,2,2,2,0,0,2,2
123,-8077.075,6605.207,66.541,-2.388,0.995920,0.041655,-0.080051,-0.043528,0.998814,-0.021798,0.079048,0.025194,0.996552,0,0.75819,1.00000,45.491,2.000,-1,400.000,-1,400.000,-1,325.000,325.000,300.000,300.000,-1,-1,-1,-1,775.000,875.000,-1,-1,2,0,2,0,2,0,0,0,0,2,2,2,2,0,0,2,2
124,-8031.565,6604.899,70.236,-0.388,0.996785,0.006771,-0.079836,-0.008632,0.999699,-0.022977,0.079657,0.023592,0.996543,0,0.75851,1.00000,45.511,2.000,-1,400.000,-1,400.000,-1,325.000,325.000,300.000,300.000,-1,-1,-1,-1,775.000,875.000,-1,-1,2,0,2,0,2,0,0,0,0,2,2,2,2,0,0,2,2
125,-7986.053,6606.179,73.968,1.612,0.996425,-0.028123,-0.079663,0.026275,0.999363,-0.024143,0.080291,0.021964,0.996529,0,0.75884,1.00000,45.530,2.000,-1,400.000,-1,400.000,-1,325.000,325.000,300.000,300.000,-1,-1,-1,-1,775.000,875.000,-1,-1,2,0,2,0,2,0,0,0,0,2,2,2,2,0,0,2,2
126,-7940.595,6609.048,77.723,3.612,0.994844,-0.062985,-0.079482,0.061158,0.997809,-0.025224,0.080896,0.020233,0.996517,0,0.75915,1.00000,45.549,2.000,-1,400.000,-1,425.000,-1,325.000,325.000,300.000,300.000,-1,-1,-1,-1,775.000,875.000,-1,-1,2,0,2,0,2,0,0,0,0,2,2,2,2,0,0,2,2
127,-7895.245,6613.503,81.505,5.612,0.992041,-0.097773,-0.079344,0.095967,0.995038,-0.026279,0.081520,0.018456,0.996501,0,0.75946,1.00000,45.568,2.000,-1,400.000,-1,425.000,-1,325.000,325.000,300.000,300.000,-1,-1,-1,-1,775.000,875.000,-1,-1,2,0,2,0,2,0,0,0,0,2,2,2,2,0,0,2,2
128,-7850.061,6619.542,85.138,7.612,0.988054,-0.132443,-0.078790,0.130616,0.991040,-0.027923,0.081782,0.017299,0.996500,0,0.75977,1.00000,45.586,2.000,-1,400.000,-1,400.000,-1,325.000,325.000,300.000,300.000,-1,-1,-1,-1,775.000,875.000,-1,-1,2,0,2,0,2,0,0,0,0,2,2,2,2,0,0,2,2
129,-7804.081,6627.328,88.789,9.612,0.982865,-0.166953,-0.078126,0.165135,0.985838,-0.029220,0.081898,0.015818,0.996515,0,0.77725,1.00000,46.635,2.000,-1,400.000,-1,400.000,-1,325.000,325.000,300.000,300.000,-1,-1,-1,-1,775.000,850.000,-1,-1,2,0,2,0,2,0,0,0,0,2,2,2,2,0,0,2,2
130,-7758.361,6636.723,92.393,11.612,0.976483,-0.201262,-0.077297,0.199493,0.979439,-0.030048,0.081755,0.013922,0.996555,0,0.77792,1.00000,46.675,2.000,-1,400.000,-1,400.000,-1,325.000,325.000,300.000,300.000,-1,-1,-1,-1,775.000,850.000,-1,-1,2,0,2,0,2,0,0,0,0,2,2,2,2,0,0,2,2
131,-7712.956,6647.717,96.035,13.612,0.968900,-0.235327,-0.076506,0.233612,0.971843,-0.030777,0.081595,0.011947,0.996594,0,0.77861,1.00000,46.717,2.000,975.000,400.000,-1,400.000,-1,325.000,325.000,300.000,300.000,-1,-1,-1,-1,775.000,850.000,-1,-1,1,0,2,0,2,0,0,0,0,2,2,2,2,0,0,2,2
132,-7667.923,6660.300,99.714,15.612,0.960126,-0.269107,-0.075760,0.267451,0.963060,-0.031403,0.081412,0.009889,0.996631,0,0.77932,1.00000,46.759,2.000,900.000,400.000,-1,400.000,-1,325.000,325.000,300.000,300.000,-1,-1,-1,-1,775.000,850.000,-1,-1,1,0,2,0,2,0,0,0,0,2,2,2,2,0,0,2,2
133,-7623.314,6674.460,103.431,17.612,0.950170,-0.302559,-0.075062,0.300970,0.953099,-0.031924,0.081200,0.007742,0.996668,0,0.78003,1.00000,46.802,2.000,850.000,400.000,-1,400.000,-1,325.000,325.000,300.000,300.000,-1,-1,-1,-1,775.000,825.000,-1,-1,1,0,2,0,2,0,0,0,0,2,2,2,2,0,0,2,2
134,-7579.187,6690.183,107.184,19.612,0.939045,-0.335642,-0.074417,0.334126,0.941973,-0.032338,0.080953,0.005502,0.996703,0,0.78075,1.00000,46.845,2.000,800.000,400.000,-1,400.000,-1,325.000,325.000,300.000,300.000,-1,-1,-1,-1,775.000,825.000,-1,-1,1,0,2,0,2,0,0,0,0,2,2,2,2,0,0,2,2
135,-7535.594,6707.453,110.974,21.612,0.926765,-0.368316,-0.073830,0.366880,0.929695,-0.032643,0.080662,0.003166,0.996736,0,0.78149,1.00000,46.889,2.000,750.000,400.000,-1,400.000,-1,325.000,325.000,300.000,325.000,-1,-1,-1,-1,775.000,825.000,-1,-1,1,0,2,0,2,0,0,0,0,2,2,2,2,0,0,2,2
136,-7492.589,6726.252,114.800,23.612,0.913342,-0.400539,-0.073307,0.399192,0.916279,-0.032839,0.080323,0.000729,0.996769,0,0.78223,1.00000,46.934,2.000,700.000,400.000,-1,400.000,-1,325.000,325.000,300.000,325.000,-1,-1,-1,-1,775.000,825.000,-1,-1,1,0,2,0,2,0,0,0,0,2,2,2,2,0,0,2,2
