timestep,x_cm,y_cm,z_cm,yaw_deg,basis_xx,basis_xy,basis_xz,basis_yx,basis_yy,basis_yz,basis_zx,basis_zy,basis_zz,teleport_flag,throttle_cmd,steering_cmd,cmd_move_cm,cmd_turn_deg,lidar_cm_0,lidar_cm_1,lidar_cm_2,lidar_cm_3,lidar_cm_4,lidar_cm_5,lidar_cm_6,lidar_cm_7,lidar_cm_8,lidar_cm_9,lidar_cm_10,lidar_cm_11,lidar_cm_12,lidar_cm_13,lidar_cm_14,lidar_cm_15,lidar_cm_16,lidar_class_0,lidar_class_1,lidar_class_2,lidar_class_3,lidar_class_4,lidar_class_5,lidar_class_6,lidar_class_7,lidar_class_8,lidar_class_9,lidar_class_10,lidar_class_11,lidar_class_12,lidar_class_13,lidar_class_14,lidar_class_15,lidar_class_16
0,2951.701,-7543.202,-76.099,28.847,0.867326,-0.481206,0.127224,0.486455,0.873624,-0.011962,-0.105389,0.072264,0.991802,1,0.00000,0.00000,4.800,-0.240,-1,375.000,-1,375.000,-1,300.000,300.000,250.000,300.000,-1,-1,-1,-1,675.000,700.000,-1,-1,2,0,2,0,2,0,0,1,0,2,2,2,2,0,0,2,2
1,2947.506,-7545.535,-75.761,29.087,0.865377,-0.484866,0.126599,0.490062,0.871610,-0.011639,-0.104702,0.072113,0.991886,0,-0.08000,0.12000,-4.800,0.240,-1,375.000,-1,375.000,-1,300.000,300.000,225.000,300.000,-1,-1,-1,-1,675.000,700.000,-1,-1,2,0,2,0,2,0,0,1,0,2,2,2,2,0,0,2,2
2,2939.155,-7550.272,-75.103,29.567,0.861440,-0.492164,0.125280,0.497246,0.867540,-0.010985,-0.103279,0.071758,0.992061,0,-0.16000,0.24000,-9.600,0.480,-1,375.000,-1,375.000,-1,300.000,325.000,225.000,300.000,-1,-1,-1,-1,675.000,700.000,-1,-1,2,0,2,0,2,0,0,1,0,2,2,2,2,0,0,2,2
3,2926.720,-7557.535,-74.157,30.287,0.855441,-0.503051,0.123130,0.507951,0.861328,-0.009994,-0.101028,0.071093,0.992340,0,-0.24000,0.36000,-14.400,0.720,-1,375.000,-1,375.000,-1,325.000,325.000,225.000,300.000,-1,-1,-1,-1,700.000,700.000,-1,-1,2,0,2,0,2,0,0,1,0,2,2,2,2,0,0,2,2
4,2910.304,-7567.495,-72.972,31.247,0.847264,-0.517453,0.119944,0.522089,0.852847,-0.008663,-0.097811,0.069962,0.992743,0,-0.32000,0.48000,-19.200,0.960,-1,375.000,-1,400.000,-1,325.000,325.000,225.000,300.000,-1,-1,1000.000,-1,700.000,725.000,-1,-1,2,0,2,0,2,0,0,1,0,2,2,1,2,0,0,2,2
5,2892.044,-7579.104,-71.779,32.447,0.836721,-0.535258,0.115744,0.539563,0.841915,-0.007095,-0.093649,0.068388,0.993254,0,-0.36060,0.60000,-21.636,1.200,-1,375.000,-1,400.000,-1,325.000,325.000,200.000,300.000,-1,-1,925.000,-1,700.000,725.000,-1,-1,2,0,2,0,2,0,0,1,0,2,2,1,2,0,0,2,2
6,2874.921,-7590.604,-70.775,33.887,0.823509,-0.556303,0.111174,0.560283,0.828282,-0.005594,-0.088972,0.066896,0.993785,0,-0.34377,0.72000,-20.626,1.440,-1,375.000,-1,400.000,-1,325.000,325.000,200.000,300.000,-1,-1,850.000,-1,700.000,750.000,-1,-1,2,0,2,0,2,0,0,1,0,2,2,1,2,0,0,2,2
7,2859.037,-7601.960,-69.035,35.567,0.806865,-0.580255,0.110786,0.584342,0.811488,-0.005550,-0.086681,0.069216,0.993829,0,-0.32541,0.84000,-19.524,1.680,-1,375.000,-1,400.000,-1,325.000,325.000,200.000,300.000,-1,950.000,800.000,-1,725.000,750.000,-1,-1,2,0,2,0,2,0,0,1,0,2,1,1,2,0,0,2,2
8,2844.481,-7613.118,-67.048,37.487,0.787047,-0.606934,0.110395,0.611312,0.791353,-0.007538,-0.082787,0.073418,0.993859,0,-0.30566,0.96000,-18.340,1.920,-1,400.000,-1,400.000,-1,325.000,325.000,200.000,300.000,-1,875.000,725.000,-1,725.000,750.000,-1,-1,2,0,2,0,2,0,0,1,0,2,1,1,2,0,0,2,2
9,2831.293,-7623.977,-64.843,39.487,0.765521,-0.633903,0.110203,0.638724,0.769351,-0.011451,-0.077527,0.079155,0.993843,0,-0.28469,1.00000,-17.081,2.000,-1,400.000,-1,400.000,-1,325.000,325.000,200.000,300.000,-1,800.000,675.000,-1,750.000,775.000,-1,-1,2,0,2,0,2,0,0,1,0,2,1,1,2,0,0,2,2
10,2819.433,-7634.457,-62.852,41.487,0.743058,-0.660076,0.110292,0.665295,0.746430,-0.014984,-0.072435,0.084511,0.993786,0,-0.26375,1.00000,-15.825,2.000,-1,400.000,-1,400.000,-1,325.000,325.000,200.000,300.000,-1,750.000,625.000,-1,775.000,775.000,-1,-1,2,0,2,0,2,0,0,1,0,2,1,1,2,0,0,2,2
11,2808.828,-7644.509,-61.065,43.487,0.719692,-0.685424,0.110622,0.691004,0.722623,-0.018142,-0.067503,0.089496,0.993697,0,-0.24350,1.00000,-14.610,2.000,-1,425.000,-1,425.000,-1,325.000,325.000,200.000,300.000,-1,675.000,600.000,-1,800.000,800.000,-1,-1,2,0,2,0,2,0,0,1,0,2,1,1,2,0,0,2,2
12,2799.399,-7654.091,-59.469,45.487,0.695454,-0.709921,0.111154,0.715828,0.697963,-0.020934,-0.062720,0.094126,0.993583,0,-0.22402,1.00000,-13.441,2.000,-1,425.000,-1,425.000,-1,350.000,350.000,225.000,300.000,-1,650.000,575.000,-1,825.000,800.000,-1,-1,2,0,2,0,2,0,0,1,0,2,1,1,2,0,0,2,2
13,2791.067,-7663.170,-58.051,47.487,0.670377,-0.733542,0.111855,0.739745,0.672481,-0.023372,-0.058076,0.098412,0.993450,0,-0.20535,1.00000,-12.321,2.000,-1,425.000,-1,425.000,-1,350.000,350.000,225.000,300.000,-1,600.000,575.000,-1,850.000,800.000,-1,-1,2,0,2,0,2,0,0,1,0,2,1,1,2,0,0,2,2
14,2783.753,-7671.721,-56.797,49.487,0.644492,-0.756261,0.112691,0.762733,0.646212,-0.025472,-0.053559,0.102369,0.993304,0,-0.18750,1.00000,-11.250,2.000,-1,425.000,-1,425.000,-1,350.000,350.000,225.000,300.000,-1,575.000,575.000,-1,875.000,825.000,-1,-1,2,0,2,0,2,0,0,1,0,2,1,1,2,0,0,2,2
15,2777.378,-7679.723,-55.695,51.487,0.617835,-0.778054,0.113632,0.784770,0.619188,-0.027250,-0.049158,0.106011,0.993149,0,-0.17048,1.00000,-10.229,2.000,-1,450.000,-1,425.000,-1,350.000,350.000,250.000,300.000,-1,550.000,575.000,-1,875.000,825.000,-1,-1,2,0,2,0,2,0,0,1,0,2,1,1,2,0,0,2,2
16,2771.864,-7687.162,-54.732,53.487,0.590437,-0.798899,0.114652,0.805836,0.591442,-0.028723,-0.044863,0.109350,0.992990,0,-0.15427,1.00000,-9.256,2.000,-1,450.000,-1,425.000,-1,350.000,350.000,250.000,300.000,-1,525.000,600.000,-1,900.000,825.000,-1,-1,2,0,2,0,2,0,0,1,0,2,1,1,2,0,0,2,2
17,2767.138,-7694.026,-53.897,55.487,0.562333,-0.818773,0.115725,0.825910,0.563008,-0.029911,-0.040664,0.112398,0.992831,0,-0.13886,1.00000,-8.331,2.000,-1,450.000,-1,425.000,-1,350.000,350.000,250.000,300.000,-1,525.000,625.000,-1,925.000,825.000,-1,-1,2,0,2,0,2,0,0,1,0,2,1,1,2,0,0,2,2
18,2763.127,-7700.309,-53.179,57.487,0.533558,-0.837655,0.116829,0.844973,0.533919,-0.030830,-0.036552,0.115167,0.992673,0,-0.12420,1.00000,-7.452,2.000,-1,450.000,-1,425.000,-1,350.000,350.000,275.000,300.000,-1,525.000,675.000,-1,950.000,825.000,-1,-1,2,0,2,0,2,0,0,1,0,2,1,1,2,0,0,2,2
19,2759.762,-7706.008,-52.565,59.487,0.504147,-0.855526,0.117944,0.863005,0.504212,-0.031501,-0.032519,0.117668,0.992520,0,-0.11026,1.00000,-6.615,2.000,-1,450.000,-1,425.000,-1,375.000,350.000,275.000,300.000,-1,550.000,725.000,-1,975.000,850.000,-1,-1,2,1,2,0,2,0,0,1,0,2,1,1,2,0,0,2,2
20,2756.979,-7711.123,-52.046,61.487,0.474135,-0.872367,0.119047,0.879989,0.473919,-0.031941,-0.028555,0.119904,0.992375,0,-0.09700,1.00000,-5.820,2.000,-1,425.000,-1,425.000,-1,375.000,350.000,275.000,300.000,-1,575.000,775.000,-1,975.000,850.000,-1,-1,2,1,2,0,2,0,0,1,0,2,1,1,2,0,0,2,2
21,2754.713,-7715.655,-51.601,63.487,0.443564,-0.888163,0.120070,0.895904,0.443080,-0.032180,-0.024619,0.121845,0.992244,0,-0.08439,1.00000,-5.064,2.000,475.000,425.000,-1,425.000,-1,375.000,350.000,300.000,300.000,-1,600.000,850.000,-1,975.000,850.000,-1,-1,1,1,2,0,2,0,0,1,0,2,1,1,2,1,0,2,2
22,2752.906,-7719.608,-51.233,65.487,0.412464,-0.902894,0.121059,0.910738,0.411726,-0.032227,-0.020746,0.123546,0.992122,0,-0.07239,1.00000,-4.343,2.000,425.000,400.000,-1,425.000,-1,375.000,350.000,300.000,300.000,-1,675.000,925.000,-1,900.000,850.000,-1,-1,1,1,2,0,2,0,0,1,0,2,1,1,2,1,0,2,2
23,2751.502,-7722.988,-50.935,67.487,0.380872,-0.916543,0.122004,0.924473,0.379895,-0.032097,-0.016931,0.125014,0.992011,0,-0.06094,1.00000,-3.657,2.000,400.000,400.000,-1,425.000,-1,350.000,350.000,325.000,300.000,1000.000,725.000,-1,-1,825.000,850.000,-1,-1,1,1,2,0,2,1,0,1,0,1,1,2,2,1,0,2,2
24,2750.446,-7725.801,-50.700,69.487,0.348825,-0.929096,0.122892,0.937096,0.347621,-0.031806,-0.013169,0.126256,0.991910,0,-0.05003,1.00000,-3.002,2.000,375.000,375.000,-1,425.000,-1,350.000,350.000,350.000,300.000,975.000,800.000,-1,-1,775.000,850.000,-1,-1,1,1,2,0,2,1,0,1,0,1,1,2,2,1,0,2,2
25,2749.687,-7728.058,-50.519,71.487,0.316360,-0.940538,0.123716,0.948592,0.314943,-0.031369,-0.009460,0.127279,0.991822,0,-0.03961,1.00000,-2.377,2.000,375.000,375.000,-1,425.000,-1,350.000,350.000,350.000,300.000,950.000,900.000,1000.000,-1,700.000,850.000,525.000,-1,1,1,2,0,2,1,0,1,0,1,1,0,2,1,0,1,2
26,2750.382,-7725.739,-50.401,73.247,0.287514,-0.949624,0.124702,0.957758,0.285864,-0.031316,-0.005910,0.128438,0.991700,0,0.04039,0.88000,2.423,1.760,350.000,350.000,-1,450.000,-1,325.000,350.000,375.000,300.000,925.000,-1,825.000,-1,675.000,850.000,475.000,-1,1,1,2,0,2,1,0,1,0,1,2,0,2,1,0,1,2
27,2752.276,-7718.771,-50.290,74.767,0.262442,-0.956690,0.125967,0.964945,0.260525,-0.031761,-0.002432,0.129887,0.991526,0,0.12039,0.76000,7.223,1.520,350.000,350.000,-1,450.000,-1,325.000,375.000,375.000,300.000,900.000,-1,675.000,-1,650.000,850.000,450.000,-1,1,1,2,0,2,1,0,1,0,1,2,0,2,1,0,1,2
28,2755.170,-7707.104,-50.143,76.047,0.241265,-0.962034,0.127598,0.970459,0.239030,-0.032777,0.001033,0.131736,0.991284,0,0.20039,0.64000,12.023,1.280,350.000,350.000,-1,450.000,-1,325.000,375.000,375.000,300.000,875.000,-1,550.000,-1,625.000,850.000,425.000,-1,1,1,2,0,2,1,0,1,0,1,2,0,2,1,0,1,2
29,2758.924,-7690.707,-49.935,77.087,0.224070,-0.965912,0.129643,0.974563,0.221460,-0.034398,0.004515,0.134053,0.990964,0,0.28039,0.52000,16.823,1.040,325.000,350.000,-1,450.000,-1,325.000,375.000,400.000,300.000,875.000,900.000,450.000,-1,625.000,850.000,425.000,-1,1,1,2,0,2,1,0,1,0,1,0,0,2,1,0,1,2
30,2763.456,-7669.566,-49.654,77.887,0.210922,-0.968534,0.132112,0.977470,0.207871,-0.036632,0.008017,0.136863,0.990558,0,0.36039,0.40000,21.623,0.800,325.000,350.000,-1,450.000,-1,325.000,375.000,375.000,300.000,900.000,725.000,375.000,-1,650.000,875.000,425.000,-1,1,1,2,0,2,1,0,1,0,1,0,0,2,1,0,1,2
31,2768.741,-7643.678,-49.303,78.447,0.201864,-0.970069,0.134970,0.979346,0.198303,-0.039464,0.011517,0.140149,0.990064,0,0.44039,0.28000,26.423,0.560,325.000,350.000,-1,450.000,-1,325.000,375.000,375.000,300.000,925.000,600.000,300.000,-1,675.000,875.000,400.000,-1,1,1,2,0,2,1,0,1,0,1,0,0,2,1,0,1,2
32,2774.815,-7613.051,-48.910,78.767,0.196919,-0.970637,0.138154,0.980305,0.192778,-0.042875,0.014983,0.143876,0.989482,0,0.52039,0.16000,31.223,0.320,325.000,350.000,-1,450.000,-1,325.000,375.000,375.000,300.000,950.000,500.000,250.000,-1,700.000,900.000,425.000,-1,1,1,2,0,2,1,0,1,0,1,0,0,2,1,0,1,2
33,2781.734,-7577.699,-48.529,78.912,0.195004,-0.970514,0.141689,0.980627,0.190190,-0.046894,0.018563,0.148088,0.988800,0,0.60039,0.07284,36.023,0.146,325.000,350.000,-1,475.000,-1,350.000,400.000,350.000,300.000,1000.000,425.000,225.000,-1,750.000,900.000,-1,-1,1,1,2,0,2,1,0,1,0,1,0,0,2,1,0,2,2
34,2789.445,-7537.611,-48.116,79.097,0.192509,-0.970436,0.145579,0.981036,0.186921,-0.051272,0.022545,0.152689,0.988017,0,0.68039,0.09257,40.823,0.185,325.000,375.000,-1,475.000,-1,350.000,400.000,325.000,300.000,-1,375.000,175.000,-1,825.000,925.000,-1,-1,1,1,2,0,2,1,0,1,0,2,0,0,2,1,0,2,2
35,2797.880,-7492.775,-47.673,79.330,0.189310,-0.970423,0.149802,0.981549,0.182842,-0.055956,0.026911,0.157631,0.987131,0,0.76039,0.11611,45.623,0.232,325.000,400.000,-1,475.000,-1,375.000,400.000,300.000,275.000,-1,325.000,150.000,-1,900.000,925.000,-1,-1,1,1,2,0,2,1,0,1,0,2,0,0,2,1,0,2,2
36,2806.955,-7443.175,-47.197,79.618,0.185264,-0.970493,0.154342,0.982179,0.177811,-0.060894,0.031654,0.162873,0.986139,0,0.84039,0.14394,50.423,0.288,-1,425.000,-1,500.000,-1,375.000,425.000,275.000,275.000,-1,300.000,125.000,925.000,-1,950.000,-1,-1,2,1,2,0,2,1,0,1,0,2,0,0,0,2,0,2,2
37,2816.558,-7388.794,-46.680,79.971,0.180212,-0.970659,0.159200,0.982940,0.171661,-0.066042,0.036775,0.168386,0.985035,0,0.92039,0.17669,55.223,0.353,-1,450.000,-1,500.000,-1,400.000,425.000,275.000,275.000,-1,300.000,125.000,825.000,-1,975.000,-1,-1,2,1,2,0,2,1,0,1,0,2,0,0,0,2,0,2,2
38,2826.547,-7329.632,-46.108,80.401,0.173973,-0.970931,0.164398,0.983842,0.164204,-0.071361,0.042292,0.174156,0.983809,0,1.00000,0.21500,60.000,0.430,-1,475.000,-1,500.000,-1,425.000,450.000,250.000,275.000,-1,275.000,100.000,725.000,-1,1000.000,-1,-1,2,1,2,0,2,1,0,1,0,2,0,0,0,2,0,2,2
39,-6887.276,-9511.020,161.021,-103.279,-0.230256,0.972386,-0.038047,-0.973027,-0.229485,0.023574,0.014192,0.042449,0.998998,1,0.00000,0.00000,60.000,0.519,-1,375.000,-1,375.000,750.000,300.000,300.000,300.000,325.000,-1,425.000,475.000,-1,675.000,625.000,-1,850.000,2,0,2,0,1,0,0,0,0,2,0,0,2,0,0,2,1
40,-6888.398,-9515.687,161.085,-103.519,-0.234335,0.971419,-0.037854,-0.972050,-0.233557,0.023875,0.014352,0.042391,0.998998,0,0.08000,-0.12000,4.800,-0.240,-1,375.000,-1,375.000,750.000,300.000,300.000,300.000,325.000,-1,425.000,450.000,-1,675.000,625.000,-1,825.000,2,0,2,0,1,0,0,0,0,2,0,0,2,0,0,2,1
41,-6890.720,-9525.002,161.210,-103.999,-0.242480,0.969433,-0.037459,-0.970045,-0.241688,0.024475,0.014673,0.042271,0.998998,0,0.16000,-0.24000,9.600,-0.480,-1,375.000,-1,375.000,750.000,300.000,300.000,300.000,325.000,-1,425.000,450.000,-1,675.000,625.000,-1,825.000,2,0,2,0,1,0,0,0,0,2,0,0,2,0,0,2,1
42,-6894.379,-9538.930,161.390,-104.719,-0.254666,0.966327,-0.036841,-0.966910,-0.253853,0.025366,0.015160,0.042081,0.998999,0,0.24000,-0.36000,14.400,-0.720,-1,375.000,-1,375.000,750.000,300.000,300.000,300.000,325.000,-1,400.000,425.000,-1,675.000,625.000,-1,800.000,2,0,2,0,1,0,0,0,0,2,0,0,2,0,0,2,1
43,-6899.568,-9557.416,161.617,-105.679,-0.270850,0.961949,-0.035972,-0.962492,-0.270010,0.026539,0.015816,0.041811,0.999000,0,0.32000,-0.48000,19.200,-0.960,-1,375.000,-1,375.000,750.000,300.000,300.000,300.000,325.000,-1,375.000,425.000,-1,675.000,625.000,-1,775.000,2,0,2,0,1,0,0,0,0,2,0,0,2,0,0,2,1
44,-6906.537,-9580.382,161.881,-106.879,-0.290971,0.956098,-0.034816,-0.956587,-0.290101,0.027978,0.016650,0.041446,0.999002,0,0.40000,-0.60000,24.000,-1.200,-1,375.000,-1,375.000,725.000,300.000,300.000,300.000,325.000,-1,350.000,400.000,-1,675.000,625.000,-1,750.000,2,0,2,0,1,0,0,0,0,2,0,0,2,0,0,2,1
45,-6915.589,-9607.723,162.169,-108.319,-0.314945,0.948525,-0.033327,-0.948946,-0.314042,0.029661,0.017668,0.040968,0.999004,0,0.48000,-0.72000,28.800,-1.440,-1,375.000,-1,375.000,725.000,300.000,300.000,300.000,325.000,-1,325.000,375.000,-1,675.000,625.000,-1,725.000,2,0,2,0,1,0,0,0,0,2,0,0,2,0,0,2,1
46,-6927.080,-9639.297,162.468,-109.999,-0.342658,0.938933,-0.031452,-0.939270,-0.341724,0.031557,0.018882,0.040355,0.999007,0,0.56000,-0.84000,33.600,-1.680,-1,375.000,-1,375.000,700.000,300.000,300.000,300.000,325.000,-1,300.000,350.000,-1,675.000,625.000,-1,700.000,2,0,2,0,1,0,0,0,0,2,0,0,2,0,0,2,1
47,-6941.415,-9674.921,162.760,-111.919,-0.373963,0.926986,-0.029131,-0.927221,-0.373002,0.033622,0.020301,0.039585,0.999010,0,0.64000,-0.96000,38.400,-1.920,-1,375.000,-1,375.000,700.000,300.000,300.000,300.000,325.000,-1,300.000,325.000,-1,675.000,625.000,-1,675.000,2,0,2,0,1,0,0,0,0,2,0,0,2,0,1,2,1
48,-6958.931,-9714.412,163.227,-113.919,-0.406123,0.913412,-0.027255,-0.913566,-0.405130,0.035586,0.021462,0.039352,0.998995,0,0.72000,-1.00000,43.200,-2.000,-1,375.000,-1,375.000,675.000,300.000,300.000,300.000,325.000,-1,275.000,300.000,-1,650.000,600.000,-1,625.000,2,0,2,0,1,0,0,0,0,2,0,0,2,0,1,2,1
49,-6979.911,-9757.584,164.020,-115.919,-0.437789,0.898685,-0.026582,-0.898809,-0.436745,0.037360,0.021965,0.040248,0.998948,0,0.80000,-1.00000,48.000,-2.000,-1,375.000,-1,375.000,650.000,300.000,300.000,300.000,325.000,-1,300.000,325.000,-1,650.000,575.000,-1,600.000,2,0,2,0,1,0,0,0,0,2,0,0,2,0,1,2,1
50,-7004.632,-9804.240,165.251,-117.919,-0.468996,0.882803,-0.026483,-0.882872,-0.467794,0.041297,0.024069,0.042750,0.998796,0,0.88000,-1.00000,52.800,-2.000,-1,375.000,-1,375.000,625.000,300.000,300.000,300.000,325.000,-1,300.000,325.000,-1,650.000,525.000,-1,550.000,2,0,2,0,1,0,0,0,0,2,0,0,2,0,1,2,1
51,-7033.360,-9854.165,166.606,-119.919,-0.499653,0.865832,-0.026123,-0.865813,-0.498256,0.045919,0.026742,0.045561,0.998604,0,0.96000,-1.00000,57.600,-2.000,-1,375.000,925.000,375.000,575.000,300.000,300.000,300.000,300.000,-1,325.000,325.000,-1,675.000,500.000,-1,500.000,2,0,1,0,1,0,0,0,0,2,0,0,2,0,1,2,1
52,-7064.235,-9903.736,167.945,-121.919,-0.529700,0.847804,-0.025399,-0.847672,-0.528101,0.050623,0.029505,0.048345,0.998395,0,0.97331,-1.00000,58.398,-2.000,-1,375.000,800.000,350.000,550.000,300.000,300.000,300.000,300.000,-1,325.000,325.000,-1,675.000,450.000,-1,475.000,2,0,1,1,1,0,0,0,0,2,0,0,2,0,1,2,1
53,-7097.075,-9952.573,169.742,-123.919,-0.559019,0.828817,-0.023643,-0.828578,-0.557340,0.053210,0.030924,0.049335,0.998303,0,0.98085,-1.00000,58.851,-2.000,-1,375.000,700.000,325.000,500.000,300.000,300.000,300.000,300.000,-1,350.000,350.000,-1,700.000,425.000,-1,425.000,2,0,1,1,1,0,0,0,0,2,0,0,2,0,1,2,1
54,-7131.871,-10000.609,171.620,-125.919,-0.587636,0.808838,-0.021557,-0.808488,-0.585909,0.055296,0.032095,0.049922,0.998237,0,0.98856,-1.00000,59.314,-2.000,-1,375.000,600.000,300.000,450.000,300.000,300.000,300.000,300.000,-1,400.000,375.000,-1,700.000,375.000,-1,375.000,2,0,1,1,1,0,1,0,0,2,0,0,2,0,1,2,1
55,-7168.613,-10047.774,173.595,-127.919,-0.615527,0.787893,-0.018740,-0.787396,-0.613776,0.057327,0.033665,0.050042,0.998180,0,0.99644,-1.00000,59.787,-2.000,-1,375.000,525.000,275.000,425.000,300.000,275.000,325.000,300.000,-1,400.000,400.000,-1,725.000,350.000,-1,325.000,2,0,1,1,1,0,1,0,0,2,0,0,2,0,1,2,1
56,-7207.116,-10093.791,176.192,-129.919,-0.642621,0.766079,-0.012680,-0.765281,-0.640972,0.059163,0.037195,0.047723,0.998168,0,1.00000,-1.00000,60.000,-2.000,-1,375.000,450.000,250.000,375.000,300.000,250.000,300.000,300.000,-1,375.000,425.000,-1,625.000,300.000,-1,300.000,2,0,1,1,1,0,1,0,0,2,0,0,2,1,1,2,1
57,-7247.205,-10138.436,179.871,-131.919,-0.668781,0.743458,-0.001189,-0.742152,-0.667510,0.060329,0.044058,0.041229,0.998178,0,1.00000,-1.00000,60.000,-2.000,-1,400.000,400.000,225.000,350.000,275.000,225.000,300.000,325.000,-1,300.000,375.000,-1,500.000,275.000,875.000,275.000,2,1,1,1,1,1,1,0,0,2,0,0,2,1,1,1,1
58,-7288.828,-10181.653,184.449,-133.919,-0.693847,0.719971,0.014802,-0.718118,-0.693302,0.060331,0.053699,0.031231,0.998069,0,1.00000,-1.00000,60.000,-2.000,-1,325.000,350.000,200.000,325.000,250.000,200.000,300.000,350.000,-1,250.000,325.000,-1,400.000,250.000,725.000,250.000,2,1,1,1,1,1,1,0,0,2,0,0,2,1,1,1,1
59,-7331.934,-10223.391,190.176,-135.919,-0.717701,0.695548,0.033438,-0.693312,-0.718225,0.058921,0.064998,0.019105,0.997702,0,1.00000,-1.00000,60.000,-2.000,-1,275.000,300.000,175.000,325.000,200.000,175.000,275.000,375.000,950.000,200.000,275.000,-1,325.000,225.000,575.000,225.000,2,1,1,1,1,1,1,0,0,0,0,0,2,1,1,1,1
60,-7376.471,-10263.600,196.924,-137.919,-0.740183,0.670174,0.054743,-0.667864,-0.742189,0.055792,0.078021,0.004735,0.996941,0,1.00000,-1.00000,60.000,-2.000,850.000,200.000,250.000,150.000,300.000,175.000,150.000,275.000,425.000,750.000,150.000,225.000,-1,250.000,200.000,450.000,225.000,1,1,1,1,1,1,1,0,0,0,0,0,2,1,1,1,1
61,1639.826,2295.781,-230.759,65.398,0.407034,-0.907026,0.107830,0.907018,0.415303,0.069578,-0.107892,0.069483,0.991732,1,0.00000,0.00000,60.000,-2.000,-1,375.000,-1,300.000,350.000,300.000,275.000,525.000,250.000,325.000,0.000,75.000,-1,650.000,475.000,-1,400.000,2,0,2,0,0,0,0,1,0,1,1,1,2,0,0,2,0
62,9511.010,2295.763,-99.595,88.962,0.018028,-0.999300,-0.032788,0.999835,0.018098,-0.001829,0.002421,-0.032750,0.999461,1,0.00000,0.00000,4.800,-0.240,-1,400.000,-1,400.000,-1,325.000,325.000,325.000,300.000,-1,-1,-1,-1,825.000,925.000,-1,-1,2,0,2,0,2,0,0,0,0,2,2,2,2,0,0,2,2
63,9510.963,2292.356,-99.604,89.202,0.013840,-0.999366,-0.032789,0.999901,0.013912,-0.001975,0.002430,-0.032758,0.999460,0,-0.05679,0.12000,-3.408,0.240,-1,400.000,-1,400.000,-1,325.000,325.000,325.000,300.000,-1,-1,-1,-1,825.000,925.000,-1,-1,2,0,2,0,2,0,0,0,0,2,2,2,2,0,0,2,2
64,9510.943,2288.932,-99.613,89.662,0.005824,-0.999445,-0.032785,0.999980,0.005897,-0.002117,0.002310,-0.032772,0.999460,0,-0.05707,0.22975,-3.424,0.459,-1,400.000,-1,400.000,-1,325.000,325.000,325.000,300.000,-1,-1,-1,-1,825.000,925.000,-1,-1,2,0,2,0,2,0,0,0,0,2,2,2,2,0,0,2,2
65,9510.950,2285.471,-99.621,90.121,-0.002179,-0.999460,-0.032778,0.999995,-0.002106,-0.002261,0.002191,-0.032783,0.999460,0,-0.05767,0.22940,-3.460,0.459,-1,400.000,-1,400.000,-1,325.000,325.000,325.000,300.000,-1,-1,-1,-1,825.000,925.000,-1,-1,2,0,2,0,2,0,0,0,0,2,2,2,2,0,0,2,2
66,9510.985,2281.975,-99.627,90.579,-0.010171,-0.999411,-0.032767,0.999946,-0.010098,-0.002407,0.002074,-0.032790,0.999460,0,-0.05827,0.22906,-3.496,0.458,-1,400.000,-1,400.000,-1,325.000,325.000,325.000,300.000,-1,-1,-1,-1,825.000,925.000,-1,-1,2,0,2,0,2,0,0,0,0,2,2,2,2,0,0,2,2
67,9511.049,2278.444,-99.632,91.036,-0.018150,-0.999299,-0.032753,0.999833,-0.018076,-0.002554,0.001960,-0.032794,0.999460,0,-0.05886,0.22872,-3.532,0.457,-1,400.000,-1,400.000,-1,325.000,325.000,325.000,300.000,-1,-1,-1,-1,825.000,925.000,-1,-1,2,0,2,0,2,0,0,0,0,2,2,2,2,0,0,2,2
68,9511.142,2274.879,-99.636,91.493,-0.026117,-0.999123,-0.032735,0.999657,-0.026042,-0.002702,0.001847,-0.032794,0.999460,0,-0.05945,0.22839,-3.567,0.457,-1,400.000,-1,400.000,-1,325.000,325.000,325.000,300.000,-1,-1,-1,-1,825.000,925.000,-1,-1,2,0,2,0,2,0,0,0,0,2,2,2,2,0,0,2,2
69,9511.265,2271.279,-99.639,91.949,-0.034070,-0.998884,-0.032713,0.999418,-0.033995,-0.002852,0.001737,-0.032791,0.999461,0,-0.06003,0.22806,-3.602,0.456,-1,400.000,-1,400.000,-1,325.000,325.000,325.000,300.000,-1,-1,-1,-1,825.000,925.000,-1,-1,2,0,2,0,2,0,0,0,0,2,2,2,2,0,0,2,2
70,9511.417,2267.645,-99.640,92.405,-0.042010,-0.998582,-0.032688,0.999116,-0.041935,-0.003003,0.001628,-0.032785,0.999461,0,-0.06061,0.22774,-3.637,0.455,-1,400.000,-1,400.000,-1,325.000,325.000,325.000,300.000,-1,-1,-1,-1,825.000,925.000,-1,-1,2,0,2,0,2,0,0,0,0,2,2,2,2,0,0,2,2
71,9511.600,2263.978,-99.641,92.860,-0.049937,-0.998218,-0.032658,0.998751,-0.049860,-0.003155,0.001521,-0.032775,0.999462,0,-0.06119,0.22742,-3.671,0.455,-1,400.000,-1,400.000,-1,325.000,325.000,325.000,300.000,-1,-1,-1,-1,825.000,900.000,-1,-1,2,0,2,0,2,0,0,0,0,2,2,2,2,0,0,2,2
72,9511.815,2260.279,-99.640,93.314,-0.057850,-0.997792,-0.032625,0.998324,-0.057772,-0.003308,0.001416,-0.032762,0.999462,0,-0.06176,0.22711,-3.706,0.454,-1,400.000,-1,400.000,-1,325.000,325.000,325.000,300.000,-1,-1,-1,-1,825.000,900.000,-1,-1,2,0,2,0,2,0,0,0,0,2,2,2,2,0,0,2,2
73,9512.060,2256.547,-99.638,93.767,-0.065748,-0.997304,-0.032587,0.997835,-0.065670,-0.003463,0.001314,-0.032745,0.999463,0,-0.06233,0.22681,-3.740,0.454,-1,400.000,-1,400.000,-1,325.000,325.000,325.000,300.000,-1,-1,-1,-1,825.000,900.000,-1,-1,2,0,2,0,2,0,0,0,0,2,2,2,2,0,0,2,2
74,9512.338,2252.783,-99.635,94.220,-0.073632,-0.996754,-0.032546,0.997285,-0.073553,-0.003618,0.001213,-0.032724,0.999464,0,-0.06290,0.22650,-3.774,0.453,-1,400.000,-1,400.000,-1,325.000,325.000,325.000,300.000,-1,-1,-1,-1,825.000,900.000,-1,-1,2,0,2,0,2,0,0,0,0,2,2,2,2,0,0,2,2
75,9512.648,2248.988,-99.630,94.673,-0.081501,-0.996143,-0.032500,0.996673,-0.081421,-0.003775,0.001114,-0.032700,0.999465,0,-0.06346,0.22621,-3.807,0.452,-1,400.000,-1,400.000,-1,325.000,325.000,325.000,300.000,-1,-1,-1,-1,825.000,900.000,-1,-1,2,0,2,0,2,0,0,0,0,2,2,2,2,0,0,2,2
76,9512.991,2245.163,-99.624,95.125,-0.089355,-0.995471,-0.032450,0.995999,-0.089274,-0.003932,0.001017,-0.032672,0.999466,0,-0.06401,0.22592,-3.841,0.452,-1,400.000,-1,400.000,-1,325.000,325.000,325.000,300.000,-1,-1,-1,-1,825.000,900.000,-1,-1,2,0,2,0,2,0,0,0,0,2,2,2,2,0,0,2,2
77,9513.368,2241.307,-99.617,95.576,-0.097194,-0.994738,-0.032396,0.995265,-0.097112,-0.004090,0.000923,-0.032640,0.999467,0,-0.06456,0.22563,-3.874,0.451,-1,400.000,-1,400.000,-1,325.000,325.000,325.000,300.000,-1,-1,-1,-1,850.000,900.000,-1,-1,2,0,2,0,2,0,0,0,0,2,2,2,2,0,0,2,2
78,9513.778,2237.422,-99.609,96.027,-0.105016,-0.993945,-0.032338,0.994470,-0.104934,-0.004249,0.000830,-0.032605,0.999468,0,-0.06511,0.22535,-3.907,0.451,-1,400.000,-1,400.000,-1,325.000,325.000,325.000,300.000,-1,-1,-1,-1,850.000,900.000,-1,-1,2,0,2,0,2,0,0,0,0,2,2,2,2,0,0,2,2
79,9514.222,2233.508,-99.599,96.477,-0.112823,-0.993091,-0.032275,0.993615,-0.112739,-0.004409,0.000740,-0.032566,0.999469,0,-0.06566,0.22507,-3.939,0.450,-1,400.000,-1,400.000,-1,325.000,325.000,325.000,300.000,-1,-1,-1,-1,850.000,900.000,-1,-1,2,0,2,0,2,0,0,0,0,2,2,2,2,0,0,2,2
80,9514.701,2229.565,-99.588,96.926,-0.120613,-0.992177,-0.032208,0.992699,-0.120528,-0.004569,0.000651,-0.032523,0.999471,0,-0.06620,0.22479,-3.972,0.450,-1,400.000,-1,400.000,-1,325.000,325.000,325.000,300.000,-1,-1,-1,-1,850.000,900.000,-1,-1,2,0,2,0,2,0,0,0,0,2,2,2,2,0,0,2,2
81,9515.215,2225.595,-99.575,97.375,-0.128387,-0.991203,-0.032136,0.991724,-0.128301,-0.004730,0.000565,-0.032477,0.999472,0,-0.06673,0.22452,-4.004,0.449,-1,400.000,-1,400.000,-1,325.000,325.000,325.000,300.000,-1,-1,-1,-1,850.000,900.000,-1,-1,2,0,2,0,2,0,0,0,0,2,2,2,2,0,0,2,2
82,9515.765,2221.596,-99.562,97.824,-0.136143,-0.990170,-0.032059,0.990689,-0.136056,-0.004891,0.000481,-0.032427,0.999474,0,-0.06726,0.22426,-4.036,0.449,-1,400.000,-1,400.000,-1,325.000,325.000,325.000,300.000,-1,-1,-1,-1,850.000,900.000,-1,-1,2,0,2,0,2,0,0,0,0,2,2,2,2,0,0,2,2
83,9516.350,2217.571,-99.547,98.272,-0.143882,-0.989078,-0.031978,0.989595,-0.143794,-0.005052,0.000399,-0.032372,0.999476,0,-0.06779,0.22399,-4.067,0.448,-1,400.000,-1,400.000,-1,325.000,325.000,325.000,300.000,-1,-1,-1,-1,850.000,900.000,-1,-1,2,0,2,0,2,0,0,0,0,2,2,2,2,0,0,2,2
84,9516.971,2213.520,-99.530,98.719,-0.151604,-0.987927,-0.031892,0.988441,-0.151515,-0.005214,0.000318,-0.032314,0.999478,0,-0.06831,0.22373,-4.099,0.447,-1,400.000,-1,400.000,-1,325.000,325.000,325.000,300.000,-1,-1,-1,-1,850.000,900.000,-1,-1,2,0,2,0,2,0,0,0,0,2,2,2,2,0,0,2,2
85,9517.629,2209.442,-99.512,99.166,-0.159307,-0.986717,-0.031802,0.987229,-0.159217,-0.005375,0.000241,-0.032252,0.999480,0,-0.06883,0.22348,-4.130,0.447,-1,400.000,-1,400.000,-1,325.000,325.000,325.000,300.000,-1,-1,-1,-1,850.000,900.000,-1,-1,2,0,2,0,2,0,0,0,0,2,2,2,2,0,0,2,2
86,9518.324,2205.340,-99.493,99.613,-0.166993,-0.985448,-0.031707,0.985958,-0.166901,-0.005537,0.000165,-0.032186,0.999482,0,-0.06935,0.22323,-4.161,0.446,-1,400.000,-1,400.000,-1,325.000,325.000,325.000,300.000,-1,-1,-1,-1,850.000,900.000,-1,-1,2,0,2,0,2,0,0,0,0,2,2,2,2,0,0,2,2
87,9519.056,2201.213,-99.473,100.059,-0.174659,-0.984122,-0.031607,0.984629,-0.174566,-0.005699,0.000091,-0.032116,0.999484,0,-0.06986,0.22298,-4.192,0.446,-1,400.000,-1,400.000,-1,325.000,325.000,325.000,300.000,-1,-1,-1,-1,850.000,900.000,-1,-1,2,0,2,0,2,0,0,0,0,2,2,2,2,0,0,2,2
88,9519.826,2197.062,-99.451,100.505,-0.182314,-0.982736,-0.031502,0.983240,-0.182220,-0.005861,0.000020,-0.032042,0.999487,0,-0.07037,0.22295,-4.222,0.446,-1,400.000,-1,400.000,-1,325.000,325.000,325.000,300.000,-1,-1,-1,-1,850.000,900.000,-1,-1,2,0,2,0,2,0,0,0,0,2,2,2,2,0,0,2,2
89,9520.634,2192.887,-99.428,100.951,-0.189966,-0.981289,-0.031392,0.981791,-0.189870,-0.006023,-0.000050,-0.031964,0.999489,0,-0.07087,0.22317,-4.252,0.446,-1,400.000,-1,400.000,-1,325.000,325.000,325.000,300.000,-1,-1,-1,-1,850.000,900.000,-1,-1,2,0,2,0,2,0,0,0,0,2,2,2,2,0,0,2,2
90,9520.527,2193.424,-99.422,101.238,-0.194873,-0.980326,-0.031400,0.980828,-0.194781,-0.005991,-0.000243,-0.031965,0.999489,0,0.00913,0.14343,0.548,0.287,-1,400.000,-1,400.000,-1,325.000,325.000,325.000,300.000,-1,-1,-1,-1,850.000,875.000,-1,-1,2,0,2,0,2,0,0,0,0,2,2,2,2,0,0,2,2
91,9519.458,2198.664,-99.433,101.525,-0.199767,-0.979336,-0.031529,0.979843,-0.199685,-0.005763,-0.000652,-0.032045,0.999486,0,0.08913,0.14340,5.348,0.287,-1,400.000,-1,400.000,-1,325.000,325.000,325.000,300.000,-1,-1,-1,-1,850.000,875.000,-1,-1,2,0,2,0,2,0,0,0,0,2,2,2,2,0,0,2,2
92,9517.381,2208.597,-99.461,101.811,-0.204640,-0.978321,-0.031786,0.978836,-0.204574,-0.005342,-0.001276,-0.032207,0.999480,0,0.16913,0.14312,10.148,0.286,-1,400.000,-1,400.000,-1,325.000,325.000,325.000,300.000,-1,-1,-1,-1,850.000,875.000,-1,-1,2,0,2,0,2,0,0,0,0,2,2,2,2,0,0,2,2
93,9514.249,2223.213,-99.507,102.096,-0.209483,-0.977283,-0.032176,0.977810,-0.209440,-0.004734,-0.002113,-0.032454,0.999471,0,0.24913,0.14262,14.948,0.285,-1,400.000,-1,400.000,-1,325.000,325.000,325.000,300.000,-1,-1,-1,-1,850.000,875.000,-1,-1,2,0,2,0,2,0,0,0,0,2,2,2,2,0,0,2,2
94,9510.015,2242.501,-99.572,102.380,-0.214289,-0.976223,-0.032704,0.976765,-0.214276,-0.003945,-0.003157,-0.032789,0.999457,0,0.32913,0.14190,19.748,0.284,-1,400.000,-1,400.000,-1,325.000,325.000,325.000,300.000,-1,-1,-1,-1,825.000,875.000,-1,-1,2,0,2,0,2,0,0,0,0,2,2,2,2,0,0,2,2
95,9504.634,2266.452,-99.659,102.662,-0.219051,-0.975142,-0.033374,0.975703,-0.219075,-0.002982,-0.004404,-0.033216,0.999438,0,0.40913,0.14100,24.548,0.282,-1,400.000,-1,400.000,-1,325.000,325.000,325.000,300.000,-1,-1,-1,-1,825.000,875.000,-1,-1,2,0,2,0,2,0,0,0,0,2,2,2,2,0,0,2,2
96,9498.061,2295.054,-99.768,102.942,-0.223764,-0.974044,-0.034190,0.974626,-0.223833,-0.001854,-0.005847,-0.033738,0.999414,0,0.48913,0.13996,29.348,0.280,-1,400.000,-1,400.000,-1,325.000,325.000,325.000,325.000,-1,-1,-1,-1,825.000,875.000,-1,-1,2,0,2,0,2,0,0,0,0,2,2,2,2,0,0,2,2
97,9490.251,2328.297,-99.901,103.219,-0.228423,-0.972927,-0.035156,0.973533,-0.228545,-0.000573,-0.007477,-0.034356,0.999382,0,0.56913,0.13881,34.148,0.278,-1,400.000,-1,400.000,-1,325.000,325.000,325.000,325.000,-1,-1,-1,-1,800.000,850.000,-1,-1,2,0,2,0,2,0,0,0,0,2,2,2,2,0,0,2,2
98,9481.162,2366.170,-100.059,103.495,-0.233026,-0.971794,-0.036273,0.972426,-0.233210,0.000851,-0.009286,-0.035074,0.999342,0,0.64913,0.13762,38.948,0.275,-1,400.000,-1,400.000,-1,325.000,325.000,325.000,325.000,-1,-1,-1,-1,800.000,850.000,-1,-1,2,0,2,0,2,0,0,0,0,2,2,2,2,0,0,2,2
99,9470.751,2408.661,-100.244,103.767,-0.237574,-0.970644,-0.037542,0.971304,-0.237828,0.002403,-0.011261,-0.035894,0.999292,0,0.72913,0.13643,43.748,0.273,-1,400.000,-1,400.000,-1,325.000,325.000,325.000,325.000,-1,-1,-1,-1,800.000,850.000,-1,-1,2,0,2,0,2,0,0,0,0,2,2,2,2,0,0,2,2
100,9459.779,2452.539,-100.442,104.038,-0.242073,-0.969479,-0.038871,0.970168,-0.242403,0.003955,-0.013257,-0.036754,0.999236,0,0.75383,0.13533,45.230,0.271,-1,400.000,-1,400.000,-1,325.000,325.000,325.000,325.000,-1,-1,-1,-1,775.000,850.000,-1,-1,2,0,2,0,2,0,0,0,0,2,2,2,2,0,0,2,2
101,9448.651,2496.170,-100.645,104.307,-0.246534,-0.968300,-0.040209,0.969015,-0.246942,0.005445,-0.015202,-0.037621,0.999176,0,0.75046,0.13445,45.027,0.269,-1,400.000,-1,400.000,-1,325.000,325.000,325.000,325.000,-1,-1,-1,-1,775.000,825.000,-1,-1,2,0,2,0,2,0,0,0,0,2,2,2,2,0,0,2,2
102,9437.372,2539.548,-100.853,104.575,-0.250967,-0.967103,-0.041556,0.967845,-0.251455,0.006873,-0.017096,-0.038495,0.999113,0,0.74700,0.13382,44.820,0.268,-1,400.000,-1,400.000,-1,325.000,325.000,325.000,325.000,-1,-1,-1,-1,750.000,825.000,-1,-1,2,0,2,0,2,0,0,0,0,2,2,2,2,0,0,2,2
103,9425.945,2582.670,-101.470,104.842,-0.255448,-0.965944,-0.041221,0.966656,-0.255963,0.007640,-0.017931,-0.037895,0.999121,0,0.74350,0.13346,44.610,0.267,-1,400.000,-1,400.000,-1,325.000,325.000,325.000,325.000,-1,-1,-1,-1,750.000,825.000,-1,-1,2,0,2,0,2,0,0,0,0,2,2,2,2,0,0,2,2
104,9414.373,2625.534,-102.252,105.108,-0.259923,-0.964785,-0.040382,0.965442,-0.260468,0.008790,-0.018998,-0.036702,0.999146,0,0.73998,0.13335,44.399,0.267,-1,400.000,-1,400.000,-1,325.000,325.000,325.000,325.000,-1,-1,-1,-1,750.000,825.000,-1,-1,2,0,2,0,2,0,0,0,0,2,2,2,2,0,0,2,2
105,9402.658,2668.141,-103.028,105.375,-0.264400,-0.963600,-0.039590,0.964205,-0.264972,0.009889,-0.020019,-0.035559,0.999167,0,0.73648,0.13350,44.189,0.267,-1,400.000,-1,400.000,-1,325.000,325.000,325.000,325.000,-1,-1,-1,-1,750.000,800.000,-1,-1,2,0,2,0,2,0,0,0,0,2,2,2,2,0,0,2,2
106,9390.799,2710.494,-103.967,105.643,-0.268895,-0.962365,-0.039356,0.962952,-0.269477,0.010225,-0.020446,-0.035148,0.999173,0,0.73303,0.13390,43.982,0.268,-1,400.000,-1,400.000,-1,325.000,325.000,325.000,325.000,-1,-1,-1,-1,750.000,800.000,-1,-1,2,0,2,0,2,0,0,0,0,2,2,2,2,0,0,2,2
107,9378.796,2752.596,-104.971,105.912,-0.273399,-0.961091,-0.039454,0.961674,-0.273995,0.010458,-0.020861,-0.035083,0.999167,0,0.72965,0.13455,43.779,0.269,-1,400.000,-1,400.000,-1,325.000,325.000,325.000,325.000,-1,-1,-1,-1,750.000,800.000,-1,-1,2,0,2,0,2,0,0,0,0,2,2,2,2,0,0,2,2
108,9366.649,2794.452,-105.956,106.183,-0.277929,-0.959787,-0.039547,0.960367,-0.278536,0.010657,-0.021244,-0.035018,0.999161,0,0.72639,0.13544,43.583,0.271,-1,400.000,-1,400.000,-1,325.000,325.000,325.000,325.000,-1,-1,-1,-1,725.000,800.000,-1,-1,2,0,2,0,2,0,0,0,0,2,2,2,2,0,0,2,2
109,9354.356,2836.070,-107.045,106.456,-0.282486,-0.958466,-0.039292,0.959020,-0.283113,0.011304,-0.021959,-0.034488,0.999164,0,0.72326,0.13656,43.395,0.273,-1,400.000,-1,400.000,-1,325.000,325.000,325.000,325.000,-1,-1,-1,-1,725.000,800.000,-1,-1,2,0,2,0,2,0,0,0,0,2,2,2,2,0,0,2,2
110,9341.914,2877.457,-108.113,106.732,-0.287085,-0.957110,-0.039028,0.957638,-0.287729,0.011920,-0.022639,-0.033953,0.999167,0,0.72029,0.13791,43.217,0.276,-1,400.000,-1,400.000,-1,325.000,325.000,325.000,325.000,-1,-1,-1,-1,725.000,775.000,-1,-1,2,0,2,0,2,0,0,0,0,2,2,2,2,0,0,2,2
111,9329.320,2918.624,-109.159,107.011,-0.291731,-0.955715,-0.038765,0.956217,-0.292391,0.012492,-0.023274,-0.033424,0.999170,0,0.71749,0.13949,43.050,0.279,-1,375.000,-1,400.000,-1,325.000,325.000,325.000,325.000,-1,-1,-1,-1,700.000,775.000,-1,-1,2,0,2,0,2,0,0,0,0,2,2,2,2,0,0,2,2
112,9316.569,2959.579,-110.182,107.294,-0.296432,-0.954278,-0.038502,0.954756,-0.297106,0.013020,-0.023864,-0.032900,0.999174,0,0.71490,0.14128,42.894,0.283,-1,375.000,-1,400.000,-1,325.000,325.000,325.000,325.000,-1,-1,-1,-1,700.000,775.000,-1,-1,2,0,2,0,2,0,0,0,0,2,2,2,2,0,0,2,2
113,9303.657,3000.334,-111.181,107.580,-0.301195,-0.952796,-0.038238,0.953250,-0.301880,0.013503,-0.024409,-0.032383,0.999177,0,0.71253,0.14329,42.752,0.287,-1,375.000,-1,400.000,-1,325.000,325.000,300.000,325.000,-1,-1,-1,-1,700.000,775.000,-1,-1,2,0,2,0,2,0,0,0,0,2,2,2,2,0,0,2,2
114,9290.577,3040.900,-112.158,107.871,-0.306025,-0.951266,-0.037972,0.951697,-0.306721,0.013942,-0.024909,-0.031871,0.999182,0,0.71038,0.14550,42.623,0.291,-1,375.000,-1,400.000,-1,325.000,325.000,300.000,325.000,-1,-1,-1,-1,700.000,750.000,-1,-1,2,0,2,0,2,0,0,0,0,2,2,2,2,0,0,2,2
115,9277.324,3081.289,-113.112,108.167,-0.310929,-0.949685,-0.037704,0.950094,-0.311633,0.014335,-0.025364,-0.031365,0.999186,0,0.70847,0.14790,42.508,0.296,-1,375.000,-1,400.000,-1,325.000,325.000,300.000,325.000,-1,-1,-1,-1,675.000,750.000,-1,-1,2,0,2,0,2,0,0,0,0,2,2,2,2,0,0,2,2
116,9263.890,3121.514,-114.043,108.468,-0.315913,-0.948049,-0.037432,0.948438,-0.316623,0.014683,-0.025772,-0.030864,0.999191,0,0.70681,0.15050,42.409,0.301,-1,375.000,-1,400.000,-1,300.000,325.000,300.000,325.000,-1,-1,-1,-1,675.000,750.000,-1,-1,2,0,2,0,2,0,0,0,0,2,2,2,2,0,0,2,2
117,9250.268,3161.587,-114.951,108.774,-0.320982,-0.946356,-0.037158,0.946725,-0.321696,0.014985,-0.026135,-0.030368,0.999197,0,0.70541,0.15329,42.325,0.307,-1,375.000,-1,400.000,-1,300.000,325.000,300.000,325.000,-1,-1,-1,-1,675.000,750.000,-1,-1,2,0,2,0,2,0,0,0,0,2,2,2,2,0,0,2,2
118,9235.022,3206.177,-116.046,108.877,-0.322699,-0.945803,-0.036351,0.946143,-0.323396,0.015098,-0.026035,-0.029521,0.999225,0,0.78541,0.05123,47.125,0.102,-1,375.000,-1,375.000,-1,300.000,325.000,300.000,325.000,-1,-1,-1,-1,675.000,725.000,-1,-1,2,0,2,0,2,0,0,0,0,2,2,2,2,0,0,2,2
119,9219.085,3252.498,-117.124,108.986,-0.324544,-0.945205,-0.035465,0.945527,-0.325209,0.014775,-0.025499,-0.028737,0.999262,0,0.81643,0.05472,48.986,0.109,-1,375.000,-1,375.000,-1,300.000,300.000,300.000,325.000,-1,-1,-1,-1,675.000,725.000,-1,-1,2,0,2,0,2,0,0,0,0,2,2,2,2,0,0,2,2
120,9203.061,3298.763,-118.109,109.103,-0.326519,-0.944558,-0.034567,0.944866,-0.327146,0.014238,-0.024757,-0.028012,0.999301,0,0.81603,0.05854,48.962,0.117,-1,375.000,-1,375.000,-1,300.000,300.000,300.000,325.000,-1,-1,-1,-1,675.000,725.000,-1,-1,2,0,2,0,2,0,0,0,0,2,2,2,2,0,0,2,2
121,9186.417,3346.491,-119.089,109.226,-0.328586,-0.943875,-0.033633,0.944171,-0.329174,0.013625,-0.023931,-0.027279,0.999341,0,0.84244,0.06132,50.547,0.123,-1,375.000,-1,375.000,-1,300.000,300.000,300.000,325.000,-1,-1,-1,-1,675.000,725.000,-1,-1,2,0,2,0,2,0,0,0,0,2,2,2,2,0,0,2,2
122,9169.710,3394.062,-120.106,109.351,-0.330702,-0.943171,-0.032630,0.943460,-0.331244,0.012715,-0.022801,-0.026580,0.999387,0,0.84033,0.06264,50.420,0.125,-1,375.000,-1,375.000,-1,300.000,300.000,300.000,325.000,-1,-1,-1,-1,675.000,725.000,-1,-1,2,0,2,0,2,0,0,0,0,2,2,2,2,0,0,2,2
123,9152.937,3441.484,-121.116,109.480,-0.332899,-0.942460,-0.030782,0.942726,-0.333369,0.011514,-0.021113,-0.025186,0.999460,0,0.83836,0.06422,50.301,0.128,-1,375.000,-1,375.000,-1,300.000,300.000,300.000,325.000,-1,-1,-1,-1,675.000,725.000,1000.000,-1,2,0,2,0,2,0,0,0,0,2,2,2,2,0,0,1,2
124,9136.090,3488.766,-122.080,109.612,-0.335147,-0.941720,-0.028975,0.941965,-0.335552,0.010333,-0.019453,-0.023830,0.999527,0,0.83656,0.06604,50.193,0.132,-1,375.000,-1,375.000,-1,300.000,300.000,300.000,325.000,-1,-1,-1,-1,675.000,725.000,950.000,-1,2,0,2,0,2,0,0,0,0,2,2,2,2,1,0,1,2
125,9119.164,3535.916,-123.000,109.748,-0.337454,-0.940949,-0.027210,0.941173,-0.337800,0.009170,-0.017820,-0.022514,0.999588,0,0.83495,0.06811,50.097,0.136,-1,375.000,-1,375.000,-1,300.000,325.000,300.000,325.000,-1,925.000,675.000,-1,650.000,725.000,925.000,-1,2,0,2,0,2,0,0,0,0,2,0,0,2,1,0,1,2
126,9100.313,3587.475,-123.958,110.083,-0.343023,-0.938986,-0.025317,0.939189,-0.343311,0.007910,-0.016118,-0.021064,0.999648,0,0.91495,0.16762,54.897,0.335,-1,375.000,-1,375.000,-1,300.000,325.000,300.000,325.000,-1,825.000,600.000,-1,650.000,725.000,875.000,-1,2,0,2,0,2,0,0,0,0,2,0,0,2,1,0,1,2
127,9079.279,3643.264,-124.944,110.659,-0.352500,-0.935521,-0.023308,0.935702,-0.352732,0.006552,-0.014351,-0.019500,0.999707,0,0.99371,0.28762,59.623,0.575,-1,375.000,-1,375.000,-1,300.000,325.000,300.000,325.000,-1,725.000,500.000,-1,625.000,725.000,850.000,-1,2,0,2,0,2,0,0,0,0,2,0,0,2,1,0,1,2
128,9057.315,3699.099,-125.881,111.474,-0.365836,-0.930435,-0.021335,0.930594,-0.366017,0.005195,-0.012642,-0.017954,0.999759,0,1.00000,0.40762,60.000,0.815,1000.000,375.000,-1,375.000,-1,300.000,325.000,300.000,325.000,-1,625.000,475.000,-1,600.000,725.000,800.000,-1,1,0,2,0,2,0,0,0,0,2,0,0,2,1,0,1,2
129,9034.326,3754.521,-126.763,112.529,-0.382962,-0.923560,-0.019410,0.923699,-0.383100,0.003839,-0.010982,-0.016459,0.999804,0,1.00000,0.52762,60.000,1.055,975.000,375.000,-1,375.000,-1,300.000,300.000,300.000,325.000,-1,550.000,450.000,-1,600.000,725.000,750.000,-1,1,1,2,0,2,1,0,0,0,2,0,0,2,1,0,1,2
130,9010.091,3809.408,-127.571,113.824,-0.403786,-0.914684,-0.017625,0.914805,-0.403887,0.002503,-0.009408,-0.015113,0.999842,0,1.00000,0.64762,60.000,1.295,950.000,375.000,-1,375.000,-1,300.000,300.000,300.000,325.000,-1,525.000,425.000,-1,575.000,725.000,725.000,-1,1,1,2,0,2,1,1,0,0,2,0,0,2,1,0,1,2
131,8984.393,3863.626,-128.185,115.360,-0.428176,-0.903544,-0.016521,0.903658,-0.428253,0.001299,-0.008249,-0.014374,0.999863,0,1.00000,0.76762,60.000,1.535,925.000,350.000,-1,375.000,-1,300.000,300.000,300.000,325.000,-1,500.000,450.000,-1,550.000,725.000,675.000,-1,1,1,2,0,2,1,1,0,0,2,0,0,2,1,1,1,2
132,8957.028,3917.022,-128.654,117.135,-0.455989,-0.889848,-0.015651,0.889959,-0.456040,-0.000346,-0.006830,-0.014086,0.999877,0,1.00000,0.88762,60.000,1.775,900.000,350.000,-1,375.000,-1,300.000,300.000,300.000,325.000,-1,500.000,450.000,-1,525.000,675.000,650.000,-1,1,1,2,1,2,1,1,0,0,2,0,0,2,1,1,1,2
133,8927.816,3969.431,-129.072,119.135,-0.486792,-0.873393,-0.014760,0.873500,-0.486819,-0.001943,-0.005489,-0.013839,0.999889,0,1.00000,1.00000,60.000,2.000,900.000,325.000,-1,375.000,-1,275.000,300.000,300.000,325.000,-1,500.000,450.000,-1,500.000,625.000,625.000,-1,1,1,2,1,2,1,1,0,0,2,0,0,2,1,1,1,2
134,8896.793,4020.788,-129.440,121.135,-0.517000,-0.855873,-0.013859,0.855975,-0.517005,-0.003471,-0.004195,-0.013657,0.999898,0,1.00000,1.00000,60.000,2.000,900.000,325.000,925.000,350.000,-1,275.000,275.000,300.000,325.000,-1,475.000,450.000,-1,475.000,575.000,600.000,-1,1,1,1,1,2,1,1,0,0,2,0,0,2,1,1,1,2
