timestep,x_cm,y_cm,z_cm,yaw_deg,basis_xx,basis_xy,basis_xz,basis_yx,basis_yy,basis_yz,basis_zx,basis_zy,basis_zz,teleport_flag,throttle_cmd,steering_cmd,cmd_move_cm,cmd_turn_deg,lidar_cm_0,lidar_cm_1,lidar_cm_2,lidar_cm_3,lidar_cm_4,lidar_cm_5,lidar_cm_6,lidar_cm_7,lidar_cm_8,lidar_cm_9,lidar_cm_10,lidar_cm_11,lidar_cm_12,lidar_cm_13,lidar_cm_14,lidar_cm_15,lidar_cm_16,lidar_class_0,lidar_class_1,lidar_class_2,lidar_class_3,lidar_class_4,lidar_class_5,lidar_class_6,lidar_class_7,lidar_class_8,lidar_class_9,lidar_class_10,lidar_class_11,lidar_class_12,lidar_class_13,lidar_class_14,lidar_class_15,lidar_class_16
0,-6745.537,2661.806,72.462,-19.856,0.940510,0.339566,-0.011673,-0.339636,0.940545,-0.004622,0.009409,0.008311,0.999921,0,0.31764,0.31036,0.299,0.002,-1,695.379,-1,763.326,-1,568.940,586.955,651.071,546.832,-1,-1,-1,-1,-1,-1,-1,-1,2,0,2,0,2,0,0,0,0,2,2,2,2,2,2,2,2
1,-6744.904,2661.394,73.549,-19.853,0.940506,0.339496,-0.013795,-0.339581,0.940567,-0.004314,0.011511,0.008742,0.999896,0,0.31764,0.31035,0.755,0.003,-1,705.910,-1,772.921,-1,576.704,594.410,656.025,549.467,-1,-1,-1,-1,-1,-1,-1,-1,2,0,2,0,2,0,0,0,0,2,2,2,2,2,2,2,2
2,-6743.834,2660.856,73.456,-19.849,0.940492,0.339405,-0.016682,-0.339502,0.940600,-0.003226,0.014596,0.008697,0.999856,0,0.31764,0.31035,1.197,0.004,-1,715.380,-1,782.208,-1,583.608,601.235,655.986,549.731,-1,-1,-1,-1,-1,-1,-1,-1,2,0,2,0,2,0,0,0,0,2,2,2,2,2,2,2,2
3,-6742.364,2660.253,72.312,-19.844,0.940471,0.339316,-0.019465,-0.339401,0.940641,-0.001156,0.017917,0.007694,0.999810,0,0.31765,0.31033,1.589,0.005,-1,721.352,-1,790.134,-1,588.189,606.175,649.952,549.032,-1,-1,-1,-1,-1,-1,-1,-1,2,0,2,0,2,0,0,0,0,2,2,2,2,2,2,2,2
4,-6740.542,2659.634,70.394,-19.836,0.940469,0.339202,-0.021439,-0.339248,0.940696,0.001552,0.020694,0.005813,0.999769,0,0.31765,0.31032,1.925,0.008,-1,722.199,-1,794.966,-1,589.319,608.079,639.040,547.914,-1,-1,-1,-1,-1,-1,-1,-1,2,0,2,0,2,0,0,0,0,2,2,2,2,2,2,2,2
5,-6738.493,2658.979,68.191,-19.827,0.940503,0.339099,-0.021580,-0.339111,0.940741,0.003243,0.021401,0.004268,0.999762,0,0.31766,0.31027,2.151,0.008,-1,715.749,-1,791.947,-1,584.899,604.361,627.954,544.859,-1,-1,-1,-1,-1,-1,-1,-1,2,0,2,0,2,0,0,0,0,2,2,2,2,2,2,2,2
6,-6736.290,2658.206,66.095,-19.823,0.940563,0.339045,-0.019761,-0.339051,0.940763,0.003131,0.019652,0.003756,0.999800,0,0.31767,0.31022,2.335,0.004,-1,702.894,-1,780.343,-1,575.286,595.065,619.665,539.409,-1,-1,-1,-1,-1,-1,-1,-1,2,0,2,0,2,0,0,0,0,2,2,2,2,2,2,2,2
7,-6733.973,2657.282,64.402,-19.821,0.940642,0.339005,-0.016396,-0.339037,0.940773,0.000857,0.015716,0.004752,0.999865,0,0.31767,0.31022,2.494,0.002,-1,686.246,-1,761.678,-1,562.219,581.707,616.312,531.480,-1,-1,-1,-1,-1,-1,-1,-1,2,0,2,0,2,0,0,0,0,2,2,2,2,2,2,2,2
8,-6731.446,2656.174,63.392,-19.819,0.940708,0.338969,-0.012960,-0.339026,0.940774,-0.002352,0.011395,0.006606,0.999913,0,0.31766,0.31025,2.759,0.002,-1,671.866,-1,743.122,-1,550.577,569.385,617.317,523.749,-1,-1,-1,-1,-1,-1,-1,-1,2,0,2,0,2,0,0,0,0,2,2,2,2,2,2,2,2
9,-6728.584,2654.916,63.209,-19.818,0.940745,0.338947,-0.010698,-0.339014,0.940768,-0.005080,0.008342,0.008406,0.999930,0,0.31766,0.31029,3.126,0.001,-1,664.190,-1,731.447,-1,544.124,562.185,621.023,518.921,-1,-1,-1,-1,-1,-1,-1,-1,2,0,2,0,2,0,0,0,0,2,2,2,2,2,2,2,2
10,-6725.346,2653.532,63.744,-19.817,0.940755,0.338944,-0.009850,-0.339016,0.940755,-0.006870,0.006938,0.009802,0.999928,0,0.31765,0.31034,3.522,0.000,-1,663.450,-1,727.610,-1,543.133,560.535,626.237,517.427,-1,-1,-1,-1,-1,-1,-1,-1,2,0,2,0,2,0,0,0,0,2,2,2,2,2,2,2,2
11,-6721.739,2652.036,64.752,-19.820,0.940743,0.338971,-0.010074,-0.339052,0.940736,-0.007768,0.006844,0.010723,0.999919,0,0.31763,0.31041,3.905,-0.002,-1,667.708,-1,729.752,-1,546.164,563.019,631.917,518.592,-1,-1,-1,-1,-1,-1,-1,-1,2,0,2,0,2,0,0,0,0,2,2,2,2,2,2,2,2
12,-6717.806,2650.456,65.939,-19.821,0.940730,0.338986,-0.010771,-0.339077,0.940723,-0.008152,0.007369,0.011321,0.999909,0,0.31762,0.31051,4.239,-0.002,-1,674.127,-1,734.524,-1,550.974,567.371,637.411,521.085,-1,-1,-1,-1,-1,-1,-1,-1,2,0,2,0,2,0,0,0,0,2,2,2,2,2,2,2,2
13,-6713.568,2648.828,67.048,-19.815,0.940764,0.338870,-0.011443,-0.338970,0.940760,-0.008347,0.007937,0.011732,0.999900,0,0.31760,0.31061,4.540,0.006,-1,680.288,-1,739.365,-1,555.656,571.663,642.264,523.762,-1,-1,-1,-1,-1,-1,-1,-1,2,0,2,0,2,0,0,0,0,2,2,2,2,2,2,2,2
14,-6709.031,2647.171,67.905,-19.797,0.940866,0.338576,-0.011758,-0.338680,0.940865,-0.008353,0.008234,0.011841,0.999896,0,0.31759,0.31063,4.830,0.018,-1,684.557,-1,742.890,-1,559.033,574.781,645.585,526.311,-1,-1,-1,-1,-1,-1,-1,-1,2,0,2,0,2,0,0,0,0,2,2,2,2,2,2,2,2
15,-6704.018,2645.361,68.426,-19.776,0.940986,0.338232,-0.012065,-0.338333,0.940996,-0.007583,0.008788,0.011218,0.999898,0,0.64139,-0.03115,5.330,0.021,-1,687.870,-1,746.889,-1,562.004,577.817,645.796,529.518,-1,-1,-1,-1,-1,-1,-1,-1,2,0,2,0,2,0,0,0,0,2,2,2,2,2,2,2,2
16,-6698.258,2643.303,68.621,-19.760,0.941068,0.337969,-0.012957,-0.338065,0.941103,-0.006097,0.010133,0.010118,0.999897,0,0.64143,-0.03126,6.116,0.016,-1,692.175,-1,752.581,-1,565.876,582.020,643.735,532.933,-1,-1,-1,-1,-1,-1,-1,-1,2,0,2,0,2,0,0,0,0,2,2,2,2,2,2,2,2
17,-6691.811,2641.023,68.550,-19.744,0.941149,0.337701,-0.014023,-0.337792,0.941210,-0.004604,0.011644,0.009070,0.999891,0,0.64145,-0.03131,6.838,0.016,-1,696.273,-1,757.912,-1,569.522,585.975,640.838,535.488,-1,-1,-1,-1,-1,-1,-1,-1,2,0,2,0,2,0,0,0,0,2,2,2,2,2,2,2,2
18,-6684.752,2638.536,68.323,-19.727,0.941238,0.337427,-0.014642,-0.337511,0.941315,-0.003607,0.012565,0.008337,0.999886,0,0.64147,-0.03135,7.484,0.017,-1,698.442,-1,760.724,-1,571.512,588.203,638.032,536.814,-1,-1,-1,-1,-1,-1,-1,-1,2,0,2,0,2,0,0,0,0,2,2,2,2,2,2,2,2
19,-6677.148,2635.849,68.085,-19.706,0.941359,0.337090,-0.014642,-0.337174,0.941436,-0.003626,0.012562,0.008350,0.999886,0,0.64148,-0.03138,8.065,0.021,-1,698.423,-1,759.972,-1,571.476,588.062,637.151,536.324,-1,-1,-1,-1,-1,-1,-1,-1,2,0,2,0,2,0,0,0,0,2,2,2,2,2,2,2,2
20,-6668.987,2632.901,67.878,-19.687,0.941484,0.336762,-0.014136,-0.336850,0.941549,-0.004255,0.011877,0.008768,0.999891,0,0.64150,-0.03144,8.677,0.020,-1,696.787,-1,756.866,-1,570.153,586.438,637.403,534.959,-1,-1,-1,-1,-1,-1,-1,-1,2,0,2,0,2,0,0,0,0,2,2,2,2,2,2,2,2
21,-6660.285,2629.718,67.726,-19.670,0.941594,0.336504,-0.012894,-0.336591,0.941636,-0.005238,0.010379,0.009272,0.999903,0,0.64151,-0.03148,9.267,0.016,-1,693.009,-1,751.422,-1,567.269,583.204,637.952,533.481,-1,-1,-1,-1,-1,-1,-1,-1,2,0,2,0,2,0,0,0,0,2,2,2,2,2,2,2,2
22,-6651.143,2626.316,67.717,-19.678,0.941573,0.336651,-0.010330,-0.336721,0.941586,-0.005951,0.007723,0.009082,0.999929,0,0.64151,-0.03147,9.754,-0.007,-1,685.685,-1,743.712,-1,562.235,578.068,636.854,533.868,-1,-1,-1,-1,-1,-1,-1,-1,2,0,2,0,2,0,0,0,0,2,2,2,2,2,2,2,2
23,-6641.483,2622.677,67.807,-19.711,0.941394,0.337232,-0.007182,-0.337276,0.941385,-0.006201,0.004670,0.008260,0.999955,0,0.64141,-0.03121,10.323,-0.033,-1,677.425,-1,735.839,-1,556.654,572.609,633.953,536.060,-1,-1,-1,-1,-1,-1,-1,-1,2,0,2,0,2,0,0,0,0,2,2,2,2,2,2,2,2
24,-6631.231,2618.818,67.943,-19.753,0.941154,0.337951,-0.004338,-0.337973,0.941136,-0.006142,0.002007,0.007247,0.999972,0,0.64122,-0.03068,10.954,-0.042,-1,670.513,-1,729.492,-1,552.122,568.259,630.685,539.707,-1,-1,-1,-1,-1,-1,-1,-1,2,0,2,0,2,0,0,0,0,2,2,2,2,2,2,2,2
25,-6620.353,2614.723,68.095,-19.783,0.940983,0.338444,-0.002793,-0.338455,0.940961,-0.006371,0.000472,0.006941,0.999976,0,0.64099,-0.03005,11.624,-0.029,-1,667.649,-1,725.801,-1,550.198,566.245,629.674,542.091,-1,-1,-1,-1,-1,-1,-1,-1,2,0,2,0,2,0,0,0,0,2,2,2,2,2,2,2,2
26,-6608.896,2610.314,68.289,-19.811,0.940818,0.338900,-0.002905,-0.338912,0.940792,-0.006998,0.000362,0.007568,0.999971,0,0.64080,-0.02953,12.276,-0.028,-1,669.915,-1,725.496,-1,551.746,567.201,631.563,542.854,-1,-1,-1,-1,-1,-1,-1,-1,2,0,2,0,2,0,0,0,0,2,2,2,2,2,2,2,2
27,-6596.919,2605.588,68.537,-19.856,0.940551,0.339631,-0.003816,-0.339651,0.940519,-0.007823,0.000932,0.008654,0.999962,0,0.64061,-0.02901,12.876,-0.045,-1,674.839,-1,726.869,-1,555.108,569.712,634.988,542.907,-1,-1,-1,-1,-1,-1,-1,-1,2,0,2,0,2,0,0,0,0,2,2,2,2,2,2,2,2
28,-6584.464,2600.649,68.826,-19.903,0.940268,0.340401,-0.004891,-0.340432,0.940229,-0.008690,0.001640,0.009836,0.999950,0,0.64035,-0.02831,13.399,-0.048,-1,680.445,-1,728.676,-1,558.763,572.619,639.629,542.955,-1,-1,-1,-1,-1,-1,-1,-1,2,0,2,0,2,0,0,0,0,2,2,2,2,2,2,2,2
29,-6571.550,2595.829,69.113,-19.886,0.940371,0.340107,-0.005418,-0.340146,0.940318,-0.010111,0.001656,0.011351,0.999934,0,0.64008,-0.02756,13.784,0.017,-1,683.885,-1,728.163,-1,560.759,573.823,645.292,542.330,-1,-1,-1,-1,-1,-1,-1,-1,2,0,2,0,2,0,0,0,0,2,2,2,2,2,2,2,2
30,-6558.172,2591.063,69.667,-19.848,0.940592,0.339487,-0.005885,-0.339531,0.940546,-0.009571,0.002286,0.011001,0.999937,0,0.64005,-0.02747,14.201,0.037,-1,687.256,-1,731.851,-1,564.367,577.330,646.349,546.737,-1,-1,-1,-1,-1,-1,-1,-1,2,0,2,0,2,0,0,0,0,2,2,2,2,2,2,2,2
31,-6544.203,2586.510,70.403,-19.744,0.941204,0.337775,-0.006516,-0.337818,0.941181,-0.007559,0.003579,0.009316,0.999950,0,0.64009,-0.02758,14.693,0.104,-1,689.967,-1,738.965,-1,569.505,582.865,644.160,554.796,-1,-1,-1,-1,-1,-1,-1,-1,2,0,2,0,2,0,0,0,0,2,2,2,2,2,2,2,2
32,-6529.612,2582.444,71.076,-19.501,0.942625,0.333784,-0.006811,-0.333827,0.942612,-0.006453,0.004266,0.008356,0.999956,0,0.64038,-0.02837,15.147,0.243,-1,691.174,-1,743.428,-1,573.061,586.546,644.039,561.210,-1,-1,-1,-1,-1,-1,-1,-1,2,0,2,0,2,0,0,0,0,2,2,2,2,2,2,2,2
33,-6514.572,2578.440,71.709,-19.195,0.944389,0.328729,-0.008214,-0.328784,0.944381,-0.006738,0.005542,0.009064,0.999944,0,0.83799,-0.06113,15.563,0.306,-1,694.895,-1,747.970,-1,578.014,590.979,648.991,564.516,-1,-1,-1,-1,-1,-1,-1,-1,2,0,2,0,2,0,0,0,0,2,2,2,2,2,2,2,2
34,-6499.063,2574.434,72.546,-18.825,0.946464,0.322534,-0.013340,-0.322670,0.946461,-0.009759,0.009478,0.013541,0.999863,0,0.83934,-0.06396,16.018,0.370,-1,709.726,-1,757.387,-1,589.687,600.610,666.951,561.022,-1,-1,-1,-1,-1,-1,-1,-1,2,0,2,0,2,0,0,0,0,2,2,2,2,2,2,2,2
35,-6483.129,2570.141,73.601,-18.464,0.948409,0.316379,-0.020616,-0.316673,0.948446,-0.012946,0.015458,0.018807,0.999704,0,0.84099,-0.06741,16.503,0.361,-1,852.463,-1,772.763,-1,606.923,615.559,689.199,556.866,-1,-1,-1,-1,-1,-1,-1,-1,2,0,2,0,2,0,0,0,0,2,2,2,2,2,2,2,2
36,-6467.250,2565.033,74.959,-18.345,0.948973,0.314277,-0.026080,-0.314663,0.949125,-0.012194,0.020921,0.019778,0.999586,0,0.84259,-0.07077,16.680,0.120,-1,896.578,-1,792.085,-1,623.951,631.834,699.642,562.084,-1,-1,-1,-1,-1,-1,-1,-1,2,0,2,0,2,0,0,0,0,2,2,2,2,2,2,2,2
37,-6452.183,2558.616,76.449,-18.640,0.947268,0.319254,-0.027567,-0.319530,0.947556,-0.006134,0.024163,0.014619,0.999601,0,0.84302,-0.07167,16.378,-0.296,-1,889.543,-1,811.572,-1,635.463,645.322,689.542,579.897,-1,-1,-1,-1,-1,-1,-1,-1,2,0,2,0,2,0,0,0,0,2,2,2,2,2,2,2,2
38,-6436.872,2551.781,77.724,-19.046,0.944923,0.326065,-0.028337,-0.326205,0.945299,-0.000339,0.026676,0.009564,0.999598,0,0.84145,-0.06837,16.767,-0.406,-1,867.096,-1,828.153,-1,644.920,656.730,679.088,597.059,-1,-1,-1,-1,-1,-1,-1,-1,2,0,2,0,2,0,0,0,0,2,2,2,2,2,2,2,2
39,-6421.125,2544.729,78.407,-19.440,0.942635,0.332693,-0.027471,-0.332694,0.943023,0.004644,0.027451,0.004762,0.999612,0,0.83933,-0.06394,17.253,-0.394,-1,839.332,-1,837.224,-1,648.908,662.267,667.292,612.352,-1,-1,-1,-1,-1,-1,-1,-1,2,0,2,0,2,0,0,0,0,2,2,2,2,2,2,2,2
40,-6405.136,2537.509,78.391,-19.816,0.940475,0.338995,-0.024262,-0.338889,0.940788,0.008482,0.025701,0.000245,0.999670,0,0.83726,-0.05962,17.544,-0.376,-1,804.850,-1,835.741,-1,645.096,659.945,653.604,624.820,-1,-1,-1,-1,-1,-1,-1,-1,2,0,2,0,2,0,0,0,0,2,2,2,2,2,2,2,2
41,-6388.907,2530.189,77.569,-20.142,0.938621,0.344395,-0.019586,-0.344261,0.938821,0.009918,0.021803,-0.002566,0.999759,0,0.83528,-0.05547,17.804,-0.326,-1,767.391,-1,823.168,-1,634.508,650.146,642.243,630.695,-1,-1,-1,-1,-1,-1,-1,-1,2,0,2,0,2,0,0,0,0,2,2,2,2,2,2,2,2
42,-6372.442,2522.760,76.008,-20.408,0.937119,0.348749,-0.013537,-0.348668,0.937212,0.007968,0.015466,-0.002748,0.999877,0,0.83353,-0.05181,18.063,-0.267,-1,731.635,-1,798.378,-1,617.215,632.638,636.052,627.755,-1,-1,-1,-1,-1,-1,-1,-1,2,0,2,0,2,0,0,0,0,2,2,2,2,2,2,2,2
43,-6355.865,2515.275,73.669,-20.632,0.935841,0.352375,-0.005776,-0.352364,0.935859,0.002895,0.006426,-0.000674,0.999979,0,0.43042,0.67636,18.188,-0.224,-1,703.259,-1,762.151,-1,593.111,607.490,633.691,616.971,-1,-1,-1,-1,-1,-1,-1,-1,2,0,2,0,2,0,0,0,0,2,2,2,2,2,2,2,2
44,-6339.307,2508.002,70.515,-20.753,0.935103,0.354354,0.003857,-0.354327,0.935101,-0.006241,-0.005818,0.004469,0.999973,0,0.42976,0.67901,18.086,-0.120,-1,667.404,-1,714.127,-1,561.993,574.275,637.317,596.602,-1,-1,-1,-1,-1,-1,-1,-1,2,0,2,0,2,0,0,0,0,2,2,2,2,2,2,2,2
45,-6322.565,2500.905,66.732,-20.755,0.934941,0.354569,0.012881,-0.354303,0.934934,-0.019171,-0.018840,0.013360,0.999733,0,0.42937,0.68061,18.184,-0.002,-1,632.338,-1,662.640,-1,530.064,538.922,650.992,566.997,-1,-1,-1,-1,-1,-1,-1,-1,2,0,2,0,2,0,0,0,0,2,2,2,2,2,2,2,2
46,-6305.550,2493.698,62.694,-20.703,0.934986,0.354121,0.019990,-0.353355,0.934875,-0.033891,-0.030690,0.024624,0.999226,0,0.42926,0.68102,18.478,0.052,-1,602.361,-1,614.994,-1,501.613,506.398,673.052,533.634,-1,-1,-1,-1,-1,-1,-1,-1,2,0,2,0,2,0,0,0,0,2,2,2,2,2,2,2,2
47,-6288.374,2486.342,58.896,-20.678,0.934796,0.354249,0.025779,-0.352817,0.934482,-0.047578,-0.040945,0.035381,0.998535,0,0.42929,0.68091,18.685,0.025,-1,577.189,-1,574.964,-1,477.722,478.806,696.592,504.070,-1,-1,-1,-1,989.303,985.995,-1,-1,2,0,2,0,2,0,0,0,0,2,2,2,2,0,0,2,2
48,-6271.156,2479.310,56.795,-20.688,0.934635,0.354633,0.026334,-0.352951,0.934139,-0.052998,-0.043394,0.040240,0.998247,0,0.42925,0.68107,18.598,-0.010,-1,569.451,-1,561.081,-1,470.279,469.764,707.689,492.003,-1,-1,-1,-1,974.796,954.582,-1,-1,2,0,2,0,2,0,0,0,0,2,2,2,2,0,0,2,2
49,-6253.509,2473.201,56.811,-20.538,0.935807,0.351943,0.020030,-0.350585,0.935121,-0.051374,-0.036811,0.041054,0.998479,0,0.42913,0.68157,18.674,0.151,-1,583.371,-1,573.853,-1,481.447,480.738,713.844,494.165,-1,-1,-1,-1,-1,987.871,-1,-1,2,0,2,0,2,0,0,0,0,2,2,2,2,2,0,2,2
50,-6235.385,2467.932,58.449,-20.258,0.937841,0.346888,0.011084,-0.346130,0.937180,-0.043439,-0.025456,0.036903,0.998995,0,0.42941,0.68042,18.874,0.280,-1,605.542,-1,604.948,-1,503.848,504.198,708.298,510.494,-1,-1,-1,-1,-1,-1,-1,-1,2,0,2,0,2,0,0,0,0,2,2,2,2,2,2,2,2
51,-6217.061,2463.441,60.998,-19.882,0.940296,0.340338,0.003701,-0.340040,0.939832,-0.033008,-0.014712,0.029779,0.999448,0,0.43002,0.67794,18.867,0.376,-1,624.223,-1,641.088,-1,526.264,529.835,695.683,535.759,-1,-1,-1,-1,-1,-1,-1,-1,2,0,2,0,2,0,0,0,0,2,2,2,2,2,2,2,2
52,-6198.716,2459.438,63.687,-19.473,0.942773,0.333436,-0.000289,-0.333352,0.942513,-0.023366,-0.007519,0.022125,0.999727,0,0.43088,0.67447,18.776,0.409,-1,638.892,-1,670.392,-1,542.973,549.439,681.800,562.839,-1,-1,-1,-1,-1,-1,-1,-1,2,0,2,0,2,0,0,0,0,2,2,2,2,2,2,2,2
53,-6180.491,2455.483,65.822,-19.062,0.945161,0.326600,-0.001683,-0.326580,0.945015,-0.017084,-0.003990,0.016697,0.999853,0,0.43183,0.67065,18.650,0.411,-1,646.667,-1,688.269,-1,552.296,560.608,673.542,584.069,-1,-1,-1,-1,-1,-1,-1,-1,2,0,2,0,2,0,0,0,0,2,2,2,2,2,2,2,2
54,-6162.585,2451.572,67.778,-18.582,0.947868,0.318609,-0.005943,-0.318664,0.947701,-0.017755,-0.000025,0.018723,0.999825,0,0.43278,0.66680,18.328,0.479,-1,660.039,-1,701.338,-1,563.132,571.013,691.055,588.953,-1,-1,-1,-1,-1,-1,-1,-1,2,0,2,0,2,0,0,0,0,2,2,2,2,2,2,2,2
55,-6144.708,2447.982,69.548,-17.938,0.951370,0.307676,-0.015212,-0.307981,0.951048,-0.025613,0.006587,0.029052,0.999556,0,0.43390,0.66227,18.234,0.644,-1,685.411,-1,713.672,-1,579.696,584.772,739.040,575.951,-1,-1,-1,-1,-1,-1,-1,-1,2,0,2,0,2,0,0,0,0,2,2,2,2,2,2,2,2
56,-6126.927,2444.319,71.012,-17.285,0.954741,0.296305,-0.025932,-0.297101,0.954178,-0.035723,0.014159,0.041810,0.999025,0,0.43543,0.65608,18.154,0.653,-1,717.018,-1,725.779,-1,598.393,599.296,800.214,558.055,-1,-1,-1,-1,-1,-1,-1,-1,2,0,2,0,2,0,0,0,0,2,2,2,2,2,2,2,2
57,-6111.055,2439.501,72.083,-17.047,0.955918,0.292008,-0.030868,-0.293112,0.955200,-0.040977,0.017519,0.048219,0.998683,0,0.43698,0.64980,16.588,0.238,-1,739.333,-1,731.486,-1,607.836,606.459,834.239,551.016,-1,-1,-1,-1,-1,-1,-1,-1,2,0,2,0,2,0,0,0,0,2,2,2,2,2,2,2,2
58,-6097.022,2433.564,72.663,-17.251,0.954858,0.295325,-0.032084,-0.296507,0.954100,-0.042151,0.018164,0.049761,0.998596,0,0.43749,0.64772,15.237,-0.204,-1,749.332,-1,733.263,-1,610.696,608.494,845.374,551.042,-1,-1,-1,-1,-1,-1,-1,-1,2,0,2,0,2,0,0,0,0,2,2,2,2,2,2,2,2
59,-6083.953,2426.907,72.679,-17.728,0.952352,0.303238,-0.032749,-0.304439,0.951618,-0.041711,0.018516,0.049694,0.998593,0,0.43691,0.65010,14.667,-0.477,-1,754.044,-1,734.309,-1,611.906,609.401,848.003,551.973,-1,-1,-1,-1,-1,-1,-1,-1,2,0,2,0,2,0,0,0,0,2,2,2,2,2,2,2,2
60,-6070.798,2420.136,72.000,-18.235,0.949602,0.311574,-0.034301,-0.312850,0.948878,-0.041896,0.019494,0.050516,0.998533,0,0.43564,0.65523,14.795,-0.507,-1,756.563,-1,734.326,-1,612.943,609.966,851.771,549.408,-1,-1,-1,-1,-1,-1,-1,-1,2,0,2,0,2,0,0,0,0,2,2,2,2,2,2,2,2
61,-6054.829,2412.067,70.138,-18.789,0.946552,0.320777,-0.033771,-0.322025,0.945789,-0.042230,0.018394,0.050848,0.998537,0,0.43429,0.66068,17.892,-0.554,-1,749.180,-1,725.484,-1,606.747,603.431,845.990,544.697,-1,-1,-1,-1,-1,-1,-1,-1,2,0,2,0,2,0,0,0,0,2,2,2,2,2,2,2,2
62,-6044.141,2406.819,68.311,-19.114,0.944760,0.326303,-0.030902,-0.327415,0.943895,-0.043141,0.015092,0.050876,0.998591,0,0.43281,0.66667,11.907,-0.325,-1,734.959,-1,711.144,-1,595.870,592.398,838.006,540.128,-1,-1,-1,-1,-1,-1,-1,-1,2,0,2,0,2,0,0,0,0,2,2,2,2,2,2,2,2
63,-6030.721,2400.440,65.421,-19.455,0.942874,0.332260,-0.024308,-0.333056,0.941820,-0.045257,0.007856,0.050768,0.998680,0,0.43193,0.67022,14.858,-0.341,-1,706.990,-1,683.726,-1,574.789,571.194,824.059,532.828,-1,-1,-1,-1,-1,-1,-1,-1,2,0,2,0,2,0,0,0,0,2,2,2,2,2,2,2,2
64,-6017.327,2394.066,61.900,-19.790,0.940935,0.338285,-0.014326,-0.338578,0.939736,-0.047554,-0.002625,0.049595,0.998766,0,0.43100,0.67399,14.834,-0.335,-1,669.063,-1,648.333,-1,546.631,543.273,801.881,525.547,-1,-1,-1,-1,-1,-1,-1,-1,2,0,2,0,2,0,0,0,0,2,2,2,2,2,2,2,2
65,-6003.914,2388.008,58.445,-20.091,0.939076,0.343687,-0.003872,-0.343483,0.937990,-0.046840,-0.012467,0.045316,0.998895,0,0.43008,0.67770,14.717,-0.301,-1,632.252,-1,618.492,-1,520.325,518.265,766.855,524.326,-1,-1,-1,-1,-1,-1,-1,-1,2,0,2,0,2,0,0,0,0,2,2,2,2,2,2,2,2
66,-5990.333,2382.944,55.676,-20.204,0.938291,0.345813,0.004742,-0.345292,0.937477,-0.043713,-0.019562,0.039378,0.999033,0,0.52188,0.03513,14.495,-0.113,-1,603.679,-1,598.747,-1,500.554,500.409,728.387,528.538,-1,-1,-1,-1,-1,-1,-1,-1,2,0,2,0,2,0,0,0,0,2,2,2,2,2,2,2,2
67,-5977.198,2379.835,53.791,-19.992,0.939435,0.342512,0.012175,-0.341785,0.938892,-0.040801,-0.025406,0.034169,0.999093,0,0.52145,0.03656,13.497,0.211,-1,581.012,-1,583.792,-1,484.865,486.513,698.962,534.194,-1,-1,-1,-1,-1,-1,-1,-1,2,0,2,0,2,0,0,0,0,2,2,2,2,2,2,2,2
68,-5964.337,2378.839,52.948,-19.338,0.943221,0.331800,0.015594,-0.331018,0.942824,-0.038862,-0.027597,0.031493,0.999123,0,0.52202,0.03466,12.900,0.654,-1,570.155,-1,577.698,-1,477.357,480.175,685.993,538.529,-1,-1,-1,-1,-1,-1,-1,-1,2,0,2,0,2,0,0,0,0,2,2,2,2,2,2,2,2
69,-5950.771,2377.370,52.951,-18.786,0.946478,0.322478,0.013681,-0.321943,0.946239,-0.031370,-0.023061,0.025286,0.999414,0,0.52396,0.02823,13.645,0.553,-1,573.717,-1,591.035,-1,482.266,487.472,664.832,552.784,-1,-1,-1,-1,-1,-1,-1,-1,2,0,2,0,2,0,0,0,0,2,2,2,2,2,2,2,2
70,-5936.532,2375.320,53.232,-18.297,0.949319,0.314184,0.009046,-0.313900,0.949152,-0.024027,-0.016135,0.019970,0.999670,0,0.52557,0.02284,14.387,0.489,-1,583.964,-1,610.061,-1,492.130,499.346,649.309,565.784,-1,-1,-1,-1,-1,-1,-1,-1,2,0,2,0,2,0,0,0,0,2,2,2,2,2,2,2,2
71,-5922.246,2372.645,53.206,-17.933,0.951346,0.308069,0.005905,-0.307885,0.951186,-0.021262,-0.012167,0.018409,0.999757,0,0.52699,0.01812,14.534,0.364,-1,589.937,-1,619.375,-1,497.327,505.179,645.495,569.652,-1,-1,-1,-1,-1,-1,-1,-1,2,0,2,0,2,0,0,0,0,2,2,2,2,2,2,2,2
72,-5908.241,2369.055,52.893,-17.730,0.952424,0.304715,0.006083,-0.304510,0.952237,-0.022760,-0.012728,0.019825,0.999722,0,0.52803,0.01468,14.458,0.203,-1,587.657,-1,615.452,-1,495.010,502.404,649.894,565.720,-1,-1,-1,-1,-1,-1,-1,-1,2,0,2,0,2,0,0,0,0,2,2,2,2,2,2,2,2
73,-5894.419,2364.607,52.229,-17.676,0.952660,0.303921,0.008450,-0.303586,0.952390,-0.028078,-0.016581,0.024183,0.999570,0,0.52856,0.01289,14.520,0.055,-1,579.656,-1,600.889,-1,487.100,493.010,662.682,554.200,-1,-1,-1,-1,-1,-1,-1,-1,2,0,2,0,2,0,0,0,0,2,2,2,2,2,2,2,2
74,-5880.789,2359.211,51.141,-17.779,0.952011,0.305842,0.011645,-0.305269,0.951591,-0.035848,-0.022045,0.030573,0.999289,0,0.52864,0.01262,14.660,-0.103,-1,568.936,-1,580.712,-1,476.359,480.067,679.969,537.440,-1,-1,-1,-1,-1,-1,-1,-1,2,0,2,0,2,0,0,0,0,2,2,2,2,2,2,2,2
75,-5867.577,2352.680,49.757,-18.105,0.950136,0.311505,0.014400,-0.310650,0.949534,-0.043367,-0.027182,0.036731,0.998955,0,0.52824,0.01398,14.738,-0.327,-1,558.771,-1,561.574,-1,466.126,467.673,693.986,520.913,-1,-1,-1,-1,-1,-1,-1,-1,2,0,2,0,2,0,0,0,0,2,2,2,2,2,2,2,2
76,-5854.872,2346.026,48.946,-18.403,0.948536,0.316514,0.009920,-0.315588,0.947420,-0.052913,-0.026146,0.047060,0.998550,0,0.52714,0.01762,14.342,-0.297,-1,566.223,-1,554.779,-1,467.874,465.962,729.018,499.119,-1,-1,-1,-1,-1,996.253,-1,-1,2,0,2,0,2,0,0,0,0,2,2,2,2,2,0,2,2
77,-5842.602,2339.043,49.300,-18.741,0.946845,0.321676,-0.003119,-0.321236,0.944944,-0.062357,-0.017111,0.060044,0.998049,0,0.52613,0.02097,14.119,-0.338,-1,597.245,-1,566.462,-1,485.922,479.658,785.868,477.457,-1,-1,-1,-1,-1,-1,-1,-1,2,0,2,0,2,0,0,0,0,2,2,2,2,2,2,2,2
78,-5828.117,2330.131,51.296,-19.266,0.943999,0.329019,-0.024765,-0.329950,0.941325,-0.070998,-0.000048,0.075193,0.997169,0,0.52500,0.02474,17.007,-0.525,-1,659.409,-1,599.438,-1,523.827,511.479,860.115,458.422,-1,-1,-1,-1,-1,-1,-1,-1,2,0,2,0,2,0,0,0,0,2,2,2,2,2,2,2,2
79,-5818.755,2323.897,53.216,-19.753,0.941105,0.336119,-0.036676,-0.337950,0.938477,-0.071074,0.010531,0.079283,0.996797,0,0.52327,0.03049,11.247,-0.487,-1,701.685,-1,627.294,-1,549.574,534.830,882.924,457.460,-1,-1,-1,-1,-1,-1,-1,-1,2,0,2,0,2,0,0,0,0,2,2,2,2,2,2,2,2
80,-5807.347,2315.931,55.838,-20.525,0.936306,0.348101,-0.046431,-0.350528,0.934432,-0.062984,0.021462,0.075248,0.996934,0,0.52171,0.03571,13.915,-0.771,-1,743.882,-1,666.134,-1,577.969,563.492,868.220,471.589,-1,-1,-1,-1,-1,-1,-1,-1,2,0,2,0,2,0,0,0,0,2,2,2,2,2,2,2,2
81,-5795.964,2307.962,58.337,-21.360,0.930896,0.361602,-0.051744,-0.364064,0.930002,-0.050534,0.029849,0.065880,0.997381,0,0.51926,0.04386,13.894,-0.835,-1,777.063,-1,705.763,-1,601.174,589.377,821.827,494.864,-1,-1,-1,-1,-1,-1,-1,-1,2,0,2,0,2,0,0,0,0,2,2,2,2,2,2,2,2
82,-5784.458,2300.229,60.378,-22.152,0.925615,0.374674,-0.053445,-0.376831,0.925494,-0.038203,0.035149,0.055501,0.997840,0,0.51662,0.05265,13.864,-0.792,-1,796.401,-1,738.238,-1,617.357,608.562,750.238,519.588,-1,-1,-1,-1,-1,-1,-1,-1,2,0,2,0,2,0,0,0,0,2,2,2,2,2,2,2,2
83,-5772.928,2292.530,61.682,-22.900,0.920542,0.387107,-0.052441,-0.388844,0.920878,-0.028010,0.037449,0.046176,0.998231,0,0.51411,0.06100,13.864,-0.748,-1,802.920,-1,759.495,-1,625.393,619.326,745.646,541.218,-1,-1,-1,-1,-1,-1,-1,-1,2,0,2,0,2,0,0,0,0,2,2,2,2,2,2,2,2
84,-5761.377,2284.777,62.121,-23.586,0.915824,0.398480,-0.049795,-0.399845,0.916344,-0.020948,0.037282,0.039095,0.998540,0,0.51173,0.06890,13.911,-0.686,-1,799.479,-1,768.533,-1,625.482,621.889,767.669,556.589,-1,-1,-1,-1,-1,-1,-1,-1,2,0,2,0,2,0,0,0,0,2,2,2,2,2,2,2,2
85,-5749.781,2276.945,61.654,-24.210,0.911496,0.408736,-0.045936,-0.409824,0.912005,-0.017062,0.034920,0.034378,0.998799,0,0.50954,0.07619,13.993,-0.624,-1,787.348,-1,765.372,-1,618.840,616.768,787.918,564.722,-1,-1,-1,-1,-1,-1,-1,-1,2,0,2,0,2,0,0,0,0,2,2,2,2,2,2,2,2
86,-5738.125,2269.030,60.276,-24.774,0.907544,0.417947,-0.041034,-0.418854,0.907906,-0.016358,0.030418,0.032033,0.999024,0,0.50754,0.08287,14.089,-0.565,-1,767.171,-1,749.976,-1,605.629,604.252,808.844,565.239,-1,-1,-1,-1,-1,-1,-1,-1,2,0,2,0,2,0,0,0,0,2,2,2,2,2,2,2,2
87,-5726.368,2261.107,57.974,-25.259,0.904131,0.425785,-0.035422,-0.426591,0.904240,-0.019251,0.023833,0.032516,0.999187,0,0.50571,0.08896,14.178,-0.485,-1,740.089,-1,722.762,-1,586.375,584.719,830.711,557.012,-1,-1,-1,-1,-1,-1,-1,-1,2,0,2,0,2,0,0,0,0,2,2,2,2,2,2,2,2
88,-5714.272,2253.605,54.704,-25.529,0.902261,0.430112,-0.030471,-0.430909,0.901971,-0.027685,0.015576,0.038110,0.999152,0,0.50412,0.09424,14.233,-0.269,-1,709.770,-1,684.212,-1,562.570,558.909,845.378,535.535,-1,-1,-1,-1,-1,-1,-1,-1,2,0,2,0,2,0,0,0,0,2,2,2,2,2,2,2,2
89,-5701.664,2246.745,50.550,-25.515,0.902457,0.430007,-0.025800,-0.430744,0.901538,-0.041105,0.005584,0.048209,0.998822,0,0.50318,0.09736,14.354,0.013,-1,676.105,-1,636.714,-1,534.633,527.575,855.944,503.513,-1,-1,-1,-1,-1,-1,-1,-1,2,0,2,0,2,0,0,0,0,2,2,2,2,2,2,2,2
90,-5688.683,2240.308,45.953,-25.381,0.903457,0.428267,-0.018792,-0.428633,0.901844,-0.054326,-0.006319,0.057136,0.998346,0,0.50310,0.09763,14.489,0.134,-1,635.426,-1,587.358,-1,503.195,493.176,863.592,473.732,-1,-1,-1,-1,-1,-1,-1,-1,2,0,2,0,2,0,0,0,0,2,2,2,2,2,2,2,2
91,-5675.028,2234.384,41.882,-25.200,0.904714,0.425881,-0.010862,-0.425731,0.902868,-0.059849,-0.015682,0.058771,0.998148,0,0.50339,0.09667,14.885,0.181,-1,599.506,-1,553.802,-1,477.449,467.017,860.904,459.049,-1,-1,-1,-1,-1,-1,-1,-1,2,0,2,0,2,0,0,0,0,2,2,2,2,2,2,2,2
92,-5660.420,2229.740,38.986,-24.789,0.907669,0.419653,-0.005321,-0.419186,0.905895,-0.060317,-0.020492,0.056978,0.998165,0,0.50382,0.09522,15.328,0.411,-1,577.318,-1,536.344,-1,461.819,452.178,851.787,453.659,-1,-1,-1,-1,-1,983.300,-1,-1,2,0,2,0,2,0,0,0,0,2,2,2,2,2,0,2,2
93,-5645.065,2226.148,37.607,-24.202,0.911926,0.410342,-0.003409,-0.409878,0.910431,-0.055817,-0.019801,0.052298,0.998435,0,0.50497,0.09141,15.770,0.587,-1,570.580,-1,536.500,-1,458.061,450.189,837.615,457.594,-1,-1,-1,-1,-1,989.019,-1,-1,2,0,2,0,2,0,0,0,0,2,2,2,2,2,0,2,2
94,-5629.201,2223.153,37.723,-23.549,0.916626,0.399716,-0.004846,-0.399488,0.915533,-0.046995,-0.014348,0.045013,0.998883,0,0.70971,0.16806,16.144,0.653,-1,579.040,-1,552.983,-1,464.966,459.692,821.534,470.464,-1,-1,-1,-1,-1,-1,-1,-1,2,0,2,0,2,0,0,0,0,2,2,2,2,2,2,2,2
95,-5613.008,2220.314,39.096,-22.894,0.921203,0.388991,-0.008388,-0.389027,0.920499,-0.036615,-0.006521,0.036993,0.999294,0,0.71236,0.16176,16.440,0.654,-1,597.369,-1,579.777,-1,479.405,476.466,807.204,488.793,-1,-1,-1,-1,-1,-1,-1,-1,2,0,2,0,2,0,0,0,0,2,2,2,2,2,2,2,2
96,-5596.482,2216.983,41.060,-22.308,0.925158,0.379381,-0.012360,-0.379581,0.924728,-0.028213,0.000726,0.030793,0.999526,0,0.71502,0.15545,16.858,0.587,-1,618.288,-1,607.224,-1,495.636,494.183,798.287,506.007,-1,-1,-1,-1,-1,-1,-1,-1,2,0,2,0,2,0,0,0,0,2,2,2,2,2,2,2,2
97,-5579.677,2213.009,43.159,-21.812,0.928390,0.371250,-0.016267,-0.371547,0.928136,-0.022745,0.006654,0.027160,0.999609,0,0.71738,0.14984,17.269,0.496,-1,639.631,-1,631.573,-1,510.770,510.429,795.038,518.933,-1,-1,-1,-1,-1,-1,-1,-1,2,0,2,0,2,0,0,0,0,2,2,2,2,2,2,2,2
98,-5562.752,2208.672,45.600,-21.402,0.930952,0.364517,-0.021336,-0.364865,0.930931,-0.015531,0.014201,0.022243,0.999652,0,0.71935,0.14517,17.472,0.410,-1,667.362,-1,663.824,-1,530.297,531.754,790.522,535.992,-1,-1,-1,-1,-1,-1,-1,-1,2,0,2,0,2,0,0,0,0,2,2,2,2,2,2,2,2
99,-5545.498,2204.567,48.119,-20.912,0.933906,0.356470,-0.027373,-0.356852,0.934102,-0.010503,0.021825,0.019577,0.999570,0,0.72094,0.14139,17.735,0.489,-1,698.675,-1,696.379,-1,553.120,553.799,790.342,548.848,-1,-1,-1,-1,-1,-1,-1,-1,2,0,2,0,2,0,0,0,0,2,2,2,2,2,2,2,2
100,-5527.905,2200.725,50.167,-20.308,0.937487,0.346433,-0.033203,-0.346945,0.937822,-0.010949,0.027345,0.021785,0.999389,0,0.72287,0.13679,18.008,0.604,-1,727.595,-1,717.998,-1,571.802,570.658,798.087,549.657,-1,-1,-1,-1,-1,-1,-1,-1,2,0,2,0,2,0,0,0,0,2,2,2,2,2,2,2,2
101,-5509.995,2196.134,51.469,-19.845,0.940145,0.338649,-0.038010,-0.339316,0.940589,-0.012541,0.031504,0.024688,0.999199,0,0.72529,0.13105,18.489,0.463,-1,751.312,-1,732.569,-1,585.922,583.617,805.986,546.784,-1,-1,-1,-1,-1,-1,-1,-1,2,0,2,0,2,0,0,0,0,2,2,2,2,2,2,2,2
102,-5491.778,2191.160,51.995,-19.442,0.942437,0.331781,-0.041648,-0.332659,0.942910,-0.016101,0.033929,0.029029,0.999003,0,0.72710,0.12675,18.884,0.404,-1,768.510,-1,737.861,-1,595.035,590.243,805.987,538.674,-1,-1,-1,-1,-1,-1,-1,-1,2,0,2,0,2,0,0,0,0,2,2,2,2,2,2,2,2
103,-5473.264,2185.896,51.753,-19.094,0.944411,0.325838,-0.043799,-0.326929,0.944828,-0.020426,0.034727,0.033609,0.998832,0,0.72865,0.12307,19.248,0.347,-1,777.814,-1,735.636,-1,598.644,591.142,801.052,528.084,-1,-1,-1,-1,-1,-1,-1,-1,2,0,2,0,2,0,0,0,0,2,2,2,2,2,2,2,2
104,-5454.396,2180.893,50.816,-18.665,0.946888,0.318540,-0.043988,-0.319857,0.947083,-0.026936,0.033080,0.039575,0.998669,0,0.72996,0.11996,19.520,0.430,-1,776.864,-1,721.968,-1,594.679,584.284,797.798,512.847,-1,-1,-1,-1,-1,-1,-1,-1,2,0,2,0,2,0,0,0,0,2,2,2,2,2,2,2,2
105,-5435.204,2175.798,49.227,-18.284,0.949108,0.312196,-0.041551,-0.313594,0.948990,-0.032812,0.029188,0.044173,0.998597,0,0.73161,0.11603,19.857,0.381,-1,763.850,-1,700.962,-1,583.448,571.292,790.664,498.634,-1,-1,-1,-1,-1,-1,-1,-1,2,0,2,0,2,0,0,0,0,2,2,2,2,2,2,2,2
106,-5415.661,2170.516,47.023,-17.980,0.950908,0.307343,-0.036240,-0.308608,0.950475,-0.036854,0.023119,0.046229,0.998663,0,0.73306,0.11259,20.244,0.304,-1,738.579,-1,674.688,-1,565.391,552.650,788.096,487.547,-1,-1,-1,-1,-1,-1,-1,-1,2,0,2,0,2,0,0,0,0,2,2,2,2,2,2,2,2
107,-5395.670,2165.270,44.560,-17.733,0.952371,0.303607,-0.028497,-0.304544,0.951735,-0.038116,0.015549,0.044979,0.998867,0,0.73418,0.10993,20.668,0.247,-1,704.991,-1,647.350,-1,543.326,531.383,783.919,481.905,-1,-1,-1,-1,-1,-1,-1,-1,2,0,2,0,2,0,0,0,0,2,2,2,2,2,2,2,2
108,-5374.998,2160.090,42.428,-17.494,0.953699,0.299951,-0.022067,-0.300594,0.953050,-0.036586,0.010057,0.041526,0.999087,0,0.73506,0.10784,21.311,0.239,-1,678.605,-1,629.539,-1,526.875,516.409,778.014,481.352,-1,-1,-1,-1,-1,-1,-1,-1,2,0,2,0,2,0,0,0,0,2,2,2,2,2,2,2,2
109,-5353.556,2154.935,41.138,-17.238,0.955041,0.295815,-0.019740,-0.296335,0.954510,-0.033112,0.009047,0.037473,0.999257,0,0.73590,0.10584,22.053,0.256,-1,669.268,-1,627.159,-1,522.096,513.110,772.568,484.679,-1,-1,-1,-1,-1,653.165,-1,-1,2,0,2,0,2,0,0,0,0,2,2,2,2,2,1,2,2
110,-5331.472,2149.487,40.731,-17.001,0.956234,0.291826,-0.021331,-0.292362,0.955867,-0.029031,0.011918,0.033996,0.999351,0,0.73682,0.10367,22.746,0.238,-1,675.706,-1,637.139,-1,527.755,519.799,769.007,489.834,-1,-1,-1,-1,-1,637.105,-1,-1,2,0,2,0,2,0,0,0,0,2,2,2,2,2,1,2,2
111,-5308.915,2143.798,41.137,-16.789,0.957249,0.288210,-0.024682,-0.288810,0.957041,-0.025709,0.016212,0.031738,0.999365,0,0.73764,0.10171,23.263,0.212,-1,690.868,-1,645.048,-1,539.235,531.138,751.077,495.135,-1,-1,-1,-1,-1,620.586,-1,-1,2,0,2,1,2,0,0,0,0,2,2,2,2,2,1,2,2
112,-5286.020,2137.913,42.208,-16.582,0.958218,0.284664,-0.028027,-0.285336,0.958130,-0.023873,0.020057,0.030873,0.999322,0,0.73835,0.10002,23.640,0.207,-1,708.064,-1,621.094,-1,552.031,543.672,730.385,499.881,-1,-1,-1,-1,-1,603.619,-1,-1,2,0,2,1,2,0,0,0,0,2,2,2,2,2,1,2,2
113,-5258.064,2130.763,43.922,-16.315,0.959470,0.280064,-0.031340,-0.280846,0.959449,-0.024148,0.023306,0.031970,0.999217,0,0.73904,0.09839,28.855,0.267,-1,727.983,-1,593.042,-1,565.734,556.506,709.808,502.692,-1,-1,-1,-1,-1,582.860,-1,-1,2,0,2,1,2,0,0,0,0,2,2,2,2,2,1,2,2
114,-5239.174,2125.906,45.022,-16.140,0.960309,0.277063,-0.032288,-0.277902,0.960279,-0.025192,0.024026,0.033165,0.999161,0,0.73994,0.09626,19.505,0.175,-1,737.015,-1,579.177,-1,571.962,561.628,707.801,503.520,-1,-1,-1,-1,-1,572.841,-1,-1,2,0,2,1,2,0,0,0,0,2,2,2,2,2,1,2,2
115,-5215.309,2119.738,46.234,-15.929,0.961343,0.273483,-0.032045,-0.274364,0.961238,-0.027313,0.023333,0.035049,0.999113,0,0.74052,0.09487,24.650,0.211,-1,741.382,-1,561.224,-1,575.811,564.147,707.291,503.270,-1,-1,-1,-1,-1,559.359,-1,-1,2,0,2,1,2,0,0,0,0,2,2,2,2,2,1,2,2
116,-5191.072,2113.552,47.136,-15.726,0.962345,0.270083,-0.030787,-0.270965,0.962142,-0.029341,0.021697,0.036578,0.999095,0,0.74121,0.09323,25.013,0.203,-1,740.766,-1,542.998,-1,576.357,564.110,705.763,502.832,-1,-1,-1,-1,-1,522.818,-1,-1,2,0,2,1,2,0,0,0,0,2,2,2,2,2,1,2,2
117,-5166.374,2107.370,47.608,-15.518,0.963348,0.266621,-0.029549,-0.267488,0.963069,-0.030808,0.020244,0.037582,0.999088,0,0.74187,0.09167,25.461,0.207,-1,738.799,-1,528.738,-1,576.043,563.125,704.805,502.327,-1,-1,-1,-1,-1,507.786,-1,-1,2,0,2,1,2,0,0,0,0,2,2,2,2,2,1,2,2
118,-5141.337,2101.157,47.738,-15.334,0.964241,0.263596,-0.027517,-0.264408,0.963883,-0.031915,0.018111,0.038049,0.999112,0,0.68129,0.15493,25.796,0.184,-1,733.226,-1,513.803,-1,573.181,559.906,693.301,501.847,-1,-1,-1,-1,-1,521.592,-1,-1,2,0,2,1,2,0,0,0,0,2,2,2,2,2,1,2,2
119,-5116.035,2095.042,47.768,-15.135,0.965202,0.260344,-0.024622,-0.261070,0.964746,-0.033289,0.015088,0.038559,0.999142,0,0.68181,0.15357,26.031,0.199,-1,724.725,-1,496.038,-1,568.132,554.582,664.502,500.861,-1,-1,-1,-1,-1,516.554,-1,-1,2,0,2,1,2,0,0,0,0,2,2,2,2,2,1,2,2
120,-5090.333,2089.006,47.777,-14.921,0.966200,0.256799,-0.022633,-0.257461,0.965688,-0.034077,0.013106,0.038752,0.999163,0,0.68239,0.15206,26.401,0.215,-1,718.428,-1,479.900,-1,565.201,551.529,635.528,500.548,-1,-1,-1,-1,-1,509.042,-1,-1,2,0,2,1,2,0,0,0,0,2,2,2,2,2,1,2,2
121,-5064.277,2083.061,47.800,-14.680,0.967275,0.252737,-0.022432,-0.253397,0.966751,-0.034376,0.012998,0.038935,0.999157,0,0.68303,0.15040,26.726,0.241,-1,715.916,-1,464.147,-1,566.194,552.315,603.100,500.559,-1,-1,-1,-1,-1,-1,-1,-1,2,0,2,1,2,0,0,0,0,2,2,2,2,2,2,2,2
122,-5038.362,2076.904,48.667,-14.463,0.968154,0.248797,-0.027893,-0.249722,0.967613,-0.036926,0.017803,0.042715,0.998929,0,0.68378,0.14847,26.637,0.216,-1,732.372,-1,448.356,-1,580.121,564.809,578.748,496.451,-1,-1,-1,-1,-1,-1,-1,-1,2,0,2,1,2,0,0,0,0,2,2,2,2,2,2,2,2
123,-5012.510,2070.156,50.504,-14.379,0.968349,0.246827,-0.037091,-0.248245,0.967859,-0.040290,0.025954,0.048223,0.998499,0,0.68442,0.14680,26.718,0.085,-1,763.393,-1,444.425,-1,603.170,586.905,559.551,492.131,-1,-1,-1,-1,-1,-1,-1,-1,2,0,2,1,2,0,0,0,0,2,2,2,2,2,2,2,2
124,-4986.442,2063.340,52.795,-14.287,0.968491,0.244560,-0.047067,-0.246629,0.968078,-0.044707,0.034631,0.054906,0.997891,0,0.68455,0.14648,26.945,0.092,-1,798.406,-1,425.592,-1,629.877,610.838,585.867,487.072,-1,-1,-1,-1,-1,-1,-1,-1,2,0,2,1,2,0,0,0,0,2,2,2,2,2,2,2,2
125,-4960.258,2056.805,54.953,-14.157,0.968860,0.241865,-0.053017,-0.244378,0.968516,-0.047494,0.039861,0.058972,0.997464,0,0.68470,0.14610,26.987,0.130,-1,821.488,-1,406.661,-1,645.929,627.777,611.300,486.248,-1,-1,-1,-1,-1,-1,-1,-1,2,0,2,1,2,0,0,0,0,2,2,2,2,2,2,2,2
126,-4934.150,2050.542,56.664,-14.061,0.969252,0.240263,-0.053142,-0.242763,0.968949,-0.046957,0.040210,0.058414,0.997482,0,0.68500,0.14531,26.848,0.095,-1,823.531,-1,389.894,-1,649.307,632.670,619.779,492.109,-1,-1,-1,-1,-1,-1,-1,-1,2,0,2,1,2,0,0,0,0,2,2,2,2,2,2,2,2
127,-4902.685,2043.559,57.834,-13.898,0.970083,0.237912,-0.048331,-0.240035,0.969757,-0.044209,0.036352,0.054488,0.997853,0,0.68517,0.14487,32.231,0.163,-1,806.882,-1,381.782,-1,640.871,626.339,614.649,502.369,-1,-1,-1,-1,-1,-1,-1,-1,2,0,2,1,2,0,0,0,0,2,2,2,2,2,2,2,2
128,-4881.898,2039.148,57.899,-13.811,0.970615,0.236882,-0.042357,-0.238602,0.970226,-0.041608,0.031240,0.050492,0.998236,0,-0.27067,-0.13978,21.250,0.087,-1,785.228,-1,379.864,-1,627.825,615.120,604.219,509.738,-1,-1,-1,-1,-1,-1,-1,-1,2,0,2,1,2,0,0,0,0,2,2,2,2,2,2,2,2
129,-4856.385,2033.726,57.037,-13.767,0.971034,0.236808,-0.031875,-0.237919,0.970568,-0.037320,0.022100,0.043823,0.998795,0,-0.27074,-0.14027,26.083,0.044,-1,747.594,-1,373.948,-1,603.755,593.770,584.012,519.552,-1,-1,-1,-1,-1,-1,-1,-1,2,0,2,1,2,0,0,0,0,2,2,2,2,2,2,2,2
130,-4831.532,2028.224,55.057,-13.814,0.971029,0.238265,-0.018250,-0.238752,0.970547,-0.032175,0.010047,0.035600,0.999316,0,-0.27074,-0.14024,25.455,-0.046,-1,700.584,-1,363.522,-1,572.203,565.244,556.587,529.562,-1,-1,-1,-1,-1,-1,-1,-1,2,0,2,1,2,0,0,0,0,2,2,2,2,2,2,2,2
131,-4807.280,2022.644,52.012,-13.895,0.970727,0.240178,-0.001825,-0.240133,0.970331,-0.028169,-0.004995,0.027782,0.999602,0,-0.27059,-0.13930,24.885,-0.081,-1,647.493,-1,349.757,-1,534.560,530.249,527.590,535.772,-1,-1,-1,-1,-1,-1,-1,-1,2,0,2,1,2,0,0,0,0,2,2,2,2,2,2,2,2
132,-4783.718,2017.143,48.271,-13.987,0.970115,0.242089,0.016459,-0.241640,0.970037,-0.025268,-0.022083,0.020536,0.999545,0,-0.27040,-0.13802,24.196,-0.092,-1,592.858,-1,334.410,-1,494.389,492.349,500.429,538.713,-1,-1,-1,-1,1005.514,-1,-1,-1,2,0,2,1,2,0,0,0,0,2,2,2,2,0,2,2,2
133,-4760.583,2011.693,44.934,-14.065,0.969435,0.243513,0.029943,-0.242873,0.969774,-0.023480,-0.034756,0.015490,0.999276,0,-0.27019,-0.13663,23.769,-0.078,-1,553.607,-1,321.994,-1,464.905,464.445,482.055,538.249,-1,-1,-1,-1,916.317,-1,-1,-1,2,0,2,1,2,0,0,0,0,2,2,2,2,0,2,2,2
134,-4737.999,2006.013,42.776,-14.146,0.968889,0.244897,0.035760,-0.244201,0.969457,-0.022768,-0.040243,0.013327,0.999101,0,-0.27000,-0.13539,23.287,-0.081,-1,534.538,-1,313.240,-1,450.540,450.879,473.854,535.939,-1,-1,-1,-1,876.408,-1,-1,-1,2,0,2,1,2,0,0,0,0,2,2,2,2,0,2,2,2
135,-4715.945,2000.225,41.833,-14.228,0.968586,0.246277,0.034490,-0.245592,0.969102,-0.022909,-0.039066,0.013719,0.999142,0,-0.26980,-0.13411,22.801,-0.082,-1,532.769,-1,311.165,-1,449.291,449.953,474.825,532.499,-1,-1,-1,-1,875.628,-1,-1,-1,2,0,2,1,2,0,0,0,0,2,2,2,2,0,2,2,2
136,-4697.311,1995.321,42.222,-14.516,0.967389,0.251178,0.032689,-0.250472,0.967821,-0.024217,-0.037720,0.015240,0.999172,0,-0.26961,-0.13282,19.269,-0.288,-1,535.689,-1,550.275,-1,451.726,452.379,481.694,530.561,-1,-1,-1,-1,883.794,-1,-1,-1,2,0,2,0,2,0,0,0,0,2,2,2,2,0,2,2,2
137,-4688.260,1993.695,43.966,-14.948,0.965166,0.258554,0.040047,-0.257677,0.965887,-0.025782,-0.045347,0.014565,0.998865,0,-0.26911,-0.12954,9.195,-0.432,-1,524.639,-1,539.204,-1,443.469,444.359,486.085,536.347,-1,-1,-1,-1,855.629,-1,-1,-1,2,0,2,0,2,0,0,0,0,2,2,2,2,0,2,2,2
138,-4685.202,1993.971,46.511,-15.344,0.962927,0.265209,0.049347,-0.264228,0.964122,-0.025557,-0.054354,0.011571,0.998455,0,-0.26842,-0.12506,3.071,-0.396,-1,512.526,-1,287.496,-1,435.018,436.537,487.238,549.533,-1,-1,-1,-1,824.088,-1,-1,-1,2,0,2,1,2,0,0,0,0,2,2,2,2,0,2,2,2
139,-7680.555,7540.876,48.910,-109.429,-0.332577,0.943074,0.001820,-0.942882,-0.332547,0.019664,0.019149,0.004824,0.999805,1,-0.26782,-0.12109,0.000,0.000,-1,667.198,-1,701.329,-1,542.982,558.888,564.870,500.992,-1,-1,-1,-1,-1,-1,-1,-1,2,0,2,0,2,0,0,0,0,2,2,2,2,2,2,2,2
140,-7680.400,7541.289,50.462,-109.427,-0.332545,0.943087,0.001038,-0.942913,-0.332504,0.018879,0.018150,0.005299,0.999821,0,0.36128,0.65413,0.441,0.002,-1,669.607,-1,702.597,-1,544.913,560.523,570.971,504.363,-1,-1,-1,-1,-1,-1,-1,-1,2,0,2,0,2,0,0,0,0,2,2,2,2,2,2,2,2
141,-7680.342,7541.240,50.738,-109.410,-0.332268,0.943185,0.000488,-0.942999,-0.332213,0.019689,0.018733,0.006082,0.999806,0,0.36128,0.65413,0.076,0.017,-1,672.866,-1,704.102,-1,546.960,562.158,573.908,503.621,-1,-1,-1,-1,-1,-1,-1,-1,2,0,2,0,2,0,0,0,0,2,2,2,2,2,2,2,2
142,-7680.373,7540.703,49.754,-109.366,-0.331536,0.943443,0.000237,-0.943209,-0.331460,0.022155,0.020981,0.007121,0.999755,0,0.36128,0.65413,0.538,0.044,-1,677.383,-1,706.135,-1,549.289,563.996,573.678,498.930,-1,-1,-1,-1,-1,-1,-1,-1,2,0,2,0,2,0,0,0,0,2,2,2,2,2,2,2,2
143,-7680.512,7539.683,47.775,-109.307,-0.330536,0.943793,0.000937,-0.943474,-0.330450,0.025692,0.024558,0.007608,0.999669,0,0.36128,0.65413,1.030,0.059,-1,682.628,-1,709.212,-1,551.659,566.199,569.049,492.636,-1,-1,-1,-1,-1,-1,-1,-1,2,0,2,0,2,0,0,0,0,2,2,2,2,2,2,2,2
144,-7680.680,7538.268,45.509,-109.239,-0.329384,0.944194,0.001939,-0.943796,-0.329304,0.028444,0.027495,0.007539,0.999593,0,0.36128,0.65413,1.424,0.068,-1,684.380,-1,710.316,-1,551.901,566.499,561.861,486.598,-1,-1,-1,-1,-1,-1,-1,-1,2,0,2,0,2,0,0,0,0,2,2,2,2,2,2,2,2
145,-7680.859,7536.517,43.525,-109.161,-0.328085,0.944644,0.002813,-0.944206,-0.328021,0.029603,0.028887,0.007056,0.999558,0,0.36128,0.65413,1.761,0.078,-1,681.714,-1,708.656,-1,549.548,564.366,554.335,481.954,-1,-1,-1,-1,-1,-1,-1,-1,2,0,2,0,2,0,0,0,0,2,2,2,2,2,2,2,2
146,-7681.086,7534.440,42.202,-109.078,-0.326719,0.945115,0.003470,-0.944682,-0.326677,0.029293,0.028819,0.006293,0.999565,0,0.36128,0.65413,2.089,0.083,-1,676.348,-1,705.323,-1,545.762,560.884,548.162,479.460,-1,-1,-1,-1,-1,-1,-1,-1,2,0,2,0,2,0,0,0,0,2,2,2,2,2,2,2,2
147,-7681.369,7532.025,41.698,-108.986,-0.325210,0.945634,0.003728,-0.945232,-0.325183,0.028157,0.027838,0.005633,0.999597,0,0.36128,0.65413,2.432,0.092,-1,671.059,-1,701.740,-1,542.151,557.496,544.926,478.884,-1,-1,-1,-1,-1,-1,-1,-1,2,0,2,0,2,0,0,0,0,2,2,2,2,2,2,2,2
148,-7681.697,7529.242,41.958,-108.877,-0.323418,0.946250,0.003505,-0.945884,-0.323393,0.026843,0.026534,0.005367,0.999633,0,0.36128,0.65413,2.803,0.109,-1,667.868,-1,698.958,-1,539.833,555.199,545.220,479.589,-1,-1,-1,-1,-1,-1,-1,-1,2,0,2,0,2,0,0,0,0,2,2,2,2,2,2,2,2
149,-7682.038,7526.073,42.773,-108.740,-0.321178,0.947015,0.002809,-0.946681,-0.321141,0.025776,0.025313,0.005619,0.999664,0,0.36128,0.65413,3.187,0.136,-1,667.456,-1,697.312,-1,539.109,554.255,548.699,480.789,-1,-1,-1,-1,-1,-1,-1,-1,2,0,2,0,2,0,0,0,0,2,2,2,2,2,2,2,2
150,-7682.389,7522.522,43.865,-108.578,-0.318505,0.947919,0.001952,-0.947607,-0.318452,0.025099,0.024413,0.006145,0.999683,0,0.36128,0.65413,3.569,0.162,-1,669.346,-1,696.844,-1,539.717,554.508,553.873,482.209,-1,-1,-1,-1,-1,-1,-1,-1,2,0,2,0,2,0,0,0,0,2,2,2,2,2,2,2,2
151,-7682.760,7518.599,44.949,-108.396,-0.315495,0.948927,0.001210,-0.948628,-0.315427,0.024724,0.023842,0.006653,0.999694,0,0.36128,0.65413,3.941,0.182,-1,672.271,-1,697.066,-1,540.917,555.341,559.064,483.615,-1,-1,-1,-1,-1,-1,-1,-1,2,0,2,0,2,0,0,0,0,2,2,2,2,2,2,2,2
152,-7683.119,7514.314,45.805,-108.188,-0.312054,0.950064,0.000556,-0.949774,-0.311973,0.024536,0.023484,0.007128,0.999699,0,0.36128,0.65413,4.300,0.208,-1,675.101,-1,697.147,-1,541.916,555.986,563.469,484.431,-1,-1,-1,-1,-1,-1,-1,-1,2,0,2,0,2,0,0,0,0,2,2,2,2,2,2,2,2
153,-7683.470,7509.679,46.320,-107.964,-0.308341,0.951276,0.000079,-0.950992,-0.308251,0.024406,0.023241,0.007450,0.999702,0,0.36128,0.65413,4.648,0.224,-1,677.016,-1,696.546,-1,542.240,556.019,566.309,484.578,-1,-1,-1,-1,-1,-1,-1,-1,2,0,2,0,2,0,0,0,0,2,2,2,2,2,2,2,2
154,-7683.808,7504.713,46.476,-107.724,-0.304355,0.952559,-0.000227,-0.952281,-0.304261,0.024195,0.022978,0.007580,0.999707,0,0.36128,0.65413,4.977,0.240,-1,677.477,-1,695.081,-1,541.561,554.992,567.496,484.040,-1,-1,-1,-1,-1,-1,-1,-1,2,0,2,0,2,0,0,0,0,2,2,2,2,2,2,2,2
155,-7684.113,7499.429,46.335,-107.464,-0.300024,0.953932,-0.000411,-0.953663,-0.299929,0.023868,0.022645,0.007553,0.999715,0,0.36128,0.65413,5.293,0.261,-1,676.587,-1,692.773,-1,539.941,553.163,567.331,482.923,-1,-1,-1,-1,-1,-1,-1,-1,2,0,2,0,2,0,0,0,0,2,2,2,2,2,2,2,2
156,-7684.389,7493.845,46.019,-107.188,-0.295427,0.955365,-0.000441,-0.955106,-0.295336,0.023438,0.022262,0.007346,0.999725,0,0.36128,0.65413,5.591,0.276,-1,674.793,-1,689.991,-1,537.721,550.702,566.156,481.761,-1,-1,-1,-1,-1,-1,-1,-1,2,0,2,0,2,0,0,0,0,2,2,2,2,2,2,2,2
157,-7684.855,7487.948,45.658,-106.927,-0.291076,0.956700,0.000037,-0.956449,-0.291000,0.022890,0.021910,0.006628,0.999738,0,0.36128,0.65413,5.915,0.261,-1,672.450,-1,687.482,-1,535.398,548.314,563.657,481.826,-1,-1,-1,-1,-1,-1,-1,-1,2,0,2,0,2,0,0,0,0,2,2,2,2,2,2,2,2
158,-7685.534,7481.724,45.322,-106.697,-0.287246,0.957857,0.000271,-0.957613,-0.287179,0.022471,0.021602,0.006195,0.999747,0,0.36128,0.65413,6.261,0.229,-1,670.624,-1,684.827,-1,533.332,546.066,562.080,481.417,-1,-1,-1,-1,-1,-1,-1,-1,2,0,2,0,2,0,0,0,0,2,2,2,2,2,2,2,2
159,-7686.422,7475.186,45.062,-106.496,-0.283881,0.958860,0.000014,-0.958621,-0.283811,0.022306,0.021392,0.006318,0.999751,0,0.36128,0.65413,6.598,0.201,-1,669.934,-1,681.697,-1,531.802,544.128,562.252,480.170,-1,-1,-1,-1,-1,-1,-1,-1,2,0,2,0,2,0,0,0,0,2,2,2,2,2,2,2,2
160,-7687.442,7468.355,44.934,-106.296,-0.280535,0.959844,-0.000701,-0.959612,-0.280451,0.022181,0.021094,0.006896,0.999754,0,0.36128,0.65413,6.906,0.200,-1,669.700,-1,678.299,-1,530.502,542.234,564.014,478.409,-1,-1,-1,-1,-1,-1,-1,-1,2,0,2,0,2,0,0,0,0,2,2,2,2,2,2,2,2
161,-7688.509,7461.272,44.976,-106.085,-0.277002,0.960868,-0.001612,-0.960651,-0.276903,0.021808,0.020508,0.007590,0.999761,0,0.36128,0.65413,7.163,0.211,-1,669.381,-1,674.498,-1,529.550,540.135,566.597,476.857,-1,-1,-1,-1,-1,-1,-1,-1,2,0,2,0,2,0,0,0,0,2,2,2,2,2,2,2,2
162,-7689.544,7453.954,45.181,-105.856,-0.273168,0.961963,-0.002612,-0.961767,-0.273055,0.021095,0.019579,0.008275,0.999774,0,0.36128,0.65413,7.391,0.229,-1,668.879,-1,670.237,-1,528.321,537.719,569.772,475.731,-1,-1,-1,-1,-1,-1,-1,-1,2,0,2,0,2,0,0,0,0,2,2,2,2,2,2,2,2
163,-7690.484,7446.470,45.458,-105.606,-0.268978,0.963138,-0.004081,-0.962975,-0.268847,0.020025,0.018189,0.009316,0.999791,0,0.25041,0.55242,7.543,0.250,-1,667.547,-1,664.786,-1,526.400,534.495,574.081,474.085,-1,-1,-1,-1,-1,-1,-1,-1,2,0,2,0,2,0,0,0,0,2,2,2,2,2,2,2,2
164,-7691.459,7438.869,45.737,-105.365,-0.264931,0.964254,-0.005098,-0.964117,-0.264793,0.019063,0.017032,0.009966,0.999805,0,0.25041,0.55242,7.664,0.241,-1,666.538,-1,660.597,-1,524.900,531.809,577.372,473.206,-1,-1,-1,-1,-1,-1,-1,-1,2,0,2,0,2,0,0,0,0,2,2,2,2,2,2,2,2
165,-7692.382,7431.191,45.984,-105.130,-0.260968,0.965328,-0.006118,-0.965210,-0.260818,0.018512,0.016275,0.010736,0.999810,0,0.25041,0.55242,7.733,0.236,-1,666.791,-1,657.210,-1,524.157,529.780,580.969,472.065,-1,-1,-1,-1,-1,-1,-1,-1,2,0,2,0,2,0,0,0,0,2,2,2,2,2,2,2,2
166,-7693.267,7423.473,46.201,-104.898,-0.257064,0.966370,-0.006950,-0.966264,-0.256904,0.018309,0.015908,0.011422,0.999808,0,0.25041,0.55242,7.768,0.232,-1,668.072,-1,654.720,-1,524.111,528.427,584.332,471.050,-1,-1,-1,-1,-1,-1,-1,-1,2,0,2,0,2,0,0,0,0,2,2,2,2,2,2,2,2
167,-7694.139,7415.690,46.377,-104.667,-0.253173,0.967393,-0.007431,-0.967291,-0.253005,0.018340,0.015862,0.011831,0.999804,0,0.25041,0.55242,7.832,0.231,-1,669.944,-1,652.752,-1,524.429,527.780,586.904,470.470,-1,-1,-1,-1,-1,-1,-1,-1,2,0,2,0,2,0,0,0,0,2,2,2,2,2,2,2,2
168,-7695.007,7407.863,46.527,-104.442,-0.249361,0.968381,-0.007613,-0.968279,-0.249190,0.018441,0.015960,0.011970,0.999801,0,0.25041,0.55242,7.875,0.226,-1,671.904,-1,651.247,-1,524.541,527.833,588.713,470.897,-1,-1,-1,-1,-1,-1,-1,-1,2,0,2,0,2,0,0,0,0,2,2,2,2,2,2,2,2
169,-7695.868,7400.075,46.728,-104.226,-0.245712,0.969313,-0.007618,-0.969212,-0.245542,0.018387,0.015952,0.011902,0.999802,0,0.25041,0.55242,7.836,0.216,-1,673.479,-1,649.808,-1,524.543,527.850,590.142,472.164,-1,-1,-1,-1,-1,-1,-1,-1,2,0,2,0,2,0,0,0,0,2,2,2,2,2,2,2,2
170,-7696.721,7392.252,46.974,-104.008,-0.242031,0.970239,-0.007616,-0.970141,-0.241864,0.018124,0.015742,0.011775,0.999807,0,0.25041,0.55242,7.869,0.218,-1,674.524,-1,648.064,-1,524.258,527.598,591.536,473.694,-1,-1,-1,-1,-1,-1,-1,-1,2,0,2,0,2,0,0,0,0,2,2,2,2,2,2,2,2
171,-7697.562,7384.353,47.187,-103.787,-0.238290,0.971164,-0.007660,-0.971076,-0.238130,0.017463,0.015136,0.011599,0.999818,0,0.25041,0.55242,7.944,0.221,-1,674.178,-1,645.361,-1,523.126,526.433,592.632,475.191,-1,-1,-1,-1,-1,-1,-1,-1,2,0,2,0,2,0,0,0,0,2,2,2,2,2,2,2,2
172,-7698.399,7376.374,47.327,-103.566,-0.234534,0.972077,-0.007748,-0.972004,-0.234385,0.016487,0.014210,0.011398,0.999834,0,0.25041,0.55242,8.023,0.222,-1,673.047,-1,641.774,-1,521.447,524.163,593.377,476.518,-1,-1,-1,-1,-1,-1,-1,-1,2,0,2,0,2,0,0,0,0,2,2,2,2,2,2,2,2
173,-7699.239,7368.313,47.397,-103.346,-0.230807,0.972967,-0.007953,-0.972910,-0.230668,0.015420,0.013169,0.011296,0.999849,0,0.25041,0.55242,8.105,0.220,-1,671.398,-1,637.687,-1,519.719,521.513,594.151,477.479,-1,-1,-1,-1,-1,-1,-1,-1,2,0,2,0,2,0,0,0,0,2,2,2,2,2,2,2,2
174,-7700.091,7360.173,47.415,-103.130,-0.227149,0.973825,-0.008255,-0.973784,-0.227017,0.014432,0.012180,0.011316,0.999862,0,0.25061,0.55242,8.184,0.216,-1,669.878,-1,633.911,-1,518.000,518.833,595.106,478.101,-1,-1,-1,-1,-1,-1,-1,-1,2,0,2,0,2,0,0,0,0,2,2,2,2,2,2,2,2
175,-7700.956,7351.997,47.434,-102.922,-0.223616,0.974640,-0.008515,-0.974613,-0.223493,0.013392,0.011150,0.011293,0.999874,0,0.25103,0.55242,8.222,0.208,-1,668.172,-1,630.095,-1,516.199,516.104,595.963,478.793,-1,-1,-1,-1,-1,-1,-1,-1,2,0,2,0,2,0,0,0,0,2,2,2,2,2,2,2,2
176,-7701.821,7343.791,47.489,-102.721,-0.220185,0.975418,-0.008821,-0.975406,-0.220070,0.012356,0.010111,0.011325,0.999885,0,0.25144,0.55242,8.252,0.202,-1,666.320,-1,626.335,-1,514.488,513.449,597.104,479.481,-1,-1,-1,-1,-1,-1,-1,-1,2,0,2,0,2,0,0,0,0,2,2,2,2,2,2,2,2
177,-7702.687,7335.505,47.586,-102.524,-0.216847,0.976163,-0.009102,-0.976159,-0.216736,0.011828,0.009574,0.011450,0.999889,0,0.25183,0.55242,8.330,0.196,-1,666.133,-1,623.728,-1,513.872,511.761,598.732,480.172,-1,-1,-1,-1,-1,-1,-1,-1,2,0,2,0,2,0,0,0,0,2,2,2,2,2,2,2,2
178,-7703.571,7327.052,47.749,-102.322,-0.213400,0.976925,-0.008853,-0.976913,-0.213286,0.012253,0.010082,0.011263,0.999886,0,0.25220,0.55242,8.500,0.202,-1,669.067,-1,623.765,-1,515.383,512.086,600.053,481.717,-1,-1,-1,-1,-1,-1,-1,-1,2,0,2,0,2,0,0,0,0,2,2,2,2,2,2,2,2
179,-7704.479,7318.443,47.960,-102.123,-0.209999,0.977667,-0.008291,-0.977638,-0.209881,0.013171,0.011137,0.010872,0.999879,0,0.25259,0.55242,8.656,0.199,-1,673.655,-1,625.251,-1,518.045,514.063,601.143,483.836,-1,-1,-1,-1,-1,-1,-1,-1,2,0,2,0,2,0,0,0,0,2,2,2,2,2,2,2,2
180,-7705.428,7309.713,48.208,-101.934,-0.206764,0.978361,-0.007687,-0.978314,-0.206643,0.014140,0.012245,0.010444,0.999870,0,0.25297,0.55242,8.781,0.189,-1,678.502,-1,626.906,-1,520.903,516.373,602.310,486.127,-1,-1,-1,-1,-1,-1,-1,-1,2,0,2,0,2,0,0,0,0,2,2,2,2,2,2,2,2
181,-7706.402,7300.877,48.502,-101.751,-0.203639,0.979020,-0.007187,-0.978957,-0.203516,0.014979,0.013202,0.010086,0.999862,0,0.25333,0.55242,8.890,0.183,-1,683.131,-1,627.960,-1,523.244,518.504,603.831,488.405,-1,-1,-1,-1,-1,-1,-1,-1,2,0,2,0,2,0,0,0,0,2,2,2,2,2,2,2,2
182,-7707.393,7291.942,48.836,-101.572,-0.200575,0.979655,-0.006821,-0.979580,-0.200451,0.015580,0.013896,0.009807,0.999855,0,0.25367,0.55242,8.989,0.179,-1,687.880,-1,628.485,-1,524.907,520.234,605.687,490.627,-1,-1,-1,-1,-1,-1,-1,-1,2,0,2,0,2,0,0,0,0,2,2,2,2,2,2,2,2
183,-7708.401,7282.924,49.207,-101.395,-0.197546,0.980271,-0.006590,-0.980188,-0.197422,0.015998,0.014381,0.009619,0.999850,0,0.25401,0.55242,9.075,0.177,-1,692.181,-1,628.620,-1,526.841,521.642,607.874,492.761,-1,-1,-1,-1,-1,-1,-1,-1,2,0,2,0,2,0,0,0,0,2,2,2,2,2,2,2,2
184,-7709.475,7273.654,49.622,-101.223,-0.194612,0.980860,-0.006322,-0.980760,-0.194483,0.016921,0.015368,0.009493,0.999837,0,0.52028,0.58790,9.332,0.171,-1,698.411,-1,630.261,-1,530.016,523.765,610.320,495.235,-1,-1,-1,-1,-1,-1,-1,-1,2,0,2,0,2,0,0,0,0,2,2,2,2,2,2,2,2
185,-7710.696,7263.869,50.055,-101.074,-0.192043,0.981371,-0.005458,-0.981238,-0.191914,0.018462,0.017071,0.008901,0.999815,0,0.52092,0.58790,9.861,0.150,-1,706.200,-1,633.778,-1,534.558,526.899,611.793,498.687,-1,-1,-1,-1,-1,-1,-1,-1,2,0,2,0,2,0,0,0,0,2,2,2,2,2,2,2,2
186,-7711.940,7253.627,50.471,-100.923,-0.189450,0.981881,-0.004314,-0.981716,-0.189332,0.019652,0.018479,0.007958,0.999798,0,0.52145,0.58790,10.317,0.151,-1,711.593,-1,636.792,-1,538.441,529.500,612.283,502.748,-1,-1,-1,-1,-1,-1,-1,-1,2,0,2,0,2,0,0,0,0,2,2,2,2,2,2,2,2
187,-7713.218,7242.995,50.887,-100.779,-0.186980,0.982360,-0.002797,-0.982178,-0.186888,0.019998,0.019122,0.006487,0.999796,0,0.52197,0.58790,10.708,0.144,-1,714.055,-1,638.419,-1,540.696,530.781,611.305,507.720,-1,-1,-1,-1,-1,-1,-1,-1,2,0,2,0,2,0,0,0,0,2,2,2,2,2,2,2,2
188,-7714.538,7231.967,51.294,-100.641,-0.184625,0.982808,-0.001166,-0.982623,-0.184567,0.019683,0.019129,0.004780,0.999806,0,0.52246,0.58790,11.107,0.137,-1,714.235,-1,638.700,-1,541.599,531.417,609.659,513.094,-1,-1,-1,-1,-1,-1,-1,-1,2,0,2,0,2,0,0,0,0,2,2,2,2,2,2,2,2
189,-7715.941,7220.491,51.630,-100.506,-0.182301,0.983243,-0.000083,-0.983059,-0.182265,0.019357,0.019017,0.003611,0.999813,0,0.52291,0.58790,11.562,0.136,-1,714.529,-1,638.074,-1,542.191,531.711,609.293,517.273,-1,-1,-1,-1,-1,-1,-1,-1,2,0,2,0,2,0,0,0,0,2,2,2,2,2,2,2,2
190,-7717.472,7208.567,51.867,-100.376,-0.180069,0.983654,0.000453,-0.983471,-0.180044,0.019203,0.018971,0.003012,0.999816,0,0.52334,0.58790,12.022,0.130,-1,715.365,-1,634.945,-1,542.616,531.767,610.213,519.866,-1,-1,-1,-1,-1,-1,-1,-1,2,0,2,0,2,0,0,0,0,2,2,2,2,2,2,2,2
191,-7719.130,7196.197,51.981,-100.255,-0.178006,0.984029,0.000331,-0.983845,-0.177979,0.019320,0.019070,0.003113,0.999813,0,0.52374,0.58790,12.481,0.120,-1,716.954,-1,630.383,-1,542.608,531.656,612.706,520.885,-1,-1,-1,-1,-1,-1,-1,-1,2,0,2,0,2,0,0,0,0,2,2,2,2,2,2,2,2
192,-7720.956,7183.409,51.979,-100.147,-0.176146,0.984364,-0.000287,-0.984178,-0.176107,0.019514,0.019158,0.003720,0.999810,0,0.52409,0.58790,12.917,0.108,-1,718.598,-1,625.137,-1,542.989,531.126,616.546,520.677,-1,-1,-1,-1,-1,-1,-1,-1,2,0,2,0,2,0,0,0,0,2,2,2,2,2,2,2,2
193,-7722.947,7170.229,51.899,-100.054,-0.174543,0.984649,-0.001357,-0.984465,-0.174484,0.019573,0.019036,0.004752,0.999807,0,0.52437,0.58790,13.330,0.093,-1,719.689,-1,620.508,-1,542.828,529.723,621.428,519.462,-1,-1,-1,-1,-1,-1,-1,-1,2,0,2,0,2,0,0,0,0,2,2,2,2,2,2,2,2
194,-7725.133,7156.677,51.746,-99.968,-0.173070,0.984906,-0.002756,-0.984727,-0.172984,0.019739,0.018964,0.006131,0.999801,0,0.52457,0.58790,13.727,0.086,-1,720.297,-1,615.662,-1,542.625,527.758,627.154,517.443,-1,-1,-1,-1,-1,-1,-1,-1,2,0,2,0,2,0,0,0,0,2,2,2,2,2,2,2,2
195,-7727.532,7142.777,51.555,-99.917,-0.172188,0.985056,-0.004016,-0.984884,-0.172078,0.019806,0.018819,0.007365,0.999796,0,0.52473,0.58790,14.105,0.051,-1,719.655,-1,610.517,-1,542.063,525.530,632.023,515.568,-1,-1,-1,-1,-1,-1,-1,-1,2,0,2,0,2,0,0,0,0,2,2,2,2,2,2,2,2
196,-7729.971,7128.589,51.368,-99.880,-0.171557,0.985161,-0.005119,-0.985019,-0.171435,0.018619,0.017465,0.008237,0.999814,0,0.52473,0.58790,14.396,0.037,-1,715.042,-1,603.291,-1,539.007,521.174,635.604,514.615,-1,-1,-1,-1,-1,-1,-1,-1,2,0,2,0,2,0,0,0,0,2,2,2,2,2,2,2,2
197,-7732.405,7114.075,51.165,-99.838,-0.170850,0.985278,-0.006076,-0.985182,-0.170733,0.016337,0.015059,0.008777,0.999848,0,0.51234,0.72278,14.717,0.041,-1,707.031,-1,594.288,-1,533.806,514.977,638.082,514.152,-1,-1,-1,-1,-1,-1,-1,-1,2,0,2,0,2,0,0,0,0,2,2,2,2,2,2,2,2
198,-7734.869,7099.176,50.869,-99.792,-0.170065,0.985405,-0.007450,-0.985355,-0.169951,0.013866,0.012397,0.009699,0.999876,0,0.51228,0.72278,15.101,0.046,-1,698.454,-1,584.422,-1,528.025,508.308,641.365,512.346,-1,-1,-1,-1,-1,-1,-1,-1,2,0,2,0,2,0,0,0,0,2,2,2,2,2,2,2,2
199,-7737.410,7083.906,50.494,-99.744,-0.169236,0.985531,-0.009358,-0.985528,-0.169128,0.011385,0.009638,0.011149,0.999891,0,0.51224,0.72278,15.480,0.048,-1,689.932,-1,573.942,-1,522.035,501.440,646.122,509.453,-1,-1,-1,-1,-1,-1,-1,-1,2,0,2,0,2,0,0,0,0,2,2,2,2,2,2,2,2
200,-7740.047,7068.259,50.045,-99.697,-0.168439,0.985644,-0.011591,-0.985687,-0.168340,0.009058,0.006976,0.012951,0.999892,0,0.51220,0.72278,15.868,0.047,-1,681.838,-1,563.304,-1,515.762,494.568,651.991,505.822,-1,-1,-1,-1,-1,-1,-1,-1,2,0,2,0,2,0,0,0,0,2,2,2,2,2,2,2,2
201,-7742.763,7052.228,49.504,-99.655,-0.167707,0.985733,-0.014339,-0.985826,-0.167619,0.007134,0.004628,0.015332,0.999872,0,0.51214,0.72278,16.260,0.043,-1,674.831,-1,552.717,-1,509.311,487.983,659.495,501.068,-1,-1,-1,-1,-1,-1,-1,-1,2,0,2,0,2,0,0,0,0,2,2,2,2,2,2,2,2
202,-7745.623,7035.859,48.936,-99.616,-0.167040,0.985794,-0.017545,-0.985946,-0.166965,0.005712,0.002702,0.018253,0.999830,0,0.51206,0.72278,16.617,0.039,-1,669.312,-1,542.508,-1,503.604,482.002,668.708,495.446,-1,-1,-1,-1,-1,-1,-1,-1,2,0,2,0,2,0,0,0,0,2,2,2,2,2,2,2,2
203,-7748.603,7019.156,48.519,-99.587,-0.166540,0.985836,-0.019792,-0.986034,-0.166477,0.004765,0.001403,0.020309,0.999793,0,0.51196,0.72278,16.967,0.029,-1,665.123,-1,-1,-1,500.081,477.572,675.088,492.198,-1,-1,-1,-1,-1,-1,-1,-1,2,0,2,2,2,0,0,0,0,2,2,2,2,2,2,2,2
204,-7751.615,7002.280,48.669,-99.604,-0.166831,0.985830,-0.017517,-0.985983,-0.166769,0.004970,0.001978,0.018101,0.999834,0,0.51180,0.72278,17.142,-0.017,-1,663.764,-1,-1,-1,500.332,475.291,670.596,497.171,-1,-1,-1,-1,-1,-1,-1,-1,2,0,2,2,2,0,0,0,0,2,2,2,2,2,2,2,2
205,-7754.070,6985.456,49.828,-99.486,-0.164796,0.986220,-0.014542,-0.986298,-0.164659,0.010197,0.007662,0.016023,0.999842,0,0.51144,0.72278,17.003,0.118,-1,679.523,-1,-1,-1,512.769,479.562,670.788,504.437,-1,-1,-1,-1,-1,-1,-1,-1,2,0,2,2,2,0,0,0,0,2,2,2,2,2,2,2,2
206,-7756.119,6968.789,52.191,-99.268,-0.161030,0.986850,-0.014022,-0.986784,-0.160726,0.020619,0.018095,0.017157,0.999689,0,0.51168,0.72278,16.792,0.218,-1,715.786,-1,-1,-1,536.028,491.984,686.136,509.847,-1,-1,-1,-1,-1,-1,-1,-1,2,0,2,2,2,0,0,0,0,2,2,2,2,2,2,2,2
207,-7758.723,6952.408,55.352,-99.205,-0.159901,0.987042,-0.013377,-0.986669,-0.159396,0.032837,0.030279,0.018449,0.999371,0,0.51239,0.72278,16.586,0.063,-1,757.578,-1,-1,-1,556.406,515.654,705.482,516.435,-1,-1,-1,-1,-1,-1,-1,-1,2,0,2,2,2,0,0,0,0,2,2,2,2,2,2,2,2
208,-7761.964,6936.527,58.899,-99.297,-0.161420,0.986803,-0.012770,-0.986021,-0.160723,0.043938,0.041306,0.019684,0.998953,0,0.51240,0.72278,16.208,-0.092,-1,794.727,-1,-1,-1,581.444,-1,726.192,523.628,-1,-1,-1,-1,-1,-1,-1,-1,2,0,2,2,2,0,2,0,0,2,2,2,2,2,2,2,2
209,-7765.541,6921.258,62.131,-99.482,-0.164548,0.986302,-0.011498,-0.985194,-0.163772,0.050708,0.048130,0.019672,0.998647,0,0.51171,0.72278,15.683,-0.185,-1,824.269,-1,-1,-1,597.660,-1,740.521,531.551,-1,-1,-1,-1,-1,-1,-1,-1,2,0,2,2,2,0,2,0,0,2,2,2,2,2,2,2,2
210,-7769.027,6906.023,64.605,-99.669,-0.167738,0.985775,-0.010552,-0.984475,-0.166936,0.054240,0.051707,0.019487,0.998472,0,0.51060,0.72278,15.628,-0.187,-1,836.434,-1,-1,-1,-1,-1,750.306,537.768,-1,-1,-1,-1,-1,-1,-1,-1,2,0,2,2,2,2,2,0,0,2,2,2,2,2,2,2,2
211,-7772.474,6890.782,66.216,-99.847,-0.170782,0.985259,-0.009913,-0.983893,-0.169989,0.055304,0.052804,0.019198,0.998420,0,0.50948,0.72278,15.626,-0.178,-1,838.156,-1,-1,-1,-1,-1,756.637,542.000,-1,-1,-1,-1,-1,-1,-1,-1,2,0,2,2,2,2,2,0,0,2,2,2,2,2,2,2,2
212,-7775.889,6875.440,66.811,-100.009,-0.173558,0.984774,-0.009832,-0.983421,-0.172770,0.055086,0.052549,0.019229,0.998433,0,0.50841,0.72278,15.717,-0.162,-1,833.340,-1,-1,-1,-1,-1,760.480,542.836,-1,-1,-1,-1,-1,-1,-1,-1,2,0,2,2,2,2,2,0,0,2,2,2,2,2,2,2,2
213,-7779.267,6860.086,66.390,-100.150,-0.175998,0.984332,-0.010709,-0.983088,-0.175195,0.053337,0.050625,0.019915,0.998519,0,0.28686,0.46353,15.722,-0.141,-1,821.501,-1,-1,-1,-1,-1,762.777,539.878,-1,-1,-1,-1,-1,-1,-1,-1,2,0,2,2,2,2,2,0,0,2,2,2,2,2,2,2,2
214,-7782.613,6844.846,64.987,-100.273,-0.178153,0.983923,-0.012566,-0.982907,-0.177338,0.049439,0.046415,0.021159,0.998698,0,0.28635,0.46353,15.603,-0.123,-1,801.095,-1,-1,-1,-1,-1,763.245,533.604,-1,-1,-1,-1,-1,-1,-1,-1,2,0,2,2,2,2,2,0,0,2,2,2,2,2,2,2,2
215,-7785.797,6829.735,62.673,-100.350,-0.179516,0.983626,-0.015936,-0.982966,-0.178699,0.042948,0.039397,0.023374,0.998950,0,0.28588,0.46353,15.443,-0.076,-1,772.032,-1,-1,-1,-1,-1,763.135,523.625,-1,-1,-1,-1,-1,-1,-1,-1,2,0,2,2,2,2,2,0,0,2,2,2,2,2,2,2,2
216,-7788.790,6814.779,59.536,-100.367,-0.179871,0.983473,-0.020657,-0.983260,-0.179132,0.033333,0.029082,0.026307,0.999231,0,0.28554,0.46353,15.253,-0.017,-1,734.011,-1,-1,-1,978.184,-1,761.423,510.640,-1,-1,-1,-1,-1,-1,-1,-1,2,0,2,2,2,0,2,0,0,2,2,2,2,2,2,2,2
217,-7791.138,6799.966,55.659,-100.217,-0.177348,0.983745,-0.028183,-0.984032,-0.176814,0.020454,0.015138,0.031361,0.999393,0,0.28535,0.46353,14.998,0.150,-1,692.679,-1,-1,-1,916.833,971.336,763.933,492.809,-1,-1,-1,-1,-1,-1,-1,-1,2,0,2,2,2,0,0,0,0,2,2,2,2,2,2,2,2
218,-7793.110,6785.109,51.774,-99.981,-0.173330,0.984355,-0.031667,-0.984862,-0.173183,0.007339,0.001740,0.032459,0.999472,0,0.28559,0.46353,14.987,0.235,-1,656.128,-1,-1,-1,860.768,912.980,752.017,481.212,-1,-1,-1,-1,-1,-1,-1,-1,2,0,2,2,2,0,0,0,0,2,2,2,2,2,2,2,2
219,-7794.591,6770.253,48.554,-99.765,-0.169602,0.985110,-0.028168,-0.985478,-0.169768,-0.003597,-0.008326,0.027149,0.999597,0,0.28605,0.46353,14.930,0.217,-1,625.302,-1,-1,-1,818.991,873.033,720.567,480.593,-1,-1,-1,-1,-1,-1,-1,-1,2,0,2,2,2,0,0,0,0,2,2,2,2,2,2,2,2
220,-7795.739,6756.482,46.819,-99.756,-0.169440,0.985395,-0.016931,-0.985460,-0.169621,-0.009881,-0.012609,0.015011,0.999808,0,0.28647,0.46353,13.818,0.009,-1,608.178,-1,-1,-1,801.801,860.776,675.183,494.005,-1,-1,-1,-1,-1,-1,-1,-1,2,0,2,2,2,0,0,0,0,2,2,2,2,2,2,2,2
221,-7796.322,6743.665,47.142,-99.742,-0.169196,0.985580,-0.002190,-0.985535,-0.169210,-0.009436,-0.009671,0.000562,0.999953,0,0.28636,0.46353,12.831,0.014,-1,605.540,-1,-1,-1,813.748,878.692,633.972,517.532,-1,-1,-1,-1,-1,-1,-1,-1,2,0,2,2,2,0,0,0,0,2,2,2,2,2,2,2,2
222,-7796.401,6731.559,49.651,-99.621,-0.167138,0.985845,0.013211,-0.985933,-0.167124,-0.002204,0.000035,-0.013393,0.999910,0,0.28627,0.46353,12.106,0.120,-1,616.472,-1,-1,-1,850.859,924.191,605.005,547.638,-1,-1,-1,-1,-1,-1,-1,-1,2,0,2,2,2,0,0,0,0,2,2,2,2,2,2,2,2
223,-7796.312,6719.867,53.987,-99.457,-0.164282,0.986056,0.026539,-0.986305,-0.164603,0.010395,0.014618,-0.024468,0.999594,0,0.28647,0.46353,11.692,0.165,-1,646.921,-1,-1,-1,910.385,986.873,592.844,579.207,-1,-1,-1,-1,-1,-1,-1,-1,2,0,2,2,2,0,0,0,0,2,2,2,2,2,2,2,2
