timestep,x_cm,y_cm,z_cm,yaw_deg,basis_xx,basis_xy,basis_xz,basis_yx,basis_yy,basis_yz,basis_zx,basis_zy,basis_zz,teleport_flag,throttle_cmd,steering_cmd,cmd_move_cm,cmd_turn_deg,lidar_cm_0,lidar_cm_1,lidar_cm_2,lidar_cm_3,lidar_cm_4,lidar_cm_5,lidar_cm_6,lidar_cm_7,lidar_cm_8,lidar_cm_9,lidar_cm_10,lidar_cm_11,lidar_cm_12,lidar_cm_13,lidar_cm_14,lidar_cm_15,lidar_cm_16,lidar_class_0,lidar_class_1,lidar_class_2,lidar_class_3,lidar_class_4,lidar_class_5,lidar_class_6,lidar_class_7,lidar_class_8,lidar_class_9,lidar_class_10,lidar_class_11,lidar_class_12,lidar_class_13,lidar_class_14,lidar_class_15,lidar_class_16
0,-332.105,6228.920,-163.927,-149.752,-0.861363,0.502676,0.073285,-0.505836,-0.862010,-0.032702,0.046734,-0.065239,0.996775,1,0.08000,0.03484,4.800,0.070,-1,400.000,650.000,375.000,375.000,325.000,325.000,325.000,325.000,-1,-1,-1,-1,700.000,425.000,-1,375.000,2,0,1,1,1,0,0,0,0,2,2,2,2,1,1,2,1
1,-340.393,6224.074,-163.451,-149.685,-0.860761,0.503665,0.073571,-0.506847,-0.861414,-0.032750,0.046880,-0.065479,0.996752,0,0.16000,0.03314,9.600,0.066,-1,400.000,650.000,375.000,375.000,325.000,325.000,325.000,325.000,-1,-1,-1,-1,700.000,400.000,-1,375.000,2,0,1,1,1,0,0,0,0,2,2,2,2,1,1,2,1
2,-352.816,6216.793,-162.737,-149.625,-0.860200,0.504559,0.074002,-0.507772,-0.860866,-0.032819,0.047147,-0.065807,0.996718,0,0.24000,0.03008,14.400,0.060,-1,400.000,625.000,350.000,350.000,325.000,325.000,325.000,325.000,-1,-1,-1,-1,675.000,400.000,-1,350.000,2,0,1,1,1,0,0,0,0,2,2,2,2,1,1,2,1
3,-369.372,6207.069,-161.784,-149.574,-0.859706,0.505315,0.074586,-0.508572,-0.860390,-0.032912,0.047542,-0.066227,0.996671,0,0.32000,0.02565,19.200,0.051,-1,400.000,625.000,350.000,325.000,325.000,325.000,325.000,325.000,-1,-1,-1,-1,675.000,400.000,-1,350.000,2,0,1,1,1,0,0,0,0,2,2,2,2,1,1,2,1
4,-390.058,6194.900,-160.591,-149.534,-0.859302,0.505891,0.075332,-0.509204,-0.860012,-0.033030,0.048077,-0.066742,0.996611,0,0.40000,0.01976,24.000,0.040,-1,400.000,600.000,325.000,325.000,325.000,325.000,325.000,325.000,-1,-1,-1,-1,650.000,375.000,-1,325.000,2,0,1,1,1,0,0,0,0,2,2,2,2,1,1,2,1
5,-414.875,6180.287,-159.192,-149.510,-0.859027,0.506244,0.076090,-0.509613,-0.859766,-0.033112,0.048657,-0.067220,0.996551,0,0.48000,0.01232,28.800,0.025,-1,400.000,575.000,325.000,300.000,325.000,325.000,325.000,325.000,-1,-1,-1,-1,625.000,350.000,-1,300.000,2,0,1,1,1,0,1,0,0,2,2,2,2,1,1,2,1
6,-443.827,6163.236,-157.644,-149.503,-0.858928,0.506333,0.076609,-0.509734,-0.859696,-0.033062,0.049121,-0.067448,0.996513,0,0.56000,0.00322,33.600,0.006,-1,400.000,525.000,300.000,250.000,325.000,300.000,325.000,325.000,-1,-1,-1,-1,600.000,325.000,-1,275.000,2,0,1,1,1,0,1,0,0,2,2,2,2,1,1,2,1
7,-476.920,6143.757,-155.867,-149.519,-0.859014,0.506092,0.077238,-0.509534,-0.859817,-0.033008,0.049705,-0.067709,0.996466,0,0.64000,-0.00772,38.400,-0.015,-1,400.000,500.000,275.000,225.000,325.000,275.000,325.000,325.000,-1,-1,-1,-1,550.000,300.000,-1,225.000,2,0,1,1,1,0,1,0,0,2,2,2,2,1,1,2,1
8,-514.165,6121.870,-153.800,-149.560,-0.859326,0.505454,0.077947,-0.508954,-0.860152,-0.033224,0.050253,-0.068222,0.996404,0,0.72000,-0.02068,43.200,-0.041,-1,400.000,450.000,250.000,200.000,300.000,250.000,325.000,325.000,-1,-1,-1,-1,525.000,275.000,-1,200.000,2,1,1,1,1,1,1,0,0,2,2,2,2,1,1,2,1
9,-555.579,6097.603,-151.476,-149.632,-0.859896,0.504353,0.078778,-0.507925,-0.860748,-0.033535,0.050895,-0.068851,0.996328,0,0.80000,-0.03592,48.000,-0.072,-1,350.000,400.000,200.000,150.000,275.000,225.000,325.000,325.000,-1,-1,-1,-1,475.000,225.000,-1,150.000,2,1,1,1,1,1,1,0,0,2,2,2,2,1,1,2,1
10,-601.179,6070.980,-142.924,-149.739,-0.858461,0.501809,0.105983,-0.508212,-0.860103,-0.044090,0.069032,-0.091711,0.993390,0,0.88000,-0.05375,52.800,-0.108,-1,325.000,400.000,200.000,125.000,275.000,200.000,300.000,375.000,-1,250.000,475.000,-1,450.000,225.000,-1,125.000,2,1,1,1,1,1,1,0,0,2,0,0,2,1,1,2,1
11,-650.988,6042.034,-126.696,-149.889,-0.852107,0.496589,0.165265,-0.512104,-0.856267,-0.067499,0.107992,-0.142150,0.983937,0,0.96000,-0.07456,57.600,-0.149,-1,350.000,450.000,200.000,125.000,275.000,200.000,275.000,475.000,575.000,75.000,225.000,-1,500.000,225.000,-1,125.000,2,1,1,1,1,1,1,0,1,0,0,0,2,1,1,2,1
12,-702.969,6012.042,-110.370,-150.086,-0.843009,0.489360,0.223301,-0.517914,-0.850549,-0.091275,0.145263,-0.192596,0.970467,0,1.00000,-0.09882,60.000,-0.198,-1,350.000,550.000,200.000,125.000,275.000,200.000,250.000,525.000,325.000,25.000,200.000,-1,575.000,250.000,-1,125.000,2,1,1,1,1,1,1,0,1,0,0,0,2,1,1,2,1
13,-755.074,5982.259,-94.536,-150.338,-0.832154,0.480324,0.277143,-0.524946,-0.843400,-0.114492,0.178749,-0.240760,0.953983,0,1.00000,-0.12593,60.000,-0.252,-1,350.000,-1,200.000,125.000,275.000,225.000,225.000,-1,200.000,0.000,175.000,-1,-1,250.000,-1,125.000,2,1,2,1,1,1,1,0,2,0,0,0,2,2,1,2,1
14,-5575.424,2951.720,110.384,11.071,0.978833,-0.191481,0.072262,0.196066,0.978579,-0.062781,-0.058693,0.075620,0.995408,1,0.00000,0.00000,60.000,-0.310,-1,400.000,-1,350.000,-1,325.000,300.000,325.000,250.000,300.000,525.000,600.000,-1,850.000,650.000,-1,-1,2,0,2,0,2,0,0,1,0,1,1,1,2,0,0,2,2
15,-5580.139,2950.818,110.632,10.831,0.979615,-0.187370,0.072440,0.192025,0.979320,-0.063714,-0.059004,0.076326,0.995336,0,-0.08000,-0.12000,-4.800,-0.240,-1,400.000,-1,350.000,-1,325.000,300.000,325.000,250.000,300.000,500.000,600.000,-1,850.000,650.000,-1,-1,2,0,2,0,2,0,0,1,0,1,1,1,2,0,0,2,2
16,-5589.582,2949.095,111.138,10.351,0.981127,-0.179139,0.072799,0.183938,0.980746,-0.065606,-0.059645,0.077759,0.995186,0,-0.16000,-0.24000,-9.600,-0.480,-1,400.000,-1,350.000,-1,325.000,300.000,325.000,250.000,300.000,500.000,575.000,-1,850.000,650.000,-1,-1,2,0,2,0,2,0,0,1,0,1,1,1,2,0,0,2,2
17,-5603.779,2946.687,111.918,9.631,0.983264,-0.166772,0.073343,0.171795,0.982748,-0.068506,-0.060653,0.079960,0.994951,0,-0.24000,-0.36000,-14.400,-0.720,-1,400.000,-1,350.000,-1,325.000,300.000,325.000,250.000,300.000,475.000,550.000,-1,850.000,625.000,-1,-1,2,0,2,0,2,0,0,1,0,1,1,1,2,0,0,2,2
18,-5622.756,2943.770,112.978,8.744,0.985679,-0.151504,0.074053,0.156830,0.984972,-0.072344,-0.061980,0.082922,0.994627,0,-0.32000,-0.44345,-19.200,-0.887,-1,400.000,-1,325.000,-1,300.000,275.000,325.000,250.000,275.000,450.000,525.000,-1,850.000,625.000,-1,-1,2,0,2,0,2,0,0,1,0,1,1,1,2,0,0,2,2
19,-5646.530,2940.491,114.291,7.861,0.987839,-0.136257,0.074891,0.141952,0.986886,-0.076849,-0.063438,0.086546,0.994226,0,-0.40000,-0.44170,-24.000,-0.883,-1,400.000,-1,325.000,-1,300.000,275.000,325.000,250.000,275.000,425.000,500.000,-1,850.000,600.000,-1,-1,2,0,2,0,2,0,0,1,0,1,1,1,2,0,0,2,2
20,-5675.116,2936.994,115.875,6.982,0.989742,-0.121054,0.075872,0.127190,0.988478,-0.082065,-0.065064,0.090873,0.993735,0,-0.48000,-0.43953,-28.800,-0.879,-1,400.000,-1,325.000,950.000,300.000,275.000,325.000,250.000,275.000,400.000,450.000,-1,850.000,600.000,-1,-1,2,0,2,0,0,0,0,1,0,1,1,1,2,0,0,2,2
21,-5708.525,2933.423,117.744,6.108,0.991389,-0.105912,0.077011,0.112575,0.989735,-0.088039,-0.066896,0.095950,0.993136,0,-0.56000,-0.43697,-33.600,-0.874,-1,400.000,-1,325.000,750.000,300.000,275.000,300.000,250.000,250.000,375.000,400.000,-1,850.000,575.000,-1,-1,2,0,2,0,0,0,0,1,0,1,1,1,2,0,0,2,2
22,-5743.533,2930.218,119.759,5.240,0.992787,-0.090856,0.078225,0.098104,0.990687,-0.094421,-0.068918,0.101415,0.992454,0,-0.58593,-0.43404,-35.156,-0.868,-1,400.000,-1,325.000,600.000,300.000,275.000,300.000,250.000,250.000,325.000,375.000,-1,850.000,575.000,-1,1000.000,2,0,2,0,0,0,0,1,0,1,1,1,2,0,0,2,0
23,-5778.475,2927.549,121.846,4.378,0.993943,-0.075894,0.079477,0.083775,0.991349,-0.101040,-0.071121,0.107086,0.991703,0,-0.58408,-0.43107,-35.045,-0.862,-1,400.000,-1,325.000,525.000,300.000,275.000,275.000,250.000,250.000,300.000,325.000,-1,850.000,550.000,-1,750.000,2,0,2,0,0,0,0,1,0,1,1,1,2,0,0,2,0
24,-5813.320,2925.411,124.010,3.521,0.994862,-0.061028,0.080780,0.069598,0.991720,-0.107921,-0.073525,0.112989,0.990872,0,-0.58186,-0.42820,-34.912,-0.856,-1,400.000,-1,325.000,475.000,300.000,275.000,275.000,250.000,225.000,250.000,300.000,-1,850.000,550.000,-1,600.000,2,0,2,0,0,0,0,1,0,1,1,1,2,0,0,2,0
25,-5848.037,2923.798,126.256,2.670,0.995546,-0.046260,0.082146,0.055582,0.991799,-0.115093,-0.076148,0.119146,0.989952,0,-0.57927,-0.42546,-34.756,-0.851,-1,425.000,-1,300.000,400.000,300.000,275.000,275.000,250.000,225.000,225.000,250.000,-1,850.000,525.000,-1,525.000,2,0,2,0,0,0,0,1,0,1,1,1,2,0,0,2,0
26,-5877.980,2922.980,128.448,1.580,0.996146,-0.027348,0.083340,0.037486,0.991746,-0.122620,-0.079298,0.125271,0.988948,0,-0.49927,-0.54546,-29.956,-1.091,-1,425.000,-1,300.000,350.000,300.000,275.000,250.000,250.000,200.000,175.000,225.000,-1,850.000,525.000,-1,475.000,2,0,2,0,0,0,0,1,0,1,1,1,2,0,0,2,0
27,5575.425,7543.221,-264.101,24.434,0.910027,-0.413639,-0.027451,0.413405,0.910440,-0.013986,0.030778,0.001379,0.999525,1,0.00000,0.00000,-25.653,-1.331,-1,375.000,-1,375.000,-1,325.000,325.000,300.000,300.000,600.000,400.000,450.000,-1,700.000,700.000,-1,-1,2,0,2,0,2,0,0,0,0,1,1,1,2,0,0,2,2
28,5579.793,7545.211,-263.956,24.491,0.909608,-0.414554,-0.027533,0.414316,0.910024,-0.014116,0.030908,0.001433,0.999521,0,0.08000,0.02878,4.800,0.058,-1,375.000,-1,375.000,-1,325.000,325.000,300.000,300.000,600.000,400.000,450.000,-1,700.000,700.000,-1,-1,2,0,2,0,2,0,0,0,0,1,1,1,2,0,0,2,2
29,5588.525,7549.199,-263.662,24.545,0.909213,-0.415409,-0.027694,0.415163,0.909634,-0.014378,0.031164,0.001575,0.999513,0,0.16000,0.02692,9.600,0.054,-1,375.000,-1,375.000,-1,325.000,325.000,300.000,300.000,625.000,400.000,450.000,-1,700.000,700.000,-1,-1,2,0,2,0,2,0,0,0,0,1,1,1,2,0,0,2,2
30,5601.619,7555.191,-263.220,24.592,0.908869,-0.416145,-0.027935,0.415887,0.909296,-0.014769,0.031547,0.001805,0.999501,0,0.24000,0.02321,14.400,0.046,-1,375.000,-1,375.000,-1,325.000,325.000,300.000,300.000,650.000,425.000,475.000,-1,700.000,700.000,-1,-1,2,0,2,0,2,0,0,0,0,1,1,1,2,0,0,2,2
31,5619.073,7563.192,-262.628,24.627,0.908602,-0.416705,-0.028257,0.416430,0.909039,-0.015285,0.032056,0.002121,0.999484,0,0.32000,0.01764,19.200,0.035,-1,375.000,-1,375.000,-1,325.000,325.000,300.000,300.000,675.000,450.000,500.000,-1,700.000,700.000,-1,-1,2,0,2,0,2,0,0,0,0,1,1,1,2,0,0,2,2
32,5640.886,7573.201,-261.888,24.647,0.908441,-0.417028,-0.028665,0.416732,0.908890,-0.015919,0.032692,0.002516,0.999462,0,0.40000,0.01020,24.000,0.020,-1,375.000,-1,375.000,-1,325.000,325.000,300.000,300.000,700.000,450.000,525.000,-1,700.000,700.000,-1,-1,2,0,2,0,2,0,0,0,0,1,1,1,2,0,0,2,2
33,5667.062,7585.212,-260.998,24.649,0.908413,-0.417055,-0.029163,0.416733,0.908876,-0.016665,0.033456,0.002985,0.999436,0,0.48000,0.00087,28.800,0.002,-1,375.000,-1,375.000,-1,325.000,325.000,300.000,300.000,750.000,500.000,550.000,-1,700.000,700.000,-1,-1,2,0,2,0,2,0,0,0,0,1,1,1,2,0,0,2,2
34,5697.606,7599.214,-259.959,24.628,0.908545,-0.416726,-0.029758,0.416372,0.909025,-0.017512,0.034348,0.003520,0.999404,0,0.56000,-0.01037,33.600,-0.021,-1,375.000,-1,375.000,-1,325.000,325.000,300.000,300.000,800.000,525.000,575.000,-1,700.000,700.000,-1,-1,2,0,2,0,2,0,0,0,0,1,1,1,2,0,0,2,2
35,5731.392,7614.670,-258.807,24.581,0.908865,-0.415978,-0.030434,0.415591,0.909365,-0.018419,0.035338,0.004093,0.999367,0,0.61923,-0.02352,37.154,-0.047,-1,375.000,-1,375.000,-1,325.000,325.000,300.000,300.000,875.000,550.000,600.000,-1,700.000,700.000,-1,-1,2,0,2,0,2,0,0,0,0,1,1,1,2,0,0,2,2
36,5765.678,7630.298,-257.634,24.505,0.909395,-0.414767,-0.031137,0.414344,0.909916,-0.019292,0.036334,0.004642,0.999329,0,0.62800,-0.03813,37.680,-0.076,-1,375.000,-1,375.000,-1,325.000,325.000,300.000,300.000,1000.000,600.000,600.000,-1,700.000,700.000,-1,-1,2,0,2,0,2,0,0,0,0,1,1,0,2,0,0,2,2
37,5804.429,7647.704,-256.095,24.189,0.911643,-0.409738,-0.031963,0.409305,0.912192,-0.019372,0.037094,0.004578,0.999301,0,0.70800,-0.15813,42.480,-0.316,-1,375.000,-1,375.000,-1,325.000,325.000,300.000,300.000,-1,625.000,625.000,-1,700.000,700.000,-1,-1,2,0,2,0,2,0,0,0,0,2,1,0,2,0,0,2,2
38,5843.772,7664.919,-254.525,23.632,0.915548,-0.400863,-0.032887,0.400421,0.916127,-0.019370,0.037893,0.004565,0.999271,0,0.71574,-0.27813,42.944,-0.556,-1,375.000,-1,375.000,-1,325.000,325.000,300.000,300.000,-1,675.000,625.000,-1,700.000,700.000,-1,-1,2,0,2,0,2,0,0,0,0,2,1,0,2,0,0,2,2
39,5883.524,7681.817,-252.876,23.028,0.919680,-0.391183,-0.034130,0.390738,0.920303,-0.019131,0.038893,0.004258,0.999234,0,0.71991,-0.30201,43.195,-0.604,-1,375.000,-1,375.000,-1,325.000,325.000,300.000,300.000,-1,700.000,650.000,-1,700.000,700.000,-1,-1,2,0,2,0,2,0,0,0,0,2,1,0,2,0,0,2,2
40,5923.708,7698.383,-251.220,22.405,0.923837,-0.381147,-0.035385,0.380703,0.924506,-0.018807,0.039882,0.003903,0.999197,0,0.72442,-0.31172,43.465,-0.623,-1,375.000,-1,375.000,-1,325.000,325.000,300.000,300.000,-1,700.000,650.000,-1,700.000,725.000,-1,-1,2,0,2,0,2,0,0,0,0,2,0,0,2,0,0,2,2
41,5964.344,7714.605,-249.556,21.762,0.928009,-0.370751,-0.036650,0.370311,0.928726,-0.018397,0.040859,0.003500,0.999159,0,0.72922,-0.32143,43.753,-0.643,-1,375.000,-1,375.000,-1,325.000,325.000,300.000,300.000,-1,700.000,650.000,-1,675.000,725.000,-1,-1,2,0,2,0,2,0,0,0,0,2,0,0,2,0,0,2,2
42,6005.449,7730.466,-247.732,21.100,0.932212,-0.359991,-0.037249,0.359544,0.932949,-0.018293,0.041337,0.003660,0.999139,0,0.73432,-0.33115,44.059,-0.662,-1,375.000,-1,375.000,-1,325.000,325.000,300.000,300.000,-1,750.000,675.000,-1,675.000,725.000,-1,-1,2,0,2,0,2,0,0,0,0,2,0,0,2,0,0,2,2
43,6047.043,7745.950,-245.767,20.418,0.936409,-0.348864,-0.037848,0.348389,0.937163,-0.018693,0.041991,0.004318,0.999109,0,0.73971,-0.34087,44.382,-0.682,-1,375.000,-1,375.000,-1,325.000,325.000,300.000,300.000,-1,775.000,700.000,-1,675.000,725.000,-1,-1,2,0,2,0,2,0,0,0,0,2,0,0,2,0,0,2,2
44,6089.144,7761.038,-243.714,19.717,0.940582,-0.337367,-0.038598,0.336850,0.941358,-0.019405,0.042881,0.005250,0.999066,0,0.74538,-0.35060,44.723,-0.701,-1,375.000,-1,375.000,-1,325.000,325.000,300.000,300.000,-1,775.000,725.000,-1,700.000,725.000,-1,-1,2,0,2,0,2,0,0,0,0,2,0,0,2,0,0,2,2
45,6131.769,7775.712,-241.645,18.996,0.944722,-0.325498,-0.039385,0.324938,0.945523,-0.020067,0.043771,0.006160,0.999023,0,0.75134,-0.36034,45.081,-0.721,-1,375.000,-1,375.000,-1,325.000,325.000,300.000,300.000,-1,800.000,750.000,-1,700.000,725.000,-1,-1,2,0,2,0,2,0,0,0,0,2,0,0,2,0,0,2,2
46,6174.936,7789.952,-239.560,18.256,0.948818,-0.313255,-0.040210,0.312651,0.949643,-0.020678,0.044662,0.007048,0.998977,0,0.75758,-0.37010,45.455,-0.740,-1,375.000,-1,375.000,-1,325.000,325.000,300.000,300.000,-1,825.000,750.000,-1,700.000,725.000,-1,-1,2,0,2,0,2,0,0,0,0,2,0,0,2,0,0,2,2
47,6222.236,7805.098,-237.281,17.756,0.951479,-0.304951,-0.041138,0.304307,0.952337,-0.021244,0.045656,0.007695,0.998928,0,0.82775,-0.25010,49.665,-0.500,-1,375.000,-1,375.000,-1,325.000,325.000,300.000,300.000,-1,825.000,775.000,-1,700.000,725.000,-1,-1,2,0,2,0,2,0,0,0,0,2,0,0,2,0,0,2,2
48,6270.002,7820.154,-234.981,17.496,0.952814,-0.300622,-0.042092,0.299944,0.953709,-0.021739,0.046679,0.008088,0.998877,0,0.83471,-0.13010,50.083,-0.260,-1,375.000,-1,375.000,-1,325.000,325.000,300.000,300.000,-1,825.000,775.000,-1,700.000,725.000,-1,-1,2,0,2,0,2,0,0,0,0,2,0,0,2,0,0,2,2
49,6318.172,7835.319,-232.657,17.475,0.952877,-0.300285,-0.043060,0.299578,0.953814,-0.022180,0.047732,0.008235,0.998826,0,0.84167,-0.01010,50.500,-0.020,-1,375.000,-1,375.000,-1,325.000,325.000,300.000,300.000,-1,825.000,775.000,-1,700.000,725.000,-1,-1,2,0,2,0,2,0,0,0,0,2,0,0,2,0,0,2,2
50,6366.682,7850.797,-230.231,17.695,0.951666,-0.303942,-0.044183,0.303191,0.952653,-0.022966,0.049071,0.008460,0.998759,0,0.84866,0.10990,50.919,0.220,-1,375.000,-1,375.000,-1,325.000,325.000,300.000,300.000,-1,800.000,775.000,-1,700.000,750.000,-1,-1,2,0,2,0,2,0,0,0,0,2,0,0,2,0,0,2,2
51,6415.487,7866.739,-227.684,18.090,0.949486,-0.310497,-0.045481,0.309680,0.950533,-0.024204,0.050747,0.008897,0.998672,0,0.85570,0.19737,51.342,0.395,-1,375.000,-1,400.000,-1,325.000,325.000,300.000,300.000,-1,775.000,775.000,-1,700.000,750.000,-1,-1,2,0,2,0,2,0,0,0,0,2,0,0,2,0,0,2,2
52,6464.598,7883.138,-225.078,18.465,0.947372,-0.316707,-0.046718,0.315831,0.948479,-0.025264,0.052313,0.009180,0.998589,0,0.86294,0.18741,51.776,0.375,-1,375.000,-1,400.000,-1,325.000,325.000,275.000,300.000,-1,775.000,775.000,-1,700.000,750.000,-1,-1,2,0,2,0,2,0,0,0,0,2,0,0,2,0,0,2,2
53,6513.777,7899.913,-222.326,18.834,0.945255,-0.322819,-0.047769,0.321917,0.946419,-0.025710,0.053509,0.008925,0.998527,0,0.86602,0.18477,51.961,0.370,-1,375.000,-1,400.000,-1,325.000,325.000,275.000,300.000,-1,775.000,800.000,-1,700.000,750.000,-1,-1,2,0,2,0,2,0,0,0,0,2,0,0,2,0,0,2,2
54,6562.811,7916.999,-219.559,19.212,0.943047,-0.329045,-0.048895,0.328121,0.944275,-0.026095,0.054757,0.008565,0.998463,0,0.86543,0.18866,51.926,0.377,-1,375.000,-1,400.000,-1,325.000,325.000,275.000,300.000,-1,775.000,800.000,1000.000,700.000,775.000,-1,-1,2,0,2,0,2,0,0,0,0,2,0,0,1,0,0,2,2
55,6613.005,7934.869,-216.720,19.597,0.940749,-0.335387,-0.050064,0.334441,0.942045,-0.026467,0.056039,0.008155,0.998395,0,0.88800,0.19259,53.280,0.385,-1,375.000,-1,400.000,-1,325.000,325.000,275.000,300.000,-1,800.000,800.000,1000.000,725.000,775.000,-1,-1,2,0,2,0,2,0,0,0,0,2,0,0,1,0,0,2,2
56,6662.957,7953.035,-213.747,19.985,0.938423,-0.341759,-0.050620,0.340776,0.939751,-0.027197,0.056865,0.008273,0.998348,0,0.88588,0.19402,53.153,0.388,-1,375.000,-1,400.000,-1,325.000,325.000,275.000,300.000,-1,800.000,800.000,1000.000,725.000,800.000,-1,-1,2,0,2,0,2,0,0,0,0,2,0,0,1,0,0,2,2
57,6712.675,7971.502,-210.711,20.376,0.936040,-0.348172,-0.051050,0.347139,0.937391,-0.028154,0.057656,0.008632,0.998299,0,0.88394,0.19577,53.036,0.392,-1,375.000,-1,400.000,-1,325.000,325.000,275.000,300.000,-1,800.000,825.000,1000.000,725.000,800.000,-1,-1,2,0,2,0,2,0,0,0,0,2,0,0,1,0,0,2,2
58,6762.167,7990.275,-207.667,20.772,0.933586,-0.354635,-0.051484,0.353551,0.934962,-0.029133,0.058467,0.008996,0.998249,0,0.88221,0.19781,52.932,0.396,-1,375.000,-1,400.000,-1,325.000,325.000,275.000,300.000,-1,800.000,800.000,-1,725.000,800.000,-1,-1,2,0,2,0,2,0,0,0,0,2,0,0,2,0,0,2,2
59,6811.442,8009.360,-204.627,21.172,0.931059,-0.361157,-0.051907,0.360023,0.932458,-0.030088,0.059267,0.009326,0.998199,0,0.88070,0.20015,52.842,0.400,-1,375.000,-1,400.000,-1,325.000,325.000,275.000,300.000,-1,800.000,800.000,-1,725.000,825.000,-1,-1,2,0,2,0,2,0,0,0,0,2,0,0,2,0,0,2,2
60,6860.512,8028.766,-201.587,21.578,0.928453,-0.367747,-0.052319,0.366563,0.929876,-0.031018,0.060057,0.009620,0.998149,0,0.87946,0.20278,52.767,0.406,-1,375.000,-1,400.000,-1,325.000,325.000,275.000,300.000,-1,800.000,800.000,-1,750.000,825.000,-1,-1,2,0,2,0,2,0,0,0,0,2,0,0,2,0,0,2,2
61,6911.936,8049.536,-198.390,21.993,0.925736,-0.374475,-0.052744,0.373240,0.927184,-0.031966,0.060874,0.009906,0.998096,0,0.92433,0.20759,55.460,0.415,-1,375.000,-1,400.000,-1,325.000,325.000,275.000,300.000,-1,800.000,775.000,-1,750.000,825.000,-1,-1,2,0,2,0,2,0,0,0,0,2,0,0,2,0,0,2,2
62,6963.189,8070.658,-195.192,22.397,0.923047,-0.380997,-0.053161,0.379711,0.924521,-0.032882,0.061676,0.010166,0.998044,0,0.92392,0.20183,55.435,0.404,-1,400.000,-1,400.000,-1,325.000,325.000,275.000,300.000,-1,800.000,775.000,-1,775.000,850.000,-1,-1,2,0,2,0,2,0,0,0,0,2,0,0,2,0,0,2,2
63,7016.760,8092.914,-191.647,22.560,0.921983,-0.383630,-0.052677,0.382269,0.923416,-0.034262,0.061787,0.011452,0.998024,0,0.96683,0.08183,58.010,0.164,-1,400.000,-1,425.000,975.000,325.000,325.000,275.000,300.000,-1,850.000,825.000,-1,775.000,850.000,-1,-1,2,0,2,0,1,0,0,0,0,2,0,0,2,0,0,2,2
64,7070.308,8115.077,-188.100,22.484,0.922527,-0.382393,-0.052154,0.380954,0.923909,-0.035574,0.061789,0.012950,0.998005,0,0.96590,-0.03817,57.954,-0.076,-1,400.000,-1,425.000,950.000,325.000,325.000,275.000,300.000,-1,900.000,875.000,-1,800.000,850.000,-1,-1,2,0,2,0,1,0,0,0,0,2,0,0,2,0,1,2,2
65,7123.923,8136.922,-184.552,22.168,0.924660,-0.377277,-0.051633,0.375768,0.925986,-0.036717,0.061664,0.014548,0.997991,0,0.96490,-0.15817,57.894,-0.316,-1,400.000,-1,425.000,900.000,325.000,325.000,275.000,300.000,-1,975.000,925.000,-1,800.000,875.000,-1,-1,2,0,2,0,1,0,0,0,0,2,0,0,2,0,1,2,2
66,7177.691,8158.223,-181.137,21.611,0.928345,-0.368256,-0.050630,0.366671,0.929574,-0.038002,0.061059,0.016715,0.997994,0,0.96390,-0.27817,57.834,-0.556,-1,400.000,-1,425.000,850.000,325.000,325.000,300.000,300.000,-1,-1,-1,-1,825.000,850.000,-1,-1,2,0,2,0,1,0,0,0,0,2,2,2,2,0,1,2,2
67,7231.697,8178.755,-177.868,20.815,0.933463,-0.355283,-0.049203,0.353618,0.934556,-0.039476,0.060009,0.019450,0.998008,0,0.96296,-0.39817,57.777,-0.796,-1,400.000,-1,425.000,800.000,325.000,325.000,300.000,300.000,-1,-1,-1,-1,850.000,850.000,-1,-1,2,0,2,0,1,0,0,0,0,2,2,2,2,0,1,2,2
68,7286.018,8198.290,-174.626,19.779,0.939821,-0.338301,-0.047848,0.336563,0.940773,-0.040879,0.058844,0.022315,0.998018,0,0.96212,-0.51817,57.727,-1.036,-1,400.000,-1,425.000,750.000,325.000,325.000,300.000,300.000,-1,-1,-1,-1,850.000,850.000,-1,-1,2,0,2,0,1,0,0,0,0,2,2,2,2,1,1,2,2
69,7340.723,8216.598,-171.482,18.502,0.947217,-0.317242,-0.046236,0.315468,0.948015,-0.041814,0.057098,0.025021,0.998055,0,0.96145,-0.63817,57.687,-1.276,-1,400.000,-1,425.000,700.000,325.000,325.000,300.000,300.000,-1,-1,-1,-1,775.000,850.000,1000.000,-1,2,0,2,0,1,0,0,0,0,2,2,2,2,1,1,1,2
70,7395.809,8233.626,-168.609,17.178,0.954399,-0.295230,-0.044292,0.293502,0.955054,-0.041584,0.054578,0.026688,0.998153,0,0.96097,-0.66229,57.658,-1.325,-1,400.000,975.000,400.000,650.000,325.000,325.000,300.000,300.000,-1,-1,-1,-1,725.000,875.000,900.000,950.000,2,0,1,0,1,0,0,0,0,2,2,2,2,1,1,1,1
71,7451.246,8249.364,-165.787,15.848,0.961085,-0.272983,-0.042380,0.271310,0.961606,-0.041291,0.052025,0.028186,0.998248,0,0.96046,-0.66465,57.627,-1.329,1000.000,400.000,925.000,400.000,600.000,325.000,325.000,300.000,300.000,-1,-1,-1,-1,650.000,900.000,825.000,800.000,1,0,1,0,1,0,0,0,0,2,2,2,2,1,1,1,1
72,7509.269,8264.637,-162.894,14.747,0.966245,-0.254435,-0.040418,0.252828,0.966645,-0.040935,0.049485,0.029334,0.998344,0,1.00000,-0.55087,60.000,-1.102,875.000,400.000,875.000,400.000,550.000,325.000,325.000,300.000,300.000,-1,-1,-1,-1,600.000,875.000,725.000,700.000,1,0,1,1,1,0,0,0,0,2,2,2,2,1,1,1,1
73,7567.574,8278.799,-160.046,13.652,0.971013,-0.235912,-0.038475,0.234376,0.971301,-0.040520,0.046930,0.030328,0.998438,0,1.00000,-0.54740,60.000,-1.095,775.000,400.000,825.000,400.000,500.000,325.000,325.000,275.000,300.000,-1,-1,-1,-1,550.000,850.000,650.000,625.000,1,0,1,1,1,0,0,0,0,2,2,2,2,1,1,1,1
74,7626.137,8291.852,-157.241,12.565,0.975389,-0.217441,-0.036544,0.215981,0.975576,-0.040056,0.044361,0.031178,0.998529,0,1.00000,-0.54341,60.000,-1.087,675.000,375.000,800.000,400.000,450.000,325.000,325.000,275.000,300.000,-1,-1,-1,-1,500.000,800.000,550.000,575.000,1,1,1,1,1,1,1,0,0,2,2,2,2,1,1,1,1
75,7684.935,8303.801,-154.478,11.487,0.979378,-0.199048,-0.034623,0.197669,0.979471,-0.039550,0.041785,0.031890,0.998618,0,1.00000,-0.53887,60.000,-1.078,575.000,350.000,750.000,400.000,400.000,300.000,300.000,300.000,300.000,-1,-1,-1,-1,450.000,775.000,475.000,500.000,1,1,1,1,1,1,1,0,0,2,2,2,2,1,1,1,1
76,7743.945,8314.652,-151.757,10.420,0.982983,-0.180763,-0.032709,0.179467,0.982990,-0.039009,0.039204,0.032475,0.998703,0,1.00000,-0.53372,60.000,-1.067,475.000,300.000,700.000,400.000,350.000,275.000,300.000,300.000,300.000,-1,-1,-1,-1,400.000,750.000,400.000,450.000,1,1,1,1,1,1,1,0,0,2,2,2,2,1,1,1,1
77,7803.146,8324.415,-149.076,9.364,0.986209,-0.162617,-0.030799,0.161405,0.986139,-0.038441,0.036623,0.032940,0.998786,0,1.00000,-0.52792,60.000,-1.056,375.000,275.000,675.000,400.000,300.000,250.000,275.000,300.000,300.000,-1,-1,-1,-1,350.000,700.000,350.000,400.000,1,1,1,1,1,1,1,0,0,2,2,2,2,1,1,1,1
78,7857.733,8332.619,-146.469,8.548,0.988430,-0.148561,-0.030581,0.147393,0.988369,-0.037455,0.035790,0.032515,0.998830,0,0.92000,-0.40792,55.200,-0.816,300.000,250.000,650.000,400.000,275.000,225.000,275.000,300.000,300.000,-1,-1,-1,-1,325.000,700.000,275.000,350.000,1,1,1,1,1,1,1,0,0,2,2,2,2,1,1,1,1
79,7907.646,8339.608,-143.674,7.972,0.989804,-0.138631,-0.032695,0.137496,0.989893,-0.034747,0.037181,0.029897,0.998861,0,0.84000,-0.28792,50.400,-0.576,250.000,225.000,625.000,400.000,250.000,225.000,275.000,300.000,300.000,-1,-1,-1,-1,300.000,675.000,225.000,325.000,1,1,1,1,1,1,1,0,0,2,2,2,2,1,1,1,1
80,7952.865,8345.502,-137.581,7.415,0.990609,-0.128940,-0.045489,0.126691,0.990718,-0.049268,0.051419,0.043042,0.997749,0,0.76000,-0.27850,45.600,-0.557,225.000,225.000,650.000,450.000,225.000,225.000,275.000,350.000,300.000,-1,-1,-1,-1,300.000,650.000,225.000,350.000,1,1,1,1,1,1,1,0,0,2,2,2,2,1,1,1,1
81,7993.373,8350.396,-131.523,6.870,0.991097,-0.119420,-0.058863,0.115564,0.991167,-0.065065,0.066113,0.057683,0.996143,0,0.68000,-0.27255,40.800,-0.545,225.000,225.000,700.000,525.000,225.000,225.000,300.000,400.000,300.000,-1,1000.000,850.000,-1,300.000,650.000,200.000,350.000,1,1,1,1,1,1,1,0,0,2,0,0,2,1,1,1,1
82,8029.154,8354.385,-126.141,6.337,0.991377,-0.110097,-0.071071,0.104445,0.991398,-0.078878,0.079143,0.070775,0.994348,0,0.60000,-0.26663,36.000,-0.533,200.000,250.000,750.000,550.000,225.000,225.000,300.000,425.000,300.000,-1,425.000,300.000,-1,300.000,625.000,200.000,325.000,1,1,1,1,1,1,1,0,0,2,0,0,2,1,1,1,1
83,8060.195,8357.561,-121.419,5.815,0.991495,-0.100978,-0.082106,0.093479,0.991495,-0.090547,0.090551,0.082102,0.992502,0,0.52000,-0.26086,31.200,-0.522,200.000,250.000,775.000,550.000,200.000,250.000,325.000,475.000,275.000,-1,300.000,175.000,875.000,300.000,625.000,200.000,325.000,1,1,1,1,1,1,1,0,0,2,0,0,0,1,1,1,1
84,8086.483,8360.017,-117.350,5.304,0.991500,-0.092060,-0.091935,0.082793,0.991538,-0.099991,0.100362,0.091529,0.990732,0,0.44000,-0.25534,26.400,-0.511,200.000,250.000,825.000,525.000,200.000,250.000,350.000,525.000,275.000,-1,225.000,150.000,700.000,325.000,600.000,200.000,325.000,1,1,1,1,1,1,1,0,0,2,0,0,0,1,1,1,1
85,8108.009,8361.839,-113.932,4.804,0.991440,-0.083338,-0.100503,0.072484,0.991592,-0.107198,0.108592,0.098996,0.989145,0,0.36000,-0.25019,21.600,-0.500,200.000,250.000,850.000,525.000,200.000,250.000,350.000,550.000,275.000,-1,200.000,125.000,625.000,325.000,600.000,200.000,325.000,1,1,1,1,1,1,1,0,0,2,0,0,0,1,1,1,1
86,8124.763,8363.113,-111.167,4.313,0.991362,-0.074794,-0.107741,0.062625,0.991708,-0.112219,0.115241,0.104503,0.987825,0,0.28000,-0.24552,16.800,-0.491,175.000,250.000,875.000,525.000,200.000,275.000,375.000,575.000,275.000,-1,200.000,100.000,550.000,325.000,575.000,175.000,300.000,1,1,1,1,1,1,1,0,1,2,0,0,0,1,1,1,1
87,8136.739,8363.922,-109.063,3.830,0.991308,-0.066408,-0.113569,0.053257,0.991919,-0.115151,0.120298,0.108102,0.986834,0,0.20000,-0.24144,12.000,-0.483,175.000,250.000,900.000,500.000,200.000,275.000,375.000,600.000,275.000,-1,200.000,100.000,525.000,350.000,575.000,175.000,300.000,1,1,1,1,1,1,1,0,1,2,0,0,0,1,1,1,1
88,8143.928,8364.347,-107.629,3.354,0.991321,-0.058153,-0.117902,0.044395,0.992241,-0.116133,0.123741,0.109891,0.986211,0,0.12000,-0.23803,7.200,-0.476,175.000,275.000,925.000,500.000,200.000,275.000,400.000,625.000,275.000,-1,175.000,100.000,500.000,350.000,575.000,175.000,300.000,1,1,1,1,1,1,1,0,1,2,0,0,0,1,1,1,1
89,8146.330,8364.468,-106.877,2.883,0.991435,-0.049998,-0.120654,0.036025,0.992673,-0.115333,0.125537,0.109998,0.985972,0,0.04005,-0.23537,2.403,-0.471,175.000,275.000,925.000,500.000,175.000,275.000,400.000,625.000,275.000,-1,175.000,100.000,500.000,350.000,575.000,175.000,300.000,1,1,1,1,1,1,1,0,1,2,0,0,0,1,1,1,1
90,8148.693,8364.568,-106.142,2.416,0.991478,-0.041905,-0.123347,0.027733,0.993042,-0.114449,0.127285,0.110053,0.985742,0,0.03939,-0.23351,2.364,-0.467,175.000,275.000,950.000,500.000,175.000,300.000,425.000,625.000,275.000,-1,175.000,75.000,500.000,350.000,550.000,200.000,275.000,1,1,1,1,1,1,1,0,1,2,0,0,0,1,1,1,1
91,8151.016,8364.648,-105.425,1.953,0.991454,-0.033874,-0.125979,0.019519,0.993348,-0.113484,0.128985,0.110055,0.985521,0,0.03872,-0.23165,2.323,-0.463,175.000,275.000,950.000,500.000,175.000,300.000,425.000,625.000,275.000,-1,175.000,75.000,500.000,375.000,550.000,200.000,275.000,1,1,1,1,1,1,1,0,1,2,0,0,0,1,1,1,1
92,8158.137,8364.867,-104.217,1.730,0.991149,-0.029996,-0.129323,0.015087,0.993279,-0.114760,0.131896,0.111793,0.984939,0,0.11872,-0.11165,7.123,-0.223,175.000,275.000,950.000,475.000,175.000,300.000,425.000,625.000,275.000,-1,175.000,75.000,475.000,375.000,550.000,200.000,275.000,1,1,1,1,1,1,1,0,1,2,0,0,0,1,1,1,1
93,-2295.757,-2951.736,205.700,-156.422,-0.914717,0.399199,0.062709,-0.392634,-0.914705,0.095675,0.095554,0.062894,0.993435,1,0.00000,0.00000,11.923,0.017,-1,400.000,-1,400.000,-1,325.000,325.000,300.000,325.000,-1,-1,-1,-1,775.000,825.000,-1,-1,2,0,2,0,2,0,0,0,0,2,2,2,2,1,0,2,2
94,-2300.159,-2953.651,206.157,-156.486,-0.915164,0.398179,0.062682,-0.391616,-0.915141,0.095674,0.095458,0.063010,0.993437,0,0.08000,-0.03185,4.800,-0.064,-1,400.000,-1,400.000,-1,325.000,325.000,300.000,325.000,-1,-1,-1,-1,775.000,825.000,-1,-1,2,0,2,0,2,0,0,0,0,2,2,2,2,1,0,2,2
95,-2308.966,-2957.472,207.075,-156.549,-0.915606,0.397168,0.062634,-0.390609,-0.915572,0.095669,0.095343,0.063130,0.993441,0,0.16000,-0.03153,9.600,-0.063,-1,400.000,-1,400.000,-1,325.000,325.000,300.000,325.000,-1,-1,-1,-1,775.000,825.000,-1,-1,2,0,2,0,2,0,0,0,0,2,2,2,2,1,0,2,2
96,-2322.183,-2963.188,208.455,-156.611,-0.916040,0.396176,0.062568,-0.389622,-0.915994,0.095656,0.095209,0.063247,0.993446,0,0.24000,-0.03095,14.400,-0.062,-1,400.000,-1,400.000,-1,325.000,325.000,300.000,325.000,-1,-1,-1,-1,750.000,825.000,-1,-1,2,0,2,0,2,0,0,0,0,2,2,2,2,1,0,2,2
97,-2339.813,-2970.792,210.299,-156.671,-0.916463,0.395211,0.062486,-0.388666,-0.916403,0.095629,0.095055,0.063354,0.993454,0,0.32000,-0.03008,19.200,-0.060,-1,400.000,-1,400.000,-1,325.000,325.000,300.000,325.000,-1,-1,-1,-1,750.000,825.000,-1,-1,2,0,2,0,2,0,0,0,0,2,2,2,2,1,0,2,2
98,-2361.860,-2980.273,212.613,-156.729,-0.916869,0.394284,0.062388,-0.387749,-0.916796,0.095576,0.094881,0.063440,0.993465,0,0.40000,-0.02892,24.000,-0.058,-1,400.000,-1,400.000,-1,325.000,325.000,300.000,325.000,-1,-1,-1,-1,750.000,825.000,-1,-1,2,0,2,0,2,0,0,0,0,2,2,2,2,1,0,2,2
99,-2388.328,-2991.626,215.401,-156.784,-0.917254,0.393404,0.062279,-0.386885,-0.917171,0.095486,0.094685,0.063490,0.993481,0,0.48000,-0.02745,28.800,-0.055,-1,400.000,-1,400.000,-1,325.000,325.000,300.000,325.000,-1,-1,-1,-1,750.000,825.000,975.000,-1,2,0,2,0,2,0,0,0,0,2,2,2,2,1,0,1,2
100,-2419.219,-3004.844,218.669,-156.835,-0.917613,0.392583,0.062162,-0.386085,-0.917523,0.095344,0.094466,0.063489,0.993502,0,0.56000,-0.02564,33.600,-0.051,-1,400.000,-1,400.000,-1,325.000,325.000,300.000,325.000,-1,-1,-1,-1,725.000,825.000,950.000,-1,2,0,2,0,2,0,0,0,0,2,2,2,2,1,0,1,2
101,-2454.536,-3019.920,222.426,-156.882,-0.917942,0.391833,0.062043,-0.385363,-0.917848,0.095133,0.094222,0.063417,0.993529,0,0.64000,-0.02348,38.400,-0.047,975.000,400.000,-1,400.000,-1,325.000,325.000,300.000,325.000,-1,-1,-1,-1,725.000,825.000,925.000,-1,1,0,2,0,2,0,0,0,0,2,2,2,2,1,0,1,2
102,-2494.279,-3036.853,226.679,-156.924,-0.918234,0.391166,0.061928,-0.384732,-0.918144,0.094834,0.093955,0.063254,0.993565,0,0.72000,-0.02092,43.200,-0.042,925.000,400.000,-1,400.000,-1,325.000,325.000,300.000,325.000,-1,-1,-1,-1,700.000,825.000,875.000,-1,1,0,2,0,2,0,0,0,0,2,2,2,2,1,0,1,2
103,-2538.450,-3055.639,231.233,-156.960,-0.918492,0.390580,0.061799,-0.384117,-0.918360,0.095230,0.093949,0.063729,0.993535,0,0.80000,-0.01791,48.000,-0.036,875.000,400.000,-1,400.000,-1,325.000,325.000,300.000,325.000,-1,-1,-1,-1,700.000,850.000,825.000,-1,1,0,2,0,2,0,0,0,0,2,2,2,2,1,0,1,2
104,-2587.048,-3076.280,236.030,-156.989,-0.918781,0.390084,0.060622,-0.383611,-0.918476,0.096144,0.093184,0.065080,0.993520,0,0.88000,-0.01442,52.800,-0.029,825.000,400.000,-1,400.000,-1,325.000,325.000,300.000,325.000,-1,-1,-1,-1,675.000,850.000,775.000,-1,1,0,2,0,2,0,0,0,0,2,2,2,2,1,0,1,2
105,-2638.610,-3098.159,241.077,-157.009,-0.919044,0.389709,0.059026,-0.383243,-0.918518,0.097210,0.092100,0.066719,0.993512,0,0.93352,-0.01037,56.011,-0.021,750.000,400.000,-1,400.000,-1,325.000,325.000,300.000,325.000,-1,-1,-1,-1,650.000,850.000,725.000,-1,1,0,2,0,2,0,0,0,0,2,2,2,2,1,0,1,2
106,-2685.676,-3118.342,245.726,-156.790,-0.917655,0.393192,0.057524,-0.386740,-0.916953,0.098135,0.091332,0.067807,0.993509,0,0.85352,0.10963,51.211,0.219,700.000,400.000,-1,400.000,-1,325.000,325.000,300.000,325.000,-1,-1,-1,-1,625.000,850.000,675.000,-1,1,0,2,0,2,0,0,0,0,2,2,2,2,1,0,1,2
107,-2732.402,-3138.823,250.270,-156.331,-0.914535,0.400527,0.056601,-0.394083,-0.913764,0.098657,0.091235,0.067920,0.993510,0,0.85031,0.22963,51.019,0.459,650.000,400.000,-1,400.000,-1,325.000,325.000,325.000,325.000,-1,-1,-1,-1,600.000,850.000,625.000,-1,1,0,2,0,2,0,0,0,0,2,2,2,2,1,0,1,2
108,-2779.139,-3159.992,254.824,-155.632,-0.909626,0.411666,0.055780,-0.405255,-0.908848,0.098813,0.091373,0.067278,0.993541,0,0.85513,0.34963,51.308,0.699,600.000,400.000,-1,400.000,-1,325.000,325.000,325.000,325.000,-1,-1,-1,-1,575.000,850.000,575.000,-1,1,1,2,0,2,0,0,0,0,2,2,2,2,1,0,1,2
109,-2825.791,-3182.051,259.400,-154.692,-0.902800,0.426551,0.054832,-0.420225,-0.902065,0.098433,0.091449,0.065824,0.993632,0,0.86009,0.46963,51.605,0.939,550.000,375.000,-1,400.000,-1,325.000,325.000,325.000,325.000,-1,-1,-1,-1,550.000,850.000,525.000,-1,1,1,2,0,2,0,0,0,0,2,2,2,2,1,0,1,2
110,-2872.256,-3205.202,264.105,-153.513,-0.893867,0.445081,0.053891,-0.438848,-0.893207,0.097945,0.091729,0.063900,0.993732,0,0.86523,0.58963,51.914,1.179,500.000,375.000,-1,400.000,-1,325.000,325.000,325.000,325.000,-1,-1,-1,-1,500.000,850.000,475.000,-1,1,1,2,0,2,0,0,0,0,2,2,2,2,1,0,1,2
111,-2918.418,-3229.648,269.112,-152.094,-0.882596,0.467121,0.053119,-0.460905,-0.882010,0.098109,0.092681,0.062108,0.993757,0,0.87060,0.70963,52.236,1.419,450.000,350.000,-1,400.000,-1,325.000,325.000,325.000,325.000,-1,-1,-1,-1,475.000,850.000,425.000,-1,1,1,2,0,2,0,0,0,0,2,2,2,2,1,0,1,2
112,-2964.146,-3255.590,274.728,-150.435,-0.868727,0.492480,0.052698,-0.486059,-0.868142,0.100378,0.095183,0.061586,0.993553,0,0.87625,0.82963,52.575,1.659,400.000,325.000,-1,400.000,-1,325.000,325.000,325.000,325.000,-1,-1,-1,-1,450.000,875.000,400.000,-1,1,1,2,0,2,1,0,0,0,2,2,2,2,1,0,1,2
113,-3009.295,-3283.220,280.862,-148.535,-0.851966,0.520973,0.052350,-0.514180,-0.851329,0.104199,0.098852,0.061856,0.993178,0,0.88222,0.94963,52.933,1.899,375.000,325.000,-1,425.000,-1,300.000,325.000,350.000,325.000,-1,-1,-1,-1,425.000,900.000,350.000,-1,1,1,2,0,2,1,0,0,0,2,2,2,2,1,0,1,2
114,-3053.768,-3312.619,287.520,-146.535,-0.833336,0.550324,0.051907,-0.542992,-0.832564,0.109527,0.103491,0.063088,0.992628,0,0.88854,1.00000,53.312,2.000,350.000,300.000,-1,425.000,-1,275.000,350.000,350.000,300.000,-1,-1,-1,-1,400.000,875.000,325.000,-1,1,1,2,0,2,1,0,0,0,2,2,2,2,1,1,1,2
115,-3097.507,-3343.783,294.535,-144.535,-0.813763,0.578933,0.051257,-0.570794,-0.812694,0.117144,0.109475,0.066070,0.991791,0,0.89508,1.00000,53.705,2.000,325.000,275.000,950.000,450.000,-1,275.000,325.000,375.000,300.000,-1,-1,-1,-1,375.000,800.000,300.000,-1,1,1,1,0,2,1,1,0,0,2,2,2,2,1,1,1,2
116,-3140.446,-3376.699,301.736,-142.535,-0.793332,0.606719,0.050166,-0.597391,-0.791702,0.127797,0.117253,0.071417,0.990531,0,0.90173,1.00000,54.104,2.000,325.000,275.000,875.000,425.000,-1,250.000,300.000,400.000,300.000,-1,-1,700.000,-1,350.000,725.000,300.000,-1,1,1,1,1,2,1,1,0,0,2,2,0,2,1,1,1,2
117,-3182.521,-3411.354,309.418,-140.535,-0.772097,0.633664,0.048337,-0.622896,-0.769662,0.140072,0.125962,0.078040,0.988961,0,0.90847,1.00000,54.508,2.000,325.000,250.000,800.000,400.000,1000.000,225.000,275.000,425.000,275.000,-1,550.000,300.000,-1,325.000,650.000,275.000,-1,1,1,1,1,1,1,1,0,0,2,0,0,2,1,1,1,2
118,-3223.666,-3447.729,317.434,-138.535,-0.750201,0.659679,0.044961,-0.647247,-0.746560,0.154014,0.135165,0.086441,0.987045,0,0.91530,1.00000,54.918,2.000,300.000,225.000,750.000,350.000,975.000,225.000,275.000,475.000,275.000,-1,425.000,200.000,-1,300.000,575.000,250.000,1000.000,1,1,1,1,1,1,1,0,0,2,0,0,2,1,1,1,1
119,-3263.815,-3485.806,325.805,-136.535,-0.727729,0.684697,0.040002,-0.670382,-0.722413,0.169436,0.144910,0.096487,0.984729,0,0.92220,1.00000,55.332,2.000,300.000,225.000,675.000,325.000,925.000,200.000,250.000,525.000,275.000,-1,350.000,125.000,-1,275.000,525.000,250.000,900.000,1,1,1,1,1,1,1,0,0,2,0,0,2,1,1,1,1
120,1639.845,-4919.483,-3.527,-7.733,0.985169,0.134512,0.106527,-0.136336,0.990612,0.009998,-0.104182,-0.024373,0.994260,1,0.00000,0.00000,55.750,2.000,-1,375.000,-1,375.000,775.000,325.000,325.000,300.000,325.000,625.000,-1,-1,950.000,625.000,650.000,-1,-1,2,0,2,0,1,0,0,0,0,1,2,2,1,0,0,2,2
121,1644.599,-4920.149,-4.031,-7.973,0.984618,0.138659,0.106309,-0.140496,0.990031,0.009954,-0.103869,-0.024737,0.994283,0,0.08000,-0.12000,4.800,-0.240,-1,375.000,-1,375.000,775.000,325.000,325.000,300.000,325.000,625.000,-1,-1,950.000,625.000,650.000,-1,-1,2,0,2,0,1,0,0,0,0,1,2,2,1,0,0,2,2
122,1654.095,-4921.560,-5.037,-8.453,0.983462,0.146946,0.105875,-0.148809,0.988817,0.009874,-0.103240,-0.025466,0.994330,0,0.16000,-0.24000,9.600,-0.480,-1,375.000,-1,375.000,775.000,325.000,325.000,300.000,325.000,625.000,-1,-1,950.000,625.000,650.000,-1,-1,2,0,2,0,1,0,0,0,0,1,2,2,1,0,0,2,2
123,1668.310,-4923.855,-6.541,-9.173,0.981597,0.159355,0.105230,-0.161257,0.986864,0.009770,-0.102291,-0.026560,0.994400,0,0.24000,-0.36000,14.400,-0.720,-1,375.000,-1,375.000,750.000,325.000,325.000,300.000,325.000,600.000,-1,-1,975.000,625.000,650.000,-1,-1,2,0,2,0,1,0,0,0,0,1,2,2,1,0,0,2,2
124,1687.211,-4927.232,-8.539,-10.133,0.978866,0.175860,0.104381,-0.177816,0.984016,0.009665,-0.101013,-0.028021,0.994490,0,0.32000,-0.48000,19.200,-0.960,-1,375.000,-1,375.000,725.000,325.000,325.000,300.000,325.000,600.000,-1,-1,1000.000,625.000,650.000,-1,975.000,2,0,2,0,1,0,0,0,0,1,2,2,1,0,0,2,1
125,1710.743,-4931.948,-11.025,-11.333,0.975060,0.196419,0.103338,-0.198443,0.980066,0.009587,-0.099395,-0.029855,0.994600,0,0.40000,-0.60000,24.000,-1.200,-1,375.000,-1,375.000,700.000,325.000,325.000,300.000,325.000,600.000,-1,-1,-1,625.000,650.000,-1,925.000,2,0,2,0,1,0,0,0,0,1,2,2,2,0,0,2,1
126,1738.850,-4938.225,-13.988,-12.591,0.970621,0.217886,0.102081,-0.219977,0.975458,0.009562,-0.097492,-0.031736,0.994730,0,0.48000,-0.62931,28.800,-1.259,-1,375.000,-1,375.000,675.000,300.000,325.000,300.000,325.000,575.000,-1,-1,-1,625.000,650.000,-1,900.000,2,0,2,0,1,0,0,0,0,1,2,2,2,0,0,2,1
127,1771.472,-4946.271,-17.422,-13.857,0.965704,0.239361,0.100607,-0.241515,0.970349,0.009624,-0.095320,-0.033592,0.994880,0,0.56000,-0.63273,33.600,-1.265,-1,375.000,-1,375.000,650.000,300.000,300.000,300.000,325.000,575.000,-1,-1,-1,625.000,650.000,-1,850.000,2,0,2,0,1,0,0,0,0,1,2,2,2,0,0,2,1
128,1808.541,-4956.294,-21.326,-15.131,0.960293,0.260870,0.098917,-0.263085,0.964723,0.009822,-0.092865,-0.035455,0.995047,0,0.64000,-0.63732,38.400,-1.275,-1,375.000,-1,375.000,625.000,300.000,300.000,300.000,325.000,575.000,-1,475.000,-1,625.000,650.000,-1,800.000,2,0,2,0,1,0,0,0,0,1,2,0,2,0,0,2,1
129,1849.980,-4968.504,-25.695,-16.418,0.954365,0.282446,0.097015,-0.284724,0.958555,0.010208,-0.090111,-0.037365,0.995231,0,0.72000,-0.64329,43.200,-1.287,-1,375.000,-1,375.000,575.000,300.000,300.000,300.000,325.000,575.000,-1,450.000,-1,625.000,650.000,-1,750.000,2,0,2,0,1,0,0,0,0,1,2,0,2,0,0,2,1
130,1895.645,-4983.292,-30.330,-17.945,0.946644,0.307863,0.095315,-0.310161,0.950632,0.009942,-0.087549,-0.038975,0.995397,0,0.80000,-0.76329,48.000,-1.527,-1,350.000,-1,375.000,550.000,300.000,300.000,300.000,325.000,575.000,-1,425.000,-1,625.000,650.000,-1,700.000,2,0,2,0,1,0,0,0,0,1,2,0,2,0,0,2,1
131,1945.350,-5001.101,-34.775,-19.711,0.937029,0.337029,0.091585,-0.339128,0.940707,0.007939,-0.083478,-0.038498,0.995766,0,0.88000,-0.88329,52.800,-1.767,-1,350.000,-1,375.000,500.000,300.000,300.000,300.000,300.000,575.000,600.000,400.000,-1,625.000,650.000,-1,625.000,2,0,2,0,1,0,0,0,0,1,0,0,2,0,1,2,1
