timestep,x_cm,y_cm,z_cm,yaw_deg,basis_xx,basis_xy,basis_xz,basis_yx,basis_yy,basis_yz,basis_zx,basis_zy,basis_zz,teleport_flag,throttle_cmd,steering_cmd,cmd_move_cm,cmd_turn_deg,lidar_cm_0,lidar_cm_1,lidar_cm_2,lidar_cm_3,lidar_cm_4,lidar_cm_5,lidar_cm_6,lidar_cm_7,lidar_cm_8,lidar_cm_9,lidar_cm_10,lidar_cm_11,lidar_cm_12,lidar_cm_13,lidar_cm_14,lidar_cm_15,lidar_cm_16,lidar_class_0,lidar_class_1,lidar_class_2,lidar_class_3,lidar_class_4,lidar_class_5,lidar_class_6,lidar_class_7,lidar_class_8,lidar_class_9,lidar_class_10,lidar_class_11,lidar_class_12,lidar_class_13,lidar_class_14,lidar_class_15,lidar_class_16
0,3606.777,-9515.741,122.263,79.826,0.176910,-0.984117,0.014712,0.984086,0.176611,-0.019590,0.016680,0.017944,0.999700,1,-0.08000,-0.12000,-4.800,-0.240,-1,400.000,-1,400.000,950.000,325.000,325.000,300.000,300.000,-1,-1,-1,-1,775.000,800.000,-1,-1,2,0,2,0,1,0,0,0,0,2,2,2,2,0,0,2,2
1,3605.032,-9525.181,122.109,79.527,0.182045,-0.983180,0.014736,0.983148,0.181743,-0.019754,0.016743,0.018084,0.999696,0,-0.16000,-0.14948,-9.600,-0.299,-1,400.000,-1,400.000,950.000,325.000,325.000,300.000,300.000,-1,-1,-1,-1,775.000,800.000,-1,-1,2,0,2,0,1,0,0,0,0,2,2,2,2,0,0,2,2
2,3602.340,-9539.327,121.879,79.229,0.187159,-0.982219,0.014773,0.982185,0.186851,-0.019995,0.016879,0.018252,0.999691,0,-0.24000,-0.14893,-14.400,-0.298,-1,400.000,-1,400.000,950.000,325.000,325.000,300.000,300.000,-1,-1,-1,-1,775.000,800.000,-1,-1,2,0,2,0,1,0,0,0,0,2,2,2,2,0,0,2,2
3,3598.655,-9558.170,121.574,78.933,0.192243,-0.981235,0.014820,0.981199,0.191929,-0.020312,0.017087,0.018446,0.999684,0,-0.32000,-0.14819,-19.200,-0.296,-1,400.000,-1,400.000,975.000,325.000,325.000,300.000,300.000,-1,-1,-1,-1,800.000,800.000,-1,-1,2,0,2,0,1,0,0,0,0,2,2,2,2,0,0,2,2
4,3593.926,-9581.699,121.195,78.638,0.197292,-0.980232,0.014879,0.980191,0.196970,-0.020704,0.017364,0.018669,0.999675,0,-0.40000,-0.14727,-24.000,-0.295,-1,400.000,-1,400.000,1000.000,325.000,325.000,300.000,300.000,-1,-1,-1,-1,800.000,800.000,-1,-1,2,0,2,0,1,0,0,0,0,2,2,2,2,0,0,2,2
5,3588.500,-9608.008,120.775,78.346,0.202300,-0.979210,0.014944,0.979164,0.201968,-0.021136,0.017678,0.018909,0.999665,0,-0.44771,-0.14617,-26.863,-0.292,-1,400.000,-1,400.000,-1,325.000,325.000,300.000,300.000,-1,-1,-1,-1,800.000,800.000,-1,-1,2,0,2,0,2,0,0,0,0,2,2,2,2,0,0,2,2
6,3582.925,-9634.363,120.359,78.056,0.207262,-0.978170,0.015008,0.978120,0.206920,-0.021563,0.017987,0.019149,0.999655,0,-0.44897,-0.14499,-26.938,-0.290,-1,400.000,-1,400.000,-1,325.000,325.000,300.000,300.000,-1,-1,-1,-1,800.000,800.000,-1,-1,2,0,2,0,2,0,0,0,0,2,2,2,2,0,0,2,2
7,3577.201,-9660.767,119.945,77.768,0.212179,-0.977115,0.015071,0.977060,0.211828,-0.021986,0.018291,0.019390,0.999645,0,-0.45028,-0.14385,-27.017,-0.288,-1,400.000,-1,400.000,-1,325.000,325.000,300.000,300.000,-1,-1,-1,-1,800.000,800.000,-1,-1,2,0,2,0,2,0,0,0,0,2,2,2,2,0,0,2,2
8,3571.328,-9687.220,119.535,77.483,0.217054,-0.976042,0.015132,0.975983,0.216693,-0.022405,0.018589,0.019632,0.999634,0,-0.45162,-0.14275,-27.097,-0.285,-1,400.000,-1,400.000,-1,325.000,325.000,300.000,300.000,-1,-1,-1,-1,800.000,800.000,-1,-1,2,0,2,0,2,0,0,0,0,2,2,2,2,0,0,2,2
9,3565.306,-9713.725,119.128,77.199,0.221887,-0.974954,0.015193,0.974890,0.221517,-0.022818,0.018881,0.019875,0.999624,0,-0.45301,-0.14168,-27.180,-0.283,-1,400.000,-1,400.000,-1,325.000,325.000,300.000,300.000,-1,-1,-1,-1,800.000,800.000,-1,-1,2,0,2,0,2,0,0,0,0,2,2,2,2,0,0,2,2
10,3559.134,-9740.283,118.725,76.918,0.226679,-0.973850,0.015253,0.973781,0.226299,-0.023227,0.019168,0.020118,0.999614,0,-0.45443,-0.14064,-27.266,-0.281,-1,400.000,-1,400.000,-1,325.000,325.000,300.000,300.000,-1,-1,-1,-1,800.000,800.000,-1,-1,2,0,2,0,2,0,0,0,0,2,2,2,2,0,0,2,2
11,3552.813,-9766.895,118.324,76.639,0.231432,-0.972731,0.015313,0.972657,0.231042,-0.023631,0.019449,0.020364,0.999603,0,-0.45588,-0.13964,-27.353,-0.279,-1,400.000,-1,400.000,-1,325.000,325.000,300.000,300.000,-1,1000.000,-1,-1,800.000,800.000,-1,-1,2,0,2,0,2,0,0,0,0,2,0,2,2,0,0,2,2
12,3546.342,-9793.564,117.838,76.361,0.236149,-0.971589,0.015758,0.971522,0.235746,-0.023850,0.019458,0.020941,0.999591,0,-0.45738,-0.13868,-27.443,-0.277,-1,400.000,-1,400.000,-1,325.000,325.000,300.000,300.000,-1,975.000,-1,-1,800.000,775.000,-1,-1,2,0,2,0,2,0,0,0,0,2,0,2,2,0,0,2,2
13,3539.721,-9820.290,117.365,76.086,0.240826,-0.970433,0.016199,0.970375,0.240412,-0.023964,0.019361,0.021490,0.999582,0,-0.45890,-0.13774,-27.534,-0.275,-1,400.000,-1,400.000,-1,325.000,325.000,300.000,300.000,-1,950.000,1000.000,-1,800.000,775.000,-1,-1,2,0,2,0,2,0,0,0,0,2,0,0,2,0,0,2,2
14,3532.949,-9847.075,116.899,75.812,0.245466,-0.969262,0.016628,0.969214,0.245041,-0.024063,0.019249,0.022023,0.999572,0,-0.46046,-0.13684,-27.628,-0.274,-1,400.000,-1,400.000,-1,325.000,325.000,300.000,300.000,-1,925.000,975.000,-1,800.000,775.000,-1,-1,2,0,2,0,2,0,0,0,0,2,0,0,2,0,0,2,2
15,3526.027,-9873.920,116.437,75.540,0.250072,-0.968077,0.017060,0.968038,0.249636,-0.024165,0.019135,0.022558,0.999562,0,-0.46205,-0.13597,-27.723,-0.272,-1,400.000,-1,400.000,-1,325.000,325.000,300.000,300.000,-1,900.000,950.000,-1,800.000,775.000,-1,-1,2,0,2,0,2,0,0,0,0,2,0,0,2,0,0,2,2
16,3518.953,-9900.825,115.963,75.270,0.254641,-0.966878,0.017444,0.966850,0.254197,-0.024206,0.018970,0.023030,0.999555,0,-0.46367,-0.13513,-27.820,-0.270,-1,400.000,-1,400.000,-1,325.000,325.000,300.000,300.000,-1,875.000,925.000,-1,800.000,775.000,-1,-1,2,0,2,0,2,0,0,0,0,2,0,0,2,0,0,2,2
17,3511.731,-9927.778,115.451,75.001,0.259176,-0.965668,0.017698,0.965650,0.258730,-0.024067,0.018662,0.023327,0.999554,0,-0.46506,-0.13445,-27.904,-0.269,-1,400.000,-1,400.000,-1,325.000,325.000,300.000,300.000,-1,875.000,900.000,-1,800.000,775.000,-1,-1,2,0,2,0,2,0,0,0,0,2,0,0,2,0,0,2,2
18,3504.383,-9954.697,114.961,74.732,0.263705,-0.964435,0.018031,0.964430,0.263257,-0.023897,0.018300,0.023692,0.999552,0,-0.46506,-0.13445,-27.904,-0.269,-1,400.000,-1,400.000,-1,325.000,325.000,300.000,300.000,-1,850.000,875.000,-1,800.000,775.000,-1,-1,2,0,2,0,2,0,0,0,0,2,0,0,2,0,0,2,2
19,3496.909,-9981.581,114.477,74.463,0.268228,-0.963180,0.018368,0.963189,0.267777,-0.023730,0.017938,0.024057,0.999550,0,-0.46506,-0.13445,-27.904,-0.269,-1,400.000,-1,400.000,-1,325.000,325.000,300.000,300.000,-1,825.000,850.000,-1,800.000,775.000,-1,-1,2,0,2,0,2,0,0,0,0,2,0,0,2,0,0,2,2
20,3489.309,-10008.429,113.999,74.194,0.272745,-0.961905,0.018708,0.961926,0.272292,-0.023566,0.017575,0.024424,0.999547,0,-0.46506,-0.13445,-27.904,-0.269,-1,400.000,-1,400.000,-1,325.000,325.000,300.000,300.000,-1,825.000,850.000,-1,800.000,775.000,-1,-1,2,0,2,0,2,0,0,0,0,2,0,0,2,0,0,2,2
21,3483.005,-10030.656,113.606,74.166,0.273229,-0.961761,0.018994,0.961792,0.272776,-0.023429,0.017352,0.024670,0.999545,0,-0.38506,-0.01445,-23.104,-0.029,-1,400.000,-1,400.000,-1,325.000,325.000,300.000,300.000,-1,800.000,825.000,-1,800.000,750.000,-1,-1,2,0,2,0,2,0,0,0,0,2,0,0,2,0,0,2,2
22,3478.075,-10048.284,113.295,74.377,0.269684,-0.962757,0.019223,0.962794,0.269229,-0.023317,0.017273,0.024796,0.999543,0,-0.30506,0.10555,-18.304,0.211,-1,400.000,-1,375.000,-1,325.000,325.000,300.000,300.000,-1,800.000,825.000,-1,800.000,750.000,-1,-1,2,0,2,0,2,0,0,0,0,2,0,0,2,0,0,2,2
23,3474.541,-10061.317,113.064,74.828,0.262097,-0.964847,0.019394,0.964886,0.261641,-0.023227,0.017336,0.024800,0.999542,0,-0.22506,0.22555,-13.504,0.451,-1,400.000,-1,375.000,-1,325.000,325.000,300.000,300.000,-1,775.000,825.000,-1,800.000,750.000,-1,-1,2,0,2,0,2,0,0,0,0,2,0,0,2,0,0,2,2
24,3472.365,-10069.744,112.914,75.519,0.250442,-0.967935,0.019506,0.967973,0.249985,-0.023158,0.017539,0.024681,0.999542,0,-0.14506,0.34555,-8.704,0.691,-1,400.000,-1,375.000,-1,325.000,325.000,300.000,300.000,-1,775.000,825.000,-1,800.000,750.000,-1,-1,2,0,2,0,2,0,0,0,0,2,0,0,2,0,0,2,2
25,3471.450,-10073.539,112.845,76.450,0.234681,-0.971876,0.019560,0.971908,0.234224,-0.023111,0.017880,0.024434,0.999542,0,-0.06506,0.46555,-3.904,0.931,-1,400.000,-1,375.000,-1,325.000,325.000,300.000,300.000,-1,775.000,825.000,-1,800.000,750.000,-1,-1,2,0,2,0,2,0,0,0,0,2,0,0,2,0,0,2,2
26,3471.643,-10072.664,112.862,77.594,0.215240,-0.976365,0.019558,0.976389,0.214783,-0.023086,0.018340,0.024065,0.999542,0,0.01494,0.57179,0.896,1.144,-1,400.000,-1,375.000,-1,325.000,325.000,300.000,300.000,-1,800.000,825.000,-1,800.000,750.000,-1,-1,2,0,2,0,2,0,0,0,0,2,0,0,2,0,0,2,2
27,3472.755,-10067.077,112.968,78.737,0.195712,-0.980467,0.019500,0.980481,0.195256,-0.023089,0.018831,0.023639,0.999543,0,0.09494,0.57179,5.696,1.144,-1,400.000,-1,400.000,-1,325.000,325.000,300.000,300.000,-1,800.000,850.000,-1,800.000,750.000,-1,-1,2,0,2,0,2,0,0,0,0,2,0,0,2,0,0,2,2
28,3474.600,-10056.744,113.166,79.881,0.176106,-0.984180,0.019391,0.984181,0.175651,-0.023121,0.019350,0.023156,0.999545,0,0.17494,0.57179,10.496,1.144,-1,400.000,-1,400.000,-1,325.000,325.000,300.000,300.000,-1,825.000,850.000,-1,800.000,775.000,-1,-1,2,0,2,0,2,0,0,0,0,2,0,0,2,0,0,2,2
29,3476.986,-10041.635,113.463,81.024,0.156429,-0.987502,0.019233,0.987489,0.155975,-0.023182,0.019892,0.022618,0.999546,0,0.25494,0.57179,15.296,1.144,-1,400.000,-1,400.000,-1,325.000,325.000,300.000,300.000,-1,825.000,875.000,-1,800.000,775.000,-1,-1,2,0,2,0,2,0,0,0,0,2,0,0,2,0,0,2,2
30,3479.725,-10021.726,113.860,82.168,0.136689,-0.990431,0.019029,0.990403,0.136238,-0.023271,0.020456,0.022028,0.999548,0,0.33494,0.57179,20.096,1.144,-1,400.000,-1,400.000,-1,325.000,325.000,300.000,300.000,-1,850.000,900.000,-1,800.000,775.000,-1,-1,2,0,2,0,2,0,0,0,0,2,0,0,2,0,0,2,2
31,3482.625,-9996.999,114.364,83.311,0.116893,-0.992967,0.018785,0.992922,0.116445,-0.023387,0.021036,0.021386,0.999550,0,0.41494,0.57179,24.896,1.144,-1,400.000,-1,400.000,-1,325.000,325.000,300.000,300.000,-1,875.000,950.000,-1,800.000,775.000,-1,-1,2,0,2,0,2,0,0,0,0,2,0,0,2,0,0,2,2
32,3485.618,-9967.454,114.975,84.215,0.101217,-0.994692,0.018497,0.994631,0.100773,-0.023537,0.021548,0.020780,0.999552,0,0.49494,0.45179,29.696,0.904,-1,400.000,-1,400.000,-1,325.000,325.000,300.000,300.000,-1,900.000,975.000,-1,800.000,775.000,-1,-1,2,0,2,0,2,0,0,0,0,2,0,0,2,0,0,2,2
33,3488.698,-9933.095,115.696,84.879,0.089687,-0.995804,0.018167,0.995727,0.089247,-0.023718,0.021997,0.020216,0.999554,0,0.57494,0.33179,34.496,0.664,-1,400.000,-1,400.000,-1,325.000,325.000,300.000,300.000,-1,925.000,1000.000,-1,800.000,775.000,-1,-1,2,0,2,0,2,0,0,0,0,2,0,0,2,0,0,2,2
34,3491.916,-9893.931,116.525,85.302,0.082319,-0.996447,0.017791,0.996355,0.081884,-0.023931,0.022389,0.019696,0.999555,0,0.65494,0.21179,39.296,0.424,-1,400.000,-1,400.000,-1,325.000,325.000,300.000,300.000,-1,950.000,-1,-1,800.000,775.000,-1,-1,2,0,2,0,2,0,0,0,0,2,0,2,2,0,0,2,2
35,3495.387,-9849.971,117.461,85.486,0.079120,-0.996714,0.017369,0.996608,0.078691,-0.024092,0.022646,0.019216,0.999559,0,0.73494,0.09179,44.096,0.184,-1,400.000,-1,400.000,-1,325.000,325.000,300.000,300.000,-1,975.000,-1,-1,800.000,800.000,-1,-1,2,0,2,0,2,0,0,0,0,2,0,2,2,0,0,2,2
36,3499.284,-9801.231,118.409,85.429,0.080080,-0.996648,0.016725,0.996539,0.079674,-0.023690,0.022279,0.018564,0.999579,0,0.81494,-0.02821,48.896,-0.056,-1,400.000,-1,400.000,-1,325.000,325.000,300.000,300.000,-1,-1,-1,-1,800.000,800.000,-1,-1,2,0,2,0,2,0,0,0,0,2,2,2,2,0,0,2,2
37,3503.840,-9747.728,119.347,85.133,0.085214,-0.996227,0.016419,0.996134,0.084829,-0.022847,0.021368,0.018303,0.999604,0,0.89494,-0.14821,53.696,-0.296,-1,400.000,-1,400.000,-1,325.000,325.000,300.000,300.000,-1,-1,-1,-1,800.000,800.000,-1,-1,2,0,2,0,2,0,0,0,0,2,2,2,2,0,0,2,2
38,3509.051,-9692.634,120.310,84.597,0.094516,-0.995393,0.016102,0.995315,0.094153,-0.021980,0.020363,0.018104,0.999629,0,0.92233,-0.26821,55.340,-0.536,-1,400.000,-1,400.000,-1,325.000,325.000,300.000,300.000,-1,-1,-1,-1,800.000,800.000,-1,-1,2,0,2,0,2,0,0,0,0,2,2,2,2,0,0,2,2
39,3515.024,-9637.468,121.266,83.820,0.107975,-0.994028,0.015792,0.993966,0.107633,-0.021115,0.019289,0.017977,0.999652,0,0.92480,-0.38821,55.488,-0.776,-1,400.000,-1,400.000,-1,325.000,325.000,300.000,300.000,-1,-1,-1,-1,800.000,800.000,-1,-1,2,0,2,0,2,0,0,0,0,2,2,2,2,0,0,2,2
40,3521.994,-9582.270,122.212,82.804,0.125571,-0.991964,0.015502,0.991919,0.125249,-0.020254,0.018149,0.017920,0.999675,0,0.92728,-0.50821,55.637,-1.016,-1,400.000,-1,400.000,-1,325.000,325.000,300.000,300.000,-1,-1,-1,-1,800.000,800.000,-1,-1,2,0,2,0,2,0,0,0,0,2,2,2,2,0,0,2,2
41,3530.155,-9527.083,123.143,81.588,0.146574,-0.989082,0.015244,0.989054,0.146271,-0.019396,0.016954,0.017920,0.999696,0,0.92979,-0.60797,55.787,-1.216,-1,400.000,-1,400.000,-1,325.000,325.000,300.000,300.000,-1,-1,-1,-1,775.000,800.000,-1,-1,2,0,2,0,2,0,0,0,0,2,2,2,2,0,0,2,2
42,3538.581,-9476.125,123.992,80.612,0.163382,-0.986448,0.015045,0.986435,0.163096,-0.018598,0.015892,0.017879,0.999714,0,0.86083,-0.48797,51.650,-0.976,-1,400.000,-1,400.000,975.000,325.000,325.000,300.000,300.000,-1,-1,-1,-1,775.000,800.000,-1,-1,2,0,2,0,1,0,0,0,0,2,2,2,2,0,0,2,2
43,3547.684,-9425.141,124.833,79.876,0.176022,-0.984274,0.014876,0.984273,0.175753,-0.017789,0.014894,0.017773,0.999731,0,0.86317,-0.36797,51.790,-0.736,-1,400.000,-1,400.000,925.000,325.000,325.000,300.000,300.000,-1,-1,-1,-1,775.000,800.000,-1,-1,2,0,2,0,1,0,0,0,0,2,2,2,2,0,0,2,2
44,3557.254,-9374.104,125.672,79.380,0.184519,-0.982719,0.014728,0.982730,0.184267,-0.016965,0.013958,0.017604,0.999748,0,0.86545,-0.24797,51.927,-0.496,-1,400.000,-1,400.000,900.000,325.000,325.000,300.000,300.000,-1,-1,-1,-1,775.000,800.000,-1,-1,2,0,2,0,1,0,0,0,0,2,2,2,2,0,0,2,2
45,3567.077,-9322.982,126.511,79.124,0.188891,-0.981890,0.014592,0.981911,0.188656,-0.016124,0.013079,0.017374,0.999764,0,0.86761,-0.12797,52.057,-0.256,-1,400.000,-1,400.000,850.000,325.000,325.000,300.000,300.000,-1,-1,-1,-1,775.000,800.000,-1,-1,2,0,2,0,1,0,0,0,0,2,2,2,2,0,0,2,2
46,3576.936,-9271.745,127.356,79.108,0.189149,-0.981842,0.014456,0.981872,0.188930,-0.015261,0.012252,0.017081,0.999779,0,0.86962,-0.00797,52.177,-0.016,-1,400.000,-1,400.000,825.000,325.000,325.000,300.000,300.000,-1,-1,-1,-1,775.000,800.000,-1,-1,2,0,2,0,1,0,0,0,0,2,2,2,2,0,0,2,2
47,3586.832,-9220.405,128.151,79.090,0.189436,-0.981792,0.014065,0.981824,0.189234,-0.014539,0.011613,0.016563,0.999795,0,0.87143,-0.00880,52.286,-0.018,-1,400.000,-1,400.000,800.000,325.000,325.000,300.000,300.000,-1,-1,-1,-1,750.000,800.000,-1,-1,2,0,2,0,1,0,0,0,0,2,2,2,2,0,0,2,2
48,3596.767,-9168.969,128.924,79.067,0.189820,-0.981726,0.013521,0.981755,0.189632,-0.014028,0.011208,0.015937,0.999810,0,0.87310,-0.01158,52.386,-0.023,-1,400.000,-1,400.000,775.000,325.000,325.000,300.000,300.000,-1,-1,-1,-1,750.000,800.000,-1,-1,2,0,2,0,1,0,0,0,0,2,2,2,2,0,0,2,2
49,3606.746,-9117.449,129.573,79.038,0.190313,-0.981632,0.013372,0.981661,0.190129,-0.013872,0.011075,0.015767,0.999814,0,0.87463,-0.01448,52.478,-0.029,-1,400.000,-1,400.000,750.000,325.000,325.000,300.000,300.000,-1,-1,-1,-1,750.000,800.000,-1,-1,2,0,2,0,1,0,0,0,0,2,2,2,2,0,0,2,2
50,3616.772,-9065.854,130.103,79.003,0.190914,-0.981512,0.013659,0.981546,0.190728,-0.013812,0.010952,0.016044,0.999811,0,0.87601,-0.01750,52.560,-0.035,-1,400.000,-1,400.000,725.000,325.000,325.000,300.000,300.000,-1,-1,-1,-1,750.000,800.000,-1,-1,2,0,2,0,1,0,0,0,0,2,2,2,2,0,0,2,2
51,3626.849,-9014.195,130.626,78.962,0.191622,-0.981369,0.013972,0.981409,0.191434,-0.013736,0.010805,0.016345,0.999808,0,0.87721,-0.02064,52.633,-0.041,-1,400.000,-1,400.000,700.000,325.000,325.000,300.000,300.000,-1,-1,-1,-1,750.000,800.000,-1,-1,2,0,2,0,1,0,0,0,0,2,2,2,2,0,0,2,2
52,3636.981,-8962.484,131.142,78.914,0.192442,-0.981204,0.014312,0.981251,0.192252,-0.013642,0.010634,0.016669,0.999805,0,0.87823,-0.02391,52.694,-0.048,-1,400.000,-1,400.000,675.000,325.000,325.000,300.000,300.000,-1,-1,-1,-1,750.000,800.000,-1,1000.000,2,0,2,0,1,0,0,0,0,2,2,2,2,0,0,2,1
53,3647.172,-8910.734,131.652,78.860,0.193378,-0.981015,0.014678,0.981069,0.193186,-0.013532,0.010440,0.017017,0.999801,0,0.87906,-0.02731,52.744,-0.055,-1,400.000,-1,400.000,650.000,325.000,325.000,300.000,300.000,-1,-1,-1,-1,750.000,800.000,-1,975.000,2,0,2,0,1,0,0,0,0,2,2,2,2,0,0,2,1
54,3657.426,-8858.958,132.155,78.798,0.194434,-0.980800,0.015070,0.980862,0.194241,-0.013405,0.010220,0.017388,0.999797,0,0.87969,-0.03083,52.781,-0.062,-1,400.000,-1,400.000,625.000,325.000,325.000,300.000,300.000,-1,-1,-1,-1,750.000,800.000,-1,950.000,2,0,2,0,1,0,0,0,0,2,2,2,2,0,0,2,1
55,3667.746,-8807.171,132.651,78.729,0.195615,-0.980558,0.015490,0.980630,0.195420,-0.013261,0.009976,0.017784,0.999792,0,0.88009,-0.03448,52.805,-0.069,-1,400.000,-1,400.000,600.000,325.000,325.000,300.000,300.000,-1,-1,-1,-1,750.000,800.000,-1,925.000,2,0,2,0,1,0,0,0,0,2,2,2,2,0,0,2,1
56,3679.310,-8750.739,133.178,78.420,0.200899,-0.979481,0.015982,0.979565,0.200703,-0.013096,0.009619,0.018286,0.999787,0,0.96009,-0.15448,57.605,-0.309,-1,400.000,-1,400.000,575.000,325.000,325.000,300.000,300.000,-1,-1,-1,-1,750.000,800.000,-1,900.000,2,0,2,0,1,0,0,0,0,2,2,2,2,0,0,2,1
57,3691.754,-8692.043,133.710,78.030,0.207560,-0.978083,0.016534,0.978179,0.207362,-0.012905,0.009193,0.018852,0.999780,0,1.00000,-0.19498,60.000,-0.390,-1,375.000,-1,400.000,550.000,325.000,325.000,300.000,300.000,-1,-1,-1,-1,750.000,775.000,-1,850.000,2,0,2,0,1,0,0,0,0,2,2,2,2,0,0,2,1
58,3704.605,-8633.436,134.225,77.631,0.214356,-0.976605,0.017128,0.976717,0.214158,-0.012692,0.008727,0.019450,0.999773,0,1.00000,-0.19926,60.000,-0.399,-1,375.000,-1,400.000,525.000,325.000,325.000,300.000,300.000,-1,-1,-1,-1,750.000,775.000,-1,800.000,2,0,2,0,1,0,0,0,0,2,2,2,2,0,0,2,1
59,3717.873,-8574.921,134.737,77.224,0.221291,-0.975045,0.017840,0.975174,0.221093,-0.012424,0.008170,0.020146,0.999764,0,1.00000,-0.20369,60.000,-0.407,-1,375.000,-1,400.000,500.000,325.000,325.000,300.000,300.000,-1,-1,-1,-1,725.000,775.000,-1,775.000,2,0,2,0,1,0,0,0,0,2,2,2,2,0,1,2,1
60,3731.567,-8516.505,135.266,76.808,0.228370,-0.973394,0.018734,0.973545,0.228171,-0.012177,0.007578,0.021019,0.999750,0,1.00000,-0.20825,60.000,-0.417,-1,375.000,-1,400.000,475.000,325.000,325.000,300.000,300.000,-1,-1,-1,-1,725.000,750.000,-1,725.000,2,0,2,0,1,0,0,0,0,2,2,2,2,0,1,2,1
61,3745.693,-8458.191,135.744,76.382,0.235599,-0.971649,0.019795,0.971825,0.235395,-0.012092,0.007090,0.022086,0.999731,0,1.00000,-0.21294,60.000,-0.426,-1,375.000,-1,400.000,450.000,325.000,325.000,300.000,300.000,-1,-1,-1,-1,725.000,725.000,-1,675.000,2,0,2,0,1,0,0,0,1,2,2,2,2,0,1,2,1
62,3760.263,-8399.987,136.289,75.946,0.242984,-0.969814,0.020506,0.970004,0.242769,-0.012439,0.007086,0.022913,0.999712,0,1.00000,-0.21775,60.000,-0.435,-1,375.000,-1,400.000,425.000,325.000,325.000,300.000,300.000,-1,-1,-1,-1,725.000,700.000,-1,650.000,2,0,2,0,1,0,0,0,1,2,2,2,2,0,1,2,1
63,3775.265,-8341.972,136.820,75.501,0.250522,-0.967877,0.021255,0.968085,0.250294,-0.012851,0.007118,0.023796,0.999691,0,0.99872,-0.22266,59.923,-0.445,-1,400.000,-1,400.000,400.000,325.000,325.000,300.000,300.000,-1,-1,-1,-1,725.000,675.000,-1,600.000,2,0,2,0,1,0,0,0,1,2,2,2,2,0,1,2,1
64,3790.696,-8284.199,137.312,75.046,0.258212,-0.965838,0.021980,0.966062,0.257971,-0.013230,0.007108,0.024650,0.999671,0,0.99664,-0.22764,59.798,-0.455,-1,400.000,-1,400.000,375.000,325.000,325.000,300.000,275.000,-1,-1,-1,-1,750.000,650.000,-1,550.000,2,0,2,0,1,0,0,0,1,2,2,2,2,0,1,2,1
65,3806.555,-8226.692,137.732,74.582,0.266017,-0.963704,0.022582,0.963943,0.265768,-0.013439,0.006950,0.025342,0.999655,0,0.99424,-0.23166,59.654,-0.463,-1,400.000,-1,400.000,350.000,325.000,325.000,300.000,275.000,-1,-1,-1,-1,750.000,625.000,-1,525.000,2,0,2,0,1,0,0,0,1,2,2,2,2,0,1,2,1
66,3822.838,-8169.472,138.122,74.116,0.273860,-0.961490,0.023195,0.961746,0.273603,-0.013660,0.006787,0.026048,0.999638,0,0.99152,-0.23332,59.491,-0.467,-1,400.000,-1,400.000,325.000,325.000,325.000,300.000,250.000,-1,-1,-1,-1,750.000,625.000,-1,475.000,2,0,2,0,1,0,0,0,1,2,2,2,2,0,1,2,1
67,3839.537,-8112.561,138.481,73.646,0.281733,-0.959197,0.023820,0.959470,0.281468,-0.013893,0.006622,0.026768,0.999620,0,0.98851,-0.23476,59.311,-0.470,-1,400.000,-1,400.000,300.000,325.000,325.000,300.000,250.000,-1,-1,-1,-1,750.000,600.000,-1,425.000,2,0,2,0,1,0,0,0,1,2,2,2,2,0,1,2,1
68,3856.649,-8055.977,138.809,73.174,0.289627,-0.956827,0.024457,0.957118,0.289354,-0.014140,0.006453,0.027503,0.999601,0,0.98524,-0.23598,59.114,-0.472,-1,400.000,-1,400.000,275.000,325.000,325.000,325.000,225.000,-1,-1,-1,-1,725.000,575.000,-1,400.000,2,0,2,0,1,0,0,0,1,2,2,2,2,0,1,2,1
69,3874.165,-7999.737,139.106,72.700,0.297534,-0.954381,0.025106,0.954691,0.297251,-0.014402,0.006282,0.028253,0.999581,0,0.98174,-0.23695,58.905,-0.474,-1,375.000,-1,400.000,250.000,325.000,325.000,325.000,225.000,-1,-1,-1,-1,725.000,575.000,-1,350.000,2,0,2,1,1,0,0,0,1,2,2,2,2,0,1,2,1
70,3892.080,-7943.854,139.379,72.225,0.305444,-0.951860,0.025814,0.952191,0.305152,-0.014661,0.006079,0.029058,0.999559,0,0.97808,-0.23769,58.685,-0.475,-1,375.000,-1,375.000,225.000,325.000,325.000,325.000,200.000,-1,-1,-1,-1,725.000,550.000,-1,325.000,2,0,2,1,1,0,0,0,1,2,2,2,2,0,1,2,1
71,3910.388,-7888.338,139.681,71.749,0.313353,-0.949260,0.026735,0.949618,0.313046,-0.015116,0.005979,0.030125,0.999528,0,0.97428,-0.23818,58.457,-0.476,-1,375.000,-1,375.000,200.000,325.000,325.000,325.000,200.000,-1,-1,-1,-1,725.000,550.000,-1,275.000,2,0,2,1,1,0,0,0,1,2,2,2,2,0,1,2,1
72,3929.082,-7833.195,140.231,71.272,0.321265,-0.946615,0.026602,0.946966,0.320933,-0.016065,0.006670,0.030353,0.999517,0,0.97042,-0.23842,58.225,-0.477,-1,400.000,-1,350.000,175.000,325.000,325.000,325.000,200.000,-1,-1,-1,-1,725.000,575.000,-1,250.000,2,0,2,1,1,0,0,0,1,2,2,2,2,0,1,2,1
73,3948.782,-7776.521,143.417,70.835,0.328541,-0.944373,0.014885,0.944375,0.328214,-0.020762,0.014721,0.020878,0.999674,0,1.00000,-0.21823,60.000,-0.436,-1,400.000,-1,375.000,175.000,325.000,350.000,300.000,175.000,-1,-1,-1,-1,775.000,850.000,-1,300.000,2,0,2,1,1,0,0,0,1,2,2,2,2,0,0,2,1
74,3968.924,-7720.002,146.396,70.387,0.335840,-0.941910,0.004142,0.941663,0.335643,-0.024787,0.021957,0.012225,0.999684,0,1.00000,-0.22419,60.000,-0.448,-1,425.000,-1,375.000,200.000,350.000,350.000,300.000,175.000,-1,575.000,650.000,-1,800.000,925.000,-1,-1,2,0,2,1,1,0,0,0,1,2,0,0,2,0,0,2,2
75,3989.520,-7663.647,148.875,69.926,0.343228,-0.939239,-0.005052,0.938830,0.343230,-0.028137,0.028162,0.004914,0.999591,0,1.00000,-0.23045,60.000,-0.461,-1,425.000,-1,400.000,225.000,350.000,375.000,300.000,175.000,-1,375.000,500.000,-1,825.000,975.000,-1,-1,2,0,2,1,1,0,1,0,1,2,0,0,2,0,0,2,2
76,4010.580,-7607.465,150.904,69.452,0.350775,-0.936378,-0.012351,0.935874,0.350992,-0.030736,0.033116,-0.000778,0.999451,0,1.00000,-0.23698,60.000,-0.474,-1,450.000,-1,425.000,300.000,375.000,375.000,300.000,175.000,-1,300.000,425.000,-1,850.000,-1,-1,-1,2,0,2,1,1,0,1,0,1,2,0,0,2,0,2,2,2
77,4032.117,-7551.463,152.471,68.964,0.358539,-0.933347,-0.017679,0.932790,0.358943,-0.032609,0.036781,-0.004799,0.999312,0,1.00000,-0.24377,60.000,-0.488,-1,450.000,-1,475.000,-1,375.000,375.000,275.000,175.000,-1,250.000,400.000,-1,875.000,-1,-1,-1,2,0,2,1,2,0,1,0,1,2,0,0,2,0,2,2,2
78,4054.143,-7495.652,153.566,68.463,0.366564,-0.930156,-0.020969,0.929570,0.367095,-0.033788,0.039126,-0.007107,0.999209,0,1.00000,-0.25079,60.000,-0.502,-1,450.000,-1,525.000,-1,375.000,400.000,275.000,150.000,-1,225.000,375.000,-1,875.000,-1,-1,-1,2,0,2,0,2,0,0,0,1,2,0,0,2,0,2,2,2
79,4076.647,-7440.086,154.175,67.952,0.374790,-0.926845,-0.022141,0.926241,0.375366,-0.034312,0.040113,-0.007648,0.999166,0,0.99917,-0.25524,59.950,-0.510,-1,450.000,-1,525.000,-1,375.000,400.000,275.000,150.000,-1,225.000,350.000,625.000,875.000,-1,-1,-1,2,0,2,0,2,0,0,0,1,2,0,0,1,0,2,2,2
80,4099.533,-7385.001,154.284,67.439,0.383133,-0.923451,-0.021130,0.922839,0.383662,-0.034228,0.039715,-0.006385,0.999191,0,0.99416,-0.25680,59.650,-0.514,-1,450.000,-1,525.000,-1,375.000,400.000,275.000,150.000,-1,225.000,350.000,500.000,875.000,-1,-1,-1,2,0,2,0,2,0,0,0,1,2,0,0,1,0,2,2,2
81,4122.785,-7330.428,153.915,66.923,0.391580,-0.919972,-0.017790,0.919365,0.391971,-0.033559,0.037847,-0.003215,0.999278,0,0.98868,-0.25805,59.321,-0.516,-1,450.000,-1,500.000,-1,375.000,400.000,275.000,125.000,-1,225.000,375.000,450.000,850.000,-1,-1,-1,2,0,2,0,2,0,0,0,1,2,0,0,1,0,2,2,2
82,4146.388,-7276.388,153.130,66.405,0.400101,-0.916394,-0.011894,0.915817,0.400272,-0.032588,0.034624,0.002146,0.999398,0,0.98283,-0.25898,58.970,-0.518,-1,425.000,-1,500.000,-1,375.000,375.000,275.000,125.000,-1,275.000,400.000,400.000,825.000,-1,-1,-1,2,0,2,0,2,0,0,0,1,2,0,0,1,0,2,2,2
83,4170.330,-7222.899,151.970,65.886,0.408645,-0.912687,-0.003407,0.912188,0.408540,-0.031744,0.030364,0.009864,0.999490,0,0.97671,-0.25958,58.603,-0.519,-1,425.000,-1,475.000,-1,350.000,375.000,300.000,125.000,-1,325.000,425.000,350.000,800.000,950.000,-1,-1,2,0,2,0,2,0,0,0,1,2,0,0,1,0,0,2,2
84,4194.601,-7169.971,153.048,65.366,0.416907,-0.908948,0.001609,0.908796,0.416804,-0.019090,0.016681,0.009421,0.999816,0,0.97047,-0.25986,58.228,-0.520,-1,400.000,-1,450.000,-1,325.000,350.000,300.000,125.000,-1,-1,-1,325.000,725.000,850.000,-1,-1,2,0,2,0,2,0,0,0,1,2,2,2,1,0,0,2,2
85,4219.192,-7117.604,153.501,64.846,0.425068,-0.905112,0.009441,0.905159,0.425021,-0.006611,0.001971,0.011356,0.999934,0,0.96424,-0.25981,57.854,-0.520,-1,375.000,-1,400.000,-1,300.000,325.000,300.000,125.000,-1,-1,-1,325.000,650.000,750.000,-1,-1,2,0,2,0,2,0,0,0,1,2,2,2,1,0,0,2,2
86,4242.377,-7069.884,153.257,64.087,0.436840,-0.899345,0.018674,0.899478,0.436958,0.002561,-0.010463,0.015678,0.999822,0,0.88424,-0.37981,53.054,-0.760,1000.000,350.000,-1,375.000,-1,300.000,300.000,300.000,125.000,-1,-1,-1,300.000,600.000,675.000,950.000,-1,0,0,2,0,2,0,0,0,1,2,2,2,1,0,0,0,2
87,4264.219,-7026.856,155.098,63.087,0.452457,-0.891631,0.016624,0.891689,0.452604,0.006322,-0.013161,0.011963,0.999842,0,0.80424,-0.49981,48.254,-1.000,875.000,350.000,-1,375.000,-1,300.000,300.000,300.000,150.000,-1,-1,-1,300.000,575.000,675.000,875.000,-1,0,0,2,0,2,0,0,0,1,2,2,2,1,0,0,0,2
88,4286.420,-6985.369,156.537,61.847,0.471640,-0.881653,0.015611,0.881664,0.471799,0.008635,-0.014978,0.009691,0.999841,0,0.78422,-0.61981,47.053,-1.240,800.000,350.000,-1,375.000,-1,300.000,300.000,300.000,150.000,-1,-1,-1,300.000,575.000,700.000,825.000,-1,0,0,2,0,2,0,0,0,1,2,2,2,1,0,0,0,2
89,4309.594,-6944.629,157.666,60.368,0.494246,-0.869185,0.015414,0.869172,0.494412,0.009798,-0.016137,0.008555,0.999833,0,0.78117,-0.73981,46.870,-1.480,775.000,350.000,-1,375.000,-1,300.000,300.000,275.000,175.000,-1,-1,-1,300.000,575.000,700.000,800.000,-1,0,0,2,0,2,0,0,0,1,2,2,2,1,0,0,0,2
90,4333.904,-6904.728,158.485,58.648,0.520098,-0.853959,0.015851,0.853940,0.520274,0.010068,-0.016845,0.008299,0.999824,0,0.77872,-0.85981,46.723,-1.720,725.000,350.000,-1,375.000,-1,300.000,300.000,275.000,175.000,-1,-1,-1,325.000,575.000,700.000,775.000,-1,0,0,2,0,2,0,0,0,1,2,2,2,1,0,0,0,2
91,4359.469,-6865.754,158.962,56.736,0.548285,-0.836127,0.016604,0.836109,0.548472,0.010012,-0.017478,0.008394,0.999812,0,0.77684,-0.95588,46.611,-1.912,725.000,350.000,-1,375.000,-1,300.000,300.000,275.000,200.000,-1,-1,-1,325.000,575.000,700.000,750.000,-1,0,0,2,0,2,0,0,0,1,2,2,2,1,0,0,0,2
92,4386.271,-6827.723,159.296,54.827,0.575828,-0.817384,0.017508,0.817376,0.576026,0.009515,-0.017863,0.008832,0.999801,0,0.77544,-0.95476,46.527,-1.910,700.000,350.000,-1,375.000,-1,300.000,300.000,275.000,200.000,-1,-1,-1,350.000,575.000,725.000,750.000,-1,0,0,2,0,2,0,0,0,1,2,2,2,1,0,0,0,2
93,4414.278,-6790.664,159.478,52.920,0.602696,-0.797754,0.018616,0.797769,0.602904,0.008458,-0.017971,0.009754,0.999791,0,0.77420,-0.95357,46.452,-1.907,700.000,350.000,-1,375.000,-1,300.000,300.000,275.000,225.000,-1,-1,-1,375.000,575.000,725.000,750.000,-1,0,0,2,0,2,0,0,0,1,2,2,2,1,0,0,0,2
94,4443.461,-6754.607,159.615,51.015,0.628845,-0.777258,0.020578,0.777318,0.629072,0.006713,-0.018163,0.011775,0.999766,0,0.77310,-0.95232,46.386,-1.905,700.000,350.000,-1,375.000,-1,300.000,300.000,275.000,225.000,-1,-1,-1,375.000,575.000,725.000,750.000,-1,0,0,2,0,2,0,0,0,1,2,2,2,1,0,0,0,2
95,4473.786,-6719.582,159.547,49.113,0.654268,-0.755925,0.022618,0.756051,0.654500,0.004127,-0.017924,0.014400,0.999736,0,0.77215,-0.95101,46.329,-1.902,725.000,350.000,-1,400.000,-1,300.000,300.000,275.000,250.000,-1,-1,-1,400.000,575.000,725.000,775.000,-1,0,0,2,0,2,0,0,0,1,2,2,2,1,0,0,0,2
96,4505.222,-6685.616,159.255,47.214,0.678941,-0.733778,0.024675,0.733992,0.679158,0.000603,-0.017200,0.017702,0.999695,0,0.77134,-0.94965,46.281,-1.899,750.000,350.000,-1,400.000,-1,300.000,300.000,275.000,250.000,-1,-1,-1,400.000,575.000,750.000,800.000,-1,0,0,2,0,2,0,0,0,1,2,2,2,1,0,0,0,2
97,4537.737,-6652.738,158.701,45.317,0.702841,-0.710843,0.026770,0.711167,0.703012,-0.003957,-0.016007,0.021819,0.999634,0,0.77067,-0.94823,46.240,-1.896,775.000,350.000,-1,400.000,-1,300.000,300.000,275.000,250.000,-1,-1,-1,375.000,575.000,750.000,825.000,-1,0,0,2,0,2,0,0,0,1,2,2,2,1,0,0,0,2
98,4571.296,-6620.975,157.992,43.424,0.725958,-0.687132,0.028890,0.687599,0.726018,-0.010303,-0.013895,0.027344,0.999530,0,0.77012,-0.94677,46.207,-1.894,850.000,350.000,-1,400.000,-1,300.000,325.000,275.000,275.000,-1,-1,-1,375.000,600.000,775.000,950.000,-1,0,0,2,0,2,0,0,0,1,2,2,2,1,0,0,0,2
99,4608.447,-6588.191,156.923,41.424,0.749542,-0.661236,0.030890,0.661866,0.749397,-0.018387,-0.010990,0.034227,0.999354,0,0.82580,-1.00000,49.548,-2.000,950.000,350.000,-1,400.000,-1,300.000,325.000,300.000,275.000,-1,-1,-1,350.000,625.000,775.000,-1,-1,0,0,2,0,2,0,0,0,1,2,2,2,1,0,0,2,2
100,4646.702,-6556.736,155.509,39.424,0.772251,-0.634486,0.032495,0.635275,0.771783,-0.027885,-0.007386,0.042177,0.999083,0,0.82543,-1.00000,49.526,-2.000,-1,375.000,-1,400.000,-1,300.000,325.000,300.000,300.000,-1,-1,-1,350.000,650.000,775.000,-1,-1,2,0,2,0,2,0,0,0,1,2,2,2,1,0,0,2,2
101,4686.018,-6526.643,153.727,37.424,0.794065,-0.606910,0.033484,0.607825,0.793122,-0.038800,-0.003009,0.051162,0.998686,0,0.82519,-1.00000,49.511,-2.000,-1,375.000,-1,400.000,-1,325.000,325.000,300.000,300.000,-1,-1,-1,325.000,700.000,775.000,-1,-1,2,0,2,0,2,0,0,0,1,2,2,2,1,0,0,2,2
102,4726.355,-6497.944,151.770,35.424,0.814941,-0.578590,0.033220,0.579541,0.813440,-0.049472,0.001601,0.059569,0.998223,0,0.82506,-1.00000,49.504,-2.000,-1,400.000,-1,400.000,-1,325.000,325.000,300.000,300.000,-1,-1,-1,300.000,725.000,800.000,-1,-1,2,0,2,0,2,0,0,0,1,2,2,2,1,0,0,2,2
103,4767.672,-6470.675,151.724,33.424,0.834630,-0.549812,0.033169,0.550811,0.833080,-0.050831,0.000315,0.060695,0.998156,0,0.82505,-1.00000,49.503,-2.000,-1,400.000,-1,425.000,-1,325.000,325.000,300.000,300.000,-1,-1,-1,325.000,750.000,800.000,-1,-1,2,0,2,0,2,0,0,0,1,2,2,2,1,0,0,2,2
104,4809.920,-6444.863,151.463,31.424,0.853286,-0.520384,0.033202,0.521440,0.851731,-0.051523,-0.001468,0.061277,0.998120,0,0.82515,-1.00000,49.509,-2.000,-1,400.000,-1,425.000,-1,325.000,325.000,300.000,300.000,-1,-1,-1,350.000,750.000,775.000,-1,-1,2,0,2,0,2,0,0,0,0,2,2,2,1,0,0,2,2
105,4853.053,-6420.535,150.966,29.424,0.870889,-0.490344,0.033402,0.491466,0.869376,-0.051442,-0.003815,0.061217,0.998117,0,0.82533,-1.00000,49.520,-2.000,-1,400.000,-1,425.000,-1,325.000,325.000,300.000,300.000,-1,-1,-1,375.000,750.000,775.000,-1,-1,2,0,2,0,2,0,0,0,0,2,2,2,1,0,0,2,2
106,4897.024,-6397.720,150.375,27.424,0.887430,-0.459708,0.033700,0.460899,0.885967,-0.051333,-0.006259,0.061086,0.998113,0,0.82561,-1.00000,49.537,-2.000,-1,400.000,-1,425.000,-1,325.000,325.000,300.000,300.000,-1,-1,-1,400.000,750.000,775.000,-1,-1,2,0,2,0,2,0,0,0,0,2,2,2,1,0,0,2,2
107,4941.783,-6376.445,149.691,25.424,0.902892,-0.428514,0.034093,0.429778,0.901482,-0.051200,-0.008794,0.060880,0.998106,0,0.82596,-1.00000,49.558,-2.000,-1,400.000,-1,400.000,-1,325.000,325.000,300.000,300.000,-1,-1,-1,450.000,725.000,775.000,-1,-1,2,0,2,0,2,0,0,0,0,2,2,2,1,0,0,2,2
108,4987.282,-6356.734,148.917,23.424,0.917254,-0.396799,0.034577,0.398139,0.915904,-0.051051,-0.011413,0.060593,0.998097,0,0.82639,-1.00000,49.583,-2.000,-1,400.000,-1,400.000,-1,325.000,325.000,300.000,300.000,-1,-1,-1,475.000,725.000,750.000,-1,-1,2,0,2,0,2,0,0,0,0,2,2,2,1,0,0,2,2
109,5033.467,-6338.612,148.170,21.424,0.930484,-0.364590,0.035675,0.366045,0.929188,-0.051192,-0.014484,0.060692,0.998051,0,0.82688,-1.00000,49.613,-2.000,-1,400.000,-1,400.000,-1,325.000,325.000,275.000,300.000,-1,-1,-1,500.000,725.000,750.000,-1,-1,2,0,2,0,2,0,0,0,0,2,2,2,1,0,0,2,2
110,5080.289,-6322.103,147.353,19.424,0.942579,-0.331938,0.036913,0.333516,0.941342,-0.051412,-0.017682,0.060771,0.997995,0,0.82743,-1.00000,49.646,-2.000,-1,400.000,-1,400.000,-1,325.000,325.000,275.000,300.000,-1,-1,-1,525.000,700.000,725.000,-1,-1,2,0,2,0,2,0,0,0,0,2,2,2,1,0,0,2,2
111,5123.021,-6308.495,146.543,17.664,0.952271,-0.302870,0.038063,0.304559,0.951092,-0.051645,-0.020560,0.060773,0.997940,0,0.74743,-0.88000,44.846,-1.760,-1,375.000,-1,400.000,-1,325.000,325.000,275.000,300.000,-1,-1,-1,550.000,700.000,725.000,-1,-1,2,0,2,0,2,0,0,0,0,2,2,2,1,0,0,2,2
112,5161.501,-6297.403,145.763,16.080,0.960225,-0.276475,0.039109,0.278264,0.959102,-0.051882,-0.023166,0.060701,0.997887,0,0.66743,-0.79172,40.046,-1.583,-1,375.000,-1,375.000,-1,325.000,325.000,300.000,300.000,-1,-1,-1,600.000,700.000,700.000,-1,-1,2,0,2,0,2,0,0,0,0,2,2,2,1,0,0,2,2
113,5199.134,-6287.671,144.928,14.500,0.967436,-0.249921,0.040091,0.251809,0.966367,-0.052229,-0.025690,0.060623,0.997830,0,0.64785,-0.79014,38.871,-1.580,-1,375.000,-1,375.000,-1,325.000,325.000,300.000,300.000,-1,-1,-1,625.000,700.000,700.000,-1,-1,2,0,2,0,2,0,0,0,0,2,2,2,1,0,0,2,2
114,5237.056,-6278.971,144.256,12.923,0.973934,-0.223240,0.040211,0.225157,0.972936,-0.051958,-0.027524,0.059657,0.997839,0,0.64844,-0.78861,38.906,-1.577,-1,375.000,-1,375.000,-1,325.000,325.000,300.000,300.000,-1,-1,-1,650.000,700.000,675.000,-1,-1,2,0,2,0,2,0,0,0,0,2,2,2,1,0,0,2,2
115,5275.237,-6271.309,143.522,11.349,0.979685,-0.196441,0.040341,0.198383,0.978761,-0.051681,-0.029332,0.058634,0.997849,0,0.64903,-0.78708,38.942,-1.574,-1,375.000,-1,375.000,-1,325.000,325.000,300.000,300.000,-1,-1,-1,675.000,675.000,675.000,-1,-1,2,0,2,0,2,0,0,0,0,2,2,2,1,0,0,2,2
116,5313.651,-6264.690,142.639,9.778,0.984724,-0.169546,0.039664,0.171459,0.983860,-0.051192,-0.030344,0.057211,0.997901,0,0.64965,-0.78555,38.979,-1.571,-1,375.000,-1,375.000,-1,325.000,325.000,300.000,300.000,-1,-1,-1,725.000,675.000,675.000,-1,-1,2,0,2,0,2,0,0,0,0,2,2,2,1,0,0,2,2
117,5352.268,-6259.120,141.839,8.210,0.989047,-0.142567,0.038221,0.144427,0.988181,-0.051372,-0.030446,0.056329,0.997948,0,0.65027,-0.78403,39.016,-1.568,-1,375.000,-1,375.000,-1,325.000,325.000,300.000,300.000,-1,-1,-1,750.000,675.000,650.000,-1,-1,2,0,2,0,2,0,0,0,0,2,2,2,1,0,0,2,2
118,5391.060,-6254.601,140.971,6.645,0.992624,-0.115531,0.036736,0.117334,0.991760,-0.051423,-0.030492,0.055354,0.998001,0,0.65090,-0.78250,39.054,-1.565,-1,375.000,-1,375.000,-1,325.000,325.000,300.000,300.000,-1,-1,-1,775.000,675.000,650.000,-1,-1,2,0,2,0,2,0,0,0,0,2,2,2,1,0,0,2,2
119,5430.000,-6251.139,140.037,5.083,0.995457,-0.088460,0.035215,0.090200,0.994599,-0.051340,-0.030483,0.054283,0.998060,0,0.65155,-0.78098,39.093,-1.562,-1,375.000,-1,375.000,-1,325.000,325.000,300.000,300.000,-1,-1,-1,825.000,675.000,650.000,-1,-1,2,0,2,0,2,0,0,0,0,2,2,2,1,0,0,2,2
120,5469.058,-6248.734,139.037,3.524,0.997547,-0.061373,0.033666,0.063047,0.996701,-0.051118,-0.030418,0.053115,0.998125,0,0.65220,-0.77946,39.132,-1.559,-1,375.000,-1,375.000,1000.000,325.000,325.000,300.000,300.000,-1,-1,-1,850.000,675.000,650.000,-1,-1,2,0,2,0,0,0,0,0,0,2,2,2,1,0,0,2,2
121,5508.206,-6247.390,137.974,1.968,0.998896,-0.034291,0.032098,0.035893,0.998066,-0.050751,-0.030295,0.051847,0.998195,0,0.65285,-0.77795,39.171,-1.556,-1,375.000,-1,375.000,1000.000,325.000,325.000,300.000,300.000,-1,-1,-1,900.000,675.000,650.000,-1,-1,2,0,2,0,0,0,0,0,0,2,2,2,1,0,0,2,2
122,5547.416,-6247.107,136.851,0.415,0.999508,-0.007231,0.030518,0.008759,0.998699,-0.050235,-0.030115,0.050477,0.998271,0,0.65351,-0.77644,39.211,-1.553,-1,400.000,-1,375.000,975.000,325.000,325.000,300.000,300.000,-1,-1,-1,950.000,650.000,650.000,-1,-1,2,0,2,0,0,0,0,0,0,2,2,2,1,0,0,2,2
123,5586.659,-6247.885,135.667,-1.135,0.999385,0.019784,0.028937,-0.018334,0.998603,-0.049565,-0.029877,0.049004,0.998352,0,0.65417,-0.77493,39.250,-1.550,-1,400.000,-1,375.000,975.000,325.000,325.000,300.000,300.000,-1,-1,-1,1000.000,650.000,625.000,-1,-1,2,0,2,0,0,0,0,0,0,2,2,2,1,0,0,2,2
124,5625.906,-6249.724,134.427,-2.682,0.998532,0.046738,0.027364,-0.045367,0.997781,-0.048738,-0.029581,0.047425,0.998437,0,0.65483,-0.77344,39.290,-1.547,-1,375.000,-1,375.000,950.000,325.000,325.000,300.000,300.000,-1,-1,-1,-1,650.000,625.000,-1,-1,2,0,2,0,0,0,0,0,0,2,2,2,2,0,0,2,2
125,5665.129,-6252.623,133.131,-4.226,0.996953,0.073610,0.025809,-0.072321,0.996238,-0.047750,-0.029227,0.045738,0.998526,0,0.65550,-0.77195,39.330,-1.544,-1,375.000,-1,375.000,950.000,325.000,325.000,300.000,300.000,-1,-1,-1,-1,650.000,625.000,-1,-1,2,0,2,0,0,0,0,0,0,2,2,2,2,0,0,2,2
126,5704.299,-6256.580,131.782,-5.767,0.994653,0.100381,0.024282,-0.099175,0.993978,-0.046599,-0.028814,0.043942,0.998618,0,0.65616,-0.77046,39.369,-1.541,-1,375.000,-1,375.000,950.000,325.000,325.000,300.000,300.000,-1,900.000,-1,-1,650.000,625.000,-1,-1,2,0,2,0,0,0,0,0,0,2,0,2,2,0,0,2,2
127,5743.388,-6261.591,130.382,-7.305,0.991637,0.127033,0.022795,-0.125911,0.991007,-0.045282,-0.028343,0.042033,0.998714,0,0.65682,-0.76899,39.409,-1.538,-1,375.000,-1,375.000,925.000,325.000,300.000,300.000,300.000,-1,500.000,800.000,-1,650.000,625.000,-1,-1,2,0,2,0,0,0,0,0,0,2,0,0,2,0,0,2,2
128,5782.368,-6267.654,128.932,-8.840,0.987910,0.153548,0.021360,-0.152510,0.987331,-0.043799,-0.027814,0.040012,0.998812,0,0.65747,-0.76752,39.448,-1.535,-1,375.000,-1,350.000,925.000,300.000,300.000,300.000,300.000,-1,450.000,550.000,-1,625.000,625.000,-1,1000.000,2,0,2,0,0,0,0,0,0,2,0,0,2,0,0,2,1
129,5821.211,-6274.764,127.436,-10.372,0.983481,0.179906,0.019986,-0.178953,0.982954,-0.042148,-0.027228,0.037875,0.998911,0,0.65813,-0.76606,39.488,-1.532,1000.000,375.000,-1,350.000,925.000,300.000,300.000,275.000,300.000,-1,425.000,525.000,-1,625.000,625.000,-1,975.000,0,0,2,0,0,0,0,0,0,2,0,0,2,0,0,2,1
130,5864.584,-6283.719,125.983,-11.664,0.979201,0.202035,0.018622,-0.201144,0.978690,-0.041313,-0.026572,0.036708,0.998973,0,0.73813,-0.64606,44.288,-1.292,975.000,375.000,-1,350.000,900.000,300.000,300.000,275.000,300.000,-1,425.000,500.000,-1,625.000,600.000,1000.000,950.000,0,0,2,0,0,0,0,0,0,2,0,0,2,0,0,0,1
131,5912.468,-6294.523,124.996,-12.716,0.975390,0.219959,0.015250,-0.219151,0.974760,-0.042600,-0.024235,0.038210,0.998976,0,0.81813,-0.52606,49.088,-1.052,1000.000,375.000,975.000,350.000,900.000,300.000,300.000,300.000,300.000,-1,400.000,475.000,-1,650.000,600.000,-1,900.000,0,0,1,0,0,0,0,0,0,2,0,0,2,0,0,2,1
132,5960.786,-6306.148,124.083,-13.528,0.972221,0.233743,0.012238,-0.233025,0.971504,-0.043356,-0.022023,0.039299,0.998985,0,0.82828,-0.40606,49.697,-0.812,-1,375.000,925.000,350.000,875.000,300.000,300.000,300.000,300.000,-1,400.000,475.000,-1,650.000,600.000,-1,875.000,2,0,1,0,0,0,0,0,0,2,0,0,2,1,0,2,1
133,6008.995,-6318.257,123.690,-14.100,0.969871,0.243441,0.009331,-0.242857,0.969155,-0.041945,-0.019254,0.038415,0.999076,0,0.82844,-0.28606,49.707,-0.572,-1,375.000,900.000,350.000,900.000,300.000,300.000,300.000,300.000,-1,425.000,475.000,-1,625.000,625.000,-1,825.000,2,0,1,0,0,0,0,0,0,2,0,0,2,1,0,2,1
134,6060.578,-6331.533,123.401,-14.432,0.968467,0.249068,0.006004,-0.248644,0.967779,-0.039747,-0.015710,0.037001,0.999192,0,0.88774,-0.16606,53.264,-0.332,-1,375.000,850.000,350.000,925.000,300.000,300.000,300.000,300.000,-1,425.000,475.000,-1,625.000,625.000,-1,775.000,2,0,1,0,1,0,0,0,0,2,0,0,2,1,0,2,1
135,6112.361,-6344.949,123.125,-14.525,0.968078,0.250636,0.002689,-0.250363,0.967426,-0.037471,-0.011993,0.035602,0.999294,0,0.89155,-0.04606,53.493,-0.092,-1,375.000,800.000,350.000,875.000,300.000,300.000,300.000,300.000,-1,425.000,475.000,-1,600.000,625.000,-1,750.000,2,0,1,0,1,0,0,0,0,2,0,0,2,1,1,2,1
