timestep,x_cm,y_cm,z_cm,yaw_deg,basis_xx,basis_xy,basis_xz,basis_yx,basis_yy,basis_yz,basis_zx,basis_zy,basis_zz,teleport_flag,throttle_cmd,steering_cmd,cmd_move_cm,cmd_turn_deg,lidar_cm_0,lidar_cm_1,lidar_cm_2,lidar_cm_3,lidar_cm_4,lidar_cm_5,lidar_cm_6,lidar_cm_7,lidar_cm_8,lidar_cm_9,lidar_cm_10,lidar_cm_11,lidar_cm_12,lidar_cm_13,lidar_cm_14,lidar_cm_15,lidar_cm_16,lidar_class_0,lidar_class_1,lidar_class_2,lidar_class_3,lidar_class_4,lidar_class_5,lidar_class_6,lidar_class_7,lidar_class_8,lidar_class_9,lidar_class_10,lidar_class_11,lidar_class_12,lidar_class_13,lidar_class_14,lidar_class_15,lidar_class_16
0,-4259.641,-2292.988,-58.252,35.294,0.815918,-0.577756,0.021832,0.577218,0.816160,0.026501,-0.033130,-0.009021,0.999410,1,0.08000,0.12000,4.800,0.240,-1,400.000,975.000,400.000,475.000,325.000,325.000,300.000,300.000,-1,-1,-1,-1,750.000,500.000,-1,500.000,2,0,1,1,1,0,0,0,0,2,2,2,2,0,1,2,1
1,-4251.843,-2287.389,-58.584,35.673,0.812079,-0.583137,0.021892,0.582601,0.812327,0.026476,-0.033222,-0.008746,0.999410,0,0.16000,0.18928,9.600,0.379,-1,400.000,1000.000,400.000,475.000,325.000,325.000,300.000,300.000,-1,-1,-1,-1,750.000,500.000,-1,500.000,2,0,1,1,1,0,0,0,0,2,2,2,2,0,1,2,1
2,-4240.200,-2278.915,-59.062,36.049,0.808228,-0.588463,0.021885,0.587929,0.808480,0.026465,-0.033268,-0.008523,0.999410,0,0.24000,0.18822,14.400,0.376,-1,400.000,1000.000,375.000,475.000,325.000,325.000,300.000,300.000,-1,-1,-1,-1,750.000,500.000,-1,475.000,2,0,1,1,1,0,0,0,0,2,2,2,2,0,1,2,1
3,-4224.751,-2267.515,-59.699,36.423,0.804372,-0.593723,0.021869,0.593192,0.804626,0.026452,-0.033301,-0.008305,0.999411,0,0.32000,0.18681,19.200,0.374,-1,400.000,-1,375.000,450.000,325.000,325.000,300.000,300.000,-1,-1,-1,-1,750.000,500.000,-1,475.000,2,0,2,1,1,0,0,0,0,2,2,2,2,1,1,2,1
4,-4205.531,-2253.141,-60.498,36.793,0.800519,-0.598909,0.021855,0.598380,0.800776,0.026434,-0.033332,-0.008083,0.999412,0,0.40000,0.18505,24.000,0.370,-1,400.000,-1,375.000,425.000,325.000,325.000,300.000,300.000,-1,-1,-1,-1,750.000,475.000,-1,450.000,2,0,2,1,1,0,0,0,0,2,2,2,2,1,1,2,1
5,-4182.579,-2235.745,-61.462,37.159,0.796677,-0.604010,0.021849,0.603484,0.796938,0.026408,-0.033363,-0.007853,0.999412,0,0.48000,0.18289,28.800,0.366,-1,400.000,-1,350.000,400.000,325.000,325.000,300.000,300.000,-1,-1,-1,-1,725.000,450.000,-1,425.000,2,0,2,1,1,0,0,0,0,2,2,2,2,1,1,2,1
6,-4155.929,-2215.282,-62.589,37.520,0.792857,-0.609016,0.021854,0.608491,0.793122,0.026387,-0.033403,-0.007623,0.999413,0,0.56000,0.18031,33.600,0.361,-1,400.000,-1,350.000,375.000,325.000,325.000,300.000,300.000,-1,-1,-1,-1,700.000,450.000,-1,400.000,2,0,2,1,1,0,0,0,0,2,2,2,2,1,1,2,1
7,-4125.618,-2191.707,-63.859,37.874,0.789071,-0.613912,0.021877,0.613386,0.789339,0.026479,-0.033525,-0.007475,0.999410,0,0.64000,0.17727,38.400,0.355,-1,400.000,-1,325.000,350.000,325.000,325.000,300.000,300.000,-1,-1,-1,-1,700.000,425.000,-1,375.000,2,0,2,1,1,0,1,0,0,2,2,2,2,1,1,2,1
8,-4091.951,-2165.193,-65.286,38.222,0.785331,-0.618688,0.021922,0.618160,0.785603,0.026563,-0.033656,-0.007309,0.999407,0,0.71423,0.17371,42.854,0.347,-1,400.000,-1,300.000,300.000,325.000,300.000,300.000,300.000,-1,-1,-1,-1,675.000,400.000,-1,325.000,2,0,2,1,1,0,1,0,0,2,2,2,2,1,1,2,1
9,-4058.443,-2138.482,-66.724,38.561,0.781651,-0.623329,0.021986,0.622800,0.781928,0.026627,-0.033789,-0.007120,0.999404,0,0.71419,0.16960,42.851,0.339,-1,400.000,-1,300.000,275.000,325.000,275.000,300.000,300.000,-1,-1,-1,-1,650.000,375.000,-1,300.000,2,0,2,1,1,0,1,0,0,2,2,2,2,1,1,2,1
10,-4025.105,-2111.590,-68.173,38.891,0.778037,-0.627831,0.022069,0.627302,0.778319,0.026672,-0.033922,-0.006908,0.999401,0,0.71387,0.16530,42.832,0.331,-1,400.000,-1,275.000,250.000,325.000,275.000,300.000,300.000,-1,-1,-1,-1,625.000,350.000,-1,250.000,2,0,2,1,1,1,1,0,0,2,2,2,2,1,1,2,1
11,-3991.949,-2084.534,-67.707,39.213,0.774738,-0.632144,0.013201,0.631647,0.774727,0.028639,-0.028331,-0.013850,0.999503,0,0.71325,0.16081,42.795,0.322,-1,400.000,-1,275.000,225.000,300.000,250.000,300.000,325.000,-1,-1,-1,-1,625.000,350.000,-1,225.000,2,1,2,1,1,1,1,0,0,2,2,2,2,1,1,2,1
12,-3958.985,-2057.332,-66.298,39.525,0.771500,-0.636230,-0.000119,0.635918,0.771116,0.031428,-0.019904,-0.024322,0.999506,0,0.71231,0.15612,42.739,0.312,-1,400.000,-1,250.000,225.000,300.000,250.000,300.000,325.000,-1,675.000,825.000,-1,675.000,350.000,-1,225.000,2,1,2,1,1,1,1,0,1,2,0,0,2,1,1,2,1
13,-3926.224,-2030.005,-64.806,39.828,0.768175,-0.640095,-0.013640,0.640142,0.767511,0.033838,-0.011190,-0.034725,0.999334,0,0.71104,0.15124,42.662,0.302,-1,400.000,-1,250.000,225.000,300.000,250.000,275.000,325.000,-1,400.000,550.000,-1,725.000,325.000,-1,225.000,2,1,2,1,1,1,1,0,1,2,0,0,2,1,1,2,1
14,-3893.678,-2002.574,-63.272,40.120,0.764762,-0.643732,-0.027358,0.644309,0.763914,0.036088,-0.002332,-0.045225,0.998974,0,0.70941,0.14618,42.565,0.292,-1,400.000,-1,250.000,225.000,300.000,250.000,275.000,325.000,-1,275.000,425.000,-1,925.000,325.000,-1,225.000,2,1,2,1,1,1,1,0,1,2,0,0,2,0,1,2,1
15,-3861.358,-1975.059,-61.700,40.402,0.761259,-0.647134,-0.041262,0.648414,0.760328,0.038207,0.006648,-0.055840,0.998418,0,0.70743,0.14094,42.446,0.282,-1,400.000,-1,250.000,200.000,300.000,250.000,275.000,325.000,-1,200.000,350.000,-1,975.000,325.000,-1,225.000,2,1,2,1,1,1,1,0,1,2,0,0,2,0,1,2,1
16,-3829.277,-1947.482,-60.098,40.673,0.757661,-0.650295,-0.055369,0.652458,0.756758,0.040207,0.015755,-0.066589,0.997656,0,0.70508,0.13555,42.305,0.271,-1,400.000,-1,250.000,200.000,300.000,225.000,275.000,325.000,775.000,150.000,300.000,-1,-1,325.000,-1,225.000,2,1,2,1,1,1,1,0,1,0,0,0,2,2,1,2,1
17,-3795.549,-1918.087,-58.371,41.063,0.752427,-0.654883,-0.070581,0.658180,0.751687,0.042019,0.025537,-0.078071,0.996621,0,0.74565,0.19497,44.739,0.390,-1,425.000,-1,250.000,200.000,300.000,225.000,250.000,325.000,625.000,100.000,275.000,-1,-1,325.000,-1,200.000,2,1,2,1,1,1,1,0,1,0,0,0,2,2,1,2,1
18,-3761.935,-1888.392,-56.578,41.446,0.746993,-0.659234,-0.086091,0.663888,0.746551,0.043761,0.035422,-0.089844,0.995326,0,0.74753,0.19141,44.852,0.383,-1,425.000,-1,250.000,200.000,300.000,250.000,250.000,300.000,525.000,75.000,250.000,-1,-1,350.000,-1,200.000,2,1,2,1,1,1,1,0,1,0,0,0,2,2,1,2,1
19,-3728.443,-1858.410,-54.704,41.821,0.741359,-0.663328,-0.101898,0.669575,0.741350,0.045501,0.045360,-0.101960,0.993754,0,0.74919,0.18752,44.951,0.375,-1,475.000,-1,250.000,200.000,325.000,250.000,250.000,300.000,450.000,50.000,225.000,-1,-1,375.000,-1,200.000,2,1,2,1,1,1,1,0,1,0,0,0,2,2,1,2,1
20,9511.016,6887.287,-113.520,137.752,-0.740252,-0.672261,-0.009630,0.672328,-0.740147,-0.012522,0.001291,-0.015744,0.999875,1,0.00000,0.00000,45.034,0.366,-1,400.000,-1,400.000,-1,325.000,325.000,325.000,325.000,-1,-1,-1,-1,750.000,750.000,-1,-1,2,0,2,0,2,0,0,0,0,2,2,2,2,0,0,2,2
21,9514.583,6884.075,-113.525,137.992,-0.743062,-0.669154,-0.009582,0.669222,-0.742956,-0.012568,0.001291,-0.015751,0.999875,0,-0.08000,0.12000,-4.800,0.240,-1,400.000,-1,400.000,-1,325.000,325.000,325.000,325.000,-1,-1,-1,-1,750.000,750.000,-1,-1,2,0,2,0,2,0,0,0,0,2,2,2,2,0,0,2,2
22,9521.746,6877.683,-113.539,138.259,-0.746175,-0.665683,-0.009478,0.665749,-0.746069,-0.012648,0.001349,-0.015748,0.999875,0,-0.16000,0.13359,-9.600,0.267,-1,400.000,-1,400.000,-1,325.000,325.000,325.000,325.000,-1,-1,-1,-1,750.000,750.000,-1,-1,2,0,2,0,2,0,0,0,0,2,2,2,2,0,0,2,2
23,9532.535,6868.147,-113.582,138.527,-0.749279,-0.662187,-0.009432,0.662253,-0.749172,-0.012783,0.001398,-0.015824,0.999874,0,-0.24000,0.13391,-14.400,0.268,-1,400.000,-1,400.000,-1,325.000,325.000,325.000,325.000,-1,-1,-1,-1,750.000,750.000,-1,-1,2,0,2,0,2,0,0,0,0,2,2,2,2,0,0,2,2
24,9546.981,6855.499,-113.659,138.796,-0.752379,-0.658663,-0.009488,0.658729,-0.752268,-0.012980,0.001412,-0.016016,0.999871,0,-0.32000,0.13441,-19.200,0.269,-1,400.000,-1,400.000,-1,325.000,325.000,325.000,325.000,-1,-1,-1,-1,750.000,750.000,-1,-1,2,0,2,0,2,0,0,0,0,2,2,2,2,0,0,2,2
25,9565.014,6839.859,-113.744,139.066,-0.755477,-0.655106,-0.009546,0.655173,-0.755363,-0.013224,0.001452,-0.016245,0.999867,0,-0.39785,0.13509,-23.871,0.270,-1,400.000,-1,400.000,-1,325.000,325.000,325.000,325.000,-1,-1,-1,-1,750.000,750.000,-1,-1,2,0,2,0,2,0,0,0,0,2,2,2,2,0,0,2,2
26,9583.133,6824.294,-113.819,139.338,-0.758578,-0.651511,-0.009602,0.651580,-0.758460,-0.013471,0.001494,-0.016475,0.999863,0,-0.39810,0.13595,-23.886,0.272,-1,400.000,-1,400.000,-1,325.000,325.000,325.000,325.000,-1,-1,-1,-1,750.000,750.000,-1,-1,2,0,2,0,2,0,0,0,0,2,2,2,2,0,0,2,2
27,9601.338,6808.807,-113.885,139.611,-0.761682,-0.647880,-0.009656,0.647950,-0.761560,-0.013707,0.001527,-0.016697,0.999859,0,-0.39836,0.13680,-23.902,0.274,-1,400.000,-1,400.000,-1,325.000,325.000,325.000,325.000,-1,-1,-1,-1,750.000,750.000,-1,-1,2,0,2,0,2,0,0,0,0,2,2,2,2,0,0,2,2
28,9619.630,6793.396,-113.969,139.887,-0.764786,-0.644211,-0.009705,0.644283,-0.764663,-0.013814,0.001478,-0.016818,0.999857,0,-0.39863,0.13766,-23.918,0.275,-1,400.000,-1,400.000,-1,325.000,325.000,325.000,325.000,-1,-1,-1,-1,750.000,750.000,-1,-1,2,0,2,0,2,0,0,0,0,2,2,2,2,0,0,2,2
29,9638.009,6778.064,-114.042,140.164,-0.767892,-0.640505,-0.009753,0.640578,-0.767767,-0.013920,0.001428,-0.016937,0.999856,0,-0.39892,0.13852,-23.935,0.277,-1,400.000,-1,400.000,-1,325.000,325.000,325.000,325.000,-1,-1,-1,-1,750.000,750.000,-1,-1,2,0,2,0,2,0,0,0,0,2,2,2,2,0,0,2,2
30,9656.476,6762.809,-114.105,140.442,-0.770999,-0.636761,-0.009800,0.636835,-0.770873,-0.014024,0.001375,-0.017054,0.999854,0,-0.39921,0.13938,-23.953,0.279,-1,400.000,-1,400.000,-1,325.000,325.000,325.000,325.000,-1,-1,-1,-1,750.000,750.000,-1,-1,2,0,2,0,2,0,0,0,0,2,2,2,2,0,0,2,2
31,9675.032,6747.634,-114.159,140.723,-0.774107,-0.632978,-0.009846,0.633053,-0.773979,-0.014127,0.001321,-0.017169,0.999852,0,-0.39952,0.14025,-23.971,0.280,-1,400.000,-1,400.000,-1,325.000,325.000,325.000,325.000,-1,-1,-1,-1,750.000,750.000,-1,-1,2,0,2,0,2,0,0,0,0,2,2,2,2,0,0,2,2
32,9693.677,6732.538,-114.202,141.005,-0.777215,-0.629157,-0.009892,0.629233,-0.777086,-0.014228,0.001264,-0.017282,0.999850,0,-0.39983,0.14111,-23.990,0.282,-1,400.000,-1,400.000,-1,325.000,325.000,325.000,325.000,-1,-1,-1,-1,750.000,775.000,-1,-1,2,0,2,0,2,0,0,0,0,2,2,2,2,0,0,2,2
33,9712.412,6717.523,-114.235,141.289,-0.780324,-0.625297,-0.009936,0.625375,-0.780193,-0.014327,0.001206,-0.017394,0.999848,0,-0.40016,0.14198,-24.010,0.284,-1,400.000,-1,400.000,-1,325.000,325.000,325.000,325.000,-1,-1,-1,-1,750.000,775.000,-1,-1,2,0,2,0,2,0,0,0,0,2,2,2,2,0,0,2,2
34,9731.238,6702.588,-114.259,141.575,-0.783432,-0.621398,-0.009980,0.621477,-0.783300,-0.014425,0.001146,-0.017503,0.999846,0,-0.40050,0.14284,-24.030,0.286,-1,400.000,-1,400.000,-1,325.000,325.000,325.000,325.000,-1,-1,-1,-1,750.000,775.000,-1,-1,2,0,2,0,2,0,0,0,0,2,2,2,2,0,0,2,2
35,9750.155,6687.735,-114.272,141.862,-0.786539,-0.617459,-0.010023,0.617540,-0.786406,-0.014521,0.001084,-0.017610,0.999844,0,-0.40085,0.14371,-24.051,0.287,-1,400.000,-1,400.000,-1,325.000,325.000,325.000,325.000,-1,-1,-1,-1,750.000,775.000,-1,-1,2,0,2,0,2,0,0,0,0,2,2,2,2,0,0,2,2
36,9769.152,6672.973,-114.282,142.150,-0.789633,-0.613497,-0.010031,0.613578,-0.789499,-0.014607,0.001042,-0.017689,0.999843,0,-0.40098,0.14402,-24.059,0.288,-1,400.000,-1,400.000,-1,325.000,325.000,325.000,325.000,-1,-1,-1,-1,750.000,775.000,-1,-1,2,0,2,0,2,0,0,0,0,2,2,2,2,0,0,2,2
37,9788.223,6658.306,-114.302,142.438,-0.792708,-0.609520,-0.009953,0.609601,-0.792573,-0.014670,0.001054,-0.017696,0.999843,0,-0.40098,0.14402,-24.059,0.288,-1,400.000,-1,400.000,-1,325.000,325.000,325.000,325.000,-1,-1,-1,-1,750.000,775.000,-1,-1,2,0,2,0,2,0,0,0,0,2,2,2,2,0,0,2,2
38,9807.368,6643.736,-114.311,142.726,-0.795763,-0.605528,-0.009875,0.605608,-0.795627,-0.014731,0.001063,-0.017702,0.999843,0,-0.40098,0.14402,-24.059,0.288,-1,400.000,-1,400.000,-1,325.000,325.000,325.000,325.000,-1,-1,-1,-1,750.000,775.000,-1,-1,2,0,2,0,2,0,0,0,0,2,2,2,2,0,0,2,2
39,9826.585,6629.262,-114.394,143.014,-0.798800,-0.601517,-0.009785,0.601595,-0.798656,-0.015227,0.001345,-0.018050,0.999836,0,-0.40098,0.14402,-24.059,0.288,-1,400.000,-1,400.000,-1,325.000,325.000,325.000,325.000,-1,-1,-1,-1,750.000,775.000,-1,-1,2,0,2,0,2,0,0,0,0,2,2,2,2,0,0,2,2
40,9845.876,6614.885,-114.498,143.302,-0.801819,-0.597489,-0.009686,0.597565,-0.801663,-0.015880,0.001723,-0.018521,0.999827,0,-0.40098,0.14402,-24.059,0.288,-1,400.000,-1,400.000,-1,325.000,325.000,325.000,325.000,-1,-1,-1,-1,750.000,775.000,-1,-1,2,0,2,0,2,0,0,0,0,2,2,2,2,0,0,2,2
41,9865.238,6600.604,-114.592,143.590,-0.804817,-0.593446,-0.009582,0.593520,-0.804650,-0.016529,0.002099,-0.018990,0.999817,0,-0.40098,0.14402,-24.059,0.288,-1,400.000,-1,400.000,-1,325.000,325.000,325.000,325.000,-1,-1,-1,-1,750.000,775.000,-1,-1,2,0,2,0,2,0,0,0,0,2,2,2,2,0,0,2,2
42,9884.671,6586.422,-114.676,143.878,-0.807795,-0.589388,-0.009473,0.589459,-0.807616,-0.017175,0.002473,-0.019458,0.999808,0,-0.40098,0.14402,-24.059,0.288,-1,400.000,-1,400.000,-1,325.000,325.000,325.000,325.000,-1,-1,-1,-1,775.000,775.000,-1,-1,2,0,2,0,2,0,0,0,0,2,2,2,2,0,0,2,2
43,9904.176,6572.337,-114.749,144.167,-0.810752,-0.585315,-0.009358,0.585383,-0.810561,-0.017818,0.002845,-0.019924,0.999797,0,-0.40098,0.14402,-24.059,0.288,-1,400.000,-1,400.000,-1,325.000,325.000,325.000,325.000,-1,-1,-1,-1,775.000,800.000,-1,-1,2,0,2,0,2,0,0,0,0,2,2,2,2,0,0,2,2
44,9923.752,6558.351,-114.812,144.455,-0.813689,-0.581227,-0.009237,0.581292,-0.813486,-0.018458,0.003214,-0.020389,0.999787,0,-0.40098,0.14402,-24.059,0.288,-1,400.000,-1,400.000,-1,325.000,325.000,325.000,325.000,-1,-1,-1,-1,775.000,800.000,-1,-1,2,0,2,0,2,0,0,0,0,2,2,2,2,0,0,2,2
45,9943.397,6544.463,-114.883,144.743,-0.816605,-0.577124,-0.009201,0.577187,-0.816388,-0.019121,0.003524,-0.020925,0.999775,0,-0.40098,0.14402,-24.059,0.288,-1,400.000,-1,400.000,-1,325.000,325.000,325.000,325.000,-1,-1,-1,-1,775.000,800.000,-1,-1,2,0,2,0,2,0,0,0,0,2,2,2,2,0,0,2,2
46,9959.132,6533.359,-114.948,144.791,-0.817092,-0.576433,-0.009232,0.576495,-0.816864,-0.019677,0.003801,-0.021401,0.999764,0,-0.32098,0.02402,-19.259,0.048,-1,400.000,-1,400.000,-1,325.000,325.000,325.000,325.000,-1,-1,-1,-1,775.000,800.000,-1,-1,2,0,2,0,2,0,0,0,0,2,2,2,2,0,0,2,2
47,9970.918,6524.983,-115.001,144.599,-0.815159,-0.579162,-0.009272,0.579222,-0.814922,-0.020110,0.004091,-0.021764,0.999755,0,-0.24098,-0.09598,-14.459,-0.192,-1,400.000,-1,400.000,-1,325.000,325.000,325.000,325.000,-1,-1,-1,-1,775.000,800.000,-1,-1,2,0,2,0,2,0,0,0,0,2,2,2,2,0,0,2,2
48,9978.748,6519.328,-115.042,144.167,-0.810773,-0.585286,-0.009325,0.585344,-0.810528,-0.020418,0.004392,-0.022013,0.999748,0,-0.16098,-0.21598,-9.659,-0.432,-1,400.000,-1,400.000,-1,325.000,325.000,325.000,325.000,-1,-1,-1,-1,775.000,800.000,-1,-1,2,0,2,0,2,0,0,0,0,2,2,2,2,0,0,2,2
49,9982.661,6516.449,-115.070,143.653,-0.805497,-0.592526,-0.009379,0.592582,-0.805247,-0.020587,0.004646,-0.022141,0.999744,0,-0.08098,-0.25677,-4.859,-0.514,-1,400.000,-1,400.000,-1,325.000,325.000,325.000,325.000,-1,-1,-1,-1,775.000,800.000,-1,-1,2,0,2,0,2,0,0,0,0,2,2,2,2,0,0,2,2
50,9982.708,6516.414,-115.081,143.140,-0.800155,-0.599719,-0.009421,0.599774,-0.799904,-0.020608,0.004823,-0.022140,0.999743,0,-0.00098,-0.25677,-0.059,-0.514,-1,400.000,-1,400.000,-1,325.000,325.000,325.000,325.000,-1,-1,-1,-1,775.000,800.000,-1,-1,2,0,2,0,2,0,0,0,0,2,2,2,2,0,0,2,2
51,9978.940,6519.292,-115.074,142.626,-0.794748,-0.606866,-0.009444,0.606920,-0.794499,-0.020472,0.004921,-0.022002,0.999746,0,0.07902,-0.25677,4.741,-0.514,-1,400.000,-1,400.000,-1,325.000,325.000,325.000,325.000,-1,-1,-1,-1,775.000,800.000,-1,-1,2,0,2,0,2,0,0,0,0,2,2,2,2,0,0,2,2
52,9971.410,6525.151,-115.046,142.113,-0.789275,-0.613967,-0.009441,0.614020,-0.789033,-0.020176,0.004938,-0.021721,0.999752,0,0.15902,-0.25677,9.541,-0.514,-1,400.000,-1,400.000,-1,325.000,325.000,325.000,325.000,-1,-1,-1,-1,775.000,800.000,-1,-1,2,0,2,0,2,0,0,0,0,2,2,2,2,0,0,2,2
53,9960.171,6534.060,-114.994,141.599,-0.783738,-0.621020,-0.009405,0.621072,-0.783506,-0.019714,0.004874,-0.021292,0.999761,0,0.23902,-0.25677,14.341,-0.514,-1,400.000,-1,400.000,-1,325.000,325.000,325.000,325.000,-1,-1,-1,-1,775.000,800.000,-1,-1,2,0,2,0,2,0,0,0,0,2,2,2,2,0,0,2,2
54,9945.277,6546.084,-114.913,141.086,-0.778137,-0.628025,-0.009331,0.628077,-0.777918,-0.019083,0.004726,-0.020710,0.999774,0,0.31902,-0.25677,19.141,-0.514,-1,400.000,-1,400.000,-1,325.000,325.000,325.000,325.000,-1,-1,-1,-1,775.000,800.000,-1,-1,2,0,2,0,2,0,0,0,0,2,2,2,2,0,0,2,2
55,9926.785,6561.289,-114.808,140.572,-0.772472,-0.634981,-0.009268,0.635033,-0.772268,-0.018293,0.004459,-0.020016,0.999790,0,0.39902,-0.25677,23.941,-0.514,-1,400.000,-1,400.000,-1,325.000,325.000,325.000,325.000,-1,-1,-1,-1,775.000,800.000,-1,-1,2,0,2,0,2,0,0,0,0,2,2,2,2,0,0,2,2
56,9904.749,6579.741,-114.687,140.058,-0.766743,-0.641887,-0.009288,0.641941,-0.766557,-0.017357,0.004021,-0.019271,0.999806,0,0.47902,-0.25677,28.741,-0.514,-1,400.000,-1,400.000,-1,325.000,325.000,325.000,325.000,-1,-1,-1,-1,775.000,800.000,-1,-1,2,0,2,0,2,0,0,0,0,2,2,2,2,0,0,2,2
57,9879.227,6601.505,-114.524,139.545,-0.760952,-0.648742,-0.009291,0.648799,-0.760786,-0.016252,0.003475,-0.018395,0.999825,0,0.55902,-0.25677,33.541,-0.514,-1,400.000,-1,400.000,-1,325.000,325.000,325.000,325.000,-1,-1,-1,-1,750.000,800.000,-1,-1,2,0,2,0,2,0,0,0,0,2,2,2,2,0,0,2,2
58,9850.276,6626.644,-114.311,139.031,-0.755098,-0.655547,-0.009274,0.655606,-0.754955,-0.014978,0.002817,-0.017390,0.999845,0,0.63902,-0.25677,38.341,-0.514,-1,400.000,-1,400.000,-1,325.000,325.000,325.000,325.000,-1,-1,-1,-1,750.000,775.000,-1,-1,2,0,2,0,2,0,0,0,0,2,2,2,2,0,0,2,2
59,9817.957,6655.220,-114.116,138.518,-0.749185,-0.662296,-0.009257,0.662357,-0.749059,-0.013946,0.002302,-0.016579,0.999860,0,0.71902,-0.25677,43.141,-0.514,-1,400.000,-1,400.000,-1,325.000,325.000,325.000,325.000,-1,-1,-1,-1,750.000,775.000,-1,-1,2,0,2,0,2,0,0,0,0,2,2,2,2,0,0,2,2
60,9782.327,6687.296,-114.028,138.004,-0.743218,-0.668985,-0.009280,0.669046,-0.743096,-0.013664,0.002245,-0.016365,0.999864,0,0.79902,-0.25677,47.941,-0.514,-1,400.000,-1,400.000,-1,325.000,325.000,325.000,325.000,-1,-1,-1,-1,750.000,775.000,-1,-1,2,0,2,0,2,0,0,0,0,2,2,2,2,0,0,2,2
61,9743.448,6722.934,-113.915,137.491,-0.737191,-0.675622,-0.009174,0.675681,-0.737074,-0.013328,0.002243,-0.016024,0.999869,0,0.87902,-0.25677,52.741,-0.514,-1,400.000,-1,400.000,-1,325.000,325.000,325.000,325.000,-1,-1,-1,-1,750.000,775.000,-1,-1,2,0,2,0,2,0,0,0,0,2,2,2,2,0,0,2,2
62,9704.492,6759.295,-113.776,136.973,-0.731059,-0.682256,-0.008954,0.682311,-0.730947,-0.012967,0.002302,-0.015589,0.999876,0,0.88814,-0.25872,53.288,-0.517,-1,400.000,-1,400.000,-1,325.000,325.000,325.000,325.000,-1,-1,-1,-1,750.000,775.000,-1,-1,2,0,2,0,2,0,0,0,0,2,2,2,2,0,0,2,2
63,9665.826,6796.050,-113.589,136.452,-0.724816,-0.688887,-0.008732,0.688939,-0.724710,-0.012600,0.002352,-0.015148,0.999882,0,0.88914,-0.26083,53.348,-0.522,-1,400.000,-1,400.000,-1,325.000,325.000,325.000,325.000,-1,-1,-1,-1,750.000,750.000,-1,-1,2,0,2,0,2,0,0,0,0,2,2,2,2,0,0,2,2
64,9627.458,6833.198,-113.353,135.926,-0.718462,-0.695514,-0.008506,0.695562,-0.718362,-0.012229,0.002395,-0.014702,0.999889,0,0.89007,-0.26294,53.404,-0.526,-1,400.000,-1,400.000,-1,325.000,325.000,325.000,325.000,-1,-1,-1,-1,750.000,750.000,-1,-1,2,0,2,0,2,0,0,0,0,2,2,2,2,0,0,2,2
65,9589.399,6870.735,-113.143,135.396,-0.711993,-0.702133,-0.008673,0.702183,-0.711897,-0.011898,0.002180,-0.014562,0.999892,0,0.89093,-0.26507,53.456,-0.530,-1,400.000,-1,400.000,-1,325.000,325.000,325.000,325.000,-1,-1,-1,-1,750.000,750.000,-1,-1,2,0,2,0,2,0,0,0,0,2,2,2,2,0,0,2,2
66,9551.657,6908.659,-112.989,134.861,-0.705408,-0.708741,-0.009237,0.708799,-0.705317,-0.011481,0.001622,-0.014646,0.999891,0,0.89173,-0.26720,53.504,-0.534,-1,400.000,-1,400.000,-1,325.000,325.000,325.000,325.000,-1,-1,-1,-1,750.000,750.000,-1,-1,2,0,2,0,2,0,0,0,0,2,2,2,2,0,0,2,2
67,9514.244,6946.968,-112.815,134.323,-0.698707,-0.715342,-0.009670,0.715407,-0.698623,-0.010896,0.001039,-0.014531,0.999894,0,0.89247,-0.26934,53.548,-0.539,-1,375.000,-1,400.000,-1,325.000,325.000,325.000,325.000,-1,-1,-1,-1,725.000,750.000,-1,-1,2,0,2,0,2,0,0,0,0,2,2,2,2,0,0,2,2
68,9477.167,6985.659,-112.796,133.780,-0.691897,-0.721939,-0.009092,0.721995,-0.691821,-0.010286,0.001135,-0.013681,0.999906,0,0.89313,-0.27148,53.588,-0.543,-1,375.000,-1,400.000,-1,325.000,325.000,325.000,325.000,-1,-1,-1,-1,725.000,725.000,-1,-1,2,0,2,0,2,0,0,0,0,2,2,2,2,0,0,2,2
69,9440.438,7024.728,-112.770,133.232,-0.684971,-0.728520,-0.008503,0.728568,-0.684900,-0.009994,0.001457,-0.013041,0.999914,0,0.89372,-0.27363,53.623,-0.547,-1,375.000,-1,400.000,-1,325.000,325.000,325.000,325.000,-1,-1,-1,-1,725.000,725.000,-1,-1,2,0,2,0,2,0,0,0,0,2,2,2,2,0,0,2,2
70,9404.065,7064.171,-112.683,132.681,-0.677929,-0.735086,-0.007868,0.735126,-0.677861,-0.009739,0.001826,-0.012386,0.999922,0,0.89423,-0.27578,53.654,-0.552,-1,375.000,-1,375.000,-1,325.000,325.000,325.000,325.000,-1,-1,-1,-1,725.000,725.000,-1,-1,2,0,2,0,2,0,0,0,0,2,2,2,2,0,0,2,2
71,9368.059,7103.985,-112.536,132.125,-0.670767,-0.741633,-0.007188,0.741665,-0.670703,-0.009521,0.002241,-0.011717,0.999929,0,0.89467,-0.27792,53.680,-0.556,-1,375.000,-1,375.000,-1,325.000,325.000,325.000,325.000,-1,-1,-1,-1,725.000,725.000,-1,-1,2,0,2,0,2,0,0,0,0,2,2,2,2,0,0,2,2
72,9332.430,7144.166,-112.319,131.565,-0.663487,-0.748160,-0.006471,0.748183,-0.663426,-0.009379,0.002724,-0.011065,0.999935,0,0.89504,-0.28007,53.702,-0.560,-1,375.000,-1,375.000,-1,325.000,325.000,325.000,325.000,-1,-1,-1,-1,725.000,725.000,-1,-1,2,0,2,0,2,0,0,0,0,2,2,2,2,0,0,2,2
73,9297.186,7184.708,-112.002,131.000,-0.656087,-0.754663,-0.005748,0.754677,-0.656028,-0.009467,0.003374,-0.010549,0.999939,0,0.89533,-0.28220,53.720,-0.564,-1,375.000,-1,375.000,-1,300.000,325.000,325.000,325.000,-1,-1,-1,-1,725.000,700.000,-1,-1,2,0,2,0,2,0,0,0,0,2,2,2,2,0,0,2,2
74,9262.338,7225.608,-111.636,130.432,-0.648567,-0.761141,-0.005045,0.761147,-0.648509,-0.009590,0.004028,-0.010059,0.999941,0,0.89554,-0.28432,53.732,-0.569,-1,375.000,-1,375.000,-1,300.000,300.000,325.000,325.000,-1,-1,-1,-1,725.000,700.000,-1,-1,2,0,2,0,2,0,0,0,0,2,2,2,2,0,0,2,2
75,9227.896,7266.861,-111.241,129.859,-0.640926,-0.767589,-0.004462,0.767588,-0.640869,-0.009747,0.004622,-0.009672,0.999943,0,0.89568,-0.28643,53.741,-0.573,-1,375.000,-1,375.000,-1,300.000,300.000,325.000,325.000,-1,-1,-1,-1,700.000,700.000,-1,-1,2,0,2,0,2,0,0,0,0,2,2,2,2,0,0,2,2
76,9193.869,7308.461,-110.797,129.282,-0.633170,-0.774003,-0.003852,0.773994,-0.633114,-0.009986,0.005291,-0.009304,0.999943,0,0.89573,-0.28832,53.744,-0.577,-1,375.000,-1,375.000,-1,300.000,300.000,325.000,325.000,-1,-1,-1,-1,700.000,700.000,-1,-1,2,0,2,0,2,0,0,0,0,2,2,2,2,0,0,2,2
77,9161.476,7349.116,-110.459,128.546,-0.623181,-0.782070,-0.003396,0.782051,-0.623118,-0.010992,0.006481,-0.009506,0.999934,0,0.86636,-0.36801,51.982,-0.736,-1,375.000,-1,375.000,-1,300.000,300.000,325.000,325.000,-1,-1,-1,-1,700.000,700.000,-1,-1,2,0,2,0,2,0,0,0,0,2,2,2,2,0,0,2,2
78,9129.611,7390.186,-110.055,127.807,-0.613048,-0.790040,-0.002909,0.790008,-0.612979,-0.011967,0.007672,-0.009634,0.999924,0,0.86636,-0.36947,51.982,-0.739,-1,375.000,-1,375.000,-1,300.000,300.000,325.000,325.000,-1,-1,-1,-1,700.000,700.000,-1,-1,2,0,2,0,2,0,0,0,0,2,2,2,2,0,0,2,2
79,9098.283,7431.661,-109.626,127.066,-0.602772,-0.797910,-0.002197,0.797863,-0.602701,-0.012917,0.008982,-0.009538,0.999914,0,0.86630,-0.37088,51.978,-0.742,-1,375.000,-1,375.000,-1,300.000,300.000,325.000,325.000,-1,-1,-1,-1,700.000,700.000,-1,-1,2,0,2,0,2,0,0,0,0,2,2,2,2,0,0,2,2
80,9067.500,7473.535,-109.120,126.321,-0.592355,-0.805676,-0.001281,0.805610,-0.592285,-0.013848,0.010398,-0.009235,0.999903,0,0.86618,-0.37222,51.971,-0.744,-1,375.000,-1,375.000,-1,300.000,300.000,325.000,325.000,-1,-1,-1,-1,700.000,700.000,-1,-1,2,0,2,0,2,0,0,0,0,2,2,2,2,0,0,2,2
81,9037.271,7515.798,-108.536,125.574,-0.581800,-0.813332,-0.000303,0.813246,-0.581733,-0.014761,0.011830,-0.008835,0.999891,0,0.86601,-0.37349,51.961,-0.747,-1,375.000,-1,375.000,-1,300.000,300.000,325.000,325.000,-1,-1,-1,-1,700.000,700.000,-1,-1,2,0,2,0,2,0,0,0,0,2,2,2,2,0,0,2,2
82,9007.606,7558.441,-107.887,124.825,-0.571109,-0.820874,0.000679,0.820767,-0.571048,-0.015655,0.013238,-0.008384,0.999877,0,0.86578,-0.37469,51.947,-0.749,-1,375.000,-1,375.000,-1,300.000,300.000,325.000,325.000,-1,-1,-1,-1,700.000,700.000,-1,-1,2,0,2,0,2,0,0,0,0,2,2,2,2,0,0,2,2
83,8978.513,7601.456,-107.173,124.073,-0.560286,-0.828298,0.001664,0.828170,-0.560233,-0.016529,0.014623,-0.007883,0.999862,0,0.86550,-0.37582,51.930,-0.752,-1,375.000,-1,375.000,-1,300.000,300.000,325.000,325.000,-1,-1,975.000,-1,700.000,700.000,-1,-1,2,0,2,0,2,0,0,0,0,2,2,0,2,0,0,2,2
84,8949.998,7644.833,-106.395,123.319,-0.549333,-0.835600,0.002653,0.835451,-0.549290,-0.017382,0.015981,-0.007332,0.999845,0,0.86516,-0.37688,51.910,-0.754,-1,375.000,-1,375.000,-1,300.000,325.000,325.000,325.000,-1,-1,600.000,-1,700.000,700.000,-1,-1,2,0,2,0,2,0,0,0,0,2,2,0,2,0,0,2,2
85,8922.071,7688.563,-105.546,122.564,-0.538254,-0.842775,0.003602,0.842606,-0.538223,-0.018210,0.017286,-0.006766,0.999828,0,0.86478,-0.37787,51.887,-0.756,-1,375.000,-1,375.000,-1,300.000,300.000,325.000,325.000,-1,825.000,600.000,-1,700.000,700.000,-1,-1,2,0,2,0,2,0,0,0,0,2,0,0,2,0,0,2,2
86,8894.738,7732.637,-104.624,121.806,-0.527055,-0.849820,0.004332,0.849629,-0.527034,-0.019122,0.018533,-0.006397,0.999808,0,0.86435,-0.37879,51.861,-0.758,-1,375.000,-1,375.000,-1,300.000,300.000,325.000,325.000,-1,725.000,625.000,-1,700.000,700.000,-1,-1,2,0,2,0,2,0,0,0,0,2,0,0,2,0,0,2,2
87,8868.006,7777.044,-103.658,121.047,-0.515739,-0.856731,0.005044,0.856517,-0.515728,-0.020072,0.019797,-0.006031,0.999786,0,0.86388,-0.37962,51.833,-0.759,-1,375.000,-1,375.000,-1,300.000,300.000,325.000,325.000,-1,650.000,625.000,-1,700.000,700.000,-1,-1,2,0,2,0,2,0,0,0,0,2,0,0,2,0,0,2,2
88,8841.882,7821.776,-102.551,120.286,-0.504311,-0.863504,0.005621,0.863260,-0.504308,-0.021355,0.021275,-0.005917,0.999756,0,0.86336,-0.38039,51.802,-0.761,-1,375.000,-1,375.000,-1,300.000,300.000,325.000,325.000,-1,650.000,625.000,-1,700.000,700.000,-1,-1,2,0,2,0,2,0,0,0,0,2,0,0,2,0,0,2,2
89,8816.371,7866.822,-101.338,119.524,-0.492775,-0.870135,0.006107,0.869856,-0.492777,-0.022820,0.022866,-0.005933,0.999721,0,0.86281,-0.38107,51.768,-0.762,-1,375.000,-1,375.000,-1,300.000,300.000,325.000,325.000,-1,650.000,600.000,-1,700.000,725.000,-1,-1,2,0,2,0,2,0,0,0,0,2,0,0,2,0,0,2,2
90,8791.479,7912.174,-100.083,118.761,-0.481132,-0.876623,0.006606,0.876309,-0.481141,-0.024196,0.024390,-0.005853,0.999685,0,0.86222,-0.38167,51.733,-0.763,-1,375.000,-1,375.000,-1,300.000,325.000,325.000,325.000,-1,650.000,600.000,-1,725.000,725.000,-1,-1,2,0,2,0,2,0,0,0,0,2,0,0,2,0,0,2,2
91,8767.541,7956.750,-98.823,118.237,-0.473095,-0.880982,0.007148,0.880635,-0.473115,-0.025389,0.025749,-0.005717,0.999652,0,0.84329,-0.26167,50.597,-0.523,-1,375.000,-1,375.000,-1,300.000,325.000,325.000,325.000,-1,650.000,600.000,-1,725.000,725.000,-1,-1,2,0,2,0,2,0,0,0,0,2,0,0,2,0,0,2,2
92,8743.845,8001.402,-97.488,117.954,-0.468721,-0.883312,0.007774,0.882935,-0.468753,-0.026386,0.026952,-0.005504,0.999622,0,0.84250,-0.14167,50.550,-0.283,-1,375.000,-1,375.000,-1,325.000,325.000,325.000,325.000,-1,650.000,600.000,-1,725.000,725.000,-1,-1,2,0,2,0,2,0,0,0,0,2,0,0,2,0,0,2,2
93,8720.210,8046.021,-96.106,117.910,-0.468038,-0.883668,0.008468,0.883260,-0.468085,-0.027355,0.028136,-0.005323,0.999590,0,0.84153,-0.02167,50.492,-0.043,-1,375.000,-1,375.000,-1,325.000,325.000,300.000,325.000,-1,650.000,600.000,-1,725.000,725.000,-1,-1,2,0,2,0,2,0,0,0,0,2,0,0,2,0,0,2,2
94,8696.603,8090.577,-94.649,117.916,-0.468097,-0.883627,0.009361,0.883187,-0.468164,-0.028324,0.029410,-0.004991,0.999555,0,0.84038,0.00256,50.423,0.005,-1,375.000,-1,375.000,-1,325.000,325.000,325.000,325.000,-1,625.000,600.000,-1,725.000,725.000,-1,-1,2,0,2,0,2,0,0,0,0,2,0,0,2,0,0,2,2
95,8673.027,8135.067,-93.162,117.921,-0.468154,-0.883587,0.010232,0.883115,-0.468243,-0.029254,0.030640,-0.004660,0.999520,0,0.83918,0.00252,50.351,0.005,-1,375.000,-1,375.000,-1,325.000,325.000,325.000,325.000,-1,625.000,600.000,-1,725.000,725.000,-1,-1,2,0,2,0,2,0,0,0,0,2,0,0,2,0,0,2,2
96,8649.479,8179.492,-91.643,117.926,-0.468214,-0.883546,0.011082,0.883042,-0.468325,-0.030146,0.031825,-0.004329,0.999484,0,0.83799,0.00263,50.280,0.005,-1,375.000,-1,375.000,-1,325.000,325.000,325.000,325.000,-1,625.000,600.000,-1,725.000,725.000,-1,-1,2,0,2,0,2,0,0,0,0,2,0,0,2,0,0,2,2
97,8625.960,8223.852,-90.093,117.932,-0.468279,-0.883500,0.011910,0.882965,-0.468414,-0.030999,0.032966,-0.004000,0.999448,0,0.83682,0.00286,50.209,0.006,-1,375.000,-1,375.000,-1,325.000,325.000,325.000,325.000,-1,625.000,600.000,-1,725.000,725.000,-1,-1,2,0,2,0,2,0,0,0,0,2,0,0,2,0,0,2,2
98,8602.468,8268.149,-88.511,117.938,-0.468356,-0.883448,0.012718,0.882883,-0.468514,-0.031813,0.034064,-0.003671,0.999413,0,0.83568,0.00324,50.141,0.006,-1,375.000,-1,375.000,-1,325.000,325.000,325.000,300.000,-1,625.000,600.000,-1,750.000,750.000,-1,-1,2,0,2,0,2,0,0,0,0,2,0,0,2,0,0,2,2
99,8579.001,8312.385,-86.920,117.946,-0.468451,-0.883388,0.013394,0.882794,-0.468630,-0.032569,0.035048,-0.003432,0.999380,0,0.83458,0.00374,50.075,0.007,-1,400.000,-1,400.000,-1,325.000,325.000,325.000,300.000,-1,625.000,625.000,-1,750.000,750.000,-1,-1,2,0,2,0,2,0,0,0,0,2,0,0,2,0,0,2,2
100,8555.557,8356.562,-85.321,117.954,-0.468570,-0.883317,0.013931,0.882696,-0.468765,-0.033264,0.035913,-0.003289,0.999349,0,0.83354,0.00438,50.012,0.009,-1,400.000,-1,400.000,-1,325.000,325.000,325.000,300.000,-1,625.000,625.000,-1,750.000,750.000,-1,-1,2,0,2,0,2,0,0,0,0,2,0,0,2,0,0,2,2
101,8532.132,8400.684,-83.583,117.965,-0.468729,-0.883232,0.013970,0.882591,-0.468924,-0.033832,0.036433,-0.003528,0.999330,0,0.83256,0.00515,49.954,0.010,-1,400.000,-1,400.000,-1,325.000,325.000,325.000,300.000,-1,650.000,650.000,-1,750.000,750.000,-1,-1,2,0,2,0,2,0,0,0,0,2,0,0,2,0,0,2,2
102,8508.724,8444.752,-81.785,117.977,-0.468920,-0.883132,0.013876,0.882472,-0.469109,-0.034342,0.036838,-0.003858,0.999314,0,0.83166,0.00604,49.900,0.012,-1,400.000,-1,400.000,-1,325.000,325.000,325.000,300.000,-1,700.000,675.000,-1,750.000,750.000,-1,-1,2,0,2,0,2,0,0,0,0,2,0,0,2,0,0,2,2
103,8485.327,8488.772,-79.954,117.991,-0.469142,-0.883015,0.013802,0.882336,-0.469326,-0.034874,0.037272,-0.004183,0.999296,0,0.83085,0.00706,49.851,0.014,-1,400.000,-1,400.000,-1,325.000,325.000,325.000,300.000,-1,725.000,700.000,-1,750.000,750.000,-1,-1,2,0,2,0,2,0,0,0,0,2,0,0,2,0,0,2,2
104,8461.938,8532.746,-78.125,118.007,-0.469394,-0.882880,0.013880,0.882181,-0.469578,-0.035401,0.037773,-0.004372,0.999277,0,0.83013,0.00820,49.808,0.016,-1,400.000,-1,400.000,-1,325.000,325.000,325.000,300.000,-1,725.000,725.000,-1,750.000,750.000,-1,-1,2,0,2,0,2,0,0,0,0,2,0,0,2,0,0,2,2
105,8438.553,8576.680,-76.272,118.026,-0.469683,-0.882724,0.013987,0.882006,-0.469869,-0.035887,0.038250,-0.004519,0.999258,0,0.82950,0.00946,49.770,0.019,-1,400.000,-1,400.000,-1,325.000,325.000,325.000,300.000,-1,750.000,750.000,-1,750.000,750.000,-1,-1,2,0,2,0,2,0,0,0,0,2,0,0,2,0,0,2,2
106,8415.165,8620.578,-74.382,118.048,-0.470012,-0.882546,0.014150,0.881813,-0.470203,-0.036270,0.038663,-0.004570,0.999242,0,0.82899,0.01083,49.739,0.022,-1,400.000,-1,400.000,-1,325.000,325.000,325.000,300.000,-1,775.000,775.000,-1,750.000,750.000,-1,-1,2,0,2,0,2,0,0,0,0,2,0,0,2,0,0,2,2
107,8391.769,8664.444,-72.439,118.072,-0.470383,-0.882345,0.014403,0.881602,-0.470583,-0.036470,0.038956,-0.004457,0.999231,0,0.82859,0.01232,49.715,0.025,-1,400.000,-1,400.000,-1,325.000,325.000,325.000,300.000,-1,825.000,800.000,-1,750.000,750.000,-1,-1,2,0,2,0,2,0,0,0,0,2,0,0,2,0,0,2,2
108,8368.361,8708.284,-70.482,118.100,-0.470803,-0.882116,0.014653,0.881365,-0.471011,-0.036655,0.039236,-0.004342,0.999221,0,0.82830,0.01392,49.698,0.028,-1,400.000,-1,400.000,-1,325.000,325.000,325.000,300.000,-1,850.000,850.000,-1,750.000,750.000,-1,-1,2,0,2,0,2,0,0,0,0,2,0,0,2,0,0,2,2
109,8344.933,8752.102,-68.517,118.131,-0.471277,-0.881860,0.014872,0.881101,-0.471492,-0.036821,0.039483,-0.004249,0.999211,0,0.82813,0.01562,49.688,0.031,-1,400.000,-1,400.000,-1,325.000,325.000,325.000,300.000,-1,875.000,875.000,-1,750.000,750.000,-1,-1,2,0,2,0,2,0,0,0,0,2,0,0,2,0,0,2,2
110,8321.480,8795.904,-66.534,118.166,-0.471806,-0.881573,0.015101,0.880807,-0.472029,-0.036975,0.039725,-0.004144,0.999202,0,0.82808,0.01743,49.685,0.035,-1,400.000,-1,400.000,-1,325.000,325.000,325.000,300.000,-1,925.000,925.000,-1,750.000,750.000,-1,-1,2,0,2,0,2,0,0,0,0,2,0,0,2,0,0,2,2
111,8297.995,8839.693,-64.534,118.205,-0.472392,-0.881255,0.015341,0.880482,-0.472624,-0.037118,0.039961,-0.004026,0.999193,0,0.82816,0.01934,49.690,0.039,-1,400.000,-1,400.000,-1,325.000,325.000,325.000,300.000,-1,950.000,950.000,-1,750.000,775.000,-1,-1,2,0,2,0,2,0,0,0,0,2,0,0,2,0,0,2,2
112,8274.472,8883.476,-62.538,118.248,-0.473042,-0.880902,0.015548,0.880119,-0.473281,-0.037354,0.040264,-0.003986,0.999181,0,0.82836,0.02135,49.702,0.043,-1,400.000,-1,400.000,-1,325.000,325.000,325.000,300.000,-1,1000.000,975.000,-1,750.000,775.000,-1,-1,2,0,2,0,2,0,0,0,0,2,0,0,2,0,0,2,2
113,8250.904,8927.257,-60.546,118.295,-0.473758,-0.880515,0.015719,0.879717,-0.474002,-0.037686,0.040634,-0.004026,0.999166,0,0.82869,0.02345,49.721,0.047,-1,400.000,-1,400.000,-1,325.000,325.000,300.000,300.000,-1,-1,1000.000,-1,750.000,775.000,-1,-1,2,0,2,0,2,0,0,0,0,2,2,0,2,0,0,2,2
114,8225.222,8975.351,-58.341,118.102,-0.470779,-0.882108,0.015924,0.881296,-0.471032,-0.038032,0.041049,-0.003871,0.999150,0,0.90869,-0.09655,54.521,-0.193,-1,400.000,-1,400.000,-1,325.000,325.000,300.000,300.000,-1,-1,-1,-1,750.000,775.000,-1,-1,2,0,2,0,2,0,0,0,0,2,2,2,2,0,0,2,2
115,8199.044,9025.280,-56.035,117.668,-0.464084,-0.885644,0.016157,0.884820,-0.464352,-0.038363,0.041479,-0.003507,0.999133,0,0.93959,-0.21655,56.376,-0.433,-1,400.000,-1,400.000,-1,325.000,325.000,300.000,300.000,-1,-1,-1,-1,750.000,775.000,-1,-1,2,0,2,0,2,0,0,0,0,2,2,2,2,0,0,2,2
116,8173.430,9075.561,-53.686,116.995,-0.453631,-0.891039,0.016352,0.890206,-0.453916,-0.038651,0.041862,-0.002976,0.999119,0,0.94049,-0.33655,56.429,-0.673,-1,400.000,-1,400.000,-1,325.000,325.000,300.000,300.000,-1,-1,-1,-1,750.000,775.000,-1,-1,2,0,2,0,2,0,0,0,0,2,2,2,2,0,0,2,2
117,8148.593,9126.300,-51.334,116.082,-0.439350,-0.898162,0.016637,0.897325,-0.439660,-0.038813,0.042174,-0.002124,0.999108,0,0.94153,-0.45655,56.492,-0.913,-1,400.000,-1,400.000,-1,325.000,325.000,300.000,300.000,-1,-1,-1,-1,750.000,775.000,-1,-1,2,0,2,0,2,0,0,0,0,2,2,2,2,0,0,2,2
118,8124.752,9177.591,-49.006,114.929,-0.421152,-0.906829,0.017080,0.906002,-0.421497,-0.038724,0.042315,-0.000834,0.999104,0,0.94268,-0.57655,56.561,-1.153,-1,400.000,-1,400.000,-1,325.000,325.000,300.000,300.000,-1,-1,-1,-1,750.000,775.000,-1,-1,2,0,2,0,2,0,0,0,0,2,2,2,2,0,0,2,2
119,8101.926,9229.422,-46.654,113.769,-0.402668,-0.915177,0.017587,0.914363,-0.403052,-0.038595,0.042410,0.000539,0.999100,0,0.94390,-0.58004,56.634,-1.160,-1,400.000,-1,400.000,-1,325.000,325.000,300.000,300.000,-1,-1,-1,-1,725.000,775.000,-1,-1,2,0,2,0,2,0,0,0,0,2,2,2,2,0,0,2,2
120,8080.080,9281.870,-44.281,112.612,-0.384065,-0.923128,0.018132,0.922328,-0.384487,-0.038480,0.042493,0.001945,0.999095,0,0.94693,-0.57856,56.816,-1.157,-1,400.000,-1,400.000,-1,325.000,325.000,300.000,300.000,-1,-1,-1,-1,725.000,775.000,-1,-1,2,0,2,0,2,0,0,0,0,2,2,2,2,0,0,2,2
121,8059.291,9334.762,-41.922,111.458,-0.365353,-0.930684,0.018562,0.929899,-0.365810,-0.038349,0.042481,0.003250,0.999092,0,0.94719,-0.57720,56.832,-1.154,-1,400.000,-1,400.000,-1,325.000,325.000,300.000,300.000,-1,-1,-1,-1,725.000,775.000,-1,-1,2,0,2,0,2,0,0,0,0,2,2,2,2,0,0,2,2
122,8039.562,9388.078,-39.578,110.306,-0.346544,-0.937844,0.018871,0.937078,-0.347029,-0.038153,0.042331,0.004462,0.999094,0,0.94748,-0.57582,56.849,-1.152,-1,400.000,-1,400.000,-1,325.000,325.000,300.000,300.000,-1,-1,-1,-1,725.000,775.000,-1,-1,2,0,2,0,2,0,0,0,0,2,2,2,2,0,0,2,2
123,8020.901,9441.796,-37.218,109.157,-0.327640,-0.944607,0.019230,0.943862,-0.328154,-0.037943,0.042152,0.005719,0.999095,0,0.94778,-0.57440,56.867,-1.149,-1,400.000,-1,400.000,-1,325.000,325.000,300.000,300.000,-1,-1,-1,-1,725.000,775.000,-1,-1,2,0,2,0,2,0,0,0,0,2,2,2,2,0,0,2,2
124,8004.597,9491.244,-35.042,108.248,-0.312589,-0.949686,0.019600,0.948961,-0.313129,-0.037739,0.041978,0.006802,0.999095,0,0.86778,-0.45440,52.067,-0.909,-1,375.000,-1,400.000,-1,325.000,325.000,300.000,300.000,-1,-1,-1,-1,725.000,775.000,-1,-1,2,0,2,0,2,0,0,0,0,2,2,2,2,0,0,2,2
125,7989.241,9539.711,-32.905,107.580,-0.301457,-0.953270,0.019993,0.952562,-0.302020,-0.037536,0.041820,0.007730,0.999095,0,0.84737,-0.33440,50.842,-0.669,-1,375.000,-1,400.000,-1,325.000,325.000,300.000,300.000,-1,-1,-1,-1,725.000,775.000,-1,-1,2,0,2,0,2,0,0,0,0,2,2,2,2,0,0,2,2
126,7974.351,9588.345,-30.754,107.022,-0.292144,-0.956156,0.020414,0.955466,-0.292730,-0.037331,0.041670,0.008599,0.999094,0,0.84769,-0.27869,50.861,-0.557,-1,375.000,-1,400.000,-1,325.000,325.000,300.000,300.000,-1,-1,-1,-1,725.000,775.000,-1,-1,2,0,2,0,2,0,0,0,0,2,2,2,2,0,0,2,2
127,7959.900,9637.226,-28.588,106.469,-0.282879,-0.958929,0.020862,0.958257,-0.283489,-0.037126,0.041515,0.009489,0.999093,0,0.84955,-0.27641,50.973,-0.553,-1,375.000,-1,400.000,-1,325.000,325.000,300.000,300.000,-1,-1,-1,-1,725.000,775.000,-1,-1,2,0,2,0,2,0,0,0,0,2,2,2,2,0,0,2,2
128,7945.863,9686.445,-26.403,105.918,-0.273617,-0.961602,0.021337,0.960949,-0.274251,-0.036921,0.041355,0.010401,0.999090,0,0.85302,-0.27553,51.181,-0.551,-1,375.000,-1,400.000,-1,325.000,325.000,300.000,300.000,-1,-1,-1,-1,725.000,775.000,-1,-1,2,0,2,0,2,0,0,0,0,2,2,2,2,0,0,2,2
129,7932.243,9735.995,-24.200,105.369,-0.264362,-0.964176,0.021837,0.963544,-0.265021,-0.036715,0.041187,0.011335,0.999087,0,0.85646,-0.27453,51.388,-0.549,-1,375.000,-1,400.000,-1,325.000,325.000,300.000,300.000,-1,-1,-1,-1,725.000,775.000,-1,-1,2,0,2,0,2,0,0,0,0,2,2,2,2,0,0,2,2
130,7919.044,9785.870,-22.022,104.822,-0.255112,-0.966649,0.022540,0.966036,-0.255803,-0.036587,0.041133,0.012441,0.999076,0,0.85987,-0.27341,51.592,-0.547,-1,375.000,-1,400.000,-1,325.000,325.000,300.000,300.000,-1,-1,-1,-1,725.000,775.000,-1,-1,2,0,2,0,2,0,0,0,0,2,2,2,2,0,0,2,2
131,7906.270,9836.065,-19.875,104.278,-0.245872,-0.969019,0.023443,0.968431,-0.246604,-0.036446,0.041098,0.013742,0.999061,0,0.86325,-0.27216,51.795,-0.544,-1,375.000,-1,400.000,-1,325.000,325.000,300.000,300.000,-1,-1,-1,-1,725.000,775.000,-1,-1,2,0,2,0,2,0,0,0,0,2,2,2,2,0,0,2,2
132,7893.923,9886.572,-17.716,103.736,-0.236655,-0.971288,0.024377,0.970726,-0.237429,-0.036311,0.041056,0.015070,0.999043,0,0.86657,-0.27079,51.994,-0.542,-1,375.000,-1,400.000,-1,325.000,325.000,300.000,300.000,-1,-1,-1,-1,725.000,775.000,-1,-1,2,0,2,0,2,0,0,0,0,2,2,2,2,0,0,2,2
133,7882.007,9937.384,-15.603,103.198,-0.227473,-0.973460,0.025136,0.972914,-0.228286,-0.036393,0.041165,0.016177,0.999021,0,0.86984,-0.26927,52.191,-0.539,-1,375.000,-1,400.000,-1,325.000,325.000,300.000,300.000,-1,-1,-1,-1,725.000,775.000,1000.000,-1,2,0,2,0,2,0,0,0,0,2,2,2,2,1,0,1,2
134,7870.524,9988.493,-13.470,102.663,-0.218327,-0.975531,0.025916,0.975003,-0.219178,-0.036477,0.041264,0.017304,0.998998,0,0.87305,-0.26762,52.383,-0.535,-1,375.000,-1,400.000,-1,325.000,325.000,300.000,300.000,-1,-1,-1,-1,700.000,775.000,950.000,-1,2,0,2,0,2,0,0,0,0,2,2,2,2,1,0,1,2
135,7859.475,10039.890,-11.317,102.131,-0.209223,-0.977503,0.026716,0.976993,-0.210113,-0.036564,0.041355,0.018452,0.998974,0,0.87619,-0.26581,52.571,-0.532,950.000,375.000,-1,400.000,-1,325.000,325.000,300.000,300.000,-1,-1,-1,-1,675.000,775.000,900.000,-1,1,0,2,0,2,0,0,0,0,2,2,2,2,1,0,1,2
136,7848.760,10091.004,-9.162,101.839,-0.204203,-0.978541,0.027525,0.978048,-0.205131,-0.036654,0.041514,0.019436,0.998949,0,0.87041,-0.14581,52.225,-0.292,900.000,375.000,-1,400.000,-1,325.000,325.000,300.000,300.000,-1,-1,-1,-1,675.000,775.000,850.000,-1,1,0,2,0,2,0,0,0,0,2,2,2,2,1,0,1,2
