timestep,x_cm,y_cm,z_cm,yaw_deg,basis_xx,basis_xy,basis_xz,basis_yx,basis_yy,basis_yz,basis_zx,basis_zy,basis_zz,teleport_flag,throttle_cmd,steering_cmd,cmd_move_cm,cmd_turn_deg,lidar_cm_0,lidar_cm_1,lidar_cm_2,lidar_cm_3,lidar_cm_4,lidar_cm_5,lidar_cm_6,lidar_cm_7,lidar_cm_8,lidar_cm_9,lidar_cm_10,lidar_cm_11,lidar_cm_12,lidar_cm_13,lidar_cm_14,lidar_cm_15,lidar_cm_16,lidar_class_0,lidar_class_1,lidar_class_2,lidar_class_3,lidar_class_4,lidar_class_5,lidar_class_6,lidar_class_7,lidar_class_8,lidar_class_9,lidar_class_10,lidar_class_11,lidar_class_12,lidar_class_13,lidar_class_14,lidar_class_15,lidar_class_16
0,-8850.388,8856.081,36.679,11.826,0.977932,-0.204663,0.041985,0.206444,0.977483,-0.043688,-0.032098,0.051392,0.998163,1,0.08000,0.12000,4.800,0.240,-1,400.000,-1,400.000,-1,325.000,325.000,300.000,300.000,-1,-1,-1,-1,800.000,750.000,-1,-1,2,0,2,0,2,0,0,0,0,2,2,2,2,0,0,2,2
1,-8841.009,8858.127,36.369,12.306,0.976185,-0.212842,0.041957,0.214617,0.975723,-0.043642,-0.031649,0.051608,0.998166,0,0.16000,0.24000,9.600,0.480,-1,400.000,-1,400.000,-1,325.000,325.000,300.000,300.000,-1,-1,-1,-1,800.000,750.000,-1,-1,2,0,2,0,2,0,0,0,0,2,2,2,2,0,0,2,2
2,-8826.979,8861.373,35.913,13.026,0.973438,-0.225082,0.041917,0.226847,0.972955,-0.043574,-0.030976,0.051926,0.998170,0,0.24000,0.36000,14.400,0.720,-1,400.000,-1,400.000,-1,325.000,325.000,300.000,300.000,-1,-1,-1,-1,800.000,750.000,-1,-1,2,0,2,0,2,0,0,0,0,2,2,2,2,0,0,2,2
3,-8808.349,8866.013,35.319,13.986,0.969535,-0.241347,0.041869,0.243098,0.969027,-0.043486,-0.030077,0.052339,0.998176,0,0.32000,0.48000,19.200,0.960,-1,400.000,-1,400.000,-1,325.000,325.000,300.000,300.000,-1,-1,-1,-1,800.000,750.000,-1,-1,2,0,2,0,2,0,0,0,0,2,2,2,2,0,0,2,2
4,-8785.187,8872.300,34.601,15.186,0.964275,-0.261581,0.041814,0.263315,0.963734,-0.043379,-0.028951,0.052839,0.998183,0,0.40000,0.60000,24.000,1.200,-1,400.000,-1,400.000,-1,325.000,325.000,300.000,300.000,-1,-1,-1,-1,800.000,750.000,-1,-1,2,0,2,0,2,0,0,0,0,2,2,2,2,0,0,2,2
5,-8757.592,8880.541,33.774,16.626,0.957406,-0.285708,0.041759,0.287422,0.956827,-0.043255,-0.027598,0.053416,0.998191,0,0.48000,0.72000,28.800,1.440,-1,400.000,-1,400.000,-1,325.000,325.000,300.000,300.000,-1,-1,-1,-1,800.000,750.000,-1,-1,2,0,2,0,2,0,0,0,0,2,2,2,2,0,0,2,2
6,-8725.693,8891.095,32.856,18.306,0.948630,-0.313626,0.041710,0.315316,0.948007,-0.043119,-0.026018,0.054056,0.998199,0,0.56000,0.84000,33.600,1.680,-1,400.000,-1,400.000,-1,325.000,325.000,300.000,300.000,-1,-1,-1,-1,825.000,750.000,-1,-1,2,0,2,0,2,0,0,0,0,2,2,2,2,0,0,2,2
7,-8689.619,8904.254,31.864,20.041,0.938711,-0.342177,0.041672,0.343842,0.938044,-0.042965,-0.024389,0.054661,0.998207,0,0.64000,0.86761,38.400,1.735,-1,400.000,-1,400.000,-1,325.000,325.000,300.000,300.000,-1,-1,-1,-1,825.000,750.000,-1,-1,2,0,2,0,2,0,0,0,0,2,2,2,2,0,0,2,2
8,-8649.502,8920.281,30.811,21.776,0.927932,-0.370414,0.041653,0.372052,0.927225,-0.042794,-0.022770,0.055207,0.998215,0,0.72000,0.86761,43.200,1.735,-1,400.000,-1,400.000,-1,325.000,325.000,300.000,300.000,-1,-1,-1,-1,850.000,775.000,-1,-1,2,0,2,0,2,0,0,0,0,2,2,2,2,0,0,2,2
9,-8605.488,8939.430,29.776,23.511,0.916298,-0.398316,0.041739,0.399926,0.915570,-0.042313,-0.021361,0.055464,0.998232,0,0.80000,0.86761,48.000,1.735,-1,400.000,-1,400.000,-1,325.000,325.000,300.000,300.000,-1,-1,-1,-1,875.000,775.000,-1,-1,2,0,2,0,2,0,0,0,0,2,2,2,2,0,0,2,2
10,-8558.754,8961.468,28.737,25.247,0.903825,-0.425853,0.041830,0.427436,0.903079,-0.041794,-0.019978,0.055654,0.998250,0,0.86116,0.86761,51.670,1.735,-1,400.000,-1,400.000,-1,325.000,325.000,300.000,300.000,-1,-1,-1,-1,875.000,775.000,-1,-1,2,0,2,0,2,0,0,0,0,2,2,2,2,0,0,2,2
11,-8512.710,8984.910,27.757,26.982,0.890522,-0.452998,0.041990,0.454557,0.889759,-0.041308,-0.018649,0.055873,0.998264,0,0.86116,0.86761,51.670,1.735,-1,400.000,-1,400.000,-1,325.000,325.000,300.000,300.000,-1,-1,-1,-1,900.000,800.000,-1,-1,2,0,2,0,2,0,0,0,0,2,2,2,2,0,0,2,2
12,-8467.396,9009.737,26.833,28.717,0.876401,-0.479726,0.042232,0.481267,0.875621,-0.040857,-0.017379,0.056132,0.998272,0,0.86116,0.86761,51.670,1.735,-1,400.000,-1,400.000,-1,325.000,325.000,300.000,300.000,-1,-1,-1,-1,925.000,800.000,-1,-1,2,0,2,0,2,0,0,0,0,2,2,2,2,0,0,2,2
13,-8422.855,9035.924,25.971,30.452,0.861475,-0.506011,0.042587,0.507542,0.860677,-0.040444,-0.016188,0.056456,0.998274,0,0.86116,0.86761,51.670,1.735,-1,400.000,-1,400.000,-1,325.000,325.000,300.000,300.000,-1,-1,-1,-1,925.000,825.000,-1,-1,2,0,2,0,2,0,0,0,0,2,2,2,2,0,0,2,2
14,-8379.127,9063.448,25.168,32.187,0.845757,-0.531830,0.043048,0.533356,0.844942,-0.040057,-0.015069,0.056839,0.998270,0,0.86116,0.86761,51.670,1.735,-1,425.000,-1,400.000,-1,325.000,325.000,300.000,300.000,-1,-1,-1,-1,950.000,825.000,-1,-1,2,0,2,0,2,0,0,0,0,2,2,2,2,0,0,2,2
15,-8336.253,9092.283,24.417,33.923,0.829262,-0.557158,0.043586,0.558685,0.828430,-0.039679,-0.014000,0.057255,0.998261,0,0.86116,0.86761,51.670,1.735,-1,425.000,-1,400.000,-1,325.000,325.000,300.000,300.000,-1,-1,-1,-1,950.000,825.000,-1,-1,2,0,2,0,2,0,0,0,0,2,2,2,2,0,0,2,2
16,-8294.271,9122.403,23.484,35.658,0.811980,-0.582005,0.044264,0.583524,0.811203,-0.038074,-0.013748,0.056745,0.998294,0,0.86116,0.86761,51.670,1.735,-1,425.000,-1,400.000,-1,325.000,325.000,300.000,300.000,-1,-1,-1,-1,950.000,825.000,-1,-1,2,0,2,0,2,0,0,0,0,2,2,2,2,0,0,2,2
17,-8253.220,9153.780,22.429,37.393,0.793931,-0.606343,0.044964,0.607844,0.793261,-0.035549,-0.014113,0.055555,0.998356,0,0.86116,0.86761,51.670,1.735,-1,425.000,-1,400.000,-1,325.000,325.000,300.000,300.000,-1,-1,-1,-1,950.000,825.000,-1,-1,2,0,2,0,2,0,0,0,0,2,2,2,2,0,0,2,2
18,-8213.138,9186.386,21.423,39.128,0.775153,-0.630126,0.045608,0.631607,0.774586,-0.033008,-0.014528,0.054392,0.998414,0,0.86116,0.86761,51.670,1.735,-1,425.000,-1,400.000,-1,325.000,325.000,300.000,300.000,-1,-1,-1,-1,950.000,850.000,-1,-1,2,0,2,0,2,0,0,0,0,2,2,2,2,0,0,2,2
19,-8174.062,9220.190,20.470,40.864,0.755661,-0.653332,0.046192,0.654791,0.755196,-0.030453,-0.014988,0.053258,0.998468,0,0.86116,0.86761,51.670,1.735,-1,425.000,-1,400.000,-1,325.000,325.000,300.000,300.000,-1,-1,-1,-1,950.000,850.000,-1,-1,2,0,2,0,2,0,0,0,0,2,2,2,2,0,0,2,2
20,-8136.027,9255.163,19.567,42.599,0.735475,-0.675940,0.046714,0.677375,0.735109,-0.027886,-0.015490,0.052153,0.998519,0,0.86116,0.86761,51.670,1.735,-1,425.000,-1,400.000,-1,325.000,325.000,300.000,300.000,-1,-1,-1,-1,950.000,850.000,-1,-1,2,0,2,0,2,0,0,0,0,2,2,2,2,0,0,2,2
21,-8099.069,9291.270,18.718,44.334,0.714612,-0.697928,0.047170,0.699337,0.714344,-0.025305,-0.016034,0.051071,0.998566,0,0.86116,0.86761,51.670,1.735,-1,425.000,-1,400.000,-1,325.000,325.000,300.000,300.000,-1,-1,-1,-1,950.000,850.000,-1,-1,2,0,2,0,2,0,0,0,0,2,2,2,2,0,0,2,2
22,-8063.221,9328.481,17.910,46.069,0.693094,-0.719276,0.047563,0.720656,0.692918,-0.022773,-0.016577,0.050061,0.998609,0,0.86116,0.86761,51.670,1.735,-1,425.000,-1,400.000,-1,325.000,325.000,300.000,300.000,-1,-1,-1,-1,925.000,850.000,-1,-1,2,0,2,0,2,0,0,0,0,2,2,2,2,0,0,2,2
23,-8028.517,9366.760,17.142,47.805,0.670940,-0.739963,0.047897,0.741314,0.670851,-0.020301,-0.017110,0.049128,0.998646,0,0.86116,0.86761,51.670,1.735,-1,425.000,-1,400.000,-1,325.000,325.000,300.000,300.000,-1,-1,-1,-1,925.000,850.000,-1,-1,2,0,2,0,2,0,0,0,0,2,2,2,2,0,0,2,2
24,-7994.987,9406.073,16.414,49.540,0.648171,-0.759969,0.048173,0.761290,0.648164,-0.017891,-0.017627,0.048270,0.998679,0,0.86116,0.86761,51.670,1.735,-1,425.000,-1,400.000,-1,325.000,325.000,300.000,300.000,-1,-1,-1,-1,925.000,850.000,-1,-1,2,0,2,0,2,0,0,0,0,2,2,2,2,0,0,2,2
25,-7962.966,9445.664,15.476,51.035,0.628012,-0.776618,0.049652,0.777970,0.628109,-0.015586,-0.019082,0.048416,0.998645,0,0.84867,0.74761,50.920,1.495,-1,425.000,-1,400.000,-1,325.000,325.000,300.000,300.000,-1,-1,-1,-1,925.000,850.000,-1,-1,2,0,2,0,2,0,0,0,0,2,2,2,2,0,0,2,2
26,-7931.820,9485.948,14.447,52.290,0.610707,-0.790167,0.051705,0.791576,0.610927,-0.013280,-0.021095,0.049039,0.998574,0,0.84867,0.62761,50.920,1.255,-1,425.000,-1,400.000,-1,325.000,325.000,300.000,300.000,-1,-1,-1,-1,900.000,825.000,-1,-1,2,0,2,0,2,0,0,0,0,2,2,2,2,0,0,2,2
27,-7901.393,9526.778,13.397,53.305,0.596448,-0.800836,0.053964,0.802310,0.596807,-0.010969,-0.023422,0.049838,0.998483,0,0.84867,0.50761,50.920,1.015,-1,425.000,-1,400.000,-1,325.000,325.000,300.000,300.000,-1,-1,-1,-1,900.000,800.000,-1,-1,2,0,2,0,2,0,0,0,0,2,2,2,2,0,0,2,2
28,-7871.521,9568.015,12.380,54.081,0.585388,-0.808807,0.056146,0.810340,0.585895,-0.008682,-0.025873,0.050579,0.998385,0,0.84867,0.38761,50.920,0.775,-1,400.000,-1,400.000,-1,325.000,325.000,325.000,300.000,-1,-1,-1,-1,875.000,800.000,-1,-1,2,0,2,0,2,0,0,0,0,2,2,2,2,0,0,2,2
29,-7842.035,9609.530,11.387,54.616,0.577629,-0.814216,0.058276,0.815803,0.578294,-0.006447,-0.028452,0.051266,0.998280,0,0.84867,0.26761,50.920,0.535,-1,400.000,-1,400.000,-1,325.000,325.000,325.000,300.000,-1,-1,-1,-1,875.000,775.000,-1,-1,2,0,2,0,2,0,0,0,0,2,2,2,2,0,0,2,2
30,-7812.763,9651.196,10.038,54.911,0.573349,-0.817220,0.058494,0.818762,0.574116,-0.004406,-0.029981,0.050418,0.998278,0,0.84867,0.14761,50.920,0.295,-1,400.000,-1,400.000,-1,325.000,325.000,325.000,300.000,-1,-1,-1,-1,850.000,775.000,-1,-1,2,0,2,0,2,0,0,0,0,2,2,2,2,0,0,2,2
31,-7783.531,9692.890,8.597,54.966,0.572513,-0.817826,0.058222,0.819297,0.573364,-0.002503,-0.031336,0.049134,0.998301,0,0.84867,0.02761,50.920,0.055,-1,400.000,-1,400.000,-1,325.000,325.000,325.000,300.000,-1,-1,-1,-1,850.000,775.000,-1,-1,2,0,2,0,2,0,0,0,0,2,2,2,2,0,0,2,2
32,-7754.165,9734.489,7.106,54.782,0.575113,-0.816032,0.057766,0.817421,0.576041,-0.000717,-0.032690,0.047631,0.998330,0,0.84867,-0.09239,50.920,-0.185,-1,400.000,-1,400.000,-1,325.000,325.000,300.000,300.000,-1,-1,-1,-1,850.000,775.000,-1,-1,2,0,2,0,2,0,0,0,0,2,2,2,2,0,0,2,2
33,-7724.491,9775.870,5.456,54.357,0.581107,-0.811821,0.057117,0.813092,0.582133,0.001649,-0.034588,0.045483,0.998366,0,0.84867,-0.21239,50.920,-0.425,-1,400.000,-1,400.000,-1,325.000,325.000,300.000,300.000,-1,-1,-1,-1,825.000,775.000,-1,-1,2,0,2,0,2,0,0,0,0,2,2,2,2,0,0,2,2
34,-7694.338,9816.903,3.728,53.692,0.590449,-0.805098,0.056445,0.806238,0.591576,0.004145,-0.036728,0.043061,0.998397,0,0.84867,-0.33239,50.920,-0.665,-1,400.000,-1,400.000,-1,325.000,325.000,300.000,300.000,-1,-1,-1,-1,825.000,775.000,-1,-1,2,0,2,0,2,0,0,0,0,2,2,2,2,0,0,2,2
35,-7663.542,9857.455,1.966,52.787,0.603058,-0.795740,0.055855,0.796747,0.604278,0.006516,-0.038937,0.040573,0.998418,0,0.84867,-0.45239,50.920,-0.905,-1,400.000,-1,400.000,-1,325.000,325.000,300.000,300.000,-1,-1,-1,-1,825.000,775.000,-1,-1,2,0,2,0,2,0,0,0,0,2,2,2,2,0,0,2,2
36,-7631.941,9897.384,0.166,51.642,0.618809,-0.783587,0.055377,0.784460,0.620118,0.008761,-0.041205,0.038020,0.998427,0,0.84867,-0.57239,50.920,-1.145,-1,400.000,-1,400.000,-1,325.000,325.000,300.000,300.000,-1,-1,-1,-1,800.000,775.000,-1,-1,2,0,2,0,2,0,0,0,0,2,2,2,2,0,0,2,2
37,-7599.458,9936.598,-1.859,50.364,0.636122,-0.769611,0.055196,0.770394,0.637489,0.010037,-0.042911,0.036138,0.998425,0,0.84867,-0.63916,50.920,-1.278,-1,400.000,-1,400.000,-1,325.000,325.000,300.000,325.000,-1,-1,-1,-1,800.000,775.000,-1,-1,2,0,2,0,2,0,0,0,0,2,2,2,2,0,0,2,2
38,-7564.932,9976.774,-4.121,49.326,0.649958,-0.757966,0.055149,0.758695,0.651359,0.010672,-0.044011,0.034904,0.998421,0,0.88287,-0.51916,52.972,-1.038,-1,400.000,-1,400.000,-1,325.000,325.000,300.000,325.000,-1,-1,-1,-1,800.000,775.000,-1,-1,2,0,2,0,2,0,0,0,0,2,2,2,2,0,0,2,2
39,-7529.796,10016.416,-6.419,48.449,0.661475,-0.747943,0.055068,0.748614,0.662908,0.011406,-0.045036,0.033679,0.998417,0,0.88287,-0.43834,52.972,-0.877,-1,400.000,-1,400.000,-1,325.000,325.000,300.000,325.000,-1,-1,-1,-1,800.000,775.000,-1,-1,2,0,2,0,2,0,0,0,0,2,2,2,2,0,0,2,2
40,-7494.058,10055.516,-8.774,47.572,0.672839,-0.737741,0.055011,0.738360,0.674300,0.012015,-0.045958,0.032533,0.998413,0,0.88287,-0.43834,52.972,-0.877,-1,400.000,-1,400.000,-1,325.000,325.000,300.000,325.000,-1,-1,-1,-1,800.000,775.000,-1,-1,2,0,2,0,2,0,0,0,0,2,2,2,2,0,0,2,2
41,-7457.725,10094.065,-11.174,46.696,0.684049,-0.727361,0.054983,0.727938,0.685531,0.012418,-0.046725,0.031529,0.998410,0,0.88287,-0.43834,52.972,-0.877,-1,400.000,-1,400.000,-1,325.000,325.000,325.000,325.000,-1,-1,-1,-1,800.000,775.000,-1,-1,2,0,2,0,2,0,0,0,0,2,2,2,2,0,0,2,2
42,-7420.807,10132.054,-13.699,45.819,0.695065,-0.716799,0.055531,0.717355,0.696591,0.012738,-0.047813,0.030981,0.998376,0,0.88287,-0.43834,52.972,-0.877,-1,400.000,-1,400.000,-1,325.000,325.000,325.000,325.000,-1,-1,-1,-1,800.000,775.000,-1,-1,2,0,2,0,2,0,0,0,0,2,2,2,2,0,0,2,2
43,-7383.312,10169.473,-16.245,44.942,0.705915,-0.706067,0.056155,0.706606,0.707488,0.013006,-0.048912,0.030499,0.998337,0,0.88287,-0.43834,52.972,-0.877,-1,400.000,-1,400.000,-1,325.000,325.000,325.000,325.000,-1,-1,-1,-1,800.000,775.000,-1,-1,2,0,2,0,2,0,0,0,0,2,2,2,2,0,0,2,2
44,-7345.249,10206.315,-18.841,44.066,0.716616,-0.695174,0.056512,0.695687,0.718223,0.013263,-0.049808,0.029810,0.998314,0,0.88287,-0.43834,52.972,-0.877,-1,400.000,-1,400.000,-1,325.000,325.000,325.000,325.000,-1,-1,-1,-1,800.000,775.000,-1,-1,2,0,2,0,2,0,0,0,0,2,2,2,2,0,0,2,2
45,-7306.627,10242.569,-21.576,43.189,0.727197,-0.684129,0.056139,0.684590,0.728802,0.013589,-0.050211,0.028550,0.998330,0,0.88287,-0.43834,52.972,-0.877,-1,400.000,-1,400.000,-1,325.000,325.000,325.000,325.000,-1,-1,-1,-1,800.000,775.000,-1,-1,2,0,2,0,2,0,0,0,0,2,2,2,2,0,0,2,2
46,-7267.454,10278.228,-24.354,42.312,0.737591,-0.672918,0.056049,0.673337,0.739205,0.013857,-0.050757,0.027519,0.998332,0,0.88287,-0.43834,52.972,-0.877,-1,400.000,-1,400.000,-1,325.000,325.000,325.000,300.000,-1,-1,-1,-1,800.000,775.000,-1,-1,2,0,2,0,2,0,0,0,0,2,2,2,2,0,0,2,2
47,-7227.741,10313.284,-27.156,41.436,0.747801,-0.661544,0.056152,0.661931,0.749433,0.014070,-0.051390,0.026647,0.998323,0,0.88287,-0.43834,52.972,-0.877,-1,400.000,-1,400.000,-1,325.000,325.000,325.000,300.000,-1,-1,-1,-1,825.000,775.000,-1,-1,2,0,2,0,2,0,0,0,0,2,2,2,2,0,0,2,2
48,-7187.495,10347.728,-29.950,40.559,0.757833,-0.650014,0.056302,0.650371,0.759483,0.014248,-0.052021,0.025820,0.998312,0,0.88287,-0.43834,52.972,-0.877,-1,400.000,-1,400.000,-1,325.000,325.000,325.000,300.000,-1,-1,-1,-1,825.000,775.000,-1,-1,2,0,2,0,2,0,0,0,0,2,2,2,2,0,0,2,2
49,-7150.551,10378.643,-32.480,39.922,0.765004,-0.641544,0.056487,0.641880,0.766670,0.014380,-0.052532,0.025257,0.998300,0,0.80287,-0.31834,48.172,-0.637,-1,400.000,-1,400.000,-1,325.000,325.000,325.000,300.000,-1,-1,-1,-1,825.000,800.000,-1,-1,2,0,2,0,2,0,0,0,0,2,2,2,2,0,0,2,2
50,-7117.096,10406.246,-34.755,39.526,0.769420,-0.636226,0.056651,0.636549,0.771100,0.014489,-0.052902,0.024913,0.998289,0,0.72287,-0.19834,43.372,-0.397,-1,400.000,-1,400.000,-1,325.000,325.000,325.000,300.000,-1,-1,-1,-1,825.000,800.000,-1,-1,2,0,2,0,2,0,0,0,0,2,2,2,2,0,0,2,2
51,-7087.277,10430.712,-36.848,39.369,0.771152,-0.634122,0.056697,0.634419,0.772846,0.014908,-0.053272,0.024474,0.998280,0,0.64287,-0.07834,38.572,-0.157,-1,400.000,-1,400.000,-1,325.000,325.000,300.000,300.000,-1,-1,-1,-1,825.000,800.000,-1,-1,2,0,2,0,2,0,0,0,0,2,2,2,2,0,0,2,2
52,-7061.199,10452.172,-38.680,39.452,0.770219,-0.635249,0.056755,0.635526,0.771927,0.015339,-0.053555,0.024255,0.998270,0,0.56287,0.04166,33.772,0.083,-1,400.000,-1,400.000,-1,325.000,325.000,300.000,300.000,-1,-1,-1,-1,825.000,825.000,-1,-1,2,0,2,0,2,0,0,0,0,2,2,2,2,0,0,2,2
53,-7038.933,10470.708,-40.247,39.776,0.766610,-0.639594,0.056814,0.639861,0.768329,0.015751,-0.053726,0.024278,0.998261,0,0.48287,0.16166,28.972,0.323,-1,400.000,-1,400.000,-1,325.000,325.000,300.000,300.000,-1,-1,-1,-1,825.000,825.000,-1,-1,2,0,2,0,2,0,0,0,0,2,2,2,2,0,0,2,2
54,-7020.508,10486.355,-41.549,40.339,0.760271,-0.647113,0.056863,0.647377,0.761999,0.016131,-0.053769,0.024548,0.998252,0,0.40287,0.28166,24.172,0.563,-1,400.000,-1,400.000,-1,325.000,325.000,300.000,300.000,-1,-1,-1,-1,825.000,825.000,-1,-1,2,0,2,0,2,0,0,0,0,2,2,2,2,0,0,2,2
55,-7005.919,10499.101,-42.585,41.142,0.751107,-0.657724,0.056898,0.657995,0.752842,0.016468,-0.053667,0.025070,0.998244,0,0.32287,0.40166,19.372,0.803,-1,400.000,-1,400.000,-1,325.000,325.000,300.000,300.000,-1,-1,-1,-1,825.000,825.000,-1,-1,2,0,2,0,2,0,0,0,0,2,2,2,2,0,0,2,2
56,-6995.087,10508.849,-43.358,41.982,0.741371,-0.668678,0.056915,0.668961,0.743109,0.016742,-0.053489,0.025662,0.998239,0,0.24287,0.41992,14.572,0.840,-1,400.000,-1,400.000,-1,325.000,325.000,300.000,300.000,-1,-1,-1,-1,825.000,825.000,-1,-1,2,0,2,0,2,0,0,0,0,2,2,2,2,0,0,2,2
57,-6987.919,10515.491,-43.872,42.822,0.731477,-0.679487,0.056919,0.679785,0.733216,0.016941,-0.053245,0.026301,0.998235,0,0.16287,0.41992,9.772,0.840,-1,400.000,-1,400.000,-1,325.000,325.000,300.000,300.000,-1,-1,-1,-1,825.000,825.000,-1,-1,2,0,2,0,2,0,0,0,0,2,2,2,2,0,0,2,2
58,-6984.322,10518.924,-44.132,43.662,0.721426,-0.690148,0.056917,0.690465,0.723165,0.017054,-0.052930,0.026996,0.998233,0,0.08287,0.41992,4.972,0.840,-1,400.000,-1,400.000,-1,325.000,325.000,300.000,300.000,-1,-1,-1,-1,825.000,825.000,-1,-1,2,0,2,0,2,0,0,0,0,2,2,2,2,0,0,2,2
59,-6984.200,10519.045,-44.142,44.502,0.711223,-0.700659,0.056917,0.701001,0.712956,0.017075,-0.052543,0.027755,0.998233,0,0.00287,0.41992,0.172,0.840,-1,400.000,-1,400.000,-1,325.000,325.000,300.000,300.000,-1,-1,-1,-1,825.000,825.000,-1,-1,2,0,2,0,2,0,0,0,0,2,2,2,2,0,0,2,2
60,-6987.453,10515.753,-43.906,45.341,0.700867,-0.711017,0.056925,0.711388,0.702594,0.017000,-0.052082,0.028581,0.998234,0,-0.07713,0.41992,-4.628,0.840,-1,400.000,-1,400.000,-1,325.000,325.000,300.000,300.000,-1,-1,-1,-1,825.000,825.000,-1,-1,2,0,2,0,2,0,0,0,0,2,2,2,2,0,0,2,2
61,-6993.981,10508.951,-43.430,46.181,0.690361,-0.721220,0.056950,0.721626,0.692078,0.016828,-0.051551,0.029479,0.998235,0,-0.15713,0.41992,-9.428,0.840,-1,400.000,-1,400.000,-1,325.000,325.000,300.000,300.000,-1,-1,-1,-1,825.000,825.000,-1,-1,2,0,2,0,2,0,0,0,0,2,2,2,2,0,0,2,2
62,-7003.680,10498.542,-42.716,47.021,0.679707,-0.731265,0.057000,0.731712,0.681413,0.016561,-0.050951,0.030451,0.998237,0,-0.23713,0.41992,-14.228,0.840,-1,400.000,-1,400.000,-1,325.000,325.000,300.000,300.000,-1,-1,-1,-1,825.000,825.000,-1,-1,2,0,2,0,2,0,0,0,0,2,2,2,2,0,0,2,2
63,-7016.447,10484.433,-41.770,47.861,0.668908,-0.741151,0.057081,0.741642,0.670600,0.016203,-0.050287,0.031496,0.998238,0,-0.31713,0.41992,-19.028,0.840,-1,400.000,-1,400.000,-1,325.000,325.000,300.000,300.000,-1,-1,-1,-1,825.000,825.000,-1,-1,2,0,2,0,2,0,0,0,0,2,2,2,2,0,0,2,2
64,-7031.306,10467.519,-40.661,48.701,0.657964,-0.750874,0.057196,0.751415,0.659641,0.015787,-0.049583,0.032591,0.998238,0,-0.37522,0.41992,-22.513,0.840,-1,400.000,-1,400.000,-1,325.000,325.000,300.000,300.000,-1,-1,-1,-1,825.000,825.000,-1,-1,2,0,2,0,2,0,0,0,0,2,2,2,2,0,0,2,2
65,-7045.915,10450.390,-39.562,49.541,0.646879,-0.760434,0.057330,0.761024,0.648541,0.015385,-0.048880,0.033677,0.998237,0,-0.37522,0.41992,-22.513,0.840,-1,400.000,-1,400.000,-1,325.000,325.000,300.000,300.000,-1,-1,-1,-1,825.000,825.000,-1,-1,2,0,2,0,2,0,0,0,0,2,2,2,2,0,0,2,2
66,-7060.272,10433.048,-38.473,50.380,0.635655,-0.769830,0.057484,0.770468,0.637302,0.014998,-0.048180,0.034756,0.998234,0,-0.37522,0.41992,-22.513,0.840,-1,400.000,-1,400.000,-1,325.000,325.000,325.000,300.000,-1,-1,-1,-1,825.000,825.000,-1,-1,2,0,2,0,2,0,0,0,0,2,2,2,2,0,0,2,2
67,-7071.425,10419.287,-37.622,50.980,0.627554,-0.776438,0.057613,0.777112,0.629190,0.014703,-0.047665,0.035545,0.998231,0,-0.29522,0.29992,-17.713,0.600,-1,400.000,-1,400.000,-1,325.000,325.000,325.000,300.000,-1,-1,-1,-1,825.000,800.000,-1,-1,2,0,2,0,2,0,0,0,0,2,2,2,2,0,0,2,2
68,-7079.492,10409.203,-37.004,51.340,0.622662,-0.780360,0.057710,0.781058,0.624290,0.014491,-0.047336,0.036052,0.998228,0,-0.21522,0.17992,-12.913,0.360,-1,400.000,-1,400.000,-1,325.000,325.000,325.000,300.000,-1,-1,-1,-1,825.000,800.000,-1,-1,2,0,2,0,2,0,0,0,0,2,2,2,2,0,0,2,2
69,-7084.547,10402.857,-36.617,51.460,0.621027,-0.781658,0.057767,0.782367,0.622652,0.014356,-0.047190,0.036279,0.998227,0,-0.13522,0.05992,-8.113,0.120,-1,400.000,-1,400.000,-1,325.000,325.000,325.000,300.000,-1,-1,-1,-1,825.000,800.000,-1,-1,2,0,2,0,2,0,0,0,0,2,2,2,2,0,0,2,2
70,-7086.617,10400.270,-36.458,51.340,0.622666,-0.780352,0.057781,0.781061,0.624291,0.014296,-0.047228,0.036229,0.998227,0,-0.05522,-0.06008,-3.313,-0.120,-1,400.000,-1,400.000,-1,325.000,325.000,325.000,300.000,-1,-1,-1,-1,825.000,800.000,-1,-1,2,0,2,0,2,0,0,0,0,2,2,2,2,0,0,2,2
71,-7085.680,10401.425,-36.530,50.980,0.627563,-0.776421,0.057754,0.777119,0.629191,0.014302,-0.047443,0.035906,0.998228,0,0.02478,-0.18008,1.487,-0.360,-1,400.000,-1,400.000,-1,325.000,325.000,325.000,300.000,-1,-1,-1,-1,825.000,800.000,-1,-1,2,0,2,0,2,0,0,0,0,2,2,2,2,0,0,2,2
72,-7081.671,10406.268,-36.834,50.379,0.635668,-0.769804,0.057687,0.770479,0.637303,0.014380,-0.047834,0.035306,0.998231,0,0.10478,-0.30008,6.287,-0.600,-1,400.000,-1,400.000,-1,325.000,325.000,325.000,300.000,-1,-1,-1,-1,825.000,800.000,-1,-1,2,0,2,0,2,0,0,0,0,2,2,2,2,0,0,2,2
73,-7074.476,10414.703,-37.377,49.539,0.646897,-0.760400,0.057588,0.761040,0.648542,0.014529,-0.048396,0.034428,0.998235,0,0.18478,-0.42008,11.087,-0.840,-1,400.000,-1,400.000,-1,325.000,325.000,325.000,300.000,-1,-1,-1,-1,825.000,800.000,-1,-1,2,0,2,0,2,0,0,0,0,2,2,2,2,0,0,2,2
74,-7063.940,10426.594,-38.164,48.459,0.661129,-0.748068,0.057466,0.748662,0.662787,0.014754,-0.049125,0.033269,0.998238,0,0.26478,-0.54008,15.887,-1.080,-1,400.000,-1,400.000,-1,325.000,325.000,325.000,300.000,-1,-1,-1,-1,825.000,800.000,-1,-1,2,0,2,0,2,0,0,0,0,2,2,2,2,0,0,2,2
75,-7049.868,10441.757,-39.202,47.139,0.678204,-0.732634,0.057335,0.733170,0.679878,0.015057,-0.050012,0.031825,0.998241,0,0.34478,-0.66008,20.687,-1.320,-1,400.000,-1,400.000,-1,325.000,325.000,325.000,300.000,-1,-1,-1,-1,825.000,825.000,-1,-1,2,0,2,0,2,0,0,0,0,2,2,2,2,0,0,2,2
76,-7032.054,10459.984,-40.501,45.658,0.696926,-0.714857,0.057214,0.715326,0.698620,0.015445,-0.051012,0.030162,0.998242,0,0.42478,-0.74041,25.487,-1.481,-1,400.000,-1,400.000,-1,325.000,325.000,300.000,300.000,-1,-1,-1,-1,825.000,825.000,-1,-1,2,0,2,0,2,0,0,0,0,2,2,2,2,0,0,2,2
77,-7010.332,10481.090,-42.065,44.177,0.715182,-0.696600,0.057125,0.696997,0.716897,0.015930,-0.052049,0.028423,0.998240,0,0.50478,-0.74041,30.287,-1.481,-1,400.000,-1,400.000,-1,325.000,325.000,300.000,300.000,-1,-1,-1,-1,825.000,825.000,-1,-1,2,0,2,0,2,0,0,0,0,2,2,2,2,0,0,2,2
78,-6984.544,10504.883,-43.899,42.696,0.732958,-0.677875,0.057083,0.678196,0.734696,0.016516,-0.053134,0.026608,0.998233,0,0.58478,-0.74041,35.087,-1.481,-1,400.000,-1,400.000,-1,325.000,325.000,300.000,300.000,-1,-1,-1,-1,825.000,825.000,-1,-1,2,0,2,0,2,0,0,0,0,2,2,2,2,0,0,2,2
79,-6954.540,10531.164,-46.008,41.216,0.750241,-0.658694,0.057105,0.658933,0.752005,0.017209,-0.054278,0.024718,0.998220,0,0.66478,-0.74041,39.887,-1.481,-1,400.000,-1,400.000,-1,325.000,325.000,300.000,300.000,-1,-1,-1,-1,825.000,850.000,-1,-1,2,0,2,0,2,0,0,0,0,2,2,2,2,0,0,2,2
80,-6920.175,10559.729,-48.494,39.735,0.767014,-0.639076,0.057197,0.639198,0.768819,0.018535,-0.055819,0.022343,0.998191,0,0.74478,-0.74041,44.687,-1.481,-1,400.000,-1,400.000,-1,325.000,325.000,300.000,300.000,-1,-1,-1,-1,825.000,850.000,-1,-1,2,0,2,0,2,0,0,0,0,2,2,2,2,0,0,2,2
81,-6881.314,10590.369,-51.417,38.254,0.783273,-0.619021,0.057412,0.619055,0.785110,0.019324,-0.057037,0.020405,0.998164,0,0.82478,-0.74041,49.487,-1.481,-1,400.000,-1,400.000,-1,325.000,325.000,300.000,300.000,-1,-1,-1,-1,825.000,850.000,-1,-1,2,0,2,0,2,0,0,0,0,2,2,2,2,0,0,2,2
82,-6839.930,10621.297,-54.485,36.773,0.799004,-0.598548,0.057727,0.598492,0.800875,0.020175,-0.058308,0.018430,0.998129,0,0.86106,-0.74041,51.664,-1.481,-1,400.000,-1,400.000,-1,325.000,325.000,300.000,325.000,-1,-1,-1,-1,825.000,850.000,-1,-1,2,0,2,0,2,0,0,0,0,2,2,2,2,0,0,2,2
83,-6797.761,10651.145,-57.566,35.292,0.814196,-0.577672,0.058140,0.577522,0.816104,0.021050,-0.059608,0.016439,0.998086,0,0.86106,-0.74041,51.664,-1.481,-1,400.000,-1,400.000,-1,325.000,325.000,300.000,325.000,-1,-1,-1,-1,850.000,875.000,-1,-1,2,0,2,0,2,0,0,0,0,2,2,2,2,0,0,2,2
84,-6754.835,10679.894,-60.664,33.812,0.828838,-0.556406,0.058650,0.556162,0.830785,0.021912,-0.060918,0.014458,0.998038,0,0.86106,-0.74041,51.664,-1.481,-1,400.000,-1,400.000,-1,325.000,325.000,300.000,325.000,-1,-1,-1,-1,850.000,875.000,-1,-1,2,0,2,0,2,0,0,0,0,2,2,2,2,0,0,2,2
85,-6711.181,10707.524,-63.839,32.331,0.842924,-0.534763,0.059228,0.534443,0.844906,0.022467,-0.062056,0.012716,0.997992,0,0.86106,-0.74041,51.664,-1.481,-1,400.000,-1,400.000,-1,325.000,325.000,300.000,325.000,-1,-1,-1,-1,850.000,875.000,-1,-1,2,0,2,0,2,0,0,0,0,2,2,2,2,0,0,2,2
86,-6666.827,10734.017,-67.024,30.850,0.856440,-0.512761,0.059887,0.512363,0.858461,0.023003,-0.063206,0.010984,0.997940,0,0.86106,-0.74041,51.664,-1.481,-1,400.000,-1,400.000,-1,325.000,325.000,300.000,325.000,-1,-1,-1,-1,850.000,875.000,-1,-1,2,0,2,0,2,0,0,0,0,2,2,2,2,0,0,2,2
87,-6621.803,10759.354,-70.345,29.369,0.869363,-0.490413,0.060859,0.489945,0.871439,0.023415,-0.064518,0.009462,0.997872,0,0.86106,-0.74041,51.664,-1.481,-1,400.000,-1,400.000,-1,325.000,325.000,300.000,325.000,-1,-1,-1,-1,850.000,900.000,-1,-1,2,0,2,0,2,0,0,0,0,2,2,2,2,0,0,2,2
88,-6576.139,10783.520,-73.958,27.888,0.881652,-0.467733,0.062572,0.467221,0.883829,0.023486,-0.066288,0.008529,0.997764,0,0.86106,-0.74041,51.664,-1.481,-1,400.000,-1,400.000,-1,325.000,325.000,300.000,300.000,-1,-1,-1,-1,850.000,900.000,-1,-1,2,0,2,0,2,0,0,0,0,2,2,2,2,0,0,2,2
89,-6529.866,10806.497,-77.602,26.408,0.893350,-0.444740,0.064279,0.444184,0.895628,0.023492,-0.068018,0.007566,0.997655,0,0.86106,-0.74041,51.664,-1.481,-1,425.000,-1,400.000,-1,325.000,325.000,300.000,300.000,-1,-1,-1,-1,850.000,875.000,-1,-1,2,0,2,0,2,0,0,0,0,2,2,2,2,0,0,2,2
90,-6483.015,10828.271,-81.274,24.927,0.904449,-0.421450,0.065976,0.420849,0.906828,0.023431,-0.069703,0.006574,0.997546,0,0.86106,-0.74041,51.664,-1.481,-1,425.000,-1,400.000,-1,325.000,325.000,300.000,300.000,-1,-1,-1,-1,850.000,875.000,-1,-1,2,0,2,0,2,0,0,0,0,2,2,2,2,0,0,2,2
91,-6435.617,10848.827,-85.084,23.446,0.914978,-0.397878,0.067141,0.397212,0.917424,0.023575,-0.070977,0.005098,0.997465,0,0.86106,-0.74041,51.664,-1.481,-1,425.000,-1,400.000,-1,325.000,325.000,300.000,300.000,-1,-1,-1,-1,850.000,875.000,-1,-1,2,0,2,0,2,0,0,0,0,2,2,2,2,0,0,2,2
92,-6387.703,10868.152,-89.122,21.965,0.924870,-0.374040,0.068630,0.373232,0.927408,0.024728,-0.072897,0.002745,0.997336,0,0.86106,-0.74041,51.664,-1.481,-1,425.000,-1,400.000,-1,325.000,325.000,300.000,300.000,-1,-1,-1,-1,850.000,875.000,-1,-1,2,0,2,0,2,0,0,0,0,2,2,2,2,0,0,2,2
93,-6339.306,10886.232,-93.233,20.484,0.934129,-0.349951,0.070274,0.348976,0.936768,0.026104,-0.074965,0.000140,0.997186,0,0.86106,-0.74041,51.664,-1.481,-1,400.000,-1,400.000,-1,325.000,325.000,300.000,300.000,-1,-1,-1,-1,825.000,875.000,-1,-1,2,0,2,0,2,0,0,0,0,2,2,2,2,0,0,2,2
94,-6290.458,10903.056,-97.349,19.003,0.942755,-0.325625,0.071979,0.324482,0.945496,0.027369,-0.076968,-0.002446,0.997031,0,0.86106,-0.74041,51.664,-1.481,-1,400.000,-1,400.000,-1,325.000,325.000,300.000,300.000,-1,-1,-1,-1,825.000,875.000,-1,-1,2,0,2,0,2,0,0,0,0,2,2,2,2,0,0,2,2
95,-6245.828,10917.353,-101.081,17.763,0.949484,-0.305072,0.073564,0.303780,0.952318,0.028423,-0.078727,-0.004640,0.996885,0,0.78106,-0.62041,46.864,-1.241,-1,400.000,-1,400.000,-1,325.000,325.000,300.000,300.000,-1,-1,-1,-1,825.000,875.000,-1,-1,2,0,2,0,2,0,0,0,0,2,2,2,2,0,0,2,2
96,-6205.552,10929.484,-104.428,16.762,0.954571,-0.288388,0.075008,0.286968,0.957492,0.029302,-0.080270,-0.006446,0.996752,0,0.70106,-0.50041,42.064,-1.001,-1,400.000,-1,400.000,-1,325.000,325.000,300.000,325.000,-1,-1,-1,-1,800.000,875.000,-1,-1,2,0,2,0,2,0,0,0,0,2,2,2,2,0,0,2,2
97,-6168.377,10940.145,-107.502,16.001,0.958223,-0.275646,0.076342,0.274115,0.961227,0.030063,-0.081669,-0.007880,0.996628,0,0.64455,-0.38041,38.673,-0.761,-1,400.000,-1,400.000,-1,325.000,325.000,300.000,325.000,-1,-1,-1,-1,800.000,875.000,-1,-1,2,0,2,0,2,0,0,0,0,2,2,2,2,0,0,2,2
98,-6131.107,10950.467,-110.570,15.480,0.960591,-0.266895,0.077669,0.265264,0.963684,0.030796,-0.083067,-0.008979,0.996503,0,0.64455,-0.26041,38.673,-0.521,-1,400.000,-1,400.000,-1,325.000,325.000,300.000,325.000,-1,-1,-1,-1,800.000,850.000,-1,-1,2,0,2,0,2,0,0,0,0,2,2,2,2,0,0,2,2
99,-6093.787,10960.607,-113.633,15.199,0.961785,-0.262167,0.078979,0.260448,0.964973,0.031518,-0.084475,-0.009744,0.996378,0,0.64455,-0.14041,38.673,-0.281,-1,400.000,-1,400.000,-1,325.000,325.000,300.000,325.000,-1,-1,-1,-1,800.000,850.000,-1,-1,2,0,2,0,2,0,0,0,0,2,2,2,2,0,0,2,2
100,-6056.460,10970.720,-116.692,15.159,0.961866,-0.261478,0.080264,0.259681,0.965156,0.032247,-0.085899,-0.010175,0.996252,0,0.64455,-0.02041,38.673,-0.041,-1,400.000,-1,400.000,-1,325.000,325.000,300.000,325.000,-1,-1,-1,-1,775.000,850.000,-1,-1,2,0,2,0,2,0,0,0,0,2,2,2,2,0,0,2,2
101,-6019.168,10980.962,-119.781,15.358,0.960832,-0.264832,0.081644,0.262975,0.964241,0.032909,-0.087440,-0.010149,0.996118,0,0.64455,0.09959,38.673,0.199,-1,400.000,-1,400.000,-1,325.000,325.000,300.000,325.000,-1,-1,-1,-1,775.000,850.000,-1,-1,2,0,2,0,2,0,0,0,0,2,2,2,2,0,0,2,2
102,-5981.937,10991.427,-122.938,15.700,0.959112,-0.270594,0.082965,0.268708,0.962645,0.033326,-0.088884,-0.009670,0.995995,0,0.64455,0.17129,38.673,0.343,-1,400.000,-1,400.000,-1,325.000,325.000,300.000,325.000,-1,-1,-1,-1,775.000,850.000,-1,-1,2,0,2,0,2,0,0,0,0,2,2,2,2,0,0,2,2
103,-5940.148,11003.407,-126.790,15.997,0.957583,-0.275573,0.084224,0.273760,0.961245,0.032599,-0.089943,-0.008159,0.995913,0,0.72455,0.14818,43.473,0.296,-1,400.000,-1,400.000,-1,325.000,325.000,300.000,325.000,-1,-1,-1,-1,750.000,825.000,-1,-1,2,0,2,0,2,0,0,0,0,2,2,2,2,0,0,2,2
104,-5893.813,11016.950,-131.185,16.293,0.955976,-0.280546,0.086048,0.278840,0.959821,0.031491,-0.091426,-0.006111,0.995793,0,0.80455,0.14818,48.273,0.296,-1,400.000,-1,400.000,-1,325.000,325.000,300.000,325.000,-1,-1,-1,-1,750.000,825.000,-1,-1,2,0,2,0,2,0,0,0,0,2,2,2,2,0,0,2,2
105,-5847.317,11030.801,-135.598,16.589,0.954343,-0.285510,0.087824,0.283914,0.958367,0.030418,-0.092853,-0.004095,0.995671,0,0.80858,0.14818,48.515,0.296,-1,400.000,-1,400.000,-1,325.000,325.000,300.000,300.000,-1,-1,-1,-1,750.000,800.000,-1,-1,2,0,2,0,2,0,0,0,0,2,2,2,2,0,0,2,2
106,-5800.894,11044.893,-140.245,16.886,0.952775,-0.290464,0.088608,0.288916,0.956881,0.030103,-0.093531,-0.003081,0.995612,0,0.80858,0.14818,48.515,0.296,-1,400.000,-1,400.000,-1,325.000,325.000,300.000,300.000,-1,-1,-1,-1,750.000,800.000,-1,-1,2,0,2,0,2,0,0,0,0,2,2,2,2,0,0,2,2
107,-5754.544,11059.224,-144.937,17.182,0.951173,-0.295410,0.089461,0.293885,0.955368,0.030069,-0.094351,-0.002310,0.995536,0,0.80858,0.14818,48.515,0.296,-1,400.000,-1,400.000,-1,325.000,325.000,300.000,300.000,-1,-1,-1,-1,725.000,800.000,-1,-1,2,0,2,0,2,0,0,0,0,2,2,2,2,0,0,2,2
108,-5708.269,11073.796,-149.612,17.479,0.949549,-0.300348,0.090263,0.298849,0.953828,0.030017,-0.095111,-0.001528,0.995466,0,0.80858,0.14818,48.515,0.296,-1,400.000,-1,400.000,-1,325.000,325.000,300.000,300.000,-1,-1,-1,-1,725.000,775.000,-1,-1,2,0,2,0,2,0,0,0,0,2,2,2,2,0,0,2,2
109,-5662.070,11088.606,-154.270,17.775,0.947904,-0.305278,0.091013,0.303807,0.952263,0.029946,-0.095810,-0.000735,0.995399,0,0.80858,0.14818,48.515,0.296,-1,400.000,-1,400.000,-1,325.000,325.000,300.000,300.000,-1,-1,-1,-1,725.000,775.000,-1,-1,2,0,2,0,2,0,0,0,0,2,2,2,2,0,0,2,2
110,-5615.948,11103.655,-158.911,18.071,0.946237,-0.310200,0.091712,0.308760,0.950671,0.029853,-0.096448,0.000069,0.995338,0,0.80858,0.14818,48.515,0.296,-1,375.000,-1,400.000,-1,325.000,325.000,300.000,300.000,-1,-1,-1,-1,700.000,775.000,-1,-1,2,0,2,0,2,0,0,0,0,2,2,2,2,0,0,2,2
111,-5569.905,11118.943,-163.533,18.368,0.944550,-0.315113,0.092358,0.313708,0.949054,0.029737,-0.097023,0.000885,0.995282,0,0.80858,0.14818,48.515,0.296,-1,375.000,-1,400.000,-1,325.000,325.000,300.000,300.000,-1,-1,-1,-1,700.000,775.000,-1,-1,2,0,2,0,2,0,0,0,0,2,2,2,2,0,0,2,2
112,-5523.941,11134.468,-168.112,18.664,0.942845,-0.320017,0.092909,0.318662,0.947410,0.029478,-0.097456,0.001813,0.995238,0,0.80858,0.14818,48.515,0.296,-1,375.000,-1,400.000,-1,325.000,325.000,300.000,300.000,-1,-1,-1,-1,700.000,750.000,-1,-1,2,0,2,0,2,0,0,0,0,2,2,2,2,0,0,2,2
113,-5478.058,11150.231,-172.669,18.960,0.941121,-0.324913,0.093401,0.323613,0.945740,0.029172,-0.097811,0.002771,0.995201,0,0.80858,0.14818,48.515,0.296,-1,375.000,-1,400.000,-1,325.000,325.000,300.000,300.000,-1,-1,-1,-1,675.000,750.000,-1,-1,2,0,2,0,2,0,0,0,0,2,2,2,2,0,0,2,2
114,-5432.258,11166.232,-177.232,19.257,0.939380,-0.329799,0.093794,0.328570,0.944043,0.028704,-0.098012,0.003854,0.995178,0,0.80858,0.14818,48.515,0.296,-1,375.000,-1,400.000,-1,325.000,325.000,300.000,325.000,-1,-1,-1,-1,675.000,750.000,-1,-1,2,0,2,0,2,0,0,0,0,2,2,2,2,0,0,2,2
115,-5386.540,11182.468,-181.805,19.553,0.937625,-0.334676,0.094084,0.333537,0.942320,0.028053,-0.098046,0.005077,0.995169,0,0.80858,0.14818,48.515,0.296,-1,375.000,-1,400.000,-1,325.000,325.000,300.000,325.000,-1,-1,-1,-1,675.000,750.000,-1,-1,2,0,2,0,2,0,0,0,0,2,2,2,2,0,0,2,2
116,-5340.908,11198.941,-186.417,19.849,0.935859,-0.339543,0.094229,0.338524,0.940568,0.027087,-0.097826,0.006549,0.995182,0,0.80858,0.14818,48.515,0.296,-1,375.000,-1,400.000,-1,300.000,325.000,300.000,325.000,-1,-1,-1,-1,675.000,725.000,-1,-1,2,0,2,0,2,0,0,0,0,2,2,2,2,0,0,2,2
117,-5295.361,11215.650,-191.091,20.146,0.934101,-0.344399,0.094043,0.343544,0.938786,0.025643,-0.097117,0.008355,0.995238,0,0.80858,0.14818,48.515,0.296,-1,375.000,-1,375.000,-1,300.000,325.000,300.000,325.000,-1,-1,-1,-1,675.000,725.000,-1,-1,2,0,2,0,2,0,0,0,0,2,2,2,2,0,0,2,2
118,-5249.902,11232.594,-195.659,20.442,0.932350,-0.349245,0.093546,0.348534,0.936979,0.024375,-0.096164,0.009878,0.995316,0,0.80858,0.14818,48.515,0.296,-1,375.000,-1,375.000,-1,300.000,325.000,300.000,325.000,-1,-1,-1,-1,675.000,725.000,-1,-1,2,0,2,0,2,0,0,0,0,2,2,2,2,0,0,2,2
119,-5204.531,11249.774,-200.188,20.739,0.930578,-0.354082,0.093010,0.353509,0.935145,0.023117,-0.095163,0.011367,0.995397,0,0.80858,0.14818,48.515,0.296,-1,375.000,-1,375.000,-1,300.000,325.000,300.000,325.000,-1,-1,-1,-1,675.000,725.000,-1,-1,2,0,2,0,2,0,0,0,0,2,2,2,2,0,0,2,2
120,-5161.563,11266.091,-204.478,20.795,0.930295,-0.354998,0.092344,0.354526,0.934787,0.022019,-0.094139,0.012255,0.995484,0,0.76603,0.02818,45.962,0.056,-1,375.000,-1,375.000,-1,300.000,325.000,300.000,325.000,-1,-1,-1,-1,675.000,725.000,-1,-1,2,0,2,0,2,0,0,0,0,2,2,2,2,0,0,2,2
121,-5118.543,11282.271,-208.755,20.611,0.931521,-0.351998,0.091466,0.351604,0.935915,0.020916,-0.092967,0.012676,0.995589,0,0.76603,-0.09182,45.962,-0.184,-1,375.000,-1,375.000,-1,300.000,325.000,300.000,325.000,-1,-1,-1,-1,650.000,725.000,-1,-1,2,0,2,0,2,0,0,0,0,2,2,2,2,0,0,2,2
122,-5075.405,11298.132,-212.924,20.188,0.934209,-0.345067,0.090456,0.344767,0.938488,0.019421,-0.091594,0.013043,0.995711,0,0.76603,-0.21182,45.962,-0.424,-1,375.000,-1,375.000,-1,300.000,325.000,300.000,325.000,-1,-1,-1,-1,675.000,725.000,-1,-1,2,0,2,0,2,0,0,0,0,2,2,2,2,0,0,2,2
123,-5032.086,11313.492,-217.069,19.524,0.938258,-0.334174,0.089440,0.333947,0.942421,0.017934,-0.090283,0.013041,0.995831,0,0.76603,-0.33182,45.962,-0.664,-1,375.000,-1,400.000,-1,300.000,325.000,300.000,325.000,-1,-1,-1,-1,675.000,750.000,-1,-1,2,0,2,0,2,0,0,0,0,2,2,2,2,0,0,2,2
124,-4988.530,11328.168,-221.188,18.620,0.943528,-0.319271,0.088439,0.319099,0.947578,0.016451,-0.089055,0.012699,0.995946,0,0.76603,-0.45182,45.962,-0.904,-1,375.000,-1,400.000,-1,300.000,325.000,300.000,325.000,-1,-1,-1,-1,675.000,750.000,-1,-1,2,0,2,0,2,0,0,0,0,2,2,2,2,0,0,2,2
125,-4944.699,11341.998,-225.261,17.513,0.949630,-0.300893,0.087559,0.300770,0.953580,0.014910,-0.087981,0.012177,0.996048,0,0.76603,-0.55390,45.962,-1.108,-1,375.000,-1,400.000,-1,300.000,325.000,300.000,325.000,-1,-1,-1,-1,675.000,750.000,-1,-1,2,0,2,0,2,0,0,0,0,2,2,2,2,0,0,2,2
126,-4900.608,11354.979,-229.315,16.405,0.955372,-0.282403,0.086683,0.282327,0.959225,0.013386,-0.086929,0.011684,0.996146,0,0.76603,-0.55390,45.962,-1.108,-1,375.000,-1,400.000,-1,300.000,325.000,300.000,325.000,-1,-1,925.000,-1,675.000,750.000,-1,-1,2,0,2,0,2,0,0,0,0,2,2,0,2,0,0,2,2
127,-4856.275,11367.104,-233.351,15.297,0.960751,-0.263806,0.085812,0.263777,0.964510,0.011883,-0.085901,0.011218,0.996241,0,0.76603,-0.55390,45.962,-1.108,-1,375.000,-1,400.000,-1,300.000,325.000,300.000,300.000,-1,-1,850.000,-1,675.000,775.000,-1,-1,2,0,2,0,2,0,0,0,0,2,2,0,2,0,0,2,2
128,-4811.715,11378.371,-237.371,14.189,0.965766,-0.245111,0.084947,0.245127,0.969435,0.010401,-0.084900,0.010778,0.996331,0,0.76603,-0.55390,45.962,-1.108,-1,375.000,-1,400.000,-1,300.000,325.000,300.000,300.000,-1,-1,775.000,-1,675.000,775.000,-1,-1,2,0,2,0,2,0,0,0,0,2,2,0,2,0,0,2,2
129,-4766.946,11388.773,-241.375,13.081,0.970416,-0.226323,0.084091,0.226384,0.973997,0.008942,-0.083928,0.010359,0.996418,0,0.76603,-0.55390,45.962,-1.108,-1,375.000,-1,400.000,-1,325.000,325.000,300.000,300.000,-1,-1,700.000,-1,675.000,775.000,-1,-1,2,0,2,0,2,0,0,0,0,2,2,0,2,0,0,2,2
130,-4721.984,11398.308,-245.366,11.974,0.974697,-0.207451,0.083244,0.207555,0.978195,0.007506,-0.082986,0.009961,0.996501,0,0.76603,-0.55390,45.962,-1.108,-1,375.000,-1,400.000,-1,325.000,325.000,300.000,300.000,-1,-1,650.000,-1,700.000,775.000,-1,-1,2,0,2,0,2,0,0,0,0,2,2,0,2,0,0,2,2
131,-4676.846,11406.973,-249.345,10.866,0.978609,-0.188501,0.082408,0.188646,0.982026,0.006096,-0.082075,0.009580,0.996580,0,0.76603,-0.55390,45.962,-1.108,-1,375.000,-1,400.000,-1,325.000,325.000,300.000,300.000,-1,975.000,600.000,-1,700.000,800.000,-1,-1,2,0,2,0,2,0,0,0,0,2,0,0,2,0,0,2,2
132,-4631.549,11414.763,-253.283,9.758,0.982145,-0.169481,0.081652,0.169656,0.985491,0.004836,-0.081287,0.009103,0.996649,0,0.76603,-0.55390,45.962,-1.108,-1,375.000,-1,400.000,-1,325.000,325.000,300.000,300.000,-1,950.000,625.000,-1,700.000,800.000,-1,-1,2,0,2,0,2,0,0,0,0,2,0,0,2,0,0,2,2
133,-4586.110,11421.675,-257.173,8.650,0.985293,-0.150397,0.081107,0.150589,0.988589,0.003775,-0.080750,0.008495,0.996698,0,0.76603,-0.55390,45.962,-1.108,-1,375.000,-1,400.000,-1,325.000,325.000,300.000,300.000,-1,975.000,650.000,-1,700.000,825.000,-1,-1,2,0,2,0,2,0,0,0,0,2,0,0,2,0,0,2,2
134,-4540.546,11427.708,-260.998,7.542,0.988047,-0.131257,0.080838,0.131485,0.991315,0.002519,-0.080467,0.008140,0.996724,0,0.76603,-0.55390,45.962,-1.108,-1,375.000,-1,400.000,-1,325.000,325.000,300.000,300.000,-1,-1,675.000,-1,700.000,825.000,-1,-1,2,0,2,0,2,0,0,0,0,2,2,0,2,0,0,2,2
135,-4494.874,11432.859,-264.772,6.435,0.990408,-0.112067,0.080821,0.112344,0.993669,0.001122,-0.080435,0.007969,0.996728,0,0.76603,-0.55390,45.962,-1.108,-1,375.000,-1,400.000,-1,325.000,325.000,300.000,300.000,-1,-1,725.000,-1,700.000,825.000,-1,-1,2,0,2,0,2,0,0,0,0,2,2,0,2,0,0,2,2
136,-4449.110,11437.126,-268.541,5.327,0.992396,-0.092835,0.080824,0.093161,0.995651,-0.000268,-0.080448,0.007796,0.996728,0,0.76603,-0.55390,45.962,-1.108,-1,375.000,-1,400.000,-1,325.000,325.000,300.000,300.000,-1,-1,800.000,-1,700.000,850.000,-1,-1,2,0,2,0,2,0,0,0,0,2,2,0,2,0,0,2,2
137,-4403.273,11440.507,-272.307,4.219,0.994008,-0.073568,0.080847,0.073943,0.997261,-0.001652,-0.080504,0.007620,0.996725,0,0.76603,-0.55390,45.962,-1.108,-1,375.000,-1,400.000,-1,325.000,325.000,300.000,300.000,-1,-1,875.000,-1,725.000,850.000,-1,-1,2,0,2,0,2,0,0,0,0,2,2,0,2,0,0,2,2
138,-4358.283,11443.141,-275.994,3.351,0.995008,-0.058456,0.080884,0.058891,0.998260,-0.003001,-0.080568,0.007750,0.996719,0,0.75111,-0.43390,45.066,-0.868,-1,375.000,-1,400.000,-1,325.000,325.000,300.000,300.000,-1,-1,975.000,-1,725.000,850.000,-1,-1,2,0,2,0,2,0,0,0,0,2,2,0,2,0,0,2,2
139,-4313.268,11445.283,-279.675,2.723,0.995587,-0.047514,0.080931,0.048023,0.998837,-0.004343,-0.080631,0.008210,0.996710,0,0.75111,-0.31390,45.066,-0.628,-1,375.000,-1,400.000,-1,325.000,325.000,300.000,300.000,-1,-1,-1,-1,725.000,850.000,-1,-1,2,0,2,0,2,0,0,0,0,2,2,2,2,0,0,2,2
140,-4268.238,11447.119,-283.348,2.336,0.995882,-0.040753,0.080984,0.041347,0.999129,-0.005676,-0.080682,0.009001,0.996699,0,0.75111,-0.19390,45.066,-0.388,-1,375.000,-1,400.000,-1,325.000,325.000,300.000,300.000,-1,-1,-1,-1,725.000,875.000,-1,-1,2,0,2,0,2,0,0,0,0,2,2,2,2,0,0,2,2
