timestep,x_cm,y_cm,z_cm,yaw_deg,basis_xx,basis_xy,basis_xz,basis_yx,basis_yy,basis_yz,basis_zx,basis_zy,basis_zz,teleport_flag,throttle_cmd,steering_cmd,cmd_move_cm,cmd_turn_deg,lidar_cm_0,lidar_cm_1,lidar_cm_2,lidar_cm_3,lidar_cm_4,lidar_cm_5,lidar_cm_6,lidar_cm_7,lidar_cm_8,lidar_cm_9,lidar_cm_10,lidar_cm_11,lidar_cm_12,lidar_cm_13,lidar_cm_14,lidar_cm_15,lidar_cm_16,lidar_class_0,lidar_class_1,lidar_class_2,lidar_class_3,lidar_class_4,lidar_class_5,lidar_class_6,lidar_class_7,lidar_class_8,lidar_class_9,lidar_class_10,lidar_class_11,lidar_class_12,lidar_class_13,lidar_class_14,lidar_class_15,lidar_class_16
0,-6883.234,5572.853,376.028,-32.404,0.844387,0.535720,0.003951,-0.535347,0.844033,-0.031809,-0.020376,0.024744,0.999486,1,0.08000,-0.12000,4.800,-0.240,-1,400.000,-1,400.000,-1,325.000,325.000,325.000,300.000,-1,-1,-1,-1,850.000,825.000,-1,-1,2,0,2,0,2,0,0,0,0,2,2,2,2,0,0,2,2
1,-6875.172,5567.641,375.877,-32.884,0.839871,0.542772,0.003795,-0.542398,0.839516,-0.031893,-0.020497,0.024728,0.999484,0,0.16000,-0.24000,9.600,-0.480,-1,400.000,-1,400.000,-1,325.000,325.000,325.000,300.000,-1,-1,-1,-1,850.000,825.000,-1,-1,2,0,2,0,2,0,0,0,0,2,2,2,2,0,0,2,2
2,-6863.178,5559.671,375.651,-33.604,0.832989,0.553279,0.003535,-0.552904,0.832629,-0.032026,-0.020663,0.024723,0.999481,0,0.24000,-0.36000,14.400,-0.720,-1,400.000,-1,400.000,-1,325.000,325.000,325.000,300.000,-1,-1,-1,-1,850.000,825.000,-1,-1,2,0,2,0,2,0,0,0,0,2,2,2,2,0,0,2,2
3,-6847.367,5548.779,375.351,-34.564,0.823608,0.567151,0.003142,-0.566776,0.823242,-0.032216,-0.020858,0.024752,0.999476,0,0.32000,-0.48000,19.200,-0.960,-1,400.000,-1,400.000,-1,325.000,325.000,325.000,300.000,-1,-1,-1,-1,850.000,850.000,-1,-1,2,0,2,0,2,0,0,0,0,2,2,2,2,0,0,2,2
4,-6827.893,5534.752,374.899,-35.764,0.811553,0.584271,0.002990,-0.583889,0.811189,-0.032354,-0.021329,0.024511,0.999472,0,0.40000,-0.60000,24.000,-1.200,-1,400.000,-1,400.000,-1,325.000,325.000,325.000,300.000,-1,-1,-1,-1,850.000,850.000,-1,-1,2,0,2,0,2,0,0,0,0,2,2,2,2,0,0,2,2
5,-6804.954,5517.338,374.253,-37.204,0.796613,0.604481,0.003258,-0.604082,0.796262,-0.032421,-0.022192,0.023859,0.999469,0,0.48000,-0.72000,28.800,-1.440,-1,400.000,-1,400.000,-1,325.000,325.000,325.000,300.000,-1,-1,-1,-1,850.000,850.000,-1,-1,2,0,2,0,2,0,0,0,0,2,2,2,2,0,0,2,2
6,-6778.799,5496.245,373.357,-38.884,0.778541,0.627584,0.003538,-0.627181,0.778221,-0.031879,-0.022760,0.022600,0.999485,0,0.56000,-0.84000,33.600,-1.680,-1,400.000,-1,400.000,-1,325.000,325.000,325.000,300.000,-1,-1,-1,-1,850.000,875.000,-1,-1,2,0,2,0,2,0,0,0,0,2,2,2,2,0,0,2,2
7,-6749.732,5471.152,372.285,-40.804,0.757066,0.653327,0.003861,-0.652923,0.756783,-0.031160,-0.023279,0.021069,0.999507,0,0.64000,-0.96000,38.400,-1.920,-1,400.000,-1,400.000,-1,325.000,325.000,325.000,300.000,-1,-1,-1,-1,825.000,900.000,-1,-1,2,0,2,0,2,0,0,0,0,2,2,2,2,0,0,2,2
8,-6718.038,5441.797,371.092,-42.804,0.733793,0.679361,0.004205,-0.678954,0.733543,-0.030582,-0.023861,0.019585,0.999523,0,0.72000,-1.00000,43.200,-2.000,-1,400.000,-1,400.000,-1,325.000,325.000,325.000,300.000,-1,-1,-1,-1,825.000,900.000,-1,-1,2,0,2,0,2,0,0,0,0,2,2,2,2,0,0,2,2
9,-6683.981,5407.972,369.786,-44.804,0.709625,0.704565,0.004531,-0.704153,0.709405,-0.030216,-0.024504,0.018251,0.999533,0,0.80000,-1.00000,48.000,-2.000,-1,400.000,-1,400.000,-1,325.000,325.000,325.000,300.000,-1,-1,-1,-1,825.000,925.000,-1,-1,2,0,2,0,2,0,0,0,0,2,2,2,2,0,0,2,2
10,-6647.839,5369.480,368.354,-46.804,0.684593,0.728909,0.004912,-0.728486,0.684399,-0.030111,-0.025310,0.017036,0.999534,0,0.88000,-1.00000,52.800,-2.000,-1,400.000,-1,425.000,-1,325.000,325.000,325.000,300.000,-1,-1,-1,-1,850.000,950.000,-1,-1,2,0,2,0,2,0,0,0,0,2,2,2,2,0,0,2,2
11,-6611.663,5328.150,366.657,-48.804,0.658705,0.752374,0.006426,-0.751916,0.658564,-0.030262,-0.027000,0.015102,0.999521,0,0.91544,-1.00000,54.927,-2.000,-1,400.000,-1,425.000,-1,325.000,325.000,325.000,300.000,-1,-1,-1,-1,875.000,975.000,-1,-1,2,0,2,0,2,0,0,0,0,2,2,2,2,0,0,2,2
12,-6576.950,5285.582,364.751,-50.804,0.632037,0.774904,0.007290,-0.774377,0.631909,-0.032120,-0.029496,0.014656,0.999457,0,0.91544,-1.00000,54.927,-2.000,-1,400.000,-1,425.000,-1,325.000,325.000,325.000,300.000,-1,-1,-1,-1,900.000,975.000,-1,-1,2,0,2,0,2,0,0,0,0,2,2,2,2,0,0,2,2
13,-6543.744,5241.829,362.873,-52.804,0.604612,0.796483,0.007617,-0.795873,0.604479,-0.034517,-0.032097,0.014807,0.999375,0,0.91544,-1.00000,54.927,-2.000,-1,400.000,-1,425.000,-1,325.000,325.000,325.000,300.000,-1,-1,-1,-1,900.000,1000.000,-1,-1,2,0,2,0,2,0,0,0,0,2,2,2,2,0,0,2,2
14,-6512.086,5196.943,361.045,-54.804,0.576468,0.817086,0.007395,-0.816380,0.576308,-0.037310,-0.034747,0.015471,0.999276,0,0.91544,-1.00000,54.927,-2.000,-1,400.000,-1,425.000,-1,325.000,325.000,325.000,300.000,-1,-1,-1,-1,925.000,1000.000,-1,-1,2,0,2,0,2,0,0,0,0,2,2,2,2,0,0,2,2
15,-6482.013,5150.980,359.166,-56.804,0.547643,0.836687,0.006507,-0.835888,0.547432,-0.040119,-0.037129,0.016531,0.999174,0,0.91544,-1.00000,54.927,-2.000,-1,425.000,-1,425.000,-1,325.000,325.000,325.000,300.000,-1,-1,-1,-1,950.000,1000.000,-1,-1,2,0,2,0,2,0,0,0,0,2,2,2,2,0,0,2,2
16,-6453.563,5103.996,357.028,-58.804,0.518140,0.855278,0.005567,-0.854426,0.517896,-0.041722,-0.038567,0.016861,0.999114,0,0.91544,-1.00000,54.927,-2.000,-1,425.000,-1,425.000,-1,350.000,350.000,325.000,300.000,-1,-1,-1,-1,950.000,1000.000,-1,-1,2,0,2,0,2,0,0,0,0,2,2,2,2,0,0,2,2
17,-6428.928,5060.340,354.971,-60.564,0.491648,0.870780,0.005046,-0.869866,0.491383,-0.043309,-0.040192,0.016904,0.999049,0,0.83544,-0.88000,50.127,-1.760,-1,425.000,-1,425.000,-1,350.000,350.000,325.000,300.000,-1,-1,-1,-1,975.000,1000.000,-1,-1,2,0,2,0,2,0,0,0,0,2,2,2,2,0,0,2,2
18,-6405.578,5016.269,352.359,-62.084,0.468307,0.883536,0.007265,-0.882489,0.468127,-0.045504,-0.043606,0.014899,0.998938,0,0.83123,-0.76000,49.874,-1.520,-1,425.000,-1,425.000,-1,350.000,350.000,325.000,300.000,-1,-1,-1,-1,975.000,1000.000,-1,-1,2,0,2,0,2,0,0,0,0,2,2,2,2,0,0,2,2
19,-6383.219,4971.688,349.737,-63.364,0.448380,0.893794,0.009339,-0.892607,0.448284,-0.047903,-0.047002,0.013143,0.998808,0,0.83123,-0.64000,49.874,-1.280,-1,425.000,-1,425.000,-1,350.000,350.000,325.000,300.000,-1,-1,-1,-1,975.000,975.000,-1,-1,2,0,2,0,2,0,0,0,0,2,2,2,2,0,0,2,2
20,-6361.672,4926.708,347.106,-64.404,0.432005,0.901801,0.011289,-0.900462,0.431996,-0.050474,-0.050394,0.011640,0.998662,0,0.83123,-0.52000,49.874,-1.040,-1,425.000,-1,425.000,-1,350.000,325.000,325.000,300.000,-1,-1,-1,-1,950.000,975.000,-1,-1,2,0,2,0,2,0,0,0,0,2,2,2,2,0,0,2,2
21,-6340.755,4881.432,344.453,-65.204,0.419289,0.907757,0.013166,-0.906260,0.419368,-0.053135,-0.053755,0.010347,0.998501,0,0.83123,-0.40000,49.874,-0.800,-1,425.000,-1,425.000,-1,325.000,325.000,300.000,300.000,-1,-1,-1,-1,950.000,950.000,-1,-1,2,0,2,0,2,0,0,0,0,2,2,2,2,0,0,2,2
22,-6320.282,4835.954,341.616,-65.764,0.410285,0.911828,0.015385,-0.910201,0.410483,-0.055120,-0.056575,0.008611,0.998361,0,0.83123,-0.28000,49.874,-0.560,-1,425.000,-1,425.000,-1,325.000,325.000,300.000,300.000,-1,-1,-1,-1,925.000,950.000,-1,-1,2,0,2,0,2,0,0,0,0,2,2,2,2,0,0,2,2
23,-6300.063,4790.362,338.797,-66.084,0.405075,0.914116,0.017502,-0.912344,0.405388,-0.057351,-0.059520,0.007264,0.998201,0,0.83123,-0.16000,49.874,-0.320,-1,425.000,-1,425.000,-1,325.000,325.000,300.000,300.000,-1,-1,-1,-1,925.000,950.000,-1,-1,2,0,2,0,2,0,0,0,0,2,2,2,2,0,0,2,2
24,-6279.908,4744.741,335.991,-66.164,0.403690,0.914687,0.019546,-0.912752,0.404114,-0.059790,-0.062588,0.006295,0.998020,0,0.83123,-0.04000,49.874,-0.080,-1,425.000,-1,425.000,-1,325.000,325.000,300.000,300.000,-1,-1,-1,-1,925.000,925.000,-1,-1,2,0,2,0,2,0,0,0,0,2,2,2,2,0,0,2,2
25,-6259.625,4699.177,333.016,-66.004,0.406187,0.913555,0.020752,-0.911457,0.406667,-0.062196,-0.065259,0.006349,0.997848,0,0.83123,0.08000,49.874,0.160,-1,425.000,-1,425.000,-1,325.000,350.000,300.000,300.000,-1,-1,-1,-1,900.000,925.000,-1,-1,2,0,2,0,2,0,0,0,0,2,2,2,2,0,0,2,2
26,-6239.144,4653.702,329.857,-65.754,0.410154,0.911770,0.021206,-0.909495,0.410638,-0.064775,-0.067768,0.007281,0.997675,0,0.83123,0.12472,49.874,0.249,-1,425.000,-1,425.000,-1,350.000,350.000,300.000,300.000,-1,-1,-1,-1,900.000,925.000,-1,-1,2,0,2,0,2,0,0,0,0,2,2,2,2,0,0,2,2
27,-6218.466,4608.317,326.429,-65.505,0.414167,0.909958,0.021028,-0.907423,0.414596,-0.068510,-0.071060,0.009293,0.997429,0,0.83123,0.12472,49.874,0.249,-1,425.000,-1,425.000,-1,325.000,350.000,300.000,300.000,-1,-1,-1,-1,875.000,900.000,-1,-1,2,0,2,0,2,0,0,0,0,2,2,2,2,0,0,2,2
28,-6197.590,4563.021,322.979,-65.256,0.418186,0.908124,0.020762,-0.905309,0.418544,-0.072363,-0.074404,0.011465,0.997162,0,0.83123,0.12472,49.874,0.249,-1,425.000,-1,425.000,-1,325.000,325.000,300.000,300.000,-1,-1,-1,-1,875.000,875.000,-1,-1,2,0,2,0,2,0,0,0,0,2,2,2,2,0,0,2,2
29,-6176.517,4517.817,319.507,-65.006,0.422214,0.906266,0.020406,-0.903151,0.422482,-0.076335,-0.077801,0.013800,0.996873,0,0.83123,0.12472,49.874,0.249,-1,425.000,-1,425.000,-1,325.000,325.000,300.000,300.000,-1,-1,-1,-1,850.000,850.000,-1,-1,2,0,2,0,2,0,0,0,0,2,2,2,2,0,0,2,2
30,-6155.248,4472.706,315.494,-64.757,0.426132,0.904414,0.021147,-0.901153,0.426421,-0.078033,-0.079592,0.014196,0.996726,0,0.83123,0.12472,49.874,0.249,-1,425.000,-1,425.000,-1,325.000,325.000,300.000,300.000,-1,-1,-1,-1,850.000,850.000,-1,-1,2,0,2,0,2,0,0,0,0,2,2,2,2,0,0,2,2
31,-6133.782,4427.687,311.350,-64.507,0.430018,0.902547,0.022206,-0.899137,0.430353,-0.079683,-0.081474,0.014298,0.996573,0,0.83123,0.12472,49.874,0.249,-1,425.000,-1,425.000,-1,325.000,325.000,300.000,300.000,-1,-1,-1,-1,825.000,825.000,-1,-1,2,0,2,0,2,0,0,0,0,2,2,2,2,0,0,2,2
32,-6112.120,4382.763,307.037,-64.258,0.433843,0.900671,0.023938,-0.897086,0.434281,-0.081461,-0.083766,0.013867,0.996389,0,0.83123,0.12472,49.874,0.249,-1,425.000,-1,400.000,-1,325.000,325.000,300.000,300.000,-1,-1,-1,-1,825.000,825.000,-1,-1,2,0,2,0,2,0,0,0,0,2,2,2,2,0,0,2,2
33,-6090.263,4337.933,302.698,-64.008,0.437659,0.898776,0.025614,-0.895019,0.438201,-0.083193,-0.085996,0.013486,0.996204,0,0.83123,0.12472,49.874,0.249,-1,400.000,-1,400.000,-1,325.000,325.000,300.000,300.000,-1,-1,-1,-1,800.000,800.000,-1,-1,2,0,2,0,2,0,0,0,0,2,2,2,2,0,0,2,2
34,-6068.211,4293.198,298.333,-63.759,0.441468,0.896864,0.027231,-0.892935,0.442111,-0.084880,-0.088164,0.013156,0.996019,0,0.83123,0.12472,49.874,0.249,-1,400.000,-1,400.000,-1,325.000,325.000,300.000,300.000,-1,-1,-1,-1,775.000,775.000,-1,-1,2,0,2,0,2,0,0,0,0,2,2,2,2,0,0,2,2
35,-6045.965,4248.560,293.942,-63.509,0.445269,0.894934,0.028788,-0.890835,0.446013,-0.086521,-0.090270,0.012879,0.995834,0,0.83123,0.12472,49.874,0.249,-1,400.000,-1,400.000,-1,325.000,325.000,300.000,300.000,-1,-1,-1,-1,750.000,775.000,-1,-1,2,0,2,0,2,0,0,0,0,2,2,2,2,0,0,2,2
36,-6023.524,4204.020,289.525,-63.260,0.449064,0.892986,0.030285,-0.888718,0.449906,-0.088116,-0.092312,0.012655,0.995650,0,0.83123,0.12472,49.874,0.249,-1,400.000,-1,400.000,-1,325.000,325.000,300.000,300.000,-1,-1,-1,-1,725.000,750.000,-1,-1,2,0,2,0,2,0,0,0,0,2,2,2,2,0,0,2,2
37,-6000.890,4159.577,285.081,-63.011,0.452853,0.891021,0.031720,-0.886585,0.453791,-0.089668,-0.094290,0.012484,0.995466,0,0.83123,0.12472,49.874,0.249,-1,400.000,-1,400.000,-1,325.000,325.000,300.000,300.000,-1,-1,-1,-1,700.000,750.000,-1,-1,2,0,2,0,2,0,0,0,0,2,2,2,2,0,0,2,2
38,-5978.063,4115.234,280.610,-62.761,0.456636,0.889038,0.033092,-0.884437,0.457666,-0.091176,-0.096204,0.012367,0.995285,0,0.83123,0.12472,49.874,0.249,-1,400.000,-1,400.000,-1,325.000,325.000,300.000,300.000,-1,-1,-1,-1,675.000,725.000,-1,-1,2,0,2,0,2,0,0,0,0,2,2,2,2,0,0,2,2
39,-5955.042,4070.990,275.993,-62.512,0.460480,0.887031,0.033673,-0.882289,0.461529,-0.092501,-0.097593,0.012885,0.995143,0,0.83123,0.12472,49.874,0.249,-1,400.000,-1,375.000,-1,325.000,325.000,300.000,300.000,-1,-1,-1,-1,675.000,700.000,-1,-1,2,0,2,0,2,0,0,0,0,2,2,2,2,0,0,2,2
40,-5931.830,4026.847,271.236,-62.262,0.464400,0.884998,0.033320,-0.880146,0.465379,-0.093628,-0.098367,0.014154,0.995050,0,0.83123,0.12472,49.874,0.249,-1,375.000,-1,375.000,-1,325.000,325.000,300.000,300.000,-1,-1,-1,-1,650.000,700.000,-1,-1,2,0,2,0,2,0,0,0,0,2,2,2,2,0,0,2,2
41,-5908.425,3982.806,266.549,-62.013,0.468307,0.882950,0.032986,-0.878023,0.469220,-0.094385,-0.098815,0.015238,0.994989,0,0.83123,0.12472,49.874,0.249,-1,375.000,-1,375.000,-1,325.000,300.000,300.000,300.000,-1,-1,-1,-1,650.000,675.000,-1,-1,2,0,2,0,2,0,0,0,0,2,2,2,2,0,0,2,2
42,-5884.829,3938.867,261.938,-61.763,0.472198,0.880887,0.032678,-0.875925,0.473053,-0.094747,-0.098919,0.016116,0.994965,0,0.83123,0.12472,49.874,0.249,-1,375.000,-1,375.000,-1,300.000,300.000,300.000,300.000,-1,-1,-1,-1,625.000,675.000,1000.000,-1,2,0,2,0,2,0,0,0,0,2,2,2,2,0,0,0,2
43,-5861.042,3895.031,257.361,-61.514,0.476083,0.878807,0.032309,-0.873833,0.476877,-0.094893,-0.098800,0.016945,0.994963,0,0.83123,0.12472,49.874,0.249,-1,375.000,-1,375.000,-1,300.000,300.000,300.000,300.000,-1,-1,-1,-1,625.000,675.000,950.000,-1,2,0,2,0,2,0,0,0,0,2,2,2,2,0,0,0,2
44,-5837.064,3851.299,252.816,-61.264,0.479956,0.876711,0.031923,-0.871751,0.480692,-0.094787,-0.098446,0.017665,0.994986,0,0.83123,0.12472,49.874,0.249,975.000,350.000,-1,375.000,-1,300.000,300.000,300.000,300.000,-1,-1,-1,-1,600.000,650.000,900.000,-1,0,0,2,0,2,0,0,0,0,2,2,2,2,0,0,0,2
45,-5811.115,3803.990,247.729,-61.255,0.480083,0.876642,0.031934,-0.871811,0.480842,-0.093470,-0.097295,0.017033,0.995110,0,0.89932,0.00472,53.959,0.009,925.000,350.000,-1,375.000,-1,300.000,300.000,300.000,300.000,-1,-1,-1,-1,600.000,650.000,875.000,-1,0,0,2,0,2,0,0,0,0,2,2,2,2,0,0,0,2
46,-5785.276,3756.430,242.751,-61.486,0.476553,0.878581,0.031505,-0.873913,0.477317,-0.091893,-0.095773,0.016259,0.995270,0,0.90211,-0.11528,54.127,-0.231,900.000,350.000,-1,375.000,-1,300.000,300.000,300.000,325.000,-1,-1,-1,-1,575.000,650.000,825.000,-1,0,0,2,0,2,0,0,0,0,2,2,2,2,0,0,0,2
47,-5759.659,3708.339,238.257,-61.956,0.469518,0.882460,0.028579,-0.878056,0.470079,-0.089680,-0.092573,0.017012,0.995561,0,0.90815,-0.23528,54.489,-0.471,875.000,350.000,-1,375.000,-1,300.000,300.000,300.000,325.000,-1,-1,-1,-1,575.000,650.000,825.000,-1,0,0,2,0,2,0,0,0,0,2,2,2,2,0,0,0,2
48,-5734.472,3659.611,233.798,-62.667,0.458723,0.888215,0.025456,-0.884098,0.459096,-0.087194,-0.089133,0.017492,0.995866,0,0.91422,-0.35528,54.853,-0.711,875.000,350.000,-1,375.000,-1,300.000,300.000,325.000,325.000,-1,-1,-1,-1,575.000,650.000,825.000,-1,0,0,2,0,2,0,0,0,0,2,2,2,2,0,0,0,2
49,-5709.934,3610.141,229.363,-63.617,0.444095,0.895705,0.022170,-0.891895,0.444296,-0.084410,-0.085457,0.017713,0.996184,0,0.92037,-0.47528,55.222,-0.951,875.000,350.000,-1,375.000,-1,300.000,300.000,325.000,325.000,-1,-1,-1,-1,575.000,675.000,825.000,-1,0,0,2,0,2,0,0,0,0,2,2,2,2,0,0,0,2
50,-5686.269,3559.832,224.939,-64.808,0.425543,0.904744,0.018769,-0.901256,0.425589,-0.081307,-0.081550,0.017684,0.996512,0,0.92663,-0.59528,55.598,-1.191,850.000,350.000,-1,375.000,-1,300.000,300.000,325.000,325.000,-1,-1,500.000,-1,575.000,675.000,825.000,-1,0,0,2,0,2,0,0,0,0,2,2,0,2,0,0,0,2
51,-5663.712,3508.596,220.568,-66.238,0.402969,0.915088,0.015186,-0.911918,0.402870,-0.078113,-0.077598,0.017629,0.996829,0,0.93304,-0.71528,55.983,-1.431,875.000,350.000,-1,375.000,-1,300.000,300.000,325.000,325.000,-1,450.000,400.000,-1,600.000,675.000,850.000,1000.000,0,0,2,0,2,0,0,0,0,2,0,0,2,0,0,0,1
52,-5642.407,3456.398,216.213,-67.797,0.378066,0.925707,0.011540,-0.922855,0.377833,-0.074713,-0.073523,0.017597,0.997138,0,0.93965,-0.77925,56.379,-1.558,875.000,350.000,-1,375.000,-1,300.000,300.000,325.000,325.000,-1,375.000,350.000,-1,600.000,700.000,875.000,975.000,0,0,2,0,2,0,0,0,0,2,0,0,2,0,0,0,1
53,-5622.389,3403.257,211.864,-69.359,0.352816,0.935660,0.007893,-0.933123,0.352459,-0.071099,-0.069306,0.017719,0.997438,0,0.94645,-0.78098,56.787,-1.562,900.000,350.000,-1,375.000,-1,300.000,300.000,325.000,325.000,-1,350.000,300.000,-1,600.000,725.000,925.000,925.000,0,0,2,0,2,0,0,0,0,2,0,0,2,0,0,0,1
54,-5603.694,3349.195,207.641,-70.924,0.327209,0.944940,0.004833,-0.942690,0.326775,-0.067479,-0.065343,0.017523,0.997709,0,0.95340,-0.78249,57.204,-1.565,925.000,350.000,-1,400.000,-1,300.000,300.000,325.000,325.000,-1,325.000,275.000,-1,600.000,750.000,950.000,900.000,0,0,2,0,2,0,0,0,0,2,0,0,2,0,1,0,1
55,-5586.356,3294.235,203.530,-72.491,0.301279,0.953533,0.002258,-0.951561,0.300806,-0.063623,-0.061346,0.017020,0.997971,0,0.96051,-0.78377,57.631,-1.568,950.000,350.000,975.000,400.000,-1,300.000,325.000,325.000,325.000,-1,325.000,250.000,-1,625.000,700.000,975.000,875.000,0,0,1,0,2,0,0,0,0,2,0,0,2,0,1,0,1
56,-5570.410,3238.401,199.460,-74.061,0.275068,0.961425,-0.000028,-0.959711,0.274577,-0.059680,-0.057370,0.016443,0.998218,0,0.96778,-0.78482,58.067,-1.570,975.000,350.000,925.000,400.000,-1,300.000,325.000,325.000,325.000,-1,300.000,250.000,-1,625.000,675.000,925.000,850.000,0,0,1,0,2,0,0,0,0,2,0,0,2,0,1,1,1
57,-5555.891,3181.721,195.938,-75.632,0.248728,0.968567,-0.003655,-0.966993,0.248104,-0.058049,-0.055318,0.017972,0.998307,0,0.97518,-0.78563,58.511,-1.571,1000.000,350.000,875.000,400.000,-1,300.000,325.000,300.000,325.000,-1,350.000,275.000,-1,625.000,650.000,875.000,800.000,1,0,1,0,2,0,0,0,0,2,0,0,2,0,1,1,1
58,-5542.832,3124.221,192.541,-77.205,0.222197,0.974974,-0.007403,-0.973497,0.221426,-0.057226,-0.054155,0.019922,0.998334,0,0.98274,-0.78618,58.964,-1.572,925.000,375.000,825.000,400.000,-1,300.000,325.000,300.000,325.000,-1,400.000,325.000,-1,625.000,600.000,800.000,750.000,1,0,1,0,2,0,0,0,0,2,0,0,2,0,1,1,1
59,-5531.266,3065.932,189.179,-78.778,0.195490,0.980642,-0.011143,-0.979259,0.194572,-0.056509,-0.053247,0.021958,0.998340,0,0.99043,-0.78645,59.426,-1.573,850.000,375.000,775.000,400.000,-1,300.000,325.000,300.000,325.000,-1,450.000,350.000,-1,600.000,575.000,700.000,700.000,1,0,1,0,2,0,0,0,0,2,0,0,2,1,1,1,1
60,-5521.226,3006.885,185.840,-80.350,0.168638,0.985566,-0.014876,-0.984274,0.167573,-0.055896,-0.052597,0.024068,0.998326,0,0.99825,-0.78645,59.895,-1.573,750.000,375.000,700.000,400.000,-1,300.000,325.000,300.000,300.000,-1,525.000,400.000,-1,550.000,525.000,650.000,675.000,1,0,1,0,2,0,0,0,0,2,0,0,2,1,1,1,1
61,-5512.796,2947.480,182.530,-81.923,0.141673,0.989739,-0.018580,-0.988536,0.140461,-0.055390,-0.052212,0.026215,0.998292,0,1.00000,-0.78614,60.000,-1.572,650.000,375.000,650.000,375.000,-1,300.000,325.000,300.000,300.000,-1,575.000,475.000,-1,500.000,500.000,575.000,625.000,1,0,1,1,2,0,0,0,0,2,0,0,2,1,1,1,1
62,-5505.996,2887.866,179.243,-83.494,0.114628,0.993159,-0.022251,-0.992042,0.113267,-0.054988,-0.052091,0.028377,0.998239,0,1.00000,-0.78550,60.000,-1.571,550.000,350.000,600.000,350.000,-1,325.000,325.000,300.000,300.000,-1,650.000,525.000,-1,450.000,450.000,500.000,575.000,1,1,1,1,2,1,1,0,0,2,0,0,2,1,1,1,1
63,-5500.832,2828.089,175.964,-85.063,0.087538,0.995825,-0.025888,-0.994791,0.086025,-0.054685,-0.052230,0.030541,0.998168,0,1.00000,-0.78450,60.000,-1.569,475.000,325.000,525.000,325.000,-1,275.000,275.000,300.000,300.000,-1,725.000,600.000,-1,400.000,425.000,425.000,525.000,1,1,1,1,2,1,1,0,0,2,0,0,2,1,1,1,1
64,-5497.304,2768.193,172.679,-86.629,0.060438,0.997736,-0.029492,-0.996784,0.058770,-0.054477,-0.052621,0.032690,0.998079,0,1.00000,-0.78313,60.000,-1.566,400.000,275.000,475.000,300.000,-1,250.000,250.000,300.000,300.000,-1,800.000,650.000,-1,350.000,375.000,350.000,475.000,1,1,1,1,2,1,1,0,0,2,0,0,2,1,1,1,1
65,-5495.410,2708.222,169.374,-88.192,0.033366,0.998896,-0.033061,-0.998023,0.031537,-0.054359,-0.053257,0.034809,0.997974,0,1.00000,-0.78134,60.000,-1.563,325.000,250.000,425.000,250.000,-1,225.000,225.000,300.000,300.000,-1,900.000,750.000,-1,300.000,350.000,300.000,400.000,1,1,1,1,2,1,1,0,0,2,0,0,2,1,1,1,1
66,-5495.147,2648.223,166.034,-89.750,0.006357,0.999310,-0.036593,-0.998514,0.004362,-0.054325,-0.054128,0.036884,0.997853,0,1.00000,-0.77912,60.000,-1.558,250.000,200.000,350.000,225.000,-1,200.000,200.000,300.000,300.000,-1,1000.000,825.000,-1,250.000,300.000,225.000,350.000,1,1,1,1,2,1,1,0,0,2,0,0,2,1,1,1,1
67,-5496.506,2588.240,168.522,-91.303,-0.021028,0.998670,-0.047074,-0.999112,-0.022711,-0.035500,-0.036521,0.046285,0.998260,0,1.00000,-0.77642,60.000,-1.553,200.000,200.000,350.000,225.000,-1,175.000,175.000,325.000,300.000,-1,775.000,500.000,900.000,250.000,300.000,200.000,375.000,1,1,1,1,2,1,1,0,0,2,0,0,0,1,1,1,1
68,-5499.476,2528.315,175.608,-92.849,-0.049445,0.996979,-0.059902,-0.998767,-0.049618,-0.001393,-0.004361,0.059759,0.998203,0,1.00000,-0.77320,60.000,-1.546,225.000,200.000,375.000,250.000,-1,175.000,200.000,375.000,325.000,-1,300.000,200.000,700.000,250.000,350.000,200.000,-1,1,1,1,1,2,1,1,0,0,2,0,0,0,1,1,1,2
69,8855.077,4263.557,-124.995,-156.191,-0.910919,0.403542,0.085903,-0.404352,-0.914564,0.008533,0.082007,-0.026963,0.996267,1,0.00000,0.00000,60.000,-1.539,-1,375.000,-1,375.000,-1,300.000,300.000,325.000,325.000,-1,-1,-1,-1,650.000,700.000,-1,-1,2,0,2,0,2,0,0,0,0,2,2,2,2,0,0,2,2
70,8850.693,4261.601,-124.593,-155.951,-0.909199,0.407366,0.086077,-0.408186,-0.912858,0.008660,0.082104,-0.027262,0.996251,0,0.08000,0.12000,4.800,0.240,-1,375.000,-1,375.000,-1,300.000,300.000,325.000,325.000,-1,-1,-1,-1,650.000,700.000,-1,-1,2,0,2,0,2,0,0,0,0,2,2,2,2,0,0,2,2
71,8841.960,4257.615,-123.790,-155.471,-0.905711,0.414993,0.086426,-0.415831,-0.909398,0.008917,0.082296,-0.027862,0.996218,0,0.16000,0.24000,9.600,0.480,-1,375.000,-1,375.000,-1,300.000,300.000,325.000,325.000,-1,-1,-1,-1,650.000,700.000,-1,-1,2,0,2,0,2,0,0,0,0,2,2,2,2,0,0,2,2
72,8828.935,4251.472,-122.588,-154.751,-0.900357,0.426376,0.086954,-0.427245,-0.904088,0.009308,0.082583,-0.028770,0.996169,0,0.24000,0.36000,14.400,0.720,-1,375.000,-1,375.000,-1,300.000,300.000,325.000,325.000,-1,-1,-1,-1,650.000,700.000,-1,-1,2,0,2,0,2,0,0,0,0,2,2,2,2,0,0,2,2
73,8811.709,4242.993,-120.989,-153.791,-0.892994,0.441448,0.087667,-0.442356,-0.896785,0.009842,0.082963,-0.029991,0.996101,0,0.32000,0.48000,19.200,0.960,-1,375.000,-1,375.000,-1,300.000,300.000,325.000,325.000,-1,-1,-1,-1,675.000,700.000,-1,-1,2,0,2,0,2,0,0,0,0,2,2,2,2,0,0,2,2
74,8790.404,4231.944,-118.995,-152.591,-0.883433,0.460110,0.088572,-0.461070,-0.887302,0.010529,0.083434,-0.031536,0.996014,0,0.40000,0.60000,24.000,1.200,-1,375.000,-1,375.000,-1,300.000,300.000,325.000,325.000,-1,-1,-1,-1,675.000,700.000,-1,-1,2,0,2,0,2,0,0,0,0,2,2,2,2,0,0,2,2
75,8765.178,4218.047,-116.611,-151.151,-0.871441,0.482233,0.089676,-0.483256,-0.875405,0.011383,0.083991,-0.033417,0.995906,0,0.48000,0.72000,28.800,1.440,-1,375.000,-1,375.000,-1,300.000,300.000,325.000,325.000,-1,-1,525.000,-1,675.000,700.000,-1,-1,2,0,2,0,2,0,0,0,0,2,2,0,2,0,0,2,2
76,8739.116,4202.677,-114.128,-149.471,-0.856762,0.507652,0.090824,-0.508753,-0.860825,0.012321,0.084438,-0.035651,0.995791,0,0.50429,0.84000,30.257,1.680,-1,375.000,-1,375.000,-1,300.000,300.000,325.000,325.000,-1,500.000,500.000,-1,675.000,675.000,-1,-1,2,0,2,0,2,0,0,0,0,2,0,0,2,0,0,2,2
77,8713.114,4186.143,-111.621,-147.551,-0.839095,0.536155,0.091962,-0.537356,-0.843251,0.013274,0.084664,-0.038278,0.995674,0,0.51355,0.96000,30.813,1.920,-1,375.000,-1,375.000,-1,300.000,300.000,325.000,325.000,-1,475.000,475.000,-1,675.000,675.000,-1,-1,2,0,2,0,2,0,0,0,0,2,0,0,2,0,0,2,2
78,8687.229,4168.385,-108.971,-145.551,-0.819697,0.565185,0.093075,-0.566540,-0.823920,0.013710,0.084436,-0.041493,0.995565,0,0.52319,1.00000,31.391,2.000,-1,375.000,-1,375.000,-1,300.000,300.000,325.000,325.000,-1,475.000,475.000,-1,700.000,675.000,-1,-1,2,0,2,0,2,0,0,0,0,2,0,0,2,0,0,2,2
79,8661.511,4149.389,-106.297,-143.551,-0.799288,0.593512,0.094242,-0.595027,-0.803580,0.014177,0.084146,-0.044745,0.995448,0,0.53289,1.00000,31.973,2.000,-1,375.000,-1,375.000,-1,300.000,300.000,325.000,325.000,-1,450.000,475.000,-1,700.000,675.000,-1,-1,2,0,2,0,2,0,0,0,0,2,0,0,2,0,0,2,2
80,8636.022,4129.149,-103.603,-141.551,-0.777896,0.621100,0.095460,-0.622782,-0.782258,0.014672,0.083787,-0.048037,0.995325,0,0.54247,1.00000,32.548,2.000,-1,375.000,-1,375.000,-1,300.000,300.000,325.000,325.000,-1,450.000,475.000,-1,700.000,675.000,-1,-1,2,0,2,0,2,0,0,0,0,2,0,0,2,0,0,2,2
81,8610.823,4107.663,-100.891,-139.551,-0.755547,0.647914,0.096728,-0.649770,-0.759979,0.015192,0.083355,-0.051372,0.995195,0,0.55192,1.00000,33.115,2.000,-1,375.000,-1,375.000,-1,300.000,300.000,325.000,325.000,-1,450.000,475.000,-1,700.000,675.000,-1,-1,2,0,2,0,2,0,0,0,0,2,0,0,2,0,0,2,2
82,8585.978,4084.935,-98.147,-137.551,-0.732260,0.673919,0.098129,-0.675962,-0.736769,0.015721,0.082893,-0.054820,0.995049,0,0.56122,1.00000,33.673,2.000,-1,375.000,-1,375.000,-1,300.000,300.000,325.000,325.000,-1,425.000,475.000,-1,725.000,675.000,-1,-1,2,0,2,0,2,0,0,0,0,2,0,0,2,0,0,2,2
83,8561.550,4060.970,-95.386,-135.551,-0.708069,0.699081,0.099619,-0.701323,-0.712658,0.016269,0.082368,-0.058345,0.994893,0,0.57035,1.00000,34.221,2.000,-1,375.000,-1,375.000,-1,300.000,300.000,325.000,325.000,-1,425.000,475.000,-1,725.000,675.000,-1,-1,2,0,2,0,2,0,0,0,0,2,0,0,2,0,0,2,2
84,8537.604,4035.778,-92.616,-133.551,-0.683008,0.723370,0.101172,-0.725821,-0.687677,0.016842,0.081756,-0.061930,0.994726,0,0.57929,1.00000,34.758,2.000,-1,375.000,-1,375.000,-1,300.000,300.000,325.000,325.000,-1,425.000,475.000,-1,725.000,675.000,-1,-1,2,0,2,0,2,0,0,0,0,2,0,0,2,0,0,2,2
85,8514.204,4009.372,-89.879,-131.551,-0.657112,0.746748,0.102819,-0.749436,-0.661852,0.017250,0.080933,-0.065721,0.994550,0,0.58804,1.00000,35.283,2.000,-1,375.000,-1,375.000,-1,300.000,300.000,325.000,325.000,-1,425.000,500.000,-1,750.000,675.000,-1,-1,2,0,2,0,2,0,0,0,0,2,0,0,2,0,0,2,2
86,8491.414,3981.771,-87.160,-129.551,-0.630413,0.769187,0.104553,-0.772131,-0.635219,0.017608,0.079958,-0.069628,0.994363,0,0.59658,1.00000,35.795,2.000,-1,400.000,-1,375.000,-1,325.000,300.000,325.000,325.000,-1,425.000,500.000,-1,750.000,700.000,-1,-1,2,0,2,0,2,0,0,0,0,2,0,0,2,0,0,2,2
87,8472.424,3957.276,-84.841,-127.791,-0.606285,0.788138,0.106100,-0.791317,-0.611144,0.017925,0.078969,-0.073091,0.994194,0,0.51658,0.88000,30.995,1.760,-1,400.000,-1,375.000,-1,325.000,300.000,325.000,325.000,-1,450.000,525.000,-1,750.000,700.000,-1,-1,2,0,2,0,2,0,0,0,0,2,0,0,2,0,0,2,2
88,8454.295,3932.565,-82.577,-126.271,-0.584966,0.803881,0.107656,-0.807283,-0.589883,0.018239,0.078166,-0.076240,0.994021,0,0.51080,0.76000,30.648,1.520,-1,400.000,-1,375.000,-1,325.000,300.000,325.000,325.000,-1,450.000,525.000,-1,750.000,700.000,-1,-1,2,0,2,0,2,0,0,0,0,2,0,0,2,0,0,2,2
89,8436.502,3907.142,-80.222,-124.991,-0.566712,0.816696,0.108833,-0.820278,-0.571666,0.018521,0.077342,-0.078778,0.993887,0,0.51719,0.64000,31.031,1.280,-1,400.000,-1,375.000,-1,325.000,325.000,325.000,325.000,-1,450.000,550.000,-1,775.000,700.000,-1,-1,2,0,2,0,2,0,0,0,0,2,0,0,2,0,0,2,2
90,8418.976,3881.107,-77.818,-123.951,-0.551667,0.826796,0.109871,-0.830533,-0.556653,0.018758,0.076669,-0.080903,0.993769,0,0.52308,0.52000,31.385,1.040,-1,400.000,-1,375.000,-1,325.000,325.000,325.000,325.000,-1,475.000,575.000,-1,775.000,725.000,-1,-1,2,0,2,0,2,0,0,0,0,2,0,0,2,0,0,2,2
91,8401.636,3854.556,-75.398,-123.151,-0.539939,0.834360,0.110947,-0.838240,-0.544971,0.018968,0.076290,-0.082759,0.993645,0,0.52855,0.40000,31.713,0.800,-1,400.000,-1,375.000,-1,325.000,325.000,325.000,325.000,-1,500.000,575.000,-1,775.000,725.000,-1,-1,2,0,2,0,2,0,0,0,0,2,0,0,2,0,0,2,2
92,8384.389,3827.577,-72.960,-122.591,-0.531624,0.839536,0.112049,-0.843542,-0.536720,0.019181,0.076242,-0.084321,0.993518,0,0.53367,0.28000,32.020,0.560,-1,400.000,-1,375.000,-1,325.000,325.000,325.000,325.000,-1,500.000,600.000,-1,775.000,725.000,-1,-1,2,0,2,0,2,0,0,0,0,2,0,0,2,0,0,2,2
93,8367.139,3800.256,-70.489,-122.271,-0.526788,0.842428,0.113183,-0.846546,-0.531964,0.019359,0.076518,-0.085617,0.993386,0,0.53852,0.16000,32.311,0.320,-1,400.000,-1,375.000,-1,325.000,325.000,325.000,325.000,-1,525.000,600.000,-1,775.000,725.000,-1,-1,2,0,2,0,2,0,0,0,0,2,0,0,2,0,0,2,2
94,8349.776,3772.674,-67.975,-122.191,-0.525468,0.843095,0.114345,-0.847310,-0.530740,0.019498,0.077126,-0.086640,0.993250,0,0.54319,0.04000,32.591,0.080,-1,400.000,-1,375.000,-1,325.000,325.000,300.000,325.000,-1,525.000,625.000,-1,775.000,750.000,-1,-1,2,0,2,0,2,0,0,0,0,2,0,0,2,0,0,2,2
95,8332.190,3744.910,-65.442,-122.351,-0.527694,0.841564,0.115363,-0.845849,-0.533064,0.019574,0.077969,-0.087250,0.993131,0,0.54775,-0.08000,32.865,-0.160,-1,400.000,-1,400.000,-1,325.000,325.000,300.000,325.000,-1,550.000,625.000,-1,775.000,750.000,-1,-1,2,0,2,0,2,0,0,0,0,2,0,0,2,0,0,2,2
96,8314.262,3717.039,-62.962,-122.751,-0.533496,0.837831,0.115847,-0.842123,-0.538932,0.019547,0.078811,-0.087130,0.993075,0,0.55231,-0.20000,33.139,-0.400,-1,400.000,-1,400.000,-1,325.000,325.000,300.000,325.000,-1,550.000,650.000,-1,775.000,750.000,-1,-1,2,0,2,0,2,0,0,0,0,2,0,0,2,0,0,2,2
97,8293.648,3685.188,-60.103,-122.911,-0.535778,0.836308,0.116322,-0.840629,-0.541260,0.019513,0.079280,-0.087329,0.993020,0,0.63231,-0.08000,37.939,-0.160,-1,400.000,-1,400.000,-1,325.000,325.000,300.000,325.000,-1,575.000,675.000,-1,775.000,750.000,-1,-1,2,0,2,0,2,0,0,0,0,2,0,0,2,0,0,2,2
98,8270.477,3649.276,-56.869,-122.831,-0.534559,0.837024,0.116778,-0.841397,-0.540066,0.019457,0.079354,-0.087856,0.992967,0,0.71231,0.04000,42.739,0.080,-1,400.000,-1,400.000,-1,325.000,325.000,300.000,325.000,-1,600.000,700.000,-1,775.000,750.000,-1,-1,2,0,2,0,2,0,0,0,0,2,0,0,2,0,0,2,2
99,8244.928,3609.187,-53.270,-122.511,-0.529834,0.839963,0.117207,-0.844414,-0.535342,0.019353,0.079002,-0.088718,0.992919,0,0.79231,0.16000,47.539,0.320,-1,400.000,-1,400.000,-1,325.000,325.000,300.000,300.000,-1,650.000,725.000,-1,775.000,750.000,-1,-1,2,0,2,0,2,0,0,0,0,2,0,0,2,0,0,2,2
100,8217.578,3565.332,-49.343,-121.951,-0.521574,0.845058,0.117635,-0.849623,-0.527046,0.019068,0.078113,-0.090000,0.992874,0,0.86142,0.28000,51.685,0.560,-1,400.000,-1,400.000,-1,325.000,325.000,300.000,300.000,-1,700.000,800.000,-1,775.000,750.000,-1,-1,2,0,2,0,2,0,0,0,0,2,0,0,2,0,0,2,2
101,8190.553,3520.617,-45.381,-121.151,-0.509721,0.852205,0.118032,-0.856917,-0.515118,0.018610,0.076660,-0.091658,0.992835,0,0.87080,0.40000,52.248,0.800,-1,400.000,-1,400.000,-1,325.000,325.000,300.000,300.000,-1,750.000,875.000,-1,775.000,750.000,-1,-1,2,0,2,0,2,0,0,0,0,2,0,0,2,0,0,2,2
102,8164.053,3474.918,-41.417,-120.111,-0.494190,0.861254,0.118397,-0.866143,-0.499472,0.018015,0.074652,-0.093646,0.992803,0,0.88046,0.52000,52.828,1.040,-1,400.000,-1,400.000,-1,325.000,325.000,300.000,300.000,-1,825.000,950.000,-1,775.000,750.000,-1,-1,2,0,2,0,2,0,0,0,0,2,0,0,2,0,0,2,2
103,8138.297,3428.122,-37.520,-118.831,-0.474846,0.871987,0.118994,-0.877101,-0.479993,0.017308,0.072209,-0.096151,0.992744,0,0.89028,0.64000,53.417,1.280,-1,400.000,-1,400.000,-1,325.000,325.000,300.000,300.000,-1,925.000,-1,-1,775.000,750.000,-1,-1,2,0,2,0,2,0,0,0,0,2,0,2,2,0,0,2,2
104,8113.522,3380.135,-33.688,-117.311,-0.451586,0.884159,0.119719,-0.889538,-0.456563,0.016466,0.069219,-0.099059,0.992671,0,0.90011,0.76000,54.007,1.520,-1,400.000,-1,400.000,-1,325.000,325.000,300.000,300.000,-1,-1,-1,-1,775.000,775.000,-1,-1,2,0,2,0,2,0,0,0,0,2,2,2,2,0,0,2,2
105,8090.196,3331.332,-29.938,-115.551,-0.424283,0.897482,0.120454,-0.903141,-0.429058,0.015643,0.065721,-0.102150,0.992596,0,0.90154,0.88000,54.092,1.760,-1,400.000,-1,400.000,-1,325.000,325.000,300.000,300.000,-1,-1,-1,-1,775.000,775.000,-1,-1,2,0,2,0,2,0,0,0,0,2,2,2,2,0,0,2,2
106,8068.589,3281.746,-26.320,-113.551,-0.392806,0.911592,0.121261,-0.917555,-0.397336,0.014739,0.061618,-0.105474,0.992511,0,0.90154,1.00000,54.092,2.000,-1,400.000,-1,400.000,-1,325.000,325.000,300.000,300.000,-1,-1,-1,-1,750.000,775.000,-1,-1,2,0,2,0,2,0,0,0,0,2,2,2,2,0,0,2,2
107,8048.725,3231.435,-22.859,-111.551,-0.360886,0.924568,0.122209,-0.930849,-0.365148,0.013693,0.057284,-0.108816,0.992410,0,0.90154,1.00000,54.092,2.000,-1,400.000,-1,400.000,-1,325.000,325.000,300.000,300.000,-1,-1,-1,-1,750.000,775.000,-1,-1,2,0,2,0,2,0,0,0,0,2,2,2,2,0,0,2,2
108,8030.628,3180.463,-19.842,-109.551,-0.328515,0.936505,0.122625,-0.942979,-0.332572,0.013642,0.053557,-0.111151,0.992359,0,0.90154,1.00000,54.092,2.000,-1,400.000,-1,400.000,-1,325.000,325.000,300.000,300.000,-1,-1,-1,-1,750.000,775.000,-1,-1,2,0,2,0,2,0,0,0,0,2,2,2,2,0,0,2,2
109,8014.320,3128.890,-17.158,-107.551,-0.295783,0.947355,0.122599,-0.953957,-0.299627,0.013779,0.049787,-0.112879,0.992361,0,0.90154,1.00000,54.092,2.000,-1,400.000,-1,400.000,-1,325.000,325.000,300.000,300.000,-1,-1,-1,-1,750.000,775.000,-1,-1,2,0,2,0,2,0,0,0,0,2,2,2,2,0,0,2,2
110,7999.822,3076.780,-14.693,-105.551,-0.262715,0.957065,0.122509,-0.963781,-0.266335,0.013882,0.045915,-0.114424,0.992370,0,0.90154,1.00000,54.092,2.000,-1,400.000,-1,400.000,-1,325.000,325.000,300.000,300.000,-1,-1,-1,-1,750.000,775.000,-1,-1,2,0,2,0,2,0,0,0,0,2,2,2,2,0,0,2,2
111,7987.151,3024.195,-12.444,-103.551,-0.229345,0.965621,0.122378,-0.972440,-0.232734,0.013961,0.041963,-0.115804,0.992385,0,0.90154,1.00000,54.092,2.000,-1,400.000,-1,400.000,-1,325.000,325.000,300.000,300.000,-1,-1,-1,-1,750.000,775.000,-1,-1,2,0,2,0,2,0,0,0,0,2,2,2,2,0,0,2,2
112,7976.323,2971.201,-10.411,-101.551,-0.195713,0.973016,0.122215,-0.979927,-0.198864,0.014018,0.037944,-0.117018,0.992405,0,0.90154,1.00000,54.092,2.000,-1,400.000,-1,400.000,-1,325.000,325.000,300.000,300.000,-1,-1,-1,-1,750.000,775.000,-1,-1,2,0,2,0,2,0,0,0,0,2,2,2,2,0,0,2,2
113,7967.351,2917.861,-8.596,-99.551,-0.161857,0.979241,0.122026,-0.986233,-0.164765,0.014058,0.033872,-0.118070,0.992427,0,0.90154,1.00000,54.092,2.000,-1,400.000,-1,400.000,-1,325.000,325.000,300.000,300.000,-1,-1,-1,-1,750.000,775.000,-1,-1,2,0,2,0,2,0,0,0,0,2,2,2,2,0,0,2,2
114,7960.246,2864.240,-7.000,-97.551,-0.127815,0.984289,0.121816,-0.991351,-0.130475,0.014086,0.029758,-0.118962,0.992453,0,0.90154,1.00000,54.092,2.000,-1,400.000,-1,400.000,-1,325.000,325.000,300.000,300.000,-1,-1,-1,-1,725.000,775.000,-1,-1,2,0,2,0,2,0,0,0,0,2,2,2,2,0,0,2,2
115,7955.016,2810.404,-5.621,-95.551,-0.093626,0.988155,0.121590,-0.995278,-0.096036,0.014106,0.025616,-0.119695,0.992480,0,0.90154,1.00000,54.092,2.000,-1,375.000,-1,400.000,-1,325.000,325.000,300.000,300.000,-1,-1,-1,-1,725.000,775.000,-1,-1,2,0,2,0,2,0,0,0,0,2,2,2,2,0,0,2,2
116,7951.668,2756.419,-4.464,-93.551,-0.059329,0.990834,0.121362,-0.998008,-0.061487,0.014117,0.021450,-0.120283,0.992508,0,0.90154,1.00000,54.092,2.000,-1,375.000,-1,400.000,-1,325.000,325.000,300.000,300.000,-1,-1,-1,-1,725.000,775.000,-1,-1,2,0,2,0,2,0,0,0,0,2,2,2,2,0,0,2,2
117,7949.977,2702.275,-3.511,-91.791,-0.029092,0.992205,0.121170,-0.999419,-0.031025,0.014096,0.017745,-0.120690,0.992532,0,0.90288,0.88000,54.173,1.760,-1,375.000,-1,400.000,-1,325.000,325.000,300.000,300.000,-1,-1,-1,-1,725.000,775.000,-1,-1,2,0,2,0,2,0,0,0,0,2,2,2,2,0,0,2,2
118,7949.722,2648.106,-2.729,-90.271,-0.002958,0.992650,0.120983,-0.999890,-0.004695,0.014078,0.014542,-0.120928,0.992555,0,0.90288,0.76000,54.173,1.520,-1,375.000,-1,400.000,-1,325.000,325.000,300.000,300.000,-1,-1,-1,-1,725.000,775.000,-1,-1,2,0,2,0,2,0,0,0,0,2,2,2,2,0,0,2,2
119,7950.677,2593.944,-2.023,-88.991,0.019077,0.992521,0.120575,-0.999745,0.017481,0.014282,0.012068,-0.120817,0.992601,0,0.90288,0.64000,54.173,1.280,-1,375.000,-1,400.000,-1,325.000,325.000,300.000,300.000,-1,-1,-1,-1,725.000,800.000,-1,-1,2,0,2,0,2,0,0,0,0,2,2,2,2,0,0,2,2
120,7952.614,2539.807,-1.364,-87.951,0.037005,0.992080,0.120036,-0.999262,0.035494,0.014702,0.010325,-0.120491,0.992661,0,0.90288,0.52000,54.173,1.040,-1,375.000,-1,400.000,-1,325.000,325.000,300.000,300.000,-1,-1,-1,-1,750.000,800.000,-1,-1,2,0,2,0,2,0,0,0,0,2,2,2,2,0,0,2,2
121,7955.306,2485.703,-0.795,-87.151,0.050801,0.991537,0.119476,-0.998667,0.049344,0.015119,0.009096,-0.120085,0.992722,0,0.90288,0.40000,54.173,0.800,-1,375.000,-1,400.000,-1,325.000,325.000,300.000,300.000,-1,-1,-1,-1,775.000,825.000,-1,-1,2,0,2,0,2,0,0,0,0,2,2,2,2,0,0,2,2
122,7958.540,2431.403,-0.286,-86.591,0.060469,0.991063,0.118899,-0.998135,0.059036,0.015537,0.008379,-0.119617,0.992785,0,0.90662,0.28000,54.397,0.560,-1,375.000,-1,400.000,-1,325.000,325.000,300.000,300.000,-1,-1,-1,-1,800.000,850.000,-1,-1,2,0,2,0,2,0,0,0,0,2,2,2,2,0,0,2,2
123,7962.105,2376.695,0.192,-86.271,0.066014,0.990780,0.118308,-0.997785,0.064575,0.015961,0.008174,-0.119100,0.992849,0,0.91374,0.16000,54.824,0.320,-1,375.000,-1,400.000,-1,325.000,325.000,300.000,300.000,-1,-1,-1,-1,825.000,875.000,-1,-1,2,0,2,0,2,0,0,0,0,2,2,2,2,0,0,2,2
124,7965.775,2321.561,0.667,-86.191,0.067438,0.990756,0.117706,-0.997687,0.065962,0.016395,0.008479,-0.118540,0.992913,0,0.92092,0.04000,55.255,0.080,-1,375.000,-1,400.000,-1,325.000,325.000,325.000,300.000,-1,-1,-1,-1,850.000,900.000,-1,-1,2,0,2,0,2,0,0,0,0,2,2,2,2,0,0,2,2
125,7969.318,2265.984,1.169,-86.351,0.064742,0.991008,0.117094,-0.997859,0.063200,0.016843,0.009291,-0.117934,0.992978,0,0.92816,-0.08000,55.690,-0.160,-1,375.000,-1,400.000,-1,325.000,325.000,325.000,300.000,-1,-1,-1,-1,850.000,925.000,-1,-1,2,0,2,0,2,0,0,0,0,2,2,2,2,0,0,2,2
126,7972.498,2209.947,1.725,-86.751,0.057923,0.991504,0.116471,-0.998265,0.056284,0.017310,0.010607,-0.117271,0.993043,0,0.93545,-0.20000,56.127,-0.400,-1,400.000,-1,400.000,-1,325.000,325.000,325.000,300.000,-1,-1,-1,-1,875.000,950.000,-1,-1,2,0,2,0,2,0,0,0,0,2,2,2,2,0,0,2,2
127,7975.263,2158.694,2.250,-86.911,0.055219,0.991722,0.115926,-0.998409,0.053519,0.017728,0.011377,-0.116721,0.993100,0,0.85545,-0.08000,51.327,-0.160,-1,400.000,-1,425.000,-1,325.000,325.000,325.000,300.000,-1,-1,-1,-1,900.000,950.000,-1,-1,2,0,2,0,2,0,0,0,0,2,2,2,2,0,1,2,2
128,7978.091,2107.595,2.765,-86.831,0.056638,0.991702,0.115410,-0.998327,0.054907,0.018129,0.011642,-0.116244,0.993152,0,0.85296,0.04000,51.177,0.080,-1,400.000,-1,425.000,-1,325.000,325.000,325.000,300.000,-1,-1,-1,-1,900.000,950.000,-1,-1,2,0,2,0,2,0,0,0,0,2,2,2,2,1,1,2,2
129,7981.120,2056.106,3.262,-86.632,0.060102,0.991556,0.114911,-0.998124,0.058353,0.018523,0.011661,-0.115808,0.993203,0,0.85964,0.09949,51.579,0.199,-1,425.000,-1,425.000,-1,325.000,350.000,325.000,300.000,-1,-1,-1,-1,875.000,925.000,-1,-1,2,0,2,0,2,0,0,0,0,2,2,2,2,1,1,2,2
130,7984.355,2004.224,3.743,-86.432,0.063578,0.991396,0.114422,-0.997908,0.061812,0.018918,0.011682,-0.115386,0.993252,0,0.86639,0.09986,51.984,0.200,-1,425.000,-1,450.000,-1,350.000,350.000,325.000,300.000,-1,-1,-1,-1,825.000,925.000,-1,-1,2,0,2,0,2,0,0,0,0,2,2,2,2,1,1,2,2
131,7987.796,1951.945,3.942,-86.232,0.066922,0.991340,0.112993,-0.997703,0.065291,0.018076,0.010542,-0.113943,0.993431,0,0.87320,0.10021,52.392,0.200,-1,425.000,-1,450.000,-1,350.000,350.000,325.000,300.000,-1,-1,-1,-1,800.000,900.000,1000.000,-1,2,0,2,0,2,0,0,0,0,2,2,2,2,1,1,1,2
132,7991.451,1899.269,3.409,-86.031,0.069981,0.991181,0.112533,-0.997526,0.068775,0.014563,0.006695,-0.113274,0.993541,0,0.88006,0.10055,52.803,0.201,-1,425.000,-1,450.000,-1,350.000,350.000,325.000,300.000,-1,-1,-1,-1,750.000,850.000,950.000,-1,2,0,2,0,2,0,0,0,0,2,2,2,2,1,1,1,2
133,7995.323,1846.192,2.792,-85.829,0.073031,0.990980,0.112361,-0.997326,0.072268,0.010848,0.002630,-0.112852,0.993608,0,0.88697,0.10087,53.218,0.202,-1,425.000,950.000,425.000,-1,350.000,350.000,300.000,300.000,-1,-1,-1,-1,700.000,800.000,875.000,-1,2,0,1,0,2,0,0,0,0,2,2,2,2,1,1,1,2
134,7999.413,1792.712,2.151,-85.627,0.076090,0.990765,0.112224,-0.997100,0.075771,0.007111,-0.001458,-0.112440,0.993657,0,0.89394,0.10118,53.636,0.202,950.000,425.000,875.000,425.000,-1,350.000,350.000,300.000,300.000,-1,-1,-1,-1,650.000,750.000,800.000,-1,1,0,1,0,2,0,0,0,0,2,2,2,2,1,1,1,2
135,8004.320,1734.483,1.404,-85.184,0.083236,0.990203,0.112114,-0.996510,0.083423,0.003032,-0.006351,-0.111975,0.993691,0,0.97394,0.22118,58.436,0.442,875.000,425.000,800.000,425.000,-1,325.000,350.000,300.000,300.000,-1,-1,-1,-1,600.000,675.000,725.000,-1,1,0,1,0,2,0,0,0,0,2,2,2,2,1,1,1,2
136,8010.069,1674.760,0.562,-84.502,0.094486,0.989195,0.112098,-0.995456,0.095215,-0.001155,-0.011816,-0.111480,0.993696,0,1.00000,0.34118,60.000,0.682,775.000,400.000,725.000,425.000,-1,325.000,325.000,300.000,300.000,-1,-1,-1,-1,550.000,625.000,675.000,-1,1,0,1,1,2,0,0,0,0,2,2,2,2,1,1,1,2
