timestep,x_cm,y_cm,z_cm,yaw_deg,basis_xx,basis_xy,basis_xz,basis_yx,basis_yy,basis_yz,basis_zx,basis_zy,basis_zz,teleport_flag,throttle_cmd,steering_cmd,cmd_move_cm,cmd_turn_deg,lidar_cm_0,lidar_cm_1,lidar_cm_2,lidar_cm_3,lidar_cm_4,lidar_cm_5,lidar_cm_6,lidar_cm_7,lidar_cm_8,lidar_cm_9,lidar_cm_10,lidar_cm_11,lidar_cm_12,lidar_cm_13,lidar_cm_14,lidar_cm_15,lidar_cm_16,lidar_class_0,lidar_class_1,lidar_class_2,lidar_class_3,lidar_class_4,lidar_class_5,lidar_class_6,lidar_class_7,lidar_class_8,lidar_class_9,lidar_class_10,lidar_class_11,lidar_class_12,lidar_class_13,lidar_class_14,lidar_class_15,lidar_class_16
0,3609.926,3603.413,-267.293,-61.487,0.477018,0.878187,-0.035243,-0.878835,0.477065,-0.007590,0.010148,0.034593,0.999350,1,0.08000,-0.12000,4.800,-0.240,-1,375.000,-1,375.000,-1,300.000,325.000,325.000,325.000,-1,750.000,700.000,-1,675.000,700.000,-1,-1,2,0,2,0,2,0,0,0,0,2,0,0,2,0,0,2,2
1,3614.438,3594.939,-267.199,-61.967,0.469639,0.882146,-0.035465,-0.882801,0.469688,-0.007451,0.010085,0.034808,0.999343,0,0.16000,-0.24000,9.600,-0.480,-1,375.000,-1,375.000,-1,300.000,325.000,325.000,325.000,-1,775.000,700.000,-1,675.000,700.000,-1,-1,2,0,2,0,2,0,0,0,0,2,0,0,2,0,0,2,2
2,3621.045,3582.145,-267.062,-62.687,0.458509,0.887968,-0.035799,-0.888634,0.458561,-0.007243,0.009984,0.035133,0.999333,0,0.24000,-0.36000,14.400,-0.720,-1,375.000,-1,375.000,-1,300.000,325.000,325.000,325.000,-1,775.000,700.000,-1,675.000,700.000,-1,-1,2,0,2,0,2,0,0,0,0,2,0,0,2,0,0,2,2
3,3629.568,3564.940,-266.884,-63.647,0.443558,0.895513,-0.036244,-0.896192,0.443612,-0.006969,0.009837,0.035573,0.999319,0,0.32000,-0.48000,19.200,-0.960,-1,375.000,-1,375.000,-1,300.000,325.000,325.000,325.000,-1,775.000,700.000,-1,675.000,700.000,-1,-1,2,0,2,0,2,0,0,0,0,2,0,0,2,0,0,2,2
4,3639.769,3543.216,-266.673,-64.847,0.424694,0.904588,-0.036802,-0.905285,0.424752,-0.006631,0.009634,0.036132,0.999301,0,0.40000,-0.60000,24.000,-1.200,-1,375.000,-1,375.000,-1,300.000,325.000,325.000,300.000,-1,775.000,700.000,-1,675.000,700.000,-1,-1,2,0,2,0,2,0,0,0,0,2,0,0,2,0,0,2,2
5,3651.436,3516.884,-266.431,-66.103,0.404755,0.913657,-0.037469,-0.914376,0.404818,-0.006232,0.009475,0.036783,0.999278,0,0.48000,-0.62782,28.800,-1.256,-1,375.000,-1,375.000,-1,300.000,325.000,325.000,300.000,-1,775.000,700.000,-1,675.000,700.000,-1,-1,2,0,2,0,2,0,0,0,0,2,0,0,2,0,0,2,2
6,3664.371,3485.874,-266.160,-67.359,0.384617,0.922283,-0.038247,-0.923028,0.384689,-0.005775,0.009387,0.037524,0.999252,0,0.56000,-0.62782,33.600,-1.256,-1,375.000,-1,375.000,-1,300.000,325.000,325.000,300.000,-1,800.000,700.000,-1,675.000,700.000,-1,-1,2,0,2,0,2,0,0,0,0,2,0,0,2,0,0,2,2
7,3678.374,3450.118,-265.861,-68.614,0.364292,0.930462,-0.039135,-0.931238,0.364374,-0.005264,0.009362,0.038361,0.999220,0,0.64000,-0.62782,38.400,-1.256,-1,375.000,-1,375.000,-1,300.000,325.000,325.000,300.000,-1,800.000,700.000,-1,675.000,725.000,-1,-1,2,0,2,0,2,0,0,0,0,2,0,0,2,0,0,2,2
8,3692.852,3410.620,-265.546,-69.870,0.343790,0.938190,-0.040105,-0.939000,0.343885,-0.004715,0.009368,0.039279,0.999184,0,0.70113,-0.62782,42.068,-1.256,-1,375.000,-1,375.000,-1,300.000,325.000,300.000,300.000,-1,800.000,700.000,-1,675.000,725.000,-1,-1,2,0,2,0,2,0,0,0,0,2,0,0,2,0,0,2,2
9,3706.461,3370.814,-265.231,-71.126,0.323126,0.945467,-0.041010,-0.946310,0.323232,-0.004197,0.009288,0.040164,0.999150,0,0.70113,-0.62782,42.068,-1.256,-1,375.000,-1,375.000,-1,300.000,300.000,300.000,300.000,-1,825.000,725.000,-1,675.000,725.000,-1,-1,2,0,2,0,2,0,0,0,0,2,0,0,2,0,0,2,2
10,3719.195,3330.720,-264.893,-72.381,0.302310,0.952294,-0.041774,-0.953166,0.302427,-0.003655,0.009153,0.040923,0.999120,0,0.70113,-0.62782,42.068,-1.256,-1,375.000,-1,375.000,-1,300.000,300.000,300.000,300.000,-1,850.000,725.000,-1,675.000,725.000,-1,-1,2,0,2,0,2,0,0,0,0,2,0,0,2,0,0,2,2
11,3731.046,3290.356,-264.454,-73.637,0.281340,0.958679,-0.042206,-0.959563,0.281482,-0.002670,0.009320,0.041250,0.999105,0,0.70113,-0.62782,42.068,-1.256,-1,375.000,-1,375.000,-1,300.000,300.000,300.000,300.000,-1,850.000,725.000,-1,675.000,725.000,-1,-1,2,0,2,0,2,0,0,0,0,2,0,0,2,0,0,2,2
12,3742.010,3249.742,-264.034,-74.893,0.260238,0.964604,-0.042608,-0.965498,0.260403,-0.001722,0.009434,0.041586,0.999090,0,0.70113,-0.62782,42.068,-1.256,-1,375.000,-1,375.000,-1,300.000,300.000,300.000,300.000,-1,850.000,750.000,-1,675.000,725.000,-1,-1,2,0,2,0,2,0,0,0,0,2,0,0,2,0,0,2,2
13,3752.082,3208.898,-263.611,-76.148,0.239015,0.970061,-0.043057,-0.970970,0.239198,-0.000912,0.009415,0.042025,0.999072,0,0.70113,-0.62782,42.068,-1.256,-1,375.000,-1,375.000,-1,300.000,300.000,300.000,325.000,-1,875.000,750.000,-1,675.000,725.000,-1,-1,2,0,2,0,2,0,0,0,0,2,0,0,2,0,0,2,2
14,3761.257,3167.843,-263.089,-77.404,0.217663,0.975030,-0.044025,-0.975977,0.217875,0.000000,0.009592,0.042967,0.999030,0,0.70113,-0.62782,42.068,-1.256,-1,375.000,-1,375.000,-1,300.000,325.000,300.000,325.000,-1,900.000,750.000,-1,675.000,725.000,-1,-1,2,0,2,0,2,0,0,0,0,2,0,0,2,0,0,2,2
15,3769.529,3126.596,-262.577,-78.660,0.196207,0.979528,-0.045030,-0.980514,0.196448,0.000932,0.009759,0.043970,0.998985,0,0.70113,-0.62782,42.068,-1.256,-1,375.000,-1,375.000,-1,300.000,325.000,300.000,325.000,-1,900.000,750.000,-1,700.000,725.000,-1,-1,2,0,2,0,2,0,0,0,0,2,0,0,2,0,0,2,2
16,3776.896,3085.179,-262.094,-79.915,0.174659,0.983554,-0.046002,-0.984580,0.174928,0.001852,0.009869,0.044969,0.998940,0,0.70113,-0.62782,42.068,-1.256,-1,375.000,-1,375.000,-1,300.000,325.000,300.000,325.000,-1,925.000,750.000,-1,700.000,725.000,-1,-1,2,0,2,0,2,0,0,0,0,2,0,0,2,0,0,2,2
17,3783.354,3043.609,-261.640,-81.171,0.153029,0.987106,-0.046939,-0.988172,0.153326,0.002759,0.009921,0.045962,0.998894,0,0.70113,-0.62782,42.068,-1.256,-1,375.000,-1,400.000,-1,300.000,325.000,300.000,325.000,-1,925.000,750.000,-1,700.000,725.000,-1,-1,2,0,2,0,2,0,0,0,0,2,0,0,2,0,0,2,2
18,3788.899,3001.908,-261.218,-82.427,0.131329,0.990184,-0.047842,-0.991289,0.131652,0.003653,0.009916,0.046946,0.998848,0,0.70113,-0.62782,42.068,-1.256,-1,375.000,-1,400.000,-1,325.000,325.000,300.000,300.000,-1,950.000,775.000,-1,675.000,725.000,-1,-1,2,0,2,0,2,0,0,0,0,2,0,0,2,0,0,2,2
19,3794.252,2955.347,-260.774,-83.442,0.113715,0.992314,-0.048811,-0.993461,0.114074,0.004633,0.010165,0.047965,0.998797,0,0.78113,-0.50782,46.868,-1.016,-1,375.000,-1,400.000,-1,325.000,325.000,300.000,300.000,-1,950.000,750.000,-1,675.000,700.000,-1,-1,2,0,2,0,2,0,0,0,0,2,0,0,2,0,0,2,2
20,3799.458,2903.943,-260.303,-84.218,0.100220,0.993716,-0.049850,-0.994908,0.100626,0.005696,0.010677,0.049026,0.998740,0,0.86113,-0.38782,51.668,-0.776,-1,375.000,-1,400.000,-1,325.000,325.000,300.000,300.000,-1,925.000,750.000,-1,675.000,700.000,-1,-1,2,0,2,0,2,0,0,0,0,2,0,0,2,0,0,2,2
21,3804.435,2849.756,-259.820,-84.753,0.090865,0.994560,-0.050928,-0.995798,0.091326,0.006802,0.011416,0.050096,0.998679,0,0.90691,-0.26782,54.415,-0.536,-1,375.000,-1,375.000,-1,325.000,325.000,300.000,300.000,-1,900.000,725.000,-1,675.000,700.000,-1,-1,2,0,2,0,2,0,0,0,0,2,0,0,2,0,0,2,2
22,3809.146,2795.372,-259.338,-85.049,0.085666,0.994966,-0.052004,-0.996248,0.086189,0.007898,0.012341,0.051132,0.998616,0,0.90979,-0.14782,54.587,-0.296,-1,375.000,-1,375.000,-1,300.000,325.000,300.000,300.000,-1,875.000,700.000,-1,675.000,700.000,-1,-1,2,0,2,0,2,0,0,0,0,2,0,0,2,0,0,2,2
23,3813.819,2740.826,-258.848,-85.105,0.084626,0.994997,-0.053090,-0.996322,0.085218,0.008988,0.013467,0.052134,0.998549,0,0.91242,-0.02782,54.745,-0.056,-1,375.000,-1,375.000,-1,300.000,300.000,300.000,300.000,-1,825.000,675.000,-1,675.000,700.000,-1,-1,2,0,2,0,2,0,0,0,0,2,0,0,2,0,0,2,2
24,3818.680,2686.151,-258.337,-84.920,0.087745,0.994667,-0.054201,-0.996033,0.088415,0.010071,0.014809,0.053103,0.998479,0,0.91484,0.09218,54.891,0.184,-1,375.000,-1,375.000,-1,300.000,300.000,300.000,300.000,-1,800.000,675.000,-1,675.000,700.000,-1,-1,2,0,2,0,2,0,0,0,0,2,0,0,2,0,0,2,2
25,3823.958,2631.378,-257.628,-84.496,0.095033,0.993968,-0.054732,-0.995340,0.095777,0.011138,0.016313,0.053418,0.998439,0,0.91712,0.21218,55.027,0.424,-1,375.000,-1,375.000,-1,300.000,300.000,300.000,300.000,-1,775.000,650.000,-1,675.000,700.000,-1,-1,2,0,2,0,2,0,0,0,0,2,0,0,2,0,0,2,2
26,3829.884,2576.540,-256.356,-83.832,0.106462,0.992830,-0.054361,-0.994145,0.107300,0.012720,0.018462,0.052689,0.998440,0,0.91929,0.33218,55.158,0.664,-1,375.000,-1,375.000,-1,300.000,300.000,300.000,300.000,-1,750.000,625.000,-1,700.000,700.000,-1,-1,2,0,2,0,2,0,0,0,0,2,0,0,2,0,0,2,2
27,3836.692,2521.676,-254.829,-82.927,0.121995,0.991014,-0.054850,-0.992306,0.122957,0.014498,0.021112,0.052659,0.998389,0,0.92142,0.45218,55.285,0.904,-1,375.000,-1,375.000,-1,300.000,300.000,300.000,300.000,-1,700.000,600.000,-1,700.000,700.000,-1,-1,2,0,2,0,2,0,0,0,0,2,0,0,2,0,0,2,2
28,3844.612,2466.832,-253.238,-81.783,0.141633,0.988369,-0.055376,-0.989629,0.142726,0.016274,0.023988,0.052497,0.998333,0,0.92355,0.57218,55.413,1.144,-1,375.000,-1,375.000,-1,300.000,300.000,300.000,325.000,-1,675.000,600.000,-1,700.000,700.000,-1,-1,2,0,2,0,2,0,0,0,0,2,0,0,2,0,0,2,2
29,3853.717,2412.040,-251.582,-80.565,0.162484,0.985122,-0.055970,-0.986344,0.163710,0.018035,0.026930,0.052275,0.998270,0,0.92573,0.60917,55.544,1.218,-1,375.000,-1,375.000,-1,300.000,300.000,300.000,325.000,-1,625.000,575.000,-1,700.000,700.000,-1,-1,2,0,2,0,2,0,0,0,0,2,0,0,2,0,0,2,2
30,3864.018,2357.326,-249.859,-79.338,0.183404,0.981405,-0.056637,-0.982584,0.184765,0.019774,0.029871,0.052024,0.998199,0,0.92792,0.61335,55.675,1.227,-1,375.000,-1,375.000,-1,300.000,325.000,300.000,325.000,-1,625.000,575.000,-1,700.000,700.000,-1,-1,2,0,2,0,2,0,0,0,0,2,0,0,2,0,0,2,2
31,3875.523,2302.721,-248.069,-78.103,0.204382,0.977208,-0.057377,-0.978341,0.205880,0.021484,0.032807,0.051744,0.998121,0,0.93007,0.61757,55.804,1.235,-1,375.000,-1,375.000,-1,325.000,325.000,300.000,300.000,-1,600.000,575.000,-1,700.000,700.000,-1,-1,2,0,2,0,2,0,0,0,0,2,0,0,2,0,0,2,2
32,3888.239,2248.256,-246.210,-76.859,0.225408,0.972525,-0.058187,-0.973609,0.227044,0.023156,0.035731,0.051432,0.998037,0,0.93217,0.62182,55.930,1.244,-1,375.000,-1,375.000,-1,325.000,325.000,300.000,300.000,-1,575.000,550.000,-1,700.000,700.000,-1,-1,2,0,2,0,2,0,0,0,0,2,0,0,2,0,0,2,2
33,3902.172,2193.962,-244.282,-75.607,0.246471,0.967349,-0.059064,-0.968380,0.248247,0.024785,0.038638,0.051087,0.997946,0,0.93422,0.62610,56.053,1.252,-1,375.000,-1,375.000,-1,325.000,325.000,300.000,300.000,-1,575.000,550.000,-1,700.000,725.000,-1,-1,2,0,2,0,2,0,0,0,0,2,0,0,2,0,0,2,2
34,3917.329,2139.873,-242.274,-74.346,0.267559,0.961669,-0.060043,-0.962645,0.269478,0.026379,0.041548,0.050742,0.997847,0,0.93622,0.63043,56.173,1.261,-1,375.000,-1,375.000,-1,325.000,325.000,300.000,300.000,-1,575.000,550.000,-1,700.000,725.000,-1,-1,2,0,2,0,2,0,0,0,0,2,0,0,2,0,0,2,2
35,3933.715,2086.022,-240.079,-73.077,0.288619,0.955457,-0.061646,-0.956395,0.290718,0.028136,0.044805,0.050837,0.997701,0,0.93815,0.63480,56.289,1.270,-1,375.000,-1,375.000,-1,325.000,325.000,300.000,300.000,-1,550.000,525.000,-1,700.000,725.000,-1,-1,2,0,2,0,2,0,0,0,0,2,0,0,2,0,0,2,2
36,3949.585,2037.040,-237.827,-72.047,0.305640,0.950105,-0.062328,-0.950982,0.307848,0.029364,0.047086,0.050299,0.997624,0,0.85815,0.51480,51.489,1.030,1000.000,375.000,-1,375.000,-1,325.000,325.000,300.000,300.000,-1,525.000,500.000,-1,725.000,725.000,-1,-1,1,0,2,0,2,0,0,0,0,2,0,0,2,0,0,2,2
37,3965.248,1990.879,-235.441,-71.257,0.318657,0.945828,-0.062182,-0.946609,0.320931,0.030585,0.048884,0.049116,0.997596,0,0.81244,0.39480,48.746,0.790,975.000,375.000,-1,375.000,-1,325.000,325.000,300.000,300.000,-1,525.000,525.000,-1,725.000,725.000,-1,-1,1,0,2,0,2,0,0,0,0,2,0,0,2,0,0,2,2
38,3981.374,1944.809,-233.008,-70.708,0.327670,0.942756,-0.061997,-0.943439,0.330006,0.031908,0.050541,0.048035,0.997566,0,0.81351,0.27480,48.811,0.550,950.000,375.000,-1,400.000,-1,325.000,325.000,300.000,300.000,-1,525.000,525.000,-1,725.000,750.000,-1,-1,1,0,2,0,2,0,0,0,0,2,0,0,2,0,0,2,2
39,3997.762,1898.790,-230.548,-70.398,0.332717,0.940995,-0.061874,-0.941597,0.335108,0.033136,0.051916,0.047236,0.997534,0,0.81416,0.15480,48.850,0.310,925.000,375.000,-1,400.000,-1,325.000,325.000,300.000,300.000,-1,525.000,525.000,-1,725.000,750.000,-1,-1,1,0,2,0,2,0,0,0,0,2,0,0,2,0,0,2,2
40,4014.257,1852.800,-227.932,-70.269,0.334800,0.940236,-0.062173,-0.940818,0.337235,0.033688,0.052642,0.047215,0.997497,0,0.81432,0.06475,48.859,0.130,900.000,375.000,-1,400.000,-1,325.000,325.000,300.000,300.000,-1,575.000,575.000,-1,725.000,750.000,-1,-1,1,0,2,0,2,0,0,0,0,2,0,0,2,0,0,2,2
41,4030.859,1806.868,-225.255,-70.128,0.337032,0.939399,-0.062768,-0.939969,0.339530,0.034325,0.053557,0.047431,0.997438,0,0.81399,0.07007,48.840,0.140,875.000,375.000,-1,400.000,-1,325.000,325.000,300.000,300.000,-1,600.000,600.000,-1,725.000,750.000,-1,-1,1,0,2,0,2,0,0,0,0,2,0,0,2,0,0,2,2
42,4047.569,1761.014,-222.576,-69.978,0.339437,0.938492,-0.063371,-0.939050,0.341999,0.034949,0.054472,0.047645,0.997378,0,0.81340,0.07542,48.804,0.151,850.000,375.000,-1,400.000,-1,325.000,325.000,300.000,300.000,-1,600.000,625.000,-1,725.000,750.000,-1,-1,1,0,2,0,2,0,0,0,0,2,0,0,2,0,0,2,2
43,4064.391,1715.254,-219.895,-69.816,0.342014,0.937514,-0.063983,-0.938061,0.344641,0.035559,0.055388,0.047858,0.997317,0,0.81256,0.08080,48.753,0.162,825.000,375.000,-1,400.000,-1,325.000,325.000,300.000,300.000,-1,625.000,625.000,-1,725.000,750.000,-1,-1,1,0,2,0,2,0,0,0,0,2,0,0,2,0,0,2,2
44,4081.327,1669.608,-217.214,-69.644,0.344765,0.936463,-0.064604,-0.936999,0.347456,0.036153,0.056303,0.048069,0.997256,0,0.81145,0.08619,48.687,0.172,800.000,375.000,-1,400.000,-1,325.000,325.000,300.000,300.000,-1,650.000,650.000,-1,725.000,750.000,-1,-1,1,0,2,0,2,0,0,0,0,2,0,0,2,0,0,2,2
45,4098.381,1624.093,-214.531,-69.460,0.347687,0.935338,-0.065234,-0.935863,0.350444,0.036732,0.057218,0.048279,0.997194,0,0.81009,0.09157,48.605,0.183,775.000,400.000,-1,400.000,-1,325.000,325.000,300.000,300.000,-1,675.000,675.000,-1,725.000,750.000,-1,-1,1,0,2,0,2,0,0,0,0,2,0,0,2,0,0,2,2
46,4115.554,1578.725,-211.848,-69.267,0.350776,0.934140,-0.065874,-0.934653,0.353599,0.037295,0.058131,0.048487,0.997131,0,0.80849,0.09680,48.509,0.194,750.000,400.000,-1,400.000,-1,325.000,325.000,300.000,300.000,-1,700.000,700.000,-1,725.000,775.000,1000.000,-1,1,0,2,0,2,0,0,0,0,2,0,0,2,0,0,1,2
47,4132.846,1533.519,-209.124,-69.068,0.353944,0.932890,-0.066630,-0.933410,0.356831,0.037657,0.058906,0.048865,0.997067,0,0.80666,0.09938,48.399,0.199,750.000,400.000,-1,400.000,-1,325.000,325.000,300.000,300.000,-1,700.000,725.000,-1,725.000,775.000,950.000,-1,1,0,2,0,2,0,0,0,0,2,0,0,2,0,0,1,2
48,4150.253,1488.491,-206.349,-68.865,0.357184,0.931590,-0.067529,-0.932137,0.360131,0.037770,0.059506,0.049455,0.997002,0,0.80460,0.10175,48.276,0.203,725.000,400.000,-1,400.000,1000.000,325.000,325.000,300.000,300.000,-1,750.000,750.000,-1,725.000,775.000,925.000,-1,1,0,2,0,1,0,0,0,0,2,0,0,2,0,0,1,2
49,4167.774,1443.654,-203.575,-68.657,0.360488,0.930250,-0.068435,-0.930826,0.363497,0.037860,0.060096,0.050053,0.996937,0,0.80232,0.10390,48.139,0.208,700.000,400.000,-1,400.000,950.000,325.000,325.000,300.000,300.000,-1,775.000,775.000,-1,725.000,775.000,900.000,-1,1,0,2,0,1,0,0,0,0,2,0,0,2,0,0,1,2
50,4185.406,1399.019,-200.730,-68.445,0.363880,0.928885,-0.069027,-0.929481,0.366924,0.037829,0.060466,0.050394,0.996897,0,0.79985,0.10583,47.991,0.212,675.000,375.000,-1,400.000,925.000,325.000,325.000,300.000,300.000,-1,825.000,800.000,-1,725.000,775.000,875.000,-1,1,0,2,0,1,0,0,0,0,2,0,0,2,0,1,1,2
51,4203.146,1354.598,-197.841,-68.230,0.367332,0.927493,-0.069462,-0.928100,0.370405,0.037828,0.060814,0.050572,0.996867,0,0.79720,0.10753,47.832,0.215,650.000,375.000,-1,400.000,900.000,325.000,325.000,300.000,300.000,-1,850.000,850.000,-1,725.000,775.000,825.000,-1,1,0,2,0,1,0,0,0,0,2,0,0,2,0,0,1,2
52,4219.089,1314.628,-195.222,-68.255,0.366897,0.927638,-0.069813,-0.928260,0.369995,0.037897,0.060985,0.050900,0.996840,0,0.71720,-0.01247,43.032,-0.025,625.000,375.000,-1,400.000,850.000,325.000,325.000,300.000,300.000,-1,900.000,875.000,-1,725.000,750.000,800.000,-1,1,0,2,0,1,0,0,0,0,2,0,0,2,0,0,1,2
53,4233.089,1279.052,-192.903,-68.520,0.362574,0.929313,-0.070120,-0.929962,0.365691,0.037959,0.060918,0.051446,0.996816,0,0.63720,-0.13247,38.232,-0.265,600.000,375.000,-1,400.000,825.000,325.000,325.000,300.000,300.000,-1,925.000,925.000,-1,725.000,750.000,775.000,-1,1,0,2,0,1,0,0,0,0,2,0,0,2,0,0,1,2
54,4245.057,1247.835,-190.887,-69.025,0.354343,0.932463,-0.070376,-0.933149,0.357473,0.038021,0.060610,0.052199,0.996796,0,0.55720,-0.25247,33.432,-0.505,600.000,375.000,-1,400.000,800.000,325.000,325.000,300.000,300.000,-1,950.000,950.000,-1,725.000,750.000,775.000,-1,1,0,2,0,1,0,0,0,0,2,0,0,2,0,0,1,2
55,4255.075,1221.013,-189.141,-69.521,0.346241,0.935480,-0.070671,-0.936214,0.349378,0.037936,0.060180,0.053028,0.996778,0,0.47720,-0.24783,28.632,-0.496,600.000,375.000,-1,400.000,775.000,325.000,325.000,300.000,300.000,-1,975.000,975.000,-1,725.000,750.000,775.000,-1,1,0,2,0,1,0,0,0,0,2,0,0,2,0,0,1,2
56,4263.224,1198.617,-187.695,-70.006,0.338281,0.938369,-0.070921,-0.939147,0.341423,0.037858,0.059739,0.053798,0.996763,0,0.39720,-0.24281,23.832,-0.486,575.000,375.000,-1,400.000,775.000,325.000,325.000,300.000,300.000,-1,1000.000,1000.000,-1,725.000,750.000,775.000,-1,1,0,2,0,1,0,0,0,0,2,0,0,2,0,0,1,2
57,4269.583,1180.679,-186.531,-70.483,0.330437,0.941139,-0.071193,-0.941960,0.333587,0.037831,0.059353,0.054561,0.996745,0,0.31720,-0.23843,19.032,-0.477,575.000,375.000,-1,400.000,750.000,325.000,325.000,300.000,300.000,-1,-1,1000.000,-1,725.000,750.000,775.000,-1,1,0,2,0,1,0,0,0,0,2,2,0,2,0,0,1,2
58,4274.228,1167.226,-185.664,-70.953,0.322698,0.943805,-0.071400,-0.944664,0.325853,0.037820,0.058961,0.055245,0.996730,0,0.23720,-0.23472,14.232,-0.469,575.000,375.000,-1,400.000,725.000,325.000,325.000,300.000,300.000,-1,-1,-1,-1,725.000,750.000,775.000,-1,1,0,2,0,1,0,0,0,0,2,2,2,2,0,0,1,2
59,4277.234,1158.286,-185.091,-71.416,0.315042,0.946378,-0.071537,-0.947270,0.318198,0.037820,0.058555,0.055850,0.996721,0,0.15720,-0.23170,9.432,-0.463,575.000,375.000,-1,400.000,725.000,325.000,325.000,300.000,300.000,-1,-1,-1,-1,725.000,750.000,775.000,-1,1,0,2,0,1,0,0,0,0,2,2,2,2,0,0,1,2
60,4278.676,1153.884,-184.806,-71.875,0.307448,0.948867,-0.071607,-0.949787,0.310601,0.037828,0.058135,0.056381,0.996715,0,0.07720,-0.22938,4.632,-0.459,575.000,375.000,-1,400.000,725.000,325.000,325.000,300.000,300.000,-1,-1,-1,-1,725.000,750.000,775.000,-1,1,0,2,0,1,0,0,0,0,2,2,2,2,0,0,1,2
61,4278.625,1154.044,-184.805,-72.330,0.299893,0.951281,-0.071614,-0.952226,0.303039,0.037840,0.057699,0.056845,0.996714,0,-0.00280,-0.22777,-0.168,-0.456,600.000,375.000,-1,400.000,725.000,325.000,325.000,300.000,300.000,-1,-1,-1,-1,725.000,750.000,800.000,-1,1,0,2,0,1,0,0,0,0,2,2,2,2,0,0,1,2
62,4277.155,1158.789,-185.085,-72.784,0.292353,0.953629,-0.071561,-0.954596,0.295490,0.037853,0.057244,0.057245,0.996718,0,-0.08280,-0.22685,-4.968,-0.454,600.000,375.000,-1,400.000,725.000,325.000,325.000,300.000,300.000,-1,-1,-1,-1,725.000,750.000,800.000,975.000,1,0,2,0,1,0,0,0,0,2,2,2,2,0,1,1,1
63,4274.338,1168.142,-185.641,-73.237,0.284808,0.955918,-0.071452,-0.956902,0.287931,0.037864,0.056768,0.057589,0.996725,0,-0.16280,-0.22664,-9.768,-0.453,600.000,375.000,-1,400.000,725.000,325.000,325.000,300.000,300.000,-1,-1,-1,-1,725.000,750.000,825.000,950.000,1,0,2,0,1,0,0,0,0,2,2,2,2,0,1,1,1
64,4270.247,1182.123,-186.470,-73.691,0.277232,0.958154,-0.071291,-0.959154,0.280339,0.037870,0.056271,0.057880,0.996736,0,-0.24280,-0.22712,-14.568,-0.454,625.000,400.000,-1,400.000,725.000,325.000,325.000,300.000,300.000,-1,-1,-1,-1,725.000,725.000,850.000,925.000,1,0,2,0,1,0,0,0,0,2,2,2,2,0,1,1,1
65,4264.957,1200.755,-187.566,-74.148,0.269605,0.960344,-0.071081,-0.961356,0.272691,0.037868,0.055749,0.058125,0.996751,0,-0.32280,-0.22828,-19.368,-0.457,625.000,400.000,-1,400.000,750.000,325.000,325.000,300.000,300.000,-1,-1,1000.000,-1,725.000,725.000,875.000,900.000,1,0,2,0,1,0,0,0,0,2,2,0,2,0,1,1,1
66,4259.534,1220.453,-188.715,-74.608,0.261899,0.962490,-0.070868,-0.963515,0.264965,0.037857,0.055215,0.058368,0.996767,0,-0.34053,-0.23011,-20.432,-0.460,650.000,400.000,-1,400.000,775.000,325.000,325.000,300.000,300.000,-1,-1,975.000,-1,725.000,725.000,900.000,900.000,1,0,2,0,1,0,0,0,0,2,2,0,2,0,1,1,1
67,4254.273,1240.189,-189.845,-75.072,0.254105,0.964588,-0.070711,-0.965628,0.257155,0.037860,0.054703,0.058660,0.996778,0,-0.34042,-0.23208,-20.425,-0.464,675.000,400.000,-1,400.000,775.000,325.000,325.000,300.000,300.000,-1,1000.000,975.000,-1,725.000,725.000,925.000,900.000,1,0,2,0,1,0,0,0,0,2,0,0,2,0,1,1,1
68,4249.174,1259.963,-190.961,-75.540,0.246228,0.966638,-0.070584,-0.967696,0.249262,0.037866,0.054197,0.058980,0.996787,0,-0.34034,-0.23402,-20.421,-0.468,675.000,400.000,-1,400.000,800.000,325.000,325.000,300.000,300.000,-1,975.000,950.000,-1,725.000,725.000,975.000,900.000,1,0,2,0,1,0,0,0,0,2,0,0,2,0,1,1,1
69,4244.239,1279.776,-192.048,-76.012,0.238269,0.968635,-0.070530,-0.969718,0.241286,0.037783,0.053616,0.059392,0.996794,0,-0.34031,-0.23595,-20.419,-0.472,700.000,400.000,-1,400.000,825.000,325.000,325.000,300.000,300.000,-1,975.000,950.000,-1,725.000,725.000,1000.000,900.000,1,0,2,0,1,0,0,0,0,2,0,0,2,0,1,1,1
70,4239.469,1299.629,-193.122,-76.488,0.230229,0.970580,-0.070497,-0.971691,0.233230,0.037681,0.053014,0.059826,0.996800,0,-0.34032,-0.23786,-20.419,-0.476,700.000,400.000,-1,400.000,825.000,325.000,325.000,300.000,300.000,-1,975.000,925.000,-1,725.000,725.000,-1,900.000,1,0,2,0,1,0,0,0,0,2,0,0,2,0,1,2,1
71,4234.864,1319.525,-194.186,-76.968,0.222110,0.972471,-0.070475,-0.973612,0.225093,0.037574,0.052403,0.060270,0.996806,0,-0.34036,-0.23974,-20.421,-0.479,725.000,400.000,-1,400.000,850.000,325.000,325.000,300.000,300.000,-1,950.000,925.000,-1,750.000,725.000,-1,925.000,1,0,2,0,1,0,0,0,0,2,0,0,2,0,1,2,1
72,4231.405,1334.759,-194.998,-77.207,0.218050,0.973390,-0.070465,-0.974548,0.221024,0.037490,0.052067,0.060497,0.996809,0,-0.26036,-0.11974,-15.621,-0.239,725.000,400.000,-1,400.000,875.000,325.000,325.000,300.000,300.000,-1,950.000,900.000,-1,750.000,725.000,-1,925.000,1,0,2,0,1,0,0,0,0,2,0,0,2,0,1,2,1
73,4229.009,1345.311,-195.562,-77.206,0.218063,0.973388,-0.070461,-0.974548,0.221032,0.037431,0.052009,0.060505,0.996812,0,-0.18036,0.00026,-10.821,0.001,725.000,400.000,-1,400.000,875.000,325.000,325.000,300.000,300.000,-1,925.000,900.000,-1,750.000,750.000,-1,925.000,1,0,2,0,1,0,0,0,0,2,0,0,2,0,1,2,1
74,4227.650,1351.178,-195.879,-76.966,0.222147,0.972464,-0.070460,-0.973613,0.225119,0.037398,0.052230,0.060293,0.996813,0,-0.10036,0.12026,-6.021,0.241,725.000,400.000,-1,400.000,875.000,325.000,325.000,300.000,300.000,-1,925.000,900.000,-1,750.000,750.000,-1,950.000,1,0,2,0,1,0,0,0,0,2,0,0,2,0,1,2,1
75,4227.365,1352.366,-195.947,-76.485,0.230292,0.970567,-0.070465,-0.971692,0.233273,0.037389,0.052726,0.059860,0.996813,0,-0.02036,0.24026,-1.221,0.481,725.000,400.000,-1,400.000,875.000,325.000,325.000,300.000,300.000,-1,925.000,875.000,-1,725.000,750.000,-1,950.000,1,0,2,0,1,0,0,0,0,2,0,0,2,0,1,2,1
76,4228.244,1348.897,-195.761,-75.765,0.242472,0.967595,-0.070479,-0.968683,0.245469,0.037404,0.053492,0.059203,0.996812,0,0.05964,0.36026,3.579,0.721,700.000,400.000,-1,400.000,875.000,325.000,325.000,300.000,300.000,-1,925.000,875.000,-1,725.000,750.000,1000.000,950.000,1,0,2,0,1,0,0,0,0,2,0,0,2,0,1,1,1
77,4230.440,1340.812,-195.313,-74.804,0.258650,0.963394,-0.070511,-0.964431,0.261669,0.037438,0.054518,0.058320,0.996808,0,0.13964,0.48026,8.379,0.961,700.000,400.000,-1,400.000,875.000,325.000,325.000,300.000,300.000,-1,925.000,875.000,-1,725.000,750.000,950.000,975.000,1,0,2,0,1,0,0,0,0,2,0,0,2,0,1,1,1
78,4234.159,1328.169,-194.591,-73.604,0.278768,0.957762,-0.070573,-0.958737,0.281814,0.037485,0.055790,0.057211,0.996802,0,0.21964,0.60026,13.179,1.201,675.000,400.000,-1,400.000,850.000,325.000,325.000,300.000,300.000,-1,925.000,900.000,-1,725.000,750.000,925.000,1000.000,1,0,2,0,1,0,0,0,0,2,0,0,2,0,1,1,1
79,4239.665,1311.055,-193.580,-72.163,0.302747,0.950447,-0.070679,-0.951347,0.305825,0.037537,0.057292,0.055876,0.996793,0,0.29964,0.72026,17.979,1.441,650.000,400.000,-1,400.000,850.000,325.000,325.000,300.000,300.000,-1,925.000,900.000,-1,725.000,750.000,875.000,-1,1,0,2,0,1,0,0,0,0,2,0,0,2,0,1,1,2
80,4247.274,1289.586,-192.266,-70.483,0.330480,0.941150,-0.070846,-0.941967,0.333595,0.037579,0.059002,0.054315,0.996779,0,0.37964,0.84026,22.779,1.681,625.000,375.000,-1,400.000,825.000,325.000,325.000,300.000,300.000,-1,925.000,925.000,-1,725.000,750.000,800.000,-1,1,0,2,0,1,0,0,0,0,2,0,0,2,0,0,1,2
81,4257.352,1263.916,-190.631,-68.562,0.361827,0.929531,-0.071093,-0.930255,0.364984,0.037595,0.060893,0.052532,0.996761,0,0.45964,0.96026,27.579,1.921,575.000,375.000,-1,400.000,825.000,325.000,325.000,300.000,300.000,-1,950.000,925.000,-1,725.000,750.000,750.000,-1,1,0,2,0,1,0,0,0,0,2,0,0,2,0,0,1,2
82,4270.230,1234.209,-188.649,-66.562,0.394039,0.916312,-0.071450,-0.916947,0.397239,0.037536,0.062778,0.050725,0.996738,0,0.53964,1.00000,32.379,2.000,550.000,375.000,-1,400.000,825.000,325.000,325.000,300.000,300.000,-1,975.000,975.000,-1,700.000,750.000,700.000,-1,1,0,2,0,1,0,0,0,0,2,0,0,2,1,0,1,2
83,4286.198,1200.635,-186.281,-64.562,0.425769,0.901964,-0.071988,-0.902531,0.429010,0.037258,0.064489,0.049108,0.996709,0,0.61964,1.00000,37.179,2.000,500.000,375.000,-1,400.000,875.000,325.000,325.000,300.000,300.000,-1,1000.000,1000.000,-1,675.000,750.000,625.000,-1,1,0,2,0,1,0,0,0,0,2,0,0,2,1,0,1,2
84,4305.540,1163.378,-183.543,-62.562,0.456977,0.886507,-0.072644,-0.887018,0.460261,0.036860,0.066112,0.047592,0.996677,0,0.69964,1.00000,41.979,2.000,475.000,375.000,-1,400.000,975.000,325.000,325.000,300.000,300.000,-1,-1,-1,-1,625.000,725.000,575.000,-1,1,0,2,0,1,0,0,0,0,2,2,2,2,1,0,1,2
85,4328.529,1122.639,-180.337,-60.562,0.487619,0.869971,-0.073334,-0.870412,0.490957,0.036673,0.067908,0.045948,0.996633,0,0.77964,1.00000,46.779,2.000,425.000,375.000,-1,400.000,-1,325.000,325.000,300.000,300.000,-1,-1,-1,-1,600.000,725.000,525.000,-1,1,0,2,0,2,0,0,0,0,2,2,2,2,1,0,1,2
86,4355.430,1078.632,-176.522,-58.562,0.517653,0.852392,-0.073918,-0.852700,0.521071,0.037253,0.070271,0.043745,0.996568,0,0.85964,1.00000,51.579,2.000,400.000,375.000,-1,400.000,-1,325.000,325.000,300.000,300.000,-1,-1,-1,-1,550.000,725.000,475.000,-1,1,0,2,0,2,0,0,0,0,2,2,2,2,1,0,1,2
87,4386.495,1031.584,-172.281,-56.562,0.547047,0.833763,-0.074687,-0.833945,0.550552,0.037798,0.072634,0.041608,0.996490,0,0.93964,1.00000,56.379,2.000,350.000,375.000,-1,400.000,-1,325.000,325.000,300.000,300.000,-1,-1,-1,-1,525.000,725.000,400.000,-1,1,0,2,0,2,0,0,0,0,2,2,2,2,1,0,1,2
88,4420.292,984.092,-167.828,-54.562,0.575768,0.814111,-0.075599,-0.814170,0.579364,0.038277,0.074961,0.039511,0.996403,0,0.97151,1.00000,58.291,2.000,300.000,375.000,-1,400.000,-1,325.000,325.000,300.000,300.000,-1,-1,975.000,-1,475.000,725.000,350.000,-1,1,1,2,0,2,0,0,0,0,2,2,0,2,1,0,1,2
89,4455.803,937.707,-163.302,-52.562,0.603782,0.793459,-0.076617,-0.793400,0.607472,0.038671,0.077227,0.037439,0.996310,0,0.97362,1.00000,58.417,2.000,275.000,325.000,-1,400.000,-1,325.000,325.000,300.000,300.000,-1,1000.000,925.000,-1,425.000,725.000,300.000,-1,1,1,2,0,2,0,0,0,0,2,0,0,2,1,0,1,2
90,4492.983,892.503,-158.708,-50.562,0.631056,0.771832,-0.077738,-0.771660,0.634840,0.038971,0.079430,0.035395,0.996212,0,0.97550,1.00000,58.530,2.000,225.000,300.000,-1,400.000,-1,300.000,325.000,300.000,300.000,-1,975.000,900.000,-1,400.000,725.000,250.000,-1,1,1,2,0,2,1,0,1,0,2,0,0,2,1,0,1,2
91,4531.789,848.556,-151.354,-48.562,0.656146,0.748949,-0.092454,-0.749257,0.661162,0.038453,0.089927,0.044041,0.994974,0,0.97711,1.00000,58.627,2.000,200.000,300.000,-1,400.000,-1,300.000,325.000,300.000,300.000,-1,675.000,525.000,-1,375.000,750.000,225.000,-1,1,1,2,0,2,1,0,1,0,2,0,0,2,1,1,1,2
92,4572.164,805.936,-142.787,-46.562,0.679474,0.724922,-0.113148,-0.726289,0.686428,0.036341,0.104012,0.057485,0.992913,0,0.97842,1.00000,58.705,2.000,200.000,275.000,-1,425.000,-1,275.000,350.000,300.000,300.000,-1,475.000,325.000,875.000,375.000,750.000,225.000,-1,1,1,2,0,2,1,1,1,0,2,0,0,1,1,1,1,2
93,4614.046,764.715,-134.043,-44.562,0.701500,0.699888,-0.134369,-0.702775,0.710663,0.032656,0.118347,0.071523,0.990393,0,0.97937,1.00000,58.762,2.000,200.000,275.000,-1,425.000,-1,275.000,325.000,300.000,275.000,-1,375.000,225.000,750.000,350.000,800.000,225.000,-1,1,1,2,1,2,1,1,1,0,2,0,0,1,1,1,1,2
94,4657.369,724.961,-125.129,-42.562,0.722190,0.673880,-0.155971,-0.678807,0.733806,0.027377,0.132901,0.086103,0.987382,0,0.97991,1.00000,58.795,2.000,200.000,275.000,-1,400.000,-1,250.000,300.000,300.000,275.000,-1,325.000,175.000,625.000,350.000,925.000,225.000,-1,1,1,2,1,2,1,1,1,0,2,0,0,0,1,0,1,2
95,4702.057,686.743,-115.741,-40.562,0.741725,0.647014,-0.176684,-0.654363,0.755889,0.021016,0.147151,0.100027,0.984043,0,0.97999,1.00000,58.799,2.000,200.000,250.000,-1,400.000,-1,250.000,300.000,325.000,250.000,-1,275.000,125.000,500.000,350.000,975.000,200.000,-1,1,1,2,1,2,1,1,1,0,2,0,0,0,1,0,1,2
96,4748.837,649.167,-105.970,-38.802,0.757229,0.622479,-0.197798,-0.632868,0.774143,0.013455,0.161499,0.114991,0.980150,0,1.00000,0.88000,60.000,1.760,200.000,250.000,-1,375.000,-1,225.000,275.000,325.000,250.000,-1,250.000,75.000,425.000,325.000,-1,200.000,-1,1,1,2,1,2,1,1,1,0,2,0,0,0,1,2,1,2
97,-7543.227,-4919.492,-374.805,129.946,-0.640174,-0.766495,-0.051602,0.766147,-0.641939,0.030530,-0.056526,-0.019990,0.998201,1,0.00000,0.00000,60.000,1.520,-1,400.000,-1,400.000,-1,325.000,325.000,300.000,300.000,-1,-1,-1,-1,775.000,750.000,-1,-1,2,0,2,0,2,0,0,0,0,2,2,2,2,0,0,2,2
98,-7546.312,-4915.815,-375.076,130.002,-0.640917,-0.765871,-0.051653,0.765521,-0.642685,0.030560,-0.056602,-0.019955,0.998197,0,0.08000,0.02787,4.800,0.056,-1,400.000,-1,400.000,-1,325.000,325.000,300.000,300.000,-1,-1,-1,-1,775.000,750.000,-1,-1,2,0,2,0,2,0,0,0,0,2,2,2,2,0,0,2,2
99,-7552.491,-4908.467,-375.617,130.058,-0.641655,-0.765245,-0.051755,0.764893,-0.643430,0.030616,-0.056729,-0.019942,0.998190,0,0.16000,0.02787,9.600,0.056,-1,400.000,-1,400.000,-1,325.000,325.000,300.000,300.000,-1,-1,-1,-1,775.000,750.000,-1,-1,2,0,2,0,2,0,0,0,0,2,2,2,2,0,0,2,2
100,-7561.769,-4897.454,-376.430,130.113,-0.642389,-0.764619,-0.051905,0.764263,-0.644174,0.030695,-0.056905,-0.019951,0.998180,0,0.24000,0.02787,14.400,0.056,-1,400.000,-1,400.000,-1,325.000,325.000,300.000,300.000,-1,-1,-1,-1,775.000,750.000,-1,-1,2,0,2,0,2,0,0,0,0,2,2,2,2,0,0,2,2
101,-7574.154,-4882.783,-377.514,130.169,-0.643119,-0.763991,-0.052103,0.763632,-0.644917,0.030791,-0.057126,-0.019985,0.998167,0,0.32000,0.02787,19.200,0.056,-1,400.000,-1,400.000,-1,325.000,325.000,300.000,300.000,-1,-1,-1,-1,775.000,750.000,-1,-1,2,0,2,0,2,0,0,0,0,2,2,2,2,0,0,2,2
102,-7589.653,-4864.458,-378.869,130.225,-0.643845,-0.763363,-0.052347,0.763001,-0.645659,0.030897,-0.057384,-0.020047,0.998151,0,0.40000,0.02787,24.000,0.056,-1,400.000,-1,400.000,-1,325.000,325.000,300.000,300.000,-1,-1,-1,-1,775.000,750.000,-1,-1,2,0,2,0,2,0,0,0,0,2,2,2,2,0,0,2,2
103,-7608.273,-4842.487,-380.497,130.281,-0.644568,-0.762733,-0.052635,0.762369,-0.646400,0.031006,-0.057672,-0.020142,0.998132,0,0.48000,0.02787,28.800,0.056,-1,400.000,-1,400.000,-1,325.000,325.000,300.000,300.000,-1,-1,-1,-1,775.000,750.000,-1,-1,2,0,2,0,2,0,0,0,0,2,2,2,2,0,0,2,2
104,-7630.021,-4816.875,-382.422,130.336,-0.645295,-0.762103,-0.052849,0.761736,-0.647141,0.031109,-0.057909,-0.020182,0.998118,0,0.56000,0.02787,33.600,0.056,-1,400.000,-1,400.000,-1,325.000,325.000,300.000,300.000,-1,-1,-1,-1,750.000,750.000,-1,-1,2,0,2,0,2,0,0,0,0,2,2,2,2,0,0,2,2
105,-7654.905,-4787.629,-384.636,130.392,-0.646024,-0.761473,-0.053025,0.761102,-0.647881,0.031194,-0.058107,-0.020205,0.998106,0,0.64000,0.02787,38.400,0.056,-1,400.000,-1,400.000,-1,325.000,325.000,300.000,300.000,-1,-1,-1,-1,750.000,750.000,-1,-1,2,0,2,0,2,0,0,0,0,2,2,2,2,0,0,2,2
106,-7682.931,-4754.754,-387.128,130.448,-0.646752,-0.760842,-0.053220,0.760470,-0.648621,0.031246,-0.058293,-0.020264,0.998094,0,0.72000,0.02787,43.200,0.056,-1,400.000,-1,400.000,-1,325.000,325.000,300.000,300.000,-1,-1,-1,-1,750.000,750.000,-1,-1,2,0,2,0,2,0,0,0,0,2,2,2,2,0,0,2,2
107,-7714.107,-4718.256,-389.896,130.503,-0.647478,-0.760209,-0.053434,0.759839,-0.649359,0.031248,-0.058453,-0.020369,0.998082,0,0.80000,0.02787,48.000,0.056,-1,400.000,-1,400.000,-1,325.000,325.000,300.000,300.000,-1,-1,-1,-1,750.000,725.000,-1,-1,2,0,2,0,2,0,0,0,0,2,2,2,2,0,0,2,2
108,-7748.411,-4678.175,-392.939,130.559,-0.648203,-0.759574,-0.053665,0.759212,-0.650096,0.031183,-0.058573,-0.020531,0.998072,0,0.87928,0.02787,52.757,0.056,-1,400.000,-1,400.000,-1,325.000,325.000,300.000,300.000,-1,-1,-1,-1,750.000,725.000,-1,-1,2,0,2,0,2,0,0,0,0,2,2,2,2,0,0,2,2
109,-7782.754,-4638.128,-395.969,130.615,-0.648928,-0.758938,-0.053904,0.758590,-0.650832,0.030987,-0.058599,-0.020782,0.998065,0,0.87928,0.02787,52.757,0.056,-1,400.000,-1,375.000,-1,325.000,325.000,300.000,300.000,-1,-1,-1,-1,750.000,725.000,-1,-1,2,0,2,0,2,0,0,0,0,2,2,2,2,0,0,2,2
110,-7817.136,-4598.114,-398.992,130.671,-0.649653,-0.758299,-0.054164,0.757973,-0.651565,0.030672,-0.058550,-0.021128,0.998061,0,0.87928,0.02787,52.757,0.056,-1,400.000,-1,375.000,-1,325.000,325.000,300.000,300.000,-1,-1,-1,-1,725.000,725.000,-1,-1,2,0,2,0,2,0,0,0,0,2,2,2,2,0,0,2,2
111,-7851.557,-4558.133,-402.006,130.726,-0.650379,-0.757658,-0.054421,0.757360,-0.652296,0.030251,-0.058419,-0.021542,0.998060,0,0.87928,0.02787,52.757,0.056,-1,400.000,-1,375.000,-1,325.000,325.000,300.000,300.000,-1,-1,-1,-1,725.000,725.000,-1,-1,2,0,2,0,2,0,0,0,0,2,2,2,2,0,0,2,2
112,-7886.017,-4518.186,-405.012,130.782,-0.651106,-0.757015,-0.054676,0.756752,-0.653026,0.029724,-0.058207,-0.022023,0.998062,0,0.87928,0.02787,52.757,0.056,-1,375.000,-1,375.000,-1,325.000,325.000,300.000,300.000,-1,-1,-1,-1,725.000,725.000,-1,-1,2,0,2,0,2,0,0,0,0,2,2,2,2,0,0,2,2
113,-7920.516,-4478.273,-407.990,130.838,-0.651833,-0.756372,-0.054910,0.756143,-0.653755,0.029192,-0.057977,-0.022491,0.998065,0,0.87928,0.02787,52.757,0.056,-1,375.000,-1,375.000,-1,325.000,325.000,300.000,300.000,-1,-1,-1,-1,725.000,725.000,-1,-1,2,0,2,0,2,0,0,0,0,2,2,2,2,0,0,2,2
114,-7955.053,-4438.393,-410.978,130.894,-0.652576,-0.755731,-0.054906,0.755529,-0.654487,0.028695,-0.057621,-0.022757,0.998079,0,0.87928,0.02787,52.757,0.056,-1,375.000,-1,375.000,-1,325.000,325.000,300.000,300.000,-1,-1,-1,-1,725.000,725.000,-1,-1,2,0,2,0,2,0,0,0,0,2,2,2,2,0,0,2,2
115,-7989.877,-4398.263,-414.008,130.951,-0.653350,-0.755078,-0.054687,0.754900,-0.655235,0.028166,-0.057100,-0.022880,0.998106,0,0.88554,0.02846,53.133,0.057,-1,375.000,-1,375.000,-1,325.000,325.000,300.000,300.000,-1,-1,-1,-1,725.000,700.000,-1,-1,2,0,2,0,2,0,0,0,0,2,2,2,2,0,0,2,2
116,-8025.013,-4357.856,-417.035,131.009,-0.654141,-0.754409,-0.054468,0.754255,-0.656001,0.027596,-0.056550,-0.023031,0.998134,0,0.89246,0.02914,53.547,0.058,-1,375.000,-1,375.000,-1,325.000,325.000,300.000,300.000,-1,-1,-1,-1,700.000,700.000,-1,-1,2,0,2,0,2,0,0,0,0,2,2,2,2,0,0,2,2
117,-8060.466,-4317.170,-420.027,131.068,-0.654962,-0.753724,-0.054086,0.753594,-0.656786,0.026991,-0.055867,-0.023081,0.998171,0,0.89942,0.02985,53.965,0.060,-1,375.000,-1,375.000,-1,300.000,300.000,300.000,300.000,-1,-1,-1,-1,700.000,700.000,-1,-1,2,0,2,0,2,0,0,0,0,2,2,2,2,0,0,2,2
118,-8096.239,-4276.205,-422.949,131.130,-0.655824,-0.753026,-0.053363,0.752912,-0.657593,0.026358,-0.054939,-0.022892,0.998227,0,0.90644,0.03058,54.386,0.061,-1,375.000,-1,375.000,-1,300.000,300.000,300.000,300.000,-1,-1,-1,-1,700.000,700.000,-1,-1,2,0,2,0,2,0,0,0,0,2,2,2,2,0,0,2,2
119,-8132.337,-4234.960,-425.857,131.192,-0.656708,-0.752309,-0.052589,0.752213,-0.658420,0.025684,-0.053948,-0.022691,0.998286,0,0.91350,0.03135,54.810,0.063,-1,375.000,-1,375.000,-1,300.000,300.000,300.000,300.000,-1,-1,-1,-1,700.000,700.000,-1,-1,2,0,2,0,2,0,0,0,0,2,2,2,2,0,0,2,2
120,-8168.762,-4193.435,-428.750,131.257,-0.657616,-0.751573,-0.051762,0.751495,-0.659266,0.024968,-0.052890,-0.022480,0.998347,0,0.92062,0.03215,55.237,0.064,-1,375.000,-1,375.000,-1,300.000,300.000,300.000,300.000,-1,-1,-1,-1,700.000,700.000,-1,-1,2,0,2,0,2,0,0,0,0,2,2,2,2,0,0,2,2
121,-8205.518,-4151.628,-431.596,131.323,-0.658543,-0.750815,-0.050962,0.750761,-0.660133,0.024123,-0.051754,-0.022375,0.998409,0,0.92779,0.03299,55.667,0.066,-1,375.000,975.000,375.000,-1,300.000,300.000,300.000,300.000,-1,-1,-1,-1,675.000,700.000,-1,-1,2,0,1,0,2,0,0,0,0,2,2,2,2,0,0,2,2
122,-8242.611,-4109.541,-434.413,131.390,-0.659492,-0.750035,-0.050168,0.750009,-0.661021,0.023198,-0.050562,-0.022328,0.998471,0,0.93501,0.03387,56.100,0.068,-1,375.000,925.000,375.000,-1,300.000,300.000,300.000,300.000,-1,-1,-1,-1,675.000,700.000,975.000,-1,2,0,1,0,2,0,0,0,0,2,2,2,2,1,0,1,2
123,-8280.043,-4067.171,-437.200,131.460,-0.660465,-0.749232,-0.049363,0.749235,-0.661931,0.022215,-0.049319,-0.022312,0.998534,0,0.94227,0.03479,56.536,0.070,-1,375.000,875.000,375.000,-1,300.000,300.000,325.000,300.000,-1,-1,-1,-1,650.000,700.000,900.000,-1,2,0,1,0,2,0,0,0,0,2,2,2,2,1,0,1,2
124,-8317.820,-4024.520,-439.955,131.531,-0.661463,-0.748405,-0.048545,0.748438,-0.662866,0.021172,-0.048024,-0.022329,0.998597,0,0.94959,0.03577,56.976,0.072,-1,375.000,825.000,375.000,-1,300.000,300.000,325.000,325.000,-1,875.000,925.000,-1,600.000,700.000,850.000,-1,2,0,1,0,2,0,0,0,0,2,0,0,2,1,0,1,2
125,-8355.945,-3981.587,-442.616,131.605,-0.662488,-0.747548,-0.047765,0.747628,-0.663823,0.019780,-0.046494,-0.022606,0.998663,0,0.95696,0.03681,57.417,0.074,-1,375.000,775.000,375.000,-1,300.000,300.000,325.000,325.000,-1,800.000,800.000,-1,575.000,700.000,775.000,-1,2,0,1,0,2,0,0,0,0,2,0,0,2,1,0,1,2
126,-8394.422,-3938.372,-445.220,131.681,-0.663542,-0.746662,-0.046990,0.746794,-0.664806,0.018217,-0.044841,-0.023004,0.998729,0,0.96437,0.03792,57.862,0.076,-1,375.000,700.000,375.000,-1,300.000,300.000,325.000,325.000,-1,750.000,750.000,-1,525.000,700.000,700.000,-1,2,1,1,0,2,0,0,0,0,2,0,0,2,1,0,1,2
127,-8433.256,-3894.876,-447.786,131.759,-0.664627,-0.745746,-0.046202,0.745930,-0.665818,0.016580,-0.043127,-0.023444,0.998795,0,0.97183,0.03910,58.310,0.078,975.000,350.000,650.000,375.000,-1,300.000,300.000,325.000,325.000,-1,700.000,700.000,-1,475.000,700.000,650.000,-1,1,1,1,0,2,1,0,0,0,2,0,0,2,1,0,1,2
128,-8472.452,-3851.099,-450.147,131.840,-0.665789,-0.744811,-0.044521,0.745024,-0.666871,0.014920,-0.040802,-0.023236,0.998897,0,0.97934,0.04036,58.760,0.081,875.000,325.000,600.000,375.000,-1,300.000,300.000,300.000,325.000,-1,625.000,650.000,-1,450.000,650.000,575.000,975.000,1,1,1,0,2,1,0,0,0,2,0,0,2,1,1,1,1
129,-8512.014,-3807.042,-452.365,131.923,-0.666985,-0.743849,-0.042673,0.744068,-0.667964,0.013645,-0.038654,-0.022651,0.998996,0,0.98688,0.04173,59.213,0.083,750.000,300.000,550.000,375.000,-1,275.000,300.000,300.000,325.000,-1,600.000,600.000,-1,400.000,600.000,500.000,900.000,1,1,1,0,2,1,0,0,0,2,0,0,2,1,1,1,1
130,-8551.571,-3762.748,-454.508,131.767,-0.665053,-0.745678,-0.040841,0.745905,-0.665936,0.012418,-0.036458,-0.022205,0.999088,0,0.98978,-0.07827,59.387,-0.157,650.000,275.000,500.000,375.000,-1,250.000,300.000,300.000,325.000,-1,575.000,575.000,-1,350.000,525.000,450.000,825.000,1,1,1,0,2,1,1,0,0,2,0,0,2,1,1,1,1
131,-8591.119,-3717.843,-456.595,131.370,-0.659974,-0.750274,-0.039038,0.750511,-0.660763,0.011159,-0.034167,-0.021934,0.999175,0,0.99728,-0.19827,59.837,-0.397,525.000,250.000,425.000,350.000,-1,225.000,275.000,300.000,325.000,-1,550.000,550.000,-1,325.000,475.000,375.000,750.000,1,1,1,1,2,1,1,0,0,2,0,0,2,1,1,1,1
132,-8630.271,-3672.377,-458.306,130.734,-0.651747,-0.757588,-0.035862,0.757806,-0.652404,0.009919,-0.030911,-0.020712,0.999308,0,1.00000,-0.31827,60.000,-0.637,400.000,225.000,375.000,325.000,-1,200.000,250.000,300.000,300.000,-1,525.000,525.000,-1,275.000,425.000,300.000,700.000,1,1,1,1,2,1,1,0,0,2,0,0,2,1,1,1,1
