timestep,x_cm,y_cm,z_cm,yaw_deg,basis_xx,basis_xy,basis_xz,basis_yx,basis_yy,basis_yz,basis_zx,basis_zy,basis_zz,teleport_flag,throttle_cmd,steering_cmd,cmd_move_cm,cmd_turn_deg,lidar_cm_0,lidar_cm_1,lidar_cm_2,lidar_cm_3,lidar_cm_4,lidar_cm_5,lidar_cm_6,lidar_cm_7,lidar_cm_8,lidar_cm_9,lidar_cm_10,lidar_cm_11,lidar_cm_12,lidar_cm_13,lidar_cm_14,lidar_cm_15,lidar_cm_16,lidar_class_0,lidar_class_1,lidar_class_2,lidar_class_3,lidar_class_4,lidar_class_5,lidar_class_6,lidar_class_7,lidar_class_8,lidar_class_9,lidar_class_10,lidar_class_11,lidar_class_12,lidar_class_13,lidar_class_14,lidar_class_15,lidar_class_16
0,-3603.065,-8853.591,15.405,18.130,0.950336,-0.311164,-0.006215,0.311132,0.950350,-0.005649,0.007665,0.003434,0.999965,1,0.08000,0.12000,4.800,0.240,-1,400.000,-1,375.000,500.000,325.000,325.000,300.000,300.000,-1,-1,-1,-1,850.000,475.000,-1,500.000,2,0,2,1,1,0,0,0,0,2,2,2,2,0,1,2,1
1,-3593.967,-8850.527,15.477,18.610,0.947696,-0.319115,-0.006134,0.319084,0.947710,-0.005545,0.007582,0.003297,0.999966,0,0.16000,0.24000,9.600,0.480,-1,400.000,-1,375.000,500.000,325.000,325.000,300.000,300.000,-1,-1,-1,-1,850.000,475.000,-1,475.000,2,0,2,1,1,0,0,0,0,2,2,2,2,0,1,2,1
2,-3580.359,-8845.818,15.582,19.088,0.944999,-0.327018,-0.006006,0.326989,0.945013,-0.005374,0.007433,0.003115,0.999968,0,0.24000,0.23923,14.400,0.478,-1,400.000,-1,350.000,475.000,325.000,325.000,300.000,300.000,-1,-1,-1,-1,850.000,475.000,-1,475.000,2,0,2,1,1,0,0,0,0,2,2,2,2,0,1,2,1
3,-3562.267,-8839.390,15.719,19.562,0.942260,-0.334831,-0.005832,0.334804,0.942274,-0.005133,0.007214,0.002884,0.999970,0,0.32000,0.23718,19.200,0.474,-1,400.000,-1,350.000,450.000,325.000,325.000,300.000,300.000,-1,-1,-1,-1,850.000,450.000,-1,450.000,2,0,2,1,1,0,0,0,0,2,2,2,2,0,1,2,1
4,-3539.719,-8831.169,15.889,20.032,0.939487,-0.342540,-0.005610,0.342516,0.939500,-0.004817,0.006921,0.002604,0.999973,0,0.40000,0.23471,24.000,0.469,-1,400.000,-1,350.000,425.000,325.000,325.000,300.000,300.000,-1,-1,-1,-1,850.000,450.000,-1,425.000,2,0,2,1,1,0,1,0,0,2,2,2,2,0,1,2,1
5,-3512.742,-8821.085,16.091,20.495,0.936686,-0.350129,-0.005338,0.350109,0.936699,-0.004421,0.006548,0.002272,0.999976,0,0.48000,0.23176,28.800,0.464,-1,400.000,-1,325.000,400.000,325.000,300.000,300.000,300.000,-1,-1,-1,-1,850.000,425.000,-1,400.000,2,1,2,1,1,0,1,0,0,2,2,2,2,0,1,2,1
6,-3481.364,-8809.070,16.325,20.952,0.933868,-0.357582,-0.005015,0.357565,0.933880,-0.003938,0.006091,0.001885,0.999980,0,0.56000,0.22827,33.600,0.457,-1,400.000,-1,325.000,350.000,325.000,300.000,300.000,300.000,-1,-1,-1,-1,850.000,425.000,-1,350.000,2,1,2,1,1,1,1,0,0,2,2,2,2,0,1,2,1
7,-3445.611,-8795.059,16.588,21.400,0.931044,-0.364879,-0.004635,0.364866,0.931054,-0.003363,0.005542,0.001440,0.999984,0,0.64000,0.22417,38.400,0.448,-1,400.000,-1,300.000,325.000,300.000,275.000,300.000,300.000,-1,-1,-1,-1,875.000,400.000,-1,325.000,2,1,2,1,1,1,1,0,0,2,2,2,2,0,1,2,1
8,-3405.512,-8778.989,16.881,21.839,0.928224,-0.371997,-0.004194,0.371988,0.928233,-0.002688,0.004893,0.000935,0.999988,0,0.72000,0.21935,43.200,0.439,-1,375.000,-1,275.000,275.000,300.000,275.000,300.000,300.000,-1,-1,-1,-1,875.000,375.000,-1,275.000,2,1,2,1,1,1,1,0,0,2,2,2,2,0,1,2,1
9,-3361.091,-8760.801,17.152,22.266,0.925425,-0.378911,-0.003753,0.378905,0.925433,-0.002127,0.004279,0.000546,0.999991,0,0.80000,0.21370,48.000,0.427,-1,375.000,-1,275.000,225.000,300.000,250.000,300.000,300.000,-1,-1,-1,-1,875.000,350.000,-1,225.000,2,1,2,1,1,1,1,0,0,2,2,2,2,0,1,2,1
10,-3312.374,-8740.441,20.557,22.680,0.922536,-0.385565,-0.016332,0.385695,0.922609,0.005643,0.012892,-0.011505,0.999851,0,0.88000,0.20708,52.800,0.414,-1,400.000,-1,275.000,225.000,300.000,250.000,300.000,350.000,-1,-1,-1,-1,950.000,375.000,-1,225.000,2,1,2,1,1,1,1,0,0,2,2,2,2,0,1,2,1
11,-3259.384,-8717.859,25.482,23.079,0.919360,-0.391832,-0.035288,0.392564,0.919573,0.016719,0.025899,-0.029223,0.999237,0,0.96000,0.19928,57.600,0.399,-1,450.000,-1,275.000,200.000,325.000,275.000,275.000,375.000,-1,475.000,-1,-1,-1,400.000,-1,225.000,2,1,2,1,1,1,1,0,0,2,0,2,2,2,1,2,1
12,-3204.345,-8693.968,30.125,23.459,0.915983,-0.397674,-0.053213,0.399412,0.916374,0.026994,0.038028,-0.045979,0.998218,0,1.00000,0.19008,60.000,0.380,-1,500.000,-1,300.000,200.000,350.000,275.000,275.000,400.000,-1,200.000,475.000,-1,-1,425.000,-1,225.000,2,0,2,1,1,1,1,0,1,2,0,0,2,2,1,2,1
13,-3149.457,-8669.731,34.134,23.818,0.912498,-0.403071,-0.069866,0.406119,0.913097,0.036356,0.049140,-0.061549,0.996894,0,1.00000,0.17956,60.000,0.359,-1,550.000,-1,300.000,200.000,375.000,300.000,275.000,375.000,850.000,125.000,350.000,-1,-1,475.000,-1,225.000,2,0,2,1,1,1,1,0,1,0,0,0,2,2,1,2,1
14,-3094.712,-8645.172,37.897,24.154,0.908997,-0.408061,-0.084914,0.412516,0.909924,0.043236,0.059623,-0.074330,0.995450,0,1.00000,0.16794,60.000,0.336,-1,575.000,-1,325.000,200.000,425.000,325.000,250.000,350.000,650.000,100.000,275.000,-1,-1,600.000,-1,250.000,2,0,2,1,1,1,1,0,1,0,0,0,2,2,1,2,1
15,-3040.101,-8620.316,40.876,24.464,0.905677,-0.412572,-0.097636,0.418523,0.906804,0.050444,0.067725,-0.086549,0.993943,0,1.00000,0.15508,60.000,0.310,-1,600.000,-1,350.000,200.000,475.000,350.000,250.000,325.000,525.000,75.000,250.000,-1,-1,-1,-1,250.000,2,0,2,1,1,1,1,0,1,0,0,0,2,2,2,2,1
16,-2985.615,-8595.190,42.980,24.746,0.902680,-0.416556,-0.107934,0.424047,0.903747,0.058529,0.073165,-0.098602,0.992434,0,1.00000,0.14085,60.000,0.282,-1,625.000,-1,375.000,200.000,525.000,375.000,250.000,300.000,450.000,50.000,225.000,-1,-1,-1,-1,300.000,2,0,2,1,1,0,1,0,1,0,0,0,2,2,2,2,1
17,-2931.239,-8569.826,44.481,24.996,0.900050,-0.420022,-0.116153,0.428958,0.900897,0.066178,0.076845,-0.109388,0.991024,0,1.00000,0.12510,60.000,0.250,-1,650.000,-1,425.000,200.000,550.000,450.000,250.000,275.000,400.000,50.000,225.000,-1,-1,-1,-1,-1,2,0,2,1,1,0,1,0,1,0,0,0,2,2,2,2,2
18,-4263.566,-2295.770,-5.445,141.137,-0.779130,-0.626794,0.009269,0.626355,-0.777819,0.051732,-0.025216,0.046112,0.998618,1,0.00000,0.00000,60.000,0.215,-1,375.000,-1,375.000,425.000,300.000,325.000,300.000,300.000,-1,825.000,900.000,-1,650.000,600.000,-1,500.000,2,0,2,0,1,0,0,0,0,2,1,1,2,0,1,2,1
19,-4267.317,-2292.774,-5.551,141.377,-0.781745,-0.623528,0.009345,0.623101,-0.780435,0.051641,-0.024906,0.046193,0.998622,0,0.08000,0.12000,4.800,0.240,-1,375.000,-1,375.000,425.000,300.000,325.000,300.000,300.000,-1,825.000,925.000,-1,650.000,600.000,-1,500.000,2,0,2,0,1,0,0,0,0,2,1,1,2,0,1,2,1
20,-4274.867,-2286.845,-5.763,141.857,-0.786935,-0.616963,0.009526,0.616559,-0.785625,0.051462,-0.024267,0.046371,0.998629,0,0.16000,0.24000,9.600,0.480,-1,375.000,-1,375.000,425.000,300.000,325.000,300.000,300.000,-1,825.000,925.000,-1,650.000,600.000,-1,525.000,2,0,2,0,1,0,0,0,0,2,1,1,2,0,1,2,1
21,-4286.303,-2278.095,-6.083,142.577,-0.794615,-0.607034,0.009853,0.606668,-0.793305,0.051208,-0.023269,0.046668,0.998639,0,0.24000,0.36000,14.400,0.720,-1,375.000,-1,375.000,400.000,300.000,325.000,300.000,300.000,-1,850.000,975.000,-1,650.000,600.000,-1,525.000,2,0,2,0,1,0,0,0,0,2,1,1,2,0,1,2,1
22,-4301.744,-2266.685,-6.489,143.537,-0.804660,-0.593646,0.010313,0.593331,-0.803349,0.050874,-0.021916,0.047055,0.998652,0,0.32000,0.48000,19.200,0.960,-1,375.000,-1,375.000,400.000,300.000,325.000,300.000,300.000,-1,875.000,1000.000,-1,625.000,625.000,-1,525.000,2,0,2,0,1,0,0,0,0,2,1,1,2,0,1,2,1
23,-4321.287,-2252.755,-6.980,144.519,-0.814697,-0.579785,0.010900,0.579528,-0.813388,0.050468,-0.020395,0.047433,0.998666,0,0.40000,0.49087,24.000,0.982,-1,375.000,-1,375.000,400.000,300.000,325.000,300.000,300.000,-1,900.000,-1,-1,625.000,700.000,-1,550.000,2,0,2,0,1,0,0,0,0,2,1,2,2,0,0,2,1
24,-4345.014,-2236.430,-7.547,145.470,-0.824196,-0.566185,0.011616,0.565994,-0.822892,0.049989,-0.018744,0.047775,0.998682,0,0.48000,0.47585,28.800,0.952,-1,375.000,-1,375.000,400.000,325.000,325.000,300.000,300.000,-1,950.000,-1,-1,625.000,675.000,-1,-1,2,0,2,0,1,0,0,0,0,2,1,2,2,0,0,2,2
25,-4372.996,-2217.831,-8.180,146.388,-0.833137,-0.552926,0.012466,0.552806,-0.831842,0.049432,-0.016962,0.048075,0.998700,0,0.56000,0.45882,33.600,0.918,-1,375.000,-1,375.000,400.000,325.000,325.000,300.000,300.000,-1,975.000,-1,-1,625.000,675.000,-1,-1,2,0,2,0,1,0,0,0,0,2,1,2,2,0,0,2,2
26,-4405.298,-2197.068,-8.800,147.267,-0.841508,-0.540079,0.013416,0.540029,-0.840209,0.049161,-0.015279,0.048615,0.998701,0,0.64000,0.43974,38.400,0.879,-1,375.000,-1,375.000,400.000,300.000,325.000,300.000,325.000,-1,-1,-1,-1,625.000,675.000,-1,-1,2,0,2,0,1,0,0,0,0,2,2,2,2,0,0,2,2
27,-4441.976,-2174.243,-9.420,148.105,-0.849291,-0.527727,0.014468,0.527749,-0.847982,0.049057,-0.013620,0.049299,0.998691,0,0.72000,0.41860,43.200,0.837,-1,350.000,-1,375.000,400.000,300.000,325.000,300.000,325.000,-1,-1,-1,-1,600.000,650.000,1000.000,-1,2,0,2,0,1,0,0,0,0,2,2,2,2,0,0,0,2
28,-4483.075,-2149.447,-10.059,148.896,-0.856474,-0.515954,0.015634,0.516054,-0.855155,0.048968,-0.011896,0.050008,0.998678,0,0.80000,0.39542,48.000,0.791,1000.000,350.000,-1,375.000,450.000,300.000,300.000,300.000,325.000,-1,-1,-1,-1,600.000,650.000,975.000,-1,0,0,2,0,1,0,0,0,0,2,2,2,2,0,0,0,2
29,-4528.633,-2122.758,-10.407,149.636,-0.863036,-0.504807,0.018395,0.505060,-0.861666,0.049458,-0.009116,0.051975,0.998607,0,0.88000,0.37029,52.800,0.741,-1,350.000,-1,375.000,950.000,300.000,300.000,300.000,325.000,-1,750.000,675.000,-1,600.000,625.000,975.000,-1,2,0,2,0,1,0,0,0,1,2,0,0,2,0,0,0,2
30,-4576.468,-2095.540,-10.484,150.357,-0.869261,-0.493846,0.022390,0.494323,-0.867812,0.050468,-0.005493,0.054938,0.998475,0,0.91728,0.36049,55.037,0.721,-1,350.000,-1,375.000,925.000,300.000,300.000,325.000,300.000,-1,625.000,550.000,-1,600.000,625.000,1000.000,-1,2,0,2,0,1,0,0,0,1,2,0,0,2,0,0,0,2
31,-4623.770,-2069.394,-10.501,151.066,-0.875227,-0.482995,0.026318,0.483708,-0.873710,0.051544,-0.001901,0.057843,0.998324,0,0.90080,0.35435,54.048,0.709,-1,350.000,-1,375.000,900.000,300.000,300.000,325.000,275.000,-1,575.000,500.000,-1,600.000,625.000,-1,-1,2,0,2,0,1,0,0,0,1,2,0,0,2,0,0,2,2
32,-4670.466,-2044.322,-10.415,151.765,-0.880970,-0.472222,0.029971,0.473169,-0.879400,0.052597,0.001519,0.060518,0.998166,0,0.88335,0.34963,53.001,0.699,-1,350.000,-1,350.000,875.000,300.000,300.000,325.000,250.000,-1,525.000,450.000,-1,625.000,600.000,-1,-1,2,0,2,0,1,0,0,0,1,2,0,0,2,0,0,2,2
33,-4716.498,-2020.318,-10.083,152.458,-0.886535,-0.461504,0.032712,0.462641,-0.884940,0.053339,0.004332,0.062421,0.998041,0,0.86525,0.34628,51.915,0.693,-1,350.000,-1,350.000,850.000,300.000,300.000,325.000,225.000,-1,525.000,450.000,-1,625.000,600.000,-1,-1,2,0,2,0,1,0,0,0,1,2,0,0,2,0,0,2,2
34,-4761.828,-1997.367,-9.353,153.146,-0.891899,-0.450821,0.035727,0.452161,-0.890391,0.052485,0.008150,0.062966,0.997982,0,0.84683,0.34427,50.810,0.689,-1,350.000,-1,350.000,850.000,300.000,300.000,325.000,225.000,-1,500.000,425.000,-1,625.000,600.000,-1,-1,2,0,2,0,1,0,0,0,1,2,0,0,2,0,0,2,2
35,-4806.438,-1975.448,-8.125,153.833,-0.897072,-0.440144,0.039180,0.441685,-0.895800,0.049562,0.013282,0.061766,0.998002,0,0.82841,0.34353,49.704,0.687,-1,350.000,-1,350.000,825.000,300.000,300.000,325.000,225.000,-1,450.000,400.000,-1,625.000,625.000,-1,-1,2,0,2,0,1,0,0,0,1,2,0,0,2,0,0,2,2
36,-4850.326,-1954.535,-6.877,154.521,-0.902114,-0.429387,0.042627,0.431109,-0.901086,0.046790,0.018320,0.060586,0.997995,0,0.81026,0.34400,48.616,0.688,-1,350.000,-1,350.000,825.000,300.000,300.000,325.000,225.000,-1,425.000,375.000,-1,625.000,625.000,-1,-1,2,0,2,0,1,0,0,0,1,2,0,0,2,0,0,2,2
37,-4893.503,-1934.595,-5.612,155.212,-0.907041,-0.418515,0.046065,0.420400,-0.906264,0.044164,0.023264,0.059424,0.997962,0,0.79266,0.34560,47.559,0.691,-1,375.000,-1,375.000,800.000,300.000,300.000,300.000,225.000,-1,400.000,375.000,-1,650.000,625.000,-1,1000.000,2,0,2,0,1,0,0,0,1,2,0,0,2,0,0,2,1
38,-4935.997,-1915.595,-4.327,155.909,-0.911865,-0.407495,0.049490,0.409526,-0.911345,0.041698,0.028110,0.058290,0.997904,0,0.77580,0.34825,46.548,0.697,-1,375.000,-1,375.000,800.000,300.000,300.000,300.000,225.000,-1,350.000,325.000,-1,650.000,650.000,-1,-1,2,0,2,0,1,0,0,0,1,2,0,0,2,0,0,2,2
39,-4977.842,-1897.497,-3.008,156.613,-0.916599,-0.396295,0.052877,0.398458,-0.916337,0.039464,0.032814,0.057242,0.997821,0,0.75985,0.35188,45.591,0.704,-1,375.000,-1,375.000,775.000,300.000,300.000,300.000,250.000,-1,300.000,300.000,725.000,650.000,650.000,-1,-1,2,0,2,0,1,0,0,0,1,2,0,0,1,0,0,2,2
40,-5019.085,-1880.266,-1.673,157.325,-0.921248,-0.384887,0.056248,0.387170,-0.921250,0.037378,0.037432,0.056212,0.997717,0,0.74496,0.35640,44.697,0.713,-1,375.000,-1,375.000,775.000,300.000,300.000,300.000,275.000,-1,275.000,275.000,550.000,675.000,650.000,-1,-1,2,0,2,0,1,0,0,0,1,2,0,0,1,0,0,2,2
41,-5058.633,-1864.126,-0.371,157.798,-0.924182,-0.377291,0.059495,0.379676,-0.924441,0.035415,0.041638,0.055318,0.997600,0,0.71191,0.23640,42.715,0.473,-1,375.000,-1,375.000,775.000,300.000,300.000,300.000,300.000,-1,250.000,250.000,475.000,675.000,675.000,-1,-1,2,0,2,0,1,0,0,0,1,2,0,0,1,0,0,2,2
42,-5097.627,-1848.395,0.925,158.031,-0.925490,-0.373547,0.062693,0.376022,-0.926006,0.033465,0.045553,0.054546,0.997472,0,0.70079,0.11640,42.047,0.233,-1,375.000,-1,375.000,750.000,300.000,300.000,300.000,325.000,-1,225.000,225.000,450.000,700.000,675.000,-1,-1,2,0,2,0,1,0,0,0,0,2,0,0,1,0,0,2,2
43,-5136.151,-1832.922,2.456,158.115,-0.925848,-0.372178,0.065490,0.374770,-0.926541,0.032702,0.048508,0.054821,0.997317,0,0.69191,0.04216,41.515,0.084,-1,375.000,-1,375.000,750.000,325.000,300.000,300.000,325.000,-1,225.000,225.000,425.000,700.000,675.000,-1,-1,2,0,2,0,1,0,0,0,0,2,0,0,1,0,0,2,2
44,-5174.298,-1817.675,4.194,158.213,-0.926315,-0.370569,0.067966,0.373311,-0.927119,0.032996,0.050785,0.055937,0.997142,0,0.68468,0.04904,41.081,0.098,-1,375.000,-1,375.000,725.000,325.000,300.000,300.000,300.000,-1,250.000,250.000,400.000,700.000,675.000,-1,-1,2,0,2,0,1,0,0,0,0,2,0,0,1,0,0,2,2
45,-5212.119,-1802.647,6.019,158.326,-0.926842,-0.368713,0.070811,0.371644,-0.927769,0.033545,0.053328,0.057408,0.996926,0,0.67828,0.05637,40.697,0.113,-1,375.000,-1,375.000,725.000,325.000,300.000,300.000,300.000,-1,250.000,250.000,400.000,700.000,700.000,-1,-1,2,0,2,0,1,0,0,0,0,2,0,0,1,0,0,2,2
46,-5249.660,-1787.826,7.845,158.454,-0.927459,-0.366603,0.073634,0.369729,-0.928513,0.034126,0.055860,0.058875,0.996701,0,0.67268,0.06413,40.361,0.128,-1,375.000,-1,375.000,700.000,325.000,325.000,300.000,300.000,-1,275.000,250.000,400.000,725.000,700.000,-1,-1,2,0,2,0,1,0,0,0,0,2,0,0,1,0,0,2,2
47,-5286.971,-1773.205,9.676,158.599,-0.928168,-0.364227,0.076437,0.367554,-0.929353,0.034743,0.058382,0.060341,0.996469,0,0.66787,0.07229,40.072,0.145,-1,400.000,-1,375.000,700.000,325.000,325.000,300.000,300.000,-1,275.000,250.000,400.000,750.000,700.000,-1,-1,2,0,2,0,1,0,0,0,0,2,0,0,1,0,0,2,2
48,-5324.096,-1758.777,11.756,158.761,-0.929048,-0.361591,0.078242,0.365028,-0.930345,0.034827,0.060199,0.060917,0.996326,0,0.66383,0.08084,39.830,0.162,-1,400.000,-1,375.000,700.000,325.000,325.000,300.000,300.000,-1,300.000,275.000,400.000,750.000,700.000,-1,-1,2,0,2,0,1,0,0,0,0,2,0,0,1,0,0,2,2
49,-5361.080,-1744.535,14.183,158.940,-0.930135,-0.358689,0.078683,0.362107,-0.931511,0.034143,0.061047,0.060249,0.996315,0,0.66054,0.08976,39.632,0.180,-1,400.000,-1,375.000,700.000,325.000,325.000,300.000,300.000,-1,325.000,300.000,400.000,775.000,700.000,-1,-1,2,0,2,0,1,0,0,0,0,2,0,0,1,0,0,2,2
50,-5397.970,-1730.476,16.742,159.138,-0.931331,-0.355490,0.079060,0.358858,-0.932807,0.033035,0.062004,0.059138,0.996322,0,0.65797,0.09904,39.478,0.198,-1,400.000,-1,375.000,700.000,325.000,325.000,300.000,300.000,-1,350.000,350.000,425.000,775.000,700.000,-1,-1,2,0,2,0,1,0,0,0,0,2,0,0,1,0,0,2,2
51,-5434.808,-1716.596,19.309,159.356,-0.932633,-0.351971,0.079446,0.355290,-0.934209,0.031972,0.062966,0.058044,0.996326,0,0.65610,0.10867,39.366,0.217,-1,400.000,-1,375.000,725.000,325.000,325.000,300.000,300.000,-1,400.000,375.000,450.000,775.000,700.000,-1,-1,2,0,2,0,1,0,0,0,0,2,0,0,1,0,0,2,2
52,-5471.636,-1702.893,21.888,159.593,-0.934043,-0.348121,0.079842,0.351390,-0.935717,0.030952,0.063935,0.056966,0.996327,0,0.65492,0.11865,39.295,0.237,-1,400.000,-1,375.000,-1,325.000,325.000,300.000,300.000,-1,425.000,400.000,475.000,800.000,725.000,-1,-1,2,0,2,0,2,0,0,0,0,2,0,0,1,0,0,2,2
53,-5513.035,-1687.710,24.801,159.860,-0.935611,-0.343778,0.080301,0.346994,-0.937392,0.029856,0.065010,0.055798,0.996323,0,0.73492,0.13355,44.095,0.267,-1,400.000,-1,375.000,-1,325.000,325.000,300.000,300.000,-1,450.000,450.000,500.000,800.000,725.000,-1,-1,2,0,2,0,2,0,0,0,0,2,0,0,1,0,0,2,2
54,-5557.400,-1671.463,27.928,159.887,-0.935722,-0.343351,0.080834,0.346523,-0.937601,0.028735,0.065924,0.054898,0.996313,0,0.78744,0.01355,47.246,0.027,-1,400.000,-1,375.000,-1,325.000,325.000,300.000,300.000,-1,475.000,475.000,525.000,800.000,750.000,-1,-1,2,0,2,0,2,0,0,0,0,2,0,0,1,0,0,2,2
55,-5601.623,-1655.081,31.047,159.674,-0.934384,-0.346844,0.081395,0.349982,-0.936348,0.027660,0.066620,0.054331,0.996298,0,0.78599,-0.10645,47.159,-0.213,-1,400.000,-1,375.000,-1,325.000,325.000,300.000,300.000,-1,525.000,525.000,575.000,825.000,750.000,-1,-1,2,0,2,0,2,0,0,0,0,2,0,0,1,0,0,2,2
56,-5645.727,-1638.472,34.160,159.365,-0.932442,-0.351900,0.081965,0.355011,-0.934483,0.026627,0.067225,0.053926,0.996279,0,0.78546,-0.15461,47.128,-0.309,-1,400.000,-1,375.000,-1,325.000,325.000,300.000,300.000,-1,550.000,550.000,600.000,825.000,775.000,-1,-1,2,0,2,0,2,0,0,0,0,2,0,0,1,0,0,2,2
57,-5689.737,-1621.638,37.272,159.068,-0.930548,-0.356747,0.082536,0.359833,-0.932665,0.025636,0.067833,0.053555,0.996258,0,0.78531,-0.14853,47.119,-0.297,-1,400.000,-1,375.000,-1,325.000,325.000,300.000,300.000,-1,600.000,575.000,650.000,825.000,775.000,-1,-1,2,0,2,0,2,0,0,0,0,2,0,0,1,0,0,2,2
58,-5733.654,-1604.590,40.383,158.784,-0.928709,-0.361375,0.083110,0.364438,-0.930900,0.024689,0.068445,0.053217,0.996235,0,0.78516,-0.14209,47.110,-0.284,-1,400.000,-1,400.000,-1,325.000,325.000,300.000,300.000,-1,625.000,625.000,675.000,850.000,800.000,-1,-1,2,0,2,0,2,0,0,0,0,2,0,0,1,0,0,2,2
59,-5777.481,-1587.337,43.501,158.513,-0.926935,-0.365773,0.083674,0.368816,-0.929197,0.023825,0.069035,0.052945,0.996208,0,0.78500,-0.13529,47.100,-0.271,-1,400.000,-1,400.000,-1,325.000,325.000,300.000,300.000,-1,650.000,650.000,725.000,875.000,800.000,-1,-1,2,0,2,0,2,0,0,0,0,2,0,0,1,0,0,2,2
60,-5821.220,-1569.893,46.721,158.257,-0.925249,-0.369922,0.084093,0.372975,-0.927543,0.023506,0.069304,0.053114,0.996181,0,0.78483,-0.12813,47.090,-0.256,-1,425.000,-1,400.000,-1,325.000,325.000,300.000,300.000,-1,675.000,700.000,750.000,875.000,825.000,-1,-1,2,0,2,0,2,0,0,0,0,2,0,0,1,0,0,2,2
61,-5864.876,-1552.269,49.714,158.016,-0.923729,-0.373838,0.083489,0.376810,-0.926014,0.022652,0.068844,0.052383,0.996251,0,0.78465,-0.12060,47.079,-0.241,-1,425.000,-1,400.000,-1,325.000,325.000,300.000,300.000,-1,725.000,750.000,800.000,900.000,825.000,-1,-1,2,0,2,0,2,0,0,0,0,2,0,0,1,0,0,2,2
62,-5908.451,-1534.476,52.657,157.790,-0.922315,-0.377495,0.082659,0.380369,-0.924579,0.021725,0.068224,0.051478,0.996341,0,0.78447,-0.11271,47.068,-0.225,-1,425.000,-1,400.000,-1,325.000,325.000,300.000,300.000,-1,775.000,800.000,825.000,900.000,825.000,-1,-1,2,0,2,0,2,0,0,0,0,2,0,0,1,0,0,2,2
63,-5951.952,-1516.529,55.604,157.581,-0.920995,-0.380881,0.081841,0.383662,-0.923238,0.020862,0.067613,0.050613,0.996427,0,0.78430,-0.10445,47.058,-0.209,-1,425.000,-1,400.000,-1,325.000,325.000,300.000,300.000,-1,825.000,850.000,875.000,900.000,825.000,-1,-1,2,0,2,0,2,0,0,0,0,2,0,0,1,0,0,2,2
64,-5995.386,-1498.439,58.620,157.390,-0.919799,-0.383987,0.080763,0.386658,-0.922008,0.019911,0.066819,0.049542,0.996534,0,0.78417,-0.09582,47.050,-0.192,-1,425.000,-1,400.000,-1,325.000,325.000,300.000,300.000,-1,900.000,900.000,925.000,925.000,850.000,-1,-1,2,0,2,0,2,0,0,0,0,2,0,0,1,0,0,2,2
65,-6038.760,-1480.220,61.574,157.216,-0.918736,-0.386796,0.079453,0.389370,-0.920879,0.019322,0.065693,0.048689,0.996651,0,0.78409,-0.08683,47.046,-0.174,-1,425.000,-1,400.000,-1,325.000,325.000,300.000,300.000,-1,950.000,950.000,950.000,925.000,825.000,-1,-1,2,0,2,0,2,0,0,0,1,2,0,0,1,0,1,2,2
66,-6082.085,-1461.884,64.319,157.061,-0.917819,-0.389287,0.077870,0.391814,-0.919833,0.019713,0.063954,0.048604,0.996769,0,0.78410,-0.07747,47.046,-0.155,-1,425.000,-1,400.000,-1,325.000,325.000,300.000,300.000,-1,-1,-1,1000.000,900.000,800.000,-1,-1,2,0,2,0,2,0,0,0,1,2,2,2,1,0,1,2,2
67,-6125.374,-1443.442,67.061,156.926,-0.917027,-0.391462,0.076281,0.393944,-0.918913,0.020154,0.062206,0.048532,0.996883,0,0.78422,-0.06774,47.053,-0.135,-1,400.000,-1,400.000,-1,325.000,325.000,300.000,275.000,-1,-1,-1,-1,900.000,775.000,-1,-1,2,0,2,0,2,0,0,0,1,2,2,2,2,0,1,2,2
68,-6168.640,-1424.907,69.799,156.810,-0.916367,-0.393312,0.074684,0.395749,-0.918127,0.020642,0.060451,0.048472,0.996994,0,0.78448,-0.05764,47.069,-0.115,-1,400.000,-1,400.000,-1,325.000,325.000,300.000,275.000,-1,-1,-1,-1,900.000,750.000,-1,975.000,2,0,2,0,2,0,0,0,1,2,2,2,2,0,1,2,1
69,-6211.900,-1406.291,72.535,156.716,-0.915846,-0.394824,0.073080,0.397218,-0.917480,0.021179,0.058688,0.048425,0.997101,0,0.78493,-0.04718,47.096,-0.094,-1,400.000,-1,400.000,-1,325.000,325.000,300.000,275.000,-1,-1,-1,-1,900.000,700.000,-1,925.000,2,0,2,0,2,0,0,0,1,2,2,2,2,0,1,2,1
70,-6255.172,-1387.604,75.271,156.643,-0.915470,-0.395988,0.071467,0.398340,-0.916980,0.021762,0.056917,0.048391,0.997206,0,0.78558,-0.03634,47.135,-0.073,-1,400.000,-1,400.000,-1,325.000,325.000,300.000,275.000,-1,-1,-1,-1,900.000,675.000,-1,875.000,2,0,2,0,2,0,0,0,1,2,2,2,2,0,1,2,1
71,-6298.477,-1368.858,78.009,156.593,-0.915247,-0.396793,0.069845,0.399102,-0.916633,0.022391,0.055137,0.048369,0.997307,0,0.78649,-0.02513,47.189,-0.050,-1,425.000,-1,400.000,950.000,325.000,325.000,300.000,275.000,-1,-1,-1,-1,900.000,650.000,-1,800.000,2,0,2,0,1,0,0,0,1,2,2,2,2,0,1,2,1
72,-6341.840,-1350.062,80.750,156.566,-0.915182,-0.397226,0.068211,0.399494,-0.916446,0.023065,0.053350,0.048359,0.997404,0,0.78768,-0.01355,47.261,-0.027,-1,425.000,-1,400.000,875.000,325.000,325.000,300.000,275.000,-1,-1,-1,-1,900.000,625.000,-1,750.000,2,0,2,0,1,0,0,0,1,2,2,2,2,0,1,2,1
73,-6385.284,-1331.229,83.499,156.563,-0.915281,-0.397277,0.066569,0.399502,-0.916424,0.023771,0.051562,0.048352,0.997499,0,0.78918,-0.00159,47.351,-0.003,-1,425.000,-1,400.000,825.000,325.000,325.000,300.000,275.000,-1,-1,-1,-1,900.000,600.000,-1,700.000,2,0,2,1,1,0,0,0,1,2,2,2,2,0,1,2,1
74,-6428.837,-1312.367,86.187,156.584,-0.915540,-0.396939,0.065012,0.399108,-0.916586,0.024151,0.050003,0.048058,0.997592,0,0.79104,0.01074,47.463,0.021,-1,425.000,-1,375.000,750.000,325.000,325.000,300.000,300.000,-1,-1,-1,1000.000,900.000,550.000,-1,650.000,2,0,2,1,1,0,0,0,0,2,2,2,1,0,1,2,1
75,-6472.529,-1293.487,88.674,156.631,-0.915946,-0.396210,0.063719,0.398286,-0.916959,0.023551,0.049096,0.046950,0.997690,0,0.79329,0.02345,47.597,0.047,-1,425.000,-1,375.000,675.000,325.000,325.000,300.000,300.000,-1,-1,-1,925.000,900.000,525.000,-1,600.000,2,0,2,1,1,0,1,0,0,2,2,2,1,0,1,2,1
76,-6516.140,-1274.693,90.966,156.688,-0.916475,-0.395331,0.061536,0.397256,-0.917431,0.022541,0.047544,0.045104,0.997850,0,0.79146,0.02851,47.488,0.057,-1,425.000,-1,350.000,625.000,325.000,325.000,300.000,300.000,-1,-1,-1,875.000,900.000,500.000,-1,550.000,2,0,2,1,1,0,1,0,0,2,2,2,1,0,1,2,1
77,-6559.608,-1256.017,93.200,156.751,-0.917050,-0.394366,0.059117,0.396134,-0.917942,0.021467,0.045801,0.043104,0.998020,0,0.78852,0.03120,47.311,0.062,-1,425.000,-1,350.000,550.000,325.000,325.000,300.000,300.000,-1,-1,-1,800.000,875.000,475.000,-1,500.000,2,0,2,1,1,0,1,0,0,2,2,2,1,0,1,2,1
78,-6607.581,-1235.666,95.670,157.014,-0.919007,-0.390178,0.056460,0.391778,-0.919836,0.020303,0.044012,0.040779,0.998198,0,0.86852,0.13175,52.111,0.264,-1,425.000,-1,325.000,500.000,325.000,300.000,300.000,300.000,-1,-1,-1,750.000,875.000,450.000,-1,450.000,2,0,2,1,1,0,1,0,0,2,2,2,1,0,1,2,1
79,-6659.597,-1213.872,98.079,157.269,-0.920831,-0.386111,0.054678,0.387606,-0.921616,0.019632,0.042812,0.039271,0.998311,0,0.93996,0.12730,56.398,0.255,-1,425.000,1000.000,300.000,425.000,325.000,300.000,300.000,300.000,-1,-1,-1,700.000,875.000,425.000,-1,375.000,2,0,1,1,1,0,1,0,0,2,2,2,1,0,1,2,1
80,-6712.008,-1192.175,101.218,157.513,-0.922463,-0.382237,0.054369,0.383535,-0.923397,0.015461,0.044294,0.035115,0.998401,0,0.94541,0.12212,56.725,0.244,-1,425.000,975.000,300.000,350.000,350.000,275.000,300.000,325.000,-1,-1,-1,700.000,875.000,400.000,-1,325.000,2,0,1,1,1,0,1,0,0,2,2,2,1,0,1,2,1
81,-6759.985,-1172.315,104.932,157.517,-0.922408,-0.382251,0.055204,0.383221,-0.923624,0.007772,0.048016,0.028324,0.998445,0,0.86541,0.00212,51.925,0.004,-1,425.000,975.000,275.000,325.000,350.000,275.000,300.000,325.000,-1,-1,-1,700.000,925.000,375.000,-1,300.000,2,0,1,1,1,0,1,0,0,2,2,2,1,0,1,2,1
82,-6806.170,-1153.108,108.887,157.422,-0.921664,-0.383855,0.056486,0.384395,-0.923168,-0.001401,0.052684,0.020422,0.998402,0,0.83364,-0.04746,50.019,-0.095,-1,450.000,975.000,275.000,300.000,350.000,275.000,275.000,350.000,-1,-1,-1,700.000,950.000,350.000,-1,275.000,2,0,1,1,1,1,1,0,0,2,2,2,1,0,1,2,1
83,-6852.561,-1133.716,113.250,157.317,-0.920823,-0.385604,0.058267,0.385560,-0.922599,-0.012444,0.058556,0.011007,0.998223,0,0.83800,-0.05252,50.280,-0.105,-1,450.000,975.000,275.000,275.000,350.000,250.000,275.000,375.000,-1,-1,-1,725.000,1000.000,350.000,-1,250.000,2,0,1,1,1,1,1,0,0,2,2,2,1,0,1,2,1
84,-6899.141,-1114.134,118.028,157.201,-0.919882,-0.387494,0.060540,0.386661,-0.921872,-0.025400,0.065653,0.000043,0.997843,0,0.84212,-0.05800,50.527,-0.116,-1,475.000,-1,250.000,250.000,350.000,250.000,275.000,400.000,-1,400.000,-1,750.000,-1,325.000,-1,225.000,2,0,2,1,1,1,1,0,0,2,0,2,1,2,1,2,1
85,-6945.889,-1094.360,123.228,157.073,-0.918841,-0.389520,0.063292,0.387630,-0.920933,-0.040314,0.073991,-0.012508,0.997180,0,0.84595,-0.06394,50.757,-0.128,-1,500.000,-1,250.000,225.000,325.000,250.000,275.000,450.000,-1,250.000,-1,775.000,-1,300.000,-1,225.000,2,0,2,1,1,1,1,0,0,2,0,2,1,2,1,2,1
86,-6992.781,-1074.391,128.859,156.933,-0.917699,-0.391673,0.066491,0.388387,-0.919717,-0.057239,0.083572,-0.026704,0.996144,0,0.84943,-0.07040,50.966,-0.141,-1,550.000,-1,250.000,200.000,325.000,250.000,275.000,500.000,800.000,150.000,400.000,800.000,-1,300.000,-1,200.000,2,0,2,1,1,1,1,0,0,0,0,0,1,2,1,2,1
87,-7039.790,-1054.224,134.924,156.778,-0.916457,-0.393941,0.070120,0.388837,-0.918149,-0.076214,0.094404,-0.042582,0.994623,0,0.85249,-0.07745,51.149,-0.155,-1,550.000,-1,225.000,175.000,325.000,225.000,250.000,550.000,600.000,100.000,325.000,850.000,-1,275.000,-1,175.000,2,1,2,1,1,1,1,0,0,0,0,0,1,2,1,2,1
88,-7086.881,-1033.858,141.349,156.607,-0.915113,-0.396302,0.074255,0.388818,-0.916126,-0.097639,0.106722,-0.060479,0.992448,0,0.85506,-0.08515,51.303,-0.170,-1,550.000,-1,225.000,175.000,325.000,225.000,250.000,625.000,450.000,50.000,275.000,875.000,-1,275.000,-1,175.000,2,1,2,1,1,1,1,0,0,0,0,0,1,2,1,2,1
89,-7134.017,-1013.296,148.011,156.420,-0.913667,-0.398713,0.078995,0.388078,-0.913497,-0.122145,0.120862,-0.080944,0.989364,0,0.85702,-0.09361,51.421,-0.187,-1,550.000,-1,225.000,150.000,325.000,225.000,250.000,725.000,325.000,25.000,250.000,925.000,-1,300.000,-1,150.000,2,1,2,1,1,1,1,0,0,0,0,0,1,2,1,2,1
90,3607.679,-8199.030,-233.642,-17.407,0.945636,0.296742,0.133103,-0.309740,0.946516,0.090379,-0.099165,-0.126693,0.986973,1,0.00000,0.00000,51.496,-0.206,525.000,325.000,-1,375.000,-1,275.000,300.000,250.000,250.000,-1,-1,-1,200.000,525.000,650.000,600.000,-1,0,0,2,0,2,0,0,0,1,2,2,2,1,0,0,0,2
91,3612.265,-8200.445,-233.696,-17.167,0.946815,0.292756,0.133551,-0.305889,0.947689,0.091195,-0.099867,-0.127196,0.986837,0,0.08000,0.12000,4.800,0.240,525.000,325.000,-1,375.000,-1,275.000,300.000,250.000,275.000,-1,-1,-1,200.000,525.000,650.000,575.000,-1,0,0,2,0,2,0,0,0,1,2,2,2,1,0,0,0,2
92,3621.460,-8203.200,-233.855,-16.687,0.949147,0.284776,0.134247,-0.298147,0.950007,0.092710,-0.101134,-0.128020,0.986602,0,0.16000,0.24000,9.600,0.480,500.000,325.000,-1,375.000,-1,275.000,300.000,250.000,275.000,-1,-1,-1,200.000,525.000,650.000,575.000,-1,0,0,2,0,2,0,0,0,1,2,2,2,1,0,0,0,2
93,3635.303,-8207.163,-234.231,-15.985,0.952499,0.273089,0.134789,-0.286719,0.953329,0.094634,-0.102655,-0.128785,0.986345,0,0.24000,0.35097,14.400,0.702,500.000,325.000,-1,375.000,-1,275.000,300.000,250.000,300.000,-1,-1,-1,200.000,525.000,650.000,550.000,-1,0,0,2,0,2,0,0,0,1,2,2,2,1,0,0,0,2
94,3653.823,-8212.222,-235.087,-15.281,0.955839,0.261353,0.134413,-0.275063,0.956625,0.095961,-0.103503,-0.128695,0.986268,0,0.32000,0.35214,19.200,0.704,500.000,325.000,-1,375.000,-1,275.000,300.000,250.000,325.000,-1,-1,-1,200.000,525.000,650.000,550.000,-1,0,0,2,0,2,0,0,0,1,2,2,2,1,0,0,0,2
95,3677.049,-8218.263,-236.518,-14.573,0.959209,0.249562,0.132808,-0.263100,0.959940,0.096402,-0.103429,-0.127412,0.986442,0,0.40000,0.35377,24.000,0.708,500.000,325.000,-1,375.000,-1,275.000,300.000,250.000,375.000,-1,-1,-1,200.000,525.000,650.000,575.000,-1,0,0,2,0,2,0,0,0,1,2,2,2,1,0,0,0,2
96,3705.007,-8225.167,-238.627,-13.861,0.962646,0.237703,0.129650,-0.250749,0.963317,0.095634,-0.102162,-0.124571,0.986937,0,0.48000,0.35592,28.800,0.712,525.000,325.000,-1,375.000,-1,275.000,300.000,250.000,425.000,-1,-1,-1,225.000,525.000,650.000,600.000,-1,0,0,2,0,2,0,0,0,1,2,2,2,1,0,0,0,2
97,3737.722,-8232.816,-241.521,-13.144,0.966181,0.225760,0.124610,-0.237935,0.966790,0.093295,-0.099409,-0.119789,0.987810,0,0.56000,0.35862,33.600,0.717,575.000,325.000,-1,375.000,-1,275.000,300.000,250.000,475.000,-1,-1,-1,225.000,550.000,650.000,650.000,-1,0,0,2,0,2,0,0,0,0,2,2,2,1,0,0,0,2
98,3775.218,-8241.088,-245.310,-12.420,0.969823,0.213706,0.117360,-0.224599,0.970379,0.088999,-0.094864,-0.112673,0.989093,0,0.64000,0.36195,38.400,0.724,675.000,325.000,-1,375.000,-1,275.000,300.000,250.000,450.000,-1,-1,-1,225.000,575.000,675.000,775.000,-1,0,0,2,0,2,0,0,0,0,2,2,2,1,0,0,0,2
99,3817.516,-8249.856,-250.108,-11.688,0.973560,0.201510,0.107583,-0.210715,0.974074,0.082331,-0.088204,-0.102823,0.990781,0,0.72000,0.36594,43.200,0.732,875.000,350.000,-1,375.000,-1,300.000,300.000,275.000,425.000,-1,-1,-1,250.000,600.000,675.000,950.000,-1,0,0,2,0,2,0,0,0,0,2,2,2,1,0,0,0,2
100,3864.635,-8258.990,-256.024,-10.947,0.977348,0.189129,0.094979,-0.196303,0.977833,0.072854,-0.079095,-0.089848,0.992810,0,0.80000,0.37066,48.000,0.741,-1,350.000,-1,375.000,-1,300.000,300.000,275.000,375.000,-1,-1,-1,250.000,625.000,675.000,-1,-1,2,0,2,0,2,0,0,0,0,2,2,2,1,0,0,2,2
101,3913.689,-8267.832,-262.893,-10.195,0.981063,0.176494,0.079777,-0.181565,0.981455,0.061488,-0.067445,-0.074809,0.994914,0,0.83079,0.37614,49.848,0.752,-1,375.000,-1,375.000,-1,300.000,300.000,300.000,350.000,-1,-1,-1,275.000,700.000,700.000,-1,-1,2,0,2,0,2,0,0,0,0,2,2,2,1,0,0,2,2
102,3962.816,-8276.011,-270.333,-9.430,0.984526,0.163575,0.062866,-0.166694,0.984838,0.048033,-0.054056,-0.057769,0.996865,0,0.83010,0.38209,49.806,0.764,-1,400.000,-1,375.000,-1,325.000,325.000,300.000,300.000,-1,-1,-1,275.000,775.000,725.000,-1,-1,2,0,2,0,2,0,0,0,0,2,2,2,1,0,0,2,2
103,4012.061,-8283.506,-273.132,-8.654,0.986677,0.150213,0.062483,-0.153349,0.986965,0.048821,-0.054335,-0.057752,0.996851,0,0.83020,0.38825,49.812,0.777,-1,400.000,-1,375.000,-1,325.000,325.000,300.000,300.000,-1,-1,-1,325.000,775.000,725.000,-1,-1,2,0,2,0,2,0,0,0,0,2,2,2,1,0,0,2,2
104,4061.454,-8290.329,-275.917,-7.865,0.988660,0.136603,0.062384,-0.139777,0.988935,0.049702,-0.054904,-0.057858,0.996814,0,0.83105,0.39462,49.863,0.789,-1,400.000,-1,375.000,-1,325.000,325.000,300.000,300.000,-1,-1,350.000,400.000,775.000,725.000,-1,-1,2,0,2,0,2,0,0,0,0,2,2,1,1,0,0,2,2
105,4111.028,-8296.470,-278.735,-7.062,0.990481,0.122741,0.062305,-0.125955,0.990746,0.050572,-0.055521,-0.057938,0.996775,0,0.83255,0.40118,49.953,0.802,-1,400.000,-1,375.000,-1,325.000,325.000,300.000,300.000,-1,-1,325.000,450.000,750.000,725.000,-1,-1,2,0,2,0,2,0,0,0,0,2,2,1,1,0,0,2,2
106,4160.810,-8301.919,-281.588,-6.246,0.992133,0.108621,0.062245,-0.111876,0.992390,0.051430,-0.056185,-0.057990,0.996735,0,0.83466,0.40792,50.080,0.816,-1,400.000,-1,375.000,-1,325.000,325.000,300.000,300.000,-1,-1,350.000,500.000,750.000,725.000,-1,-1,2,0,2,0,2,0,0,0,0,2,2,1,1,0,0,2,2
107,4210.825,-8306.661,-284.481,-5.417,0.993604,0.094240,0.062205,-0.097537,0.993858,0.052280,-0.056896,-0.058013,0.996693,0,0.83732,0.41483,50.239,0.830,-1,400.000,-1,375.000,-1,325.000,325.000,300.000,300.000,-1,-1,400.000,575.000,750.000,750.000,-1,-1,2,0,2,0,2,0,0,0,0,2,2,1,1,0,0,2,2
108,4261.093,-8310.681,-287.418,-4.573,0.994886,0.079594,0.062181,-0.082935,0.995138,0.053122,-0.057651,-0.058007,0.996650,0,0.84048,0.42190,50.429,0.844,-1,400.000,-1,375.000,-1,325.000,325.000,300.000,300.000,-1,-1,425.000,650.000,750.000,750.000,-1,-1,2,0,2,0,2,0,0,0,0,2,2,1,1,0,0,2,2
109,4311.632,-8313.963,-290.401,-3.715,0.995967,0.064680,0.062174,-0.068065,0.996221,0.053956,-0.058449,-0.057971,0.996606,0,0.84410,0.42912,50.646,0.858,-1,400.000,-1,375.000,-1,325.000,325.000,300.000,300.000,-1,-1,475.000,725.000,750.000,750.000,-1,-1,2,0,2,0,2,0,0,0,0,2,2,1,1,0,0,2,2
110,4362.457,-8316.485,-293.435,-2.842,0.996837,0.049495,0.062183,-0.052925,0.997095,0.054785,-0.059290,-0.057903,0.996560,0,0.84812,0.43648,50.887,0.873,-1,400.000,-1,375.000,-1,325.000,325.000,300.000,300.000,-1,-1,525.000,800.000,750.000,750.000,-1,-1,2,0,2,0,2,0,0,0,0,2,2,1,1,0,0,2,2
111,4413.578,-8318.229,-296.523,-1.954,0.997483,0.034036,0.062205,-0.037513,0.997748,0.055609,-0.060172,-0.057802,0.996513,0,0.85253,0.44399,51.152,0.888,-1,400.000,-1,400.000,-1,325.000,325.000,300.000,300.000,-1,-1,575.000,875.000,725.000,750.000,-1,-1,2,0,2,0,2,0,0,0,0,2,2,1,1,0,0,2,2
112,4465.006,-8319.172,-299.669,-1.051,0.997893,0.018304,0.062240,-0.021828,0.998168,0.056428,-0.061093,-0.057668,0.996465,0,0.85728,0.45163,51.437,0.903,-1,400.000,-1,400.000,-1,325.000,325.000,300.000,300.000,-1,-1,600.000,975.000,725.000,750.000,-1,975.000,2,0,2,0,2,0,0,0,0,2,2,1,1,0,0,2,1
113,4511.837,-8319.488,-302.559,-0.387,0.998036,0.006748,0.062281,-0.010317,0.998311,0.057167,-0.061790,-0.057697,0.996420,0,0.78053,0.33163,46.832,0.663,-1,400.000,-1,400.000,-1,325.000,325.000,300.000,300.000,-1,-1,650.000,-1,725.000,750.000,-1,925.000,2,0,2,0,2,0,0,0,0,2,2,1,2,0,0,2,1
114,4558.963,-8319.458,-305.485,0.036,0.998056,-0.000627,0.062328,-0.002989,0.998318,0.057904,-0.062260,-0.057978,0.996375,0,0.78543,0.21163,47.126,0.423,-1,375.000,-1,400.000,975.000,325.000,325.000,300.000,300.000,-1,925.000,700.000,-1,725.000,750.000,-1,875.000,2,0,2,0,1,0,0,0,0,2,1,1,2,0,1,2,1
115,4606.399,-8319.277,-308.412,0.219,0.998054,-0.003820,0.062231,0.000182,0.998296,0.058352,-0.062348,-0.058227,0.996355,0,0.79062,0.09163,47.437,0.183,-1,375.000,-1,400.000,925.000,325.000,325.000,300.000,300.000,-1,925.000,750.000,-1,725.000,725.000,-1,825.000,2,0,2,0,1,0,0,0,0,2,1,1,2,0,1,2,1
116,4658.636,-8319.129,-311.506,0.162,0.998093,-0.002831,0.061658,-0.000758,0.998309,0.058119,-0.061719,-0.058055,0.996404,0,0.87062,-0.02837,52.237,-0.057,-1,375.000,-1,400.000,850.000,325.000,325.000,300.000,300.000,-1,975.000,800.000,-1,725.000,675.000,-1,775.000,2,0,2,0,1,0,0,0,0,2,1,1,2,0,1,2,1
117,4713.867,-8319.180,-314.763,-0.053,0.998134,0.000920,0.061047,-0.004460,0.998314,0.057868,-0.060890,-0.058032,0.996456,0,0.92051,-0.10766,55.231,-0.215,-1,375.000,-1,400.000,800.000,325.000,325.000,300.000,300.000,-1,-1,850.000,-1,725.000,625.000,-1,725.000,2,0,2,0,1,0,0,0,0,2,2,1,2,0,1,2,1
118,4769.474,-8319.446,-318.032,-0.274,0.998161,0.004771,0.060429,-0.008260,0.998304,0.057620,-0.060051,-0.058013,0.996508,0,0.92681,-0.11051,55.608,-0.221,-1,375.000,-1,400.000,725.000,325.000,325.000,300.000,300.000,-1,-1,900.000,-1,725.000,600.000,-1,675.000,2,0,2,0,1,0,0,0,0,2,2,1,2,0,1,2,1
119,4825.457,-8319.935,-321.313,-0.501,0.998172,0.008728,0.059807,-0.012166,0.998279,0.057376,-0.059203,-0.057998,0.996560,0,0.93307,-0.11353,55.984,-0.227,-1,375.000,-1,400.000,675.000,325.000,325.000,300.000,300.000,-1,-1,950.000,-1,700.000,550.000,-1,600.000,2,0,2,0,1,0,0,0,0,2,2,1,2,0,1,2,1
120,4881.810,-8320.658,-324.604,-0.734,0.998165,0.012795,0.059182,-0.016184,0.998235,0.057135,-0.058346,-0.057988,0.996611,0,0.93931,-0.11673,56.358,-0.233,-1,375.000,-1,400.000,600.000,325.000,325.000,300.000,300.000,-1,-1,-1,-1,700.000,500.000,-1,550.000,2,0,2,0,1,0,0,0,0,2,2,2,2,0,1,2,1
121,4938.531,-8321.623,-327.906,-0.975,0.998140,0.016981,0.058556,-0.020319,0.998173,0.056896,-0.057483,-0.057980,0.996661,0,0.94549,-0.12012,56.729,-0.240,-1,375.000,-1,375.000,550.000,325.000,325.000,300.000,300.000,-1,-1,-1,-1,700.000,475.000,-1,500.000,2,0,2,1,1,0,0,0,0,2,2,2,2,0,1,2,1
122,4995.614,-8322.841,-331.217,-1.222,0.998094,0.021292,0.057930,-0.024581,0.998091,0.056659,-0.056613,-0.057975,0.996711,0,0.95160,-0.12375,57.096,-0.247,-1,375.000,925.000,350.000,475.000,325.000,300.000,300.000,300.000,-1,-1,-1,-1,700.000,425.000,-1,450.000,2,0,1,1,1,1,1,0,0,2,2,2,2,0,1,2,1
123,5053.053,-8324.322,-334.537,-1.477,0.998025,0.025738,0.057307,-0.028977,0.997986,0.056424,-0.055739,-0.057973,0.996761,0,0.95763,-0.12762,57.458,-0.255,-1,375.000,850.000,325.000,425.000,300.000,275.000,300.000,300.000,-1,-1,-1,-1,700.000,400.000,-1,400.000,2,0,1,1,1,1,1,0,0,2,2,2,2,0,1,2,1
124,5110.839,-8326.079,-337.865,-1.741,0.997931,0.030329,0.056688,-0.033518,0.997857,0.056190,-0.054862,-0.057974,0.996810,0,0.96355,-0.13178,57.813,-0.264,-1,375.000,775.000,275.000,350.000,300.000,275.000,300.000,300.000,-1,-1,-1,-1,700.000,350.000,-1,325.000,2,0,1,1,1,1,1,0,0,2,2,2,2,0,1,2,1
125,5168.963,-8328.122,-341.199,-2.013,0.997810,0.035075,0.056075,-0.038215,0.997702,0.055955,-0.053983,-0.057976,0.996857,0,0.96933,-0.13626,58.160,-0.273,-1,375.000,700.000,250.000,300.000,275.000,250.000,300.000,300.000,-1,-1,-1,-1,700.000,300.000,-1,275.000,2,0,1,1,1,1,1,0,0,2,2,2,2,0,1,2,1
126,5227.413,-8330.466,-344.540,-2.296,0.997659,0.039989,0.055470,-0.043081,0.997517,0.055720,-0.053104,-0.057979,0.996904,0,0.97495,-0.14111,58.497,-0.282,-1,375.000,625.000,225.000,225.000,275.000,200.000,300.000,300.000,-1,-1,-1,-1,700.000,275.000,-1,225.000,2,0,1,1,1,1,1,0,0,2,2,2,2,0,1,2,1
127,5286.174,-8333.114,-344.334,-2.588,0.997924,0.045055,0.046029,-0.048065,0.996625,0.066547,-0.042875,-0.068622,0.996721,0,0.98036,-0.14638,58.821,-0.293,-1,400.000,600.000,200.000,200.000,275.000,200.000,300.000,325.000,-1,650.000,700.000,-1,750.000,250.000,-1,175.000,2,0,1,1,1,1,1,0,0,2,0,0,2,0,1,2,1
128,5345.228,-8336.072,-339.556,-2.893,0.998449,0.050233,0.023992,-0.052294,0.994119,0.094830,-0.019088,-0.095937,0.995204,0,0.98550,-0.15214,59.130,-0.304,-1,450.000,-1,200.000,175.000,275.000,200.000,275.000,425.000,-1,250.000,350.000,-1,850.000,250.000,-1,175.000,2,0,2,1,1,1,1,0,0,2,0,0,2,0,1,2,1
129,5404.556,-8339.367,-334.556,-3.210,0.998454,0.055555,0.001710,-0.055337,0.990712,0.124205,0.005206,-0.124107,0.992255,0,0.99033,-0.15844,59.420,-0.317,-1,500.000,-1,200.000,150.000,300.000,200.000,275.000,500.000,675.000,125.000,250.000,-1,975.000,250.000,-1,150.000,2,0,2,1,1,1,1,0,0,0,0,0,2,0,1,2,1
130,5464.132,-8343.011,-329.311,-3.540,0.997920,0.061022,-0.020801,-0.057084,0.986298,0.154786,0.029961,-0.153276,0.987729,0,0.99476,-0.16538,59.685,-0.331,-1,550.000,-1,200.000,150.000,325.000,225.000,250.000,625.000,475.000,75.000,200.000,-1,-1,250.000,-1,150.000,2,0,2,1,1,1,1,0,0,0,0,0,2,2,1,2,1
131,-4263.562,-2295.761,-5.614,109.531,-0.335166,-0.942095,0.011016,0.941046,-0.334179,0.052504,-0.045783,0.027964,0.998560,1,0.00000,0.00000,59.921,-0.346,-1,375.000,625.000,375.000,425.000,325.000,325.000,300.000,300.000,-1,-1,-1,-1,650.000,400.000,-1,425.000,2,0,1,1,1,0,0,0,0,2,2,2,2,1,1,2,1
132,-4265.185,-2291.244,-5.833,109.771,-0.339115,-0.940680,0.011075,0.939636,-0.338120,0.052525,-0.045664,0.028219,0.998558,0,0.08000,0.12000,4.800,0.240,-1,375.000,625.000,375.000,425.000,325.000,325.000,300.000,300.000,-1,-1,-1,-1,650.000,400.000,-1,400.000,2,0,1,1,1,0,0,0,0,2,2,2,2,1,1,2,1
133,-4268.508,-2282.237,-6.268,110.251,-0.346994,-0.937801,0.011195,0.936767,-0.345984,0.052566,-0.045423,0.028728,0.998555,0,0.16000,0.24000,9.600,0.480,-1,375.000,650.000,350.000,425.000,325.000,325.000,300.000,300.000,-1,-1,-1,-1,650.000,400.000,-1,400.000,2,0,1,1,1,0,0,0,0,2,2,2,2,1,1,2,1
