timestep,x_cm,y_cm,z_cm,yaw_deg,basis_xx,basis_xy,basis_xz,basis_yx,basis_yy,basis_yz,basis_zx,basis_zy,basis_zz,teleport_flag,throttle_cmd,steering_cmd,cmd_move_cm,cmd_turn_deg,lidar_cm_0,lidar_cm_1,lidar_cm_2,lidar_cm_3,lidar_cm_4,lidar_cm_5,lidar_cm_6,lidar_cm_7,lidar_cm_8,lidar_cm_9,lidar_cm_10,lidar_cm_11,lidar_cm_12,lidar_cm_13,lidar_cm_14,lidar_cm_15,lidar_cm_16,lidar_class_0,lidar_class_1,lidar_class_2,lidar_class_3,lidar_class_4,lidar_class_5,lidar_class_6,lidar_class_7,lidar_class_8,lidar_class_9,lidar_class_10,lidar_class_11,lidar_class_12,lidar_class_13,lidar_class_14,lidar_class_15,lidar_class_16
0,-8853.984,9506.344,-185.980,-77.143,0.220718,0.972715,0.071473,-0.974984,0.222017,-0.010668,-0.026245,-0.067330,0.997386,1,0.08000,0.08372,4.800,0.167,-1,400.000,-1,400.000,-1,325.000,325.000,325.000,300.000,-1,-1,-1,-1,725.000,725.000,-1,-1,2,0,2,0,2,0,0,0,0,2,2,2,2,0,0,2,2
1,-8851.821,9496.991,-186.230,-76.977,0.223535,0.972071,0.071485,-0.974340,0.224834,-0.010566,-0.026343,-0.067289,0.997386,0,0.16000,0.08296,9.600,0.166,-1,400.000,-1,400.000,-1,325.000,325.000,325.000,300.000,-1,-1,-1,-1,725.000,725.000,-1,-1,2,0,2,0,2,0,0,0,0,2,2,2,2,0,0,2,2
2,-8848.536,9482.971,-186.607,-76.814,0.226302,0.971429,0.071501,-0.973700,0.227597,-0.010408,-0.026384,-0.067265,0.997386,0,0.24000,0.08145,14.400,0.163,-1,400.000,-1,400.000,-1,325.000,325.000,325.000,300.000,-1,-1,-1,-1,725.000,725.000,-1,-1,2,0,2,0,2,0,0,0,0,2,2,2,2,0,0,2,2
3,-8844.105,9464.289,-187.114,-76.656,0.228994,0.970797,0.071518,-0.973071,0.230281,-0.010194,-0.026366,-0.067257,0.997387,0,0.32000,0.07918,19.200,0.158,-1,400.000,-1,400.000,-1,325.000,325.000,325.000,300.000,-1,-1,-1,-1,725.000,725.000,-1,-1,2,0,2,0,2,0,0,0,0,2,2,2,2,0,0,2,2
4,-8838.504,9440.952,-187.753,-76.503,0.231586,0.970181,0.071530,-0.972459,0.232861,-0.009922,-0.026282,-0.067263,0.997389,0,0.40000,0.07616,24.000,0.152,-1,400.000,-1,400.000,-1,325.000,325.000,325.000,300.000,-1,-1,-1,-1,725.000,725.000,-1,-1,2,0,2,0,2,0,0,0,0,2,2,2,2,0,0,2,2
5,-8831.711,9412.964,-188.525,-76.359,0.234052,0.969589,0.071534,-0.971873,0.235311,-0.009589,-0.026130,-0.067278,0.997392,0,0.48000,0.07238,28.800,0.145,-1,400.000,-1,400.000,-1,325.000,325.000,325.000,300.000,-1,-1,-1,-1,725.000,725.000,-1,-1,2,0,2,0,2,0,0,0,0,2,2,2,2,0,0,2,2
6,-8823.710,9380.331,-189.433,-76.223,0.236369,0.969027,0.071523,-0.971318,0.237606,-0.009195,-0.025904,-0.067298,0.997397,0,0.56000,0.06785,33.600,0.136,-1,375.000,-1,400.000,-1,325.000,325.000,325.000,300.000,-1,-1,-1,-1,725.000,725.000,-1,-1,2,0,2,0,2,0,0,0,0,2,2,2,2,0,0,2,2
7,-8814.484,9343.056,-190.479,-76.098,0.238511,0.968505,0.071489,-0.970802,0.239722,-0.008735,-0.025598,-0.067318,0.997403,0,0.64000,0.06256,38.400,0.125,-1,375.000,-1,400.000,-1,325.000,325.000,325.000,300.000,-1,-1,-1,-1,725.000,725.000,-1,-1,2,0,2,0,2,0,0,0,0,2,2,2,2,0,0,2,2
8,-8804.233,9301.988,-191.640,-75.985,0.240452,0.968029,0.071427,-0.970333,0.241631,-0.008219,-0.025215,-0.067331,0.997412,0,0.70547,0.05651,42.328,0.113,-1,375.000,-1,400.000,-1,325.000,325.000,300.000,300.000,-1,-1,-1,-1,725.000,725.000,-1,-1,2,0,2,0,2,0,0,0,0,2,2,2,2,0,0,2,2
9,-8793.833,9260.631,-192.820,-75.885,0.242170,0.967608,0.071336,-0.969917,0.243315,-0.007689,-0.024797,-0.067328,0.997423,0,0.71075,0.04984,42.645,0.100,-1,375.000,-1,400.000,-1,325.000,325.000,300.000,300.000,-1,-1,-1,-1,725.000,750.000,-1,-1,2,0,2,0,2,0,0,0,0,2,2,2,2,0,0,2,2
10,-8783.324,9219.122,-193.933,-75.793,0.243752,0.967197,0.071524,-0.969529,0.244870,-0.007177,-0.024456,-0.067595,0.997413,0,0.71364,0.04619,42.818,0.092,-1,375.000,-1,400.000,-1,325.000,325.000,300.000,300.000,-1,-1,-1,-1,700.000,750.000,-1,-1,2,0,2,0,2,0,0,0,0,2,2,2,2,0,0,2,2
11,-8772.748,9177.631,-194.993,-75.700,0.245341,0.966770,0.071860,-0.969141,0.246421,-0.006433,-0.023927,-0.068064,0.997394,0,0.71364,0.04619,42.818,0.092,-1,375.000,-1,400.000,-1,325.000,325.000,300.000,300.000,-1,-1,-1,-1,700.000,725.000,-1,-1,2,0,2,0,2,0,0,0,0,2,2,2,2,0,0,2,2
12,-8762.104,9136.156,-196.060,-75.608,0.246932,0.966341,0.072175,-0.968751,0.247972,-0.005679,-0.023385,-0.068517,0.997376,0,0.71364,0.04619,42.818,0.092,-1,375.000,-1,400.000,-1,325.000,325.000,300.000,300.000,-1,-1,-1,-1,700.000,725.000,-1,-1,2,0,2,0,2,0,0,0,0,2,2,2,2,0,0,2,2
13,-8751.395,9094.699,-197.006,-75.516,0.248513,0.965945,0.072050,-0.968352,0.249531,-0.005345,-0.023142,-0.068441,0.997387,0,0.71364,0.04619,42.818,0.092,-1,375.000,-1,400.000,-1,325.000,325.000,300.000,300.000,-1,-1,-1,-1,700.000,725.000,-1,-1,2,0,2,0,2,0,0,0,0,2,2,2,2,0,0,2,2
14,-8740.619,9053.258,-197.883,-75.423,0.250115,0.965568,0.071557,-0.967950,0.251095,-0.004901,-0.022699,-0.068038,0.997424,0,0.71364,0.04619,42.818,0.092,-1,375.000,-1,400.000,-1,325.000,325.000,300.000,300.000,-1,-1,-1,-1,700.000,725.000,-1,-1,2,0,2,0,2,0,0,0,0,2,2,2,2,0,0,2,2
15,-8729.776,9011.836,-198.761,-75.331,0.251717,0.965191,0.071030,-0.967545,0.252659,-0.004463,-0.022254,-0.067602,0.997464,0,0.71364,0.04619,42.818,0.092,-1,375.000,-1,400.000,-1,325.000,325.000,300.000,300.000,-1,-1,-1,-1,700.000,725.000,-1,-1,2,0,2,0,2,0,0,0,0,2,2,2,2,0,0,2,2
16,-8718.867,8970.430,-199.642,-75.238,0.253318,0.964813,0.070469,-0.967137,0.254223,-0.004031,-0.021804,-0.067132,0.997506,0,0.71364,0.04619,42.818,0.092,-1,375.000,-1,400.000,-1,325.000,325.000,300.000,300.000,-1,-1,-1,-1,700.000,725.000,-1,-1,2,0,2,0,2,0,0,0,0,2,2,2,2,0,0,2,2
17,-8707.890,8929.043,-200.526,-75.146,0.254920,0.964434,0.069873,-0.966727,0.255787,-0.003607,-0.021351,-0.066629,0.997549,0,0.71364,0.04619,42.818,0.092,-1,375.000,-1,400.000,-1,325.000,325.000,300.000,300.000,-1,-1,-1,-1,700.000,725.000,-1,-1,2,0,2,0,2,0,0,0,0,2,2,2,2,0,0,2,2
18,-8696.847,8887.673,-201.393,-75.054,0.256523,0.964051,0.069296,-0.966313,0.257349,-0.003117,-0.020839,-0.066161,0.997591,0,0.71364,0.04619,42.818,0.092,-1,375.000,-1,400.000,-1,325.000,325.000,300.000,300.000,-1,-1,-1,-1,700.000,725.000,-1,-1,2,0,2,0,2,0,0,0,0,2,2,2,2,0,0,2,2
19,-8685.738,8846.321,-202.236,-74.961,0.258130,0.963661,0.068756,-0.965898,0.258910,-0.002535,-0.020245,-0.065756,0.997630,0,0.71364,0.04619,42.818,0.092,-1,375.000,-1,400.000,-1,325.000,325.000,300.000,300.000,-1,-1,-1,-1,700.000,725.000,-1,-1,2,0,2,0,2,0,0,0,0,2,2,2,2,0,0,2,2
20,-8674.561,8804.987,-203.076,-74.869,0.259737,0.963269,0.068194,-0.965480,0.260471,-0.001942,-0.019633,-0.065335,0.997670,0,0.71364,0.04619,42.818,0.092,-1,375.000,-1,375.000,-1,325.000,325.000,300.000,300.000,-1,975.000,-1,-1,700.000,725.000,-1,-1,2,0,2,0,2,0,0,0,0,2,0,2,2,0,0,2,2
21,-8663.297,8763.600,-203.916,-74.774,0.261382,0.962865,0.067608,-0.965048,0.262069,-0.001335,-0.019003,-0.064896,0.997711,0,0.71487,0.04730,42.892,0.095,-1,375.000,-1,375.000,-1,325.000,325.000,300.000,300.000,-1,950.000,-1,-1,700.000,725.000,-1,-1,2,0,2,0,2,0,0,0,0,2,0,2,2,0,0,2,2
22,-8651.908,8722.043,-204.757,-74.674,0.263131,0.962431,0.066998,-0.964586,0.263769,-0.000713,-0.018358,-0.064437,0.997753,0,0.71816,0.05038,43.090,0.101,-1,375.000,-1,375.000,-1,325.000,325.000,300.000,300.000,-1,900.000,975.000,-1,700.000,725.000,-1,-1,2,0,2,0,2,0,0,0,0,2,0,0,2,0,0,2,2
23,-8640.391,8680.322,-205.599,-74.566,0.264986,0.961966,0.066361,-0.964090,0.265576,-0.000077,-0.017698,-0.063958,0.997796,0,0.72136,0.05354,43.282,0.107,-1,375.000,-1,375.000,-1,325.000,325.000,300.000,300.000,-1,875.000,925.000,-1,675.000,725.000,-1,-1,2,0,2,0,2,0,0,0,0,2,0,0,2,0,0,2,2
24,-8628.740,8638.443,-206.443,-74.453,0.266949,0.961469,0.065698,-0.963560,0.267491,0.000574,-0.017022,-0.063457,0.997839,0,0.72448,0.05679,43.469,0.114,-1,375.000,-1,375.000,-1,325.000,325.000,300.000,300.000,-1,850.000,875.000,-1,675.000,725.000,-1,-1,2,0,2,0,2,0,0,0,0,2,0,0,2,0,0,2,2
25,-8616.953,8596.414,-207.255,-74.333,0.269017,0.960930,0.065148,-0.962995,0.269515,0.001180,-0.016424,-0.063055,0.997875,0,0.72751,0.06013,43.651,0.120,-1,375.000,-1,375.000,-1,325.000,325.000,300.000,300.000,-1,850.000,850.000,-1,675.000,725.000,-1,-1,2,0,2,0,2,0,0,0,0,2,0,0,2,0,0,2,2
26,-8605.024,8554.243,-207.947,-74.206,0.271196,0.960328,0.064990,-0.962395,0.271646,0.001985,-0.015748,-0.063085,0.997884,0,0.73044,0.06355,43.826,0.127,-1,375.000,-1,375.000,-1,325.000,325.000,300.000,300.000,-1,850.000,850.000,-1,675.000,725.000,-1,-1,2,0,2,0,2,0,0,0,0,2,0,0,2,0,0,2,2
27,-8592.423,8509.361,-208.621,-74.318,0.269372,0.960845,0.064934,-0.962926,0.269748,0.003061,-0.014574,-0.063351,0.997885,0,0.77696,-0.05645,46.617,-0.113,-1,375.000,-1,375.000,-1,325.000,325.000,300.000,300.000,-1,825.000,825.000,-1,675.000,725.000,-1,-1,2,0,2,0,2,0,0,0,0,2,0,0,2,0,0,2,2
28,-8580.056,8464.242,-209.259,-74.671,0.263522,0.962476,0.064777,-0.964563,0.263822,0.004043,-0.013198,-0.063547,0.997892,0,0.77972,-0.17645,46.783,-0.353,-1,375.000,-1,375.000,-1,325.000,325.000,300.000,300.000,-1,825.000,800.000,-1,675.000,725.000,-1,-1,2,0,2,0,2,0,0,0,0,2,0,0,2,0,0,2,2
29,-8568.119,8418.855,-209.772,-75.264,0.253625,0.965166,0.064257,-0.967232,0.253851,0.004764,-0.011714,-0.063360,0.997922,0,0.78217,-0.29645,46.930,-0.593,-1,375.000,-1,375.000,-1,325.000,325.000,275.000,300.000,-1,850.000,800.000,-1,675.000,725.000,-1,-1,2,0,2,0,2,0,0,0,0,2,0,0,2,0,0,2,2
30,-8556.814,8373.179,-210.220,-76.097,0.239657,0.968771,0.063616,-0.970807,0.239799,0.005520,-0.009908,-0.063082,0.997959,0,0.78424,-0.41645,47.054,-0.833,-1,375.000,-1,375.000,-1,325.000,325.000,275.000,300.000,-1,850.000,800.000,-1,675.000,750.000,-1,-1,2,0,2,0,2,0,0,0,0,2,0,0,2,0,0,2,2
31,-8546.344,8327.204,-210.611,-77.170,0.221570,0.973109,0.062968,-0.975113,0.221621,0.006268,-0.007856,-0.062790,0.997996,0,0.78585,-0.53645,47.151,-1.073,-1,375.000,-1,400.000,-1,325.000,325.000,275.000,300.000,-1,850.000,775.000,-1,700.000,750.000,-1,-1,2,0,2,0,2,0,0,0,0,2,0,0,2,0,0,2,2
32,-8536.917,8280.939,-210.885,-78.483,0.199306,0.977941,0.062524,-0.979921,0.199268,0.006908,-0.005704,-0.062645,0.998020,0,0.78692,-0.65645,47.215,-1.313,-1,375.000,-1,400.000,-1,325.000,325.000,275.000,300.000,-1,875.000,800.000,-1,700.000,750.000,-1,-1,2,0,2,0,2,0,0,0,0,2,0,0,2,0,0,2,2
33,-8528.743,8234.408,-211.065,-80.036,0.172826,0.982991,0.062125,-0.984947,0.172695,0.007515,-0.003342,-0.062489,0.998040,0,0.78737,-0.77645,47.242,-1.553,-1,375.000,-1,400.000,-1,325.000,325.000,275.000,300.000,-1,900.000,825.000,-1,700.000,750.000,-1,-1,2,0,2,0,2,0,0,0,0,2,0,0,2,0,0,2,2
34,-8522.031,8187.659,-211.143,-81.829,0.142086,0.987926,0.061758,-0.989854,0.141857,0.008097,-0.000761,-0.062282,0.998058,0,0.78713,-0.89645,47.228,-1.793,-1,400.000,-1,400.000,-1,325.000,325.000,275.000,300.000,-1,925.000,825.000,-1,725.000,750.000,-1,-1,2,0,2,0,2,0,0,0,0,2,0,0,2,0,0,2,2
35,-8516.860,8140.775,-211.116,-83.705,0.109756,0.992059,0.061420,-0.993957,0.109430,0.008660,0.001870,-0.062000,0.998074,0,0.78613,-0.93834,47.168,-1.877,-1,400.000,-1,400.000,-1,325.000,325.000,275.000,300.000,-1,950.000,850.000,-1,725.000,750.000,-1,-1,2,0,2,0,2,0,0,0,0,2,0,0,2,0,0,2,2
36,-8513.224,8093.847,-210.986,-85.569,0.077530,0.995115,0.061110,-0.996980,0.077110,0.009206,0.004449,-0.061639,0.998089,0,0.78447,-0.93186,47.068,-1.864,-1,400.000,-1,400.000,-1,325.000,325.000,275.000,300.000,-1,975.000,875.000,-1,725.000,750.000,-1,-1,2,0,2,0,2,0,0,0,0,2,0,0,2,0,0,2,2
37,-8511.112,8046.957,-210.756,-87.420,0.045443,0.997113,0.060826,-0.998943,0.044932,0.009739,0.006978,-0.061204,0.998101,0,0.78227,-0.92539,46.936,-1.851,-1,400.000,-1,400.000,-1,325.000,325.000,275.000,300.000,-1,-1,900.000,-1,750.000,750.000,-1,-1,2,0,2,0,2,0,0,0,0,2,2,0,2,0,0,2,2
38,-8510.507,8000.185,-210.428,-89.258,0.013519,0.998072,0.060569,-0.999864,0.012921,0.010262,0.009460,-0.060699,0.998111,0,0.77958,-0.91922,46.775,-1.838,-1,400.000,-1,400.000,-1,325.000,325.000,275.000,300.000,-1,-1,925.000,-1,750.000,750.000,-1,-1,2,0,2,0,2,0,0,0,0,2,2,0,2,0,0,2,2
39,-8511.396,7953.606,-210.006,-91.092,-0.018344,0.998009,0.060339,-0.999761,-0.019028,0.010777,0.011904,-0.060127,0.998120,0,0.77645,-0.91698,46.587,-1.834,-1,400.000,-1,400.000,-1,325.000,325.000,275.000,300.000,-1,-1,950.000,-1,775.000,750.000,-1,-1,2,0,2,0,2,0,0,0,0,2,2,0,2,0,0,2,2
40,-8513.761,7907.289,-209.492,-92.923,-0.050130,0.996930,0.060138,-0.998640,-0.050897,0.011287,0.014313,-0.059490,0.998126,0,0.77294,-0.91518,46.376,-1.830,-1,400.000,-1,400.000,-1,325.000,325.000,275.000,300.000,-1,-1,1000.000,-1,775.000,750.000,-1,-1,2,0,2,0,2,0,0,0,0,2,2,0,2,0,0,2,2
41,-8517.584,7861.300,-208.862,-94.750,-0.081833,0.994848,0.059839,-0.996509,-0.082670,0.011648,0.016535,-0.058677,0.998140,0,0.76912,-0.91382,46.147,-1.828,-1,400.000,-1,400.000,-1,325.000,325.000,275.000,300.000,-1,-1,-1,-1,775.000,750.000,-1,-1,2,0,2,0,2,0,0,0,0,2,2,2,2,0,0,2,2
42,-8522.842,7815.696,-208.021,-96.576,-0.113438,0.991735,0.059943,-0.993375,-0.114328,0.011628,0.018385,-0.058227,0.998134,0,0.76509,-0.91290,45.905,-1.826,-1,400.000,-1,400.000,-1,325.000,325.000,275.000,300.000,-1,-1,-1,-1,775.000,750.000,-1,-1,2,0,2,0,2,0,0,0,0,2,2,2,2,0,0,2,2
43,-8529.512,7770.531,-207.084,-98.401,-0.144910,0.987619,0.060083,-0.989238,-0.145855,0.011623,0.020242,-0.057752,0.998126,0,0.76091,-0.91242,45.655,-1.825,-1,400.000,-1,400.000,-1,325.000,325.000,275.000,300.000,-1,-1,-1,-1,775.000,750.000,-1,-1,2,0,2,0,2,0,0,0,0,2,2,2,2,0,0,2,2
44,-8537.573,7725.850,-206.064,-100.226,-0.176236,0.982504,0.060217,-0.984100,-0.177235,0.011628,0.022097,-0.057210,0.998118,0,0.75669,-0.91239,45.401,-1.825,-1,400.000,-1,400.000,-1,325.000,325.000,275.000,300.000,-1,-1,-1,-1,775.000,725.000,-1,-1,2,0,2,0,2,0,0,0,0,2,2,2,2,0,0,2,2
45,-8547.001,7681.695,-204.963,-102.051,-0.207399,0.976393,0.060345,-0.977963,-0.208452,0.011646,0.023950,-0.056600,0.998110,0,0.75250,-0.91279,45.150,-1.826,-1,400.000,-1,400.000,-1,325.000,325.000,275.000,300.000,-1,-1,-1,-1,775.000,725.000,-1,-1,2,0,2,0,2,0,0,0,0,2,2,2,2,0,0,2,2
46,-8557.773,7638.099,-203.678,-103.878,-0.238353,0.969267,0.060911,-0.970828,-0.239483,0.011882,0.026104,-0.056302,0.998072,0,0.74844,-0.91362,44.906,-1.827,-1,400.000,-1,400.000,-1,325.000,325.000,275.000,300.000,-1,-1,-1,-1,800.000,725.000,-1,-1,2,0,2,0,2,0,0,0,0,2,2,2,2,0,0,2,2
47,-8569.868,7595.093,-202.307,-105.708,-0.269104,0.961144,0.061519,-0.962696,-0.270314,0.012119,0.028277,-0.055963,0.998032,0,0.74457,-0.91486,44.674,-1.830,-1,400.000,-1,375.000,-1,325.000,325.000,275.000,300.000,-1,-1,-1,-1,800.000,750.000,-1,-1,2,0,2,0,2,0,0,0,0,2,2,2,2,0,0,2,2
48,-8584.580,7547.855,-200.714,-107.298,-0.295592,0.953288,0.062181,-0.954835,-0.296879,0.012365,0.030247,-0.055717,0.997988,0,0.82457,-0.79486,49.474,-1.590,-1,400.000,-1,375.000,-1,325.000,325.000,300.000,300.000,-1,-1,-1,-1,800.000,750.000,-1,-1,2,0,2,0,2,0,0,0,0,2,2,2,2,0,0,2,2
49,-8601.934,7496.430,-198.895,-108.648,-0.317893,0.946038,0.062897,-0.947585,-0.319253,0.012629,0.032028,-0.055585,0.997940,0,0.90457,-0.67486,54.274,-1.350,-1,400.000,-1,375.000,-1,325.000,325.000,300.000,300.000,-1,-1,-1,-1,800.000,750.000,-1,-1,2,0,2,0,2,0,0,0,0,2,2,2,2,0,0,2,2
50,-8620.513,7444.706,-196.992,-109.757,-0.336087,0.939680,0.063621,-0.941231,-0.337516,0.012900,0.033595,-0.055546,0.997891,0,0.91598,-0.55486,54.959,-1.110,-1,400.000,-1,375.000,-1,325.000,325.000,300.000,300.000,-1,-1,-1,-1,825.000,750.000,-1,-1,2,0,2,0,2,0,0,0,0,2,2,2,2,0,0,2,2
51,-8639.835,7393.373,-195.045,-110.627,-0.350247,0.934445,0.064339,-0.936005,-0.351739,0.013179,0.034946,-0.055605,0.997841,0,0.91415,-0.43486,54.849,-0.870,-1,400.000,-1,375.000,-1,325.000,325.000,300.000,300.000,-1,-1,-1,-1,825.000,750.000,-1,-1,2,0,2,0,2,0,0,0,0,2,2,2,2,0,0,2,2
52,-8659.696,7342.319,-193.067,-111.257,-0.360433,0.930514,0.065047,-0.932087,-0.361984,0.013473,0.036083,-0.055774,0.997791,0,0.91302,-0.31486,54.781,-0.630,-1,400.000,-1,400.000,-1,325.000,325.000,300.000,300.000,-1,-1,-1,-1,850.000,750.000,-1,-1,2,0,2,0,2,0,0,0,0,2,2,2,2,0,0,2,2
53,-8679.893,7291.428,-191.084,-111.647,-0.366689,0.928012,0.065818,-0.929605,-0.368298,0.013809,0.037055,-0.056121,0.997736,0,0.91254,-0.19486,54.752,-0.390,-1,400.000,-1,400.000,-1,325.000,325.000,300.000,300.000,-1,-1,-1,-1,850.000,775.000,-1,-1,2,0,2,0,2,0,0,0,0,2,2,2,2,0,0,2,2
54,-8700.225,7240.583,-189.265,-111.796,-0.369065,0.926986,0.066996,-0.928657,-0.370697,0.013371,0.037230,-0.057282,0.997664,0,0.91265,-0.07486,54.759,-0.150,-1,425.000,-1,400.000,-1,325.000,325.000,300.000,300.000,-1,-1,-1,-1,875.000,775.000,-1,-1,2,0,2,0,2,0,0,0,0,2,2,2,2,0,0,2,2
55,-8720.530,7189.687,-187.454,-111.750,-0.368281,0.927213,0.068162,-0.928971,-0.369928,0.012902,0.037178,-0.058569,0.997591,0,0.91329,0.02293,54.797,0.046,-1,425.000,-1,400.000,-1,325.000,325.000,300.000,300.000,-1,-1,-1,-1,875.000,775.000,-1,-1,2,0,2,0,2,0,0,0,0,2,2,2,2,0,0,2,2
56,-8739.178,7142.257,-185.776,-111.465,-0.363617,0.928973,0.069227,-0.930819,-0.365268,0.012457,0.036858,-0.059908,0.997523,0,0.84940,0.14293,50.964,0.286,-1,425.000,-1,400.000,-1,325.000,325.000,300.000,300.000,-1,-1,-1,-1,900.000,775.000,-1,-1,2,0,2,0,2,0,0,0,0,2,2,2,2,0,0,2,2
57,-8757.377,7094.692,-184.050,-110.939,-0.355073,0.932188,0.070347,-0.934152,-0.356689,0.011497,0.035809,-0.061633,0.997456,0,0.84880,0.26293,50.928,0.526,-1,425.000,-1,400.000,-1,325.000,325.000,300.000,300.000,-1,-1,-1,-1,900.000,775.000,-1,-1,2,0,2,0,2,0,0,0,0,2,2,2,2,0,0,2,2
58,-8774.932,7046.906,-182.546,-110.173,-0.342663,0.936806,0.070551,-0.938852,-0.344173,0.010111,0.033754,-0.062773,0.997457,0,0.84848,0.38293,50.909,0.766,-1,425.000,-1,400.000,-1,325.000,325.000,300.000,300.000,-1,-1,-1,-1,900.000,800.000,-1,-1,2,0,2,0,2,0,0,0,0,2,2,2,2,0,0,2,2
59,-8791.644,6998.824,-181.102,-109.167,-0.326259,0.942631,0.070722,-0.944759,-0.327649,0.008710,0.031383,-0.063973,0.997458,0,0.84841,0.50293,50.905,1.006,-1,425.000,-1,400.000,-1,325.000,325.000,300.000,300.000,-1,-1,-1,-1,900.000,800.000,-1,-1,2,0,2,0,2,0,0,0,0,2,2,2,2,0,0,2,2
60,-8807.309,6950.380,-179.731,-107.921,-0.305796,0.949456,0.070871,-0.951665,-0.307052,0.007296,0.028688,-0.065215,0.997459,0,0.84857,0.62293,50.914,1.246,-1,400.000,-1,400.000,-1,325.000,325.000,300.000,300.000,-1,-1,-1,-1,900.000,800.000,-1,-1,2,0,2,0,2,0,0,0,0,2,2,2,2,0,0,2,2
61,-8821.718,6901.527,-178.448,-106.435,-0.281198,0.957019,0.071012,-0.959307,-0.282306,0.005869,0.025664,-0.066472,0.997458,0,0.84891,0.74293,50.935,1.486,-1,400.000,-1,400.000,-1,325.000,325.000,300.000,300.000,-1,-1,-1,-1,875.000,825.000,-1,-1,2,0,2,0,2,0,0,0,0,2,2,2,2,0,0,2,2
62,-8834.786,6852.267,-177.259,-104.859,-0.254896,0.964346,0.071164,-0.966707,-0.255847,0.004438,0.022487,-0.067663,0.997455,0,0.84941,0.78830,50.965,1.577,-1,425.000,-1,400.000,-1,325.000,325.000,300.000,300.000,-1,-1,-1,-1,875.000,825.000,-1,-1,2,0,2,0,2,0,0,0,0,2,2,2,2,0,0,2,2
63,-8846.504,6802.635,-176.164,-103.286,-0.228482,0.970931,0.071333,-0.973357,-0.229274,0.003007,0.019275,-0.068745,0.997448,0,0.84996,0.78614,50.998,1.572,-1,425.000,-1,400.000,-1,325.000,325.000,300.000,300.000,-1,-1,-1,-1,875.000,850.000,-1,-1,2,0,2,0,2,0,0,0,0,2,2,2,2,0,0,2,2
64,-8856.867,6752.669,-175.163,-101.718,-0.201977,0.976775,0.071521,-0.979259,-0.202606,0.001578,0.016031,-0.069719,0.997438,0,0.85051,0.78401,51.030,1.568,-1,425.000,-1,400.000,-1,325.000,325.000,300.000,300.000,-1,-1,-1,-1,875.000,850.000,-1,-1,2,0,2,0,2,0,0,0,0,2,2,2,2,0,0,2,2
65,-8865.868,6702.407,-174.258,-100.155,-0.175401,0.981881,0.071729,-0.984414,-0.175865,0.000150,0.012762,-0.070585,0.997424,0,0.85104,0.78188,51.062,1.564,-1,425.000,-1,400.000,-1,325.000,325.000,300.000,300.000,-1,-1,-1,-1,875.000,850.000,-1,-1,2,0,2,0,2,0,0,0,0,2,2,2,2,0,0,2,2
66,-8873.503,6651.887,-173.448,-98.595,-0.148773,0.986250,0.071960,-0.988826,-0.149068,-0.001274,0.009470,-0.071345,0.997407,0,0.85156,0.77978,51.094,1.560,-1,425.000,-1,400.000,-1,350.000,325.000,300.000,300.000,-1,-1,-1,-1,875.000,875.000,-1,-1,2,0,2,0,2,0,0,0,0,2,2,2,2,0,0,2,2
67,-8879.767,6601.149,-172.741,-97.040,-0.122111,0.989884,0.072240,-0.992497,-0.122238,-0.002677,0.006181,-0.072025,0.997384,0,0.85208,0.77769,51.125,1.555,-1,425.000,-1,425.000,-1,350.000,325.000,300.000,300.000,-1,-1,-1,-1,850.000,875.000,-1,-1,2,0,2,0,2,0,0,0,0,2,2,2,2,0,0,2,2
68,-8884.657,6550.229,-172.431,-95.488,-0.095433,0.992699,0.073760,-0.995432,-0.095383,-0.004204,0.002862,-0.073824,0.997267,0,0.85258,0.77562,51.155,1.551,-1,425.000,-1,425.000,-1,350.000,350.000,300.000,300.000,-1,-1,-1,-1,850.000,875.000,-1,-1,2,0,2,0,2,0,0,0,0,2,2,2,2,0,0,2,2
69,-8888.175,6499.166,-172.823,-93.941,-0.068786,0.994910,0.073638,-0.997631,-0.068546,-0.005791,-0.000714,-0.073862,0.997268,0,0.85308,0.77357,51.185,1.547,-1,425.000,-1,425.000,-1,350.000,350.000,300.000,300.000,-1,-1,-1,-1,850.000,875.000,-1,-1,2,0,2,0,2,0,0,0,0,2,2,2,2,0,0,2,2
70,-8890.317,6447.998,-173.466,-92.398,-0.042179,0.996442,0.072974,-0.999100,-0.041732,-0.007640,-0.004568,-0.073231,0.997305,0,0.85356,0.77154,51.214,1.543,-1,425.000,-1,425.000,-1,350.000,350.000,300.000,300.000,-1,-1,-1,-1,825.000,875.000,-1,-1,2,0,2,0,2,0,0,0,0,2,2,2,2,0,0,2,2
71,-8891.086,6396.763,-174.205,-90.859,-0.015603,0.997256,0.072361,-0.999843,-0.014955,-0.009492,-0.008384,-0.072498,0.997333,0,0.85403,0.76952,51.242,1.539,-1,400.000,-1,425.000,-1,325.000,325.000,300.000,300.000,-1,-1,-1,-1,800.000,850.000,-1,-1,2,0,2,0,2,0,0,0,0,2,2,2,2,0,0,2,2
72,-8890.481,6345.498,-175.038,-89.324,0.010923,0.997359,0.071800,-0.999866,0.011767,-0.011341,-0.012156,-0.071667,0.997355,0,0.85449,0.76753,51.269,1.535,-1,400.000,-1,425.000,-1,325.000,325.000,300.000,300.000,-1,-1,-1,-1,800.000,850.000,-1,-1,2,0,2,0,2,0,0,0,0,2,2,2,2,0,0,2,2
73,-8888.506,6294.241,-175.963,-87.793,0.037381,0.996755,0.071292,-0.999175,0.038414,-0.013184,-0.015880,-0.070740,0.997368,0,0.85494,0.76556,51.296,1.531,-1,400.000,-1,425.000,-1,325.000,325.000,300.000,275.000,-1,-1,-1,-1,775.000,850.000,-1,-1,2,0,2,0,2,0,0,0,0,2,2,2,2,0,0,2,2
74,-8885.163,6243.028,-176.977,-86.266,0.063753,0.995449,0.070836,-0.997774,0.064971,-0.015015,-0.019549,-0.069721,0.997375,0,0.85537,0.76361,51.322,1.527,-1,400.000,-1,400.000,-1,325.000,325.000,300.000,300.000,-1,-1,-1,-1,775.000,825.000,-1,-1,2,0,2,0,2,0,0,0,0,2,2,2,2,0,0,2,2
75,-8880.459,6191.897,-178.078,-84.742,0.090023,0.993446,0.070432,-0.995670,0.091418,-0.016830,-0.023159,-0.068612,0.997375,0,0.85580,0.76168,51.348,1.523,-1,400.000,-1,400.000,-1,325.000,325.000,300.000,300.000,-1,-1,-1,-1,775.000,825.000,-1,-1,2,0,2,0,2,0,0,0,0,2,2,2,2,0,0,2,2
76,-8874.397,6140.885,-179.263,-83.223,0.116174,0.990753,0.070080,-0.992870,0.117740,-0.018625,-0.026704,-0.067416,0.997368,0,0.85621,0.75977,51.372,1.520,-1,400.000,-1,400.000,-1,325.000,325.000,300.000,300.000,-1,-1,-1,-1,750.000,825.000,-1,-1,2,0,2,0,2,0,0,0,0,2,2,2,2,0,0,2,2
77,-8866.984,6090.026,-180.529,-81.707,0.142189,0.987377,0.069778,-0.989379,0.143918,-0.020394,-0.030179,-0.066137,0.997354,0,0.85660,0.75788,51.396,1.516,-1,400.000,-1,400.000,-1,325.000,325.000,300.000,300.000,-1,-1,-1,-1,750.000,800.000,-1,-1,2,0,2,0,2,0,0,0,0,2,2,2,2,0,0,2,2
78,-8859.239,6044.079,-181.738,-80.431,0.164010,0.984005,0.069539,-0.985901,0.165879,-0.021975,-0.033158,-0.064955,0.997337,0,0.77660,0.63788,46.596,1.276,-1,400.000,-1,400.000,-1,325.000,325.000,300.000,300.000,-1,-1,-1,-1,725.000,800.000,-1,-1,2,0,2,0,2,0,0,0,0,2,2,2,2,0,0,2,2
79,-8851.548,6002.997,-182.865,-79.396,0.181666,0.980912,0.069343,-0.982713,0.183652,-0.023372,-0.035661,-0.063899,0.997319,0,0.69660,0.51788,41.796,1.036,-1,375.000,-1,400.000,-1,325.000,325.000,300.000,300.000,-1,-1,-1,-1,725.000,800.000,-1,-1,2,0,2,0,2,0,0,0,0,2,2,2,2,0,0,2,2
80,-8843.792,5964.527,-183.965,-78.600,0.195187,0.978328,0.069110,-0.980039,0.197270,-0.024646,-0.037745,-0.062920,0.997305,0,0.65406,0.39788,39.244,0.796,-1,375.000,-1,400.000,-1,325.000,325.000,300.000,300.000,-1,-1,-1,-1,725.000,775.000,-1,-1,2,0,2,0,2,0,0,0,0,2,2,2,2,0,0,2,2
81,-8835.660,5926.119,-185.361,-78.044,0.204687,0.976483,0.067706,-0.978061,0.206774,-0.025330,-0.038734,-0.061036,0.997384,0,0.65433,0.27788,39.260,0.556,-1,375.000,-1,400.000,-1,325.000,325.000,300.000,300.000,-1,-1,-1,-1,725.000,775.000,-1,-1,2,0,2,0,2,0,0,0,0,2,2,2,2,0,0,2,2
82,-8827.314,5887.741,-186.758,-77.728,0.210092,0.975431,0.066303,-0.976885,0.212175,-0.026034,-0.039462,-0.059300,0.997460,0,0.65459,0.15788,39.276,0.316,-1,375.000,-1,400.000,-1,325.000,325.000,300.000,300.000,-1,-1,-1,-1,725.000,775.000,-1,-1,2,0,2,0,2,0,0,0,0,2,2,2,2,0,0,2,2
83,-8818.912,5849.356,-188.207,-77.652,0.211417,0.975227,0.065083,-0.976587,0.213481,-0.026516,-0.039753,-0.057953,0.997528,0,0.65489,0.03788,39.293,0.076,-1,375.000,-1,400.000,-1,325.000,325.000,300.000,300.000,-1,-1,-1,-1,725.000,750.000,-1,-1,2,0,2,0,2,0,0,0,0,2,2,2,2,0,0,2,2
84,-8810.526,5810.948,-189.779,-77.682,0.210955,0.975379,0.064292,-0.976697,0.212984,-0.026461,-0.039503,-0.057211,0.997580,0,0.65523,-0.01486,39.314,-0.030,-1,375.000,-1,400.000,-1,325.000,325.000,300.000,300.000,-1,-1,-1,-1,725.000,750.000,-1,-1,2,0,2,0,2,0,0,0,0,2,2,2,2,0,0,2,2
85,-8802.158,5772.519,-191.342,-77.714,0.210454,0.975539,0.063498,-0.976816,0.212448,-0.026406,-0.039250,-0.056469,0.997633,0,0.65548,-0.01602,39.329,-0.032,-1,375.000,-1,400.000,-1,325.000,325.000,300.000,300.000,-1,-1,-1,-1,700.000,750.000,-1,-1,2,0,2,0,2,0,0,0,0,2,2,2,2,0,0,2,2
86,-8793.811,5734.086,-192.895,-77.746,0.209952,0.975699,0.062703,-0.976934,0.211911,-0.026351,-0.038998,-0.055725,0.997684,0,0.65548,-0.01602,39.329,-0.032,-1,375.000,-1,400.000,-1,325.000,325.000,300.000,300.000,-1,-1,-1,-1,700.000,750.000,-1,-1,2,0,2,0,2,0,0,0,0,2,2,2,2,0,0,2,2
87,-8785.486,5695.648,-194.439,-77.778,0.209450,0.975858,0.061907,-0.977051,0.211375,-0.026296,-0.038747,-0.054978,0.997735,0,0.65548,-0.01602,39.329,-0.032,-1,375.000,-1,400.000,-1,325.000,325.000,300.000,300.000,-1,-1,-1,-1,700.000,750.000,-1,-1,2,0,2,0,2,0,0,0,0,2,2,2,2,0,0,2,2
88,-8777.182,5657.206,-195.972,-77.810,0.208948,0.976016,0.061109,-0.977169,0.210837,-0.026242,-0.038496,-0.054230,0.997786,0,0.65548,-0.01602,39.329,-0.032,-1,375.000,-1,400.000,-1,325.000,325.000,300.000,300.000,-1,-1,-1,-1,700.000,725.000,-1,-1,2,0,2,0,2,0,0,0,0,2,2,2,2,0,0,2,2
89,-8768.900,5618.759,-197.496,-77.842,0.208445,0.976173,0.060309,-0.977286,0.210300,-0.026187,-0.038246,-0.053480,0.997836,0,0.65548,-0.01602,39.329,-0.032,-1,375.000,-1,400.000,-1,325.000,325.000,300.000,300.000,-1,-1,-1,-1,700.000,725.000,-1,-1,2,0,2,0,2,0,0,0,0,2,2,2,2,0,0,2,2
90,-8760.640,5580.307,-199.010,-77.874,0.207941,0.976329,0.059508,-0.977403,0.209763,-0.026133,-0.037997,-0.052729,0.997886,0,0.65548,-0.01602,39.329,-0.032,-1,375.000,-1,400.000,-1,325.000,325.000,300.000,300.000,-1,-1,-1,-1,700.000,725.000,-1,-1,2,0,2,0,2,0,0,0,0,2,2,2,2,0,0,2,2
91,-8752.400,5541.851,-200.515,-77.906,0.207437,0.976485,0.058705,-0.977520,0.209225,-0.026080,-0.037749,-0.051975,0.997935,0,0.65548,-0.01602,39.329,-0.032,-1,375.000,-1,400.000,-1,325.000,325.000,300.000,300.000,-1,-1,-1,-1,700.000,725.000,-1,-1,2,0,2,0,2,0,0,0,0,2,2,2,2,0,0,2,2
92,-8744.183,5503.390,-202.010,-77.939,0.206933,0.976640,0.057901,-0.977636,0.208687,-0.026026,-0.037501,-0.051220,0.997983,0,0.65548,-0.01602,39.329,-0.032,-1,375.000,-1,400.000,-1,325.000,325.000,300.000,300.000,-1,-1,-1,-1,700.000,725.000,-1,-1,2,0,2,0,2,0,0,0,0,2,2,2,2,0,0,2,2
93,-8735.987,5464.925,-203.495,-77.971,0.206428,0.976794,0.057095,-0.977752,0.208149,-0.025973,-0.037254,-0.050463,0.998031,0,0.65548,-0.01602,39.329,-0.032,-1,375.000,-1,400.000,-1,325.000,325.000,300.000,300.000,-1,-1,-1,-1,675.000,700.000,-1,-1,2,0,2,0,2,0,0,0,0,2,2,2,2,0,0,2,2
94,-8727.812,5426.455,-204.971,-78.003,0.205923,0.976948,0.056288,-0.977868,0.207611,-0.025920,-0.037008,-0.049704,0.998078,0,0.65548,-0.01602,39.329,-0.032,-1,375.000,-1,375.000,-1,325.000,325.000,300.000,300.000,-1,-1,-1,-1,675.000,700.000,-1,-1,2,0,2,0,2,0,0,0,0,2,2,2,2,0,0,2,2
95,-8719.659,5387.980,-206.437,-78.035,0.205418,0.977101,0.055479,-0.977984,0.207072,-0.025867,-0.036763,-0.048944,0.998125,0,0.65548,-0.01602,39.329,-0.032,-1,375.000,-1,375.000,-1,300.000,325.000,300.000,300.000,-1,-1,-1,-1,675.000,700.000,-1,-1,2,0,2,0,2,0,0,0,0,2,2,2,2,0,0,2,2
96,-8711.527,5349.501,-207.894,-78.067,0.204912,0.977253,0.054669,-0.978099,0.206533,-0.025815,-0.036518,-0.048182,0.998171,0,0.65548,-0.01602,39.329,-0.032,-1,375.000,-1,375.000,-1,300.000,300.000,300.000,300.000,-1,-1,-1,-1,675.000,700.000,-1,-1,2,0,2,0,2,0,0,0,0,2,2,2,2,0,0,2,2
97,-8703.417,5311.017,-209.341,-78.099,0.204405,0.977404,0.053857,-0.978214,0.205994,-0.025763,-0.036275,-0.047418,0.998216,0,0.65548,-0.01602,39.329,-0.032,-1,375.000,-1,375.000,-1,300.000,300.000,300.000,300.000,-1,-1,-1,-1,675.000,700.000,-1,-1,2,0,2,0,2,0,0,0,0,2,2,2,2,0,0,2,2
98,-8695.328,5272.529,-210.680,-78.131,0.203901,0.977537,0.053346,-0.978339,0.205452,-0.025355,-0.035746,-0.047021,0.998254,0,0.65548,-0.01602,39.329,-0.032,-1,375.000,-1,375.000,-1,300.000,300.000,300.000,300.000,-1,-1,-1,-1,675.000,675.000,-1,-1,2,0,2,0,2,0,0,0,0,2,2,2,2,0,0,2,2
99,-8687.261,5234.036,-211.864,-78.163,0.203400,0.977645,0.053273,-0.978478,0.204904,-0.024417,-0.034787,-0.047160,0.998281,0,0.65548,-0.01602,39.329,-0.032,-1,375.000,-1,375.000,-1,300.000,300.000,300.000,300.000,-1,-1,-1,-1,675.000,675.000,-1,-1,2,0,2,0,2,0,0,0,0,2,2,2,2,0,0,2,2
100,-8679.215,5195.539,-213.028,-78.195,0.202900,0.977751,0.053234,-0.978616,0.204355,-0.023438,-0.033795,-0.047340,0.998307,0,0.65548,-0.01602,39.329,-0.032,-1,375.000,-1,375.000,-1,300.000,300.000,300.000,300.000,-1,-1,-1,-1,675.000,675.000,-1,-1,2,0,2,0,2,0,0,0,0,2,2,2,2,0,0,2,2
101,-8671.190,5157.038,-214.050,-78.227,0.202433,0.977874,0.052763,-0.978761,0.203810,-0.022119,-0.032383,-0.047165,0.998362,0,0.65548,-0.01602,39.329,-0.032,-1,375.000,-1,375.000,-1,300.000,300.000,300.000,300.000,-1,-1,-1,-1,675.000,675.000,-1,-1,2,0,2,0,2,0,0,0,0,2,2,2,2,0,0,2,2
102,-8663.188,5118.532,-215.011,-78.259,0.201981,0.978006,0.052036,-0.978905,0.203267,-0.020678,-0.030800,-0.046762,0.998431,0,0.65548,-0.01602,39.329,-0.032,-1,375.000,-1,375.000,-1,300.000,300.000,300.000,300.000,-1,-1,-1,-1,675.000,675.000,-1,-1,2,0,2,0,2,0,0,0,0,2,2,2,2,0,0,2,2
103,-8655.207,5080.021,-215.966,-78.291,0.201527,0.978138,0.051312,-0.979047,0.202724,-0.019248,-0.029229,-0.046358,0.998497,0,0.65548,-0.01602,39.329,-0.032,-1,375.000,-1,375.000,-1,300.000,300.000,300.000,300.000,-1,-1,-1,-1,675.000,675.000,-1,-1,2,0,2,0,2,0,0,0,0,2,2,2,2,0,0,2,2
104,-8647.247,5041.506,-216.915,-78.323,0.201071,0.978269,0.050591,-0.979186,0.202181,-0.017829,-0.027670,-0.045953,0.998560,0,0.65548,-0.01602,39.329,-0.032,-1,375.000,-1,375.000,-1,300.000,300.000,300.000,300.000,-1,-1,-1,-1,675.000,675.000,-1,-1,2,0,2,0,2,0,0,0,0,2,2,2,2,0,0,2,2
105,-8639.309,5002.987,-217.858,-78.355,0.200612,0.978401,0.049873,-0.979323,0.201638,-0.016420,-0.026122,-0.045547,0.998621,0,0.65548,-0.01602,39.329,-0.032,-1,375.000,-1,375.000,-1,300.000,300.000,300.000,300.000,-1,-1,850.000,-1,675.000,675.000,-1,-1,2,0,2,0,2,0,0,0,0,2,2,0,2,0,0,2,2
106,-8631.393,4964.463,-218.796,-78.387,0.200150,0.978531,0.049158,-0.979457,0.201094,-0.015022,-0.024585,-0.045141,0.998678,0,0.65548,-0.01602,39.329,-0.032,-1,375.000,-1,375.000,-1,300.000,300.000,300.000,300.000,-1,950.000,800.000,-1,675.000,675.000,-1,-1,2,0,2,0,2,0,0,0,0,2,0,0,2,0,0,2,2
107,-8623.498,4925.934,-219.728,-78.419,0.199687,0.978661,0.048446,-0.979588,0.200551,-0.013635,-0.023060,-0.044735,0.998733,0,0.65548,-0.01602,39.329,-0.032,-1,375.000,-1,375.000,-1,300.000,325.000,300.000,300.000,-1,850.000,750.000,-1,675.000,675.000,-1,-1,2,0,2,0,2,0,0,0,0,2,0,0,2,0,0,2,2
108,-8615.624,4887.402,-220.655,-78.451,0.199221,0.978791,0.047738,-0.979718,0.200007,-0.012258,-0.021546,-0.044328,0.998785,0,0.65548,-0.01602,39.329,-0.032,-1,375.000,-1,375.000,-1,325.000,325.000,300.000,300.000,-1,800.000,700.000,-1,675.000,675.000,-1,-1,2,0,2,0,2,0,0,0,0,2,0,0,2,0,0,2,2
109,-8607.772,4848.865,-221.576,-78.483,0.198752,0.978921,0.047033,-0.979845,0.199463,-0.010891,-0.020043,-0.043920,0.998834,0,0.65548,-0.01602,39.329,-0.032,-1,375.000,-1,375.000,-1,325.000,325.000,300.000,300.000,-1,725.000,675.000,-1,675.000,675.000,-1,-1,2,0,2,0,2,0,0,0,0,2,0,0,2,0,0,2,2
110,-8599.353,4806.516,-222.575,-78.755,0.194190,0.979873,0.046261,-0.980795,0.194816,-0.009396,-0.018220,-0.043547,0.998885,0,0.71963,-0.13602,43.178,-0.272,-1,375.000,-1,375.000,-1,325.000,300.000,300.000,300.000,-1,675.000,625.000,-1,675.000,675.000,-1,-1,2,0,2,0,2,0,0,0,0,2,0,0,2,0,0,2,2
111,-8591.313,4764.093,-223.552,-79.267,0.185514,0.981587,0.045511,-0.982508,0.186054,-0.007903,-0.016225,-0.043249,0.998933,0,0.71963,-0.25602,43.178,-0.512,-1,375.000,-1,375.000,-1,300.000,300.000,300.000,300.000,-1,625.000,575.000,-1,675.000,675.000,-1,-1,2,0,2,0,2,0,0,0,0,2,0,0,2,0,0,2,2
112,-8583.830,4721.569,-224.500,-80.019,0.172704,0.983954,0.044804,-0.984873,0.173157,-0.006405,-0.014060,-0.043020,0.998975,0,0.71963,-0.37602,43.178,-0.752,-1,375.000,-1,375.000,-1,300.000,300.000,300.000,300.000,-1,575.000,525.000,-1,675.000,650.000,-1,-1,2,0,2,0,2,0,0,0,0,2,0,0,2,0,0,2,2
113,-8577.084,4678.922,-225.408,-81.011,0.155732,0.986812,0.044158,-0.987730,0.156096,-0.004900,-0.011728,-0.042853,0.999013,0,0.71963,-0.49602,43.178,-0.992,-1,375.000,-1,375.000,-1,300.000,300.000,300.000,300.000,-1,525.000,500.000,-1,675.000,650.000,-1,-1,2,0,2,0,2,0,0,0,0,2,0,0,2,0,0,2,2
114,-8571.109,4636.159,-226.273,-82.046,0.137979,0.989476,0.043584,-0.990391,0.138257,-0.003401,-0.009391,-0.042696,0.999044,0,0.71963,-0.51720,43.178,-1.034,-1,375.000,-1,375.000,-1,300.000,300.000,300.000,300.000,-1,500.000,475.000,-1,675.000,650.000,-1,-1,2,0,2,0,2,0,0,0,0,2,0,0,2,0,0,2,2
115,-8565.906,4593.296,-226.645,-83.080,0.120155,0.991746,0.044756,-0.992728,0.120364,-0.001993,-0.007363,-0.044192,0.998996,0,0.71963,-0.51720,43.178,-1.034,-1,375.000,-1,375.000,-1,300.000,300.000,300.000,300.000,-1,500.000,475.000,-1,675.000,650.000,-1,-1,2,0,2,0,2,0,0,0,0,2,0,0,2,0,0,2,2
116,-8561.478,4550.346,-226.680,-84.115,0.102306,0.993695,0.045867,-0.994740,0.102434,-0.000436,-0.005132,-0.045581,0.998947,0,0.71963,-0.51720,43.178,-1.034,-1,375.000,-1,375.000,-1,300.000,300.000,275.000,300.000,-1,500.000,475.000,-1,675.000,650.000,-1,-1,2,0,2,0,2,0,0,0,0,2,0,0,2,0,0,2,2
117,-8557.827,4507.323,-226.327,-85.149,0.084456,0.995385,0.045557,-0.996424,0.084478,0.001443,-0.002413,-0.045516,0.998961,0,0.71963,-0.51720,43.178,-1.034,-1,375.000,-1,375.000,-1,300.000,300.000,300.000,300.000,-1,500.000,500.000,-1,675.000,650.000,-1,-1,2,0,2,0,2,0,0,0,0,2,0,0,2,0,0,2,2
118,-8554.954,4464.241,-225.939,-86.183,0.066578,0.996752,0.045315,-0.997781,0.066495,0.003329,0.000305,-0.045436,0.998967,0,0.71963,-0.51720,43.178,-1.034,-1,375.000,-1,375.000,-1,300.000,300.000,300.000,300.000,-1,500.000,500.000,-1,675.000,650.000,-1,-1,2,0,2,0,2,0,0,0,0,2,0,0,2,0,0,2,2
119,-8552.858,4421.114,-225.515,-87.218,0.048677,0.997794,0.045140,-0.998810,0.048490,0.005223,0.003023,-0.045340,0.998967,0,0.71963,-0.51720,43.178,-1.034,-1,375.000,-1,375.000,-1,300.000,300.000,300.000,300.000,-1,500.000,500.000,-1,650.000,650.000,-1,-1,2,0,2,0,2,0,0,0,0,2,0,0,2,0,0,2,2
120,-8551.542,4377.956,-225.057,-88.252,0.030760,0.998512,0.045032,-0.999510,0.030470,0.007122,0.005740,-0.045230,0.998960,0,0.71963,-0.51720,43.178,-1.034,-1,375.000,-1,375.000,-1,300.000,300.000,300.000,300.000,-1,500.000,500.000,-1,650.000,650.000,-1,-1,2,0,2,0,2,0,0,0,0,2,0,0,2,0,0,2,2
121,-8551.004,4334.782,-224.564,-89.287,0.012833,0.998905,0.044993,-0.999882,0.012439,0.009025,0.008456,-0.045103,0.998947,0,0.71963,-0.51720,43.178,-1.034,-1,375.000,-1,375.000,-1,300.000,300.000,300.000,300.000,-1,500.000,500.000,-1,650.000,625.000,-1,-1,2,0,2,0,2,0,0,0,0,2,0,0,2,0,0,2,2
122,-8551.247,4291.604,-224.035,-90.321,-0.005099,0.998973,0.045020,-0.999925,-0.005596,0.010931,0.011172,-0.044961,0.998926,0,0.71963,-0.51720,43.178,-1.034,-1,375.000,-1,375.000,-1,300.000,300.000,300.000,300.000,-1,500.000,500.000,-1,650.000,625.000,-1,-1,2,0,2,0,2,0,0,0,0,2,0,0,2,0,0,2,2
123,-8552.268,4248.439,-223.471,-91.355,-0.023029,0.998716,0.045115,-0.999638,-0.023630,0.012837,0.013887,-0.044803,0.998899,0,0.71963,-0.51720,43.178,-1.034,-1,375.000,-1,375.000,-1,300.000,300.000,300.000,300.000,-1,500.000,500.000,-1,625.000,625.000,-1,-1,2,0,2,0,2,0,0,0,0,2,0,0,2,0,0,2,2
124,-8554.069,4205.298,-222.872,-92.390,-0.040951,0.998135,0.045278,-0.999023,-0.041656,0.014743,0.016602,-0.044630,0.998866,0,0.71963,-0.51720,43.178,-1.034,-1,375.000,-1,375.000,-1,325.000,300.000,300.000,300.000,-1,500.000,500.000,-1,625.000,625.000,-1,-1,2,0,2,0,2,0,0,0,0,2,0,0,2,0,0,2,2
125,-8556.648,4162.198,-222.238,-93.424,-0.058859,0.997228,0.045507,-0.998079,-0.059669,0.016647,0.019317,-0.044440,0.998825,0,0.71963,-0.51720,43.178,-1.034,-1,375.000,-1,375.000,-1,300.000,300.000,300.000,300.000,-1,500.000,500.000,-1,625.000,625.000,1000.000,-1,2,0,2,0,2,0,0,0,0,2,0,0,2,0,0,0,2
126,-8560.005,4119.150,-221.569,-94.459,-0.076747,0.995998,0.045805,-0.996807,-0.077663,0.018548,0.022031,-0.044235,0.998778,0,0.71963,-0.51720,43.178,-1.034,-1,350.000,-1,375.000,-1,300.000,300.000,300.000,300.000,-1,500.000,500.000,-1,600.000,600.000,975.000,-1,2,0,2,0,2,0,0,0,0,2,0,0,2,0,0,0,2
127,-8564.139,4076.171,-220.864,-95.493,-0.094610,0.994443,0.046169,-0.995207,-0.095632,0.020444,0.024745,-0.044013,0.998724,0,0.71963,-0.51720,43.178,-1.034,1000.000,350.000,-1,350.000,-1,300.000,300.000,300.000,300.000,-1,450.000,450.000,-1,600.000,600.000,925.000,1000.000,0,0,2,0,2,0,0,0,0,2,0,0,2,0,0,0,0
128,-8569.048,4033.273,-220.125,-96.527,-0.112440,0.992565,0.046600,-0.993279,-0.113570,0.022333,0.027459,-0.043776,0.998664,0,0.71963,-0.51720,43.178,-1.034,950.000,350.000,-1,350.000,-1,300.000,300.000,300.000,300.000,-1,425.000,425.000,-1,600.000,600.000,900.000,1000.000,0,0,2,0,2,0,0,0,0,2,0,0,2,0,0,0,0
129,-8574.730,3990.470,-219.338,-97.562,-0.130230,0.990362,0.047152,-0.991023,-0.131471,0.024246,0.030212,-0.043571,0.998593,0,0.71963,-0.51720,43.178,-1.034,900.000,350.000,-1,350.000,-1,300.000,300.000,300.000,300.000,-1,400.000,400.000,-1,575.000,600.000,850.000,975.000,0,0,2,0,2,0,0,0,0,2,0,0,2,0,0,0,0
130,-8581.186,3947.778,-217.940,-98.596,-0.148038,0.987930,0.045590,-0.988424,-0.149344,0.026709,0.033196,-0.041109,0.998603,0,0.71963,-0.51720,43.178,-1.034,875.000,350.000,-1,350.000,-1,300.000,300.000,300.000,300.000,-1,400.000,375.000,-1,575.000,600.000,825.000,975.000,0,0,2,0,2,0,0,0,0,2,0,0,2,0,0,0,0
131,-8588.411,3905.209,-216.083,-99.631,-0.165826,0.985232,0.042668,-0.985456,-0.167182,0.030438,0.037122,-0.037000,0.998626,0,0.71963,-0.51720,43.178,-1.034,875.000,350.000,-1,350.000,-1,300.000,300.000,300.000,300.000,-1,375.000,350.000,-1,600.000,600.000,825.000,950.000,0,0,2,0,2,0,0,0,0,2,0,0,2,0,0,0,0
132,-8596.403,3862.777,-213.609,-100.665,-0.183497,0.982122,0.042021,-0.982164,-0.184954,0.033860,0.041027,-0.035058,0.998543,0,0.71963,-0.51720,43.178,-1.034,875.000,350.000,-1,350.000,-1,300.000,300.000,300.000,300.000,-1,375.000,350.000,-1,600.000,600.000,825.000,950.000,0,0,2,0,2,0,0,0,0,2,0,0,2,0,0,0,0
133,-8605.159,3820.496,-210.831,-101.699,-0.201036,0.978654,0.042672,-0.978516,-0.202660,0.037887,0.045727,-0.034138,0.998370,0,0.71963,-0.51720,43.178,-1.034,875.000,350.000,-1,350.000,-1,300.000,300.000,325.000,300.000,-1,375.000,350.000,-1,600.000,600.000,800.000,975.000,0,0,2,0,2,0,0,0,0,2,0,0,2,0,0,0,0
134,-8613.463,3783.026,-208.344,-102.494,-0.214440,0.975773,0.043382,-0.975467,-0.216214,0.041417,0.049793,-0.033436,0.998200,0,0.63963,-0.39720,38.378,-0.794,850.000,350.000,-1,350.000,-1,300.000,300.000,325.000,300.000,-1,375.000,350.000,-1,600.000,625.000,800.000,1000.000,0,0,2,0,2,0,0,0,0,2,0,0,2,0,0,0,0
135,-8621.095,3750.327,-206.156,-103.138,-0.225267,0.973299,0.044079,-0.972838,-0.227175,0.044472,0.053298,-0.032864,0.998038,0,0.55963,-0.32207,33.578,-0.644,850.000,350.000,-1,350.000,-1,300.000,300.000,325.000,300.000,-1,375.000,350.000,-1,600.000,625.000,800.000,-1,0,0,2,0,2,0,0,0,0,2,0,0,2,0,0,0,2
136,-8627.951,3722.378,-204.274,-103.782,-0.236086,0.970703,0.044710,-0.970097,-0.238107,0.047074,0.056340,-0.032260,0.997890,0,0.47963,-0.32207,28.778,-0.644,850.000,350.000,-1,350.000,-1,300.000,300.000,325.000,300.000,-1,375.000,350.000,-1,600.000,625.000,800.000,-1,0,0,2,0,2,0,0,0,0,2,0,0,2,0,0,0,2
