timestep,x_cm,y_cm,z_cm,yaw_deg,basis_xx,basis_xy,basis_xz,basis_yx,basis_yy,basis_yz,basis_zx,basis_zy,basis_zz,teleport_flag,throttle_cmd,steering_cmd,cmd_move_cm,cmd_turn_deg,lidar_cm_0,lidar_cm_1,lidar_cm_2,lidar_cm_3,lidar_cm_4,lidar_cm_5,lidar_cm_6,lidar_cm_7,lidar_cm_8,lidar_cm_9,lidar_cm_10,lidar_cm_11,lidar_cm_12,lidar_cm_13,lidar_cm_14,lidar_cm_15,lidar_cm_16,lidar_class_0,lidar_class_1,lidar_class_2,lidar_class_3,lidar_class_4,lidar_class_5,lidar_class_6,lidar_class_7,lidar_class_8,lidar_class_9,lidar_class_10,lidar_class_11,lidar_class_12,lidar_class_13,lidar_class_14,lidar_class_15,lidar_class_16
0,-4917.765,-323.485,97.496,68.295,0.372529,-0.925722,-0.065279,0.927272,0.368481,0.066247,-0.037272,-0.085210,0.995666,1,0.08000,-0.12000,4.800,-0.240,-1,375.000,-1,400.000,-1,325.000,325.000,325.000,325.000,-1,-1,-1,-1,700.000,775.000,-1,-1,2,0,2,0,2,0,0,0,0,2,2,2,2,0,0,2,2
1,-4914.140,-314.595,97.112,67.815,0.380232,-0.922581,-0.065325,0.924177,0.376215,0.066017,-0.036330,-0.085474,0.995678,0,0.16000,-0.24000,9.600,-0.480,-1,375.000,-1,400.000,-1,325.000,325.000,325.000,325.000,-1,-1,-1,-1,700.000,775.000,-1,-1,2,0,2,0,2,0,0,0,0,2,2,2,2,0,0,2,2
2,-4908.536,-301.330,96.550,67.095,0.391735,-0.917751,-0.065392,0.919415,0.387766,0.065678,-0.034919,-0.085851,0.995696,0,0.24000,-0.36000,14.400,-0.720,-1,375.000,-1,400.000,-1,325.000,325.000,325.000,325.000,-1,-1,-1,-1,700.000,775.000,-1,-1,2,0,2,0,2,0,0,0,0,2,2,2,2,0,0,2,2
3,-4900.768,-283.771,95.828,66.135,0.406977,-0.911089,-0.065476,0.912841,0.403071,0.065236,-0.033044,-0.086319,0.995719,0,0.32000,-0.48000,19.200,-0.960,-1,375.000,-1,400.000,-1,325.000,325.000,325.000,325.000,-1,-1,-1,-1,700.000,800.000,-1,-1,2,0,2,0,2,0,0,0,0,2,2,2,2,0,0,2,2
4,-4890.600,-262.030,94.970,64.935,0.425868,-0.902406,-0.065572,0.904264,0.422044,0.064700,-0.030711,-0.086848,0.995748,0,0.40000,-0.60000,24.000,-1.200,-1,375.000,-1,400.000,-1,325.000,325.000,325.000,325.000,-1,-1,-1,-1,700.000,800.000,-1,-1,2,0,2,0,2,0,0,0,0,2,2,2,2,0,0,2,2
5,-4877.747,-236.256,94.003,63.495,0.448292,-0.891472,-0.065671,0.893451,0.444567,0.064083,-0.027933,-0.087402,0.995781,0,0.48000,-0.72000,28.800,-1.440,-1,375.000,-1,400.000,-1,325.000,325.000,300.000,325.000,-1,-1,-1,-1,725.000,800.000,-1,-1,2,0,2,0,2,0,0,0,0,2,2,2,2,0,0,2,2
6,-4861.876,-206.639,92.964,61.815,0.474097,-0.878014,-0.065757,0.880125,0.470489,0.063400,-0.024728,-0.087932,0.995820,0,0.56000,-0.84000,33.600,-1.680,-1,375.000,-1,400.000,-1,325.000,325.000,300.000,325.000,-1,-1,-1,-1,725.000,825.000,-1,-1,2,0,2,0,2,0,0,0,0,2,2,2,2,0,0,2,2
7,-4842.614,-173.418,91.941,59.895,0.503113,-0.861737,-0.065470,0.863953,0.499630,0.062884,-0.021479,-0.088201,0.995871,0,0.64000,-0.96000,38.400,-1.920,-1,375.000,-1,400.000,-1,325.000,325.000,300.000,325.000,-1,-1,-1,-1,725.000,825.000,-1,-1,2,0,2,0,2,0,0,0,0,2,2,2,2,0,0,2,2
8,-4819.653,-136.823,90.986,57.895,0.532814,-0.843788,-0.064269,0.846013,0.529408,0.063157,-0.019267,-0.088024,0.995932,0,0.72000,-1.00000,43.200,-2.000,-1,375.000,-1,400.000,-1,325.000,325.000,300.000,325.000,-1,-1,-1,-1,725.000,825.000,-1,-1,2,0,2,0,2,0,0,0,0,2,2,2,2,0,0,2,2
9,-4792.737,-97.077,90.068,55.895,0.561870,-0.824829,-0.062915,0.827049,0.558554,0.063297,-0.017067,-0.087599,0.996010,0,0.80000,-1.00000,48.000,-2.000,-1,375.000,-1,400.000,-1,325.000,325.000,300.000,325.000,-1,-1,-1,-1,725.000,825.000,-1,-1,2,0,2,0,2,0,0,0,0,2,2,2,2,0,0,2,2
10,-4763.706,-57.276,89.402,53.895,0.590215,-0.804910,-0.061360,0.807117,0.587056,0.062665,-0.014418,-0.086510,0.996147,0,0.82105,-1.00000,49.263,-2.000,-1,375.000,-1,400.000,-1,325.000,325.000,300.000,325.000,-1,-1,-1,-1,725.000,850.000,-1,-1,2,0,2,0,2,0,0,0,0,2,2,2,2,0,0,2,2
11,-4733.224,-18.411,88.881,51.895,0.617851,-0.784012,-0.059876,0.786207,0.614852,0.061925,-0.011735,-0.085335,0.996283,0,0.82318,-1.00000,49.391,-2.000,-1,375.000,-1,400.000,-1,325.000,325.000,300.000,325.000,-1,-1,-1,-1,725.000,850.000,-1,-1,2,0,2,0,2,0,0,0,0,2,2,2,2,0,0,2,2
12,-4701.328,19.458,88.488,49.895,0.644749,-0.762153,-0.058494,0.764341,0.641904,0.061173,-0.009076,-0.084151,0.996412,0,0.82517,-1.00000,49.510,-2.000,-1,375.000,-1,400.000,-1,325.000,325.000,300.000,300.000,-1,-1,-1,-1,750.000,850.000,-1,-1,2,0,2,0,2,0,0,0,0,2,2,2,2,0,0,2,2
13,-4668.054,56.274,88.223,47.895,0.670874,-0.739361,-0.057218,0.741544,0.668179,0.060420,-0.006440,-0.082964,0.996532,0,0.82705,-1.00000,49.623,-2.000,-1,375.000,-1,425.000,-1,325.000,325.000,300.000,300.000,-1,-1,-1,-1,750.000,850.000,-1,-1,2,0,2,0,2,0,0,0,0,2,2,2,2,0,0,2,2
14,-4633.441,91.982,87.836,45.895,0.696242,-0.715716,-0.054759,0.717792,0.693696,0.059675,-0.004724,-0.080853,0.996715,0,0.82880,-1.00000,49.728,-2.000,-1,375.000,-1,425.000,-1,325.000,325.000,300.000,300.000,-1,-1,-1,-1,750.000,850.000,-1,-1,2,0,2,0,2,0,0,0,0,2,2,2,2,0,0,2,2
15,-4597.533,126.527,87.554,43.895,0.720783,-0.691192,-0.052211,0.693154,0.718378,0.058920,-0.003217,-0.078659,0.996896,0,0.83043,-1.00000,49.826,-2.000,-1,375.000,-1,425.000,-1,325.000,325.000,300.000,300.000,-1,-1,-1,-1,750.000,875.000,-1,-1,2,0,2,0,2,0,0,0,0,2,2,2,2,0,0,2,2
16,-4560.374,159.860,87.395,41.895,0.744456,-0.665815,-0.049760,0.667669,0.742190,0.058065,-0.001729,-0.076450,0.997072,0,0.83195,-1.00000,49.917,-2.000,-1,375.000,-1,400.000,-1,325.000,325.000,300.000,300.000,-1,-1,-1,-1,750.000,900.000,-1,-1,2,0,2,0,2,0,0,0,0,2,2,2,2,0,0,2,2
17,-4522.009,191.929,87.358,39.895,0.767232,-0.639615,-0.047409,0.641369,0.765103,0.057117,-0.000260,-0.074229,0.997241,0,0.83336,-1.00000,50.002,-2.000,-1,400.000,-1,400.000,-1,325.000,325.000,300.000,300.000,-1,-1,-1,-1,750.000,925.000,-1,-1,2,0,2,0,2,0,0,0,0,2,2,2,2,0,0,2,2
18,-4482.487,222.688,87.346,37.895,0.789069,-0.612606,-0.045655,0.614303,0.787066,0.056201,0.001504,-0.072392,0.997375,0,0.83466,-1.00000,50.080,-2.000,-1,400.000,-1,400.000,-1,325.000,325.000,300.000,300.000,-1,-1,-1,-1,750.000,950.000,-1,-1,2,0,2,0,2,0,0,0,0,2,2,2,2,0,0,2,2
19,-4441.858,252.091,87.354,35.895,0.809937,-0.584825,-0.044509,0.586505,0.808050,0.055380,0.003577,-0.070959,0.997473,0,0.83586,-1.00000,50.152,-2.000,-1,400.000,-1,400.000,-1,325.000,325.000,300.000,300.000,-1,-1,-1,-1,750.000,975.000,-1,-1,2,0,2,0,2,0,0,0,0,2,2,2,2,0,0,2,2
20,-4400.173,280.095,87.500,33.895,0.829830,-0.556327,-0.043374,0.557988,0.828056,0.054532,0.005578,-0.069454,0.997570,0,0.83696,-1.00000,50.217,-2.000,-1,400.000,-1,400.000,-1,325.000,325.000,300.000,300.000,-1,-1,-1,-1,750.000,-1,-1,-1,2,0,2,0,2,0,0,0,0,2,2,2,2,0,2,2,2
21,-4357.485,306.660,87.756,31.895,0.848764,-0.527143,-0.041470,0.528731,0.847052,0.054279,0.006514,-0.067996,0.997664,0,0.83796,-1.00000,50.277,-2.000,-1,400.000,-1,400.000,-1,325.000,325.000,300.000,300.000,-1,-1,-1,-1,725.000,-1,-1,-1,2,0,2,0,2,0,0,0,0,2,2,2,2,0,2,2,2
22,-4313.848,331.745,88.077,29.895,0.866676,-0.497302,-0.039533,0.498819,0.865006,0.054271,0.007207,-0.066755,0.997743,0,0.83887,-1.00000,50.332,-2.000,-1,400.000,-1,400.000,-1,325.000,325.000,300.000,300.000,-1,-1,-1,-1,725.000,-1,-1,-1,2,0,2,0,2,0,0,0,0,2,2,2,2,0,2,2,2
23,-4269.319,355.316,88.529,27.895,0.883535,-0.466851,-0.037643,0.468299,0.881910,0.054133,0.007926,-0.065456,0.997824,0,0.83969,-1.00000,50.382,-2.000,-1,375.000,-1,400.000,-1,325.000,325.000,300.000,300.000,-1,-1,-1,-1,750.000,-1,-1,-1,2,0,2,0,2,0,0,0,0,2,2,2,2,0,2,2,2
24,-4223.955,377.338,89.109,25.895,0.899318,-0.435827,-0.035804,0.437209,0.897745,0.053876,0.008662,-0.064105,0.997906,0,0.84044,-1.00000,50.426,-2.000,-1,375.000,-1,425.000,-1,325.000,325.000,300.000,300.000,-1,-1,-1,-1,775.000,-1,-1,-1,2,0,2,0,2,0,0,0,0,2,2,2,2,0,2,2,2
25,-4177.813,397.779,89.815,23.895,0.914009,-0.404266,-0.034014,0.405586,0.912489,0.053513,0.009404,-0.062707,0.997988,0,0.84110,-1.00000,50.466,-2.000,-1,375.000,-1,425.000,-1,325.000,325.000,300.000,300.000,-1,-1,-1,-1,800.000,-1,-1,-1,2,0,2,0,2,0,0,0,0,2,2,2,2,0,2,2,2
26,-4130.953,416.611,90.642,21.895,0.927588,-0.372208,-0.032273,0.373467,0.926125,0.053055,0.010142,-0.061266,0.998070,0,0.84170,-1.00000,50.502,-2.000,-1,375.000,-1,450.000,-1,325.000,325.000,300.000,300.000,-1,-1,-1,-1,825.000,-1,-1,-1,2,0,2,0,2,0,0,0,0,2,2,2,2,0,2,2,2
27,-4083.434,433.806,91.588,19.895,0.940040,-0.339690,-0.030579,0.340891,0.938635,0.052512,0.010864,-0.059787,0.998152,0,0.84223,-1.00000,50.534,-2.000,-1,400.000,-1,450.000,-1,325.000,350.000,300.000,300.000,-1,-1,-1,-1,850.000,-1,-1,-1,2,0,2,0,2,0,0,0,0,2,2,2,2,0,2,2,2
28,-4035.317,449.342,92.648,17.895,0.951350,-0.306753,-0.028925,0.307897,0.950003,0.051894,0.011560,-0.058275,0.998234,0,0.84270,-1.00000,50.562,-2.000,-1,400.000,-1,475.000,-1,325.000,350.000,300.000,300.000,-1,-1,-1,-1,875.000,-1,-1,-1,2,0,2,0,2,0,0,0,0,2,2,2,2,0,2,2,2
29,-3986.664,463.195,93.491,15.895,0.961482,-0.273454,-0.027838,0.274555,0.960281,0.049807,0.013112,-0.055532,0.998371,0,0.84311,-1.00000,50.586,-2.000,-1,425.000,-1,475.000,-1,350.000,350.000,300.000,300.000,-1,-1,-1,-1,900.000,-1,-1,-1,2,0,2,0,2,0,0,0,0,2,2,2,2,0,2,2,2
30,-3942.262,474.373,93.637,14.135,0.969495,-0.243898,-0.024364,0.244798,0.968488,0.045875,0.012407,-0.050440,0.998650,0,0.76311,-0.88000,45.786,-1.760,-1,425.000,-1,475.000,-1,350.000,350.000,300.000,300.000,-1,-1,-1,-1,975.000,-1,-1,-1,2,0,2,0,2,0,0,0,0,2,2,2,2,0,2,2,2
31,-3897.637,484.358,93.840,12.615,0.975682,-0.218176,-0.021060,0.218892,0.974854,0.041774,0.011416,-0.045368,0.998905,0,0.76213,-0.76000,45.728,-1.520,-1,425.000,-1,475.000,-1,350.000,375.000,300.000,300.000,-1,-1,-1,-1,-1,-1,-1,-1,2,0,2,0,2,0,0,0,0,2,2,2,2,2,2,2,2
32,-3852.774,493.268,93.571,11.235,0.980707,-0.194664,-0.017872,0.195238,0.979951,0.039736,0.009779,-0.042459,0.999050,0,0.76231,-0.68988,45.739,-1.380,-1,425.000,-1,475.000,-1,350.000,375.000,300.000,275.000,-1,-1,-1,-1,-1,-1,-1,-1,2,0,2,0,2,0,0,0,0,2,2,2,2,2,2,2,2
33,-3807.703,501.100,92.847,9.858,0.985167,-0.171064,-0.013530,0.171476,0.984378,0.039939,0.006487,-0.041666,0.999111,0,0.76244,-0.68850,45.746,-1.377,-1,425.000,-1,475.000,-1,350.000,350.000,300.000,275.000,-1,-1,-1,-1,-1,-1,-1,-1,2,0,2,0,2,0,0,0,0,2,2,2,2,2,2,2,2
34,-3762.450,507.850,92.194,8.484,0.989034,-0.147410,-0.009109,0.147658,0.988232,0.039931,0.003116,-0.040838,0.999161,0,0.76256,-0.68718,45.754,-1.374,-1,425.000,-1,450.000,-1,350.000,350.000,300.000,275.000,-1,-1,-1,-1,-1,-1,-1,-1,2,0,2,0,2,0,0,0,0,2,2,2,2,2,2,2,2
35,-3717.042,513.516,91.608,7.112,0.992307,-0.123713,-0.004619,0.123799,0.991512,0.039714,-0.000333,-0.039980,0.999200,0,0.76267,-0.68591,45.760,-1.372,-1,425.000,-1,450.000,-1,350.000,350.000,275.000,275.000,-1,-1,-1,-1,-1,-1,-1,-1,2,0,2,0,2,0,0,0,0,2,2,2,2,2,2,2,2
36,-3671.505,518.096,91.086,5.743,0.994989,-0.099986,-0.000070,0.099912,0.994220,0.039289,-0.003859,-0.039099,0.999228,0,0.76277,-0.68469,45.766,-1.369,-1,425.000,-1,450.000,-1,350.000,350.000,275.000,275.000,-1,-1,-1,-1,-1,-1,-1,-1,2,0,2,0,2,0,0,0,0,2,2,2,2,2,2,2,2
37,-3625.866,521.588,90.626,4.376,0.997079,-0.076241,0.004528,0.076010,0.996357,0.038658,-0.007459,-0.038201,0.999242,0,0.76287,-0.68353,45.772,-1.367,-1,425.000,-1,450.000,-1,350.000,350.000,275.000,275.000,-1,-1,-1,-1,-1,-1,-1,-1,2,0,2,0,2,0,0,0,0,2,2,2,2,2,2,2,2
38,-3580.151,523.992,90.225,3.011,0.998579,-0.052490,0.009166,0.052108,0.997925,0.037823,-0.011132,-0.037292,0.999242,0,0.76296,-0.68241,45.777,-1.365,-1,425.000,-1,475.000,-1,350.000,350.000,275.000,275.000,-1,-1,-1,-1,-1,-1,-1,-1,2,0,2,0,2,0,0,0,0,2,2,2,2,2,2,2,2
39,-3534.388,525.309,89.879,1.648,0.999491,-0.028744,0.013833,0.028218,0.998925,0.036788,-0.014876,-0.036379,0.999227,0,0.76304,-0.68135,45.782,-1.363,-1,425.000,-1,475.000,-1,350.000,350.000,275.000,275.000,-1,-1,-1,-1,-1,-1,-1,-1,2,0,2,0,2,0,0,0,0,2,2,2,2,2,2,2,2
40,-3488.601,525.539,89.586,0.288,0.999816,-0.005015,0.018521,0.004354,0.999358,0.035556,-0.018687,-0.035469,0.999196,0,0.76311,-0.68034,45.787,-1.361,-1,450.000,-1,475.000,-1,350.000,350.000,275.000,275.000,-1,-1,-1,-1,-1,-1,-1,-1,2,0,2,0,2,0,0,0,0,2,2,2,2,2,2,2,2
41,-3442.818,524.682,89.343,-1.071,0.999556,0.018684,0.023220,-0.019471,0.999228,0.034130,-0.022565,-0.034567,0.999148,0,0.76318,-0.67938,45.791,-1.359,-1,450.000,-1,475.000,-1,350.000,375.000,300.000,275.000,-1,-1,-1,-1,-1,-1,-1,-1,2,0,2,0,2,0,0,0,0,2,2,2,2,2,2,2,2
42,-3397.064,522.742,89.146,-2.428,0.998713,0.042343,0.027923,-0.043245,0.998535,0.032514,-0.026505,-0.033680,0.999081,0,0.76324,-0.67847,45.794,-1.357,-1,450.000,-1,475.000,-1,375.000,375.000,300.000,275.000,-1,-1,-1,-1,-1,-1,-1,-1,2,0,2,0,2,0,0,0,0,2,2,2,2,2,2,2,2
43,-3351.366,519.720,88.992,-3.783,0.997290,0.065950,0.032619,-0.066954,0.997283,0.030714,-0.030505,-0.032814,0.998996,0,0.76330,-0.67762,45.798,-1.355,-1,475.000,-1,475.000,-1,375.000,375.000,300.000,275.000,-1,-1,-1,-1,-1,-1,-1,-1,2,0,2,0,2,0,0,0,0,2,2,2,2,2,2,2,2
44,-3305.748,515.619,88.760,-5.137,0.995301,0.089491,0.036966,-0.090591,0.995459,0.029241,-0.034181,-0.032453,0.998889,0,0.76335,-0.67681,45.801,-1.354,-1,475.000,-1,475.000,-1,375.000,375.000,300.000,300.000,-1,-1,-1,-1,-1,-1,-1,-1,2,0,2,0,2,0,0,0,0,2,2,2,2,2,2,2,2
45,-3260.237,510.446,87.006,-6.489,0.992707,0.112932,0.042185,-0.114381,0.992867,0.033662,-0.038083,-0.038241,0.998543,0,0.76340,-0.67605,45.804,-1.352,-1,475.000,-1,475.000,-1,375.000,375.000,300.000,300.000,-1,-1,-1,-1,-1,-1,-1,-1,2,0,2,0,2,0,0,0,0,2,2,2,2,2,2,2,2
46,-3214.795,504.189,84.005,-7.842,0.989554,0.136327,0.046878,-0.137981,0.989849,0.034050,-0.041760,-0.040162,0.998320,0,0.76449,-0.67629,45.870,-1.353,-1,475.000,-1,475.000,-1,375.000,375.000,275.000,300.000,-1,-1,-1,-1,-1,-1,-1,-1,2,0,2,0,2,0,0,0,0,2,2,2,2,2,2,2,2
47,-3169.488,496.854,80.801,-9.197,0.985785,0.159701,0.052194,-0.161545,0.986306,0.033233,-0.046172,-0.041193,0.998084,0,0.76494,-0.67786,45.896,-1.356,-1,475.000,-1,475.000,-1,375.000,375.000,275.000,300.000,-1,-1,-1,-1,-1,-1,-1,-1,2,0,2,0,2,0,0,0,0,2,2,2,2,2,2,2,2
48,-3123.993,488.381,77.616,-10.551,0.981438,0.182946,0.057530,-0.184979,0.982214,0.032215,-0.050613,-0.042259,0.997824,0,0.77127,-0.67675,46.276,-1.353,-1,450.000,-1,450.000,-1,375.000,375.000,275.000,275.000,-1,-1,-1,-1,-1,-1,-1,-1,2,0,2,0,2,0,0,0,0,2,2,2,2,2,2,2,2
49,-3078.463,478.780,74.462,-11.910,0.976494,0.206174,0.062862,-0.208393,0.977553,0.031007,-0.055058,-0.043378,0.997540,0,0.77552,-0.67933,46.531,-1.359,-1,450.000,-1,450.000,-1,375.000,375.000,275.000,275.000,-1,-1,-1,-1,-1,-1,-1,-1,2,0,2,0,2,0,0,0,0,2,2,2,2,2,2,2,2
50,-3032.919,468.037,71.336,-13.273,0.970949,0.229368,0.068181,-0.231772,0.972319,0.029614,-0.059502,-0.044556,0.997233,0,0.77988,-0.68186,46.793,-1.364,-1,450.000,-1,450.000,-1,350.000,350.000,275.000,275.000,-1,-1,-1,-1,-1,975.000,-1,-1,2,0,2,0,2,0,0,0,0,2,2,2,2,2,0,2,2
51,-2987.384,456.142,68.238,-14.642,0.964799,0.252513,0.073481,-0.255096,0.966509,0.028042,-0.063939,-0.045799,0.996902,0,0.78437,-0.68434,47.062,-1.369,-1,450.000,-1,425.000,-1,350.000,350.000,275.000,275.000,-1,-1,-1,-1,-1,950.000,-1,-1,2,0,2,0,2,0,0,0,0,2,2,2,2,2,0,2,2
52,-2941.881,443.082,65.168,-16.016,0.958044,0.275591,0.078752,-0.278350,0.960120,0.026296,-0.068365,-0.047114,0.996547,0,0.78897,-0.68677,47.338,-1.374,-1,450.000,-1,425.000,-1,350.000,350.000,275.000,275.000,-1,-1,-1,-1,1000.000,900.000,-1,-1,2,0,2,0,2,0,0,0,0,2,2,2,2,0,0,2,2
53,-2896.436,428.848,62.124,-17.394,0.950680,0.298586,0.083989,-0.301515,0.953149,0.024384,-0.072773,-0.048506,0.996168,0,0.79368,-0.68914,47.621,-1.378,-1,450.000,-1,425.000,1000.000,350.000,350.000,275.000,275.000,-1,-1,-1,-1,975.000,875.000,-1,-1,2,0,2,0,1,0,0,0,0,2,2,2,2,0,0,2,2
54,-2855.834,415.239,59.415,-18.532,0.944125,0.317443,0.088642,-0.320518,0.946974,0.022550,-0.076783,-0.049701,0.995808,0,0.71368,-0.56914,42.821,-1.138,-1,425.000,-1,400.000,950.000,350.000,350.000,300.000,275.000,-1,-1,-1,-1,925.000,850.000,-1,-1,2,0,2,0,1,0,0,0,0,2,2,2,2,0,0,2,2
55,-2816.384,401.324,56.778,-19.430,0.938586,0.332233,0.093147,-0.335438,0.941835,0.020705,-0.080850,-0.050678,0.995437,0,0.69719,-0.44914,41.831,-0.898,-1,425.000,-1,400.000,900.000,350.000,325.000,300.000,275.000,-1,-1,-1,-1,900.000,825.000,-1,-1,2,0,2,0,1,0,0,0,0,2,2,2,2,0,0,2,2
56,-2776.858,386.869,54.122,-20.089,0.934239,0.343019,0.097654,-0.346341,0.937919,0.018851,-0.085125,-0.051433,0.995042,0,0.70140,-0.32914,42.084,-0.658,-1,425.000,-1,400.000,850.000,350.000,325.000,300.000,275.000,-1,-1,-1,-1,875.000,800.000,-1,950.000,2,0,2,0,1,0,0,0,0,2,2,2,2,0,0,2,1
57,-2737.208,372.041,51.268,-20.507,0.931252,0.349835,0.101906,-0.353322,0.935331,0.017865,-0.089066,-0.052643,0.994634,0,0.70553,-0.20914,42.332,-0.418,-1,425.000,-1,400.000,800.000,325.000,325.000,300.000,275.000,-1,-1,-1,-1,850.000,775.000,-1,900.000,2,0,2,0,1,0,0,0,0,2,2,2,2,0,0,2,1
58,-2697.378,357.006,47.802,-20.685,0.929801,0.352681,0.105288,-0.356539,0.934071,0.019771,-0.091374,-0.055923,0.994245,0,0.70953,-0.08914,42.572,-0.178,-1,425.000,-1,400.000,775.000,325.000,325.000,300.000,275.000,-1,-1,-1,-1,825.000,775.000,-1,875.000,2,0,2,0,1,0,0,0,0,2,2,2,2,0,1,2,1
59,-2657.318,341.933,44.257,-20.623,0.929781,0.351610,0.108987,-0.355870,0.934281,0.021821,-0.094152,-0.059074,0.993804,0,0.71337,0.03086,42.802,0.062,-1,425.000,-1,400.000,725.000,325.000,325.000,300.000,275.000,-1,-1,-1,-1,800.000,750.000,-1,825.000,2,0,2,0,1,0,0,0,0,2,2,2,2,0,0,2,1
60,-2616.974,326.995,40.681,-20.322,0.931206,0.346627,0.112720,-0.351291,0.935961,0.023903,-0.097216,-0.061856,0.993339,0,0.71698,0.15086,43.019,0.302,-1,400.000,-1,400.000,700.000,325.000,325.000,300.000,300.000,-1,-1,-1,-1,775.000,750.000,-1,800.000,2,0,2,0,1,0,0,0,0,2,2,2,2,0,1,2,1
61,-2576.305,312.373,37.067,-19.780,0.934019,0.337711,0.116443,-0.342780,0.939055,0.026052,-0.100549,-0.064247,0.992856,0,0.72029,0.27086,43.218,0.542,-1,400.000,-1,400.000,675.000,325.000,325.000,300.000,300.000,-1,-1,-1,-1,750.000,750.000,-1,775.000,2,0,2,0,1,0,0,0,0,2,2,2,2,0,1,2,1
62,-2535.278,298.248,32.763,-18.998,0.938414,0.324876,0.117623,-0.330017,0.943597,0.026702,-0.102314,-0.063876,0.992699,0,0.72318,0.39086,43.391,0.782,-1,400.000,-1,400.000,650.000,325.000,325.000,300.000,300.000,-1,-1,-1,-1,750.000,725.000,-1,750.000,2,0,2,0,1,0,0,0,0,2,2,2,2,0,1,2,1
63,-2496.431,285.642,28.505,-17.977,0.944022,0.308028,0.118073,-0.313127,0.949330,0.026923,-0.103797,-0.062388,0.992640,0,0.68069,0.51086,40.841,1.022,-1,400.000,-1,400.000,625.000,325.000,325.000,275.000,300.000,-1,-1,-1,-1,725.000,750.000,-1,750.000,2,0,2,0,1,0,0,0,0,2,2,2,2,0,1,2,1
64,-2457.222,273.866,24.181,-16.715,0.950552,0.287085,0.118461,-0.292112,0.955999,0.027136,-0.105458,-0.060398,0.992588,0,0.68233,0.63086,40.940,1.262,-1,400.000,-1,400.000,600.000,325.000,325.000,275.000,300.000,-1,-1,-1,-1,725.000,725.000,-1,750.000,2,0,2,0,1,0,0,0,0,2,2,2,2,0,0,2,1
65,-2417.661,263.106,19.785,-15.213,0.957738,0.261971,0.118779,-0.266894,0.963338,0.027339,-0.107263,-0.057885,0.992544,0,0.68331,0.75086,40.999,1.502,-1,400.000,-1,400.000,600.000,325.000,325.000,275.000,300.000,-1,-1,-1,-1,700.000,725.000,-1,750.000,2,0,2,0,1,0,0,0,0,2,2,2,2,0,0,2,1
66,-2377.796,253.485,15.319,-13.564,0.964878,0.234184,0.119033,-0.238976,0.970635,0.027520,-0.109093,-0.055000,0.992509,0,0.68350,0.82438,41.010,1.649,-1,400.000,-1,400.000,575.000,325.000,325.000,275.000,300.000,-1,-1,-1,-1,700.000,700.000,-1,775.000,2,0,2,0,1,0,0,0,0,2,2,2,2,0,0,2,1
67,-2337.708,245.012,10.790,-11.931,0.971163,0.206456,0.119242,-0.211110,0.977070,0.027675,-0.110794,-0.052050,0.992479,0,0.68290,0.81662,40.974,1.633,-1,400.000,-1,400.000,575.000,325.000,325.000,275.000,300.000,-1,-1,-1,-1,700.000,700.000,-1,775.000,2,0,2,0,1,0,0,0,0,2,2,2,2,0,0,2,1
68,-2297.470,237.688,6.205,-10.314,0.976607,0.178829,0.119409,-0.183335,0.982657,0.027798,-0.112367,-0.049040,0.992456,0,0.68166,0.80855,40.900,1.617,-1,400.000,-1,400.000,575.000,325.000,325.000,275.000,300.000,-1,-1,-1,-1,675.000,675.000,-1,800.000,2,0,2,0,1,0,0,0,0,2,2,2,2,0,0,2,1
69,-2257.156,231.507,1.576,-8.714,0.981228,0.151337,0.119539,-0.155688,0.987413,0.027885,-0.113814,-0.045973,0.992438,0,0.67976,0.80018,40.786,1.600,-1,400.000,-1,400.000,600.000,325.000,325.000,300.000,300.000,-1,-1,-1,-1,675.000,650.000,-1,825.000,2,0,2,0,1,0,0,0,0,2,2,2,2,0,0,2,1
70,-2216.838,226.461,-3.090,-7.131,0.985041,0.124017,0.119638,-0.128204,0.991354,0.027933,-0.115140,-0.042854,0.992425,0,0.67720,0.79158,40.632,1.583,-1,375.000,-1,375.000,600.000,325.000,325.000,300.000,300.000,-1,-1,-1,-1,650.000,650.000,-1,850.000,2,0,2,0,1,0,0,0,0,2,2,2,2,0,0,2,1
71,-2176.590,222.537,-7.782,-5.565,0.988069,0.096898,0.119712,-0.100914,0.994503,0.027939,-0.116346,-0.039686,0.992416,0,0.67399,0.78278,40.439,1.566,-1,375.000,-1,375.000,625.000,325.000,325.000,300.000,300.000,-1,-1,-1,-1,650.000,625.000,-1,900.000,2,0,2,0,1,0,0,0,0,2,2,2,2,0,0,2,1
72,-2136.481,219.719,-12.491,-4.017,0.990331,0.070011,0.119765,-0.073848,0.996879,0.027899,-0.117438,-0.036474,0.992410,0,0.67013,0.77385,40.208,1.548,-1,375.000,-1,375.000,625.000,325.000,300.000,300.000,300.000,-1,-1,-1,-1,650.000,625.000,-1,950.000,2,0,2,0,1,0,0,0,0,2,2,2,2,0,0,2,1
73,-2096.579,217.983,-17.208,-2.488,0.991849,0.043380,0.119805,-0.047031,0.998506,0.027813,-0.118419,-0.033221,0.992408,0,0.66568,0.76483,39.941,1.530,-1,375.000,-1,375.000,650.000,300.000,300.000,300.000,300.000,-1,-1,-1,-1,625.000,625.000,-1,975.000,2,0,2,0,1,0,0,0,0,2,2,2,2,0,0,2,1
74,-2056.945,217.306,-21.924,-0.976,0.992648,0.017027,0.119836,-0.020484,0.999407,0.027679,-0.119293,-0.029930,0.992408,0,0.66065,0.75580,39.639,1.512,-1,375.000,-1,350.000,675.000,300.000,300.000,300.000,300.000,-1,-1,-1,-1,625.000,600.000,-1,925.000,2,0,2,0,1,0,0,0,0,2,2,2,2,0,0,2,0
75,-2017.640,217.660,-26.631,0.518,0.992749,-0.009031,0.119864,0.005773,0.999605,0.027496,-0.120065,-0.026605,0.992409,0,0.65512,0.74682,39.307,1.494,-1,350.000,-1,350.000,700.000,300.000,300.000,300.000,300.000,-1,-1,-1,-1,625.000,600.000,-1,900.000,2,0,2,0,1,0,0,0,0,2,2,2,2,0,0,2,0
76,-1978.715,219.022,-31.321,2.007,0.992169,-0.035009,0.119893,0.031960,0.999117,0.027263,-0.120741,-0.023217,0.992412,0,0.64915,0.74461,38.949,1.489,-1,350.000,-1,350.000,725.000,300.000,300.000,300.000,300.000,-1,-1,-1,-1,625.000,575.000,-1,850.000,2,0,2,0,1,0,0,0,0,2,2,2,2,0,0,2,0
77,-1940.220,221.371,-35.328,3.493,0.991184,-0.060910,0.117663,0.057900,0.997906,0.028838,-0.119173,-0.021771,0.992635,0,0.64278,0.74302,38.567,1.486,-1,350.000,-1,350.000,775.000,300.000,300.000,300.000,300.000,-1,-1,-1,-1,625.000,575.000,-1,850.000,2,0,2,0,1,0,0,0,0,2,2,2,2,0,0,2,0
78,-1902.199,224.681,-38.989,4.976,0.989650,-0.086730,0.114331,0.083890,0.996040,0.029434,-0.116431,-0.019538,0.993007,0,0.63610,0.74180,38.166,1.484,-1,350.000,-1,350.000,825.000,300.000,300.000,300.000,300.000,-1,-1,-1,-1,625.000,600.000,-1,850.000,2,0,2,0,1,0,0,0,0,2,2,2,2,0,0,2,0
79,-1864.688,228.926,-42.642,6.458,0.987429,-0.112463,0.111066,0.109802,0.993506,0.029817,-0.113698,-0.017246,0.993366,0,0.62918,0.74092,37.751,1.482,-1,350.000,-1,350.000,875.000,300.000,300.000,300.000,300.000,-1,-1,-1,-1,650.000,600.000,-1,875.000,2,0,2,0,1,0,0,0,0,2,2,2,2,0,0,2,0
80,-1827.720,234.081,-46.285,7.939,0.984524,-0.138105,0.107883,0.135629,0.990306,0.029994,-0.110980,-0.014898,0.993711,0,0.62213,0.74040,37.328,1.481,-1,375.000,-1,350.000,875.000,300.000,300.000,300.000,325.000,-1,-1,-1,-1,650.000,600.000,-1,875.000,2,0,2,0,0,0,0,0,0,2,2,2,2,0,0,2,0
81,-1791.317,240.120,-49.916,9.420,0.980937,-0.163650,0.104795,0.161365,0.986439,0.029975,-0.108279,-0.012493,0.994042,0,0.61501,0.74022,36.901,1.480,-1,375.000,-1,350.000,900.000,300.000,300.000,300.000,325.000,-1,825.000,775.000,-1,650.000,600.000,-1,900.000,2,0,2,0,0,0,0,0,0,2,0,0,2,0,0,2,0
82,-1755.500,247.016,-53.532,10.900,0.976667,-0.189091,0.101813,0.187003,0.981908,0.029768,-0.105600,-0.010034,0.994358,0,0.60794,0.74038,36.476,1.481,-1,375.000,-1,350.000,900.000,300.000,300.000,300.000,325.000,-1,675.000,650.000,-1,675.000,600.000,-1,900.000,2,0,2,0,0,0,0,0,0,2,0,0,2,0,0,2,0
83,-1720.280,254.748,-57.132,12.382,0.971716,-0.214423,0.098949,0.212533,0.976712,0.029380,-0.102944,-0.007519,0.994659,0,0.60097,0.74086,36.058,1.482,-1,375.000,-1,375.000,900.000,300.000,300.000,300.000,325.000,-1,575.000,550.000,-1,675.000,600.000,-1,925.000,2,0,2,0,0,0,0,0,0,2,0,0,2,0,0,2,0
84,-1685.668,263.291,-60.716,13.865,0.966084,-0.239637,0.096211,0.237949,0.970850,0.028822,-0.100313,-0.004951,0.994944,0,0.59420,0.74165,35.652,1.483,-1,375.000,-1,375.000,900.000,300.000,300.000,300.000,300.000,-1,500.000,475.000,-1,675.000,625.000,-1,950.000,2,0,2,0,0,0,0,0,0,2,0,0,2,0,0,2,0
85,-1651.665,272.625,-64.284,15.351,0.959769,-0.264728,0.093608,0.263242,0.964320,0.028102,-0.097707,-0.002330,0.995212,0,0.58769,0.74275,35.262,1.485,-1,375.000,-1,375.000,925.000,300.000,300.000,300.000,300.000,-1,450.000,450.000,-1,700.000,625.000,-1,975.000,2,0,2,0,0,0,0,0,0,2,0,0,2,0,0,2,0
86,-1618.271,282.731,-67.834,16.839,0.952772,-0.289685,0.091147,0.288402,0.957122,0.027230,-0.095127,0.000343,0.995465,0,0.58150,0.74413,34.890,1.488,-1,375.000,-1,375.000,925.000,325.000,300.000,300.000,300.000,-1,400.000,400.000,-1,700.000,625.000,-1,1000.000,2,0,2,0,0,0,0,0,0,2,0,0,2,0,0,2,0
87,-1585.483,293.594,-71.367,18.331,0.945092,-0.314499,0.088836,0.313419,0.949253,0.026214,-0.092572,0.003068,0.995701,0,0.57568,0.74578,34.541,1.492,-1,375.000,-1,375.000,925.000,325.000,300.000,300.000,300.000,-1,375.000,375.000,775.000,700.000,625.000,-1,1000.000,2,0,2,0,0,0,0,0,0,2,0,0,1,0,0,2,0
88,-1553.295,305.199,-74.884,19.826,0.936727,-0.339160,0.086680,0.338283,0.940711,0.025065,-0.090042,0.005843,0.995921,0,0.57028,0.74770,34.217,1.495,-1,400.000,-1,375.000,950.000,325.000,325.000,300.000,300.000,-1,350.000,350.000,650.000,725.000,625.000,-1,-1,2,0,2,0,0,0,0,0,0,2,0,0,1,0,0,2,2
89,-1521.699,317.534,-78.385,21.326,0.927676,-0.363656,0.084685,0.362981,0.931493,0.023791,-0.087535,0.008669,0.996124,0,0.56531,0.74985,33.919,1.500,-1,400.000,-1,375.000,925.000,325.000,300.000,300.000,300.000,-1,325.000,325.000,625.000,725.000,625.000,-1,-1,2,0,2,0,0,0,0,0,0,2,0,0,1,0,0,2,2
90,-1490.687,330.589,-81.870,22.830,0.917938,-0.387976,0.082856,0.387501,0.921597,0.022401,-0.085050,0.011544,0.996310,0,0.56081,0.75224,33.649,1.504,-1,400.000,-1,375.000,925.000,325.000,300.000,300.000,275.000,-1,300.000,325.000,600.000,750.000,625.000,-1,-1,2,0,2,0,0,0,0,0,0,2,0,0,1,0,0,2,2
91,-1460.249,344.358,-85.342,24.340,0.907511,-0.412106,0.081197,0.411830,0.911021,0.020905,-0.082587,0.014468,0.996479,0,0.55680,0.75485,33.408,1.510,-1,400.000,-1,375.000,925.000,325.000,300.000,300.000,275.000,-1,300.000,300.000,575.000,750.000,625.000,-1,-1,2,0,2,0,0,0,0,0,0,2,0,0,1,0,0,2,2
92,-1430.375,358.836,-88.352,25.855,0.896347,-0.436045,0.080168,0.435808,0.899786,0.021355,-0.081446,0.015796,0.996553,0,0.55329,0.75767,33.197,1.515,-1,400.000,-1,375.000,925.000,325.000,300.000,300.000,275.000,-1,300.000,325.000,575.000,750.000,650.000,-1,-1,2,0,2,0,0,0,0,0,0,2,0,0,1,0,0,2,2
93,-1396.559,376.163,-91.613,27.131,0.886473,-0.455962,0.079149,0.455681,0.889855,0.022627,-0.080748,0.016008,0.996606,0,0.63329,0.63767,37.997,1.275,-1,400.000,-1,375.000,925.000,325.000,300.000,300.000,275.000,-1,325.000,350.000,575.000,750.000,650.000,-1,-1,2,0,2,0,0,0,0,0,0,2,0,0,1,0,0,2,2
94,-1358.830,396.365,-95.030,28.166,0.878262,-0.471975,0.076774,0.471571,0.881489,0.024454,-0.079218,0.014727,0.996749,0,0.71329,0.51767,42.797,1.035,-1,400.000,-1,375.000,950.000,325.000,300.000,300.000,275.000,-1,350.000,375.000,600.000,750.000,650.000,-1,-1,2,0,2,0,0,0,0,0,0,2,0,0,1,0,0,2,2
95,-1317.186,419.412,-98.657,28.961,0.871894,-0.484182,0.073267,0.483597,0.874883,0.026716,-0.077035,0.012138,0.996954,0,0.79329,0.39767,47.597,0.795,-1,400.000,-1,375.000,975.000,325.000,300.000,300.000,300.000,-1,375.000,400.000,625.000,750.000,675.000,-1,-1,2,0,2,0,0,0,0,0,0,2,0,0,1,0,0,2,2
96,-1273.956,443.887,-102.498,29.517,0.867426,-0.492655,0.069734,0.491890,0.870176,0.028944,-0.074940,0.009195,0.997146,0,0.82795,0.27767,49.677,0.555,-1,400.000,-1,375.000,1000.000,325.000,300.000,300.000,300.000,-1,375.000,425.000,650.000,750.000,675.000,-1,-1,2,0,2,0,0,0,0,0,0,2,0,0,1,0,0,2,2
97,-1228.964,469.688,-106.566,29.832,0.864964,-0.497449,0.066190,0.496504,0.867473,0.031204,-0.072941,0.005873,0.997319,0,0.86442,0.15767,51.865,0.315,-1,400.000,-1,375.000,-1,325.000,325.000,275.000,300.000,-1,400.000,450.000,675.000,750.000,675.000,-1,-1,2,0,2,0,2,0,0,0,0,2,0,0,1,0,0,2,2
98,-1184.242,495.619,-110.192,30.105,0.862653,-0.501588,0.065100,0.500554,0.865095,0.032516,-0.072628,0.004536,0.997349,0,0.86161,0.13678,51.697,0.274,-1,400.000,-1,375.000,-1,325.000,325.000,275.000,300.000,-1,450.000,500.000,700.000,750.000,675.000,-1,-1,2,0,2,0,2,0,0,0,0,2,0,0,1,0,0,2,2
99,-1139.768,521.696,-113.869,30.385,0.860261,-0.505808,0.064105,0.504685,0.862640,0.033830,-0.072411,0.003250,0.997370,0,0.85925,0.13984,51.555,0.280,-1,400.000,-1,375.000,-1,325.000,325.000,275.000,300.000,-1,500.000,575.000,725.000,750.000,675.000,-1,-1,2,0,2,0,2,0,0,0,0,2,0,0,1,0,0,2,2
100,-1095.527,547.935,-117.375,30.671,0.857799,-0.510113,0.062977,0.508991,0.860102,0.033938,-0.071479,0.002943,0.997438,0,0.85728,0.14317,51.437,0.286,-1,400.000,-1,375.000,-1,325.000,325.000,275.000,300.000,-1,525.000,600.000,750.000,750.000,650.000,-1,-1,2,0,2,0,2,0,0,0,0,2,0,0,1,0,0,2,2
101,-1051.502,574.351,-120.856,30.965,0.855251,-0.514512,0.061834,0.513423,0.857478,0.033595,-0.070306,0.003015,0.997521,0,0.85571,0.14677,51.342,0.294,-1,400.000,-1,375.000,-1,325.000,325.000,275.000,300.000,-1,575.000,650.000,775.000,750.000,650.000,-1,-1,2,0,2,0,2,0,0,0,0,2,0,0,1,0,0,2,2
102,-1007.677,600.962,-124.348,31.266,0.852608,-0.519013,0.060705,0.517975,0.854760,0.032969,-0.069000,0.003334,0.997611,0,0.85453,0.15061,51.272,0.301,-1,400.000,-1,375.000,-1,325.000,325.000,300.000,300.000,-1,600.000,675.000,800.000,775.000,650.000,-1,-1,2,0,2,0,2,0,0,0,0,2,0,0,1,0,0,2,2
103,-964.036,627.784,-127.865,31.576,0.849864,-0.523620,0.059604,0.522648,0.851943,0.032133,-0.067605,0.003843,0.997705,0,0.85375,0.15471,51.225,0.309,-1,400.000,-1,375.000,1000.000,325.000,325.000,300.000,275.000,-1,625.000,700.000,825.000,750.000,650.000,-1,-1,2,0,2,0,0,0,0,0,0,2,0,0,1,0,0,2,2
104,-920.564,654.837,-131.450,31.894,0.847011,-0.528340,0.058559,0.527431,0.849021,0.031289,-0.066249,0.004384,0.997793,0,0.85337,0.15903,51.202,0.318,-1,400.000,-1,375.000,975.000,325.000,325.000,300.000,275.000,-1,675.000,725.000,850.000,750.000,650.000,-1,-1,2,0,2,0,0,0,0,0,0,2,0,0,1,0,0,2,2
105,-877.246,682.137,-135.104,32.221,0.844042,-0.533178,0.057571,0.532332,0.845988,0.030438,-0.064934,0.004956,0.997877,0,0.85338,0.16358,51.203,0.327,-1,400.000,-1,375.000,950.000,325.000,325.000,300.000,275.000,-1,700.000,750.000,875.000,750.000,650.000,-1,-1,2,0,2,0,0,0,0,0,0,2,0,0,1,0,0,2,2
106,-834.070,709.705,-138.705,32.558,0.840946,-0.538140,0.056702,0.537318,0.842840,0.030161,-0.064022,0.005103,0.997935,0,0.85379,0.16835,51.227,0.337,-1,400.000,-1,375.000,925.000,325.000,325.000,300.000,275.000,-1,725.000,775.000,900.000,750.000,650.000,-1,-1,2,0,2,0,0,0,0,0,0,2,0,0,1,0,0,2,2
107,-791.021,737.559,-141.973,32.904,0.837708,-0.543233,0.056070,0.542316,0.839574,0.031771,-0.064334,0.003793,0.997921,0,0.85457,0.17332,51.274,0.347,-1,400.000,-1,375.000,900.000,325.000,325.000,300.000,275.000,-1,775.000,850.000,950.000,725.000,625.000,-1,1000.000,2,0,2,0,0,0,0,0,0,2,0,0,1,0,0,2,0
108,-748.089,765.719,-145.334,33.261,0.834338,-0.548455,0.055463,0.547450,0.836176,0.033299,-0.064639,0.002581,0.997905,0,0.85572,0.17850,51.343,0.357,-1,400.000,-1,375.000,875.000,325.000,325.000,300.000,275.000,-1,850.000,925.000,975.000,725.000,625.000,-1,950.000,2,0,2,0,0,0,0,0,0,2,0,0,1,0,0,2,0
109,-705.263,794.204,-148.420,33.629,0.830939,-0.553812,0.053211,0.552687,0.832641,0.035283,-0.063846,0.000091,0.997960,0,0.85723,0.18386,51.434,0.368,-1,400.000,-1,375.000,850.000,325.000,300.000,300.000,275.000,-1,875.000,950.000,1000.000,700.000,625.000,-1,925.000,2,0,2,0,0,0,0,0,0,2,0,0,1,0,0,2,0
110,-662.534,823.034,-151.401,34.008,0.827450,-0.559303,0.050064,0.558056,0.828958,0.037451,-0.062447,-0.003050,0.998044,0,0.85909,0.18942,51.546,0.379,-1,400.000,-1,375.000,875.000,325.000,300.000,300.000,300.000,-1,900.000,1000.000,-1,700.000,625.000,-1,925.000,2,0,2,0,0,0,0,0,0,2,0,0,2,0,0,2,0
111,-619.894,852.229,-154.454,34.398,0.823811,-0.564929,0.046804,0.563578,0.825116,0.039537,-0.060954,-0.006193,0.998121,0,0.86130,0.19515,51.678,0.390,-1,375.000,-1,375.000,875.000,325.000,300.000,275.000,300.000,-1,925.000,-1,-1,700.000,625.000,-1,900.000,2,0,2,0,0,0,0,0,0,2,0,2,2,0,0,2,0
112,-575.580,882.741,-157.703,34.548,0.822529,-0.567075,0.043266,0.565626,0.823608,0.041675,-0.059267,-0.009807,0.998194,0,0.89671,0.07515,53.802,0.150,-1,375.000,-1,350.000,875.000,300.000,300.000,275.000,300.000,-1,950.000,-1,-1,675.000,625.000,-1,900.000,2,0,2,0,0,0,0,0,0,2,0,2,2,0,0,2,0
113,-531.067,913.288,-160.746,34.459,0.823545,-0.565767,0.040995,0.564240,0.824469,0.043415,-0.058362,-0.012623,0.998216,0,0.89977,-0.04485,53.986,-0.090,-1,375.000,-1,350.000,850.000,300.000,300.000,275.000,300.000,-1,950.000,-1,-1,650.000,625.000,-1,875.000,2,0,2,0,0,0,0,0,0,2,0,2,2,0,0,2,0
114,-486.209,943.693,-163.792,34.129,0.826905,-0.560991,0.038964,0.559388,0.827677,0.045120,-0.057561,-0.015514,0.998221,0,0.90319,-0.16485,54.192,-0.330,975.000,375.000,-1,350.000,850.000,300.000,300.000,275.000,300.000,-1,950.000,-1,-1,650.000,600.000,1000.000,850.000,0,0,2,0,0,0,0,0,0,2,0,2,2,0,0,0,0
115,-440.948,973.897,-166.686,33.715,0.831028,-0.554978,0.037293,0.553343,0.831677,0.046104,-0.056603,-0.017678,0.998240,0,0.90689,-0.20690,54.413,-0.414,925.000,375.000,-1,350.000,825.000,300.000,300.000,275.000,300.000,-1,850.000,-1,-1,625.000,600.000,950.000,825.000,0,0,2,0,0,0,0,0,0,2,0,2,2,0,0,0,0
116,-395.283,1003.910,-168.998,33.315,0.834979,-0.549155,0.035190,0.547684,0.835543,0.043697,-0.053399,-0.017213,0.998425,0,0.91076,-0.20029,54.646,-0.401,925.000,375.000,-1,350.000,800.000,300.000,300.000,275.000,300.000,-1,675.000,950.000,-1,625.000,600.000,975.000,800.000,0,0,2,0,0,0,0,0,0,2,0,0,2,0,0,0,0
117,-348.312,1034.438,-171.292,33.022,0.837894,-0.544879,0.032263,0.543575,0.838340,0.041392,-0.049601,-0.017145,0.998622,0,0.93366,-0.14639,56.020,-0.293,950.000,375.000,-1,350.000,800.000,300.000,300.000,300.000,300.000,-1,600.000,825.000,-1,625.000,575.000,975.000,800.000,0,0,2,0,0,0,0,0,0,2,0,0,2,0,0,0,0
118,-301.198,1064.724,-173.596,32.734,0.840741,-0.540658,0.029030,0.539518,0.841067,0.039073,-0.045541,-0.017188,0.998815,0,0.93349,-0.14397,56.010,-0.288,975.000,375.000,-1,350.000,800.000,300.000,300.000,300.000,300.000,-1,550.000,700.000,-1,650.000,575.000,950.000,800.000,0,0,2,0,0,0,0,0,0,2,0,0,2,0,0,0,0
119,-253.952,1094.765,-175.949,32.450,0.843518,-0.536487,0.025662,0.535508,0.843733,0.036686,-0.041334,-0.017203,0.998997,0,0.93314,-0.14184,55.989,-0.284,975.000,375.000,-1,350.000,800.000,300.000,300.000,300.000,275.000,-1,525.000,625.000,-1,625.000,575.000,950.000,800.000,0,0,2,0,0,0,0,0,0,2,0,0,2,0,0,0,0
120,-206.586,1124.559,-178.347,32.170,0.846229,-0.532358,0.022162,0.531534,0.846345,0.034233,-0.036980,-0.017189,0.999168,0,0.93263,-0.14000,55.958,-0.280,1000.000,375.000,-1,350.000,775.000,300.000,300.000,300.000,275.000,-1,425.000,475.000,-1,625.000,575.000,950.000,800.000,0,0,2,0,0,0,0,0,0,2,0,0,2,0,0,0,0
121,-159.110,1154.102,-180.446,31.893,0.848882,-0.528250,0.018717,0.527519,0.848889,0.033328,-0.033495,-0.018418,0.999269,0,0.93196,-0.13844,55.918,-0.277,975.000,375.000,-1,350.000,775.000,300.000,300.000,325.000,275.000,-1,375.000,425.000,-1,625.000,575.000,925.000,775.000,0,0,2,0,0,0,0,0,0,2,0,0,2,0,0,0,0
122,-111.533,1183.394,-182.316,31.619,0.851484,-0.524157,0.015313,0.523483,0.851372,0.033634,-0.030667,-0.020623,0.999317,0,0.93118,-0.13717,55.871,-0.274,950.000,375.000,-1,350.000,800.000,300.000,300.000,325.000,300.000,-1,375.000,425.000,-1,600.000,575.000,900.000,775.000,0,0,2,0,0,0,0,0,0,2,0,0,2,0,0,0,0
123,-63.864,1212.432,-184.008,31.347,0.854054,-0.520069,0.010969,0.519471,0.853798,0.034339,-0.027224,-0.023629,0.999350,0,0.93030,-0.13620,55.818,-0.272,900.000,375.000,-1,350.000,825.000,300.000,300.000,300.000,300.000,-1,350.000,400.000,-1,600.000,575.000,875.000,800.000,0,0,2,0,0,0,0,0,0,2,0,0,2,0,0,0,0
124,-16.106,1241.215,-185.198,31.076,0.856604,-0.515957,0.004267,0.515496,0.856137,0.035951,-0.022202,-0.028596,0.999344,0,0.92935,-0.13553,55.761,-0.271,875.000,350.000,-1,350.000,925.000,300.000,300.000,300.000,300.000,975.000,350.000,375.000,-1,575.000,575.000,850.000,875.000,0,0,2,0,0,0,0,0,0,0,0,0,2,0,0,0,0
125,31.735,1269.741,-185.988,30.805,0.859066,-0.511858,-0.002860,0.511622,0.858471,0.035649,-0.015791,-0.032088,0.999360,0,0.92835,-0.13515,55.701,-0.270,875.000,350.000,-1,350.000,-1,300.000,300.000,300.000,300.000,950.000,300.000,375.000,-1,575.000,575.000,875.000,1000.000,0,0,2,0,2,0,0,0,0,0,0,0,2,0,0,0,0
126,79.658,1298.011,-186.775,30.535,0.861450,-0.507741,-0.010145,0.507758,0.860768,0.035504,-0.009294,-0.035736,0.999318,0,0.92733,-0.13508,55.640,-0.270,875.000,350.000,-1,350.000,-1,300.000,300.000,275.000,300.000,900.000,275.000,350.000,-1,600.000,600.000,900.000,-1,0,0,2,0,2,0,0,0,0,0,0,0,2,0,0,0,2
127,127.662,1326.022,-186.863,30.264,0.863789,-0.503652,-0.014224,0.503829,0.863125,0.034224,-0.004960,-0.036729,0.999313,0,0.92631,-0.13530,55.579,-0.271,900.000,350.000,-1,350.000,-1,300.000,300.000,275.000,300.000,900.000,300.000,375.000,-1,600.000,600.000,950.000,-1,0,0,2,0,2,0,0,0,0,0,0,0,2,0,0,0,2
128,175.747,1353.776,-186.849,29.993,0.866104,-0.499541,-0.017986,0.499864,0.865479,0.032887,-0.000862,-0.037475,0.999297,0,0.92534,-0.13581,55.520,-0.272,925.000,350.000,-1,350.000,-1,300.000,300.000,275.000,300.000,925.000,325.000,400.000,-1,600.000,625.000,1000.000,-1,0,0,2,0,2,0,0,0,0,0,0,0,2,0,0,0,2
129,222.064,1379.960,-186.026,29.481,0.870420,-0.491815,-0.022080,0.492286,0.869945,0.029170,0.004862,-0.036260,0.999331,0,0.88676,-0.25581,53.206,-0.512,-1,350.000,-1,350.000,-1,300.000,300.000,275.000,300.000,925.000,325.000,400.000,-1,600.000,625.000,-1,-1,2,0,2,0,2,0,0,0,0,0,0,0,2,0,0,2,2
130,268.642,1405.562,-185.092,28.797,0.876093,-0.481420,-0.026370,0.482018,0.875796,0.025310,0.010910,-0.034885,0.999332,0,0.88584,-0.34195,53.150,-0.684,-1,350.000,-1,375.000,-1,300.000,300.000,275.000,300.000,925.000,350.000,400.000,-1,625.000,650.000,-1,-1,2,0,2,0,2,0,0,0,0,0,0,0,2,0,0,2,2
131,315.477,1430.580,-184.154,28.111,0.881644,-0.470909,-0.030796,0.471611,0.881540,0.021699,0.016930,-0.033654,0.999290,0,0.88495,-0.34336,53.097,-0.687,-1,350.000,-1,375.000,-1,300.000,300.000,275.000,300.000,925.000,300.000,325.000,-1,650.000,675.000,-1,-1,2,0,2,0,2,0,0,0,0,0,0,0,2,0,0,2,2
132,362.571,1455.011,-183.210,27.420,0.887074,-0.460272,-0.035351,0.461058,0.887180,0.018336,0.022923,-0.032564,0.999207,0,0.88423,-0.34509,53.054,-0.690,-1,375.000,-1,375.000,-1,300.000,300.000,300.000,300.000,925.000,275.000,275.000,-1,650.000,700.000,-1,-1,2,0,2,0,2,0,0,0,0,0,0,0,2,0,0,2,2
133,409.928,1478.856,-182.261,26.726,0.892382,-0.449502,-0.040026,0.450355,0.892720,0.015222,0.028890,-0.031609,0.999083,0,0.88368,-0.34714,53.021,-0.694,-1,375.000,-1,375.000,-1,300.000,325.000,300.000,300.000,925.000,225.000,250.000,-1,675.000,700.000,-1,-1,2,0,2,0,2,0,0,0,0,0,0,0,2,0,0,2,2
134,457.555,1502.112,-181.305,26.027,0.897569,-0.438589,-0.044814,0.439495,0.898160,0.012357,0.034831,-0.030786,0.998919,0,0.88335,-0.34950,53.001,-0.699,-1,375.000,-1,375.000,-1,325.000,325.000,300.000,300.000,925.000,225.000,225.000,-1,700.000,725.000,-1,-1,2,0,2,0,2,0,0,0,0,0,0,0,2,0,0,2,2
135,505.459,1524.779,-180.343,25.323,0.902636,-0.427525,-0.049708,0.428472,0.903503,0.009741,0.040747,-0.030090,0.998716,0,0.88325,-0.35216,52.995,-0.704,-1,375.000,-1,400.000,-1,325.000,325.000,300.000,300.000,900.000,200.000,200.000,-1,750.000,750.000,-1,-1,2,0,2,0,2,0,0,0,0,0,0,0,2,0,0,2,2
136,553.648,1546.854,-178.548,24.613,0.907699,-0.416289,-0.052790,0.417295,0.908724,0.009208,0.044139,-0.030387,0.998563,0,0.88341,-0.35512,53.005,-0.710,-1,375.000,-1,400.000,-1,325.000,325.000,300.000,300.000,925.000,200.000,200.000,-1,750.000,775.000,-1,-1,2,0,2,0,2,0,0,0,0,0,0,0,2,0,0,2,2
