timestep,x_cm,y_cm,z_cm,yaw_deg,basis_xx,basis_xy,basis_xz,basis_yx,basis_yy,basis_yz,basis_zx,basis_zy,basis_zz,teleport_flag,throttle_cmd,steering_cmd,cmd_move_cm,cmd_turn_deg,lidar_cm_0,lidar_cm_1,lidar_cm_2,lidar_cm_3,lidar_cm_4,lidar_cm_5,lidar_cm_6,lidar_cm_7,lidar_cm_8,lidar_cm_9,lidar_cm_10,lidar_cm_11,lidar_cm_12,lidar_cm_13,lidar_cm_14,lidar_cm_15,lidar_cm_16,lidar_class_0,lidar_class_1,lidar_class_2,lidar_class_3,lidar_class_4,lidar_class_5,lidar_class_6,lidar_class_7,lidar_class_8,lidar_class_9,lidar_class_10,lidar_class_11,lidar_class_12,lidar_class_13,lidar_class_14,lidar_class_15,lidar_class_16
0,987.066,3604.028,169.788,131.340,-0.659522,-0.750780,0.036874,0.748892,-0.660506,-0.053785,0.064737,-0.007858,0.997871,1,-0.08000,-0.12000,-4.800,-0.240,325.000,125.000,200.000,150.000,375.000,125.000,125.000,375.000,325.000,-1,225.000,175.000,-1,150.000,175.000,225.000,275.000,1,1,1,1,1,1,1,0,0,2,0,0,2,1,1,1,1
1,991.004,3599.475,168.319,130.860,-0.653211,-0.756302,0.036363,0.754725,-0.654206,-0.049038,0.060877,-0.004588,0.998135,0,-0.10032,-0.24000,-6.019,-0.480,300.000,125.000,200.000,150.000,375.000,125.000,125.000,375.000,325.000,-1,250.000,175.000,-1,150.000,175.000,225.000,300.000,1,1,1,1,1,1,1,0,0,2,0,0,2,1,1,1,1
2,994.972,3594.787,166.833,130.245,-0.645025,-0.763285,0.036586,0.762026,-0.646062,-0.043819,0.057083,-0.000384,0.998369,0,-0.10234,-0.30732,-6.141,-0.615,300.000,125.000,200.000,150.000,400.000,125.000,125.000,375.000,300.000,-1,275.000,200.000,-1,150.000,200.000,200.000,300.000,1,1,1,1,1,1,1,0,0,2,0,0,2,1,1,1,1
3,998.971,3589.958,165.345,129.639,-0.636899,-0.770071,0.036748,0.769104,-0.637948,-0.038734,0.053271,0.003593,0.998574,0,-0.10449,-0.30303,-6.269,-0.606,300.000,125.000,200.000,150.000,400.000,125.000,125.000,375.000,300.000,-1,325.000,200.000,-1,150.000,200.000,200.000,300.000,1,1,1,1,1,1,1,0,0,2,0,0,2,1,1,1,1
4,1003.004,3584.985,164.500,129.042,-0.628856,-0.776680,0.036177,0.775824,-0.629876,-0.036787,0.051359,0.004933,0.998668,0,-0.10670,-0.29888,-6.402,-0.598,275.000,125.000,200.000,150.000,425.000,125.000,125.000,375.000,300.000,-1,350.000,225.000,-1,150.000,200.000,200.000,325.000,1,1,1,1,1,1,1,0,0,2,0,0,2,1,1,1,1
5,1007.070,3579.865,164.125,128.452,-0.620881,-0.783124,0.034968,0.782255,-0.621850,-0.037144,0.050833,0.004292,0.998698,0,-0.10898,-0.29487,-6.539,-0.590,275.000,125.000,200.000,175.000,425.000,125.000,150.000,375.000,300.000,-1,350.000,225.000,-1,175.000,200.000,200.000,350.000,1,1,1,1,1,1,1,0,0,2,0,0,2,1,1,1,1
6,1011.170,3574.592,163.719,127.870,-0.612954,-0.789403,0.033618,0.788521,-0.613865,-0.037470,0.050216,0.003541,0.998732,0,-0.11132,-0.29101,-6.679,-0.582,275.000,150.000,200.000,175.000,425.000,125.000,150.000,375.000,300.000,-1,350.000,225.000,-1,175.000,225.000,200.000,375.000,1,1,1,1,1,1,1,0,0,2,0,0,2,1,1,1,1
7,1015.305,3569.164,163.285,127.295,-0.605073,-0.795521,0.032133,0.794629,-0.605920,-0.037762,0.049511,0.002685,0.998770,0,-0.11371,-0.28728,-6.823,-0.575,275.000,150.000,225.000,175.000,450.000,125.000,150.000,375.000,300.000,-1,350.000,225.000,-1,175.000,225.000,200.000,400.000,1,1,1,1,1,1,1,0,0,2,0,0,2,1,1,1,1
8,1019.473,3563.578,162.823,126.728,-0.597237,-0.801484,0.030519,0.800584,-0.598014,-0.038018,0.048722,0.001727,0.998811,0,-0.11617,-0.28369,-6.970,-0.567,275.000,150.000,225.000,200.000,450.000,125.000,150.000,350.000,300.000,-1,375.000,250.000,-1,175.000,250.000,200.000,400.000,1,1,1,1,1,1,1,0,0,2,0,0,2,1,1,1,1
9,1023.676,3557.829,162.333,126.167,-0.589444,-0.807296,0.028782,0.806391,-0.590146,-0.038235,0.047853,0.000672,0.998854,0,-0.11868,-0.28023,-7.121,-0.560,275.000,150.000,225.000,200.000,450.000,125.000,150.000,350.000,300.000,-1,375.000,250.000,-1,175.000,250.000,200.000,425.000,1,1,1,1,1,1,1,0,0,2,0,0,2,1,1,1,1
10,1025.035,3555.948,162.283,125.847,-0.584913,-0.810585,0.028798,0.809674,-0.585621,-0.038414,0.048003,0.000848,0.998847,0,-0.03868,-0.16023,-2.321,-0.320,275.000,150.000,225.000,200.000,450.000,125.000,150.000,350.000,300.000,-1,375.000,250.000,-1,175.000,250.000,200.000,425.000,1,1,1,1,1,1,1,0,0,2,0,0,2,1,1,1,1
11,1023.586,3557.959,162.675,125.766,-0.583685,-0.811404,0.030574,0.810490,-0.584481,-0.038583,0.049176,0.002259,0.998788,0,0.04132,-0.04023,2.479,-0.080,275.000,150.000,225.000,200.000,450.000,125.000,150.000,350.000,300.000,-1,375.000,250.000,-1,175.000,250.000,200.000,425.000,1,1,1,1,1,1,1,0,0,2,0,0,2,1,1,1,1
12,1019.314,3563.854,163.519,125.926,-0.585757,-0.809766,0.034165,0.808855,-0.586732,-0.038728,0.051406,0.004949,0.998666,0,0.12132,0.07977,7.279,0.160,275.000,150.000,225.000,200.000,450.000,125.000,150.000,375.000,300.000,-1,350.000,225.000,-1,175.000,250.000,200.000,425.000,1,1,1,1,1,1,1,0,0,2,0,0,2,1,1,1,1
13,1012.158,3573.585,164.834,126.325,-0.591086,-0.805632,0.039675,0.804748,-0.592348,-0.038798,0.054758,0.008995,0.998459,0,0.20132,0.19977,12.079,0.400,275.000,150.000,225.000,200.000,450.000,125.000,150.000,375.000,300.000,-1,325.000,200.000,-1,175.000,250.000,200.000,400.000,1,1,1,1,1,1,1,0,0,2,0,0,2,1,1,1,1
14,1002.040,3587.096,166.811,126.822,-0.597539,-0.800405,0.047954,0.799616,-0.599266,-0.038661,0.059681,0.015243,0.998101,0,0.28132,0.24842,16.879,0.497,250.000,125.000,200.000,175.000,425.000,125.000,150.000,400.000,275.000,-1,300.000,175.000,975.000,175.000,225.000,200.000,375.000,1,1,1,1,1,1,1,0,0,2,0,0,0,1,1,1,1
15,3607.625,-1639.829,100.542,54.975,0.573782,-0.818718,-0.021824,0.818973,0.573801,0.005975,0.007631,-0.021302,0.999744,1,0.00000,0.00000,21.679,0.493,-1,375.000,-1,375.000,-1,300.000,325.000,300.000,125.000,-1,-1,-1,300.000,725.000,750.000,-1,-1,2,0,2,0,2,0,0,0,1,2,2,2,1,0,0,2,2
16,3610.396,-1635.910,100.734,54.735,0.577212,-0.816299,-0.021977,0.816562,0.577220,0.006608,0.007291,-0.021760,0.999737,0,0.08000,-0.12000,4.800,-0.240,-1,375.000,-1,375.000,-1,300.000,325.000,300.000,125.000,-1,-1,-1,325.000,725.000,725.000,-1,-1,2,0,2,0,2,0,0,0,1,2,2,2,1,0,0,2,2
17,3616.004,-1628.118,101.120,54.255,0.584042,-0.811418,-0.022271,0.811697,0.584026,0.007883,0.006610,-0.022681,0.999721,0,0.16000,-0.24000,9.600,-0.480,-1,375.000,-1,375.000,-1,300.000,325.000,300.000,125.000,-1,-1,-1,325.000,725.000,725.000,-1,-1,2,0,2,0,2,0,0,0,1,2,2,2,1,0,0,2,2
18,3624.562,-1616.537,101.695,53.535,0.594212,-0.803989,-0.022677,0.804289,0.594157,0.009799,0.005595,-0.024061,0.999695,0,0.24000,-0.36000,14.400,-0.720,-1,375.000,-1,375.000,-1,300.000,300.000,275.000,125.000,-1,-1,-1,325.000,700.000,725.000,-1,-1,2,0,2,0,2,0,0,0,1,2,2,2,1,0,0,2,2
19,3636.230,-1601.289,102.508,52.575,0.607624,-0.793890,-0.023080,0.794213,0.607520,0.012063,0.004445,-0.025660,0.999661,0,0.32000,-0.48000,19.200,-0.960,-1,375.000,-1,375.000,-1,300.000,300.000,275.000,125.000,-1,-1,-1,350.000,700.000,725.000,-1,-1,2,0,2,0,2,0,0,0,1,2,2,2,1,0,0,2,2
20,3651.211,-1582.538,103.545,51.375,0.624146,-0.780956,-0.023428,0.781301,0.623984,0.014602,0.003215,-0.027418,0.999619,0,0.40000,-0.60000,24.000,-1.200,-1,375.000,-1,375.000,-1,300.000,300.000,275.000,150.000,-1,-1,-1,375.000,700.000,725.000,-1,-1,2,0,2,0,2,0,0,0,1,2,2,2,1,0,0,2,2
21,3669.726,-1560.479,104.791,49.991,0.642869,-0.765607,-0.023765,0.765974,0.642629,0.017654,0.001757,-0.029552,0.999562,0,0.48000,-0.69215,28.800,-1.384,-1,375.000,-1,375.000,-1,300.000,300.000,275.000,150.000,-1,-1,-1,425.000,675.000,750.000,-1,-1,2,0,2,0,2,0,0,0,1,2,2,2,1,0,0,2,2
22,3690.649,-1536.738,106.172,48.608,0.661201,-0.749821,-0.024097,0.750208,0.660865,0.021085,0.000115,-0.032019,0.999487,0,0.52741,-0.69132,31.645,-1.383,-1,375.000,-1,375.000,-1,300.000,300.000,275.000,150.000,-1,-1,-1,-1,675.000,750.000,-1,-1,2,0,2,0,2,0,0,0,1,2,2,2,2,0,0,2,2
23,3712.087,-1513.563,107.432,47.227,0.679118,-0.733630,-0.024204,0.734028,0.678696,0.023954,-0.001146,-0.034034,0.999420,0,0.52616,-0.69038,31.570,-1.381,-1,375.000,-1,375.000,-1,300.000,300.000,275.000,175.000,-1,-1,-1,-1,675.000,750.000,-1,-1,2,0,2,0,2,0,0,0,1,2,2,2,2,0,0,2,2
24,3734.028,-1490.962,108.563,45.849,0.696606,-0.717049,-0.024123,0.717451,0.696115,0.026208,-0.001999,-0.035564,0.999365,0,0.52499,-0.68940,31.499,-1.379,-1,350.000,-1,375.000,-1,300.000,300.000,275.000,175.000,-1,-1,-1,-1,675.000,750.000,-1,-1,2,0,2,0,2,0,0,0,1,2,2,2,2,0,0,2,2
25,3756.458,-1468.941,109.555,44.472,0.713654,-0.700091,-0.023895,0.700494,0.713117,0.027795,-0.002419,-0.036575,0.999328,0,0.52388,-0.68838,31.433,-1.377,-1,350.000,-1,375.000,-1,300.000,300.000,275.000,200.000,-1,-1,-1,-1,650.000,750.000,-1,-1,2,0,2,0,2,0,0,0,1,2,2,2,2,0,0,2,2
26,3779.364,-1447.507,110.399,43.097,0.730253,-0.682770,-0.023566,0.683173,0.729694,0.028673,-0.002381,-0.037038,0.999311,0,0.52284,-0.68732,31.370,-1.375,-1,350.000,-1,375.000,-1,300.000,300.000,275.000,200.000,-1,-1,-1,-1,650.000,750.000,-1,-1,2,0,2,0,2,0,0,0,1,2,2,2,2,0,0,2,2
27,3802.734,-1426.667,111.087,41.725,0.746394,-0.665100,-0.023184,0.665501,0.745841,0.028802,-0.001865,-0.036927,0.999316,0,0.52187,-0.68622,31.312,-1.372,-1,350.000,-1,400.000,-1,300.000,300.000,275.000,200.000,-1,-1,-1,-1,675.000,750.000,-1,-1,2,0,2,0,2,0,0,0,1,2,2,2,2,0,0,2,2
28,3826.555,-1406.427,111.612,40.355,0.762071,-0.647092,-0.022802,0.647493,0.761551,0.028151,-0.000851,-0.036217,0.999344,0,0.52097,-0.68509,31.258,-1.370,-1,350.000,-1,400.000,-1,300.000,300.000,275.000,225.000,-1,-1,-1,-1,675.000,775.000,-1,-1,2,0,2,0,2,0,0,0,1,2,2,2,2,0,0,2,2
29,3850.813,-1386.794,111.951,38.987,0.777277,-0.628757,-0.022476,0.629158,0.776816,0.026777,0.000623,-0.034954,0.999389,0,0.52013,-0.68393,31.208,-1.368,-1,375.000,-1,400.000,-1,300.000,325.000,275.000,225.000,-1,-1,-1,-1,700.000,775.000,-1,-1,2,0,2,0,2,0,0,0,1,2,2,2,2,0,0,2,2
30,3875.495,-1367.772,112.042,37.621,0.792012,-0.610110,-0.021978,0.610501,0.791634,0.024580,0.002402,-0.032885,0.999456,0,0.51936,-0.68273,31.161,-1.365,-1,375.000,-1,400.000,-1,300.000,325.000,300.000,225.000,-1,-1,-1,-1,700.000,775.000,-1,-1,2,0,2,0,2,0,0,0,1,2,2,2,2,0,0,2,2
31,3900.589,-1349.369,111.926,36.258,0.806267,-0.591159,-0.021549,0.591533,0.805993,0.021531,0.004640,-0.030106,0.999536,0,0.51864,-0.68151,31.119,-1.363,-1,375.000,-1,400.000,-1,300.000,325.000,300.000,225.000,-1,-1,-1,-1,725.000,775.000,-1,-1,2,0,2,0,2,0,0,0,1,2,2,2,2,0,0,2,2
32,3926.081,-1331.588,111.619,34.898,0.820038,-0.571911,-0.021336,0.572261,0.819882,0.017639,0.007405,-0.026674,0.999617,0,0.51800,-0.68026,31.080,-1.361,-1,375.000,-1,400.000,-1,300.000,325.000,300.000,250.000,-1,-1,-1,425.000,725.000,800.000,-1,-1,2,0,2,0,2,0,0,0,1,2,2,2,1,0,0,2,2
33,3951.957,-1314.437,111.119,33.540,0.833320,-0.552376,-0.021401,0.552687,0.833289,0.012899,0.010708,-0.022578,0.999688,0,0.51741,-0.67898,31.044,-1.358,-1,375.000,-1,400.000,-1,325.000,325.000,300.000,250.000,-1,-1,-1,375.000,750.000,825.000,-1,-1,2,0,2,0,2,0,0,0,1,2,2,2,1,0,0,2,2
34,3978.205,-1297.919,110.424,32.184,0.846110,-0.532563,-0.021806,0.532810,0.846203,0.007316,0.014556,-0.017809,0.999735,0,0.51687,-0.67767,31.012,-1.355,-1,400.000,-1,400.000,-1,325.000,325.000,300.000,250.000,-1,-1,-1,325.000,800.000,825.000,-1,-1,2,0,2,0,2,0,0,0,1,2,2,2,1,0,0,2,2
35,4004.811,-1282.040,109.533,30.832,0.858401,-0.512481,-0.022610,0.512629,0.858610,0.000899,0.018953,-0.012362,0.999744,0,0.51640,-0.67634,30.984,-1.353,-1,400.000,-1,400.000,-1,325.000,325.000,300.000,250.000,-1,-1,-1,300.000,825.000,850.000,-1,-1,2,0,2,0,2,0,0,0,1,2,2,2,1,0,0,2,2
36,4036.036,-1264.562,108.814,29.239,0.872282,-0.488445,-0.023372,0.488459,0.872570,-0.005503,0.023082,-0.006616,0.999712,0,0.59640,-0.79634,35.784,-1.593,-1,400.000,-1,400.000,-1,325.000,325.000,300.000,250.000,-1,-1,-1,300.000,875.000,875.000,-1,-1,2,0,2,0,2,0,0,0,1,2,2,2,1,0,0,2,2
37,4071.991,-1245.739,109.672,27.632,0.885658,-0.463778,-0.022795,0.463780,0.885933,-0.005518,0.022754,-0.005684,0.999725,0,0.67640,-0.80376,40.584,-1.608,-1,400.000,-1,400.000,-1,325.000,325.000,300.000,275.000,-1,-1,-1,300.000,875.000,875.000,-1,-1,2,0,2,0,2,0,0,0,1,2,2,2,1,0,0,2,2
38,4112.772,-1225.825,110.543,26.028,0.898315,-0.438801,-0.022008,0.438801,0.898570,-0.005071,0.022001,-0.005102,0.999745,0,0.75640,-0.80192,45.384,-1.604,-1,400.000,-1,400.000,-1,325.000,325.000,300.000,275.000,-1,-1,-1,325.000,875.000,875.000,-1,-1,2,0,2,0,2,0,0,0,1,2,2,2,1,0,0,2,2
39,4157.007,-1205.733,111.357,24.428,0.910242,-0.413547,-0.020949,0.413558,0.910469,-0.004004,0.020729,-0.005019,0.999773,0,0.80973,-0.79980,48.584,-1.600,-1,400.000,-1,400.000,-1,325.000,325.000,300.000,275.000,-1,-1,-1,350.000,875.000,875.000,-1,-1,2,0,2,0,2,0,0,0,1,2,2,2,1,0,0,2,2
40,4201.705,-1186.913,112.177,22.833,0.921427,-0.388047,-0.019804,0.388067,0.921626,-0.002998,0.019415,-0.004923,0.999799,0,0.80831,-0.79742,48.499,-1.595,-1,400.000,-1,400.000,-1,325.000,325.000,300.000,300.000,-1,-1,-1,350.000,875.000,875.000,-1,-1,2,0,2,0,2,0,0,0,1,2,2,2,1,0,0,2,2
41,4246.840,-1169.367,113.004,21.243,0.931865,-0.362328,-0.018583,0.362354,0.932038,-0.002061,0.018067,-0.004813,0.999825,0,0.80709,-0.79494,48.425,-1.590,-1,400.000,-1,400.000,-1,325.000,325.000,300.000,300.000,-1,-1,-1,375.000,875.000,875.000,-1,-1,2,0,2,0,2,0,0,0,1,2,2,2,1,0,0,2,2
42,4292.384,-1153.096,113.837,19.659,0.941556,-0.336414,-0.017293,0.336444,0.941703,-0.001199,0.016688,-0.004689,0.999850,0,0.80605,-0.79236,48.363,-1.585,-1,400.000,-1,400.000,-1,325.000,325.000,300.000,300.000,-1,-1,-1,400.000,875.000,875.000,-1,-1,2,0,2,0,2,0,0,0,0,2,2,2,1,0,0,2,2
43,4338.311,-1138.104,114.672,18.079,0.950495,-0.310331,-0.015962,0.310364,0.950618,-0.000404,0.015300,-0.004570,0.999873,0,0.80520,-0.78969,48.312,-1.579,-1,400.000,-1,400.000,-1,325.000,325.000,300.000,300.000,-1,-1,-1,425.000,875.000,875.000,-1,-1,2,0,2,0,2,0,0,0,0,2,2,2,1,0,0,2,2
44,4384.593,-1124.389,115.474,16.505,0.958680,-0.284104,-0.014757,0.284141,0.958782,0.000429,0.014026,-0.004604,0.999891,0,0.80452,-0.78694,48.271,-1.574,-1,400.000,-1,400.000,-1,325.000,325.000,300.000,300.000,-1,-1,-1,450.000,875.000,900.000,-1,-1,2,0,2,0,2,0,0,0,0,2,2,2,1,0,0,2,2
45,4431.203,-1111.955,116.271,14.937,0.966114,-0.257759,-0.013552,0.257798,0.966198,0.001221,0.012779,-0.004674,0.999907,0,0.80400,-0.78410,48.240,-1.568,-1,400.000,-1,400.000,-1,325.000,325.000,300.000,300.000,-1,-1,-1,475.000,875.000,900.000,-1,-1,2,0,2,0,2,0,0,0,0,2,2,2,1,0,0,2,2
46,4478.114,-1100.801,117.066,13.375,0.972800,-0.231319,-0.012350,0.231360,0.972866,0.001970,0.011559,-0.004773,0.999922,0,0.80365,-0.78119,48.219,-1.562,-1,425.000,-1,425.000,-1,325.000,325.000,300.000,300.000,-1,-1,-1,500.000,875.000,900.000,-1,-1,2,0,2,0,2,0,0,0,0,2,2,2,1,0,0,2,2
47,4525.298,-1090.928,117.861,11.818,0.978738,-0.204809,-0.011151,0.204850,0.978790,0.002670,0.010368,-0.004898,0.999934,0,0.80344,-0.77821,48.206,-1.556,-1,425.000,-1,425.000,-1,325.000,325.000,300.000,300.000,-1,-1,-1,525.000,875.000,900.000,-1,-1,2,0,2,0,2,0,0,0,0,2,2,2,1,0,0,2,2
48,4572.728,-1082.335,118.398,10.268,0.983936,-0.178254,-0.009730,0.178285,0.983976,0.002388,0.009148,-0.004084,0.999950,0,0.80337,-0.77516,48.202,-1.550,-1,425.000,-1,425.000,-1,325.000,325.000,300.000,300.000,-1,-1,-1,550.000,850.000,900.000,-1,-1,2,0,2,0,2,0,0,0,0,2,2,2,1,1,0,2,2
49,4620.377,-1075.024,118.712,8.724,0.988401,-0.151675,-0.007637,0.151690,0.988427,0.001301,0.007351,-0.002444,0.999970,0,0.80344,-0.77205,48.206,-1.544,-1,425.000,-1,425.000,-1,325.000,325.000,325.000,300.000,-1,-1,-1,575.000,800.000,900.000,950.000,-1,2,0,2,0,2,0,0,0,0,2,2,2,1,1,0,1,2
50,4671.933,-1068.527,118.598,7.181,0.992138,-0.125012,-0.005783,0.125024,0.992152,0.001775,0.005515,-0.002484,0.999982,0,0.86606,-0.77130,51.964,-1.543,1000.000,425.000,-1,425.000,-1,325.000,325.000,300.000,300.000,-1,-1,-1,600.000,750.000,900.000,875.000,-1,1,0,2,0,2,0,0,0,0,2,2,2,1,1,0,1,2
51,4723.543,-1063.433,118.386,5.637,0.995157,-0.098230,-0.003679,0.098240,0.995160,0.002546,0.003411,-0.002895,0.999990,0,0.86434,-0.77209,51.861,-1.544,900.000,425.000,-1,425.000,-1,325.000,325.000,300.000,300.000,-1,-1,-1,625.000,700.000,875.000,825.000,-1,1,0,2,0,2,0,0,0,0,2,2,2,1,1,0,1,2
52,4775.166,-1059.740,118.176,4.092,0.997450,-0.071354,-0.001575,0.071359,0.997446,0.003172,0.001345,-0.003276,0.999994,0,0.86258,-0.77276,51.755,-1.546,800.000,400.000,-1,400.000,1000.000,325.000,325.000,300.000,300.000,-1,-1,-1,650.000,650.000,875.000,750.000,-1,1,0,2,0,1,0,0,0,0,2,2,2,1,1,0,1,2
53,4822.973,-1057.413,117.982,2.786,0.998818,-0.048610,0.000383,0.048608,0.998811,0.003619,-0.000558,-0.003596,0.999993,0,0.79774,-0.65276,47.864,-1.306,750.000,400.000,-1,400.000,925.000,325.000,325.000,300.000,300.000,-1,-1,-1,675.000,625.000,875.000,700.000,-1,1,0,2,0,1,0,0,0,0,2,2,2,1,1,0,1,2
54,4870.699,-1055.980,117.787,1.721,0.999546,-0.030028,0.002350,0.030019,0.999542,0.003951,-0.002468,-0.003878,0.999989,0,0.79578,-0.53276,47.747,-1.066,675.000,400.000,-1,400.000,900.000,325.000,325.000,300.000,300.000,-1,-1,-1,675.000,600.000,850.000,650.000,-1,1,0,2,0,1,0,0,0,0,2,2,2,1,1,0,1,2
55,4918.290,-1055.236,117.593,0.895,0.999869,-0.015624,0.004325,0.015606,0.999869,0.004194,-0.004390,-0.004126,0.999982,0,0.79329,-0.41276,47.597,-0.826,625.000,400.000,-1,400.000,850.000,325.000,325.000,300.000,300.000,-1,-1,-1,700.000,575.000,850.000,600.000,-1,1,1,2,0,1,0,0,0,0,2,2,2,1,1,0,1,2
56,4965.706,-1054.980,117.400,0.310,0.999966,-0.005405,0.006303,0.005378,0.999976,0.004376,-0.006327,-0.004341,0.999971,0,0.79027,-0.29276,47.416,-0.586,550.000,375.000,-1,400.000,825.000,325.000,325.000,300.000,300.000,-1,-1,-1,700.000,550.000,850.000,550.000,-1,1,1,2,0,1,1,0,0,0,2,2,2,1,1,0,1,2
57,5012.911,-1055.009,117.207,-0.036,0.999965,0.000625,0.008286,-0.000662,0.999990,0.004524,-0.008283,-0.004529,0.999955,0,0.78675,-0.17276,47.205,-0.346,500.000,375.000,-1,400.000,825.000,325.000,325.000,300.000,300.000,-1,-1,-1,700.000,525.000,850.000,500.000,-1,1,1,2,0,1,1,0,0,0,2,2,2,1,1,0,1,2
58,5059.877,-1055.125,117.015,-0.141,0.999944,0.002466,0.010270,-0.002514,0.999986,0.004667,-0.010258,-0.004693,0.999936,0,0.78277,-0.05276,46.966,-0.106,450.000,350.000,-1,400.000,800.000,325.000,325.000,300.000,300.000,-1,-1,-1,700.000,525.000,825.000,450.000,-1,1,1,2,0,1,1,0,0,0,2,2,2,1,1,0,1,2
59,5106.580,-1055.130,116.825,-0.007,0.999925,0.000119,0.012255,-0.000178,0.999988,0.004833,-0.012254,-0.004835,0.999913,0,0.77837,0.06724,46.702,0.134,400.000,350.000,-1,400.000,800.000,325.000,325.000,300.000,300.000,-1,-1,-1,700.000,500.000,825.000,400.000,-1,1,1,2,0,1,1,0,0,0,2,2,2,1,1,0,1,2
60,5152.997,-1055.015,116.637,0.142,0.999896,-0.002477,0.014228,0.002406,0.999985,0.005012,-0.014240,-0.004977,0.999886,0,0.77362,0.07437,46.417,0.149,375.000,325.000,-1,400.000,800.000,325.000,325.000,300.000,300.000,-1,-1,-1,700.000,475.000,825.000,375.000,-1,1,1,2,0,1,1,0,0,0,2,2,2,1,1,0,1,2
61,5199.139,-1054.779,116.450,0.293,0.999856,-0.005117,0.016187,0.005033,0.999974,0.005202,-0.016214,-0.005120,0.999855,0,0.76905,0.07564,46.143,0.151,325.000,325.000,-1,400.000,800.000,325.000,325.000,300.000,300.000,-1,-1,-1,700.000,450.000,825.000,325.000,-1,1,1,2,0,1,1,0,0,0,2,2,2,1,1,0,1,2
62,5250.079,-1054.171,116.085,0.684,0.999768,-0.011946,0.017913,0.011854,0.999916,0.005184,-0.017973,-0.004970,0.999826,0,0.84905,0.19564,50.943,0.391,275.000,325.000,-1,400.000,825.000,325.000,325.000,300.000,300.000,-1,-1,-1,675.000,425.000,825.000,275.000,-1,1,1,2,0,1,1,0,0,0,2,2,2,1,1,0,1,2
63,5303.847,-1052.950,117.264,1.301,0.999681,-0.022700,0.011042,0.022760,0.999727,-0.005340,-0.010918,0.005590,0.999925,0,0.89638,0.30813,53.783,0.616,250.000,325.000,-1,425.000,875.000,325.000,350.000,325.000,300.000,-1,-1,-1,650.000,425.000,875.000,250.000,-1,1,1,2,0,1,1,0,0,0,2,2,2,1,1,0,1,2
64,5357.803,-1051.132,118.745,1.928,0.999428,-0.033645,0.003422,0.033700,0.999282,-0.017336,-0.002836,0.017441,0.999844,0,0.89978,0.31384,53.987,0.628,225.000,325.000,-1,450.000,950.000,350.000,375.000,375.000,300.000,-1,-1,-1,600.000,425.000,925.000,250.000,-1,1,1,2,0,1,1,0,0,0,2,2,2,1,1,0,1,2
65,5411.922,-1048.700,120.381,2.568,0.998987,-0.044789,-0.004436,0.044635,0.998546,-0.030216,0.005783,0.029987,0.999534,0,0.90288,0.31991,54.173,0.640,200.000,325.000,-1,475.000,-1,350.000,375.000,400.000,275.000,-1,-1,-1,575.000,425.000,1000.000,225.000,-1,1,1,2,0,2,1,0,0,0,2,2,2,1,1,0,1,2
66,5466.173,-1045.640,122.196,3.221,0.998344,-0.056134,-0.012568,0.055531,0.997482,-0.044108,0.015012,0.043337,0.998948,0,0.90563,0.32638,54.338,0.653,200.000,325.000,-1,475.000,-1,350.000,400.000,425.000,275.000,-1,-1,200.000,550.000,400.000,-1,200.000,-1,1,1,2,0,2,1,0,0,0,2,2,0,1,1,2,1,2
67,5520.527,-1041.935,124.215,3.888,0.997486,-0.067686,-0.021001,0.066343,0.996042,-0.059147,0.024921,0.057605,0.998028,0,0.90798,0.33329,54.479,0.667,175.000,300.000,-1,525.000,-1,350.000,425.000,475.000,275.000,-1,325.000,125.000,525.000,400.000,-1,200.000,-1,1,1,2,0,2,1,0,0,0,2,0,0,1,1,2,1,2
68,5574.944,-1037.571,126.463,4.569,0.996395,-0.079447,-0.029756,0.077015,0.994169,-0.075474,0.035579,0.072911,0.996704,0,0.90987,0.34069,54.592,0.681,150.000,300.000,-1,550.000,-1,350.000,475.000,525.000,250.000,-1,275.000,100.000,525.000,400.000,-1,175.000,-1,1,1,2,0,2,1,0,0,0,2,0,0,1,1,2,1,2
69,5629.385,-1032.532,128.967,5.266,0.995055,-0.091416,-0.038842,0.087477,0.991794,-0.093235,0.047046,0.089376,0.994886,0,0.91121,0.34863,54.672,0.697,150.000,300.000,-1,575.000,-1,375.000,500.000,525.000,250.000,-1,250.000,75.000,500.000,400.000,-1,175.000,-1,1,1,2,0,2,1,0,1,0,2,0,0,1,1,2,1,2
70,5683.801,-1026.804,131.752,5.981,0.993449,-0.103591,-0.048254,0.097641,0.988834,-0.112580,0.059378,0.107131,0.992470,0,0.91193,0.35716,54.716,0.714,125.000,300.000,-1,625.000,-1,375.000,550.000,450.000,250.000,-1,225.000,50.000,400.000,425.000,-1,150.000,-1,1,1,2,0,2,1,0,1,0,2,0,0,0,1,2,1,2
71,5738.138,-1020.372,134.843,6.713,0.991560,-0.115963,-0.057974,0.107403,0.985190,-0.133661,0.072615,0.126306,0.989330,0,0.91193,0.36633,54.716,0.733,125.000,325.000,-1,675.000,-1,375.000,600.000,400.000,225.000,-1,200.000,25.000,325.000,425.000,-1,150.000,-1,1,1,2,0,2,1,0,1,0,2,0,0,0,1,2,1,2
72,5792.337,-1013.225,138.265,7.466,0.989376,-0.128519,-0.067962,0.116639,0.980746,-0.156628,0.086783,0.147037,0.985317,0,0.91111,0.37620,54.667,0.752,125.000,325.000,-1,725.000,-1,400.000,600.000,350.000,225.000,-1,200.000,25.000,250.000,450.000,-1,125.000,-1,1,1,2,0,2,1,1,1,0,2,0,0,0,1,2,1,2
73,-3607.629,-8199.151,-92.287,137.405,-0.735924,-0.676730,-0.021242,0.675666,-0.736059,0.041140,-0.043476,0.015923,0.998928,1,0.00000,0.00000,54.562,0.774,-1,400.000,-1,400.000,-1,325.000,325.000,300.000,300.000,-1,-1,-1,-1,775.000,800.000,-1,-1,2,0,2,0,2,0,0,0,0,2,2,2,2,0,0,2,2
74,-3611.176,-8195.917,-92.485,137.645,-0.738755,-0.673639,-0.021253,0.672574,-0.738885,0.041147,-0.043422,0.016103,0.998927,0,0.08000,0.12000,4.800,0.240,-1,400.000,-1,400.000,-1,325.000,325.000,300.000,300.000,-1,-1,-1,-1,775.000,800.000,-1,-1,2,0,2,0,2,0,0,0,0,2,2,2,2,0,0,2,2
75,-3618.324,-8189.509,-92.882,138.125,-0.744376,-0.667422,-0.021271,0.666355,-0.744498,0.041161,-0.043308,0.016465,0.998926,0,0.16000,0.24000,9.600,0.480,-1,400.000,-1,400.000,-1,325.000,325.000,300.000,300.000,-1,-1,-1,-1,775.000,800.000,-1,-1,2,0,2,0,2,0,0,0,0,2,2,2,2,0,0,2,2
76,-3629.166,-8180.032,-93.477,138.845,-0.752710,-0.658008,-0.021290,0.656938,-0.752819,0.041184,-0.043127,0.017013,0.998925,0,0.24000,0.36000,14.400,0.720,-1,400.000,-1,400.000,-1,325.000,325.000,300.000,300.000,-1,-1,-1,-1,775.000,800.000,-1,-1,2,0,2,0,2,0,0,0,0,2,2,2,2,0,0,2,2
77,-3643.832,-8167.641,-94.277,139.805,-0.763639,-0.645294,-0.021264,0.644221,-0.763728,0.041225,-0.042842,0.017782,0.998924,0,0.32000,0.48000,19.200,0.960,-1,400.000,-1,400.000,-1,325.000,325.000,300.000,300.000,-1,-1,-1,-1,775.000,800.000,-1,-1,2,0,2,0,2,0,0,0,0,2,2,2,2,0,0,2,2
78,-3662.485,-8152.539,-95.281,141.005,-0.776998,-0.629146,-0.021183,0.628071,-0.777060,0.041288,-0.042437,0.018776,0.998923,0,0.40000,0.60000,24.000,1.200,-1,400.000,-1,400.000,-1,325.000,325.000,300.000,300.000,-1,-1,-1,-1,775.000,800.000,-1,-1,2,0,2,0,2,0,0,0,0,2,2,2,2,0,0,2,2
79,-3685.243,-8134.889,-96.490,142.205,-0.790018,-0.612722,-0.021064,0.611644,-0.790051,0.041376,-0.041993,0.019804,0.998922,0,0.48000,0.60004,28.800,1.200,-1,400.000,-1,400.000,-1,325.000,325.000,300.000,300.000,-1,-1,-1,-1,775.000,800.000,-1,-1,2,0,2,0,2,0,0,0,0,2,2,2,2,0,0,2,2
80,-3712.217,-8114.856,-97.903,143.399,-0.802629,-0.596113,-0.020897,0.595033,-0.802629,0.041506,-0.041515,0.020879,0.998920,0,0.56000,0.59699,33.600,1.194,-1,400.000,-1,400.000,-1,325.000,325.000,300.000,300.000,-1,-1,-1,-1,775.000,800.000,-1,-1,2,0,2,0,2,0,0,0,0,2,2,2,2,0,0,2,2
81,-3742.962,-8092.995,-99.484,144.586,-0.814820,-0.579346,-0.020681,0.578262,-0.814784,0.041716,-0.041018,0.022032,0.998915,0,0.62874,0.59344,37.725,1.187,-1,400.000,-1,400.000,-1,325.000,325.000,300.000,300.000,-1,-1,-1,-1,775.000,800.000,-1,-1,2,0,2,0,2,0,0,0,0,2,2,2,2,0,0,2,2
82,-3774.152,-8071.770,-101.058,145.764,-0.826582,-0.562445,-0.020435,0.561357,-0.826508,0.041981,-0.040502,0.023229,0.998909,0,0.62878,0.58941,37.727,1.179,-1,400.000,-1,400.000,-1,325.000,325.000,300.000,300.000,-1,-1,-1,-1,800.000,800.000,-1,-1,2,0,2,0,2,0,0,0,0,2,2,2,2,0,0,2,2
83,-3805.773,-8051.185,-102.626,146.935,-0.837917,-0.545426,-0.020163,0.544333,-0.837802,0.042304,-0.039966,0.024471,0.998901,0,0.62885,0.58533,37.731,1.171,-1,400.000,-1,400.000,-1,325.000,325.000,300.000,300.000,-1,-1,-1,-1,800.000,825.000,-1,-1,2,0,2,0,2,0,0,0,0,2,2,2,2,0,0,2,2
84,-3837.810,-8031.242,-104.186,148.097,-0.848825,-0.528300,-0.019868,0.527203,-0.848667,0.042683,-0.039411,0.025757,0.998891,0,0.62896,0.58120,37.737,1.162,-1,400.000,-1,400.000,-1,325.000,325.000,300.000,300.000,-1,-1,-1,-1,800.000,825.000,-1,-1,2,0,2,0,2,0,0,0,0,2,2,2,2,0,0,2,2
85,-3870.250,-8011.944,-105.811,149.251,-0.859298,-0.511087,-0.019914,0.509980,-0.859112,0.042984,-0.039077,0.026781,0.998877,0,0.62910,0.57701,37.746,1.154,-1,400.000,-1,400.000,-1,325.000,325.000,300.000,300.000,-1,-1,-1,-1,800.000,825.000,-1,-1,2,0,2,0,2,0,0,0,0,2,2,2,2,0,0,2,2
86,-3903.078,-7993.293,-107.446,150.397,-0.869347,-0.493797,-0.020034,0.492678,-0.869134,0.043291,-0.038789,0.027764,0.998862,0,0.62928,0.57276,37.757,1.146,-1,400.000,-1,400.000,-1,325.000,325.000,300.000,300.000,-1,-1,-1,-1,800.000,825.000,-1,-1,2,0,2,0,2,0,0,0,0,2,2,2,2,0,0,2,2
87,-3936.282,-7975.291,-109.069,151.534,-0.878977,-0.476440,-0.020121,0.475310,-0.878735,0.043641,-0.038473,0.028796,0.998845,0,0.62950,0.56846,37.770,1.137,-1,400.000,-1,400.000,-1,325.000,325.000,300.000,300.000,-1,-1,-1,-1,800.000,825.000,-1,-1,2,0,2,0,2,0,0,0,0,2,2,2,2,0,0,2,2
88,-3969.847,-7957.939,-110.678,152.662,-0.888191,-0.459031,-0.020179,0.457890,-0.887918,0.044038,-0.038132,0.029874,0.998826,0,0.62975,0.56411,37.785,1.128,-1,400.000,-1,400.000,-1,325.000,325.000,300.000,300.000,-1,-1,-1,-1,800.000,825.000,-1,-1,2,0,2,0,2,0,0,0,0,2,2,2,2,0,0,2,2
89,-4003.759,-7941.239,-112.271,153.782,-0.896993,-0.441582,-0.020223,0.440428,-0.896685,0.044474,-0.037773,0.030986,0.998806,0,0.63003,0.55970,37.802,1.119,-1,400.000,-1,400.000,-1,325.000,325.000,300.000,300.000,-1,-1,-1,-1,800.000,825.000,-1,-1,2,0,2,0,2,0,0,0,0,2,2,2,2,0,0,2,2
90,-4038.007,-7925.191,-113.722,154.892,-0.905371,-0.424113,-0.020781,0.422939,-0.905055,0.044690,-0.037762,0.031672,0.998785,0,0.63035,0.55523,37.821,1.110,-1,400.000,-1,400.000,-1,325.000,325.000,300.000,300.000,-1,-1,-1,-1,800.000,825.000,-1,-1,2,0,2,0,2,0,0,0,0,2,2,2,2,0,0,2,2
91,-4072.576,-7909.795,-115.157,155.993,-0.913345,-0.406627,-0.021331,0.405433,-0.913019,0.044940,-0.037749,0.032397,0.998762,0,0.63071,0.55071,37.842,1.101,-1,400.000,-1,400.000,-1,325.000,325.000,300.000,300.000,-1,-1,-1,-1,800.000,825.000,-1,-1,2,0,2,0,2,0,0,0,0,2,2,2,2,0,0,2,2
92,-4107.453,-7895.052,-116.594,157.086,-0.920919,-0.389139,-0.021896,0.387918,-0.920580,0.045294,-0.037782,0.033218,0.998734,0,0.63109,0.54614,37.866,1.092,-1,400.000,-1,400.000,-1,325.000,325.000,300.000,300.000,-1,-1,-1,-1,775.000,825.000,-1,-1,2,0,2,0,2,0,0,0,0,2,2,2,2,0,0,2,2
93,-4142.627,-7880.962,-118.023,158.169,-0.928098,-0.371658,-0.022475,0.370409,-0.927743,0.045723,-0.037844,0.034110,0.998701,0,0.63151,0.54151,37.891,1.083,-1,400.000,-1,400.000,-1,325.000,325.000,300.000,300.000,-1,-1,-1,-1,775.000,800.000,-1,-1,2,0,2,0,2,0,0,0,0,2,2,2,2,0,0,2,2
94,-4178.083,-7867.524,-119.432,159.242,-0.934886,-0.354198,-0.023054,0.352919,-0.934514,0.046162,-0.037894,0.035020,0.998668,0,0.63197,0.53682,37.918,1.074,-1,400.000,-1,400.000,-1,325.000,325.000,300.000,300.000,-1,-1,-1,-1,775.000,800.000,-1,-1,2,0,2,0,2,0,0,0,0,2,2,2,2,0,0,2,2
95,-4213.811,-7854.736,-120.821,160.307,-0.941290,-0.336770,-0.023633,0.335461,-0.940901,0.046610,-0.037933,0.035945,0.998634,0,0.63245,0.53208,37.947,1.064,-1,400.000,-1,400.000,-1,325.000,325.000,300.000,300.000,-1,-1,-1,-1,775.000,800.000,-1,-1,2,0,2,0,2,0,0,0,0,2,2,2,2,0,0,2,2
96,-4249.798,-7842.599,-122.188,161.361,-0.947315,-0.319386,-0.024215,0.318045,-0.946907,0.047064,-0.037961,0.036883,0.998598,0,0.63297,0.52728,37.978,1.055,-1,400.000,-1,400.000,-1,325.000,325.000,325.000,300.000,-1,-1,-1,-1,775.000,775.000,-1,-1,2,0,2,0,2,0,0,0,0,2,2,2,2,0,0,2,2
97,-4286.031,-7831.109,-123.575,162.406,-0.952969,-0.302057,-0.024722,0.300695,-0.952546,0.047321,-0.037843,0.037661,0.998574,0,0.63353,0.52242,38.012,1.045,-1,400.000,-1,400.000,-1,325.000,325.000,325.000,300.000,-1,-1,-1,-1,775.000,775.000,-1,-1,2,0,2,0,2,0,0,0,0,2,2,2,2,0,0,2,2
98,-4322.500,-7820.266,-124.947,163.441,-0.958257,-0.284793,-0.025211,0.283412,-0.957819,0.047543,-0.037688,0.038414,0.998551,0,0.63412,0.51751,38.047,1.035,-1,400.000,-1,400.000,-1,325.000,325.000,325.000,300.000,-1,-1,-1,-1,775.000,775.000,-1,-1,2,0,2,0,2,0,0,0,0,2,2,2,2,0,0,2,2
99,-4359.193,-7810.067,-126.300,164.466,-0.963186,-0.267605,-0.025690,0.266205,-0.962733,0.047753,-0.037511,0.039156,0.998529,0,0.63474,0.51253,38.084,1.025,-1,400.000,-1,400.000,-1,325.000,325.000,325.000,300.000,-1,-1,-1,-1,775.000,775.000,-1,-1,2,0,2,0,2,0,0,0,0,2,2,2,2,0,0,2,2
100,-4396.099,-7800.510,-127.633,165.481,-0.967763,-0.250501,-0.026158,0.249084,-0.967294,0.047948,-0.037313,0.039887,0.998507,0,0.63539,0.50750,38.124,1.015,-1,400.000,-1,400.000,-1,325.000,325.000,325.000,300.000,-1,-1,-1,-1,775.000,750.000,-1,-1,2,0,2,0,2,0,0,0,0,2,2,2,2,0,0,2,2
101,-4433.207,-7791.591,-128.944,166.486,-0.971994,-0.233493,-0.026615,0.232059,-0.971510,0.048127,-0.037094,0.040603,0.998487,0,0.63608,0.50241,38.165,1.005,-1,400.000,-1,400.000,-1,325.000,325.000,325.000,300.000,-1,-1,-1,-1,775.000,750.000,-1,-1,2,0,2,0,2,0,0,0,0,2,2,2,2,0,0,2,2
102,-4470.507,-7783.309,-130.235,167.480,-0.975888,-0.216589,-0.027063,0.215140,-0.975389,0.048290,-0.036856,0.041303,0.998467,0,0.63681,0.49726,38.208,0.995,-1,400.000,-1,400.000,-1,325.000,325.000,325.000,300.000,-1,-1,-1,-1,775.000,750.000,-1,-1,2,0,2,0,2,0,0,0,0,2,2,2,2,0,0,2,2
103,-4507.988,-7775.660,-131.503,168.464,-0.979451,-0.199800,-0.027502,0.198335,-0.978937,0.048435,-0.036600,0.041985,0.998448,0,0.63756,0.49205,38.254,0.984,-1,400.000,-1,400.000,-1,325.000,325.000,325.000,300.000,-1,-1,-1,-1,775.000,750.000,-1,-1,2,0,2,0,2,0,0,0,0,2,2,2,2,0,0,2,2
104,-4550.347,-7767.954,-132.959,169.689,-0.983485,-0.178837,-0.027821,0.177376,-0.982959,0.048255,-0.035976,0.042523,0.998448,0,0.71756,0.61205,43.054,1.224,-1,400.000,-1,375.000,-1,325.000,325.000,325.000,300.000,-1,-1,-1,-1,775.000,750.000,-1,-1,2,0,2,0,2,0,0,0,0,2,2,2,2,0,0,2,2
105,-4596.163,-7760.822,-134.548,171.153,-0.987724,-0.153661,-0.028102,0.152222,-0.987195,0.047702,-0.035072,0.042839,0.998466,0,0.77281,0.73205,46.369,1.464,-1,400.000,-1,375.000,-1,325.000,325.000,325.000,325.000,-1,-1,-1,-1,775.000,750.000,-1,-1,2,0,2,0,2,0,0,0,0,2,2,2,2,0,0,2,2
106,-4643.440,-7754.744,-136.127,172.674,-0.991450,-0.127395,-0.028241,0.125985,-0.990914,0.047095,-0.033985,0.043134,0.998491,0,0.79444,0.76070,47.666,1.521,-1,400.000,-1,375.000,-1,325.000,325.000,325.000,325.000,-1,-1,-1,-1,775.000,725.000,-1,-1,2,0,2,0,2,0,0,0,0,2,2,2,2,0,0,2,2
107,-4690.919,-7749.912,-137.619,174.188,-0.994470,-0.101170,-0.028170,0.099802,-0.993928,0.046333,-0.032686,0.043265,0.998529,0,0.79541,0.75698,47.724,1.514,-1,400.000,-1,375.000,-1,325.000,325.000,325.000,325.000,-1,-1,-1,-1,775.000,725.000,-1,-1,2,0,2,0,2,0,0,0,0,2,2,2,2,0,0,2,2
108,-4738.566,-7746.325,-139.071,175.695,-0.996790,-0.075003,-0.028016,0.073679,-0.996238,0.045613,-0.031332,0.043402,0.998566,0,0.79636,0.75327,47.781,1.507,-1,400.000,-1,375.000,-1,325.000,325.000,325.000,325.000,-1,-1,-1,-1,775.000,725.000,-1,-1,2,0,2,0,2,0,0,0,0,2,2,2,2,0,0,2,2
109,-4786.345,-7743.983,-140.470,177.194,-0.998415,-0.048913,-0.027834,0.047635,-0.997856,0.044891,-0.029970,0.043494,0.998604,0,0.79729,0.74957,47.837,1.499,-1,400.000,-1,375.000,-1,325.000,325.000,325.000,325.000,-1,-1,-1,-1,775.000,725.000,-1,-1,2,0,2,0,2,0,0,0,0,2,2,2,2,0,0,2,2
110,-4834.225,-7742.885,-141.816,178.685,-0.999355,-0.022920,-0.027630,0.021686,-0.998789,0.044165,-0.028609,0.043538,0.998642,0,0.79821,0.74587,47.892,1.492,-1,400.000,-1,375.000,-1,325.000,325.000,325.000,325.000,-1,-1,-1,-1,775.000,700.000,-1,-1,2,0,2,0,2,0,0,0,0,2,2,2,2,0,0,2,2
111,-4882.170,-7743.027,-143.109,180.170,-0.999620,0.002961,-0.027413,-0.004150,-0.999048,0.043435,-0.027258,0.043532,0.998680,0,0.79910,0.74218,47.946,1.484,-1,400.000,-1,375.000,-1,325.000,325.000,325.000,325.000,-1,-1,-1,-1,800.000,700.000,-1,-1,2,0,2,0,2,0,0,0,0,2,2,2,2,0,0,2,2
112,-4930.149,-7744.406,-144.349,181.647,-0.999218,0.028711,-0.027188,-0.029856,-0.998642,0.042697,-0.025925,0.043476,0.998718,0,0.79998,0.73849,47.999,1.477,-1,400.000,-1,375.000,-1,325.000,325.000,325.000,325.000,-1,-1,-1,-1,800.000,700.000,-1,-1,2,0,2,0,2,0,0,0,0,2,2,2,2,0,0,2,2
113,-4978.127,-7747.019,-145.538,183.116,-0.998160,0.054314,-0.026963,-0.055415,-0.997582,0.041949,-0.024619,0.043366,0.998756,0,0.80083,0.73481,48.050,1.470,-1,400.000,-1,375.000,-1,325.000,325.000,325.000,325.000,-1,-1,-1,-1,800.000,700.000,-1,-1,2,0,2,0,2,0,0,0,0,2,2,2,2,0,0,2,2
114,-5026.074,-7750.859,-146.675,184.579,-0.996456,0.079753,-0.026742,-0.080812,-0.995878,0.041185,-0.023347,0.043200,0.998794,0,0.80167,0.73113,48.100,1.462,-1,400.000,-1,375.000,-1,325.000,325.000,325.000,325.000,-1,-1,-1,-1,800.000,700.000,-1,-1,2,0,2,0,2,0,0,0,0,2,2,2,2,0,0,2,2
115,-5073.955,-7755.920,-147.778,186.034,-0.994115,0.105014,-0.026590,-0.106035,-0.993539,0.040459,-0.022169,0.043041,0.998827,0,0.80248,0.72745,48.149,1.455,-1,400.000,-1,375.000,-1,325.000,325.000,325.000,325.000,-1,-1,-1,-1,825.000,700.000,-1,-1,2,0,2,0,2,0,0,0,0,2,2,2,2,0,0,2,2
116,-5121.741,-7762.195,-148.894,187.481,-0.991145,0.130079,-0.026675,-0.131077,-0.990568,0.039917,-0.021231,0.043060,0.998847,0,0.80327,0.72377,48.196,1.448,-1,400.000,-1,375.000,-1,325.000,325.000,325.000,325.000,-1,-1,-1,-1,850.000,700.000,-1,-1,2,0,2,0,2,0,0,0,0,2,2,2,2,0,0,2,2
117,-5169.400,-7769.676,-149.966,188.921,-0.987561,0.154934,-0.026814,-0.155912,-0.986987,0.039349,-0.020369,0.043040,0.998866,0,0.80404,0.72009,48.243,1.440,-1,400.000,-1,375.000,-1,325.000,325.000,325.000,325.000,-1,-1,-1,-1,850.000,700.000,-1,-1,2,0,2,0,2,0,0,0,0,2,2,2,2,0,0,2,2
118,-5216.901,-7778.355,-150.943,190.354,-0.983375,0.179567,-0.026998,-0.180523,-0.982815,0.038555,-0.019611,0.042788,0.998892,0,0.80479,0.71641,48.288,1.433,-1,400.000,-1,375.000,-1,325.000,325.000,325.000,325.000,-1,-1,-1,-1,875.000,700.000,-1,-1,2,0,2,0,2,0,0,0,0,2,2,2,2,0,0,2,2
119,-5264.214,-7788.221,-151.657,191.780,-0.978616,0.203969,-0.026594,-0.204865,-0.978090,0.037019,-0.018460,0.041675,0.998961,0,0.80552,0.71272,48.331,1.425,-1,400.000,-1,375.000,-1,325.000,325.000,325.000,325.000,-1,-1,-1,-1,900.000,700.000,-1,-1,2,0,2,0,2,0,0,0,0,2,2,2,2,0,0,2,2
120,-5311.310,-7799.265,-152.362,193.198,-0.973280,0.228122,-0.026212,-0.228963,-0.972788,0.035496,-0.017401,0.040549,0.999026,0,0.80623,0.70903,48.374,1.418,-1,400.000,-1,375.000,-1,325.000,325.000,325.000,325.000,-1,-1,-1,-1,925.000,700.000,-1,-1,2,0,2,0,2,0,0,0,0,2,2,2,2,0,0,2,2
121,-5358.160,-7811.475,-153.061,194.608,-0.967379,0.252013,-0.025829,-0.252801,-0.966920,0.034006,-0.016405,0.039426,0.999088,0,0.80691,0.70534,48.415,1.411,-1,400.000,-1,375.000,-1,325.000,325.000,325.000,325.000,-1,-1,-1,-1,925.000,725.000,-1,-1,2,0,2,0,2,0,0,0,0,2,2,2,2,0,0,2,2
122,-5404.734,-7824.840,-153.755,196.012,-0.960925,0.275628,-0.025544,-0.276371,-0.960500,0.032539,-0.015566,0.038328,0.999144,0,0.80757,0.70163,48.454,1.403,-1,425.000,-1,375.000,-1,325.000,325.000,325.000,325.000,-1,-1,-1,-1,950.000,725.000,-1,-1,2,0,2,0,2,0,0,0,0,2,2,2,2,0,0,2,2
123,-5451.006,-7839.347,-154.450,197.407,-0.953930,0.298956,-0.025367,-0.299661,-0.953540,0.031078,-0.014897,0.037247,0.999195,0,0.80821,0.69793,48.493,1.396,-1,425.000,-1,375.000,-1,325.000,325.000,325.000,300.000,-1,-1,-1,-1,975.000,725.000,-1,-1,2,0,2,0,2,0,0,0,0,2,2,2,2,0,0,2,2
124,-5496.948,-7854.982,-155.324,198.796,-0.946395,0.321994,-0.025610,-0.322663,-0.946077,0.028759,-0.014969,0.035481,0.999258,0,0.80883,0.69421,48.530,1.388,-1,425.000,-1,375.000,-1,325.000,325.000,325.000,300.000,-1,-1,-1,-1,975.000,750.000,-1,-1,2,0,2,0,2,0,0,0,0,2,2,2,2,0,0,2,2
125,-5542.534,-7871.733,-156.263,200.177,-0.938343,0.344724,-0.026019,-0.345361,-0.938106,0.026144,-0.015396,0.033518,0.999320,0,0.80943,0.69048,48.566,1.381,-1,425.000,-1,400.000,-1,325.000,325.000,325.000,300.000,-1,-1,-1,-1,975.000,750.000,-1,-1,2,0,2,0,2,0,0,0,0,2,2,2,2,0,0,2,2
126,-5587.737,-7889.584,-157.221,201.550,-0.929791,0.367134,-0.026483,-0.367740,-0.929631,0.023518,-0.015985,0.031606,0.999373,0,0.81001,0.68674,48.601,1.373,-1,425.000,-1,400.000,-1,325.000,325.000,325.000,300.000,-1,-1,-1,-1,975.000,750.000,-1,-1,2,0,2,0,2,0,0,0,0,2,2,2,2,0,0,2,2
127,-5629.150,-7906.893,-158.181,202.684,-0.922329,0.385470,-0.026877,-0.386051,-0.922230,0.021378,-0.016547,0.030094,0.999410,0,0.74807,0.56674,44.884,1.133,-1,425.000,-1,400.000,-1,325.000,325.000,325.000,300.000,-1,-1,-1,-1,975.000,750.000,-1,-1,2,0,2,0,2,0,0,0,0,2,2,2,2,0,0,2,2
128,-5670.306,-7924.853,-159.153,203.577,-0.916186,0.399821,-0.027329,-0.400379,-0.916147,0.019260,-0.017337,0.028588,0.999441,0,0.74841,0.44674,44.905,0.893,-1,425.000,-1,400.000,-1,325.000,325.000,325.000,300.000,-1,-1,-1,-1,975.000,750.000,-1,-1,2,0,2,0,2,0,0,0,0,2,2,2,2,0,0,2,2
129,-5711.258,-7943.284,-160.142,204.231,-0.911543,0.410262,-0.027840,-0.410796,-0.911566,0.017165,-0.018336,0.027083,0.999465,0,0.74847,0.32674,44.908,0.653,-1,425.000,-1,375.000,-1,325.000,325.000,325.000,300.000,-1,-1,-1,-1,975.000,750.000,-1,-1,2,0,2,0,2,0,0,0,0,2,2,2,2,0,0,2,2
130,-5752.046,-7962.048,-161.156,204.705,-0.908089,0.417811,-0.028412,-0.418322,-0.908173,0.015088,-0.019499,0.025586,0.999482,0,0.74829,0.23720,44.897,0.474,-1,425.000,-1,375.000,-1,325.000,325.000,325.000,300.000,-1,-1,-1,-1,950.000,750.000,-1,-1,2,0,2,0,2,0,0,0,0,2,2,2,2,0,0,2,2
131,-5792.664,-7981.136,-162.074,205.171,-0.904626,0.425207,-0.029184,-0.425683,-0.904787,0.012411,-0.021128,0.023651,0.999497,0,0.74799,0.23308,44.879,0.466,-1,425.000,-1,375.000,-1,325.000,325.000,325.000,300.000,-1,-1,-1,-1,950.000,750.000,-1,-1,2,0,2,0,2,0,0,0,0,2,2,2,2,0,0,2,2
132,-5833.117,-8000.542,-162.992,205.629,-0.901164,0.432437,-0.030045,-0.432871,-0.901405,0.009563,-0.022947,0.021624,0.999503,0,0.74778,0.22872,44.867,0.457,-1,425.000,-1,375.000,-1,325.000,325.000,325.000,300.000,-1,-1,-1,-1,925.000,750.000,-1,-1,2,0,2,0,2,0,0,0,0,2,2,2,2,0,0,2,2
133,-5873.411,-8020.261,-163.951,206.077,-0.897715,0.439492,-0.030892,-0.439880,-0.898031,0.006750,-0.024776,0.019649,0.999500,0,0.74768,0.22409,44.861,0.448,-1,425.000,-1,375.000,-1,325.000,325.000,325.000,300.000,-1,-1,-1,-1,925.000,725.000,-1,-1,2,0,2,0,2,0,0,0,0,2,2,2,2,0,0,2,2
134,-5913.555,-8040.289,-164.949,206.515,-0.894287,0.446367,-0.031725,-0.446701,-0.894674,0.003972,-0.026611,0.017724,0.999489,0,0.74770,0.21922,44.862,0.438,-1,425.000,-1,375.000,-1,325.000,325.000,325.000,300.000,-1,-1,-1,-1,900.000,725.000,-1,-1,2,0,2,0,2,0,0,0,0,2,2,2,2,0,1,2,2
135,-5953.517,-8060.606,-165.988,206.949,-0.890845,0.453139,-0.032544,-0.453415,-0.891299,0.001231,-0.028449,0.015852,0.999470,0,0.74717,0.21680,44.830,0.434,-1,425.000,975.000,375.000,-1,325.000,325.000,325.000,300.000,-1,-1,-1,-1,900.000,700.000,-1,-1,2,0,1,0,2,0,0,0,0,2,2,2,2,0,1,2,2
