timestep,x_cm,y_cm,z_cm,yaw_deg,basis_xx,basis_xy,basis_xz,basis_yx,basis_yy,basis_yz,basis_zx,basis_zy,basis_zz,teleport_flag,throttle_cmd,steering_cmd,cmd_move_cm,cmd_turn_deg,lidar_cm_0,lidar_cm_1,lidar_cm_2,lidar_cm_3,lidar_cm_4,lidar_cm_5,lidar_cm_6,lidar_cm_7,lidar_cm_8,lidar_cm_9,lidar_cm_10,lidar_cm_11,lidar_cm_12,lidar_cm_13,lidar_cm_14,lidar_cm_15,lidar_cm_16,lidar_class_0,lidar_class_1,lidar_class_2,lidar_class_3,lidar_class_4,lidar_class_5,lidar_class_6,lidar_class_7,lidar_class_8,lidar_class_9,lidar_class_10,lidar_class_11,lidar_class_12,lidar_class_13,lidar_class_14,lidar_class_15,lidar_class_16
0,-8850.734,-4261.508,-307.921,25.254,0.899569,-0.426383,0.094732,0.427664,0.903908,0.007364,-0.088769,0.033889,0.995476,1,0.08000,-0.12000,4.800,-0.240,-1,375.000,-1,400.000,875.000,325.000,325.000,300.000,300.000,-1,500.000,500.000,475.000,700.000,750.000,-1,-1,2,0,2,0,1,0,0,0,0,2,1,1,1,0,0,2,2
1,-8842.018,-4257.485,-308.772,24.774,0.903117,-0.418802,0.094784,0.420071,0.907463,0.007110,-0.088990,0.033395,0.995473,0,0.16000,-0.24000,9.600,-0.480,-1,375.000,-1,400.000,850.000,325.000,325.000,300.000,300.000,-1,500.000,500.000,475.000,700.000,750.000,-1,-1,2,0,2,0,1,0,0,0,0,2,1,1,1,0,0,2,2
2,-8828.875,-4251.601,-310.054,24.120,0.907848,-0.408430,0.094853,0.409685,0.912202,0.006734,-0.089275,0.032746,0.995469,0,0.24000,-0.32686,14.400,-0.654,-1,375.000,-1,400.000,825.000,325.000,325.000,300.000,300.000,-1,525.000,525.000,500.000,700.000,750.000,-1,-1,2,0,2,0,1,0,0,0,0,2,1,1,1,0,0,2,2
3,-8811.263,-4243.955,-311.772,23.467,0.912451,-0.398020,0.094932,0.399272,0.916811,0.006245,-0.089520,0.032206,0.995464,0,0.32000,-0.32631,19.200,-0.653,-1,375.000,-1,400.000,800.000,325.000,325.000,300.000,300.000,-1,550.000,525.000,500.000,700.000,750.000,-1,-1,2,0,2,0,1,0,0,0,0,2,1,1,1,0,0,2,2
4,-8789.141,-4234.648,-313.928,22.816,0.916926,-0.387580,0.095015,0.388839,0.921288,0.005647,-0.089725,0.031768,0.995460,0,0.40000,-0.32559,24.000,-0.651,-1,375.000,-1,400.000,775.000,325.000,325.000,300.000,300.000,-1,575.000,550.000,525.000,725.000,750.000,-1,-1,2,0,2,0,1,0,0,0,0,2,1,1,1,0,0,2,2
5,-8762.469,-4223.782,-316.523,22.167,0.921270,-0.377118,0.095099,0.378393,0.925632,0.004945,-0.089891,0.031429,0.995456,0,0.48000,-0.32469,28.800,-0.649,-1,375.000,-1,400.000,775.000,325.000,325.000,300.000,300.000,-1,600.000,575.000,525.000,725.000,750.000,-1,-1,2,0,2,0,1,0,0,0,0,2,1,1,1,0,0,2,2
6,-8731.211,-4211.457,-319.557,21.520,0.925481,-0.366642,0.095177,0.367942,0.929839,0.004145,-0.090019,0.031184,0.995452,0,0.56000,-0.32358,33.600,-0.647,-1,375.000,-1,400.000,750.000,325.000,325.000,300.000,300.000,-1,625.000,625.000,550.000,725.000,750.000,-1,-1,2,0,2,0,1,0,0,0,0,2,1,1,1,0,0,2,2
7,-8695.332,-4197.774,-323.031,20.875,0.929558,-0.356161,0.095246,0.357495,0.933909,0.003253,-0.090110,0.031026,0.995448,0,0.64000,-0.32227,38.400,-0.645,-1,375.000,-1,400.000,725.000,325.000,325.000,300.000,300.000,-1,675.000,650.000,575.000,725.000,750.000,-1,-1,2,0,2,0,1,0,0,0,0,2,1,1,1,0,0,2,2
8,-8654.806,-4182.811,-326.943,20.265,0.933308,-0.346200,0.095301,0.347577,0.937649,0.002276,-0.090147,0.031000,0.995446,0,0.72000,-0.30496,43.200,-0.610,-1,375.000,-1,400.000,700.000,325.000,325.000,300.000,300.000,-1,725.000,700.000,575.000,725.000,750.000,-1,-1,2,0,2,0,1,0,0,0,0,2,1,1,1,0,0,2,2
9,-8609.601,-4166.670,-331.301,19.650,0.936986,-0.336110,0.095324,0.337541,0.941310,0.001182,-0.090127,0.031069,0.995446,0,0.80000,-0.30765,48.000,-0.615,-1,375.000,-1,400.000,675.000,325.000,325.000,300.000,300.000,-1,775.000,725.000,600.000,725.000,750.000,-1,-1,2,0,2,0,1,0,0,0,0,2,1,1,1,0,0,2,2
10,-8559.686,-4149.456,-336.001,19.028,0.940634,-0.325881,0.094920,0.327336,0.944908,0.000248,-0.089772,0.030837,0.995485,0,0.88000,-0.31079,52.800,-0.622,-1,375.000,-1,400.000,675.000,325.000,325.000,300.000,300.000,-1,825.000,775.000,625.000,725.000,725.000,-1,-1,2,0,2,0,1,0,0,0,0,2,1,1,1,0,0,2,2
11,-8508.813,-4132.533,-340.795,18.399,0.944203,-0.315492,0.094578,0.316976,0.948433,-0.000708,-0.089478,0.030647,0.995517,0,0.89357,-0.31442,53.614,-0.629,-1,375.000,-1,400.000,650.000,325.000,325.000,300.000,300.000,-1,875.000,825.000,650.000,725.000,725.000,-1,-1,2,0,2,0,1,0,0,0,0,2,1,1,1,0,0,2,2
12,-8457.768,-4116.181,-345.499,17.763,0.947732,-0.304943,0.093886,0.306420,0.951895,-0.001395,-0.088944,0.030091,0.995582,0,0.89334,-0.31823,53.600,-0.636,-1,400.000,-1,400.000,725.000,325.000,325.000,300.000,300.000,-1,925.000,875.000,675.000,750.000,725.000,-1,-1,2,0,2,0,1,0,0,0,0,2,1,1,1,0,0,2,2
13,-8406.569,-4100.412,-350.230,17.119,0.951172,-0.294225,0.093291,0.295689,0.955282,-0.001964,-0.088541,0.029453,0.995637,0,0.89288,-0.32215,53.573,-0.644,-1,400.000,-1,400.000,-1,325.000,325.000,300.000,300.000,1000.000,1000.000,925.000,700.000,750.000,725.000,-1,-1,2,0,2,0,2,0,0,0,0,1,1,1,1,0,0,2,2
14,-8355.233,-4085.239,-355.001,16.466,0.954520,-0.283336,0.092800,0.284772,0.958593,-0.002339,-0.088295,0.028660,0.995682,0,0.89218,-0.32619,53.531,-0.652,-1,400.000,-1,400.000,-1,325.000,325.000,300.000,300.000,925.000,-1,975.000,725.000,750.000,725.000,-1,-1,2,0,2,0,2,0,0,0,1,1,2,1,1,0,0,2,2
15,-8303.781,-4070.674,-359.785,15.806,0.957778,-0.272270,0.092363,0.273675,0.961818,-0.002657,-0.088113,0.027822,0.995722,0,0.89123,-0.33032,53.474,-0.661,-1,400.000,-1,400.000,-1,325.000,325.000,300.000,275.000,900.000,-1,-1,750.000,750.000,725.000,-1,-1,2,0,2,0,2,0,0,0,1,1,2,2,1,0,0,2,2
16,-8252.233,-4056.730,-364.578,15.137,0.960940,-0.261026,0.091978,0.262397,0.964956,-0.002921,-0.087992,0.026942,0.995757,0,0.89002,-0.33455,53.401,-0.669,-1,400.000,-1,400.000,-1,325.000,325.000,300.000,250.000,875.000,-1,-1,775.000,750.000,725.000,-1,-1,2,0,2,0,2,0,0,0,1,1,2,2,1,0,0,2,2
17,-8198.862,-4042.721,-369.536,14.708,0.962908,-0.253796,0.091626,0.255146,0.966898,-0.003133,-0.087797,0.026395,0.995789,0,0.91965,-0.21455,55.179,-0.429,-1,400.000,-1,400.000,-1,325.000,325.000,300.000,250.000,850.000,-1,-1,800.000,750.000,725.000,-1,-1,2,0,2,0,2,0,0,0,1,1,2,2,1,0,0,2,2
18,-8145.571,-4028.921,-374.485,14.518,0.963772,-0.250605,0.091325,0.251948,0.967735,-0.003297,-0.087552,0.026187,0.995816,0,0.91748,-0.09455,55.049,-0.189,-1,400.000,-1,400.000,-1,325.000,325.000,300.000,250.000,875.000,-1,-1,825.000,750.000,725.000,-1,-1,2,0,2,0,2,0,0,0,1,1,2,2,1,0,0,2,2
19,-8092.455,-4015.116,-379.418,14.569,0.963572,-0.251464,0.091081,0.252815,0.967509,-0.003425,-0.087260,0.026327,0.995838,0,0.91467,0.02545,54.880,0.051,-1,400.000,-1,375.000,-1,325.000,325.000,300.000,225.000,875.000,-1,-1,850.000,750.000,725.000,-1,1000.000,2,0,2,0,2,0,0,0,1,1,2,2,1,0,0,2,1
20,-8039.613,-4001.094,-384.329,14.860,0.962295,-0.256369,0.090897,0.257744,0.966207,-0.003527,-0.086922,0.026822,0.995854,0,0.91118,0.14545,54.671,0.291,-1,400.000,-1,375.000,1000.000,325.000,325.000,275.000,225.000,900.000,-1,-1,875.000,750.000,725.000,-1,950.000,2,0,2,0,1,0,0,0,1,1,2,2,1,0,0,2,1
21,-7987.088,-3986.856,-389.219,15.167,0.960917,-0.261530,0.090778,0.262930,0.964808,-0.003611,-0.086639,0.027338,0.995865,0,0.90701,0.15322,54.421,0.306,-1,400.000,-1,375.000,925.000,325.000,325.000,275.000,225.000,925.000,-1,-1,900.000,750.000,700.000,-1,900.000,2,0,2,0,1,0,0,0,1,1,2,2,1,0,0,2,1
22,-7934.898,-3972.411,-393.952,15.471,0.959491,-0.266653,0.090963,0.268035,0.963404,-0.003108,-0.086805,0.027364,0.995849,0,0.90253,0.15224,54.152,0.304,-1,400.000,-1,375.000,875.000,325.000,325.000,275.000,225.000,950.000,-1,-1,925.000,750.000,700.000,-1,850.000,2,0,2,0,1,0,0,0,1,1,2,2,1,0,0,2,1
23,-7883.058,-3957.767,-398.449,15.774,0.958074,-0.271750,0.090804,0.273043,0.962000,-0.001887,-0.086840,0.026601,0.995867,0,0.89782,0.15152,53.869,0.303,-1,400.000,-1,375.000,825.000,325.000,325.000,275.000,225.000,975.000,-1,-1,950.000,750.000,700.000,-1,800.000,2,0,2,0,1,0,0,0,1,1,2,2,1,0,1,2,1
24,-7831.576,-3942.930,-402.963,16.076,0.956699,-0.276819,0.089988,0.278107,0.960548,-0.001860,-0.085923,0.026806,0.995941,0,0.89296,0.15109,53.578,0.302,-1,400.000,975.000,375.000,775.000,325.000,325.000,275.000,225.000,-1,-1,-1,1000.000,750.000,650.000,-1,750.000,2,0,1,0,1,0,0,0,1,2,2,2,1,0,1,2,1
25,-7780.456,-3927.906,-407.382,16.378,0.955290,-0.281877,0.089253,0.283128,0.959081,-0.001424,-0.085199,0.026630,0.996008,0,0.88804,0.15094,53.282,0.302,-1,400.000,925.000,375.000,725.000,325.000,325.000,275.000,225.000,-1,-1,-1,-1,750.000,625.000,-1,700.000,2,0,1,0,1,0,0,0,1,2,2,2,2,0,1,2,1
26,-7729.698,-3912.697,-411.633,16.680,0.953863,-0.286930,0.088409,0.288159,0.957582,-0.001193,-0.084317,0.026614,0.996084,0,0.88313,0.15105,52.988,0.302,-1,400.000,900.000,375.000,675.000,325.000,325.000,275.000,225.000,-1,-1,-1,-1,725.000,600.000,-1,650.000,2,0,1,0,1,0,0,0,1,2,2,2,2,1,1,2,1
27,-7679.297,-3897.304,-415.882,16.983,0.952403,-0.291988,0.087591,0.293199,0.956051,-0.001004,-0.083449,0.026638,0.996156,0,0.87832,0.15144,52.699,0.303,-1,400.000,850.000,375.000,625.000,325.000,325.000,275.000,250.000,-1,-1,-1,-1,700.000,550.000,-1,600.000,2,0,1,0,1,0,0,0,1,2,2,2,2,1,1,2,1
28,-7629.244,-3881.726,-420.132,17.287,0.950905,-0.297059,0.086806,0.298254,0.954486,-0.000838,-0.082606,0.026687,0.996225,0,0.87369,0.15209,52.422,0.304,-1,400.000,800.000,400.000,575.000,325.000,325.000,275.000,250.000,-1,-1,-1,-1,675.000,525.000,-1,550.000,2,0,1,0,1,0,0,0,1,2,2,2,2,1,1,2,1
29,-7579.526,-3865.961,-424.385,17.593,0.949368,-0.302151,0.086052,0.303333,0.952884,-0.000696,-0.081787,0.026763,0.996290,0,0.86930,0.15299,52.158,0.306,-1,400.000,750.000,400.000,525.000,325.000,325.000,275.000,275.000,-1,-1,-1,-1,625.000,500.000,-1,500.000,2,0,1,1,1,0,0,0,1,2,2,2,2,1,1,2,1
30,-7530.127,-3850.004,-428.642,17.902,0.947788,-0.307272,0.085331,0.308444,0.951242,-0.000577,-0.080994,0.026867,0.996352,0,0.86520,0.15413,51.912,0.308,-1,400.000,700.000,375.000,475.000,325.000,325.000,275.000,275.000,-1,-1,-1,-1,600.000,450.000,-1,450.000,2,0,1,1,1,0,0,0,1,2,2,2,2,1,1,2,1
31,-7481.031,-3833.849,-432.905,18.213,0.946162,-0.312430,0.084643,0.313594,0.949557,-0.000480,-0.080224,0.026998,0.996411,0,0.86143,0.15550,51.686,0.311,-1,400.000,675.000,350.000,425.000,325.000,325.000,275.000,275.000,-1,-1,-1,-1,575.000,425.000,-1,400.000,2,0,1,1,1,0,1,0,1,2,2,2,2,1,1,2,1
32,-7432.216,-3817.491,-437.177,18.527,0.944488,-0.317631,0.083988,0.318789,0.947826,-0.000407,-0.079477,0.027159,0.996467,0,0.85804,0.15708,51.482,0.314,-1,400.000,625.000,300.000,375.000,325.000,300.000,275.000,275.000,-1,-1,-1,-1,550.000,375.000,-1,350.000,2,1,1,1,1,1,1,0,1,2,2,2,2,1,1,2,1
33,-7383.664,-3800.920,-441.459,18.845,0.942761,-0.322880,0.083367,0.324036,0.946045,-0.000355,-0.078754,0.027349,0.996519,0,0.85504,0.15888,51.302,0.318,-1,350.000,575.000,275.000,325.000,300.000,275.000,275.000,300.000,-1,-1,-1,625.000,500.000,350.000,-1,300.000,2,1,1,1,1,1,1,0,1,2,2,2,1,1,1,2,1
34,-7335.353,-3784.128,-445.753,19.166,0.940979,-0.328185,0.082779,0.329341,0.944211,-0.000327,-0.078054,0.027570,0.996568,0,0.85244,0.16086,51.146,0.322,-1,325.000,525.000,250.000,275.000,275.000,250.000,275.000,300.000,-1,-1,-1,575.000,475.000,325.000,-1,250.000,2,1,1,1,1,1,1,0,1,2,2,2,1,1,1,2,1
35,-7282.665,-3765.315,-450.328,19.650,0.938194,-0.336154,0.082415,0.337279,0.941405,0.000296,-0.077685,0.027519,0.996598,0,0.93244,0.24213,55.946,0.484,-1,300.000,475.000,225.000,200.000,250.000,225.000,275.000,300.000,-1,-1,-1,550.000,450.000,275.000,-1,200.000,2,1,1,1,1,1,1,0,0,2,2,2,1,1,1,2,1
36,-7228.133,-3745.326,-449.770,20.130,0.936927,-0.344146,0.061085,0.343952,0.938883,0.013997,-0.062169,0.007896,0.998034,0,0.96805,0.23993,58.083,0.480,-1,300.000,500.000,225.000,200.000,250.000,200.000,275.000,325.000,-1,400.000,575.000,575.000,450.000,275.000,-1,200.000,2,1,1,1,1,1,1,0,0,2,0,0,1,1,1,2,1
37,-7173.563,-3724.805,-448.360,20.605,0.935329,-0.351889,0.036515,0.350978,0.935931,0.029132,-0.044427,-0.014432,0.998908,0,0.97173,0.23739,58.304,0.475,-1,300.000,550.000,200.000,200.000,225.000,200.000,250.000,400.000,775.000,225.000,375.000,600.000,475.000,250.000,-1,200.000,2,1,1,1,1,1,1,0,1,0,0,0,1,1,1,2,1
38,-7118.964,-3703.756,-446.859,21.074,0.933137,-0.359332,0.011619,0.358534,0.932483,0.043913,-0.026614,-0.036811,0.998968,0,0.97529,0.23452,58.518,0.469,-1,300.000,-1,200.000,200.000,225.000,200.000,250.000,425.000,550.000,150.000,300.000,650.000,550.000,250.000,-1,175.000,2,1,2,1,1,1,1,0,1,0,0,0,1,1,1,2,1
39,-7064.344,-3682.193,-443.594,21.537,0.930240,-0.366594,-0.016227,0.366939,0.928909,0.049842,-0.003198,-0.052319,0.998625,0,0.97872,0.23126,58.723,0.463,-1,325.000,-1,200.000,175.000,250.000,200.000,250.000,425.000,450.000,100.000,225.000,700.000,925.000,250.000,-1,175.000,2,1,2,1,1,1,1,0,1,0,0,0,1,0,1,2,1
40,983.893,8199.161,86.357,127.106,-0.603194,-0.797108,0.027853,0.792688,-0.602985,-0.089748,0.088333,-0.032057,0.995575,1,0.00000,0.00000,58.917,0.455,-1,350.000,-1,300.000,-1,275.000,250.000,300.000,525.000,550.000,75.000,200.000,-1,-1,675.000,-1,-1,2,1,2,1,2,1,1,0,1,0,0,0,2,2,1,2,2
41,8199.138,983.922,91.492,51.208,0.627422,-0.778479,-0.017671,0.773571,0.625740,-0.100192,0.089055,0.049193,0.994811,1,0.00000,0.00000,4.800,-0.240,-1,425.000,-1,425.000,-1,325.000,350.000,300.000,300.000,-1,-1,-1,-1,-1,925.000,-1,-1,2,0,2,0,2,0,0,0,0,2,2,2,2,2,0,2,2
42,8196.145,980.170,91.045,51.422,0.624490,-0.780828,-0.017870,0.775895,0.622840,-0.100283,0.089434,0.048760,0.994798,0,-0.08000,0.10703,-4.800,0.214,-1,425.000,-1,425.000,-1,325.000,350.000,300.000,300.000,-1,-1,-1,-1,-1,925.000,-1,-1,2,0,2,0,2,0,0,0,0,2,2,2,2,2,0,2,2
43,8190.187,972.643,90.157,51.635,0.621551,-0.783160,-0.018268,0.778183,0.619945,-0.100498,0.090031,0.048249,0.994770,0,-0.16000,0.10663,-9.600,0.213,-1,425.000,-1,425.000,-1,325.000,350.000,300.000,300.000,-1,-1,-1,-1,-1,925.000,-1,-1,2,0,2,0,2,0,0,0,0,2,2,2,2,2,0,2,2
44,8181.292,961.319,88.823,51.847,0.618616,-0.785467,-0.018860,0.780424,0.617065,-0.100840,0.090844,0.047662,0.994724,0,-0.24000,0.10583,-14.400,0.212,-1,425.000,-1,425.000,-1,325.000,350.000,300.000,300.000,-1,-1,-1,-1,-1,925.000,-1,-1,2,0,2,0,2,0,0,0,0,2,2,2,2,2,0,2,2
45,8171.541,948.812,87.350,52.056,0.615701,-0.787738,-0.019506,0.782624,0.614210,-0.101221,0.091717,0.047056,0.994673,0,-0.26431,0.10463,-15.859,0.209,-1,425.000,-1,425.000,-1,325.000,350.000,300.000,300.000,-1,-1,-1,-1,-1,925.000,-1,-1,2,0,2,0,2,0,0,0,0,2,2,2,2,2,0,2,2
46,8161.798,936.223,85.867,52.263,0.612814,-0.789970,-0.020150,0.784785,0.611383,-0.101608,0.092586,0.046453,0.994620,0,-0.26533,0.10330,-15.920,0.207,-1,425.000,-1,425.000,-1,325.000,350.000,300.000,300.000,-1,-1,-1,-1,-1,925.000,-1,-1,2,0,2,0,2,0,0,0,0,2,2,2,2,2,0,2,2
47,8152.062,923.550,84.373,52.467,0.609955,-0.792163,-0.020789,0.786907,0.608584,-0.101998,0.093451,0.045855,0.994567,0,-0.26635,0.10197,-15.981,0.204,-1,425.000,-1,425.000,-1,325.000,350.000,300.000,300.000,-1,-1,-1,-1,-1,925.000,-1,-1,2,0,2,0,2,0,0,0,0,2,2,2,2,2,0,2,2
48,8142.334,910.794,82.868,52.668,0.607124,-0.794318,-0.021425,0.788990,0.605814,-0.102392,0.094312,0.045260,0.994513,0,-0.26737,0.10063,-16.042,0.201,-1,425.000,-1,425.000,-1,325.000,350.000,300.000,300.000,-1,-1,-1,-1,-1,925.000,-1,-1,2,0,2,0,2,0,0,0,0,2,2,2,2,2,0,2,2
49,8132.612,897.955,81.352,52.866,0.604323,-0.796434,-0.022058,0.791035,0.603073,-0.102791,0.095169,0.044670,0.994458,0,-0.26840,0.09929,-16.104,0.199,-1,425.000,-1,425.000,-1,325.000,350.000,300.000,300.000,-1,-1,1000.000,-1,-1,925.000,-1,-1,2,0,2,0,2,0,0,0,0,2,2,0,2,2,0,2,2
50,8122.898,885.033,79.826,53.062,0.601551,-0.798512,-0.022687,0.793042,0.600363,-0.103193,0.096022,0.044084,0.994403,0,-0.26944,0.09794,-16.166,0.196,-1,425.000,-1,425.000,-1,325.000,350.000,300.000,300.000,-1,-1,950.000,-1,-1,925.000,-1,-1,2,0,2,0,2,0,0,0,0,2,2,0,2,2,0,2,2
51,8113.189,872.029,78.289,53.255,0.598810,-0.800552,-0.023313,0.795011,0.597682,-0.103600,0.096870,0.043502,0.994346,0,-0.27048,0.09659,-16.229,0.193,-1,425.000,-1,425.000,-1,325.000,350.000,300.000,300.000,-1,-1,900.000,-1,-1,925.000,-1,-1,2,0,2,0,2,0,0,0,0,2,2,0,2,2,0,2,2
52,8103.487,858.943,76.687,53.446,0.596119,-0.802547,-0.023678,0.796948,0.595028,-0.104001,0.097554,0.043127,0.994295,0,-0.27152,0.09523,-16.291,0.190,-1,425.000,-1,425.000,-1,325.000,350.000,300.000,300.000,-1,1000.000,850.000,-1,-1,925.000,-1,-1,2,0,2,0,2,0,0,0,0,2,0,0,2,2,0,2,2
53,8093.790,845.774,75.062,53.634,0.593463,-0.804504,-0.023984,0.798848,0.592403,-0.104402,0.098200,0.042799,0.994246,0,-0.27257,0.09386,-16.354,0.188,-1,425.000,-1,425.000,-1,325.000,325.000,300.000,300.000,-1,950.000,800.000,-1,-1,925.000,-1,-1,2,0,2,0,2,0,0,0,0,2,0,0,2,2,0,2,2
54,8084.098,832.522,73.426,53.819,0.590840,-0.806423,-0.024284,0.800712,0.589811,-0.104805,0.098840,0.042478,0.994196,0,-0.27362,0.09249,-16.417,0.185,-1,400.000,-1,425.000,-1,325.000,325.000,300.000,300.000,-1,900.000,750.000,-1,-1,925.000,-1,-1,2,0,2,0,2,0,0,0,0,2,0,0,2,2,0,2,2
55,8074.412,819.189,71.779,54.001,0.588249,-0.808306,-0.024578,0.802538,0.587251,-0.105208,0.099474,0.042164,0.994146,0,-0.27467,0.09112,-16.480,0.182,-1,400.000,-1,425.000,-1,325.000,325.000,300.000,300.000,-1,875.000,725.000,-1,-1,925.000,-1,-1,2,0,2,0,2,0,0,0,0,2,0,0,2,2,0,2,2
56,8067.537,809.747,70.608,53.943,0.589061,-0.807709,-0.024760,0.801905,0.588062,-0.105502,0.099775,0.042292,0.994111,0,-0.19467,-0.02888,-11.680,-0.058,-1,400.000,-1,425.000,-1,325.000,325.000,300.000,300.000,-1,850.000,700.000,-1,-1,925.000,-1,-1,2,0,2,0,2,0,0,0,0,2,0,0,2,2,0,2,2
57,8063.458,804.206,69.917,53.645,0.593267,-0.804623,-0.024837,0.798802,0.592238,-0.105686,0.099747,0.042860,0.994089,0,-0.11467,-0.14888,-6.880,-0.298,-1,400.000,-1,425.000,-1,325.000,325.000,300.000,300.000,-1,825.000,700.000,-1,-1,925.000,-1,-1,2,0,2,0,2,0,0,0,0,2,0,0,2,2,0,2,2
58,8062.209,802.542,69.706,53.108,0.600827,-0.798994,-0.024811,0.793177,0.599737,-0.105762,0.099383,0.043865,0.994082,0,-0.03467,-0.26888,-2.080,-0.538,-1,400.000,-1,425.000,-1,325.000,325.000,300.000,300.000,-1,850.000,700.000,-1,-1,925.000,-1,-1,2,0,2,0,2,0,0,0,0,2,0,0,2,2,0,2,2
59,8063.870,804.696,69.970,52.330,0.611669,-0.790729,-0.024679,0.784936,0.610488,-0.105735,0.098674,0.045303,0.994088,0,0.04533,-0.38888,2.720,-0.778,-1,400.000,-1,425.000,-1,325.000,325.000,300.000,300.000,-1,875.000,725.000,-1,-1,925.000,-1,-1,2,0,2,0,2,0,0,0,0,2,0,0,2,2,0,2,2
60,8068.569,810.566,70.703,51.312,0.625685,-0.779693,-0.024437,0.773946,0.624383,-0.105610,0.097601,0.047165,0.994107,0,0.12533,-0.50888,7.520,-1.018,-1,425.000,-1,425.000,-1,325.000,325.000,300.000,300.000,-1,925.000,750.000,-1,-1,925.000,-1,-1,2,0,2,0,2,0,0,0,0,2,0,0,2,2,0,2,2
61,8076.478,820.012,71.894,50.054,0.642729,-0.765715,-0.024077,0.760037,0.641277,-0.105396,0.096144,0.049442,0.994139,0,0.20533,-0.62888,12.320,-1.258,-1,425.000,-1,425.000,-1,325.000,325.000,300.000,300.000,-1,975.000,825.000,-1,-1,925.000,-1,-1,2,0,2,0,2,0,0,0,0,2,0,0,2,2,0,2,2
62,8087.808,832.846,73.526,48.556,0.662614,-0.748590,-0.023588,0.743004,0.660982,-0.105107,0.094273,0.052119,0.994181,0,0.28533,-0.74888,17.120,-1.498,-1,425.000,-1,425.000,-1,325.000,325.000,300.000,300.000,-1,-1,900.000,-1,-1,925.000,-1,-1,2,0,2,0,2,0,0,0,0,2,2,0,2,2,0,2,2
63,8102.807,848.832,75.581,46.819,0.685106,-0.728081,-0.022959,0.722615,0.683266,-0.104758,0.091959,0.055180,0.994233,0,0.36533,-0.86888,21.920,-1.738,-1,425.000,-1,425.000,-1,325.000,325.000,300.000,300.000,-1,-1,1000.000,-1,-1,925.000,-1,-1,2,0,2,0,2,0,0,0,0,2,2,0,2,2,0,2,2
64,8121.751,867.675,78.032,44.841,0.709924,-0.703929,-0.022177,0.698611,0.707848,-0.104370,0.089168,0.058602,0.994291,0,0.44533,-0.98888,26.720,-1.978,-1,425.000,-1,425.000,-1,350.000,325.000,300.000,300.000,-1,-1,-1,-1,-1,925.000,-1,-1,2,0,2,0,2,0,0,0,0,2,2,2,2,2,0,2,2
65,8144.861,889.109,80.851,42.841,0.734147,-0.678658,-0.021257,0.673511,0.731834,-0.103930,0.086089,0.061983,0.994357,0,0.52533,-1.00000,31.520,-2.000,-1,425.000,-1,425.000,-1,350.000,350.000,300.000,300.000,-1,-1,-1,-1,-1,900.000,-1,-1,2,0,2,0,2,0,0,0,0,2,2,2,2,2,0,2,2
66,8172.338,912.862,83.796,40.841,0.757430,-0.652603,-0.020233,0.647739,0.754957,-0.102347,0.082067,0.064415,0.994543,0,0.60533,-1.00000,36.320,-2.000,-1,425.000,-1,425.000,-1,350.000,325.000,300.000,300.000,-1,-1,-1,-1,-1,900.000,-1,-1,2,0,2,0,2,0,0,0,0,2,2,2,2,2,0,2,2
67,8204.365,938.652,87.024,38.841,0.779780,-0.625765,-0.018973,0.621212,0.777157,-0.100610,0.077703,0.066667,0.994745,0,0.68533,-1.00000,41.120,-2.000,-1,425.000,-1,425.000,-1,350.000,325.000,300.000,300.000,-1,-1,-1,-1,-1,875.000,-1,-1,2,0,2,0,2,0,0,0,0,2,2,2,2,2,0,2,2
68,8241.114,966.187,90.473,36.841,0.801166,-0.598183,-0.017604,0.593961,0.798417,-0.098692,0.073091,0.068613,0.994962,0,0.76533,-1.00000,45.920,-2.000,-1,425.000,-1,400.000,-1,325.000,325.000,300.000,300.000,-1,-1,-1,-1,-1,875.000,-1,-1,2,0,2,0,2,0,0,0,0,2,2,2,2,2,0,2,2
69,8280.779,993.797,93.792,34.841,0.821534,-0.569910,-0.016859,0.565994,0.818744,-0.096487,0.068792,0.069725,0.995191,0,0.80546,-1.00000,48.327,-2.000,-1,425.000,-1,400.000,-1,325.000,325.000,300.000,300.000,-1,-1,-1,-1,-1,875.000,-1,-1,2,0,2,0,2,0,0,0,0,2,2,2,2,2,0,2,2
70,8321.507,1020.086,96.940,32.841,0.840909,-0.540946,-0.015782,0.537347,0.838067,-0.094347,0.064263,0.070857,0.995414,0,0.80792,-1.00000,48.475,-2.000,-1,425.000,-1,400.000,-1,325.000,325.000,300.000,300.000,-1,-1,-1,-1,-1,850.000,-1,-1,2,0,2,0,2,0,0,0,0,2,2,2,2,2,0,2,2
71,8363.250,1045.010,99.871,30.841,0.859268,-0.511320,-0.014473,0.508028,0.856355,-0.092538,0.059711,0.072162,0.995604,0,0.81028,-1.00000,48.617,-2.000,-1,425.000,-1,400.000,-1,325.000,325.000,300.000,300.000,-1,-1,-1,-1,-1,850.000,-1,-1,2,0,2,0,2,0,0,0,0,2,2,2,2,2,0,2,2
72,8405.956,1068.528,102.609,28.841,0.876582,-0.481073,-0.013108,0.478070,0.873590,-0.091052,0.055253,0.073548,0.995760,0,0.81255,-1.00000,48.753,-2.000,-1,425.000,-1,400.000,-1,325.000,325.000,300.000,300.000,-1,-1,-1,-1,-1,850.000,-1,-1,2,0,2,0,2,0,0,0,0,2,2,2,2,2,0,2,2
73,8449.493,1090.560,105.194,26.841,0.892827,-0.450249,-0.011678,0.447530,0.889761,-0.089677,0.050768,0.074840,0.995902,0,0.81322,-1.00000,48.793,-2.000,-1,425.000,-1,400.000,-1,325.000,325.000,300.000,300.000,-1,-1,-1,-1,-1,825.000,-1,-1,2,0,2,0,2,0,0,0,0,2,2,2,2,2,0,2,2
74,8493.772,1111.059,107.571,24.841,0.907988,-0.418878,-0.009968,0.416452,0.904836,-0.088538,0.046106,0.076240,0.996023,0,0.81322,-1.00000,48.793,-2.000,-1,425.000,-1,400.000,-1,325.000,325.000,300.000,300.000,-1,-1,-1,-1,1000.000,825.000,-1,-1,2,0,2,0,2,0,0,0,0,2,2,2,2,0,0,2,2
75,8538.740,1130.000,109.784,22.841,0.922041,-0.387004,-0.008197,0.384869,0.918808,-0.087562,0.041418,0.077581,0.996125,0,0.81322,-1.00000,48.793,-2.000,-1,425.000,-1,400.000,-1,325.000,325.000,300.000,300.000,-1,-1,-1,-1,1000.000,800.000,-1,-1,2,0,2,0,2,0,0,0,0,2,2,2,2,0,0,2,2
76,8584.342,1147.360,111.843,20.841,0.934970,-0.354668,-0.006413,0.352818,0.931663,-0.086739,0.036739,0.078835,0.996210,0,0.81322,-1.00000,48.793,-2.000,-1,425.000,-1,400.000,-1,325.000,325.000,300.000,300.000,-1,-1,-1,-1,975.000,800.000,-1,-1,2,0,2,0,2,0,0,0,0,2,2,2,2,0,0,2,2
77,8630.522,1163.118,113.532,18.841,0.946747,-0.321929,-0.005574,0.320305,0.943450,-0.085476,0.032776,0.079139,0.996325,0,0.81322,-1.00000,48.793,-2.000,-1,425.000,-1,400.000,-1,325.000,325.000,325.000,300.000,-1,-1,-1,-1,950.000,775.000,-1,-1,2,0,2,0,2,0,0,0,0,2,2,2,2,0,0,2,2
78,8677.224,1177.253,114.917,16.841,0.957372,-0.288816,-0.004804,0.287421,0.954140,-0.083696,0.028757,0.078747,0.996480,0,0.81322,-1.00000,48.793,-2.000,-1,425.000,-1,400.000,-1,325.000,325.000,325.000,300.000,-1,-1,-1,-1,925.000,775.000,-1,-1,2,0,2,0,2,0,0,0,0,2,2,2,2,0,0,2,2
79,8724.391,1189.750,116.134,14.841,0.966840,-0.255352,-0.004010,0.254178,0.963680,-0.081942,0.024789,0.078205,0.996629,0,0.81322,-1.00000,48.793,-2.000,-1,425.000,-1,400.000,-1,325.000,325.000,325.000,300.000,-1,-1,-1,-1,925.000,775.000,-1,-1,2,0,2,0,2,0,0,0,0,2,2,2,2,0,0,2,2
80,8771.966,1200.593,117.192,12.841,0.975138,-0.221576,-0.003211,0.220611,0.972055,-0.080252,0.020903,0.077548,0.996769,0,0.81322,-1.00000,48.793,-2.000,-1,400.000,-1,400.000,-1,325.000,325.000,325.000,300.000,-1,-1,-1,-1,900.000,750.000,-1,-1,2,0,2,0,2,0,0,0,0,2,2,2,2,0,0,2,2
81,8819.889,1209.769,118.096,10.841,0.982256,-0.187528,-0.002415,0.186762,0.979254,-0.078629,0.017110,0.076783,0.996901,0,0.81322,-1.00000,48.793,-2.000,-1,400.000,-1,400.000,-1,325.000,325.000,325.000,300.000,-1,-1,-1,-1,875.000,750.000,-1,-1,2,0,2,0,2,0,0,0,0,2,2,2,2,0,0,2,2
82,8868.145,1217.273,118.849,8.841,0.988186,-0.153249,-0.001627,0.152669,0.985267,-0.077076,0.013415,0.075917,0.997024,0,0.81390,-1.00000,48.834,-2.000,-1,400.000,-1,400.000,-1,325.000,325.000,325.000,325.000,-1,-1,-1,-1,850.000,750.000,-1,-1,2,0,2,0,2,0,0,0,0,2,2,2,2,0,0,2,2
83,8916.781,1223.106,119.457,6.841,0.992920,-0.118779,-0.000856,0.118375,0.990088,-0.075592,0.009826,0.074956,0.997138,0,0.81639,-1.00000,48.983,-2.000,-1,400.000,-1,400.000,-1,325.000,325.000,325.000,325.000,-1,-1,-1,-1,850.000,725.000,-1,-1,2,0,2,0,2,0,0,0,0,2,2,2,2,0,0,2,2
84,8965.746,1227.251,119.923,4.841,0.996452,-0.084159,-0.000108,0.083919,0.993708,-0.074180,0.006350,0.073907,0.997245,0,0.81899,-1.00000,49.139,-2.000,-1,400.000,-1,375.000,-1,325.000,325.000,325.000,325.000,-1,-1,-1,-1,825.000,725.000,-1,-1,2,0,2,0,2,0,0,0,0,2,2,2,2,0,0,2,2
85,9014.989,1229.693,120.252,2.841,0.998777,-0.049432,0.000608,0.049345,0.996122,-0.072840,0.002995,0.072781,0.997343,0,0.82170,-1.00000,49.302,-2.000,-1,400.000,-1,375.000,-1,325.000,325.000,325.000,325.000,-1,-1,-1,-1,825.000,725.000,-1,-1,2,0,2,0,2,0,0,0,0,2,2,2,2,0,0,2,2
86,9064.457,1230.418,120.447,0.841,0.999892,-0.014639,0.001285,0.014694,0.997327,-0.071573,-0.000234,0.071584,0.997435,0,0.82453,-1.00000,49.472,-2.000,-1,400.000,-1,375.000,-1,325.000,325.000,325.000,325.000,-1,-1,-1,-1,800.000,725.000,-1,-1,2,0,2,0,2,0,0,0,0,2,2,2,2,0,0,2,2
87,9114.096,1229.412,120.448,-1.159,0.999795,0.020177,0.001875,-0.019995,0.997303,-0.070616,-0.003295,0.070564,0.997502,0,0.82747,-1.00000,49.648,-2.000,-1,400.000,-1,375.000,-1,325.000,325.000,325.000,325.000,-1,-1,-1,-1,800.000,725.000,-1,975.000,2,0,2,0,2,0,0,0,0,2,2,2,2,0,0,2,1
88,9167.277,1226.699,120.280,-2.919,0.998706,0.050802,0.002440,-0.050508,0.996286,-0.069734,-0.005973,0.069520,0.997563,0,0.88748,-0.88000,53.249,-1.760,-1,400.000,-1,375.000,1000.000,325.000,325.000,325.000,325.000,-1,-1,-1,-1,800.000,700.000,-1,925.000,2,0,2,0,1,0,0,0,0,2,2,2,2,0,0,2,1
89,9220.564,1222.561,119.937,-4.439,0.997011,0.077218,0.002410,-0.076871,0.994672,-0.068687,-0.007701,0.068296,0.997635,0,0.89078,-0.76000,53.447,-1.520,-1,400.000,-1,375.000,950.000,325.000,325.000,325.000,325.000,-1,-1,-1,-1,775.000,700.000,-1,900.000,2,0,2,0,1,0,0,0,0,2,2,2,2,0,0,2,1
90,9273.944,1217.214,119.527,-5.719,0.995043,0.099426,0.002149,-0.099054,0.992782,-0.067613,-0.008856,0.067065,0.997709,0,0.89411,-0.64000,53.647,-1.280,-1,400.000,-1,375.000,900.000,325.000,325.000,325.000,325.000,-1,-1,-1,-1,775.000,675.000,-1,850.000,2,0,2,0,1,0,0,0,0,2,2,2,2,0,1,2,1
91,9327.418,1210.875,119.067,-6.759,0.993078,0.117439,0.001846,-0.117057,0.990896,-0.066506,-0.009640,0.065829,0.997784,0,0.89746,-0.52000,53.848,-1.040,-1,400.000,-1,375.000,875.000,325.000,300.000,325.000,325.000,-1,-1,-1,-1,775.000,650.000,-1,800.000,2,0,2,0,1,0,0,0,0,2,2,2,2,0,1,2,1
92,9380.997,1203.764,118.577,-7.559,0.991345,0.131273,0.001509,-0.130895,0.989239,-0.065364,-0.010073,0.064601,0.997860,0,0.90080,-0.40000,54.048,-0.800,-1,400.000,-1,375.000,825.000,325.000,300.000,325.000,325.000,-1,-1,-1,-1,775.000,625.000,-1,750.000,2,0,2,0,1,0,0,0,0,2,2,2,2,0,1,2,1
93,9434.699,1196.102,118.072,-8.119,0.990017,0.140946,0.001142,-0.140583,0.987986,-0.064186,-0.010175,0.063385,0.997937,0,0.90410,-0.28000,54.246,-0.560,-1,400.000,-1,375.000,750.000,325.000,300.000,325.000,325.000,-1,-1,-1,-1,775.000,600.000,-1,700.000,2,0,2,0,1,0,0,0,0,2,2,2,2,0,1,2,1
94,9488.550,1188.111,117.570,-8.439,0.989214,0.146473,0.000752,-0.146136,0.987258,-0.062971,-0.009966,0.062182,0.998015,0,0.90733,-0.16000,54.440,-0.320,-1,400.000,-1,375.000,700.000,325.000,300.000,325.000,325.000,-1,-1,-1,-1,775.000,575.000,-1,650.000,2,0,2,0,1,0,0,0,0,2,2,2,2,0,1,2,1
95,9542.575,1180.018,117.087,-8.519,0.989008,0.147862,0.000345,-0.147559,0.987126,-0.061718,-0.009466,0.060989,0.998094,0,0.91047,-0.04000,54.628,-0.080,-1,400.000,-1,375.000,650.000,325.000,300.000,325.000,325.000,-1,-1,-1,-1,775.000,550.000,-1,600.000,2,0,2,0,1,0,0,0,0,2,2,2,2,0,1,2,1
96,9596.801,1172.050,116.599,-8.359,0.989415,0.145115,-0.000201,-0.144860,0.987598,-0.060546,-0.008588,0.059934,0.998165,0,0.91347,0.08000,54.808,0.160,-1,400.000,-1,375.000,575.000,325.000,300.000,325.000,325.000,-1,-1,-1,-1,775.000,525.000,-1,550.000,2,0,2,1,1,0,0,0,0,2,2,2,2,0,1,2,1
97,9653.123,1164.174,116.131,-7.959,0.990401,0.138225,-0.000803,-0.138029,0.988650,-0.059330,-0.007407,0.058871,0.998238,0,0.94784,0.20000,56.870,0.400,-1,400.000,-1,350.000,525.000,325.000,325.000,325.000,325.000,-1,-1,-1,-1,800.000,500.000,-1,500.000,2,0,2,1,1,0,0,0,0,2,2,2,2,0,1,2,1
98,9709.688,1156.909,115.722,-7.319,0.991878,0.127181,-0.001409,-0.127048,0.990194,-0.058090,-0.005992,0.057797,0.998310,0,0.95050,0.32000,57.030,0.640,-1,400.000,-1,350.000,450.000,325.000,325.000,325.000,325.000,-1,-1,-1,-1,800.000,475.000,-1,450.000,2,0,2,1,1,0,0,0,0,2,2,2,2,0,1,2,1
99,9766.472,1150.273,115.375,-6.665,0.993262,0.115870,-0.001994,-0.115796,0.991646,-0.056825,-0.004607,0.056673,0.998382,0,0.95285,0.32723,57.171,0.654,-1,400.000,-1,325.000,400.000,325.000,325.000,325.000,325.000,-1,-1,-1,-1,800.000,475.000,-1,400.000,2,0,2,1,1,0,0,0,0,2,2,2,2,0,1,2,1
100,9823.451,1144.266,115.096,-6.018,0.994503,0.104678,-0.002495,-0.104654,0.992955,-0.055573,-0.003340,0.055529,0.998451,0,0.95491,0.32334,57.295,0.647,-1,400.000,-1,325.000,350.000,325.000,325.000,325.000,325.000,-1,-1,-1,-1,825.000,450.000,-1,350.000,2,0,2,1,1,0,0,0,0,2,2,2,2,0,1,2,1
101,9880.599,1138.882,115.318,-5.380,0.995600,0.093625,-0.003830,-0.093697,0.994218,-0.052446,-0.001102,0.052574,0.998616,0,0.95668,0.31913,57.401,0.638,-1,400.000,-1,325.000,300.000,325.000,325.000,300.000,325.000,-1,-1,-1,-1,850.000,425.000,-1,300.000,2,0,2,1,1,0,0,0,0,2,2,2,2,0,1,2,1
102,9937.887,1134.117,117.048,-4.751,0.996532,0.082736,-0.008855,-0.083046,0.995592,-0.043591,0.005210,0.044175,0.999010,0,0.95810,0.31457,57.486,0.629,-1,425.000,-1,325.000,275.000,325.000,325.000,300.000,325.000,-1,650.000,-1,-1,900.000,450.000,-1,300.000,2,0,2,1,1,0,0,0,0,2,0,2,2,0,1,2,1
103,9995.285,1129.968,118.855,-4.131,0.997305,0.071996,-0.014085,-0.072447,0.996768,-0.034703,0.011541,0.035630,0.999298,0,0.95913,0.30964,57.548,0.619,-1,425.000,-1,325.000,250.000,350.000,350.000,300.000,350.000,-1,450.000,700.000,-1,950.000,450.000,-1,275.000,2,0,2,1,1,0,0,0,0,2,0,0,2,0,1,2,1
104,10052.759,1126.426,120.707,-3.523,0.997923,0.061419,-0.019440,-0.061913,0.997745,-0.025900,0.017806,0.027050,0.999475,0,0.95971,0.30433,57.583,0.609,-1,450.000,-1,350.000,225.000,350.000,375.000,300.000,375.000,-1,350.000,575.000,-1,1000.000,450.000,-1,250.000,2,0,2,1,1,0,0,0,0,2,0,0,2,0,1,2,1
105,10110.271,1123.485,122.572,-2.925,0.998388,0.051026,-0.024838,-0.051463,0.998525,-0.017292,0.023919,0.018542,0.999542,0,0.95979,0.29862,57.587,0.597,-1,450.000,-1,350.000,200.000,375.000,375.000,300.000,400.000,-1,275.000,500.000,-1,-1,450.000,-1,250.000,2,0,2,1,1,0,0,0,0,2,0,0,2,2,1,2,1
106,10167.782,1121.133,124.421,-2.340,0.998710,0.040833,-0.030192,-0.041121,0.999114,-0.008979,0.029798,0.010209,0.999504,0,0.95931,0.29250,57.559,0.585,-1,475.000,-1,350.000,175.000,375.000,400.000,275.000,375.000,-1,225.000,425.000,-1,-1,500.000,-1,225.000,2,0,2,1,1,0,0,0,1,2,0,0,2,2,1,2,1
107,10225.248,1119.357,126.223,-1.768,0.998896,0.030860,-0.035417,-0.030917,0.999521,-0.001059,0.035367,0.002153,0.999372,0,0.95821,0.28595,57.493,0.572,-1,500.000,-1,375.000,175.000,400.000,425.000,275.000,325.000,-1,175.000,400.000,-1,-1,550.000,-1,225.000,2,0,2,1,1,0,0,0,1,2,0,0,2,2,1,2,1
108,10282.622,1118.144,127.952,-1.210,0.998959,0.021125,-0.040429,-0.020884,0.999762,0.006383,0.040554,-0.005532,0.999162,0,0.95644,0.27898,57.386,0.558,-1,525.000,-1,400.000,150.000,425.000,425.000,275.000,275.000,975.000,150.000,350.000,-1,-1,575.000,-1,200.000,2,0,2,1,1,0,0,0,1,0,0,0,2,2,1,2,1
109,10339.855,1117.478,129.581,-0.667,0.998913,0.011645,-0.045144,-0.011056,0.999851,0.013270,0.045292,-0.012756,0.998892,0,0.95394,0.27160,57.236,0.543,-1,525.000,-1,425.000,150.000,425.000,450.000,275.000,225.000,825.000,125.000,325.000,-1,-1,625.000,-1,200.000,2,0,2,1,1,0,0,0,1,0,0,0,2,2,1,2,1
110,10396.896,1117.339,131.086,-0.140,0.998772,0.002436,-0.049483,-0.001471,0.999808,0.019533,0.049521,-0.019436,0.998584,0,0.95067,0.26384,57.040,0.528,-1,550.000,-1,450.000,125.000,450.000,475.000,275.000,200.000,725.000,125.000,325.000,-1,-1,700.000,-1,175.000,2,0,2,1,1,0,0,0,1,0,0,0,2,2,1,2,1
111,10453.692,1117.709,132.445,0.372,0.998554,-0.006488,-0.053371,0.007837,0.999654,0.025115,0.053190,-0.025497,0.998259,0,0.94662,0.25573,56.797,0.511,-1,550.000,-1,475.000,125.000,475.000,475.000,275.000,175.000,650.000,100.000,300.000,-1,-1,750.000,-1,325.000,2,0,2,1,1,0,0,0,1,0,0,0,2,2,1,2,1
112,10510.193,1118.565,133.778,0.867,0.998507,-0.015116,-0.052498,0.016754,0.999382,0.030906,0.051999,-0.031739,0.998143,0,0.94179,0.24733,56.507,0.495,-1,550.000,-1,475.000,125.000,475.000,500.000,275.000,150.000,650.000,125.000,350.000,-1,-1,-1,-1,550.000,2,0,2,1,1,0,0,0,1,0,0,0,2,2,2,2,1
113,-983.898,-1639.831,-292.723,-68.878,0.360360,0.932812,-0.001632,-0.932761,0.360358,0.009894,0.009817,-0.002043,0.999950,1,0.00000,0.00000,56.172,0.477,600.000,325.000,-1,375.000,-1,275.000,300.000,300.000,400.000,575.000,175.000,75.000,425.000,500.000,625.000,525.000,-1,0,0,2,0,2,0,0,0,0,1,1,1,1,0,0,0,2
114,-985.647,-1635.360,-292.705,-68.638,0.364275,0.931291,-0.000301,-0.931249,0.364261,0.009416,0.008879,-0.003149,0.999956,0,-0.08000,0.12000,-4.800,0.240,575.000,325.000,-1,350.000,-1,275.000,300.000,300.000,425.000,575.000,175.000,50.000,425.000,500.000,625.000,525.000,-1,0,0,2,0,2,0,0,0,0,1,1,1,1,0,0,0,2
115,-989.218,-1626.449,-292.663,-68.158,0.372078,0.928198,0.002396,-0.928175,0.372047,0.008478,0.006978,-0.005379,0.999961,0,-0.16000,0.24000,-9.600,0.480,550.000,325.000,-1,350.000,-1,275.000,300.000,300.000,425.000,575.000,175.000,50.000,450.000,500.000,625.000,525.000,-1,0,0,2,0,2,0,0,0,0,1,1,1,1,0,0,0,2
116,-994.743,-1613.151,-292.587,-67.438,0.383717,0.923428,0.006534,-0.923442,0.383672,0.007121,0.004068,-0.008767,0.999953,0,-0.24000,0.36000,-14.400,0.720,525.000,300.000,-1,350.000,-1,275.000,275.000,300.000,425.000,550.000,150.000,50.000,450.000,500.000,625.000,500.000,-1,0,0,2,0,2,0,0,0,0,1,1,1,1,0,0,0,2
117,-1000.527,-1599.863,-292.545,-66.478,0.399119,0.916837,0.010694,-0.916898,0.399075,0.006078,0.001305,-0.012231,0.999924,0,-0.24155,0.48000,-14.493,0.960,500.000,300.000,-1,350.000,-1,275.000,275.000,275.000,425.000,525.000,150.000,50.000,475.000,475.000,600.000,475.000,-1,0,0,2,0,2,0,0,0,0,1,1,1,1,0,0,0,2
118,-1006.611,-1586.624,-292.539,-65.313,0.417646,0.908488,0.014865,-0.908609,0.417614,0.005359,-0.001339,-0.015744,0.999875,0,-0.24283,0.58252,-14.570,1.165,500.000,300.000,-1,350.000,-1,275.000,275.000,275.000,450.000,525.000,125.000,25.000,500.000,475.000,600.000,475.000,-1,0,0,2,0,2,0,0,0,0,1,1,1,1,0,0,0,2
119,-1013.000,-1573.436,-292.526,-64.150,0.435941,0.899772,0.019137,-0.899966,0.435934,0.004750,-0.004068,-0.019293,0.999806,0,-0.24424,0.58131,-14.655,1.163,475.000,300.000,-1,350.000,-1,275.000,275.000,275.000,450.000,500.000,100.000,25.000,525.000,475.000,600.000,450.000,-1,0,0,2,0,2,0,0,0,0,1,1,1,1,0,0,0,2
120,-1019.693,-1560.303,-292.506,-62.990,0.453996,0.890693,0.023505,-0.890977,0.454029,0.004257,-0.006881,-0.022875,0.999715,0,-0.24567,0.58009,-14.740,1.160,450.000,300.000,-1,350.000,-1,275.000,275.000,275.000,450.000,475.000,75.000,0.000,550.000,475.000,600.000,450.000,-1,0,0,2,0,2,0,0,0,0,1,1,1,1,0,0,0,2
121,-1026.691,-1547.232,-292.479,-61.832,0.471805,0.881260,0.027964,-0.881649,0.471890,0.003885,-0.009773,-0.026488,0.999601,0,-0.24709,0.57886,-14.826,1.158,450.000,300.000,-1,350.000,-1,275.000,275.000,275.000,475.000,475.000,50.000,0.000,600.000,475.000,575.000,425.000,-1,0,0,2,0,2,0,0,0,0,1,1,1,1,0,0,0,2
122,-1033.992,-1534.231,-292.444,-60.677,0.489358,0.871477,0.032508,-0.871990,0.489511,0.003640,-0.012741,-0.030127,0.999465,0,-0.24852,0.57762,-14.911,1.155,425.000,300.000,-1,350.000,-1,250.000,275.000,275.000,475.000,450.000,50.000,0.000,650.000,450.000,575.000,425.000,1000.000,0,0,2,0,2,0,0,0,0,1,1,1,1,0,0,0,0
123,-1041.597,-1521.304,-292.401,-59.524,0.506651,0.861352,0.037128,-0.862007,0.506884,0.003526,-0.015782,-0.033791,0.999304,0,-0.24996,0.57636,-14.997,1.153,425.000,300.000,-1,350.000,-1,250.000,275.000,275.000,475.000,425.000,25.000,0.000,725.000,450.000,575.000,400.000,950.000,0,0,2,0,2,0,0,0,0,1,1,1,1,0,0,0,0
124,-1049.505,-1508.460,-292.123,-58.374,0.523659,0.850921,0.041420,-0.851702,0.524021,0.002449,-0.019621,-0.036560,0.999139,0,-0.25139,0.57508,-15.083,1.150,400.000,300.000,-1,350.000,-1,250.000,275.000,275.000,500.000,425.000,0.000,0.000,825.000,450.000,575.000,400.000,925.000,0,0,2,0,2,0,0,0,0,1,1,1,1,0,0,0,0
125,-2295.758,-1639.799,-287.110,92.296,-0.046204,-0.998312,-0.035185,0.986398,-0.040034,-0.159428,0.157750,-0.042073,0.986582,1,0.00000,0.00000,-15.170,1.148,-1,325.000,-1,250.000,425.000,250.000,200.000,350.000,475.000,750.000,100.000,125.000,800.000,-1,375.000,-1,350.000,2,1,2,1,1,1,1,1,1,0,0,0,0,2,1,2,1
126,-5570.690,8199.945,-114.540,9.508,0.986262,-0.165185,0.000943,0.165183,0.986261,0.001961,-0.001254,-0.001778,0.999998,1,0.08000,0.12000,4.800,0.240,-1,400.000,-1,400.000,-1,325.000,325.000,300.000,300.000,-1,-1,-1,-1,675.000,700.000,-1,-1,2,0,2,0,2,0,0,0,0,2,2,2,2,0,0,2,2
127,-5561.235,8201.610,-114.567,9.988,0.984844,-0.173442,0.000891,0.173440,0.984843,0.001793,-0.001189,-0.001611,0.999998,0,0.16000,0.24000,9.600,0.480,-1,400.000,-1,400.000,-1,325.000,325.000,300.000,300.000,-1,-1,-1,-1,675.000,700.000,-1,-1,2,0,2,0,2,0,0,0,0,2,2,2,2,0,0,2,2
128,-5547.086,8204.286,-114.610,10.708,0.982587,-0.185804,0.000826,0.185802,0.982586,0.001523,-0.001095,-0.001343,0.999998,0,0.24000,0.36000,14.400,0.720,-1,375.000,-1,400.000,-1,325.000,325.000,300.000,300.000,-1,-1,-1,-1,675.000,700.000,-1,-1,2,0,2,0,2,0,0,0,0,2,2,2,2,0,0,2,2
129,-5528.283,8208.169,-114.673,11.668,0.979336,-0.202240,0.000761,0.202239,0.979335,0.001132,-0.000975,-0.000955,0.999999,0,0.32000,0.48000,19.200,0.960,-1,375.000,-1,400.000,-1,325.000,325.000,300.000,275.000,-1,-1,-1,-1,675.000,700.000,-1,-1,2,0,2,0,2,0,0,0,0,2,2,2,2,0,0,2,2
130,-5504.885,8213.514,-114.758,12.868,0.974885,-0.222706,0.000719,0.222705,0.974886,0.000594,-0.000834,-0.000419,1.000000,0,0.40000,0.60000,24.000,1.200,-1,375.000,-1,400.000,-1,325.000,325.000,300.000,275.000,-1,-1,-1,-1,675.000,700.000,-1,-1,2,0,2,0,2,0,0,0,0,2,2,2,2,0,0,2,2
131,-5476.979,8220.631,-114.873,14.308,0.968981,-0.247134,0.000731,0.247134,0.968981,-0.000124,-0.000677,0.000301,1.000000,0,0.48000,0.72000,28.800,1.440,-1,375.000,-1,400.000,-1,325.000,325.000,300.000,275.000,-1,-1,-1,-1,675.000,700.000,-1,-1,2,0,2,0,2,0,0,0,0,2,2,2,2,0,0,2,2
132,-5444.678,8229.886,-115.024,15.988,0.961319,-0.275436,0.000837,0.275437,0.961319,-0.001059,-0.000513,0.001249,0.999999,0,0.56000,0.84000,33.600,1.680,-1,375.000,-1,400.000,-1,325.000,325.000,300.000,275.000,-1,-1,-1,-1,675.000,700.000,-1,-1,2,0,2,0,2,0,0,0,0,2,2,2,2,0,0,2,2
133,-5408.139,8241.694,-115.220,17.908,0.951551,-0.307489,0.001094,0.307490,0.951549,-0.002252,-0.000348,0.002479,0.999997,0,0.64000,0.96000,38.400,1.920,-1,375.000,-1,375.000,-1,325.000,325.000,300.000,275.000,-1,-1,-1,-1,675.000,675.000,-1,-1,2,0,2,0,2,0,0,0,0,2,2,2,2,0,0,2,2
134,-5367.515,8256.390,-115.461,19.888,0.940360,-0.340177,0.001528,0.340180,0.940353,-0.003725,-0.000169,0.004023,0.999992,0,0.72000,0.98991,43.200,1.980,-1,375.000,-1,375.000,-1,300.000,300.000,300.000,275.000,-1,-1,-1,-1,650.000,675.000,-1,-1,2,0,2,0,2,0,0,0,0,2,2,2,2,0,0,2,2
135,-5322.970,8274.269,-115.635,21.869,0.928036,-0.372483,0.002341,0.372490,0.928023,-0.004994,-0.000313,0.005507,0.999985,0,0.80000,0.99068,48.000,1.981,-1,375.000,-1,375.000,-1,300.000,300.000,300.000,275.000,-1,-1,-1,-1,650.000,650.000,-1,-1,2,0,2,0,2,0,0,0,0,2,2,2,2,0,0,2,2
