timestep,x_cm,y_cm,z_cm,yaw_deg,basis_xx,basis_xy,basis_xz,basis_yx,basis_yy,basis_yz,basis_zx,basis_zy,basis_zz,teleport_flag,throttle_cmd,steering_cmd,cmd_move_cm,cmd_turn_deg,lidar_cm_0,lidar_cm_1,lidar_cm_2,lidar_cm_3,lidar_cm_4,lidar_cm_5,lidar_cm_6,lidar_cm_7,lidar_cm_8,lidar_cm_9,lidar_cm_10,lidar_cm_11,lidar_cm_12,lidar_cm_13,lidar_cm_14,lidar_cm_15,lidar_cm_16,lidar_class_0,lidar_class_1,lidar_class_2,lidar_class_3,lidar_class_4,lidar_class_5,lidar_class_6,lidar_class_7,lidar_class_8,lidar_class_9,lidar_class_10,lidar_class_11,lidar_class_12,lidar_class_13,lidar_class_14,lidar_class_15,lidar_class_16
0,-6882.534,-6232.026,59.163,-8.299,0.989088,0.144117,-0.030596,-0.145567,0.987974,-0.052125,0.022716,0.056010,0.998172,1,0.08000,-0.12000,4.800,-0.240,-1,475.000,-1,400.000,-1,375.000,350.000,375.000,200.000,-1,0.000,0.000,-1,-1,-1,-1,-1,2,0,2,0,2,1,0,0,1,2,0,1,2,2,2,2,2
1,-6873.047,-6233.493,59.407,-8.779,0.987880,0.152407,-0.029411,-0.153733,0.986853,-0.049864,0.021425,0.053781,0.998323,0,0.16000,-0.24000,9.600,-0.480,-1,475.000,-1,400.000,-1,375.000,350.000,375.000,200.000,-1,0.000,0.000,-1,-1,-1,-1,-1,2,0,2,0,2,1,0,0,1,2,0,1,2,2,2,2,2
2,-6858.845,-6235.872,59.749,-9.499,0.985935,0.164824,-0.027653,-0.165979,0.985028,-0.046596,0.019559,0.050530,0.998531,0,0.24000,-0.36000,14.400,-0.720,-1,475.000,-1,400.000,-1,375.000,350.000,375.000,200.000,-1,0.000,0.000,-1,-1,-1,-1,-1,2,0,2,1,2,1,0,0,1,2,0,1,2,2,2,2,2
3,-6839.964,-6239.361,60.167,-10.459,0.983094,0.181341,-0.025336,-0.182294,0.982327,-0.042450,0.017191,0.046351,0.998777,0,0.32000,-0.48000,19.200,-0.960,-1,475.000,-1,-1,-1,375.000,350.000,375.000,200.000,-1,0.000,0.000,-1,-1,-1,-1,-1,2,0,2,2,2,1,1,0,0,2,0,0,2,2,2,2,2
4,-6816.460,-6244.214,60.633,-11.659,0.979144,0.201918,-0.022478,-0.202654,0.978529,-0.037584,0.014406,0.041356,0.999041,0,0.40000,-0.60000,24.000,-1.200,-1,475.000,-1,-1,-1,375.000,350.000,350.000,200.000,-1,0.000,0.000,-1,-1,-1,-1,-1,2,0,2,2,2,1,1,0,0,2,0,0,2,2,2,2,2
5,-6789.060,-6250.593,61.117,-13.099,0.973824,0.226494,-0.019152,-0.227019,0.973357,-0.032226,0.011343,0.035730,0.999297,0,0.46887,-0.72000,28.132,-1.440,-1,450.000,-1,-1,-1,375.000,375.000,350.000,225.000,-1,0.000,0.000,-1,-1,-1,-1,-1,2,0,2,2,2,1,1,0,0,2,0,0,2,2,2,2,2
6,-6761.769,-6257.796,61.597,-14.779,0.966818,0.254981,-0.015735,-0.255329,0.966480,-0.026877,0.008355,0.030003,0.999515,0,0.47042,-0.84000,28.225,-1.680,-1,450.000,-1,-1,-1,400.000,425.000,350.000,225.000,-1,0.000,0.000,-1,1000.000,-1,-1,-1,2,0,2,2,2,1,1,0,0,2,0,0,2,0,2,2,2
7,-6734.615,-6265.945,62.059,-16.699,0.957774,0.287264,-0.012218,-0.287471,0.957545,-0.021622,0.005487,0.024222,0.999692,0,0.47251,-0.96000,28.351,-1.920,-1,475.000,-1,-1,-1,425.000,-1,350.000,225.000,-1,0.000,0.000,-1,975.000,-1,-1,-1,2,1,2,2,2,1,2,0,0,2,0,0,2,1,2,2,2
8,-6707.614,-6275.086,62.460,-18.699,0.947194,0.320545,-0.008670,-0.320650,0.947050,-0.016747,0.002843,0.018643,0.999822,0,0.47510,-1.00000,28.506,-2.000,-1,500.000,-1,-1,-1,500.000,-1,325.000,250.000,-1,0.000,0.000,-1,-1,-1,-1,-1,2,1,2,2,2,1,2,0,0,2,0,0,2,2,2,2,2
9,-6680.794,-6285.221,62.799,-20.699,0.935447,0.353431,-0.005111,-0.353468,0.935365,-0.012386,0.000403,0.013394,0.999910,0,0.47784,-1.00000,28.670,-2.000,-1,575.000,-1,-1,-1,-1,-1,325.000,250.000,-1,0.000,0.000,-1,-1,-1,-1,-1,2,1,2,2,2,2,2,0,0,2,0,0,2,2,2,2,2
10,-6654.196,-6296.347,63.224,-22.699,0.922549,0.385879,-0.001337,-0.385874,0.922506,-0.009167,-0.002304,0.008973,0.999957,0,0.48053,-1.00000,28.832,-2.000,-1,675.000,-1,-1,-1,-1,-1,325.000,250.000,-1,0.000,0.000,-1,-1,-1,-1,-1,2,1,2,2,2,2,2,0,0,2,0,0,2,2,2,2,2
11,-6627.857,-6308.462,63.617,-24.699,0.908513,0.417851,0.002367,-0.417830,0.908503,-0.006365,-0.004810,0.004793,0.999977,0,0.48319,-1.00000,28.991,-2.000,-1,875.000,-1,-1,-1,-1,-1,325.000,250.000,-1,75.000,0.000,-1,-1,-1,-1,-1,2,1,2,2,2,2,2,0,0,2,0,0,2,2,2,2,2
12,-6601.816,-6321.559,63.999,-26.699,0.893357,0.449307,0.005997,-0.449291,0.893377,-0.003948,-0.007132,0.000832,0.999974,0,0.48581,-1.00000,29.148,-2.000,-1,-1,-1,-1,-1,-1,-1,325.000,275.000,-1,150.000,25.000,-1,-1,-1,-1,-1,2,2,2,2,2,2,2,0,0,2,0,0,2,2,2,2,2
13,-6576.113,-6335.630,63.966,-28.699,0.877078,0.480207,0.011630,-0.480229,0.877143,-0.001018,-0.010690,-0.004692,0.999932,0,0.48838,-1.00000,29.303,-2.000,-1,-1,-1,-1,-1,-1,-1,300.000,275.000,-1,275.000,150.000,-1,-1,-1,-1,-1,2,2,2,2,2,2,2,0,0,2,0,0,2,2,2,2,2
14,-6550.785,-6350.667,63.464,-30.699,0.859655,0.510494,0.019731,-0.510633,0.859796,0.002376,-0.015752,-0.012117,0.999803,0,0.49091,-1.00000,29.455,-2.000,-1,-1,-1,-1,-1,-1,-1,300.000,275.000,-1,550.000,400.000,-1,-1,-1,-1,-1,2,2,2,2,2,2,2,0,0,2,0,0,2,2,2,2,2
15,-6521.880,-6369.049,62.504,-32.459,0.843278,0.536569,0.031243,-0.536986,0.843568,0.006276,-0.022988,-0.022069,0.999492,0,0.57091,-0.88000,34.255,-1.760,-1,-1,-1,-1,-1,-1,-1,275.000,300.000,-1,-1,-1,-1,-1,-1,-1,-1,2,2,2,2,2,2,2,0,0,2,2,2,2,2,2,2,2
16,-6489.576,-6390.998,61.018,-34.203,0.825920,0.561773,0.047620,-0.562806,0.826517,0.010879,-0.033248,-0.035786,0.998806,0,0.65091,-0.87207,39.055,-1.744,-1,-1,-1,-1,-1,-1,-1,250.000,325.000,850.000,-1,-1,-1,-1,-1,-1,-1,2,2,2,2,2,2,2,0,0,1,2,2,2,2,2,2,2
17,-6454.726,-6416.247,57.558,-35.936,0.807685,0.586187,0.063474,-0.588045,0.808702,0.014256,-0.042975,-0.048840,0.997882,0,0.71722,-0.86651,43.033,-1.733,-1,-1,-1,-1,-1,-1,-1,225.000,325.000,700.000,-1,-1,-1,-1,-1,-1,-1,2,2,2,2,2,2,2,0,0,1,2,2,2,2,2,2,2
18,-6420.414,-6442.708,53.203,-37.657,0.788381,0.609680,0.082140,-0.612785,0.790059,0.017344,-0.054321,-0.064008,0.996470,0,0.72213,-0.86025,43.328,-1.721,-1,-1,-1,-1,-1,-1,-1,200.000,325.000,675.000,-1,-1,-1,-1,-1,-1,-1,2,2,2,2,2,2,2,0,0,1,2,2,2,2,2,2,2
19,-6386.686,-6470.349,48.161,-39.364,0.767801,0.632100,0.104550,-0.637086,0.770530,0.020124,-0.067839,-0.082058,0.994316,0,0.72675,-0.85331,43.605,-1.707,-1,-1,-1,-1,-1,-1,-1,175.000,350.000,675.000,-1,-1,-1,-1,-1,-1,-1,2,2,2,2,2,2,2,0,0,1,2,2,2,2,2,2,2
20,983.650,2952.125,56.308,30.178,0.858655,-0.481697,0.175155,0.511364,0.828364,-0.228735,-0.034911,0.285973,0.957602,1,0.00000,0.00000,48.405,-1.467,-1,575.000,-1,350.000,250.000,375.000,325.000,325.000,200.000,-1,-1,-1,-1,-1,525.000,-1,325.000,2,1,2,1,0,1,1,1,0,2,2,2,2,2,0,2,1
21,6887.278,8855.092,-41.983,57.666,0.533801,-0.843946,0.053019,0.845312,0.534228,-0.006956,-0.022454,0.048531,0.998569,1,0.00000,0.00000,4.800,-0.240,-1,400.000,750.000,400.000,525.000,325.000,325.000,300.000,300.000,-1,-1,-1,-1,550.000,600.000,775.000,575.000,2,1,1,0,1,0,0,0,0,2,2,2,2,1,1,1,1
22,6889.856,8859.141,-42.092,57.519,0.535958,-0.842575,0.053063,0.843943,0.536388,-0.006976,-0.022585,0.048521,0.998567,0,0.08000,-0.07339,4.800,-0.147,-1,400.000,750.000,400.000,525.000,325.000,325.000,300.000,300.000,-1,-1,-1,-1,550.000,600.000,750.000,575.000,2,1,1,0,1,0,0,0,0,2,2,2,2,1,1,1,1
23,6895.032,8867.226,-42.313,57.373,0.538099,-0.841204,0.053156,0.842575,0.538534,-0.007004,-0.022734,0.048557,0.998562,0,0.16000,-0.07304,9.600,-0.146,-1,400.000,750.000,400.000,525.000,325.000,325.000,300.000,300.000,-1,-1,-1,-1,550.000,600.000,725.000,575.000,2,1,1,0,1,0,0,0,0,2,2,2,2,1,1,1,1
24,6902.827,8879.334,-42.646,57.228,0.540222,-0.839833,0.053301,0.841211,0.540661,-0.007045,-0.022902,0.048643,0.998554,0,0.24000,-0.07259,14.400,-0.145,-1,375.000,725.000,400.000,500.000,325.000,325.000,300.000,300.000,-1,-1,-1,-1,525.000,600.000,725.000,550.000,2,1,1,0,1,0,0,0,0,2,2,2,2,1,1,1,1
25,6913.260,8895.452,-43.094,57.084,0.542323,-0.838465,0.053506,0.839853,0.542767,-0.007100,-0.023088,0.048788,0.998542,0,0.32000,-0.07202,19.200,-0.144,-1,375.000,700.000,400.000,500.000,325.000,325.000,300.000,300.000,-1,-1,-1,-1,525.000,575.000,675.000,550.000,2,1,1,0,1,0,0,0,0,2,2,2,2,1,1,1,1
26,6926.352,8915.566,-43.658,56.941,0.544397,-0.837102,0.053778,0.838504,0.544848,-0.007175,-0.023295,0.048999,0.998527,0,0.40000,-0.07133,24.000,-0.143,-1,375.000,675.000,400.000,475.000,325.000,325.000,300.000,300.000,-1,-1,-1,-1,500.000,575.000,650.000,525.000,2,1,1,0,1,0,0,0,0,2,2,2,2,1,1,1,1
27,6942.122,8939.665,-44.369,56.800,0.546438,-0.835752,0.054083,0.837167,0.546901,-0.007141,-0.023610,0.049178,0.998511,0,0.48000,-0.07049,28.800,-0.141,-1,350.000,650.000,400.000,450.000,325.000,325.000,300.000,300.000,-1,-1,-1,-1,475.000,550.000,600.000,500.000,2,1,1,0,1,0,0,0,0,2,2,2,2,1,1,1,1
28,6960.589,8967.736,-45.253,56.661,0.548438,-0.834420,0.054392,0.835843,0.548925,-0.006877,-0.024119,0.049234,0.998496,0,0.56000,-0.06949,33.600,-0.139,-1,350.000,625.000,400.000,425.000,325.000,325.000,300.000,300.000,-1,-1,-1,-1,450.000,525.000,575.000,475.000,2,1,1,0,1,1,0,0,0,2,2,2,2,1,1,1,1
29,6981.769,8999.766,-46.275,56.524,0.550394,-0.833105,0.054793,0.834539,0.550910,-0.006574,-0.024709,0.049345,0.998476,0,0.64000,-0.06830,38.400,-0.137,-1,325.000,575.000,400.000,400.000,300.000,325.000,300.000,300.000,-1,-1,-1,-1,425.000,500.000,525.000,425.000,2,1,1,0,1,1,0,0,0,2,2,2,2,1,1,1,1
30,7005.682,9035.745,-47.442,56.391,0.552301,-0.831810,0.055283,0.833258,0.552849,-0.006232,-0.025380,0.049507,0.998451,0,0.72000,-0.06689,43.200,-0.134,-1,300.000,550.000,400.000,350.000,275.000,325.000,300.000,300.000,-1,-1,-1,-1,400.000,450.000,450.000,400.000,2,1,1,1,1,1,0,0,0,2,2,2,2,1,1,1,1
31,7032.342,9075.660,-48.761,56.260,0.554150,-0.830540,0.055869,0.832006,0.554735,-0.005851,-0.026133,0.049726,0.998421,0,0.80000,-0.06523,48.000,-0.130,625.000,275.000,500.000,375.000,325.000,275.000,300.000,300.000,300.000,-1,-1,-1,-1,375.000,425.000,400.000,350.000,1,1,1,1,1,1,1,0,0,2,2,2,2,1,1,1,1
32,7061.763,9119.503,-49.411,56.134,0.556016,-0.829154,0.057872,0.830817,0.556463,-0.009582,-0.024259,0.053408,0.998278,0,0.88000,-0.06328,52.800,-0.127,500.000,250.000,450.000,350.000,275.000,250.000,275.000,325.000,300.000,-1,-1,-1,-1,325.000,375.000,350.000,300.000,1,1,1,1,1,1,1,0,0,2,2,2,2,1,1,1,1
33,7093.958,9167.266,-49.100,56.012,0.557960,-0.827567,0.061747,0.829655,0.557955,-0.018933,-0.018784,0.061792,0.997912,0,0.96000,-0.06096,57.600,-0.122,425.000,250.000,400.000,300.000,250.000,225.000,250.000,325.000,300.000,-1,-1,-1,-1,300.000,325.000,300.000,275.000,1,1,1,1,1,1,1,0,1,2,2,2,2,1,1,1,1
34,7127.591,9216.952,-48.042,55.895,0.560026,-0.825761,0.067004,0.828407,0.559181,-0.032531,-0.010605,0.073725,0.997222,0,1.00000,-0.05820,60.000,-0.116,375.000,225.000,350.000,275.000,200.000,200.000,225.000,375.000,275.000,-1,900.000,650.000,-1,275.000,300.000,275.000,225.000,1,1,1,1,1,1,1,0,1,2,0,0,2,1,1,1,1
35,7161.316,9266.577,-45.671,55.785,0.562422,-0.823813,0.070810,0.826848,0.560173,-0.050279,0.001754,0.086827,0.996222,0,1.00000,-0.05503,60.000,-0.110,350.000,200.000,325.000,225.000,150.000,175.000,200.000,400.000,275.000,-1,500.000,275.000,-1,250.000,250.000,250.000,175.000,1,1,1,1,1,1,1,0,1,2,0,0,2,1,1,1,1
36,7195.142,9316.135,-37.030,55.682,0.565732,-0.823098,0.049571,0.823929,0.561852,-0.073916,0.032989,0.082660,0.996032,0,1.00000,-0.05147,60.000,-0.103,350.000,200.000,300.000,200.000,150.000,175.000,200.000,425.000,275.000,-1,225.000,150.000,950.000,225.000,225.000,250.000,175.000,1,1,1,1,1,1,1,0,1,2,0,0,0,1,1,1,1
37,7229.052,9365.640,-26.615,55.587,0.568261,-0.822479,0.024647,0.819893,0.563430,-0.101601,0.069677,0.077944,0.994520,0,1.00000,-0.04747,60.000,-0.095,350.000,200.000,300.000,200.000,150.000,175.000,175.000,475.000,275.000,-1,125.000,100.000,775.000,225.000,225.000,250.000,150.000,1,1,1,1,1,1,1,0,1,2,0,0,0,1,1,1,1
38,-4919.493,-983.896,109.513,116.963,-0.452794,-0.891300,0.023692,0.890329,-0.453408,-0.041648,0.047863,0.002236,0.998851,1,0.00000,0.00000,60.000,-0.086,-1,425.000,-1,400.000,-1,325.000,325.000,300.000,325.000,-1,-1,-1,-1,975.000,850.000,-1,-1,2,0,2,0,2,0,0,0,0,2,2,2,2,0,0,2,2
39,-4921.661,-979.613,109.742,116.851,-0.451070,-0.892179,0.023512,0.891209,-0.451677,-0.041639,0.047770,0.002172,0.998856,0,0.08000,-0.05561,4.800,-0.111,-1,425.000,-1,400.000,-1,325.000,325.000,300.000,325.000,-1,-1,-1,-1,975.000,850.000,-1,-1,2,0,2,0,2,0,0,0,0,2,2,2,2,0,0,2,2
40,-4925.981,-971.040,110.202,116.740,-0.449353,-0.893054,0.023151,0.892085,-0.449945,-0.041642,0.047605,0.001941,0.998864,0,0.16000,-0.05561,9.600,-0.111,-1,425.000,-1,400.000,-1,325.000,325.000,300.000,325.000,-1,-1,-1,-1,975.000,850.000,-1,-1,2,0,2,0,2,0,0,0,0,2,2,2,2,0,0,2,2
41,-4932.435,-958.168,110.892,116.629,-0.447643,-0.893927,0.022602,0.892957,-0.448211,-0.041659,0.047370,0.001535,0.998876,0,0.24000,-0.05561,14.400,-0.111,-1,425.000,-1,400.000,-1,325.000,325.000,300.000,325.000,-1,-1,-1,-1,975.000,850.000,-1,-1,2,0,2,0,2,0,0,0,0,2,2,2,2,0,0,2,2
42,-4941.007,-940.987,111.812,116.518,-0.445940,-0.894796,0.021858,0.893824,-0.446475,-0.041692,0.047065,0.000945,0.998891,0,0.32000,-0.05561,19.200,-0.111,-1,425.000,-1,400.000,-1,325.000,325.000,300.000,325.000,-1,-1,-1,-1,975.000,850.000,-1,-1,2,0,2,0,2,0,0,0,0,2,2,2,2,0,0,2,2
43,-4951.681,-919.492,112.959,116.407,-0.444246,-0.895661,0.020904,0.894688,-0.444737,-0.041749,0.046690,0.000156,0.998909,0,0.40000,-0.05561,24.000,-0.111,-1,425.000,-1,400.000,-1,325.000,325.000,300.000,325.000,-1,-1,-1,-1,975.000,850.000,-1,-1,2,0,2,0,2,0,0,0,0,2,2,2,2,0,0,2,2
44,-4964.439,-893.672,114.330,116.295,-0.442559,-0.896522,0.019728,0.895546,-0.442997,-0.041834,0.046245,-0.000847,0.998930,0,0.48000,-0.05561,28.800,-0.111,-1,425.000,-1,400.000,-1,325.000,325.000,300.000,325.000,-1,-1,-1,-1,975.000,850.000,-1,-1,2,0,2,0,2,0,0,0,0,2,2,2,2,0,0,2,2
45,-4979.265,-863.520,115.923,116.184,-0.440880,-0.897379,0.018309,0.896400,-0.441255,-0.041958,0.045731,-0.002086,0.998952,0,0.56000,-0.05561,33.600,-0.111,-1,425.000,-1,400.000,-1,325.000,325.000,300.000,325.000,-1,-1,-1,-1,1000.000,875.000,-1,-1,2,0,2,0,2,0,0,0,0,2,2,2,2,0,0,2,2
46,-4996.142,-829.027,117.734,116.073,-0.439211,-0.898230,0.016627,0.897249,-0.439511,-0.042129,0.045150,-0.003585,0.998974,0,0.64000,-0.05561,38.400,-0.111,-1,425.000,-1,400.000,-1,325.000,325.000,300.000,325.000,-1,-1,-1,-1,1000.000,875.000,-1,-1,2,0,2,0,2,0,0,0,0,2,2,2,2,0,0,2,2
47,-5015.054,-790.187,119.501,115.962,-0.437522,-0.899079,0.015237,0.898138,-0.437765,-0.041351,0.043848,-0.004407,0.999028,0,0.72000,-0.05561,43.200,-0.111,-1,425.000,-1,425.000,-1,350.000,325.000,300.000,325.000,-1,-1,-1,-1,1000.000,875.000,-1,-1,2,0,2,0,2,0,0,0,0,2,2,2,2,0,0,2,2
48,-5035.983,-746.990,121.387,115.850,-0.435829,-0.899923,0.013837,0.899027,-0.436017,-0.040485,0.042466,-0.005205,0.999084,0,0.80000,-0.05561,48.000,-0.111,-1,425.000,-1,425.000,-1,350.000,325.000,300.000,325.000,-1,-1,-1,-1,1000.000,900.000,-1,-1,2,0,2,0,2,0,0,0,0,2,2,2,2,0,0,2,2
49,-5058.382,-700.528,123.231,115.739,-0.434122,-0.900766,0.012566,0.899943,-0.434268,-0.038908,0.040505,-0.005582,0.999164,0,0.85967,-0.05561,51.580,-0.111,-1,425.000,-1,425.000,-1,350.000,325.000,300.000,325.000,-1,-1,-1,-1,1000.000,900.000,-1,-1,2,0,2,0,2,0,0,0,0,2,2,2,2,0,0,2,2
50,-5080.692,-654.023,124.937,115.628,-0.432404,-0.901607,0.011436,0.900870,-0.432519,-0.036880,0.038198,-0.005644,0.999254,0,0.85967,-0.05561,51.580,-0.111,-1,425.000,-1,425.000,-1,350.000,325.000,300.000,325.000,-1,-1,-1,-1,975.000,900.000,-1,-1,2,0,2,0,2,0,0,0,0,2,2,2,2,0,0,2,2
51,-5102.911,-607.474,126.618,115.517,-0.430685,-0.902444,0.010217,0.901789,-0.430767,-0.034880,0.035879,-0.005809,0.999339,0,0.85967,-0.05561,51.580,-0.111,-1,425.000,-1,400.000,-1,350.000,325.000,300.000,325.000,-1,-1,-1,-1,975.000,875.000,-1,-1,2,0,2,0,2,0,0,0,0,2,2,2,2,0,0,2,2
52,-5125.040,-560.882,128.252,115.406,-0.428967,-0.903277,0.008860,0.902695,-0.429014,-0.033008,0.033617,-0.006162,0.999416,0,0.85967,-0.05561,51.580,-0.111,-1,425.000,-1,400.000,-1,325.000,325.000,300.000,325.000,-1,-1,-1,-1,975.000,875.000,-1,-1,2,0,2,0,2,0,0,0,0,2,2,2,2,0,0,2,2
53,-5147.079,-514.247,129.827,115.294,-0.427248,-0.904105,0.007339,0.903587,-0.427258,-0.031316,0.031448,-0.006748,0.999483,0,0.85967,-0.05561,51.580,-0.111,-1,425.000,-1,400.000,-1,325.000,325.000,300.000,325.000,-1,-1,-1,-1,950.000,875.000,-1,-1,2,0,2,0,2,0,0,0,0,2,2,2,2,0,0,2,2
54,-5171.283,-463.327,131.385,115.423,-0.429332,-0.903133,0.004973,0.902694,-0.429285,-0.029309,0.028605,-0.008094,0.999558,0,0.93967,0.06439,56.380,0.129,-1,425.000,-1,400.000,-1,325.000,325.000,300.000,325.000,-1,-1,-1,-1,950.000,875.000,-1,-1,2,0,2,0,2,0,0,0,0,2,2,2,2,0,0,2,2
55,-5196.031,-412.114,132.881,115.792,-0.435186,-0.900337,0.002291,0.899978,-0.435082,-0.027252,0.025532,-0.009798,0.999626,0,0.94799,0.18439,56.880,0.369,-1,425.000,-1,400.000,-1,325.000,325.000,300.000,325.000,-1,-1,-1,-1,925.000,875.000,-1,-1,2,0,2,0,2,0,0,0,0,2,2,2,2,0,0,2,2
56,-5221.323,-361.167,134.239,116.401,-0.444776,-0.895641,-0.001044,0.895371,-0.444612,-0.025119,0.022034,-0.012107,0.999684,0,0.94799,0.30439,56.880,0.609,-1,425.000,-1,400.000,-1,325.000,325.000,300.000,325.000,-1,-1,-1,-1,900.000,850.000,-1,-1,2,0,2,0,2,0,0,0,0,2,2,2,2,0,0,2,2
57,-5247.366,-310.600,135.562,117.249,-0.458026,-0.888927,-0.004534,0.888748,-0.457816,-0.023068,0.018430,-0.014596,0.999724,0,0.94799,0.42439,56.880,0.849,-1,425.000,-1,400.000,-1,325.000,325.000,300.000,325.000,-1,-1,-1,-1,900.000,850.000,-1,-1,2,0,2,0,2,0,0,0,0,2,2,2,2,0,0,2,2
58,-5274.366,-260.537,136.850,118.338,-0.474847,-0.880030,-0.008217,0.879946,-0.474604,-0.021137,0.014702,-0.017268,0.999743,0,0.94799,0.54439,56.880,1.089,-1,400.000,-1,400.000,-1,325.000,325.000,300.000,325.000,-1,-1,-1,-1,875.000,825.000,-1,-1,2,0,2,0,2,0,0,0,0,2,2,2,2,0,0,2,2
59,-5302.315,-210.998,137.943,119.431,-0.491532,-0.870786,-0.011319,0.870785,-0.491278,-0.019470,0.011393,-0.019426,0.999746,0,0.94799,0.54627,56.880,1.093,-1,400.000,-1,400.000,-1,325.000,325.000,300.000,325.000,-1,-1,-1,-1,850.000,825.000,-1,-1,2,0,2,0,2,0,0,0,0,2,2,2,2,0,0,2,2
60,-5331.204,-162.001,138.715,120.523,-0.508026,-0.861240,-0.013254,0.861296,-0.507780,-0.018114,0.008870,-0.020618,0.999748,0,0.94799,0.54627,56.880,1.093,-1,400.000,-1,400.000,-1,325.000,325.000,300.000,300.000,-1,-1,-1,-1,850.000,825.000,-1,-1,2,0,2,0,2,0,0,0,0,2,2,2,2,0,0,2,2
61,-5361.022,-113.564,139.193,121.616,-0.524333,-0.851396,-0.014141,0.851484,-0.524106,-0.016989,0.007053,-0.020948,0.999756,0,0.94799,0.54627,56.880,1.093,-1,400.000,-1,400.000,-1,325.000,325.000,300.000,300.000,-1,-1,-1,-1,850.000,825.000,-1,-1,2,0,2,0,2,0,0,0,0,2,2,2,2,0,0,2,2
62,-5391.757,-65.703,139.571,122.708,-0.540446,-0.841244,-0.015029,0.841363,-0.540242,-0.015698,0.005087,-0.021128,0.999764,0,0.94799,0.54627,56.880,1.093,-1,400.000,-1,400.000,-1,325.000,325.000,300.000,300.000,-1,-1,-1,-1,825.000,825.000,-1,-1,2,0,2,0,2,0,0,0,0,2,2,2,2,0,0,2,2
63,-5423.400,-18.438,139.762,123.801,-0.556353,-0.830796,-0.015806,0.830941,-0.556187,-0.013863,0.002726,-0.020847,0.999779,0,0.94799,0.54627,56.880,1.093,-1,400.000,-1,400.000,-1,325.000,325.000,300.000,300.000,-1,-1,-1,-1,825.000,800.000,-1,-1,2,0,2,0,2,0,0,0,0,2,2,2,2,0,0,2,2
64,-5455.938,28.216,139.918,124.893,-0.572059,-0.820043,-0.016710,0.820213,-0.571929,-0.012170,0.000423,-0.020668,0.999786,0,0.94799,0.54627,56.880,1.093,-1,400.000,-1,400.000,-1,325.000,325.000,300.000,300.000,-1,-1,-1,-1,825.000,800.000,-1,-1,2,0,2,0,2,0,0,0,0,2,2,2,2,0,0,2,2
65,-5489.360,74.240,140.037,125.986,-0.587555,-0.808990,-0.017732,0.809182,-0.587462,-0.010627,-0.001820,-0.020593,0.999786,0,0.94799,0.54627,56.880,1.093,-1,400.000,-1,400.000,-1,325.000,325.000,300.000,300.000,-1,-1,-1,-1,800.000,800.000,-1,-1,2,0,2,0,2,0,0,0,0,2,2,2,2,0,0,2,2
66,-5525.009,121.826,140.034,126.838,-0.599495,-0.800153,-0.019002,0.800370,-0.599429,-0.009597,-0.003711,-0.020962,0.999773,0,0.99097,0.42627,59.458,0.853,-1,400.000,-1,400.000,-1,325.000,325.000,300.000,300.000,-1,-1,-1,-1,800.000,775.000,-1,-1,2,0,2,0,2,0,0,0,0,2,2,2,2,0,0,2,2
67,-5561.165,169.029,139.934,127.451,-0.607984,-0.793687,-0.020400,0.793932,-0.607940,-0.009004,-0.005256,-0.021670,0.999751,0,0.99097,0.30627,59.458,0.613,-1,400.000,-1,400.000,-1,325.000,325.000,300.000,300.000,-1,-1,-1,-1,800.000,775.000,-1,-1,2,0,2,0,2,0,0,0,0,2,2,2,2,0,0,2,2
68,-5597.627,215.995,139.517,127.824,-0.613100,-0.789704,-0.021820,0.789977,-0.613077,-0.008479,-0.006681,-0.022436,0.999726,0,0.99097,0.18627,59.458,0.373,-1,400.000,-1,400.000,-1,325.000,325.000,300.000,300.000,-1,-1,-1,-1,775.000,775.000,-1,-1,2,0,2,0,2,0,0,0,0,2,2,2,2,0,0,2,2
69,-5634.197,262.876,139.024,127.956,-0.614889,-0.788272,-0.023212,0.788572,-0.614893,-0.007817,-0.008111,-0.023111,0.999700,0,0.99097,0.06627,59.458,0.133,-1,400.000,-1,400.000,-1,325.000,325.000,300.000,325.000,-1,-1,-1,-1,775.000,775.000,-1,-1,2,0,2,0,2,0,0,0,0,2,2,2,2,0,0,2,2
70,-5670.680,309.827,138.536,127.849,-0.613375,-0.789410,-0.024554,0.789737,-0.613403,-0.007283,-0.009312,-0.023858,0.999672,0,0.99097,-0.05373,59.458,-0.107,-1,400.000,-1,400.000,-1,325.000,325.000,300.000,325.000,-1,-1,-1,-1,775.000,750.000,-1,-1,2,0,2,0,2,0,0,0,0,2,2,2,2,0,0,2,2
71,-5706.877,356.997,138.066,127.501,-0.608545,-0.793100,-0.025805,0.793453,-0.608593,-0.006858,-0.010266,-0.024648,0.999643,0,0.99097,-0.17373,59.458,-0.347,-1,400.000,-1,400.000,-1,325.000,325.000,300.000,325.000,-1,-1,-1,-1,750.000,750.000,-1,-1,2,0,2,0,2,0,0,0,0,2,2,2,2,0,0,2,2
72,-5742.588,404.536,137.619,126.914,-0.600352,-0.799282,-0.026955,0.799661,-0.600417,-0.006524,-0.010970,-0.025472,0.999615,0,0.99097,-0.29373,59.458,-0.587,-1,400.000,-1,400.000,-1,325.000,325.000,300.000,325.000,-1,-1,-1,-1,750.000,750.000,-1,-1,2,0,2,0,2,0,0,0,0,2,2,2,2,0,0,2,2
73,-5777.610,452.586,137.160,126.086,-0.588725,-0.807855,-0.027810,0.808254,-0.588801,-0.006274,-0.011306,-0.026171,0.999594,0,0.99097,-0.41373,59.458,-0.827,-1,400.000,-1,400.000,-1,325.000,325.000,300.000,325.000,-1,-1,-1,-1,725.000,750.000,-1,-1,2,0,2,0,2,0,0,0,0,2,2,2,2,0,0,2,2
74,-5811.730,501.281,136.620,125.019,-0.573570,-0.818677,-0.028019,0.819082,-0.573644,-0.006128,-0.011057,-0.026465,0.999589,0,0.99097,-0.53373,59.458,-1.067,-1,400.000,-1,400.000,-1,325.000,325.000,300.000,325.000,-1,-1,-1,-1,725.000,750.000,-1,-1,2,0,2,0,2,0,0,0,0,2,2,2,2,0,0,2,2
75,-5844.730,550.741,136.142,123.711,-0.554742,-0.831546,-0.028157,0.831955,-0.554810,-0.006062,-0.010581,-0.026788,0.999585,0,0.99097,-0.65373,59.458,-1.307,-1,375.000,-1,400.000,-1,325.000,325.000,300.000,325.000,-1,-1,-1,-1,725.000,750.000,-1,-1,2,0,2,0,2,0,0,0,0,2,2,2,2,0,0,2,2
76,-5876.382,601.074,135.720,122.164,-0.532089,-0.846218,-0.028235,0.846631,-0.532146,-0.006045,-0.009910,-0.027121,0.999583,0,0.99097,-0.77373,59.458,-1.547,-1,375.000,-1,400.000,-1,325.000,325.000,300.000,325.000,-1,-1,-1,-1,725.000,750.000,-1,-1,2,0,2,0,2,0,0,0,0,2,2,2,2,0,0,2,2
77,-5906.475,652.355,135.351,120.405,-0.505877,-0.862142,-0.028281,0.862558,-0.505922,-0.006075,-0.009071,-0.027467,0.999582,0,0.99097,-0.87929,59.458,-1.759,-1,375.000,-1,400.000,-1,325.000,325.000,300.000,325.000,-1,-1,-1,-1,725.000,750.000,-1,-1,2,0,2,0,2,0,0,0,0,2,2,2,2,0,0,2,2
78,-5934.980,704.535,135.041,118.647,-0.479193,-0.877253,-0.028302,0.877672,-0.479222,-0.006184,-0.008138,-0.027804,0.999580,0,0.99097,-0.87929,59.458,-1.759,-1,375.000,-1,400.000,-1,325.000,325.000,300.000,325.000,-1,-1,-1,-1,700.000,750.000,-1,-1,2,0,2,0,2,0,0,0,0,2,2,2,2,0,0,2,2
79,-5961.870,757.566,134.656,116.888,-0.452073,-0.891550,-0.027710,0.891955,-0.452077,-0.006491,-0.006740,-0.027651,0.999595,0,0.99097,-0.87929,59.458,-1.759,-1,375.000,-1,400.000,-1,325.000,325.000,300.000,325.000,-1,-1,-1,-1,700.000,750.000,-1,-1,2,0,2,0,2,0,0,0,0,2,2,2,2,0,0,2,2
80,-5987.119,811.397,134.310,115.130,-0.424532,-0.905014,-0.026877,0.905398,-0.424509,-0.006865,-0.005197,-0.027248,0.999615,0,0.99097,-0.87929,59.458,-1.759,-1,375.000,-1,400.000,-1,325.000,325.000,300.000,325.000,-1,-1,-1,-1,700.000,750.000,-1,-1,2,0,2,0,2,0,0,0,0,2,2,2,2,0,0,2,2
81,-6010.705,865.977,134.095,113.371,-0.396594,-0.917631,-0.025824,0.917987,-0.396543,-0.007282,-0.003558,-0.026594,0.999640,0,0.99097,-0.87929,59.458,-1.759,-1,375.000,-1,400.000,-1,325.000,325.000,300.000,325.000,-1,-1,-1,-1,700.000,750.000,-1,-1,2,0,2,0,2,0,0,0,0,2,2,2,2,0,0,2,2
82,-6032.605,921.255,133.969,111.612,-0.368278,-0.929386,-0.024756,0.929714,-0.368203,-0.007698,-0.001961,-0.025852,0.999664,0,0.99097,-0.87929,59.458,-1.759,-1,375.000,-1,400.000,-1,325.000,325.000,300.000,300.000,-1,-1,-1,-1,700.000,750.000,-1,-1,2,0,2,0,2,0,0,0,0,2,2,2,2,0,0,2,2
83,-6052.798,977.180,133.927,109.854,-0.339612,-0.940268,-0.023678,0.940566,-0.339515,-0.008112,-0.000411,-0.025026,0.999687,0,0.99097,-0.87929,59.458,-1.759,-1,375.000,-1,400.000,-1,325.000,325.000,300.000,300.000,-1,-1,-1,-1,700.000,750.000,-1,-1,2,0,2,0,2,0,0,0,0,2,2,2,2,0,0,2,2
84,-6071.133,1032.506,133.961,108.335,-0.314599,-0.948955,-0.022619,0.949224,-0.314485,-0.008515,0.000967,-0.024150,0.999708,0,0.97141,-0.75929,58.285,-1.519,-1,375.000,-1,400.000,-1,325.000,325.000,300.000,300.000,-1,-1,-1,-1,700.000,750.000,-1,-1,2,0,2,0,2,0,0,0,0,2,2,2,2,0,0,2,2
85,-6088.228,1088.227,134.068,107.057,-0.293365,-0.955758,-0.021538,0.955998,-0.293239,-0.008882,0.002173,-0.023196,0.999729,0,0.97141,-0.63929,58.285,-1.279,-1,375.000,-1,400.000,-1,325.000,325.000,300.000,300.000,-1,-1,-1,-1,700.000,750.000,-1,-1,2,0,2,0,2,0,0,0,0,2,2,2,2,0,0,2,2
86,-6104.311,1144.249,134.233,106.018,-0.276009,-0.960937,-0.020460,0.961150,-0.275873,-0.009250,0.003245,-0.022218,0.999748,0,0.97141,-0.51929,58.285,-1.039,-1,375.000,-1,400.000,-1,325.000,325.000,300.000,300.000,-1,-1,-1,-1,700.000,750.000,-1,-1,2,0,2,0,2,0,0,0,0,2,2,2,2,0,0,2,2
87,-6119.612,1200.489,134.447,105.220,-0.262602,-0.964709,-0.019391,0.964895,-0.262459,-0.009630,0.004201,-0.021239,0.999766,0,0.97141,-0.39929,58.285,-0.799,-1,375.000,-1,400.000,-1,325.000,325.000,300.000,300.000,-1,-1,-1,-1,700.000,750.000,-1,-1,2,0,2,0,2,0,0,0,0,2,2,2,2,0,0,2,2
88,-6134.363,1256.876,134.695,104.661,-0.253195,-0.967242,-0.018295,0.967402,-0.253047,-0.010037,0.005079,-0.020240,0.999782,0,0.97141,-0.27929,58.285,-0.559,-1,375.000,-1,400.000,-1,325.000,325.000,300.000,300.000,-1,-1,-1,-1,700.000,750.000,-1,-1,2,0,2,0,2,0,0,0,0,2,2,2,2,0,0,2,2
89,-6148.801,1313.344,135.046,104.342,-0.247826,-0.968648,-0.017384,0.968785,-0.247668,-0.010745,0.006102,-0.019504,0.999791,0,0.97141,-0.15929,58.285,-0.319,-1,375.000,-1,400.000,-1,325.000,325.000,300.000,300.000,-1,-1,-1,-1,700.000,750.000,-1,-1,2,0,2,0,2,0,0,0,0,2,2,2,2,0,0,2,2
90,-6163.161,1369.832,135.447,104.264,-0.246509,-0.969000,-0.016501,0.969115,-0.246343,-0.011474,0.007053,-0.018819,0.999798,0,0.97141,-0.03929,58.285,-0.079,-1,375.000,-1,400.000,-1,325.000,325.000,300.000,325.000,-1,-1,-1,-1,700.000,750.000,-1,-1,2,0,2,0,2,0,0,0,0,2,2,2,2,0,0,2,2
91,-6177.681,1426.279,135.945,104.425,-0.249246,-0.968318,-0.015379,0.968408,-0.249076,-0.012150,0.007935,-0.017921,0.999808,0,0.97141,0.08071,58.285,0.161,-1,375.000,-1,400.000,-1,325.000,325.000,300.000,325.000,-1,-1,-1,-1,700.000,750.000,-1,-1,2,0,2,0,2,0,0,0,0,2,2,2,2,0,0,2,2
92,-6192.595,1482.623,136.489,104.827,-0.256030,-0.966565,-0.014177,0.966629,-0.255858,-0.012875,0.008817,-0.017000,0.999817,0,0.97141,0.20071,58.285,0.401,-1,375.000,-1,400.000,-1,325.000,325.000,300.000,325.000,-1,-1,1000.000,-1,700.000,725.000,-1,-1,2,0,2,0,2,0,0,0,0,2,2,0,2,0,0,2,2
93,-6208.054,1538.820,137.058,105.381,-0.265376,-0.964057,-0.012984,0.964096,-0.265204,-0.013603,0.009671,-0.016128,0.999823,0,0.97141,0.27724,58.285,0.554,-1,375.000,-1,400.000,-1,325.000,325.000,300.000,325.000,-1,-1,900.000,-1,700.000,725.000,-1,-1,2,0,2,0,2,0,0,0,0,2,2,0,2,0,0,2,2
94,-6224.056,1594.865,137.652,105.936,-0.274696,-0.961459,-0.011798,0.961473,-0.274525,-0.014333,0.010542,-0.015280,0.999828,0,0.97141,0.27724,58.285,0.554,-1,375.000,-1,400.000,-1,325.000,325.000,300.000,325.000,-1,-1,850.000,-1,700.000,725.000,-1,-1,2,0,2,0,2,0,0,0,0,2,2,0,2,0,0,2,2
95,-6240.600,1650.752,138.273,106.490,-0.283989,-0.958769,-0.010618,0.958759,-0.283819,-0.015065,0.011430,-0.014459,0.999830,0,0.97141,0.27724,58.285,0.554,-1,375.000,-1,400.000,-1,325.000,325.000,300.000,325.000,-1,975.000,825.000,-1,700.000,725.000,-1,-1,2,0,2,0,2,0,0,0,0,2,0,0,2,0,0,2,2
96,-6257.684,1706.477,138.922,107.045,-0.293254,-0.955988,-0.009447,0.955955,-0.293088,-0.015799,0.012335,-0.013664,0.999831,0,0.97141,0.27724,58.285,0.554,-1,375.000,-1,400.000,-1,325.000,325.000,300.000,300.000,-1,925.000,800.000,-1,700.000,725.000,-1,-1,2,0,2,0,2,0,0,0,0,2,0,0,2,0,0,2,2
97,-6275.307,1762.034,139.601,107.599,-0.302490,-0.953117,-0.008284,0.953061,-0.302328,-0.016533,0.013254,-0.012896,0.999829,0,0.97141,0.27724,58.285,0.554,-1,375.000,-1,375.000,-1,325.000,325.000,300.000,300.000,-1,900.000,775.000,-1,700.000,725.000,-1,-1,2,0,2,0,2,0,0,0,0,2,0,0,2,0,0,2,2
98,-6293.466,1817.417,140.311,108.153,-0.311696,-0.950155,-0.007131,0.950076,-0.311540,-0.017269,0.014187,-0.012158,0.999825,0,0.97141,0.27724,58.285,0.554,-1,375.000,-1,375.000,-1,325.000,325.000,300.000,300.000,-1,875.000,750.000,-1,700.000,725.000,-1,-1,2,0,2,0,2,0,0,0,0,2,0,0,2,0,0,2,2
99,-6312.160,1872.622,141.067,108.708,-0.320872,-0.947103,-0.006043,0.947002,-0.320723,-0.017987,0.015097,-0.011494,0.999820,0,0.97141,0.27724,58.285,0.554,-1,375.000,-1,375.000,-1,325.000,325.000,300.000,300.000,-1,850.000,725.000,-1,700.000,725.000,-1,-1,2,0,2,0,2,0,0,0,0,2,0,0,2,0,0,2,2
100,-6331.388,1927.644,141.990,109.262,-0.330024,-0.943957,-0.005445,0.943837,-0.329874,-0.018835,0.015983,-0.011355,0.999808,0,0.97141,0.27724,58.285,0.554,-1,375.000,-1,375.000,-1,300.000,325.000,300.000,300.000,-1,825.000,725.000,-1,700.000,725.000,-1,-1,2,0,2,0,2,0,0,0,0,2,0,0,2,0,0,2,2
101,-6351.147,1982.477,143.054,109.817,-0.339153,-0.940717,-0.005117,0.940574,-0.338992,-0.020135,0.017207,-0.011642,0.999784,0,0.97141,0.27724,58.285,0.554,-1,375.000,-1,375.000,-1,325.000,325.000,300.000,325.000,-1,800.000,700.000,-1,725.000,725.000,-1,-1,2,0,2,0,2,0,0,0,0,2,0,0,2,0,0,2,2
102,-6371.437,2037.116,144.133,110.371,-0.348249,-0.937390,-0.004714,0.937222,-0.348079,-0.021343,0.018365,-0.011851,0.999761,0,0.97141,0.27724,58.285,0.554,-1,375.000,-1,375.000,-1,325.000,325.000,300.000,325.000,-1,775.000,700.000,-1,725.000,725.000,-1,-1,2,0,2,0,2,0,0,0,0,2,0,0,2,0,0,2,2
103,-6392.253,2091.557,145.287,110.926,-0.357306,-0.933978,-0.004139,0.933786,-0.357134,-0.022326,0.019374,-0.011842,0.999742,0,0.97141,0.27724,58.285,0.554,-1,375.000,-1,375.000,-1,325.000,325.000,300.000,325.000,-1,775.000,700.000,-1,725.000,725.000,-1,-1,2,0,2,0,2,0,0,0,0,2,0,0,2,0,0,2,2
104,-6413.596,2145.793,146.534,111.480,-0.366325,-0.930481,-0.003206,0.930259,-0.366157,-0.023393,0.020592,-0.011552,0.999721,0,0.97141,0.27724,58.285,0.554,-1,375.000,-1,375.000,-1,325.000,325.000,300.000,325.000,-1,750.000,675.000,-1,725.000,725.000,-1,-1,2,0,2,0,2,0,0,0,0,2,0,0,2,0,0,2,2
105,-6435.463,2199.820,147.801,112.035,-0.375308,-0.926897,-0.002282,0.926644,-0.375145,-0.024420,0.021779,-0.011279,0.999699,0,0.97141,0.27724,58.285,0.554,-1,375.000,-1,375.000,-1,325.000,325.000,300.000,325.000,-1,725.000,675.000,-1,725.000,725.000,-1,-1,2,0,2,0,2,0,0,0,0,2,0,0,2,0,0,2,2
106,-6457.851,2253.634,149.090,112.589,-0.384254,-0.923226,-0.001368,0.922942,-0.384099,-0.025408,0.022932,-0.011026,0.999676,0,0.97141,0.27724,58.285,0.554,-1,375.000,-1,375.000,-1,325.000,325.000,300.000,325.000,-1,725.000,675.000,-1,750.000,725.000,-1,-1,2,0,2,0,2,0,0,0,0,2,0,0,2,0,0,2,2
107,-6478.925,2303.513,150.310,112.904,-0.389309,-0.921107,-0.000539,0.920794,-0.389161,-0.026290,0.024006,-0.010731,0.999654,0,0.90248,0.15724,54.149,0.314,-1,375.000,-1,375.000,-1,325.000,325.000,300.000,300.000,-1,725.000,675.000,-1,750.000,725.000,-1,-1,2,0,2,0,2,0,0,0,0,2,0,0,2,0,0,2,2
108,-6500.063,2353.366,151.557,112.978,-0.390497,-0.920604,0.000263,0.920262,-0.390360,-0.027141,0.025089,-0.010356,0.999632,0,0.90248,0.03724,54.149,0.074,-1,400.000,-1,375.000,-1,325.000,325.000,300.000,300.000,-1,725.000,675.000,-1,750.000,725.000,-1,-1,2,0,2,0,2,0,0,0,0,2,0,0,2,0,0,2,2
109,-6521.058,2403.279,152.817,112.813,-0.387827,-0.921732,0.000954,0.921362,-0.387700,-0.027939,0.026122,-0.009957,0.999609,0,0.90248,-0.08276,54.149,-0.166,-1,400.000,-1,375.000,-1,325.000,325.000,300.000,300.000,-1,725.000,675.000,-1,750.000,725.000,-1,-1,2,0,2,0,2,0,0,0,0,2,0,0,2,0,0,2,2
110,-6541.698,2453.339,154.086,112.407,-0.381285,-0.924456,0.001493,0.924061,-0.381168,-0.028675,0.027078,-0.009553,0.999588,0,0.90248,-0.20276,54.149,-0.406,-1,400.000,-1,375.000,-1,325.000,325.000,300.000,300.000,-1,725.000,675.000,-1,750.000,725.000,-1,-1,2,0,2,0,2,0,0,0,0,2,0,0,2,0,0,2,2
111,-6561.774,2503.629,155.392,111.762,-0.370836,-0.928696,0.001963,0.928276,-0.370730,-0.029370,0.028003,-0.009069,0.999567,0,0.90248,-0.32276,54.149,-0.646,-1,400.000,-1,375.000,-1,325.000,325.000,300.000,300.000,-1,725.000,700.000,-1,775.000,725.000,-1,-1,2,0,2,0,2,0,0,0,0,2,0,0,2,0,0,2,2
112,-6581.069,2554.223,156.860,110.876,-0.356441,-0.934316,0.001810,0.933882,-0.356333,-0.029845,0.028529,-0.008948,0.999553,0,0.90248,-0.44276,54.149,-0.886,-1,400.000,-1,375.000,-1,325.000,325.000,300.000,300.000,-1,775.000,725.000,-1,775.000,725.000,-1,-1,2,0,2,0,2,0,0,0,0,2,0,0,2,0,0,2,2
113,-6599.579,2605.110,158.401,109.988,-0.341922,-0.939727,0.001550,0.939274,-0.341808,-0.030525,0.029214,-0.008982,0.999533,0,0.90248,-0.44408,54.149,-0.888,-1,400.000,-1,375.000,-1,325.000,325.000,300.000,300.000,-1,800.000,775.000,-1,775.000,750.000,-1,-1,2,0,2,0,2,0,0,0,0,2,0,0,2,0,0,2,2
114,-6617.297,2656.278,159.973,109.100,-0.327322,-0.944912,0.001262,0.944440,-0.327200,-0.031183,0.029878,-0.009015,0.999513,0,0.90248,-0.44408,54.149,-0.888,-1,400.000,-1,375.000,-1,325.000,325.000,300.000,300.000,-1,825.000,800.000,-1,775.000,750.000,-1,-1,2,0,2,0,2,0,0,0,0,2,0,0,2,0,0,2,2
115,-6634.220,2707.714,161.598,108.212,-0.312639,-0.949871,0.001066,0.949386,-0.312515,-0.031639,0.030386,-0.008879,0.999499,0,0.90248,-0.44408,54.149,-0.888,-1,400.000,-1,375.000,-1,325.000,325.000,300.000,300.000,-1,875.000,825.000,-1,775.000,750.000,-1,-1,2,0,2,0,2,0,0,0,0,2,0,0,2,0,0,2,2
116,-6650.343,2759.407,163.302,107.323,-0.297873,-0.954605,0.001088,0.954109,-0.297754,-0.031914,0.030790,-0.008468,0.999490,0,0.90248,-0.44408,54.149,-0.888,-1,400.000,-1,375.000,-1,325.000,325.000,300.000,300.000,-1,925.000,875.000,-1,775.000,750.000,-1,-1,2,0,2,0,2,0,0,0,0,2,0,0,2,0,0,2,2
117,-6665.664,2811.343,165.029,106.435,-0.283034,-0.959109,0.001150,0.958602,-0.282923,-0.032188,0.031197,-0.008008,0.999481,0,0.90248,-0.44408,54.149,-0.888,-1,400.000,-1,400.000,-1,325.000,325.000,300.000,300.000,-1,975.000,925.000,-1,775.000,750.000,-1,-1,2,0,2,0,2,0,0,0,0,2,0,0,2,0,0,2,2
118,-6680.177,2863.511,166.768,105.547,-0.268126,-0.963383,0.001202,0.962866,-0.268023,-0.032441,0.031576,-0.007541,0.999473,0,0.90248,-0.44408,54.149,-0.888,-1,400.000,-1,400.000,-1,325.000,325.000,300.000,300.000,-1,-1,975.000,-1,775.000,750.000,-1,-1,2,0,2,0,2,0,0,0,0,2,2,0,2,0,0,2,2
119,-6693.880,2915.897,168.517,104.659,-0.253154,-0.967425,0.001246,0.966899,-0.253058,-0.032675,0.031926,-0.007067,0.999465,0,0.90248,-0.44408,54.149,-0.888,-1,400.000,-1,400.000,-1,325.000,325.000,300.000,300.000,-1,-1,-1,-1,775.000,750.000,-1,-1,2,0,2,0,2,0,0,0,0,2,2,2,2,0,0,2,2
120,-6706.770,2968.489,170.267,103.771,-0.238122,-0.971235,0.001253,0.970699,-0.238033,-0.032932,0.032283,-0.006626,0.999457,0,0.90248,-0.44408,54.149,-0.888,-1,400.000,-1,400.000,-1,325.000,325.000,300.000,300.000,-1,-1,-1,-1,775.000,750.000,-1,-1,2,0,2,0,2,0,0,0,0,2,2,2,2,0,0,2,2
121,-6718.842,3021.275,172.002,102.883,-0.223035,-0.974810,0.001173,0.974262,-0.222950,-0.033275,0.032698,-0.006279,0.999446,0,0.90248,-0.44408,54.149,-0.888,-1,400.000,-1,400.000,-1,325.000,325.000,300.000,300.000,-1,-1,-1,-1,775.000,750.000,-1,-1,2,0,2,0,2,0,0,0,0,2,2,2,2,0,0,2,2
122,-6730.095,3074.241,173.743,101.994,-0.207895,-0.978151,0.001078,0.977591,-0.207813,-0.033610,0.033099,-0.005934,0.999434,0,0.90248,-0.44408,54.149,-0.888,-1,400.000,-1,400.000,-1,325.000,325.000,300.000,300.000,-1,-1,-1,-1,775.000,750.000,-1,-1,2,0,2,0,2,0,0,0,0,2,2,2,2,0,0,2,2
123,-6740.526,3127.376,175.491,101.106,-0.192705,-0.981256,0.000971,0.980685,-0.192627,-0.033938,0.033489,-0.005588,0.999423,0,0.90248,-0.44408,54.149,-0.888,-1,400.000,-1,400.000,-1,325.000,325.000,300.000,300.000,-1,-1,-1,-1,775.000,750.000,-1,-1,2,0,2,0,2,0,0,0,0,2,2,2,2,0,0,2,2
124,-6750.132,3180.666,177.246,100.218,-0.177469,-0.984126,0.000855,0.983543,-0.177394,-0.034260,0.033868,-0.005239,0.999413,0,0.90248,-0.44408,54.149,-0.888,-1,400.000,-1,400.000,-1,325.000,325.000,300.000,300.000,-1,-1,-1,-1,800.000,750.000,-1,-1,2,0,2,0,2,0,0,0,0,2,2,2,2,0,0,2,2
125,-6758.910,3234.098,179.015,99.330,-0.162191,-0.986759,0.000695,0.986166,-0.162118,-0.034555,0.034210,-0.004919,0.999403,0,0.90248,-0.44408,54.149,-0.888,-1,400.000,-1,400.000,-1,325.000,325.000,300.000,300.000,-1,-1,-1,-1,800.000,750.000,-1,-1,2,0,2,0,2,0,0,0,0,2,2,2,2,0,0,2,2
126,-6766.859,3287.660,180.841,98.442,-0.146880,-0.989154,0.000321,0.988558,-0.146803,-0.034665,0.034336,-0.004774,0.999399,0,0.90248,-0.44408,54.149,-0.888,-1,400.000,-1,400.000,-1,325.000,325.000,300.000,300.000,-1,-1,-1,-1,800.000,775.000,-1,-1,2,0,2,0,2,0,0,0,0,2,2,2,2,0,0,2,2
127,-6773.978,3341.339,182.680,97.554,-0.131532,-0.991312,0.000010,0.990716,-0.131453,-0.034657,0.034357,-0.004549,0.999399,0,0.90248,-0.44408,54.149,-0.888,-1,400.000,-1,400.000,-1,325.000,325.000,300.000,300.000,-1,-1,-1,-1,800.000,775.000,-1,-1,2,0,2,0,2,0,0,0,0,2,2,2,2,0,0,2,2
128,-6780.263,3395.122,184.519,96.665,-0.116151,-0.993231,-0.000312,0.992639,-0.116071,-0.034566,0.034296,-0.004324,0.999402,0,0.90248,-0.44408,54.149,-0.888,-1,400.000,-1,400.000,-1,325.000,325.000,300.000,300.000,-1,-1,-1,-1,800.000,775.000,-1,-1,2,0,2,0,2,0,0,0,0,2,2,2,2,0,0,2,2
129,-6785.713,3448.995,186.361,95.777,-0.100743,-0.994912,-0.000617,0.994323,-0.100662,-0.034475,0.034237,-0.004087,0.999405,0,0.90248,-0.44408,54.149,-0.888,-1,400.000,-1,400.000,-1,325.000,325.000,325.000,300.000,-1,-1,-1,-1,800.000,775.000,-1,-1,2,0,2,0,2,0,0,0,0,2,2,2,2,0,0,2,2
130,-6790.328,3502.947,188.206,94.889,-0.085309,-0.996354,-0.000905,0.995768,-0.085228,-0.034383,0.034181,-0.003834,0.999408,0,0.90248,-0.44408,54.149,-0.888,-1,400.000,-1,400.000,-1,325.000,325.000,325.000,300.000,-1,-1,-1,-1,800.000,775.000,-1,-1,2,0,2,0,2,0,0,0,0,2,2,2,2,0,0,2,2
131,-6794.107,3556.964,190.054,94.001,-0.069855,-0.997556,-0.001171,0.996973,-0.069773,-0.034292,0.034127,-0.003563,0.999411,0,0.90248,-0.44408,54.149,-0.888,-1,400.000,-1,400.000,-1,325.000,325.000,325.000,300.000,-1,-1,-1,-1,800.000,775.000,-1,-1,2,0,2,0,2,0,0,0,0,2,2,2,2,0,0,2,2
132,-6797.047,3611.032,191.906,93.113,-0.054382,-0.998519,-0.001415,0.997939,-0.054302,-0.034203,0.034076,-0.003272,0.999414,0,0.90248,-0.44408,54.149,-0.888,-1,400.000,-1,400.000,-1,325.000,325.000,325.000,300.000,-1,-1,-1,-1,800.000,775.000,-1,-1,2,0,2,0,2,0,0,0,0,2,2,2,2,0,0,2,2
133,-6799.169,3660.335,193.595,92.465,-0.043084,-0.999070,-0.001626,0.998492,-0.043003,-0.034118,0.034017,-0.003094,0.999416,0,0.82248,-0.32408,49.349,-0.648,-1,400.000,-1,400.000,-1,325.000,325.000,325.000,300.000,-1,-1,-1,-1,800.000,775.000,-1,-1,2,0,2,0,2,0,0,0,0,2,2,2,2,0,0,2,2
134,-6800.870,3707.708,195.218,92.057,-0.035968,-0.999351,-0.001826,0.998776,-0.035885,-0.034030,0.033943,-0.003048,0.999419,0,0.79006,-0.20408,47.403,-0.408,-1,400.000,-1,400.000,-1,325.000,325.000,325.000,300.000,-1,-1,-1,-1,800.000,800.000,-1,-1,2,0,2,0,2,0,0,0,0,2,2,2,2,0,0,2,2
135,-6802.432,3755.086,196.841,91.888,-0.033040,-0.999452,-0.002030,0.998881,-0.032952,-0.033934,0.033849,-0.003149,0.999422,0,0.79006,-0.08408,47.403,-0.168,-1,400.000,-1,400.000,-1,325.000,325.000,325.000,300.000,-1,-1,-1,-1,825.000,800.000,-1,-1,2,0,2,0,2,0,0,0,0,2,2,2,2,0,0,2,2
136,-6804.054,3802.462,198.463,91.960,-0.034301,-0.999409,-0.002247,0.998842,-0.034205,-0.033829,0.033732,-0.003404,0.999425,0,0.79006,0.03592,47.403,0.072,-1,400.000,-1,400.000,-1,325.000,325.000,325.000,300.000,-1,-1,-1,-1,825.000,800.000,-1,-1,2,0,2,0,2,0,0,0,0,2,2,2,2,0,0,2,2
137,-6805.933,3849.828,200.082,92.272,-0.039750,-0.999207,-0.002484,0.998645,-0.039644,-0.033713,0.033588,-0.003820,0.999428,0,0.79006,0.15592,47.403,0.312,-1,400.000,-1,400.000,-1,325.000,325.000,325.000,300.000,-1,-1,-1,-1,825.000,800.000,-1,-1,2,0,2,0,2,0,0,0,0,2,2,2,2,0,0,2,2
