timestep,x_cm,y_cm,z_cm,yaw_deg,basis_xx,basis_xy,basis_xz,basis_yx,basis_yy,basis_yz,basis_zx,basis_zy,basis_zz,teleport_flag,throttle_cmd,steering_cmd,cmd_move_cm,cmd_turn_deg,lidar_cm_0,lidar_cm_1,lidar_cm_2,lidar_cm_3,lidar_cm_4,lidar_cm_5,lidar_cm_6,lidar_cm_7,lidar_cm_8,lidar_cm_9,lidar_cm_10,lidar_cm_11,lidar_cm_12,lidar_cm_13,lidar_cm_14,lidar_cm_15,lidar_cm_16,lidar_class_0,lidar_class_1,lidar_class_2,lidar_class_3,lidar_class_4,lidar_class_5,lidar_class_6,lidar_class_7,lidar_class_8,lidar_class_9,lidar_class_10,lidar_class_11,lidar_class_12,lidar_class_13,lidar_class_14,lidar_class_15,lidar_class_16
0,-2294.502,-4258.926,-509.878,74.790,0.261724,-0.964920,-0.020748,0.964275,0.262339,-0.036773,0.040927,-0.010383,0.999108,1,0.08000,-0.12000,4.800,-0.240,825.000,-1,-1,375.000,-1,300.000,300.000,300.000,300.000,-1,400.000,400.000,950.000,-1,-1,-1,-1,1,2,2,0,2,0,0,0,0,2,0,0,0,2,2,2,2
1,-2291.906,-4249.683,-509.522,74.310,0.269782,-0.962690,-0.021112,0.962016,0.270414,-0.037435,0.041747,-0.010211,0.999076,0,0.16000,-0.24000,9.600,-0.480,875.000,-1,-1,375.000,-1,300.000,300.000,300.000,300.000,-1,400.000,400.000,950.000,-1,-1,-1,-1,1,2,2,0,2,0,0,0,0,2,0,0,0,2,2,2,2
2,-2287.838,-4235.870,-508.986,73.590,0.281833,-0.959218,-0.021686,0.958501,0.282491,-0.038409,0.042969,-0.009961,0.999027,0,0.24000,-0.36000,14.400,-0.720,925.000,-1,-1,375.000,-1,300.000,300.000,300.000,300.000,-1,400.000,400.000,950.000,-1,-1,-1,-1,1,2,2,0,2,0,0,0,0,2,0,0,0,2,2,2,2
3,-2282.106,-4217.545,-508.270,72.630,0.297830,-0.954354,-0.022502,0.953577,0.298523,-0.039675,0.044581,-0.009641,0.998959,0,0.32000,-0.48000,19.200,-0.960,-1,-1,-1,375.000,-1,300.000,300.000,300.000,300.000,-1,375.000,425.000,950.000,-1,-1,-1,-1,2,2,2,0,2,0,0,0,0,2,0,0,0,2,2,2,2
4,-2274.463,-4194.794,-507.374,71.430,0.317704,-0.947896,-0.023602,0.947045,0.318445,-0.041200,0.046569,-0.009262,0.998872,0,0.40000,-0.60000,24.000,-1.200,-1,-1,-1,375.000,-1,-1,300.000,300.000,300.000,-1,350.000,400.000,950.000,-1,-1,-1,-1,2,2,2,0,2,2,0,0,0,2,0,0,0,2,2,2,2
5,-2264.608,-4167.733,-506.297,69.990,0.341364,-0.939598,-0.025031,0.938657,0.342167,-0.042942,0.048913,-0.008836,0.998764,0,0.48000,-0.72000,28.800,-1.440,-1,-1,-1,375.000,-1,-1,300.000,300.000,300.000,-1,325.000,375.000,975.000,-1,-1,-1,-1,2,2,2,0,2,2,0,0,0,2,0,0,0,2,2,2,2
6,-2252.190,-4136.511,-505.039,68.310,0.368687,-0.929166,-0.026839,0.928121,0.369568,-0.044846,0.051588,-0.008376,0.998633,0,0.56000,-0.84000,33.600,-1.680,-1,-1,-1,-1,-1,-1,-1,300.000,300.000,-1,325.000,350.000,975.000,-1,-1,-1,-1,2,2,2,2,2,2,2,0,0,2,0,0,0,2,2,2,2
7,-2236.941,-4101.269,-503.585,66.603,0.396109,-0.917745,-0.029030,0.916583,0.397090,-0.046860,0.054533,-0.008046,0.998480,0,0.64000,-0.85371,38.400,-1.707,-1,-1,-1,-1,-1,-1,-1,275.000,300.000,-1,300.000,325.000,975.000,-1,-1,-1,-1,2,2,2,2,2,2,2,0,0,2,0,0,0,2,2,2,2
8,-2218.641,-4062.136,-501.617,64.938,0.422582,-0.905827,-0.030041,0.904548,0.423597,-0.048575,0.056726,-0.006647,0.998368,0,0.72000,-0.83264,43.200,-1.665,-1,-1,-1,-1,-1,-1,-1,275.000,300.000,-1,300.000,325.000,1000.000,-1,-1,-1,-1,2,2,2,2,2,2,2,0,0,2,0,0,0,2,2,2,2
9,-2197.088,-4019.246,-499.092,63.320,0.448038,-0.893522,-0.029685,0.892121,0.449003,-0.050160,0.058148,-0.004009,0.998300,0,0.80000,-0.80874,48.000,-1.617,-1,-1,-1,-1,-1,-1,-1,275.000,300.000,-1,325.000,350.000,1000.000,-1,-1,-1,-1,2,2,2,2,2,2,2,0,0,2,0,0,0,2,2,2,2
10,-2172.112,-3972.731,-506.319,61.757,0.472031,-0.880150,-0.050233,0.881172,0.472783,-0.003562,0.026884,-0.042582,0.998731,0,0.88000,-0.78153,52.800,-1.563,-1,-1,-1,-1,-1,-1,-1,200.000,325.000,-1,800.000,825.000,-1,-1,-1,-1,-1,2,2,2,2,2,2,2,0,0,2,0,0,2,2,2,2,2
11,-2143.569,-3922.701,-514.209,60.256,0.496655,-0.865092,-0.070358,0.867917,0.494318,0.048672,-0.007327,-0.085238,0.996334,0,0.96000,-0.75045,57.600,-1.501,-1,-1,-1,-1,-1,-1,-1,125.000,375.000,1000.000,-1,-1,-1,-1,-1,-1,-1,2,2,2,2,2,2,2,0,0,0,2,2,2,2,2,2,2
12,-2112.573,-3871.323,-522.480,58.826,0.521997,-0.848262,-0.089281,0.851862,0.513192,0.104711,-0.043004,-0.130714,0.990487,0,1.00000,-0.71487,60.000,-1.430,-1,-1,-1,-1,-1,-1,-1,75.000,425.000,575.000,-1,-1,-1,-1,-1,-1,-1,2,2,2,2,2,2,2,0,0,1,2,2,2,2,2,2,2
13,-2080.408,-3820.663,-530.313,57.476,0.548162,-0.829493,-0.107052,0.832547,0.528939,0.164588,-0.079901,-0.179347,0.980536,0,1.00000,-0.67530,60.000,-1.351,-1,-1,-1,-1,-1,-1,-1,0.000,525.000,150.000,0.000,-1,-1,-1,-1,-1,150.000,2,2,2,2,2,2,2,0,0,0,0,2,2,2,2,2,0
14,-8855.155,-7543.252,-453.116,-168.092,-0.950194,0.206283,-0.233621,-0.194879,-0.978243,-0.071148,-0.243215,-0.022077,0.969721,1,0.00000,0.00000,60.000,-1.265,775.000,600.000,-1,600.000,475.000,575.000,600.000,75.000,125.000,-1,-1,-1,-1,775.000,750.000,875.000,675.000,1,1,2,1,1,1,1,0,1,2,2,2,2,1,1,1,1
15,-8851.875,2955.266,-205.655,47.900,0.671013,-0.741426,-0.005352,0.740645,0.669936,0.051283,-0.034437,-0.038375,0.998670,1,0.08000,-0.12000,4.800,-0.240,-1,375.000,-1,350.000,-1,300.000,300.000,325.000,325.000,-1,425.000,475.000,-1,675.000,625.000,-1,-1,2,0,2,0,2,0,0,0,0,2,0,0,2,0,0,2,2
16,-8845.379,2962.335,-205.931,47.420,0.677197,-0.735780,-0.005661,0.735033,0.676117,0.050907,-0.033629,-0.038636,0.998687,0,0.16000,-0.24000,9.600,-0.480,-1,375.000,-1,350.000,-1,300.000,300.000,325.000,325.000,-1,425.000,450.000,-1,675.000,625.000,-1,-1,2,0,2,0,2,0,0,0,0,2,0,0,2,0,0,2,2
17,-8835.504,2972.815,-206.330,46.700,0.686381,-0.727216,-0.006128,0.726520,0.685300,0.050329,-0.032400,-0.038997,0.998714,0,0.24000,-0.36000,14.400,-0.720,-1,375.000,-1,350.000,-1,300.000,300.000,325.000,325.000,-1,425.000,450.000,-1,650.000,625.000,-1,-1,2,0,2,0,2,0,0,0,0,2,0,0,2,0,0,2,2
18,-8822.104,2986.565,-206.834,45.740,0.698457,-0.715620,-0.006754,0.714992,0.697376,0.049529,-0.030734,-0.039423,0.998750,0,0.32000,-0.48000,19.200,-0.960,-1,375.000,-1,350.000,-1,300.000,300.000,325.000,325.000,-1,425.000,450.000,-1,650.000,625.000,-1,-1,2,0,2,0,2,0,0,0,0,2,0,0,2,0,0,2,2
19,-8804.997,3003.399,-207.447,44.540,0.713274,-0.700843,-0.007682,0.700304,0.712194,0.048505,-0.028523,-0.039977,0.998793,0,0.40000,-0.60000,24.000,-1.200,-1,375.000,-1,350.000,-1,300.000,300.000,325.000,325.000,-1,400.000,425.000,-1,650.000,625.000,-1,-1,2,0,2,0,2,0,0,0,0,2,0,0,2,0,0,2,2
20,-8783.968,3023.077,-208.129,43.100,0.730637,-0.682708,-0.008857,0.682279,0.729565,0.047225,-0.025779,-0.040547,0.998845,0,0.48000,-0.72000,28.800,-1.440,-1,375.000,-1,350.000,-1,300.000,300.000,325.000,325.000,-1,400.000,425.000,-1,650.000,625.000,-1,-1,2,0,2,0,2,0,0,0,0,2,0,0,2,0,0,2,2
21,-8758.772,3045.306,-208.838,41.420,0.750305,-0.661013,-0.010250,0.660709,0.749251,0.045673,-0.022511,-0.041041,0.998904,0,0.56000,-0.84000,33.600,-1.680,-1,350.000,-1,375.000,-1,300.000,300.000,325.000,325.000,-1,400.000,400.000,-1,650.000,650.000,-1,-1,2,0,2,0,2,0,0,0,0,2,0,0,2,0,0,2,2
22,-8729.154,3069.747,-209.530,39.529,0.771661,-0.635923,-0.011875,0.635758,0.770642,0.043861,-0.018741,-0.041395,0.998967,0,0.64000,-0.94538,38.400,-1.891,-1,350.000,-1,375.000,-1,300.000,300.000,325.000,325.000,-1,375.000,375.000,-1,650.000,650.000,-1,-1,2,0,2,0,2,0,0,0,0,2,0,0,2,0,0,2,2
23,-8694.943,3096.126,-210.168,37.636,0.792192,-0.610117,-0.013749,0.610096,0.791223,0.041810,-0.014630,-0.041510,0.999031,0,0.72000,-0.94648,43.200,-1.893,-1,350.000,-1,375.000,-1,300.000,300.000,325.000,325.000,-1,375.000,350.000,-1,650.000,650.000,-1,-1,2,0,2,0,2,0,0,0,0,2,0,0,2,0,0,2,2
24,-8655.982,3124.163,-210.709,35.740,0.811882,-0.583606,-0.015882,0.583733,0.810983,0.039530,-0.010190,-0.041365,0.999092,0,0.80000,-0.94808,48.000,-1.896,-1,350.000,-1,375.000,-1,300.000,300.000,325.000,325.000,-1,350.000,350.000,-1,650.000,675.000,-1,-1,2,0,2,0,2,0,0,0,0,2,0,0,2,0,0,2,2
25,-8613.797,3152.706,-211.103,34.084,0.828338,-0.559933,-0.018203,0.560199,0.827525,0.037141,-0.005733,-0.040962,0.999144,0,0.84890,-0.82808,50.934,-1.656,-1,350.000,-1,375.000,-1,300.000,300.000,325.000,325.000,-1,350.000,325.000,-1,650.000,675.000,-1,-1,2,0,2,0,2,0,0,0,0,2,0,0,2,0,0,2,2
26,-8570.984,3180.156,-211.391,32.668,0.841852,-0.539328,-0.020266,0.539706,0.841138,0.034686,-0.001661,-0.040138,0.999193,0,0.84761,-0.70808,50.857,-1.416,-1,350.000,-1,375.000,-1,300.000,300.000,350.000,325.000,-1,325.000,300.000,-1,650.000,675.000,-1,-1,2,0,2,0,2,0,0,0,0,2,0,0,2,0,0,2,2
27,-8527.655,3206.699,-211.525,31.491,0.852672,-0.521969,-0.022328,0.522442,0.852065,0.032243,0.002195,-0.039158,0.999231,0,0.84687,-0.58808,50.812,-1.176,-1,350.000,-1,375.000,-1,300.000,300.000,350.000,325.000,-1,325.000,300.000,-1,650.000,700.000,-1,-1,2,0,2,0,2,0,0,0,0,2,0,0,2,0,0,2,2
28,-8483.909,3232.523,-211.585,30.555,0.861016,-0.507991,-0.024402,0.508546,0.860502,0.030289,0.005611,-0.038489,0.999243,0,0.84666,-0.46808,50.800,-0.936,-1,375.000,-1,375.000,-1,300.000,300.000,325.000,325.000,-1,325.000,300.000,-1,650.000,700.000,-1,-1,2,0,2,0,2,0,0,0,0,2,0,0,2,0,0,2,2
29,-8439.837,3257.823,-211.491,29.859,0.867054,-0.497511,-0.026461,0.498137,0.866632,0.028433,0.008787,-0.037834,0.999245,0,0.84695,-0.34808,50.817,-0.696,-1,375.000,-1,375.000,-1,300.000,300.000,325.000,325.000,-1,325.000,275.000,-1,675.000,700.000,-1,-1,2,0,2,0,2,0,0,0,0,2,0,0,2,0,0,2,2
30,-8395.527,3282.792,-211.065,29.403,0.870935,-0.490620,-0.027650,0.491272,0.870609,0.026306,0.011166,-0.036495,0.999271,0,0.84768,-0.22808,50.861,-0.456,-1,375.000,-1,375.000,-1,300.000,300.000,325.000,350.000,-1,350.000,300.000,-1,675.000,700.000,-1,-1,2,0,2,0,2,0,0,0,0,2,0,0,2,0,0,2,2
31,-8351.064,3307.627,-210.493,29.187,0.872728,-0.487354,-0.028849,0.488025,0.872493,0.024255,0.013349,-0.035247,0.999289,0,0.84881,-0.10808,50.929,-0.216,-1,375.000,-1,375.000,-1,300.000,300.000,325.000,350.000,-1,375.000,300.000,-1,675.000,700.000,-1,-1,2,0,2,0,2,0,0,0,0,2,0,0,2,0,0,2,2
32,-8306.535,3332.524,-209.826,29.211,0.872474,-0.487735,-0.030075,0.488421,0.872322,0.022345,0.015337,-0.034185,0.999298,0,0.85028,0.01192,51.017,0.024,-1,375.000,-1,375.000,-1,300.000,300.000,325.000,350.000,-1,375.000,325.000,-1,675.000,725.000,-1,-1,2,0,2,0,2,0,0,0,0,2,0,0,2,0,0,2,2
33,-8262.028,3357.678,-209.055,29.474,0.870164,-0.491762,-0.031380,0.492460,0.870094,0.020465,0.017239,-0.033261,0.999298,0,0.85204,0.13192,51.123,0.264,-1,375.000,-1,375.000,-1,300.000,300.000,325.000,350.000,-1,400.000,325.000,-1,675.000,725.000,-1,-1,2,0,2,0,2,0,0,0,0,2,0,0,2,0,0,2,2
34,-8217.642,3383.281,-208.156,29.978,0.865749,-0.499405,-0.032775,0.500118,0.865755,0.018747,0.019013,-0.032622,0.999287,0,0.85403,0.25192,51.242,0.504,-1,375.000,-1,375.000,-1,300.000,300.000,325.000,350.000,-1,400.000,350.000,-1,675.000,725.000,-1,-1,2,0,2,0,2,0,0,0,0,2,0,0,2,0,0,2,2
35,-8173.480,3409.525,-207.132,30.722,0.859130,-0.510607,-0.034297,0.511339,0.859207,0.017205,0.020683,-0.032319,0.999264,0,0.85618,0.37192,51.371,0.744,-1,375.000,-1,375.000,-1,300.000,300.000,325.000,350.000,-1,425.000,350.000,-1,700.000,725.000,-1,-1,2,0,2,0,2,0,0,0,0,2,0,0,2,0,0,2,2
36,-8129.573,3436.453,-205.984,31.520,0.851867,-0.522523,-0.035945,0.523280,0.852014,0.015824,0.022357,-0.032289,0.999228,0,0.85845,0.39896,51.507,0.798,-1,375.000,-1,375.000,-1,300.000,300.000,325.000,350.000,-1,425.000,350.000,-1,700.000,750.000,-1,-1,2,0,2,0,2,0,0,0,0,2,0,0,2,0,0,2,2
37,-8085.921,3464.057,-204.712,32.308,0.844523,-0.534190,-0.037716,0.534979,0.844739,0.014597,0.024063,-0.032505,0.999182,0,0.86078,0.39409,51.647,0.788,-1,375.000,-1,375.000,-1,300.000,300.000,325.000,350.000,-1,425.000,350.000,-1,725.000,775.000,-1,-1,2,0,2,0,2,0,0,0,0,2,0,0,2,0,0,2,2
38,-8042.649,3492.261,-203.362,33.096,0.837011,-0.545749,-0.039636,0.546572,0.837307,0.013303,0.025927,-0.032799,0.999126,0,0.86087,0.39390,51.652,0.788,-1,375.000,-1,375.000,-1,300.000,300.000,325.000,350.000,-1,400.000,375.000,-1,750.000,775.000,-1,-1,2,0,2,0,2,0,0,0,0,2,0,0,2,0,0,2,2
39,-7999.769,3521.058,-201.934,33.884,0.829329,-0.557203,-0.041701,0.558062,0.829714,0.011936,0.027949,-0.033170,0.999059,0,0.86087,0.39390,51.652,0.788,-1,375.000,-1,400.000,-1,300.000,300.000,325.000,350.000,-1,400.000,375.000,-1,775.000,800.000,-1,-1,2,0,2,0,2,0,0,0,0,2,0,0,2,0,0,2,2
40,-7957.288,3550.441,-200.363,34.672,0.821481,-0.568545,-0.043887,0.569450,0.821956,0.010775,0.029947,-0.033843,0.998978,0,0.86087,0.39390,51.652,0.788,-1,375.000,-1,400.000,-1,325.000,325.000,325.000,350.000,-1,400.000,375.000,-1,825.000,850.000,-1,-1,2,0,2,0,2,0,0,0,0,2,0,0,2,0,0,2,2
41,-7915.216,3580.406,-198.896,35.459,0.813505,-0.579787,-0.045337,0.580711,0.814053,0.009574,0.031356,-0.034117,0.998926,0,0.86087,0.39390,51.652,0.788,-1,400.000,-1,400.000,-1,325.000,325.000,325.000,350.000,-1,400.000,375.000,-1,850.000,900.000,-1,-1,2,0,2,0,2,0,0,0,0,2,0,0,2,0,0,2,2
42,-7873.560,3610.947,-197.447,36.247,0.805371,-0.590914,-0.046894,0.591868,0.805989,0.008596,0.032717,-0.034678,0.998863,0,0.86087,0.39390,51.652,0.788,-1,400.000,-1,425.000,-1,325.000,325.000,325.000,350.000,-1,400.000,375.000,-1,875.000,950.000,-1,-1,2,0,2,0,2,0,0,0,0,2,0,0,2,0,0,2,2
43,-7832.327,3642.057,-196.416,37.035,0.797192,-0.601963,-0.046108,0.602854,0.797819,0.007210,0.032446,-0.033544,0.998910,0,0.86087,0.39390,51.652,0.788,-1,400.000,-1,425.000,-1,325.000,325.000,325.000,350.000,-1,425.000,400.000,-1,875.000,975.000,-1,-1,2,0,2,0,2,0,0,0,0,2,0,0,2,0,0,2,2
44,-7791.527,3673.731,-195.356,37.823,0.788877,-0.612899,-0.045026,0.613725,0.789497,0.006016,0.031861,-0.032379,0.998968,0,0.86087,0.39390,51.652,0.788,-1,400.000,-1,425.000,-1,325.000,325.000,325.000,350.000,-1,450.000,450.000,-1,900.000,1000.000,-1,-1,2,0,2,0,2,0,0,0,0,2,0,0,2,0,0,2,2
45,-7751.165,3705.963,-194.252,38.611,0.780418,-0.623717,-0.043880,0.624484,0.781021,0.005082,0.031101,-0.031368,0.999024,0,0.86087,0.39390,51.652,0.788,-1,400.000,-1,425.000,-1,325.000,325.000,325.000,350.000,-1,500.000,475.000,-1,925.000,-1,-1,-1,2,0,2,0,2,0,0,0,0,2,0,0,2,0,2,2,2
46,-7711.251,3738.746,-193.099,39.398,0.771816,-0.634413,-0.042653,0.635130,0.772392,0.004408,0.030148,-0.030492,0.999080,0,0.86087,0.39390,51.652,0.788,-1,425.000,-1,425.000,-1,325.000,325.000,325.000,325.000,-1,550.000,525.000,-1,925.000,-1,-1,-1,2,0,2,0,2,0,0,0,0,2,0,0,2,0,2,2,2
47,-7671.791,3772.076,-191.890,40.186,0.763074,-0.644988,-0.041328,0.645661,0.763614,0.003996,0.028981,-0.029732,0.999138,0,0.86087,0.39390,51.652,0.788,-1,425.000,-1,425.000,-1,325.000,350.000,325.000,325.000,-1,625.000,600.000,-1,950.000,-1,-1,-1,2,0,2,0,2,0,0,0,0,2,0,0,2,0,2,2,2
48,-7632.793,3805.945,-190.624,40.974,0.754193,-0.655439,-0.039913,0.656073,0.754688,0.003853,0.027597,-0.029092,0.999196,0,0.86087,0.39390,51.652,0.788,-1,425.000,-1,425.000,-1,350.000,350.000,325.000,325.000,-1,700.000,675.000,-1,950.000,-1,-1,-1,2,0,2,0,2,0,0,0,0,2,0,0,2,0,2,2,2
49,-7594.265,3840.348,-189.442,41.762,0.745181,-0.665752,-0.038461,0.666373,0.745603,0.004728,0.025529,-0.029152,0.999249,0,0.86087,0.39390,51.652,0.788,-1,425.000,-1,425.000,-1,350.000,350.000,325.000,325.000,-1,800.000,775.000,-1,950.000,-1,-1,-1,2,0,2,0,2,0,0,0,0,2,0,0,2,0,2,2,2
50,-7556.214,3875.277,-188.550,42.550,0.736052,-0.675908,-0.037084,0.676564,0.736344,0.007709,0.022096,-0.030764,0.999282,0,0.86087,0.39390,51.652,0.788,-1,425.000,-1,425.000,-1,350.000,350.000,325.000,325.000,-1,950.000,950.000,-1,925.000,-1,-1,-1,2,0,2,0,2,0,0,0,0,2,0,0,2,0,2,2,2
51,-7518.646,3910.726,-187.633,43.337,0.726792,-0.685928,-0.035733,0.686613,0.726937,0.011148,0.018329,-0.032637,0.999299,0,0.86087,0.39390,51.652,0.788,-1,425.000,-1,425.000,-1,325.000,325.000,325.000,300.000,-1,-1,-1,-1,900.000,-1,-1,-1,2,0,2,0,2,0,0,0,0,2,2,2,2,0,2,2,2
52,-7481.570,3946.688,-186.691,44.125,0.717401,-0.695810,-0.034413,0.696514,0.717389,0.014904,0.014317,-0.034661,0.999297,0,0.86087,0.39390,51.652,0.788,-1,425.000,-1,425.000,-1,325.000,325.000,325.000,300.000,-1,-1,-1,-1,875.000,-1,-1,-1,2,0,2,0,2,0,0,0,0,2,2,2,2,0,2,2,2
53,-7444.992,3983.157,-185.973,44.913,0.707864,-0.705577,-0.033007,0.706266,0.707723,0.017815,0.010790,-0.035922,0.999296,0,0.86087,0.39390,51.652,0.788,-1,425.000,-1,425.000,-1,325.000,325.000,325.000,300.000,-1,-1,-1,-1,850.000,-1,-1,-1,2,0,2,0,2,0,0,0,0,2,2,2,2,0,2,2,2
54,-7408.918,4020.125,-185.442,45.701,0.698185,-0.715224,-0.031501,0.715877,0.697938,0.020059,0.007640,-0.036556,0.999302,0,0.86087,0.39390,51.652,0.788,-1,400.000,-1,425.000,-1,325.000,325.000,300.000,300.000,-1,-1,-1,-1,825.000,-1,-1,-1,2,0,2,0,2,0,0,0,0,2,2,2,2,0,2,2,2
55,-7373.356,4057.585,-185.289,46.489,0.688347,-0.724771,-0.029745,0.725361,0.688056,0.020748,0.005428,-0.035857,0.999342,0,0.86087,0.39390,51.652,0.788,-1,400.000,-1,425.000,-1,325.000,325.000,300.000,300.000,-1,-1,-1,-1,825.000,-1,-1,-1,2,0,2,0,2,0,0,0,0,2,2,2,2,0,2,2,2
56,-7338.311,4095.530,-185.172,47.276,0.678377,-0.734183,-0.027914,0.734707,0.678044,0.021484,0.003154,-0.035083,0.999379,0,0.86087,0.39390,51.652,0.788,-1,400.000,-1,450.000,-1,325.000,350.000,300.000,300.000,-1,-1,-1,-1,825.000,-1,-1,-1,2,0,2,0,2,0,0,0,0,2,2,2,2,0,2,2,2
57,-7306.566,4130.571,-185.094,47.824,0.671379,-0.740652,-0.026174,0.741113,0.671012,0.022235,0.001094,-0.034326,0.999410,0,0.78804,0.27390,47.282,0.548,-1,400.000,-1,450.000,-1,325.000,350.000,300.000,300.000,-1,-1,-1,-1,800.000,-1,-1,-1,2,0,2,0,2,0,0,0,0,2,2,2,2,0,2,2,2
58,-7275.009,4165.781,-185.176,48.132,0.667448,-0.744278,-0.023719,0.744655,0.667052,0.023029,-0.001319,-0.033033,0.999453,0,0.78804,0.15390,47.282,0.308,-1,400.000,-1,450.000,-1,325.000,350.000,300.000,300.000,-1,-1,-1,-1,800.000,-1,-1,-1,2,0,2,0,2,0,0,0,0,2,2,2,2,0,2,2,2
59,-7243.493,4201.028,-185.568,48.200,0.666632,-0.745125,-0.019770,0.745373,0.666222,0.023810,-0.004570,-0.030608,0.999521,0,0.78804,0.03390,47.282,0.068,-1,400.000,-1,450.000,-1,325.000,350.000,300.000,300.000,-1,-1,-1,-1,775.000,-1,-1,-1,2,0,2,0,2,0,0,0,0,2,2,2,2,0,2,2,2
60,-7211.871,4236.180,-186.036,48.028,0.668916,-0.743178,-0.015392,0.743295,0.668512,0.024601,-0.007993,-0.027896,0.999579,0,0.78804,-0.08610,47.282,-0.172,-1,400.000,-1,450.000,-1,325.000,350.000,300.000,300.000,-1,-1,-1,-1,775.000,1000.000,-1,-1,2,0,2,0,2,0,0,0,0,2,2,2,2,0,0,2,2
61,-7179.997,4271.104,-186.500,47.615,0.674271,-0.738403,-0.010903,0.738396,0.673890,0.025371,-0.011387,-0.025158,0.999619,0,0.78804,-0.20610,47.282,-0.412,-1,400.000,-1,425.000,-1,325.000,350.000,300.000,300.000,-1,-1,-1,-1,750.000,950.000,-1,-1,2,0,2,0,2,0,0,0,0,2,2,2,2,0,0,2,2
62,-7147.728,4305.663,-186.952,46.963,0.682634,-0.730733,-0.006278,0.730611,0.682296,0.026066,-0.014764,-0.022380,0.999641,0,0.78804,-0.32610,47.282,-0.652,-1,400.000,-1,425.000,-1,325.000,350.000,300.000,300.000,-1,-1,-1,-1,750.000,925.000,-1,-1,2,0,2,0,2,0,0,0,0,2,2,2,2,0,0,2,2
63,-7114.925,4339.716,-187.623,46.071,0.693918,-0.720049,-0.002718,0.719845,0.693620,0.026742,-0.017370,-0.020513,0.999639,0,0.78804,-0.44610,47.282,-0.892,-1,400.000,-1,425.000,-1,325.000,325.000,300.000,300.000,-1,-1,-1,-1,725.000,900.000,-1,-1,2,0,2,0,2,0,0,0,0,2,2,2,2,0,0,2,2
64,-7081.455,4373.114,-188.575,44.939,0.707999,-0.706213,-0.000564,0.705958,0.707722,0.027447,-0.018985,-0.019831,0.999623,0,0.78804,-0.56610,47.282,-1.132,-1,400.000,-1,425.000,-1,325.000,350.000,300.000,300.000,-1,-1,-1,-1,725.000,900.000,-1,-1,2,0,2,0,2,0,0,0,0,2,2,2,2,0,0,2,2
65,-7047.196,4405.701,-189.532,43.567,0.724693,-0.689071,0.001582,0.688768,0.724439,0.028054,-0.020477,-0.019241,0.999605,0,0.78804,-0.68610,47.282,-1.372,-1,400.000,-1,425.000,-1,325.000,350.000,300.000,300.000,-1,-1,-1,-1,725.000,875.000,-1,-1,2,0,2,0,2,0,0,0,0,2,2,2,2,0,0,2,2
66,-7012.033,4437.311,-190.488,41.954,0.743773,-0.668422,0.003717,0.668076,0.743546,0.028538,-0.021839,-0.018742,0.999586,0,0.78804,-0.80610,47.282,-1.612,-1,400.000,-1,425.000,-1,325.000,350.000,300.000,300.000,-1,-1,-1,-1,700.000,875.000,-1,-1,2,0,2,0,2,0,0,0,0,2,2,2,2,0,0,2,2
67,-6975.867,4467.768,-191.435,40.102,0.764965,-0.644046,0.005837,0.643659,0.764767,0.028878,-0.023063,-0.018334,0.999566,0,0.78804,-0.92610,47.282,-1.852,-1,400.000,-1,425.000,-1,325.000,350.000,300.000,300.000,-1,-1,-1,-1,700.000,850.000,-1,-1,2,0,2,0,2,0,0,0,0,2,2,2,2,0,0,2,2
68,-6938.660,4496.945,-192.688,38.102,0.786961,-0.616952,0.007949,0.616487,0.786764,0.030757,-0.025230,-0.019304,0.999495,0,0.78804,-1.00000,47.282,-2.000,-1,400.000,-1,425.000,-1,325.000,350.000,300.000,300.000,-1,-1,-1,-1,700.000,825.000,-1,-1,2,0,2,0,2,0,0,0,0,2,2,2,2,0,0,2,2
69,-6900.457,4524.805,-193.897,36.102,0.807990,-0.589108,0.010148,0.588564,0.807802,0.032383,-0.027275,-0.020192,0.999424,0,0.78804,-1.00000,47.282,-2.000,-1,375.000,-1,425.000,-1,325.000,350.000,300.000,300.000,-1,-1,-1,-1,675.000,825.000,-1,-1,2,0,2,0,2,0,0,0,0,2,2,2,2,0,0,2,2
70,-6861.306,4551.315,-194.989,34.102,0.828027,-0.560552,0.012382,0.559940,0.827861,0.033379,-0.028962,-0.020705,0.999366,0,0.78804,-1.00000,47.282,-2.000,975.000,375.000,-1,425.000,-1,325.000,325.000,300.000,300.000,-1,-1,-1,-1,675.000,800.000,-1,-1,0,0,2,0,2,0,0,0,0,2,2,2,2,0,0,2,2
71,-6821.253,4576.443,-196.053,32.102,0.847049,-0.531313,0.014644,0.530634,0.846910,0.034213,-0.030580,-0.021210,0.999307,0,0.78804,-1.00000,47.282,-2.000,925.000,375.000,-1,425.000,-1,325.000,325.000,300.000,300.000,-1,-1,-1,-1,650.000,800.000,1000.000,-1,0,0,2,0,2,0,0,0,0,2,2,2,2,0,0,0,2
72,-6780.347,4600.157,-197.089,30.102,0.865035,-0.501427,0.016922,0.500682,0.864927,0.034898,-0.032135,-0.021715,0.999248,0,0.78804,-1.00000,47.282,-2.000,900.000,375.000,-1,400.000,-1,325.000,325.000,275.000,300.000,-1,-1,-1,-1,650.000,775.000,950.000,-1,0,0,2,0,2,0,0,0,0,2,2,2,2,0,0,0,2
73,-6738.639,4622.430,-198.100,28.102,0.881961,-0.470930,0.019211,0.470120,0.881890,0.035449,-0.033636,-0.022233,0.999187,0,0.78804,-1.00000,47.282,-2.000,850.000,375.000,-1,400.000,-1,325.000,325.000,275.000,300.000,-1,-1,-1,-1,625.000,775.000,900.000,-1,0,0,2,0,2,0,0,0,0,2,2,2,2,0,0,0,2
74,-6696.179,4643.233,-199.295,26.102,0.897810,-0.439868,0.021293,0.439032,0.897793,0.034921,-0.034477,-0.022004,0.999163,0,0.78804,-1.00000,47.282,-2.000,800.000,375.000,-1,400.000,-1,325.000,325.000,275.000,300.000,-1,-1,-1,-1,625.000,750.000,850.000,-1,0,0,2,0,2,0,0,0,0,2,2,2,2,0,0,0,2
75,-6653.018,4662.541,-200.717,24.102,0.912568,-0.408278,0.023019,0.407464,0.912619,0.033169,-0.034549,-0.020889,0.999185,0,0.78804,-1.00000,47.282,-2.000,775.000,375.000,-1,400.000,-1,325.000,325.000,275.000,300.000,-1,-1,-1,-1,600.000,750.000,825.000,-1,0,0,2,0,2,0,0,0,0,2,2,2,2,0,0,0,2
76,-6609.210,4680.331,-202.081,22.102,0.926222,-0.376186,0.024440,0.375400,0.926329,0.031449,-0.034471,-0.019954,0.999206,0,0.78804,-1.00000,47.282,-2.000,750.000,375.000,-1,400.000,-1,325.000,325.000,275.000,300.000,-1,-1,-1,-1,600.000,750.000,800.000,-1,0,0,2,0,2,0,0,0,0,2,2,2,2,0,0,0,2
77,-6564.808,4696.582,-203.363,20.102,0.938759,-0.343633,0.025469,0.342876,0.938906,0.029869,-0.034178,-0.019307,0.999229,0,0.78804,-1.00000,47.282,-2.000,725.000,375.000,-1,400.000,-1,325.000,325.000,275.000,300.000,-1,-1,-1,-1,600.000,750.000,775.000,-1,0,0,2,0,2,0,0,0,0,2,2,2,2,0,0,0,2
78,-6519.866,4711.273,-204.625,18.102,0.950155,-0.310660,0.026385,0.309933,0.950337,0.028316,-0.033871,-0.018727,0.999251,0,0.78804,-1.00000,47.282,-2.000,700.000,350.000,-1,400.000,-1,325.000,325.000,275.000,300.000,-1,-1,-1,-1,600.000,725.000,750.000,-1,0,0,2,0,2,0,0,0,0,2,2,2,2,0,0,0,2
79,-6474.439,4724.387,-206.136,16.102,0.960429,-0.277301,0.026095,0.276598,0.960589,0.027596,-0.032719,-0.019286,0.999279,0,0.78804,-1.00000,47.282,-2.000,675.000,350.000,-1,400.000,-1,325.000,325.000,275.000,300.000,-1,-1,-1,-1,600.000,725.000,725.000,-1,0,0,2,0,2,0,0,0,0,2,2,2,2,0,0,0,2
80,-6428.582,4735.907,-207.443,14.102,0.969570,-0.243609,0.024270,0.242992,0.969685,0.025804,-0.029821,-0.019122,0.999372,0,0.78804,-1.00000,47.282,-2.000,650.000,350.000,-1,400.000,-1,325.000,325.000,275.000,300.000,-1,-1,-1,-1,600.000,750.000,725.000,-1,0,0,2,0,2,0,0,0,0,2,2,2,2,0,0,0,2
81,-6382.350,4745.820,-208.464,12.102,0.977506,-0.209625,0.023229,0.209096,0.977618,0.023298,-0.027593,-0.017917,0.999459,0,0.78804,-0.99996,47.282,-2.000,650.000,375.000,-1,400.000,-1,325.000,325.000,275.000,300.000,-1,-1,-1,-1,600.000,750.000,750.000,-1,0,0,2,0,2,0,0,0,0,2,2,2,2,0,0,0,2
82,-6335.801,4754.113,-209.473,10.102,0.984252,-0.175383,0.022132,0.174930,0.984357,0.020972,-0.025464,-0.016771,0.999535,0,0.78804,-1.00000,47.282,-2.000,650.000,375.000,-1,400.000,-1,325.000,325.000,275.000,300.000,-1,-1,-1,-1,600.000,750.000,750.000,-1,0,0,2,0,2,0,0,0,0,2,2,2,2,0,0,0,2
83,-6288.991,4760.777,-210.476,8.102,0.989797,-0.140925,0.021007,0.140538,0.989896,0.018857,-0.023452,-0.015712,0.999601,0,0.78804,-1.00000,47.282,-2.000,675.000,375.000,-1,400.000,-1,325.000,325.000,275.000,300.000,-1,-1,-1,-1,600.000,775.000,775.000,-1,0,0,2,0,2,0,0,0,0,2,2,2,2,0,0,0,2
84,-6246.768,4765.469,-211.382,6.342,0.993680,-0.110457,0.019991,0.110122,0.993770,0.017141,-0.021760,-0.014831,0.999653,0,0.70804,-0.88000,42.482,-1.760,675.000,375.000,-1,400.000,-1,325.000,325.000,275.000,300.000,-1,-1,-1,-1,625.000,775.000,800.000,-1,0,0,2,0,2,0,0,0,0,2,2,2,2,0,0,0,2
85,-6209.216,4768.597,-212.193,4.761,0.996367,-0.082993,0.019112,0.082697,0.996450,0.015783,-0.020354,-0.014145,0.999693,0,0.62804,-0.79064,37.682,-1.581,675.000,375.000,-1,400.000,-1,325.000,325.000,275.000,300.000,-1,-1,-1,-1,625.000,775.000,800.000,-1,0,0,2,0,2,0,0,0,0,2,2,2,2,0,0,0,2
86,-6176.384,4770.421,-212.917,3.180,0.998291,-0.055464,0.018418,0.055196,0.998366,0.014772,-0.019207,-0.013730,0.999721,0,0.54804,-0.79064,32.882,-1.581,675.000,375.000,-1,400.000,-1,325.000,325.000,275.000,300.000,-1,-1,-1,-1,625.000,800.000,825.000,-1,0,0,2,0,2,0,0,0,0,2,2,2,2,0,0,0,2
87,-6148.313,4771.204,-213.556,1.599,0.999450,-0.027893,0.017917,0.027643,0.999519,0.014077,-0.018301,-0.013574,0.999740,0,0.46804,-0.79064,28.082,-1.581,675.000,375.000,-1,400.000,-1,325.000,325.000,275.000,300.000,-1,-1,-1,-1,650.000,800.000,850.000,-1,0,0,2,0,2,0,0,0,0,2,2,2,2,0,0,0,2
88,-6125.031,4771.211,-214.112,0.017,0.999845,-0.000300,0.017614,0.000060,0.999907,0.013662,-0.017616,-0.013659,0.999752,0,0.38804,-0.79064,23.282,-1.581,675.000,375.000,-1,400.000,-1,325.000,325.000,275.000,300.000,-1,-1,-1,-1,650.000,800.000,900.000,-1,0,0,2,0,2,0,0,0,0,2,2,2,2,0,0,0,2
89,-6106.555,4770.706,-214.583,-1.564,0.999474,0.027292,0.017505,-0.027530,0.999530,0.013485,-0.017129,-0.013959,0.999756,0,0.30804,-0.79064,18.482,-1.581,700.000,375.000,-1,400.000,-1,325.000,325.000,275.000,300.000,-1,-1,-1,-1,650.000,800.000,925.000,-1,0,0,2,0,2,0,0,0,0,2,2,2,2,0,0,0,2
90,-6092.894,4769.956,-214.967,-3.145,0.998339,0.054863,0.017581,-0.055104,0.998389,0.013500,-0.016812,-0.014446,0.999754,0,0.22804,-0.79064,13.682,-1.581,700.000,400.000,-1,400.000,-1,325.000,325.000,275.000,300.000,-1,-1,-1,-1,675.000,825.000,-1,-1,0,0,2,0,2,0,0,0,0,2,2,2,2,0,0,2,2
91,-6084.042,4769.224,-215.260,-4.727,0.996441,0.082392,0.017826,-0.082641,0.996486,0.013662,-0.016638,-0.015086,0.999748,0,0.14804,-0.79064,8.882,-1.581,725.000,400.000,-1,400.000,-1,325.000,325.000,275.000,300.000,-1,-1,-1,-1,675.000,825.000,-1,-1,0,0,2,0,2,0,0,0,0,2,2,2,2,0,0,2,2
92,-6079.984,4768.776,-215.458,-6.308,0.993780,0.109858,0.018221,-0.110118,0.993821,0.013922,-0.016579,-0.015842,0.999737,0,0.06804,-0.79064,4.082,-1.581,725.000,400.000,-1,400.000,-1,325.000,325.000,275.000,300.000,-1,-1,-1,-1,675.000,825.000,-1,-1,0,0,2,0,2,0,0,0,0,2,2,2,2,0,0,2,2
93,-6080.695,4768.874,-215.557,-7.889,0.990361,0.137239,0.018740,-0.137513,0.990398,0.014236,-0.016606,-0.016676,0.999723,0,-0.01196,-0.79064,-0.718,-1.581,750.000,400.000,-1,400.000,-1,325.000,325.000,275.000,300.000,-1,-1,-1,-1,700.000,825.000,-1,-1,0,0,2,0,2,0,0,0,0,2,2,2,2,0,0,2,2
94,-6086.137,4769.782,-215.556,-9.470,0.986185,0.164514,0.019354,-0.164806,0.986219,0.014559,-0.016692,-0.017547,0.999707,0,-0.09196,-0.79064,-5.518,-1.581,775.000,400.000,-1,400.000,-1,325.000,325.000,250.000,300.000,-1,-1,-1,-1,700.000,825.000,-1,-1,0,0,2,0,2,0,0,0,0,2,2,2,2,0,0,2,2
95,-6086.842,4769.917,-215.649,-10.812,0.982054,0.187552,0.019833,-0.187857,0.982085,0.014814,-0.016699,-0.018274,0.999694,0,-0.01196,-0.67064,-0.718,-1.341,800.000,375.000,-1,400.000,-1,325.000,325.000,250.000,300.000,-1,-1,-1,-1,700.000,825.000,-1,-1,0,0,2,0,2,0,0,0,0,2,2,2,2,0,0,2,2
96,-6082.848,4769.075,-215.836,-11.913,0.978261,0.206391,0.020192,-0.206706,0.978287,0.015036,-0.016650,-0.018883,0.999683,0,0.06804,-0.55064,4.082,-1.101,800.000,375.000,-1,400.000,-1,325.000,325.000,250.000,300.000,-1,-1,-1,-1,700.000,825.000,-1,-1,0,0,2,0,2,0,0,0,0,2,2,2,2,0,0,2,2
97,-6074.185,4767.111,-216.118,-12.774,0.975044,0.221070,0.020446,-0.221395,0.975065,0.015249,-0.016565,-0.019395,0.999675,0,0.14804,-0.43064,8.882,-0.861,825.000,375.000,-1,400.000,-1,325.000,325.000,250.000,300.000,-1,-1,-1,-1,700.000,800.000,-1,-1,0,0,2,0,2,0,0,0,0,2,2,2,2,0,0,2,2
98,-6060.875,4763.941,-216.496,-13.396,0.972586,0.231628,0.020602,-0.231960,0.972602,0.015470,-0.016454,-0.019824,0.999668,0,0.22804,-0.31064,13.682,-0.621,825.000,375.000,-1,400.000,-1,325.000,325.000,250.000,300.000,-1,-1,-1,-1,700.000,800.000,-1,-1,0,0,2,0,2,0,0,0,0,2,2,2,2,0,0,2,2
99,-6042.925,4759.540,-216.972,-13.777,0.971022,0.238094,0.020664,-0.238431,0.971033,0.015708,-0.016325,-0.020179,0.999663,0,0.30804,-0.19064,18.482,-0.381,825.000,375.000,-1,400.000,-1,325.000,325.000,250.000,300.000,-1,-1,-1,-1,700.000,825.000,-1,-1,0,0,2,0,2,0,0,0,0,2,2,2,2,0,0,2,2
100,-6020.326,4753.940,-217.549,-13.918,0.970433,0.240486,0.020630,-0.240826,0.970437,0.015965,-0.016181,-0.020461,0.999660,0,0.38804,-0.07064,23.282,-0.141,825.000,375.000,-1,400.000,-1,325.000,325.000,250.000,300.000,-1,-1,-1,-1,700.000,825.000,-1,-1,0,0,2,0,2,0,0,0,0,2,2,2,2,0,0,2,2
101,-5993.057,4747.232,-218.230,-13.819,0.970849,0.238813,0.020491,-0.239155,0.970846,0.016235,-0.016016,-0.020663,0.999658,0,0.46804,0.04936,28.082,0.099,850.000,375.000,-1,400.000,-1,325.000,325.000,250.000,300.000,-1,-1,-1,-1,700.000,825.000,-1,-1,0,0,2,0,2,0,0,0,0,2,2,2,2,0,0,2,2
102,-5961.080,4739.566,-218.861,-13.481,0.972242,0.233072,0.020577,-0.233408,0.972251,0.015765,-0.016331,-0.020130,0.999664,0,0.54804,0.16936,32.882,0.339,850.000,375.000,-1,400.000,-1,325.000,325.000,250.000,300.000,-1,-1,-1,-1,700.000,825.000,-1,-1,0,0,2,0,2,0,0,0,0,2,2,2,2,0,0,2,2
103,-5924.349,4731.152,-219.441,-12.902,0.974550,0.223246,0.020354,-0.223559,0.974581,0.014638,-0.016569,-0.018815,0.999686,0,0.62804,0.28936,37.682,0.579,850.000,375.000,-1,400.000,-1,325.000,325.000,250.000,300.000,-1,-1,-1,-1,700.000,825.000,-1,-1,0,0,2,0,2,0,0,0,0,2,2,2,2,0,0,2,2
104,-5884.406,4722.601,-220.037,-12.083,0.977650,0.209304,0.019831,-0.209584,0.977701,0.013255,-0.016615,-0.017115,0.999715,0,0.68081,0.40936,40.849,0.819,875.000,375.000,-1,400.000,-1,325.000,325.000,250.000,300.000,-1,-1,-1,-1,700.000,825.000,-1,-1,0,0,2,0,2,0,0,0,0,2,2,2,2,0,0,2,2
105,-5844.312,4714.789,-220.575,-11.025,0.981359,0.191208,0.019334,-0.191458,0.981428,0.011990,-0.016682,-0.015468,0.999741,0,0.68081,0.52936,40.849,1.059,875.000,375.000,-1,400.000,-1,325.000,325.000,250.000,300.000,-1,-1,-1,-1,700.000,825.000,-1,-1,0,0,2,0,2,0,0,0,0,2,2,2,2,0,0,2,2
106,-5804.050,4707.888,-221.068,-9.726,0.985451,0.168918,0.018789,-0.169144,0.985528,0.011139,-0.016636,-0.014155,0.999761,0,0.68081,0.64936,40.849,1.299,850.000,375.000,-1,400.000,-1,325.000,325.000,250.000,300.000,-1,-1,-1,-1,700.000,825.000,-1,-1,0,0,2,0,2,0,0,0,0,2,2,2,2,0,0,2,2
107,-5763.618,4702.070,-221.540,-8.187,0.989648,0.142397,0.017900,-0.142591,0.989731,0.010053,-0.016285,-0.012501,0.999789,0,0.68081,0.76936,40.849,1.539,825.000,375.000,-1,400.000,-1,325.000,325.000,250.000,300.000,-1,-1,-1,-1,700.000,850.000,-1,-1,0,0,2,0,2,0,0,0,0,2,2,2,2,0,0,2,2
108,-5722.774,4697.482,-222.000,-6.408,0.993612,0.111610,0.016710,-0.111766,0.993696,0.008726,-0.015631,-0.010538,0.999822,0,0.68502,0.88936,41.101,1.779,800.000,375.000,-1,400.000,-1,325.000,325.000,250.000,300.000,-1,-1,-1,-1,700.000,850.000,-1,-1,0,0,2,0,2,0,0,0,0,2,2,2,2,0,0,2,2
109,-5681.484,4694.299,-222.449,-4.408,0.996925,0.076864,0.015254,-0.076980,0.997007,0.007138,-0.014660,-0.008290,0.999858,0,0.69020,1.00000,41.412,2.000,800.000,375.000,-1,400.000,-1,325.000,325.000,250.000,300.000,-1,-1,-1,-1,700.000,875.000,-1,-1,0,0,2,0,2,0,0,0,0,2,2,2,2,0,0,2,2
110,-5639.790,4692.545,-222.893,-2.408,0.999023,0.042023,0.013673,-0.042098,0.999100,0.005269,-0.013439,-0.005840,0.999893,0,0.69552,1.00000,41.731,2.000,775.000,375.000,-1,400.000,-1,325.000,325.000,250.000,300.000,-1,-1,850.000,-1,700.000,875.000,-1,-1,0,0,2,0,2,0,0,0,0,2,2,0,2,0,0,2,2
111,-5596.154,4692.233,-223.339,-0.408,0.999903,0.007129,0.011964,-0.007166,0.999970,0.003034,-0.011942,-0.003119,0.999924,0,0.72729,1.00000,43.637,2.000,775.000,375.000,-1,400.000,-1,325.000,325.000,250.000,300.000,-1,950.000,725.000,-1,700.000,875.000,-1,-1,0,0,2,0,2,0,0,0,0,2,0,0,2,0,0,2,2
112,-5551.739,4693.467,-223.762,1.592,0.999563,-0.027773,0.010159,0.027770,0.999614,0.000470,-0.010168,-0.000188,0.999948,0,0.74053,1.00000,44.432,2.000,775.000,375.000,-1,425.000,-1,325.000,325.000,250.000,300.000,-1,850.000,625.000,-1,675.000,875.000,-1,-1,0,0,2,0,2,0,0,0,0,2,0,0,2,0,0,2,2
113,-5506.582,4696.302,-224.148,3.592,0.998002,-0.062642,0.008278,0.062664,0.998032,-0.002431,-0.008110,0.002945,0.999963,0,0.75410,1.00000,45.246,2.000,800.000,375.000,-1,425.000,-1,325.000,325.000,250.000,300.000,-1,750.000,550.000,-1,675.000,875.000,-1,-1,0,0,2,0,2,0,0,0,0,2,0,0,2,0,0,2,2
114,-5460.725,4700.791,-224.482,5.592,0.995222,-0.097433,0.006346,0.097470,0.995222,-0.005680,-0.005762,0.006271,0.999964,0,0.76794,1.00000,46.077,2.000,825.000,375.000,-1,425.000,-1,325.000,325.000,250.000,300.000,-1,675.000,500.000,-1,675.000,900.000,-1,-1,0,0,2,0,2,0,0,0,0,2,0,0,2,0,0,2,2
115,-5414.216,4706.990,-224.751,7.592,0.991226,-0.132103,0.004386,0.132139,0.991188,-0.009283,-0.003121,0.009781,0.999947,0,0.78201,1.00000,46.921,2.000,875.000,375.000,-1,425.000,-1,325.000,325.000,250.000,300.000,-1,600.000,400.000,-1,675.000,-1,-1,-1,0,0,2,0,2,0,0,0,0,2,0,0,2,0,2,2,2
116,-5367.109,4714.948,-224.938,9.587,0.986032,-0.166537,0.002426,0.166555,0.985943,-0.013244,-0.000186,0.013463,0.999909,0,0.79624,0.99796,47.774,1.996,925.000,375.000,-1,425.000,-1,325.000,350.000,275.000,300.000,-1,550.000,350.000,-1,675.000,-1,-1,-1,0,0,2,0,2,0,0,0,0,2,0,0,2,0,2,2,2
117,-5319.465,4724.704,-225.027,11.572,0.979679,-0.200570,0.000499,0.200548,0.979526,-0.017565,0.003034,0.017308,0.999846,0,0.81054,0.99232,48.632,1.985,-1,375.000,-1,425.000,-1,325.000,350.000,275.000,300.000,-1,475.000,300.000,-1,700.000,-1,-1,-1,2,0,2,0,2,0,0,0,0,2,0,0,2,0,2,2,2
118,-5271.352,4736.294,-224.986,13.543,0.972208,-0.234117,-0.000986,0.234039,0.971976,-0.022098,0.006132,0.021253,0.999755,0,0.82482,0.98531,49.489,1.971,-1,375.000,-1,425.000,-1,325.000,350.000,275.000,300.000,-1,425.000,275.000,-1,700.000,-1,-1,-1,2,0,2,0,2,0,0,0,0,2,0,0,2,0,2,2,2
119,-5218.981,4750.597,-224.901,15.273,0.964703,-0.263334,-0.001877,0.263185,0.964353,-0.027517,0.009057,0.026051,0.999620,0,0.90482,0.86531,54.289,1.731,-1,375.000,-1,450.000,-1,325.000,350.000,275.000,300.000,-1,400.000,250.000,975.000,700.000,-1,-1,-1,2,0,2,0,2,0,0,0,0,2,0,0,0,0,2,2,2
120,-5162.404,4767.642,-224.574,16.764,0.957543,-0.288283,-0.002098,0.288050,0.957016,-0.033866,0.011771,0.031824,0.999424,0,0.98482,0.74531,59.089,1.491,-1,375.000,-1,450.000,-1,325.000,350.000,275.000,300.000,-1,400.000,250.000,950.000,725.000,-1,-1,-1,2,0,2,0,2,0,0,0,0,2,0,0,0,0,2,2,2
121,-5105.346,4786.200,-224.385,18.015,0.951045,-0.309051,-0.000985,0.308782,0.950340,-0.038830,0.012936,0.036625,0.999245,0,1.00000,0.62531,60.000,1.251,-1,375.000,-1,450.000,-1,325.000,350.000,275.000,300.000,-1,425.000,275.000,925.000,725.000,-1,-1,-1,2,0,2,0,2,0,0,0,0,2,0,0,0,1,2,2,2
122,-5048.624,4805.761,-224.178,19.025,0.945470,-0.325709,0.000607,0.325430,0.944579,-0.043188,0.013493,0.041031,0.999067,0,1.00000,0.50531,60.000,1.011,-1,375.000,-1,450.000,-1,325.000,350.000,275.000,300.000,-1,475.000,300.000,925.000,825.000,-1,-1,-1,2,0,2,0,2,0,0,0,0,2,0,0,0,1,2,2,2
123,-4992.171,4826.084,-223.870,19.796,0.941028,-0.338320,0.002484,0.338052,0.939936,-0.047333,0.013679,0.045381,0.998876,0,1.00000,0.38531,60.000,0.771,-1,375.000,-1,-1,-1,325.000,350.000,275.000,300.000,-1,525.000,350.000,925.000,825.000,-1,-1,-1,2,0,2,2,2,0,0,0,0,2,0,0,0,1,2,2,2
124,-4935.921,4846.962,-223.465,20.361,0.937665,-0.347509,0.004611,0.347277,0.936360,-0.051261,0.013496,0.049667,0.998675,0,1.00000,0.28273,60.000,0.565,-1,375.000,-1,-1,-1,325.000,350.000,275.000,300.000,-1,575.000,375.000,925.000,800.000,-1,-1,-1,2,0,2,2,2,0,0,0,0,2,0,0,0,1,2,2,2
125,-4879.871,4868.371,-222.963,20.902,0.934364,-0.356251,0.006932,0.356077,0.932836,-0.055018,0.013134,0.053875,0.998461,0,1.00000,0.27034,60.000,0.541,-1,375.000,-1,-1,-1,325.000,350.000,275.000,300.000,-1,650.000,450.000,950.000,800.000,-1,-1,-1,2,0,2,2,2,0,1,0,0,2,0,0,0,1,2,2,2
126,-4824.014,4890.281,-222.362,21.415,0.931151,-0.364512,0.009444,0.364417,0.929391,-0.058594,0.012581,0.058001,0.998237,0,1.00000,0.25672,60.000,0.513,-1,375.000,-1,-1,-1,325.000,-1,250.000,300.000,-1,725.000,500.000,950.000,775.000,-1,-1,-1,2,0,2,2,2,0,2,0,0,2,0,0,0,0,2,2,2
127,-4768.345,4912.662,-221.661,21.899,0.928052,-0.372252,0.012145,0.372262,0.926056,-0.061979,0.011825,0.062041,0.998004,0,1.00000,0.24177,60.000,0.484,-1,450.000,-1,-1,-1,575.000,975.000,250.000,300.000,-1,800.000,575.000,975.000,750.000,-1,-1,-1,2,1,2,2,2,1,1,0,0,2,0,0,0,0,2,2,2
128,-4712.854,4935.481,-220.871,22.350,0.925099,-0.379428,0.015018,0.379569,0.922862,-0.065218,0.010886,0.066034,0.997758,0,1.00000,0.22538,60.000,0.451,-1,475.000,-1,-1,-1,600.000,950.000,275.000,300.000,-1,900.000,650.000,1000.000,775.000,-1,-1,-1,2,1,2,2,2,1,1,0,0,2,0,0,0,0,2,2,2
129,-4657.529,4958.701,-220.301,22.765,0.922329,-0.385965,0.018465,0.386283,0.919769,-0.069364,0.009789,0.071109,0.997421,0,1.00000,0.20742,60.000,0.415,-1,500.000,-1,-1,-1,625.000,950.000,275.000,275.000,-1,1000.000,725.000,-1,775.000,-1,-1,-1,2,1,2,2,2,1,1,0,0,2,0,0,2,0,2,2,2
130,-4602.381,4982.340,-234.851,23.140,0.917032,-0.389506,0.085657,0.397169,0.911422,-0.107552,-0.036178,0.132649,0.990503,0,1.00000,0.18772,60.000,0.375,-1,425.000,-1,-1,-1,475.000,725.000,325.000,175.000,-1,-1,-1,800.000,575.000,-1,-1,-1,2,1,2,2,2,1,1,0,0,2,2,2,0,1,2,2,2
131,-4547.379,5006.330,-248.932,23.472,0.907976,-0.390829,0.151107,0.411363,0.900039,-0.143912,-0.079757,0.192829,0.977986,0,1.00000,0.16611,60.000,0.332,-1,350.000,-1,-1,-1,375.000,575.000,375.000,100.000,-1,-1,-1,550.000,500.000,-1,450.000,-1,2,1,2,2,2,1,1,0,0,2,2,2,0,1,2,0,2
132,-4492.502,5030.612,-261.739,23.757,0.896618,-0.390392,0.208976,0.427139,0.886945,-0.175732,-0.116745,0.246826,0.962002,0,1.00000,0.14235,60.000,0.285,550.000,300.000,-1,-1,-1,300.000,450.000,475.000,25.000,-1,-1,-1,200.000,425.000,-1,275.000,-1,0,1,2,2,2,1,1,0,0,2,2,2,0,1,2,1,2
133,-4437.721,5055.115,-273.968,23.989,0.884010,-0.388995,0.259246,0.443021,0.874138,-0.199037,-0.149192,0.290803,0.945080,0,1.00000,0.11620,60.000,0.232,200.000,250.000,-1,825.000,-1,250.000,375.000,600.000,0.000,-1,-1,0.000,0.000,350.000,-1,50.000,-1,1,1,2,1,2,1,1,0,0,2,2,0,0,1,2,0,2
134,4919.433,983.720,-549.072,162.378,-0.954502,-0.297743,0.016605,0.295605,-0.937373,0.184251,-0.039295,0.180776,0.982739,1,0.00000,0.00000,60.000,0.175,-1,275.000,-1,250.000,450.000,200.000,200.000,725.000,-1,-1,0.000,0.000,-1,-1,350.000,-1,350.000,2,1,2,1,1,1,1,0,2,2,0,0,2,2,1,2,1
135,4258.888,-5576.538,-116.136,-166.591,-0.971809,0.231892,-0.042573,-0.231558,-0.972738,-0.012684,-0.044353,-0.002469,0.999013,1,0.08000,-0.12000,4.800,-0.240,-1,425.000,-1,400.000,-1,350.000,325.000,300.000,300.000,-1,-1,-1,-1,975.000,775.000,-1,-1,2,0,2,0,2,0,0,0,0,2,2,2,2,0,0,2,2
136,4249.531,-5578.686,-116.561,-167.071,-0.973696,0.223734,-0.043124,-0.223364,-0.974645,-0.013275,-0.045001,-0.003294,0.998982,0,0.16000,-0.24000,9.600,-0.480,-1,425.000,-1,400.000,-1,350.000,325.000,300.000,300.000,-1,-1,-1,-1,950.000,775.000,-1,-1,2,0,2,0,2,0,0,0,0,2,2,2,2,0,0,2,2
137,4235.457,-5581.731,-117.198,-167.791,-0.976396,0.211468,-0.043956,-0.211043,-0.977374,-0.014142,-0.045952,-0.004532,0.998933,0,0.24000,-0.36000,14.400,-0.720,-1,425.000,-1,400.000,-1,350.000,325.000,300.000,300.000,-1,-1,-1,-1,950.000,775.000,-1,-1,2,0,2,0,2,0,0,0,0,2,2,2,2,0,0,2,2
