timestep,x_cm,y_cm,z_cm,yaw_deg,basis_xx,basis_xy,basis_xz,basis_yx,basis_yy,basis_yz,basis_zx,basis_zy,basis_zz,teleport_flag,throttle_cmd,steering_cmd,cmd_move_cm,cmd_turn_deg,lidar_cm_0,lidar_cm_1,lidar_cm_2,lidar_cm_3,lidar_cm_4,lidar_cm_5,lidar_cm_6,lidar_cm_7,lidar_cm_8,lidar_cm_9,lidar_cm_10,lidar_cm_11,lidar_cm_12,lidar_cm_13,lidar_cm_14,lidar_cm_15,lidar_cm_16,lidar_class_0,lidar_class_1,lidar_class_2,lidar_class_3,lidar_class_4,lidar_class_5,lidar_class_6,lidar_class_7,lidar_class_8,lidar_class_9,lidar_class_10,lidar_class_11,lidar_class_12,lidar_class_13,lidar_class_14,lidar_class_15,lidar_class_16
0,-7547.355,5577.866,-214.253,149.110,-0.856541,-0.512499,0.060683,0.514870,-0.856651,0.032529,0.035314,0.059106,0.997627,1,0.08000,0.12000,4.800,0.240,-1,400.000,-1,375.000,-1,325.000,325.000,300.000,300.000,-1,700.000,650.000,-1,800.000,725.000,-1,-1,2,0,2,0,2,0,0,0,0,2,0,0,2,0,0,2,2
1,-7555.629,5582.732,-213.903,149.540,-0.860363,-0.506064,0.060625,0.508426,-0.860496,0.032412,0.035765,0.058710,0.997634,0,0.16000,0.21514,9.600,0.430,-1,400.000,-1,375.000,-1,325.000,325.000,300.000,300.000,-1,700.000,675.000,-1,800.000,725.000,-1,-1,2,0,2,0,2,0,0,0,0,2,0,0,2,0,0,2,2
2,-7568.096,5589.940,-213.375,149.965,-0.864091,-0.499683,0.060536,0.502032,-0.864248,0.032235,0.036211,0.058245,0.997645,0,0.24000,0.21243,14.400,0.425,-1,400.000,-1,375.000,-1,325.000,325.000,300.000,300.000,-1,725.000,675.000,-1,800.000,725.000,-1,-1,2,0,2,0,2,0,0,0,0,2,0,0,2,0,0,2,2
3,-7584.787,5599.429,-212.665,150.382,-0.867707,-0.493390,0.060417,0.495722,-0.867891,0.031996,0.036649,0.057713,0.997660,0,0.32000,0.20867,19.200,0.417,-1,400.000,-1,375.000,-1,325.000,325.000,300.000,300.000,-1,725.000,700.000,-1,800.000,725.000,-1,-1,2,0,2,0,2,0,0,0,0,2,0,0,2,0,0,2,2
4,-7605.734,5611.142,-211.767,150.790,-0.871198,-0.487218,0.060268,0.489529,-0.871411,0.031697,0.037075,0.057117,0.997679,0,0.40000,0.20387,24.000,0.408,-1,400.000,-1,375.000,-1,325.000,325.000,300.000,300.000,-1,750.000,725.000,-1,800.000,750.000,-1,-1,2,0,2,0,2,0,0,0,0,2,0,0,2,0,0,2,2
5,-7630.968,5625.023,-210.680,151.186,-0.874549,-0.481201,0.060089,0.483487,-0.874791,0.031337,0.037486,0.056458,0.997701,0,0.48000,0.19803,28.800,0.396,-1,400.000,-1,375.000,-1,325.000,325.000,300.000,300.000,-1,775.000,750.000,-1,800.000,750.000,-1,-1,2,0,2,0,2,0,0,0,0,2,0,0,2,0,0,2,2
6,-7660.515,5641.021,-209.397,151.568,-0.877745,-0.475372,0.059879,0.477629,-0.878018,0.030915,0.037879,0.055735,0.997727,0,0.56000,0.19117,33.600,0.382,-1,400.000,-1,375.000,-1,325.000,325.000,300.000,300.000,-1,800.000,775.000,-1,800.000,750.000,-1,-1,2,0,2,0,2,0,0,0,0,2,0,0,2,0,0,2,2
7,-7694.399,5659.087,-207.916,151.935,-0.880775,-0.469765,0.059637,0.471988,-0.881080,0.030431,0.038249,0.054951,0.997756,0,0.64000,0.18330,38.400,0.367,-1,400.000,-1,375.000,-1,325.000,325.000,300.000,300.000,-1,850.000,825.000,-1,800.000,750.000,-1,-1,2,0,2,0,2,0,0,0,0,2,0,0,2,0,0,2,2
8,-7732.564,5679.328,-206.180,152.061,-0.881804,-0.467828,0.059660,0.470036,-0.882136,0.030030,0.038580,0.054523,0.997767,0,0.72000,0.06330,43.200,0.127,-1,400.000,-1,375.000,-1,325.000,325.000,300.000,300.000,-1,875.000,850.000,-1,825.000,750.000,-1,-1,2,0,2,0,2,0,0,0,0,2,0,0,2,0,0,2,2
9,-7774.925,5701.901,-204.242,151.948,-0.880867,-0.469579,0.059733,0.471776,-0.881221,0.029607,0.038735,0.054260,0.997775,0,0.80000,-0.05670,48.000,-0.113,-1,400.000,-1,400.000,-1,325.000,325.000,300.000,300.000,-1,925.000,900.000,-1,825.000,750.000,-1,-1,2,0,2,0,2,0,0,0,0,2,0,0,2,0,0,2,2
10,-7821.439,5726.888,-202.252,151.756,-0.879314,-0.472554,0.059153,0.474692,-0.879679,0.028852,0.038401,0.053449,0.997832,0,0.88000,-0.09613,52.800,-0.192,-1,400.000,-1,400.000,-1,325.000,325.000,300.000,300.000,-1,975.000,950.000,-1,825.000,750.000,-1,-1,2,0,2,0,2,0,0,0,0,2,0,0,2,0,0,2,2
11,-7869.479,5752.925,-200.242,151.544,-0.877604,-0.475824,0.058341,0.477886,-0.877976,0.027978,0.037909,0.052433,0.997905,0,0.91071,-0.10574,54.642,-0.211,-1,400.000,-1,400.000,-1,325.000,325.000,300.000,300.000,-1,-1,-1,-1,825.000,750.000,-1,-1,2,0,2,0,2,0,0,0,0,2,2,2,2,0,0,2,2
12,-7917.370,5779.126,-198.244,151.318,-0.875756,-0.479317,0.057511,0.481304,-0.876135,0.027095,0.037400,0.051408,0.997977,0,0.90982,-0.11326,54.589,-0.227,-1,400.000,-1,400.000,-1,325.000,325.000,300.000,300.000,-1,-1,-1,-1,825.000,750.000,-1,-1,2,0,2,0,2,0,0,0,0,2,2,2,2,0,0,2,2
13,-7966.055,5805.997,-196.225,151.106,-0.874015,-0.482582,0.056682,0.484494,-0.874402,0.026198,0.036920,0.050360,0.998048,0,0.92681,-0.10601,55.608,-0.212,-1,400.000,-1,400.000,-1,325.000,325.000,300.000,300.000,-1,-1,-1,-1,825.000,750.000,-1,-1,2,0,2,0,2,0,0,0,0,2,2,2,2,0,0,2,2
14,-8014.669,5833.083,-194.225,150.875,-0.872102,-0.486124,0.055877,0.487965,-0.872496,0.025310,0.036449,0.049339,0.998117,0,0.92750,-0.11538,55.650,-0.231,-1,400.000,-1,400.000,-1,325.000,325.000,300.000,300.000,-1,-1,-1,-1,800.000,750.000,-1,-1,2,0,2,0,2,0,0,0,0,2,2,2,2,0,0,2,2
15,-8063.175,5860.387,-192.355,150.626,-0.870030,-0.489925,0.054968,0.491711,-0.870400,0.024972,0.035610,0.048755,0.998176,0,0.92772,-0.12449,55.663,-0.249,-1,400.000,-1,400.000,-1,325.000,325.000,300.000,300.000,-1,-1,-1,-1,800.000,750.000,-1,-1,2,0,2,0,2,0,0,0,0,2,2,2,2,0,0,2,2
16,-8111.541,5887.908,-190.519,150.359,-0.867791,-0.493983,0.054038,0.495716,-0.868132,0.024723,0.034700,0.048242,0.998233,0,0.92746,-0.13333,55.648,-0.267,-1,400.000,-1,400.000,-1,325.000,325.000,300.000,300.000,-1,-1,-1,-1,800.000,750.000,-1,-1,2,0,2,0,2,0,0,0,0,2,2,2,2,0,0,2,2
17,-8159.733,5915.648,-188.688,150.076,-0.865383,-0.498290,0.053110,0.499970,-0.865698,0.024417,0.033810,0.047683,0.998290,0,0.92675,-0.14189,55.605,-0.284,-1,400.000,-1,400.000,-1,325.000,325.000,300.000,300.000,-1,-1,-1,-1,800.000,725.000,-1,-1,2,0,2,0,2,0,0,0,0,2,2,2,2,0,0,2,2
18,-8207.719,5943.605,-186.863,149.775,-0.862806,-0.502834,0.052183,0.504460,-0.863100,0.024056,0.032943,0.047080,0.998348,0,0.92559,-0.15015,55.536,-0.300,-1,400.000,-1,400.000,-1,325.000,325.000,300.000,300.000,-1,-1,-1,-1,800.000,725.000,-1,-1,2,0,2,0,2,0,0,0,0,2,2,2,2,0,0,2,2
19,-8255.468,5971.777,-185.041,149.459,-0.860064,-0.507605,0.051254,0.509176,-0.860337,0.023663,0.032084,0.046449,0.998405,0,0.92401,-0.15811,55.441,-0.316,-1,400.000,-1,400.000,-1,325.000,325.000,300.000,300.000,-1,-1,-1,-1,800.000,725.000,-1,-1,2,0,2,0,2,0,0,0,0,2,2,2,2,0,0,2,2
20,-8302.950,6000.165,-183.129,149.128,-0.857167,-0.512581,0.050255,0.514109,-0.857397,0.023729,0.030926,0.046177,0.998454,0,0.92202,-0.16574,55.321,-0.331,-1,400.000,-1,375.000,-1,325.000,325.000,300.000,300.000,-1,-1,-1,-1,775.000,725.000,-1,-1,2,0,2,0,2,0,0,0,0,2,2,2,2,0,0,2,2
21,-8350.140,6028.765,-181.292,148.782,-0.854102,-0.517764,0.049305,0.519240,-0.854307,0.023416,0.029998,0.045601,0.998509,0,0.91966,-0.17304,55.179,-0.346,-1,400.000,-1,375.000,-1,325.000,325.000,300.000,300.000,-1,-1,-1,-1,775.000,725.000,-1,-1,2,0,2,0,2,0,0,0,0,2,2,2,2,0,0,2,2
22,-8397.009,6057.575,-179.588,148.422,-0.850865,-0.523148,0.048433,0.524557,-0.851080,0.022427,0.029488,0.044488,0.998575,0,0.91693,-0.18000,55.016,-0.360,-1,400.000,-1,375.000,-1,325.000,325.000,300.000,300.000,-1,-1,-1,-1,775.000,700.000,-1,-1,2,0,2,0,2,0,0,0,0,2,2,2,2,0,0,2,2
23,-8443.534,6086.594,-177.892,148.048,-0.847470,-0.528706,0.047577,0.530049,-0.847697,0.021399,0.029017,0.043354,0.998638,0,0.91388,-0.18659,54.833,-0.373,-1,400.000,-1,375.000,-1,325.000,325.000,300.000,300.000,-1,-1,-1,-1,750.000,700.000,-1,-1,2,0,2,0,2,0,0,0,0,2,2,2,2,0,0,2,2
24,-8489.693,6115.817,-176.180,147.663,-0.843917,-0.534424,0.046851,0.535707,-0.844158,0.020374,0.028661,0.042292,0.998694,0,0.91053,-0.19281,54.632,-0.386,-1,400.000,-1,375.000,-1,325.000,325.000,300.000,300.000,-1,-1,-1,-1,750.000,700.000,-1,-1,2,0,2,0,2,0,0,0,0,2,2,2,2,0,0,2,2
25,-8535.466,6145.243,-174.483,147.265,-0.840215,-0.540289,0.046118,0.541513,-0.840471,0.019304,0.028331,0.041193,0.998749,0,0.90692,-0.19864,54.415,-0.397,-1,400.000,-1,375.000,-1,325.000,325.000,300.000,300.000,-1,-1,-1,-1,750.000,700.000,-1,-1,2,0,2,0,2,0,0,0,0,2,2,2,2,0,0,2,2
26,-8580.836,6174.865,-172.800,146.860,-0.836394,-0.546247,0.045377,0.547411,-0.836666,0.018189,0.028030,0.040053,0.998804,0,0.90307,-0.20268,54.184,-0.405,-1,400.000,-1,375.000,-1,325.000,325.000,300.000,300.000,-1,-1,-1,-1,725.000,700.000,-1,-1,2,0,2,0,2,0,0,0,0,2,2,2,2,0,0,2,2
27,-8625.790,6204.676,-171.243,146.451,-0.832471,-0.552228,0.045126,0.553357,-0.832767,0.017191,0.028086,0.039282,0.998833,0,0.89901,-0.20470,53.941,-0.409,-1,400.000,-1,375.000,-1,325.000,300.000,300.000,300.000,-1,-1,-1,-1,725.000,700.000,-1,-1,2,0,2,0,2,0,0,0,0,2,2,2,2,0,0,2,2
28,-8670.318,6234.668,-169.723,146.038,-0.828473,-0.558221,0.044964,0.559317,-0.828796,0.016174,0.028237,0.038549,0.998858,0,0.89477,-0.20612,53.686,-0.412,-1,375.000,-1,375.000,-1,325.000,300.000,300.000,300.000,-1,-1,-1,-1,725.000,675.000,-1,-1,2,0,2,0,2,0,0,0,0,2,2,2,2,0,0,2,2
29,-8714.411,6264.831,-168.208,145.625,-0.824417,-0.564211,0.044745,0.565270,-0.824768,0.015092,0.028389,0.037735,0.998884,0,0.89038,-0.20695,53.423,-0.414,-1,375.000,-1,375.000,-1,325.000,300.000,300.000,300.000,-1,-1,-1,-1,700.000,675.000,-1,-1,2,0,2,0,2,0,0,0,0,2,2,2,2,0,0,2,2
30,-8761.392,6297.180,-166.403,145.451,-0.822665,-0.566723,0.045248,0.567771,-0.823067,0.014025,0.029294,0.037229,0.998877,0,0.95068,-0.08695,57.041,-0.174,-1,375.000,-1,375.000,-1,325.000,300.000,300.000,300.000,-1,-1,-1,-1,700.000,675.000,-1,-1,2,0,2,0,2,0,0,0,0,2,2,2,2,0,0,2,2
31,-8808.114,6329.292,-164.548,145.500,-0.823106,-0.566032,0.045872,0.567070,-0.823569,0.012921,0.030465,0.036648,0.998864,0,0.94488,0.02447,56.693,0.049,-1,375.000,-1,375.000,-1,325.000,300.000,300.000,300.000,-1,-1,-1,-1,700.000,675.000,-1,-1,2,0,2,0,2,0,0,0,0,2,2,2,2,0,0,2,2
32,-8854.542,6361.140,-162.677,145.551,-0.823573,-0.565302,0.046481,0.566326,-0.824097,0.011775,0.031649,0.036021,0.998850,0,0.93836,0.02582,56.301,0.052,-1,375.000,-1,375.000,-1,325.000,300.000,300.000,300.000,-1,-1,-1,-1,700.000,675.000,-1,-1,2,0,2,0,2,0,0,0,0,2,2,2,2,0,0,2,2
33,-8900.681,6392.724,-160.791,145.607,-0.824083,-0.564510,0.047077,0.565517,-0.824669,0.010589,0.032845,0.035349,0.998835,0,0.93189,0.02800,55.914,0.056,975.000,375.000,-1,375.000,-1,325.000,300.000,300.000,300.000,-1,-1,-1,-1,700.000,675.000,-1,-1,1,0,2,0,2,0,0,0,0,2,2,2,2,0,0,2,2
34,-8946.541,6424.044,-158.889,145.669,-0.824650,-0.563632,0.047659,0.564617,-0.825300,0.009363,0.034055,0.034630,0.998820,0,0.92558,0.03100,55.535,0.062,950.000,375.000,-1,375.000,-1,325.000,325.000,300.000,300.000,-1,-1,-1,-1,700.000,675.000,-1,-1,1,0,2,0,2,0,0,0,0,2,2,2,2,0,0,2,2
35,-8992.137,6455.103,-156.953,145.739,-0.825293,-0.562642,0.048220,0.563605,-0.826004,0.008190,0.035222,0.033936,0.998803,0,0.91949,0.03480,55.169,0.070,900.000,375.000,-1,375.000,-1,325.000,325.000,300.000,325.000,-1,-1,-1,-1,700.000,675.000,-1,-1,1,0,2,0,2,0,0,0,1,2,2,2,2,0,0,2,2
36,-9037.488,6485.904,-154.987,145.818,-0.826026,-0.561519,0.048764,0.562459,-0.826795,0.007057,0.036355,0.033257,0.998785,0,0.91370,0.03938,54.822,0.079,850.000,375.000,-1,375.000,-1,300.000,325.000,300.000,325.000,-1,-1,-1,-1,675.000,675.000,1000.000,-1,1,0,2,0,2,0,0,0,1,2,2,2,2,0,0,1,2
37,-9082.619,6516.452,-152.928,145.907,-0.826856,-0.560246,0.049322,0.561147,-0.827698,0.005537,0.037722,0.032255,0.998768,0,0.90828,0.04471,54.497,0.089,825.000,375.000,-1,375.000,-1,300.000,300.000,300.000,325.000,-1,800.000,-1,-1,675.000,675.000,975.000,-1,1,0,2,0,2,0,0,0,1,2,0,2,2,0,0,1,2
38,-9127.555,6546.752,-150.559,146.009,-0.827745,-0.558788,0.050936,0.559674,-0.828703,0.003897,0.040033,0.031734,0.998694,0,0.90329,0.05078,54.197,0.102,775.000,375.000,-1,375.000,-1,300.000,300.000,300.000,300.000,-1,700.000,950.000,-1,700.000,675.000,1000.000,-1,1,0,2,0,2,0,0,0,0,2,0,0,2,0,0,1,2
39,-9172.328,6576.811,-148.132,146.124,-0.828751,-0.557129,0.052714,0.558003,-0.829836,0.002265,0.042482,0.031291,0.998607,0,0.89879,0.05755,53.928,0.115,750.000,375.000,-1,375.000,-1,325.000,300.000,300.000,300.000,-1,650.000,750.000,-1,700.000,675.000,-1,-1,1,0,2,0,2,0,0,0,0,2,0,0,2,0,0,2,2
40,-9216.972,6606.638,-145.692,146.254,-0.829898,-0.555254,0.054431,0.556104,-0.831112,0.000571,0.044921,0.030743,0.998517,0,0.89484,0.06502,53.691,0.130,725.000,375.000,-1,375.000,-1,325.000,300.000,300.000,300.000,-1,600.000,675.000,-1,700.000,675.000,-1,-1,1,0,2,0,2,0,0,0,0,2,0,0,2,0,0,2,2
41,-9261.524,6636.238,-143.218,146.400,-0.831199,-0.553140,0.056078,0.553960,-0.832543,-0.001102,0.047297,0.030149,0.998426,0,0.89148,0.07315,53.489,0.146,675.000,375.000,-1,375.000,-1,325.000,325.000,300.000,300.000,-1,575.000,650.000,-1,700.000,700.000,-1,-1,1,0,2,0,2,0,0,0,0,2,0,0,2,0,0,2,2
42,-9306.024,6665.620,-140.559,146.564,-0.832679,-0.550759,0.057531,0.551572,-0.834125,-0.002077,0.049132,0.030004,0.998342,0,0.88875,0.08193,53.325,0.164,650.000,375.000,-1,375.000,-1,325.000,325.000,300.000,300.000,-1,575.000,625.000,-1,700.000,700.000,-1,-1,1,0,2,0,2,0,0,0,0,2,0,0,2,0,0,2,2
43,-9350.513,6694.793,-137.878,146.747,-0.834333,-0.548100,0.058941,0.548900,-0.835882,-0.003075,0.050953,0.029787,0.998257,0,0.88667,0.09135,53.200,0.183,625.000,375.000,-1,375.000,-1,325.000,325.000,300.000,300.000,-1,575.000,625.000,-1,725.000,700.000,-1,-1,1,0,2,0,2,0,0,0,0,2,0,0,2,0,0,2,2
44,-9395.036,6723.762,-135.111,146.949,-0.836166,-0.545147,0.060337,0.545915,-0.837829,-0.004382,0.052941,0.029275,0.998168,0,0.88529,0.10138,53.117,0.203,600.000,375.000,-1,375.000,-1,325.000,325.000,300.000,300.000,-1,550.000,600.000,-1,725.000,700.000,-1,-1,1,0,2,0,2,0,0,0,0,2,0,0,2,0,0,2,2
45,-9439.638,6752.535,-132.271,147.173,-0.838188,-0.541878,0.061719,0.542596,-0.839973,-0.005924,0.055053,0.028523,0.998076,0,0.88462,0.11202,53.077,0.224,575.000,400.000,-1,375.000,-1,325.000,325.000,300.000,300.000,-1,550.000,575.000,-1,725.000,725.000,-1,-1,1,0,2,0,2,0,0,0,0,2,0,0,2,0,0,2,2
46,-9484.366,6781.119,-129.422,147.420,-0.840409,-0.538271,0.063060,0.538937,-0.842314,-0.007384,0.057090,0.027780,0.997982,0,0.88468,0.12325,53.081,0.246,575.000,400.000,-1,375.000,-1,325.000,325.000,300.000,300.000,-1,550.000,550.000,-1,725.000,725.000,-1,-1,1,0,2,0,2,0,0,0,0,2,0,0,2,0,0,2,2
47,-9533.401,6811.871,-126.298,147.906,-0.844842,-0.531113,0.064507,0.531717,-0.846876,-0.008840,0.059325,0.026831,0.997878,0,0.96468,0.24325,57.881,0.486,550.000,400.000,-1,375.000,-1,325.000,325.000,300.000,300.000,-1,525.000,525.000,-1,725.000,725.000,-1,-1,1,0,2,0,2,0,0,0,0,2,0,0,2,0,0,2,2
48,-9583.994,6842.721,-123.075,148.627,-0.851351,-0.520430,0.065987,0.520966,-0.853517,-0.010171,0.061614,0.025718,0.997769,0,0.98760,0.36051,59.256,0.721,550.000,400.000,-1,400.000,-1,325.000,325.000,300.000,300.000,-1,475.000,500.000,-1,750.000,750.000,-1,-1,1,0,2,0,2,0,0,0,0,2,0,0,2,0,0,2,2
49,-9635.197,6873.025,-119.635,149.381,-0.858078,-0.509174,0.066659,0.509604,-0.860330,-0.011675,0.063293,0.023952,0.997708,0,0.99165,0.37703,59.499,0.754,550.000,400.000,-1,400.000,-1,325.000,325.000,300.000,300.000,-1,475.000,500.000,-1,750.000,750.000,-1,-1,1,0,2,0,2,0,0,0,0,2,0,0,2,0,0,2,2
50,-9687.033,6902.749,-115.955,150.170,-0.864979,-0.497302,0.067100,0.497680,-0.867276,-0.012157,0.064240,0.022879,0.997672,0,0.99588,0.39416,59.753,0.788,550.000,400.000,-1,400.000,-1,325.000,325.000,300.000,300.000,-1,525.000,550.000,-1,750.000,775.000,-1,-1,1,0,2,0,2,0,0,0,0,2,0,0,2,0,0,2,2
51,-9739.279,6931.741,-112.177,150.974,-0.871862,-0.485090,0.067413,0.485440,-0.874185,-0.012194,0.064846,0.022094,0.997651,0,0.99585,0.40206,59.751,0.804,575.000,400.000,-1,400.000,-1,325.000,325.000,300.000,300.000,-1,550.000,600.000,-1,750.000,775.000,-1,-1,1,0,2,0,2,0,0,0,0,2,0,0,2,0,0,2,2
52,-9791.891,6959.960,-108.191,151.792,-0.878630,-0.472553,0.068577,0.472921,-0.881026,-0.011795,0.065992,0.022068,0.997576,0,0.99503,0.40926,59.702,0.819,625.000,400.000,-1,400.000,-1,325.000,325.000,300.000,300.000,-1,600.000,625.000,-1,750.000,775.000,-1,-1,1,0,2,0,2,0,0,0,0,2,0,0,2,0,0,2,2
53,-9840.744,6985.012,-104.696,152.851,-0.887221,-0.456208,0.068650,0.456534,-0.889628,-0.011791,0.066452,0.020880,0.997571,0,0.91503,0.52926,54.902,1.059,625.000,400.000,-1,400.000,-1,325.000,325.000,300.000,300.000,-1,650.000,675.000,-1,775.000,800.000,-1,-1,1,0,2,0,2,0,0,0,0,2,0,0,2,0,0,2,2
54,-9885.775,7006.977,-101.350,153.998,-0.896147,-0.438311,0.069311,0.438624,-0.898598,-0.011456,0.067304,0.020135,0.997529,0,0.83503,0.57362,50.102,1.147,675.000,400.000,-1,400.000,-1,325.000,325.000,300.000,300.000,-1,675.000,700.000,-1,775.000,800.000,-1,-1,1,0,2,0,2,0,0,0,0,2,0,0,2,0,0,2,2
55,-9928.848,7026.920,-98.104,155.156,-0.904821,-0.420070,0.069571,0.420352,-0.907292,-0.011248,0.067847,0.019067,0.997514,0,0.79110,0.57903,47.466,1.158,675.000,400.000,-1,400.000,-1,325.000,325.000,275.000,300.000,-1,725.000,750.000,-1,775.000,800.000,-1,-1,1,0,2,0,2,0,0,1,0,2,0,0,2,0,0,2,2
56,-9972.274,7045.961,-94.816,156.324,-0.913213,-0.401495,0.069593,0.401737,-0.915688,-0.011097,0.068181,0.017824,0.997514,0,0.79029,0.58408,47.417,1.168,650.000,400.000,-1,400.000,-1,325.000,325.000,250.000,300.000,-1,775.000,825.000,-1,775.000,825.000,-1,-1,1,0,2,0,2,0,0,1,0,2,0,0,2,0,0,2,2
57,-10016.026,7064.082,-91.571,157.503,-0.921296,-0.382586,0.069583,0.382801,-0.923768,-0.010752,0.068393,0.016731,0.997518,0,0.78928,0.58919,47.357,1.178,650.000,400.000,-1,400.000,-1,325.000,325.000,250.000,300.000,-1,850.000,875.000,-1,775.000,825.000,-1,-1,1,0,2,0,2,0,0,1,0,2,0,0,2,0,0,2,2
58,-10060.078,7081.265,-88.346,158.691,-0.929053,-0.363346,0.069568,0.363538,-0.931522,-0.010331,0.068558,0.015693,0.997524,0,0.78807,0.59435,47.284,1.189,625.000,400.000,-1,400.000,-1,325.000,325.000,225.000,300.000,-1,900.000,950.000,-1,775.000,850.000,-1,-1,1,0,2,0,2,0,0,1,0,2,0,0,2,0,0,2,2
59,-10104.399,7097.493,-85.140,159.891,-0.936472,-0.343778,0.069547,0.343952,-0.938936,-0.009838,0.068683,0.014708,0.997530,0,0.78665,0.59955,47.199,1.199,625.000,400.000,-1,400.000,-1,325.000,325.000,200.000,300.000,-1,975.000,1000.000,-1,775.000,850.000,-1,-1,1,0,2,0,2,0,0,1,0,2,0,0,2,0,0,2,2
60,-10148.961,7112.752,-81.951,161.098,-0.943526,-0.323921,0.069522,0.324081,-0.945984,-0.009278,0.068772,0.013776,0.997537,0,0.78504,0.60371,47.102,1.207,600.000,400.000,-1,400.000,-1,325.000,325.000,200.000,300.000,-1,-1,-1,-1,775.000,850.000,-1,-1,1,0,2,0,2,0,0,1,0,2,2,2,2,0,0,2,2
61,-10193.732,7127.031,-78.780,162.310,-0.950187,-0.303834,0.069491,0.303984,-0.952638,-0.008656,0.068830,0.012899,0.997545,0,0.78321,0.60627,46.993,1.213,575.000,400.000,-1,400.000,-1,325.000,325.000,200.000,300.000,-1,-1,-1,-1,800.000,875.000,-1,-1,1,0,2,0,2,0,0,1,0,2,2,2,2,0,0,2,2
62,-10238.679,7140.321,-75.625,163.528,-0.956445,-0.283529,0.069457,0.283674,-0.958888,-0.007977,0.068864,0.012073,0.997553,0,0.78117,0.60868,46.870,1.217,550.000,400.000,-1,400.000,-1,325.000,325.000,175.000,300.000,-1,-1,-1,-1,800.000,875.000,-1,-1,1,0,2,0,2,0,0,1,0,2,2,2,2,0,0,2,2
63,-10283.769,7152.615,-72.485,164.750,-0.962290,-0.263019,0.069421,0.263162,-0.964725,-0.007246,0.068878,0.011296,0.997561,0,0.77893,0.61095,46.736,1.222,525.000,400.000,-1,425.000,-1,325.000,325.000,175.000,300.000,-1,-1,-1,-1,800.000,875.000,-1,-1,1,0,2,0,2,0,0,1,0,2,2,2,2,0,0,2,2
64,-10328.969,7163.905,-69.360,165.976,-0.967713,-0.242317,0.069382,0.242461,-0.970140,-0.006467,0.068878,0.010564,0.997569,0,0.77648,0.61307,46.589,1.226,500.000,400.000,-1,425.000,-1,325.000,325.000,175.000,300.000,-1,-1,-1,-1,800.000,900.000,-1,-1,1,0,2,0,2,0,0,1,0,2,2,2,2,0,0,2,2
65,-10374.246,7174.187,-66.250,167.206,-0.972706,-0.221437,0.069345,0.221585,-0.975125,-0.005646,0.068870,0.009874,0.997577,0,0.77384,0.61503,46.431,1.230,500.000,400.000,-1,425.000,-1,325.000,325.000,175.000,300.000,-1,-1,-1,-1,800.000,900.000,-1,-1,1,0,2,0,2,0,0,1,0,2,2,2,2,0,0,2,2
66,-10419.569,7183.457,-63.152,168.440,-0.977261,-0.200392,0.069310,0.200547,-0.979672,-0.004786,0.068860,0.009223,0.997584,0,0.77102,0.61683,46.261,1.234,475.000,400.000,-1,425.000,-1,325.000,325.000,175.000,300.000,-1,-1,-1,-1,800.000,900.000,-1,-1,1,0,2,0,2,0,0,1,0,2,2,2,2,0,0,2,2
67,-10463.815,7191.711,-59.944,169.433,-0.980648,-0.183372,0.068592,0.183603,-0.982996,-0.002970,0.067970,0.009681,0.997640,0,0.75016,0.49683,45.009,0.994,450.000,400.000,-1,425.000,-1,325.000,325.000,175.000,300.000,-1,-1,-1,-1,800.000,875.000,-1,-1,1,0,2,0,2,0,0,1,0,2,2,2,2,0,1,2,2
68,-10507.950,7199.345,-57.019,170.187,-0.983031,-0.170427,0.067853,0.170671,-0.985326,-0.002220,0.067236,0.009398,0.997693,0,0.74651,0.37683,44.791,0.754,450.000,400.000,-1,425.000,-1,325.000,325.000,175.000,300.000,-1,-1,-1,-1,800.000,850.000,-1,-1,1,0,2,0,2,0,0,1,0,2,2,2,2,0,1,2,2
69,-10551.889,7206.540,-54.328,170.701,-0.984547,-0.161587,0.067501,0.161821,-0.986818,-0.002014,0.066937,0.008940,0.997717,0,0.74206,0.25683,44.524,0.514,450.000,400.000,-1,425.000,-1,325.000,325.000,175.000,300.000,-1,-1,-1,-1,800.000,825.000,-1,-1,1,0,2,0,2,0,0,1,0,2,2,2,2,0,1,2,2
70,-10595.551,7213.475,-51.586,170.974,-0.985379,-0.156870,0.066481,0.157183,-0.987569,-0.000525,0.065737,0.009932,0.997788,0,0.73683,0.13683,44.210,0.274,475.000,400.000,-1,425.000,-1,325.000,325.000,175.000,300.000,-1,-1,-1,-1,800.000,800.000,-1,975.000,1,0,2,0,2,0,0,1,0,2,2,2,2,0,1,2,1
71,-10638.862,7220.328,-48.889,171.008,-0.985539,-0.156288,0.065469,0.156684,-0.987648,0.000935,0.064514,0.011179,0.997854,0,0.73084,0.01683,43.850,0.034,475.000,400.000,-1,425.000,1000.000,325.000,325.000,175.000,300.000,-1,-1,-1,-1,800.000,750.000,-1,950.000,1,0,2,0,1,0,0,1,0,2,2,2,2,0,1,2,1
72,-10681.751,7227.273,-46.241,170.802,-0.985036,-0.159841,0.064461,0.160324,-0.987062,0.002372,0.063247,0.012671,0.997917,0,0.72414,-0.10317,43.448,-0.206,500.000,400.000,-1,425.000,950.000,325.000,325.000,175.000,300.000,-1,-1,-1,-1,800.000,725.000,-1,900.000,1,0,2,0,1,0,0,1,0,2,2,2,2,0,1,2,1
73,-10724.151,7234.478,-43.646,170.355,-0.983824,-0.167521,0.063455,0.168096,-0.985763,0.003796,0.061915,0.014401,0.997977,0,0.71680,-0.22317,43.008,-0.446,550.000,400.000,-1,425.000,900.000,325.000,325.000,175.000,300.000,-1,-1,-1,-1,800.000,700.000,-1,850.000,1,0,2,0,1,0,0,1,0,2,2,2,2,0,1,2,1
74,-10765.997,7242.105,-41.108,169.669,-0.981808,-0.179311,0.062449,0.179980,-0.983656,0.005213,0.060494,0.016358,0.998035,0,0.70892,-0.34317,42.535,-0.686,-1,400.000,-1,425.000,850.000,325.000,325.000,175.000,300.000,-1,-1,-1,-1,825.000,675.000,-1,800.000,2,0,2,0,1,0,0,1,0,2,2,2,2,0,1,2,1
75,-10807.224,7250.311,-38.614,168.743,-0.978838,-0.195183,0.061486,0.195945,-0.980593,0.006547,0.059015,0.018456,0.998086,0,0.70060,-0.46317,42.036,-0.926,-1,400.000,-1,425.000,800.000,325.000,325.000,175.000,300.000,-1,-1,-1,-1,825.000,650.000,-1,750.000,2,0,2,0,1,0,0,1,0,2,2,2,2,0,1,2,1
76,-10847.770,7259.242,-36.183,167.576,-0.974716,-0.215093,0.060529,0.215947,-0.976373,0.007864,0.057407,0.020737,0.998135,0,0.69197,-0.58317,41.518,-1.166,-1,400.000,-1,425.000,775.000,325.000,325.000,200.000,300.000,350.000,-1,-1,-1,825.000,625.000,-1,725.000,2,0,2,1,1,0,0,1,0,1,2,2,2,0,1,2,1
77,-10887.571,7269.040,-33.825,166.170,-0.969196,-0.238978,0.059569,0.239926,-0.970748,0.009185,0.055631,0.023195,0.998182,0,0.68317,-0.70317,40.990,-1.406,-1,400.000,-1,400.000,750.000,325.000,325.000,200.000,300.000,300.000,-1,-1,-1,825.000,600.000,-1,675.000,2,0,2,1,1,0,0,1,0,1,2,2,2,0,1,2,1
78,-10926.569,7279.821,-31.547,164.545,-0.962081,-0.266393,0.058607,0.267432,-0.963519,0.010515,0.053668,0.025789,0.998226,0,0.67434,-0.81248,40.461,-1.625,-1,400.000,-1,400.000,700.000,325.000,325.000,225.000,300.000,275.000,-1,-1,-1,850.000,575.000,-1,650.000,2,0,2,1,1,0,0,1,0,1,2,2,2,0,1,2,1
79,-10964.749,7291.554,-29.350,162.916,-0.954169,-0.293663,0.057644,0.294785,-0.955490,0.011851,0.051598,0.028301,0.998267,0,0.66570,-0.81472,39.942,-1.629,-1,400.000,-1,400.000,675.000,325.000,325.000,225.000,300.000,250.000,-1,-1,-1,850.000,550.000,-1,600.000,2,0,2,1,1,0,1,1,0,1,2,2,2,0,1,2,1
80,-11002.133,7304.221,-27.236,161.281,-0.945457,-0.320777,0.056683,0.321975,-0.946656,0.013193,0.049428,0.030724,0.998305,0,0.65786,-0.81732,39.472,-1.635,-1,400.000,-1,375.000,650.000,325.000,325.000,250.000,300.000,250.000,-1,-1,-1,850.000,525.000,-1,575.000,2,0,2,1,1,0,1,1,0,1,2,2,2,0,1,2,1
81,-11038.746,7317.807,-25.238,159.640,-0.935937,-0.347722,0.055778,0.348981,-0.937019,0.014383,0.047264,0.032927,0.998340,0,0.65087,-0.82024,39.052,-1.640,-1,400.000,950.000,375.000,625.000,325.000,325.000,250.000,300.000,250.000,-1,-1,-1,875.000,500.000,-1,550.000,2,0,1,1,1,0,1,1,0,1,2,2,2,0,1,2,1
82,-11074.612,7332.302,-23.443,157.994,-0.925597,-0.374488,0.055044,0.375780,-0.926588,0.014986,0.045391,0.034555,0.998371,0,0.64475,-0.82347,38.685,-1.647,-1,425.000,825.000,350.000,600.000,325.000,300.000,275.000,300.000,250.000,-1,-1,-1,875.000,475.000,-1,500.000,2,0,1,1,1,0,1,1,0,1,2,2,2,0,1,2,1
83,-11109.757,7347.700,-21.903,156.340,-0.914488,-0.401064,0.053466,0.402336,-0.915366,0.015169,0.042857,0.035383,0.998454,0,0.63949,-0.82697,38.369,-1.654,-1,425.000,750.000,325.000,575.000,325.000,300.000,275.000,300.000,275.000,-1,-1,-1,875.000,450.000,-1,475.000,2,0,1,1,1,0,1,1,0,1,2,2,2,0,1,2,1
84,-11144.201,7363.998,-20.439,154.678,-0.902563,-0.427424,0.051847,0.428672,-0.903329,0.015417,0.040246,0.036140,0.998536,0,0.63509,-0.83073,38.105,-1.661,-1,425.000,675.000,325.000,550.000,325.000,275.000,300.000,300.000,275.000,-1,-1,-1,875.000,425.000,-1,450.000,2,0,1,1,1,1,1,1,0,1,2,2,2,0,1,2,1
85,-11177.965,7381.195,-19.046,153.009,-0.889815,-0.453547,0.050233,0.454770,-0.890470,0.015748,0.037588,0.036857,0.998613,0,0.63152,-0.83472,37.891,-1.669,-1,425.000,600.000,300.000,525.000,300.000,275.000,300.000,300.000,275.000,-1,-1,-1,800.000,375.000,-1,425.000,2,0,1,1,1,1,1,0,0,1,2,2,2,1,1,2,1
86,-11214.372,7401.098,-17.590,151.336,-0.876289,-0.479341,0.048476,0.480532,-0.876828,0.016200,0.034740,0.037490,0.998693,0,0.69154,-0.83653,41.492,-1.673,-1,400.000,550.000,275.000,500.000,275.000,250.000,300.000,300.000,300.000,-1,-1,-1,650.000,350.000,-1,400.000,2,1,1,1,1,1,1,0,0,1,2,2,2,1,1,2,1
87,-11249.783,7421.824,-16.301,149.659,-0.861968,-0.504773,0.047075,0.505946,-0.862400,0.016856,0.032089,0.038346,0.998749,0,0.68384,-0.83827,41.030,-1.677,-1,350.000,475.000,250.000,450.000,250.000,225.000,300.000,300.000,325.000,-1,-1,-1,550.000,325.000,-1,350.000,2,1,1,1,1,1,1,0,0,1,2,2,2,1,1,2,1
88,-11288.540,7446.285,-14.977,147.743,-0.844687,-0.533312,0.045626,0.534467,-0.845004,0.017689,0.029120,0.039327,0.998802,0,0.76384,-0.95827,45.830,-1.917,-1,300.000,425.000,225.000,425.000,225.000,200.000,300.000,300.000,350.000,-1,-1,-1,450.000,300.000,1000.000,325.000,2,1,1,1,1,1,1,0,0,1,2,2,2,1,1,1,1
89,-11330.387,7474.785,-13.633,145.743,-0.825652,-0.562456,0.044074,0.563586,-0.825847,0.018669,0.025898,0.040254,0.998854,0,0.84384,-1.00000,50.630,-2.000,-1,275.000,350.000,200.000,375.000,200.000,175.000,300.000,300.000,375.000,775.000,-1,-1,350.000,250.000,725.000,275.000,2,1,1,1,1,1,1,0,0,1,1,2,2,1,1,1,1
90,-11372.252,7505.492,-11.335,143.743,-0.805534,-0.591006,0.042752,0.591991,-0.805810,0.014733,0.025742,0.037177,0.998977,0,0.86531,-1.00000,51.918,-2.000,-1,225.000,300.000,175.000,350.000,175.000,175.000,300.000,300.000,400.000,725.000,-1,-1,300.000,225.000,525.000,250.000,2,1,1,1,1,1,1,0,0,1,1,2,2,1,1,1,1
91,-11413.361,7537.914,-7.095,141.743,-0.784324,-0.618982,0.041205,0.619540,-0.784965,0.000982,0.031736,0.026298,0.999150,0,0.87258,-1.00000,52.355,-2.000,-1,200.000,250.000,175.000,325.000,150.000,150.000,275.000,325.000,400.000,700.000,-1,-1,250.000,200.000,400.000,250.000,2,1,1,1,1,1,1,0,0,1,1,2,2,1,1,1,1
92,-11453.651,7572.029,0.934,139.743,-0.761290,-0.645980,0.056096,0.646459,-0.762861,-0.011591,0.050280,0.027440,0.998358,0,0.87984,-1.00000,52.791,-2.000,900.000,175.000,250.000,150.000,350.000,150.000,150.000,300.000,350.000,425.000,650.000,825.000,-1,225.000,200.000,325.000,250.000,1,1,1,1,1,1,1,0,0,1,1,1,2,1,1,1,1
93,-11493.052,7607.817,12.019,137.743,-0.735827,-0.671986,0.083624,0.672565,-0.739606,-0.025274,0.078833,0.037645,0.996177,0,0.88707,-1.00000,53.224,-2.000,800.000,175.000,225.000,150.000,450.000,150.000,150.000,350.000,375.000,450.000,200.000,250.000,-1,200.000,200.000,275.000,250.000,1,1,1,1,1,1,1,0,0,1,0,0,2,1,1,1,1
94,-8660.762,-1951.216,129.789,-13.463,0.970709,0.232725,-0.059691,-0.230331,0.972101,0.044353,0.068348,-0.029306,0.997231,1,0.00000,0.00000,53.652,-2.000,-1,475.000,-1,325.000,-1,350.000,300.000,275.000,425.000,550.000,100.000,175.000,-1,-1,-1,-1,-1,2,1,2,1,2,1,1,0,1,0,0,0,2,2,2,2,2
95,-8656.098,-1952.354,130.109,-13.703,0.969677,0.236793,-0.060467,-0.234331,0.971110,0.045099,0.069399,-0.029562,0.997151,0,0.08000,-0.12000,4.800,-0.240,-1,475.000,-1,350.000,-1,350.000,300.000,275.000,425.000,525.000,100.000,175.000,-1,-1,-1,-1,-1,2,1,2,1,2,1,1,0,1,0,0,0,2,2,2,2,2
96,-8646.781,-1954.669,130.710,-13.954,0.968526,0.241033,-0.062126,-0.238415,0.970040,0.046687,0.071518,-0.030406,0.996976,0,0.16000,-0.12533,9.600,-0.251,-1,475.000,-1,350.000,-1,350.000,300.000,275.000,425.000,525.000,100.000,175.000,-1,-1,-1,-1,-1,2,1,2,1,2,1,1,0,1,0,0,0,2,2,2,2,2
97,-8632.821,-1958.203,131.604,-14.207,0.967286,0.245297,-0.064703,-0.242425,0.968925,0.049139,0.074745,-0.031846,0.996694,0,0.24000,-0.12630,14.400,-0.253,-1,500.000,-1,375.000,-1,350.000,325.000,275.000,425.000,500.000,100.000,175.000,-1,-1,-1,-1,-1,2,1,2,1,2,1,1,0,1,0,0,0,2,2,2,2,2
98,-6887.283,3607.638,-124.835,56.762,0.546138,-0.836381,0.046899,0.832097,0.548099,0.084868,-0.096687,-0.007325,0.995288,1,0.00000,0.00000,19.200,-0.257,-1,400.000,-1,375.000,425.000,325.000,300.000,300.000,300.000,-1,475.000,625.000,-1,700.000,575.000,-1,500.000,2,0,2,0,1,0,0,0,0,2,0,0,2,0,1,2,1
99,-6884.648,3611.650,-125.301,56.695,0.547154,-0.835732,0.046624,0.831438,0.549083,0.084961,-0.096605,-0.007722,0.995293,0,0.08000,-0.03377,4.800,-0.068,-1,400.000,-1,375.000,425.000,325.000,300.000,300.000,300.000,-1,475.000,625.000,-1,700.000,575.000,-1,500.000,2,0,2,0,1,0,0,0,0,2,0,0,2,0,1,2,1
100,-6879.367,3619.667,-126.227,56.624,0.548239,-0.835051,0.046074,0.830741,0.550108,0.085150,-0.096450,-0.008407,0.995302,0,0.16000,-0.03526,9.600,-0.071,-1,375.000,-1,375.000,400.000,300.000,300.000,300.000,300.000,-1,475.000,625.000,-1,700.000,550.000,-1,475.000,2,0,2,0,1,0,0,0,0,2,0,0,2,0,1,2,1
101,-6871.429,3631.681,-127.613,56.547,0.549447,-0.834302,0.045248,0.829969,0.551227,0.085436,-0.096221,-0.009388,0.995316,0,0.24000,-0.03859,14.400,-0.077,-1,375.000,-1,375.000,400.000,300.000,300.000,300.000,300.000,-1,500.000,625.000,-1,700.000,550.000,-1,475.000,2,0,2,0,1,0,0,0,0,2,0,0,2,0,1,2,1
102,-6860.821,3647.685,-129.458,56.459,0.550832,-0.833448,0.044146,0.829087,0.552495,0.085819,-0.095916,-0.010670,0.995332,0,0.32000,-0.04379,19.200,-0.088,-1,375.000,-1,375.000,400.000,300.000,300.000,300.000,300.000,-1,500.000,650.000,-1,700.000,550.000,-1,450.000,2,0,2,0,1,0,0,0,0,2,0,0,2,0,1,2,1
103,-6847.525,3667.665,-131.759,56.358,0.552446,-0.832451,0.042767,0.828056,0.553964,0.086300,-0.095532,-0.012262,0.995351,0,0.40000,-0.05086,24.000,-0.102,-1,375.000,-1,375.000,375.000,300.000,300.000,300.000,300.000,-1,500.000,650.000,-1,700.000,525.000,-1,450.000,2,0,2,0,1,0,0,0,0,2,0,0,2,0,1,2,1
104,-6831.521,3691.608,-134.368,56.238,0.554318,-0.831277,0.041344,0.826912,0.555692,0.086150,-0.094590,-0.013567,0.995424,0,0.48000,-0.05986,28.800,-0.120,-1,375.000,-1,375.000,350.000,300.000,300.000,300.000,300.000,-1,500.000,650.000,-1,700.000,525.000,-1,425.000,2,0,2,0,1,0,0,0,0,2,0,0,2,0,1,2,1
105,-6812.779,3719.495,-137.333,56.096,0.556511,-0.829887,0.039790,0.825590,0.557736,0.085627,-0.093253,-0.014802,0.995532,0,0.56000,-0.07081,33.600,-0.142,-1,375.000,-1,375.000,350.000,300.000,300.000,300.000,300.000,-1,475.000,625.000,-1,700.000,500.000,-1,400.000,2,0,2,0,1,0,0,0,0,2,0,0,2,0,1,2,1
106,-6791.267,3751.304,-140.681,55.929,0.559079,-0.828235,0.038161,0.824014,0.560149,0.085049,-0.091817,-0.016104,0.995646,0,0.64000,-0.08378,38.400,-0.168,-1,375.000,-1,375.000,325.000,300.000,300.000,300.000,300.000,-1,475.000,625.000,-1,700.000,475.000,-1,375.000,2,0,2,0,1,0,0,0,0,2,0,0,2,0,1,2,1
107,-6766.943,3787.005,-144.428,55.731,0.562088,-0.826278,0.036350,0.822143,0.562988,0.084412,-0.090213,-0.017562,0.995768,0,0.72000,-0.09881,43.200,-0.198,-1,375.000,-1,375.000,300.000,300.000,300.000,300.000,300.000,-1,475.000,625.000,-1,700.000,450.000,-1,350.000,2,0,2,0,1,0,0,0,0,2,0,0,2,0,1,2,1
108,-6739.756,3826.562,-148.571,55.499,0.565595,-0.823968,0.034341,0.819929,0.566311,0.083718,-0.088429,-0.019193,0.995898,0,0.80000,-0.11596,48.000,-0.232,-1,375.000,-1,350.000,250.000,300.000,300.000,300.000,300.000,-1,475.000,625.000,-1,700.000,425.000,-1,300.000,2,0,2,1,1,0,0,0,0,2,0,0,2,0,1,2,1
109,-6709.645,3869.934,-153.012,55.229,0.569638,-0.821262,0.032273,0.817366,0.570179,0.082515,-0.086167,-0.020625,0.996067,0,0.88000,-0.13525,52.800,-0.271,-1,375.000,-1,350.000,225.000,300.000,300.000,300.000,300.000,-1,475.000,600.000,-1,700.000,400.000,-1,275.000,2,0,2,1,1,0,0,0,0,2,0,0,2,0,1,2,1
110,-6677.087,3916.286,-157.693,54.915,0.574276,-0.818107,0.030131,0.814386,0.574646,0.080977,-0.083562,-0.021965,0.996260,0,0.94407,-0.15670,56.644,-0.313,-1,375.000,-1,300.000,200.000,300.000,300.000,300.000,300.000,-1,475.000,600.000,-1,700.000,375.000,-1,225.000,2,0,2,1,1,0,0,0,1,2,0,0,2,0,1,2,1
111,-6644.588,3961.955,-162.299,54.563,0.579443,-0.814532,0.027996,0.810979,0.579649,0.079506,-0.080988,-0.023365,0.996441,0,0.93421,-0.17620,56.053,-0.352,-1,375.000,-1,300.000,150.000,300.000,300.000,300.000,275.000,-1,450.000,575.000,-1,700.000,350.000,-1,175.000,2,0,2,1,1,0,0,0,1,2,0,0,2,0,1,2,1
112,-6609.851,4010.388,-165.348,54.347,0.583182,-0.812163,0.017010,0.809060,0.582579,0.077609,-0.072940,-0.031498,0.996839,0,0.99341,-0.10779,59.605,-0.216,-1,400.000,-1,275.000,125.000,325.000,300.000,300.000,250.000,-1,400.000,500.000,-1,725.000,325.000,-1,150.000,2,0,2,1,1,0,1,0,1,2,0,0,2,0,1,2,1
113,-6575.131,4058.389,-163.649,54.106,0.587899,-0.808775,-0.016034,0.807296,0.585332,0.075229,-0.051458,-0.057172,0.997037,0,0.98741,-0.12086,59.244,-0.242,-1,425.000,-1,275.000,125.000,375.000,300.000,275.000,250.000,800.000,250.000,400.000,-1,825.000,375.000,-1,150.000,2,0,2,1,1,0,1,0,1,0,0,0,2,0,1,2,1
114,-6540.450,4105.877,-161.881,53.838,0.591814,-0.804573,-0.049181,0.805518,0.588035,0.073181,-0.029959,-0.082926,0.996105,0,0.98010,-0.13377,58.806,-0.268,-1,475.000,-1,300.000,125.000,400.000,325.000,275.000,250.000,550.000,175.000,325.000,-1,925.000,425.000,-1,150.000,2,0,2,1,1,1,1,0,1,0,0,0,2,0,1,2,1
115,-6505.834,4152.779,-160.182,53.545,0.594949,-0.799599,-0.081715,0.803714,0.590698,0.071551,-0.008943,-0.108244,0.994084,0,0.97156,-0.14653,58.293,-0.293,-1,525.000,-1,325.000,125.000,400.000,325.000,250.000,250.000,425.000,100.000,250.000,-1,-1,525.000,-1,150.000,2,0,2,1,1,1,1,0,1,0,0,0,2,2,1,2,1
116,-6471.306,4199.019,-159.823,53.227,0.597899,-0.794469,-0.106467,0.801540,0.593760,0.070593,0.007132,-0.127545,0.991807,0,0.96182,-0.15917,57.709,-0.318,-1,550.000,-1,350.000,125.000,425.000,350.000,250.000,225.000,350.000,50.000,200.000,-1,-1,-1,-1,175.000,2,0,2,1,1,1,1,0,1,0,0,0,2,2,2,2,1
117,-6436.891,4244.531,-159.836,52.883,0.601039,-0.789238,-0.125917,0.798974,0.597256,0.070181,0.019815,-0.142785,0.989555,0,0.95096,-0.17171,57.058,-0.343,-1,575.000,-1,375.000,125.000,475.000,400.000,250.000,225.000,300.000,50.000,175.000,-1,-1,-1,-1,175.000,2,0,2,1,1,1,1,0,1,0,0,0,2,2,2,2,1
118,-6405.294,4286.155,-160.642,52.780,0.601048,-0.786882,-0.139848,0.798691,0.597710,0.069533,0.028874,-0.153488,0.987729,0,0.87096,-0.05171,52.258,-0.103,-1,600.000,-1,450.000,125.000,525.000,450.000,225.000,200.000,300.000,25.000,175.000,-1,-1,-1,-1,225.000,2,0,2,1,1,0,1,0,1,0,0,0,2,2,2,2,1
119,-6376.686,4324.021,-162.121,52.917,0.598110,-0.787467,-0.148863,0.800661,0.595199,0.068414,0.034729,-0.160108,0.986488,0,0.79096,0.06829,47.458,0.137,-1,600.000,-1,775.000,125.000,525.000,550.000,225.000,175.000,275.000,25.000,175.000,-1,-1,-1,-1,-1,2,0,2,0,1,0,0,0,1,0,0,0,2,2,2,2,2
120,-6351.193,4358.222,-164.155,53.293,0.592275,-0.790969,-0.153553,0.804849,0.589717,0.066713,0.037785,-0.163099,0.985886,0,0.71096,0.18829,42.658,0.377,-1,600.000,-1,800.000,125.000,525.000,575.000,225.000,150.000,275.000,25.000,175.000,-1,-1,-1,-1,-1,2,0,2,0,1,0,0,0,1,0,0,0,2,2,2,2,2
121,-4263.481,3607.717,41.497,-29.266,0.856272,0.485815,0.175448,-0.497657,0.866911,0.028338,-0.138331,-0.111578,0.984081,1,0.00000,0.00000,37.858,0.617,225.000,250.000,675.000,300.000,750.000,225.000,250.000,350.000,-1,-1,25.000,0.000,-1,350.000,450.000,225.000,550.000,0,0,0,0,0,0,0,0,2,2,1,1,2,0,0,0,0
122,8851.692,6883.890,245.089,-135.048,-0.707872,0.706250,-0.011302,-0.705003,-0.707425,-0.050201,-0.043450,-0.027568,0.998675,1,0.08000,0.12000,4.800,0.240,750.000,350.000,-1,375.000,-1,300.000,300.000,300.000,325.000,-1,325.000,275.000,-1,600.000,700.000,825.000,-1,0,0,2,0,2,0,0,0,0,2,0,0,2,0,0,0,2
123,8844.955,6877.051,244.691,-134.568,-0.701935,0.712159,-0.010799,-0.710946,-0.701492,-0.049651,-0.042935,-0.027174,0.998708,0,0.16000,0.24000,9.600,0.480,750.000,350.000,-1,375.000,-1,300.000,300.000,300.000,325.000,-1,325.000,275.000,-1,600.000,700.000,825.000,-1,0,0,2,0,2,0,0,0,0,2,0,0,2,0,0,0,2
124,8834.974,6866.671,244.089,-133.878,-0.693318,0.720562,-0.010048,-0.719399,-0.692879,-0.048814,-0.042136,-0.026614,0.998757,0,0.24000,0.34482,14.400,0.690,750.000,350.000,-1,375.000,-1,300.000,300.000,300.000,325.000,-1,325.000,275.000,-1,600.000,700.000,825.000,-1,0,0,2,0,2,0,0,0,0,2,0,0,2,0,0,0,2
125,8821.833,6852.673,243.266,-133.188,-0.684603,0.728860,-0.009041,-0.727765,-0.684166,-0.047691,-0.040946,-0.026070,0.998821,0,0.32000,0.34482,19.200,0.690,750.000,375.000,-1,375.000,-1,300.000,300.000,300.000,325.000,-1,300.000,250.000,-1,600.000,700.000,825.000,-1,0,0,2,0,2,0,0,0,0,2,0,0,2,0,0,0,2
126,8805.619,6834.978,242.220,-132.499,-0.675791,0.737052,-0.007785,-0.736042,-0.675353,-0.046255,-0.039350,-0.025529,0.998899,0,0.40000,0.34482,24.000,0.690,750.000,375.000,-1,375.000,-1,300.000,300.000,300.000,325.000,-1,300.000,250.000,-1,600.000,700.000,825.000,-1,0,0,2,0,2,0,0,0,0,2,0,0,2,0,0,0,2
127,8786.419,6813.512,241.155,-131.809,-0.666855,0.745152,-0.007297,-0.744219,-0.666455,-0.044456,-0.037990,-0.024215,0.998985,0,0.48000,0.34482,28.800,0.690,750.000,375.000,-1,375.000,-1,300.000,300.000,300.000,325.000,-1,300.000,250.000,-1,600.000,700.000,825.000,-1,0,0,2,0,2,0,0,0,0,2,0,0,2,0,0,0,2
128,8764.323,6788.200,239.948,-131.119,-0.657817,0.753147,-0.006895,-0.752296,-0.657461,-0.042377,-0.036449,-0.022689,0.999078,0,0.56000,0.34482,33.600,0.690,750.000,350.000,-1,375.000,-1,300.000,300.000,300.000,325.000,-1,300.000,250.000,-1,600.000,700.000,825.000,-1,0,0,2,0,2,0,0,0,0,2,0,0,2,0,0,0,2
129,8739.419,6758.971,238.593,-130.430,-0.648681,0.761033,-0.006500,-0.760270,-0.648372,-0.040035,-0.034682,-0.021029,0.999177,0,0.64000,0.34482,38.400,0.690,750.000,350.000,-1,375.000,-1,300.000,300.000,300.000,325.000,-1,325.000,275.000,-1,600.000,700.000,825.000,-1,0,0,2,0,2,0,0,0,0,2,0,0,2,0,0,0,2
130,8711.801,6725.753,237.100,-129.740,-0.639449,0.768810,-0.006114,-0.768138,-0.639188,-0.037444,-0.032695,-0.019247,0.999280,0,0.72000,0.34482,43.200,0.690,750.000,350.000,-1,375.000,-1,300.000,300.000,300.000,325.000,-1,325.000,275.000,-1,575.000,700.000,825.000,-1,0,0,2,0,2,0,0,0,0,2,0,0,2,0,0,0,2
131,8681.560,6688.477,235.481,-129.050,-0.630123,0.776474,-0.005739,-0.775896,-0.629910,-0.034618,-0.030495,-0.017360,0.999384,0,0.80000,0.34482,48.000,0.690,750.000,350.000,-1,375.000,-1,300.000,300.000,300.000,325.000,-1,325.000,275.000,-1,575.000,700.000,825.000,-1,0,0,2,0,2,0,0,0,0,2,0,0,2,0,0,0,2
132,8648.792,6647.076,233.846,-128.361,-0.620699,0.784030,-0.005492,-0.783557,-0.620542,-0.031075,-0.027772,-0.014985,0.999502,0,0.88000,0.34482,52.800,0.690,775.000,350.000,-1,375.000,-1,300.000,300.000,300.000,325.000,-1,350.000,300.000,-1,575.000,675.000,825.000,-1,0,0,2,0,2,0,0,0,0,2,0,0,2,0,0,0,2
133,8614.069,6602.106,232.683,-127.671,-0.611155,0.791489,-0.005953,-0.791174,-0.611097,-0.024589,-0.023100,-0.010318,0.999680,0,0.94693,0.34482,56.816,0.690,825.000,350.000,-1,375.000,-1,300.000,300.000,325.000,325.000,-1,350.000,300.000,-1,600.000,675.000,900.000,-1,0,0,2,0,2,0,0,0,0,2,0,0,2,0,0,0,2
