timestep,x_cm,y_cm,z_cm,yaw_deg,basis_xx,basis_xy,basis_xz,basis_yx,basis_yy,basis_yz,basis_zx,basis_zy,basis_zz,teleport_flag,throttle_cmd,steering_cmd,cmd_move_cm,cmd_turn_deg,lidar_cm_0,lidar_cm_1,lidar_cm_2,lidar_cm_3,lidar_cm_4,lidar_cm_5,lidar_cm_6,lidar_cm_7,lidar_cm_8,lidar_cm_9,lidar_cm_10,lidar_cm_11,lidar_cm_12,lidar_cm_13,lidar_cm_14,lidar_cm_15,lidar_cm_16,lidar_class_0,lidar_class_1,lidar_class_2,lidar_class_3,lidar_class_4,lidar_class_5,lidar_class_6,lidar_class_7,lidar_class_8,lidar_class_9,lidar_class_10,lidar_class_11,lidar_class_12,lidar_class_13,lidar_class_14,lidar_class_15,lidar_class_16
0,-7543.187,-2956.496,-143.907,-89.715,0.004148,0.999435,-0.033355,-0.999679,0.004977,0.024826,0.024978,0.033241,0.999135,1,0.08000,0.12000,4.800,0.240,-1,400.000,-1,375.000,-1,325.000,325.000,300.000,300.000,-1,800.000,925.000,-1,725.000,725.000,-1,-1,2,0,2,0,2,0,0,0,0,2,0,0,2,0,0,2,2
1,-7543.059,-2966.095,-143.668,-89.235,0.012514,0.999367,-0.033303,-0.999598,0.013350,0.024999,0.025428,0.032977,0.999133,0,0.16000,0.24000,9.600,0.480,-1,400.000,-1,375.000,-1,325.000,325.000,300.000,300.000,-1,825.000,925.000,-1,725.000,725.000,-1,-1,2,0,2,0,2,0,0,0,0,2,0,0,2,0,0,2,2
2,-7542.686,-2980.490,-143.304,-88.515,0.025062,0.999133,-0.033240,-0.999345,0.025908,0.025256,0.026095,0.032586,0.999128,0,0.24000,0.36000,14.400,0.720,-1,400.000,-1,375.000,-1,325.000,325.000,300.000,300.000,-1,825.000,925.000,-1,725.000,725.000,-1,-1,2,0,2,0,2,0,0,0,0,2,0,0,2,0,0,2,2
3,-7541.884,-2999.673,-142.809,-87.606,0.040888,0.998613,-0.033180,-0.998800,0.041746,0.025597,0.026947,0.032094,0.999122,0,0.32000,0.45423,19.200,0.908,-1,400.000,-1,400.000,-1,325.000,325.000,300.000,300.000,-1,850.000,925.000,-1,725.000,725.000,-1,-1,2,0,2,0,2,0,0,0,0,2,0,0,2,0,0,2,2
4,-7540.502,-3023.633,-142.178,-86.698,0.056705,0.997841,-0.033133,-0.998002,0.057578,0.026025,0.027877,0.031591,0.999112,0,0.40000,0.45433,24.000,0.909,-1,400.000,-1,400.000,-1,325.000,325.000,300.000,300.000,-1,875.000,925.000,-1,725.000,725.000,-1,-1,2,0,2,0,2,0,0,0,0,2,0,0,2,0,0,2,2
5,-7538.387,-3052.355,-141.407,-85.789,0.072512,0.996818,-0.033112,-0.996949,0.073403,0.026537,0.028884,0.031087,0.999099,0,0.48000,0.45452,28.800,0.909,-1,400.000,-1,400.000,-1,325.000,325.000,300.000,300.000,-1,900.000,925.000,-1,725.000,725.000,-1,-1,2,0,2,0,2,0,0,0,0,2,0,0,2,0,0,2,2
6,-7535.388,-3085.821,-140.491,-84.879,0.088308,0.995542,-0.033129,-0.995642,0.089220,0.027131,0.029966,0.030589,0.999083,0,0.56000,0.45482,33.600,0.910,-1,400.000,-1,400.000,-1,325.000,325.000,300.000,300.000,-1,900.000,900.000,-1,725.000,725.000,-1,-1,2,0,2,0,2,0,0,0,0,2,0,0,2,0,0,2,2
7,-7531.353,-3124.008,-139.428,-83.968,0.104095,0.994013,-0.033197,-0.994080,0.105030,0.027802,0.031122,0.030106,0.999062,0,0.64000,0.45526,38.400,0.911,-1,375.000,-1,400.000,-1,325.000,325.000,300.000,300.000,-1,900.000,900.000,-1,725.000,725.000,-1,-1,2,0,2,0,2,0,0,0,0,2,0,0,2,0,0,2,2
8,-7526.131,-3166.892,-138.214,-83.057,0.119873,0.992230,-0.033329,-0.992262,0.120836,0.028547,0.032353,0.029650,0.999037,0,0.72000,0.45588,43.200,0.912,-1,375.000,-1,400.000,-1,325.000,325.000,300.000,300.000,-1,875.000,900.000,-1,725.000,725.000,-1,-1,2,0,2,0,2,0,0,0,0,2,0,0,2,0,0,2,2
9,-7520.178,-3210.028,-136.974,-82.143,0.135649,0.990190,-0.033525,-0.990188,0.136640,0.029282,0.033576,0.029224,0.999009,0,0.72575,0.45671,43.545,0.913,-1,375.000,-1,400.000,-1,325.000,325.000,300.000,300.000,-1,875.000,900.000,-1,725.000,725.000,-1,-1,2,0,2,0,2,0,0,0,0,2,0,0,2,0,0,2,2
10,-7513.541,-3253.044,-135.650,-81.228,0.151437,0.987899,-0.033506,-0.987860,0.152445,0.029885,0.034631,0.028573,0.998992,0,0.72543,0.45769,43.526,0.915,-1,375.000,-1,400.000,-1,325.000,325.000,300.000,300.000,-1,900.000,900.000,-1,725.000,725.000,-1,-1,2,0,2,0,2,0,0,0,0,2,0,0,2,0,0,2,2
11,-7506.217,-3295.937,-134.152,-80.310,0.167243,0.985364,-0.032974,-0.985268,0.168252,0.030639,0.035739,0.027364,0.998986,0,0.72521,0.45881,43.513,0.918,-1,375.000,-1,400.000,-1,325.000,325.000,300.000,300.000,-1,900.000,900.000,-1,725.000,725.000,-1,-1,2,0,2,0,2,0,0,0,0,2,0,0,2,0,0,2,2
12,-7498.166,-3338.923,-132.546,-79.391,0.183029,0.982561,-0.032777,-0.982426,0.184041,0.031103,0.036593,0.026508,0.998979,0,0.72890,0.45959,43.734,0.919,-1,375.000,-1,400.000,-1,325.000,325.000,300.000,300.000,-1,925.000,925.000,-1,725.000,725.000,-1,-1,2,0,2,0,2,0,0,0,0,2,0,0,2,0,0,2,2
13,-7489.431,-3381.748,-130.778,-78.471,0.198748,0.979487,-0.033225,-0.979331,0.199787,0.031549,0.037540,0.026268,0.998950,0,0.72845,0.45975,43.707,0.920,-1,375.000,-1,400.000,-1,325.000,325.000,300.000,300.000,-1,950.000,950.000,-1,725.000,750.000,-1,-1,2,0,2,0,2,0,0,0,0,2,0,0,2,0,0,2,2
14,-7480.015,-3424.402,-128.994,-77.551,0.214426,0.976158,-0.033711,-0.975982,0.215491,0.031980,0.038482,0.026044,0.998920,0,0.72801,0.46006,43.681,0.920,-1,375.000,-1,400.000,-1,325.000,325.000,300.000,300.000,-1,975.000,950.000,-1,725.000,750.000,-1,-1,2,0,2,0,2,0,0,0,0,2,0,0,2,0,0,2,2
15,-7469.920,-3466.876,-127.195,-76.630,0.230062,0.972574,-0.034233,-0.972377,0.231156,0.032397,0.039421,0.025834,0.998889,0,0.72761,0.46051,43.657,0.921,-1,375.000,-1,400.000,-1,325.000,325.000,300.000,300.000,-1,975.000,975.000,-1,725.000,750.000,-1,-1,2,0,2,0,2,0,0,0,0,2,0,0,2,0,0,2,2
16,-7459.148,-3509.161,-125.381,-75.708,0.245658,0.968732,-0.034789,-0.968516,0.246781,0.032798,0.040358,0.025637,0.998856,0,0.72727,0.46111,43.636,0.922,-1,375.000,-1,400.000,-1,325.000,325.000,300.000,300.000,-1,1000.000,1000.000,-1,725.000,750.000,-1,-1,2,0,2,0,2,0,0,0,0,2,0,0,2,0,0,2,2
17,-7447.700,-3551.251,-123.553,-74.784,0.261213,0.964633,-0.035380,-0.964398,0.262366,0.033184,0.041292,0.025453,0.998823,0,0.72698,0.46184,43.619,0.924,-1,375.000,-1,400.000,-1,325.000,325.000,300.000,300.000,-1,-1,1000.000,-1,725.000,750.000,-1,-1,2,0,2,0,2,0,0,0,0,2,2,0,2,0,0,2,2
18,-7434.322,-3597.785,-121.504,-73.961,0.275016,0.960762,-0.036081,-0.960510,0.276206,0.033612,0.042259,0.025413,0.998783,0,0.80698,0.41183,48.419,0.824,-1,375.000,-1,400.000,-1,325.000,325.000,300.000,300.000,-1,-1,1000.000,-1,725.000,750.000,-1,-1,2,0,2,0,2,0,0,0,0,2,2,0,2,0,0,2,2
19,-7418.886,-3648.716,-119.235,-73.140,0.288709,0.956706,-0.036889,-0.956437,0.289942,0.034077,0.043297,0.025444,0.998738,0,0.88698,0.41043,53.219,0.821,-1,375.000,-1,400.000,-1,325.000,325.000,300.000,300.000,-1,-1,975.000,-1,725.000,750.000,-1,-1,2,0,2,0,2,0,0,0,0,2,2,0,2,0,0,2,2
20,-7402.231,-3700.974,-116.844,-72.322,0.302284,0.952474,-0.037659,-0.952180,0.303562,0.034689,0.044473,0.025372,0.998688,0,0.91412,0.40875,54.847,0.817,-1,375.000,-1,400.000,-1,325.000,325.000,300.000,300.000,-1,-1,950.000,-1,725.000,750.000,-1,-1,2,0,2,0,2,0,0,0,0,2,2,0,2,0,0,2,2
21,-7384.774,-3753.174,-114.336,-71.509,0.315737,0.948076,-0.038228,-0.947734,0.317061,0.035663,0.045932,0.024970,0.998632,0,0.91736,0.40684,55.042,0.814,-1,375.000,-1,400.000,975.000,325.000,325.000,300.000,300.000,-1,1000.000,925.000,-1,725.000,750.000,-1,975.000,2,0,2,0,1,0,0,0,0,2,0,0,2,0,0,2,1
22,-7366.520,-3805.299,-111.808,-70.699,0.329054,0.943511,-0.038853,-0.943121,0.330426,0.036623,0.047393,0.024592,0.998574,0,0.92048,0.40473,55.229,0.809,-1,400.000,-1,400.000,925.000,325.000,325.000,300.000,300.000,-1,975.000,900.000,-1,750.000,750.000,-1,925.000,2,0,2,0,1,0,0,0,0,2,0,0,2,0,0,2,1
23,-7347.473,-3857.331,-109.188,-69.894,0.342248,0.938791,-0.039208,-0.938350,0.343651,0.037460,0.048641,0.023970,0.998529,0,0.92347,0.40241,55.408,0.805,-1,400.000,-1,400.000,875.000,325.000,325.000,300.000,300.000,-1,950.000,875.000,-1,750.000,750.000,-1,900.000,2,0,2,0,1,0,0,0,0,2,0,0,2,0,1,2,1
24,-7327.642,-3909.251,-106.522,-69.095,0.355304,0.933919,-0.039434,-0.933432,0.356727,0.038093,0.049643,0.023275,0.998496,0,0.92631,0.39987,55.579,0.800,-1,400.000,-1,400.000,825.000,325.000,325.000,300.000,300.000,-1,950.000,900.000,-1,750.000,725.000,-1,850.000,2,0,2,0,1,0,0,0,0,2,0,0,2,0,1,2,1
25,-7307.033,-3961.040,-103.846,-68.301,0.368200,0.928898,-0.039708,-0.928369,0.369643,0.038663,0.050592,0.022628,0.998463,0,0.92898,0.39711,55.739,0.794,-1,400.000,-1,400.000,775.000,325.000,325.000,300.000,300.000,-1,975.000,900.000,-1,750.000,700.000,-1,800.000,2,0,2,0,1,0,0,0,0,2,0,0,2,0,1,2,1
26,-7285.657,-4012.678,-101.133,-67.512,0.380929,0.923737,-0.040031,-0.923170,0.382392,0.039155,0.051476,0.022040,0.998431,0,0.93146,0.39410,55.887,0.788,-1,400.000,-1,400.000,725.000,325.000,325.000,300.000,300.000,-1,975.000,925.000,-1,750.000,675.000,-1,775.000,2,0,2,0,1,0,0,0,0,2,0,0,2,0,1,2,1
27,-7265.309,-4060.532,-98.502,-66.964,0.389726,0.920036,-0.040594,-0.919467,0.391212,0.039150,0.051900,0.022067,0.998408,0,0.86668,0.27410,52.001,0.548,-1,400.000,-1,400.000,675.000,325.000,325.000,300.000,300.000,-1,-1,950.000,-1,750.000,650.000,-1,725.000,2,0,2,0,1,0,0,0,0,2,2,0,2,0,1,2,1
28,-7244.656,-4108.385,-95.825,-66.656,0.394628,0.917910,-0.041356,-0.917348,0.396152,0.039183,0.052350,0.022476,0.998376,0,0.86865,0.15410,52.119,0.308,-1,400.000,-1,400.000,625.000,325.000,325.000,300.000,300.000,-1,-1,975.000,-1,750.000,625.000,-1,700.000,2,0,2,0,1,0,0,0,0,2,2,0,2,0,1,2,1
29,-7223.902,-4156.316,-93.149,-66.588,0.395676,0.917425,-0.042099,-0.916877,0.397239,0.039203,0.052689,0.023088,0.998344,0,0.87054,0.03410,52.232,0.068,-1,400.000,-1,400.000,575.000,325.000,325.000,300.000,300.000,-1,-1,1000.000,-1,750.000,625.000,-1,650.000,2,0,2,0,1,0,0,0,0,2,2,0,2,0,1,2,1
30,-7203.080,-4204.340,-90.470,-66.560,0.396074,0.917221,-0.042799,-0.916688,0.397674,0.039213,0.052987,0.023702,0.998314,0,0.87238,0.01377,52.343,0.028,-1,400.000,-1,400.000,550.000,325.000,325.000,300.000,300.000,-1,-1,-1,-1,775.000,600.000,-1,600.000,2,0,2,0,1,0,0,0,0,2,2,2,2,0,1,2,1
31,-7182.201,-4252.448,-87.733,-66.539,0.396388,0.917065,-0.043215,-0.916546,0.398009,0.039148,0.053102,0.024091,0.998298,0,0.87407,0.01057,52.444,0.021,-1,400.000,-1,400.000,500.000,325.000,325.000,300.000,300.000,-1,-1,-1,-1,775.000,575.000,-1,575.000,2,0,2,1,1,0,0,0,0,2,2,2,2,0,1,2,1
32,-7161.274,-4300.634,-84.926,-66.525,0.396618,0.916963,-0.043282,-0.916453,0.398237,0.038992,0.052991,0.024201,0.998302,0,0.87557,0.00718,52.534,0.014,-1,400.000,-1,375.000,475.000,325.000,325.000,300.000,300.000,-1,-1,-1,-1,775.000,575.000,-1,525.000,2,0,2,1,1,0,0,0,0,2,2,2,2,0,1,2,1
33,-7140.310,-4348.888,-82.123,-66.517,0.396733,0.916911,-0.043331,-0.916410,0.398352,0.038834,0.052868,0.024302,0.998306,0,0.87686,0.00361,52.611,0.007,-1,400.000,-1,375.000,425.000,325.000,325.000,300.000,300.000,-1,-1,-1,-1,775.000,575.000,-1,500.000,2,0,2,1,1,0,1,0,0,2,2,2,2,0,1,2,1
34,-7119.321,-4397.201,-79.324,-66.518,0.396730,0.916911,-0.043361,-0.916420,0.398346,0.038674,0.052734,0.024393,0.998311,0,0.87792,-0.00016,52.675,-0.000,-1,400.000,-1,350.000,375.000,325.000,325.000,300.000,300.000,-1,-1,-1,-1,775.000,575.000,-1,450.000,2,0,2,1,1,0,1,0,0,2,2,2,2,0,1,2,1
35,-7098.319,-4445.560,-76.530,-66.526,0.396599,0.916967,-0.043372,-0.916484,0.398212,0.038513,0.052586,0.024476,0.998316,0,0.87872,-0.00415,52.723,-0.008,-1,400.000,-1,350.000,350.000,325.000,325.000,300.000,300.000,-1,-1,-1,-1,775.000,575.000,-1,425.000,2,0,2,1,1,0,1,0,0,2,2,2,2,0,1,2,1
36,-7077.319,-4493.955,-73.770,-66.543,0.396327,0.917079,-0.043487,-0.916607,0.397943,0.038382,0.052505,0.024648,0.998316,0,0.87924,-0.00835,52.755,-0.017,-1,400.000,-1,350.000,325.000,325.000,325.000,300.000,300.000,-1,-1,-1,-1,775.000,600.000,-1,400.000,2,0,2,1,1,0,1,0,0,2,2,2,2,0,1,2,1
37,-7056.337,-4542.372,-70.121,-66.568,0.395963,0.917324,-0.041599,-0.916609,0.397563,0.042078,0.055138,0.021468,0.998248,0,0.87946,-0.01278,52.768,-0.026,-1,400.000,-1,350.000,300.000,325.000,325.000,300.000,300.000,-1,-1,-1,-1,800.000,650.000,-1,400.000,2,0,2,1,1,0,0,0,0,2,2,2,2,0,1,2,1
38,-7035.388,-4590.796,-65.292,-66.603,0.395571,0.917689,-0.037019,-0.916388,0.397058,0.050770,0.061290,0.013841,0.998024,0,0.87934,-0.01745,52.760,-0.035,-1,425.000,-1,400.000,300.000,350.000,350.000,300.000,325.000,-1,975.000,1000.000,-1,825.000,800.000,-1,450.000,2,0,2,1,1,0,0,0,0,2,0,0,2,0,1,2,1
39,-7014.488,-4639.210,-60.866,-66.648,0.395042,0.918060,-0.033291,-0.916271,0.396368,0.057789,0.066249,0.007674,0.997774,0,0.87886,-0.02235,52.731,-0.045,-1,425.000,-1,425.000,300.000,350.000,375.000,275.000,350.000,-1,725.000,875.000,-1,875.000,1000.000,-1,-1,2,0,2,1,1,0,0,0,0,2,0,0,2,0,1,2,2
40,-6993.654,-4687.594,-56.811,-66.703,0.394332,0.918462,-0.030484,-0.916304,0.395497,0.063003,0.069922,0.003089,0.997548,0,0.87798,-0.02749,52.679,-0.055,-1,450.000,-1,450.000,300.000,375.000,375.000,275.000,325.000,-1,525.000,700.000,-1,900.000,-1,-1,-1,2,0,2,1,1,0,0,0,1,2,0,0,2,0,2,2,2
41,-6972.906,-4735.932,-53.171,-66.769,0.393419,0.918920,-0.028422,-0.916507,0.394444,0.066550,0.072365,-0.000133,0.997378,0,0.87669,-0.03287,52.601,-0.066,-1,450.000,-1,500.000,325.000,375.000,400.000,275.000,300.000,-1,450.000,625.000,-1,925.000,-1,-1,-1,2,0,2,0,1,0,0,0,1,2,0,0,2,0,2,2,2
42,-6952.264,-4784.201,-50.013,-66.846,0.392304,0.919446,-0.026753,-0.916902,0.393208,0.068393,0.073403,-0.002301,0.997300,0,0.87496,-0.03848,52.498,-0.077,-1,450.000,-1,500.000,325.000,375.000,400.000,275.000,275.000,-1,425.000,575.000,-1,950.000,-1,-1,-1,2,0,2,0,1,0,0,0,1,2,0,0,2,0,2,2,2
43,-6931.747,-4832.381,-47.242,-66.934,0.390939,0.920052,-0.025918,-0.917489,0.391785,0.068687,0.073350,-0.003073,0.997302,0,0.87278,-0.04431,52.367,-0.089,-1,450.000,-1,525.000,325.000,375.000,400.000,275.000,250.000,-1,400.000,575.000,-1,950.000,-1,-1,-1,2,0,2,0,1,0,0,0,1,2,0,0,2,0,2,2,2
44,-6911.378,-4880.451,-44.850,-67.035,0.389316,0.920740,-0.025905,-0.918268,0.390169,0.067468,0.072228,-0.002478,0.997385,0,0.87013,-0.05033,52.208,-0.101,-1,450.000,-1,525.000,325.000,375.000,400.000,275.000,225.000,-1,425.000,600.000,-1,950.000,-1,-1,-1,2,0,2,0,1,0,0,0,1,2,0,0,2,0,2,2,2
45,-6891.175,-4928.388,-42.831,-67.148,0.387434,0.921511,-0.026701,-0.919231,0.388353,0.064782,0.070066,-0.000554,0.997542,0,0.86701,-0.05651,52.021,-0.113,-1,450.000,-1,500.000,325.000,375.000,400.000,275.000,200.000,-1,500.000,675.000,-1,950.000,-1,-1,-1,2,0,2,0,1,0,0,0,1,2,0,0,2,0,2,2,2
46,-6871.160,-4976.171,-41.175,-67.274,0.385301,0.922357,-0.028292,-0.920363,0.386329,0.060675,0.066894,0.002660,0.997757,0,0.86343,-0.06283,51.806,-0.126,-1,450.000,-1,500.000,550.000,375.000,375.000,275.000,175.000,-1,600.000,825.000,-1,925.000,-1,-1,-1,2,0,2,0,1,0,0,0,1,2,0,0,2,0,2,2,2
47,-6851.351,-5023.779,-39.875,-67.409,0.382984,0.923246,-0.030668,-0.921622,0.384144,0.055193,0.062738,0.007127,0.998005,0,0.85943,-0.06759,51.566,-0.135,-1,425.000,-1,475.000,650.000,350.000,375.000,275.000,150.000,-1,900.000,-1,-1,900.000,-1,-1,-1,2,0,2,0,1,0,0,0,1,2,0,2,2,0,2,2,2
48,-6831.756,-5071.189,-38.925,-67.547,0.380613,0.924115,-0.033832,-0.922938,0.381898,0.048367,0.057618,0.012816,0.998256,0,0.85502,-0.06897,51.301,-0.138,-1,425.000,-1,475.000,675.000,350.000,375.000,275.000,150.000,-1,-1,-1,-1,875.000,-1,-1,-1,2,0,2,0,1,0,0,0,1,2,2,2,2,0,2,2,2
49,-6813.918,-5114.132,-38.554,-67.445,0.382128,0.923332,-0.037901,-0.922665,0.383502,0.040198,0.051651,0.019609,0.998473,0,0.77502,0.05103,46.501,0.102,-1,425.000,-1,450.000,675.000,350.000,350.000,300.000,125.000,-1,-1,-1,-1,850.000,950.000,-1,-1,2,0,2,0,1,0,0,0,1,2,2,2,2,0,0,2,2
50,-6797.715,-5152.555,-37.064,-67.135,0.387458,0.921213,-0.035255,-0.921009,0.388475,0.028796,0.040223,0.021313,0.998963,0,0.69502,0.15488,41.701,0.310,-1,400.000,-1,425.000,675.000,325.000,325.000,300.000,125.000,-1,-1,-1,-1,775.000,850.000,-1,-1,2,0,2,0,1,0,0,0,1,2,2,2,2,0,0,2,2
51,-6783.195,-5186.478,-35.025,-66.826,0.392741,0.919129,-0.030926,-0.919107,0.393442,0.021099,0.031560,0.020138,0.999299,0,0.61502,0.15436,36.901,0.309,-1,375.000,-1,400.000,-1,325.000,325.000,300.000,125.000,-1,-1,-1,-1,725.000,800.000,-1,-1,2,0,2,0,2,0,0,0,1,2,2,2,2,0,0,2,2
52,-6770.405,-5215.921,-32.364,-66.518,0.397910,0.917071,-0.025450,-0.917010,0.398411,0.018998,0.027562,0.015779,0.999496,0,0.53502,0.15407,32.101,0.308,-1,375.000,-1,400.000,-1,300.000,325.000,300.000,125.000,-1,-1,-1,-1,700.000,775.000,-1,-1,2,0,2,0,2,0,0,0,1,2,2,2,2,0,0,2,2
53,-6759.394,-5240.902,-30.202,-66.210,0.402983,0.914961,-0.021246,-0.914879,0.403352,0.017413,0.024502,0.012421,0.999623,0,0.45502,0.15394,27.301,0.308,-1,375.000,-1,400.000,-1,300.000,325.000,275.000,125.000,-1,-1,-1,-1,700.000,775.000,-1,-1,2,0,2,0,2,0,0,0,1,2,2,2,2,0,0,2,2
54,-6750.207,-5261.443,-28.484,-65.902,0.407993,0.912806,-0.018059,-0.912715,0.408274,0.016253,0.022209,0.009852,0.999705,0,0.37502,0.15393,22.501,0.308,-1,375.000,-1,400.000,-1,300.000,325.000,275.000,125.000,-1,-1,-1,-1,675.000,775.000,-1,-1,2,0,2,0,2,0,0,0,1,2,2,2,2,0,0,2,2
55,-6742.894,-5277.562,-27.161,-65.594,0.412960,0.910614,-0.015674,-0.910518,0.413182,0.015443,0.020538,0.007894,0.999758,0,0.29502,0.15399,17.701,0.308,-1,350.000,-1,400.000,-1,300.000,325.000,275.000,150.000,-1,-1,-1,-1,675.000,775.000,-1,-1,2,0,2,0,2,0,0,0,1,2,2,2,2,0,0,2,2
56,-6737.500,-5289.281,-26.195,-65.286,0.417896,0.908388,-0.013914,-0.908288,0.418078,0.014923,0.019373,0.006402,0.999792,0,0.21502,0.15408,12.901,0.308,-1,350.000,-1,400.000,-1,300.000,325.000,275.000,150.000,-1,-1,-1,-1,675.000,775.000,-1,-1,2,0,2,0,2,0,0,0,1,2,2,2,2,0,0,2,2
57,-6734.074,-5296.622,-25.558,-64.978,0.422807,0.906131,-0.012648,-0.906028,0.422964,0.014649,0.018623,0.005266,0.999813,0,0.13502,0.15418,8.101,0.308,-1,350.000,-1,400.000,-1,300.000,325.000,275.000,150.000,-1,-1,-1,-1,675.000,775.000,-1,-1,2,0,2,0,2,0,0,0,1,2,2,2,2,0,0,2,2
58,-6732.661,-5299.606,-25.232,-64.669,0.427699,0.903844,-0.011787,-0.903738,0.427838,0.014589,0.018229,0.004413,0.999824,0,0.05502,0.15425,3.301,0.309,-1,350.000,-1,400.000,-1,300.000,325.000,275.000,150.000,-1,-1,-1,-1,675.000,775.000,-1,-1,2,0,2,0,2,0,0,0,1,2,2,2,2,0,0,2,2
59,-6733.310,-5298.254,-25.208,-64.361,0.432570,0.901530,-0.011290,-0.901417,0.432701,0.014726,0.018161,0.003806,0.999828,0,-0.02498,0.15428,-1.499,0.309,-1,350.000,-1,400.000,-1,300.000,325.000,275.000,150.000,-1,-1,-1,-1,675.000,775.000,-1,-1,2,0,2,0,2,0,0,0,1,2,2,2,2,0,0,2,2
60,-6736.066,-5292.590,-25.488,-64.052,0.437421,0.899188,-0.011162,-0.899068,0.437550,0.015056,0.018422,0.003450,0.999824,0,-0.10498,0.15427,-6.299,0.309,-1,350.000,-1,400.000,-1,300.000,325.000,275.000,150.000,-1,-1,-1,-1,675.000,775.000,-1,-1,2,0,2,0,2,0,0,0,1,2,2,2,2,0,0,2,2
61,-6740.976,-5282.636,-26.088,-63.744,0.442248,0.896820,-0.011462,-0.896691,0.442384,0.015583,0.019046,0.003386,0.999813,0,-0.18498,0.15420,-11.099,0.308,-1,350.000,-1,400.000,-1,300.000,325.000,275.000,150.000,-1,-1,-1,-1,675.000,775.000,-1,-1,2,0,2,0,2,0,0,0,1,2,2,2,2,0,0,2,2
62,-6748.086,-5268.416,-27.030,-63.436,0.447047,0.894426,-0.012297,-0.894285,0.447200,0.016325,0.020101,0.003699,0.999791,0,-0.26498,0.15409,-15.899,0.308,-1,350.000,-1,400.000,-1,300.000,325.000,275.000,150.000,-1,-1,-1,-1,675.000,775.000,-1,-1,2,0,2,0,2,0,0,0,1,2,2,2,2,0,0,2,2
63,-6757.442,-5249.952,-28.353,-63.128,0.451810,0.892007,-0.013830,-0.891851,0.451999,0.017307,0.021689,0.004515,0.999755,0,-0.34498,0.15394,-20.699,0.308,-1,350.000,-1,400.000,-1,300.000,325.000,275.000,150.000,-1,-1,-1,-1,675.000,775.000,-1,-1,2,0,2,0,2,0,0,0,1,2,2,2,2,0,0,2,2
64,-6768.801,-5227.831,-30.056,-62.820,0.456528,0.889561,-0.016195,-0.889388,0.456777,0.018532,0.023883,0.005943,0.999697,0,-0.41445,0.15378,-24.867,0.308,-1,350.000,-1,400.000,-1,300.000,325.000,275.000,125.000,-1,-1,-1,-1,675.000,775.000,-1,-1,2,0,2,0,2,0,0,0,1,2,2,2,2,0,0,2,2
65,-6780.214,-5205.894,-31.847,-62.513,0.461209,0.887088,-0.018983,-0.886901,0.461535,0.019813,0.026338,0.007698,0.999623,0,-0.41214,0.15363,-24.728,0.307,-1,375.000,-1,400.000,-1,300.000,325.000,275.000,125.000,-1,-1,-1,-1,675.000,775.000,-1,-1,2,0,2,0,2,0,0,0,1,2,2,2,2,0,0,2,2
66,-6791.679,-5184.142,-33.726,-62.206,0.465849,0.884586,-0.022192,-0.884387,0.466274,0.021143,0.029050,0.009777,0.999530,0,-0.40982,0.15354,-24.589,0.307,-1,375.000,-1,400.000,-1,300.000,325.000,275.000,125.000,-1,-1,-1,-1,700.000,775.000,-1,-1,2,0,2,0,2,0,0,0,1,2,2,2,2,0,0,2,2
67,-6803.196,-5162.573,-35.718,-61.899,0.470444,0.882051,-0.025869,-0.881852,0.470994,0.022394,0.031937,0.012278,0.999414,0,-0.40751,0.15349,-24.451,0.307,-1,375.000,-1,400.000,-1,300.000,325.000,275.000,125.000,-1,-1,-1,-1,700.000,775.000,-1,-1,2,0,2,0,2,0,0,0,1,2,2,2,2,0,0,2,2
68,-6812.616,-5145.328,-37.285,-61.352,0.478733,0.877496,-0.028567,-0.877295,0.479383,0.023348,0.034182,0.013885,0.999319,0,-0.32751,0.27349,-19.651,0.547,-1,375.000,-1,400.000,-1,300.000,325.000,300.000,125.000,-1,-1,-1,-1,725.000,800.000,-1,-1,2,0,2,0,2,0,0,0,1,2,2,2,2,0,0,2,2
69,-6819.914,-5132.395,-38.349,-60.565,0.490679,0.870823,-0.030008,-0.870608,0.491388,0.024078,0.035713,0.014311,0.999260,0,-0.24751,0.39349,-14.851,0.787,-1,375.000,-1,400.000,-1,300.000,325.000,300.000,125.000,-1,-1,-1,-1,725.000,800.000,-1,-1,2,0,2,0,2,0,0,0,1,2,2,2,2,0,0,2,2
70,-6825.010,-5123.731,-38.870,-59.538,0.506211,0.861887,-0.030013,-0.861641,0.506923,0.024589,0.036407,0.013414,0.999247,0,-0.16751,0.51349,-10.051,1.027,-1,375.000,-1,400.000,-1,300.000,325.000,300.000,125.000,-1,-1,-1,-1,725.000,800.000,-1,-1,2,0,2,0,2,0,0,0,1,2,2,2,2,0,0,2,2
71,-6827.772,-5119.266,-38.816,-58.271,0.525218,0.850492,-0.028462,-0.850198,0.525871,0.024943,0.036181,0.011098,0.999284,0,-0.08751,0.63349,-5.251,1.267,-1,375.000,-1,400.000,-1,300.000,325.000,300.000,125.000,-1,-1,-1,-1,725.000,800.000,-1,-1,2,0,2,0,2,0,0,0,1,2,2,2,2,0,0,2,2
72,-6828.019,-5118.889,-38.174,-56.764,0.547540,0.836397,-0.025306,-0.836047,0.548075,0.025259,0.034996,0.007326,0.999361,0,-0.00751,0.75349,-0.451,1.507,-1,375.000,-1,400.000,-1,300.000,325.000,275.000,125.000,-1,-1,-1,-1,700.000,775.000,-1,-1,2,0,2,0,2,0,0,0,1,2,2,2,2,0,0,2,2
73,-6825.526,-5122.453,-36.949,-55.017,0.572967,0.819320,-0.020596,-0.818919,0.573333,0.025708,0.032871,0.002137,0.999457,0,0.07249,0.87349,4.349,1.747,-1,375.000,-1,400.000,-1,300.000,325.000,275.000,125.000,-1,-1,-1,-1,700.000,775.000,-1,-1,2,0,2,0,2,0,0,0,1,2,2,2,2,0,0,2,2
74,-6820.054,-5129.784,-35.277,-53.257,0.598044,0.801323,-0.015009,-0.800898,0.598220,0.026367,0.030107,-0.003748,0.999540,0,0.15249,0.87988,9.149,1.760,-1,350.000,-1,400.000,-1,300.000,325.000,275.000,150.000,-1,-1,-1,-1,675.000,775.000,-1,-1,2,0,2,0,2,0,0,0,1,2,2,2,2,0,0,2,2
75,-6811.369,-5140.700,-33.217,-51.497,0.622539,0.782539,-0.008869,-0.782127,0.622521,0.027315,0.026897,-0.010068,0.999588,0,0.23249,0.87995,13.949,1.760,-1,350.000,-1,400.000,-1,300.000,325.000,275.000,150.000,-1,-1,-1,-1,650.000,775.000,-1,-1,2,0,2,0,2,0,0,0,1,2,2,2,2,0,0,2,2
76,-6799.251,-5155.007,-30.846,-49.737,0.646415,0.762982,-0.002570,-0.762625,0.646208,0.028600,0.023482,-0.016528,0.999588,0,0.31249,0.88011,18.749,1.760,-1,350.000,-1,400.000,-1,300.000,300.000,275.000,150.000,-1,-1,-1,-1,625.000,750.000,-1,-1,2,0,2,0,2,0,0,0,1,2,2,2,2,0,0,2,2
77,-6783.486,-5172.500,-28.267,-47.976,0.669643,0.742675,0.003397,-0.742410,0.669266,0.030181,0.020142,-0.022733,0.999539,0,0.39249,0.88040,23.549,1.761,-1,350.000,-1,400.000,-1,300.000,300.000,275.000,175.000,-1,-1,-1,-1,625.000,750.000,-1,-1,2,0,2,0,2,0,0,0,1,2,2,2,2,0,0,2,2
78,-6763.868,-5192.965,-25.633,-46.214,0.692207,0.721650,0.008433,-0.721496,0.691688,0.031803,0.017117,-0.028099,0.999459,0,0.47249,0.88089,28.349,1.762,950.000,350.000,-1,400.000,-1,300.000,300.000,275.000,200.000,-1,-1,-1,-1,600.000,750.000,-1,-1,0,0,2,0,2,0,0,0,1,2,2,2,2,0,0,2,2
79,-6740.204,-5216.178,-23.042,-44.451,0.714105,0.699937,0.011926,-0.699880,0.713475,0.033490,0.014931,-0.032262,0.999368,0,0.55249,0.88161,33.149,1.763,850.000,325.000,-1,400.000,-1,300.000,300.000,275.000,225.000,-1,-1,-1,375.000,600.000,750.000,-1,-1,0,0,2,0,2,0,0,0,1,2,2,2,1,0,0,2,2
80,-6713.969,-5240.373,-20.738,-42.686,0.735339,0.677569,0.013307,-0.677555,0.734636,0.035061,0.013981,-0.034798,0.999297,0,0.59480,0.88264,35.688,1.765,800.000,325.000,-1,400.000,-1,275.000,300.000,275.000,250.000,-1,-1,-1,325.000,600.000,750.000,-1,-1,0,0,2,0,2,0,0,0,1,2,2,2,1,0,0,2,2
81,-6687.249,-5263.533,-18.899,-40.918,0.755905,0.654562,0.012495,-0.654524,0.755166,0.036359,0.014363,-0.035662,0.999261,0,0.58935,0.88394,35.361,1.768,825.000,350.000,-1,400.000,-1,300.000,300.000,275.000,275.000,-1,-1,-1,300.000,600.000,750.000,-1,-1,0,0,2,0,2,0,0,0,1,2,2,2,1,0,0,2,2
82,-6660.054,-5285.672,-17.529,-39.147,0.775780,0.630932,0.009513,-0.630798,0.775055,0.037181,0.016086,-0.034845,0.999263,0,0.58444,0.88542,35.067,1.771,925.000,350.000,-1,400.000,-1,300.000,300.000,275.000,300.000,-1,-1,-1,275.000,600.000,750.000,-1,-1,0,0,2,0,2,0,0,0,1,2,2,2,1,0,0,2,2
83,-6632.394,-5306.800,-16.679,-37.373,0.794932,0.606681,0.004658,-0.606402,0.794279,0.037393,0.018986,-0.032549,0.999290,0,0.58011,0.88706,34.806,1.774,-1,350.000,-1,400.000,-1,300.000,300.000,275.000,350.000,-1,-1,-1,275.000,625.000,750.000,-1,-1,2,0,2,0,2,0,0,0,1,2,2,2,1,0,0,2,2
84,-6604.276,-5326.929,-16.321,-35.595,0.813316,0.581818,-0.002191,-0.581360,0.812814,0.036795,0.023188,-0.028652,0.999320,0,0.57634,0.88885,34.580,1.778,-1,350.000,-1,400.000,-1,300.000,300.000,275.000,375.000,-1,-1,-1,250.000,650.000,775.000,-1,-1,2,0,2,0,2,0,0,0,1,2,2,2,1,0,0,2,2
85,-6575.707,-5346.067,-16.487,-33.814,0.830878,0.556345,-0.011056,-0.555704,0.830625,0.035426,0.028893,-0.023291,0.999311,0,0.57312,0.89078,34.387,1.782,-1,350.000,-1,400.000,-1,300.000,325.000,275.000,375.000,-1,-1,-1,250.000,675.000,800.000,-1,-1,2,0,2,0,2,0,0,0,0,2,2,2,1,0,0,2,2
86,-6546.690,-5364.220,-17.119,-32.028,0.847550,0.530266,-0.021842,-0.529499,0.847676,0.032812,0.035914,-0.016245,0.999223,0,0.57045,0.89283,34.227,1.786,-1,375.000,-1,400.000,-1,300.000,325.000,275.000,375.000,-1,-1,-1,250.000,700.000,800.000,-1,-1,2,0,2,0,2,0,0,0,0,2,2,2,1,1,0,2,2
87,-6521.330,-5379.148,-18.035,-30.483,0.861179,0.507255,-0.032592,-0.506478,0.861751,0.029423,0.043011,-0.008831,0.999036,0,0.49045,0.77283,29.427,1.546,-1,375.000,-1,400.000,-1,325.000,325.000,300.000,350.000,-1,-1,200.000,250.000,775.000,-1,-1,-1,2,0,2,0,2,0,0,0,0,2,2,1,1,1,2,2,2
88,-6499.811,-5391.125,-19.074,-29.098,0.872746,0.486309,-0.042630,-0.485634,0.873785,0.025679,0.049737,-0.001708,0.998761,0,0.41045,0.69208,24.627,1.384,-1,400.000,-1,400.000,-1,325.000,325.000,300.000,325.000,-1,-1,175.000,250.000,850.000,-1,-1,-1,2,0,2,0,2,0,0,0,0,2,2,1,1,1,2,2,2
89,-6482.257,-5400.344,-19.249,-27.711,0.884017,0.465009,-0.047753,-0.464413,0.885305,0.023565,0.053234,0.001345,0.998581,0,0.33045,0.69377,19.827,1.388,-1,400.000,-1,400.000,-1,325.000,325.000,300.000,300.000,-1,300.000,175.000,250.000,850.000,-1,-1,-1,2,0,2,0,2,0,0,0,0,2,1,1,1,1,2,2,2
90,-6468.789,-5407.007,-18.439,-26.320,0.895064,0.443392,-0.047592,-0.442760,0.896328,0.023667,0.053152,-0.000111,0.998586,0,0.25045,0.69517,15.027,1.390,-1,400.000,-1,400.000,-1,325.000,325.000,300.000,300.000,-1,300.000,175.000,275.000,825.000,850.000,-1,-1,2,0,2,0,2,0,0,0,0,2,1,1,1,0,0,2,2
91,-6459.515,-5411.317,-17.878,-24.928,0.905594,0.421478,-0.047499,-0.420810,0.906837,0.023774,0.053094,-0.001542,0.998588,0,0.17045,0.69625,10.227,1.393,-1,400.000,-1,400.000,-1,325.000,325.000,300.000,300.000,-1,275.000,175.000,300.000,825.000,850.000,-1,-1,2,0,2,0,2,0,0,0,0,2,1,1,1,0,0,2,2
92,-6454.539,-5413.484,-17.566,-23.534,0.915594,0.399291,-0.047473,-0.398587,0.916820,0.023879,0.053059,-0.002941,0.998587,0,0.09045,0.69701,5.427,1.394,-1,400.000,-1,400.000,-1,325.000,325.000,300.000,300.000,-1,275.000,175.000,300.000,825.000,850.000,-1,-1,2,0,2,0,2,0,0,0,0,2,1,1,1,0,0,2,2
93,-6453.959,-5413.721,-17.505,-22.139,0.925054,0.376853,-0.047514,-0.376114,0.926263,0.023975,0.053046,-0.004307,0.998583,0,0.01045,0.69742,0.627,1.395,-1,400.000,-1,400.000,-1,325.000,325.000,300.000,325.000,-1,250.000,175.000,300.000,825.000,-1,-1,-1,2,0,2,0,2,0,0,0,0,2,1,1,1,0,2,2,2
94,-6457.861,-5412.242,-17.694,-20.744,0.933960,0.354190,-0.047618,-0.353418,0.935156,0.024054,0.053050,-0.005636,0.998576,0,-0.06955,0.69747,-4.173,1.395,-1,400.000,-1,400.000,-1,325.000,325.000,300.000,325.000,-1,250.000,175.000,300.000,825.000,-1,-1,-1,2,0,2,0,2,0,0,0,0,2,1,1,1,0,2,2,2
95,-6466.328,-5409.269,-18.133,-19.350,0.942305,0.331328,-0.047780,-0.330522,0.943490,0.024110,0.053068,-0.006927,0.998567,0,-0.14955,0.69714,-8.973,1.394,-1,400.000,-1,400.000,-1,325.000,325.000,300.000,325.000,-1,225.000,150.000,300.000,825.000,-1,-1,-1,2,0,2,0,2,0,0,0,0,2,1,1,1,0,2,2,2
96,-6479.430,-5405.023,-18.823,-17.957,0.950080,0.308293,-0.047993,-0.307455,0.951256,0.024139,0.053095,-0.008178,0.998556,0,-0.22955,0.69644,-13.773,1.393,-1,400.000,-1,400.000,-1,325.000,325.000,300.000,325.000,-1,200.000,150.000,300.000,825.000,-1,-1,-1,2,0,2,0,2,0,0,0,0,2,1,1,1,0,2,2,2
97,-6496.197,-5400.035,-19.706,-16.566,0.957280,0.285112,-0.048238,-0.284244,0.958448,0.024140,0.053117,-0.009398,0.998544,0,-0.29155,0.69535,-17.493,1.391,-1,400.000,-1,400.000,-1,325.000,325.000,300.000,325.000,-1,175.000,125.000,275.000,825.000,-1,-1,-1,2,0,2,0,2,0,0,0,0,2,1,1,1,0,2,2,2
98,-6513.174,-5395.429,-20.593,-15.178,0.963901,0.261811,-0.048475,-0.260912,0.965061,0.024131,0.053099,-0.010613,0.998533,0,-0.29319,0.69395,-17.591,1.388,-1,400.000,-1,400.000,-1,325.000,325.000,300.000,325.000,-1,150.000,100.000,275.000,825.000,-1,-1,-1,2,0,2,0,2,0,0,0,0,2,1,1,1,0,2,2,2
99,-6525.584,-5392.328,-20.175,-14.031,0.969144,0.242409,-0.044695,-0.241384,0.970050,0.027151,0.049938,-0.015525,0.998632,0,-0.21319,0.57395,-12.791,1.148,-1,400.000,-1,400.000,-1,325.000,325.000,300.000,325.000,-1,150.000,100.000,275.000,800.000,-1,-1,-1,2,0,2,0,2,0,0,0,0,2,1,1,1,0,2,2,2
100,-6533.367,-5390.513,-19.884,-13.123,0.972976,0.226995,-0.042326,-0.225896,0.973713,0.029220,0.047846,-0.018869,0.998677,0,-0.13319,0.45395,-7.991,0.908,-1,400.000,-1,400.000,-1,325.000,325.000,300.000,325.000,-1,125.000,75.000,275.000,775.000,-1,-1,-1,2,0,2,0,2,0,0,0,0,2,1,1,1,0,2,2,2
101,-6536.483,-5389.825,-19.873,-12.455,0.975579,0.215624,-0.041851,-0.214499,0.976270,0.029792,0.047282,-0.020087,0.998680,0,-0.05319,0.33395,-3.191,0.668,-1,400.000,-1,400.000,-1,325.000,325.000,300.000,325.000,-1,125.000,75.000,275.000,775.000,-1,-1,-1,2,0,2,0,2,0,0,0,0,2,1,1,1,0,2,2,2
102,-6534.910,-5390.160,-20.149,-12.027,0.977102,0.208331,-0.043234,-0.207222,0.977871,0.028779,0.048273,-0.019161,0.998650,0,0.02681,0.21395,1.609,0.428,-1,400.000,-1,400.000,-1,325.000,325.000,300.000,325.000,-1,125.000,75.000,275.000,775.000,-1,-1,-1,2,0,2,0,2,0,0,0,0,2,1,1,1,0,2,2,2
103,-6528.637,-5391.475,-20.715,-11.839,0.977630,0.205134,-0.046463,-0.204096,0.978602,0.026148,0.050833,-0.016081,0.998578,0,0.10681,0.09395,6.409,0.188,-1,400.000,-1,400.000,-1,325.000,325.000,300.000,325.000,-1,125.000,75.000,275.000,800.000,-1,-1,-1,2,0,2,0,2,0,0,0,0,2,1,1,1,0,2,2,2
104,-6517.669,-5393.785,-20.774,-11.891,0.977334,0.206031,-0.048669,-0.205056,0.978448,0.024306,0.052628,-0.013775,0.998519,0,0.18681,-0.02605,11.209,-0.052,-1,400.000,-1,400.000,-1,325.000,325.000,300.000,325.000,-1,125.000,100.000,300.000,800.000,-1,-1,-1,2,0,2,0,2,0,0,0,0,2,1,1,1,0,2,2,2
105,-6502.021,-5397.163,-19.952,-12.183,0.976278,0.211017,-0.048508,-0.210045,0.977387,0.024390,0.052558,-0.013622,0.998525,0,0.26681,-0.14605,16.009,-0.292,-1,400.000,-1,400.000,-1,325.000,325.000,300.000,325.000,-1,150.000,100.000,300.000,800.000,-1,-1,-1,2,0,2,0,2,0,0,0,0,2,1,1,1,0,2,2,2
106,-6481.706,-5401.672,-18.945,-12.513,0.975061,0.216647,-0.048162,-0.215695,0.976160,0.024228,0.052263,-0.013236,0.998546,0,0.34681,-0.16509,20.809,-0.330,-1,400.000,-1,400.000,-1,325.000,325.000,300.000,325.000,-1,175.000,125.000,325.000,800.000,-1,-1,-1,2,0,2,0,2,0,0,0,0,2,1,1,1,0,2,2,2
107,-6456.738,-5407.363,-17.733,-12.840,0.973832,0.222212,-0.047675,-0.221289,0.974915,0.023908,0.051791,-0.012732,0.998577,0,0.42681,-0.16338,25.609,-0.327,-1,400.000,-1,400.000,-1,325.000,325.000,300.000,300.000,-1,200.000,150.000,350.000,800.000,-1,-1,-1,2,0,2,0,2,0,0,0,0,2,1,1,1,0,2,2,2
108,-6427.128,-5414.288,-16.307,-13.163,0.972590,0.227698,-0.047131,-0.226810,0.973656,0.023483,0.051236,-0.012150,0.998613,0,0.50681,-0.16126,30.409,-0.323,-1,400.000,-1,400.000,-1,325.000,325.000,300.000,300.000,-1,225.000,175.000,375.000,800.000,-1,-1,-1,2,0,2,0,2,0,0,0,0,2,1,1,1,0,2,2,2
109,-6392.889,-5422.495,-14.661,-13.480,0.971342,0.233092,-0.046498,-0.232243,0.972386,0.022974,0.050569,-0.011517,0.998654,0,0.58681,-0.15875,35.209,-0.318,-1,400.000,-1,400.000,-1,325.000,325.000,300.000,300.000,-1,275.000,225.000,425.000,800.000,-1,-1,-1,2,0,2,0,2,0,0,0,0,2,1,1,1,0,2,2,2
110,-6354.034,-5432.033,-12.795,-13.792,0.970093,0.238380,-0.045769,-0.237574,0.971112,0.022380,0.049782,-0.010837,0.998701,0,0.66681,-0.15584,40.009,-0.312,-1,400.000,-1,400.000,-1,325.000,325.000,300.000,300.000,-1,300.000,275.000,475.000,800.000,-1,-1,-1,2,0,2,0,2,0,0,0,0,2,1,1,1,0,2,2,2
111,-6311.251,-5442.777,-10.743,-14.097,0.968847,0.243548,-0.044950,-0.242790,0.969836,0.021709,0.048882,-0.010120,0.998753,0,0.73519,-0.15252,44.112,-0.305,-1,400.000,-1,400.000,-1,325.000,325.000,300.000,300.000,-1,350.000,300.000,500.000,800.000,-1,-1,-1,2,0,2,0,2,0,0,0,0,2,1,1,1,0,2,2,2
112,-6268.373,-5453.782,-8.690,-14.394,0.967605,0.248586,-0.044110,-0.247874,0.968564,0.021022,0.047949,-0.009407,0.998805,0,0.73780,-0.14885,44.268,-0.298,-1,400.000,-1,400.000,-1,325.000,325.000,300.000,300.000,-1,400.000,350.000,550.000,825.000,-1,-1,-1,2,0,2,0,2,0,0,0,0,2,1,1,1,0,2,2,2
113,-6225.397,-5465.044,-6.636,-14.685,0.966370,0.253492,-0.043248,-0.252826,0.967298,0.020318,0.046984,-0.008700,0.998858,0,0.74046,-0.14515,44.428,-0.290,-1,400.000,-1,400.000,-1,325.000,325.000,300.000,300.000,-1,450.000,400.000,600.000,825.000,-1,-1,-1,2,0,2,0,2,0,0,0,0,2,1,1,1,0,2,2,2
114,-6182.320,-5476.560,-4.580,-14.968,0.965145,0.258266,-0.042363,-0.257646,0.966041,0.019596,0.045985,-0.007999,0.998910,0,0.74316,-0.14144,44.590,-0.283,-1,400.000,-1,400.000,-1,325.000,325.000,300.000,300.000,-1,525.000,450.000,650.000,825.000,-1,-1,-1,2,0,2,0,2,0,0,0,0,2,1,1,1,0,2,2,2
115,-6139.140,-5488.327,-2.524,-15.243,0.963930,0.262908,-0.041454,-0.262332,0.964793,0.018857,0.044952,-0.007302,0.998962,0,0.74590,-0.13770,44.754,-0.275,-1,400.000,-1,475.000,-1,325.000,325.000,300.000,300.000,-1,575.000,500.000,700.000,825.000,-1,-1,-1,2,0,2,1,2,1,1,0,0,2,1,1,1,0,2,2,2
116,-6091.338,-5501.385,-0.258,-15.278,0.963811,0.263505,-0.040427,-0.262974,0.964635,0.018027,0.043747,-0.006743,0.999020,0,0.82590,-0.01770,49.554,-0.035,-1,400.000,-1,-1,-1,325.000,350.000,300.000,300.000,-1,625.000,550.000,750.000,825.000,-1,-1,-1,2,0,2,2,2,1,1,0,0,2,1,1,1,0,2,2,2
117,-6038.854,-5515.520,2.217,-15.074,0.964794,0.260059,-0.039269,-0.259572,0.965572,0.017116,0.042368,-0.006321,0.999082,0,0.90590,0.10230,54.354,0.205,-1,400.000,-1,-1,-1,325.000,375.000,300.000,300.000,-1,675.000,600.000,800.000,825.000,-1,-1,-1,2,0,2,2,2,1,1,0,0,2,1,1,1,0,2,2,2
118,-5983.281,-5530.026,4.808,-14.629,0.966834,0.252559,-0.038029,-0.252111,0.967562,0.016230,0.040895,-0.006104,0.999145,0,0.95725,0.22230,57.435,0.445,-1,400.000,-1,-1,-1,350.000,425.000,300.000,300.000,-1,750.000,675.000,875.000,800.000,-1,-1,-1,2,0,2,2,2,1,1,0,0,2,1,1,1,0,2,2,2
119,-5927.347,-5543.915,7.229,-13.945,0.969839,0.240980,-0.036612,-0.240539,0.970507,0.016049,0.039400,-0.006759,0.999201,0,0.96055,0.34230,57.633,0.685,-1,400.000,-1,-1,-1,350.000,475.000,300.000,300.000,-1,800.000,725.000,950.000,800.000,-1,-1,-1,2,0,2,2,2,1,1,0,0,2,1,1,1,0,2,2,2
120,-5871.018,-5556.940,9.573,-13.020,0.973667,0.225286,-0.034903,-0.224843,0.974261,0.016183,0.037650,-0.007909,0.999260,0,0.96360,0.46230,57.816,0.925,-1,400.000,-1,-1,-1,350.000,525.000,300.000,300.000,-1,850.000,800.000,-1,800.000,-1,-1,-1,2,0,2,2,2,1,1,0,0,2,1,1,2,0,2,2,2
121,-5814.276,-5568.851,9.897,-11.855,0.978198,0.205444,-0.030359,-0.205288,0.978667,0.008183,0.031393,-0.001772,0.999506,0,0.96631,0.58230,57.978,1.165,-1,400.000,-1,-1,-1,350.000,550.000,300.000,300.000,-1,925.000,850.000,-1,775.000,-1,-1,-1,2,0,2,2,2,1,1,0,0,2,1,1,2,0,2,2,2
122,-5757.127,-5579.391,7.926,-10.451,0.983199,0.181378,-0.020552,-0.181593,0.983331,-0.009120,0.018555,0.012699,0.999747,0,0.96856,0.70230,58.114,1.405,-1,375.000,-1,-1,-1,325.000,500.000,325.000,250.000,-1,-1,925.000,-1,700.000,-1,-1,-1,2,0,2,2,2,1,1,0,0,2,2,1,2,0,2,2,2
123,-5699.600,-5588.299,5.843,-8.806,0.988174,0.153037,-0.009575,-0.153239,0.987841,-0.026228,0.005445,0.027385,0.999610,0,0.97021,0.82230,58.213,1.645,-1,350.000,-1,925.000,-1,300.000,450.000,325.000,225.000,-1,-1,-1,-1,650.000,-1,-1,-1,2,0,2,1,2,1,1,0,0,2,2,2,2,0,2,2,2
124,-5641.779,-5595.471,3.794,-7.075,0.992396,0.123065,0.002271,-0.122859,0.991516,-0.042446,-0.007475,0.041844,0.999096,0,0.97108,0.86552,58.265,1.731,-1,325.000,-1,800.000,-1,275.000,425.000,350.000,200.000,-1,-1,-1,-1,575.000,-1,-1,-1,2,0,2,1,2,1,1,0,0,2,2,2,2,0,2,2,2
125,-5583.767,-5600.906,1.880,-5.359,0.995535,0.093256,0.014614,-0.092277,0.994080,-0.057361,-0.019877,0.055756,0.998247,0,0.97110,0.85798,58.266,1.716,-1,300.000,-1,675.000,-1,225.000,375.000,350.000,175.000,-1,-1,-1,-1,525.000,-1,-1,-1,2,0,2,1,2,1,1,0,0,2,2,2,2,0,2,2,2
126,-5525.674,-5604.615,0.179,-3.660,0.997601,0.063684,0.027134,-0.061633,0.995593,-0.070675,-0.031515,0.068833,0.997130,0,0.97018,0.84966,58.211,1.699,-1,275.000,-1,575.000,-1,225.000,350.000,375.000,200.000,-1,-1,-1,-1,475.000,-1,900.000,-1,2,0,2,1,2,0,1,0,1,2,2,2,2,0,2,0,2
127,-5467.617,-5606.613,-1.232,-1.979,0.998627,0.034419,0.039487,-0.031085,0.996136,-0.082134,-0.042162,0.080794,0.995839,0,0.96819,0.84053,58.091,1.681,-1,250.000,-1,475.000,-1,200.000,300.000,375.000,250.000,-1,-1,-1,-1,450.000,875.000,700.000,-1,2,0,2,1,2,0,1,0,1,2,2,2,2,0,1,0,2
128,-5409.719,-5606.925,-2.283,-0.318,0.998667,0.005522,0.051315,-0.000804,0.995802,-0.091529,-0.051605,0.091366,0.994479,0,0.96497,0.83058,57.898,1.661,-1,225.000,-1,400.000,-1,175.000,275.000,400.000,300.000,-1,-1,-1,-1,400.000,750.000,575.000,-1,2,0,2,1,2,0,1,0,1,2,2,2,2,0,1,0,2
129,-5352.111,-5605.588,-2.907,1.322,0.997797,-0.022953,0.062251,0.029040,0.994693,-0.098702,-0.059655,0.100293,0.993168,0,0.96040,0.81982,57.624,1.640,-1,225.000,900.000,350.000,-1,175.000,225.000,425.000,400.000,-1,-1,-1,-1,375.000,625.000,500.000,1000.000,2,0,1,1,2,0,1,0,1,2,2,2,2,0,1,0,1
130,-5294.925,-5602.646,-3.046,2.939,0.996106,-0.050968,0.071934,0.058283,0.992915,-0.103550,-0.066146,0.107340,0.992020,0,0.95437,0.80830,57.262,1.617,-1,225.000,775.000,300.000,-1,175.000,200.000,425.000,-1,-1,-1,-1,-1,375.000,525.000,450.000,850.000,2,0,0,1,2,0,1,0,2,2,2,2,2,0,1,0,1
131,327.741,-4263.739,249.147,140.227,-0.726776,-0.630070,0.273513,0.653418,-0.756960,-0.007492,0.211759,0.173273,0.961839,1,0.00000,0.00000,56.811,1.592,150.000,-1,-1,975.000,-1,-1,975.000,-1,225.000,-1,150.000,0.000,150.000,-1,-1,200.000,-1,1,2,2,0,2,2,0,2,0,2,0,0,0,2,2,1,2
132,-2295.907,7548.018,40.806,-87.426,0.046898,0.992866,-0.109623,-0.998738,0.044634,-0.023020,-0.017963,0.110565,0.993707,1,-0.08000,0.12000,-4.800,0.240,-1,375.000,-1,400.000,-1,325.000,325.000,300.000,325.000,-1,-1,575.000,-1,650.000,675.000,-1,-1,2,0,2,0,2,0,0,0,0,2,2,0,2,0,0,2,2
133,-2296.418,7557.605,40.981,-86.946,0.055207,0.992463,-0.109404,-0.998322,0.052951,-0.023424,-0.017454,0.110514,0.993721,0,-0.16000,0.24000,-9.600,0.480,-1,375.000,-1,400.000,-1,325.000,325.000,300.000,325.000,-1,925.000,600.000,-1,650.000,675.000,-1,-1,2,0,2,0,2,0,0,0,0,2,1,0,2,0,0,2,2
134,-2297.366,7571.975,41.224,-86.226,0.067663,0.991729,-0.109062,-0.997568,0.065418,-0.024034,-0.016701,0.110423,0.993744,0,-0.24000,0.36000,-14.400,0.720,-1,375.000,-1,400.000,-1,325.000,325.000,300.000,325.000,-1,775.000,600.000,-1,650.000,675.000,-1,-1,2,0,2,0,2,0,0,0,0,2,1,0,2,0,0,2,2
135,-2298.950,7591.111,41.514,-85.266,0.084257,0.990510,-0.108581,-0.996320,0.082026,-0.024858,-0.015715,0.110275,0.993777,0,-0.32000,0.48000,-19.200,0.960,-1,375.000,-1,375.000,-1,300.000,325.000,300.000,325.000,-1,750.000,625.000,-1,650.000,675.000,-1,-1,2,0,2,0,2,0,0,0,0,2,0,0,2,0,0,2,2
136,-2301.432,7614.984,41.824,-84.066,0.104970,0.988600,-0.107940,-0.994369,0.102755,-0.025901,-0.014514,0.110051,0.993820,0,-0.40000,0.60000,-24.000,1.200,-1,375.000,-1,375.000,-1,300.000,325.000,300.000,325.000,-1,775.000,650.000,-1,650.000,675.000,-1,-1,2,0,2,0,2,0,0,0,0,2,0,0,2,0,0,2,2
