timestep,x_cm,y_cm,z_cm,yaw_deg,basis_xx,basis_xy,basis_xz,basis_yx,basis_yy,basis_yz,basis_zx,basis_zy,basis_zz,teleport_flag,throttle_cmd,steering_cmd,cmd_move_cm,cmd_turn_deg,lidar_cm_0,lidar_cm_1,lidar_cm_2,lidar_cm_3,lidar_cm_4,lidar_cm_5,lidar_cm_6,lidar_cm_7,lidar_cm_8,lidar_cm_9,lidar_cm_10,lidar_cm_11,lidar_cm_12,lidar_cm_13,lidar_cm_14,lidar_cm_15,lidar_cm_16,lidar_class_0,lidar_class_1,lidar_class_2,lidar_class_3,lidar_class_4,lidar_class_5,lidar_class_6,lidar_class_7,lidar_class_8,lidar_class_9,lidar_class_10,lidar_class_11,lidar_class_12,lidar_class_13,lidar_class_14,lidar_class_15,lidar_class_16
0,1502.214,-6007.727,117.478,92.649,-0.046186,-0.998606,-0.025569,0.998215,-0.047108,0.036697,-0.037850,-0.023829,0.998999,0,0.59677,-0.06063,1.448,-0.032,-1,785.834,-1,664.297,14.072,559.457,534.386,901.099,629.373,-1,-1,-1,-1,-1,-1,-1,26.546,2,0,2,0,1,0,0,0,0,2,2,2,2,2,2,2,1
1,1501.597,-6005.734,121.291,92.606,-0.045427,-0.998552,-0.028830,0.998178,-0.046520,0.038428,-0.039714,-0.027032,0.998845,0,0.59684,-0.06040,2.086,-0.043,-1,789.020,-1,675.578,14.055,565.831,542.300,902.882,646.309,-1,-1,-1,-1,-1,-1,-1,26.655,2,0,2,0,1,0,0,0,0,2,2,2,2,2,2,2,1
2,1501.010,-6003.063,124.039,92.561,-0.044646,-0.998510,-0.031388,0.998191,-0.045854,0.038884,-0.040266,-0.029595,0.998751,0,0.59695,-0.06005,2.735,-0.045,-1,794.105,-1,687.007,-1,572.463,550.321,904.166,659.115,-1,-1,-1,-1,-1,-1,-1,-1,2,0,2,0,2,0,0,0,0,2,2,2,2,2,2,2,2
3,1500.418,-5999.849,125.599,92.521,-0.043953,-0.998483,-0.033152,0.998243,-0.045214,0.038300,-0.039741,-0.031410,0.998716,0,0.59706,-0.05968,3.269,-0.040,-1,799.936,-1,697.345,-1,578.548,557.563,904.740,667.083,-1,-1,-1,-1,-1,-1,-1,-1,2,0,2,0,2,0,0,0,0,2,2,2,2,2,2,2,2
4,1499.748,-5996.152,125.953,92.515,-0.043846,-0.998467,-0.033771,0.998302,-0.045086,0.036885,-0.038351,-0.032097,0.998749,0,0.59716,-0.05935,3.757,-0.006,-1,806.377,-1,705.624,-1,583.926,563.531,905.517,668.990,-1,-1,-1,-1,-1,-1,-1,-1,2,0,2,0,2,0,0,0,0,2,2,2,2,2,2,2,2
5,1499.043,-5991.993,125.156,92.536,-0.044214,-0.998471,-0.033165,0.998357,-0.045372,0.034999,-0.036450,-0.031563,0.998837,0,0.59715,-0.05938,4.218,0.021,-1,811.323,-1,710.701,-1,587.910,567.488,906.928,664.632,-1,-1,-1,-1,-1,-1,-1,-1,2,0,2,0,2,0,0,0,0,2,2,2,2,2,2,2,2
6,1498.316,-5987.381,123.295,92.583,-0.045033,-0.998507,-0.030906,0.998387,-0.046055,0.033197,-0.034571,-0.029361,0.998971,0,0.59706,-0.05967,4.669,0.047,-1,814.670,-1,710.552,-1,589.526,568.233,910.606,653.453,-1,-1,-1,-1,-1,-1,-1,-1,2,0,2,0,2,0,0,0,0,2,2,2,2,2,2,2,2
7,1497.516,-5982.346,120.582,92.646,-0.046133,-0.998572,-0.026925,0.998397,-0.046976,0.031568,-0.032788,-0.025426,0.999139,0,0.59689,-0.06023,5.098,0.063,-1,817.099,-1,705.402,11.277,589.141,566.112,917.567,636.101,-1,-1,-1,-1,-1,-1,-1,9.154,2,0,2,0,1,0,0,0,0,2,2,2,2,2,2,2,1
8,1496.604,-5976.759,117.475,92.728,-0.047578,-0.998615,-0.022479,0.998424,-0.048215,0.028709,-0.029753,-0.021077,0.999335,0,0.59668,-0.06096,5.661,0.083,-1,823.027,-1,703.091,16.066,591.156,566.130,924.902,617.090,-1,-1,-1,-1,-1,-1,-1,22.350,2,0,2,0,1,0,0,0,0,2,2,2,2,2,2,2,1
9,1495.622,-5970.511,114.356,92.873,-0.050112,-0.998578,-0.018171,0.998428,-0.050545,0.024212,-0.025096,-0.016929,0.999542,0,0.59639,-0.06190,6.325,0.145,-1,834.591,-1,707.296,16.162,598.175,570.748,931.690,598.675,-1,-1,-1,-1,-1,-1,-1,22.311,2,0,2,0,1,0,0,0,0,2,2,2,2,2,2,2,1
10,1494.472,-5963.551,111.539,93.074,-0.053624,-0.998468,-0.013636,0.998382,-0.053868,0.018204,-0.018910,-0.012638,0.999741,0,0.59592,-0.06347,7.054,0.201,-1,853.872,-1,718.237,16.158,611.048,580.928,940.177,580.421,-1,-1,-1,-1,-1,-1,-1,22.313,2,0,2,0,1,0,0,0,0,2,2,2,2,2,2,2,1
11,1493.131,-5956.043,109.316,93.287,-0.057341,-0.998315,-0.008863,0.998285,-0.057439,0.011274,-0.011764,-0.008201,0.999897,0,0.59528,-0.06563,7.627,0.213,-1,878.076,-1,735.444,16.148,628.699,596.250,951.501,563.617,-1,-1,-1,-1,-1,-1,-1,22.317,2,0,2,0,1,0,0,0,0,2,2,2,2,2,2,2,1
12,1491.606,-5947.957,107.888,93.518,-0.061355,-0.998110,-0.003498,0.998108,-0.061368,0.003793,-0.004000,-0.003259,0.999987,0,0.59459,-0.06793,8.229,0.230,-1,909.101,-1,758.558,16.170,650.940,616.817,967.928,548.122,-1,982.543,995.596,-1,-1,-1,-1,22.308,2,0,2,0,1,0,0,0,0,2,0,0,2,2,2,2,1
13,1489.963,-5939.518,107.503,93.794,-0.066162,-0.997807,0.001891,0.997806,-0.066166,-0.002230,0.002350,0.001739,0.999996,0,0.55449,-0.12122,8.597,0.276,-1,937.951,-1,781.889,16.134,673.662,637.812,988.447,535.226,-1,942.047,956.572,-1,-1,-1,-1,22.322,2,0,2,0,1,0,0,0,0,2,0,0,2,2,2,2,1
14,1488.198,-5930.910,108.256,94.107,-0.071617,-0.997413,0.006166,0.997415,-0.071651,-0.005486,0.005914,0.005757,0.999966,0,0.55365,-0.12420,8.788,0.313,-1,958.064,-1,799.285,16.403,692.713,655.200,-1,526.823,-1,931.882,945.270,-1,-1,-1,-1,22.240,2,0,2,0,1,0,0,2,0,2,0,0,2,2,2,2,1
15,1486.178,-5922.120,109.854,94.475,-0.078018,-0.996900,0.010223,0.996928,-0.078084,-0.006161,0.006941,0.009711,0.999929,0,0.55271,-0.12757,9.018,0.368,-1,972.505,-1,810.072,16.425,705.952,667.848,-1,520.304,-1,944.157,955.597,-1,-1,-1,-1,22.234,2,0,2,0,1,0,0,2,0,2,0,0,2,2,2,2,1
16,1483.976,-5913.071,111.920,94.869,-0.084869,-0.996296,0.013871,0.996371,-0.084950,-0.005385,0.006543,0.013364,0.999889,0,0.55160,-0.13152,9.313,0.394,-1,982.475,-1,817.712,16.662,716.518,677.954,-1,515.495,-1,969.238,978.022,-1,-1,-1,-1,22.195,2,0,2,0,1,0,0,2,0,2,0,0,2,2,2,2,1
17,1481.542,-5903.620,114.063,95.275,-0.091940,-0.995617,0.017144,0.995743,-0.092038,-0.005026,0.006581,0.016609,0.999840,0,0.55042,-0.13576,9.760,0.407,-1,992.932,-1,828.001,16.781,729.818,689.853,-1,511.774,-1,992.706,999.181,-1,-1,-1,-1,22.185,2,0,2,0,1,0,0,2,0,2,0,0,2,2,2,2,1
18,1478.800,-5893.756,115.975,95.703,-0.099376,-0.994850,0.019951,0.995016,-0.099519,-0.006324,0.008276,0.019223,0.999781,0,0.54918,-0.14017,10.237,0.428,-1,-1,-1,845.067,16.671,746.424,706.762,-1,508.662,-1,1002.301,1007.895,-1,-1,-1,-1,22.194,2,2,2,0,1,0,0,2,0,2,0,0,2,2,2,2,1
19,1475.774,-5883.522,117.450,96.155,-0.107214,-0.993993,0.021963,0.994166,-0.107442,-0.009449,0.011752,0.020822,0.999714,0,0.54787,-0.14484,10.672,0.452,-1,-1,-1,867.556,16.606,765.670,728.753,-1,506.238,-1,995.843,1003.161,-1,-1,-1,-1,22.203,2,2,2,0,1,0,0,2,0,2,0,0,2,2,2,2,1
20,1472.514,-5872.986,118.411,96.636,-0.115550,-0.993024,0.023480,0.993179,-0.115875,-0.012998,0.015628,0.021818,0.999640,0,0.54649,-0.14980,11.030,0.481,-1,-1,-1,889.812,16.528,785.225,748.875,-1,503.265,-1,985.561,995.131,-1,-1,-1,-1,22.214,2,2,2,0,1,0,0,2,0,2,0,0,2,2,2,2,1
21,1469.037,-5862.168,118.784,97.132,-0.124132,-0.991954,0.024874,0.992083,-0.124551,-0.016052,0.019021,0.022684,0.999562,0,0.54501,-0.15508,11.362,0.496,-1,-1,-1,908.796,8.699,800.498,766.297,-1,498.962,-1,976.277,988.213,-1,-1,-1,-1,22.221,2,2,2,0,1,0,0,2,0,2,0,0,2,2,2,2,1
22,1465.389,-5851.086,118.513,97.634,-0.132822,-0.990802,0.025869,0.990913,-0.133305,-0.017919,0.021203,0.023254,0.999505,0,0.54348,-0.16055,11.668,0.503,-1,-1,-1,921.607,-1,809.248,777.976,-1,493.454,-1,972.351,986.309,-1,-1,-1,-1,20.122,2,2,2,0,2,0,0,2,0,2,0,0,2,2,2,2,1
23,1461.631,-5839.764,117.671,98.140,-0.141566,-0.989596,0.025684,0.989692,-0.142052,-0.018192,0.021651,0.022844,0.999505,0,0.54192,-0.16611,11.929,0.506,-1,-1,-1,926.355,-1,811.022,781.452,-1,488.109,-1,977.206,992.969,-1,-1,-1,-1,-1,2,2,2,0,2,0,0,2,0,2,0,0,2,2,2,2,2
24,1457.734,-5828.239,116.381,98.643,-0.150250,-0.988359,0.023917,0.988445,-0.150666,-0.016635,0.020045,0.021141,0.999576,0,0.54035,-0.17173,12.166,0.503,-1,-1,-1,923.006,14.945,805.040,777.323,-1,484.282,-1,993.182,-1,-1,-1,-1,-1,11.964,2,2,2,0,1,0,0,2,0,2,0,2,2,2,2,2,1
25,1453.677,-5816.566,114.790,99.125,-0.158570,-0.987147,0.019935,0.987218,-0.158843,-0.012986,0.015986,0.017621,0.999717,0,0.53878,-0.17734,12.358,0.482,-1,-1,-1,911.359,16.290,790.570,765.007,-1,482.405,-1,-1,-1,-1,-1,-1,-1,22.269,2,2,2,0,1,0,0,2,0,2,2,2,2,2,2,2,1
26,1449.404,-5804.708,112.985,99.594,-0.166652,-0.985919,0.013829,0.985963,-0.166771,-0.007976,0.010170,0.012306,0.999873,0,0.53726,-0.18277,12.604,0.469,-1,1000.783,-1,894.716,16.213,770.936,747.418,-1,482.966,-1,-1,-1,-1,-1,-1,-1,22.293,2,0,2,0,1,0,0,2,0,2,2,2,2,2,2,2,1
27,1444.878,-5792.730,111.177,100.052,-0.174542,-0.984634,0.005530,0.984646,-0.174554,-0.001804,0.002742,0.005130,0.999983,0,0.53577,-0.18811,12.805,0.458,-1,963.262,-1,874.710,16.150,747.048,726.107,-1,486.773,-1,-1,-1,-1,-1,-1,-1,22.315,2,0,2,0,1,0,0,2,0,2,2,2,2,2,2,2,1
28,1439.054,-5778.026,108.933,100.581,-0.183621,-0.982977,-0.006291,0.982973,-0.183658,0.005857,-0.006913,-0.005108,0.999963,0,0.53429,-0.19339,15.816,0.529,-1,916.654,-1,850.455,16.046,717.099,699.818,982.705,494.311,-1,-1,-1,-1,-1,-1,-1,22.358,2,0,2,0,1,0,0,0,0,2,2,2,2,2,2,2,1
29,1434.949,-5767.911,107.304,100.925,-0.189507,-0.981767,-0.014845,0.981798,-0.189665,0.010040,-0.012672,-0.012672,0.999839,0,0.53256,-0.19959,10.916,0.344,-1,888.136,-1,837.486,15.848,699.185,684.689,952.961,500.653,-1,-1,-1,-1,-1,-1,-1,22.459,2,0,2,0,1,0,0,0,0,2,2,2,2,2,2,2,1
30,1429.809,-5754.800,105.086,101.315,-0.196162,-0.980222,-0.026186,0.980385,-0.196575,0.014231,-0.019097,-0.022881,0.999556,0,0.53141,-0.20367,14.082,0.390,-1,854.677,-1,824.304,15.268,678.727,668.072,915.635,512.015,-1,-1,-1,-1,-1,-1,-1,22.970,2,0,2,0,1,0,0,0,0,2,2,2,2,2,2,2,1
31,1424.717,-5741.349,102.763,101.641,-0.201712,-0.978739,-0.037189,0.979096,-0.202509,0.019017,-0.026144,-0.032576,0.999127,0,0.53010,-0.20838,14.383,0.326,-1,820.074,-1,808.092,14.863,657.156,650.254,881.834,524.181,-1,-1,-1,-1,-1,-1,-1,23.616,2,0,2,0,1,0,0,0,0,2,2,2,2,2,2,2,1
32,1419.848,-5727.513,100.526,101.873,-0.205619,-0.977415,-0.048796,0.978049,-0.206962,0.024236,-0.033788,-0.042741,0.998515,0,0.52896,-0.21245,14.667,0.231,-1,785.606,-1,790.798,14.513,634.870,631.760,849.007,538.528,-1,-1,-1,-1,-1,-1,-1,24.517,2,0,2,0,1,0,0,0,0,2,2,2,2,2,2,2,1
33,1415.132,-5713.255,98.306,102.027,-0.208193,-0.976197,-0.060790,0.977186,-0.210267,0.029919,-0.041989,-0.053174,0.997702,0,0.52809,-0.21554,15.018,0.155,-1,751.065,-1,772.285,14.499,612.017,612.650,816.964,554.469,-1,-1,-1,-1,-1,-1,-1,24.562,2,0,2,0,1,0,0,0,0,2,2,2,2,2,2,2,1
34,1410.422,-5698.669,96.122,102.143,-0.210083,-0.975013,-0.072210,0.976342,-0.213090,0.036735,-0.051205,-0.062784,0.996713,0,0.52745,-0.21784,15.328,0.116,-1,716.530,-1,750.382,14.358,588.107,591.968,789.194,569.417,-1,-1,-1,-1,-1,-1,-1,25.080,2,0,2,0,1,0,0,0,0,2,2,2,2,2,2,2,1
35,1405.787,-5683.729,94.104,102.219,-0.211251,-0.973877,-0.083290,0.975496,-0.215427,0.044718,-0.061493,-0.071803,0.995521,0,0.52691,-0.21976,15.642,0.076,-1,680.638,-1,725.936,14.115,563.488,570.181,764.994,584.226,-1,-1,-1,-1,-1,-1,-1,26.279,2,0,2,0,1,0,0,0,0,2,2,2,2,2,2,2,1
36,1401.292,-5668.343,92.208,102.221,-0.211144,-0.972799,-0.095292,0.974821,-0.216724,0.052480,-0.071704,-0.081812,0.994065,0,0.52649,-0.22128,16.030,0.002,-1,645.914,-1,703.671,13.904,540.112,549.949,740.406,607.490,-1,-1,-1,-1,1001.605,-1,-1,27.834,2,0,2,0,1,0,0,0,0,2,2,2,2,0,2,2,1
37,1396.896,-5652.533,90.470,102.139,-0.209594,-0.971698,-0.108965,0.974447,-0.216781,0.058807,-0.080764,-0.093855,0.992305,0,0.52627,-0.22204,16.410,-0.083,-1,614.383,-1,687.282,13.931,519.777,533.501,712.966,643.996,-1,-1,-1,-1,944.386,-1,-1,27.602,2,0,2,0,1,0,0,0,0,2,2,2,2,0,2,2,1
38,1392.323,-5636.566,89.037,102.092,-0.208664,-0.970524,-0.120589,0.974002,-0.217348,0.063878,-0.088205,-0.104125,0.990645,0,0.52630,-0.22194,16.609,-0.047,14.214,589.667,-1,675.098,13.806,503.950,521.260,689.675,679.517,-1,-1,-1,-1,899.595,-1,25.729,28.846,1,0,2,0,1,0,0,0,0,2,2,2,2,0,2,1,1
39,1387.797,-5620.679,88.645,102.135,-0.209357,-0.970025,-0.123375,0.973674,-0.218432,0.065160,-0.090156,-0.106486,0.990218,0,0.52622,-0.22223,16.519,0.043,14.611,583.841,-1,673.937,13.524,501.682,520.648,688.580,693.427,-1,-1,-1,-1,886.431,-1,24.221,33.965,1,0,2,0,1,0,0,0,0,2,2,2,2,0,2,1,1
40,1383.784,-5604.488,89.269,102.186,-0.210331,-0.970344,-0.119138,0.973963,-0.218526,0.060356,-0.084601,-0.103341,0.991041,0,0.52588,-0.22342,16.681,0.051,15.220,598.430,-1,690.276,13.287,515.739,535.422,704.580,690.809,-1,-1,-1,-1,907.135,-1,23.030,36.159,1,0,2,0,1,0,0,0,0,2,2,2,2,0,2,1,1
41,1379.684,-5587.726,90.570,102.343,-0.213213,-0.970986,-0.108291,0.974393,-0.219433,0.049059,-0.071398,-0.095058,0.992908,0,0.73832,-0.33760,17.256,0.157,17.438,632.144,-1,725.013,18.529,544.636,563.257,733.439,674.111,-1,-1,-1,-1,964.747,-1,22.211,32.446,1,0,2,0,1,0,0,0,0,2,2,2,2,0,2,1,1
42,1376.961,-5570.700,92.180,102.220,-0.211354,-0.972371,-0.099113,0.975874,-0.215616,0.034338,-0.054760,-0.089464,0.994484,0,0.73742,-0.33987,17.242,-0.122,18.995,672.784,-1,774.427,21.661,580.013,599.569,760.006,668.904,-1,-1,-1,-1,-1,-1,22.643,22.839,1,0,2,0,1,0,0,0,0,2,2,2,2,2,2,1,1
43,1376.037,-5554.018,93.583,101.659,-0.201919,-0.974798,-0.094853,0.978581,-0.204766,0.021211,-0.040100,-0.088538,0.995265,0,0.73772,-0.33912,16.708,-0.562,-1,704.758,-1,824.125,-1,610.663,631.702,778.226,678.267,-1,-1,-1,-1,-1,-1,18.925,-1,2,0,2,0,2,0,0,0,0,2,2,2,2,2,2,1,2
44,1375.267,-5537.132,94.173,101.108,-0.192582,-0.977191,-0.089497,0.980887,-0.194286,0.010657,-0.027802,-0.085734,0.995930,0,0.73986,-0.33367,16.903,-0.551,-1,733.224,-1,865.090,-1,635.771,658.965,798.123,677.063,-1,-1,-1,-1,-1,-1,-1,-1,2,0,2,0,2,0,0,0,0,2,2,2,2,2,2,2,2
45,1374.617,-5520.062,94.110,100.594,-0.183809,-0.979351,-0.084177,0.982779,-0.184751,0.003470,-0.018950,-0.082089,0.996445,0,0.74197,-0.32830,17.082,-0.514,-1,753.565,-1,893.358,-1,654.363,678.035,818.104,670.082,-1,-1,-1,-1,-1,-1,-1,-1,2,0,2,0,2,0,0,0,0,2,2,2,2,2,2,2,2
46,1374.116,-5502.984,93.668,100.088,-0.175135,-0.981211,-0.080942,0.984423,-0.175811,0.001235,-0.015443,-0.079465,0.996718,0,0.74394,-0.32328,17.086,-0.506,-1,759.953,-1,902.456,-1,660.995,684.126,833.177,664.545,-1,-1,-1,-1,-1,-1,-1,-1,2,0,2,0,2,0,0,0,0,2,2,2,2,2,2,2,2
47,1373.703,-5485.798,92.724,99.572,-0.166262,-0.982812,-0.080240,0.985948,-0.167026,0.002853,-0.016206,-0.078638,0.996772,0,0.74589,-0.31832,17.191,-0.516,-1,753.880,-1,896.086,-1,656.788,680.238,841.384,662.558,-1,-1,-1,-1,-1,-1,-1,-1,2,0,2,0,2,0,0,0,0,2,2,2,2,2,2,2,2
48,1373.362,-5468.505,91.205,99.028,-0.156877,-0.984166,-0.082505,0.987402,-0.158043,0.007763,-0.020679,-0.080247,0.996560,0,0.74789,-0.31325,17.296,-0.544,-1,736.216,-1,877.173,-1,643.501,667.593,841.600,665.897,-1,-1,-1,-1,-1,-1,-1,-1,2,0,2,0,2,0,0,0,0,2,2,2,2,2,2,2,2
49,1373.055,-5451.022,88.945,98.460,-0.147055,-0.985264,-0.087344,0.988742,-0.148891,0.014852,-0.027638,-0.084176,0.996068,0,0.75000,-0.30788,17.485,-0.568,-1,710.163,-1,850.279,-1,623.476,648.575,827.590,673.931,-1,-1,-1,-1,-1,-1,-1,-1,2,0,2,0,2,0,0,0,0,2,2,2,2,2,2,2,2
50,1372.803,-5433.315,85.889,97.878,-0.136980,-0.986066,-0.094389,0.989895,-0.139791,0.023807,-0.036670,-0.090174,0.995251,0,0.75221,-0.30226,17.709,-0.581,-1,677.497,-1,817.158,-1,597.690,623.997,803.810,686.249,-1,-1,-1,-1,-1,-1,-1,-1,2,0,2,0,2,0,0,0,0,2,2,2,2,2,2,2,2
51,1372.534,-5415.365,82.025,97.298,-0.126885,-0.986583,-0.102737,0.990769,-0.131040,0.034724,-0.047720,-0.097383,0.994102,0,0.75447,-0.29651,17.952,-0.580,-1,638.936,-1,777.868,-1,567.210,594.563,774.535,701.454,-1,-1,-1,-1,989.374,-1,-1,-1,2,0,2,0,2,0,0,0,0,2,2,2,2,0,2,2,2
52,1372.283,-5397.103,77.428,96.719,-0.116789,-0.986817,-0.112040,0.991290,-0.122739,0.047746,-0.060869,-0.105488,0.992556,0,0.75673,-0.29076,18.264,-0.579,-1,596.836,-1,733.036,-1,532.871,561.296,741.733,717.968,-1,-1,-1,-1,910.953,-1,-1,-1,2,0,2,0,2,0,0,0,0,2,2,2,2,0,2,2,2
53,1372.041,-5378.412,72.104,96.134,-0.106540,-0.986811,-0.121874,0.991426,-0.114756,0.062494,-0.075656,-0.114171,0.990576,0,0.75898,-0.28503,18.692,-0.586,-1,552.344,-1,684.339,-1,496.131,525.498,700.453,734.878,-1,-1,-1,-1,831.751,-1,-1,-1,2,0,2,0,2,0,0,0,0,2,2,2,2,0,2,2,2
54,1371.676,-5359.030,66.305,95.577,-0.096789,-0.986948,-0.128703,0.991270,-0.107219,0.076729,-0.089527,-0.120153,0.988710,0,0.76126,-0.27923,19.385,-0.557,15.725,511.218,-1,637.812,-1,462.105,491.768,663.270,739.699,-1,-1,-1,-1,763.308,-1,22.539,-1,1,0,2,0,2,0,0,0,0,2,2,2,2,0,2,1,2
55,1371.821,-5338.793,61.147,94.982,-0.086428,-0.987556,-0.131390,0.991396,-0.098269,0.086471,-0.098307,-0.122786,0.987552,0,0.76342,-0.27375,20.237,-0.594,15.874,483.399,-1,605.083,13.365,438.518,468.178,636.323,732.944,-1,-1,-1,-1,717.028,-1,22.445,21.792,1,0,2,0,1,0,0,0,0,2,2,2,2,0,2,1,1
56,1372.519,-5317.548,57.329,94.377,-0.075938,-0.988515,-0.130655,0.992026,-0.088117,0.090105,-0.100583,-0.122770,0.987325,0,0.76576,-0.26779,21.257,-0.605,15.834,470.683,1006.783,590.073,13.346,427.847,457.277,619.546,721.893,-1,-1,-1,-1,697.994,-1,22.468,29.819,1,0,1,0,1,0,0,0,0,2,2,2,2,0,2,1,1
57,1373.548,-5295.359,55.004,93.780,-0.065614,-0.989786,-0.126561,0.993042,-0.077200,0.088922,-0.097784,-0.119846,0.987965,0,0.76818,-0.26163,22.213,-0.597,15.727,470.696,928.331,588.812,13.308,427.604,456.637,611.598,705.757,-1,-1,-1,-1,700.347,-1,22.538,30.078,1,0,1,0,1,0,0,0,0,2,2,2,2,0,2,1,1
58,1374.899,-5272.539,54.138,93.172,-0.055102,-0.990953,-0.122373,0.994135,-0.065870,0.085767,-0.093052,-0.116930,0.988771,0,0.77060,-0.25548,22.860,-0.608,16.589,476.871,853.182,596.451,14.171,433.029,462.295,607.188,697.381,-1,-1,-1,-1,713.040,-1,22.205,24.662,1,0,1,0,1,0,0,0,0,2,2,2,2,0,2,1,1
59,1377.308,-5249.583,54.551,92.382,-0.041400,-0.991867,-0.120358,0.995258,-0.051550,0.082484,-0.088018,-0.116373,0.989298,0,0.77308,-0.24916,23.082,-0.791,17.655,486.117,769.896,609.926,-1,441.585,471.676,599.136,705.316,-1,-1,-1,-1,731.389,-1,22.246,-1,1,0,1,0,2,0,0,0,0,2,2,2,2,0,2,1,2
60,1381.043,-5226.767,55.716,91.341,-0.023318,-0.992308,-0.121578,0.996229,-0.033230,0.080144,-0.083568,-0.119250,0.989341,0,0.77637,-0.24081,23.119,-1.041,17.755,494.029,745.266,626.218,-1,451.009,481.975,584.672,730.698,-1,-1,-1,-1,747.025,-1,22.265,-1,1,0,1,0,2,0,0,0,0,2,2,2,2,0,2,1,2
61,1385.784,-5204.178,57.365,90.105,-0.001829,-0.992163,-0.124937,0.996827,-0.011750,0.078721,-0.079572,-0.124397,0.989037,0,0.78074,-0.22969,23.081,-1.236,18.023,501.341,753.082,644.440,-1,460.492,492.469,566.657,765.398,-1,-1,-1,-1,765.272,-1,22.327,-1,1,0,1,0,2,0,0,0,0,2,2,2,2,0,2,1,2
62,1392.743,-5177.119,59.337,88.435,0.027246,-0.991021,-0.130903,0.996939,0.017339,0.076233,-0.073279,-0.132580,0.988460,0,0.78596,-0.21642,27.940,-1.671,17.567,513.205,769.169,674.469,-1,473.761,508.360,539.685,819.604,-1,-1,-1,-1,796.254,-1,22.231,-1,1,0,1,0,2,0,0,0,0,2,2,2,2,0,2,1,2
63,1397.826,-5158.853,60.347,87.304,0.046940,-0.989870,-0.133990,0.996665,0.037449,0.072496,-0.066744,-0.136946,0.988327,0,0.77947,-0.19835,18.960,-1.131,17.467,525.592,782.022,699.946,-1,486.771,522.423,525.528,848.596,-1,-1,-1,-1,832.924,-1,22.215,-1,1,0,1,0,2,0,0,0,0,2,2,2,2,0,2,1,2
64,1404.635,-5135.719,61.077,85.907,0.071251,-0.987936,-0.137497,0.995820,0.062557,0.066552,-0.057148,-0.141664,0.988264,0,0.77463,-0.18602,24.115,-1.396,17.456,543.524,799.628,737.424,-1,504.797,541.743,508.703,878.006,-1,-1,-1,-1,895.672,-1,22.214,-1,1,0,1,0,2,0,0,0,0,2,2,2,2,0,2,1,2
65,1412.106,-5112.442,61.316,84.537,0.095094,-0.985383,-0.141339,0.994305,0.087158,0.061326,-0.048111,-0.146366,0.988060,0,0.76860,-0.17069,24.447,-1.371,17.228,562.293,819.076,779.952,-1,521.218,560.258,490.714,908.210,-1,-1,-1,-1,966.176,-1,22.188,-1,1,0,1,0,2,0,0,0,0,2,2,2,2,0,2,1,2
66,1420.123,-5089.107,61.095,83.182,0.118626,-0.982454,-0.143916,0.992108,0.111349,0.057639,-0.040603,-0.149618,0.987910,0,0.76261,-0.15546,24.674,-1.355,10.518,578.005,-1,814.784,-1,535.452,575.347,476.230,926.394,-1,-1,-1,-1,-1,-1,8.044,-1,1,0,2,0,2,0,0,0,0,2,2,2,2,2,2,1,2
67,1430.303,-5060.929,60.089,81.591,0.146159,-0.978563,-0.145092,0.988680,0.139469,0.055313,-0.033891,-0.151534,0.987871,0,0.75663,-0.14024,29.961,-1.591,-1,593.889,-1,858.871,-1,546.344,586.874,461.119,931.739,-1,-1,-1,-1,761.081,-1,14.543,-1,2,0,2,0,2,0,0,0,0,2,2,2,2,1,2,1,2
68,1437.502,-5042.085,59.071,80.575,0.163680,-0.975839,-0.144734,0.986011,0.157144,0.055575,-0.031488,-0.151806,0.987909,0,0.74953,-0.12218,20.172,-1.016,16.176,598.396,-1,875.695,-1,548.956,589.242,451.801,928.333,-1,-1,-1,-1,597.405,-1,12.576,-1,1,1,2,0,2,0,0,0,0,2,2,2,2,1,2,1,2
69,1446.862,-5018.414,57.494,79.371,0.184356,-0.972640,-0.141363,0.982379,0.177853,0.057444,-0.030731,-0.149462,0.988290,0,0.91818,0.60833,25.454,-1.203,9.415,603.617,-1,878.521,-1,547.490,587.371,445.491,909.058,-1,-1,-1,-1,553.826,-1,22.289,-1,1,1,2,0,2,0,0,0,0,2,2,2,2,1,2,1,2
70,1456.392,-4994.375,55.534,78.297,0.202740,-0.970024,-0.133977,0.978712,0.196266,0.060022,-0.031928,-0.143294,0.989165,0,0.91137,0.62239,25.859,-1.075,15.809,606.795,-1,865.887,-1,543.678,580.432,444.546,869.781,-1,-1,-1,-1,556.973,-1,22.484,-1,1,1,2,0,2,0,0,0,0,2,2,2,2,1,2,1,2
71,1466.038,-4969.859,53.185,77.355,0.218780,-0.967921,-0.123545,0.975182,0.212477,0.062239,-0.033992,-0.134096,0.990385,0,0.90514,0.63524,26.345,-0.941,15.295,607.425,-1,840.428,-1,537.812,570.305,447.325,819.241,-1,-1,-1,-1,558.224,-1,22.936,-1,1,1,2,0,2,0,0,0,0,2,2,2,2,1,2,1,2
72,1475.794,-4944.908,50.620,76.597,0.231626,-0.966469,-0.110845,0.972073,0.225526,0.064893,-0.037718,-0.122781,0.991717,0,0.89953,0.64682,26.791,-0.758,15.077,604.718,-1,802.694,-1,528.735,556.202,452.514,765.997,-1,-1,-1,-1,556.699,-1,23.235,-1,1,1,2,0,2,0,0,0,0,2,2,2,2,1,2,1,2
73,1485.778,-4919.443,47.823,75.974,0.242151,-0.965263,-0.098132,0.969324,0.236292,0.067650,-0.042112,-0.111504,0.992871,0,0.89477,0.65663,27.352,-0.624,15.446,599.648,-1,764.475,-1,518.204,540.869,458.202,719.162,-1,-1,-1,-1,553.035,-1,22.773,-1,1,1,2,0,2,0,0,0,0,2,2,2,2,1,2,1,2
74,1496.333,-4893.557,45.006,75.331,0.252958,-0.963482,-0.087836,0.966384,0.247315,0.070263,-0.045974,-0.102657,0.993654,0,0.89062,0.66520,27.956,-0.642,15.901,595.505,-1,736.462,-1,508.533,527.501,460.293,683.554,-1,-1,-1,-1,549.948,-1,22.429,-1,1,1,2,0,2,0,0,0,0,2,2,2,2,1,2,1,2
75,1507.500,-4867.354,42.223,74.607,0.265128,-0.960858,-0.080365,0.962980,0.259653,0.072460,-0.048757,-0.096601,0.994128,0,0.88630,0.67412,28.483,-0.725,16.198,593.572,-1,720.066,-1,500.650,517.455,458.507,660.937,-1,-1,-1,-1,548.590,-1,22.298,-1,1,1,2,0,2,0,0,0,0,2,2,2,2,1,2,1,2
76,1519.391,-4840.925,39.645,73.782,0.278934,-0.957328,-0.075622,0.958999,0.273574,0.074015,-0.050168,-0.093167,0.994386,0,0.88149,0.68405,28.981,-0.824,15.931,594.430,-1,715.681,-1,496.093,511.357,454.041,648.603,-1,-1,-1,-1,549.528,-1,22.414,-1,1,1,2,0,2,0,0,0,0,2,2,2,2,1,2,1,2
77,1531.732,-4814.205,37.405,72.937,0.293057,-0.953412,-0.071578,0.954791,0.287927,0.073975,-0.049920,-0.090021,0.994688,0,0.87609,0.69519,29.432,-0.845,15.890,595.997,-1,721.455,-1,498.827,509.554,449.331,639.223,-1,-1,-1,-1,551.202,-1,22.436,-1,1,1,2,0,2,0,0,0,0,2,2,2,2,1,2,1,2
78,1544.488,-4787.179,35.617,72.096,0.307054,-0.949210,-0.068692,0.950450,0.302166,0.073085,-0.048617,-0.087729,0.994957,0,0.87051,0.70670,29.885,-0.841,15.580,597.929,-1,736.375,-1,504.996,514.887,444.398,634.451,-1,-1,-1,-1,553.169,-1,22.650,-1,1,1,2,0,2,0,0,0,0,2,2,2,2,1,2,1,2
79,1557.344,-4759.530,34.248,71.383,0.318923,-0.945437,-0.066614,0.946712,0.314441,0.069732,-0.044981,-0.085303,0.995339,0,0.74178,0.36657,30.492,-0.714,15.410,645.915,-1,763.151,-1,517.955,527.904,442.068,633.460,-1,-1,-1,-1,-1,-1,22.809,-1,1,0,2,0,2,0,0,0,0,2,2,2,2,2,2,1,2
80,1570.357,-4731.465,33.247,70.731,0.329738,-0.941771,-0.065881,0.943212,0.325654,0.065580,-0.040306,-0.083764,0.995670,0,0.73743,0.37703,30.935,-0.652,15.241,673.397,-1,798.922,-1,536.729,546.830,439.611,638.476,-1,-1,-1,-1,-1,-1,23.003,-1,1,0,2,0,2,0,0,0,0,2,2,2,2,2,2,1,2
81,1583.494,-4703.028,32.461,70.122,0.339798,-0.938196,-0.065769,0.939825,0.336077,0.061491,-0.035587,-0.082706,0.995938,0,0.73329,0.38698,31.325,-0.609,15.354,703.424,-1,827.767,-1,559.066,570.231,437.595,646.484,-1,-1,-1,-1,-1,-1,22.869,-1,1,0,2,0,2,0,0,0,0,2,2,2,2,2,2,1,2
82,1596.919,-4674.426,31.749,69.513,0.349818,-0.934437,-0.066752,0.936284,0.346326,0.058567,-0.031609,-0.082987,0.996049,0,0.72929,0.39661,31.596,-0.609,15.088,731.975,-1,851.155,-1,580.439,593.778,434.630,659.208,-1,-1,-1,-1,-1,-1,23.219,-1,1,0,2,0,2,0,0,0,0,2,2,2,2,2,2,1,2
83,1610.349,-4645.614,31.064,68.964,0.358804,-0.930986,-0.067272,0.932974,0.355492,0.056443,-0.028633,-0.083015,0.996137,0,0.72522,0.40640,31.789,-0.549,14.661,757.701,-1,870.695,-1,601.808,615.030,432.748,671.549,-1,-1,-1,-1,-1,-1,24.084,-1,1,0,2,0,2,0,0,0,0,2,2,2,2,2,2,1,2
84,1626.322,-4610.640,30.044,68.467,0.366905,-0.927909,-0.066070,0.929888,0.363827,0.054202,-0.026257,-0.081325,0.996342,0,0.72137,0.41567,38.449,-0.497,14.634,784.864,-1,880.921,-1,624.627,637.862,431.582,680.959,-1,-1,-1,-1,-1,-1,24.155,-1,1,0,2,0,2,0,0,0,0,2,2,2,2,2,2,1,2
85,1637.053,-4587.200,29.257,68.181,0.371559,-0.926138,-0.064902,0.928056,0.368580,0.053487,-0.025615,-0.080107,0.996457,0,0.71738,0.42528,25.779,-0.287,14.593,799.272,-1,880.826,-1,637.442,650.112,430.786,687.057,-1,-1,-1,-1,-1,-1,24.270,-1,1,0,2,0,2,0,0,0,0,2,2,2,2,2,2,1,2
86,1650.592,-4557.797,28.179,67.850,0.376908,-0.924118,-0.062826,0.925898,0.374025,0.053090,-0.025563,-0.078181,0.996611,0,0.71486,0.43133,32.371,-0.331,14.558,808.736,-1,877.570,-1,651.409,662.293,431.845,694.155,-1,-1,-1,-1,-1,-1,24.375,-1,1,0,2,0,2,0,0,0,0,2,2,2,2,2,2,1,2
87,1664.310,-4528.263,27.156,67.533,0.382029,-0.922061,-0.062109,0.923801,0.379174,0.053090,-0.025402,-0.077658,0.996656,0,0.71178,0.43874,32.564,-0.317,14.500,816.930,-1,876.470,13.591,665.647,673.143,431.059,706.633,-1,-1,-1,-1,-1,-1,24.558,32.258,1,0,2,0,1,0,0,0,0,2,2,2,2,2,2,1,1
88,1678.068,-4498.344,26.445,67.255,0.386527,-0.920023,-0.064459,0.922002,0.383757,0.051407,-0.022560,-0.079301,0.996595,0,0.70870,0.44616,32.931,-0.278,14.477,832.896,-1,887.314,13.604,688.382,694.119,428.702,729.268,-1,-1,-1,-1,-1,-1,24.634,31.972,1,0,2,0,1,0,0,0,0,2,2,2,2,2,2,1,1
89,1691.740,-4468.263,25.533,67.023,0.390278,-0.918395,-0.065065,0.920451,0.387563,0.050644,-0.021294,-0.079654,0.996595,0,0.70573,0.45331,33.042,-0.233,14.235,837.393,-1,887.587,-1,705.237,705.443,429.349,746.238,-1,-1,-1,-1,-1,-1,25.623,-1,1,0,2,0,2,0,0,0,0,2,2,2,2,2,2,1,2
90,1705.327,-4438.144,24.128,66.850,0.393030,-0.917397,-0.062528,0.919235,0.390288,0.051782,-0.023101,-0.077830,0.996699,0,0.70290,0.46010,33.042,-0.172,8.139,833.538,-1,874.996,-1,709.361,703.286,432.778,753.843,-1,-1,-1,-1,-1,-1,24.313,-1,1,0,2,0,2,0,0,0,0,2,2,2,2,2,2,1,2
91,1718.861,-4407.973,22.254,66.747,0.394638,-0.917041,-0.057414,0.918423,0.391815,0.054598,-0.027573,-0.074277,0.996856,0,0.70029,0.46638,33.067,-0.103,14.035,822.204,-1,851.847,-1,702.221,693.573,436.848,753.303,-1,-1,-1,-1,-1,-1,25.417,-1,1,0,2,0,2,0,0,0,0,2,2,2,2,2,2,1,2
92,1732.345,-4377.716,19.865,66.704,0.395238,-0.917192,-0.050456,0.917917,0.392272,0.059599,-0.034871,-0.069871,0.996946,0,0.69793,0.47208,33.125,-0.043,-1,802.508,-1,819.354,-1,684.768,675.612,234.497,747.842,-1,-1,-1,-1,-1,-1,12.759,-1,2,0,2,0,2,0,0,1,0,2,2,2,2,2,2,1,2
93,1745.811,-4347.273,16.924,66.695,0.395239,-0.917580,-0.042818,0.917529,0.392131,0.066141,-0.043899,-0.065428,0.996891,0,0.69576,0.47728,33.288,-0.009,13.954,777.344,-1,782.235,-1,662.635,652.834,222.766,740.549,-1,-1,-1,-1,-1,-1,26.352,-1,1,0,2,0,2,0,0,1,0,2,2,2,2,2,2,1,2
94,1759.320,-4316.643,13.575,66.691,0.395111,-0.917960,-0.035159,0.917055,0.391900,0.073656,-0.053835,-0.061346,0.996664,0,0.69369,0.48228,33.478,-0.004,13.961,749.487,-1,744.041,-1,638.510,628.018,210.962,733.576,-1,-1,-1,-1,-1,-1,27.343,-1,1,0,2,0,2,0,0,1,0,2,2,2,2,2,2,1,2
95,1772.917,-4285.674,10.170,66.692,0.394899,-0.918265,-0.029041,0.916590,0.391632,0.080541,-0.062585,-0.058424,0.996328,0,0.69157,0.48737,33.822,0.001,13.960,724.563,-1,713.123,14.039,617.770,607.203,199.002,731.496,-1,-1,-1,-1,983.183,-1,27.355,26.761,1,0,2,0,1,0,0,1,0,2,2,2,2,1,2,1,1
96,1786.266,-4254.703,7.758,66.636,0.395713,-0.917851,-0.030982,0.916005,0.392046,0.085063,-0.065928,-0.062040,0.995894,0,0.68940,0.49259,33.725,-0.056,13.599,710.542,-1,702.946,14.493,610.258,599.868,186.733,755.317,-1,-1,-1,-1,948.723,-1,32.081,24.579,1,0,2,0,1,0,0,1,0,2,2,2,2,1,2,1,1
97,1798.457,-4223.126,6.728,66.798,0.393209,-0.918581,-0.039939,0.917348,0.389005,0.084541,-0.062121,-0.069880,0.995619,0,0.68696,0.49846,33.849,0.163,13.322,712.102,-1,713.641,15.075,620.405,609.518,173.336,800.181,-1,-1,-1,-1,914.610,-1,26.208,23.240,1,0,2,0,1,0,0,1,0,2,2,2,2,1,2,1,1
98,1809.524,-4190.865,6.549,67.204,0.386835,-0.920761,-0.050572,0.920437,0.382195,0.081996,-0.056171,-0.078268,0.995349,0,0.68549,0.50200,34.106,0.406,-1,719.260,-1,732.784,14.649,632.013,627.012,158.749,849.735,-1,-1,-1,-1,880.964,-1,-1,24.115,2,0,2,0,1,0,0,1,0,2,2,2,2,1,2,2,1
99,1820.204,-4158.460,6.263,67.643,0.379829,-0.923333,-0.056451,0.923506,0.374953,0.080916,-0.053546,-0.082867,0.995121,0,0.68509,0.50297,34.120,0.439,-1,721.155,-1,741.318,-1,637.810,634.497,143.657,885.876,-1,-1,-1,-1,847.445,-1,-1,-1,2,0,2,0,2,0,0,1,0,2,2,2,2,1,2,2,2
100,1830.631,-4126.149,5.351,68.113,0.372191,-0.926526,-0.054980,0.926460,0.367279,0.082324,-0.056082,-0.081577,0.995088,0,0.68480,0.50367,33.952,0.470,-1,713.735,-1,733.051,-1,632.802,629.097,128.418,896.274,-1,-1,-1,-1,814.172,-1,-1,-1,2,0,2,0,2,0,0,1,0,2,2,2,2,1,2,2,2
101,1840.951,-4093.873,3.626,68.604,0.364113,-0.930090,-0.048517,0.929281,0.359335,0.085532,-0.062118,-0.076229,0.995153,0,0.68460,0.50413,33.886,0.491,-1,699.283,-1,712.571,-1,619.334,615.240,113.153,891.556,-1,-1,-1,-1,780.932,-1,-1,-1,2,0,2,0,2,0,0,1,0,2,2,2,2,1,2,2,2
102,1851.221,-4061.656,1.013,69.118,0.355549,-0.933872,-0.038304,0.931957,0.351111,0.090431,-0.071002,-0.067850,0.995166,0,0.68445,0.50451,33.814,0.514,-1,678.916,-1,682.802,-1,599.805,594.568,472.556,874.694,-1,-1,-1,-1,747.703,-1,-1,-1,2,0,2,0,2,0,0,0,0,2,2,2,2,1,2,2,2
103,1861.493,-4029.422,-2.604,69.643,0.346708,-0.937607,-0.026204,0.934418,0.342829,0.096602,-0.081591,-0.057978,0.994978,0,0.68433,0.50480,33.832,0.525,-1,654.264,-1,648.117,-1,576.249,569.503,485.369,851.616,-1,-1,-1,-1,714.308,-1,-1,-1,2,0,2,0,2,0,0,0,0,2,2,2,2,1,2,2,2
104,1871.695,-3997.103,-7.262,70.160,0.337918,-0.941070,-0.014095,0.936540,0.334731,0.104157,-0.093301,-0.048397,0.994461,0,0.68418,0.50514,33.891,0.517,-1,625.728,-1,611.115,-1,549.601,541.213,496.105,827.801,-1,-1,-1,-1,680.599,949.727,-1,-1,2,0,2,0,2,0,0,0,0,2,2,2,2,1,0,2,2
105,1881.484,-3964.583,-12.695,70.711,0.328487,-0.944502,-0.003478,0.938569,0.326006,0.113175,-0.105760,-0.040441,0.993569,0,0.68394,0.50574,33.962,0.551,-1,594.079,-1,574.138,15.332,521.053,511.768,502.444,804.905,-1,-1,-1,-1,646.716,870.181,-1,22.895,2,0,2,0,1,0,0,0,0,2,2,2,2,1,0,2,1
106,1892.692,-3925.508,-20.160,71.382,0.316830,-0.948456,0.007033,0.940482,0.315110,0.127279,-0.122935,-0.033712,0.991842,0,0.32049,0.41729,40.651,0.672,-1,550.299,-1,528.212,-1,483.074,473.583,503.149,783.260,-1,-1,-1,-1,605.946,782.552,-1,-1,2,0,2,0,2,0,0,0,0,2,2,2,2,1,0,2,2
107,1899.758,-3899.663,-25.811,71.833,0.308836,-0.951009,0.014232,0.941169,0.307731,0.139654,-0.137192,-0.029736,0.990098,0,0.32042,0.41767,26.793,0.451,942.636,516.214,-1,493.843,-1,453.876,444.484,500.916,761.935,292.507,-1,-1,-1,578.968,720.135,-1,-1,0,0,2,0,2,0,0,0,0,1,2,2,2,1,0,2,2
108,1907.986,-3867.307,-33.070,72.471,0.297583,-0.954470,0.020758,0.942174,0.297121,0.155010,-0.154120,-0.026570,0.987695,0,0.32037,0.41789,33.386,0.638,13.306,475.750,-1,455.165,15.720,419.739,410.957,494.513,736.832,258.218,-1,-1,-1,545.500,652.826,29.993,22.542,1,0,2,0,1,0,0,0,0,1,2,2,2,1,0,1,1
109,1915.062,-3834.447,-39.575,73.243,0.284436,-0.958395,0.023983,0.944662,0.284449,0.163410,-0.163433,-0.023824,0.986267,0,0.32047,0.41741,33.613,0.772,13.315,449.233,-1,430.638,15.750,397.614,389.367,489.163,713.207,222.646,-1,-1,-1,512.017,612.785,40.104,22.522,1,0,2,0,1,0,0,0,0,1,2,2,2,1,0,1,1
110,1921.149,-3801.000,-45.111,74.135,0.269690,-0.962688,0.022356,0.948952,0.269643,0.163656,-0.163578,-0.022922,0.986264,0,0.32084,0.41548,33.997,0.892,13.283,437.087,-1,421.574,15.619,388.337,380.775,483.394,684.935,184.895,-1,-1,-1,478.365,600.704,43.298,22.617,1,0,2,0,1,0,0,0,0,1,2,2,2,1,0,1,1
111,1926.664,-3767.222,-49.767,75.026,0.255182,-0.966766,0.015639,0.954095,0.254395,0.158070,-0.156796,-0.025416,0.987304,0,0.32147,0.41229,34.225,0.891,13.281,434.892,-1,424.688,15.611,387.999,382.222,474.933,670.455,141.023,-1,-1,-1,444.474,610.996,43.333,22.625,1,0,2,0,1,0,0,0,0,1,2,2,2,1,0,1,1
112,1931.388,-3733.343,-53.507,75.905,0.240889,-0.970514,0.008649,0.959397,0.239459,0.149056,-0.146732,-0.027608,0.988791,0,0.32207,0.40916,34.207,0.879,13.380,435.494,-1,434.415,15.905,393.328,389.195,469.070,651.431,88.685,-1,-1,-1,410.745,632.642,43.566,22.427,1,1,2,0,1,0,0,0,0,1,2,2,2,1,0,1,1
113,1935.073,-3699.568,-56.477,76.888,0.224745,-0.974408,0.004321,0.964881,0.223162,0.138580,-0.135998,-0.026976,0.990342,0,0.32267,0.40612,33.975,0.983,13.361,399.805,-1,446.001,15.869,401.582,398.436,468.509,626.492,114.131,-1,-1,-1,377.943,659.757,40.525,22.448,1,1,2,0,1,0,0,0,0,1,2,2,2,1,0,1,1
114,1938.213,-3666.096,-58.901,77.859,0.208618,-0.977995,0.002231,0.969731,0.207150,0.129269,-0.126887,-0.024805,0.991607,0,0.32349,0.40189,33.620,0.971,13.270,364.862,-1,456.592,15.521,408.398,407.119,469.541,598.543,154.515,-1,-1,-1,345.579,684.778,37.918,22.701,1,1,2,0,1,0,0,0,0,1,2,2,2,1,0,1,1
115,1941.308,-3632.939,-61.051,78.722,0.194179,-0.980965,0.001493,0.973677,0.192921,0.121387,-0.119364,-0.022117,0.992604,0,0.32429,0.39777,33.301,0.863,13.423,329.965,-1,464.943,14.800,413.722,413.989,471.488,571.388,194.628,-1,-1,-1,313.024,708.412,37.897,23.750,1,1,2,0,1,0,0,0,0,1,2,2,2,1,0,1,1
116,1945.247,-3600.197,-63.076,79.285,0.184761,-0.982783,-0.000705,0.976410,0.183481,0.113834,-0.111744,-0.021721,0.993500,0,0.32485,0.39490,32.978,0.563,14.244,294.093,-1,474.091,13.778,419.729,421.103,471.100,553.553,236.098,-1,-1,-1,279.445,735.488,25.581,26.734,1,1,2,0,1,0,0,0,0,1,2,2,2,1,0,1,1
117,1951.826,-3561.843,-65.582,79.406,0.182869,-0.983113,-0.006839,0.977745,0.181134,0.105852,-0.102826,-0.026044,0.994358,0,0.32474,0.39550,38.915,0.121,17.154,249.502,-1,485.592,-1,427.263,428.780,464.734,546.425,289.782,-1,-1,-1,733.191,774.323,22.184,-1,1,1,2,0,2,0,0,0,0,1,2,2,2,0,0,1,2
118,1958.479,-3538.766,-66.941,78.880,0.191878,-0.981264,-0.017421,0.976197,0.188998,0.106388,-0.101102,-0.037420,0.994172,0,0.32335,0.40263,24.016,-0.526,19.665,219.806,-1,488.840,15.898,426.150,428.382,448.367,568.618,324.889,-1,-1,-1,728.085,794.424,22.923,17.054,1,1,2,0,1,0,0,0,0,1,2,2,2,0,0,1,1
119,1970.053,-3515.306,-66.665,77.188,0.220547,-0.974480,-0.041808,0.969837,0.214531,0.115728,-0.103805,-0.066071,0.992401,0,0.32111,0.41410,26.160,-1.691,18.356,458.571,-1,492.459,37.560,418.371,424.639,411.978,663.188,354.760,-1,-1,-1,703.485,818.158,22.421,38.954,1,0,2,0,1,0,0,0,0,1,2,2,2,0,0,1,1
120,1981.620,-3492.521,-65.184,75.428,0.250356,-0.966330,-0.059404,0.963029,0.242257,0.117845,-0.099486,-0.086711,0.991254,0,0.31621,0.43928,25.553,-1.761,15.336,464.645,-1,507.300,13.272,424.081,431.469,391.347,765.991,385.332,-1,-1,-1,714.065,878.504,22.890,38.343,1,0,2,0,1,0,0,0,0,1,2,2,2,0,0,1,1
121,1991.508,-3469.044,-63.625,74.223,0.270816,-0.960612,-0.062323,0.958519,0.263116,0.109593,-0.088879,-0.089417,0.992021,0,0.31115,0.46524,25.474,-1.204,45.740,488.459,-1,527.384,-1,441.831,446.146,392.304,789.831,426.451,-1,-1,-1,761.500,972.298,49.610,16.299,1,0,2,0,2,0,0,0,0,1,2,2,2,0,0,1,1
122,1996.523,-3446.707,-62.832,74.375,0.268393,-0.962380,-0.042302,0.959640,0.263283,0.098856,-0.083999,-0.067127,0.994202,0,0.30724,0.48532,22.894,0.152,35.442,510.598,-1,526.975,13.160,454.137,451.683,419.397,683.981,454.704,-1,-1,-1,810.173,974.844,37.410,8.783,1,0,2,0,1,0,0,0,0,1,2,2,2,0,0,1,1
123,2000.080,-3424.793,-63.166,74.926,0.259203,-0.965693,-0.015845,0.962412,0.256876,0.088196,-0.081100,-0.038110,0.995977,0,-0.21684,0.01943,22.200,0.552,-1,530.078,-1,518.163,-1,462.386,452.492,455.362,572.672,-1,-1,-1,-1,857.432,940.065,-1,-1,2,0,2,0,2,0,0,0,0,2,2,2,2,0,0,2,2
124,2003.226,-3403.077,-64.718,75.543,0.248880,-0.968457,0.012228,0.965308,0.249061,0.078422,-0.078994,-0.007714,0.996845,0,-0.21682,0.01960,21.943,0.616,-1,546.723,-1,504.490,-1,467.426,449.850,494.926,485.589,-1,-1,-1,-1,903.512,894.200,-1,-1,2,0,2,0,2,0,0,0,0,2,2,2,2,0,0,2,2
125,2005.754,-3381.729,-66.903,76.269,0.236690,-0.970846,0.037895,0.968650,0.238824,0.068406,-0.075462,0.020516,0.996938,0,-0.21689,0.01908,21.498,0.726,-1,563.968,-1,494.212,15.375,473.191,449.055,533.720,429.194,-1,-1,-1,-1,955.963,862.271,-1,22.846,2,0,2,0,1,0,0,0,0,2,2,2,2,0,0,2,1
126,2009.083,-3360.620,-69.160,76.892,0.226287,-0.972756,0.050390,0.971794,0.228985,0.056412,-0.066414,0.036203,0.997135,0,-0.21714,0.01729,21.370,0.623,-1,586.246,-1,501.574,13.352,485.474,457.816,554.875,399.546,-1,-1,-1,-1,-1,891.967,-1,43.018,2,0,2,0,1,0,0,0,0,2,2,2,2,2,0,2,1
127,2012.784,-3347.939,-70.719,77.997,0.207469,-0.977048,0.048320,0.975785,0.210193,0.060516,-0.069283,0.034595,0.996997,0,-0.21719,0.01694,13.210,1.105,15.624,572.848,-1,497.903,13.285,477.322,452.670,548.259,396.239,-1,-1,-1,-1,993.618,881.161,22.614,50.541,1,0,2,0,1,0,0,0,0,2,2,2,2,0,0,1,1
128,2014.220,-3344.744,-71.575,79.535,0.180981,-0.982563,0.042606,0.979852,0.183864,0.077995,-0.084469,0.027632,0.996043,0,-0.21812,0.01018,3.503,1.539,-1,532.319,-1,476.819,14.308,451.234,432.044,534.066,401.365,-1,-1,-1,-1,883.584,812.115,-1,51.132,2,0,2,0,1,0,0,0,0,2,2,2,2,0,0,2,1
129,4708.771,-2589.973,-171.937,-105.726,-0.270640,0.954264,0.127023,-0.961150,-0.275284,0.020216,0.054259,-0.116617,0.991694,1,-0.22006,-0.00392,0.000,0.000,13.551,544.669,-1,-1,-1,369.386,737.455,507.011,693.753,970.127,640.171,739.267,-1,-1,-1,33.256,-1,1,0,2,2,2,0,0,0,0,0,0,0,2,2,2,1,2
130,4710.488,-2588.142,-167.240,-105.616,-0.268743,0.954533,0.129012,-0.961519,-0.273790,0.022792,0.057078,-0.117922,0.991381,0,-0.05045,0.12650,2.511,0.111,13.786,788.306,-1,-1,-1,379.563,761.480,516.864,726.963,970.811,646.418,745.593,-1,-1,-1,29.087,-1,1,0,2,2,2,0,0,0,0,0,0,0,2,2,2,1,2
131,4712.083,-2586.152,-163.106,-105.537,-0.267385,0.954567,0.131559,-0.961773,-0.272762,0.024369,0.059146,-0.120014,0.991009,0,-0.05041,0.12538,2.550,0.079,13.910,805.470,-1,-1,-1,388.299,781.764,524.029,761.651,969.430,652.796,752.029,-1,-1,-1,27.786,-1,1,0,2,2,2,0,0,0,0,0,0,0,2,2,2,1,2
132,4713.550,-2584.079,-160.016,-105.480,-0.266400,0.954396,0.134759,-0.961915,-0.272133,0.025740,0.061239,-0.122770,0.990544,0,-0.05039,0.12460,2.539,0.057,-1,819.384,-1,-1,-1,395.597,799.195,527.680,794.918,961.316,654.119,754.183,-1,-1,-1,-1,-1,2,0,2,2,2,0,0,0,0,0,0,0,2,2,2,2,2
133,4714.892,-2581.942,-158.172,-105.437,-0.265637,0.954076,0.138479,-0.961993,-0.271746,0.026902,0.063298,-0.126070,0.990000,0,-0.05038,0.12406,2.524,0.043,-1,828.700,-1,-1,-1,401.103,812.883,527.506,825.049,947.371,650.823,751.660,-1,-1,-1,-1,-1,2,0,2,2,2,0,0,0,0,0,0,0,2,2,2,2,2
134,4716.122,-2579.745,-157.591,-105.402,-0.265022,0.953628,0.142678,-0.962031,-0.271518,0.027808,0.065258,-0.129891,0.989378,0,-0.05036,0.12365,2.518,0.035,-1,833.067,-1,-1,-1,404.710,822.475,523.319,852.059,929.607,642.658,744.783,-1,-1,-1,-1,-1,2,0,2,2,2,0,0,0,0,0,0,0,2,2,2,2,2
135,4717.260,-2577.480,-158.234,-105.373,-0.264506,0.953123,0.146948,-0.962063,-0.271354,0.028319,0.066866,-0.133883,0.988739,0,-0.05036,0.12335,2.534,0.029,-1,832.000,-1,-1,-1,406.242,827.013,516.134,873.793,907.976,630.854,734.741,-1,-1,-1,-1,-1,2,0,2,2,2,0,0,0,0,0,0,0,2,2,2,2,2
136,4718.343,-2575.102,-159.850,-105.338,-0.263906,0.952936,0.149217,-0.962194,-0.270894,0.028253,0.067346,-0.136120,0.988401,0,-0.05035,0.12311,2.613,0.035,-1,567.727,-1,-1,-1,405.473,823.892,509.646,877.993,891.394,620.019,725.111,-1,-1,-1,-1,-1,2,0,2,2,2,0,0,0,0,0,0,0,2,2,2,2,2
137,4719.326,-2572.548,-162.117,-105.288,-0.263103,0.953263,0.148548,-0.962501,-0.269904,0.027284,0.066103,-0.135799,0.988529,0,-0.05034,0.12282,2.737,0.049,14.176,522.322,-1,-1,-1,402.378,811.817,505.759,860.218,885.297,613.723,718.871,-1,-1,-1,25.925,-1,1,0,2,2,2,0,0,0,0,0,0,0,2,2,2,1,2
138,4720.187,-2569.734,-164.627,-105.231,-0.262199,0.954027,0.145203,-0.963007,-0.268373,0.024353,0.062202,-0.133446,0.989102,0,-0.05033,0.12241,2.943,0.058,14.267,512.049,-1,-1,-1,396.657,789.356,504.435,826.949,892.483,616.849,723.194,-1,-1,-1,25.469,-1,1,0,2,2,2,0,0,0,0,0,0,0,2,2,2,1,2
139,4720.958,-2566.651,-167.108,-105.173,-0.261323,0.955145,0.139314,-0.963641,-0.266490,0.019488,0.055740,-0.129156,0.990056,0,-0.05031,0.12193,3.178,0.058,14.328,499.428,-1,-1,-1,388.897,758.610,506.160,780.359,914.378,630.669,737.126,-1,-1,-1,25.199,-1,1,0,2,2,2,0,0,0,0,0,0,0,2,2,2,1,2
140,4721.677,-2563.332,-169.400,-105.123,-0.260589,0.956463,0.131420,-0.964280,-0.264550,0.013329,0.047516,-0.123252,0.991237,0,-0.05030,0.12147,3.396,0.050,14.340,485.990,-1,-1,-1,380.166,721.712,510.905,730.875,952.412,649.340,759.840,-1,-1,-1,25.146,-1,1,0,2,2,2,0,0,0,0,0,0,0,2,2,2,1,2
141,4722.343,-2559.832,-171.427,-105.081,-0.259994,0.957807,0.122511,-0.964835,-0.262769,0.006777,0.038683,-0.116441,0.992444,0,-0.05029,0.12110,3.562,0.041,14.289,402.782,-1,999.758,-1,371.624,684.168,517.882,681.324,-1,672.230,789.545,-1,-1,-1,25.371,-1,1,0,2,0,2,0,0,0,0,2,0,0,2,2,2,1,2
142,4722.743,-2556.795,-173.097,-105.067,-0.259820,0.958831,0.114612,-0.965115,-0.261814,0.002437,0.032344,-0.109980,0.993407,0,0.86620,-0.42285,3.063,0.014,15.169,396.422,-1,941.162,-1,365.563,657.353,525.266,640.627,-1,691.908,812.741,-1,-1,-1,23.099,-1,1,0,2,0,2,0,0,0,0,2,0,0,2,2,2,1,2
143,4722.847,-2555.169,-174.272,-105.039,-0.259350,0.959633,0.108825,-0.965287,-0.261177,0.002643,0.030959,-0.104362,0.994057,0,0.86620,-0.42285,1.630,0.029,16.749,395.688,-1,917.227,-1,363.765,647.835,532.601,610.200,-1,693.812,812.664,-1,-1,-1,22.187,-1,1,0,2,0,2,0,0,0,0,2,0,0,2,2,2,1,2
144,4722.776,-2554.860,-174.835,-105.000,-0.258673,0.960170,0.105648,-0.965408,-0.260688,0.005492,0.032815,-0.100573,0.994388,0,0.86609,-0.42306,0.317,0.039,18.395,398.503,-1,917.740,-1,365.358,650.469,538.269,592.860,-1,684.641,798.885,-1,-1,-1,22.433,-1,1,0,2,0,2,0,0,0,0,2,0,0,2,2,2,1,2
145,4722.441,-2555.457,-174.704,-105.025,-0.259072,0.960026,0.105980,-0.965196,-0.261393,0.008385,0.035752,-0.100120,0.994333,0,0.86591,-0.42343,0.684,-0.025,18.659,401.837,-1,933.671,-1,368.186,659.435,539.343,592.570,-1,673.225,783.574,-1,-1,-1,22.520,-1,1,0,2,0,2,0,0,0,0,2,0,0,2,2,2,1,2
146,4721.802,-2556.818,-173.899,-105.141,-0.260994,0.959106,0.109536,-0.964549,-0.263690,0.010636,0.039085,-0.102877,0.993926,0,0.86603,-0.42319,1.504,-0.116,18.655,404.827,-1,961.636,-1,371.452,672.698,535.861,608.230,-1,663.428,770.376,-1,-1,-1,22.519,-1,1,0,2,0,2,0,0,0,0,2,0,0,2,2,2,1,2
147,4720.864,-2558.901,-172.523,-105.332,-0.264170,0.957561,0.115290,-0.963526,-0.267323,0.012517,0.042805,-0.107778,0.993253,0,0.86659,-0.42206,2.285,-0.191,18.653,407.747,-1,1000.245,-1,375.294,689.881,529.654,636.178,-1,655.521,760.714,-1,-1,-1,22.518,-1,1,0,2,0,2,0,0,0,0,2,0,0,2,2,2,1,2
148,4719.596,-2561.692,-170.728,-105.581,-0.268299,0.955552,0.122212,-0.962178,-0.272030,0.014627,0.047222,-0.113665,0.992396,0,0.86751,-0.42020,3.065,-0.249,18.653,411.192,-1,-1,-1,379.979,711.424,522.583,672.294,997.627,647.272,750.501,-1,-1,-1,22.518,-1,1,0,2,2,2,0,0,0,0,0,0,0,2,2,2,1,2
149,4717.950,-2565.150,-168.677,-105.878,-0.273210,0.953202,0.129466,-0.960521,-0.277664,0.017353,0.052490,-0.119614,0.991432,0,0.86872,-0.41778,3.830,-0.297,18.653,515.249,-1,-1,-1,385.564,737.333,515.931,713.238,963.216,637.952,738.463,-1,-1,-1,22.518,-1,1,0,2,2,2,0,0,0,0,0,0,0,2,2,2,1,2
150,4715.864,-2569.221,-166.529,-106.216,-0.278781,0.950609,0.136469,-0.958570,-0.284099,0.020786,0.058530,-0.125020,0.990426,0,0.87015,-0.41490,4.574,-0.338,18.653,569.088,-1,-1,-1,391.879,765.513,510.324,754.868,935.484,624.849,724.491,-1,-1,-1,22.518,-1,1,0,2,2,2,0,0,0,0,0,0,0,2,2,2,1,2
151,4713.294,-2573.850,-164.428,-106.594,-0.284976,0.947839,0.142796,-0.956324,-0.291257,0.024759,0.065058,-0.129504,0.989442,0,0.87179,-0.41161,5.294,-0.378,18.653,816.436,-1,-1,-1,398.544,794.716,505.984,798.593,915.148,610.622,704.684,-1,-1,-1,22.518,-1,1,0,2,2,2,0,0,0,0,0,0,0,2,2,2,1,2
152,4710.210,-2578.984,-162.493,-107.012,-0.291812,0.944934,0.148139,-0.953788,-0.299084,0.028947,0.071659,-0.132846,0.988543,0,0.87362,-0.40792,5.989,-0.418,18.653,845.794,-1,-1,-1,405.045,823.862,501.384,832.905,899.121,597.101,684.813,-1,-1,-1,22.518,-1,1,0,2,2,2,0,0,0,0,0,0,0,2,2,2,1,2
153,4706.614,-2584.576,-160.817,-107.482,-0.299487,0.941880,0.152213,-0.950917,-0.307685,0.032950,0.077868,-0.134874,0.987798,0,0.87566,-0.40383,6.649,-0.470,8.967,876.326,-1,-1,-1,410.828,851.321,496.597,858.071,888.617,586.625,670.754,-1,-1,-1,22.518,-1,1,0,2,2,2,0,0,0,0,0,0,0,2,2,2,1,2
