timestep,x_cm,y_cm,z_cm,yaw_deg,basis_xx,basis_xy,basis_xz,basis_yx,basis_yy,basis_yz,basis_zx,basis_zy,basis_zz,teleport_flag,throttle_cmd,steering_cmd,cmd_move_cm,cmd_turn_deg,lidar_cm_0,lidar_cm_1,lidar_cm_2,lidar_cm_3,lidar_cm_4,lidar_cm_5,lidar_cm_6,lidar_cm_7,lidar_cm_8,lidar_cm_9,lidar_cm_10,lidar_cm_11,lidar_cm_12,lidar_cm_13,lidar_cm_14,lidar_cm_15,lidar_cm_16,lidar_class_0,lidar_class_1,lidar_class_2,lidar_class_3,lidar_class_4,lidar_class_5,lidar_class_6,lidar_class_7,lidar_class_8,lidar_class_9,lidar_class_10,lidar_class_11,lidar_class_12,lidar_class_13,lidar_class_14,lidar_class_15,lidar_class_16
0,-8198.303,4924.216,130.804,79.748,0.178234,-0.983673,0.024904,0.983936,0.177908,-0.014787,0.010115,0.027139,0.999580,1,0.08000,0.12000,4.800,0.240,-1,375.000,-1,400.000,-1,325.000,325.000,300.000,300.000,-1,-1,-1,-1,750.000,925.000,-1,-1,2,0,2,0,2,0,0,0,0,2,2,2,2,0,0,2,2
1,-8196.674,4933.677,130.897,80.228,0.169993,-0.985123,0.025197,0.985391,0.169660,-0.014831,0.010335,0.027351,0.999572,0,0.16000,0.24000,9.600,0.480,-1,375.000,-1,400.000,-1,325.000,325.000,300.000,300.000,-1,-1,-1,-1,750.000,925.000,-1,-1,2,0,2,0,2,0,0,0,0,2,2,2,2,0,0,2,2
2,-8194.409,4947.897,131.041,80.948,0.157609,-0.987169,0.025636,0.987444,0.157266,-0.014898,0.010676,0.027662,0.999560,0,0.24000,0.36000,14.400,0.720,-1,375.000,-1,400.000,-1,325.000,325.000,300.000,300.000,-1,-1,-1,-1,725.000,925.000,-1,-1,2,0,2,0,2,0,0,0,0,2,2,2,2,0,0,2,2
3,-8191.706,4966.906,131.242,81.908,0.141060,-0.989654,0.026216,0.989938,0.140703,-0.014990,0.011147,0.028066,0.999544,0,0.32000,0.48000,19.200,0.960,-1,375.000,-1,400.000,-1,325.000,325.000,300.000,300.000,-1,-1,950.000,-1,725.000,925.000,-1,-1,2,0,2,0,2,0,0,0,0,2,2,0,2,0,0,2,2
4,-8188.827,4990.733,131.506,83.108,0.120319,-0.992370,0.026932,0.992666,0.119945,-0.015110,0.011765,0.028552,0.999523,0,0.40000,0.60000,24.000,1.200,-1,375.000,-1,400.000,-1,325.000,325.000,300.000,300.000,-1,-1,850.000,-1,725.000,925.000,-1,-1,2,0,2,0,2,0,0,0,0,2,2,0,2,0,0,2,2
5,-8186.091,5019.402,131.845,84.548,0.095364,-0.995055,0.027778,0.995363,0.094967,-0.015264,0.012551,0.029105,0.999498,0,0.48000,0.72000,28.800,1.440,-1,375.000,-1,400.000,-1,325.000,325.000,300.000,300.000,-1,-1,800.000,-1,725.000,925.000,-1,-1,2,0,2,0,2,0,0,0,0,2,2,0,2,0,0,2,2
6,-8183.881,5052.929,132.271,86.228,0.066177,-0.997394,0.028743,0.997716,0.065753,-0.015462,0.013532,0.029701,0.999467,0,0.56000,0.84000,33.600,1.680,-1,375.000,-1,400.000,-1,325.000,325.000,300.000,300.000,-1,-1,750.000,-1,725.000,900.000,-1,-1,2,0,2,0,2,0,0,0,0,2,2,0,2,0,0,2,2
7,-8182.475,5091.303,132.789,87.901,0.037058,-0.998868,0.029820,0.999206,0.036602,-0.015724,0.014615,0.030379,0.999432,0,0.64000,0.83659,38.400,1.673,-1,375.000,-1,425.000,-1,325.000,325.000,300.000,300.000,-1,-1,750.000,-1,725.000,900.000,-1,-1,2,0,2,0,2,0,0,0,0,2,2,0,2,0,0,2,2
8,-8182.155,5134.502,133.412,89.575,0.007916,-0.999488,0.031001,0.999843,0.007420,-0.016064,0.015826,0.031123,0.999390,0,0.72000,0.83659,43.200,1.673,-1,375.000,-1,425.000,-1,325.000,325.000,300.000,300.000,-1,950.000,750.000,-1,725.000,925.000,-1,-1,2,0,2,0,2,0,0,0,0,2,0,0,2,0,0,2,2
9,-8183.196,5182.282,134.150,91.248,-0.021225,-0.999254,0.032276,0.999627,-0.021766,-0.016499,0.017189,0.031914,0.999343,0,0.79653,0.83659,47.792,1.673,-1,375.000,-1,425.000,-1,325.000,325.000,300.000,300.000,-1,900.000,775.000,-1,725.000,925.000,-1,-1,2,0,2,0,2,0,0,0,0,2,0,0,2,0,0,2,2
10,-8185.632,5230.012,134.948,92.921,-0.050342,-0.998169,0.033517,0.998558,-0.050932,-0.016992,0.018668,0.032613,0.999294,0,0.79653,0.83659,47.792,1.673,-1,375.000,-1,425.000,-1,325.000,325.000,300.000,325.000,-1,850.000,775.000,-1,725.000,950.000,-1,-1,2,0,2,0,2,0,0,0,0,2,0,0,2,0,0,2,2
11,-8189.461,5277.649,135.734,94.594,-0.079418,-0.996218,0.035236,0.996647,-0.080052,-0.016948,0.019704,0.033772,0.999235,0,0.79653,0.83659,47.792,1.673,-1,375.000,-1,400.000,-1,325.000,325.000,300.000,325.000,-1,875.000,775.000,-1,725.000,950.000,-1,-1,2,0,2,0,2,0,0,0,0,2,0,0,2,0,0,2,2
12,-8194.678,5325.155,136.547,96.267,-0.108440,-0.993420,0.036836,0.993894,-0.109102,-0.016453,0.020364,0.034827,0.999186,0,0.79653,0.83659,47.792,1.673,-1,375.000,-1,400.000,-1,325.000,325.000,300.000,325.000,-1,900.000,825.000,-1,750.000,950.000,-1,-1,2,0,2,0,2,0,0,0,0,2,0,0,2,0,0,2,2
13,-8201.281,5372.488,137.434,97.941,-0.137364,-0.989778,0.038341,0.990294,-0.138057,-0.016039,0.021169,0.035765,0.999136,0,0.79653,0.83659,47.792,1.673,-1,375.000,-1,400.000,-1,325.000,325.000,300.000,325.000,-1,925.000,850.000,-1,750.000,975.000,-1,-1,2,0,2,0,2,0,0,0,0,2,0,0,2,0,0,2,2
14,-8209.263,5419.608,138.403,99.614,-0.166166,-0.985297,0.039744,0.985850,-0.166893,-0.015713,0.022115,0.036571,0.999086,0,0.79653,0.83659,47.792,1.673,-1,375.000,-1,400.000,-1,325.000,325.000,300.000,325.000,-1,950.000,875.000,-1,775.000,975.000,-1,-1,2,0,2,0,2,0,0,0,0,2,0,0,2,0,0,2,2
15,-8218.617,5466.475,139.460,101.287,-0.194822,-0.979980,0.041043,0.980564,-0.195586,-0.015484,0.023201,0.037229,0.999037,0,0.79653,0.83659,47.792,1.673,-1,375.000,-1,400.000,-1,325.000,325.000,300.000,325.000,-1,975.000,850.000,-1,775.000,975.000,-1,-1,2,0,2,0,2,0,0,0,0,2,0,0,2,0,0,2,2
16,-8229.336,5513.049,140.612,102.960,-0.223307,-0.973833,0.042233,0.974442,-0.224113,-0.015359,0.024422,0.037724,0.998990,0,0.79653,0.83659,47.792,1.673,-1,375.000,-1,400.000,-1,325.000,325.000,300.000,325.000,-1,1000.000,850.000,-1,800.000,975.000,-1,-1,2,0,2,0,2,0,0,0,0,2,0,0,2,0,0,2,2
17,-8241.410,5559.290,141.865,104.633,-0.251598,-0.966862,0.043313,0.967489,-0.252448,-0.015347,0.025773,0.038044,0.998944,0,0.79653,0.83659,47.792,1.673,-1,375.000,-1,400.000,-1,325.000,325.000,300.000,325.000,-1,-1,825.000,-1,800.000,975.000,-1,-1,2,0,2,0,2,0,0,0,0,2,2,0,2,0,0,2,2
18,-8254.829,5605.159,143.224,106.306,-0.279671,-0.959074,0.044280,0.959709,-0.280570,-0.015458,0.027249,0.038173,0.998900,0,0.79653,0.83659,47.792,1.673,-1,375.000,-1,400.000,-1,325.000,325.000,300.000,325.000,-1,975.000,800.000,-1,825.000,1000.000,-1,-1,2,0,2,0,2,0,0,0,0,2,0,0,2,0,0,2,2
19,-8269.581,5650.617,144.695,107.980,-0.307504,-0.950476,0.045134,0.951109,-0.308455,-0.015700,0.028844,0.038099,0.998858,0,0.79653,0.83659,47.792,1.673,-1,375.000,-1,425.000,-1,325.000,325.000,300.000,325.000,-1,950.000,775.000,-1,850.000,-1,-1,-1,2,0,2,0,2,0,0,0,0,2,0,0,2,0,2,2,2
20,-8285.654,5695.624,146.284,109.653,-0.335074,-0.941074,0.045875,0.941696,-0.336079,-0.016083,0.030553,0.037811,0.998818,0,0.79653,0.83659,47.792,1.673,-1,375.000,-1,425.000,-1,325.000,325.000,300.000,325.000,-1,925.000,775.000,-1,875.000,-1,-1,-1,2,0,2,0,2,0,0,0,0,2,0,0,2,0,2,2,2
21,-8303.035,5740.143,147.995,111.326,-0.362358,-0.930878,0.046503,0.931477,-0.363421,-0.016616,0.032368,0.037296,0.998780,0,0.79653,0.83659,47.792,1.673,-1,400.000,-1,425.000,-1,325.000,325.000,300.000,325.000,-1,900.000,750.000,-1,875.000,-1,-1,-1,2,0,2,0,2,0,0,0,0,2,0,0,2,0,2,2,2
22,-8321.708,5784.136,149.644,112.999,-0.389331,-0.919872,0.047508,0.920475,-0.390447,-0.016660,0.033874,0.037243,0.998732,0,0.79653,0.83659,47.792,1.673,-1,400.000,-1,450.000,-1,325.000,350.000,300.000,325.000,-1,875.000,750.000,-1,900.000,-1,-1,-1,2,0,2,0,2,0,0,0,0,2,0,0,2,0,2,2,2
23,-8341.658,5827.564,151.244,114.672,-0.415945,-0.908067,0.049029,0.908692,-0.417133,-0.016703,0.035619,0.037605,0.998658,0,0.79653,0.83659,47.792,1.673,-1,400.000,-1,450.000,-1,325.000,350.000,325.000,325.000,-1,850.000,725.000,-1,925.000,-1,-1,-1,2,0,2,0,2,0,0,0,0,2,0,0,2,0,2,2,2
24,-8364.801,5874.790,152.512,116.106,-0.438466,-0.897254,0.051791,0.898050,-0.439668,-0.014097,0.035419,0.040330,0.998558,0,0.87653,0.71659,52.592,1.433,-1,400.000,-1,450.000,-1,325.000,350.000,325.000,325.000,-1,925.000,775.000,-1,950.000,-1,-1,-1,2,0,2,0,2,0,0,0,0,2,0,0,2,0,2,2,2
25,-8391.124,5925.788,153.929,117.299,-0.457008,-0.887778,0.054715,0.888788,-0.458191,-0.010773,0.034634,0.043707,0.998444,0,0.95653,0.59659,57.392,1.193,-1,425.000,-1,450.000,-1,325.000,350.000,325.000,325.000,-1,-1,875.000,-1,950.000,-1,-1,-1,2,0,2,0,2,0,0,0,0,2,2,0,2,0,2,2,2
26,-8418.771,5977.234,155.495,118.252,-0.471683,-0.879894,0.057459,0.881128,-0.472822,-0.007311,0.033601,0.047180,0.998321,0,0.97340,0.47659,58.404,0.953,-1,425.000,-1,450.000,-1,350.000,350.000,325.000,325.000,-1,-1,975.000,-1,975.000,-1,-1,-1,2,0,2,0,2,0,0,0,0,2,2,0,2,0,2,2,2
27,-8447.057,6028.331,157.076,118.965,-0.482578,-0.873807,0.059831,0.875244,-0.483663,-0.004258,0.032659,0.050311,0.998199,0,0.97340,0.35659,58.404,0.713,-1,425.000,-1,450.000,-1,350.000,350.000,325.000,300.000,-1,-1,-1,-1,975.000,-1,-1,-1,2,0,2,0,2,0,0,0,0,2,2,2,2,0,2,2,2
28,-8475.763,6079.193,158.675,119.438,-0.489791,-0.869654,0.061703,0.871277,-0.490790,-0.001188,0.031316,0.053178,0.998094,0,0.97340,0.23659,58.404,0.473,-1,425.000,-1,450.000,-1,350.000,350.000,325.000,300.000,-1,-1,-1,-1,-1,-1,-1,-1,2,0,2,0,2,0,0,0,0,2,2,2,2,2,2,2,2
29,-8504.674,6129.940,159.511,119.671,-0.493612,-0.867673,0.059081,0.869265,-0.494339,0.002621,0.026932,0.052651,0.998250,0,0.97340,0.11659,58.404,0.233,-1,425.000,-1,450.000,-1,350.000,350.000,325.000,325.000,-1,-1,-1,-1,1000.000,-1,-1,-1,2,0,2,0,2,0,0,0,0,2,2,2,2,0,2,2,2
30,-8533.578,6180.690,160.357,119.665,-0.493804,-0.867763,0.056080,0.869293,-0.494253,0.006530,0.022051,0.051975,0.998405,0,0.97340,-0.00341,58.404,-0.007,-1,425.000,-1,425.000,-1,350.000,350.000,325.000,325.000,-1,-1,-1,-1,975.000,-1,-1,-1,2,0,2,0,2,0,0,0,0,2,2,2,2,0,2,2,2
31,-8562.264,6231.564,161.233,119.418,-0.490356,-0.869915,0.052916,0.871361,-0.490528,0.010574,0.016759,0.051294,0.998543,0,0.97340,-0.12341,58.404,-0.247,-1,425.000,-1,450.000,-1,325.000,350.000,300.000,325.000,-1,-1,-1,-1,950.000,-1,-1,-1,2,0,2,0,2,0,0,0,0,2,2,2,2,0,2,2,2
32,-8590.516,6282.680,161.980,118.931,-0.483210,-0.874057,0.050327,0.875429,-0.483122,0.014697,0.011468,0.051160,0.998625,0,0.97340,-0.24341,58.404,-0.487,-1,400.000,-1,450.000,-1,325.000,325.000,300.000,325.000,-1,-1,-1,-1,950.000,-1,-1,-1,2,0,2,0,2,0,0,0,0,2,2,2,2,0,2,2,2
33,-8618.232,6334.089,162.685,118.330,-0.474274,-0.879068,0.047986,0.880356,-0.473933,0.018985,0.006053,0.051249,0.998668,0,0.97340,-0.30026,58.404,-0.601,-1,400.000,-1,450.000,-1,325.000,325.000,300.000,325.000,-1,-1,-1,-1,925.000,-1,-1,-1,2,0,2,0,2,0,0,0,0,2,2,2,2,0,2,2,2
34,-8642.975,6381.641,163.313,117.490,-0.461563,-0.885918,0.045933,0.887107,-0.460982,0.023154,0.000662,0.051434,0.998676,0,0.89340,-0.42026,53.604,-0.841,-1,400.000,-1,450.000,-1,325.000,325.000,300.000,325.000,-1,-1,-1,-1,925.000,-1,-1,-1,2,0,2,0,2,0,0,0,0,2,2,2,2,0,2,2,2
35,-8664.683,6425.352,163.613,116.409,-0.444967,-0.894399,0.045329,0.895538,-0.444167,0.026963,-0.003982,0.052591,0.998608,0,0.81340,-0.54026,48.804,-1.081,-1,400.000,-1,450.000,-1,325.000,350.000,275.000,325.000,-1,-1,-1,-1,925.000,-1,-1,-1,2,0,2,0,2,0,0,0,0,2,2,2,2,0,2,2,2
36,-8683.499,6465.540,163.588,115.089,-0.424403,-0.904295,0.046182,0.905439,-0.423389,0.030359,-0.007901,0.054699,0.998472,0,0.73957,-0.66026,44.374,-1.321,-1,425.000,-1,450.000,-1,325.000,350.000,300.000,325.000,-1,-1,-1,-1,925.000,-1,-1,-1,2,0,2,0,2,0,0,0,0,2,2,2,2,0,2,2,2
37,-8701.215,6506.226,163.341,113.528,-0.399844,-0.915342,0.047688,0.916495,-0.398541,0.034674,-0.012733,0.057570,0.998260,0,0.73957,-0.78026,44.374,-1.561,-1,425.000,-1,450.000,-1,350.000,350.000,300.000,325.000,-1,-1,-1,-1,925.000,-1,-1,-1,2,0,2,0,2,0,0,0,0,2,2,2,2,0,2,2,2
38,-8717.645,6547.447,162.757,111.728,-0.371210,-0.927189,0.050243,0.928359,-0.369495,0.040292,-0.018794,0.061600,0.997924,0,0.73957,-0.90026,44.374,-1.801,-1,425.000,-1,450.000,-1,350.000,350.000,300.000,300.000,-1,-1,-1,-1,925.000,-1,-1,-1,2,0,2,0,2,0,0,0,0,2,2,2,2,0,2,2,2
39,-8732.625,6589.218,162.024,109.728,-0.338978,-0.939298,0.053039,0.940467,-0.336832,0.045460,-0.024836,0.065292,0.997557,0,0.73957,-1.00000,44.374,-2.000,-1,425.000,-1,425.000,-1,350.000,350.000,325.000,300.000,-1,-1,-1,-1,925.000,-1,-1,-1,2,0,2,0,2,0,0,0,0,2,2,2,2,0,2,2,2
40,-8746.139,6631.486,160.974,107.728,-0.306314,-0.950305,0.055601,0.951454,-0.303790,0.049469,-0.030120,0.068055,0.997227,0,0.73957,-1.00000,44.374,-2.000,-1,425.000,-1,425.000,-1,350.000,350.000,325.000,300.000,-1,-1,-1,-1,950.000,1000.000,-1,-1,2,0,2,0,2,0,0,0,0,2,2,2,2,0,0,2,2
41,-8758.166,6674.200,158.985,105.728,-0.273144,-0.960374,0.055443,0.961357,-0.270453,0.051464,-0.034430,0.067358,0.997135,0,0.73957,-1.00000,44.374,-2.000,-1,425.000,-1,425.000,-1,350.000,350.000,325.000,300.000,-1,-1,-1,-1,950.000,1000.000,-1,-1,2,0,2,0,2,0,0,0,0,2,2,2,2,0,0,2,2
42,-8768.695,6717.309,156.615,103.728,-0.239650,-0.969352,0.054083,0.970048,-0.236802,0.054142,-0.039675,0.065438,0.997068,0,0.73957,-1.00000,44.374,-2.000,-1,425.000,-1,425.000,-1,350.000,350.000,325.000,300.000,-1,-1,-1,-1,925.000,975.000,-1,-1,2,0,2,0,2,0,0,0,0,2,2,2,2,0,0,2,2
43,-8777.713,6760.759,154.161,101.728,-0.205854,-0.977148,0.052971,0.977553,-0.202853,0.056932,-0.044886,0.063502,0.996972,0,0.73957,-1.00000,44.374,-2.000,-1,425.000,-1,425.000,-1,325.000,325.000,300.000,300.000,-1,-1,-1,-1,900.000,975.000,-1,-1,2,0,2,0,2,0,0,0,0,2,2,2,2,0,0,2,2
44,-8785.209,6804.497,151.623,99.728,-0.171798,-0.983753,0.052112,0.983860,-0.168648,0.059819,-0.050058,0.061548,0.996848,0,0.73957,-1.00000,44.374,-2.000,-1,425.000,-1,425.000,-1,325.000,325.000,300.000,300.000,-1,-1,-1,-1,900.000,950.000,-1,-1,2,0,2,0,2,0,0,0,0,2,2,2,2,0,0,2,2
45,-8791.174,6848.470,149.005,97.728,-0.137526,-0.989158,0.051511,0.988959,-0.134229,0.062784,-0.055189,0.059577,0.996697,0,0.73957,-1.00000,44.374,-2.000,-1,425.000,-1,425.000,-1,325.000,325.000,300.000,300.000,-1,-1,-1,-1,875.000,950.000,-1,-1,2,0,2,0,2,0,0,0,0,2,2,2,2,0,0,2,2
46,-8795.600,6892.624,146.309,95.728,-0.103081,-0.993356,0.051171,0.992845,-0.099638,0.065811,-0.060275,0.057588,0.996519,0,0.73957,-1.00000,44.374,-2.000,-1,400.000,-1,425.000,-1,325.000,325.000,300.000,300.000,-1,-1,-1,-1,875.000,950.000,-1,-1,2,0,2,0,2,0,0,0,0,2,2,2,2,0,0,2,2
47,-8798.484,6936.906,143.536,93.728,-0.068506,-0.996341,0.051094,0.995510,-0.064917,0.068882,-0.065313,0.055583,0.996316,0,0.73957,-1.00000,44.374,-2.000,-1,400.000,-1,425.000,-1,325.000,325.000,300.000,300.000,-1,-1,-1,-1,875.000,925.000,-1,-1,2,0,2,0,2,0,0,0,0,2,2,2,2,0,0,2,2
48,-8799.820,6981.262,140.689,91.728,-0.033846,-0.998111,0.051281,0.996952,-0.030109,0.071980,-0.070300,0.053561,0.996087,0,0.73957,-1.00000,44.374,-2.000,-1,400.000,-1,425.000,-1,325.000,325.000,300.000,300.000,-1,-1,-1,-1,850.000,925.000,-1,-1,2,0,2,0,2,0,0,0,0,2,2,2,2,0,0,2,2
49,-8799.607,7025.637,137.771,89.728,0.000855,-0.998661,0.051733,0.997166,0.004744,0.075087,-0.075232,0.051522,0.995834,0,0.73957,-1.00000,44.374,-2.000,-1,400.000,-1,425.000,-1,325.000,325.000,300.000,300.000,-1,-1,-1,-1,850.000,900.000,-1,-1,2,0,2,0,2,0,0,0,0,2,2,2,2,0,0,2,2
50,-8797.846,7069.978,134.783,87.728,0.035554,-0.997991,0.052448,0.996152,0.039598,0.078187,-0.080106,0.049467,0.995558,0,0.73957,-1.00000,44.374,-2.000,-1,400.000,-1,425.000,-1,325.000,325.000,300.000,300.000,-1,-1,-1,-1,825.000,900.000,-1,-1,2,0,2,0,2,0,0,0,0,2,2,2,2,0,0,2,2
51,-8794.888,7111.917,131.896,85.968,0.066039,-0.996391,0.053327,0.994228,0.070236,0.081106,-0.084559,0.047663,0.995278,0,0.70070,-0.88000,42.042,-1.760,-1,400.000,-1,425.000,-1,325.000,325.000,300.000,300.000,-1,-1,-1,-1,825.000,875.000,-1,-1,2,0,2,0,2,0,0,0,0,2,2,2,2,0,0,2,2
52,-8790.819,7153.763,128.962,84.448,0.092288,-0.994248,0.054342,0.991767,0.096649,0.084008,-0.088777,0.046142,0.994982,0,0.70070,-0.76000,42.042,-1.520,-1,400.000,-1,400.000,-1,325.000,325.000,325.000,300.000,-1,-1,-1,-1,825.000,875.000,-1,-1,2,0,2,0,2,0,0,0,0,2,2,2,2,0,0,2,2
53,-8785.816,7195.507,125.727,83.168,0.114440,-0.991943,0.054338,0.989153,0.118847,0.086329,-0.092091,0.043869,0.994784,0,0.70070,-0.64000,42.042,-1.280,-1,400.000,-1,400.000,-1,325.000,325.000,325.000,300.000,-1,-1,-1,-1,825.000,875.000,-1,-1,2,0,2,0,2,0,0,0,0,2,2,2,2,0,0,2,2
54,-8780.056,7237.153,122.090,82.128,0.132551,-0.989767,0.052830,0.986638,0.136851,0.088413,-0.094738,0.040405,0.994682,0,0.70070,-0.52000,42.042,-1.040,-1,400.000,-1,425.000,-1,325.000,325.000,300.000,300.000,-1,-1,-1,-1,800.000,875.000,-1,-1,2,0,2,0,2,0,0,0,0,2,2,2,2,0,0,2,2
55,-8773.717,7278.715,117.874,81.328,0.146339,-0.987800,0.053251,0.984561,0.150663,0.089112,-0.096048,0.039388,0.994597,0,0.70070,-0.40000,42.042,-0.800,-1,400.000,-1,425.000,-1,325.000,325.000,300.000,300.000,-1,-1,-1,-1,800.000,875.000,-1,-1,2,0,2,0,2,0,0,0,0,2,2,2,2,0,0,2,2
56,-8766.971,7320.213,113.556,80.768,0.155910,-0.986291,0.054049,0.982959,0.160313,0.089951,-0.097383,0.039104,0.994478,0,0.70070,-0.28000,42.042,-0.560,-1,400.000,-1,425.000,-1,325.000,325.000,300.000,300.000,-1,-1,-1,-1,800.000,875.000,-1,-1,2,0,2,0,2,0,0,0,0,2,2,2,2,0,0,2,2
57,-8759.994,7361.673,109.220,80.448,0.161317,-0.985375,0.054893,0.981968,0.165817,0.090797,-0.098571,0.039256,0.994355,0,0.70070,-0.16000,42.042,-0.320,-1,400.000,-1,400.000,-1,325.000,325.000,300.000,300.000,-1,-1,-1,-1,800.000,850.000,-1,-1,2,0,2,0,2,0,0,0,0,2,2,2,2,0,0,2,2
58,-8752.960,7403.122,104.873,80.368,0.162573,-0.985119,0.055765,0.981655,0.167189,0.091653,-0.099613,0.039842,0.994228,0,0.70070,-0.04000,42.042,-0.080,-1,400.000,-1,400.000,-1,325.000,325.000,300.000,300.000,-1,-1,-1,-1,800.000,850.000,-1,-1,2,0,2,0,2,0,0,0,0,2,2,2,2,0,0,2,2
59,-8746.041,7444.592,100.521,80.528,0.159680,-0.985542,0.056650,0.982039,0.164431,0.092526,-0.100503,0.040858,0.994097,0,0.70070,0.08000,42.042,0.160,-1,400.000,-1,400.000,-1,325.000,325.000,300.000,300.000,-1,-1,-1,-1,800.000,850.000,-1,-1,2,0,2,0,2,0,0,0,0,2,2,2,2,0,0,2,2
60,-8739.412,7486.108,96.172,80.928,0.152635,-0.986607,0.057529,0.983084,0.157537,0.093420,-0.101232,0.042297,0.993963,0,0.70070,0.20000,42.042,0.400,-1,400.000,-1,400.000,-1,325.000,325.000,300.000,300.000,-1,-1,-1,-1,800.000,850.000,-1,-1,2,0,2,0,2,0,0,0,0,2,2,2,2,0,0,2,2
61,-8733.248,7527.696,91.836,81.568,0.141426,-0.988226,0.058385,0.984702,0.146495,0.094341,-0.101783,0.044150,0.993826,0,0.70070,0.32000,42.042,0.640,-1,400.000,-1,400.000,-1,325.000,325.000,300.000,300.000,-1,-1,-1,-1,800.000,850.000,-1,-1,2,0,2,0,2,0,0,0,0,2,2,2,2,0,0,2,2
62,-8727.723,7569.374,87.520,82.448,0.126037,-0.990258,0.059198,0.986754,0.131287,0.095291,-0.102134,0.046404,0.993688,0,0.70070,0.44000,42.042,0.880,-1,400.000,-1,400.000,-1,325.000,325.000,300.000,300.000,-1,-1,-1,-1,800.000,825.000,-1,-1,2,0,2,0,2,0,0,0,0,2,2,2,2,0,0,2,2
63,-8723.014,7611.151,83.238,83.568,0.106448,-0.992509,0.059949,0.989046,0.111892,0.096271,-0.102258,0.049044,0.993548,0,0.70070,0.56000,42.042,1.120,-1,400.000,-1,400.000,-1,325.000,325.000,300.000,300.000,-1,-1,-1,-1,800.000,825.000,-1,-1,2,0,2,0,2,0,0,0,0,2,2,2,2,0,0,2,2
64,-8719.299,7653.029,79.002,84.928,0.082645,-0.994734,0.060616,0.991333,0.088290,0.097281,-0.102121,0.052051,0.993409,0,0.70070,0.68000,42.042,1.360,-1,400.000,-1,400.000,-1,325.000,325.000,300.000,300.000,-1,-1,-1,-1,800.000,825.000,-1,-1,2,0,2,0,2,0,0,0,0,2,2,2,2,0,0,2,2
65,-8716.752,7695.037,74.822,86.528,0.054617,-0.996632,0.061177,0.993316,0.060471,0.098317,-0.101685,0.055398,0.993273,0,0.70142,0.80000,42.085,1.600,-1,400.000,-1,400.000,-1,325.000,325.000,325.000,300.000,-1,-1,-1,-1,800.000,825.000,-1,-1,2,0,2,0,2,0,0,0,0,2,2,2,2,0,0,2,2
66,-8715.549,7737.321,70.698,88.368,0.022369,-0.997849,0.061612,0.994644,0.028433,0.099372,-0.100910,0.059059,0.993141,0,0.70503,0.92000,42.302,1.840,-1,400.000,-1,400.000,-1,325.000,325.000,325.000,300.000,-1,-1,-1,-1,800.000,800.000,-1,-1,2,0,2,0,2,0,0,0,0,2,2,2,2,0,0,2,2
67,-8715.817,7779.857,66.644,90.357,-0.012486,-0.998004,0.061908,0.994925,-0.006218,0.100426,-0.099841,0.062848,0.993017,0,0.70895,0.99457,42.537,1.989,-1,400.000,-1,400.000,-1,325.000,325.000,325.000,300.000,-1,-1,-1,-1,800.000,800.000,-1,-1,2,0,2,0,2,0,0,0,0,2,2,2,2,0,0,2,2
68,-8717.565,7822.571,62.668,92.340,-0.047189,-0.996955,0.062075,0.994006,-0.040732,0.101452,-0.098615,0.066490,0.992902,0,0.71251,0.99132,42.751,1.983,-1,400.000,-1,400.000,-1,325.000,325.000,325.000,300.000,-1,-1,-1,-1,800.000,800.000,-1,-1,2,0,2,0,2,0,0,0,0,2,2,2,2,0,0,2,2
69,-8720.799,7865.391,58.680,94.315,-0.081704,-0.994695,0.062492,0.991925,-0.075054,0.102234,-0.097002,0.070341,0.992795,0,0.71570,0.98770,42.942,1.975,-1,400.000,-1,400.000,-1,325.000,325.000,325.000,300.000,-1,-1,-1,-1,800.000,800.000,-1,-1,2,0,2,0,2,0,0,0,0,2,2,2,2,0,0,2,2
70,-8725.520,7908.239,54.548,96.283,-0.115978,-0.991235,0.063265,0.988708,-0.109127,0.102699,-0.094895,0.074462,0.992699,0,0.71848,0.98375,43.109,1.967,-1,400.000,-1,400.000,-1,325.000,325.000,325.000,300.000,-1,-1,-1,-1,800.000,800.000,-1,-1,2,0,2,0,2,0,0,0,0,2,2,2,2,0,0,2,2
71,-8731.722,7951.040,50.341,98.241,-0.149895,-0.986674,0.063301,0.984329,-0.142910,0.103313,-0.092890,0.077795,0.992633,0,0.72081,0.97946,43.249,1.959,-1,400.000,-1,400.000,-1,325.000,325.000,325.000,300.000,-1,-1,-1,-1,800.000,775.000,-1,-1,2,0,2,0,2,0,0,0,0,2,2,2,2,0,0,2,2
72,-8739.397,7993.714,46.233,100.191,-0.183459,-0.980989,0.063272,0.978827,-0.176352,0.103910,-0.090777,0.080995,0.992572,0,0.72267,0.97488,43.360,1.950,-1,400.000,-1,400.000,-1,325.000,325.000,325.000,300.000,-1,-1,-1,-1,800.000,775.000,-1,-1,2,0,2,0,2,0,0,0,0,2,2,2,2,0,0,2,2
73,-8748.529,8036.185,42.231,102.131,-0.216625,-0.974208,0.063178,0.972229,-0.209409,0.104492,-0.088567,0.084060,0.992517,0,0.72404,0.97004,43.442,1.940,-1,400.000,-1,400.000,-1,325.000,325.000,325.000,300.000,-1,-1,-1,-1,800.000,775.000,-1,-1,2,0,2,0,2,0,0,0,0,2,2,2,2,0,0,2,2
74,-8758.493,8076.640,38.490,103.831,-0.245472,-0.967353,0.063022,0.965528,-0.238166,0.105033,-0.086594,0.086632,0.992470,0,0.69442,0.85004,41.665,1.700,-1,400.000,-1,400.000,-1,325.000,325.000,325.000,300.000,-1,-1,-1,-1,800.000,775.000,-1,-1,2,0,2,0,2,0,0,0,0,2,2,2,2,0,0,2,2
75,-8769.490,8116.854,34.830,105.291,-0.270066,-0.960792,0.062797,0.959089,-0.262689,0.105558,-0.084923,0.088735,0.992428,0,0.69487,0.73004,41.692,1.460,-1,400.000,-1,400.000,-1,325.000,325.000,325.000,300.000,-1,-1,-1,-1,775.000,750.000,-1,-1,2,0,2,0,2,0,0,0,0,2,2,2,2,0,0,2,2
76,-8781.344,8156.834,31.242,106.512,-0.290480,-0.954837,0.062511,0.953223,-0.283044,0.106074,-0.083590,0.090399,0.992391,0,0.69502,0.61004,41.701,1.220,-1,400.000,-1,400.000,-1,325.000,325.000,300.000,300.000,-1,-1,-1,-1,775.000,750.000,-1,-1,2,0,2,0,2,0,0,0,0,2,2,2,2,0,0,2,2
77,-8793.878,8196.603,27.713,107.492,-0.306782,-0.949747,0.062171,0.948187,-0.299301,0.106586,-0.082622,0.091648,0.992358,0,0.69496,0.49004,41.697,0.980,-1,400.000,-1,400.000,-1,325.000,325.000,300.000,300.000,-1,-1,-1,-1,775.000,750.000,-1,-1,2,0,2,0,2,0,0,0,0,2,2,2,2,0,0,2,2
78,-8806.920,8236.193,24.231,108.232,-0.319035,-0.945727,0.061784,0.944185,-0.311518,0.107103,-0.082043,0.092505,0.992326,0,0.69473,0.37004,41.684,0.740,-1,400.000,-1,400.000,-1,325.000,325.000,300.000,300.000,-1,-1,-1,-1,775.000,750.000,-1,-1,2,0,2,0,2,0,0,0,0,2,2,2,2,0,0,2,2
79,-8820.300,8275.649,20.782,108.732,-0.327291,-0.942929,0.061360,0.941370,-0.319746,0.107631,-0.081869,0.092989,0.992296,0,0.69439,0.25004,41.663,0.500,-1,400.000,-1,400.000,-1,325.000,325.000,300.000,300.000,-1,-1,-1,-1,750.000,725.000,-1,-1,2,0,2,0,2,0,0,0,0,2,2,2,2,0,0,2,2
80,-8833.851,8315.021,17.351,108.992,-0.331585,-0.941457,0.060908,0.939845,-0.324019,0.108179,-0.082110,0.093114,0.992264,0,0.69399,0.13004,41.639,0.260,-1,400.000,-1,375.000,-1,325.000,325.000,300.000,300.000,-1,-1,-1,-1,750.000,725.000,-1,-1,2,0,2,0,2,0,0,0,0,2,2,2,2,0,0,2,2
81,-8847.407,8354.367,13.923,109.012,-0.331938,-0.941363,0.060438,0.939662,-0.324356,0.108755,-0.082775,0.092891,0.992230,0,0.69359,0.01004,41.615,0.020,-1,400.000,-1,375.000,-1,325.000,325.000,300.000,300.000,-1,-1,-1,-1,750.000,725.000,-1,-1,2,0,2,0,2,0,0,0,0,2,2,2,2,0,0,2,2
82,-8860.805,8393.745,10.485,108.792,-0.328350,-0.942651,0.059962,0.940826,-0.320757,0.109369,-0.083864,0.092325,0.992191,0,0.69324,-0.10996,41.594,-0.220,-1,400.000,-1,375.000,-1,325.000,325.000,300.000,300.000,-1,-1,-1,-1,725.000,725.000,-1,-1,2,0,2,0,2,0,0,0,0,2,2,2,2,0,0,2,2
83,-8873.882,8433.214,7.008,108.332,-0.320806,-0.945272,0.059540,0.943292,-0.313205,0.110011,-0.085342,0.091456,0.992145,0,0.69297,-0.22996,41.578,-0.460,-1,400.000,-1,375.000,-1,325.000,325.000,300.000,300.000,-1,-1,-1,-1,725.000,725.000,-1,-1,2,0,2,0,2,0,0,0,0,2,2,2,2,0,0,2,2
84,-8886.472,8472.832,3.451,107.632,-0.309276,-0.949120,0.059325,0.946977,-0.301664,0.110604,-0.087080,0.090386,0.992092,0,0.69283,-0.34996,41.570,-0.700,-1,375.000,-1,375.000,-1,325.000,300.000,300.000,300.000,-1,-1,-1,-1,725.000,700.000,-1,-1,2,0,2,0,2,0,0,0,0,2,2,2,2,0,0,2,2
85,-8898.545,8512.613,-0.021,106.884,-0.296840,-0.953115,0.058813,0.950817,-0.289293,0.110709,-0.088504,0.088783,0.992111,0,0.69286,-0.37392,41.572,-0.748,-1,375.000,-1,375.000,-1,325.000,300.000,300.000,300.000,-1,-1,-1,-1,700.000,700.000,-1,-1,2,0,2,0,2,0,0,0,0,2,2,2,2,0,0,2,2
86,-8910.094,8552.549,-3.541,106.132,-0.284272,-0.956967,0.058345,0.954517,-0.276787,0.110843,-0.089924,0.087201,0.992124,0,0.69286,-0.37631,41.572,-0.753,-1,375.000,-1,375.000,-1,300.000,300.000,300.000,325.000,-1,-1,-1,-1,700.000,700.000,-1,-1,2,0,2,0,2,0,0,0,0,2,2,2,2,0,0,2,2
87,-8921.113,8592.631,-7.161,105.375,-0.271552,-0.960689,0.057759,0.958096,-0.264158,0.110780,-0.091168,0.085421,0.992165,0,0.69280,-0.37857,41.568,-0.757,-1,375.000,-1,375.000,-1,300.000,300.000,300.000,325.000,-1,-1,-1,-1,700.000,700.000,-1,-1,2,0,2,0,2,0,0,0,0,2,2,2,2,0,0,2,2
88,-8931.597,8632.847,-10.822,104.613,-0.258666,-0.964257,0.057451,0.961613,-0.251404,0.109980,-0.091605,0.083694,0.992272,0,0.69267,-0.38075,41.560,-0.762,-1,375.000,-1,375.000,-1,300.000,300.000,300.000,325.000,-1,-1,-1,-1,700.000,675.000,-1,-1,2,0,2,0,2,0,0,0,0,2,2,2,2,0,0,2,2
89,-8941.539,8673.189,-14.419,103.847,-0.245680,-0.967633,0.057681,0.965008,-0.238520,0.108936,-0.091652,0.082426,0.992374,0,0.69247,-0.38287,41.548,-0.766,-1,375.000,-1,375.000,-1,300.000,300.000,300.000,325.000,-1,-1,-1,-1,700.000,675.000,-1,-1,2,0,2,0,2,0,0,0,0,2,2,2,2,0,0,2,2
90,-8950.936,8713.645,-18.063,103.077,-0.232580,-0.970851,0.057919,0.968247,-0.225521,0.107876,-0.091670,0.081170,0.992476,0,0.69221,-0.38492,41.532,-0.770,-1,375.000,-1,375.000,-1,300.000,300.000,300.000,325.000,-1,-1,-1,-1,700.000,675.000,-1,-1,2,0,2,0,2,0,0,0,0,2,2,2,2,0,0,2,2
91,-8959.781,8754.204,-21.752,102.304,-0.219370,-0.973906,0.058165,0.971327,-0.212411,0.106799,-0.091658,0.079925,0.992578,0,0.69187,-0.38690,41.512,-0.774,-1,375.000,-1,375.000,-1,300.000,300.000,325.000,325.000,-1,-1,-1,-1,700.000,675.000,-1,-1,2,0,2,0,2,0,0,0,0,2,2,2,2,0,0,2,2
92,-8968.070,8794.857,-25.486,101.526,-0.206053,-0.976796,0.058414,0.974242,-0.199193,0.105707,-0.091619,0.078691,0.992680,0,0.69148,-0.38881,41.489,-0.778,-1,375.000,-1,375.000,-1,300.000,300.000,325.000,325.000,-1,-1,-1,-1,675.000,675.000,-1,-1,2,0,2,0,2,0,0,0,0,2,2,2,2,0,0,2,2
93,-8975.798,8835.591,-29.265,100.745,-0.192635,-0.979515,0.058664,0.976990,-0.185874,0.104600,-0.091553,0.077464,0.992783,0,0.69101,-0.39064,41.461,-0.781,-1,375.000,-1,375.000,-1,325.000,325.000,325.000,325.000,-1,-1,-1,-1,675.000,675.000,-1,-1,2,0,2,0,2,0,0,0,0,2,2,2,2,0,0,2,2
94,-8982.963,8876.396,-33.087,99.960,-0.179119,-0.982062,0.058913,0.979567,-0.172456,0.103479,-0.091463,0.076244,0.992885,0,0.69048,-0.39240,41.429,-0.785,-1,375.000,-1,375.000,-1,325.000,325.000,325.000,325.000,-1,-1,-1,-1,675.000,675.000,-1,-1,2,0,2,0,2,0,0,0,0,2,2,2,2,0,0,2,2
95,-8989.560,8917.260,-36.952,99.172,-0.165510,-0.984432,0.059157,0.981968,-0.158945,0.102345,-0.091349,0.075030,0.992988,0,0.68989,-0.39408,41.393,-0.788,-1,375.000,-1,375.000,-1,325.000,325.000,325.000,325.000,-1,-1,-1,-1,675.000,675.000,-1,-1,2,0,2,0,2,0,0,0,0,2,2,2,2,0,0,2,2
96,-8995.586,8958.174,-40.859,98.380,-0.151813,-0.986623,0.059394,0.984192,-0.145347,0.101199,-0.091213,0.073819,0.993092,0,0.68924,-0.39569,41.354,-0.791,-1,375.000,-1,375.000,-1,325.000,300.000,325.000,325.000,-1,-1,-1,-1,675.000,675.000,-1,-1,2,0,2,0,2,0,0,0,0,2,2,2,2,0,0,2,2
97,-9001.039,8999.124,-44.807,97.586,-0.138033,-0.988631,0.059622,0.986233,-0.131665,0.100043,-0.091055,0.072610,0.993195,0,0.68853,-0.39722,41.312,-0.794,-1,375.000,-1,375.000,-1,300.000,300.000,325.000,325.000,-1,-1,-1,-1,675.000,675.000,-1,-1,2,0,2,0,2,0,0,0,0,2,2,2,2,0,0,2,2
98,-9005.916,9040.100,-48.796,96.789,-0.124175,-0.990454,0.059837,0.988090,-0.117905,0.098877,-0.090878,0.071402,0.993299,0,0.68776,-0.39866,41.265,-0.797,-1,375.000,-1,375.000,-1,300.000,300.000,325.000,300.000,-1,-1,-1,-1,650.000,675.000,-1,-1,2,0,2,0,2,0,0,0,0,2,2,2,2,0,0,2,2
99,-9010.156,9078.939,-52.602,96.231,-0.114459,-0.991611,0.060052,0.989302,-0.108272,0.097767,-0.090445,0.070600,0.993396,0,0.65116,-0.27866,39.069,-0.557,-1,375.000,-1,375.000,-1,300.000,300.000,300.000,300.000,-1,650.000,550.000,-1,650.000,675.000,-1,-1,2,0,2,0,2,0,0,0,0,2,0,0,2,0,0,2,2
100,-9014.174,9117.732,-56.418,95.914,-0.108899,-0.992222,0.060296,0.989997,-0.102781,0.096653,-0.089704,0.070218,0.993490,0,0.65002,-0.15866,39.001,-0.317,-1,375.000,-1,375.000,-1,300.000,300.000,300.000,300.000,-1,550.000,500.000,-1,650.000,675.000,-1,-1,2,0,2,0,2,0,0,0,0,2,0,0,2,0,0,2,2
101,-9018.131,9156.437,-60.199,95.837,-0.107499,-0.992365,0.060463,0.990236,-0.101442,0.095612,-0.088748,0.070151,0.993581,0,0.64845,-0.03866,38.907,-0.077,-1,375.000,-1,375.000,-1,300.000,300.000,300.000,300.000,-1,525.000,500.000,-1,650.000,650.000,-1,-1,2,0,2,0,2,0,0,0,0,2,0,0,2,0,0,2,2
102,-9022.184,9195.011,-63.550,95.999,-0.110103,-0.992153,0.059246,0.990105,-0.104268,0.093912,-0.086997,0.069000,0.993816,0,0.64644,0.08134,38.786,0.163,-1,375.000,-1,375.000,-1,300.000,300.000,300.000,325.000,-1,500.000,475.000,-1,650.000,675.000,-1,-1,2,0,2,0,2,0,0,0,0,2,0,0,2,0,0,2,2
103,-9026.493,9233.408,-66.535,96.402,-0.116945,-0.991389,0.058916,0.989499,-0.111238,0.092296,-0.084947,0.069091,0.993987,0,0.64398,0.20134,38.639,0.403,-1,375.000,-1,375.000,-1,300.000,300.000,300.000,325.000,-1,500.000,475.000,-1,650.000,675.000,-1,-1,2,0,2,0,2,0,0,0,0,2,0,0,2,0,0,2,2
104,-9031.212,9271.583,-69.303,97.045,-0.127972,-0.990001,0.059333,0.988361,-0.122341,0.090413,-0.082250,0.070213,0.994135,0,0.64109,0.32134,38.466,0.643,-1,375.000,-1,375.000,-1,300.000,300.000,300.000,325.000,-1,475.000,450.000,-1,650.000,675.000,-1,-1,2,0,2,0,2,0,0,0,0,2,0,0,2,0,0,2,2
105,-9036.491,9309.483,-72.017,97.927,-0.143119,-0.987899,0.059770,0.986527,-0.137563,0.088547,-0.079253,0.071637,0.994277,0,0.63778,0.44134,38.267,0.883,-1,375.000,-1,375.000,-1,300.000,300.000,300.000,325.000,-1,475.000,450.000,-1,650.000,650.000,-1,-1,2,0,2,0,2,0,0,0,0,2,0,0,2,0,0,2,2
106,-9042.477,9347.052,-74.667,99.050,-0.162357,-0.984891,0.060248,0.983805,-0.156874,0.086707,-0.075945,0.073350,0.994410,0,0.63407,0.56134,38.044,1.123,-1,375.000,-1,375.000,-1,300.000,300.000,300.000,325.000,-1,475.000,450.000,-1,675.000,650.000,-1,-1,2,0,2,0,2,0,0,0,0,2,0,0,2,0,0,2,2
107,-9049.869,9389.252,-77.597,99.933,-0.177402,-0.982253,0.060883,0.981450,-0.172009,0.084668,-0.072693,0.074774,0.994547,0,0.71407,0.44134,42.844,0.883,-1,375.000,-1,375.000,-1,300.000,300.000,300.000,325.000,-1,450.000,450.000,-1,675.000,650.000,-1,-1,2,0,2,0,2,0,0,0,0,2,0,0,2,0,0,2,2
108,-9058.615,9436.086,-80.805,100.575,-0.188285,-0.980177,0.061656,0.979652,-0.183000,0.082421,-0.069504,0.075920,0.994689,0,0.79407,0.32134,47.644,0.643,-1,375.000,-1,375.000,-1,300.000,300.000,300.000,325.000,-1,450.000,450.000,-1,675.000,650.000,-1,-1,2,0,2,0,2,0,0,0,0,2,0,0,2,0,0,2,2
109,-9068.603,9487.569,-84.296,100.978,-0.195032,-0.978800,0.062555,0.978547,-0.189871,0.079967,-0.066394,0.076809,0.994833,0,0.87407,0.20134,52.444,0.403,-1,375.000,-1,375.000,-1,300.000,300.000,300.000,325.000,-1,450.000,450.000,-1,675.000,650.000,-1,-1,2,0,2,0,2,0,0,0,0,2,0,0,2,0,0,2,2
110,-9078.781,9539.250,-87.780,101.141,-0.197672,-0.978211,0.063482,0.978203,-0.192640,0.077514,-0.063596,0.077421,0.994968,0,0.87791,0.08134,52.674,0.163,-1,375.000,-1,375.000,-1,300.000,300.000,325.000,325.000,-1,450.000,450.000,-1,675.000,650.000,-1,-1,2,0,2,0,2,0,0,0,0,2,0,0,2,0,0,2,2
111,-9088.857,9590.775,-91.246,101.063,-0.196215,-0.978444,0.064406,0.978653,-0.191315,0.075077,-0.061137,0.077762,0.995096,0,0.87501,-0.03866,52.501,-0.077,-1,375.000,-1,375.000,-1,300.000,300.000,325.000,300.000,-1,450.000,425.000,-1,675.000,650.000,-1,-1,2,0,2,0,2,0,0,0,0,2,0,0,2,0,0,2,2
112,-9098.620,9642.217,-94.713,100.746,-0.190658,-0.979482,0.065301,0.979881,-0.185892,0.072649,-0.059019,0.077838,0.995218,0,0.87269,-0.15866,52.361,-0.317,-1,375.000,-1,375.000,-1,300.000,300.000,325.000,300.000,-1,425.000,400.000,-1,675.000,650.000,-1,-1,2,0,2,0,2,0,0,0,0,2,0,0,2,0,0,2,2
113,-9107.864,9693.648,-98.201,100.189,-0.180988,-0.981258,0.066144,0.981818,-0.176358,0.070222,-0.057241,0.077651,0.995336,0,0.87091,-0.27866,52.255,-0.557,-1,375.000,-1,375.000,-1,300.000,300.000,300.000,300.000,-1,400.000,375.000,-1,675.000,650.000,-1,-1,2,0,2,0,2,0,0,0,0,2,0,0,2,0,0,2,2
114,-9116.575,9745.095,-101.718,99.610,-0.170939,-0.983004,0.066956,0.983717,-0.166446,0.067796,-0.055499,0.077454,0.995450,0,0.86966,-0.28922,52.179,-0.578,-1,375.000,-1,375.000,-1,300.000,300.000,300.000,300.000,-1,375.000,350.000,-1,675.000,650.000,-1,-1,2,0,2,0,2,0,0,0,0,2,0,0,2,0,0,2,2
115,-9124.761,9796.565,-105.194,99.037,-0.160958,-0.984654,0.067450,0.985485,-0.156604,0.065534,-0.053966,0.077019,0.995568,0,0.86861,-0.28673,52.117,-0.573,-1,375.000,-1,375.000,-1,300.000,300.000,300.000,300.000,-1,350.000,325.000,-1,675.000,650.000,-1,-1,2,0,2,0,2,0,0,0,0,2,0,0,2,0,0,2,2
116,-9132.427,9848.062,-108.016,98.469,-0.150927,-0.986377,0.065426,0.987148,-0.146866,0.063008,-0.052540,0.074095,0.995866,0,0.86774,-0.28407,52.064,-0.568,-1,375.000,-1,375.000,-1,300.000,300.000,300.000,300.000,-1,350.000,350.000,-1,675.000,650.000,-1,-1,2,0,2,0,2,0,0,0,0,2,0,0,2,0,0,2,2
117,-9139.829,9901.385,-110.527,97.905,-0.141020,-0.987913,0.064348,0.988683,-0.137174,0.060743,-0.051182,0.072186,0.996077,0,0.89725,-0.28184,53.835,-0.564,-1,375.000,-1,375.000,-1,300.000,300.000,300.000,300.000,-1,375.000,375.000,-1,675.000,675.000,-1,-1,2,0,2,0,2,0,0,0,0,2,0,0,2,0,0,2,2
118,-9146.694,9954.674,-112.740,97.341,-0.131142,-0.989255,0.064631,0.990124,-0.127440,0.058425,-0.049561,0.071654,0.996197,0,0.89548,-0.28222,53.729,-0.564,-1,375.000,-1,375.000,-1,300.000,300.000,300.000,300.000,-1,400.000,400.000,-1,700.000,675.000,-1,-1,2,0,2,0,2,0,0,0,0,2,0,0,2,0,0,2,2
119,-9153.021,10007.922,-114.987,96.776,-0.121244,-0.990501,0.064868,0.991464,-0.117687,0.056120,-0.047953,0.071118,0.996315,0,0.89370,-0.28240,53.622,-0.565,-1,375.000,-1,375.000,-1,300.000,300.000,300.000,325.000,-1,425.000,425.000,-1,700.000,675.000,-1,-1,2,0,2,0,2,0,0,0,0,2,0,0,2,0,0,2,2
120,-9158.810,10061.123,-117.265,96.211,-0.111336,-0.991651,0.065057,0.992701,-0.107923,0.053828,-0.046357,0.070575,0.996429,0,0.89192,-0.28237,53.515,-0.565,-1,375.000,-1,375.000,-1,300.000,300.000,300.000,325.000,-1,425.000,425.000,-1,700.000,675.000,-1,-1,2,0,2,0,2,0,0,0,0,2,0,0,2,0,0,2,2
121,-9164.065,10114.273,-119.575,95.647,-0.101425,-0.992704,0.065199,0.993835,-0.098155,0.051548,-0.044773,0.070026,0.996540,0,0.89015,-0.28214,53.409,-0.564,-1,375.000,-1,375.000,-1,300.000,300.000,300.000,325.000,-1,450.000,450.000,-1,700.000,675.000,-1,-1,2,0,2,0,2,0,0,0,0,2,0,0,2,0,0,2,2
122,-9168.789,10167.369,-121.917,95.083,-0.091519,-0.993660,0.065296,0.994866,-0.088392,0.049279,-0.043195,0.069471,0.996648,0,0.88842,-0.28171,53.305,-0.563,-1,375.000,-1,375.000,-1,325.000,300.000,300.000,300.000,-1,475.000,475.000,-1,725.000,700.000,-1,-1,2,0,2,0,2,0,0,0,0,2,0,0,2,0,0,2,2
123,-9172.982,10220.407,-124.288,94.521,-0.081626,-0.994518,0.065347,0.995793,-0.078642,0.047020,-0.041623,0.068910,0.996754,0,0.88673,-0.28109,53.204,-0.562,-1,375.000,-1,375.000,-1,325.000,300.000,300.000,300.000,-1,475.000,475.000,-1,725.000,700.000,-1,-1,2,0,2,0,2,0,0,0,0,2,0,0,2,0,0,2,2
124,-9176.650,10273.386,-126.690,93.961,-0.071754,-0.995279,0.065353,0.996618,-0.068911,0.044768,-0.040053,0.068345,0.996857,0,0.88510,-0.28027,53.106,-0.561,-1,375.000,-1,375.000,-1,325.000,325.000,300.000,300.000,-1,475.000,500.000,-1,725.000,700.000,-1,-1,2,0,2,0,2,0,0,0,0,2,0,0,2,0,0,2,2
125,-9179.796,10326.305,-129.121,93.402,-0.061910,-0.995942,0.065316,0.997340,-0.059209,0.042522,-0.038482,0.067775,0.996958,0,0.88354,-0.27925,53.012,-0.559,-1,375.000,975.000,375.000,-1,325.000,325.000,300.000,300.000,-1,475.000,475.000,-1,725.000,700.000,-1,975.000,2,0,1,0,2,0,0,0,0,2,0,0,2,0,0,2,1
126,-9182.424,10379.164,-131.581,92.846,-0.052102,-0.996509,0.065235,0.997959,-0.049541,0.040281,-0.036909,0.067201,0.997057,0,0.88206,-0.27806,52.924,-0.556,-1,375.000,925.000,375.000,-1,325.000,325.000,300.000,300.000,-1,450.000,450.000,-1,750.000,700.000,1000.000,925.000,2,0,1,0,2,0,0,0,0,2,0,0,2,0,0,1,1
127,-9184.538,10431.962,-134.070,92.293,-0.042338,-0.996979,0.065112,0.998479,-0.039917,0.038044,-0.035330,0.066624,0.997152,0,0.88068,-0.27667,52.841,-0.553,-1,400.000,875.000,375.000,-1,325.000,325.000,300.000,300.000,-1,400.000,400.000,-1,750.000,725.000,950.000,875.000,2,0,1,0,2,0,0,0,0,2,0,0,2,0,0,1,1
128,-9186.142,10484.702,-136.541,91.743,-0.032627,-0.997366,0.064776,0.998893,-0.030343,0.035937,-0.033877,0.065877,0.997253,0,0.87941,-0.27510,52.764,-0.550,-1,400.000,825.000,375.000,1000.000,325.000,325.000,300.000,300.000,-1,375.000,375.000,-1,750.000,725.000,875.000,825.000,2,0,1,0,1,0,0,0,0,2,0,0,2,1,1,1,1
129,-9187.580,10542.249,-138.409,91.432,-0.027167,-0.997581,0.063990,0.999066,-0.024944,0.035290,-0.033608,0.064889,0.997326,0,0.95941,-0.15510,57.564,-0.310,-1,400.000,750.000,375.000,925.000,325.000,325.000,300.000,300.000,-1,425.000,425.000,-1,700.000,675.000,825.000,775.000,2,0,1,0,1,0,0,0,0,2,0,0,2,1,1,1,1
130,-9189.006,10602.232,-140.248,91.362,-0.025891,-0.997642,0.063557,0.999118,-0.023722,0.034642,-0.033052,0.064398,0.997377,0,1.00000,-0.03510,60.000,-0.070,1000.000,400.000,700.000,375.000,850.000,325.000,325.000,300.000,300.000,-1,475.000,475.000,-1,650.000,625.000,750.000,700.000,1,0,1,0,1,0,0,0,0,2,0,0,2,1,1,1,1
131,-9190.610,10662.210,-142.079,91.532,-0.028788,-0.997591,0.063115,0.999066,-0.026679,0.033997,-0.032231,0.064035,0.997427,0,1.00000,0.08490,60.000,0.170,875.000,400.000,650.000,375.000,750.000,325.000,325.000,300.000,300.000,-1,500.000,525.000,-1,575.000,575.000,675.000,650.000,1,0,1,0,1,0,0,0,0,2,0,0,2,1,1,1,1
132,-9192.643,10722.176,-143.885,91.942,-0.035857,-0.997390,0.062672,0.998871,-0.033814,0.033357,-0.031151,0.063798,0.997477,0,1.00000,0.20490,60.000,0.410,775.000,400.000,575.000,375.000,675.000,325.000,325.000,300.000,300.000,-1,550.000,575.000,-1,525.000,525.000,625.000,575.000,1,0,1,0,1,0,0,0,0,2,0,0,2,1,1,1,1
133,-9195.356,10782.114,-145.651,92.592,-0.047095,-0.996950,0.062237,0.998445,-0.045123,0.032724,-0.029816,0.063681,0.997525,0,1.00000,0.32490,60.000,0.650,700.000,400.000,525.000,375.000,600.000,325.000,325.000,300.000,300.000,-1,600.000,625.000,-1,475.000,475.000,575.000,525.000,1,0,1,0,1,0,0,0,0,2,0,0,2,1,1,1,1
134,-9199.000,10842.003,-147.360,93.481,-0.062496,-0.996129,0.061816,0.997646,-0.060600,0.032099,-0.028229,0.063676,0.997571,0,1.00000,0.44490,60.000,0.890,625.000,375.000,475.000,375.000,500.000,325.000,325.000,300.000,300.000,-1,650.000,675.000,-1,425.000,400.000,500.000,450.000,1,1,1,1,1,0,0,0,0,2,0,0,2,1,1,1,1
135,-9203.823,10901.808,-148.997,94.611,-0.082045,-0.994734,0.061418,0.996279,-0.080228,0.031484,-0.026390,0.063773,0.997615,0,1.00000,0.56490,60.000,1.130,575.000,350.000,400.000,325.000,425.000,300.000,300.000,300.000,300.000,-1,675.000,725.000,-1,375.000,350.000,450.000,375.000,1,1,1,1,1,1,1,0,0,2,0,0,2,1,1,1,1
136,-9210.076,10961.481,-150.548,95.981,-0.105715,-0.992521,0.061040,0.994099,-0.103983,0.030885,-0.024307,0.063945,0.997657,0,1.00000,0.68490,60.000,1.370,500.000,300.000,350.000,275.000,350.000,275.000,250.000,300.000,300.000,-1,725.000,750.000,-1,325.000,300.000,400.000,325.000,1,1,1,1,1,1,1,0,0,2,0,0,2,1,1,1,1
137,-9218.002,11020.954,-152.025,97.591,-0.133467,-0.989201,0.060567,0.990808,-0.131824,0.030379,-0.022066,0.064065,0.997702,0,1.00000,0.80490,60.000,1.610,450.000,250.000,300.000,225.000,275.000,225.000,200.000,300.000,300.000,-1,775.000,825.000,-1,275.000,250.000,350.000,250.000,1,1,1,1,1,1,1,0,0,2,0,0,2,1,1,1,1
