timestep,x_cm,y_cm,z_cm,yaw_deg,basis_xx,basis_xy,basis_xz,basis_yx,basis_yy,basis_yz,basis_zx,basis_zy,basis_zz,teleport_flag,throttle_cmd,steering_cmd,cmd_move_cm,cmd_turn_deg,lidar_cm_0,lidar_cm_1,lidar_cm_2,lidar_cm_3,lidar_cm_4,lidar_cm_5,lidar_cm_6,lidar_cm_7,lidar_cm_8,lidar_cm_9,lidar_cm_10,lidar_cm_11,lidar_cm_12,lidar_cm_13,lidar_cm_14,lidar_cm_15,lidar_cm_16,lidar_class_0,lidar_class_1,lidar_class_2,lidar_class_3,lidar_class_4,lidar_class_5,lidar_class_6,lidar_class_7,lidar_class_8,lidar_class_9,lidar_class_10,lidar_class_11,lidar_class_12,lidar_class_13,lidar_class_14,lidar_class_15,lidar_class_16
0,-6229.707,-8859.593,224.534,-70.058,0.340948,0.939106,-0.042836,-0.940078,0.340732,-0.012464,0.002890,0.044519,0.999004,1,0.08000,-0.12000,4.800,-0.240,-1,400.000,-1,400.000,-1,325.000,325.000,300.000,300.000,-1,-1,-1,-1,775.000,800.000,-1,-1,2,0,2,0,2,0,0,0,0,2,2,2,2,0,0,2,2
1,-6226.508,-8868.644,224.553,-70.538,0.333078,0.941925,-0.042844,-0.942896,0.332852,-0.012509,0.002478,0.044564,0.999003,0,0.16000,-0.24000,9.600,-0.480,-1,400.000,-1,400.000,-1,325.000,325.000,300.000,300.000,-1,-1,-1,-1,775.000,800.000,-1,-1,2,0,2,0,2,0,0,0,0,2,2,2,2,0,0,2,2
2,-6221.881,-8882.281,224.573,-71.258,0.321230,0.946031,-0.042861,-0.946999,0.320989,-0.012581,0.001856,0.044631,0.999002,0,0.24000,-0.36000,14.400,-0.720,-1,400.000,-1,400.000,-1,325.000,325.000,300.000,300.000,-1,-1,-1,-1,775.000,825.000,-1,-1,2,0,2,0,2,0,0,0,0,2,2,2,2,0,0,2,2
3,-6216.008,-8900.561,224.589,-72.188,0.305856,0.951111,-0.042892,-0.952077,0.305595,-0.012685,0.001043,0.044716,0.998999,0,0.32000,-0.46487,19.200,-0.930,-1,400.000,-1,400.000,-1,325.000,325.000,300.000,300.000,-1,-1,-1,-1,775.000,825.000,-1,-1,2,0,2,0,2,0,0,0,0,2,2,2,2,0,0,2,2
4,-6209.038,-8923.526,224.597,-73.117,0.290404,0.955940,-0.042942,-0.956904,0.290120,-0.012826,0.000197,0.044816,0.998995,0,0.40000,-0.46487,24.000,-0.930,-1,400.000,-1,400.000,-1,325.000,325.000,300.000,300.000,-1,-1,-1,-1,775.000,825.000,-1,-1,2,0,2,0,2,0,0,0,0,2,2,2,2,0,0,2,2
5,-6201.123,-8951.217,224.591,-74.047,0.274877,0.960517,-0.043016,-0.961479,0.274569,-0.013008,-0.000684,0.044934,0.998990,0,0.48000,-0.46487,28.800,-0.930,-1,400.000,-1,400.000,-1,325.000,325.000,300.000,300.000,-1,-1,-1,-1,775.000,825.000,-1,-1,2,0,2,0,2,0,0,0,0,2,2,2,2,0,0,2,2
6,-6192.413,-8983.669,224.566,-74.977,0.259279,0.964839,-0.043119,-0.965801,0.258946,-0.013233,-0.001603,0.045076,0.998982,0,0.56000,-0.46487,33.600,-0.930,-1,400.000,-1,400.000,-1,325.000,325.000,300.000,300.000,-1,-1,-1,-1,775.000,825.000,-1,-1,2,0,2,0,2,0,0,0,0,2,2,2,2,0,0,2,2
7,-6183.062,-9020.914,224.515,-75.907,0.243616,0.968907,-0.043257,-0.969868,0.243254,-0.013505,-0.002562,0.045244,0.998973,0,0.64000,-0.46487,38.400,-0.930,-1,400.000,-1,400.000,-1,325.000,325.000,300.000,300.000,-1,-1,-1,-1,775.000,825.000,-1,-1,2,0,2,0,2,0,0,0,0,2,2,2,2,0,0,2,2
8,-6173.285,-9062.720,224.433,-76.836,0.227890,0.972718,-0.043434,-0.973680,0.227499,-0.013822,-0.003564,0.045440,0.998961,0,0.71558,-0.46487,42.935,-0.930,-1,400.000,-1,400.000,-1,325.000,325.000,300.000,300.000,-1,-1,-1,-1,775.000,825.000,-1,-1,2,0,2,0,2,0,0,0,0,2,2,2,2,0,0,2,2
9,-6164.187,-9104.680,224.326,-77.766,0.212106,0.976272,-0.043634,-0.977236,0.211683,-0.014152,-0.004580,0.045643,0.998947,0,0.71558,-0.46487,42.935,-0.930,-1,400.000,-1,400.000,-1,325.000,325.000,300.000,300.000,-1,-1,-1,-1,775.000,825.000,-1,-1,2,0,2,0,2,0,0,0,0,2,2,2,2,0,0,2,2
10,-6155.771,-9146.782,224.141,-78.696,0.196265,0.979561,-0.044061,-0.980535,0.195811,-0.014435,-0.005512,0.046036,0.998925,0,0.71558,-0.46487,42.935,-0.930,-1,400.000,-1,400.000,-1,325.000,325.000,300.000,300.000,-1,-1,-1,-1,800.000,825.000,-1,-1,2,0,2,0,2,0,0,0,0,2,2,2,2,0,0,2,2
11,-6148.039,-9189.014,223.784,-79.626,0.180391,0.982566,-0.044984,-0.983572,0.179882,-0.015140,-0.006784,0.046976,0.998873,0,0.71558,-0.46487,42.935,-0.930,-1,400.000,-1,400.000,-1,325.000,325.000,300.000,300.000,-1,-1,-1,-1,800.000,825.000,-1,-1,2,0,2,0,2,0,0,0,0,2,2,2,2,0,0,2,2
12,-6140.993,-9231.367,223.374,-80.555,0.164469,0.985316,-0.045857,-0.986350,0.163909,-0.015738,-0.007990,0.047819,0.998824,0,0.71558,-0.46487,42.935,-0.930,-1,400.000,-1,400.000,-1,325.000,325.000,300.000,300.000,-1,-1,-1,-1,800.000,850.000,-1,-1,2,0,2,0,2,0,0,0,0,2,2,2,2,0,0,2,2
13,-6134.636,-9273.829,222.746,-81.485,0.148515,0.987842,-0.045943,-0.988864,0.147899,-0.016541,-0.009545,0.047888,0.998807,0,0.71558,-0.46487,42.935,-0.930,-1,400.000,-1,400.000,-1,325.000,325.000,300.000,300.000,-1,-1,-1,-1,800.000,825.000,-1,-1,2,0,2,0,2,0,0,0,0,2,2,2,2,0,0,2,2
14,-6128.968,-9316.388,222.077,-82.415,0.132524,0.990111,-0.046013,-0.991117,0.131850,-0.017387,-0.011148,0.047908,0.998790,0,0.71558,-0.46487,42.935,-0.930,-1,400.000,-1,400.000,-1,325.000,325.000,300.000,300.000,-1,-1,-1,-1,800.000,825.000,-1,-1,2,0,2,0,2,0,0,0,0,2,2,2,2,0,0,2,2
15,-6123.992,-9359.033,221.379,-83.344,0.116499,0.992119,-0.046118,-0.993109,0.115767,-0.018246,-0.012764,0.047926,0.998769,0,0.71558,-0.46487,42.935,-0.930,-1,400.000,-1,400.000,-1,325.000,325.000,300.000,300.000,-1,-1,-1,-1,800.000,825.000,-1,-1,2,0,2,0,2,0,0,0,0,2,2,2,2,0,0,2,2
16,-6119.709,-9401.754,220.650,-84.274,0.100445,0.993867,-0.046258,-0.994839,0.099654,-0.019118,-0.014391,0.047940,0.998747,0,0.71558,-0.46487,42.935,-0.930,-1,400.000,-1,400.000,-1,325.000,325.000,300.000,300.000,-1,-1,-1,-1,800.000,825.000,-1,-1,2,0,2,0,2,0,0,0,0,2,2,2,2,0,0,2,2
17,-6116.119,-9444.538,219.891,-85.204,0.084366,0.995352,-0.046433,-0.996306,0.083514,-0.019999,-0.016029,0.047949,0.998721,0,0.71558,-0.46487,42.935,-0.930,-1,400.000,-1,400.000,-1,325.000,325.000,300.000,300.000,-1,-1,-1,-1,800.000,825.000,-1,-1,2,0,2,0,2,0,0,0,0,2,2,2,2,0,0,2,2
18,-6113.225,-9487.375,219.101,-86.134,0.068266,0.996576,-0.046642,-0.997511,0.067352,-0.020890,-0.017677,0.047952,0.998693,0,0.71558,-0.46487,42.935,-0.930,-1,400.000,-1,400.000,-1,325.000,325.000,300.000,300.000,-1,-1,-1,-1,800.000,825.000,-1,-1,2,0,2,0,2,0,0,0,0,2,2,2,2,0,0,2,2
19,-6111.025,-9530.254,218.280,-87.063,0.052149,0.997538,-0.046884,-0.998452,0.051172,-0.021789,-0.019336,0.047948,0.998663,0,0.71558,-0.46487,42.935,-0.930,-1,400.000,-1,400.000,-1,325.000,325.000,300.000,300.000,-1,-1,-1,-1,800.000,825.000,-1,-1,2,0,2,0,2,0,0,0,0,2,2,2,2,0,0,2,2
20,-6109.522,-9573.162,217.427,-87.993,0.036019,0.998238,-0.047160,-0.999130,0.034979,-0.022695,-0.021005,0.047937,0.998629,0,0.71558,-0.46487,42.935,-0.930,-1,400.000,-1,400.000,-1,325.000,325.000,300.000,300.000,-1,-1,-1,-1,800.000,825.000,-1,-1,2,0,2,0,2,0,0,0,0,2,2,2,2,0,0,2,2
21,-6108.715,-9616.089,216.542,-88.923,0.019882,0.998675,-0.047469,-0.999545,0.018777,-0.023605,-0.022683,0.047917,0.998594,0,0.71558,-0.46487,42.935,-0.930,-1,400.000,-1,400.000,-1,325.000,325.000,300.000,300.000,-1,-1,-1,-1,800.000,825.000,-1,-1,2,0,2,0,2,0,0,0,0,2,2,2,2,0,0,2,2
22,-6108.605,-9659.024,215.624,-89.853,0.003741,0.998849,-0.047810,-0.999696,0.002570,-0.024520,-0.024369,0.047887,0.998555,0,0.71558,-0.46487,42.935,-0.930,-1,400.000,-1,400.000,-1,325.000,325.000,300.000,300.000,-1,-1,-1,-1,800.000,825.000,-1,-1,2,0,2,0,2,0,0,0,0,2,2,2,2,0,0,2,2
23,-6109.344,-9700.443,214.698,-91.022,-0.016582,0.998701,-0.048187,-0.999518,-0.017821,-0.025410,-0.026236,0.047742,0.998515,0,0.69043,-0.58487,41.426,-1.170,-1,400.000,-1,400.000,-1,325.000,325.000,300.000,300.000,-1,-1,-1,-1,800.000,825.000,-1,-1,2,0,2,0,2,0,0,0,0,2,2,2,2,0,0,2,2
24,-6111.102,-9741.832,213.724,-92.432,-0.041073,0.997972,-0.048621,-0.998755,-0.042387,-0.026304,-0.028311,0.047480,0.998471,0,0.69043,-0.70487,41.426,-1.410,-1,400.000,-1,400.000,-1,325.000,325.000,300.000,300.000,-1,-1,-1,-1,800.000,825.000,-1,-1,2,0,2,0,2,0,0,0,0,2,2,2,2,0,0,2,2
25,-6114.052,-9783.153,212.693,-94.082,-0.069708,0.996357,-0.049123,-0.997098,-0.071101,-0.027198,-0.030592,0.047084,0.998422,0,0.69043,-0.82487,41.426,-1.650,-1,400.000,-1,400.000,-1,325.000,325.000,300.000,300.000,-1,-1,-1,-1,800.000,825.000,-1,-1,2,0,2,0,2,0,0,0,0,2,2,2,2,0,0,2,2
26,-6118.362,-9824.354,211.502,-95.972,-0.102467,0.993514,-0.049294,-0.994193,-0.103923,-0.027944,-0.032886,0.046145,0.998393,0,0.69043,-0.94487,41.426,-1.890,-1,400.000,-1,400.000,-1,325.000,325.000,300.000,300.000,-1,-1,-1,-1,800.000,825.000,-1,-1,2,0,2,0,2,0,0,0,0,2,2,2,2,0,0,2,2
27,-6124.108,-9865.380,210.047,-97.972,-0.137045,0.989361,-0.048822,-0.989939,-0.138544,-0.028753,-0.035211,0.044391,0.998394,0,0.69043,-1.00000,41.426,-2.000,-1,400.000,-1,400.000,-1,325.000,325.000,300.000,300.000,-1,-1,-1,-1,800.000,825.000,-1,-1,2,0,2,0,2,0,0,0,0,2,2,2,2,0,0,2,2
28,-6131.282,-9906.180,208.380,-99.972,-0.171451,0.983978,-0.048908,-0.984486,-0.172997,-0.029327,-0.037318,0.043121,0.998373,0,0.69043,-1.00000,41.426,-2.000,-1,400.000,-1,400.000,-1,325.000,325.000,300.000,300.000,-1,-1,-1,-1,800.000,825.000,-1,-1,2,0,2,0,2,0,0,0,0,2,2,2,2,0,0,2,2
29,-6139.876,-9946.705,206.618,-101.972,-0.205643,0.977391,-0.049166,-0.977830,-0.207243,-0.029982,-0.039493,0.041911,0.998341,0,0.69043,-1.00000,41.426,-2.000,-1,400.000,-1,400.000,-1,325.000,325.000,300.000,300.000,-1,-1,-1,-1,800.000,800.000,-1,-1,2,0,2,0,2,0,0,0,0,2,2,2,2,0,0,2,2
30,-6149.879,-9986.905,204.793,-103.972,-0.239586,0.969614,-0.049463,-0.969982,-0.241240,-0.030634,-0.041636,0.040639,0.998306,0,0.69043,-1.00000,41.426,-2.000,-1,400.000,-1,400.000,-1,325.000,325.000,300.000,300.000,-1,-1,-1,-1,800.000,800.000,-1,-1,2,0,2,0,2,0,0,0,0,2,2,2,2,0,0,2,2
31,-6161.278,-10026.732,202.906,-105.972,-0.273241,0.960656,-0.049797,-0.960950,-0.274947,-0.031282,-0.043743,0.039305,0.998269,0,0.69043,-1.00000,41.426,-2.000,-1,400.000,-1,400.000,-1,325.000,325.000,300.000,300.000,-1,-1,-1,-1,800.000,800.000,-1,-1,2,0,2,0,2,0,0,0,0,2,2,2,2,0,0,2,2
32,-6174.061,-10066.136,200.961,-107.972,-0.306567,0.950526,-0.050166,-0.950746,-0.308322,-0.031923,-0.045811,0.037908,0.998231,0,0.69043,-1.00000,41.426,-2.000,-1,400.000,-1,400.000,-1,325.000,325.000,300.000,300.000,-1,-1,-1,-1,800.000,800.000,-1,-1,2,0,2,0,2,0,0,0,0,2,2,2,2,0,0,2,2
33,-6188.211,-10105.071,198.956,-109.972,-0.339522,0.939238,-0.050567,-0.939381,-0.341326,-0.032554,-0.047836,0.036449,0.998190,0,0.69043,-1.00000,41.426,-2.000,-1,400.000,-1,400.000,-1,325.000,325.000,300.000,300.000,-1,-1,-1,-1,800.000,800.000,-1,-1,2,0,2,0,2,0,0,0,0,2,2,2,2,0,0,2,2
34,-6203.711,-10143.488,196.895,-111.972,-0.372066,0.926804,-0.050999,-0.926869,-0.373917,-0.033172,-0.049814,0.034927,0.998148,0,0.69043,-1.00000,41.426,-2.000,-1,400.000,-1,400.000,-1,325.000,325.000,300.000,300.000,-1,-1,-1,-1,800.000,800.000,-1,-1,2,0,2,0,2,0,0,0,0,2,2,2,2,0,0,2,2
35,-6220.542,-10181.340,194.779,-113.972,-0.404160,0.913240,-0.051459,-0.913224,-0.406056,-0.033776,-0.051741,0.033342,0.998104,0,0.69043,-1.00000,41.426,-2.000,-1,400.000,-1,400.000,-1,325.000,325.000,300.000,300.000,-1,-1,-1,-1,800.000,800.000,-1,-1,2,0,2,0,2,0,0,0,0,2,2,2,2,0,0,2,2
36,-6238.684,-10218.582,192.610,-115.972,-0.435765,0.898560,-0.051944,-0.898462,-0.437704,-0.034363,-0.053613,0.031695,0.998059,0,0.69043,-1.00000,41.426,-2.000,-1,400.000,-1,400.000,-1,325.000,325.000,300.000,300.000,-1,-1,-1,-1,800.000,800.000,-1,-1,2,0,2,0,2,0,0,0,0,2,2,2,2,0,0,2,2
37,-6258.115,-10255.169,190.389,-117.972,-0.466842,0.882784,-0.052451,-0.882602,-0.468822,-0.034931,-0.055427,0.029986,0.998012,0,0.69043,-1.00000,41.426,-2.000,-1,400.000,-1,400.000,-1,325.000,325.000,300.000,300.000,-1,-1,-1,-1,800.000,800.000,-1,-1,2,0,2,0,2,0,0,0,0,2,2,2,2,0,0,2,2
38,-6278.810,-10291.055,188.120,-119.972,-0.497353,0.865929,-0.052979,-0.865662,-0.499370,-0.035479,-0.057178,0.028216,0.997965,0,0.69043,-1.00000,41.426,-2.000,-1,400.000,-1,400.000,-1,325.000,325.000,300.000,300.000,-1,-1,-1,-1,800.000,775.000,-1,-1,2,0,2,0,2,0,0,0,0,2,2,2,2,0,0,2,2
39,-6300.746,-10326.196,185.735,-121.972,-0.527286,0.848022,-0.053173,-0.847662,-0.529317,-0.035962,-0.058642,0.026110,0.997938,0,0.69043,-1.00000,41.426,-2.000,-1,400.000,-1,400.000,-1,325.000,325.000,300.000,300.000,-1,-1,-1,-1,800.000,775.000,-1,-1,2,0,2,0,2,0,0,0,0,2,2,2,2,0,0,2,2
40,-6323.894,-10360.551,183.267,-123.972,-0.556594,0.829081,-0.053180,-0.828622,-0.558622,-0.036428,-0.059909,0.023791,0.997920,0,0.69043,-1.00000,41.426,-2.000,-1,400.000,-1,400.000,-1,325.000,325.000,300.000,300.000,-1,-1,-1,-1,800.000,775.000,-1,-1,2,0,2,0,2,0,0,0,0,2,2,2,2,0,0,2,2
41,-6348.227,-10394.077,180.759,-125.972,-0.585225,0.809123,-0.053206,-0.808565,-0.587248,-0.036909,-0.061109,0.021421,0.997901,0,0.69043,-1.00000,41.426,-2.000,-1,400.000,-1,400.000,-1,325.000,325.000,300.000,300.000,-1,-1,-1,-1,800.000,775.000,-1,-1,2,0,2,0,2,0,0,0,0,2,2,2,2,0,0,2,2
42,-6373.716,-10426.733,178.192,-127.972,-0.613144,0.788176,-0.053227,-0.787510,-0.615159,-0.037508,-0.062306,0.018919,0.997878,0,0.69043,-1.00000,41.426,-2.000,-1,400.000,-1,400.000,-1,325.000,325.000,300.000,300.000,-1,-1,-1,-1,800.000,775.000,-1,-1,2,0,2,0,2,0,0,0,0,2,2,2,2,0,0,2,2
43,-6400.328,-10458.480,175.588,-129.972,-0.640317,0.766261,-0.053270,-0.765486,-0.642321,-0.038140,-0.063442,0.016355,0.997852,0,0.69043,-1.00000,41.426,-2.000,-1,400.000,-1,400.000,-1,325.000,325.000,300.000,300.000,-1,-1,-1,-1,800.000,775.000,-1,-1,2,0,2,0,2,0,0,0,0,2,2,2,2,0,0,2,2
44,-6428.032,-10489.279,172.953,-131.972,-0.666709,0.743407,-0.053342,-0.742523,-0.668698,-0.038774,-0.064495,0.013757,0.997823,0,0.69043,-1.00000,41.426,-2.000,-1,400.000,-1,400.000,-1,325.000,325.000,300.000,300.000,-1,-1,-1,-1,800.000,775.000,-1,-1,2,0,2,0,2,0,0,0,0,2,2,2,2,0,0,2,2
45,-6456.794,-10519.092,170.291,-133.972,-0.692287,0.719641,-0.053443,-0.718647,-0.694258,-0.039407,-0.065462,0.011125,0.997793,0,0.69043,-1.00000,41.426,-2.000,-1,400.000,-1,400.000,-1,325.000,325.000,300.000,300.000,-1,-1,-1,-1,775.000,775.000,-1,-1,2,0,2,0,2,0,0,0,0,2,2,2,2,0,0,2,2
46,-6486.579,-10547.884,167.610,-135.972,-0.717021,0.694991,-0.053553,-0.693888,-0.718969,-0.040039,-0.066330,0.008451,0.997762,0,0.69043,-1.00000,41.426,-2.000,-1,400.000,-1,400.000,-1,325.000,325.000,300.000,300.000,-1,-1,-1,-1,775.000,775.000,-1,-1,2,0,2,0,2,0,0,0,0,2,2,2,2,0,0,2,2
47,-6516.742,-10575.299,164.954,-137.732,-0.738072,0.672593,-0.053548,-0.671397,-0.739988,-0.040547,-0.066896,0.006026,0.997742,0,0.67933,-0.88000,40.760,-1.760,-1,400.000,-1,400.000,-1,325.000,325.000,300.000,300.000,-1,-1,-1,-1,775.000,775.000,-1,-1,2,0,2,0,2,0,0,0,0,2,2,2,2,0,0,2,2
48,-6547.621,-10601.905,162.241,-139.252,-0.755691,0.652735,-0.053563,-0.651467,-0.757576,-0.040863,-0.067251,0.004015,0.997728,0,0.67933,-0.76000,40.760,-1.520,-1,400.000,-1,400.000,-1,325.000,325.000,300.000,300.000,-1,-1,-1,-1,775.000,775.000,-1,-1,2,0,2,0,2,0,0,0,0,2,2,2,2,0,0,2,2
49,-6579.141,-10627.747,159.514,-140.653,-0.771466,0.634010,-0.053580,-0.632675,-0.773322,-0.041185,-0.067546,0.002126,0.997714,0,0.67933,-0.70087,40.760,-1.402,-1,400.000,-1,400.000,-1,325.000,325.000,300.000,300.000,-1,-1,-1,-1,775.000,775.000,-1,-1,2,0,2,0,2,0,0,0,0,2,2,2,2,0,0,2,2
50,-6611.353,-10652.867,156.771,-142.052,-0.786746,0.614946,-0.053600,-0.613543,-0.788569,-0.041511,-0.067794,0.000227,0.997699,0,0.68080,-0.69938,40.848,-1.399,-1,400.000,-1,400.000,-1,325.000,325.000,300.000,300.000,-1,-1,-1,-1,775.000,775.000,-1,-1,2,0,2,0,2,0,0,0,0,2,2,2,2,0,0,2,2
51,-6644.294,-10677.291,154.008,-143.445,-0.801490,0.595599,-0.053621,-0.594130,-0.803280,-0.041844,-0.067994,-0.001680,0.997684,0,0.68348,-0.69629,41.009,-1.393,-1,400.000,-1,400.000,-1,325.000,325.000,300.000,300.000,-1,-1,-1,-1,775.000,750.000,-1,-1,2,0,2,0,2,0,0,0,0,2,2,2,2,0,0,2,2
52,-6677.933,-10700.995,151.228,-144.831,-0.815693,0.575992,-0.053648,-0.574457,-0.817447,-0.042179,-0.068149,-0.003587,0.997669,0,0.68585,-0.69301,41.151,-1.386,-1,400.000,-1,400.000,-1,325.000,325.000,300.000,300.000,-1,-1,-1,-1,775.000,750.000,-1,-1,2,0,2,0,2,0,0,0,0,2,2,2,2,0,0,2,2
53,-6712.235,-10723.950,148.434,-146.210,-0.829349,0.556146,-0.053676,-0.554546,-0.831066,-0.042520,-0.068255,-0.005498,0.997653,0,0.68791,-0.68955,41.275,-1.379,-1,400.000,-1,400.000,-1,325.000,325.000,300.000,300.000,-1,-1,-1,-1,775.000,750.000,-1,-1,2,0,2,0,2,0,0,0,0,2,2,2,2,0,0,2,2
54,-6747.166,-10746.133,145.629,-147.582,-0.842455,0.536083,-0.053704,-0.534418,-0.844133,-0.042864,-0.068312,-0.007410,0.997636,0,0.68965,-0.68595,41.379,-1.372,-1,400.000,-1,400.000,-1,325.000,325.000,300.000,300.000,-1,-1,-1,-1,775.000,750.000,-1,-1,2,0,2,0,2,0,0,0,0,2,2,2,2,0,0,2,2
55,-6782.686,-10767.522,142.826,-148.946,-0.855012,0.515823,-0.053678,-0.514100,-0.856645,-0.043132,-0.068232,-0.009283,0.997626,0,0.69105,-0.68221,41.463,-1.364,-1,400.000,-1,400.000,-1,325.000,325.000,300.000,300.000,-1,-1,-1,-1,775.000,750.000,-1,-1,2,0,2,0,2,0,0,0,0,2,2,2,2,0,0,2,2
56,-6818.759,-10788.096,140.008,-150.303,-0.867020,0.495386,-0.053572,-0.493607,-0.868601,-0.043413,-0.068039,-0.011196,0.997620,0,0.69212,-0.67837,41.527,-1.357,-1,400.000,-1,400.000,-1,325.000,325.000,300.000,300.000,-1,-1,-1,-1,775.000,750.000,-1,-1,2,0,2,0,2,0,0,0,0,2,2,2,2,0,0,2,2
57,-6855.344,-10807.836,137.188,-151.652,-0.878473,0.474790,-0.053469,-0.472956,-0.880001,-0.043707,-0.067804,-0.013107,0.997613,0,0.69285,-0.67444,41.571,-1.349,-1,400.000,-1,400.000,-1,325.000,325.000,300.000,300.000,-1,-1,-1,-1,775.000,750.000,-1,-1,2,0,2,0,2,0,0,0,0,2,2,2,2,0,0,2,2
58,-6892.404,-10826.725,134.371,-152.993,-0.889374,0.454055,-0.053368,-0.452166,-0.890847,-0.044012,-0.067527,-0.015012,0.997605,0,0.69326,-0.67046,41.595,-1.341,-1,400.000,-1,400.000,-1,325.000,325.000,300.000,300.000,-1,-1,-1,-1,775.000,750.000,-1,-1,2,0,2,0,2,0,0,0,0,2,2,2,2,0,0,2,2
59,-6929.896,-10844.749,131.559,-154.325,-0.899724,0.433196,-0.053270,-0.431254,-0.901141,-0.044329,-0.067207,-0.016910,0.997596,0,0.69333,-0.66647,41.600,-1.333,-1,400.000,-1,400.000,-1,325.000,325.000,300.000,300.000,-1,-1,-1,-1,775.000,750.000,-1,-1,2,0,2,0,2,0,0,0,0,2,2,2,2,0,0,2,2
60,-6967.783,-10861.896,128.756,-155.650,-0.909527,0.412229,-0.053175,-0.410235,-0.910886,-0.044655,-0.066845,-0.018800,0.997586,0,0.69310,-0.66248,41.586,-1.325,-1,400.000,-1,400.000,-1,325.000,325.000,300.000,300.000,-1,-1,-1,-1,800.000,750.000,-1,-1,2,0,2,0,2,0,0,0,0,2,2,2,2,0,0,2,2
61,-7006.024,-10878.154,125.965,-156.968,-0.918787,0.391169,-0.053083,-0.389123,-0.920086,-0.044989,-0.066439,-0.020679,0.997576,0,0.69257,-0.65853,41.554,-1.317,-1,400.000,-1,400.000,-1,325.000,325.000,300.000,300.000,-1,-1,-1,-1,800.000,750.000,-1,-1,2,0,2,0,2,0,0,0,0,2,2,2,2,0,0,2,2
62,-7044.582,-10893.516,123.189,-158.278,-0.927512,0.370017,-0.052993,-0.367921,-0.928751,-0.045330,-0.065990,-0.022547,0.997565,0,0.69176,-0.65501,41.505,-1.310,-1,400.000,-1,400.000,-1,325.000,325.000,300.000,300.000,-1,-1,-1,-1,800.000,750.000,-1,-1,2,0,2,0,2,0,0,0,0,2,2,2,2,0,0,2,2
63,-7083.420,-10907.974,120.431,-159.584,-0.935726,0.348738,-0.052905,-0.346594,-0.936902,-0.045678,-0.065496,-0.024406,0.997554,0,0.69070,-0.65298,41.442,-1.306,-1,400.000,-1,400.000,-1,325.000,325.000,300.000,300.000,-1,-1,-1,-1,800.000,750.000,-1,-1,2,0,2,0,2,0,0,0,0,2,2,2,2,0,0,2,2
64,-7122.503,-10921.519,117.709,-160.886,-0.943430,0.327336,-0.052841,-0.325140,-0.944542,-0.046096,-0.064999,-0.026308,0.997538,0,0.68941,-0.65124,41.364,-1.302,-1,400.000,-1,400.000,-1,325.000,325.000,300.000,300.000,-1,-1,-1,-1,800.000,750.000,-1,-1,2,0,2,0,2,0,0,0,0,2,2,2,2,0,0,2,2
65,-7161.799,-10934.148,115.034,-162.186,-0.950626,0.305813,-0.052802,-0.303560,-0.951671,-0.046616,-0.064506,-0.028286,0.997516,0,0.68792,-0.64979,41.275,-1.300,-1,400.000,-1,400.000,-1,325.000,325.000,300.000,300.000,-1,-1,-1,-1,775.000,750.000,-1,-1,2,0,2,0,2,0,0,0,0,2,2,2,2,0,0,2,2
66,-7201.276,-10945.855,112.422,-163.483,-0.957328,0.284171,-0.052631,-0.281861,-0.958292,-0.047233,-0.063858,-0.030383,0.997496,0,0.68627,-0.64863,41.176,-1.297,-1,400.000,-1,400.000,-1,325.000,325.000,300.000,300.000,-1,-1,-1,-1,775.000,750.000,-1,-1,2,0,2,0,2,0,0,0,0,2,2,2,2,0,0,2,2
67,-7240.904,-10956.639,109.838,-164.778,-0.963527,0.262415,-0.052471,-0.260049,-0.964409,-0.047855,-0.063161,-0.032465,0.997475,0,0.68448,-0.64776,41.069,-1.296,-1,400.000,-1,400.000,-1,325.000,325.000,300.000,300.000,-1,-1,-1,-1,775.000,750.000,-1,-1,2,0,2,0,2,0,0,0,0,2,2,2,2,0,0,2,2
68,-7281.552,-10966.716,107.238,-166.077,-0.969242,0.240474,-0.052360,-0.238054,-0.970042,-0.048462,-0.062445,-0.034507,0.997452,0,0.69797,-0.64934,41.878,-1.299,-1,400.000,-1,400.000,-1,325.000,325.000,300.000,300.000,-1,-1,-1,-1,775.000,750.000,-1,-1,2,0,2,0,2,0,0,0,0,2,2,2,2,0,0,2,2
69,-7322.358,-10975.863,104.697,-167.367,-0.974421,0.218565,-0.052276,-0.216101,-0.975143,-0.048952,-0.061675,-0.036403,0.997432,0,0.69697,-0.64484,41.818,-1.290,-1,400.000,-1,400.000,-1,325.000,325.000,300.000,300.000,-1,-1,-1,-1,775.000,750.000,-1,-1,2,0,2,0,2,0,0,0,0,2,2,2,2,0,0,2,2
70,-7363.282,-10984.080,102.193,-168.648,-0.979077,0.196687,-0.052177,-0.194182,-0.979720,-0.049426,-0.060840,-0.038260,0.997414,0,0.69568,-0.64079,41.741,-1.282,-1,400.000,-1,400.000,-1,325.000,325.000,300.000,300.000,-1,-1,-1,-1,775.000,750.000,-1,-1,2,0,2,0,2,0,0,0,0,2,2,2,2,0,0,2,2
71,-7404.287,-10991.366,99.724,-169.926,-0.983229,0.174783,-0.052075,-0.172240,-0.983790,-0.049904,-0.059953,-0.040098,0.997395,0,0.69412,-0.63874,41.647,-1.277,-1,400.000,-1,400.000,-1,325.000,325.000,300.000,300.000,-1,-1,-1,-1,775.000,725.000,-1,-1,2,0,2,0,2,0,0,0,0,2,2,2,2,0,0,2,2
72,-7445.337,-10997.722,97.292,-171.200,-0.986881,0.152856,-0.051969,-0.150276,-0.987359,-0.050386,-0.059014,-0.041916,0.997377,0,0.69232,-0.63699,41.539,-1.274,-1,400.000,-1,400.000,-1,325.000,325.000,300.000,300.000,-1,-1,-1,-1,775.000,725.000,-1,-1,2,0,2,0,2,0,0,0,0,2,2,2,2,0,0,2,2
73,-7486.399,-11003.151,94.901,-172.471,-0.990038,0.130906,-0.051858,-0.128294,-0.990431,-0.050871,-0.058021,-0.043711,0.997358,0,0.69030,-0.63552,41.418,-1.271,-1,400.000,-1,375.000,-1,325.000,325.000,300.000,300.000,-1,-1,-1,-1,775.000,725.000,-1,-1,2,0,2,0,2,0,0,0,0,2,2,2,2,0,0,2,2
74,-7527.439,-11007.654,92.553,-173.740,-0.992701,0.108936,-0.051741,-0.106293,-0.993008,-0.051357,-0.056974,-0.045483,0.997339,0,0.68811,-0.63436,41.287,-1.269,-1,400.000,-1,375.000,-1,325.000,325.000,300.000,300.000,-1,-1,-1,-1,775.000,725.000,-1,-1,2,0,2,0,2,0,0,0,0,2,2,2,2,0,0,2,2
75,-7573.334,-11011.857,89.964,-174.768,-0.994506,0.091084,-0.051594,-0.088412,-0.994731,-0.051901,-0.056050,-0.047055,0.997319,0,0.76811,-0.51436,46.087,-1.029,-1,400.000,-1,375.000,-1,325.000,325.000,300.000,300.000,-1,-1,-1,-1,775.000,725.000,-1,-1,2,0,2,0,2,0,0,0,0,2,2,2,2,0,0,2,2
76,-7623.797,-11015.779,87.147,-175.557,-0.995675,0.077377,-0.051418,-0.074677,-0.995825,-0.052500,-0.055266,-0.048433,0.997296,0,0.84360,-0.39436,50.616,-0.789,-1,400.000,-1,375.000,-1,325.000,325.000,300.000,300.000,-1,-1,-1,-1,775.000,725.000,-1,-1,2,0,2,0,2,0,0,0,0,2,2,2,2,0,0,2,2
77,-7674.158,-11019.208,84.355,-176.106,-0.996380,0.067833,-0.051233,-0.065108,-0.996465,-0.053097,-0.054653,-0.049569,0.997274,0,0.84128,-0.27436,50.477,-0.549,-1,400.000,-1,375.000,-1,325.000,325.000,300.000,300.000,-1,-1,-1,-1,775.000,725.000,-1,-1,2,0,2,0,2,0,0,0,0,2,2,2,2,0,0,2,2
78,-7724.409,-11022.358,81.578,-176.414,-0.996742,0.062460,-0.051039,-0.059712,-0.996771,-0.053693,-0.054228,-0.050470,0.997252,0,0.83916,-0.15436,50.350,-0.309,-1,400.000,975.000,375.000,-1,325.000,325.000,300.000,300.000,-1,-1,-1,-1,775.000,725.000,-1,975.000,2,0,1,0,2,0,0,0,0,2,2,2,2,0,0,2,1
79,-7774.552,-11025.440,78.805,-176.483,-0.996826,0.061262,-0.050839,-0.058493,-0.996811,-0.054285,-0.054002,-0.051139,0.997230,0,0.83730,-0.03436,50.238,-0.069,-1,400.000,925.000,375.000,-1,325.000,325.000,300.000,300.000,-1,-1,-1,-1,775.000,725.000,975.000,925.000,2,0,1,0,2,0,0,0,0,2,2,2,2,0,0,1,1
80,-7828.313,-11028.906,75.817,-176.312,-0.996650,0.064240,-0.050620,-0.061447,-0.996598,-0.054917,-0.053975,-0.051623,0.997207,0,0.89788,0.08564,53.873,0.171,-1,400.000,875.000,375.000,-1,325.000,325.000,300.000,300.000,-1,-1,-1,-1,775.000,725.000,925.000,875.000,2,0,1,0,2,0,0,0,0,2,2,2,2,0,0,1,1
81,-7882.451,-11032.786,72.838,-175.901,-0.996171,0.071390,-0.050462,-0.068560,-0.996087,-0.055762,-0.054245,-0.052089,0.997168,0,0.90462,0.20564,54.277,0.411,-1,400.000,800.000,375.000,950.000,325.000,325.000,300.000,300.000,-1,-1,-1,-1,750.000,700.000,875.000,800.000,2,0,1,0,1,0,0,0,0,2,2,2,2,1,1,1,1
82,-7936.941,-11037.315,69.881,-175.249,-0.995302,0.082707,-0.050325,-0.079837,-0.995200,-0.056588,-0.054763,-0.052304,0.997129,0,0.91130,0.32564,54.678,0.651,-1,400.000,750.000,375.000,875.000,325.000,325.000,300.000,300.000,-1,-1,-1,-1,700.000,650.000,825.000,750.000,2,0,1,0,1,0,0,0,0,2,2,2,2,1,1,1,1
83,-7991.746,-11042.729,66.847,-174.358,-0.993902,0.098178,-0.050204,-0.095270,-0.993797,-0.057366,-0.055525,-0.052233,0.997090,0,0.91787,0.44564,55.072,0.891,-1,400.000,700.000,375.000,775.000,325.000,325.000,300.000,300.000,-1,-1,-1,-1,650.000,600.000,775.000,675.000,2,0,1,0,1,0,0,0,0,2,2,2,2,1,1,1,1
84,-8046.814,-11049.269,63.719,-173.227,-0.991774,0.117781,-0.050112,-0.114833,-0.991683,-0.058129,-0.056542,-0.051897,0.997051,0,0.92425,0.56564,55.455,1.131,950.000,400.000,650.000,375.000,700.000,325.000,325.000,300.000,300.000,-1,-1,-1,-1,600.000,550.000,725.000,625.000,1,0,1,0,1,0,0,0,0,2,2,2,2,1,1,1,1
85,-8102.084,-11057.097,60.493,-171.939,-0.988879,0.140050,-0.050042,-0.137060,-0.988811,-0.058891,-0.057729,-0.051377,0.997009,0,0.93037,0.64411,55.822,1.288,925.000,400.000,600.000,400.000,600.000,325.000,325.000,300.000,300.000,-1,-1,-1,-1,575.000,500.000,675.000,550.000,1,0,1,0,1,0,0,0,0,2,2,2,2,1,1,1,1
86,-8152.393,-11065.591,57.460,-170.417,-0.984812,0.166270,-0.049999,-0.163241,-0.984786,-0.059575,-0.059144,-0.050508,0.996971,0,0.85037,0.76096,51.022,1.522,900.000,400.000,550.000,400.000,525.000,325.000,325.000,300.000,300.000,-1,-1,-1,-1,525.000,450.000,650.000,475.000,1,0,1,0,1,0,0,0,0,2,2,2,2,1,1,1,1
87,-8197.751,-11074.484,54.640,-168.907,-0.980089,0.192167,-0.049982,-0.189102,-0.980111,-0.060186,-0.060554,-0.049536,0.996935,0,0.77037,0.75483,46.222,1.510,-1,400.000,500.000,375.000,475.000,325.000,325.000,300.000,300.000,-1,-1,-1,-1,500.000,425.000,625.000,425.000,2,0,1,1,1,0,0,0,0,2,2,2,2,1,1,1,1
88,-8238.177,-11083.512,52.049,-167.410,-0.974731,0.217716,-0.049987,-0.214619,-0.974808,-0.060727,-0.061949,-0.048464,0.996902,0,0.69037,0.74844,41.422,1.497,-1,400.000,475.000,350.000,400.000,325.000,325.000,300.000,300.000,-1,-1,-1,-1,475.000,375.000,600.000,400.000,2,0,1,1,1,0,1,0,0,2,2,2,2,1,1,1,1
89,-8273.699,-11092.417,49.702,-165.926,-0.968762,0.242898,-0.050009,-0.239773,-0.968898,-0.061197,-0.063318,-0.047295,0.996872,0,0.61037,0.74190,36.622,1.484,-1,375.000,425.000,300.000,375.000,325.000,300.000,300.000,300.000,-1,-1,-1,-1,450.000,350.000,575.000,350.000,2,1,1,1,1,1,1,0,0,2,2,2,2,1,1,1,1
90,-8304.357,-11100.944,47.615,-164.456,-0.962202,0.267700,-0.050043,-0.264552,-0.962402,-0.061598,-0.064651,-0.046030,0.996846,0,0.53037,0.73532,31.822,1.471,-1,375.000,400.000,300.000,325.000,325.000,275.000,300.000,300.000,-1,-1,-1,-1,425.000,325.000,550.000,325.000,2,1,1,1,1,1,1,0,0,2,2,2,2,1,1,1,1
91,-8330.198,-11108.845,45.804,-162.998,-0.955071,0.292113,-0.050084,-0.288947,-0.955340,-0.061929,-0.065938,-0.044675,0.996823,0,0.45037,0.72882,27.022,1.458,-1,350.000,375.000,275.000,300.000,300.000,275.000,300.000,300.000,-1,-1,-1,-1,400.000,300.000,550.000,275.000,2,1,1,1,1,1,1,0,0,2,2,2,2,1,1,1,1
92,-8351.278,-11115.875,44.282,-161.553,-0.947390,0.316132,-0.050129,-0.312955,-0.947730,-0.062191,-0.067169,-0.043231,0.996805,0,0.37037,0.72252,22.222,1.445,-1,350.000,375.000,250.000,275.000,275.000,250.000,300.000,300.000,-1,-1,-1,-1,400.000,275.000,550.000,250.000,2,1,1,1,1,1,1,0,0,2,2,2,2,1,1,1,1
93,-8367.662,-11121.799,43.084,-160.120,-0.939175,0.339758,-0.050139,-0.336583,-0.939591,-0.062287,-0.068272,-0.041622,0.996798,0,0.29037,0.71653,17.422,1.433,-1,325.000,350.000,250.000,250.000,275.000,250.000,300.000,300.000,-1,-1,-1,-1,400.000,275.000,550.000,250.000,2,1,1,1,1,1,1,0,0,2,2,2,2,1,1,1,1
94,-8379.422,-11126.383,42.209,-158.698,-0.930441,0.362995,-0.050139,-0.359832,-0.930936,-0.062281,-0.069283,-0.039907,0.996798,0,0.21037,0.71097,12.622,1.422,-1,325.000,350.000,225.000,225.000,275.000,225.000,300.000,300.000,-1,-1,-1,-1,400.000,250.000,575.000,225.000,2,1,1,1,1,1,1,0,0,2,2,2,2,1,1,1,1
95,-8386.637,-11129.403,41.656,-157.286,-0.921199,0.385848,-0.050143,-0.382702,-0.921774,-0.062231,-0.070232,-0.038137,0.996801,0,0.13037,0.70592,7.822,1.412,-1,325.000,350.000,225.000,225.000,275.000,225.000,300.000,300.000,-1,-1,-1,-1,400.000,250.000,600.000,225.000,2,1,1,1,1,1,1,0,0,2,2,2,2,1,1,1,1
96,-8389.400,-11130.625,41.437,-156.114,-0.913099,0.404641,-0.050147,-0.401512,-0.913742,-0.062161,-0.070974,-0.036624,0.996806,0,0.05037,0.58592,3.022,1.172,-1,350.000,350.000,225.000,200.000,275.000,225.000,300.000,300.000,-1,-1,-1,-1,400.000,250.000,625.000,200.000,2,1,1,1,1,1,1,0,0,2,2,2,2,1,1,1,1
97,-8387.789,-11129.874,41.560,-155.023,-0.905212,0.421992,-0.050145,-0.418882,-0.905917,-0.062066,-0.071619,-0.035178,0.996812,0,-0.02963,0.54562,-1.778,1.091,-1,350.000,350.000,225.000,200.000,275.000,225.000,300.000,300.000,-1,-1,-1,-1,425.000,250.000,675.000,200.000,2,1,1,1,1,1,1,0,0,2,2,2,2,1,1,1,1
98,-8381.879,-11126.984,42.027,-153.944,-0.897089,0.438997,-0.050132,-0.435911,-0.897856,-0.061935,-0.072201,-0.033708,0.996820,0,-0.10963,0.53945,-6.578,1.079,-1,375.000,375.000,225.000,200.000,300.000,250.000,300.000,300.000,-1,-1,-1,-1,450.000,250.000,-1,225.000,2,1,1,1,1,1,1,0,0,2,2,2,2,1,1,2,1
99,-8373.042,-11122.455,42.738,-152.874,-0.888713,0.455717,-0.050107,-0.452658,-0.889541,-0.061778,-0.072726,-0.032221,0.996831,0,-0.16550,0.53524,-9.930,1.070,-1,375.000,375.000,250.000,225.000,300.000,250.000,300.000,300.000,-1,-1,-1,-1,475.000,275.000,-1,225.000,2,1,1,1,1,1,1,0,0,2,2,2,2,1,1,2,1
100,-8364.059,-11117.640,43.473,-151.809,-0.880072,0.472192,-0.050081,-0.469162,-0.880959,-0.061628,-0.073219,-0.030741,0.996842,0,-0.16986,0.53246,-10.192,1.065,-1,400.000,400.000,250.000,225.000,325.000,250.000,300.000,300.000,-1,-1,-1,-1,500.000,275.000,-1,225.000,2,1,1,1,1,1,1,0,0,2,2,2,2,1,1,2,1
101,-8354.941,-11112.533,44.231,-150.749,-0.871168,0.488426,-0.050052,-0.485424,-0.872114,-0.061484,-0.073682,-0.029266,0.996852,0,-0.17418,0.52987,-10.451,1.060,-1,400.000,425.000,250.000,225.000,325.000,275.000,300.000,300.000,-1,-1,-1,-1,525.000,300.000,-1,250.000,2,0,1,1,1,1,1,0,0,2,2,2,2,1,1,2,1
102,-8345.697,-11107.129,45.012,-149.694,-0.862008,0.504421,-0.050021,-0.501448,-0.863010,-0.061345,-0.074112,-0.027797,0.996862,0,-0.17846,0.52747,-10.708,1.055,-1,400.000,450.000,275.000,250.000,325.000,275.000,300.000,300.000,-1,-1,-1,-1,550.000,300.000,-1,250.000,2,0,1,1,1,0,1,0,0,2,2,2,2,1,1,2,1
103,-8336.336,-11101.424,45.815,-148.644,-0.852593,0.520180,-0.049985,-0.517237,-0.853651,-0.061209,-0.074510,-0.026333,0.996873,0,-0.18270,0.52526,-10.962,1.051,-1,400.000,475.000,275.000,250.000,325.000,300.000,300.000,300.000,-1,-1,-1,-1,575.000,300.000,-1,250.000,2,0,1,1,1,0,1,0,0,2,2,2,2,1,1,2,1
104,-8326.868,-11095.414,46.641,-147.597,-0.842928,0.535703,-0.049946,-0.532791,-0.844040,-0.061078,-0.074876,-0.024874,0.996883,0,-0.18690,0.52323,-11.214,1.046,-1,400.000,500.000,300.000,250.000,325.000,300.000,300.000,300.000,-1,-1,-1,-1,600.000,325.000,-1,275.000,2,0,1,1,1,0,1,0,0,2,2,2,2,1,1,2,1
105,-8317.304,-11089.096,47.488,-146.554,-0.833016,0.550994,-0.049902,-0.548113,-0.834181,-0.060952,-0.075211,-0.023422,0.996893,0,-0.19105,0.52137,-11.463,1.043,-1,400.000,525.000,300.000,275.000,325.000,325.000,300.000,300.000,-1,-1,-1,-1,625.000,325.000,-1,275.000,2,0,1,1,1,0,1,0,0,2,2,2,2,1,1,2,1
106,-8307.652,-11082.466,48.357,-145.515,-0.822860,0.566053,-0.049854,-0.563204,-0.824076,-0.060829,-0.075516,-0.021976,0.996902,0,-0.19516,0.51968,-11.709,1.039,-1,400.000,550.000,300.000,275.000,325.000,325.000,300.000,300.000,-1,-1,-1,-1,650.000,350.000,-1,275.000,2,0,1,1,1,0,1,0,0,2,2,2,2,1,1,2,1
107,-8297.924,-11075.520,49.246,-144.479,-0.812463,0.580882,-0.049801,-0.578066,-0.813729,-0.060710,-0.075790,-0.020536,0.996912,0,-0.19922,0.51815,-11.953,1.036,-1,400.000,575.000,325.000,275.000,325.000,325.000,300.000,300.000,-1,-1,-1,-1,675.000,350.000,-1,300.000,2,0,1,1,1,0,0,0,0,2,2,2,2,1,1,2,1
108,-8284.425,-11065.598,50.505,-143.682,-0.804294,0.592148,-0.049710,-0.589365,-0.805595,-0.060540,-0.075895,-0.019395,0.996927,0,-0.27922,0.39815,-16.753,0.796,-1,400.000,625.000,325.000,300.000,325.000,325.000,300.000,300.000,-1,-1,-1,-1,725.000,375.000,-1,325.000,2,0,1,1,1,0,0,0,0,2,2,2,2,1,1,2,1
109,-8268.606,-11053.731,52.008,-143.126,-0.798497,0.599952,-0.049591,-0.597204,-0.799822,-0.060273,-0.075825,-0.018512,0.996949,0,-0.32959,0.27815,-19.775,0.556,-1,400.000,650.000,350.000,300.000,325.000,325.000,300.000,300.000,-1,-1,-1,-1,750.000,400.000,-1,325.000,2,0,1,1,1,0,0,0,0,2,2,2,2,1,1,2,1
110,-8252.742,-11041.694,53.522,-142.810,-0.795171,0.604364,-0.049466,-0.601646,-0.796506,-0.060011,-0.075669,-0.017958,0.996971,0,-0.33191,0.15815,-19.914,0.316,-1,400.000,675.000,350.000,325.000,325.000,325.000,300.000,300.000,-1,-1,-1,-1,750.000,400.000,-1,350.000,2,0,1,1,1,0,0,0,0,2,2,2,2,1,1,2,1
111,-8236.820,-11029.579,55.039,-142.734,-0.794370,0.605427,-0.049336,-0.602732,-0.795703,-0.059755,-0.075435,-0.017731,0.996993,0,-0.33344,0.03815,-20.006,0.076,-1,400.000,700.000,375.000,350.000,325.000,325.000,300.000,300.000,-1,-1,-1,-1,775.000,425.000,-1,375.000,2,0,1,1,1,0,0,0,0,2,2,2,2,1,1,2,1
112,-8220.825,-11017.481,56.557,-142.897,-0.796109,0.603150,-0.049202,-0.600472,-0.797428,-0.059505,-0.075126,-0.017827,0.997015,0,-0.33425,-0.08185,-20.055,-0.164,-1,400.000,725.000,375.000,350.000,325.000,325.000,300.000,300.000,-1,-1,-1,-1,775.000,425.000,-1,375.000,2,0,1,1,1,0,0,0,0,2,2,2,2,0,1,2,1
113,-8204.736,-11005.490,58.069,-143.301,-0.800357,0.597512,-0.049066,-0.594846,-0.801652,-0.059259,-0.074742,-0.018242,0.997036,0,-0.33443,-0.20185,-20.066,-0.404,-1,400.000,725.000,400.000,375.000,325.000,325.000,300.000,300.000,-1,-1,-1,-1,775.000,450.000,-1,400.000,2,0,1,1,1,0,0,0,0,2,2,2,2,0,1,2,1
114,-8188.560,-10993.655,59.573,-143.809,-0.805646,0.590373,-0.048930,-0.587716,-0.806912,-0.059017,-0.074324,-0.018790,0.997057,0,-0.33405,-0.25408,-20.043,-0.508,-1,400.000,725.000,400.000,400.000,325.000,325.000,300.000,300.000,-1,-1,-1,-1,775.000,450.000,-1,425.000,2,0,1,0,1,0,0,0,0,2,2,2,2,0,1,2,1
115,-8172.304,-10981.973,61.066,-144.298,-0.810672,0.583463,-0.048796,-0.580817,-0.811910,-0.058775,-0.073911,-0.019305,0.997078,0,-0.33364,-0.24434,-20.018,-0.489,-1,400.000,750.000,400.000,400.000,325.000,325.000,300.000,300.000,-1,-1,-1,-1,775.000,475.000,-1,425.000,2,0,1,0,1,0,0,0,0,2,2,2,2,0,1,2,1
116,-8155.956,-10970.426,62.550,-144.768,-0.815449,0.576780,-0.048665,-0.574143,-0.816660,-0.058533,-0.073504,-0.019790,0.997099,0,-0.33358,-0.23494,-20.015,-0.470,-1,400.000,750.000,400.000,425.000,325.000,325.000,300.000,300.000,-1,-1,-1,-1,775.000,475.000,-1,450.000,2,0,1,0,1,0,0,0,0,2,2,2,2,0,1,2,1
117,-8139.503,-10959.000,64.027,-145.219,-0.819989,0.570318,-0.048537,-0.567693,-0.821174,-0.058291,-0.073102,-0.020244,0.997119,0,-0.33386,-0.22586,-20.031,-0.452,-1,400.000,775.000,400.000,450.000,325.000,325.000,300.000,300.000,-1,-1,-1,-1,775.000,500.000,-1,475.000,2,0,1,0,1,0,0,0,0,2,2,2,2,0,1,2,1
118,-8122.934,-10947.678,65.498,-145.654,-0.824303,0.564075,-0.048411,-0.561461,-0.825465,-0.058048,-0.072705,-0.020669,0.997139,0,-0.33446,-0.21708,-20.068,-0.434,-1,400.000,775.000,400.000,450.000,325.000,325.000,300.000,300.000,-1,-1,-1,-1,775.000,500.000,-1,475.000,2,0,1,0,1,0,0,0,0,2,2,2,2,0,1,2,1
119,-8110.293,-10939.116,66.612,-145.888,-0.826618,0.560685,-0.048318,-0.558082,-0.827766,-0.057863,-0.072439,-0.020865,0.997155,0,-0.25446,-0.11739,-15.268,-0.235,-1,400.000,775.000,400.000,475.000,325.000,325.000,300.000,300.000,-1,-1,-1,-1,775.000,525.000,-1,500.000,2,0,1,0,1,0,0,0,0,2,2,2,2,0,1,2,1
120,-8101.603,-10933.279,67.374,-146.111,-0.828803,0.557456,-0.048254,-0.554858,-0.829939,-0.057737,-0.072233,-0.021078,0.997165,0,-0.17446,-0.11153,-10.468,-0.223,-1,400.000,800.000,400.000,475.000,325.000,325.000,300.000,300.000,-1,-1,-1,-1,775.000,525.000,-1,500.000,2,0,1,0,1,0,0,0,0,2,2,2,2,0,1,2,1
121,-8096.886,-10930.136,67.786,-146.326,-0.830891,0.554342,-0.048217,-0.551745,-0.832016,-0.057670,-0.072087,-0.021314,0.997171,0,-0.09446,-0.10727,-5.668,-0.215,-1,400.000,800.000,400.000,475.000,325.000,325.000,300.000,300.000,-1,-1,-1,-1,775.000,525.000,-1,500.000,2,0,1,0,1,0,0,0,0,2,2,2,2,0,1,2,1
122,-8096.162,-10929.658,67.851,-146.535,-0.832914,0.551298,-0.048208,-0.548699,-0.834029,-0.057663,-0.071997,-0.021577,0.997171,0,-0.01446,-0.10455,-0.868,-0.209,-1,400.000,775.000,400.000,475.000,325.000,325.000,300.000,300.000,-1,-1,-1,-1,775.000,525.000,-1,500.000,2,0,1,0,1,0,0,0,0,2,2,2,2,0,1,2,1
123,-8099.451,-10931.814,67.570,-146.742,-0.834901,0.548284,-0.048226,-0.545676,-0.836006,-0.057716,-0.071962,-0.021871,0.997168,0,0.06554,-0.10330,3.932,-0.207,-1,400.000,775.000,400.000,475.000,325.000,325.000,300.000,300.000,-1,-1,-1,-1,775.000,525.000,-1,500.000,2,0,1,0,1,0,0,0,0,2,2,2,2,0,1,2,1
124,-8106.770,-10936.577,66.942,-146.949,-0.836878,0.545256,-0.048271,-0.542635,-0.837975,-0.057829,-0.071981,-0.022203,0.997159,0,0.14554,-0.10349,8.732,-0.207,-1,400.000,775.000,400.000,475.000,325.000,325.000,300.000,300.000,-1,-1,-1,-1,775.000,525.000,-1,500.000,2,0,1,0,1,0,0,0,0,2,2,2,2,0,1,2,1
125,-8118.139,-10943.916,65.966,-147.159,-0.838875,0.542173,-0.048341,-0.539534,-0.839963,-0.058003,-0.072052,-0.022576,0.997145,0,0.22554,-0.10512,13.532,-0.210,-1,400.000,750.000,400.000,475.000,325.000,325.000,300.000,300.000,-1,-1,-1,-1,775.000,500.000,-1,475.000,2,0,1,0,1,0,0,0,0,2,2,2,2,0,1,2,1
126,-8133.579,-10953.799,64.643,-147.375,-0.840917,0.538992,-0.048436,-0.536330,-0.841997,-0.058238,-0.072173,-0.022995,0.997127,0,0.30554,-0.10818,18.332,-0.216,-1,400.000,725.000,400.000,450.000,325.000,325.000,300.000,300.000,-1,-1,-1,-1,775.000,500.000,-1,475.000,2,0,1,0,1,0,0,0,0,2,2,2,2,0,1,2,1
127,-8153.110,-10966.194,62.968,-147.601,-0.843030,0.535670,-0.048557,-0.532979,-0.844102,-0.058535,-0.072343,-0.023467,0.997104,0,0.38554,-0.11272,23.132,-0.225,-1,400.000,700.000,400.000,425.000,325.000,325.000,300.000,300.000,-1,-1,-1,-1,775.000,475.000,-1,450.000,2,0,1,0,1,0,0,0,0,2,2,2,2,0,1,2,1
128,-8176.756,-10981.063,60.939,-147.838,-0.845243,0.532158,-0.048703,-0.529433,-0.846305,-0.058897,-0.072560,-0.023997,0.997075,0,0.46554,-0.11879,27.932,-0.238,-1,400.000,675.000,400.000,400.000,325.000,325.000,300.000,300.000,-1,-1,-1,-1,750.000,450.000,-1,425.000,2,0,1,1,1,0,0,0,0,2,2,2,2,1,1,2,1
129,-8204.542,-10998.365,58.553,-148.091,-0.847582,0.528410,-0.048873,-0.525644,-0.848633,-0.059324,-0.072823,-0.024592,0.997042,0,0.54554,-0.12646,32.732,-0.253,-1,400.000,625.000,375.000,375.000,325.000,325.000,300.000,300.000,-1,-1,-1,-1,725.000,425.000,-1,400.000,2,0,1,1,1,0,0,0,0,2,2,2,2,1,1,2,1
130,-8236.496,-11018.052,55.804,-148.363,-0.850075,0.524371,-0.049068,-0.521559,-0.851115,-0.059818,-0.073129,-0.025258,0.997003,0,0.62554,-0.13585,37.532,-0.272,-1,400.000,575.000,350.000,350.000,325.000,325.000,300.000,300.000,-1,-1,-1,-1,675.000,400.000,-1,350.000,2,0,1,1,1,0,0,0,0,2,2,2,2,1,1,2,1
131,-8272.650,-11040.072,52.689,-148.657,-0.852753,0.519984,-0.049286,-0.517120,-0.853780,-0.060380,-0.073476,-0.026003,0.996958,0,0.70554,-0.14709,42.332,-0.294,-1,400.000,525.000,325.000,300.000,325.000,325.000,300.000,300.000,-1,-1,-1,-1,650.000,375.000,-1,325.000,2,0,1,1,1,0,0,0,0,2,2,2,2,1,1,2,1
132,-8313.041,-11064.363,49.202,-148.978,-0.855647,0.515185,-0.049527,-0.512263,-0.856659,-0.061014,-0.073861,-0.026835,0.996907,0,0.78554,-0.16036,47.132,-0.321,-1,400.000,475.000,300.000,275.000,325.000,300.000,300.000,300.000,-1,-1,-1,-1,600.000,325.000,-1,275.000,2,0,1,1,1,0,1,0,0,2,2,2,2,1,1,2,1
133,-8357.709,-11090.854,45.368,-149.329,-0.858789,0.509905,-0.049777,-0.506926,-0.859785,-0.061611,-0.074213,-0.027678,0.996858,0,0.86554,-0.17585,51.932,-0.352,-1,400.000,425.000,250.000,225.000,325.000,275.000,300.000,300.000,-1,-1,-1,-1,525.000,300.000,-1,225.000,2,0,1,1,1,0,1,0,0,2,2,2,2,1,1,2,1
