timestep,x_cm,y_cm,z_cm,yaw_deg,basis_xx,basis_xy,basis_xz,basis_yx,basis_yy,basis_yz,basis_zx,basis_zy,basis_zz,teleport_flag,throttle_cmd,steering_cmd,cmd_move_cm,cmd_turn_deg,lidar_cm_0,lidar_cm_1,lidar_cm_2,lidar_cm_3,lidar_cm_4,lidar_cm_5,lidar_cm_6,lidar_cm_7,lidar_cm_8,lidar_cm_9,lidar_cm_10,lidar_cm_11,lidar_cm_12,lidar_cm_13,lidar_cm_14,lidar_cm_15,lidar_cm_16,lidar_class_0,lidar_class_1,lidar_class_2,lidar_class_3,lidar_class_4,lidar_class_5,lidar_class_6,lidar_class_7,lidar_class_8,lidar_class_9,lidar_class_10,lidar_class_11,lidar_class_12,lidar_class_13,lidar_class_14,lidar_class_15,lidar_class_16
0,-9509.913,-5580.095,8.499,-76.906,0.226236,0.972731,0.051101,-0.974053,0.226249,0.005600,-0.006114,-0.051042,0.998678,1,0.08000,-0.12000,4.800,-0.240,-1,375.000,-1,400.000,-1,325.000,325.000,300.000,300.000,-1,400.000,425.000,-1,725.000,-1,-1,-1,2,0,2,1,2,0,0,0,0,2,1,1,2,0,2,2,2
1,-9507.817,-5589.464,8.442,-77.386,0.218093,0.974595,0.050999,-0.975912,0.218093,0.005627,-0.005639,-0.050997,0.998683,0,0.16000,-0.24000,9.600,-0.480,-1,375.000,-1,400.000,-1,325.000,325.000,300.000,300.000,-1,400.000,425.000,-1,725.000,-1,-1,-1,2,0,2,1,2,0,0,0,0,2,1,1,2,0,2,2,2
2,-9504.849,-5603.555,8.367,-78.106,0.205849,0.977262,0.050843,-0.978571,0.205830,0.005663,-0.004931,-0.050920,0.998691,0,0.24000,-0.36000,14.400,-0.720,-1,375.000,-1,425.000,-1,325.000,325.000,300.000,300.000,-1,425.000,450.000,-1,725.000,-1,-1,-1,2,0,2,1,2,0,0,0,0,2,1,1,2,0,2,2,2
3,-9501.207,-5622.406,8.286,-79.066,0.189472,0.980580,0.050633,-0.981878,0.189429,0.005704,-0.003998,-0.050796,0.998701,0,0.32000,-0.48000,19.200,-0.960,-1,375.000,-1,425.000,-1,325.000,325.000,300.000,300.000,-1,425.000,450.000,-1,725.000,-1,-1,-1,2,0,2,1,2,0,0,0,0,2,1,1,2,0,2,2,2
4,-9497.097,-5646.052,8.211,-80.139,0.171105,0.983965,0.050360,-0.985248,0.171034,0.005739,-0.002966,-0.050599,0.998715,0,0.40000,-0.53651,24.000,-1.073,-1,375.000,-1,450.000,-1,325.000,325.000,300.000,300.000,-1,450.000,475.000,-1,725.000,-1,-1,-1,2,0,2,1,2,0,0,0,0,2,1,1,2,0,2,2,2
5,-9492.700,-5674.515,8.153,-81.217,0.152604,0.987021,0.050016,-0.988286,0.152507,0.005761,-0.001942,-0.050309,0.998732,0,0.48000,-0.53862,28.800,-1.077,-1,375.000,-1,450.000,-1,325.000,325.000,300.000,300.000,-1,475.000,500.000,-1,725.000,-1,-1,-1,2,0,2,1,2,0,0,0,0,2,1,1,2,0,2,2,2
6,-9488.324,-5707.829,8.129,-82.517,0.130192,0.990247,0.049610,-0.991488,0.130066,0.005776,-0.000733,-0.049940,0.998752,0,0.56000,-0.65033,33.600,-1.301,-1,375.000,-1,500.000,-1,325.000,325.000,300.000,300.000,-1,525.000,525.000,-1,725.000,-1,-1,-1,2,0,2,1,2,0,0,0,0,2,1,1,2,0,2,2,2
7,-9484.191,-5746.006,8.151,-83.819,0.107684,0.992970,0.049131,-0.994185,0.107530,0.005770,0.000446,-0.049466,0.998776,0,0.64000,-0.65113,38.400,-1.302,-1,375.000,-1,625.000,-1,325.000,325.000,300.000,300.000,-1,550.000,575.000,-1,725.000,-1,-1,-1,2,0,2,1,2,0,0,0,0,2,1,1,2,0,2,2,2
8,-9480.519,-5789.050,8.230,-85.124,0.085078,0.995189,0.048578,-0.996373,0.084899,0.005742,0.001590,-0.048890,0.998803,0,0.72000,-0.65224,43.200,-1.304,-1,400.000,-1,-1,-1,325.000,325.000,300.000,300.000,-1,600.000,600.000,-1,725.000,-1,-1,-1,2,0,2,2,2,0,0,0,0,2,1,1,2,0,2,2,2
9,-9477.532,-5836.958,8.377,-86.431,0.062376,0.996900,0.047955,-0.998049,0.062174,0.005691,0.002692,-0.048216,0.998833,0,0.80000,-0.65366,48.000,-1.307,-1,400.000,-1,-1,-1,325.000,325.000,300.000,300.000,-1,650.000,650.000,-1,725.000,-1,-1,-1,2,0,2,2,2,0,1,0,0,2,1,1,2,0,2,2,2
10,-9475.633,-5885.131,8.581,-87.742,0.039576,0.998095,0.047332,-0.999210,0.039353,0.005624,0.003751,-0.047517,0.998863,0,0.80351,-0.65543,48.211,-1.311,-1,400.000,-1,-1,-1,325.000,350.000,300.000,300.000,-1,700.000,700.000,-1,750.000,-1,-1,-1,2,0,2,2,2,0,1,0,0,2,1,1,2,0,2,2,2
11,-9474.841,-5933.471,6.763,-89.057,0.016417,0.999094,0.039252,-0.999865,0.016451,-0.000564,-0.001209,-0.039237,0.999229,0,0.80576,-0.65726,48.345,-1.315,-1,375.000,-1,-1,-1,300.000,350.000,300.000,275.000,-1,775.000,775.000,-1,700.000,-1,-1,-1,2,0,2,2,2,0,1,0,0,2,1,1,2,0,2,2,2
12,-9475.162,-5981.948,4.022,-90.375,-0.006794,0.999601,0.027407,-0.999935,-0.006541,-0.009286,-0.009103,-0.027468,0.999581,0,0.80797,-0.65916,48.478,-1.318,-1,350.000,-1,-1,-1,300.000,325.000,325.000,250.000,-1,900.000,850.000,-1,675.000,-1,-1,-1,2,0,2,2,2,0,1,0,0,2,1,1,2,0,2,2,2
13,-9476.605,-6030.536,1.086,-91.697,-0.029875,0.999453,0.014205,-0.999395,-0.029614,-0.018224,-0.017793,-0.014741,0.999733,0,0.81015,-0.66112,48.609,-1.322,-1,350.000,-1,-1,-1,275.000,325.000,325.000,225.000,-1,-1,925.000,-1,625.000,-1,-1,-1,2,0,2,2,2,0,1,0,0,2,2,1,2,0,2,2,2
14,-9479.178,-6079.205,-2.086,-93.024,-0.052751,0.998608,-0.000541,-0.998232,-0.052746,-0.027402,-0.027392,-0.000905,0.999624,0,0.81227,-0.66318,48.736,-1.326,-1,325.000,-1,-1,-1,250.000,350.000,325.000,200.000,-1,-1,-1,-1,575.000,-1,-1,-1,2,0,2,2,2,0,1,0,0,2,2,2,2,0,2,2,2
15,-9482.888,-6127.925,-5.535,-94.354,-0.075329,0.997013,-0.017030,-0.996434,-0.075914,-0.036827,-0.038010,0.014195,0.999177,0,0.81434,-0.66533,48.860,-1.331,-1,300.000,-1,-1,-1,250.000,350.000,350.000,175.000,-1,-1,-1,-1,525.000,-1,-1,-1,2,0,2,2,2,0,1,0,0,2,2,2,2,0,2,2,2
16,-9487.742,-6176.665,-9.301,-95.689,-0.097492,0.994604,-0.035461,-0.993992,-0.099089,-0.046485,-0.049748,0.030716,0.998289,0,0.81633,-0.66761,48.980,-1.335,-1,275.000,-1,-1,-1,225.000,375.000,350.000,150.000,-1,-1,-1,-1,475.000,-1,825.000,-1,2,0,2,2,2,0,1,0,0,2,2,2,2,0,2,0,2
17,-9493.745,-6225.392,-13.424,-97.029,-0.119097,0.991300,-0.056040,-0.990901,-0.122234,-0.056340,-0.062699,0.048820,0.996838,0,0.81822,-0.67003,49.093,-1.340,-1,250.000,-1,-1,-1,200.000,400.000,375.000,125.000,-1,-1,-1,-1,425.000,-1,625.000,-1,2,0,2,2,2,0,1,0,0,2,2,2,2,0,2,0,2
18,-9500.902,-6274.072,-17.944,-98.375,-0.139972,0.987001,-0.078974,-0.987162,-0.145302,-0.066327,-0.076940,0.068676,0.994668,0,0.82001,-0.67261,49.201,-1.345,1000.000,225.000,-1,-1,-1,175.000,400.000,400.000,125.000,-1,-1,-1,-1,375.000,-1,475.000,-1,0,0,2,2,2,0,1,0,1,2,2,2,2,0,2,0,2
19,-9509.217,-6322.669,-22.898,-99.725,-0.159913,0.981588,-0.104466,-0.982785,-0.168235,-0.076356,-0.092525,0.090457,0.991593,0,0.82166,-0.67538,49.299,-1.351,775.000,200.000,-1,-1,-1,150.000,400.000,425.000,150.000,-1,-1,-1,-1,325.000,-1,350.000,-1,0,0,2,2,2,1,1,0,1,2,2,2,2,0,2,0,2
20,-9518.692,-6371.145,-28.322,-101.082,-0.178680,0.974916,-0.132710,-0.977797,-0.190956,-0.086302,-0.109479,0.114343,0.987390,0,0.82314,-0.67837,49.388,-1.357,575.000,175.000,-1,-1,-1,175.000,400.000,475.000,150.000,-1,-1,-1,-1,275.000,-1,250.000,-1,0,0,2,2,2,1,1,0,1,2,2,2,2,0,2,0,2
21,-9529.326,-6419.460,-34.252,-102.445,-0.195997,0.966813,-0.163885,-0.972243,-0.213371,-0.096003,-0.127786,0.140519,0.981797,0,0.82442,-0.68161,49.465,-1.363,400.000,150.000,-1,-1,-1,175.000,375.000,550.000,150.000,-1,-1,0.000,375.000,225.000,-1,175.000,-1,0,1,2,2,2,1,1,0,1,2,2,0,0,0,2,0,2
22,-2295.763,-6887.288,-81.756,46.194,0.692188,-0.721679,0.007355,0.721589,0.692222,0.011751,-0.013572,-0.002826,0.999904,1,0.00000,0.00000,49.528,-1.370,-1,400.000,-1,400.000,-1,325.000,325.000,300.000,300.000,-1,-1,-1,-1,725.000,725.000,-1,-1,2,0,2,0,2,0,0,0,0,2,2,2,2,0,0,2,2
23,-2292.426,-6883.838,-81.820,45.954,0.695206,-0.718773,0.007312,0.718684,0.695238,0.011702,-0.013495,-0.002880,0.999905,0,0.08000,-0.12000,4.800,-0.240,-1,400.000,-1,400.000,-1,325.000,325.000,300.000,300.000,-1,-1,-1,-1,725.000,725.000,-1,-1,2,0,2,0,2,0,0,0,0,2,2,2,2,0,0,2,2
24,-2285.694,-6876.994,-81.948,45.474,0.701205,-0.712924,0.007224,0.712835,0.701235,0.011607,-0.013341,-0.002989,0.999907,0,0.16000,-0.24000,9.600,-0.480,-1,400.000,-1,400.000,-1,325.000,325.000,300.000,300.000,-1,-1,-1,-1,725.000,725.000,-1,-1,2,0,2,0,2,0,0,0,0,2,2,2,2,0,0,2,2
25,-2275.468,-6866.855,-82.142,44.754,0.710110,-0.704055,0.007087,0.703969,0.710138,0.011469,-0.013107,-0.003155,0.999909,0,0.24000,-0.36000,14.400,-0.720,-1,400.000,-1,400.000,-1,325.000,325.000,300.000,300.000,-1,-1,-1,-1,725.000,725.000,-1,-1,2,0,2,0,2,0,0,0,0,2,2,2,2,0,0,2,2
26,-2261.608,-6853.568,-82.393,43.794,0.721809,-0.692058,0.006936,0.691974,0.721834,0.011286,-0.012817,-0.003347,0.999912,0,0.32000,-0.48000,19.200,-0.960,-1,400.000,-1,400.000,-1,325.000,325.000,300.000,300.000,-1,-1,-1,-1,725.000,725.000,-1,-1,2,0,2,0,2,0,0,0,0,2,2,2,2,0,0,2,2
27,-2243.940,-6837.325,-82.688,42.594,0.736145,-0.676789,0.006830,0.676708,0.736169,0.011055,-0.012510,-0.003516,0.999916,0,0.40000,-0.60000,24.000,-1.200,-1,400.000,-1,400.000,-1,325.000,325.000,300.000,300.000,-1,-1,-1,-1,725.000,725.000,-1,-1,2,0,2,0,2,0,0,0,0,2,2,2,2,0,0,2,2
28,-2222.255,-6818.372,-83.044,41.154,0.752923,-0.658075,0.006692,0.657997,0.752943,0.010787,-0.012138,-0.003718,0.999919,0,0.48000,-0.72000,28.800,-1.440,-1,400.000,-1,400.000,-1,325.000,325.000,300.000,300.000,-1,-1,-1,-1,725.000,725.000,-1,-1,2,0,2,0,2,0,0,0,0,2,2,2,2,0,0,2,2
29,-2196.343,-6796.982,-83.431,39.538,0.771180,-0.636584,0.006513,0.636509,0.771197,0.010615,-0.011781,-0.004041,0.999922,0,0.56000,-0.80779,33.600,-1.616,-1,400.000,-1,375.000,-1,325.000,325.000,300.000,300.000,-1,-1,-1,-1,725.000,700.000,-1,-1,2,0,2,0,2,0,0,0,0,2,2,2,2,1,0,2,2
30,-2166.052,-6773.381,-83.848,37.925,0.788798,-0.614621,0.006299,0.614546,0.788810,0.010564,-0.011461,-0.004462,0.999924,0,0.64000,-0.80657,38.400,-1.613,-1,400.000,-1,375.000,-1,325.000,325.000,300.000,300.000,-1,-1,-1,-1,825.000,700.000,-1,-1,2,0,2,0,2,0,0,0,0,2,2,2,2,1,0,2,2
31,-2131.243,-6747.797,-84.314,36.315,0.805760,-0.592211,0.006057,0.592137,0.805768,0.010536,-0.011120,-0.004902,0.999926,0,0.72000,-0.80513,43.200,-1.610,-1,400.000,-1,375.000,-1,325.000,325.000,300.000,300.000,-1,-1,-1,-1,-1,700.000,-1,-1,2,0,2,0,2,0,0,0,0,2,2,2,2,2,0,2,2
32,-2091.783,-6720.466,-84.830,34.708,0.822053,-0.569382,0.005794,0.569310,0.822055,0.010527,-0.010757,-0.005355,0.999928,0,0.80000,-0.80341,48.000,-1.607,-1,400.000,-1,375.000,-1,325.000,325.000,300.000,300.000,-1,-1,-1,-1,-1,700.000,-1,-1,2,0,2,0,2,0,0,0,0,2,2,2,2,2,0,2,2
33,-2048.061,-6691.958,-85.392,33.105,0.837659,-0.546166,0.005516,0.546095,0.837657,0.010531,-0.010373,-0.005809,0.999929,0,0.86992,-0.80137,52.195,-1.603,-1,400.000,-1,375.000,-1,325.000,325.000,300.000,300.000,-1,-1,-1,-1,-1,700.000,-1,-1,2,1,2,0,2,0,0,0,0,2,2,2,2,2,0,2,2
34,-2000.489,-6662.529,-85.736,31.742,0.850422,-0.526085,0.004075,0.526020,0.850401,0.010964,-0.009233,-0.007181,0.999932,0,0.93231,-0.68137,55.939,-1.363,-1,400.000,-1,375.000,-1,325.000,325.000,300.000,300.000,-1,-1,-1,-1,-1,700.000,-1,-1,2,1,2,0,2,0,0,0,0,2,2,2,2,2,0,2,2
35,-1952.176,-6633.934,-86.074,30.620,0.860576,-0.509316,0.002610,0.509259,0.860537,0.011458,-0.008082,-0.008531,0.999931,0,0.93569,-0.56137,56.141,-1.123,-1,400.000,-1,375.000,-1,325.000,325.000,300.000,300.000,-1,-1,-1,-1,-1,700.000,-1,-1,2,1,2,0,2,0,0,0,0,2,2,2,2,2,0,2,2
36,-1903.257,-6605.989,-86.333,29.737,0.868325,-0.495994,0.001107,0.495950,0.868275,0.011506,-0.006668,-0.009442,0.999933,0,0.93897,-0.44137,56.338,-0.883,-1,425.000,-1,375.000,-1,325.000,325.000,300.000,300.000,-1,-1,-1,-1,-1,700.000,-1,-1,2,1,2,0,2,0,0,0,0,2,2,2,2,2,0,2,2
37,-1853.859,-6578.502,-86.530,29.094,0.873836,-0.486220,-0.000206,0.486191,0.873779,0.011300,-0.005314,-0.009974,0.999936,0,0.94217,-0.32137,56.530,-0.643,-1,450.000,-1,375.000,-1,325.000,325.000,300.000,300.000,-1,-1,-1,-1,-1,700.000,-1,-1,2,1,2,0,2,1,0,0,0,2,2,2,2,2,0,2,2
38,-1804.105,-6551.272,-86.707,28.691,0.877232,-0.480065,-0.001409,0.480050,0.877173,0.010942,-0.004017,-0.010275,0.999939,0,0.94529,-0.20137,56.718,-0.403,-1,525.000,-1,375.000,-1,325.000,325.000,300.000,300.000,-1,-1,-1,-1,-1,700.000,-1,-1,2,1,2,0,2,1,0,0,0,2,2,2,2,2,0,2,2
39,-1754.113,-6524.096,-87.215,28.529,0.878594,-0.477564,-0.002323,0.477555,0.878518,0.012125,-0.003750,-0.011763,0.999924,0,0.94836,-0.08137,56.902,-0.163,-1,625.000,-1,375.000,-1,350.000,325.000,300.000,300.000,-1,-1,-1,-1,-1,700.000,-1,-1,2,1,2,0,2,1,0,0,0,2,2,2,2,2,0,2,2
40,-1703.997,-6496.765,-88.007,28.606,0.877958,-0.478728,-0.002847,0.478712,0.877838,0.015355,-0.004851,-0.014844,0.999878,0,0.95139,0.03863,57.084,0.077,-1,800.000,-1,375.000,-1,375.000,300.000,275.000,300.000,-1,-1,-1,-1,-1,700.000,-1,-1,2,1,2,0,2,1,0,0,0,2,2,2,2,2,0,2,2
41,-1653.876,-6469.069,-89.104,28.923,0.875313,-0.483547,-0.003099,0.483505,0.875109,0.020154,-0.007033,-0.019140,0.999792,0,0.95441,0.15863,57.265,0.317,-1,775.000,-1,375.000,-1,375.000,300.000,275.000,300.000,-1,-1,-1,-1,-1,675.000,-1,-1,2,1,2,0,2,1,0,0,0,2,2,2,2,2,0,2,2
42,-1603.869,-6440.797,-90.527,29.480,0.870603,-0.491976,-0.003166,0.491880,0.870261,0.026446,-0.010255,-0.024581,0.999645,0,0.95743,0.27863,57.446,0.557,-1,750.000,-1,375.000,-1,425.000,300.000,275.000,300.000,-1,-1,-1,-1,-1,650.000,-1,-1,2,1,2,0,2,1,1,0,0,2,2,2,2,2,0,2,2
43,-1554.103,-6411.739,-92.283,30.278,0.863730,-0.503945,-0.003158,0.503746,0.863173,0.034238,-0.014529,-0.031163,0.999409,0,0.96047,0.39863,57.628,0.797,-1,725.000,-1,350.000,-1,450.000,325.000,250.000,300.000,-1,-1,-1,-1,-1,650.000,-1,-1,2,1,2,0,2,1,1,0,0,2,2,2,2,2,1,2,2
44,-1504.634,-6381.819,-94.386,31.162,0.855939,-0.517068,-0.003135,0.516695,0.855057,0.043634,-0.019882,-0.038968,0.999043,0,0.96356,0.44222,57.813,0.884,-1,675.000,-1,350.000,-1,450.000,350.000,225.000,325.000,-1,-1,-1,-1,-1,650.000,-1,-1,2,1,2,1,2,1,1,0,0,2,2,2,2,2,1,2,2
45,-1455.482,-6351.035,-96.596,32.052,0.847964,-0.530046,-0.003008,0.529362,0.846552,0.055906,-0.027087,-0.048998,0.998432,0,0.96660,0.44478,57.996,0.890,-1,650.000,-1,350.000,-1,425.000,350.000,225.000,325.000,-1,-1,-1,-1,-1,625.000,-1,975.000,2,1,2,1,2,1,1,0,0,2,2,2,2,2,1,2,0
46,-1406.672,-6319.390,-99.112,32.947,0.839817,-0.542862,-0.003003,0.541703,0.837635,0.070181,-0.035583,-0.060566,0.997530,0,0.96950,0.44759,58.170,0.895,-1,600.000,-1,350.000,-1,425.000,350.000,200.000,325.000,-1,-1,-1,-1,-1,600.000,-1,850.000,2,1,2,1,2,1,1,1,0,2,2,2,2,2,1,2,0
47,-1358.231,-6286.886,-101.859,33.848,0.831529,-0.555467,-0.003952,0.553679,0.828238,0.086377,-0.044706,-0.074013,0.996255,0,0.97225,0.45071,58.335,0.901,-1,550.000,-1,350.000,-1,400.000,325.000,200.000,350.000,-1,-1,-1,-1,-1,550.000,-1,725.000,2,1,2,1,2,1,1,1,0,2,2,2,2,2,1,2,0
48,-8855.090,8199.155,-126.463,169.173,-0.980004,-0.187829,0.065674,0.186487,-0.982112,-0.026047,0.069392,-0.013278,0.997501,1,0.00000,0.00000,58.487,0.908,-1,400.000,-1,400.000,-1,325.000,325.000,300.000,300.000,-1,-1,-1,-1,750.000,800.000,-1,-1,2,0,2,0,2,0,0,0,0,2,2,2,2,0,0,2,2
49,-8850.379,8198.239,-126.799,168.999,-0.979426,-0.190811,0.065696,0.189473,-0.981539,-0.026094,0.069462,-0.013109,0.997498,0,-0.08000,-0.08701,-4.800,-0.174,-1,400.000,-1,400.000,-1,325.000,325.000,300.000,300.000,-1,-1,-1,-1,750.000,800.000,-1,-1,2,0,2,0,2,0,0,0,0,2,2,2,2,0,0,2,2
50,-8840.961,8196.378,-127.470,168.825,-0.978837,-0.193794,0.065742,0.192454,-0.980956,-0.026189,0.069565,-0.012982,0.997493,0,-0.16000,-0.08707,-9.600,-0.174,-1,400.000,-1,400.000,-1,325.000,325.000,300.000,300.000,-1,-1,-1,-1,750.000,800.000,-1,-1,2,0,2,0,2,0,0,0,0,2,2,2,2,0,0,2,2
51,-8826.962,8193.569,-128.469,168.650,-0.978237,-0.196778,0.065812,0.195434,-0.980363,-0.026330,0.069701,-0.012895,0.997485,0,-0.23797,-0.08717,-14.278,-0.174,-1,400.000,-1,400.000,-1,325.000,325.000,300.000,300.000,-1,-1,-1,-1,750.000,800.000,-1,-1,2,0,2,0,2,0,0,0,0,2,2,2,2,0,0,2,2
52,-8812.976,8190.717,-129.469,168.476,-0.977626,-0.199765,0.065882,0.198417,-0.979760,-0.026472,0.069837,-0.012808,0.997476,0,-0.23789,-0.08731,-14.273,-0.175,-1,400.000,-1,400.000,-1,325.000,325.000,300.000,300.000,-1,-1,-1,-1,750.000,800.000,-1,-1,2,0,2,0,2,0,0,0,0,2,2,2,2,0,0,2,2
53,-8799.004,8187.824,-130.470,168.301,-0.977006,-0.202755,0.065954,0.201403,-0.979147,-0.026614,0.069974,-0.012719,0.997468,0,-0.23781,-0.08744,-14.269,-0.175,-1,400.000,-1,400.000,-1,325.000,325.000,300.000,300.000,-1,-1,-1,-1,750.000,800.000,-1,-1,2,0,2,0,2,0,0,0,0,2,2,2,2,0,0,2,2
54,-8785.046,8184.889,-131.472,168.126,-0.976375,-0.205747,0.066026,0.204390,-0.978524,-0.026756,0.070113,-0.012629,0.997459,0,-0.23772,-0.08756,-14.263,-0.175,-1,400.000,-1,400.000,-1,325.000,325.000,300.000,300.000,-1,-1,-1,-1,750.000,800.000,-1,-1,2,0,2,0,2,0,0,0,0,2,2,2,2,0,0,2,2
55,-8771.102,8181.912,-132.475,167.950,-0.975735,-0.208741,0.066099,0.207380,-0.977891,-0.026898,0.070252,-0.012538,0.997450,0,-0.23764,-0.08767,-14.258,-0.175,-1,400.000,-1,400.000,-1,325.000,325.000,300.000,300.000,-1,-1,-1,-1,750.000,800.000,-1,-1,2,0,2,0,2,0,0,0,0,2,2,2,2,0,0,2,2
56,-8757.172,8178.894,-133.479,167.775,-0.975084,-0.211736,0.066173,0.210370,-0.977248,-0.027041,0.070393,-0.012446,0.997442,0,-0.23755,-0.08776,-14.253,-0.176,-1,400.000,-1,400.000,-1,325.000,325.000,300.000,300.000,-1,-1,-1,-1,750.000,800.000,-1,-1,2,0,2,0,2,0,0,0,0,2,2,2,2,0,0,2,2
57,-8743.257,8175.835,-134.485,167.599,-0.974424,-0.214731,0.066247,0.213362,-0.976595,-0.027184,0.070534,-0.012354,0.997433,0,-0.23745,-0.08784,-14.247,-0.176,-1,400.000,-1,400.000,-1,325.000,325.000,300.000,300.000,-1,-1,-1,-1,750.000,800.000,-1,-1,2,0,2,0,2,0,0,0,0,2,2,2,2,0,0,2,2
58,-8729.358,8172.734,-135.492,167.423,-0.973754,-0.217728,0.066323,0.216353,-0.975933,-0.027327,0.070676,-0.012260,0.997424,0,-0.23736,-0.08791,-14.242,-0.176,-1,400.000,-1,400.000,-1,325.000,325.000,300.000,300.000,-1,-1,-1,-1,750.000,800.000,-1,-1,2,0,2,0,2,0,0,0,0,2,2,2,2,0,0,2,2
59,-8715.473,8169.591,-136.499,167.248,-0.973074,-0.220723,0.066399,0.219345,-0.975261,-0.027470,0.070820,-0.012166,0.997415,0,-0.23726,-0.08797,-14.236,-0.176,-1,400.000,-1,400.000,-1,325.000,325.000,300.000,300.000,-1,-1,-1,-1,750.000,800.000,-1,-1,2,0,2,0,2,0,0,0,0,2,2,2,2,0,0,2,2
60,-8701.604,8166.408,-137.508,167.071,-0.972384,-0.223719,0.066476,0.222336,-0.974579,-0.027613,0.070964,-0.012071,0.997406,0,-0.23717,-0.08801,-14.230,-0.176,-1,400.000,-1,400.000,-1,325.000,325.000,300.000,300.000,-1,-1,-1,-1,750.000,800.000,-1,-1,2,0,2,0,2,0,0,0,0,2,2,2,2,0,0,2,2
61,-8687.750,8163.183,-138.518,166.895,-0.971685,-0.226713,0.066554,0.225326,-0.973888,-0.027757,0.071109,-0.011975,0.997397,0,-0.23707,-0.08804,-14.224,-0.176,-1,400.000,-1,400.000,-1,325.000,325.000,300.000,300.000,-1,-1,-1,-1,750.000,800.000,-1,-1,2,0,2,0,2,0,0,0,0,2,2,2,2,0,0,2,2
62,-8673.912,8159.917,-139.529,166.719,-0.970977,-0.229706,0.066633,0.228314,-0.973188,-0.027901,0.071256,-0.011878,0.997387,0,-0.23697,-0.08806,-14.218,-0.176,-1,400.000,-1,400.000,-1,325.000,325.000,300.000,300.000,-1,-1,-1,-1,750.000,800.000,-1,-1,2,0,2,0,2,0,0,0,0,2,2,2,2,0,0,2,2
63,-8660.090,8156.609,-140.542,166.543,-0.970259,-0.232696,0.066713,0.231300,-0.972478,-0.028045,0.071403,-0.011780,0.997378,0,-0.23687,-0.08806,-14.212,-0.176,-1,400.000,-1,400.000,-1,325.000,325.000,300.000,300.000,-1,-1,-1,-1,750.000,800.000,-1,-1,2,0,2,0,2,0,0,0,0,2,2,2,2,0,0,2,2
64,-8646.284,8153.261,-141.555,166.367,-0.969532,-0.235684,0.066793,0.234284,-0.971759,-0.028190,0.071551,-0.011682,0.997369,0,-0.23677,-0.08805,-14.206,-0.176,-1,400.000,-1,400.000,-1,325.000,325.000,300.000,300.000,-1,-1,-1,-1,775.000,800.000,-1,-1,2,0,2,0,2,0,0,0,0,2,2,2,2,0,0,2,2
65,-8632.494,8149.871,-142.570,166.191,-0.968795,-0.238670,0.066875,0.237265,-0.971032,-0.028334,0.071700,-0.011583,0.997359,0,-0.23667,-0.08803,-14.200,-0.176,-1,400.000,-1,400.000,-1,325.000,325.000,300.000,300.000,-1,-1,-1,-1,775.000,800.000,-1,-1,2,0,2,0,2,0,0,0,0,2,2,2,2,0,0,2,2
66,-8618.720,8146.441,-143.585,166.015,-0.968050,-0.241652,0.066957,0.240242,-0.970295,-0.028479,0.071850,-0.011484,0.997349,0,-0.23658,-0.08800,-14.195,-0.176,-1,400.000,-1,400.000,-1,325.000,325.000,300.000,300.000,-1,-1,-1,-1,775.000,800.000,-1,-1,2,0,2,0,2,0,0,0,0,2,2,2,2,0,0,2,2
67,-8604.963,8142.970,-144.602,165.839,-0.967296,-0.244630,0.067040,0.243216,-0.969550,-0.028625,0.072001,-0.011383,0.997340,0,-0.23648,-0.08795,-14.189,-0.176,-1,400.000,-1,400.000,-1,325.000,325.000,300.000,300.000,-1,-1,-1,-1,775.000,800.000,-1,-1,2,0,2,0,2,0,0,0,0,2,2,2,2,0,0,2,2
68,-8591.221,8139.458,-145.623,165.663,-0.966534,-0.247604,0.067120,0.246186,-0.968796,-0.028761,0.072146,-0.011274,0.997330,0,-0.23638,-0.08790,-14.183,-0.176,-1,400.000,-1,400.000,-1,325.000,325.000,300.000,300.000,-1,-1,-1,-1,775.000,800.000,-1,-1,2,0,2,0,2,0,0,0,0,2,2,2,2,0,0,2,2
69,-8577.496,8135.905,-146.645,165.488,-0.965763,-0.250573,0.067198,0.249152,-0.968033,-0.028892,0.072289,-0.011160,0.997321,0,-0.23629,-0.08783,-14.177,-0.176,-1,400.000,-1,400.000,-1,325.000,325.000,300.000,300.000,-1,-1,-1,-1,775.000,800.000,-1,-1,2,0,2,0,2,0,0,0,0,2,2,2,2,0,0,2,2
70,-8563.787,8132.312,-147.673,165.312,-0.964982,-0.253537,0.067293,0.252113,-0.967263,-0.029011,0.072445,-0.011030,0.997311,0,-0.23620,-0.08774,-14.172,-0.175,-1,400.000,-1,400.000,-1,325.000,325.000,300.000,300.000,-1,-1,-1,-1,775.000,800.000,-1,-1,2,0,2,0,2,0,0,0,0,2,2,2,2,0,0,2,2
71,-8550.095,8128.678,-148.707,165.137,-0.964192,-0.256496,0.067405,0.255070,-0.966484,-0.029119,0.072615,-0.010884,0.997301,0,-0.23611,-0.08765,-14.167,-0.175,-1,400.000,-1,400.000,-1,325.000,325.000,300.000,300.000,-1,-1,-1,-1,775.000,800.000,-1,-1,2,0,2,0,2,0,0,0,0,2,2,2,2,0,0,2,2
72,-8536.419,8125.004,-149.742,164.962,-0.963394,-0.259448,0.067519,0.258020,-0.965697,-0.029227,0.072786,-0.010736,0.997290,0,-0.23602,-0.08754,-14.161,-0.175,-1,400.000,-1,400.000,-1,325.000,325.000,300.000,300.000,-1,-1,-1,-1,775.000,800.000,-1,-1,2,0,2,0,2,0,0,0,0,2,2,2,2,0,0,2,2
73,-8522.758,8121.289,-150.778,164.787,-0.962588,-0.262394,0.067635,0.260964,-0.964903,-0.029335,0.072958,-0.010587,0.997279,0,-0.23594,-0.08742,-14.156,-0.175,-1,400.000,-1,400.000,-1,325.000,325.000,300.000,300.000,-1,-1,-1,-1,775.000,800.000,-1,-1,2,0,2,0,2,0,0,0,0,2,2,2,2,0,0,2,2
74,-8513.727,8118.844,-151.462,164.852,-0.962881,-0.261297,0.067712,0.259858,-0.965199,-0.029405,0.073039,-0.010718,0.997271,0,-0.15594,0.03258,-9.356,0.065,-1,400.000,-1,400.000,-1,325.000,325.000,300.000,300.000,-1,-1,-1,-1,775.000,800.000,-1,-1,2,0,2,0,2,0,0,0,0,2,2,2,2,0,0,2,2
75,-8509.323,8117.676,-151.792,165.138,-0.964175,-0.256470,0.067750,0.255017,-0.966488,-0.029436,0.073029,-0.011104,0.997268,0,-0.07594,0.14312,-4.556,0.286,-1,400.000,-1,400.000,-1,325.000,325.000,300.000,300.000,-1,-1,-1,-1,775.000,800.000,-1,-1,2,0,2,0,2,0,0,0,0,2,2,2,2,0,0,2,2
76,-8509.559,8117.737,-151.770,165.425,-0.965448,-0.251636,0.067749,0.250172,-0.967754,-0.029431,0.072970,-0.011465,0.997268,0,0.00406,0.14316,0.244,0.286,-1,400.000,-1,400.000,-1,325.000,325.000,300.000,300.000,-1,-1,-1,-1,775.000,800.000,-1,-1,2,0,2,0,2,0,0,0,0,2,2,2,2,0,0,2,2
77,-8514.447,8118.982,-151.399,165.711,-0.966699,-0.246796,0.067709,0.245324,-0.968996,-0.029389,0.072863,-0.011800,0.997272,0,0.08406,0.14316,5.044,0.286,-1,400.000,-1,400.000,-1,325.000,325.000,300.000,300.000,-1,-1,-1,-1,775.000,800.000,-1,-1,2,0,2,0,2,0,0,0,0,2,2,2,2,0,0,2,2
78,-8523.998,8121.364,-150.678,165.997,-0.967928,-0.241952,0.067632,0.240475,-0.970213,-0.029311,0.072709,-0.012107,0.997280,0,0.16406,0.14311,9.844,0.286,-1,400.000,-1,400.000,-1,325.000,325.000,300.000,300.000,-1,-1,-1,-1,775.000,800.000,-1,-1,2,0,2,0,2,0,0,0,0,2,2,2,2,0,0,2,2
79,-8538.224,8124.836,-149.610,166.283,-0.969135,-0.237104,0.067519,0.235625,-0.971405,-0.029196,0.072511,-0.012385,0.997291,0,0.24406,0.14304,14.644,0.286,-1,400.000,-1,400.000,-1,325.000,325.000,300.000,300.000,-1,-1,-1,-1,775.000,800.000,-1,-1,2,0,2,0,2,0,0,0,0,2,2,2,2,0,0,2,2
80,-8557.136,8129.352,-148.195,166.569,-0.970319,-0.232253,0.067372,0.230776,-0.972573,-0.029044,0.072269,-0.012634,0.997305,0,0.32406,0.14293,19.444,0.286,-1,400.000,-1,400.000,-1,325.000,325.000,300.000,300.000,-1,-1,-1,-1,775.000,800.000,-1,-1,2,0,2,0,2,0,0,0,0,2,2,2,2,0,0,2,2
81,-8580.745,8134.865,-146.446,166.855,-0.971478,-0.227401,0.067222,0.225930,-0.973717,-0.028832,0.072012,-0.012822,0.997321,0,0.40406,0.14282,24.244,0.286,-1,400.000,-1,400.000,-1,325.000,325.000,300.000,300.000,-1,-1,-1,-1,775.000,800.000,-1,-1,2,0,2,0,2,0,0,0,0,2,2,2,2,0,0,2,2
82,-8609.060,8141.330,-144.367,167.140,-0.972612,-0.222547,0.067064,0.221088,-0.974836,-0.028543,0.071729,-0.012934,0.997340,0,0.48406,0.14271,29.044,0.285,-1,400.000,-1,400.000,-1,325.000,325.000,300.000,300.000,-1,-1,-1,-1,775.000,800.000,-1,-1,2,0,2,0,2,0,0,0,0,2,2,2,2,0,0,2,2
83,-8642.092,8148.698,-141.956,167.425,-0.973724,-0.217691,0.066876,0.216248,-0.975931,-0.028193,0.071404,-0.012990,0.997363,0,0.56406,0.14263,33.844,0.285,-1,400.000,-1,400.000,-1,325.000,325.000,300.000,300.000,-1,-1,-1,-1,750.000,800.000,-1,-1,2,0,2,0,2,0,0,0,0,2,2,2,2,0,0,2,2
84,-8679.850,8156.923,-139.212,167.711,-0.974812,-0.212831,0.066666,0.211408,-0.977003,-0.027796,0.071049,-0.013002,0.997388,0,0.64406,0.14260,38.644,0.285,-1,400.000,-1,400.000,-1,325.000,325.000,300.000,300.000,-1,-1,-1,-1,750.000,800.000,-1,-1,2,0,2,0,2,0,0,0,0,2,2,2,2,0,0,2,2
85,-8722.344,8165.958,-136.140,167.996,-0.975878,-0.207964,0.066435,0.206565,-0.978051,-0.027352,0.070665,-0.012969,0.997416,0,0.72406,0.14263,43.444,0.285,-1,400.000,-1,400.000,-1,325.000,325.000,300.000,300.000,-1,-1,-1,-1,750.000,800.000,-1,-1,2,0,2,0,2,0,0,0,0,2,2,2,2,0,0,2,2
86,-8769.582,8175.757,-132.741,168.281,-0.976921,-0.203087,0.066185,0.201715,-0.979076,-0.026864,0.070255,-0.012893,0.997446,0,0.80406,0.14277,48.244,0.286,-1,400.000,-1,400.000,-1,325.000,325.000,300.000,300.000,-1,-1,-1,-1,750.000,800.000,-1,-1,2,0,2,0,2,0,0,0,0,2,2,2,2,0,0,2,2
87,-8821.573,8186.271,-129.019,168.568,-0.977943,-0.198196,0.065917,0.196854,-0.980079,-0.026331,0.069822,-0.012774,0.997478,0,0.88406,0.14304,53.044,0.286,-1,400.000,-1,400.000,-1,325.000,325.000,300.000,300.000,-1,-1,-1,-1,750.000,800.000,-1,-1,2,0,2,0,2,0,0,0,0,2,2,2,2,0,0,2,2
88,-8876.409,8197.074,-125.115,168.855,-0.978944,-0.193286,0.065642,0.191975,-0.981061,-0.025773,0.069381,-0.012629,0.997510,0,0.93150,0.14348,55.890,0.287,-1,400.000,-1,400.000,-1,325.000,325.000,300.000,300.000,-1,-1,-1,-1,750.000,800.000,-1,-1,2,0,2,0,2,0,0,0,0,2,2,2,2,0,0,2,2
89,-8931.286,8207.599,-121.228,169.143,-0.979924,-0.188349,0.065376,0.187070,-0.982023,-0.025220,0.068951,-0.012484,0.997542,0,0.93129,0.14409,55.877,0.288,-1,400.000,-1,400.000,-1,325.000,325.000,300.000,300.000,-1,-1,-1,-1,750.000,800.000,-1,-1,2,0,2,0,2,0,0,0,0,2,2,2,2,0,0,2,2
90,-8986.206,8217.845,-117.358,169.432,-0.980883,-0.183382,0.065119,0.182133,-0.982964,-0.024671,0.068534,-0.012340,0.997572,0,0.93113,0.14485,55.868,0.290,-1,400.000,-1,400.000,-1,325.000,325.000,300.000,300.000,-1,-1,-1,-1,750.000,800.000,-1,-1,2,0,2,0,2,0,0,0,0,2,2,2,2,0,0,2,2
91,-9041.173,8227.810,-113.505,169.724,-0.981821,-0.178378,0.064869,0.177159,-0.983886,-0.024126,0.068127,-0.012196,0.997602,0,0.93104,0.14577,55.862,0.292,-1,400.000,-1,400.000,-1,325.000,325.000,300.000,300.000,-1,-1,-1,-1,750.000,800.000,-1,-1,2,0,2,0,2,0,0,0,0,2,2,2,2,0,0,2,2
92,-9096.188,8237.494,-109.667,170.018,-0.982741,-0.173333,0.064627,0.172143,-0.984790,-0.023585,0.067732,-0.012053,0.997631,0,0.93102,0.14684,55.861,0.294,-1,400.000,-1,400.000,-1,325.000,325.000,300.000,300.000,-1,-1,-1,-1,750.000,800.000,-1,-1,2,0,2,0,2,0,0,0,0,2,2,2,2,0,0,2,2
93,-9146.485,8246.298,-106.185,170.071,-0.982915,-0.172410,0.064448,0.171250,-0.984955,-0.023155,0.067470,-0.011722,0.997652,0,0.85102,0.02684,51.061,0.054,-1,400.000,-1,400.000,-1,325.000,325.000,300.000,300.000,-1,-1,-1,-1,750.000,800.000,-1,-1,2,0,2,0,2,0,0,0,0,2,2,2,2,0,0,2,2
94,-9192.027,8254.422,-103.043,169.885,-0.982353,-0.175613,0.064367,0.174485,-0.984396,-0.022798,0.067366,-0.011165,0.997666,0,0.77102,-0.09316,46.261,-0.186,-1,400.000,-1,400.000,-1,325.000,325.000,300.000,300.000,-1,-1,-1,-1,750.000,800.000,-1,-1,2,0,2,0,2,0,0,0,0,2,2,2,2,0,0,2,2
95,-9236.371,8262.674,-99.988,169.459,-0.981019,-0.182935,0.064310,0.181847,-0.983071,-0.022427,0.067324,-0.010306,0.997678,0,0.75175,-0.21316,45.105,-0.426,-1,400.000,-1,400.000,-1,325.000,325.000,300.000,300.000,-1,-1,-1,-1,750.000,800.000,-1,-1,2,0,2,0,2,0,0,0,0,2,2,2,2,0,0,2,2
96,-9280.631,8271.444,-96.940,168.792,-0.978823,-0.194357,0.064272,0.193321,-0.980888,-0.022026,0.067324,-0.009135,0.997689,0,0.75201,-0.33316,45.121,-0.666,-1,400.000,-1,400.000,-1,325.000,325.000,300.000,300.000,-1,-1,-1,-1,750.000,800.000,-1,-1,2,0,2,0,2,0,0,0,0,2,2,2,2,0,0,2,2
97,-9324.765,8280.917,-93.892,167.886,-0.975621,-0.209850,0.064234,0.208875,-0.977703,-0.021613,0.067337,-0.007669,0.997701,0,0.75232,-0.45316,45.139,-0.906,-1,400.000,-1,400.000,-1,325.000,325.000,300.000,300.000,-1,-1,-1,-1,750.000,800.000,-1,-1,2,0,2,0,2,0,0,0,0,2,2,2,2,0,0,2,2
98,-9368.719,8291.275,-90.845,166.740,-0.971220,-0.229370,0.064199,0.228466,-0.973321,-0.021185,0.067346,-0.005908,0.997712,0,0.75264,-0.57316,45.158,-1.146,-1,400.000,-1,400.000,-1,325.000,325.000,300.000,300.000,-1,-1,-1,-1,750.000,800.000,-1,-1,2,0,2,0,2,0,0,0,0,2,2,2,2,0,0,2,2
99,-9412.415,8302.695,-87.800,165.353,-0.965374,-0.252854,0.064169,0.252031,-0.967497,-0.020744,0.067328,-0.003853,0.997723,0,0.75272,-0.69316,45.163,-1.386,-1,400.000,-1,400.000,-1,325.000,325.000,300.000,300.000,-1,-1,-1,-1,750.000,800.000,-1,-1,2,0,2,0,2,0,0,0,0,2,2,2,2,0,0,2,2
100,-9455.789,8315.281,-84.760,163.818,-0.958234,-0.278697,0.064145,0.277962,-0.960378,-0.020290,0.067259,-0.001612,0.997734,0,0.75272,-0.76797,45.163,-1.536,-1,400.000,-1,400.000,-1,325.000,325.000,300.000,300.000,-1,-1,-1,-1,750.000,800.000,-1,-1,2,0,2,0,2,0,0,0,0,2,2,2,2,0,0,2,2
101,-9498.810,8329.026,-81.726,162.282,-0.950403,-0.304340,0.064129,0.303694,-0.952563,-0.019827,0.067121,0.000632,0.997745,0,0.75272,-0.76797,45.163,-1.536,-1,400.000,-1,400.000,-1,325.000,325.000,300.000,300.000,-1,-1,-1,-1,750.000,825.000,-1,-1,2,0,2,0,2,0,0,0,0,2,2,2,2,0,0,2,2
102,-9541.447,8343.919,-78.703,160.746,-0.941884,-0.329761,0.064122,0.329206,-0.944060,-0.019354,0.066917,0.002880,0.997754,0,0.75272,-0.76797,45.163,-1.536,-1,400.000,-1,400.000,-1,325.000,325.000,300.000,300.000,-1,-1,-1,-1,775.000,825.000,-1,-1,2,0,2,0,2,0,0,0,0,2,2,2,2,0,0,2,2
103,-9583.669,8359.949,-75.711,159.210,-0.932691,-0.354944,0.064049,0.354476,-0.934874,-0.018917,0.066593,0.005060,0.997767,0,0.75272,-0.76797,45.163,-1.536,-1,400.000,-1,400.000,-1,325.000,325.000,300.000,300.000,-1,-1,-1,-1,775.000,825.000,-1,-1,2,0,2,0,2,0,0,0,0,2,2,2,2,0,0,2,2
104,-9625.447,8377.106,-72.748,157.674,-0.922828,-0.379870,0.063934,0.379488,-0.925012,-0.018499,0.066167,0.007190,0.997783,0,0.75272,-0.76797,45.163,-1.536,-1,400.000,-1,400.000,-1,325.000,325.000,300.000,300.000,-1,-1,-1,-1,775.000,825.000,-1,-1,2,0,2,0,2,0,0,0,0,2,2,2,2,0,0,2,2
105,-9666.750,8395.375,-69.815,156.138,-0.912302,-0.404521,0.063780,0.404222,-0.914482,-0.018093,0.065645,0.009275,0.997800,0,0.75272,-0.76797,45.163,-1.536,-1,400.000,-1,400.000,-1,325.000,325.000,300.000,300.000,-1,-1,-1,-1,775.000,850.000,-1,-1,2,0,2,0,2,0,0,0,0,2,2,2,2,0,0,2,2
106,-9707.548,8414.746,-66.911,154.602,-0.901122,-0.428878,0.063582,0.428664,-0.903291,-0.017670,0.065011,0.011332,0.997820,0,0.75272,-0.76797,45.163,-1.536,-1,400.000,-1,400.000,-1,325.000,325.000,300.000,300.000,-1,-1,-1,-1,775.000,850.000,-1,-1,2,0,2,0,2,0,0,0,0,2,2,2,2,0,0,2,2
107,-9747.813,8435.203,-64.036,153.066,-0.889296,-0.452924,0.063336,0.452795,-0.891449,-0.017211,0.064256,0.013373,0.997844,0,0.75272,-0.76797,45.163,-1.536,-1,400.000,-1,400.000,-1,325.000,325.000,300.000,300.000,-1,-1,-1,-1,775.000,850.000,-1,-1,2,0,2,0,2,0,0,0,0,2,2,2,2,0,0,2,2
108,-9787.514,8456.731,-61.208,151.530,-0.876837,-0.476643,0.062997,0.476594,-0.878964,-0.016761,0.063361,0.015327,0.997873,0,0.75272,-0.76797,45.163,-1.536,-1,400.000,-1,400.000,-1,325.000,325.000,300.000,300.000,-1,-1,-1,-1,775.000,850.000,-1,-1,2,0,2,0,2,0,0,0,0,2,2,2,2,0,0,2,2
109,-9826.625,8479.317,-58.422,149.994,-0.863750,-0.500016,0.062611,0.500047,-0.865845,-0.016294,0.062359,0.017234,0.997905,0,0.75272,-0.76797,45.163,-1.536,-1,400.000,-1,400.000,-1,325.000,325.000,300.000,300.000,-1,-1,-1,-1,800.000,850.000,-1,-1,2,0,2,0,2,0,0,0,0,2,2,2,2,0,0,2,2
110,-9865.116,8502.942,-55.754,148.458,-0.850050,-0.523023,0.062146,0.523155,-0.852098,-0.015435,0.061027,0.019391,0.997948,0,0.75272,-0.76797,45.163,-1.536,-1,400.000,-1,400.000,-1,325.000,325.000,300.000,300.000,-1,-1,-1,-1,800.000,850.000,-1,-1,2,0,2,0,2,0,0,0,0,2,2,2,2,0,0,2,2
111,-9902.960,8527.590,-53.136,146.922,-0.835741,-0.545651,0.061665,0.545883,-0.837736,-0.014514,0.059579,0.021532,0.997991,0,0.75272,-0.76797,45.163,-1.536,-1,400.000,-1,400.000,-1,325.000,325.000,300.000,300.000,-1,-1,-1,-1,800.000,850.000,-1,-1,2,0,2,0,2,0,0,0,0,2,2,2,2,0,0,2,2
112,-9940.129,8553.244,-50.569,145.386,-0.820833,-0.567883,0.061180,0.568213,-0.822770,-0.013541,0.058027,0.023648,0.998035,0,0.75272,-0.76797,45.163,-1.536,-1,400.000,-1,400.000,-1,325.000,325.000,300.000,300.000,-1,-1,-1,-1,800.000,850.000,-1,-1,2,0,2,0,2,0,0,0,0,2,2,2,2,0,0,2,2
113,-9976.598,8579.885,-48.054,143.850,-0.805337,-0.589702,0.060699,0.590130,-0.807211,-0.012514,0.056377,0.025742,0.998078,0,0.75272,-0.76797,45.163,-1.536,-1,400.000,-1,400.000,-1,325.000,325.000,300.000,300.000,-1,-1,-1,-1,800.000,850.000,-1,-1,2,0,2,0,2,0,0,0,0,2,2,2,2,0,0,2,2
114,-10012.340,8607.494,-45.595,142.314,-0.789265,-0.611092,0.060228,0.611618,-0.791071,-0.011433,0.054631,0.027813,0.998119,0,0.75272,-0.76797,45.163,-1.536,-1,400.000,-1,400.000,-1,325.000,325.000,300.000,300.000,-1,-1,-1,-1,800.000,875.000,-1,-1,2,0,2,0,2,0,0,0,0,2,2,2,2,0,0,2,2
115,-10047.328,8636.051,-43.210,140.778,-0.772627,-0.632040,0.059770,0.632657,-0.774363,-0.010384,0.052847,0.029791,0.998158,0,0.75272,-0.76797,45.163,-1.536,-1,400.000,-1,400.000,-1,325.000,325.000,300.000,300.000,-1,-1,-1,-1,800.000,875.000,-1,-1,2,0,2,0,2,0,0,0,0,2,2,2,2,0,0,2,2
116,-10081.560,8665.556,-40.893,139.241,-0.755422,-0.652547,0.059326,0.653250,-0.757085,-0.009336,0.051007,0.031703,0.998195,0,0.75320,-0.76857,45.192,-1.537,-1,400.000,-1,400.000,-1,325.000,325.000,300.000,300.000,-1,-1,-1,-1,800.000,875.000,-1,-1,2,0,2,0,2,0,0,0,0,2,2,2,2,0,0,2,2
117,-10115.055,8696.032,-38.647,137.700,-0.737634,-0.672627,0.058898,0.673414,-0.739220,-0.008269,0.049101,0.033563,0.998230,0,0.75474,-0.77041,45.284,-1.541,-1,400.000,-1,400.000,-1,325.000,325.000,300.000,300.000,-1,-1,-1,-1,800.000,875.000,-1,-1,2,0,2,0,2,0,0,0,0,2,2,2,2,0,0,2,2
118,-10147.785,8727.466,-36.469,136.156,-0.719270,-0.692264,0.058486,0.693129,-0.720777,-0.007208,0.047145,0.035354,0.998262,0,0.75634,-0.77223,45.380,-1.544,-1,400.000,-1,400.000,-1,325.000,325.000,300.000,300.000,-1,-1,-1,-1,800.000,875.000,-1,-1,2,0,2,0,2,0,0,0,0,2,2,2,2,0,0,2,2
119,-10179.724,8759.844,-34.362,134.608,-0.700342,-0.711439,0.058092,0.712378,-0.701769,-0.006153,0.045145,0.037075,0.998292,0,0.75800,-0.77402,45.480,-1.548,-1,400.000,-1,400.000,-1,325.000,325.000,300.000,300.000,-1,-1,-1,-1,800.000,875.000,-1,-1,2,0,2,0,2,0,0,0,0,2,2,2,2,0,0,2,2
120,-10210.845,8793.151,-32.334,133.056,-0.680861,-0.730135,0.057711,0.731142,-0.682206,-0.005144,0.043127,0.038692,0.998320,0,0.75972,-0.77579,45.583,-1.552,-1,400.000,-1,400.000,-1,325.000,325.000,300.000,300.000,-1,-1,-1,-1,800.000,875.000,-1,-1,2,0,2,0,2,0,0,0,0,2,2,2,2,0,0,2,2
121,-10241.121,8827.370,-30.494,131.501,-0.660872,-0.748348,0.056773,0.749392,-0.662113,-0.004206,0.040737,0.039766,0.998378,0,0.76150,-0.77752,45.690,-1.555,-1,400.000,-1,400.000,-1,325.000,325.000,300.000,300.000,-1,-1,-1,-1,800.000,875.000,-1,-1,2,0,2,0,2,0,0,0,0,2,2,2,2,0,0,2,2
122,-10270.526,8862.484,-28.759,129.943,-0.640362,-0.766051,0.055695,0.767122,-0.641493,-0.003249,0.038217,0.040645,0.998443,0,0.76334,-0.77922,45.800,-1.558,-1,400.000,-1,400.000,-1,325.000,325.000,300.000,300.000,-1,-1,-1,-1,800.000,875.000,-1,-1,2,0,2,0,2,0,0,0,0,2,2,2,2,0,0,2,2
123,-10296.119,8894.516,-27.271,128.624,-0.622645,-0.780587,0.054735,0.781676,-0.623680,-0.002369,0.035987,0.041310,0.998498,0,0.68334,-0.65922,41.000,-1.318,-1,400.000,-1,400.000,-1,325.000,325.000,300.000,300.000,-1,-1,-1,-1,800.000,875.000,-1,-1,2,0,2,0,2,0,0,0,0,2,2,2,2,0,0,2,2
124,-10318.180,8923.218,-26.005,127.546,-0.607914,-0.792172,0.053891,0.793272,-0.608866,-0.001577,0.034062,0.041791,0.998546,0,0.60334,-0.53922,36.200,-1.078,-1,400.000,-1,400.000,-1,325.000,325.000,300.000,300.000,-1,-1,-1,-1,800.000,875.000,-1,-1,2,0,2,0,2,0,0,0,0,2,2,2,2,0,0,2,2
125,-10336.949,8948.391,-24.941,126.708,-0.596318,-0.800986,0.053163,0.802092,-0.597200,-0.000880,0.032454,0.042117,0.998585,0,0.52334,-0.41922,31.400,-0.838,-1,400.000,-1,400.000,-1,325.000,325.000,300.000,300.000,-1,-1,-1,-1,800.000,875.000,-1,-1,2,0,2,0,2,0,0,0,0,2,2,2,2,0,0,2,2
126,-10352.625,8969.882,-24.064,126.109,-0.587971,-0.807173,0.052557,0.808281,-0.588797,-0.000284,0.031175,0.042314,0.998618,0,0.44334,-0.29922,26.600,-0.598,-1,400.000,-1,400.000,-1,325.000,325.000,300.000,300.000,-1,-1,-1,-1,800.000,875.000,-1,-1,2,0,2,0,2,0,0,0,0,2,2,2,2,0,0,2,2
127,-10365.362,8987.574,-23.400,125.751,-0.582940,-0.810832,0.052262,0.811948,-0.583730,0.000196,0.030348,0.042548,0.998633,0,0.36334,-0.17922,21.800,-0.358,-1,400.000,-1,400.000,-1,325.000,325.000,300.000,300.000,-1,-1,-1,-1,800.000,875.000,-1,-1,2,0,2,0,2,0,0,0,0,2,2,2,2,0,0,2,2
128,-10375.266,9001.391,-22.890,125.632,-0.581285,-0.812034,0.052046,0.813153,-0.582050,0.000567,0.029833,0.042651,0.998645,0,0.28334,-0.05922,17.000,-0.118,-1,400.000,-1,400.000,1000.000,325.000,325.000,300.000,300.000,-1,-1,-1,-1,800.000,875.000,-1,-1,2,0,2,0,1,0,0,0,0,2,2,2,2,0,0,2,2
129,-10382.395,9011.292,-22.527,125.754,-0.583020,-0.810798,0.051906,0.811917,-0.583772,0.000830,0.029628,0.042628,0.998652,0,0.20334,0.06078,12.200,0.122,-1,400.000,-1,400.000,1000.000,325.000,325.000,300.000,300.000,-1,-1,-1,-1,800.000,875.000,-1,-1,2,0,2,0,1,0,0,0,0,2,2,2,2,0,0,2,2
130,-10386.757,9017.271,-22.307,126.115,-0.588130,-0.807103,0.051841,0.808220,-0.588880,0.000985,0.029734,0.042478,0.998655,0,0.12334,0.18078,7.400,0.362,-1,400.000,-1,425.000,1000.000,325.000,325.000,300.000,300.000,-1,-1,-1,-1,800.000,875.000,-1,-1,2,0,2,0,1,0,0,0,0,2,2,2,2,0,0,2,2
131,-10388.311,9019.355,-22.230,126.717,-0.596568,-0.800886,0.051850,0.801996,-0.597329,0.001031,0.030146,0.042198,0.998654,0,0.04334,0.30078,2.600,0.602,-1,400.000,-1,425.000,1000.000,325.000,325.000,300.000,300.000,-1,-1,-1,-1,775.000,875.000,-1,-1,2,0,2,0,1,0,0,0,0,2,2,2,2,0,0,2,2
132,-10386.970,9017.611,-22.301,127.558,-0.608256,-0.792040,0.051934,0.793141,-0.609038,0.000969,0.030862,0.041780,0.998650,0,-0.03666,0.42078,-2.200,0.842,-1,400.000,-1,425.000,-1,325.000,325.000,300.000,300.000,-1,-1,-1,-1,775.000,875.000,-1,-1,2,0,2,0,2,0,0,0,0,2,2,2,2,0,0,2,2
133,-10382.599,9012.144,-22.527,128.640,-0.623080,-0.780421,0.052093,0.781508,-0.623894,0.000800,0.031877,0.041210,0.998642,0,-0.11666,0.54078,-7.000,1.082,-1,400.000,-1,425.000,-1,325.000,325.000,300.000,300.000,-1,-1,-1,-1,775.000,875.000,-1,-1,2,0,2,0,2,0,0,0,0,2,2,2,2,0,0,2,2
134,-10375.044,9003.080,-22.916,129.811,-0.638872,-0.767532,0.052321,0.768602,-0.639727,0.000527,0.033067,0.040550,0.998630,0,-0.19666,0.58538,-11.800,1.171,-1,400.000,-1,400.000,-1,325.000,325.000,300.000,300.000,-1,-1,-1,-1,775.000,875.000,-1,-1,2,0,2,0,2,0,0,0,0,2,2,2,2,0,0,2,2
135,-10364.157,8990.548,-23.479,130.982,-0.654394,-0.754321,0.052612,0.755372,-0.655296,0.000150,0.034363,0.039840,0.998615,0,-0.27666,0.58543,-16.600,1.171,-1,400.000,-1,400.000,-1,325.000,325.000,300.000,300.000,-1,-1,-1,-1,775.000,875.000,-1,-1,2,0,2,0,2,0,0,0,0,2,2,2,2,0,0,2,2
136,-10349.795,8974.684,-24.229,132.153,-0.669647,-0.740789,0.052967,0.741818,-0.670601,-0.000329,0.035764,0.039072,0.998596,0,-0.35666,0.58573,-21.400,1.171,-1,400.000,-1,400.000,-1,325.000,325.000,300.000,300.000,-1,-1,-1,-1,775.000,875.000,-1,-1,2,0,2,0,2,0,0,0,0,2,2,2,2,0,0,2,2
137,-10331.818,8955.625,-25.178,133.326,-0.684629,-0.726934,0.053388,0.727938,-0.685642,-0.000910,0.037267,0.038240,0.998573,0,-0.43666,0.58629,-26.200,1.173,-1,400.000,-1,400.000,-1,325.000,325.000,300.000,300.000,-1,-1,-1,-1,775.000,875.000,-1,-1,2,0,2,0,2,0,0,0,0,2,2,2,2,0,0,2,2
138,-10310.919,8934.357,-26.296,134.500,-0.699342,-0.712755,0.053860,0.713731,-0.700418,-0.001566,0.038841,0.037346,0.998547,0,-0.49696,0.58711,-29.817,1.174,-1,400.000,-1,400.000,-1,325.000,325.000,300.000,300.000,-1,-1,-1,-1,775.000,875.000,-1,-1,2,0,2,0,2,0,0,0,0,2,2,2,2,0,0,2,2
