timestep,x_cm,y_cm,z_cm,yaw_deg,basis_xx,basis_xy,basis_xz,basis_yx,basis_yy,basis_yz,basis_zx,basis_zy,basis_zz,teleport_flag,throttle_cmd,steering_cmd,cmd_move_cm,cmd_turn_deg,lidar_cm_0,lidar_cm_1,lidar_cm_2,lidar_cm_3,lidar_cm_4,lidar_cm_5,lidar_cm_6,lidar_cm_7,lidar_cm_8,lidar_cm_9,lidar_cm_10,lidar_cm_11,lidar_cm_12,lidar_cm_13,lidar_cm_14,lidar_cm_15,lidar_cm_16,lidar_class_0,lidar_class_1,lidar_class_2,lidar_class_3,lidar_class_4,lidar_class_5,lidar_class_6,lidar_class_7,lidar_class_8,lidar_class_9,lidar_class_10,lidar_class_11,lidar_class_12,lidar_class_13,lidar_class_14,lidar_class_15,lidar_class_16
0,-3602.911,6888.181,328.950,10.674,0.982632,-0.185176,0.012046,0.184844,0.982463,0.024457,-0.016364,-0.021806,0.999628,1,0.08000,-0.12000,4.800,-0.240,775.000,400.000,550.000,375.000,450.000,325.000,325.000,300.000,325.000,-1,600.000,450.000,-1,500.000,425.000,600.000,450.000,1,0,1,1,1,0,0,0,0,2,1,1,2,1,1,1,1
1,-3593.462,6889.880,328.776,10.194,0.984142,-0.176938,0.012520,0.176596,0.983977,0.024539,-0.016661,-0.021939,0.999620,0,0.16000,-0.24000,9.600,-0.480,750.000,400.000,525.000,375.000,450.000,325.000,325.000,300.000,325.000,-1,625.000,475.000,-1,500.000,425.000,600.000,425.000,1,0,1,1,1,0,0,0,0,2,1,1,2,1,1,1,1
2,-3579.258,6892.250,328.522,9.474,0.986278,-0.164559,0.013246,0.164201,0.986119,0.024629,-0.017115,-0.022116,0.999609,0,0.24000,-0.36000,14.400,-0.720,700.000,400.000,500.000,350.000,450.000,325.000,325.000,300.000,325.000,-1,700.000,500.000,-1,475.000,400.000,575.000,425.000,1,1,1,1,1,0,0,0,0,2,1,1,2,1,1,1,1
3,-3560.270,6895.093,328.193,8.514,0.988883,-0.148013,0.014242,0.147635,0.988734,0.024689,-0.017736,-0.022312,0.999594,0,0.32000,-0.48000,19.200,-0.960,650.000,375.000,500.000,350.000,425.000,325.000,325.000,300.000,325.000,-1,800.000,525.000,-1,450.000,375.000,525.000,400.000,1,1,1,1,1,0,1,0,0,2,1,1,2,1,1,1,1
4,-3536.465,6898.149,327.801,7.314,0.991746,-0.127274,0.015527,0.126870,0.991613,0.024669,-0.018537,-0.022495,0.999575,0,0.40000,-0.60000,24.000,-1.200,575.000,350.000,450.000,325.000,400.000,325.000,300.000,300.000,325.000,-1,950.000,575.000,-1,425.000,375.000,500.000,375.000,1,1,1,1,1,1,1,0,0,2,1,1,2,1,1,1,1
5,-3507.816,6901.096,327.354,5.874,0.994605,-0.102314,0.017121,0.101881,0.994495,0.024505,-0.019534,-0.022629,0.999553,0,0.48000,-0.72000,28.800,-1.440,525.000,325.000,425.000,300.000,375.000,300.000,275.000,300.000,325.000,-1,-1,650.000,-1,400.000,350.000,450.000,350.000,1,1,1,1,1,1,1,0,0,2,2,1,2,1,1,1,1
6,-3474.306,6903.553,326.865,4.194,0.997142,-0.073114,0.019039,0.072648,0.997066,0.024123,-0.020746,-0.022671,0.999528,0,0.56000,-0.84000,33.600,-1.680,450.000,300.000,400.000,275.000,350.000,275.000,250.000,300.000,325.000,-1,-1,750.000,-1,350.000,325.000,400.000,325.000,1,1,1,1,1,1,1,0,0,2,2,1,2,1,1,1,1
7,-3435.941,6905.193,326.348,2.448,0.998862,-0.042696,0.021275,0.042195,0.998834,0.023468,-0.022253,-0.022543,0.999498,0,0.64000,-0.87313,38.400,-1.746,400.000,275.000,350.000,250.000,325.000,250.000,225.000,300.000,325.000,-1,-1,-1,-1,300.000,275.000,350.000,300.000,1,1,1,1,1,1,1,0,0,2,2,2,2,1,1,1,1
8,-3392.744,6905.736,325.810,0.720,0.999637,-0.012565,0.023820,0.012030,0.999674,0.022499,-0.024095,-0.022204,0.999463,0,0.72000,-0.86377,43.200,-1.728,325.000,225.000,300.000,225.000,300.000,200.000,200.000,325.000,325.000,-1,-1,-1,-1,275.000,250.000,275.000,275.000,1,1,1,1,1,1,1,0,0,2,2,2,2,1,1,1,1
9,-3344.751,6904.909,325.251,-0.987,0.999496,0.017220,0.026660,-0.017787,0.999618,0.021177,-0.026285,-0.021641,0.999420,0,0.80000,-0.85353,48.000,-1.707,250.000,200.000,250.000,175.000,250.000,175.000,175.000,325.000,325.000,-1,-1,-1,-1,225.000,200.000,225.000,225.000,1,1,1,1,1,1,1,0,0,2,2,2,2,1,1,1,1
10,-3292.008,6902.449,324.599,-2.671,0.998477,0.046593,0.029550,-0.047188,0.998690,0.019784,-0.028590,-0.021148,0.999367,0,0.88000,-0.84210,52.800,-1.684,175.000,150.000,200.000,150.000,200.000,125.000,125.000,325.000,325.000,-1,-1,-1,-1,175.000,175.000,150.000,175.000,1,1,1,1,1,1,1,0,0,2,2,2,2,1,1,1,1
11,-3234.573,6898.096,338.954,-4.329,0.996910,0.075491,-0.021721,-0.075470,0.997146,0.001784,0.021794,-0.000140,0.999762,0,0.96000,-0.82915,57.600,-1.658,175.000,150.000,200.000,150.000,175.000,125.000,125.000,400.000,350.000,-1,675.000,100.000,-1,175.000,150.000,150.000,150.000,1,1,1,1,1,1,1,0,0,2,0,0,2,1,1,1,1
12,-4263.681,5575.462,401.751,169.523,-0.934829,-0.181793,0.305035,0.165377,-0.983057,-0.079053,0.314238,-0.023455,0.949054,1,0.00000,0.00000,60.000,-1.628,325.000,225.000,-1,250.000,500.000,175.000,200.000,500.000,575.000,625.000,75.000,50.000,375.000,300.000,350.000,275.000,400.000,1,1,2,1,1,1,1,1,0,0,0,0,0,1,1,1,1
13,-8199.150,3607.623,154.217,-142.198,-0.789552,0.612626,-0.036004,-0.613317,-0.789749,0.011792,-0.021210,0.031393,0.999282,1,0.00000,0.00000,4.800,-0.240,-1,400.000,-1,400.000,-1,325.000,325.000,325.000,325.000,-1,-1,-1,-1,875.000,775.000,-1,-1,2,0,2,0,2,0,0,0,0,2,2,2,2,0,0,2,2
14,-8202.955,3604.697,154.086,-142.438,-0.792113,0.609317,-0.035917,-0.610002,-0.792314,0.011698,-0.021330,0.031176,0.999286,0,0.08000,-0.12000,4.800,-0.240,-1,400.000,-1,400.000,-1,325.000,325.000,325.000,325.000,-1,-1,-1,-1,875.000,775.000,-1,-1,2,0,2,0,2,0,0,0,0,2,2,2,2,0,0,2,2
15,-8210.614,3598.909,153.823,-142.918,-0.797192,0.602666,-0.035748,-0.603340,-0.797401,0.011511,-0.021568,0.030745,0.999295,0,0.16000,-0.24000,9.600,-0.480,-1,400.000,-1,400.000,-1,325.000,325.000,325.000,325.000,-1,-1,-1,-1,875.000,775.000,-1,-1,2,0,2,0,2,0,0,0,0,2,2,2,2,0,0,2,2
16,-8222.210,3590.372,153.426,-143.638,-0.804706,0.592610,-0.035508,-0.593268,-0.804927,0.011231,-0.021926,0.030104,0.999306,0,0.24000,-0.36000,14.400,-0.720,-1,400.000,-1,400.000,-1,325.000,325.000,325.000,325.000,-1,-1,-1,-1,875.000,775.000,-1,-1,2,0,2,0,2,0,0,0,0,2,2,2,2,0,0,2,2
17,-8237.861,3579.249,152.894,-144.598,-0.814527,0.579055,-0.035214,-0.579692,-0.814763,0.010858,-0.022403,0.029257,0.999321,0,0.32000,-0.48000,19.200,-0.960,-1,400.000,-1,400.000,-1,325.000,325.000,325.000,325.000,-1,-1,-1,-1,875.000,775.000,-1,-1,2,0,2,0,2,0,0,0,0,2,2,2,2,0,0,2,2
18,-8257.711,3565.759,152.224,-145.798,-0.826481,0.561882,-0.034887,-0.562494,-0.826736,0.010394,-0.023002,0.028214,0.999337,0,0.40000,-0.60000,24.000,-1.200,-1,400.000,-1,400.000,-1,325.000,325.000,325.000,325.000,-1,-1,-1,-1,875.000,775.000,-1,-1,2,0,2,0,2,0,0,0,0,2,2,2,2,0,0,2,2
19,-8281.930,3550.174,151.413,-147.238,-0.840347,0.540947,-0.034553,-0.541530,-0.840624,0.009843,-0.023722,0.026983,0.999354,0,0.48000,-0.72000,28.800,-1.440,-1,400.000,-1,400.000,-1,325.000,325.000,325.000,325.000,-1,-1,-1,-1,875.000,775.000,-1,-1,2,0,2,0,2,0,0,0,0,2,2,2,2,0,0,2,2
20,-8306.601,3535.278,150.597,-148.877,-0.855475,0.516711,-0.034246,-0.517263,-0.855776,0.009264,-0.024520,0.025640,0.999371,0,0.48032,-0.81916,28.819,-1.638,-1,400.000,-1,400.000,-1,325.000,325.000,325.000,325.000,-1,-1,-1,-1,875.000,775.000,-1,-1,2,0,2,0,2,0,0,0,0,2,2,2,2,0,0,2,2
21,-8331.519,3521.194,149.781,-150.522,-0.869966,0.491938,-0.034008,-0.492462,-0.870290,0.008699,-0.025317,0.024315,0.999384,0,0.47704,-0.82280,28.623,-1.646,-1,400.000,-1,400.000,-1,325.000,325.000,325.000,325.000,-1,-1,-1,-1,875.000,775.000,-1,-1,2,0,2,0,2,0,0,0,0,2,2,2,2,0,0,2,2
22,-8361.010,3505.466,148.815,-151.928,-0.881773,0.470455,-0.033894,-0.470954,-0.882120,0.008152,-0.026063,0.023151,0.999392,0,0.55704,-0.70280,33.423,-1.406,-1,400.000,-1,400.000,-1,325.000,325.000,300.000,325.000,-1,-1,-1,-1,875.000,775.000,-1,-1,2,0,2,0,2,0,0,0,0,2,2,2,2,0,0,2,2
23,-8395.095,3488.169,147.709,-153.094,-0.891158,0.452424,-0.033911,-0.452901,-0.891528,0.007591,-0.026798,0.022123,0.999396,0,0.63704,-0.58280,38.223,-1.166,-1,400.000,-1,400.000,-1,325.000,325.000,300.000,325.000,-1,-1,-1,-1,850.000,775.000,-1,-1,2,0,2,0,2,0,0,0,0,2,2,2,2,0,0,2,2
24,-8433.769,3469.323,146.459,-154.019,-0.898344,0.437972,-0.034051,-0.438431,-0.898737,0.007051,-0.027514,0.021263,0.999395,0,0.71704,-0.46280,43.023,-0.926,-1,400.000,-1,400.000,-1,325.000,325.000,300.000,325.000,-1,-1,-1,-1,850.000,775.000,-1,-1,2,0,2,0,2,0,0,0,0,2,2,2,2,0,0,2,2
25,-8477.007,3448.889,145.062,-154.705,-0.903509,0.427192,-0.034335,-0.427639,-0.903926,0.006559,-0.028234,0.020609,0.999389,0,0.79704,-0.34280,47.823,-0.686,-1,400.000,-1,400.000,-1,325.000,325.000,300.000,325.000,-1,-1,-1,-1,850.000,775.000,-1,-1,2,0,2,0,2,0,0,0,0,2,2,2,2,0,0,2,2
26,-8524.757,3426.775,143.519,-155.150,-0.906787,0.420153,-0.034773,-0.420592,-0.907229,0.006117,-0.028977,0.020172,0.999377,0,0.87704,-0.22280,52.623,-0.446,-1,400.000,-1,400.000,-1,325.000,325.000,325.000,325.000,-1,-1,-1,-1,850.000,775.000,-1,-1,2,0,2,0,2,0,0,0,0,2,2,2,2,0,0,2,2
27,-8574.432,3403.986,141.925,-155.356,-0.908268,0.416897,-0.035307,-0.417334,-0.908735,0.005720,-0.029700,0.019930,0.999360,0,0.91088,-0.10280,54.653,-0.206,-1,400.000,-1,400.000,-1,325.000,325.000,325.000,325.000,-1,-1,-1,-1,850.000,775.000,-1,-1,2,0,2,0,2,0,0,0,0,2,2,2,2,0,0,2,2
28,-8624.247,3381.097,140.299,-155.322,-0.908000,0.417444,-0.035729,-0.417876,-0.908489,0.005272,-0.030259,0.019718,0.999348,0,0.91371,0.01720,54.822,0.034,-1,400.000,-1,400.000,-1,325.000,325.000,325.000,325.000,-1,-1,-1,-1,875.000,775.000,-1,-1,2,0,2,0,2,0,0,0,0,2,2,2,2,0,0,2,2
29,-8674.123,3357.889,138.629,-155.047,-0.905979,0.421792,-0.035952,-0.422214,-0.906484,0.004720,-0.030599,0.019455,0.999342,0,0.91685,0.13720,55.011,0.274,-1,400.000,-1,400.000,-1,325.000,325.000,325.000,325.000,-1,-1,-1,-1,875.000,775.000,-1,-1,2,0,2,0,2,0,0,0,0,2,2,2,2,0,0,2,2
30,-8723.976,3334.146,136.929,-154.533,-0.902141,0.429916,-0.036240,-0.430325,-0.902665,0.003958,-0.031011,0.019166,0.999335,0,0.92029,0.25720,55.217,0.514,-1,400.000,-1,400.000,-1,325.000,325.000,325.000,325.000,-1,-1,-1,-1,875.000,775.000,-1,-1,2,0,2,0,2,0,0,0,0,2,2,2,2,0,0,2,2
31,-8773.710,3309.650,135.008,-153.778,-0.896372,0.441773,-0.036799,-0.442136,-0.896946,0.001961,-0.032141,0.018028,0.999321,0,0.92399,0.37720,55.440,0.754,-1,400.000,-1,400.000,-1,325.000,325.000,325.000,325.000,-1,-1,-1,-1,850.000,750.000,-1,-1,2,0,2,0,2,0,0,0,0,2,2,2,2,0,0,2,2
32,-8823.222,3284.187,133.093,-152.784,-0.888538,0.457281,-0.037328,-0.457595,-0.889161,-0.000162,-0.033265,0.016937,0.999303,0,0.92793,0.49720,55.676,0.994,-1,400.000,-1,400.000,-1,325.000,325.000,325.000,325.000,-1,-1,-1,-1,850.000,750.000,-1,-1,2,0,2,0,2,0,0,0,0,2,2,2,2,0,0,2,2
33,-8872.393,3257.545,131.191,-151.550,-0.878449,0.476338,-0.037794,-0.476596,-0.879119,-0.002437,-0.034387,0.015871,0.999283,0,0.93208,0.61720,55.925,1.234,-1,400.000,-1,400.000,-1,325.000,325.000,325.000,325.000,-1,-1,-1,-1,850.000,750.000,-1,-1,2,0,2,0,2,0,0,0,0,2,2,2,2,0,0,2,2
34,-8916.914,3232.413,129.446,-150.555,-0.870025,0.491531,-0.038133,-0.491736,-0.870733,-0.004444,-0.035388,0.014885,0.999263,0,0.85208,0.49720,51.125,0.994,1000.000,400.000,-1,375.000,-1,325.000,325.000,325.000,325.000,-1,-1,-1,-1,825.000,750.000,-1,-1,1,0,2,0,2,0,0,0,0,2,2,2,2,0,0,2,2
35,-8960.626,3206.756,127.581,-149.589,-0.861596,0.506147,-0.038309,-0.506319,-0.862327,-0.005782,-0.035961,0.014415,0.999249,0,0.84475,0.48309,50.685,0.966,950.000,400.000,-1,375.000,-1,325.000,300.000,325.000,325.000,-1,-1,-1,-1,825.000,725.000,-1,-1,1,0,2,0,2,0,0,0,0,2,2,2,2,0,0,2,2
36,-9003.922,3180.342,125.730,-148.614,-0.852844,0.520749,-0.038445,-0.520885,-0.853597,-0.007164,-0.036547,0.013916,0.999235,0,0.84530,0.48743,50.718,0.975,900.000,400.000,-1,375.000,-1,325.000,300.000,325.000,300.000,-1,-1,-1,-1,825.000,725.000,-1,-1,1,0,2,0,2,0,0,0,0,2,2,2,2,0,0,2,2
37,-9046.780,3153.176,123.879,-147.631,-0.843764,0.535329,-0.038531,-0.535430,-0.844537,-0.008525,-0.037105,0.013438,0.999221,0,0.84571,0.49181,50.743,0.984,850.000,400.000,-1,375.000,-1,325.000,325.000,325.000,300.000,-1,-1,-1,-1,825.000,725.000,1000.000,-1,1,0,2,0,2,0,0,0,0,2,2,2,2,1,0,1,2
38,-9089.175,3125.262,122.043,-146.638,-0.834352,0.549880,-0.038574,-0.549943,-0.835144,-0.009925,-0.037673,0.012933,0.999206,0,0.84598,0.49622,50.759,0.992,800.000,400.000,-1,375.000,-1,325.000,325.000,325.000,300.000,-1,-1,-1,-1,775.000,725.000,925.000,-1,1,0,2,0,2,0,0,0,0,2,2,2,2,1,0,1,2
39,-9131.082,3096.607,120.236,-145.637,-0.824606,0.564395,-0.038518,-0.564415,-0.825413,-0.011379,-0.038216,0.012357,0.999193,0,0.84612,0.50066,50.767,1.001,750.000,400.000,-1,375.000,-1,325.000,325.000,325.000,325.000,-1,-1,-1,-1,750.000,725.000,875.000,-1,1,0,2,0,2,0,0,0,0,2,2,2,2,1,0,1,2
40,-9172.476,3067.219,118.457,-144.626,-0.814521,0.578865,-0.038357,-0.578840,-0.815340,-0.012884,-0.038732,0.011708,0.999181,0,0.84610,0.50513,50.766,1.010,725.000,400.000,-1,375.000,-1,325.000,325.000,325.000,325.000,-1,-1,-1,-1,725.000,725.000,825.000,-1,1,0,2,0,2,0,0,0,0,2,2,2,2,1,0,1,2
41,-9213.334,3037.104,116.704,-143.607,-0.804092,0.593281,-0.038114,-0.593208,-0.804920,-0.014427,-0.039238,0.011009,0.999169,0,0.84594,0.50962,50.756,1.019,675.000,400.000,-1,375.000,-1,325.000,325.000,325.000,325.000,-1,-1,-1,-1,700.000,725.000,775.000,-1,1,0,2,0,2,0,0,0,0,2,2,2,2,1,0,1,2
42,-9255.513,3004.935,114.898,-142.669,-0.794266,0.606392,-0.037814,-0.606264,-0.795101,-0.016063,-0.039806,0.010167,0.999156,0,0.88411,0.46927,53.046,0.939,625.000,400.000,-1,375.000,-1,325.000,325.000,325.000,325.000,-1,-1,-1,-1,650.000,725.000,700.000,-1,1,0,2,0,2,0,0,0,0,2,2,2,2,1,0,1,2
43,-9297.310,2971.950,113.096,-141.721,-0.784132,0.619470,-0.037349,-0.619284,-0.784967,-0.017756,-0.040317,0.009206,0.999145,0,0.88741,0.47401,53.245,0.948,575.000,400.000,-1,375.000,-1,325.000,325.000,325.000,325.000,-1,-1,-1,-1,625.000,725.000,650.000,-1,1,0,2,0,2,0,0,0,0,2,2,2,2,1,0,1,2
44,-9338.697,2938.151,110.840,-140.763,-0.773666,0.632510,-0.037054,-0.632267,-0.774507,-0.019427,-0.040987,0.008398,0.999124,0,0.89057,0.47892,53.434,0.958,525.000,400.000,-1,375.000,-1,325.000,325.000,325.000,325.000,-1,-1,-1,-1,600.000,725.000,600.000,-1,1,0,2,0,2,0,0,0,0,2,2,2,2,1,0,1,2
45,-9379.644,2903.542,108.434,-139.795,-0.762866,0.645508,-0.036793,-0.645208,-0.763715,-0.021111,-0.041727,0.007634,0.999100,0,0.89356,0.48402,53.613,0.968,475.000,400.000,-1,375.000,-1,325.000,325.000,325.000,325.000,-1,-1,-1,-1,550.000,725.000,550.000,-1,1,0,2,0,2,0,0,0,0,2,2,2,2,1,0,1,2
46,-9420.119,2868.129,106.047,-138.816,-0.751734,0.658463,-0.036370,-0.658101,-0.752583,-0.022848,-0.042416,0.006760,0.999077,0,0.89634,0.48934,53.781,0.979,450.000,400.000,-1,375.000,-1,325.000,325.000,325.000,325.000,-1,-1,-1,-1,525.000,725.000,475.000,-1,1,1,2,0,2,0,0,0,0,2,2,2,2,1,0,1,2
47,-9460.090,2831.919,103.716,-137.826,-0.740259,0.671369,-0.035794,-0.670949,-0.741100,-0.024454,-0.042945,0.005913,0.999060,0,0.89890,0.49490,53.934,0.990,400.000,375.000,-1,375.000,-1,325.000,325.000,325.000,325.000,-1,-1,-1,-1,500.000,700.000,425.000,-1,1,1,2,0,2,0,0,0,0,2,2,2,2,1,0,1,2
48,-9499.523,2794.921,101.506,-136.825,-0.728430,0.684221,-0.035097,-0.683763,-0.729255,-0.025579,-0.043096,0.005365,0.999057,0,0.90120,0.50071,54.072,1.001,350.000,350.000,-1,375.000,-1,325.000,300.000,325.000,325.000,-1,-1,-1,-1,475.000,700.000,375.000,-1,1,1,2,0,2,0,0,0,0,2,2,2,2,1,0,1,2
49,-9538.382,2757.147,99.332,-135.811,-0.716237,0.697016,-0.034258,-0.696522,-0.717040,-0.026675,-0.043158,0.004756,0.999057,0,0.90321,0.50680,54.192,1.014,300.000,325.000,-1,375.000,-1,300.000,300.000,300.000,300.000,-1,-1,-1,-1,425.000,700.000,325.000,-1,1,1,2,0,2,1,0,0,0,2,2,2,2,1,0,1,2
50,-9576.628,2718.613,97.202,-134.785,-0.703666,0.709751,-0.033275,-0.709219,-0.704441,-0.027766,-0.043147,0.004062,0.999060,0,0.90488,0.51321,54.293,1.026,250.000,300.000,-1,375.000,-1,300.000,300.000,300.000,300.000,-1,-1,-1,-1,400.000,675.000,275.000,-1,1,1,2,0,2,1,0,0,0,2,2,2,2,1,1,1,2
51,-9614.221,2679.334,97.696,-133.745,-0.690688,0.722356,-0.033944,-0.722321,-0.691384,-0.015524,-0.034682,0.013796,0.999303,0,0.90617,0.51994,54.370,1.040,250.000,300.000,-1,400.000,-1,275.000,325.000,300.000,300.000,-1,-1,-1,-1,400.000,675.000,275.000,-1,1,1,2,0,2,1,1,1,0,2,2,2,2,1,1,1,2
52,-9651.120,2639.332,98.404,-132.691,-0.677366,0.734808,-0.035093,-0.735200,-0.677845,-0.002470,-0.025602,0.024127,0.999381,0,0.90704,0.52704,54.423,1.054,250.000,300.000,-1,400.000,-1,275.000,325.000,300.000,300.000,-1,-1,-1,-1,400.000,675.000,275.000,-1,1,1,2,1,2,1,1,1,0,2,2,2,2,1,1,1,2
53,-9687.281,2598.629,99.191,-131.622,-0.663700,0.747100,-0.036660,-0.747820,-0.663816,0.010678,-0.016358,0.034502,0.999271,0,0.90744,0.53452,54.446,1.069,250.000,275.000,-1,400.000,-1,275.000,300.000,300.000,275.000,-1,625.000,550.000,-1,400.000,675.000,275.000,-1,1,1,2,1,2,1,1,1,0,2,0,0,2,1,1,1,2
54,-9722.657,2557.253,100.057,-130.537,-0.649685,0.759219,-0.038666,-0.760171,-0.649283,0.023898,-0.006961,0.044919,0.998966,0,0.90730,0.54242,54.438,1.085,250.000,275.000,-1,375.000,-1,250.000,300.000,300.000,275.000,-1,300.000,200.000,-1,375.000,700.000,250.000,-1,1,1,2,1,2,1,1,1,0,2,0,0,2,1,1,1,2
55,-9757.202,2515.237,100.680,-129.436,-0.635359,0.771104,-0.041436,-0.772209,-0.634193,0.038631,0.003510,0.056542,0.998394,0,0.90657,0.55075,54.394,1.102,250.000,275.000,-1,375.000,-1,250.000,275.000,300.000,275.000,-1,250.000,150.000,-1,375.000,725.000,250.000,-1,1,1,2,1,2,1,1,1,0,2,0,0,2,1,1,1,2
56,-9790.867,2472.617,101.323,-128.316,-0.620712,0.782761,-0.044750,-0.783908,-0.618552,0.053687,0.014344,0.068404,0.997555,0,0.90520,0.55954,54.312,1.119,250.000,275.000,-1,350.000,-1,250.000,275.000,300.000,275.000,-1,225.000,100.000,-1,375.000,875.000,250.000,-1,1,1,2,1,2,1,1,1,0,2,0,0,2,1,1,1,2
57,-9823.601,2429.435,102.064,-127.179,-0.605733,0.794187,-0.048534,-0.795266,-0.602359,0.068676,0.025307,0.080197,0.996458,0,0.90312,0.56879,54.187,1.138,250.000,250.000,-1,350.000,-1,225.000,275.000,300.000,275.000,-1,225.000,75.000,800.000,375.000,1000.000,250.000,-1,1,1,2,1,2,1,1,1,0,2,0,0,0,1,0,1,2
58,-4919.488,-4919.489,98.136,-26.948,0.890618,0.453100,0.038728,-0.453524,0.891240,0.002485,-0.033390,-0.019777,0.999247,1,0.00000,0.00000,54.017,1.157,-1,400.000,-1,400.000,-1,325.000,325.000,325.000,325.000,-1,-1,-1,-1,725.000,725.000,-1,-1,2,1,2,0,2,0,0,0,0,2,2,2,2,1,1,2,2
59,-4915.201,-4921.646,97.956,-26.708,0.892501,0.449364,0.038901,-0.449785,0.893134,0.002356,-0.033685,-0.019600,0.999240,0,0.08000,0.12000,4.800,0.240,-1,400.000,-1,400.000,-1,325.000,325.000,325.000,325.000,-1,-1,-1,-1,725.000,700.000,-1,-1,2,1,2,0,2,0,0,0,0,2,2,2,2,1,1,2,2
60,-4906.589,-4925.889,97.597,-26.228,0.896220,0.441869,0.039255,-0.442283,0.896873,0.002106,-0.034276,-0.019249,0.999227,0,0.16000,0.24000,9.600,0.480,-1,400.000,-1,400.000,-1,325.000,325.000,325.000,325.000,-1,-1,-1,-1,725.000,700.000,-1,-1,2,1,2,0,2,0,0,0,0,2,2,2,2,1,1,2,2
61,-4893.593,-4932.090,97.058,-25.508,0.901680,0.430568,0.039804,-0.430972,0.902364,0.001747,-0.035165,-0.018729,0.999206,0,0.24000,0.36000,14.400,0.720,-1,400.000,-1,400.000,-1,325.000,325.000,325.000,300.000,-1,-1,-1,-1,725.000,675.000,-1,1000.000,2,1,2,0,2,0,0,0,0,2,2,2,2,1,1,2,1
62,-4876.128,-4940.067,96.339,-24.548,0.908736,0.415395,0.040568,-0.415784,0.909462,0.001299,-0.036355,-0.018048,0.999176,0,0.32000,0.48000,19.200,0.960,-1,400.000,-1,400.000,-1,325.000,325.000,325.000,300.000,-1,-1,-1,-1,725.000,650.000,-1,975.000,2,1,2,0,2,0,0,0,0,2,2,2,2,1,1,2,1
63,-4854.109,-4949.615,95.445,-23.442,0.916549,0.397757,0.041567,-0.398131,0.917328,0.000787,-0.037817,-0.017271,0.999135,0,0.40000,0.55334,24.000,1.107,-1,400.000,-1,400.000,-1,325.000,325.000,325.000,300.000,-1,-1,-1,-1,725.000,650.000,-1,900.000,2,1,2,0,2,1,0,0,0,2,2,2,2,1,1,2,1
64,-4827.471,-4960.562,94.386,-22.340,0.923977,0.380044,0.042814,-0.380402,0.924821,0.000228,-0.039509,-0.016498,0.999083,0,0.48000,0.55107,28.800,1.102,-1,400.000,-1,400.000,-1,325.000,325.000,325.000,300.000,-1,-1,-1,-1,725.000,625.000,-1,850.000,2,1,2,0,2,1,0,0,0,2,2,2,2,1,1,2,1
65,-4796.153,-4972.736,93.163,-21.243,0.931018,0.362271,0.044324,-0.362613,0.931940,-0.000362,-0.041439,-0.015735,0.999017,0,0.56000,0.54856,33.600,1.097,-1,400.000,-1,400.000,975.000,325.000,325.000,325.000,300.000,-1,-1,-1,-1,725.000,575.000,-1,800.000,2,1,2,1,1,1,1,0,0,2,2,2,2,1,1,2,1
66,-4760.104,-4985.965,91.777,-20.151,0.937669,0.344457,0.046111,-0.344782,0.938682,-0.000971,-0.043618,-0.014988,0.998936,0,0.64000,0.54574,38.400,1.091,-1,375.000,-1,375.000,900.000,300.000,325.000,325.000,300.000,-1,-1,-1,-1,725.000,550.000,-1,725.000,2,1,2,1,1,1,1,0,0,2,2,2,2,1,1,2,1
67,-4719.331,-5000.243,90.244,-19.300,0.942586,0.330473,0.048164,-0.330782,0.943706,-0.001618,-0.045988,-0.014406,0.998838,0,0.72000,0.42574,43.200,0.851,-1,375.000,-1,350.000,800.000,300.000,300.000,325.000,300.000,-1,-1,-1,-1,700.000,525.000,-1,650.000,2,1,2,1,1,1,1,0,0,2,2,2,2,1,1,2,1
68,-4673.862,-5015.622,88.335,-18.688,0.945965,0.320380,0.050069,-0.320725,0.947172,-0.001194,-0.047806,-0.014928,0.998745,0,0.80000,0.30574,48.000,0.611,-1,375.000,-1,350.000,725.000,300.000,300.000,325.000,300.000,-1,-1,-1,-1,675.000,500.000,-1,600.000,2,1,2,1,1,1,1,0,0,2,2,2,2,1,1,2,1
69,-4623.737,-5032.215,86.071,-18.317,0.947916,0.314224,0.052144,-0.314657,0.949206,0.000086,-0.049469,-0.016489,0.998640,0,0.88000,0.18574,52.800,0.371,-1,375.000,975.000,325.000,650.000,300.000,275.000,325.000,300.000,-1,-1,-1,-1,650.000,475.000,-1,525.000,2,1,1,1,1,1,1,0,0,2,2,2,2,1,1,2,1
70,-4570.472,-5049.712,83.635,-18.185,0.948510,0.312034,0.054439,-0.312582,0.949889,0.001644,-0.051198,-0.018576,0.998516,0,0.93441,0.06574,56.065,0.131,-1,350.000,900.000,300.000,550.000,275.000,275.000,325.000,325.000,-1,-1,-1,-1,625.000,425.000,-1,450.000,2,1,1,1,1,1,1,0,0,2,2,2,2,1,1,2,1
71,-4516.850,-5067.438,80.952,-18.294,0.947837,0.313823,0.055854,-0.314457,0.949268,0.002719,-0.052167,-0.020141,0.998435,0,0.94127,-0.05426,56.476,-0.109,-1,325.000,850.000,275.000,475.000,275.000,250.000,325.000,325.000,-1,-1,-1,-1,600.000,400.000,-1,400.000,2,1,1,1,1,1,1,0,0,2,2,2,2,1,1,2,1
72,-4462.942,-5085.623,79.340,-18.642,0.946068,0.319559,0.053262,-0.320410,0.947245,0.008056,-0.047878,-0.024688,0.998548,0,0.94821,-0.17426,56.893,-0.349,-1,325.000,825.000,275.000,450.000,250.000,250.000,325.000,325.000,-1,-1,-1,-1,575.000,400.000,-1,375.000,2,1,1,1,1,1,1,0,0,2,2,2,2,1,1,2,1
73,-4408.823,-5104.498,78.989,-19.231,0.943037,0.329203,0.048023,-0.330312,0.943716,0.017135,-0.039679,-0.032021,0.998699,0,0.95528,-0.29426,57.317,-0.589,-1,325.000,800.000,275.000,450.000,250.000,250.000,300.000,350.000,-1,-1,-1,-1,550.000,375.000,-1,350.000,2,1,1,1,1,1,1,0,0,2,2,2,2,1,1,2,1
74,-4354.576,-5124.303,79.068,-20.059,0.938511,0.342729,0.041644,-0.343939,0.938622,0.026366,-0.030052,-0.039068,0.998785,0,0.96250,-0.41426,57.750,-0.829,-1,325.000,800.000,275.000,450.000,250.000,225.000,300.000,375.000,-1,275.000,-1,-1,550.000,375.000,-1,350.000,2,1,1,1,1,1,1,0,0,2,0,2,2,1,1,2,1
75,-4300.293,-5145.276,79.641,-21.128,0.932305,0.360072,0.034007,-0.361185,0.931806,0.035807,-0.018795,-0.045666,0.998780,0,0.96989,-0.53426,58.194,-1.069,-1,325.000,800.000,250.000,475.000,250.000,225.000,325.000,400.000,-1,175.000,275.000,-1,550.000,375.000,-1,375.000,2,1,1,1,1,1,1,0,0,2,0,0,2,1,1,2,1
76,-4246.083,-5167.658,80.778,-22.436,0.924178,0.381146,0.024980,-0.381921,0.923072,0.045543,-0.005700,-0.051630,0.998650,0,0.97749,-0.65426,58.649,-1.309,-1,325.000,825.000,250.000,525.000,250.000,225.000,325.000,425.000,-1,125.000,225.000,-1,525.000,375.000,-1,375.000,2,1,1,1,1,1,1,0,0,2,0,0,2,1,1,2,1
77,-4192.069,-5191.688,82.550,-23.985,0.913831,0.405838,0.014426,-0.405984,0.912181,0.055695,0.009444,-0.056753,0.998344,0,0.98529,-0.77426,59.118,-1.549,-1,325.000,-1,250.000,575.000,250.000,225.000,325.000,450.000,-1,100.000,175.000,-1,525.000,375.000,-1,425.000,2,1,2,1,1,1,1,0,0,2,0,0,2,1,1,2,1
78,983.907,-6887.274,-62.290,-29.383,0.871769,0.489857,-0.007658,-0.489369,0.869949,-0.060874,-0.023157,0.056816,0.998116,1,0.00000,0.00000,59.599,-1.789,-1,375.000,-1,350.000,875.000,300.000,300.000,375.000,300.000,400.000,0.000,75.000,-1,775.000,575.000,-1,925.000,2,0,2,0,0,0,0,0,0,1,1,1,2,0,0,2,0
79,988.099,-6889.612,-62.453,-29.143,0.873798,0.486229,-0.007689,-0.485772,0.872030,-0.059908,-0.022424,0.056082,0.998174,0,0.08000,0.12000,4.800,0.240,-1,375.000,-1,350.000,875.000,300.000,300.000,375.000,300.000,400.000,0.000,75.000,-1,775.000,575.000,-1,950.000,2,0,2,0,0,0,0,0,0,1,1,1,2,0,0,2,0
80,996.522,-6894.217,-62.771,-28.663,0.877810,0.478945,-0.007767,-0.478549,0.876144,-0.057994,-0.020971,0.054625,0.998287,0,0.16000,0.24000,9.600,0.480,-1,375.000,-1,350.000,900.000,300.000,300.000,375.000,300.000,400.000,25.000,75.000,-1,800.000,575.000,-1,1000.000,2,0,2,0,0,0,0,0,0,1,1,1,2,0,0,2,0
81,1009.243,-6900.965,-63.230,-27.943,0.883718,0.467952,-0.007925,-0.467640,0.882195,-0.055174,-0.018828,0.052465,0.998445,0,0.24000,0.36000,14.400,0.720,-1,375.000,-1,350.000,950.000,300.000,300.000,375.000,300.000,425.000,25.000,100.000,-1,800.000,600.000,-1,-1,2,0,2,0,0,0,0,0,0,1,1,1,2,0,0,2,2
82,1026.352,-6909.678,-63.807,-26.983,0.891386,0.453171,-0.008207,-0.452962,0.890041,-0.051511,-0.016039,0.049633,0.998639,0,0.32000,0.48000,19.200,0.960,-1,400.000,-1,350.000,-1,300.000,300.000,375.000,300.000,425.000,25.000,125.000,-1,825.000,600.000,-1,-1,2,0,2,0,2,0,0,0,0,1,1,1,2,0,0,2,2
83,1047.961,-6920.119,-64.473,-25.783,0.900628,0.434504,-0.008666,-0.434406,0.899485,-0.047091,-0.012666,0.046176,0.998853,0,0.40000,0.60000,24.000,1.200,-1,400.000,-1,350.000,-1,300.000,300.000,350.000,300.000,450.000,50.000,125.000,-1,825.000,625.000,-1,-1,2,0,2,0,2,0,0,0,0,1,1,1,2,0,0,2,2
84,1074.200,-6931.991,-65.192,-24.343,0.911210,0.411836,-0.009357,-0.411849,0.910282,-0.042030,-0.008792,0.042152,0.999073,0,0.48000,0.72000,28.800,1.440,-1,400.000,-1,350.000,-1,300.000,300.000,350.000,300.000,450.000,50.000,175.000,-1,850.000,650.000,-1,-1,2,0,2,0,2,0,0,0,0,1,1,1,2,0,0,2,2
85,1104.523,-6944.655,-65.903,-22.663,0.922843,0.385040,-0.010286,-0.385150,0.922127,-0.036618,-0.004615,0.037755,0.999276,0,0.54770,0.84000,32.862,1.680,-1,400.000,-1,350.000,-1,325.000,300.000,350.000,300.000,475.000,75.000,200.000,-1,875.000,650.000,-1,-1,2,0,2,0,2,0,0,0,0,1,1,1,2,0,0,2,2
86,1135.869,-6956.528,-66.481,-20.743,0.935184,0.353982,-0.011282,-0.354161,0.934649,-0.031629,-0.000651,0.033575,0.999436,0,0.55866,0.96000,33.519,1.920,-1,425.000,-1,375.000,-1,325.000,300.000,325.000,300.000,500.000,100.000,250.000,-1,900.000,675.000,-1,-1,2,0,2,0,2,0,0,0,0,1,1,1,2,1,0,2,2
87,1168.263,-6967.522,-66.955,-18.743,0.946934,0.321189,-0.012422,-0.321414,0.946556,-0.026933,0.003107,0.029497,0.999560,0,0.57015,1.00000,34.209,2.000,-1,425.000,-1,375.000,-1,325.000,300.000,325.000,300.000,500.000,125.000,300.000,-1,900.000,700.000,-1,-1,2,0,2,0,2,0,0,0,0,1,1,1,2,1,0,2,2
88,1201.694,-6977.580,-67.335,-16.743,0.957535,0.287990,-0.013711,-0.288240,0.957294,-0.022495,0.006648,0.025492,0.999653,0,0.58185,1.00000,34.911,2.000,-1,425.000,-1,375.000,-1,325.000,325.000,325.000,300.000,525.000,125.000,350.000,-1,950.000,725.000,-1,-1,2,0,2,0,2,0,0,0,0,1,1,1,2,1,0,2,2
89,1236.135,-6986.644,-67.333,-14.743,0.966984,0.254423,-0.014515,-0.254677,0.966826,-0.019688,0.009024,0.022735,0.999701,0,0.59357,1.00000,35.614,2.000,-1,425.000,-1,400.000,-1,325.000,325.000,325.000,300.000,550.000,175.000,450.000,-1,1000.000,750.000,-1,-1,2,0,2,0,2,0,0,0,0,1,1,1,2,1,0,2,2
90,1271.556,-6994.655,-67.077,-12.743,0.975272,0.220536,-0.014413,-0.220776,0.975159,-0.017986,0.010089,0.020723,0.999734,0,0.60527,1.00000,36.316,2.000,-1,450.000,-1,400.000,-1,350.000,325.000,325.000,300.000,575.000,225.000,575.000,-1,-1,750.000,-1,-1,2,0,2,0,2,0,0,0,0,1,1,1,2,2,0,2,2
91,1307.924,-7001.556,-66.984,-10.743,0.982385,0.186379,-0.013476,-0.186580,0.982317,-0.015527,0.010343,0.017768,0.999789,0,0.61694,1.00000,37.016,2.000,-1,450.000,-1,400.000,-1,350.000,325.000,300.000,300.000,575.000,275.000,725.000,-1,-1,775.000,-1,1000.000,2,0,2,0,2,0,0,0,0,1,1,1,2,2,0,2,1
92,1346.795,-7007.702,-66.850,-8.983,0.987658,0.156130,-0.012489,-0.156287,0.987628,-0.012836,0.010330,0.014630,0.999840,0,0.65591,0.88000,39.355,1.760,-1,450.000,-1,400.000,-1,350.000,325.000,300.000,300.000,600.000,375.000,875.000,-1,-1,775.000,-1,925.000,2,0,2,0,2,0,0,0,0,1,1,1,2,2,1,2,1
93,1386.491,-7012.903,-67.034,-7.463,0.991473,0.129880,-0.010593,-0.130000,0.991448,-0.011479,0.009012,0.012758,0.999878,0,0.66724,0.76000,40.034,1.520,-1,450.000,-1,400.000,975.000,350.000,325.000,300.000,300.000,625.000,475.000,-1,-1,-1,725.000,-1,875.000,2,0,2,0,1,0,0,0,0,1,1,2,2,2,1,2,1
94,1426.934,-7017.285,-67.282,-6.183,0.994148,0.107703,-0.008362,-0.107787,0.994120,-0.010355,0.007198,0.011195,0.999911,0,0.67801,0.64000,40.680,1.280,-1,450.000,-1,400.000,900.000,350.000,325.000,300.000,300.000,650.000,625.000,-1,-1,-1,700.000,-1,825.000,2,0,2,0,1,0,0,0,0,1,1,2,2,2,1,2,1
95,1468.064,-7020.987,-67.502,-5.143,0.995956,0.089643,-0.006044,-0.089695,0.995928,-0.009078,0.005205,0.009583,0.999941,0,0.68826,0.52000,41.296,1.040,-1,450.000,-1,400.000,850.000,350.000,325.000,300.000,300.000,700.000,825.000,-1,-1,-1,650.000,-1,775.000,2,0,2,0,1,0,0,0,0,1,1,2,2,2,1,2,1
96,1509.828,-7024.159,-67.698,-4.343,0.997122,0.075730,-0.003650,-0.075756,0.997097,-0.007673,0.003058,0.007927,0.999964,0,0.69808,0.40000,41.885,0.800,-1,450.000,-1,400.000,775.000,350.000,325.000,300.000,300.000,725.000,-1,-1,-1,-1,625.000,-1,725.000,2,0,2,0,1,0,0,0,0,1,2,2,2,2,1,2,1
97,1552.188,-7026.960,-67.876,-3.783,0.997820,0.065982,-0.001192,-0.065988,0.997801,-0.006164,0.000782,0.006229,0.999980,0,0.70754,0.28000,42.452,0.560,-1,425.000,-1,400.000,725.000,350.000,325.000,300.000,300.000,750.000,-1,-1,-1,-1,600.000,-1,675.000,2,0,2,0,1,0,0,0,0,1,2,2,2,2,1,2,1
98,1599.354,-7029.815,-68.052,-3.463,0.998173,0.060408,0.001573,-0.060401,0.998164,-0.004417,-0.001837,0.004313,0.999989,0,0.78754,0.16000,47.252,0.320,-1,425.000,-1,400.000,675.000,350.000,325.000,300.000,300.000,775.000,-1,-1,-1,1000.000,575.000,-1,625.000,2,0,2,0,1,0,0,0,0,1,2,2,2,0,1,2,1
99,1651.315,-7032.887,-68.226,-3.383,0.998246,0.059015,0.004637,-0.059004,0.998255,-0.002453,-0.004773,0.002175,0.999986,0,0.86754,0.04000,52.052,0.080,-1,425.000,-1,400.000,600.000,325.000,325.000,300.000,300.000,800.000,-1,-1,-1,1000.000,525.000,-1,575.000,2,0,2,1,1,0,0,0,0,1,2,2,2,0,1,2,1
100,1702.752,-7035.640,-68.392,-3.063,0.998542,0.053439,0.007668,-0.053437,0.998571,-0.000494,-0.007683,0.000084,0.999970,0,0.85851,0.16000,51.510,0.320,-1,425.000,-1,375.000,550.000,325.000,325.000,300.000,300.000,825.000,-1,-1,-1,975.000,500.000,-1,525.000,2,0,2,1,1,1,1,0,0,1,2,2,2,0,1,2,1
101,1754.928,-7037.921,-68.555,-2.503,0.998988,0.043677,0.010748,-0.043696,0.999044,0.001536,-0.010671,-0.002004,0.999941,0,0.87043,0.28000,52.226,0.560,-1,425.000,-1,350.000,475.000,325.000,300.000,300.000,300.000,850.000,-1,-1,-1,950.000,475.000,-1,475.000,2,0,2,1,1,1,1,0,0,1,2,2,2,0,1,2,1
102,1807.852,-7039.494,-68.719,-1.703,0.999462,0.029723,0.013887,-0.029777,0.999550,0.003667,-0.013771,-0.004078,0.999897,0,0.88245,0.40000,52.947,0.800,-1,425.000,-1,325.000,425.000,325.000,300.000,300.000,300.000,875.000,-1,-1,-1,925.000,450.000,-1,400.000,2,0,2,1,1,1,1,0,0,1,2,2,2,0,1,2,1
103,1861.509,-7040.115,-68.886,-0.663,0.999787,0.011576,0.017089,-0.011679,0.999914,0.005926,-0.017019,-0.006124,0.999836,0,0.89435,0.52000,53.661,1.040,-1,425.000,-1,300.000,375.000,325.000,275.000,300.000,300.000,900.000,-1,-1,-1,925.000,400.000,-1,350.000,2,0,2,1,1,1,1,0,0,1,2,2,2,0,1,2,1
104,1915.863,-7039.658,-69.060,0.482,0.999757,-0.008411,0.020363,0.008243,0.999931,0.008314,-0.020432,-0.008144,0.999758,0,0.90592,0.57262,54.355,1.145,-1,425.000,-1,275.000,300.000,325.000,275.000,300.000,300.000,950.000,-1,-1,-1,900.000,400.000,-1,300.000,2,0,2,1,1,1,1,0,0,1,2,2,2,0,1,2,1
105,1970.858,-7038.135,-69.060,1.585,0.999378,-0.027665,0.021870,0.027413,0.999555,0.011742,-0.022186,-0.011135,0.999692,0,0.91695,0.55171,55.017,1.103,-1,425.000,-1,275.000,250.000,325.000,250.000,300.000,300.000,975.000,-1,-1,-1,900.000,375.000,-1,250.000,2,0,2,1,1,1,1,0,0,1,2,2,2,0,1,2,1
106,2026.440,-7035.563,-67.046,2.645,0.998870,-0.046134,0.011458,0.045813,0.998589,0.026848,-0.012681,-0.026293,0.999574,0,0.92736,0.52988,55.642,1.060,-1,450.000,-1,275.000,250.000,350.000,275.000,300.000,325.000,975.000,-1,-1,-1,950.000,375.000,-1,250.000,2,0,2,1,1,1,1,0,0,1,2,2,2,0,1,2,1
107,2082.548,-7031.969,-65.259,3.659,0.997964,-0.063769,0.001238,0.063665,0.997126,0.041063,-0.003853,-0.040900,0.999156,0,0.93704,0.50706,56.223,1.014,-1,475.000,-1,275.000,225.000,375.000,275.000,275.000,375.000,950.000,-1,-1,-1,1000.000,400.000,-1,250.000,2,0,2,1,1,1,1,0,0,1,2,2,2,0,1,2,1
108,2139.113,-7027.385,-63.712,4.626,0.996715,-0.080524,-0.008691,0.080878,0.995247,0.054236,0.004283,-0.054761,0.998490,0,0.94585,0.48318,56.751,0.966,-1,500.000,-1,300.000,225.000,400.000,300.000,275.000,400.000,950.000,-1,-1,-1,-1,425.000,-1,250.000,2,0,2,1,1,1,1,0,0,1,2,2,2,2,1,2,1
109,2196.062,-7021.851,-62.431,5.542,0.995181,-0.096353,-0.018173,0.097357,0.993037,0.066319,0.011657,-0.067769,0.997633,0,0.95362,0.45819,57.217,0.916,-1,525.000,-1,300.000,200.000,450.000,325.000,275.000,425.000,800.000,175.000,-1,-1,-1,450.000,-1,250.000,2,0,2,1,1,0,1,0,1,0,0,2,2,2,1,2,1
110,2253.312,-7015.414,-61.442,6.406,0.993428,-0.111217,-0.027061,0.113004,0.990585,0.077279,0.018211,-0.079829,0.996642,0,0.96018,0.43202,57.611,0.864,-1,550.000,-1,325.000,200.000,450.000,350.000,250.000,375.000,650.000,150.000,-1,-1,-1,525.000,-1,225.000,2,0,2,1,1,0,1,0,1,0,0,2,2,2,1,2,1
111,2310.771,-7008.129,-60.766,7.215,0.991522,-0.125078,-0.035221,0.127725,0.987978,0.087098,0.023904,-0.090858,0.995577,0,0.96533,0.40461,57.920,0.809,-1,550.000,-1,325.000,200.000,475.000,375.000,250.000,325.000,525.000,125.000,375.000,-1,-1,625.000,-1,225.000,2,0,2,1,1,0,1,0,1,0,0,0,2,2,1,2,1
112,2370.216,-6999.992,-60.336,7.784,0.989958,-0.134748,-0.042744,0.138333,0.985668,0.096556,0.029120,-0.101499,0.994409,0,1.00000,0.28461,60.000,0.569,-1,575.000,-1,375.000,175.000,500.000,400.000,250.000,275.000,475.000,100.000,350.000,-1,-1,750.000,-1,225.000,2,0,2,1,1,0,1,0,1,0,0,0,2,2,1,2,1
113,2429.614,-6991.512,-60.128,8.114,0.988881,-0.140257,-0.049428,0.144814,0.983813,0.105548,0.033824,-0.111532,0.993185,0,1.00000,0.16461,60.000,0.329,-1,575.000,-1,425.000,175.000,500.000,450.000,250.000,250.000,425.000,75.000,325.000,-1,-1,875.000,-1,225.000,2,0,2,1,1,0,1,0,1,0,0,0,2,2,1,2,1
114,2488.999,-6982.940,-60.075,8.203,0.988368,-0.141627,-0.055406,0.147195,0.982471,0.114391,0.038234,-0.121216,0.991890,0,1.00000,0.04461,60.000,0.089,-1,600.000,-1,450.000,150.000,525.000,475.000,250.000,225.000,375.000,75.000,300.000,-1,-1,-1,-1,-1,2,0,2,1,1,0,1,0,1,0,0,0,2,2,2,2,2
115,4263.546,-4263.577,-128.019,-178.880,-0.994191,0.019493,0.105848,-0.027483,-0.996838,-0.074556,0.104060,-0.077032,0.991583,1,0.00000,0.00000,60.000,-0.151,575.000,425.000,-1,400.000,-1,400.000,375.000,250.000,225.000,650.000,650.000,-1,-1,550.000,-1,550.000,-1,1,1,2,1,2,1,1,0,1,1,1,2,2,1,2,1,2
116,4258.747,-4263.662,-127.496,-178.979,-0.994246,0.017764,0.105634,-0.025787,-0.996845,-0.075073,0.103967,-0.077365,0.991567,0,0.08000,-0.04967,4.800,-0.099,575.000,425.000,-1,400.000,-1,400.000,375.000,250.000,225.000,650.000,650.000,-1,-1,550.000,-1,550.000,-1,1,1,2,1,2,1,1,0,1,1,1,2,2,1,2,1,2
117,4249.148,-4263.817,-126.458,-179.078,-0.994324,0.016036,0.105183,-0.024120,-0.996813,-0.076043,0.103628,-0.078149,0.991541,0,0.16000,-0.04965,9.600,-0.099,550.000,425.000,-1,400.000,-1,375.000,375.000,250.000,225.000,675.000,650.000,-1,-1,550.000,-1,525.000,-1,1,1,2,1,2,1,1,0,1,1,1,2,2,1,2,1,2
118,4234.750,-4264.025,-124.904,-179.178,-0.994422,0.014309,0.104496,-0.022482,-0.996741,-0.077467,0.103047,-0.079385,0.991504,0,0.24000,-0.04960,14.400,-0.099,525.000,425.000,-1,425.000,-1,375.000,375.000,250.000,225.000,675.000,675.000,-1,-1,525.000,-1,525.000,-1,1,1,2,1,2,1,1,0,1,1,1,2,2,1,2,1,2
119,4215.551,-4264.269,-122.834,-179.277,-0.994542,0.012585,0.103575,-0.020875,-0.996629,-0.079346,0.102228,-0.081075,0.991452,0,0.32000,-0.04949,19.200,-0.099,525.000,400.000,-1,425.000,-1,375.000,375.000,250.000,225.000,700.000,725.000,-1,-1,525.000,-1,500.000,-1,1,1,2,1,2,1,1,0,1,1,1,2,2,1,2,1,2
120,-1639.793,4919.663,224.776,-9.631,0.985069,0.164446,0.050961,-0.151688,0.969031,-0.194857,-0.081426,0.184218,0.979507,1,0.00000,0.00000,24.000,-0.099,-1,450.000,-1,275.000,200.000,325.000,275.000,225.000,225.000,300.000,-1,-1,-1,775.000,400.000,-1,225.000,2,0,2,0,0,0,0,1,0,1,2,2,2,0,0,2,0
121,8855.036,9511.020,-373.270,86.454,0.062425,-0.994294,-0.086506,0.998028,0.061619,0.011964,-0.006565,-0.087082,0.996179,1,0.00000,0.00000,4.800,0.240,-1,375.000,-1,375.000,-1,300.000,300.000,300.000,325.000,-1,575.000,500.000,975.000,650.000,675.000,-1,-1,2,0,2,0,2,0,0,0,0,2,0,0,1,0,0,2,2
122,8855.353,9515.810,-373.305,86.214,0.066551,-0.994030,-0.086463,0.997765,0.065783,0.011699,-0.005942,-0.087049,0.996186,0,0.08000,-0.12000,4.800,-0.240,-1,375.000,-1,375.000,-1,300.000,300.000,300.000,325.000,-1,575.000,500.000,975.000,650.000,675.000,-1,-1,2,0,2,0,2,0,0,0,0,2,0,0,1,0,0,2,2
123,8856.068,9525.384,-373.367,85.734,0.074799,-0.993450,-0.086385,0.997188,0.074109,0.011172,-0.004697,-0.086978,0.996199,0,0.16000,-0.24000,9.600,-0.480,-1,375.000,-1,375.000,-1,300.000,300.000,300.000,325.000,-1,575.000,500.000,975.000,650.000,675.000,-1,-1,2,0,2,0,2,0,0,0,0,2,0,0,1,0,0,2,2
124,8857.320,9539.730,-373.444,85.014,0.087162,-0.992450,-0.086287,0.996190,0.086587,0.010385,-0.002835,-0.086863,0.996216,0,0.24000,-0.36000,14.400,-0.720,-1,375.000,-1,375.000,-1,300.000,300.000,300.000,325.000,-1,550.000,500.000,1000.000,650.000,675.000,-1,-1,2,0,2,0,2,0,0,0,0,2,0,0,1,0,0,2,2
125,8859.310,9558.827,-373.520,84.054,0.103626,-0.990875,-0.086188,0.994616,0.103205,0.009343,-0.000362,-0.086693,0.996235,0,0.32000,-0.48000,19.200,-0.960,-1,375.000,-1,375.000,-1,300.000,325.000,300.000,325.000,-1,550.000,500.000,1000.000,650.000,675.000,-1,-1,2,0,2,0,2,0,0,0,0,2,0,0,1,0,0,2,2
126,8862.296,9582.641,-373.572,82.854,0.124168,-0.988517,-0.086119,0.992258,0.123936,0.008052,0.002714,-0.086453,0.996252,0,0.40000,-0.60000,24.000,-1.200,-1,375.000,-1,375.000,-1,300.000,325.000,300.000,325.000,-1,550.000,475.000,-1,650.000,675.000,-1,-1,2,0,2,0,2,0,0,0,0,2,0,0,2,0,0,2,2
127,8866.597,9611.120,-373.573,81.414,0.148749,-0.985118,-0.086116,0.988854,0.148743,0.006522,0.006384,-0.086126,0.996264,0,0.48000,-0.72000,28.800,-1.440,-1,375.000,-1,375.000,-1,300.000,325.000,300.000,325.000,-1,550.000,475.000,-1,650.000,675.000,-1,-1,2,0,2,0,2,0,0,0,0,2,0,0,2,0,0,2,2
128,8872.587,9644.183,-373.493,79.734,0.177312,-0.980371,-0.086220,0.984097,0.177566,0.004767,0.010636,-0.085694,0.996265,0,0.56000,-0.84000,33.600,-1.680,-1,375.000,-1,375.000,-1,300.000,300.000,300.000,325.000,-1,525.000,475.000,-1,650.000,675.000,-1,-1,2,0,2,0,2,0,0,0,0,2,0,0,2,0,0,2,2
129,8880.695,9681.719,-373.298,77.814,0.209773,-0.973918,-0.086484,0.977628,0.210323,0.002804,0.015458,-0.085137,0.996249,0,0.64000,-0.96000,38.400,-1.920,-1,375.000,-1,375.000,-1,300.000,300.000,300.000,325.000,-1,500.000,425.000,-1,650.000,675.000,-1,-1,2,0,2,0,2,0,0,0,0,2,0,0,2,0,0,2,2
130,8891.284,9723.603,-372.955,75.814,0.243328,-0.966040,-0.086938,0.969725,0.244198,0.000645,0.020607,-0.084463,0.996213,0,0.72000,-1.00000,43.200,-2.000,-1,375.000,-1,375.000,-1,300.000,300.000,300.000,325.000,-1,450.000,400.000,-1,650.000,700.000,-1,-1,2,0,2,0,2,0,0,0,0,2,0,0,2,0,0,2,2
131,8904.668,9769.701,-372.243,73.814,0.276646,-0.957055,-0.086678,0.960638,0.277800,-0.001311,0.025334,-0.082904,0.996235,0,0.80000,-1.00000,48.000,-2.000,-1,375.000,-1,375.000,-1,300.000,300.000,300.000,300.000,-1,450.000,400.000,-1,650.000,700.000,-1,-1,2,0,2,0,2,0,0,0,0,2,0,0,2,0,0,2,2
132,8920.003,9816.368,-370.900,71.814,0.309688,-0.947055,-0.084737,0.950361,0.311123,-0.003957,0.030112,-0.079305,0.996395,0,0.81867,-1.00000,49.120,-2.000,-1,375.000,-1,375.000,-1,300.000,300.000,300.000,300.000,-1,450.000,400.000,-1,675.000,700.000,-1,-1,2,0,2,0,2,0,0,0,0,2,0,0,2,0,0,2,2
133,8937.006,9862.601,-369.365,69.814,0.342372,-0.935905,-0.082839,0.938911,0.344090,-0.006990,0.035046,-0.075385,0.996538,0,0.82097,-1.00000,49.258,-2.000,-1,375.000,-1,375.000,-1,300.000,300.000,300.000,300.000,-1,450.000,400.000,-1,675.000,700.000,-1,-1,2,0,2,0,2,0,0,0,0,2,0,0,2,0,0,2,2
