timestep,x_cm,y_cm,z_cm,yaw_deg,basis_xx,basis_xy,basis_xz,basis_yx,basis_yy,basis_yz,basis_zx,basis_zy,basis_zz,teleport_flag,throttle_cmd,steering_cmd,cmd_move_cm,cmd_turn_deg,lidar_cm_0,lidar_cm_1,lidar_cm_2,lidar_cm_3,lidar_cm_4,lidar_cm_5,lidar_cm_6,lidar_cm_7,lidar_cm_8,lidar_cm_9,lidar_cm_10,lidar_cm_11,lidar_cm_12,lidar_cm_13,lidar_cm_14,lidar_cm_15,lidar_cm_16,lidar_class_0,lidar_class_1,lidar_class_2,lidar_class_3,lidar_class_4,lidar_class_5,lidar_class_6,lidar_class_7,lidar_class_8,lidar_class_9,lidar_class_10,lidar_class_11,lidar_class_12,lidar_class_13,lidar_class_14,lidar_class_15,lidar_class_16
0,-2954.431,-9514.963,38.737,-124.776,-0.568998,0.821020,-0.046559,-0.821446,-0.570106,-0.014331,-0.038310,0.030091,0.998813,1,0.08000,-0.12000,4.800,-0.240,-1,400.000,850.000,375.000,-1,325.000,325.000,300.000,300.000,-1,575.000,475.000,550.000,600.000,725.000,850.000,-1,2,1,1,0,2,0,0,0,0,2,1,1,1,1,0,1,2
1,-2959.973,-9522.802,38.393,-125.256,-0.575853,0.816226,-0.046569,-0.816634,-0.576972,-0.014566,-0.038758,0.029641,0.998809,0,0.16000,-0.24000,9.600,-0.480,1000.000,400.000,875.000,375.000,-1,325.000,325.000,325.000,300.000,-1,575.000,500.000,575.000,575.000,725.000,825.000,-1,1,1,1,0,2,0,0,0,0,2,1,1,1,1,0,1,2
2,-2968.432,-9534.455,37.874,-125.976,-0.586060,0.808927,-0.046590,-0.809308,-0.587195,-0.014911,-0.039419,0.028967,0.998803,0,0.24000,-0.36000,14.400,-0.720,1000.000,400.000,875.000,375.000,-1,325.000,325.000,325.000,300.000,-1,600.000,525.000,575.000,575.000,725.000,775.000,-1,1,1,1,0,2,0,0,0,0,2,1,1,1,1,0,1,2
3,-2979.970,-9549.802,37.195,-126.936,-0.599526,0.798995,-0.046653,-0.799344,-0.600680,-0.015271,-0.040225,0.028136,0.998794,0,0.32000,-0.48000,19.200,-0.960,975.000,375.000,900.000,375.000,-1,325.000,325.000,325.000,300.000,-1,650.000,550.000,600.000,550.000,725.000,725.000,-1,1,1,1,0,2,0,0,0,0,2,1,1,1,1,0,1,2
4,-2994.791,-9568.679,36.369,-128.136,-0.616123,0.786260,-0.046783,-0.786577,-0.617296,-0.015541,-0.041098,0.027223,0.998784,0,0.40000,-0.60000,24.000,-1.200,925.000,375.000,950.000,375.000,-1,325.000,325.000,325.000,300.000,-1,675.000,575.000,600.000,525.000,725.000,675.000,-1,1,1,1,0,2,0,0,0,0,2,1,1,1,1,0,1,2
5,-3013.140,-9590.878,35.339,-129.576,-0.635692,0.770524,-0.046782,-0.770800,-0.636881,-0.015817,-0.041982,0.026005,0.998780,0,0.48000,-0.72000,28.800,-1.440,900.000,375.000,-1,375.000,-1,325.000,325.000,325.000,300.000,-1,725.000,625.000,625.000,525.000,700.000,625.000,-1,1,1,2,0,2,0,0,0,0,2,1,1,1,1,0,1,2
6,-3035.127,-9616.285,33.931,-130.872,-0.653017,0.755955,-0.045821,-0.756166,-0.654180,-0.016168,-0.042197,0.024090,0.998819,0,0.56000,-0.64811,33.600,-1.296,750.000,350.000,-1,375.000,-1,325.000,325.000,325.000,300.000,-1,800.000,675.000,650.000,500.000,725.000,575.000,-1,1,1,2,0,2,0,0,0,0,2,1,1,1,1,0,1,2
7,-3060.895,-9644.756,32.327,-132.145,-0.669719,0.741263,-0.044788,-0.741407,-0.670851,-0.016579,-0.042336,0.022103,0.998859,0,0.64000,-0.63678,38.400,-1.274,650.000,350.000,-1,375.000,-1,325.000,325.000,325.000,300.000,-1,850.000,725.000,675.000,475.000,725.000,500.000,-1,1,1,2,0,2,0,0,0,0,2,1,1,1,1,1,1,2
8,-3090.573,-9676.147,30.531,-133.393,-0.685765,0.726510,-0.043691,-0.726587,-0.686863,-0.017043,-0.042392,0.020057,0.998900,0,0.72000,-0.62389,43.200,-1.248,525.000,325.000,-1,375.000,-1,325.000,325.000,325.000,300.000,-1,925.000,800.000,725.000,450.000,700.000,450.000,-1,1,1,2,0,2,1,0,0,0,2,1,1,1,1,1,1,2
9,-3124.284,-9710.317,28.551,-134.612,-0.701128,0.711766,-0.042532,-0.711777,-0.702187,-0.017553,-0.042359,0.017966,0.998941,0,0.80000,-0.60931,48.000,-1.219,450.000,325.000,-1,375.000,-1,300.000,325.000,325.000,300.000,-1,975.000,875.000,750.000,400.000,700.000,400.000,-1,1,1,2,0,2,1,0,0,0,2,1,1,1,1,1,1,2
10,-3162.135,-9747.129,26.407,-135.798,-0.715776,0.697106,-0.041320,-0.697054,-0.716792,-0.018040,-0.042193,0.015890,0.998983,0,0.88000,-0.59292,52.800,-1.186,375.000,300.000,-1,375.000,-1,275.000,325.000,325.000,300.000,-1,-1,950.000,800.000,375.000,700.000,325.000,-1,1,1,2,0,2,1,0,0,0,2,2,1,1,1,1,1,2
11,-3204.153,-9786.385,25.761,-136.947,-0.729719,0.682533,-0.040730,-0.682774,-0.730563,-0.009849,-0.036478,0.020622,0.999122,0,0.95837,-0.57452,57.502,-1.149,325.000,275.000,-1,400.000,-1,275.000,325.000,325.000,300.000,-1,925.000,1000.000,825.000,350.000,725.000,300.000,-1,1,1,2,0,2,1,0,0,0,2,0,1,1,1,1,1,2
12,-3247.355,-9825.213,25.716,-138.055,-0.742939,0.668164,-0.039996,-0.668741,-0.743494,0.001460,-0.028761,0.027832,0.999199,0,0.96812,-0.55394,58.087,-1.108,275.000,275.000,-1,400.000,-1,275.000,325.000,375.000,300.000,-1,575.000,600.000,850.000,325.000,775.000,275.000,-1,1,1,2,0,2,1,1,0,0,2,0,0,1,1,1,1,2
13,-3291.684,-9863.591,26.271,-139.119,-0.755466,0.654027,-0.038983,-0.654910,-0.755539,0.015901,-0.019053,0.037543,0.999113,0,0.97724,-0.53229,58.635,-1.065,250.000,250.000,-1,425.000,-1,250.000,325.000,400.000,300.000,-1,350.000,300.000,850.000,350.000,850.000,250.000,-1,1,1,2,0,2,1,1,0,0,2,0,0,1,1,0,1,2
14,-3337.071,-9901.499,27.430,-140.138,-0.767336,0.640145,-0.037555,-0.641203,-0.766641,0.033469,-0.007367,0.049762,0.998734,0,0.98559,-0.50949,59.136,-1.019,225.000,250.000,-1,450.000,-1,275.000,325.000,450.000,275.000,-1,300.000,175.000,850.000,375.000,925.000,225.000,-1,1,1,2,1,2,1,1,0,0,2,0,0,1,1,0,1,2
15,-3383.436,-9938.916,28.975,-141.109,-0.778608,0.626492,-0.035743,-0.627473,-0.776671,0.055315,0.006894,0.065497,0.997829,0,0.99300,-0.48545,59.580,-0.971,200.000,275.000,-1,475.000,-1,275.000,350.000,525.000,275.000,-1,250.000,125.000,825.000,450.000,-1,200.000,-1,1,1,2,1,2,1,1,0,0,2,0,0,1,1,2,1,2
16,-3430.688,-9975.821,31.184,-142.029,-0.789303,0.613081,-0.033656,-0.613579,-0.785533,0.080370,0.022836,0.084087,0.996197,0,0.99924,-0.46008,59.955,-0.920,175.000,325.000,-1,500.000,-1,325.000,375.000,575.000,275.000,-1,225.000,75.000,700.000,725.000,-1,175.000,-1,1,1,2,1,2,1,1,1,0,2,0,0,0,1,2,1,2
17,-3478.523,-10012.043,33.987,-142.896,-0.799459,0.599926,-0.030891,-0.599356,-0.793123,0.108295,0.040468,0.105092,0.993639,0,1.00000,-0.43329,60.000,-0.867,175.000,400.000,-1,575.000,-1,375.000,425.000,650.000,250.000,-1,200.000,50.000,475.000,875.000,-1,175.000,-1,1,1,2,0,2,1,1,1,0,2,0,0,0,1,2,1,2
18,-3526.869,-10047.582,35.432,-143.706,-0.808657,0.587625,-0.027775,-0.585850,-0.800130,0.128732,0.053422,0.120372,0.991290,0,1.00000,-0.40511,60.000,-0.810,175.000,500.000,-1,600.000,-1,450.000,500.000,525.000,250.000,-1,200.000,25.000,375.000,950.000,-1,-1,-1,1,1,2,0,2,1,1,1,0,2,0,0,0,1,2,2,2
19,-3571.681,-10079.817,33.937,-144.276,-0.814586,0.579477,-0.025611,-0.577331,-0.805723,0.132287,0.056022,0.122545,0.990881,0,0.92000,-0.28511,55.200,-0.570,200.000,650.000,-1,625.000,-1,500.000,550.000,400.000,250.000,-1,200.000,25.000,350.000,950.000,-1,-1,-1,1,1,2,0,2,1,0,1,0,2,0,0,0,1,2,2,2
20,-4263.551,-6887.265,-21.484,-15.053,0.964596,0.259292,-0.048198,-0.261444,0.964146,-0.045488,0.034676,0.056479,0.997801,1,0.00000,0.00000,50.400,-0.330,-1,400.000,850.000,375.000,775.000,325.000,325.000,300.000,300.000,-1,525.000,525.000,-1,725.000,550.000,-1,650.000,2,0,1,0,1,0,0,0,0,2,0,0,2,0,1,2,1
21,-4268.181,-6885.998,-21.657,-15.293,0.963508,0.263324,-0.048088,-0.265473,0.963038,-0.045622,0.034297,0.056723,0.997801,0,-0.08000,-0.12000,-4.800,-0.240,-1,400.000,850.000,375.000,775.000,325.000,325.000,300.000,300.000,-1,525.000,525.000,-1,725.000,550.000,-1,650.000,2,0,1,0,1,0,0,0,0,2,0,0,2,0,1,2,1
22,-4277.420,-6883.389,-22.001,-15.773,0.961282,0.271375,-0.047871,-0.273517,0.960772,-0.045896,0.033538,0.057213,0.997799,0,-0.16000,-0.24000,-9.600,-0.480,-1,400.000,850.000,375.000,800.000,325.000,325.000,300.000,300.000,-1,500.000,525.000,-1,725.000,575.000,-1,675.000,2,0,1,0,1,0,0,0,0,2,0,0,2,0,1,2,1
23,-4291.227,-6879.300,-22.507,-16.493,0.957817,0.283415,-0.047558,-0.285546,0.957245,-0.046325,0.032395,0.057950,0.997794,0,-0.24000,-0.36000,-14.400,-0.720,-1,400.000,850.000,375.000,825.000,325.000,325.000,300.000,300.000,-1,500.000,525.000,-1,725.000,575.000,-1,700.000,2,0,1,0,1,0,0,0,0,2,0,0,2,0,1,2,1
24,-4309.543,-6873.541,-23.165,-17.453,0.952963,0.299396,-0.047161,-0.301512,0.952307,-0.046925,0.030863,0.058937,0.997785,0,-0.32000,-0.48000,-19.200,-0.960,-1,400.000,850.000,375.000,875.000,325.000,300.000,300.000,300.000,-1,500.000,500.000,-1,725.000,600.000,-1,725.000,2,0,1,0,1,0,0,0,0,2,0,0,2,0,1,2,1
25,-4328.939,-6866.993,-23.849,-18.653,0.946515,0.319252,-0.046776,-0.321351,0.945763,-0.047605,0.029042,0.060090,0.997770,0,-0.34120,-0.60000,-20.472,-1.200,-1,400.000,850.000,375.000,925.000,325.000,300.000,300.000,300.000,-1,475.000,475.000,-1,725.000,625.000,-1,750.000,2,0,1,0,1,0,0,0,0,2,0,0,2,0,1,2,1
26,-4348.305,-6859.934,-24.519,-20.027,0.938616,0.341823,-0.046438,-0.343903,0.937760,-0.048335,0.027025,0.061338,0.997751,0,-0.34355,-0.68734,-20.613,-1.375,-1,400.000,850.000,375.000,975.000,325.000,300.000,300.000,300.000,-1,475.000,475.000,-1,700.000,650.000,-1,800.000,2,0,1,0,1,0,0,0,0,2,0,0,2,1,1,2,1
27,-4367.632,-6852.360,-25.168,-21.397,0.930212,0.364112,-0.046139,-0.366172,0.929250,-0.049110,0.024993,0.062578,0.997727,0,-0.34597,-0.68482,-20.758,-1.370,-1,400.000,875.000,375.000,-1,325.000,300.000,300.000,300.000,-1,475.000,450.000,-1,700.000,675.000,-1,850.000,2,0,1,0,2,0,0,0,0,2,0,0,2,1,1,2,1
28,-4386.911,-6844.270,-25.794,-22.762,0.921309,0.386113,-0.045884,-0.388153,0.920242,-0.049929,0.022946,0.063810,0.997698,0,-0.34848,-0.68246,-20.909,-1.365,-1,400.000,875.000,375.000,-1,325.000,300.000,300.000,300.000,-1,450.000,450.000,-1,675.000,675.000,-1,875.000,2,0,1,0,2,0,0,0,0,2,0,0,2,1,0,2,1
29,-4406.136,-6835.660,-26.397,-24.122,0.911918,0.407823,-0.045675,-0.409841,0.910742,-0.050789,0.020886,0.065035,0.997664,0,-0.35108,-0.68028,-21.065,-1.361,-1,400.000,900.000,375.000,-1,325.000,300.000,300.000,300.000,-1,450.000,425.000,-1,675.000,675.000,-1,925.000,2,0,1,0,2,0,0,0,0,2,0,0,2,1,0,2,1
30,-4425.296,-6826.529,-26.976,-25.479,0.902046,0.429234,-0.045516,-0.431231,0.900760,-0.051689,0.018812,0.066254,0.997625,0,-0.35376,-0.67826,-21.226,-1.357,-1,400.000,900.000,375.000,-1,325.000,300.000,300.000,300.000,-1,425.000,400.000,-1,675.000,675.000,-1,975.000,2,0,1,0,2,0,0,0,0,2,0,0,2,1,0,2,1
31,-4444.383,-6816.874,-27.523,-26.832,0.891699,0.450345,-0.045415,-0.452319,0.890304,-0.052592,0.016748,0.067439,0.997583,0,-0.35651,-0.67641,-21.391,-1.353,-1,375.000,925.000,375.000,-1,325.000,300.000,300.000,275.000,-1,425.000,400.000,-1,675.000,675.000,-1,-1,2,0,1,0,2,0,0,0,0,2,0,0,2,1,0,2,2
32,-4463.386,-6806.692,-27.773,-28.181,0.880894,0.471181,-0.044881,-0.473086,0.879441,-0.052652,0.014661,0.067613,0.997604,0,-0.35933,-0.67471,-21.560,-1.349,-1,375.000,950.000,375.000,-1,325.000,300.000,300.000,300.000,-1,425.000,400.000,-1,675.000,675.000,-1,-1,2,0,1,0,2,0,0,0,0,2,0,0,2,1,0,2,2
33,-4478.003,-6798.493,-27.917,-29.291,0.871650,0.488119,-0.044343,-0.489960,0.870152,-0.052669,0.012877,0.067635,0.997627,0,-0.27933,-0.55471,-16.760,-1.109,-1,375.000,950.000,375.000,-1,325.000,300.000,300.000,300.000,-1,425.000,375.000,-1,675.000,675.000,-1,-1,2,0,1,0,2,0,0,0,0,2,0,0,2,1,0,2,2
34,-4488.343,-6792.485,-28.006,-30.160,0.864176,0.501267,-0.043948,-0.503058,0.862645,-0.052684,0.011503,0.067637,0.997644,0,-0.19933,-0.43471,-11.960,-0.869,-1,375.000,975.000,375.000,-1,325.000,300.000,300.000,300.000,-1,425.000,375.000,-1,675.000,675.000,-1,-1,2,0,1,0,2,0,0,0,0,2,0,0,2,1,0,2,2
35,-4494.493,-6788.821,-28.051,-30.789,0.858640,0.510713,-0.043698,-0.512471,0.857087,-0.052681,0.010548,0.067628,0.997655,0,-0.11933,-0.31471,-7.160,-0.629,-1,375.000,975.000,375.000,-1,325.000,300.000,300.000,300.000,-1,425.000,375.000,-1,675.000,675.000,-1,-1,2,0,1,0,2,0,0,0,0,2,0,0,2,1,0,2,2
36,-4496.512,-6787.599,-28.059,-31.179,0.855160,0.516527,-0.043592,-0.518267,0.853597,-0.052646,0.010017,0.067613,0.997661,0,-0.03933,-0.19471,-2.360,-0.389,-1,375.000,975.000,375.000,-1,325.000,300.000,300.000,300.000,-1,425.000,375.000,-1,675.000,675.000,-1,-1,2,0,1,0,2,0,0,0,0,2,0,0,2,1,0,2,2
37,-4494.427,-6788.868,-28.034,-31.328,0.853811,0.518752,-0.043631,-0.520489,0.852248,-0.052574,0.009911,0.067598,0.997663,0,0.04067,-0.07471,2.440,-0.149,-1,375.000,975.000,375.000,-1,325.000,300.000,300.000,300.000,-1,425.000,375.000,-1,675.000,675.000,-1,-1,2,0,1,0,2,0,0,0,0,2,0,0,2,1,0,2,2
38,-4488.237,-6792.623,-27.975,-31.238,0.854618,0.517405,-0.043816,-0.519156,0.853068,-0.052465,0.010232,0.067585,0.997661,0,0.12067,0.04529,7.240,0.091,-1,375.000,975.000,375.000,-1,325.000,300.000,300.000,300.000,-1,425.000,400.000,-1,675.000,675.000,-1,-1,2,0,1,0,2,0,0,0,0,2,0,0,2,1,0,2,2
39,-4477.919,-6798.828,-27.875,-31.023,0.856528,0.514210,-0.044133,-0.515987,0.854999,-0.052298,0.010841,0.067567,0.997656,0,0.20067,0.10717,12.040,0.214,-1,375.000,975.000,375.000,-1,325.000,300.000,300.000,300.000,-1,425.000,400.000,-1,650.000,675.000,-1,-1,2,0,1,0,2,0,0,0,0,2,0,0,2,1,0,2,2
40,-4463.455,-6807.454,-27.727,-30.809,0.858418,0.511011,-0.044569,-0.512820,0.856917,-0.052054,0.011592,0.067539,0.997649,0,0.28067,0.10711,16.840,0.214,-1,375.000,950.000,375.000,-1,325.000,300.000,300.000,300.000,-1,425.000,400.000,-1,650.000,675.000,1000.000,-1,2,0,1,0,2,0,0,0,0,2,0,0,2,1,0,1,2
41,-4444.827,-6818.468,-27.527,-30.595,0.860289,0.507805,-0.045125,-0.509653,0.858823,-0.051734,0.012483,0.067504,0.997641,0,0.36067,0.10710,21.640,0.214,-1,375.000,925.000,375.000,-1,300.000,300.000,300.000,300.000,-1,450.000,400.000,-1,650.000,675.000,1000.000,-1,2,0,1,0,2,0,0,0,0,2,0,0,2,1,0,1,2
42,-4422.017,-6831.840,-27.273,-30.381,0.862143,0.504591,-0.045804,-0.506485,0.860719,-0.051342,0.013518,0.067463,0.997630,0,0.44067,0.10715,26.440,0.214,-1,375.000,900.000,375.000,-1,300.000,300.000,300.000,300.000,-1,450.000,425.000,-1,625.000,675.000,975.000,-1,2,0,1,0,2,0,0,0,0,2,0,0,2,1,0,1,2
43,-4395.008,-6847.539,-26.726,-30.166,0.863981,0.501395,-0.046265,-0.503308,0.862655,-0.050085,0.014798,0.066558,0.997673,0,0.52067,0.10726,31.240,0.215,-1,375.000,875.000,375.000,-1,300.000,300.000,300.000,300.000,-1,450.000,425.000,-1,625.000,675.000,925.000,-1,2,0,1,0,2,0,0,0,0,2,0,0,2,1,0,1,2
44,-4363.781,-6865.533,-26.011,-29.951,0.865811,0.498200,-0.046564,-0.500112,0.864602,-0.048489,0.016103,0.065270,0.997738,0,0.60067,0.10740,36.040,0.215,-1,375.000,850.000,375.000,-1,300.000,300.000,300.000,300.000,-1,475.000,450.000,-1,600.000,675.000,900.000,1000.000,2,0,1,0,2,0,0,0,0,2,0,0,2,1,0,1,1
45,-4328.319,-6885.791,-25.187,-29.736,0.867627,0.494995,-0.046932,-0.496905,0.866548,-0.046692,0.017556,0.063832,0.997806,0,0.68067,0.10760,40.840,0.215,-1,375.000,800.000,375.000,-1,300.000,300.000,300.000,300.000,-1,500.000,475.000,-1,575.000,675.000,850.000,950.000,2,0,1,0,2,0,0,0,0,2,0,0,2,1,0,1,1
46,-4288.604,-6908.281,-24.249,-29.520,0.869430,0.491779,-0.047374,-0.493684,0.868492,-0.044699,0.019162,0.062250,0.997877,0,0.76067,0.10784,45.640,0.216,-1,375.000,750.000,375.000,-1,300.000,300.000,300.000,300.000,-1,525.000,500.000,-1,550.000,675.000,800.000,900.000,2,0,1,0,2,0,0,0,0,2,0,0,2,1,0,1,1
47,-4244.619,-6932.969,-23.192,-29.304,0.871221,0.488549,-0.047897,-0.490445,0.870434,-0.042513,0.020921,0.060529,0.997947,0,0.84067,0.10813,50.440,0.216,-1,375.000,700.000,375.000,-1,300.000,300.000,300.000,300.000,-1,525.000,525.000,-1,525.000,650.000,750.000,825.000,2,1,1,0,2,0,0,0,0,2,0,0,2,1,1,1,1
48,-4196.346,-6959.825,-22.012,-29.087,0.872999,0.485304,-0.048508,-0.487187,0.872375,-0.040138,0.022838,0.058672,0.998016,0,0.92067,0.10847,55.240,0.217,-1,350.000,650.000,375.000,-1,300.000,300.000,300.000,300.000,-1,550.000,550.000,-1,500.000,600.000,675.000,775.000,2,1,1,0,2,0,0,0,0,2,0,0,2,1,1,1,1
49,-4143.803,-6988.795,-20.544,-28.870,0.874732,0.482023,-0.049979,-0.483939,0.874281,-0.037895,0.025429,0.057335,0.998031,0,1.00000,0.10886,60.000,0.218,-1,325.000,600.000,375.000,925.000,300.000,300.000,300.000,300.000,-1,525.000,575.000,-1,450.000,550.000,600.000,700.000,2,1,1,0,1,1,0,0,0,2,0,0,2,1,1,1,1
50,-4091.150,-7017.563,-18.925,-28.651,0.876460,0.478705,-0.051567,-0.480669,0.876154,-0.036214,0.027845,0.056526,0.998013,0,1.00000,0.10932,60.000,0.219,-1,300.000,550.000,375.000,825.000,275.000,300.000,300.000,300.000,-1,500.000,600.000,-1,425.000,475.000,550.000,625.000,2,1,1,0,1,1,1,0,0,2,0,0,2,1,1,1,1
51,-4038.387,-7046.130,-17.149,-28.431,0.878196,0.475352,-0.053038,-0.477371,0.877995,-0.035234,0.029818,0.056261,0.997971,0,1.00000,0.10977,60.000,0.220,-1,275.000,500.000,350.000,750.000,250.000,275.000,300.000,300.000,-1,500.000,600.000,-1,375.000,425.000,475.000,550.000,2,1,1,1,1,1,1,0,0,2,0,0,2,1,1,1,1
52,-3985.512,-7074.490,-14.541,-28.211,0.879725,0.471887,-0.058372,-0.474239,0.879662,-0.035952,0.034382,0.059310,0.997647,0,1.00000,0.11022,60.000,0.220,-1,250.000,425.000,300.000,650.000,225.000,250.000,300.000,300.000,-1,475.000,550.000,-1,350.000,375.000,425.000,500.000,2,1,1,1,1,1,1,0,0,2,0,0,2,1,1,1,1
53,-3932.526,-7102.643,-11.062,-27.990,0.880974,0.468293,-0.067731,-0.471329,0.881117,-0.038493,0.041654,0.065835,0.996961,0,1.00000,0.11068,60.000,0.221,-1,250.000,400.000,275.000,550.000,200.000,225.000,325.000,300.000,-1,425.000,475.000,-1,325.000,325.000,375.000,425.000,2,1,1,1,1,1,1,0,0,2,0,0,2,1,1,1,1
54,-3879.430,-7130.587,-6.993,-27.767,0.881934,0.464580,-0.079731,-0.468638,0.882377,-0.042310,0.050696,0.074679,0.995918,0,1.00000,0.11116,60.000,0.222,-1,225.000,350.000,225.000,475.000,200.000,200.000,350.000,275.000,-1,400.000,400.000,-1,275.000,300.000,350.000,375.000,2,1,1,1,1,1,1,0,0,2,0,0,2,1,1,1,1
55,-3826.223,-7158.321,-2.133,-27.544,0.882596,0.460752,-0.093442,-0.466174,0.883442,-0.047037,0.060878,0.085075,0.994513,0,1.00000,0.11166,60.000,0.223,-1,200.000,300.000,200.000,400.000,175.000,175.000,375.000,275.000,-1,375.000,325.000,-1,250.000,250.000,325.000,300.000,2,1,1,1,1,1,1,0,0,2,0,0,2,1,1,1,1
56,-3772.907,-7185.849,5.073,-27.320,0.882496,0.457041,-0.110972,-0.463872,0.884758,-0.045013,0.077611,0.091200,0.992804,0,1.00000,0.11218,60.000,0.224,-1,175.000,275.000,175.000,325.000,150.000,150.000,400.000,275.000,-1,325.000,225.000,925.000,225.000,225.000,300.000,250.000,2,1,1,1,1,1,1,0,0,2,0,0,0,1,1,1,1
57,983.904,-8199.149,255.000,-38.331,0.784804,0.619683,0.008699,-0.618227,0.783787,-0.058941,-0.043343,0.040879,0.998224,1,0.00000,0.00000,60.000,0.225,-1,400.000,-1,400.000,-1,325.000,325.000,300.000,300.000,-1,-1,-1,-1,825.000,850.000,-1,-1,2,0,2,0,2,0,0,0,0,2,2,2,2,0,0,2,2
58,987.682,-8202.110,254.790,-38.091,0.787392,0.616389,0.008816,-0.614927,0.786369,-0.059071,-0.043343,0.041091,0.998215,0,0.08000,0.12000,4.800,0.240,-1,400.000,-1,400.000,-1,325.000,325.000,300.000,300.000,-1,-1,-1,-1,825.000,850.000,-1,-1,2,0,2,0,2,0,0,0,0,2,2,2,2,0,0,2,2
59,995.287,-8207.969,254.368,-37.611,0.792528,0.609768,0.009027,-0.608294,0.791491,-0.059336,-0.043326,0.041534,0.998197,0,0.16000,0.24000,9.600,0.480,-1,400.000,-1,400.000,-1,325.000,325.000,300.000,300.000,-1,-1,-1,-1,825.000,825.000,-1,-1,2,0,2,0,2,0,0,0,0,2,2,2,2,0,0,2,2
60,1006.787,-8216.635,253.740,-36.998,0.799002,0.601255,0.009336,-0.599762,0.797945,-0.059735,-0.043366,0.042129,0.998171,0,0.24000,0.30633,14.400,0.613,-1,400.000,-1,400.000,-1,325.000,325.000,300.000,300.000,-1,-1,-1,-1,825.000,825.000,-1,-1,2,0,2,0,2,0,0,0,0,2,2,2,2,0,0,2,2
61,1022.245,-8228.024,252.903,-36.384,0.805400,0.592651,0.009779,-0.591128,0.804324,-0.060261,-0.043579,0.042754,0.998135,0,0.32000,0.30711,19.200,0.614,-1,400.000,-1,400.000,-1,325.000,325.000,300.000,300.000,-1,-1,-1,-1,825.000,825.000,-1,-1,2,0,2,0,2,0,0,0,0,2,2,2,2,0,0,2,2
62,1041.718,-8242.051,251.857,-35.768,0.811725,0.583949,0.010361,-0.582383,0.810629,-0.060912,-0.043968,0.043409,0.998089,0,0.40000,0.30816,24.000,0.616,-1,400.000,-1,400.000,-1,325.000,325.000,300.000,300.000,-1,-1,-1,-1,825.000,825.000,-1,-1,2,0,2,0,2,0,0,0,0,2,2,2,2,0,0,2,2
63,1065.267,-8258.631,250.603,-35.149,0.817980,0.575140,0.011066,-0.573521,0.816865,-0.061692,-0.044521,0.044116,0.998034,0,0.48000,0.30947,28.800,0.619,-1,400.000,-1,400.000,-1,325.000,325.000,300.000,300.000,-1,-1,-1,-1,825.000,825.000,-1,-1,2,0,2,0,2,0,0,0,0,2,2,2,2,0,0,2,2
64,1092.000,-8277.022,249.189,-34.527,0.824169,0.566219,0.011865,-0.564537,0.823033,-0.062570,-0.045194,0.044870,0.997970,0,0.54080,0.31100,32.448,0.622,-1,400.000,-1,400.000,-1,325.000,325.000,300.000,300.000,-1,-1,-1,-1,800.000,825.000,-1,-1,2,0,2,0,2,0,0,0,0,2,2,2,2,0,0,2,2
65,1118.903,-8295.101,247.711,-33.901,0.830289,0.557190,0.012640,-0.555461,0.829143,-0.063127,-0.045654,0.045392,0.997925,0,0.54022,0.31265,32.413,0.625,-1,400.000,-1,400.000,-1,325.000,325.000,300.000,300.000,-1,-1,-1,-1,800.000,825.000,-1,-1,2,0,2,0,2,0,0,0,0,2,2,2,2,0,0,2,2
66,1145.972,-8312.863,246.224,-33.273,0.836338,0.548050,0.013407,-0.546274,0.835185,-0.063640,-0.046075,0.045900,0.997883,0,0.53961,0.31421,32.377,0.628,-1,400.000,-1,400.000,-1,325.000,325.000,300.000,300.000,-1,-1,-1,-1,800.000,825.000,-1,-1,2,0,2,0,2,0,0,0,0,2,2,2,2,0,0,2,2
67,1173.203,-8330.306,244.736,-32.642,0.842314,0.538801,0.014168,-0.536979,0.841153,-0.064149,-0.046481,0.046426,0.997840,0,0.53899,0.31567,32.339,0.631,-1,400.000,-1,400.000,-1,325.000,325.000,300.000,300.000,-1,-1,-1,-1,800.000,800.000,-1,-1,2,0,2,0,2,0,0,0,0,2,2,2,2,0,0,2,2
68,1200.594,-8347.427,243.249,-32.008,0.848212,0.529446,0.014923,-0.527578,0.847043,-0.064655,-0.046872,0.046968,0.997796,0,0.53835,0.31704,32.301,0.634,-1,400.000,-1,400.000,-1,325.000,325.000,300.000,300.000,-1,-1,-1,-1,800.000,800.000,1000.000,-1,2,0,2,0,2,0,0,0,0,2,2,2,2,0,0,1,2
69,1230.334,-8365.626,241.636,-31.464,0.853178,0.521382,0.015738,-0.519462,0.852004,-0.065187,-0.047396,0.047441,0.997749,0,0.58112,0.27154,34.867,0.543,-1,400.000,-1,400.000,-1,325.000,325.000,300.000,300.000,-1,-1,-1,-1,800.000,800.000,975.000,-1,2,0,2,0,2,0,0,0,0,2,2,2,2,1,0,1,2
70,1260.439,-8383.656,240.006,-30.918,0.858098,0.513218,0.016558,-0.511245,0.856919,-0.065718,-0.047917,0.047928,0.997701,0,0.58485,0.27331,35.091,0.547,-1,400.000,-1,400.000,-1,325.000,325.000,300.000,300.000,-1,-1,-1,-1,775.000,800.000,925.000,-1,2,0,2,0,2,0,0,0,0,2,2,2,2,1,0,1,2
71,1290.910,-8401.510,238.364,-30.368,0.862970,0.504957,0.017364,-0.502930,0.861784,-0.066256,-0.048420,0.048444,0.997652,0,0.58860,0.27496,35.316,0.550,-1,400.000,-1,400.000,-1,325.000,325.000,300.000,300.000,-1,-1,-1,-1,750.000,800.000,900.000,-1,2,0,2,0,2,0,0,0,0,2,2,2,2,1,0,1,2
72,1321.748,-8419.182,236.710,-29.815,0.867788,0.496603,0.018156,-0.494522,0.866594,-0.066800,-0.048907,0.048989,0.997601,0,0.59238,0.27650,35.543,0.553,-1,400.000,-1,400.000,-1,325.000,325.000,300.000,300.000,-1,-1,-1,-1,725.000,800.000,875.000,-1,2,0,2,0,2,0,0,0,0,2,2,2,2,1,0,1,2
73,1352.956,-8436.665,235.045,-29.259,0.872549,0.488159,0.018935,-0.486024,0.871346,-0.067350,-0.049377,0.049563,0.997550,0,0.59618,0.27792,35.771,0.556,-1,400.000,-1,400.000,-1,325.000,325.000,300.000,300.000,-1,-1,-1,-1,700.000,775.000,825.000,-1,2,0,2,0,2,0,0,0,0,2,2,2,2,1,0,1,2
74,1384.534,-8453.953,233.360,-28.701,0.877252,0.479628,0.019668,-0.477440,0.876035,-0.067920,-0.049807,0.050193,0.997497,0,0.60001,0.27923,36.001,0.558,-1,400.000,-1,400.000,-1,325.000,325.000,300.000,300.000,-1,-1,-1,-1,675.000,775.000,800.000,-1,2,0,2,0,2,0,0,0,0,2,2,2,2,1,0,1,2
75,1412.107,-8468.553,231.825,-27.902,0.883850,0.467346,0.019925,-0.465130,0.882582,-0.068578,-0.049635,0.051345,0.997447,0,0.52001,0.39923,31.201,0.798,-1,400.000,1000.000,400.000,-1,325.000,325.000,300.000,300.000,-1,-1,-1,-1,650.000,775.000,775.000,-1,2,0,1,0,2,0,0,0,0,2,2,2,2,1,0,1,2
76,1435.659,-8480.482,230.542,-26.864,0.892174,0.451243,0.020137,-0.449011,0.890847,-0.069146,-0.049141,0.052649,0.997403,0,0.44001,0.51923,26.401,1.038,-1,400.000,950.000,400.000,-1,325.000,325.000,300.000,300.000,-1,-1,-1,-1,625.000,775.000,750.000,-1,2,0,1,0,2,0,0,0,0,2,2,2,2,1,0,1,2
77,1455.142,-8489.809,229.518,-25.585,0.902017,0.431222,0.020307,-0.428989,0.900624,-0.069598,-0.048302,0.054067,0.997368,0,0.36001,0.63923,21.601,1.278,-1,400.000,900.000,400.000,-1,325.000,325.000,300.000,300.000,-1,-1,-1,-1,625.000,775.000,750.000,-1,2,0,1,0,2,0,0,0,0,2,2,2,2,1,0,1,2
78,1470.482,-8496.660,228.788,-24.067,0.913123,0.407174,0.020396,-0.404967,0.911666,-0.069763,-0.047000,0.055442,0.997355,0,0.28001,0.75923,16.801,1.518,-1,400.000,875.000,400.000,-1,325.000,325.000,300.000,300.000,-1,-1,-1,-1,600.000,775.000,750.000,-1,2,0,1,0,2,0,0,0,0,2,2,2,2,1,0,1,2
79,1481.584,-8501.214,228.297,-22.308,0.925181,0.378976,0.020452,-0.376806,0.923654,-0.069856,-0.045364,0.056923,0.997347,0,0.20001,0.87923,12.001,1.758,-1,400.000,850.000,400.000,-1,325.000,325.000,300.000,300.000,-1,-1,-1,-1,600.000,750.000,750.000,1000.000,2,0,1,0,2,0,0,0,0,2,2,2,2,1,1,1,1
80,1488.337,-8503.711,228.034,-20.310,0.937825,0.346504,0.020481,-0.344386,0.936224,-0.069881,-0.043389,0.058483,0.997345,0,0.12001,0.99923,7.201,1.998,-1,400.000,825.000,400.000,-1,325.000,325.000,300.000,300.000,-1,-1,-1,-1,600.000,725.000,800.000,950.000,2,0,1,0,2,0,0,0,0,2,2,2,2,1,1,1,1
81,1490.616,-8504.464,227.978,-18.310,0.949337,0.313592,0.020489,-0.311532,0.947665,-0.069850,-0.041321,0.059928,0.997347,0,0.04001,1.00000,2.401,2.000,-1,400.000,800.000,400.000,-1,325.000,325.000,300.000,300.000,-1,-1,-1,-1,600.000,700.000,850.000,900.000,2,0,1,0,2,0,0,0,0,2,2,2,2,1,1,1,1
82,1488.313,-8503.789,228.108,-16.310,0.959692,0.280305,0.020481,-0.278309,0.957955,-0.069762,-0.039174,0.061250,0.997353,0,-0.03999,1.00000,-2.399,2.000,-1,400.000,800.000,400.000,-1,325.000,325.000,300.000,300.000,-1,-1,-1,-1,600.000,700.000,950.000,875.000,2,0,1,0,2,0,0,0,0,2,2,2,2,1,1,1,1
83,1481.336,-8502.008,228.406,-14.310,0.968880,0.246684,0.020463,-0.244756,0.967082,-0.069620,-0.036964,0.062445,0.997364,0,-0.11999,1.00000,-7.199,2.000,-1,400.000,825.000,400.000,-1,325.000,325.000,300.000,300.000,-1,-1,-1,-1,625.000,675.000,-1,850.000,2,0,1,0,2,0,0,0,0,2,2,2,2,1,1,2,1
84,1469.612,-8499.448,228.851,-12.310,0.976889,0.212769,0.020443,-0.210913,0.975037,-0.069422,-0.034703,0.063506,0.997378,0,-0.19999,1.00000,-11.999,2.000,-1,400.000,850.000,400.000,-1,325.000,325.000,300.000,300.000,-1,-1,-1,-1,650.000,675.000,-1,850.000,2,0,1,0,2,0,0,0,0,2,2,2,2,1,1,2,1
85,1454.467,-8496.692,229.378,-10.310,0.983710,0.178600,0.020425,-0.176819,0.981809,-0.069188,-0.032410,0.064449,0.997395,0,-0.25655,1.00000,-15.393,2.000,-1,400.000,875.000,400.000,1000.000,325.000,325.000,300.000,300.000,-1,-1,-1,-1,650.000,675.000,-1,825.000,2,0,1,0,1,0,0,0,0,2,2,2,2,1,1,2,1
86,1439.259,-8494.470,229.871,-8.310,0.989335,0.144219,0.020414,-0.142512,0.987388,-0.068963,-0.030102,0.065318,0.997410,0,-0.25615,1.00000,-15.369,2.000,-1,400.000,900.000,400.000,975.000,325.000,325.000,300.000,300.000,-1,-1,-1,-1,675.000,675.000,-1,825.000,2,0,1,0,1,0,0,0,0,2,2,2,2,1,1,2,1
87,1423.992,-8492.781,230.331,-6.310,0.993759,0.109666,0.020412,-0.108034,0.991767,-0.068746,-0.027783,0.066112,0.997425,0,-0.25598,1.00000,-15.359,2.000,-1,400.000,950.000,400.000,950.000,325.000,325.000,300.000,300.000,-1,-1,-1,-1,700.000,675.000,-1,825.000,2,0,1,0,1,0,0,0,0,2,2,2,2,1,1,2,1
88,1408.672,-8491.625,230.757,-4.310,0.996976,0.074983,0.020419,-0.073426,0.994943,-0.068537,-0.025455,0.066831,0.997440,0,-0.25605,1.00000,-15.363,2.000,-1,375.000,1000.000,400.000,950.000,325.000,325.000,300.000,300.000,-1,-1,-1,-1,725.000,675.000,-1,825.000,2,0,1,0,1,0,0,0,0,2,2,2,2,1,1,2,1
89,1393.302,-8491.004,231.140,-2.310,0.998983,0.040213,0.020408,-0.038734,0.996913,-0.068296,-0.023091,0.067436,0.997456,0,-0.25635,1.00000,-15.381,2.000,-1,375.000,-1,400.000,925.000,325.000,325.000,300.000,300.000,-1,-1,-1,-1,725.000,675.000,-1,825.000,2,0,2,0,1,0,0,0,0,2,2,2,2,1,1,2,1
90,1377.888,-8490.920,231.488,-0.310,0.999777,0.005396,0.020402,-0.003996,0.997673,-0.068058,-0.020721,0.067962,0.997473,0,-0.25690,1.00000,-15.414,2.000,-1,375.000,-1,400.000,925.000,325.000,325.000,300.000,300.000,-1,-1,-1,-1,750.000,700.000,-1,825.000,2,0,2,0,1,0,0,0,0,2,2,2,2,0,1,2,1
91,1362.432,-8491.375,231.803,1.690,0.999359,-0.029424,0.020405,0.030746,0.997223,-0.067829,-0.018353,0.068413,0.997488,0,-0.25769,1.00000,-15.462,2.000,-1,375.000,-1,400.000,900.000,325.000,325.000,300.000,300.000,-1,-1,-1,-1,750.000,700.000,-1,825.000,2,0,2,0,1,0,0,0,0,2,2,2,2,0,1,2,1
92,1346.939,-8492.374,232.083,3.690,0.997728,-0.064207,0.020419,0.065452,0.995563,-0.067607,-0.015988,0.068789,0.997503,0,-0.25873,1.00000,-15.524,2.000,-1,375.000,-1,400.000,900.000,325.000,325.000,300.000,300.000,-1,-1,-1,-1,750.000,700.000,-1,825.000,2,0,2,0,1,0,0,0,0,2,2,2,2,0,1,2,1
93,1336.262,-8493.392,232.252,5.450,0.995291,-0.094752,0.020460,0.095929,0.993103,-0.067406,-0.013932,0.069051,0.997516,0,-0.17873,0.88000,-10.724,1.760,-1,375.000,-1,400.000,875.000,325.000,325.000,300.000,300.000,-1,-1,-1,-1,725.000,700.000,-1,825.000,2,0,2,0,1,0,0,0,0,2,2,2,2,0,1,2,1
94,1330.381,-8494.110,232.321,6.970,0.992434,-0.121060,0.020462,0.122177,0.990231,-0.067200,-0.012126,0.069191,0.997530,0,-0.09873,0.76000,-5.924,1.520,-1,375.000,-1,400.000,875.000,325.000,325.000,300.000,300.000,-1,-1,-1,-1,725.000,700.000,-1,825.000,2,0,2,0,1,0,0,0,0,2,2,2,2,0,1,2,1
95,1329.268,-8494.271,232.324,8.250,0.989491,-0.143149,0.020403,0.144211,0.987272,-0.067057,-0.010544,0.069294,0.997541,0,-0.01873,0.64000,-1.124,1.280,-1,375.000,-1,400.000,875.000,325.000,325.000,300.000,300.000,-1,-1,-1,-1,725.000,700.000,-1,825.000,2,0,2,0,1,0,0,0,0,2,2,2,2,0,1,2,1
96,1332.895,-8493.678,232.299,9.290,0.986737,-0.161043,0.020376,0.162063,0.984499,-0.067060,-0.009260,0.069473,0.997541,0,0.06127,0.52000,3.676,1.040,-1,375.000,-1,400.000,850.000,325.000,325.000,300.000,300.000,-1,-1,-1,-1,725.000,700.000,-1,800.000,2,0,2,0,1,0,0,0,0,2,2,2,2,0,1,2,1
97,1341.240,-8492.192,232.255,10.090,0.984398,-0.174770,0.020380,0.175760,0.982136,-0.067205,-0.008271,0.069738,0.997531,0,0.14127,0.40000,8.476,0.800,-1,375.000,-1,400.000,825.000,325.000,325.000,300.000,300.000,-1,-1,-1,-1,725.000,700.000,-1,800.000,2,0,2,0,1,0,0,0,0,2,2,2,2,0,1,2,1
98,1354.287,-8489.739,232.180,10.650,0.982649,-0.184357,0.020347,0.185324,0.980362,-0.067425,-0.007517,0.070026,0.997517,0,0.22127,0.28000,13.276,0.560,-1,375.000,-1,400.000,825.000,325.000,325.000,300.000,300.000,-1,-1,-1,-1,750.000,675.000,-1,800.000,2,0,2,0,1,0,0,0,0,2,2,2,2,0,1,2,1
99,1372.032,-8486.298,232.061,10.970,0.981609,-0.189826,0.020221,0.190773,0.979298,-0.067677,-0.006956,0.070290,0.997502,0,0.30127,0.16000,18.076,0.320,-1,375.000,-1,400.000,800.000,325.000,325.000,300.000,300.000,-1,-1,-1,-1,750.000,675.000,-1,775.000,2,0,2,0,1,0,0,0,0,2,2,2,2,0,1,2,1
100,1394.484,-8481.914,231.900,11.050,0.981347,-0.191190,0.020096,0.192127,0.979015,-0.067948,-0.006684,0.070542,0.997486,0,0.38127,0.04000,22.876,0.080,-1,375.000,-1,400.000,775.000,325.000,325.000,300.000,300.000,-1,-1,-1,-1,750.000,650.000,-1,750.000,2,0,2,0,1,0,0,0,0,2,2,2,2,0,1,2,1
101,1421.661,-8476.685,231.701,10.890,0.981880,-0.188451,0.019954,0.189387,0.979526,-0.068280,-0.006678,0.070822,0.997467,0,0.46127,-0.08000,27.676,-0.160,-1,375.000,-1,400.000,750.000,325.000,325.000,300.000,300.000,-1,-1,-1,-1,750.000,650.000,-1,725.000,2,0,2,0,1,0,0,0,0,2,2,2,2,0,1,2,1
102,1453.595,-8470.772,231.456,10.490,0.983172,-0.181604,0.019800,0.182548,0.980796,-0.068674,-0.006948,0.071133,0.997443,0,0.54127,-0.20000,32.476,-0.400,-1,375.000,-1,400.000,700.000,325.000,325.000,300.000,300.000,-1,-1,-1,-1,750.000,625.000,-1,700.000,2,0,2,0,1,0,0,0,0,2,2,2,2,0,1,2,1
103,1490.321,-8464.395,231.151,9.850,0.985139,-0.170634,0.019640,0.171596,0.982739,-0.069130,-0.007505,0.071473,0.997414,0,0.62127,-0.32000,37.276,-0.640,-1,375.000,-1,400.000,675.000,325.000,325.000,300.000,300.000,-1,-1,-1,-1,750.000,600.000,-1,650.000,2,0,2,0,1,0,0,0,0,2,2,2,2,0,1,2,1
104,1531.883,-8457.834,230.769,8.970,0.987641,-0.155516,0.019480,0.156508,0.985218,-0.069652,-0.008360,0.071840,0.997381,0,0.70127,-0.44000,42.076,-0.880,-1,375.000,-1,400.000,625.000,325.000,325.000,300.000,300.000,-1,-1,-1,-1,750.000,575.000,-1,625.000,2,0,2,0,1,0,0,0,0,2,2,2,2,0,1,2,1
105,1578.321,-8451.431,230.291,7.850,0.990489,-0.136225,0.019327,0.137259,0.988042,-0.070242,-0.009527,0.072226,0.997343,0,0.78127,-0.56000,46.876,-1.120,-1,375.000,-1,400.000,600.000,325.000,325.000,300.000,300.000,-1,-1,-1,-1,750.000,550.000,-1,575.000,2,0,2,0,1,0,0,0,0,2,2,2,2,0,1,2,1
106,1629.666,-8445.590,229.689,6.490,0.993440,-0.112733,0.019183,0.113822,0.990968,-0.070906,-0.011017,0.072624,0.997299,0,0.86127,-0.68000,51.676,-1.360,-1,375.000,-1,400.000,550.000,325.000,325.000,300.000,300.000,-1,-1,-1,-1,750.000,500.000,-1,525.000,2,0,2,1,1,0,0,0,0,2,2,2,2,0,1,2,1
107,1683.655,-8440.971,228.964,4.890,0.996197,-0.085017,0.019058,0.086175,0.993702,-0.071621,-0.012849,0.072991,0.997250,0,0.90309,-0.80000,54.186,-1.600,-1,400.000,-1,375.000,500.000,325.000,325.000,300.000,300.000,-1,-1,-1,-1,775.000,475.000,-1,475.000,2,0,2,1,1,0,1,0,0,2,2,2,2,0,1,2,1
108,1738.014,-8438.074,228.104,3.051,0.998411,-0.053086,0.018885,0.054320,0.995903,-0.072294,-0.014969,0.073205,0.997205,0,0.90724,-0.91944,54.434,-1.839,-1,375.000,-1,350.000,450.000,300.000,300.000,300.000,300.000,-1,-1,-1,-1,775.000,450.000,-1,425.000,2,1,2,1,1,1,1,0,0,2,2,2,2,0,1,2,1
109,1792.629,-8436.895,227.131,1.236,0.999593,-0.021516,0.018728,0.022829,0.997072,-0.072988,-0.017103,0.073386,0.997157,0,0.91045,-0.90750,54.627,-1.815,-1,375.000,-1,325.000,400.000,300.000,275.000,300.000,300.000,-1,-1,-1,-1,775.000,400.000,-1,400.000,2,1,2,1,1,1,1,0,0,2,2,2,2,0,1,2,1
110,1847.403,-8437.429,226.042,-0.558,0.999780,0.009716,0.018581,-0.008321,0.997245,-0.073704,-0.019246,0.073533,0.997107,0,0.91293,-0.89720,54.776,-1.794,-1,375.000,875.000,275.000,375.000,275.000,250.000,300.000,300.000,-1,-1,-1,-1,775.000,375.000,-1,350.000,2,1,1,1,1,1,1,0,0,2,2,2,2,0,1,2,1
111,1902.244,-8439.675,224.836,-2.345,0.998997,0.040808,0.018437,-0.039330,0.996449,-0.074442,-0.021409,0.073642,0.997055,0,0.91476,-0.89347,54.886,-1.787,-1,350.000,675.000,250.000,325.000,275.000,250.000,300.000,300.000,-1,-1,-1,-1,775.000,325.000,-1,300.000,2,1,1,1,1,1,1,0,0,2,2,2,2,0,1,2,1
112,1957.065,-8443.630,223.499,-4.126,0.997255,0.071755,0.018262,-0.070195,0.994699,-0.075146,-0.023557,0.073657,0.997005,0,0.91605,-0.89043,54.963,-1.781,-1,325.000,575.000,225.000,275.000,250.000,225.000,300.000,300.000,-1,-1,-1,-1,750.000,300.000,-1,250.000,2,1,1,1,1,1,1,0,0,2,2,2,2,0,1,2,1
113,2016.536,-8449.537,224.182,-5.667,0.995060,0.098528,0.012189,-0.097487,0.992930,-0.067723,-0.018776,0.066200,0.997630,0,0.99605,-0.77043,59.763,-1.541,-1,300.000,500.000,200.000,225.000,225.000,200.000,300.000,325.000,-1,-1,-1,-1,625.000,275.000,-1,200.000,2,1,1,1,1,1,1,0,0,2,2,2,2,1,1,2,1
114,2076.092,-8456.827,228.869,-6.968,0.992622,0.121180,-0.004115,-0.121240,0.991546,-0.046236,-0.001523,0.046394,0.998922,0,1.00000,-0.65043,60.000,-1.301,-1,300.000,500.000,200.000,200.000,225.000,200.000,300.000,375.000,-1,350.000,450.000,-1,700.000,250.000,-1,200.000,2,1,1,1,1,1,1,0,0,2,0,0,2,1,1,2,1
115,2135.503,-8465.214,234.214,-8.029,0.989962,0.139618,-0.021946,-0.140128,0.989849,-0.023721,0.018411,0.026558,0.999478,0,1.00000,-0.53043,60.000,-1.061,-1,325.000,475.000,200.000,200.000,225.000,200.000,300.000,450.000,-1,150.000,275.000,-1,900.000,250.000,-1,175.000,2,1,1,1,1,1,1,0,0,2,0,0,2,1,1,2,1
116,2194.790,-8474.450,240.204,-8.849,0.987228,0.153836,-0.041417,-0.153975,0.988075,-0.000161,0.040899,0.006536,0.999142,0,1.00000,-0.41043,60.000,-0.821,-1,325.000,-1,200.000,200.000,225.000,200.000,275.000,525.000,700.000,100.000,200.000,-1,-1,250.000,-1,175.000,2,1,2,1,1,1,1,0,0,0,0,0,2,2,1,2,1
117,3606.407,3606.959,438.195,123.887,-0.424119,-0.759176,-0.493736,0.858993,-0.509903,0.046159,-0.286800,-0.404539,0.868386,1,0.00000,0.00000,60.000,-0.581,0.000,175.000,550.000,450.000,-1,200.000,300.000,125.000,-1,-1,-1,225.000,200.000,225.000,675.000,0.000,-1,0,0,0,0,2,0,0,0,2,2,2,1,1,0,0,0,2
118,-6233.766,-5579.578,18.771,-120.184,-0.503040,0.864240,-0.006349,-0.862952,-0.502668,-0.051369,-0.047587,-0.020362,0.998660,1,0.08000,-0.12000,4.800,-0.240,-1,375.000,-1,375.000,450.000,325.000,300.000,300.000,300.000,-1,675.000,725.000,-1,725.000,600.000,-1,550.000,2,0,2,0,1,0,0,0,0,2,0,0,2,0,1,2,1
119,-6238.646,-5587.845,18.318,-120.551,-0.508587,0.860989,-0.006103,-0.859714,-0.508197,-0.051260,-0.047236,-0.020823,0.998667,0,0.16000,-0.18378,9.600,-0.368,-1,375.000,-1,375.000,450.000,325.000,300.000,300.000,300.000,-1,675.000,700.000,-1,725.000,600.000,-1,550.000,2,0,2,0,1,0,0,0,0,2,0,0,2,0,1,2,1
120,-6246.045,-5600.199,17.646,-120.920,-0.514136,0.857690,-0.005732,-0.856433,-0.513724,-0.051101,-0.046773,-0.021364,0.998677,0,0.24000,-0.18444,14.400,-0.369,-1,375.000,-1,375.000,450.000,325.000,300.000,300.000,300.000,-1,650.000,700.000,-1,725.000,600.000,-1,525.000,2,0,2,0,1,0,0,0,0,2,0,0,2,0,1,2,1
121,-6256.017,-5616.606,16.759,-121.292,-0.519708,0.854328,-0.005235,-0.853094,-0.519269,-0.050890,-0.046195,-0.021982,0.998691,0,0.32000,-0.18582,19.200,-0.372,-1,375.000,-1,375.000,425.000,325.000,300.000,300.000,300.000,-1,650.000,700.000,-1,725.000,575.000,-1,500.000,2,0,2,0,1,0,0,0,0,2,0,0,2,0,1,2,1
122,-6268.617,-5637.033,15.663,-121.667,-0.525323,0.850890,-0.004613,-0.849686,-0.524854,-0.050625,-0.045498,-0.022675,0.998707,0,0.40000,-0.18791,24.000,-0.376,-1,375.000,-1,375.000,425.000,325.000,300.000,300.000,300.000,-1,650.000,700.000,-1,725.000,550.000,-1,500.000,2,0,2,0,1,0,0,0,0,2,0,0,2,0,1,2,1
123,-6283.899,-5661.444,14.366,-122.049,-0.531002,0.847362,-0.003865,-0.846192,-0.530498,-0.050305,-0.044677,-0.023442,0.998726,0,0.48000,-0.19075,28.800,-0.382,-1,375.000,-1,375.000,400.000,300.000,300.000,300.000,300.000,-1,650.000,700.000,-1,725.000,550.000,-1,475.000,2,0,2,0,1,0,0,0,0,2,0,0,2,0,1,2,1
124,-6301.921,-5689.801,12.903,-122.438,-0.536761,0.843729,-0.003039,-0.842606,-0.536225,-0.049784,-0.043634,-0.024162,0.998755,0,0.56000,-0.19435,33.600,-0.389,-1,375.000,-1,375.000,375.000,300.000,300.000,300.000,300.000,-1,625.000,675.000,-1,725.000,525.000,-1,450.000,2,0,2,0,1,0,0,0,0,2,0,0,2,0,1,2,1
125,-6322.742,-5722.066,11.284,-122.835,-0.542620,0.839975,-0.002188,-0.838903,-0.542056,-0.049160,-0.042479,-0.024840,0.998789,0,0.64000,-0.19872,38.400,-0.397,-1,375.000,-1,375.000,350.000,325.000,300.000,300.000,300.000,-1,625.000,675.000,-1,725.000,500.000,-1,400.000,2,0,2,0,1,0,0,0,0,2,0,0,2,0,1,2,1
126,-6346.424,-5758.197,9.509,-123.243,-0.548603,0.836082,-0.001277,-0.835066,-0.548011,-0.048457,-0.041214,-0.025518,0.998824,0,0.72000,-0.20390,43.200,-0.408,-1,375.000,-1,375.000,325.000,325.000,300.000,300.000,300.000,-1,625.000,675.000,-1,725.000,475.000,-1,375.000,2,0,2,0,1,0,0,0,0,2,0,0,2,0,1,2,1
127,-6373.030,-5798.148,7.582,-123.663,-0.554732,0.832029,-0.000273,-0.831076,-0.554112,-0.047670,-0.039814,-0.026217,0.998863,0,0.80000,-0.20989,48.000,-0.420,-1,375.000,-1,375.000,300.000,325.000,300.000,300.000,300.000,-1,600.000,675.000,-1,725.000,450.000,-1,350.000,2,0,2,1,1,0,0,0,0,2,0,0,2,0,1,2,1
128,-6402.629,-5841.871,5.532,-124.096,-0.561025,0.827799,0.000801,-0.826916,-0.560381,-0.046732,-0.038236,-0.026880,0.998907,0,0.88000,-0.21673,52.800,-0.433,-1,375.000,-1,350.000,250.000,325.000,300.000,300.000,325.000,-1,600.000,650.000,-1,725.000,425.000,-1,300.000,2,0,2,1,1,0,0,0,0,2,0,0,2,0,1,2,1
129,-6433.363,-5886.514,3.490,-124.545,-0.567503,0.823369,0.001888,-0.822558,-0.566839,-0.045751,-0.036599,-0.027517,0.998951,0,0.90332,-0.22442,54.199,-0.449,-1,375.000,-1,325.000,225.000,325.000,300.000,325.000,300.000,-1,600.000,650.000,-1,725.000,400.000,-1,250.000,2,0,2,1,1,0,0,0,1,2,0,0,2,0,1,2,1
130,-6464.324,-5930.724,1.516,-125.004,-0.574094,0.818784,0.002965,-0.818042,-0.573412,-0.044783,-0.034967,-0.028135,0.998992,0,0.89955,-0.22969,53.973,-0.459,-1,375.000,-1,300.000,175.000,325.000,325.000,325.000,300.000,-1,575.000,625.000,-1,725.000,375.000,-1,225.000,2,0,2,1,1,0,0,0,1,2,0,0,2,0,1,2,1
131,-6497.785,-5977.945,-0.540,-125.322,-0.578627,0.815582,0.004114,-0.814912,-0.577931,-0.043761,-0.033312,-0.028674,0.999034,0,0.96458,-0.15873,57.875,-0.317,-1,375.000,-1,275.000,150.000,325.000,300.000,325.000,275.000,-1,575.000,625.000,-1,725.000,350.000,-1,175.000,2,0,2,1,1,0,1,0,1,2,0,0,2,0,1,2,1
