timestep,x_cm,y_cm,z_cm,yaw_deg,basis_xx,basis_xy,basis_xz,basis_yx,basis_yy,basis_yz,basis_zx,basis_zy,basis_zz,teleport_flag,throttle_cmd,steering_cmd,cmd_move_cm,cmd_turn_deg,lidar_cm_0,lidar_cm_1,lidar_cm_2,lidar_cm_3,lidar_cm_4,lidar_cm_5,lidar_cm_6,lidar_cm_7,lidar_cm_8,lidar_cm_9,lidar_cm_10,lidar_cm_11,lidar_cm_12,lidar_cm_13,lidar_cm_14,lidar_cm_15,lidar_cm_16,lidar_class_0,lidar_class_1,lidar_class_2,lidar_class_3,lidar_class_4,lidar_class_5,lidar_class_6,lidar_class_7,lidar_class_8,lidar_class_9,lidar_class_10,lidar_class_11,lidar_class_12,lidar_class_13,lidar_class_14,lidar_class_15,lidar_class_16
0,-9511.078,4924.291,135.446,90.714,-0.012353,-0.999833,0.013500,0.999886,-0.012469,-0.008519,0.008686,0.013393,0.999873,1,0.08000,0.12000,4.800,0.240,-1,400.000,-1,400.000,-1,325.000,325.000,300.000,325.000,-1,-1,-1,-1,850.000,800.000,-1,-1,2,0,2,0,2,0,0,0,0,2,2,2,2,0,0,2,2
1,-9511.278,4933.889,135.534,91.194,-0.020733,-0.999695,0.013412,0.999749,-0.020845,-0.008201,0.008478,0.013238,0.999876,0,0.16000,0.24000,9.600,0.480,-1,400.000,-1,400.000,-1,325.000,325.000,300.000,325.000,-1,-1,-1,-1,850.000,800.000,-1,-1,2,0,2,0,2,0,0,0,0,2,2,2,2,0,0,2,2
2,-9511.759,4948.281,135.669,91.914,-0.033301,-0.999357,0.013263,0.999412,-0.033405,-0.007725,0.008163,0.012998,0.999882,0,0.24000,0.36000,14.400,0.720,-1,400.000,-1,400.000,-1,325.000,325.000,300.000,325.000,-1,-1,-1,-1,850.000,800.000,-1,-1,2,0,2,0,2,0,0,0,0,2,2,2,2,0,0,2,2
3,-9512.722,4967.457,135.853,92.874,-0.050049,-0.998662,0.013035,0.998717,-0.050144,-0.007094,0.007738,0.012663,0.999890,0,0.32000,0.48000,19.200,0.960,-1,400.000,-1,400.000,-1,325.000,325.000,300.000,325.000,-1,-1,-1,-1,850.000,800.000,-1,-1,2,0,2,0,2,0,0,0,0,2,2,2,2,0,0,2,2
4,-9514.427,4991.396,136.090,94.074,-0.070964,-0.997398,0.012701,0.997453,-0.071048,-0.006310,0.007196,0.012221,0.999899,0,0.40000,0.60000,24.000,1.200,-1,400.000,-1,400.000,-1,325.000,325.000,300.000,325.000,-1,-1,-1,-1,850.000,800.000,-1,-1,2,0,2,0,2,0,0,0,0,2,2,2,2,0,0,2,2
5,-9517.195,5020.063,136.386,95.514,-0.096020,-0.995304,0.012230,0.995358,-0.096091,-0.005380,0.006530,0.011657,0.999911,0,0.48000,0.72000,28.800,1.440,-1,400.000,-1,400.000,-1,325.000,325.000,300.000,325.000,-1,-1,-1,-1,850.000,800.000,-1,-1,2,0,2,0,2,0,0,0,0,2,2,2,2,0,0,2,2
6,-9521.403,5053.398,136.746,97.194,-0.125174,-0.992067,0.011583,0.992118,-0.125230,-0.004311,0.005728,0.010952,0.999924,0,0.56000,0.84000,33.600,1.680,-1,400.000,-1,400.000,-1,325.000,325.000,300.000,325.000,-1,-1,-1,-1,850.000,800.000,-1,-1,2,0,2,0,2,0,0,0,0,2,2,2,2,0,0,2,2
7,-9527.426,5091.323,137.173,99.025,-0.156809,-0.987571,0.010722,0.987618,-0.156850,-0.003110,0.004753,0.010101,0.999938,0,0.64000,0.91504,38.400,1.830,-1,400.000,-1,400.000,-1,325.000,325.000,300.000,325.000,-1,-1,-1,-1,850.000,775.000,-1,-1,2,0,2,0,2,0,0,0,0,2,2,2,2,0,0,2,2
8,-9535.559,5133.750,137.671,100.852,-0.188237,-0.982077,0.009619,0.982117,-0.188262,-0.001775,0.003554,0.009113,0.999952,0,0.72000,0.91364,43.200,1.827,-1,400.000,-1,400.000,-1,325.000,325.000,300.000,325.000,-1,-1,-1,-1,850.000,775.000,-1,-1,2,0,2,0,2,0,0,0,0,2,2,2,2,0,0,2,2
9,-9546.092,5180.581,138.227,102.676,-0.219415,-0.975596,0.008288,0.975629,-0.219425,-0.000346,0.002156,0.008010,0.999966,0,0.80000,0.91193,48.000,1.824,-1,400.000,975.000,400.000,-1,325.000,325.000,300.000,325.000,-1,-1,-1,-1,850.000,750.000,-1,975.000,2,0,1,0,2,0,0,0,0,2,2,2,2,0,1,2,1
10,-9559.307,5231.700,138.526,104.495,-0.250293,-0.968137,0.007995,0.968169,-0.250295,0.000782,0.001244,0.007936,0.999968,0,0.88000,0.90986,52.800,1.820,-1,400.000,925.000,400.000,-1,325.000,325.000,325.000,325.000,-1,-1,-1,-1,850.000,725.000,-1,900.000,2,0,1,0,2,0,0,0,0,2,2,2,2,0,1,2,1
11,-9574.208,5282.621,138.806,106.310,-0.280836,-0.959726,0.007630,0.959756,-0.280828,0.002038,0.000187,0.007895,0.999969,0,0.88428,0.90737,53.057,1.815,-1,400.000,875.000,400.000,975.000,325.000,325.000,325.000,325.000,-1,-1,-1,-1,850.000,675.000,-1,825.000,2,0,1,0,1,0,0,0,0,2,2,2,2,1,1,2,1
12,-9590.763,5333.215,138.929,108.119,-0.310998,-0.950387,0.006653,0.950410,-0.310987,0.002602,-0.000403,0.007133,0.999974,0,0.88724,0.90453,53.234,1.809,-1,400.000,825.000,400.000,850.000,325.000,325.000,325.000,325.000,-1,-1,-1,-1,800.000,650.000,1000.000,750.000,2,0,1,0,1,0,0,0,0,2,2,2,2,1,1,1,1
13,-9608.958,5383.418,138.898,109.922,-0.340742,-0.940143,0.005089,0.940157,-0.340733,0.002635,-0.000744,0.005682,0.999984,0,0.88996,0.90132,53.398,1.803,-1,400.000,775.000,400.000,750.000,325.000,325.000,325.000,325.000,-1,-1,-1,-1,775.000,600.000,975.000,675.000,2,0,1,0,1,0,0,0,0,2,2,2,2,1,1,1,1
14,-9628.770,5433.161,138.756,111.717,-0.370033,-0.929012,0.003548,0.929017,-0.370024,0.002998,-0.001472,0.004405,0.999989,0,0.89241,0.89772,53.544,1.795,-1,400.000,725.000,400.000,675.000,325.000,325.000,300.000,325.000,-1,-1,-1,-1,750.000,550.000,950.000,625.000,2,0,1,0,1,0,0,0,0,2,2,2,2,1,1,1,1
15,-9650.176,5482.380,138.427,113.505,-0.398834,-0.917020,0.002349,0.917019,-0.398823,0.004072,-0.002797,0.003778,0.999989,0,0.89453,0.89374,53.672,1.787,-1,400.000,675.000,400.000,600.000,325.000,325.000,300.000,325.000,-1,-1,-1,-1,725.000,525.000,925.000,550.000,2,0,1,0,1,0,0,0,0,2,2,2,2,1,1,1,1
16,-9673.144,5531.005,138.091,115.283,-0.427105,-0.904201,0.001046,0.904192,-0.427095,0.005107,-0.004171,0.003127,0.999986,0,0.89627,0.88934,53.776,1.779,-1,400.000,625.000,400.000,525.000,325.000,325.000,300.000,325.000,-1,-1,-1,-1,675.000,475.000,900.000,500.000,2,0,1,0,1,0,0,0,0,2,2,2,2,1,1,1,1
17,-9697.638,5578.968,137.746,117.053,-0.454812,-0.890587,-0.000351,0.890570,-0.454806,0.006095,-0.005587,0.002459,0.999981,0,0.89759,0.88453,53.855,1.769,-1,400.000,575.000,375.000,450.000,325.000,325.000,300.000,300.000,-1,-1,-1,-1,650.000,425.000,875.000,425.000,2,0,1,1,1,0,0,0,0,2,2,2,2,1,1,1,1
18,-9723.616,5626.200,137.391,118.811,-0.481923,-0.876212,-0.001833,0.876185,-0.481923,0.007026,-0.007040,0.001780,0.999974,0,0.89842,0.87930,53.905,1.759,-1,400.000,525.000,350.000,375.000,325.000,325.000,300.000,300.000,-1,-1,-1,-1,625.000,400.000,825.000,375.000,2,0,1,1,1,0,0,0,0,2,2,2,2,1,1,1,1
19,-9751.031,5672.634,137.025,120.558,-0.508406,-0.861111,-0.003390,0.861075,-0.508416,0.007896,-0.008523,0.001095,0.999963,0,0.89871,0.87364,53.923,1.747,-1,400.000,475.000,325.000,325.000,325.000,325.000,300.000,300.000,-1,-1,-1,-1,575.000,350.000,800.000,325.000,2,0,1,1,1,0,1,0,0,2,2,2,2,1,1,1,1
20,-9779.830,5718.200,136.603,122.294,-0.534232,-0.845322,-0.005200,0.845277,-0.534257,0.008718,-0.010147,0.000262,0.999948,0,0.89840,0.86756,53.904,1.735,-1,400.000,450.000,275.000,275.000,325.000,300.000,300.000,300.000,-1,-1,-1,-1,550.000,325.000,775.000,275.000,2,0,1,1,1,0,1,0,0,2,2,2,2,1,1,1,1
21,-9809.952,5762.832,136.053,124.016,-0.559376,-0.828885,-0.007010,0.828831,-0.559419,0.009451,-0.011756,-0.000524,0.999931,0,0.89743,0.86106,53.846,1.722,-1,400.000,400.000,250.000,225.000,325.000,250.000,300.000,300.000,-1,-1,-1,-1,525.000,275.000,750.000,225.000,2,0,1,1,1,1,1,0,0,2,2,2,2,1,1,1,1
22,-9841.334,5806.465,135.491,125.724,-0.583815,-0.811839,-0.008851,0.811777,-0.583881,0.010099,-0.013367,-0.001289,0.999910,0,0.89577,0.85417,53.746,1.708,-1,400.000,375.000,225.000,175.000,300.000,225.000,300.000,300.000,-1,-1,-1,-1,475.000,250.000,725.000,175.000,2,1,1,1,1,1,1,0,0,2,2,2,2,1,1,1,1
23,-9874.937,5850.238,139.932,127.509,-0.608892,-0.793081,-0.016540,0.793253,-0.608760,-0.012666,-0.000024,-0.020832,0.999783,0,0.91973,0.89275,55.184,1.785,-1,375.000,350.000,200.000,150.000,275.000,200.000,300.000,350.000,-1,-1,-1,-1,475.000,225.000,725.000,150.000,2,1,1,1,1,1,1,0,1,2,2,2,2,1,1,1,1
24,-9909.968,5893.042,148.442,129.284,-0.634072,-0.772812,-0.026722,0.772844,-0.632189,-0.055230,0.025789,-0.055672,0.998116,0,0.92185,0.88748,55.311,1.775,-1,375.000,375.000,175.000,125.000,275.000,200.000,275.000,375.000,-1,175.000,-1,-1,475.000,200.000,800.000,125.000,2,1,1,1,1,1,1,0,1,2,0,2,2,1,1,1,1
25,-9943.005,5931.254,156.740,130.819,-0.656329,-0.753724,-0.033651,0.752680,-0.651042,-0.098061,0.052002,-0.089689,0.994611,0,0.84185,0.76748,50.511,1.535,-1,375.000,400.000,175.000,125.000,275.000,200.000,250.000,400.000,525.000,75.000,250.000,-1,500.000,200.000,-1,125.000,2,1,1,1,1,1,1,0,1,0,0,0,2,1,1,2,1
26,-9975.884,5967.572,165.430,132.114,-0.675896,-0.735947,-0.039329,0.732745,-0.665314,-0.142972,0.079054,-0.125453,0.988945,0,0.81644,0.64748,48.986,1.295,-1,400.000,425.000,175.000,125.000,275.000,200.000,225.000,425.000,325.000,25.000,200.000,-1,525.000,200.000,-1,125.000,2,1,1,1,1,1,1,0,1,0,0,0,2,1,1,2,1
27,-10009.465,6003.295,174.734,133.169,-0.693128,-0.719441,-0.044475,0.712758,-0.674875,-0.191101,0.107470,-0.164157,0.980562,0,0.81705,0.52748,49.023,1.055,-1,400.000,500.000,200.000,100.000,300.000,200.000,225.000,450.000,225.000,0.000,175.000,-1,575.000,225.000,-1,100.000,2,1,1,1,1,1,1,0,1,0,0,0,2,1,1,2,1
28,-10043.577,6038.536,184.625,133.984,-0.708368,-0.704098,-0.049611,0.692440,-0.679566,-0.242316,0.136900,-0.206002,0.968928,0,0.81731,0.40748,49.039,0.815,-1,400.000,600.000,200.000,100.000,300.000,225.000,200.000,500.000,150.000,0.000,175.000,-1,675.000,250.000,-1,100.000,2,1,1,1,1,1,1,0,1,0,0,0,2,1,1,2,1
29,4919.317,8855.161,-252.193,145.234,-0.753124,-0.569935,-0.328601,0.537572,-0.821065,0.192012,-0.379237,-0.032038,0.924745,1,0.00000,0.00000,49.034,0.575,625.000,550.000,-1,625.000,700.000,525.000,475.000,150.000,275.000,-1,0.000,0.000,-1,700.000,850.000,725.000,-1,1,1,2,1,1,1,1,1,1,2,0,0,2,1,1,1,2
30,2951.679,-6231.378,-117.601,147.926,-0.845704,-0.530076,-0.061673,0.532470,-0.845865,-0.031434,-0.035504,-0.059423,0.997601,1,0.00000,0.00000,4.800,0.042,-1,275.000,425.000,225.000,325.000,225.000,200.000,275.000,400.000,-1,300.000,575.000,-1,875.000,275.000,-1,250.000,2,1,1,1,1,1,1,0,0,2,0,0,2,1,1,2,1
31,2955.736,-6233.943,-117.698,147.696,-0.843518,-0.533507,-0.062023,0.535856,-0.843791,-0.029585,-0.036551,-0.058191,0.997636,0,-0.08000,-0.11503,-4.800,-0.230,-1,275.000,425.000,225.000,325.000,225.000,200.000,275.000,375.000,-1,325.000,650.000,-1,850.000,275.000,-1,250.000,2,1,1,1,1,1,1,0,0,2,0,0,2,1,1,2,1
32,2963.831,-6239.104,-117.800,147.467,-0.841298,-0.536948,-0.062489,0.539201,-0.841766,-0.026309,-0.038475,-0.055828,0.997699,0,-0.16000,-0.11448,-9.600,-0.229,-1,275.000,450.000,225.000,325.000,225.000,200.000,275.000,375.000,-1,375.000,-1,-1,825.000,275.000,-1,275.000,2,1,1,1,1,1,1,0,0,2,0,2,2,1,1,2,1
33,2975.941,-6246.894,-117.886,147.239,-0.839052,-0.540386,-0.063041,0.542488,-0.839783,-0.021710,-0.041209,-0.052415,0.997775,0,-0.24000,-0.11377,-14.400,-0.228,-1,275.000,450.000,225.000,325.000,225.000,200.000,300.000,375.000,-1,425.000,-1,-1,775.000,300.000,-1,275.000,2,1,1,1,1,1,1,0,0,2,0,2,2,1,1,2,1
34,2989.281,-6255.550,-117.936,147.014,-0.836809,-0.543792,-0.063572,0.545716,-0.837801,-0.016852,-0.044097,-0.048794,0.997835,0,-0.26503,-0.11290,-15.902,-0.226,-1,275.000,450.000,225.000,350.000,225.000,200.000,300.000,350.000,-1,-1,-1,-1,750.000,300.000,-1,275.000,2,1,1,1,1,1,1,0,0,2,2,2,2,1,1,2,1
35,3002.635,-6264.289,-117.943,146.790,-0.834578,-0.547153,-0.064061,0.548892,-0.835805,-0.012175,-0.046881,-0.045323,0.997872,0,-0.26601,-0.11202,-15.960,-0.224,-1,300.000,450.000,225.000,350.000,225.000,200.000,300.000,350.000,-1,-1,-1,-1,425.000,300.000,-1,300.000,2,1,1,1,1,1,1,0,0,2,2,2,2,1,1,2,1
36,3016.005,-6273.114,-117.902,146.567,-0.832356,-0.550472,-0.064530,0.552020,-0.833795,-0.007689,-0.049572,-0.042022,0.997886,0,-0.26699,-0.11117,-16.020,-0.222,-1,300.000,475.000,225.000,375.000,225.000,200.000,300.000,350.000,-1,-1,-1,-1,425.000,300.000,-1,300.000,2,1,1,1,1,1,1,0,0,2,2,2,2,1,1,2,1
37,3029.390,-6282.023,-117.820,146.347,-0.830146,-0.553750,-0.064946,0.555102,-0.831775,-0.003387,-0.052145,-0.038864,0.997883,0,-0.26800,-0.11035,-16.080,-0.221,-1,300.000,475.000,225.000,375.000,225.000,200.000,300.000,325.000,-1,-1,-1,-1,425.000,300.000,-1,300.000,2,1,1,1,1,1,1,0,0,2,2,2,2,1,1,2,1
38,3042.792,-6291.017,-117.696,146.127,-0.827947,-0.556990,-0.065313,0.558142,-0.829745,0.000728,-0.054599,-0.035851,0.997865,0,-0.26902,-0.10956,-16.141,-0.219,-1,300.000,475.000,250.000,400.000,225.000,200.000,300.000,325.000,-1,-1,-1,-1,425.000,325.000,-1,325.000,2,1,1,1,1,1,1,0,0,2,2,2,2,1,1,2,1
39,3056.211,-6300.098,-117.530,145.910,-0.825758,-0.560192,-0.065631,0.561143,-0.827706,0.004654,-0.056931,-0.032986,0.997833,0,-0.27005,-0.10880,-16.203,-0.218,-1,300.000,500.000,250.000,400.000,225.000,225.000,300.000,325.000,-1,-1,-1,-1,450.000,325.000,-1,325.000,2,1,1,1,1,1,1,0,0,2,2,2,2,1,1,2,1
40,3069.648,-6309.264,-117.321,145.694,-0.823580,-0.563359,-0.065904,0.564109,-0.825658,0.008386,-0.059139,-0.030271,0.997791,0,-0.27110,-0.10806,-16.266,-0.216,-1,300.000,500.000,250.000,425.000,250.000,225.000,300.000,300.000,-1,-1,-1,-1,450.000,325.000,-1,325.000,2,1,1,1,1,1,1,0,0,2,2,2,2,1,1,2,1
41,3083.102,-6318.517,-116.946,145.479,-0.821418,-0.566484,-0.066093,0.567070,-0.823591,0.011341,-0.060858,-0.028164,0.997749,0,-0.27216,-0.10735,-16.329,-0.215,-1,300.000,500.000,250.000,450.000,250.000,225.000,300.000,300.000,-1,-1,-1,-1,450.000,325.000,-1,350.000,2,1,1,1,1,1,1,0,0,2,2,2,2,1,1,2,1
42,3096.575,-6327.858,-115.943,145.266,-0.819303,-0.569543,-0.066059,0.570138,-0.821471,0.011319,-0.060713,-0.028389,0.997751,0,-0.27323,-0.10667,-16.394,-0.213,-1,325.000,525.000,250.000,475.000,250.000,225.000,300.000,300.000,-1,-1,-1,-1,450.000,350.000,-1,375.000,2,1,1,1,1,1,1,0,0,2,2,2,2,1,1,2,1
43,3110.066,-6337.286,-114.938,145.054,-0.817189,-0.572575,-0.066025,0.573178,-0.819353,0.011299,-0.060567,-0.028611,0.997754,0,-0.27432,-0.10601,-16.459,-0.212,-1,325.000,525.000,275.000,500.000,250.000,225.000,300.000,300.000,-1,-1,-1,-1,475.000,350.000,-1,400.000,2,1,1,1,1,1,1,0,0,2,2,2,2,1,1,2,1
44,3119.626,-6343.960,-114.227,145.082,-0.817471,-0.572175,-0.065999,0.572777,-0.819633,0.011287,-0.060553,-0.028576,0.997756,0,-0.19432,0.01399,-11.659,0.028,-1,325.000,550.000,275.000,500.000,250.000,225.000,300.000,300.000,-1,-1,-1,-1,475.000,375.000,-1,400.000,2,1,1,1,1,1,1,0,0,2,2,2,2,1,1,2,1
45,3125.268,-6347.859,-113.809,145.350,-0.820144,-0.568340,-0.065981,0.568932,-0.822307,0.011281,-0.060668,-0.028287,0.997757,0,-0.11432,0.13399,-6.859,0.268,-1,325.000,550.000,275.000,500.000,250.000,250.000,300.000,300.000,-1,-1,-1,-1,500.000,375.000,-1,400.000,2,1,1,1,1,1,1,0,0,2,2,2,2,1,1,2,1
46,3126.972,-6349.015,-113.685,145.858,-0.825158,-0.561036,-0.065972,0.561608,-0.827326,0.011281,-0.060910,-0.027742,0.997758,0,-0.03432,0.25399,-2.059,0.508,-1,325.000,550.000,275.000,500.000,250.000,250.000,300.000,300.000,-1,-1,-1,-1,500.000,375.000,-1,400.000,2,1,1,1,1,1,1,0,0,2,2,2,2,1,1,2,1
47,3124.684,-6347.506,-113.858,146.606,-0.832423,-0.550200,-0.065973,0.550744,-0.834598,0.011288,-0.061272,-0.026938,0.997758,0,0.04568,0.37399,2.741,0.748,-1,325.000,575.000,275.000,500.000,250.000,250.000,300.000,300.000,-1,-1,-1,-1,500.000,375.000,-1,400.000,2,1,1,1,1,1,1,0,0,2,2,2,2,1,1,2,1
48,3118.334,-6343.438,-114.330,147.356,-0.839564,-0.539238,-0.065986,0.539752,-0.841748,0.011300,-0.061637,-0.026129,0.997757,0,0.12568,0.37507,7.541,0.750,-1,350.000,550.000,275.000,475.000,250.000,225.000,300.000,300.000,-1,-1,-1,-1,525.000,350.000,-1,375.000,2,1,1,1,1,1,1,0,0,2,2,2,2,1,1,2,1
49,3107.857,-6336.917,-115.104,148.103,-0.846539,-0.528218,-0.066009,0.528703,-0.848731,0.011319,-0.062003,-0.025318,0.997755,0,0.20568,0.37387,12.341,0.748,-1,350.000,550.000,250.000,450.000,250.000,225.000,300.000,300.000,-1,-1,-1,-1,525.000,350.000,-1,350.000,2,1,1,1,1,1,1,0,0,2,2,2,2,1,1,2,1
50,3093.188,-6328.050,-115.727,148.848,-0.853379,-0.517126,-0.065765,0.517708,-0.855508,0.009189,-0.061014,-0.026206,0.997793,0,0.28568,0.37250,17.141,0.745,-1,350.000,550.000,250.000,400.000,250.000,225.000,300.000,300.000,-1,-1,-1,-1,-1,350.000,-1,325.000,2,1,1,1,1,1,1,0,0,2,2,2,2,2,1,2,1
51,3074.265,-6316.945,-115.968,149.590,-0.860106,-0.505956,-0.065010,0.506811,-0.862049,0.003811,-0.057970,-0.029670,0.997877,0,0.36568,0.37096,21.941,0.742,-1,350.000,550.000,250.000,375.000,250.000,225.000,300.000,325.000,-1,-1,-1,-1,-1,325.000,-1,325.000,2,1,1,1,1,1,1,0,0,2,2,2,2,2,1,2,1
52,3051.029,-6303.710,-116.219,150.329,-0.866693,-0.494732,-0.063904,0.495908,-0.868370,-0.002959,-0.054029,-0.034256,0.997952,0,0.44568,0.36920,26.741,0.738,-1,350.000,525.000,250.000,375.000,250.000,225.000,300.000,325.000,-1,-1,-1,-1,-1,325.000,-1,300.000,2,1,1,1,1,1,1,0,0,2,2,2,2,2,1,2,1
53,3023.425,-6288.452,-116.426,151.063,-0.873144,-0.483456,-0.062364,0.484989,-0.874447,-0.011368,-0.049038,-0.040172,0.997989,0,0.52568,0.36717,31.541,0.734,-1,350.000,625.000,250.000,350.000,250.000,225.000,300.000,350.000,-1,-1,-1,-1,-1,325.000,-1,300.000,2,1,1,1,1,1,1,0,0,2,2,2,2,2,1,2,1
54,2991.399,-6271.280,-116.515,151.793,-0.879463,-0.472124,-0.060355,0.474032,-0.880240,-0.021720,-0.042872,-0.047712,0.997941,0,0.60568,0.36482,36.341,0.730,-1,350.000,700.000,225.000,325.000,250.000,225.000,275.000,375.000,-1,425.000,-1,-1,-1,300.000,-1,275.000,2,1,1,1,1,1,1,0,0,2,0,2,2,2,1,2,1
55,2954.899,-6252.299,-116.444,152.517,-0.885663,-0.460735,-0.057651,0.462986,-0.885703,-0.034270,-0.035272,-0.057044,0.997748,0,0.68568,0.36210,41.141,0.724,-1,325.000,775.000,225.000,300.000,250.000,225.000,275.000,400.000,-1,275.000,525.000,-1,-1,300.000,-1,250.000,2,1,1,1,1,1,1,0,0,2,0,0,2,2,1,2,1
56,2913.877,-6231.618,-116.145,153.235,-0.891751,-0.449280,-0.054101,0.451777,-0.890766,-0.049336,-0.026025,-0.068437,0.997316,0,0.76568,0.35891,45.941,0.718,-1,400.000,825.000,225.000,275.000,250.000,200.000,275.000,425.000,1000.000,200.000,375.000,-1,-1,300.000,-1,225.000,2,1,1,1,1,1,1,0,0,0,0,0,2,2,1,2,1
57,2868.288,-6209.342,-115.544,153.945,-0.897733,-0.437747,-0.049534,0.440288,-0.895334,-0.067255,-0.014909,-0.082187,0.996505,0,0.84568,0.35516,50.741,0.710,-1,650.000,875.000,225.000,250.000,250.000,200.000,275.000,475.000,750.000,125.000,300.000,-1,-1,275.000,-1,225.000,2,1,1,1,1,1,1,0,1,0,0,0,2,2,1,2,1
58,2818.091,-6185.574,-114.565,154.646,-0.903609,-0.426115,-0.043767,0.428354,-0.899278,-0.088384,-0.001697,-0.098613,0.995124,0,0.92568,0.35069,55.541,0.701,-1,825.000,925.000,200.000,225.000,250.000,200.000,250.000,500.000,575.000,100.000,250.000,-1,-1,275.000,-1,200.000,2,1,1,1,1,1,1,0,1,0,0,0,2,2,1,2,1
59,2766.769,-6162.031,-113.226,155.337,-0.909332,-0.414423,-0.036987,0.415873,-0.902562,-0.111499,0.012825,-0.116772,0.993076,0,0.94108,0.34534,56.465,0.691,-1,975.000,-1,200.000,200.000,300.000,200.000,250.000,500.000,425.000,50.000,225.000,-1,-1,275.000,-1,175.000,2,1,2,1,1,1,1,0,1,0,0,0,2,2,1,2,1
60,4919.491,-1639.831,-65.236,111.742,-0.370384,-0.928857,-0.006355,0.928851,-0.370417,0.005239,-0.007221,-0.003962,0.999966,1,0.00000,0.00000,56.549,0.678,-1,400.000,-1,400.000,-1,325.000,325.000,300.000,325.000,-1,-1,-1,-1,-1,775.000,-1,-1,2,0,2,0,2,0,0,0,0,2,2,2,2,2,0,2,2
61,4917.732,-1635.365,-65.281,111.502,-0.366490,-0.930400,-0.006350,0.930394,-0.366523,0.005227,-0.007191,-0.003993,0.999966,0,0.08000,-0.12000,4.800,-0.240,-1,400.000,-1,400.000,-1,325.000,325.000,300.000,325.000,-1,-1,-1,-1,-1,775.000,-1,-1,2,0,2,0,2,0,0,0,0,2,2,2,2,2,0,2,2
62,4914.288,-1626.403,-65.369,111.022,-0.358683,-0.933438,-0.006339,0.933432,-0.358716,0.005207,-0.007135,-0.004050,0.999966,0,0.16000,-0.24000,9.600,-0.480,-1,400.000,-1,400.000,-1,325.000,325.000,300.000,325.000,-1,-1,-1,-1,-1,775.000,-1,-1,2,0,2,0,2,0,0,0,0,2,2,2,2,2,0,2,2
63,4909.292,-1612.898,-65.499,110.302,-0.346925,-0.937872,-0.006319,0.937866,-0.346958,0.005186,-0.007056,-0.004127,0.999967,0,0.24000,-0.36000,14.400,-0.720,-1,400.000,-1,400.000,-1,325.000,325.000,300.000,325.000,-1,-1,-1,-1,-1,775.000,-1,-1,2,0,2,0,2,0,0,0,0,2,2,2,2,2,0,2,2
64,4902.933,-1594.782,-65.668,109.342,-0.331163,-0.943553,-0.006284,0.943548,-0.331196,0.005173,-0.006962,-0.004217,0.999967,0,0.32000,-0.48000,19.200,-0.960,-1,400.000,-1,400.000,-1,325.000,325.000,300.000,325.000,-1,-1,-1,-1,-1,775.000,-1,-1,2,0,2,0,2,0,0,0,0,2,2,2,2,2,0,2,2
65,4895.460,-1571.975,-65.870,108.142,-0.311330,-0.950281,-0.006229,0.950277,-0.311363,0.005181,-0.006863,-0.004306,0.999967,0,0.40000,-0.60000,24.000,-1.200,-1,400.000,-1,400.000,-1,325.000,325.000,300.000,325.000,-1,-1,-1,-1,-1,775.000,-1,-1,2,0,2,0,2,0,0,0,0,2,2,2,2,2,0,2,2
66,4887.184,-1544.390,-66.103,106.702,-0.287351,-0.957806,-0.006142,0.957801,-0.287384,0.005224,-0.006769,-0.004382,0.999967,0,0.48000,-0.72000,28.800,-1.440,-1,400.000,-1,400.000,-1,325.000,325.000,300.000,300.000,-1,-1,-1,-1,-1,775.000,-1,-1,2,0,2,0,2,0,0,0,0,2,2,2,2,2,0,2,2
67,4878.475,-1511.938,-66.360,105.022,-0.259148,-0.965819,-0.006012,0.965814,-0.259180,0.005318,-0.006694,-0.004428,0.999968,0,0.56000,-0.84000,33.600,-1.680,-1,400.000,-1,400.000,-1,325.000,325.000,300.000,300.000,-1,-1,-1,-1,800.000,775.000,-1,-1,2,0,2,0,2,0,0,0,0,2,2,2,2,0,0,2,2
68,4869.716,-1474.550,-66.635,103.186,-0.228072,-0.973627,-0.005820,0.973621,-0.228104,0.005473,-0.006656,-0.004418,0.999968,0,0.64000,-0.91798,38.400,-1.836,-1,400.000,-1,400.000,-1,325.000,325.000,300.000,300.000,-1,-1,-1,-1,800.000,775.000,-1,-1,2,0,2,0,2,0,0,0,0,2,2,2,2,0,0,2,2
69,4861.214,-1432.195,-66.922,101.350,-0.196776,-0.980433,-0.005552,0.980426,-0.196807,0.005691,-0.006672,-0.004323,0.999968,0,0.72000,-0.91759,43.200,-1.835,-1,400.000,-1,400.000,-1,325.000,325.000,300.000,300.000,-1,-1,-1,-1,800.000,775.000,-1,-1,2,0,2,0,2,0,0,0,0,2,2,2,2,0,0,2,2
70,4853.278,-1384.855,-67.218,99.516,-0.165285,-0.986232,-0.005195,0.986223,-0.165315,0.005976,-0.006753,-0.004136,0.999969,0,0.80000,-0.91739,48.000,-1.835,-1,400.000,-1,400.000,-1,325.000,325.000,300.000,300.000,-1,-1,-1,-1,825.000,775.000,-1,-1,2,0,2,0,2,0,0,0,0,2,2,2,2,0,0,2,2
71,4846.222,-1332.529,-67.520,97.681,-0.133623,-0.991021,-0.004745,0.991008,-0.133651,0.006333,-0.006911,-0.003856,0.999969,0,0.88000,-0.91746,52.800,-1.835,-1,400.000,-1,400.000,-1,325.000,325.000,300.000,300.000,-1,-1,-1,-1,825.000,775.000,-1,-1,2,0,2,0,2,0,0,0,0,2,2,2,2,0,0,2,2
72,4840.872,-1280.269,-67.825,95.845,-0.101809,-0.994795,-0.004313,0.994779,-0.101836,0.006632,-0.007037,-0.003615,0.999969,0,0.87555,-0.91788,52.533,-1.836,-1,400.000,-1,400.000,-1,325.000,325.000,300.000,300.000,-1,-1,-1,-1,825.000,775.000,-1,-1,2,0,2,0,2,0,0,0,0,2,2,2,2,0,0,2,2
73,4837.074,-1226.095,-68.392,94.011,-0.069905,-0.997541,-0.004925,0.997525,-0.069940,0.007191,-0.007518,-0.004410,0.999962,0,0.90512,-0.91719,54.307,-1.834,-1,400.000,-1,400.000,-1,325.000,325.000,300.000,300.000,-1,-1,-1,-1,825.000,775.000,-1,-1,2,0,2,0,2,0,0,0,0,2,2,2,2,0,0,2,2
74,4835.019,-1172.092,-68.940,92.179,-0.037977,-0.999264,-0.005464,0.999247,-0.038019,0.007782,-0.007984,-0.005165,0.999955,0,0.90070,-0.91583,54.042,-1.832,-1,400.000,-1,400.000,-1,325.000,325.000,300.000,300.000,-1,-1,-1,-1,825.000,775.000,-1,-1,2,0,2,0,2,0,0,0,0,2,2,2,2,0,0,2,2
75,4834.691,-1118.339,-69.466,90.349,-0.006046,-0.999964,-0.005920,0.999946,-0.006096,0.008382,-0.008418,-0.005869,0.999947,0,0.89590,-0.91482,53.754,-1.830,-1,400.000,-1,400.000,-1,325.000,325.000,300.000,300.000,-1,-1,-1,-1,825.000,750.000,-1,-1,2,0,2,0,2,0,0,0,0,2,2,2,2,0,0,2,2
76,4836.071,-1064.906,-69.966,88.521,0.025868,-0.999646,-0.006292,0.999627,0.025811,0.008974,-0.008809,-0.006522,0.999940,0,0.89084,-0.91417,53.450,-1.828,-1,400.000,-1,400.000,-1,325.000,325.000,300.000,325.000,-1,-1,-1,-1,825.000,750.000,-1,-1,2,0,2,0,2,0,0,0,0,2,2,2,2,0,0,2,2
77,4839.136,-1011.857,-70.438,86.693,0.057746,-0.998310,-0.006579,0.998289,0.057682,0.009542,-0.009147,-0.007118,0.999933,0,0.88562,-0.91388,53.137,-1.828,-1,400.000,-1,400.000,-1,325.000,325.000,300.000,325.000,-1,-1,-1,-1,825.000,750.000,-1,-1,2,0,2,0,2,0,0,0,0,2,2,2,2,0,0,2,2
78,4843.863,-959.247,-70.881,84.865,0.089566,-0.995958,-0.006783,0.995936,0.089495,0.010070,-0.009422,-0.007657,0.999926,0,0.88037,-0.91394,52.822,-1.828,-1,400.000,-1,400.000,1000.000,325.000,325.000,300.000,325.000,-1,-1,-1,-1,825.000,750.000,-1,-1,2,0,2,0,1,0,0,0,0,2,2,2,2,0,0,2,2
79,4850.229,-907.121,-71.293,83.037,0.121308,-0.992591,-0.006908,0.992568,0.121232,0.010541,-0.009626,-0.008135,0.999921,0,0.87521,-0.91435,52.513,-1.829,-1,400.000,-1,375.000,925.000,325.000,325.000,300.000,325.000,-1,-1,-1,-1,800.000,725.000,-1,-1,2,0,2,0,1,0,0,0,0,2,2,2,2,0,0,2,2
80,4858.212,-855.520,-71.671,81.206,0.152951,-0.988209,-0.006959,0.988186,0.152871,0.010942,-0.009749,-0.008550,0.999916,0,0.87025,-0.91511,52.215,-1.830,-1,400.000,-1,375.000,875.000,325.000,325.000,300.000,325.000,-1,-1,-1,-1,800.000,725.000,-1,-1,2,0,2,0,1,0,0,0,0,2,2,2,2,0,0,2,2
81,4867.789,-804.475,-72.016,79.374,0.184475,-0.982813,-0.006944,0.982789,0.184390,0.011258,-0.009784,-0.008901,0.999913,0,0.86559,-0.91619,51.936,-1.832,-1,400.000,-1,375.000,825.000,325.000,325.000,300.000,325.000,-1,-1,-1,-1,800.000,725.000,-1,-1,2,0,2,0,1,0,0,0,0,2,2,2,2,0,0,2,2
82,4878.940,-754.013,-72.326,77.539,0.215855,-0.976401,-0.006869,0.976377,0.215769,0.011477,-0.009724,-0.009185,0.999911,0,0.86132,-0.91759,51.679,-1.835,-1,400.000,-1,375.000,775.000,325.000,325.000,300.000,300.000,-1,-1,-1,-1,825.000,725.000,-1,1000.000,2,0,2,0,1,0,0,0,0,2,2,2,2,1,0,2,1
83,4891.648,-704.157,-72.715,75.700,0.247073,-0.968970,-0.007278,0.968953,0.246983,0.011407,-0.009255,-0.009870,0.999908,0,0.85750,-0.91928,51.450,-1.839,-1,400.000,-1,375.000,725.000,325.000,325.000,325.000,325.000,-1,-1,-1,-1,850.000,725.000,-1,925.000,2,0,2,0,1,0,0,0,0,2,2,2,2,1,0,2,1
84,4905.897,-654.927,-73.229,73.858,0.278107,-0.960515,-0.008264,0.960510,0.278006,0.011530,-0.008777,-0.011144,0.999899,0,0.85418,-0.92126,51.251,-1.843,-1,400.000,-1,375.000,700.000,325.000,325.000,325.000,325.000,-1,-1,-1,-1,825.000,700.000,-1,850.000,2,0,2,0,1,0,0,0,0,2,2,2,2,1,0,2,1
85,4922.215,-604.671,-73.710,72.011,0.308923,-0.951043,-0.009200,0.951052,0.308814,0.011600,-0.008191,-0.012333,0.999890,0,0.88064,-0.92345,52.839,-1.847,-1,400.000,-1,375.000,650.000,325.000,325.000,325.000,325.000,-1,-1,-1,-1,800.000,700.000,-1,775.000,2,0,2,0,1,0,0,0,0,2,2,2,2,0,0,2,1
86,4938.326,-559.415,-74.102,70.404,0.335473,-0.941997,-0.009990,0.942019,0.335357,0.011619,-0.007595,-0.013308,0.999883,0,0.80064,-0.80345,48.039,-1.607,-1,400.000,-1,375.000,600.000,325.000,325.000,300.000,325.000,-1,-1,-1,-1,800.000,700.000,-1,725.000,2,0,2,0,1,0,0,0,0,2,2,2,2,0,0,2,1
87,4955.402,-514.845,-74.457,69.037,0.357848,-0.933718,-0.010693,0.933753,0.357729,0.011600,-0.007006,-0.014136,0.999876,0,0.79547,-0.68345,47.728,-1.367,-1,400.000,-1,375.000,575.000,325.000,325.000,325.000,325.000,-1,-1,-1,-1,775.000,700.000,-1,650.000,2,0,2,0,1,0,0,0,0,2,2,2,2,0,1,2,1
88,4973.275,-470.806,-74.765,67.910,0.376141,-0.926493,-0.011377,0.926540,0.376019,0.011531,-0.006406,-0.014878,0.999869,0,0.79213,-0.56345,47.528,-1.127,-1,400.000,-1,375.000,525.000,325.000,325.000,325.000,325.000,-1,-1,-1,-1,775.000,650.000,-1,625.000,2,0,2,0,1,0,0,0,0,2,2,2,2,0,1,2,1
89,4991.761,-427.208,-75.026,67.023,0.390435,-0.920552,-0.012063,0.920612,0.390311,0.011418,-0.005802,-0.015563,0.999862,0,0.78926,-0.44345,47.356,-0.887,-1,400.000,-1,375.000,500.000,325.000,325.000,325.000,325.000,-1,-1,-1,-1,775.000,625.000,-1,575.000,2,0,2,0,1,0,0,0,0,2,2,2,2,0,1,2,1
90,5010.679,-383.952,-75.243,66.376,0.400800,-0.916077,-0.012763,0.916151,0.400675,0.011268,-0.005209,-0.016209,0.999855,0,0.78686,-0.32345,47.212,-0.647,-1,400.000,-1,375.000,475.000,325.000,300.000,325.000,325.000,-1,-1,-1,-1,775.000,600.000,-1,525.000,2,0,2,0,1,0,0,0,0,2,2,2,2,0,1,2,1
91,5029.858,-340.939,-75.418,65.969,0.407291,-0.913199,-0.013486,0.913287,0.407166,0.011091,-0.004637,-0.016834,0.999848,0,0.78493,-0.20345,47.096,-0.407,-1,400.000,-1,375.000,425.000,325.000,300.000,325.000,325.000,-1,-1,-1,-1,775.000,575.000,-1,500.000,2,0,2,0,1,0,0,0,0,2,2,2,2,0,1,2,1
92,5051.077,-294.331,-75.572,65.521,0.414421,-0.909972,-0.014335,0.910076,0.414296,0.010949,-0.004025,-0.017583,0.999837,0,0.85350,-0.22422,51.210,-0.448,-1,400.000,-1,375.000,400.000,325.000,300.000,325.000,325.000,-1,-1,-1,-1,775.000,550.000,-1,450.000,2,0,2,0,1,0,0,0,0,2,2,2,2,0,1,2,1
93,5072.711,-247.796,-75.668,65.067,0.421614,-0.906648,-0.015199,0.906769,0.421490,0.010757,-0.003347,-0.018317,0.999827,0,0.85530,-0.22708,51.318,-0.454,-1,400.000,-1,375.000,350.000,325.000,300.000,325.000,325.000,-1,-1,-1,-1,775.000,500.000,-1,400.000,2,0,2,0,1,0,0,0,0,2,2,2,2,0,1,2,1
94,5094.760,-201.346,-75.698,64.607,0.428873,-0.903222,-0.016069,0.903361,0.428752,0.010494,-0.002589,-0.019017,0.999816,0,0.85696,-0.23008,51.417,-0.460,-1,400.000,-1,375.000,325.000,325.000,300.000,325.000,325.000,-1,-1,-1,-1,775.000,475.000,-1,375.000,2,0,2,0,1,0,0,0,0,2,2,2,2,0,1,2,1
95,5117.226,-154.996,-75.668,64.140,0.436201,-0.899689,-0.016975,0.899848,0.436086,0.010155,-0.001733,-0.019705,0.999804,0,0.85847,-0.23323,51.508,-0.466,-1,400.000,-1,375.000,275.000,325.000,300.000,325.000,325.000,-1,-1,-1,-1,750.000,450.000,-1,325.000,2,0,2,1,1,0,0,0,0,2,2,2,2,0,1,2,1
96,5140.110,-108.761,-75.660,63.667,0.443595,-0.896039,-0.018352,0.896227,0.443491,0.009642,-0.000501,-0.020725,0.999785,0,0.85981,-0.23656,51.588,-0.473,-1,400.000,-1,350.000,250.000,325.000,300.000,325.000,325.000,-1,-1,-1,-1,750.000,425.000,-1,300.000,2,0,2,1,1,0,0,0,1,2,2,2,2,0,1,2,1
97,5163.411,-62.657,-75.630,63.187,0.451068,-0.892269,-0.019842,0.892489,0.450973,0.009293,0.000657,-0.021901,0.999760,0,0.86096,-0.24007,51.657,-0.480,-1,400.000,-1,325.000,225.000,325.000,300.000,325.000,300.000,-1,-1,-1,-1,750.000,400.000,-1,250.000,2,0,2,1,1,0,0,0,1,2,2,2,2,0,1,2,1
98,5187.130,-16.704,-75.582,62.699,0.458623,-0.888372,-0.021454,0.888629,0.458535,0.009138,0.001719,-0.023255,0.999728,0,0.86189,-0.24378,51.714,-0.488,-1,400.000,925.000,300.000,175.000,325.000,300.000,325.000,300.000,-1,-1,-1,-1,750.000,375.000,-1,225.000,2,0,1,1,1,0,0,0,1,2,2,2,2,0,1,2,1
99,5211.264,29.080,-74.858,62.204,0.466209,-0.884296,-0.025862,0.884662,0.466158,0.008361,0.004662,-0.026777,0.999631,0,0.86259,-0.24770,51.755,-0.495,-1,400.000,850.000,300.000,150.000,325.000,325.000,325.000,275.000,-1,750.000,950.000,-1,775.000,350.000,-1,175.000,2,0,1,1,1,0,0,1,1,2,0,0,2,0,1,2,1
100,5235.808,74.675,-70.534,61.700,0.473310,-0.879652,-0.046799,0.880708,0.473637,0.004536,0.018175,-0.043363,0.998894,0,0.86302,-0.25184,51.781,-0.504,-1,425.000,-1,275.000,150.000,350.000,325.000,325.000,275.000,-1,300.000,450.000,-1,825.000,350.000,-1,175.000,2,0,2,1,1,0,1,1,1,2,0,0,2,0,1,2,1
101,5260.759,120.058,-65.476,61.188,0.479820,-0.874501,-0.070861,0.876719,0.481003,0.000430,0.033708,-0.062331,0.997486,0,0.86314,-0.25624,51.789,-0.512,-1,450.000,-1,275.000,125.000,375.000,325.000,300.000,300.000,-1,150.000,325.000,-1,925.000,325.000,-1,150.000,2,0,2,1,1,0,1,1,1,2,0,0,2,0,1,2,1
102,5286.113,165.204,-59.672,60.666,0.485505,-0.868717,-0.098056,0.872736,0.488178,-0.003783,0.051155,-0.083740,0.995174,0,0.86294,-0.26089,51.776,-0.522,-1,500.000,-1,275.000,125.000,400.000,300.000,300.000,300.000,-1,100.000,250.000,-1,-1,325.000,-1,150.000,2,0,2,1,1,0,1,1,1,2,0,0,2,2,1,2,1
103,5311.866,210.085,-54.243,60.134,0.490773,-0.862547,-0.123105,0.868694,0.495297,-0.007190,0.067175,-0.103412,0.992368,0,0.86237,-0.26581,51.742,-0.532,-1,525.000,-1,275.000,125.000,425.000,300.000,275.000,300.000,575.000,75.000,225.000,-1,-1,325.000,-1,150.000,2,0,2,1,1,1,1,1,1,0,0,0,2,2,1,2,1
104,5338.010,254.673,-48.594,59.592,0.495359,-0.855820,-0.148966,0.864657,0.502259,-0.010251,0.083593,-0.123727,0.988789,0,0.86139,-0.27101,51.684,-0.542,-1,575.000,-1,275.000,125.000,400.000,300.000,250.000,300.000,425.000,50.000,200.000,-1,-1,325.000,-1,150.000,2,0,2,1,1,1,1,0,1,0,0,0,2,2,1,2,1
105,5364.536,298.937,-42.699,59.039,0.499236,-0.848511,-0.175476,0.860645,0.509042,-0.012897,0.100268,-0.144584,0.984399,0,0.85998,-0.27650,51.599,-0.553,-1,600.000,-1,275.000,125.000,400.000,275.000,250.000,300.000,350.000,25.000,175.000,-1,-1,325.000,-1,150.000,2,1,2,1,1,1,1,0,1,0,0,0,2,2,1,2,1
106,5391.435,342.844,-36.557,58.475,0.502365,-0.840586,-0.202594,0.856686,0.515619,-0.015072,0.117131,-0.165987,0.979147,0,0.85810,-0.28228,51.486,-0.565,-1,600.000,-1,250.000,125.000,375.000,275.000,250.000,275.000,275.000,0.000,175.000,-1,-1,325.000,-1,125.000,2,1,2,1,1,1,1,0,1,0,0,0,2,2,1,2,1
107,5420.353,389.463,-29.903,58.150,0.500701,-0.834138,-0.231330,0.855083,0.518189,-0.017724,0.134657,-0.188931,0.972714,0,0.91422,-0.16228,54.853,-0.325,-1,600.000,-1,250.000,100.000,375.000,275.000,225.000,275.000,225.000,0.000,175.000,-1,-1,325.000,-1,125.000,2,1,2,1,1,1,1,0,1,0,0,0,2,2,1,2,1
108,5449.222,435.859,-23.177,58.066,0.494648,-0.829381,-0.259714,0.855772,0.516931,-0.020898,0.151586,-0.211919,0.965459,0,0.91062,-0.04228,54.637,-0.085,-1,625.000,-1,250.000,100.000,375.000,275.000,225.000,250.000,175.000,0.000,175.000,-1,-1,325.000,-1,125.000,2,1,2,1,1,1,1,0,1,0,0,0,2,2,1,2,1
109,-7543.222,2951.692,117.215,153.629,-0.895487,-0.444107,-0.029530,0.444470,-0.895768,-0.006765,-0.023447,-0.019184,0.999541,1,0.00000,0.00000,54.355,0.155,-1,400.000,-1,375.000,-1,325.000,325.000,325.000,325.000,-1,-1,525.000,-1,750.000,725.000,-1,-1,2,0,2,0,2,0,0,0,0,2,2,1,2,0,0,2,2
110,-7547.514,2953.842,117.117,153.389,-0.893616,-0.447855,-0.029599,0.448219,-0.893898,-0.006737,-0.023442,-0.019288,0.999539,0,0.08000,-0.12000,4.800,-0.240,-1,400.000,-1,375.000,-1,325.000,325.000,325.000,325.000,-1,-1,525.000,-1,750.000,725.000,-1,-1,2,0,2,0,2,0,0,0,0,2,2,1,2,0,0,2,2
111,-7556.061,2958.214,116.924,152.909,-0.889828,-0.455326,-0.029733,0.455694,-0.890112,-0.006678,-0.023425,-0.019492,0.999536,0,0.16000,-0.24000,9.600,-0.480,-1,400.000,-1,375.000,-1,325.000,325.000,325.000,325.000,-1,-1,550.000,-1,750.000,725.000,-1,-1,2,0,2,0,2,0,0,0,0,2,2,1,2,0,0,2,2
112,-7568.797,2964.933,116.641,152.189,-0.884030,-0.466472,-0.029922,0.466845,-0.884314,-0.006583,-0.023389,-0.019788,0.999531,0,0.24000,-0.36000,14.400,-0.720,-1,400.000,-1,375.000,-1,325.000,325.000,325.000,325.000,900.000,-1,575.000,-1,750.000,725.000,-1,-1,2,0,2,0,2,0,0,0,0,1,2,1,2,0,0,2,2
113,-7585.627,2974.174,116.275,151.229,-0.876082,-0.481219,-0.030151,0.481599,-0.876368,-0.006444,-0.023323,-0.020166,0.999525,0,0.32000,-0.48000,19.200,-0.960,-1,400.000,-1,375.000,-1,325.000,325.000,325.000,325.000,775.000,-1,625.000,-1,750.000,725.000,-1,-1,2,0,2,0,2,0,0,0,0,1,2,1,2,0,0,2,2
114,-7606.418,2986.163,115.834,150.029,-0.865802,-0.499462,-0.030402,0.499848,-0.866090,-0.006253,-0.023208,-0.020610,0.999518,0,0.40000,-0.60000,24.000,-1.200,-1,400.000,-1,375.000,-1,325.000,325.000,325.000,325.000,725.000,-1,-1,-1,725.000,725.000,-1,-1,2,0,2,0,2,0,0,0,0,1,2,2,2,0,0,2,2
115,-7630.997,3001.173,115.331,148.589,-0.852967,-0.521064,-0.030652,0.521457,-0.853257,-0.006000,-0.023028,-0.021101,0.999512,0,0.48000,-0.72000,28.800,-1.440,-1,400.000,-1,375.000,-1,325.000,325.000,325.000,325.000,675.000,-1,-1,-1,725.000,725.000,-1,-1,2,0,2,0,2,0,0,0,0,1,2,2,2,0,0,2,2
116,-7659.148,3019.518,114.766,146.909,-0.837312,-0.545849,-0.030953,0.546250,-0.837603,-0.005703,-0.022813,-0.021683,0.999505,0,0.56000,-0.84000,33.600,-1.680,-1,375.000,-1,375.000,-1,325.000,325.000,325.000,325.000,675.000,-1,-1,-1,725.000,725.000,-1,-1,2,0,2,0,2,0,0,0,0,1,2,2,2,0,0,2,2
117,-7690.624,3041.514,113.968,145.054,-0.819201,-0.572659,-0.031154,0.573088,-0.819469,-0.006345,-0.021896,-0.023052,0.999494,0,0.64000,-0.92752,38.400,-1.855,-1,375.000,-1,375.000,-1,325.000,300.000,325.000,325.000,650.000,-1,-1,-1,700.000,725.000,-1,-1,2,0,2,0,2,0,0,0,0,1,2,2,2,0,0,2,2
118,-7721.817,3064.853,113.201,143.194,-0.800192,-0.598928,-0.031270,0.599383,-0.800431,-0.007058,-0.020802,-0.024391,0.999486,0,0.64930,-0.92973,38.958,-1.859,-1,375.000,-1,375.000,-1,300.000,300.000,325.000,325.000,650.000,-1,-1,-1,700.000,725.000,-1,-1,2,0,2,0,2,0,0,0,0,1,2,2,2,0,0,2,2
119,-7752.193,3089.163,112.503,141.330,-0.780292,-0.624631,-0.031309,0.625108,-0.780500,-0.007719,-0.019615,-0.025595,0.999480,0,0.64843,-0.93210,38.906,-1.864,-1,375.000,-1,375.000,-1,300.000,300.000,325.000,325.000,700.000,-1,-1,-1,700.000,750.000,-1,-1,2,0,2,0,2,0,0,0,0,1,2,2,2,0,0,2,2
120,-7783.542,3116.099,111.856,139.330,-0.758032,-0.651472,-0.031167,0.651963,-0.758204,-0.008352,-0.018190,-0.026651,0.999479,0,0.68887,-1.00000,41.332,-2.000,-1,375.000,-1,375.000,-1,300.000,300.000,325.000,325.000,750.000,-1,-1,-1,700.000,750.000,-1,-1,2,0,2,0,2,0,0,0,0,1,2,2,2,0,0,2,2
121,-7813.949,3144.128,111.346,137.330,-0.734863,-0.677524,-0.030630,0.678016,-0.734994,-0.008900,-0.016482,-0.027308,0.999491,0,0.68923,-1.00000,41.354,-2.000,-1,375.000,-1,400.000,-1,300.000,300.000,325.000,325.000,800.000,-1,-1,-1,675.000,750.000,-1,-1,2,0,2,0,2,0,0,0,0,1,2,2,2,0,0,2,2
122,-7843.992,3173.579,110.891,135.570,-0.713737,-0.699769,-0.030035,0.700256,-0.713829,-0.009452,-0.014826,-0.027778,0.999504,0,0.70118,-0.88000,42.071,-1.760,-1,375.000,-1,400.000,-1,300.000,325.000,325.000,325.000,875.000,-1,-1,-1,675.000,775.000,-1,-1,2,0,2,0,2,0,0,0,0,1,2,2,2,0,0,2,2
123,-7873.247,3203.821,110.497,134.050,-0.694955,-0.718452,-0.029397,0.718931,-0.695010,-0.010003,-0.013245,-0.028087,0.999518,0,0.70129,-0.76000,42.077,-1.520,-1,375.000,-1,400.000,-1,300.000,325.000,325.000,325.000,975.000,-1,-1,-1,700.000,775.000,-1,-1,2,0,2,0,2,0,0,0,1,1,2,2,2,0,0,2,2
124,-7901.815,3234.705,109.907,132.770,-0.678751,-0.733813,-0.028542,0.734262,-0.678802,-0.009377,-0.012493,-0.027322,0.999549,0,0.70117,-0.64000,42.070,-1.280,-1,375.000,-1,400.000,-1,300.000,325.000,325.000,325.000,-1,-1,-1,-1,675.000,775.000,-1,-1,2,0,2,0,2,0,0,0,1,2,2,2,2,0,0,2,2
125,-7929.803,3266.086,109.370,131.730,-0.665339,-0.746031,-0.027610,0.746448,-0.665386,-0.008775,-0.011825,-0.026447,0.999580,0,0.70081,-0.52000,42.049,-1.040,-1,375.000,-1,400.000,-1,300.000,325.000,325.000,325.000,-1,-1,-1,-1,675.000,775.000,-1,-1,2,0,2,0,2,0,0,0,0,2,2,2,2,0,0,2,2
126,-7957.327,3297.827,108.798,130.930,-0.654886,-0.755273,-0.026221,0.755648,-0.654927,-0.008186,-0.010990,-0.025175,0.999623,0,0.70022,-0.40000,42.013,-0.800,-1,375.000,-1,400.000,-1,300.000,325.000,325.000,325.000,-1,-1,-1,-1,675.000,775.000,-1,-1,2,0,2,0,2,0,0,0,0,2,2,2,2,0,0,2,2
127,-7984.507,3329.799,108.239,130.370,-0.647502,-0.761665,-0.024640,0.761996,-0.647537,-0.007637,-0.010139,-0.023720,0.999667,0,0.69939,-0.28000,41.964,-0.560,-1,375.000,-1,400.000,-1,300.000,325.000,325.000,325.000,-1,-1,-1,-1,675.000,775.000,-1,-1,2,0,2,0,2,0,0,0,0,2,2,2,2,0,0,2,2
128,-8011.468,3361.873,107.733,130.050,-0.643265,-0.765295,-0.023084,0.765586,-0.643294,-0.007133,-0.009391,-0.022261,0.999708,0,0.69833,-0.16000,41.900,-0.320,-1,375.000,-1,400.000,-1,300.000,325.000,325.000,325.000,-1,-1,-1,-1,675.000,775.000,-1,-1,2,0,2,0,2,0,0,0,0,2,2,2,2,0,0,2,2
129,-8038.334,3393.926,107.252,129.970,-0.642221,-0.766215,-0.021599,0.766470,-0.642244,-0.006801,-0.008661,-0.020923,0.999744,0,0.69705,-0.04000,41.823,-0.080,-1,375.000,-1,400.000,-1,300.000,325.000,325.000,325.000,-1,-1,-1,-1,675.000,775.000,-1,-1,2,0,2,0,2,0,0,0,0,2,2,2,2,0,0,2,2
130,-8065.231,3425.834,106.816,130.130,-0.644381,-0.764438,-0.020176,0.764663,-0.644398,-0.006519,-0.008018,-0.019629,0.999775,0,0.69554,0.08000,41.732,0.160,-1,375.000,-1,400.000,-1,300.000,325.000,325.000,325.000,-1,-1,-1,-1,675.000,750.000,-1,-1,2,0,2,0,2,0,0,0,0,2,2,2,2,0,0,2,2
131,-8092.226,3457.525,106.432,130.426,-0.648346,-0.761114,-0.018808,0.761310,-0.648359,-0.006243,-0.007442,-0.018366,0.999804,0,0.69383,0.14817,41.630,0.296,-1,375.000,-1,400.000,-1,300.000,325.000,325.000,325.000,-1,-1,-1,-1,675.000,750.000,-1,-1,2,0,2,0,2,0,0,0,0,2,2,2,2,0,0,2,2
132,-8119.315,3488.993,106.099,130.723,-0.652302,-0.757758,-0.017480,0.757928,-0.652311,-0.005981,-0.006870,-0.017150,0.999829,0,0.69203,0.14855,41.522,0.297,-1,375.000,-1,400.000,-1,300.000,325.000,325.000,325.000,-1,-1,-1,-1,675.000,750.000,-1,-1,2,0,2,0,2,0,0,0,0,2,2,2,2,0,0,2,2
133,-8146.499,3520.241,105.815,131.021,-0.656252,-0.754368,-0.016192,0.754516,-0.656257,-0.005734,-0.006301,-0.015980,0.999852,0,0.69030,0.14905,41.418,0.298,-1,375.000,-1,400.000,-1,300.000,325.000,325.000,325.000,-1,-1,-1,-1,675.000,750.000,-1,-1,2,0,2,0,2,0,0,0,0,2,2,2,2,0,0,2,2
