timestep,x_cm,y_cm,z_cm,yaw_deg,basis_xx,basis_xy,basis_xz,basis_yx,basis_yy,basis_yz,basis_zx,basis_zy,basis_zz,teleport_flag,throttle_cmd,steering_cmd,cmd_move_cm,cmd_turn_deg,lidar_cm_0,lidar_cm_1,lidar_cm_2,lidar_cm_3,lidar_cm_4,lidar_cm_5,lidar_cm_6,lidar_cm_7,lidar_cm_8,lidar_cm_9,lidar_cm_10,lidar_cm_11,lidar_cm_12,lidar_cm_13,lidar_cm_14,lidar_cm_15,lidar_cm_16,lidar_class_0,lidar_class_1,lidar_class_2,lidar_class_3,lidar_class_4,lidar_class_5,lidar_class_6,lidar_class_7,lidar_class_8,lidar_class_9,lidar_class_10,lidar_class_11,lidar_class_12,lidar_class_13,lidar_class_14,lidar_class_15,lidar_class_16
0,6226.558,-4263.386,182.670,177.266,-0.998603,-0.047464,-0.023230,0.044888,-0.993870,0.101034,-0.027883,0.099850,0.994612,1,0.08000,-0.12000,4.800,-0.240,-1,425.000,-1,400.000,-1,350.000,325.000,300.000,275.000,-1,-1,-1,700.000,950.000,825.000,-1,-1,2,0,2,0,2,0,0,0,0,2,2,2,1,0,0,2,2
1,6216.971,-4262.867,182.406,176.908,-0.998275,-0.053671,-0.023813,0.051011,-0.993587,0.100911,-0.029077,0.099522,0.994610,0,0.16000,-0.17889,9.600,-0.358,-1,425.000,-1,400.000,-1,350.000,325.000,300.000,275.000,-1,-1,-1,700.000,950.000,825.000,-1,-1,2,0,2,0,2,0,0,0,0,2,2,2,1,0,0,2,2
2,6202.597,-4262.001,181.999,176.556,-0.997906,-0.059779,-0.024687,0.057009,-0.993278,0.100737,-0.030543,0.099119,0.994607,0,0.24000,-0.17607,14.400,-0.352,-1,425.000,-1,400.000,-1,325.000,325.000,300.000,275.000,-1,-1,-1,700.000,950.000,825.000,-1,-1,2,0,2,0,2,0,0,0,0,2,2,2,1,0,0,2,2
3,6183.439,-4260.732,181.443,176.212,-0.997502,-0.065739,-0.025850,0.062834,-0.992949,0.100516,-0.032276,0.098640,0.994600,0,0.32000,-0.17184,19.200,-0.344,-1,425.000,-1,400.000,-1,325.000,325.000,300.000,275.000,-1,-1,-1,725.000,925.000,825.000,-1,-1,2,0,2,0,2,0,0,0,0,2,2,2,1,0,0,2,2
4,6159.500,-4259.006,180.734,175.880,-0.997067,-0.071501,-0.027302,0.068437,-0.992606,0.100250,-0.034268,0.098088,0.994588,0,0.40000,-0.16619,24.000,-0.332,-1,425.000,-1,400.000,-1,325.000,325.000,300.000,275.000,-1,-1,-1,750.000,925.000,800.000,-1,-1,2,0,2,0,2,0,0,0,0,2,2,2,1,0,0,2,2
5,6130.786,-4256.776,179.868,175.562,-0.996607,-0.077017,-0.029041,0.073769,-0.992255,0.099943,-0.036513,0.097461,0.994569,0,0.48000,-0.15909,28.800,-0.318,-1,425.000,-1,400.000,-1,325.000,325.000,300.000,275.000,-1,-1,-1,775.000,925.000,800.000,-1,-1,2,0,2,0,2,0,0,0,0,2,2,2,1,0,0,2,2
6,6099.325,-4254.167,178.903,175.261,-0.996132,-0.082235,-0.030945,0.078791,-0.991901,0.099618,-0.038886,0.096795,0.994544,0,0.52614,-0.15052,31.569,-0.301,-1,425.000,-1,400.000,-1,325.000,325.000,300.000,275.000,-1,-1,-1,800.000,925.000,800.000,-1,-1,2,0,2,0,2,0,0,0,0,2,2,2,1,0,0,2,2
7,6067.662,-4251.383,177.919,174.979,-0.995655,-0.087124,-0.032860,0.083487,-0.991549,0.099304,-0.041234,0.096129,0.994514,0,0.52975,-0.14105,31.785,-0.282,-1,425.000,-1,400.000,-1,325.000,325.000,300.000,300.000,-1,-1,-1,825.000,900.000,775.000,-1,-1,2,0,2,0,2,0,0,0,0,2,2,2,1,0,0,2,2
8,6035.789,-4248.434,176.915,174.716,-0.995181,-0.091678,-0.034786,0.087851,-0.991202,0.098997,-0.043556,0.095464,0.994479,0,0.53348,-0.13143,32.009,-0.263,-1,425.000,-1,400.000,-1,325.000,325.000,300.000,300.000,-1,-1,-1,825.000,900.000,775.000,-1,-1,2,0,2,0,2,0,0,0,0,2,2,2,1,0,0,2,2
9,6003.698,-4245.327,175.894,174.472,-0.994714,-0.095892,-0.036725,0.091878,-0.990867,0.098698,-0.045854,0.094802,0.994440,0,0.53734,-0.12166,32.241,-0.243,-1,425.000,-1,400.000,-1,325.000,325.000,300.000,300.000,-1,-1,-1,850.000,900.000,775.000,-1,-1,2,0,2,0,2,0,0,0,0,2,2,2,1,0,0,2,2
10,5971.380,-4242.071,174.856,174.249,-0.994259,-0.099763,-0.038677,0.095563,-0.990548,0.098402,-0.048129,0.094141,0.994395,0,0.54134,-0.11174,32.480,-0.223,-1,425.000,-1,400.000,-1,325.000,325.000,300.000,300.000,-1,-1,-1,875.000,875.000,750.000,-1,-1,2,0,2,0,2,0,0,0,0,2,2,2,1,0,0,2,2
11,5938.828,-4238.674,173.780,174.046,-0.993823,-0.103284,-0.040587,0.098911,-0.990257,0.098020,-0.050315,0.093400,0.994356,0,0.54548,-0.10165,32.729,-0.203,-1,425.000,-1,400.000,-1,325.000,325.000,300.000,300.000,-1,-1,-1,900.000,875.000,750.000,-1,-1,2,0,2,0,2,0,0,0,0,2,2,2,1,0,0,2,2
12,5906.032,-4235.145,172.304,173.863,-0.993426,-0.106466,-0.042066,0.102046,-0.990133,0.096041,-0.051876,0.091117,0.994488,0,0.54976,-0.09140,32.986,-0.183,-1,425.000,-1,400.000,-1,325.000,325.000,300.000,300.000,-1,-1,-1,925.000,850.000,750.000,-1,-1,2,0,2,0,2,0,0,0,0,2,2,2,1,0,0,2,2
13,5872.980,-4231.494,170.612,173.701,-0.993068,-0.109284,-0.043281,0.104835,-0.990005,0.094338,-0.053158,0.089147,0.994599,0,0.55420,-0.08098,33.252,-0.162,-1,425.000,-1,400.000,-1,325.000,325.000,300.000,300.000,-1,-1,-1,950.000,850.000,750.000,-1,-1,2,0,2,0,2,0,0,0,0,2,2,2,1,0,0,2,2
14,5839.663,-4227.733,168.610,173.560,-0.992764,-0.111725,-0.044009,0.107242,-0.989813,0.093644,-0.054023,0.088247,0.994633,0,0.55881,-0.07039,33.528,-0.141,-1,425.000,-1,400.000,-1,325.000,325.000,300.000,300.000,-1,-1,-1,950.000,850.000,750.000,-1,-1,2,0,2,0,2,0,0,0,0,2,2,2,1,0,0,2,2
15,5806.070,-4223.869,166.587,173.441,-0.992496,-0.113793,-0.044745,0.109277,-0.989655,0.092959,-0.054860,0.087372,0.994664,0,0.56358,-0.05961,33.815,-0.119,-1,425.000,-1,400.000,-1,325.000,325.000,300.000,300.000,-1,-1,-1,975.000,850.000,725.000,-1,-1,2,0,2,0,2,0,0,0,0,2,2,2,1,0,0,2,2
16,5772.188,-4219.914,164.546,173.343,-0.992268,-0.115482,-0.045480,0.110936,-0.989535,0.092267,-0.055659,0.086508,0.994695,0,0.56853,-0.04865,34.112,-0.097,-1,425.000,-1,400.000,-1,325.000,325.000,300.000,300.000,-1,-1,-1,975.000,825.000,725.000,-1,-1,2,0,2,0,2,0,0,0,0,2,2,2,1,0,0,2,2
17,5738.005,-4215.878,162.489,173.268,-0.992081,-0.116786,-0.046213,0.112212,-0.989456,0.091568,-0.056419,0.085657,0.994726,0,0.57367,-0.03750,34.420,-0.075,-1,425.000,-1,400.000,-1,325.000,325.000,300.000,300.000,-1,-1,-1,975.000,825.000,700.000,-1,-1,2,0,2,0,2,0,0,0,0,2,2,2,1,0,0,2,2
18,5703.508,-4211.774,160.415,173.216,-0.991939,-0.117698,-0.046944,0.113099,-0.989421,0.090861,-0.057142,0.084819,0.994756,0,0.57900,-0.02615,34.740,-0.052,-1,425.000,-1,400.000,-1,325.000,325.000,300.000,300.000,-1,-1,-1,975.000,825.000,700.000,-1,-1,2,0,2,0,2,0,0,0,0,2,2,2,1,0,0,2,2
19,5668.684,-4207.612,158.325,173.187,-0.991843,-0.118210,-0.047675,0.113589,-0.989430,0.090145,-0.057827,0.083995,0.994787,0,0.58453,-0.01459,35.072,-0.029,-1,400.000,-1,400.000,-1,325.000,325.000,300.000,300.000,-1,-1,-1,1000.000,825.000,700.000,-1,-1,2,0,2,0,2,0,0,0,0,2,2,2,1,0,0,2,2
20,5633.518,-4203.406,156.220,173.181,-0.991796,-0.118316,-0.048404,0.113676,-0.989486,0.089420,-0.058475,0.083184,0.994817,0,0.59027,-0.00283,35.416,-0.006,-1,400.000,-1,375.000,-1,325.000,325.000,300.000,300.000,-1,-1,-1,1000.000,825.000,675.000,-1,-1,2,0,2,0,2,0,0,0,0,2,2,2,1,0,0,2,2
21,5597.995,-4199.170,154.100,173.200,-0.991796,-0.118008,-0.049133,0.113352,-0.989589,0.088683,-0.059086,0.082387,0.994847,0,0.59623,0.00915,35.774,0.018,-1,400.000,-1,375.000,1000.000,325.000,325.000,300.000,300.000,-1,-1,-1,1000.000,800.000,675.000,-1,-1,2,0,2,0,0,0,0,0,0,2,2,2,1,0,0,2,2
22,5562.101,-4194.915,151.966,173.242,-0.991847,-0.117278,-0.049860,0.112608,-0.989741,0.087936,-0.059662,0.081604,0.994877,0,0.60242,0.02135,36.145,0.043,-1,400.000,-1,375.000,975.000,325.000,325.000,300.000,300.000,-1,-1,-1,-1,800.000,675.000,-1,-1,2,0,2,0,0,0,0,0,0,2,2,2,2,0,0,2,2
23,5525.819,-4190.659,149.818,173.310,-0.991946,-0.116118,-0.050588,0.111437,-0.989940,0.087176,-0.060201,0.080837,0.994908,0,0.60885,0.03379,36.531,0.068,-1,400.000,-1,375.000,950.000,325.000,325.000,300.000,300.000,-1,-1,-1,-1,800.000,650.000,-1,-1,2,0,2,0,0,0,0,0,0,2,2,2,2,0,0,2,2
24,5489.132,-4186.415,147.657,173.403,-0.992095,-0.114519,-0.051315,0.109830,-0.990188,0.086404,-0.060706,0.080085,0.994938,0,0.61552,0.04646,36.931,0.093,-1,400.000,-1,375.000,925.000,325.000,325.000,300.000,300.000,-1,-1,-1,-1,800.000,650.000,-1,1000.000,2,0,2,0,0,0,0,0,0,2,2,2,2,0,0,2,0
25,5452.024,-4182.201,145.483,173.522,-0.992291,-0.112473,-0.052043,0.107778,-0.990481,0.085617,-0.061177,0.079348,0.994968,0,0.62245,0.05937,37.347,0.119,-1,400.000,-1,375.000,875.000,325.000,325.000,300.000,300.000,-1,-1,-1,-1,800.000,650.000,-1,975.000,2,0,2,0,0,0,0,0,0,2,2,2,2,0,0,2,0
26,5414.475,-4178.032,143.298,173.667,-0.992533,-0.109971,-0.052771,0.105272,-0.990820,0.084817,-0.061614,0.078628,0.994998,0,0.62965,0.07254,37.779,0.145,-1,400.000,-1,375.000,850.000,325.000,325.000,300.000,300.000,-1,-1,-1,-1,775.000,625.000,-1,925.000,2,0,2,0,0,0,0,0,0,2,2,2,2,0,0,2,0
27,5372.853,-4173.695,140.901,174.052,-0.993206,-0.103314,-0.053558,0.098620,-0.991581,0.083914,-0.061776,0.078062,0.995033,0,0.69747,0.19254,41.848,0.385,-1,400.000,-1,375.000,825.000,325.000,300.000,300.000,300.000,-1,-1,-1,-1,775.000,625.000,-1,900.000,2,0,2,0,0,0,0,0,0,2,2,2,2,0,0,2,0
28,5331.057,-4169.801,138.534,174.677,-0.994230,-0.092492,-0.054329,0.087813,-0.992674,0.082990,-0.061607,0.077741,0.995068,0,0.69962,0.31254,41.977,0.625,-1,400.000,-1,350.000,800.000,325.000,300.000,300.000,300.000,-1,-1,-1,-1,775.000,625.000,-1,875.000,2,0,2,0,0,0,0,0,0,2,2,2,2,0,0,2,0
29,5289.070,-4166.527,136.209,175.542,-0.995470,-0.077495,-0.055089,0.072837,-0.993964,0.082043,-0.061115,0.077659,0.995105,0,0.70192,0.43254,42.115,0.865,-1,400.000,-1,350.000,775.000,325.000,300.000,300.000,300.000,-1,-1,-1,-1,775.000,600.000,-1,850.000,2,0,2,0,0,0,0,0,0,2,2,2,2,0,0,2,0
30,5246.879,-4164.056,133.850,176.647,-0.996758,-0.058312,-0.055430,0.053737,-0.995288,0.080706,-0.059875,0.077466,0.995195,0,0.70440,0.55254,42.264,1.105,-1,400.000,-1,350.000,750.000,325.000,300.000,300.000,300.000,-1,-1,-1,-1,775.000,600.000,-1,825.000,2,0,2,0,0,0,0,0,0,2,2,2,2,0,0,2,0
31,5204.479,-4162.569,131.710,177.992,-0.997908,-0.034934,-0.054394,0.030591,-0.996427,0.078726,-0.056949,0.076897,0.995411,0,0.70711,0.67254,42.427,1.345,-1,400.000,-1,350.000,750.000,325.000,300.000,300.000,300.000,-1,-1,-1,-1,775.000,600.000,-1,825.000,2,0,2,0,0,0,0,0,0,2,2,2,2,0,0,2,0
32,5161.876,-4162.133,129.768,179.414,-0.998547,-0.010206,-0.052906,0.006147,-0.997063,0.076335,-0.053529,0.075899,0.995678,0,0.71010,0.71071,42.606,1.421,-1,400.000,-1,350.000,750.000,325.000,300.000,300.000,300.000,-1,-1,-1,-1,775.000,600.000,-1,850.000,2,0,2,0,0,0,0,0,0,2,2,2,2,0,0,2,0
33,5119.077,-4162.765,127.884,180.846,-0.998568,0.014725,-0.051437,-0.018519,-0.997080,0.074079,-0.050196,0.074925,0.995925,0,0.71342,0.71628,42.805,1.433,-1,400.000,-1,350.000,750.000,325.000,300.000,300.000,300.000,-1,-1,-1,-1,775.000,625.000,-1,875.000,2,0,2,0,0,0,0,0,0,2,2,2,2,0,0,2,0
34,5076.089,-4164.484,126.050,182.290,-0.997954,0.039850,-0.050006,-0.043396,-0.996462,0.071968,-0.046961,0.073990,0.996153,0,0.71706,0.72202,43.023,1.444,-1,400.000,-1,375.000,750.000,325.000,300.000,300.000,300.000,-1,-1,-1,-1,800.000,625.000,-1,875.000,2,0,2,0,0,0,0,0,0,2,2,2,2,0,0,2,0
35,5032.922,-4167.310,124.262,183.746,-0.996689,0.065158,-0.048634,-0.068477,-0.995193,0.070012,-0.043838,0.073110,0.996360,0,0.72100,0.72793,43.260,1.456,-1,400.000,-1,375.000,775.000,325.000,325.000,300.000,300.000,-1,-1,-1,-1,800.000,625.000,-1,925.000,2,0,2,0,0,0,0,0,0,2,2,2,2,0,0,2,0
36,4989.706,-4171.250,122.519,185.208,-0.994767,0.090541,-0.047347,-0.093651,-0.993265,0.068223,-0.040851,0.072300,0.996546,0,0.72327,0.73121,43.396,1.462,-1,400.000,-1,375.000,775.000,325.000,325.000,300.000,300.000,-1,-1,-1,-1,800.000,625.000,-1,950.000,2,0,2,0,0,0,0,0,0,2,2,2,2,0,0,2,0
37,4946.604,-4176.291,120.819,186.671,-0.992191,0.115867,-0.046171,-0.118790,-0.990682,0.066613,-0.038022,0.071578,0.996710,0,0.72327,0.73121,43.396,1.462,-1,425.000,-1,375.000,775.000,325.000,325.000,300.000,300.000,-1,-1,-1,-1,800.000,650.000,-1,975.000,2,0,2,0,0,0,0,0,0,2,2,2,2,0,0,2,0
38,4903.645,-4182.430,119.157,188.133,-0.988964,0.141118,-0.045127,-0.143876,-0.987447,0.065184,-0.035362,0.070957,0.996852,0,0.72327,0.73121,43.396,1.462,-1,425.000,-1,375.000,800.000,325.000,325.000,300.000,300.000,-1,-1,-1,-1,825.000,650.000,-1,-1,2,0,2,0,0,0,0,0,0,2,2,2,2,0,0,2,2
39,4860.857,-4189.664,117.528,189.596,-0.985086,0.166279,-0.044239,-0.168893,-0.983559,0.063935,-0.032880,0.070453,0.996973,0,0.72327,0.73121,43.396,1.462,-1,425.000,-1,375.000,800.000,350.000,325.000,300.000,300.000,-1,-1,-1,-1,825.000,650.000,-1,-1,2,0,2,0,0,0,0,0,0,2,2,2,2,0,0,2,2
40,4818.267,-4197.988,115.925,191.058,-0.980560,0.191332,-0.043527,-0.193822,-0.979021,0.062864,-0.030586,0.070079,0.997072,0,0.72327,0.73121,43.396,1.462,-1,425.000,-1,375.000,825.000,325.000,325.000,300.000,300.000,-1,-1,-1,-1,825.000,675.000,-1,-1,2,0,2,0,0,0,0,0,0,2,2,2,2,0,0,2,2
41,4775.903,-4207.396,114.344,192.520,-0.975388,0.216258,-0.043013,-0.218647,-0.973834,0.061969,-0.028486,0.069849,0.997151,0,0.72327,0.73121,43.396,1.462,-1,425.000,-1,375.000,825.000,325.000,325.000,300.000,275.000,-1,-1,-1,-1,825.000,675.000,-1,-1,2,0,2,0,0,0,0,0,0,2,2,2,2,0,0,2,2
42,4733.794,-4217.882,112.778,193.983,-0.969574,0.241043,-0.042718,-0.243350,-0.968003,0.061243,-0.026589,0.069775,0.997208,0,0.72327,0.73121,43.396,1.462,-1,425.000,-1,375.000,850.000,325.000,325.000,300.000,275.000,-1,-1,-1,-1,825.000,675.000,-1,-1,2,0,2,0,0,0,0,0,0,2,2,2,2,0,0,2,2
43,4691.965,-4229.439,111.224,195.445,-0.963120,0.265667,-0.042662,-0.267916,-0.961530,0.060680,-0.024900,0.069872,0.997245,0,0.72327,0.73121,43.396,1.462,-1,425.000,-1,375.000,875.000,325.000,325.000,300.000,275.000,-1,-1,-1,-1,825.000,700.000,-1,-1,2,0,2,0,0,0,0,0,0,2,2,2,2,0,0,2,2
44,4650.445,-4242.059,109.966,196.908,-0.956002,0.290136,-0.043369,-0.292353,-0.954488,0.059007,-0.024275,0.069090,0.997315,0,0.72327,0.73121,43.396,1.462,-1,400.000,-1,375.000,875.000,325.000,325.000,275.000,275.000,-1,-1,-1,-1,825.000,700.000,-1,-1,2,0,2,0,0,0,0,0,0,2,2,2,2,0,0,2,2
45,4609.260,-4255.734,109.050,198.370,-0.948275,0.314440,-0.043615,-0.316574,-0.946892,0.056354,-0.023579,0.067246,0.997458,0,0.72327,0.73121,43.396,1.462,-1,400.000,-1,375.000,925.000,325.000,325.000,275.000,275.000,-1,-1,-1,-1,825.000,700.000,-1,-1,2,0,2,0,0,0,0,0,0,2,2,2,2,0,0,2,2
46,4568.438,-4270.456,108.151,199.833,-0.939928,0.338542,-0.043863,-0.340600,-0.938667,0.053824,-0.022951,0.065530,0.997587,0,0.72327,0.73121,43.396,1.462,-1,400.000,-1,375.000,950.000,325.000,325.000,275.000,275.000,-1,-1,-1,-1,800.000,700.000,-1,-1,2,0,2,0,0,0,0,0,0,2,2,2,2,0,0,2,2
47,4528.005,-4286.215,107.239,201.295,-0.930964,0.362423,-0.044223,-0.364420,-0.929810,0.051492,-0.022457,0.064052,0.997694,0,0.72327,0.73121,43.396,1.462,-1,400.000,-1,375.000,975.000,325.000,325.000,275.000,275.000,-1,-1,-1,-1,775.000,700.000,-1,-1,2,0,2,0,0,0,0,0,0,2,2,2,2,0,0,2,2
48,4487.987,-4303.001,106.367,202.757,-0.921377,0.386059,-0.044980,-0.388031,-0.920315,0.049512,-0.022281,0.063072,0.997760,0,0.72327,0.73121,43.396,1.462,-1,400.000,-1,375.000,1000.000,325.000,325.000,275.000,275.000,-1,-1,-1,-1,775.000,675.000,-1,-1,2,0,2,0,0,0,0,0,0,2,2,2,2,0,0,2,2
49,4448.411,-4320.804,105.479,204.220,-0.911182,0.409438,-0.045905,-0.411403,-0.910201,0.047765,-0.022226,0.062408,0.997803,0,0.72327,0.73121,43.396,1.462,-1,400.000,-1,375.000,1000.000,325.000,325.000,275.000,275.000,-1,-1,-1,-1,750.000,675.000,-1,-1,2,0,2,0,0,0,0,0,0,2,2,2,2,0,0,2,2
50,4409.302,-4339.611,104.731,205.682,-0.900408,0.432525,-0.046770,-0.434505,-0.899437,0.047103,-0.021694,0.062733,0.997795,0,0.72327,0.73121,43.396,1.462,-1,400.000,-1,375.000,-1,325.000,325.000,275.000,275.000,-1,-1,-1,-1,725.000,675.000,-1,-1,2,0,2,0,2,0,0,0,0,2,2,2,2,0,0,2,2
51,4370.686,-4359.409,104.312,207.145,-0.889106,0.455361,-0.046231,-0.457258,-0.888149,0.045906,-0.020156,0.061954,0.997875,0,0.72327,0.73121,43.396,1.462,-1,400.000,-1,375.000,-1,325.000,325.000,275.000,275.000,-1,-1,-1,-1,725.000,675.000,-1,-1,2,0,2,0,2,0,0,0,0,2,2,2,2,0,0,2,2
52,4332.587,-4380.187,103.926,208.607,-0.877233,0.477903,-0.045514,-0.479710,-0.876281,0.044827,-0.018460,0.061157,0.997957,0,0.72327,0.73121,43.396,1.462,-1,400.000,-1,375.000,-1,325.000,325.000,275.000,275.000,-1,-1,-1,-1,725.000,675.000,-1,-1,2,0,2,0,2,0,0,0,0,2,2,2,2,0,0,2,2
53,4290.979,-4404.510,103.472,210.309,-0.862691,0.503744,-0.044792,-0.505463,-0.861731,0.043899,-0.016485,0.060512,0.998031,0,0.80327,0.85121,48.196,1.702,-1,400.000,-1,375.000,-1,325.000,325.000,275.000,275.000,-1,-1,-1,-1,700.000,675.000,-1,-1,2,0,2,0,2,0,0,0,0,2,2,2,2,0,0,2,2
54,4246.160,-4432.790,102.939,212.252,-0.845168,0.532676,-0.044120,-0.534311,-0.844181,0.043239,-0.014213,0.060118,0.998090,0,0.88327,0.97121,52.996,1.942,-1,400.000,-1,375.000,-1,325.000,325.000,275.000,275.000,-1,-1,-1,-1,700.000,675.000,-1,-1,2,0,2,0,2,0,0,0,0,2,2,2,2,0,0,2,2
55,4199.881,-4464.279,102.322,214.231,-0.826319,0.561512,-0.043601,-0.563078,-0.825284,0.042996,-0.011840,0.060079,0.998123,0,0.93294,0.98952,55.976,1.979,-1,400.000,-1,375.000,-1,325.000,325.000,275.000,275.000,-1,-1,-1,-1,675.000,675.000,-1,-1,2,0,2,0,2,0,0,0,0,2,2,2,2,0,0,2,2
56,4154.637,-4497.393,101.636,216.201,-0.806582,0.589534,-0.043293,-0.591047,-0.805479,0.043207,-0.009400,0.060438,0.998128,0,0.93447,0.98488,56.068,1.970,-1,375.000,-1,375.000,-1,325.000,325.000,275.000,275.000,-1,-1,-1,-1,650.000,675.000,-1,-1,2,0,2,0,2,0,0,0,0,2,2,2,2,0,0,2,2
57,4110.509,-4532.072,101.484,218.161,-0.786005,0.616707,-0.043228,-0.618183,-0.784796,0.044092,-0.006734,0.061379,0.998092,0,0.93542,0.98015,56.125,1.960,-1,375.000,-1,375.000,-1,325.000,325.000,275.000,275.000,-1,-1,-1,-1,650.000,675.000,-1,-1,2,0,2,0,2,0,0,0,0,2,2,2,2,0,0,2,2
58,4067.570,-4568.248,101.483,220.112,-0.764643,0.642986,-0.043477,-0.644445,-0.763253,0.046212,-0.003470,0.063354,0.997985,0,0.93579,0.97542,56.147,1.951,-1,375.000,-1,375.000,1000.000,325.000,325.000,300.000,275.000,-1,-1,-1,-1,650.000,675.000,-1,-1,2,0,2,0,0,0,0,0,0,2,2,2,2,0,0,2,2
59,4025.889,-4605.851,101.462,222.053,-0.742522,0.668367,-0.044114,-0.669821,-0.740909,0.048916,0.000009,0.065870,0.997828,0,0.93563,0.97078,56.138,1.942,-1,375.000,-1,375.000,975.000,325.000,325.000,300.000,275.000,-1,-1,-1,-1,625.000,650.000,-1,-1,2,0,2,0,0,0,0,0,0,2,2,2,2,0,0,2,2
60,3985.529,-4644.813,101.762,223.988,-0.719703,0.692915,-0.043549,-0.694266,-0.717840,0.051963,0.004745,0.067632,0.997699,0,0.93498,0.96726,56.099,1.935,-1,375.000,-1,375.000,975.000,325.000,325.000,300.000,275.000,-1,-1,-1,-1,625.000,650.000,-1,-1,2,0,2,0,0,0,0,0,0,2,2,2,2,0,0,2,2
61,3946.548,-4685.065,102.520,225.918,-0.696121,0.716670,-0.042415,-0.717863,-0.694076,0.054148,0.009367,0.068141,0.997632,0,0.93391,0.96487,56.034,1.930,-1,375.000,-1,375.000,975.000,300.000,325.000,300.000,275.000,-1,-1,-1,-1,625.000,650.000,-1,-1,2,0,2,0,0,0,0,0,0,2,2,2,2,0,0,2,2
62,3908.998,-4726.540,103.551,227.844,-0.671775,0.739597,-0.041407,-0.740633,-0.669600,0.055657,0.013437,0.068056,0.997591,0,0.93248,0.96303,55.949,1.926,-1,375.000,-1,375.000,1000.000,300.000,300.000,300.000,275.000,-1,-1,-1,-1,625.000,650.000,-1,-1,2,0,2,0,0,0,0,0,0,2,2,2,2,0,0,2,2
63,3872.928,-4769.175,104.609,229.767,-0.646718,0.761645,-0.040667,-0.762525,-0.644390,0.057601,0.017666,0.068261,0.997511,0,0.93078,0.96174,55.847,1.923,-1,375.000,-1,375.000,1000.000,300.000,300.000,300.000,275.000,-1,-1,-1,1000.000,650.000,650.000,-1,-1,2,0,2,0,0,0,0,0,0,2,2,2,0,0,0,2,2
64,3838.379,-4812.908,105.784,231.689,-0.620963,0.782782,-0.040711,-0.783538,-0.618445,0.059950,0.021750,0.069125,0.997371,0,0.92891,0.96100,55.735,1.922,-1,350.000,-1,350.000,-1,300.000,300.000,300.000,275.000,-1,-1,650.000,950.000,650.000,650.000,-1,-1,2,0,2,0,2,0,0,0,0,2,2,0,0,0,0,2,2
65,3805.383,-4857.679,108.072,233.611,-0.594568,0.803184,-0.037202,-0.803543,-0.591925,0.062796,0.028416,0.067230,0.997333,0,0.92695,0.96083,55.617,1.922,-1,375.000,-1,375.000,-1,300.000,300.000,300.000,275.000,-1,700.000,575.000,925.000,675.000,650.000,-1,-1,2,0,2,0,2,0,0,0,0,2,0,0,0,0,0,2,2
66,3773.974,-4903.435,110.408,235.533,-0.567485,0.822686,-0.033873,-0.822624,-0.564716,0.066226,0.035355,0.065447,0.997230,0,0.92499,0.96121,55.500,1.922,-1,375.000,-1,375.000,-1,300.000,300.000,300.000,275.000,-1,625.000,525.000,900.000,675.000,675.000,-1,-1,2,0,2,0,2,0,0,0,0,2,0,0,0,0,0,2,2
67,3746.521,-4946.059,112.524,237.216,-0.543259,0.838983,-0.031254,-0.838529,-0.540365,0.069819,0.041688,0.064137,0.997070,0,0.84499,0.84121,50.700,1.682,-1,375.000,-1,375.000,-1,300.000,300.000,300.000,275.000,-1,575.000,475.000,900.000,700.000,700.000,-1,-1,2,0,2,0,2,0,0,0,0,2,0,0,0,0,0,2,2
68,3722.544,-4985.430,114.429,238.658,-0.522123,0.852370,-0.029216,-0.851551,-0.519105,0.073420,0.047415,0.063213,0.996873,0,0.76830,0.72121,46.098,1.442,-1,375.000,-1,375.000,-1,300.000,325.000,300.000,300.000,-1,450.000,350.000,875.000,725.000,725.000,-1,-1,2,0,2,0,2,0,0,0,0,2,0,0,0,0,0,2,2
69,3699.432,-5025.238,116.306,239.860,-0.504274,0.863107,-0.027451,-0.861920,-0.501123,0.077261,0.052928,0.062621,0.996633,0,0.76718,0.60121,46.031,1.202,-1,375.000,-1,375.000,-1,325.000,325.000,300.000,300.000,-1,350.000,300.000,875.000,750.000,750.000,-1,-1,2,0,2,0,2,0,0,0,0,2,0,0,0,0,0,2,2
70,3677.015,-5065.387,118.149,240.823,-0.489858,0.871418,-0.025898,-0.869855,-0.486563,0.081291,0.058237,0.062349,0.996354,0,0.76638,0.48121,45.983,0.962,-1,400.000,-1,400.000,-1,325.000,325.000,300.000,300.000,-1,275.000,250.000,875.000,775.000,775.000,-1,-1,2,0,2,0,2,0,0,0,0,2,0,0,0,0,0,2,2
71,3655.121,-5105.790,120.566,241.545,-0.478983,0.877435,-0.026140,-0.875671,-0.475512,0.084197,0.061447,0.063219,0.996106,0,0.76589,0.36121,45.954,0.722,-1,400.000,-1,400.000,-1,325.000,325.000,300.000,300.000,-1,275.000,250.000,875.000,800.000,800.000,-1,-1,2,0,2,0,2,0,0,0,0,2,0,0,0,0,0,2,2
72,3633.573,-5146.366,123.156,242.028,-0.471707,0.881356,-0.026526,-0.879442,-0.468080,0.086499,0.063820,0.064131,0.995899,0,0.76572,0.24121,45.943,0.482,-1,400.000,-1,400.000,-1,325.000,325.000,300.000,300.000,-1,300.000,275.000,875.000,825.000,825.000,-1,-1,2,0,2,0,2,0,0,0,0,2,0,0,0,0,0,2,2
73,3612.193,-5187.039,125.594,242.270,-0.468071,0.883282,-0.026862,-0.881268,-0.464323,0.088157,0.065395,0.064937,0.995744,0,0.76583,0.12121,45.950,0.242,-1,400.000,-1,400.000,-1,325.000,325.000,300.000,300.000,-1,325.000,275.000,875.000,875.000,825.000,-1,-1,2,0,2,0,2,0,0,0,0,2,0,0,0,0,0,2,2
74,3590.847,-5227.754,127.931,242.332,-0.467198,0.883734,-0.027221,-0.881654,-0.463344,0.089431,0.066420,0.065781,0.995621,0,0.76619,0.03090,45.972,0.062,-1,400.000,-1,400.000,-1,325.000,325.000,300.000,275.000,-1,325.000,300.000,900.000,900.000,850.000,-1,-1,2,0,2,0,2,0,0,0,0,2,0,0,0,0,0,2,2
75,3569.533,-5268.525,130.264,242.399,-0.466245,0.884220,-0.027771,-0.882085,-0.462269,0.090739,0.067396,0.066803,0.995487,0,0.76677,0.03381,46.006,0.068,-1,400.000,-1,400.000,-1,325.000,325.000,300.000,275.000,-1,350.000,325.000,925.000,950.000,850.000,-1,-1,2,0,2,0,2,0,0,0,0,2,0,0,0,0,0,2,2
76,3548.252,-5309.363,132.595,242.473,-0.465208,0.884742,-0.028514,-0.882561,-0.461093,0.092083,0.068322,0.068003,0.995343,0,0.76750,0.03688,46.050,0.074,-1,425.000,-1,400.000,-1,325.000,325.000,300.000,275.000,-1,375.000,350.000,925.000,975.000,875.000,-1,-1,2,0,2,0,2,0,0,0,0,2,0,0,0,0,0,2,2
77,3524.619,-5354.387,135.844,242.307,-0.467687,0.883443,-0.028245,-0.881350,-0.463680,0.090675,0.067010,0.067301,0.995480,0,0.84750,-0.08312,50.850,-0.166,-1,425.000,-1,425.000,-1,325.000,325.000,300.000,275.000,-1,450.000,400.000,975.000,1000.000,875.000,-1,-1,2,0,2,0,2,0,0,0,0,2,0,0,0,0,0,2,2
78,3500.493,-5399.571,139.176,241.901,-0.473832,0.880170,-0.027999,-0.878212,-0.469952,0.088821,0.065020,0.066675,0.995654,0,0.85369,-0.20312,51.221,-0.406,-1,425.000,-1,425.000,-1,325.000,325.000,300.000,275.000,-1,525.000,475.000,-1,-1,900.000,-1,-1,2,0,2,0,2,0,0,0,0,2,0,0,2,2,0,2,2
79,3475.574,-5445.000,142.336,241.255,-0.483644,0.874802,-0.028474,-0.873042,-0.479843,0.086885,0.062344,0.066881,0.995811,0,0.86359,-0.32312,51.815,-0.646,-1,425.000,-1,425.000,-1,325.000,325.000,300.000,275.000,-1,600.000,575.000,-1,-1,900.000,-1,-1,2,0,2,0,2,0,0,0,0,2,0,0,2,2,0,2,2
80,3449.813,-5490.289,145.398,240.368,-0.497036,0.867239,-0.029177,-0.865702,-0.493296,0.084963,0.059290,0.067488,0.995957,0,0.86837,-0.44312,52.102,-0.886,-1,425.000,-1,425.000,-1,325.000,325.000,300.000,275.000,-1,700.000,650.000,-1,-1,900.000,-1,-1,2,0,2,0,2,0,0,0,0,2,0,0,2,2,0,2,2
81,3423.029,-5535.296,148.357,239.242,-0.513902,0.857322,-0.030053,-0.856027,-0.510215,0.083057,0.055874,0.068409,0.996092,0,0.87289,-0.56312,52.373,-1.126,-1,400.000,-1,400.000,-1,325.000,325.000,300.000,275.000,-1,825.000,775.000,-1,-1,900.000,-1,-1,2,0,2,0,2,0,0,0,0,2,0,0,2,2,0,2,2
82,3395.047,-5579.862,151.197,237.876,-0.534109,0.844843,-0.031110,-0.843811,-0.530467,0.081166,0.052070,0.069603,0.996215,0,0.87704,-0.68312,52.623,-1.366,-1,425.000,-1,400.000,-1,325.000,325.000,300.000,275.000,-1,950.000,900.000,-1,-1,900.000,-1,-1,2,0,2,0,2,0,0,0,0,2,0,0,2,2,0,2,2
83,3365.703,-5623.812,153.899,236.270,-0.557481,0.829559,-0.032359,-0.828809,-0.553884,0.079293,0.047855,0.071024,0.996326,0,0.88074,-0.80312,52.845,-1.606,-1,425.000,-1,400.000,-1,325.000,325.000,300.000,275.000,-1,-1,-1,-1,-1,900.000,-1,-1,2,0,2,0,2,0,0,0,0,2,2,2,2,2,0,2,2
84,3334.849,-5666.946,156.470,234.423,-0.583804,0.811195,-0.033684,-0.810740,-0.580260,0.077456,0.043286,0.072528,0.996427,0,0.88388,-0.92312,53.033,-1.846,-1,425.000,-1,400.000,-1,325.000,325.000,300.000,275.000,-1,-1,-1,-1,1000.000,900.000,-1,-1,2,0,2,0,2,0,0,0,0,2,2,2,2,1,0,2,2
85,3302.463,-5709.128,158.750,232.485,-0.610777,0.791108,-0.033164,-0.790805,-0.607371,0.075686,0.039733,0.072453,0.996580,0,0.88633,-0.96923,53.180,-1.938,-1,425.000,-1,400.000,-1,325.000,325.000,300.000,275.000,-1,-1,-1,-1,975.000,900.000,-1,-1,2,0,2,0,2,0,0,0,0,2,2,2,2,1,0,2,2
86,3268.611,-5750.279,160.778,230.559,-0.636890,0.770264,-0.032629,-0.770105,-0.633632,0.073816,0.036183,0.072140,0.996738,0,0.88807,-0.96306,53.284,-1.926,-1,425.000,-1,400.000,-1,350.000,325.000,300.000,275.000,-1,-1,-1,-1,950.000,900.000,-1,-1,2,0,2,0,2,0,0,0,0,2,2,2,2,1,0,2,2
87,3232.869,-5790.833,162.644,228.610,-0.662580,0.748288,-0.032454,-0.748292,-0.659467,0.071844,0.032358,0.071888,0.996888,0,0.90092,-0.97424,54.055,-1.948,975.000,450.000,-1,400.000,-1,350.000,325.000,300.000,275.000,-1,-1,-1,-1,950.000,900.000,-1,-1,1,0,2,0,2,0,0,0,0,2,2,2,2,1,0,2,2
88,3195.619,-5830.322,164.095,226.674,-0.687315,0.725633,-0.032496,-0.725836,-0.684433,0.068650,0.027574,0.070771,0.997111,0,0.90475,-0.96832,54.285,-1.937,925.000,450.000,-1,400.000,-1,350.000,325.000,300.000,275.000,-1,-1,-1,-1,925.000,900.000,-1,-1,1,0,2,0,2,0,0,0,0,2,2,2,2,1,0,2,2
89,3156.928,-5868.673,165.169,224.750,-0.711088,0.702338,-0.032772,-0.702753,-0.708494,0.064603,0.022154,0.068969,0.997373,0,0.90794,-0.96179,54.476,-1.924,900.000,450.000,-1,400.000,-1,350.000,325.000,300.000,275.000,-1,-1,-1,-1,925.000,875.000,-1,-1,1,0,2,0,2,0,0,0,0,2,2,2,2,1,0,2,2
90,3116.872,-5905.815,166.046,222.841,-0.733916,0.678423,-0.033308,-0.679030,-0.731588,0.060800,0.016880,0.067239,0.997594,0,0.91043,-0.95469,54.626,-1.909,900.000,450.000,-1,400.000,-1,350.000,325.000,300.000,275.000,-1,-1,-1,-1,925.000,850.000,-1,-1,1,0,2,0,2,0,0,0,0,2,2,2,2,1,0,2,2
91,3075.532,-5941.681,166.726,220.947,-0.755775,0.653944,-0.034067,-0.654725,-0.753695,0.057267,0.011773,0.065585,0.997778,0,0.91214,-0.94702,54.728,-1.894,900.000,425.000,-1,400.000,-1,350.000,325.000,300.000,275.000,-1,-1,-1,-1,950.000,850.000,-1,-1,1,0,2,0,2,0,0,0,0,2,2,2,2,1,0,2,2
92,3032.999,-5976.206,167.180,219.069,-0.776650,0.628959,-0.035008,-0.629894,-0.774792,0.054141,0.006928,0.064100,0.997919,0,0.91302,-0.93882,54.781,-1.878,1000.000,425.000,-1,400.000,-1,350.000,325.000,300.000,275.000,-1,-1,-1,-1,-1,825.000,-1,-1,1,0,2,0,2,0,0,0,0,2,2,2,2,2,0,2,2
93,2989.367,-6009.332,167.320,217.209,-0.796526,0.603527,-0.036080,-0.604600,-0.794868,0.051422,0.002356,0.062773,0.998025,0,0.91302,-0.93014,54.781,-1.860,-1,425.000,-1,400.000,-1,350.000,325.000,300.000,275.000,-1,-1,-1,-1,-1,800.000,-1,-1,2,0,2,0,2,0,0,0,0,2,2,2,2,2,0,2,2
94,2944.739,-6041.006,167.268,215.367,-0.815389,0.577714,-0.037245,-0.578910,-0.813928,0.048834,-0.002102,0.061381,0.998112,0,0.91209,-0.92103,54.726,-1.842,-1,425.000,-1,400.000,-1,350.000,325.000,300.000,275.000,-1,-1,-1,-1,-1,800.000,-1,-1,2,0,2,0,2,0,0,0,0,2,2,2,2,2,0,2,2
95,2899.218,-6071.183,167.028,213.543,-0.833236,0.551577,-0.038479,-0.552880,-0.831969,0.046384,-0.006429,0.059923,0.998182,0,0.91023,-0.91156,54.614,-1.823,-1,425.000,-1,400.000,-1,350.000,325.000,325.000,275.000,-1,-1,-1,-1,-1,775.000,-1,-1,2,0,2,0,2,0,0,0,0,2,2,2,2,2,0,2,2
96,2852.914,-6099.824,166.608,211.740,-0.850071,0.525165,-0.039758,-0.526561,-0.848994,0.044074,-0.010608,0.058401,0.998237,0,0.90743,-0.90181,54.446,-1.804,-1,425.000,-1,400.000,-1,350.000,325.000,325.000,275.000,-1,-1,-1,-1,1000.000,775.000,-1,-1,2,0,2,0,2,0,0,0,0,2,2,2,2,0,0,2,2
97,2805.933,-6126.898,166.014,209.956,-0.865900,0.498530,-0.041056,-0.500004,-0.865009,0.041905,-0.014623,0.056814,0.998278,0,0.90371,-0.89188,54.223,-1.784,-1,425.000,-1,400.000,-1,350.000,325.000,325.000,275.000,-1,-1,-1,-1,1000.000,750.000,-1,-1,2,0,2,0,2,0,0,0,0,2,2,2,2,0,0,2,2
98,2758.384,-6152.384,165.309,208.192,-0.880736,0.471736,-0.042054,-0.473242,-0.880066,0.039050,-0.018589,0.054294,0.998352,0,0.89913,-0.88187,53.948,-1.764,-1,425.000,-1,375.000,-1,325.000,325.000,325.000,275.000,-1,-1,-1,-1,975.000,750.000,-1,-1,2,0,2,0,2,0,0,0,0,2,2,2,2,0,0,2,2
99,2710.369,-6176.266,164.176,206.449,-0.894645,0.444829,-0.041681,-0.446261,-0.894198,0.035509,-0.021476,0.050368,0.998500,0,0.89376,-0.87190,53.626,-1.744,-1,425.000,-1,375.000,-1,325.000,325.000,325.000,275.000,-1,-1,-1,-1,950.000,750.000,-1,-1,2,0,2,0,2,0,0,0,0,2,2,2,2,0,0,2,2
100,2661.982,-6198.530,162.997,204.711,-0.907697,0.417592,-0.041262,-0.418935,-0.907451,0.032047,-0.024061,0.046375,0.998634,0,0.88771,-0.86878,53.263,-1.738,-1,425.000,-1,375.000,-1,325.000,325.000,300.000,275.000,-1,-1,-1,-1,925.000,750.000,-1,-1,2,0,2,0,2,0,0,0,0,2,2,2,2,0,0,2,2
101,2617.442,-6217.630,161.867,203.213,-0.918286,0.393796,-0.040936,-0.395052,-0.918201,0.028982,-0.026175,0.042785,0.998741,0,0.80771,-0.74878,48.463,-1.498,-1,425.000,-1,375.000,-1,325.000,325.000,300.000,300.000,-1,-1,-1,-1,925.000,750.000,-1,-1,2,0,2,0,2,0,0,0,0,2,2,2,2,0,0,2,2
102,2576.945,-6233.954,160.785,201.956,-0.926695,0.373597,-0.040766,-0.374775,-0.926741,0.026341,-0.027939,0.039688,0.998821,0,0.72771,-0.62878,43.663,-1.258,-1,425.000,-1,375.000,-1,325.000,325.000,300.000,300.000,-1,-1,-1,-1,900.000,750.000,-1,-1,2,0,2,0,2,0,0,0,0,2,2,2,2,0,0,2,2
103,2538.039,-6248.839,159.689,200.938,-0.933174,0.357119,-0.040656,-0.358221,-0.933331,0.023907,-0.029408,0.036873,0.998887,0,0.69426,-0.50878,41.656,-1.018,-1,400.000,-1,375.000,-1,325.000,325.000,300.000,300.000,-1,-1,-1,-1,-1,775.000,-1,-1,2,0,2,0,2,0,0,0,0,2,2,2,2,2,0,2,2
104,2499.232,-6263.086,158.556,200.161,-0.937930,0.344452,-0.040507,-0.345478,-0.938177,0.021647,-0.030546,0.034298,0.998945,0,0.68899,-0.38878,41.339,-0.778,-1,400.000,-1,375.000,-1,325.000,325.000,300.000,300.000,-1,-1,-1,-1,-1,775.000,-1,-1,2,0,2,0,2,0,0,0,0,2,2,2,2,2,0,2,2
105,2460.568,-6276.870,157.460,199.623,-0.941124,0.335657,-0.040254,-0.336617,-0.941432,0.019858,-0.031231,0.032239,0.998992,0,0.68413,-0.26878,41.048,-0.538,-1,400.000,-1,375.000,-1,325.000,325.000,300.000,300.000,-1,-1,-1,-1,-1,800.000,-1,-1,2,0,2,0,2,0,0,0,0,2,2,2,2,2,0,2,2
106,2422.075,-6290.351,156.326,199.302,-0.942994,0.330395,-0.040016,-0.331291,-0.943354,0.018133,-0.031758,0.030356,0.999035,0,0.67975,-0.16057,40.785,-0.321,-1,400.000,-1,375.000,-1,325.000,325.000,300.000,300.000,-1,-1,-1,-1,-1,800.000,-1,-1,2,0,2,0,2,0,0,0,0,2,2,2,2,2,0,2,2
107,2383.729,-6303.540,155.157,198.980,-0.944840,0.325110,-0.039767,-0.325942,-0.945246,0.016470,-0.032235,0.028523,0.999073,0,0.67584,-0.16089,40.551,-0.322,-1,400.000,-1,375.000,-1,325.000,325.000,300.000,300.000,-1,-1,-1,-1,-1,825.000,-1,-1,2,0,2,0,2,0,0,0,0,2,2,2,2,2,0,2,2
108,2345.527,-6316.438,153.954,198.657,-0.946663,0.319794,-0.039508,-0.320565,-0.947110,0.014866,-0.032664,0.026738,0.999109,0,0.67201,-0.16143,40.320,-0.323,-1,400.000,-1,375.000,-1,325.000,325.000,300.000,300.000,-1,-1,-1,-1,-1,850.000,-1,-1,2,0,2,0,2,0,0,0,0,2,2,2,2,2,0,2,2
109,2307.465,-6329.049,152.718,198.333,-0.948466,0.314440,-0.039238,-0.315151,-0.948948,0.013319,-0.033046,0.024998,0.999141,0,0.66828,-0.16221,40.097,-0.324,-1,400.000,-1,375.000,-1,325.000,325.000,300.000,300.000,-1,-1,-1,-1,-1,850.000,-1,-1,2,0,2,0,2,0,0,0,0,2,2,2,2,2,0,2,2
110,2269.537,-6341.377,151.450,198.007,-0.950250,0.309042,-0.038956,-0.309693,-0.950763,0.011827,-0.033383,0.023303,0.999171,0,0.66468,-0.16320,39.881,-0.326,-1,400.000,-1,400.000,-1,325.000,325.000,300.000,300.000,-1,-1,-1,-1,-1,875.000,-1,-1,2,0,2,0,2,0,0,0,0,2,2,2,2,2,0,2,2
111,2227.024,-6355.125,149.988,197.920,-0.950725,0.307620,-0.038629,-0.308209,-0.951264,0.010216,-0.033604,0.021618,0.999201,0,0.74468,-0.04320,44.681,-0.086,-1,400.000,-1,400.000,-1,325.000,325.000,300.000,300.000,-1,-1,-1,-1,-1,900.000,-1,-1,2,0,2,0,2,0,0,1,0,2,2,2,2,2,0,2,2
112,2181.207,-6370.077,148.349,198.074,-0.949905,0.310179,-0.038328,-0.310709,-0.950466,0.008595,-0.033764,0.020074,0.999228,0,0.80324,0.07680,48.195,0.154,-1,425.000,-1,400.000,-1,325.000,325.000,300.000,300.000,-1,-1,-1,-1,-1,-1,-1,-1,2,0,2,0,2,0,0,1,0,2,2,2,2,2,2,2,2
113,2135.645,-6385.274,146.641,198.446,-0.947874,0.316356,-0.038142,-0.316836,-0.948453,0.007141,-0.033917,0.018854,0.999247,0,0.80049,0.18615,48.030,0.372,-1,425.000,-1,425.000,-1,325.000,325.000,300.000,300.000,-1,-1,-1,-1,-1,-1,-1,-1,2,0,2,0,2,0,0,0,0,2,2,2,2,2,2,2,2
114,2090.304,-6400.721,144.891,198.814,-0.945826,0.322449,-0.037959,-0.322883,-0.946421,0.005773,-0.034064,0.017716,0.999263,0,0.79834,0.18403,47.901,0.368,-1,425.000,-1,425.000,-1,350.000,350.000,300.000,300.000,-1,-1,-1,-1,-1,-1,-1,-1,2,0,2,0,2,0,0,0,0,2,2,2,2,2,2,2,2
115,2045.171,-6416.418,143.150,199.178,-0.943761,0.328453,-0.037862,-0.328838,-0.944377,0.004258,-0.034358,0.016469,0.999274,0,0.79641,0.18173,47.784,0.363,-1,425.000,-1,425.000,-1,350.000,350.000,300.000,300.000,-1,-1,-1,-1,-1,-1,-1,-1,2,0,2,0,2,0,0,0,0,2,2,2,2,2,2,2,2
116,2000.235,-6432.363,141.090,199.536,-0.941633,0.334356,-0.039150,-0.334737,-0.942305,0.003427,-0.035745,0.016332,0.999227,0,0.79468,0.17925,47.681,0.359,-1,425.000,-1,425.000,-1,350.000,350.000,300.000,300.000,-1,-1,-1,-1,-1,-1,-1,-1,2,0,2,0,2,0,0,0,0,2,2,2,2,2,2,2,2
117,1955.483,-6448.553,138.803,199.889,-0.939462,0.340155,-0.041292,-0.340564,-0.940216,0.003080,-0.037776,0.016956,0.999142,0,0.79318,0.17660,47.591,0.353,-1,425.000,-1,425.000,-1,350.000,350.000,300.000,300.000,-1,-1,-1,-1,-1,-1,-1,-1,2,0,2,0,2,0,0,0,0,2,2,2,2,2,2,2,2
118,1906.283,-6466.559,136.263,200.101,-0.938092,0.343626,-0.043635,-0.344060,-0.938944,0.002639,-0.040064,0.017489,0.999044,0,0.87318,0.10591,52.391,0.212,-1,-1,-1,425.000,-1,350.000,350.000,325.000,300.000,-1,-1,-1,-1,-1,-1,-1,-1,2,2,2,0,2,0,0,0,0,2,2,2,2,2,2,2,2
119,1854.658,-6485.678,133.669,200.322,-0.936620,0.347234,-0.046589,-0.347716,-0.937597,0.002416,-0.042843,0.018463,0.998911,0,0.91752,0.11036,55.051,0.221,-1,-1,-1,425.000,-1,350.000,350.000,325.000,275.000,-1,-1,-1,-1,-1,-1,-1,-1,2,2,2,0,2,0,0,0,0,2,2,2,2,2,2,2,2
120,1802.850,-6505.102,130.629,200.553,-0.935023,0.351010,-0.050239,-0.351460,-0.936203,0.000141,-0.046984,0.017789,0.998737,0,0.92215,0.11533,55.329,0.231,-1,-1,-1,425.000,-1,350.000,350.000,325.000,275.000,-1,-1,-1,-1,-1,-1,-1,-1,2,2,2,0,2,0,0,0,0,2,2,2,2,2,2,2,2
121,1750.877,-6524.838,127.349,200.794,-0.933312,0.354957,-0.054170,-0.355318,-0.934740,-0.003140,-0.051750,0.016317,0.998527,0,0.92656,0.12061,55.594,0.241,-1,-1,-1,425.000,-1,350.000,350.000,325.000,300.000,1000.000,-1,-1,-1,-1,-1,-1,-1,2,2,2,0,2,0,0,0,0,1,2,2,2,2,2,2,2
122,1698.758,-6544.893,123.286,201.046,-0.931420,0.359096,-0.059225,-0.359147,-0.933226,-0.010155,-0.058917,0.011812,0.998193,0,0.93072,0.12625,55.843,0.252,-1,-1,-1,425.000,-1,325.000,325.000,300.000,300.000,975.000,-1,-1,-1,-1,-1,-1,-1,2,2,2,1,2,0,0,0,0,1,2,2,2,2,2,2,2
123,1646.516,-6565.272,118.720,201.311,-0.929361,0.363421,-0.064905,-0.362938,-0.931609,-0.019505,-0.067554,0.005429,0.997701,0,0.93458,0.13227,56.075,0.265,-1,-1,-1,-1,-1,325.000,325.000,300.000,300.000,975.000,-1,-1,-1,-1,-1,-1,-1,2,2,2,2,2,0,0,0,0,1,2,2,2,2,2,2,2
124,1594.176,-6585.984,113.616,201.588,-0.927127,0.367932,-0.071147,-0.366623,-0.929848,-0.031140,-0.077614,-0.002787,0.996980,0,0.93810,0.13873,56.286,0.277,-1,-1,-1,-1,-1,300.000,300.000,275.000,325.000,975.000,-1,-1,-1,-1,-1,-1,-1,2,2,2,2,2,0,0,0,0,1,2,2,2,2,2,2,2
125,1541.770,-6607.033,107.951,201.880,-0.924706,0.372626,-0.077905,-0.370113,-0.927893,-0.045071,-0.089082,-0.012844,0.995941,0,0.94122,0.14566,56.473,0.291,-1,-1,-1,-1,-1,275.000,-1,250.000,325.000,1000.000,-1,-1,-1,-1,-1,-1,-1,2,2,2,2,2,1,2,0,0,1,2,2,2,2,2,2,2
126,1489.330,-6628.425,101.743,202.186,-0.922087,0.377494,-0.085172,-0.373285,-0.925677,-0.061477,-0.102048,-0.024894,0.994468,0,0.94387,0.15311,56.632,0.306,-1,-1,-1,-1,-1,-1,-1,225.000,350.000,1000.000,-1,-1,-1,-1,-1,-1,-1,2,2,2,2,2,2,2,1,0,1,2,2,2,2,2,2,2
127,1436.895,-6650.165,94.971,202.508,-0.919266,0.382522,-0.092875,-0.376011,-0.923125,-0.080345,-0.116469,-0.038937,0.992431,0,0.94598,0.16113,56.759,0.322,-1,-1,-1,-1,-1,-1,-1,225.000,350.000,1000.000,-1,-1,-1,-1,-1,-1,-1,2,2,2,2,2,2,2,1,0,1,2,2,2,2,2,2,2
128,1384.509,-6672.252,87.014,202.848,-0.916305,0.387739,-0.100220,-0.378582,-0.920257,-0.099011,-0.130619,-0.052783,0.990027,0,0.94746,0.16977,56.848,0.340,-1,-1,-1,1000.000,-1,-1,-1,250.000,375.000,1000.000,-1,-1,-1,-1,-1,-1,-1,2,2,2,1,2,2,2,1,0,1,2,2,2,2,2,2,2
129,1332.211,-6694.677,74.111,203.206,-0.910657,0.393495,-0.125960,-0.381357,-0.917838,-0.110186,-0.158968,-0.052306,0.985897,0,0.94822,0.17909,56.893,0.358,-1,-1,-1,950.000,-1,-1,-1,250.000,325.000,-1,-1,-1,-1,-1,-1,-1,-1,2,2,2,1,2,2,2,1,0,2,2,2,2,2,2,2,2
130,1280.062,-6717.444,59.475,203.584,-0.903217,0.399602,-0.156583,-0.383915,-0.915348,-0.121441,-0.191856,-0.049573,0.980170,0,0.94814,0.18914,56.888,0.378,-1,-1,-1,875.000,-1,-1,950.000,275.000,275.000,-1,-1,-1,-1,-1,-1,-1,-1,2,2,2,1,2,2,1,1,0,2,2,2,2,2,2,2,2
131,1228.126,-6740.552,43.534,203.984,-0.894035,0.406035,-0.189305,-0.386082,-0.912655,-0.134170,-0.227248,-0.046865,0.972709,0,0.94710,0.19999,56.826,0.400,-1,-1,-1,800.000,925.000,950.000,875.000,300.000,225.000,-1,-1,-1,-1,-1,975.000,-1,-1,2,2,2,1,1,1,1,1,0,2,2,2,2,2,1,2,2
132,5574.772,-327.214,164.604,48.819,0.510988,-0.670978,0.537290,0.808774,0.587010,-0.036113,-0.291164,0.452999,0.842624,1,0.00000,0.00000,56.699,0.423,-1,-1,-1,-1,0.000,-1,-1,225.000,100.000,-1,-1,-1,-1,-1,-1,-1,0.000,2,2,2,2,1,2,2,1,0,2,2,2,2,2,2,2,1
133,-2292.182,-8202.350,-103.128,-41.972,0.744115,0.667638,-0.023508,-0.667732,0.742211,-0.057070,-0.020655,0.058164,0.998093,1,0.08000,0.12000,4.800,0.240,675.000,400.000,775.000,375.000,-1,325.000,325.000,350.000,275.000,-1,0.000,0.000,550.000,525.000,700.000,550.000,-1,1,0,1,0,2,0,0,0,0,2,1,1,1,1,0,1,2
134,-2284.990,-8208.708,-104.317,-41.492,0.749613,0.661332,-0.026844,-0.661658,0.747705,-0.056093,-0.017025,0.059810,0.998065,0,0.16000,0.24000,9.600,0.480,700.000,400.000,775.000,375.000,-1,325.000,325.000,350.000,275.000,-1,0.000,0.000,550.000,525.000,700.000,550.000,-1,1,0,1,0,2,0,0,0,0,2,1,1,1,1,0,1,2
135,-2274.083,-8218.110,-106.027,-40.772,0.757738,0.651793,-0.031603,-0.652452,0.755850,-0.054741,-0.011793,0.062099,0.998000,0,0.24000,0.36000,14.400,0.720,700.000,400.000,750.000,400.000,-1,325.000,325.000,350.000,275.000,-1,0.000,0.000,550.000,500.000,725.000,550.000,-1,1,1,1,0,2,0,0,0,0,2,1,1,1,1,0,1,2
136,-2259.388,-8230.466,-107.076,-40.054,0.765739,0.642356,-0.031982,-0.643095,0.764060,-0.051399,-0.008581,0.059926,0.998166,0,0.32000,0.35897,19.200,0.718,700.000,400.000,725.000,400.000,-1,325.000,325.000,325.000,275.000,-1,0.000,0.000,575.000,500.000,725.000,525.000,-1,1,1,1,0,2,0,0,0,0,2,1,1,1,1,0,1,2
137,-2240.832,-8245.686,-107.965,-39.353,0.773455,0.633117,-0.030504,-0.633824,0.772073,-0.046598,-0.005951,0.055376,0.998448,0,0.40000,0.35086,24.000,0.702,675.000,375.000,700.000,400.000,-1,325.000,325.000,325.000,275.000,-1,0.000,0.000,600.000,475.000,750.000,500.000,-1,1,1,1,0,2,0,0,0,0,2,1,1,1,1,0,1,2
