timestep,x_cm,y_cm,z_cm,yaw_deg,basis_xx,basis_xy,basis_xz,basis_yx,basis_yy,basis_yz,basis_zx,basis_zy,basis_zz,teleport_flag,throttle_cmd,steering_cmd,cmd_move_cm,cmd_turn_deg,lidar_cm_0,lidar_cm_1,lidar_cm_2,lidar_cm_3,lidar_cm_4,lidar_cm_5,lidar_cm_6,lidar_cm_7,lidar_cm_8,lidar_cm_9,lidar_cm_10,lidar_cm_11,lidar_cm_12,lidar_cm_13,lidar_cm_14,lidar_cm_15,lidar_cm_16,lidar_class_0,lidar_class_1,lidar_class_2,lidar_class_3,lidar_class_4,lidar_class_5,lidar_class_6,lidar_class_7,lidar_class_8,lidar_class_9,lidar_class_10,lidar_class_11,lidar_class_12,lidar_class_13,lidar_class_14,lidar_class_15,lidar_class_16
0,-5576.505,-8194.476,182.197,102.901,-0.222963,-0.974014,-0.039801,0.974795,-0.223101,-0.000999,-0.007906,-0.039021,0.999207,1,0.08000,0.12000,4.800,0.240,-1,400.000,-1,500.000,-1,350.000,375.000,250.000,350.000,-1,0.000,0.000,-1,900.000,-1,-1,-1,2,0,2,0,2,0,0,1,0,2,1,0,2,0,2,2,2
1,-5578.726,-8185.136,182.049,103.381,-0.231095,-0.972186,-0.038085,0.972889,-0.231271,0.000217,-0.009019,-0.037002,0.999274,0,0.16000,0.24000,9.600,0.480,-1,400.000,-1,500.000,-1,350.000,375.000,250.000,350.000,-1,0.000,0.000,-1,900.000,-1,-1,-1,2,0,2,0,2,0,0,1,0,2,1,0,2,0,2,2,2
2,-5582.233,-8171.170,181.816,104.101,-0.243271,-0.969305,-0.035605,0.969900,-0.243495,0.002018,-0.010626,-0.034043,0.999364,0,0.24000,0.36000,14.400,0.720,-1,400.000,-1,500.000,-1,350.000,375.000,250.000,350.000,-1,0.000,0.000,-1,875.000,-1,-1,-1,2,0,2,0,2,0,0,1,0,2,1,0,2,0,2,2,2
3,-5587.165,-8152.614,181.433,104.888,-0.256543,-0.965977,-0.032779,0.966451,-0.256815,0.004290,-0.012562,-0.030579,0.999453,0,0.32000,0.39352,19.200,0.787,-1,400.000,-1,500.000,-1,350.000,375.000,250.000,350.000,-1,0.000,0.000,-1,875.000,-1,-1,-1,2,0,2,0,2,0,0,1,0,2,1,0,2,0,2,2,2
4,-5593.645,-8129.506,180.882,105.667,-0.269630,-0.962504,-0.029769,0.962851,-0.269944,0.007007,-0.014780,-0.026774,0.999532,0,0.40000,0.38920,24.000,0.778,-1,400.000,-1,500.000,-1,350.000,375.000,225.000,350.000,-1,0.000,0.000,-1,875.000,-1,-1,-1,2,0,2,0,2,0,0,1,0,2,1,0,2,0,2,2,2
5,-5601.792,-8101.882,180.179,106.434,-0.282495,-0.958901,-0.026551,0.959112,-0.282841,0.010235,-0.017324,-0.022574,0.999595,0,0.48000,0.38374,28.800,0.767,-1,400.000,-1,475.000,-1,350.000,350.000,200.000,350.000,-1,0.000,0.000,-1,875.000,-1,-1,-1,2,0,2,0,2,0,0,0,0,2,1,0,2,0,2,2,2
6,-5611.720,-8069.782,179.358,107.188,-0.295106,-0.955186,-0.023069,0.955249,-0.295466,0.014094,-0.020278,-0.017878,0.999635,0,0.56000,0.37709,33.600,0.754,-1,400.000,-1,475.000,-1,350.000,350.000,225.000,350.000,-1,0.000,0.000,-1,850.000,-1,-1,-1,2,0,2,0,2,0,0,0,0,2,1,0,2,0,2,2,2
7,-5623.538,-8033.246,178.462,107.927,-0.307429,-0.951377,-0.019234,0.951274,-0.307775,0.018761,-0.023768,-0.012529,0.999639,0,0.64000,0.36917,38.400,0.738,-1,400.000,-1,475.000,-1,350.000,350.000,225.000,350.000,-1,0.000,0.000,-1,850.000,-1,-1,-1,2,0,2,0,2,0,0,0,0,2,1,0,2,0,2,2,2
8,-5637.349,-7992.313,177.550,108.646,-0.319435,-0.947491,-0.014927,0.947195,-0.319721,0.024480,-0.027967,-0.006319,0.999589,0,0.72000,0.35990,43.200,0.720,-1,400.000,-1,475.000,-1,325.000,350.000,225.000,350.000,-1,0.000,0.000,-1,850.000,-1,-1,-1,2,0,2,0,2,0,0,0,0,2,1,0,2,0,2,2,2
9,-5651.994,-7950.596,176.701,109.345,-0.331099,-0.943542,-0.010088,0.943037,-0.331252,0.030873,-0.032472,0.000709,0.999472,0,0.73687,0.34917,44.212,0.698,-1,400.000,-1,450.000,-1,325.000,350.000,250.000,325.000,-1,0.000,0.000,-1,850.000,-1,-1,-1,2,0,2,0,2,0,0,0,0,2,1,0,2,0,2,2,2
10,-5667.113,-7909.104,175.868,110.021,-0.342426,-0.939533,-0.004604,0.938790,-0.342343,0.038385,-0.037640,0.008822,0.999252,0,0.73600,0.33786,44.160,0.676,-1,400.000,-1,450.000,-1,325.000,350.000,250.000,325.000,-1,150.000,125.000,-1,825.000,1000.000,-1,-1,2,0,2,0,2,0,0,0,0,2,1,0,2,0,0,2,2
11,-5682.701,-7867.794,175.124,110.673,-0.353428,-0.935461,0.001310,0.934446,-0.352978,0.047086,-0.043585,0.017865,0.998890,0,0.73588,0.32626,44.153,0.653,-1,400.000,-1,425.000,-1,325.000,350.000,275.000,325.000,-1,625.000,625.000,-1,825.000,950.000,-1,-1,2,0,2,0,2,0,0,0,0,2,0,0,2,0,0,2,2
12,-5698.755,-7826.625,174.582,111.302,-0.364109,-0.931327,0.007426,0.930010,-0.363143,0.056646,-0.050060,0.027531,0.998367,0,0.73645,0.31437,44.187,0.629,-1,400.000,-1,425.000,-1,325.000,325.000,300.000,300.000,-1,-1,-1,-1,800.000,875.000,-1,-1,2,0,2,0,2,0,0,0,0,2,2,2,2,0,0,2,2
13,-5715.269,-7785.561,173.347,111.906,-0.374263,-0.927252,0.011481,0.925736,-0.372869,0.063104,-0.054232,0.034246,0.997941,0,0.73767,0.30220,44.260,0.604,-1,400.000,-1,400.000,-1,325.000,325.000,300.000,300.000,-1,-1,-1,-1,800.000,850.000,-1,-1,2,0,2,0,2,0,0,0,0,2,2,2,2,0,0,2,2
14,-5732.239,-7744.565,170.842,112.486,-0.383681,-0.923385,0.012176,0.921867,-0.382209,0.063850,-0.054304,0.035722,0.997885,0,0.73949,0.28975,44.370,0.580,-1,400.000,-1,400.000,-1,325.000,325.000,300.000,300.000,-1,-1,-1,-1,800.000,850.000,-1,-1,2,0,2,0,2,0,0,0,0,2,2,2,2,0,0,2,2
15,-5749.660,-7703.603,168.219,113.040,-0.392629,-0.919617,0.012171,0.918062,-0.391107,0.064791,-0.054822,0.036612,0.997825,0,0.74189,0.27703,44.513,0.554,-1,400.000,-1,400.000,-1,325.000,325.000,300.000,300.000,-1,-1,-1,-1,800.000,850.000,-1,-1,2,0,2,0,2,0,0,0,0,2,2,2,2,0,0,2,2
16,-5767.528,-7662.641,165.590,113.568,-0.401119,-0.915947,0.012043,0.914348,-0.399555,0.065751,-0.055413,0.037385,0.997763,0,0.74482,0.26402,44.689,0.528,-1,400.000,-1,400.000,-1,325.000,325.000,300.000,300.000,-1,-1,-1,-1,800.000,825.000,-1,-1,2,0,2,0,2,0,0,0,0,2,2,2,2,0,0,2,2
17,-5785.839,-7621.649,162.969,114.069,-0.409151,-0.912389,0.011879,0.910745,-0.407545,0.066707,-0.056022,0.038112,0.997702,0,0.74826,0.25075,44.896,0.501,-1,400.000,-1,400.000,-1,325.000,325.000,300.000,300.000,-1,-1,-1,-1,800.000,825.000,-1,-1,2,0,2,0,2,0,0,0,0,2,2,2,2,0,0,2,2
18,-5804.586,-7580.596,160.357,114.544,-0.416719,-0.908960,0.011680,0.907268,-0.415074,0.067659,-0.056651,0.038792,0.997640,0,0.75219,0.23719,45.132,0.474,-1,400.000,-1,400.000,-1,325.000,325.000,300.000,300.000,-1,-1,-1,-1,800.000,825.000,-1,-1,2,0,2,0,2,0,0,0,0,2,2,2,2,0,0,2,2
19,-5823.765,-7539.450,157.749,114.990,-0.423820,-0.905674,0.011446,0.903932,-0.422138,0.068607,-0.057304,0.039424,0.997578,0,0.75659,0.22335,45.396,0.447,-1,400.000,-1,400.000,-1,325.000,325.000,300.000,300.000,-1,-1,-1,-1,800.000,825.000,-1,-1,2,0,2,0,2,0,0,0,0,2,2,2,2,0,0,2,2
20,-5843.368,-7498.182,155.146,115.409,-0.430449,-0.902546,0.011177,0.900751,-0.428731,0.069552,-0.057982,0.040006,0.997516,0,0.76145,0.20923,45.687,0.418,-1,400.000,-1,400.000,-1,325.000,325.000,300.000,300.000,-1,-1,-1,-1,775.000,825.000,-1,-1,2,0,2,0,2,0,0,0,0,2,2,2,2,0,0,2,2
21,-5861.324,-7461.450,152.840,116.050,-0.440549,-0.897663,0.010859,0.895826,-0.438796,0.070387,-0.058419,0.040736,0.997461,0,0.68145,0.32073,40.887,0.641,-1,400.000,-1,400.000,-1,325.000,325.000,300.000,300.000,-1,-1,-1,-1,775.000,825.000,-1,-1,2,0,2,0,2,0,0,0,0,2,2,2,2,0,0,2,2
22,-5877.519,-7429.201,150.824,116.666,-0.450184,-0.892874,0.010529,0.890999,-0.448400,0.071113,-0.058774,0.041395,0.997413,0,0.60145,0.30773,36.087,0.615,-1,400.000,-1,400.000,-1,325.000,325.000,300.000,300.000,-1,-1,-1,-1,775.000,825.000,-1,-1,2,0,2,0,2,0,0,0,0,2,2,2,2,0,0,2,2
23,-5893.855,-7397.495,148.851,117.258,-0.459407,-0.888167,0.010169,0.886255,-0.457596,0.071820,-0.059135,0.042007,0.997366,0,0.59445,0.29619,35.667,0.592,-1,400.000,-1,400.000,-1,325.000,325.000,300.000,300.000,-1,-1,-1,-1,775.000,825.000,-1,-1,2,0,2,0,2,0,0,0,0,2,2,2,2,0,0,2,2
24,-5910.659,-7365.662,146.834,117.828,-0.468233,-0.883549,0.009973,0.881607,-0.466386,0.072483,-0.059391,0.042731,0.997320,0,0.59993,0.28472,35.996,0.569,-1,400.000,-1,400.000,-1,325.000,325.000,300.000,300.000,-1,-1,-1,-1,775.000,800.000,-1,-1,2,0,2,0,2,0,0,0,0,2,2,2,2,0,0,2,2
25,-5927.925,-7333.695,144.686,118.374,-0.476676,-0.879018,0.010343,0.877078,-0.474764,0.073037,-0.059290,0.043887,0.997276,0,0.60553,0.27310,36.332,0.546,-1,400.000,-1,400.000,-1,325.000,325.000,300.000,300.000,-1,-1,-1,-1,775.000,800.000,-1,-1,2,0,2,0,2,0,0,0,0,2,2,2,2,0,0,2,2
26,-5945.648,-7301.585,142.537,118.896,-0.484712,-0.874608,0.010682,0.872667,-0.482738,0.073600,-0.059214,0.044996,0.997231,0,0.61127,0.26130,36.676,0.523,-1,400.000,-1,400.000,-1,325.000,325.000,300.000,300.000,-1,-1,-1,-1,775.000,800.000,-1,-1,2,0,2,0,2,0,0,0,0,2,2,2,2,0,0,2,2
27,-5963.823,-7269.324,140.336,119.395,-0.492355,-0.870324,0.011060,0.868369,-0.490303,0.074419,-0.059346,0.046245,0.997166,0,0.61715,0.24934,37.029,0.499,-1,400.000,-1,400.000,-1,325.000,325.000,300.000,300.000,-1,-1,-1,-1,775.000,800.000,-1,-1,2,0,2,0,2,0,0,0,0,2,2,2,2,0,0,2,2
28,-5982.445,-7236.901,138.102,119.869,-0.499599,-0.866181,0.011463,0.864205,-0.497462,0.075369,-0.059581,0.047561,0.997090,0,0.62317,0.23720,37.390,0.474,-1,400.000,-1,400.000,-1,325.000,325.000,300.000,300.000,-1,-1,-1,-1,775.000,800.000,-1,-1,2,0,2,0,2,0,0,0,0,2,2,2,2,0,0,2,2
29,-6001.508,-7204.304,135.863,120.319,-0.506436,-0.862196,0.011836,0.860199,-0.504215,0.076321,-0.059835,0.048833,0.997013,0,0.62935,0.22488,37.761,0.450,-1,400.000,-1,400.000,-1,325.000,325.000,300.000,300.000,-1,-1,-1,-1,775.000,775.000,-1,-1,2,0,2,0,2,0,0,0,0,2,2,2,2,0,0,2,2
30,-6021.007,-7171.524,133.618,120.744,-0.512865,-0.858383,0.012182,0.856362,-0.510561,0.077272,-0.060109,0.050063,0.996936,0,0.63569,0.21237,38.141,0.425,-1,400.000,-1,400.000,-1,325.000,325.000,300.000,300.000,-1,-1,-1,-1,750.000,775.000,-1,-1,2,0,2,0,2,0,0,0,0,2,2,2,2,0,0,2,2
31,-6040.935,-7138.546,131.367,121.143,-0.518886,-0.854752,0.012502,0.852707,-0.516500,0.078222,-0.060403,0.051248,0.996858,0,0.64219,0.19966,38.532,0.399,-1,400.000,-1,400.000,-1,325.000,325.000,300.000,300.000,-1,-1,-1,-1,750.000,775.000,-1,-1,2,0,2,0,2,0,0,0,0,2,2,2,2,0,0,2,2
32,-6061.287,-7105.357,129.011,121.517,-0.524472,-0.851334,0.012626,0.849282,-0.522041,0.078703,-0.060411,0.052000,0.996818,0,0.64887,0.18676,38.932,0.374,-1,400.000,-1,400.000,-1,325.000,325.000,300.000,300.000,-1,-1,-1,-1,750.000,775.000,-1,-1,2,0,2,0,2,0,0,0,0,2,2,2,2,0,0,2,2
33,-6082.057,-7071.942,126.611,121.864,-0.529639,-0.848129,0.012669,0.846075,-0.527176,0.079006,-0.060328,0.052563,0.996794,0,0.65573,0.17365,39.344,0.347,-1,400.000,-1,400.000,-1,325.000,325.000,300.000,300.000,-1,-1,-1,-1,750.000,750.000,-1,-1,2,0,2,0,2,0,0,0,0,2,2,2,2,0,0,2,2
34,-6103.239,-7038.287,124.200,122.185,-0.534391,-0.845142,0.012695,0.843086,-0.531899,0.079302,-0.060269,0.053081,0.996770,0,0.66278,0.16032,39.767,0.321,-1,400.000,-1,400.000,-1,325.000,325.000,300.000,300.000,-1,-1,-1,-1,750.000,750.000,-1,-1,2,0,2,0,2,0,0,0,0,2,2,2,2,0,0,2,2
35,-6124.220,-7005.115,121.819,122.313,-0.536299,-0.843933,0.012664,0.841863,-0.533789,0.079595,-0.060413,0.053348,0.996747,0,0.65416,0.06437,39.250,0.129,-1,400.000,-1,400.000,-1,325.000,325.000,300.000,300.000,-1,-1,-1,-1,750.000,750.000,-1,-1,2,0,2,0,2,0,0,0,0,2,2,2,2,0,0,2,2
36,-6145.489,-6971.620,119.408,122.415,-0.537806,-0.842975,0.012561,0.840887,-0.535283,0.079889,-0.060621,0.053527,0.996725,0,0.66129,0.05089,39.678,0.102,-1,400.000,-1,400.000,-1,325.000,325.000,300.000,300.000,-1,-1,-1,-1,750.000,750.000,-1,-1,2,0,2,0,2,0,0,0,0,2,2,2,2,0,0,2,2
37,-6167.040,-6937.778,116.982,122.490,-0.538907,-0.842273,0.012475,0.840165,-0.536371,0.080177,-0.060840,0.053689,0.996703,0,0.66868,0.03717,40.121,0.074,-1,400.000,-1,400.000,-1,325.000,325.000,300.000,300.000,-1,-1,-1,-1,750.000,750.000,-1,-1,2,0,2,0,2,0,0,0,0,2,2,2,2,0,0,2,2
38,-6188.866,-6903.567,114.535,122.536,-0.539596,-0.841833,0.012398,0.839708,-0.537049,0.080431,-0.061051,0.053811,0.996683,0,0.67634,0.02318,40.580,0.046,-1,400.000,-1,400.000,-1,325.000,325.000,300.000,300.000,-1,-1,-1,-1,750.000,725.000,-1,-1,2,0,2,0,2,0,0,0,0,2,2,2,2,0,0,2,2
39,-6210.958,-6868.961,112.065,122.554,-0.539864,-0.841662,0.012332,0.839520,-0.537309,0.080652,-0.061256,0.053895,0.996666,0,0.68428,0.00893,41.057,0.018,-1,400.000,-1,400.000,-1,325.000,325.000,300.000,300.000,-1,-1,-1,-1,725.000,725.000,-1,-1,2,0,2,0,2,0,0,0,0,2,2,2,2,0,0,2,2
40,-6233.309,-6833.934,109.573,122.543,-0.539706,-0.841764,0.012284,0.839607,-0.537143,0.080856,-0.061463,0.053952,0.996650,0,0.69250,-0.00560,41.550,-0.011,-1,375.000,-1,400.000,-1,325.000,325.000,300.000,300.000,-1,-1,-1,-1,725.000,725.000,-1,-1,2,0,2,0,2,0,0,0,0,2,2,2,2,0,0,2,2
41,-6255.910,-6798.460,107.056,122.502,-0.539112,-0.842145,0.012254,0.839973,-0.536542,0.081040,-0.061673,0.053983,0.996635,0,0.70103,-0.02042,42.062,-0.041,-1,375.000,-1,400.000,-1,325.000,325.000,300.000,300.000,-1,-1,-1,-1,725.000,725.000,-1,-1,2,0,2,0,2,0,0,0,0,2,2,2,2,0,0,2,2
42,-6278.751,-6762.511,104.512,122.431,-0.538073,-0.842810,0.012246,0.840623,-0.535497,0.081212,-0.061888,0.053992,0.996622,0,0.70986,-0.03553,42.592,-0.071,-1,375.000,-1,375.000,-1,325.000,325.000,300.000,300.000,-1,-1,-1,-1,725.000,725.000,-1,-1,2,0,2,0,2,0,0,0,0,2,2,2,2,0,0,2,2
43,-6301.822,-6726.057,101.885,122.329,-0.536587,-0.843752,0.012521,0.841569,-0.533992,0.081324,-0.061931,0.054175,0.996609,0,0.71902,-0.05094,43.141,-0.102,-1,375.000,-1,375.000,-1,325.000,325.000,300.000,300.000,-1,-1,-1,-1,700.000,700.000,-1,-1,2,0,2,0,2,0,0,0,0,2,2,2,2,0,0,2,2
44,-6325.111,-6689.068,99.194,122.195,-0.534640,-0.844980,0.012980,0.842812,-0.532019,0.081383,-0.061862,0.054451,0.996598,0,0.72851,-0.06668,43.710,-0.133,-1,375.000,-1,375.000,-1,325.000,325.000,300.000,300.000,-1,-1,-1,-1,700.000,700.000,-1,-1,2,0,2,0,2,0,0,0,0,2,2,2,2,0,0,2,2
45,-6348.607,-6651.512,96.475,122.030,-0.532215,-0.846502,0.013451,0.844351,-0.529570,0.081405,-0.061786,0.054683,0.996590,0,0.73834,-0.08273,44.300,-0.165,-1,375.000,-1,375.000,-1,325.000,325.000,300.000,300.000,-1,-1,-1,-1,700.000,700.000,-1,-1,2,0,2,0,2,0,0,0,0,2,2,2,2,0,0,2,2
46,-6372.241,-6613.448,93.813,121.837,-0.529364,-0.848282,0.013803,0.846166,-0.526725,0.081022,-0.061459,0.054570,0.996617,0,0.74674,-0.09629,44.805,-0.193,-1,375.000,-1,375.000,-1,325.000,300.000,300.000,300.000,-1,-1,-1,-1,700.000,700.000,-1,-1,2,0,2,0,2,0,0,0,0,2,2,2,2,0,0,2,2
47,-6395.748,-6575.305,91.213,121.645,-0.526492,-0.850063,0.014072,0.847993,-0.523880,0.080359,-0.060938,0.054242,0.996667,0,0.74674,-0.09629,44.805,-0.193,-1,375.000,-1,375.000,-1,300.000,300.000,300.000,300.000,-1,-1,-1,-1,700.000,700.000,-1,-1,2,0,2,0,2,0,0,0,0,2,2,2,2,0,0,2,2
48,-6419.127,-6537.083,88.621,121.452,-0.523613,-0.851836,0.014339,0.849814,-0.521030,0.079646,-0.060375,0.053889,0.996720,0,0.74674,-0.09629,44.805,-0.193,-1,375.000,-1,375.000,-1,300.000,300.000,300.000,325.000,-1,-1,-1,-1,700.000,700.000,-1,-1,2,0,2,0,2,0,0,0,0,2,2,2,2,0,0,2,2
49,-6442.376,-6498.783,86.039,121.260,-0.520725,-0.853599,0.014601,0.851630,-0.518174,0.078884,-0.059769,0.053512,0.996777,0,0.74674,-0.09629,44.805,-0.193,-1,375.000,-1,375.000,-1,300.000,300.000,300.000,325.000,-1,-1,-1,-1,700.000,700.000,-1,-1,2,0,2,0,2,0,0,0,0,2,2,2,2,0,0,2,2
50,-6465.497,-6460.405,83.455,121.067,-0.517827,-0.855357,0.014842,0.853442,-0.515314,0.078022,-0.059088,0.053069,0.996841,0,0.74674,-0.09629,44.805,-0.193,-1,375.000,-1,375.000,-1,300.000,300.000,300.000,325.000,-1,-1,-1,-1,675.000,675.000,-1,-1,2,0,2,0,2,0,0,0,0,2,2,2,2,0,0,2,2
51,-6490.774,-6417.723,80.580,120.635,-0.511319,-0.859259,0.015074,0.857401,-0.508863,0.076950,-0.058450,0.052270,0.996921,0,0.82674,-0.21629,49.605,-0.433,-1,375.000,-1,375.000,-1,300.000,300.000,300.000,325.000,-1,-1,-1,-1,675.000,675.000,-1,-1,2,0,2,0,2,0,0,0,0,2,2,2,2,0,0,2,2
52,-6516.986,-6372.252,77.576,119.962,-0.501165,-0.865213,0.015528,0.863418,-0.498765,0.075788,-0.057828,0.051389,0.997003,0,0.87476,-0.33629,52.485,-0.673,-1,375.000,-1,375.000,-1,300.000,300.000,300.000,325.000,-1,-1,-1,-1,675.000,675.000,-1,-1,2,0,2,0,2,0,0,0,0,2,2,2,2,0,0,2,2
53,-6542.471,-6326.369,74.738,119.049,-0.487314,-0.873063,0.016905,0.871376,-0.484930,0.074476,-0.056824,0.051023,0.997080,0,0.87476,-0.45629,52.485,-0.913,-1,375.000,-1,375.000,-1,300.000,300.000,300.000,325.000,-1,-1,-1,-1,675.000,675.000,-1,-1,2,0,2,0,2,0,0,0,0,2,2,2,2,0,0,2,2
54,-6567.027,-6279.982,71.880,117.897,-0.469645,-0.882666,0.018282,0.881077,-0.467284,0.073136,-0.056012,0.050456,0.997154,0,0.87476,-0.57629,52.485,-1.153,-1,375.000,-1,375.000,-1,300.000,300.000,300.000,300.000,-1,-1,-1,-1,700.000,675.000,-1,-1,2,0,2,0,2,0,0,0,0,2,2,2,2,0,0,2,2
55,-6590.449,-6233.013,68.988,116.504,-0.448042,-0.893796,0.019646,0.892295,-0.445712,0.071766,-0.055387,0.049685,0.997228,0,0.87476,-0.69629,52.485,-1.393,-1,375.000,-1,375.000,-1,300.000,300.000,300.000,300.000,-1,-1,950.000,-1,675.000,675.000,-1,-1,2,0,2,0,2,0,0,0,0,2,2,0,2,0,0,2,2
56,-6612.524,-6185.395,66.049,114.872,-0.422381,-0.906175,0.020996,0.904752,-0.420087,0.070359,-0.054937,0.048715,0.997301,0,0.87476,-0.81629,52.485,-1.633,-1,375.000,-1,375.000,-1,300.000,300.000,300.000,300.000,-1,825.000,775.000,-1,675.000,675.000,-1,-1,2,0,2,0,2,0,0,0,0,2,0,0,2,0,0,2,2
57,-6633.030,-6137.081,63.055,112.999,-0.392524,-0.919472,0.022289,0.918115,-0.390274,0.068922,-0.054673,0.047517,0.997373,0,0.87476,-0.93629,52.485,-1.873,-1,375.000,-1,375.000,-1,300.000,300.000,325.000,300.000,-1,725.000,625.000,-1,675.000,675.000,-1,-1,2,0,2,0,2,0,0,0,0,2,0,0,2,0,0,2,2
58,-6651.838,-6088.081,60.001,110.999,-0.360171,-0.932590,0.023510,0.931293,-0.357970,0.067458,-0.054495,0.046191,0.997445,0,0.87476,-1.00000,52.485,-2.000,-1,375.000,-1,375.000,-1,300.000,300.000,325.000,300.000,-1,650.000,550.000,-1,675.000,675.000,-1,-1,2,0,2,0,2,0,0,0,0,2,0,0,2,0,0,2,2
59,-6668.924,-6038.454,56.885,108.999,-0.327377,-0.944572,0.024656,0.943332,-0.325225,0.065977,-0.054302,0.044858,0.997516,0,0.87476,-1.00000,52.485,-2.000,-1,375.000,-1,375.000,-1,300.000,300.000,325.000,300.000,-1,600.000,525.000,-1,675.000,675.000,-1,-1,2,0,2,0,2,0,0,0,0,2,0,0,2,0,0,2,2
60,-6684.268,-5988.261,53.741,106.999,-0.294177,-0.955408,0.025588,0.954214,-0.292080,0.064541,-0.054189,0.043403,0.997587,0,0.87476,-1.00000,52.485,-2.000,-1,375.000,-1,375.000,-1,300.000,300.000,300.000,300.000,-1,575.000,525.000,-1,675.000,675.000,-1,-1,2,0,2,0,2,0,0,0,0,2,0,0,2,0,0,2,2
61,-6697.850,-5937.564,50.744,104.999,-0.260577,-0.965111,0.025694,0.963935,-0.258583,0.062962,-0.054121,0.041173,0.997685,0,0.87476,-1.00000,52.485,-2.000,-1,375.000,-1,375.000,-1,300.000,300.000,300.000,300.000,-1,575.000,525.000,-1,675.000,675.000,-1,-1,2,0,2,0,2,0,0,0,0,2,0,0,2,0,0,2,2
62,-6709.655,-5886.423,47.892,102.999,-0.226609,-0.973661,0.025170,0.972513,-0.224770,0.060803,-0.053544,0.038257,0.997832,0,0.87476,-1.00000,52.485,-2.000,-1,375.000,-1,375.000,-1,300.000,300.000,300.000,325.000,-1,550.000,500.000,-1,675.000,675.000,-1,-1,2,0,2,0,2,0,0,0,0,2,0,0,2,0,0,2,2
63,-6719.668,-5834.901,45.156,100.999,-0.192405,-0.980994,0.025124,0.979869,-0.190669,0.059172,-0.053257,0.036003,0.997932,0,0.87476,-1.00000,52.485,-2.000,-1,375.000,-1,375.000,-1,300.000,300.000,300.000,325.000,-1,575.000,525.000,-1,675.000,675.000,-1,-1,2,0,2,0,2,0,0,0,0,2,0,0,2,0,0,2,2
64,-6727.877,-5783.062,42.759,98.999,-0.158033,-0.987074,0.026647,0.986042,-0.156320,0.057323,-0.052417,0.035334,0.998000,0,0.87476,-1.00000,52.485,-2.000,-1,375.000,-1,375.000,-1,300.000,300.000,300.000,325.000,-1,575.000,525.000,-1,675.000,675.000,-1,-1,2,0,2,0,2,0,0,0,0,2,0,0,2,0,0,2,2
65,-6734.273,-5730.968,40.305,96.999,-0.123465,-0.991953,0.028041,0.991007,-0.121780,0.055454,-0.051593,0.034635,0.998067,0,0.87476,-1.00000,52.485,-2.000,-1,375.000,-1,375.000,-1,300.000,300.000,300.000,325.000,-1,575.000,525.000,-1,675.000,675.000,-1,-1,2,0,2,0,2,0,0,0,0,2,0,0,2,0,0,2,2
66,-6738.846,-5678.682,37.794,94.999,-0.088743,-0.995623,0.029307,0.994759,-0.087089,0.053575,-0.050789,0.033907,0.998134,0,0.87476,-1.00000,52.485,-2.000,-1,375.000,-1,375.000,-1,300.000,300.000,300.000,325.000,-1,600.000,525.000,-1,675.000,675.000,-1,-1,2,0,2,0,2,0,0,0,0,2,0,0,2,0,0,2,2
67,-6741.592,-5626.268,35.226,92.999,-0.053910,-0.998082,0.030445,0.997293,-0.052290,0.051694,-0.050003,0.033149,0.998199,0,0.87476,-1.00000,52.485,-2.000,-1,375.000,-1,375.000,-1,300.000,300.000,325.000,325.000,-1,600.000,525.000,-1,675.000,675.000,-1,-1,2,0,2,0,2,0,0,0,0,2,0,0,2,0,0,2,2
68,-6742.506,-5573.791,32.598,90.999,-0.019008,-0.999324,0.031456,0.998606,-0.017427,0.049817,-0.049236,0.032359,0.998263,0,0.87476,-1.00000,52.485,-2.000,-1,375.000,-1,375.000,-1,300.000,325.000,325.000,325.000,-1,600.000,550.000,-1,650.000,675.000,-1,-1,2,0,2,0,2,0,0,0,0,2,0,0,2,0,0,2,2
69,-6741.589,-5521.313,29.912,88.999,0.015919,-0.999350,0.032342,0.998697,0.017460,0.047953,-0.048487,0.031536,0.998326,0,0.87476,-1.00000,52.485,-2.000,-1,375.000,-1,375.000,-1,300.000,325.000,300.000,325.000,-1,625.000,550.000,-1,650.000,675.000,-1,-1,2,0,2,0,2,0,0,0,0,2,0,0,2,0,0,2,2
70,-6738.841,-5468.900,27.165,86.999,0.050829,-0.998159,0.033104,0.997565,0.052328,0.046108,-0.047756,0.030679,0.998388,0,0.87476,-1.00000,52.485,-2.000,-1,375.000,-1,375.000,-1,300.000,325.000,300.000,325.000,-1,625.000,550.000,-1,650.000,675.000,-1,-1,2,0,2,0,2,0,0,0,0,2,0,0,2,0,0,2,2
71,-6734.266,-5416.614,24.358,84.999,0.085679,-0.995751,0.033744,0.995212,0.087134,0.044289,-0.047041,0.029788,0.998449,0,0.87476,-1.00000,52.485,-2.000,-1,375.000,-1,375.000,-1,300.000,300.000,300.000,300.000,-1,650.000,550.000,-1,650.000,675.000,-1,-1,2,0,2,0,2,0,0,0,0,2,0,0,2,0,0,2,2
72,-6727.868,-5364.520,21.490,82.999,0.120427,-0.992131,0.034266,0.991640,0.121835,0.042500,-0.046340,0.028861,0.998509,0,0.87476,-1.00000,52.485,-2.000,-1,375.000,-1,375.000,-1,300.000,300.000,300.000,300.000,-1,650.000,575.000,-1,650.000,675.000,-1,-1,2,0,2,0,2,0,0,0,0,2,0,0,2,0,0,2,2
73,-6719.656,-5312.681,18.560,80.999,0.155029,-0.987301,0.034671,0.986854,0.156390,0.040748,-0.045653,0.027898,0.998568,0,0.87476,-1.00000,52.485,-2.000,-1,375.000,-1,375.000,-1,300.000,300.000,300.000,300.000,-1,650.000,525.000,-1,650.000,675.000,-1,-1,2,0,2,0,2,0,0,0,0,2,0,0,2,0,0,2,2
74,-6709.641,-5261.160,16.031,78.999,0.189352,-0.981217,0.036850,0.980868,0.190746,0.038914,-0.045212,0.028776,0.998563,0,0.87476,-1.00000,52.485,-2.000,-1,375.000,-1,375.000,-1,300.000,300.000,300.000,300.000,-1,675.000,525.000,-1,650.000,675.000,-1,-1,2,0,2,0,2,0,0,0,0,2,0,0,2,0,0,2,2
75,-6697.834,-5210.020,13.701,76.999,0.223421,-0.973907,0.039842,0.973715,0.224861,0.036284,-0.044296,0.030688,0.998547,0,0.87476,-1.00000,52.485,-2.000,-1,375.000,-1,375.000,-1,300.000,300.000,300.000,300.000,-1,675.000,525.000,-1,650.000,675.000,-1,-1,2,0,2,0,2,0,0,0,0,2,0,0,2,0,0,2,2
76,-6684.249,-5159.323,11.663,74.999,0.257266,-0.965457,0.041324,0.965339,0.258711,0.034478,-0.043978,0.031022,0.998551,0,0.87476,-1.00000,52.485,-2.000,-1,375.000,-1,375.000,-1,300.000,300.000,325.000,300.000,-1,725.000,550.000,-1,650.000,675.000,-1,-1,2,0,2,0,2,0,0,0,0,2,0,0,2,0,0,2,2
77,-6668.903,-5109.131,9.863,72.999,0.290881,-0.955863,0.041391,0.955800,0.292254,0.032154,-0.042831,0.030209,0.998626,0,0.87476,-1.00000,52.485,-2.000,-1,375.000,-1,375.000,-1,300.000,300.000,325.000,300.000,-1,725.000,575.000,-1,650.000,675.000,-1,-1,2,0,2,0,2,0,0,0,0,2,0,0,2,0,0,2,2
78,-6651.814,-5059.506,8.004,70.999,0.324144,-0.945106,0.041309,0.945090,0.325444,0.029867,-0.041671,0.029360,0.998700,0,0.87476,-1.00000,52.485,-2.000,-1,375.000,-1,375.000,-1,300.000,300.000,325.000,300.000,-1,725.000,575.000,-1,650.000,675.000,-1,-1,2,0,2,0,2,0,0,0,0,2,0,0,2,0,0,2,2
79,-6633.004,-5010.507,6.088,68.999,0.357012,-0.933196,0.041081,0.933222,0.358238,0.027621,-0.040493,0.028476,0.998774,0,0.87476,-1.00000,52.485,-2.000,-1,375.000,-1,375.000,-1,300.000,300.000,300.000,300.000,-1,725.000,575.000,-1,650.000,675.000,-1,-1,2,0,2,0,2,0,0,0,0,2,0,0,2,0,0,2,2
80,-6612.495,-4962.194,4.114,66.999,0.389447,-0.920149,0.040707,0.920210,0.390598,0.025421,-0.039292,0.027559,0.998848,0,0.87476,-1.00000,52.485,-2.000,-1,375.000,-1,375.000,-1,300.000,300.000,300.000,300.000,-1,725.000,575.000,-1,650.000,700.000,-1,-1,2,0,2,0,2,0,0,0,0,2,0,0,2,0,0,2,2
81,-6590.313,-4914.627,2.087,64.999,0.421409,-0.905980,0.040184,0.906072,0.422484,0.023270,-0.038059,0.026603,0.998921,0,0.87476,-1.00000,52.485,-2.000,-1,375.000,-1,375.000,-1,300.000,300.000,300.000,300.000,-1,725.000,600.000,-1,650.000,700.000,-1,-1,2,0,2,0,2,0,0,0,0,2,0,0,2,0,0,2,2
82,-6568.842,-4872.049,0.289,63.239,0.449135,-0.892604,0.039178,0.892713,0.450124,0.021275,-0.036625,0.025420,0.999006,0,0.79476,-0.88000,47.685,-1.760,-1,375.000,-1,375.000,-1,300.000,325.000,300.000,300.000,-1,700.000,600.000,-1,675.000,700.000,-1,-1,2,0,2,0,2,0,0,0,0,2,0,0,2,0,0,2,2
83,-6548.522,-4834.283,-1.361,61.719,0.472742,-0.880373,0.038184,0.880494,0.473655,0.019538,-0.035287,0.024385,0.999080,0,0.71476,-0.76000,42.885,-1.520,-1,375.000,-1,375.000,-1,300.000,325.000,300.000,300.000,-1,700.000,575.000,-1,675.000,700.000,-1,-1,2,0,2,0,2,0,0,0,0,2,0,0,2,0,0,2,2
84,-6529.733,-4801.155,-2.851,60.439,0.492367,-0.869591,0.037238,0.869722,0.493213,0.018038,-0.034052,0.023505,0.999144,0,0.63476,-0.64000,38.085,-1.280,-1,375.000,-1,375.000,-1,325.000,325.000,300.000,300.000,-1,700.000,575.000,-1,675.000,700.000,-1,-1,2,0,2,0,2,0,0,0,0,2,0,0,2,0,0,2,2
85,-6511.608,-4770.509,-4.184,59.399,0.508120,-0.860504,0.036698,0.860651,0.508920,0.016715,-0.033060,0.023090,0.999187,0,0.59342,-0.52000,35.605,-1.040,-1,375.000,-1,375.000,-1,325.000,325.000,300.000,300.000,-1,700.000,575.000,-1,675.000,700.000,-1,-1,2,0,2,0,2,0,0,0,0,2,0,0,2,0,0,2,2
86,-6493.057,-4740.118,-5.354,58.599,0.520095,-0.853305,0.037032,0.853489,0.520879,0.015501,-0.032516,0.023545,0.999194,0,0.59342,-0.40000,35.605,-0.800,-1,375.000,-1,375.000,-1,300.000,325.000,300.000,300.000,-1,700.000,550.000,-1,675.000,700.000,-1,-1,2,0,2,0,2,0,0,0,0,2,0,0,2,0,0,2,2
87,-6474.210,-4709.910,-6.555,58.039,0.528425,-0.848163,0.037237,0.848385,0.529188,0.014236,-0.031780,0.024069,0.999205,0,0.59342,-0.28000,35.605,-0.560,-1,375.000,-1,375.000,-1,300.000,325.000,300.000,300.000,-1,675.000,550.000,-1,675.000,700.000,-1,-1,2,0,2,0,2,0,0,0,0,2,0,0,2,0,0,2,2
88,-6455.194,-4679.808,-7.760,57.719,0.533170,-0.845180,0.037418,0.845445,0.533908,0.012873,-0.030858,0.024771,0.999217,0,0.59342,-0.16000,35.605,-0.320,-1,375.000,-1,375.000,-1,300.000,325.000,300.000,300.000,-1,650.000,525.000,-1,675.000,700.000,-1,-1,2,0,2,0,2,0,0,0,0,2,0,0,2,0,0,2,2
89,-6436.137,-4649.732,-8.854,57.639,0.534371,-0.844405,0.037800,0.844739,0.535069,0.010877,-0.029410,0.026119,0.999226,0,0.59342,-0.04000,35.605,-0.080,-1,375.000,-1,375.000,-1,300.000,325.000,300.000,300.000,-1,600.000,500.000,-1,675.000,700.000,-1,-1,2,0,2,0,2,0,0,0,0,2,0,0,2,0,0,2,2
90,-6417.164,-4619.604,-9.953,57.799,0.532033,-0.845861,0.038204,0.846266,0.532687,0.008827,-0.027818,0.027635,0.999231,0,0.59342,0.08000,35.605,0.160,-1,375.000,-1,375.000,-1,300.000,325.000,300.000,300.000,-1,575.000,475.000,-1,675.000,700.000,-1,-1,2,0,2,0,2,0,0,0,0,2,0,0,2,0,0,2,2
91,-6398.401,-4589.343,-11.053,58.199,0.526140,-0.849518,0.038663,0.849998,0.526743,0.006725,-0.026079,0.029325,0.999230,0,0.59342,0.20000,35.605,0.400,-1,375.000,-1,375.000,-1,300.000,325.000,300.000,300.000,-1,525.000,450.000,-1,675.000,700.000,-1,-1,2,0,2,0,2,0,0,0,0,2,0,0,2,0,0,2,2
92,-6379.978,-4558.875,-12.152,58.839,0.516647,-0.855301,0.039205,0.855857,0.517192,0.004573,-0.024188,0.031191,0.999221,0,0.59342,0.32000,35.605,0.640,-1,375.000,-1,375.000,-1,300.000,325.000,300.000,300.000,-1,500.000,425.000,-1,700.000,700.000,-1,-1,2,0,2,0,2,0,0,0,0,2,0,0,2,0,0,2,2
93,-6362.026,-4528.127,-13.249,59.719,0.503481,-0.863086,0.039864,0.863723,0.503962,0.002375,-0.022140,0.033235,0.999202,0,0.59342,0.44000,35.605,0.880,-1,375.000,-1,375.000,-1,300.000,325.000,300.000,300.000,-1,475.000,400.000,-1,700.000,700.000,-1,-1,2,0,2,0,2,0,0,0,0,2,0,0,2,0,0,2,2
94,-6344.677,-4497.035,-14.092,60.839,0.486537,-0.872733,0.040228,0.873416,0.486974,0.001227,-0.020661,0.034538,0.999190,0,0.59342,0.56000,35.605,1.120,-1,375.000,-1,375.000,-1,300.000,300.000,300.000,300.000,-1,475.000,400.000,-1,700.000,700.000,-1,-1,2,0,2,0,2,0,0,0,0,2,0,0,2,0,0,2,2
95,-6328.071,-4465.539,-14.822,62.199,0.465705,-0.884012,0.040524,0.884729,0.466105,0.000489,-0.019321,0.035625,0.999178,0,0.59342,0.68000,35.605,1.360,-1,375.000,-1,375.000,-1,300.000,300.000,300.000,300.000,-1,500.000,425.000,-1,700.000,700.000,-1,-1,2,0,2,0,2,0,0,0,0,2,0,0,2,0,0,2,2
96,-6312.352,-4433.593,-15.446,63.799,0.440875,-0.896653,0.040540,0.897396,0.441226,-0.000296,-0.017621,0.036511,0.999178,0,0.59342,0.80000,35.605,1.600,-1,375.000,-1,375.000,-1,300.000,300.000,300.000,300.000,-1,500.000,425.000,-1,700.000,700.000,-1,-1,2,0,2,0,2,0,0,0,0,2,0,0,2,0,0,2,2
97,-6297.573,-4401.200,-15.775,65.475,0.414516,-0.909178,0.039635,0.909908,0.414809,-0.000913,-0.015611,0.036443,0.999214,0,0.59342,0.83815,35.605,1.676,-1,375.000,-1,375.000,-1,300.000,300.000,300.000,300.000,-1,500.000,450.000,-1,700.000,700.000,-1,-1,2,0,2,0,2,0,0,0,0,2,0,0,2,0,0,2,2
98,-6283.722,-4367.938,-16.057,67.392,0.383943,-0.922543,0.038746,0.923259,0.384175,-0.001564,-0.013443,0.036373,0.999248,0,0.60052,0.95815,36.031,1.916,-1,375.000,-1,375.000,-1,300.000,300.000,300.000,300.000,-1,525.000,475.000,-1,700.000,700.000,-1,-1,2,0,2,0,2,0,0,0,0,2,0,0,2,0,0,2,2
99,-6271.040,-4334.213,-16.303,69.392,0.351575,-0.935391,0.037923,0.936093,0.351746,-0.002296,-0.011192,0.036307,0.999278,0,0.60052,1.00000,36.031,2.000,-1,375.000,-1,375.000,-1,300.000,300.000,300.000,300.000,-1,525.000,475.000,-1,700.000,700.000,-1,-1,2,0,2,0,2,0,0,0,0,2,0,0,2,0,0,2,2
100,-6259.543,-4300.065,-16.514,71.392,0.318778,-0.947100,0.037180,0.947787,0.318888,-0.003111,-0.008910,0.036230,0.999304,0,0.60052,1.00000,36.031,2.000,-1,375.000,-1,375.000,-1,300.000,300.000,300.000,300.000,-1,525.000,500.000,-1,700.000,700.000,-1,-1,2,0,2,0,2,0,0,0,0,2,0,0,2,0,0,2,2
101,-6249.244,-4265.538,-16.691,73.392,0.285593,-0.957655,0.036519,0.958328,0.285641,-0.004000,-0.006601,0.036140,0.999325,0,0.60052,1.00000,36.031,2.000,-1,375.000,-1,375.000,-1,325.000,325.000,300.000,300.000,-1,525.000,500.000,-1,700.000,700.000,-1,-1,2,0,2,0,2,0,0,0,0,2,0,0,2,0,0,2,2
102,-6240.157,-4230.672,-16.832,75.392,0.252059,-0.967044,0.035947,0.967702,0.252046,-0.004955,-0.004269,0.036035,0.999341,0,0.60052,1.00000,36.031,2.000,-1,375.000,-1,375.000,-1,325.000,325.000,300.000,300.000,-1,550.000,525.000,-1,725.000,700.000,-1,-1,2,0,2,0,2,0,0,0,0,2,0,0,2,0,0,2,2
103,-6232.292,-4195.510,-16.939,77.392,0.218218,-0.975255,0.035465,0.975898,0.218144,-0.005966,-0.001918,0.035913,0.999353,0,0.60052,1.00000,36.031,2.000,-1,375.000,-1,375.000,-1,325.000,325.000,300.000,300.000,-1,550.000,550.000,-1,725.000,700.000,-1,-1,2,0,2,0,2,0,0,0,0,2,0,0,2,0,0,2,2
104,-6225.659,-4160.095,-17.010,79.392,0.184110,-0.982280,0.035077,0.982906,0.183977,-0.007025,0.000448,0.035771,0.999360,0,0.60052,1.00000,36.031,2.000,-1,375.000,-1,375.000,-1,325.000,325.000,300.000,300.000,-1,575.000,550.000,-1,725.000,700.000,-1,-1,2,0,2,0,2,0,0,0,0,2,0,0,2,0,0,2,2
105,-6220.266,-4124.470,-17.046,81.392,0.149778,-0.988108,0.034782,0.988716,0.149584,-0.008123,0.002824,0.035607,0.999362,0,0.60052,1.00000,36.031,2.000,-1,375.000,-1,375.000,-1,325.000,325.000,300.000,300.000,-1,575.000,575.000,-1,725.000,725.000,-1,-1,2,0,2,0,2,0,0,0,0,2,0,0,2,0,0,2,2
106,-6215.398,-4083.930,-17.055,83.152,0.119424,-0.992242,0.034539,0.992830,0.119167,-0.009404,0.005215,0.035415,0.999359,0,0.68052,0.88000,40.831,1.760,-1,375.000,-1,375.000,-1,325.000,325.000,300.000,300.000,-1,575.000,600.000,-1,750.000,725.000,-1,-1,2,0,2,0,2,0,0,0,0,2,0,0,2,0,0,2,2
107,-6211.160,-4038.497,-17.030,84.672,0.093128,-0.995062,0.034347,0.995625,0.092806,-0.010860,0.007618,0.035209,0.999351,0,0.76052,0.76000,45.631,1.520,-1,400.000,-1,375.000,-1,325.000,325.000,300.000,300.000,-1,600.000,600.000,-1,750.000,725.000,-1,-1,2,0,2,0,2,0,0,0,0,2,0,0,2,0,0,2,2
108,-6207.736,-3990.104,-16.972,85.952,0.070943,-0.996894,0.034211,0.997431,0.070555,-0.012420,0.009968,0.035004,0.999337,0,0.80856,0.64000,48.513,1.280,-1,400.000,-1,375.000,-1,325.000,325.000,300.000,300.000,-1,600.000,625.000,-1,750.000,725.000,-1,-1,2,0,2,0,2,0,0,0,0,2,0,0,2,0,0,2,2
109,-6205.285,-3941.653,-16.812,87.105,0.050929,-0.998108,0.034441,0.998630,0.050481,-0.013780,0.012015,0.035096,0.999312,0,0.80856,0.57650,48.513,1.153,-1,400.000,-1,375.000,-1,325.000,325.000,300.000,300.000,-1,550.000,575.000,-1,775.000,725.000,-1,-1,2,0,2,0,2,0,0,0,0,2,0,0,2,0,0,2,2
110,-6203.810,-3893.162,-16.174,88.258,0.030856,-0.998940,0.034157,0.999438,0.030387,-0.014184,0.013131,0.034575,0.999316,0,0.80856,0.57650,48.513,1.153,-1,400.000,-1,375.000,-1,325.000,325.000,300.000,300.000,-1,600.000,625.000,-1,775.000,725.000,-1,-1,2,0,2,0,2,0,0,0,0,2,0,0,2,0,0,2,2
111,-6203.311,-3844.651,-15.407,89.411,0.010762,-0.999379,0.033539,0.999842,0.010280,-0.014507,0.014153,0.033690,0.999332,0,0.80856,0.57650,48.513,1.153,-1,400.000,-1,375.000,-1,325.000,325.000,300.000,300.000,-1,625.000,650.000,-1,775.000,725.000,-1,-1,2,0,2,0,2,0,0,0,0,2,0,0,2,0,0,2,2
112,-6203.788,-3796.140,-14.611,90.564,-0.009340,-0.999414,0.032944,0.999842,-0.009832,-0.014828,0.015143,0.032800,0.999347,0,0.80856,0.57650,48.513,1.153,-1,400.000,-1,375.000,-1,325.000,325.000,300.000,300.000,-1,675.000,675.000,-1,800.000,725.000,-1,-1,2,0,2,0,2,0,0,0,0,2,0,0,2,0,0,2,2
113,-6205.251,-3747.306,-13.781,91.717,-0.029440,-0.999042,0.032365,0.999437,-0.029942,-0.015144,0.016099,0.031901,0.999361,0,0.81427,0.57652,48.856,1.153,-1,400.000,-1,375.000,-1,325.000,325.000,300.000,300.000,-1,725.000,725.000,-1,800.000,750.000,-1,-1,2,0,2,0,2,0,0,0,0,2,0,0,2,0,0,2,2
114,-6207.716,-3698.127,-12.919,92.869,-0.049523,-0.998267,0.031801,0.998628,-0.050033,-0.015454,0.017018,0.030992,0.999375,0,0.82068,0.57629,49.241,1.153,-1,400.000,-1,375.000,-1,325.000,325.000,300.000,300.000,-1,775.000,750.000,-1,800.000,750.000,-1,-1,2,0,2,0,2,0,0,0,0,2,0,0,2,0,0,2,2
115,-6211.195,-3648.621,-12.025,94.021,-0.069571,-0.997088,0.031247,0.997416,-0.070087,-0.015753,0.017897,0.030070,0.999388,0,0.82713,0.57578,49.628,1.152,-1,400.000,-1,375.000,-1,325.000,325.000,300.000,300.000,-1,800.000,800.000,-1,800.000,750.000,-1,-1,2,0,2,0,2,0,0,0,0,2,0,0,2,0,0,2,2
116,-6215.703,-3598.808,-11.101,95.171,-0.089565,-0.995508,0.030699,0.995805,-0.090087,-0.016040,0.018734,0.029134,0.999400,0,0.83361,0.57498,50.016,1.150,-1,400.000,-1,375.000,-1,325.000,325.000,300.000,300.000,-1,825.000,825.000,-1,825.000,750.000,-1,-1,2,0,2,0,2,0,0,0,0,2,0,0,2,0,0,2,2
117,-6221.250,-3548.709,-10.148,96.319,-0.109488,-0.993531,0.030156,0.993796,-0.110012,-0.016312,0.019524,0.028183,0.999412,0,0.84009,0.57388,50.406,1.148,-1,400.000,-1,400.000,-1,325.000,325.000,300.000,300.000,-1,875.000,875.000,-1,825.000,775.000,-1,-1,2,0,2,0,2,0,0,0,0,2,0,0,2,0,0,2,2
118,-6227.847,-3498.345,-9.168,97.463,-0.129320,-0.991161,0.029612,0.991396,-0.129846,-0.016566,0.020264,0.027215,0.999424,0,0.84657,0.57246,50.794,1.145,-1,400.000,-1,400.000,-1,325.000,325.000,300.000,300.000,-1,900.000,925.000,-1,825.000,775.000,-1,-1,2,0,2,0,2,0,0,0,0,2,0,0,2,0,0,2,2
119,-6235.505,-3447.739,-8.162,98.605,-0.149043,-0.988404,0.029063,0.988609,-0.149568,-0.016800,0.020952,0.026228,0.999436,0,0.85303,0.57070,51.182,1.141,-1,400.000,-1,400.000,-1,325.000,325.000,300.000,300.000,-1,950.000,975.000,-1,850.000,775.000,-1,-1,2,0,2,0,2,0,0,0,0,2,0,0,2,0,0,2,2
120,-6244.230,-3396.916,-7.132,99.742,-0.168637,-0.985266,0.028505,0.985442,-0.169159,-0.017013,0.021585,0.025221,0.999449,0,0.85945,0.56859,51.567,1.137,-1,400.000,-1,400.000,-1,325.000,325.000,300.000,300.000,-1,975.000,-1,-1,850.000,775.000,-1,-1,2,0,2,0,2,0,0,0,0,2,0,2,2,0,0,2,2
121,-6254.030,-3345.901,-6.080,100.874,-0.188082,-0.981756,0.027933,0.981903,-0.188599,-0.017204,0.022158,0.024192,0.999462,0,0.86580,0.56611,51.948,1.132,-1,400.000,-1,400.000,-1,325.000,325.000,300.000,300.000,-1,-1,-1,-1,850.000,-1,-1,-1,2,0,2,0,2,0,0,0,0,2,2,2,2,0,2,2,2
122,-6264.909,-3294.720,-5.004,102.001,-0.207372,-0.977883,0.027228,0.978011,-0.207869,-0.016879,0.022166,0.023130,0.999487,0,0.87207,0.56324,52.324,1.126,-1,400.000,-1,400.000,-1,325.000,325.000,300.000,300.000,-1,-1,-1,-1,875.000,-1,-1,-1,2,0,2,0,2,0,0,0,0,2,2,2,2,1,2,2,2
123,-6276.870,-3243.403,-3.995,103.121,-0.226473,-0.973651,0.026724,0.973773,-0.226945,-0.016163,0.021802,0.022363,0.999512,0,0.87821,0.55995,52.693,1.120,-1,425.000,-1,400.000,-1,325.000,325.000,300.000,300.000,-1,-1,-1,-1,875.000,-1,-1,-1,2,0,2,0,2,0,0,0,0,2,2,2,2,0,2,2,2
124,-6289.914,-3191.979,-2.982,104.233,-0.245367,-0.969078,0.026114,0.969197,-0.245810,-0.015307,0.021253,0.021554,0.999542,0,0.88422,0.55622,53.053,1.112,-1,425.000,-1,400.000,-1,325.000,325.000,300.000,300.000,-1,-1,-1,-1,875.000,-1,-1,-1,2,0,2,0,2,0,0,0,0,2,2,2,2,0,2,2,2
125,-6304.038,-3140.479,-2.056,105.337,-0.264045,-0.964187,0.024985,0.964297,-0.264443,-0.014211,0.020309,0.020341,0.999587,0,0.89003,0.55202,53.402,1.104,-1,400.000,-1,400.000,-1,325.000,325.000,300.000,300.000,-1,-1,-1,-1,875.000,-1,-1,-1,2,0,2,0,2,0,0,0,0,2,2,2,2,0,2,2,2
126,-6319.239,-3088.936,-1.123,106.432,-0.282467,-0.958982,0.023802,0.959083,-0.282822,-0.013118,0.019311,0.019123,0.999631,0,0.89562,0.54733,53.737,1.095,-1,400.000,-1,400.000,-1,325.000,325.000,300.000,300.000,-1,-1,-1,-1,875.000,-1,-1,-1,2,0,2,0,2,0,0,0,0,2,2,2,2,0,2,2,2
127,-6335.508,-3037.386,-0.188,107.516,-0.300611,-0.953480,0.022563,0.953572,-0.300924,-0.012030,0.018260,0.017899,0.999673,0,0.90094,0.54212,54.057,1.084,-1,400.000,-1,400.000,-1,325.000,325.000,300.000,300.000,-1,-1,-1,-1,875.000,-1,-1,-1,2,0,2,0,2,0,0,0,0,2,2,2,2,0,2,2,2
128,-6352.835,-2985.865,0.748,108.589,-0.318455,-0.947699,0.021271,0.947783,-0.318728,-0.010951,0.017158,0.016673,0.999714,0,0.90594,0.53635,54.356,1.073,-1,400.000,-1,425.000,-1,325.000,325.000,300.000,300.000,-1,-1,-1,-1,875.000,-1,-1,-1,2,0,2,1,2,0,0,0,0,2,2,2,2,0,2,2,2
129,-6371.205,-2934.414,1.644,109.649,-0.335976,-0.941658,0.020019,0.941736,-0.336211,-0.009733,0.015896,0.015582,0.999752,0,0.91054,0.52998,54.633,1.060,-1,400.000,-1,575.000,-1,325.000,325.000,300.000,300.000,-1,-1,-1,-1,875.000,-1,-1,-1,2,0,2,1,2,0,0,0,0,2,2,2,2,0,2,2,2
130,-6390.599,-2883.073,2.516,110.695,-0.353152,-0.935378,0.018752,0.935453,-0.353350,-0.008455,0.014535,0.014555,0.999788,0,0.91470,0.52299,54.882,1.046,-1,400.000,-1,650.000,-1,325.000,325.000,300.000,300.000,-1,-1,-1,-1,875.000,-1,-1,-1,2,0,2,1,2,0,1,0,0,2,2,2,2,0,2,2,2
131,-6410.994,-2831.888,3.375,111.725,-0.369960,-0.928884,0.017434,0.928955,-0.370123,-0.007178,0.013120,0.013539,0.999822,0,0.91832,0.51532,55.099,1.031,-1,400.000,-1,700.000,-1,325.000,375.000,300.000,300.000,-1,-1,-1,-1,850.000,-1,-1,-1,2,1,2,1,2,1,1,0,0,2,2,2,2,0,2,2,2
132,-6433.931,-2776.555,4.286,112.516,-0.382783,-0.923701,0.015954,0.923767,-0.382911,-0.005798,0.011464,0.012519,0.999856,0,0.99832,0.39532,59.899,0.791,-1,400.000,-1,700.000,-1,350.000,375.000,300.000,300.000,-1,-1,-1,-1,850.000,-1,-1,-1,2,1,2,1,2,1,1,0,0,2,2,2,2,0,2,2,2
133,-6457.439,-2721.352,5.061,113.067,-0.391671,-0.919985,0.014914,0.920051,-0.391773,-0.004554,0.010033,0.011938,0.999878,0,1.00000,0.27532,60.000,0.551,-1,400.000,-1,725.000,-1,350.000,400.000,300.000,300.000,-1,-1,-1,-1,850.000,-1,-1,-1,2,0,2,1,2,1,1,0,0,2,2,2,2,0,2,2,2
134,-6481.247,-2666.278,3.897,113.377,-0.396724,-0.917755,0.018310,0.917932,-0.396715,0.004251,0.003362,0.018494,0.999823,0,1.00000,0.15532,60.000,0.311,-1,400.000,-1,675.000,-1,350.000,400.000,300.000,275.000,-1,-1,-1,-1,825.000,-1,-1,-1,2,0,2,1,2,1,1,0,0,2,2,2,2,0,2,2,2
135,-6505.125,-2611.234,0.768,113.448,-0.398168,-0.916945,0.025971,0.917267,-0.397707,0.021194,-0.009105,0.032261,0.999438,0,1.00000,0.03532,60.000,0.071,-1,375.000,-1,600.000,-1,325.000,375.000,325.000,250.000,-1,-1,-1,-1,750.000,-1,-1,-1,2,0,2,1,2,1,1,0,0,2,2,2,2,0,2,2,2
136,-6528.842,-2556.119,-2.022,113.279,-0.395962,-0.917671,0.033085,0.918039,-0.394803,0.036542,-0.020471,0.044842,0.998784,0,1.00000,-0.08468,60.000,-0.169,-1,350.000,-1,550.000,-1,300.000,350.000,325.000,225.000,-1,-1,-1,-1,700.000,-1,-1,-1,2,0,2,1,2,1,1,0,0,2,2,2,2,0,2,2,2
137,-6552.164,-2500.837,-4.685,112.869,-0.390017,-0.919958,0.039543,0.920303,-0.388022,0.049811,-0.030480,0.055819,0.997976,0,1.00000,-0.20468,60.000,-0.409,-1,350.000,-1,500.000,-1,275.000,325.000,325.000,200.000,-1,-1,-1,-1,650.000,-1,-1,-1,2,0,2,1,2,1,1,0,1,2,2,2,2,0,2,2,2
