timestep,x_cm,y_cm,z_cm,yaw_deg,basis_xx,basis_xy,basis_xz,basis_yx,basis_yy,basis_yz,basis_zx,basis_zy,basis_zz,teleport_flag,throttle_cmd,steering_cmd,cmd_move_cm,cmd_turn_deg,lidar_cm_0,lidar_cm_1,lidar_cm_2,lidar_cm_3,lidar_cm_4,lidar_cm_5,lidar_cm_6,lidar_cm_7,lidar_cm_8,lidar_cm_9,lidar_cm_10,lidar_cm_11,lidar_cm_12,lidar_cm_13,lidar_cm_14,lidar_cm_15,lidar_cm_16,lidar_class_0,lidar_class_1,lidar_class_2,lidar_class_3,lidar_class_4,lidar_class_5,lidar_class_6,lidar_class_7,lidar_class_8,lidar_class_9,lidar_class_10,lidar_class_11,lidar_class_12,lidar_class_13,lidar_class_14,lidar_class_15,lidar_class_16
0,-8411.452,-9055.099,6.249,-115.241,-0.425643,0.904517,0.026014,-0.902234,-0.426419,0.064349,0.069298,0.003919,0.997588,1,0.08000,-0.12000,4.800,-0.240,-1,375.000,-1,300.000,1000.000,275.000,250.000,300.000,400.000,-1,-1,-1,-1,750.000,575.000,-1,-1,2,1,2,1,1,1,1,0,0,2,2,2,2,1,1,2,2
1,-8415.618,-9063.748,7.041,-115.721,-0.433181,0.900911,0.026702,-0.898540,-0.433981,0.065468,0.070569,0.004367,0.997497,0,0.16000,-0.24000,9.600,-0.480,-1,375.000,-1,300.000,1000.000,275.000,250.000,300.000,400.000,-1,625.000,450.000,-1,750.000,575.000,-1,-1,2,1,2,1,1,1,1,0,0,2,0,0,2,1,1,2,2
2,-8422.030,-9076.642,8.246,-116.441,-0.444429,0.895384,0.027760,-0.892872,-0.445266,0.067217,0.072546,0.005087,0.997352,0,0.24000,-0.36000,14.400,-0.720,-1,375.000,-1,300.000,975.000,275.000,250.000,300.000,425.000,-1,350.000,325.000,-1,750.000,600.000,-1,-1,2,1,2,1,1,1,1,0,0,2,0,0,2,1,1,2,2
3,-8430.867,-9093.689,9.882,-117.401,-0.459314,0.887793,0.029228,-0.885075,-0.460203,0.069680,0.075313,0.006136,0.997141,0,0.32000,-0.48000,19.200,-0.960,-1,375.000,-1,300.000,950.000,300.000,275.000,300.000,425.000,-1,250.000,275.000,-1,750.000,625.000,-1,-1,2,1,2,1,1,1,1,0,0,2,0,0,2,1,1,2,2
4,-1639.833,-4263.561,-28.443,-155.311,-0.907694,0.417680,-0.040430,-0.416924,-0.908569,-0.026016,-0.047600,-0.006759,0.998844,1,0.00000,0.00000,24.000,-1.200,-1,375.000,-1,375.000,-1,300.000,300.000,300.000,300.000,-1,-1,-1,-1,675.000,700.000,-1,-1,2,0,2,0,2,0,0,0,0,2,2,2,2,0,0,2,2
5,-1644.185,-4265.585,-28.655,-155.071,-0.905936,0.421483,-0.040393,-0.420732,-0.906813,-0.025994,-0.047585,-0.006554,0.998846,0,0.08000,0.12000,4.800,0.240,-1,375.000,-1,375.000,-1,300.000,300.000,300.000,300.000,-1,-1,-1,-1,675.000,700.000,-1,-1,2,0,2,0,2,0,0,0,0,2,2,2,2,0,0,2,2
6,-1652.857,-4269.704,-29.080,-154.591,-0.902373,0.429066,-0.040319,-0.428325,-0.903252,-0.025944,-0.047549,-0.006142,0.998850,0,0.16000,0.24000,9.600,0.480,-1,375.000,-1,375.000,-1,300.000,300.000,300.000,300.000,-1,-1,-1,-1,675.000,700.000,-1,-1,2,0,2,0,2,0,0,0,0,2,2,2,2,0,0,2,2
7,-1665.785,-4276.045,-29.718,-153.871,-0.896909,0.440384,-0.040205,-0.439659,-0.897793,-0.025857,-0.047483,-0.005515,0.998857,0,0.24000,0.36000,14.400,0.720,-1,375.000,-1,375.000,-1,300.000,300.000,300.000,300.000,-1,-1,-1,-1,675.000,700.000,-1,-1,2,0,2,0,2,0,0,0,0,2,2,2,2,0,0,2,2
8,-1682.879,-4284.788,-30.572,-152.911,-0.889403,0.455366,-0.040051,-0.454663,-0.890292,-0.025719,-0.047369,-0.004665,0.998867,0,0.32000,0.48000,19.200,0.960,-1,375.000,-1,375.000,-1,300.000,300.000,300.000,300.000,-1,-1,-1,-1,650.000,700.000,-1,-1,2,0,2,0,2,0,0,0,0,2,2,2,2,0,0,2,2
9,-1704.025,-4296.140,-31.641,-151.772,-0.880175,0.472973,-0.039853,-0.472299,-0.881069,-0.025496,-0.047172,-0.003618,0.998880,0,0.40000,0.56942,24.000,1.139,-1,375.000,-1,375.000,-1,300.000,300.000,300.000,300.000,-1,-1,-1,-1,650.000,675.000,-1,-1,2,0,2,0,2,0,0,0,0,2,2,2,2,0,0,2,2
10,-1729.125,-4310.262,-32.922,-150.636,-0.870622,0.490355,-0.039600,-0.489718,-0.871519,-0.025125,-0.046833,-0.002481,0.998900,0,0.48000,0.56819,28.800,1.136,-1,375.000,-1,375.000,1000.000,300.000,300.000,300.000,300.000,-1,-1,-1,-1,650.000,675.000,-1,-1,2,0,2,0,1,0,0,0,0,2,2,2,2,0,0,2,2
11,-1758.120,-4327.240,-34.321,-149.649,-0.862070,0.505295,-0.038878,-0.504694,-0.862945,-0.024700,-0.046031,-0.001672,0.998939,0,0.56000,0.49348,33.600,0.987,-1,375.000,-1,375.000,975.000,300.000,300.000,300.000,300.000,-1,-1,-1,-1,650.000,675.000,-1,-1,2,0,2,0,1,0,0,0,0,2,2,2,2,0,0,2,2
12,-1790.920,-4347.207,-35.879,-148.669,-0.853337,0.519988,-0.037796,-0.519428,-0.854173,-0.024133,-0.044834,-0.000961,0.998994,0,0.64000,0.49022,38.400,0.980,-1,375.000,-1,375.000,925.000,300.000,300.000,300.000,300.000,-1,-1,-1,-1,650.000,675.000,-1,-1,2,0,2,0,1,0,0,0,0,2,2,2,2,0,0,2,2
13,-1827.433,-4370.293,-37.645,-147.696,-0.844434,0.534414,-0.036501,-0.533908,-0.845223,-0.023265,-0.043284,-0.000158,0.999063,0,0.72000,0.48638,43.200,0.973,-1,375.000,-1,375.000,900.000,300.000,300.000,325.000,300.000,-1,-1,-1,-1,650.000,675.000,-1,1000.000,2,0,2,0,1,0,0,0,0,2,2,2,2,0,0,2,1
14,-1867.567,-4396.624,-39.579,-146.732,-0.835381,0.548556,-0.034982,-0.548106,-0.836113,-0.022239,-0.041448,0.000595,0.999140,0,0.80000,0.48192,48.000,0.964,-1,375.000,-1,375.000,875.000,300.000,300.000,325.000,300.000,-1,-1,-1,-1,650.000,675.000,-1,1000.000,2,0,2,0,1,0,0,0,0,2,2,2,2,0,0,2,1
15,-1907.514,-4423.794,-41.443,-145.778,-0.826206,0.562394,-0.033115,-0.561994,-0.826869,-0.021238,-0.039326,0.001063,0.999226,0,0.80519,0.47676,48.311,0.954,-1,375.000,-1,375.000,850.000,300.000,300.000,325.000,300.000,-1,-1,-1,-1,650.000,675.000,-1,-1,2,0,2,0,1,0,0,0,0,2,2,2,2,0,0,2,2
16,-1947.132,-4451.704,-43.226,-144.836,-0.816923,0.575920,-0.030883,-0.575565,-0.817505,-0.020256,-0.036913,0.001228,0.999318,0,0.80771,0.47127,48.462,0.943,-1,375.000,-1,375.000,825.000,300.000,300.000,325.000,300.000,-1,-1,-1,-1,650.000,675.000,-1,-1,2,0,2,0,1,0,0,0,0,2,2,2,2,0,0,2,2
17,-1986.393,-4480.329,-44.991,-143.905,-0.807536,0.589126,-0.028582,-0.588814,-0.808040,-0.019194,-0.034402,0.001330,0.999407,0,0.80981,0.46546,48.588,0.931,-1,375.000,-1,375.000,825.000,300.000,300.000,300.000,300.000,-1,925.000,-1,-1,650.000,700.000,-1,-1,2,0,2,0,1,0,0,0,0,2,0,2,2,0,1,2,2
18,-2025.269,-4509.639,-46.726,-142.986,-0.798062,0.602005,-0.026209,-0.601738,-0.798491,-0.017991,-0.031758,0.001413,0.999495,0,0.81146,0.45934,48.688,0.919,-1,375.000,-1,375.000,825.000,300.000,300.000,300.000,325.000,-1,625.000,600.000,-1,650.000,700.000,-1,-1,2,0,2,0,1,0,0,0,0,2,0,0,2,0,1,2,2
19,-2062.227,-4538.195,-48.119,-142.308,-0.790942,0.611420,-0.023993,-0.611227,-0.791303,-0.015544,-0.028490,0.002371,0.999591,0,0.77841,0.33934,46.705,0.679,-1,375.000,-1,375.000,825.000,300.000,300.000,300.000,325.000,-1,500.000,475.000,-1,650.000,700.000,-1,-1,2,0,2,0,1,0,0,0,0,2,0,0,2,0,1,2,2
20,-2099.007,-4567.066,-49.292,-141.869,-0.786272,0.617457,-0.022876,-0.617335,-0.786594,-0.012900,-0.025959,0.003979,0.999655,0,0.77930,0.21934,46.758,0.439,-1,375.000,-1,375.000,825.000,300.000,325.000,300.000,325.000,-1,475.000,450.000,-1,650.000,725.000,-1,-1,2,0,2,0,1,0,0,0,0,2,0,0,2,0,0,2,2
21,-2135.721,-4596.093,-50.452,-141.670,-0.784159,0.620177,-0.021801,-0.620114,-0.784443,-0.010347,-0.023518,0.005405,0.999709,0,0.78004,0.09934,46.802,0.199,-1,375.000,-1,375.000,850.000,300.000,325.000,300.000,300.000,-1,475.000,425.000,-1,650.000,725.000,-1,-1,2,0,2,0,1,0,0,0,0,2,0,0,2,0,0,2,2
22,-2172.487,-4625.116,-51.601,-141.712,-0.784638,0.619607,-0.020748,-0.619592,-0.784884,-0.007906,-0.021183,0.006652,0.999753,0,0.78069,-0.02066,46.841,-0.041,-1,375.000,-1,375.000,875.000,300.000,325.000,300.000,300.000,-1,450.000,425.000,-1,650.000,725.000,-1,-1,2,0,2,0,1,0,0,0,0,2,0,0,2,0,0,2,2
23,-2209.424,-4653.982,-52.729,-141.993,-0.787703,0.615740,-0.019699,-0.615764,-0.787911,-0.005564,-0.018947,0.007747,0.999790,0,0.78131,-0.14066,46.879,-0.281,-1,375.000,-1,375.000,925.000,300.000,325.000,300.000,300.000,-1,450.000,400.000,-1,675.000,725.000,-1,-1,2,0,2,0,1,0,0,0,0,2,0,0,2,0,0,2,2
24,-2246.653,-4682.535,-53.601,-142.514,-0.793302,0.608543,-0.018644,-0.608590,-0.793476,-0.003657,-0.017019,0.008446,0.999819,0,0.78196,-0.26066,46.918,-0.521,-1,375.000,-1,400.000,975.000,300.000,325.000,300.000,300.000,-1,475.000,425.000,-1,675.000,750.000,-1,-1,2,0,2,0,1,0,0,0,0,2,0,0,2,0,0,2,2
25,-2284.186,-4710.761,-54.437,-143.055,-0.799035,0.601026,-0.017603,-0.601093,-0.799177,-0.001811,-0.015157,0.009134,0.999843,0,0.78270,-0.27027,46.962,-0.541,-1,375.000,-1,400.000,-1,300.000,325.000,300.000,300.000,-1,475.000,425.000,-1,675.000,750.000,-1,-1,2,0,2,0,2,0,0,0,0,2,0,0,2,0,0,2,2
26,-2322.013,-4738.644,-55.239,-143.606,-0.804805,0.593307,-0.016578,-0.593388,-0.804916,-0.000026,-0.013359,0.009816,0.999863,0,0.78321,-0.27557,46.993,-0.551,-1,375.000,-1,400.000,-1,300.000,325.000,300.000,300.000,-1,475.000,425.000,-1,675.000,750.000,-1,-1,2,0,2,0,2,0,0,0,0,2,0,0,2,0,0,2,2
27,-2360.125,-4766.164,-56.005,-144.168,-0.810609,0.585380,-0.015569,-0.585472,-0.810691,0.001698,-0.011628,0.010492,0.999877,0,0.78350,-0.28098,47.010,-0.562,-1,375.000,-1,400.000,-1,300.000,325.000,300.000,300.000,-1,475.000,425.000,-1,675.000,775.000,-1,-1,2,0,2,0,2,0,0,0,0,2,0,0,2,0,0,2,2
28,-2398.513,-4793.303,-56.736,-144.741,-0.816445,0.577239,-0.014579,-0.577337,-0.816499,0.003361,-0.009964,0.011161,0.999888,0,0.78353,-0.28651,47.012,-0.573,-1,375.000,-1,400.000,-1,300.000,325.000,300.000,300.000,-1,450.000,400.000,-1,700.000,775.000,-1,-1,2,0,2,0,2,0,0,0,0,2,0,0,2,0,0,2,2
29,-2437.164,-4820.042,-57.384,-145.325,-0.822308,0.568879,-0.013626,-0.568979,-0.822339,0.004732,-0.008513,0.011644,0.999896,0,0.78331,-0.29215,46.999,-0.584,-1,375.000,-1,400.000,-1,300.000,325.000,300.000,300.000,-1,475.000,400.000,-1,700.000,775.000,-1,-1,2,0,2,0,2,0,0,0,0,2,0,0,2,0,0,2,2
30,-2476.068,-4846.361,-57.953,-145.921,-0.828195,0.560296,-0.012714,-0.560393,-0.828206,0.005837,-0.007259,0.011960,0.999902,0,0.78283,-0.29790,46.970,-0.596,-1,375.000,-1,400.000,-1,300.000,325.000,300.000,300.000,-1,475.000,425.000,-1,700.000,775.000,-1,-1,2,0,2,0,2,0,0,0,0,2,0,0,2,0,0,2,2
31,-2515.210,-4872.241,-58.480,-146.528,-0.834103,0.551481,-0.011897,-0.551575,-0.834096,0.006929,-0.006102,0.012342,0.999905,0,0.78208,-0.30374,46.925,-0.607,-1,375.000,-1,400.000,-1,325.000,325.000,300.000,300.000,-1,475.000,425.000,-1,700.000,800.000,-1,-1,2,0,2,0,2,0,0,0,0,2,0,0,2,0,0,2,2
32,-2554.578,-4897.662,-58.706,-147.148,-0.840018,0.542424,-0.012089,-0.542529,-0.839996,0.008317,-0.005644,0.013545,0.999892,0,0.78104,-0.30967,46.863,-0.619,-1,375.000,-1,400.000,-1,325.000,325.000,300.000,300.000,-1,525.000,450.000,-1,700.000,800.000,-1,-1,2,0,2,0,2,0,0,0,0,2,0,0,2,0,0,2,2
33,-2594.157,-4922.607,-58.956,-147.779,-0.845947,0.533126,-0.012241,-0.533241,-0.845908,0.009671,-0.005199,0.014708,0.999878,0,0.77973,-0.31569,46.784,-0.631,-1,375.000,-1,400.000,-1,325.000,325.000,300.000,300.000,-1,550.000,475.000,-1,725.000,800.000,-1,-1,2,0,2,0,2,0,0,0,0,2,0,0,2,0,0,2,2
34,-2629.827,-4944.749,-59.409,-148.171,-0.849563,0.527320,-0.013272,-0.527460,-0.849506,0.011189,-0.005374,0.016506,0.999849,0,0.69973,-0.19569,41.984,-0.391,-1,375.000,-1,400.000,-1,325.000,325.000,300.000,300.000,-1,600.000,525.000,-1,725.000,800.000,-1,-1,2,0,2,0,2,0,0,0,0,2,0,0,2,0,0,2,2
35,-2664.307,-4966.026,-59.873,-148.322,-0.850946,0.525058,-0.014291,-0.525224,-0.850870,0.012653,-0.005516,0.018273,0.999818,0,0.67527,-0.07569,40.516,-0.151,-1,375.000,-1,400.000,-1,325.000,325.000,300.000,300.000,-1,650.000,550.000,-1,725.000,800.000,-1,-1,2,0,2,0,2,0,0,0,1,2,0,0,2,0,0,2,2
36,-2698.616,-4987.260,-60.121,-148.248,-0.850275,0.526145,-0.014286,-0.526316,-0.850179,0.013720,-0.004927,0.019184,0.999804,0,0.67247,0.03691,40.348,0.074,-1,375.000,-1,400.000,-1,325.000,325.000,300.000,275.000,-1,675.000,575.000,-1,725.000,800.000,-1,-1,2,0,2,0,2,0,0,0,1,2,0,0,2,0,0,2,2
37,-2732.720,-5008.416,-60.314,-148.187,-0.849714,0.527045,-0.014481,-0.527225,-0.849596,0.014837,-0.004483,0.020242,0.999785,0,0.66888,0.03071,40.133,0.061,-1,375.000,-1,400.000,-1,325.000,325.000,300.000,275.000,-1,700.000,600.000,-1,725.000,800.000,-1,-1,2,0,2,0,2,0,0,0,1,2,0,0,2,0,0,2,2
38,-2766.605,-5029.484,-60.469,-148.129,-0.849189,0.527881,-0.014792,-0.528072,-0.849049,0.015973,-0.004127,0.021375,0.999763,0,0.66501,0.02863,39.901,0.057,-1,375.000,-1,400.000,-1,325.000,325.000,300.000,250.000,-1,725.000,625.000,-1,725.000,800.000,-1,-1,2,0,2,0,2,0,0,0,1,2,0,0,2,0,0,2,2
39,-2800.260,-5050.452,-60.610,-148.076,-0.848698,0.528662,-0.015102,-0.528864,-0.848535,0.017087,-0.003782,0.022489,0.999740,0,0.66088,0.02677,39.653,0.054,-1,375.000,-1,400.000,-1,325.000,325.000,300.000,250.000,-1,750.000,650.000,-1,750.000,800.000,-1,-1,2,0,2,0,2,0,0,0,1,2,0,0,2,0,0,2,2
40,-2833.674,-5071.311,-60.783,-148.026,-0.848235,0.529395,-0.015442,-0.529608,-0.848053,0.017934,-0.003602,0.023390,0.999720,0,0.65650,0.02514,39.390,0.050,-1,400.000,-1,400.000,-1,325.000,325.000,300.000,250.000,-1,800.000,675.000,-1,750.000,800.000,-1,-1,2,0,2,0,2,0,0,0,1,2,0,0,2,0,0,2,2
41,-2866.837,-5092.052,-61.000,-147.978,-0.847794,0.530089,-0.015816,-0.530313,-0.847601,0.018456,-0.003622,0.024034,0.999705,0,0.65192,0.02373,39.115,0.047,-1,375.000,-1,400.000,-1,325.000,325.000,300.000,250.000,-1,825.000,725.000,-1,750.000,800.000,-1,-1,2,0,2,0,2,0,0,0,1,2,0,0,2,0,0,2,2
42,-2899.743,-5112.667,-61.202,-147.933,-0.847375,0.530748,-0.016188,-0.530982,-0.847171,0.018961,-0.003651,0.024663,0.999689,0,0.64716,0.02255,38.830,0.045,-1,375.000,-1,400.000,-1,325.000,325.000,300.000,250.000,-1,875.000,750.000,-1,750.000,825.000,-1,-1,2,0,2,0,2,0,0,0,1,2,0,0,2,0,0,2,2
43,-2932.383,-5133.151,-61.391,-147.890,-0.846973,0.531378,-0.016559,-0.531623,-0.846758,0.019448,-0.003687,0.025275,0.999674,0,0.64226,0.02159,38.536,0.043,-1,375.000,-1,400.000,-1,325.000,325.000,300.000,250.000,-1,900.000,775.000,-1,750.000,825.000,-1,-1,2,0,2,0,2,0,0,0,1,2,0,0,2,0,0,2,2
44,-2964.755,-5153.498,-61.565,-147.848,-0.846584,0.531987,-0.016927,-0.532243,-0.846357,0.019918,-0.003731,0.025871,0.999658,0,0.63726,0.02086,38.236,0.042,-1,375.000,-1,400.000,-1,325.000,325.000,300.000,250.000,-1,950.000,825.000,-1,775.000,825.000,-1,-1,2,0,2,0,2,0,0,0,1,2,0,0,2,0,0,2,2
45,-2996.855,-5173.707,-61.725,-147.807,-0.846203,0.532580,-0.017294,-0.532847,-0.845966,0.020370,-0.003781,0.026452,0.999643,0,0.63220,0.02036,37.932,0.041,-1,400.000,-1,400.000,-1,325.000,325.000,300.000,250.000,-1,1000.000,875.000,-1,775.000,825.000,-1,-1,2,0,2,0,2,0,0,0,1,2,0,0,2,0,0,2,2
46,-3028.683,-5193.776,-61.815,-147.767,-0.845830,0.533161,-0.017624,-0.533440,-0.845575,0.021106,-0.003650,0.027254,0.999622,0,0.62711,0.02007,37.626,0.040,-1,400.000,-1,400.000,-1,325.000,325.000,300.000,250.000,-1,-1,900.000,-1,800.000,825.000,-1,-1,2,0,2,0,2,0,0,0,1,2,2,0,2,0,0,2,2
47,-3060.239,-5213.704,-61.905,-147.727,-0.845458,0.533741,-0.017961,-0.534031,-0.845185,0.021756,-0.003568,0.027986,0.999602,0,0.62203,0.02001,37.322,0.040,-1,400.000,-1,400.000,-1,325.000,325.000,300.000,250.000,-1,-1,925.000,-1,800.000,825.000,-1,-1,2,0,2,0,2,0,0,0,1,2,2,0,2,0,0,2,2
48,-3091.525,-5233.493,-61.993,-147.687,-0.845081,0.534325,-0.018304,-0.534627,-0.844794,0.022310,-0.003542,0.028640,0.999584,0,0.61700,0.02015,37.020,0.040,-1,400.000,-1,400.000,-1,325.000,325.000,300.000,250.000,-1,-1,975.000,-1,825.000,825.000,-1,-1,2,0,2,0,2,0,0,0,1,2,2,0,2,0,0,2,2
49,-3122.547,-5253.145,-61.980,-147.646,-0.844692,0.534926,-0.018705,-0.535239,-0.844406,0.022310,-0.003860,0.028857,0.999576,0,0.61205,0.02050,36.723,0.041,-1,400.000,-1,400.000,-1,325.000,325.000,300.000,275.000,-1,-1,-1,-1,825.000,850.000,-1,-1,2,0,2,0,2,0,0,0,1,2,2,2,2,0,0,2,2
50,-3153.309,-5272.665,-62.157,-147.604,-0.844301,0.535533,-0.019012,-0.535857,-0.843992,0.023114,-0.003668,0.029703,0.999552,0,0.60721,0.02104,36.432,0.042,-1,400.000,-1,400.000,-1,325.000,325.000,300.000,275.000,-1,-1,-1,-1,850.000,850.000,-1,-1,2,0,2,0,2,0,0,0,1,2,2,2,2,0,0,2,2
51,-3183.818,-5292.056,-62.520,-147.560,-0.843903,0.536150,-0.019231,-0.536487,-0.843547,0.024703,-0.002978,0.031165,0.999510,0,0.60250,0.02178,36.150,0.044,-1,400.000,-1,400.000,-1,325.000,325.000,300.000,275.000,-1,-1,-1,-1,875.000,875.000,-1,-1,2,0,2,0,2,0,0,0,1,2,2,2,2,0,1,2,2
52,-3214.082,-5311.326,-62.768,-147.515,-0.843479,0.536802,-0.019680,-0.537155,-0.843096,0.025579,-0.002861,0.032146,0.999479,0,0.59797,0.02271,35.878,0.045,-1,400.000,-1,400.000,-1,325.000,325.000,300.000,300.000,-1,-1,-1,-1,900.000,875.000,-1,-1,2,0,2,0,2,0,0,0,1,2,2,2,2,1,1,2,2
53,-3244.110,-5330.481,-62.959,-147.467,-0.843022,0.537490,-0.020446,-0.537869,-0.842630,0.025928,-0.003292,0.032855,0.999455,0,0.59362,0.02382,35.617,0.048,-1,400.000,-1,400.000,-1,325.000,325.000,300.000,300.000,-1,-1,-1,-1,875.000,875.000,-1,-1,2,0,2,0,2,0,0,0,1,2,2,2,2,1,1,2,2
54,-3273.912,-5349.527,-63.162,-147.417,-0.842539,0.538216,-0.021264,-0.538622,-0.842139,0.026229,-0.003791,0.033552,0.999430,0,0.58947,0.02509,35.368,0.050,-1,400.000,-1,400.000,-1,325.000,325.000,300.000,300.000,-1,-1,-1,-1,875.000,875.000,-1,-1,2,0,2,0,2,0,0,0,0,2,2,2,2,1,1,2,2
55,-3303.497,-5368.474,-63.378,-147.364,-0.842026,0.538983,-0.022135,-0.539420,-0.841620,0.026482,-0.004356,0.034238,0.999404,0,0.58554,0.02654,35.132,0.053,-1,400.000,-1,400.000,-1,325.000,325.000,300.000,300.000,-1,-1,-1,-1,850.000,850.000,-1,-1,2,0,2,0,2,0,0,0,0,2,2,2,2,1,1,2,2
56,-3332.877,-5387.331,-63.607,-147.308,-0.841479,0.539797,-0.023056,-0.540266,-0.841071,0.026689,-0.004985,0.034914,0.999378,0,0.58184,0.02814,34.911,0.056,-1,425.000,-1,400.000,-1,325.000,325.000,300.000,300.000,-1,-1,-1,-1,850.000,850.000,-1,-1,2,0,2,0,2,0,0,0,0,2,2,2,2,1,1,2,2
57,-3362.063,-5406.105,-63.849,-147.248,-0.840897,0.540662,-0.024027,-0.541166,-0.840487,0.026849,-0.005678,0.035580,0.999351,0,0.57839,0.02990,34.703,0.060,1000.000,425.000,-1,425.000,-1,325.000,325.000,300.000,300.000,-1,-1,-1,-1,825.000,850.000,-1,-1,1,0,2,0,2,0,0,0,0,2,2,2,2,1,1,2,2
58,-3391.066,-5424.808,-64.181,-147.184,-0.840282,0.541588,-0.024665,-0.542114,-0.839876,0.026836,-0.006182,0.035921,0.999336,0,0.57518,0.03180,34.511,0.064,975.000,425.000,-1,425.000,-1,350.000,325.000,300.000,300.000,-1,-1,-1,-1,825.000,825.000,1000.000,-1,1,0,2,0,2,0,0,0,0,2,2,2,2,1,1,1,2
59,-3419.899,-5443.449,-64.540,-147.117,-0.839627,0.542574,-0.025279,-0.543121,-0.839228,0.026754,-0.006699,0.036192,0.999322,0,0.57222,0.03384,34.333,0.068,925.000,425.000,-1,425.000,-1,350.000,350.000,300.000,300.000,-1,-1,-1,700.000,800.000,825.000,975.000,-1,1,0,2,0,2,0,0,0,0,2,2,2,1,1,1,1,2
60,-3448.571,-5462.037,-64.911,-147.045,-0.838928,0.543624,-0.025944,-0.544194,-0.838537,0.026628,-0.007279,0.036458,0.999309,0,0.56952,0.03602,34.171,0.072,900.000,425.000,-1,425.000,-1,350.000,350.000,300.000,300.000,-1,-1,-1,650.000,775.000,800.000,925.000,-1,1,0,2,0,2,0,0,0,0,2,2,2,1,1,1,1,2
61,-3477.096,-5480.584,-65.293,-146.968,-0.838181,0.544740,-0.026661,-0.545334,-0.837801,0.026460,-0.007922,0.036718,0.999294,0,0.56707,0.03832,34.024,0.077,850.000,425.000,-1,425.000,-1,350.000,350.000,300.000,300.000,-1,-1,-1,625.000,775.000,775.000,900.000,-1,1,0,2,0,2,0,0,0,0,2,2,2,1,1,1,1,2
62,-3505.484,-5499.099,-65.821,-146.887,-0.837375,0.545937,-0.027496,-0.546553,-0.837035,0.025543,-0.009070,0.036417,0.999296,0,0.56487,0.04075,33.892,0.081,825.000,425.000,-1,425.000,-1,350.000,350.000,300.000,300.000,-1,-1,-1,625.000,750.000,775.000,875.000,-1,1,0,2,0,2,0,0,0,0,2,2,2,1,1,1,1,2
63,-3533.746,-5517.593,-66.393,-146.800,-0.836514,0.547210,-0.028396,-0.547847,-0.836222,0.024412,-0.010387,0.035978,0.999299,0,0.56293,0.04329,33.776,0.087,775.000,425.000,-1,425.000,-1,350.000,350.000,300.000,300.000,-1,-1,-1,625.000,725.000,750.000,825.000,-1,1,0,2,0,2,0,0,0,0,2,2,2,1,1,1,1,2
64,-3566.066,-5538.653,-67.034,-146.911,-0.837524,0.545593,-0.029703,-0.546263,-0.837296,0.023074,-0.012281,0.035551,0.999292,0,0.64293,-0.05564,38.576,-0.111,750.000,425.000,-1,425.000,-1,350.000,350.000,300.000,300.000,-1,-1,-1,625.000,725.000,725.000,800.000,-1,1,0,2,1,2,0,0,0,0,2,2,2,1,1,1,1,2
65,-3602.451,-5562.266,-67.774,-147.016,-0.838458,0.544067,-0.031302,-0.544773,-0.838308,0.021504,-0.014541,0.035083,0.999279,0,0.72293,-0.05248,43.376,-0.105,700.000,425.000,-1,425.000,-1,350.000,350.000,300.000,300.000,-1,-1,-1,625.000,700.000,700.000,750.000,-1,1,0,2,1,2,0,0,0,0,2,2,2,1,1,1,1,2
66,-3642.907,-5588.424,-68.653,-147.114,-0.839307,0.542651,-0.033076,-0.543389,-0.839252,0.019623,-0.017111,0.034443,0.999260,0,0.80293,-0.04877,48.176,-0.098,650.000,425.000,-1,400.000,-1,350.000,350.000,300.000,300.000,-1,-1,-1,650.000,675.000,675.000,700.000,-1,1,0,2,1,2,0,0,0,0,2,2,2,1,1,1,1,2
67,-3687.438,-5617.119,-69.738,-147.203,-0.840052,0.541360,-0.035247,-0.542132,-0.840112,0.017462,-0.020159,0.033777,0.999226,0,0.88293,-0.04447,52.976,-0.089,575.000,425.000,-1,400.000,-1,350.000,350.000,275.000,300.000,-1,-1,-1,675.000,625.000,625.000,650.000,-1,1,0,2,1,2,0,1,0,0,2,2,2,1,1,1,1,2
68,-3733.968,-5647.011,-71.025,-147.282,-0.840677,0.540211,-0.037872,-0.541019,-0.840874,0.015139,-0.023668,0.033217,0.999168,0,0.92172,-0.03953,55.303,-0.079,525.000,425.000,950.000,375.000,-1,350.000,325.000,275.000,300.000,-1,-1,-1,675.000,575.000,600.000,575.000,-1,1,0,1,1,2,0,1,0,0,2,2,2,1,1,1,1,2
69,-3784.357,-5679.583,-72.638,-147.121,-0.839020,0.542574,-0.040729,-0.543424,-0.839358,0.013017,-0.027124,0.033055,0.999085,0,1.00000,0.08047,60.000,0.161,475.000,425.000,875.000,350.000,-1,350.000,325.000,275.000,300.000,-1,-1,-1,700.000,550.000,550.000,525.000,775.000,1,1,1,1,2,1,1,0,0,2,2,2,1,1,1,1,1
70,-3834.653,-5712.299,-74.408,-146.957,-0.837320,0.544970,-0.043627,-0.545858,-0.837806,0.010962,-0.030576,0.032993,0.998988,0,1.00000,0.08183,60.000,0.164,425.000,400.000,800.000,350.000,-1,325.000,300.000,275.000,300.000,-1,-1,-1,725.000,500.000,500.000,475.000,675.000,1,1,1,1,2,1,1,0,0,2,2,2,1,1,1,1,1
71,-3884.858,-5745.154,-76.020,-146.798,-0.835699,0.547319,-0.045272,-0.548180,-0.836318,0.008416,-0.033255,0.031850,0.998939,0,1.00000,0.07968,60.000,0.159,375.000,375.000,725.000,325.000,-1,300.000,275.000,275.000,300.000,-1,-1,-1,750.000,450.000,475.000,400.000,600.000,1,1,1,1,2,1,1,0,0,2,2,2,1,1,1,1,1
72,-3934.975,-5778.144,-77.177,-146.643,-0.834233,0.549629,-0.044317,-0.550346,-0.834922,0.004949,-0.034281,0.028518,0.999005,0,1.00000,0.07730,60.000,0.155,325.000,325.000,675.000,300.000,-1,275.000,250.000,275.000,300.000,-1,-1,-1,800.000,425.000,425.000,350.000,525.000,1,1,1,1,2,1,1,1,0,2,2,2,1,1,1,1,1
73,-3980.993,-5808.629,-77.959,-146.477,-0.832727,0.552114,-0.041673,-0.552633,-0.833424,0.001144,-0.034100,0.023983,0.999131,0,0.92000,0.08310,55.200,0.166,275.000,300.000,625.000,275.000,-1,275.000,250.000,275.000,325.000,-1,-1,-1,850.000,375.000,400.000,300.000,475.000,1,1,1,1,2,1,1,1,0,2,2,2,1,1,1,1,1
74,-4022.932,-5836.581,-77.681,-146.316,-0.831357,0.554477,-0.037423,-0.554900,-0.831916,0.001121,-0.030511,0.021698,0.999299,0,0.84000,0.08029,50.400,0.161,250.000,275.000,575.000,275.000,-1,250.000,225.000,275.000,325.000,-1,-1,-1,875.000,350.000,375.000,275.000,425.000,1,1,1,1,2,1,1,1,0,2,2,2,1,1,1,1,1
75,-4064.046,-5864.145,-75.909,-146.162,-0.830172,0.556699,-0.029995,-0.557136,-0.830380,0.008242,-0.020319,0.023553,0.999516,0,0.82499,0.07742,49.500,0.155,250.000,275.000,600.000,275.000,-1,250.000,225.000,275.000,350.000,-1,-1,-1,875.000,350.000,375.000,275.000,425.000,1,1,1,1,2,1,1,1,0,2,2,2,1,1,1,1,1
76,-4105.383,-5892.016,-73.628,-146.013,-0.829019,0.558826,-0.021004,-0.559160,-0.828896,0.016456,-0.008214,0.025387,0.999644,0,0.83094,0.07429,49.856,0.149,225.000,250.000,-1,275.000,-1,225.000,225.000,275.000,350.000,-1,-1,-1,900.000,350.000,375.000,250.000,425.000,1,1,2,1,2,1,1,1,0,2,2,2,1,1,1,1,1
77,-4146.945,-5920.187,-70.778,-145.871,-0.827857,0.560843,-0.010429,-0.560908,-0.827469,0.026032,0.005970,0.027401,0.999607,0,0.83682,0.07080,50.209,0.142,225.000,250.000,-1,275.000,-1,225.000,225.000,275.000,375.000,-1,300.000,375.000,900.000,350.000,375.000,225.000,425.000,1,1,2,1,2,1,1,1,0,2,0,0,1,1,1,1,1
78,983.898,7543.220,321.725,-165.186,-0.966762,0.255679,-0.000280,-0.255670,-0.966735,-0.007498,-0.002188,-0.007177,0.999972,1,0.00000,0.00000,50.557,0.134,-1,400.000,-1,400.000,-1,325.000,325.000,300.000,300.000,-1,-1,-1,-1,775.000,750.000,-1,-1,2,0,2,0,2,0,0,0,0,2,2,2,2,0,0,2,2
79,979.253,7542.012,321.709,-165.426,-0.967824,0.251627,-0.000438,-0.251616,-0.967797,-0.007618,-0.002340,-0.007263,0.999971,0,0.08000,-0.12000,4.800,-0.240,-1,400.000,-1,400.000,-1,325.000,325.000,300.000,300.000,-1,-1,-1,-1,775.000,750.000,-1,-1,2,0,2,0,2,0,0,0,0,2,2,2,2,0,0,2,2
80,969.942,7539.674,321.679,-165.906,-0.969898,0.243510,-0.000758,-0.243497,-0.969870,-0.007851,-0.002647,-0.007430,0.999969,0,0.16000,-0.24000,9.600,-0.480,-1,400.000,-1,400.000,-1,325.000,325.000,300.000,300.000,-1,-1,-1,-1,775.000,750.000,-1,-1,2,0,2,0,2,0,0,0,0,2,2,2,2,0,0,2,2
81,955.932,7536.343,321.636,-166.626,-0.972881,0.231303,-0.001248,-0.231286,-0.972852,-0.008182,-0.003107,-0.007671,0.999966,0,0.24000,-0.36000,14.400,-0.720,-1,400.000,-1,400.000,-1,325.000,325.000,300.000,300.000,-1,-1,-1,-1,775.000,750.000,-1,-1,2,0,2,0,2,0,0,0,0,2,2,2,2,0,0,2,2
82,937.193,7532.165,321.585,-167.430,-0.976032,0.217618,-0.001925,-0.217594,-0.976002,-0.008584,-0.003747,-0.007960,0.999961,0,0.32000,-0.40231,19.200,-0.805,-1,400.000,-1,400.000,-1,325.000,325.000,300.000,300.000,-1,-1,-1,-1,750.000,725.000,-1,-1,2,0,2,0,2,0,0,0,0,2,2,2,2,0,0,2,2
83,913.697,7527.271,321.529,-168.235,-0.978990,0.203890,-0.002798,-0.203858,-0.978959,-0.009036,-0.004582,-0.008275,0.999955,0,0.40000,-0.40231,24.000,-0.805,-1,400.000,-1,400.000,-1,325.000,325.000,300.000,300.000,-1,-1,-1,-1,750.000,725.000,-1,-1,2,0,2,0,2,0,0,0,0,2,2,2,2,0,0,2,2
84,885.422,7521.796,321.470,-169.040,-0.981753,0.190122,-0.003871,-0.190079,-0.981723,-0.009519,-0.005610,-0.008609,0.999947,0,0.48000,-0.40231,28.800,-0.805,-1,400.000,-1,400.000,-1,325.000,325.000,300.000,300.000,-1,-1,-1,-1,750.000,725.000,-1,-1,2,0,2,0,2,0,0,0,0,2,2,2,2,0,0,2,2
85,852.348,7515.871,321.407,-169.844,-0.984320,0.176317,-0.005148,-0.176260,-0.984293,-0.010017,-0.006833,-0.008952,0.999937,0,0.56000,-0.40231,33.600,-0.805,-1,400.000,-1,400.000,-1,325.000,325.000,300.000,300.000,-1,-1,-1,-1,725.000,700.000,-1,-1,2,0,2,0,2,0,0,0,0,2,2,2,2,0,0,2,2
86,814.459,7509.632,321.341,-170.649,-0.986690,0.162477,-0.006630,-0.162403,-0.986669,-0.010512,-0.008250,-0.009296,0.999923,0,0.64000,-0.40231,38.400,-0.805,-1,400.000,-1,375.000,-1,325.000,325.000,300.000,300.000,-1,-1,-1,-1,725.000,700.000,-1,-1,2,0,2,0,2,0,0,0,0,2,2,2,2,0,0,2,2
87,771.738,7503.211,321.274,-171.454,-0.988862,0.148605,-0.008320,-0.148511,-0.988850,-0.010988,-0.009860,-0.009630,0.999905,0,0.72000,-0.40231,43.200,-0.805,-1,375.000,-1,375.000,-1,325.000,325.000,300.000,300.000,-1,-1,-1,-1,700.000,700.000,-1,-1,2,0,2,0,2,0,0,0,0,2,2,2,2,0,0,2,2
88,727.260,7497.165,321.211,-172.258,-0.990835,0.134704,-0.010093,-0.134588,-0.990836,-0.011398,-0.011536,-0.009935,0.999884,0,0.74812,-0.40231,44.887,-0.805,-1,375.000,-1,375.000,-1,300.000,300.000,300.000,300.000,-1,-1,-1,-1,700.000,675.000,-1,-1,2,0,2,0,2,0,0,0,0,2,2,2,2,0,0,2,2
89,682.701,7491.743,321.069,-173.063,-0.992611,0.120776,-0.011673,-0.120645,-0.992630,-0.011386,-0.012962,-0.009893,0.999867,0,0.74812,-0.40231,44.887,-0.805,-1,375.000,-1,375.000,-1,300.000,300.000,300.000,300.000,-1,-1,-1,-1,675.000,675.000,-1,-1,2,0,2,0,2,0,0,0,0,2,2,2,2,0,0,2,2
90,638.071,7486.948,321.047,-173.867,-0.994208,0.106825,-0.011823,-0.106689,-0.994225,-0.011583,-0.012992,-0.010254,0.999863,0,0.74812,-0.40231,44.887,-0.805,-1,375.000,-1,375.000,-1,300.000,300.000,300.000,300.000,-1,-1,-1,-1,675.000,650.000,-1,-1,2,0,2,0,2,0,0,0,0,2,2,2,2,0,0,2,2
91,593.377,7482.779,320.971,-174.672,-0.995627,0.092852,-0.010234,-0.092728,-0.995620,-0.011950,-0.011299,-0.010949,0.999876,0,0.74812,-0.40231,44.887,-0.805,-1,375.000,-1,375.000,-1,300.000,300.000,300.000,300.000,-1,-1,-1,-1,675.000,650.000,-1,-1,2,0,2,0,2,0,0,0,0,2,2,2,2,0,0,2,2
92,548.630,7479.239,320.996,-175.477,-0.996851,0.078861,-0.008317,-0.078759,-0.996822,-0.011914,-0.009230,-0.011222,0.999894,0,0.74812,-0.40231,44.887,-0.805,-1,375.000,-1,375.000,-1,300.000,300.000,300.000,300.000,-1,-1,-1,-1,675.000,650.000,-1,-1,2,0,2,0,2,0,0,0,0,2,2,2,2,0,0,2,2
93,503.837,7476.328,321.025,-176.281,-0.997874,0.064855,-0.006392,-0.064776,-0.997829,-0.011910,-0.007150,-0.011470,0.999909,0,0.74812,-0.40231,44.887,-0.805,-1,375.000,-1,375.000,-1,300.000,300.000,300.000,325.000,-1,-1,-1,-1,675.000,650.000,-1,-1,2,0,2,0,2,0,0,0,0,2,2,2,2,0,0,2,2
94,459.008,7474.046,321.058,-177.086,-0.998697,0.050836,-0.004457,-0.050780,-0.998638,-0.011939,-0.005058,-0.011697,0.999919,0,0.74812,-0.40231,44.887,-0.805,-1,375.000,-1,375.000,-1,300.000,300.000,325.000,325.000,-1,-1,-1,-1,675.000,650.000,-1,-1,2,0,2,0,2,0,0,0,0,2,2,2,2,0,0,2,2
95,414.151,7472.394,321.098,-177.890,-0.999319,0.036807,-0.002514,-0.036775,-0.999251,-0.012007,-0.002954,-0.011907,0.999925,0,0.74812,-0.40231,44.887,-0.805,-1,375.000,-1,375.000,-1,300.000,300.000,325.000,325.000,-1,-1,-1,-1,675.000,650.000,-1,-1,2,0,2,0,2,0,0,0,0,2,2,2,2,0,0,2,2
96,367.278,7471.130,321.139,-178.455,-0.999636,0.026959,-0.000481,-0.026951,-0.999563,-0.012110,-0.000807,-0.012092,0.999927,0,0.78149,-0.28231,46.889,-0.565,-1,375.000,-1,375.000,-1,300.000,300.000,325.000,325.000,-1,-1,-1,-1,675.000,650.000,-1,-1,2,0,2,0,2,0,0,0,0,2,2,2,2,0,0,2,2
97,320.400,7470.131,321.180,-178.780,-0.999772,0.021295,0.001555,-0.021312,-0.999698,-0.012223,0.001294,-0.012253,0.999924,0,0.78149,-0.16231,46.889,-0.325,-1,375.000,-1,375.000,-1,325.000,325.000,325.000,325.000,-1,-1,-1,-1,650.000,650.000,-1,-1,2,0,2,0,2,0,0,0,0,2,2,2,2,0,0,2,2
98,273.520,7469.202,321.219,-178.864,-0.999797,0.019819,0.003589,-0.019861,-0.999727,-0.012326,0.003344,-0.012394,0.999918,0,0.78149,-0.04231,46.889,-0.085,-1,375.000,-1,375.000,-1,325.000,325.000,325.000,325.000,-1,-1,-1,-1,650.000,650.000,-1,-1,2,0,2,0,2,0,0,0,0,2,2,2,2,0,0,2,2
99,226.642,7468.145,321.253,-178.709,-0.999730,0.022530,0.005619,-0.022598,-0.999668,-0.012394,0.005338,-0.012517,0.999907,0,0.78149,0.07769,46.889,0.155,-1,375.000,-1,375.000,-1,300.000,325.000,325.000,300.000,-1,-1,-1,-1,650.000,650.000,-1,-1,2,0,2,0,2,0,0,0,0,2,2,2,2,0,0,2,2
100,179.773,7466.765,321.279,-178.314,-0.999538,0.029427,0.007639,-0.029521,-0.999487,-0.012403,0.007270,-0.012622,0.999894,0,0.78149,0.19769,46.889,0.395,-1,375.000,-1,375.000,-1,300.000,300.000,300.000,300.000,-1,450.000,425.000,-1,650.000,650.000,-1,-1,2,0,2,0,2,0,0,0,0,2,0,0,2,0,0,2,2
101,132.922,7464.866,321.294,-177.678,-0.999133,0.040509,0.009643,-0.040627,-0.999098,-0.012326,0.009135,-0.012707,0.999878,0,0.78149,0.31769,46.889,0.635,-1,375.000,-1,375.000,-1,300.000,300.000,300.000,300.000,-1,400.000,400.000,-1,650.000,625.000,-1,-1,2,0,2,0,2,0,0,0,0,2,0,0,2,0,0,2,2
102,86.105,7462.256,321.294,-176.810,-0.998383,0.055647,0.011622,-0.055787,-0.998369,-0.012137,0.010928,-0.012766,0.999859,0,0.78149,0.43420,46.889,0.868,-1,375.000,-1,375.000,-1,300.000,300.000,300.000,300.000,-1,375.000,375.000,-1,650.000,625.000,-1,-1,2,0,2,0,2,0,0,0,0,2,0,0,2,0,0,2,2
103,39.334,7458.938,321.281,-175.941,-0.997400,0.070772,0.013579,-0.070934,-0.997410,-0.011876,0.012703,-0.012808,0.999837,0,0.78149,0.43420,46.889,0.868,-1,375.000,-1,350.000,-1,300.000,300.000,300.000,300.000,-1,350.000,350.000,-1,650.000,625.000,-1,-1,2,0,2,0,2,0,0,0,0,2,0,0,2,0,0,2,2
104,-7.383,7454.910,321.778,-175.073,-0.996184,0.085878,0.015571,-0.086090,-0.996196,-0.013479,0.014355,-0.014768,0.999788,0,0.78149,0.43420,46.889,0.868,-1,375.000,-1,350.000,-1,300.000,300.000,300.000,300.000,-1,350.000,375.000,-1,650.000,625.000,-1,-1,2,0,2,0,2,0,0,0,0,2,0,0,2,0,0,2,2
105,-54.032,7450.175,323.047,-174.205,-0.994730,0.100964,0.017858,-0.101228,-0.994757,-0.014539,0.016297,-0.016270,0.999735,0,0.78149,0.43420,46.889,0.868,-1,375.000,-1,350.000,-1,300.000,300.000,300.000,300.000,-1,375.000,400.000,-1,650.000,650.000,-1,-1,2,0,2,0,2,0,0,0,0,2,0,0,2,0,0,2,2
106,-100.605,7444.734,324.511,-173.336,-0.993035,0.116028,0.020462,-0.116336,-0.993103,-0.014597,0.018627,-0.016876,0.999684,0,0.78149,0.43420,46.889,0.868,-1,375.000,-1,375.000,-1,300.000,300.000,300.000,300.000,-1,375.000,400.000,-1,675.000,650.000,-1,-1,2,0,2,0,2,0,0,0,0,2,0,0,2,0,0,2,2
107,-147.090,7438.588,325.957,-172.468,-0.991106,0.131065,0.023043,-0.131418,-0.991220,-0.014564,0.020932,-0.017462,0.999628,0,0.78149,0.43420,46.889,0.868,-1,375.000,-1,375.000,-1,300.000,300.000,300.000,300.000,-1,400.000,425.000,-1,675.000,650.000,-1,-1,2,0,2,0,2,0,0,0,0,2,0,0,2,0,0,2,2
108,-193.476,7431.737,327.382,-171.599,-0.988943,0.146071,0.025597,-0.146469,-0.989110,-0.014437,0.023209,-0.018026,0.999568,0,0.78149,0.43420,46.889,0.868,-1,375.000,-1,375.000,-1,300.000,300.000,300.000,325.000,-1,400.000,425.000,-1,675.000,650.000,-1,-1,2,0,2,0,2,0,0,0,0,2,0,0,2,0,0,2,2
109,-244.525,7423.625,328.943,-170.971,-0.987205,0.156909,0.028398,-0.157354,-0.987440,-0.014175,0.025817,-0.018462,0.999496,0,0.86149,0.31420,51.689,0.628,-1,375.000,-1,375.000,-1,300.000,300.000,325.000,300.000,-1,425.000,450.000,-1,675.000,650.000,-1,-1,2,0,2,0,2,0,0,0,0,2,0,0,2,0,0,2,2
110,-299.612,7414.489,330.620,-170.583,-0.986027,0.163598,0.031416,-0.164092,-0.986349,-0.013805,0.028728,-0.018767,0.999411,0,0.93066,0.19420,55.839,0.388,-1,375.000,-1,375.000,-1,300.000,300.000,325.000,300.000,-1,425.000,450.000,-1,675.000,650.000,-1,-1,2,0,2,0,2,0,0,0,0,2,0,0,2,0,0,2,2
111,-354.675,7405.209,332.292,-170.434,-0.985499,0.166152,0.034435,-0.166691,-0.985918,-0.013389,0.031725,-0.018935,0.999317,0,0.93066,0.07420,55.839,0.148,-1,375.000,-1,375.000,-1,300.000,300.000,325.000,300.000,-1,425.000,450.000,-1,675.000,650.000,-1,-1,2,0,2,0,2,0,0,0,0,2,0,0,2,0,0,2,2
112,-409.753,7396.018,333.967,-170.526,-0.985653,0.164576,0.037467,-0.165157,-0.986182,-0.012967,0.034816,-0.018969,0.999214,0,0.93066,-0.04580,55.839,-0.092,-1,375.000,-1,375.000,-1,325.000,300.000,325.000,300.000,-1,450.000,475.000,-1,675.000,675.000,-1,-1,2,0,2,0,2,0,0,0,0,2,0,0,2,0,0,2,2
113,-464.883,7387.145,335.648,-170.857,-0.986468,0.158866,0.040526,-0.159488,-0.987120,-0.012579,0.038006,-0.018872,0.999099,0,0.93066,-0.16580,55.839,-0.332,-1,375.000,-1,375.000,-1,300.000,300.000,325.000,300.000,-1,400.000,425.000,-1,700.000,675.000,-1,-1,2,0,2,0,2,0,0,0,0,2,0,0,2,0,0,2,2
114,-520.099,7378.823,337.341,-171.429,-0.987873,0.149011,0.043624,-0.149671,-0.988660,-0.012267,0.041301,-0.018647,0.998973,0,0.93066,-0.28580,55.839,-0.572,-1,375.000,-1,375.000,-1,300.000,300.000,325.000,300.000,-1,375.000,375.000,-1,700.000,675.000,-1,-1,2,0,2,0,2,0,0,0,0,2,0,0,2,0,0,2,2
115,-575.428,7371.284,339.052,-172.240,-0.989742,0.134993,0.046769,-0.135691,-0.990678,-0.012074,0.044703,-0.018296,0.998833,0,0.93066,-0.40580,55.839,-0.812,-1,375.000,-1,375.000,-1,300.000,300.000,325.000,300.000,-1,325.000,350.000,-1,700.000,675.000,-1,-1,2,0,2,0,2,0,0,0,0,2,0,0,2,0,0,2,2
116,-630.885,7364.762,340.926,-173.292,-0.991916,0.116789,0.049625,-0.117545,-0.992988,-0.012602,0.047805,-0.018334,0.998688,0,0.93066,-0.52580,55.839,-1.052,-1,375.000,-1,375.000,-1,300.000,300.000,300.000,300.000,-1,300.000,325.000,-1,700.000,675.000,-1,-1,2,0,2,0,2,0,0,0,0,2,0,0,2,0,0,2,2
117,-686.476,7359.491,343.554,-174.584,-0.994182,0.094374,0.051930,-0.095272,-0.995337,-0.015092,0.050263,-0.019951,0.998537,0,0.93066,-0.64580,55.839,-1.292,-1,375.000,-1,375.000,-1,300.000,300.000,300.000,300.000,-1,325.000,350.000,-1,700.000,675.000,-1,-1,2,0,2,0,2,0,0,0,0,2,0,0,2,0,0,2,2
118,-737.398,7356.034,346.651,-176.115,-0.996262,0.067738,0.053599,-0.068620,-0.997533,-0.014791,0.052465,-0.018414,0.998453,0,0.85066,-0.76580,51.039,-1.532,-1,375.000,-1,375.000,-1,300.000,300.000,300.000,300.000,-1,350.000,375.000,-1,700.000,700.000,-1,-1,2,0,2,0,2,0,0,0,0,2,0,0,2,0,0,2,2
119,-786.397,7354.226,349.653,-177.887,-0.997792,0.036868,0.055250,-0.037726,-0.999182,-0.014572,0.054668,-0.016624,0.998366,0,0.81719,-0.88580,49.032,-1.772,-1,375.000,-1,375.000,-1,300.000,300.000,300.000,300.000,-1,375.000,400.000,-1,700.000,700.000,-1,-1,2,0,2,0,2,0,0,0,0,2,0,0,2,0,0,2,2
120,-835.428,7354.130,352.677,-179.887,-0.998376,0.001975,0.056935,-0.002802,-0.999892,-0.014455,0.056901,-0.014591,0.998273,0,0.81719,-1.00000,49.032,-2.000,-1,375.000,-1,375.000,-1,300.000,300.000,325.000,300.000,-1,400.000,425.000,-1,675.000,700.000,-1,-1,2,0,2,0,2,0,0,0,0,2,0,0,2,0,0,2,2
121,-884.434,7355.744,355.719,-181.887,-0.997737,-0.032923,0.058620,0.032127,-0.999379,-0.014470,0.059060,-0.012554,0.998175,0,0.81719,-1.00000,49.032,-2.000,-1,375.000,-1,375.000,-1,300.000,300.000,325.000,300.000,-1,450.000,450.000,-1,675.000,700.000,-1,-1,2,0,2,0,2,0,0,0,0,2,0,0,2,0,0,2,2
122,-933.353,7359.068,358.774,-183.887,-0.995877,-0.067782,0.060291,0.067018,-0.997645,-0.014614,0.061140,-0.010513,0.998074,0,0.81719,-1.00000,49.032,-2.000,-1,375.000,-1,375.000,-1,325.000,325.000,325.000,300.000,-1,475.000,475.000,-1,675.000,725.000,-1,-1,2,0,2,0,2,0,0,0,0,2,0,0,2,0,0,2,2
123,-982.126,7364.097,361.839,-185.887,-0.992797,-0.102560,0.061934,0.101828,-0.994691,-0.014880,0.063131,-0.008466,0.997969,0,0.81719,-1.00000,49.032,-2.000,-1,375.000,-1,375.000,-1,325.000,325.000,325.000,300.000,-1,475.000,475.000,-1,675.000,725.000,-1,-1,2,0,2,0,2,0,0,0,0,2,0,0,2,0,0,2,2
124,-1030.694,7370.825,364.911,-187.887,-0.988502,-0.137214,0.063536,0.136514,-0.990521,-0.015261,0.065028,-0.006412,0.997863,0,0.81719,-1.00000,49.032,-2.000,-1,375.000,-1,375.000,-1,325.000,325.000,300.000,300.000,-1,500.000,500.000,-1,675.000,750.000,-1,-1,2,0,2,0,2,0,0,0,0,2,0,0,2,0,0,2,2
125,-1078.998,7379.244,367.985,-189.887,-0.982997,-0.171701,0.065086,0.171033,-0.985139,-0.015751,0.066824,-0.004351,0.997755,0,0.81719,-1.00000,49.032,-2.000,-1,375.000,-1,400.000,-1,325.000,325.000,300.000,300.000,-1,525.000,525.000,-1,675.000,750.000,-1,-1,2,0,2,0,2,0,0,0,0,2,0,0,2,0,0,2,2
126,-1126.978,7389.344,371.060,-191.887,-0.976289,-0.205979,0.066574,0.205342,-0.978554,-0.016340,0.068511,-0.002282,0.997648,0,0.81719,-1.00000,49.032,-2.000,-1,375.000,-1,400.000,-1,325.000,325.000,300.000,300.000,-1,550.000,550.000,-1,675.000,775.000,-1,-1,2,0,2,0,2,0,0,0,0,2,0,0,2,0,0,2,2
127,-1174.577,7401.111,374.131,-193.887,-0.968388,-0.240005,0.067988,0.239401,-0.970772,-0.017019,0.070085,-0.000205,0.997541,0,0.81719,-1.00000,49.032,-2.000,-1,375.000,-1,400.000,-1,325.000,325.000,300.000,300.000,-1,575.000,575.000,-1,675.000,800.000,-1,-1,2,0,2,0,2,0,0,0,0,2,0,0,2,0,0,2,2
128,-1221.736,7414.533,377.216,-195.887,-0.959306,-0.273738,0.069278,0.273173,-0.961802,-0.017679,0.071472,0.001965,0.997441,0,0.81719,-1.00000,49.032,-2.000,-1,375.000,-1,400.000,-1,300.000,325.000,300.000,300.000,-1,525.000,550.000,-1,675.000,825.000,-1,-1,2,0,2,0,2,0,0,0,0,2,0,0,2,0,0,2,2
129,-1268.398,7429.592,380.704,-197.887,-0.949052,-0.307133,0.070495,0.306736,-0.951649,-0.016650,0.072200,0.005822,0.997373,0,0.81719,-1.00000,49.032,-2.000,-1,375.000,-1,400.000,-1,300.000,325.000,300.000,300.000,-1,550.000,550.000,-1,700.000,850.000,-1,-1,2,0,2,0,2,0,0,0,0,2,0,0,2,0,0,2,2
130,-1314.506,7446.270,384.339,-199.887,-0.937576,-0.340145,0.072478,0.339961,-0.940316,-0.015245,0.073338,0.010346,0.997253,0,0.81719,-1.00000,49.032,-2.000,-1,375.000,-1,400.000,-1,325.000,325.000,300.000,300.000,-1,575.000,550.000,-1,700.000,875.000,-1,-1,2,0,2,0,2,0,0,0,0,2,0,0,2,0,0,2,2
131,-1360.004,7464.546,387.923,-201.887,-0.924952,-0.372734,0.074379,0.372760,-0.927821,-0.014049,0.074247,0.014731,0.997131,0,0.81719,-1.00000,49.032,-2.000,-1,375.000,-1,400.000,-1,325.000,325.000,300.000,300.000,-1,575.000,550.000,-1,725.000,925.000,-1,-1,2,0,2,0,2,0,0,0,0,2,0,0,2,0,0,2,2
132,-1404.837,7484.400,391.591,-203.887,-0.911248,-0.404863,0.075590,0.405063,-0.914191,-0.013357,0.074512,0.018447,0.997049,0,0.81719,-1.00000,49.032,-2.000,-1,375.000,-1,400.000,-1,325.000,325.000,300.000,300.000,-1,625.000,575.000,-1,750.000,950.000,-1,-1,2,0,2,0,2,0,0,0,0,2,0,0,2,0,0,2,2
133,-1448.949,7505.806,395.251,-205.887,-0.896457,-0.436491,0.076427,0.436845,-0.899444,-0.012920,0.074381,0.021805,0.996991,0,0.81719,-1.00000,49.032,-2.000,-1,400.000,-1,425.000,-1,325.000,325.000,300.000,300.000,-1,650.000,600.000,-1,775.000,975.000,-1,-1,2,0,2,0,2,0,0,0,0,2,0,0,2,0,0,2,2
134,-1492.288,7528.738,398.810,-207.887,-0.880583,-0.467579,0.077095,0.468088,-0.883594,-0.012451,0.073943,0.025123,0.996946,0,0.81719,-1.00000,49.032,-2.000,-1,400.000,-1,425.000,-1,325.000,325.000,300.000,300.000,-1,725.000,650.000,-1,825.000,1000.000,-1,-1,2,0,2,0,2,0,0,0,0,2,0,0,2,0,0,2,2
