timestep,x_cm,y_cm,z_cm,yaw_deg,basis_xx,basis_xy,basis_xz,basis_yx,basis_yy,basis_yz,basis_zx,basis_zy,basis_zz,teleport_flag,throttle_cmd,steering_cmd,cmd_move_cm,cmd_turn_deg,lidar_cm_0,lidar_cm_1,lidar_cm_2,lidar_cm_3,lidar_cm_4,lidar_cm_5,lidar_cm_6,lidar_cm_7,lidar_cm_8,lidar_cm_9,lidar_cm_10,lidar_cm_11,lidar_cm_12,lidar_cm_13,lidar_cm_14,lidar_cm_15,lidar_cm_16,lidar_class_0,lidar_class_1,lidar_class_2,lidar_class_3,lidar_class_4,lidar_class_5,lidar_class_6,lidar_class_7,lidar_class_8,lidar_class_9,lidar_class_10,lidar_class_11,lidar_class_12,lidar_class_13,lidar_class_14,lidar_class_15,lidar_class_16
0,-4266.224,8195.160,-283.078,-123.853,-0.557107,0.829769,0.033382,-0.830440,-0.556594,-0.023936,-0.001281,-0.041057,0.999156,1,0.08000,0.12000,4.800,0.240,-1,375.000,-1,400.000,-1,325.000,325.000,300.000,325.000,-1,375.000,350.000,-1,700.000,850.000,-1,-1,2,0,2,0,2,0,0,0,0,2,0,0,2,0,0,2,2
1,-4271.505,8187.143,-283.146,-123.373,-0.550132,0.834408,0.033425,-0.835076,-0.549627,-0.023626,-0.001342,-0.040910,0.999162,0,0.16000,0.24000,9.600,0.480,-1,375.000,-1,400.000,-1,325.000,325.000,300.000,325.000,-1,375.000,375.000,-1,700.000,850.000,-1,-1,2,0,2,0,2,0,0,0,0,2,0,0,2,0,0,2,2
2,-4279.275,8175.019,-283.254,-122.653,-0.539599,0.841256,0.033482,-0.841921,-0.539103,-0.023171,-0.001442,-0.040693,0.999171,0,0.24000,0.36000,14.400,0.720,-1,375.000,-1,400.000,-1,325.000,325.000,300.000,325.000,-1,375.000,375.000,-1,700.000,825.000,-1,-1,2,0,2,0,2,0,0,0,0,2,0,0,2,0,0,2,2
3,-4289.383,8158.696,-283.406,-121.768,-0.526540,0.849488,0.033561,-0.850149,-0.526057,-0.022587,-0.001533,-0.040425,0.999181,0,0.32000,0.44227,19.200,0.885,-1,375.000,-1,400.000,-1,325.000,325.000,300.000,325.000,-1,375.000,375.000,-1,700.000,825.000,-1,-1,2,0,2,0,2,0,0,0,0,2,0,0,2,0,0,2,2
4,-4301.702,8138.099,-283.606,-120.883,-0.513335,0.857527,0.033687,-0.858187,-0.512870,-0.021893,-0.001497,-0.040148,0.999193,0,0.40000,0.44280,24.000,0.886,-1,375.000,-1,400.000,-1,325.000,325.000,300.000,325.000,-1,375.000,375.000,-1,700.000,825.000,-1,-1,2,0,2,0,2,0,0,0,0,2,0,0,2,0,0,2,2
5,-4316.100,8113.157,-283.855,-119.996,-0.499979,0.865376,0.033844,-0.866037,-0.499535,-0.021106,-0.001358,-0.039863,0.999204,0,0.48000,0.44366,28.800,0.887,-1,375.000,-1,400.000,-1,325.000,325.000,300.000,325.000,-1,375.000,375.000,-1,700.000,825.000,-1,-1,2,0,2,0,2,0,0,0,0,2,0,0,2,0,0,2,2
6,-4332.444,8083.800,-284.152,-119.106,-0.486462,0.873039,0.034016,-0.873701,-0.486042,-0.020244,-0.001141,-0.039568,0.999216,0,0.56000,0.44489,33.600,0.890,-1,375.000,-1,400.000,-1,325.000,325.000,300.000,325.000,-1,375.000,400.000,-1,700.000,825.000,-1,-1,2,0,2,0,2,0,0,0,0,2,0,0,2,0,0,2,2
7,-4350.598,8049.962,-284.507,-118.213,-0.472779,0.880517,0.034206,-0.881181,-0.472382,-0.019383,-0.000908,-0.039305,0.999227,0,0.64000,0.44647,38.400,0.893,-1,375.000,-1,400.000,-1,325.000,325.000,300.000,300.000,-1,400.000,400.000,-1,700.000,825.000,-1,-1,2,0,2,0,2,0,0,0,0,2,0,0,2,0,0,2,2
8,-4368.805,8014.711,-284.735,-117.316,-0.458944,0.887832,0.033533,-0.888464,-0.458557,-0.018910,-0.001412,-0.038471,0.999259,0,0.66126,0.44844,39.675,0.897,-1,375.000,-1,400.000,-1,325.000,325.000,300.000,300.000,-1,425.000,425.000,-1,700.000,825.000,-1,-1,2,0,2,0,2,0,0,0,0,2,0,0,2,0,0,2,2
9,-4386.460,7979.169,-284.939,-116.415,-0.444936,0.894966,0.032685,-0.895560,-0.444554,-0.018559,-0.002079,-0.037528,0.999293,0,0.66143,0.45053,39.686,0.901,-1,375.000,-1,400.000,-1,325.000,325.000,300.000,300.000,-1,475.000,475.000,-1,700.000,825.000,-1,-1,2,0,2,0,2,0,0,0,0,2,0,0,2,0,0,2,2
10,-4403.555,7943.346,-285.111,-115.510,-0.430747,0.901914,0.031758,-0.902469,-0.430376,-0.018075,-0.002634,-0.036446,0.999332,0,0.66155,0.45264,39.693,0.905,-1,375.000,-1,400.000,-1,325.000,325.000,300.000,300.000,-1,500.000,500.000,-1,700.000,825.000,-1,-1,2,0,2,0,2,0,0,0,0,2,0,0,2,0,0,2,2
11,-4420.080,7907.253,-285.177,-114.600,-0.416369,0.908682,0.030569,-0.909191,-0.416027,-0.017109,-0.002829,-0.034917,0.999386,0,0.66160,0.45479,39.696,0.910,-1,375.000,-1,400.000,-1,325.000,325.000,300.000,300.000,-1,525.000,525.000,-1,700.000,800.000,-1,-1,2,0,2,0,2,0,0,0,0,2,0,0,2,0,0,2,2
12,-4436.027,7870.902,-285.256,-113.686,-0.401817,0.915249,0.029385,-0.915715,-0.401500,-0.016227,-0.003053,-0.033428,0.999436,0,0.66159,0.45696,39.695,0.914,-1,375.000,-1,400.000,-1,325.000,325.000,325.000,300.000,-1,575.000,550.000,-1,700.000,800.000,-1,-1,2,0,2,0,2,0,0,0,0,2,0,0,2,0,0,2,2
13,-4451.387,7834.305,-285.349,-112.768,-0.387092,0.921610,0.028208,-0.922035,-0.386798,-0.015426,-0.003306,-0.031980,0.999483,0,0.66150,0.45916,39.690,0.918,-1,375.000,-1,400.000,-1,300.000,325.000,325.000,300.000,-1,600.000,600.000,-1,700.000,800.000,-1,-1,2,0,2,0,2,0,0,0,0,2,0,0,2,0,0,2,2
14,-4466.153,7797.474,-285.447,-111.845,-0.372196,0.927759,0.027062,-0.928147,-0.371922,-0.014740,-0.003610,-0.030604,0.999525,0,0.66135,0.46139,39.681,0.923,-1,375.000,-1,375.000,-1,300.000,325.000,325.000,300.000,-1,625.000,625.000,-1,700.000,800.000,-1,-1,2,0,2,0,2,0,0,0,0,2,0,0,2,0,0,2,2
15,-4480.316,7760.421,-285.552,-110.918,-0.357132,0.933694,0.025945,-0.934046,-0.356873,-0.014155,-0.003957,-0.029289,0.999563,0,0.66112,0.46364,39.667,0.927,-1,375.000,-1,375.000,-1,300.000,325.000,300.000,300.000,-1,675.000,650.000,-1,700.000,800.000,-1,-1,2,0,2,0,2,0,0,1,0,2,0,0,2,0,0,2,2
16,-4493.867,7723.160,-285.444,-109.986,-0.341882,0.939386,0.025900,-0.939736,-0.341645,-0.013218,-0.003568,-0.028858,0.999577,0,0.66082,0.46592,39.649,0.932,-1,375.000,-1,375.000,-1,300.000,325.000,300.000,325.000,-1,700.000,675.000,-1,700.000,800.000,-1,-1,2,0,2,0,2,0,0,1,0,2,0,0,2,0,0,2,2
17,-4506.801,7685.703,-285.356,-109.049,-0.326465,0.944855,0.025861,-0.945204,-0.326251,-0.012249,-0.003136,-0.028443,0.999591,0,0.66044,0.46823,39.626,0.936,-1,375.000,-1,375.000,-1,300.000,325.000,300.000,325.000,-1,700.000,675.000,-1,700.000,800.000,-1,-1,2,0,2,0,2,0,0,1,0,2,0,0,2,0,0,2,2
18,-4519.109,7648.066,-285.294,-108.108,-0.310884,0.950098,0.025799,-0.950444,-0.310691,-0.011258,-0.002681,-0.028021,0.999604,0,0.65998,0.47056,39.599,0.941,-1,375.000,-1,375.000,-1,300.000,325.000,275.000,325.000,-1,700.000,675.000,-1,700.000,775.000,-1,-1,2,0,2,0,2,0,0,1,0,2,0,0,2,0,0,2,2
19,-4530.784,7610.261,-285.258,-107.162,-0.295139,0.955108,0.025714,-0.955452,-0.294969,-0.010247,-0.002202,-0.027593,0.999617,0,0.65944,0.47290,39.567,0.946,-1,375.000,-1,400.000,-1,325.000,325.000,275.000,325.000,-1,700.000,675.000,-1,700.000,775.000,-1,-1,2,0,2,0,2,0,0,1,0,2,0,0,2,0,0,2,2
20,-4541.821,7572.304,-285.247,-106.212,-0.279234,0.959882,0.025603,-0.960221,-0.279088,-0.009215,-0.001700,-0.027158,0.999630,0,0.65882,0.47527,39.529,0.951,1000.000,375.000,-1,400.000,-1,325.000,325.000,275.000,325.000,-1,700.000,675.000,-1,700.000,775.000,-1,-1,1,0,2,0,2,0,0,1,0,2,0,0,2,0,0,2,2
21,-4552.212,7534.208,-285.260,-105.257,-0.263172,0.964413,0.025467,-0.964748,-0.263048,-0.008165,-0.001176,-0.026718,0.999642,0,0.65813,0.47765,39.488,0.955,975.000,375.000,-1,400.000,-1,325.000,325.000,275.000,325.000,-1,700.000,675.000,-1,725.000,775.000,-1,-1,1,0,2,0,2,0,0,1,0,2,0,0,2,0,0,2,2
22,-4561.953,7495.989,-285.299,-104.299,-0.246994,0.968687,0.025304,-0.969017,-0.246893,-0.007097,-0.000627,-0.026272,0.999655,0,0.65735,0.47891,39.441,0.958,950.000,375.000,-1,400.000,-1,325.000,325.000,250.000,325.000,-1,700.000,675.000,-1,725.000,775.000,-1,-1,1,0,2,0,2,0,0,1,0,2,0,0,2,0,0,2,2
23,-4571.040,7457.663,-285.362,-103.339,-0.230707,0.972699,0.025113,-0.973023,-0.230629,-0.006012,-0.000056,-0.025822,0.999667,0,0.65648,0.48006,39.389,0.960,925.000,375.000,-1,400.000,-1,325.000,325.000,250.000,350.000,-1,675.000,650.000,-1,725.000,775.000,-1,-1,1,0,2,0,2,0,0,1,0,2,0,0,2,0,0,2,2
24,-4579.471,7419.245,-285.449,-102.376,-0.214318,0.976447,0.024894,-0.976764,-0.214263,-0.004911,0.000538,-0.025368,0.999678,0,0.65554,0.48116,39.332,0.962,900.000,375.000,-1,400.000,-1,325.000,325.000,250.000,350.000,-1,675.000,650.000,-1,725.000,775.000,-1,-1,1,0,2,0,2,0,0,1,0,2,0,0,2,0,0,2,2
25,-4587.241,7380.751,-285.560,-101.412,-0.197833,0.979926,0.024646,-0.980235,-0.197800,-0.003796,0.001155,-0.024910,0.999689,0,0.65451,0.48220,39.271,0.964,875.000,375.000,-1,400.000,-1,325.000,325.000,250.000,350.000,-1,650.000,625.000,-1,725.000,775.000,-1,-1,1,0,2,0,2,0,0,1,0,2,0,0,2,0,0,2,2
26,-4594.349,7342.196,-285.722,-100.446,-0.181255,0.983131,0.024496,-0.983434,-0.181247,-0.002600,0.001883,-0.024561,0.999697,0,0.65340,0.48318,39.204,0.966,850.000,375.000,-1,375.000,-1,325.000,325.000,250.000,325.000,-1,650.000,600.000,-1,725.000,775.000,-1,-1,1,0,2,0,2,0,0,1,0,2,0,0,2,0,0,2,2
27,-4600.793,7303.597,-285.920,-99.477,-0.164593,0.986060,0.024379,-0.986358,-0.164610,-0.001352,0.002680,-0.024269,0.999702,0,0.65222,0.48410,39.133,0.968,850.000,375.000,-1,375.000,-1,325.000,325.000,250.000,325.000,-1,625.000,575.000,-1,750.000,775.000,-1,-1,1,0,2,0,2,0,0,1,0,2,0,0,2,0,0,2,2
28,-4606.709,7262.890,-286.141,-98.269,-0.143742,0.989321,0.024125,-0.989609,-0.143783,-0.000050,0.003419,-0.023881,0.999709,0,0.68558,0.60410,41.135,1.208,800.000,375.000,-1,375.000,-1,325.000,325.000,250.000,325.000,-1,575.000,525.000,-1,750.000,775.000,-1,-1,1,0,2,0,2,0,0,1,0,2,0,0,2,0,0,2,2
29,-4611.587,7222.114,-286.241,-96.821,-0.118685,0.992663,0.023120,-0.992925,-0.118736,0.000853,0.003592,-0.022855,0.999732,0,0.68445,0.72410,41.067,1.448,775.000,400.000,-1,375.000,-1,325.000,325.000,250.000,325.000,-1,550.000,525.000,-1,750.000,750.000,-1,-1,1,0,2,0,2,0,0,1,0,2,0,0,2,0,0,2,2
30,-4615.256,7181.264,-286.231,-95.133,-0.089388,0.995741,0.022574,-0.995991,-0.089442,0.001388,0.003401,-0.022359,0.999744,0,0.68358,0.84410,41.015,1.688,700.000,400.000,-1,375.000,-1,325.000,325.000,225.000,325.000,-1,575.000,525.000,-1,775.000,750.000,-1,-1,1,0,2,0,2,0,0,1,0,2,0,0,2,0,0,2,2
31,-4617.547,7140.347,-285.977,-93.205,-0.055831,0.998174,0.023036,-0.998436,-0.055887,0.001777,0.003062,-0.022901,0.999733,0,0.68301,0.96410,40.981,1.928,650.000,400.000,-1,375.000,-1,325.000,325.000,225.000,325.000,-1,575.000,550.000,-1,775.000,750.000,-1,-1,1,0,2,0,2,0,0,1,0,2,0,0,2,0,0,2,2
32,-4618.408,7099.392,-285.766,-91.205,-0.020960,0.999505,0.023463,-0.999777,-0.021017,0.002182,0.002674,-0.023412,0.999722,0,0.68274,1.00000,40.965,2.000,600.000,400.000,-1,375.000,-1,325.000,325.000,225.000,350.000,-1,600.000,575.000,-1,775.000,725.000,-1,-1,1,0,2,0,2,0,0,1,0,2,0,0,2,0,0,2,2
33,-4617.839,7058.443,-285.601,-89.205,0.013936,0.999618,0.023847,-0.999900,0.013878,0.002590,0.002258,-0.023881,0.999712,0,0.68255,1.00000,40.953,2.000,525.000,400.000,-1,375.000,-1,325.000,325.000,225.000,350.000,-1,625.000,600.000,-1,800.000,725.000,-1,-1,1,0,2,0,2,0,0,1,0,2,0,0,2,1,0,2,2
34,-4615.843,7017.553,-285.483,-87.205,0.048814,0.998515,0.024188,-0.998806,0.048755,0.002991,0.001808,-0.024305,0.999703,0,0.68231,1.00000,40.939,2.000,475.000,400.000,-1,375.000,-1,325.000,325.000,225.000,350.000,-1,625.000,625.000,-1,775.000,725.000,-1,-1,1,0,2,0,2,0,0,1,0,2,0,0,2,1,0,2,2
35,-4612.421,6976.774,-285.414,-85.205,0.083630,0.996196,0.024484,-0.996496,0.083573,0.003376,0.001317,-0.024680,0.999695,0,0.68204,1.00000,40.923,2.000,450.000,400.000,-1,375.000,-1,325.000,325.000,225.000,350.000,-1,650.000,650.000,-1,750.000,750.000,-1,-1,1,0,2,0,2,0,0,1,0,2,0,0,2,1,0,2,2
36,-4607.581,6936.157,-285.395,-83.205,0.118344,0.992664,0.024737,-0.992972,0.118288,0.003736,0.000782,-0.025005,0.999687,0,0.68174,1.00000,40.904,2.000,400.000,400.000,-1,375.000,-1,325.000,325.000,225.000,350.000,-1,675.000,675.000,-1,725.000,750.000,-1,-1,1,0,2,0,2,0,0,1,0,2,0,0,2,1,0,2,2
37,-4601.330,6895.754,-285.427,-81.205,0.152912,0.987925,0.024950,-0.988240,0.152858,0.004060,0.000197,-0.025277,0.999680,0,0.68140,1.00000,40.884,2.000,350.000,400.000,-1,400.000,-1,325.000,325.000,200.000,325.000,-1,700.000,725.000,-1,700.000,750.000,-1,-1,1,0,2,0,2,0,0,1,0,2,0,0,2,1,0,2,2
38,-4594.571,6860.309,-285.503,-79.205,0.187291,0.981984,0.025093,-0.982304,0.187242,0.004316,-0.000460,-0.025457,0.999676,0,0.60140,1.00000,36.084,2.000,325.000,400.000,-1,400.000,-1,325.000,325.000,200.000,325.000,-1,725.000,750.000,-1,675.000,775.000,-1,-1,1,0,2,0,2,0,0,1,0,2,0,0,2,1,0,2,2
39,-4587.643,6829.801,-284.857,-77.205,0.221499,0.974921,0.021603,-0.975160,0.221415,0.006235,0.001295,-0.022447,0.999747,0,0.52140,1.00000,31.284,2.000,300.000,400.000,-1,400.000,-1,325.000,325.000,200.000,325.000,-1,700.000,700.000,-1,675.000,775.000,475.000,-1,1,1,2,0,2,0,0,1,0,2,0,0,2,1,0,1,2
40,-4580.881,6804.195,-283.941,-75.205,0.255436,0.966685,0.016538,-0.966818,0.255326,0.008464,0.003959,-0.018151,0.999827,0,0.44140,1.00000,26.484,2.000,300.000,400.000,-1,400.000,-1,350.000,325.000,200.000,325.000,-1,650.000,650.000,-1,675.000,800.000,450.000,-1,1,1,2,0,2,0,0,1,0,2,0,0,2,1,0,1,2
41,-4574.617,6783.436,-283.096,-73.205,0.289035,0.957248,0.011581,-0.957297,0.288927,0.010164,0.006384,-0.014025,0.999881,0,0.36140,1.00000,21.684,2.000,300.000,375.000,-1,425.000,-1,350.000,350.000,200.000,325.000,-1,600.000,600.000,-1,675.000,850.000,425.000,-1,1,1,2,0,2,0,0,1,0,2,0,0,2,1,0,1,2
42,-4569.177,6767.452,-282.332,-71.205,0.322260,0.946626,0.006875,-0.946613,0.322173,0.011332,0.008512,-0.010160,0.999912,0,0.28140,1.00000,16.884,2.000,300.000,375.000,-1,425.000,-1,350.000,350.000,225.000,300.000,-1,575.000,575.000,-1,675.000,875.000,425.000,-1,1,1,2,0,2,0,0,1,0,2,0,0,2,1,0,1,2
43,-4564.887,6756.155,-281.660,-69.205,0.355077,0.934833,0.002563,-0.934780,0.355024,0.011977,0.010287,-0.006648,0.999925,0,0.20140,1.00000,12.084,2.000,300.000,375.000,-1,425.000,-1,375.000,350.000,225.000,300.000,-1,550.000,525.000,-1,650.000,900.000,400.000,-1,1,1,2,0,2,1,0,1,0,2,0,0,2,1,0,1,2
44,-4562.065,6749.440,-281.088,-67.205,0.387454,0.921888,-0.001211,-0.921815,0.387439,0.012130,0.011652,-0.003583,0.999926,0,0.12140,1.00000,7.284,2.000,275.000,375.000,-1,450.000,-1,350.000,350.000,225.000,300.000,-1,550.000,450.000,-1,625.000,900.000,375.000,-1,1,1,2,0,2,1,0,1,0,2,0,0,2,1,0,1,2
45,-4561.024,6747.185,-280.628,-65.205,0.419358,0.907811,-0.004303,-0.907734,0.419379,0.011834,0.012548,-0.001056,0.999921,0,0.04140,1.00000,2.484,2.000,275.000,350.000,-1,450.000,-1,350.000,375.000,225.000,300.000,-1,525.000,425.000,-1,600.000,925.000,375.000,-1,1,1,2,0,2,1,0,1,0,2,0,0,2,1,0,1,2
46,-4562.067,6749.252,-280.352,-63.205,0.450755,0.892621,-0.006856,-0.892552,0.450806,0.011209,0.013096,0.001067,0.999914,0,-0.03860,1.00000,-2.316,2.000,275.000,350.000,-1,450.000,-1,350.000,375.000,225.000,300.000,-1,500.000,375.000,-1,575.000,950.000,350.000,-1,1,1,2,0,2,1,0,1,0,2,0,0,2,1,0,1,2
47,-4565.495,6755.488,-280.254,-61.205,0.481611,0.876342,-0.008645,-0.876286,0.481682,0.010287,0.013179,0.002622,0.999910,0,-0.11860,1.00000,-7.116,2.000,275.000,350.000,-1,450.000,-1,325.000,375.000,250.000,300.000,-1,475.000,450.000,-1,525.000,950.000,350.000,-1,1,1,2,0,2,1,0,1,0,2,0,0,2,1,0,1,2
48,-4571.596,6765.724,-280.329,-59.205,0.511895,0.858996,-0.009454,-0.858954,0.511971,0.009124,0.012678,0.003450,0.999914,0,-0.19860,1.00000,-11.916,2.000,275.000,350.000,-1,450.000,-1,325.000,375.000,250.000,275.000,-1,475.000,600.000,-1,500.000,950.000,325.000,-1,1,1,2,0,2,1,0,1,0,2,0,0,2,1,0,1,2
49,-4579.800,6778.457,-280.546,-57.205,0.541568,0.840604,-0.009410,-0.840576,0.541637,0.007840,0.011687,0.003664,0.999925,0,-0.25246,1.00000,-15.147,2.000,275.000,325.000,-1,450.000,-1,325.000,375.000,275.000,275.000,-1,550.000,675.000,-1,475.000,975.000,325.000,-1,1,1,2,0,2,1,0,1,0,2,0,0,2,1,0,1,2
50,-4588.317,6790.713,-280.808,-55.205,0.570585,0.821189,-0.009013,-0.821171,0.570644,0.006551,0.010522,0.003663,0.999938,0,-0.24874,1.00000,-14.924,2.000,250.000,325.000,-1,450.000,-1,325.000,375.000,275.000,275.000,-1,625.000,775.000,-1,475.000,975.000,325.000,-1,1,1,2,0,2,1,0,1,0,2,0,0,2,1,0,1,2
51,-4597.130,6802.495,-281.115,-53.205,0.598909,0.800775,-0.008262,-0.800764,0.598956,0.005290,0.009185,0.003447,0.999952,0,-0.24523,1.00000,-14.714,2.000,250.000,325.000,-1,450.000,-1,325.000,350.000,300.000,275.000,-1,725.000,900.000,-1,450.000,950.000,300.000,-1,1,1,2,0,2,1,0,1,0,2,0,0,2,1,1,1,2
52,-4606.224,6813.809,-281.467,-51.205,0.626505,0.779385,-0.007158,-0.779380,0.626539,0.004093,0.007675,0.003015,0.999966,0,-0.24193,1.00000,-14.516,2.000,250.000,325.000,-1,450.000,-1,300.000,350.000,300.000,275.000,-1,850.000,-1,-1,450.000,925.000,300.000,-1,1,1,2,0,2,1,1,1,0,2,0,2,2,1,1,1,2
53,-4615.587,6824.657,-281.865,-49.205,0.653338,0.757045,-0.005707,-0.757043,0.653358,0.002992,0.005994,0.002366,0.999979,0,-0.23884,1.00000,-14.330,2.000,250.000,325.000,-1,425.000,-1,300.000,350.000,300.000,275.000,-1,-1,-1,-1,450.000,900.000,300.000,-1,1,1,2,0,2,1,1,1,0,2,2,2,2,1,1,1,2
54,-4625.206,6835.047,-282.309,-47.205,0.679372,0.733783,-0.003913,-0.733782,0.679382,0.002021,0.004141,0.001499,0.999990,0,-0.23597,1.00000,-14.158,2.000,250.000,300.000,-1,425.000,-1,300.000,350.000,325.000,275.000,-1,-1,-1,-1,425.000,850.000,300.000,-1,1,1,2,0,2,1,1,1,0,2,2,2,2,1,1,1,2
55,-4635.070,6844.981,-282.798,-45.205,0.704575,0.709627,-0.001786,-0.709626,0.704577,0.001212,0.002119,0.000413,0.999998,0,-0.23332,1.00000,-13.999,2.000,250.000,300.000,-1,425.000,-1,300.000,350.000,325.000,275.000,-1,-1,-1,-1,425.000,800.000,300.000,-1,1,1,2,0,2,1,1,1,0,2,2,2,2,1,1,1,2
56,-4645.167,6854.465,-283.333,-43.205,0.728914,0.684605,0.000663,-0.684605,0.728914,0.000600,-0.000073,-0.000891,1.000000,0,-0.23088,1.00000,-13.853,2.000,250.000,300.000,-1,425.000,-1,300.000,325.000,325.000,275.000,-1,-1,-1,-1,425.000,775.000,275.000,-1,1,1,2,0,2,1,1,1,0,2,2,2,2,1,1,1,2
57,-4655.490,6863.503,-283.914,-41.205,0.752356,0.658748,0.003422,-0.658752,0.752360,0.000215,-0.002433,-0.002416,0.999994,0,-0.22866,1.00000,-13.720,2.000,250.000,300.000,-1,425.000,-1,275.000,325.000,325.000,275.000,-1,-1,-1,-1,400.000,725.000,275.000,-1,1,1,2,0,2,1,1,1,0,2,2,2,2,1,1,1,2
58,-4666.028,6872.099,-284.531,-39.205,0.774871,0.632086,0.006521,-0.632100,0.774887,0.000098,-0.004991,-0.004198,0.999979,0,-0.22666,1.00000,-13.599,2.000,250.000,300.000,-1,400.000,-1,275.000,325.000,325.000,275.000,-1,-1,-1,-1,400.000,675.000,275.000,-1,1,1,2,0,2,1,1,0,0,2,2,2,2,1,1,1,2
59,-4676.773,6880.257,-285.204,-37.205,0.796427,0.604651,0.010055,-0.604684,0.796466,0.000315,-0.007818,-0.006331,0.999949,0,-0.22486,1.00000,-13.491,2.000,275.000,300.000,-1,400.000,-1,275.000,325.000,325.000,275.000,-1,-1,-1,-1,400.000,650.000,275.000,-1,1,1,2,1,2,1,1,0,0,2,2,2,2,1,1,1,2
60,-4691.675,6890.864,-285.669,-35.445,0.814594,0.579898,0.012462,-0.579949,0.814653,0.000536,-0.009841,-0.007664,0.999922,0,-0.30486,0.88000,-18.291,1.760,275.000,300.000,925.000,400.000,-1,275.000,325.000,300.000,275.000,-1,-1,-1,-1,400.000,625.000,275.000,-1,1,1,1,1,2,1,1,0,0,2,2,2,2,1,1,1,2
61,-4710.835,6903.751,-285.489,-33.925,0.829700,0.558090,0.011555,-0.558126,0.829756,-0.000071,-0.009628,-0.006390,0.999933,0,-0.38486,0.76000,-23.091,1.520,325.000,300.000,850.000,400.000,-1,275.000,325.000,325.000,275.000,-1,-1,-1,-1,400.000,600.000,300.000,-1,1,1,1,1,2,1,1,0,0,2,2,2,2,1,1,1,2
62,-4731.783,6917.171,-285.289,-32.645,0.841971,0.539419,0.010546,-0.539443,0.842022,-0.000704,-0.009260,-0.005096,0.999944,0,-0.41462,0.64000,-24.877,1.280,350.000,300.000,850.000,400.000,-1,300.000,325.000,325.000,275.000,-1,-1,-1,-1,425.000,600.000,325.000,-1,1,1,1,0,2,1,1,0,0,2,2,2,2,1,1,1,2
63,-4752.964,6930.204,-285.079,-31.605,0.851634,0.524050,0.009545,-0.524063,0.851679,-0.001324,-0.008823,-0.003875,0.999954,0,-0.41450,0.52000,-24.870,1.040,400.000,325.000,875.000,400.000,-1,300.000,325.000,325.000,275.000,-1,-1,-1,-1,425.000,600.000,375.000,-1,1,1,1,0,2,1,0,0,0,2,2,2,2,1,1,1,2
64,-4774.337,6942.947,-284.849,-30.805,0.858877,0.512110,0.008600,-0.512114,0.858916,-0.001899,-0.008359,-0.002773,0.999961,0,-0.41472,0.40000,-24.883,0.800,425.000,325.000,875.000,400.000,-1,300.000,325.000,325.000,275.000,-1,-1,-1,-1,450.000,625.000,400.000,-1,1,1,1,0,2,1,0,0,0,2,2,2,2,1,1,1,2
65,-4795.860,6955.496,-284.777,-30.245,0.863851,0.503691,0.007516,-0.503694,0.863881,-0.001600,-0.007299,-0.002404,0.999970,0,-0.41523,0.28000,-24.914,0.560,475.000,325.000,900.000,400.000,-1,325.000,325.000,325.000,275.000,-1,-1,-1,-1,450.000,625.000,425.000,-1,1,1,1,0,2,1,0,0,0,2,2,2,2,1,1,1,2
66,-4817.491,6967.947,-284.770,-29.925,0.866660,0.498858,0.006351,-0.498863,0.866680,-0.000910,-0.005959,-0.002380,0.999979,0,-0.41599,0.16000,-24.959,0.320,525.000,350.000,925.000,400.000,-1,325.000,325.000,325.000,275.000,-1,-1,-1,-1,475.000,650.000,450.000,-1,1,1,1,0,2,1,0,0,0,2,2,2,2,1,1,1,2
67,-4839.191,6980.397,-284.745,-29.845,0.867364,0.497648,0.005177,-0.497653,0.867376,-0.000246,-0.004613,-0.002363,0.999987,0,-0.41695,0.04000,-25.017,0.080,550.000,350.000,975.000,400.000,-1,325.000,325.000,300.000,275.000,-1,-1,-1,-1,475.000,675.000,475.000,-1,1,1,1,0,2,0,0,0,0,2,2,2,2,1,1,1,2
68,-4860.915,6992.941,-284.701,-30.005,0.865977,0.500068,0.004008,-0.500073,0.865983,0.000404,-0.003269,-0.002354,0.999992,0,-0.41810,-0.08000,-25.086,-0.160,575.000,375.000,1000.000,400.000,-1,325.000,325.000,300.000,300.000,-1,-1,-1,-1,500.000,700.000,525.000,-1,1,1,1,0,2,0,0,0,0,2,2,2,2,1,1,1,2
69,-4882.619,7005.677,-284.638,-30.405,0.862469,0.506101,0.002856,-0.506106,0.862471,0.001053,-0.001930,-0.002353,0.999995,0,-0.41941,-0.20000,-25.165,-0.400,625.000,375.000,-1,400.000,-1,325.000,325.000,300.000,300.000,-1,-1,-1,-1,525.000,725.000,550.000,-1,1,1,2,0,2,0,0,0,0,2,2,2,2,1,1,1,2
70,-4904.253,7018.699,-284.558,-31.045,0.856765,0.515703,0.001735,-0.515706,0.856764,0.001712,-0.000604,-0.002361,0.999997,0,-0.42085,-0.32000,-25.251,-0.640,650.000,400.000,-1,400.000,-1,325.000,325.000,300.000,300.000,-1,-1,-1,-1,525.000,750.000,575.000,-1,1,1,2,0,2,0,0,0,0,2,2,2,2,1,1,1,2
71,-4925.765,7032.102,-284.458,-31.925,0.848746,0.528801,0.000660,-0.528801,0.848742,0.002392,0.000705,-0.002379,0.999997,0,-0.42242,-0.44000,-25.345,-0.880,675.000,400.000,-1,400.000,-1,325.000,325.000,300.000,300.000,-1,-1,-1,-1,550.000,775.000,600.000,-1,1,1,2,0,2,0,0,0,0,2,2,2,2,1,1,1,2
72,-4947.095,7045.977,-284.339,-33.045,0.838247,0.545290,-0.000355,-0.545286,0.838244,0.003101,0.001989,-0.002406,0.999995,0,-0.42410,-0.56000,-25.446,-1.120,700.000,425.000,-1,400.000,-1,325.000,325.000,300.000,300.000,-1,-1,-1,-1,575.000,800.000,625.000,-1,1,1,2,0,2,0,0,0,0,2,2,2,2,1,1,1,2
73,-4968.201,7060.380,-284.209,-34.310,0.826003,0.563664,-0.001304,-0.563657,0.826000,0.003834,0.003239,-0.002432,0.999992,0,-0.42588,-0.63257,-25.553,-1.265,700.000,425.000,-1,400.000,-1,350.000,325.000,300.000,300.000,-1,-1,-1,-1,600.000,850.000,650.000,-1,1,0,2,0,2,0,0,0,0,2,2,2,2,1,1,1,2
74,-4989.074,7075.310,-284.078,-35.575,0.813356,0.581763,-0.002195,-0.581750,0.813355,0.004574,0.004446,-0.002443,0.999987,0,-0.42771,-0.63251,-25.663,-1.265,725.000,425.000,-1,400.000,-1,350.000,325.000,300.000,300.000,-1,-1,-1,-1,600.000,850.000,675.000,-1,1,0,2,0,2,0,0,0,0,2,2,2,2,1,0,1,2
75,-5009.699,7090.762,-283.947,-36.840,0.800311,0.599577,-0.003028,-0.599559,0.800313,0.005315,0.005610,-0.002438,0.999981,0,-0.42952,-0.63251,-25.771,-1.265,750.000,425.000,-1,400.000,-1,350.000,325.000,300.000,300.000,-1,-1,-1,-1,625.000,850.000,675.000,-1,1,0,2,0,2,0,0,0,0,2,2,2,2,1,0,1,2
76,-5030.063,7106.732,-283.890,-38.105,0.786875,0.617101,-0.003801,-0.617078,0.786881,0.005704,0.006511,-0.002143,0.999977,0,-0.43132,-0.63255,-25.879,-1.265,775.000,425.000,-1,400.000,-1,350.000,325.000,300.000,325.000,-1,-1,-1,-1,650.000,850.000,700.000,-1,1,0,2,0,2,0,0,0,0,2,2,2,2,1,0,1,2
77,-5050.152,7123.215,-284.107,-39.370,0.773051,0.634327,-0.004550,-0.634310,0.773064,0.004784,0.006552,-0.000812,0.999978,0,-0.43310,-0.63264,-25.986,-1.265,775.000,425.000,-1,400.000,-1,325.000,325.000,300.000,325.000,-1,-1,-1,-1,675.000,825.000,750.000,-1,1,0,2,0,2,0,0,0,0,2,2,2,2,1,0,1,2
78,-5069.951,7140.207,-284.268,-40.636,0.758847,0.651247,-0.005325,-0.651237,0.758866,0.003637,0.006409,0.000708,0.999979,0,-0.43485,-0.63278,-26.091,-1.266,800.000,425.000,-1,400.000,-1,325.000,325.000,300.000,325.000,-1,-1,-1,-1,675.000,800.000,775.000,-1,1,0,2,0,2,0,0,0,0,2,2,2,2,1,0,1,2
79,-5085.858,7154.360,-284.361,-41.661,0.747065,0.664724,-0.005986,-0.664722,0.747086,0.002557,0.006172,0.002069,0.999979,0,-0.35485,-0.51278,-21.291,-1.026,800.000,425.000,-1,400.000,-1,325.000,325.000,300.000,325.000,-1,-1,-1,-1,700.000,800.000,800.000,-1,1,0,2,0,2,0,0,0,0,2,2,2,2,1,0,1,2
80,-5098.051,7165.513,-284.431,-42.447,0.737879,0.674902,-0.006516,-0.674907,0.737901,0.001736,0.005980,0.003116,0.999977,0,-0.27542,-0.39278,-16.525,-0.786,825.000,425.000,-1,400.000,-1,325.000,325.000,300.000,325.000,-1,-1,-1,-1,700.000,775.000,825.000,-1,1,0,2,0,2,0,0,0,0,2,2,2,2,1,0,1,2
81,-5110.083,7176.730,-284.501,-42.992,0.731416,0.681895,-0.007064,-0.681906,0.731439,0.000983,0.005837,0.004098,0.999975,0,-0.27415,-0.27278,-16.449,-0.546,825.000,425.000,-1,400.000,-1,325.000,325.000,300.000,325.000,-1,-1,-1,-1,725.000,775.000,850.000,-1,1,0,2,0,2,0,0,0,0,2,2,2,2,1,0,1,2
82,-5122.008,7187.966,-284.572,-43.298,0.727766,0.685783,-0.007622,-0.685801,0.727789,0.000290,0.005746,0.005016,0.999971,0,-0.27309,-0.15278,-16.385,-0.306,850.000,425.000,-1,375.000,-1,325.000,325.000,300.000,300.000,-1,1000.000,-1,-1,725.000,775.000,850.000,-1,1,0,2,0,2,0,0,0,0,2,0,2,2,1,0,1,2
83,-5133.883,7199.182,-284.646,-43.363,0.726978,0.686612,-0.008183,-0.686637,0.727000,-0.000349,0.005710,0.005872,0.999966,0,-0.27223,-0.03278,-16.334,-0.066,875.000,425.000,-1,375.000,-1,325.000,325.000,300.000,300.000,-1,1000.000,-1,-1,750.000,775.000,875.000,-1,1,0,2,0,2,0,0,0,0,2,0,2,2,1,0,1,2
84,-5145.764,7210.335,-284.722,-43.189,0.729062,0.684392,-0.008744,-0.684424,0.729084,-0.000939,0.005733,0.006669,0.999961,0,-0.27160,0.08722,-16.296,0.174,900.000,425.000,-1,375.000,-1,325.000,325.000,300.000,300.000,-1,975.000,-1,-1,750.000,775.000,875.000,-1,1,0,2,0,2,0,0,0,0,2,0,2,2,1,0,1,2
85,-5157.696,7221.397,-284.801,-42.836,0.733262,0.679883,-0.009301,-0.679922,0.733283,-0.001497,0.005803,0.007422,0.999956,0,-0.27118,0.17653,-16.271,0.353,925.000,425.000,-1,375.000,-1,325.000,325.000,300.000,300.000,-1,975.000,-1,-1,750.000,750.000,900.000,-1,1,0,2,0,2,0,0,0,0,2,0,2,2,1,0,1,2
86,-5169.684,7232.376,-284.880,-42.483,0.737431,0.675351,-0.009855,-0.675397,0.737452,-0.002058,0.005878,0.008173,0.999949,0,-0.27092,0.17640,-16.255,0.353,950.000,425.000,-1,375.000,-1,325.000,325.000,300.000,300.000,-1,975.000,-1,-1,750.000,750.000,900.000,-1,1,0,2,0,2,0,0,0,0,2,0,2,2,1,0,1,2
87,-5181.728,7243.270,-284.994,-42.131,0.741568,0.670795,-0.010564,-0.670851,0.741588,-0.002647,0.006059,0.009050,0.999941,0,-0.27067,0.17629,-16.240,0.353,975.000,425.000,-1,375.000,-1,325.000,325.000,300.000,300.000,-1,950.000,-1,-1,775.000,750.000,925.000,-1,1,0,2,0,2,0,0,0,0,2,0,2,2,1,0,1,2
88,-5193.827,7254.080,-285.126,-41.778,0.745673,0.666215,-0.011355,-0.666282,0.745692,-0.003255,0.006299,0.009993,0.999930,0,-0.27041,0.17618,-16.225,0.352,1000.000,425.000,-1,375.000,-1,325.000,325.000,300.000,300.000,-1,950.000,-1,-1,775.000,750.000,925.000,-1,1,0,2,0,2,0,0,0,0,2,0,2,2,1,0,1,2
89,-5205.980,7264.805,-285.257,-41.426,0.749747,0.661613,-0.012139,-0.661692,0.749766,-0.003868,0.006543,0.010933,0.999919,0,-0.27015,0.17609,-16.209,0.352,-1,425.000,-1,375.000,-1,325.000,325.000,300.000,300.000,-1,925.000,-1,-1,775.000,750.000,950.000,-1,2,0,2,0,2,0,0,0,0,2,0,2,2,1,0,1,2
90,-5218.188,7275.445,-285.389,-41.074,0.753791,0.656987,-0.012918,-0.657079,0.753808,-0.004486,0.006791,0.011870,0.999906,0,-0.26989,0.17599,-16.193,0.352,-1,425.000,-1,375.000,-1,325.000,325.000,300.000,300.000,-1,900.000,1000.000,-1,800.000,750.000,975.000,-1,2,0,2,0,2,0,0,0,0,2,0,0,2,1,0,1,2
91,-5230.448,7285.999,-285.517,-40.722,0.757804,0.652339,-0.013691,-0.652444,0.757819,-0.005091,0.007054,0.012791,0.999893,0,-0.26963,0.17591,-16.178,0.352,-1,425.000,-1,375.000,-1,325.000,325.000,300.000,300.000,-1,900.000,1000.000,-1,800.000,750.000,1000.000,-1,2,0,2,0,2,0,0,0,0,2,0,0,2,1,0,1,2
92,-5242.761,7296.467,-285.607,-40.371,0.761785,0.647669,-0.014452,-0.647787,0.761801,-0.005524,0.007432,0.013570,0.999880,0,-0.26936,0.17583,-16.162,0.352,-1,425.000,-1,375.000,-1,325.000,325.000,300.000,300.000,-1,875.000,975.000,-1,800.000,750.000,1000.000,-1,2,0,2,0,2,0,0,0,0,2,0,0,2,1,0,1,2
93,-5251.493,7303.737,-285.675,-39.779,0.768426,0.639764,-0.014973,-0.639891,0.768444,-0.005799,0.007796,0.014038,0.999871,0,-0.18936,0.29583,-11.362,0.592,-1,425.000,-1,375.000,-1,325.000,325.000,300.000,300.000,-1,875.000,950.000,-1,800.000,750.000,-1,-1,2,0,2,0,2,0,0,0,0,2,0,0,2,1,0,2,2
94,-5256.596,7307.862,-285.721,-38.947,0.777627,0.628541,-0.015256,-0.628673,0.777647,-0.005919,0.008144,0.014194,0.999866,0,-0.10936,0.41583,-6.562,0.832,-1,425.000,-1,375.000,-1,325.000,325.000,300.000,300.000,-1,875.000,950.000,-1,800.000,750.000,-1,-1,2,0,2,0,2,0,0,0,0,2,0,0,2,1,0,2,2
95,-5257.987,7308.943,-285.743,-37.876,0.789245,0.613888,-0.015302,-0.614021,0.789268,-0.005878,0.008469,0.014034,0.999866,0,-0.02936,0.53583,-1.762,1.072,-1,425.000,-1,375.000,-1,325.000,325.000,300.000,300.000,-1,875.000,925.000,-1,800.000,750.000,-1,-1,2,0,2,0,2,0,0,0,0,2,0,0,2,1,0,2,2
96,-5255.547,7307.133,-285.736,-36.564,0.803091,0.595664,-0.015112,-0.595792,0.803119,-0.005663,0.008763,0.013551,0.999870,0,0.05064,0.65583,3.038,1.312,-1,425.000,-1,375.000,-1,325.000,325.000,300.000,300.000,-1,900.000,925.000,-1,800.000,775.000,-1,-1,2,0,2,0,2,0,0,0,0,2,0,0,2,1,0,2,2
97,-5249.127,7302.636,-285.696,-35.012,0.818930,0.573705,-0.014688,-0.573822,0.818963,-0.005255,0.009014,0.012732,0.999878,0,0.13064,0.77583,7.838,1.552,-1,425.000,-1,375.000,-1,325.000,325.000,300.000,300.000,-1,950.000,950.000,-1,800.000,775.000,-1,-1,2,0,2,0,2,0,0,0,0,2,0,0,2,1,0,2,2
98,-5238.554,7295.712,-285.615,-33.221,0.836474,0.547827,-0.014034,-0.547930,0.836512,-0.004627,0.009205,0.011560,0.999891,0,0.21064,0.89583,12.638,1.792,-1,425.000,-1,400.000,-1,325.000,325.000,300.000,300.000,-1,950.000,975.000,-1,775.000,800.000,-1,-1,2,0,2,0,2,0,0,0,0,2,0,0,2,1,0,2,2
99,-5223.663,7286.639,-285.486,-31.353,0.853893,0.520282,-0.013156,-0.520366,0.853935,-0.003765,0.009275,0.010061,0.999906,0,0.29064,0.93382,17.438,1.868,-1,425.000,-1,400.000,-1,325.000,325.000,300.000,300.000,-1,975.000,1000.000,-1,775.000,800.000,-1,-1,2,0,2,0,2,0,0,0,0,2,0,0,2,1,0,2,2
100,-5204.305,7275.693,-285.302,-29.485,0.870414,0.492174,-0.012054,-0.492236,0.870458,-0.002649,0.009189,0.008239,0.999924,0,0.37064,0.93415,22.238,1.868,-1,425.000,-1,400.000,-1,325.000,325.000,300.000,300.000,-1,1000.000,-1,-1,750.000,825.000,-1,-1,2,0,2,0,2,0,0,0,0,2,0,2,2,1,0,2,2
101,-5180.347,7263.160,-285.057,-27.615,0.886019,0.463525,-0.010730,-0.463563,0.886063,-0.001248,0.008929,0.006080,0.999942,0,0.45064,0.93464,27.038,1.869,-1,425.000,-1,400.000,-1,350.000,325.000,300.000,300.000,-1,-1,-1,-1,750.000,825.000,-1,-1,2,0,2,0,2,0,0,0,0,2,2,2,2,1,0,2,2
102,-5151.669,7249.330,-284.879,-25.745,0.900688,0.434357,-0.009755,-0.434376,0.900731,0.000196,0.008872,0.004061,0.999952,0,0.53064,0.93536,31.838,1.871,-1,425.000,-1,400.000,-1,350.000,325.000,300.000,300.000,-1,-1,-1,-1,725.000,850.000,-1,-1,2,0,2,0,2,0,0,0,0,2,2,2,2,1,0,2,2
103,-5118.165,7234.503,-284.637,-23.872,0.914411,0.404693,-0.008744,-0.404692,0.914451,0.001997,0.008805,0.001712,0.999960,0,0.61064,0.93635,36.638,1.873,-1,425.000,-1,425.000,-1,350.000,325.000,275.000,300.000,-1,-1,-1,-1,725.000,850.000,-1,-1,2,0,2,0,2,0,0,0,0,2,2,2,2,1,1,2,2
104,-5079.743,7218.982,-284.899,-21.997,0.927180,0.374552,-0.006889,-0.374551,0.927205,0.001535,0.006963,0.001158,0.999975,0,0.69064,0.93764,41.438,1.875,-1,425.000,-1,400.000,-1,350.000,325.000,275.000,300.000,-1,-1,-1,-1,700.000,800.000,-1,-1,2,0,2,0,2,0,0,0,0,2,2,2,2,1,1,2,2
105,-5036.293,7203.170,-285.184,-19.997,0.939701,0.341965,-0.004692,-0.341964,0.939712,0.001078,0.004778,0.000591,0.999988,0,0.77064,1.00000,46.238,2.000,-1,425.000,-1,400.000,-1,350.000,325.000,300.000,300.000,-1,-1,-1,-1,675.000,750.000,-1,-1,2,0,2,0,2,0,0,0,0,2,2,2,2,1,1,2,2
106,-4987.751,7187.401,-285.475,-17.997,0.951072,0.308962,-0.002135,-0.308961,0.951075,0.000704,0.002249,-0.000010,0.999997,0,0.85064,1.00000,51.038,2.000,-1,425.000,1000.000,400.000,-1,325.000,325.000,300.000,300.000,-1,-1,-1,-1,650.000,700.000,-1,975.000,2,1,1,0,2,0,0,0,0,2,2,2,2,1,1,2,1
107,-4934.075,7172.013,-285.660,-15.997,0.961277,0.275581,0.001008,-0.275581,0.961278,-0.000075,-0.000989,-0.000206,0.999999,0,0.93064,1.00000,55.838,2.000,-1,400.000,925.000,400.000,-1,325.000,325.000,300.000,275.000,-1,-1,-1,-1,625.000,625.000,-1,850.000,2,1,1,0,2,0,0,0,0,2,2,2,2,1,1,2,1
108,-4875.857,7157.501,-285.842,-13.997,0.970299,0.241865,0.004535,-0.241865,0.970310,-0.000707,-0.004571,-0.000411,0.999989,0,1.00000,1.00000,60.000,2.000,-1,375.000,825.000,400.000,925.000,325.000,325.000,300.000,275.000,-1,-1,-1,-1,600.000,575.000,-1,750.000,2,1,1,0,1,1,0,0,0,2,2,2,2,1,1,2,1
109,-4817.167,7145.030,-286.011,-11.997,0.978125,0.207855,0.008193,-0.207852,0.978160,-0.001121,-0.008247,-0.000607,0.999966,0,1.00000,1.00000,60.000,2.000,-1,350.000,775.000,375.000,775.000,300.000,325.000,300.000,275.000,-1,-1,-1,-1,575.000,525.000,-1,625.000,2,1,1,1,1,1,1,0,0,2,2,2,2,1,1,2,1
110,-4758.078,7134.614,-286.166,-9.997,0.984745,0.173592,0.011957,-0.173589,0.984817,-0.001292,-0.012000,-0.000804,0.999928,0,1.00000,0.99996,60.000,2.000,-1,350.000,725.000,325.000,650.000,300.000,300.000,300.000,275.000,-1,-1,-1,-1,550.000,450.000,-1,550.000,2,1,1,1,1,1,1,0,0,2,2,2,2,1,1,2,1
111,-4698.662,7126.262,-286.307,-8.002,0.990136,0.139213,0.015802,-0.139211,0.990262,-0.001201,-0.015815,-0.001011,0.999874,0,1.00000,0.99722,60.000,1.994,-1,325.000,675.000,300.000,525.000,275.000,250.000,300.000,300.000,-1,-1,-1,-1,525.000,400.000,-1,450.000,2,1,1,1,1,1,1,0,0,2,2,2,2,1,1,2,1
112,-4638.992,7119.975,-286.431,-6.014,0.994301,0.104776,0.019699,-0.104780,0.994495,-0.000832,-0.019677,-0.001237,0.999806,0,1.00000,0.99401,60.000,1.988,-1,300.000,625.000,275.000,425.000,250.000,225.000,300.000,300.000,-1,-1,-1,-1,500.000,350.000,-1,350.000,2,1,1,1,1,1,1,0,0,2,2,2,2,1,1,2,1
113,-4579.141,7115.755,-286.522,-4.034,0.997307,0.070343,0.020730,-0.070350,0.997522,-0.000400,-0.020707,-0.001059,0.999785,0,1.00000,0.99028,60.000,1.981,-1,300.000,625.000,225.000,325.000,225.000,225.000,300.000,300.000,-1,-1,-1,-1,500.000,300.000,-1,275.000,2,1,1,1,1,1,1,0,0,2,2,2,2,1,1,2,1
114,-4519.180,7113.597,-282.511,-2.062,0.999339,0.035973,0.005278,-0.036046,0.999246,0.014406,-0.004755,-0.014587,0.999882,0,1.00000,0.98596,60.000,1.972,-1,325.000,-1,250.000,325.000,250.000,225.000,300.000,350.000,-1,-1,-1,-1,600.000,325.000,-1,275.000,2,1,2,1,1,1,1,0,0,2,2,2,2,1,1,2,1
115,-4459.180,7113.496,-277.992,-0.100,0.999919,0.001742,-0.012605,-0.001348,0.999514,0.031130,0.012653,-0.031111,0.999436,0,1.00000,0.98098,60.000,1.962,-1,350.000,-1,250.000,325.000,250.000,225.000,300.000,400.000,-1,-1,-1,-1,1000.000,325.000,-1,275.000,2,1,2,1,1,1,1,0,0,2,2,2,2,1,1,2,1
116,-4399.203,7115.201,-273.698,1.622,0.999125,-0.028275,-0.030821,0.029706,0.998454,0.046991,0.029444,-0.047865,0.998420,0,1.00000,0.86098,60.000,1.722,-1,400.000,-1,250.000,325.000,275.000,225.000,275.000,450.000,-1,150.000,500.000,-1,-1,350.000,-1,275.000,2,1,2,1,1,1,1,0,0,2,0,0,2,2,1,2,1
117,-4339.291,7118.458,-269.765,3.104,0.997353,-0.054038,-0.048661,0.057002,0.996463,0.061743,0.045153,-0.064354,0.996905,0,1.00000,0.74098,60.000,1.482,-1,450.000,-1,250.000,325.000,300.000,250.000,275.000,500.000,675.000,100.000,225.000,-1,-1,350.000,-1,275.000,2,1,2,1,1,1,1,0,1,0,0,0,2,2,1,2,1
118,-6887.240,4263.620,-234.634,-34.731,0.824596,0.565367,0.020062,-0.562466,0.815535,0.136141,0.060608,-0.123545,0.990486,1,0.00000,0.00000,60.000,1.242,-1,375.000,-1,275.000,225.000,300.000,250.000,250.000,375.000,350.000,50.000,200.000,-1,650.000,400.000,-1,250.000,2,1,2,1,1,1,1,0,1,1,0,0,2,1,1,2,1
119,-6232.841,323.401,-313.201,-108.033,-0.309659,0.950841,0.003605,-0.950715,-0.309551,-0.017856,-0.015862,-0.008956,0.999834,1,0.08000,0.12000,4.800,0.240,-1,375.000,-1,375.000,550.000,325.000,325.000,300.000,300.000,-1,-1,-1,-1,725.000,725.000,-1,725.000,2,0,2,0,1,0,0,0,0,2,2,2,2,0,0,2,1
120,-6235.769,314.259,-313.360,-107.757,-0.305075,0.952321,0.003698,-0.952200,-0.304968,-0.017586,-0.015620,-0.008886,0.999839,0,0.16000,0.13798,9.600,0.276,-1,375.000,-1,375.000,550.000,325.000,325.000,300.000,300.000,-1,-1,-1,-1,725.000,725.000,-1,725.000,2,0,2,0,1,0,0,0,0,2,2,2,2,0,0,2,1
121,-6240.095,300.524,-313.601,-107.483,-0.300513,0.953770,0.003845,-0.953656,-0.300407,-0.017187,-0.015237,-0.008831,0.999845,0,0.24000,0.13708,14.400,0.274,-1,375.000,-1,375.000,550.000,325.000,325.000,300.000,300.000,-1,-1,-1,-1,725.000,750.000,-1,725.000,2,0,2,0,1,0,0,0,0,2,2,2,2,0,0,2,1
122,-6245.776,282.184,-313.924,-107.211,-0.295985,0.955184,0.004045,-0.955079,-0.295882,-0.016659,-0.014715,-0.008794,0.999853,0,0.32000,0.13584,19.200,0.272,-1,400.000,-1,375.000,550.000,325.000,325.000,300.000,300.000,-1,-1,-1,-1,725.000,750.000,-1,725.000,2,0,2,0,1,0,0,0,0,2,2,2,2,0,0,2,1
123,-6252.770,259.225,-314.330,-106.943,-0.291502,0.956560,0.004300,-0.956467,-0.291402,-0.016005,-0.014057,-0.008778,0.999863,0,0.40000,0.13426,24.000,0.269,-1,400.000,-1,375.000,550.000,325.000,325.000,300.000,300.000,-1,-1,-1,-1,725.000,750.000,-1,725.000,2,0,2,0,1,0,0,0,0,2,2,2,2,0,0,2,1
124,-6261.035,231.637,-314.819,-106.678,-0.287078,0.957896,0.004610,-0.957815,-0.286981,-0.015228,-0.013264,-0.008788,0.999873,0,0.48000,0.13231,28.800,0.265,-1,400.000,-1,400.000,525.000,325.000,325.000,300.000,300.000,-1,-1,-1,-1,750.000,750.000,-1,725.000,2,0,2,0,1,0,0,0,0,2,2,2,2,0,0,2,1
125,-6270.532,199.407,-315.390,-106.418,-0.282726,0.959188,0.004979,-0.959121,-0.282632,-0.014331,-0.012339,-0.008827,0.999885,0,0.56000,0.12998,33.600,0.260,-1,400.000,-1,400.000,525.000,325.000,325.000,300.000,300.000,-1,-1,975.000,-1,750.000,750.000,-1,700.000,2,0,2,0,1,0,0,0,0,2,2,0,2,0,0,2,1
126,-6281.222,162.525,-316.045,-106.164,-0.278458,0.960433,0.005408,-0.960382,-0.278369,-0.013319,-0.011286,-0.008902,0.999897,0,0.64000,0.12724,38.400,0.254,-1,400.000,-1,400.000,500.000,325.000,325.000,300.000,300.000,-1,800.000,750.000,-1,750.000,750.000,-1,700.000,2,0,2,0,1,0,0,0,0,2,0,0,2,0,0,2,1
127,-6293.068,120.981,-316.783,-105.915,-0.274291,0.961629,0.005901,-0.961594,-0.274206,-0.012196,-0.010110,-0.009019,0.999908,0,0.72000,0.12407,43.200,0.248,-1,400.000,-1,400.000,500.000,325.000,325.000,300.000,300.000,-1,600.000,600.000,-1,750.000,775.000,-1,675.000,2,0,2,0,1,0,0,0,0,2,0,0,2,0,1,2,1
128,-6306.036,74.766,-317.506,-105.674,-0.270238,0.962775,0.005997,-0.962750,-0.270162,-0.011165,-0.009130,-0.008791,0.999920,0,0.80000,0.12044,48.000,0.241,-1,400.000,-1,400.000,475.000,325.000,325.000,300.000,300.000,-1,600.000,575.000,-1,750.000,750.000,-1,675.000,2,0,2,0,1,0,0,0,0,2,0,0,2,1,1,2,1
129,-6320.095,23.872,-318.123,-105.442,-0.266315,0.963871,0.005301,-0.963848,-0.266252,-0.010292,-0.008509,-0.007850,0.999933,0,0.88000,0.11632,52.800,0.233,-1,400.000,-1,400.000,450.000,325.000,325.000,300.000,300.000,-1,600.000,600.000,-1,750.000,750.000,-1,650.000,2,0,2,0,1,0,0,0,0,2,0,0,2,1,1,2,1
130,-6335.215,-31.708,-318.794,-105.219,-0.262544,0.964909,0.004560,-0.964888,-0.262495,-0.009352,-0.007827,-0.006855,0.999946,0,0.96000,0.11168,57.600,0.223,-1,400.000,-1,400.000,450.000,325.000,325.000,300.000,300.000,-1,625.000,600.000,-1,750.000,725.000,-1,625.000,2,0,2,0,1,0,0,0,0,2,0,0,2,1,1,2,1
131,-6349.712,-84.935,-319.275,-105.235,-0.262823,0.964834,0.004393,-0.964813,-0.262775,-0.009229,-0.007750,-0.006664,0.999948,0,0.91943,-0.00832,55.166,-0.017,-1,400.000,975.000,400.000,425.000,325.000,325.000,300.000,300.000,-1,675.000,650.000,-1,750.000,700.000,-1,600.000,2,0,1,0,1,0,0,0,0,2,0,0,2,1,1,2,1
132,-6364.422,-138.006,-319.762,-105.492,-0.267143,0.963648,0.004250,-0.963624,-0.267094,-0.009496,-0.008016,-0.006632,0.999946,0,0.91787,-0.12832,55.072,-0.257,-1,400.000,900.000,400.000,400.000,325.000,325.000,300.000,300.000,-1,750.000,725.000,-1,725.000,675.000,-1,550.000,2,0,1,0,1,0,0,0,0,2,0,0,2,1,1,2,1
