timestep,x_cm,y_cm,z_cm,yaw_deg,basis_xx,basis_xy,basis_xz,basis_yx,basis_yy,basis_yz,basis_zx,basis_zy,basis_zz,teleport_flag,throttle_cmd,steering_cmd,cmd_move_cm,cmd_turn_deg,lidar_cm_0,lidar_cm_1,lidar_cm_2,lidar_cm_3,lidar_cm_4,lidar_cm_5,lidar_cm_6,lidar_cm_7,lidar_cm_8,lidar_cm_9,lidar_cm_10,lidar_cm_11,lidar_cm_12,lidar_cm_13,lidar_cm_14,lidar_cm_15,lidar_cm_16,lidar_class_0,lidar_class_1,lidar_class_2,lidar_class_3,lidar_class_4,lidar_class_5,lidar_class_6,lidar_class_7,lidar_class_8,lidar_class_9,lidar_class_10,lidar_class_11,lidar_class_12,lidar_class_13,lidar_class_14,lidar_class_15,lidar_class_16
0,-7543.230,-8855.087,-90.422,177.001,-0.994683,-0.052322,-0.088702,0.053050,-0.998575,-0.005868,-0.088269,-0.010542,0.996041,1,0.00000,0.00000,4.800,0.240,-1,350.000,475.000,375.000,575.000,300.000,300.000,275.000,400.000,-1,-1,-1,400.000,425.000,450.000,500.000,500.000,2,0,1,0,1,0,0,0,0,2,2,2,1,1,1,1,1
1,-7548.023,-8854.816,-90.865,176.761,-0.994482,-0.056504,-0.088391,0.057193,-0.998349,-0.005278,-0.087947,-0.010305,0.996072,0,0.08000,-0.12000,4.800,-0.240,-1,350.000,475.000,375.000,575.000,300.000,300.000,275.000,400.000,-1,-1,-1,400.000,425.000,450.000,500.000,500.000,2,0,1,0,1,0,0,0,0,2,2,2,1,1,1,1,1
2,-7557.602,-8854.193,-91.748,176.281,-0.994027,-0.064866,-0.087769,0.065480,-0.997845,-0.004128,-0.087312,-0.009851,0.996132,0,0.16000,-0.24000,9.600,-0.480,650.000,350.000,450.000,375.000,575.000,300.000,300.000,275.000,400.000,-1,-1,-1,400.000,425.000,425.000,475.000,500.000,1,1,1,0,1,0,0,0,0,2,2,2,1,1,1,1,1
3,-7571.959,-8853.078,-93.063,175.561,-0.993211,-0.077401,-0.086834,0.077909,-0.996957,-0.002470,-0.086378,-0.009219,0.996220,0,0.24000,-0.36000,14.400,-0.720,575.000,350.000,450.000,375.000,575.000,300.000,300.000,275.000,375.000,-1,-1,-1,400.000,400.000,425.000,450.000,500.000,1,1,1,1,1,0,0,0,0,2,2,2,1,1,1,1,1
4,-7591.073,-8851.271,-94.799,174.601,-0.991878,-0.094094,-0.085582,0.094473,-0.995527,-0.000376,-0.085164,-0.008458,0.996331,0,0.32000,-0.48000,19.200,-0.960,525.000,325.000,425.000,375.000,550.000,300.000,300.000,275.000,375.000,-1,-1,-1,425.000,375.000,400.000,425.000,475.000,1,1,1,1,1,0,0,0,0,2,2,2,1,1,1,1,1
5,-7614.914,-8848.512,-96.944,173.401,-0.989816,-0.114923,-0.084009,0.115157,-0.993345,0.002067,-0.083688,-0.007628,0.996463,0,0.40000,-0.60000,24.000,-1.200,475.000,325.000,400.000,350.000,550.000,300.000,300.000,300.000,375.000,-1,-1,-1,425.000,350.000,400.000,400.000,475.000,1,1,1,1,1,1,0,0,0,2,2,2,1,1,1,1,1
6,-7643.431,-8844.484,-99.480,171.961,-0.986762,-0.139850,-0.082109,0.139934,-0.990149,0.004765,-0.081966,-0.006788,0.996612,0,0.48000,-0.72000,28.800,-1.440,425.000,300.000,375.000,325.000,525.000,275.000,300.000,300.000,375.000,-1,-1,-1,425.000,325.000,375.000,375.000,450.000,1,1,1,1,1,1,1,0,0,2,2,2,1,1,1,1,1
7,-7676.548,-8838.811,-102.392,170.281,-0.982406,-0.168819,-0.079870,0.168754,-0.985629,0.007623,-0.080009,-0.005989,0.996776,0,0.56000,-0.84000,33.600,-1.680,375.000,275.000,350.000,300.000,500.000,250.000,275.000,300.000,350.000,-1,-1,-1,450.000,300.000,350.000,325.000,425.000,1,1,1,1,1,1,1,0,0,2,2,2,1,1,1,1,1
8,-7714.158,-8831.063,-105.661,168.361,-0.976384,-0.201748,-0.077273,0.201540,-0.979423,0.010558,-0.077813,-0.005265,0.996954,0,0.64000,-0.96000,38.400,-1.920,300.000,225.000,325.000,275.000,475.000,225.000,250.000,300.000,350.000,-1,-1,-1,450.000,250.000,325.000,275.000,400.000,1,1,1,1,1,1,1,0,0,2,2,2,1,1,1,1,1
9,-7755.160,-8821.114,-109.185,166.361,-0.968951,-0.235807,-0.074352,0.235471,-0.971789,0.013391,-0.075412,-0.004532,0.997142,0,0.70322,-1.00000,42.193,-2.000,250.000,200.000,275.000,250.000,450.000,200.000,225.000,300.000,350.000,-1,-1,-1,475.000,225.000,300.000,225.000,375.000,1,1,1,1,1,1,1,0,0,2,2,2,1,1,1,1,1
10,-7796.164,-8809.634,-112.709,164.361,-0.960339,-0.269579,-0.071245,0.269141,-0.962970,0.015870,-0.072885,-0.003935,0.997333,0,0.70968,-1.00000,42.581,-2.000,175.000,175.000,250.000,225.000,425.000,175.000,200.000,300.000,325.000,-1,-1,-1,500.000,200.000,275.000,175.000,350.000,1,1,1,1,1,1,1,0,0,2,2,2,1,1,1,1,1
11,-7841.313,-8795.277,-110.851,162.361,-0.952062,-0.302961,-0.042343,0.301632,-0.952781,0.035016,-0.050952,0.020565,0.998489,0,0.78968,-1.00000,47.381,-2.000,150.000,150.000,225.000,225.000,400.000,150.000,175.000,375.000,300.000,-1,-1,-1,425.000,175.000,250.000,150.000,325.000,1,1,1,1,1,1,1,0,0,2,2,2,1,1,1,1,1
12,-7890.463,-8777.762,-104.968,160.361,-0.942034,-0.335414,0.008285,0.335227,-0.939908,0.064775,-0.013940,0.063797,0.997866,0,0.86968,-1.00000,52.181,-2.000,150.000,150.000,225.000,200.000,375.000,150.000,175.000,525.000,275.000,-1,300.000,150.000,325.000,175.000,250.000,125.000,300.000,1,1,1,1,1,1,1,0,0,2,0,0,1,1,1,1,1
13,-7943.454,-8756.812,-97.359,158.361,-0.927906,-0.366331,0.069225,0.371699,-0.923393,0.095841,0.028812,0.114662,0.992987,0,0.94968,-1.00000,56.981,-2.000,150.000,150.000,225.000,200.000,350.000,150.000,175.000,800.000,250.000,-1,175.000,25.000,250.000,175.000,225.000,125.000,275.000,1,1,1,1,1,1,1,0,0,2,0,0,1,1,1,1,1
14,-4919.476,983.927,75.455,-27.665,0.886222,0.462959,-0.016710,-0.462789,0.883117,-0.077010,-0.020896,0.075981,0.996890,1,0.00000,0.00000,58.223,-2.000,975.000,425.000,-1,425.000,-1,350.000,325.000,300.000,300.000,-1,-1,-1,-1,925.000,825.000,-1,-1,1,0,2,0,2,0,0,0,0,2,2,2,2,0,0,2,2
15,-4915.216,981.716,75.338,-27.425,0.888154,0.459251,-0.016436,-0.459070,0.885040,-0.077199,-0.020907,0.076109,0.996880,0,0.08000,0.12000,4.800,0.240,950.000,425.000,-1,425.000,-1,350.000,325.000,300.000,300.000,-1,-1,-1,-1,925.000,825.000,-1,-1,1,0,2,0,2,0,0,0,0,2,2,2,2,0,0,2,2
16,-4906.670,977.342,75.118,-27.108,0.890688,0.454338,-0.015874,-0.454123,0.887556,-0.077566,-0.021152,0.076296,0.996861,0,0.16000,0.15859,9.600,0.317,925.000,425.000,-1,425.000,-1,350.000,325.000,300.000,300.000,-1,-1,-1,-1,925.000,825.000,-1,-1,1,0,2,0,2,0,0,0,0,2,2,2,2,0,0,2,2
17,-4893.816,970.852,74.802,-26.789,0.893210,0.449390,-0.015015,-0.449115,0.890054,-0.078105,-0.021736,0.076508,0.996832,0,0.24000,0.15927,14.400,0.319,900.000,425.000,-1,425.000,-1,350.000,325.000,300.000,300.000,-1,-1,-1,-1,900.000,825.000,-1,-1,1,0,2,0,2,0,0,0,0,2,2,2,2,0,0,2,2
18,-4876.629,962.294,74.393,-26.468,0.895728,0.444386,-0.013849,-0.444024,0.892542,-0.078811,-0.022661,0.076743,0.996793,0,0.32000,0.16057,19.200,0.321,875.000,425.000,-1,400.000,-1,325.000,325.000,300.000,300.000,-1,-1,-1,-1,900.000,825.000,-1,-1,1,0,2,0,2,0,0,0,0,2,2,2,2,0,0,2,2
19,-4855.084,951.719,73.893,-26.143,0.898252,0.439307,-0.012370,-0.438829,0.895031,-0.079679,-0.023932,0.077000,0.996744,0,0.40000,0.16250,24.000,0.325,875.000,425.000,-1,400.000,-1,325.000,325.000,300.000,300.000,-1,-1,-1,-1,900.000,825.000,-1,-1,1,0,2,0,2,0,0,0,0,2,2,2,2,0,0,2,2
20,-4829.158,939.179,73.306,-25.813,0.900787,0.434133,-0.010567,-0.433509,0.897528,-0.080704,-0.025552,0.077278,0.996682,0,0.48000,0.16507,28.800,0.330,850.000,425.000,-1,400.000,-1,325.000,325.000,300.000,300.000,-1,-1,-1,-1,875.000,800.000,-1,-1,1,0,2,0,2,0,0,0,0,2,2,2,2,0,0,2,2
21,-4798.825,924.726,72.633,-25.476,0.903340,0.428843,-0.008429,-0.428042,0.900042,-0.081878,-0.027526,0.077572,0.996607,0,0.56000,0.16831,33.600,0.337,850.000,425.000,-1,400.000,-1,325.000,325.000,300.000,275.000,-1,-1,-1,-1,875.000,800.000,-1,-1,1,0,2,0,2,0,0,0,0,2,2,2,2,0,0,2,2
22,-4764.320,908.539,71.882,-25.132,0.905917,0.423414,-0.005963,-0.422404,0.902583,-0.083185,-0.029839,0.077877,0.996516,0,0.63522,0.17223,38.113,0.344,850.000,425.000,-1,400.000,-1,325.000,325.000,300.000,275.000,-1,-1,-1,-1,850.000,775.000,-1,-1,1,0,2,0,2,0,0,0,0,2,2,2,2,0,0,2,2
23,-4729.719,892.567,71.018,-24.778,0.908513,0.417841,-0.003607,-0.416647,0.905193,-0.083846,-0.031770,0.077678,0.996472,0,0.63517,0.17683,38.110,0.354,875.000,400.000,-1,400.000,-1,325.000,325.000,300.000,275.000,-1,-1,-1,-1,850.000,775.000,-1,-1,1,0,2,0,2,0,0,0,0,2,2,2,2,0,0,2,2
24,-4695.030,876.819,69.963,-24.415,0.911124,0.412130,-0.001472,-0.410805,0.907894,-0.083472,-0.033065,0.076658,0.996509,0,0.63494,0.18151,38.096,0.363,875.000,400.000,-1,400.000,-1,325.000,325.000,300.000,275.000,-1,-1,-1,-1,825.000,775.000,-1,-1,1,0,2,0,2,0,0,0,0,2,2,2,2,0,0,2,2
25,-4660.261,861.306,68.911,-24.043,0.913761,0.406253,0.000696,-0.404797,0.910629,-0.083029,-0.034364,0.075587,0.996547,0,0.63453,0.18625,38.072,0.372,900.000,400.000,-1,400.000,-1,325.000,325.000,300.000,300.000,-1,-1,-1,-1,825.000,775.000,-1,-1,1,0,2,0,2,0,0,0,0,2,2,2,2,0,0,2,2
26,-4625.423,846.040,67.840,-23.661,0.916420,0.400207,0.002993,-0.398619,0.913401,-0.082466,-0.035737,0.074380,0.996589,0,0.63394,0.19105,38.036,0.382,900.000,400.000,-1,400.000,-1,325.000,325.000,300.000,300.000,-1,-1,-1,-1,800.000,775.000,-1,-1,1,0,2,0,2,0,0,0,0,2,2,2,2,0,0,2,2
27,-4590.524,831.032,66.780,-23.269,0.919101,0.393987,0.005291,-0.392273,0.916201,-0.081844,-0.037094,0.073148,0.996631,0,0.63316,0.19591,37.990,0.392,875.000,400.000,-1,400.000,-1,325.000,325.000,300.000,300.000,-1,-1,-1,-1,775.000,750.000,-1,-1,1,0,2,0,2,0,0,0,0,2,2,2,2,0,0,2,2
28,-4555.574,816.290,65.731,-22.867,0.921800,0.387591,0.007588,-0.385755,0.919024,-0.081165,-0.038433,0.071890,0.996672,0,0.63220,0.20082,37.932,0.402,875.000,400.000,-1,400.000,-1,325.000,325.000,300.000,300.000,-1,-1,-1,-1,775.000,750.000,-1,-1,1,0,2,0,2,0,0,0,0,2,2,2,2,0,0,2,2
29,-4520.582,801.827,64.569,-22.456,0.924527,0.381002,0.009370,-0.379077,0.921839,-0.080707,-0.039387,0.071064,0.996694,0,0.63104,0.20577,37.863,0.412,875.000,400.000,-1,400.000,-1,325.000,325.000,300.000,300.000,-1,-1,-1,-1,750.000,750.000,-1,-1,1,0,2,0,2,0,0,0,0,2,2,2,2,0,0,2,2
30,-4485.560,787.653,63.078,-22.034,0.927297,0.374199,0.009748,-0.372256,0.924591,-0.080982,-0.039316,0.071466,0.996668,0,0.62970,0.21076,37.782,0.422,875.000,400.000,-1,400.000,-1,325.000,325.000,300.000,300.000,-1,-1,-1,-1,750.000,750.000,-1,-1,1,0,2,0,2,0,0,1,0,2,2,2,2,0,0,2,2
31,-4450.516,773.777,61.539,-21.603,0.930083,0.367208,0.010206,-0.365232,0.927342,-0.081505,-0.039394,0.072079,0.996621,0,0.62818,0.21578,37.691,0.432,900.000,400.000,-1,400.000,-1,325.000,325.000,275.000,300.000,-1,-1,-1,-1,725.000,750.000,-1,-1,1,0,2,0,2,0,0,1,0,2,2,2,2,0,0,2,2
32,-4415.463,760.209,59.981,-21.161,0.932879,0.360031,0.010711,-0.358014,0.930096,-0.082148,-0.039538,0.072799,0.996563,0,0.62647,0.22081,37.588,0.442,900.000,400.000,-1,400.000,-1,325.000,325.000,275.000,300.000,-1,-1,-1,-1,725.000,750.000,-1,-1,1,0,2,0,2,0,0,1,0,2,2,2,2,0,0,2,2
33,-4380.409,746.958,58.436,-20.709,0.935681,0.352669,0.011219,-0.350611,0.932856,-0.082771,-0.039656,0.073514,0.996505,0,0.62459,0.22585,37.475,0.452,900.000,400.000,-1,400.000,-1,325.000,325.000,250.000,300.000,-1,-1,-1,-1,725.000,725.000,-1,-1,1,0,2,0,2,0,0,1,0,2,2,2,2,0,0,2,2
34,-4345.365,734.032,56.905,-20.247,0.938485,0.345121,0.011731,-0.343025,0.935619,-0.083375,-0.039750,0.074223,0.996449,0,0.62253,0.23089,37.352,0.462,900.000,400.000,-1,400.000,-1,325.000,325.000,250.000,300.000,-1,-1,-1,-1,700.000,725.000,-1,-1,1,0,2,0,2,0,0,1,0,2,2,2,2,0,0,2,2
35,-4310.342,721.436,55.389,-19.781,0.941256,0.337472,0.012246,-0.335337,0.938349,-0.083961,-0.039825,0.074922,0.996394,0,0.62031,0.23332,37.219,0.467,900.000,400.000,-1,400.000,-1,325.000,325.000,250.000,300.000,-1,-1,-1,-1,700.000,700.000,-1,-1,1,0,2,0,2,0,0,1,0,2,2,2,2,0,0,2,2
36,-4275.352,709.177,53.890,-19.310,0.943986,0.329738,0.012763,-0.327566,0.941040,-0.084527,-0.039882,0.075612,0.996339,0,0.61793,0.23523,37.076,0.470,875.000,400.000,-1,400.000,-1,325.000,325.000,225.000,275.000,-1,-1,-1,-1,675.000,700.000,-1,-1,1,0,2,0,2,0,0,1,0,2,2,2,2,0,0,2,2
37,-4235.777,695.489,52.196,-19.080,0.945297,0.325937,0.013353,-0.323707,0.942319,-0.085145,-0.040335,0.076165,0.996279,0,0.69793,0.11523,41.876,0.230,900.000,400.000,-1,400.000,-1,325.000,325.000,225.000,275.000,-1,-1,-1,-1,675.000,675.000,-1,-1,1,0,2,0,2,0,0,1,0,2,2,2,2,0,0,2,2
38,-4191.668,680.224,50.290,-19.089,0.945237,0.326083,0.014017,-0.323775,0.942234,-0.085815,-0.041190,0.076577,0.996212,0,0.77793,-0.00477,46.676,-0.010,950.000,375.000,-1,400.000,-1,325.000,325.000,225.000,275.000,-1,-1,-1,-1,675.000,675.000,-1,-1,1,0,2,0,2,0,0,1,0,2,2,2,2,0,0,2,2
39,-4143.097,663.177,48.196,-19.339,0.943803,0.330182,0.014679,-0.327788,0.940800,-0.086319,-0.042311,0.076657,0.996159,0,0.85793,-0.12477,51.476,-0.250,1000.000,375.000,-1,400.000,-1,325.000,325.000,225.000,275.000,-1,-1,-1,-1,650.000,650.000,-1,-1,1,0,2,0,2,0,0,1,0,2,2,2,2,0,0,2,2
40,-4091.439,644.549,46.129,-19.828,0.940942,0.338233,0.015047,-0.335808,0.938013,-0.085814,-0.043139,0.075694,0.996198,0,0.91524,-0.24477,54.914,-0.490,-1,375.000,-1,375.000,1000.000,325.000,325.000,225.000,275.000,-1,-1,-1,-1,650.000,625.000,-1,-1,2,0,2,0,0,0,0,1,0,2,2,2,2,0,0,2,2
41,-4040.473,625.433,44.025,-20.558,0.936555,0.350183,0.015403,-0.347724,0.933723,-0.085142,-0.044197,0.074384,0.996250,0,0.90720,-0.36477,54.432,-0.730,-1,375.000,-1,375.000,950.000,300.000,325.000,225.000,275.000,-1,-1,-1,-1,625.000,625.000,1000.000,-1,2,0,2,0,0,0,0,1,0,2,2,2,2,0,0,0,2
42,-3990.332,605.653,42.004,-21.528,0.930513,0.365963,0.014691,-0.363540,0.927743,-0.084452,-0.044536,0.073243,0.996319,0,0.89836,-0.48477,53.902,-0.970,1000.000,350.000,-1,375.000,925.000,300.000,325.000,250.000,275.000,-1,-1,-1,-1,625.000,625.000,950.000,-1,0,0,2,0,0,0,0,1,0,2,2,2,2,0,0,0,2
43,-3941.143,585.040,40.340,-22.737,0.922643,0.385461,0.012282,-0.383146,0.919800,-0.084663,-0.043931,0.073408,0.996334,0,0.88888,-0.60477,53.333,-1.210,975.000,375.000,-1,375.000,925.000,300.000,300.000,250.000,275.000,-1,-1,-1,-1,625.000,600.000,950.000,1000.000,0,0,2,0,0,0,0,1,0,2,2,2,2,0,0,0,0
44,-3893.034,563.432,38.618,-24.187,0.912655,0.408611,0.009841,-0.406407,0.909769,-0.084586,-0.043515,0.073198,0.996368,0,0.87896,-0.72477,52.738,-1.450,950.000,375.000,-1,350.000,900.000,300.000,300.000,275.000,275.000,-1,-1,-1,-1,625.000,600.000,925.000,1000.000,0,0,2,0,0,0,0,1,0,2,2,2,2,0,0,0,0
45,-3846.044,540.863,36.769,-25.655,0.901943,0.431796,0.007181,-0.429721,0.899011,-0.084375,-0.042889,0.073015,0.996408,0,0.86881,-0.73419,52.129,-1.468,950.000,375.000,-1,350.000,875.000,300.000,300.000,300.000,275.000,-1,-1,-1,-1,625.000,600.000,925.000,975.000,0,0,2,0,0,0,0,1,0,2,2,2,2,0,0,0,0
46,-3800.163,517.357,34.797,-27.127,0.890608,0.454751,0.004324,-0.452824,0.887633,-0.084010,-0.042042,0.072862,0.996456,0,0.85919,-0.73595,51.551,-1.472,925.000,375.000,-1,350.000,875.000,300.000,300.000,300.000,275.000,-1,-1,-1,-1,625.000,600.000,900.000,950.000,0,0,2,0,0,0,0,1,0,2,2,2,2,0,0,0,0
47,-3755.371,492.931,33.040,-28.603,0.878620,0.477520,0.001261,-0.475819,0.875708,-0.082049,-0.040285,0.071490,0.996627,0,0.85030,-0.73827,51.018,-1.477,925.000,375.000,-1,350.000,875.000,300.000,300.000,300.000,275.000,575.000,-1,-1,-1,625.000,600.000,900.000,975.000,0,0,2,0,0,0,0,0,0,1,2,2,2,0,0,0,0
48,-3711.645,467.597,31.400,-30.086,0.865971,0.500090,-0.001824,-0.498656,0.863199,-0.078934,-0.037900,0.069264,0.996878,0,0.84226,-0.74110,50.535,-1.482,900.000,375.000,-1,350.000,900.000,300.000,300.000,300.000,275.000,475.000,775.000,725.000,-1,625.000,625.000,900.000,1000.000,0,0,2,0,0,0,0,0,0,1,0,0,2,0,0,0,0
49,-3668.955,441.358,29.662,-31.574,0.852668,0.522431,-0.004725,-0.521244,0.850047,-0.075656,-0.035508,0.066973,0.997123,0,0.83514,-0.74441,50.109,-1.489,900.000,375.000,-1,350.000,925.000,300.000,300.000,300.000,275.000,450.000,475.000,475.000,-1,625.000,625.000,900.000,1000.000,0,0,2,0,0,0,0,0,0,1,0,0,2,0,0,0,0
50,-3627.273,414.215,27.827,-33.071,0.838705,0.544535,-0.007438,-0.543578,0.836246,-0.072219,-0.033105,0.064614,0.997361,0,0.82901,-0.74816,49.740,-1.496,875.000,375.000,-1,350.000,975.000,300.000,300.000,300.000,275.000,450.000,375.000,375.000,-1,600.000,650.000,875.000,-1,0,0,2,0,0,0,0,0,0,1,0,0,2,0,0,0,2
51,-3585.372,385.601,25.869,-34.327,0.826518,0.562819,-0.010126,-0.562096,0.824223,-0.068588,-0.030257,0.062382,0.997594,0,0.84564,-0.62816,50.739,-1.256,875.000,375.000,-1,375.000,-1,300.000,300.000,300.000,275.000,450.000,325.000,325.000,-1,600.000,650.000,875.000,-1,0,0,2,0,2,0,0,0,0,1,0,0,2,0,0,0,2
52,-3544.168,356.380,23.850,-35.343,0.816346,0.577422,-0.012766,-0.576928,0.814213,-0.064887,-0.027073,0.060335,0.997811,0,0.84190,-0.50816,50.514,-1.016,850.000,375.000,-1,375.000,-1,300.000,300.000,275.000,300.000,450.000,275.000,275.000,-1,600.000,650.000,875.000,-1,0,0,2,0,2,0,0,0,0,1,0,0,2,0,0,0,2
53,-3503.482,326.688,21.981,-36.120,0.808380,0.588476,-0.014749,-0.588165,0.806418,-0.061254,-0.024153,0.058191,0.998013,0,0.83946,-0.38816,50.368,-0.776,825.000,375.000,-1,375.000,-1,300.000,300.000,275.000,300.000,475.000,250.000,275.000,-1,600.000,650.000,875.000,-1,0,0,2,0,2,0,0,0,0,1,0,0,2,0,0,0,2
54,-3463.136,296.663,20.850,-36.656,0.802810,0.596016,-0.016184,-0.595802,0.800897,-0.059860,-0.022716,0.057699,0.998076,0,0.83821,-0.26816,50.292,-0.536,825.000,350.000,-1,375.000,-1,300.000,300.000,275.000,300.000,500.000,275.000,300.000,-1,600.000,650.000,850.000,-1,0,0,2,0,2,0,0,0,0,1,0,0,2,0,0,0,2
55,-3422.956,266.439,19.962,-36.952,0.799681,0.600129,-0.018834,-0.600084,0.797777,-0.058748,-0.020231,0.058282,0.998095,0,0.83797,-0.14816,50.278,-0.296,825.000,350.000,-1,375.000,-1,300.000,300.000,275.000,300.000,525.000,300.000,300.000,-1,600.000,650.000,850.000,-1,0,0,2,0,2,0,0,0,0,1,0,0,2,0,0,0,2
56,-3382.775,236.151,19.060,-37.009,0.799044,0.600893,-0.021354,-0.601015,0.797160,-0.057596,-0.017586,0.058856,0.998112,0,0.83863,-0.02816,50.318,-0.056,825.000,350.000,-1,375.000,-1,300.000,300.000,300.000,300.000,550.000,325.000,325.000,-1,600.000,625.000,875.000,-1,0,0,2,0,2,0,0,0,0,1,0,0,2,0,0,0,2
57,-3342.427,205.942,18.577,-36.825,0.800890,0.598250,-0.025927,-0.598662,0.798971,-0.057003,-0.013387,0.061175,0.998037,0,0.84006,0.09184,50.404,0.184,900.000,350.000,-1,375.000,-1,300.000,300.000,300.000,300.000,575.000,325.000,325.000,-1,600.000,625.000,925.000,-1,0,0,2,0,2,0,0,0,0,1,0,0,2,0,0,0,2
58,-3301.756,175.960,18.225,-36.401,0.805178,0.592219,-0.031053,-0.592971,0.803228,-0.056659,-0.008612,0.064035,0.997911,0,0.84213,0.21184,50.528,0.424,975.000,350.000,-1,375.000,-1,300.000,300.000,300.000,300.000,600.000,350.000,325.000,-1,600.000,650.000,-1,-1,0,0,2,0,2,0,0,0,0,1,0,0,2,0,0,2,2
59,-3260.614,146.359,17.893,-35.738,0.811838,0.582764,-0.036133,-0.583872,0.809879,-0.056484,-0.003653,0.066953,0.997749,0,0.84475,0.33184,50.685,0.664,-1,350.000,-1,375.000,-1,300.000,300.000,300.000,300.000,625.000,350.000,350.000,-1,625.000,650.000,-1,-1,2,0,2,0,2,0,0,0,0,1,0,0,2,0,0,2,2
60,-3217.391,116.285,17.584,-34.834,0.820744,0.569797,-0.041372,-0.571294,0.818794,-0.056560,0.001648,0.070057,0.997542,0,0.87760,0.45184,52.656,0.904,-1,350.000,-1,375.000,-1,300.000,300.000,300.000,300.000,675.000,350.000,350.000,-1,625.000,650.000,-1,-1,2,0,2,0,2,0,0,0,0,1,0,0,2,0,0,2,2
61,-3173.668,86.951,17.761,-33.860,0.830162,0.555734,-0.044619,-0.557493,0.828269,-0.056311,0.005662,0.071622,0.997416,0,0.87754,0.48700,52.652,0.974,-1,350.000,-1,375.000,-1,300.000,300.000,300.000,275.000,700.000,375.000,375.000,-1,625.000,650.000,-1,-1,2,0,2,0,2,0,0,0,0,1,0,0,2,0,0,2,2
62,-3129.446,58.352,18.152,-32.893,0.839289,0.541638,-0.047138,-0.543608,0.837466,-0.056043,0.009122,0.072661,0.997315,0,0.87774,0.48343,52.664,0.967,-1,350.000,-1,375.000,-1,300.000,300.000,300.000,275.000,725.000,400.000,400.000,-1,625.000,650.000,-1,-1,2,0,2,0,2,0,0,0,0,1,0,0,2,0,0,2,2
63,-3084.734,30.485,18.970,-31.934,0.848056,0.527549,-0.049929,-0.529729,0.846436,-0.054154,0.013693,0.072375,0.997284,0,0.87809,0.47975,52.686,0.959,-1,350.000,-1,375.000,-1,300.000,300.000,300.000,275.000,750.000,425.000,425.000,-1,625.000,650.000,-1,-1,2,0,2,0,2,0,0,0,0,1,0,0,2,0,0,2,2
64,-3039.540,3.348,20.397,-30.982,0.856441,0.513498,-0.053190,-0.515861,0.855224,-0.049794,0.019920,0.070084,0.997342,0,0.87859,0.47596,52.715,0.952,-1,350.000,-1,375.000,-1,300.000,300.000,300.000,275.000,775.000,450.000,450.000,-1,650.000,675.000,-1,-1,2,0,2,0,2,0,0,0,0,1,0,0,2,0,0,2,2
65,-2993.871,-23.059,21.833,-30.037,0.864516,0.499408,-0.056612,-0.501932,0.863693,-0.045805,0.026020,0.068014,0.997345,0,0.87923,0.47209,52.754,0.944,-1,375.000,-1,375.000,-1,300.000,300.000,300.000,275.000,800.000,450.000,450.000,-1,675.000,700.000,-1,-1,2,0,2,0,2,0,0,0,0,1,0,0,2,0,0,2,2
66,-2947.737,-48.740,23.280,-29.101,0.872280,0.485289,-0.060180,-0.487958,0.871847,-0.042184,0.031996,0.066161,0.997296,0,0.88001,0.46811,52.801,0.936,-1,375.000,-1,375.000,-1,300.000,325.000,300.000,300.000,825.000,425.000,425.000,-1,675.000,750.000,-1,-1,2,0,2,0,2,0,0,0,0,1,0,0,2,0,0,2,2
67,-2901.143,-73.695,24.874,-28.173,0.879753,0.471138,-0.063747,-0.473957,0.879657,-0.039616,0.037411,0.065065,0.997179,0,0.88092,0.46405,52.855,0.928,-1,375.000,-1,400.000,-1,325.000,325.000,300.000,300.000,850.000,425.000,350.000,-1,700.000,775.000,-1,-1,2,0,2,0,2,0,0,0,0,1,0,0,2,0,0,2,2
68,-2854.100,-97.927,26.625,-27.253,0.886938,0.456965,-0.067256,-0.459953,0.887124,-0.038133,0.042239,0.064756,0.997007,0,0.88196,0.45989,52.918,0.920,-1,375.000,-1,400.000,-1,325.000,325.000,300.000,300.000,875.000,375.000,300.000,-1,700.000,800.000,-1,-1,2,0,2,0,2,0,0,0,0,1,0,0,2,0,0,2,2
69,-2806.614,-121.438,28.372,-26.342,0.893816,0.442803,-0.070840,-0.445963,0.894290,-0.036901,0.047011,0.064574,0.996805,0,0.88313,0.45566,52.988,0.911,-1,375.000,-1,400.000,-1,325.000,325.000,300.000,300.000,900.000,325.000,275.000,1000.000,725.000,825.000,-1,-1,2,0,2,0,2,0,0,0,0,1,0,0,0,0,0,2,2
70,-2758.694,-144.231,30.393,-25.439,0.900431,0.428630,-0.074160,-0.432018,0.901093,-0.037300,0.050837,0.065624,0.996549,0,0.88441,0.45133,53.065,0.903,-1,375.000,-1,400.000,-1,325.000,325.000,300.000,300.000,950.000,300.000,250.000,1000.000,725.000,825.000,-1,-1,2,0,2,0,2,0,0,0,0,1,0,0,0,0,0,2,2
71,-2710.347,-166.307,32.722,-24.546,0.906798,0.414454,-0.077103,-0.418142,0.907524,-0.039473,0.053613,0.068034,0.996241,0,0.88581,0.44693,53.149,0.894,-1,400.000,-1,400.000,-1,325.000,325.000,300.000,300.000,975.000,325.000,275.000,975.000,750.000,850.000,-1,-1,2,0,2,0,2,0,0,0,0,1,0,0,0,0,0,2,2
72,-2666.140,-185.886,34.794,-23.892,0.911296,0.404008,-0.079482,-0.407965,0.912053,-0.041527,0.055715,0.070269,0.995971,0,0.80581,0.32693,48.349,0.654,-1,400.000,-1,400.000,-1,325.000,325.000,300.000,300.000,1000.000,350.000,275.000,975.000,775.000,850.000,-1,-1,2,0,2,0,2,0,0,0,0,1,0,0,0,0,0,2,2
73,-2626.196,-203.233,36.650,-23.478,0.914039,0.397346,-0.081541,-0.401556,0.914801,-0.043485,0.057315,0.072490,0.995721,0,0.72581,0.20693,43.549,0.414,-1,400.000,-1,400.000,-1,325.000,325.000,300.000,275.000,-1,350.000,300.000,950.000,800.000,850.000,-1,-1,2,0,2,0,2,0,0,0,0,2,0,0,0,0,0,2,2
74,-2588.228,-219.585,38.406,-23.304,0.915099,0.394499,-0.083453,-0.398961,0.915842,-0.045423,0.058510,0.074861,0.995476,0,0.68899,0.08693,41.339,0.174,-1,400.000,-1,400.000,-1,325.000,325.000,300.000,275.000,-1,375.000,300.000,950.000,800.000,875.000,-1,-1,2,0,2,0,2,0,0,0,0,2,0,0,0,0,0,2,2
75,-2550.167,-235.897,40.376,-23.201,0.915740,0.392801,-0.084426,-0.397426,0.916433,-0.046942,0.058932,0.076540,0.995323,0,0.69015,0.05151,41.409,0.103,-1,400.000,-1,400.000,-1,325.000,325.000,300.000,275.000,-1,400.000,325.000,950.000,825.000,875.000,-1,-1,2,0,2,0,2,0,0,0,0,2,0,0,0,0,0,2,2
76,-2512.010,-252.177,42.823,-23.106,0.916487,0.391276,-0.083395,-0.395851,0.917087,-0.047464,0.057909,0.076512,0.995386,0,0.69142,0.04769,41.485,0.095,-1,400.000,-1,400.000,-1,325.000,325.000,300.000,275.000,-1,450.000,375.000,1000.000,825.000,875.000,-1,-1,2,0,2,0,2,0,0,0,0,2,0,0,0,0,0,2,2
77,-2473.751,-268.431,45.272,-23.018,0.917167,0.389874,-0.082478,-0.394406,0.917685,-0.047947,0.056996,0.076505,0.995439,0,0.69282,0.04378,41.569,0.088,-1,400.000,-1,400.000,-1,325.000,325.000,300.000,275.000,-1,525.000,450.000,-1,850.000,875.000,-1,-1,2,0,2,0,2,0,0,0,0,2,0,0,2,0,0,2,2
78,-2435.384,-284.668,47.713,-22.938,0.917781,0.388598,-0.081663,-0.393095,0.918221,-0.048441,0.056161,0.076560,0.995482,0,0.69436,0.03977,41.661,0.080,-1,400.000,-1,400.000,-1,325.000,325.000,300.000,275.000,-1,575.000,500.000,-1,850.000,875.000,-1,-1,2,0,2,0,2,0,0,0,0,2,0,0,2,0,0,2,2
79,-2396.904,-300.897,50.129,-22.867,0.918332,0.387449,-0.080927,-0.391921,0.918692,-0.049024,0.055352,0.076737,0.995514,0,0.69603,0.03568,41.762,0.071,-1,400.000,-1,400.000,-1,325.000,325.000,300.000,275.000,-1,650.000,550.000,-1,850.000,875.000,-1,-1,2,0,2,0,2,0,0,0,0,2,0,0,2,0,0,2,2
80,-2358.306,-317.125,52.520,-22.804,0.918819,0.386430,-0.080269,-0.390888,0.919096,-0.049697,0.054570,0.077039,0.995534,0,0.69785,0.03149,41.871,0.063,-1,400.000,-1,400.000,-1,325.000,325.000,300.000,275.000,-1,700.000,625.000,-1,875.000,900.000,-1,-1,2,0,2,0,2,0,0,0,0,2,0,0,2,0,0,2,2
81,-2319.585,-333.361,54.885,-22.750,0.919242,0.385544,-0.079689,-0.389999,0.919432,-0.050461,0.053813,0.077464,0.995542,0,0.69979,0.02721,41.987,0.054,-1,400.000,-1,400.000,-1,325.000,325.000,300.000,300.000,-1,775.000,675.000,-1,875.000,900.000,-1,-1,2,0,2,0,2,0,0,0,0,2,0,0,2,0,0,2,2
82,-2280.737,-349.615,57.226,-22.704,0.919599,0.384795,-0.079187,-0.389255,0.919699,-0.051316,0.053082,0.078014,0.995538,0,0.70187,0.02284,42.112,0.046,-1,400.000,-1,400.000,-1,325.000,325.000,300.000,300.000,-1,850.000,750.000,-1,875.000,900.000,-1,-1,2,0,2,0,2,0,0,0,0,2,0,0,2,0,0,2,2
83,-2241.755,-365.894,59.541,-22.667,0.919891,0.384184,-0.078763,-0.388662,0.919897,-0.052263,0.052375,0.078688,0.995522,0,0.70407,0.01838,42.244,0.037,-1,400.000,-1,425.000,-1,325.000,325.000,300.000,300.000,-1,900.000,800.000,-1,900.000,900.000,-1,-1,2,0,2,0,2,0,0,0,0,2,0,0,2,0,0,2,2
84,-2202.636,-382.209,61.830,-22.640,0.920116,0.383715,-0.078418,-0.388220,0.920024,-0.053304,0.051693,0.079489,0.995495,0,0.70641,0.01384,42.385,0.028,-1,400.000,-1,425.000,-1,325.000,325.000,300.000,300.000,-1,975.000,875.000,-1,900.000,900.000,-1,-1,2,0,2,0,2,0,0,0,0,2,0,0,2,0,0,2,2
85,-2163.375,-398.568,64.094,-22.621,0.920274,0.383391,-0.078151,-0.387933,0.920079,-0.054439,0.051034,0.080416,0.995454,0,0.70888,0.00921,42.533,0.018,-1,425.000,-1,425.000,-1,325.000,325.000,300.000,300.000,-1,-1,950.000,-1,925.000,900.000,-1,-1,2,0,2,0,2,0,0,0,0,2,2,0,2,0,0,2,2
86,-2119.754,-416.941,66.559,-22.843,0.918817,0.386901,-0.077993,-0.391500,0.918483,-0.055832,0.050033,0.081833,0.995389,0,0.78888,-0.11079,47.333,-0.222,-1,425.000,-1,425.000,-1,325.000,325.000,300.000,300.000,-1,-1,-1,-1,950.000,900.000,-1,-1,2,0,2,0,2,0,0,0,0,2,2,2,2,0,0,2,2
87,-2071.873,-437.564,69.148,-23.304,0.915691,0.394231,-0.078045,-0.398902,0.915204,-0.057264,0.048851,0.083568,0.995304,0,0.86888,-0.23079,52.133,-0.462,-1,425.000,-1,425.000,-1,350.000,350.000,300.000,300.000,-1,-1,-1,-1,975.000,925.000,-1,-1,2,0,2,0,2,0,0,0,0,2,2,2,2,0,0,2,2
88,-2022.463,-459.569,71.367,-24.006,0.910927,0.405385,-0.076650,-0.409966,0.910256,-0.057991,0.046262,0.084249,0.995370,0,0.90148,-0.35079,54.089,-0.702,-1,425.000,-1,425.000,-1,350.000,350.000,300.000,300.000,-1,-1,-1,-1,975.000,900.000,-1,-1,2,0,2,0,2,0,0,0,0,2,2,2,2,0,0,2,2
89,-1973.346,-482.222,73.149,-24.758,0.905764,0.417312,-0.073775,-0.421647,0.904894,-0.058148,0.042493,0.083776,0.995578,0,0.90148,-0.37596,54.089,-0.752,-1,425.000,-1,425.000,-1,350.000,350.000,300.000,300.000,-1,-1,-1,-1,975.000,900.000,-1,-1,2,0,2,0,2,0,0,0,0,2,2,2,2,0,0,2,2
90,-1924.530,-505.517,74.835,-25.510,0.900433,0.429161,-0.070999,-0.433268,0.899360,-0.058577,0.038715,0.083507,0.995755,0,0.90148,-0.37596,54.089,-0.752,-1,425.000,-1,425.000,-1,350.000,350.000,300.000,300.000,-1,-1,-1,-1,975.000,875.000,-1,-1,2,0,2,0,2,0,0,0,0,2,2,2,2,0,0,2,2
91,-1876.024,-529.451,76.455,-26.262,0.894945,0.440932,-0.068206,-0.444814,0.893663,-0.059219,0.034842,0.083337,0.995912,0,0.90148,-0.37596,54.089,-0.752,-1,425.000,-1,425.000,-1,350.000,350.000,300.000,300.000,-1,-1,-1,-1,950.000,875.000,-1,-1,2,0,2,0,2,0,0,0,0,2,2,2,2,0,0,2,2
92,-1827.837,-554.020,78.013,-27.014,0.889300,0.452625,-0.065390,-0.456281,0.887806,-0.060072,0.030863,0.083258,0.996050,0,0.90148,-0.37596,54.089,-0.752,-1,425.000,-1,425.000,-1,325.000,325.000,300.000,300.000,-1,-1,-1,-1,950.000,850.000,-1,-1,2,0,2,0,2,0,0,0,0,2,2,2,2,0,0,2,2
93,-1779.975,-579.217,79.352,-27.766,0.883511,0.464214,-0.062564,-0.467662,0.881746,-0.061777,0.026488,0.083839,0.996127,0,0.90148,-0.37596,54.089,-0.752,-1,425.000,-1,400.000,-1,325.000,325.000,300.000,300.000,-1,-1,-1,-1,925.000,850.000,-1,-1,2,0,2,0,2,0,0,0,0,2,2,2,2,0,0,2,2
94,-1732.449,-605.041,80.590,-28.517,0.877561,0.475712,-0.059865,-0.478956,0.875518,-0.063791,0.022067,0.084653,0.996166,0,0.90148,-0.37596,54.089,-0.752,-1,400.000,-1,400.000,-1,325.000,325.000,300.000,300.000,-1,-1,-1,-1,900.000,825.000,-1,-1,2,0,2,0,2,0,0,0,0,2,2,2,2,0,0,2,2
95,-1685.265,-631.486,81.794,-29.269,0.871445,0.487128,-0.057360,-0.490170,0.869140,-0.065796,0.017803,0.085453,0.996183,0,0.90148,-0.37596,54.089,-0.752,-1,400.000,-1,400.000,-1,325.000,325.000,300.000,300.000,-1,-1,-1,-1,900.000,800.000,-1,-1,2,0,2,0,2,0,0,0,0,2,2,2,2,0,0,2,2
96,-1638.432,-658.548,82.943,-30.021,0.865167,0.498454,-0.055037,-0.501298,0.862608,-0.067877,0.013642,0.086315,0.996174,0,0.90148,-0.37596,54.089,-0.752,-1,400.000,-1,400.000,-1,325.000,325.000,300.000,300.000,-1,-1,-1,-1,875.000,800.000,-1,-1,2,0,2,0,2,0,0,0,0,2,2,2,2,0,0,2,2
97,-1591.959,-686.222,84.024,-30.773,0.858732,0.509688,-0.052896,-0.512337,0.855920,-0.070086,0.009553,0.087285,0.996138,0,0.90148,-0.37596,54.089,-0.752,-1,400.000,-1,400.000,-1,325.000,325.000,300.000,300.000,-1,-1,-1,-1,875.000,775.000,-1,-1,2,0,2,0,2,0,0,0,0,2,2,2,2,0,0,2,2
98,-1545.852,-714.504,85.039,-31.525,0.852141,0.520827,-0.050943,-0.523283,0.849076,-0.072417,0.005538,0.088367,0.996073,0,0.90148,-0.37596,54.089,-0.752,-1,400.000,-1,400.000,-1,325.000,325.000,325.000,300.000,-1,-1,-1,-1,875.000,775.000,-1,-1,2,0,2,0,2,0,0,0,0,2,2,2,2,0,0,2,2
99,-1500.121,-743.389,85.745,-32.277,0.845361,0.531913,-0.049326,-0.534190,0.842151,-0.073640,0.002370,0.088602,0.996064,0,0.90148,-0.37596,54.089,-0.752,-1,400.000,-1,400.000,-1,325.000,325.000,325.000,300.000,-1,-1,-1,-1,850.000,775.000,-1,-1,2,0,2,0,2,0,0,0,0,2,2,2,2,0,0,2,2
100,-1454.774,-772.873,85.913,-33.029,0.838358,0.542992,-0.048122,-0.545120,0.835211,-0.072573,0.000786,0.087075,0.996201,0,0.90148,-0.37596,54.089,-0.752,-1,400.000,-1,400.000,-1,325.000,325.000,325.000,300.000,-1,-1,-1,-1,850.000,775.000,-1,-1,2,0,2,0,2,0,0,0,0,2,2,2,2,0,0,2,2
101,-1409.778,-802.980,86.012,-33.785,0.831168,0.554029,-0.047032,-0.556021,0.828078,-0.071608,-0.000727,0.085669,0.996323,0,0.90231,-0.37787,54.139,-0.756,-1,400.000,-1,400.000,-1,325.000,325.000,300.000,300.000,-1,-1,-1,-1,850.000,775.000,-1,-1,2,0,2,0,2,0,0,0,0,2,2,2,2,0,0,2,2
102,-1365.111,-833.737,85.819,-34.548,0.823787,0.565115,-0.044949,-0.566892,0.820778,-0.070408,-0.002896,0.083482,0.996505,0,0.90386,-0.38158,54.232,-0.763,-1,400.000,-1,400.000,-1,325.000,325.000,300.000,300.000,-1,-1,-1,-1,850.000,775.000,-1,-1,2,0,2,0,2,0,0,0,0,2,2,2,2,0,0,2,2
103,-1320.789,-865.143,85.531,-35.318,0.816180,0.576205,-0.042863,-0.577775,0.813249,-0.069298,-0.005072,0.081324,0.996675,0,0.90534,-0.38529,54.320,-0.771,-1,400.000,-1,400.000,-1,325.000,325.000,300.000,300.000,-1,-1,-1,-1,850.000,775.000,-1,-1,2,0,2,0,2,0,0,0,0,2,2,2,2,0,0,2,2
104,-1276.830,-897.197,85.179,-36.096,0.808341,0.587290,-0.040942,-0.588672,0.805480,-0.068324,-0.007148,0.079331,0.996823,0,0.90673,-0.38902,54.404,-0.778,-1,400.000,-1,400.000,-1,325.000,325.000,300.000,300.000,-1,-1,-1,-1,825.000,775.000,-1,-1,2,0,2,0,2,0,0,0,0,2,2,2,2,0,0,2,2
105,-1233.252,-929.898,84.749,-36.882,0.800265,0.598360,-0.039260,-0.599578,0.797465,-0.067499,-0.009080,0.077557,0.996947,0,0.90804,-0.39274,54.483,-0.785,-1,400.000,-1,400.000,-1,325.000,325.000,300.000,300.000,-1,-1,-1,-1,825.000,775.000,-1,-1,2,0,2,0,2,0,0,0,0,2,2,2,2,0,0,2,2
106,-1190.071,-963.243,84.112,-37.675,0.791940,0.609390,-0.038407,-0.610509,0.789174,-0.066955,-0.010492,0.076472,0.997017,0,0.90927,-0.39647,54.556,-0.793,-1,400.000,-1,400.000,-1,325.000,325.000,300.000,300.000,-1,-1,-1,-1,825.000,775.000,-1,-1,2,0,2,0,2,0,0,0,0,2,2,2,2,0,0,2,2
107,-1147.307,-997.230,83.449,-38.475,0.783382,0.620405,-0.037555,-0.621427,0.780648,-0.066469,-0.011920,0.075408,0.997081,0,0.91041,-0.40020,54.625,-0.800,-1,400.000,-1,400.000,-1,325.000,325.000,300.000,300.000,-1,-1,-1,-1,825.000,775.000,-1,-1,2,0,2,0,2,0,0,0,0,2,2,2,2,0,0,2,2
108,-1104.978,-1031.857,82.772,-39.283,0.774591,0.631405,-0.036564,-0.632320,0.771890,-0.066011,-0.013456,0.074251,0.997149,0,0.91146,-0.40393,54.688,-0.808,-1,400.000,-1,400.000,-1,325.000,325.000,300.000,300.000,-1,-1,-1,-1,825.000,775.000,-1,-1,2,0,2,0,2,0,0,0,0,2,2,2,2,0,0,2,2
109,-1063.102,-1067.120,81.995,-40.098,0.765569,0.642368,-0.035616,-0.643176,0.762879,-0.065889,-0.015154,0.073350,0.997191,0,0.91242,-0.40765,54.745,-0.815,-1,400.000,-1,400.000,-1,325.000,325.000,325.000,300.000,-1,-1,-1,-1,825.000,775.000,-1,-1,2,0,2,0,2,0,0,0,0,2,2,2,2,0,0,2,2
110,-1021.697,-1103.014,81.060,-40.921,0.756322,0.653276,-0.034736,-0.653973,0.753600,-0.066374,-0.017184,0.072916,0.997190,0,0.91328,-0.41137,54.797,-0.823,-1,400.000,-1,400.000,-1,325.000,325.000,325.000,300.000,-1,-1,-1,-1,825.000,775.000,-1,-1,2,0,2,0,2,0,0,0,0,2,2,2,2,0,0,2,2
111,-980.129,-1140.283,80.066,-41.878,0.745361,0.665797,-0.033912,-0.666379,0.742606,-0.066899,-0.019358,0.072462,0.997183,0,0.93048,-0.47864,55.829,-0.957,-1,400.000,-1,400.000,-1,325.000,325.000,325.000,300.000,-1,-1,-1,-1,825.000,775.000,-1,-1,2,0,2,0,2,0,0,0,0,2,2,2,2,0,0,2,2
112,-942.817,-1175.094,79.115,-43.013,0.732091,0.680395,-0.033240,-0.680863,0.729302,-0.067413,-0.021625,0.071984,0.997171,0,0.85048,-0.56730,51.029,-1.135,-1,400.000,-1,400.000,-1,325.000,325.000,325.000,300.000,-1,-1,-1,-1,825.000,775.000,-1,-1,2,0,2,0,2,0,0,0,0,2,2,2,2,0,0,2,2
113,-909.656,-1207.304,78.021,-44.165,0.718294,0.694975,-0.032611,-0.695353,0.715543,-0.066948,-0.023193,0.070765,0.997223,0,0.77048,-0.57578,46.229,-1.152,-1,400.000,-1,400.000,-1,325.000,325.000,325.000,300.000,-1,-1,-1,-1,825.000,775.000,-1,-1,2,0,2,0,2,0,0,0,0,2,2,2,2,0,0,2,2
114,-878.262,-1239.065,76.873,-45.331,0.704012,0.709466,-0.032007,-0.709761,0.701314,-0.066317,-0.024603,0.069406,0.997285,0,0.74428,-0.58325,44.657,-1.167,-1,400.000,-1,400.000,-1,325.000,325.000,325.000,300.000,-1,-1,-1,-1,825.000,800.000,-1,-1,2,0,2,0,2,0,0,0,0,2,2,2,2,0,0,2,2
115,-847.459,-1271.540,75.657,-46.512,0.689262,0.723830,-0.031441,-0.724042,0.686604,-0.065863,-0.026086,0.068161,0.997333,0,0.74599,-0.59039,44.759,-1.181,-1,400.000,-1,400.000,-1,325.000,325.000,325.000,300.000,-1,-1,-1,-1,825.000,800.000,-1,-1,2,0,2,0,2,0,0,0,0,2,2,2,2,0,0,2,2
116,-817.272,-1304.724,74.386,-47.707,0.674036,0.738051,-0.030913,-0.738182,0.671412,-0.065519,-0.027601,0.066982,0.997372,0,0.74767,-0.59753,44.860,-1.195,-1,400.000,-1,400.000,-1,325.000,325.000,325.000,300.000,-1,-1,-1,-1,825.000,800.000,-1,-1,2,0,2,0,2,0,0,0,0,2,2,2,2,0,0,2,2
117,-787.727,-1338.614,73.060,-48.916,0.658331,0.752113,-0.030429,-0.752164,0.655734,-0.065285,-0.029148,0.065867,0.997403,0,0.74933,-0.60468,44.960,-1.209,-1,400.000,-1,400.000,-1,325.000,325.000,325.000,300.000,-1,-1,-1,-1,825.000,800.000,-1,-1,2,0,2,0,2,0,0,0,0,2,2,2,2,0,0,2,2
118,-758.849,-1373.203,71.680,-50.140,0.642142,0.765998,-0.029995,-0.765969,0.639567,-0.065157,-0.030726,0.064815,0.997424,0,0.75097,-0.61184,45.058,-1.224,-1,400.000,-1,400.000,-1,325.000,325.000,325.000,300.000,-1,-1,-1,-1,825.000,800.000,-1,-1,2,0,2,0,2,0,0,0,0,2,2,2,2,0,0,2,2
119,-730.664,-1408.483,70.203,-51.378,0.625467,0.779696,-0.029405,-0.779575,0.622914,-0.065126,-0.032461,0.063658,0.997444,0,0.75259,-0.61901,45.156,-1.238,-1,400.000,-1,400.000,-1,325.000,325.000,325.000,300.000,-1,-1,-1,-1,825.000,800.000,-1,-1,2,0,2,0,2,0,0,0,0,2,2,2,2,0,0,2,2
120,-703.199,-1444.447,68.605,-52.630,0.608300,0.793193,-0.028565,-0.792962,0.605776,-0.065165,-0.034385,0.062291,0.997466,0,0.75419,-0.62620,45.252,-1.252,-1,400.000,-1,400.000,-1,325.000,325.000,325.000,300.000,-1,-1,-1,-1,825.000,800.000,-1,-1,2,0,2,0,2,0,0,0,0,2,2,2,2,0,0,2,2
121,-676.480,-1481.086,66.944,-53.897,0.590638,0.806459,-0.027763,-0.806118,0.588141,-0.065298,-0.036331,0.060948,0.997480,0,0.75577,-0.63339,45.346,-1.267,-1,400.000,-1,400.000,-1,325.000,325.000,325.000,300.000,-1,-1,-1,-1,825.000,800.000,-1,-1,2,0,2,0,2,0,0,0,0,2,2,2,2,0,0,2,2
122,-650.534,-1518.390,65.220,-55.178,0.572481,0.819473,-0.027007,-0.819023,0.570007,-0.065522,-0.038299,0.059630,0.997486,0,0.75732,-0.64060,45.439,-1.281,-1,400.000,-1,400.000,-1,325.000,325.000,325.000,300.000,-1,-1,-1,-1,825.000,800.000,-1,-1,2,0,2,0,2,0,0,0,0,2,2,2,2,0,0,2,2
123,-625.388,-1556.347,63.316,-56.474,0.553822,0.832239,-0.025690,-0.831641,0.551390,-0.065888,-0.040670,0.057855,0.997496,0,0.75884,-0.64781,45.530,-1.296,-1,400.000,-1,400.000,-1,325.000,325.000,300.000,300.000,-1,-1,-1,-1,800.000,800.000,-1,-1,2,0,2,0,2,0,0,0,0,2,2,2,2,0,0,2,2
124,-601.068,-1594.945,61.303,-57.784,0.534662,0.844712,-0.024433,-0.843968,0.532272,-0.066365,-0.043054,0.056104,0.997496,0,0.76033,-0.65504,45.620,-1.310,-1,400.000,-1,400.000,-1,325.000,325.000,300.000,300.000,-1,-1,-1,-1,800.000,800.000,-1,-1,2,0,2,0,2,0,0,0,0,2,2,2,2,0,0,2,2
125,-577.602,-1634.170,59.129,-59.109,0.515012,0.856853,-0.023767,-0.855995,0.512641,-0.066876,-0.045120,0.054786,0.997478,0,0.76180,-0.66228,45.708,-1.325,-1,400.000,-1,400.000,-1,325.000,325.000,300.000,300.000,-1,-1,-1,-1,800.000,775.000,-1,-1,2,0,2,0,2,0,0,0,0,2,2,2,2,0,0,2,2
126,-555.016,-1674.007,56.906,-60.448,0.494866,0.868660,-0.023167,-0.867687,0.492512,-0.067465,-0.047194,0.053488,0.997453,0,0.76324,-0.66953,45.794,-1.339,-1,400.000,-1,400.000,-1,325.000,325.000,300.000,300.000,-1,-1,-1,-1,775.000,775.000,-1,-1,2,0,2,0,2,0,0,0,0,2,2,2,2,0,0,2,2
127,-533.338,-1714.442,54.635,-61.801,0.474226,0.880112,-0.022637,-0.879023,0.471887,-0.068124,-0.049275,0.052205,0.997420,0,0.76464,-0.67679,45.878,-1.354,-1,400.000,-1,400.000,-1,325.000,325.000,300.000,300.000,-1,-1,-1,-1,775.000,775.000,-1,-1,2,0,2,0,2,0,0,0,0,2,2,2,2,0,0,2,2
128,-512.594,-1755.455,52.315,-63.169,0.453095,0.891186,-0.022179,-0.889982,0.450769,-0.068849,-0.051360,0.050934,0.997381,0,0.76601,-0.68405,45.961,-1.368,-1,400.000,-1,400.000,-1,325.000,325.000,300.000,300.000,-1,-1,-1,-1,775.000,775.000,-1,-1,2,0,2,0,2,0,0,0,0,2,2,2,2,0,0,2,2
129,-492.811,-1797.029,49.949,-64.551,0.431489,0.901855,-0.021794,-0.900534,0.429174,-0.069634,-0.053446,0.049672,0.997335,0,0.76734,-0.69091,46.041,-1.382,-1,400.000,-1,400.000,-1,325.000,325.000,300.000,300.000,-1,-1,-1,-1,775.000,775.000,-1,-1,2,0,2,0,2,0,0,0,0,2,2,2,2,0,0,2,2
130,-474.014,-1839.144,47.532,-65.947,0.409415,0.912095,-0.021503,-0.910658,0.407108,-0.070466,-0.055518,0.048431,0.997282,0,0.76864,-0.69775,46.118,-1.396,-1,400.000,-1,400.000,-1,325.000,325.000,300.000,300.000,-1,-1,-1,-1,775.000,750.000,-1,-1,2,0,2,0,2,0,0,0,0,2,2,2,2,0,0,2,2
131,-456.230,-1881.777,45.048,-67.356,0.386881,0.921882,-0.021385,-0.920334,0.384577,-0.071317,-0.057521,0.047272,0.997224,0,0.76989,-0.70456,46.193,-1.409,-1,400.000,-1,400.000,-1,325.000,325.000,300.000,300.000,-1,-1,-1,-1,750.000,750.000,-1,-1,2,0,2,0,2,0,0,0,0,2,2,2,2,0,0,2,2
132,-440.062,-1922.876,42.590,-68.525,0.367975,0.929597,-0.021052,-0.927972,0.365711,-0.071585,-0.058846,0.045877,0.997212,0,0.73609,-0.58456,44.165,-1.169,-1,400.000,-1,400.000,-1,325.000,325.000,300.000,300.000,-1,-1,-1,-1,750.000,750.000,-1,-1,2,0,2,0,2,0,0,0,0,2,2,2,2,0,0,2,2
133,-424.552,-1964.261,40.131,-69.454,0.352827,0.935460,-0.020658,-0.933776,0.350609,-0.071658,-0.059790,0.044573,0.997215,0,0.73659,-0.46456,44.195,-0.929,-1,400.000,-1,400.000,-1,325.000,325.000,300.000,300.000,-1,-1,-1,-1,750.000,750.000,-1,-1,2,0,2,0,2,0,0,0,0,2,2,2,2,0,0,2,2
134,-409.549,-2005.805,37.641,-70.143,0.341530,0.939651,-0.020333,-0.937919,0.339348,-0.071765,-0.060534,0.043581,0.997214,0,0.73617,-0.34456,44.170,-0.689,-1,400.000,-1,400.000,-1,325.000,325.000,300.000,300.000,-1,-1,-1,-1,750.000,725.000,-1,-1,2,0,2,0,2,0,0,0,0,2,2,2,2,0,0,2,2
135,-394.901,-2047.385,35.080,-70.592,0.334125,0.942318,-0.019936,-0.940557,0.331984,-0.071681,-0.060928,0.042701,0.997228,0,0.73474,-0.22456,44.085,-0.449,-1,400.000,-1,400.000,-1,325.000,325.000,300.000,300.000,-1,-1,-1,-1,750.000,725.000,-1,-1,2,0,2,0,2,0,0,0,0,2,2,2,2,0,0,2,2
