timestep,x_cm,y_cm,z_cm,yaw_deg,basis_xx,basis_xy,basis_xz,basis_yx,basis_yy,basis_yz,basis_zx,basis_zy,basis_zz,teleport_flag,throttle_cmd,steering_cmd,cmd_move_cm,cmd_turn_deg,lidar_cm_0,lidar_cm_1,lidar_cm_2,lidar_cm_3,lidar_cm_4,lidar_cm_5,lidar_cm_6,lidar_cm_7,lidar_cm_8,lidar_cm_9,lidar_cm_10,lidar_cm_11,lidar_cm_12,lidar_cm_13,lidar_cm_14,lidar_cm_15,lidar_cm_16,lidar_class_0,lidar_class_1,lidar_class_2,lidar_class_3,lidar_class_4,lidar_class_5,lidar_class_6,lidar_class_7,lidar_class_8,lidar_class_9,lidar_class_10,lidar_class_11,lidar_class_12,lidar_class_13,lidar_class_14,lidar_class_15,lidar_class_16
0,-2946.891,-2295.715,225.622,0.246,0.998286,-0.004283,-0.058365,0.001083,0.998500,-0.054735,0.058512,0.054578,0.996794,1,0.08000,-0.12000,4.800,-0.240,-1,400.000,-1,400.000,-1,325.000,325.000,300.000,300.000,-1,-1,-1,-1,800.000,825.000,-1,-1,2,0,2,0,2,0,0,0,0,2,2,2,2,0,0,2,2
1,-2937.291,-2295.754,226.181,-0.234,0.998294,0.004082,-0.058236,-0.007280,0.998470,-0.054806,0.057923,0.055136,0.996797,0,0.16000,-0.24000,9.600,-0.480,-1,400.000,-1,400.000,-1,325.000,325.000,300.000,300.000,-1,-1,-1,-1,825.000,825.000,-1,-1,2,0,2,0,2,0,0,0,0,2,2,2,2,0,0,2,2
2,-2922.892,-2295.994,227.009,-0.954,0.998176,0.016628,-0.058042,-0.019823,0.998294,-0.054918,0.057030,0.055968,0.996802,0,0.24000,-0.36000,14.400,-0.720,-1,400.000,-1,400.000,-1,325.000,325.000,300.000,300.000,-1,-1,-1,-1,825.000,825.000,-1,-1,2,0,2,0,2,0,0,0,0,2,2,2,2,0,0,2,2
3,-2903.703,-2296.628,228.096,-1.895,0.997783,0.033008,-0.057783,-0.036199,0.997826,-0.055076,0.055840,0.057046,0.996809,0,0.32000,-0.47019,19.200,-0.940,-1,400.000,-1,400.000,-1,325.000,325.000,300.000,300.000,-1,-1,-1,-1,825.000,800.000,-1,-1,2,0,2,0,2,0,0,0,0,2,2,2,2,0,0,2,2
4,-2879.732,-2297.813,229.433,-2.832,0.997128,0.049327,-0.057463,-0.052511,0.997089,-0.055280,0.054569,0.058138,0.996816,0,0.40000,-0.46877,24.000,-0.938,-1,400.000,-1,400.000,-1,325.000,325.000,300.000,300.000,-1,-1,-1,-1,825.000,800.000,-1,-1,2,0,2,0,2,0,0,0,0,2,2,2,2,0,0,2,2
5,-2850.994,-2299.704,231.013,-3.766,0.996214,0.065571,-0.057083,-0.068745,0.996087,-0.055532,0.053218,0.059246,0.996824,0,0.48000,-0.46706,28.800,-0.934,-1,400.000,-1,400.000,-1,325.000,325.000,300.000,300.000,-1,-1,-1,-1,825.000,800.000,-1,-1,2,0,2,0,2,0,0,0,0,2,2,2,2,0,0,2,2
6,-2817.506,-2302.454,232.823,-4.696,0.995044,0.081726,-0.056643,-0.084887,0.994825,-0.055839,0.051787,0.060371,0.996832,0,0.56000,-0.46505,33.600,-0.930,-1,400.000,-1,400.000,-1,325.000,325.000,300.000,300.000,-1,-1,-1,-1,825.000,800.000,-1,-1,2,0,2,0,2,0,0,0,0,2,2,2,2,0,0,2,2
7,-2779.290,-2306.215,234.854,-5.622,0.993623,0.097777,-0.056146,-0.100922,0.993305,-0.056205,0.050275,0.061513,0.996839,0,0.64000,-0.46274,38.400,-0.925,-1,400.000,-1,400.000,-1,325.000,325.000,300.000,300.000,-1,-1,-1,-1,825.000,800.000,-1,-1,2,0,2,0,2,0,0,0,0,2,2,2,2,0,0,2,2
8,-2736.371,-2311.137,237.096,-6.542,0.991957,0.113709,-0.055594,-0.116835,0.991535,-0.056634,0.048683,0.062674,0.996846,0,0.72000,-0.46012,43.200,-0.920,-1,400.000,-1,400.000,-1,325.000,325.000,300.000,300.000,-1,-1,-1,-1,825.000,800.000,-1,-1,2,0,2,0,2,0,0,0,0,2,2,2,2,0,0,2,2
9,-2690.180,-2317.181,239.466,-7.456,0.990051,0.129508,-0.055008,-0.132612,0.989521,-0.057121,0.047034,0.063847,0.996851,0,0.77641,-0.45717,46.585,-0.914,-1,400.000,-1,400.000,-1,325.000,325.000,300.000,300.000,-1,-1,-1,-1,825.000,800.000,-1,-1,2,0,2,0,2,0,0,0,0,2,2,2,2,0,0,2,2
10,-2644.106,-2323.955,241.668,-8.364,0.987908,0.145165,-0.054445,-0.148226,0.987301,-0.057151,0.045457,0.064530,0.996880,0,0.77616,-0.45398,46.570,-0.908,-1,400.000,-1,400.000,-1,325.000,325.000,300.000,300.000,-1,-1,-1,-1,825.000,800.000,-1,-1,2,0,2,0,2,0,0,0,0,2,2,2,2,0,0,2,2
11,-2598.172,-2331.450,243.634,-9.266,0.985557,0.160681,-0.053478,-0.163641,0.984900,-0.056518,0.043589,0.064452,0.996968,0,0.77568,-0.45074,46.541,-0.901,-1,400.000,-1,400.000,-1,325.000,325.000,300.000,300.000,-1,-1,-1,-1,825.000,800.000,-1,-1,2,0,2,0,2,0,0,0,0,2,2,2,2,0,0,2,2
12,-2552.402,-2339.653,245.427,-10.161,0.982974,0.176041,-0.052641,-0.178930,0.982245,-0.056385,0.041780,0.064844,0.997020,0,0.77498,-0.44748,46.499,-0.895,-1,400.000,-1,400.000,-1,325.000,325.000,300.000,300.000,-1,-1,-1,-1,825.000,800.000,-1,-1,2,0,2,0,2,0,0,0,0,2,2,2,2,0,0,2,2
13,-2506.819,-2348.554,247.117,-11.049,0.980180,0.191242,-0.051708,-0.194064,0.979358,-0.056534,0.039830,0.065448,0.997061,0,0.77406,-0.44421,46.444,-0.888,-1,400.000,-1,400.000,-1,325.000,325.000,300.000,300.000,-1,-1,-1,-1,825.000,800.000,-1,-1,2,0,2,0,2,0,0,0,0,2,2,2,2,0,0,2,2
14,-2461.444,-2358.141,248.762,-11.931,0.977172,0.206285,-0.050804,-0.209042,0.976260,-0.056722,0.037897,0.066047,0.997097,0,0.77294,-0.44096,46.376,-0.882,-1,400.000,-1,400.000,-1,325.000,325.000,300.000,300.000,-1,-1,-1,-1,825.000,800.000,-1,-1,2,0,2,0,2,0,0,0,0,2,2,2,2,0,0,2,2
15,-2416.298,-2368.405,250.362,-12.808,0.973950,0.221197,-0.049929,-0.223889,0.972950,-0.056947,0.035982,0.066642,0.997128,0,0.77162,-0.43855,46.297,-0.877,-1,400.000,-1,400.000,-1,325.000,325.000,300.000,300.000,-1,-1,-1,-1,800.000,800.000,-1,-1,2,0,2,0,2,0,0,0,0,2,2,2,2,0,0,2,2
16,-2371.401,-2379.335,251.918,-13.683,0.970509,0.236014,-0.049087,-0.238643,0.969421,-0.057208,0.034084,0.067236,0.997155,0,0.77013,-0.43733,46.208,-0.875,-1,400.000,-1,400.000,-1,325.000,325.000,300.000,300.000,-1,-1,-1,-1,800.000,775.000,-1,-1,2,0,2,0,2,0,0,0,0,2,2,2,2,0,0,2,2
17,-2326.772,-2390.923,253.428,-14.556,0.966850,0.250739,-0.048281,-0.253306,0.965676,-0.057505,0.032205,0.067828,0.997177,0,0.76848,-0.43628,46.109,-0.873,-1,400.000,-1,400.000,-1,325.000,325.000,300.000,300.000,-1,-1,-1,-1,800.000,775.000,-1,-1,2,0,2,0,2,0,0,0,0,2,2,2,2,0,0,2,2
18,-2282.427,-2403.159,254.893,-15.426,0.962974,0.265376,-0.047513,-0.267882,0.961714,-0.057835,0.030346,0.068421,0.997195,0,0.76669,-0.43541,46.001,-0.871,-1,400.000,-1,400.000,-1,325.000,325.000,300.000,300.000,-1,-1,-1,-1,800.000,775.000,-1,-1,2,0,2,0,2,0,0,0,0,2,2,2,2,0,0,2,2
19,-2238.383,-2416.035,256.312,-16.296,0.958881,0.279926,-0.046786,-0.282374,0.957538,-0.058197,0.028508,0.069015,0.997208,0,0.76478,-0.43471,45.887,-0.869,-1,400.000,-1,400.000,-1,325.000,325.000,300.000,300.000,-1,-1,-1,-1,800.000,775.000,-1,-1,2,0,2,0,2,0,0,0,0,2,2,2,2,0,0,2,2
20,-2194.654,-2429.541,257.685,-17.164,0.954571,0.294394,-0.046101,-0.296784,0.953146,-0.058589,0.026693,0.069609,0.997217,0,0.76279,-0.43420,45.767,-0.868,-1,400.000,-1,400.000,-1,325.000,325.000,300.000,300.000,-1,-1,-1,-1,800.000,775.000,-1,-1,2,0,2,0,2,0,0,0,0,2,2,2,2,0,0,2,2
21,-2155.646,-2442.059,258.885,-17.793,0.951322,0.304820,-0.045516,-0.307163,0.949829,-0.058953,0.025263,0.070064,0.997223,0,0.68279,-0.31420,40.967,-0.628,-1,400.000,-1,400.000,-1,325.000,325.000,300.000,300.000,-1,-1,-1,-1,800.000,775.000,-1,-1,2,0,2,0,2,0,0,0,0,2,2,2,2,0,0,2,2
22,-2121.284,-2453.344,259.922,-18.181,0.949264,0.311246,-0.044995,-0.313549,0.947721,-0.059260,0.024198,0.070362,0.997228,0,0.60279,-0.19420,36.167,-0.388,-1,400.000,-1,400.000,-1,325.000,325.000,300.000,300.000,-1,-1,-1,-1,800.000,775.000,-1,-1,2,0,2,0,2,0,0,0,0,2,2,2,2,0,0,2,2
23,-2087.884,-2464.409,260.903,-18.329,0.948484,0.313697,-0.044414,-0.315961,0.946905,-0.059494,0.023392,0.070462,0.997240,0,0.58642,-0.07420,35.185,-0.148,-1,400.000,-1,400.000,-1,325.000,325.000,325.000,300.000,-1,-1,-1,-1,800.000,750.000,-1,-1,2,0,2,0,2,0,0,0,0,2,2,2,2,0,0,2,2
24,-2054.534,-2475.399,261.804,-18.238,0.949001,0.312190,-0.043993,-0.314423,0.947428,-0.059318,0.023161,0.070125,0.997269,0,0.58523,0.04580,35.114,0.092,-1,400.000,-1,400.000,-1,325.000,325.000,325.000,300.000,-1,-1,-1,-1,800.000,750.000,-1,-1,2,0,2,0,2,0,0,0,0,2,2,2,2,0,0,2,2
25,-2021.178,-2486.177,262.665,-17.906,0.950803,0.306716,-0.043577,-0.308919,0.949262,-0.058909,0.023297,0.069473,0.997312,0,0.58424,0.16580,35.054,0.332,-1,400.000,-1,400.000,-1,325.000,325.000,300.000,300.000,-1,-1,-1,-1,800.000,750.000,-1,-1,2,0,2,0,2,0,0,0,0,2,2,2,2,0,0,2,2
26,-1987.761,-2496.608,263.522,-17.335,0.953830,0.297248,-0.043032,-0.299417,0.952332,-0.058418,0.023616,0.068606,0.997364,0,0.58346,0.28580,35.007,0.572,-1,400.000,-1,400.000,-1,325.000,325.000,300.000,300.000,-1,-1,-1,-1,800.000,750.000,-1,-1,2,0,2,0,2,0,0,0,0,2,2,2,2,0,0,2,2
27,-1954.233,-2506.555,264.418,-16.523,0.957957,0.283748,-0.042502,-0.285889,0.956510,-0.057928,0.024217,0.067644,0.997416,0,0.58288,0.40580,34.973,0.812,-1,400.000,-1,400.000,-1,325.000,325.000,300.000,300.000,-1,-1,-1,-1,800.000,750.000,-1,-1,2,0,2,0,2,0,0,0,0,2,2,2,2,0,0,2,2
28,-1920.550,-2515.879,265.358,-15.471,0.963012,0.266164,-0.042004,-0.268286,0.961625,-0.057441,0.025104,0.066585,0.997465,0,0.58251,0.52580,34.951,1.052,-1,400.000,-1,400.000,-1,325.000,325.000,300.000,300.000,-1,-1,-1,-1,800.000,750.000,-1,-1,2,0,2,0,2,0,0,0,0,2,2,2,2,0,0,2,2
29,-1886.700,-2524.535,266.250,-14.344,0.968059,0.247207,-0.041842,-0.249340,0.966724,-0.057218,0.026305,0.065824,0.997484,0,0.58234,0.56362,34.940,1.127,-1,400.000,-1,400.000,-1,325.000,325.000,300.000,300.000,-1,-1,-1,-1,800.000,750.000,-1,-1,2,0,2,0,2,0,0,0,0,2,2,2,2,0,0,2,2
30,-1852.692,-2532.523,267.158,-13.217,0.972734,0.228160,-0.041612,-0.230300,0.971442,-0.057120,0.027391,0.065146,0.997500,0,0.58223,0.56337,34.934,1.127,-1,400.000,-1,400.000,-1,325.000,325.000,300.000,300.000,-1,-1,-1,-1,800.000,750.000,-1,-1,2,0,2,0,2,0,0,0,0,2,2,2,2,0,0,2,2
31,-1818.539,-2539.840,268.115,-12.091,0.977033,0.209032,-0.041374,-0.211178,0.975784,-0.057005,0.028456,0.064433,0.997516,0,0.58213,0.56312,34.928,1.126,-1,400.000,-1,400.000,-1,325.000,325.000,300.000,300.000,-1,-1,-1,-1,800.000,750.000,-1,-1,2,0,2,0,2,0,0,0,0,2,2,2,2,0,0,2,2
32,-1784.255,-2546.483,269.118,-10.965,0.980955,0.189830,-0.041129,-0.191982,0.979749,-0.056872,0.029500,0.063685,0.997534,0,0.58204,0.56285,34.922,1.126,-1,400.000,-1,400.000,-1,325.000,325.000,300.000,300.000,-1,-1,-1,-1,800.000,750.000,-1,-1,2,0,2,0,2,0,0,0,0,2,2,2,2,0,0,2,2
33,-1749.853,-2552.451,270.168,-9.840,0.984498,0.170564,-0.040877,-0.172717,0.983337,-0.056723,0.030521,0.062904,0.997553,0,0.58194,0.56258,34.917,1.125,-1,400.000,-1,400.000,-1,325.000,325.000,300.000,300.000,-1,-1,-1,-1,800.000,750.000,-1,-1,2,0,2,0,2,0,0,0,0,2,2,2,2,0,0,2,2
34,-1715.345,-2557.741,271.263,-8.716,0.987662,0.151239,-0.040619,-0.153394,0.986545,-0.056557,0.031519,0.062090,0.997573,0,0.58185,0.56230,34.911,1.125,-1,400.000,-1,400.000,-1,325.000,325.000,300.000,300.000,-1,-1,-1,-1,800.000,750.000,-1,-1,2,0,2,0,2,0,0,0,0,2,2,2,2,0,0,2,2
35,-1680.746,-2562.353,272.402,-7.592,0.990446,0.131864,-0.040354,-0.134018,0.989374,-0.056375,0.032492,0.061245,0.997594,0,0.58177,0.56201,34.906,1.124,-1,400.000,-1,400.000,-1,325.000,325.000,300.000,300.000,-1,-1,-1,-1,800.000,750.000,-1,-1,2,0,2,0,2,0,0,0,0,2,2,2,2,0,0,2,2
36,-1646.068,-2566.285,273.583,-6.468,0.992849,0.112447,-0.040083,-0.114599,0.991822,-0.056177,0.033438,0.060369,0.997616,0,0.58168,0.56171,34.901,1.123,-1,400.000,-1,400.000,-1,325.000,325.000,300.000,300.000,-1,-1,-1,-1,800.000,750.000,-1,-1,2,0,2,0,2,0,0,0,0,2,2,2,2,0,0,2,2
37,-1611.324,-2569.537,274.807,-5.345,0.994871,0.092995,-0.039806,-0.095143,0.993889,-0.055963,0.034358,0.059464,0.997639,0,0.58160,0.56141,34.896,1.123,-1,400.000,-1,400.000,-1,325.000,325.000,300.000,300.000,-1,-1,-1,-1,800.000,750.000,-1,-1,2,0,2,0,2,0,0,0,0,2,2,2,2,0,0,2,2
38,-1576.527,-2572.107,276.070,-4.223,0.996511,0.073516,-0.039523,-0.075658,0.995575,-0.055734,0.035251,0.058530,0.997663,0,0.58153,0.56110,34.892,1.122,-1,400.000,-1,400.000,-1,325.000,325.000,300.000,300.000,-1,-1,-1,-1,800.000,775.000,-1,-1,2,0,2,0,2,0,0,0,0,2,2,2,2,0,0,2,2
39,-1541.691,-2573.995,277.374,-3.102,0.997769,0.054018,-0.039234,-0.056152,0.996879,-0.055489,0.036114,0.057568,0.997688,0,0.58146,0.56078,34.888,1.122,-1,400.000,-1,400.000,-1,325.000,325.000,300.000,300.000,-1,-1,-1,-1,825.000,775.000,-1,-1,2,0,2,0,2,0,0,0,0,2,2,2,2,0,0,2,2
40,-1506.829,-2575.201,278.715,-1.981,0.998646,0.034509,-0.038940,-0.036633,0.997801,-0.055229,0.036948,0.056581,0.997714,0,0.58139,0.56045,34.883,1.121,-1,400.000,-1,400.000,-1,325.000,325.000,300.000,300.000,-1,-1,-1,-1,825.000,775.000,-1,-1,2,0,2,0,2,0,0,0,0,2,2,2,2,0,0,2,2
41,-1471.954,-2575.726,280.084,-0.861,0.999139,0.014995,-0.038671,-0.017109,0.998345,-0.054914,0.037784,0.055528,0.997742,0,0.58133,0.56012,34.880,1.120,-1,400.000,-1,400.000,-1,325.000,325.000,300.000,300.000,-1,-1,-1,-1,825.000,775.000,-1,-1,2,0,2,0,2,0,0,0,0,2,2,2,2,0,0,2,2
42,-1437.078,-2575.569,281.487,0.259,0.999252,-0.004515,-0.038404,0.002414,0.998507,-0.054578,0.038593,0.054444,0.997771,0,0.58127,0.55979,34.876,1.120,-1,400.000,-1,400.000,-1,325.000,325.000,300.000,300.000,-1,-1,-1,-1,825.000,775.000,-1,-1,2,0,2,0,2,0,0,0,0,2,2,2,2,0,0,2,2
43,-1402.216,-2574.731,282.926,1.378,0.998984,-0.024013,-0.038131,0.021926,0.998288,-0.054233,0.039368,0.053341,0.997800,0,0.58121,0.55944,34.873,1.119,-1,400.000,-1,400.000,-1,325.000,325.000,300.000,300.000,-1,-1,-1,-1,825.000,775.000,-1,-1,2,0,2,0,2,0,0,0,0,2,2,2,2,0,0,2,2
44,-1367.380,-2573.213,284.388,2.496,0.998338,-0.043492,-0.037814,0.041425,0.997691,-0.053828,0.040068,0.052172,0.997834,0,0.58116,0.55909,34.870,1.118,-1,400.000,-1,400.000,-1,325.000,325.000,300.000,300.000,-1,-1,-1,-1,825.000,775.000,-1,-1,2,0,2,0,2,0,0,0,0,2,2,2,2,0,0,2,2
45,-1332.583,-2571.017,285.876,3.614,0.997313,-0.062945,-0.037492,0.060899,0.996714,-0.053411,0.040730,0.050985,0.997869,0,0.58111,0.55873,34.867,1.117,-1,400.000,-1,400.000,-1,325.000,325.000,300.000,300.000,-1,-1,-1,-1,825.000,775.000,-1,-1,2,0,2,0,2,0,0,0,0,2,2,2,2,0,0,2,2
46,-1297.838,-2568.142,287.294,4.730,0.995913,-0.082362,-0.037054,0.080330,0.995340,-0.053337,0.041275,0.050142,0.997889,0,0.58107,0.55837,34.864,1.117,-1,400.000,-1,400.000,-1,325.000,325.000,300.000,300.000,-1,-1,-1,-1,850.000,775.000,-1,-1,2,0,2,0,2,0,0,0,0,2,2,2,2,0,0,2,2
47,-1262.141,-2564.487,288.685,5.847,0.994137,-0.101756,-0.036583,0.099751,0.993601,-0.052981,0.041740,0.049021,0.997925,0,0.59806,0.55851,35.883,1.117,-1,400.000,-1,400.000,-1,325.000,325.000,300.000,300.000,-1,-1,-1,-1,850.000,800.000,-1,-1,2,0,2,0,2,0,0,0,0,2,2,2,2,0,0,2,2
48,-1226.516,-2560.135,290.082,6.966,0.991981,-0.121144,-0.036033,0.119177,0.991484,-0.052495,0.042085,0.047780,0.997971,0,0.59818,0.55941,35.891,1.119,-1,400.000,-1,400.000,-1,325.000,325.000,300.000,300.000,-1,-1,-1,-1,850.000,800.000,-1,-1,2,0,2,0,2,0,0,0,0,2,2,2,2,0,0,2,2
49,-1190.975,-2555.086,291.509,8.087,0.989442,-0.140520,-0.035477,0.138591,0.988984,-0.051988,0.042392,0.046522,0.998017,0,0.59829,0.56031,35.898,1.121,-1,400.000,-1,400.000,-1,325.000,325.000,300.000,300.000,-1,-1,-1,-1,850.000,800.000,-1,-1,2,0,2,0,2,0,0,0,0,2,2,2,2,0,0,2,2
50,-1155.534,-2549.341,292.963,9.209,0.986520,-0.159875,-0.034917,0.157986,0.986100,-0.051461,0.042659,0.045251,0.998064,0,0.59840,0.56120,35.904,1.122,-1,400.000,-1,400.000,-1,325.000,325.000,300.000,300.000,-1,-1,-1,-1,850.000,800.000,-1,-1,2,0,2,0,2,0,0,0,0,2,2,2,2,0,0,2,2
51,-1115.522,-2541.874,294.648,10.572,0.982462,-0.183288,-0.034276,0.181444,0.982086,-0.050837,0.042980,0.043726,0.998119,0,0.67840,0.68120,40.704,1.362,-1,400.000,-1,400.000,-1,325.000,325.000,300.000,300.000,-1,-1,-1,-1,850.000,825.000,-1,-1,2,0,2,0,2,0,0,0,0,2,2,2,2,0,0,2,2
52,-1071.038,-2532.295,296.577,12.153,0.977052,-0.210339,-0.033554,0.208548,0.976728,-0.050105,0.043312,0.041958,0.998180,0,0.75840,0.79077,45.504,1.582,-1,400.000,-1,400.000,-1,325.000,325.000,300.000,300.000,-1,-1,-1,-1,875.000,825.000,-1,-1,2,0,2,0,2,0,0,0,0,2,2,2,2,0,0,2,2
53,-1022.173,-2520.351,298.757,13.737,0.970891,-0.237272,-0.032755,0.235543,0.970615,-0.049263,0.043481,0.040114,0.998249,0,0.83840,0.79190,50.304,1.584,-1,400.000,-1,400.000,-1,325.000,325.000,300.000,300.000,-1,-1,-1,-1,875.000,825.000,-1,-1,2,0,2,0,2,0,0,0,0,2,2,2,2,0,0,2,2
54,-969.028,-2505.790,301.190,15.323,0.963977,-0.264070,-0.031879,0.262410,0.963747,-0.048305,0.043479,0.038200,0.998324,0,0.91840,0.79313,55.104,1.586,-1,400.000,-1,400.000,-1,325.000,325.000,300.000,300.000,-1,-1,-1,-1,875.000,850.000,-1,-1,2,0,2,0,2,0,0,0,0,2,2,2,2,0,0,2,2
55,-914.188,-2489.117,303.763,16.912,0.956309,-0.290713,-0.030970,0.289125,0.956123,-0.047273,0.043354,0.036253,0.998402,0,0.95531,0.79447,57.319,1.589,-1,400.000,-1,400.000,-1,325.000,325.000,300.000,300.000,-1,-1,-1,-1,875.000,850.000,-1,-1,2,0,2,0,2,0,0,0,0,2,2,2,2,0,0,2,2
56,-859.841,-2470.930,306.371,18.504,0.947889,-0.317179,-0.030065,0.315666,0.947745,-0.046203,0.043149,0.034305,0.998480,0,0.95517,0.79581,57.310,1.592,-1,400.000,-1,400.000,-1,325.000,325.000,300.000,300.000,-1,-1,-1,-1,875.000,850.000,-1,-1,2,0,2,0,2,0,0,0,0,2,2,2,2,0,0,2,2
57,-806.031,-2451.242,309.009,20.098,0.938719,-0.343446,-0.029168,0.342006,0.938615,-0.045099,0.042866,0.032360,0.998557,0,0.95497,0.79711,57.298,1.594,-1,400.000,-1,400.000,-1,325.000,325.000,300.000,300.000,-1,-1,-1,-1,875.000,875.000,-1,-1,2,0,2,0,2,0,0,0,0,2,2,2,2,0,0,2,2
58,-752.805,-2430.067,311.622,21.695,0.928803,-0.369487,-0.028350,0.368109,0.928732,-0.044194,0.042659,0.030612,0.998621,0,0.95473,0.79837,57.284,1.597,-1,400.000,-1,425.000,-1,325.000,325.000,300.000,300.000,-1,-1,-1,-1,875.000,900.000,-1,-1,2,0,2,0,2,0,0,0,0,2,2,2,2,0,0,2,2
59,-700.207,-2407.422,314.014,23.294,0.918164,-0.395273,-0.027114,0.393942,0.918086,-0.043908,0.042248,0.029634,0.998668,0,0.95444,0.79957,57.266,1.599,-1,400.000,-1,425.000,-1,325.000,325.000,300.000,300.000,-1,-1,-1,-1,900.000,900.000,-1,-1,2,0,2,0,2,0,0,0,0,2,2,2,2,1,0,2,2
60,-648.281,-2383.324,316.223,24.895,0.906818,-0.420779,-0.025034,0.419505,0.906687,-0.043975,0.041202,0.029375,0.998719,0,0.95410,0.80073,57.246,1.601,-1,400.000,-1,425.000,-1,325.000,325.000,300.000,300.000,-1,-1,-1,-1,925.000,875.000,-1,-1,2,0,2,0,2,0,0,0,0,2,2,2,2,1,1,2,2
61,-595.822,-2357.209,318.501,26.465,0.895008,-0.445462,-0.022883,0.444248,0.894826,-0.043934,0.040047,0.029156,0.998772,0,0.97666,0.78488,58.600,1.570,-1,400.000,-1,425.000,-1,325.000,325.000,300.000,300.000,-1,-1,-1,-1,925.000,825.000,-1,-1,2,0,2,0,2,0,0,0,0,2,2,2,2,1,1,2,2
62,-544.028,-2329.624,320.729,28.040,0.882471,-0.469897,-0.021004,0.468743,0.882255,-0.043658,0.039046,0.028682,0.998826,0,0.97804,0.78758,58.683,1.575,-1,400.000,-1,425.000,-1,325.000,325.000,300.000,300.000,-1,-1,-1,-1,900.000,775.000,-1,-1,2,0,2,0,2,0,0,0,0,2,2,2,2,1,1,2,2
63,-492.946,-2300.581,322.931,29.621,0.869211,-0.494064,-0.019293,0.492969,0.868973,-0.043221,0.038119,0.028058,0.998879,0,0.97935,0.79036,58.761,1.581,-1,400.000,-1,425.000,-1,325.000,325.000,300.000,300.000,-1,-1,-1,-1,875.000,750.000,-1,-1,2,0,2,0,2,0,0,0,0,2,2,2,2,1,1,2,2
64,-442.625,-2270.097,325.021,31.207,0.855233,-0.517948,-0.017492,0.516939,0.854987,-0.042080,0.036751,0.026946,0.998961,0,0.98057,0.79321,58.834,1.586,-1,400.000,-1,425.000,-1,325.000,325.000,300.000,300.000,-1,-1,-1,-1,850.000,700.000,-1,-1,2,0,2,0,2,0,0,0,0,2,2,2,2,1,1,2,2
65,-393.115,-2238.191,327.025,32.800,0.840539,-0.541525,-0.015608,0.540616,0.840294,-0.040498,0.035046,0.025603,0.999058,0,0.98169,0.79616,58.901,1.592,-1,400.000,-1,400.000,-1,325.000,325.000,300.000,300.000,-1,-1,-1,-1,825.000,675.000,-1,1000.000,2,0,2,0,2,0,0,0,0,2,2,2,2,1,1,2,1
66,-344.464,-2204.882,329.040,34.398,0.825132,-0.564772,-0.013783,0.563956,0.824889,-0.038882,0.033329,0.024309,0.999149,0,0.98269,0.79920,58.961,1.598,-1,400.000,-1,400.000,-1,325.000,325.000,300.000,300.000,-1,-1,-1,-1,800.000,625.000,-1,875.000,2,0,2,1,2,0,0,0,0,2,2,2,2,1,1,2,1
67,-296.722,-2170.193,331.074,36.003,0.809012,-0.587668,-0.012074,0.586940,0.808774,-0.037221,0.031638,0.023026,0.999234,0,0.98356,0.80235,59.014,1.605,-1,450.000,-1,400.000,-1,325.000,325.000,300.000,300.000,-1,-1,-1,-1,800.000,575.000,-1,750.000,2,1,2,1,2,0,0,0,0,2,2,2,2,1,1,2,1
68,-249.941,-2134.149,333.124,37.614,0.792183,-0.610194,-0.010481,0.609547,0.791953,-0.035526,0.029979,0.021754,0.999314,0,0.98428,0.80562,59.057,1.611,-1,475.000,-1,375.000,900.000,325.000,325.000,300.000,300.000,-1,-1,-1,-1,775.000,550.000,-1,650.000,2,1,2,1,1,0,0,0,0,2,2,2,2,1,1,2,1
69,-204.170,-2096.777,334.994,39.232,0.774655,-0.632320,-0.008999,0.631722,0.774417,-0.034719,0.028922,0.021210,0.999357,0,0.98483,0.80901,59.090,1.618,-1,475.000,-1,350.000,700.000,325.000,325.000,300.000,300.000,-1,-1,-1,-1,775.000,500.000,-1,575.000,2,1,2,1,1,0,0,0,0,2,2,2,2,1,1,2,1
70,-159.462,-2058.108,336.717,40.857,0.756434,-0.654027,-0.007558,0.653455,0.756173,-0.034642,0.028372,0.021266,0.999371,0,0.98520,0.81254,59.112,1.625,-1,475.000,-1,350.000,575.000,325.000,325.000,-1,300.000,-1,-1,-1,-1,750.000,475.000,-1,500.000,2,1,2,1,1,1,1,2,0,2,2,2,2,1,1,2,1
71,-115.864,-2018.178,333.825,42.490,0.737361,-0.675454,-0.007801,0.675380,0.737399,-0.010259,0.012681,0.002296,0.999917,0,0.98535,0.81623,59.121,1.632,-1,400.000,-1,300.000,425.000,300.000,275.000,-1,325.000,-1,-1,-1,-1,625.000,400.000,-1,375.000,2,1,2,1,1,1,1,2,0,2,2,2,2,1,1,2,1
72,-73.433,-1977.015,331.524,44.130,0.717777,-0.696205,-0.009705,0.696272,0.717684,0.011621,-0.001125,-0.015099,0.999885,0,0.98527,0.82007,59.116,1.640,-1,375.000,-1,275.000,325.000,275.000,250.000,-1,325.000,-1,-1,-1,-1,525.000,350.000,800.000,300.000,2,1,2,1,1,1,1,2,0,2,2,2,2,1,1,0,1
73,-32.222,-1934.659,331.682,45.778,0.697618,-0.716158,-0.021126,0.716432,0.696973,0.030886,-0.007395,-0.036682,0.999300,0,0.98494,0.82407,59.097,1.648,-1,325.000,-1,250.000,275.000,250.000,225.000,-1,375.000,-1,-1,-1,-1,475.000,325.000,750.000,250.000,2,1,2,1,1,1,1,2,0,2,2,2,2,1,1,1,1
74,7.719,-1891.152,332.928,47.434,0.676833,-0.735281,-0.035492,0.736066,0.675313,0.046466,-0.010197,-0.057574,0.998289,0,0.98434,0.82825,59.060,1.656,-1,325.000,-1,225.000,225.000,250.000,225.000,-1,425.000,-1,-1,-1,-1,450.000,325.000,700.000,225.000,2,1,2,1,1,1,1,2,0,2,2,2,2,1,1,1,1
75,46.339,-1846.542,335.185,49.100,0.655285,-0.753558,-0.052454,0.755320,0.652764,0.058228,-0.009638,-0.077776,0.996924,0,0.98343,0.83260,59.006,1.665,-1,300.000,-1,225.000,200.000,225.000,225.000,-1,475.000,-1,-1,-1,-1,425.000,325.000,675.000,175.000,2,1,2,1,1,1,1,2,1,2,2,2,2,1,1,1,1
76,80.784,-1804.689,338.213,50.525,0.636191,-0.768368,-0.069804,0.771507,0.632837,0.065530,-0.006177,-0.095543,0.995406,0,0.90343,0.71260,54.206,1.425,-1,275.000,-1,250.000,175.000,225.000,225.000,-1,500.000,-1,-1,-1,-1,425.000,375.000,625.000,175.000,2,1,2,1,1,1,1,2,1,2,2,2,2,1,1,1,1
77,112.442,-1764.557,341.785,51.710,0.619617,-0.779954,-0.088022,0.784905,0.615751,0.069107,0.000299,-0.111909,0.993718,0,0.85194,0.59260,51.117,1.185,-1,275.000,-1,250.000,150.000,225.000,225.000,-1,550.000,700.000,-1,-1,-1,450.000,450.000,625.000,150.000,2,1,2,1,1,1,1,2,1,0,2,2,2,1,1,1,1
78,-7543.187,2951.712,-85.285,-34.783,0.822269,0.567636,-0.040776,-0.556804,0.817250,0.148565,0.117655,-0.099456,0.988062,1,0.00000,0.00000,52.995,0.945,-1,350.000,-1,525.000,-1,300.000,350.000,-1,550.000,-1,0.000,0.000,-1,750.000,-1,-1,-1,2,0,2,0,2,0,0,2,0,2,1,1,2,0,2,2,2
79,-3606.025,-1635.299,218.359,70.456,0.330630,-0.941320,-0.067821,0.941227,0.334152,-0.049337,0.069105,-0.047523,0.996477,1,0.08000,-0.12000,4.800,-0.240,-1,400.000,-1,400.000,-1,325.000,325.000,300.000,300.000,-1,-1,-1,-1,800.000,775.000,-1,-1,2,0,2,0,2,0,0,0,0,2,2,2,2,0,0,2,2
80,-3602.737,-1626.280,219.030,69.976,0.338512,-0.938513,-0.067849,0.938391,0.342035,-0.049344,0.069517,-0.046965,0.996475,0,0.16000,-0.24000,9.600,-0.480,-1,400.000,-1,400.000,-1,325.000,325.000,300.000,300.000,-1,-1,-1,-1,800.000,775.000,-1,-1,2,0,2,0,2,0,0,0,0,2,2,2,2,0,0,2,2
81,-3597.637,-1612.813,220.045,69.256,0.350291,-0.934177,-0.067889,0.934012,0.353816,-0.049356,0.070128,-0.046120,0.996471,0,0.24000,-0.36000,14.400,-0.720,-1,400.000,-1,400.000,-1,325.000,325.000,300.000,300.000,-1,-1,-1,-1,800.000,775.000,-1,-1,2,0,2,0,2,0,0,0,0,2,2,2,2,0,0,2,2
82,-3590.535,-1594.974,221.415,68.296,0.365911,-0.928167,-0.067940,0.927943,0.369437,-0.049375,0.070928,-0.044978,0.996467,0,0.32000,-0.48000,19.200,-0.960,-1,400.000,-1,400.000,-1,325.000,325.000,300.000,300.000,-1,-1,-1,-1,800.000,775.000,-1,-1,2,0,2,0,2,0,0,0,0,2,2,2,2,0,0,2,2
83,-3581.194,-1572.867,223.150,67.096,0.385293,-0.920286,-0.067998,0.919989,0.388819,-0.049402,0.071903,-0.043524,0.996462,0,0.40000,-0.60000,24.000,-1.200,-1,400.000,-1,400.000,-1,325.000,325.000,300.000,300.000,-1,-1,-1,-1,800.000,800.000,-1,-1,2,0,2,0,2,0,0,0,0,2,2,2,2,0,0,2,2
84,-3569.321,-1546.627,225.267,65.656,0.408331,-0.910293,-0.068061,0.909907,0.411854,-0.049440,0.073036,-0.041741,0.996455,0,0.48000,-0.72000,28.800,-1.440,-1,400.000,-1,400.000,-1,325.000,325.000,300.000,300.000,-1,-1,-1,-1,825.000,800.000,-1,-1,2,0,2,0,2,0,0,0,0,2,2,2,2,0,0,2,2
85,-3554.578,-1516.434,227.781,63.976,0.434885,-0.897905,-0.068124,0.897415,0.438403,-0.049493,0.074306,-0.039611,0.996448,0,0.56000,-0.84000,33.600,-1.680,-1,400.000,-1,400.000,-1,325.000,325.000,300.000,300.000,-1,-1,-1,-1,825.000,800.000,-1,-1,2,0,2,0,2,0,0,0,0,2,2,2,2,0,0,2,2
86,-3536.674,-1482.464,230.704,62.209,0.462408,-0.884042,-0.068180,0.883440,0.465915,-0.049563,0.075582,-0.037315,0.996441,0,0.64000,-0.88326,38.400,-1.767,-1,400.000,-1,400.000,-1,325.000,325.000,300.000,300.000,-1,-1,-1,-1,825.000,800.000,-1,-1,2,0,2,0,2,0,0,0,0,2,2,2,2,0,0,2,2
87,-3515.361,-1444.887,234.029,60.440,0.489532,-0.869308,-0.068275,0.868600,0.493027,-0.049586,0.076767,-0.035030,0.996434,0,0.72000,-0.88458,43.200,-1.769,-1,400.000,-1,400.000,-1,325.000,325.000,300.000,300.000,-1,-1,-1,-1,825.000,800.000,-1,-1,2,0,2,0,2,0,0,0,0,2,2,2,2,0,0,2,2
88,-3492.044,-1406.586,237.519,58.668,0.516236,-0.853712,-0.068385,0.852902,0.519715,-0.049546,0.077839,-0.032749,0.996428,0,0.74734,-0.88610,44.840,-1.772,-1,400.000,-1,400.000,-1,325.000,325.000,300.000,300.000,-1,-1,-1,-1,850.000,825.000,-1,-1,2,0,2,0,2,0,0,0,0,2,2,2,2,0,0,2,2
89,-3467.492,-1368.936,240.931,56.893,0.542489,-0.837248,-0.068706,0.836397,0.545945,-0.048825,0.078389,-0.030978,0.996441,0,0.74912,-0.88765,44.947,-1.775,-1,400.000,-1,400.000,-1,325.000,325.000,300.000,300.000,-1,-1,-1,-1,850.000,825.000,-1,-1,2,0,2,0,2,0,0,0,0,2,2,2,2,0,0,2,2
90,-3441.721,-1331.975,244.383,55.114,0.568268,-0.819946,-0.068992,0.819061,0.571694,-0.048012,0.078809,-0.029225,0.996461,0,0.75098,-0.88917,45.059,-1.778,-1,400.000,-1,400.000,-1,325.000,325.000,300.000,300.000,-1,-1,-1,-1,850.000,825.000,-1,-1,2,0,2,0,2,0,0,0,0,2,2,2,2,0,0,2,2
91,-3414.744,-1295.740,247.890,53.333,0.593544,-0.801820,-0.069210,0.800899,0.596937,-0.047199,0.079159,-0.027415,0.996485,0,0.75291,-0.89066,45.174,-1.781,-1,400.000,-1,400.000,-1,325.000,325.000,300.000,300.000,-1,-1,-1,-1,875.000,825.000,-1,-1,2,0,2,0,2,0,0,0,0,2,2,2,2,0,0,2,2
92,-3386.578,-1260.268,251.451,51.549,0.618289,-0.782884,-0.069359,0.781926,0.621643,-0.046392,0.079436,-0.025550,0.996512,0,0.75490,-0.89210,45.294,-1.784,-1,400.000,-1,400.000,-1,325.000,325.000,300.000,300.000,-1,-1,-1,-1,875.000,825.000,-1,-1,2,0,2,0,2,0,0,0,0,2,2,2,2,0,0,2,2
93,-3357.239,-1225.598,255.056,49.762,0.642475,-0.763154,-0.069434,0.762155,0.645785,-0.045623,0.079657,-0.023608,0.996543,0,0.75697,-0.89351,45.418,-1.787,-1,400.000,-1,400.000,-1,325.000,325.000,300.000,300.000,-1,-1,-1,-1,900.000,825.000,-1,-1,2,0,2,0,2,0,0,0,0,2,2,2,2,0,0,2,2
94,-3326.746,-1191.766,258.607,47.972,0.666112,-0.742652,-0.069013,0.741594,0.669340,-0.044957,0.079581,-0.021234,0.996602,0,0.75910,-0.89488,45.546,-1.790,-1,400.000,-1,400.000,-1,325.000,325.000,300.000,300.000,-1,-1,-1,-1,900.000,825.000,-1,-1,2,0,2,0,2,0,0,0,0,2,2,2,2,0,0,2,2
95,-3295.118,-1158.808,262.168,46.180,0.689146,-0.721390,-0.068367,0.720267,0.692277,-0.044355,0.079326,-0.018675,0.996674,0,0.76130,-0.89621,45.678,-1.792,-1,400.000,-1,400.000,-1,325.000,325.000,300.000,300.000,-1,-1,-1,-1,925.000,-1,-1,-1,2,0,2,0,2,0,0,0,0,2,2,2,2,0,2,2,2
96,-3266.025,-1130.092,265.376,44.627,0.708554,-0.702398,-0.067733,0.701219,0.711595,-0.043871,0.079013,-0.016410,0.996738,0,0.68130,-0.77621,40.878,-1.552,-1,400.000,-1,400.000,-1,325.000,325.000,300.000,300.000,-1,-1,-1,-1,925.000,-1,-1,-1,2,0,2,0,2,0,0,0,0,2,2,2,2,0,2,2,2
97,-3239.775,-1105.342,268.222,43.315,0.724558,-0.685936,-0.067136,0.684709,0.727518,-0.043486,0.078671,-0.014460,0.996796,0,0.60130,-0.65621,36.078,-1.312,-1,400.000,-1,400.000,-1,325.000,325.000,300.000,300.000,-1,-1,-1,-1,925.000,-1,-1,-1,2,0,2,0,2,0,0,0,0,2,2,2,2,0,2,2,2
98,-3216.620,-1084.315,270.698,42.243,0.737355,-0.672215,-0.066595,0.670949,0.740245,-0.043182,0.078324,-0.012842,0.996845,0,0.52130,-0.53621,31.278,-1.072,-1,400.000,-1,400.000,-1,325.000,325.000,300.000,300.000,-1,-1,-1,-1,925.000,-1,-1,-1,2,0,2,0,2,0,0,0,0,2,2,2,2,0,2,2,2
99,-3196.761,-1066.801,272.801,41.410,0.747113,-0.661400,-0.066127,0.660106,0.749944,-0.042943,0.077994,-0.011567,0.996887,0,0.44130,-0.41621,26.478,-0.832,-1,400.000,-1,400.000,-1,325.000,325.000,300.000,300.000,-1,-1,-1,-1,950.000,-1,-1,-1,2,0,2,0,2,0,0,0,0,2,2,2,2,0,2,2,2
100,-3180.298,-1052.697,274.519,40.586,0.756603,-0.650560,-0.065747,0.649235,0.759384,-0.042767,0.077750,-0.010328,0.996919,0,0.36130,-0.41183,21.678,-0.824,-1,400.000,-1,400.000,-1,325.000,325.000,300.000,300.000,-1,-1,-1,-1,950.000,-1,-1,-1,2,0,2,0,2,0,0,0,0,2,2,2,2,0,2,2,2
101,-3167.324,-1041.902,275.855,39.762,0.765942,-0.639570,-0.065444,0.638211,0.768679,-0.042650,0.077584,-0.009100,0.996944,0,0.28130,-0.41238,16.878,-0.825,-1,400.000,-1,400.000,-1,325.000,325.000,300.000,300.000,-1,-1,-1,-1,950.000,-1,-1,-1,2,0,2,0,2,0,0,0,0,2,2,2,2,0,2,2,2
102,-3157.929,-1034.312,276.814,38.936,0.775123,-0.628438,-0.065194,0.627042,0.777820,-0.042595,0.077477,-0.007863,0.996963,0,0.20130,-0.41265,12.078,-0.825,-1,400.000,-1,400.000,-1,325.000,325.000,325.000,300.000,-1,-1,-1,-1,950.000,-1,-1,-1,2,0,2,0,2,0,0,0,0,2,2,2,2,0,2,2,2
103,-3152.202,-1029.819,277.395,38.111,0.784136,-0.617175,-0.065000,0.615739,0.786798,-0.042596,0.077431,-0.006622,0.996976,0,0.12130,-0.41264,7.278,-0.825,-1,400.000,-1,400.000,-1,325.000,325.000,325.000,300.000,-1,-1,-1,-1,950.000,-1,-1,-1,2,0,2,0,2,0,0,0,0,2,2,2,2,0,2,2,2
104,-3150.230,-1028.318,277.596,37.286,0.792975,-0.605791,-0.064868,0.604312,0.795605,-0.042648,0.077445,-0.005382,0.996982,0,0.04130,-0.41234,2.478,-0.825,-1,400.000,-1,400.000,-1,325.000,325.000,325.000,300.000,-1,-1,-1,-1,950.000,-1,-1,-1,2,0,2,0,2,0,0,0,0,2,2,2,2,0,2,2,2
105,-3152.098,-1029.698,277.418,36.463,0.801630,-0.594298,-0.064801,0.592773,0.804235,-0.042745,0.077519,-0.004147,0.996982,0,-0.03870,-0.41175,-2.322,-0.824,-1,400.000,-1,400.000,-1,325.000,325.000,325.000,300.000,-1,-1,-1,-1,925.000,-1,-1,-1,2,0,2,0,2,0,0,0,0,2,2,2,2,0,2,2,2
106,-3150.090,-1028.245,277.618,35.879,0.807667,-0.586078,-0.064701,0.584524,0.810248,-0.042781,0.077497,-0.003267,0.996987,0,0.04130,-0.29175,2.478,-0.584,-1,400.000,-1,400.000,-1,325.000,325.000,325.000,300.000,-1,-1,-1,-1,925.000,-1,-1,-1,2,0,2,0,2,0,0,0,0,2,2,2,2,0,2,2,2
107,-3144.167,-1024.015,278.198,35.536,0.811188,-0.581211,-0.064564,0.579643,0.813748,-0.042757,0.077389,-0.002740,0.996997,0,0.12130,-0.17175,7.278,-0.344,-1,400.000,-1,400.000,-1,325.000,325.000,325.000,300.000,-1,-1,-1,-1,925.000,-1,-1,-1,2,0,2,0,2,0,0,0,0,2,2,2,2,0,2,2,2
108,-3134.326,-1017.013,279.152,35.432,0.812251,-0.579740,-0.064414,0.578174,0.814797,-0.042665,0.077219,-0.002588,0.997011,0,0.20130,-0.05175,12.078,-0.104,-1,400.000,-1,400.000,-1,325.000,325.000,325.000,300.000,-1,-1,-1,-1,925.000,-1,-1,-1,2,0,2,0,2,0,0,0,0,2,2,2,2,0,2,2,2
109,-3120.597,-1007.195,280.454,35.569,0.810867,-0.581679,-0.064373,0.580134,0.813413,-0.042466,0.077064,-0.002911,0.997022,0,0.28130,0.06825,16.878,0.136,-1,400.000,-1,400.000,-1,325.000,325.000,325.000,300.000,-1,-1,-1,-1,950.000,-1,-1,-1,2,0,2,0,2,0,0,0,0,2,2,2,2,0,2,2,2
110,-3103.010,-994.521,282.128,35.779,0.808724,-0.584660,-0.064324,0.583145,0.811271,-0.042204,0.076859,-0.003378,0.997036,0,0.36130,0.10516,21.678,0.210,-1,400.000,-1,400.000,-1,325.000,325.000,325.000,300.000,-1,-1,-1,-1,950.000,-1,-1,-1,2,0,2,0,2,0,0,0,0,2,2,2,2,0,2,2,2
111,-3081.585,-978.962,284.170,35.987,0.806601,-0.587593,-0.064268,0.586111,0.809148,-0.041883,0.076612,-0.003885,0.997053,0,0.44130,0.10372,26.478,0.207,-1,400.000,-1,400.000,-1,325.000,325.000,325.000,300.000,-1,-1,-1,-1,950.000,-1,-1,-1,2,0,2,0,2,0,0,0,0,2,2,2,2,0,2,2,2
112,-3056.341,-960.493,286.497,36.191,0.804534,-0.590468,-0.063818,0.589015,0.807050,-0.041607,0.076072,-0.004115,0.997094,0,0.52130,0.10197,31.278,0.204,-1,400.000,-1,400.000,-1,325.000,325.000,325.000,300.000,-1,-1,-1,-1,975.000,-1,-1,-1,2,0,2,0,2,0,0,0,0,2,2,2,2,0,2,2,2
113,-3027.299,-939.089,289.075,36.390,0.802511,-0.593277,-0.063229,0.591890,0.804985,-0.040811,0.075111,-0.004673,0.997164,0,0.60130,0.09987,36.078,0.200,-1,400.000,-1,400.000,-1,325.000,325.000,325.000,300.000,-1,-1,-1,-1,-1,-1,-1,-1,2,0,2,0,2,0,0,0,0,2,2,2,2,2,2,2,2
114,-2994.475,-914.725,291.987,36.585,0.800537,-0.596008,-0.062569,0.594698,0.802961,-0.039855,0.073994,-0.005304,0.997245,0,0.68130,0.09739,40.878,0.195,-1,400.000,-1,400.000,-1,325.000,325.000,300.000,300.000,-1,-1,-1,-1,-1,-1,-1,-1,2,0,2,0,2,0,0,0,0,2,2,2,2,2,2,2,2
115,-2957.886,-887.379,295.238,36.774,0.798619,-0.598651,-0.061838,0.597424,0.800988,-0.038768,0.072740,-0.005983,0.997333,0,0.76130,0.09449,45.678,0.189,-1,400.000,-1,400.000,-1,325.000,325.000,300.000,300.000,-1,-1,-1,-1,-1,-1,-1,-1,2,0,2,1,2,0,0,0,0,2,2,2,2,2,2,2,2
116,-2917.550,-857.031,298.828,36.956,0.796769,-0.601193,-0.061038,0.600057,0.799076,-0.037545,0.071346,-0.006711,0.997429,0,0.84130,0.09112,50.478,0.182,-1,400.000,-1,-1,-1,325.000,325.000,300.000,300.000,-1,-1,-1,-1,-1,-1,-1,-1,2,0,2,2,2,0,0,0,0,2,2,2,2,2,2,2,2
117,-2873.479,-823.664,302.756,37.131,0.794999,-0.603620,-0.060167,0.602581,0.797237,-0.036183,0.069808,-0.007490,0.997532,0,0.92130,0.08723,55.278,0.174,-1,425.000,-1,-1,-1,325.000,325.000,300.000,300.000,-1,-1,-1,-1,-1,-1,-1,-1,2,0,2,2,2,0,0,0,0,2,2,2,2,2,2,2,2
118,-2825.748,-787.308,306.945,37.296,0.793319,-0.605918,-0.059232,0.604959,0.795487,-0.035013,0.068333,-0.008056,0.997630,0,1.00000,0.08275,60.000,0.166,-1,425.000,-1,-1,-1,325.000,-1,300.000,300.000,-1,-1,-1,-1,-1,-1,-1,-1,2,0,2,2,2,0,2,0,0,2,2,2,2,2,2,2,2
119,-2778.116,-750.822,311.025,37.452,0.791740,-0.608070,-0.058307,0.607156,0.793841,-0.034317,0.067153,-0.008231,0.997709,0,1.00000,0.07762,60.000,0.155,-1,425.000,-1,-1,-1,325.000,-1,300.000,300.000,-1,-1,-1,-1,-1,-1,-1,-1,2,0,2,2,2,0,2,0,0,2,2,2,2,2,2,2,2
120,-2730.577,-714.217,314.764,37.596,0.790277,-0.610060,-0.057351,0.609306,0.792295,-0.031852,0.064871,-0.009773,0.997846,0,1.00000,0.07219,60.000,0.144,-1,425.000,-1,-1,-1,750.000,-1,300.000,300.000,-1,-1,-1,-1,-1,-1,-1,-1,2,0,2,2,2,1,2,0,0,2,2,2,2,2,2,2,2
121,-2683.124,-677.502,314.249,37.729,0.790033,-0.611921,-0.037419,0.611025,0.790911,-0.033274,0.049956,0.003424,0.998746,0,1.00000,0.06644,60.000,0.133,-1,525.000,-1,-1,-1,700.000,975.000,325.000,275.000,-1,-1,-1,-1,950.000,-1,-1,-1,2,1,2,2,2,1,1,0,0,2,2,2,2,0,2,2,2
122,-2635.756,-640.680,307.740,37.850,0.789919,-0.613123,0.010368,0.612971,0.789023,-0.041343,0.017168,0.039013,0.999091,0,1.00000,0.06038,60.000,0.121,-1,475.000,-1,-1,-1,600.000,850.000,375.000,200.000,-1,-1,-1,-1,825.000,-1,-1,-1,2,1,2,2,2,1,1,0,0,2,2,2,2,1,2,2,2
123,-2588.529,-603.671,300.995,38.063,0.786462,-0.614771,0.059447,0.617422,0.785083,-0.049333,-0.016342,0.075502,0.997012,0,1.00000,0.10684,60.000,0.214,-1,425.000,-1,-1,-1,500.000,750.000,425.000,125.000,-1,-1,-1,-1,725.000,-1,-1,-1,2,1,2,2,2,1,1,0,0,2,2,2,2,1,2,2,2
124,-2541.442,-566.481,293.883,38.270,0.780575,-0.615351,0.109753,0.623064,0.780021,-0.057962,-0.049943,0.113627,0.992267,0,1.00000,0.10317,60.000,0.206,-1,400.000,-1,-1,-1,425.000,625.000,500.000,75.000,-1,-1,-1,-1,625.000,-1,-1,-1,2,1,2,2,2,1,1,0,0,2,2,2,2,1,2,2,2
125,-2494.490,-529.116,286.340,38.468,0.772192,-0.614781,0.160510,0.629925,0.773780,-0.066770,-0.083151,0.152669,0.984773,0,1.00000,0.09907,60.000,0.198,-1,350.000,-1,-1,-1,375.000,550.000,625.000,50.000,-1,-1,0.000,-1,550.000,-1,575.000,-1,2,1,2,2,2,1,1,0,1,2,2,0,2,1,2,1,2
126,3607.705,4919.487,89.153,-75.132,0.272913,0.957005,-0.098280,-0.952135,0.254070,-0.169963,-0.137685,0.139961,0.980537,1,0.00000,0.00000,60.000,0.189,-1,300.000,625.000,225.000,150.000,250.000,200.000,500.000,300.000,325.000,0.000,125.000,-1,450.000,300.000,650.000,150.000,2,0,0,0,0,0,0,1,0,1,1,1,2,0,0,0,0
127,329.861,7538.808,-124.227,-66.764,0.394138,0.918877,-0.017889,-0.918365,0.394521,0.030973,0.035518,0.004221,0.999360,1,0.08000,-0.10043,4.800,-0.201,-1,400.000,-1,375.000,-1,325.000,325.000,300.000,300.000,-1,725.000,775.000,-1,725.000,675.000,-1,-1,2,0,2,0,2,0,0,0,0,2,0,0,2,0,0,2,2
128,333.618,7529.974,-123.891,-66.963,0.390928,0.920246,-0.017977,-0.919726,0.391317,0.031239,0.035782,0.004322,0.999350,0,0.16000,-0.09982,9.600,-0.200,-1,400.000,-1,375.000,-1,325.000,325.000,300.000,300.000,-1,725.000,775.000,-1,725.000,675.000,-1,-1,2,0,2,0,2,0,0,0,0,2,0,0,2,0,0,2,2
129,339.207,7516.703,-123.389,-67.161,0.387742,0.921590,-0.018109,-0.921058,0.388139,0.031635,0.036183,0.004414,0.999335,0,0.24000,-0.09884,14.400,-0.198,-1,400.000,-1,375.000,-1,325.000,325.000,300.000,300.000,-1,700.000,750.000,-1,750.000,700.000,-1,-1,2,0,2,0,2,0,0,0,0,2,0,0,2,0,0,2,2
130,346.599,7498.983,-122.721,-67.356,0.384593,0.922905,-0.018286,-0.922356,0.385001,0.032159,0.036720,0.004498,0.999315,0,0.32000,-0.09748,19.200,-0.195,-1,400.000,-1,375.000,-1,325.000,325.000,300.000,300.000,-1,675.000,750.000,-1,750.000,700.000,-1,-1,2,0,2,0,2,0,0,0,0,2,0,0,2,0,0,2,2
131,355.765,7476.802,-121.887,-67.547,0.381493,0.924186,-0.018506,-0.923615,0.381914,0.032809,0.037390,0.004576,0.999290,0,0.40000,-0.09575,24.000,-0.192,-1,400.000,-1,375.000,-1,325.000,325.000,300.000,300.000,-1,675.000,725.000,-1,750.000,700.000,-1,-1,2,0,2,0,2,0,0,0,0,2,0,0,2,0,0,2,2
132,366.677,7450.149,-120.888,-67.736,0.378435,0.925437,-0.018769,-0.924840,0.378872,0.033583,0.038190,0.004649,0.999260,0,0.48000,-0.09423,28.800,-0.188,-1,400.000,-1,375.000,-1,325.000,325.000,300.000,300.000,-1,650.000,700.000,-1,750.000,700.000,-1,-1,2,0,2,0,2,0,0,0,0,2,0,0,2,0,0,2,2
133,379.306,7419.013,-119.722,-67.923,0.375398,0.926668,-0.019074,-0.926038,0.375852,0.034477,0.039118,0.004720,0.999223,0,0.56000,-0.09341,33.600,-0.187,-1,400.000,-1,375.000,-1,325.000,325.000,300.000,300.000,-1,625.000,675.000,-1,750.000,700.000,-1,-1,2,0,2,0,2,0,0,0,0,2,0,0,2,0,0,2,2
134,393.624,7383.382,-118.391,-68.108,0.372382,0.927876,-0.019419,-0.927210,0.372857,0.035488,0.040169,0.004791,0.999181,0,0.64000,-0.09253,38.400,-0.185,-1,400.000,-1,375.000,-1,325.000,325.000,300.000,300.000,-1,625.000,650.000,-1,750.000,700.000,-1,-1,2,0,2,0,2,0,0,0,0,2,0,0,2,0,0,2,2
135,409.603,7343.246,-116.895,-68.291,0.369389,0.929064,-0.019805,-0.928355,0.369887,0.036609,0.041337,0.004863,0.999133,0,0.72000,-0.09162,43.200,-0.183,-1,400.000,-1,375.000,-1,325.000,325.000,300.000,300.000,-1,600.000,650.000,-1,750.000,700.000,-1,-1,2,0,2,0,2,0,0,0,0,2,0,0,2,0,0,2,2
136,427.216,7298.594,-115.017,-68.473,0.366462,0.930234,-0.019264,-0.929485,0.366944,0.037540,0.041990,0.004148,0.999109,0,0.80000,-0.09073,48.000,-0.181,-1,400.000,-1,375.000,-1,325.000,300.000,300.000,300.000,-1,600.000,650.000,-1,750.000,700.000,-1,-1,2,0,2,0,2,0,0,0,0,2,0,0,2,0,0,2,2
137,443.109,7258.424,-113.185,-68.414,0.367448,0.929863,-0.018369,-0.929060,0.367896,0.038725,0.042767,0.002836,0.999081,0,0.72000,0.02927,43.200,0.059,-1,400.000,-1,375.000,-1,325.000,300.000,300.000,300.000,-1,600.000,650.000,-1,750.000,700.000,-1,-1,2,0,2,0,2,0,0,0,0,2,0,0,2,0,0,2,2
138,458.601,7219.857,-111.333,-68.115,0.372337,0.927936,-0.017316,-0.927066,0.372738,0.040199,0.043756,0.001085,0.999042,0,0.69268,0.14927,41.561,0.299,-1,400.000,-1,375.000,-1,325.000,325.000,300.000,300.000,-1,600.000,650.000,-1,750.000,-1,-1,-1,2,0,2,0,2,0,0,1,0,2,0,0,2,0,2,2,2
139,474.410,7181.545,-109.490,-67.577,0.381095,0.924392,-0.016310,-0.923454,0.381443,0.041632,0.044705,-0.000804,0.999000,0,0.69076,0.26927,41.446,0.539,-1,400.000,-1,375.000,-1,325.000,325.000,-1,300.000,-1,575.000,650.000,-1,750.000,-1,-1,-1,2,0,2,0,2,0,0,2,0,2,0,0,2,0,2,2,2
140,490.698,7143.544,-107.657,-66.798,0.393677,0.919120,-0.015372,-0.918117,0.393967,0.043030,0.045605,-0.002827,0.998956,0,0.68909,0.38927,41.345,0.779,-1,400.000,-1,375.000,-1,325.000,325.000,-1,300.000,-1,575.000,650.000,-1,775.000,-1,-1,-1,2,0,2,0,2,0,0,2,0,2,0,0,2,0,2,2,2
