timestep,x_cm,y_cm,z_cm,yaw_deg,basis_xx,basis_xy,basis_xz,basis_yx,basis_yy,basis_yz,basis_zx,basis_zy,basis_zz,teleport_flag,throttle_cmd,steering_cmd,cmd_move_cm,cmd_turn_deg,lidar_cm_0,lidar_cm_1,lidar_cm_2,lidar_cm_3,lidar_cm_4,lidar_cm_5,lidar_cm_6,lidar_cm_7,lidar_cm_8,lidar_cm_9,lidar_cm_10,lidar_cm_11,lidar_cm_12,lidar_cm_13,lidar_cm_14,lidar_cm_15,lidar_cm_16,lidar_class_0,lidar_class_1,lidar_class_2,lidar_class_3,lidar_class_4,lidar_class_5,lidar_class_6,lidar_class_7,lidar_class_8,lidar_class_9,lidar_class_10,lidar_class_11,lidar_class_12,lidar_class_13,lidar_class_14,lidar_class_15,lidar_class_16
0,4466.872,-308.082,203.538,-171.476,-0.988953,0.148144,-0.005086,-0.148226,-0.988618,0.025752,-0.001214,0.026222,0.999655,0,0.38722,0.82364,0.352,0.003,-1,866.120,-1,818.841,-1,680.780,668.340,647.954,574.673,-1,-1,-1,-1,-1,-1,-1,-1,2,0,2,0,2,0,0,0,0,2,2,2,2,2,2,2,2
1,4466.273,-308.490,204.581,-171.471,-0.988937,0.148332,-0.000564,-0.148305,-0.988667,0.023317,0.002901,0.023143,0.999728,0,0.38722,0.82364,0.724,0.005,-1,880.330,-1,838.719,-1,696.262,684.160,643.054,585.545,-1,-1,-1,-1,-1,-1,-1,-1,2,0,2,0,2,0,0,0,0,2,2,2,2,2,2,2,2
2,4465.238,-309.004,204.480,-171.469,-0.988905,0.148468,0.004829,-0.148340,-0.988723,0.020569,0.007828,0.019625,0.999777,0,0.38722,0.82364,1.156,0.002,-1,893.758,-1,858.891,-1,711.110,698.756,633.157,594.283,-1,-1,-1,-1,-1,-1,-1,-1,2,0,2,0,2,0,0,0,0,2,2,2,2,2,2,2,2
3,4463.782,-309.538,203.537,-171.480,-0.988891,0.148323,0.009696,-0.148137,-0.988808,0.017706,0.012213,0.016073,0.999796,0,0.38722,0.82364,1.551,-0.011,-1,902.876,-1,875.518,-1,720.737,709.184,620.527,600.632,-1,-1,-1,-1,-1,-1,-1,-1,2,0,2,0,2,0,0,0,0,2,2,2,2,2,2,2,2
4,4461.994,-309.960,202.149,-171.513,-0.988946,0.147766,0.012299,-0.147573,-0.988932,0.015357,0.014432,0.013372,0.999806,0,0.38722,0.82364,1.837,-0.032,-1,903.867,-1,882.480,-1,722.806,712.307,608.755,603.329,-1,-1,-1,-1,-1,-1,-1,-1,2,0,2,0,2,0,0,0,0,2,2,2,2,2,2,2,2
5,4459.928,-310.211,200.629,-171.560,-0.989076,0.146929,0.011855,-0.146757,-0.989070,0.014244,0.013818,0.012349,0.999828,0,0.38722,0.82364,2.082,-0.047,-1,896.096,-1,876.579,-1,716.904,706.790,600.920,601.084,-1,-1,-1,-1,-1,-1,-1,-1,2,0,2,0,2,0,0,0,0,2,2,2,2,2,2,2,2
6,4457.562,-310.279,199.177,-171.613,-0.989250,0.145984,0.008530,-0.145847,-0.989194,0.014990,0.010626,0.013585,0.999851,0,0.38722,0.82364,2.367,-0.053,-1,881.941,-1,858.964,-1,704.455,693.955,599.056,593.095,-1,-1,-1,-1,-1,-1,-1,-1,2,0,2,0,2,0,0,0,0,2,2,2,2,2,2,2,2
7,4454.840,-310.174,197.884,-171.670,-0.989434,0.144951,0.003095,-0.144875,-0.989291,0.017734,0.005633,0.017098,0.999838,0,0.38722,0.82364,2.723,-0.057,-1,864.821,-1,834.204,-1,686.360,676.364,604.023,579.935,-1,-1,-1,-1,-1,-1,-1,-1,2,0,2,0,2,0,0,0,0,2,2,2,2,2,2,2,2
8,4451.700,-309.933,196.760,-171.731,-0.989604,0.143777,-0.003436,-0.143817,-0.989356,0.022157,-0.000214,0.022421,0.999749,0,0.38722,0.82364,3.150,-0.061,-1,847.770,-1,806.277,-1,667.386,655.956,614.756,563.252,-1,-1,-1,-1,-1,-1,-1,-1,2,0,2,0,2,0,0,0,0,2,2,2,2,2,2,2,2
9,4448.079,-309.625,195.833,-171.801,-0.989763,0.142395,-0.009620,-0.142609,-0.989401,0.027361,-0.005622,0.028453,0.999579,0,0.38722,0.82364,3.634,-0.070,-1,834.109,-1,780.714,-1,651.342,637.980,628.840,546.155,-1,-1,-1,-1,-1,-1,-1,-1,2,0,2,0,2,0,0,0,0,2,2,2,2,2,2,2,2
10,4443.878,-309.401,195.371,-171.886,-0.989955,0.140793,-0.012889,-0.141138,-0.989484,0.031641,-0.008298,0.033143,0.999416,0,0.38722,0.82364,4.207,-0.085,-1,829.957,-1,766.115,-1,644.928,629.572,641.603,534.229,-1,-1,-1,-1,-1,-1,-1,-1,2,0,2,0,2,0,0,0,0,2,2,2,2,2,2,2,2
11,4439.127,-309.345,195.420,-171.992,-0.990213,0.138936,-0.013208,-0.139314,-0.989660,0.034132,-0.008329,0.035638,0.999330,0,0.38722,0.82364,4.752,-0.106,-1,834.095,-1,764.385,-1,647.439,630.391,650.250,529.070,-1,-1,-1,-1,-1,-1,-1,-1,2,0,2,0,2,0,0,0,0,2,2,2,2,2,2,2,2
12,4433.900,-309.478,195.872,-172.107,-0.990503,0.136996,-0.011664,-0.137324,-0.989918,0.034715,-0.006791,0.035987,0.999329,0,0.38722,0.82364,5.229,-0.115,-1,842.631,-1,771.095,-1,655.419,637.194,654.025,529.898,-1,-1,-1,-1,-1,-1,-1,-1,2,0,2,0,2,0,0,0,0,2,2,2,2,2,2,2,2
13,4428.193,-309.869,196.516,-172.202,-0.990741,0.135436,-0.009429,-0.135682,-0.990164,0.034151,-0.004712,0.035114,0.999372,0,0.45650,0.84099,5.720,-0.095,-1,852.316,-1,780.541,-1,665.538,646.522,654.766,533.956,-1,-1,-1,-1,-1,-1,-1,-1,2,0,2,0,2,0,0,0,0,2,2,2,2,2,2,2,2
14,4421.982,-310.522,197.097,-172.265,-0.990897,0.134411,-0.007515,-0.134587,-0.990355,0.032927,-0.003017,0.033639,0.999429,0,0.45650,0.84099,6.246,-0.063,-1,859.438,-1,789.402,-1,673.254,654.071,653.352,539.099,-1,-1,-1,-1,-1,-1,-1,-1,2,0,2,0,2,0,0,0,0,2,2,2,2,2,2,2,2
15,4415.316,-311.290,197.448,-172.325,-0.991039,0.133420,-0.006373,-0.133554,-0.990556,0.031015,-0.002175,0.031588,0.999499,0,0.45650,0.84099,6.710,-0.060,-1,860.757,-1,795.616,-1,677.163,658.718,649.235,544.772,-1,-1,-1,-1,-1,-1,-1,-1,2,0,2,0,2,0,0,0,0,2,2,2,2,2,2,2,2
16,4408.212,-312.184,197.526,-172.371,-0.991146,0.132639,-0.006020,-0.132759,-0.990721,0.029090,-0.002106,0.029631,0.999559,0,0.45650,0.84099,7.160,-0.046,-1,859.121,-1,798.594,-1,678.426,660.732,644.043,549.392,-1,-1,-1,-1,-1,-1,-1,-1,2,0,2,0,2,0,0,0,0,2,2,2,2,2,2,2,2
17,4400.682,-313.012,197.351,-172.444,-0.991313,0.131366,-0.006394,-0.131492,-0.990947,0.027106,-0.002775,0.027711,0.999612,0,0.45650,0.84099,7.576,-0.073,-1,854.802,-1,798.463,-1,677.136,660.201,637.918,553.150,-1,-1,-1,-1,-1,-1,-1,-1,2,0,2,0,2,0,0,0,0,2,2,2,2,2,2,2,2
18,4392.754,-313.697,196.998,-172.548,-0.991545,0.129553,-0.007374,-0.129702,-0.991221,0.025668,-0.003984,0.026407,0.999643,0,0.45650,0.84099,7.958,-0.103,-1,849.168,-1,795.515,-1,674.157,657.734,633.088,554.968,-1,-1,-1,-1,-1,-1,-1,-1,2,0,2,0,2,0,0,0,0,2,2,2,2,2,2,2,2
19,4384.398,-314.269,196.534,-172.664,-0.991802,0.127500,-0.008560,-0.127679,-0.991489,0.025432,-0.005245,0.026317,0.999640,0,0.45650,0.84099,8.376,-0.117,-1,844.275,-1,791.024,-1,671.090,654.674,631.673,553.714,-1,-1,-1,-1,-1,-1,-1,-1,2,0,2,0,2,0,0,0,0,2,2,2,2,2,2,2,2
20,4375.595,-314.756,195.977,-172.786,-0.992061,0.125353,-0.010036,-0.125579,-0.991732,0.026416,-0.006642,0.027467,0.999601,0,0.45650,0.84099,8.817,-0.121,-1,839.909,-1,784.647,-1,667.789,650.878,633.789,549.374,-1,-1,-1,-1,-1,-1,-1,-1,2,0,2,0,2,0,0,0,0,2,2,2,2,2,2,2,2
21,4366.417,-315.208,195.350,-172.898,-0.992291,0.123333,-0.012127,-0.123635,-0.991917,0.028542,-0.008509,0.029821,0.999519,0,0.45650,0.84099,9.189,-0.112,-1,835.110,-1,775.510,-1,663.462,645.597,639.545,542.128,-1,-1,-1,-1,-1,-1,-1,-1,2,0,2,0,2,0,0,0,0,2,2,2,2,2,2,2,2
22,4356.805,-315.693,194.708,-173.001,-0.992496,0.121454,-0.014200,-0.121844,-0.992065,0.031000,-0.010323,0.032497,0.999418,0,0.45650,0.84099,9.625,-0.103,-1,830.594,-1,766.374,-1,659.425,640.485,646.689,534.247,-1,-1,-1,-1,-1,-1,-1,-1,2,0,2,0,2,0,0,0,0,2,2,2,2,2,2,2,2
23,4344.660,-316.346,194.027,-173.129,-0.992746,0.119136,-0.016171,-0.119620,-0.992262,0.033283,-0.012080,0.034976,0.999315,0,0.45650,0.84099,12.162,-0.128,-1,825.896,-1,757.894,-1,655.861,635.895,653.535,526.869,-1,-1,-1,-1,-1,-1,-1,-1,2,0,2,0,2,0,0,0,0,2,2,2,2,2,2,2,2
24,4336.242,-316.852,193.652,-173.219,-0.992916,0.117532,-0.017465,-0.118069,-0.992430,0.033797,-0.013360,0.035619,0.999276,0,0.45650,0.84099,8.434,-0.089,-1,821.783,-1,753.206,-1,653.283,633.026,655.163,524.387,-1,-1,-1,-1,-1,-1,-1,-1,2,0,2,0,2,0,0,0,0,2,2,2,2,2,2,2,2
25,4325.368,-317.628,193.323,-173.319,-0.993103,0.115740,-0.018744,-0.116324,-0.992636,0.033811,-0.014692,0.035758,0.999252,0,0.45650,0.84099,10.902,-0.101,-1,817.115,-1,749.288,-1,651.042,630.674,655.632,523.219,-1,-1,-1,-1,-1,-1,-1,-1,2,0,2,0,2,0,0,0,0,2,2,2,2,2,2,2,2
26,4314.101,-318.565,193.121,-173.400,-0.993247,0.114312,-0.019837,-0.114931,-0.992809,0.033494,-0.015866,0.035547,0.999242,0,0.45650,0.84099,11.306,-0.080,-1,812.832,-1,746.631,-1,649.549,629.206,655.492,523.990,-1,-1,-1,-1,-1,-1,-1,-1,2,0,2,0,2,0,0,0,0,2,2,2,2,2,2,2,2
27,4302.451,-319.656,192.912,-173.461,-0.993343,0.113198,-0.021366,-0.113856,-0.992962,0.032598,-0.017526,0.034813,0.999240,0,0.45650,0.84099,11.700,-0.062,-1,806.717,-1,743.077,-1,646.810,626.757,653.563,525.795,-1,-1,-1,-1,-1,-1,-1,-1,2,0,2,0,2,0,0,0,0,2,2,2,2,2,2,2,2
28,4290.414,-320.794,192.555,-173.527,-0.993433,0.112010,-0.023329,-0.112711,-0.993136,0.031255,-0.019667,0.033679,0.999239,0,0.45650,0.84099,12.091,-0.066,-1,798.650,-1,738.116,-1,642.510,622.943,649.306,528.001,-1,-1,-1,-1,-1,-1,-1,-1,2,0,2,0,2,0,0,0,0,2,2,2,2,2,2,2,2
29,4277.989,-321.898,192.013,-173.607,-0.993539,0.110574,-0.025584,-0.111320,-0.993337,0.029837,-0.022115,0.032492,0.999227,0,0.45650,0.84099,12.473,-0.080,-1,789.385,-1,731.800,-1,636.383,617.489,644.004,529.786,-1,-1,-1,-1,-1,-1,-1,-1,2,0,2,0,2,0,0,0,0,2,2,2,2,2,2,2,2
30,4265.230,-322.930,191.457,-173.711,-0.993699,0.108746,-0.027151,-0.109509,-0.993581,0.028376,-0.023891,0.031170,0.999229,0,0.45650,0.84099,12.801,-0.104,-1,781.875,-1,727.126,-1,631.148,612.974,638.393,531.930,-1,-1,-1,-1,-1,-1,-1,-1,2,0,2,0,2,0,0,0,0,2,2,2,2,2,2,2,2
31,4252.188,-324.079,191.298,-173.822,-0.993924,0.106916,-0.026168,-0.107584,-0.993866,0.025627,-0.023267,0.028287,0.999329,0,0.45650,0.84099,13.093,-0.111,-1,780.284,-1,731.388,-1,631.349,614.480,630.266,538.965,-1,-1,-1,-1,-1,-1,-1,-1,2,0,2,0,2,0,0,0,0,2,2,2,2,2,2,2,2
32,4238.979,-325.241,191.769,-173.928,-0.994202,0.105252,-0.022001,-0.105758,-0.994120,0.023259,-0.019424,0.025451,0.999487,0,0.45650,0.84099,13.260,-0.106,-1,787.508,-1,746.311,-1,639.509,624.025,625.401,548.322,-1,-1,-1,-1,-1,-1,-1,-1,2,0,2,0,2,0,0,0,0,2,2,2,2,2,2,2,2
33,4222.896,-326.560,193.267,-174.017,-0.994491,0.103923,-0.013664,-0.104231,-0.994260,0.024136,-0.011077,0.025427,0.999615,0,0.45650,0.84099,16.137,-0.089,-1,810.439,-1,776.733,-1,660.133,645.922,634.562,555.405,-1,-1,-1,-1,-1,-1,-1,-1,2,0,2,0,2,0,0,0,0,2,2,2,2,2,2,2,2
34,4212.154,-327.428,194.310,-174.052,-0.994591,0.103400,-0.009854,-0.103623,-0.994283,0.025764,-0.007133,0.026645,0.999619,0,0.45650,0.84099,10.776,-0.035,-1,823.071,-1,791.547,-1,671.268,657.441,644.584,557.228,-1,-1,-1,-1,-1,-1,-1,-1,2,0,2,0,2,0,0,0,0,2,2,2,2,2,2,2,2
35,4198.908,-328.557,195.066,-174.095,-0.994675,0.102664,-0.009012,-0.102871,-0.994337,0.026674,-0.006222,0.027459,0.999604,0,0.45650,0.84099,13.294,-0.043,-1,826.541,-1,796.280,-1,674.897,661.026,652.087,559.869,-1,-1,-1,-1,-1,-1,-1,-1,2,0,2,0,2,0,0,0,0,2,2,2,2,2,2,2,2
36,4185.873,-329.731,195.103,-174.131,-0.994717,0.101975,-0.011827,-0.102256,-0.994411,0.026264,-0.009083,0.027335,0.999585,0,0.45650,0.84099,13.088,-0.035,-1,817.539,-1,788.466,-1,668.266,654.753,653.065,562.684,-1,-1,-1,-1,-1,-1,-1,-1,2,0,2,0,2,0,0,0,0,2,2,2,2,2,2,2,2
37,4172.906,-330.985,194.375,-174.137,-0.994653,0.101684,-0.018052,-0.102133,-0.994431,0.025987,-0.015309,0.027691,0.999499,0,0.38435,0.57154,13.027,-0.007,-1,798.561,-1,768.329,-1,653.482,639.976,651.839,561.718,-1,-1,-1,-1,-1,-1,-1,-1,2,0,2,0,2,0,0,0,0,2,2,2,2,2,2,2,2
38,4160.040,-332.549,192.782,-174.049,-0.994318,0.102919,-0.027206,-0.103651,-0.994246,0.027026,-0.024268,0.029693,0.999264,0,0.38435,0.57154,12.961,0.089,-1,772.454,-1,737.402,-1,632.362,618.173,652.271,554.337,-1,-1,-1,-1,-1,-1,-1,-1,2,0,2,0,2,0,0,0,0,2,2,2,2,2,2,2,2
39,4147.190,-334.310,190.297,-173.903,-0.993719,0.105010,-0.038664,-0.106147,-0.993938,0.028630,-0.035423,0.032555,0.998842,0,0.38435,0.57154,12.970,0.146,-1,740.608,-1,698.482,-1,605.629,590.640,651.831,542.343,-1,-1,-1,-1,-1,-1,-1,-1,2,0,2,0,2,0,0,0,0,2,2,2,2,2,2,2,2
40,4134.231,-336.227,186.914,-173.727,-0.992866,0.107482,-0.051628,-0.109134,-0.993565,0.030309,-0.048038,0.035727,0.998206,0,0.38435,0.57154,13.100,0.176,-1,704.665,-1,656.155,-1,575.475,559.109,648.788,527.036,-1,-1,-1,-1,-1,-1,-1,-1,2,0,2,0,2,0,0,0,0,2,2,2,2,2,2,2,2
41,4120.876,-338.377,183.218,-173.544,-0.991947,0.110187,-0.062444,-0.112244,-0.993214,0.030438,-0.058667,0.037202,0.997584,0,0.38435,0.57154,13.526,0.183,-1,672.430,-1,621.783,-1,549.316,532.228,638.891,515.025,-1,-1,-1,-1,-1,-1,-1,-1,2,0,2,0,2,0,0,0,0,2,2,2,2,2,2,2,2
42,4106.901,-340.825,179.966,-173.354,-0.991215,0.113259,-0.068304,-0.115500,-0.992860,0.029798,-0.064441,0.037426,0.997219,0,0.38435,0.57154,14.188,0.191,-1,651.424,-1,601.327,-1,532.912,515.813,627.281,507.769,-1,-1,-1,-1,-1,-1,-1,-1,2,0,2,0,2,0,0,0,0,2,2,2,2,2,2,2,2
43,4092.377,-343.545,177.569,-173.150,-0.990683,0.116781,-0.070071,-0.119008,-0.992485,0.028483,-0.066219,0.036557,0.997135,0,0.38435,0.57154,14.777,0.204,-1,640.042,-1,592.606,-1,524.981,508.468,616.175,505.950,-1,-1,-1,-1,-1,-1,-1,-1,2,0,2,0,2,0,0,0,0,2,2,2,2,2,2,2,2
44,4077.539,-346.459,176.327,-172.948,-0.990282,0.120483,-0.069464,-0.122503,-0.992139,0.025575,-0.065836,0.033836,0.997257,0,0.38435,0.57154,15.121,0.202,-1,634.467,-1,592.674,-1,522.594,507.566,604.258,512.242,-1,-1,-1,-1,-1,-1,-1,-1,2,0,2,0,2,0,0,0,0,2,2,2,2,2,2,2,2
45,4062.457,-349.571,176.064,-172.737,-0.989898,0.124403,-0.068008,-0.126157,-0.991763,0.022132,-0.064695,0.030488,0.997439,0,0.38435,0.57154,15.400,0.211,-1,632.218,-1,597.299,-1,523.256,509.963,595.010,523.153,-1,-1,-1,-1,-1,-1,-1,-1,2,0,2,0,2,0,0,0,0,2,2,2,2,2,2,2,2
46,4047.180,-352.768,176.402,-172.515,-0.989422,0.128442,-0.067431,-0.129999,-0.991328,0.019215,-0.064378,0.027778,0.997539,0,0.38435,0.57154,15.608,0.222,-1,630.081,-1,601.281,-1,523.105,511.250,590.185,535.125,-1,-1,-1,-1,-1,-1,-1,-1,2,0,2,0,2,0,0,0,0,2,2,2,2,2,2,2,2
47,4032.045,-355.804,177.391,-172.275,-0.988868,0.132585,-0.067540,-0.134144,-0.990779,0.019065,-0.064389,0.027912,0.997534,0,0.38435,0.57154,15.437,0.240,-1,630.498,-1,603.642,-1,523.970,512.937,596.561,542.725,-1,-1,-1,-1,-1,-1,-1,-1,2,0,2,0,2,0,0,0,0,2,2,2,2,2,2,2,2
48,4017.036,-358.437,179.026,-172.074,-0.988520,0.135856,-0.066109,-0.137625,-0.990219,0.022948,-0.062344,0.031783,0.997549,0,0.38435,0.57154,15.239,0.201,-1,638.583,-1,609.314,-1,530.007,518.675,617.590,543.786,-1,-1,-1,-1,-1,-1,-1,-1,2,0,2,0,2,0,0,0,0,2,2,2,2,2,2,2,2
49,4002.510,-361.023,181.632,-171.893,-0.988492,0.139011,-0.059653,-0.140811,-0.989666,0.027095,-0.055270,0.035183,0.997851,0,0.38435,0.57154,14.755,0.181,-1,659.176,-1,629.706,-1,546.054,534.797,642.128,549.344,-1,-1,-1,-1,-1,-1,-1,-1,2,0,2,0,2,0,0,0,0,2,2,2,2,2,2,2,2
50,3988.156,-363.586,185.016,-171.770,-0.988768,0.141534,-0.048021,-0.143008,-0.989303,0.028774,-0.043435,0.035319,0.998432,0,0.38435,0.57154,14.581,0.123,-1,690.440,-1,666.602,-1,571.633,561.097,658.804,564.945,-1,-1,-1,-1,-1,-1,-1,-1,2,0,2,0,2,0,0,0,0,2,2,2,2,2,2,2,2
51,3973.828,-366.160,188.444,-171.692,-0.989030,0.143398,-0.035458,-0.144433,-0.989102,0.028572,-0.030974,0.033380,0.998963,0,0.38435,0.57154,14.557,0.079,-1,723.064,-1,708.035,-1,598.112,590.030,668.377,586.246,-1,-1,-1,-1,-1,-1,-1,-1,2,0,2,0,2,0,0,0,0,2,2,2,2,2,2,2,2
52,3959.635,-368.763,191.160,-171.586,-0.988996,0.145510,-0.026712,-0.146281,-0.988800,0.029603,-0.022105,0.033185,0.999205,0,0.38435,0.57154,14.430,0.105,-1,748.827,-1,740.048,-1,618.297,611.694,680.294,600.609,-1,-1,-1,-1,-1,-1,-1,-1,2,0,2,0,2,0,0,0,0,2,2,2,2,2,2,2,2
53,3945.518,-371.395,193.006,-171.445,-0.988745,0.148111,-0.021132,-0.148741,-0.988352,0.032204,-0.016116,0.034985,0.999258,0,0.38450,1.00000,14.360,0.142,-1,768.149,-1,760.329,-1,632.516,626.223,695.171,607.069,-1,-1,-1,-1,-1,-1,-1,-1,2,0,2,0,2,0,0,0,0,2,2,2,2,2,2,2,2
54,3931.448,-374.060,193.921,-171.274,-0.988347,0.151132,-0.018152,-0.151702,-0.987778,0.035783,-0.012522,0.038120,0.999195,0,0.38450,1.00000,14.321,0.171,-1,780.527,-1,770.274,-1,640.599,633.457,711.400,607.107,-1,-1,-1,-1,-1,-1,-1,-1,2,0,2,0,2,0,0,0,0,2,2,2,2,2,2,2,2
55,3917.431,-376.780,193.922,-171.086,-0.987857,0.154346,-0.017765,-0.154947,-0.987119,0.039844,-0.011387,0.042113,0.999048,0,0.38450,1.00000,14.278,0.188,-1,785.064,-1,769.896,-1,641.913,633.849,727.170,601.999,-1,-1,-1,-1,-1,-1,-1,-1,2,0,2,0,2,0,0,0,0,2,2,2,2,2,2,2,2
56,3903.508,-379.549,193.072,-170.882,-0.987280,0.157684,-0.020365,-0.158448,-0.986387,0.043986,-0.013151,0.046653,0.998825,0,0.38450,1.00000,14.196,0.203,-1,780.416,-1,757.886,-1,636.071,626.770,741.596,592.468,-1,-1,-1,-1,-1,-1,-1,-1,2,0,2,0,2,0,0,0,0,2,2,2,2,2,2,2,2
57,3889.637,-382.366,191.348,-170.681,-0.986650,0.160851,-0.025479,-0.161912,-0.985672,0.047281,-0.017508,0.050775,0.998557,0,0.38450,1.00000,14.154,0.202,-1,766.431,-1,736.905,-1,623.601,613.089,750.801,580.864,-1,-1,-1,-1,-1,-1,-1,-1,2,0,2,0,2,0,0,0,0,2,2,2,2,2,2,2,2
58,3875.807,-385.236,188.749,-170.493,-0.985973,0.163636,-0.032866,-0.165116,-0.985057,0.048975,-0.024361,0.053715,0.998259,0,0.38450,1.00000,14.124,0.187,-1,743.192,-1,708.903,-1,604.888,593.462,751.191,569.212,-1,-1,-1,-1,-1,-1,-1,-1,2,0,2,0,2,0,0,0,0,2,2,2,2,2,2,2,2
59,3862.073,-388.150,185.364,-170.335,-0.985224,0.165787,-0.042992,-0.167797,-0.984636,0.048327,-0.034320,0.054827,0.997906,0,0.38450,1.00000,14.040,0.159,-1,709.990,-1,673.702,-1,579.472,567.632,740.818,558.989,-1,-1,-1,-1,-1,-1,-1,-1,2,0,2,0,2,0,0,0,0,2,2,2,2,2,2,2,2
60,3848.629,-391.461,181.192,-170.103,-0.983989,0.168948,-0.056765,-0.171689,-0.984008,0.047455,-0.047839,0.056441,0.997259,0,0.38450,1.00000,13.845,0.232,-1,668.671,-1,629.491,-1,547.602,535.261,729.490,545.043,-1,-1,-1,-1,-1,-1,-1,-1,2,0,2,0,2,0,0,0,0,2,2,2,2,2,2,2,2
61,3835.543,-395.536,176.168,-169.668,-0.981748,0.175197,-0.074010,-0.178972,-0.982690,0.047842,-0.064347,0.060215,0.996109,0,0.38450,1.00000,13.706,0.434,-1,622.666,-1,578.908,-1,511.283,497.447,721.720,524.138,-1,-1,-1,-1,-1,-1,-1,-1,2,0,2,0,2,0,0,0,0,2,2,2,2,2,2,2,2
62,3822.648,-400.167,170.416,-169.116,-0.978622,0.183256,-0.093361,-0.188174,-0.981018,0.046850,-0.083003,0.063416,0.994529,0,0.38450,1.00000,13.702,0.553,-1,573.559,-1,526.471,-1,472.879,457.112,708.519,502.576,-1,-1,-1,-1,943.040,896.801,-1,-1,2,0,2,0,2,0,0,0,0,2,2,2,2,0,0,2,2
63,3809.815,-405.574,164.789,-168.521,-0.975126,0.192650,-0.109614,-0.198028,-0.979364,0.040396,-0.099570,0.061098,0.993153,0,0.38450,1.00000,13.926,0.595,-1,528.911,-1,485.498,-1,438.872,423.396,675.711,492.929,-1,-1,-1,-1,830.173,783.360,-1,-1,2,0,2,0,2,0,0,0,0,2,2,2,2,0,0,2,2
64,3796.827,-411.843,159.703,-167.905,-0.971671,0.203453,-0.120260,-0.208213,-0.977674,0.028303,-0.111816,0.052541,0.992339,0,0.38450,1.00000,14.421,0.615,-1,491.788,-1,458.157,-1,411.955,398.830,626.824,498.336,-1,-1,-1,-1,751.869,721.492,-1,-1,2,0,2,0,2,0,0,0,0,2,2,2,2,0,0,2,2
65,3783.441,-418.696,155.533,-167.300,-0.968614,0.214978,-0.124787,-0.218293,-0.975792,0.013359,-0.118895,0.040180,0.992094,0,0.38450,1.00000,15.039,0.606,-1,464.248,-1,443.103,-1,392.882,383.457,575.467,515.844,-1,-1,-1,-1,697.490,691.140,-1,-1,2,0,2,0,2,0,0,0,0,2,2,2,2,0,0,2,2
66,3769.565,-426.050,152.780,-166.632,-0.965853,0.227541,-0.123909,-0.229522,-0.973302,0.001761,-0.120200,0.030141,0.992292,0,0.38450,1.00000,15.704,0.667,-1,449.785,-1,438.739,-1,383.468,377.410,538.594,535.051,-1,-1,-1,-1,671.497,685.942,-1,-1,2,0,2,0,2,0,0,0,0,2,2,2,2,0,0,2,2
67,3755.836,-434.151,151.606,-165.762,-0.962493,0.242748,-0.121164,-0.244221,-0.969716,-0.002763,-0.118165,0.026931,0.992629,0,0.38450,1.00000,15.940,0.870,-1,446.372,-1,439.522,-1,381.505,377.082,528.190,544.134,-1,-1,-1,-1,668.160,690.463,-1,-1,2,0,2,0,2,0,0,0,0,2,2,2,2,0,0,2,2
68,3742.215,-442.575,151.757,-164.824,-0.958946,0.258619,-0.116354,-0.260109,-0.965576,-0.002459,-0.112985,0.027907,0.993205,0,0.38450,1.00000,16.016,0.938,-1,452.079,-1,445.485,-1,386.072,381.869,532.080,547.607,-1,-1,-1,-1,683.687,707.048,-1,-1,2,0,2,0,2,0,0,0,0,2,2,2,2,0,0,2,2
69,3728.642,-451.127,152.650,-163.885,-0.955243,0.274282,-0.110819,-0.275984,-0.961162,0.000022,-0.106509,0.030605,0.993841,0,0.38450,1.00000,16.043,0.939,-1,462.247,-1,454.212,-1,393.810,389.431,544.003,547.942,-1,-1,-1,-1,709.592,735.197,-1,-1,2,0,2,0,2,0,0,0,0,2,2,2,2,0,0,2,2
70,3715.497,-459.876,153.810,-162.902,-0.950885,0.290463,-0.106999,-0.292488,-0.956263,0.003402,-0.101331,0.034531,0.994253,0,0.38450,1.00000,15.791,0.983,-1,472.103,-1,460.963,-1,400.794,395.781,560.413,545.401,-1,-1,-1,-1,734.401,759.888,-1,-1,2,0,2,0,2,0,0,0,0,2,2,2,2,0,0,2,2
71,3702.418,-468.684,154.783,-161.894,-0.945995,0.306953,-0.104276,-0.309305,-0.950939,0.006777,-0.097080,0.038664,0.994525,0,0.38450,1.00000,15.768,1.008,-1,480.425,-1,465.752,-1,406.327,400.507,575.833,541.720,-1,-1,-1,-1,755.844,778.653,-1,-1,2,0,2,0,2,0,0,0,0,2,2,2,2,0,0,2,2
72,3689.424,-477.739,155.388,-160.863,-0.940608,0.323630,-0.102565,-0.326401,-0.945167,0.011032,-0.093371,0.043854,0.994665,0,0.38450,1.00000,15.838,1.032,-1,487.774,-1,468.275,-1,410.420,403.814,592.218,534.285,-1,-1,-1,-1,777.815,791.531,-1,-1,2,0,2,0,2,0,0,0,0,2,2,2,2,0,0,2,2
73,3676.699,-487.119,155.607,-159.777,-0.934512,0.340977,-0.102083,-0.344263,-0.938738,0.015960,-0.090387,0.050058,0.994648,0,0.38450,1.00000,15.809,1.086,-1,493.849,-1,467.939,-1,413.092,404.943,610.927,523.315,-1,-1,-1,-1,798.461,798.104,-1,-1,2,0,2,0,2,0,0,0,0,2,2,2,2,0,0,2,2
74,3664.177,-496.870,155.412,-158.674,-0.927961,0.358546,-0.101647,-0.362286,-0.931843,0.020445,-0.087388,0.055797,0.994610,0,0.38450,1.00000,15.870,1.103,-1,499.341,-1,466.672,-1,415.153,405.403,629.863,511.556,-1,-1,-1,-1,817.387,803.468,-1,-1,2,0,2,0,2,0,0,0,0,2,2,2,2,0,0,2,2
75,3651.853,-506.996,154.833,-157.574,-0.921085,0.376111,-0.100714,-0.380140,-0.924627,0.023619,-0.084240,0.060041,0.994635,0,0.38450,1.00000,15.951,1.100,-1,503.368,-1,465.814,-1,416.532,405.580,642.965,502.125,-1,-1,-1,-1,834.164,809.777,-1,-1,2,0,2,0,2,0,0,0,0,2,2,2,2,0,0,2,2
76,3639.922,-517.553,153.980,-156.459,-0.913747,0.393916,-0.099479,-0.398087,-0.916995,0.025453,-0.081196,0.062859,0.994714,0,0.38450,1.00000,15.931,1.115,-1,505.809,-1,464.879,-1,417.147,405.348,650.374,494.847,-1,-1,-1,-1,846.984,816.068,-1,-1,2,0,2,0,2,0,0,0,0,2,2,2,2,0,0,2,2
77,3628.569,-528.612,152.991,-155.275,-0.905514,0.412782,-0.098261,-0.416977,-0.908548,0.025911,-0.078579,0.064435,0.994823,0,0.38450,1.00000,15.850,1.184,-1,506.412,-1,463.523,-1,417.081,404.501,652.931,489.584,-1,-1,-1,-1,854.870,820.810,-1,-1,2,0,2,0,2,0,0,0,0,2,2,2,2,0,0,2,2
78,3617.420,-539.974,151.890,-154.133,-0.897209,0.431033,-0.096052,-0.435025,-0.900089,0.024367,-0.075952,0.063648,0.995078,0,0.42119,1.00000,15.918,1.142,-1,505.490,-1,463.080,-1,416.078,403.785,646.828,488.651,-1,-1,-1,-1,859.646,830.079,-1,-1,2,0,2,0,2,0,0,0,0,2,2,2,2,0,0,2,2
79,3606.602,-551.785,150.689,-152.950,-0.888165,0.449789,-0.094087,-0.453519,-0.890981,0.021754,-0.074045,0.061992,0.995326,0,0.42119,1.00000,16.016,1.183,-1,503.077,-1,461.653,-1,413.767,402.089,637.311,489.197,-1,-1,-1,-1,858.303,834.974,-1,-1,2,0,2,0,2,0,0,0,0,2,2,2,2,0,0,2,2
80,3595.818,-563.883,149.378,-151.805,-0.879039,0.467883,-0.091521,-0.471244,-0.881818,0.018074,-0.072248,0.059017,0.995639,0,0.42119,1.00000,16.207,1.145,-1,498.849,-1,460.480,-1,410.924,400.245,623.149,492.250,-1,-1,-1,-1,853.470,840.141,-1,-1,2,0,2,0,2,0,0,0,0,2,2,2,2,0,0,2,2
81,3585.170,-576.318,147.989,-150.650,-0.869459,0.485887,-0.089189,-0.488912,-0.872212,0.014497,-0.070748,0.056211,0.995909,0,0.42119,1.00000,16.371,1.154,-1,493.951,-1,458.592,-1,407.618,397.830,609.549,494.704,-1,-1,-1,-1,846.894,842.274,-1,-1,2,0,2,0,2,0,0,0,0,2,2,2,2,0,0,2,2
82,3574.672,-589.050,146.622,-149.496,-0.859526,0.503632,-0.087001,-0.506373,-0.862240,0.011369,-0.069290,0.053827,0.996143,0,0.42119,1.00000,16.502,1.154,-1,489.263,-1,456.809,-1,404.856,395.131,597.681,496.344,-1,-1,-1,-1,841.441,842.980,-1,-1,2,0,2,0,2,0,0,0,0,2,2,2,2,0,0,2,2
83,3564.129,-601.928,145.492,-148.407,-0.849898,0.520246,-0.083775,-0.522717,-0.852457,0.009175,-0.066641,0.051589,0.996442,0,0.42119,1.00000,16.642,1.089,-1,487.461,-1,457.597,-1,403.780,394.740,587.614,498.443,-1,-1,-1,-1,843.935,852.009,-1,-1,2,0,2,0,2,0,0,0,0,2,2,2,2,0,0,2,2
84,3553.001,-614.723,144.591,-147.435,-0.841155,0.535032,-0.078730,-0.537221,-0.843402,0.008116,-0.062059,0.049123,0.996863,0,0.42119,1.00000,16.958,0.972,-1,490.117,-1,462.646,-1,405.684,397.364,578.253,501.464,-1,-1,-1,-1,858.236,875.550,-1,-1,2,0,2,0,2,0,0,0,0,2,2,2,2,0,0,2,2
85,3541.204,-627.326,143.886,-146.594,-0.833508,0.547802,-0.071950,-0.549720,-0.835306,0.008526,-0.055430,0.046659,0.997372,0,0.42119,1.00000,17.263,0.841,-1,497.446,-1,473.583,-1,410.944,403.614,570.190,505.269,-1,-1,-1,-1,886.506,917.379,-1,-1,2,0,2,0,2,0,0,0,0,2,2,2,2,0,0,2,2
86,3528.802,-639.699,143.449,-145.941,-0.827502,0.557695,-0.064929,-0.559406,-0.828828,0.010423,-0.048003,0.044947,0.997835,0,0.42119,1.00000,17.518,0.654,-1,507.950,-1,487.013,-1,418.322,411.809,565.703,508.665,-1,-1,-1,-1,925.352,965.525,-1,-1,2,0,2,0,2,0,0,0,0,2,2,2,2,0,0,2,2
87,3516.159,-652.007,143.257,-145.318,-0.821613,0.566859,-0.060189,-0.568524,-0.822549,0.013924,-0.041616,0.045659,0.998090,0,0.42119,1.00000,17.645,0.622,-1,518.875,-1,498.204,-1,425.873,419.156,569.057,507.761,-1,-1,-1,-1,966.503,1003.071,-1,-1,2,0,2,0,2,0,0,0,0,2,2,2,2,0,0,2,2
88,3503.431,-664.335,143.218,-144.688,-0.815449,0.575857,-0.058578,-0.577635,-0.816086,0.018497,-0.037153,0.048920,0.998111,0,0.42119,1.00000,17.719,0.631,-1,528.175,-1,504.517,-1,431.459,423.983,580.108,501.986,-1,-1,-1,-1,1004.049,-1,-1,-1,2,0,2,0,2,0,0,0,0,2,2,2,2,0,2,2,2
89,3490.695,-676.792,143.288,-144.057,-0.809144,0.584711,-0.058292,-0.586653,-0.809501,0.023374,-0.033520,0.053110,0.998026,0,0.42119,1.00000,17.815,0.631,-1,538.153,-1,508.884,-1,436.259,427.728,592.798,494.696,-1,-1,-1,-1,-1,-1,-1,-1,2,0,2,0,2,0,0,0,0,2,2,2,2,2,2,2,2
90,3478.586,-689.761,143.381,-143.281,-0.801208,0.595362,-0.060076,-0.597605,-0.801247,0.029524,-0.030558,0.059557,0.997757,0,0.42119,1.00000,17.744,0.775,-1,548.447,-1,510.281,-1,440.425,429.999,612.738,482.795,-1,-1,-1,-1,-1,-1,-1,-1,2,0,2,0,2,0,0,0,0,2,2,2,2,2,2,2,2
91,3466.811,-703.146,143.469,-142.426,-0.792300,0.607151,-0.060232,-0.609570,-0.791940,0.035443,-0.026181,0.064797,0.997555,0,0.42119,1.00000,17.827,0.855,-1,561.113,-1,515.403,-1,446.534,434.378,631.849,472.898,-1,-1,-1,-1,-1,-1,-1,-1,2,0,2,0,2,0,0,0,0,2,2,2,2,2,2,2,2
92,3455.359,-716.958,143.623,-141.533,-0.782804,0.619539,-0.058219,-0.621942,-0.781992,0.040955,-0.020154,0.068269,0.997463,0,0.42119,1.00000,17.942,0.894,-1,576.524,-1,526.890,-1,455.964,442.210,646.108,466.560,-1,-1,-1,-1,-1,-1,-1,-1,2,0,2,0,2,0,0,0,0,2,2,2,2,2,2,2,2
93,3444.305,-731.211,143.878,-140.621,-0.772900,0.632196,-0.054351,-0.634396,-0.771649,0.045828,-0.012967,0.069900,0.997470,0,0.42119,1.00000,18.038,0.912,-1,595.796,-1,542.960,-1,467.443,452.874,654.824,464.064,-1,-1,-1,-1,-1,-1,-1,-1,2,0,2,0,2,0,0,0,0,2,2,2,2,2,2,2,2
94,3434.221,-745.936,144.211,-139.606,-0.761596,0.646046,-0.050949,-0.648023,-0.759945,0.050494,-0.006097,0.071472,0.997424,0,0.42119,1.00000,17.847,1.015,-1,614.947,-1,558.601,-1,478.673,463.441,663.830,461.796,-1,-1,-1,-1,-1,-1,-1,-1,2,0,2,0,2,0,0,0,0,2,2,2,2,2,2,2,2
95,3425.411,-760.949,144.603,-138.440,-0.748266,0.661611,-0.048676,-0.663399,-0.746295,0.054272,-0.000420,0.072902,0.997339,0,0.42119,1.00000,17.407,1.166,-1,631.049,-1,570.589,-1,488.129,472.698,672.438,459.551,-1,-1,-1,-1,-1,-1,-1,-1,2,0,2,0,2,0,0,0,0,2,2,2,2,2,2,2,2
96,3417.039,-776.162,144.978,-137.255,-0.734370,0.677267,-0.044835,-0.678727,-0.732210,0.056558,0.005476,0.071965,0.997392,0,0.42119,1.00000,17.364,1.185,-1,646.502,-1,584.881,-1,498.639,483.104,672.140,460.457,-1,-1,-1,-1,-1,-1,-1,-1,2,0,2,0,2,0,0,0,0,2,2,2,2,2,2,2,2
97,3409.170,-791.677,145.235,-136.047,-0.719868,0.692911,-0.040798,-0.694018,-0.717565,0.058644,0.011360,0.070531,0.997445,0,0.42119,1.00000,17.397,1.208,-1,661.397,-1,599.590,-1,508.476,493.417,669.683,461.657,-1,-1,-1,-1,-1,-1,-1,-1,2,0,2,0,2,0,0,0,0,2,2,2,2,2,2,2,2
98,3401.776,-807.475,145.311,-134.793,-0.704445,0.708766,-0.037519,-0.709562,-0.702022,0.060721,0.016698,0.069397,0.997449,0,0.42119,1.00000,17.442,1.255,-1,674.283,-1,612.237,-1,516.974,502.285,667.486,461.738,-1,-1,-1,-1,-1,-1,-1,-1,2,0,2,0,2,0,0,0,0,2,2,2,2,2,2,2,2
99,3394.604,-823.481,145.225,-133.534,-0.688627,0.724286,-0.034675,-0.724796,-0.686115,0.062592,0.021543,0.068234,0.997437,0,0.42119,1.00000,17.540,1.259,-1,685.603,-1,623.038,-1,524.869,510.374,664.504,461.374,-1,-1,-1,-1,-1,-1,-1,-1,2,0,2,0,2,0,0,0,0,2,2,2,2,2,2,2,2
100,3387.562,-839.630,145.125,-132.314,-0.672963,0.738993,-0.031784,-0.739226,-0.670432,0.063765,0.025813,0.066407,0.997459,0,0.42119,1.00000,17.617,1.221,-1,694.652,-1,633.004,-1,531.735,517.624,659.179,461.333,-1,-1,-1,-1,-1,-1,-1,-1,2,0,2,0,2,0,0,0,0,2,2,2,2,2,2,2,2
101,3380.694,-856.001,145.027,-131.103,-0.657134,0.753182,-0.029871,-0.753215,-0.654606,0.064484,0.029014,0.064874,0.997472,0,0.52050,0.88976,17.753,1.211,-1,700.279,-1,640.414,-1,536.365,522.710,654.739,460.434,-1,-1,-1,-1,-1,-1,-1,-1,2,0,2,0,2,0,0,0,0,2,2,2,2,2,2,2,2
102,3374.037,-872.650,144.945,-129.894,-0.641055,0.766937,-0.029245,-0.766864,-0.638517,0.064932,0.031125,0.064052,0.997461,0,0.52050,0.88976,17.930,1.209,-1,703.363,-1,644.559,-1,538.896,525.555,652.572,458.161,-1,-1,-1,-1,-1,-1,-1,-1,2,0,2,0,2,0,0,0,0,2,2,2,2,2,2,2,2
103,3366.432,-892.979,144.889,-128.408,-0.620932,0.783300,-0.029745,-0.783200,-0.618396,0.064677,0.032267,0.063456,0.997463,0,0.52050,0.88976,21.705,1.486,-1,703.137,-1,645.133,-1,539.398,526.413,651.174,454.695,-1,-1,-1,-1,-1,-1,-1,-1,2,0,2,0,2,0,0,0,0,2,2,2,2,2,2,2,2
104,3361.636,-906.713,144.907,-127.417,-0.607285,0.793934,-0.029543,-0.793796,-0.604793,0.064134,0.033051,0.062399,0.997504,0,0.52050,0.88976,14.547,0.990,-1,702.242,-1,646.693,-1,539.650,527.230,648.318,454.342,-1,-1,-1,-1,-1,-1,-1,-1,2,0,2,0,2,0,0,0,0,2,2,2,2,2,2,2,2
105,3356.110,-924.069,145.054,-126.147,-0.589525,0.807221,-0.029235,-0.807037,-0.587098,0.063304,0.033937,0.060913,0.997566,0,0.52050,0.88976,18.215,1.270,-1,700.919,-1,649.298,-1,539.978,528.354,644.689,454.787,-1,-1,-1,-1,-1,-1,-1,-1,2,0,2,0,2,0,0,0,0,2,2,2,2,2,2,2,2
106,3350.776,-941.688,145.311,-124.877,-0.571470,0.820131,-0.028410,-0.819873,-0.569126,0.062478,0.035072,0.058997,0.997642,0,0.52050,0.88976,18.408,1.270,-1,700.387,-1,653.344,-1,541.083,530.382,640.199,456.293,-1,-1,-1,-1,-1,-1,-1,-1,2,0,2,0,2,0,0,0,0,2,2,2,2,2,2,2,2
107,3345.581,-959.639,145.645,-123.645,-0.553664,0.832314,-0.026658,-0.831917,-0.551409,0.062147,0.037027,0.056586,0.997711,0,0.52050,0.88976,18.688,1.233,-1,702.938,-1,660.699,-1,543.913,534.595,634.681,458.990,-1,-1,-1,-1,-1,-1,-1,-1,2,0,2,0,2,0,0,0,0,2,2,2,2,2,2,2,2
108,3340.402,-977.846,145.986,-122.485,-0.536657,0.843454,-0.024183,-0.842884,-0.534519,0.061934,0.039312,0.053621,0.997787,0,0.52050,0.88976,18.930,1.160,-1,706.624,-1,670.051,-1,547.579,539.741,627.696,463.327,-1,-1,-1,-1,-1,-1,-1,-1,2,0,2,0,2,0,0,0,0,2,2,2,2,2,2,2,2
109,3335.079,-996.146,146.474,-121.494,-0.521942,0.852731,-0.020634,-0.851942,-0.519959,0.061949,0.042097,0.049913,0.997866,0,0.52050,0.88976,19.058,0.991,-1,712.120,-1,682.615,-1,552.841,546.626,619.346,469.814,-1,-1,-1,-1,-1,-1,-1,-1,2,0,2,0,2,0,0,0,0,2,2,2,2,2,2,2,2
110,3329.988,-1014.548,147.039,-120.503,-0.507089,0.861687,-0.018886,-0.860777,-0.505196,0.061976,0.043863,0.047684,0.997899,0,0.52050,0.88976,19.094,0.991,-1,715.788,-1,690.911,-1,556.148,551.258,615.673,473.586,-1,-1,-1,-1,-1,-1,-1,-1,2,0,2,0,2,0,0,0,0,2,2,2,2,2,2,2,2
111,3324.986,-1032.969,147.757,-119.502,-0.491973,0.870408,-0.018799,-0.869480,-0.490119,0.061552,0.044361,0.046627,0.997927,0,0.52050,0.88976,19.088,1.000,-1,717.939,-1,694.543,-1,557.367,553.302,615.810,475.350,-1,-1,-1,-1,-1,-1,-1,-1,2,0,2,0,2,0,0,0,0,2,2,2,2,2,2,2,2
112,3320.073,-1051.463,148.632,-118.518,-0.476975,0.878692,-0.019902,-0.877806,-0.475111,0.061045,0.044184,0.046587,0.997937,0,0.52050,0.88976,19.135,0.984,-1,721.690,-1,695.511,-1,557.867,554.043,619.380,476.761,-1,-1,-1,-1,-1,-1,-1,-1,2,0,2,0,2,0,0,0,0,2,2,2,2,2,2,2,2
113,3315.277,-1070.136,149.553,-117.567,-0.462337,0.886455,-0.021024,-0.885604,-0.460452,0.060742,0.044164,0.046702,0.997932,0,0.52050,0.88976,19.279,0.951,-1,726.709,-1,696.978,-1,558.819,554.998,623.613,479.384,-1,-1,-1,-1,-1,-1,-1,-1,2,0,2,0,2,0,0,0,0,2,2,2,2,2,2,2,2
114,3310.644,-1088.964,150.501,-116.640,-0.447938,0.893813,-0.021214,-0.892944,-0.446062,0.060664,0.044759,0.046117,0.997933,0,0.52050,0.88976,19.390,0.927,-1,733.370,-1,701.248,-1,560.888,557.727,626.018,483.641,-1,-1,-1,-1,-1,-1,-1,-1,2,0,2,0,2,0,0,0,0,2,2,2,2,2,2,2,2
115,3306.053,-1107.875,151.387,-115.751,-0.434019,0.900666,-0.020707,-0.899769,-0.432205,0.060117,0.045196,0.044723,0.997977,0,0.43371,0.65009,19.461,0.889,-1,738.183,-1,705.719,-1,562.333,560.246,626.058,489.452,-1,-1,-1,-1,-1,-1,-1,-1,2,0,2,0,2,0,0,0,0,2,2,2,2,2,2,2,2
116,3301.001,-1130.609,152.298,-114.681,-0.417151,0.908608,-0.020417,-0.907723,-0.415422,0.058860,0.044999,0.043087,0.998057,0,0.43371,0.65009,23.288,1.070,-1,744.292,-1,708.098,-1,562.976,560.962,625.532,495.346,-1,-1,-1,-1,-1,-1,-1,-1,2,0,2,0,2,0,0,0,0,2,2,2,2,2,2,2,2
117,3297.896,-1145.791,152.833,-113.968,-0.405819,0.913734,-0.020046,-0.912864,-0.404167,0.057694,0.044615,0.041713,0.998133,0,0.43371,0.65009,15.496,0.714,-1,746.528,-1,708.854,-1,562.498,560.645,624.030,499.397,-1,-1,-1,-1,-1,-1,-1,-1,2,0,2,0,2,0,0,0,0,2,2,2,2,2,2,2,2
118,3294.226,-1164.802,153.464,-113.094,-0.391869,0.919823,-0.019111,-0.918970,-0.390344,0.055901,0.043959,0.039468,0.998253,0,0.43371,0.65009,19.362,0.873,-1,747.529,-1,710.141,-1,561.272,560.069,620.457,505.513,-1,-1,-1,-1,-1,-1,-1,-1,2,0,2,0,2,0,0,0,0,2,2,2,2,2,2,2,2
119,3290.778,-1183.848,154.112,-112.240,-0.378134,0.925579,-0.017840,-0.924742,-0.376753,0.053936,0.043201,0.036893,0.998385,0,0.43371,0.65009,19.355,0.854,-1,748.003,-1,711.534,-1,559.799,559.983,616.039,512.455,-1,-1,-1,-1,-1,-1,-1,-1,2,0,2,0,2,0,0,0,0,2,2,2,2,2,2,2,2
120,3287.341,-1202.971,154.708,-111.422,-0.364905,0.930900,-0.016400,-0.930072,-0.363662,0.052120,0.042555,0.034272,0.998506,0,0.43371,0.65009,19.429,0.818,-1,748.970,-1,713.477,-1,558.507,559.957,611.438,519.693,-1,-1,-1,-1,-1,-1,-1,-1,2,0,2,0,2,0,0,0,0,2,2,2,2,2,2,2,2
121,3283.914,-1222.199,155.317,-110.660,-0.352498,0.935689,-0.015175,-0.934854,-0.351357,0.050951,0.042343,0.032146,0.998586,0,0.43371,0.65009,19.532,0.763,-1,753.241,-1,716.473,-1,559.927,560.923,608.509,525.306,-1,-1,-1,-1,-1,-1,-1,-1,2,0,2,0,2,0,0,0,0,2,2,2,2,2,2,2,2
122,3280.643,-1241.524,155.957,-109.924,-0.340462,0.940142,-0.014819,-0.939300,-0.339361,0.050488,0.042437,0.031109,0.998615,0,0.43371,0.65009,19.599,0.736,-1,760.924,-1,720.775,-1,563.152,562.455,608.753,528.464,-1,-1,-1,-1,-1,-1,-1,-1,2,0,2,0,2,0,0,0,0,2,2,2,2,2,2,2,2
123,3277.526,-1260.861,156.627,-109.170,-0.328077,0.944524,-0.015484,-0.943722,-0.326983,0.049696,0.041876,0.030916,0.998644,0,0.43371,0.65009,19.587,0.754,-1,767.502,-1,722.772,-1,564.970,563.566,611.108,529.484,-1,-1,-1,-1,-1,-1,-1,-1,2,0,2,0,2,0,0,0,0,2,2,2,2,2,2,2,2
124,3274.487,-1280.237,157.339,-108.432,-0.315913,0.948650,-0.016187,-0.947905,-0.314837,0.048519,0.040932,0.030671,0.998691,0,0.43371,0.65009,19.612,0.738,-1,772.281,-1,723.916,-1,565.953,564.798,613.393,530.671,-1,-1,-1,-1,-1,-1,-1,-1,2,0,2,0,2,0,0,0,0,2,2,2,2,2,2,2,2
125,3271.407,-1299.627,158.053,-107.730,-0.304303,0.952430,-0.016627,-0.951769,-0.303281,0.046442,0.039190,0.029958,0.998783,0,0.43371,0.65009,19.634,0.702,-1,772.570,-1,722.834,-1,565.052,564.186,614.250,531.886,-1,-1,-1,-1,-1,-1,-1,-1,2,0,2,0,2,0,0,0,0,2,2,2,2,2,2,2,2
126,3268.354,-1319.061,158.835,-107.079,-0.293495,0.955807,-0.017141,-0.955250,-0.292539,0.043799,0.036849,0.029229,0.998893,0,0.43371,0.65009,19.672,0.651,-1,764.129,-1,720.828,-1,564.053,562.373,615.220,533.773,-1,-1,-1,-1,-1,-1,-1,-1,2,0,2,0,2,0,0,0,0,2,2,2,2,2,2,2,2
127,3265.363,-1338.647,159.633,-106.463,-0.283222,0.958892,-0.017646,-0.958406,-0.282306,0.041971,0.035264,0.028799,0.998963,0,0.43371,0.65009,19.813,0.616,-1,758.208,-1,722.317,-1,565.784,562.478,617.346,535.347,-1,-1,-1,-1,-1,-1,-1,-1,2,0,2,0,2,0,0,0,0,2,2,2,2,2,2,2,2
128,3262.391,-1358.365,160.428,-105.878,-0.273426,0.961725,-0.017976,-0.961281,-0.272538,0.040754,0.034295,0.028423,0.999008,0,0.43371,0.65009,19.940,0.585,-1,754.349,-1,725.839,-1,569.156,565.309,619.938,536.861,-1,-1,-1,-1,-1,-1,-1,-1,2,0,2,0,2,0,0,0,0,2,2,2,2,2,2,2,2
129,3259.554,-1378.191,161.170,-105.297,-0.263680,0.964440,-0.018094,-0.964033,-0.262827,0.039521,0.033360,0.027864,0.999055,0,0.43371,0.65009,20.028,0.581,-1,750.289,-1,729.394,-1,572.823,568.741,621.828,538.203,-1,-1,-1,-1,-1,-1,-1,-1,2,0,2,0,2,0,0,0,0,2,2,2,2,2,2,2,2
130,3256.802,-1398.130,161.776,-104.738,-0.254261,0.966965,-0.018184,-0.966597,-0.253447,0.038144,0.032276,0.027276,0.999107,0,0.43371,0.65009,20.128,0.560,-1,745.445,-1,732.242,-1,575.662,571.368,623.150,538.859,-1,-1,-1,-1,-1,-1,-1,-1,2,0,2,0,2,0,0,0,0,2,2,2,2,2,2,2,2
131,3254.129,-1418.130,162.325,-104.194,-0.245087,0.969328,-0.018293,-0.969015,-0.244324,0.036261,0.030680,0.026614,0.999175,0,0.43371,0.65009,20.178,0.544,-1,737.461,-1,733.271,-1,577.159,572.739,623.994,539.580,-1,-1,-1,-1,-1,-1,-1,-1,2,0,2,0,2,0,0,0,0,2,2,2,2,2,2,2,2
132,3251.609,-1438.265,162.835,-103.650,-0.235886,0.971601,-0.018710,-0.971333,-0.235150,0.034872,0.029482,0.026399,0.999217,0,0.43371,0.65009,20.292,0.544,-1,727.716,-1,735.064,-1,579.763,575.107,625.949,539.759,-1,-1,-1,-1,-1,-1,-1,-1,2,0,2,0,2,0,0,0,0,2,2,2,2,2,2,2,2
133,3249.192,-1458.531,163.345,-103.108,-0.226696,0.973769,-0.019542,-0.973542,-0.225961,0.034012,0.028704,0.026736,0.999230,0,0.43371,0.65009,20.409,0.542,-1,719.305,-1,737.770,-1,584.122,578.665,629.346,538.760,-1,-1,-1,-1,-1,-1,-1,-1,2,0,2,0,2,0,0,0,0,2,2,2,2,2,2,2,2
134,3246.802,-1478.842,163.979,-102.594,-0.217953,0.975750,-0.020208,-0.975559,-0.217224,0.033157,0.027964,0.026941,0.999246,0,0.43371,0.65009,20.452,0.514,-1,712.152,-1,742.060,-1,588.958,582.711,632.815,538.663,-1,-1,-1,-1,-1,-1,-1,-1,2,0,2,0,2,0,0,0,0,2,2,2,2,2,2,2,2
135,3244.464,-1499.166,164.697,-102.101,-0.209569,0.977565,-0.021170,-0.977441,-0.208863,0.031399,0.026273,0.027272,0.999283,0,0.43371,0.65009,20.458,0.492,-1,706.628,-1,742.402,-1,591.481,584.819,637.052,538.414,-1,-1,-1,-1,-1,-1,-1,-1,2,0,2,0,2,0,0,0,0,2,2,2,2,2,2,2,2
136,3242.281,-1519.508,165.488,-101.623,-0.201414,0.979260,-0.021940,-0.979222,-0.200765,0.028603,0.023605,0.027245,0.999350,0,0.43371,0.65009,20.459,0.478,-1,698.400,-1,739.964,-1,591.172,584.798,640.525,539.191,-1,-1,-1,-1,-1,-1,-1,-1,2,0,2,0,2,0,0,0,0,2,2,2,2,2,2,2,2
137,3240.295,-1539.954,166.311,-101.142,-0.193192,0.980901,-0.022575,-0.980935,-0.192603,0.025892,0.021050,0.027147,0.999410,0,0.43371,0.65009,20.542,0.481,-1,690.584,-1,738.387,-1,591.652,585.078,643.934,540.522,-1,-1,-1,-1,-1,-1,-1,-1,2,0,2,0,2,0,0,0,0,2,2,2,2,2,2,2,2
138,3238.501,-1560.570,167.084,-100.646,-0.184709,0.982516,-0.023334,-0.982602,-0.184153,0.024126,0.019407,0.027385,0.999437,0,0.43371,0.65009,20.694,0.495,-1,-1,-1,740.457,-1,594.530,587.211,648.335,541.541,-1,-1,-1,-1,-1,-1,-1,-1,2,2,2,0,2,0,0,0,0,2,2,2,2,2,2,2,2
139,3236.780,-1581.358,167.800,-100.165,-0.176458,0.984023,-0.023678,-0.984124,-0.175909,0.023563,0.019021,0.027460,0.999442,0,0.43371,0.65009,20.859,0.481,-1,-1,-1,745.912,-1,600.547,592.784,652.265,542.926,-1,-1,-1,-1,-1,-1,-1,-1,2,2,2,0,2,0,0,0,0,2,2,2,2,2,2,2,2
140,3235.056,-1602.238,168.438,-99.720,-0.168797,0.985365,-0.023730,-0.985464,-0.168248,0.023519,0.019182,0.027355,0.999442,0,0.38971,0.74441,20.951,0.446,-1,-1,-1,752.707,-1,607.403,599.827,655.424,544.550,-1,-1,-1,-1,-1,-1,-1,-1,2,2,2,0,2,0,0,0,0,2,2,2,2,2,2,2,2
141,3233.430,-1623.091,168.982,-99.297,-0.161517,0.986586,-0.023676,-0.986695,-0.160990,0.022703,0.018587,0.027028,0.999462,0,0.38971,0.74441,20.916,0.423,-1,-1,-1,757.538,-1,603.955,604.623,657.135,546.311,-1,-1,-1,-1,-1,-1,-1,-1,2,2,2,0,2,0,0,0,0,2,2,2,2,2,2,2,2
142,3232.089,-1643.939,169.421,-98.850,-0.153827,0.987808,-0.023948,-0.987947,-0.153335,0.021194,0.017263,0.026919,0.999489,0,0.38971,0.74441,20.891,0.446,-1,-1,-1,759.788,-1,598.591,606.532,659.394,547.341,-1,-1,-1,-1,-1,-1,-1,-1,2,2,2,0,2,0,0,0,0,2,2,2,2,2,2,2,2
143,3231.060,-1664.822,169.738,-98.363,-0.145423,0.989058,-0.024838,-0.989245,-0.144961,0.019516,0.015702,0.027409,0.999501,0,0.38971,0.74441,20.909,0.487,-1,-1,-1,759.053,-1,592.306,607.741,663.057,546.653,-1,-1,-1,-1,-1,-1,-1,-1,2,2,2,0,2,0,0,0,0,2,2,2,2,2,2,2,2
144,3230.219,-1685.751,170.006,-97.863,-0.136784,0.990267,-0.025711,-0.990497,-0.136347,0.018045,0.014364,0.027935,0.999507,0,0.38971,0.74441,20.946,0.500,-1,-1,-1,758.074,-1,586.311,609.407,666.713,545.732,-1,-1,-1,-1,-1,-1,-1,-1,2,2,2,0,2,0,0,0,0,2,2,2,2,2,2,2,2
145,3229.447,-1706.757,170.201,-97.369,-0.128249,0.991386,-0.026584,-0.991649,-0.127823,0.017145,0.013600,0.028561,0.999500,0,0.38971,0.74441,21.020,0.494,-1,-1,-1,759.470,-1,581.516,612.316,670.535,544.430,-1,-1,-1,-1,-1,-1,-1,-1,2,2,2,0,2,0,0,0,0,2,2,2,2,2,2,2,2
146,3228.767,-1727.797,170.367,-96.895,-0.120031,0.992397,-0.027220,-0.992683,-0.119612,0.016534,0.013153,0.029006,0.999493,0,0.38971,0.74441,21.051,0.475,-1,-1,-1,761.989,-1,579.390,615.037,673.753,543.494,-1,-1,-1,-1,-1,-1,-1,-1,2,2,2,0,2,0,0,0,0,2,2,2,2,2,2,2,2
