timestep,x_cm,y_cm,z_cm,yaw_deg,basis_xx,basis_xy,basis_xz,basis_yx,basis_yy,basis_yz,basis_zx,basis_zy,basis_zz,teleport_flag,throttle_cmd,steering_cmd,cmd_move_cm,cmd_turn_deg,lidar_cm_0,lidar_cm_1,lidar_cm_2,lidar_cm_3,lidar_cm_4,lidar_cm_5,lidar_cm_6,lidar_cm_7,lidar_cm_8,lidar_cm_9,lidar_cm_10,lidar_cm_11,lidar_cm_12,lidar_cm_13,lidar_cm_14,lidar_cm_15,lidar_cm_16,lidar_class_0,lidar_class_1,lidar_class_2,lidar_class_3,lidar_class_4,lidar_class_5,lidar_class_6,lidar_class_7,lidar_class_8,lidar_class_9,lidar_class_10,lidar_class_11,lidar_class_12,lidar_class_13,lidar_class_14,lidar_class_15,lidar_class_16
0,327.961,327.994,89.520,14.065,0.969755,-0.242593,-0.026905,0.240366,0.968335,-0.067461,0.042419,0.058954,0.997359,1,0.00000,0.00000,4.800,0.240,-1,400.000,-1,375.000,-1,325.000,325.000,300.000,300.000,-1,525.000,550.000,-1,850.000,675.000,-1,-1,2,0,2,0,2,0,0,0,0,2,0,0,2,0,0,2,2
1,332.623,329.141,89.722,13.825,0.970758,-0.238533,-0.027038,0.236308,0.969340,-0.067373,0.042280,0.059013,0.997361,0,0.08000,-0.12000,4.800,-0.240,-1,400.000,-1,375.000,-1,325.000,325.000,300.000,300.000,-1,525.000,550.000,-1,850.000,675.000,-1,-1,2,0,2,0,2,0,0,0,0,2,0,0,2,0,0,2,2
2,341.964,331.357,90.121,13.345,0.972712,-0.230403,-0.027307,0.228182,0.971297,-0.067190,0.042004,0.059126,0.997366,0,0.16000,-0.24000,9.600,-0.480,-1,400.000,-1,375.000,-1,325.000,325.000,300.000,300.000,-1,525.000,575.000,-1,850.000,675.000,-1,-1,2,0,2,0,2,0,0,0,0,2,0,0,2,0,0,2,2
3,356.016,334.504,90.708,12.625,0.975515,-0.218177,-0.027717,0.215962,0.974107,-0.066902,0.041595,0.059278,0.997375,0,0.24000,-0.36000,14.400,-0.720,-1,400.000,-1,375.000,-1,325.000,325.000,300.000,300.000,-1,525.000,575.000,-1,850.000,675.000,-1,-1,2,0,2,0,2,0,0,0,0,2,0,0,2,0,0,2,2
4,374.820,338.386,91.468,11.665,0.979014,-0.201824,-0.028274,0.199616,0.977616,-0.066491,0.041061,0.059452,0.997386,0,0.32000,-0.48000,19.200,-0.960,-1,400.000,-1,375.000,-1,325.000,325.000,300.000,300.000,-1,550.000,575.000,-1,850.000,650.000,-1,-1,2,0,2,0,2,0,0,0,0,2,0,0,2,0,0,2,2
5,398.418,342.761,92.384,10.502,0.982882,-0.181942,-0.028991,0.179741,0.981501,-0.065942,0.040453,0.059602,0.997402,0,0.40000,-0.58140,24.000,-1.163,-1,400.000,-1,375.000,-1,325.000,300.000,300.000,300.000,-1,550.000,575.000,-1,850.000,650.000,-1,1000.000,2,0,2,0,2,0,0,0,0,2,0,0,2,0,0,2,1
6,426.837,347.434,93.434,9.339,0.986339,-0.161992,-0.029889,0.159794,0.984992,-0.065246,0.040010,0.059579,0.997421,0,0.48000,-0.58123,28.800,-1.162,-1,400.000,-1,375.000,-1,325.000,300.000,300.000,300.000,-1,550.000,575.000,-1,850.000,650.000,-1,975.000,2,0,2,0,2,0,0,0,0,2,0,0,2,0,0,2,1
7,460.096,352.213,94.607,8.177,0.989384,-0.141983,-0.030971,0.139781,0.988087,-0.064388,0.039744,0.059375,0.997444,0,0.56000,-0.58108,33.600,-1.162,-1,400.000,-1,375.000,1000.000,325.000,300.000,300.000,300.000,-1,575.000,600.000,-1,850.000,650.000,-1,950.000,2,0,2,0,1,0,0,0,0,2,0,0,2,0,0,2,1
8,498.209,356.903,95.890,7.015,0.992016,-0.121923,-0.032242,0.119713,0.990785,-0.063351,0.039669,0.058986,0.997470,0,0.64000,-0.58087,38.400,-1.162,-1,400.000,-1,375.000,975.000,325.000,300.000,300.000,300.000,-1,575.000,600.000,-1,850.000,650.000,-1,925.000,2,0,2,0,1,0,0,0,0,2,0,0,2,0,0,2,1
9,541.184,361.309,97.270,5.854,0.994231,-0.101827,-0.033705,0.099603,0.993086,-0.062124,0.039798,0.058408,0.997499,0,0.72000,-0.58050,43.200,-1.161,-1,400.000,-1,375.000,950.000,325.000,300.000,300.000,300.000,-1,575.000,625.000,-1,875.000,650.000,-1,900.000,2,0,2,0,1,0,0,0,0,2,0,0,2,0,0,2,1
10,589.024,365.237,98.737,4.695,0.996029,-0.081709,-0.035367,0.079469,0.994988,-0.060693,0.040149,0.057641,0.997530,0,0.80000,-0.57988,48.000,-1.160,-1,400.000,-1,375.000,900.000,325.000,300.000,300.000,300.000,-1,500.000,625.000,-1,850.000,650.000,-1,850.000,2,0,2,0,1,0,0,0,0,2,0,0,2,1,0,2,1
11,641.724,368.493,100.371,3.537,0.997416,-0.061592,-0.036996,0.059358,0.996509,-0.058708,0.040483,0.056360,0.997589,0,0.88000,-0.57891,52.800,-1.158,-1,400.000,975.000,375.000,875.000,325.000,300.000,300.000,300.000,-1,450.000,600.000,-1,800.000,650.000,-1,800.000,2,0,1,0,1,0,0,0,0,2,0,0,2,1,0,2,1
12,699.275,370.885,102.861,2.382,0.998419,-0.041499,-0.037903,0.039369,0.997693,-0.055311,0.040111,0.053732,0.997749,0,0.96000,-0.57748,57.600,-1.155,-1,400.000,900.000,375.000,825.000,325.000,300.000,300.000,300.000,-1,475.000,625.000,-1,775.000,650.000,-1,750.000,2,0,1,0,1,0,0,0,0,2,0,0,2,1,0,2,1
13,759.261,372.172,105.563,1.231,0.999014,-0.021453,-0.038869,0.019402,0.998439,-0.052377,0.039932,0.051571,0.997871,0,1.00000,-0.57548,60.000,-1.151,-1,400.000,825.000,350.000,775.000,325.000,300.000,300.000,300.000,-1,500.000,650.000,-1,725.000,625.000,-1,700.000,2,0,1,0,1,0,0,0,0,2,0,0,2,1,1,2,1
14,819.262,372.260,108.199,0.085,0.999203,-0.001490,-0.039897,-0.000483,0.998779,-0.049394,0.039922,0.049374,0.997982,0,1.00000,-0.57272,60.000,-1.145,-1,400.000,775.000,350.000,725.000,325.000,300.000,300.000,300.000,-1,500.000,675.000,-1,675.000,575.000,-1,650.000,2,0,1,0,1,0,0,0,0,2,0,0,2,1,1,2,1
15,879.252,371.156,110.779,-1.053,0.998991,0.018351,-0.040986,-0.020249,0.998719,-0.046379,0.040082,0.047162,0.998083,0,1.00000,-0.56905,60.000,-1.138,-1,400.000,700.000,375.000,675.000,325.000,300.000,325.000,300.000,-1,500.000,675.000,-1,600.000,550.000,-1,600.000,2,0,1,0,1,0,0,0,0,2,0,0,2,1,1,2,1
16,939.209,368.870,113.313,-2.182,0.998388,0.038027,-0.042135,-0.039852,0.998265,-0.043348,0.040414,0.044958,0.998171,0,1.00000,-0.56444,60.000,-1.129,-1,400.000,625.000,375.000,625.000,325.000,300.000,325.000,300.000,-1,525.000,675.000,-1,550.000,500.000,-1,550.000,2,0,1,0,1,0,0,0,0,2,0,0,2,1,1,2,1
17,999.110,365.416,115.813,-3.299,0.997404,0.057497,-0.043347,-0.059251,0.997429,-0.040319,0.040918,0.042783,0.998246,0,1.00000,-0.55883,60.000,-1.118,-1,375.000,575.000,375.000,575.000,300.000,300.000,325.000,325.000,-1,525.000,675.000,-1,500.000,450.000,875.000,500.000,2,1,1,1,1,0,0,0,0,2,0,0,2,1,1,1,1
18,1058.933,360.808,118.287,-4.403,0.996054,0.076716,-0.044625,-0.078401,0.996224,-0.037307,0.041594,0.040659,0.998307,0,1.00000,-0.55215,60.000,-1.104,-1,350.000,525.000,350.000,525.000,300.000,300.000,325.000,325.000,-1,525.000,675.000,-1,450.000,425.000,650.000,450.000,2,1,1,1,1,1,1,0,0,2,0,0,2,1,1,1,1
19,1118.658,355.064,120.747,-5.492,0.994354,0.095638,-0.045971,-0.097255,0.994667,-0.034328,0.042443,0.038605,0.998353,0,1.00000,-0.54433,60.000,-1.089,-1,300.000,450.000,300.000,475.000,275.000,275.000,325.000,325.000,-1,525.000,675.000,-1,400.000,375.000,525.000,400.000,2,1,1,1,1,1,1,0,0,2,0,0,2,1,1,1,1
20,1178.265,348.205,123.203,-6.563,0.992325,0.114214,-0.047389,-0.115766,0.992780,-0.031397,0.043461,0.036642,0.998383,0,1.00000,-0.53529,60.000,-1.071,-1,275.000,400.000,275.000,400.000,225.000,250.000,325.000,325.000,-1,500.000,675.000,-1,350.000,325.000,425.000,350.000,2,1,1,1,1,1,1,0,0,2,0,0,2,1,1,1,1
21,1237.736,340.256,125.663,-7.613,0.989991,0.132393,-0.048885,-0.133882,0.990587,-0.028527,0.044648,0.034787,0.998397,0,1.00000,-0.52491,60.000,-1.050,-1,225.000,350.000,225.000,350.000,200.000,200.000,325.000,325.000,-1,450.000,675.000,-1,300.000,275.000,350.000,300.000,2,1,1,1,1,1,1,0,0,2,0,0,2,1,1,1,1
22,1297.057,331.247,129.751,-8.639,0.987081,0.150085,-0.056087,-0.151999,0.987877,-0.031551,0.050672,0.039669,0.997927,0,1.00000,-0.51307,60.000,-1.026,450.000,200.000,300.000,200.000,300.000,175.000,175.000,350.000,300.000,-1,375.000,525.000,-1,250.000,250.000,275.000,250.000,1,1,1,1,1,1,1,0,0,2,0,0,2,1,1,1,1
23,1356.216,321.219,137.712,-9.638,0.982868,0.167119,-0.077732,-0.171093,0.984105,-0.047580,0.068545,0.060065,0.995838,0,1.00000,-0.49962,60.000,-0.999,-1,175.000,275.000,175.000,250.000,150.000,150.000,400.000,300.000,-1,275.000,250.000,-1,225.000,225.000,275.000,225.000,2,1,1,1,1,1,1,0,0,2,0,0,2,1,1,1,1
24,-3607.627,-6231.356,-117.047,-56.028,0.558785,0.829312,-0.000958,-0.829300,0.558782,0.004897,0.004596,-0.001942,0.999988,1,0.00000,0.00000,60.000,-0.969,-1,375.000,-1,375.000,1000.000,300.000,300.000,300.000,300.000,-1,525.000,675.000,-1,700.000,625.000,-1,-1,2,0,2,0,0,0,0,0,0,2,0,0,2,0,0,2,2
25,-3604.962,-6235.348,-116.998,-56.268,0.555306,0.831646,-0.001142,-0.831632,0.555304,0.005113,0.004886,-0.001889,0.999986,0,0.08000,-0.12000,4.800,-0.240,-1,375.000,-1,375.000,-1,300.000,300.000,300.000,300.000,-1,525.000,650.000,-1,700.000,625.000,-1,-1,2,0,2,0,2,0,0,0,0,2,0,0,2,0,0,2,2
26,-3599.698,-6243.376,-116.900,-56.748,0.548318,0.836269,-0.001505,-0.836252,0.548317,0.005554,0.005470,-0.001787,0.999983,0,0.16000,-0.24000,9.600,-0.480,-1,375.000,-1,375.000,-1,300.000,300.000,300.000,300.000,-1,525.000,625.000,-1,700.000,625.000,-1,-1,2,0,2,0,2,0,0,0,0,2,0,0,2,0,0,2,2
27,-3591.954,-6255.517,-116.756,-57.468,0.537764,0.843093,-0.002036,-0.843071,0.537765,0.006241,0.006357,-0.001640,0.999978,0,0.24000,-0.36000,14.400,-0.720,-1,375.000,-1,375.000,-1,300.000,300.000,300.000,300.000,-1,500.000,600.000,-1,700.000,625.000,-1,-1,2,0,2,0,2,0,0,0,0,2,0,0,2,0,0,2,2
28,-3581.901,-6271.875,-116.567,-58.428,0.523559,0.851985,-0.002717,-0.851956,0.523565,0.007200,0.007556,-0.001455,0.999970,0,0.32000,-0.48000,19.200,-0.960,-1,375.000,-1,375.000,-1,300.000,300.000,300.000,300.000,-1,475.000,575.000,-1,700.000,625.000,-1,-1,2,0,2,0,2,0,0,0,0,2,0,0,2,0,0,2,2
29,-3569.767,-6292.581,-116.338,-59.628,0.505596,0.862763,-0.003522,-0.862722,0.505607,0.008465,0.009084,-0.001241,0.999958,0,0.40000,-0.60000,24.000,-1.200,-1,375.000,-1,375.000,-1,300.000,300.000,300.000,300.000,-1,450.000,550.000,-1,700.000,625.000,-1,-1,2,0,2,0,2,0,0,0,0,2,0,0,2,0,0,2,2
30,-3555.834,-6317.787,-116.072,-61.068,0.483747,0.875197,-0.004417,-0.875139,0.483766,0.010077,0.010956,-0.001009,0.999939,0,0.48000,-0.72000,28.800,-1.440,-1,375.000,-1,375.000,-1,300.000,300.000,300.000,300.000,-1,400.000,475.000,-1,700.000,625.000,-1,-1,2,0,2,0,2,0,0,0,0,2,0,0,2,0,0,2,2
31,-3540.388,-6347.626,-115.783,-62.631,0.459685,0.888066,-0.005365,-0.887984,0.459716,0.012069,0.013185,-0.000784,0.999913,0,0.56000,-0.78145,33.600,-1.563,-1,375.000,-1,375.000,-1,325.000,300.000,325.000,300.000,-1,375.000,425.000,-1,700.000,625.000,-1,-1,2,0,2,0,2,0,0,0,0,2,0,0,2,0,0,2,2
32,-3523.671,-6382.196,-115.477,-64.193,0.435294,0.900266,-0.006323,-0.900150,0.435339,0.014496,0.015803,-0.000618,0.999875,0,0.64000,-0.78095,38.400,-1.562,-1,400.000,-1,350.000,-1,325.000,300.000,325.000,300.000,-1,350.000,375.000,-1,700.000,625.000,-1,-1,2,0,2,0,2,0,0,0,0,2,0,0,2,0,0,2,2
33,-3506.358,-6420.637,-115.167,-65.754,0.410594,0.911790,-0.007243,-0.911626,0.410657,0.017288,0.018737,-0.000496,0.999824,0,0.70265,-0.78039,42.159,-1.561,-1,375.000,-1,350.000,-1,325.000,300.000,325.000,300.000,-1,300.000,350.000,-1,700.000,625.000,-1,-1,2,0,2,0,2,0,0,0,0,2,0,0,2,0,0,2,2
34,-3490.098,-6459.532,-114.531,-67.313,0.385639,0.922627,-0.006448,-0.922417,0.385689,0.019755,0.020714,-0.001670,0.999784,0,0.70261,-0.77977,42.157,-1.560,-1,375.000,-1,350.000,-1,300.000,300.000,325.000,300.000,-1,300.000,350.000,-1,700.000,625.000,-1,-1,2,0,2,0,2,0,0,0,0,2,0,0,2,0,0,2,2
35,-3474.904,-6498.852,-113.851,-68.872,0.360430,0.932771,-0.005296,-0.932510,0.360455,0.022309,0.022718,-0.003102,0.999737,0,0.70257,-0.77915,42.154,-1.558,-1,375.000,-1,350.000,-1,300.000,300.000,325.000,300.000,-1,300.000,350.000,-1,675.000,625.000,-1,-1,2,0,2,0,2,0,0,0,0,2,0,0,2,0,0,2,2
36,-3460.783,-6538.570,-112.885,-70.429,0.335006,0.942211,-0.003215,-0.941868,0.334973,0.026038,0.025610,-0.005694,0.999656,0,0.70255,-0.77853,42.153,-1.557,-1,375.000,-1,350.000,-1,300.000,300.000,300.000,300.000,-1,300.000,325.000,-1,675.000,625.000,-1,-1,2,0,2,0,2,0,0,0,0,2,0,0,2,0,0,2,2
37,-3447.747,-6578.655,-111.924,-71.985,0.309374,0.950940,-0.000878,-0.950513,0.309262,0.029707,0.028521,-0.008357,0.999558,0,0.70252,-0.77789,42.151,-1.556,-1,375.000,-1,350.000,-1,300.000,300.000,300.000,300.000,-1,275.000,325.000,-1,675.000,650.000,-1,-1,2,0,2,0,2,0,0,0,0,2,0,0,2,0,0,2,2
38,-3435.803,-6619.078,-110.913,-73.539,0.283548,0.958957,0.001552,-0.958448,0.283345,0.033071,0.031274,-0.010864,0.999452,0,0.70251,-0.77726,42.150,-1.555,-1,375.000,-1,375.000,-1,300.000,300.000,300.000,300.000,-1,275.000,325.000,-1,675.000,650.000,-1,-1,2,0,2,0,2,0,0,0,0,2,0,0,2,0,0,2,2
39,-3424.960,-6659.809,-109.248,-75.092,0.257465,0.966286,0.001941,-0.965730,0.257248,0.034497,0.032835,-0.010756,0.999403,0,0.70250,-0.77661,42.150,-1.553,-1,375.000,-1,375.000,-1,300.000,300.000,300.000,300.000,-1,300.000,350.000,-1,675.000,650.000,-1,-1,2,0,2,0,2,0,0,0,0,2,0,0,2,0,0,2,2
40,-3415.223,-6700.819,-107.306,-76.644,0.231181,0.972910,0.001134,-0.972271,0.230986,0.036531,0.035279,-0.009548,0.999332,0,0.70249,-0.77597,42.149,-1.552,-1,375.000,-1,375.000,-1,300.000,300.000,300.000,325.000,-1,325.000,375.000,-1,675.000,675.000,-1,-1,2,0,2,0,2,0,0,0,0,2,0,0,2,0,0,2,2
41,-3406.600,-6742.077,-105.360,-78.195,0.204747,0.978815,0.000460,-0.978088,0.204577,0.038625,0.037713,-0.008358,0.999254,0,0.70249,-0.77531,42.150,-1.551,-1,375.000,-1,375.000,-1,300.000,300.000,300.000,325.000,-1,350.000,400.000,-1,700.000,675.000,-1,-1,2,0,2,0,2,0,0,0,0,2,0,0,2,0,0,2,2
42,-3399.096,-6783.554,-103.410,-79.744,0.178184,0.983997,-0.000079,-0.983178,0.178039,0.040772,0.040134,-0.007187,0.999168,0,0.70250,-0.77466,42.150,-1.549,-1,375.000,-1,375.000,-1,300.000,300.000,300.000,325.000,-1,375.000,400.000,-1,700.000,700.000,-1,-1,2,0,2,0,2,0,0,0,0,2,0,0,2,0,0,2,2
43,-3392.715,-6825.219,-101.459,-81.292,0.151512,0.988455,-0.000482,-0.987540,0.151393,0.042963,0.042540,-0.006033,0.999077,0,0.70251,-0.77400,42.151,-1.548,-1,375.000,-1,375.000,-1,300.000,300.000,300.000,325.000,-1,375.000,425.000,-1,725.000,700.000,-1,-1,2,0,2,0,2,0,0,0,0,2,0,0,2,0,0,2,2
44,-3387.460,-6867.042,-99.506,-82.839,0.124753,0.992188,-0.000748,-0.991170,0.124659,0.045191,0.044931,-0.004896,0.998978,0,0.70253,-0.77333,42.152,-1.547,-1,375.000,-1,375.000,-1,300.000,300.000,325.000,300.000,-1,400.000,425.000,-1,725.000,700.000,-1,-1,2,0,2,0,2,0,0,0,0,2,0,0,2,0,0,2,2
45,-3383.335,-6908.993,-97.552,-84.384,0.097926,0.995193,-0.000876,-0.994069,0.097857,0.047447,0.047305,-0.003775,0.998873,0,0.70255,-0.77267,42.153,-1.545,-1,375.000,-1,375.000,-1,300.000,300.000,325.000,300.000,-1,425.000,450.000,-1,725.000,725.000,-1,-1,2,0,2,0,2,0,0,0,0,2,0,0,2,0,0,2,2
46,-3380.342,-6951.042,-95.599,-85.928,0.071052,0.997472,-0.000866,-0.996236,0.071007,0.049723,0.049659,-0.002670,0.998763,0,0.70258,-0.77200,42.155,-1.544,-1,375.000,-1,375.000,-1,300.000,300.000,325.000,300.000,-1,425.000,450.000,-1,750.000,725.000,-1,-1,2,0,2,0,2,0,0,0,0,2,0,0,2,0,0,2,2
47,-3378.481,-6993.158,-93.646,-87.471,0.044150,0.999025,-0.000721,-0.997671,0.044128,0.052011,0.051992,-0.001577,0.998646,0,0.70262,-0.77132,42.157,-1.543,-1,375.000,-1,375.000,-1,325.000,325.000,325.000,300.000,-1,450.000,475.000,-1,750.000,750.000,-1,-1,2,0,2,0,2,0,0,0,0,2,0,0,2,0,0,2,2
48,-3377.754,-7035.312,-91.698,-89.012,0.017242,0.999851,-0.000450,-0.998376,0.017241,0.054294,0.054293,-0.000487,0.998525,0,0.70265,-0.77065,42.159,-1.541,-1,400.000,-1,400.000,-1,325.000,325.000,300.000,300.000,-1,400.000,425.000,-1,775.000,750.000,-1,-1,2,0,2,0,2,0,0,0,0,2,0,0,2,0,0,2,2
49,-3378.160,-7077.472,-89.756,-90.552,-0.009654,0.999953,-0.000055,-0.998352,-0.009635,0.056566,0.056563,0.000601,0.998399,0,0.70270,-0.76997,42.162,-1.540,-1,400.000,-1,400.000,-1,325.000,325.000,300.000,300.000,-1,375.000,400.000,-1,775.000,775.000,-1,-1,2,0,2,0,2,0,0,0,0,2,0,0,2,0,0,2,2
50,-3379.699,-7119.609,-87.820,-92.091,-0.036517,0.999333,0.000461,-0.997602,-0.036481,0.058820,0.058798,0.001688,0.998268,0,0.70274,-0.76930,42.165,-1.539,-1,400.000,-1,400.000,-1,325.000,325.000,300.000,300.000,-1,350.000,350.000,-1,800.000,800.000,-1,-1,2,0,2,0,2,0,0,0,0,2,0,0,2,0,0,2,2
51,-3382.367,-7161.692,-85.889,-93.628,-0.063327,0.997992,0.001098,-0.996127,-0.063276,0.061044,0.060991,0.002772,0.998134,0,0.70280,-0.76862,42.168,-1.537,-1,400.000,-1,400.000,-1,325.000,325.000,300.000,300.000,-1,325.000,325.000,-1,800.000,800.000,-1,-1,2,0,2,0,2,0,0,0,0,2,0,0,2,1,1,2,2
52,-3386.162,-7203.692,-83.802,-95.164,-0.090106,0.995932,0.001169,-0.993972,-0.090002,0.062602,0.062452,0.004479,0.998038,0,0.70285,-0.76794,42.171,-1.536,-1,400.000,-1,400.000,-1,325.000,325.000,300.000,300.000,-1,325.000,325.000,-1,775.000,800.000,-1,-1,2,0,2,0,2,0,0,0,0,2,0,0,2,1,1,2,2
53,-3391.081,-7245.579,-81.506,-96.698,-0.116802,0.993155,0.001067,-0.991191,-0.116639,0.062733,0.062428,0.006270,0.998030,0,0.70291,-0.76726,42.175,-1.535,-1,400.000,-1,400.000,-1,325.000,325.000,300.000,300.000,-1,350.000,350.000,-1,750.000,775.000,-1,-1,2,0,2,0,2,0,0,0,0,2,0,0,2,1,1,2,2
54,-3397.424,-7289.404,-78.996,-98.236,-0.143440,0.989658,0.001196,-0.987754,-0.143239,0.061837,0.061369,0.007689,0.998086,0,0.73803,-0.76863,44.282,-1.537,-1,400.000,-1,400.000,-1,325.000,325.000,300.000,300.000,-1,400.000,400.000,-1,725.000,750.000,-1,-1,2,0,2,0,2,0,0,0,0,2,0,0,2,1,1,2,2
55,-3404.949,-7333.074,-76.506,-99.777,-0.170056,0.985434,0.001212,-0.983592,-0.169813,0.060917,0.060235,0.009168,0.998142,0,0.73857,-0.77090,44.314,-1.542,-1,400.000,1000.000,400.000,-1,325.000,325.000,300.000,300.000,-1,475.000,475.000,-1,700.000,750.000,-1,-1,2,0,1,0,2,0,0,0,0,2,0,0,2,1,1,2,2
56,-3414.387,-7381.273,-73.761,-101.079,-0.192433,0.981309,0.001141,-0.979534,-0.192154,0.059910,0.059009,0.010411,0.998203,0,0.81857,-0.65090,49.114,-1.302,-1,400.000,1000.000,400.000,-1,325.000,325.000,300.000,300.000,-1,550.000,525.000,-1,650.000,725.000,-1,-1,2,0,1,0,2,0,0,0,0,2,0,0,2,1,1,2,2
57,-3425.726,-7433.981,-70.760,-102.141,-0.210611,0.977569,0.000985,-0.975865,-0.210304,0.058816,0.057704,0.011426,0.998268,0,0.89857,-0.53090,53.914,-1.062,-1,400.000,975.000,400.000,-1,325.000,325.000,300.000,300.000,-1,625.000,625.000,-1,625.000,700.000,-1,-1,2,0,1,0,2,0,0,0,0,2,0,0,2,1,1,2,2
58,-3438.352,-7488.836,-67.638,-102.963,-0.224632,0.974443,0.000760,-0.972812,-0.224301,0.057679,0.056375,0.012217,0.998335,0,0.93817,-0.41090,56.290,-0.822,-1,400.000,925.000,400.000,-1,325.000,325.000,300.000,300.000,-1,725.000,700.000,-1,575.000,675.000,975.000,-1,2,0,1,0,2,0,0,0,0,2,0,0,2,1,1,1,2
59,-3451.636,-7543.977,-64.498,-103.545,-0.234530,0.972109,0.000492,-0.970548,-0.234182,0.056525,0.055063,0.012779,0.998401,0,0.94531,-0.29090,56.719,-0.582,-1,375.000,900.000,400.000,-1,325.000,325.000,300.000,300.000,-1,825.000,800.000,-1,550.000,650.000,825.000,-1,2,1,1,0,2,0,0,0,0,2,0,0,2,1,1,1,2
60,-3465.351,-7599.455,-61.342,-103.886,-0.240335,0.970690,0.000184,-0.969199,-0.239976,0.055365,0.053786,0.013128,0.998466,0,0.95248,-0.17090,57.149,-0.342,-1,350.000,850.000,400.000,-1,325.000,325.000,300.000,300.000,-1,925.000,925.000,-1,500.000,625.000,700.000,-1,2,1,1,1,2,1,0,0,0,2,0,0,2,1,1,1,2
61,-3479.270,-7655.329,-58.168,-103.988,-0.242064,0.970260,-0.000157,-0.968836,-0.241700,0.054203,0.052553,0.013272,0.998530,0,0.95969,-0.05090,57.582,-0.102,-1,325.000,775.000,375.000,-1,300.000,300.000,300.000,300.000,-1,-1,-1,-1,450.000,600.000,625.000,-1,2,1,1,1,2,1,1,0,0,2,2,2,2,1,1,1,2
62,-3493.158,-7711.661,-54.975,-103.850,-0.239723,0.970841,-0.000514,-0.969481,-0.239359,0.053036,0.051367,0.013213,0.998592,0,0.96699,0.06910,58.019,0.138,-1,300.000,700.000,350.000,-1,275.000,275.000,300.000,300.000,-1,-1,-1,-1,425.000,550.000,525.000,-1,2,1,1,1,2,1,1,0,0,2,2,2,2,1,1,1,2
63,-3506.778,-7768.515,-51.758,-103.472,-0.233304,0.972403,-0.000874,-0.971106,-0.232947,0.051861,0.050226,0.012948,0.998654,0,0.97438,0.18910,58.463,0.378,950.000,275.000,625.000,325.000,-1,250.000,250.000,300.000,300.000,-1,-1,-1,-1,375.000,525.000,475.000,-1,1,1,1,1,2,1,1,0,0,2,2,2,2,1,1,1,2
64,-3519.979,-7825.930,-48.441,-102.948,-0.224413,0.974493,-0.001341,-0.973212,-0.224047,0.051592,0.049976,0.012883,0.998667,0,0.98189,0.26190,58.913,0.524,875.000,250.000,550.000,300.000,-1,225.000,250.000,300.000,300.000,-1,-1,-1,-1,350.000,475.000,400.000,-1,1,1,1,1,2,1,1,0,0,2,2,2,2,1,1,1,2
65,-3532.747,-7883.913,-42.875,-102.422,-0.215996,0.976352,-0.009082,-0.974703,-0.215066,0.060834,0.057442,0.021993,0.998107,0,0.98951,0.26276,59.370,0.526,850.000,225.000,525.000,275.000,-1,200.000,225.000,325.000,300.000,-1,-1,-1,-1,325.000,475.000,400.000,-1,1,1,1,1,2,1,1,0,0,2,2,2,2,1,1,1,2
66,-3545.075,-7942.461,-36.683,-101.895,-0.207640,0.978083,-0.015497,-0.975876,-0.206027,0.072240,0.067464,0.030123,0.997267,0,0.99718,0.26367,59.831,0.527,850.000,225.000,525.000,275.000,-1,175.000,200.000,350.000,300.000,-1,925.000,850.000,-1,300.000,475.000,425.000,-1,1,1,1,1,2,1,1,0,0,2,0,0,2,1,1,1,2
67,-3556.899,-8001.288,-27.863,-101.366,-0.198832,0.979960,-0.011978,-0.976275,-0.196986,0.089907,0.085745,0.029570,0.995878,0,1.00000,0.26465,60.000,0.529,875.000,225.000,550.000,275.000,-1,175.000,200.000,375.000,325.000,-1,400.000,300.000,-1,300.000,575.000,475.000,-1,1,1,1,1,2,1,1,0,0,2,0,0,2,1,1,1,2
68,3607.770,-327.988,273.307,-98.322,-0.149040,0.978926,0.139607,-0.988377,-0.143202,-0.051030,-0.029962,-0.145590,0.988891,1,0.00000,0.00000,60.000,0.531,875.000,425.000,-1,675.000,-1,400.000,450.000,225.000,125.000,-1,-1,-1,-1,775.000,-1,-1,-1,0,0,2,0,2,0,0,0,1,2,2,2,2,0,2,2,2
69,8200.864,-3603.143,97.396,69.088,0.356796,-0.933988,0.019062,0.934152,0.356874,0.000774,-0.007525,0.017531,0.999818,1,0.08000,-0.12000,4.800,-0.240,925.000,375.000,-1,350.000,925.000,300.000,300.000,300.000,325.000,-1,250.000,300.000,-1,600.000,575.000,850.000,825.000,0,0,2,0,0,0,0,0,0,2,0,0,2,0,0,0,0
70,8204.366,-3594.204,97.290,68.608,0.364627,-0.930973,0.018324,0.931129,0.364689,0.000061,-0.006739,0.017040,0.999832,0,0.16000,-0.24000,9.600,-0.480,925.000,375.000,-1,350.000,925.000,300.000,300.000,300.000,325.000,-1,250.000,300.000,-1,600.000,575.000,850.000,825.000,0,0,2,0,0,0,0,0,0,2,0,0,2,0,0,0,0
71,8209.786,-3580.863,97.130,67.888,0.376324,-0.926329,0.017193,0.926472,0.376364,-0.000991,-0.005553,0.016302,0.999852,0,0.24000,-0.36000,14.400,-0.720,900.000,375.000,-1,350.000,925.000,300.000,300.000,300.000,325.000,-1,250.000,275.000,-1,575.000,575.000,850.000,825.000,0,0,2,0,0,0,0,0,0,2,0,0,2,0,0,0,0
72,8217.311,-3563.199,96.916,66.928,0.391824,-0.919907,0.015642,0.920032,0.391837,-0.002361,-0.003957,0.015317,0.999875,0,0.32000,-0.48000,19.200,-0.960,900.000,350.000,-1,350.000,950.000,300.000,300.000,300.000,325.000,-1,225.000,275.000,-1,575.000,575.000,850.000,825.000,0,0,2,0,0,0,0,0,0,2,0,0,2,0,0,0,0
73,8227.176,-3541.320,96.646,65.728,0.411039,-0.911516,0.013639,0.911616,0.411024,-0.004018,-0.001944,0.014085,0.999899,0,0.40000,-0.60000,24.000,-1.200,875.000,350.000,-1,350.000,975.000,300.000,300.000,300.000,325.000,-1,225.000,250.000,-1,575.000,575.000,825.000,850.000,0,0,2,0,0,0,0,0,0,2,0,0,2,0,0,0,0
74,8239.671,-3515.372,96.322,64.288,0.433849,-0.900917,0.011144,0.900986,0.433809,-0.005918,0.000497,0.012608,0.999920,0,0.48000,-0.72000,28.800,-1.440,850.000,350.000,-1,350.000,-1,300.000,300.000,300.000,325.000,-1,225.000,250.000,-1,575.000,600.000,800.000,875.000,0,0,2,0,2,0,0,0,0,2,0,0,2,0,0,0,0
75,8255.130,-3485.539,95.945,62.608,0.460101,-0.887829,0.008117,0.887860,0.460044,-0.008004,0.003372,0.010890,0.999935,0,0.56000,-0.84000,33.600,-1.680,825.000,350.000,-1,350.000,-1,300.000,300.000,300.000,325.000,-1,200.000,225.000,-1,550.000,600.000,775.000,875.000,0,0,2,0,2,0,0,0,0,2,0,0,2,0,0,0,0
76,8273.929,-3452.056,95.628,60.688,0.489603,-0.871931,0.005075,0.871923,0.489539,-0.010112,0.006332,0.009376,0.999936,0,0.64000,-0.96000,38.400,-1.920,800.000,350.000,-1,350.000,-1,300.000,300.000,300.000,325.000,-1,200.000,225.000,-1,550.000,600.000,750.000,925.000,0,0,2,0,2,0,0,0,0,2,0,0,2,0,0,0,0
77,8296.380,-3415.147,96.063,58.688,0.519756,-0.854303,0.004620,0.854269,0.519663,-0.013236,0.008907,0.010827,0.999902,0,0.72000,-1.00000,43.200,-2.000,775.000,350.000,-1,350.000,-1,300.000,300.000,300.000,325.000,-1,225.000,225.000,-1,550.000,600.000,725.000,925.000,0,0,2,0,2,0,0,0,0,2,0,0,2,0,0,0,0
78,8322.741,-3375.034,96.587,56.688,0.549279,-0.835630,0.003832,0.835553,0.549151,-0.016858,0.011983,0.012462,0.999851,0,0.80000,-1.00000,48.000,-2.000,750.000,325.000,-1,350.000,-1,300.000,300.000,300.000,325.000,-1,250.000,250.000,-1,550.000,600.000,700.000,950.000,0,0,2,0,2,0,0,0,0,2,0,0,2,0,0,0,0
79,8353.260,-3331.947,97.837,54.688,0.578176,-0.815904,0.003557,0.815722,0.577943,-0.024064,0.017578,0.016814,0.999704,0,0.88000,-1.00000,52.800,-2.000,800.000,350.000,-1,350.000,-1,300.000,300.000,325.000,325.000,-1,275.000,250.000,-1,550.000,600.000,725.000,1000.000,0,0,2,0,2,0,0,0,0,2,0,0,2,0,0,0,0
80,8386.453,-3288.390,99.218,52.688,0.606384,-0.795167,0.002770,0.794823,0.606012,-0.031717,0.023541,0.021435,0.999493,0,0.91272,-1.00000,54.763,-2.000,825.000,350.000,-1,350.000,-1,300.000,300.000,325.000,325.000,-1,275.000,250.000,-1,550.000,600.000,775.000,-1,0,0,2,0,2,0,0,0,0,2,0,0,2,0,0,0,2
81,8421.147,-3246.017,100.634,50.688,0.633856,-0.773450,0.001425,0.772891,0.633325,-0.039230,0.029440,0.025967,0.999229,0,0.91272,-1.00000,54.763,-2.000,875.000,350.000,-1,375.000,-1,300.000,300.000,325.000,325.000,-1,300.000,250.000,-1,575.000,625.000,800.000,-1,0,0,2,0,2,0,0,0,0,2,0,0,2,0,0,0,2
82,8457.298,-3204.881,102.096,48.688,0.660549,-0.750783,-0.000467,0.749956,0.659851,-0.046513,0.035229,0.030374,0.998918,0,0.91272,-1.00000,54.763,-2.000,925.000,350.000,-1,375.000,-1,300.000,300.000,325.000,300.000,-1,300.000,250.000,-1,575.000,625.000,850.000,-1,0,0,2,0,2,0,0,0,0,2,0,0,2,0,0,0,2
83,8494.863,-3165.032,104.148,46.688,0.686370,-0.727245,-0.003311,0.726184,0.685601,-0.051067,0.039408,0.032646,0.998690,0,0.91272,-1.00000,54.763,-2.000,925.000,350.000,-1,375.000,-1,300.000,300.000,325.000,300.000,-1,300.000,275.000,-1,575.000,650.000,875.000,-1,0,0,2,0,2,0,0,0,0,2,0,0,2,0,0,0,2
84,8533.796,-3126.518,106.216,44.688,0.711337,-0.702821,-0.006439,0.701503,0.710511,-0.055387,0.043502,0.034882,0.998444,0,0.91272,-1.00000,54.763,-2.000,950.000,350.000,-1,375.000,-1,300.000,300.000,325.000,300.000,-1,275.000,275.000,-1,600.000,650.000,900.000,-1,0,0,2,0,2,0,0,0,0,2,0,0,2,0,0,0,2
85,8574.050,-3089.386,108.299,42.688,0.735417,-0.677543,-0.009823,0.675948,0.734548,-0.059447,0.047493,0.037079,0.998183,0,0.91272,-1.00000,54.763,-2.000,950.000,350.000,-1,375.000,-1,300.000,300.000,300.000,300.000,-1,275.000,275.000,-1,600.000,675.000,950.000,-1,0,0,2,0,2,0,0,0,0,2,0,0,2,0,0,0,2
86,8615.574,-3053.682,110.392,40.688,0.758580,-0.651442,-0.013433,0.649552,0.757684,-0.063221,0.051363,0.039232,0.997909,0,0.91272,-1.00000,54.763,-2.000,1000.000,350.000,-1,375.000,-1,300.000,300.000,300.000,300.000,-1,275.000,250.000,1000.000,600.000,700.000,-1,-1,0,0,2,0,2,0,0,0,0,2,0,0,0,0,0,2,2
87,8658.320,-3019.448,112.788,38.688,0.780852,-0.624518,-0.015754,0.622366,0.779852,-0.067019,0.054141,0.042527,0.997627,0,0.91272,-1.00000,54.763,-2.000,-1,350.000,-1,375.000,-1,300.000,300.000,300.000,300.000,-1,275.000,225.000,975.000,625.000,725.000,-1,-1,2,0,2,0,2,0,0,0,0,2,0,0,0,0,0,2,2
88,8702.233,-2986.727,115.226,36.688,0.802164,-0.596831,-0.018065,0.594412,0.801052,-0.070643,0.056633,0.045930,0.997338,0,0.91272,-1.00000,54.763,-2.000,-1,350.000,-1,375.000,-1,300.000,300.000,300.000,300.000,-1,300.000,225.000,925.000,625.000,750.000,-1,-1,2,0,2,0,2,0,0,0,0,2,0,0,0,0,0,2,2
89,8747.261,-2955.556,118.236,34.688,0.822595,-0.568354,-0.017659,0.565759,0.821165,-0.074860,0.057048,0.051588,0.997038,0,0.91272,-1.00000,54.763,-2.000,-1,350.000,-1,375.000,-1,300.000,300.000,300.000,300.000,-1,350.000,250.000,925.000,625.000,775.000,-1,-1,2,0,2,0,2,0,0,0,0,2,0,0,0,0,0,2,2
90,8793.349,-2925.976,121.311,32.688,0.842027,-0.539176,-0.016739,0.536456,0.840230,-0.078916,0.056614,0.057469,0.996741,0,0.91272,-1.00000,54.763,-2.000,-1,350.000,-1,375.000,-1,300.000,300.000,300.000,300.000,-1,400.000,300.000,925.000,625.000,800.000,-1,-1,2,0,2,0,2,0,0,0,0,2,0,0,0,0,0,2,2
91,8840.442,-2898.022,124.466,30.688,0.860393,-0.509362,-0.016579,0.506508,0.858263,-0.082673,0.056339,0.062734,0.996439,0,0.91272,-1.00000,54.763,-2.000,-1,350.000,-1,375.000,-1,300.000,300.000,300.000,300.000,-1,450.000,350.000,925.000,650.000,800.000,-1,-1,2,0,2,0,2,0,0,0,0,2,0,0,0,0,0,2,2
92,8888.481,-2871.729,127.613,28.688,0.877685,-0.478944,-0.016797,0.475957,0.875234,-0.086205,0.055988,0.067666,0.996136,0,0.91272,-1.00000,54.763,-2.000,-1,375.000,-1,400.000,-1,300.000,300.000,300.000,300.000,-1,500.000,375.000,925.000,675.000,825.000,-1,-1,2,0,2,0,2,0,0,0,0,2,0,0,0,0,0,2,2
93,8937.409,-2847.128,130.679,26.688,0.893894,-0.447954,-0.017072,0.444848,0.891111,-0.089612,0.055355,0.072509,0.995830,0,0.91272,-1.00000,54.763,-2.000,-1,375.000,-1,400.000,-1,300.000,325.000,300.000,300.000,-1,575.000,425.000,925.000,700.000,850.000,-1,-1,2,0,2,0,2,0,0,0,0,2,0,0,0,0,0,2,2
94,8987.166,-2824.250,133.656,24.688,0.909000,-0.416433,-0.017393,0.413226,0.905878,-0.092894,0.054440,0.077253,0.995524,0,0.91272,-1.00000,54.763,-2.000,-1,375.000,-1,400.000,-1,300.000,325.000,300.000,300.000,-1,625.000,475.000,925.000,750.000,875.000,-1,-1,2,0,2,0,2,0,0,0,0,2,0,0,0,0,0,2,2
95,9037.691,-2803.121,136.537,22.688,0.922987,-0.384422,-0.017747,0.381131,0.919518,-0.096048,0.053242,0.081887,0.995218,0,0.91272,-1.00000,54.763,-2.000,-1,375.000,-1,425.000,-1,325.000,325.000,300.000,300.000,-1,700.000,550.000,925.000,775.000,900.000,-1,-1,2,0,2,0,2,0,0,0,0,2,0,0,0,0,0,2,2
96,9088.923,-2783.769,139.326,20.688,0.935838,-0.351964,-0.018106,0.348612,0.932021,-0.099025,0.051729,0.086359,0.994920,0,0.91272,-1.00000,54.763,-2.000,-1,400.000,-1,425.000,-1,325.000,325.000,300.000,300.000,-1,750.000,600.000,950.000,825.000,925.000,-1,-1,2,0,2,0,2,0,0,0,0,2,0,0,0,0,0,2,2
97,9136.577,-2767.422,141.723,18.928,0.946209,-0.323051,-0.018069,0.319681,0.942036,-0.101843,0.049922,0.090588,0.994636,0,0.83964,-0.88000,50.378,-1.760,-1,400.000,-1,425.000,-1,325.000,325.000,300.000,275.000,-1,825.000,675.000,950.000,850.000,950.000,-1,-1,2,0,2,0,2,0,0,0,0,2,0,0,0,0,0,2,2
98,9184.647,-2752.344,143.814,17.408,0.954470,-0.297816,-0.017105,0.294490,0.949850,-0.105169,0.047568,0.095344,0.994307,0,0.83964,-0.76000,50.378,-1.520,-1,400.000,-1,425.000,-1,325.000,350.000,300.000,275.000,-1,925.000,750.000,975.000,900.000,950.000,-1,-1,2,0,2,0,2,0,0,0,0,2,0,0,0,0,0,2,2
99,9233.042,-2738.344,145.845,16.128,0.960906,-0.276403,-0.016143,0.273126,0.955848,-0.108430,0.045401,0.099782,0.993973,0,0.83964,-0.64000,50.378,-1.280,-1,425.000,-1,425.000,-1,350.000,350.000,300.000,275.000,-1,1000.000,825.000,975.000,950.000,950.000,-1,-1,2,0,2,0,2,0,0,0,0,2,0,0,0,0,0,2,2
100,9281.684,-2725.227,147.614,15.088,0.965781,-0.258921,-0.015030,0.255752,0.960386,-0.110679,0.043091,0.103048,0.993743,0,0.83964,-0.52000,50.378,-1.040,-1,425.000,-1,425.000,-1,350.000,350.000,300.000,275.000,-1,-1,900.000,1000.000,1000.000,950.000,-1,-1,2,0,2,0,2,0,0,0,0,2,2,0,0,0,0,2,2
101,9330.504,-2712.792,148.875,14.288,0.969321,-0.245459,-0.012879,0.242591,0.963799,-0.110640,0.039571,0.104122,0.993777,0,0.83964,-0.40000,50.378,-0.800,-1,425.000,-1,425.000,-1,350.000,350.000,300.000,275.000,-1,-1,-1,-1,-1,950.000,-1,-1,2,0,2,0,2,0,0,0,0,2,2,2,2,2,0,2,2
102,9379.444,-2700.836,150.123,13.728,0.971693,-0.236007,-0.010622,0.233431,0.966066,-0.110575,0.036358,0.104966,0.993811,0,0.83964,-0.28000,50.378,-0.560,-1,425.000,-1,425.000,-1,350.000,350.000,300.000,275.000,-1,-1,-1,-1,-1,950.000,-1,-1,2,0,2,0,2,0,0,0,0,2,2,2,2,2,0,2,2
103,9428.449,-2689.154,151.373,13.408,0.973015,-0.230592,-0.008265,0.228300,0.967303,-0.110472,0.033469,0.105604,0.993845,0,0.83964,-0.16000,50.378,-0.320,-1,425.000,-1,425.000,-1,350.000,350.000,300.000,275.000,-1,-1,-1,-1,-1,925.000,-1,-1,2,0,2,0,2,0,0,0,0,2,2,2,2,2,0,2,2
104,9477.476,-2677.564,152.635,13.301,0.973463,-0.228769,-0.005817,0.226751,0.967684,-0.110321,0.030867,0.106074,0.993879,0,0.83964,-0.05365,50.378,-0.107,-1,425.000,-1,425.000,-1,325.000,325.000,275.000,275.000,-1,-1,-1,-1,-1,925.000,-1,-1,2,0,2,0,2,0,0,0,0,2,2,2,2,2,0,2,2
105,9526.524,-2666.065,153.890,13.194,0.973902,-0.226945,-0.003286,0.225213,0.968065,-0.110132,0.028175,0.106517,0.993912,0,0.83964,-0.05365,50.378,-0.107,-1,425.000,-1,425.000,-1,325.000,325.000,275.000,275.000,-1,-1,-1,-1,-1,925.000,-1,-1,2,0,2,0,2,0,0,0,0,2,2,2,2,2,0,2,2
106,9575.594,-2654.659,155.138,13.086,0.974330,-0.225122,-0.000673,0.223686,0.968445,-0.109906,0.025394,0.106934,0.993942,0,0.83964,-0.05365,50.378,-0.107,-1,425.000,-1,425.000,-1,325.000,325.000,275.000,275.000,-1,-1,-1,-1,-1,900.000,-1,-1,2,0,2,0,2,0,0,0,0,2,2,2,2,2,0,2,2
107,9624.685,-2643.344,156.379,12.979,0.974748,-0.223298,0.002022,0.222169,0.968824,-0.109645,0.022524,0.107325,0.993969,0,0.83964,-0.05365,50.378,-0.107,-1,425.000,-1,425.000,-1,325.000,325.000,275.000,275.000,-1,-1,-1,-1,-1,900.000,-1,-1,2,0,2,0,2,0,0,0,0,2,2,2,2,2,0,2,2
108,9673.798,-2632.123,157.731,12.872,0.975151,-0.221485,0.005040,0.220707,0.969247,-0.108852,0.019224,0.107259,0.994045,0,0.83964,-0.05365,50.378,-0.107,-1,425.000,-1,425.000,-1,350.000,350.000,275.000,275.000,-1,-1,-1,-1,-1,900.000,-1,-1,2,0,2,0,2,0,0,0,0,2,2,2,2,2,0,2,2
109,9722.931,-2620.993,159.095,12.765,0.975539,-0.219674,0.008199,0.219262,0.969680,-0.107908,0.015754,0.107066,0.994127,0,0.83964,-0.05365,50.378,-0.107,-1,425.000,-1,425.000,-1,350.000,350.000,300.000,300.000,-1,-1,-1,-1,-1,875.000,-1,-1,2,0,2,0,2,0,0,0,0,2,2,2,2,2,0,2,2
110,9772.085,-2609.955,160.425,12.657,0.975913,-0.217861,0.011389,0.217813,0.970104,-0.107035,0.012271,0.106938,0.994190,0,0.83964,-0.05365,50.378,-0.107,-1,425.000,-1,425.000,-1,350.000,350.000,300.000,300.000,-1,-1,-1,-1,-1,875.000,-1,-1,2,0,2,0,2,0,0,0,0,2,2,2,2,2,0,2,2
111,9821.260,-2599.007,161.253,12.550,0.976285,-0.216005,0.014463,0.216289,0.970336,-0.108014,0.009297,0.108580,0.994044,0,0.83964,-0.05365,50.378,-0.107,-1,425.000,-1,425.000,-1,350.000,350.000,300.000,300.000,-1,-1,-1,-1,-1,850.000,-1,-1,2,0,2,0,2,0,0,0,0,2,2,2,2,2,0,2,2
112,9870.454,-2588.150,161.912,12.443,0.976636,-0.214135,0.018100,0.214819,0.970501,-0.109458,0.005872,0.110789,0.993827,0,0.83964,-0.05365,50.378,-0.107,-1,450.000,-1,425.000,-1,350.000,350.000,300.000,275.000,-1,-1,-1,-1,-1,850.000,-1,-1,2,0,2,0,2,0,0,0,0,2,2,2,2,2,0,2,2
113,9919.670,-2577.389,161.986,12.335,0.976992,-0.212316,0.020209,0.213246,0.970893,-0.109052,0.003533,0.110852,0.993831,0,0.83964,-0.05365,50.378,-0.107,-1,450.000,-1,425.000,-1,350.000,350.000,300.000,275.000,-1,-1,-1,-1,-1,825.000,-1,-1,2,0,2,0,2,0,0,0,0,2,2,2,2,2,0,2,2
114,9968.906,-2566.721,161.589,12.228,0.977327,-0.210536,0.022505,0.211734,0.971467,-0.106868,0.000637,0.109210,0.994019,0,0.83964,-0.05365,50.378,-0.107,-1,450.000,-1,400.000,-1,350.000,350.000,300.000,275.000,-1,-1,-1,-1,-1,825.000,-1,-1,2,0,2,0,2,0,0,0,0,2,2,2,2,2,0,2,2
115,10018.162,-2556.146,161.145,12.121,0.977653,-0.208754,0.024834,0.210214,0.972035,-0.104684,-0.002286,0.107565,0.994195,0,0.83964,-0.05365,50.378,-0.107,-1,425.000,-1,400.000,-1,350.000,325.000,300.000,275.000,-1,-1,-1,-1,-1,825.000,-1,-1,2,0,2,0,2,0,0,0,0,2,2,2,2,2,0,2,2
116,10067.437,-2545.663,160.655,12.013,0.977969,-0.206970,0.027196,0.208684,0.972597,-0.102501,-0.005236,0.105918,0.994361,0,0.83964,-0.05365,50.378,-0.107,-1,425.000,-1,400.000,-1,350.000,325.000,300.000,275.000,-1,-1,-1,-1,1000.000,800.000,-1,-1,2,0,2,0,2,0,0,0,0,2,2,2,2,0,0,2,2
117,10116.733,-2535.273,160.120,11.906,0.978276,-0.205184,0.029590,0.207144,0.973153,-0.100319,-0.008212,0.104269,0.994515,0,0.83964,-0.05365,50.378,-0.107,-1,425.000,-1,400.000,-1,350.000,325.000,300.000,300.000,-1,-1,-1,-1,975.000,800.000,-1,-1,2,0,2,0,2,0,0,0,0,2,2,2,2,0,0,2,2
118,10166.047,-2524.974,159.539,11.799,0.978573,-0.203397,0.032017,0.205595,0.973704,-0.098138,-0.011214,0.102617,0.994658,0,0.83964,-0.05365,50.378,-0.107,-1,425.000,-1,400.000,-1,350.000,325.000,300.000,300.000,-1,-1,-1,-1,975.000,775.000,-1,-1,2,0,2,0,2,0,0,0,0,2,2,2,2,0,0,2,2
119,10215.386,-2514.766,158.914,11.692,0.978856,-0.201623,0.034474,0.204053,0.974246,-0.095958,-0.014239,0.100963,0.994788,0,0.83972,-0.05318,50.383,-0.106,-1,425.000,-1,400.000,-1,350.000,325.000,275.000,300.000,-1,-1,-1,-1,950.000,775.000,-1,-1,2,0,2,0,2,0,0,0,0,2,2,2,2,0,0,2,2
120,10264.755,-2504.645,158.246,11.589,0.979119,-0.199901,0.036963,0.202554,0.974770,-0.093779,-0.017284,0.099308,0.994907,0,0.83994,-0.05161,50.396,-0.103,-1,425.000,-1,400.000,-1,325.000,325.000,275.000,300.000,-1,-1,-1,-1,925.000,775.000,-1,-1,2,0,2,0,2,0,0,0,0,2,2,2,2,0,0,2,2
121,10314.150,-2494.608,157.532,11.489,0.979361,-0.198224,0.039479,0.201091,0.975281,-0.091598,-0.020347,0.097647,0.995013,0,0.84007,-0.05024,50.404,-0.100,-1,425.000,-1,400.000,-1,325.000,325.000,300.000,300.000,-1,-1,-1,-1,925.000,750.000,-1,-1,2,0,2,0,2,0,0,0,0,2,2,2,2,0,0,2,2
122,10363.566,-2484.655,156.773,11.391,0.979586,-0.196585,0.042010,0.199656,0.975779,-0.089406,-0.023417,0.095969,0.995109,0,0.84013,-0.04907,50.408,-0.098,-1,425.000,-1,400.000,-1,325.000,325.000,300.000,300.000,-1,-1,-1,-1,900.000,750.000,-1,-1,2,0,2,0,2,0,0,0,0,2,2,2,2,0,0,2,2
123,10412.998,-2474.786,155.971,11.294,0.979794,-0.194978,0.044570,0.198243,0.976265,-0.087216,-0.026507,0.094289,0.995192,0,0.84012,-0.04810,50.407,-0.096,-1,425.000,-1,400.000,-1,325.000,325.000,300.000,300.000,-1,-1,-1,-1,875.000,725.000,-1,-1,2,0,2,0,2,0,0,0,0,2,2,2,2,0,0,2,2
124,10462.442,-2464.997,154.958,11.200,0.980007,-0.193384,0.046783,0.196821,0.976684,-0.085730,-0.029113,0.093224,0.995219,0,0.84006,-0.04733,50.404,-0.095,-1,425.000,-1,375.000,-1,325.000,325.000,300.000,300.000,-1,-1,-1,-1,875.000,725.000,-1,-1,2,0,2,0,2,0,0,0,0,2,2,2,2,0,0,2,2
125,10511.733,-2455.109,153.807,11.345,0.979420,-0.195871,0.048688,0.199446,0.976242,-0.084693,-0.030942,0.092661,0.995217,0,0.83787,0.07267,50.272,0.145,-1,400.000,-1,375.000,-1,325.000,325.000,300.000,300.000,-1,-1,-1,-1,850.000,725.000,-1,-1,2,0,2,0,2,0,0,0,0,2,2,2,2,0,0,2,2
126,10560.949,-2444.891,152.432,11.730,0.978026,-0.202456,0.049767,0.206055,0.975017,-0.082970,-0.031726,0.091401,0.995309,0,0.83777,0.19267,50.266,0.385,-1,400.000,-1,375.000,-1,325.000,325.000,300.000,300.000,-1,-1,-1,-1,850.000,725.000,-1,-1,2,0,2,0,2,0,0,0,0,2,2,2,2,0,0,2,2
127,10610.045,-2434.138,150.964,12.356,0.975749,-0.213115,0.049971,0.216639,0.972882,-0.081044,-0.031344,0.089904,0.995457,0,0.83768,0.31267,50.261,0.625,-1,400.000,-1,375.000,-1,325.000,325.000,300.000,300.000,-1,-1,-1,-1,850.000,700.000,-1,-1,2,0,2,0,2,0,0,0,0,2,2,2,2,0,0,2,2
128,10658.969,-2422.645,149.517,13.221,0.972411,-0.227811,0.050192,0.231253,0.969670,-0.079130,-0.030644,0.088554,0.995600,0,0.83760,0.43267,50.256,0.865,-1,400.000,-1,375.000,-1,325.000,325.000,300.000,300.000,-1,-1,-1,-1,825.000,700.000,-1,-1,2,0,2,0,2,0,0,0,0,2,2,2,2,0,0,2,2
129,10707.658,-2410.211,148.105,14.326,0.967829,-0.246500,0.050439,0.249855,0.965198,-0.077233,-0.029646,0.087351,0.995736,0,0.83755,0.55267,50.253,1.105,-1,400.000,-1,375.000,-1,325.000,325.000,300.000,300.000,-1,-1,-1,-1,825.000,700.000,-1,-1,2,0,2,0,2,0,0,0,0,2,2,2,2,0,0,2,2
130,10756.079,-2396.773,146.737,15.512,0.962513,-0.266452,0.050708,0.269723,0.959984,-0.075364,-0.028598,0.086215,0.995866,0,0.83752,0.59302,50.251,1.186,-1,400.000,-1,375.000,-1,325.000,325.000,300.000,300.000,-1,-1,-1,-1,825.000,700.000,-1,-1,2,0,2,0,2,0,0,0,0,2,2,2,2,0,0,2,2
131,10804.209,-2382.335,145.409,16.699,0.956784,-0.286294,0.050996,0.289486,0.954354,-0.073527,-0.027618,0.085113,0.995989,0,0.83751,0.59306,50.250,1.186,-1,400.000,-1,400.000,-1,325.000,325.000,300.000,300.000,-1,-1,-1,-1,825.000,700.000,-1,-1,2,0,2,0,2,0,0,0,0,2,2,2,2,0,0,2,2
132,10852.030,-2366.904,144.118,17.885,0.950643,-0.306017,0.051303,0.309137,0.948309,-0.071728,-0.026701,0.084048,0.996104,0,0.83749,0.59308,50.249,1.186,-1,400.000,-1,375.000,-1,325.000,325.000,300.000,300.000,-1,-1,-1,-1,800.000,700.000,-1,-1,2,0,2,0,2,0,0,0,0,2,2,2,2,0,0,2,2
133,10899.520,-2350.487,142.857,19.071,0.944094,-0.325610,0.051627,0.328663,0.941852,-0.069970,-0.025842,0.083026,0.996212,0,0.83747,0.59308,50.248,1.186,-1,425.000,-1,375.000,-1,325.000,325.000,300.000,300.000,-1,-1,-1,-1,800.000,700.000,-1,-1,2,0,2,0,2,0,0,0,0,2,2,2,2,0,0,2,2
134,10945.167,-2333.496,141.670,20.417,0.936173,-0.347677,0.051967,0.350664,0.934007,-0.068306,-0.024789,0.082169,0.996310,0,0.81179,0.67323,48.708,1.346,-1,400.000,-1,375.000,-1,325.000,325.000,300.000,300.000,-1,-1,-1,-1,800.000,700.000,-1,-1,2,0,2,0,2,0,0,0,0,2,2,2,2,0,0,2,2
