timestep,x_cm,y_cm,z_cm,yaw_deg,basis_xx,basis_xy,basis_xz,basis_yx,basis_yy,basis_yz,basis_zx,basis_zy,basis_zz,teleport_flag,throttle_cmd,steering_cmd,cmd_move_cm,cmd_turn_deg,lidar_cm_0,lidar_cm_1,lidar_cm_2,lidar_cm_3,lidar_cm_4,lidar_cm_5,lidar_cm_6,lidar_cm_7,lidar_cm_8,lidar_cm_9,lidar_cm_10,lidar_cm_11,lidar_cm_12,lidar_cm_13,lidar_cm_14,lidar_cm_15,lidar_cm_16,lidar_class_0,lidar_class_1,lidar_class_2,lidar_class_3,lidar_class_4,lidar_class_5,lidar_class_6,lidar_class_7,lidar_class_8,lidar_class_9,lidar_class_10,lidar_class_11,lidar_class_12,lidar_class_13,lidar_class_14,lidar_class_15,lidar_class_16
0,323.704,9513.221,-30.785,-27.274,0.888824,0.457892,0.018096,-0.456439,0.888129,-0.053759,-0.040687,0.039523,0.998390,1,-0.08000,-0.12000,-4.800,-0.240,-1,400.000,-1,400.000,-1,325.000,325.000,300.000,300.000,-1,-1,-1,-1,800.000,750.000,-1,-1,2,0,2,0,2,0,0,0,0,2,2,2,2,0,0,2,2
1,315.209,9517.691,-30.388,-27.754,0.884960,0.465321,0.017949,-0.463870,0.884272,-0.053730,-0.040873,0.039223,0.998394,0,-0.16000,-0.24000,-9.600,-0.480,-1,400.000,-1,400.000,-1,325.000,325.000,300.000,300.000,-1,-1,-1,-1,800.000,750.000,-1,-1,2,0,2,0,2,0,0,0,0,2,2,2,2,0,0,2,2
2,302.551,9524.556,-29.787,-28.474,0.879047,0.476405,0.017727,-0.474955,0.878371,-0.053686,-0.041147,0.038773,0.998401,0,-0.24000,-0.36000,-14.400,-0.720,-1,400.000,-1,400.000,-1,325.000,325.000,300.000,300.000,-1,-1,-1,-1,800.000,750.000,-1,-1,2,0,2,0,2,0,0,0,0,2,2,2,2,0,0,2,2
3,285.829,9533.991,-28.974,-29.434,0.870948,0.491066,0.017429,-0.489619,0.870286,-0.053627,-0.041503,0.038173,0.998409,0,-0.32000,-0.48000,-19.200,-0.960,-1,400.000,-1,400.000,-1,325.000,325.000,300.000,300.000,-1,-1,-1,-1,800.000,750.000,-1,-1,2,0,2,0,2,0,0,0,0,2,2,2,2,0,0,2,2
4,265.178,9546.220,-27.942,-30.634,0.860480,0.509199,0.017057,-0.507755,0.859835,-0.053554,-0.041935,0.037421,0.998419,0,-0.40000,-0.60000,-24.000,-1.200,-1,400.000,-1,400.000,-1,325.000,325.000,300.000,300.000,-1,-1,-1,-1,800.000,750.000,-1,-1,2,0,2,0,2,0,0,0,0,2,2,2,2,0,0,2,2
5,240.958,9561.398,-26.660,-32.074,0.847416,0.530665,0.016747,-0.529223,0.846799,-0.053419,-0.042529,0.036405,0.998432,0,-0.47638,-0.72000,-28.583,-1.440,-1,400.000,-1,400.000,-1,325.000,325.000,300.000,300.000,-1,-1,-1,-1,800.000,750.000,-1,-1,2,0,2,0,2,0,0,0,0,2,2,2,2,0,0,2,2
6,217.194,9577.279,-25.325,-33.754,0.831492,0.555289,0.016591,-0.553843,0.830917,-0.053240,-0.043350,0.035080,0.998444,0,-0.47638,-0.84000,-28.583,-1.680,-1,400.000,-1,400.000,-1,325.000,325.000,300.000,300.000,-1,-1,-1,-1,800.000,750.000,-1,-1,2,0,2,0,2,0,0,0,0,2,2,2,2,0,0,2,2
7,193.974,9593.947,-23.998,-35.674,0.812417,0.582845,0.016452,-0.581385,0.811885,-0.053233,-0.044383,0.033682,0.998447,0,-0.47638,-0.96000,-28.583,-1.920,-1,400.000,-1,400.000,-1,325.000,325.000,300.000,300.000,-1,-1,-1,-1,800.000,750.000,-1,-1,2,0,2,0,2,0,0,0,0,2,2,2,2,0,0,2,2
8,171.351,9611.415,-22.704,-37.674,0.791579,0.610849,0.016287,-0.609364,0.791082,-0.053521,-0.045578,0.032442,0.998434,0,-0.47638,-1.00000,-28.583,-2.000,-1,400.000,-1,400.000,-1,325.000,325.000,300.000,300.000,-1,-1,-1,-1,800.000,750.000,-1,-1,2,0,2,0,2,0,0,0,0,2,2,2,2,0,0,2,2
9,153.045,9626.598,-21.609,-39.674,0.769774,0.638112,0.016143,-0.636603,0.769314,-0.053785,-0.046741,0.031126,0.998422,0,-0.39638,-1.00000,-23.783,-2.000,-1,400.000,-1,400.000,-1,325.000,325.000,300.000,300.000,-1,-1,-1,-1,800.000,725.000,-1,-1,2,0,2,0,2,0,0,0,0,2,2,2,2,0,0,2,2
10,138.866,9639.219,-20.720,-41.674,0.747027,0.664601,0.016038,-0.663068,0.746607,-0.054027,-0.047880,0.029725,0.998411,0,-0.31638,-1.00000,-18.983,-2.000,-1,400.000,-1,400.000,-1,325.000,325.000,300.000,300.000,-1,-1,-1,-1,800.000,725.000,-1,-1,2,0,2,0,2,0,0,0,0,2,2,2,2,0,0,2,2
11,128.608,9649.013,-20.047,-43.674,0.723364,0.690282,0.015983,-0.688726,0.722990,-0.054246,-0.049001,0.028232,0.998400,0,-0.23638,-1.00000,-14.183,-2.000,-1,400.000,-1,375.000,-1,325.000,325.000,300.000,300.000,-1,-1,-1,-1,800.000,725.000,-1,-1,2,0,2,0,2,0,0,0,0,2,2,2,2,0,0,2,2
12,122.051,9655.724,-19.597,-45.674,0.698814,0.715125,0.015994,-0.713546,0.698489,-0.054445,-0.050106,0.026635,0.998389,0,-0.15638,-1.00000,-9.383,-2.000,-1,400.000,-1,375.000,-1,325.000,325.000,300.000,300.000,-1,-1,-1,-1,800.000,725.000,-1,-1,2,0,2,0,2,0,0,0,0,2,2,2,2,0,0,2,2
13,118.965,9659.112,-19.380,-47.674,0.673405,0.739099,0.016082,-0.737499,0.673136,-0.054624,-0.051198,0.024924,0.998377,0,-0.07638,-1.00000,-4.583,-2.000,-1,400.000,-1,375.000,-1,325.000,325.000,300.000,300.000,-1,-1,-1,-1,775.000,700.000,-1,-1,2,0,2,0,2,0,0,0,0,2,2,2,2,0,0,2,2
14,119.106,9658.946,-19.406,-49.674,0.647168,0.762174,0.016260,-0.760553,0.646960,-0.054783,-0.052273,0.023088,0.998366,0,0.00362,-1.00000,0.217,-2.000,-1,400.000,-1,375.000,-1,325.000,325.000,300.000,300.000,-1,-1,-1,-1,775.000,700.000,-1,-1,2,0,2,0,2,0,0,0,0,2,2,2,2,0,0,2,2
15,122.217,9655.010,-19.683,-51.674,0.620133,0.784323,0.016539,-0.782682,0.619994,-0.054921,-0.053330,0.021114,0.998354,0,0.08362,-1.00000,5.017,-2.000,-1,400.000,-1,375.000,-1,325.000,325.000,300.000,300.000,-1,-1,-1,-1,775.000,700.000,-1,-1,2,0,2,0,2,0,0,0,0,2,2,2,2,0,0,2,2
16,128.032,9647.100,-20.221,-53.674,0.592331,0.805517,0.016931,-0.803858,0.592269,-0.055037,-0.054361,0.018990,0.998341,0,0.16362,-1.00000,9.817,-2.000,-1,400.000,-1,375.000,-1,325.000,325.000,300.000,300.000,-1,-1,-1,-1,775.000,700.000,-1,-1,2,0,2,0,2,0,0,0,0,2,2,2,2,0,0,2,2
17,136.274,9635.028,-21.029,-55.674,0.563796,0.825729,0.017448,-0.824056,0.563819,-0.055128,-0.055359,0.016703,0.998327,0,0.24362,-1.00000,14.617,-2.000,-1,400.000,-1,375.000,-1,325.000,325.000,300.000,300.000,-1,-1,-1,-1,775.000,675.000,-1,-1,2,0,2,0,2,0,0,0,0,2,2,2,2,0,0,2,2
18,146.657,9618.620,-21.995,-57.674,0.534593,0.844929,0.017458,-0.843258,0.534674,-0.055123,-0.055909,0.014747,0.998327,0,0.32362,-1.00000,19.417,-2.000,-1,400.000,-1,375.000,-1,325.000,300.000,300.000,300.000,-1,-1,-1,-1,775.000,675.000,-1,-1,2,0,2,0,2,0,0,0,0,2,2,2,2,0,0,2,2
19,158.885,9597.716,-23.182,-59.674,0.504743,0.863097,0.017269,-0.861439,0.504874,-0.054993,-0.056183,0.012881,0.998337,0,0.40362,-1.00000,24.217,-2.000,-1,400.000,-1,375.000,-1,325.000,300.000,300.000,300.000,-1,-1,-1,-1,775.000,675.000,-1,-1,2,0,2,0,2,0,0,0,0,2,2,2,2,0,0,2,2
20,172.653,9572.174,-24.641,-61.674,0.474273,0.880211,0.017113,-0.878576,0.474456,-0.054738,-0.056300,0.010925,0.998354,0,0.48362,-1.00000,29.017,-2.000,-1,400.000,-1,375.000,-1,325.000,300.000,300.000,300.000,-1,-1,-1,-1,775.000,675.000,-1,-1,2,0,2,0,2,0,0,0,0,2,2,2,2,0,0,2,2
21,187.650,9541.864,-26.378,-63.674,0.443220,0.896252,0.017001,-0.894647,0.443457,-0.054342,-0.056243,0.008875,0.998378,0,0.56362,-1.00000,33.817,-2.000,-1,400.000,-1,375.000,-1,325.000,300.000,300.000,300.000,-1,-1,-1,-1,750.000,650.000,-1,-1,2,0,2,0,2,0,0,0,0,2,2,2,2,0,0,2,2
22,203.557,9506.675,-28.400,-65.674,0.411621,0.911197,0.016945,-0.909633,0.411915,-0.053787,-0.055991,0.006726,0.998409,0,0.64362,-1.00000,38.617,-2.000,-1,400.000,-1,375.000,-1,325.000,300.000,300.000,300.000,-1,-1,-1,-1,750.000,650.000,-1,-1,2,0,2,0,2,0,0,0,0,2,2,2,2,0,0,2,2
23,220.050,9466.512,-30.730,-67.674,0.379514,0.925030,0.017004,-0.923522,0.379869,-0.052976,-0.055463,0.004402,0.998451,0,0.72362,-1.00000,43.417,-2.000,-1,400.000,-1,375.000,-1,325.000,300.000,300.000,300.000,-1,-1,-1,-1,725.000,650.000,-1,-1,2,0,2,0,2,0,0,0,0,2,2,2,2,0,0,2,2
24,236.798,9421.298,-33.365,-69.674,0.346937,0.937731,0.017182,-0.936294,0.347357,-0.051928,-0.054663,0.001928,0.998503,0,0.80362,-1.00000,48.217,-2.000,-1,400.000,-1,375.000,-1,325.000,300.000,325.000,300.000,-1,-1,-1,-1,725.000,650.000,-1,-1,2,0,2,0,2,0,0,0,0,2,2,2,2,0,0,2,2
25,252.596,9373.603,-36.144,-71.674,0.313935,0.949284,0.017455,-0.947927,0.314420,-0.050742,-0.053656,-0.000616,0.998559,0,0.83739,-1.00000,50.244,-2.000,-1,400.000,-1,375.000,-1,325.000,300.000,325.000,300.000,-1,-1,-1,-1,700.000,650.000,-1,-1,2,0,2,0,2,0,0,0,0,2,2,2,2,0,0,2,2
26,266.720,9325.385,-38.949,-73.674,0.280550,0.959674,0.017813,-0.958403,0.281097,-0.049469,-0.052482,-0.003193,0.998617,0,0.83739,-1.00000,50.244,-2.000,-1,375.000,-1,375.000,-1,300.000,300.000,325.000,300.000,-1,975.000,-1,-1,700.000,650.000,-1,-1,2,0,2,0,2,0,0,0,0,2,0,2,2,0,0,2,2
27,279.152,9276.704,-41.776,-75.674,0.246824,0.968888,0.018260,-0.967710,0.247431,-0.048122,-0.051143,-0.005793,0.998675,0,0.83739,-1.00000,50.244,-2.000,-1,375.000,-1,350.000,-1,300.000,300.000,325.000,300.000,-1,800.000,-1,-1,700.000,650.000,-1,-1,2,0,2,0,2,0,0,0,0,2,0,2,2,0,0,2,2
28,289.878,9227.619,-44.541,-77.674,0.212782,0.976913,0.019113,-0.975827,0.213462,-0.046867,-0.049865,-0.008679,0.998718,0,0.83739,-1.00000,50.244,-2.000,-1,375.000,-1,350.000,-1,300.000,300.000,300.000,300.000,-1,725.000,900.000,-1,675.000,650.000,-1,-1,2,0,2,0,2,0,0,0,0,2,0,0,2,0,0,2,2
29,298.885,9178.190,-46.932,-79.674,0.178432,0.983721,0.021307,-0.982798,0.179230,-0.044542,-0.047636,-0.012992,0.998780,0,0.83739,-1.00000,50.244,-2.000,-1,375.000,-1,350.000,-1,300.000,300.000,300.000,300.000,-1,625.000,775.000,-1,675.000,650.000,-1,-1,2,0,2,0,2,0,0,0,0,2,0,0,2,0,0,2,2
30,306.161,9128.476,-49.073,-81.674,0.143910,0.989326,0.022891,-0.988546,0.144782,-0.042594,-0.045454,-0.016500,0.998830,0,0.83739,-1.00000,50.244,-2.000,-1,375.000,-1,350.000,-1,300.000,300.000,300.000,325.000,-1,550.000,700.000,-1,675.000,650.000,-1,-1,2,0,2,0,2,0,0,0,0,2,0,0,2,0,0,2,2
31,311.697,9078.538,-50.600,-83.674,0.109345,0.993759,0.022074,-0.993102,0.110165,-0.040142,-0.042323,-0.017533,0.998950,0,0.83739,-1.00000,50.244,-2.000,-1,375.000,-1,375.000,-1,300.000,300.000,300.000,325.000,-1,500.000,600.000,-1,675.000,650.000,-1,-1,2,0,2,0,2,0,0,0,0,2,0,0,2,0,0,2,2
32,315.487,9028.438,-52.106,-85.674,0.074647,0.996980,0.021409,-0.996442,0.075414,-0.037632,-0.039133,-0.018523,0.999062,0,0.83739,-1.00000,50.244,-2.000,-1,375.000,-1,375.000,-1,300.000,300.000,325.000,325.000,-1,475.000,550.000,-1,675.000,675.000,-1,-1,2,0,2,0,2,0,0,0,0,2,0,0,2,0,0,2,2
33,317.526,8978.236,-53.591,-87.674,0.039857,0.998987,0.020892,-0.998561,0.040574,-0.035078,-0.035890,-0.019464,0.999166,0,0.83739,-1.00000,50.244,-2.000,-1,375.000,-1,375.000,-1,300.000,300.000,325.000,325.000,-1,475.000,500.000,-1,675.000,675.000,-1,-1,2,0,2,0,2,0,0,0,0,2,0,0,2,0,0,2,2
34,318.069,8923.196,-55.195,-89.434,0.009212,0.999746,0.020548,-0.999431,0.009873,-0.032255,-0.032450,-0.020239,0.999268,0,0.91739,-0.88000,55.044,-1.760,-1,375.000,-1,375.000,-1,300.000,300.000,325.000,325.000,-1,450.000,475.000,-1,675.000,675.000,-1,-1,2,0,2,0,2,0,0,0,0,2,0,0,2,0,0,2,2
35,317.134,8867.033,-56.810,-90.954,-0.017252,0.999644,0.020358,-0.999430,-0.016650,-0.029368,-0.029018,-0.020853,0.999361,0,0.93617,-0.76000,56.170,-1.520,-1,375.000,-1,375.000,-1,300.000,300.000,325.000,325.000,-1,450.000,475.000,-1,675.000,700.000,-1,-1,2,0,2,0,2,0,0,0,0,2,0,0,2,0,0,2,2
36,314.944,8810.906,-58.405,-92.234,-0.039518,0.999013,0.020286,-0.998889,-0.038976,-0.026484,-0.025668,-0.021310,0.999443,0,0.93617,-0.64000,56.170,-1.280,-1,375.000,-1,375.000,-1,300.000,300.000,325.000,325.000,-1,450.000,450.000,-1,675.000,700.000,-1,-1,2,0,2,0,2,0,0,0,0,2,0,0,2,0,0,2,2
37,311.736,8754.827,-59.981,-93.274,-0.057584,0.998134,0.020296,-0.998089,-0.057101,-0.023613,-0.022410,-0.021617,0.999515,0,0.93617,-0.52000,56.170,-1.040,-1,375.000,-1,375.000,-1,300.000,300.000,325.000,325.000,-1,450.000,450.000,-1,675.000,725.000,-1,-1,2,0,2,0,2,0,0,0,0,2,0,0,2,0,0,2,2
38,307.745,8698.799,-61.542,-94.074,-0.071454,0.997236,0.020354,-0.997258,-0.071032,-0.020757,-0.019254,-0.021781,0.999577,0,0.93617,-0.40000,56.170,-0.800,-1,375.000,-1,375.000,-1,300.000,300.000,325.000,325.000,-1,400.000,375.000,-1,675.000,725.000,-1,-1,2,0,2,0,2,0,0,0,0,2,0,0,2,0,0,2,2
39,303.207,8642.812,-63.091,-94.634,-0.081136,0.996494,0.020425,-0.996571,-0.080775,-0.017918,-0.016205,-0.021809,0.999631,0,0.93617,-0.28000,56.170,-0.560,-1,375.000,-1,375.000,-1,300.000,300.000,325.000,325.000,-1,350.000,325.000,-1,700.000,725.000,-1,-1,2,0,2,0,2,0,0,0,0,2,0,0,2,0,0,2,2
40,298.356,8586.852,-64.632,-94.954,-0.086639,0.996029,0.020478,-0.996151,-0.086339,-0.015095,-0.013267,-0.021707,0.999676,0,0.93617,-0.16000,56.170,-0.320,-1,375.000,-1,375.000,-1,300.000,300.000,325.000,325.000,-1,325.000,300.000,-1,700.000,750.000,-1,-1,2,0,2,0,2,0,0,0,0,2,0,0,2,0,0,2,2
41,293.426,8530.898,-65.873,-95.034,-0.087969,0.995938,0.019229,-0.996062,-0.087733,-0.012795,-0.011056,-0.020279,0.999733,0,0.93617,-0.04000,56.170,-0.080,-1,375.000,-1,375.000,-1,300.000,300.000,325.000,300.000,-1,325.000,300.000,-1,700.000,750.000,-1,-1,2,0,2,0,2,0,0,0,0,2,0,0,2,0,0,2,2
42,288.653,8474.931,-66.360,-94.874,-0.085151,0.996207,0.017895,-0.996318,-0.084954,-0.011510,-0.009946,-0.018809,0.999774,0,0.93617,0.08000,56.170,0.160,-1,375.000,-1,375.000,-1,300.000,300.000,325.000,300.000,-1,350.000,325.000,-1,725.000,775.000,-1,-1,2,0,2,0,2,0,0,0,0,2,0,0,2,0,0,2,2
43,284.271,8418.932,-66.644,-94.474,-0.078171,0.996789,0.017366,-0.996899,-0.077998,-0.010437,-0.009049,-0.018128,0.999795,0,0.93617,0.20000,56.170,0.400,-1,375.000,-1,400.000,-1,300.000,300.000,325.000,325.000,-1,400.000,375.000,-1,750.000,825.000,-1,-1,2,0,2,0,2,0,0,0,0,2,0,0,2,0,0,2,2
44,280.514,8362.887,-66.943,-93.834,-0.067011,0.997610,0.016856,-0.997718,-0.066860,-0.009379,-0.008229,-0.017446,0.999814,0,0.93617,0.32000,56.170,0.640,-1,375.000,-1,400.000,-1,300.000,325.000,325.000,325.000,-1,450.000,400.000,-1,775.000,850.000,-1,-1,2,0,2,0,2,0,0,0,0,2,0,0,2,0,0,2,2
45,277.619,8306.792,-67.260,-92.954,-0.051662,0.998531,0.016361,-0.998637,-0.051531,-0.008330,-0.007475,-0.016769,0.999831,0,0.93617,0.44000,56.170,0.880,-1,375.000,-1,400.000,-1,300.000,325.000,325.000,325.000,-1,475.000,450.000,-1,800.000,900.000,-1,-1,2,0,2,0,2,0,0,0,0,2,0,0,2,0,0,2,2
46,275.821,8250.650,-67.595,-91.834,-0.032116,0.999358,0.015877,-0.999461,-0.032004,-0.007287,-0.006774,-0.016103,0.999847,0,0.93617,0.56000,56.170,1.120,-1,375.000,-1,400.000,-1,300.000,325.000,325.000,325.000,-1,500.000,475.000,-1,825.000,925.000,-1,-1,2,0,2,0,2,0,0,0,0,2,0,0,2,0,0,2,2
47,275.196,8194.483,-67.949,-90.638,-0.011227,0.999818,0.015392,-0.999919,-0.011132,-0.006239,-0.006066,-0.015461,0.999862,0,0.93617,0.59815,56.170,1.196,-1,375.000,-1,400.000,-1,300.000,325.000,325.000,325.000,-1,525.000,525.000,-1,850.000,975.000,-1,-1,2,0,2,0,2,0,0,0,0,2,0,0,2,0,0,2,2
48,275.743,8138.316,-68.319,-89.442,0.009666,0.999842,0.014904,-0.999939,0.009744,-0.005178,-0.005323,-0.014853,0.999876,0,0.93617,0.59815,56.170,1.196,-1,400.000,-1,400.000,-1,300.000,325.000,325.000,325.000,-1,550.000,550.000,-1,875.000,-1,-1,-1,2,0,2,0,2,0,0,0,0,2,0,0,2,0,2,2,2
49,277.531,8086.977,-68.673,-88.005,0.034739,0.999292,0.014462,-0.999385,0.034803,-0.004208,-0.004708,-0.014307,0.999887,0,0.85617,0.71815,51.370,1.436,-1,400.000,-1,425.000,-1,325.000,325.000,325.000,325.000,-1,575.000,575.000,-1,900.000,-1,-1,-1,2,0,2,0,2,0,0,0,0,2,0,0,2,0,2,2,2
50,280.646,8038.424,-69.021,-86.329,0.063968,0.997853,0.014047,-0.997943,0.064020,-0.003281,-0.004173,-0.013808,0.999896,0,0.81088,0.83815,48.653,1.676,-1,400.000,-1,425.000,-1,325.000,325.000,325.000,325.000,-1,600.000,600.000,-1,900.000,-1,-1,-1,2,0,2,0,2,0,0,0,0,2,0,0,2,0,2,2,2
51,285.383,7990.002,-69.383,-84.413,0.097312,0.995161,0.013634,-0.995247,0.097353,-0.002336,-0.003652,-0.013342,0.999904,0,0.81088,0.95815,48.653,1.916,-1,425.000,-1,450.000,-1,325.000,350.000,325.000,325.000,-1,625.000,625.000,-1,925.000,-1,-1,-1,2,0,2,0,2,0,0,0,0,2,0,0,2,0,2,2,2
52,291.807,7941.775,-69.759,-82.413,0.131995,0.991162,0.013227,-0.991246,0.132025,-0.001359,-0.003093,-0.012932,0.999912,0,0.81088,1.00000,48.653,2.000,-1,425.000,-1,450.000,-1,350.000,350.000,325.000,325.000,-1,650.000,650.000,-1,975.000,-1,-1,-1,2,0,2,0,2,0,0,0,0,2,0,0,2,0,2,2,2
53,299.935,7893.653,-70.227,-80.413,0.166509,0.985959,0.012656,-0.986035,0.166537,-0.001152,-0.003244,-0.012287,0.999919,0,0.81339,1.00000,48.804,2.000,-1,425.000,-1,450.000,-1,350.000,350.000,325.000,325.000,-1,675.000,700.000,-1,975.000,-1,-1,-1,2,0,2,0,2,0,0,0,0,2,0,0,2,0,2,2,2
54,309.796,7845.554,-71.309,-78.413,0.200805,0.979576,0.010401,-0.979615,0.200851,-0.003587,-0.005603,-0.009469,0.999939,0,0.81832,1.00000,49.099,2.000,-1,425.000,-1,450.000,-1,350.000,350.000,325.000,300.000,-1,775.000,775.000,-1,975.000,-1,-1,-1,2,0,2,0,2,0,0,0,0,2,0,0,2,0,2,2,2
55,321.403,7797.529,-72.296,-76.413,0.234867,0.971993,0.008157,-0.971993,0.234921,-0.006416,-0.008152,-0.006421,0.999946,0,0.82347,1.00000,49.408,2.000,-1,425.000,-1,450.000,-1,350.000,350.000,325.000,300.000,-1,875.000,875.000,-1,975.000,-1,-1,-1,2,0,2,0,2,0,0,0,0,2,0,0,2,1,2,2,2
56,334.766,7749.627,-73.638,-74.413,0.268627,0.963210,0.008089,-0.963168,0.268702,-0.010308,-0.012102,-0.005022,0.999914,0,0.82884,1.00000,49.730,2.000,-1,425.000,-1,450.000,-1,350.000,350.000,325.000,300.000,-1,-1,-1,-1,900.000,-1,-1,-1,2,0,2,0,2,0,0,0,0,2,2,2,2,1,2,2,2
57,349.894,7701.902,-74.974,-72.413,0.302061,0.953251,0.008458,-0.953155,0.302155,-0.014074,-0.015972,-0.003811,0.999865,0,0.83442,1.00000,50.065,2.000,-1,425.000,-1,450.000,-1,350.000,350.000,325.000,300.000,-1,-1,-1,-1,850.000,-1,-1,-1,2,0,2,0,2,0,0,0,0,2,2,2,2,1,2,2,2
58,366.794,7654.406,-76.275,-70.413,0.335127,0.942129,0.009143,-0.941967,0.335241,-0.017637,-0.019681,-0.002702,0.999803,0,0.84021,1.00000,50.413,2.000,-1,425.000,-1,425.000,-1,325.000,350.000,325.000,300.000,-1,-1,-1,-1,800.000,-1,1000.000,-1,2,0,2,0,2,0,0,0,0,2,2,2,2,1,2,1,2
59,385.474,7607.195,-77.538,-68.413,0.367782,0.929857,0.010127,-0.929622,0.367917,-0.020972,-0.023226,-0.001701,0.999729,0,0.84621,1.00000,50.773,2.000,-1,400.000,-1,425.000,-1,325.000,350.000,325.000,300.000,-1,-1,-1,-1,775.000,-1,950.000,-1,2,0,2,0,2,0,0,0,0,2,2,2,2,1,2,1,2
60,405.939,7560.323,-78.757,-66.413,0.399983,0.916452,0.011392,-0.916136,0.400145,-0.024053,-0.026602,-0.000816,0.999646,0,0.85241,1.00000,51.144,2.000,-1,400.000,-1,425.000,-1,325.000,325.000,300.000,325.000,-1,-1,-1,-1,725.000,-1,900.000,-1,2,0,2,0,2,0,0,0,0,2,2,2,2,1,2,1,2
61,427.245,7515.830,-79.955,-64.413,0.431699,0.901929,0.012678,-0.901521,0.431885,-0.027101,-0.029918,0.000270,0.999552,0,0.82218,1.00000,49.331,2.000,-1,400.000,-1,425.000,-1,325.000,325.000,300.000,325.000,-1,-1,-1,-1,700.000,-1,850.000,-1,2,0,2,0,2,0,0,0,0,2,2,2,2,1,2,1,2
62,450.265,7471.772,-81.176,-62.413,0.462887,0.886306,0.014081,-0.885792,0.463098,-0.030196,-0.033283,0.001505,0.999445,0,0.82849,1.00000,49.710,2.000,-1,400.000,-1,425.000,-1,325.000,325.000,300.000,325.000,-1,-1,-1,-1,675.000,1000.000,825.000,-1,2,0,2,0,2,0,0,0,0,2,2,2,2,1,1,1,2
63,475.001,7428.206,-82.337,-60.413,0.493502,0.869602,0.015752,-0.868980,0.493747,-0.032983,-0.036460,0.002590,0.999332,0,0.83497,1.00000,50.098,2.000,-1,375.000,-1,425.000,-1,325.000,325.000,300.000,325.000,-1,-1,-1,-1,625.000,950.000,775.000,-1,2,0,2,0,2,0,0,0,0,2,2,2,2,1,1,1,2
64,501.451,7385.191,-83.653,-58.413,0.523545,0.851836,0.016642,-0.851114,0.523791,-0.035316,-0.038800,0.004325,0.999238,0,0.84160,1.00000,50.496,2.000,-1,375.000,950.000,425.000,-1,325.000,325.000,300.000,325.000,-1,-1,-1,-1,600.000,900.000,750.000,-1,2,0,1,0,2,0,0,0,0,2,2,2,2,1,1,1,2
65,529.610,7342.788,-85.566,-56.413,0.553056,0.833015,0.014627,-0.832231,0.553187,-0.037097,-0.038993,0.008344,0.999205,0,0.84836,1.00000,50.902,2.000,-1,375.000,875.000,425.000,-1,325.000,325.000,300.000,325.000,-1,-1,-1,-1,575.000,875.000,725.000,1000.000,2,0,1,0,2,0,0,0,0,2,2,2,2,1,1,1,1
66,559.472,7301.057,-87.394,-54.413,0.581884,0.813170,0.012845,-0.812335,0.581899,-0.038803,-0.039028,0.012144,0.999164,0,0.85525,1.00000,51.315,2.000,-1,375.000,775.000,450.000,-1,325.000,325.000,300.000,325.000,-1,-1,-1,-1,550.000,850.000,700.000,950.000,2,1,1,0,2,0,0,0,0,2,2,2,2,1,1,1,1
67,591.029,7260.061,-89.690,-52.413,0.610023,0.792307,0.011045,-0.791344,0.609877,-0.042721,-0.040584,0.017320,0.999026,0,0.86225,1.00000,51.735,2.000,-1,375.000,700.000,425.000,925.000,300.000,325.000,300.000,325.000,-1,-1,-1,-1,525.000,800.000,675.000,875.000,2,1,1,0,1,1,0,0,0,2,2,2,2,1,1,1,1
68,624.269,7219.865,-92.029,-50.413,0.637407,0.770464,0.009881,-0.769359,0.637094,-0.046886,-0.042419,0.022284,0.998851,0,0.86932,1.00000,52.159,2.000,-1,350.000,625.000,425.000,825.000,300.000,325.000,325.000,325.000,-1,-1,-1,-1,500.000,725.000,675.000,825.000,2,1,1,0,1,1,0,0,0,2,2,2,2,1,1,1,1
69,659.175,7180.532,-94.258,-48.413,0.663999,0.747676,0.009216,-0.746433,0.663521,-0.050780,-0.044082,0.026839,0.998667,0,0.87646,1.00000,52.588,2.000,-1,350.000,575.000,425.000,750.000,275.000,325.000,325.000,325.000,-1,-1,-1,-1,450.000,600.000,650.000,775.000,2,1,1,0,1,1,1,0,0,2,2,2,2,1,1,1,1
70,695.730,7142.131,-96.372,-46.413,0.689764,0.723978,0.009026,-0.722598,0.689127,-0.054362,-0.045577,0.030975,0.998480,0,0.88363,1.00000,53.018,2.000,-1,325.000,500.000,375.000,700.000,275.000,275.000,325.000,325.000,-1,-1,-1,-1,425.000,500.000,625.000,700.000,2,1,1,1,1,1,1,0,0,2,2,2,2,1,1,1,1
71,733.909,7104.727,-98.659,-44.413,0.714646,0.699425,0.009292,-0.697974,0.713911,-0.056253,-0.045978,0.033715,0.998373,0,0.89080,1.00000,53.448,2.000,-1,300.000,450.000,325.000,650.000,250.000,250.000,325.000,325.000,-1,-1,-1,-1,400.000,425.000,600.000,625.000,2,1,1,1,1,1,1,0,0,2,2,2,2,1,1,1,1
72,773.686,7068.391,-101.158,-42.413,0.738641,0.674035,0.009274,-0.672583,0.737832,-0.056885,-0.045185,0.035780,0.998338,0,0.89792,1.00000,53.875,2.000,-1,275.000,400.000,275.000,600.000,225.000,225.000,325.000,350.000,-1,-1,-1,-1,375.000,350.000,575.000,500.000,2,1,1,1,1,1,1,0,0,2,2,2,2,1,1,1,1
73,815.022,7033.187,-103.506,-40.420,0.761638,0.647933,0.009506,-0.646485,0.760776,-0.057243,-0.044322,0.037453,0.998315,0,0.90494,0.99630,54.297,1.993,-1,250.000,325.000,225.000,525.000,200.000,200.000,325.000,350.000,-1,-1,-1,-1,325.000,300.000,600.000,400.000,2,1,1,1,1,1,1,0,0,2,2,2,2,1,1,1,1
74,853.669,7002.262,-105.502,-38.668,0.781095,0.624334,0.009901,-0.622894,0.780202,-0.057338,-0.043523,0.038619,0.998306,0,0.82494,0.87630,49.497,1.753,-1,225.000,300.000,200.000,450.000,175.000,175.000,325.000,350.000,-1,-1,-1,-1,300.000,225.000,600.000,300.000,2,1,1,1,1,1,1,0,0,2,2,2,2,1,1,1,1
75,889.291,6975.266,-105.416,-37.155,0.797186,0.603648,0.010175,-0.602564,0.796577,-0.048808,-0.037569,0.032778,0.998756,0,0.74494,0.75630,44.697,1.513,-1,225.000,250.000,175.000,325.000,175.000,150.000,325.000,375.000,-1,-1,-1,-1,275.000,200.000,650.000,250.000,2,1,1,1,1,1,1,0,0,2,2,2,2,1,1,1,1
76,921.613,6951.880,-101.966,-35.882,0.810216,0.586056,0.009408,-0.585698,0.810130,-0.025430,-0.022525,0.015093,0.999632,0,0.66494,0.63630,39.897,1.273,-1,225.000,250.000,150.000,300.000,175.000,150.000,300.000,425.000,-1,425.000,750.000,-1,275.000,200.000,-1,225.000,2,1,1,1,1,1,1,0,0,2,0,0,2,1,1,2,1
77,950.414,6931.825,-98.389,-34.850,0.820617,0.571424,0.007861,-0.571424,0.820651,-0.002503,-0.007881,-0.002438,0.999966,0,0.58494,0.51630,35.097,1.033,-1,200.000,225.000,150.000,250.000,175.000,125.000,300.000,500.000,-1,250.000,375.000,-1,275.000,175.000,-1,200.000,2,1,1,1,1,1,1,0,0,2,0,0,2,1,1,2,1
78,975.515,6914.860,-94.944,-34.057,0.828526,0.559919,0.005906,-0.559921,0.828332,0.018836,0.005654,-0.018913,0.999805,0,0.50494,0.39630,30.297,0.793,-1,200.000,225.000,150.000,225.000,150.000,125.000,275.000,575.000,-1,150.000,325.000,-1,275.000,175.000,-1,175.000,2,1,1,1,1,1,1,0,0,2,0,0,2,1,1,2,1
79,6231.356,-327.965,-240.341,-3.315,0.998327,0.057828,-0.000156,-0.057822,0.998256,0.011891,0.000844,-0.011862,0.999929,1,0.00000,0.00000,25.497,0.783,-1,400.000,-1,400.000,-1,325.000,325.000,300.000,300.000,-1,-1,-1,-1,775.000,800.000,-1,-1,2,0,2,0,2,0,0,0,0,2,2,2,2,0,0,2,2
80,6236.149,-328.223,-240.335,-3.075,0.998560,0.053646,-0.000058,-0.053642,0.998490,0.011826,0.000692,-0.011806,0.999930,0,0.08000,0.12000,4.800,0.240,-1,400.000,-1,400.000,-1,325.000,325.000,300.000,300.000,-1,-1,-1,-1,775.000,800.000,-1,-1,2,0,2,0,2,0,0,0,0,2,2,2,2,0,0,2,2
81,6245.739,-328.666,-240.326,-2.646,0.998934,0.046166,0.000138,-0.046164,0.998865,0.011698,0.000402,-0.011692,0.999932,0,0.16000,0.21458,9.600,0.429,-1,400.000,-1,400.000,-1,325.000,325.000,300.000,300.000,-1,-1,-1,-1,775.000,800.000,-1,-1,2,0,2,0,2,0,0,0,0,2,2,2,2,0,0,2,2
82,6260.128,-329.223,-240.314,-2.217,0.999251,0.038685,0.000431,-0.038688,0.999185,0.011512,0.000014,-0.011520,0.999934,0,0.24000,0.21451,14.400,0.429,-1,400.000,-1,400.000,-1,325.000,325.000,300.000,300.000,-1,-1,-1,-1,775.000,800.000,-1,-1,2,0,2,0,2,0,0,0,0,2,2,2,2,0,0,2,2
83,6279.319,-329.822,-240.302,-1.788,0.999513,0.031205,0.000821,-0.031212,0.999449,0.011267,-0.000469,-0.011287,0.999936,0,0.32000,0.21445,19.200,0.429,-1,400.000,-1,400.000,-1,325.000,325.000,300.000,300.000,-1,-1,-1,-1,775.000,800.000,-1,-1,2,0,2,0,2,0,0,0,0,2,2,2,2,0,0,2,2
84,6303.312,-330.392,-240.290,-1.359,0.999718,0.023724,0.001307,-0.023737,0.999658,0.010962,-0.001046,-0.010990,0.999939,0,0.40000,0.21441,24.000,0.429,-1,400.000,-1,400.000,-1,325.000,325.000,300.000,300.000,-1,-1,-1,-1,775.000,800.000,-1,-1,2,0,2,0,2,0,0,0,0,2,2,2,2,0,0,2,2
85,6332.108,-330.860,-240.279,-0.931,0.999866,0.016240,0.001887,-0.016260,0.999812,0.010598,-0.001715,-0.010627,0.999942,0,0.48000,0.21444,28.800,0.429,-1,400.000,-1,400.000,-1,325.000,325.000,300.000,300.000,-1,-1,-1,-1,775.000,800.000,-1,-1,2,0,2,0,2,0,0,0,0,2,2,2,2,0,0,2,2
86,6365.707,-331.154,-240.271,-0.501,0.999958,0.008752,0.002561,-0.008777,0.999910,0.010173,-0.002472,-0.010195,0.999945,0,0.56000,0.21457,33.600,0.429,-1,400.000,-1,400.000,-1,325.000,325.000,300.000,300.000,-1,-1,-1,-1,775.000,800.000,-1,-1,2,0,2,0,2,0,0,0,0,2,2,2,2,0,0,2,2
87,6404.107,-331.202,-240.265,-0.072,0.999994,0.001253,0.003328,-0.001285,0.999952,0.009686,-0.003316,-0.009691,0.999948,0,0.64000,0.21484,38.400,0.430,-1,400.000,-1,400.000,-1,325.000,325.000,300.000,300.000,-1,-1,-1,-1,775.000,800.000,-1,-1,2,0,2,0,2,0,0,0,0,2,2,2,2,0,0,2,2
88,6437.705,-330.851,-240.261,0.598,0.999938,-0.010435,0.003996,0.010398,0.999903,0.009262,-0.004092,-0.009220,0.999949,0,0.56000,0.33484,33.600,0.670,-1,400.000,-1,400.000,-1,325.000,325.000,300.000,300.000,-1,-1,-1,-1,775.000,800.000,-1,-1,2,0,2,0,2,0,0,0,0,2,2,2,2,0,0,2,2
89,6466.495,-330.094,-240.260,1.508,0.999643,-0.026309,0.004565,0.026267,0.999615,0.008903,-0.004797,-0.008780,0.999950,0,0.48000,0.45484,28.800,0.910,-1,400.000,-1,400.000,-1,325.000,325.000,300.000,300.000,-1,-1,-1,-1,750.000,800.000,-1,-1,2,0,2,0,2,0,0,0,0,2,2,2,2,0,0,2,2
90,6490.469,-328.981,-240.261,2.657,0.998912,-0.046360,0.005038,0.046316,0.998890,0.008615,-0.005432,-0.008372,0.999950,0,0.40000,0.57484,24.000,1.150,-1,400.000,-1,400.000,-1,325.000,325.000,300.000,300.000,-1,-1,-1,-1,750.000,800.000,-1,-1,2,0,2,0,2,0,0,0,0,2,2,2,2,0,0,2,2
91,6509.624,-327.667,-240.263,3.925,0.997640,-0.068446,0.005418,0.068399,0.997623,0.008397,-0.005980,-0.008006,0.999950,0,0.32000,0.63378,19.200,1.268,-1,400.000,-1,400.000,-1,325.000,325.000,300.000,300.000,-1,-1,-1,-1,750.000,800.000,-1,-1,2,0,2,0,2,0,0,0,0,2,2,2,2,0,0,2,2
92,6523.965,-326.363,-240.265,5.194,0.995878,-0.090520,0.005706,0.090471,0.995865,0.008248,-0.006429,-0.007698,0.999950,0,0.24000,0.63441,14.400,1.269,-1,400.000,-1,400.000,-1,325.000,325.000,300.000,300.000,-1,-1,-1,-1,750.000,800.000,-1,-1,2,0,2,0,2,0,0,0,0,2,2,2,2,0,0,2,2
93,6533.504,-325.283,-240.306,6.464,0.993627,-0.112568,0.005804,0.112520,0.993617,0.008013,-0.006669,-0.007309,0.999951,0,0.16000,0.63495,9.600,1.270,-1,400.000,-1,400.000,-1,325.000,325.000,300.000,300.000,-1,-1,-1,-1,750.000,800.000,-1,-1,2,0,2,0,2,0,0,0,0,2,2,2,2,0,0,2,2
94,6538.260,-324.637,-240.348,7.734,0.990886,-0.134575,0.005848,0.134528,0.990879,0.007842,-0.006850,-0.006984,0.999952,0,0.08000,0.63535,4.800,1.271,-1,400.000,-1,400.000,-1,325.000,325.000,300.000,300.000,-1,-1,-1,-1,750.000,800.000,-1,-1,2,0,2,0,2,0,0,0,0,2,2,2,2,0,0,2,2
95,6538.260,-324.637,-240.368,9.005,0.987657,-0.156524,0.005843,0.156477,0.987651,0.007817,-0.006994,-0.006807,0.999952,0,-0.00000,0.63557,-0.000,1.271,-1,400.000,-1,400.000,-1,325.000,325.000,300.000,300.000,-1,-1,-1,-1,750.000,800.000,-1,-1,2,0,2,0,2,0,0,0,0,2,2,2,2,0,0,2,2
96,6533.537,-325.493,-240.360,10.277,0.983942,-0.178395,0.005773,0.178348,0.983935,0.007953,-0.007099,-0.006795,0.999952,0,-0.08000,0.63557,-4.800,1.271,-1,400.000,-1,400.000,-1,325.000,325.000,300.000,300.000,-1,-1,-1,-1,750.000,800.000,-1,-1,2,0,2,0,2,0,0,0,0,2,2,2,2,0,0,2,2
97,6524.132,-327.415,-240.323,11.547,0.979745,-0.200170,0.005631,0.200121,0.979736,0.008250,-0.007168,-0.006956,0.999950,0,-0.16000,0.63532,-9.600,1.271,-1,400.000,-1,400.000,-1,325.000,325.000,300.000,300.000,-1,-1,-1,-1,725.000,800.000,-1,-1,2,0,2,0,2,0,0,0,0,2,2,2,2,0,0,2,2
98,6510.090,-330.609,-240.261,12.817,0.975071,-0.221828,0.005434,0.221777,0.975059,0.008693,-0.007227,-0.007271,0.999947,0,-0.24000,0.63478,-14.400,1.270,-1,400.000,-1,400.000,-1,325.000,325.000,300.000,300.000,-1,-1,-1,-1,725.000,800.000,-1,-1,2,0,2,0,2,0,0,0,0,2,2,2,2,0,0,2,2
99,6491.468,-335.281,-240.172,14.085,0.969925,-0.243348,0.005189,0.243294,0.969908,0.009271,-0.007289,-0.007729,0.999944,0,-0.32000,0.63395,-19.200,1.268,-1,375.000,-1,400.000,-1,325.000,325.000,300.000,300.000,-1,-1,-1,-1,725.000,800.000,-1,-1,2,0,2,0,2,0,0,0,0,2,2,2,2,0,0,2,2
100,6468.782,-341.509,-240.074,15.350,0.964316,-0.264710,0.004842,0.264654,0.964293,0.009890,-0.007287,-0.008256,0.999939,0,-0.39209,0.63279,-23.525,1.266,-1,375.000,-1,400.000,-1,325.000,325.000,300.000,300.000,-1,-1,-1,-1,725.000,800.000,-1,-1,2,0,2,0,2,0,0,0,0,2,2,2,2,0,0,2,2
101,6446.195,-348.248,-239.998,16.613,0.958251,-0.285893,0.004431,0.285837,0.958222,0.010370,-0.007211,-0.008671,0.999936,0,-0.39284,0.63133,-23.570,1.263,-1,375.000,-1,400.000,-1,325.000,325.000,300.000,300.000,-1,-1,-1,-1,725.000,800.000,-1,-1,2,0,2,0,2,0,0,0,0,2,2,2,2,0,0,2,2
102,6423.718,-355.496,-239.913,17.873,0.951737,-0.306888,0.004018,0.306831,0.951702,0.010845,-0.007152,-0.009088,0.999933,0,-0.39362,0.62983,-23.617,1.260,-1,375.000,-1,400.000,-1,325.000,325.000,300.000,300.000,-1,-1,-1,-1,725.000,825.000,-1,-1,2,0,2,0,2,0,0,0,0,2,2,2,2,0,0,2,2
103,6401.358,-363.251,-239.819,19.129,0.944781,-0.327683,0.003602,0.327626,0.944740,0.011311,-0.007109,-0.009507,0.999930,0,-0.39444,0.62828,-23.666,1.257,-1,375.000,-1,400.000,-1,325.000,325.000,300.000,300.000,-1,-1,-1,-1,725.000,825.000,-1,-1,2,0,2,0,2,0,0,0,0,2,2,2,2,0,0,2,2
104,6379.126,-371.511,-239.714,20.383,0.937389,-0.348269,0.003183,0.348211,0.937342,0.011769,-0.007082,-0.009924,0.999926,0,-0.39529,0.62670,-23.718,1.253,-1,375.000,-1,400.000,-1,325.000,325.000,300.000,300.000,-1,-1,-1,-1,725.000,825.000,-1,-1,2,0,2,0,2,0,0,0,0,2,2,2,2,0,0,2,2
105,6357.029,-380.275,-239.598,21.633,0.929570,-0.368635,0.002761,0.368577,0.929517,0.012217,-0.007070,-0.010339,0.999922,0,-0.39618,0.62507,-23.771,1.250,-1,375.000,-1,400.000,-1,325.000,325.000,300.000,300.000,-1,-1,-1,-1,725.000,825.000,-1,-1,2,0,2,0,2,0,0,0,0,2,2,2,2,0,0,2,2
106,6339.520,-387.578,-239.499,22.643,0.922929,-0.384963,0.002422,0.384906,0.922870,0.012566,-0.007073,-0.010665,0.999918,0,-0.31618,0.50507,-18.971,1.010,-1,375.000,-1,400.000,-1,325.000,325.000,300.000,300.000,-1,-1,-1,-1,725.000,825.000,-1,-1,2,0,2,0,2,0,0,0,0,2,2,2,2,0,0,2,2
107,6326.516,-393.209,-239.421,23.413,0.917673,-0.397332,0.002169,0.397274,0.917610,0.012820,-0.007084,-0.010903,0.999915,0,-0.23618,0.38507,-14.171,0.770,-1,375.000,-1,400.000,-1,325.000,325.000,300.000,300.000,-1,-1,-1,-1,725.000,800.000,-1,-1,2,0,2,0,2,0,0,0,0,2,2,2,2,0,0,2,2
108,6317.952,-397.012,-239.367,23.943,0.913958,-0.405804,0.002001,0.405747,0.913893,0.012985,-0.007098,-0.011056,0.999914,0,-0.15618,0.26507,-9.371,0.530,-1,375.000,-1,400.000,-1,325.000,325.000,300.000,300.000,-1,-1,-1,-1,725.000,800.000,-1,-1,2,0,2,0,2,0,0,0,0,2,2,2,2,0,0,2,2
109,6312.361,-399.528,-239.331,24.233,0.911892,-0.410427,0.001890,0.410370,0.911825,0.013091,-0.007097,-0.011162,0.999913,0,-0.10219,0.14507,-6.131,0.290,-1,375.000,-1,400.000,-1,325.000,325.000,300.000,300.000,-1,-1,-1,-1,725.000,800.000,-1,-1,2,0,2,0,2,0,0,0,0,2,2,2,2,0,0,2,2
110,6306.759,-402.056,-239.295,24.283,0.911533,-0.411224,0.001781,0.411167,0.911464,0.013196,-0.007049,-0.011296,0.999911,0,-0.10243,0.02507,-6.146,0.050,-1,375.000,-1,400.000,-1,325.000,325.000,300.000,300.000,-1,-1,-1,-1,725.000,800.000,-1,-1,2,0,2,0,2,0,0,0,0,2,2,2,2,0,0,2,2
111,6301.144,-404.567,-239.259,24.094,0.912891,-0.408201,0.001671,0.408145,0.912820,0.013299,-0.006954,-0.011459,0.999910,0,-0.10252,-0.09493,-6.151,-0.190,-1,375.000,-1,400.000,-1,325.000,325.000,300.000,300.000,-1,-1,-1,-1,725.000,825.000,-1,-1,2,0,2,0,2,0,0,0,0,2,2,2,2,0,0,2,2
112,6295.513,-407.034,-239.225,23.664,0.915928,-0.401340,0.001564,0.401285,0.915855,0.013403,-0.006811,-0.011648,0.999909,0,-0.10245,-0.21493,-6.147,-0.430,-1,375.000,-1,400.000,-1,325.000,325.000,300.000,300.000,-1,-1,-1,-1,725.000,825.000,-1,-1,2,0,2,0,2,0,0,0,0,2,2,2,2,0,0,2,2
113,6289.867,-409.430,-239.191,22.994,0.920557,-0.390605,0.001459,0.390551,0.920482,0.013508,-0.006619,-0.011865,0.999908,0,-0.10223,-0.33493,-6.134,-0.670,-1,375.000,-1,400.000,-1,325.000,325.000,300.000,300.000,-1,-1,-1,-1,725.000,825.000,-1,-1,2,0,2,0,2,0,0,0,0,2,2,2,2,0,0,2,2
114,6284.206,-411.727,-239.160,22.084,0.926644,-0.375938,0.001357,0.375886,0.926566,0.013615,-0.006376,-0.012106,0.999906,0,-0.10183,-0.45493,-6.110,-0.910,-1,375.000,-1,400.000,-1,325.000,325.000,300.000,300.000,-1,-1,-1,-1,725.000,825.000,-1,-1,2,0,2,0,2,0,0,0,0,2,2,2,2,0,0,2,2
115,6278.531,-413.898,-239.131,20.934,0.934001,-0.357267,0.001261,0.357217,0.933920,0.013726,-0.006081,-0.012370,0.999905,0,-0.10125,-0.57493,-6.075,-1.150,-1,375.000,-1,400.000,-1,325.000,325.000,300.000,300.000,-1,-1,-1,-1,725.000,825.000,-1,-1,2,0,2,0,2,0,0,0,0,2,2,2,2,0,0,2,2
116,6272.849,-415.915,-239.105,19.544,0.942392,-0.334508,0.001170,0.334461,0.942308,0.013843,-0.005733,-0.012654,0.999903,0,-0.10049,-0.69493,-6.029,-1.390,-1,375.000,-1,400.000,-1,325.000,325.000,300.000,300.000,-1,-1,-1,-1,725.000,825.000,-1,-1,2,0,2,0,2,0,0,0,0,2,2,2,2,0,0,2,2
117,6267.168,-417.755,-239.083,17.946,0.951355,-0.308095,0.001088,0.308051,0.951267,0.013965,-0.005337,-0.012951,0.999902,0,-0.09953,-0.79912,-5.972,-1.598,-1,375.000,-1,400.000,-1,325.000,325.000,300.000,300.000,-1,-1,-1,-1,725.000,825.000,-1,-1,2,0,2,0,2,0,0,0,0,2,2,2,2,0,0,2,2
118,6261.503,-419.416,-239.064,16.347,0.959581,-0.281432,0.001011,0.281390,0.959490,0.014090,-0.004935,-0.013236,0.999900,0,-0.09840,-0.79944,-5.904,-1.599,-1,375.000,-1,400.000,-1,325.000,325.000,300.000,300.000,-1,-1,-1,-1,725.000,825.000,-1,-1,2,0,2,0,2,0,0,0,0,2,2,2,2,0,0,2,2
119,6255.861,-420.901,-239.048,14.748,0.967062,-0.254540,0.000940,0.254501,0.966968,0.014216,-0.004528,-0.013509,0.999899,0,-0.09723,-0.79973,-5.834,-1.599,-1,400.000,-1,400.000,-1,325.000,325.000,300.000,300.000,-1,-1,-1,-1,725.000,825.000,-1,-1,2,0,2,0,2,0,0,0,0,2,2,2,2,0,0,2,2
120,6250.251,-422.212,-239.035,13.148,0.973791,-0.227441,0.000876,0.227406,0.973694,0.014344,-0.004116,-0.013768,0.999897,0,-0.09602,-0.79998,-5.761,-1.600,-1,400.000,-1,400.000,-1,325.000,325.000,300.000,300.000,-1,-1,-1,-1,750.000,825.000,-1,-1,2,0,2,0,2,0,0,0,0,2,2,2,2,0,0,2,2
121,6244.679,-423.350,-239.026,11.547,0.979763,-0.200158,0.000818,0.200125,0.979663,0.014472,-0.003698,-0.014015,0.999895,0,-0.09479,-0.80020,-5.687,-1.600,-1,400.000,-1,400.000,-1,325.000,325.000,300.000,300.000,-1,-1,-1,-1,750.000,825.000,-1,-1,2,0,2,0,2,0,0,0,0,2,2,2,2,0,0,2,2
122,6239.151,-424.320,-239.019,9.947,0.984972,-0.172712,0.000767,0.172682,0.984869,0.014600,-0.003277,-0.014248,0.999893,0,-0.09353,-0.80039,-5.612,-1.601,-1,400.000,-1,400.000,-1,325.000,325.000,300.000,300.000,-1,-1,-1,-1,750.000,825.000,-1,-1,2,0,2,0,2,0,0,0,0,2,2,2,2,0,0,2,2
123,6233.675,-425.123,-239.014,8.345,0.989413,-0.145126,0.000722,0.145100,0.989307,0.014728,-0.002851,-0.014467,0.999891,0,-0.09225,-0.80055,-5.535,-1.601,-1,400.000,-1,400.000,-1,325.000,325.000,300.000,300.000,-1,-1,-1,-1,750.000,825.000,-1,-1,2,0,2,0,2,0,0,0,0,2,2,2,2,0,0,2,2
124,6232.945,-425.212,-239.023,6.984,0.992581,-0.121585,0.000761,0.121561,0.992474,0.014785,-0.002553,-0.014583,0.999890,0,-0.01225,-0.68055,-0.735,-1.361,-1,400.000,-1,400.000,-1,325.000,325.000,300.000,300.000,-1,-1,-1,-1,750.000,825.000,-1,-1,2,0,2,0,2,0,0,0,0,2,2,2,2,0,0,2,2
125,6236.989,-424.797,-239.042,5.863,0.994769,-0.102143,0.000884,0.102119,0.994662,0.014773,-0.002388,-0.014606,0.999890,0,0.06775,-0.56055,4.065,-1.121,-1,400.000,-1,400.000,-1,325.000,325.000,300.000,300.000,-1,-1,-1,-1,750.000,825.000,-1,-1,2,0,2,0,2,0,0,0,0,2,2,2,2,0,0,2,2
126,6245.821,-424.027,-239.069,4.982,0.996222,-0.086836,0.001090,0.086810,0.996117,0.014692,-0.002362,-0.014542,0.999891,0,0.14775,-0.44055,8.865,-0.881,-1,400.000,-1,400.000,-1,325.000,325.000,300.000,300.000,-1,-1,-1,-1,750.000,825.000,-1,-1,2,0,2,0,2,0,0,0,0,2,2,2,2,0,0,2,2
127,6259.447,-422.993,-239.103,4.341,0.997131,-0.075685,0.001380,0.075657,0.997028,0.014543,-0.002476,-0.014397,0.999893,0,0.22775,-0.32055,13.665,-0.641,-1,400.000,-1,400.000,-1,325.000,325.000,300.000,300.000,-1,-1,-1,-1,750.000,825.000,-1,-1,2,0,2,0,2,0,0,0,0,2,2,2,2,0,0,2,2
128,6277.868,-421.724,-239.142,3.940,0.997636,-0.068703,0.001752,0.068671,0.997536,0.014326,-0.002732,-0.014172,0.999896,0,0.30775,-0.20055,18.465,-0.401,-1,400.000,-1,400.000,-1,325.000,325.000,300.000,300.000,-1,-1,-1,-1,750.000,800.000,-1,-1,2,0,2,0,2,0,0,0,0,2,2,2,2,0,0,2,2
129,6301.083,-420.191,-239.186,3.779,0.997824,-0.065898,0.002205,0.065861,0.997730,0.014044,-0.003126,-0.013868,0.999899,0,0.38775,-0.08055,23.265,-0.161,-1,400.000,-1,400.000,-1,325.000,325.000,300.000,300.000,-1,-1,-1,-1,750.000,800.000,-1,-1,2,0,2,0,2,0,0,0,0,2,2,2,2,0,0,2,2
130,6329.084,-418.303,-239.236,3.858,0.997731,-0.067272,0.002739,0.067229,0.997644,0.013695,-0.003654,-0.013480,0.999902,0,0.46775,0.03945,28.065,0.079,-1,400.000,-1,400.000,-1,325.000,325.000,300.000,300.000,-1,-1,-1,-1,750.000,800.000,-1,-1,2,0,2,0,2,0,0,0,0,2,2,2,2,0,0,2,2
131,6361.862,-415.909,-239.294,4.177,0.997339,-0.072824,0.003351,0.072774,0.997260,0.013281,-0.004309,-0.013002,0.999906,0,0.54775,0.15945,32.865,0.319,-1,400.000,-1,400.000,-1,325.000,325.000,300.000,300.000,-1,-1,-1,-1,750.000,800.000,-1,-1,2,0,2,0,2,0,0,0,0,2,2,2,2,0,0,2,2
132,6399.398,-412.800,-239.360,4.735,0.996579,-0.082549,0.004041,0.082491,0.996510,0.012799,-0.005083,-0.012422,0.999910,0,0.62775,0.27945,37.665,0.559,-1,400.000,-1,400.000,-1,325.000,325.000,300.000,300.000,-1,-1,-1,-1,750.000,800.000,-1,-1,2,0,2,0,2,0,0,0,0,2,2,2,2,0,0,2,2
133,6441.665,-408.704,-239.435,5.534,0.995328,-0.096436,0.004807,0.096371,0.995270,0.012248,-0.005965,-0.011728,0.999913,0,0.70775,0.39945,42.465,0.799,-1,400.000,-1,400.000,-1,325.000,325.000,300.000,300.000,-1,-1,-1,-1,750.000,800.000,-1,-1,2,0,2,0,2,0,0,0,0,2,2,2,2,0,0,2,2
134,6488.052,-403.415,-239.521,6.506,0.993545,-0.113300,0.005641,0.113229,0.993501,0.011633,-0.006923,-0.010919,0.999916,0,0.77813,0.48580,46.688,0.972,-1,400.000,-1,400.000,-1,325.000,325.000,300.000,300.000,-1,-1,-1,-1,750.000,800.000,-1,-1,2,0,2,0,2,0,0,0,0,2,2,2,2,0,0,2,2
135,6534.270,-397.346,-239.667,7.481,0.991468,-0.130193,0.006335,0.130120,0.991440,0.010771,-0.007683,-0.009855,0.999922,0,0.77691,0.48757,46.615,0.975,-1,400.000,-1,400.000,-1,325.000,325.000,300.000,300.000,-1,-1,-1,-1,750.000,800.000,-1,-1,2,0,2,0,2,0,0,0,0,2,2,2,2,0,0,2,2
136,6580.318,-390.496,-239.968,8.460,0.989094,-0.147120,0.006929,0.147054,0.989085,0.009299,-0.008222,-0.008178,0.999933,0,0.77590,0.48963,46.554,0.979,-1,400.000,-1,400.000,-1,325.000,325.000,300.000,300.000,-1,-1,-1,-1,750.000,800.000,-1,-1,2,0,2,0,2,0,0,0,0,2,2,2,2,0,0,2,2
137,6626.881,-382.753,-240.413,9.442,0.986427,-0.164045,0.007195,0.163985,0.986428,0.008294,-0.008457,-0.007002,0.999940,0,0.78671,0.49083,47.203,0.982,-1,400.000,-1,400.000,-1,325.000,325.000,300.000,300.000,-1,-1,-1,-1,750.000,800.000,-1,-1,2,0,2,0,2,0,0,0,0,2,2,2,2,0,0,2,2
138,6673.218,-374.229,-240.923,10.424,0.983468,-0.180926,0.007494,0.180871,0.983478,0.007526,-0.008732,-0.006047,0.999944,0,0.78524,0.49096,47.114,0.982,-1,400.000,-1,400.000,-1,325.000,325.000,300.000,300.000,-1,-1,-1,-1,750.000,800.000,-1,-1,2,0,2,0,2,0,0,0,0,2,2,2,2,0,0,2,2
