timestep,x_cm,y_cm,z_cm,yaw_deg,basis_xx,basis_xy,basis_xz,basis_yx,basis_yy,basis_yz,basis_zx,basis_zy,basis_zz,teleport_flag,throttle_cmd,steering_cmd,cmd_move_cm,cmd_turn_deg,lidar_cm_0,lidar_cm_1,lidar_cm_2,lidar_cm_3,lidar_cm_4,lidar_cm_5,lidar_cm_6,lidar_cm_7,lidar_cm_8,lidar_cm_9,lidar_cm_10,lidar_cm_11,lidar_cm_12,lidar_cm_13,lidar_cm_14,lidar_cm_15,lidar_cm_16,lidar_class_0,lidar_class_1,lidar_class_2,lidar_class_3,lidar_class_4,lidar_class_5,lidar_class_6,lidar_class_7,lidar_class_8,lidar_class_9,lidar_class_10,lidar_class_11,lidar_class_12,lidar_class_13,lidar_class_14,lidar_class_15,lidar_class_16
0,-7538.528,5574.392,-319.896,-12.532,0.974029,0.216887,0.065018,-0.218424,0.975698,0.017466,-0.059650,-0.031214,0.997731,1,0.08000,0.12000,4.800,0.240,-1,400.000,750.000,400.000,725.000,325.000,325.000,300.000,300.000,-1,-1,-1,-1,700.000,525.000,-1,600.000,2,0,1,0,1,0,0,0,0,2,2,2,2,0,1,2,1
1,-7529.140,5572.387,-320.480,-12.052,0.975798,0.208708,0.065257,-0.210237,0.977495,0.017427,-0.060151,-0.030724,0.997716,0,0.16000,0.24000,9.600,0.480,-1,400.000,750.000,400.000,700.000,325.000,325.000,300.000,300.000,-1,-1,-1,-1,700.000,525.000,-1,600.000,2,0,1,0,1,0,0,0,0,2,2,2,2,0,1,2,1
2,-7515.029,5569.517,-321.358,-11.497,0.977752,0.199233,0.065623,-0.200753,0.979488,0.017382,-0.060813,-0.030170,0.997693,0,0.24000,0.27752,14.400,0.555,-1,400.000,750.000,400.000,675.000,325.000,325.000,300.000,300.000,-1,-1,-1,-1,700.000,500.000,-1,575.000,2,0,1,0,1,0,0,0,0,2,2,2,2,0,1,2,1
3,-7496.178,5565.869,-322.530,-10.951,0.979576,0.189892,0.066118,-0.191408,0.981357,0.017341,-0.061593,-0.029642,0.997661,0,0.32000,0.27303,19.200,0.546,-1,400.000,750.000,400.000,625.000,325.000,325.000,300.000,300.000,-1,-1,-1,-1,675.000,475.000,1000.000,550.000,2,0,1,1,1,1,0,0,0,2,2,2,2,0,1,1,1
4,-7472.574,5561.530,-323.999,-10.416,0.981268,0.180715,0.066747,-0.182230,0.983104,0.017306,-0.062492,-0.029146,0.997620,0,0.40000,0.26773,24.000,0.535,-1,400.000,725.000,375.000,600.000,325.000,325.000,300.000,300.000,-1,-1,-1,-1,675.000,450.000,975.000,525.000,2,0,1,1,1,1,1,0,0,2,2,2,2,0,1,1,1
5,-7444.202,5556.581,-325.766,-9.893,0.982827,0.171736,0.067511,-0.173255,0.984725,0.017284,-0.063512,-0.028683,0.997569,0,0.48000,0.26151,28.800,0.523,1000.000,375.000,700.000,350.000,550.000,325.000,325.000,300.000,300.000,-1,-1,-1,-1,675.000,450.000,950.000,475.000,1,0,1,1,1,1,1,0,0,2,2,2,2,0,1,1,1
6,-7411.052,5551.103,-327.833,-9.384,0.984253,0.162992,0.068414,-0.164519,0.986223,0.017277,-0.064655,-0.028260,0.997507,0,0.56000,0.25424,33.600,0.508,975.000,375.000,700.000,325.000,500.000,300.000,300.000,300.000,300.000,-1,-1,-1,-1,650.000,400.000,925.000,450.000,1,0,1,1,1,1,1,0,0,2,2,2,2,0,1,1,1
7,-7373.113,5545.166,-330.201,-8.893,0.985544,0.154527,0.069458,-0.156067,0.987595,0.017290,-0.065925,-0.027880,0.997435,0,0.64000,0.24578,38.400,0.492,950.000,375.000,650.000,300.000,450.000,300.000,275.000,300.000,300.000,-1,-1,-1,-1,650.000,375.000,900.000,400.000,1,0,1,1,1,1,1,0,0,2,2,2,2,0,1,1,1
8,-7330.379,5538.840,-332.871,-8.421,0.986701,0.146389,0.070645,-0.147947,0.988843,0.017327,-0.067321,-0.027549,0.997351,0,0.72000,0.23595,43.200,0.472,900.000,375.000,625.000,275.000,400.000,300.000,250.000,300.000,300.000,-1,-1,-1,-1,625.000,350.000,850.000,350.000,1,0,1,1,1,1,1,0,0,2,2,2,2,0,1,1,1
9,-7282.868,5532.003,-335.840,-8.189,0.987191,0.142385,0.071977,-0.143975,0.989429,0.017375,-0.068742,-0.027516,0.997255,0,0.80000,0.11595,48.000,0.232,850.000,350.000,575.000,250.000,325.000,275.000,250.000,300.000,300.000,-1,-1,-1,-1,625.000,325.000,800.000,300.000,1,0,1,1,1,1,1,0,0,2,2,2,2,0,1,1,1
10,-7230.607,5524.475,-339.022,-8.197,0.987142,0.142525,0.072362,-0.144117,0.989411,0.017238,-0.069139,-0.027445,0.997229,0,0.88000,-0.00405,52.800,-0.008,800.000,350.000,525.000,225.000,275.000,275.000,225.000,300.000,300.000,-1,-1,-1,-1,600.000,275.000,750.000,250.000,1,0,1,1,1,1,1,0,0,2,2,2,2,0,1,1,1
11,-7173.632,5516.014,-342.176,-8.445,0.986651,0.146815,0.070461,-0.148241,0.988831,0.015416,-0.067411,-0.025655,0.997395,0,0.96000,-0.12405,57.600,-0.248,725.000,350.000,475.000,200.000,200.000,250.000,200.000,300.000,300.000,-1,-1,-1,-1,600.000,250.000,700.000,200.000,1,0,1,1,1,1,1,0,0,2,2,2,2,0,1,1,1
12,-7114.334,5506.888,-338.201,-8.762,0.987093,0.152137,0.050009,-0.154347,0.987047,0.043757,-0.042705,-0.050911,0.997790,0,1.00000,-0.15853,60.000,-0.317,675.000,400.000,475.000,200.000,200.000,250.000,200.000,300.000,375.000,-1,600.000,-1,-1,600.000,225.000,650.000,175.000,1,0,1,1,1,1,1,0,0,2,0,2,2,1,1,1,1
13,-7055.089,5497.409,-333.713,-9.109,0.987050,0.157824,0.028687,-0.159561,0.984372,0.074511,-0.016479,-0.078123,0.996808,0,1.00000,-0.17322,60.000,-0.346,625.000,450.000,500.000,200.000,175.000,275.000,200.000,275.000,450.000,825.000,150.000,300.000,-1,575.000,225.000,600.000,150.000,1,0,1,1,1,1,1,0,0,0,0,0,2,1,1,1,1
14,-6995.905,5487.547,-328.797,-9.487,0.986457,0.163877,0.006821,-0.163656,0.980656,0.107378,0.010908,-0.107040,0.994195,0,1.00000,-0.18915,60.000,-0.378,575.000,475.000,475.000,200.000,150.000,275.000,200.000,275.000,575.000,525.000,75.000,200.000,-1,550.000,225.000,575.000,150.000,1,1,1,1,1,1,1,0,0,0,0,0,2,1,1,1,1
15,-6936.790,5477.267,-323.421,-9.900,0.985272,0.170289,-0.015493,-0.166394,0.975706,0.142519,0.039386,-0.137842,0.989671,0,1.00000,-0.20652,60.000,-0.413,525.000,450.000,475.000,200.000,150.000,275.000,200.000,250.000,700.000,350.000,50.000,175.000,-1,525.000,225.000,525.000,125.000,1,1,1,1,1,1,1,0,0,0,0,0,2,1,1,1,1
16,6231.486,8855.061,179.049,-100.299,-0.180351,0.973817,-0.138399,-0.983539,-0.176947,0.036624,0.011176,0.142726,0.989699,1,0.00000,0.00000,60.000,-0.451,175.000,450.000,-1,500.000,-1,475.000,450.000,300.000,275.000,1000.000,200.000,25.000,725.000,900.000,-1,250.000,-1,1,1,2,0,2,0,0,1,0,1,0,0,0,1,2,1,2
17,6230.650,8850.335,179.067,-100.059,-0.176415,0.974388,-0.139451,-0.984238,-0.172837,0.037458,0.012397,0.143861,0.989520,0,0.08000,0.12000,4.800,0.240,175.000,450.000,-1,500.000,-1,475.000,450.000,300.000,275.000,1000.000,200.000,25.000,725.000,900.000,-1,250.000,-1,1,1,2,0,2,0,0,1,0,1,0,0,0,1,2,1,2
18,6229.058,8840.869,179.121,-99.579,-0.168546,0.975469,-0.141608,-0.985582,-0.164612,0.039136,0.014866,0.146162,0.989149,0,0.16000,0.24000,9.600,0.480,175.000,450.000,-1,525.000,-1,500.000,450.000,300.000,275.000,-1,175.000,25.000,700.000,900.000,-1,250.000,-1,1,1,2,0,2,0,0,1,0,2,0,0,0,1,2,1,2
19,6226.849,8826.641,179.239,-98.859,-0.156755,0.976939,-0.144974,-0.987462,-0.152260,0.041665,0.018631,0.149687,0.988558,0,0.24000,0.36000,14.400,0.720,175.000,450.000,-1,525.000,-1,500.000,450.000,300.000,275.000,-1,175.000,25.000,675.000,875.000,-1,250.000,-1,1,1,2,0,2,0,0,1,0,2,0,0,0,1,2,1,2
20,6224.222,8807.624,179.465,-97.899,-0.141061,0.978615,-0.149713,-0.989716,-0.135768,0.045057,0.023767,0.154529,0.987702,0,0.32000,0.48000,19.200,0.960,175.000,450.000,-1,550.000,-1,525.000,475.000,300.000,275.000,-1,175.000,25.000,650.000,875.000,-1,225.000,-1,1,1,2,0,2,0,0,1,0,2,0,0,0,1,2,1,2
21,6221.438,8783.789,179.861,-96.699,-0.121506,0.980246,-0.156061,-0.992126,-0.115127,0.049316,0.030375,0.160824,0.986515,0,0.40000,0.60000,24.000,1.200,175.000,450.000,-1,550.000,-1,550.000,500.000,275.000,275.000,-1,175.000,25.000,625.000,850.000,-1,225.000,-1,1,1,2,0,2,0,0,1,0,2,0,0,0,1,2,1,2
22,6218.820,8755.111,180.504,-95.259,-0.098159,0.981509,-0.164334,-0.994422,-0.090335,0.054442,0.038590,0.168762,0.984901,0,0.48000,0.72000,28.800,1.440,150.000,450.000,-1,575.000,-1,575.000,500.000,275.000,250.000,-1,175.000,25.000,550.000,850.000,-1,225.000,-1,1,1,2,0,2,0,0,1,0,2,0,0,0,1,2,1,2
23,6216.750,8721.580,181.492,-93.579,-0.071141,0.982004,-0.174950,-0.996283,-0.061413,0.060411,0.048580,0.178598,0.982722,0,0.56000,0.84000,33.600,1.680,150.000,450.000,-1,600.000,-1,575.000,550.000,275.000,250.000,-1,150.000,25.000,475.000,825.000,-1,200.000,-1,1,1,2,0,2,1,0,1,0,2,0,0,0,1,2,1,2
24,6215.675,8683.201,182.946,-91.659,-0.040643,0.981243,-0.188442,-0.997338,-0.028412,0.067159,0.060545,0.190670,0.979785,0,0.64000,0.96000,38.400,1.920,150.000,450.000,-1,650.000,-1,550.000,575.000,275.000,250.000,-1,150.000,0.000,400.000,825.000,-1,200.000,-1,1,1,2,0,2,1,0,1,0,2,0,0,0,1,2,1,2
25,9511.127,5575.334,143.542,-117.126,-0.467085,0.883455,-0.036589,-0.871004,-0.452588,0.191091,0.152261,0.121125,0.980890,1,0.00000,0.00000,43.200,2.000,250.000,325.000,975.000,675.000,-1,325.000,400.000,300.000,250.000,-1,150.000,75.000,350.000,450.000,975.000,275.000,-1,1,1,1,1,2,1,1,1,0,2,0,0,0,1,1,1,2
26,4914.782,-2950.766,403.163,168.818,-0.980694,-0.193910,0.025250,0.194235,-0.980892,0.011123,0.022610,0.015813,0.999619,1,0.08000,0.12000,4.800,0.240,-1,400.000,-1,400.000,-1,325.000,325.000,325.000,300.000,650.000,-1,-1,-1,800.000,875.000,-1,-1,2,0,2,0,2,0,0,0,0,1,2,2,2,0,0,2,2
27,4905.349,-2948.983,403.373,169.298,-0.982287,-0.185686,0.025150,0.186010,-0.982484,0.011195,0.022631,0.015675,0.999621,0,0.16000,0.24000,9.600,0.480,-1,400.000,-1,400.000,-1,325.000,325.000,325.000,300.000,675.000,-1,-1,-1,800.000,875.000,-1,-1,2,0,2,0,2,0,0,0,0,1,2,2,2,0,0,2,2
28,4891.167,-2946.487,403.691,170.018,-0.984547,-0.173326,0.024998,0.173647,-0.984743,0.011293,0.022659,0.015460,0.999624,0,0.24000,0.36000,14.400,0.720,-1,400.000,-1,400.000,-1,325.000,325.000,325.000,300.000,675.000,-1,-1,-1,800.000,875.000,-1,-1,2,0,2,0,2,0,0,0,0,1,2,2,2,0,0,2,2
29,4872.204,-2943.476,404.122,170.978,-0.987319,-0.156803,0.024789,0.157121,-0.987513,0.011410,0.022691,0.015160,0.999628,0,0.32000,0.48000,19.200,0.960,-1,400.000,-1,400.000,-1,325.000,325.000,325.000,300.000,700.000,-1,-1,-1,800.000,875.000,-1,-1,2,0,2,0,2,0,0,0,0,1,2,2,2,0,0,2,2
30,4848.428,-2940.210,404.669,172.178,-0.990393,-0.136089,0.024523,0.136401,-0.990587,0.011529,0.022723,0.014763,0.999633,0,0.40000,0.60000,24.000,1.200,-1,400.000,-1,400.000,-1,325.000,325.000,325.000,300.000,725.000,-1,-1,-1,800.000,900.000,-1,-1,2,0,2,0,2,0,0,0,0,1,2,2,2,0,0,2,2
31,4819.806,-2937.008,405.339,173.618,-0.993509,-0.111153,0.024196,0.111458,-0.993701,0.011634,0.022750,0.014255,0.999640,0,0.48000,0.72000,28.800,1.440,-1,400.000,-1,400.000,-1,325.000,325.000,325.000,300.000,750.000,-1,-1,-1,800.000,900.000,-1,-1,2,0,2,0,2,0,0,0,0,1,2,2,2,0,0,2,2
32,4786.331,-2934.117,406.138,175.064,-0.996007,-0.086042,0.023817,0.086339,-0.996197,0.011720,0.022718,0.013730,0.999648,0,0.56000,0.72302,33.600,1.446,-1,400.000,-1,400.000,-1,325.000,325.000,325.000,300.000,775.000,-1,-1,-1,800.000,900.000,-1,-1,2,0,2,0,2,0,0,0,0,1,2,2,2,0,0,2,2
33,4748.002,-2931.775,407.067,176.505,-0.997866,-0.060961,0.023389,0.061249,-0.998053,0.011777,0.022626,0.013185,0.999657,0,0.64000,0.72056,38.400,1.441,-1,400.000,-1,400.000,-1,325.000,325.000,325.000,300.000,800.000,-1,-1,-1,800.000,900.000,-1,-1,2,0,2,0,2,0,0,0,0,1,2,2,2,0,0,2,2
34,4704.830,-2930.223,408.132,177.940,-0.999091,-0.035940,0.022914,0.036217,-0.999274,0.011790,0.022474,0.012609,0.999668,0,0.72000,0.71772,43.200,1.435,-1,400.000,-1,400.000,-1,325.000,325.000,325.000,300.000,850.000,-1,-1,-1,800.000,875.000,-1,-1,2,0,2,0,2,0,0,0,0,1,2,2,2,0,1,2,2
35,4656.833,-2929.694,409.334,179.369,-0.999689,-0.011011,0.022397,0.011276,-0.999867,0.011742,0.022265,0.011991,0.999680,0,0.80000,0.71445,48.000,1.429,-1,400.000,-1,400.000,-1,325.000,325.000,325.000,325.000,875.000,-1,-1,-1,800.000,825.000,-1,975.000,2,0,2,0,2,0,0,0,0,1,2,2,2,1,1,2,1
36,4605.184,-2930.406,410.648,180.790,-0.999666,0.013793,0.021856,-0.013541,-0.999841,0.011617,0.022013,0.011317,0.999694,0,0.86090,0.71064,51.654,1.421,-1,400.000,-1,425.000,975.000,325.000,325.000,325.000,325.000,900.000,-1,-1,-1,775.000,775.000,975.000,900.000,2,0,2,0,1,0,0,0,0,1,2,2,2,1,1,1,1
37,4553.712,-2932.386,411.486,182.203,-0.999045,0.038436,0.020798,-0.038186,-0.999195,0.012295,0.021254,0.011489,0.999708,0,0.85850,0.70630,51.510,1.413,-1,400.000,-1,400.000,900.000,325.000,325.000,325.000,325.000,950.000,-1,-1,-1,750.000,725.000,925.000,850.000,2,0,2,0,1,0,0,0,0,1,2,2,2,1,1,1,1
38,4502.436,-2935.618,412.194,183.606,-0.997832,0.062897,0.019375,-0.062656,-0.997953,0.012799,0.020140,0.011557,0.999730,0,0.85631,0.70172,51.379,1.403,975.000,400.000,-1,400.000,825.000,325.000,325.000,325.000,300.000,1000.000,-1,-1,-1,725.000,700.000,875.000,800.000,1,0,2,0,1,0,0,0,0,1,2,2,2,1,1,1,1
39,4451.371,-2940.086,412.931,185.000,-0.996032,0.087152,0.017999,-0.086923,-0.996128,0.013146,0.019075,0.011530,0.999752,0,0.85432,0.69689,51.259,1.394,950.000,400.000,-1,400.000,750.000,325.000,325.000,325.000,300.000,-1,-1,-1,-1,675.000,675.000,825.000,750.000,1,0,2,0,1,0,0,0,0,2,2,2,2,1,1,1,1
40,4400.537,-2945.773,413.700,186.384,-0.993660,0.111181,0.016685,-0.110965,-0.993735,0.013337,0.018063,0.011401,0.999772,0,0.85253,0.69183,51.152,1.384,900.000,400.000,-1,400.000,700.000,325.000,325.000,325.000,300.000,-1,-1,-1,-1,650.000,650.000,775.000,700.000,1,0,2,0,1,0,0,0,0,2,2,2,2,1,1,1,1
41,4349.947,-2952.664,414.501,187.757,-0.990730,0.134961,0.015445,-0.134761,-0.990788,0.013368,0.017107,0.011163,0.999791,0,0.85094,0.68654,51.057,1.373,850.000,400.000,-1,400.000,650.000,325.000,325.000,325.000,300.000,-1,-1,-1,-1,625.000,625.000,725.000,650.000,1,0,2,0,1,0,0,0,0,2,2,2,2,1,1,1,1
42,4299.618,-2960.743,415.338,189.119,-0.987260,0.158475,0.014293,-0.158290,-0.987304,0.013242,0.016210,0.010811,0.999810,0,0.84955,0.68103,50.973,1.362,825.000,400.000,-1,400.000,575.000,325.000,325.000,300.000,325.000,-1,-1,-1,-1,600.000,625.000,675.000,625.000,1,0,2,1,1,0,0,0,0,2,2,2,2,1,1,1,1
43,4249.565,-2969.992,416.211,190.470,-0.983264,0.181703,0.013242,-0.181535,-0.983299,0.012959,0.015375,0.010338,0.999828,0,0.84835,0.67531,50.901,1.351,775.000,400.000,-1,400.000,525.000,325.000,325.000,300.000,325.000,-1,-1,-1,-1,550.000,625.000,650.000,575.000,1,0,2,1,1,0,0,0,0,2,2,2,2,1,1,1,1
44,4195.006,-2981.214,417.197,191.623,-0.979422,0.201456,0.012188,-0.201306,-0.979448,0.012519,0.014459,0.009808,0.999847,0,0.92835,0.57657,55.701,1.153,725.000,375.000,-1,400.000,500.000,325.000,325.000,300.000,325.000,-1,-1,-1,-1,525.000,650.000,575.000,550.000,1,1,2,1,1,1,1,0,0,2,2,2,2,1,1,1,1
45,4137.835,-2994.170,418.277,192.769,-0.975206,0.221014,0.011205,-0.220882,-0.975228,0.011902,0.013558,0.009132,0.999866,0,0.97700,0.57322,58.620,1.146,650.000,350.000,875.000,400.000,450.000,300.000,300.000,300.000,325.000,-1,-1,-1,-1,475.000,700.000,525.000,550.000,1,1,1,1,1,1,1,0,0,2,2,2,2,1,1,1,1
46,4082.683,-3007.589,419.353,193.676,-0.971597,0.236415,0.010357,-0.236300,-0.971616,0.011195,0.012709,0.008429,0.999884,0,0.94602,0.45322,56.761,0.906,575.000,325.000,800.000,400.000,400.000,300.000,300.000,300.000,325.000,-1,-1,-1,-1,450.000,775.000,475.000,550.000,1,1,1,1,1,1,1,0,0,2,2,2,2,1,1,1,1
47,4027.345,-3021.738,420.461,194.342,-0.968789,0.247702,0.009581,-0.247603,-0.968806,0.010407,0.011860,0.007710,0.999900,0,0.95197,0.33322,57.118,0.666,525.000,300.000,725.000,400.000,375.000,275.000,300.000,300.000,325.000,-1,-1,-1,-1,400.000,925.000,425.000,600.000,1,1,1,1,1,1,1,0,0,2,2,2,2,1,1,1,1
48,3971.784,-3036.385,421.524,194.768,-0.966914,0.254906,0.010037,-0.254808,-0.966939,0.010131,0.012288,0.007239,0.999898,0,0.95767,0.21322,57.460,0.426,450.000,275.000,650.000,375.000,350.000,250.000,275.000,300.000,325.000,-1,-1,-1,-1,375.000,-1,375.000,700.000,1,1,1,1,1,1,1,0,0,2,2,2,2,1,2,1,1
49,3915.952,-3051.298,422.789,194.955,-0.966062,0.258053,0.011562,-0.257954,-0.966111,0.009410,0.013599,0.006108,0.999889,0,0.96315,0.09322,57.789,0.186,350.000,250.000,600.000,375.000,350.000,225.000,275.000,300.000,350.000,-1,-1,-1,-1,325.000,975.000,300.000,-1,1,1,1,1,1,1,1,0,0,2,2,2,2,1,1,1,2
50,3859.800,-3066.240,423.422,194.901,-0.966307,0.257149,0.011183,-0.257044,-0.966348,0.010007,0.013380,0.006796,0.999887,0,0.96845,-0.02678,58.107,-0.054,275.000,225.000,550.000,350.000,350.000,200.000,250.000,325.000,350.000,-1,-1,-1,-1,300.000,900.000,250.000,-1,1,1,1,1,1,1,1,0,0,2,2,2,2,1,1,1,2
51,3803.274,-3080.978,427.623,194.608,-0.967526,0.252116,0.018199,-0.251482,-0.967354,0.031342,0.025507,0.025747,0.999343,0,0.97358,-0.14678,58.415,-0.294,250.000,225.000,525.000,350.000,325.000,200.000,250.000,375.000,325.000,-1,-1,-1,-1,275.000,-1,225.000,-1,1,1,1,1,1,1,1,0,0,2,2,2,2,1,2,1,2
52,3746.369,-3095.443,432.346,194.248,-0.968976,0.245807,0.025790,-0.244010,-0.968015,0.058359,0.039310,0.050255,0.997962,0,0.97855,-0.17992,58.713,-0.360,225.000,225.000,750.000,350.000,325.000,200.000,250.000,450.000,275.000,-1,450.000,150.000,-1,275.000,-1,200.000,-1,1,1,1,1,1,1,1,0,1,2,0,0,2,1,2,1,2
53,3689.077,-3109.634,436.959,193.885,-0.970408,0.239252,0.032671,-0.235652,-0.967836,0.088102,0.052698,0.077796,0.995576,0,0.98369,-0.18128,59.022,-0.363,200.000,200.000,-1,350.000,325.000,200.000,250.000,525.000,225.000,-1,300.000,50.000,950.000,275.000,-1,175.000,-1,1,1,2,1,1,1,1,0,1,2,0,0,0,1,2,1,2
54,4263.564,2951.691,7.227,-65.509,0.412966,0.909972,-0.037553,-0.908281,0.414530,0.056487,0.066969,0.010782,0.997697,1,0.00000,0.00000,59.345,-0.365,-1,425.000,-1,400.000,-1,325.000,325.000,300.000,300.000,-1,-1,-1,-1,875.000,775.000,-1,-1,2,0,2,0,2,0,0,0,0,2,2,2,2,0,0,2,2
55,4265.572,2947.331,7.569,-65.269,0.416804,0.908232,-0.037267,-0.906544,0.418340,0.056305,0.066728,0.010316,0.997718,0,0.08000,0.12000,4.800,0.240,-1,425.000,-1,400.000,-1,325.000,325.000,300.000,300.000,-1,-1,-1,-1,875.000,775.000,-1,-1,2,0,2,0,2,0,0,0,0,2,2,2,2,0,0,2,2
56,4269.661,2938.646,8.254,-64.789,0.424458,0.904704,-0.036691,-0.903021,0.425938,0.055946,0.066242,0.009386,0.997759,0,0.16000,0.24000,9.600,0.480,-1,425.000,-1,400.000,-1,325.000,325.000,300.000,300.000,-1,-1,-1,-1,875.000,775.000,-1,-1,2,0,2,0,2,0,0,0,0,2,2,2,2,0,0,2,2
57,4275.958,2925.695,9.279,-64.069,0.435882,0.899291,-0.035822,-0.897617,0.437278,0.055418,0.065501,0.007999,0.997820,0,0.24000,0.36000,14.400,0.720,-1,425.000,-1,400.000,-1,325.000,325.000,300.000,300.000,-1,-1,-1,-1,875.000,775.000,-1,-1,2,0,2,0,2,0,0,0,0,2,2,2,2,0,0,2,2
58,4284.641,2908.572,10.644,-63.109,0.451002,0.891850,-0.034653,-0.890190,0.452290,0.054737,0.064491,0.006161,0.997899,0,0.32000,0.48000,19.200,0.960,-1,425.000,-1,400.000,-1,325.000,325.000,300.000,300.000,-1,-1,-1,-1,850.000,775.000,-1,-1,2,0,2,0,2,0,0,0,0,2,2,2,2,0,0,2,2
59,4295.942,2887.399,12.343,-61.909,0.469719,0.882192,-0.033179,-0.880551,0.470873,0.053925,0.063195,0.003886,0.997994,0,0.40000,0.60000,24.000,1.200,-1,425.000,-1,400.000,-1,325.000,325.000,300.000,300.000,-1,-1,-1,-1,850.000,775.000,-1,-1,2,0,2,0,2,0,0,0,0,2,2,2,2,0,0,2,2
60,4310.039,2862.285,14.361,-60.693,0.488478,0.872010,-0.031424,-0.870400,0.489485,0.052984,0.061584,0.001470,0.998101,0,0.48000,0.60777,28.800,1.216,-1,425.000,-1,400.000,-1,325.000,325.000,300.000,300.000,-1,-1,-1,-1,825.000,775.000,-1,-1,2,0,2,0,2,0,0,0,0,2,2,2,2,0,0,2,2
61,4327.101,2833.340,16.618,-59.480,0.506976,0.861455,-0.029508,-0.859906,0.507833,0.051641,0.059472,-0.000807,0.998230,0,0.56000,0.60641,33.600,1.213,-1,425.000,-1,400.000,-1,325.000,325.000,300.000,300.000,-1,-1,-1,-1,825.000,775.000,-1,-1,2,0,2,0,2,0,0,0,0,2,2,2,2,0,0,2,2
62,4347.296,2800.679,19.059,-58.271,0.525179,0.850542,-0.027671,-0.849072,0.525900,0.050055,0.057126,-0.002793,0.998363,0,0.64000,0.60470,38.400,1.209,-1,425.000,-1,400.000,-1,325.000,325.000,300.000,300.000,-1,-1,-1,-1,800.000,775.000,-1,-1,2,0,2,0,2,0,0,0,0,2,2,2,2,0,0,2,2
63,4370.782,2764.422,21.463,-57.066,0.543017,0.839290,-0.026937,-0.837897,0.543671,0.048471,0.055326,-0.003750,0.998461,0,0.72000,0.60259,43.200,1.205,-1,425.000,-1,400.000,-1,325.000,325.000,300.000,300.000,-1,-1,-1,-1,800.000,750.000,-1,-1,2,0,2,0,2,0,0,0,0,2,2,2,2,0,0,2,2
64,4397.717,2724.691,24.081,-55.866,0.560542,0.827717,-0.026033,-0.826409,0.561127,0.046733,0.053289,-0.004682,0.998568,0,0.80000,0.60001,48.000,1.200,-1,400.000,-1,400.000,-1,325.000,325.000,300.000,300.000,-1,-1,-1,-1,775.000,750.000,-1,1000.000,2,0,2,0,2,0,0,0,0,2,2,2,2,0,0,2,1
65,4426.802,2683.655,26.841,-54.672,0.577740,0.815841,-0.024894,-0.814602,0.578246,0.045337,0.051382,-0.005915,0.998662,0,0.83832,0.59688,50.299,1.194,-1,400.000,-1,400.000,975.000,325.000,325.000,300.000,300.000,-1,-1,-1,-1,775.000,750.000,-1,950.000,2,0,2,0,1,0,0,0,0,2,2,2,2,0,0,2,1
66,4456.926,2642.967,29.650,-53.486,0.594590,0.803684,-0.023561,-0.802487,0.595009,0.044475,0.049763,-0.007537,0.998733,0,0.84376,0.59326,50.625,1.187,-1,400.000,-1,400.000,900.000,325.000,325.000,300.000,300.000,-1,-1,-1,-1,750.000,750.000,-1,900.000,2,0,2,0,1,0,0,0,0,2,2,2,2,0,1,2,1
67,4488.071,2602.660,32.406,-52.307,0.611070,0.791266,-0.022178,-0.790110,0.611403,0.043721,0.048155,-0.009194,0.998798,0,0.84897,0.58921,50.938,1.178,-1,400.000,-1,400.000,850.000,325.000,325.000,300.000,300.000,-1,-1,-1,-1,750.000,725.000,-1,850.000,2,0,2,0,1,0,0,0,0,2,2,2,2,0,1,2,1
68,4516.875,2566.618,34.871,-51.369,0.624007,0.781136,-0.021026,-0.780014,0.624272,0.043146,0.046829,-0.010523,0.998847,0,0.76897,0.46921,46.138,0.938,-1,400.000,-1,375.000,800.000,325.000,325.000,300.000,300.000,-1,-1,-1,-1,750.000,700.000,-1,800.000,2,0,2,0,1,0,0,0,0,2,2,2,2,0,1,2,1
69,4543.114,2534.594,37.081,-50.670,0.633523,0.773460,-0.020204,-0.772365,0.633741,0.042716,0.045844,-0.011457,0.998883,0,0.69001,0.34921,41.401,0.698,-1,400.000,-1,375.000,750.000,325.000,325.000,300.000,300.000,-1,-1,-1,-1,725.000,675.000,-1,775.000,2,0,2,0,1,0,0,0,0,2,2,2,2,0,1,2,1
70,4569.751,2502.611,39.162,-50.212,0.639735,0.768354,-0.019267,-0.767261,0.639900,0.042883,0.045279,-0.012651,0.998894,0,0.69371,0.22921,41.623,0.458,-1,400.000,-1,375.000,700.000,325.000,325.000,300.000,300.000,-1,-1,-1,-1,725.000,650.000,-1,725.000,2,0,2,0,1,0,0,0,0,2,2,2,2,0,1,2,1
71,4596.650,2470.560,41.223,-49.993,0.642700,0.765898,-0.018331,-0.764807,0.642816,0.043110,0.044801,-0.013687,0.998902,0,0.69738,0.10921,41.843,0.218,-1,400.000,-1,375.000,675.000,325.000,325.000,300.000,300.000,-1,-1,-1,-1,725.000,650.000,-1,700.000,2,0,2,0,1,0,0,0,0,2,2,2,2,0,1,2,1
72,4623.680,2438.330,43.269,-50.015,0.642449,0.766131,-0.017394,-0.765041,0.642520,0.043369,0.044402,-0.014556,0.998908,0,0.70107,-0.01079,42.064,-0.022,-1,375.000,-1,375.000,625.000,325.000,325.000,300.000,300.000,-1,-1,-1,-1,725.000,625.000,-1,650.000,2,0,2,0,1,0,0,0,0,2,2,2,2,0,1,2,1
73,4650.707,2405.804,45.302,-50.277,0.638979,0.769048,-0.016444,-0.767960,0.639008,0.043663,0.044087,-0.015271,0.998911,0,0.70481,-0.13079,42.289,-0.262,-1,375.000,-1,375.000,600.000,325.000,325.000,300.000,300.000,-1,-1,-1,-1,700.000,600.000,-1,625.000,2,0,2,0,1,0,0,0,0,2,2,2,2,0,1,2,1
74,4677.593,2372.864,47.264,-50.778,0.632236,0.774611,-0.015991,-0.773515,0.632250,0.043986,0.044182,-0.015440,0.998904,0,0.70866,-0.25079,42.519,-0.502,-1,375.000,-1,375.000,575.000,325.000,325.000,300.000,300.000,-1,-1,-1,-1,700.000,575.000,-1,575.000,2,0,2,0,1,0,0,0,0,2,2,2,2,0,1,2,1
75,4704.199,2339.392,49.412,-51.520,0.622124,0.782740,-0.016761,-0.781616,0.622180,0.044358,0.045149,-0.014496,0.998875,0,0.71265,-0.37079,42.759,-0.742,-1,375.000,-1,375.000,525.000,325.000,325.000,300.000,300.000,-1,-1,-1,-1,700.000,550.000,-1,550.000,2,0,2,0,1,0,0,0,0,2,2,2,2,0,1,2,1
76,4730.381,2305.269,51.569,-52.501,0.608582,0.793296,-0.017586,-0.792141,0.608690,0.044829,0.046267,-0.013352,0.998840,0,0.71682,-0.49079,43.009,-0.982,-1,375.000,1000.000,375.000,500.000,325.000,325.000,300.000,300.000,-1,-1,-1,-1,700.000,525.000,-1,500.000,2,0,1,0,1,0,0,0,0,2,2,2,2,0,1,2,1
77,4755.985,2270.384,53.737,-53.723,0.591484,0.806106,-0.018448,-0.804915,0.591649,0.045427,0.047534,-0.012020,0.998797,0,0.72122,-0.61079,43.273,-1.222,-1,375.000,950.000,375.000,450.000,325.000,325.000,300.000,300.000,-1,-1,-1,-1,700.000,500.000,-1,475.000,2,0,1,1,1,0,0,0,0,2,2,2,2,0,1,2,1
78,4780.852,2234.626,55.916,-55.184,0.570675,0.820948,-0.019324,-0.819716,0.570906,0.046178,0.048942,-0.010512,0.998746,0,0.72590,-0.73079,43.554,-1.462,-1,375.000,875.000,350.000,425.000,325.000,325.000,300.000,300.000,-1,-1,-1,-1,700.000,450.000,-1,425.000,2,0,1,1,1,0,0,0,0,2,2,2,2,1,1,2,1
79,4804.864,2197.932,58.104,-56.799,0.547261,0.836719,-0.020186,-0.835439,0.547561,0.047098,0.050461,-0.008911,0.998686,0,0.73088,-0.80714,43.853,-1.614,-1,375.000,825.000,325.000,400.000,325.000,325.000,300.000,300.000,-1,-1,-1,-1,650.000,425.000,-1,400.000,2,0,1,1,1,0,1,0,0,2,2,2,2,1,1,2,1
80,4827.997,2160.309,60.292,-58.415,0.523378,0.851841,-0.021014,-0.850509,0.523749,0.048181,0.052048,-0.007344,0.998618,0,0.73609,-0.80816,44.166,-1.616,-1,375.000,750.000,325.000,350.000,325.000,300.000,300.000,300.000,-1,-1,-1,-1,600.000,400.000,925.000,350.000,2,0,1,1,1,0,1,0,0,2,2,2,2,1,1,1,1
81,4850.217,2121.771,62.580,-60.033,0.499067,0.866299,-0.021394,-0.864916,0.499488,0.049311,0.053405,-0.006105,0.998554,0,0.74140,-0.80912,44.484,-1.618,-1,375.000,700.000,300.000,325.000,325.000,275.000,300.000,300.000,-1,-1,-1,-1,550.000,375.000,825.000,325.000,2,0,1,1,1,1,1,0,0,2,2,2,2,1,1,1,1
82,4871.491,2082.337,64.987,-61.653,0.474332,0.880080,-0.021626,-0.878660,0.474801,0.050205,0.054453,-0.004812,0.998505,0,0.74679,-0.81002,44.807,-1.620,-1,350.000,625.000,275.000,300.000,300.000,250.000,300.000,300.000,-1,-1,-1,-1,500.000,350.000,725.000,275.000,2,1,1,1,1,1,1,0,0,2,2,2,2,1,1,1,1
83,4891.789,2042.023,67.412,-63.275,0.449192,0.893170,-0.021787,-0.891710,0.449706,0.051172,0.055503,-0.003559,0.998452,0,0.75226,-0.81087,45.136,-1.622,-1,325.000,575.000,250.000,250.000,275.000,225.000,300.000,300.000,-1,-1,-1,-1,450.000,325.000,625.000,250.000,2,1,1,1,1,1,1,0,0,2,2,2,2,1,1,1,1
84,4911.078,2000.847,72.917,-64.898,0.424129,0.905471,-0.015386,-0.903221,0.424185,0.065269,0.065625,-0.013786,0.997749,0,0.75780,-0.81169,45.468,-1.623,-1,325.000,550.000,250.000,250.000,250.000,225.000,300.000,325.000,-1,425.000,550.000,-1,425.000,325.000,575.000,250.000,2,1,1,1,1,1,1,0,0,2,0,0,2,1,1,1,1
85,4929.327,1958.832,78.685,-66.523,0.398962,0.916936,-0.007607,-0.913774,0.398251,0.080078,0.076456,-0.024997,0.996760,0,0.76342,-0.81247,45.805,-1.625,750.000,300.000,550.000,225.000,275.000,250.000,225.000,300.000,350.000,-1,300.000,400.000,-1,400.000,300.000,500.000,250.000,1,1,1,1,1,1,1,0,0,2,0,0,2,1,1,1,1
86,4946.503,1915.999,84.560,-68.150,0.373727,0.927538,0.001261,-0.923400,0.371931,0.094864,0.087521,-0.036617,0.995489,0,0.76909,-0.81324,46.146,-1.626,625.000,275.000,525.000,225.000,275.000,225.000,200.000,275.000,375.000,925.000,225.000,325.000,-1,400.000,300.000,450.000,250.000,1,1,1,1,1,1,1,0,0,0,0,0,2,1,1,1,1
87,4962.575,1872.374,90.713,-69.778,0.348400,0.937285,0.010700,-0.932191,0.345266,0.108683,0.098173,-0.047839,0.994019,0,0.77483,-0.81400,46.490,-1.628,500.000,250.000,525.000,225.000,275.000,225.000,200.000,275.000,425.000,750.000,175.000,300.000,-1,375.000,300.000,400.000,250.000,1,1,1,1,1,1,1,0,1,0,0,0,2,1,1,1,1
88,4979.133,1823.824,100.574,-71.166,0.326096,0.945303,0.007939,-0.937826,0.322437,0.128519,0.118930,-0.049355,0.991675,0,0.85483,-0.69400,51.290,-1.388,575.000,250.000,550.000,225.000,325.000,225.000,200.000,275.000,425.000,650.000,150.000,225.000,-1,375.000,300.000,400.000,250.000,1,1,1,1,1,1,1,0,1,0,0,0,2,1,1,1,1
89,4996.171,1770.375,113.129,-72.314,0.306910,0.951737,-0.001602,-0.940313,0.303485,0.153977,0.147032,-0.045750,0.988073,0,0.93483,-0.57400,56.090,-1.148,-1,275.000,-1,225.000,375.000,225.000,200.000,325.000,450.000,600.000,125.000,175.000,-1,400.000,325.000,450.000,275.000,2,1,2,1,1,1,1,0,1,0,0,0,2,1,1,1,1
90,8199.150,-983.865,324.022,3.576,0.998063,-0.062213,0.000096,0.062042,0.995420,0.072725,-0.004620,-0.072579,0.997352,1,0.00000,0.00000,60.000,-0.908,675.000,400.000,650.000,375.000,550.000,325.000,325.000,325.000,300.000,-1,750.000,-1,-1,500.000,475.000,600.000,500.000,1,1,1,1,1,0,0,0,0,2,0,2,2,1,1,1,1
91,8194.726,-984.160,324.039,3.816,0.997794,-0.066383,0.000179,0.066195,0.995159,0.072643,-0.005000,-0.072471,0.997358,0,-0.07391,0.12000,-4.435,0.240,675.000,400.000,675.000,375.000,550.000,325.000,325.000,325.000,300.000,-1,775.000,-1,-1,500.000,475.000,600.000,525.000,1,1,1,1,1,0,0,0,0,2,0,2,2,1,1,1,1
92,8190.219,-984.498,324.054,4.296,0.997205,-0.074718,0.000271,0.074502,0.994577,0.072563,-0.005691,-0.072340,0.997364,0,-0.07532,0.24000,-4.519,0.480,700.000,400.000,675.000,375.000,550.000,325.000,325.000,325.000,300.000,-1,775.000,-1,-1,525.000,475.000,600.000,525.000,1,0,1,1,1,0,0,0,0,2,0,2,2,1,1,1,1
93,8185.627,-984.901,324.070,5.016,0.996190,-0.087211,0.000372,0.086955,0.993572,0.072486,-0.006691,-0.072178,0.997369,0,-0.07683,0.36000,-4.610,0.720,725.000,400.000,675.000,375.000,550.000,325.000,325.000,325.000,300.000,-1,825.000,-1,-1,525.000,475.000,625.000,525.000,1,0,1,1,1,0,0,0,0,2,0,2,2,1,1,1,1
94,8180.943,-985.392,324.087,5.976,0.994593,-0.103847,0.000481,0.103540,0.991986,0.072417,-0.007997,-0.071976,0.997374,0,-0.07848,0.48000,-4.709,0.960,750.000,400.000,675.000,375.000,550.000,325.000,325.000,325.000,300.000,-1,875.000,-1,-1,525.000,475.000,625.000,525.000,1,0,1,0,1,0,0,0,0,2,0,2,2,1,1,1,1
95,8176.162,-985.994,324.107,7.176,0.992207,-0.124601,0.000596,0.124232,0.989611,0.072358,-0.009606,-0.071720,0.997379,0,-0.08030,0.60000,-4.818,1.200,775.000,400.000,700.000,375.000,550.000,325.000,325.000,325.000,300.000,-1,975.000,-1,-1,550.000,475.000,650.000,525.000,1,0,1,0,1,0,0,0,0,2,0,2,2,1,1,1,1
96,8171.275,-986.734,324.132,8.616,0.988771,-0.149434,0.000717,0.148992,0.986191,0.072315,-0.011514,-0.071396,0.997382,0,-0.08235,0.72000,-4.941,1.440,825.000,400.000,700.000,375.000,550.000,325.000,325.000,325.000,300.000,-1,-1,-1,-1,550.000,475.000,675.000,525.000,1,0,1,0,1,0,0,0,0,2,2,2,2,1,1,1,1
97,8166.275,-987.642,324.163,10.296,0.983978,-0.178288,0.000840,0.177762,0.981415,0.072291,-0.013713,-0.070984,0.997383,0,-0.08469,0.84000,-5.081,1.680,875.000,400.000,700.000,375.000,525.000,325.000,325.000,300.000,300.000,-1,-1,-1,-1,575.000,475.000,700.000,525.000,1,0,1,0,1,0,0,0,0,2,2,2,2,1,1,1,1
98,8161.149,-988.750,324.202,12.191,0.977561,-0.210650,0.000961,0.210031,0.975018,0.072291,-0.016166,-0.070467,0.997383,0,-0.08739,0.94746,-5.244,1.895,975.000,400.000,725.000,375.000,525.000,325.000,325.000,300.000,300.000,-1,-1,-1,-1,575.000,500.000,725.000,500.000,1,0,1,0,1,0,0,0,0,2,2,2,2,1,1,1,1
99,8155.880,-990.070,324.254,14.068,0.970157,-0.242475,0.001071,0.241765,0.967637,0.072306,-0.018569,-0.069889,0.997382,0,-0.09052,0.93826,-5.431,1.877,-1,400.000,725.000,375.000,525.000,325.000,325.000,300.000,300.000,-1,-1,-1,-1,600.000,500.000,750.000,500.000,2,0,1,0,1,0,0,0,0,2,2,2,2,1,1,1,1
100,8150.461,-991.617,324.321,15.926,0.961802,-0.273743,0.001169,0.272945,0.959306,0.072334,-0.020922,-0.069251,0.997380,0,-0.09390,0.92931,-5.634,1.859,-1,400.000,750.000,375.000,525.000,325.000,325.000,300.000,300.000,-1,-1,-1,-1,625.000,500.000,800.000,525.000,2,0,1,0,1,0,0,0,0,2,2,2,2,1,1,1,1
101,8144.889,-993.403,324.403,17.768,0.952531,-0.304440,0.001254,0.303555,0.950061,0.072373,-0.023224,-0.068557,0.997377,0,-0.09751,0.92064,-5.851,1.841,-1,400.000,775.000,375.000,525.000,325.000,325.000,300.000,300.000,-1,-1,-1,-1,625.000,500.000,850.000,525.000,2,0,1,0,1,0,0,0,0,2,2,2,2,1,1,1,1
102,8139.159,-995.442,324.501,19.592,0.942377,-0.334550,0.001323,0.333581,0.939935,0.072423,-0.025473,-0.067808,0.997373,0,-0.10136,0.91223,-6.081,1.824,-1,400.000,775.000,375.000,525.000,325.000,325.000,300.000,300.000,-1,-1,-1,-1,650.000,500.000,900.000,525.000,2,0,1,0,1,0,0,0,0,2,2,2,2,1,1,1,1
103,8133.270,-997.750,324.617,21.400,0.931374,-0.364062,0.001378,0.363011,0.928961,0.072482,-0.027668,-0.067008,0.997369,0,-0.10540,0.90410,-6.324,1.808,-1,400.000,800.000,375.000,525.000,325.000,325.000,300.000,300.000,-1,-1,-1,-1,675.000,500.000,950.000,525.000,2,0,1,0,1,0,0,0,0,2,2,2,2,1,1,1,1
104,8127.222,-1000.342,324.752,23.193,0.919553,-0.392963,0.001416,0.391834,0.917171,0.072549,-0.029807,-0.066158,0.997364,0,-0.10964,0.89624,-6.578,1.792,-1,400.000,825.000,375.000,525.000,325.000,325.000,300.000,300.000,-1,-1,-1,-1,700.000,525.000,-1,525.000,2,0,1,0,1,0,0,0,0,2,2,2,2,1,1,2,1
105,8121.018,-1003.231,324.907,24.970,0.906946,-0.421245,0.001436,0.420039,0.904596,0.072622,-0.031891,-0.065261,0.997358,0,-0.11405,0.88866,-6.843,1.777,-1,400.000,850.000,375.000,525.000,325.000,325.000,300.000,300.000,-1,-1,-1,-1,725.000,525.000,-1,525.000,2,0,1,0,1,0,0,0,0,2,2,2,2,1,1,2,1
106,8114.661,-1006.434,325.082,26.733,0.893581,-0.448899,0.001438,0.447618,0.891265,0.072701,-0.033917,-0.064320,0.997353,0,-0.11862,0.88136,-7.117,1.763,-1,400.000,875.000,375.000,525.000,325.000,325.000,300.000,300.000,-1,-1,-1,-1,750.000,525.000,-1,550.000,2,0,1,0,1,0,0,0,0,2,2,2,2,1,1,2,1
107,8108.157,-1009.963,325.280,28.481,0.879489,-0.475917,0.001422,0.474564,0.877207,0.072783,-0.035886,-0.063337,0.997347,0,-0.12332,0.87433,-7.399,1.749,-1,400.000,900.000,375.000,525.000,325.000,325.000,300.000,300.000,-1,-1,-1,-1,775.000,550.000,-1,550.000,2,0,1,0,1,0,0,0,0,2,2,2,2,1,1,2,1
108,8101.512,-1013.834,325.500,30.217,0.864696,-0.502293,0.001386,0.500871,0.862449,0.072867,-0.037796,-0.062314,0.997341,0,-0.12815,0.86759,-7.689,1.735,-1,400.000,925.000,375.000,525.000,325.000,325.000,300.000,300.000,-1,-1,-1,-1,750.000,550.000,-1,550.000,2,0,1,0,1,0,0,0,0,2,2,2,2,0,1,2,1
109,8094.736,-1018.059,325.744,31.939,0.849230,-0.528021,0.001330,0.526532,0.847019,0.072952,-0.039647,-0.061253,0.997335,0,-0.13309,0.86112,-7.985,1.722,-1,400.000,950.000,375.000,550.000,325.000,325.000,300.000,300.000,-1,-1,-1,-1,750.000,550.000,-1,575.000,2,0,1,0,1,0,0,0,0,2,2,2,2,0,1,2,1
110,8087.837,-1022.651,326.013,33.649,0.833116,-0.553097,0.001254,0.551544,0.830942,0.073037,-0.041438,-0.060157,0.997328,0,-0.13811,0.85494,-8.287,1.710,-1,400.000,-1,375.000,550.000,325.000,325.000,300.000,300.000,-1,-1,-1,-1,750.000,575.000,-1,575.000,2,0,2,0,1,0,0,0,0,2,2,2,2,0,1,2,1
111,8080.828,-1027.623,326.341,35.347,0.816375,-0.577521,0.001108,0.575918,0.814250,0.072913,-0.043011,-0.058887,0.997338,0,-0.14321,0.84903,-8.593,1.698,-1,400.000,-1,400.000,550.000,325.000,325.000,300.000,300.000,-1,-1,-1,-1,750.000,575.000,-1,600.000,2,0,2,0,1,0,0,0,0,2,2,2,2,0,1,2,1
112,8073.722,-1032.986,326.731,37.034,0.799031,-0.601289,0.000909,0.599651,0.796964,0.072571,-0.044360,-0.057442,0.997363,0,-0.14837,0.84340,-8.902,1.687,-1,400.000,-1,400.000,575.000,325.000,325.000,300.000,300.000,-1,-1,-1,-1,750.000,600.000,-1,600.000,2,0,2,0,1,0,0,0,0,2,2,2,2,0,1,2,1
113,8070.511,-1035.539,326.918,38.480,0.783603,-0.621262,0.000759,0.619590,0.781582,0.072381,-0.045561,-0.056247,0.997377,0,-0.06837,0.72340,-4.102,1.447,-1,400.000,-1,400.000,575.000,325.000,325.000,300.000,300.000,-1,-1,-1,-1,750.000,600.000,-1,625.000,2,0,2,0,1,0,0,0,0,2,2,2,2,0,1,2,1
114,8071.048,-1035.095,326.890,39.687,0.770352,-0.637619,0.000660,0.635912,0.768364,0.072338,-0.046631,-0.055306,0.997380,0,0.01163,0.60340,0.698,1.207,-1,400.000,-1,400.000,575.000,325.000,325.000,300.000,300.000,-1,-1,-1,-1,750.000,600.000,-1,625.000,2,0,2,0,1,0,0,0,0,2,2,2,2,0,1,2,1
115,8075.219,-1031.513,326.638,40.654,0.759491,-0.650517,0.000610,0.648775,0.757525,0.072438,-0.047584,-0.054621,0.997373,0,0.09163,0.48340,5.498,0.967,-1,400.000,-1,400.000,575.000,325.000,325.000,300.000,300.000,-1,-1,-1,-1,750.000,600.000,-1,625.000,2,0,2,0,1,0,0,0,0,2,2,2,2,0,1,2,1
116,8082.946,-1024.706,326.154,41.381,0.751187,-0.660089,0.000607,0.658310,0.749230,0.072680,-0.048430,-0.054197,0.997355,0,0.17163,0.36340,10.298,0.727,-1,400.000,-1,400.000,550.000,325.000,325.000,300.000,300.000,-1,-1,-1,-1,750.000,600.000,-1,625.000,2,0,2,0,1,0,0,0,0,2,2,2,2,0,1,2,1
117,8094.189,-1014.630,325.428,41.868,0.745562,-0.666436,0.000661,0.664619,0.743601,0.073063,-0.049183,-0.054034,0.997327,0,0.25163,0.24340,15.098,0.487,-1,400.000,-1,400.000,550.000,325.000,325.000,300.000,300.000,-1,-1,-1,-1,750.000,600.000,-1,600.000,2,0,2,0,1,0,0,0,0,2,2,2,2,0,1,2,1
118,8108.949,-1001.286,324.448,42.114,0.742695,-0.669630,0.000793,0.667771,0.740720,0.073584,-0.049861,-0.054121,0.997289,0,0.33163,0.12340,19.898,0.247,-1,400.000,-1,400.000,525.000,325.000,325.000,300.000,300.000,-1,-1,-1,-1,750.000,600.000,-1,600.000,2,0,2,0,1,0,0,0,0,2,2,2,2,0,1,2,1
119,8127.268,-984.721,323.220,42.121,0.742628,-0.669704,0.000960,0.667802,0.740626,0.074255,-0.050440,-0.054503,0.997239,0,0.41163,0.00340,24.698,0.007,-1,400.000,-1,400.000,525.000,325.000,325.000,300.000,300.000,-1,-1,-1,-1,725.000,575.000,-1,575.000,2,0,2,0,1,0,0,0,0,2,2,2,2,0,1,2,1
120,8149.227,-965.025,321.789,41.888,0.745356,-0.666666,0.001144,0.664735,0.743325,0.074794,-0.050713,-0.054988,0.997198,0,0.49163,-0.11660,29.498,-0.233,-1,400.000,-1,400.000,500.000,325.000,325.000,300.000,300.000,-1,-1,-1,-1,725.000,550.000,-1,550.000,2,0,2,0,1,0,0,0,0,2,2,2,2,0,1,2,1
121,8174.949,-942.337,320.176,41.415,0.750838,-0.660485,0.001273,0.658550,0.748784,0.075059,-0.050528,-0.055519,0.997178,0,0.57163,-0.23660,34.298,-0.473,-1,400.000,-1,400.000,475.000,325.000,325.000,300.000,300.000,-1,-1,-1,-1,725.000,525.000,-1,500.000,2,0,2,0,1,0,0,0,0,2,2,2,2,0,1,2,1
122,8204.589,-916.840,318.342,40.702,0.759003,-0.651085,0.001374,0.649158,0.756915,0.075323,-0.050082,-0.056278,0.997158,0,0.65163,-0.35660,39.098,-0.713,-1,400.000,-1,400.000,425.000,325.000,325.000,300.000,300.000,-1,-1,-1,-1,725.000,500.000,-1,475.000,2,0,2,0,1,0,0,0,0,2,2,2,2,0,1,2,1
123,8238.236,-888.645,316.278,39.960,0.767365,-0.641209,0.001417,0.639293,0.765238,0.075598,-0.049559,-0.057105,0.997137,0,0.73163,-0.37061,43.898,-0.741,-1,400.000,-1,375.000,400.000,325.000,325.000,300.000,300.000,-1,-1,-1,-1,725.000,475.000,-1,425.000,2,0,2,1,1,0,0,0,0,2,2,2,2,0,1,2,1
124,8275.977,-857.869,313.983,39.196,0.775858,-0.630906,0.001379,0.629006,0.773688,0.075877,-0.048938,-0.058003,0.997116,0,0.81163,-0.38238,48.698,-0.765,-1,400.000,-1,350.000,375.000,325.000,325.000,300.000,300.000,-1,-1,-1,-1,725.000,450.000,-1,400.000,2,0,2,1,1,0,0,0,0,2,2,2,2,0,1,2,1
125,8317.900,-824.636,311.486,38.403,0.784519,-0.620103,0.001234,0.618221,0.782290,0.076320,-0.048292,-0.059112,0.997083,0,0.89163,-0.39627,53.498,-0.793,-1,400.000,-1,325.000,325.000,325.000,325.000,300.000,300.000,-1,-1,-1,-1,700.000,425.000,-1,350.000,2,0,2,1,1,0,0,0,0,2,2,2,2,1,1,2,1
126,8364.102,-789.083,308.797,37.578,0.793381,-0.608724,0.000964,0.606860,0.791073,0.076970,-0.047616,-0.060481,0.997033,0,0.97163,-0.41252,58.298,-0.825,-1,400.000,-1,300.000,275.000,325.000,300.000,300.000,300.000,-1,-1,-1,-1,650.000,375.000,-1,300.000,2,0,2,1,1,0,1,0,0,2,2,2,2,1,1,2,1
127,8412.199,-753.211,306.032,36.715,0.802473,-0.596688,0.000568,0.594850,0.800075,0.077673,-0.046801,-0.061993,0.996979,0,1.00000,-0.43139,60.000,-0.863,-1,375.000,-1,275.000,225.000,325.000,275.000,300.000,300.000,-1,-1,-1,-1,600.000,350.000,-1,250.000,2,0,2,1,1,1,1,0,0,2,2,2,2,1,1,2,1
128,8460.853,-718.100,304.787,35.812,0.811896,-0.583770,-0.006155,0.582341,0.809073,0.079248,-0.041283,-0.067925,0.996836,0,1.00000,-0.45183,60.000,-0.904,-1,375.000,-1,250.000,200.000,300.000,250.000,300.000,300.000,-1,-1,-1,-1,575.000,325.000,-1,200.000,2,1,2,1,1,1,1,0,0,2,2,2,2,1,1,2,1
129,8510.072,-683.787,307.525,34.865,0.821464,-0.569438,-0.030602,0.569765,0.817331,0.085660,-0.023766,-0.087803,0.995854,0,1.00000,-0.47323,60.000,-0.946,-1,375.000,-1,250.000,200.000,275.000,250.000,275.000,350.000,-1,425.000,1000.000,-1,575.000,300.000,-1,200.000,2,1,2,1,1,1,1,0,1,2,0,0,2,1,1,2,1
130,8559.877,-650.328,310.330,33.874,0.830615,-0.554101,-0.055231,0.556814,0.825402,0.093112,-0.006005,-0.108093,0.994123,0,1.00000,-0.49562,60.000,-0.991,-1,350.000,-1,250.000,200.000,275.000,225.000,275.000,350.000,825.000,200.000,375.000,-1,625.000,300.000,-1,200.000,2,1,2,1,1,1,1,0,1,0,0,0,2,1,1,2,1
131,8610.159,-617.588,313.197,33.045,0.837356,-0.540767,-0.080036,0.546532,0.831281,0.101362,0.011719,-0.128618,0.991625,0,1.00000,-0.41447,60.000,-0.829,-1,350.000,-1,225.000,200.000,275.000,225.000,250.000,350.000,600.000,125.000,275.000,-1,975.000,300.000,-1,200.000,2,1,2,1,1,1,1,0,1,0,0,0,2,0,1,2,1
132,8660.929,-585.609,316.339,32.179,0.843716,-0.526659,-0.103797,0.536013,0.836994,0.110144,0.028869,-0.148567,0.988481,0,1.00000,-0.43287,60.000,-0.866,-1,350.000,-1,225.000,175.000,250.000,225.000,250.000,350.000,475.000,75.000,250.000,-1,-1,300.000,-1,200.000,2,1,2,1,1,1,1,0,1,0,0,0,2,2,1,2,1
