timestep,x_cm,y_cm,z_cm,yaw_deg,basis_xx,basis_xy,basis_xz,basis_yx,basis_yy,basis_yz,basis_zx,basis_zy,basis_zz,teleport_flag,throttle_cmd,steering_cmd,cmd_move_cm,cmd_turn_deg,lidar_cm_0,lidar_cm_1,lidar_cm_2,lidar_cm_3,lidar_cm_4,lidar_cm_5,lidar_cm_6,lidar_cm_7,lidar_cm_8,lidar_cm_9,lidar_cm_10,lidar_cm_11,lidar_cm_12,lidar_cm_13,lidar_cm_14,lidar_cm_15,lidar_cm_16,lidar_class_0,lidar_class_1,lidar_class_2,lidar_class_3,lidar_class_4,lidar_class_5,lidar_class_6,lidar_class_7,lidar_class_8,lidar_class_9,lidar_class_10,lidar_class_11,lidar_class_12,lidar_class_13,lidar_class_14,lidar_class_15,lidar_class_16
0,9506.222,984.113,134.118,177.418,-0.998970,-0.045039,-0.005607,0.044937,-0.998844,0.017045,-0.006368,0.016775,0.999839,1,0.08000,0.12000,4.800,0.240,-1,400.000,-1,400.000,-1,325.000,325.000,300.000,325.000,-1,-1,-1,-1,925.000,850.000,-1,-1,2,0,2,0,2,0,0,0,0,2,2,2,2,0,0,2,2
1,9496.628,984.465,134.062,177.898,-0.999310,-0.036669,-0.005860,0.036565,-0.999186,0.017023,-0.006479,0.016797,0.999838,0,0.16000,0.24000,9.600,0.480,-1,400.000,-1,400.000,-1,325.000,325.000,300.000,325.000,-1,-1,-1,-1,925.000,850.000,-1,-1,2,0,2,0,2,0,0,0,0,2,2,2,2,0,0,2,2
2,9482.232,984.812,133.980,178.618,-0.999690,-0.024111,-0.006238,0.024002,-0.999568,0.016975,-0.006645,0.016820,0.999836,0,0.24000,0.36000,14.400,0.720,-1,400.000,-1,400.000,-1,325.000,325.000,300.000,325.000,-1,-1,-1,-1,925.000,850.000,-1,-1,2,0,2,0,2,0,0,0,0,2,2,2,2,0,0,2,2
3,9463.033,984.954,133.875,179.578,-0.999950,-0.007360,-0.006742,0.007245,-0.999831,0.016886,-0.006865,0.016836,0.999835,0,0.32000,0.48000,19.200,0.960,-1,400.000,-1,400.000,-1,325.000,325.000,300.000,325.000,-1,-1,-1,-1,925.000,850.000,-1,-1,2,0,2,0,2,0,0,0,0,2,2,2,2,0,0,2,2
4,9439.035,984.628,133.752,180.778,-0.999881,0.013580,-0.007369,-0.013702,-0.999766,0.016734,-0.007140,0.016833,0.999833,0,0.40000,0.60000,24.000,1.200,-1,400.000,-1,400.000,-1,325.000,325.000,300.000,325.000,-1,-1,-1,-1,950.000,850.000,-1,-1,2,0,2,0,2,0,0,0,0,2,2,2,2,0,0,2,2
5,9410.257,983.513,133.614,182.218,-0.999218,0.038700,-0.008117,-0.038830,-0.999110,0.016491,-0.007472,0.016793,0.999831,0,0.48000,0.72000,28.800,1.440,-1,400.000,-1,400.000,-1,325.000,325.000,300.000,325.000,-1,-1,-1,-1,950.000,850.000,-1,-1,2,0,2,0,2,0,0,0,0,2,2,2,2,0,0,2,2
6,9376.729,981.318,133.466,183.747,-0.997823,0.065334,-0.008995,-0.065473,-0.997724,0.016140,-0.007920,0.016694,0.999829,0,0.56000,0.76416,33.600,1.528,-1,425.000,-1,400.000,-1,325.000,325.000,300.000,325.000,-1,-1,-1,-1,950.000,850.000,-1,-1,2,0,2,0,2,0,0,0,0,2,2,2,2,0,0,2,2
7,9338.491,977.787,133.313,185.275,-0.995715,0.091931,-0.010008,-0.092081,-0.995628,0.015662,-0.008525,0.016516,0.999827,0,0.64000,0.76445,38.400,1.529,-1,425.000,-1,400.000,-1,325.000,325.000,300.000,325.000,-1,-1,-1,-1,950.000,850.000,-1,-1,2,0,2,0,2,0,0,0,0,2,2,2,2,1,0,2,2
8,9295.596,972.668,133.157,186.805,-0.992894,0.118474,-0.011158,-0.118634,-0.992824,0.015026,-0.009298,0.016243,0.999825,0,0.72000,0.76474,43.200,1.529,-1,425.000,-1,400.000,-1,325.000,325.000,300.000,325.000,-1,-1,-1,-1,925.000,875.000,-1,-1,2,0,2,0,2,0,0,0,0,2,2,2,2,1,0,2,2
9,9248.103,965.710,133.002,188.335,-0.989362,0.144941,-0.012446,-0.145113,-0.989313,0.014199,-0.010255,0.015854,0.999822,0,0.80000,0.76500,48.000,1.530,-1,425.000,-1,400.000,-1,325.000,325.000,300.000,325.000,-1,-1,-1,-1,875.000,875.000,-1,-1,2,0,2,0,2,0,0,0,0,2,2,2,2,1,0,2,2
10,9196.083,956.664,132.582,189.865,-0.985116,0.171311,-0.014134,-0.171507,-0.985082,0.014113,-0.011506,0.016327,0.999800,0,0.88000,0.76521,52.800,1.530,-1,425.000,-1,400.000,-1,350.000,325.000,300.000,325.000,-1,-1,-1,-1,850.000,875.000,-1,-1,2,0,2,0,2,0,0,0,0,2,2,2,2,1,0,2,2
11,9142.712,945.906,131.843,191.396,-0.980148,0.197559,-0.016734,-0.197808,-0.980128,0.014854,-0.013467,0.017869,0.999750,0,0.90741,0.76535,54.445,1.531,-1,425.000,-1,400.000,-1,350.000,325.000,325.000,300.000,-1,-1,-1,-1,800.000,875.000,-1,-1,2,0,2,0,2,0,0,0,0,2,2,2,2,1,0,2,2
12,9089.417,933.674,130.680,192.927,-0.974487,0.223670,-0.018606,-0.223938,-0.974506,0.013793,-0.015047,0.017608,0.999732,0,0.91135,0.76534,54.681,1.531,-1,425.000,-1,400.000,-1,350.000,325.000,300.000,300.000,-1,-1,-1,-1,775.000,875.000,1000.000,-1,2,0,2,0,2,0,0,0,0,2,2,2,2,1,0,1,2
13,9036.236,919.963,129.376,194.457,-0.968121,0.249619,-0.020796,-0.249895,-0.968200,0.011892,-0.017167,0.016710,0.999713,0,0.91534,0.76514,54.920,1.530,-1,425.000,925.000,400.000,-1,350.000,325.000,300.000,300.000,-1,-1,-1,-1,725.000,875.000,950.000,-1,2,0,1,0,2,0,0,0,0,2,2,2,2,1,0,1,2
14,8983.207,904.771,128.074,195.987,-0.961062,0.275377,-0.022948,-0.275653,-0.961207,0.009831,-0.019351,0.015773,0.999688,0,0.91936,0.76475,55.162,1.530,-1,425.000,850.000,400.000,-1,350.000,325.000,300.000,300.000,-1,-1,-1,-1,700.000,775.000,925.000,-1,2,0,1,0,2,0,0,0,0,2,2,2,2,1,1,1,2
15,8930.370,888.097,126.770,197.515,-0.953320,0.300920,-0.025053,-0.301188,-0.953535,0.007612,-0.021598,0.014802,0.999657,0,0.92342,0.76416,55.405,1.528,-1,425.000,775.000,400.000,-1,350.000,325.000,300.000,300.000,-1,-1,-1,-1,650.000,675.000,900.000,-1,2,0,1,0,2,0,0,0,0,2,2,2,2,1,1,1,2
16,8877.765,869.941,125.461,199.042,-0.944904,0.326222,-0.027104,-0.326472,-0.945192,0.005240,-0.023909,0.013800,0.999619,0,0.92750,0.76334,55.650,1.527,-1,425.000,700.000,400.000,-1,350.000,325.000,300.000,300.000,-1,-1,-1,-1,600.000,600.000,875.000,-1,2,0,1,1,2,0,0,0,0,2,2,2,2,1,1,1,2
17,8825.432,850.306,124.020,200.566,-0.935811,0.351257,-0.029607,-0.351494,-0.936185,0.003027,-0.026654,0.013240,0.999557,0,0.93159,0.76230,55.895,1.525,-1,425.000,650.000,375.000,-1,325.000,325.000,300.000,300.000,-1,-1,-1,-1,575.000,550.000,825.000,-1,2,0,1,1,2,0,0,0,0,2,2,2,2,1,1,1,2
18,8773.412,829.195,122.486,202.088,-0.926053,0.376001,-0.032393,-0.376223,-0.926529,0.000833,-0.029700,0.012959,0.999475,0,0.93568,0.76100,56.141,1.522,-1,425.000,575.000,350.000,-1,325.000,325.000,300.000,300.000,-1,-1,-1,-1,525.000,475.000,800.000,750.000,2,0,1,1,2,0,1,0,0,2,2,2,2,1,1,1,1
19,8721.745,806.615,120.941,203.607,-0.915655,0.400429,-0.035123,-0.400626,-0.916241,-0.001548,-0.032801,0.012654,0.999382,0,0.93976,0.75943,56.385,1.519,-1,400.000,500.000,325.000,-1,325.000,300.000,300.000,325.000,-1,-1,-1,-1,475.000,425.000,775.000,575.000,2,1,1,1,2,1,1,0,0,2,2,2,2,1,1,1,1
20,8670.473,782.573,119.382,205.122,-0.904631,0.424517,-0.037783,-0.424676,-0.905336,-0.004112,-0.035952,0.012325,0.999278,0,0.94380,0.75757,56.628,1.515,-1,350.000,450.000,300.000,-1,300.000,275.000,300.000,325.000,-1,-1,-1,-1,450.000,375.000,750.000,450.000,2,1,1,1,2,1,1,0,0,2,2,2,2,1,1,1,1
21,8619.639,757.081,117.380,206.633,-0.893025,0.448232,-0.039943,-0.448410,-0.893815,-0.004884,-0.037891,0.013549,0.999190,0,0.94780,0.75539,56.868,1.511,-1,325.000,400.000,250.000,-1,275.000,225.000,300.000,300.000,-1,-1,-1,-1,400.000,325.000,-1,350.000,2,1,1,1,2,1,1,0,0,2,2,2,2,1,1,2,1
22,8569.284,730.150,117.124,208.139,-0.881149,0.471591,-0.034313,-0.471574,-0.881779,-0.009090,-0.034543,0.008171,0.999370,0,0.95173,0.75287,57.104,1.506,-1,300.000,350.000,225.000,425.000,250.000,200.000,300.000,325.000,-1,-1,-1,-1,375.000,275.000,-1,275.000,2,1,1,1,1,1,1,0,0,2,2,2,2,1,1,2,1
23,8520.042,702.398,118.770,209.404,-0.870952,0.490965,-0.019897,-0.490699,-0.871165,-0.016898,-0.025630,-0.004954,0.999659,0,0.94208,0.63287,56.525,1.266,-1,275.000,300.000,200.000,325.000,225.000,175.000,300.000,350.000,-1,-1,-1,-1,350.000,250.000,-1,250.000,2,1,1,1,1,1,1,0,0,2,2,2,2,1,1,2,1
24,8471.115,673.654,121.416,210.430,-0.862321,0.506361,-0.000536,-0.506175,-0.862033,-0.026195,-0.013726,-0.022317,0.999657,0,0.94577,0.51287,56.746,1.026,-1,250.000,275.000,175.000,300.000,200.000,175.000,275.000,400.000,-1,-1,-1,-1,325.000,225.000,-1,225.000,2,1,1,1,1,1,1,0,0,2,2,2,2,1,1,2,1
25,8422.403,644.125,124.916,211.216,-0.855184,0.517759,0.024198,-0.518322,-0.854388,-0.036936,0.001550,-0.044130,0.999025,0,0.94938,0.39287,56.963,0.786,-1,225.000,225.000,150.000,250.000,175.000,150.000,275.000,475.000,-1,150.000,-1,-1,300.000,200.000,-1,200.000,2,1,1,1,1,1,1,0,0,2,0,2,2,1,1,2,1
26,327.971,8199.188,13.879,-4.821,0.995559,0.083852,0.042785,-0.086541,0.994098,0.065422,-0.037046,-0.068834,0.996940,1,0.00000,0.00000,57.176,0.546,-1,400.000,-1,425.000,-1,325.000,325.000,300.000,300.000,-1,-1,-1,-1,775.000,850.000,-1,-1,2,0,2,0,2,0,0,0,0,2,2,2,2,0,0,2,2
27,332.752,8198.765,13.700,-5.061,0.995191,0.088015,0.042986,-0.090708,0.993732,0.065338,-0.036965,-0.068922,0.996937,0,0.08000,-0.12000,4.800,-0.240,-1,400.000,-1,425.000,-1,325.000,325.000,300.000,300.000,-1,-1,-1,-1,775.000,850.000,-1,-1,2,0,2,0,2,0,0,0,0,2,2,2,2,0,0,2,2
28,342.309,8197.851,13.346,-5.465,0.994531,0.095004,0.043387,-0.097708,0.993080,0.065158,-0.036896,-0.069041,0.996931,0,0.16000,-0.20156,9.600,-0.403,-1,400.000,-1,425.000,-1,325.000,325.000,300.000,300.000,-1,-1,-1,-1,775.000,850.000,-1,-1,2,0,2,0,2,0,0,0,0,2,2,2,2,0,0,2,2
29,356.634,8196.379,12.821,-5.868,0.993812,0.101991,0.043987,-0.104716,0.992385,0.064866,-0.037036,-0.069071,0.996924,0,0.24000,-0.20164,14.400,-0.403,-1,400.000,-1,425.000,-1,325.000,325.000,300.000,300.000,-1,-1,-1,-1,775.000,825.000,-1,-1,2,0,2,0,2,0,0,0,0,2,2,2,2,0,0,2,2
30,375.719,8194.281,12.130,-6.271,0.993035,0.108978,0.044787,-0.111732,0.991645,0.064460,-0.037388,-0.069015,0.996915,0,0.32000,-0.20175,19.200,-0.403,-1,400.000,-1,425.000,-1,325.000,325.000,300.000,300.000,-1,-1,-1,-1,775.000,825.000,-1,-1,2,0,2,0,2,0,0,0,0,2,2,2,2,0,0,2,2
31,399.557,8191.491,11.275,-6.675,0.992197,0.115964,0.045788,-0.118759,0.990862,0.063938,-0.037955,-0.068877,0.996903,0,0.40000,-0.20189,24.000,-0.404,-1,400.000,-1,400.000,-1,325.000,325.000,300.000,300.000,-1,-1,-1,-1,775.000,825.000,-1,-1,2,0,2,0,2,0,0,0,0,2,2,2,2,0,0,2,2
32,428.137,8187.942,10.260,-7.079,0.991299,0.122951,0.046994,-0.125795,0.990035,0.063301,-0.038743,-0.068662,0.996887,0,0.48000,-0.20204,28.800,-0.404,-1,400.000,-1,400.000,-1,325.000,325.000,300.000,300.000,-1,-1,-1,-1,775.000,825.000,-1,-1,2,0,2,0,2,0,0,0,0,2,2,2,2,0,0,2,2
33,461.452,8183.565,9.086,-7.484,0.990340,0.129938,0.048407,-0.132841,0.989162,0.062549,-0.039755,-0.068375,0.996867,0,0.56000,-0.20219,33.600,-0.404,-1,400.000,-1,400.000,-1,325.000,325.000,300.000,300.000,-1,-1,-1,-1,775.000,800.000,-1,-1,2,0,2,0,2,0,0,0,0,2,2,2,2,0,0,2,2
34,499.489,8178.295,7.757,-7.888,0.989317,0.136923,0.050031,-0.139894,0.988243,0.061685,-0.040997,-0.068025,0.996841,0,0.64000,-0.20231,38.400,-0.405,-1,400.000,-1,400.000,-1,325.000,325.000,300.000,300.000,-1,-1,-1,-1,750.000,800.000,975.000,-1,2,0,2,0,2,0,0,0,0,2,2,2,2,0,0,1,2
35,542.237,8172.064,6.272,-8.293,0.988231,0.143905,0.051872,-0.146953,0.987278,0.060713,-0.042475,-0.067621,0.996807,0,0.72000,-0.20238,43.200,-0.405,975.000,400.000,-1,400.000,-1,325.000,325.000,300.000,300.000,-1,-1,-1,-1,750.000,800.000,925.000,-1,1,0,2,0,2,0,0,0,0,2,2,2,2,0,0,1,2
36,589.686,8164.805,4.633,-8.698,0.987080,0.150880,0.053935,-0.154014,0.986267,0.059638,-0.044196,-0.067174,0.996762,0,0.80000,-0.20236,48.000,-0.405,925.000,400.000,-1,400.000,-1,325.000,325.000,300.000,300.000,-1,-1,-1,-1,750.000,775.000,875.000,-1,1,0,2,0,2,0,0,0,0,2,2,2,2,1,0,1,2
37,637.372,8157.166,2.814,-9.102,0.985906,0.157835,0.055477,-0.161056,0.985157,0.059385,-0.045281,-0.067483,0.996692,0,0.80489,-0.20223,48.294,-0.404,875.000,400.000,-1,400.000,-1,325.000,325.000,300.000,300.000,-1,-1,-1,-1,725.000,775.000,825.000,-1,1,0,2,0,2,0,0,0,0,2,2,2,2,1,0,1,2
38,684.889,8149.210,0.955,-9.506,0.984700,0.164770,0.056718,-0.168070,0.983986,0.059366,-0.046028,-0.067991,0.996624,0,0.80298,-0.20196,48.179,-0.404,825.000,400.000,-1,400.000,-1,325.000,325.000,300.000,300.000,-1,-1,-1,-1,675.000,775.000,775.000,-1,1,0,2,0,2,0,0,0,0,2,2,2,2,1,1,1,2
39,732.239,8140.937,-1.182,-9.909,0.983520,0.171695,0.056657,-0.174948,0.982836,0.058533,-0.045634,-0.067480,0.996676,0,0.80112,-0.20157,48.067,-0.403,775.000,400.000,-1,400.000,-1,325.000,325.000,300.000,300.000,-1,-1,-1,-1,650.000,750.000,725.000,-1,1,0,2,0,2,0,0,0,0,2,2,2,2,1,1,1,2
40,779.423,8132.352,-3.268,-10.311,0.982299,0.178593,0.056516,-0.181802,0.981629,0.057907,-0.045135,-0.067157,0.996721,0,0.79931,-0.20105,47.959,-0.402,725.000,400.000,-1,400.000,-1,325.000,325.000,300.000,300.000,-1,-1,-1,-1,625.000,750.000,700.000,-1,1,0,2,0,2,0,0,0,0,2,2,2,2,1,1,1,2
41,826.444,8123.457,-5.343,-10.712,0.981033,0.185459,0.056384,-0.188630,0.980373,0.057336,-0.044644,-0.066884,0.996762,0,0.79758,-0.20042,47.855,-0.401,675.000,400.000,-1,400.000,-1,325.000,325.000,300.000,300.000,-1,-1,-1,-1,575.000,725.000,650.000,-1,1,0,2,0,2,0,0,0,0,2,2,2,2,1,1,1,2
42,873.305,8114.253,-7.408,-11.111,0.979724,0.192290,0.056261,-0.195425,0.979071,0.056820,-0.044158,-0.066663,0.996798,0,0.79593,-0.19966,47.756,-0.399,625.000,400.000,-1,400.000,-1,325.000,325.000,300.000,300.000,-1,-1,-1,-1,550.000,725.000,600.000,-1,1,0,2,0,2,0,0,0,0,2,2,2,2,1,1,1,2
43,920.009,8104.743,-9.462,-11.509,0.978373,0.199081,0.056150,-0.202184,0.977724,0.056362,-0.043678,-0.066496,0.996830,0,0.79437,-0.19879,47.662,-0.398,575.000,400.000,-1,400.000,-1,325.000,325.000,300.000,300.000,-1,-1,-1,-1,525.000,700.000,550.000,-1,1,0,2,0,2,0,0,0,0,2,2,2,2,1,1,1,2
44,966.561,8094.929,-11.509,-11.905,0.976981,0.205829,0.056050,-0.208903,0.976334,0.055965,-0.043204,-0.066386,0.996858,0,0.79292,-0.19781,47.575,-0.396,525.000,375.000,-1,400.000,-1,325.000,325.000,300.000,300.000,-1,-1,-1,-1,500.000,700.000,500.000,-1,1,1,2,0,2,0,0,0,0,2,2,2,2,1,1,1,2
45,1017.493,8083.997,-13.752,-12.114,0.976231,0.209394,0.055923,-0.212441,0.975592,0.055584,-0.042919,-0.066143,0.996887,0,0.86820,-0.10454,52.092,-0.209,475.000,350.000,-1,400.000,-1,325.000,325.000,300.000,300.000,-1,-1,-1,-1,450.000,700.000,450.000,-1,1,1,2,0,2,0,0,0,0,2,2,2,2,1,1,1,2
46,1068.570,8072.843,-16.012,-12.319,0.975482,0.212885,0.055801,-0.215909,0.974848,0.055272,-0.042631,-0.065964,0.996911,0,0.87136,-0.10249,52.281,-0.205,400.000,325.000,-1,375.000,-1,300.000,325.000,300.000,300.000,-1,-1,-1,-1,425.000,725.000,400.000,-1,1,1,2,1,2,1,1,0,0,2,2,2,2,1,1,1,2
47,1119.789,8061.469,-18.289,-12.519,0.974738,0.216297,0.055686,-0.219300,0.974104,0.055029,-0.042341,-0.065851,0.996931,0,0.87444,-0.10025,52.467,-0.201,350.000,300.000,-1,375.000,-1,275.000,300.000,300.000,300.000,-1,-1,-1,-1,400.000,725.000,350.000,-1,1,1,2,1,2,1,1,0,0,2,2,2,2,1,0,1,2
48,1171.145,8049.882,-20.584,-12.715,0.974001,0.219623,0.055576,-0.222609,0.973363,0.054859,-0.042048,-0.065804,0.996946,0,0.87744,-0.09781,52.646,-0.196,300.000,275.000,-1,350.000,-1,275.000,275.000,300.000,300.000,-1,-1,-1,-1,350.000,725.000,300.000,-1,1,1,2,1,2,1,1,0,0,2,2,2,2,1,0,1,2
49,1222.630,8038.085,-22.898,-12.905,0.973272,0.222854,0.055473,-0.225827,0.972627,0.054762,-0.041751,-0.065826,0.996957,0,0.88033,-0.09515,52.820,-0.190,250.000,250.000,-1,350.000,-1,250.000,275.000,300.000,300.000,-1,-1,-1,-1,325.000,725.000,250.000,-1,1,1,2,1,2,1,1,0,0,2,2,2,2,1,0,1,2
50,1274.596,8026.221,-24.117,-12.855,0.973698,0.222077,0.050925,-0.224610,0.973114,0.050981,-0.038234,-0.061079,0.997400,0,0.88838,0.02485,53.303,0.050,200.000,250.000,-1,325.000,-1,225.000,250.000,300.000,300.000,-1,-1,-1,-1,300.000,725.000,200.000,-1,1,1,2,1,2,1,1,0,0,2,2,2,2,1,0,1,2
51,1326.779,8014.573,-21.645,-12.566,0.975588,0.217378,0.031219,-0.218416,0.975230,0.034939,-0.022850,-0.040905,0.998902,0,0.89115,0.14485,53.469,0.290,200.000,250.000,-1,350.000,-1,225.000,275.000,350.000,275.000,-1,625.000,425.000,900.000,325.000,825.000,200.000,-1,1,1,2,1,2,1,1,0,0,2,0,0,1,1,0,1,2
52,1379.203,8003.242,-19.020,-12.186,0.977410,0.211033,0.011591,-0.211228,0.977244,0.019431,-0.007227,-0.021440,0.999744,0,0.89391,0.19001,53.635,0.380,200.000,250.000,-1,375.000,-1,225.000,275.000,400.000,275.000,-1,375.000,225.000,750.000,325.000,900.000,200.000,-1,1,1,2,1,2,1,1,0,0,2,0,0,1,1,0,1,2
53,1431.861,7992.238,-15.252,-11.800,0.978818,0.204489,-0.009970,-0.204398,0.978842,0.009496,0.011701,-0.007257,0.999905,0,0.89659,0.19291,53.796,0.386,200.000,250.000,-1,425.000,-1,250.000,300.000,450.000,275.000,-1,275.000,150.000,650.000,325.000,-1,200.000,-1,1,1,2,1,2,1,1,0,0,2,0,0,1,1,2,1,2
54,1484.743,7981.569,-11.756,-11.408,0.979763,0.197784,-0.030765,-0.197909,0.980220,-0.001032,0.029953,0.007100,0.999526,0,0.89911,0.19611,53.947,0.392,200.000,250.000,-1,475.000,-1,250.000,300.000,475.000,275.000,-1,225.000,100.000,550.000,350.000,-1,175.000,-1,1,1,2,1,2,1,1,1,0,2,0,0,1,1,2,1,2
55,6887.289,-6887.288,-1.868,-81.427,0.148993,0.988791,0.009621,-0.988792,0.149073,-0.008216,-0.009558,-0.008289,0.999920,1,0.00000,0.00000,54.085,0.399,-1,400.000,-1,400.000,-1,325.000,325.000,275.000,300.000,-1,-1,-1,750.000,825.000,825.000,-1,-1,2,0,2,0,2,0,0,0,0,2,2,2,1,0,0,2,2
56,6887.984,-6892.037,-1.917,-81.667,0.144848,0.989407,0.009616,-0.989406,0.144930,-0.008407,-0.009711,-0.008297,0.999918,0,0.08000,-0.12000,4.800,-0.240,-1,400.000,-1,400.000,-1,325.000,325.000,275.000,300.000,-1,-1,-1,775.000,825.000,825.000,-1,-1,2,0,2,0,2,0,0,0,0,2,2,2,1,0,0,2,2
57,6889.296,-6901.547,-2.016,-82.147,0.136551,0.990586,0.009605,-0.990582,0.136636,-0.008787,-0.010017,-0.008314,0.999915,0,0.16000,-0.24000,9.600,-0.480,-1,400.000,-1,400.000,-1,325.000,325.000,275.000,300.000,-1,-1,-1,775.000,825.000,825.000,-1,-1,2,0,2,0,2,0,0,0,0,2,2,2,1,0,0,2,2
58,6891.084,-6915.836,-2.161,-82.867,0.124088,0.992225,0.009583,-0.992216,0.124177,-0.009358,-0.010475,-0.008347,0.999910,0,0.24000,-0.36000,14.400,-0.720,-1,400.000,-1,400.000,-1,325.000,325.000,275.000,300.000,-1,-1,-1,800.000,825.000,800.000,-1,-1,2,0,2,0,2,0,0,0,0,2,2,2,1,0,0,2,2
59,6893.149,-6934.925,-2.350,-83.827,0.107440,0.994166,0.009544,-0.994150,0.107536,-0.010118,-0.011085,-0.008401,0.999903,0,0.32000,-0.48000,19.200,-0.960,-1,400.000,-1,400.000,-1,325.000,325.000,275.000,300.000,-1,-1,-1,825.000,825.000,800.000,-1,-1,2,0,2,0,2,0,0,0,0,2,2,2,1,0,0,2,2
60,6895.284,-6958.830,-2.580,-84.898,0.088823,0.996002,0.009487,-0.995977,0.088926,-0.011060,-0.011859,-0.008467,0.999894,0,0.40000,-0.53575,24.000,-1.072,-1,400.000,-1,400.000,-1,325.000,325.000,275.000,300.000,-1,-1,-1,850.000,825.000,800.000,-1,-1,2,0,2,0,2,0,0,0,0,2,2,2,1,0,0,2,2
61,6897.307,-6987.558,-2.847,-85.971,0.070148,0.997492,0.009416,-0.997454,0.070260,-0.012177,-0.012808,-0.008538,0.999882,0,0.48000,-0.53645,28.800,-1.073,-1,400.000,-1,400.000,-1,325.000,325.000,300.000,300.000,-1,-1,-1,875.000,825.000,800.000,-1,-1,2,0,2,0,2,0,0,0,0,2,2,2,1,0,0,2,2
62,6899.039,-7021.114,-3.150,-87.046,0.051418,0.998634,0.009326,-0.998580,0.051541,-0.013469,-0.013932,-0.008621,0.999866,0,0.56000,-0.53730,33.600,-1.075,-1,400.000,-1,400.000,-1,325.000,325.000,300.000,300.000,-1,-1,-1,900.000,825.000,775.000,-1,-1,2,0,2,0,2,0,0,0,0,2,2,2,1,0,0,2,2
63,6900.297,-7059.493,-3.484,-88.122,0.032633,0.999425,0.009215,-0.999351,0.032769,-0.014936,-0.015229,-0.008722,0.999846,0,0.64000,-0.53828,38.400,-1.077,-1,400.000,-1,400.000,-1,325.000,325.000,300.000,300.000,-1,-1,-1,925.000,800.000,775.000,-1,-1,2,0,2,0,2,0,0,0,0,2,2,2,1,0,0,2,2
64,6900.900,-7102.689,-3.849,-89.201,0.013797,0.999864,0.009076,-0.999765,0.013946,-0.016574,-0.016699,-0.008845,0.999821,0,0.72000,-0.53939,43.200,-1.079,-1,400.000,-1,400.000,-1,325.000,325.000,300.000,300.000,-1,-1,-1,975.000,800.000,775.000,-1,-1,2,0,2,0,2,0,0,0,0,2,2,2,1,0,0,2,2
65,6900.664,-7150.689,-4.240,-90.282,-0.005087,0.999947,0.008903,-0.999819,-0.004923,-0.018381,-0.018336,-0.008995,0.999791,0,0.80000,-0.54060,48.000,-1.081,-1,400.000,-1,400.000,-1,325.000,325.000,300.000,300.000,-1,-1,-1,1000.000,800.000,750.000,-1,-1,2,0,2,0,2,0,0,0,0,2,2,2,1,0,0,2,2
66,6899.405,-7203.474,-4.674,-91.366,-0.024018,0.999673,0.008763,-0.999510,-0.023836,-0.020291,-0.020075,-0.009246,0.999756,0,0.88000,-0.54190,52.800,-1.084,-1,400.000,-1,400.000,-1,325.000,325.000,300.000,300.000,-1,-1,-1,-1,775.000,750.000,-1,-1,2,0,2,0,2,0,0,0,0,2,2,2,2,0,0,2,2
67,6897.090,-7257.536,-5.755,-92.452,-0.042991,0.999030,0.009545,-0.998872,-0.042787,-0.020595,-0.020167,-0.010419,0.999742,0,0.90186,-0.54326,54.112,-1.087,-1,400.000,-1,400.000,-1,325.000,325.000,300.000,300.000,-1,-1,-1,-1,775.000,750.000,-1,-1,2,0,2,0,2,0,0,0,0,2,2,2,2,0,0,2,2
68,6893.751,-7311.493,-6.890,-93.542,-0.061989,0.998025,0.010141,-0.997874,-0.061768,-0.020805,-0.020137,-0.011409,0.999732,0,0.90101,-0.54457,54.061,-1.089,-1,400.000,-1,400.000,-1,325.000,325.000,300.000,300.000,-1,-1,-1,-1,750.000,725.000,-1,-1,2,0,2,0,2,0,0,0,0,2,2,2,2,0,0,2,2
69,6889.389,-7365.321,-8.006,-94.633,-0.081007,0.996656,0.010752,-0.996511,-0.080769,-0.021007,-0.020068,-0.012416,0.999722,0,0.90006,-0.54578,54.004,-1.092,-1,400.000,-1,400.000,-1,325.000,325.000,300.000,300.000,-1,-1,-1,-1,750.000,725.000,-1,-1,2,0,2,0,2,0,0,0,0,2,2,2,2,0,0,2,2
70,6884.006,-7418.992,-9.102,-95.727,-0.100034,0.994919,0.011376,-0.994784,-0.099778,-0.021202,-0.019960,-0.013437,0.999710,0,0.89902,-0.54690,53.941,-1.094,-1,400.000,-1,400.000,-1,325.000,325.000,300.000,300.000,-1,-1,-1,-1,750.000,725.000,-1,-1,2,0,2,0,2,0,0,0,0,2,2,2,2,0,0,2,2
71,6877.606,-7472.484,-10.175,-96.823,-0.119059,0.992815,0.012010,-0.992689,-0.118786,-0.021392,-0.019812,-0.014469,0.999699,0,0.89789,-0.54792,53.873,-1.096,-1,400.000,-1,400.000,-1,325.000,325.000,300.000,300.000,-1,-1,-1,-1,725.000,725.000,-1,-1,2,0,2,0,2,0,0,0,0,2,2,2,2,0,0,2,2
72,6870.193,-7525.772,-11.223,-97.920,-0.138072,0.990341,0.012651,-0.990228,-0.137781,-0.021576,-0.019624,-0.015506,0.999687,0,0.89668,-0.54884,53.801,-1.098,-1,400.000,-1,400.000,-1,325.000,325.000,300.000,300.000,-1,-1,-1,-1,725.000,700.000,-1,-1,2,0,2,0,2,0,0,0,0,2,2,2,2,0,0,2,2
73,6861.771,-7578.832,-12.245,-99.020,-0.157062,0.987499,0.013296,-0.987398,-0.156753,-0.021754,-0.019398,-0.016546,0.999675,0,0.89540,-0.54966,53.724,-1.099,-1,400.000,-1,375.000,-1,325.000,325.000,300.000,300.000,-1,-1,-1,-1,725.000,700.000,-1,-1,2,0,2,0,2,0,0,0,0,2,2,2,2,0,0,2,2
74,6852.345,-7631.641,-13.237,-100.120,-0.176018,0.984288,0.013944,-0.984201,-0.175692,-0.021928,-0.019133,-0.017583,0.999662,0,0.89406,-0.55038,53.643,-1.101,-1,400.000,-1,375.000,-1,325.000,325.000,300.000,300.000,-1,-1,-1,-1,700.000,700.000,-1,-1,2,0,2,0,2,0,0,0,0,2,2,2,2,0,0,2,2
75,6841.921,-7684.176,-14.200,-101.222,-0.194928,0.980709,0.014591,-0.980637,-0.194585,-0.022095,-0.018830,-0.018616,0.999649,0,0.89265,-0.55099,53.559,-1.102,-1,375.000,-1,375.000,-1,325.000,325.000,300.000,300.000,-1,-1,-1,-1,700.000,700.000,-1,-1,2,0,2,0,2,0,0,0,0,2,2,2,2,0,0,2,2
76,6830.507,-7736.416,-15.129,-102.325,-0.213782,0.976762,0.015235,-0.976706,-0.213423,-0.022257,-0.018489,-0.019639,0.999636,0,0.89120,-0.55149,53.472,-1.103,-1,375.000,-1,375.000,-1,325.000,300.000,300.000,300.000,-1,-1,-1,-1,700.000,700.000,-1,-1,2,0,2,0,2,0,0,0,0,2,2,2,2,0,0,2,2
77,6818.110,-7788.339,-16.025,-103.429,-0.232569,0.972450,0.015874,-0.972411,-0.232194,-0.022413,-0.018110,-0.020649,0.999623,0,0.88971,-0.55188,53.383,-1.104,-1,375.000,-1,375.000,-1,300.000,300.000,300.000,300.000,-1,-1,-1,-1,675.000,675.000,-1,-1,2,0,2,0,2,0,0,0,0,2,2,2,2,0,0,2,2
78,6804.736,-7839.925,-16.777,-104.534,-0.251260,0.967783,0.016236,-0.967769,-0.250891,-0.021829,-0.017053,-0.021197,0.999630,0,0.88819,-0.55217,53.292,-1.104,-1,375.000,-1,375.000,-1,300.000,300.000,300.000,300.000,-1,-1,-1,-1,675.000,675.000,-1,-1,2,0,2,0,2,0,0,0,0,2,2,2,2,0,0,2,2
79,6790.396,-7891.156,-17.292,-105.638,-0.269839,0.962772,0.016009,-0.962784,-0.269504,-0.020355,-0.015282,-0.020906,0.999665,0,0.88666,-0.55235,53.200,-1.105,-1,375.000,-1,375.000,-1,300.000,300.000,300.000,300.000,-1,-1,-1,-1,675.000,675.000,-1,-1,2,0,2,0,2,0,0,0,0,2,2,2,2,0,0,2,2
80,6776.259,-7937.444,-17.737,-106.983,-0.292327,0.956187,0.015851,-0.956223,-0.292025,-0.018934,-0.013476,-0.020692,0.999695,0,0.80666,-0.67235,48.400,-1.345,-1,375.000,-1,375.000,-1,300.000,300.000,300.000,300.000,-1,-1,-1,-1,700.000,675.000,-1,-1,2,0,2,0,2,0,0,0,0,2,2,2,2,0,1,2,2
81,6762.427,-7978.792,-18.069,-108.497,-0.317453,0.948139,0.015992,-0.948204,-0.317179,-0.017486,-0.011507,-0.020715,0.999719,0,0.72666,-0.75679,43.600,-1.514,-1,375.000,-1,375.000,-1,300.000,300.000,325.000,300.000,-1,-1,-1,-1,700.000,675.000,-1,-1,2,0,2,0,2,0,0,0,0,2,2,2,2,0,1,2,2
82,6749.147,-8015.248,-18.248,-110.014,-0.342424,0.939399,0.016620,-0.939499,-0.342176,-0.016065,-0.009405,-0.021116,0.999733,0,0.64666,-0.75880,38.800,-1.518,-1,375.000,-1,375.000,-1,300.000,300.000,325.000,300.000,-1,-1,-1,-1,700.000,700.000,-1,-1,2,0,2,0,2,0,0,0,0,2,2,2,2,0,1,2,2
83,6736.667,-8046.875,-18.366,-111.535,-0.367207,0.929981,0.017147,-0.930110,-0.366986,-0.014740,-0.007415,-0.021361,0.999744,0,0.56666,-0.76042,34.000,-1.521,-1,375.000,-1,375.000,-1,300.000,300.000,300.000,300.000,-1,900.000,-1,-1,725.000,700.000,-1,-1,2,0,2,0,2,0,0,0,0,2,0,2,2,0,1,2,2
84,6725.231,-8073.741,-18.453,-113.058,-0.391771,0.919894,0.017629,-0.920046,-0.391575,-0.013608,-0.005615,-0.021550,0.999752,0,0.48666,-0.76161,29.200,-1.523,-1,375.000,-1,375.000,-1,300.000,300.000,300.000,300.000,-1,825.000,925.000,-1,725.000,700.000,-1,-1,2,0,2,0,2,0,0,0,1,2,0,0,2,0,1,2,2
85,6715.080,-8095.929,-18.519,-114.583,-0.416086,0.909146,0.018069,-0.909316,-0.415912,-0.012688,-0.004020,-0.021710,0.999756,0,0.40666,-0.76237,24.400,-1.525,-1,375.000,-1,375.000,-1,300.000,300.000,300.000,300.000,-1,775.000,850.000,-1,725.000,725.000,-1,-1,2,0,2,0,2,0,0,0,1,2,0,0,2,0,0,2,2
86,6706.455,-8113.529,-18.570,-116.108,-0.440119,0.897750,0.018454,-0.897935,-0.439964,-0.011967,-0.002624,-0.021837,0.999758,0,0.32666,-0.76268,19.600,-1.525,-1,375.000,-1,375.000,-1,300.000,325.000,300.000,300.000,-1,725.000,800.000,-1,750.000,725.000,-1,-1,2,0,2,0,2,0,0,0,1,2,0,0,2,0,0,2,2
87,6699.590,-8126.641,-18.611,-117.633,-0.463839,0.885721,0.018771,-0.885918,-0.463701,-0.011431,-0.001421,-0.021932,0.999758,0,0.24666,-0.76253,14.800,-1.525,-1,375.000,-1,375.000,600.000,300.000,325.000,300.000,300.000,-1,700.000,750.000,-1,750.000,725.000,-1,-1,2,0,2,1,1,0,0,0,1,2,0,0,2,0,0,2,2
88,6694.719,-8135.373,-18.647,-119.157,-0.487215,0.873075,0.019008,-0.873282,-0.487089,-0.011069,-0.000405,-0.021992,0.999758,0,0.16666,-0.76191,10.000,-1.524,-1,375.000,-1,375.000,525.000,300.000,325.000,300.000,300.000,-1,675.000,725.000,-1,750.000,700.000,-1,-1,2,0,2,1,1,0,0,0,1,2,0,0,2,0,1,2,2
89,6692.065,-8139.845,-18.683,-120.679,-0.510217,0.859833,0.019154,-0.860046,-0.510101,-0.010867,0.000426,-0.022018,0.999757,0,0.08666,-0.76081,5.200,-1.522,-1,375.000,-1,375.000,475.000,325.000,325.000,300.000,300.000,-1,650.000,700.000,-1,750.000,700.000,-1,-1,2,0,2,1,1,0,0,0,1,2,0,0,2,0,1,2,2
90,6691.852,-8140.183,-18.725,-122.197,-0.532816,0.846013,0.019197,-0.846231,-0.532707,-0.010814,0.001077,-0.022007,0.999757,0,0.00666,-0.75924,0.400,-1.518,-1,375.000,-1,375.000,450.000,325.000,325.000,300.000,300.000,-1,650.000,675.000,-1,750.000,675.000,-1,-1,2,0,2,1,1,0,0,0,1,2,0,0,2,0,1,2,2
91,6694.295,-8136.523,-18.777,-123.712,-0.554985,0.831641,0.019127,-0.831859,-0.554880,-0.010897,0.001551,-0.021959,0.999758,0,-0.07334,-0.75719,-4.400,-1.514,-1,375.000,-1,375.000,425.000,325.000,325.000,300.000,300.000,-1,650.000,675.000,-1,750.000,650.000,-1,-1,2,0,2,1,1,0,0,0,0,2,0,0,2,0,1,2,2
92,6699.601,-8129.007,-18.844,-125.221,-0.576698,0.816738,0.018934,-0.816955,-0.576594,-0.011106,0.001847,-0.021873,0.999759,0,-0.15334,-0.75468,-9.200,-1.509,-1,375.000,-1,375.000,400.000,325.000,325.000,300.000,300.000,-1,650.000,675.000,-1,750.000,625.000,-1,-1,2,0,2,1,1,0,0,0,0,2,0,0,2,0,1,2,2
93,6707.972,-8117.785,-18.931,-126.725,-0.597933,0.801330,0.018607,-0.801544,-0.597827,-0.011429,0.001966,-0.021748,0.999762,0,-0.23334,-0.75174,-14.000,-1.503,-1,375.000,-1,375.000,400.000,300.000,325.000,300.000,300.000,-1,650.000,675.000,-1,750.000,600.000,-1,-1,2,0,2,1,1,0,0,0,0,2,0,0,2,0,1,2,2
94,6719.604,-8103.015,-19.044,-128.221,-0.618667,0.785444,0.018137,-0.785651,-0.618556,-0.011856,0.001906,-0.021584,0.999765,0,-0.31334,-0.74839,-18.800,-1.497,-1,375.000,-1,350.000,375.000,300.000,325.000,300.000,300.000,-1,650.000,675.000,-1,725.000,575.000,-1,550.000,2,0,2,1,1,0,0,0,0,2,0,0,2,0,1,2,1
95,6734.683,-8084.860,-19.091,-129.711,-0.638877,0.769099,0.017967,-0.769307,-0.638759,-0.012389,0.001948,-0.021737,0.999762,0,-0.39334,-0.74467,-23.600,-1.489,-1,375.000,-1,375.000,375.000,300.000,325.000,300.000,300.000,-1,675.000,675.000,-1,725.000,575.000,-1,500.000,2,0,2,1,1,0,0,0,0,2,0,0,2,0,1,2,1
96,6752.657,-8064.322,-19.118,-131.192,-0.658548,0.752326,0.017896,-0.752536,-0.658423,-0.013015,0.001992,-0.022039,0.999755,0,-0.45487,-0.74063,-27.292,-1.481,-1,375.000,-1,375.000,400.000,300.000,325.000,300.000,300.000,-1,675.000,675.000,-1,725.000,550.000,-1,500.000,2,0,2,1,1,0,0,0,0,2,0,0,2,0,1,2,1
97,6771.110,-8044.301,-19.159,-132.665,-0.677672,0.735149,0.017801,-0.735361,-0.677538,-0.013644,0.002031,-0.022336,0.999748,0,-0.45380,-0.73642,-27.228,-1.473,-1,375.000,-1,375.000,400.000,300.000,325.000,300.000,300.000,-1,675.000,675.000,-1,725.000,550.000,-1,500.000,2,0,2,1,1,0,0,0,0,2,0,0,2,0,1,2,1
98,6790.035,-8024.792,-19.214,-134.129,-0.696247,0.717585,0.017681,-0.717800,-0.696104,-0.014273,0.002066,-0.022629,0.999742,0,-0.45300,-0.73237,-27.180,-1.465,-1,375.000,-1,375.000,425.000,325.000,325.000,300.000,300.000,-1,675.000,675.000,-1,725.000,550.000,-1,500.000,2,0,2,1,1,0,0,0,0,2,0,0,2,0,1,2,1
99,6809.426,-8005.794,-19.282,-135.586,-0.714272,0.699648,0.017538,-0.699865,-0.714120,-0.014902,0.002098,-0.022918,0.999735,0,-0.45245,-0.72850,-27.147,-1.457,-1,375.000,-1,375.000,425.000,325.000,325.000,300.000,300.000,-1,675.000,675.000,-1,700.000,550.000,-1,500.000,2,0,2,1,1,0,0,0,0,2,0,0,2,0,1,2,1
100,6829.278,-7987.305,-19.342,-137.036,-0.731748,0.681353,0.017378,-0.681572,-0.731584,-0.015630,0.002064,-0.023282,0.999727,0,-0.45214,-0.72480,-27.129,-1.450,-1,375.000,-1,375.000,450.000,325.000,325.000,300.000,300.000,-1,650.000,675.000,-1,700.000,550.000,-1,500.000,2,0,2,1,1,0,0,0,0,2,0,0,2,0,1,2,1
101,6849.586,-7969.325,-19.367,-138.479,-0.748677,0.662712,0.017204,-0.662932,-0.748496,-0.016586,0.001885,-0.023822,0.999714,0,-0.45206,-0.72127,-27.123,-1.443,-1,375.000,-1,375.000,475.000,325.000,325.000,300.000,300.000,-1,650.000,675.000,-1,700.000,550.000,-1,500.000,2,0,2,1,1,0,0,0,0,2,0,0,2,0,1,2,1
102,6866.607,-7954.881,-19.395,-139.681,-0.762427,0.646850,0.017033,-0.647072,-0.762231,-0.017377,0.001743,-0.024270,0.999704,0,-0.37206,-0.60127,-22.323,-1.203,-1,375.000,-1,400.000,475.000,325.000,325.000,300.000,300.000,-1,650.000,675.000,-1,700.000,550.000,-1,525.000,2,0,2,1,1,0,0,0,0,2,0,0,2,0,1,2,1
103,6880.156,-7943.769,-19.423,-140.644,-0.773191,0.633949,0.016883,-0.634172,-0.772983,-0.018000,0.001639,-0.024625,0.999695,0,-0.29206,-0.48127,-17.523,-0.963,-1,375.000,-1,400.000,500.000,325.000,325.000,300.000,300.000,-1,650.000,675.000,-1,700.000,550.000,-1,525.000,2,0,2,1,1,0,0,0,0,2,0,0,2,0,1,2,1
104,6890.095,-7935.825,-19.446,-141.366,-0.781127,0.624147,0.016767,-0.624370,-0.780911,-0.018455,0.001574,-0.024884,0.999689,0,-0.21206,-0.36127,-12.723,-0.723,-1,375.000,-1,400.000,500.000,325.000,325.000,300.000,300.000,-1,650.000,675.000,-1,700.000,550.000,-1,550.000,2,0,2,0,1,0,0,0,0,2,0,0,2,0,1,2,1
105,6896.326,-7930.930,-19.464,-141.849,-0.786358,0.617546,0.016692,-0.617769,-0.786136,-0.018728,0.001557,-0.025039,0.999685,0,-0.13206,-0.24127,-7.923,-0.483,-1,375.000,-1,400.000,500.000,325.000,325.000,300.000,300.000,-1,625.000,675.000,-1,700.000,550.000,-1,550.000,2,0,2,0,1,0,0,0,0,2,0,0,2,0,1,2,1
106,6898.790,-7929.011,-19.472,-142.091,-0.788965,0.614212,0.016666,-0.614436,-0.788742,-0.018837,0.001576,-0.025102,0.999684,0,-0.05206,-0.12127,-3.123,-0.243,-1,375.000,-1,400.000,525.000,325.000,325.000,300.000,300.000,-1,625.000,675.000,-1,700.000,550.000,-1,550.000,2,0,2,0,1,0,0,0,0,2,0,0,2,0,1,2,1
107,6897.467,-7930.041,-19.468,-142.094,-0.788992,0.614177,0.016691,-0.614402,-0.788770,-0.018789,0.001626,-0.025079,0.999684,0,0.02794,-0.00127,1.677,-0.003,-1,375.000,-1,400.000,500.000,325.000,325.000,300.000,300.000,-1,625.000,675.000,-1,700.000,550.000,-1,550.000,2,0,2,0,1,0,0,0,0,2,0,0,2,0,1,2,1
108,6892.373,-7934.042,-19.452,-141.856,-0.786437,0.617442,0.016767,-0.617668,-0.786220,-0.018581,0.001710,-0.024969,0.999687,0,0.10794,0.11873,6.477,0.237,-1,375.000,-1,400.000,500.000,325.000,325.000,300.000,300.000,-1,625.000,675.000,-1,700.000,550.000,-1,550.000,2,0,2,0,1,0,0,0,0,2,0,0,2,0,1,2,1
109,6883.536,-7941.046,-19.430,-141.601,-0.783669,0.620949,0.016910,-0.621176,-0.783460,-0.018205,0.001943,-0.024771,0.999691,0,0.18794,0.12788,11.277,0.256,-1,375.000,-1,400.000,500.000,325.000,325.000,300.000,300.000,-1,625.000,675.000,-1,700.000,550.000,-1,525.000,2,0,2,1,1,0,0,0,0,2,0,0,2,0,1,2,1
110,6870.981,-7951.087,-19.400,-141.347,-0.780901,0.624421,0.017120,-0.624651,-0.780704,-0.017680,0.002326,-0.024500,0.999697,0,0.26794,0.12701,16.077,0.254,-1,375.000,-1,400.000,475.000,325.000,325.000,300.000,300.000,-1,625.000,675.000,-1,700.000,525.000,-1,525.000,2,0,2,1,1,0,0,0,0,2,0,0,2,0,1,2,1
111,6854.735,-7964.199,-19.360,-141.095,-0.778140,0.627850,0.017396,-0.628084,-0.777959,-0.017008,0.002855,-0.024160,0.999704,0,0.34794,0.12588,20.877,0.252,-1,375.000,-1,375.000,475.000,325.000,325.000,300.000,300.000,-1,625.000,675.000,-1,700.000,525.000,-1,500.000,2,0,2,1,1,0,0,0,0,2,0,0,2,0,1,2,1
112,6834.824,-7980.411,-19.310,-140.846,-0.775393,0.631230,0.017735,-0.631469,-0.775232,-0.016195,0.003526,-0.023757,0.999712,0,0.42794,0.12445,25.677,0.249,-1,375.000,-1,375.000,450.000,325.000,325.000,300.000,300.000,-1,625.000,675.000,-1,700.000,525.000,-1,500.000,2,0,2,1,1,0,0,0,0,2,0,0,2,0,1,2,1
113,6811.273,-7999.755,-19.248,-140.601,-0.772668,0.634551,0.018138,-0.634795,-0.772530,-0.015248,0.004336,-0.023296,0.999719,0,0.50794,0.12269,30.477,0.245,-1,375.000,-1,375.000,425.000,325.000,325.000,300.000,300.000,-1,625.000,650.000,-1,700.000,500.000,-1,475.000,2,0,2,1,1,0,0,0,0,2,0,0,2,0,1,2,1
114,6784.108,-8022.260,-19.142,-140.359,-0.769975,0.637803,0.018604,-0.638053,-0.769859,-0.014317,0.005191,-0.022894,0.999724,0,0.58794,0.12059,35.277,0.241,-1,375.000,-1,350.000,400.000,325.000,325.000,300.000,300.000,-1,650.000,625.000,-1,725.000,500.000,-1,425.000,2,0,2,1,1,0,0,0,0,2,0,0,2,0,1,2,1
115,6753.352,-8047.955,-18.975,-140.123,-0.767323,0.640975,0.019136,-0.641232,-0.767229,-0.013477,0.006043,-0.022612,0.999726,0,0.66794,0.11808,40.077,0.236,-1,375.000,-1,350.000,375.000,325.000,325.000,300.000,300.000,-1,650.000,625.000,-1,725.000,500.000,-1,400.000,2,0,2,1,1,0,1,0,0,2,0,0,2,0,1,2,1
116,6719.028,-8076.865,-18.781,-139.893,-0.764723,0.644057,0.019730,-0.644321,-0.764652,-0.012569,0.006992,-0.022324,0.999726,0,0.74794,0.11513,44.877,0.230,-1,375.000,-1,325.000,350.000,325.000,300.000,300.000,300.000,-1,625.000,600.000,-1,725.000,475.000,-1,375.000,2,0,2,1,1,0,1,0,0,2,0,0,2,0,1,2,1
117,6681.159,-8109.015,-18.556,-139.670,-0.762186,0.647037,0.020387,-0.647308,-0.762140,-0.011604,0.008030,-0.022041,0.999725,0,0.82794,0.11166,49.677,0.223,-1,375.000,-1,325.000,300.000,325.000,300.000,300.000,300.000,-1,625.000,600.000,-1,725.000,475.000,-1,325.000,2,0,2,1,1,0,1,0,0,2,0,0,2,0,1,2,1
118,6639.762,-8144.428,-18.297,-139.454,-0.759728,0.649898,0.021106,-0.650176,-0.759709,-0.010595,0.009149,-0.021772,0.999721,0,0.90794,0.10759,54.477,0.215,-1,375.000,-1,300.000,275.000,325.000,300.000,300.000,300.000,-1,625.000,575.000,-1,750.000,450.000,-1,300.000,2,0,2,1,1,1,1,0,0,2,0,0,2,0,1,2,1
119,6594.859,-8183.125,-14.950,-139.249,-0.756992,0.652422,0.036176,-0.653136,-0.757141,-0.012242,0.019404,-0.032895,0.999270,0,0.98794,0.10283,59.277,0.206,-1,400.000,-1,325.000,275.000,325.000,300.000,300.000,325.000,-1,400.000,425.000,-1,800.000,500.000,-1,325.000,2,1,2,1,1,1,1,0,1,2,0,0,2,0,1,2,1
120,6549.541,-8222.448,-11.561,-139.054,-0.754192,0.654731,0.050222,-0.656015,-0.754624,-0.013653,0.028960,-0.043244,0.998645,0,1.00000,0.09726,60.000,0.195,-1,425.000,-1,325.000,275.000,325.000,300.000,275.000,300.000,-1,300.000,350.000,-1,850.000,575.000,-1,375.000,2,1,2,1,1,1,1,0,1,2,0,0,2,0,1,2,1
121,6508.124,-8258.941,-8.731,-138.620,-0.748640,0.660198,0.060634,-0.661998,-0.749369,-0.014289,0.036004,-0.050837,0.998058,0,0.92000,0.21726,55.200,0.435,-1,450.000,-1,350.000,300.000,350.000,325.000,275.000,300.000,-1,250.000,325.000,-1,900.000,700.000,-1,-1,2,0,2,1,1,1,1,0,1,2,0,0,2,0,1,2,2
122,6468.568,-8294.629,-6.421,-137.945,-0.740287,0.668762,0.068800,-0.671012,-0.741310,-0.014264,0.041463,-0.056725,0.997529,0,0.88792,0.33726,53.275,0.675,-1,450.000,-1,375.000,350.000,375.000,325.000,275.000,275.000,-1,225.000,325.000,-1,950.000,-1,-1,-1,2,0,2,1,1,1,1,0,1,2,0,0,2,0,2,2,2
123,6429.574,-8330.767,-4.462,-137.178,-0.730830,0.678457,0.074722,-0.681045,-0.732114,-0.013664,0.045434,-0.060875,0.997111,0,0.88607,0.38341,53.164,0.767,-1,475.000,-1,400.000,400.000,375.000,350.000,275.000,275.000,-1,225.000,300.000,-1,975.000,-1,-1,-1,2,0,2,1,1,1,1,0,1,2,0,0,2,0,2,2,2
124,6391.178,-8367.299,-2.907,-136.427,-0.721535,0.687877,0.078815,-0.690695,-0.723034,-0.012722,0.048235,-0.063616,0.996808,0,0.88330,0.37553,52.998,0.751,-1,475.000,-1,425.000,-1,400.000,375.000,275.000,250.000,1000.000,200.000,300.000,-1,-1,-1,-1,-1,2,0,2,1,2,0,1,0,1,0,0,0,2,2,2,2,2
125,6353.408,-8404.167,-1.752,-135.693,-0.712445,0.697026,0.081100,-0.699953,-0.714096,-0.011516,0.049886,-0.064971,0.996639,0,0.87968,0.36716,52.781,0.734,-1,475.000,-1,475.000,-1,400.000,400.000,275.000,225.000,975.000,200.000,300.000,-1,-1,-1,-1,-1,2,0,2,1,2,0,1,0,1,0,0,0,2,2,2,2,2
126,6316.294,-8441.312,-1.017,-134.976,-0.703594,0.705898,0.081628,-0.708818,-0.705316,-0.010285,0.050313,-0.065096,0.996610,0,0.87516,0.35835,52.509,0.717,-1,500.000,-1,525.000,-1,400.000,425.000,275.000,200.000,975.000,225.000,300.000,-1,-1,-1,-1,-1,2,0,2,1,2,0,0,0,1,0,0,0,2,2,2,2,2
127,6279.862,-8478.673,-0.799,-134.278,-0.695017,0.714471,0.080515,-0.717308,-0.696690,-0.009643,0.049204,-0.064456,0.996707,0,0.86973,0.34915,52.184,0.698,-1,475.000,-1,550.000,-1,400.000,425.000,275.000,200.000,1000.000,225.000,325.000,-1,-1,-1,-1,-1,2,0,2,0,2,0,0,0,1,0,0,0,2,2,2,2,2
128,6244.136,-8516.189,-0.932,-133.599,-0.686701,0.722773,0.077723,-0.725413,-0.688257,-0.008858,0.047091,-0.062464,0.996936,0,0.86344,0.33965,51.806,0.679,-1,475.000,-1,525.000,-1,400.000,400.000,275.000,175.000,-1,250.000,350.000,-1,-1,-1,-1,-1,2,0,2,0,2,0,0,0,1,2,0,0,2,2,2,2,2
129,6209.138,-8553.807,-1.406,-132.932,-0.678562,0.730877,0.073294,-0.733224,-0.679941,-0.007971,0.044010,-0.059150,0.997279,0,0.85634,0.33324,51.381,0.666,-1,475.000,-1,525.000,-1,400.000,400.000,275.000,175.000,-1,275.000,375.000,-1,-1,-1,-1,-1,2,0,2,0,2,0,0,0,1,2,0,0,2,2,2,2,2
130,6174.896,-8591.484,-0.584,-132.268,-0.670610,0.738645,0.068462,-0.740979,-0.671367,-0.014696,0.035108,-0.060584,0.997546,0,0.84856,0.33201,50.914,0.664,-1,450.000,-1,500.000,-1,375.000,400.000,275.000,175.000,-1,450.000,550.000,-1,950.000,-1,-1,-1,2,0,2,0,2,0,0,0,1,2,0,0,2,0,2,2,2
131,6141.425,-8629.182,0.962,-131.606,-0.662766,0.746163,0.063107,-0.748499,-0.662613,-0.026344,0.022158,-0.064695,0.997659,0,0.84024,0.33115,50.414,0.662,-1,425.000,-1,475.000,-1,350.000,375.000,275.000,175.000,-1,850.000,1000.000,-1,850.000,1000.000,-1,-1,2,0,2,0,2,0,0,0,1,2,0,0,2,0,0,2,2
132,6108.731,-8666.871,1.827,-130.945,-0.654830,0.753677,0.056286,-0.755718,-0.653885,-0.036408,0.009365,-0.066377,0.997751,0,0.83157,0.33065,49.894,0.661,-1,400.000,-1,450.000,-1,350.000,350.000,275.000,175.000,-1,-1,-1,-1,775.000,900.000,-1,-1,2,0,2,0,2,0,0,0,1,2,2,2,2,0,0,2,2
133,6076.814,-8704.531,2.019,-130.284,-0.646731,0.761207,0.047995,-0.762711,-0.645176,-0.044930,-0.003235,-0.065664,0.997837,0,0.82278,0.33051,49.367,0.661,-1,375.000,-1,425.000,-1,325.000,350.000,275.000,175.000,-1,-1,-1,-1,725.000,825.000,-1,-1,2,0,2,0,2,0,0,0,1,2,2,2,2,0,0,2,2
134,6045.663,-8742.155,1.561,-129.622,-0.638400,0.768754,0.038238,-0.769545,-0.636470,-0.052020,-0.015653,-0.062635,0.997914,0,0.81409,0.33074,48.845,0.661,-1,375.000,-1,400.000,-1,300.000,325.000,275.000,175.000,-1,-1,-1,-1,650.000,750.000,-1,-1,2,0,2,0,2,0,0,0,1,2,2,2,2,0,0,2,2
135,6015.268,-8779.747,1.958,-128.960,-0.629747,0.776053,0.034069,-0.776446,-0.627528,-0.057793,-0.023472,-0.062848,0.997747,0,0.80572,0.33131,48.343,0.663,-1,350.000,-1,375.000,-1,300.000,300.000,275.000,175.000,-1,-1,-1,-1,625.000,700.000,-1,-1,2,0,2,0,2,0,0,0,1,2,2,2,2,0,0,2,2
