timestep,x_cm,y_cm,z_cm,yaw_deg,basis_xx,basis_xy,basis_xz,basis_yx,basis_yy,basis_yz,basis_zx,basis_zy,basis_zz,teleport_flag,throttle_cmd,steering_cmd,cmd_move_cm,cmd_turn_deg,lidar_cm_0,lidar_cm_1,lidar_cm_2,lidar_cm_3,lidar_cm_4,lidar_cm_5,lidar_cm_6,lidar_cm_7,lidar_cm_8,lidar_cm_9,lidar_cm_10,lidar_cm_11,lidar_cm_12,lidar_cm_13,lidar_cm_14,lidar_cm_15,lidar_cm_16,lidar_class_0,lidar_class_1,lidar_class_2,lidar_class_3,lidar_class_4,lidar_class_5,lidar_class_6,lidar_class_7,lidar_class_8,lidar_class_9,lidar_class_10,lidar_class_11,lidar_class_12,lidar_class_13,lidar_class_14,lidar_class_15,lidar_class_16
0,-3610.695,-7539.528,-8.281,129.709,-0.638988,-0.769215,0.001985,0.769074,-0.638817,0.020937,-0.014837,0.014905,0.999779,1,0.08000,0.12000,4.800,0.240,-1,375.000,-1,375.000,-1,300.000,300.000,300.000,300.000,-1,575.000,575.000,-1,650.000,700.000,-1,-1,2,0,2,0,2,0,0,0,0,2,0,0,2,0,0,2,2
1,-3616.890,-7532.194,-8.356,130.189,-0.645409,-0.763834,0.002344,0.763705,-0.645237,0.020589,-0.014214,0.015078,0.999785,0,0.16000,0.24000,9.600,0.480,-1,375.000,-1,375.000,-1,300.000,300.000,300.000,300.000,-1,575.000,575.000,-1,650.000,700.000,-1,-1,2,0,2,0,2,0,0,0,0,2,0,0,2,0,0,2,2
2,-3626.320,-7521.312,-8.463,130.909,-0.654955,-0.755663,0.002899,0.755552,-0.654782,0.020073,-0.013270,0.015338,0.999794,0,0.24000,0.36000,14.400,0.720,-1,375.000,-1,375.000,-1,300.000,300.000,300.000,300.000,-1,575.000,550.000,-1,650.000,700.000,-1,-1,2,0,2,0,2,0,0,0,0,2,0,0,2,0,0,2,2
3,-3639.072,-7506.959,-8.600,131.621,-0.664298,-0.747459,0.003695,0.747370,-0.664123,0.019472,-0.012100,0.015697,0.999804,0,0.32000,0.35620,19.200,0.712,-1,375.000,-1,375.000,-1,300.000,300.000,300.000,300.000,-1,575.000,525.000,-1,650.000,700.000,-1,-1,2,0,2,0,2,0,0,0,0,2,0,0,2,0,0,2,2
4,-3655.231,-7489.214,-8.762,132.321,-0.673373,-0.739287,0.004743,0.739225,-0.673196,0.018794,-0.010701,0.016161,0.999812,0,0.40000,0.34985,24.000,0.700,-1,375.000,-1,375.000,-1,300.000,300.000,300.000,300.000,-1,550.000,500.000,-1,650.000,700.000,-1,-1,2,0,2,0,2,0,0,0,0,2,0,0,2,0,0,2,2
5,-3674.875,-7468.153,-8.929,133.005,-0.682145,-0.731192,0.005996,0.731160,-0.681968,0.018040,-0.009102,0.016690,0.999819,0,0.48000,0.34200,28.800,0.684,-1,375.000,-1,375.000,-1,300.000,300.000,300.000,300.000,-1,525.000,475.000,-1,650.000,700.000,-1,-1,2,0,2,0,2,0,0,0,0,2,0,0,2,0,0,2,2
6,-3698.076,-7443.849,-9.072,133.670,-0.690581,-0.723218,0.007360,0.723218,-0.690406,0.017208,-0.007363,0.017206,0.999825,0,0.56000,0.33265,33.600,0.665,-1,375.000,-1,375.000,-1,300.000,300.000,300.000,300.000,-1,500.000,450.000,-1,650.000,700.000,-1,-1,2,0,2,0,2,0,0,0,0,2,0,0,2,0,0,2,2
7,-3724.902,-7416.373,-9.206,134.314,-0.698649,-0.715409,0.008959,0.715444,-0.698480,0.016309,-0.005410,0.017804,0.999827,0,0.64000,0.32183,38.400,0.644,-1,375.000,-1,375.000,-1,300.000,300.000,300.000,300.000,-1,500.000,425.000,-1,650.000,700.000,-1,-1,2,0,2,0,2,0,0,0,0,2,0,0,2,0,0,2,2
8,-3755.423,-7385.800,-9.319,134.950,-0.706532,-0.707598,0.010794,0.707673,-0.706373,0.015344,-0.003233,0.018480,0.999824,0,0.72000,0.31817,43.200,0.636,-1,375.000,-1,375.000,-1,300.000,300.000,300.000,300.000,-1,475.000,425.000,-1,650.000,700.000,-1,-1,2,0,2,0,2,0,0,0,0,2,0,0,2,0,0,2,2
9,-3789.706,-7352.204,-9.399,135.580,-0.714239,-0.699784,0.012869,0.699902,-0.714096,0.014318,-0.000829,0.019234,0.999815,0,0.80000,0.31479,48.000,0.630,-1,375.000,-1,375.000,-1,300.000,300.000,300.000,300.000,-1,475.000,400.000,-1,650.000,700.000,-1,-1,2,0,2,0,2,0,0,0,0,2,0,0,2,0,0,2,2
10,-3827.817,-7315.662,-9.432,136.203,-0.721772,-0.691964,0.015189,0.692129,-0.721653,0.013235,0.001803,0.020065,0.999797,0,0.88000,0.31160,52.800,0.623,-1,375.000,-1,375.000,-1,300.000,300.000,300.000,325.000,-1,450.000,400.000,-1,650.000,700.000,-1,-1,2,0,2,0,2,0,0,0,0,2,0,0,2,0,0,2,2
11,-3866.537,-7279.328,-9.339,136.821,-0.729145,-0.684125,0.017933,0.684343,-0.729057,0.012255,0.004690,0.021207,0.999764,0,0.88496,0.30899,53.097,0.618,-1,375.000,-1,375.000,-1,300.000,300.000,300.000,325.000,-1,450.000,400.000,-1,650.000,700.000,-1,-1,2,0,2,0,2,0,0,0,0,2,0,0,2,0,0,2,2
12,-3905.613,-7243.440,-9.154,137.434,-0.736364,-0.676260,0.020968,0.676542,-0.736316,0.011434,0.007707,0.022605,0.999715,0,0.88427,0.30667,53.056,0.613,-1,375.000,-1,375.000,-1,300.000,300.000,300.000,325.000,-1,425.000,400.000,-1,650.000,700.000,-1,-1,2,0,2,0,2,0,0,0,0,2,0,0,2,0,0,2,2
13,-3945.028,-7208.006,-8.907,138.044,-0.743440,-0.668369,0.024076,0.668717,-0.743440,0.010696,0.010751,0.024052,0.999653,0,0.88336,0.30465,53.001,0.609,-1,375.000,-1,375.000,-1,300.000,300.000,325.000,325.000,-1,425.000,375.000,-1,675.000,725.000,-1,-1,2,0,2,0,2,0,0,0,0,2,0,0,2,0,0,2,2
14,-3984.767,-7173.034,-8.599,138.650,-0.750379,-0.660446,0.027254,0.660863,-0.750439,0.010042,0.013820,0.025547,0.999578,0,0.88226,0.30296,52.936,0.606,-1,375.000,-1,375.000,-1,300.000,300.000,325.000,325.000,-1,425.000,375.000,-1,675.000,725.000,-1,-1,2,0,2,0,2,0,0,0,0,2,0,0,2,0,0,2,2
15,-4024.814,-7138.531,-8.079,139.253,-0.757209,-0.652492,0.029799,0.652965,-0.757331,0.009345,0.016470,0.026534,0.999512,0,0.88100,0.30158,52.860,0.603,-1,375.000,-1,375.000,-1,300.000,300.000,325.000,300.000,-1,425.000,375.000,-1,675.000,725.000,-1,-1,2,0,2,0,2,0,0,0,0,2,0,0,2,0,0,2,2
16,-4065.157,-7104.504,-7.163,139.854,-0.763962,-0.644505,0.031226,0.645006,-0.764126,0.008881,0.018137,0.026926,0.999473,0,0.87962,0.30053,52.777,0.601,-1,375.000,-1,375.000,-1,300.000,300.000,325.000,300.000,-1,475.000,425.000,-1,700.000,725.000,-1,-1,2,0,2,0,2,0,0,0,0,2,0,0,2,0,0,2,2
17,-4105.786,-7070.957,-6.156,140.454,-0.770613,-0.636464,0.032690,0.636998,-0.770818,0.008594,0.019728,0.027446,0.999429,0,0.87814,0.29981,52.688,0.600,-1,375.000,-1,375.000,-1,300.000,300.000,325.000,300.000,-1,500.000,450.000,-1,700.000,725.000,-1,-1,2,0,2,0,2,0,0,0,0,2,0,0,2,0,0,2,2
18,-4146.691,-7037.895,-5.086,141.052,-0.777168,-0.628364,0.034182,0.628932,-0.777416,0.008354,0.021324,0.027990,0.999381,0,0.87660,0.29941,52.596,0.599,-1,375.000,-1,375.000,-1,300.000,300.000,325.000,300.000,-1,525.000,475.000,-1,700.000,725.000,-1,-1,2,0,2,0,2,0,0,0,0,2,0,0,2,0,0,2,2
19,-4187.866,-7005.320,-3.835,141.651,-0.783627,-0.620205,0.035703,0.620795,-0.783936,0.007598,0.023277,0.028118,0.999334,0,0.87504,0.29933,52.502,0.599,-1,375.000,-1,375.000,-1,300.000,300.000,325.000,300.000,-1,550.000,500.000,-1,725.000,725.000,-1,-1,2,0,2,0,2,0,0,0,0,2,0,0,2,0,0,2,2
20,-4229.305,-6973.235,-2.445,142.250,-0.789999,-0.611975,0.037266,0.612580,-0.790382,0.006525,0.025461,0.027983,0.999284,0,0.87348,0.29959,52.409,0.599,-1,375.000,-1,375.000,-1,300.000,325.000,325.000,300.000,-1,575.000,500.000,-1,725.000,750.000,-1,-1,2,0,2,0,2,0,0,0,0,2,0,0,2,0,0,2,2
21,-4271.006,-6941.640,-0.997,142.850,-0.796292,-0.603662,0.038869,0.604280,-0.796753,0.005515,0.027640,0.027879,0.999229,0,0.87197,0.30016,52.318,0.600,-1,375.000,-1,375.000,-1,300.000,325.000,325.000,300.000,-1,600.000,525.000,-1,750.000,775.000,-1,-1,2,0,2,0,2,0,0,0,0,2,0,0,2,0,0,2,2
22,-4312.968,-6910.536,0.509,143.453,-0.802513,-0.595257,0.040511,0.595889,-0.803054,0.004567,0.029814,0.027805,0.999169,0,0.87054,0.30105,52.233,0.602,-1,375.000,-1,400.000,-1,325.000,325.000,325.000,300.000,-1,575.000,550.000,-1,750.000,775.000,-1,-1,2,0,2,0,2,0,0,0,0,2,0,0,2,0,0,2,2
23,-4355.192,-6879.923,2.063,144.057,-0.808665,-0.586752,0.042229,0.587398,-0.809290,0.003694,0.032008,0.027793,0.999101,0,0.86922,0.30226,52.153,0.605,-1,375.000,-1,400.000,-1,325.000,325.000,325.000,325.000,-1,550.000,525.000,-1,775.000,800.000,-1,-1,2,0,2,0,2,0,0,0,0,2,0,0,2,0,0,2,2
24,-4397.681,-6849.801,3.725,144.665,-0.814762,-0.578132,0.043889,0.578805,-0.815459,0.003318,0.033872,0.028106,0.999031,0,0.86805,0.30378,52.083,0.608,-1,400.000,-1,400.000,-1,325.000,325.000,325.000,325.000,-1,550.000,525.000,-1,775.000,800.000,-1,-1,2,0,2,0,2,0,0,0,0,2,0,0,2,0,0,2,2
25,-4440.438,-6820.168,5.373,145.276,-0.820825,-0.569399,0.045076,0.570088,-0.821578,0.003041,0.035302,0.028194,0.998979,0,0.86704,0.30561,52.022,0.611,-1,400.000,-1,400.000,-1,325.000,325.000,325.000,325.000,-1,550.000,525.000,-1,775.000,825.000,-1,-1,2,0,2,0,2,0,0,0,0,2,0,0,2,0,0,2,2
26,-4484.962,-6790.187,7.131,146.046,-0.828340,-0.558311,0.046291,0.559017,-0.829151,0.002854,0.036788,0.028242,0.998924,0,0.89462,0.38483,53.677,0.770,-1,400.000,-1,400.000,-1,325.000,325.000,325.000,325.000,-1,550.000,525.000,-1,800.000,825.000,-1,-1,2,0,2,0,2,0,0,0,0,2,0,0,2,0,0,2,2
27,-4525.755,-6763.264,8.666,146.575,-0.833438,-0.550626,0.046821,0.551330,-0.834283,0.002587,0.037638,0.027970,0.998900,0,0.81462,0.26483,48.877,0.530,-1,400.000,-1,400.000,-1,325.000,325.000,325.000,325.000,-1,550.000,525.000,-1,800.000,825.000,-1,-1,2,0,2,0,2,0,0,0,0,2,0,0,2,0,0,2,2
28,-4566.130,-6736.908,10.158,146.865,-0.836199,-0.546406,0.047029,0.547100,-0.837064,0.002290,0.038115,0.027644,0.998891,0,0.80360,0.14483,48.216,0.290,-1,400.000,-1,400.000,-1,325.000,325.000,325.000,325.000,-1,575.000,550.000,-1,800.000,850.000,-1,-1,2,0,2,0,2,0,0,0,0,2,0,0,2,0,0,2,2
29,-4606.641,-6710.640,11.687,147.039,-0.837847,-0.543858,0.047223,0.544546,-0.838728,0.002058,0.038488,0.027439,0.998882,0,0.80469,0.08722,48.282,0.174,-1,400.000,-1,400.000,-1,325.000,325.000,325.000,325.000,-1,600.000,575.000,-1,825.000,850.000,-1,-1,2,0,2,0,2,0,0,0,0,2,0,0,2,0,0,2,2
30,-4647.277,-6684.474,13.254,147.222,-0.839570,-0.541178,0.047413,0.541862,-0.840465,0.001897,0.038822,0.027284,0.998874,0,0.80553,0.09153,48.332,0.183,-1,400.000,-1,400.000,-1,325.000,325.000,325.000,300.000,-1,625.000,600.000,-1,825.000,850.000,-1,-1,2,0,2,0,2,0,0,0,0,2,0,0,2,0,0,2,2
31,-4688.033,-6658.424,14.960,147.414,-0.841389,-0.538369,0.047150,0.539033,-0.842283,0.001653,0.038824,0.026806,0.998886,0,0.80617,0.09588,48.370,0.192,-1,400.000,-1,400.000,-1,325.000,325.000,325.000,325.000,-1,675.000,650.000,-1,825.000,850.000,-1,-1,2,0,2,0,2,0,0,0,0,2,0,0,2,0,0,2,2
32,-4728.902,-6632.501,16.781,147.615,-0.843298,-0.535428,0.046539,0.536062,-0.844178,0.001357,0.038560,0.026092,0.998916,0,0.80662,0.10026,48.397,0.201,-1,400.000,-1,400.000,-1,325.000,325.000,325.000,325.000,-1,725.000,700.000,-1,825.000,850.000,-1,-1,2,0,2,0,2,0,0,0,0,2,0,0,2,0,0,2,2
33,-4769.879,-6606.721,18.591,147.824,-0.845280,-0.532347,0.045910,0.532961,-0.846139,0.001348,0.038129,0.025608,0.998945,0,0.80688,0.10466,48.413,0.209,-1,400.000,-1,400.000,-1,325.000,325.000,325.000,325.000,-1,800.000,775.000,-1,825.000,850.000,-1,-1,2,0,2,0,2,0,0,0,0,2,0,0,2,0,0,2,2
34,-4810.958,-6581.094,20.127,148.042,-0.847352,-0.529112,0.045117,0.529759,-0.848144,0.002865,0.036750,0.026329,0.998978,0,0.80694,0.10907,48.417,0.218,-1,400.000,-1,400.000,-1,325.000,325.000,325.000,325.000,-1,900.000,900.000,-1,825.000,850.000,-1,-1,2,0,2,0,2,0,0,0,0,2,0,0,2,0,0,2,2
35,-4852.131,-6555.635,21.689,148.269,-0.849493,-0.525737,0.044310,0.526417,-0.850214,0.004488,0.035314,0.027138,0.999008,0,0.80682,0.11348,48.409,0.227,-1,400.000,-1,400.000,-1,325.000,325.000,325.000,325.000,-1,-1,-1,-1,825.000,825.000,-1,-1,2,0,2,0,2,0,0,0,0,2,2,2,2,0,0,2,2
36,-4893.392,-6530.355,23.291,148.505,-0.851700,-0.522221,0.043499,0.522934,-0.852351,0.006136,0.033872,0.027973,0.999035,0,0.80650,0.11789,48.390,0.236,-1,400.000,-1,400.000,-1,325.000,325.000,325.000,325.000,-1,-1,-1,-1,825.000,825.000,-1,-1,2,0,2,0,2,0,0,0,0,2,2,2,2,0,0,2,2
37,-4934.735,-6505.267,24.935,148.749,-0.853972,-0.518566,0.042681,0.519308,-0.854551,0.007807,0.032425,0.028832,0.999058,0,0.80600,0.12227,48.360,0.245,-1,400.000,-1,400.000,-1,325.000,325.000,325.000,325.000,-1,-1,-1,-1,825.000,825.000,-1,-1,2,0,2,0,2,0,0,0,0,2,2,2,2,0,0,2,2
38,-4976.154,-6480.383,26.567,149.003,-0.856302,-0.514774,0.041891,0.515536,-0.856818,0.009235,0.031139,0.029504,0.999080,0,0.80531,0.12663,48.319,0.253,-1,400.000,-1,400.000,-1,325.000,325.000,325.000,325.000,-1,-1,-1,-1,825.000,800.000,-1,-1,2,0,2,0,2,0,0,0,0,2,2,2,2,0,0,2,2
39,-5017.639,-6455.713,28.160,149.261,-0.858658,-0.510895,0.041152,0.511664,-0.859124,0.010274,0.030105,0.029878,0.999100,0,0.80445,0.12933,48.267,0.259,-1,400.000,-1,400.000,-1,325.000,325.000,325.000,325.000,-1,-1,-1,-1,825.000,800.000,-1,-1,2,0,2,0,2,0,0,0,0,2,2,2,2,0,0,2,2
40,-5059.184,-6431.266,29.775,149.525,-0.861037,-0.506933,0.040421,0.507707,-0.861456,0.011252,0.029117,0.030210,0.999119,0,0.80341,0.13177,48.205,0.264,-1,400.000,-1,400.000,-1,325.000,325.000,325.000,325.000,-1,-1,-1,-1,825.000,800.000,-1,-1,2,0,2,0,2,0,0,0,0,2,2,2,2,0,0,2,2
41,-5100.781,-6407.049,31.254,149.793,-0.863426,-0.502902,0.039820,0.503660,-0.863827,0.011354,0.028687,0.029859,0.999142,0,0.80221,0.13402,48.133,0.268,-1,400.000,-1,400.000,-1,325.000,325.000,325.000,325.000,-1,-1,-1,-1,825.000,800.000,-1,-1,2,0,2,0,2,0,0,0,0,2,2,2,2,0,0,2,2
42,-5142.422,-6383.070,32.763,150.065,-0.865830,-0.498798,0.039230,0.499539,-0.866216,0.011432,0.028280,0.029495,0.999165,0,0.80085,0.13610,48.051,0.272,-1,400.000,-1,400.000,-1,325.000,325.000,325.000,325.000,-1,-1,-1,-1,-1,800.000,-1,-1,2,0,2,0,2,0,0,0,0,2,2,2,2,2,0,2,2
43,-5184.098,-6359.337,34.148,150.341,-0.868274,-0.494634,0.037913,0.495328,-0.868634,0.011191,0.027397,0.028496,0.999218,0,0.79934,0.13799,47.960,0.276,-1,400.000,-1,400.000,-1,325.000,325.000,325.000,325.000,-1,-1,-1,-1,-1,800.000,-1,-1,2,0,2,0,2,0,0,0,0,2,2,2,2,2,0,2,2
44,-5225.804,-6335.856,35.463,150.620,-0.870741,-0.490412,0.036133,0.491042,-0.871070,0.010724,0.026215,0.027081,0.999289,0,0.79770,0.13969,47.862,0.279,-1,400.000,-1,400.000,-1,325.000,325.000,325.000,325.000,-1,-1,-1,-1,-1,775.000,-1,-1,2,0,2,0,2,0,0,0,0,2,2,2,2,2,0,2,2
45,-5271.925,-6310.437,36.962,151.140,-0.875219,-0.482517,0.034179,0.483078,-0.875519,0.010128,0.025037,0.025375,0.999364,0,0.87770,0.25969,52.662,0.519,-1,400.000,-1,400.000,-1,325.000,325.000,300.000,325.000,-1,-1,-1,-1,-1,775.000,-1,-1,2,0,2,0,2,0,0,0,0,2,2,2,2,2,0,2,2
46,-5322.456,-6283.455,38.515,151.899,-0.881587,-0.470889,0.032673,0.471396,-0.881869,0.009616,0.024285,0.023879,0.999420,0,0.95474,0.37969,57.284,0.759,-1,400.000,-1,400.000,-1,325.000,325.000,300.000,325.000,-1,-1,-1,-1,-1,775.000,-1,-1,2,0,2,0,2,0,0,0,0,2,2,2,2,2,0,2,2
47,-5373.356,-6257.406,39.798,152.899,-0.889669,-0.455441,0.032608,0.455941,-0.889958,0.009600,0.024647,0.023408,0.999422,0,0.95297,0.49969,57.178,0.999,-1,400.000,-1,400.000,-1,325.000,325.000,325.000,325.000,-1,-1,-1,-1,-1,775.000,-1,-1,2,0,2,0,2,0,0,0,0,2,2,2,2,2,0,2,2
48,-5424.727,-6232.504,40.997,154.138,-0.899324,-0.436086,0.032325,0.436588,-0.899604,0.010186,0.024637,0.023273,0.999426,0,0.95148,0.61969,57.089,1.239,-1,400.000,-1,400.000,-1,325.000,325.000,325.000,325.000,-1,-1,-1,-1,-1,750.000,-1,-1,2,0,2,0,2,0,0,0,0,2,2,2,2,2,0,2,2
49,-5476.659,-6208.966,42.162,155.617,-0.910304,-0.412716,0.031805,0.413221,-0.910563,0.011121,0.024371,0.023266,0.999432,0,0.95028,0.73969,57.017,1.479,-1,400.000,-1,400.000,-1,325.000,325.000,325.000,325.000,-1,-1,-1,-1,-1,-1,-1,-1,2,0,2,0,2,0,0,0,0,2,2,2,2,2,2,2,2
50,-5529.174,-6186.900,43.413,157.209,-0.921444,-0.387261,0.031135,0.387763,-0.921683,0.011861,0.024103,0.023002,0.999445,0,0.94939,0.79600,56.963,1.592,-1,400.000,-1,400.000,-1,325.000,325.000,325.000,325.000,-1,-1,-1,-1,-1,-1,-1,-1,2,1,2,0,2,0,0,0,0,2,2,2,2,2,2,2,2
51,-5585.030,-6164.989,44.838,158.581,-0.930479,-0.365091,0.030291,0.365581,-0.930696,0.012455,0.023644,0.022663,0.999464,0,1.00000,0.68582,60.000,1.372,-1,450.000,-1,400.000,-1,325.000,325.000,325.000,325.000,-1,-1,-1,-1,-1,-1,-1,-1,2,1,2,0,2,0,0,0,0,2,2,2,2,2,2,2,2
52,-5641.393,-6144.415,46.348,159.947,-0.938949,-0.342805,0.029327,0.343279,-0.939145,0.012861,0.023133,0.022143,0.999487,0,1.00000,0.68296,60.000,1.366,-1,500.000,-1,375.000,-1,325.000,325.000,325.000,325.000,-1,-1,-1,-1,-1,-1,-1,-1,2,1,2,0,2,1,0,0,0,2,2,2,2,2,2,2,2
53,-5698.227,-6125.185,47.936,161.306,-0.946848,-0.320438,0.028250,0.320888,-0.947027,0.013080,0.022562,0.021450,0.999515,0,1.00000,0.67958,60.000,1.359,-1,550.000,-1,-1,-1,475.000,-1,325.000,325.000,-1,-1,-1,-1,-1,-1,-1,-1,2,1,2,2,2,1,2,0,0,2,2,2,2,2,2,2,2
54,-5755.499,-6107.299,49.597,162.657,-0.954175,-0.298022,0.027071,0.298444,-0.954337,0.013115,0.021926,0.020594,0.999547,0,1.00000,0.67562,60.000,1.351,-1,600.000,-1,-1,-1,-1,-1,325.000,325.000,-1,-1,-1,-1,-1,-1,-1,-1,2,1,2,2,2,2,2,0,0,2,2,2,2,2,2,2,2
55,-5813.175,-6090.760,51.296,163.999,-0.960926,-0.275594,0.025852,0.275983,-0.961077,0.012832,0.021309,0.019466,0.999583,0,1.00000,0.67103,60.000,1.342,-1,625.000,-1,-1,-1,-1,-1,325.000,325.000,-1,-1,-1,-1,-1,-1,-1,-1,2,1,2,2,2,2,2,0,0,2,2,2,2,2,2,2,2
56,-5871.219,-6075.565,52.627,165.331,-0.967103,-0.253201,0.024521,0.253514,-0.967274,0.010581,0.021039,0.016449,0.999643,0,1.00000,0.66577,60.000,1.332,-1,650.000,-1,-1,-1,-1,-1,325.000,325.000,-1,-1,-1,-1,-1,-1,-1,-1,2,1,2,2,2,2,2,0,0,2,2,2,2,2,2,2,2
57,-5929.597,-6061.711,53.810,166.650,-0.972727,-0.230873,0.022344,0.231087,-0.972904,0.007506,0.020006,0.012465,0.999722,0,1.00000,0.65975,60.000,1.320,-1,650.000,-1,-1,-1,-1,-1,325.000,325.000,-1,-1,-1,-1,-1,-1,-1,-1,2,1,2,2,2,2,2,0,0,2,2,2,2,2,2,2,2
58,-5988.277,-6049.194,51.268,167.956,-0.977907,-0.208605,0.013452,0.208846,-0.977743,0.020057,0.008969,0.022423,0.999708,0,1.00000,0.65292,60.000,1.306,-1,-1,-1,-1,-1,-1,-1,325.000,275.000,-1,-1,-1,-1,-1,-1,-1,-1,2,2,2,2,2,2,2,0,0,2,2,2,2,2,2,2,2
59,-6047.226,-6038.012,42.253,169.247,-0.982442,-0.186283,-0.010298,0.185360,-0.980866,0.059532,-0.021190,0.056578,0.998173,0,1.00000,0.64516,60.000,1.290,-1,550.000,-1,-1,-1,-1,-1,375.000,200.000,-1,-1,-1,-1,-1,-1,-1,-1,2,1,2,2,2,2,2,0,0,2,2,2,2,2,2,2,2
60,-6106.412,-6028.152,33.145,170.519,-0.985793,-0.164027,-0.036169,0.159823,-0.982228,0.098410,-0.051668,0.091231,0.994488,0,1.00000,0.63637,60.000,1.273,-1,475.000,-1,-1,-1,-1,-1,400.000,125.000,-1,-1,-1,-1,-1,-1,-1,-1,2,1,2,2,2,2,2,0,0,2,2,2,2,2,2,2,2
61,327.964,983.901,-111.169,141.576,-0.782545,-0.621463,0.037506,0.620233,-0.783403,-0.039877,0.054165,-0.007943,0.998500,1,0.00000,0.00000,60.000,1.253,-1,400.000,-1,400.000,-1,325.000,325.000,300.000,325.000,-1,500.000,475.000,-1,775.000,825.000,-1,-1,2,0,2,0,2,0,0,0,0,2,0,0,2,0,0,2,2
62,331.712,980.902,-111.412,141.336,-0.779937,-0.624740,0.037393,0.623516,-0.780794,-0.039856,0.054096,-0.007770,0.998506,0,-0.08000,-0.12000,-4.800,-0.240,-1,400.000,-1,400.000,-1,325.000,325.000,300.000,325.000,-1,500.000,475.000,-1,775.000,825.000,-1,-1,2,0,2,0,2,0,0,0,0,2,0,0,2,0,0,2,2
63,339.157,974.842,-111.898,140.856,-0.774680,-0.631261,0.037162,0.630048,-0.775535,-0.039811,0.053952,-0.007427,0.998516,0,-0.16000,-0.24000,-9.600,-0.480,-1,400.000,-1,400.000,-1,325.000,325.000,300.000,325.000,-1,475.000,475.000,-1,775.000,825.000,-1,-1,2,0,2,0,2,0,0,0,0,2,0,0,2,0,0,2,2
64,350.211,965.613,-112.628,140.140,-0.766738,-0.640904,0.036809,0.639709,-0.767590,-0.039734,0.053720,-0.006919,0.998532,0,-0.24000,-0.35797,-14.400,-0.716,-1,400.000,-1,400.000,-1,325.000,325.000,300.000,325.000,-1,475.000,475.000,-1,775.000,825.000,-1,-1,2,0,2,0,2,0,0,0,0,2,0,0,2,0,0,2,2
65,364.794,953.124,-113.594,139.424,-0.758682,-0.650447,0.036334,0.649274,-0.759524,-0.039576,0.053339,-0.006435,0.998556,0,-0.32000,-0.35797,-19.200,-0.716,-1,400.000,-1,400.000,-1,325.000,325.000,300.000,325.000,-1,475.000,475.000,-1,750.000,825.000,-1,-1,2,0,2,0,2,0,0,0,0,2,0,0,2,0,0,2,2
66,382.826,937.286,-114.795,138.708,-0.750513,-0.659889,0.035728,0.658743,-0.751339,-0.039325,0.052793,-0.005978,0.998588,0,-0.40000,-0.35797,-24.000,-0.716,-1,400.000,-1,400.000,-1,325.000,325.000,300.000,325.000,-1,475.000,450.000,-1,750.000,800.000,-1,-1,2,0,2,0,2,0,0,0,0,2,0,0,2,0,0,2,2
67,404.226,918.012,-116.228,137.992,-0.742234,-0.669227,0.034980,0.668115,-0.743037,-0.038961,0.052065,-0.005548,0.998628,0,-0.48000,-0.35797,-28.800,-0.716,-1,375.000,-1,400.000,-1,325.000,325.000,300.000,325.000,-1,475.000,450.000,-1,750.000,800.000,-1,-1,2,0,2,0,2,0,0,0,0,2,0,0,2,0,0,2,2
68,427.879,896.168,-117.810,137.276,-0.733844,-0.678461,0.034111,0.677385,-0.734618,-0.038540,0.051207,-0.005176,0.998675,0,-0.53661,-0.35797,-32.197,-0.716,-1,375.000,-1,400.000,-1,325.000,325.000,300.000,325.000,-1,475.000,450.000,-1,750.000,800.000,-1,-1,2,0,2,0,2,0,0,0,0,2,0,0,2,0,0,2,2
69,451.257,874.029,-119.370,136.560,-0.725342,-0.687588,0.033202,0.686548,-0.726085,-0.038122,0.050320,-0.004856,0.998721,0,-0.53661,-0.35797,-32.197,-0.716,-1,375.000,-1,400.000,-1,325.000,325.000,300.000,325.000,-1,475.000,425.000,-1,750.000,775.000,-1,-1,2,0,2,0,2,0,0,0,0,2,0,0,2,0,0,2,2
70,474.356,851.601,-120.909,135.844,-0.716727,-0.696608,0.032254,0.695602,-0.717437,-0.037703,0.049404,-0.004587,0.998768,0,-0.53661,-0.35797,-32.197,-0.716,-1,375.000,-1,400.000,-1,325.000,325.000,300.000,325.000,-1,475.000,425.000,-1,725.000,775.000,-1,-1,2,0,2,0,2,0,0,0,0,2,0,0,2,0,0,2,2
71,497.173,828.885,-122.426,135.128,-0.708001,-0.705519,0.031266,0.704546,-0.708678,-0.037283,0.048462,-0.004368,0.998815,0,-0.53661,-0.35797,-32.197,-0.716,-1,375.000,-1,400.000,-1,325.000,325.000,300.000,325.000,-1,450.000,425.000,-1,725.000,775.000,-1,-1,2,0,2,0,2,0,0,0,0,2,0,0,2,0,0,2,2
72,519.705,805.886,-123.922,134.412,-0.699167,-0.714319,0.030239,0.713380,-0.699808,-0.036862,0.047492,-0.004201,0.998863,0,-0.53661,-0.35797,-32.197,-0.716,-1,375.000,-1,400.000,-1,325.000,325.000,300.000,325.000,-1,450.000,400.000,-1,725.000,775.000,-1,-1,2,0,2,0,2,0,0,0,0,2,0,0,2,0,0,2,2
73,541.948,782.608,-125.395,133.696,-0.690224,-0.723008,0.029172,0.722101,-0.690828,-0.036437,0.046497,-0.004085,0.998910,0,-0.53661,-0.35797,-32.197,-0.716,-1,375.000,-1,400.000,-1,325.000,325.000,300.000,325.000,-1,425.000,400.000,-1,725.000,750.000,-1,-1,2,0,2,0,2,0,0,0,0,2,0,0,2,0,0,2,2
74,563.897,759.053,-126.847,132.980,-0.681174,-0.731584,0.028065,0.730708,-0.681740,-0.036009,0.045477,-0.004021,0.998957,0,-0.53661,-0.35797,-32.197,-0.716,-1,375.000,-1,400.000,-1,300.000,325.000,300.000,325.000,-1,425.000,400.000,-1,700.000,750.000,-1,-1,2,0,2,0,2,0,0,0,0,2,0,0,2,0,0,2,2
75,585.551,735.226,-128.258,132.264,-0.672018,-0.740045,0.026934,0.739204,-0.672546,-0.035486,0.044376,-0.003938,0.999007,0,-0.53661,-0.35797,-32.197,-0.716,-1,375.000,-1,375.000,-1,300.000,325.000,300.000,325.000,-1,425.000,375.000,-1,700.000,750.000,-1,-1,2,0,2,0,2,0,0,0,0,2,0,0,2,0,0,2,2
76,606.906,711.130,-129.544,131.548,-0.662772,-0.748391,0.025398,0.747589,-0.663246,-0.034869,0.042940,-0.004123,0.999069,0,-0.53661,-0.35797,-32.197,-0.716,-1,375.000,-1,375.000,-1,300.000,325.000,300.000,325.000,-1,425.000,375.000,-1,700.000,725.000,-1,-1,2,0,2,0,2,0,0,0,0,2,0,0,2,0,0,2,2
77,627.958,686.769,-130.798,130.832,-0.653423,-0.756619,0.023795,0.755857,-0.653842,-0.034228,0.041456,-0.004380,0.999131,0,-0.53661,-0.35797,-32.197,-0.716,-1,375.000,-1,375.000,-1,300.000,325.000,300.000,325.000,-1,425.000,375.000,-1,700.000,725.000,-1,-1,2,0,2,0,2,0,0,0,0,2,0,0,2,0,0,2,2
78,648.703,662.147,-132.029,130.116,-0.643971,-0.764728,0.022163,0.764006,-0.644336,-0.033562,0.039947,-0.004680,0.999191,0,-0.53661,-0.35797,-32.197,-0.716,-1,375.000,-1,375.000,-1,300.000,325.000,300.000,325.000,-1,425.000,375.000,-1,675.000,725.000,-1,-1,2,0,2,0,2,0,0,0,0,2,0,0,2,0,0,2,2
79,669.140,637.267,-133.238,129.400,-0.634418,-0.772719,0.020505,0.772035,-0.634729,-0.032870,0.038414,-0.005023,0.999249,0,-0.53661,-0.35797,-32.197,-0.716,-1,375.000,-1,375.000,-1,300.000,325.000,300.000,325.000,-1,425.000,375.000,-1,675.000,725.000,-1,-1,2,0,2,0,2,0,0,0,0,2,0,0,2,0,0,2,2
80,689.264,612.135,-134.423,128.685,-0.624763,-0.780588,0.018820,0.779944,-0.625023,-0.032151,0.036860,-0.005408,0.999306,0,-0.53661,-0.35797,-32.197,-0.716,-1,375.000,-1,375.000,-1,300.000,300.000,300.000,325.000,-1,425.000,375.000,-1,675.000,725.000,-1,-1,2,0,2,0,2,0,0,0,0,2,0,0,2,0,0,2,2
81,709.072,586.753,-135.585,127.969,-0.615009,-0.788335,0.017110,0.787730,-0.615219,-0.031405,0.035284,-0.005836,0.999360,0,-0.53661,-0.35797,-32.197,-0.716,-1,375.000,-1,375.000,-1,300.000,300.000,300.000,325.000,-1,425.000,375.000,-1,675.000,725.000,-1,-1,2,0,2,0,2,0,0,0,0,2,0,0,2,0,0,2,2
82,728.562,561.125,-136.739,127.253,-0.605156,-0.795958,0.015392,0.795396,-0.605319,-0.030569,0.033649,-0.006257,0.999414,0,-0.53661,-0.35797,-32.197,-0.716,-1,375.000,-1,375.000,-1,300.000,300.000,300.000,325.000,-1,425.000,375.000,-1,675.000,725.000,-1,-1,2,0,2,0,2,0,0,0,0,2,0,0,2,0,0,2,2
83,747.730,535.256,-137.822,126.537,-0.595197,-0.803459,0.013954,0.802936,-0.595325,-0.029682,0.032155,-0.006463,0.999462,0,-0.53661,-0.35797,-32.197,-0.716,-1,375.000,-1,375.000,-1,300.000,300.000,325.000,325.000,-1,425.000,375.000,-1,650.000,725.000,-1,-1,2,0,2,0,2,0,0,0,0,2,0,0,2,0,0,2,2
84,766.573,509.149,-138.812,125.821,-0.585134,-0.810835,0.012858,0.810349,-0.585240,-0.028798,0.030875,-0.006431,0.999503,0,-0.53661,-0.35797,-32.197,-0.716,-1,375.000,-1,375.000,-1,300.000,300.000,325.000,325.000,-1,425.000,375.000,-1,650.000,725.000,-1,-1,2,0,2,0,2,0,0,0,0,2,0,0,2,0,0,2,2
85,785.089,482.809,-139.774,125.105,-0.574978,-0.818084,0.011768,0.817633,-0.575063,-0.027909,0.029599,-0.006425,0.999541,0,-0.53661,-0.35797,-32.197,-0.716,-1,375.000,-1,375.000,-1,300.000,300.000,325.000,325.000,-1,425.000,375.000,-1,650.000,725.000,-1,-1,2,0,2,0,2,0,0,0,0,2,0,0,2,0,0,2,2
86,800.468,460.136,-140.579,124.149,-0.561264,-0.827565,0.010879,0.827144,-0.561335,-0.027142,0.028568,-0.006235,0.999572,0,-0.45661,-0.47797,-27.397,-0.956,-1,375.000,-1,375.000,-1,300.000,300.000,325.000,325.000,-1,450.000,375.000,-1,650.000,725.000,-1,-1,2,0,2,0,2,0,0,0,0,2,0,0,2,0,0,2,2
87,812.827,441.219,-141.190,123.158,-0.546880,-0.837152,0.009960,0.836755,-0.546936,-0.026485,0.027619,-0.006150,0.999600,0,-0.37661,-0.49556,-22.597,-0.991,-1,375.000,-1,375.000,-1,300.000,300.000,325.000,325.000,-1,450.000,375.000,-1,650.000,725.000,-1,-1,2,0,2,0,2,0,0,0,0,2,0,0,2,0,0,2,2
88,822.301,426.154,-141.657,122.167,-0.532328,-0.846488,0.009212,0.846111,-0.532374,-0.025952,0.026872,-0.006020,0.999621,0,-0.29661,-0.49556,-17.797,-0.991,-1,375.000,-1,375.000,-1,300.000,300.000,325.000,325.000,-1,450.000,400.000,-1,650.000,725.000,-1,-1,2,0,2,0,2,0,0,0,0,2,0,0,2,0,0,2,2
89,829.029,415.034,-141.998,121.176,-0.517613,-0.855571,0.008683,0.855209,-0.517653,-0.025549,0.026354,-0.005799,0.999636,0,-0.21661,-0.49556,-12.997,-0.991,-1,375.000,-1,375.000,-1,300.000,300.000,325.000,325.000,-1,475.000,400.000,-1,650.000,725.000,-1,-1,2,0,2,0,2,0,0,0,0,2,0,0,2,0,0,2,2
90,833.150,407.949,-142.217,120.184,-0.502737,-0.864399,0.008371,0.864046,-0.502777,-0.025279,0.026060,-0.005476,0.999645,0,-0.13661,-0.49556,-8.197,-0.991,-1,375.000,-1,375.000,-1,300.000,300.000,325.000,300.000,-1,475.000,400.000,-1,650.000,725.000,-1,-1,2,0,2,0,2,0,0,0,0,2,0,0,2,0,0,2,2
91,834.807,404.984,-142.316,119.193,-0.487707,-0.872968,0.008272,0.872621,-0.487751,-0.025140,0.025981,-0.005043,0.999650,0,-0.05661,-0.49556,-3.397,-0.991,-1,375.000,-1,375.000,-1,300.000,300.000,325.000,300.000,-1,500.000,400.000,-1,650.000,725.000,-1,-1,2,0,2,0,2,0,0,0,0,2,0,0,2,0,0,2,2
92,834.144,406.220,-142.297,118.202,-0.472526,-0.881277,0.008384,0.880930,-0.472579,-0.025133,0.026111,-0.004490,0.999649,0,0.02339,-0.49556,1.403,-0.991,-1,375.000,-1,375.000,-1,300.000,300.000,325.000,300.000,-1,500.000,425.000,-1,650.000,725.000,-1,-1,2,0,2,0,2,0,0,0,0,2,0,0,2,0,0,2,2
93,831.307,411.737,-142.156,117.211,-0.457199,-0.889322,0.008704,0.888971,-0.457266,-0.025255,0.026440,-0.003809,0.999643,0,0.10339,-0.49556,6.203,-0.991,-1,375.000,-1,375.000,-1,300.000,300.000,325.000,300.000,-1,525.000,425.000,-1,650.000,725.000,-1,-1,2,0,2,0,2,0,0,0,0,2,0,0,2,0,0,2,2
94,826.446,421.609,-141.891,116.220,-0.441730,-0.897101,0.009229,0.896743,-0.441816,-0.025506,0.026959,-0.002990,0.999632,0,0.18339,-0.49556,11.003,-0.991,-1,375.000,-1,375.000,-1,300.000,300.000,325.000,300.000,-1,525.000,425.000,-1,650.000,725.000,-1,-1,2,0,2,0,2,0,0,0,0,2,0,0,2,0,0,2,2
95,819.710,435.905,-141.498,115.229,-0.426122,-0.904611,0.009957,0.904243,-0.426233,-0.025880,0.027656,-0.002024,0.999615,0,0.26339,-0.49556,15.803,-0.991,-1,375.000,-1,375.000,-1,300.000,300.000,300.000,300.000,-1,550.000,425.000,-1,650.000,725.000,-1,-1,2,0,2,0,2,0,0,0,0,2,0,0,2,0,0,2,2
96,811.251,454.692,-140.970,114.238,-0.410379,-0.911850,0.010885,0.911469,-0.410523,-0.026376,0.028520,-0.000902,0.999593,0,0.34339,-0.49556,20.603,-0.991,-1,375.000,-1,375.000,-1,300.000,300.000,300.000,300.000,-1,550.000,450.000,-1,675.000,750.000,-1,-1,2,0,2,0,2,0,0,0,0,2,0,0,2,0,0,2,2
97,801.225,478.033,-140.300,113.247,-0.394506,-0.918815,0.012011,0.918418,-0.394689,-0.026988,0.029538,0.000384,0.999564,0,0.42339,-0.49556,25.403,-0.991,-1,375.000,-1,400.000,-1,300.000,325.000,300.000,300.000,-1,575.000,450.000,-1,675.000,750.000,-1,-1,2,0,2,0,2,0,0,0,0,2,0,0,2,0,0,2,2
98,789.786,505.986,-139.482,112.255,-0.378506,-0.925503,0.013333,0.925090,-0.378736,-0.027712,0.030697,0.001844,0.999527,0,0.50339,-0.49556,30.203,-0.991,-1,375.000,-1,400.000,-1,300.000,325.000,300.000,300.000,-1,575.000,450.000,-1,675.000,750.000,-1,-1,2,0,2,0,2,0,0,0,0,2,0,0,2,0,0,2,2
99,777.091,538.607,-138.502,111.264,-0.362382,-0.931912,0.014834,0.931481,-0.362669,-0.028539,0.031976,0.003475,0.999483,0,0.58339,-0.49556,35.003,-0.991,-1,375.000,-1,400.000,-1,300.000,325.000,300.000,300.000,-1,600.000,450.000,-1,675.000,750.000,-1,-1,2,0,2,0,2,0,0,0,0,2,0,0,2,0,0,2,2
100,763.299,575.944,-137.285,110.273,-0.346150,-0.938039,0.016215,0.937593,-0.346493,-0.029363,0.033162,0.005039,0.999437,0,0.66339,-0.49556,39.803,-0.991,-1,375.000,-1,400.000,-1,300.000,325.000,300.000,300.000,-1,600.000,475.000,-1,675.000,775.000,-1,-1,2,0,2,0,2,0,0,0,0,2,0,0,2,0,0,2,2
101,748.569,618.046,-135.894,109.282,-0.329803,-0.943882,0.017771,0.943424,-0.330212,-0.030192,0.034366,0.006808,0.999386,0,0.74339,-0.49556,44.603,-0.991,-1,375.000,-1,400.000,-1,300.000,325.000,300.000,300.000,-1,625.000,475.000,-1,700.000,775.000,-1,-1,2,0,2,0,2,0,0,0,0,2,0,0,2,0,0,2,2
102,733.901,662.420,-134.409,108.291,-0.313351,-0.949439,0.019417,0.948974,-0.313831,-0.030970,0.035497,0.008721,0.999332,0,0.77892,-0.49556,46.735,-0.991,-1,375.000,-1,400.000,-1,300.000,325.000,300.000,300.000,-1,650.000,500.000,-1,700.000,775.000,-1,-1,2,0,2,0,2,0,0,0,0,2,0,0,2,0,0,2,2
103,720.003,707.041,-132.887,107.300,-0.296801,-0.954707,0.021050,0.954240,-0.297355,-0.031710,0.036533,0.010675,0.999275,0,0.77892,-0.49556,46.735,-0.991,-1,375.000,-1,400.000,-1,325.000,325.000,300.000,300.000,-1,650.000,525.000,-1,700.000,800.000,-1,-1,2,0,2,0,2,0,0,0,0,2,0,0,2,0,0,2,2
104,706.879,751.896,-131.276,106.309,-0.280157,-0.959683,0.022826,0.959231,-0.280789,-0.032149,0.037262,0.012888,0.999222,0,0.77892,-0.49556,46.735,-0.991,-1,375.000,-1,400.000,-1,325.000,325.000,300.000,300.000,-1,700.000,550.000,-1,700.000,800.000,-1,-1,2,0,2,0,2,0,0,0,0,2,0,0,2,0,0,2,2
105,694.532,796.971,-129.684,105.318,-0.263439,-0.964369,0.024352,0.963940,-0.264140,-0.032409,0.037687,0.014936,0.999178,0,0.77892,-0.49556,46.735,-0.991,-1,375.000,-1,400.000,-1,325.000,325.000,300.000,300.000,-1,725.000,575.000,-1,700.000,825.000,-1,-1,2,0,2,0,2,0,0,0,0,2,0,0,2,0,0,2,2
106,682.301,845.713,-127.956,104.086,-0.242574,-0.969785,0.025990,0.969389,-0.243350,-0.032653,0.037991,0.017273,0.999129,0,0.83755,-0.61556,50.253,-1.231,-1,375.000,-1,400.000,-1,325.000,325.000,300.000,300.000,-1,775.000,625.000,-1,725.000,825.000,-1,-1,2,0,2,0,2,0,0,0,0,2,0,0,2,0,0,2,2
107,671.324,894.752,-126.205,102.615,-0.217514,-0.975668,0.027562,0.975316,-0.218362,-0.032824,0.038044,0.019742,0.999081,0,0.83755,-0.73556,50.253,-1.471,-1,375.000,-1,400.000,-1,325.000,325.000,300.000,300.000,-1,850.000,650.000,-1,725.000,825.000,-1,-1,2,0,2,0,2,0,0,0,0,2,0,0,2,0,0,2,2
108,661.817,944.098,-124.397,100.904,-0.188213,-0.981703,0.028888,0.981405,-0.189121,-0.032817,0.037680,0.022175,0.999044,0,0.83755,-0.85556,50.253,-1.711,-1,375.000,-1,400.000,-1,325.000,325.000,300.000,300.000,-1,950.000,725.000,-1,750.000,850.000,-1,-1,2,0,2,0,2,0,0,0,0,2,0,0,2,0,0,2,2
109,653.996,993.738,-122.607,98.953,-0.154612,-0.987512,0.030240,0.987281,-0.155578,-0.032748,0.037043,0.024792,0.999006,0,0.83755,-0.97556,50.253,-1.951,-1,375.000,-1,400.000,-1,325.000,325.000,300.000,300.000,-1,-1,825.000,-1,750.000,850.000,-1,-1,2,0,2,0,2,0,0,0,0,2,2,0,2,0,0,2,2
110,647.911,1043.621,-120.840,96.953,-0.119991,-0.992271,0.031620,0.992115,-0.121011,-0.032617,0.036192,0.027457,0.998968,0,0.83755,-1.00000,50.253,-2.000,-1,375.000,-1,400.000,-1,325.000,325.000,300.000,300.000,-1,-1,925.000,-1,775.000,875.000,-1,-1,2,0,2,0,2,0,0,0,0,2,2,0,2,0,0,2,2
111,643.572,1093.686,-119.106,94.953,-0.085232,-0.995814,0.033029,0.995741,-0.086301,-0.032430,0.035144,0.030124,0.998928,0,0.83755,-1.00000,50.253,-2.000,-1,375.000,-1,400.000,-1,325.000,325.000,300.000,300.000,-1,-1,-1,-1,775.000,875.000,-1,-1,2,0,2,0,2,0,0,0,0,2,2,2,2,0,0,2,2
112,640.981,1143.873,-117.412,92.953,-0.050379,-0.998135,0.034464,0.998155,-0.051491,-0.032189,0.033903,0.032779,0.998887,0,0.83755,-1.00000,50.253,-2.000,-1,400.000,-1,425.000,-1,325.000,325.000,300.000,300.000,-1,-1,-1,-1,775.000,900.000,-1,-1,2,0,2,0,2,0,0,0,0,2,2,2,2,0,0,2,2
113,640.144,1194.118,-115.769,90.953,-0.015475,-0.999235,0.035926,0.999353,-0.016624,-0.031897,0.032470,0.035409,0.998845,0,0.83755,-1.00000,50.253,-2.000,-1,400.000,-1,425.000,-1,325.000,325.000,300.000,300.000,-1,-1,-1,-1,775.000,900.000,-1,-1,2,0,2,0,2,0,0,0,0,2,2,2,2,0,0,2,2
114,641.061,1244.363,-114.185,88.953,0.019435,-0.999111,0.037412,0.999335,0.018257,-0.031559,0.030848,0.038000,0.998801,0,0.83755,-1.00000,50.253,-2.000,-1,400.000,-1,425.000,-1,325.000,325.000,300.000,300.000,-1,-1,-1,-1,800.000,925.000,-1,-1,2,0,2,0,2,0,0,0,0,2,2,2,2,0,0,2,2
115,643.731,1294.545,-112.678,86.953,0.054307,-0.997767,0.038892,0.998101,0.053110,-0.031198,0.029063,0.040512,0.998756,0,0.83755,-1.00000,50.253,-2.000,-1,400.000,-1,425.000,-1,325.000,325.000,300.000,300.000,-1,-1,-1,-1,825.000,950.000,-1,-1,2,0,2,0,2,0,0,0,0,2,2,2,2,0,0,2,2
116,648.152,1344.603,-111.607,84.953,0.089044,-0.995250,0.039349,0.995676,0.087894,-0.030056,0.026454,0.041855,0.998773,0,0.83755,-1.00000,50.253,-2.000,-1,400.000,-1,425.000,-1,325.000,325.000,300.000,300.000,-1,-1,-1,-1,825.000,950.000,-1,-1,2,0,2,0,2,0,0,0,0,2,2,2,2,0,0,2,2
117,654.316,1394.477,-110.819,82.953,0.123654,-0.991501,0.040452,0.992055,0.122565,-0.028383,0.023183,0.043641,0.998778,0,0.83755,-1.00000,50.253,-2.000,-1,400.000,-1,425.000,-1,325.000,325.000,300.000,300.000,-1,-1,-1,-1,825.000,950.000,-1,-1,2,0,2,0,2,0,0,0,0,2,2,2,2,0,0,2,2
118,662.217,1444.105,-110.117,80.953,0.158098,-0.986544,0.041655,0.987225,0.157081,-0.026682,0.019780,0.045342,0.998776,0,0.83755,-1.00000,50.253,-2.000,-1,400.000,-1,425.000,-1,325.000,325.000,300.000,300.000,-1,-1,-1,-1,850.000,950.000,-1,-1,2,0,2,0,2,0,0,0,0,2,2,2,2,0,0,2,2
119,670.739,1488.752,-109.558,79.193,0.188239,-0.981189,0.042830,0.981982,0.187294,-0.025131,0.016636,0.046788,0.998766,0,0.75755,-0.88000,45.453,-1.760,-1,400.000,-1,425.000,-1,325.000,325.000,300.000,300.000,-1,-1,-1,-1,850.000,950.000,-1,-1,2,0,2,0,2,0,0,0,0,2,2,2,2,0,0,2,2
120,680.143,1531.787,-109.087,77.673,0.214111,-0.975815,0.044057,0.976714,0.213242,-0.023620,0.013654,0.048089,0.998750,0,0.73416,-0.76000,44.050,-1.520,-1,400.000,-1,425.000,-1,325.000,325.000,300.000,300.000,-1,-1,-1,-1,850.000,950.000,-1,-1,2,0,2,0,2,0,0,0,0,2,2,2,2,0,0,2,2
121,690.506,1574.601,-108.688,76.393,0.235763,-0.970750,0.045391,0.971751,0.234973,-0.022096,0.010784,0.049318,0.998725,0,0.73416,-0.64000,44.050,-1.280,-1,400.000,-1,425.000,-1,325.000,325.000,300.000,300.000,-1,-1,-1,-1,850.000,950.000,-1,-1,2,0,2,0,2,0,0,0,0,2,2,2,2,0,0,2,2
122,701.644,1617.219,-108.353,75.353,0.253247,-0.966269,0.046793,0.967368,0.252539,-0.020573,0.008062,0.050476,0.998693,0,0.73416,-0.52000,44.050,-1.040,-1,400.000,-1,425.000,-1,325.000,325.000,300.000,300.000,-1,-1,-1,-1,850.000,925.000,-1,-1,2,0,2,0,2,0,0,0,0,2,2,2,2,0,0,2,2
123,713.376,1659.678,-108.075,74.553,0.266615,-0.962595,0.048248,0.963787,0.265990,-0.019052,0.005506,0.051580,0.998654,0,0.73416,-0.40000,44.050,-0.800,-1,400.000,-1,425.000,-1,325.000,325.000,300.000,300.000,-1,-1,-1,-1,850.000,925.000,-1,-1,2,0,2,0,2,0,0,0,0,2,2,2,2,0,0,2,2
124,725.527,1702.019,-107.848,73.987,0.276018,-0.959864,0.049740,0.961147,0.275479,-0.017534,0.003128,0.052647,0.998608,0,0.73416,-0.28323,44.050,-0.566,-1,400.000,-1,425.000,-1,325.000,325.000,300.000,300.000,-1,-1,-1,-1,850.000,925.000,-1,-1,2,0,2,0,2,0,0,0,0,2,2,2,2,0,0,2,2
125,738.129,1744.359,-107.673,73.425,0.285309,-0.957063,0.051279,0.958435,0.284860,-0.016010,0.000715,0.053716,0.998556,0,0.73626,-0.28089,44.176,-0.562,-1,400.000,-1,425.000,-1,325.000,325.000,300.000,300.000,-1,-1,-1,-1,850.000,925.000,-1,-1,2,0,2,0,2,0,0,0,0,2,2,2,2,0,0,2,2
126,751.189,1786.732,-107.552,72.870,0.294452,-0.954203,0.052867,0.955665,0.294101,-0.014481,-0.001731,0.054787,0.998497,0,0.73899,-0.27753,44.340,-0.555,-1,400.000,-1,425.000,-1,325.000,325.000,300.000,300.000,-1,-1,-1,-1,850.000,900.000,-1,-1,2,0,2,0,2,0,0,0,0,2,2,2,2,0,0,2,2
127,764.699,1829.123,-107.485,72.322,0.303444,-0.951289,0.054504,0.952840,0.303197,-0.012948,-0.004208,0.055862,0.998430,0,0.74152,-0.27403,44.491,-0.548,-1,400.000,-1,425.000,-1,325.000,325.000,300.000,300.000,-1,-1,-1,-1,850.000,900.000,-1,-1,2,0,2,0,2,0,0,0,0,2,2,2,2,0,0,2,2
128,778.652,1871.515,-107.533,71.781,0.312292,-0.948339,0.055909,0.949964,0.312148,-0.011517,-0.006530,0.056708,0.998369,0,0.74382,-0.27042,44.629,-0.541,-1,400.000,-1,425.000,-1,325.000,325.000,300.000,300.000,-1,-1,-1,-1,850.000,900.000,-1,-1,2,0,2,0,2,0,0,0,0,2,2,2,2,0,0,2,2
129,793.040,1913.893,-107.865,71.248,0.321007,-0.945396,0.056400,0.947038,0.320964,-0.010067,-0.008585,0.056644,0.998357,0,0.74590,-0.26669,44.754,-0.533,-1,400.000,-1,425.000,-1,325.000,325.000,300.000,300.000,-1,-1,-1,-1,850.000,900.000,-1,-1,2,0,2,0,2,0,0,0,0,2,2,2,2,0,0,2,2
130,807.853,1956.242,-108.413,70.722,0.329542,-0.942449,0.056503,0.944075,0.329638,-0.007886,-0.011193,0.055941,0.998371,0,0.74774,-0.26285,44.864,-0.526,-1,400.000,-1,425.000,-1,325.000,325.000,300.000,300.000,-1,-1,-1,-1,825.000,875.000,-1,-1,2,0,2,0,2,0,0,0,0,2,2,2,2,0,0,2,2
131,823.081,1998.545,-109.012,70.204,0.337921,-0.939466,0.056690,0.941073,0.338155,-0.005705,-0.013811,0.055278,0.998376,0,0.74934,-0.25892,44.961,-0.518,-1,400.000,-1,425.000,-1,325.000,325.000,300.000,300.000,-1,-1,-1,-1,825.000,875.000,-1,-1,2,0,2,0,2,0,0,0,0,2,2,2,2,0,0,2,2
132,838.712,2040.788,-109.738,69.694,0.346148,-0.936438,0.057141,0.938040,0.346507,-0.003823,-0.016220,0.054924,0.998359,0,0.75070,-0.25490,45.042,-0.510,-1,400.000,-1,425.000,-1,325.000,325.000,300.000,300.000,-1,-1,-1,-1,825.000,875.000,-1,-1,2,0,2,0,2,0,0,0,0,2,2,2,2,0,0,2,2
133,854.736,2082.955,-110.644,69.193,0.354224,-0.933361,0.057991,0.934981,0.354689,-0.002412,-0.018317,0.055075,0.998314,0,0.75180,-0.25080,45.108,-0.502,-1,400.000,-1,425.000,-1,325.000,325.000,300.000,300.000,-1,-1,-1,-1,800.000,850.000,-1,-1,2,0,2,0,2,0,0,0,0,2,2,2,2,0,0,2,2
134,871.141,2125.029,-111.673,68.699,0.362116,-0.930249,0.059234,0.931905,0.362702,-0.000914,-0.020634,0.055532,0.998244,0,0.75266,-0.24664,45.159,-0.493,-1,400.000,-1,425.000,-1,325.000,325.000,300.000,300.000,-1,-1,-1,-1,800.000,850.000,-1,-1,2,0,2,0,2,0,0,0,0,2,2,2,2,0,0,2,2
135,887.915,2166.997,-112.747,68.214,0.369844,-0.927122,0.060498,0.928812,0.370552,0.000517,-0.022897,0.056000,0.998168,0,0.75326,-0.24244,45.195,-0.485,-1,400.000,-1,400.000,-1,325.000,325.000,300.000,300.000,-1,-1,-1,-1,800.000,850.000,-1,-1,2,0,2,0,2,0,0,0,0,2,2,2,2,0,0,2,2
136,905.045,2208.843,-113.865,67.738,0.377408,-0.923984,0.061776,0.925707,0.378237,0.001881,-0.025104,0.056476,0.998088,0,0.75361,-0.23820,45.216,-0.476,-1,400.000,-1,400.000,-1,325.000,325.000,300.000,300.000,-1,-1,-1,-1,775.000,825.000,-1,-1,2,0,2,0,2,0,0,0,0,2,2,2,2,0,0,2,2
137,922.518,2250.554,-115.027,67.270,0.384808,-0.920839,0.063066,0.922594,0.385759,0.003179,-0.027255,0.056961,0.998004,0,0.75370,-0.23394,45.222,-0.468,-1,400.000,-1,400.000,-1,325.000,325.000,300.000,300.000,-1,-1,-1,-1,775.000,825.000,-1,-1,2,0,2,0,2,0,0,0,0,2,2,2,2,0,0,2,2
138,940.322,2292.115,-116.232,66.811,0.392047,-0.917691,0.064365,0.919477,0.393119,0.004407,-0.029347,0.057455,0.997917,0,0.75356,-0.22969,45.213,-0.459,-1,400.000,-1,400.000,-1,325.000,325.000,300.000,300.000,-1,-1,-1,-1,775.000,800.000,-1,-1,2,0,2,0,2,0,0,0,0,2,2,2,2,0,0,2,2
