timestep,x_cm,y_cm,z_cm,yaw_deg,basis_xx,basis_xy,basis_xz,basis_yx,basis_yy,basis_yz,basis_zx,basis_zy,basis_zz,teleport_flag,throttle_cmd,steering_cmd,cmd_move_cm,cmd_turn_deg,lidar_cm_0,lidar_cm_1,lidar_cm_2,lidar_cm_3,lidar_cm_4,lidar_cm_5,lidar_cm_6,lidar_cm_7,lidar_cm_8,lidar_cm_9,lidar_cm_10,lidar_cm_11,lidar_cm_12,lidar_cm_13,lidar_cm_14,lidar_cm_15,lidar_cm_16,lidar_class_0,lidar_class_1,lidar_class_2,lidar_class_3,lidar_class_4,lidar_class_5,lidar_class_6,lidar_class_7,lidar_class_8,lidar_class_9,lidar_class_10,lidar_class_11,lidar_class_12,lidar_class_13,lidar_class_14,lidar_class_15,lidar_class_16
0,-2601.092,-6045.883,60.551,114.806,-0.419713,-0.907620,-0.008149,0.906072,-0.419494,0.055293,-0.053604,0.015823,0.998437,1,0.08000,0.12000,4.800,0.240,-1,-1,-1,-1,-1,-1,-1,250.000,300.000,-1,-1,-1,-1,-1,-1,-1,-1,2,2,2,2,2,2,2,1,0,2,2,2,2,2,2,2,2
1,-2605.193,-6037.203,60.133,115.286,-0.427317,-0.904063,-0.008384,0.902448,-0.427078,0.056505,-0.054665,0.016580,0.998367,0,0.16000,0.24000,9.600,0.480,-1,-1,-1,-1,-1,-1,-1,250.000,275.000,-1,-1,-1,-1,-1,-1,-1,-1,2,2,2,2,2,2,2,1,0,2,2,2,2,2,2,2,2
2,-2611.507,-6024.260,59.498,116.006,-0.438672,-0.898605,-0.008666,0.896885,-0.438395,0.058368,-0.056249,0.017832,0.998258,0,0.24000,0.36000,14.400,0.720,-1,-1,-1,-1,-1,-1,-1,250.000,275.000,-1,-1,-1,-1,-1,-1,-1,-1,2,2,2,2,2,2,2,1,0,2,2,2,2,2,2,2,2
3,-2620.213,-6007.148,58.650,116.966,-0.453710,-0.891104,-0.008995,0.889234,-0.453374,0.060957,-0.058397,0.019658,0.998100,0,0.32000,0.48000,19.200,0.960,-1,-1,-1,-1,-1,-1,-1,250.000,275.000,-1,-1,-1,-1,-1,-1,-1,-1,2,2,2,2,2,2,2,1,0,2,2,2,2,2,2,2,2
4,-2631.543,-5985.989,57.590,118.166,-0.472340,-0.881367,-0.009342,0.879293,-0.471911,0.064369,-0.061142,0.022190,0.997882,0,0.40000,0.60000,24.000,1.200,-1,-1,-1,-1,-1,-1,-1,250.000,275.000,-1,-1,-1,-1,-1,-1,-1,-1,2,2,2,2,2,2,2,1,0,2,2,2,2,2,2,2,2
5,-2645.773,-5960.949,53.818,119.606,-0.494935,-0.868914,-0.005261,0.865953,-0.493732,0.079716,-0.071864,0.034898,0.996804,0,0.48000,0.72000,28.800,1.440,-1,-1,-1,-1,-1,-1,-1,250.000,225.000,-1,-1,-1,-1,-1,-1,-1,-1,2,2,2,2,2,2,2,1,0,2,2,2,2,2,2,2,2
6,-2663.228,-5932.235,48.085,121.286,-0.521445,-0.853284,0.001041,0.848704,-0.518519,0.104115,-0.088300,0.055173,0.994565,0,0.56000,0.84000,33.600,1.680,550.000,975.000,-1,-1,-1,-1,-1,275.000,200.000,-1,-1,-1,-1,-1,-1,-1,-1,1,1,2,2,2,2,2,1,1,2,2,2,2,2,2,2,2
7,-2295.764,-983.896,-22.819,132.380,-0.673869,-0.738584,-0.019840,0.737303,-0.673953,0.046596,-0.047787,0.016772,0.998717,1,0.00000,0.00000,38.400,1.920,-1,400.000,-1,400.000,-1,325.000,325.000,300.000,300.000,-1,-1,-1,-1,700.000,775.000,-1,-1,2,0,2,0,2,0,0,0,0,2,2,2,2,0,0,2,2
8,-2299.015,-980.364,-23.010,132.620,-0.676955,-0.735753,-0.020013,0.734463,-0.677039,0.046713,-0.047919,0.016924,0.998708,0,0.08000,0.12000,4.800,0.240,-1,400.000,-1,400.000,-1,325.000,325.000,300.000,300.000,-1,-1,-1,-1,700.000,775.000,-1,-1,2,0,2,0,2,0,0,0,0,2,2,2,2,0,0,2,2
9,-2305.574,-973.354,-23.390,133.100,-0.683089,-0.730051,-0.020356,0.728744,-0.683175,0.046939,-0.048175,0.017229,0.998690,0,0.16000,0.24000,9.600,0.480,-1,400.000,-1,400.000,-1,325.000,325.000,300.000,300.000,-1,-1,-1,-1,700.000,775.000,-1,-1,2,0,2,0,2,0,0,0,0,2,2,2,2,0,0,2,2
10,-2315.545,-962.965,-23.958,133.820,-0.692201,-0.721403,-0.020865,0.720071,-0.692290,0.047257,-0.048536,0.017687,0.998665,0,0.24000,0.36000,14.400,0.720,-1,400.000,-1,400.000,-1,325.000,325.000,300.000,300.000,-1,-1,-1,-1,675.000,775.000,-1,-1,2,0,2,0,2,0,0,0,0,2,2,2,2,0,0,2,2
11,-2329.062,-949.329,-24.713,134.751,-0.703818,-0.710054,-0.021527,0.708689,-0.703910,0.047649,-0.048987,0.018280,0.998632,0,0.32000,0.46539,19.200,0.931,-1,400.000,-1,400.000,-1,325.000,325.000,300.000,300.000,-1,-1,-1,-1,675.000,775.000,-1,-1,2,0,2,0,2,0,0,0,0,2,2,2,2,0,0,2,2
12,-2346.234,-932.562,-25.711,135.682,-0.715250,-0.698517,-0.022167,0.697119,-0.715343,0.048070,-0.049435,0.018929,0.998598,0,0.40000,0.46539,24.000,0.931,-1,400.000,-1,400.000,-1,325.000,325.000,300.000,300.000,-1,-1,-1,-1,675.000,750.000,-1,-1,2,0,2,0,2,0,0,0,0,2,2,2,2,0,0,2,2
13,-2367.164,-912.779,-27.139,136.613,-0.726532,-0.686785,-0.021847,0.685361,-0.726574,0.048689,-0.049312,0.020401,0.998575,0,0.48000,0.46539,28.800,0.931,-1,375.000,-1,400.000,-1,325.000,325.000,300.000,300.000,-1,-1,-1,-1,650.000,750.000,-1,-1,2,0,2,0,2,0,0,0,0,2,2,2,2,0,0,2,2
14,-2391.953,-890.098,-28.791,137.543,-0.737624,-0.674869,-0.021491,0.673417,-0.737610,0.049397,-0.049188,0.021964,0.998548,0,0.56000,0.46539,33.600,0.931,-1,375.000,-1,400.000,-1,325.000,325.000,300.000,300.000,-1,-1,-1,-1,650.000,750.000,-1,-1,2,0,2,0,2,0,0,0,0,2,2,2,2,0,0,2,2
15,-2420.702,-864.640,-30.664,138.474,-0.748523,-0.662773,-0.021089,0.661293,-0.748448,0.050182,-0.049043,0.023617,0.998517,0,0.64000,0.46539,38.400,0.931,-1,375.000,-1,400.000,-1,325.000,325.000,300.000,300.000,-1,-1,-1,-1,650.000,750.000,-1,-1,2,0,2,0,2,0,0,0,0,2,2,2,2,0,0,2,2
16,-2453.505,-836.530,-32.751,139.405,-0.759226,-0.650500,-0.020627,0.648991,-0.759083,0.051034,-0.048855,0.025360,0.998484,0,0.72000,0.46539,43.200,0.931,975.000,375.000,-1,400.000,-1,325.000,325.000,300.000,325.000,-1,-1,-1,-1,625.000,725.000,1000.000,-1,0,0,2,0,2,0,0,0,0,2,2,2,2,0,0,0,2
17,-2488.999,-807.100,-34.958,140.336,-0.769730,-0.638053,-0.020107,0.636518,-0.769513,0.051903,-0.048590,0.027153,0.998450,0,0.76847,0.46539,46.108,0.931,950.000,375.000,-1,400.000,-1,300.000,325.000,300.000,325.000,-1,-1,-1,-1,625.000,700.000,975.000,-1,0,0,2,0,2,0,0,0,0,2,2,2,2,0,0,0,2
18,-2524.967,-778.251,-37.142,141.266,-0.780029,-0.625437,-0.019549,0.623882,-0.779738,0.052733,-0.048224,0.028937,0.998417,0,0.76847,0.46539,46.108,0.931,925.000,350.000,-1,400.000,-1,300.000,325.000,300.000,325.000,-1,-1,-1,-1,625.000,675.000,925.000,-1,0,0,2,0,2,0,0,0,0,2,2,2,2,0,0,0,2
19,-2561.398,-749.990,-38.966,142.197,-0.790183,-0.612629,-0.017225,0.611093,-0.789718,0.053944,-0.046650,0.032100,0.998395,0,0.76847,0.46539,46.108,0.931,925.000,350.000,-1,375.000,-1,300.000,325.000,325.000,325.000,-1,-1,-1,-1,625.000,675.000,925.000,-1,0,0,2,0,2,0,0,0,0,2,2,2,2,0,0,0,2
20,-2598.284,-722.325,-40.711,143.128,-0.800128,-0.599651,-0.014592,0.598154,-0.799475,0.055250,-0.044796,0.035479,0.998366,0,0.76847,0.46539,46.108,0.931,925.000,350.000,-1,375.000,-1,300.000,300.000,325.000,325.000,-1,-1,-1,-1,600.000,650.000,900.000,-1,0,0,2,0,2,0,0,0,0,2,2,2,2,0,0,0,2
21,-2635.615,-695.263,-42.352,144.059,-0.809850,-0.586517,-0.011866,0.585088,-0.809016,0.056265,-0.042600,0.038623,0.998345,0,0.76847,0.46539,46.108,0.931,925.000,350.000,-1,375.000,-1,300.000,300.000,325.000,300.000,-1,-1,-1,-1,600.000,650.000,900.000,-1,0,0,2,0,2,0,0,0,0,2,2,2,2,0,0,0,2
22,-2673.380,-668.811,-43.941,144.990,-0.819348,-0.573226,-0.009051,0.571884,-0.818334,0.057246,-0.040222,0.041728,0.998319,0,0.76847,0.46539,46.108,0.931,925.000,350.000,-1,375.000,-1,300.000,300.000,325.000,300.000,-1,-1,-1,-1,625.000,650.000,900.000,-1,0,0,2,0,2,0,0,0,0,2,2,2,2,0,0,0,2
23,-2715.665,-640.464,-45.592,146.160,-0.830956,-0.556304,-0.006080,0.555073,-0.829755,0.058316,-0.037486,0.045083,0.998280,0,0.84847,0.58539,50.908,1.171,925.000,350.000,-1,375.000,-1,300.000,300.000,325.000,300.000,-1,-1,-1,-1,625.000,625.000,875.000,-1,0,0,2,0,2,0,0,0,0,2,2,2,2,0,0,0,2
24,-2762.656,-610.545,-47.233,147.514,-0.843913,-0.536470,-0.003172,0.535367,-0.842528,0.059402,-0.034540,0.048432,0.998229,0,0.92847,0.67658,55.708,1.353,925.000,350.000,-1,350.000,-1,300.000,300.000,325.000,300.000,-1,-1,-1,-1,600.000,625.000,875.000,-1,0,0,2,0,2,0,0,0,0,2,2,2,2,0,0,0,2
25,-2812.078,-580.695,-48.720,148.867,-0.856372,-0.516359,-0.000035,0.515440,-0.854853,0.059557,-0.030783,0.050985,0.998225,0,0.96229,0.67658,57.738,1.353,950.000,350.000,-1,350.000,-1,300.000,300.000,325.000,300.000,-1,-1,500.000,-1,600.000,600.000,875.000,-1,0,0,2,0,2,0,0,0,0,2,2,0,2,0,0,0,2
26,-2862.190,-552.019,-49.640,150.220,-0.868292,-0.496040,0.003711,0.495445,-0.866830,0.056036,-0.024580,0.050494,0.998422,0,0.96229,0.67658,57.738,1.353,975.000,350.000,-1,350.000,-1,300.000,300.000,325.000,300.000,-1,500.000,425.000,-1,600.000,625.000,875.000,-1,0,0,2,0,2,0,0,0,0,2,0,0,2,0,0,0,2
27,-2912.966,-524.534,-50.451,151.573,-0.879713,-0.475444,0.007646,0.475152,-0.878326,0.052670,-0.018326,0.049968,0.998583,0,0.96229,0.67658,57.738,1.353,1000.000,350.000,-1,350.000,-1,300.000,300.000,325.000,300.000,-1,375.000,375.000,-1,600.000,625.000,900.000,-1,0,0,2,0,2,0,0,0,0,2,0,0,2,0,0,0,2
28,-2964.376,-498.256,-51.157,152.926,-0.890627,-0.454583,0.011758,0.454576,-0.889333,0.049470,-0.012032,0.049404,0.998706,0,0.96229,0.67658,57.738,1.353,-1,375.000,-1,375.000,-1,300.000,300.000,325.000,325.000,-1,325.000,325.000,-1,600.000,625.000,925.000,-1,2,0,2,0,2,0,0,0,0,2,0,0,2,0,0,0,2
29,-3016.393,-473.200,-51.759,154.279,-0.901027,-0.433467,0.016034,0.433726,-0.899847,0.046445,-0.005705,0.048803,0.998792,0,0.96229,0.67658,57.738,1.353,-1,350.000,-1,375.000,-1,300.000,300.000,300.000,325.000,-1,300.000,275.000,-1,600.000,625.000,950.000,-1,2,0,2,0,2,0,0,0,0,2,0,0,2,0,0,0,2
30,-3068.987,-449.378,-52.259,155.632,-0.910904,-0.412110,0.020460,0.412617,-0.909860,0.043606,0.000646,0.048163,0.998839,0,0.96229,0.67658,57.738,1.353,-1,350.000,-1,375.000,-1,300.000,300.000,300.000,325.000,-1,250.000,250.000,-1,600.000,625.000,975.000,-1,2,0,2,0,2,0,0,0,0,2,0,0,2,0,0,0,2
31,-3117.624,-428.478,-52.642,156.746,-0.918623,-0.394368,0.024626,0.395085,-0.917723,0.041143,0.006374,0.047525,0.998850,0,0.88229,0.55658,52.938,1.113,-1,350.000,-1,375.000,-1,300.000,300.000,300.000,325.000,-1,225.000,225.000,-1,600.000,625.000,-1,-1,2,0,2,0,2,0,0,0,0,2,0,0,2,0,0,2,2
32,-3162.135,-410.149,-52.672,157.619,-0.924426,-0.380340,0.027902,0.381213,-0.923633,0.039738,0.010657,0.047372,0.998820,0,0.80229,0.43658,48.138,0.873,-1,350.000,-1,375.000,-1,300.000,300.000,300.000,325.000,-1,225.000,225.000,-1,600.000,625.000,-1,-1,2,0,2,0,2,0,0,0,0,2,0,0,2,0,0,2,2
33,-3202.389,-394.092,-52.426,158.252,-0.928492,-0.370098,0.030503,0.371102,-0.927748,0.039588,0.013647,0.048077,0.998750,0,0.72229,0.31658,43.338,0.633,-1,350.000,-1,375.000,-1,300.000,300.000,300.000,325.000,-1,250.000,250.000,-1,600.000,625.000,-1,-1,2,0,2,0,2,0,0,0,0,2,0,0,2,0,0,2,2
34,-3240.360,-379.248,-51.782,158.645,-0.930882,-0.363683,0.034553,0.364906,-0.930164,0.040474,0.017420,0.050285,0.998583,0,0.67951,0.19658,40.770,0.393,-1,350.000,-1,350.000,-1,300.000,300.000,325.000,325.000,-1,250.000,250.000,-1,600.000,625.000,-1,-1,2,0,2,0,2,0,0,0,0,2,0,0,2,0,0,2,2
35,-3278.372,-364.505,-51.053,158.798,-0.931702,-0.361150,0.038751,0.362611,-0.931015,0.041528,0.021080,0.052743,0.998386,0,0.67951,0.07658,40.770,0.153,-1,350.000,-1,350.000,-1,300.000,300.000,325.000,300.000,-1,250.000,250.000,-1,600.000,625.000,-1,-1,2,0,2,0,2,0,0,0,0,2,0,0,2,0,0,2,2
36,-3316.361,-349.705,-50.283,158.711,-0.930989,-0.362510,0.042959,0.364222,-0.930337,0.042606,0.024521,0.055313,0.998168,0,0.67951,-0.04342,40.770,-0.087,-1,350.000,-1,350.000,-1,300.000,300.000,325.000,300.000,-1,250.000,250.000,-1,625.000,625.000,-1,-1,2,0,2,0,2,0,0,0,0,2,0,0,2,0,0,2,2
37,-3354.274,-334.710,-49.278,158.417,-0.928971,-0.367238,0.046372,0.369154,-0.928364,0.043192,0.027188,0.057242,0.997990,0,0.67951,-0.14695,40.770,-0.294,-1,350.000,-1,350.000,-1,300.000,300.000,325.000,300.000,-1,275.000,250.000,-1,625.000,625.000,-1,-1,2,0,2,0,2,0,0,0,0,2,0,0,2,0,0,2,2
38,-3392.109,-319.519,-47.949,158.124,-0.926971,-0.371977,0.048560,0.374013,-0.926423,0.043068,0.028967,0.058084,0.997891,0,0.67951,-0.14695,40.770,-0.294,-1,350.000,-1,350.000,-1,300.000,300.000,325.000,300.000,-1,300.000,275.000,-1,625.000,625.000,-1,-1,2,0,2,0,2,0,0,0,0,2,0,0,2,0,0,2,2
39,-3429.866,-304.134,-46.292,157.830,-0.924908,-0.376730,0.051191,0.378870,-0.924517,0.041536,0.031679,0.057811,0.997825,0,0.67951,-0.14695,40.770,-0.294,-1,350.000,-1,350.000,-1,300.000,300.000,325.000,300.000,-1,325.000,300.000,-1,650.000,650.000,-1,-1,2,0,2,0,2,0,0,0,0,2,0,0,2,0,0,2,2
40,-3467.543,-288.555,-44.572,157.536,-0.922806,-0.381476,0.053891,0.383713,-0.922594,0.039798,0.034538,0.057405,0.997753,0,0.67951,-0.14695,40.770,-0.294,-1,350.000,-1,375.000,-1,300.000,300.000,325.000,300.000,-1,350.000,325.000,-1,650.000,650.000,-1,-1,2,0,2,0,2,0,0,0,0,2,0,0,2,0,0,2,2
41,-3505.139,-272.784,-42.841,157.242,-0.920673,-0.386212,0.056588,0.388541,-0.920644,0.038098,0.037383,0.057063,0.997670,0,0.67951,-0.14695,40.770,-0.294,-1,375.000,-1,375.000,-1,300.000,300.000,325.000,300.000,-1,350.000,325.000,-1,650.000,675.000,-1,-1,2,0,2,0,2,0,0,0,0,2,0,0,2,0,0,2,2
42,-3542.655,-256.819,-41.098,156.948,-0.918507,-0.390935,0.059282,0.393354,-0.918665,0.036437,0.040216,0.056787,0.997576,0,0.67951,-0.14695,40.770,-0.294,-1,375.000,-1,375.000,-1,300.000,300.000,325.000,300.000,-1,375.000,350.000,-1,675.000,675.000,-1,-1,2,0,2,0,2,0,0,0,0,2,0,0,2,0,0,2,2
43,-3584.570,-238.936,-39.117,156.894,-0.917938,-0.391809,0.062259,0.394321,-0.918320,0.034629,0.043606,0.056337,0.997459,0,0.75951,-0.02695,45.570,-0.054,-1,375.000,-1,375.000,-1,300.000,300.000,325.000,300.000,-1,350.000,375.000,-1,675.000,700.000,-1,-1,2,0,2,0,2,0,0,0,0,2,0,0,2,0,0,2,2
44,-3627.211,-220.906,-37.059,157.080,-0.918992,-0.388837,0.065266,0.391437,-0.919618,0.032876,0.047236,0.055760,0.997326,0,0.77161,0.09305,46.297,0.186,-1,375.000,-1,375.000,-1,300.000,300.000,325.000,325.000,-1,325.000,350.000,-1,700.000,725.000,-1,-1,2,0,2,0,2,0,0,0,0,2,0,0,2,0,0,2,2
45,-3669.986,-203.193,-34.949,157.506,-0.921637,-0.382003,0.068264,0.384683,-0.922520,0.031236,0.051043,0.055048,0.997178,0,0.77161,0.21305,46.297,0.426,-1,375.000,-1,375.000,-1,300.000,300.000,325.000,325.000,-1,325.000,350.000,-1,725.000,750.000,-1,-1,2,0,2,0,2,0,0,0,0,2,0,0,2,0,0,2,2
46,-3712.920,-185.870,-32.825,158.026,-0.924847,-0.373634,0.071098,0.376374,-0.925994,0.029617,0.054770,0.054151,0.997030,0,0.77161,0.25996,46.297,0.520,-1,375.000,-1,375.000,-1,300.000,325.000,325.000,325.000,-1,300.000,325.000,-1,725.000,775.000,-1,-1,2,0,2,0,2,0,0,0,0,2,0,0,2,0,0,2,2
47,-3756.009,-168.936,-30.663,158.546,-0.927977,-0.365233,0.073910,0.368027,-0.929391,0.028087,0.058433,0.053265,0.996869,0,0.77161,0.25996,46.297,0.520,-1,375.000,-1,400.000,-1,325.000,325.000,300.000,325.000,-1,300.000,300.000,-1,750.000,800.000,-1,-1,2,0,2,0,2,0,0,0,0,2,0,0,2,0,0,2,2
48,-3799.250,-152.395,-28.463,159.066,-0.931026,-0.356801,0.076705,0.359642,-0.932710,0.026645,0.062036,0.052393,0.996698,0,0.77161,0.25996,46.297,0.520,-1,400.000,-1,400.000,-1,325.000,325.000,300.000,325.000,-1,275.000,300.000,-1,750.000,825.000,-1,-1,2,0,2,0,2,0,0,0,0,2,0,0,2,0,0,2,2
49,-3842.639,-136.247,-25.904,159.586,-0.934046,-0.348315,0.078965,0.351272,-0.935888,0.026857,0.064548,0.052823,0.996516,0,0.77161,0.25996,46.297,0.520,-1,400.000,-1,400.000,-1,325.000,325.000,300.000,325.000,-1,300.000,300.000,-1,775.000,825.000,-1,-1,2,0,2,0,2,0,0,0,0,2,0,0,2,0,0,2,2
50,-3886.173,-120.494,-23.236,160.106,-0.937025,-0.339795,0.080767,0.342880,-0.938974,0.027599,0.066460,0.053555,0.996351,0,0.77161,0.25996,46.297,0.520,-1,400.000,-1,400.000,-1,325.000,325.000,300.000,325.000,-1,300.000,300.000,-1,800.000,850.000,-1,-1,2,0,2,0,2,0,0,0,0,2,0,0,2,0,0,2,2
51,-3930.298,-104.770,-20.558,160.386,-0.938553,-0.335188,0.082258,0.338390,-0.940581,0.028266,0.067896,0.054364,0.996210,0,0.78070,0.13996,46.842,0.280,-1,400.000,-1,400.000,-1,325.000,325.000,300.000,300.000,-1,325.000,325.000,-1,825.000,850.000,-1,-1,2,0,2,0,2,0,0,0,0,2,0,0,2,0,0,2,2
52,-3974.434,-89.078,-17.860,160.426,-0.938670,-0.334513,0.083663,0.337839,-0.940758,0.028969,0.069016,0.055457,0.996073,0,0.78070,0.01996,46.842,0.040,-1,400.000,-1,400.000,-1,325.000,325.000,325.000,300.000,-1,350.000,325.000,-1,850.000,875.000,-1,-1,2,0,2,0,2,0,0,0,0,2,0,0,2,0,0,2,2
53,-4018.514,-73.231,-14.880,160.226,-0.937475,-0.337789,0.083902,0.341139,-0.939565,0.029019,0.069029,0.055827,0.996051,0,0.78070,-0.10004,46.842,-0.200,-1,400.000,-1,400.000,-1,325.000,325.000,300.000,300.000,-1,400.000,375.000,-1,875.000,875.000,-1,-1,2,0,2,0,2,0,0,0,0,2,0,0,2,0,0,2,2
54,-4062.471,-57.045,-11.793,159.786,-0.934898,-0.344990,0.083348,0.348319,-0.936929,0.028930,0.068110,0.056078,0.996101,0,0.78070,-0.22004,46.842,-0.440,-1,400.000,-1,400.000,-1,325.000,325.000,300.000,300.000,-1,450.000,425.000,-1,900.000,900.000,-1,-1,2,0,2,0,2,0,0,0,0,2,0,0,2,0,0,2,2
55,-4106.265,-40.424,-8.783,159.217,-0.931484,-0.354261,0.082683,0.357587,-0.933424,0.029164,0.066847,0.056732,0.996149,0,0.78070,-0.28438,46.842,-0.569,-1,400.000,-1,400.000,-1,325.000,325.000,300.000,300.000,-1,500.000,475.000,-1,900.000,925.000,-1,-1,2,0,2,0,2,0,0,0,0,2,0,0,2,0,0,2,2
56,-4149.892,-23.370,-5.791,158.648,-0.927980,-0.363494,0.082003,0.366821,-0.929825,0.029470,0.065536,0.057428,0.996196,0,0.78070,-0.28438,46.842,-0.569,-1,400.000,-1,400.000,-1,325.000,325.000,300.000,300.000,-1,550.000,550.000,-1,925.000,950.000,-1,-1,2,0,2,0,2,0,0,0,0,2,0,0,2,0,0,2,2
57,-4193.348,-5.883,-2.914,158.079,-0.924402,-0.372682,0.081175,0.376032,-0.926111,0.030293,0.063887,0.058528,0.996239,0,0.78070,-0.28438,46.842,-0.569,-1,400.000,-1,400.000,-1,325.000,325.000,325.000,300.000,-1,625.000,600.000,-1,925.000,950.000,-1,-1,2,0,2,0,2,0,0,0,0,2,0,0,2,0,0,2,2
58,-4236.628,12.034,-0.096,157.511,-0.920740,-0.381827,0.080288,0.385209,-0.922295,0.031386,0.062065,0.059826,0.996277,0,0.78070,-0.28438,46.842,-0.569,-1,400.000,-1,400.000,-1,325.000,325.000,325.000,300.000,-1,700.000,675.000,-1,925.000,975.000,-1,-1,2,0,2,0,2,0,0,0,0,2,0,0,2,0,0,2,2
59,-4279.728,30.379,2.693,156.942,-0.916990,-0.390931,0.079387,0.394348,-0.918382,0.032614,0.060158,0.061213,0.996310,0,0.78070,-0.28438,46.842,-0.569,-1,400.000,-1,400.000,-1,325.000,325.000,325.000,300.000,-1,775.000,775.000,-1,950.000,975.000,-1,-1,2,0,2,0,2,0,0,0,0,2,0,0,2,0,0,2,2
60,-4322.644,49.152,5.448,156.373,-0.913152,-0.399992,0.078483,0.403445,-0.914374,0.033956,0.058181,0.062670,0.996337,0,0.78070,-0.28438,46.842,-0.569,-1,400.000,-1,400.000,-1,325.000,325.000,325.000,300.000,-1,875.000,850.000,-1,950.000,975.000,-1,-1,2,0,2,0,2,0,0,0,0,2,0,0,2,0,0,2,2
61,-4365.372,68.349,8.118,155.804,-0.909219,-0.409014,0.077644,0.412494,-0.910282,0.035153,0.056300,0.063989,0.996361,0,0.78070,-0.28438,46.842,-0.569,-1,400.000,-1,400.000,-1,325.000,325.000,325.000,300.000,-1,950.000,925.000,-1,950.000,975.000,-1,-1,2,0,2,0,2,0,0,0,0,2,0,0,2,0,0,2,2
62,-4407.907,87.970,10.742,155.236,-0.905197,-0.417993,0.076815,0.421499,-0.906097,0.036417,0.054380,0.065342,0.996380,0,0.78070,-0.28438,46.842,-0.569,-1,425.000,-1,400.000,-1,325.000,325.000,325.000,300.000,-1,-1,-1,-1,975.000,1000.000,-1,-1,2,0,2,0,2,0,0,0,0,2,2,2,2,0,0,2,2
63,-4450.245,108.012,13.291,154.667,-0.901082,-0.426931,0.076034,0.430457,-0.901828,0.037591,0.052520,0.066602,0.996396,0,0.78070,-0.28438,46.842,-0.569,-1,425.000,-1,425.000,-1,325.000,325.000,300.000,300.000,-1,-1,-1,-1,1000.000,1000.000,-1,-1,2,0,2,0,2,0,0,0,0,2,2,2,2,0,0,2,2
64,-4492.382,128.474,15.714,154.098,-0.896867,-0.435833,0.075353,0.439363,-0.897487,0.038432,0.050878,0.067575,0.996416,0,0.78070,-0.28438,46.842,-0.569,-1,425.000,-1,425.000,-1,325.000,325.000,300.000,300.000,-1,-1,-1,-1,1000.000,1000.000,-1,-1,2,0,2,0,2,0,0,0,0,2,2,2,2,0,0,2,2
65,-4534.313,149.354,17.807,153.529,-0.892660,-0.444725,0.073331,0.448138,-0.893126,0.038716,0.048276,0.067423,0.996556,0,0.78070,-0.28438,46.842,-0.569,-1,425.000,-1,425.000,-1,325.000,325.000,300.000,300.000,-1,-1,-1,-1,1000.000,-1,-1,-1,2,0,2,0,2,0,0,0,0,2,2,2,2,0,2,2,2
66,-4576.034,170.650,19.677,152.961,-0.888419,-0.453595,0.070458,0.456818,-0.888718,0.038715,0.045056,0.066581,0.996763,0,0.78070,-0.28438,46.842,-0.569,-1,425.000,-1,425.000,-1,325.000,350.000,300.000,300.000,-1,-1,-1,-1,1000.000,1000.000,-1,-1,2,0,2,0,2,0,0,0,0,2,2,2,2,0,0,2,2
67,-4617.542,192.359,21.508,152.392,-0.884081,-0.462418,0.067604,0.465459,-0.884217,0.038841,0.041815,0.065805,0.996956,0,0.78070,-0.28438,46.842,-0.569,-1,425.000,-1,425.000,-1,325.000,350.000,300.000,325.000,-1,-1,-1,-1,1000.000,1000.000,-1,-1,2,0,2,0,2,0,0,0,0,2,2,2,2,0,0,2,2
68,-4658.833,214.478,23.298,151.823,-0.879648,-0.471194,0.064772,0.474060,-0.879624,0.039095,0.038553,0.065096,0.997134,0,0.78070,-0.28438,46.842,-0.569,-1,425.000,-1,425.000,-1,325.000,350.000,300.000,325.000,-1,-1,-1,-1,1000.000,1000.000,-1,-1,2,0,2,0,2,0,0,0,0,2,2,2,2,0,0,2,2
69,-4699.902,237.006,24.946,151.254,-0.875095,-0.479911,0.062408,0.482643,-0.874919,0.039661,0.035569,0.064828,0.997262,0,0.78070,-0.28438,46.842,-0.569,-1,425.000,-1,425.000,-1,350.000,350.000,300.000,325.000,-1,-1,-1,-1,1000.000,1000.000,-1,-1,2,0,2,0,2,0,0,0,0,2,2,2,2,0,0,2,2
70,-4740.745,259.941,26.546,150.686,-0.870448,-0.488578,0.060106,0.491182,-0.870122,0.040356,0.032583,0.064651,0.997376,0,0.78070,-0.28438,46.842,-0.569,-1,425.000,-1,425.000,-1,350.000,350.000,300.000,325.000,-1,-1,-1,-1,1000.000,1000.000,-1,-1,2,0,2,0,2,0,0,0,0,2,2,2,2,0,0,2,2
71,-4781.360,283.279,27.840,150.117,-0.865722,-0.497162,0.057921,0.499678,-0.865180,0.042261,0.029102,0.065528,0.997426,0,0.78070,-0.28438,46.842,-0.569,-1,425.000,-1,425.000,-1,350.000,350.000,300.000,325.000,-1,-1,-1,-1,1000.000,1000.000,-1,-1,2,0,2,0,2,0,0,0,0,2,2,2,2,0,0,2,2
72,-4821.741,307.019,28.870,149.548,-0.860906,-0.505666,0.056053,0.508128,-0.860101,0.045080,0.025416,0.067292,0.997410,0,0.78070,-0.28438,46.842,-0.569,-1,425.000,-1,425.000,-1,350.000,350.000,300.000,325.000,-1,-1,-1,-1,1000.000,975.000,-1,-1,2,0,2,0,2,0,0,0,0,2,2,2,2,0,0,2,2
73,-4862.059,331.261,29.864,148.981,-0.856014,-0.514092,0.054312,0.516495,-0.854945,0.047984,0.021766,0.069127,0.997370,0,0.78408,-0.28363,47.045,-0.567,-1,425.000,-1,425.000,-1,350.000,350.000,325.000,300.000,-1,-1,-1,-1,1000.000,950.000,-1,-1,2,0,2,0,2,0,0,0,0,2,2,2,2,0,0,2,2
74,-4902.435,356.084,30.823,148.416,-0.851060,-0.522418,0.052698,0.524756,-0.849725,0.050978,0.018147,0.071039,0.997308,0,0.78993,-0.28218,47.396,-0.564,-1,425.000,-1,425.000,-1,350.000,350.000,325.000,300.000,-1,-1,-1,-1,975.000,950.000,-1,-1,2,0,2,0,2,0,0,0,0,2,2,2,2,0,0,2,2
75,-4942.862,381.486,31.747,147.855,-0.846050,-0.530638,0.051215,0.532904,-0.844447,0.054061,0.014562,0.073031,0.997223,0,0.79576,-0.28055,47.746,-0.561,-1,425.000,-1,425.000,-1,350.000,350.000,325.000,300.000,-1,-1,-1,-1,975.000,925.000,-1,-1,2,0,2,0,2,0,0,0,0,2,2,2,2,0,0,2,2
76,-4983.333,407.470,32.370,147.298,-0.841041,-0.538788,0.048557,0.540877,-0.839183,0.056789,0.010151,0.074025,0.997205,0,0.80156,-0.27871,48.094,-0.557,-1,425.000,-1,425.000,-1,325.000,325.000,325.000,300.000,-1,-1,-1,-1,975.000,900.000,-1,-1,2,0,2,0,2,0,0,0,0,2,2,2,2,1,0,2,2
77,-5019.444,431.351,32.864,146.522,-0.833846,-0.550067,0.046127,0.551967,-0.831756,0.059285,0.005755,0.074895,0.997175,0,0.72156,-0.38794,43.294,-0.776,-1,425.000,-1,425.000,-1,325.000,325.000,325.000,300.000,-1,-1,-1,-1,-1,875.000,-1,-1,2,0,2,0,2,0,0,0,0,2,2,2,2,2,0,2,2
78,-5051.263,453.016,33.044,145.751,-0.826490,-0.561219,0.044131,0.562946,-0.824277,0.060487,0.002430,0.074835,0.997193,0,0.64156,-0.38576,38.494,-0.772,-1,425.000,-1,400.000,-1,325.000,325.000,325.000,300.000,-1,-1,-1,-1,-1,875.000,-1,-1,2,0,2,0,2,0,0,0,0,2,2,2,2,2,0,2,2
79,-5078.857,472.351,32.986,144.983,-0.818987,-0.572237,0.042484,0.573812,-0.816735,0.060689,-0.000030,0.074082,0.997252,0,0.56156,-0.38357,33.694,-0.767,-1,425.000,-1,400.000,-1,325.000,325.000,325.000,300.000,-1,-1,-1,-1,-1,875.000,-1,-1,2,0,2,0,2,0,0,0,0,2,2,2,2,2,0,2,2
80,-5102.298,489.246,32.902,144.221,-0.811369,-0.583089,0.041083,0.584530,-0.809084,0.060898,-0.002269,0.073425,0.997298,0,0.48156,-0.38143,28.894,-0.763,-1,425.000,-1,400.000,-1,325.000,325.000,325.000,300.000,-1,-1,-1,-1,-1,875.000,-1,-1,2,0,2,0,2,0,0,0,0,2,2,2,2,2,0,2,2
81,-5121.656,503.591,32.804,143.462,-0.803639,-0.593777,0.039920,0.595101,-0.801325,0.061091,-0.004286,0.072852,0.997334,0,0.40156,-0.37937,24.094,-0.759,-1,425.000,-1,400.000,-1,325.000,325.000,325.000,300.000,-1,-1,-1,-1,-1,875.000,-1,-1,2,0,2,0,2,0,0,0,0,2,2,2,2,2,0,2,2
82,-5137.004,515.282,32.703,142.707,-0.795799,-0.604304,0.038984,0.605530,-0.793462,0.061250,-0.006081,0.072348,0.997361,0,0.32156,-0.37743,19.294,-0.755,-1,425.000,-1,400.000,-1,325.000,325.000,325.000,300.000,-1,-1,-1,-1,-1,850.000,-1,-1,2,0,2,0,2,0,0,0,0,2,2,2,2,2,0,2,2
83,-5148.418,524.214,32.609,141.956,-0.787850,-0.614677,0.038269,0.615819,-0.785495,0.061354,-0.007653,0.071904,0.997382,0,0.24156,-0.37567,14.494,-0.751,-1,425.000,-1,400.000,-1,325.000,325.000,325.000,300.000,-1,-1,-1,-1,-1,850.000,-1,-1,2,0,2,0,2,0,0,0,0,2,2,2,2,2,0,2,2
84,-5155.974,530.288,32.515,141.207,-0.779793,-0.624903,0.037672,0.625972,-0.777427,0.061367,-0.009061,0.071435,0.997404,0,0.16156,-0.37412,9.694,-0.748,-1,425.000,-1,400.000,-1,325.000,325.000,325.000,300.000,-1,-1,-1,-1,-1,850.000,-1,-1,2,0,2,0,2,0,0,0,0,2,2,2,2,2,0,2,2
85,-5159.748,533.404,32.442,140.462,-0.771623,-0.634988,0.037255,0.635997,-0.769254,0.061292,-0.010261,0.070988,0.997424,0,0.08156,-0.37282,4.894,-0.746,-1,425.000,-1,400.000,-1,325.000,325.000,325.000,300.000,-1,-1,-1,-1,-1,850.000,-1,-1,2,0,2,0,2,0,0,0,0,2,2,2,2,2,0,2,2
86,-5159.819,533.465,32.428,139.718,-0.763336,-0.644932,0.037154,0.645905,-0.760965,0.061142,-0.011160,0.070670,0.997437,0,0.00156,-0.37180,0.094,-0.744,-1,425.000,-1,400.000,-1,325.000,325.000,325.000,300.000,-1,-1,-1,-1,-1,850.000,-1,-1,2,0,2,0,2,0,0,0,0,2,2,2,2,2,0,2,2
87,-5156.268,530.376,32.480,138.976,-0.754927,-0.654744,0.037360,0.655703,-0.752559,0.060901,-0.011759,0.070473,0.997444,0,-0.07844,-0.37108,-4.706,-0.742,-1,425.000,-1,400.000,-1,325.000,325.000,325.000,300.000,-1,-1,-1,-1,-1,850.000,-1,-1,2,0,2,0,2,0,0,0,0,2,2,2,2,2,0,2,2
88,-5149.178,524.045,32.583,138.235,-0.746393,-0.664435,0.037742,0.665395,-0.744033,0.060532,-0.012138,0.070294,0.997452,0,-0.15844,-0.37069,-9.506,-0.741,-1,425.000,-1,400.000,-1,325.000,325.000,325.000,300.000,-1,-1,-1,-1,-1,850.000,-1,-1,2,0,2,0,2,0,0,0,0,2,2,2,2,2,0,2,2
89,-5138.631,514.379,32.726,137.493,-0.737728,-0.674016,0.038207,0.674985,-0.735387,0.060011,-0.012351,0.070061,0.997466,0,-0.23844,-0.37064,-14.306,-0.741,-1,425.000,-1,400.000,-1,325.000,325.000,325.000,300.000,-1,-1,-1,-1,-1,850.000,-1,-1,2,0,2,0,2,0,0,0,0,2,2,2,2,2,0,2,2
90,-5127.444,503.856,32.893,136.751,-0.728930,-0.683493,0.038702,0.684473,-0.726610,0.059447,-0.012511,0.069823,0.997481,0,-0.25598,-0.37095,-15.359,-0.742,-1,425.000,-1,400.000,-1,325.000,325.000,325.000,300.000,-1,-1,-1,-1,900.000,850.000,-1,-1,2,0,2,0,2,0,0,0,0,2,2,2,2,0,0,2,2
91,-5116.318,493.115,33.075,136.009,-0.720000,-0.692867,0.039187,0.693858,-0.717702,0.058866,-0.012662,0.069574,0.997496,0,-0.25776,-0.37137,-15.466,-0.743,-1,425.000,-1,400.000,-1,325.000,325.000,325.000,300.000,-1,-1,-1,-1,900.000,850.000,-1,-1,2,0,2,0,2,0,0,0,0,2,2,2,2,0,0,2,2
92,-5105.256,482.155,33.271,135.265,-0.710938,-0.702136,0.039662,0.703138,-0.708662,0.058266,-0.012804,0.069311,0.997513,0,-0.25954,-0.37182,-15.572,-0.744,-1,425.000,-1,400.000,-1,325.000,325.000,325.000,300.000,-1,-1,-1,-1,900.000,850.000,-1,-1,2,0,2,0,2,0,0,0,0,2,2,2,2,0,0,2,2
93,-5094.263,470.977,33.482,134.520,-0.701743,-0.711299,0.040125,0.712313,-0.699491,0.057649,-0.012939,0.069036,0.997530,0,-0.26130,-0.37230,-15.678,-0.745,-1,425.000,-1,400.000,-1,325.000,325.000,325.000,300.000,-1,-1,-1,-1,925.000,850.000,-1,-1,2,0,2,0,2,0,0,0,0,2,2,2,2,0,0,2,2
94,-5083.344,459.581,33.708,133.775,-0.692416,-0.720356,0.040577,0.721380,-0.690189,0.057014,-0.013065,0.068748,0.997548,0,-0.26305,-0.37282,-15.783,-0.746,-1,425.000,-1,400.000,-1,325.000,325.000,325.000,300.000,-1,-1,-1,-1,925.000,850.000,-1,-1,2,0,2,0,2,0,0,0,0,2,2,2,2,0,0,2,2
95,-5072.503,447.967,33.949,133.028,-0.682957,-0.729306,0.041015,0.730339,-0.680756,0.056361,-0.013183,0.068447,0.997568,0,-0.26480,-0.37338,-15.888,-0.747,-1,425.000,-1,425.000,-1,325.000,325.000,325.000,300.000,-1,-1,-1,-1,925.000,875.000,-1,-1,2,0,2,0,2,0,0,0,0,2,2,2,2,0,0,2,2
96,-5061.744,436.136,34.205,132.280,-0.673367,-0.738146,0.041441,0.739189,-0.671192,0.055691,-0.013294,0.068133,0.997588,0,-0.26653,-0.37397,-15.992,-0.748,-1,425.000,-1,425.000,-1,325.000,325.000,325.000,300.000,-1,-1,-1,-1,925.000,875.000,-1,-1,2,0,2,0,2,0,0,0,0,2,2,2,2,0,0,2,2
97,-5051.073,424.087,34.477,131.531,-0.663645,-0.746876,0.041852,0.747927,-0.661498,0.055004,-0.013397,0.067805,0.997609,0,-0.26825,-0.37460,-16.095,-0.749,-1,425.000,-1,425.000,-1,325.000,325.000,325.000,300.000,-1,-1,-1,-1,925.000,875.000,-1,-1,2,0,2,0,2,0,0,0,0,2,2,2,2,0,0,2,2
98,-5040.493,411.823,34.764,130.780,-0.653792,-0.755494,0.042247,0.756554,-0.651673,0.054300,-0.013492,0.067464,0.997631,0,-0.26996,-0.37526,-16.197,-0.751,-1,425.000,-1,425.000,-1,325.000,325.000,325.000,325.000,-1,-1,-1,-1,925.000,875.000,-1,-1,2,0,2,0,2,0,0,0,0,2,2,2,2,0,0,2,2
99,-5030.011,399.342,34.940,130.028,-0.643796,-0.763975,0.043220,0.765083,-0.641698,0.053594,-0.013210,0.067570,0.997627,0,-0.27165,-0.37595,-16.299,-0.752,-1,425.000,-1,425.000,-1,325.000,325.000,325.000,325.000,-1,-1,-1,-1,925.000,875.000,-1,-1,2,0,2,0,2,0,0,0,0,2,2,2,2,0,0,2,2
100,-5019.629,386.647,35.120,129.275,-0.633668,-0.772339,0.044235,0.773498,-0.631592,0.052856,-0.012884,0.067708,0.997622,0,-0.27333,-0.37668,-16.400,-0.753,-1,425.000,-1,425.000,-1,325.000,325.000,325.000,325.000,-1,-1,-1,-1,950.000,875.000,-1,-1,2,0,2,0,2,0,0,0,0,2,2,2,2,0,0,2,2
101,-5009.353,373.738,35.315,128.520,-0.623409,-0.780587,0.045231,0.781795,-0.621356,0.052085,-0.012552,0.067832,0.997618,0,-0.27500,-0.37744,-16.500,-0.755,-1,425.000,-1,425.000,-1,325.000,325.000,325.000,325.000,-1,-1,-1,-1,950.000,875.000,-1,-1,2,0,2,0,2,0,0,0,0,2,2,2,2,0,0,2,2
102,-4999.188,360.616,35.527,127.764,-0.613018,-0.788716,0.046209,0.789974,-0.610992,0.051281,-0.012213,0.067940,0.997615,0,-0.27665,-0.37823,-16.599,-0.756,-1,425.000,-1,425.000,-1,350.000,325.000,325.000,325.000,-1,-1,-1,-1,950.000,875.000,-1,-1,2,0,2,0,2,0,0,0,0,2,2,2,2,0,0,2,2
103,-4989.139,347.282,35.755,127.006,-0.602497,-0.796726,0.047166,0.798033,-0.600499,0.050445,-0.011868,0.068033,0.997612,0,-0.27829,-0.37906,-16.697,-0.758,-1,425.000,-1,425.000,-1,350.000,350.000,325.000,325.000,-1,-1,-1,-1,950.000,875.000,-1,-1,2,0,2,0,2,0,0,0,0,2,2,2,2,0,0,2,2
104,-4980.192,335.101,35.973,126.297,-0.592567,-0.804089,0.048006,0.805438,-0.590597,0.049658,-0.011578,0.068091,0.997612,0,-0.25188,-0.35433,-15.113,-0.709,-1,425.000,-1,425.000,-1,350.000,350.000,325.000,325.000,-1,-1,-1,-1,975.000,900.000,-1,-1,2,0,2,0,2,0,0,0,0,2,2,2,2,0,0,2,2
105,-4974.201,326.708,36.119,125.519,-0.581581,-0.812040,0.048517,0.813405,-0.579630,0.049009,-0.011675,0.067967,0.997619,0,-0.17188,-0.38896,-10.313,-0.778,-1,425.000,-1,425.000,-1,350.000,350.000,325.000,325.000,-1,-1,-1,-1,975.000,900.000,-1,-1,2,0,2,0,2,0,0,0,0,2,2,2,2,0,0,2,2
106,-4971.059,322.178,36.189,124.739,-0.570470,-0.819872,0.048719,0.821229,-0.568530,0.048534,-0.012093,0.067697,0.997633,0,-0.09188,-0.39008,-5.513,-0.780,-1,425.000,-1,425.000,-1,350.000,350.000,325.000,325.000,-1,-1,-1,-1,975.000,900.000,-1,-1,2,0,2,0,2,0,0,0,0,2,2,2,2,0,0,2,2
107,-4970.661,321.587,36.174,123.958,-0.559260,-0.827565,0.048622,0.828893,-0.557323,0.048247,-0.012829,0.067285,0.997651,0,-0.01188,-0.39032,-0.713,-0.781,-1,425.000,-1,425.000,-1,350.000,350.000,325.000,325.000,-1,-1,-1,-1,975.000,900.000,-1,-1,2,0,2,0,2,0,0,0,0,2,2,2,2,0,0,2,2
108,-4972.897,325.008,36.067,123.179,-0.547980,-0.835099,0.048237,0.836376,-0.546036,0.048164,-0.013883,0.066737,0.997674,0,0.06812,-0.38964,4.087,-0.779,-1,425.000,-1,425.000,-1,350.000,350.000,325.000,325.000,-1,-1,-1,-1,975.000,900.000,-1,-1,2,0,2,0,2,0,0,0,0,2,2,2,2,0,0,2,2
109,-4977.659,332.512,35.860,122.403,-0.536660,-0.842456,0.047576,0.843661,-0.534700,0.048301,-0.015253,0.066059,0.997699,0,0.14812,-0.38801,8.887,-0.776,-1,425.000,-1,425.000,-1,350.000,350.000,325.000,325.000,-1,-1,-1,-1,950.000,875.000,-1,-1,2,0,2,0,2,0,0,0,0,2,2,2,2,0,0,2,2
110,-4984.837,344.166,35.545,121.632,-0.525332,-0.849618,0.046653,0.850729,-0.523346,0.048673,-0.016938,0.065259,0.997725,0,0.22812,-0.38539,13.687,-0.771,-1,425.000,-1,425.000,-1,350.000,350.000,325.000,325.000,-1,-1,-1,-1,950.000,875.000,-1,-1,2,0,2,0,2,0,0,0,0,2,2,2,2,0,0,2,2
111,-4994.321,360.035,35.113,120.869,-0.514028,-0.856566,0.045482,0.857564,-0.512010,0.049296,-0.018938,0.064344,0.997748,0,0.30812,-0.38172,18.487,-0.763,-1,425.000,-1,425.000,-1,350.000,350.000,325.000,325.000,-1,-1,-1,-1,950.000,875.000,-1,-1,2,0,2,0,2,0,0,0,0,2,2,2,2,0,0,2,2
112,-5006.004,380.180,34.558,120.115,-0.502787,-0.863286,0.044078,0.864149,-0.500728,0.050185,-0.021253,0.063322,0.997767,0,0.38812,-0.37696,23.287,-0.754,-1,425.000,-1,425.000,-1,350.000,325.000,300.000,325.000,-1,-1,-1,-1,925.000,875.000,-1,-1,2,0,2,0,2,0,0,0,0,2,2,2,2,0,0,2,2
113,-5019.780,404.657,33.872,119.373,-0.491646,-0.869760,0.042453,0.870467,-0.489540,0.051353,-0.023882,0.062202,0.997778,0,0.46812,-0.37102,28.087,-0.742,-1,425.000,-1,425.000,-1,325.000,325.000,300.000,325.000,-1,-1,-1,-1,925.000,850.000,-1,-1,2,0,2,0,2,0,0,0,0,2,2,2,2,0,0,2,2
114,-5035.544,433.520,33.047,118.645,-0.480647,-0.875972,0.040625,0.876504,-0.478489,0.052815,-0.026826,0.060993,0.997778,0,0.54812,-0.36386,32.887,-0.728,-1,425.000,-1,400.000,-1,325.000,325.000,300.000,325.000,-1,-1,-1,-1,900.000,850.000,-1,-1,2,0,2,0,2,0,0,0,0,2,2,2,2,0,0,2,2
115,-5053.198,466.817,32.077,117.934,-0.469835,-0.881910,0.038607,0.882242,-0.467622,0.054583,-0.030084,0.059706,0.997763,0,0.62812,-0.35540,37.687,-0.711,-1,425.000,-1,400.000,-1,325.000,325.000,300.000,325.000,-1,-1,-1,-1,900.000,850.000,-1,-1,2,0,2,0,2,0,0,0,0,2,2,2,2,0,0,2,2
116,-5072.646,504.592,30.919,117.243,-0.459256,-0.887551,0.036578,0.887670,-0.456983,0.056636,-0.033552,0.058479,0.997725,0,0.70812,-0.34557,42.487,-0.691,-1,400.000,-1,400.000,-1,325.000,325.000,300.000,325.000,-1,-1,-1,-1,875.000,825.000,-1,-1,2,0,2,0,2,0,0,0,0,2,2,2,2,0,0,2,2
117,-5093.800,546.884,29.319,116.574,-0.448966,-0.892836,0.035689,0.892803,-0.446602,0.058734,-0.036501,0.058233,0.997635,0,0.78812,-0.33430,47.287,-0.669,-1,400.000,-1,400.000,-1,325.000,325.000,300.000,325.000,-1,-1,-1,-1,875.000,825.000,-1,-1,2,0,2,0,2,0,0,0,0,2,2,2,2,0,0,2,2
118,-5116.577,593.727,27.506,115.931,-0.439025,-0.897798,0.034874,0.897601,-0.436556,0.061079,-0.039612,0.058118,0.997524,0,0.86812,-0.32152,52.087,-0.643,-1,400.000,-1,400.000,-1,325.000,325.000,300.000,325.000,-1,-1,-1,-1,850.000,800.000,-1,-1,2,0,2,0,2,0,0,0,0,2,2,2,2,0,0,2,2
119,-5140.204,643.673,25.533,115.317,-0.429488,-0.902426,0.034165,0.902058,-0.426905,0.063583,-0.042794,0.058127,0.997392,0,0.92086,-0.30716,55.252,-0.614,-1,400.000,-1,400.000,-1,325.000,325.000,300.000,325.000,-1,-1,-1,-1,850.000,775.000,-1,-1,2,0,2,0,2,0,0,0,0,2,2,2,2,0,0,2,2
120,-5163.389,694.003,23.500,114.734,-0.420397,-0.906717,0.033617,0.906177,-0.417694,0.066144,-0.045932,0.058270,0.997244,0,0.92355,-0.29160,55.413,-0.583,-1,400.000,-1,400.000,-1,325.000,325.000,300.000,325.000,-1,-1,-1,-1,850.000,750.000,-1,-1,2,0,2,0,2,0,0,0,0,2,2,2,2,0,0,2,2
121,-5186.130,744.647,21.277,114.183,-0.411738,-0.910708,0.032914,0.910005,-0.408958,0.068145,-0.048600,0.058009,0.997132,0,0.92525,-0.27562,55.515,-0.551,-1,400.000,-1,400.000,-1,325.000,325.000,325.000,325.000,-1,-1,-1,-1,825.000,750.000,-1,-1,2,0,2,0,2,0,0,0,0,2,2,2,2,0,0,2,2
122,-5208.428,795.533,18.593,113.664,-0.403457,-0.914466,0.031234,0.913618,-0.400739,0.068630,-0.050243,0.056225,0.997153,0,0.92594,-0.25931,55.557,-0.519,-1,400.000,-1,400.000,-1,325.000,325.000,325.000,325.000,-1,-1,-1,-1,825.000,725.000,-1,-1,2,0,2,0,2,0,0,0,0,2,2,2,2,0,0,2,2
123,-5232.242,850.605,15.531,113.385,-0.398970,-0.916505,0.029020,0.915486,-0.396331,0.069330,-0.052039,0.054228,0.997172,0,1.00000,-0.13931,60.000,-0.279,-1,400.000,-1,400.000,-1,325.000,325.000,325.000,300.000,-1,-1,-1,-1,800.000,725.000,-1,-1,2,0,2,0,2,0,0,0,0,2,2,2,2,0,0,2,2
124,-5256.019,905.693,12.433,113.347,-0.398315,-0.916853,0.026959,0.915685,-0.395748,0.070038,-0.053545,0.052583,0.997180,0,1.00000,-0.01931,60.000,-0.039,-1,400.000,-1,400.000,-1,325.000,325.000,325.000,300.000,-1,-1,-1,-1,800.000,700.000,-1,-1,2,0,2,0,2,0,0,0,0,2,2,2,2,0,0,2,2
125,-5279.989,960.697,9.239,113.548,-0.401506,-0.915505,0.025377,0.914230,-0.398989,0.070647,-0.054553,0.051565,0.997179,0,1.00000,0.10069,60.000,0.201,-1,400.000,-1,400.000,-1,325.000,325.000,325.000,300.000,-1,-1,-1,-1,775.000,700.000,-1,-1,2,0,2,0,2,0,0,0,0,2,2,2,2,0,0,2,2
126,-5304.383,1015.514,5.906,113.990,-0.408536,-0.912413,0.024510,0.911089,-0.406034,0.071088,-0.054910,0.051373,0.997169,0,1.00000,0.22069,60.000,0.441,-1,400.000,-1,375.000,1000.000,325.000,325.000,325.000,300.000,-1,-1,-1,-1,775.000,700.000,-1,-1,2,0,2,0,1,0,0,0,0,2,2,2,2,0,0,2,2
127,-5329.428,1070.037,2.594,114.671,-0.419350,-0.907516,0.023684,0.906154,-0.416854,0.071544,-0.055055,0.051463,0.997156,0,1.00000,0.34069,60.000,0.681,-1,400.000,-1,375.000,950.000,325.000,325.000,325.000,300.000,-1,-1,-1,-1,775.000,675.000,-1,975.000,2,0,2,0,1,0,0,0,0,2,2,2,2,0,0,2,1
128,-5355.346,1124.150,-0.684,115.592,-0.433884,-0.900678,0.022893,0.899289,-0.431385,0.072017,-0.054988,0.051834,0.997141,0,1.00000,0.46069,60.000,0.921,-1,400.000,-1,375.000,875.000,325.000,325.000,325.000,300.000,-1,-1,-1,-1,750.000,675.000,-1,925.000,2,0,2,0,1,0,0,0,0,2,2,2,2,0,0,2,1
129,-5382.356,1177.727,-3.911,116.754,-0.452048,-0.891720,0.022114,0.890314,-0.449537,0.072511,-0.054719,0.052467,0.997122,0,1.00000,0.58069,60.000,1.161,-1,400.000,-1,375.000,825.000,325.000,325.000,300.000,300.000,-1,-1,-1,-1,750.000,675.000,-1,875.000,2,0,2,0,1,0,0,0,0,2,2,2,2,0,0,2,1
130,-5410.668,1230.627,-7.073,118.155,-0.473719,-0.880418,0.021337,0.879004,-0.471188,0.073030,-0.054243,0.053351,0.997101,0,1.00000,0.70069,60.000,1.401,-1,400.000,-1,375.000,775.000,325.000,300.000,300.000,300.000,-1,-1,-1,-1,750.000,650.000,-1,825.000,2,0,2,0,1,0,0,0,0,2,2,2,2,0,0,2,1
131,-5440.284,1282.807,-9.730,119.578,-0.495331,-0.868477,0.019849,0.867122,-0.492922,0.071607,-0.052405,0.052680,0.997235,0,1.00000,0.71141,60.000,1.423,-1,400.000,-1,375.000,725.000,325.000,300.000,300.000,300.000,-1,-1,-1,-1,750.000,675.000,-1,800.000,2,0,2,0,1,0,0,0,0,2,2,2,2,0,0,2,1
132,-5471.201,1334.228,-12.287,121.017,-0.516888,-0.855854,0.018470,0.854568,-0.514601,0.069994,-0.050400,0.051963,0.997376,0,1.00000,0.71970,60.000,1.439,-1,400.000,-1,375.000,700.000,325.000,300.000,300.000,300.000,-1,-1,-1,-1,-1,675.000,-1,750.000,2,0,2,0,1,0,0,0,0,2,2,2,2,2,1,2,1
133,-5503.347,1384.889,-14.814,122.395,-0.537235,-0.843255,0.017325,0.842037,-0.535052,0.068514,-0.048505,0.051396,0.997500,0,1.00000,0.68906,60.000,1.378,-1,400.000,-1,375.000,650.000,325.000,300.000,300.000,300.000,-1,-1,-1,-1,-1,650.000,-1,700.000,2,0,2,0,1,0,0,0,0,2,2,2,2,2,1,2,1
134,-5536.718,1434.752,-17.384,123.793,-0.557557,-0.829979,0.016290,0.828840,-0.555481,0.066817,-0.046408,0.050756,0.997632,0,1.00000,0.69891,60.000,1.398,-1,400.000,-1,375.000,625.000,325.000,300.000,300.000,300.000,-1,-1,-1,-1,-1,625.000,-1,675.000,2,0,2,0,1,0,0,0,0,2,2,2,2,2,1,2,1
135,-5571.313,1483.774,-20.009,125.211,-0.577824,-0.816017,0.015369,0.814971,-0.575862,0.064851,-0.044069,0.049997,0.997777,0,1.00000,0.70865,60.000,1.417,-1,400.000,-1,375.000,575.000,325.000,300.000,300.000,300.000,-1,-1,-1,-1,-1,600.000,-1,625.000,2,0,2,0,1,0,0,0,0,2,2,2,2,2,1,2,1
136,-5607.126,1531.913,-22.597,126.647,-0.598023,-0.801344,0.014702,0.800389,-0.596154,0.063069,-0.041775,0.049484,0.997901,0,1.00000,0.71828,60.000,1.437,-1,400.000,-1,375.000,550.000,325.000,325.000,300.000,300.000,-1,-1,-1,-1,-1,575.000,-1,575.000,2,0,2,0,1,0,0,0,0,2,2,2,2,2,1,2,1
137,-5644.150,1579.127,-25.008,128.103,-0.618132,-0.785932,0.014945,0.785103,-0.616311,0.061434,-0.039072,0.049708,0.997999,0,1.00000,0.72783,60.000,1.456,-1,400.000,-1,375.000,500.000,325.000,325.000,300.000,300.000,-1,-1,-1,-1,-1,550.000,-1,550.000,2,0,2,0,1,0,0,0,0,2,2,2,2,2,1,2,1
138,-5682.378,1625.372,-27.350,129.577,-0.638106,-0.769793,0.015484,0.769091,-0.636317,0.059995,-0.036331,0.050192,0.998079,0,1.00000,0.73732,60.000,1.475,-1,-1,-1,375.000,450.000,325.000,325.000,300.000,300.000,-1,-1,-1,-1,-1,525.000,-1,500.000,2,2,2,0,1,0,0,0,0,2,2,2,2,2,1,2,1
