timestep,x_cm,y_cm,z_cm,yaw_deg,basis_xx,basis_xy,basis_xz,basis_yx,basis_yy,basis_yz,basis_zx,basis_zy,basis_zz,teleport_flag,throttle_cmd,steering_cmd,cmd_move_cm,cmd_turn_deg,lidar_cm_0,lidar_cm_1,lidar_cm_2,lidar_cm_3,lidar_cm_4,lidar_cm_5,lidar_cm_6,lidar_cm_7,lidar_cm_8,lidar_cm_9,lidar_cm_10,lidar_cm_11,lidar_cm_12,lidar_cm_13,lidar_cm_14,lidar_cm_15,lidar_cm_16,lidar_class_0,lidar_class_1,lidar_class_2,lidar_class_3,lidar_class_4,lidar_class_5,lidar_class_6,lidar_class_7,lidar_class_8,lidar_class_9,lidar_class_10,lidar_class_11,lidar_class_12,lidar_class_13,lidar_class_14,lidar_class_15,lidar_class_16
0,987.088,8195.564,-487.241,-48.403,0.664182,0.747561,-0.003896,-0.747164,0.663639,-0.036449,-0.024662,0.027120,0.999328,1,0.08000,0.12000,4.800,0.240,-1,375.000,-1,375.000,-1,300.000,300.000,300.000,300.000,-1,700.000,650.000,-1,675.000,700.000,-1,-1,2,0,2,0,2,0,0,0,0,2,0,0,2,0,0,2,2
1,993.521,8188.439,-487.462,-47.923,0.670420,0.741971,-0.004089,-0.741589,0.669875,-0.036240,-0.024149,0.027329,0.999335,0,0.16000,0.24000,9.600,0.480,-1,375.000,-1,375.000,-1,300.000,300.000,300.000,300.000,-1,700.000,650.000,-1,675.000,700.000,-1,-1,2,0,2,0,2,0,0,0,0,2,0,0,2,0,0,2,2
2,1003.304,8177.873,-487.786,-47.203,0.679688,0.733488,-0.004382,-0.733129,0.679140,-0.035924,-0.023374,0.027630,0.999345,0,0.24000,0.36000,14.400,0.720,-1,375.000,-1,375.000,-1,300.000,300.000,300.000,300.000,-1,675.000,650.000,-1,675.000,700.000,-1,-1,2,0,2,0,2,0,0,0,0,2,0,0,2,0,0,2,2
3,1016.583,8164.005,-488.192,-46.243,0.691878,0.721998,-0.004785,-0.721668,0.691326,-0.035553,-0.022361,0.028051,0.999356,0,0.32000,0.48000,19.200,0.960,-1,375.000,-1,375.000,-1,300.000,300.000,300.000,325.000,-1,675.000,650.000,-1,675.000,700.000,-1,-1,2,0,2,0,2,0,0,0,0,2,0,0,2,0,0,2,2
4,1033.541,8147.022,-488.675,-45.043,0.706841,0.707352,-0.005293,-0.707058,0.706285,-0.035087,-0.021081,0.028543,0.999370,0,0.40000,0.60000,24.000,1.200,-1,375.000,-1,375.000,-1,300.000,300.000,300.000,325.000,-1,650.000,650.000,-1,675.000,700.000,-1,-1,2,0,2,0,2,0,0,0,0,2,0,0,2,0,0,2,2
5,1054.396,8127.160,-489.214,-43.603,0.724386,0.689370,-0.005878,-0.689118,0.723827,-0.034522,-0.019544,0.029058,0.999387,0,0.48000,0.72000,28.800,1.440,-1,375.000,-1,375.000,-1,300.000,300.000,300.000,325.000,-1,650.000,625.000,-1,675.000,675.000,-1,-1,2,0,2,0,2,0,0,0,0,2,0,0,2,0,0,2,2
6,1079.396,8104.711,-489.792,-41.923,0.744274,0.667842,-0.006564,-0.667639,0.743715,-0.033861,-0.017732,0.029584,0.999405,0,0.56000,0.84000,33.600,1.680,-1,375.000,-1,375.000,-1,300.000,300.000,300.000,325.000,-1,625.000,625.000,-1,675.000,675.000,-1,-1,2,0,2,0,2,0,0,0,0,2,0,0,2,0,0,2,2
7,1108.767,8079.975,-490.390,-40.105,0.765075,0.643899,-0.007354,-0.643749,0.764520,-0.033110,-0.015697,0.030066,0.999425,0,0.64000,0.90915,38.400,1.818,-1,375.000,-1,375.000,-1,300.000,300.000,300.000,325.000,-1,625.000,625.000,-1,675.000,675.000,-1,-1,2,0,2,0,2,0,0,0,0,2,0,0,2,0,0,2,2
8,1139.143,8055.997,-490.927,-38.287,0.785105,0.619309,-0.008154,-0.619212,0.784557,-0.032357,-0.013642,0.030452,0.999443,0,0.64500,0.90916,38.700,1.818,-1,375.000,-1,375.000,-1,300.000,300.000,300.000,325.000,-1,600.000,625.000,-1,675.000,675.000,-1,-1,2,0,2,0,2,0,0,0,0,2,0,0,2,0,0,2,2
9,1170.278,8032.985,-491.398,-36.468,0.804344,0.594096,-0.008954,-0.594051,0.803806,-0.031607,-0.011580,0.030743,0.999460,0,0.64527,0.90921,38.716,1.818,-1,375.000,-1,375.000,-1,300.000,300.000,300.000,325.000,-1,600.000,625.000,-1,675.000,675.000,-1,-1,2,0,2,0,2,0,0,0,0,2,0,0,2,0,0,2,2
10,1202.141,8010.964,-491.805,-34.650,0.822774,0.568285,-0.009755,-0.568289,0.822250,-0.030865,-0.009519,0.030938,0.999476,0,0.64554,0.90929,38.732,1.819,-1,375.000,-1,375.000,-1,300.000,300.000,300.000,325.000,-1,600.000,600.000,-1,675.000,675.000,-1,-1,2,0,2,0,2,0,0,0,0,2,0,0,2,0,0,2,2
11,1234.700,7989.956,-492.096,-32.831,0.840376,0.541895,-0.010809,-0.541954,0.839865,-0.030218,-0.007297,0.031252,0.999485,0,0.64581,0.90941,38.749,1.819,-1,375.000,-1,375.000,-1,300.000,300.000,300.000,325.000,-1,575.000,600.000,-1,675.000,675.000,-1,-1,2,0,2,0,2,0,0,0,0,2,0,0,2,0,0,2,2
12,1267.924,7969.984,-492.262,-31.012,0.857132,0.514953,-0.012153,-0.515074,0.856631,-0.029710,-0.004888,0.031725,0.999485,0,0.64608,0.90958,38.765,1.819,-1,375.000,-1,375.000,-1,300.000,300.000,325.000,325.000,-1,575.000,600.000,-1,675.000,650.000,-1,-1,2,0,2,0,2,0,0,0,0,2,0,0,2,0,0,2,2
13,1301.780,7951.069,-492.366,-29.192,0.873026,0.487488,-0.013480,-0.487668,0.872539,-0.029252,-0.002498,0.032111,0.999481,0,0.64636,0.90977,38.782,1.820,-1,375.000,-1,375.000,-1,300.000,300.000,325.000,300.000,-1,550.000,600.000,-1,700.000,650.000,-1,-1,2,0,2,0,2,0,0,0,0,2,0,0,2,0,0,2,2
14,1336.235,7933.231,-492.408,-27.372,0.888041,0.459526,-0.014784,-0.459764,0.887573,-0.028846,-0.000133,0.032413,0.999475,0,0.64665,0.91001,38.799,1.820,-1,375.000,-1,375.000,-1,300.000,300.000,325.000,300.000,-1,550.000,575.000,-1,700.000,650.000,-1,-1,2,0,2,0,2,0,0,0,0,2,0,0,2,0,0,2,2
15,1371.255,7916.489,-492.391,-25.552,0.902164,0.431093,-0.016061,-0.431387,0.901717,-0.028493,0.002199,0.032634,0.999465,0,0.64694,0.91028,38.816,1.821,-1,375.000,-1,375.000,-1,300.000,300.000,325.000,300.000,-1,550.000,575.000,-1,675.000,650.000,-1,-1,2,0,2,0,2,0,0,0,0,2,0,0,2,0,0,2,2
16,1406.805,7900.862,-492.238,-23.730,0.915385,0.402221,-0.016981,-0.402556,0.914966,-0.028024,0.004265,0.032488,0.999463,0,0.64723,0.91059,38.834,1.821,-1,375.000,-1,375.000,-1,300.000,300.000,325.000,300.000,-1,550.000,600.000,-1,675.000,650.000,-1,-1,2,0,2,0,2,0,0,0,0,2,0,0,2,0,0,2,2
17,1442.851,7886.365,-491.942,-21.908,0.927685,0.372935,-0.017877,-0.373308,0.927307,-0.027244,0.006417,0.031948,0.999469,0,0.64753,0.91094,38.852,1.822,-1,375.000,-1,375.000,-1,300.000,300.000,325.000,300.000,-1,550.000,600.000,-1,675.000,650.000,-1,-1,2,0,2,0,2,0,0,0,0,2,0,0,2,0,0,2,2
18,1479.357,7873.016,-491.457,-20.086,0.939048,0.343265,-0.018952,-0.343672,0.938733,-0.025892,0.008903,0.030827,0.999485,0,0.64784,0.91132,38.871,1.823,-1,375.000,-1,375.000,-1,300.000,300.000,325.000,300.000,-1,550.000,600.000,-1,675.000,650.000,-1,-1,2,0,2,0,2,0,0,0,0,2,0,0,2,0,0,2,2
19,1516.288,7860.828,-490.920,-18.262,0.949466,0.313231,-0.020034,-0.313667,0.949214,-0.024596,0.011312,0.029638,0.999497,0,0.64816,0.91174,38.890,1.823,-1,375.000,-1,375.000,-1,300.000,300.000,325.000,300.000,-1,550.000,600.000,-1,675.000,650.000,-1,-1,2,0,2,0,2,0,0,0,0,2,0,0,2,0,0,2,2
20,1558.140,7848.289,-490.258,-16.679,0.957727,0.286892,-0.021269,-0.287353,0.957544,-0.023201,0.013710,0.028332,0.999505,0,0.72816,0.79174,43.690,1.583,-1,375.000,-1,375.000,-1,300.000,300.000,325.000,300.000,-1,550.000,600.000,-1,675.000,650.000,-1,-1,2,0,2,0,2,0,0,0,0,2,0,0,2,0,0,2,2
21,1604.903,7835.464,-489.448,-15.335,0.964155,0.264372,-0.022620,-0.264852,0.964043,-0.021778,0.016049,0.026988,0.999507,0,0.80816,0.67174,48.490,1.343,-1,375.000,-1,375.000,-1,325.000,300.000,300.000,300.000,-1,550.000,600.000,-1,675.000,650.000,-1,-1,2,0,2,0,2,0,0,0,0,2,0,0,2,0,0,2,2
22,1656.557,7822.363,-488.499,-14.232,0.969029,0.245767,-0.024110,-0.246261,0.968992,-0.020246,0.018387,0.025557,0.999504,0,0.88816,0.55174,53.290,1.103,-1,375.000,-1,375.000,-1,325.000,300.000,300.000,300.000,-1,550.000,600.000,-1,675.000,650.000,-1,-1,2,0,2,0,2,0,0,0,0,2,0,0,2,0,0,2,2
23,1712.273,7809.122,-487.422,-13.368,0.972580,0.231145,-0.025715,-0.231647,0.972622,-0.018620,0.020707,0.024066,0.999496,0,0.95446,0.43174,57.268,0.863,-1,375.000,-1,375.000,-1,325.000,300.000,300.000,300.000,-1,525.000,600.000,-1,675.000,650.000,-1,-1,2,0,2,0,2,0,0,0,0,2,0,0,2,0,0,2,2
24,1768.105,7796.493,-486.296,-12.745,0.974992,0.220555,-0.027320,-0.221058,0.975112,-0.017003,0.022890,0.022617,0.999482,0,0.95404,0.31174,57.242,0.623,-1,375.000,-1,375.000,-1,300.000,300.000,300.000,300.000,-1,525.000,600.000,-1,675.000,625.000,-1,-1,2,0,2,0,2,0,0,0,0,2,0,0,2,0,0,2,2
25,1823.987,7784.246,-485.126,-12.361,0.976399,0.214030,-0.028925,-0.214529,0.976597,-0.015376,0.024957,0.021219,0.999463,0,0.95347,0.19174,57.208,0.383,-1,375.000,-1,375.000,-1,300.000,300.000,300.000,300.000,-1,500.000,600.000,-1,650.000,625.000,-1,-1,2,0,2,0,2,0,0,0,0,2,0,0,2,0,0,2,2
26,1879.857,7772.147,-483.920,-12.218,0.976882,0.211589,-0.030531,-0.212077,0.977157,-0.013720,0.026931,0.019878,0.999440,0,0.95274,0.07174,57.165,0.143,-1,375.000,-1,375.000,-1,300.000,300.000,300.000,300.000,-1,475.000,575.000,-1,650.000,625.000,-1,-1,2,0,2,0,2,0,0,0,0,2,0,0,2,0,0,2,2
27,1935.656,7759.967,-482.405,-12.314,0.976466,0.213235,-0.032314,-0.213743,0.976802,-0.013129,0.028765,0.019727,0.999392,0,0.95188,-0.04826,57.113,-0.097,-1,375.000,-1,350.000,-1,300.000,300.000,300.000,300.000,-1,475.000,550.000,-1,650.000,625.000,-1,-1,2,0,2,0,2,0,0,0,0,2,0,0,2,0,0,2,2
28,1986.793,7748.938,-480.633,-12.171,0.976902,0.210783,-0.035100,-0.211370,0.977308,-0.013888,0.031377,0.020986,0.999287,0,0.87188,0.07174,52.313,0.143,-1,375.000,-1,350.000,-1,300.000,300.000,325.000,300.000,-1,450.000,525.000,-1,650.000,625.000,-1,-1,2,0,2,0,2,0,0,0,0,2,0,0,2,0,0,2,2
29,2033.304,7739.232,-478.852,-11.787,0.978212,0.204235,-0.037266,-0.204871,0.978688,-0.014063,0.033599,0.021391,0.999206,0,0.79188,0.19174,47.513,0.383,-1,375.000,-1,350.000,-1,300.000,300.000,325.000,300.000,-1,450.000,500.000,-1,650.000,625.000,-1,-1,2,0,2,0,2,0,0,0,0,2,0,0,2,0,0,2,2
30,2075.208,7730.962,-476.844,-11.164,0.980283,0.193579,-0.039665,-0.194208,0.980879,-0.012652,0.036457,0.020106,0.999133,0,0.71188,0.31174,42.713,0.623,-1,375.000,-1,350.000,-1,300.000,300.000,325.000,300.000,-1,450.000,500.000,-1,650.000,625.000,-1,-1,2,0,2,0,2,0,0,0,0,2,0,0,2,0,0,2,2
31,2112.510,7724.183,-475.037,-10.301,0.983003,0.178780,-0.041738,-0.179393,0.983711,-0.011405,0.039020,0.018698,0.999063,0,0.63188,0.43174,37.913,0.863,-1,375.000,-1,350.000,-1,300.000,300.000,325.000,300.000,-1,425.000,475.000,-1,675.000,625.000,-1,-1,2,0,2,0,2,0,0,0,0,2,0,0,2,0,0,2,2
32,2145.197,7718.890,-473.417,-9.197,0.986193,0.159806,-0.043421,-0.160389,0.987000,-0.010265,0.041216,0.017087,0.999004,0,0.55188,0.55174,33.113,1.103,-1,375.000,-1,375.000,-1,300.000,300.000,325.000,300.000,-1,425.000,475.000,-1,675.000,650.000,-1,-1,2,0,2,0,2,0,0,0,0,2,0,0,2,0,0,2,2
33,2173.244,7715.021,-472.019,-7.854,0.989609,0.136625,-0.044818,-0.137171,0.990504,-0.009319,0.043119,0.015370,0.998952,0,0.47188,0.67174,28.313,1.343,-1,375.000,-1,375.000,-1,300.000,300.000,325.000,300.000,-1,425.000,475.000,-1,675.000,650.000,-1,-1,2,0,2,0,2,0,0,0,0,2,0,0,2,0,0,2,2
34,2196.616,7712.452,-470.851,-6.270,0.992958,0.109205,-0.045929,-0.109707,0.993927,-0.008563,0.044715,0.013542,0.998908,0,0.39188,0.79174,23.513,1.583,-1,375.000,-1,375.000,-1,300.000,300.000,325.000,300.000,-1,425.000,500.000,-1,675.000,650.000,-1,-1,2,0,2,0,2,0,0,0,0,2,0,0,2,0,0,2,2
35,2215.271,7710.978,-469.919,-4.518,0.995796,0.078766,-0.046764,-0.079223,0.996825,-0.007987,0.045987,0.011659,0.998874,0,0.31188,0.87604,18.713,1.752,-1,375.000,-1,375.000,-1,300.000,300.000,325.000,300.000,-1,450.000,500.000,-1,675.000,650.000,-1,-1,2,0,2,0,2,0,0,0,0,2,0,0,2,0,0,2,2
36,2229.167,7710.306,-469.228,-2.766,0.997713,0.048254,-0.047340,-0.048666,0.998786,-0.007577,0.046917,0.009864,0.998850,0,0.23188,0.87599,13.913,1.752,-1,375.000,-1,375.000,-1,300.000,300.000,325.000,300.000,-1,450.000,525.000,-1,675.000,650.000,-1,-1,2,0,2,0,2,0,0,0,0,2,0,0,2,0,0,2,2
37,2238.279,7710.145,-468.784,-1.014,0.998707,0.017696,-0.047657,-0.018064,0.999810,-0.007304,0.047519,0.008156,0.998837,0,0.15188,0.87599,9.113,1.752,-1,375.000,-1,375.000,-1,300.000,300.000,325.000,300.000,-1,475.000,550.000,-1,675.000,650.000,-1,-1,2,0,2,0,2,0,0,0,0,2,0,0,2,0,0,2,2
38,2242.591,7710.200,-468.586,0.738,0.998778,-0.012880,-0.047718,0.012553,0.999896,-0.007142,0.047805,0.006534,0.998835,0,0.07188,0.87600,4.313,1.752,-1,375.000,-1,375.000,-1,300.000,300.000,325.000,300.000,-1,475.000,575.000,-1,700.000,650.000,-1,-1,2,0,2,0,2,0,0,0,0,2,0,0,2,0,0,2,2
39,2242.104,7710.179,-468.639,2.490,0.997925,-0.043445,-0.047529,0.043158,0.999043,-0.007060,0.047790,0.004994,0.998845,0,-0.00812,0.87602,-0.487,1.752,-1,375.000,-1,375.000,-1,300.000,300.000,325.000,300.000,-1,500.000,600.000,-1,700.000,650.000,-1,-1,2,0,2,0,2,0,0,0,0,2,0,0,2,0,0,2,2
40,2236.831,7709.787,-468.941,4.242,0.996148,-0.073970,-0.047096,0.073720,0.997254,-0.007031,0.047487,0.003532,0.998866,0,-0.08812,0.87601,-5.287,1.752,-1,375.000,-1,375.000,-1,300.000,300.000,325.000,300.000,-1,525.000,625.000,-1,700.000,650.000,-1,-1,2,0,2,0,2,0,0,0,0,2,0,0,2,0,0,2,2
41,2226.799,7708.734,-469.494,5.994,0.993448,-0.104424,-0.046430,0.104209,0.994531,-0.007026,0.046910,0.002141,0.998897,0,-0.16812,0.87596,-10.087,1.752,-1,375.000,-1,375.000,-1,300.000,300.000,325.000,300.000,-1,550.000,675.000,-1,700.000,650.000,-1,-1,2,0,2,0,2,0,0,0,0,2,0,0,2,0,0,2,2
42,2212.047,7706.727,-470.298,7.746,0.989829,-0.134776,-0.045545,0.134596,0.990876,-0.007017,0.046075,0.000815,0.998938,0,-0.24812,0.87584,-14.887,1.752,-1,375.000,-1,375.000,-1,300.000,300.000,300.000,300.000,-1,575.000,725.000,-1,700.000,650.000,-1,-1,2,0,2,0,2,0,0,0,0,2,0,0,2,0,0,2,2
43,2192.630,7703.479,-471.353,9.497,0.985292,-0.164994,-0.044458,0.164847,0.986295,-0.006976,0.044999,-0.000455,0.998987,0,-0.32812,0.87560,-19.687,1.751,-1,375.000,-1,375.000,-1,300.000,300.000,300.000,300.000,-1,625.000,800.000,-1,700.000,650.000,-1,-1,2,0,2,0,2,0,0,0,0,2,0,0,2,0,0,2,2
44,2168.612,7698.703,-472.659,11.247,0.979843,-0.195044,-0.043187,0.194930,0.980793,-0.006876,0.043698,-0.001681,0.999043,0,-0.40812,0.87523,-24.487,1.750,-1,375.000,-1,375.000,-1,300.000,300.000,300.000,300.000,-1,700.000,925.000,-1,700.000,650.000,-1,-1,2,0,2,0,2,0,0,0,0,2,0,0,2,0,0,2,2
45,2143.901,7692.999,-474.018,12.997,0.973481,-0.224893,-0.041934,0.224813,0.974379,-0.006683,0.042362,-0.002922,0.999098,0,-0.42269,0.87467,-25.361,1.749,-1,375.000,-1,375.000,-1,300.000,300.000,300.000,300.000,-1,800.000,-1,-1,700.000,650.000,-1,-1,2,0,2,0,2,0,0,0,0,2,0,2,2,0,0,2,2
46,2119.433,7686.559,-475.380,14.745,0.966211,-0.254509,-0.040749,0.254464,0.967061,-0.006393,0.041033,-0.004192,0.999149,0,-0.42169,0.87399,-25.301,1.748,-1,375.000,-1,375.000,-1,300.000,300.000,300.000,300.000,-1,925.000,-1,-1,700.000,650.000,-1,-1,2,0,2,0,2,0,0,0,0,2,0,2,2,0,0,2,2
47,2095.224,7679.393,-476.747,16.491,0.958047,-0.283858,-0.039637,0.283848,0.958851,-0.006010,0.039712,-0.005493,0.999196,0,-0.42079,0.87311,-25.247,1.746,-1,375.000,-1,375.000,-1,300.000,300.000,300.000,300.000,-1,-1,-1,-1,700.000,650.000,-1,-1,2,0,2,0,2,0,0,0,0,2,2,2,2,0,0,2,2
48,2071.289,7671.508,-478.114,18.233,0.949009,-0.312877,-0.038610,0.312902,0.949769,-0.005549,0.038406,-0.006815,0.999239,0,-0.41999,0.87113,-25.200,1.742,-1,375.000,-1,375.000,-1,300.000,300.000,300.000,300.000,-1,-1,-1,-1,700.000,650.000,-1,-1,2,0,2,0,2,0,0,0,0,2,2,2,2,0,0,2,2
49,2047.644,7662.915,-479.191,19.971,0.939091,-0.341543,-0.038161,0.341553,0.939840,-0.006459,0.038072,-0.006968,0.999251,0,-0.41931,0.86915,-25.159,1.738,-1,375.000,-1,375.000,-1,300.000,300.000,300.000,300.000,-1,-1,-1,-1,700.000,650.000,-1,-1,2,0,2,0,2,0,0,0,0,2,2,2,2,0,0,2,2
50,2024.300,7653.623,-480.221,21.706,0.928340,-0.369831,-0.037539,0.369823,0.929073,-0.007410,0.037617,-0.007004,0.999268,0,-0.41874,0.86716,-25.125,1.734,-1,375.000,-1,375.000,-1,300.000,300.000,300.000,300.000,-1,-1,-1,-1,700.000,650.000,-1,-1,2,0,2,0,2,0,0,0,0,2,2,2,2,0,0,2,2
51,2001.272,7643.641,-481.206,23.436,0.916775,-0.397717,-0.036677,0.397687,0.917482,-0.008418,0.036998,-0.006869,0.999292,0,-0.41830,0.86519,-25.098,1.730,-1,375.000,-1,375.000,-1,300.000,300.000,300.000,300.000,-1,-1,-1,-1,725.000,650.000,-1,-1,2,0,2,0,2,0,0,0,0,2,2,2,2,0,0,2,2
52,1978.573,7632.978,-482.201,25.163,0.904400,-0.425179,-0.035812,0.425131,0.905084,-0.009339,0.036383,-0.006778,0.999315,0,-0.41799,0.86324,-25.080,1.726,-1,375.000,-1,375.000,-1,325.000,300.000,300.000,300.000,-1,-1,-1,-1,725.000,650.000,-1,-1,2,0,2,0,2,0,0,0,0,2,2,2,2,0,0,2,2
53,1960.447,7623.882,-483.011,26.649,0.893085,-0.448515,-0.035121,0.448455,0.893749,-0.010016,0.035882,-0.006805,0.999333,0,-0.33799,0.74324,-20.280,1.486,-1,400.000,-1,375.000,-1,325.000,300.000,300.000,300.000,-1,-1,-1,-1,725.000,650.000,-1,-1,2,0,2,0,2,0,0,0,0,2,2,2,2,0,0,2,2
54,1946.767,7616.639,-483.632,27.896,0.883130,-0.467851,-0.034606,0.467784,0.883780,-0.010485,0.035490,-0.006928,0.999346,0,-0.25799,0.62324,-15.480,1.246,-1,400.000,-1,375.000,-1,325.000,300.000,300.000,300.000,-1,-1,-1,-1,725.000,650.000,-1,-1,2,0,2,0,2,0,0,0,0,2,2,2,2,0,0,2,2
55,1937.417,7611.478,-484.060,28.902,0.874783,-0.483302,-0.034266,0.483234,0.875425,-0.010777,0.035206,-0.007131,0.999355,0,-0.17799,0.50324,-10.680,1.006,-1,400.000,-1,375.000,-1,325.000,300.000,300.000,300.000,-1,-1,-1,-1,725.000,650.000,-1,-1,2,0,2,0,2,0,0,0,0,2,2,2,2,0,0,2,2
56,1932.308,7608.568,-484.292,29.669,0.868242,-0.494969,-0.034097,0.494904,0.868879,-0.010913,0.035028,-0.007400,0.999359,0,-0.09799,0.38324,-5.880,0.766,-1,400.000,-1,375.000,-1,325.000,300.000,300.000,300.000,-1,-1,-1,-1,725.000,650.000,-1,-1,2,0,2,0,2,0,0,0,0,2,2,2,2,0,0,2,2
57,1931.375,7608.025,-484.329,30.195,0.863654,-0.502930,-0.034099,0.502872,0.864292,-0.010909,0.034958,-0.007726,0.999359,0,-0.01799,0.26324,-1.080,0.526,-1,400.000,-1,375.000,-1,325.000,300.000,300.000,300.000,-1,-1,-1,-1,725.000,650.000,-1,-1,2,0,2,0,2,0,0,0,0,2,2,2,2,0,0,2,2
58,1934.582,7609.912,-484.169,30.482,0.861121,-0.507244,-0.034269,0.507195,0.861764,-0.010774,0.034997,-0.008104,0.999355,0,0.06201,0.14324,3.720,0.286,-1,400.000,-1,375.000,-1,325.000,300.000,300.000,300.000,-1,-1,-1,-1,725.000,675.000,-1,-1,2,0,2,0,2,0,0,0,0,2,2,2,2,0,0,2,2
59,1941.921,7614.240,-483.814,30.528,0.860696,-0.507942,-0.034608,0.507905,0.861349,-0.010508,0.035147,-0.008534,0.999346,0,0.14201,0.02324,8.520,0.046,-1,400.000,-1,375.000,-1,325.000,300.000,300.000,300.000,-1,-1,-1,-1,725.000,675.000,-1,-1,2,0,2,0,2,0,0,0,0,2,2,2,2,0,0,2,2
60,1953.418,7620.967,-483.265,30.335,0.862389,-0.505027,-0.035118,0.505007,0.863056,-0.010105,0.035412,-0.009020,0.999332,0,0.22201,-0.09676,13.320,-0.194,-1,400.000,-1,375.000,-1,325.000,300.000,300.000,300.000,-1,-1,-1,-1,725.000,675.000,-1,-1,2,0,2,0,2,0,0,0,0,2,2,2,2,0,0,2,2
61,1969.126,7630.001,-482.525,29.901,0.866161,-0.498480,-0.035802,0.498481,0.866848,-0.009552,0.035796,-0.009572,0.999313,0,0.30201,-0.21676,18.120,-0.434,-1,400.000,-1,375.000,-1,325.000,300.000,300.000,300.000,-1,-1,-1,-1,725.000,675.000,-1,-1,2,0,2,0,2,0,0,0,0,2,2,2,2,0,0,2,2
62,1989.129,7641.192,-481.598,29.228,0.871932,-0.488253,-0.036662,0.488280,0.872642,-0.008829,0.036303,-0.010203,0.999289,0,0.38201,-0.33676,22.920,-0.674,-1,400.000,-1,375.000,-1,325.000,300.000,300.000,300.000,-1,-1,-1,-1,725.000,675.000,-1,-1,2,0,2,0,2,0,0,0,0,2,2,2,2,0,0,2,2
63,2013.533,7654.340,-480.488,28.314,0.879569,-0.474275,-0.037702,0.474335,0.880309,-0.007906,0.036939,-0.010929,0.999258,0,0.46201,-0.45676,27.720,-0.914,-1,375.000,-1,375.000,-1,325.000,300.000,300.000,300.000,-1,-1,-1,-1,725.000,675.000,-1,-1,2,0,2,0,2,0,0,0,0,2,2,2,2,0,0,2,2
64,2042.467,7669.185,-479.201,27.160,0.888896,-0.456453,-0.038925,0.456555,0.889670,-0.006749,0.037711,-0.011772,0.999219,0,0.54201,-0.57676,32.520,-1.154,-1,375.000,-1,375.000,-1,325.000,300.000,300.000,300.000,-1,-1,-1,-1,725.000,650.000,-1,-1,2,0,2,0,2,0,0,0,0,2,2,2,2,0,0,2,2
65,2076.077,7685.409,-477.633,25.767,0.899704,-0.434679,-0.039824,0.434818,0.900501,-0.005560,0.038278,-0.012314,0.999191,0,0.62201,-0.69676,37.320,-1.394,-1,375.000,-1,375.000,-1,300.000,300.000,300.000,300.000,-1,-1,-1,-1,725.000,650.000,-1,-1,2,0,2,0,2,0,0,0,0,2,2,2,2,0,0,2,2
66,2114.502,7702.660,-475.822,24.178,0.911377,-0.409547,-0.040793,0.409721,0.912200,-0.004373,0.039002,-0.012729,0.999158,0,0.70201,-0.79427,42.120,-1.589,-1,375.000,-1,375.000,-1,300.000,300.000,300.000,300.000,-1,-1,-1,-1,700.000,650.000,-1,-1,2,0,2,0,2,0,0,0,0,2,2,2,2,0,0,2,2
67,2157.821,7720.688,-473.409,22.596,0.922271,-0.384199,-0.042518,0.384344,0.923176,-0.005054,0.041193,-0.011681,0.999083,0,0.78201,-0.79139,46.920,-1.583,-1,375.000,-1,375.000,-1,300.000,300.000,300.000,300.000,-1,-1,-1,-1,725.000,650.000,-1,-1,2,0,2,0,2,0,0,0,0,2,2,2,2,0,0,2,2
68,2206.101,7739.239,-470.778,21.019,0.932403,-0.358660,-0.044573,0.358777,0.933406,-0.005633,0.043625,-0.010740,0.998990,0,0.86201,-0.78824,51.720,-1.576,-1,375.000,-1,375.000,-1,300.000,300.000,300.000,300.000,-1,1000.000,-1,-1,725.000,650.000,-1,-1,2,0,2,0,2,0,0,0,0,2,0,2,2,0,0,2,2
69,2257.293,7757.317,-468.046,19.450,0.941775,-0.332960,-0.046872,0.333051,0.942889,-0.006077,0.046218,-0.009887,0.998882,0,0.90483,-0.78484,54.290,-1.570,-1,375.000,-1,375.000,-1,325.000,300.000,300.000,300.000,-1,775.000,-1,-1,725.000,650.000,-1,-1,2,0,2,0,2,0,0,0,0,2,0,2,2,0,0,2,2
70,2308.897,7773.971,-465.344,17.887,0.950392,-0.307125,-0.049297,0.307194,0.951626,-0.006366,0.048867,-0.009093,0.998764,0,0.90374,-0.78135,54.224,-1.563,-1,400.000,-1,375.000,-1,325.000,300.000,300.000,300.000,-1,650.000,800.000,-1,725.000,650.000,-1,-1,2,0,2,0,2,0,0,0,0,2,0,0,2,0,0,2,2
71,2360.856,7789.192,-462.669,16.328,0.958270,-0.281125,-0.051838,0.281174,0.959635,-0.006494,0.051572,-0.008353,0.998634,0,0.90238,-0.77944,54.143,-1.559,-1,400.000,-1,375.000,-1,325.000,300.000,300.000,300.000,-1,575.000,700.000,-1,725.000,650.000,-1,-1,2,0,2,0,2,0,0,0,0,2,0,0,2,0,0,2,2
72,2413.117,7802.972,-460.021,14.772,0.965416,-0.254958,-0.054485,0.254992,0.966922,-0.006456,0.054329,-0.007661,0.998494,0,0.90078,-0.77819,54.047,-1.556,-1,400.000,-1,375.000,-1,325.000,300.000,325.000,300.000,-1,525.000,625.000,-1,725.000,650.000,-1,-1,2,0,2,0,2,0,0,0,0,2,0,0,2,0,0,2,2
73,2465.628,7815.305,-457.399,13.217,0.971828,-0.228636,-0.057225,0.228659,0.973487,-0.006248,0.057137,-0.007013,0.998342,0,0.89898,-0.77721,53.939,-1.554,-1,400.000,-1,375.000,-1,325.000,300.000,300.000,300.000,-1,450.000,575.000,-1,725.000,650.000,-1,-1,2,0,2,0,2,0,0,0,0,2,0,0,2,0,0,2,2
74,2518.339,7826.186,-454.799,11.664,0.977508,-0.202170,-0.060049,0.202186,0.979330,-0.005866,0.059993,-0.006407,0.998178,0,0.89703,-0.77651,53.822,-1.553,-1,400.000,-1,375.000,-1,325.000,300.000,300.000,300.000,-1,375.000,475.000,-1,725.000,675.000,-1,-1,2,0,2,0,2,0,0,0,0,2,0,0,2,0,0,2,2
75,2571.203,7835.614,-452.190,10.112,0.982457,-0.175569,-0.062874,0.175593,0.984449,-0.005179,0.062805,-0.005952,0.998008,0,0.89496,-0.77609,53.698,-1.552,-1,375.000,-1,375.000,-1,325.000,300.000,300.000,300.000,-1,325.000,400.000,-1,725.000,675.000,-1,-1,2,0,2,0,2,0,0,0,0,2,0,0,2,0,0,2,2
76,2624.177,7843.588,-449.020,8.560,0.986701,-0.148841,-0.065325,0.149024,0.988831,-0.002096,0.064907,-0.007667,0.997862,0,0.89285,-0.77595,53.571,-1.552,-1,375.000,-1,375.000,-1,300.000,300.000,300.000,300.000,-1,325.000,400.000,-1,725.000,675.000,-1,-1,2,0,2,0,2,0,0,0,0,2,0,0,2,0,0,2,2
77,2678.044,7850.209,-445.348,7.008,0.990252,-0.122001,-0.067206,0.122292,0.992494,0.000214,0.066676,-0.008431,0.997739,0,0.90453,-0.77608,54.272,-1.552,-1,375.000,-1,375.000,-1,300.000,300.000,300.000,300.000,-1,350.000,400.000,-1,725.000,675.000,-1,-1,2,0,2,0,2,0,0,0,0,2,0,0,2,0,0,2,2
78,2731.971,7855.362,-441.207,5.459,0.993083,-0.095124,-0.068826,0.095397,0.995439,0.000689,0.068446,-0.007250,0.997628,0,0.90287,-0.77465,54.172,-1.549,-1,375.000,-1,375.000,-1,300.000,300.000,300.000,300.000,-1,375.000,425.000,-1,725.000,675.000,-1,-1,2,0,2,0,2,0,0,0,0,2,0,0,2,0,0,2,2
79,2785.904,7859.050,-437.076,3.912,0.995177,-0.068216,-0.070486,0.068475,0.997652,0.001257,0.070235,-0.006078,0.997512,0,0.90098,-0.77349,54.059,-1.547,-1,375.000,-1,375.000,-1,300.000,300.000,300.000,300.000,-1,400.000,450.000,-1,725.000,675.000,-1,-1,2,0,2,0,2,0,0,0,0,2,0,0,2,0,0,2,2
80,2839.791,7861.277,-432.956,2.366,0.996537,-0.041289,-0.072181,0.041536,0.999135,0.001920,0.072039,-0.004912,0.997390,0,0.89889,-0.77261,53.933,-1.545,-1,375.000,-1,375.000,-1,325.000,300.000,300.000,300.000,-1,425.000,475.000,-1,750.000,700.000,-1,-1,2,0,2,0,2,0,0,0,0,2,0,0,2,0,0,2,2
81,2893.585,7862.049,-428.847,0.822,0.997162,-0.014353,-0.073903,0.014590,0.999890,0.002676,0.073856,-0.003747,0.997262,0,0.89665,-0.77201,53.799,-1.544,-1,375.000,-1,375.000,-1,325.000,300.000,300.000,300.000,-1,450.000,500.000,-1,750.000,700.000,-1,-1,2,0,2,0,2,0,0,0,0,2,0,0,2,0,0,2,2
82,2942.582,7861.637,-425.106,-0.482,0.997111,0.008406,-0.075491,-0.008169,0.999961,0.003447,0.075517,-0.002820,0.997141,0,0.81665,-0.65201,48.999,-1.304,-1,400.000,-1,375.000,-1,325.000,300.000,325.000,300.000,-1,475.000,500.000,-1,750.000,700.000,-1,-1,2,0,2,0,2,0,0,0,0,2,0,0,2,0,0,2,2
83,2988.446,7860.399,-421.604,-1.546,0.996667,0.026974,-0.076987,-0.026727,0.999634,0.004230,0.077073,-0.002159,0.997023,0,0.76466,-0.53201,45.880,-1.064,-1,400.000,-1,375.000,-1,325.000,300.000,300.000,300.000,-1,475.000,525.000,-1,750.000,700.000,-1,-1,2,0,2,0,2,0,0,0,0,2,0,0,2,0,0,2,2
84,3034.177,7858.507,-418.110,-2.370,0.996058,0.041347,-0.078485,-0.041077,0.999143,0.005054,0.078626,-0.001810,0.996903,0,0.76283,-0.41201,45.770,-0.824,-1,400.000,-1,375.000,-1,325.000,325.000,300.000,300.000,-1,500.000,525.000,-1,750.000,700.000,-1,-1,2,0,2,0,2,0,0,0,0,2,0,0,2,0,0,2,2
85,3079.787,7856.153,-414.623,-2.954,0.995464,0.051529,-0.079980,-0.051221,0.998670,0.005899,0.080177,-0.001775,0.996779,0,0.76119,-0.29201,45.671,-0.584,-1,400.000,-1,375.000,-1,325.000,325.000,300.000,300.000,-1,525.000,550.000,-1,775.000,725.000,-1,-1,2,0,2,0,2,0,0,0,0,2,0,0,2,0,0,2,2
86,3125.298,7853.531,-411.141,-3.298,0.995014,0.057524,-0.081471,-0.057164,0.998342,0.006747,0.081724,-0.002056,0.996653,0,0.75977,-0.17201,45.586,-0.344,-1,400.000,-1,375.000,-1,325.000,325.000,300.000,300.000,-1,525.000,550.000,-1,775.000,725.000,-1,-1,2,0,2,0,2,0,0,0,0,2,0,0,2,0,0,2,2
87,3170.723,7850.685,-407.660,-3.584,0.994590,0.062517,-0.082960,-0.062100,0.998041,0.007602,0.083273,-0.002409,0.996524,0,0.75857,-0.14330,45.514,-0.287,-1,400.000,-1,375.000,-1,325.000,325.000,300.000,300.000,-1,500.000,575.000,-1,775.000,725.000,-1,-1,2,0,2,0,2,0,0,0,0,2,0,0,2,0,0,2,2
88,3216.068,7847.616,-404.180,-3.872,0.994137,0.067534,-0.084447,-0.067057,0.997713,0.008471,0.084826,-0.002759,0.996392,0,0.75747,-0.14403,45.448,-0.288,-1,400.000,-1,375.000,-1,325.000,325.000,300.000,300.000,-1,475.000,550.000,-1,775.000,725.000,-1,-1,2,0,2,0,2,0,0,0,0,2,0,0,2,0,0,2,2
89,3261.337,7844.322,-400.647,-4.162,0.993667,0.072579,-0.085782,-0.072060,0.997358,0.009133,0.086219,-0.002894,0.996272,0,0.75646,-0.14488,45.388,-0.290,-1,400.000,-1,375.000,-1,325.000,325.000,300.000,300.000,-1,450.000,525.000,-1,800.000,750.000,-1,-1,2,0,2,0,2,0,0,0,0,2,0,0,2,0,0,2,2
90,3306.532,7840.801,-396.856,-4.454,0.993245,0.077656,-0.086225,-0.077134,0.996977,0.009368,0.086692,-0.002654,0.996232,0,0.75553,-0.14585,45.332,-0.292,-1,400.000,-1,400.000,-1,325.000,325.000,300.000,300.000,-1,475.000,525.000,-1,825.000,750.000,-1,-1,2,0,2,0,2,0,0,0,0,2,0,0,2,0,0,2,2
91,3352.479,7836.987,-392.872,-4.746,0.992841,0.082736,-0.086144,-0.082177,0.996567,0.010027,0.086678,-0.002876,0.996232,0,0.76843,-0.14602,46.106,-0.292,-1,400.000,-1,375.000,-1,325.000,325.000,300.000,300.000,-1,500.000,575.000,-1,825.000,750.000,-1,-1,2,0,2,0,2,0,0,0,0,2,0,0,2,0,0,2,2
92,3398.338,7832.944,-388.888,-5.037,0.992413,0.087803,-0.086067,-0.087206,0.996133,0.010683,0.086672,-0.003096,0.996232,0,0.76728,-0.14569,46.037,-0.291,-1,400.000,-1,375.000,-1,325.000,325.000,300.000,300.000,-1,550.000,625.000,-1,850.000,775.000,-1,-1,2,0,2,0,2,0,0,0,0,2,0,0,2,0,0,2,2
93,3444.106,7828.676,-384.904,-5.328,0.991959,0.092860,-0.085993,-0.092226,0.995674,0.011336,0.086673,-0.003314,0.996231,0,0.76611,-0.14548,45.966,-0.291,-1,400.000,-1,375.000,-1,325.000,325.000,300.000,300.000,-1,600.000,675.000,-1,850.000,775.000,-1,-1,2,0,2,0,2,0,0,0,0,2,0,0,2,0,0,2,2
94,3489.781,7824.182,-380.919,-5.619,0.991479,0.097913,-0.085921,-0.097241,0.995189,0.011986,0.086681,-0.003529,0.996230,0,0.76492,-0.14541,45.895,-0.291,-1,400.000,-1,375.000,-1,325.000,325.000,300.000,300.000,-1,625.000,725.000,-1,850.000,800.000,-1,-1,2,0,2,0,2,0,0,0,0,2,0,0,2,0,0,2,2
95,3535.361,7819.463,-376.935,-5.910,0.990973,0.102965,-0.085849,-0.102256,0.994678,0.012627,0.086693,-0.003735,0.996228,0,0.76374,-0.14547,45.824,-0.291,-1,400.000,-1,375.000,-1,325.000,325.000,300.000,300.000,-1,675.000,750.000,-1,875.000,800.000,-1,-1,2,0,2,0,2,0,0,0,0,2,0,0,2,0,0,2,2
96,3580.847,7814.521,-372.961,-6.201,0.990443,0.108021,-0.085754,-0.107279,0.994141,0.013225,0.086680,-0.003899,0.996229,0,0.76257,-0.14566,45.754,-0.291,-1,400.000,-1,375.000,-1,325.000,325.000,300.000,300.000,-1,725.000,800.000,-1,875.000,800.000,-1,-1,2,0,2,0,2,0,0,0,0,2,0,0,2,0,0,2,2
97,3626.240,7809.354,-368.988,-6.493,0.989886,0.113086,-0.085655,-0.112312,0.993577,0.013808,0.086667,-0.004048,0.996229,0,0.76142,-0.14598,45.685,-0.292,-1,400.000,-1,375.000,-1,325.000,325.000,300.000,300.000,-1,775.000,850.000,-1,900.000,825.000,-1,-1,2,0,2,0,2,0,0,0,0,2,0,0,2,0,0,2,2
98,3671.539,7803.964,-365.016,-6.786,0.989302,0.118163,-0.085553,-0.117360,0.992985,0.014375,0.086651,-0.004181,0.996230,0,0.76032,-0.14643,45.619,-0.293,-1,400.000,-1,400.000,-1,325.000,325.000,300.000,300.000,-1,800.000,900.000,-1,900.000,825.000,-1,-1,2,0,2,0,2,0,0,0,0,2,0,0,2,0,0,2,2
99,3716.747,7798.349,-361.045,-7.080,0.988689,0.123257,-0.085446,-0.122425,0.992366,0.014927,0.086633,-0.004298,0.996231,0,0.75926,-0.14701,45.556,-0.294,-1,400.000,-1,400.000,-1,325.000,325.000,300.000,300.000,-1,850.000,925.000,-1,900.000,850.000,-1,-1,2,0,2,0,2,0,0,0,0,2,0,0,2,0,0,2,2
100,3761.867,7792.508,-357.074,-7.376,0.988048,0.128372,-0.085335,-0.127513,0.991716,0.015463,0.086613,-0.004396,0.996232,0,0.75827,-0.14771,45.496,-0.295,-1,425.000,-1,400.000,-1,325.000,325.000,300.000,300.000,-1,900.000,975.000,-1,900.000,850.000,-1,-1,2,0,2,0,2,0,0,0,0,2,0,0,2,1,0,2,2
101,3806.902,7786.441,-353.102,-7.673,0.987376,0.133512,-0.085219,-0.132627,0.991037,0.015981,0.086589,-0.004477,0.996234,0,0.75736,-0.14854,45.441,-0.297,-1,425.000,-1,400.000,-1,325.000,325.000,300.000,300.000,-1,950.000,-1,-1,875.000,850.000,-1,-1,2,0,2,0,2,0,0,0,0,2,0,2,2,1,0,2,2
102,3851.855,7780.146,-349.128,-7.972,0.986674,0.138681,-0.085100,-0.137773,0.990327,0.016482,0.086562,-0.004537,0.996236,0,0.75652,-0.14948,45.391,-0.299,-1,425.000,-1,400.000,-1,325.000,325.000,300.000,300.000,-1,975.000,-1,-1,850.000,875.000,-1,-1,2,0,2,0,2,0,0,0,0,2,0,2,2,1,0,2,2
103,3896.729,7773.621,-345.158,-8.273,0.985939,0.143883,-0.084988,-0.142951,0.989584,0.016985,0.086546,-0.004597,0.996237,0,0.75578,-0.15054,45.347,-0.301,-1,425.000,-1,425.000,-1,350.000,325.000,300.000,300.000,-1,-1,-1,-1,825.000,900.000,-1,-1,2,0,2,0,2,0,0,0,0,2,2,2,2,1,0,2,2
104,3943.950,7766.457,-341.321,-8.627,0.985143,0.150005,-0.083619,-0.148950,0.988667,0.018756,0.085485,-0.006022,0.996321,0,0.79602,-0.17735,47.761,-0.355,-1,425.000,-1,425.000,-1,350.000,325.000,300.000,300.000,-1,-1,-1,-1,800.000,950.000,-1,-1,2,0,2,0,2,0,0,0,0,2,2,2,2,1,0,2,2
105,3991.284,7758.978,-337.624,-8.978,0.984349,0.156056,-0.081873,-0.154908,0.987722,0.020238,0.084026,-0.007238,0.996437,0,0.79870,-0.17545,47.922,-0.351,1000.000,425.000,-1,425.000,-1,350.000,325.000,300.000,300.000,-1,-1,-1,-1,775.000,975.000,1000.000,-1,1,0,2,0,2,0,0,0,0,2,2,2,2,1,0,1,2
106,4038.727,7751.187,-334.229,-9.325,0.983584,0.162032,-0.079422,-0.160911,0.986759,0.020362,0.081669,-0.007248,0.996633,0,0.80130,-0.17342,48.078,-0.347,925.000,425.000,-1,425.000,-1,350.000,325.000,300.000,300.000,-1,-1,-1,-1,750.000,975.000,950.000,-1,1,0,2,0,2,0,0,0,0,2,2,2,2,1,0,1,2
107,4086.270,7743.088,-330.815,-9.668,0.982790,0.167928,-0.076966,-0.166837,0.985773,0.020444,0.079304,-0.007251,0.996824,0,0.80382,-0.17125,48.229,-0.343,850.000,425.000,-1,400.000,-1,325.000,325.000,300.000,300.000,-1,-1,-1,-1,725.000,975.000,900.000,-1,1,0,2,0,2,0,0,0,0,2,2,2,2,1,0,1,2
108,4133.520,7734.952,-327.413,-9.770,0.982675,0.169691,-0.074533,-0.168621,0.985468,0.020477,0.076925,-0.007555,0.997008,0,0.79909,-0.05125,47.946,-0.103,800.000,425.000,-1,400.000,-1,325.000,325.000,300.000,300.000,-1,-1,-1,-1,700.000,975.000,850.000,-1,1,0,2,0,2,0,0,0,0,2,2,2,2,1,0,1,2
109,4180.930,7726.905,-324.003,-9.633,0.983261,0.167325,-0.072117,-0.166267,0.985868,0.020479,0.074524,-0.008145,0.997186,0,0.80148,0.06875,48.089,0.137,725.000,425.000,-1,400.000,-1,325.000,325.000,300.000,300.000,-1,-1,-1,-1,675.000,1000.000,800.000,-1,1,0,2,0,2,0,0,0,0,2,2,2,2,1,0,1,2
110,4228.535,7719.148,-320.589,-9.255,0.984517,0.160825,-0.069726,-0.159772,0.986942,0.020467,0.072107,-0.009010,0.997356,0,0.80389,0.18875,48.233,0.377,675.000,400.000,-1,400.000,-1,325.000,325.000,300.000,300.000,-1,-1,-1,-1,650.000,1000.000,750.000,-1,1,1,2,0,2,0,0,0,0,2,2,2,2,1,0,1,2
111,4276.367,7711.882,-317.167,-8.638,0.986363,0.150178,-0.067333,-0.149120,0.988607,0.020498,0.069644,-0.010178,0.997520,0,0.80634,0.30875,48.380,0.617,625.000,400.000,-1,400.000,-1,325.000,325.000,300.000,300.000,-1,-1,-1,-1,625.000,1000.000,700.000,-1,1,1,2,0,2,0,0,0,0,2,2,2,2,1,0,1,2
112,4324.446,7705.279,-313.738,-7.821,0.988570,0.136062,-0.064928,-0.134992,0.990632,0.020602,0.067123,-0.011602,0.997677,0,0.80886,0.40857,48.532,0.817,575.000,375.000,-1,400.000,-1,325.000,325.000,300.000,300.000,-1,-1,-1,-1,600.000,-1,625.000,-1,1,1,2,0,2,1,1,0,0,2,2,2,2,1,2,1,2
113,4372.770,7699.345,-310.300,-7.000,0.990578,0.121857,-0.062503,-0.120778,0.992462,0.020778,0.064564,-0.013033,0.997828,0,0.81145,0.41033,48.687,0.821,550.000,375.000,-1,425.000,-1,325.000,325.000,300.000,300.000,-1,-1,-1,-1,575.000,-1,575.000,-1,1,1,2,0,2,1,1,0,0,2,2,2,2,1,2,1,2
114,4421.327,7694.092,-306.853,-6.176,0.992382,0.107564,-0.060059,-0.106477,0.994093,0.021028,0.061966,-0.014473,0.997973,0,0.81402,0.41215,48.841,0.824,500.000,375.000,-1,425.000,-1,325.000,325.000,300.000,300.000,-1,-1,-1,-1,550.000,-1,525.000,-1,1,1,2,0,2,1,1,0,0,2,2,2,2,1,2,1,2
115,4470.107,7689.526,-303.399,-5.348,0.993982,0.093184,-0.057596,-0.092091,0.995522,0.021357,0.059328,-0.015925,0.998111,0,0.81655,0.41404,48.993,0.828,450.000,350.000,-1,425.000,-1,300.000,350.000,300.000,300.000,-1,-1,-1,-1,525.000,-1,475.000,-1,1,1,2,0,2,1,1,0,0,2,2,2,2,1,2,1,2
116,4519.096,7685.657,-299.940,-4.515,0.995372,0.078717,-0.055117,-0.077620,0.996745,0.021768,0.056651,-0.017389,0.998243,0,0.81904,0.41601,49.143,0.832,400.000,350.000,-1,450.000,-1,300.000,350.000,300.000,300.000,-1,-1,-1,-1,500.000,-1,425.000,-1,1,1,2,0,2,1,1,0,0,2,2,2,2,1,2,1,2
117,4568.283,7682.495,-296.500,-3.679,0.996548,0.064161,-0.052688,-0.063057,0.997760,0.022356,0.054004,-0.018957,0.998361,0,0.82148,0.41808,49.289,0.836,350.000,325.000,-1,450.000,-1,300.000,350.000,300.000,325.000,-1,-1,-1,-1,475.000,-1,375.000,-1,1,1,2,0,2,1,1,0,0,2,2,2,2,1,2,1,2
118,4617.655,7680.046,-292.455,-2.839,0.997201,0.049520,-0.056013,-0.048589,0.998659,0.017860,0.056822,-0.015088,0.998270,0,0.82386,0.42027,49.432,0.841,325.000,325.000,-1,475.000,-1,300.000,350.000,325.000,300.000,-1,-1,-1,-1,475.000,-1,350.000,-1,1,1,2,0,2,1,1,0,0,2,2,2,2,1,2,1,2
119,4667.196,7678.322,-289.010,-1.994,0.997632,0.034788,-0.059329,-0.034370,0.999377,0.008042,0.059572,-0.005984,0.998206,0,0.82617,0.42258,49.570,0.845,325.000,325.000,-1,475.000,-1,300.000,375.000,350.000,300.000,-1,-1,-1,-1,475.000,-1,325.000,-1,1,1,2,0,2,1,1,0,0,2,2,2,2,1,2,1,2
120,4716.889,7677.331,-285.520,-1.144,0.997845,0.019957,-0.062511,-0.020126,0.999795,-0.002080,0.062457,0.003334,0.998042,0,0.82838,0.42504,49.703,0.850,300.000,325.000,-1,500.000,-1,300.000,375.000,375.000,275.000,-1,-1,-1,-1,450.000,-1,325.000,-1,1,1,2,0,2,1,1,0,0,2,2,2,2,1,2,1,2
121,4766.719,7677.083,-281.973,-0.288,0.997834,0.005029,-0.065586,-0.005865,0.999904,-0.012563,0.065516,0.012920,0.997768,0,0.83049,0.42768,49.830,0.855,275.000,325.000,-1,525.000,-1,300.000,375.000,400.000,275.000,-1,-1,-1,-1,450.000,-1,300.000,-1,1,1,2,0,2,1,1,0,0,2,2,2,2,1,2,1,2
122,4816.665,7677.587,-278.360,0.573,0.997596,-0.009995,-0.068575,0.008403,0.999689,-0.023464,0.068788,0.022831,0.997370,0,0.83247,0.43051,49.948,0.861,275.000,300.000,-1,525.000,-1,300.000,375.000,425.000,250.000,-1,-1,-1,-1,450.000,-1,275.000,-1,1,1,2,0,2,1,1,0,0,2,2,2,2,1,2,1,2
123,4866.707,7678.850,-274.670,1.440,0.997124,-0.025116,-0.071500,0.022668,0.999136,-0.034845,0.072313,0.033124,0.996832,0,0.83429,0.43357,50.057,0.867,250.000,300.000,-1,550.000,-1,300.000,375.000,450.000,250.000,-1,-1,275.000,-1,425.000,-1,275.000,-1,1,1,2,0,2,1,1,0,0,2,2,0,2,1,2,1,2
124,4916.821,7680.883,-270.892,2.314,0.996414,-0.040333,-0.074376,0.036915,0.998223,-0.046770,0.076130,0.043857,0.996133,0,0.83592,0.43689,50.155,0.874,225.000,300.000,-1,575.000,-1,300.000,375.000,475.000,250.000,-1,-1,200.000,-1,450.000,-1,250.000,-1,1,1,2,0,2,1,1,1,0,2,2,0,2,1,2,1,2
125,4966.982,7683.692,-267.017,3.195,0.995461,-0.055646,-0.077213,0.051128,0.996930,-0.059308,0.080276,0.055091,0.995249,0,0.83732,0.44051,50.239,0.881,225.000,300.000,-1,600.000,-1,300.000,400.000,475.000,250.000,-1,-1,150.000,925.000,475.000,-1,225.000,-1,1,1,2,0,2,1,1,1,0,2,2,0,0,1,2,1,2
126,5017.161,7687.287,-263.035,4.084,0.994258,-0.071055,-0.080017,0.065287,0.995227,-0.072527,0.084789,0.066886,0.994151,0,0.83845,0.44448,50.307,0.889,200.000,275.000,-1,650.000,-1,275.000,400.000,450.000,250.000,-1,-1,100.000,650.000,500.000,-1,225.000,-1,1,1,2,0,2,1,1,1,0,2,2,0,0,1,2,1,2
127,5067.324,7691.675,-258.935,4.981,0.992801,-0.086559,-0.082788,0.079371,0.993085,-0.086499,0.089703,0.079305,0.992806,0,0.83924,0.44885,50.354,0.898,175.000,300.000,-1,675.000,-1,300.000,400.000,450.000,250.000,-1,425.000,75.000,525.000,525.000,-1,200.000,-1,1,1,2,0,2,1,1,1,0,2,0,0,0,1,2,1,2
128,2951.626,328.081,-410.748,41.171,0.730031,-0.648221,-0.216480,0.670071,0.741207,0.040220,0.134385,-0.174419,0.975458,1,0.00000,0.00000,50.378,0.907,-1,625.000,-1,450.000,325.000,500.000,425.000,250.000,275.000,375.000,50.000,150.000,-1,-1,-1,-1,-1,2,0,2,1,1,1,1,0,1,0,0,0,2,2,2,2,2
129,2955.253,331.226,-410.252,40.931,0.732493,-0.645090,-0.217517,0.667086,0.743891,0.040271,0.135830,-0.174600,0.975226,0,0.08000,-0.12000,4.800,-0.240,-1,625.000,-1,475.000,325.000,500.000,425.000,250.000,275.000,375.000,50.000,150.000,-1,-1,-1,-1,-1,2,0,2,1,1,1,1,0,1,0,0,0,2,2,2,2,2
130,2962.540,337.478,-409.304,40.634,0.735443,-0.641209,-0.219030,0.663387,0.747205,0.040033,0.137991,-0.174743,0.974896,0,0.16000,-0.14847,9.600,-0.297,-1,625.000,-1,500.000,325.000,500.000,425.000,250.000,275.000,375.000,50.000,150.000,-1,-1,-1,-1,-1,2,0,2,1,1,1,1,0,1,0,0,0,2,2,2,2,2
131,5575.426,-6887.289,35.955,-115.904,-0.436743,0.899285,0.023289,-0.899569,-0.436748,-0.005115,0.005571,-0.023184,0.999716,1,0.00000,0.00000,14.400,-0.299,-1,-1,-1,400.000,-1,325.000,325.000,300.000,300.000,-1,-1,-1,-1,-1,-1,-1,-1,2,2,2,0,2,0,0,0,0,2,2,2,2,2,2,2,2
132,5573.311,-6891.598,35.992,-116.144,-0.440509,0.897450,0.023119,-0.897731,-0.440513,-0.005207,0.005511,-0.023048,0.999719,0,0.08000,-0.12000,4.800,-0.240,-1,-1,-1,400.000,-1,325.000,325.000,300.000,300.000,-1,-1,-1,-1,-1,-1,-1,-1,2,2,2,0,2,0,0,0,0,2,2,2,2,2,2,2,2
133,5569.009,-6900.180,36.069,-116.624,-0.448018,0.893734,0.022776,-0.894008,-0.448019,-0.005385,0.005391,-0.022775,0.999726,0,0.16000,-0.24000,9.600,-0.480,-1,-1,-1,400.000,-1,325.000,325.000,300.000,300.000,-1,-1,-1,-1,-1,-1,-1,-1,2,2,2,0,2,0,0,0,0,2,2,2,2,2,2,2,2
134,5562.395,-6912.971,36.188,-117.344,-0.459223,0.888042,0.022255,-0.888306,-0.459218,-0.005640,0.005211,-0.022359,0.999736,0,0.24000,-0.36000,14.400,-0.720,-1,-1,-1,400.000,-1,325.000,325.000,300.000,300.000,-1,-1,-1,-1,-1,-1,-1,-1,2,2,2,0,2,0,0,0,0,2,2,2,2,2,2,2,2
135,5553.291,-6929.876,36.351,-118.304,-0.474050,0.880234,0.021547,-0.880484,-0.474038,-0.005958,0.004969,-0.021796,0.999750,0,0.32000,-0.48000,19.200,-0.960,-1,-1,-1,400.000,-1,325.000,325.000,300.000,300.000,-1,-1,-1,-1,-1,-1,-1,-1,2,2,2,0,2,0,0,0,0,2,2,2,2,2,2,2,2
136,5541.471,-6950.764,36.565,-119.504,-0.492395,0.870127,0.020644,-0.870360,-0.492376,-0.006319,0.004666,-0.021079,0.999767,0,0.40000,-0.60000,24.000,-1.200,-1,-1,-1,400.000,-1,325.000,325.000,300.000,300.000,-1,-1,-1,-1,-1,-1,-1,-1,2,2,2,0,2,0,0,0,0,2,2,2,2,2,2,2,2
