timestep,x_cm,y_cm,z_cm,yaw_deg,basis_xx,basis_xy,basis_xz,basis_yx,basis_yy,basis_yz,basis_zx,basis_zy,basis_zz,teleport_flag,throttle_cmd,steering_cmd,cmd_move_cm,cmd_turn_deg,lidar_cm_0,lidar_cm_1,lidar_cm_2,lidar_cm_3,lidar_cm_4,lidar_cm_5,lidar_cm_6,lidar_cm_7,lidar_cm_8,lidar_cm_9,lidar_cm_10,lidar_cm_11,lidar_cm_12,lidar_cm_13,lidar_cm_14,lidar_cm_15,lidar_cm_16,lidar_class_0,lidar_class_1,lidar_class_2,lidar_class_3,lidar_class_4,lidar_class_5,lidar_class_6,lidar_class_7,lidar_class_8,lidar_class_9,lidar_class_10,lidar_class_11,lidar_class_12,lidar_class_13,lidar_class_14,lidar_class_15,lidar_class_16
0,4915.763,6884.278,78.265,38.896,0.775042,-0.627881,-0.071239,0.626396,0.778242,-0.044360,0.083294,-0.010243,0.996472,1,-0.08000,-0.12000,-4.800,-0.240,-1,400.000,-1,425.000,425.000,325.000,350.000,300.000,125.000,-1,-1,-1,-1,850.000,550.000,-1,475.000,2,0,2,1,1,0,0,0,1,2,2,2,2,0,1,2,1
1,4908.242,6878.313,77.417,38.416,0.780243,-0.621344,-0.071780,0.619794,0.783481,-0.044866,0.084116,-0.009482,0.996411,0,-0.16000,-0.24000,-9.600,-0.480,-1,425.000,-1,425.000,425.000,325.000,350.000,300.000,125.000,-1,-1,-1,-1,875.000,550.000,-1,500.000,2,0,2,1,1,0,0,0,1,2,2,2,2,0,1,2,1
2,4896.849,6869.508,77.341,37.696,0.787436,-0.611427,-0.078116,0.609958,0.791197,-0.044251,0.088861,-0.012803,0.995962,0,-0.24000,-0.36000,-14.400,-0.720,-1,425.000,-1,425.000,450.000,350.000,350.000,300.000,125.000,-1,-1,-1,-1,900.000,575.000,-1,500.000,2,0,2,1,1,0,0,0,1,2,2,2,2,0,1,2,1
3,4881.463,6858.025,77.215,36.736,0.796785,-0.598046,-0.086457,0.596729,0.801278,-0.043219,0.095123,-0.017155,0.995318,0,-0.32000,-0.48000,-19.200,-0.960,-1,425.000,-1,450.000,450.000,350.000,375.000,300.000,150.000,-1,-1,-1,-1,950.000,575.000,-1,550.000,2,0,2,1,1,0,0,0,1,2,2,2,2,0,1,2,1
4,4866.341,6847.223,77.075,35.536,0.808336,-0.581092,-0.094467,0.579960,0.813568,-0.041875,0.101188,-0.020938,0.994647,0,-0.30975,-0.60000,-18.585,-1.200,-1,450.000,-1,475.000,450.000,375.000,375.000,300.000,150.000,-1,-1,-1,-1,1000.000,600.000,-1,575.000,2,0,2,1,1,0,0,0,1,2,2,2,2,0,1,2,1
5,4851.687,6837.302,76.923,34.096,0.821901,-0.560424,-0.101992,0.559501,0.827856,-0.040160,0.106941,-0.024058,0.993974,0,-0.29497,-0.72000,-17.698,-1.440,-1,475.000,-1,475.000,450.000,375.000,400.000,275.000,175.000,-1,-1,-1,-1,-1,600.000,-1,575.000,2,0,2,1,1,0,0,0,1,2,2,2,2,2,1,2,1
6,4837.545,6828.306,76.733,32.459,0.836845,-0.536510,-0.108851,0.535809,0.843480,-0.038088,0.112249,-0.026450,0.993328,0,-0.27938,-0.81864,-16.763,-1.637,-1,475.000,-1,500.000,450.000,400.000,400.000,275.000,175.000,-1,-1,-1,-1,-1,625.000,-1,600.000,2,0,2,1,1,0,0,0,1,2,2,2,2,2,1,2,1
7,4823.976,6820.208,76.417,30.826,0.851166,-0.512235,-0.114594,0.511740,0.858388,-0.035957,0.116785,-0.028037,0.992761,0,-0.26338,-0.81643,-15.803,-1.633,-1,500.000,-1,500.000,450.000,400.000,425.000,275.000,200.000,-1,-1,-1,-1,-1,625.000,-1,625.000,2,0,2,1,1,0,0,0,1,2,2,2,2,2,1,2,1
8,4810.975,6812.937,75.982,29.215,0.864723,-0.487878,-0.119285,0.487559,0.872434,-0.033853,0.120584,-0.028885,0.992283,0,-0.24828,-0.80583,-14.897,-1.612,-1,500.000,-1,525.000,425.000,400.000,425.000,275.000,200.000,-1,-1,-1,-1,-1,625.000,-1,625.000,2,0,2,1,1,0,0,0,1,2,2,2,2,2,1,2,1
9,4798.530,6806.417,75.435,27.644,0.877368,-0.463786,-0.122997,0.463602,0.885470,-0.031861,0.123687,-0.029067,0.991895,0,-0.23418,-0.78512,-14.051,-1.570,-1,500.000,-1,525.000,350.000,425.000,425.000,275.000,225.000,-1,-1,-1,-1,-1,650.000,-1,600.000,2,0,2,1,1,0,0,0,1,2,2,2,2,2,1,2,1
10,4786.617,6800.577,74.792,26.114,0.889150,-0.439973,-0.125842,0.439882,0.897553,-0.030025,0.126161,-0.028659,0.991596,0,-0.22113,-0.76531,-13.268,-1.531,-1,500.000,-1,525.000,300.000,425.000,450.000,275.000,250.000,-1,1000.000,-1,-1,-1,650.000,-1,600.000,2,0,2,1,1,0,0,0,1,2,1,2,2,2,1,2,1
11,4775.214,6795.351,74.065,24.621,0.900112,-0.416454,-0.127924,0.416410,0.908734,-0.028376,0.128066,-0.027727,0.991378,0,-0.20908,-0.74636,-12.545,-1.493,-1,525.000,-1,550.000,275.000,425.000,450.000,275.000,250.000,-1,975.000,-1,-1,-1,650.000,-1,575.000,2,0,2,1,1,0,0,0,1,2,1,2,2,2,1,2,1
12,4764.295,6790.678,73.266,23.164,0.910296,-0.393236,-0.129333,0.393195,0.919060,-0.026938,0.129458,-0.026332,0.991235,0,-0.19795,-0.72825,-11.877,-1.456,-1,525.000,-1,550.000,275.000,425.000,450.000,275.000,275.000,-1,925.000,1000.000,-1,-1,650.000,-1,575.000,2,0,2,1,1,0,0,0,1,2,1,1,2,2,1,2,1
13,4753.836,6786.506,72.404,21.743,0.919738,-0.370327,-0.130154,0.370245,0.928578,-0.025728,0.130385,-0.024526,0.991160,0,-0.18767,-0.71092,-11.260,-1.422,-1,525.000,-1,525.000,250.000,425.000,450.000,275.000,300.000,-1,900.000,975.000,-1,-1,650.000,-1,550.000,2,0,2,1,1,0,0,0,1,2,1,1,2,2,1,2,1
14,4743.813,6782.787,71.489,20.354,0.928473,-0.347732,-0.130459,0.347570,0.937327,-0.024756,0.130892,-0.022358,0.991145,0,-0.17820,-0.69434,-10.692,-1.389,-1,525.000,-1,475.000,250.000,425.000,450.000,275.000,325.000,-1,900.000,950.000,-1,-1,625.000,-1,475.000,2,0,2,1,1,0,0,0,1,2,1,1,2,2,1,2,1
15,4734.199,6779.477,70.528,18.997,0.936534,-0.325455,-0.130317,0.325174,0.945349,-0.024031,0.131016,-0.019870,0.991181,0,-0.16945,-0.67847,-10.167,-1.357,-1,525.000,-1,450.000,225.000,425.000,450.000,275.000,325.000,1000.000,875.000,925.000,-1,-1,625.000,-1,375.000,2,0,2,1,1,0,0,0,1,0,1,1,2,2,1,2,1
16,4724.973,6776.538,69.528,17.671,0.943951,-0.303498,-0.129786,0.303066,0.952678,-0.023556,0.130794,-0.017098,0.991262,0,-0.16138,-0.66326,-9.683,-1.327,-1,525.000,-1,425.000,225.000,425.000,450.000,275.000,350.000,1000.000,850.000,900.000,-1,-1,600.000,-1,325.000,2,0,2,1,1,0,0,0,1,0,1,1,2,2,1,2,1
17,4716.112,6773.934,68.493,16.373,0.950753,-0.281864,-0.128921,0.281249,0.959351,-0.023331,0.130257,-0.014077,0.991380,0,-0.15393,-0.64869,-9.236,-1.297,-1,525.000,-1,400.000,225.000,425.000,450.000,275.000,375.000,1000.000,725.000,875.000,-1,-1,600.000,-1,300.000,2,0,2,1,1,0,0,0,1,0,0,1,2,2,1,2,1
18,4707.593,6771.635,67.428,15.104,0.956968,-0.260552,-0.127768,0.259729,0.965399,-0.023354,0.129432,-0.010836,0.991529,0,-0.14706,-0.63471,-8.824,-1.269,-1,525.000,-1,375.000,225.000,425.000,450.000,275.000,375.000,1000.000,725.000,875.000,-1,-1,575.000,-1,275.000,2,0,2,1,1,0,0,0,0,0,0,1,2,2,1,2,1
19,4699.395,6769.612,66.339,13.861,0.962621,-0.239564,-0.126371,0.238511,0.970852,-0.023623,0.128347,-0.007401,0.991702,0,-0.14072,-0.62128,-8.443,-1.243,-1,525.000,-1,350.000,225.000,425.000,400.000,275.000,375.000,1000.000,725.000,850.000,-1,-1,550.000,-1,275.000,2,0,2,1,1,0,1,0,0,0,0,1,2,2,1,2,1
20,4691.498,6767.841,65.227,12.644,0.967738,-0.218898,-0.124767,0.217597,0.975740,-0.024132,0.127023,-0.003796,0.991893,0,-0.13488,-0.60838,-8.093,-1.217,-1,525.000,-1,350.000,225.000,425.000,375.000,275.000,375.000,1000.000,775.000,850.000,-1,-1,525.000,-1,250.000,2,0,2,1,1,0,1,0,0,0,0,1,2,2,1,2,1
21,4683.883,6766.299,64.097,11.452,0.972342,-0.198555,-0.122991,0.196991,0.980090,-0.024875,0.125481,-0.000041,0.992096,0,-0.12948,-0.59597,-7.769,-1.192,-1,525.000,-1,325.000,225.000,425.000,350.000,275.000,375.000,-1,775.000,825.000,-1,-1,475.000,-1,250.000,2,0,2,1,1,0,1,0,0,2,1,1,2,2,1,2,1
22,4676.531,6764.966,62.951,10.284,0.976456,-0.178533,-0.121073,0.176694,0.983926,-0.025847,0.123741,0.003846,0.992307,0,-0.12451,-0.58402,-7.471,-1.168,-1,525.000,1000.000,325.000,225.000,425.000,350.000,275.000,375.000,-1,775.000,825.000,-1,950.000,450.000,-1,250.000,2,0,1,1,1,0,1,0,0,2,1,1,2,1,1,2,1
23,4669.426,6763.824,61.791,9.139,0.980103,-0.158832,-0.119040,0.156710,0.987274,-0.027040,0.121820,0.007848,0.992521,0,-0.11993,-0.57251,-7.196,-1.145,-1,500.000,975.000,300.000,225.000,400.000,325.000,275.000,375.000,-1,775.000,800.000,-1,900.000,450.000,-1,250.000,2,0,1,1,1,0,1,0,0,2,1,1,2,1,1,2,1
24,4662.551,6762.857,60.619,8.017,0.983303,-0.139450,-0.116916,0.137039,0.990157,-0.028447,0.119732,0.011950,0.992734,0,-0.11571,-0.56141,-6.943,-1.123,-1,500.000,950.000,300.000,225.000,400.000,325.000,275.000,375.000,-1,775.000,800.000,-1,875.000,425.000,-1,250.000,2,0,1,1,1,0,1,0,0,2,1,1,2,1,1,2,1
25,4655.889,6762.051,59.437,6.915,0.986076,-0.120384,-0.114723,0.117683,0.992596,-0.030059,0.117492,0.016139,0.992943,0,-0.11183,-0.55070,-6.710,-1.101,-1,500.000,925.000,300.000,225.000,400.000,300.000,275.000,350.000,-1,750.000,800.000,-1,875.000,400.000,-1,225.000,2,0,1,1,1,0,1,0,0,2,1,1,2,1,1,2,1
26,4649.427,6761.392,58.246,5.834,0.988443,-0.101633,-0.112480,0.098641,0.994613,-0.031868,0.115113,0.020405,0.993143,0,-0.10826,-0.54035,-6.495,-1.081,-1,500.000,925.000,275.000,225.000,400.000,300.000,300.000,350.000,-1,750.000,775.000,-1,850.000,400.000,-1,225.000,2,0,1,1,1,0,1,0,0,2,1,1,2,1,1,2,1
27,4643.149,6760.870,57.048,4.774,0.990421,-0.083196,-0.110205,0.079915,0.996226,-0.033868,0.112607,0.024736,0.993332,0,-0.10498,-0.53035,-6.299,-1.061,-1,500.000,900.000,275.000,225.000,400.000,275.000,300.000,350.000,-1,750.000,775.000,-1,825.000,375.000,-1,225.000,2,0,1,1,1,0,1,0,0,2,1,1,2,1,1,2,1
28,4637.042,6760.474,55.843,3.732,0.992029,-0.065069,-0.107914,0.061504,0.997456,-0.036049,0.109985,0.029124,0.993506,0,-0.10198,-0.52068,-6.119,-1.041,-1,475.000,875.000,275.000,225.000,375.000,275.000,300.000,350.000,-1,775.000,775.000,-1,825.000,375.000,-1,225.000,2,0,1,1,1,1,1,0,0,2,1,1,2,1,1,2,1
29,4631.094,6760.195,54.632,2.710,0.993283,-0.047250,-0.105619,0.043406,0.998319,-0.038403,0.107256,0.033561,0.993665,0,-0.09923,-0.51131,-5.954,-1.023,-1,475.000,850.000,275.000,225.000,350.000,275.000,300.000,325.000,-1,775.000,775.000,-1,800.000,350.000,-1,225.000,2,0,1,1,1,1,1,0,0,2,1,1,2,1,1,2,1
30,4629.941,6760.167,54.109,1.466,0.994250,-0.025567,-0.103989,0.021559,0.998987,-0.039490,0.104893,0.037021,0.993794,0,-0.01923,-0.62186,-1.154,-1.244,-1,475.000,825.000,250.000,225.000,350.000,250.000,300.000,325.000,-1,775.000,775.000,-1,800.000,350.000,-1,225.000,2,0,1,1,1,1,1,0,0,2,1,1,2,1,1,2,1
31,4633.587,6760.184,54.346,0.240,0.994643,-0.004186,-0.103287,0.000148,0.999237,-0.039064,0.103372,0.038839,0.993884,0,0.06077,-0.61304,3.646,-1.226,-1,475.000,800.000,250.000,225.000,325.000,250.000,300.000,325.000,-1,800.000,775.000,-1,775.000,325.000,-1,225.000,2,0,1,1,1,1,1,0,0,2,1,1,2,1,1,2,1
32,4642.032,6760.040,55.358,-0.972,0.994485,0.016949,-0.103502,-0.020875,0.999099,-0.036965,0.102782,0.038922,0.993942,0,0.14077,-0.60595,8.446,-1.212,-1,475.000,775.000,250.000,225.000,325.000,250.000,300.000,350.000,-1,825.000,800.000,-1,775.000,325.000,-1,225.000,2,0,1,1,1,1,1,0,0,2,1,1,2,1,1,2,1
33,4655.269,6759.536,57.159,-2.173,0.993791,0.037888,-0.104611,-0.041548,0.998590,-0.033036,0.103212,0.037177,0.993964,0,0.22077,-0.60046,13.246,-1.201,-1,475.000,750.000,250.000,225.000,325.000,250.000,300.000,350.000,-1,825.000,800.000,-1,750.000,325.000,-1,225.000,2,0,1,1,1,1,1,0,0,2,1,1,2,1,1,2,1
34,4673.284,6758.474,59.764,-3.366,0.992571,0.058677,-0.106584,-0.061893,0.997715,-0.027112,0.104750,0.033507,0.993934,0,0.30077,-0.59647,18.046,-1.193,-1,500.000,725.000,250.000,225.000,300.000,225.000,300.000,350.000,-1,775.000,800.000,-1,725.000,300.000,975.000,200.000,2,0,1,1,1,1,1,0,0,2,0,1,2,1,1,1,1
35,4696.059,6756.656,63.193,-4.554,0.990825,0.079361,-0.109395,-0.081911,0.996458,-0.019011,0.107499,0.027797,0.993817,0,0.38077,-0.59392,22.846,-1.188,-1,500.000,675.000,225.000,225.000,300.000,225.000,275.000,375.000,-1,525.000,825.000,-1,700.000,300.000,925.000,200.000,2,0,1,1,1,1,1,0,0,2,0,1,2,1,1,1,1
36,4723.567,6753.887,67.474,-5.739,0.988550,0.099979,-0.113015,-0.101585,0.994790,-0.008521,0.111574,0.019904,0.993557,0,0.46077,-0.59276,27.646,-1.186,-1,525.000,650.000,225.000,200.000,300.000,225.000,275.000,400.000,925.000,325.000,775.000,-1,675.000,300.000,850.000,200.000,2,0,1,1,1,1,1,0,0,0,0,0,2,1,1,1,1
37,4755.778,6749.970,72.640,-6.925,0.985736,0.120567,-0.117421,-0.120865,0.992658,0.004608,0.117115,0.009650,0.993071,0,0.54077,-0.59301,32.446,-1.186,-1,550.000,625.000,225.000,200.000,300.000,225.000,275.000,425.000,775.000,200.000,575.000,-1,650.000,300.000,800.000,200.000,2,1,1,1,1,1,1,0,0,0,0,0,2,1,1,1,1
38,4792.652,6744.708,78.740,-8.115,0.982368,0.141152,-0.122593,-0.139666,0.989983,0.020678,0.124284,-0.003191,0.992242,0,0.62077,-0.59471,37.246,-1.189,-1,500.000,575.000,225.000,200.000,300.000,225.000,250.000,475.000,650.000,125.000,425.000,-1,625.000,275.000,750.000,175.000,2,1,1,1,1,1,1,0,0,0,0,0,2,1,1,1,1
39,4834.147,6737.901,85.835,-9.310,0.978428,0.161756,-0.128509,-0.157854,0.986650,0.040056,0.133272,-0.018906,0.990899,0,0.70077,-0.59797,42.046,-1.196,-1,475.000,550.000,200.000,175.000,275.000,200.000,250.000,525.000,525.000,75.000,350.000,-1,575.000,275.000,700.000,175.000,2,1,1,1,1,1,1,0,0,0,0,0,2,1,1,1,1
40,7543.234,5575.416,183.263,-83.442,0.111256,0.992989,0.039939,-0.990271,0.114152,-0.079571,-0.083573,-0.030697,0.996029,1,0.00000,0.00000,46.846,-1.206,200.000,275.000,-1,375.000,-1,250.000,300.000,225.000,500.000,-1,-1,300.000,200.000,400.000,625.000,225.000,-1,0,0,2,0,2,0,0,0,1,2,2,1,1,0,0,0,2
41,7543.760,5570.646,182.727,-83.682,0.107343,0.993523,0.037289,-0.990823,0.109999,-0.078547,-0.082140,-0.028516,0.996213,0,0.08000,-0.12000,4.800,-0.240,200.000,275.000,-1,375.000,-1,250.000,300.000,225.000,500.000,-1,-1,300.000,200.000,400.000,625.000,225.000,-1,0,0,2,0,2,0,0,0,1,2,2,1,1,0,0,0,2
42,7544.734,5561.096,181.667,-84.162,0.099480,0.994522,0.032100,-0.991872,0.101684,-0.076485,-0.079330,-0.024230,0.996554,0,0.16000,-0.24000,9.600,-0.480,200.000,275.000,-1,375.000,-1,250.000,300.000,225.000,500.000,-1,-1,325.000,200.000,425.000,625.000,225.000,-1,0,0,2,0,2,0,0,0,1,2,2,1,1,0,0,0,2
43,7546.016,5546.753,180.106,-84.882,0.087603,0.995852,0.024576,-0.993309,0.089190,-0.073363,-0.075250,-0.017985,0.997002,0,0.24000,-0.36000,14.400,-0.720,225.000,275.000,-1,375.000,-1,250.000,300.000,250.000,500.000,-1,-1,350.000,200.000,425.000,625.000,250.000,-1,0,0,2,0,2,0,0,0,1,2,2,1,1,0,0,0,2
44,7547.404,5527.605,178.074,-85.842,0.071629,0.997318,0.015013,-0.994968,0.072501,-0.069148,-0.070051,-0.009984,0.997493,0,0.32000,-0.48000,19.200,-0.960,250.000,300.000,-1,375.000,-1,275.000,300.000,250.000,475.000,-1,-1,400.000,200.000,450.000,625.000,275.000,-1,0,0,2,0,2,0,0,0,1,2,2,1,1,0,0,0,2
45,7548.640,5503.637,175.610,-87.042,0.051465,0.998668,0.003780,-0.996627,0.051601,-0.063815,-0.063925,-0.000483,0.997955,0,0.40000,-0.60000,24.000,-1.200,275.000,300.000,-1,375.000,-1,275.000,300.000,250.000,475.000,-1,-1,-1,200.000,450.000,625.000,325.000,-1,0,0,2,0,2,0,0,0,1,2,2,2,1,0,0,0,2
46,7549.402,5474.849,172.754,-88.482,0.027029,0.999597,-0.008692,-0.998003,0.026487,-0.057350,-0.057097,0.010225,0.998316,0,0.48000,-0.72000,28.800,-1.440,325.000,300.000,-1,375.000,-1,275.000,300.000,250.000,475.000,-1,-1,-1,200.000,475.000,650.000,375.000,-1,0,0,2,0,2,0,0,0,1,2,2,2,1,0,0,0,2
47,7549.382,5441.250,169.549,-90.037,0.000448,0.999761,-0.021861,-0.998768,-0.000637,-0.049623,-0.049625,0.021856,0.998529,0,0.56000,-0.77718,33.600,-1.554,400.000,325.000,-1,375.000,-1,275.000,300.000,250.000,450.000,-1,-1,-1,225.000,500.000,650.000,450.000,-1,0,0,2,0,2,0,0,0,1,2,2,2,1,0,0,0,2
48,7548.325,5402.865,166.024,-91.583,-0.026174,0.999033,-0.035323,-0.998795,-0.027602,-0.040576,-0.041511,0.034218,0.998552,0,0.64000,-0.77306,38.400,-1.546,500.000,325.000,-1,375.000,-1,300.000,300.000,250.000,400.000,-1,-1,-1,225.000,525.000,650.000,550.000,-1,0,0,2,0,2,0,0,0,0,2,2,2,1,0,0,0,2
49,7546.285,5362.324,162.404,-92.889,-0.048829,0.997647,-0.048122,-0.998258,-0.050342,-0.030754,-0.033105,0.046536,0.998368,0,0.67655,-0.65306,40.593,-1.306,625.000,325.000,-1,375.000,-1,300.000,300.000,275.000,375.000,-1,-1,-1,250.000,550.000,675.000,700.000,-1,0,0,2,0,2,0,0,0,0,2,2,2,1,0,0,0,2
50,7543.481,5321.653,158.821,-93.955,-0.067505,0.995915,-0.059976,-0.997412,-0.068853,-0.020694,-0.024739,0.058424,0.997985,0,0.67946,-0.53306,40.768,-1.066,825.000,350.000,-1,375.000,-1,300.000,300.000,275.000,350.000,-1,-1,-1,250.000,600.000,675.000,925.000,-1,0,0,2,0,2,0,0,0,0,2,2,2,1,0,0,0,2
51,7540.080,5280.869,155.217,-94.781,-0.082201,0.994064,-0.071268,-0.996484,-0.083142,-0.010330,-0.016194,0.070169,0.997404,0,0.68210,-0.41306,40.926,-0.826,-1,350.000,-1,375.000,-1,300.000,300.000,275.000,325.000,-1,-1,-1,275.000,625.000,675.000,-1,-1,2,0,2,0,2,0,0,0,0,2,2,2,1,0,0,2,2
52,7536.252,5239.977,151.817,-95.367,-0.092917,0.992164,-0.083530,-0.995646,-0.093212,0.000369,-0.007420,0.083201,0.996505,0,0.68451,-0.29306,41.071,-0.586,-1,375.000,-1,375.000,-1,300.000,300.000,300.000,300.000,-1,975.000,825.000,275.000,675.000,675.000,-1,-1,2,0,2,0,2,0,0,0,0,2,0,0,1,0,0,2,2
53,7532.054,5198.987,151.338,-95.853,-0.101470,0.991103,-0.086129,-0.994822,-0.101592,0.002973,-0.005804,0.085985,0.996280,0,0.68674,-0.24276,41.204,-0.486,-1,375.000,-1,375.000,-1,300.000,300.000,300.000,300.000,-1,900.000,750.000,300.000,675.000,675.000,-1,-1,2,0,2,0,2,0,0,0,0,2,0,0,1,0,0,2,2
54,7527.498,5157.897,151.515,-96.328,-0.109773,0.990204,-0.086296,-0.993944,-0.109804,0.004397,-0.005122,0.086256,0.996260,0,0.68903,-0.23754,41.342,-0.475,-1,375.000,-1,375.000,-1,300.000,300.000,300.000,300.000,-1,900.000,775.000,350.000,675.000,675.000,-1,-1,2,0,2,0,2,0,0,0,0,2,0,0,1,0,0,2,2
55,7522.591,5116.698,151.663,-96.792,-0.117887,0.989259,-0.086429,-0.993017,-0.117825,0.005834,-0.004412,0.086513,0.996241,0,0.69149,-0.23226,41.489,-0.465,-1,375.000,-1,375.000,-1,300.000,300.000,300.000,300.000,-1,900.000,750.000,375.000,675.000,675.000,-1,-1,2,0,2,0,2,0,0,0,0,2,0,0,1,0,0,2,2
56,7517.339,5075.383,151.783,-97.246,-0.125812,0.988273,-0.086528,-0.992047,-0.125654,0.007285,-0.003673,0.086757,0.996223,0,0.69412,-0.22690,41.647,-0.454,-1,375.000,-1,375.000,-1,300.000,300.000,300.000,300.000,-1,900.000,750.000,425.000,700.000,700.000,-1,-1,2,0,2,0,2,0,0,0,0,2,0,0,1,0,0,2,2
57,7511.745,5033.944,151.874,-97.689,-0.133544,0.987252,-0.086595,-0.991039,-0.133288,0.008755,-0.002899,0.086989,0.996205,0,0.69690,-0.22148,41.814,-0.443,-1,375.000,-1,375.000,-1,325.000,300.000,300.000,300.000,-1,875.000,725.000,475.000,700.000,700.000,-1,-1,2,0,2,0,2,0,0,0,0,2,0,0,1,0,0,2,2
58,7505.813,4992.375,151.937,-98.121,-0.141083,0.986200,-0.086631,-0.989996,-0.140726,0.010244,-0.002088,0.087209,0.996188,0,0.69983,-0.21600,41.990,-0.432,-1,375.000,-1,375.000,-1,325.000,300.000,300.000,300.000,-1,825.000,725.000,500.000,700.000,700.000,-1,-1,2,0,2,0,2,0,0,0,0,2,0,0,1,0,0,2,2
59,7499.550,4950.669,151.970,-98.542,-0.148425,0.985122,-0.086635,-0.988923,-0.147964,0.011756,-0.001237,0.087420,0.996171,0,0.70289,-0.21045,42.173,-0.421,-1,375.000,-1,375.000,-1,325.000,325.000,300.000,300.000,-1,800.000,700.000,550.000,700.000,700.000,-1,-1,2,0,2,0,2,0,0,0,0,2,0,0,1,0,0,2,2
60,7492.457,4905.649,151.976,-98.953,-0.155612,0.984015,-0.086603,-0.987818,-0.155033,0.013413,-0.000228,0.087635,0.996153,0,0.75959,-0.20578,45.575,-0.412,-1,375.000,-1,375.000,-1,325.000,325.000,300.000,300.000,-1,775.000,700.000,575.000,725.000,700.000,-1,-1,2,0,2,0,2,0,0,0,0,2,0,0,1,0,0,2,2
61,7485.061,4860.779,151.949,-99.360,-0.162715,0.982871,-0.086539,-0.986673,-0.162016,0.015090,0.000811,0.087841,0.996134,0,0.75791,-0.20348,45.475,-0.407,-1,375.000,-1,375.000,-1,325.000,325.000,300.000,325.000,-1,750.000,675.000,625.000,725.000,700.000,-1,-1,2,0,2,0,2,0,0,0,0,2,0,0,1,0,0,2,2
62,7477.366,4816.051,151.889,-99.762,-0.169728,0.981692,-0.086443,-0.985489,-0.168906,0.016789,0.001881,0.088038,0.996115,0,0.75643,-0.20103,45.386,-0.402,-1,375.000,-1,375.000,-1,325.000,325.000,300.000,300.000,-1,725.000,675.000,675.000,725.000,700.000,-1,-1,2,0,2,0,2,0,0,0,0,2,0,0,1,0,0,2,2
63,7469.374,4771.452,151.798,-100.159,-0.176646,0.980482,-0.086315,-0.984270,-0.175699,0.018513,0.002986,0.088228,0.996096,0,0.75514,-0.19843,45.309,-0.397,-1,400.000,-1,375.000,-1,325.000,325.000,300.000,300.000,-1,700.000,650.000,700.000,725.000,700.000,-1,-1,2,0,2,0,2,0,0,0,0,2,0,0,1,0,0,2,2
64,7461.090,4726.973,151.674,-100.551,-0.183465,0.979244,-0.086156,-0.983018,-0.182389,0.020263,0.004129,0.088410,0.996076,0,0.75406,-0.19569,45.243,-0.391,-1,400.000,-1,375.000,-1,325.000,325.000,300.000,300.000,-1,675.000,650.000,750.000,750.000,700.000,-1,-1,2,0,2,0,2,0,0,0,0,2,0,0,1,0,0,2,2
65,7452.517,4682.603,151.517,-100.936,-0.190179,0.977979,-0.085964,-0.981735,-0.188972,0.022043,0.005313,0.088586,0.996054,0,0.75317,-0.19280,45.190,-0.386,-1,400.000,-1,375.000,-1,325.000,325.000,300.000,300.000,-1,650.000,625.000,775.000,750.000,700.000,-1,-1,2,0,2,0,2,0,0,0,0,2,0,0,1,0,0,2,2
66,7443.659,4638.332,151.412,-101.316,-0.196764,0.976661,-0.086121,-0.980431,-0.195438,0.023656,0.006272,0.089091,0.996004,0,0.75248,-0.18978,45.149,-0.380,-1,400.000,-1,375.000,-1,325.000,325.000,300.000,300.000,-1,625.000,625.000,800.000,750.000,725.000,-1,-1,2,0,2,0,2,0,0,0,0,2,0,0,1,0,0,2,2
67,7434.519,4594.148,151.366,-101.689,-0.203202,0.975291,-0.086693,-0.979113,-0.201780,0.024959,0.006849,0.089954,0.995922,0,0.75198,-0.18662,45.119,-0.373,-1,400.000,-1,375.000,-1,325.000,325.000,300.000,300.000,-1,600.000,600.000,825.000,775.000,700.000,-1,-1,2,0,2,0,2,0,0,0,0,2,0,0,1,0,0,2,2
68,7425.100,4550.042,151.347,-102.056,-0.209510,0.973916,-0.087142,-0.977779,-0.208004,0.026128,0.007320,0.090680,0.995853,0,0.75168,-0.18334,45.101,-0.367,-1,400.000,-1,375.000,-1,325.000,325.000,300.000,300.000,-1,600.000,600.000,850.000,800.000,700.000,-1,-1,2,0,2,0,2,0,0,0,0,2,0,0,1,0,0,2,2
69,7415.404,4506.002,151.693,-102.416,-0.215610,0.972646,-0.086445,-0.976455,-0.214129,0.026171,0.006945,0.090052,0.995913,0,0.75157,-0.17993,45.094,-0.360,-1,400.000,-1,375.000,-1,325.000,325.000,300.000,300.000,-1,625.000,625.000,850.000,800.000,700.000,-1,-1,2,0,2,0,2,0,0,0,0,2,0,0,1,0,0,2,2
70,7405.435,4462.017,152.063,-102.768,-0.221594,0.971373,-0.085622,-0.975116,-0.220128,0.026316,0.006715,0.089322,0.995980,0,0.75165,-0.17640,45.099,-0.353,-1,400.000,-1,375.000,-1,325.000,325.000,300.000,300.000,-1,650.000,675.000,850.000,800.000,725.000,-1,-1,2,0,2,0,2,0,0,0,0,2,0,0,1,0,0,2,2
71,7395.198,4418.079,152.423,-103.114,-0.227450,0.970089,-0.084815,-0.973768,-0.225996,0.026491,0.006531,0.088615,0.996045,0,0.75192,-0.17275,45.115,-0.346,-1,400.000,-1,375.000,-1,325.000,325.000,300.000,300.000,-1,675.000,700.000,850.000,825.000,725.000,-1,-1,2,0,2,0,2,0,0,0,0,2,0,0,1,0,0,2,2
72,7384.696,4374.174,152.774,-103.452,-0.233174,0.968798,-0.084026,-0.972414,-0.231729,0.026698,0.006394,0.087933,0.996106,0,0.75237,-0.16899,45.142,-0.338,-1,400.000,-1,375.000,-1,325.000,325.000,300.000,300.000,-1,725.000,725.000,875.000,825.000,725.000,-1,-1,2,0,2,0,2,0,0,0,0,2,0,0,1,0,0,2,2
73,7373.932,4330.295,153.118,-103.782,-0.238763,0.967502,-0.083255,-0.971057,-0.237323,0.026938,0.006305,0.087277,0.996164,0,0.75300,-0.16512,45.180,-0.330,-1,400.000,-1,375.000,-1,325.000,325.000,300.000,300.000,-1,750.000,775.000,875.000,825.000,725.000,-1,-1,2,0,2,0,2,0,0,0,0,2,0,0,1,0,0,2,2
74,7362.909,4286.430,153.455,-104.104,-0.244214,0.966205,-0.082502,-0.969701,-0.242774,0.027214,0.006265,0.086649,0.996219,0,0.75381,-0.16114,45.229,-0.322,-1,400.000,-1,375.000,-1,325.000,325.000,300.000,300.000,-1,775.000,800.000,875.000,850.000,750.000,-1,-1,2,0,2,0,2,0,0,0,0,2,0,0,1,0,0,2,2
75,7351.632,4242.569,153.807,-104.419,-0.249530,0.964903,-0.081831,-0.968346,-0.248079,0.027609,0.006340,0.086130,0.996264,0,0.75479,-0.15705,45.287,-0.314,-1,400.000,-1,375.000,-1,325.000,325.000,300.000,300.000,-1,775.000,825.000,900.000,850.000,750.000,-1,-1,2,0,2,0,2,0,0,0,0,2,0,0,1,0,0,2,2
76,7340.103,4198.703,154.154,-104.724,-0.254700,0.963607,-0.081175,-0.966998,-0.253235,0.028040,0.006463,0.085638,0.996305,0,0.75593,-0.15286,45.356,-0.306,-1,400.000,-1,375.000,-1,325.000,325.000,300.000,300.000,-1,800.000,850.000,900.000,850.000,750.000,-1,-1,2,0,2,0,2,0,0,0,0,2,0,0,1,0,0,2,2
77,7326.966,4150.297,154.518,-105.184,-0.262450,0.961585,-0.080468,-0.964924,-0.260973,0.028537,0.006441,0.085135,0.996349,0,0.83593,-0.22998,50.156,-0.460,-1,400.000,-1,375.000,-1,325.000,325.000,300.000,300.000,-1,825.000,875.000,925.000,875.000,775.000,-1,-1,2,0,2,0,2,0,0,0,0,2,0,0,1,0,0,2,2
78,7313.276,4101.382,154.867,-105.635,-0.270025,0.959545,-0.079751,-0.962832,-0.268534,0.029063,0.006472,0.084635,0.996391,0,0.84657,-0.22515,50.794,-0.450,-1,400.000,-1,400.000,-1,325.000,325.000,300.000,300.000,-1,850.000,900.000,925.000,900.000,775.000,-1,-1,2,0,2,0,2,0,0,0,0,2,0,0,1,0,0,2,2
79,7298.243,4049.170,155.220,-106.061,-0.277193,0.957563,-0.078982,-0.960792,-0.275682,0.029651,0.006618,0.084105,0.996435,0,0.90556,-0.21325,54.333,-0.426,-1,425.000,-1,400.000,-1,325.000,325.000,300.000,300.000,-1,850.000,925.000,950.000,925.000,775.000,-1,-1,2,0,2,0,2,0,0,0,0,2,0,0,1,0,0,2,2
80,7282.796,3997.012,155.538,-106.497,-0.284512,0.955483,-0.078131,-0.958648,-0.282977,0.030302,0.006843,0.083521,0.996482,0,0.90661,-0.21808,54.397,-0.436,-1,425.000,-1,400.000,-1,325.000,325.000,300.000,300.000,-1,875.000,925.000,975.000,950.000,800.000,-1,-1,2,0,2,0,2,0,0,0,0,2,0,0,1,0,0,2,2
81,7266.926,3944.929,155.434,-106.943,-0.291870,0.953427,-0.076088,-0.956441,-0.290458,0.029255,0.005792,0.081312,0.996672,0,0.90745,-0.22296,54.447,-0.446,-1,425.000,-1,400.000,-1,325.000,325.000,300.000,300.000,-1,925.000,975.000,-1,950.000,800.000,-1,-1,2,0,2,0,2,0,0,0,0,2,0,0,2,0,0,2,2
82,7250.632,3892.938,155.313,-107.399,-0.299377,0.951253,-0.074095,-0.954123,-0.298085,0.028181,0.004720,0.079133,0.996853,0,0.90808,-0.22789,54.485,-0.456,-1,425.000,-1,400.000,-1,325.000,325.000,300.000,300.000,-1,975.000,-1,-1,950.000,800.000,-1,-1,2,0,2,0,2,0,0,0,0,2,0,2,2,0,0,2,2
83,7233.907,3841.058,155.258,-107.865,-0.307018,0.948976,-0.072007,-0.951698,-0.305865,0.026806,0.003414,0.076759,0.997044,0,0.90848,-0.23286,54.509,-0.466,-1,425.000,-1,400.000,-1,325.000,325.000,300.000,300.000,-1,-1,-1,-1,950.000,800.000,-1,-1,2,0,2,0,2,0,0,0,0,2,2,2,2,0,0,2,2
84,7216.751,3789.307,154.849,-108.340,-0.314731,0.946477,-0.071586,-0.949180,-0.313758,0.024754,0.000968,0.075739,0.997127,0,0.90867,-0.23786,54.520,-0.476,-1,425.000,-1,400.000,-1,325.000,325.000,300.000,300.000,-1,-1,-1,-1,950.000,800.000,-1,-1,2,0,2,0,2,0,0,0,0,2,2,2,2,0,0,2,2
85,7199.157,3737.706,154.450,-108.826,-0.322594,0.943855,-0.071211,-0.946536,-0.321795,0.022734,-0.001458,0.074737,0.997202,0,0.90863,-0.24288,54.518,-0.486,-1,425.000,-1,400.000,-1,325.000,325.000,300.000,300.000,-1,-1,-1,-1,950.000,800.000,-1,-1,2,0,2,0,2,0,0,0,0,2,2,2,2,0,0,2,2
86,7181.122,3686.275,154.054,-109.322,-0.330601,0.941101,-0.070939,-0.943762,-0.329974,0.020728,-0.003901,0.073802,0.997265,0,0.90836,-0.24791,54.502,-0.496,-1,425.000,-1,400.000,-1,325.000,325.000,300.000,300.000,-1,-1,-1,-1,925.000,800.000,-1,-1,2,0,2,0,2,0,0,0,0,2,2,2,2,0,0,2,2
87,7162.644,3635.032,153.686,-109.828,-0.338745,0.938204,-0.070884,-0.940856,-0.338290,0.018701,-0.006434,0.073026,0.997309,0,0.90787,-0.25294,54.472,-0.506,-1,400.000,-1,400.000,-1,325.000,325.000,300.000,300.000,-1,-1,-1,-1,925.000,800.000,-1,-1,2,0,2,0,2,0,0,0,0,2,2,2,2,0,0,2,2
88,7143.720,3583.998,153.311,-110.344,-0.347030,0.935171,-0.070885,-0.937811,-0.346743,0.016714,-0.008948,0.072278,0.997344,0,0.90715,-0.25795,54.429,-0.516,-1,425.000,-1,400.000,-1,325.000,325.000,300.000,300.000,-1,-1,-1,-1,925.000,800.000,-1,-1,2,0,2,0,2,0,0,0,0,2,2,2,2,0,0,2,2
89,7124.351,3533.191,152.931,-110.868,-0.355428,0.932007,-0.070944,-0.934634,-0.355305,0.014771,-0.011441,0.071557,0.997371,0,0.90622,-0.26218,54.373,-0.524,-1,425.000,-1,400.000,-1,325.000,325.000,300.000,300.000,-1,-1,-1,-1,925.000,800.000,-1,-1,2,0,2,0,2,0,0,0,0,2,2,2,2,0,0,2,2
90,7104.536,3482.630,152.546,-111.398,-0.363892,0.928726,-0.071060,-0.931337,-0.363931,0.012872,-0.013906,0.070865,0.997389,0,0.90508,-0.26505,54.305,-0.530,-1,425.000,-1,375.000,-1,325.000,325.000,325.000,300.000,-1,-1,-1,-1,925.000,800.000,-1,-1,2,0,2,0,2,0,0,0,0,2,2,2,2,0,0,2,2
91,7084.281,3432.331,152.157,-111.934,-0.372415,0.925328,-0.071234,-0.927922,-0.372611,0.011021,-0.016344,0.070204,0.997399,0,0.90373,-0.26771,54.224,-0.535,-1,425.000,-1,400.000,-1,325.000,325.000,325.000,300.000,-1,-1,-1,-1,925.000,800.000,-1,-1,2,0,2,0,2,0,0,0,0,2,2,2,2,0,0,2,2
92,7063.587,3382.312,151.507,-112.474,-0.381064,0.921880,-0.070198,-0.924375,-0.381365,0.009588,-0.017932,0.068543,0.997487,0,0.90218,-0.27017,54.131,-0.540,-1,425.000,-1,400.000,-1,325.000,325.000,325.000,300.000,-1,-1,-1,-1,925.000,800.000,-1,-1,2,0,2,0,2,0,0,0,0,2,2,2,2,0,0,2,2
93,7042.459,3332.589,150.549,-113.019,-0.389780,0.918390,-0.068063,-0.920702,-0.390189,0.007717,-0.019471,0.065674,0.997651,0,0.90043,-0.27241,54.026,-0.545,-1,425.000,-1,400.000,-1,325.000,325.000,325.000,300.000,-1,-1,-1,-1,950.000,800.000,-1,-1,2,0,2,0,2,0,0,0,0,2,2,2,2,0,0,2,2
94,7020.901,3283.175,149.421,-113.568,-0.398508,0.914816,-0.065592,-0.916911,-0.399059,0.005047,-0.021558,0.062154,0.997834,0,0.89852,-0.27444,53.911,-0.549,-1,425.000,-1,400.000,-1,325.000,325.000,300.000,300.000,-1,-1,-1,-1,925.000,800.000,-1,-1,2,0,2,0,2,0,0,0,0,2,2,2,2,0,0,2,2
95,6998.918,3234.086,148.291,-114.120,-0.407269,0.911118,-0.063209,-0.913002,-0.407948,0.002347,-0.023648,0.058665,0.997998,0,0.89644,-0.27624,53.786,-0.552,-1,425.000,-1,400.000,-1,325.000,325.000,300.000,300.000,-1,-1,-1,-1,925.000,800.000,-1,-1,2,0,2,0,2,0,0,0,0,2,2,2,2,0,0,2,2
96,6976.517,3185.333,146.933,-114.676,-0.416073,0.907256,-0.061394,-0.908986,-0.416827,0.000575,-0.025069,0.056046,0.998113,0,0.89421,-0.27782,53.653,-0.556,-1,425.000,-1,400.000,-1,325.000,325.000,300.000,300.000,-1,-1,-1,-1,925.000,800.000,-1,-1,2,0,2,0,2,0,0,0,0,2,2,2,2,0,0,2,2
97,6953.703,3136.928,145.410,-115.234,-0.424888,0.903250,-0.060082,-0.904867,-0.425695,-0.000698,-0.026207,0.054070,0.998193,0,0.89187,-0.27916,53.512,-0.558,-1,425.000,-1,400.000,-1,325.000,325.000,300.000,325.000,-1,-1,-1,-1,950.000,800.000,-1,-1,2,0,2,0,2,0,0,0,0,2,2,2,2,0,0,2,2
98,6930.480,3088.880,143.569,-115.795,-0.433613,0.899078,-0.060315,-0.900655,-0.434529,-0.002320,-0.028295,0.053317,0.998177,0,0.88941,-0.28028,53.365,-0.561,-1,425.000,-1,400.000,-1,325.000,325.000,300.000,300.000,-1,-1,-1,-1,950.000,800.000,-1,-1,2,0,2,0,2,0,0,0,0,2,2,2,2,0,0,2,2
99,6906.855,3041.199,141.731,-116.357,-0.442324,0.894805,-0.060614,-0.896341,-0.443349,-0.003921,-0.030382,0.052596,0.998154,0,0.88688,-0.28117,53.213,-0.562,-1,400.000,-1,400.000,-1,325.000,325.000,300.000,300.000,-1,-1,-1,-1,950.000,825.000,-1,-1,2,0,2,0,2,0,0,0,0,2,2,2,2,0,0,2,2
100,6882.832,2993.892,139.898,-116.921,-0.451013,0.890432,-0.060976,-0.891927,-0.452146,-0.005500,-0.032468,0.051906,0.998124,0,0.88428,-0.28182,53.057,-0.564,-1,400.000,-1,400.000,-1,325.000,325.000,300.000,300.000,-1,-1,-1,-1,950.000,825.000,-1,-1,2,0,2,0,2,0,0,0,0,2,2,2,2,0,0,2,2
101,6858.418,2946.965,138.071,-117.485,-0.459670,0.885965,-0.061404,-0.887418,-0.460913,-0.007055,-0.034552,0.051248,0.998088,0,0.88164,-0.28224,52.898,-0.564,-1,400.000,-1,400.000,-1,325.000,325.000,300.000,300.000,-1,-1,-1,-1,950.000,825.000,-1,-1,2,0,2,0,2,0,0,0,0,2,2,2,2,0,0,2,2
102,6833.617,2900.421,136.250,-118.050,-0.468287,0.881406,-0.061897,-0.882817,-0.469640,-0.008584,-0.036635,0.050624,0.998046,0,0.87898,-0.28244,52.739,-0.565,-1,425.000,-1,400.000,-1,325.000,325.000,325.000,300.000,-1,-1,-1,-1,950.000,825.000,-1,-1,2,0,2,0,2,0,0,0,0,2,2,2,2,0,0,2,2
103,6808.435,2854.263,134.436,-118.615,-0.476857,0.876759,-0.062455,-0.878128,-0.478319,-0.010087,-0.038717,0.050034,0.997997,0,0.87633,-0.28240,52.580,-0.565,-1,425.000,-1,400.000,-1,325.000,325.000,325.000,300.000,-1,-1,-1,-1,950.000,825.000,-1,-1,2,0,2,0,2,0,0,0,0,2,2,2,2,0,0,2,2
104,6782.876,2808.493,132.605,-119.179,-0.485368,0.872035,-0.063030,-0.873354,-0.486947,-0.011680,-0.040878,0.049379,0.997943,0,0.87371,-0.28214,52.422,-0.564,-1,425.000,-1,400.000,-1,325.000,325.000,325.000,300.000,-1,-1,-1,-1,950.000,825.000,-1,-1,2,0,2,0,2,0,0,0,0,2,2,2,2,0,0,2,2
105,6756.945,2763.111,130.495,-119.742,-0.493917,0.867280,-0.062218,-0.868488,-0.495539,-0.013035,-0.042137,0.047598,0.997977,0,0.87113,-0.28165,52.268,-0.563,-1,425.000,-1,400.000,-1,325.000,325.000,325.000,300.000,-1,-1,-1,-1,975.000,850.000,-1,-1,2,0,2,0,2,0,0,0,0,2,2,2,2,0,0,2,2
106,6730.646,2718.115,128.359,-120.304,-0.502408,0.862455,-0.061299,-0.863546,-0.504065,-0.014369,-0.043291,0.045716,0.998016,0,0.86862,-0.28095,52.117,-0.562,-1,425.000,-1,400.000,-1,325.000,325.000,325.000,300.000,-1,-1,-1,-1,975.000,850.000,-1,-1,2,0,2,0,2,0,0,0,0,2,2,2,2,0,0,2,2
107,6706.540,2677.399,126.145,-120.626,-0.507243,0.859713,-0.059986,-0.860620,-0.508964,-0.016982,-0.045130,0.043012,0.998055,0,0.78862,-0.16095,47.317,-0.322,-1,425.000,-1,400.000,-1,325.000,325.000,300.000,300.000,-1,-1,-1,-1,975.000,850.000,-1,-1,2,0,2,0,2,0,0,0,0,2,2,2,2,0,0,2,2
108,6684.826,2640.844,124.124,-120.708,-0.508471,0.859072,-0.058753,-0.859807,-0.510244,-0.019568,-0.046788,0.040566,0.998081,0,0.70862,-0.04095,42.517,-0.082,-1,425.000,-1,400.000,-1,325.000,325.000,300.000,300.000,-1,-1,-1,-1,975.000,875.000,-1,-1,2,0,2,0,2,0,0,0,0,2,2,2,2,0,0,2,2
109,6663.512,2604.733,122.147,-120.550,-0.506102,0.860553,-0.057523,-0.861121,-0.507917,-0.022154,-0.048281,0.038322,0.998098,0,0.69887,0.07905,41.932,0.158,-1,425.000,-1,400.000,-1,325.000,325.000,300.000,300.000,-1,-1,-1,-1,950.000,875.000,-1,-1,2,0,2,0,2,0,0,0,0,2,2,2,2,0,0,2,2
110,6642.528,2568.611,120.200,-120.152,-0.500118,0.864129,-0.056247,-0.864534,-0.501964,-0.024756,-0.049626,0.036247,0.998110,0,0.69623,0.19905,41.774,0.398,-1,425.000,-1,400.000,-1,350.000,325.000,300.000,325.000,-1,-1,-1,-1,950.000,875.000,-1,-1,2,0,2,0,2,0,0,0,0,2,2,2,2,0,0,2,2
111,6621.886,2532.491,118.121,-119.747,-0.494018,0.867698,-0.055196,-0.867982,-0.495878,-0.026682,-0.050522,0.034728,0.998119,0,0.69337,0.20226,41.602,0.405,-1,425.000,-1,425.000,-1,350.000,325.000,300.000,325.000,-1,-1,-1,-1,950.000,875.000,-1,-1,2,0,2,0,2,0,0,0,0,2,2,2,2,0,0,2,2
112,6601.579,2496.364,115.924,-119.339,-0.487839,0.871238,-0.054384,-0.871438,-0.489702,-0.028047,-0.051068,0.033710,0.998126,0,0.69071,0.20403,41.443,0.408,-1,425.000,-1,425.000,-1,350.000,325.000,300.000,325.000,-1,-1,-1,-1,950.000,875.000,-1,-1,2,0,2,0,2,0,0,0,0,2,2,2,2,0,0,2,2
113,6581.604,2460.220,113.677,-118.927,-0.481552,0.874759,-0.053890,-0.874882,-0.483437,-0.029493,-0.051852,0.032945,0.998111,0,0.68827,0.20601,41.296,0.412,-1,425.000,-1,425.000,-1,350.000,350.000,300.000,325.000,-1,-1,-1,-1,950.000,875.000,-1,-1,2,0,2,0,2,0,0,0,0,2,2,2,2,0,0,2,2
114,6561.955,2424.048,111.024,-118.511,-0.475031,0.878225,-0.055366,-0.878316,-0.477054,-0.031319,-0.053918,0.033752,0.997975,0,0.68607,0.20819,41.164,0.416,-1,425.000,-1,425.000,-1,350.000,350.000,300.000,325.000,-1,-1,-1,-1,925.000,875.000,-1,-1,2,0,2,0,2,0,0,0,0,2,2,2,2,0,0,2,2
115,6542.628,2387.836,108.399,-118.090,-0.468409,0.881685,-0.056787,-0.881736,-0.470574,-0.033195,-0.055990,0.034522,0.997834,0,0.68411,0.21057,41.046,0.421,-1,425.000,-1,425.000,-1,350.000,325.000,300.000,300.000,-1,-1,-1,-1,925.000,850.000,-1,-1,2,0,2,0,2,0,0,0,0,2,2,2,2,0,0,2,2
116,6523.619,2351.572,105.798,-117.664,-0.461679,0.885139,-0.058151,-0.885144,-0.463989,-0.035121,-0.058068,0.035258,0.997690,0,0.68240,0.21314,40.944,0.426,-1,425.000,-1,425.000,-1,325.000,325.000,300.000,300.000,-1,-1,-1,-1,925.000,850.000,-1,-1,2,0,2,0,2,0,0,0,0,2,2,2,2,0,0,2,2
117,6504.923,2315.243,103.223,-117.232,-0.454836,0.888588,-0.059459,-0.888541,-0.457294,-0.037095,-0.060153,0.035960,0.997541,0,0.68095,0.21590,40.857,0.432,-1,425.000,-1,400.000,-1,325.000,325.000,300.000,300.000,-1,-1,-1,-1,900.000,825.000,-1,-1,2,0,2,0,2,0,0,0,0,2,2,2,2,0,0,2,2
118,6486.537,2278.836,100.657,-116.794,-0.447879,0.892035,-0.060641,-0.891928,-0.450483,-0.039104,-0.062200,0.036573,0.997393,0,0.67977,0.21883,40.786,0.438,-1,425.000,-1,400.000,-1,325.000,325.000,300.000,300.000,-1,-1,-1,-1,900.000,825.000,-1,-1,2,0,2,0,2,0,0,0,0,2,2,2,2,0,0,2,2
119,6468.457,2242.336,98.110,-116.350,-0.440798,0.895480,-0.061746,-0.895304,-0.443550,-0.041157,-0.064243,0.037140,0.997243,0,0.67887,0.22194,40.732,0.444,-1,425.000,-1,400.000,-1,325.000,325.000,300.000,300.000,-1,-1,-1,-1,875.000,800.000,-1,-1,2,0,2,0,2,0,0,0,0,2,2,2,2,0,0,2,2
120,6450.682,2205.729,95.586,-115.900,-0.433587,0.898921,-0.062795,-0.898670,-0.436488,-0.043255,-0.066292,0.037677,0.997089,0,0.67823,0.22521,40.694,0.450,-1,425.000,-1,400.000,-1,325.000,325.000,300.000,300.000,-1,-1,-1,-1,875.000,800.000,-1,-1,2,0,2,0,2,0,0,0,0,2,2,2,2,0,0,2,2
121,6433.209,2169.001,93.083,-115.442,-0.426240,0.902359,-0.063786,-0.902024,-0.429291,-0.045400,-0.068350,0.038185,0.996930,0,0.67787,0.22865,40.672,0.457,-1,425.000,-1,400.000,-1,325.000,325.000,300.000,300.000,-1,-1,-1,-1,875.000,775.000,-1,-1,2,0,2,0,2,0,0,0,0,2,2,2,2,0,0,2,2
122,6416.037,2132.138,90.600,-114.978,-0.418750,0.905793,-0.064719,-0.905367,-0.421954,-0.047591,-0.070416,0.038666,0.996768,0,0.67777,0.23225,40.666,0.464,-1,400.000,-1,400.000,-1,325.000,325.000,300.000,300.000,-1,-1,-1,-1,850.000,775.000,-1,-1,2,0,2,0,2,0,0,0,0,2,2,2,2,0,0,2,2
123,6399.164,2095.125,87.965,-114.506,-0.411194,0.909246,-0.064734,-0.908704,-0.414481,-0.049613,-0.071942,0.038424,0.996668,0,0.67795,0.23600,40.677,0.472,-1,400.000,-1,400.000,-1,325.000,325.000,300.000,300.000,-1,-1,-1,-1,850.000,775.000,-1,-1,2,0,2,0,2,0,0,0,0,2,2,2,2,0,0,2,2
124,6380.468,2053.669,84.909,-114.274,-0.407492,0.910957,-0.064086,-0.910251,-0.410815,-0.051721,-0.073443,0.037258,0.996603,0,0.75795,0.11600,45.477,0.232,-1,400.000,-1,400.000,-1,325.000,325.000,300.000,300.000,-1,-1,-1,-1,825.000,775.000,-1,-1,2,0,2,0,2,0,0,0,0,2,2,2,2,0,0,2,2
125,6360.433,2009.260,81.541,-114.282,-0.407627,0.910966,-0.063091,-0.910025,-0.410972,-0.054372,-0.075460,0.035251,0.996526,0,0.81197,-0.00400,48.718,-0.008,-1,400.000,-1,400.000,-1,325.000,325.000,300.000,300.000,-1,-1,-1,-1,825.000,750.000,-1,-1,2,0,2,0,2,0,0,0,0,2,2,2,2,0,0,2,2
126,6340.167,1964.853,78.139,-114.530,-0.411597,0.909255,-0.062000,-0.908053,-0.414946,-0.057094,-0.077639,0.032800,0.996442,0,0.81355,-0.12400,48.813,-0.248,-1,400.000,-1,400.000,-1,325.000,325.000,300.000,300.000,-1,-1,-1,-1,800.000,750.000,-1,-1,2,0,2,0,2,0,0,0,0,2,2,2,2,0,0,2,2
127,6319.472,1920.512,74.706,-115.018,-0.419377,0.905768,-0.060884,-0.904287,-0.422713,-0.059828,-0.079926,0.029966,0.996350,0,0.81553,-0.24400,48.932,-0.488,-1,400.000,-1,400.000,-1,325.000,325.000,300.000,300.000,-1,-1,-1,-1,775.000,750.000,-1,-1,2,0,2,0,2,0,0,0,0,2,2,2,2,0,0,2,2
128,6298.157,1876.314,70.892,-115.746,-0.430891,0.900375,-0.060478,-0.898734,-0.434212,-0.061135,-0.081305,0.028011,0.996296,0,0.81782,-0.36400,49.069,-0.728,-1,400.000,-1,400.000,-1,325.000,325.000,300.000,325.000,-1,-1,-1,-1,775.000,725.000,-1,-1,2,0,2,0,2,0,0,0,0,2,2,2,2,0,0,2,2
129,6276.029,1832.345,66.823,-116.714,-0.446076,0.892950,-0.060478,-0.891217,-0.449380,-0.061569,-0.082155,0.026434,0.996269,0,0.82038,-0.48400,49.223,-0.968,-1,400.000,-1,400.000,-1,325.000,325.000,300.000,300.000,-1,-1,-1,-1,750.000,725.000,-1,-1,2,0,2,0,2,0,0,0,0,2,2,2,2,0,0,2,2
130,6252.902,1788.707,62.687,-117.922,-0.464843,0.883320,-0.060546,-0.881477,-0.468128,-0.062077,-0.083177,0.024514,0.996233,0,0.82313,-0.60400,49.388,-1.208,-1,400.000,-1,375.000,-1,325.000,325.000,300.000,300.000,-1,-1,-1,-1,750.000,725.000,-1,-1,2,0,2,0,2,0,0,0,0,2,2,2,2,0,0,2,2
131,6228.594,1745.516,58.499,-119.370,-0.487072,0.871257,-0.060604,-0.869285,-0.490327,-0.062638,-0.084290,0.022173,0.996195,0,0.82601,-0.72400,49.561,-1.448,-1,400.000,-1,375.000,-1,325.000,325.000,300.000,300.000,-1,-1,-1,-1,725.000,700.000,-1,-1,2,0,2,0,2,0,0,0,0,2,2,2,2,0,0,2,2
132,6202.963,1702.891,54.268,-121.019,-0.512016,0.856836,-0.060592,-0.854720,-0.515224,-0.063240,-0.085404,0.019409,0.996157,0,0.82897,-0.82445,49.738,-1.649,-1,400.000,-1,375.000,-1,325.000,325.000,300.000,300.000,-1,-1,-1,-1,725.000,700.000,-1,-1,2,0,2,0,2,0,0,0,0,2,2,2,2,0,0,2,2
133,6176.027,1660.866,50.008,-122.657,-0.536392,0.841796,-0.060521,-0.839539,-0.539540,-0.063800,-0.086360,0.016588,0.996126,0,0.83194,-0.81926,49.916,-1.639,-1,400.000,-1,375.000,-1,325.000,325.000,300.000,300.000,-1,-1,-1,-1,700.000,700.000,-1,-1,2,0,2,0,2,0,0,0,0,2,2,2,2,0,0,2,2
134,6147.810,1619.480,45.862,-124.286,-0.560174,0.826155,-0.060599,-0.823825,-0.563261,-0.063635,-0.086706,0.014276,0.996132,0,0.83483,-0.81411,50.090,-1.628,-1,375.000,-1,375.000,-1,325.000,300.000,300.000,300.000,-1,-1,-1,-1,700.000,700.000,-1,-1,2,0,2,0,2,0,0,0,0,2,2,2,2,0,0,2,2
