timestep,x_cm,y_cm,z_cm,yaw_deg,basis_xx,basis_xy,basis_xz,basis_yx,basis_yy,basis_yz,basis_zx,basis_zy,basis_zz,teleport_flag,throttle_cmd,steering_cmd,cmd_move_cm,cmd_turn_deg,lidar_cm_0,lidar_cm_1,lidar_cm_2,lidar_cm_3,lidar_cm_4,lidar_cm_5,lidar_cm_6,lidar_cm_7,lidar_cm_8,lidar_cm_9,lidar_cm_10,lidar_cm_11,lidar_cm_12,lidar_cm_13,lidar_cm_14,lidar_cm_15,lidar_cm_16,lidar_class_0,lidar_class_1,lidar_class_2,lidar_class_3,lidar_class_4,lidar_class_5,lidar_class_6,lidar_class_7,lidar_class_8,lidar_class_9,lidar_class_10,lidar_class_11,lidar_class_12,lidar_class_13,lidar_class_14,lidar_class_15,lidar_class_16
0,-4923.882,5577.363,209.843,156.136,-0.914445,-0.404493,-0.013239,0.404659,-0.914360,-0.014033,-0.006429,-0.018189,0.999814,1,0.08000,-0.12000,4.800,-0.240,-1,400.000,-1,400.000,-1,325.000,325.000,300.000,300.000,-1,-1,-1,-1,750.000,800.000,-1,-1,2,0,2,0,2,0,0,0,0,2,2,2,2,0,0,2,2
1,-4932.629,5581.321,209.770,155.656,-0.911023,-0.412139,-0.013369,0.412306,-0.910938,-0.013981,-0.006416,-0.018249,0.999813,0,0.16000,-0.24000,9.600,-0.480,-1,400.000,-1,400.000,-1,325.000,325.000,300.000,300.000,-1,-1,-1,-1,750.000,800.000,-1,-1,2,0,2,0,2,0,0,0,0,2,2,2,2,0,0,2,2
2,-4945.673,5587.421,209.661,154.936,-0.905770,-0.423552,-0.013572,0.423722,-0.905686,-0.013905,-0.006402,-0.018346,0.999811,0,0.24000,-0.36000,14.400,-0.720,-1,400.000,-1,400.000,-1,325.000,325.000,300.000,300.000,-1,-1,-1,-1,750.000,775.000,-1,-1,2,0,2,0,2,0,0,0,0,2,2,2,2,0,0,2,2
3,-4962.926,5595.845,209.519,153.976,-0.898543,-0.438666,-0.013855,0.438838,-0.898460,-0.013806,-0.006392,-0.018486,0.999809,0,0.32000,-0.48000,19.200,-0.960,-1,400.000,-1,400.000,-1,325.000,325.000,300.000,300.000,-1,-1,-1,-1,750.000,775.000,-1,-1,2,0,2,0,2,0,0,0,0,2,2,2,2,0,0,2,2
4,-4984.268,5606.824,209.344,152.776,-0.889155,-0.457384,-0.014231,0.457561,-0.889073,-0.013686,-0.006393,-0.018681,0.999805,0,0.40000,-0.60000,24.000,-1.200,-1,400.000,-1,400.000,-1,325.000,325.000,300.000,300.000,-1,-1,-1,-1,750.000,775.000,-1,-1,2,0,2,0,2,0,0,0,0,2,2,2,2,0,0,2,2
5,-5009.538,5620.638,209.137,151.336,-0.877375,-0.479580,-0.014715,0.479763,-0.877294,-0.013544,-0.006413,-0.018943,0.999800,0,0.48000,-0.72000,28.800,-1.440,-1,400.000,-1,400.000,-1,325.000,325.000,300.000,300.000,-1,-1,-1,-1,750.000,775.000,-1,-1,2,0,2,0,2,0,0,0,0,2,2,2,2,0,0,2,2
6,-5038.536,5637.612,208.900,149.656,-0.862930,-0.505090,-0.015324,0.505281,-0.862851,-0.013381,-0.006463,-0.019290,0.999793,0,0.56000,-0.84000,33.600,-1.680,-1,400.000,-1,400.000,-1,325.000,325.000,300.000,300.000,-1,-1,-1,-1,750.000,775.000,-1,-1,2,0,2,0,2,0,0,0,0,2,2,2,2,0,0,2,2
7,-5071.007,5658.111,208.707,147.736,-0.845519,-0.533714,-0.015715,0.533908,-0.845441,-0.013080,-0.006305,-0.019449,0.999791,0,0.64000,-0.96000,38.400,-1.920,-1,400.000,-1,400.000,-1,325.000,325.000,300.000,300.000,-1,-1,-1,-1,750.000,775.000,-1,-1,2,0,2,0,2,0,0,0,0,2,2,2,2,0,0,2,2
8,-5106.710,5682.432,208.514,145.736,-0.826373,-0.562893,-0.016088,0.563089,-0.826298,-0.012752,-0.006115,-0.019597,0.999789,0,0.72000,-1.00000,43.200,-2.000,-1,400.000,-1,400.000,-1,325.000,325.000,300.000,300.000,-1,-1,-1,-1,750.000,775.000,-1,-1,2,0,2,0,2,0,0,0,0,2,2,2,2,0,0,2,2
9,-5145.413,5710.824,208.303,143.736,-0.806220,-0.591384,-0.016543,0.591585,-0.806147,-0.012438,-0.005980,-0.019815,0.999786,0,0.80000,-0.99998,48.000,-2.000,-1,400.000,-1,400.000,-1,325.000,325.000,300.000,300.000,-1,-1,-1,-1,750.000,775.000,-1,-1,2,0,2,0,2,0,0,0,0,2,2,2,2,0,0,2,2
10,-5184.410,5741.582,208.161,141.737,-0.785100,-0.619144,-0.016682,0.619343,-0.785027,-0.012079,-0.005617,-0.019815,0.999788,0,0.82779,-0.99950,49.667,-1.999,-1,400.000,-1,400.000,-1,325.000,325.000,300.000,300.000,-1,-1,-1,-1,750.000,775.000,-1,-1,2,0,2,0,2,0,0,0,0,2,2,2,2,0,0,2,2
11,-5222.608,5773.930,208.035,139.740,-0.763047,-0.646124,-0.016784,0.646322,-0.762974,-0.011781,-0.005194,-0.019837,0.999790,0,0.83424,-0.99852,50.055,-1.997,-1,400.000,-1,400.000,-1,325.000,325.000,300.000,300.000,-1,-1,-1,-1,750.000,750.000,-1,-1,2,0,2,0,2,0,0,0,0,2,2,2,2,0,0,2,2
12,-5259.943,5807.846,207.904,137.746,-0.740103,-0.672280,-0.016956,0.672477,-0.740027,-0.011570,-0.004769,-0.019965,0.999789,0,0.84067,-0.99705,50.440,-1.994,-1,400.000,-1,400.000,-1,325.000,325.000,300.000,300.000,-1,-1,-1,-1,775.000,750.000,-1,-1,2,0,2,0,2,0,0,0,0,2,2,2,2,1,0,2,2
13,-5296.350,5843.304,207.787,135.756,-0.716311,-0.697569,-0.017214,0.697768,-0.716231,-0.011529,-0.004286,-0.020270,0.999785,0,0.84701,-0.99504,50.820,-1.990,-1,400.000,-1,400.000,-1,325.000,325.000,300.000,300.000,-1,-1,-1,-1,750.000,750.000,-1,-1,2,0,2,0,2,0,0,0,0,2,2,2,2,1,0,2,2
14,-5331.764,5880.271,207.679,133.771,-0.691723,-0.721951,-0.017486,0.722154,-0.691633,-0.011730,-0.003625,-0.020741,0.999778,0,0.85322,-0.99247,51.193,-1.985,-1,400.000,-1,400.000,-1,325.000,325.000,300.000,300.000,-1,-1,-1,-1,750.000,750.000,-1,-1,2,0,2,0,2,0,0,0,0,2,2,2,2,1,0,2,2
15,-5366.123,5918.709,207.536,131.793,-0.666389,-0.745394,-0.017695,0.745599,-0.666287,-0.012040,-0.002815,-0.021217,0.999771,0,0.85926,-0.98934,51.555,-1.979,-1,400.000,-1,400.000,-1,325.000,325.000,300.000,300.000,-1,-1,-1,-1,750.000,750.000,-1,-1,2,0,2,0,2,0,0,0,0,2,2,2,2,1,1,2,2
16,-5398.872,5957.663,207.391,130.054,-0.643473,-0.765257,-0.017999,0.765466,-0.643356,-0.012455,-0.002048,-0.021792,0.999760,0,0.84818,-0.86934,50.891,-1.739,-1,400.000,-1,400.000,-1,325.000,325.000,300.000,300.000,-1,-1,-1,-1,725.000,725.000,950.000,-1,2,0,2,0,2,0,0,0,0,2,2,2,2,1,1,1,2
17,-5430.795,5997.717,207.250,128.555,-0.623245,-0.781811,-0.018381,0.782025,-0.623113,-0.012918,-0.001354,-0.022426,0.999748,0,0.85365,-0.74934,51.219,-1.499,-1,400.000,-1,400.000,-1,325.000,325.000,300.000,300.000,-1,-1,-1,-1,725.000,700.000,900.000,1000.000,2,0,2,0,2,0,0,0,0,2,2,2,2,1,1,1,1
18,-5462.022,6038.713,207.201,127.297,-0.605922,-0.795304,-0.018714,0.795523,-0.605785,-0.012965,-0.001025,-0.022744,0.999741,0,0.85891,-0.62934,51.535,-1.259,925.000,400.000,-1,400.000,-1,325.000,325.000,300.000,300.000,-1,-1,-1,-1,700.000,675.000,825.000,950.000,1,0,2,0,2,0,0,0,0,2,2,2,2,1,1,1,1
19,-5492.672,6080.520,207.147,126.246,-0.591234,-0.806274,-0.019087,0.806500,-0.591090,-0.013062,-0.000751,-0.023116,0.999733,0,0.86397,-0.52548,51.838,-1.051,825.000,400.000,-1,400.000,-1,325.000,325.000,300.000,300.000,-1,-1,-1,-1,675.000,650.000,775.000,925.000,1,0,2,0,2,0,0,0,0,2,2,2,2,1,1,1,1
20,-5522.725,6123.116,207.091,125.204,-0.576485,-0.816875,-0.019494,0.817107,-0.576334,-0.013212,-0.000443,-0.023545,0.999723,0,0.86884,-0.52066,52.131,-1.041,750.000,400.000,975.000,400.000,-1,325.000,325.000,300.000,300.000,-1,-1,-1,-1,650.000,625.000,725.000,875.000,1,0,1,0,2,0,0,0,0,2,2,2,2,1,1,1,1
21,-5552.160,6166.472,207.156,124.174,-0.561702,-0.827111,-0.019468,0.827340,-0.561546,-0.013207,-0.000009,-0.023525,0.999723,0,0.87340,-0.51538,52.404,-1.031,700.000,400.000,925.000,400.000,-1,325.000,325.000,300.000,300.000,-1,-1,-1,-1,650.000,600.000,675.000,850.000,1,0,1,0,2,0,0,0,0,2,2,2,2,1,1,1,1
22,-5580.957,6210.555,207.251,123.154,-0.546903,-0.836970,-0.019434,0.837196,-0.546746,-0.013085,0.000326,-0.023426,0.999726,0,0.87759,-0.50960,52.656,-1.019,625.000,400.000,850.000,400.000,-1,325.000,325.000,300.000,300.000,-1,-1,-1,-1,625.000,575.000,650.000,800.000,1,0,1,1,2,0,0,0,0,2,2,2,2,1,1,1,1
23,-5609.096,6255.330,207.338,122.148,-0.532118,-0.846447,-0.019450,0.846670,-0.531958,-0.013038,0.000689,-0.023405,0.999726,0,0.88137,-0.50332,52.882,-1.007,575.000,400.000,800.000,375.000,-1,325.000,325.000,300.000,300.000,-1,-1,-1,-1,600.000,550.000,600.000,750.000,1,0,1,1,2,0,0,0,0,2,2,2,2,1,1,1,1
24,-5636.558,6300.755,207.418,121.155,-0.517372,-0.855538,-0.019521,0.855760,-0.517208,-0.013069,0.001084,-0.023467,0.999724,0,0.88468,-0.49651,53.081,-0.993,525.000,400.000,750.000,375.000,-1,325.000,325.000,300.000,300.000,-1,-1,-1,-1,575.000,525.000,550.000,725.000,1,0,1,1,2,0,0,0,0,2,2,2,2,1,1,1,1
25,-5663.747,6347.795,207.487,120.028,-0.500450,-0.865543,-0.019635,0.865764,-0.500280,-0.013126,0.001538,-0.023568,0.999721,0,0.90554,-0.56347,54.332,-1.127,475.000,400.000,700.000,350.000,-1,325.000,325.000,300.000,300.000,-1,-1,-1,-1,550.000,500.000,525.000,675.000,1,0,1,1,2,0,1,0,0,2,2,2,2,1,1,1,1
26,-5690.217,6395.740,207.544,118.903,-0.483372,-0.875191,-0.019806,0.875413,-0.483196,-0.013212,0.001993,-0.023725,0.999717,0,0.91279,-0.56226,54.767,-1.125,425.000,400.000,625.000,325.000,-1,325.000,300.000,300.000,300.000,-1,-1,-1,-1,500.000,475.000,475.000,625.000,1,1,1,1,2,1,1,0,0,2,2,2,2,1,1,1,1
27,-5715.949,6444.582,207.638,117.782,-0.466153,-0.884472,-0.020247,0.884701,-0.465969,-0.013286,0.002316,-0.024106,0.999707,0,0.92009,-0.56075,55.206,-1.121,400.000,375.000,575.000,300.000,-1,300.000,275.000,300.000,300.000,-1,-1,-1,-1,450.000,450.000,450.000,575.000,1,1,1,1,2,1,1,0,0,2,2,2,2,1,1,1,1
28,-5740.921,6494.311,207.837,116.664,-0.448820,-0.893376,-0.020995,0.893618,-0.448616,-0.013831,0.002938,-0.024969,0.999684,0,0.92744,-0.55892,55.647,-1.118,350.000,325.000,525.000,300.000,-1,275.000,250.000,300.000,300.000,-1,-1,-1,-1,425.000,400.000,400.000,550.000,1,1,1,1,2,1,1,1,0,2,2,2,2,1,1,1,1
29,-5765.114,6544.915,208.807,115.550,-0.431449,-0.901832,-0.023455,0.902118,-0.431126,-0.017685,0.005837,-0.028790,0.999568,0,0.93483,-0.55675,56.090,-1.114,325.000,300.000,475.000,275.000,-1,250.000,225.000,300.000,300.000,-1,-1,-1,-1,375.000,375.000,350.000,525.000,1,1,1,1,2,1,1,1,0,2,2,2,2,1,1,1,1
30,-5788.508,6596.383,210.075,114.442,-0.414048,-0.909861,-0.026793,0.910204,-0.413535,-0.022729,0.009600,-0.033798,0.999383,0,0.94225,-0.55420,56.535,-1.108,300.000,250.000,425.000,250.000,-1,225.000,225.000,275.000,325.000,-1,-1,-1,-1,325.000,350.000,300.000,500.000,1,1,1,1,2,1,1,1,0,2,2,2,2,1,1,1,1
31,-5811.084,6648.700,211.654,113.340,-0.396656,-0.917445,-0.030977,0.917859,-0.395865,-0.028732,0.014098,-0.039829,0.999107,0,0.94967,-0.55123,56.980,-1.102,250.000,225.000,400.000,250.000,-1,200.000,200.000,275.000,325.000,-1,875.000,-1,-1,275.000,325.000,250.000,475.000,1,1,1,1,2,1,1,1,0,2,0,2,2,1,1,1,1
32,-5832.822,6701.851,214.919,112.244,-0.379345,-0.924797,-0.029111,0.924954,-0.378231,-0.037432,0.023607,-0.041126,0.998875,0,0.95707,-0.54778,57.424,-1.096,200.000,200.000,350.000,225.000,-1,175.000,200.000,250.000,350.000,-1,500.000,625.000,-1,250.000,325.000,200.000,500.000,1,1,1,1,2,1,1,1,0,2,0,0,2,1,1,1,1
33,-5853.701,6755.823,223.556,111.156,-0.361509,-0.932365,-0.002571,0.930992,-0.360824,-0.055315,0.050646,-0.022390,0.998466,0,0.96444,-0.54380,57.866,-1.088,200.000,200.000,375.000,250.000,-1,175.000,200.000,275.000,350.000,-1,250.000,275.000,-1,250.000,350.000,200.000,-1,1,1,1,1,2,1,1,1,0,2,0,0,2,1,1,1,2
34,-4263.560,6887.288,238.241,124.780,-0.570474,-0.821316,0.000137,0.821220,-0.570410,-0.015177,0.012543,-0.008546,0.999885,1,0.00000,0.00000,58.687,-1.125,-1,400.000,-1,400.000,-1,325.000,325.000,325.000,325.000,-1,-1,-1,-1,-1,900.000,-1,-1,2,0,2,1,2,0,0,0,0,2,2,2,2,2,1,2,2
35,-4266.299,6891.230,238.298,124.797,-0.570711,-0.821151,0.000031,0.821055,-0.570645,-0.015265,0.012552,-0.008686,0.999883,0,0.08000,0.00824,4.800,0.016,-1,400.000,-1,400.000,-1,325.000,325.000,325.000,325.000,-1,-1,-1,-1,-1,900.000,-1,-1,2,0,2,1,2,0,0,0,0,2,2,2,2,2,1,2,2
36,-4271.779,6899.112,238.411,124.813,-0.570946,-0.820988,-0.000183,0.820892,-0.570875,-0.015440,0.012571,-0.008965,0.999881,0,0.16000,0.00807,9.600,0.016,-1,400.000,-1,400.000,-1,325.000,325.000,325.000,325.000,-1,-1,-1,-1,-1,925.000,-1,-1,2,0,2,1,2,0,0,0,0,2,2,2,2,2,1,2,2
37,-4280.004,6910.932,238.573,124.828,-0.571172,-0.820830,-0.000497,0.820734,-0.571096,-0.015670,0.012578,-0.009358,0.999877,0,0.24000,0.00777,14.400,0.016,-1,400.000,-1,400.000,-1,325.000,325.000,325.000,325.000,-1,-1,-1,-1,-1,925.000,-1,-1,2,0,2,1,2,0,0,0,0,2,2,2,2,2,1,2,2
38,-4290.973,6926.690,238.719,124.843,-0.571385,-0.820682,-0.000825,0.820589,-0.571304,-0.015654,0.012375,-0.009622,0.999877,0,0.32000,0.00732,19.200,0.015,-1,400.000,-1,400.000,-1,325.000,325.000,325.000,325.000,-1,-1,-1,-1,-1,950.000,-1,-1,2,0,2,1,2,0,0,0,0,2,2,2,2,2,1,2,2
39,-4304.690,6946.384,238.903,124.857,-0.571580,-0.820545,-0.001242,0.820457,-0.571495,-0.015631,0.012116,-0.009953,0.999877,0,0.40000,0.00672,24.000,0.013,-1,400.000,-1,400.000,-1,325.000,325.000,325.000,325.000,-1,-1,-1,-1,-1,975.000,-1,-1,2,0,2,1,2,0,0,0,0,2,2,2,2,2,1,2,2
40,-4321.155,6970.013,239.125,124.868,-0.571754,-0.820423,-0.001752,0.820340,-0.571663,-0.015598,0.011796,-0.010355,0.999877,0,0.48000,0.00596,28.800,0.012,-1,400.000,-1,400.000,-1,325.000,325.000,325.000,300.000,-1,-1,-1,-1,-1,-1,-1,-1,2,0,2,1,2,0,0,0,0,2,2,2,2,2,2,2,2
41,-4340.368,6997.578,239.384,124.878,-0.571901,-0.820319,-0.002359,0.820243,-0.571804,-0.015552,0.011409,-0.010829,0.999876,0,0.56000,0.00501,33.600,0.010,-1,400.000,-1,400.000,-1,325.000,325.000,300.000,300.000,-1,-1,-1,-1,-1,-1,-1,-1,2,0,2,1,2,0,1,0,0,2,2,2,2,2,2,2,2
42,-4362.331,7029.077,239.707,124.886,-0.572016,-0.820236,-0.003181,0.820170,-0.571910,-0.015481,0.010879,-0.011464,0.999875,0,0.64000,0.00386,38.400,0.008,-1,400.000,-1,425.000,-1,325.000,325.000,300.000,300.000,-1,-1,-1,-1,-1,-1,-1,-1,2,0,2,1,2,0,1,0,0,2,2,2,2,2,2,2,2
43,-4387.042,7064.511,240.083,124.891,-0.572091,-0.820179,-0.004182,0.820126,-0.571976,-0.015383,0.010225,-0.012230,0.999873,0,0.72000,0.00248,43.200,0.005,-1,400.000,-1,425.000,-1,325.000,325.000,300.000,300.000,-1,-1,-1,-1,-1,-1,-1,-1,2,0,2,1,2,0,1,0,0,2,2,2,2,2,2,2,2
44,-4414.501,7103.882,240.497,124.893,-0.572119,-0.820154,-0.005286,0.820116,-0.571994,-0.015259,0.009491,-0.013065,0.999870,0,0.80000,0.00083,48.000,0.002,-1,400.000,-1,425.000,-1,325.000,350.000,300.000,300.000,-1,-1,-1,-1,-1,-1,-1,-1,2,1,2,1,2,1,1,0,0,2,2,2,2,2,2,2,2
45,-4444.703,7147.191,240.898,124.891,-0.572086,-0.820168,-0.006424,0.820149,-0.571956,-0.014876,0.008526,-0.013779,0.999869,0,0.88000,-0.00112,52.800,-0.002,-1,425.000,-1,450.000,-1,350.000,350.000,300.000,300.000,-1,-1,-1,-1,-1,-1,-1,-1,2,1,2,1,2,1,1,0,0,2,2,2,2,2,2,2,2
46,-4475.130,7190.833,241.086,124.884,-0.571976,-0.820238,-0.007275,0.820241,-0.571858,-0.013504,0.006916,-0.013692,0.999882,0,0.88670,-0.00345,53.202,-0.007,-1,525.000,-1,450.000,-1,350.000,350.000,300.000,300.000,-1,-1,-1,-1,-1,-1,-1,-1,2,1,2,1,2,1,1,0,0,2,2,2,2,2,2,2,2
47,-4505.771,7234.802,241.175,124.872,-0.571787,-0.820363,-0.007993,0.820387,-0.571690,-0.011666,0.005001,-0.013228,0.999900,0,0.89321,-0.00600,53.593,-0.012,-1,-1,-1,450.000,-1,350.000,350.000,300.000,300.000,-1,-1,-1,-1,-1,-1,-1,-1,2,2,2,1,2,1,1,0,0,2,2,2,2,2,2,2,2
48,-4536.621,7279.100,241.091,124.854,-0.571512,-0.820545,-0.008949,0.820589,-0.571442,-0.009329,0.002541,-0.012675,0.999916,0,0.89969,-0.00881,53.982,-0.018,-1,-1,-1,475.000,-1,400.000,375.000,300.000,300.000,-1,-1,-1,-1,-1,-1,-1,-1,2,2,2,1,2,1,1,0,0,2,2,2,2,2,2,2,2
49,-4567.673,7323.728,240.876,124.830,-0.571144,-0.820791,-0.009888,0.820850,-0.571106,-0.006535,-0.000283,-0.011849,0.999930,0,0.90614,-0.01192,54.368,-0.024,-1,-1,-1,475.000,-1,550.000,375.000,300.000,300.000,-1,-1,-1,-1,-1,-1,-1,-1,2,2,2,1,2,1,1,0,0,2,2,2,2,2,2,2,2
50,-4598.920,7368.688,240.541,124.799,-0.570673,-0.821108,-0.010715,0.821171,-0.570673,-0.003309,-0.003398,-0.010687,0.999937,0,0.91252,-0.01538,54.751,-0.031,-1,-1,-1,475.000,-1,-1,375.000,325.000,275.000,-1,-1,-1,-1,-1,-1,-1,-1,2,2,2,1,2,2,1,0,0,2,2,2,2,2,2,2,2
51,-4630.352,7413.979,240.093,124.761,-0.570089,-0.821504,-0.011416,0.821555,-0.570130,0.000395,-0.006833,-0.009153,0.999935,0,0.91882,-0.01926,55.129,-0.039,-1,-1,-1,500.000,-1,-1,-1,325.000,275.000,-1,-1,-1,-1,-1,-1,-1,-1,2,2,2,1,2,2,2,0,0,2,2,2,2,2,2,2,2
52,-4661.958,7459.599,237.860,124.714,-0.569240,-0.821936,-0.019681,0.822027,-0.569426,0.005107,-0.015405,-0.013272,0.999793,0,0.92499,-0.02363,55.499,-0.047,-1,-1,-1,-1,-1,-1,-1,300.000,275.000,-1,-1,-1,-1,-1,-1,-1,-1,2,2,2,2,2,2,2,0,1,2,2,2,2,2,2,2,2
53,-4693.726,7505.547,233.994,124.656,-0.567901,-0.822372,-0.034534,0.822603,-0.568513,0.010784,-0.028501,-0.022283,0.999345,0,0.93099,-0.02860,55.859,-0.057,-1,-1,-1,-1,-1,-1,-1,275.000,275.000,-1,-1,-1,-1,-1,-1,-1,-1,2,2,2,2,2,2,2,0,1,2,2,2,2,2,2,2,2
54,-4725.638,7551.815,229.342,124.588,-0.565895,-0.822790,-0.052713,0.823298,-0.567348,0.017225,-0.044079,-0.033651,0.998461,0,0.93674,-0.03430,56.205,-0.069,-1,-1,-1,-1,-1,-1,-1,250.000,275.000,-1,-1,-1,-1,-1,-1,-1,-1,2,2,2,2,2,2,2,0,1,2,2,2,2,2,2,2,2
55,-4757.671,7598.396,223.892,124.506,-0.562965,-0.823139,-0.074241,0.824142,-0.565856,0.024448,-0.062134,-0.047422,0.996941,0,0.94216,-0.04090,56.530,-0.082,-1,-1,-1,-1,-1,-1,-1,200.000,275.000,-1,-1,-1,-1,-1,-1,-1,-1,2,2,2,2,2,2,2,0,1,2,2,2,2,2,2,2,2
56,-4789.800,7645.272,217.635,124.409,-0.558805,-0.823354,-0.099121,0.825172,-0.563948,0.032468,-0.082632,-0.063648,0.994546,0,0.94710,-0.04863,56.826,-0.097,-1,-1,-1,-1,-1,-1,-1,175.000,300.000,-1,-1,-1,-1,-1,-1,-1,-1,2,2,2,2,2,2,2,0,1,2,2,2,2,2,2,2,2
57,327.966,-4919.492,28.676,141.890,-0.786866,-0.617124,-0.000142,0.617043,-0.786758,-0.016400,0.010010,-0.012992,0.999865,1,0.00000,0.00000,57.082,-0.116,525.000,400.000,-1,400.000,-1,325.000,325.000,300.000,325.000,875.000,750.000,950.000,-1,625.000,800.000,675.000,-1,1,1,2,0,2,0,0,0,0,1,1,1,2,1,0,1,2
58,324.176,-4916.545,28.737,142.130,-0.789444,-0.613823,-0.000339,0.613745,-0.789336,-0.016306,0.009742,-0.013080,0.999867,0,0.08000,0.12000,4.800,0.240,525.000,400.000,-1,400.000,-1,325.000,325.000,300.000,325.000,875.000,775.000,975.000,-1,625.000,800.000,650.000,-1,1,1,2,0,2,0,0,0,0,1,1,1,2,1,0,1,2
59,316.549,-4910.716,28.812,142.610,-0.794558,-0.607188,-0.000530,0.607117,-0.794450,-0.016072,0.009338,-0.013092,0.999871,0,0.16000,0.24000,9.600,0.480,500.000,400.000,-1,400.000,-1,325.000,325.000,300.000,325.000,875.000,800.000,1000.000,-1,625.000,775.000,625.000,-1,1,1,2,0,2,0,0,0,0,1,1,1,2,1,0,1,2
60,304.999,-4902.116,28.925,143.330,-0.802124,-0.597157,-0.000832,0.597094,-0.802017,-0.015733,0.008728,-0.013117,0.999876,0,0.24000,0.36000,14.400,0.720,500.000,400.000,-1,400.000,-1,325.000,325.000,300.000,325.000,900.000,825.000,-1,-1,600.000,775.000,600.000,-1,1,1,2,0,2,0,0,0,0,1,1,2,2,1,0,1,2
61,289.452,-4890.849,29.091,144.069,-0.809756,-0.586765,-0.001280,0.586713,-0.809651,-0.015277,0.007928,-0.013122,0.999882,0,0.32000,0.36943,19.200,0.739,475.000,400.000,-1,400.000,-1,325.000,325.000,300.000,325.000,900.000,875.000,-1,-1,600.000,775.000,575.000,-1,1,1,2,0,2,0,0,0,0,1,1,2,2,1,0,1,2
62,269.838,-4877.019,29.321,144.812,-0.817298,-0.576212,-0.001839,0.576173,-0.817195,-0.014706,0.006971,-0.013079,0.999890,0,0.40000,0.37166,24.000,0.743,450.000,375.000,-1,400.000,-1,325.000,325.000,300.000,300.000,925.000,925.000,-1,-1,600.000,775.000,550.000,-1,1,1,2,0,2,0,0,0,0,1,1,2,2,1,0,1,2
63,246.085,-4860.733,29.611,145.563,-0.824777,-0.565453,-0.002549,0.565429,-0.824678,-0.014046,0.005840,-0.013027,0.999898,0,0.48000,0.37547,28.800,0.751,425.000,375.000,-1,400.000,-1,325.000,325.000,300.000,300.000,950.000,1000.000,-1,-1,575.000,775.000,525.000,-1,1,1,2,0,2,0,0,0,0,1,1,2,2,1,0,1,2
64,218.124,-4842.102,29.961,146.325,-0.832218,-0.554438,-0.003420,0.554430,-0.832124,-0.013320,0.004540,-0.012981,0.999905,0,0.56000,0.38092,33.600,0.762,400.000,350.000,-1,375.000,-1,325.000,325.000,300.000,300.000,975.000,-1,-1,-1,550.000,775.000,475.000,-1,1,1,2,0,2,1,0,0,0,1,2,2,2,1,0,1,2
65,185.882,-4821.245,30.211,147.101,-0.839650,-0.543110,-0.004373,0.543116,-0.839551,-0.013393,0.003602,-0.013621,0.999901,0,0.64000,0.38811,38.400,0.776,375.000,350.000,-1,375.000,-1,325.000,325.000,300.000,300.000,-1,-1,-1,-1,550.000,800.000,450.000,-1,1,1,2,0,2,1,0,0,0,2,2,2,2,1,0,1,2
66,149.288,-4798.286,30.437,147.895,-0.847097,-0.531411,-0.005425,0.531432,-0.846987,-0.013898,0.002790,-0.014656,0.999889,0,0.72000,0.39716,43.200,0.794,350.000,350.000,-1,375.000,-1,300.000,325.000,300.000,300.000,-1,-1,-1,-1,525.000,800.000,400.000,-1,1,1,2,0,2,1,1,0,0,2,2,2,2,1,0,1,2
67,108.269,-4773.357,30.699,148.712,-0.854580,-0.519278,-0.006598,0.519316,-0.854458,-0.014575,0.001930,-0.015882,0.999872,0,0.80000,0.40826,48.000,0.817,300.000,325.000,-1,375.000,-1,300.000,325.000,300.000,300.000,-1,-1,-1,-1,525.000,800.000,350.000,-1,1,1,2,1,2,1,1,0,0,2,2,2,2,1,0,1,2
68,62.749,-4746.602,32.436,149.555,-0.862136,-0.506676,-0.000821,0.506644,-0.862061,-0.012748,0.005751,-0.011407,0.999918,0,0.88000,0.42166,52.800,0.843,300.000,325.000,-1,400.000,-1,300.000,325.000,325.000,300.000,-1,-1,-1,-1,525.000,850.000,350.000,-1,1,1,2,0,2,1,1,0,0,2,2,2,2,1,0,1,2
69,12.651,-4718.177,35.271,150.430,-0.869702,-0.493478,0.009928,0.493406,-0.869754,-0.008868,0.013011,-0.002814,0.999911,0,0.96000,0.43766,57.600,0.875,300.000,350.000,-1,425.000,-1,300.000,325.000,350.000,300.000,-1,-1,-1,-1,575.000,900.000,375.000,-1,1,1,2,0,2,1,1,0,0,2,2,2,2,1,0,1,2
70,-40.000,-4689.404,38.011,151.344,-0.877291,-0.479547,0.019872,0.479547,-0.877501,-0.005053,0.019861,0.005096,0.999790,0,1.00000,0.45668,60.000,0.913,300.000,350.000,-1,450.000,-1,325.000,350.000,350.000,300.000,-1,-1,-1,-1,625.000,975.000,400.000,-1,1,1,2,0,2,1,1,1,0,2,2,2,2,1,0,1,2
71,-93.124,-4661.515,40.356,152.300,-0.884923,-0.464806,0.029433,0.464979,-0.885321,-0.001104,0.026570,0.012709,0.999566,0,1.00000,0.47806,60.000,0.956,300.000,375.000,-1,475.000,-1,325.000,375.000,325.000,300.000,-1,-1,-1,-1,775.000,-1,425.000,-1,1,1,2,0,2,1,1,1,0,2,2,2,2,1,2,1,2
72,-146.729,-4634.559,42.270,153.302,-0.892584,-0.449199,0.038916,0.449647,-0.893201,0.003139,0.033349,0.020301,0.999238,0,1.00000,0.50093,60.000,1.002,300.000,375.000,-1,500.000,-1,350.000,400.000,325.000,275.000,-1,550.000,200.000,-1,1000.000,-1,500.000,-1,1,1,2,0,2,1,0,1,0,2,0,0,2,1,2,1,2
73,-200.819,-4608.593,43.468,154.353,-0.900348,-0.432647,0.046794,0.433514,-0.901093,0.009803,0.037924,0.029112,0.998856,0,1.00000,0.52547,60.000,1.051,300.000,400.000,-1,525.000,-1,375.000,425.000,300.000,275.000,-1,300.000,175.000,-1,-1,-1,-1,-1,1,1,2,0,2,1,0,1,0,2,0,0,2,2,2,2,2
74,-255.400,-4583.674,44.477,155.456,-0.908197,-0.415096,0.053615,0.416444,-0.909011,0.016541,0.041871,0.037350,0.998425,0,1.00000,0.55186,60.000,1.104,300.000,400.000,-1,525.000,-1,400.000,450.000,300.000,275.000,-1,300.000,150.000,-1,-1,-1,-1,-1,1,1,2,0,2,1,0,1,0,2,0,0,2,2,2,2,2
75,-310.475,-4559.866,45.361,156.617,-0.916114,-0.396474,0.059533,0.398341,-0.916944,0.023192,0.045393,0.044961,0.997957,0,1.00000,0.58029,60.000,1.161,300.000,425.000,-1,550.000,-1,400.000,450.000,275.000,275.000,-1,275.000,125.000,-1,-1,-1,-1,-1,1,1,2,0,2,1,0,1,0,2,0,0,2,2,2,2,2
76,-366.045,-4537.238,46.165,157.839,-0.924078,-0.376698,0.064639,0.379112,-0.924868,0.029901,0.048519,0.052136,0.997461,0,1.00000,0.61097,60.000,1.222,275.000,475.000,-1,550.000,-1,450.000,475.000,250.000,250.000,-1,275.000,100.000,900.000,-1,-1,-1,-1,1,1,2,0,2,1,0,1,0,2,0,0,0,2,2,2,2
77,-422.109,-4515.866,46.930,159.127,-0.932058,-0.355674,0.069023,0.358661,-0.932742,0.036811,0.051288,0.059066,0.996936,0,1.00000,0.64409,60.000,1.288,-1,500.000,-1,550.000,-1,475.000,475.000,225.000,250.000,-1,275.000,100.000,750.000,-1,-1,-1,-1,2,1,2,0,2,1,0,1,0,2,0,0,0,2,2,2,2
78,-478.665,-4495.831,47.667,160.487,-0.940003,-0.333301,0.072834,0.336887,-0.940521,0.043911,0.053866,0.065813,0.996377,0,1.00000,0.67980,60.000,1.360,-1,525.000,-1,575.000,-1,500.000,500.000,200.000,250.000,-1,275.000,75.000,625.000,-1,-1,-1,-1,2,1,2,0,2,1,0,1,0,2,0,0,0,2,2,2,2
79,-535.758,-4477.384,48.470,162.086,-0.948723,-0.306767,0.076282,0.311017,-0.948994,0.051767,0.056511,0.072838,0.995742,0,1.00000,0.79980,60.000,1.600,-1,550.000,-1,575.000,-1,500.000,500.000,200.000,250.000,-1,275.000,75.000,550.000,-1,-1,-1,-1,2,1,2,0,2,1,0,1,0,2,0,0,0,2,2,2,2
80,4263.558,-2951.677,-133.495,8.641,0.987805,-0.149958,0.041876,0.152141,0.986828,-0.054993,-0.033078,0.060694,0.997608,1,0.00000,0.00000,60.000,1.840,650.000,375.000,-1,425.000,-1,325.000,350.000,300.000,275.000,-1,-1,-1,-1,750.000,975.000,-1,-1,1,0,2,0,2,0,0,0,0,2,2,2,2,0,0,2,2
81,4268.307,-2950.976,-133.656,8.401,0.988418,-0.145823,0.042015,0.148024,0.987443,-0.055176,-0.033441,0.060756,0.997592,0,0.08000,-0.12000,4.800,-0.240,650.000,375.000,-1,425.000,-1,325.000,350.000,300.000,275.000,-1,-1,-1,-1,750.000,975.000,-1,-1,1,0,2,0,2,0,0,0,0,2,2,2,2,0,0,2,2
82,4277.815,-2949.653,-133.983,7.921,0.989592,-0.137544,0.042292,0.139783,0.988623,-0.055539,-0.034171,0.060872,0.997560,0,0.16000,-0.24000,9.600,-0.480,650.000,375.000,-1,425.000,-1,325.000,350.000,300.000,275.000,-1,-1,-1,-1,750.000,975.000,-1,-1,1,0,2,0,2,0,0,0,0,2,2,2,2,0,0,2,2
83,4292.102,-2947.848,-134.485,7.201,0.991223,-0.125109,0.042707,0.127404,0.990264,-0.056079,-0.035276,0.061028,0.997513,0,0.24000,-0.36000,14.400,-0.720,675.000,375.000,-1,425.000,-1,325.000,350.000,300.000,275.000,-1,-1,-1,-1,775.000,1000.000,-1,-1,1,0,2,0,2,0,0,0,0,2,2,2,2,0,0,2,2
84,4311.187,-2945.750,-135.172,6.274,0.993092,-0.109075,0.043265,0.111445,0.992147,-0.056790,-0.036731,0.061220,0.997448,0,0.32000,-0.46337,19.200,-0.927,700.000,375.000,-1,425.000,-1,325.000,350.000,300.000,275.000,-1,-1,-1,-1,775.000,1000.000,-1,-1,1,0,2,0,2,0,0,0,0,2,2,2,2,0,0,2,2
85,4335.083,-2943.510,-136.050,5.355,0.994680,-0.093154,0.043978,0.095616,0.993747,-0.057659,-0.038332,0.061557,0.997367,0,0.40000,-0.45928,24.000,-0.919,750.000,400.000,-1,425.000,-1,325.000,350.000,300.000,275.000,-1,-1,-1,-1,775.000,1000.000,-1,-1,1,0,2,0,2,0,0,0,0,2,2,2,2,0,0,2,2
86,4363.797,-2941.277,-137.125,4.446,0.995993,-0.077373,0.044849,0.079944,0.995071,-0.058682,-0.040088,0.062032,0.997269,0,0.48000,-0.45454,28.800,-0.909,800.000,400.000,-1,425.000,-1,325.000,350.000,300.000,275.000,-1,-1,-1,-1,800.000,975.000,-1,-1,1,0,2,0,2,0,0,0,0,2,2,2,2,0,0,2,2
87,4397.333,-2939.198,-138.408,3.548,0.997036,-0.061762,0.045883,0.064459,0.996124,-0.059855,-0.042008,0.062635,0.997152,0,0.56000,-0.44914,33.600,-0.898,-1,400.000,-1,425.000,-1,325.000,350.000,300.000,275.000,-1,-1,-1,-1,800.000,975.000,-1,-1,2,0,2,0,2,0,0,0,0,2,2,2,2,0,0,2,2
88,4435.692,-2937.414,-139.906,2.662,0.997815,-0.046346,0.047083,0.049191,0.996914,-0.061173,-0.044102,0.063356,0.997016,0,0.64000,-0.44309,38.400,-0.886,-1,400.000,-1,425.000,-1,325.000,350.000,300.000,300.000,-1,-1,-1,-1,800.000,975.000,-1,-1,2,0,2,0,2,0,0,0,0,2,2,2,2,0,0,2,2
89,4478.872,-2936.066,-141.629,1.789,0.998339,-0.031154,0.048455,0.034166,0.997452,-0.062633,-0.046380,0.064185,0.996860,0,0.72000,-0.43639,43.200,-0.873,-1,400.000,-1,450.000,-1,350.000,350.000,300.000,300.000,-1,-1,-1,-1,825.000,975.000,-1,-1,2,0,2,0,2,0,0,0,0,2,2,2,2,0,0,2,2
90,4525.196,-2935.313,-143.520,0.931,0.998620,-0.016211,0.049952,0.019407,0.997750,-0.064178,-0.048799,0.065059,0.996687,0,0.77217,-0.42907,46.330,-0.858,-1,400.000,-1,450.000,-1,350.000,350.000,300.000,300.000,-1,-1,-1,-1,825.000,975.000,-1,-1,2,0,2,0,2,0,0,0,0,2,2,2,2,0,0,2,2
91,4571.271,-2935.249,-145.448,0.080,0.998674,-0.001387,0.051465,0.004772,0.997828,-0.065703,-0.051262,0.065861,0.996511,0,0.76790,-0.42558,46.074,-0.851,-1,425.000,-1,450.000,-1,350.000,350.000,300.000,300.000,-1,-1,-1,-1,825.000,975.000,-1,-1,2,0,2,0,2,0,0,0,0,2,2,2,2,0,0,2,2
92,4617.063,-2935.862,-148.155,-0.767,0.998502,0.013363,0.053062,-0.009790,0.997703,-0.067030,-0.053836,0.066410,0.996339,0,0.76326,-0.42352,45.796,-0.847,-1,425.000,-1,450.000,-1,350.000,350.000,275.000,300.000,-1,-1,-1,-1,825.000,950.000,-1,-1,2,0,2,0,2,0,0,0,0,2,2,2,2,0,0,2,2
93,4662.543,-2937.141,-151.396,-1.611,0.998068,0.028051,0.055433,-0.024242,0.997375,-0.068230,-0.057201,0.066754,0.996128,0,0.75829,-0.42181,45.497,-0.844,-1,425.000,-1,450.000,-1,350.000,350.000,275.000,300.000,-1,-1,-1,-1,825.000,925.000,-1,-1,2,0,2,0,2,0,0,0,0,2,2,2,2,0,0,2,2
94,4707.685,-2939.075,-154.657,-2.452,0.997415,0.042685,0.057812,-0.038634,0.996837,-0.069455,-0.060594,0.067042,0.995909,0,0.75304,-0.42046,45.183,-0.841,-1,425.000,-1,425.000,-1,350.000,350.000,275.000,275.000,-1,-1,-1,-1,800.000,925.000,-1,-1,2,0,2,0,2,0,0,0,0,2,2,2,2,0,0,2,2
95,4752.468,-2941.650,-157.938,-3.291,0.996542,0.057275,0.060194,-0.052978,0.996089,-0.070704,-0.064008,0.067271,0.995679,0,0.74760,-0.41947,44.856,-0.839,-1,425.000,-1,425.000,-1,350.000,350.000,275.000,275.000,-1,-1,-1,-1,800.000,900.000,-1,-1,2,0,2,0,2,0,0,0,0,2,2,2,2,0,0,2,2
96,4796.874,-2944.856,-161.240,-4.129,0.995452,0.071830,0.062574,-0.067283,0.995134,-0.071978,-0.067440,0.067440,0.995441,0,0.74201,-0.41884,44.521,-0.838,-1,400.000,-1,425.000,-1,350.000,350.000,275.000,275.000,-1,-1,-1,-1,800.000,875.000,-1,-1,2,0,2,0,2,0,0,0,0,2,2,2,2,0,0,2,2
97,4840.891,-2948.681,-164.564,-4.966,0.994145,0.086361,0.064949,-0.081559,0.993971,-0.073274,-0.070885,0.067548,0.995195,0,0.73637,-0.41856,44.182,-0.837,-1,400.000,-1,425.000,-1,350.000,350.000,275.000,275.000,-1,-1,-1,-1,775.000,850.000,-1,-1,2,0,2,0,2,0,0,0,0,2,2,2,2,0,0,2,2
98,4884.511,-2953.115,-167.910,-5.803,0.992619,0.100876,0.067313,-0.095816,0.992600,-0.074594,-0.074340,0.067594,0.994940,0,0.73073,-0.41863,43.844,-0.837,-1,400.000,-1,425.000,-1,350.000,350.000,275.000,275.000,-1,-1,-1,-1,775.000,850.000,-1,-1,2,0,2,0,2,0,0,0,0,2,2,2,2,0,0,2,2
99,4927.729,-2958.147,-171.282,-6.641,0.990875,0.115384,0.069664,-0.110062,0.991020,-0.075935,-0.077800,0.067575,0.994676,0,0.72516,-0.41905,43.510,-0.838,-1,400.000,-1,425.000,-1,350.000,350.000,275.000,275.000,-1,-1,-1,-1,750.000,825.000,-1,-1,2,0,2,0,2,0,0,0,0,2,2,2,2,0,0,2,2
100,4970.547,-2963.771,-174.680,-7.481,0.988911,0.129894,0.071997,-0.124308,0.989228,-0.077297,-0.081262,0.067490,0.994405,0,0.71974,-0.41979,43.184,-0.840,-1,400.000,-1,425.000,-1,325.000,325.000,275.000,275.000,-1,-1,-1,-1,750.000,800.000,-1,-1,2,0,2,0,2,0,0,0,0,2,2,2,2,0,0,2,2
101,5012.967,-2969.977,-178.106,-8.322,0.986723,0.144413,0.074311,-0.138561,0.987224,-0.078681,-0.084724,0.067340,0.994126,0,0.71451,-0.42085,42.870,-0.842,-1,400.000,-1,400.000,-1,325.000,325.000,275.000,275.000,-1,-1,-1,-1,750.000,800.000,-1,-1,2,0,2,0,2,0,0,0,0,2,2,2,2,0,0,2,2
102,5054.995,-2976.759,-181.563,-9.167,0.984311,0.158949,0.076602,-0.152828,0.985003,-0.080084,-0.088183,0.067121,0.993840,0,0.70952,-0.42222,42.571,-0.844,-1,400.000,-1,400.000,-1,325.000,325.000,275.000,275.000,-1,-1,-1,-1,725.000,775.000,-1,-1,2,0,2,0,2,0,0,0,0,2,2,2,2,0,0,2,2
103,5096.641,-2984.115,-185.054,-10.015,0.981669,0.173509,0.078868,-0.167119,0.982562,-0.081507,-0.091635,0.066832,0.993547,0,0.70483,-0.42390,42.290,-0.848,-1,400.000,-1,400.000,-1,325.000,325.000,275.000,275.000,-1,-1,-1,-1,725.000,775.000,-1,-1,2,0,2,0,2,0,0,0,0,2,2,2,2,0,0,2,2
104,5137.917,-2992.039,-188.579,-10.866,0.978795,0.188100,0.081107,-0.181439,0.979898,-0.082948,-0.095079,0.066474,0.993248,0,0.70047,-0.42586,42.028,-0.852,-1,400.000,-1,400.000,-1,325.000,325.000,275.000,275.000,-1,-1,-1,-1,725.000,750.000,-1,-1,2,0,2,0,2,0,0,0,0,2,2,2,2,0,0,2,2
105,5178.835,-3000.530,-192.152,-11.722,0.975686,0.202728,0.083299,-0.195799,0.977008,-0.084372,-0.098488,0.066010,0.992947,0,0.69648,-0.42809,41.789,-0.856,-1,375.000,-1,400.000,-1,325.000,325.000,300.000,275.000,-1,-1,-1,-1,700.000,750.000,-1,-1,2,0,2,0,2,0,0,0,0,2,2,2,2,0,0,2,2
106,5218.051,-3009.110,-195.946,-12.339,0.973362,0.213244,0.084225,-0.206290,0.974865,-0.084163,-0.100056,0.064547,0.992886,0,0.66906,-0.30809,40.143,-0.616,-1,375.000,-1,375.000,-1,325.000,325.000,300.000,275.000,775.000,-1,-1,-1,700.000,725.000,-1,-1,2,0,2,0,2,0,0,0,0,1,2,2,2,0,0,2,2
107,5257.050,-3017.910,-199.652,-12.715,0.971886,0.219649,0.084807,-0.212658,0.973487,-0.084264,-0.101067,0.063860,0.992828,0,0.66631,-0.18809,39.979,-0.376,-1,375.000,-1,375.000,-1,325.000,325.000,300.000,300.000,725.000,-1,-1,-1,700.000,725.000,-1,-1,2,0,2,0,2,0,0,0,0,1,2,2,2,0,0,2,2
108,5295.909,-3026.775,-203.427,-12.851,0.971329,0.221963,0.085158,-0.214922,0.972963,-0.084567,-0.101627,0.063840,0.992772,0,0.66429,-0.06809,39.857,-0.136,1000.000,375.000,-1,375.000,-1,325.000,325.000,300.000,300.000,700.000,-1,-1,-1,675.000,725.000,-1,-1,0,0,2,0,2,0,0,0,0,1,2,2,2,0,0,2,2
109,5334.705,-3035.551,-207.272,-12.747,0.971788,0.220190,0.084522,-0.213150,0.973321,-0.084929,-0.100967,0.064517,0.992796,0,0.66294,0.05191,39.776,0.104,975.000,375.000,-1,375.000,-1,300.000,325.000,300.000,300.000,700.000,-1,-1,-1,675.000,725.000,1000.000,-1,0,0,2,0,2,0,0,0,0,1,2,2,2,0,0,0,2
110,5373.509,-3044.084,-211.002,-12.403,0.973171,0.214335,0.083657,-0.207349,0.974578,-0.084873,-0.099722,0.065249,0.992874,0,0.66220,0.17191,39.732,0.344,975.000,375.000,-1,375.000,-1,325.000,325.000,300.000,300.000,700.000,-1,-1,-1,650.000,725.000,975.000,-1,0,0,2,0,2,0,0,0,0,1,2,2,2,0,0,0,2
111,5412.388,-3052.219,-214.706,-11.820,0.975388,0.204378,0.082748,-0.197443,0.976637,-0.084834,-0.098153,0.066408,0.992953,0,0.66202,0.29191,39.721,0.584,950.000,375.000,-1,375.000,-1,325.000,325.000,300.000,300.000,725.000,-1,-1,-1,650.000,725.000,950.000,-1,0,0,2,0,2,0,0,0,0,1,2,2,2,0,0,0,2
112,5451.387,-3059.855,-218.383,-11.080,0.978034,0.191729,0.081787,-0.184843,0.979099,-0.084843,-0.096344,0.067862,0.993032,0,0.66233,0.36998,39.740,0.740,925.000,375.000,-1,400.000,-1,325.000,325.000,300.000,300.000,725.000,-1,-1,-1,650.000,700.000,950.000,-1,0,0,2,0,2,0,0,0,0,1,2,2,2,0,0,0,2
113,5490.518,-3066.997,-222.042,-10.346,0.980497,0.179164,0.080779,-0.172326,0.981372,-0.084930,-0.094491,0.069353,0.993107,0,0.66297,0.36668,39.778,0.733,900.000,375.000,-1,400.000,-1,325.000,325.000,300.000,300.000,750.000,-1,-1,-1,625.000,700.000,925.000,-1,0,0,2,0,2,0,0,0,0,1,2,2,2,0,0,0,2
114,5529.779,-3073.650,-225.679,-9.620,0.982781,0.166686,0.079729,-0.159897,0.983459,-0.085092,-0.092594,0.070879,0.993178,0,0.66370,0.36332,39.822,0.727,900.000,375.000,-1,400.000,-1,325.000,325.000,300.000,300.000,750.000,-1,-1,-1,625.000,675.000,900.000,-1,0,0,2,0,2,0,0,0,0,1,2,2,2,0,0,0,2
115,5569.171,-3079.817,-229.296,-8.900,0.984889,0.154300,0.078640,-0.147562,0.985365,-0.085329,-0.090655,0.072435,0.993245,0,0.66453,0.35990,39.872,0.720,875.000,375.000,-1,400.000,-1,325.000,325.000,300.000,300.000,775.000,-1,-1,-1,625.000,675.000,875.000,-1,0,0,2,0,2,0,0,0,0,1,2,2,2,0,0,0,2
116,5608.691,-3085.501,-232.890,-8.187,0.986825,0.142012,0.077515,-0.135324,0.987093,-0.085638,-0.088676,0.074020,0.993306,0,0.66545,0.35643,39.927,0.713,850.000,375.000,-1,400.000,-1,325.000,325.000,300.000,300.000,800.000,-1,-1,-1,600.000,650.000,850.000,-1,0,0,2,0,2,0,0,0,0,1,2,2,2,0,0,0,2
117,5653.012,-3091.503,-236.906,-7.714,0.988064,0.133847,0.076251,-0.127214,0.988133,-0.086074,-0.086867,0.075347,0.993366,0,0.74545,0.23643,44.727,0.473,825.000,375.000,-1,375.000,-1,300.000,325.000,300.000,300.000,800.000,-1,-1,-1,600.000,650.000,825.000,-1,0,0,2,0,2,0,0,0,0,1,2,2,2,0,0,0,2
118,5702.117,-3097.951,-241.353,-7.481,0.988708,0.129820,0.074855,-0.123246,0.988588,-0.086622,-0.085246,0.076419,0.993425,0,0.82545,0.11643,49.527,0.233,800.000,350.000,-1,375.000,-1,300.000,300.000,300.000,300.000,825.000,-1,-1,-1,575.000,625.000,800.000,-1,0,0,2,0,2,0,0,0,0,1,2,2,2,0,0,0,2
119,5755.981,-3105.030,-246.249,-7.488,0.988807,0.129934,0.073329,-0.123424,0.988510,-0.087264,-0.083825,0.077237,0.993483,0,0.90545,-0.00357,54.327,-0.007,775.000,350.000,-1,375.000,-1,300.000,300.000,300.000,300.000,850.000,-1,-1,-1,575.000,625.000,775.000,-1,0,0,2,0,2,0,0,0,0,1,2,2,2,0,0,0,2
120,5811.034,-3112.507,-251.291,-7.735,0.988352,0.134192,0.071781,-0.127744,0.987901,-0.087933,-0.082712,0.077739,0.993537,0,0.92599,-0.12357,55.559,-0.247,725.000,350.000,-1,350.000,-1,300.000,300.000,300.000,300.000,850.000,-1,-1,-1,550.000,600.000,725.000,1000.000,0,0,2,0,2,0,0,0,0,1,2,2,2,0,0,0,0
121,5866.097,-3120.464,-256.344,-8.223,0.987278,0.142582,0.070379,-0.136167,0.986697,-0.088814,-0.082106,0.078101,0.993559,0,0.92724,-0.24357,55.634,-0.487,700.000,325.000,-1,350.000,-1,275.000,300.000,300.000,300.000,875.000,-1,-1,-1,550.000,600.000,700.000,950.000,0,0,2,0,2,0,0,0,0,1,2,2,2,0,0,0,0
122,5925.367,-3129.793,-260.710,-8.950,0.985722,0.155032,0.065705,-0.148561,0.984425,-0.094008,-0.079256,0.082905,0.993401,0,1.00000,-0.36357,60.000,-0.727,725.000,325.000,-1,350.000,-1,275.000,275.000,300.000,300.000,900.000,-1,-1,-1,550.000,600.000,700.000,925.000,1,0,2,0,2,0,0,0,0,1,2,2,2,0,0,1,0
123,5984.470,-3140.125,-264.181,-9.917,0.983321,0.171604,0.060265,-0.165410,0.981543,-0.095987,-0.075624,0.084418,0.993557,0,1.00000,-0.48357,60.000,-0.967,675.000,325.000,-1,350.000,-1,275.000,275.000,300.000,300.000,925.000,725.000,575.000,-1,550.000,600.000,650.000,900.000,1,0,2,0,2,0,0,0,0,1,0,0,2,0,0,1,0
124,6043.349,-3151.667,-267.320,-11.091,0.979971,0.191692,0.053946,-0.185998,0.977856,-0.095930,-0.071140,0.083975,0.993925,0,1.00000,-0.58721,60.000,-1.174,625.000,350.000,-1,350.000,-1,275.000,300.000,325.000,300.000,950.000,600.000,475.000,-1,550.000,625.000,600.000,925.000,1,0,2,0,2,0,0,0,0,1,0,0,2,1,0,1,0
125,6101.982,-3164.402,-270.542,-12.255,0.976217,0.211524,0.047528,-0.206336,0.973786,-0.095745,-0.066534,0.083661,0.994271,0,1.00000,-0.58202,60.000,-1.164,575.000,350.000,-1,350.000,-1,300.000,300.000,325.000,300.000,975.000,525.000,425.000,-1,525.000,625.000,575.000,950.000,1,0,2,0,2,0,0,0,0,1,0,0,2,1,0,1,0
126,6160.347,-3178.314,-273.886,-13.408,0.972065,0.231073,0.041178,-0.226393,0.969362,-0.095304,-0.061939,0.083319,0.994596,0,1.00000,-0.57622,60.000,-1.152,525.000,350.000,-1,375.000,-1,300.000,300.000,325.000,300.000,-1,475.000,400.000,-1,500.000,625.000,525.000,975.000,1,0,2,0,2,0,0,0,0,2,0,0,2,1,0,1,0
127,6218.423,-3193.384,-277.360,-14.547,0.967534,0.250314,0.034934,-0.246141,0.964607,-0.094598,-0.057377,0.082928,0.994902,0,1.00000,-0.56977,60.000,-1.140,475.000,350.000,-1,375.000,-1,300.000,300.000,300.000,325.000,-1,425.000,350.000,-1,475.000,625.000,475.000,-1,1,0,2,0,2,0,0,0,0,2,0,0,2,1,0,1,2
128,6276.192,-3209.592,-280.963,-15.673,0.962648,0.269218,0.028804,-0.265547,0.959540,-0.093641,-0.052849,0.082495,0.995189,0,1.00000,-0.56262,60.000,-1.125,425.000,350.000,-1,375.000,-1,300.000,300.000,300.000,325.000,-1,400.000,300.000,-1,475.000,625.000,425.000,-1,1,1,2,0,2,0,0,0,0,2,0,0,2,1,0,1,2
129,6333.637,-3226.916,-284.693,-16.782,0.957432,0.287758,0.022797,-0.284581,0.954184,-0.092450,-0.048355,0.082027,0.995456,0,1.00000,-0.55474,60.000,-1.109,375.000,325.000,-1,375.000,-1,300.000,300.000,300.000,325.000,-1,325.000,250.000,1000.000,450.000,625.000,400.000,-1,1,1,2,1,2,1,0,0,0,2,0,0,0,1,0,1,2
130,6390.741,-3245.331,-288.549,-17.874,0.951911,0.305906,0.016918,-0.303212,0.948564,-0.091038,-0.043896,0.081530,0.995704,0,1.00000,-0.54608,60.000,-1.092,325.000,300.000,-1,375.000,-1,275.000,300.000,300.000,325.000,-1,275.000,225.000,975.000,425.000,625.000,350.000,-1,1,1,2,0,2,1,1,0,0,2,0,0,0,1,0,1,2
131,6447.491,-3264.813,-292.512,-18.947,0.946117,0.323630,0.011205,-0.321402,0.942702,-0.089515,-0.039533,0.081091,0.995922,0,1.00000,-0.53659,60.000,-1.073,300.000,300.000,-1,375.000,-1,275.000,300.000,275.000,325.000,-1,250.000,200.000,950.000,425.000,625.000,300.000,-1,1,1,2,0,2,1,1,0,0,2,0,0,0,1,0,1,2
132,6499.278,-3283.923,-294.626,-20.261,0.938590,0.344999,0.005026,-0.343042,0.934632,-0.093734,-0.037036,0.086253,0.995585,0,0.92000,-0.65659,55.200,-1.313,250.000,300.000,-1,375.000,-1,275.000,300.000,300.000,300.000,-1,275.000,200.000,900.000,425.000,625.000,275.000,-1,1,1,2,0,2,1,1,0,0,2,0,0,0,1,0,1,2
133,6546.993,-3303.003,-294.529,-21.814,0.929070,0.369751,-0.010660,-0.368834,0.923803,-0.102710,-0.028129,0.099357,0.994654,0,0.85647,-0.77659,51.388,-1.553,275.000,300.000,-1,375.000,-1,275.000,325.000,325.000,300.000,-1,275.000,200.000,775.000,450.000,650.000,300.000,-1,1,1,2,0,2,1,1,0,0,2,0,0,0,1,0,1,2
134,6594.045,-3323.440,-294.893,-23.496,0.917805,0.396227,-0.025272,-0.396502,0.911433,-0.109890,-0.020508,0.110878,0.993622,0,0.85497,-0.84115,51.298,-1.682,275.000,325.000,-1,400.000,-1,300.000,325.000,350.000,275.000,-1,275.000,175.000,675.000,500.000,700.000,325.000,-1,1,1,2,0,2,1,0,0,0,2,0,0,0,1,0,1,2
135,6640.320,-3345.152,-295.420,-25.151,0.905854,0.421946,-0.037287,-0.423326,0.898660,-0.114917,-0.014981,0.119882,0.992675,0,0.85189,-0.82769,51.113,-1.655,300.000,350.000,-1,400.000,-1,300.000,325.000,350.000,275.000,-1,275.000,175.000,625.000,575.000,700.000,375.000,-1,1,1,2,0,2,1,0,1,0,2,0,0,0,1,0,1,2
