timestep,x_cm,y_cm,z_cm,yaw_deg,basis_xx,basis_xy,basis_xz,basis_yx,basis_yy,basis_yz,basis_zx,basis_zy,basis_zz,teleport_flag,throttle_cmd,steering_cmd,cmd_move_cm,cmd_turn_deg,lidar_cm_0,lidar_cm_1,lidar_cm_2,lidar_cm_3,lidar_cm_4,lidar_cm_5,lidar_cm_6,lidar_cm_7,lidar_cm_8,lidar_cm_9,lidar_cm_10,lidar_cm_11,lidar_cm_12,lidar_cm_13,lidar_cm_14,lidar_cm_15,lidar_cm_16,lidar_class_0,lidar_class_1,lidar_class_2,lidar_class_3,lidar_class_4,lidar_class_5,lidar_class_6,lidar_class_7,lidar_class_8,lidar_class_9,lidar_class_10,lidar_class_11,lidar_class_12,lidar_class_13,lidar_class_14,lidar_class_15,lidar_class_16
0,-5571.311,-4917.015,-88.717,30.416,0.861425,-0.503952,-0.063078,0.507600,0.858430,0.073755,0.016979,-0.095553,0.995280,1,0.08000,0.12000,4.800,0.240,-1,450.000,-1,450.000,-1,350.000,350.000,325.000,350.000,-1,-1,-1,-1,-1,-1,-1,-1,2,0,2,0,2,0,0,0,0,2,2,2,2,2,2,2,2
1,-5563.074,-4912.085,-88.486,30.896,0.857216,-0.511089,-0.062997,0.514717,0.854117,0.074507,0.015727,-0.096294,0.995229,0,0.16000,0.24000,9.600,0.480,-1,450.000,-1,450.000,-1,350.000,350.000,325.000,350.000,-1,-1,-1,-1,-1,-1,-1,-1,2,0,2,0,2,0,0,0,0,2,2,2,2,2,2,2,2
2,-5550.813,-4904.535,-88.153,31.616,0.850791,-0.521724,-0.062921,0.525322,0.847533,0.075658,0.013855,-0.097422,0.995147,0,0.24000,0.36000,14.400,0.720,-1,450.000,-1,450.000,-1,350.000,350.000,325.000,350.000,-1,-1,-1,-1,-1,-1,-1,-1,2,0,2,0,2,0,0,0,0,2,2,2,2,2,2,2,2
3,-5534.636,-4894.196,-87.731,32.576,0.842018,-0.535769,-0.062901,0.539329,0.838546,0.077233,0.011366,-0.098956,0.995027,0,0.32000,0.48000,19.200,0.960,-1,450.000,-1,475.000,-1,350.000,350.000,300.000,350.000,-1,-1,-1,-1,-1,-1,-1,-1,2,0,2,0,2,0,0,0,0,2,2,2,2,2,2,2,2
4,-5514.688,-4880.853,-87.558,33.776,0.830791,-0.553170,-0.061565,0.556537,0.827077,0.078809,0.007325,-0.099737,0.994987,0,0.40000,0.60000,24.000,1.200,-1,450.000,-1,475.000,-1,350.000,350.000,300.000,350.000,-1,-1,-1,-1,-1,-1,-1,-1,2,0,2,0,2,0,0,0,0,2,2,2,2,2,2,2,2
5,-5491.162,-4864.245,-87.573,35.216,0.816871,-0.573758,-0.059353,0.576817,0.812884,0.080634,0.001983,-0.100103,0.994975,0,0.48000,0.72000,28.800,1.440,-1,450.000,-1,475.000,-1,350.000,350.000,300.000,350.000,-1,-1,-1,-1,-1,-1,-1,-1,2,0,2,0,2,0,0,0,0,2,2,2,2,2,2,2,2
6,-5464.981,-4844.588,-87.701,36.896,0.799976,-0.597324,-0.056940,0.600017,0.795688,0.082829,-0.004169,-0.100426,0.994936,0,0.54567,0.84000,32.740,1.680,-1,425.000,-1,475.000,-1,350.000,350.000,300.000,350.000,-1,-1,-1,-1,-1,-1,-1,-1,2,0,2,0,2,0,0,0,0,2,2,2,2,2,2,2,2
7,-5439.472,-4824.067,-88.350,38.816,0.779731,-0.623729,-0.054597,0.626041,0.775331,0.083280,-0.009613,-0.099116,0.995029,0,0.54567,0.96000,32.740,1.920,-1,425.000,-1,500.000,-1,350.000,350.000,300.000,350.000,-1,-1,-1,-1,-1,-1,-1,-1,2,0,2,0,2,0,0,0,0,2,2,2,2,2,2,2,2
8,-5414.695,-4802.669,-89.104,40.816,0.757707,-0.650498,-0.052266,0.652416,0.753195,0.083967,-0.015254,-0.097722,0.995097,0,0.54567,1.00000,32.740,2.000,-1,450.000,-1,500.000,-1,350.000,350.000,300.000,325.000,-1,-1,-1,-1,-1,-1,-1,-1,2,0,2,0,2,0,0,0,0,2,2,2,2,2,2,2,2
9,-5390.679,-4780.419,-89.958,42.816,0.734760,-0.676482,-0.049997,0.678004,0.730136,0.084930,-0.020949,-0.096302,0.995132,0,0.54567,1.00000,32.740,2.000,-1,450.000,-1,500.000,-1,350.000,350.000,300.000,325.000,-1,-1,-1,-1,-1,-1,-1,-1,2,0,2,0,2,0,0,0,0,2,2,2,2,2,2,2,2
10,-5367.455,-4757.344,-90.909,44.816,0.710917,-0.701649,-0.047817,0.702770,0.706180,0.086166,-0.026690,-0.094861,0.995133,0,0.54567,1.00000,32.740,2.000,-1,450.000,-1,500.000,-1,350.000,350.000,300.000,325.000,-1,-1,-1,-1,-1,-1,-1,-1,2,0,2,0,2,0,0,0,0,2,2,2,2,2,2,2,2
11,-5345.050,-4733.473,-91.957,46.816,0.686206,-0.725967,-0.045754,0.726683,0.681357,0.087666,-0.032468,-0.093405,0.995099,0,0.54567,1.00000,32.740,2.000,-1,450.000,-1,500.000,-1,350.000,350.000,300.000,300.000,-1,-1,-1,-1,-1,-1,-1,-1,2,0,2,0,2,0,0,0,0,2,2,2,2,2,2,2,2
12,-5323.492,-4708.834,-93.099,48.816,0.660657,-0.749407,-0.043833,0.749711,0.655696,0.089421,-0.038272,-0.091939,0.995029,0,0.54567,1.00000,32.740,2.000,-1,450.000,-1,500.000,-1,350.000,350.000,300.000,300.000,-1,-1,-1,-1,-1,-1,-1,-1,2,0,2,0,2,0,0,0,0,2,2,2,2,2,2,2,2
13,-5302.806,-4683.459,-94.692,50.816,0.634308,-0.772018,-0.040510,0.771760,0.629293,0.091526,-0.045168,-0.089320,0.994978,0,0.54567,1.00000,32.740,2.000,-1,450.000,-1,475.000,-1,350.000,350.000,300.000,300.000,-1,-1,-1,-1,-1,-1,-1,-1,2,0,2,0,2,0,0,0,0,2,2,2,2,2,2,2,2
14,-5283.018,-4657.376,-96.685,52.816,0.607222,-0.793663,-0.037158,0.792760,0.602082,0.095021,-0.053043,-0.087156,0.994782,0,0.54567,1.00000,32.740,2.000,-1,450.000,-1,475.000,-1,350.000,350.000,300.000,300.000,-1,-1,-1,-1,-1,-1,-1,-1,2,0,2,0,2,0,0,0,0,2,2,2,2,2,2,2,2
15,-5266.823,-4634.609,-98.407,54.576,0.582758,-0.811903,-0.034738,0.810449,0.577510,0.098261,-0.059717,-0.085416,0.994554,0,0.46567,0.88000,27.940,1.760,-1,425.000,-1,475.000,-1,350.000,350.000,300.000,325.000,-1,-1,-1,-1,-1,-1,-1,-1,2,0,2,0,2,0,0,0,0,2,2,2,2,2,2,2,2
16,-5253.915,-4615.404,-99.844,56.096,0.561178,-0.827035,-0.033064,0.825120,0.555837,0.101106,-0.065240,-0.084020,0.994326,0,0.38567,0.76000,23.140,1.520,-1,425.000,-1,475.000,-1,325.000,350.000,300.000,325.000,-1,-1,-1,-1,-1,-1,-1,-1,2,0,2,0,2,0,0,0,0,2,2,2,2,2,2,2,2
17,-5244.027,-4599.958,-100.985,57.376,0.542691,-0.839323,-0.031970,0.837039,0.537274,0.103456,-0.069656,-0.082905,0.994120,0,0.30567,0.64000,18.340,1.280,-1,425.000,-1,475.000,-1,325.000,350.000,300.000,325.000,-1,-1,-1,-1,1000.000,-1,-1,-1,2,0,2,0,2,0,0,0,0,2,2,2,2,0,2,2,2
18,-5236.935,-4588.424,-101.821,58.416,0.527465,-0.848999,-0.031316,0.846434,0.521989,0.105243,-0.073005,-0.082019,0.993953,0,0.22567,0.52000,13.540,1.040,-1,425.000,-1,450.000,-1,325.000,350.000,300.000,350.000,-1,-1,-1,-1,975.000,-1,-1,-1,2,0,2,0,2,0,0,0,0,2,2,2,2,0,2,2,2
19,-5232.462,-4580.915,-102.347,59.216,0.515625,-0.856254,-0.030990,0.853497,0.510114,0.106425,-0.075318,-0.081325,0.993838,0,0.14567,0.40000,8.740,0.800,-1,425.000,-1,450.000,-1,325.000,350.000,300.000,350.000,-1,-1,-1,-1,975.000,-1,-1,-1,2,0,2,0,2,0,0,0,0,2,2,2,2,0,2,2,2
20,-5230.478,-4577.511,-102.558,59.776,0.507265,-0.861235,-0.030912,0.858377,0.501742,0.106975,-0.076621,-0.080799,0.993781,0,0.06567,0.28000,3.940,0.560,-1,425.000,-1,450.000,-1,325.000,350.000,300.000,350.000,-1,-1,-1,-1,975.000,-1,-1,-1,2,0,2,0,2,0,0,0,0,2,2,2,2,0,2,2,2
21,-5230.907,-4578.256,-102.453,60.096,0.502448,-0.864050,-0.031034,0.861178,0.496939,0.106881,-0.076929,-0.080428,0.993787,0,-0.01433,0.16000,-0.860,0.320,-1,425.000,-1,450.000,-1,325.000,350.000,300.000,350.000,-1,-1,-1,-1,975.000,-1,-1,-1,2,0,2,0,2,0,0,0,0,2,2,2,2,0,2,2,2
22,-5233.721,-4583.167,-102.032,60.176,0.501209,-0.864758,-0.031341,0.861960,0.495741,0.106139,-0.076248,-0.080213,0.993857,0,-0.09433,0.04000,-5.660,0.080,-1,425.000,-1,450.000,-1,325.000,350.000,300.000,350.000,-1,-1,-1,-1,975.000,-1,-1,-1,2,0,2,0,2,0,0,0,0,2,2,2,2,0,2,2,2
23,-5238.948,-4592.227,-101.296,60.016,0.503559,-0.863374,-0.031851,0.860736,0.498156,0.104755,-0.074576,-0.080166,0.993988,0,-0.17433,-0.08000,-10.460,-0.160,-1,425.000,-1,450.000,-1,325.000,350.000,300.000,350.000,-1,-1,-1,-1,975.000,-1,-1,-1,2,0,2,0,2,0,0,0,0,2,2,2,2,0,2,2,2
24,-5244.506,-4601.707,-100.558,59.616,0.509504,-0.859859,-0.032377,0.857409,0.504162,0.103301,-0.072501,-0.080393,0.994123,0,-0.18315,-0.20000,-10.989,-0.400,-1,425.000,-1,475.000,-1,350.000,350.000,300.000,325.000,-1,-1,-1,-1,1000.000,-1,-1,-1,2,0,2,0,2,0,0,0,0,2,2,2,2,0,2,2,2
25,-5250.170,-4611.124,-99.856,58.976,0.519003,-0.854139,-0.032919,0.851894,0.513713,0.101854,-0.070086,-0.080906,0.994255,0,-0.18315,-0.32000,-10.989,-0.640,-1,425.000,-1,475.000,-1,350.000,350.000,300.000,325.000,-1,-1,-1,-1,1000.000,-1,-1,-1,2,0,2,0,2,0,0,0,0,2,2,2,2,0,2,2,2
26,-5255.954,-4620.467,-99.170,58.242,0.529820,-0.847448,-0.033519,0.845418,0.524578,0.100427,-0.067523,-0.081546,0.994380,0,-0.18315,-0.36675,-10.989,-0.734,-1,425.000,-1,475.000,-1,350.000,350.000,300.000,325.000,-1,-1,-1,-1,-1,-1,-1,-1,2,0,2,0,2,0,0,0,0,2,2,2,2,2,2,2,2
27,-5261.857,-4629.736,-98.488,57.509,0.540550,-0.840617,-0.034192,0.838802,0.535355,0.099026,-0.064938,-0.082209,0.994497,0,-0.18315,-0.36675,-10.989,-0.734,-1,425.000,-1,475.000,-1,350.000,350.000,300.000,325.000,-1,-1,-1,-1,-1,-1,-1,-1,2,0,2,0,2,0,0,0,0,2,2,2,2,2,2,2,2
28,-5267.879,-4638.928,-97.809,56.775,0.551192,-0.833647,-0.034939,0.832047,0.546041,0.097654,-0.062331,-0.082897,0.994607,0,-0.18315,-0.36675,-10.989,-0.734,-1,450.000,-1,475.000,-1,350.000,350.000,300.000,325.000,-1,-1,-1,-1,-1,-1,-1,-1,2,0,2,0,2,0,0,0,0,2,2,2,2,2,2,2,2
29,-5274.017,-4648.043,-97.135,56.042,0.561742,-0.826539,-0.035758,0.825155,0.556635,0.096311,-0.059701,-0.083608,0.994709,0,-0.18315,-0.36675,-10.989,-0.734,-1,450.000,-1,475.000,-1,350.000,350.000,300.000,325.000,-1,-1,-1,-1,-1,-1,-1,-1,2,0,2,0,2,0,0,0,0,2,2,2,2,2,2,2,2
30,-5280.272,-4657.078,-96.464,55.308,0.572201,-0.819294,-0.036648,0.818127,0.567136,0.095002,-0.057051,-0.084343,0.994802,0,-0.18315,-0.36675,-10.989,-0.734,-1,450.000,-1,475.000,-1,350.000,350.000,300.000,300.000,-1,-1,-1,-1,-1,-1,-1,-1,2,0,2,0,2,0,0,0,0,2,2,2,2,2,2,2,2
31,-5286.642,-4666.032,-95.797,54.575,0.582564,-0.811914,-0.037609,0.810964,0.577540,0.093729,-0.054379,-0.085103,0.994887,0,-0.18315,-0.36675,-10.989,-0.734,-1,450.000,-1,475.000,-1,350.000,350.000,300.000,300.000,-1,-1,-1,-1,-1,-1,-1,-1,2,0,2,0,2,0,0,0,0,2,2,2,2,2,2,2,2
32,-5293.126,-4674.904,-95.135,53.841,0.592830,-0.804400,-0.038640,0.803667,0.587847,0.092493,-0.051687,-0.085886,0.994963,0,-0.18315,-0.36675,-10.989,-0.734,-1,450.000,-1,475.000,-1,350.000,350.000,300.000,300.000,-1,-1,-1,-1,-1,-1,-1,-1,2,0,2,0,2,0,0,0,0,2,2,2,2,2,2,2,2
33,-5299.723,-4683.693,-94.476,53.108,0.602997,-0.796753,-0.039740,0.796238,0.598055,0.091297,-0.048974,-0.086695,0.995030,0,-0.18315,-0.36675,-10.989,-0.734,-1,450.000,-1,475.000,-1,350.000,350.000,325.000,300.000,-1,-1,-1,-1,-1,-1,-1,-1,2,0,2,0,2,0,0,0,0,2,2,2,2,2,2,2,2
34,-5306.432,-4692.395,-93.881,52.374,0.613080,-0.788957,-0.040980,0.788655,0.608148,0.090440,-0.046431,-0.087766,0.995058,0,-0.18315,-0.36675,-10.989,-0.734,-1,450.000,-1,475.000,-1,350.000,350.000,300.000,300.000,-1,-1,-1,-1,-1,-1,-1,-1,2,0,2,0,2,0,0,0,0,2,2,2,2,2,2,2,2
35,-5313.252,-4701.011,-93.306,51.641,0.623064,-0.781026,-0.042298,0.780937,0.618134,0.089711,-0.043921,-0.088928,0.995069,0,-0.18315,-0.36675,-10.989,-0.734,-1,450.000,-1,475.000,-1,350.000,350.000,300.000,300.000,-1,-1,-1,-1,-1,-1,-1,-1,2,0,2,0,2,0,0,0,0,2,2,2,2,2,2,2,2
36,-5320.181,-4709.540,-92.893,50.907,0.632944,-0.773007,-0.042923,0.773065,0.628048,0.089026,-0.041860,-0.089531,0.995104,0,-0.18315,-0.36675,-10.989,-0.734,-1,450.000,-1,475.000,-1,350.000,350.000,300.000,300.000,-1,-1,-1,-1,-1,-1,-1,-1,2,0,2,0,2,0,0,0,0,2,2,2,2,2,2,2,2
37,-5327.219,-4717.979,-92.494,50.174,0.642719,-0.764863,-0.043558,0.765067,0.637858,0.088371,-0.039808,-0.090123,0.995135,0,-0.18315,-0.36675,-10.989,-0.734,-1,450.000,-1,475.000,-1,350.000,350.000,300.000,300.000,-1,-1,-1,-1,-1,-1,-1,-1,2,0,2,0,2,0,0,0,0,2,2,2,2,2,2,2,2
38,-5334.365,-4726.327,-92.105,49.440,0.652389,-0.756594,-0.044214,0.756943,0.647563,0.087746,-0.037757,-0.090713,0.995161,0,-0.18315,-0.36675,-10.989,-0.734,-1,450.000,-1,475.000,-1,350.000,350.000,300.000,300.000,-1,-1,-1,-1,-1,-1,-1,-1,2,0,2,0,2,0,0,0,0,2,2,2,2,2,2,2,2
39,-5341.617,-4734.583,-91.728,48.707,0.661951,-0.748201,-0.044890,0.748696,0.657160,0.087153,-0.035708,-0.091300,0.995183,0,-0.18315,-0.36675,-10.989,-0.734,-1,450.000,-1,475.000,-1,350.000,350.000,300.000,300.000,-1,-1,-1,-1,-1,-1,-1,-1,2,0,2,0,2,0,0,0,0,2,2,2,2,2,2,2,2
40,-5348.973,-4742.746,-91.361,47.973,0.671405,-0.739687,-0.045585,0.740326,0.666648,0.086591,-0.033661,-0.091885,0.995200,0,-0.18315,-0.36675,-10.989,-0.734,-1,450.000,-1,475.000,-1,350.000,350.000,300.000,300.000,-1,-1,-1,-1,-1,-1,-1,-1,2,0,2,0,2,0,0,0,0,2,2,2,2,2,2,2,2
41,-5356.434,-4750.813,-91.007,47.240,0.680748,-0.731053,-0.046297,0.731835,0.676026,0.086061,-0.031617,-0.092468,0.995214,0,-0.18315,-0.36675,-10.989,-0.734,-1,450.000,-1,475.000,-1,350.000,350.000,300.000,300.000,-1,-1,-1,-1,-1,-1,-1,-1,2,0,2,0,2,0,0,0,0,2,2,2,2,2,2,2,2
42,-5363.997,-4758.785,-90.663,46.506,0.689980,-0.722299,-0.047025,0.723224,0.685292,0.085564,-0.029577,-0.093047,0.995222,0,-0.18315,-0.36675,-10.989,-0.734,-1,450.000,-1,475.000,-1,350.000,350.000,300.000,300.000,-1,-1,-1,-1,-1,-1,-1,-1,2,0,2,0,2,0,0,0,0,2,2,2,2,2,2,2,2
43,-5371.662,-4766.659,-90.331,45.773,0.699098,-0.713429,-0.047769,0.714495,0.694445,0.085100,-0.027540,-0.093624,0.995227,0,-0.18315,-0.36675,-10.989,-0.734,-1,450.000,-1,500.000,-1,350.000,350.000,300.000,325.000,-1,-1,-1,-1,-1,-1,-1,-1,2,0,2,0,2,0,0,0,0,2,2,2,2,2,2,2,2
44,-5376.054,-4771.019,-90.137,44.799,0.711053,-0.701471,-0.048402,0.702678,0.706410,0.085025,-0.025451,-0.094468,0.995202,0,-0.10315,-0.48675,-6.189,-0.974,-1,450.000,-1,500.000,-1,350.000,350.000,300.000,325.000,-1,-1,-1,-1,-1,-1,-1,-1,2,0,2,0,2,0,0,0,0,2,2,2,2,2,2,2,2
45,-5377.060,-4771.975,-90.063,43.585,0.725690,-0.686282,-0.048899,0.687627,0.721032,0.085330,-0.023303,-0.095548,0.995152,0,-0.02315,-0.60675,-1.389,-1.214,-1,450.000,-1,500.000,-1,350.000,350.000,300.000,325.000,-1,-1,-1,-1,-1,-1,-1,-1,2,0,2,0,2,0,0,0,0,2,2,2,2,2,2,2,2
46,-5374.530,-4769.685,-90.085,42.132,0.742811,-0.667689,-0.049227,0.669169,0.738117,0.086002,-0.021087,-0.096824,0.995078,0,0.05685,-0.72675,3.411,-1.454,-1,450.000,-1,500.000,-1,350.000,350.000,300.000,325.000,-1,-1,-1,-1,-1,-1,-1,-1,2,0,2,0,2,0,0,0,0,2,2,2,2,2,2,2,2
47,-5368.292,-4764.343,-90.183,40.568,0.760711,-0.647215,-0.049309,0.648813,0.755962,0.086970,-0.019013,-0.098151,0.994990,0,0.13685,-0.78178,8.211,-1.564,-1,450.000,-1,500.000,-1,350.000,350.000,300.000,325.000,-1,-1,-1,-1,-1,-1,-1,-1,2,0,2,0,2,0,0,0,0,2,2,2,2,2,2,2,2
48,-5358.181,-4756.152,-90.336,39.005,0.778061,-0.626268,-0.049089,0.627952,0.773242,0.088166,-0.017258,-0.099424,0.994895,0,0.21685,-0.78178,13.011,-1.564,-1,450.000,-1,500.000,-1,350.000,375.000,300.000,325.000,-1,-1,-1,-1,-1,-1,-1,-1,2,0,2,0,2,0,0,0,0,2,2,2,2,2,2,2,2
49,-5344.039,-4745.322,-90.522,37.441,0.794849,-0.604862,-0.048556,0.606602,0.789946,0.089556,-0.015813,-0.100637,0.994798,0,0.29685,-0.78178,17.811,-1.564,-1,450.000,-1,525.000,-1,350.000,375.000,300.000,325.000,-1,-1,-1,-1,-1,-1,-1,-1,2,0,2,0,2,0,0,0,0,2,2,2,2,2,2,2,2
50,-5325.717,-4732.069,-90.740,35.878,0.811063,-0.583018,-0.047600,0.584773,0.806068,0.091080,-0.014732,-0.101707,0.994705,0,0.37685,-0.78178,22.611,-1.564,-1,450.000,-1,525.000,-1,350.000,375.000,300.000,325.000,-1,-1,-1,-1,-1,-1,-1,-1,2,0,2,0,2,0,0,0,0,2,2,2,2,2,2,2,2
51,-5303.075,-4716.617,-91.589,34.314,0.826755,-0.560885,-0.043407,0.562339,0.821790,0.091849,-0.015846,-0.100346,0.994826,0,0.45685,-0.78178,27.411,-1.564,-1,450.000,-1,525.000,-1,350.000,375.000,300.000,325.000,-1,-1,-1,-1,-1,-1,-1,-1,2,0,2,0,2,0,0,0,0,2,2,2,2,2,2,2,2
52,-5275.982,-4699.192,-92.523,32.751,0.841844,-0.538353,-0.038401,0.539434,0.836945,0.092381,-0.017594,-0.098485,0.994983,0,0.53685,-0.78178,32.211,-1.564,-1,450.000,-1,525.000,-1,350.000,375.000,300.000,325.000,-1,-1,-1,-1,-1,-1,-1,-1,2,0,2,0,2,0,0,0,0,2,2,2,2,2,2,2,2
53,-5244.317,-4680.027,-93.521,31.187,0.856308,-0.515435,-0.032602,0.516079,0.851520,0.092605,-0.019971,-0.096124,0.995169,0,0.61685,-0.78178,37.011,-1.564,-1,450.000,-1,525.000,-1,350.000,375.000,325.000,300.000,-1,-1,-1,-1,-1,-1,-1,-1,2,0,2,0,2,0,0,0,0,2,2,2,2,2,2,2,2
54,-5207.968,-4659.362,-94.562,29.623,0.870125,-0.492143,-0.026038,0.492296,0.865503,0.092457,-0.022966,-0.093268,0.995376,0,0.69685,-0.78178,41.811,-1.564,-1,475.000,-1,500.000,-1,350.000,375.000,325.000,300.000,-1,-1,-1,-1,-1,-1,-1,-1,2,0,2,0,2,0,0,0,0,2,2,2,2,2,2,2,2
55,-5166.833,-4637.438,-95.791,28.060,0.883289,-0.468460,-0.018581,0.468044,0.878827,0.092726,-0.027109,-0.090600,0.995518,0,0.77685,-0.78178,46.611,-1.564,-1,475.000,-1,500.000,-1,350.000,375.000,325.000,300.000,-1,-1,-1,-1,-1,-1,-1,-1,2,0,2,0,2,0,0,0,0,2,2,2,2,2,2,2,2
56,-5120.920,-4614.551,-97.486,26.496,0.895763,-0.444356,-0.012506,0.443490,0.891383,0.093555,-0.030424,-0.089349,0.995536,0,0.85498,-0.78178,51.299,-1.564,-1,475.000,-1,500.000,-1,375.000,375.000,325.000,300.000,-1,-1,-1,-1,-1,-1,-1,-1,2,0,2,0,2,0,0,0,0,2,2,2,2,2,2,2,2
57,-5074.401,-4592.923,-99.591,24.933,0.907582,-0.419835,-0.005803,0.418382,0.903104,0.096742,-0.035375,-0.090229,0.995293,0,0.85498,-0.78178,51.299,-1.564,-1,450.000,-1,500.000,-1,350.000,375.000,325.000,300.000,-1,-1,-1,-1,-1,-1,-1,-1,2,0,2,0,2,0,0,0,0,2,2,2,2,2,2,2,2
58,-5027.311,-4572.569,-102.185,23.369,0.918716,-0.394915,0.001885,0.392653,0.913942,0.102631,-0.042253,-0.093549,0.994718,0,0.85498,-0.78178,51.299,-1.564,-1,450.000,-1,475.000,-1,350.000,375.000,325.000,300.000,-1,-1,-1,-1,1000.000,-1,-1,-1,2,0,2,0,2,0,0,0,0,2,2,2,2,0,2,2,2
59,-4979.681,-4553.509,-105.010,21.806,0.929076,-0.369772,0.009268,0.366785,0.924232,0.106134,-0.047811,-0.095207,0.994309,0,0.85498,-0.78178,51.299,-1.564,-1,425.000,-1,475.000,-1,350.000,350.000,325.000,325.000,-1,-1,-1,-1,950.000,-1,-1,-1,2,0,2,0,2,0,0,0,0,2,2,2,2,0,2,2,2
60,-4931.549,-4535.757,-107.766,20.242,0.938684,-0.344378,0.016628,0.340690,0.933877,0.108647,-0.052944,-0.096320,0.993941,0,0.85498,-0.78178,51.299,-1.564,-1,425.000,-1,475.000,-1,350.000,350.000,300.000,325.000,-1,-1,-1,-1,925.000,-1,-1,-1,2,0,2,0,2,0,0,0,0,2,2,2,2,0,2,2,2
61,-4882.950,-4519.325,-110.355,18.679,0.947537,-0.318739,0.024066,0.314349,0.942839,0.110629,-0.057952,-0.097259,0.993570,0,0.85498,-0.78178,51.299,-1.564,-1,400.000,-1,475.000,-1,325.000,350.000,300.000,325.000,-1,-1,-1,-1,875.000,-1,-1,-1,2,0,2,0,2,0,0,0,0,2,2,2,2,0,2,2,2
62,-4833.921,-4504.225,-112.780,17.115,0.955630,-0.292872,0.031567,0.287785,0.951113,0.112091,-0.062852,-0.098033,0.993196,0,0.85498,-0.78178,51.299,-1.564,-1,400.000,-1,475.000,-1,325.000,350.000,300.000,325.000,-1,-1,-1,-1,850.000,-1,-1,-1,2,0,2,0,2,0,0,0,0,2,2,2,2,0,2,2,2
63,-4784.498,-4490.469,-115.043,15.551,0.962959,-0.266794,0.039116,0.261020,0.958691,0.113046,-0.067660,-0.098649,0.992820,0,0.85498,-0.78178,51.299,-1.564,-1,400.000,-1,475.000,-1,325.000,350.000,300.000,325.000,-1,-1,-1,-1,825.000,-1,-1,-1,2,0,2,0,2,0,0,0,0,2,2,2,2,0,2,2,2
64,-4734.717,-4478.067,-117.148,13.988,0.969519,-0.240525,0.046699,0.234078,0.965569,0.113508,-0.072392,-0.099117,0.992439,0,0.85498,-0.78178,51.299,-1.564,-1,400.000,-1,475.000,-1,325.000,350.000,300.000,325.000,-1,-1,-1,-1,800.000,-1,-1,-1,2,0,2,0,2,0,0,0,0,2,2,2,2,0,2,2,2
65,-4684.617,-4467.028,-119.097,12.424,0.975305,-0.214082,0.054305,0.206980,0.971740,0.113489,-0.077067,-0.099446,0.992054,0,0.85498,-0.78178,51.299,-1.564,-1,400.000,-1,475.000,-1,325.000,350.000,325.000,325.000,-1,-1,-1,-1,800.000,-1,-1,-1,2,0,2,0,2,0,0,0,0,2,2,2,2,0,2,2,2
66,-4634.234,-4457.363,-121.528,10.861,0.980405,-0.187511,0.060377,0.180076,0.977344,0.111224,-0.079865,-0.098172,0.991960,0,0.85498,-0.78178,51.299,-1.564,-1,400.000,-1,475.000,-1,325.000,350.000,325.000,325.000,-1,-1,-1,-1,775.000,-1,-1,-1,2,0,2,0,2,0,0,0,0,2,2,2,2,0,2,2,2
67,-4583.605,-4449.083,-125.247,9.297,0.984736,-0.160867,0.066462,0.153518,0.982669,0.103892,-0.082023,-0.092103,0.992365,0,0.85498,-0.78178,51.299,-1.564,-1,400.000,-1,475.000,-1,325.000,350.000,325.000,325.000,-1,-1,-1,-1,775.000,-1,-1,-1,2,0,2,0,2,0,0,0,0,2,2,2,2,0,2,2,2
68,-4532.770,-4442.184,-129.764,7.734,0.988479,-0.134031,0.070320,0.126770,0.986962,0.099173,-0.082696,-0.089116,0.992582,0,0.85498,-0.78178,51.299,-1.564,-1,400.000,-1,450.000,-1,350.000,350.000,325.000,300.000,-1,-1,-1,-1,775.000,-1,-1,-1,2,0,2,0,2,0,0,0,0,2,2,2,2,0,2,2,2
69,-4481.766,-4436.669,-135.048,6.170,0.991534,-0.107045,0.073497,0.099648,0.990200,0.097850,-0.083252,-0.089698,0.992484,0,0.85498,-0.78178,51.299,-1.564,-1,400.000,-1,450.000,-1,325.000,350.000,325.000,300.000,-1,-1,-1,-1,775.000,-1,-1,-1,2,0,2,0,2,0,0,0,0,2,2,2,2,0,2,2,2
70,-4430.631,-4432.549,-140.163,4.606,0.993830,-0.079984,0.076835,0.072455,0.992719,0.096230,-0.083972,-0.090070,0.992389,0,0.85498,-0.78178,51.299,-1.564,-1,400.000,-1,450.000,-1,325.000,350.000,325.000,300.000,-1,-1,-1,-1,775.000,-1,-1,-1,2,0,2,0,2,0,0,0,0,2,2,2,2,0,2,2,2
71,-4379.402,-4429.825,-145.121,3.043,0.995366,-0.052866,0.080325,0.045208,0.994514,0.094330,-0.084871,-0.090261,0.992295,0,0.85498,-0.78178,51.299,-1.564,-1,400.000,-1,450.000,-1,325.000,350.000,325.000,300.000,-1,-1,-1,-1,775.000,-1,-1,-1,2,0,2,0,2,0,0,0,0,2,2,2,2,0,2,2,2
72,-4328.118,-4428.501,-149.931,1.479,0.996137,-0.025710,0.083962,0.017927,0.995582,0.092164,-0.085961,-0.090303,0.992198,0,0.85498,-0.78178,51.299,-1.564,-1,400.000,-1,450.000,-1,325.000,350.000,300.000,275.000,-1,-1,-1,-1,750.000,-1,-1,-1,2,0,2,0,2,0,0,0,0,2,2,2,2,0,2,2,2
73,-4276.816,-4428.576,-154.606,-0.084,0.996142,0.001465,0.087742,-0.009370,0.995921,0.089747,-0.087252,-0.090223,0.992092,0,0.85498,-0.78178,51.299,-1.564,-1,400.000,-1,450.000,-1,325.000,350.000,300.000,275.000,-1,-1,-1,-1,750.000,-1,-1,-1,2,0,2,0,2,0,0,0,0,2,2,2,2,0,2,2,2
74,-4225.536,-4430.052,-159.156,-1.648,0.995378,0.028640,0.091661,-0.036664,0.995525,0.087094,-0.088756,-0.090053,0.991974,0,0.85498,-0.78178,51.299,-1.564,-1,400.000,-1,450.000,-1,325.000,350.000,300.000,275.000,-1,-1,-1,-1,750.000,-1,-1,-1,2,0,2,0,2,0,0,0,0,2,2,2,2,0,2,2,2
75,-4174.316,-4432.926,-163.592,-3.211,0.993844,0.055794,0.095717,-0.063936,0.994394,0.084219,-0.090481,-0.089821,0.991839,0,0.85498,-0.78178,51.299,-1.564,-1,400.000,-1,450.000,-1,325.000,350.000,300.000,300.000,-1,-1,-1,-1,750.000,-1,-1,-1,2,0,2,0,2,0,0,0,0,2,2,2,2,0,2,2,2
76,-4122.371,-4437.047,-168.000,-4.535,0.991867,0.078753,0.099985,-0.087011,0.992901,0.081101,-0.092888,-0.089141,0.991678,0,0.86843,-0.66178,52.106,-1.324,-1,400.000,-1,450.000,-1,325.000,350.000,300.000,300.000,-1,-1,-1,-1,750.000,-1,-1,-1,2,0,2,0,2,0,0,0,0,2,2,2,2,0,2,2,2
77,-4070.514,-4442.149,-172.341,-5.619,0.989745,0.097525,0.104375,-0.105890,0.991326,0.077844,-0.095878,-0.088098,0.991487,0,0.86843,-0.54178,52.106,-1.084,1000.000,400.000,-1,450.000,-1,325.000,350.000,300.000,300.000,-1,-1,-1,-1,750.000,1000.000,-1,-1,0,0,2,0,2,0,0,0,0,2,2,2,2,0,0,2,2
78,-4018.738,-4448.015,-176.640,-6.462,0.987712,0.112122,0.108870,-0.120583,0.989903,0.074505,-0.099417,-0.086717,0.991260,0,0.86843,-0.42178,52.106,-0.844,975.000,400.000,-1,425.000,-1,325.000,350.000,300.000,300.000,-1,-1,-1,-1,750.000,950.000,-1,-1,0,0,2,0,2,0,0,0,0,2,2,2,2,0,0,2,2
79,-3967.026,-4454.425,-181.050,-7.066,0.985995,0.122557,0.113111,-0.131126,0.988770,0.071698,-0.103054,-0.085526,0.990992,0,0.86843,-0.30178,52.106,-0.604,925.000,400.000,-1,425.000,-1,325.000,325.000,300.000,300.000,-1,-1,-1,-1,725.000,925.000,-1,-1,0,0,2,0,2,0,0,0,0,2,2,2,2,0,0,2,2
80,-3915.357,-4461.162,-185.925,-7.429,0.984818,0.128824,0.116355,-0.137614,0.987943,0.070931,-0.105814,-0.085866,0.990672,0,0.86843,-0.18178,52.106,-0.364,875.000,375.000,-1,425.000,-1,325.000,325.000,300.000,300.000,-1,-1,-1,-1,725.000,900.000,-1,-1,0,0,2,0,2,0,0,0,0,2,2,2,2,0,0,2,2
81,-3863.703,-4468.014,-191.600,-7.553,0.984433,0.130987,0.117195,-0.139508,0.987904,0.067696,-0.106910,-0.082992,0.990799,0,0.86843,-0.06178,52.106,-0.124,875.000,375.000,-1,425.000,-1,325.000,325.000,300.000,300.000,-1,-1,-1,-1,700.000,900.000,-1,-1,0,0,2,0,2,0,0,0,0,2,2,2,2,0,0,2,2
82,-3812.036,-4474.762,-197.345,-7.436,0.984597,0.129015,0.118003,-0.137238,0.988442,0.064411,-0.108330,-0.079614,0.990922,0,0.86843,0.05822,52.106,0.116,850.000,375.000,-1,425.000,-1,325.000,325.000,300.000,300.000,-1,-1,-1,-1,700.000,875.000,-1,-1,0,0,2,0,2,0,0,0,0,2,2,2,2,0,0,2,2
83,-3760.353,-4481.380,-203.153,-7.293,0.984817,0.126573,0.118803,-0.134494,0.989024,0.061184,-0.109755,-0.076233,0.991031,0,0.86843,0.07174,52.106,0.143,825.000,375.000,-1,425.000,-1,325.000,325.000,300.000,300.000,-1,-1,-1,-1,675.000,850.000,-1,-1,0,0,2,0,2,0,0,0,0,2,2,2,2,0,0,2,2
84,-3708.652,-4487.869,-209.024,-7.149,0.985033,0.124126,0.119595,-0.131744,0.989584,0.058018,-0.111147,-0.072905,0.991126,0,0.86843,0.07174,52.106,0.143,800.000,375.000,-1,425.000,-1,325.000,325.000,275.000,300.000,-1,-1,-1,-1,675.000,825.000,-1,-1,0,0,2,0,2,0,0,0,0,2,2,2,2,0,0,2,2
85,-3656.936,-4494.228,-214.945,-7.006,0.985248,0.121677,0.120335,-0.128981,0.990128,0.054868,-0.112471,-0.069580,0.991216,0,0.86843,0.07174,52.106,0.143,775.000,375.000,-1,425.000,-1,325.000,325.000,275.000,300.000,-1,-1,-1,-1,675.000,825.000,-1,-1,0,0,2,0,2,0,0,0,0,2,2,2,2,0,0,2,2
86,-3605.204,-4500.458,-220.907,-6.862,0.985467,0.119224,0.120999,-0.126201,0.990656,0.051708,-0.113703,-0.066227,0.991305,0,0.86843,0.07174,52.106,0.143,750.000,375.000,-1,425.000,-1,325.000,325.000,275.000,300.000,-1,-1,-1,-1,650.000,800.000,1000.000,-1,0,0,2,0,2,0,0,0,0,2,2,2,2,0,0,0,2
87,-3553.180,-4506.585,-226.954,-6.713,0.985695,0.116666,0.121636,-0.123308,0.991179,0.048567,-0.114897,-0.062871,0.991386,0,0.87306,0.07472,52.384,0.149,750.000,375.000,-1,425.000,-1,325.000,325.000,275.000,300.000,-1,-1,-1,-1,650.000,775.000,975.000,-1,0,0,2,0,2,0,0,0,0,2,2,2,2,0,0,0,2
88,-3500.844,-4512.604,-233.088,-6.557,0.985932,0.113988,0.122247,-0.120289,0.991698,0.045443,-0.116052,-0.059509,0.991459,0,0.87801,0.07806,52.681,0.156,725.000,375.000,-1,400.000,-1,325.000,325.000,275.000,300.000,-1,-1,-1,-1,650.000,775.000,925.000,-1,0,0,2,0,2,0,0,0,0,2,2,2,2,0,0,0,2
89,-3448.200,-4518.506,-239.308,-6.394,0.986179,0.111187,0.122832,-0.117140,0.992213,0.042337,-0.117168,-0.056140,0.991524,0,0.88289,0.08153,52.973,0.163,700.000,375.000,-1,400.000,-1,300.000,325.000,275.000,300.000,-1,-1,-1,-1,625.000,750.000,900.000,-1,0,0,2,0,2,0,0,0,0,2,2,2,2,0,0,1,2
90,-3395.253,-4524.283,-245.614,-6.224,0.986436,0.108257,0.123389,-0.113857,0.992722,0.039248,-0.118242,-0.052765,0.991582,0,0.88769,0.08513,53.261,0.170,675.000,350.000,-1,400.000,-1,300.000,325.000,275.000,300.000,-1,-1,-1,-1,625.000,750.000,850.000,-1,0,0,2,0,2,0,0,0,0,2,2,2,2,0,0,1,2
91,-3342.008,-4529.925,-252.004,-6.046,0.986701,0.105195,0.123919,-0.110434,0.993225,0.036177,-0.119273,-0.049381,0.991633,0,0.89239,0.08888,53.543,0.178,650.000,350.000,-1,400.000,-1,300.000,325.000,275.000,300.000,-1,-1,-1,-1,600.000,725.000,800.000,-1,0,0,2,0,2,0,0,0,0,2,2,2,2,0,0,1,2
92,-3288.469,-4535.424,-258.376,-5.860,0.987029,0.101997,0.123977,-0.106805,0.993740,0.032757,-0.119860,-0.045574,0.991744,0,0.89699,0.09276,53.820,0.186,650.000,350.000,-1,375.000,-1,300.000,300.000,275.000,300.000,-1,-1,-1,-1,600.000,725.000,775.000,-1,0,0,2,0,2,0,0,0,0,2,2,2,2,0,0,1,2
93,-3234.646,-4540.768,-264.354,-5.667,0.987575,0.098658,0.122324,-0.102907,0.994271,0.028904,-0.118771,-0.041133,0.992069,0,0.90148,0.09681,54.089,0.194,650.000,350.000,-1,375.000,-1,300.000,300.000,275.000,275.000,-1,-1,-1,-1,600.000,700.000,725.000,-1,0,0,2,0,2,0,0,0,0,2,2,2,2,0,0,1,2
94,-3180.543,-4545.947,-269.975,-5.465,0.988270,0.095162,0.119445,-0.099018,0.994726,0.026757,-0.116269,-0.038270,0.992480,0,0.90584,0.10101,54.351,0.202,675.000,350.000,-1,375.000,975.000,300.000,300.000,275.000,300.000,-1,-1,-1,-1,600.000,700.000,700.000,-1,1,0,2,0,0,0,0,0,0,2,2,2,2,0,0,1,2
95,-3126.170,-4550.949,-275.665,-5.254,0.988966,0.091512,0.116500,-0.094985,0.995175,0.024607,-0.113686,-0.035401,0.992886,0,0.91006,0.10539,54.604,0.211,650.000,350.000,-1,375.000,950.000,300.000,300.000,275.000,300.000,-1,-1,-1,-1,600.000,700.000,675.000,1000.000,1,0,2,0,0,0,0,0,0,2,2,2,2,0,0,1,0
96,-3071.535,-4555.764,-281.421,-5.034,0.989661,0.087700,0.113489,-0.090802,0.995616,0.022453,-0.111023,-0.032526,0.993285,0,0.91412,0.10995,54.847,0.220,600.000,350.000,-1,400.000,925.000,300.000,300.000,275.000,300.000,-1,-1,-1,-1,600.000,675.000,650.000,975.000,1,0,2,0,0,0,0,0,0,2,2,2,2,0,0,1,0
97,-3016.649,-4560.379,-287.236,-4.805,0.990352,0.083720,0.110428,-0.086462,0.996049,0.020271,-0.108294,-0.029623,0.993677,0,0.91801,0.11471,55.080,0.229,550.000,350.000,-1,400.000,900.000,300.000,325.000,275.000,300.000,-1,-1,-1,-1,600.000,675.000,625.000,950.000,1,0,2,0,0,0,0,0,0,2,2,2,2,0,0,1,0
98,-2961.524,-4564.783,-293.085,-4.565,0.991029,0.079566,0.107379,-0.081950,0.996475,0.017965,-0.105571,-0.026604,0.994056,0,0.92170,0.11966,55.302,0.239,525.000,375.000,-1,400.000,850.000,300.000,325.000,275.000,300.000,-1,-1,600.000,-1,575.000,650.000,600.000,925.000,1,0,2,0,0,0,0,0,0,2,2,0,2,0,0,1,0
99,-2906.172,-4568.962,-298.987,-4.316,0.991698,0.075229,0.104287,-0.077265,0.996888,0.015621,-0.102787,-0.023549,0.994425,0,0.92517,0.12483,55.510,0.250,500.000,350.000,-1,400.000,825.000,300.000,325.000,275.000,300.000,-1,-1,475.000,-1,575.000,650.000,575.000,900.000,1,0,2,0,0,0,0,0,0,2,2,0,2,0,0,1,0
100,-2850.607,-4572.902,-304.937,-4.055,0.992356,0.070701,0.101152,-0.072402,0.997288,0.013237,-0.099942,-0.020460,0.994783,0,0.92841,0.13022,55.704,0.260,450.000,350.000,-1,375.000,800.000,300.000,325.000,275.000,275.000,-1,725.000,375.000,-1,575.000,650.000,575.000,875.000,1,0,2,0,0,0,0,0,0,2,0,0,2,0,0,1,0
101,-2794.847,-4576.591,-310.934,-3.783,0.992999,0.065976,0.097977,-0.067353,0.997671,0.010811,-0.097036,-0.017334,0.995130,0,0.93138,0.13585,55.883,0.272,425.000,350.000,-1,375.000,750.000,300.000,300.000,275.000,275.000,-1,550.000,325.000,-1,575.000,625.000,550.000,850.000,1,0,2,0,0,0,0,0,0,2,0,0,2,0,0,1,0
102,-2738.908,-4580.014,-316.973,-3.500,0.993627,0.061042,0.094763,-0.062109,0.998035,0.008341,-0.094068,-0.014174,0.995465,0,0.93407,0.14172,56.044,0.283,400.000,350.000,1000.000,375.000,725.000,300.000,300.000,275.000,275.000,-1,450.000,300.000,-1,550.000,625.000,525.000,825.000,1,0,1,0,0,0,0,0,0,2,0,0,2,0,0,1,0
103,-2682.810,-4583.156,-323.050,-3.204,0.994234,0.055893,0.091512,-0.056663,0.998376,0.005827,-0.091038,-0.010978,0.995787,0,0.93644,0.14784,56.186,0.296,375.000,325.000,950.000,350.000,675.000,275.000,300.000,275.000,275.000,-1,400.000,275.000,-1,550.000,600.000,500.000,775.000,1,0,1,0,0,0,0,0,0,2,0,0,2,0,0,1,0
104,-2626.575,-4586.002,-328.899,-2.896,0.994809,0.050519,0.088336,-0.050912,0.998701,0.002191,-0.088110,-0.006677,0.996088,0,0.93847,0.15423,56.308,0.308,350.000,325.000,900.000,350.000,650.000,275.000,275.000,275.000,275.000,-1,375.000,250.000,950.000,550.000,600.000,475.000,750.000,1,0,1,0,0,0,0,0,0,2,0,0,0,0,0,1,0
105,-2570.226,-4588.536,-332.425,-2.574,0.995511,0.044910,0.083308,-0.045046,0.998985,-0.000252,-0.083235,-0.003502,0.996524,0,0.94011,0.16090,56.407,0.322,325.000,325.000,850.000,350.000,650.000,275.000,275.000,275.000,275.000,-1,375.000,275.000,900.000,550.000,600.000,475.000,750.000,1,0,1,0,0,0,0,0,0,2,0,0,0,0,0,1,0
106,-2513.789,-4590.743,-335.509,-2.238,0.996232,0.039057,0.077437,-0.039095,0.999235,-0.001022,-0.077417,-0.002010,0.996997,0,0.94135,0.16785,56.481,0.336,325.000,350.000,800.000,350.000,675.000,275.000,300.000,275.000,275.000,-1,350.000,275.000,875.000,575.000,600.000,475.000,775.000,1,0,1,0,0,0,0,0,0,2,0,0,0,0,0,1,0
107,-2457.292,-4592.605,-338.605,-1.888,0.996895,0.032949,0.071524,-0.032900,0.999457,-0.001859,-0.071546,-0.000500,0.997437,0,0.94215,0.17508,56.529,0.350,300.000,350.000,775.000,350.000,700.000,300.000,300.000,275.000,275.000,-1,350.000,300.000,850.000,550.000,600.000,475.000,800.000,1,0,1,0,0,0,0,0,0,2,0,0,0,1,1,1,0
108,-2405.589,-4594.211,-341.451,-1.778,0.997331,0.031027,0.066099,-0.030914,0.999518,-0.002734,-0.066152,0.000684,0.997809,0,0.86215,0.05508,51.729,0.110,300.000,350.000,725.000,350.000,700.000,300.000,300.000,300.000,275.000,-1,350.000,300.000,850.000,525.000,600.000,475.000,825.000,1,0,1,0,0,0,0,0,0,2,0,0,0,1,1,1,0
109,-2358.687,-4595.773,-344.044,-1.908,0.997572,0.033292,0.061175,-0.033135,0.999444,-0.003577,-0.061260,0.001541,0.998121,0,0.78215,-0.06492,46.929,-0.130,300.000,350.000,700.000,350.000,700.000,300.000,300.000,300.000,275.000,-1,350.000,300.000,825.000,475.000,600.000,475.000,825.000,1,0,1,0,0,0,0,0,0,2,0,0,0,1,1,1,0
110,-2316.592,-4597.447,-346.379,-2.278,0.997596,0.039743,0.056762,-0.039561,0.999208,-0.004328,-0.056889,0.002072,0.998378,0,0.70215,-0.18492,42.129,-0.370,300.000,350.000,675.000,375.000,725.000,300.000,300.000,275.000,275.000,-1,350.000,300.000,825.000,450.000,625.000,450.000,850.000,1,0,1,0,0,0,0,1,0,2,0,0,0,1,1,1,0
111,-2279.310,-4599.328,-348.456,-2.888,0.997330,0.050375,0.052865,-0.050184,0.998728,-0.004941,-0.053047,0.002275,0.998589,0,0.62215,-0.30492,37.329,-0.610,300.000,350.000,650.000,375.000,725.000,300.000,300.000,250.000,275.000,-1,350.000,275.000,800.000,425.000,625.000,425.000,850.000,1,1,1,1,0,0,0,1,0,2,0,0,0,1,0,1,0
112,-2246.851,-4601.448,-350.273,-3.737,0.996645,0.065183,0.049491,-0.064995,0.997871,-0.005386,-0.049736,0.002151,0.998760,0,0.54215,-0.42492,32.529,-0.850,325.000,350.000,650.000,375.000,700.000,300.000,300.000,225.000,275.000,-1,325.000,250.000,800.000,400.000,625.000,400.000,850.000,1,1,1,1,0,0,0,1,0,2,0,0,0,1,0,1,0
113,-2219.221,-4603.782,-351.831,-4.827,0.995361,0.084150,0.046643,-0.083978,0.996452,-0.005646,-0.046953,0.001702,0.998896,0,0.46215,-0.54492,27.729,-1.090,325.000,325.000,675.000,375.000,700.000,300.000,300.000,225.000,275.000,-1,300.000,250.000,800.000,375.000,625.000,375.000,850.000,1,1,1,1,0,1,1,1,0,2,0,0,0,1,0,1,0
114,-2196.424,-4606.241,-353.131,-6.157,0.993243,0.107253,0.044328,-0.107105,0.994231,-0.005717,-0.044686,0.000930,0.999001,0,0.38215,-0.66492,22.929,-1.330,325.000,300.000,700.000,375.000,700.000,275.000,300.000,225.000,275.000,-1,275.000,225.000,800.000,375.000,625.000,350.000,825.000,1,1,1,1,0,1,1,1,0,2,0,0,0,1,0,1,0
115,-2178.460,-4608.678,-354.175,-7.727,0.990006,0.134451,0.042549,-0.134334,0.990920,-0.005611,-0.042917,-0.000161,0.999079,0,0.30215,-0.78492,18.129,-1.570,325.000,300.000,775.000,375.000,675.000,275.000,300.000,200.000,275.000,-1,275.000,225.000,800.000,350.000,625.000,325.000,825.000,1,1,1,1,0,1,1,1,0,2,0,0,0,1,0,1,0
116,-2165.309,-4610.852,-354.961,-9.386,0.985748,0.163083,0.041295,-0.163001,0.986611,-0.005381,-0.041620,-0.001426,0.999133,0,0.22215,-0.82953,13.329,-1.659,325.000,300.000,-1,375.000,675.000,275.000,300.000,200.000,275.000,-1,275.000,225.000,800.000,350.000,600.000,325.000,800.000,1,1,2,1,0,1,1,1,0,2,0,0,0,1,0,1,0
117,-2156.938,-4612.485,-355.488,-11.041,0.980653,0.191508,0.040553,-0.191461,0.981487,-0.005087,-0.040776,-0.002775,0.999164,0,0.14215,-0.82748,8.529,-1.655,300.000,275.000,-1,375.000,650.000,275.000,300.000,200.000,275.000,-1,275.000,225.000,800.000,350.000,600.000,300.000,775.000,1,1,2,0,0,1,1,1,0,2,0,0,0,1,0,1,0
118,-2153.300,-4613.304,-355.638,-12.695,0.974731,0.219759,0.040059,-0.219767,0.975543,-0.004260,-0.040016,-0.004652,0.999188,0,0.06215,-0.82709,3.729,-1.654,300.000,275.000,-1,375.000,650.000,275.000,300.000,200.000,275.000,-1,275.000,225.000,825.000,350.000,600.000,300.000,775.000,1,1,2,0,0,1,1,1,0,2,0,0,0,1,0,1,0
119,-2154.338,-4613.039,-355.450,-14.349,0.967983,0.247820,0.039913,-0.247898,0.968781,-0.003079,-0.039430,-0.006914,0.999198,0,-0.01785,-0.82694,-1.071,-1.654,300.000,300.000,-1,375.000,650.000,275.000,300.000,200.000,275.000,-1,300.000,225.000,825.000,350.000,600.000,300.000,775.000,1,1,2,0,0,1,1,1,0,2,0,0,0,1,0,1,0
120,-2159.981,-4611.420,-355.057,-16.003,0.960403,0.275674,0.040360,-0.275815,0.961208,-0.002142,-0.039385,-0.009075,0.999183,0,-0.09785,-0.82698,-5.871,-1.654,300.000,300.000,-1,375.000,675.000,275.000,300.000,200.000,275.000,-1,300.000,225.000,850.000,375.000,600.000,300.000,750.000,1,1,2,0,0,1,1,1,0,2,0,0,0,1,0,1,0
121,-2169.527,-4608.381,-354.378,-17.657,0.951989,0.303304,0.041525,-0.303482,0.952835,-0.002093,-0.040201,-0.010610,0.999135,0,-0.16696,-0.82716,-10.018,-1.654,300.000,300.000,-1,375.000,650.000,275.000,300.000,200.000,275.000,-1,325.000,250.000,850.000,375.000,575.000,300.000,750.000,1,1,2,0,0,1,1,1,0,2,0,0,0,1,0,1,0
122,-2179.140,-4605.012,-353.720,-19.312,0.942773,0.330689,0.042694,-0.330901,0.943663,-0.002207,-0.041019,-0.012047,0.999086,0,-0.16978,-0.82744,-10.187,-1.655,300.000,300.000,-1,375.000,650.000,300.000,325.000,200.000,300.000,-1,375.000,275.000,875.000,400.000,575.000,300.000,725.000,1,1,2,0,0,1,1,1,0,2,0,0,0,1,0,1,0
123,-2188.809,-4601.306,-353.086,-20.967,0.932766,0.357806,0.043855,-0.358047,0.933700,-0.002479,-0.041834,-0.013390,0.999035,0,-0.17258,-0.82769,-10.355,-1.655,300.000,325.000,-1,375.000,650.000,300.000,325.000,200.000,275.000,-1,400.000,300.000,875.000,400.000,575.000,300.000,725.000,1,1,2,0,0,1,1,1,0,2,0,0,0,1,0,1,0
124,-2198.520,-4597.259,-352.476,-22.623,0.921974,0.384629,0.044995,-0.384897,0.922955,-0.002911,-0.042648,-0.014635,0.998983,0,-0.17535,-0.82792,-10.521,-1.656,300.000,325.000,-1,350.000,625.000,300.000,325.000,200.000,275.000,-1,425.000,350.000,900.000,425.000,575.000,325.000,700.000,1,1,2,0,0,1,0,1,0,2,0,0,0,1,0,1,0
125,-2208.261,-4592.865,-351.891,-24.280,0.910407,0.411137,0.046101,-0.411425,0.911437,-0.003503,-0.043459,-0.015778,0.998931,0,-0.17810,-0.82811,-10.686,-1.656,325.000,325.000,-1,350.000,625.000,300.000,325.000,200.000,275.000,-1,450.000,375.000,925.000,425.000,575.000,325.000,700.000,1,1,2,0,0,1,0,1,0,2,0,0,0,1,0,1,0
126,-2218.018,-4588.119,-351.333,-25.936,0.898075,0.437306,0.047162,-0.437609,0.899155,-0.004256,-0.044267,-0.016816,0.998878,0,-0.18083,-0.82828,-10.850,-1.657,325.000,325.000,-1,350.000,600.000,300.000,325.000,200.000,275.000,-1,450.000,450.000,925.000,450.000,575.000,350.000,675.000,1,1,2,0,0,0,0,1,0,2,0,0,0,1,0,1,0
127,-2227.777,-4583.018,-350.801,-27.593,0.884989,0.463113,0.048166,-0.463424,0.886121,-0.005169,-0.045075,-0.017747,0.998826,0,-0.18353,-0.82841,-11.012,-1.657,325.000,350.000,-1,350.000,600.000,300.000,325.000,200.000,275.000,-1,475.000,500.000,950.000,450.000,575.000,350.000,675.000,1,1,2,0,0,0,0,1,0,2,0,0,0,1,0,1,0
128,-2237.525,-4577.559,-350.297,-29.250,0.871161,0.488536,0.049100,-0.488848,0.872346,-0.006239,-0.045880,-0.018567,0.998774,0,-0.18622,-0.82851,-11.173,-1.657,325.000,350.000,-1,350.000,575.000,300.000,300.000,225.000,275.000,-1,500.000,500.000,950.000,475.000,550.000,350.000,650.000,1,1,2,0,0,0,0,1,0,2,0,0,0,1,0,1,0
129,-2251.264,-4569.412,-349.639,-30.667,0.858725,0.509957,0.050352,-0.510237,0.859996,-0.008081,-0.047423,-0.018752,0.998699,0,-0.26622,-0.70851,-15.973,-1.417,350.000,350.000,-1,350.000,575.000,300.000,300.000,225.000,275.000,-1,550.000,525.000,975.000,500.000,550.000,375.000,650.000,1,1,2,0,0,0,0,1,0,2,0,0,0,1,0,1,0
130,-2268.910,-4558.452,-348.832,-31.844,0.847958,0.527519,0.051872,-0.527728,0.849346,-0.010707,-0.049705,-0.018295,0.998596,0,-0.34622,-0.58851,-20.773,-1.177,350.000,350.000,-1,350.000,550.000,300.000,300.000,200.000,275.000,-1,600.000,550.000,975.000,500.000,550.000,400.000,625.000,1,1,2,0,0,0,0,1,0,2,0,0,0,1,0,1,0
131,-2287.019,-4546.791,-348.029,-32.781,0.839107,0.541346,0.053333,-0.541459,0.840618,-0.013561,-0.052174,-0.017499,0.998485,0,-0.35899,-0.46851,-21.539,-0.937,375.000,350.000,-1,350.000,550.000,300.000,300.000,200.000,275.000,-1,700.000,600.000,1000.000,500.000,550.000,400.000,600.000,1,0,2,0,0,0,0,1,0,2,0,0,0,1,0,1,0
132,-2304.967,-4534.921,-347.227,-33.478,0.832352,0.551541,0.054702,-0.551546,0.833984,-0.016366,-0.054647,-0.016548,0.998369,0,-0.35864,-0.34851,-21.518,-0.697,400.000,350.000,-1,350.000,525.000,300.000,300.000,200.000,275.000,-1,-1,650.000,1000.000,525.000,525.000,425.000,575.000,1,0,2,0,0,0,0,1,0,2,2,0,0,1,0,1,0
133,-2322.774,-4522.940,-346.162,-33.935,0.827836,0.558176,0.055922,-0.558133,0.829560,-0.017853,-0.056356,-0.016432,0.998276,0,-0.35771,-0.22851,-21.463,-0.457,400.000,350.000,-1,350.000,525.000,300.000,300.000,200.000,275.000,-1,-1,-1,1000.000,525.000,525.000,450.000,575.000,1,0,2,0,0,0,0,1,0,2,2,2,0,1,0,1,0
134,-2340.460,-4510.942,-345.097,-34.152,0.825625,0.561317,0.057149,-0.561220,0.827443,-0.019244,-0.058089,-0.016185,0.998180,0,-0.35621,-0.10851,-21.373,-0.217,425.000,350.000,-1,350.000,525.000,300.000,300.000,200.000,275.000,-1,-1,-1,-1,525.000,525.000,450.000,575.000,1,0,2,0,0,0,0,1,0,2,2,2,2,1,0,1,0
135,-2358.050,-4499.020,-344.030,-34.129,0.825761,0.560988,0.058410,-0.560836,0.827673,-0.020513,-0.059852,-0.015820,0.998082,0,-0.35416,0.01149,-21.249,0.023,425.000,350.000,-1,350.000,550.000,300.000,300.000,200.000,275.000,-1,-1,-1,-1,525.000,525.000,475.000,575.000,1,0,2,0,0,0,0,1,0,2,2,2,2,1,0,1,0
