timestep,x_cm,y_cm,z_cm,yaw_deg,basis_xx,basis_xy,basis_xz,basis_yx,basis_yy,basis_yz,basis_zx,basis_zy,basis_zz,teleport_flag,throttle_cmd,steering_cmd,cmd_move_cm,cmd_turn_deg,lidar_cm_0,lidar_cm_1,lidar_cm_2,lidar_cm_3,lidar_cm_4,lidar_cm_5,lidar_cm_6,lidar_cm_7,lidar_cm_8,lidar_cm_9,lidar_cm_10,lidar_cm_11,lidar_cm_12,lidar_cm_13,lidar_cm_14,lidar_cm_15,lidar_cm_16,lidar_class_0,lidar_class_1,lidar_class_2,lidar_class_3,lidar_class_4,lidar_class_5,lidar_class_6,lidar_class_7,lidar_class_8,lidar_class_9,lidar_class_10,lidar_class_11,lidar_class_12,lidar_class_13,lidar_class_14,lidar_class_15,lidar_class_16
0,-6882.903,4265.512,-136.837,23.885,0.914444,-0.404608,-0.009215,0.404656,0.913697,0.037579,-0.006785,-0.038092,0.999251,1,0.08000,-0.11867,4.800,-0.237,575.000,400.000,-1,400.000,-1,325.000,325.000,300.000,300.000,-1,-1,-1,-1,700.000,775.000,675.000,-1,1,0,2,0,2,0,0,0,0,2,2,2,2,1,0,1,2
1,-6874.109,4269.363,-136.889,23.649,0.916104,-0.400836,-0.009127,0.400884,0.915357,0.037595,-0.006715,-0.038100,0.999251,0,0.16000,-0.11815,9.600,-0.236,575.000,400.000,-1,400.000,-1,325.000,325.000,300.000,300.000,-1,-1,-1,-1,700.000,775.000,675.000,-1,1,0,2,0,2,0,0,0,0,2,2,2,2,1,0,1,2
2,-6860.895,4275.085,-136.966,23.414,0.917738,-0.397084,-0.009004,0.397129,0.916991,0.037627,-0.006685,-0.038107,0.999251,0,0.24000,-0.11733,14.400,-0.235,575.000,400.000,-1,400.000,-1,325.000,325.000,300.000,300.000,-1,-1,-1,-1,700.000,775.000,675.000,-1,1,0,2,0,2,0,0,0,0,2,2,2,2,1,0,1,2
3,-6843.245,4282.643,-137.065,23.182,0.919342,-0.393361,-0.008849,0.393404,0.918594,0.037675,-0.006691,-0.038118,0.999251,0,0.32000,-0.11619,19.200,-0.232,550.000,400.000,-1,400.000,-1,325.000,325.000,300.000,300.000,-1,-1,-1,-1,700.000,775.000,650.000,-1,1,0,2,0,2,0,0,0,0,2,2,2,2,1,0,1,2
4,-6821.145,4292.002,-137.187,22.952,0.920910,-0.389679,-0.008669,0.389717,0.920161,0.037743,-0.006731,-0.038136,0.999250,0,0.40000,-0.11472,24.000,-0.229,525.000,400.000,-1,400.000,-1,325.000,325.000,300.000,300.000,-1,-1,-1,-1,700.000,775.000,650.000,-1,1,0,2,0,2,0,0,0,0,2,2,2,2,1,0,1,2
5,-6794.581,4303.128,-137.330,22.726,0.922439,-0.386049,-0.008468,0.386082,0.921688,0.037831,-0.006800,-0.038166,0.999248,0,0.48000,-0.11291,28.800,-0.226,525.000,400.000,-1,400.000,-1,325.000,325.000,300.000,300.000,-1,-1,-1,-1,675.000,775.000,625.000,-1,1,0,2,0,2,0,0,0,0,2,2,2,2,1,0,1,2
6,-6763.540,4315.989,-137.494,22.505,0.923926,-0.382483,-0.008254,0.382510,0.923172,0.037942,-0.006893,-0.038213,0.999246,0,0.56000,-0.11072,33.600,-0.221,500.000,400.000,-1,400.000,-1,325.000,325.000,300.000,300.000,-1,-1,-1,-1,675.000,775.000,600.000,-1,1,0,2,0,2,0,0,0,0,2,2,2,2,1,0,1,2
7,-6728.009,4330.553,-137.678,22.289,0.925364,-0.378995,-0.008035,0.379015,0.924606,0.038081,-0.007003,-0.038284,0.999242,0,0.64000,-0.10813,38.400,-0.216,475.000,400.000,-1,400.000,-1,325.000,325.000,300.000,300.000,-1,-1,-1,-1,650.000,775.000,575.000,-1,1,0,2,0,2,0,0,0,0,2,2,2,2,1,0,1,2
8,-6687.977,4346.791,-137.881,22.078,0.926749,-0.375599,-0.007821,0.375613,0.925987,0.038251,-0.007125,-0.038387,0.999238,0,0.72000,-0.10510,43.200,-0.210,450.000,400.000,-1,400.000,-1,325.000,325.000,300.000,300.000,-1,-1,-1,-1,650.000,775.000,575.000,-1,1,0,2,0,2,0,0,0,0,2,2,2,2,1,0,1,2
9,-6644.439,4364.271,-138.180,21.875,0.928074,-0.372315,-0.007736,0.372329,0.927319,0.038085,-0.007006,-0.038226,0.999245,0,0.78193,-0.10160,46.916,-0.203,425.000,400.000,-1,400.000,-1,325.000,325.000,300.000,300.000,-1,-1,-1,-1,625.000,775.000,525.000,-1,1,0,2,0,2,0,0,0,0,2,2,2,2,1,0,1,2
10,-6600.843,4381.603,-138.538,21.680,0.929337,-0.369156,-0.007479,0.369165,0.928596,0.037776,-0.007001,-0.037867,0.999258,0,0.78192,-0.09767,46.915,-0.195,400.000,400.000,-1,400.000,-1,325.000,325.000,300.000,300.000,-1,-1,-1,-1,625.000,775.000,500.000,-1,1,0,2,0,2,0,0,0,0,2,2,2,2,1,0,1,2
11,-6557.205,4398.785,-138.929,21.493,0.930538,-0.366127,-0.007085,0.366127,0.929813,0.037403,-0.007106,-0.037399,0.999275,0,0.78164,-0.09359,46.899,-0.187,375.000,400.000,-1,400.000,-1,325.000,325.000,300.000,300.000,-1,-1,-1,-1,600.000,775.000,475.000,-1,1,0,2,0,2,0,0,1,0,2,2,2,2,1,0,1,2
12,-6513.545,4415.820,-139.311,21.314,0.931675,-0.363231,-0.006740,0.363222,0.930965,0.037070,-0.007191,-0.036985,0.999290,0,0.78109,-0.08935,46.866,-0.179,350.000,400.000,-1,400.000,-1,325.000,325.000,300.000,300.000,-1,-1,-1,-1,575.000,775.000,450.000,-1,1,0,2,0,2,0,0,1,0,2,2,2,2,1,0,1,2
13,-6469.881,4432.707,-139.689,21.144,0.932747,-0.360472,-0.006468,0.360458,0.932050,0.036794,-0.007235,-0.036651,0.999302,0,0.78025,-0.08497,46.815,-0.170,325.000,400.000,-1,400.000,-1,325.000,325.000,300.000,300.000,-1,-1,-1,-1,575.000,775.000,425.000,-1,1,0,2,0,2,0,0,1,0,2,2,2,2,1,0,1,2
14,-6426.234,4449.446,-140.054,20.983,0.933755,-0.357858,-0.006262,0.357839,0.933068,0.036537,-0.007232,-0.036358,0.999313,0,0.77911,-0.08045,46.747,-0.161,300.000,400.000,-1,400.000,-1,325.000,325.000,275.000,300.000,-1,-1,-1,-1,550.000,775.000,400.000,-1,1,0,2,0,2,0,0,1,0,2,2,2,2,1,0,1,2
15,-6382.624,4466.039,-140.386,20.832,0.934697,-0.355392,-0.006109,0.355372,0.934023,0.036212,-0.007164,-0.036018,0.999325,0,0.77767,-0.07580,46.660,-0.152,300.000,375.000,-1,400.000,-1,325.000,325.000,275.000,300.000,-1,-1,-1,-1,550.000,775.000,375.000,-1,1,0,2,0,2,0,0,1,0,2,2,2,2,1,0,1,2
16,-6339.072,4482.487,-140.697,20.690,0.935574,-0.353079,-0.005986,0.353059,0.934913,0.035885,-0.007074,-0.035687,0.999338,0,0.77591,-0.07104,46.555,-0.142,275.000,375.000,-1,400.000,-1,325.000,325.000,275.000,300.000,-1,-1,-1,-1,525.000,775.000,350.000,-1,1,0,2,0,2,0,0,1,0,2,2,2,2,1,0,1,2
17,-6295.598,4498.791,-140.988,20.557,0.936386,-0.350922,-0.005893,0.350902,0.935737,0.035558,-0.006964,-0.035364,0.999350,0,0.77384,-0.06618,46.431,-0.132,250.000,375.000,-1,400.000,-1,325.000,325.000,250.000,300.000,-1,-1,-1,-1,500.000,775.000,325.000,-1,1,0,2,0,2,0,0,1,0,2,2,2,2,1,0,1,2
18,-6252.222,4514.952,-141.260,20.435,0.937133,-0.348924,-0.005830,0.348906,0.936495,0.035232,-0.006834,-0.035051,0.999362,0,0.77147,-0.06125,46.288,-0.122,225.000,375.000,-1,400.000,-1,325.000,325.000,250.000,300.000,-1,-1,-1,-1,500.000,750.000,300.000,-1,1,1,2,0,2,0,0,1,0,2,2,2,2,1,0,1,2
19,-6208.965,4530.972,-141.513,20.322,0.937815,-0.347088,-0.005796,0.347072,0.937189,0.034906,-0.006683,-0.034747,0.999374,0,0.76881,-0.05626,46.128,-0.113,200.000,375.000,-1,400.000,-1,325.000,325.000,225.000,300.000,-1,-1,-1,-1,475.000,750.000,275.000,-1,1,1,2,0,2,0,0,1,0,2,2,2,2,1,0,1,2
20,-6165.844,4546.852,-141.747,20.217,0.938448,-0.345371,-0.005791,0.345358,0.937834,0.034581,-0.006512,-0.034452,0.999385,0,0.76586,-0.05258,45.952,-0.105,175.000,350.000,-1,400.000,-1,325.000,325.000,225.000,300.000,-1,-1,-1,-1,475.000,750.000,250.000,-1,1,1,2,0,2,0,0,1,0,2,2,2,2,1,0,1,2
21,-6122.875,4562.586,-141.010,20.114,0.939037,-0.343736,-0.007407,0.343801,0.938579,0.029507,-0.003191,-0.030255,0.999537,0,0.76265,-0.05134,45.759,-0.103,175.000,350.000,-1,400.000,-1,325.000,325.000,200.000,300.000,-1,-1,-1,-1,475.000,775.000,225.000,-1,1,1,2,0,2,0,0,1,0,2,2,2,2,1,0,1,2
22,-6080.073,4578.173,-139.463,20.014,0.939585,-0.342157,-0.010398,0.342303,0.939366,0.020492,0.002756,-0.022813,0.999736,0,0.75921,-0.05027,45.553,-0.101,175.000,350.000,-1,400.000,-1,325.000,325.000,200.000,300.000,-1,-1,-1,-1,475.000,800.000,225.000,-1,1,1,2,0,2,0,0,1,0,2,2,2,2,1,0,1,2
23,-6037.450,4593.613,-137.895,19.915,0.940117,-0.340585,-0.013453,0.340739,0.940088,0.011464,0.008743,-0.015361,0.999844,0,0.75556,-0.04938,45.333,-0.099,175.000,350.000,-1,425.000,-1,350.000,350.000,200.000,300.000,-1,950.000,600.000,-1,500.000,825.000,225.000,-1,1,1,2,0,2,0,0,1,0,2,0,0,2,1,0,1,2
24,-5995.017,4608.904,-136.348,19.818,0.940633,-0.339017,-0.016634,0.339098,0.940748,0.002240,0.014889,-0.007748,0.999859,0,0.75173,-0.04868,45.104,-0.097,175.000,350.000,-1,425.000,-1,375.000,350.000,200.000,300.000,-1,600.000,400.000,-1,550.000,875.000,225.000,-1,1,1,2,0,2,0,0,1,0,2,0,0,2,1,0,1,2
25,-5952.781,4624.044,-134.833,19.721,0.941134,-0.337445,-0.019957,0.337368,0.941345,-0.007216,0.021221,0.000059,0.999775,0,0.74778,-0.04817,44.867,-0.096,150.000,375.000,-1,450.000,-1,375.000,375.000,200.000,300.000,-1,475.000,300.000,-1,600.000,900.000,200.000,-1,1,1,2,0,2,0,0,1,0,2,0,0,2,1,0,1,2
26,-5910.749,4639.033,-133.293,19.626,0.941622,-0.335862,-0.023343,0.335541,0.941878,-0.016651,0.027579,0.007846,0.999589,0,0.74374,-0.04784,44.625,-0.096,150.000,375.000,-1,450.000,-1,375.000,375.000,200.000,275.000,-1,400.000,225.000,-1,-1,925.000,200.000,-1,1,1,2,0,2,1,0,1,0,2,0,0,2,2,0,1,2
27,-5868.922,4653.872,-131.731,19.530,0.942099,-0.334263,-0.026785,0.333611,0.942350,-0.026066,0.033954,0.015621,0.999301,0,0.73967,-0.04770,44.380,-0.095,150.000,400.000,-1,475.000,-1,400.000,400.000,200.000,275.000,-1,350.000,175.000,1000.000,-1,975.000,225.000,-1,1,1,2,0,2,1,0,1,0,2,0,0,0,2,0,1,2
28,-5824.074,4669.655,-130.039,19.385,0.942849,-0.331819,-0.030529,0.330718,0.943040,-0.036075,0.040760,0.023917,0.998883,0,0.79239,-0.07261,47.544,-0.145,150.000,425.000,-1,500.000,-1,400.000,400.000,175.000,275.000,-1,300.000,125.000,800.000,-1,-1,-1,-1,1,1,2,0,2,1,0,1,0,2,0,0,0,2,2,2,2
29,-5779.300,4685.296,-128.643,19.251,0.943536,-0.329556,-0.033662,0.328005,0.943631,-0.044425,0.046405,0.030875,0.998445,0,0.79045,-0.06680,47.427,-0.134,175.000,450.000,-1,500.000,-1,400.000,425.000,175.000,275.000,-1,275.000,125.000,700.000,-1,-1,-1,-1,1,1,2,0,2,1,0,1,0,2,0,0,0,2,2,2,2
30,-5730.395,4702.020,-128.294,18.878,0.945615,-0.323369,-0.035289,0.321624,0.945682,-0.047372,0.048690,0.033446,0.998254,0,0.86141,-0.18680,51.685,-0.374,200.000,475.000,-1,500.000,-1,425.000,425.000,175.000,275.000,-1,275.000,100.000,675.000,-1,-1,-1,-1,1,1,2,0,2,1,0,1,0,2,0,0,0,2,2,2,2
31,-5681.518,4718.151,-128.379,18.264,0.948984,-0.313217,-0.036387,0.311412,0.949071,-0.047811,0.049510,0.034041,0.998193,0,0.85784,-0.30680,51.470,-0.614,-1,525.000,-1,500.000,-1,425.000,425.000,150.000,275.000,-1,275.000,100.000,675.000,-1,-1,-1,-1,2,1,2,0,2,1,0,1,0,2,0,0,0,2,2,2,2
32,-5632.669,4733.469,-128.885,17.411,0.953522,-0.299056,-0.036893,0.297331,0.953674,-0.045817,0.048885,0.032718,0.998268,0,0.85323,-0.42680,51.194,-0.854,-1,575.000,-1,500.000,-1,425.000,425.000,150.000,275.000,-1,275.000,125.000,700.000,-1,-1,-1,-1,2,0,2,0,2,1,0,1,0,2,0,0,0,2,2,2,2
33,-5583.865,4747.754,-129.783,16.317,0.959056,-0.280827,-0.036708,0.279309,0.959302,-0.041549,0.046883,0.029595,0.998462,0,0.84753,-0.54680,50.852,-1.094,-1,575.000,-1,500.000,-1,425.000,400.000,125.000,275.000,-1,300.000,125.000,750.000,-1,-1,-1,-1,2,0,2,0,2,1,0,1,0,2,0,0,0,2,2,2,2
34,-5575.422,-5575.424,-170.148,-3.149,0.997829,0.054922,-0.036346,-0.054312,0.998370,0.017550,0.037251,-0.015538,0.999185,1,0.00000,0.00000,50.446,-1.250,-1,400.000,-1,375.000,-1,325.000,325.000,300.000,300.000,775.000,575.000,650.000,-1,825.000,775.000,-1,-1,2,0,2,0,2,0,0,0,0,1,0,0,2,0,0,2,2
35,-5570.629,-5575.687,-169.968,-3.140,0.997836,0.054776,-0.036382,-0.054162,0.998376,0.017652,0.037289,-0.015643,0.999182,0,0.08000,0.00419,4.800,0.008,-1,400.000,-1,375.000,-1,325.000,325.000,300.000,300.000,775.000,575.000,650.000,-1,825.000,775.000,-1,-1,2,0,2,0,2,0,0,0,0,1,0,0,2,0,0,2,2
36,-5561.044,-5576.211,-169.609,-3.132,0.997841,0.054631,-0.036453,-0.054008,0.998381,0.017854,0.037369,-0.015847,0.999176,0,0.16000,0.00416,9.600,0.008,-1,400.000,-1,375.000,-1,325.000,325.000,300.000,300.000,775.000,575.000,650.000,-1,825.000,775.000,-1,-1,2,0,2,0,2,0,0,0,0,1,0,0,2,0,0,2,2
37,-5546.665,-5576.996,-169.069,-3.124,0.997845,0.054487,-0.036560,-0.053851,0.998384,0.018157,0.037490,-0.016149,0.999167,0,0.24000,0.00411,14.400,0.008,-1,400.000,-1,375.000,-1,325.000,325.000,300.000,300.000,775.000,600.000,675.000,-1,825.000,775.000,-1,-1,2,0,2,0,2,0,0,0,0,1,0,0,2,0,0,2,2
38,-5527.493,-5578.039,-168.349,-3.116,0.997847,0.054347,-0.036702,-0.053693,0.998385,0.018560,0.037652,-0.016550,0.999154,0,0.32000,0.00402,19.200,0.008,-1,400.000,-1,375.000,-1,325.000,325.000,300.000,300.000,775.000,600.000,675.000,-1,825.000,775.000,-1,-1,2,0,2,0,2,0,0,0,0,1,0,0,2,0,0,2,2
39,-5503.529,-5579.341,-167.448,-3.108,0.997848,0.054211,-0.036880,-0.053536,0.998384,0.019063,0.037854,-0.017048,0.999138,0,0.40000,0.00388,24.000,0.008,-1,400.000,-1,375.000,-1,325.000,325.000,300.000,300.000,775.000,625.000,700.000,-1,825.000,775.000,-1,-1,2,0,2,0,2,0,0,0,0,1,0,0,2,0,0,2,2
40,-5474.771,-5580.898,-166.365,-3.101,0.997847,0.054083,-0.037092,-0.053381,0.998381,0.019665,0.038096,-0.017643,0.999118,0,0.48000,0.00366,28.800,0.007,-1,400.000,-1,400.000,-1,325.000,325.000,300.000,300.000,775.000,650.000,725.000,-1,825.000,775.000,-1,-1,2,0,2,0,2,0,0,0,0,1,0,0,2,0,0,2,2
41,-5441.220,-5582.712,-165.099,-3.094,0.997844,0.053965,-0.037340,-0.053232,0.998374,0.020365,0.038378,-0.018333,0.999095,0,0.56000,0.00336,33.600,0.007,-1,400.000,-1,400.000,-1,325.000,325.000,300.000,300.000,775.000,675.000,750.000,-1,825.000,800.000,-1,-1,2,0,2,0,2,0,0,0,0,1,0,0,2,0,0,2,2
42,-5402.875,-5584.781,-163.649,-3.088,0.997839,0.053862,-0.037621,-0.053093,0.998365,0.021162,0.038700,-0.019118,0.999068,0,0.64000,0.00293,38.400,0.006,-1,400.000,-1,400.000,-1,325.000,325.000,300.000,300.000,775.000,700.000,775.000,-1,850.000,800.000,-1,-1,2,0,2,0,2,0,0,0,0,1,0,0,2,0,0,2,2
43,-5363.466,-5586.903,-162.155,-3.083,0.997833,0.053779,-0.037910,-0.052973,0.998354,0.021977,0.039029,-0.019921,0.999039,0,0.65778,0.00236,39.467,0.005,-1,400.000,-1,400.000,-1,325.000,325.000,300.000,300.000,775.000,725.000,800.000,-1,850.000,800.000,-1,-1,2,0,2,0,2,0,0,0,0,1,0,0,2,0,0,2,2
44,-5324.155,-5589.019,-160.662,-3.080,0.997825,0.053721,-0.038196,-0.052876,0.998341,0.022787,0.039357,-0.020718,0.999010,0,0.65612,0.00167,39.367,0.003,-1,400.000,-1,400.000,-1,325.000,325.000,300.000,300.000,775.000,750.000,850.000,-1,850.000,825.000,-1,-1,2,0,2,0,2,0,0,0,0,1,0,0,2,0,0,2,2
45,-5284.939,-5591.127,-159.169,-3.078,0.997816,0.053689,-0.038481,-0.052807,0.998326,0.023592,0.039683,-0.021508,0.998981,0,0.65455,0.00088,39.273,0.002,-1,400.000,-1,400.000,-1,325.000,325.000,300.000,300.000,775.000,775.000,875.000,-1,850.000,825.000,-1,-1,2,0,2,0,2,0,0,0,0,1,0,0,2,0,0,2,2
46,-5245.811,-5593.232,-157.688,-3.078,0.997815,0.053688,-0.038518,-0.052772,0.998308,0.024432,0.039765,-0.022346,0.998959,0,0.65308,-0.00000,39.185,-0.000,-1,425.000,-1,400.000,-1,325.000,325.000,300.000,300.000,775.000,825.000,900.000,-1,850.000,850.000,-1,-1,2,0,2,0,2,0,0,0,0,1,0,0,2,0,0,2,2
47,-5206.765,-5595.333,-156.407,-3.080,0.997845,0.053721,-0.037668,-0.052800,0.998291,0.025049,0.038950,-0.023006,0.998976,0,0.65170,-0.00098,39.102,-0.002,-1,425.000,-1,400.000,-1,325.000,325.000,300.000,300.000,800.000,875.000,975.000,-1,850.000,850.000,-1,-1,2,0,2,0,2,0,0,0,0,1,0,0,2,0,0,2,2
48,-5167.796,-5597.432,-155.219,-3.084,0.997883,0.053792,-0.036545,-0.052887,0.998280,0.025301,0.037843,-0.023315,0.999012,0,0.65043,-0.00204,39.026,-0.004,-1,400.000,-1,400.000,-1,325.000,325.000,300.000,300.000,800.000,950.000,-1,-1,850.000,850.000,-1,-1,2,0,2,0,2,0,0,0,0,1,0,2,2,0,0,2,2
49,-5128.897,-5599.533,-154.032,-3.091,0.997918,0.053902,-0.035418,-0.053014,0.998267,0.025552,0.036734,-0.023621,0.999046,0,0.64926,-0.00318,38.956,-0.006,-1,400.000,-1,400.000,-1,325.000,325.000,300.000,300.000,800.000,1000.000,-1,-1,850.000,825.000,-1,-1,2,0,2,0,2,0,0,0,0,1,0,2,2,0,0,2,2
50,-5090.062,-5601.635,-152.845,-3.100,0.997949,0.054056,-0.034288,-0.053186,0.998251,0.025800,0.035623,-0.023923,0.999079,0,0.64821,-0.00442,38.893,-0.009,-1,400.000,-1,400.000,-1,325.000,325.000,300.000,300.000,800.000,-1,-1,-1,850.000,825.000,-1,-1,2,0,2,0,2,0,0,0,0,1,2,2,2,0,0,2,2
51,-5051.282,-5603.743,-151.659,-3.111,0.997976,0.054255,-0.033156,-0.053404,0.998233,0.026045,0.034510,-0.024222,0.999111,0,0.64728,-0.00573,38.837,-0.011,-1,400.000,-1,400.000,-1,325.000,325.000,300.000,300.000,825.000,-1,-1,-1,825.000,825.000,-1,-1,2,0,2,0,2,0,0,0,0,1,2,2,2,0,0,2,2
52,-5007.721,-5606.302,-150.316,-3.362,0.997770,0.058635,-0.031888,-0.057806,0.997981,0.026325,0.033367,-0.024423,0.999145,0,0.72728,-0.12573,43.637,-0.251,-1,400.000,-1,400.000,-1,325.000,325.000,300.000,300.000,825.000,-1,-1,-1,825.000,825.000,-1,-1,2,0,2,0,2,0,0,0,0,1,2,2,2,0,0,2,2
53,-4959.394,-5609.558,-148.811,-3.854,0.997274,0.067193,-0.030486,-0.066390,0.997439,0.026619,0.032197,-0.024522,0.999181,0,0.80728,-0.24573,48.437,-0.491,-1,400.000,-1,400.000,-1,325.000,325.000,300.000,300.000,825.000,-1,-1,-1,825.000,825.000,-1,-1,2,0,2,0,2,0,0,0,0,1,2,2,2,0,0,2,2
54,-4907.279,-5613.737,-147.168,-4.585,0.996380,0.079921,-0.028981,-0.079148,0.996500,0.026895,0.031029,-0.024504,0.999218,0,0.87136,-0.36573,52.282,-0.731,-1,400.000,-1,400.000,-1,325.000,325.000,300.000,300.000,825.000,-1,-1,-1,825.000,825.000,-1,-1,2,0,2,0,2,0,0,0,0,1,2,2,2,0,0,2,2
55,-4855.301,-5618.794,-145.502,-5.557,0.994924,0.096805,-0.027489,-0.096064,0.995006,0.027111,0.029976,-0.024333,0.999254,0,0.87039,-0.48573,52.223,-0.971,-1,400.000,-1,400.000,-1,325.000,325.000,300.000,300.000,825.000,-1,-1,-1,800.000,825.000,-1,-1,2,0,2,0,2,0,0,0,0,1,2,2,2,0,0,2,2
56,-4803.491,-5624.943,-143.808,-6.768,0.992694,0.117821,-0.026012,-0.117113,0.992745,0.027244,0.029034,-0.023999,0.999290,0,0.86957,-0.60573,52.174,-1.211,-1,400.000,-1,400.000,-1,325.000,325.000,300.000,300.000,825.000,-1,-1,-1,800.000,825.000,-1,-1,2,0,2,0,2,0,0,0,0,1,2,2,2,0,0,2,2
57,-4751.889,-5632.398,-142.080,-8.220,0.989428,0.142931,-0.024556,-0.142258,0.989454,0.027274,0.028195,-0.023492,0.999326,0,0.86896,-0.72573,52.138,-1.451,-1,400.000,-1,400.000,-1,325.000,325.000,300.000,300.000,850.000,-1,-1,-1,800.000,825.000,-1,-1,2,0,2,0,2,0,0,0,0,1,2,2,2,0,0,2,2
58,-4700.526,-5641.225,-140.317,-9.752,0.985288,0.169335,-0.023114,-0.168697,0.985293,0.027194,0.027379,-0.022894,0.999363,0,0.86859,-0.76597,52.115,-1.532,-1,400.000,-1,400.000,-1,325.000,325.000,300.000,300.000,875.000,-1,-1,-1,800.000,825.000,-1,-1,2,0,2,0,2,0,0,0,0,1,2,2,2,0,0,2,2
59,-4649.420,-5651.428,-138.549,-11.290,0.980418,0.195722,-0.021756,-0.195117,0.980404,0.027145,0.026642,-0.022368,0.999395,0,0.86858,-0.76904,52.115,-1.538,-1,400.000,-1,400.000,-1,325.000,325.000,300.000,300.000,900.000,-1,-1,-1,775.000,800.000,-1,-1,2,0,2,0,2,0,0,0,0,1,2,2,2,0,0,2,2
60,-4603.242,-5661.739,-137.114,-12.588,0.975756,0.217880,-0.020698,-0.217279,0.975711,0.027880,0.026269,-0.022707,0.999397,0,0.78858,-0.64904,47.315,-1.298,-1,400.000,-1,400.000,-1,325.000,325.000,300.000,300.000,925.000,-1,-1,-1,775.000,825.000,-1,-1,2,0,2,0,2,0,0,0,0,1,2,2,2,0,0,2,2
61,-4561.771,-5671.807,-135.815,-13.646,0.971589,0.235858,-0.019632,-0.235263,0.971512,0.028550,0.025806,-0.023120,0.999400,0,0.71126,-0.52904,42.676,-1.058,-1,400.000,-1,400.000,-1,325.000,325.000,300.000,300.000,975.000,-1,-1,-1,775.000,825.000,-1,-1,2,0,2,0,2,0,0,0,0,1,2,2,2,0,0,2,2
62,-4520.393,-5682.481,-134.678,-14.464,0.968132,0.249706,-0.019185,-0.249116,0.968049,0.028687,0.025735,-0.022993,0.999404,0,0.71220,-0.40904,42.732,-0.818,-1,400.000,-1,400.000,-1,325.000,325.000,300.000,300.000,1000.000,-1,-1,-1,775.000,825.000,-1,-1,2,0,2,0,2,0,0,0,0,1,2,2,2,0,0,2,2
63,-4479.055,-5693.590,-133.686,-15.042,0.965569,0.259464,-0.018831,-0.258892,0.965493,0.028253,0.025512,-0.022405,0.999423,0,0.71342,-0.28904,42.805,-0.578,-1,400.000,-1,400.000,-1,325.000,325.000,300.000,300.000,-1,-1,-1,-1,775.000,825.000,-1,-1,2,0,2,0,2,0,0,0,0,2,2,2,2,0,0,2,2
64,-4437.698,-5704.966,-132.703,-15.380,0.964028,0.265159,-0.018447,-0.264608,0.963956,0.027760,0.025143,-0.021880,0.999444,0,0.71488,-0.16904,42.893,-0.338,-1,400.000,-1,400.000,-1,325.000,325.000,300.000,300.000,-1,-1,-1,-1,750.000,800.000,-1,-1,2,0,2,0,2,0,0,0,0,2,2,2,2,0,0,2,2
65,-4396.266,-5716.439,-131.724,-15.478,0.963580,0.266811,-0.018044,-0.266282,0.963510,0.027245,0.024654,-0.021448,0.999466,0,0.71653,-0.04904,42.992,-0.098,-1,400.000,-1,400.000,-1,325.000,325.000,300.000,300.000,-1,-1,-1,-1,750.000,800.000,-1,-1,2,0,2,0,2,0,0,0,0,2,2,2,2,0,0,2,2
66,-4353.064,-5728.288,-130.714,-15.336,0.964245,0.264426,-0.017601,-0.263920,0.964175,0.026695,0.024029,-0.021095,0.999489,0,0.74663,0.07096,44.798,0.142,-1,400.000,-1,400.000,-1,325.000,325.000,300.000,300.000,-1,-1,-1,-1,750.000,800.000,-1,-1,2,0,2,0,2,0,0,0,0,2,2,2,2,0,0,2,2
67,-4309.824,-5739.927,-129.716,-15.066,0.965491,0.259871,-0.017136,-0.259387,0.965419,0.026143,0.023337,-0.020796,0.999511,0,0.74631,0.13531,44.778,0.271,-1,400.000,-1,400.000,-1,325.000,325.000,300.000,300.000,-1,-1,-1,-1,750.000,800.000,-1,-1,2,0,2,0,2,0,0,0,0,2,2,2,2,0,0,2,2
68,-4266.559,-5751.356,-128.728,-14.797,0.966705,0.255349,-0.016655,-0.254889,0.966632,0.025595,0.022635,-0.020498,0.999534,0,0.74583,0.13413,44.750,0.268,-1,400.000,-1,400.000,-1,325.000,325.000,300.000,300.000,-1,-1,-1,-1,750.000,775.000,-1,-1,2,0,2,0,2,0,0,0,0,2,2,2,2,0,0,2,2
69,-4223.273,-5762.576,-127.765,-14.531,0.967890,0.250858,-0.016096,-0.250420,0.967812,0.025101,0.021875,-0.020264,0.999555,0,0.74526,0.13306,44.716,0.266,-1,400.000,-1,400.000,-1,325.000,325.000,300.000,300.000,-1,-1,-1,-1,725.000,775.000,-1,-1,2,0,2,0,2,0,0,0,0,2,2,2,2,0,0,2,2
70,-4179.974,-5773.586,-126.817,-14.267,0.969046,0.246394,-0.015507,-0.245978,0.968962,0.024623,0.021093,-0.020047,0.999577,0,0.74462,0.13211,44.677,0.264,-1,400.000,-1,400.000,-1,325.000,325.000,300.000,300.000,-1,-1,-1,-1,725.000,775.000,-1,-1,2,0,2,0,2,0,0,0,0,2,2,2,2,0,0,2,2
71,-4136.668,-5784.387,-125.878,-14.005,0.970174,0.241952,-0.014907,-0.241559,0.970085,0.024150,0.020304,-0.019828,0.999597,0,0.74389,0.13126,44.633,0.263,-1,400.000,-1,400.000,-1,325.000,325.000,300.000,300.000,-1,-1,-1,-1,725.000,775.000,-1,-1,2,0,2,0,2,0,0,0,0,2,2,2,2,0,0,2,2
72,-4093.358,-5794.980,-124.948,-13.744,0.971275,0.237531,-0.014297,-0.237160,0.971182,0.023680,0.019510,-0.019609,0.999617,0,0.74310,0.13053,44.586,0.261,-1,375.000,-1,400.000,-1,325.000,325.000,300.000,300.000,-1,-1,-1,-1,725.000,750.000,-1,-1,2,0,2,0,2,0,0,0,0,2,2,2,2,0,0,2,2
73,-4050.051,-5805.364,-124.028,-13.484,0.972351,0.233125,-0.013677,-0.232775,0.972253,0.023215,0.018709,-0.019389,0.999637,0,0.74225,0.12992,44.535,0.260,-1,375.000,-1,400.000,-1,325.000,325.000,300.000,300.000,-1,-1,-1,-1,700.000,750.000,-1,-1,2,0,2,0,2,0,0,0,0,2,2,2,2,0,0,2,2
74,-4006.750,-5815.540,-123.125,-13.225,0.973402,0.228731,-0.013066,-0.228401,0.973300,0.022793,0.017930,-0.019203,0.999655,0,0.74135,0.12942,44.481,0.259,-1,375.000,-1,400.000,-1,325.000,325.000,300.000,300.000,-1,-1,-1,-1,700.000,750.000,-1,-1,2,0,2,0,2,0,0,0,0,2,2,2,2,0,0,2,2
75,-3963.458,-5825.508,-122.190,-12.967,0.974424,0.224346,-0.012890,-0.224029,0.974327,0.022301,0.017562,-0.018843,0.999668,0,0.74041,0.12904,44.425,0.258,-1,375.000,-1,400.000,-1,325.000,325.000,300.000,300.000,-1,-1,-1,-1,700.000,750.000,-1,-1,2,0,2,0,2,0,0,0,0,2,2,2,2,0,0,2,2
76,-3920.178,-5835.269,-121.184,-12.709,0.975420,0.219967,-0.013048,-0.219660,0.975338,0.021548,0.017466,-0.018153,0.999683,0,0.73945,0.12878,44.367,0.258,-1,375.000,-1,375.000,-1,300.000,325.000,300.000,300.000,-1,-1,-1,-1,700.000,750.000,-1,-1,2,0,2,0,2,0,0,0,0,2,2,2,2,0,0,2,2
77,-3876.913,-5844.823,-120.241,-12.452,0.976393,0.215588,-0.013389,-0.215292,0.976331,0.020652,0.017524,-0.017282,0.999697,0,0.73846,0.12864,44.308,0.257,-1,375.000,-1,375.000,-1,300.000,325.000,300.000,300.000,-1,-1,-1,-1,700.000,750.000,-1,-1,2,0,2,0,2,0,0,0,0,2,2,2,2,0,0,2,2
78,-3833.663,-5854.170,-119.190,-12.195,0.977337,0.211204,-0.014297,-0.210898,0.977296,0.020340,0.018268,-0.016864,0.999691,0,0.73747,0.12862,44.248,0.257,-1,375.000,-1,375.000,-1,300.000,325.000,325.000,300.000,-1,-1,-1,-1,700.000,750.000,-1,-1,2,0,2,0,2,0,0,0,0,2,2,2,2,0,0,2,2
79,-3790.429,-5863.310,-118.131,-11.937,0.978262,0.206813,-0.015254,-0.206495,0.978241,0.020113,0.019082,-0.016526,0.999681,0,0.73649,0.12871,44.189,0.257,-1,375.000,-1,375.000,-1,300.000,325.000,325.000,300.000,-1,-1,-1,-1,700.000,725.000,-1,-1,2,0,2,0,2,0,0,0,0,2,2,2,2,0,0,2,2
80,-3747.212,-5872.244,-117.084,-11.679,0.979167,0.202409,-0.016216,-0.202080,0.979167,0.019880,0.019902,-0.016189,0.999671,0,0.73552,0.12892,44.131,0.258,-1,375.000,-1,400.000,-1,325.000,325.000,325.000,325.000,-1,-1,-1,-1,700.000,725.000,-1,-1,2,0,2,0,2,0,0,0,0,2,2,2,2,0,0,2,2
81,-3704.010,-5880.972,-116.050,-11.421,0.980053,0.197991,-0.017183,-0.197651,0.980076,0.019643,0.020730,-0.015855,0.999659,0,0.73457,0.12925,44.074,0.258,-1,375.000,-1,400.000,-1,325.000,325.000,325.000,325.000,-1,-1,-1,-1,675.000,725.000,-1,-1,2,0,2,0,2,0,0,0,0,2,2,2,2,0,0,2,2
82,-3660.823,-5889.493,-115.027,-11.162,0.980922,0.193553,-0.018155,-0.193203,0.980967,0.019400,0.021565,-0.015522,0.999647,0,0.73366,0.12969,44.020,0.259,-1,375.000,-1,400.000,-1,325.000,325.000,325.000,325.000,-1,-1,-1,-1,675.000,725.000,-1,-1,2,0,2,0,2,0,0,0,0,2,2,2,2,0,0,2,2
83,-3617.649,-5897.808,-114.015,-10.901,0.981773,0.189092,-0.019132,-0.188732,0.981842,0.019152,0.022406,-0.015192,0.999634,0,0.73279,0.13024,43.968,0.260,-1,375.000,-1,400.000,-1,325.000,325.000,300.000,325.000,-1,-1,-1,-1,675.000,725.000,-1,-1,2,0,2,0,2,0,0,0,0,2,2,2,2,0,0,2,2
84,-3574.485,-5905.916,-113.027,-10.639,0.982606,0.184604,-0.020144,-0.184233,0.982700,0.018956,0.023295,-0.014915,0.999617,0,0.73198,0.13091,43.919,0.262,-1,375.000,-1,400.000,-1,325.000,325.000,300.000,325.000,-1,-1,-1,-1,675.000,725.000,-1,-1,2,0,2,0,2,0,0,0,0,2,2,2,2,0,0,2,2
85,-3531.329,-5913.818,-112.057,-10.376,0.983423,0.180086,-0.021177,-0.179703,0.983542,0.018781,0.024211,-0.014664,0.999599,0,0.73123,0.13169,43.874,0.263,-1,375.000,-1,400.000,-1,325.000,325.000,300.000,325.000,-1,-1,-1,-1,675.000,725.000,-1,-1,2,0,2,0,2,0,0,0,0,2,2,2,2,0,0,2,2
86,-3483.447,-5922.565,-110.990,-10.353,0.983471,0.179686,-0.022324,-0.179291,0.983620,0.018590,0.025298,-0.014280,0.999578,0,0.81123,0.01169,48.674,0.023,-1,375.000,-1,400.000,-1,325.000,325.000,300.000,325.000,-1,-1,-1,-1,675.000,725.000,-1,-1,2,0,2,0,2,0,0,0,0,2,2,2,2,0,0,2,2
87,-3433.125,-5931.955,-109.880,-10.569,0.982756,0.183405,-0.023520,-0.182999,0.982941,0.018399,0.026493,-0.013777,0.999554,0,0.85317,-0.10831,51.190,-0.217,-1,375.000,-1,375.000,-1,300.000,325.000,300.000,325.000,-1,-1,-1,-1,675.000,725.000,-1,-1,2,0,2,0,2,0,0,0,0,2,2,2,2,0,0,2,2
88,-3382.901,-5941.741,-108.796,-11.026,0.981235,0.191234,-0.024661,-0.190821,0.981457,0.018155,0.027676,-0.013109,0.999531,0,0.85281,-0.22831,51.169,-0.457,-1,375.000,-1,375.000,-1,300.000,325.000,300.000,325.000,-1,-1,-1,-1,675.000,725.000,-1,-1,2,0,2,0,2,0,0,0,0,2,2,2,2,0,0,2,2
89,-3332.810,-5952.135,-107.652,-11.722,0.978811,0.203155,-0.025631,-0.202747,0.979072,0.017655,0.028681,-0.012084,0.999516,0,0.85263,-0.34831,51.158,-0.697,-1,375.000,-1,375.000,-1,300.000,300.000,300.000,325.000,-1,-1,975.000,-1,675.000,725.000,-1,-1,2,0,2,0,2,0,0,0,0,2,2,0,2,0,0,2,2
90,-3282.896,-5963.346,-106.135,-12.659,0.975316,0.219139,-0.027148,-0.218775,0.975648,0.015750,0.029938,-0.009422,0.999507,0,0.85263,-0.46831,51.158,-0.937,-1,375.000,-1,375.000,-1,300.000,300.000,300.000,300.000,-1,-1,800.000,-1,675.000,725.000,-1,-1,2,0,2,0,2,0,0,0,0,2,2,0,2,0,0,2,2
91,-3233.195,-5975.502,-104.550,-13.743,0.970944,0.237569,-0.028783,-0.237257,0.971348,0.013846,0.031248,-0.006615,0.999490,0,0.85277,-0.54219,51.166,-1.084,-1,375.000,-1,375.000,-1,300.000,300.000,300.000,300.000,-1,925.000,700.000,-1,675.000,725.000,-1,-1,2,0,2,0,2,0,0,0,0,2,0,0,2,0,0,2,2
92,-3183.718,-5988.598,-102.681,-14.825,0.966249,0.255862,-0.029975,-0.255579,0.966701,0.012984,0.032299,-0.004884,0.999466,0,0.85301,-0.54072,51.180,-1.081,-1,375.000,-1,375.000,-1,300.000,300.000,325.000,300.000,-1,900.000,725.000,-1,700.000,750.000,-1,-1,2,0,2,0,2,0,0,0,0,2,0,0,2,0,0,2,2
93,-3134.481,-6002.626,-100.692,-15.903,0.961213,0.274013,-0.031397,-0.273741,0.961719,0.012713,0.033679,-0.003625,0.999426,0,0.85327,-0.53922,51.196,-1.078,-1,375.000,-1,375.000,-1,300.000,300.000,325.000,300.000,-1,875.000,725.000,-1,700.000,750.000,-1,-1,2,0,2,0,2,0,0,0,0,2,0,0,2,0,0,2,2
94,-3085.499,-6017.581,-98.717,-16.979,0.955852,0.292015,-0.032789,-0.291758,0.956411,0.012468,0.035001,-0.002351,0.999385,0,0.85357,-0.53770,51.214,-1.075,-1,375.000,-1,400.000,-1,300.000,325.000,300.000,300.000,-1,850.000,725.000,-1,700.000,750.000,-1,-1,2,0,2,0,2,0,0,0,0,2,0,0,2,0,0,2,2
95,-3036.787,-6033.457,-96.758,-18.051,0.950168,0.309862,-0.034150,-0.309622,0.950781,0.012246,0.036264,-0.001062,0.999342,0,0.85389,-0.53614,51.233,-1.072,-1,375.000,-1,400.000,-1,300.000,325.000,300.000,300.000,-1,850.000,725.000,-1,700.000,775.000,-1,-1,2,0,2,0,2,0,0,0,0,2,0,0,2,0,0,2,2
96,-2988.360,-6050.245,-94.815,-19.120,0.944168,0.327549,-0.035480,-0.327327,0.944834,0.012044,0.037468,0.000242,0.999298,0,0.85424,-0.53456,51.254,-1.069,-1,375.000,-1,400.000,-1,300.000,325.000,300.000,300.000,-1,850.000,725.000,-1,700.000,775.000,-1,-1,2,0,2,0,2,0,0,0,0,2,0,0,2,0,0,2,2
97,-2940.232,-6067.939,-92.892,-20.186,0.937857,0.345068,-0.036780,-0.344867,0.938576,0.011860,0.038613,0.001561,0.999253,0,0.85462,-0.53295,51.277,-1.066,-1,375.000,-1,400.000,-1,300.000,325.000,300.000,300.000,-1,850.000,725.000,-1,725.000,800.000,-1,-1,2,0,2,0,2,0,0,0,0,2,0,0,2,0,0,2,2
98,-2888.619,-6087.763,-90.832,-21.012,0.932727,0.358560,-0.038145,-0.358380,0.933503,0.011685,0.039798,0.002771,0.999204,0,0.92148,-0.41295,55.289,-0.826,-1,375.000,-1,400.000,-1,325.000,325.000,300.000,325.000,-1,850.000,725.000,-1,725.000,800.000,-1,-1,2,0,2,0,2,0,0,0,0,2,0,0,2,0,0,2,2
99,-2837.190,-6108.123,-88.788,-21.598,0.928953,0.368085,-0.039483,-0.367925,0.929784,0.011510,0.040947,0.003834,0.999154,0,0.92188,-0.29295,55.313,-0.586,-1,375.000,-1,400.000,-1,325.000,325.000,300.000,325.000,-1,825.000,725.000,-1,725.000,800.000,-1,-1,2,0,2,0,2,0,0,0,0,2,0,0,2,0,0,2,2
100,-2785.862,-6128.802,-86.771,-21.944,0.926654,0.373690,-0.040845,-0.373550,0.927541,0.011295,0.042106,0.004791,0.999102,0,0.92228,-0.17295,55.337,-0.346,-1,375.000,-1,400.000,-1,325.000,325.000,300.000,325.000,-1,825.000,725.000,-1,725.000,825.000,-1,-1,2,0,2,0,2,0,0,0,0,2,0,0,2,0,0,2,2
101,-2734.548,-6149.586,-84.687,-22.050,0.925904,0.375401,-0.042148,-0.375306,0.926842,0.010437,0.042983,0.006154,0.999057,0,0.92272,-0.05295,55.363,-0.106,-1,375.000,-1,400.000,-1,325.000,325.000,300.000,300.000,-1,825.000,725.000,-1,725.000,825.000,-1,-1,2,0,2,0,2,0,0,0,0,2,0,0,2,0,0,2,2
102,-2683.158,-6170.260,-82.475,-21.915,0.926733,0.373226,-0.043214,-0.373206,0.927706,0.008825,0.043383,0.007949,0.999027,0,0.92322,0.06705,55.393,0.134,-1,375.000,-1,400.000,-1,325.000,325.000,300.000,300.000,-1,875.000,750.000,-1,750.000,825.000,-1,-1,2,0,2,0,2,0,0,0,0,2,0,0,2,0,0,2,2
103,-2631.601,-6190.612,-80.287,-21.541,0.929107,0.367156,-0.044234,-0.367209,0.930110,0.007204,0.043788,0.009550,0.998995,0,0.92381,0.18705,55.428,0.374,-1,375.000,-1,400.000,-1,325.000,325.000,300.000,300.000,-1,900.000,775.000,-1,750.000,825.000,-1,-1,2,0,2,0,2,0,0,0,0,2,0,0,2,0,0,2,2
104,-2579.386,-6210.579,-78.095,-20.927,0.932947,0.357160,-0.045235,-0.357287,0.933978,0.005534,0.044225,0.010998,0.998961,0,0.93171,0.30705,55.903,0.614,-1,400.000,-1,400.000,-1,325.000,325.000,300.000,300.000,-1,925.000,800.000,-1,775.000,825.000,-1,-1,2,0,2,0,2,0,0,0,0,2,0,0,2,0,0,2,2
105,-2526.826,-6229.785,-75.703,-20.073,0.938168,0.343197,-0.045351,-0.343362,0.939193,0.004335,0.044081,0.011505,0.998962,0,0.93265,0.42705,55.959,0.854,-1,400.000,-1,400.000,-1,325.000,325.000,300.000,300.000,-1,975.000,850.000,-1,775.000,825.000,-1,-1,2,0,2,0,2,0,0,0,0,2,0,0,2,0,0,2,2
106,-2473.856,-6248.002,-73.243,-18.979,0.944566,0.325200,-0.045174,-0.325389,0.945574,0.003318,0.043795,0.011565,0.998974,0,0.93358,0.54705,56.015,1.094,-1,400.000,-1,400.000,-1,325.000,325.000,300.000,300.000,-1,-1,900.000,-1,775.000,850.000,-1,-1,2,0,2,0,2,0,0,0,0,2,2,0,2,0,0,2,2
107,-2420.423,-6264.998,-70.793,-17.645,0.951897,0.303097,-0.045000,-0.303305,0.952891,0.002295,0.043575,0.011464,0.998984,0,0.93451,0.66705,56.071,1.334,-1,400.000,-1,400.000,-1,325.000,325.000,300.000,300.000,-1,-1,950.000,-1,775.000,850.000,-1,-1,2,0,2,0,2,0,0,0,0,2,2,0,2,0,0,2,2
108,-2366.488,-6280.536,-68.350,-16.071,0.959879,0.276808,-0.044821,-0.277031,0.960860,0.001270,0.043418,0.011198,0.998994,0,0.93548,0.78705,56.129,1.574,-1,375.000,-1,400.000,-1,325.000,325.000,300.000,300.000,-1,-1,1000.000,-1,800.000,850.000,-1,-1,2,0,2,0,2,0,0,0,0,2,2,0,2,0,0,2,2
109,-2312.027,-6294.374,-65.910,-14.257,0.968177,0.246253,-0.044635,-0.246487,0.969146,0.000255,0.043321,0.010756,0.999003,0,0.93652,0.90705,56.191,1.814,-1,375.000,-1,400.000,-1,325.000,325.000,300.000,300.000,-1,-1,-1,-1,800.000,825.000,-1,-1,2,0,2,0,2,0,0,0,0,2,2,2,2,0,0,2,2
110,-2257.062,-6306.369,-63.472,-12.311,0.975996,0.213203,-0.044447,-0.213446,0.976955,-0.000744,0.043264,0.010214,0.999011,0,0.93765,0.97297,56.259,1.946,-1,400.000,-1,400.000,-1,325.000,325.000,300.000,300.000,-1,-1,-1,-1,800.000,825.000,-1,-1,2,0,2,0,2,0,0,0,0,2,2,2,2,0,0,2,2
111,-2201.650,-6316.500,-61.033,-10.361,0.982700,0.179838,-0.044262,-0.180089,0.983649,-0.001723,0.043229,0.009665,0.999018,0,0.93885,0.97499,56.331,1.950,-1,400.000,-1,400.000,-1,325.000,325.000,300.000,300.000,-1,-1,-1,-1,800.000,825.000,-1,-1,2,0,2,0,2,0,0,0,0,2,2,2,2,0,0,2,2
112,-2145.850,-6324.747,-58.593,-8.407,0.988273,0.146194,-0.044084,-0.146452,0.989214,-0.002673,0.043217,0.009098,0.999024,0,0.94010,0.97701,56.406,1.954,-1,400.000,-1,400.000,-1,325.000,325.000,300.000,300.000,-1,-1,-1,-1,825.000,825.000,-1,-1,2,0,2,0,2,0,0,0,0,2,2,2,2,0,0,2,2
113,-2089.724,-6331.091,-56.148,-6.449,0.992703,0.112309,-0.043912,-0.112574,0.993637,-0.003586,0.043229,0.008503,0.999029,0,0.94139,0.97904,56.483,1.958,-1,400.000,-1,400.000,-1,325.000,325.000,325.000,300.000,-1,-1,-1,-1,825.000,850.000,-1,-1,2,0,2,0,2,0,0,0,0,2,2,2,2,0,0,2,2
114,-2033.334,-6335.515,-53.699,-4.487,0.995975,0.078223,-0.043749,-0.078492,0.996905,-0.004453,0.043266,0.007869,0.999033,0,0.94272,0.98106,56.563,1.962,-1,400.000,-1,400.000,-1,325.000,325.000,325.000,300.000,-1,-1,-1,-1,825.000,850.000,-1,-1,2,0,2,0,2,0,0,0,0,2,2,2,2,0,0,2,2
115,-1976.744,-6338.006,-51.244,-2.520,0.998081,0.043973,-0.043606,-0.044244,0.999007,-0.005255,0.043332,0.007175,0.999035,0,0.94408,0.98310,56.645,1.966,-1,400.000,-1,400.000,-1,325.000,325.000,325.000,300.000,-1,-1,-1,-1,850.000,850.000,-1,-1,2,0,2,0,2,0,0,0,0,2,2,2,2,0,0,2,2
116,-1924.904,-6338.725,-49.329,-0.794,0.999003,0.013860,-0.042427,-0.014105,0.999886,-0.005471,0.042346,0.006064,0.999085,0,0.86408,0.86310,51.845,1.726,-1,400.000,-1,400.000,-1,325.000,325.000,325.000,300.000,-1,-1,-1,-1,850.000,850.000,-1,-1,2,0,2,0,2,0,0,0,0,2,2,2,2,0,0,2,2
117,-1877.863,-6338.157,-47.659,0.692,0.999079,-0.012078,-0.041170,0.011848,0.999913,-0.005823,0.041237,0.005330,0.999135,0,0.78408,0.74310,47.045,1.486,-1,400.000,-1,400.000,-1,325.000,325.000,300.000,300.000,-1,-1,-1,-1,825.000,825.000,-1,-1,2,0,2,0,2,0,0,0,0,2,2,2,2,0,0,2,2
118,-1833.097,-6336.642,-46.071,1.938,0.998628,-0.033821,-0.039987,0.033605,0.999417,-0.006075,0.040170,0.004723,0.999182,0,0.74653,0.62310,44.792,1.246,-1,400.000,-1,400.000,-1,325.000,325.000,300.000,300.000,-1,-1,-1,-1,825.000,825.000,-1,-1,2,0,2,0,2,0,0,0,0,2,2,2,2,0,0,2,2
119,-1788.308,-6334.338,-44.483,2.944,0.997925,-0.051367,-0.038816,0.051162,0.998671,-0.006254,0.039086,0.004255,0.999227,0,0.74748,0.50310,44.849,1.006,-1,400.000,-1,400.000,-1,325.000,325.000,300.000,300.000,-1,-1,-1,-1,825.000,825.000,-1,-1,2,0,2,0,2,0,0,0,0,2,2,2,2,0,0,2,2
120,-1743.507,-6331.433,-42.896,3.711,0.997193,-0.064717,-0.037655,0.064521,0.997896,-0.006375,0.037988,0.003928,0.999270,0,0.74826,0.38310,44.895,0.766,-1,400.000,-1,400.000,-1,325.000,325.000,300.000,300.000,-1,-1,-1,-1,825.000,825.000,-1,-1,2,0,2,0,2,0,0,0,0,2,2,2,2,0,0,2,2
121,-1698.699,-6328.114,-41.311,4.237,0.996599,-0.073878,-0.036500,0.073691,0.997260,-0.006455,0.036877,0.003743,0.999313,0,0.74883,0.26310,44.930,0.526,-1,400.000,-1,400.000,-1,325.000,325.000,300.000,300.000,-1,-1,-1,-1,825.000,825.000,-1,-1,2,0,2,0,2,0,0,0,0,2,2,2,2,0,0,2,2
122,-1653.889,-6324.569,-39.726,4.523,0.996259,-0.078859,-0.035349,0.078677,0.996879,-0.006509,0.035752,0.003703,0.999354,0,0.74917,0.14310,44.950,0.286,-1,400.000,-1,400.000,-1,325.000,325.000,300.000,300.000,-1,-1,-1,-1,825.000,825.000,-1,-1,2,0,2,0,2,0,0,0,0,2,2,2,2,0,0,2,2
123,-1609.077,-6320.988,-38.142,4.569,0.996235,-0.079663,-0.034197,0.079484,0.996815,-0.006553,0.034610,0.003810,0.999394,0,0.74925,0.02310,44.955,0.046,-1,400.000,-1,400.000,-1,325.000,325.000,300.000,300.000,-1,-1,-1,-1,825.000,800.000,-1,-1,2,0,2,0,2,0,0,0,0,2,2,2,2,0,0,2,2
124,-1564.268,-6317.559,-36.558,4.375,0.996538,-0.076290,-0.033043,0.076113,0.997077,-0.006605,0.033450,0.004067,0.999432,0,0.74901,-0.09690,44.941,-0.194,-1,400.000,-1,400.000,-1,325.000,325.000,300.000,300.000,-1,-1,-1,-1,825.000,800.000,-1,-1,2,0,2,0,2,0,0,0,0,2,2,2,2,0,0,2,2
125,-1519.468,-6314.472,-34.976,3.942,0.997125,-0.068739,-0.031883,0.068560,0.997625,-0.006681,0.032267,0.004476,0.999469,0,0.74844,-0.21690,44.906,-0.434,-1,400.000,-1,400.000,-1,325.000,325.000,300.000,300.000,-1,-1,-1,-1,825.000,800.000,-1,-1,2,0,2,0,2,0,0,0,0,2,2,2,2,0,0,2,2
126,-1474.691,-6311.916,-33.394,3.268,0.997901,-0.057002,-0.030717,0.056819,0.998361,-0.006800,0.031054,0.005040,0.999505,0,0.74750,-0.33690,44.850,-0.674,-1,400.000,-1,400.000,-1,325.000,325.000,300.000,300.000,-1,-1,-1,-1,825.000,800.000,-1,-1,2,0,2,0,2,0,0,0,0,2,2,2,2,0,0,2,2
127,-1429.959,-6310.077,-31.814,2.354,0.998719,-0.041073,-0.029546,0.040883,0.999140,-0.006979,0.029807,0.005762,0.999539,0,0.74616,-0.45690,44.769,-0.914,-1,400.000,-1,400.000,-1,325.000,325.000,300.000,300.000,-1,-1,-1,-1,800.000,800.000,-1,-1,2,0,2,0,2,0,0,0,0,2,2,2,2,0,0,2,2
128,-1385.305,-6309.141,-30.237,1.200,0.999378,-0.020945,-0.028370,0.020748,0.999759,-0.007235,0.028515,0.006642,0.999571,0,0.74439,-0.57690,44.664,-1.154,-1,400.000,-1,400.000,-1,325.000,325.000,300.000,300.000,-1,-1,-1,-1,800.000,800.000,-1,-1,2,0,2,0,2,0,0,0,0,2,2,2,2,0,0,2,2
129,-1340.774,-6309.291,-28.663,-0.194,0.999624,0.003379,-0.027196,-0.003587,0.999965,-0.007587,0.027170,0.007682,0.999601,0,0.74220,-0.69690,44.532,-1.394,-1,400.000,-1,400.000,-1,325.000,325.000,325.000,300.000,-1,-1,-1,-1,800.000,775.000,-1,-1,2,0,2,0,2,0,0,0,0,2,2,2,2,0,0,2,2
130,-1296.423,-6310.706,-27.368,-1.827,0.999140,0.031888,-0.026515,-0.032095,0.999457,-0.007426,0.026264,0.008271,0.999621,0,0.73956,-0.81690,44.374,-1.634,-1,400.000,-1,400.000,-1,325.000,325.000,325.000,300.000,-1,-1,-1,-1,800.000,775.000,-1,-1,2,0,2,0,2,0,0,0,0,2,2,2,2,0,0,2,2
131,-1252.318,-6313.454,-26.391,-3.565,0.997728,0.062173,-0.025964,-0.062378,0.998027,-0.007128,0.025469,0.008731,0.999637,0,0.73651,-0.86865,44.191,-1.737,-1,400.000,-1,400.000,-1,325.000,325.000,300.000,300.000,-1,-1,-1,-1,800.000,775.000,-1,-1,2,0,2,0,2,0,0,0,0,2,2,2,2,0,0,2,2
132,-1208.514,-6317.518,-25.424,-5.301,0.995399,0.092382,-0.025408,-0.092584,0.995681,-0.006895,0.024661,0.009216,0.999653,0,0.73320,-0.86808,43.992,-1.736,-1,400.000,-1,400.000,-1,325.000,325.000,300.000,300.000,-1,-1,-1,-1,800.000,775.000,-1,-1,2,0,2,0,2,0,0,0,0,2,2,2,2,0,0,2,2
133,-1165.057,-6322.882,-24.468,-7.036,0.992158,0.122494,-0.024852,-0.122695,0.992422,-0.006722,0.023840,0.009718,0.999669,0,0.72978,-0.86776,43.787,-1.736,-1,400.000,-1,400.000,-1,325.000,325.000,300.000,300.000,-1,-1,-1,-1,800.000,775.000,-1,-1,2,0,2,0,2,0,0,0,0,2,2,2,2,0,0,2,2
134,-1117.008,-6330.090,-23.415,-8.532,0.988637,0.148353,-0.024240,-0.148552,0.988882,-0.006616,0.022989,0.010141,0.999684,0,0.80978,-0.74776,48.587,-1.496,-1,400.000,-1,400.000,-1,325.000,325.000,300.000,300.000,-1,-1,-1,-1,800.000,775.000,-1,-1,2,0,2,0,2,0,0,0,0,2,2,2,2,0,0,2,2
135,-1068.677,-6338.428,-22.359,-9.787,0.985163,0.169984,-0.023631,-0.170181,0.985391,-0.006559,0.022171,0.010483,0.999699,0,0.81741,-0.62776,49.044,-1.256,-1,400.000,-1,400.000,-1,325.000,325.000,300.000,300.000,-1,-1,-1,-1,800.000,775.000,-1,-1,2,0,2,0,2,0,0,0,0,2,2,2,2,0,0,2,2
136,-1020.687,-6347.585,-21.314,-10.803,0.982009,0.187422,-0.023035,-0.187615,0.982221,-0.006532,0.021401,0.010736,0.999713,0,0.81427,-0.50776,48.856,-1.016,-1,400.000,-1,400.000,-1,325.000,325.000,300.000,300.000,-1,-1,-1,-1,800.000,775.000,-1,-1,2,0,2,0,2,0,0,0,0,2,2,2,2,0,0,2,2
