timestep,x_cm,y_cm,z_cm,yaw_deg,basis_xx,basis_xy,basis_xz,basis_yx,basis_yy,basis_yz,basis_zx,basis_zy,basis_zz,teleport_flag,throttle_cmd,steering_cmd,cmd_move_cm,cmd_turn_deg,lidar_cm_0,lidar_cm_1,lidar_cm_2,lidar_cm_3,lidar_cm_4,lidar_cm_5,lidar_cm_6,lidar_cm_7,lidar_cm_8,lidar_cm_9,lidar_cm_10,lidar_cm_11,lidar_cm_12,lidar_cm_13,lidar_cm_14,lidar_cm_15,lidar_cm_16,lidar_class_0,lidar_class_1,lidar_class_2,lidar_class_3,lidar_class_4,lidar_class_5,lidar_class_6,lidar_class_7,lidar_class_8,lidar_class_9,lidar_class_10,lidar_class_11,lidar_class_12,lidar_class_13,lidar_class_14,lidar_class_15,lidar_class_16
0,7543.707,9515.794,77.707,83.622,0.107911,-0.989413,0.097041,0.993604,0.110602,0.022782,-0.033274,0.093961,0.995020,1,0.08000,0.12000,4.800,0.240,-1,425.000,-1,350.000,600.000,325.000,300.000,250.000,250.000,-1,-1,-1,-1,800.000,575.000,-1,700.000,2,0,2,0,0,1,0,1,0,2,2,2,2,0,0,2,0
1,7544.694,9525.343,77.435,84.102,0.099672,-0.990403,0.095750,0.994482,0.102319,0.023140,-0.032715,0.092915,0.995136,0,0.16000,0.24000,9.600,0.480,-1,425.000,-1,350.000,600.000,325.000,300.000,250.000,250.000,-1,-1,-1,-1,800.000,575.000,-1,700.000,2,0,2,0,0,1,0,1,0,2,2,2,2,0,0,2,0
2,7545.995,9539.683,77.035,84.822,0.087295,-0.991752,0.093848,0.995672,0.089879,0.023656,-0.031896,0.091377,0.995305,0,0.24000,0.36000,14.400,0.720,-1,425.000,-1,350.000,600.000,325.000,300.000,250.000,250.000,-1,-1,-1,-1,800.000,575.000,-1,700.000,2,0,2,0,0,1,0,1,0,2,2,2,2,0,0,2,0
3,7547.409,9558.830,76.514,85.782,0.070762,-0.993300,0.091370,0.997016,0.073263,0.024311,-0.030842,0.089377,0.995520,0,0.32000,0.48000,19.200,0.960,-1,425.000,-1,350.000,600.000,325.000,300.000,250.000,250.000,-1,-1,-1,-1,800.000,575.000,-1,700.000,2,0,2,0,0,0,0,1,0,2,2,2,2,0,0,2,0
4,7548.675,9582.796,75.881,86.982,0.050054,-0.994831,0.088356,0.998308,0.052456,0.025084,-0.029589,0.086951,0.995773,0,0.40000,0.60000,24.000,1.200,-1,425.000,-1,350.000,625.000,325.000,300.000,250.000,250.000,-1,-1,-1,-1,800.000,575.000,-1,725.000,2,0,2,0,0,0,0,1,0,2,2,2,2,0,0,2,0
5,7549.478,9611.583,75.147,88.406,0.025417,-0.996069,0.084858,0.999279,0.027711,0.025961,-0.028211,0.084137,0.996055,0,0.48000,0.71239,28.800,1.425,-1,425.000,-1,350.000,625.000,325.000,300.000,250.000,250.000,-1,-1,-1,-1,800.000,575.000,-1,725.000,2,0,2,0,0,0,0,1,0,2,2,2,2,0,0,2,0
6,7549.581,9645.182,74.334,89.830,0.000765,-0.996708,0.081077,0.999631,0.002962,0.026984,-0.027135,0.081027,0.996342,0,0.56000,0.71166,33.600,1.423,-1,425.000,-1,350.000,625.000,325.000,300.000,250.000,250.000,-1,-1,-1,950.000,775.000,575.000,-1,725.000,2,0,2,0,0,0,0,1,0,2,2,2,1,0,0,2,0
7,7548.746,9683.572,73.449,91.251,-0.023884,-0.996744,0.077014,0.999365,-0.021769,0.028197,-0.026429,0.077639,0.996631,0,0.64000,0.71070,38.400,1.421,-1,400.000,-1,350.000,625.000,325.000,300.000,250.000,250.000,-1,-1,-1,875.000,775.000,575.000,-1,725.000,2,0,2,0,0,0,0,1,0,2,2,2,1,0,0,2,0
8,7546.736,9726.724,72.496,92.670,-0.048506,-0.996178,0.072645,0.998480,-0.046455,0.029656,-0.026168,0.073973,0.996917,0,0.72000,0.70943,43.200,1.419,-1,400.000,-1,350.000,625.000,325.000,300.000,250.000,275.000,-1,-1,-1,875.000,775.000,575.000,-1,725.000,2,0,2,0,0,0,0,1,0,2,2,2,1,0,0,2,0
9,7543.320,9774.602,71.478,94.086,-0.073072,-0.995011,0.067919,0.996976,-0.071071,0.031429,-0.026445,0.070011,0.997196,0,0.80000,0.70777,48.000,1.416,-1,400.000,-1,325.000,600.000,300.000,300.000,250.000,275.000,-1,-1,-1,900.000,750.000,550.000,-1,700.000,2,0,2,0,0,0,0,1,0,2,2,2,1,0,0,2,0
10,7538.421,9825.548,70.516,95.497,-0.097544,-0.993267,0.062491,0.994853,-0.095585,0.033618,-0.027418,0.065449,0.997479,0,0.85302,0.70564,51.181,1.411,-1,400.000,-1,325.000,600.000,300.000,275.000,250.000,275.000,-1,-1,-1,925.000,725.000,550.000,-1,675.000,2,0,2,0,0,0,0,1,0,2,2,2,1,0,0,2,0
11,7532.327,9875.923,69.717,96.903,-0.121769,-0.991041,0.054864,0.992166,-0.119980,0.034807,-0.027913,0.058672,0.997887,0,0.84573,0.70304,50.744,1.406,-1,375.000,-1,325.000,600.000,300.000,275.000,250.000,275.000,750.000,-1,-1,975.000,700.000,550.000,-1,675.000,2,0,2,0,0,0,0,1,0,1,2,2,1,0,0,2,0
12,7525.057,9925.757,69.514,98.303,-0.145670,-0.988055,0.050266,0.989038,-0.144197,0.031794,-0.024166,0.054346,0.998230,0,0.83936,0.70014,50.362,1.400,-1,375.000,-1,325.000,650.000,300.000,275.000,275.000,275.000,725.000,-1,-1,1000.000,725.000,550.000,-1,775.000,2,0,2,0,0,0,0,1,0,1,2,2,1,0,0,2,0
13,7516.094,9976.892,69.352,99.943,-0.173643,-0.983746,0.045744,0.984599,-0.172460,0.028689,-0.020334,0.050022,0.998541,0,0.86526,0.82014,51.915,1.640,-1,375.000,-1,325.000,725.000,300.000,300.000,275.000,275.000,700.000,-1,-1,-1,750.000,575.000,-1,900.000,2,0,2,0,0,0,0,1,0,1,2,2,2,0,0,2,0
14,7505.511,10027.457,69.208,101.824,-0.205617,-0.977758,0.041357,0.978492,-0.204687,0.025642,-0.016606,0.045740,0.998815,0,0.86101,0.94014,51.661,1.880,-1,375.000,-1,350.000,850.000,300.000,300.000,275.000,275.000,675.000,-1,-1,-1,750.000,600.000,-1,-1,2,0,2,0,0,0,0,1,0,1,2,2,2,0,0,2,2
15,7493.209,10077.458,69.101,103.824,-0.239444,-0.970195,0.037264,0.970822,-0.238728,0.022658,-0.013087,0.041602,0.999049,0,0.85822,1.00000,51.493,2.000,-1,400.000,-1,350.000,975.000,300.000,300.000,275.000,275.000,650.000,-1,-1,-1,775.000,600.000,-1,-1,2,0,2,0,0,0,0,1,0,1,2,2,2,0,0,2,2
16,7479.200,10126.895,69.037,105.824,-0.273022,-0.961422,0.033554,0.961957,-0.272485,0.019746,-0.009841,0.037669,0.999242,0,0.85640,1.00000,51.384,2.000,-1,400.000,-1,350.000,-1,300.000,300.000,300.000,275.000,650.000,-1,-1,-1,800.000,625.000,-1,-1,2,0,2,0,2,0,0,1,0,1,2,2,2,0,0,2,2
17,7463.496,10175.740,69.000,107.824,-0.306303,-0.951456,0.030168,0.951910,-0.305913,0.016878,-0.006830,0.033887,0.999402,0,0.85513,1.00000,51.308,2.000,-1,400.000,-1,350.000,-1,325.000,300.000,300.000,275.000,625.000,-1,-1,-1,800.000,650.000,-1,-1,2,0,2,0,2,0,0,1,0,1,2,2,2,0,0,2,2
18,7446.113,10223.965,68.975,109.824,-0.339239,-0.940311,0.027051,0.940692,-0.338973,0.014024,-0.004017,0.030205,0.999536,0,0.85437,1.00000,51.262,2.000,-1,400.000,-1,350.000,-1,325.000,300.000,300.000,275.000,625.000,-1,-1,-1,825.000,675.000,-1,-1,2,0,2,0,2,0,0,1,0,1,2,2,2,0,0,2,2
19,7427.064,10271.536,68.930,111.824,-0.371787,-0.928003,0.024198,0.928317,-0.371620,0.011217,-0.001417,0.026633,0.999644,0,0.85406,1.00000,51.243,2.000,-1,400.000,-1,375.000,-1,325.000,300.000,300.000,275.000,600.000,-1,-1,-1,850.000,700.000,-1,-1,2,0,2,0,2,0,0,1,0,1,2,2,2,0,0,2,2
20,7406.365,10318.418,68.816,113.824,-0.403904,-0.914545,0.021638,0.914801,-0.403815,0.008567,0.000903,0.023255,0.999729,0,0.85414,1.00000,51.249,2.000,-1,400.000,-1,375.000,-1,325.000,325.000,325.000,275.000,575.000,-1,-1,-1,850.000,725.000,-1,-1,2,0,2,0,2,0,0,1,0,1,2,2,2,0,0,2,2
21,7384.030,10364.573,68.726,115.824,-0.435551,-0.899965,0.018914,0.900159,-0.435520,0.005948,0.002884,0.019616,0.999803,0,0.85459,1.00000,51.275,2.000,-1,400.000,-1,375.000,-1,325.000,325.000,325.000,275.000,550.000,-1,-1,-1,875.000,750.000,-1,-1,2,0,2,0,2,0,0,1,0,1,2,2,2,0,0,2,2
22,7360.076,10409.961,68.751,117.824,-0.466691,-0.884285,0.015503,0.884410,-0.466698,0.003370,0.004255,0.015283,0.999874,0,0.85535,1.00000,51.321,2.000,-1,425.000,-1,400.000,-1,325.000,325.000,325.000,275.000,575.000,-1,-1,-1,875.000,775.000,-1,-1,2,0,2,0,2,0,0,0,0,1,2,2,2,0,0,2,2
23,7334.522,10454.539,68.550,119.824,-0.497275,-0.867503,0.012495,0.867578,-0.497301,0.001175,0.005194,0.011425,0.999921,0,0.85639,1.00000,51.383,2.000,-1,425.000,-1,400.000,-1,325.000,325.000,325.000,275.000,600.000,-1,-1,-1,875.000,800.000,-1,-1,2,0,2,0,2,0,0,0,0,1,2,2,2,0,0,2,2
24,7307.388,10498.264,68.211,121.824,-0.527259,-0.849650,0.009663,0.849683,-0.527292,-0.001118,0.006045,0.007621,0.999953,0,0.85767,1.00000,51.460,2.000,-1,425.000,-1,400.000,-1,325.000,325.000,325.000,275.000,600.000,-1,-1,-1,875.000,850.000,-1,-1,2,0,2,0,2,0,0,0,0,1,2,2,2,0,0,2,2
25,7278.693,10541.089,67.759,123.824,-0.556605,-0.830749,0.006920,0.830748,-0.556636,-0.003755,0.006972,0.003658,0.999969,0,0.85917,1.00000,51.550,2.000,-1,425.000,-1,400.000,-1,325.000,325.000,300.000,300.000,600.000,-1,-1,-1,875.000,875.000,-1,-1,2,0,2,0,2,0,0,0,0,1,2,2,2,0,0,2,2
26,7249.355,10582.093,67.200,125.584,-0.581875,-0.813266,0.004364,0.813238,-0.581892,-0.006748,0.008028,-0.000377,0.999968,0,0.84030,0.88000,50.418,1.760,-1,425.000,-1,425.000,-1,325.000,325.000,300.000,300.000,625.000,-1,-1,-1,875.000,925.000,-1,-1,2,0,2,0,2,0,0,0,0,1,2,2,2,0,0,2,2
27,7218.888,10622.373,67.475,127.104,-0.603252,-0.797545,0.003168,0.797527,-0.603259,-0.005388,0.006208,-0.000724,0.999980,0,0.84175,0.76000,50.505,1.520,-1,425.000,-1,425.000,-1,325.000,325.000,300.000,300.000,650.000,-1,-1,-1,875.000,925.000,-1,-1,2,0,2,0,2,0,0,0,0,1,2,2,2,0,0,2,2
28,7187.484,10662.018,67.756,128.384,-0.620922,-0.783870,0.002027,0.783861,-0.620925,-0.003749,0.004198,-0.000739,0.999991,0,0.84294,0.64000,50.576,1.280,-1,400.000,-1,425.000,-1,325.000,325.000,300.000,300.000,675.000,-1,-1,-1,850.000,925.000,-1,-1,2,0,2,0,2,0,0,0,0,1,2,2,2,0,0,2,2
29,7155.328,10701.132,67.986,129.424,-0.635050,-0.772471,0.000877,0.772468,-0.635050,-0.002109,0.002186,-0.000662,0.999997,0,0.84392,0.52000,50.635,1.040,-1,400.000,-1,425.000,-1,325.000,325.000,300.000,300.000,725.000,-1,-1,-1,850.000,925.000,-1,-1,2,0,2,0,2,0,0,0,0,1,2,2,2,0,0,2,2
30,7122.597,10739.831,68.115,130.224,-0.645774,-0.763529,-0.000038,0.763529,-0.645774,-0.000461,0.000327,-0.000327,1.000000,0,0.84474,0.40000,50.685,0.800,-1,400.000,-1,425.000,-1,325.000,325.000,300.000,300.000,750.000,-1,-1,-1,850.000,925.000,-1,-1,2,0,2,0,2,0,0,0,0,1,2,2,2,0,0,2,2
31,7089.352,10778.147,68.083,130.947,-0.655363,-0.755313,-0.001337,0.755312,-0.655365,0.001179,-0.001767,-0.000237,0.999998,0,0.84547,0.36180,50.728,0.724,-1,400.000,-1,425.000,-1,325.000,325.000,300.000,300.000,775.000,-1,-1,-1,825.000,925.000,-1,-1,2,0,2,0,2,0,0,0,0,1,2,2,2,0,0,2,2
32,7055.595,10816.087,67.949,131.661,-0.664710,-0.747096,-0.002784,0.747091,-0.664716,0.002811,-0.003950,-0.000211,0.999992,0,0.84639,0.35663,50.784,0.713,-1,400.000,-1,425.000,-1,325.000,325.000,300.000,300.000,800.000,-1,-1,-1,825.000,925.000,-1,-1,2,0,2,0,2,0,0,0,0,1,2,2,2,0,0,2,2
33,7021.326,10853.664,67.746,132.363,-0.673815,-0.738888,-0.004199,0.738875,-0.673828,0.004440,-0.006110,-0.000111,0.999981,0,0.84762,0.35133,50.857,0.703,-1,400.000,-1,425.000,-1,325.000,325.000,300.000,300.000,825.000,-1,-1,-1,800.000,925.000,-1,-1,2,0,2,0,2,0,0,0,0,1,2,2,2,0,0,2,2
34,6986.545,10890.891,67.469,133.055,-0.682679,-0.730698,-0.005555,0.730673,-0.682701,0.006071,-0.008228,0.000085,0.999966,0,0.84912,0.34593,50.947,0.692,-1,400.000,-1,425.000,-1,325.000,325.000,300.000,300.000,850.000,-1,-1,-1,800.000,900.000,-1,-1,2,0,2,0,2,0,0,0,0,1,2,2,2,0,0,2,2
35,6951.250,10927.778,66.963,133.736,-0.691309,-0.722534,-0.006132,0.722492,-0.691335,0.007770,-0.009853,0.000941,0.999951,0,0.85087,0.34042,51.052,0.681,-1,400.000,-1,425.000,-1,325.000,325.000,300.000,300.000,900.000,-1,-1,-1,775.000,900.000,-1,-1,2,0,2,0,2,0,0,0,0,1,2,2,2,0,0,2,2
36,6915.443,10964.336,66.436,134.406,-0.699701,-0.714404,-0.006716,0.714346,-0.699731,0.009263,-0.011316,0.001684,0.999935,0,0.85287,0.33480,51.172,0.670,-1,400.000,-1,425.000,-1,325.000,325.000,300.000,300.000,925.000,-1,-1,-1,775.000,900.000,-1,-1,2,0,2,0,2,0,0,0,0,1,2,2,2,0,0,2,2
37,6879.125,11000.574,65.880,135.064,-0.707856,-0.706319,-0.007294,0.706243,-0.707890,0.010589,-0.012643,0.002344,0.999917,0,0.85509,0.32908,51.305,0.658,-1,400.000,-1,425.000,-1,325.000,325.000,300.000,300.000,950.000,-1,-1,-1,775.000,900.000,-1,-1,2,0,2,0,2,0,0,0,0,1,2,2,2,0,0,2,2
38,6842.295,11036.502,65.261,135.710,-0.715777,-0.698285,-0.007848,0.698190,-0.715814,0.011886,-0.013918,0.003029,0.999899,0,0.85752,0.32326,51.451,0.647,-1,400.000,-1,425.000,-1,325.000,325.000,300.000,300.000,975.000,-1,-1,-1,750.000,900.000,-1,-1,2,0,2,0,2,0,0,0,0,1,2,2,2,0,0,2,2
39,6804.956,11072.128,64.577,136.345,-0.723464,-0.690311,-0.008376,0.690196,-0.723503,0.013138,-0.015129,0.003724,0.999879,0,0.86014,0.31735,51.608,0.635,-1,400.000,-1,425.000,-1,325.000,325.000,300.000,300.000,1000.000,-1,-1,-1,750.000,900.000,-1,-1,2,0,2,0,2,0,0,0,0,1,2,2,2,0,0,2,2
40,6767.109,11107.461,63.661,136.968,-0.730923,-0.682403,-0.008804,0.682252,-0.730958,0.015268,-0.016855,0.005154,0.999845,0,0.86295,0.31135,51.777,0.623,-1,400.000,-1,425.000,-1,325.000,325.000,300.000,300.000,-1,-1,-1,-1,750.000,875.000,-1,-1,2,0,2,0,2,0,0,0,0,2,2,2,2,0,0,2,2
41,6728.755,11142.510,62.675,137.578,-0.738154,-0.674569,-0.009211,0.674375,-0.738181,0.017513,-0.018613,0.006716,0.999804,0,0.86593,0.30526,51.956,0.611,-1,400.000,-1,425.000,-1,325.000,325.000,300.000,300.000,-1,-1,-1,-1,725.000,850.000,-1,-1,2,0,2,0,2,0,0,0,0,2,2,2,2,0,0,2,2
42,6689.897,11177.282,61.649,138.176,-0.745159,-0.666818,-0.009608,0.666578,-0.745174,0.019724,-0.020312,0.008293,0.999759,0,0.86907,0.29908,52.144,0.598,-1,375.000,-1,425.000,-1,325.000,325.000,300.000,300.000,-1,-1,-1,-1,725.000,825.000,-1,-1,2,0,2,0,2,0,0,0,0,2,2,2,2,0,0,2,2
43,6650.538,11211.785,60.598,138.762,-0.751940,-0.659157,-0.009917,0.658867,-0.751940,0.021915,-0.021903,0.009945,0.999711,0,0.87236,0.29282,52.342,0.586,-1,375.000,-1,400.000,-1,325.000,325.000,300.000,300.000,-1,-1,-1,-1,725.000,825.000,-1,-1,2,0,2,0,2,0,0,0,0,2,2,2,2,0,0,2,2
44,6610.678,11246.027,59.639,139.335,-0.758515,-0.651589,-0.009338,0.651258,-0.758475,0.024051,-0.022754,0.012162,0.999667,0,0.87580,0.28648,52.548,0.573,-1,375.000,-1,400.000,-1,325.000,325.000,300.000,300.000,-1,-1,-1,-1,700.000,800.000,-1,-1,2,0,2,0,2,0,0,0,0,2,2,2,2,0,0,2,2
45,6570.321,11280.016,58.556,139.895,-0.764869,-0.644127,-0.008690,0.643768,-0.764789,0.025692,-0.023195,0.014057,0.999632,0,0.87938,0.28005,52.763,0.560,-1,375.000,-1,400.000,-1,325.000,325.000,300.000,300.000,-1,-1,-1,-1,700.000,800.000,-1,-1,2,0,2,0,2,0,0,0,0,2,2,2,2,0,0,2,2
46,6529.470,11313.760,57.441,140.442,-0.771008,-0.636776,-0.007947,0.636391,-0.770882,0.027322,-0.023524,0.016008,0.999595,0,0.88309,0.27355,52.986,0.547,-1,375.000,-1,400.000,-1,325.000,325.000,300.000,300.000,-1,-1,-1,-1,700.000,775.000,-1,-1,2,0,2,0,2,0,0,0,0,2,2,2,2,0,0,2,2
47,6487.555,11347.727,56.278,140.979,-0.776971,-0.629496,-0.007094,0.629088,-0.776794,0.028966,-0.023745,0.018043,0.999555,0,0.89917,0.26869,53.950,0.537,-1,375.000,-1,400.000,-1,325.000,325.000,300.000,300.000,-1,-1,-1,-1,700.000,775.000,-1,-1,2,0,2,0,2,0,0,0,0,2,2,2,2,0,0,2,2
48,6445.273,11381.349,55.164,141.508,-0.782766,-0.622282,-0.006504,0.621850,-0.782541,0.030516,-0.024079,0.019843,0.999513,0,0.90035,0.26429,54.021,0.529,-1,375.000,-1,400.000,-1,325.000,325.000,300.000,300.000,-1,-1,-1,-1,700.000,750.000,-1,-1,2,0,2,0,2,0,0,0,0,2,2,2,2,0,0,2,2
49,6402.624,11414.637,54.036,142.028,-0.788397,-0.615138,-0.005884,0.614685,-0.788122,0.032035,-0.024343,0.021639,0.999469,0,0.90170,0.25975,54.102,0.520,-1,375.000,-1,400.000,-1,300.000,325.000,300.000,300.000,-1,-1,-1,-1,700.000,750.000,-1,-1,2,0,2,0,2,0,0,0,0,2,2,2,2,0,0,2,2
50,6359.608,11447.599,52.887,142.538,-0.793865,-0.608071,-0.005205,0.607599,-0.793536,0.033529,-0.024518,0.023455,0.999424,0,0.90322,0.25510,54.193,0.510,-1,375.000,-1,400.000,-1,300.000,325.000,300.000,300.000,-1,-1,-1,-1,700.000,725.000,-1,-1,2,0,2,0,2,0,0,0,0,2,2,2,2,0,0,2,2
51,6316.225,11480.245,51.895,143.038,-0.799165,-0.601097,-0.004301,0.600637,-0.798797,0.034046,-0.023901,0.024625,0.999411,0,0.90490,0.25033,54.294,0.501,-1,375.000,-1,400.000,-1,300.000,325.000,300.000,300.000,-1,-1,-1,-1,700.000,725.000,-1,-1,2,0,2,0,2,0,0,0,0,2,2,2,2,0,0,2,2
52,6272.474,11512.583,50.824,143.529,-0.804303,-0.594214,-0.002587,0.593801,-0.803893,0.033989,-0.022277,0.025801,0.999419,0,0.90674,0.24545,54.405,0.491,-1,375.000,-1,400.000,-1,300.000,325.000,300.000,300.000,-1,-1,-1,-1,700.000,725.000,-1,-1,2,0,2,0,2,0,0,0,0,2,2,2,2,0,0,2,2
53,6228.357,11544.624,49.713,144.010,-0.809273,-0.587432,-0.001095,0.587067,-0.808833,0.033782,-0.020730,0.026696,0.999429,0,0.90875,0.24045,54.525,0.481,-1,375.000,-1,400.000,-1,300.000,325.000,300.000,300.000,-1,-1,-1,-1,725.000,725.000,-1,-1,2,0,2,0,2,0,0,0,0,2,2,2,2,0,0,2,2
54,6183.873,11576.376,48.614,144.481,-0.814079,-0.580754,0.000457,0.580441,-0.813613,0.033497,-0.019082,0.027535,0.999439,0,0.91090,0.23534,54.654,0.471,-1,375.000,-1,400.000,-1,300.000,325.000,300.000,300.000,-1,-1,-1,-1,725.000,725.000,-1,-1,2,0,2,0,2,0,0,0,0,2,2,2,2,0,0,2,2
55,6140.255,11607.099,47.550,144.840,-0.817707,-0.575631,0.002017,0.575371,-0.817221,0.033149,-0.017433,0.028266,0.999448,0,0.88920,0.17956,53.352,0.359,-1,375.000,-1,400.000,-1,325.000,325.000,300.000,325.000,-1,-1,-1,-1,725.000,725.000,-1,-1,2,0,2,0,2,0,0,0,0,2,2,2,2,0,0,2,2
56,6096.333,11637.637,46.617,145.189,-0.821201,-0.570628,0.003593,0.570412,-0.820681,0.033352,-0.016082,0.029438,0.999437,0,0.89158,0.17436,53.495,0.349,-1,375.000,-1,400.000,-1,325.000,325.000,300.000,325.000,-1,-1,-1,-1,750.000,725.000,-1,-1,2,0,2,0,2,0,0,0,0,2,2,2,2,0,0,2,2
57,6052.107,11668.002,45.772,145.527,-0.824560,-0.565750,0.005192,0.565578,-0.823998,0.033893,-0.014897,0.030883,0.999412,0,0.89411,0.16906,53.647,0.338,-1,375.000,-1,400.000,-1,325.000,325.000,300.000,325.000,-1,-1,-1,-1,750.000,750.000,-1,-1,2,0,2,0,2,0,0,0,0,2,2,2,2,0,0,2,2
58,6007.575,11698.204,44.949,145.854,-0.827782,-0.561008,0.006834,0.560884,-0.827179,0.034427,-0.013661,0.032331,0.999384,0,0.89680,0.16364,53.808,0.327,-1,400.000,-1,375.000,-1,325.000,325.000,300.000,325.000,-1,-1,-1,-1,750.000,750.000,-1,-1,2,0,2,0,2,0,0,0,0,2,2,2,2,0,0,2,2
59,5962.735,11728.255,44.069,146.170,-0.830866,-0.556414,0.008132,0.556330,-0.830231,0.034831,-0.012629,0.033464,0.999360,0,0.89964,0.15811,53.978,0.316,-1,400.000,-1,375.000,-1,325.000,325.000,300.000,325.000,-1,-1,-1,-1,750.000,750.000,-1,-1,2,0,2,0,2,0,0,0,0,2,2,2,2,0,0,2,2
60,5917.724,11758.062,43.200,146.486,-0.833917,-0.551811,0.009340,0.551769,-0.833258,0.035109,-0.011591,0.034432,0.999340,0,0.89976,0.15789,53.985,0.316,-1,400.000,-1,375.000,-1,325.000,325.000,300.000,325.000,-1,-1,875.000,-1,775.000,750.000,-1,-1,2,0,2,0,2,0,0,0,0,2,2,0,2,0,0,2,2
61,5872.550,11787.620,42.397,146.802,-0.836938,-0.547195,0.010609,0.547200,-0.836263,0.035175,-0.010375,0.035245,0.999325,0,0.89976,0.15789,53.985,0.316,-1,400.000,-1,400.000,-1,325.000,325.000,300.000,300.000,-1,-1,700.000,-1,775.000,750.000,-1,-1,2,0,2,0,2,0,0,0,0,2,2,0,2,0,0,2,2
62,5827.214,11816.929,41.628,147.118,-0.839932,-0.542563,0.011840,0.542615,-0.839243,0.035230,-0.009178,0.036015,0.999309,0,0.89976,0.15789,53.985,0.316,-1,400.000,-1,400.000,-1,325.000,325.000,300.000,300.000,-1,-1,600.000,-1,775.000,750.000,-1,-1,2,0,2,0,2,0,0,0,0,2,2,0,2,0,0,2,2
63,5781.717,11845.988,41.211,147.433,-0.842904,-0.537938,0.011631,0.537989,-0.842233,0.034795,-0.008922,0.035586,0.999327,0,0.89976,0.15789,53.985,0.316,-1,400.000,-1,400.000,-1,325.000,325.000,300.000,300.000,-1,-1,650.000,-1,775.000,750.000,-1,-1,2,0,2,0,2,0,0,0,0,2,2,0,2,0,0,2,2
64,5736.060,11874.797,40.822,147.749,-0.845852,-0.533296,0.011418,0.533348,-0.845199,0.034342,-0.008664,0.035138,0.999345,0,0.89976,0.15789,53.985,0.316,-1,400.000,-1,400.000,-1,325.000,325.000,300.000,300.000,-1,-1,700.000,-1,775.000,750.000,-1,-1,2,0,2,0,2,0,0,0,0,2,2,0,2,0,0,2,2
65,5690.246,11903.353,40.300,148.065,-0.848774,-0.528638,0.011195,0.528689,-0.848137,0.033929,-0.008441,0.034716,0.999362,0,0.89976,0.15789,53.985,0.316,-1,400.000,-1,400.000,-1,325.000,325.000,300.000,300.000,-1,-1,725.000,-1,775.000,750.000,-1,-1,2,0,2,0,2,0,0,0,0,2,2,0,2,0,0,2,2
66,5644.275,11931.656,39.753,148.381,-0.851673,-0.523960,0.010938,0.524007,-0.851045,0.033735,-0.008367,0.034463,0.999371,0,0.89976,0.15789,53.985,0.316,-1,400.000,-1,400.000,-1,325.000,325.000,300.000,300.000,-1,-1,775.000,-1,775.000,750.000,-1,-1,2,0,2,0,2,0,0,0,0,2,2,0,2,0,0,2,2
67,5598.148,11959.705,39.235,148.697,-0.854546,-0.519265,0.010668,0.519308,-0.853927,0.033587,-0.008332,0.034242,0.999379,0,0.89976,0.15789,53.985,0.316,-1,400.000,-1,400.000,-1,325.000,325.000,300.000,300.000,-1,-1,825.000,-1,775.000,750.000,-1,-1,2,0,2,0,2,0,0,0,0,2,2,0,2,0,0,2,2
68,5551.868,11987.499,38.746,149.012,-0.857395,-0.514555,0.010382,0.514592,-0.856781,0.033485,-0.008335,0.034052,0.999385,0,0.89976,0.15789,53.985,0.316,-1,400.000,-1,400.000,-1,325.000,325.000,300.000,300.000,-1,-1,875.000,-1,775.000,775.000,-1,-1,2,0,2,0,2,0,0,0,0,2,2,0,2,0,0,2,2
69,5505.435,12015.038,38.287,149.328,-0.860218,-0.509827,0.010080,0.509858,-0.859609,0.033426,-0.008377,0.033893,0.999390,0,0.89976,0.15789,53.985,0.316,-1,400.000,-1,400.000,-1,325.000,325.000,300.000,300.000,-1,-1,950.000,-1,775.000,775.000,-1,-1,2,0,2,0,2,0,0,0,0,2,2,0,2,0,0,2,2
70,5458.851,12042.321,37.858,149.644,-0.863015,-0.505084,0.009761,0.505108,-0.862409,0.033412,-0.008458,0.033765,0.999394,0,0.89976,0.15789,53.985,0.316,-1,400.000,-1,400.000,-1,325.000,325.000,300.000,300.000,-1,-1,-1,-1,775.000,775.000,-1,-1,2,0,2,0,2,0,0,0,0,2,2,2,2,0,0,2,2
71,5412.117,12069.347,37.406,149.960,-0.865784,-0.500329,0.009465,0.500348,-0.865189,0.033177,-0.008410,0.033460,0.999405,0,0.89976,0.15789,53.985,0.316,-1,400.000,-1,400.000,-1,325.000,325.000,300.000,300.000,-1,-1,-1,-1,800.000,775.000,-1,-1,2,0,2,0,2,0,0,0,0,2,2,2,2,0,0,2,2
72,5369.302,12093.555,37.003,150.515,-0.870592,-0.491921,0.009078,0.491937,-0.870016,0.032709,-0.008192,0.032942,0.999424,0,0.81976,0.27789,49.185,0.556,-1,400.000,-1,400.000,-1,325.000,325.000,300.000,300.000,-1,-1,-1,-1,800.000,775.000,-1,-1,2,0,2,0,2,0,0,0,0,2,2,2,2,0,0,2,2
73,5330.366,12114.863,36.691,151.311,-0.877337,-0.479799,0.008578,0.479809,-0.876779,0.032275,-0.007964,0.032432,0.999442,0,0.73976,0.39789,44.385,0.796,-1,400.000,-1,400.000,-1,325.000,325.000,300.000,300.000,-1,-1,-1,-1,800.000,775.000,-1,-1,2,0,2,0,2,0,0,0,0,2,2,2,2,0,0,2,2
74,5295.302,12133.235,36.415,152.347,-0.885863,-0.463879,0.007978,0.463883,-0.885324,0.031854,-0.007714,0.031919,0.999461,0,0.65976,0.51789,39.585,1.036,-1,400.000,-1,400.000,-1,325.000,325.000,300.000,300.000,-1,-1,-1,-1,775.000,775.000,-1,-1,2,0,2,0,2,0,0,0,0,2,2,2,2,0,0,2,2
75,5264.049,12148.734,36.202,153.623,-0.895967,-0.444058,0.007416,0.444059,-0.895444,0.031485,-0.007340,0.031503,0.999477,0,0.58142,0.63789,34.885,1.276,-1,400.000,-1,400.000,-1,325.000,325.000,300.000,300.000,-1,-1,-1,-1,775.000,775.000,-1,-1,2,0,2,0,2,0,0,0,0,2,2,2,2,0,0,2,2
76,5232.397,12163.400,36.022,155.139,-0.907396,-0.420222,0.006835,0.420221,-0.906889,0.031100,-0.006871,0.031092,0.999493,0,0.58142,0.75789,34.885,1.516,-1,400.000,-1,400.000,-1,325.000,325.000,300.000,300.000,-1,-1,-1,-1,775.000,775.000,-1,-1,2,0,2,0,2,0,0,0,0,2,2,2,2,0,0,2,2
77,5200.311,12177.090,35.879,156.894,-0.919841,-0.392243,0.006236,0.392242,-0.919350,0.030687,-0.006303,0.030673,0.999510,0,0.58142,0.87789,34.885,1.756,-1,400.000,-1,400.000,-1,325.000,325.000,300.000,300.000,-1,-1,-1,-1,775.000,775.000,-1,-1,2,0,2,0,2,0,0,0,0,2,2,2,2,0,0,2,2
78,5167.767,12189.654,35.719,158.890,-0.932938,-0.359990,0.005876,0.359997,-0.932459,0.030378,-0.005457,0.030456,0.999521,0,0.58142,0.99789,34.885,1.996,-1,400.000,-1,400.000,-1,325.000,325.000,300.000,300.000,-1,-1,-1,-1,775.000,775.000,-1,-1,2,0,2,0,2,0,0,0,0,2,2,2,2,0,0,2,2
79,5134.805,12201.075,35.531,160.890,-0.944928,-0.327229,0.005685,0.327247,-0.944454,0.030256,-0.004531,0.030451,0.999526,0,0.58142,1.00000,34.885,2.000,-1,400.000,-1,400.000,-1,325.000,325.000,300.000,300.000,-1,-1,-1,-1,775.000,775.000,-1,-1,2,0,2,0,2,0,0,0,0,2,2,2,2,0,0,2,2
80,5101.464,12211.338,35.324,162.890,-0.955770,-0.294067,0.005408,0.294092,-0.955294,0.030380,-0.003767,0.030626,0.999524,0,0.58142,1.00000,34.885,2.000,-1,400.000,-1,400.000,-1,325.000,325.000,300.000,300.000,-1,-1,-1,-1,775.000,775.000,-1,-1,2,0,2,0,2,0,0,0,0,2,2,2,2,0,0,2,2
81,5067.785,12220.431,35.153,164.890,-0.965448,-0.260547,0.005122,0.260580,-0.964970,0.030496,-0.003003,0.030777,0.999522,0,0.58142,1.00000,34.885,2.000,-1,400.000,-1,400.000,-1,325.000,325.000,300.000,300.000,-1,-1,-1,-1,775.000,775.000,-1,-1,2,0,2,0,2,0,0,0,0,2,2,2,2,0,0,2,2
82,5033.745,12228.359,35.020,166.890,-0.973950,-0.226710,0.004828,0.226751,-0.973472,0.030603,-0.002238,0.030901,0.999520,0,0.58252,1.00000,34.951,2.000,-1,400.000,-1,400.000,-1,325.000,325.000,300.000,300.000,-1,-1,-1,-1,775.000,775.000,-1,-1,2,0,2,0,2,0,0,0,0,2,2,2,2,0,0,2,2
83,4999.179,12235.147,34.923,168.890,-0.981266,-0.192605,0.004526,0.192653,-0.980787,0.030698,-0.001474,0.030995,0.999518,0,0.58711,0.99980,35.226,2.000,-1,400.000,-1,400.000,-1,325.000,325.000,300.000,300.000,-1,-1,-1,-1,775.000,775.000,-1,-1,2,0,2,0,2,0,0,0,0,2,2,2,2,0,0,2,2
84,4964.125,12240.768,34.865,170.888,-0.987385,-0.158284,0.004215,0.158338,-0.986905,0.030778,-0.000712,0.031057,0.999517,0,0.59170,0.99926,35.502,1.999,-1,400.000,-1,400.000,-1,325.000,325.000,300.000,300.000,-1,-1,-1,-1,775.000,775.000,-1,-1,2,0,2,0,2,0,0,0,0,2,2,2,2,0,0,2,2
85,4928.625,12245.200,34.847,172.885,-0.992299,-0.123801,0.003899,0.123862,-0.991820,0.030839,0.000049,0.031084,0.999517,0,0.59627,0.99838,35.776,1.997,-1,400.000,-1,400.000,-1,325.000,325.000,300.000,300.000,-1,-1,-1,-1,775.000,775.000,-1,-1,2,0,2,0,2,0,0,0,0,2,2,2,2,0,0,2,2
86,4892.720,12248.417,34.869,174.879,-0.996006,-0.089211,0.003578,0.089279,-0.995528,0.030877,0.000808,0.031074,0.999517,0,0.60080,0.99714,36.048,1.994,-1,400.000,-1,400.000,-1,325.000,325.000,300.000,300.000,-1,-1,-1,-1,775.000,775.000,-1,-1,2,0,2,0,2,0,0,0,0,2,2,2,2,0,0,2,2
87,4856.459,12250.400,34.932,176.870,-0.998505,-0.054569,0.003256,0.054644,-0.998028,0.030891,0.001564,0.031023,0.999517,0,0.60526,0.99553,36.316,1.991,-1,400.000,-1,400.000,-1,325.000,325.000,300.000,300.000,-1,-1,-1,-1,775.000,775.000,-1,-1,2,0,2,0,2,0,0,0,0,2,2,2,2,0,0,2,2
88,4819.890,12251.129,35.037,178.857,-0.999797,-0.019930,0.002935,0.020012,-0.999323,0.030876,0.002317,0.030928,0.999519,0,0.60961,0.99354,36.577,1.987,-1,400.000,-1,400.000,-1,325.000,325.000,300.000,300.000,-1,-1,-1,-1,775.000,775.000,-1,-1,2,0,2,0,2,0,0,0,0,2,2,2,2,0,0,2,2
89,4783.065,12250.589,35.186,180.840,-0.999889,0.014650,0.002618,-0.014562,-0.999419,0.030829,0.003068,0.030787,0.999521,0,0.61382,0.99117,36.829,1.982,-1,400.000,-1,400.000,-1,325.000,325.000,300.000,300.000,-1,-1,-1,-1,775.000,775.000,-1,-1,2,0,2,0,2,0,0,0,0,2,2,2,2,0,0,2,2
90,4746.038,12248.768,35.378,182.817,-0.998790,0.049116,0.002310,-0.049022,-0.998324,0.030748,0.003816,0.030598,0.999525,0,0.61786,0.98841,37.072,1.977,-1,400.000,-1,400.000,-1,325.000,325.000,300.000,300.000,-1,-1,-1,-1,750.000,775.000,-1,-1,2,0,2,0,2,0,0,0,0,2,2,2,2,0,0,2,2
91,4708.867,12245.655,35.613,184.787,-0.996513,0.083415,0.002015,-0.083315,-0.996052,0.030630,0.004562,0.030356,0.999529,0,0.62169,0.98525,37.301,1.970,-1,400.000,-1,400.000,-1,325.000,325.000,300.000,300.000,-1,-1,-1,-1,750.000,775.000,-1,-1,2,0,2,0,2,0,0,0,0,2,2,2,2,0,0,2,2
92,4671.611,12241.245,35.894,186.750,-0.993072,0.117493,0.001736,-0.117386,-0.992619,0.030474,0.005304,0.030059,0.999534,0,0.62527,0.98169,37.516,1.963,-1,400.000,-1,400.000,-1,325.000,325.000,300.000,300.000,-1,-1,-1,-1,750.000,775.000,-1,-1,2,0,2,0,2,0,0,0,0,2,2,2,2,0,1,2,2
93,4634.332,12235.536,36.209,188.706,-0.988487,0.151296,0.001504,-0.151182,-0.988041,0.030317,0.006072,0.029740,0.999539,0,0.62856,0.97772,37.714,1.955,-1,400.000,-1,400.000,975.000,325.000,325.000,300.000,300.000,-1,-1,-1,-1,750.000,750.000,-1,1000.000,2,0,2,0,1,0,0,0,0,2,2,2,2,0,1,2,1
94,4597.094,12228.532,36.506,190.653,-0.982780,0.184773,0.001469,-0.184644,-0.982336,0.030383,0.007057,0.029589,0.999537,0,0.63153,0.97334,37.892,1.947,-1,400.000,-1,400.000,925.000,325.000,325.000,300.000,300.000,-1,-1,-1,-1,750.000,725.000,-1,975.000,2,0,2,0,1,0,0,0,0,2,2,2,2,0,1,2,1
95,4559.961,12220.239,36.844,192.590,-0.975976,0.217874,0.001435,-0.217731,-0.975534,0.030433,0.008030,0.029389,0.999536,0,0.63412,0.96857,38.047,1.937,-1,400.000,-1,400.000,900.000,325.000,325.000,300.000,300.000,-1,-1,-1,-1,750.000,725.000,-1,975.000,2,0,2,0,1,0,0,0,0,2,2,2,2,0,1,2,1
96,4518.810,12209.675,37.237,194.398,-0.968620,0.248544,0.001460,-0.248386,-0.968183,0.030425,0.008976,0.029107,0.999536,0,0.70809,0.90392,42.485,1.808,-1,400.000,-1,400.000,850.000,325.000,325.000,300.000,300.000,-1,-1,-1,-1,750.000,700.000,-1,975.000,2,0,2,0,1,0,0,0,0,2,2,2,2,0,1,2,1
97,4473.349,12196.669,37.702,195.965,-0.961459,0.274943,0.001531,-0.274772,-0.961029,0.030402,0.009830,0.028809,0.999537,0,0.78809,0.78392,47.285,1.568,-1,400.000,-1,400.000,825.000,325.000,325.000,300.000,300.000,-1,-1,-1,-1,750.000,700.000,-1,975.000,2,0,2,0,1,0,0,0,0,2,2,2,2,0,1,2,1
98,4423.618,12181.186,38.251,197.293,-0.954832,0.297142,0.001605,-0.296958,-0.954407,0.030397,0.010564,0.028547,0.999537,0,0.86809,0.66392,52.085,1.328,-1,400.000,-1,400.000,800.000,325.000,325.000,300.000,300.000,-1,-1,-1,-1,750.000,700.000,-1,-1,2,0,2,0,1,0,0,0,0,2,2,2,2,0,1,2,2
99,4369.635,12163.248,38.884,198.381,-0.949020,0.315210,0.001679,-0.315016,-0.948599,0.030406,0.011177,0.028327,0.999536,0,0.94809,0.54392,56.885,1.088,-1,400.000,-1,400.000,750.000,325.000,325.000,300.000,300.000,-1,-1,-1,-1,750.000,725.000,-1,-1,2,0,2,0,1,0,0,0,0,2,2,2,2,0,1,2,2
100,4312.982,12143.487,39.581,199.229,-0.944254,0.329214,0.001750,-0.329011,-0.943836,0.030428,0.011669,0.028156,0.999535,0,1.00000,0.42392,60.000,0.848,-1,400.000,-1,400.000,725.000,325.000,325.000,300.000,300.000,-1,-1,-1,-1,725.000,725.000,-1,-1,2,0,2,0,1,0,0,0,0,2,2,2,2,0,0,2,2
101,4256.542,12123.127,40.302,199.837,-0.940709,0.339209,0.001814,-0.339000,-0.940293,0.030461,0.012038,0.028040,0.999534,0,1.00000,0.30392,60.000,0.608,-1,400.000,-1,400.000,700.000,325.000,325.000,300.000,300.000,-1,-1,-1,-1,725.000,725.000,-1,-1,2,0,2,0,1,0,0,0,0,2,2,2,2,0,0,2,2
102,4200.235,12102.404,41.038,200.205,-0.938513,0.345239,0.001871,-0.345026,-0.938097,0.030506,0.012287,0.027984,0.999533,0,1.00000,0.18392,60.000,0.368,-1,400.000,-1,375.000,675.000,325.000,325.000,300.000,300.000,-1,-1,-1,-1,725.000,700.000,-1,-1,2,0,2,0,1,0,0,0,0,2,2,2,2,0,0,2,2
103,4143.973,12081.556,41.784,200.333,-0.937740,0.347332,0.001924,-0.347115,-0.937325,0.030560,0.012418,0.027990,0.999531,0,1.00000,0.06392,60.000,0.128,-1,400.000,-1,375.000,675.000,325.000,325.000,300.000,300.000,-1,-1,-1,-1,725.000,700.000,-1,-1,2,0,2,0,1,0,0,0,0,2,2,2,2,0,0,2,2
104,4087.671,12060.818,42.532,200.220,-0.938418,0.345495,0.001974,-0.345277,-0.938001,0.030625,0.012432,0.028058,0.999529,0,1.00000,-0.05608,60.000,-0.112,-1,375.000,-1,375.000,650.000,325.000,325.000,300.000,300.000,-1,-1,-1,-1,700.000,700.000,-1,-1,2,0,2,0,1,0,0,0,0,2,2,2,2,0,0,2,2
105,4031.242,12040.427,43.277,199.868,-0.940524,0.339723,0.002021,-0.339505,-0.940103,0.030694,0.012328,0.028182,0.999527,0,1.00000,-0.17608,60.000,-0.352,-1,375.000,-1,375.000,650.000,325.000,300.000,300.000,300.000,-1,-1,-1,-1,700.000,700.000,-1,-1,2,0,2,0,1,0,0,0,0,2,2,2,2,0,0,2,2
106,3974.664,12020.455,44.162,199.443,-0.943017,0.332733,0.002671,-0.332504,-0.942612,0.030408,0.012636,0.027787,0.999534,0,1.00000,-0.21282,60.000,-0.426,-1,375.000,-1,375.000,625.000,300.000,300.000,300.000,300.000,-1,-1,-1,-1,700.000,675.000,-1,-1,2,0,2,0,1,0,0,0,0,2,2,2,2,0,0,2,2
107,3917.924,12000.946,45.198,198.975,-0.945694,0.325035,0.004003,-0.324781,-0.945322,0.029735,0.013449,0.026820,0.999550,0,1.00000,-0.23390,60.000,-0.468,-1,375.000,-1,375.000,625.000,300.000,300.000,300.000,300.000,-1,-1,-1,-1,700.000,675.000,-1,-1,2,0,2,0,1,0,0,0,0,2,2,2,2,0,0,2,2
108,3861.012,11981.944,46.246,198.464,-0.948544,0.316599,0.005431,-0.316320,-0.948208,0.029024,0.014338,0.025813,0.999564,0,1.00000,-0.25552,60.000,-0.511,-1,375.000,-1,375.000,650.000,300.000,300.000,300.000,325.000,-1,-1,-1,-1,700.000,675.000,-1,-1,2,0,2,0,1,0,0,0,0,2,2,2,2,0,0,2,2
109,3803.919,11963.495,47.439,197.908,-0.951555,0.307397,0.007073,-0.307079,-0.951240,0.029068,0.015663,0.025488,0.999552,0,1.00000,-0.27765,60.000,-0.555,-1,375.000,-1,375.000,725.000,300.000,300.000,300.000,325.000,-1,-1,-1,-1,700.000,675.000,-1,-1,2,0,2,0,1,0,0,0,1,2,2,2,2,0,0,2,2
110,3746.636,11945.644,48.770,197.308,-0.954708,0.297409,0.008987,-0.297032,-0.954401,0.029853,0.017456,0.025831,0.999514,0,1.00000,-0.30022,60.000,-0.600,-1,375.000,-1,375.000,825.000,300.000,300.000,300.000,300.000,-1,-1,-1,-1,700.000,650.000,-1,-1,2,0,2,0,1,0,0,0,1,2,2,2,2,0,0,2,2
111,3689.155,11928.440,50.091,196.662,-0.957982,0.286620,0.010910,-0.286182,-0.957685,0.030646,0.019232,0.026236,0.999471,0,1.00000,-0.32318,60.000,-0.646,-1,375.000,-1,375.000,-1,300.000,300.000,300.000,275.000,-1,-1,-1,-1,700.000,650.000,-1,-1,2,0,2,0,2,0,0,0,1,2,2,2,2,0,0,2,2
112,3631.869,11912.048,51.391,195.969,-0.961354,0.275015,0.012829,-0.274514,-0.961069,0.031436,0.020975,0.026699,0.999423,0,0.99308,-0.34644,59.585,-0.693,-1,375.000,-1,375.000,-1,300.000,300.000,325.000,275.000,-1,850.000,900.000,-1,700.000,650.000,-1,-1,2,0,2,0,2,0,0,0,1,2,0,0,2,0,0,2,2
113,3579.018,11897.619,52.575,195.270,-0.964613,0.263265,0.014604,-0.262704,-0.964340,0.032158,0.022549,0.027184,0.999376,0,0.91308,-0.34953,54.785,-0.699,-1,375.000,-1,375.000,-1,325.000,325.000,325.000,250.000,-1,725.000,750.000,-1,700.000,650.000,-1,-1,2,0,2,0,2,0,0,0,1,2,0,0,2,0,0,2,2
114,3530.632,11885.078,53.642,194.530,-0.967903,0.250798,0.016234,-0.250180,-0.967643,0.032807,0.023936,0.027693,0.999330,0,0.83308,-0.36963,49.985,-0.739,-1,375.000,-1,375.000,-1,325.000,325.000,325.000,250.000,-1,650.000,650.000,-1,675.000,650.000,-1,-1,2,0,2,0,2,0,0,0,1,2,0,0,2,0,0,2,2
115,3486.746,11874.317,54.594,193.777,-0.971091,0.238051,0.017717,-0.237381,-0.970843,0.033377,0.025146,0.028206,0.999286,0,0.75308,-0.37665,45.185,-0.753,-1,375.000,-1,375.000,-1,325.000,300.000,325.000,250.000,-1,600.000,575.000,-1,675.000,625.000,-1,-1,2,0,2,0,2,0,0,0,1,2,0,0,2,0,0,2,2
116,3447.398,11865.223,55.434,193.012,-0.974157,0.225066,0.019053,-0.224349,-0.973920,0.033865,0.026178,0.028715,0.999245,0,0.67308,-0.38246,40.385,-0.765,-1,375.000,-1,375.000,-1,300.000,300.000,325.000,225.000,-1,550.000,525.000,-1,675.000,625.000,-1,-1,2,0,2,0,2,0,0,0,1,2,0,0,2,0,0,2,2
117,3412.622,11857.680,56.162,192.238,-0.977087,0.211877,0.020238,-0.211118,-0.976860,0.034270,0.027031,0.029212,0.999208,0,0.59308,-0.38725,35.585,-0.774,-1,375.000,-1,375.000,-1,300.000,300.000,325.000,225.000,-1,525.000,500.000,-1,675.000,625.000,-1,-1,2,0,2,0,2,0,0,0,1,2,0,0,2,0,0,2,2
118,3382.450,11851.566,56.782,191.455,-0.979866,0.198517,0.021273,-0.197722,-0.979648,0.034592,0.027707,0.029690,0.999175,0,0.51308,-0.39115,30.785,-0.782,-1,375.000,-1,350.000,-1,300.000,300.000,325.000,225.000,-1,525.000,475.000,-1,675.000,625.000,-1,-1,2,0,2,0,2,0,0,0,1,2,0,0,2,0,0,2,2
119,3356.914,11846.756,57.296,190.667,-0.982486,0.185012,0.022153,-0.184187,-0.982274,0.034832,0.028205,0.030142,0.999148,0,0.43308,-0.39432,25.985,-0.789,-1,375.000,-1,350.000,-1,300.000,300.000,325.000,225.000,-1,500.000,475.000,-1,675.000,625.000,-1,-1,2,0,2,0,2,0,0,0,1,2,0,0,2,0,0,2,2
120,3336.042,11843.123,57.708,189.873,-0.984938,0.171386,0.022878,-0.170537,-0.984730,0.034992,0.028525,0.030564,0.999126,0,0.35308,-0.39685,21.185,-0.794,-1,375.000,-1,350.000,-1,300.000,300.000,325.000,225.000,-1,475.000,450.000,-1,650.000,625.000,-1,-1,2,0,2,0,2,0,0,0,1,2,0,0,2,0,0,2,2
121,3319.862,11840.538,58.085,189.075,-0.987219,0.157660,0.023297,-0.156806,-0.987016,0.034814,0.028483,0.030716,0.999122,0,0.27308,-0.39884,16.385,-0.798,-1,375.000,-1,350.000,-1,300.000,300.000,325.000,225.000,-1,500.000,450.000,-1,650.000,625.000,-1,-1,2,0,2,0,2,0,0,0,1,2,0,0,2,0,0,2,2
122,3308.397,11838.871,58.351,188.275,-0.989318,0.143851,0.023600,-0.142995,-0.989117,0.034634,0.028325,0.030890,0.999121,0,0.19308,-0.40035,11.585,-0.801,-1,375.000,-1,350.000,-1,300.000,300.000,325.000,225.000,-1,500.000,475.000,-1,650.000,625.000,-1,-1,2,0,2,0,2,0,0,0,1,2,0,0,2,0,0,2,2
123,3301.670,11837.989,58.541,187.472,-0.991228,0.129977,0.023958,-0.129121,-0.991033,0.034357,0.028209,0.030962,0.999122,0,0.11308,-0.40142,6.785,-0.803,-1,375.000,-1,350.000,-1,300.000,300.000,325.000,225.000,-1,475.000,450.000,-1,650.000,625.000,-1,-1,2,0,2,0,2,0,0,0,1,2,0,0,2,0,0,2,2
124,3299.698,11837.758,58.559,186.668,-0.992952,0.116055,0.024027,-0.115200,-0.992749,0.034320,0.027836,0.031310,0.999122,0,0.03308,-0.40206,1.985,-0.804,-1,350.000,-1,350.000,-1,300.000,300.000,325.000,225.000,-1,500.000,450.000,-1,650.000,625.000,-1,-1,2,0,2,0,2,0,0,0,1,2,0,0,2,0,0,2,2
125,3302.498,11838.045,58.437,185.863,-0.994486,0.102102,0.023916,-0.101252,-0.994265,0.034435,0.027295,0.031824,0.999121,0,-0.04692,-0.40226,-2.815,-0.805,-1,350.000,-1,350.000,-1,300.000,300.000,325.000,225.000,-1,500.000,450.000,-1,650.000,625.000,-1,-1,2,0,2,0,2,0,0,0,1,2,0,0,2,0,0,2,2
126,3310.083,11838.717,58.246,185.059,-0.995822,0.088141,0.023850,-0.087294,-0.995586,0.034482,0.026784,0.032256,0.999121,0,-0.12692,-0.40196,-7.615,-0.804,-1,350.000,-1,350.000,-1,300.000,300.000,325.000,225.000,-1,500.000,450.000,-1,650.000,625.000,-1,-1,2,0,2,0,2,0,0,0,1,2,0,0,2,0,0,2,2
127,3322.464,11839.638,58.047,184.257,-0.996968,0.074193,0.023450,-0.073369,-0.996718,0.034221,0.025912,0.032397,0.999139,0,-0.20692,-0.40111,-12.415,-0.802,-1,350.000,-1,350.000,-1,300.000,300.000,325.000,225.000,-1,500.000,475.000,-1,650.000,625.000,-1,-1,2,0,2,0,2,0,0,0,1,2,0,0,2,0,0,2,2
128,3339.648,11840.677,57.780,183.458,-0.997919,0.060283,0.022880,-0.059490,-0.997653,0.033914,0.024871,0.032483,0.999163,0,-0.28692,-0.39959,-17.215,-0.799,-1,375.000,-1,350.000,-1,300.000,300.000,325.000,225.000,-1,525.000,475.000,-1,650.000,625.000,-1,-1,2,0,2,0,2,0,0,0,1,2,0,0,2,0,0,2,2
129,3356.619,11841.466,57.524,182.663,-0.998672,0.046442,0.022316,-0.045678,-0.998390,0.033627,0.023842,0.032563,0.999185,0,-0.28317,-0.39730,-16.990,-0.795,-1,375.000,-1,350.000,-1,300.000,300.000,325.000,225.000,-1,550.000,500.000,-1,650.000,625.000,-1,-1,2,0,2,0,2,0,0,0,1,2,0,0,2,0,0,2,2
130,3368.804,11841.813,57.347,181.629,-0.999356,0.028407,0.021911,-0.027667,-0.999060,0.033365,0.022838,0.032738,0.999203,0,-0.20317,-0.51730,-12.190,-1.035,-1,375.000,-1,375.000,575.000,300.000,300.000,325.000,250.000,-1,550.000,500.000,-1,650.000,625.000,-1,-1,2,0,2,0,1,0,0,0,1,2,0,0,2,0,0,2,2
131,3376.194,11841.858,57.243,180.354,-0.999746,0.006177,0.021664,-0.005457,-0.999436,0.033127,0.021857,0.033000,0.999216,0,-0.12317,-0.63730,-7.390,-1.275,-1,375.000,-1,375.000,500.000,300.000,300.000,325.000,250.000,-1,575.000,525.000,-1,650.000,625.000,-1,-1,2,0,2,0,1,0,0,0,1,2,0,0,2,0,0,2,2
132,3378.783,11841.806,57.206,178.840,-0.999562,-0.020242,0.021573,0.020945,-0.999239,0.032905,0.020890,0.033343,0.999226,0,-0.04317,-0.75730,-2.590,-1.515,-1,375.000,-1,375.000,450.000,300.000,300.000,325.000,250.000,-1,600.000,525.000,-1,650.000,625.000,-1,-1,2,0,2,0,1,0,0,0,1,2,0,0,2,0,1,2,2
133,3376.575,11841.918,57.226,177.085,-0.998473,-0.050827,0.021632,0.051518,-0.998137,0.032690,0.019930,0.033754,0.999231,0,0.03683,-0.87730,2.210,-1.755,-1,375.000,-1,375.000,400.000,300.000,300.000,325.000,250.000,-1,600.000,550.000,-1,625.000,625.000,-1,-1,2,0,2,0,1,0,0,0,1,2,0,0,2,0,1,2,2
134,3369.591,11842.518,57.291,175.090,-0.996096,-0.085535,0.021836,0.086217,-0.995747,0.032466,0.018966,0.034222,0.999234,0,0.11683,-0.99730,7.010,-1.995,-1,350.000,-1,375.000,350.000,300.000,300.000,300.000,250.000,-1,625.000,550.000,-1,625.000,600.000,-1,-1,2,0,2,0,1,0,0,0,1,2,0,0,2,0,1,2,2
135,3357.866,11843.939,57.390,173.090,-0.992498,-0.120232,0.022182,0.120909,-0.992140,0.032249,0.018130,0.034689,0.999234,0,0.19683,-1.00000,11.810,-2.000,-1,350.000,-1,375.000,325.000,300.000,300.000,300.000,250.000,-1,625.000,550.000,-1,625.000,600.000,-1,-1,2,0,2,0,1,0,0,0,1,2,0,0,2,0,1,2,2
136,3341.456,11846.512,57.796,171.090,-0.987672,-0.154787,0.023334,0.155467,-0.987359,0.030847,0.018265,0.034094,0.999252,0,0.27683,-1.00000,16.610,-2.000,-1,350.000,-1,375.000,300.000,300.000,300.000,300.000,250.000,-1,575.000,525.000,-1,625.000,575.000,-1,-1,2,0,2,1,1,0,0,0,1,2,0,0,2,0,1,2,2
137,3320.433,11850.565,59.019,169.090,-0.981605,-0.189167,0.025819,0.189848,-0.981440,0.027073,0.020218,0.031477,0.999300,0,0.35683,-1.00000,21.410,-2.000,-1,375.000,-1,375.000,275.000,300.000,300.000,300.000,250.000,-1,500.000,475.000,-1,650.000,575.000,-1,-1,2,0,2,1,1,0,0,0,1,2,0,0,2,0,1,2,2
