timestep,x_cm,y_cm,z_cm,yaw_deg,basis_xx,basis_xy,basis_xz,basis_yx,basis_yy,basis_yz,basis_zx,basis_zy,basis_zz,teleport_flag,throttle_cmd,steering_cmd,cmd_move_cm,cmd_turn_deg,lidar_cm_0,lidar_cm_1,lidar_cm_2,lidar_cm_3,lidar_cm_4,lidar_cm_5,lidar_cm_6,lidar_cm_7,lidar_cm_8,lidar_cm_9,lidar_cm_10,lidar_cm_11,lidar_cm_12,lidar_cm_13,lidar_cm_14,lidar_cm_15,lidar_cm_16,lidar_class_0,lidar_class_1,lidar_class_2,lidar_class_3,lidar_class_4,lidar_class_5,lidar_class_6,lidar_class_7,lidar_class_8,lidar_class_9,lidar_class_10,lidar_class_11,lidar_class_12,lidar_class_13,lidar_class_14,lidar_class_15,lidar_class_16
0,5575.417,-1639.838,360.089,141.535,-0.783307,-0.621451,-0.015161,0.621452,-0.782251,-0.043370,0.015093,-0.043394,0.998944,1,0.00000,0.00000,4.800,-0.240,-1,375.000,-1,400.000,-1,325.000,325.000,300.000,300.000,-1,575.000,500.000,-1,725.000,775.000,-1,-1,2,0,2,0,2,0,0,0,0,2,0,0,2,0,0,2,2
1,5571.646,-1636.868,360.152,141.775,-0.785903,-0.618168,-0.015005,0.618166,-0.784846,-0.043452,0.015085,-0.043425,0.998943,0,0.08000,0.12000,4.800,0.240,-1,375.000,-1,400.000,-1,325.000,325.000,300.000,300.000,-1,575.000,500.000,-1,725.000,775.000,-1,-1,2,0,2,0,2,0,0,0,0,2,0,0,2,0,0,2,2
2,5564.055,-1630.992,360.272,142.255,-0.791055,-0.611569,-0.014686,0.611560,-0.789995,-0.043611,0.015070,-0.043480,0.998941,0,0.16000,0.24000,9.600,0.480,-1,375.000,-1,400.000,-1,325.000,325.000,300.000,300.000,-1,550.000,500.000,-1,725.000,775.000,-1,-1,2,0,2,0,2,0,0,0,0,2,0,0,2,0,0,2,2
3,5552.559,-1622.321,360.445,142.975,-0.798677,-0.601592,-0.014205,0.601572,-0.797615,-0.043839,0.015043,-0.043558,0.998938,0,0.24000,0.36000,14.400,0.720,-1,375.000,-1,400.000,-1,325.000,325.000,300.000,300.000,-1,550.000,500.000,-1,725.000,775.000,-1,-1,2,0,2,0,2,0,0,0,0,2,0,0,2,0,0,2,2
4,5537.039,-1611.018,360.664,143.935,-0.808644,-0.588141,-0.013565,0.588107,-0.807579,-0.044121,0.014995,-0.043656,0.998934,0,0.32000,0.48000,19.200,0.960,-1,375.000,-1,400.000,-1,325.000,325.000,300.000,300.000,-1,525.000,500.000,-1,725.000,775.000,-1,-1,2,0,2,0,2,0,0,0,0,2,0,0,2,0,0,2,2
5,5517.347,-1597.298,360.917,145.135,-0.820783,-0.571097,-0.012771,0.571045,-0.819715,-0.044443,0.014913,-0.043771,0.998930,0,0.40000,0.60000,24.000,1.200,-1,375.000,-1,400.000,-1,325.000,325.000,300.000,300.000,-1,525.000,500.000,-1,725.000,800.000,-1,-1,2,0,2,0,2,0,0,0,0,2,0,0,2,0,0,2,2
6,5493.310,-1581.434,361.193,146.575,-0.834874,-0.550314,-0.011833,0.550243,-0.833803,-0.044787,0.014781,-0.043903,0.998926,0,0.48000,0.72000,28.800,1.440,-1,375.000,-1,400.000,-1,325.000,325.000,300.000,300.000,-1,500.000,475.000,-1,725.000,800.000,-1,-1,2,0,2,0,2,0,0,0,0,2,0,0,2,0,0,2,2
7,5464.771,-1563.701,361.477,148.145,-0.849635,-0.527261,-0.010770,0.527167,-0.848561,-0.045152,0.014668,-0.044040,0.998922,0,0.56000,0.78493,33.600,1.570,-1,375.000,-1,400.000,-1,325.000,325.000,300.000,300.000,-1,475.000,450.000,-1,725.000,800.000,-1,-1,2,0,2,0,2,0,0,0,0,2,0,0,2,0,0,2,2
8,5431.612,-1544.336,361.781,149.715,-0.863757,-0.503816,-0.009626,0.503697,-0.862686,-0.045408,0.014573,-0.044070,0.998922,0,0.64000,0.78493,38.400,1.570,-1,375.000,-1,400.000,-1,325.000,325.000,300.000,300.000,-1,475.000,450.000,-1,750.000,825.000,-1,-1,2,0,2,0,2,0,0,0,0,2,0,0,2,0,0,2,2
9,5393.725,-1523.580,362.245,151.285,-0.877223,-0.480007,-0.008562,0.479879,-0.876190,-0.044804,0.014004,-0.043411,0.998959,0,0.72000,0.78493,43.200,1.570,-1,400.000,-1,400.000,-1,325.000,325.000,300.000,300.000,-1,475.000,475.000,-1,750.000,825.000,-1,-1,2,0,2,0,2,0,0,0,0,2,0,0,2,0,0,2,2
10,5351.013,-1501.680,362.717,152.854,-0.890031,-0.455838,-0.007521,0.455703,-0.889041,-0.044062,0.013399,-0.042644,0.999000,0,0.80000,0.78493,48.000,1.570,-1,400.000,-1,400.000,-1,325.000,325.000,300.000,300.000,-1,500.000,475.000,-1,750.000,825.000,-1,-1,2,0,2,0,2,0,0,0,0,2,0,0,2,0,0,2,2
11,5304.083,-1479.219,363.222,154.424,-0.902172,-0.431329,-0.006361,0.431184,-0.901233,-0.043112,0.012862,-0.041637,0.999050,0,0.86714,0.78493,52.028,1.570,-1,400.000,-1,400.000,-1,325.000,325.000,300.000,300.000,-1,525.000,500.000,-1,750.000,850.000,-1,-1,2,0,2,0,2,0,0,0,0,2,0,0,2,0,0,2,2
12,5256.555,-1458.052,363.707,155.994,-0.913638,-0.406496,-0.005216,0.406342,-0.912753,-0.042041,0.012328,-0.040530,0.999102,0,0.86714,0.78493,52.028,1.570,-1,400.000,-1,400.000,-1,325.000,325.000,300.000,300.000,-1,550.000,525.000,-1,750.000,850.000,-1,-1,2,0,2,0,2,0,0,0,0,2,0,0,2,0,0,2,2
13,5208.465,-1438.195,364.142,157.564,-0.924419,-0.381354,-0.004225,0.381198,-0.923587,-0.040928,0.011706,-0.039445,0.999153,0,0.86714,0.78493,52.028,1.570,-1,400.000,-1,400.000,-1,325.000,325.000,300.000,300.000,-1,575.000,550.000,-1,775.000,875.000,-1,-1,2,0,2,0,2,0,0,0,0,2,0,0,2,0,0,2,2
14,5159.850,-1419.663,364.636,159.134,-0.934509,-0.355918,-0.003806,0.355778,-0.933713,-0.040033,0.010694,-0.038766,0.999191,0,0.86714,0.78493,52.028,1.570,-1,400.000,-1,400.000,-1,325.000,325.000,300.000,300.000,-1,625.000,600.000,-1,775.000,875.000,-1,-1,2,0,2,0,2,0,0,0,0,2,0,0,2,0,0,2,2
15,5110.744,-1402.470,365.153,160.704,-0.943900,-0.330210,-0.003722,0.330095,-0.943127,-0.039346,0.009482,-0.038367,0.999219,0,0.86714,0.78493,52.028,1.570,-1,400.000,-1,400.000,-1,325.000,325.000,300.000,300.000,-1,675.000,650.000,-1,800.000,900.000,-1,-1,2,0,2,0,2,0,0,0,0,2,0,0,2,0,0,2,2
16,5065.819,-1387.902,365.568,162.034,-0.951303,-0.308237,-0.003627,0.308142,-0.950553,-0.038707,0.008483,-0.037939,0.999244,0,0.78714,0.66493,47.228,1.330,-1,400.000,-1,400.000,-1,325.000,325.000,300.000,300.000,-1,725.000,700.000,-1,800.000,900.000,-1,-1,2,0,2,0,2,0,0,0,0,2,0,0,2,0,0,2,2
17,5024.454,-1375.489,365.896,163.296,-0.957856,-0.287227,-0.003538,0.287149,-0.957129,-0.038078,0.007550,-0.037489,0.999269,0,0.71979,0.63116,43.187,1.262,-1,400.000,-1,400.000,-1,325.000,325.000,300.000,300.000,-1,750.000,725.000,-1,800.000,925.000,-1,-1,2,0,2,0,2,0,0,0,0,2,0,0,2,0,0,2,2
18,4982.826,-1363.990,366.176,164.558,-0.963946,-0.266077,-0.003447,0.266016,-0.963242,-0.037409,0.006634,-0.036977,0.999294,0,0.71979,0.63116,43.187,1.262,-1,400.000,-1,400.000,-1,325.000,325.000,300.000,300.000,-1,800.000,775.000,-1,800.000,950.000,-1,-1,2,0,2,0,2,0,0,0,0,2,0,0,2,0,0,2,2
19,4940.955,-1353.410,366.408,165.821,-0.969569,-0.244797,-0.003352,0.244753,-0.968891,-0.036703,0.005737,-0.036407,0.999321,0,0.71979,0.63116,43.187,1.262,-1,400.000,-1,400.000,-1,325.000,325.000,300.000,300.000,-1,850.000,825.000,-1,825.000,950.000,-1,-1,2,0,2,0,2,0,0,0,0,2,0,0,2,0,0,2,2
20,4898.861,-1343.756,366.594,167.083,-0.974722,-0.223398,-0.003255,0.223369,-0.974070,-0.035963,0.004864,-0.035781,0.999348,0,0.71979,0.63116,43.187,1.262,-1,400.000,-1,400.000,-1,325.000,325.000,300.000,300.000,-1,875.000,850.000,-1,825.000,950.000,-1,-1,2,0,2,0,2,0,0,0,0,2,0,0,2,0,0,2,2
21,4856.565,-1335.032,366.738,168.345,-0.979403,-0.201890,-0.003153,0.201875,-0.978779,-0.035191,0.004018,-0.035103,0.999376,0,0.71979,0.63116,43.187,1.262,-1,400.000,-1,400.000,-1,325.000,325.000,300.000,300.000,-1,925.000,900.000,-1,825.000,975.000,-1,-1,2,0,2,0,2,0,0,0,0,2,0,0,2,0,0,2,2
22,4814.086,-1327.241,366.839,169.608,-0.983610,-0.180283,-0.003048,0.180280,-0.983014,-0.034391,0.003204,-0.034377,0.999404,0,0.71979,0.63116,43.187,1.262,-1,400.000,-1,400.000,-1,325.000,325.000,300.000,300.000,-1,950.000,925.000,-1,850.000,975.000,-1,-1,2,0,2,0,2,0,0,0,0,2,0,0,2,0,0,2,2
23,4771.446,-1320.388,366.902,170.870,-0.987341,-0.158588,-0.002936,0.158596,-0.986773,-0.033565,0.002426,-0.033606,0.999432,0,0.71979,0.63116,43.187,1.262,-1,400.000,-1,425.000,-1,325.000,325.000,300.000,300.000,-1,1000.000,975.000,-1,850.000,975.000,-1,-1,2,0,2,0,2,0,0,0,0,2,0,0,2,0,0,2,2
24,4728.666,-1314.476,366.924,172.132,-0.990593,-0.136814,-0.002811,0.136833,-0.990053,-0.032727,0.001694,-0.032804,0.999460,0,0.71979,0.63116,43.187,1.262,-1,400.000,-1,425.000,-1,325.000,325.000,300.000,300.000,-1,-1,1000.000,-1,875.000,1000.000,-1,-1,2,0,2,0,2,0,0,0,0,2,2,0,2,0,0,2,2
25,4685.765,-1309.508,366.909,173.395,-0.993365,-0.114973,-0.002672,0.115000,-0.992854,-0.031877,0.001012,-0.031973,0.999488,0,0.71979,0.63116,43.187,1.262,-1,400.000,-1,425.000,-1,325.000,325.000,300.000,300.000,-1,-1,-1,-1,900.000,-1,-1,-1,2,0,2,0,2,0,0,0,0,2,2,2,2,0,2,2,2
26,4642.766,-1305.486,366.858,174.657,-0.995656,-0.093075,-0.002516,0.093109,-0.995173,-0.031018,0.000383,-0.031117,0.999516,0,0.71979,0.63116,43.187,1.262,-1,425.000,-1,425.000,-1,325.000,350.000,325.000,325.000,-1,-1,-1,-1,950.000,-1,-1,-1,2,0,2,0,2,0,0,0,0,2,2,2,2,0,2,2,2
27,4599.688,-1302.412,366.751,175.919,-0.997464,-0.071131,-0.002635,0.071178,-0.997005,-0.030228,-0.000477,-0.030339,0.999540,0,0.71979,0.63116,43.187,1.262,-1,425.000,-1,425.000,-1,350.000,350.000,325.000,325.000,-1,-1,-1,-1,1000.000,-1,-1,-1,2,0,2,0,2,0,0,0,0,2,2,2,2,0,2,2,2
28,4556.554,-1300.289,366.304,177.182,-0.998783,-0.049150,-0.003984,0.049247,-0.998340,-0.029861,-0.002510,-0.030021,0.999546,0,0.71979,0.63116,43.187,1.262,-1,425.000,-1,425.000,-1,350.000,350.000,300.000,325.000,-1,-1,-1,-1,-1,-1,-1,-1,2,0,2,0,2,0,0,0,0,2,2,2,2,2,2,2,2
29,4508.579,-1299.186,365.585,178.684,-0.999718,-0.022960,-0.005996,0.023123,-0.999317,-0.028809,-0.005330,-0.028940,0.999567,0,0.79979,0.75116,47.987,1.502,-1,425.000,-1,425.000,-1,325.000,350.000,300.000,325.000,-1,-1,-1,-1,-1,-1,-1,-1,2,0,2,0,2,0,0,0,0,2,2,2,2,2,2,2,2
30,4457.151,-1299.381,364.767,180.217,-0.999960,0.003791,-0.008134,-0.003563,-0.999607,-0.027802,-0.008236,-0.027772,0.999580,0,0.85715,0.76673,51.429,1.533,-1,400.000,-1,425.000,-1,325.000,325.000,300.000,325.000,-1,-1,-1,-1,-1,-1,-1,-1,2,0,2,0,2,0,0,0,0,2,2,2,2,2,2,2,2
31,4405.746,-1300.952,363.906,181.751,-0.999481,0.030540,-0.010252,-0.030255,-0.999180,-0.026902,-0.011065,-0.026578,0.999585,0,0.85715,0.76673,51.429,1.533,-1,400.000,-1,425.000,-1,325.000,325.000,300.000,325.000,-1,-1,-1,-1,-1,-1,-1,-1,2,0,2,0,2,0,0,0,0,2,2,2,2,2,2,2,2
32,4354.401,-1303.898,363.006,183.284,-0.998282,0.057270,-0.012351,-0.056933,-0.998037,-0.026111,-0.013822,-0.025363,0.999583,0,0.85715,0.76673,51.429,1.533,-1,400.000,-1,425.000,-1,325.000,325.000,300.000,325.000,-1,-1,-1,-1,-1,-1,-1,-1,2,0,2,0,2,0,0,0,0,2,2,2,2,2,2,2,2
33,4303.154,-1308.217,362.072,184.818,-0.996365,0.083960,-0.014430,-0.083576,-0.996177,-0.025429,-0.016510,-0.024130,0.999572,0,0.85715,0.76673,51.429,1.533,-1,400.000,-1,425.000,-1,325.000,325.000,300.000,325.000,-1,-1,-1,-1,-1,-1,-1,-1,2,0,2,0,2,0,0,0,0,2,2,2,2,2,2,2,2
34,4252.041,-1313.906,361.107,186.351,-0.993729,0.110591,-0.016491,-0.110165,-0.993602,-0.024857,-0.019135,-0.022884,0.999555,0,0.85715,0.76673,51.429,1.533,-1,400.000,-1,425.000,-1,325.000,325.000,300.000,325.000,-1,-1,-1,-1,-1,-1,-1,-1,2,0,2,0,2,0,0,0,0,2,2,2,2,2,2,2,2
35,4201.098,-1320.960,360.114,187.885,-0.990378,0.137145,-0.018535,-0.136680,-0.990315,-0.024397,-0.021701,-0.021629,0.999531,0,0.85715,0.76673,51.429,1.533,-1,400.000,-1,425.000,-1,325.000,325.000,300.000,325.000,-1,-1,-1,-1,-1,-1,-1,-1,2,0,2,0,2,0,0,0,0,2,2,2,2,2,2,2,2
36,4150.362,-1329.376,359.004,189.418,-0.986307,0.163600,-0.020803,-0.163084,-0.986308,-0.024483,-0.024524,-0.020756,0.999484,0,0.85715,0.76673,51.429,1.533,-1,425.000,-1,425.000,-1,325.000,350.000,325.000,325.000,-1,-1,-1,-1,-1,-1,-1,-1,2,0,2,0,2,0,0,0,0,2,2,2,2,2,2,2,2
37,4099.870,-1339.146,357.783,190.951,-0.981521,0.189938,-0.023253,-0.189356,-0.981587,-0.025124,-0.027597,-0.020257,0.999414,0,0.85715,0.76673,51.429,1.533,-1,425.000,-1,450.000,-1,350.000,350.000,325.000,325.000,-1,-1,-1,-1,-1,-1,-1,-1,2,0,2,0,2,0,0,0,0,2,2,2,2,2,2,2,2
38,4044.920,-1351.072,356.424,192.245,-0.976915,0.212049,-0.025917,-0.211391,-0.977057,-0.025959,-0.030827,-0.019881,0.999327,0,0.93715,0.64673,56.229,1.293,-1,450.000,-1,450.000,-1,350.000,350.000,325.000,325.000,-1,-1,-1,-1,-1,-1,-1,-1,2,0,2,0,2,0,0,0,0,2,2,2,2,2,2,2,2
39,3988.658,-1364.370,354.892,193.298,-0.972780,0.229979,-0.028430,-0.229259,-0.973006,-0.026454,-0.033747,-0.019216,0.999246,0,0.96354,0.52673,57.812,1.053,-1,450.000,-1,450.000,-1,350.000,350.000,325.000,325.000,-1,-1,-1,-1,-1,-1,-1,-1,2,0,2,0,2,0,0,0,0,2,2,2,2,2,2,2,2
40,3932.590,-1378.464,352.378,194.112,-0.969258,0.243787,-0.033261,-0.243081,-0.969712,-0.023905,-0.038081,-0.015085,0.999161,0,0.96354,0.40673,57.812,0.813,-1,475.000,-1,450.000,-1,350.000,350.000,325.000,325.000,-1,-1,-1,-1,-1,-1,-1,-1,2,0,2,0,2,0,0,0,0,2,2,2,2,2,2,2,2
41,3876.665,-1393.120,349.662,194.685,-0.966573,0.253494,-0.038427,-0.252831,-0.967276,-0.021316,-0.042573,-0.010887,0.999034,0,0.96354,0.28673,57.812,0.573,-1,475.000,-1,450.000,-1,350.000,350.000,325.000,300.000,-1,-1,-1,-1,-1,-1,-1,-1,2,0,2,0,2,0,0,0,0,2,2,2,2,2,2,2,2
42,3820.827,-1408.101,346.042,195.019,-0.964873,0.259120,-0.043327,-0.258358,-0.965788,-0.022448,-0.047662,-0.010466,0.998809,0,0.96354,0.16673,57.812,0.333,-1,475.000,-1,450.000,-1,350.000,350.000,325.000,300.000,-1,-1,-1,-1,-1,1000.000,-1,-1,2,0,2,0,2,0,0,0,0,2,2,2,2,2,0,2,2
43,3764.963,-1423.187,341.985,195.112,-0.964170,0.260691,-0.049159,-0.259703,-0.965349,-0.025615,-0.054133,-0.011930,0.998462,0,0.96441,0.04673,57.865,0.093,-1,475.000,-1,450.000,-1,350.000,350.000,325.000,300.000,-1,-1,-1,-1,-1,975.000,-1,-1,2,0,2,0,2,0,0,0,0,2,2,2,2,2,0,2,2
44,3708.634,-1438.255,337.874,194.974,-0.964473,0.258365,-0.055132,-0.257113,-0.965951,-0.028822,-0.060701,-0.013622,0.998063,0,0.97181,-0.06884,58.309,-0.138,-1,450.000,-1,425.000,-1,350.000,350.000,325.000,300.000,-1,-1,-1,-1,-1,925.000,-1,-1,2,0,2,0,2,0,0,0,0,2,2,2,2,2,0,2,2
45,3651.835,-1453.299,333.710,194.834,-0.964736,0.255994,-0.061255,-0.254444,-0.966557,-0.032025,-0.067405,-0.015310,0.997608,0,0.97926,-0.07011,58.756,-0.140,-1,450.000,-1,425.000,-1,350.000,350.000,325.000,300.000,-1,-1,-1,-1,-1,900.000,-1,-1,2,0,2,0,2,0,0,0,0,2,2,2,2,2,0,2,2
46,3594.564,-1468.315,329.412,194.691,-0.964980,0.253575,-0.067187,-0.251678,-0.967161,-0.035479,-0.073977,-0.017327,0.997109,0,0.98677,-0.07142,59.206,-0.143,-1,450.000,-1,425.000,-1,350.000,325.000,300.000,300.000,-1,-1,-1,-1,-1,850.000,-1,-1,2,0,2,0,2,0,0,0,0,2,2,2,2,2,0,2,2
47,3536.817,-1483.301,324.977,194.546,-0.965209,0.251106,-0.072924,-0.248809,-0.967759,-0.039187,-0.080413,-0.019679,0.996567,0,0.99431,-0.07278,59.659,-0.146,-1,450.000,-1,400.000,-1,325.000,325.000,300.000,300.000,-1,-1,-1,-1,1000.000,825.000,-1,-1,2,0,2,0,2,0,0,0,0,2,2,2,2,0,0,2,2
48,3478.700,-1498.221,320.482,194.397,-0.965404,0.248586,-0.078743,-0.245846,-0.968358,-0.042926,-0.086922,-0.022082,0.995970,0,1.00000,-0.07420,60.000,-0.148,-1,425.000,-1,400.000,-1,325.000,325.000,300.000,300.000,-1,-1,-1,-1,950.000,800.000,-1,-1,2,0,2,0,2,0,0,0,0,2,2,2,2,0,0,2,2
49,3420.544,-1512.988,315.954,194.246,-0.965566,0.246014,-0.084610,-0.242787,-0.968956,-0.046672,-0.093465,-0.024523,0.995321,0,1.00000,-0.07568,60.000,-0.151,-1,425.000,-1,400.000,-1,325.000,325.000,300.000,300.000,-1,-1,-1,-1,900.000,775.000,-1,-1,2,0,2,0,2,0,0,0,0,2,2,2,2,0,0,2,2
50,3362.349,-1527.599,311.394,194.092,-0.965696,0.243386,-0.090523,-0.239631,-0.969554,-0.050423,-0.100039,-0.027002,0.994617,0,1.00000,-0.07721,60.000,-0.154,-1,400.000,-1,375.000,-1,325.000,300.000,300.000,325.000,-1,-1,-1,-1,850.000,750.000,-1,950.000,2,0,2,0,2,0,0,0,0,2,2,2,2,0,0,2,1
51,3304.113,-1542.048,306.063,193.934,-0.965944,0.240719,-0.094899,-0.236773,-0.970225,-0.051016,-0.104354,-0.026809,0.994179,0,1.00000,-0.07881,60.000,-0.158,-1,400.000,-1,375.000,-1,325.000,300.000,325.000,300.000,-1,-1,-1,-1,825.000,700.000,-1,875.000,2,0,2,0,2,0,0,0,0,2,2,2,2,0,1,2,1
52,3245.838,-1556.333,300.656,193.773,-0.966216,0.237995,-0.098920,-0.233891,-0.970905,-0.051360,-0.108266,-0.026489,0.993769,0,1.00000,-0.08047,60.000,-0.161,-1,400.000,-1,375.000,-1,325.000,300.000,325.000,300.000,-1,-1,-1,-1,825.000,675.000,-1,800.000,2,0,2,0,2,0,0,0,0,2,2,2,2,1,1,2,1
53,3187.522,-1570.452,294.467,193.609,-0.966844,0.235190,-0.099493,-0.230781,-0.971513,-0.053878,-0.109330,-0.029131,0.993579,0,1.00000,-0.08222,60.000,-0.164,-1,400.000,-1,375.000,925.000,325.000,300.000,325.000,300.000,-1,-1,-1,-1,775.000,625.000,-1,750.000,2,0,2,0,1,0,0,0,0,2,2,2,2,1,1,2,1
54,3129.166,-1584.400,288.186,193.441,-0.967621,0.232318,-0.098685,-0.227663,-0.972115,-0.056227,-0.108996,-0.031939,0.993529,0,1.00000,-0.08406,60.000,-0.168,-1,400.000,950.000,375.000,825.000,325.000,300.000,325.000,300.000,-1,-1,-1,-1,725.000,575.000,-1,700.000,2,0,1,0,1,0,0,0,0,2,2,2,2,1,1,2,1
55,3070.768,-1598.172,281.875,193.269,-0.968408,0.229378,-0.097837,-0.224489,-0.972719,-0.058499,-0.108587,-0.034687,0.993482,0,1.00000,-0.08600,60.000,-0.172,1000.000,400.000,900.000,375.000,750.000,325.000,300.000,325.000,325.000,-1,-1,-1,-1,700.000,550.000,-1,625.000,1,0,1,0,1,0,0,0,0,2,2,2,2,1,1,2,1
56,3012.328,-1611.766,275.534,193.092,-0.969206,0.226365,-0.096949,-0.221256,-0.973325,-0.060696,-0.108102,-0.037376,0.993437,0,1.00000,-0.08805,60.000,-0.176,925.000,400.000,825.000,375.000,675.000,325.000,300.000,325.000,325.000,-1,-1,-1,-1,650.000,500.000,975.000,575.000,1,0,1,0,1,0,0,0,0,2,2,2,2,1,1,1,1
57,2953.846,-1625.175,269.164,192.912,-0.970015,0.223276,-0.096020,-0.217960,-0.973934,-0.062819,-0.107543,-0.040007,0.993395,0,1.00000,-0.09023,60.000,-0.180,875.000,400.000,775.000,375.000,600.000,325.000,300.000,325.000,325.000,-1,-1,-1,-1,625.000,450.000,925.000,525.000,1,0,1,1,1,0,0,0,0,2,2,2,2,1,1,1,1
58,2895.320,-1638.395,262.765,192.727,-0.970834,0.220104,-0.095050,-0.214595,-0.974547,-0.064870,-0.106909,-0.042581,0.993357,0,1.00000,-0.09257,60.000,-0.185,800.000,400.000,700.000,325.000,525.000,325.000,300.000,325.000,325.000,-1,-1,-1,-1,575.000,425.000,875.000,450.000,1,1,1,1,1,0,0,0,0,2,2,2,2,1,1,1,1
59,2836.752,-1651.420,256.340,192.537,-0.971666,0.216845,-0.094042,-0.211155,-0.975164,-0.066852,-0.106202,-0.045100,0.993321,0,1.00000,-0.09508,60.000,-0.190,750.000,375.000,650.000,300.000,475.000,300.000,275.000,325.000,325.000,-1,-1,-1,-1,550.000,375.000,825.000,400.000,1,1,1,1,1,1,1,0,0,2,2,2,2,1,1,1,1
60,2778.139,-1664.246,249.888,192.341,-0.972509,0.213490,-0.092993,-0.207634,-0.975787,-0.068765,-0.105422,-0.047566,0.993289,0,1.00000,-0.09778,60.000,-0.196,700.000,350.000,600.000,275.000,400.000,275.000,250.000,325.000,325.000,-1,-1,-1,-1,500.000,325.000,800.000,350.000,1,1,1,1,1,1,1,0,0,2,2,2,2,1,1,1,1
61,2719.481,-1676.866,243.411,192.140,-0.973365,0.210034,-0.091906,-0.204025,-0.976416,-0.070612,-0.104569,-0.049980,0.993261,0,1.00000,-0.10072,60.000,-0.201,650.000,300.000,525.000,225.000,325.000,250.000,225.000,325.000,325.000,-1,-1,-1,-1,450.000,275.000,750.000,275.000,1,1,1,1,1,1,1,0,0,2,2,2,2,1,1,1,1
62,2660.778,-1689.274,237.286,191.932,-0.974343,0.206450,-0.089635,-0.200240,-0.976980,-0.073579,-0.102762,-0.053743,0.993253,0,1.00000,-0.10393,60.000,-0.208,600.000,275.000,475.000,200.000,250.000,225.000,200.000,325.000,325.000,-1,-1,-1,-1,425.000,250.000,725.000,225.000,1,1,1,1,1,1,1,0,0,2,2,2,2,1,1,1,1
63,2602.037,-1701.479,236.371,191.717,-0.976886,0.202476,-0.068531,-0.195860,-0.976263,-0.092463,-0.085626,-0.076904,0.993355,0,1.00000,-0.10745,60.000,-0.215,575.000,275.000,475.000,200.000,275.000,225.000,175.000,300.000,375.000,-1,150.000,425.000,-1,425.000,250.000,700.000,225.000,1,1,1,1,1,1,1,0,0,2,0,0,2,1,1,1,1
64,2543.248,-1713.454,236.742,191.494,-0.979086,0.198344,-0.045274,-0.192637,-0.975393,-0.107239,-0.065430,-0.096275,0.993202,0,1.00000,-0.11135,60.000,-0.223,550.000,275.000,525.000,200.000,300.000,225.000,175.000,300.000,450.000,-1,100.000,225.000,-1,450.000,225.000,725.000,225.000,1,1,1,1,1,1,1,0,0,2,0,0,2,1,1,1,1
65,2484.408,-1725.180,239.592,191.263,-0.980826,0.194191,-0.016420,-0.191182,-0.975119,-0.112215,-0.037803,-0.106924,0.993548,0,1.00000,-0.11570,60.000,-0.231,575.000,300.000,-1,200.000,325.000,225.000,175.000,300.000,500.000,700.000,50.000,150.000,-1,550.000,250.000,750.000,225.000,1,1,2,1,1,1,1,0,0,0,0,0,2,1,1,1,1
66,2951.694,-4263.556,73.836,118.130,-0.471637,-0.881748,0.008851,0.880294,-0.471396,-0.053562,0.051400,-0.017471,0.998525,1,0.00000,0.00000,60.000,-0.241,475.000,375.000,-1,375.000,-1,325.000,325.000,275.000,275.000,950.000,425.000,475.000,525.000,650.000,725.000,550.000,-1,1,0,2,0,2,0,0,0,0,0,0,0,1,1,0,1,2
67,2949.425,-4259.326,74.064,118.202,-0.472739,-0.881155,0.009097,0.879692,-0.472508,-0.053643,0.051566,-0.017357,0.998519,0,0.08000,0.03610,4.800,0.072,475.000,375.000,-1,375.000,-1,325.000,325.000,275.000,275.000,950.000,425.000,475.000,550.000,625.000,750.000,550.000,-1,1,0,2,0,2,0,0,0,0,0,0,0,1,1,0,1,2
68,2944.878,-4250.871,74.526,118.276,-0.473862,-0.880547,0.009585,0.879068,-0.473651,-0.053800,0.051914,-0.017068,0.998506,0,0.16000,0.03710,9.600,0.074,475.000,375.000,-1,375.000,-1,325.000,325.000,275.000,275.000,950.000,450.000,450.000,550.000,625.000,750.000,550.000,-1,1,0,2,0,2,0,0,0,0,0,0,0,1,1,0,1,2
69,2938.039,-4238.199,75.220,118.355,-0.475045,-0.879901,0.010311,0.878398,-0.474866,-0.054030,0.052438,-0.016609,0.998486,0,0.24000,0.03943,14.400,0.079,475.000,375.000,-1,375.000,-1,325.000,325.000,275.000,275.000,950.000,450.000,450.000,550.000,625.000,750.000,550.000,-1,1,0,2,0,2,0,0,0,0,0,0,0,1,1,0,1,2
70,2928.894,-4221.316,76.142,118.441,-0.476329,-0.879195,0.011271,0.877660,-0.476195,-0.054328,0.053132,-0.015986,0.998460,0,0.32000,0.04311,19.200,0.086,450.000,375.000,-1,375.000,-1,325.000,325.000,275.000,275.000,975.000,475.000,450.000,575.000,625.000,750.000,525.000,-1,1,0,2,0,2,0,0,0,0,0,0,0,1,1,0,1,2
71,2917.429,-4200.232,77.286,118.537,-0.477758,-0.878403,0.012457,0.876831,-0.477678,-0.054689,0.053989,-0.015206,0.998426,0,0.40000,0.04817,24.000,0.096,450.000,375.000,-1,375.000,-1,325.000,325.000,275.000,275.000,975.000,475.000,450.000,575.000,600.000,750.000,500.000,-1,1,0,2,0,2,0,0,0,0,0,0,0,1,1,0,1,2
72,2903.622,-4174.957,78.646,118.647,-0.479373,-0.877502,0.013859,0.875886,-0.479361,-0.055106,0.054999,-0.014277,0.998384,0,0.48000,0.05470,28.800,0.109,425.000,400.000,-1,375.000,-1,325.000,325.000,300.000,275.000,1000.000,500.000,425.000,600.000,600.000,750.000,500.000,-1,1,0,2,0,2,0,0,0,0,0,0,0,1,1,0,1,2
73,2887.449,-4145.505,80.283,118.772,-0.481232,-0.876459,0.015342,0.874780,-0.481288,-0.055870,0.056352,-0.013466,0.998320,0,0.56000,0.06277,33.600,0.126,400.000,400.000,-1,400.000,-1,325.000,325.000,300.000,275.000,-1,500.000,425.000,625.000,575.000,775.000,475.000,-1,1,0,2,0,2,0,0,0,0,2,0,0,1,1,0,1,2
74,2868.881,-4111.893,82.270,118.917,-0.483394,-0.875243,0.016742,0.873461,-0.483506,-0.057338,0.058280,-0.013093,0.998214,0,0.64000,0.07249,38.400,0.145,375.000,400.000,-1,400.000,-1,325.000,325.000,300.000,275.000,-1,475.000,400.000,675.000,550.000,800.000,450.000,-1,1,0,2,0,2,0,0,0,0,2,0,0,1,1,0,1,2
75,2847.881,-4074.140,84.802,119.085,-0.485977,-0.873812,0.016727,0.871952,-0.486065,-0.058656,0.059385,-0.013921,0.998138,0,0.72000,0.08400,43.200,0.168,350.000,400.000,-1,400.000,-1,325.000,325.000,300.000,275.000,-1,500.000,425.000,700.000,525.000,825.000,400.000,-1,1,0,2,0,2,0,0,0,0,2,0,0,1,1,0,1,2
76,2824.249,-4032.361,87.694,119.493,-0.492248,-0.870307,0.016053,0.868378,-0.492263,-0.059963,0.060089,-0.015577,0.998071,0,0.80000,0.20400,48.000,0.408,325.000,400.000,-1,400.000,-1,325.000,325.000,300.000,275.000,-1,525.000,450.000,775.000,500.000,850.000,375.000,-1,1,0,2,0,2,0,0,0,0,2,0,0,1,1,0,1,2
77,2797.736,-3986.700,90.749,120.141,-0.502125,-0.864658,0.015397,0.862674,-0.502060,-0.061071,0.060536,-0.017382,0.998015,0,0.88000,0.32400,52.800,0.648,275.000,400.000,-1,400.000,-1,325.000,325.000,300.000,275.000,-1,550.000,500.000,850.000,475.000,850.000,325.000,-1,1,1,2,0,2,0,0,0,0,2,0,0,1,1,0,1,2
78,2768.044,-3937.342,93.903,121.029,-0.515525,-0.856746,0.014852,0.854730,-0.515383,-0.061782,0.060586,-0.019156,0.997979,0,0.96000,0.44400,57.600,0.888,225.000,375.000,-1,425.000,-1,350.000,350.000,300.000,275.000,-1,575.000,525.000,950.000,450.000,900.000,275.000,-1,1,1,2,0,2,0,0,1,0,2,0,0,1,1,0,1,2
79,2736.109,-3886.547,97.024,122.157,-0.532347,-0.846404,0.014411,0.844379,-0.532131,-0.062138,0.060263,-0.020910,0.997964,0,1.00000,0.56400,60.000,1.128,200.000,325.000,-1,425.000,-1,350.000,350.000,275.000,275.000,-1,625.000,575.000,-1,400.000,925.000,225.000,-1,1,1,2,0,2,0,0,1,0,2,0,0,2,1,0,1,2
80,2702.971,-3836.529,100.055,123.525,-0.552432,-0.833436,0.014260,0.831451,-0.552171,-0.061608,0.059220,-0.022178,0.997999,0,1.00000,0.68400,60.000,1.368,150.000,300.000,-1,425.000,-1,350.000,350.000,250.000,275.000,-1,675.000,625.000,-1,350.000,950.000,175.000,-1,1,1,2,0,2,1,0,1,0,2,0,0,2,1,0,1,2
81,2668.440,-3787.458,108.908,125.133,-0.573747,-0.817813,0.044681,0.815543,-0.575482,-0.060916,0.075531,0.001488,0.997142,0,1.00000,0.80400,60.000,1.608,125.000,275.000,-1,475.000,-1,325.000,400.000,275.000,275.000,-1,525.000,450.000,850.000,350.000,-1,150.000,-1,1,1,2,0,2,1,0,1,0,2,0,0,0,1,2,1,2
82,2632.333,-3739.533,118.897,126.981,-0.596405,-0.798445,0.082383,0.796942,-0.601266,-0.057990,0.095835,0.031069,0.994912,0,1.00000,0.92400,60.000,1.848,125.000,275.000,-1,550.000,-1,300.000,425.000,300.000,250.000,-1,450.000,300.000,625.000,325.000,-1,150.000,-1,1,1,2,0,2,1,1,1,0,2,0,0,0,1,2,1,2
83,2594.560,-3692.908,129.538,128.981,-0.618628,-0.775711,0.124789,0.776698,-0.627742,-0.051765,0.118490,0.064900,0.990832,0,1.00000,1.00000,60.000,2.000,125.000,275.000,-1,575.000,-1,300.000,400.000,350.000,225.000,-1,400.000,150.000,400.000,325.000,-1,125.000,-1,1,1,2,1,2,1,1,1,0,2,0,0,0,1,2,1,2
84,2555.172,-3647.640,139.377,130.981,-0.639205,-0.751356,0.163957,0.756429,-0.652717,-0.042143,0.138682,0.097084,0.985567,0,1.00000,1.00000,60.000,2.000,125.000,250.000,-1,525.000,-1,275.000,375.000,375.000,225.000,-1,300.000,75.000,275.000,325.000,-1,125.000,-1,1,1,2,1,2,1,1,1,0,2,0,0,0,1,2,1,2
85,2514.216,-3603.786,149.470,132.981,-0.658114,-0.725454,0.201502,0.736266,-0.676058,-0.029289,0.157474,0.129084,0.979050,0,1.00000,1.00000,60.000,2.000,100.000,250.000,-1,475.000,-1,250.000,350.000,425.000,200.000,-1,275.000,25.000,200.000,300.000,-1,125.000,-1,1,1,2,1,2,1,1,1,0,2,0,0,0,1,2,1,2
86,2471.741,-3561.404,159.483,134.981,-0.674947,-0.697891,0.239572,0.716526,-0.697439,-0.013017,0.176171,0.162874,0.970791,0,1.00000,1.00000,60.000,2.000,100.000,225.000,-1,425.000,-1,250.000,300.000,525.000,200.000,-1,250.000,25.000,150.000,300.000,-1,125.000,-1,1,1,2,1,2,1,1,1,0,2,0,0,0,1,2,1,2
87,-9510.989,6887.288,-204.383,-71.630,0.320696,0.945689,-0.053157,-0.943535,0.314038,-0.105456,-0.083035,0.083975,0.993002,1,0.00000,0.00000,60.000,2.000,-1,350.000,-1,325.000,575.000,300.000,275.000,275.000,275.000,300.000,-1,-1,-1,600.000,525.000,-1,600.000,2,0,2,0,0,0,0,1,0,1,2,2,2,0,0,2,0
88,-9509.457,6882.740,-204.728,-71.390,0.324588,0.944382,-0.052773,-0.942272,0.318002,-0.104871,-0.082257,0.083766,0.993085,0,0.08000,0.12000,4.800,0.240,-1,350.000,-1,325.000,575.000,300.000,275.000,275.000,275.000,300.000,-1,-1,-1,600.000,525.000,-1,600.000,2,0,2,0,0,0,0,1,0,1,2,2,2,0,0,2,0
89,-9506.318,6873.668,-205.410,-70.910,0.332358,0.941717,-0.052033,-0.939693,0.325914,-0.103716,-0.080713,0.083366,0.993245,0,0.16000,0.24000,9.600,0.480,-1,350.000,-1,325.000,575.000,300.000,275.000,300.000,275.000,300.000,-1,-1,-1,600.000,525.000,-1,600.000,2,0,2,0,0,0,0,1,0,1,2,2,2,0,0,2,0
90,-9501.438,6860.121,-206.414,-70.190,0.343980,0.937591,-0.050990,-0.935697,0.337737,-0.102006,-0.078419,0.082799,0.993476,0,0.24000,0.36000,14.400,0.720,-1,350.000,-1,325.000,600.000,300.000,275.000,300.000,275.000,300.000,-1,-1,-1,600.000,525.000,-1,625.000,2,0,2,0,0,0,0,1,0,1,2,2,2,0,0,2,0
91,-9494.629,6842.170,-207.718,-69.230,0.359407,0.931856,-0.049715,-0.930130,0.353419,-0.099764,-0.075395,0.082097,0.993768,0,0.32000,0.48000,19.200,0.960,-1,350.000,-1,325.000,600.000,300.000,275.000,300.000,275.000,300.000,-1,-1,-1,600.000,525.000,-1,625.000,2,0,2,0,0,0,0,1,0,1,2,2,2,0,0,2,0
92,-9485.651,6819.914,-209.297,-68.030,0.378572,0.924311,-0.048291,-0.922794,0.372882,-0.097008,-0.071658,0.081287,0.994111,0,0.40000,0.60000,24.000,1.200,-1,350.000,-1,325.000,625.000,300.000,275.000,300.000,275.000,325.000,-1,-1,-1,600.000,525.000,-1,650.000,2,0,2,0,0,0,0,1,0,1,2,2,2,0,0,2,0
93,-9474.208,6793.486,-211.125,-66.590,0.401377,0.914716,-0.046808,-0.913443,0.396021,-0.093751,-0.067219,0.080386,0.994495,0,0.48000,0.72000,28.800,1.440,-1,350.000,-1,325.000,625.000,300.000,275.000,300.000,275.000,325.000,-1,-1,-1,600.000,525.000,-1,675.000,2,0,2,0,0,0,0,1,0,1,2,2,2,0,0,2,0
94,-9460.058,6763.013,-213.126,-65.092,0.424843,0.904119,-0.045582,-0.903118,0.419829,-0.090123,-0.062345,0.079454,0.994887,0,0.56000,0.74895,33.600,1.498,-1,350.000,-1,325.000,650.000,300.000,275.000,325.000,275.000,350.000,-1,-1,-1,600.000,525.000,-1,675.000,2,0,2,0,0,0,0,1,0,1,2,2,2,0,0,2,0
95,-9442.984,6728.619,-215.288,-63.599,0.447938,0.892948,-0.044667,-0.892244,0.443281,-0.086041,-0.057030,0.078395,0.995290,0,0.64000,0.74654,38.400,1.493,-1,350.000,-1,325.000,675.000,300.000,275.000,325.000,275.000,350.000,-1,-1,-1,625.000,550.000,-1,700.000,2,0,2,0,0,0,0,1,0,1,2,2,2,0,0,2,0
96,-9422.778,6690.437,-217.409,-62.112,0.470607,0.881294,-0.043022,-0.880834,0.466393,-0.081297,-0.051581,0.076154,0.995761,0,0.72000,0.74374,43.200,1.487,-1,350.000,-1,325.000,725.000,300.000,275.000,350.000,275.000,350.000,-1,-1,-1,625.000,550.000,-1,725.000,2,0,2,0,0,0,0,1,0,1,2,2,2,0,0,2,0
97,-9401.066,6651.854,-219.405,-60.631,0.492842,0.869161,-0.040819,-0.868906,0.489137,-0.075809,-0.045924,0.072830,0.996287,0,0.73790,0.74053,44.274,1.481,-1,350.000,-1,325.000,775.000,300.000,275.000,375.000,300.000,350.000,-1,-1,-1,625.000,550.000,-1,750.000,2,0,2,0,0,0,0,1,0,1,2,2,2,0,0,2,0
98,-9378.379,6613.857,-221.205,-59.156,0.514602,0.856569,-0.038400,-0.856535,0.511505,-0.068634,-0.039148,0.068210,0.996903,0,0.73762,0.73716,44.257,1.474,-1,350.000,-1,325.000,825.000,300.000,275.000,375.000,300.000,375.000,-1,-1,-1,625.000,575.000,-1,800.000,2,0,2,0,0,0,0,1,0,1,2,2,2,0,0,2,0
99,-9354.728,6576.455,-222.901,-57.689,0.535916,0.843504,-0.035977,-0.843687,0.533473,-0.059999,-0.031416,0.062508,0.997550,0,0.73755,0.73372,44.253,1.467,1000.000,350.000,-1,350.000,900.000,300.000,300.000,350.000,300.000,350.000,900.000,925.000,-1,650.000,575.000,-1,900.000,1,0,2,0,0,0,0,1,0,1,0,0,2,0,0,2,0
100,-9330.127,6539.663,-224.659,-56.228,0.556818,0.829945,-0.033844,-0.830313,0.555006,-0.050493,-0.023123,0.056217,0.998151,0,0.73767,0.73022,44.260,1.460,975.000,375.000,-1,350.000,-1,300.000,300.000,350.000,300.000,350.000,675.000,725.000,-1,675.000,600.000,-1,1000.000,1,0,2,0,2,0,0,1,0,1,0,0,2,0,0,2,0
101,-9304.591,6503.491,-226.495,-54.775,0.577303,0.815901,-0.032039,-0.816406,0.576088,-0.040049,-0.014219,0.049277,0.998684,0,0.73798,0.72665,44.279,1.453,925.000,375.000,-1,350.000,-1,300.000,300.000,325.000,325.000,350.000,425.000,500.000,-1,675.000,625.000,-1,-1,1,0,2,0,2,0,0,1,0,1,0,0,2,0,0,2,2
102,-9278.132,6467.952,-228.344,-53.329,0.597378,0.801372,-0.030708,-0.801945,0.596694,-0.028999,-0.004915,0.041950,0.999108,0,0.73845,0.72303,44.307,1.446,875.000,375.000,-1,375.000,-1,300.000,300.000,300.000,325.000,350.000,250.000,350.000,-1,700.000,650.000,-1,-1,1,0,2,0,2,0,0,1,0,1,0,0,2,0,0,2,2
103,-9250.764,6433.061,-228.142,-51.890,0.617186,0.786116,-0.033205,-0.786817,0.616610,-0.026661,-0.000484,0.042581,0.999093,0,0.73907,0.71935,44.344,1.439,850.000,375.000,-1,375.000,-1,300.000,300.000,300.000,325.000,375.000,250.000,350.000,-1,725.000,675.000,-1,-1,1,0,2,0,2,0,0,1,0,1,0,0,2,0,0,2,2
104,-9219.470,6395.169,-227.867,-50.448,0.636630,0.770334,-0.035888,-0.771158,0.636182,-0.024222,0.004172,0.043095,0.999062,0,0.81907,0.72097,49.144,1.442,825.000,400.000,-1,375.000,-1,300.000,300.000,275.000,325.000,400.000,250.000,350.000,-1,725.000,675.000,-1,-1,1,0,2,0,2,0,0,1,0,1,0,0,2,0,0,2,2
105,-9186.213,6356.909,-227.775,-49.002,0.655753,0.754056,-0.037258,-0.754934,0.655438,-0.021829,0.007960,0.042441,0.999067,0,0.84489,0.72302,50.693,1.446,775.000,400.000,-1,375.000,-1,325.000,300.000,275.000,325.000,425.000,250.000,325.000,-1,750.000,675.000,-1,-1,1,0,2,0,2,0,0,1,0,1,0,0,2,0,0,2,2
106,-9152.088,6319.598,-227.869,-47.552,0.674555,0.737284,-0.037254,-0.738146,0.674360,-0.019472,0.010767,0.040634,0.999116,0,0.84273,0.72500,50.564,1.450,725.000,400.000,-1,375.000,-1,325.000,300.000,250.000,325.000,450.000,250.000,325.000,-1,750.000,675.000,950.000,-1,1,0,2,0,2,0,0,1,0,1,0,0,2,0,0,1,2
107,-9117.123,6283.265,-228.140,-46.099,0.693021,0.720022,-0.035930,-0.720807,0.692926,-0.017053,0.012618,0.037717,0.999209,0,0.84041,0.72683,50.425,1.454,700.000,400.000,-1,375.000,-1,325.000,300.000,250.000,325.000,475.000,275.000,325.000,-1,750.000,675.000,850.000,-1,1,0,2,0,2,0,0,1,0,1,0,0,2,1,0,1,2
108,-9081.351,6247.937,-227.908,-44.642,0.711036,0.702210,-0.036450,-0.702984,0.711050,-0.014847,0.015492,0.036180,0.999225,0,0.83794,0.72850,50.277,1.457,650.000,400.000,-1,375.000,-1,325.000,300.000,225.000,325.000,500.000,275.000,325.000,-1,725.000,675.000,800.000,-1,1,0,2,0,2,0,0,1,0,1,0,0,2,1,0,1,2
109,-9044.804,6213.639,-227.392,-43.182,0.728618,0.683893,-0.037485,-0.684668,0.728742,-0.012806,0.018558,0.034995,0.999215,0,0.83534,0.73002,50.120,1.460,600.000,400.000,-1,375.000,-1,325.000,300.000,225.000,300.000,525.000,275.000,325.000,-1,700.000,700.000,725.000,-1,1,0,2,0,2,0,0,1,0,1,0,0,2,1,0,1,2
110,-9007.517,6180.393,-226.551,-41.719,0.745798,0.665113,-0.037548,-0.665845,0.746013,-0.010721,0.020881,0.032997,0.999237,0,0.83261,0.73136,49.956,1.463,575.000,400.000,-1,375.000,-1,325.000,300.000,225.000,300.000,550.000,300.000,350.000,-1,675.000,700.000,675.000,-1,1,0,2,0,2,0,0,1,0,1,0,0,2,1,0,1,2
111,-8969.521,6148.222,-225.410,-40.254,0.762556,0.645878,-0.036759,-0.646530,0.762840,-0.008540,0.022525,0.030278,0.999288,0,0.82976,0.73255,49.786,1.465,525.000,400.000,-1,375.000,-1,325.000,325.000,225.000,325.000,575.000,325.000,400.000,-1,625.000,700.000,625.000,-1,1,0,2,0,2,0,0,1,0,1,0,0,2,1,0,1,2
112,-8930.852,6117.145,-224.297,-38.787,0.778849,0.626175,-0.036042,-0.626764,0.779178,-0.006995,0.023702,0.028038,0.999326,0,0.82683,0.73356,49.610,1.467,500.000,400.000,-1,375.000,-1,325.000,325.000,225.000,325.000,600.000,375.000,475.000,-1,600.000,700.000,575.000,-1,1,0,2,0,2,0,0,1,0,1,0,0,2,1,0,1,2
113,-8891.013,6086.509,-223.191,-37.559,0.792095,0.609373,-0.035365,-0.609913,0.792445,-0.006057,0.024334,0.026367,0.999356,0,0.83761,0.61356,50.256,1.227,450.000,400.000,-1,375.000,-1,325.000,325.000,225.000,325.000,625.000,425.000,550.000,-1,575.000,700.000,525.000,-1,1,0,2,0,2,0,0,1,0,1,0,0,2,1,0,1,2
114,-8850.794,6056.758,-221.987,-36.490,0.803345,0.594501,-0.034713,-0.594995,0.803713,-0.005154,0.024836,0.024795,0.999384,0,0.83379,0.53471,50.027,1.069,400.000,400.000,-1,375.000,-1,325.000,300.000,225.000,300.000,650.000,475.000,625.000,-1,550.000,700.000,475.000,-1,1,1,2,0,2,0,0,1,0,1,0,0,2,1,0,1,2
115,-8810.234,6027.913,-220.692,-35.420,0.814327,0.579406,-0.034068,-0.579857,0.814707,-0.004300,0.025264,0.023257,0.999410,0,0.82951,0.53513,49.771,1.070,375.000,375.000,-1,375.000,-1,325.000,300.000,225.000,300.000,675.000,525.000,700.000,-1,550.000,700.000,425.000,-1,1,1,2,0,2,0,0,1,0,1,0,0,2,1,0,1,2
116,-8769.355,5999.975,-219.309,-34.349,0.825029,0.564101,-0.033424,-0.564510,0.825419,-0.003497,0.025617,0.021754,0.999435,0,0.82523,0.53532,49.514,1.071,325.000,350.000,-1,375.000,-1,325.000,300.000,225.000,300.000,725.000,600.000,775.000,-1,525.000,700.000,375.000,-1,1,1,2,0,2,0,0,1,0,1,0,0,2,1,0,1,2
117,-8728.174,5972.946,-217.709,-33.279,0.835450,0.548592,-0.032713,-0.548976,0.835831,-0.003431,0.025460,0.020825,0.999459,0,0.82098,0.53528,49.259,1.071,300.000,350.000,-1,375.000,-1,300.000,300.000,225.000,300.000,750.000,675.000,925.000,-1,500.000,700.000,325.000,-1,1,1,2,0,2,1,0,1,0,1,0,0,2,1,0,1,2
118,-8686.708,5946.825,-215.754,-32.209,0.845589,0.532886,-0.031814,-0.533278,0.845927,-0.004767,0.024372,0.020997,0.999482,0,0.81679,0.53502,49.008,1.070,250.000,325.000,-1,375.000,-1,300.000,300.000,225.000,300.000,775.000,875.000,-1,-1,475.000,675.000,275.000,-1,1,1,2,0,2,1,0,1,0,1,0,2,2,1,0,1,2
119,-8644.973,5921.608,-214.034,-31.140,0.855410,0.517021,-0.031039,-0.517385,0.855741,-0.004509,0.024230,0.019916,0.999508,0,0.81270,0.53453,48.762,1.069,225.000,300.000,-1,375.000,-1,300.000,300.000,250.000,300.000,825.000,-1,-1,-1,475.000,675.000,250.000,-1,1,1,2,0,2,1,0,1,0,1,2,2,2,1,0,1,2
120,-8602.980,5897.295,-211.253,-30.072,0.864691,0.500953,-0.036827,-0.501453,0.865169,-0.005246,0.029234,0.023003,0.999308,0,0.80872,0.53384,48.523,1.068,200.000,300.000,-1,375.000,-1,300.000,325.000,250.000,300.000,850.000,925.000,-1,-1,475.000,700.000,225.000,-1,1,1,2,0,2,1,0,1,0,1,0,2,2,1,0,1,2
121,-8560.740,5873.883,-206.058,-29.006,0.872971,0.484589,-0.055630,-0.485807,0.874008,-0.010084,0.043735,0.035828,0.998401,0,0.80488,0.53294,48.293,1.066,200.000,325.000,-1,400.000,-1,325.000,350.000,275.000,300.000,875.000,650.000,725.000,-1,550.000,775.000,225.000,-1,1,1,2,0,2,1,0,1,0,1,0,0,2,1,0,1,2
122,-8518.266,5851.364,-201.412,-27.942,0.880674,0.468080,-0.072902,-0.470163,0.882475,-0.013587,0.057975,0.046241,0.997247,0,0.80122,0.53184,48.073,1.064,175.000,350.000,-1,450.000,-1,375.000,375.000,300.000,275.000,900.000,450.000,375.000,-1,675.000,825.000,225.000,-1,1,1,2,0,2,1,0,1,0,1,0,0,2,1,0,1,2
123,-8471.141,5827.386,-196.233,-26.980,0.887033,0.452915,-0.089673,-0.456194,0.889675,-0.019093,0.071132,0.057845,0.995788,0,0.88122,0.48131,52.873,0.963,175.000,375.000,-1,475.000,-1,450.000,400.000,325.000,275.000,950.000,300.000,175.000,-1,-1,900.000,225.000,-1,1,1,2,0,2,0,0,1,0,1,0,0,2,2,0,1,2
124,-8421.280,5803.081,-191.074,-26.002,0.893072,0.437324,-0.105685,-0.442145,0.896558,-0.026314,0.083245,0.070229,0.994051,0,0.92445,0.48871,55.467,0.977,175.000,425.000,-1,500.000,-1,475.000,425.000,300.000,275.000,975.000,225.000,100.000,950.000,-1,950.000,225.000,-1,1,1,2,0,2,0,0,1,0,1,0,0,0,2,0,1,2
125,-8371.024,5779.654,-186.376,-25.008,0.898961,0.421338,-0.119764,-0.427836,0.903225,-0.033772,0.093944,0.081598,0.992228,0,0.92411,0.49703,55.447,0.994,175.000,475.000,-1,525.000,-1,500.000,450.000,300.000,275.000,-1,200.000,75.000,750.000,-1,975.000,250.000,-1,1,1,2,0,2,0,0,1,0,2,0,0,0,2,0,1,2
126,-8320.416,5757.144,-182.109,-23.997,0.904799,0.404953,-0.131725,-0.413202,0.909687,-0.041636,0.102968,0.092101,0.990412,0,0.92312,0.50582,55.387,1.012,150.000,550.000,-1,550.000,-1,550.000,475.000,275.000,250.000,-1,200.000,75.000,600.000,-1,-1,250.000,-1,1,1,2,0,2,0,0,1,0,2,0,0,0,2,2,1,2
127,-8269.506,5735.586,-178.065,-22.966,0.910583,0.388187,-0.141949,-0.398152,0.916004,-0.049103,0.110964,0.101230,0.988655,0,0.92142,0.51508,55.285,1.030,150.000,600.000,-1,550.000,-1,550.000,500.000,250.000,250.000,-1,200.000,50.000,500.000,-1,-1,275.000,-1,1,1,2,0,2,0,0,1,0,2,0,0,0,2,2,1,2
128,-8218.348,5715.019,-174.211,-21.917,0.916321,0.371028,-0.150645,-0.382644,0.922184,-0.056215,0.118065,0.109154,0.986988,0,0.91896,0.52485,55.138,1.050,150.000,675.000,-1,575.000,-1,575.000,525.000,225.000,250.000,-1,200.000,50.000,425.000,-1,-1,300.000,-1,1,1,2,0,2,0,0,1,0,2,0,0,0,2,2,1,2
129,-4919.497,-5575.418,78.599,49.527,0.648220,-0.760058,-0.046063,0.761119,0.648540,0.009654,0.022536,-0.041318,0.998892,1,0.00000,0.00000,54.940,1.070,-1,400.000,-1,425.000,-1,325.000,325.000,300.000,300.000,525.000,-1,-1,-1,925.000,875.000,-1,-1,2,0,2,0,2,0,0,0,0,1,2,2,2,0,0,2,2
130,-4916.366,-5571.780,78.683,49.287,0.651403,-0.757338,-0.045966,0.758396,0.651721,0.009742,0.022579,-0.041206,0.998896,0,0.08000,-0.12000,4.800,-0.240,-1,400.000,-1,425.000,-1,325.000,325.000,300.000,300.000,525.000,-1,-1,-1,950.000,850.000,-1,-1,2,0,2,0,2,0,0,0,0,1,2,2,2,0,0,2,2
131,-4910.064,-5564.538,78.865,48.969,0.655599,-0.753721,-0.045767,0.754772,0.655912,0.009918,0.022544,-0.041046,0.998903,0,0.16000,-0.15873,9.600,-0.317,-1,400.000,-1,425.000,-1,325.000,325.000,300.000,300.000,525.000,-1,-1,-1,950.000,850.000,-1,-1,2,0,2,0,2,0,0,0,0,1,2,2,2,0,0,2,2
132,-4900.550,-5553.728,79.148,48.646,0.659853,-0.750018,-0.045466,0.751062,0.660153,0.010183,0.022377,-0.040867,0.998914,0,0.24000,-0.16142,14.400,-0.323,-1,400.000,-1,425.000,-1,325.000,325.000,300.000,300.000,525.000,-1,-1,-1,950.000,850.000,-1,-1,2,0,2,0,2,0,0,0,0,1,2,2,2,0,0,2,2
