timestep,x_cm,y_cm,z_cm,yaw_deg,basis_xx,basis_xy,basis_xz,basis_yx,basis_yy,basis_yz,basis_zx,basis_zy,basis_zz,teleport_flag,throttle_cmd,steering_cmd,cmd_move_cm,cmd_turn_deg,lidar_cm_0,lidar_cm_1,lidar_cm_2,lidar_cm_3,lidar_cm_4,lidar_cm_5,lidar_cm_6,lidar_cm_7,lidar_cm_8,lidar_cm_9,lidar_cm_10,lidar_cm_11,lidar_cm_12,lidar_cm_13,lidar_cm_14,lidar_cm_15,lidar_cm_16,lidar_class_0,lidar_class_1,lidar_class_2,lidar_class_3,lidar_class_4,lidar_class_5,lidar_class_6,lidar_class_7,lidar_class_8,lidar_class_9,lidar_class_10,lidar_class_11,lidar_class_12,lidar_class_13,lidar_class_14,lidar_class_15,lidar_class_16
0,2300.273,-6888.933,-249.408,-20.188,0.937901,0.344811,-0.038054,-0.345959,0.937793,-0.029267,0.025595,0.040615,0.998847,1,0.08000,-0.12000,4.800,-0.240,-1,-1,-1,375.000,-1,350.000,325.000,300.000,350.000,-1,100.000,75.000,-1,-1,750.000,-1,-1,2,2,2,0,2,0,0,0,1,2,0,0,2,2,0,2,2
1,2309.255,-6892.321,-249.203,-20.668,0.935002,0.352664,-0.037413,-0.353768,0.934896,-0.028594,0.024893,0.039971,0.998891,0,0.16000,-0.24000,9.600,-0.480,-1,-1,-1,375.000,-1,350.000,325.000,300.000,350.000,-1,100.000,100.000,-1,-1,750.000,-1,-1,2,2,2,0,2,0,0,0,1,2,0,0,2,2,0,2,2
2,2322.663,-6897.573,-248.906,-21.388,0.930529,0.364398,-0.036457,-0.365439,0.930426,-0.027604,0.023862,0.039010,0.998954,0,0.24000,-0.36000,14.400,-0.720,-1,-1,-1,375.000,-1,350.000,325.000,300.000,350.000,-1,125.000,125.000,-1,-1,750.000,-1,-1,2,2,2,0,2,0,0,0,1,2,0,0,2,2,0,2,2
3,2340.421,-6904.875,-248.527,-22.348,0.924336,0.379954,-0.035188,-0.380915,0.924235,-0.026320,0.022521,0.037732,0.999034,0,0.32000,-0.48000,19.200,-0.960,-1,-1,-1,375.000,-1,350.000,325.000,300.000,350.000,-1,150.000,150.000,-1,-1,725.000,-1,-1,2,2,2,0,2,1,0,0,1,2,0,0,2,2,0,2,2
4,2362.422,-6914.464,-248.077,-23.548,0.916226,0.399250,-0.033597,-0.400116,0.916130,-0.024763,0.020892,0.036131,0.999129,0,0.40000,-0.60000,24.000,-1.200,-1,-1,-1,375.000,975.000,625.000,325.000,300.000,350.000,-1,200.000,225.000,-1,-1,725.000,-1,-1,2,2,2,0,0,1,0,0,1,2,0,0,2,2,0,2,2
5,2388.526,-6926.631,-247.566,-24.988,0.905961,0.422176,-0.031662,-0.422935,0.905869,-0.022952,0.018992,0.034185,0.999235,0,0.48000,-0.72000,28.800,-1.440,-1,-1,-1,375.000,900.000,600.000,325.000,300.000,325.000,-1,250.000,300.000,-1,-1,700.000,-1,-1,2,2,2,0,0,1,0,0,1,2,0,0,2,2,0,2,2
6,2418.552,-6941.712,-247.003,-26.668,0.893258,0.448586,-0.029341,-0.449230,0.893172,-0.020903,0.016830,0.031853,0.999351,0,0.56000,-0.84000,33.600,-1.680,-1,-1,-1,375.000,850.000,575.000,325.000,300.000,325.000,-1,325.000,400.000,-1,-1,700.000,-1,-1,2,2,2,0,0,1,0,0,1,2,0,0,2,2,0,2,2
7,2452.270,-6960.088,-246.413,-28.588,0.877794,0.478301,-0.026575,-0.478820,0.877717,-0.018526,0.014464,0.028986,0.999475,0,0.64000,-0.96000,38.400,-1.920,-1,-1,-1,375.000,800.000,525.000,300.000,300.000,300.000,-1,425.000,575.000,-1,-1,675.000,-1,-1,2,2,2,0,0,1,0,0,1,2,0,0,2,2,0,2,2
8,2485.532,-6979.750,-245.695,-30.588,0.860589,0.508677,-0.025186,-0.509118,0.860551,-0.015848,0.013612,0.026461,0.999557,0,0.64398,-1.00000,38.639,-2.000,-1,-1,-1,375.000,775.000,500.000,325.000,300.000,300.000,-1,425.000,600.000,-1,-1,675.000,-1,-1,2,2,2,0,0,1,1,0,1,2,0,0,2,2,0,2,2
9,2518.134,-7000.592,-244.850,-32.588,0.842323,0.538430,-0.024193,-0.538812,0.842320,-0.013373,0.013178,0.024299,0.999618,0,0.64492,-1.00000,38.695,-2.000,-1,-1,-1,375.000,775.000,475.000,325.000,300.000,275.000,-1,400.000,600.000,-1,-1,650.000,-1,-1,2,2,2,1,0,1,1,0,1,2,0,0,2,2,0,2,2
10,2550.038,-7022.595,-247.349,-34.588,0.823250,0.567647,-0.006010,-0.567676,0.823232,-0.005737,0.001691,0.008135,0.999965,0,0.64592,-1.00000,38.755,-2.000,-1,900.000,-1,350.000,700.000,425.000,300.000,275.000,300.000,-1,-1,-1,-1,-1,600.000,-1,-1,2,1,2,1,0,1,1,0,1,2,2,2,2,2,0,2,2
11,2581.208,-7045.732,-251.527,-36.588,0.802708,0.595981,0.021582,-0.596171,0.802852,0.003081,-0.015491,-0.015340,0.999762,0,0.64699,-1.00000,38.819,-2.000,-1,700.000,-1,325.000,625.000,375.000,275.000,225.000,300.000,-1,-1,-1,-1,-1,550.000,-1,650.000,2,1,2,0,0,1,1,0,0,2,2,2,2,2,0,2,0
12,2615.424,-7072.788,-255.173,-38.348,0.783139,0.619987,0.048056,-0.621056,0.783700,0.010193,-0.031341,-0.037828,0.998793,0,0.72699,-0.88000,43.619,-1.760,-1,550.000,-1,300.000,550.000,325.000,250.000,200.000,325.000,-1,-1,-1,-1,825.000,475.000,-1,475.000,2,1,2,0,0,1,1,0,0,2,2,2,2,1,0,2,0
13,2652.484,-7103.950,-257.959,-40.079,0.762659,0.642730,0.072447,-0.645210,0.763846,0.015584,-0.045322,-0.058629,0.997250,0,0.80699,-0.86548,48.419,-1.731,-1,425.000,-1,275.000,475.000,275.000,225.000,-1,350.000,-1,-1,-1,-1,650.000,425.000,-1,400.000,2,1,2,0,0,1,1,2,0,2,2,2,2,1,0,2,0
14,2688.702,-7136.287,-259.405,-41.781,0.741736,0.664395,0.091689,-0.668373,0.743590,0.018750,-0.055722,-0.075190,0.995611,0,0.80919,-0.85104,48.551,-1.702,-1,350.000,-1,250.000,450.000,250.000,200.000,-1,375.000,-1,-1,-1,-1,525.000,400.000,850.000,350.000,2,1,2,0,0,1,1,2,0,2,2,2,2,1,0,1,0
15,2727.578,-7172.828,-260.261,-43.243,0.723562,0.682460,0.103470,-0.687679,0.725661,0.022654,-0.059623,-0.087546,0.994375,0,0.88919,-0.73104,53.351,-1.462,-1,300.000,-1,250.000,425.000,225.000,200.000,-1,400.000,-1,-1,-1,-1,425.000,400.000,700.000,325.000,2,1,2,0,0,1,0,2,0,2,2,2,2,1,0,1,0
16,2766.266,-7210.786,-260.149,-44.465,0.708514,0.697300,0.108539,-0.703252,0.710450,0.026412,-0.058694,-0.095043,0.993741,0,0.90330,-0.61104,54.198,-1.222,1000.000,275.000,-1,225.000,425.000,200.000,200.000,-1,400.000,-1,-1,-1,-1,375.000,375.000,600.000,325.000,1,1,2,0,0,1,0,2,0,2,2,2,2,1,0,1,0
17,2803.876,-7248.983,-258.985,-45.447,0.696694,0.709144,0.108316,-0.715306,0.698167,0.029993,-0.054353,-0.098375,0.993664,0,0.89343,-0.49104,53.606,-0.982,850.000,250.000,-1,250.000,450.000,200.000,200.000,-1,400.000,-1,-1,-1,-1,350.000,400.000,525.000,350.000,1,1,2,0,0,0,0,2,0,2,2,2,2,0,0,1,0
18,2840.545,-7287.210,-256.898,-46.189,0.688163,0.718147,0.103422,-0.724030,0.688944,0.033713,-0.047041,-0.098081,0.994066,0,0.88284,-0.37104,52.971,-0.742,725.000,225.000,-1,250.000,500.000,200.000,200.000,-1,400.000,650.000,-1,-1,-1,375.000,425.000,450.000,400.000,1,0,2,0,0,0,0,2,0,0,2,2,2,0,0,1,0
19,9511.017,-8855.084,-308.819,122.052,-0.530675,-0.847551,-0.006463,0.847308,-0.530684,0.021086,-0.021301,0.005714,0.999757,1,0.00000,0.00000,52.310,-0.502,475.000,425.000,-1,425.000,-1,350.000,350.000,275.000,300.000,-1,-1,-1,-1,900.000,900.000,-1,-1,1,0,2,0,2,0,0,0,0,2,2,2,2,0,0,2,2
20,9508.486,-8851.005,-308.936,121.812,-0.527117,-0.849767,-0.006664,0.849515,-0.527129,0.021422,-0.021716,0.005631,0.999748,0,0.08000,-0.12000,4.800,-0.240,475.000,425.000,-1,425.000,-1,350.000,350.000,275.000,300.000,-1,-1,-1,-1,900.000,900.000,-1,-1,1,0,2,0,2,0,0,0,0,2,2,2,2,0,0,2,2
21,9503.494,-8842.805,-309.172,121.332,-0.519973,-0.854154,-0.007066,0.853885,-0.519992,0.022093,-0.022545,0.005455,0.999731,0,0.16000,-0.24000,9.600,-0.480,475.000,425.000,-1,425.000,-1,350.000,350.000,275.000,300.000,-1,-1,-1,-1,900.000,875.000,-1,-1,1,0,2,0,2,0,0,0,0,2,2,2,2,0,0,2,2
22,9496.162,-8830.412,-309.532,120.612,-0.509187,-0.860622,-0.007666,0.860327,-0.509219,0.023101,-0.023785,0.005167,0.999704,0,0.24000,-0.36000,14.400,-0.720,475.000,425.000,-1,425.000,-1,350.000,350.000,275.000,300.000,-1,-1,-1,-1,900.000,875.000,-1,-1,1,0,2,0,2,0,0,0,0,2,2,2,2,0,0,2,2
23,9486.663,-8813.726,-310.022,119.652,-0.494679,-0.869034,-0.008462,0.868703,-0.494729,0.024445,-0.025429,0.004742,0.999665,0,0.32000,-0.48000,19.200,-0.960,500.000,425.000,-1,425.000,-1,350.000,350.000,275.000,300.000,-1,-1,-1,-1,875.000,875.000,-1,-1,1,0,2,0,2,0,0,0,0,2,2,2,2,0,0,2,2
24,9475.228,-8792.625,-310.647,118.452,-0.476346,-0.879207,-0.009447,0.878829,-0.476422,0.026124,-0.027469,0.004142,0.999614,0,0.40000,-0.60000,24.000,-1.200,550.000,425.000,-1,425.000,-1,350.000,350.000,275.000,300.000,-1,-1,-1,-1,875.000,850.000,-1,-1,1,0,2,0,2,0,0,0,0,2,2,2,2,0,0,2,2
25,9462.077,-8767.003,-311.413,117.172,-0.456545,-0.889637,-0.010614,0.889199,-0.456656,0.028111,-0.029856,0.003396,0.999548,0,0.48000,-0.64027,28.800,-1.281,-1,425.000,-1,425.000,-1,350.000,350.000,275.000,300.000,-1,-1,-1,-1,850.000,850.000,-1,-1,2,0,2,0,2,0,0,0,0,2,2,2,2,0,0,2,2
26,9447.385,-8736.785,-312.323,115.928,-0.437086,-0.899340,-0.011974,0.898830,-0.437243,0.030384,-0.032561,0.002518,0.999467,0,0.56000,-0.62177,33.600,-1.244,-1,425.000,-1,400.000,-1,350.000,325.000,275.000,300.000,-1,-1,-1,-1,850.000,825.000,-1,-1,2,0,2,0,2,0,0,0,0,2,2,2,2,0,0,2,2
27,9431.324,-8701.905,-313.386,114.725,-0.418048,-0.908324,-0.013544,0.907728,-0.418264,0.032941,-0.035586,0.001476,0.999366,0,0.64000,-0.60154,38.400,-1.203,-1,425.000,-1,400.000,-1,325.000,325.000,275.000,300.000,-1,-1,-1,-1,825.000,800.000,-1,-1,2,0,2,0,2,0,0,0,0,2,2,2,2,0,0,2,2
28,9414.071,-8662.299,-314.616,113.538,-0.399067,-0.916794,-0.015332,0.916094,-0.399361,0.035804,-0.038948,0.000243,0.999241,0,0.72000,-0.59343,43.200,-1.187,-1,425.000,-1,400.000,-1,325.000,325.000,275.000,300.000,-1,-1,-1,-1,800.000,800.000,-1,-1,2,0,2,0,2,0,0,0,0,2,2,2,2,0,0,2,2
29,9395.810,-8617.908,-316.345,112.361,-0.380110,-0.924804,-0.015925,0.923997,-0.380444,0.038633,-0.041787,-0.000030,0.999127,0,0.80000,-0.58854,48.000,-1.177,-1,400.000,-1,400.000,-1,325.000,325.000,275.000,300.000,-1,-1,-1,-1,800.000,775.000,-1,-1,2,0,2,0,2,0,0,0,0,2,2,2,2,0,0,2,2
30,9376.722,-8568.679,-318.339,111.193,-0.361134,-0.932370,-0.016408,0.931442,-0.361506,0.041572,-0.044692,-0.000270,0.999001,0,0.88000,-0.58421,52.800,-1.168,-1,400.000,-1,400.000,-1,325.000,325.000,275.000,300.000,-1,-1,-1,-1,775.000,750.000,-1,-1,2,0,2,0,2,0,0,0,0,2,2,2,2,0,0,2,2
31,9358.078,-8517.543,-320.449,110.031,-0.342114,-0.939507,-0.016892,0.938455,-0.342530,0.044438,-0.047536,-0.000650,0.998869,0,0.90714,-0.58081,54.428,-1.162,-1,400.000,-1,400.000,-1,325.000,325.000,275.000,300.000,-1,-1,-1,-1,750.000,750.000,-1,-1,2,0,2,0,2,0,0,1,0,2,2,2,2,0,0,2,2
32,9340.846,-8467.136,-322.563,108.874,-0.323018,-0.946234,-0.017346,0.945061,-0.323481,0.047113,-0.050191,-0.001175,0.998739,0,0.88784,-0.57876,53.271,-1.158,-1,400.000,-1,375.000,-1,325.000,325.000,275.000,300.000,-1,-1,-1,-1,750.000,725.000,-1,-1,2,0,2,0,2,0,0,1,0,2,2,2,2,0,0,2,2
33,9324.988,-8417.498,-325.097,107.717,-0.303751,-0.952564,-0.018884,0.951386,-0.304316,0.047505,-0.050999,-0.003536,0.998692,0,0.86850,-0.57822,52.110,-1.156,-1,400.000,-1,375.000,-1,325.000,325.000,275.000,300.000,-1,-1,-1,-1,725.000,725.000,1000.000,-1,2,0,2,0,2,0,0,1,0,2,2,2,2,0,0,1,2
34,9310.462,-8368.644,-327.381,106.559,-0.284390,-0.958515,-0.019280,0.957362,-0.284998,0.047258,-0.050792,-0.005018,0.998697,0,0.84947,-0.57910,50.968,-1.158,-1,400.000,-1,375.000,-1,325.000,325.000,250.000,300.000,875.000,-1,-1,-1,725.000,700.000,950.000,-1,2,0,2,0,2,0,0,1,0,1,2,2,2,1,0,1,2
35,9297.223,-8320.569,-329.635,105.396,-0.264838,-0.964092,-0.019682,0.962973,-0.265488,0.046901,-0.050443,-0.006532,0.998706,0,0.83108,-0.58132,49.865,-1.163,1000.000,400.000,-1,375.000,-1,325.000,325.000,250.000,300.000,775.000,-1,-1,-1,700.000,700.000,875.000,-1,1,0,2,0,2,0,0,1,0,1,2,2,2,1,0,1,2
36,9285.226,-8273.251,-331.859,104.227,-0.245062,-0.969299,-0.020098,0.968219,-0.245752,0.046450,-0.049963,-0.008076,0.998718,0,0.81359,-0.58478,48.815,-1.170,900.000,400.000,-1,375.000,-1,325.000,325.000,275.000,300.000,700.000,-1,-1,-1,675.000,700.000,825.000,-1,1,0,2,0,2,0,0,1,0,1,2,2,2,1,0,1,2
37,9274.426,-8226.652,-334.053,103.048,-0.225028,-0.974136,-0.020533,0.973101,-0.225757,0.045914,-0.049362,-0.009649,0.998734,0,0.79722,-0.58938,47.833,-1.179,850.000,400.000,-1,375.000,-1,325.000,325.000,275.000,300.000,625.000,-1,-1,-1,675.000,700.000,775.000,-1,1,0,2,0,2,0,0,1,0,1,2,2,2,1,0,1,2
38,9264.783,-8180.726,-336.217,101.858,-0.204707,-0.978598,-0.020994,0.977614,-0.205473,0.045307,-0.048651,-0.011249,0.998752,0,0.78214,-0.59504,46.928,-1.190,775.000,400.000,-1,375.000,-1,325.000,325.000,300.000,300.000,550.000,-1,-1,-1,650.000,700.000,750.000,-1,1,0,2,0,2,0,0,1,0,1,2,2,2,1,0,1,2
39,9256.258,-8135.414,-338.352,100.655,-0.184071,-0.982678,-0.021484,0.981748,-0.184872,0.044639,-0.047837,-0.012875,0.998772,0,0.76844,-0.60167,46.107,-1.203,700.000,400.000,-1,375.000,-1,325.000,325.000,325.000,300.000,525.000,-1,-1,-1,650.000,700.000,700.000,-1,1,0,2,0,2,0,0,1,0,1,2,2,2,1,0,1,2
40,9248.819,-8090.655,-340.461,99.436,-0.163096,-0.986365,-0.022009,0.985494,-0.163932,0.043919,-0.046928,-0.014526,0.998793,0,0.75622,-0.60920,45.373,-1.218,650.000,375.000,-1,375.000,-1,325.000,325.000,300.000,300.000,500.000,-1,-1,-1,650.000,700.000,675.000,-1,1,0,2,0,2,0,0,0,0,1,2,2,2,1,0,1,2
41,9242.438,-8046.382,-342.544,98.201,-0.141760,-0.989644,-0.022572,0.988835,-0.142629,0.043157,-0.045930,-0.016202,0.998813,0,0.74550,-0.61755,44.730,-1.235,600.000,375.000,-1,375.000,-1,325.000,325.000,300.000,300.000,475.000,-1,-1,-1,650.000,700.000,650.000,975.000,1,0,2,0,2,0,0,0,0,1,2,2,2,1,0,1,1
42,9237.093,-8002.528,-344.605,96.948,-0.120045,-0.992498,-0.023178,0.991755,-0.120944,0.042363,-0.044848,-0.017901,0.998833,0,0.73631,-0.62667,44.178,-1.253,575.000,375.000,1000.000,375.000,-1,325.000,325.000,300.000,300.000,475.000,-1,-1,-1,650.000,700.000,625.000,950.000,1,0,1,0,2,0,0,0,0,1,2,2,2,1,0,1,1
43,9232.770,-7959.025,-346.650,95.675,-0.097934,-0.994908,-0.023804,0.994234,-0.098862,0.041528,-0.043670,-0.019599,0.998854,0,0.72862,-0.63651,43.717,-1.273,525.000,375.000,975.000,375.000,-1,300.000,300.000,300.000,300.000,475.000,-1,-1,-1,675.000,700.000,600.000,925.000,1,0,1,0,2,0,0,0,0,1,2,2,2,1,0,1,1
44,9229.459,-7915.806,-348.695,94.381,-0.075416,-0.996853,-0.024409,0.996252,-0.076366,0.040630,-0.042366,-0.021254,0.998876,0,0.72243,-0.64701,43.346,-1.294,500.000,375.000,925.000,375.000,-1,300.000,300.000,300.000,300.000,475.000,-1,-1,-1,675.000,725.000,600.000,875.000,1,0,1,0,2,0,0,0,0,1,2,2,2,0,0,1,1
45,9227.156,-7872.806,-350.687,93.064,-0.052471,-0.998305,-0.025189,0.997784,-0.053444,0.039640,-0.040919,-0.023054,0.998896,0,0.71770,-0.65814,43.062,-1.316,475.000,375.000,875.000,375.000,-1,300.000,300.000,300.000,300.000,475.000,-1,-1,-1,675.000,725.000,600.000,850.000,1,0,1,0,2,0,0,0,0,1,2,2,2,0,1,1,1
46,9225.866,-7829.962,-352.194,91.725,-0.029134,-0.999263,-0.025013,0.998800,-0.030088,0.038653,-0.039377,-0.023857,0.998940,0,0.71439,-0.66988,42.863,-1.340,475.000,375.000,850.000,375.000,-1,300.000,300.000,300.000,300.000,500.000,-1,-1,-1,675.000,675.000,625.000,825.000,1,0,1,0,2,0,0,0,0,1,2,2,2,0,1,1,1
47,9225.626,-7782.300,-353.702,90.288,-0.004123,-0.999696,-0.024293,0.999288,-0.005031,0.037405,-0.037516,-0.024121,0.999005,0,0.79439,-0.71816,47.663,-1.436,450.000,375.000,800.000,375.000,-1,300.000,300.000,300.000,300.000,525.000,725.000,-1,-1,650.000,650.000,650.000,800.000,1,0,1,0,2,0,0,0,0,1,0,2,2,1,1,1,1
48,9226.651,-7731.168,-355.296,88.852,0.020885,-0.999503,-0.023602,0.999148,0.020026,0.036074,-0.035583,-0.024335,0.999070,0,0.85237,-0.71807,51.142,-1.436,450.000,375.000,750.000,375.000,-1,300.000,325.000,300.000,300.000,575.000,700.000,-1,-1,600.000,625.000,650.000,775.000,1,0,1,0,2,0,0,0,0,1,0,2,2,1,1,1,1
49,9228.954,-7680.141,-356.864,87.416,0.045886,-0.998682,-0.022983,0.998379,0.045073,0.034757,-0.033676,-0.024540,0.999131,0,0.85132,-0.71816,51.079,-1.436,475.000,375.000,700.000,375.000,-1,300.000,325.000,300.000,300.000,650.000,675.000,750.000,-1,550.000,600.000,600.000,725.000,1,0,1,0,2,0,0,0,0,1,0,0,2,1,1,1,1
50,9232.531,-7629.251,-358.407,85.979,0.070864,-0.997234,-0.022435,0.996979,0.070093,0.033461,-0.031796,-0.024738,0.999188,0,0.85026,-0.71823,51.015,-1.436,500.000,375.000,675.000,400.000,-1,325.000,325.000,300.000,300.000,700.000,675.000,725.000,-1,525.000,550.000,575.000,700.000,1,0,1,0,2,0,0,0,0,1,0,0,2,1,1,1,1
51,9237.376,-7578.536,-359.926,84.543,0.095803,-0.995158,-0.021961,0.994950,0.095073,0.032191,-0.029948,-0.024934,0.999240,0,0.84911,-0.71831,50.946,-1.437,500.000,375.000,625.000,400.000,-1,325.000,325.000,300.000,300.000,775.000,675.000,700.000,-1,475.000,525.000,500.000,675.000,1,0,1,0,2,0,0,1,0,1,0,0,2,1,1,1,1
52,9242.965,-7530.628,-361.338,83.346,0.116528,-0.992952,-0.021608,0.992785,0.115834,0.030998,-0.028277,-0.025065,0.999286,0,0.80387,-0.59831,48.232,-1.197,450.000,375.000,575.000,400.000,-1,325.000,325.000,275.000,300.000,850.000,675.000,700.000,-1,425.000,500.000,450.000,625.000,1,1,1,1,2,0,0,1,0,1,0,0,2,1,1,1,1
53,9249.345,-7482.878,-362.733,82.390,0.133054,-0.990880,-0.021309,0.990748,0.132395,0.029834,-0.026741,-0.025081,0.999328,0,0.80291,-0.47831,48.175,-0.957,425.000,325.000,550.000,375.000,-1,300.000,325.000,275.000,300.000,925.000,675.000,675.000,-1,400.000,475.000,400.000,600.000,1,1,1,1,2,1,1,1,0,1,0,0,2,1,1,1,1
54,9256.317,-7435.241,-364.117,81.673,0.145403,-0.989149,-0.021043,0.989048,0.144778,0.028696,-0.025338,-0.024985,0.999367,0,0.80241,-0.35831,48.145,-0.717,375.000,300.000,500.000,350.000,-1,275.000,300.000,250.000,300.000,1000.000,700.000,675.000,-1,350.000,425.000,350.000,550.000,1,1,1,1,2,1,1,1,0,1,0,0,2,1,1,1,1
55,9263.686,-7387.667,-365.494,81.196,0.153594,-0.987915,-0.020793,0.987841,0.153002,0.027579,-0.024065,-0.024776,0.999403,0,0.80236,-0.23831,48.142,-0.477,325.000,275.000,450.000,325.000,-1,250.000,275.000,250.000,300.000,-1,700.000,675.000,-1,325.000,400.000,300.000,500.000,1,1,1,1,2,1,1,1,0,2,0,0,2,1,1,1,1
56,9271.254,-7340.099,-366.869,80.960,0.157641,-0.987283,-0.020540,0.987231,0.157082,0.026478,-0.022915,-0.024452,0.999438,0,0.80276,-0.11831,48.166,-0.237,275.000,250.000,400.000,275.000,-1,225.000,250.000,250.000,300.000,-1,700.000,675.000,-1,300.000,350.000,250.000,450.000,1,1,1,1,2,1,1,1,0,2,0,0,2,1,1,1,1
57,9279.573,-7287.791,-368.386,80.963,0.157549,-0.987304,-0.020240,0.987271,0.157025,0.025280,-0.021781,-0.023966,0.999475,0,0.88276,0.00169,52.966,0.003,225.000,200.000,350.000,250.000,-1,200.000,225.000,250.000,300.000,-1,725.000,675.000,-1,250.000,325.000,200.000,400.000,1,1,1,1,2,1,1,1,0,2,0,0,2,1,1,1,1
58,9288.059,-7232.961,-367.619,81.206,0.153047,-0.988154,-0.011318,0.988120,0.152860,0.015915,-0.013997,-0.013619,0.999809,0,0.92472,0.12169,55.483,0.243,175.000,175.000,300.000,225.000,475.000,175.000,200.000,250.000,300.000,-1,575.000,450.000,-1,225.000,275.000,175.000,325.000,1,1,1,1,1,1,1,1,0,2,0,0,2,1,1,1,1
59,9296.205,-7177.182,-361.898,81.690,0.144682,-0.989356,0.015535,0.989434,0.144510,-0.011681,0.009312,0.017061,0.999811,0,0.93952,0.24169,56.371,0.483,175.000,175.000,300.000,200.000,400.000,175.000,175.000,300.000,275.000,-1,325.000,200.000,-1,225.000,250.000,175.000,300.000,1,1,1,1,1,1,1,1,0,2,0,0,2,1,1,1,1
60,9303.764,-7120.402,-349.712,82.413,0.133044,-0.990972,0.016530,0.989797,0.131991,-0.053669,0.051003,0.023502,0.998422,0,0.95462,0.36169,57.277,0.723,175.000,175.000,325.000,200.000,-1,175.000,175.000,325.000,300.000,-1,200.000,100.000,700.000,225.000,275.000,175.000,350.000,1,1,1,1,2,1,1,1,0,2,0,0,0,1,1,1,1
61,-4919.403,-327.872,407.204,-40.015,0.757312,0.637595,-0.141249,-0.648656,0.759464,-0.049591,0.075655,0.129178,0.988731,1,0.00000,0.00000,58.194,0.963,200.000,425.000,-1,600.000,-1,400.000,475.000,250.000,275.000,-1,200.000,50.000,325.000,-1,900.000,-1,-1,1,1,2,1,2,1,1,1,0,2,0,0,0,2,1,2,2
62,-4923.066,-324.771,406.962,-40.255,0.754767,0.640801,-0.140364,-0.651746,0.756823,-0.049465,0.074533,0.128816,0.988864,0,-0.08000,-0.12000,-4.800,-0.240,200.000,425.000,-1,600.000,-1,400.000,475.000,250.000,275.000,-1,200.000,50.000,325.000,-1,900.000,-1,-1,1,1,2,1,2,1,1,1,0,2,0,0,0,2,1,2,2
63,-4930.342,-318.509,406.395,-40.735,0.749683,0.647204,-0.138212,-0.657865,0.751527,-0.049192,0.072033,0.127804,0.989180,0,-0.16000,-0.24000,-9.600,-0.480,200.000,425.000,-1,600.000,-1,400.000,475.000,250.000,275.000,-1,225.000,50.000,325.000,-1,900.000,-1,-1,1,1,2,1,2,1,1,1,0,2,0,0,0,2,1,2,2
64,-4940.494,-309.547,405.518,-41.455,0.741952,0.656727,-0.134972,-0.666969,0.743483,-0.048849,0.068269,0.126266,0.989645,0,-0.22571,-0.36000,-13.543,-0.720,200.000,425.000,-1,600.000,-1,400.000,450.000,250.000,275.000,-1,225.000,50.000,325.000,-1,900.000,-1,-1,1,1,2,1,2,1,1,1,0,2,0,0,0,2,1,2,2
65,-4950.538,-300.376,404.540,-42.415,0.731286,0.669205,-0.131854,-0.679044,0.732500,-0.048404,0.064191,0.124932,0.990087,0,-0.22670,-0.48000,-13.602,-0.960,200.000,400.000,-1,600.000,-1,375.000,450.000,250.000,250.000,-1,225.000,50.000,325.000,-1,900.000,-1,-1,1,1,2,1,2,1,1,1,0,2,0,0,0,2,1,2,2
66,-4960.458,-290.940,403.466,-43.583,0.717918,0.684100,-0.128845,-0.693553,0.718808,-0.047942,0.059818,0.123779,0.990505,0,-0.22823,-0.58413,-13.694,-1.168,200.000,400.000,-1,575.000,-1,375.000,450.000,250.000,250.000,-1,250.000,50.000,350.000,-1,900.000,-1,-1,1,1,2,1,2,1,1,1,0,2,0,0,0,2,1,2,2
67,-4970.269,-281.219,402.367,-44.750,0.704259,0.698694,-0.125878,-0.707780,0.704818,-0.047730,0.055372,0.122708,0.990897,0,-0.23021,-0.58361,-13.813,-1.167,200.000,400.000,-1,575.000,-1,375.000,425.000,250.000,250.000,-1,250.000,50.000,375.000,-1,900.000,-1,-1,1,1,2,1,2,1,1,1,0,2,0,0,0,2,1,2,2
68,-4979.964,-271.216,401.672,-45.916,0.690220,0.713125,-0.122676,-0.721720,0.690674,-0.045715,0.052129,0.120091,0.991393,0,-0.23219,-0.58312,-13.932,-1.166,200.000,400.000,-1,575.000,-1,375.000,425.000,250.000,250.000,-1,275.000,50.000,375.000,-1,900.000,-1,-1,1,1,2,1,2,1,1,1,0,2,0,0,0,2,1,2,2
69,-4989.535,-260.933,401.283,-47.082,0.675830,0.727354,-0.119209,-0.735374,0.676335,-0.042384,0.049797,0.116307,0.991964,0,-0.23417,-0.58266,-14.050,-1.165,200.000,400.000,-1,575.000,-1,375.000,425.000,250.000,250.000,-1,275.000,50.000,400.000,-1,900.000,-1,-1,1,1,2,1,2,1,1,1,0,2,0,0,0,2,1,2,2
70,-4998.974,-250.370,400.899,-48.246,0.661161,0.741275,-0.115658,-0.748739,0.661706,-0.039180,0.047488,0.112502,0.992516,0,-0.23613,-0.58224,-14.168,-1.164,200.000,400.000,-1,575.000,-1,375.000,425.000,250.000,250.000,-1,275.000,75.000,450.000,-1,925.000,-1,-1,1,1,2,1,2,1,1,1,0,2,0,0,0,2,1,2,2
71,-5008.272,-239.527,400.522,-49.410,0.646220,0.754884,-0.112028,-0.761811,0.646792,-0.036106,0.045203,0.108677,0.993049,0,-0.23808,-0.58184,-14.285,-1.164,200.000,400.000,-1,575.000,-1,375.000,425.000,250.000,250.000,-1,275.000,75.000,475.000,-1,925.000,-1,-1,1,1,2,1,2,1,1,1,0,2,0,0,0,2,1,2,2
72,-5017.422,-228.408,400.152,-50.573,0.631010,0.768174,-0.108326,-0.774585,0.631600,-0.033163,0.042944,0.104834,0.993562,0,-0.24003,-0.58147,-14.402,-1.163,200.000,400.000,-1,575.000,-1,375.000,425.000,225.000,250.000,-1,300.000,75.000,500.000,-1,950.000,-1,-1,1,1,2,1,2,1,1,1,0,2,0,0,0,2,1,2,2
73,-5026.417,-217.014,399.789,-51.735,0.615538,0.781141,-0.104557,-0.787055,0.616135,-0.030351,0.040713,0.100975,0.994056,0,-0.24196,-0.58113,-14.518,-1.162,225.000,400.000,-1,575.000,-1,375.000,425.000,225.000,250.000,-1,300.000,75.000,525.000,-1,950.000,-1,-1,1,1,2,1,2,1,1,1,0,2,0,0,0,2,1,2,2
74,-5035.248,-205.348,399.435,-52.897,0.599807,0.793779,-0.100728,-0.799217,0.600405,-0.027672,0.038512,0.097101,0.994529,0,-0.24388,-0.58082,-14.633,-1.162,225.000,425.000,-1,575.000,-1,375.000,425.000,225.000,250.000,-1,300.000,75.000,575.000,-1,975.000,-1,-1,1,1,2,1,2,1,1,1,0,2,0,0,0,2,1,2,2
75,-5043.909,-193.413,399.088,-54.058,0.583825,0.806083,-0.096843,-0.811066,0.584415,-0.025126,0.036343,0.093215,0.994982,0,-0.24580,-0.58054,-14.748,-1.161,225.000,425.000,-1,550.000,-1,375.000,425.000,225.000,250.000,-1,325.000,100.000,625.000,-1,1000.000,-1,-1,1,1,2,1,2,1,1,1,0,2,0,0,0,2,1,2,2
76,-5049.620,-185.269,398.835,-54.979,0.570939,0.815582,-0.094098,-0.820253,0.571528,-0.023236,0.034829,0.090451,0.995292,0,-0.16580,-0.46054,-9.948,-0.921,225.000,425.000,-1,550.000,-1,375.000,425.000,225.000,250.000,-1,325.000,100.000,650.000,-1,1000.000,-1,-1,1,1,2,1,2,1,1,1,0,2,0,0,0,2,1,2,2
77,-5052.526,-181.020,398.670,-55.660,0.561280,0.822441,-0.092502,-0.826930,0.561877,-0.021927,0.033941,0.088800,0.995471,0,-0.08580,-0.34054,-5.148,-0.681,225.000,425.000,-1,550.000,-1,375.000,425.000,225.000,250.000,-1,350.000,100.000,675.000,-1,-1,-1,-1,1,1,2,1,2,1,1,1,0,2,0,0,0,2,2,2,2
78,-5052.720,-180.732,398.586,-56.101,0.554939,0.826782,-0.092059,-0.831210,0.555556,-0.021146,0.033661,0.088255,0.995529,0,-0.00580,-0.22054,-0.348,-0.441,225.000,425.000,-1,550.000,-1,375.000,425.000,225.000,250.000,-1,350.000,100.000,675.000,-1,-1,-1,-1,1,1,2,1,2,1,1,1,0,2,0,0,0,2,2,2,2
79,-5051.672,-182.302,398.564,-56.302,0.552008,0.828718,-0.092264,-0.833156,0.552646,-0.020824,0.033732,0.088365,0.995517,0,0.03147,-0.10054,1.888,-0.201,250.000,425.000,-1,550.000,-1,375.000,425.000,225.000,250.000,-1,350.000,100.000,675.000,-1,-1,-1,-1,1,1,2,1,2,1,1,1,0,2,0,0,0,2,2,2,2
80,-5050.642,-183.844,398.586,-56.263,0.552545,0.828315,-0.092671,-0.832792,0.553191,-0.020921,0.033935,0.088735,0.995477,0,0.03090,0.01946,1.854,0.039,250.000,425.000,-1,550.000,-1,375.000,425.000,225.000,250.000,-1,350.000,100.000,675.000,-1,-1,-1,-1,1,1,2,1,2,1,1,1,0,2,0,0,0,2,2,2,2
81,-5049.605,-185.380,398.652,-55.984,0.556543,0.825565,-0.093286,-0.830112,0.557185,-0.021443,0.034275,0.089372,0.995408,0,0.03089,0.13946,1.854,0.279,250.000,425.000,-1,550.000,-1,375.000,425.000,225.000,250.000,-1,350.000,100.000,650.000,-1,-1,-1,-1,1,1,2,1,2,1,1,1,0,2,0,0,0,2,2,2,2
82,-5048.535,-186.932,398.763,-55.465,0.563967,0.820418,-0.094104,-0.825066,0.564593,-0.022401,0.034753,0.090276,0.995310,0,0.03143,0.25946,1.886,0.519,225.000,425.000,-1,550.000,-1,375.000,425.000,225.000,250.000,-1,325.000,100.000,650.000,-1,1000.000,-1,-1,1,1,2,1,2,1,1,1,0,2,0,0,0,2,1,2,2
83,-5047.409,-188.526,398.899,-54.805,0.573358,0.813775,-0.095031,-0.818544,0.573958,-0.023630,0.035314,0.091335,0.995194,0,0.03253,0.33029,1.952,0.661,225.000,425.000,-1,550.000,-1,375.000,425.000,225.000,250.000,-1,325.000,100.000,625.000,-1,1000.000,-1,-1,1,1,2,1,2,1,1,1,0,2,0,0,0,2,1,2,2
84,-5046.216,-190.175,399.034,-54.147,0.582624,0.807059,-0.095945,-0.811950,0.583197,-0.024874,0.035880,0.092395,0.995076,0,0.03393,0.32861,2.036,0.657,225.000,400.000,-1,550.000,-1,375.000,425.000,225.000,250.000,-1,325.000,100.000,625.000,-1,1000.000,-1,-1,1,1,2,1,2,1,1,1,0,2,0,0,0,2,1,2,2
85,-5044.954,-191.877,399.167,-53.493,0.591766,0.800271,-0.096848,-0.805285,0.592311,-0.026132,0.036451,0.093455,0.994956,0,0.03532,0.32696,2.119,0.654,225.000,400.000,-1,550.000,-1,375.000,425.000,225.000,250.000,-1,325.000,100.000,625.000,-1,975.000,-1,-1,1,1,2,1,2,1,1,1,0,2,0,0,0,2,1,2,2
86,-5043.624,-193.630,399.300,-52.843,0.600785,0.793413,-0.097741,-0.798553,0.601300,-0.027406,0.037028,0.094516,0.994834,0,0.03669,0.32533,2.201,0.651,225.000,400.000,-1,550.000,-1,375.000,425.000,225.000,250.000,-1,325.000,100.000,600.000,-1,975.000,-1,-1,1,1,2,1,2,1,1,1,0,2,0,0,0,2,1,2,2
87,-5042.224,-195.432,399.431,-52.195,0.609681,0.786488,-0.098623,-0.791754,0.610165,-0.028693,0.037609,0.095579,0.994711,0,0.03805,0.32373,2.283,0.647,225.000,400.000,-1,550.000,-1,375.000,425.000,225.000,250.000,-1,300.000,100.000,600.000,-1,975.000,-1,-1,1,1,2,1,2,1,1,1,0,2,0,0,0,2,1,2,2
88,-5040.754,-197.281,399.562,-51.551,0.618455,0.779496,-0.099495,-0.784891,0.618907,-0.029995,0.038197,0.096644,0.994586,0,0.03938,0.32216,2.363,0.644,225.000,400.000,-1,550.000,-1,375.000,400.000,225.000,250.000,-1,300.000,100.000,575.000,-1,950.000,-1,-1,1,1,2,1,2,1,1,1,0,2,0,0,0,2,1,2,2
89,-5036.258,-202.857,399.722,-51.147,0.623819,0.774973,-0.101321,-0.780583,0.624283,-0.030996,0.039232,0.098426,0.994371,0,0.11938,0.20216,7.163,0.404,225.000,400.000,-1,575.000,-1,375.000,400.000,225.000,250.000,-1,300.000,75.000,575.000,-1,950.000,-1,-1,1,1,2,1,2,1,1,1,0,2,0,0,0,2,1,2,2
90,-5028.724,-212.150,399.914,-50.982,0.625822,0.772984,-0.104125,-0.778902,0.626344,-0.031687,0.040724,0.100934,0.994059,0,0.19938,0.08216,11.963,0.164,225.000,400.000,-1,575.000,-1,375.000,425.000,225.000,250.000,-1,300.000,75.000,550.000,-1,950.000,-1,-1,1,1,2,1,2,1,1,1,0,2,0,0,0,2,1,2,2
91,-5018.184,-225.185,400.133,-51.058,0.624479,0.773553,-0.107895,-0.779875,0.625114,-0.032037,0.042664,0.104151,0.993646,0,0.27938,-0.03784,16.763,-0.076,225.000,425.000,-1,575.000,-1,375.000,425.000,225.000,250.000,-1,300.000,75.000,500.000,-1,950.000,-1,-1,1,1,2,1,2,1,1,1,0,2,0,0,0,2,1,2,2
92,-5004.718,-242.027,400.368,-51.374,0.619775,0.776662,-0.112584,-0.783487,0.620584,-0.031986,0.045025,0.108032,0.993127,0,0.35938,-0.15784,21.563,-0.316,250.000,425.000,-1,575.000,-1,400.000,425.000,225.000,250.000,-1,275.000,75.000,475.000,-1,950.000,-1,-1,1,1,2,1,2,1,1,1,0,2,0,0,0,2,1,2,2
93,-4988.460,-262.781,399.745,-51.929,0.612118,0.782568,-0.113575,-0.789485,0.612963,-0.031466,0.044993,0.108926,0.993031,0,0.43938,-0.27784,26.363,-0.556,300.000,450.000,-1,550.000,-1,400.000,450.000,225.000,250.000,-1,275.000,75.000,450.000,-1,925.000,-1,-1,1,1,2,1,2,1,1,1,0,2,0,0,0,2,1,2,2
94,-4969.586,-287.580,398.791,-52.725,0.601172,0.790995,-0.113664,-0.797891,0.602029,-0.030509,0.044297,0.109033,0.993051,0,0.51938,-0.39784,31.163,-0.796,-1,475.000,-1,550.000,-1,425.000,450.000,200.000,250.000,-1,275.000,75.000,450.000,-1,925.000,-1,-1,2,1,2,1,2,1,1,1,0,2,0,0,0,2,1,2,2
95,-4948.327,-316.588,397.445,-53.761,0.586860,0.801829,-0.112542,-0.808559,0.587693,-0.029151,0.042766,0.108104,0.993219,0,0.59938,-0.51784,35.963,-1.036,-1,525.000,-1,550.000,-1,425.000,475.000,200.000,250.000,-1,275.000,75.000,450.000,-1,900.000,-1,-1,2,1,2,1,2,1,1,1,0,2,0,0,0,2,1,2,2
96,-1642.398,-983.837,266.021,88.636,0.014982,-0.792586,0.609576,0.999822,0.018870,-0.000039,-0.011472,0.609468,0.792727,1,0.00000,0.00000,40.763,-1.088,-1,850.000,-1,225.000,125.000,325.000,225.000,200.000,425.000,575.000,-1,-1,900.000,-1,300.000,-1,125.000,2,0,2,1,1,1,1,1,1,1,2,2,1,2,1,2,1
97,8199.215,-2952.045,-208.829,-169.815,-0.983199,0.171626,0.062156,-0.181509,-0.955290,-0.233400,0.019319,-0.240760,0.970392,1,0.00000,0.00000,4.800,0.240,625.000,450.000,-1,550.000,-1,425.000,475.000,200.000,125.000,650.000,-1,-1,-1,750.000,-1,-1,-1,0,0,2,1,2,0,0,0,1,0,2,2,2,0,2,2,2
98,-5578.629,-7546.794,-169.286,-132.169,-0.670805,0.739689,-0.053675,-0.741562,-0.669987,0.034681,-0.010308,0.063067,0.997956,1,0.08000,0.12000,4.800,0.240,-1,400.000,-1,400.000,-1,325.000,325.000,300.000,300.000,-1,-1,-1,-1,775.000,700.000,-1,-1,2,0,2,0,2,0,0,0,0,2,2,2,2,0,0,2,2
99,-5585.014,-7553.962,-169.348,-131.689,-0.664593,0.745273,-0.053694,-0.747140,-0.663765,0.034613,-0.009844,0.063120,0.997957,0,0.16000,0.24000,9.600,0.480,-1,400.000,-1,400.000,-1,325.000,325.000,300.000,300.000,-1,-1,-1,-1,775.000,700.000,-1,-1,2,0,2,0,2,0,0,0,0,2,2,2,2,0,0,2,2
100,-5594.455,-7564.835,-169.430,-130.969,-0.655190,0.753552,-0.053717,-0.755409,-0.654344,0.034517,-0.009139,0.063193,0.997959,0,0.24000,0.36000,14.400,0.720,-1,400.000,-1,400.000,-1,325.000,325.000,300.000,300.000,-1,-1,-1,-1,775.000,700.000,-1,-1,2,0,2,0,2,0,0,0,0,2,2,2,2,0,0,2,2
101,-5606.819,-7579.524,-169.536,-130.090,-0.643566,0.763501,-0.053753,-0.765347,-0.642696,0.034452,-0.008243,0.063312,0.997960,0,0.32000,0.43974,19.200,0.879,-1,400.000,-1,400.000,-1,325.000,325.000,300.000,300.000,-1,-1,-1,-1,775.000,700.000,-1,-1,2,0,2,0,2,0,0,0,0,2,2,2,2,0,0,2,2
102,-5621.990,-7598.120,-169.661,-129.210,-0.631791,0.773269,-0.053808,-0.775104,-0.630895,0.034430,-0.007324,0.063459,0.997958,0,0.40000,0.43974,24.000,0.879,-1,400.000,-1,400.000,-1,325.000,325.000,300.000,300.000,-1,-1,1000.000,-1,775.000,700.000,-1,-1,2,0,2,0,2,0,0,0,0,2,2,0,2,0,0,2,2
103,-5639.852,-7620.711,-169.796,-128.331,-0.619870,0.782853,-0.053875,-0.784679,-0.618945,0.034447,-0.006379,0.063627,0.997953,0,0.48000,0.43974,28.800,0.879,-1,400.000,-1,400.000,-1,325.000,325.000,300.000,300.000,-1,-1,925.000,-1,775.000,700.000,-1,-1,2,0,2,0,2,0,0,0,0,2,2,0,2,0,0,2,2
104,-5660.283,-7647.385,-169.927,-127.451,-0.607805,0.792250,-0.053983,-0.794068,-0.606848,0.034522,-0.005409,0.063849,0.997945,0,0.56000,0.43974,33.600,0.879,-1,400.000,-1,400.000,-1,325.000,325.000,300.000,300.000,-1,-1,925.000,-1,775.000,700.000,-1,-1,2,0,2,0,2,0,0,0,0,2,2,0,2,0,0,2,2
105,-5683.162,-7678.225,-170.050,-126.572,-0.595599,0.801456,-0.054136,-0.803270,-0.594605,0.034677,-0.004398,0.064139,0.997931,0,0.64000,0.43974,38.400,0.879,-1,400.000,-1,400.000,-1,325.000,325.000,300.000,300.000,-1,-1,950.000,-1,775.000,700.000,-1,-1,2,0,2,0,2,0,0,0,0,2,2,0,2,0,0,2,2
106,-5708.366,-7713.310,-170.160,-125.692,-0.583257,0.810469,-0.054330,-0.812281,-0.582219,0.034934,-0.003319,0.064506,0.997912,0,0.72000,0.43974,43.200,0.879,-1,400.000,-1,400.000,-1,325.000,325.000,300.000,300.000,-1,-1,975.000,-1,775.000,700.000,-1,-1,2,0,2,0,2,0,0,0,0,2,2,0,2,0,0,2,2
107,-5735.769,-7752.719,-170.252,-124.813,-0.570783,0.819285,-0.054573,-0.821098,-0.569694,0.035318,-0.002155,0.064969,0.997885,0,0.80000,0.43974,48.000,0.879,-1,400.000,-1,400.000,-1,325.000,325.000,300.000,300.000,-1,-1,975.000,-1,800.000,700.000,-1,-1,2,0,2,0,2,0,0,0,0,2,2,0,2,0,0,2,2
108,-5764.491,-7795.409,-170.402,-123.934,-0.558167,0.827921,-0.054736,-0.829728,-0.557043,0.035419,-0.001167,0.065186,0.997872,0,0.85755,0.43974,51.453,0.879,-1,400.000,-1,375.000,-1,325.000,325.000,300.000,300.000,-1,-1,1000.000,-1,800.000,675.000,-1,-1,2,0,2,0,2,0,0,0,0,2,2,0,2,0,0,2,2
109,-5792.555,-7838.534,-170.641,-123.054,-0.545403,0.836386,-0.054723,-0.838174,-0.544277,0.035025,-0.000490,0.064970,0.997887,0,0.85755,0.43974,51.453,0.879,-1,400.000,-1,375.000,-1,325.000,325.000,300.000,300.000,-1,-1,-1,-1,775.000,675.000,-1,-1,2,0,2,0,2,0,0,0,0,2,2,2,2,0,0,2,2
110,-5819.954,-7882.086,-170.837,-122.175,-0.532518,0.844647,-0.054738,-0.846419,-0.531379,0.034802,0.000309,0.064864,0.997894,0,0.85755,0.43974,51.453,0.879,-1,400.000,-1,375.000,-1,325.000,325.000,300.000,300.000,-1,-1,-1,-1,775.000,675.000,-1,-1,2,0,2,0,2,0,0,0,0,2,2,2,2,0,0,2,2
111,-5846.680,-7926.052,-170.990,-121.295,-0.519514,0.852704,-0.054790,-0.854461,-0.518352,0.034746,0.001228,0.064867,0.997893,0,0.85755,0.43974,51.453,0.879,-1,400.000,-1,375.000,-1,325.000,325.000,300.000,300.000,-1,-1,-1,-1,775.000,675.000,-1,-1,2,0,2,0,2,0,0,0,0,2,2,2,2,0,0,2,2
112,-5872.730,-7970.424,-170.775,-120.416,-0.506405,0.860620,-0.053733,-0.862292,-0.505238,0.034449,0.002500,0.063778,0.997961,0,0.85755,0.43974,51.453,0.879,-1,400.000,-1,375.000,-1,325.000,325.000,300.000,300.000,-1,-1,-1,-1,775.000,675.000,-1,-1,2,0,2,0,2,0,0,0,0,2,2,2,2,0,0,2,2
113,-5898.096,-8015.189,-170.360,-119.536,-0.493172,0.868360,-0.052276,-0.869924,-0.492018,0.033933,0.003745,0.062211,0.998056,0,0.85755,0.43974,51.453,0.879,-1,400.000,-1,375.000,-1,325.000,325.000,300.000,300.000,-1,-1,-1,-1,750.000,675.000,-1,-1,2,0,2,0,2,0,0,0,0,2,2,2,2,0,0,2,2
114,-5922.771,-8060.339,-169.940,-118.657,-0.479813,0.875881,-0.051102,-0.877357,-0.478671,0.033442,0.004831,0.060880,0.998133,0,0.85755,0.43974,51.453,0.879,-1,400.000,-1,375.000,-1,325.000,325.000,300.000,300.000,-1,-1,-1,-1,750.000,675.000,-1,-1,2,0,2,0,2,0,0,0,0,2,2,2,2,0,0,2,2
115,-5946.751,-8105.863,-169.493,-117.777,-0.466335,0.883188,-0.050107,-0.884589,-0.465203,0.032981,0.005819,0.059704,0.998199,0,0.85755,0.43974,51.453,0.879,-1,400.000,-1,375.000,-1,325.000,325.000,300.000,300.000,-1,-1,-1,-1,750.000,675.000,-1,-1,2,0,2,0,2,0,0,0,0,2,2,2,2,0,0,2,2
116,-5970.029,-8151.749,-169.004,-116.898,-0.452748,0.890289,-0.049032,-0.891612,-0.451625,0.032593,0.006873,0.058474,0.998265,0,0.85755,0.43974,51.453,0.879,-1,400.000,-1,375.000,-1,325.000,325.000,300.000,300.000,-1,-1,-1,-1,750.000,675.000,-1,-1,2,0,2,0,2,0,0,0,0,2,2,2,2,0,0,2,2
117,-5992.600,-8197.987,-168.488,-116.018,-0.439057,0.897186,-0.047809,-0.898423,-0.437941,0.032294,0.008036,0.057132,0.998334,0,0.85755,0.43974,51.453,0.879,-1,400.000,-1,375.000,-1,325.000,325.000,300.000,300.000,-1,-1,-1,-1,750.000,650.000,-1,-1,2,0,2,0,2,0,0,0,0,2,2,2,2,0,0,2,2
118,-6014.458,-8244.566,-167.910,-115.139,-0.425260,0.903870,-0.046621,-0.905025,-0.424150,0.032045,0.009191,0.055820,0.998399,0,0.85755,0.43974,51.453,0.879,-1,400.000,-1,375.000,-1,325.000,325.000,300.000,275.000,-1,-1,-1,-1,750.000,650.000,-1,-1,2,0,2,0,2,0,0,0,0,2,2,2,2,0,0,2,2
119,-6035.599,-8291.475,-167.272,-114.259,-0.411360,0.910338,-0.045468,-0.911414,-0.410256,0.031842,0.010334,0.054538,0.998458,0,0.85755,0.43974,51.453,0.879,-1,400.000,-1,375.000,-1,325.000,325.000,300.000,275.000,-1,-1,-1,-1,725.000,650.000,-1,-1,2,0,2,0,2,0,0,0,0,2,2,2,2,0,0,2,2
120,-6056.018,-8338.703,-166.575,-113.380,-0.397360,0.916590,-0.044351,-0.917591,-0.396261,0.031679,0.011462,0.053284,0.998514,0,0.85755,0.43974,51.453,0.879,-1,400.000,-1,375.000,-1,325.000,325.000,325.000,275.000,-1,-1,-1,-1,725.000,650.000,-1,-1,2,0,2,0,2,0,0,0,0,2,2,2,2,0,0,2,2
121,-6075.709,-8386.239,-165.820,-112.500,-0.383265,0.922624,-0.043272,-0.923553,-0.382171,0.031553,0.012574,0.052057,0.998565,0,0.85755,0.43974,51.453,0.879,-1,400.000,-1,375.000,-1,325.000,300.000,325.000,275.000,-1,-1,-1,-1,725.000,650.000,-1,-1,2,0,2,0,2,0,0,0,0,2,2,2,2,0,0,2,2
122,-6094.669,-8434.072,-165.198,-111.621,-0.369092,0.928475,-0.041291,-0.929283,-0.368001,0.031745,0.014280,0.050088,0.998643,0,0.85755,0.43974,51.453,0.879,-1,400.000,-1,375.000,-1,325.000,300.000,325.000,275.000,-1,-1,-1,-1,725.000,650.000,-1,-1,2,0,2,0,2,0,0,0,0,2,2,2,2,0,0,2,2
123,-6112.892,-8482.190,-164.441,-110.741,-0.354845,0.934089,-0.039529,-0.934782,-0.353735,0.032456,0.016335,0.048468,0.998691,0,0.85755,0.43974,51.453,0.879,-1,400.000,-1,375.000,-1,325.000,300.000,325.000,275.000,-1,-1,-1,-1,725.000,625.000,-1,-1,2,0,2,0,2,0,0,0,0,2,2,2,2,0,0,2,2
124,-6130.374,-8530.582,-163.303,-109.862,-0.340480,0.939505,-0.037480,-0.940082,-0.339391,0.032548,0.017859,0.046317,0.998767,0,0.85755,0.43974,51.453,0.879,-1,375.000,-1,375.000,-1,325.000,300.000,325.000,275.000,-1,-1,-1,-1,725.000,625.000,-1,-1,2,0,2,0,2,0,0,0,0,2,2,2,2,0,0,2,2
125,-6147.112,-8579.237,-162.091,-108.982,-0.326026,0.944694,-0.035507,-0.945164,-0.324961,0.032652,0.019308,0.044206,0.998836,0,0.85755,0.43974,51.453,0.879,-1,375.000,-1,350.000,-1,325.000,300.000,325.000,300.000,-1,-1,-1,-1,725.000,625.000,-1,-1,2,0,2,0,2,0,0,0,0,2,2,2,2,0,0,2,2
126,-6163.100,-8628.142,-160.878,-108.103,-0.311507,0.949645,-0.033730,-0.950010,-0.310447,0.033214,0.021070,0.042390,0.998879,0,0.85755,0.43974,51.453,0.879,-1,375.000,-1,350.000,-1,300.000,300.000,325.000,300.000,-1,-1,-1,-1,725.000,625.000,-1,-1,2,0,2,0,2,0,0,0,0,2,2,2,2,0,0,2,2
127,-6178.337,-8677.288,-159.356,-107.224,-0.296913,0.954403,-0.030937,-0.954613,-0.295867,0.034297,0.023580,0.039716,0.998933,0,0.85755,0.43974,51.453,0.879,-1,375.000,-1,350.000,-1,300.000,300.000,325.000,300.000,-1,-1,-1,-1,750.000,650.000,-1,-1,2,0,2,0,2,0,0,0,0,2,2,2,2,0,0,2,2
128,-6193.369,-8729.350,-157.682,-106.104,-0.278219,0.960106,-0.028112,-0.960158,-0.277194,0.035505,0.026296,0.036871,0.998974,0,0.90314,0.55974,54.189,1.119,-1,375.000,-1,375.000,-1,325.000,300.000,300.000,300.000,-1,-1,-1,-1,750.000,650.000,-1,-1,2,0,2,0,2,0,0,0,0,2,2,2,2,0,0,2,2
129,-6207.367,-8781.699,-155.946,-104.969,-0.259145,0.965504,-0.025431,-0.965404,-0.258149,0.036810,0.028976,0.034091,0.998999,0,0.90314,0.56746,54.189,1.135,-1,400.000,-1,375.000,-1,325.000,300.000,300.000,300.000,-1,-1,-1,-1,775.000,675.000,-1,-1,2,0,2,0,2,0,0,0,0,2,2,2,2,0,0,2,2
130,-6220.325,-8834.316,-154.153,-103.834,-0.239957,0.970513,-0.022897,-0.970269,-0.238996,0.038202,0.031604,0.031383,0.999008,0,0.90314,0.56746,54.189,1.135,-1,400.000,-1,375.000,-1,325.000,300.000,300.000,300.000,-1,925.000,-1,-1,800.000,700.000,-1,-1,2,0,2,0,2,0,0,0,0,2,0,2,2,0,0,2,2
131,-6232.239,-8887.179,-152.306,-102.699,-0.220664,0.975134,-0.020508,-0.974751,-0.219743,0.039669,0.034176,0.028744,0.999002,0,0.90314,0.56746,54.189,1.135,-1,400.000,-1,375.000,-1,325.000,300.000,300.000,300.000,-1,775.000,-1,-1,800.000,700.000,-1,-1,2,0,2,0,2,0,0,0,0,2,0,2,2,0,0,2,2
132,-6243.103,-8940.267,-150.411,-101.564,-0.201274,0.979365,-0.018264,-0.978848,-0.200400,0.041198,0.036688,0.026170,0.998984,0,0.90314,0.56746,54.189,1.135,-1,400.000,-1,375.000,-1,325.000,300.000,300.000,300.000,-1,675.000,-1,-1,825.000,725.000,-1,-1,2,0,2,0,2,0,0,0,0,2,0,2,2,0,0,2,2
133,-6252.913,-8993.560,-148.472,-100.429,-0.181796,0.983203,-0.016162,-0.982557,-0.180974,0.042777,0.039134,0.023657,0.998954,0,0.90314,0.56746,54.189,1.135,-1,400.000,-1,375.000,-1,325.000,325.000,300.000,300.000,-1,600.000,-1,-1,825.000,750.000,-1,-1,2,0,2,0,2,0,0,0,0,2,0,2,2,0,0,2,2
