timestep,x_cm,y_cm,z_cm,yaw_deg,basis_xx,basis_xy,basis_xz,basis_yx,basis_yy,basis_yz,basis_zx,basis_zy,basis_zz,teleport_flag,throttle_cmd,steering_cmd,cmd_move_cm,cmd_turn_deg,lidar_cm_0,lidar_cm_1,lidar_cm_2,lidar_cm_3,lidar_cm_4,lidar_cm_5,lidar_cm_6,lidar_cm_7,lidar_cm_8,lidar_cm_9,lidar_cm_10,lidar_cm_11,lidar_cm_12,lidar_cm_13,lidar_cm_14,lidar_cm_15,lidar_cm_16,lidar_class_0,lidar_class_1,lidar_class_2,lidar_class_3,lidar_class_4,lidar_class_5,lidar_class_6,lidar_class_7,lidar_class_8,lidar_class_9,lidar_class_10,lidar_class_11,lidar_class_12,lidar_class_13,lidar_class_14,lidar_class_15,lidar_class_16
0,4263.618,-8199.090,-83.269,-42.747,0.735546,0.673860,0.069890,-0.677296,0.729058,0.098713,0.015565,-0.119945,0.992659,1,0.00000,0.00000,4.800,-0.240,-1,375.000,-1,400.000,-1,325.000,325.000,300.000,325.000,-1,775.000,825.000,-1,725.000,800.000,-1,-1,2,0,2,0,2,0,0,0,0,2,0,0,2,0,0,2,2
1,4267.129,-8202.363,-83.210,-42.987,0.732739,0.676912,0.069885,-0.680320,0.726233,0.098749,0.016092,-0.119901,0.992655,0,0.08000,-0.12000,4.800,-0.240,-1,375.000,-1,400.000,-1,325.000,325.000,300.000,325.000,-1,775.000,825.000,-1,725.000,800.000,-1,-1,2,0,2,0,2,0,0,0,0,2,0,0,2,0,0,2,2
2,4274.097,-8208.968,-83.080,-43.467,0.727087,0.682980,0.069875,-0.686331,0.720545,0.098816,0.017142,-0.119805,0.992649,0,0.16000,-0.24000,9.600,-0.480,-1,375.000,-1,400.000,-1,325.000,325.000,300.000,325.000,-1,775.000,825.000,-1,725.000,800.000,-1,-1,2,0,2,0,2,0,0,0,0,2,0,0,2,0,0,2,2
3,4284.423,-8219.006,-82.861,-44.187,0.718514,0.691995,0.069861,-0.695261,0.711920,0.098906,0.018707,-0.119637,0.992641,0,0.24000,-0.36000,14.400,-0.720,-1,375.000,-1,400.000,-1,325.000,325.000,300.000,325.000,-1,775.000,825.000,-1,725.000,800.000,-1,-1,2,0,2,0,2,0,0,0,0,2,0,0,2,0,0,2,2
4,4297.965,-8232.619,-82.524,-45.147,0.706908,0.703848,0.069844,-0.707000,0.700249,0.099006,0.020777,-0.119368,0.992633,0,0.32000,-0.48000,19.200,-0.960,-1,375.000,-1,400.000,-1,325.000,325.000,300.000,325.000,-1,775.000,825.000,-1,725.000,825.000,-1,-1,2,0,2,0,2,0,0,0,0,2,0,0,2,0,0,2,2
5,4314.532,-8249.987,-81.971,-46.347,0.692105,0.718416,0.069786,-0.721426,0.685409,0.098786,0.023137,-0.118715,0.992659,0,0.40000,-0.60000,24.000,-1.200,-1,375.000,-1,400.000,-1,325.000,325.000,300.000,325.000,-1,800.000,850.000,-1,725.000,825.000,-1,-1,2,0,2,0,2,0,0,0,0,2,0,0,2,0,0,2,2
6,4333.882,-8271.320,-81.214,-47.787,0.673941,0.735489,0.069704,-0.738329,0.667208,0.098505,0.025942,-0.117851,0.992692,0,0.48000,-0.72000,28.800,-1.440,-1,375.000,-1,400.000,-1,325.000,325.000,300.000,325.000,-1,825.000,875.000,-1,725.000,825.000,-1,-1,2,0,2,0,2,0,0,0,0,2,0,0,2,0,0,2,2
7,4355.718,-8296.861,-80.256,-49.467,0.652220,0.754851,0.069347,-0.757463,0.645459,0.098148,0.029326,-0.116542,0.992753,0,0.56000,-0.84000,33.600,-1.680,-1,375.000,-1,400.000,-1,325.000,325.000,300.000,325.000,-1,875.000,900.000,-1,725.000,825.000,-1,-1,2,0,2,0,2,0,0,0,0,2,0,0,2,0,0,2,2
8,4379.746,-8326.818,-79.011,-51.262,0.628383,0.774848,0.068882,-0.777207,0.621608,0.097736,0.032913,-0.114951,0.992826,0,0.64000,-0.89772,38.400,-1.795,-1,375.000,-1,400.000,-1,325.000,325.000,300.000,325.000,-1,925.000,925.000,-1,750.000,825.000,-1,-1,2,0,2,0,2,0,0,0,0,2,0,0,2,0,0,2,2
9,4404.131,-8359.222,-77.537,-53.032,0.604277,0.793838,0.068339,-0.795942,0.597502,0.097301,0.036409,-0.113191,0.992906,0,0.67586,-0.88492,40.552,-1.770,-1,375.000,-1,400.000,-1,325.000,325.000,300.000,325.000,-1,975.000,950.000,-1,750.000,850.000,-1,-1,2,0,2,0,2,0,0,0,0,2,0,0,2,0,0,2,2
10,4427.492,-8392.313,-75.910,-54.775,0.579969,0.811816,0.067757,-0.813666,0.573206,0.096864,0.039797,-0.111310,0.992989,0,0.67506,-0.87136,40.503,-1.743,-1,375.000,-1,400.000,-1,325.000,325.000,300.000,325.000,-1,-1,1000.000,-1,775.000,850.000,-1,-1,2,0,2,0,2,0,0,0,0,2,2,0,2,0,0,2,2
11,4449.792,-8425.998,-74.137,-56.490,0.555511,0.828794,0.067141,-0.830393,0.548771,0.096425,0.043071,-0.109319,0.993073,0,0.67327,-0.85765,40.396,-1.715,-1,375.000,-1,400.000,-1,325.000,325.000,300.000,325.000,-1,-1,-1,-1,775.000,850.000,-1,-1,2,0,2,0,2,0,0,0,0,2,2,2,2,0,0,2,2
12,4471.004,-8460.188,-72.298,-58.178,0.530924,0.844816,0.066381,-0.846169,0.524257,0.095665,0.046019,-0.106960,0.993198,0,0.67054,-0.84392,40.233,-1.688,-1,400.000,-1,425.000,-1,325.000,325.000,300.000,325.000,-1,-1,-1,-1,775.000,875.000,-1,-1,2,0,2,0,2,0,0,0,0,2,2,2,2,0,0,2,2
13,4491.108,-8494.791,-70.487,-59.839,0.506214,0.859931,0.065306,-0.861049,0.499717,0.094222,0.048389,-0.103928,0.993407,0,0.66695,-0.83030,40.017,-1.661,-1,400.000,-1,425.000,-1,325.000,325.000,300.000,300.000,-1,-1,-1,-1,775.000,875.000,-1,-1,2,0,2,0,2,0,0,0,0,2,2,2,2,0,0,2,2
14,4510.091,-8529.722,-68.554,-61.472,0.481471,0.874111,0.064149,-0.874998,0.475148,0.092805,0.050642,-0.100813,0.993616,0,0.66257,-0.81692,39.754,-1.634,-1,400.000,-1,425.000,-1,325.000,325.000,300.000,300.000,-1,-1,-1,-1,800.000,875.000,-1,-1,2,0,2,0,2,0,0,0,0,2,2,2,2,0,0,2,2
15,4528.443,-8565.956,-66.443,-63.132,0.455911,0.887802,0.062875,-0.888455,0.449775,0.091379,0.052847,-0.097522,0.993829,0,0.67691,-0.83001,40.615,-1.660,-1,400.000,-1,425.000,-1,325.000,325.000,300.000,300.000,-1,-1,-1,-1,800.000,875.000,-1,-1,2,0,2,0,2,0,0,0,0,2,2,2,2,0,0,2,2
16,4547.953,-8606.968,-63.967,-64.552,0.433696,0.898963,0.061419,-0.899410,0.427773,0.089845,0.054495,-0.094206,0.994060,0,0.75691,-0.71001,45.415,-1.420,-1,400.000,-1,425.000,-1,325.000,325.000,300.000,300.000,-1,-1,-1,-1,800.000,900.000,-1,-1,2,0,2,0,2,0,0,0,0,2,2,2,2,0,0,2,2
17,4567.982,-8651.401,-61.353,-65.732,0.415044,0.907807,0.060208,-0.908073,0.409271,0.088882,0.056046,-0.091563,0.994221,0,0.81230,-0.59001,48.738,-1.180,-1,400.000,-1,425.000,-1,325.000,325.000,300.000,300.000,-1,-1,-1,-1,800.000,900.000,-1,-1,2,0,2,0,2,0,0,0,0,2,2,2,2,0,0,2,2
18,4587.178,-8695.919,-58.849,-66.673,0.400033,0.914536,0.059978,-0.914758,0.394382,0.087639,0.056495,-0.089924,0.994345,0,0.80798,-0.47001,48.479,-0.940,-1,400.000,-1,425.000,-1,325.000,325.000,300.000,300.000,-1,-1,-1,-1,-1,900.000,-1,-1,2,0,2,0,2,0,0,0,0,2,2,2,2,2,0,2,2
19,4605.726,-8740.420,-56.383,-67.373,0.388755,0.919369,0.060254,-0.919627,0.383214,0.086215,0.056174,-0.088927,0.994453,0,0.80354,-0.35001,48.212,-0.700,-1,400.000,-1,400.000,-1,325.000,325.000,300.000,300.000,-1,-1,-1,-1,-1,900.000,-1,-1,2,0,2,0,2,0,0,0,0,2,2,2,2,2,0,2,2
20,4623.817,-8784.825,-53.865,-67.833,0.381275,0.922478,0.060525,-0.922798,0.375845,0.084763,0.055444,-0.088170,0.994561,0,0.79914,-0.23001,47.948,-0.460,-1,400.000,-1,400.000,-1,325.000,325.000,300.000,300.000,-1,-1,-1,-1,-1,900.000,-1,-1,2,0,2,0,2,0,0,0,0,2,2,2,2,2,0,2,2
21,4641.644,-8829.065,-51.318,-68.053,0.377634,0.923957,0.060791,-0.924359,0.372318,0.083303,0.054335,-0.087651,0.994668,0,0.79494,-0.11001,47.696,-0.220,-1,400.000,-1,400.000,-1,325.000,325.000,300.000,300.000,-1,-1,-1,-1,-1,900.000,-1,-1,2,0,2,0,2,0,0,0,0,2,2,2,2,2,0,2,2
22,4659.399,-8873.081,-48.763,-68.033,0.377852,0.923850,0.061066,-0.924356,0.372649,0.081850,0.052861,-0.087374,0.994772,0,0.79104,0.00999,47.462,0.020,-1,400.000,-1,400.000,-1,325.000,325.000,300.000,300.000,-1,-1,-1,-1,-1,875.000,-1,-1,2,0,2,0,2,0,0,0,0,2,2,2,2,2,0,2,2
23,4677.197,-8916.853,-46.210,-67.873,0.380322,0.922816,0.061364,-0.923437,0.375231,0.080413,0.051181,-0.087248,0.994871,0,0.78755,0.07999,47.253,0.160,-1,400.000,-1,400.000,-1,325.000,325.000,300.000,300.000,-1,-1,-1,-1,-1,875.000,-1,-1,2,0,2,0,2,0,0,0,0,2,2,2,2,2,0,2,2
24,4696.179,-8963.532,-43.476,-67.871,0.380237,0.922830,0.061690,-0.923556,0.375263,0.078880,0.049643,-0.086967,0.994974,0,0.83984,0.00070,50.390,0.001,-1,400.000,-1,400.000,-1,325.000,325.000,300.000,300.000,-1,-1,-1,-1,-1,875.000,-1,-1,2,1,2,0,2,0,0,0,0,2,2,2,2,2,0,2,2
25,4715.247,-9010.412,-40.713,-67.867,0.380198,0.922822,0.062034,-0.923654,0.375342,0.077342,0.048089,-0.086703,0.995073,0,0.84350,0.00217,50.610,0.004,-1,-1,-1,400.000,-1,350.000,325.000,300.000,325.000,-1,-1,-1,-1,-1,-1,-1,-1,2,2,2,0,2,1,0,0,0,2,2,2,2,2,2,2,2
26,4734.404,-9057.495,-37.919,-67.860,0.380199,0.922798,0.062396,-0.923734,0.375459,0.075799,0.046520,-0.086457,0.995169,0,0.84719,0.00341,50.832,0.007,-1,-1,-1,400.000,-1,400.000,325.000,300.000,325.000,-1,-1,-1,-1,-1,-1,-1,-1,2,2,2,0,2,1,0,0,0,2,2,2,2,2,2,2,2
27,4753.652,-9104.785,-35.418,-67.851,0.380241,0.922852,0.061329,-0.923748,0.375648,0.074685,0.045885,-0.085051,0.995320,0,0.85095,0.00443,51.057,0.009,-1,-1,-1,425.000,-1,-1,325.000,300.000,325.000,-1,-1,-1,-1,-1,-1,-1,-1,2,2,2,0,2,2,1,0,0,2,2,2,2,2,2,2,2
28,4772.994,-9152.284,-33.099,-67.841,0.380246,0.922952,0.059768,-0.923805,0.375886,0.072757,0.044685,-0.082880,0.995557,0,0.85478,0.00525,51.287,0.010,-1,-1,-1,400.000,-1,-1,350.000,300.000,300.000,-1,-1,-1,-1,-1,-1,-1,-1,2,2,2,0,2,2,1,0,0,2,2,2,2,2,2,2,2
29,4792.435,-9199.997,-30.824,-67.829,0.380252,0.923059,0.058057,-0.923871,0.376151,0.070519,0.043256,-0.080452,0.995819,0,0.85870,0.00590,51.522,0.012,-1,-1,-1,400.000,-1,-1,425.000,300.000,300.000,-1,-1,-1,-1,-1,-1,-1,-1,2,2,2,0,2,2,1,0,0,2,2,2,2,2,2,2,2
30,4811.978,-9247.929,-28.531,-67.816,0.380283,0.923149,0.056392,-0.923923,0.376428,0.068327,0.041849,-0.078086,0.996068,0,0.86271,0.00640,51.763,0.013,-1,-1,-1,400.000,-1,-1,-1,300.000,300.000,-1,-1,-1,-1,-1,-1,-1,-1,2,2,2,0,2,2,2,0,0,2,2,2,2,2,2,2,2
31,4831.627,-9296.085,-26.467,-67.802,0.380419,0.923154,0.055397,-0.923894,0.376685,0.067294,0.041256,-0.076780,0.996194,0,0.86684,0.00680,52.010,0.014,-1,-1,-1,400.000,-1,-1,-1,300.000,300.000,-1,-1,-1,-1,-1,-1,-1,-1,2,2,2,0,2,2,2,0,0,2,2,2,2,2,2,2,2
32,4851.400,-9344.463,-28.234,-67.788,0.380272,0.921934,0.073698,-0.924444,0.376455,0.060703,0.028220,-0.091213,0.995431,0,0.87107,0.00712,52.264,0.014,-1,-1,-1,375.000,-1,-1,-1,275.000,325.000,-1,-1,-1,-1,-1,-1,-1,-1,2,2,2,1,2,2,2,0,0,2,2,2,2,2,2,2,2
33,4871.301,-9393.070,-32.498,-67.773,0.379019,0.919452,0.104651,-0.925362,0.375720,0.050393,0.007015,-0.115940,0.993231,0,0.87540,0.00742,52.524,0.015,-1,-1,-1,400.000,-1,-1,-1,225.000,350.000,-1,-1,-1,-1,-1,-1,-1,-1,2,2,2,1,2,2,2,0,0,2,2,2,2,2,2,2,2
34,4891.333,-9441.911,-37.489,-67.758,0.376259,0.915974,0.139361,-0.926369,0.374588,0.039049,-0.016435,-0.143792,0.989471,0,0.87982,0.00776,52.789,0.016,-1,-1,-1,400.000,-1,-1,-1,175.000,375.000,-1,-1,-1,-1,-1,-1,-1,-1,2,2,2,1,2,2,2,0,0,2,2,2,2,2,2,2,2
35,4911.501,-9490.989,-43.221,-67.741,0.371539,0.911222,0.177859,-0.927467,0.372949,0.026712,-0.041992,-0.174883,0.983693,0,0.88430,0.00820,53.058,0.016,-1,-1,-1,-1,-1,-1,-1,125.000,425.000,-1,-1,-1,-1,-1,-1,-1,-1,2,2,2,2,2,2,2,0,0,2,2,2,2,2,2,2,2
36,-5575.414,9511.026,472.915,-45.555,0.699632,0.713260,0.042139,-0.714317,0.699579,0.018438,-0.016328,-0.043001,0.998942,1,0.00000,0.00000,53.328,0.018,-1,400.000,-1,425.000,400.000,325.000,325.000,325.000,325.000,675.000,-1,-1,-1,825.000,500.000,-1,450.000,2,0,2,0,1,0,0,0,0,1,2,2,2,0,1,2,1
37,-5572.039,9507.613,472.831,-45.315,0.702604,0.710327,0.042237,-0.711386,0.702564,0.018281,-0.016689,-0.042891,0.998940,0,0.08000,0.12000,4.800,0.240,-1,400.000,-1,425.000,400.000,325.000,325.000,325.000,325.000,675.000,-1,-1,-1,825.000,500.000,-1,450.000,2,0,2,0,1,0,0,0,0,1,2,2,2,0,1,2,1
38,-5565.231,9500.845,472.659,-44.835,0.708511,0.704423,0.042440,-0.705485,0.708497,0.017971,-0.017409,-0.042674,0.998937,0,0.16000,0.24000,9.600,0.480,-1,400.000,-1,425.000,400.000,325.000,325.000,325.000,325.000,675.000,-1,-1,-1,825.000,500.000,-1,425.000,2,0,2,0,1,0,0,0,0,1,2,2,2,0,1,2,1
39,-5554.895,9490.818,472.397,-44.129,0.717110,0.695647,0.042760,-0.696715,0.717134,0.017517,-0.018479,-0.042354,0.998932,0,0.24000,0.35306,14.400,0.706,-1,400.000,-1,425.000,375.000,325.000,325.000,325.000,325.000,700.000,-1,-1,-1,825.000,500.000,-1,425.000,2,0,2,1,1,0,0,0,0,1,2,2,2,0,1,2,1
40,-5540.952,9477.619,472.026,-43.430,0.725508,0.686854,0.043238,-0.687931,0.725578,0.016948,-0.019732,-0.042041,0.998921,0,0.32000,0.34957,19.200,0.699,-1,400.000,-1,425.000,375.000,325.000,325.000,325.000,325.000,725.000,-1,-1,-1,825.000,475.000,-1,425.000,2,0,2,1,1,0,0,0,0,1,2,2,2,0,1,2,1
41,-5523.325,9461.331,471.439,-42.739,0.733708,0.678077,0.043399,-0.679144,0.733826,0.016194,-0.020866,-0.041355,0.998927,0,0.40000,0.34534,24.000,0.691,-1,400.000,-1,400.000,350.000,325.000,325.000,325.000,325.000,725.000,-1,-1,-1,825.000,475.000,-1,400.000,2,0,2,1,1,0,0,0,0,1,2,2,2,0,1,2,1
42,-5501.942,9442.038,470.623,-42.058,0.741696,0.669338,0.043278,-0.670380,0.741859,0.015329,-0.021846,-0.040382,0.998945,0,0.48000,0.34033,28.800,0.681,-1,400.000,-1,400.000,325.000,325.000,325.000,325.000,325.000,750.000,-1,-1,-1,825.000,450.000,-1,375.000,2,0,2,1,1,0,0,0,0,1,2,2,2,0,1,2,1
43,-5476.735,9419.823,469.659,-41.389,0.749441,0.660659,0.043216,-0.661673,0.749655,0.014329,-0.022931,-0.039334,0.998963,0,0.56000,0.33450,33.600,0.669,-1,400.000,-1,375.000,300.000,325.000,325.000,325.000,325.000,775.000,-1,-1,-1,825.000,425.000,-1,350.000,2,0,2,1,1,0,0,0,0,1,2,2,2,0,1,2,1
44,-5447.638,9394.765,468.549,-40.734,0.756929,0.652067,0.043223,-0.653052,0.757198,0.013186,-0.024130,-0.038208,0.998978,0,0.64000,0.32778,38.400,0.656,-1,400.000,-1,375.000,275.000,325.000,325.000,325.000,325.000,800.000,-1,-1,-1,825.000,425.000,-1,325.000,2,0,2,1,1,0,0,0,0,1,2,2,2,0,1,2,1
45,-5414.590,9366.942,467.291,-40.093,0.764141,0.643594,0.043310,-0.644547,0.764472,0.011893,-0.025455,-0.037003,0.998991,0,0.72000,0.32014,43.200,0.640,-1,400.000,-1,350.000,250.000,325.000,325.000,325.000,325.000,850.000,-1,-1,-1,825.000,400.000,-1,300.000,2,0,2,1,1,0,0,0,0,1,2,2,2,0,1,2,1
46,-5377.537,9336.429,465.886,-39.470,0.771062,0.635273,0.043487,-0.636191,0.771461,0.010437,-0.026918,-0.035714,0.998999,0,0.80000,0.31150,48.000,0.623,-1,400.000,-1,325.000,225.000,325.000,325.000,325.000,325.000,875.000,-1,-1,-1,825.000,375.000,-1,250.000,2,0,2,1,1,0,0,0,0,1,2,2,2,0,1,2,1
47,-5336.426,9303.296,464.319,-38.867,0.777673,0.627139,0.043848,-0.628019,0.778148,0.008825,-0.028585,-0.034400,0.998999,0,0.88000,0.30184,52.800,0.604,-1,400.000,-1,300.000,175.000,325.000,325.000,325.000,300.000,925.000,-1,-1,-1,825.000,325.000,1000.000,200.000,2,0,2,1,1,0,0,0,0,1,2,2,2,0,1,1,1
48,-5291.214,9267.609,462.501,-38.284,0.783935,0.619219,0.044872,-0.620080,0.784506,0.007153,-0.030773,-0.033432,0.998967,0,0.96000,0.29112,57.600,0.582,1000.000,400.000,-1,275.000,150.000,325.000,300.000,325.000,300.000,975.000,-1,-1,-1,800.000,300.000,950.000,175.000,1,0,2,1,1,0,1,0,1,1,2,2,2,1,1,1,1
49,-5245.862,9232.532,464.218,-37.726,0.790121,0.611247,0.045671,-0.612538,0.790128,0.022239,-0.022493,-0.045547,0.998709,0,0.95557,0.27935,57.334,0.559,975.000,425.000,-1,250.000,125.000,350.000,300.000,300.000,275.000,950.000,-1,-1,-1,775.000,300.000,925.000,150.000,1,0,2,1,1,0,1,0,1,1,2,2,2,1,1,1,1
50,-5197.939,9196.432,470.429,-37.009,0.798497,0.600274,0.045541,-0.601998,0.796316,0.058987,-0.000857,-0.074516,0.997219,0,1.00000,0.35811,60.000,0.716,950.000,475.000,-1,250.000,125.000,400.000,300.000,275.000,250.000,825.000,200.000,450.000,-1,775.000,300.000,900.000,125.000,1,0,2,1,1,1,1,0,1,1,0,0,2,1,1,1,1
51,-5149.577,9160.919,476.511,-36.315,0.806862,0.589073,0.044355,-0.590382,0.801479,0.095292,0.020584,-0.103074,0.994461,0,1.00000,0.34713,60.000,0.694,925.000,550.000,-1,275.000,100.000,425.000,300.000,250.000,250.000,750.000,75.000,250.000,-1,800.000,350.000,900.000,125.000,1,0,2,1,1,1,1,0,1,1,0,0,2,1,1,1,1
52,-5100.798,9125.980,482.458,-35.645,0.815149,0.577716,0.042143,-0.577739,0.805611,0.131183,0.041836,-0.131281,0.990462,0,1.00000,0.33517,60.000,0.670,925.000,600.000,-1,300.000,100.000,450.000,350.000,250.000,225.000,600.000,50.000,225.000,-1,825.000,475.000,900.000,125.000,1,1,2,1,1,1,1,0,1,0,0,0,2,1,1,1,1
53,-5051.624,9091.598,488.160,-35.001,0.823348,0.566181,0.039205,-0.564005,0.808574,0.167650,0.063220,-0.160146,0.985067,0,1.00000,0.32218,60.000,0.644,900.000,600.000,-1,375.000,100.000,550.000,425.000,225.000,225.000,375.000,25.000,200.000,-1,825.000,-1,875.000,125.000,1,1,2,1,1,1,1,0,1,0,0,0,2,1,2,1,1
54,-5002.092,9057.736,490.148,-34.384,0.830496,0.555823,0.036564,-0.551916,0.812236,0.188843,0.075264,-0.177013,0.981326,0,1.00000,0.30810,60.000,0.616,850.000,600.000,-1,475.000,100.000,625.000,725.000,225.000,200.000,275.000,0.000,175.000,-1,825.000,-1,850.000,125.000,1,1,2,1,1,1,1,0,1,0,0,0,2,1,2,1,1
55,-4952.222,9024.375,490.354,-33.799,0.836799,0.546442,0.034195,-0.541299,0.816310,0.201577,0.082236,-0.187189,0.978876,0,1.00000,0.29290,60.000,0.586,775.000,575.000,-1,925.000,75.000,625.000,750.000,225.000,175.000,225.000,0.000,175.000,-1,825.000,-1,800.000,150.000,1,1,2,1,1,1,1,0,1,0,0,0,2,1,2,1,1
56,-4902.038,8991.490,489.201,-33.245,0.842329,0.538002,0.032188,-0.532151,0.820733,0.207878,0.085421,-0.192230,0.977625,0,1.00000,0.27657,60.000,0.553,700.000,550.000,-1,925.000,75.000,625.000,750.000,225.000,150.000,200.000,0.000,175.000,-1,800.000,-1,725.000,-1,1,1,2,1,1,1,1,0,1,0,0,0,2,1,2,1,2
57,-9511.017,3607.627,370.791,-57.216,0.541480,0.840696,0.005492,-0.840458,0.541464,-0.021144,-0.020749,0.006834,0.999761,1,0.00000,0.00000,59.787,0.518,-1,400.000,-1,400.000,-1,325.000,325.000,300.000,300.000,-1,-1,-1,-1,-1,775.000,-1,-1,2,0,2,0,2,0,0,0,0,2,2,2,2,2,0,2,2
58,-9508.435,3603.580,370.706,-57.456,0.537953,0.842957,0.005519,-0.842717,0.537938,-0.021206,-0.020844,0.006757,0.999760,0,0.08000,-0.12000,4.800,-0.240,-1,400.000,-1,400.000,-1,325.000,325.000,300.000,300.000,-1,-1,-1,-1,-1,775.000,-1,-1,2,0,2,0,2,0,0,0,0,2,2,2,2,2,0,2,2
59,-9503.338,3595.445,370.534,-57.936,0.530870,0.847435,0.005574,-0.847192,0.530858,-0.021324,-0.021030,0.006598,0.999757,0,0.16000,-0.24000,9.600,-0.480,-1,400.000,-1,400.000,-1,325.000,325.000,300.000,300.000,-1,-1,-1,-1,-1,775.000,-1,-1,2,0,2,0,2,0,0,0,0,2,2,2,2,2,0,2,2
60,-9495.848,3583.146,370.270,-58.656,0.520176,0.854040,0.005658,-0.853793,0.520168,-0.021489,-0.021295,0.006347,0.999753,0,0.24000,-0.36000,14.400,-0.720,-1,400.000,-1,400.000,-1,325.000,325.000,300.000,300.000,-1,-1,-1,-1,-1,775.000,-1,-1,2,0,2,0,2,0,0,0,0,2,2,2,2,2,0,2,2
61,-9486.136,3566.583,369.910,-59.616,0.505790,0.862637,0.005774,-0.862386,0.505788,-0.021683,-0.021625,0.005987,0.999748,0,0.32000,-0.48000,19.200,-0.960,-1,400.000,-1,400.000,-1,325.000,325.000,300.000,300.000,-1,-1,-1,-1,-1,775.000,-1,-1,2,0,2,0,2,0,0,0,0,2,2,2,2,2,0,2,2
62,-9474.433,3545.630,369.447,-60.816,0.487607,0.873043,0.005927,-0.872786,0.487612,-0.021888,-0.021999,0.005499,0.999743,0,0.40000,-0.60000,24.000,-1.200,-1,400.000,-1,400.000,-1,325.000,325.000,300.000,300.000,-1,-1,-1,-1,-1,775.000,-1,-1,2,0,2,0,2,0,0,0,0,2,2,2,2,2,0,2,2
63,-9460.953,3520.180,368.869,-62.090,0.468059,0.883676,0.006133,-0.883414,0.468074,-0.022073,-0.022376,0.004913,0.999738,0,0.48000,-0.63727,28.800,-1.275,-1,400.000,-1,400.000,-1,325.000,325.000,300.000,300.000,-1,-1,-1,-1,-1,775.000,-1,-1,2,0,2,0,2,0,0,0,0,2,2,2,2,2,0,2,2
64,-9445.882,3490.149,368.167,-63.351,0.448493,0.893763,0.006405,-0.893497,0.448519,-0.022218,-0.022730,0.004242,0.999733,0,0.56000,-0.63037,33.600,-1.261,-1,400.000,-1,400.000,-1,325.000,325.000,300.000,300.000,-1,-1,-1,-1,-1,775.000,-1,-1,2,0,2,0,2,0,0,0,0,2,2,2,2,2,0,2,2
65,-9429.409,3455.462,367.334,-64.596,0.428964,0.903296,0.006751,-0.903028,0.429003,-0.022305,-0.023044,0.003472,0.999728,0,0.64000,-0.62225,38.400,-1.245,-1,400.000,-1,400.000,-1,325.000,325.000,300.000,300.000,-1,-1,-1,-1,-1,775.000,-1,-1,2,0,2,0,2,0,0,0,0,2,2,2,2,2,0,2,2
66,-9411.714,3416.052,366.365,-65.821,0.409532,0.912267,0.007186,-0.911998,0.409587,-0.022308,-0.023294,0.002582,0.999725,0,0.72000,-0.61273,43.200,-1.225,-1,400.000,-1,400.000,-1,325.000,325.000,300.000,300.000,-1,-1,-1,-1,-1,775.000,-1,-1,2,0,2,0,2,0,0,0,0,2,2,2,2,2,0,2,2
67,-9392.978,3371.860,365.255,-67.024,0.390268,0.920669,0.007746,-0.920402,0.390342,-0.022224,-0.023484,0.001544,0.999723,0,0.80000,-0.60160,48.000,-1.203,-1,400.000,-1,400.000,-1,325.000,325.000,300.000,300.000,-1,-1,-1,-1,-1,775.000,-1,-1,2,0,2,0,2,0,0,0,0,2,2,2,2,2,1,2,2
68,-9373.371,3322.835,363.955,-68.202,0.371250,0.928495,0.008341,-0.928230,0.371343,-0.022194,-0.023705,0.000498,0.999719,0,0.88000,-0.58865,52.800,-1.177,-1,400.000,-1,400.000,-1,325.000,325.000,300.000,300.000,-1,-1,-1,-1,-1,800.000,-1,-1,2,0,2,0,2,0,0,0,0,2,2,2,2,2,1,2,2
69,-9353.057,3268.937,362.448,-69.349,0.352566,0.935744,0.008948,-0.935480,0.352679,-0.022251,-0.023977,-0.000526,0.999712,0,0.96000,-0.57361,57.600,-1.147,-1,400.000,-1,400.000,-1,325.000,325.000,300.000,300.000,-1,-1,-1,-1,-1,825.000,-1,-1,2,0,2,0,2,0,0,0,0,2,2,2,2,2,1,2,2
70,-9332.990,3212.392,360.847,-70.461,0.334311,0.942414,0.009633,-0.942153,0.334445,-0.022228,-0.024170,-0.001645,0.999707,0,1.00000,-0.55621,60.000,-1.112,-1,400.000,-1,400.000,-1,325.000,325.000,300.000,300.000,-1,-1,-1,-1,-1,850.000,-1,-1,2,0,2,0,2,0,0,0,0,2,2,2,2,2,1,2,2
71,-9313.986,3155.481,359.355,-71.535,0.316581,0.948513,0.009983,-0.948243,0.316730,-0.022753,-0.024743,-0.002263,0.999691,0,1.00000,-0.53675,60.000,-1.073,-1,400.000,-1,400.000,-1,325.000,325.000,300.000,300.000,-1,-1,-1,-1,-1,875.000,-1,-1,2,0,2,0,2,0,0,0,0,2,2,2,2,2,1,2,2
72,-9296.222,3098.171,357.847,-72.779,0.295900,0.955163,0.010335,-0.954885,0.296065,-0.023248,-0.025265,-0.002989,0.999676,0,1.00000,-0.62193,60.000,-1.244,-1,400.000,-1,400.000,-1,325.000,325.000,300.000,300.000,-1,-1,-1,-1,-1,875.000,-1,-1,2,0,2,0,2,0,0,0,0,2,2,2,2,2,1,2,2
73,-9279.658,3040.502,356.331,-73.975,0.275876,0.961134,0.010660,-0.960849,0.276057,-0.023706,-0.025727,-0.003703,0.999662,0,1.00000,-0.59819,60.000,-1.196,-1,400.000,-1,400.000,-1,325.000,325.000,300.000,300.000,-1,-1,-1,-1,-1,900.000,-1,-1,2,0,2,0,2,0,0,0,0,2,2,2,2,2,1,2,2
74,-9264.251,2982.514,354.807,-75.120,0.256591,0.966458,0.010963,-0.966167,0.256788,-0.024127,-0.026133,-0.004401,0.999649,0,1.00000,-0.57271,60.000,-1.145,-1,400.000,-1,400.000,-1,325.000,325.000,300.000,300.000,-1,-1,-1,-1,-1,925.000,-1,-1,2,0,2,1,2,0,0,0,0,2,2,2,2,2,1,2,2
75,-9249.950,2924.243,353.277,-76.211,0.238127,0.971169,0.011246,-0.970873,0.238338,-0.024516,-0.026489,-0.005081,0.999636,0,1.00000,-0.54552,60.000,-1.091,-1,400.000,-1,400.000,-1,325.000,325.000,300.000,300.000,-1,-1,-1,-1,-1,925.000,-1,-1,2,0,2,1,2,0,0,0,0,2,2,2,2,2,1,2,2
76,-9236.703,2865.724,351.742,-77.245,0.220559,0.975306,0.011514,-0.975005,0.220784,-0.024874,-0.026801,-0.005741,0.999624,0,1.00000,-0.51666,60.000,-1.033,-1,400.000,-1,425.000,-1,325.000,325.000,300.000,300.000,-1,-1,-1,-1,-1,925.000,-1,-1,2,1,2,1,2,1,1,1,0,2,2,2,2,2,1,2,2
77,-9224.451,2806.988,350.203,-78.217,0.203960,0.978908,0.011770,-0.978605,0.204200,-0.025203,-0.027075,-0.006378,0.999613,0,1.00000,-0.48620,60.000,-0.972,-1,425.000,-1,425.000,-1,350.000,350.000,325.000,300.000,-1,-1,-1,-1,-1,950.000,-1,-1,2,1,2,1,2,1,1,1,0,2,2,2,2,2,1,2,2
78,-9213.131,2748.066,348.661,-79.126,0.188400,0.982019,0.012015,-0.981712,0.188654,-0.025508,-0.027316,-0.006990,0.999602,0,1.00000,-0.45422,60.000,-0.908,-1,475.000,-1,425.000,-1,350.000,350.000,375.000,300.000,-1,-1,-1,-1,-1,950.000,-1,-1,2,1,2,1,2,1,1,1,0,2,2,2,2,2,1,2,2
79,-9202.678,2688.983,347.121,-79.967,0.173939,0.984680,0.012268,-0.984371,0.174206,-0.025798,-0.027540,-0.007589,0.999592,0,1.00000,-0.42087,60.000,-0.842,-1,-1,-1,450.000,-1,375.000,375.000,425.000,300.000,-1,-1,-1,-1,-1,950.000,-1,-1,2,2,2,1,2,1,1,1,0,2,2,2,2,2,1,2,2
80,-9193.023,2629.765,345.229,-80.740,0.160660,0.986945,0.011320,-0.986604,0.160913,-0.026840,-0.028311,-0.006856,0.999576,0,1.00000,-0.38633,60.000,-0.773,-1,-1,-1,450.000,-1,375.000,375.000,525.000,300.000,-1,-1,-1,-1,-1,950.000,-1,-1,2,2,2,1,2,1,1,1,0,2,2,2,2,2,1,2,2
81,-9184.384,2570.390,342.782,-81.721,0.143746,0.989561,0.010262,-0.989140,0.143990,-0.029467,-0.030637,-0.005915,0.999513,0,1.00000,-0.49056,60.000,-0.981,-1,-1,-1,450.000,950.000,400.000,375.000,650.000,300.000,-1,-1,-1,-1,-1,925.000,-1,-1,2,2,2,1,1,1,1,1,0,2,2,2,2,2,1,2,2
82,-9176.700,2510.883,338.787,-82.643,0.127528,0.991705,0.016046,-0.991106,0.128038,-0.036275,-0.038029,-0.011277,0.999213,0,1.00000,-0.46114,60.000,-0.922,-1,1000.000,-1,450.000,850.000,400.000,375.000,775.000,300.000,-1,-1,-1,-1,-1,875.000,-1,-1,2,1,2,1,1,1,1,1,0,2,2,2,2,2,1,2,2
83,-9169.913,2451.268,334.790,-83.507,0.112214,0.993449,0.021609,-0.992644,0.113065,-0.043291,-0.045451,-0.016593,0.998829,0,1.00000,-0.43187,60.000,-0.864,-1,775.000,-1,425.000,775.000,375.000,350.000,850.000,300.000,-1,-1,-1,-1,-1,825.000,-1,-1,2,1,2,1,1,1,1,1,0,2,2,2,2,2,1,2,2
84,-9164.001,2391.559,330.799,-84.347,0.097214,0.994898,0.026973,-0.993858,0.098481,-0.050476,-0.052875,-0.021901,0.998361,0,1.00000,-0.41993,60.000,-0.840,-1,550.000,-1,425.000,700.000,375.000,350.000,925.000,300.000,-1,-1,-1,-1,-1,775.000,-1,-1,2,1,2,1,1,1,1,1,0,2,2,2,2,2,1,2,2
85,-9158.939,2331.772,326.825,-85.163,0.082532,0.996070,0.032133,-0.994764,0.084288,-0.057787,-0.060268,-0.027195,0.997812,0,1.00000,-0.40809,60.000,-0.816,-1,500.000,-1,400.000,650.000,375.000,350.000,-1,275.000,-1,-1,-1,-1,-1,750.000,-1,-1,2,1,2,1,1,1,1,2,1,2,2,2,2,2,1,2,2
86,-9154.703,2271.920,322.874,-85.956,0.068179,0.996984,0.037086,-0.995380,0.070494,-0.065183,-0.067601,-0.032471,0.997184,0,1.00000,-0.39621,60.000,-0.792,-1,450.000,-1,400.000,600.000,375.000,350.000,-1,275.000,-1,-1,-1,-1,-1,700.000,-1,-1,2,1,2,1,1,1,1,2,1,2,2,2,2,2,1,2,2
87,-9151.270,2212.017,318.958,-86.724,0.054170,0.997655,0.041835,-0.995723,0.057111,-0.072625,-0.074844,-0.037721,0.996482,0,1.00000,-0.38408,60.000,-0.768,-1,425.000,-1,375.000,575.000,350.000,325.000,-1,275.000,-1,-1,-1,-1,-1,675.000,-1,-1,2,1,2,1,1,1,1,2,1,2,2,2,2,2,1,2,2
88,-9148.614,2152.074,315.083,-87.466,0.040536,0.998101,0.046382,-0.995810,0.044164,-0.080077,-0.081973,-0.042942,0.995709,0,1.00000,-0.37138,60.000,-0.743,-1,400.000,-1,350.000,525.000,325.000,300.000,-1,275.000,-1,-1,-1,-1,-1,650.000,-1,-1,2,1,2,1,1,1,1,2,1,2,2,2,2,2,1,2,2
89,-9146.705,2092.103,311.256,-88.182,0.027317,0.998338,0.050736,-0.995660,0.031691,-0.087501,-0.088964,-0.048125,0.994872,0,1.00000,-0.35771,60.000,-0.715,-1,375.000,-1,350.000,500.000,300.000,300.000,-1,275.000,-1,-1,-1,-1,750.000,625.000,-1,1000.000,2,1,2,1,1,1,1,2,1,2,2,2,2,1,1,2,1
90,-9145.294,2032.117,307.439,-88.657,0.018231,0.998319,0.055009,-0.995218,0.023400,-0.094832,-0.095959,-0.053017,0.993972,0,1.00000,-0.23771,60.000,-0.475,-1,350.000,-1,325.000,475.000,300.000,275.000,-1,250.000,-1,-1,-1,-1,575.000,575.000,-1,825.000,2,1,2,1,1,1,1,2,1,2,2,2,2,1,1,2,1
91,-9144.130,1972.127,303.521,-88.893,0.013322,0.998170,0.058993,-0.994613,0.019294,-0.101847,-0.102798,-0.057318,0.993049,0,1.00000,-0.11771,60.000,-0.235,-1,325.000,-1,325.000,450.000,275.000,275.000,-1,250.000,-1,-1,-1,-1,525.000,550.000,-1,750.000,2,1,2,1,1,1,1,2,1,2,2,2,2,1,1,2,1
92,-9142.964,1912.139,299.306,-88.888,0.013544,0.998056,0.060838,-0.995170,0.019371,-0.096240,-0.097231,-0.059240,0.993497,0,1.00000,0.00229,60.000,0.005,-1,325.000,-1,325.000,500.000,275.000,275.000,-1,250.000,-1,-1,-1,-1,525.000,575.000,-1,-1,2,1,2,1,1,1,1,2,1,2,2,2,2,1,1,2,2
93,-9141.545,1852.158,295.456,-88.644,0.018216,0.997965,0.061100,-0.995740,0.023632,-0.089121,-0.090383,-0.059217,0.994145,0,1.00000,0.12229,60.000,0.245,-1,325.000,-1,350.000,550.000,275.000,275.000,-1,250.000,-1,-1,-1,-1,525.000,625.000,-1,-1,2,1,2,1,1,1,1,2,1,2,2,2,2,1,0,2,2
94,-9139.635,1792.714,291.601,-88.159,0.027060,0.997746,0.061411,-0.996104,0.032072,-0.082152,-0.083937,-0.058948,0.994726,0,0.99127,0.24229,59.476,0.485,-1,325.000,-1,350.000,600.000,275.000,275.000,-1,250.000,-1,-1,-1,-1,525.000,675.000,-1,-1,2,1,2,1,1,1,1,2,1,2,2,2,2,1,0,2,2
95,-9137.056,1735.154,287.482,-87.434,0.039874,0.997202,0.063226,-0.996062,0.044684,-0.076580,-0.079191,-0.059923,0.995057,0,0.96033,0.36229,57.620,0.725,-1,325.000,-1,350.000,-1,275.000,275.000,-1,225.000,-1,-1,-1,-1,750.000,700.000,-1,-1,2,1,2,1,2,1,1,2,1,2,2,2,2,1,0,2,2
96,-9133.640,1679.859,282.497,-86.470,0.056321,0.996007,0.069270,-0.995346,0.061446,-0.074240,-0.078200,-0.064766,0.994832,0,0.92336,0.48229,55.402,0.965,-1,325.000,-1,350.000,-1,275.000,275.000,-1,250.000,-1,300.000,-1,-1,775.000,725.000,-1,-1,2,1,2,1,2,1,1,2,1,2,0,2,2,1,0,2,2
97,-9129.266,1627.137,277.365,-85.265,0.076726,0.994095,0.076739,-0.993938,0.082338,-0.072855,-0.078743,-0.070684,0.994386,0,0.88173,0.60229,52.904,1.205,-1,300.000,-1,350.000,-1,275.000,275.000,-1,250.000,-1,300.000,-1,-1,775.000,750.000,-1,-1,2,1,2,0,2,1,1,2,1,2,1,2,2,1,0,2,2
98,-9123.839,1577.090,272.104,-83.821,0.101033,0.991185,0.085701,-0.991600,0.107317,-0.072194,-0.080755,-0.077687,0.993702,0,0.83901,0.72229,50.341,1.445,-1,275.000,-1,350.000,-1,250.000,275.000,-1,250.000,-1,325.000,-1,-1,750.000,750.000,-1,-1,2,1,2,0,2,1,1,2,1,2,1,2,2,1,0,2,2
99,-9117.233,1529.343,266.696,-82.136,0.129159,0.986943,0.096241,-0.988051,0.136318,-0.071924,-0.084104,-0.085801,0.992756,0,0.80337,0.84229,48.202,1.685,-1,275.000,-1,350.000,-1,225.000,250.000,-1,275.000,-1,350.000,-1,-1,750.000,750.000,-1,-1,2,1,2,0,2,1,0,2,1,2,1,2,2,1,0,2,2
100,-9109.361,1483.797,261.147,-80.211,0.160998,0.980983,0.108411,-0.982964,0.169244,-0.071677,-0.088662,-0.095024,0.991519,0,0.77037,0.96229,46.222,1.925,-1,250.000,-1,350.000,-1,225.000,250.000,-1,275.000,-1,425.000,-1,-1,725.000,750.000,1000.000,975.000,2,0,2,0,2,0,0,2,1,2,1,2,2,1,0,1,1
101,-9100.211,1440.033,255.561,-78.211,0.193724,0.973502,0.121512,-0.976580,0.203173,-0.070798,-0.093609,-0.104951,0.990062,0,0.74520,1.00000,44.712,2.000,-1,250.000,1000.000,325.000,-1,200.000,250.000,-1,300.000,-1,-1,-1,-1,700.000,725.000,950.000,925.000,2,1,1,0,2,0,0,2,1,2,2,2,2,1,0,1,1
102,-9089.804,1397.705,249.968,-76.211,0.226049,0.964695,0.135151,-0.969120,0.236748,-0.068968,-0.098529,-0.115387,0.988422,0,0.72652,1.00000,43.591,2.000,-1,300.000,975.000,325.000,950.000,200.000,250.000,-1,325.000,-1,-1,-1,-1,675.000,725.000,900.000,875.000,2,1,1,0,1,0,0,2,1,2,2,2,2,1,0,1,1
103,-7543.221,-5575.424,107.611,150.212,-0.867832,-0.496771,0.009302,0.496827,-0.867834,0.005150,0.005515,0.009091,0.999943,1,0.00000,0.00000,42.782,2.000,-1,400.000,-1,375.000,-1,325.000,325.000,300.000,300.000,-1,-1,-1,-1,800.000,750.000,-1,-1,2,0,2,0,2,0,0,0,0,2,2,2,2,0,0,2,2
104,-7547.396,-5573.057,107.637,150.452,-0.869906,-0.493132,0.009160,0.493187,-0.869908,0.005125,0.005441,0.008976,0.999945,0,0.08000,0.12000,4.800,0.240,-1,400.000,-1,375.000,-1,325.000,325.000,300.000,300.000,-1,-1,-1,-1,775.000,750.000,-1,-1,2,0,2,0,2,0,0,0,0,2,2,2,2,0,0,2,2
105,-7555.787,-5568.393,107.690,150.932,-0.874010,-0.485828,0.008874,0.485880,-0.874011,0.005074,0.005291,0.008747,0.999948,0,0.16000,0.24000,9.600,0.480,-1,400.000,-1,375.000,-1,325.000,325.000,300.000,300.000,-1,-1,-1,-1,775.000,750.000,-1,-1,2,0,2,0,2,0,0,0,0,2,2,2,2,0,0,2,2
106,-7568.459,-5561.554,107.773,151.644,-0.879984,-0.474928,0.008445,0.474976,-0.879985,0.004993,0.005060,0.008404,0.999952,0,0.24000,0.35609,14.400,0.712,-1,400.000,-1,375.000,-1,325.000,325.000,300.000,300.000,-1,-1,-1,-1,775.000,725.000,-1,-1,2,0,2,0,2,0,0,0,0,2,2,2,2,0,0,2,2
107,-7585.468,-5552.645,107.890,152.356,-0.885823,-0.463956,0.007874,0.463999,-0.885822,0.004878,0.004712,0.007974,0.999957,0,0.32000,0.35605,19.200,0.712,-1,400.000,-1,375.000,-1,325.000,325.000,300.000,300.000,-1,-1,-1,-1,775.000,725.000,-1,-1,2,0,2,0,2,0,0,0,0,2,2,2,2,0,0,2,2
108,-7606.865,-5541.775,108.044,153.069,-0.891526,-0.452912,0.007161,0.452949,-0.891524,0.004728,0.004242,0.007459,0.999963,0,0.40000,0.35607,24.000,0.712,-1,400.000,-1,375.000,-1,325.000,325.000,300.000,300.000,-1,-1,-1,-1,775.000,725.000,-1,-1,2,0,2,0,2,0,0,0,0,2,2,2,2,0,0,2,2
109,-7632.702,-5529.051,108.238,153.781,-0.897094,-0.441794,0.006305,0.441824,-0.897090,0.004543,0.003649,0.006861,0.999970,0,0.48000,0.35621,28.800,0.712,-1,400.000,-1,375.000,-1,325.000,325.000,300.000,300.000,-1,-1,-1,-1,775.000,725.000,-1,-1,2,0,2,0,2,0,0,0,0,2,2,2,2,0,0,2,2
110,-7663.027,-5514.583,108.475,154.494,-0.902528,-0.430598,0.005307,0.430621,-0.902522,0.004319,0.002930,0.006183,0.999977,0,0.56000,0.35651,33.600,0.713,-1,400.000,-1,375.000,-1,325.000,325.000,300.000,300.000,-1,-1,-1,-1,775.000,725.000,-1,-1,2,0,2,0,2,0,0,0,0,2,2,2,2,0,0,2,2
111,-7696.445,-5499.147,108.747,155.208,-0.907829,-0.419319,0.004213,0.419334,-0.907823,0.004065,0.002120,0.005457,0.999983,0,0.61351,0.35704,36.810,0.714,-1,400.000,-1,375.000,-1,325.000,325.000,300.000,300.000,-1,-1,-1,-1,775.000,725.000,-1,-1,2,0,2,0,2,0,0,0,0,2,2,2,2,0,0,2,2
112,-7729.865,-5484.214,109.004,155.924,-0.913000,-0.407948,0.003155,0.407958,-0.912993,0.003683,0.001377,0.004650,0.999988,0,0.61008,0.35784,36.605,0.716,-1,400.000,-1,375.000,-1,325.000,325.000,300.000,300.000,-1,-1,-1,-1,750.000,725.000,-1,-1,2,0,2,0,2,0,0,0,0,2,2,2,2,0,0,2,2
113,-7763.287,-5469.779,109.149,156.641,-0.918040,-0.396482,0.002269,0.396487,-0.918036,0.002685,0.001018,0.003364,0.999994,0,0.60677,0.35886,36.406,0.718,-1,400.000,-1,375.000,-1,325.000,325.000,300.000,300.000,-1,-1,-1,-1,750.000,700.000,-1,-1,2,0,2,0,2,0,0,0,0,2,2,2,2,0,0,2,2
114,-7796.715,-5455.839,109.303,157.362,-0.922952,-0.384914,0.001414,0.384916,-0.922950,0.001675,0.000661,0.002091,0.999998,0,0.60363,0.36007,36.218,0.720,-1,400.000,-1,375.000,-1,325.000,325.000,300.000,300.000,-1,-1,-1,-1,750.000,700.000,-1,-1,2,0,2,0,2,0,0,0,0,2,2,2,2,0,0,2,2
115,-7830.150,-5442.387,109.506,158.085,-0.927735,-0.373238,0.000781,0.373238,-0.927735,0.000762,0.000440,0.000999,0.999999,0,0.60066,0.36149,36.039,0.723,-1,400.000,-1,375.000,-1,325.000,325.000,300.000,300.000,-1,-1,-1,-1,750.000,700.000,-1,-1,2,0,2,0,2,0,0,0,0,2,2,2,2,0,0,2,2
116,-7863.597,-5429.421,109.730,158.811,-0.932392,-0.361449,0.000237,0.361449,-0.932392,-0.000120,0.000264,-0.000026,1.000000,0,0.59788,0.36310,35.873,0.726,-1,400.000,-1,375.000,-1,325.000,325.000,300.000,300.000,-1,-1,-1,-1,750.000,700.000,-1,-1,2,0,2,0,2,0,0,0,0,2,2,2,2,0,0,2,2
117,-7897.062,-5416.936,109.959,159.541,-0.936920,-0.349544,-0.000291,0.349544,-0.936919,-0.001012,0.000081,-0.001049,0.999999,0,0.59531,0.36491,35.719,0.730,-1,400.000,-1,375.000,-1,325.000,325.000,300.000,300.000,-1,-1,-1,-1,725.000,700.000,-1,-1,2,0,2,0,2,0,0,0,0,2,2,2,2,0,0,2,2
118,-7930.553,-5404.928,110.174,160.274,-0.941320,-0.337516,-0.000727,0.337517,-0.941318,-0.001866,-0.000055,-0.002002,0.999998,0,0.59297,0.36689,35.578,0.734,-1,375.000,-1,375.000,-1,325.000,325.000,300.000,300.000,-1,-1,-1,-1,725.000,700.000,-1,-1,2,0,2,0,2,0,0,0,0,2,2,2,2,0,0,2,2
119,-7968.678,-5391.628,110.233,160.768,-0.944194,-0.329391,-0.000396,0.329391,-0.944191,-0.002320,0.000390,-0.002321,0.999997,0,0.67297,0.24689,40.378,0.494,-1,375.000,-1,375.000,-1,325.000,325.000,300.000,300.000,-1,-1,-1,-1,725.000,700.000,-1,-1,2,0,2,0,2,0,0,0,0,2,2,2,2,0,0,2,2
120,-8009.482,-5377.595,110.367,161.022,-0.945644,-0.325205,0.000067,0.325203,-0.945639,-0.003038,0.001051,-0.002851,0.999995,0,0.71917,0.12689,43.150,0.254,-1,400.000,-1,375.000,-1,325.000,325.000,300.000,300.000,-1,-1,-1,-1,725.000,700.000,-1,-1,2,0,2,0,2,0,0,0,0,2,2,2,2,0,0,2,2
121,-8050.245,-5363.649,110.520,161.113,-0.946160,-0.323699,0.000552,0.323694,-0.946154,-0.003770,0.001743,-0.003389,0.999993,0,0.71804,0.04561,43.083,0.091,-1,400.000,-1,375.000,-1,325.000,325.000,300.000,300.000,-1,-1,-1,-1,725.000,700.000,-1,-1,2,0,2,0,2,0,0,0,0,2,2,2,2,0,0,2,2
122,-8090.994,-5349.786,110.685,161.211,-0.946710,-0.322087,0.001044,0.322079,-0.946702,-0.004507,0.002440,-0.003931,0.999989,0,0.71738,0.04877,43.043,0.098,-1,400.000,-1,375.000,-1,325.000,325.000,300.000,300.000,-1,-1,-1,-1,725.000,700.000,-1,-1,2,0,2,0,2,0,0,0,0,2,2,2,2,0,0,2,2
123,-8131.744,-5336.004,110.859,161.315,-0.947293,-0.320364,0.001542,0.320353,-0.947284,-0.005248,0.003142,-0.004477,0.999985,0,0.71695,0.05209,43.017,0.104,-1,400.000,-1,375.000,-1,325.000,325.000,300.000,300.000,-1,-1,-1,-1,725.000,700.000,-1,-1,2,0,2,0,2,0,0,0,0,2,2,2,2,0,0,2,2
124,-8172.509,-5322.306,111.045,161.426,-0.947912,-0.318526,0.002046,0.318509,-0.947901,-0.005993,0.003849,-0.005029,0.999980,0,0.71675,0.05555,43.005,0.111,-1,400.000,-1,375.000,-1,325.000,325.000,300.000,300.000,-1,-1,-1,-1,725.000,700.000,-1,-1,2,0,2,0,2,0,0,0,0,2,2,2,2,0,0,2,2
125,-8213.305,-5308.691,111.241,161.544,-0.948567,-0.316567,0.002558,0.316544,-0.948554,-0.006743,0.004561,-0.005587,0.999974,0,0.71679,0.05916,43.008,0.118,-1,400.000,-1,375.000,-1,325.000,325.000,300.000,300.000,-1,-1,-1,-1,725.000,700.000,-1,-1,2,0,2,0,2,0,0,0,0,2,2,2,2,0,0,2,2
126,-8254.146,-5295.160,111.447,161.670,-0.949259,-0.314482,0.003076,0.314452,-0.949244,-0.007498,0.005278,-0.006150,0.999967,0,0.71707,0.06292,43.024,0.126,-1,400.000,-1,375.000,-1,325.000,325.000,300.000,300.000,-1,-1,-1,-1,725.000,700.000,-1,-1,2,0,2,0,2,0,0,0,0,2,2,2,2,0,0,2,2
127,-8295.047,-5281.716,111.664,161.804,-0.949988,-0.312266,0.003602,0.312229,-0.949971,-0.008256,0.006000,-0.006719,0.999959,0,0.71758,0.06681,43.055,0.134,-1,375.000,-1,375.000,-1,325.000,325.000,300.000,325.000,-1,-1,-1,-1,725.000,700.000,-1,-1,2,0,2,0,2,0,0,0,0,2,2,2,2,0,0,2,2
128,-8336.024,-5268.358,111.891,161.945,-0.950755,-0.309915,0.004135,0.309870,-0.950736,-0.009019,0.006727,-0.007294,0.999951,0,0.71831,0.07083,43.099,0.142,-1,375.000,-1,375.000,-1,325.000,325.000,300.000,325.000,-1,-1,-1,-1,725.000,700.000,-1,-1,2,0,2,0,2,0,0,0,0,2,2,2,2,0,0,2,2
129,-8377.090,-5255.091,112.128,162.095,-0.951561,-0.307424,0.004676,0.307369,-0.951540,-0.009786,0.007458,-0.007875,0.999941,0,0.71927,0.07499,43.156,0.150,-1,375.000,-1,375.000,-1,325.000,325.000,300.000,325.000,-1,-1,-1,-1,725.000,700.000,-1,-1,2,0,2,0,2,0,0,0,0,2,2,2,2,0,0,2,2
130,-8418.260,-5241.916,112.377,162.254,-0.952406,-0.304788,0.005227,0.304723,-0.952383,-0.010565,0.008198,-0.008469,0.999931,0,0.72044,0.07928,43.227,0.159,-1,375.000,-1,375.000,-1,325.000,325.000,300.000,325.000,-1,-1,-1,-1,725.000,700.000,-1,-1,2,0,2,0,2,0,0,0,0,2,2,2,2,0,0,2,2
131,-8459.547,-5228.835,112.678,162.421,-0.953290,-0.302003,0.005728,0.301928,-0.953265,-0.011194,0.008840,-0.008942,0.999921,0,0.72184,0.08369,43.310,0.167,-1,375.000,-1,375.000,-1,325.000,325.000,300.000,300.000,-1,-1,-1,-1,725.000,700.000,-1,-1,2,0,2,0,2,0,0,0,0,2,2,2,2,0,0,2,2
132,-8500.967,-5215.853,113.099,162.598,-0.954210,-0.299066,0.006544,0.298981,-0.954190,-0.011489,0.009680,-0.009006,0.999913,0,0.72344,0.08822,43.407,0.176,-1,375.000,-1,375.000,-1,325.000,325.000,300.000,300.000,-1,-1,-1,-1,725.000,700.000,-1,-1,2,0,2,0,2,0,0,0,0,2,2,2,2,0,0,2,2
133,-8542.929,-5202.653,113.583,162.538,-0.953892,-0.300060,0.007370,0.299966,-0.953879,-0.011651,0.010526,-0.008903,0.999905,0,0.73315,-0.02984,43.989,-0.060,-1,375.000,-1,375.000,-1,325.000,325.000,300.000,300.000,-1,-1,-1,-1,725.000,700.000,-1,-1,2,0,2,0,2,0,0,0,0,2,2,2,2,0,0,2,2
134,-8585.002,-5189.378,114.095,162.488,-0.953623,-0.300894,0.008163,0.300790,-0.953616,-0.011868,0.011355,-0.008863,0.999896,0,0.73530,-0.02504,44.118,-0.050,-1,375.000,-1,375.000,-1,325.000,325.000,300.000,300.000,-1,-1,-1,-1,750.000,700.000,-1,-1,2,0,2,0,2,0,0,0,0,2,2,2,2,0,0,2,2
135,-8627.198,-5176.031,114.691,162.448,-0.953406,-0.301564,0.008774,0.301450,-0.953403,-0.012305,0.012076,-0.009086,0.999886,0,0.73761,-0.02014,44.257,-0.040,-1,375.000,-1,375.000,-1,325.000,325.000,300.000,300.000,-1,-1,-1,-1,750.000,700.000,-1,-1,2,0,2,0,2,0,0,0,0,2,2,2,2,0,0,2,2
136,-8669.529,-5162.617,115.352,162.417,-0.953240,-0.302066,0.009467,0.301937,-0.953239,-0.012976,0.012944,-0.009511,0.999871,0,0.74008,-0.01514,44.405,-0.030,-1,375.000,-1,375.000,-1,325.000,325.000,300.000,300.000,-1,875.000,-1,-1,750.000,700.000,-1,-1,2,0,2,0,2,0,0,0,0,2,0,2,2,0,0,2,2
137,-8712.005,-5149.141,116.029,162.397,-0.953127,-0.302399,0.010158,0.302255,-0.953129,-0.013663,0.013814,-0.009952,0.999855,0,0.74271,-0.01005,44.562,-0.020,-1,400.000,-1,375.000,-1,325.000,325.000,300.000,300.000,-1,875.000,-1,-1,750.000,700.000,-1,-1,2,0,2,0,2,0,0,0,0,2,0,2,2,0,0,2,2
138,-8754.637,-5135.607,116.723,162.388,-0.953069,-0.302560,0.010847,0.302398,-0.953074,-0.014364,0.014684,-0.010410,0.999838,0,0.74549,-0.00486,44.729,-0.010,-1,400.000,-1,375.000,-1,325.000,325.000,300.000,300.000,-1,850.000,925.000,-1,750.000,700.000,-1,-1,2,0,2,0,2,0,0,0,0,2,0,0,2,0,0,2,2
139,-8797.437,-5122.021,117.434,162.388,-0.953065,-0.302544,0.011534,0.302364,-0.953073,-0.015081,0.015555,-0.010886,0.999820,0,0.74841,0.00042,44.905,0.001,-1,400.000,-1,375.000,-1,325.000,325.000,300.000,300.000,-1,825.000,900.000,-1,750.000,725.000,-1,-1,2,0,2,0,2,0,0,0,0,2,0,0,2,0,0,2,2
