timestep,x_cm,y_cm,z_cm,yaw_deg,basis_xx,basis_xy,basis_xz,basis_yx,basis_yy,basis_yz,basis_zx,basis_zy,basis_zz,teleport_flag,throttle_cmd,steering_cmd,cmd_move_cm,cmd_turn_deg,lidar_cm_0,lidar_cm_1,lidar_cm_2,lidar_cm_3,lidar_cm_4,lidar_cm_5,lidar_cm_6,lidar_cm_7,lidar_cm_8,lidar_cm_9,lidar_cm_10,lidar_cm_11,lidar_cm_12,lidar_cm_13,lidar_cm_14,lidar_cm_15,lidar_cm_16,lidar_class_0,lidar_class_1,lidar_class_2,lidar_class_3,lidar_class_4,lidar_class_5,lidar_class_6,lidar_class_7,lidar_class_8,lidar_class_9,lidar_class_10,lidar_class_11,lidar_class_12,lidar_class_13,lidar_class_14,lidar_class_15,lidar_class_16
0,-452.687,-1418.013,-89.662,32.354,0.844756,-0.535073,0.009203,0.535151,0.844607,-0.015870,0.000719,0.018332,0.999832,0,-0.14013,-0.70579,0.971,-0.010,-1,407.082,-1,749.950,-1,389.319,474.036,652.119,407.934,-1,-1,-1,-1,-1,-1,-1,-1,2,0,2,0,2,0,0,0,0,2,2,2,2,2,2,2,2
1,-453.611,-1418.762,-83.985,32.346,0.844836,-0.534956,0.008582,0.535024,0.844695,-0.015465,0.001024,0.017656,0.999844,0,-0.14016,-0.70579,1.190,-0.009,-1,420.034,-1,780.423,-1,404.166,490.412,671.738,422.098,-1,-1,-1,-1,-1,-1,-1,-1,2,0,2,0,2,0,0,0,0,2,2,2,2,2,2,2,2
2,-454.694,-1419.623,-79.026,32.342,0.844868,-0.534910,0.008266,0.534973,0.844729,-0.015415,0.001263,0.017446,0.999847,0,-0.14020,-0.70579,1.384,-0.003,-1,431.622,-1,803.956,-1,417.131,504.513,690.006,433.654,-1,-1,-1,-1,-1,-1,-1,-1,2,0,2,0,2,0,0,0,0,2,2,2,2,2,2,2,2
3,-455.965,-1420.489,-75.204,32.369,0.844612,-0.535311,0.008516,0.535377,0.844462,-0.015975,0.001360,0.018052,0.999836,0,-0.14023,-0.70579,1.538,0.027,-1,440.825,-1,819.838,-1,427.051,514.658,706.746,441.428,-1,-1,-1,-1,-1,-1,-1,-1,2,0,2,0,2,0,0,0,0,2,2,2,2,2,2,2,2
4,-457.395,-1421.413,-72.667,32.412,0.844216,-0.535924,0.009277,0.536003,0.844057,-0.016397,0.000957,0.018815,0.999823,0,-0.14023,-0.70579,1.702,0.042,-1,446.328,-1,827.075,-1,432.550,519.950,719.324,445.973,-1,-1,-1,-1,-1,-1,-1,-1,2,0,2,0,2,0,0,0,0,2,2,2,2,2,2,2,2
5,-458.980,-1422.393,-71.419,32.464,0.843732,-0.536661,0.010553,0.536765,0.843568,-0.016642,0.000029,0.019706,0.999806,0,-0.14021,-0.70579,1.864,0.052,-1,448.080,-1,825.621,-1,433.579,520.368,727.480,447.320,-1,-1,-1,-1,-1,-1,-1,-1,2,0,2,0,2,0,0,0,0,2,2,2,2,2,2,2,2
6,-460.717,-1423.428,-71.461,32.524,0.843166,-0.537511,0.012332,0.537651,0.843002,-0.016712,-0.001413,0.020722,0.999784,0,-0.14018,-0.70579,2.022,0.060,-1,446.112,-1,815.694,-1,430.198,515.986,731.058,445.491,-1,-1,-1,-1,-1,-1,-1,-1,2,0,2,0,2,0,0,0,0,2,2,2,2,2,2,2,2
7,-462.597,-1424.524,-72.793,32.589,0.842550,-0.538420,0.014579,0.538607,0.842394,-0.016577,-0.003356,0.021819,0.999756,0,-0.14015,-0.70579,2.176,0.065,-1,440.481,-1,797.714,-1,422.544,506.962,729.852,440.569,-1,-1,-1,-1,-1,-1,-1,-1,2,0,2,0,2,0,0,0,0,2,2,2,2,2,2,2,2
8,-464.613,-1425.667,-75.375,32.656,0.841917,-0.539333,0.017225,0.539580,0.841769,-0.016678,-0.005504,0.023336,0.999713,0,-0.14011,-0.70579,2.318,0.067,-1,431.971,-1,770.130,-1,411.812,494.072,725.226,432.203,-1,-1,-1,-1,-1,-1,-1,-1,2,0,2,0,2,0,0,0,0,2,2,2,2,2,2,2,2
9,-466.740,-1426.852,-78.823,32.733,0.841181,-0.540382,0.020055,0.540705,0.841026,-0.017690,-0.007307,0.025724,0.999642,0,-0.14008,-0.70579,2.435,0.077,-1,422.736,-1,739.214,-1,399.695,479.414,720.441,420.702,-1,-1,-1,-1,991.661,-1,-1,-1,2,0,2,0,2,0,0,0,0,2,2,2,2,0,2,2,2
10,-468.993,-1428.095,-82.568,32.813,0.840408,-0.541461,0.023090,0.541874,0.840252,-0.018687,-0.009283,0.028217,0.999559,0,-0.14003,-0.70579,2.573,0.080,-1,412.686,-1,711.366,-1,386.736,463.702,714.866,408.134,-1,-1,-1,-1,903.570,-1,-1,-1,2,0,2,0,2,0,0,0,0,2,2,2,2,0,2,2,2
11,-471.401,-1429.420,-86.143,32.891,0.839649,-0.542490,0.026344,0.543004,0.839509,-0.019258,-0.011668,0.030475,0.999467,0,-0.13998,-0.70579,2.748,0.078,-1,402.381,-1,684.146,-1,376.440,447.873,708.969,396.356,-1,-1,-1,-1,807.098,-1,-1,-1,2,0,2,0,2,0,0,0,0,2,2,2,2,0,2,2,2
12,-473.929,-1430.777,-88.980,32.970,0.838886,-0.543592,0.027896,0.544150,0.838775,-0.018930,-0.013108,0.031060,0.999432,0,-0.13994,-0.70579,2.870,0.079,-1,394.383,-1,665.683,-1,368.755,437.177,700.012,388.748,-1,-1,-1,-1,730.773,-1,-1,-1,2,0,2,0,2,0,0,0,0,2,2,2,2,0,2,2,2
13,-476.581,-1432.078,-90.693,33.045,0.838182,-0.544765,0.026109,0.545252,0.838088,-0.017591,-0.012299,0.028980,0.999504,0,-0.13990,-0.70579,2.954,0.075,-1,390.925,-1,662.815,-1,365.964,434.378,686.363,387.601,-1,-1,-1,-1,700.481,-1,-1,-1,2,0,2,0,2,0,0,0,0,2,2,2,2,0,2,2,2
14,-479.403,-1433.352,-91.307,33.117,0.837513,-0.545986,0.021702,0.546332,0.837424,-0.015613,-0.009649,0.024932,0.999643,0,-0.13986,-0.70579,3.095,0.073,-1,391.629,-1,673.213,-1,367.548,437.424,670.775,391.908,-1,-1,-1,-1,700.047,-1,-1,-1,2,0,2,0,2,0,0,0,0,2,2,2,2,0,2,2,2
15,-482.440,-1434.660,-91.039,33.190,0.836842,-0.547210,0.016021,0.547410,0.836757,-0.013413,-0.006065,0.019995,0.999782,0,-0.13983,-0.70579,3.307,0.073,-1,395.222,-1,692.046,-1,372.085,444.305,656.190,399.720,-1,-1,-1,-1,710.205,-1,-1,-1,2,0,2,0,2,0,0,0,0,2,2,2,2,0,2,2,2
16,-485.692,-1436.056,-90.163,33.266,0.836128,-0.548438,0.010248,0.548529,0.836053,-0.011409,-0.002311,0.015161,0.999882,0,-0.13981,-0.70579,3.540,0.076,-1,400.467,-1,714.590,-1,378.191,452.978,644.800,409.005,-1,-1,-1,-1,735.724,-1,-1,-1,2,0,2,0,2,0,0,0,0,2,2,2,2,0,2,2,2
17,-489.117,-1437.544,-88.890,33.349,0.835339,-0.549717,0.004484,0.549733,0.835285,-0.009647,0.001558,0.010524,0.999943,0,-0.13978,-0.70579,3.734,0.082,-1,406.877,-1,739.857,-1,385.392,463.276,635.965,419.158,-1,-1,-1,-1,775.959,-1,-1,-1,2,0,2,0,2,0,0,0,0,2,2,2,2,0,2,2,2
18,-492.460,-1438.930,-87.443,33.425,0.834587,-0.550873,-0.001940,0.550841,0.834567,-0.008483,0.006293,0.006011,0.999962,0,0.38139,-0.56717,3.619,0.077,-1,415.089,-1,772.054,-1,394.325,476.750,628.561,429.861,-1,-1,-1,-1,839.402,-1,-1,-1,2,0,2,0,2,0,0,0,0,2,2,2,2,0,2,2,2
19,-495.332,-1440.005,-86.026,33.482,0.833988,-0.551690,-0.010111,0.551636,0.834049,-0.007739,0.012703,0.000877,0.999919,0,0.38132,-0.56717,3.067,0.057,-1,425.652,-1,821.607,-1,405.737,494.732,619.599,441.574,-1,-1,-1,-1,944.394,-1,-1,-1,2,0,2,0,2,0,0,0,0,2,2,2,2,0,2,2,2
20,-497.772,-1440.773,-84.817,33.529,0.833439,-0.552256,-0.019799,0.552243,0.833657,-0.006607,0.020154,-0.005427,0.999782,0,0.38130,-0.56717,2.558,0.046,-1,437.013,-1,879.873,-1,418.388,515.405,606.959,455.061,-1,-1,-1,-1,-1,-1,-1,-1,2,0,2,0,2,0,0,0,0,2,2,2,2,2,2,2,2
21,-499.802,-1441.213,-83.888,33.563,0.832951,-0.552519,-0.030269,0.552645,0.833403,-0.004778,0.027866,-0.012749,0.999530,0,0.38127,-0.56717,2.077,0.035,-1,447.996,-1,958.542,-1,431.063,537.248,591.434,470.014,-1,-1,-1,-1,-1,-1,-1,-1,2,0,2,0,2,0,0,0,0,2,2,2,2,2,2,2,2
22,-501.484,-1441.410,-83.165,33.590,0.832523,-0.552566,-0.039696,0.552925,0.833228,-0.002280,0.034336,-0.020051,0.999209,0,0.38126,-0.56717,1.693,0.027,-1,456.762,-1,-1,-1,443.514,556.513,575.871,484.846,-1,-1,-1,-1,-1,-1,-1,-1,2,0,2,2,2,0,0,0,0,2,2,2,2,2,2,2,2
23,-502.831,-1441.439,-82.615,33.611,0.832181,-0.552506,-0.047039,0.553139,0.833089,0.000540,0.038890,-0.026468,0.998893,0,0.38125,-0.56717,1.348,0.021,-1,462.399,-1,-1,-1,452.798,570.927,562.169,498.003,-1,-1,-1,-1,-1,-1,-1,-1,2,0,2,2,2,0,0,0,0,2,2,2,2,2,2,2,2
24,-503.821,-1441.387,-82.207,33.627,0.831956,-0.552439,-0.051583,0.553308,0.832971,0.003146,0.041230,-0.031159,0.998664,0,0.38125,-0.56717,0.991,0.015,-1,464.823,-1,-1,-1,457.597,579.111,552.343,507.804,-1,-1,-1,-1,-1,-1,-1,-1,2,0,2,2,2,0,0,0,0,2,2,2,2,2,2,2,2
25,-504.428,-1441.295,-81.950,33.632,0.831896,-0.552373,-0.053224,0.553373,0.832919,0.005007,0.041565,-0.033618,0.998570,0,0.38124,-0.56717,0.614,0.005,-1,464.623,-1,-1,-1,458.283,581.171,547.347,513.035,-1,-1,-1,-1,-1,-1,-1,-1,2,0,2,2,2,0,0,0,0,2,2,2,2,2,2,2,2
26,-504.621,-1441.177,-81.880,33.625,0.832001,-0.552300,-0.052333,0.553301,0.832961,0.005793,0.040392,-0.033776,0.998613,0,0.38125,-0.56717,0.227,-0.007,-1,462.631,-1,-1,-1,455.832,578.242,547.081,513.392,-1,-1,-1,-1,-1,-1,-1,-1,2,0,2,2,2,0,0,0,0,2,2,2,2,2,2,2,2
27,-504.379,-1441.022,-82.031,33.606,0.832254,-0.552179,-0.049517,0.553073,0.833115,0.005418,0.038262,-0.031896,0.998759,0,0.38127,-0.56717,0.288,-0.019,-1,459.606,-1,-1,-1,451.348,571.841,550.843,509.332,-1,-1,-1,-1,-1,-1,-1,-1,2,0,2,2,2,0,0,0,0,2,2,2,2,2,2,2,2
28,-503.694,-1440.801,-82.419,33.576,0.832627,-0.551967,-0.045436,0.552686,0.833380,0.004021,0.035646,-0.028459,0.998959,0,0.38132,-0.56717,0.719,-0.030,-1,456.072,-1,-1,-1,445.753,563.382,557.589,501.811,-1,-1,-1,-1,-1,-1,-1,-1,2,0,2,2,2,0,0,0,0,2,2,2,2,2,2,2,2
29,-502.583,-1440.473,-83.028,33.533,0.833118,-0.551602,-0.040619,0.552120,0.833763,0.001876,0.032832,-0.023990,0.999173,0,0.38139,-0.56717,1.159,-0.043,-1,452.290,-1,-1,-1,439.641,553.876,566.276,492.020,-1,-1,-1,-1,-1,-1,-1,-1,2,0,2,2,2,0,0,0,0,2,2,2,2,2,2,2,2
30,-501.069,-1440.006,-83.796,33.476,0.833739,-0.551018,-0.035475,0.551347,0.834276,-0.000605,0.029929,-0.019055,0.999370,0,0.38147,-0.56717,1.584,-0.057,-1,448.290,-1,994.195,-1,433.515,543.973,575.707,481.239,-1,-1,-1,-1,-1,-1,-1,-1,2,0,2,0,2,0,0,0,0,2,2,2,2,2,2,2,2
31,-499.173,-1439.369,-84.641,33.411,0.834442,-0.550259,-0.030363,0.550433,0.834874,-0.003054,0.027030,-0.014164,0.999534,0,0.38158,-0.56717,2.000,-0.066,-1,444.131,-1,952.654,-1,427.960,534.241,584.913,470.608,-1,-1,-1,-1,-1,-1,-1,-1,2,0,2,0,2,0,0,0,0,2,2,2,2,2,2,2,2
32,-496.912,-1438.531,-85.471,33.336,0.835215,-0.549326,-0.025615,0.549388,0.835551,-0.005163,0.024239,-0.009760,0.999659,0,0.38170,-0.56717,2.412,-0.074,-1,440.024,-1,916.323,-1,422.712,525.282,593.101,461.077,-1,-1,-1,-1,-1,-1,-1,-1,2,0,2,0,2,0,0,0,0,2,2,2,2,2,2,2,2
33,-494.299,-1437.470,-86.201,33.253,0.836059,-0.548218,-0.021487,0.548210,0.836313,-0.006805,0.021700,-0.006090,0.999746,0,0.38183,-0.56717,2.819,-0.083,-1,436.237,-1,886.860,-1,418.016,517.698,599.879,453.198,-1,-1,-1,-1,-1,-1,-1,-1,2,0,2,0,2,0,0,0,0,2,2,2,2,2,2,2,2
34,-491.343,-1436.181,-86.757,33.161,0.836976,-0.546937,-0.018195,0.546889,0.837167,-0.007983,0.019599,-0.003269,0.999803,0,0.38196,-0.56717,3.225,-0.092,-1,433.132,-1,869.297,-1,414.270,512.099,605.185,447.267,-1,-1,-1,-1,-1,-1,-1,-1,2,0,2,0,2,0,0,0,0,2,2,2,2,2,2,2,2
35,-488.046,-1434.677,-87.087,33.057,0.837991,-0.545452,-0.015916,0.545384,0.838141,-0.008709,0.018090,-0.001382,0.999835,0,0.38210,-0.56717,3.624,-0.104,-1,431.042,-1,858.597,-1,411.805,508.980,608.706,443.478,-1,-1,-1,-1,-1,-1,-1,-1,2,0,2,0,2,0,0,0,0,2,2,2,2,2,2,2,2
36,-484.424,-1432.968,-87.165,32.942,0.839094,-0.543788,-0.014711,0.543711,0.839223,-0.009112,0.017301,-0.000353,0.999850,0,0.38226,-0.56717,4.005,-0.115,-1,430.252,-1,855.082,-1,411.715,508.626,610.715,441.735,-1,-1,-1,-1,-1,-1,-1,-1,2,0,2,0,2,0,0,0,0,2,2,2,2,2,2,2,2
37,-480.515,-1431.047,-86.979,32.822,0.840236,-0.542027,-0.014509,0.541945,0.840361,-0.009426,0.017302,0.000057,0.999850,0,0.33422,-0.92477,4.356,-0.121,-1,430.978,-1,858.534,-1,413.941,511.092,611.944,441.690,-1,-1,-1,-1,-1,-1,-1,-1,2,0,2,0,2,0,0,0,0,2,2,2,2,2,2,2,2
38,-476.341,-1428.977,-86.535,32.687,0.841495,-0.540048,-0.015308,0.539963,0.841634,-0.009614,0.018076,-0.000176,0.999837,0,0.33437,-0.92477,4.659,-0.135,-1,433.240,-1,869.912,-1,418.337,516.435,612.270,443.337,-1,-1,-1,-1,-1,-1,-1,-1,2,0,2,0,2,0,0,0,0,2,2,2,2,2,2,2,2
39,-471.845,-1426.882,-85.874,32.507,0.843166,-0.537376,-0.017258,0.537295,0.843342,-0.009427,0.019620,-0.001324,0.999807,0,0.33455,-0.92477,4.960,-0.180,-1,437.062,-1,894.810,-1,425.153,524.999,610.676,446.943,-1,-1,-1,-1,-1,-1,-1,-1,2,0,2,0,2,0,0,0,0,2,2,2,2,2,2,2,2
40,-467.010,-1424.899,-85.083,32.265,0.845386,-0.533778,-0.020081,0.533717,0.845618,-0.008725,0.021638,-0.003341,0.999760,0,0.33486,-0.92477,5.226,-0.241,-1,442.018,-1,928.121,-1,434.009,536.124,606.746,452.186,-1,-1,-1,-1,-1,-1,-1,-1,2,0,2,0,2,0,0,0,0,2,2,2,2,2,2,2,2
41,-461.945,-1422.902,-84.297,32.016,0.847656,-0.530049,-0.022950,0.530007,0.847952,-0.008370,0.023897,-0.005068,0.999702,0,0.33533,-0.92477,5.444,-0.249,-1,447.616,-1,961.992,-1,443.897,548.102,603.208,457.016,-1,-1,-1,-1,-1,-1,-1,-1,2,0,2,0,2,0,0,0,0,2,2,2,2,2,2,2,2
42,-456.714,-1420.903,-83.601,31.754,0.850026,-0.526121,-0.025532,0.526089,0.850387,-0.008492,0.026179,-0.006214,0.999638,0,0.33582,-0.92477,5.600,-0.262,-1,453.476,-1,1001.150,-1,454.046,560.816,601.020,460.715,-1,-1,-1,-1,-1,-1,-1,-1,2,0,2,0,2,0,0,0,0,2,2,2,2,2,2,2,2
43,-451.242,-1418.926,-82.968,31.463,0.852635,-0.521760,-0.027933,0.521733,0.853063,-0.008810,0.028426,-0.007062,0.999571,0,0.33634,-0.92477,5.818,-0.291,-1,459.516,-1,-1,-1,464.547,575.376,599.355,463.755,-1,-1,-1,-1,-1,-1,-1,-1,2,0,2,2,2,0,0,0,0,2,2,2,2,2,2,2,2
44,-445.553,-1417.182,-82.396,31.117,0.855729,-0.516554,-0.030002,0.516546,0.856216,-0.008600,0.030131,-0.008139,0.999513,0,0.33694,-0.92477,5.950,-0.346,-1,470.506,-1,-1,-1,474.552,589.380,596.577,466.853,-1,-1,-1,-1,-1,-1,-1,-1,2,0,2,2,2,0,0,0,0,2,2,2,2,2,2,2,2
45,-439.738,-1415.649,-81.913,30.749,0.858997,-0.511026,-0.031251,0.511030,0.859521,-0.008453,0.031181,-0.008710,0.999476,0,0.33770,-0.92477,6.013,-0.368,-1,481.190,-1,-1,-1,485.271,601.365,594.742,468.787,-1,-1,-1,-1,-1,-1,-1,-1,2,0,2,2,2,0,0,0,0,2,2,2,2,2,2,2,2
46,-433.835,-1414.217,-81.542,30.380,0.862254,-0.505495,-0.031505,0.505481,0.862791,-0.008970,0.031717,-0.008191,0.999463,0,0.33853,-0.92477,6.075,-0.369,-1,490.749,-1,-1,-1,496.485,609.695,595.503,468.917,-1,-1,-1,-1,-1,-1,-1,-1,2,0,2,2,2,0,0,0,0,2,2,2,2,2,2,2,2
47,-427.846,-1412.868,-81.285,30.007,0.865525,-0.499911,-0.030893,0.499857,0.866050,-0.010008,0.031758,-0.006780,0.999473,0,0.33936,-0.92477,6.138,-0.373,-1,499.631,-1,-1,-1,505.093,616.078,598.299,467.223,-1,-1,-1,-1,-1,-1,-1,-1,2,0,2,2,2,0,0,0,0,2,2,2,2,2,2,2,2
48,-421.814,-1411.614,-81.104,29.628,0.868831,-0.494226,-0.029566,0.494125,0.869319,-0.011146,0.031211,-0.004925,0.999501,0,0.34020,-0.92477,6.162,-0.379,-1,507.373,-1,-1,-1,512.128,620.456,602.000,464.460,-1,-1,-1,-1,-1,-1,-1,-1,2,0,2,2,2,0,0,0,0,2,2,2,2,2,2,2,2
49,-415.841,-1410.544,-80.930,29.245,0.872141,-0.488476,-0.027602,0.488320,0.872574,-0.012581,0.030231,-0.002507,0.999540,0,0.34106,-0.92477,6.067,-0.383,-1,514.582,-1,-1,-1,518.159,623.394,607.286,460.621,-1,-1,-1,-1,-1,-1,-1,-1,2,0,2,2,2,0,0,0,0,2,2,2,2,2,2,2,2
50,-409.876,-1409.585,-80.761,28.862,0.875408,-0.482715,-0.025432,0.482500,0.875778,-0.014400,0.029224,0.000335,0.999573,0,0.34194,-0.92477,6.042,-0.383,-1,522.128,-1,-1,-1,524.220,627.191,613.875,456.078,-1,-1,-1,-1,-1,-1,-1,-1,2,0,2,2,2,0,0,0,0,2,2,2,2,2,2,2,2
51,-403.844,-1408.671,-80.642,28.486,0.878573,-0.477023,-0.023645,0.476755,0.878885,-0.016288,0.028551,0.003037,0.999588,0,0.34282,-0.92477,6.101,-0.376,-1,531.684,-1,-1,-1,531.008,632.295,620.007,451.786,-1,-1,-1,-1,-1,-1,-1,-1,2,0,2,2,2,0,0,0,0,2,2,2,2,2,2,2,2
52,-397.831,-1407.798,-80.583,28.143,0.881427,-0.471801,-0.022124,0.471485,0.881687,-0.018170,0.028079,0.005584,0.999590,0,0.34368,-0.92477,6.076,-0.344,-1,544.280,-1,-1,-1,537.790,637.581,625.544,447.778,-1,-1,-1,-1,-1,-1,-1,-1,2,0,2,2,2,0,0,0,0,2,2,2,2,2,2,2,2
53,-391.861,-1406.912,-80.518,27.804,0.884205,-0.466633,-0.020869,0.466261,0.884412,-0.020386,0.027970,0.008295,0.999574,0,0.34444,-0.92477,6.035,-0.339,-1,558.279,-1,-1,-1,547.458,643.980,629.921,443.630,-1,-1,-1,-1,-1,-1,-1,-1,2,0,2,2,2,0,0,0,0,2,2,2,2,2,2,2,2
54,-385.895,-1406.120,-80.392,27.441,0.887134,-0.461076,-0.020075,0.460653,0.887297,-0.022436,0.028157,0.010656,0.999547,0,0.34519,-0.92477,6.019,-0.363,-1,573.896,-1,-1,-1,558.273,650.203,633.250,440.217,-1,-1,-1,-1,-1,-1,-1,-1,2,0,2,2,2,0,0,0,0,2,2,2,2,2,2,2,2
55,-379.861,-1405.383,-80.202,27.059,0.890173,-0.455192,-0.019798,0.454722,0.890305,-0.024179,0.028632,0.012521,0.999512,0,0.34601,-0.92477,6.078,-0.382,-1,590.943,-1,-1,-1,569.110,657.810,634.972,437.783,-1,-1,-1,-1,-1,-1,-1,-1,2,0,2,2,2,0,0,0,0,2,2,2,2,2,2,2,2
56,-373.738,-1404.659,-80.001,26.668,0.893242,-0.449138,-0.019860,0.448634,0.893358,-0.025293,0.029103,0.013683,0.999483,0,0.34689,-0.92477,6.166,-0.391,-1,606.465,-1,-1,-1,580.099,665.837,634.108,436.514,-1,-1,-1,-1,-1,-1,-1,-1,2,0,2,2,2,0,0,0,0,2,2,2,2,2,2,2,2
57,-367.551,-1403.813,-79.857,26.295,0.896137,-0.443326,-0.020005,0.442801,0.896245,-0.025935,0.029427,0.014383,0.999463,0,0.34779,-0.92477,6.245,-0.373,-1,621.844,-1,-1,-1,590.222,673.259,631.414,435.916,-1,-1,-1,-1,-1,-1,-1,-1,2,0,2,2,2,0,0,0,0,2,2,2,2,2,2,2,2
58,-361.243,-1402.863,-79.786,25.912,0.899064,-0.437334,-0.020554,0.436798,0.899184,-0.025989,0.029848,0.014388,0.999451,0,0.34863,-0.92477,6.379,-0.383,-1,639.131,-1,-1,-1,600.494,681.668,625.830,436.272,-1,-1,-1,-1,-1,-1,-1,-1,2,0,2,2,2,0,0,0,0,2,2,2,2,2,2,2,2
59,-354.762,-1401.900,-79.773,25.523,0.901983,-0.431217,-0.021863,0.430674,0.902145,-0.025597,0.030761,0.013672,0.999433,0,0.34949,-0.92477,6.552,-0.389,-1,658.044,-1,-1,-1,613.338,693.974,617.436,437.700,-1,-1,-1,-1,-1,-1,-1,-1,2,0,2,2,2,0,0,0,0,2,2,2,2,2,2,2,2
60,-348.154,-1400.848,-79.791,25.149,0.904738,-0.425307,-0.023750,0.424749,0.904960,-0.025232,0.032224,0.012741,0.999399,0,0.35037,-0.92477,6.691,-0.375,-1,680.911,-1,-1,-1,630.226,708.088,608.372,439.541,-1,-1,-1,-1,-1,-1,-1,-1,2,0,2,2,2,0,0,0,0,2,2,2,2,2,2,2,2
61,-341.508,-1399.817,-79.749,24.748,0.907641,-0.418945,-0.025922,0.418392,0.907943,-0.024264,0.033701,0.011177,0.999369,0,0.35119,-0.92477,6.726,-0.401,-1,704.971,-1,-1,-1,644.854,721.117,598.427,442.477,-1,-1,-1,-1,-1,-1,-1,-1,2,0,2,2,2,0,0,0,0,2,2,2,2,2,2,2,2
62,-334.861,-1398.926,-79.534,24.317,0.910718,-0.412076,-0.028054,0.411538,0.911101,-0.023066,0.035065,0.009461,0.999340,0,0.42395,-0.87435,6.707,-0.431,-1,731.778,-1,-1,-1,660.339,734.816,584.326,445.982,-1,-1,-1,-1,-1,-1,-1,-1,2,0,2,2,2,0,0,0,0,2,2,2,2,2,2,2,2
63,-328.205,-1398.207,-79.077,23.875,0.913815,-0.405006,-0.030212,0.404465,0.914275,-0.022561,0.036760,0.008397,0.999289,0,0.42514,-0.87435,6.694,-0.443,-1,764.423,-1,-1,-1,678.762,750.861,572.677,449.019,-1,-1,-1,-1,-1,-1,-1,-1,2,0,2,2,2,0,0,0,0,2,2,2,2,2,2,2,2
64,-321.452,-1397.630,-78.425,23.424,0.916898,-0.397805,-0.032404,0.397236,0.917436,-0.022694,0.038756,0.007936,0.999217,0,0.42638,-0.87435,6.778,-0.451,-1,801.999,-1,-1,-1,702.193,771.546,563.916,451.593,-1,-1,-1,-1,-1,-1,-1,-1,2,0,2,2,2,0,0,0,0,2,2,2,2,2,2,2,2
65,-314.579,-1397.139,-77.686,22.970,0.919946,-0.390532,-0.034420,0.389927,0.920556,-0.023084,0.040700,0.007815,0.999141,0,0.42765,-0.87435,6.891,-0.454,-1,842.016,-1,-1,-1,727.090,793.189,556.585,453.815,-1,-1,-1,-1,-1,-1,-1,-1,2,0,2,2,2,0,0,0,0,2,2,2,2,2,2,2,2
66,-307.676,-1396.704,-76.912,22.511,0.922973,-0.383175,-0.036032,0.382524,0.923640,-0.023785,0.042394,0.008170,0.999068,0,0.42893,-0.87435,6.916,-0.459,-1,883.082,-1,-1,-1,749.160,812.900,552.099,455.294,-1,-1,-1,-1,-1,-1,-1,-1,2,0,2,2,2,0,0,0,0,2,2,2,2,2,2,2,2
67,-300.703,-1396.339,-76.151,22.046,0.925983,-0.375701,-0.037468,0.374994,0.926699,-0.024655,0.043984,0.008780,0.998994,0,0.43023,-0.87435,6.983,-0.465,-1,923.904,-1,-1,-1,771.319,832.392,548.585,456.290,-1,-1,-1,-1,-1,-1,-1,-1,2,0,2,2,2,0,0,0,0,2,2,2,2,2,2,2,2
68,-293.591,-1396.024,-75.521,21.577,0.928964,-0.368125,-0.038863,0.367379,0.929732,-0.025110,0.045376,0.009049,0.998929,0,0.43155,-0.87435,7.119,-0.469,-1,955.875,-1,-1,-1,793.813,851.695,543.492,457.495,-1,-1,-1,-1,-1,-1,-1,-1,2,0,2,2,2,0,0,0,0,2,2,2,2,2,2,2,2
69,-286.297,-1395.511,-75.127,21.140,0.931695,-0.361037,-0.039952,0.360261,0.932505,-0.025419,0.046432,0.009290,0.998878,0,0.43287,-0.87435,7.312,-0.437,-1,983.322,-1,-1,-1,813.315,869.168,536.579,458.280,-1,-1,-1,-1,-1,-1,-1,-1,2,0,2,2,2,0,0,0,0,2,2,2,2,2,2,2,2
70,-278.799,-1394.903,-74.985,20.694,0.934453,-0.353751,-0.040710,0.352993,0.935299,-0.024734,0.046826,0.008742,0.998865,0,0.43406,-0.87435,7.523,-0.446,-1,1005.110,-1,-1,-1,827.166,882.708,524.448,459.681,-1,-1,-1,-1,-1,-1,-1,-1,2,0,2,2,2,0,0,0,0,2,2,2,2,2,2,2,2
71,-271.097,-1394.348,-75.057,20.224,0.937327,-0.346011,-0.041173,0.345316,0.938201,-0.023151,0.046639,0.007483,0.998884,0,0.43527,-0.87435,7.722,-0.470,-1,-1,-1,-1,-1,837.158,892.687,509.356,461.608,-1,-1,-1,-1,-1,-1,-1,-1,2,2,2,2,2,0,0,0,0,2,2,2,2,2,2,2,2
72,-263.225,-1393.713,-75.294,19.778,0.940011,-0.338675,-0.040962,0.338023,0.940878,-0.022125,0.046033,0.006952,0.998916,0,0.43656,-0.87435,7.898,-0.446,-1,-1,-1,-1,-1,844.212,899.126,498.464,462.000,-1,-1,-1,-1,-1,-1,-1,-1,2,2,2,2,2,0,0,0,0,2,2,2,2,2,2,2,2
73,-255.283,-1393.183,-75.647,19.326,0.942706,-0.331230,-0.039909,0.330616,0.943525,-0.021320,0.044717,0.006904,0.998976,0,0.29944,-1.00000,7.959,-0.452,-1,-1,-1,-1,-1,846.918,900.786,488.286,461.205,-1,-1,-1,-1,-1,-1,-1,-1,2,2,2,2,2,0,0,0,0,2,2,2,2,2,2,2,2
74,-247.418,-1392.819,-76.071,18.879,0.945334,-0.323884,-0.037981,0.323280,0.946065,-0.021250,0.042815,0.007810,0.999053,0,0.30026,-1.00000,7.874,-0.447,-1,-1,-1,-1,-1,846.240,898.199,480.213,458.590,-1,-1,-1,-1,-1,-1,-1,-1,2,2,2,2,2,0,0,0,0,2,2,2,2,2,2,2,2
75,-239.791,-1392.705,-76.462,18.429,0.947930,-0.316498,-0.035457,0.315867,0.948541,-0.022325,0.040698,0.009963,0.999122,0,0.30108,-1.00000,7.628,-0.450,-1,-1,-1,-1,-1,844.793,893.927,475.259,453.952,-1,-1,-1,-1,-1,-1,-1,-1,2,2,2,2,2,0,0,0,0,2,2,2,2,2,2,2,2
76,-232.267,-1392.821,-76.802,17.953,0.950596,-0.308671,-0.033005,0.308002,0.951087,-0.023843,0.038750,0.012499,0.999171,0,0.30193,-1.00000,7.525,-0.476,-1,-1,-1,-1,-1,844.667,890.783,471.047,448.786,-1,-1,-1,-1,-1,-1,-1,-1,2,2,2,2,2,0,0,0,0,2,2,2,2,2,2,2,2
77,-224.669,-1392.917,-77.133,17.498,0.953066,-0.301183,-0.030886,0.300471,0.953446,-0.025661,0.037177,0.015176,0.999193,0,0.30284,-1.00000,7.598,-0.454,-1,-1,-1,-1,-1,846.346,889.639,466.459,443.622,-1,-1,-1,-1,-1,-1,-1,-1,2,2,2,2,2,0,0,0,0,2,2,2,2,2,2,2,2
78,-217.053,-1393.073,-77.453,17.043,0.955482,-0.293633,-0.028871,0.292902,0.955761,-0.027014,0.035526,0.017355,0.999218,0,0.30370,-1.00000,7.618,-0.456,-1,-1,-1,-1,-1,847.500,888.317,461.941,439.313,-1,-1,-1,-1,-1,-1,-1,-1,2,2,2,2,2,0,0,0,0,2,2,2,2,2,2,2,2
79,-207.685,-1393.046,-77.895,16.541,0.958072,-0.285283,-0.026664,0.284540,0.958240,-0.028519,0.033686,0.019736,0.999238,0,0.30455,-1.00000,9.368,-0.502,-1,-1,-1,-1,-1,849.067,887.223,455.989,434.644,-1,-1,-1,-1,-1,-1,-1,-1,2,2,2,2,2,0,0,0,0,2,2,2,2,2,2,2,2
80,-201.263,-1392.732,-78.291,16.265,0.959472,-0.280684,-0.025120,0.279934,0.959562,-0.029638,0.032424,0.021405,0.999245,0,0.30546,-1.00000,6.430,-0.276,-1,-1,-1,-1,-1,849.152,885.572,452.127,431.437,-1,-1,-1,-1,-1,-1,-1,-1,2,2,2,2,2,0,0,0,0,2,2,2,2,2,2,2,2
81,-193.106,-1392.394,-78.907,15.884,0.961376,-0.274265,-0.023106,0.273568,0.961405,-0.029335,0.030260,0.021881,0.999303,0,0.30590,-1.00000,8.164,-0.381,-1,-1,-1,-1,-1,845.664,880.724,443.215,429.437,-1,-1,-1,-1,-1,-1,-1,-1,2,2,2,2,2,0,0,0,0,2,2,2,2,2,2,2,2
82,-184.810,-1392.092,-79.610,15.461,0.963442,-0.267085,-0.021092,0.266478,0.963442,-0.027713,0.027723,0.021079,0.999393,0,0.30655,-1.00000,8.302,-0.423,-1,-1,-1,-1,-1,839.973,874.485,431.119,429.022,-1,-1,-1,-1,-1,-1,-1,-1,2,2,2,2,2,0,0,0,0,2,2,2,2,2,2,2,2
83,-176.354,-1391.840,-80.348,15.028,0.965488,-0.259726,-0.019347,0.259212,0.965482,-0.025571,0.025321,0.019673,0.999486,0,0.30729,-1.00000,8.460,-0.433,-1,-1,-1,-1,-1,834.898,869.652,419.310,429.439,-1,-1,-1,-1,-1,-1,-1,-1,2,2,2,2,2,0,0,0,0,2,2,2,2,2,2,2,2
84,-167.716,-1391.640,-81.088,14.591,0.967481,-0.252288,-0.018210,0.251841,0.967479,-0.023684,0.023592,0.018327,0.999554,0,0.30805,-1.00000,8.641,-0.438,-1,-1,-1,-1,-1,833.417,868.621,408.913,429.848,-1,-1,-1,-1,-1,-1,-1,-1,2,2,2,2,2,0,0,0,0,2,2,2,2,2,2,2,2
85,-158.902,-1391.495,-81.761,14.147,0.969427,-0.244760,-0.017450,0.244356,0.969426,-0.022427,0.022406,0.017478,0.999596,0,0.30881,-1.00000,8.815,-0.443,-1,-1,-1,-1,-1,835.140,870.756,398.430,429.743,-1,-1,-1,-1,-1,-1,-1,-1,2,2,2,2,2,0,0,0,0,2,2,2,2,2,2,2,2
86,-149.990,-1391.440,-82.282,13.711,0.971278,-0.237362,-0.016666,0.236977,0.971262,-0.022204,0.021457,0.017617,0.999615,0,0.30958,-1.00000,8.912,-0.436,-1,-1,-1,-1,-1,838.954,874.446,390.116,428.561,-1,-1,-1,-1,-1,-1,-1,-1,2,2,2,2,2,0,0,0,0,2,2,2,2,2,2,2,2
87,-141.074,-1391.565,-82.620,13.271,0.973094,-0.229882,-0.015548,0.229503,0.973039,-0.022858,0.020384,0.018674,0.999618,0,0.31034,-1.00000,8.917,-0.441,-1,-1,-1,-1,-1,843.504,877.912,383.829,426.397,-1,-1,-1,-1,-1,-1,-1,-1,2,2,2,2,2,0,0,0,0,2,2,2,2,2,2,2,2
88,-132.101,-1391.755,-82.854,12.834,0.974845,-0.222449,-0.013943,0.222080,0.974732,-0.024031,0.018936,0.020330,0.999614,0,0.31110,-1.00000,8.975,-0.437,-1,-1,-1,-1,-1,847.089,879.583,379.355,423.584,-1,-1,-1,-1,-1,-1,-1,-1,2,2,2,2,2,0,0,0,0,2,2,2,2,2,2,2,2
89,-122.896,-1391.636,-83.129,12.463,0.976294,-0.216128,-0.011734,0.215782,0.976111,-0.025408,0.016945,0.022274,0.999608,0,0.31186,-1.00000,9.206,-0.370,-1,-1,-1,-1,-1,847.476,877.853,376.450,420.480,-1,-1,-1,-1,-1,-1,-1,-1,2,2,2,2,2,0,0,0,0,2,2,2,2,2,2,2,2
90,-113.517,-1391.401,-83.539,12.104,0.977677,-0.209934,-0.008680,0.209660,0.977447,-0.025284,0.013792,0.022900,0.999643,0,0.31243,-1.00000,9.381,-0.360,-1,-1,-1,-1,-1,841.157,869.996,371.211,419.009,-1,-1,-1,-1,-1,-1,-1,-1,2,2,2,2,2,0,0,0,0,2,2,2,2,2,2,2,2
91,-103.999,-1391.163,-84.089,11.723,0.979097,-0.203336,-0.004931,0.203170,0.978866,-0.023301,0.009565,0.021813,0.999716,0,0.31297,-1.00000,9.521,-0.381,-1,-1,-1,-1,-1,828.938,857.048,363.066,420.355,-1,-1,-1,-1,-1,-1,-1,-1,2,2,2,2,2,0,0,0,0,2,2,2,2,2,2,2,2
92,-94.281,-1390.882,-84.788,11.339,0.980470,-0.196665,-0.000915,0.196605,0.980265,-0.020660,0.004960,0.020076,0.999786,0,0.31356,-1.00000,9.722,-0.384,-1,-1,-1,-1,-1,814.408,842.400,353.881,422.338,-1,-1,-1,-1,-1,-1,-1,-1,2,2,2,2,2,0,0,0,0,2,2,2,2,2,2,2,2
93,-84.324,-1390.613,-85.615,10.957,0.981771,-0.190041,0.003204,0.190068,0.981598,-0.018402,0.000352,0.018675,0.999826,0,0.31414,-1.00000,9.961,-0.382,-1,-1,-1,-1,-1,800.067,827.746,345.226,423.779,-1,-1,-1,-1,-1,-1,-1,-1,2,2,2,2,2,0,0,0,0,2,2,2,2,2,2,2,2
94,-74.161,-1390.431,-86.515,10.572,0.983016,-0.183362,0.007586,0.183467,0.982879,-0.016984,-0.004342,0.018087,0.999827,0,0.31471,-1.00000,10.165,-0.385,-1,-1,-1,-1,-1,785.928,812.776,338.376,423.892,-1,-1,-1,-1,-1,-1,-1,-1,2,2,2,2,2,0,0,0,0,2,2,2,2,2,2,2,2
95,-63.738,-1390.363,-87.507,10.183,0.984210,-0.176611,0.011829,0.176792,0.984109,-0.016543,-0.008719,0.018373,0.999793,0,0.31528,-1.00000,10.423,-0.389,-1,-1,-1,-1,-1,773.701,799.276,333.022,422.511,-1,-1,-1,-1,-1,-1,-1,-1,2,2,2,2,2,0,0,0,0,2,2,2,2,2,2,2,2
96,-53.053,-1390.426,-88.605,9.787,0.985366,-0.169707,0.015897,0.169972,0.985299,-0.017174,-0.012749,0.019625,0.999726,0,0.31585,-1.00000,10.685,-0.396,-1,1006.934,-1,-1,-1,763.397,787.211,328.586,419.473,-1,-1,-1,-1,-1,-1,-1,-1,2,0,2,2,2,0,0,0,0,2,2,2,2,2,2,2,2
97,-42.205,-1390.472,-89.781,9.427,0.986359,-0.163376,0.020089,0.163762,0.986311,-0.019326,-0.016657,0.022353,0.999611,0,0.31643,-1.00000,10.848,-0.360,-1,998.325,-1,-1,-1,754.188,775.203,325.750,414.264,-1,-1,-1,-1,-1,-1,-1,-1,2,0,2,2,2,0,0,0,0,2,2,2,2,2,2,2,2
98,-30.944,-1390.411,-91.045,9.091,0.987231,-0.157440,0.024243,0.157975,0.987197,-0.022032,-0.020464,0.025580,0.999463,0,0.62319,-0.59829,11.262,-0.335,-1,990.944,-1,-1,-1,745.633,763.692,323.226,408.466,-1,-1,-1,-1,-1,-1,-1,-1,2,0,2,2,2,0,0,0,0,2,2,2,2,2,2,2,2
99,-19.018,-1390.285,-92.432,8.741,0.988088,-0.151237,0.028445,0.151917,0.988114,-0.023493,-0.024554,0.027535,0.999319,0,0.62398,-0.59668,11.927,-0.351,-1,980.043,-1,-1,-1,735.957,751.834,318.705,404.496,-1,-1,-1,-1,-1,-1,-1,-1,2,0,2,2,2,0,0,0,0,2,2,2,2,2,2,2,2
100,-6.482,-1390.193,-93.903,8.356,0.988955,-0.144454,0.033172,0.145260,0.989119,-0.023318,-0.029443,0.027879,0.999178,0,0.62479,-0.59502,12.536,-0.385,-1,962.798,-1,-1,-1,723.333,737.894,316.023,402.705,-1,-1,-1,-1,-1,-1,-1,-1,2,0,2,2,2,0,0,0,0,2,2,2,2,2,2,2,2
101,6.650,-1390.075,-95.414,7.966,0.989738,-0.137566,0.038655,0.138495,0.990108,-0.022472,-0.035181,0.027595,0.999000,0,0.62572,-0.59312,13.133,-0.390,-1,940.930,-1,-1,-1,708.088,721.670,313.534,401.841,-1,-1,-1,-1,-1,-1,-1,-1,2,0,2,2,2,0,0,0,0,2,2,2,2,2,2,2,2
102,20.358,-1389.986,-96.918,7.572,0.990413,-0.130584,0.045058,0.131651,0.991061,-0.021580,-0.041837,0.027305,0.998751,0,0.62663,-0.59127,13.708,-0.394,-1,915.122,-1,-1,-1,690.577,702.932,311.054,401.087,-1,-1,-1,-1,-1,-1,-1,-1,2,0,2,2,2,0,0,0,0,2,2,2,2,2,2,2,2
103,34.635,-1389.979,-98.395,7.169,0.990977,-0.123403,0.052306,0.124647,0.991974,-0.021216,-0.049268,0.027544,0.998406,0,0.62750,-0.58947,14.277,-0.403,-1,887.436,-1,992.270,-1,671.834,682.634,309.238,399.703,-1,-1,-1,-1,-1,-1,-1,-1,2,0,2,0,2,0,0,0,0,2,2,2,2,2,2,2,2
104,49.444,-1390.138,-99.775,6.759,0.991434,-0.115981,0.060051,0.117495,0.992823,-0.022319,-0.057032,0.029184,0.997946,0,0.62838,-0.58768,14.810,-0.411,-1,862.691,-1,951.334,-1,653.988,662.571,309.236,396.635,-1,-1,-1,-1,-1,836.865,-1,-1,2,0,2,0,2,0,0,0,0,2,2,2,2,2,1,2,2
105,64.343,-1390.431,-100.863,6.374,0.991863,-0.108794,0.066114,0.110795,0.993466,-0.027379,-0.062703,0.034481,0.997436,0,0.62925,-0.58588,14.902,-0.385,-1,855.497,-1,919.669,-1,645.516,650.571,314.098,389.476,-1,-1,-1,-1,-1,824.218,-1,-1,2,0,2,0,2,0,0,0,0,2,2,2,2,2,1,2,2
106,79.535,-1390.807,-101.365,6.052,0.992337,-0.102551,0.068922,0.105210,0.993794,-0.036124,-0.064789,0.043098,0.996968,0,0.63000,-0.58436,15.197,-0.322,-1,871.811,-1,905.448,-1,651.475,652.060,326.257,380.151,-1,-1,-1,-1,-1,810.479,-1,-1,2,0,2,0,2,0,0,0,0,2,2,2,2,2,1,2,2
107,95.138,-1391.929,-101.527,5.577,0.993146,-0.093862,0.069655,0.096983,0.994363,-0.042864,-0.065239,0.049326,0.996650,0,0.63041,-0.58352,15.643,-0.475,-1,895.563,-1,905.448,-1,664.341,661.221,341.999,374.838,-1,-1,-1,-1,-1,797.472,-1,-1,2,0,2,0,2,0,0,0,0,2,2,2,2,2,1,2,2
108,111.065,-1393.380,-101.873,5.006,0.993939,-0.083697,0.071275,0.087062,0.995164,-0.045482,-0.067124,0.051411,0.996419,0,0.63156,-0.58117,15.993,-0.571,-1,907.629,-1,902.891,-1,671.239,666.370,353.182,374.211,-1,-1,-1,-1,-1,785.015,-1,-1,2,0,2,1,2,0,0,0,0,2,2,2,2,2,1,2,2
109,127.384,-1394.173,-102.776,4.574,0.994253,-0.075949,0.075445,0.079539,0.995780,-0.045773,-0.071650,0.051511,0.996099,0,0.63316,-0.57789,16.338,-0.432,-1,899.999,-1,882.798,-1,666.843,661.581,359.673,375.430,-1,-1,-1,-1,-1,770.985,-1,-1,2,0,2,1,2,0,0,0,0,2,2,2,2,2,1,2,2
110,143.700,-1394.441,-104.253,4.245,0.994102,-0.069980,0.082850,0.073781,0.996315,-0.043744,-0.079484,0.049599,0.995601,0,0.63402,-0.57613,16.319,-0.329,-1,870.654,-1,864.411,-1,649.466,644.738,361.500,378.600,-1,-1,-1,-1,-1,756.193,-1,-1,2,0,2,1,2,0,0,0,0,2,2,2,2,2,1,2,2
111,160.362,-1394.678,-106.259,3.872,0.993740,-0.063528,0.091895,0.067266,0.997005,-0.038161,-0.089195,0.044103,0.995037,0,0.63435,-0.57544,16.664,-0.372,-1,828.473,-1,833.429,-1,625.151,622.430,357.790,385.447,-1,-1,-1,-1,-1,741.415,-1,-1,2,0,2,0,2,0,0,0,0,2,2,2,2,2,1,2,2
112,177.468,-1394.850,-108.688,3.487,0.993222,-0.057155,0.101211,0.060518,0.997702,-0.030468,-0.099237,0.036386,0.994398,0,0.63486,-0.57440,17.106,-0.386,-1,783.426,-1,804.567,-1,599.761,599.976,352.341,394.734,-1,-1,-1,-1,-1,726.133,-1,-1,2,0,2,0,2,0,0,0,0,2,2,2,2,2,1,2,2
113,195.188,-1395.016,-111.223,3.103,0.992769,-0.050988,0.108675,0.053827,0.998277,-0.023351,-0.107297,0.029032,0.993803,0,0.63540,-0.57331,17.721,-0.383,-1,749.754,-1,784.328,-1,581.151,584.264,349.486,404.020,-1,-1,-1,-1,-1,709.825,-1,-1,2,0,2,0,2,0,0,0,0,2,2,2,2,2,1,2,2
114,213.360,-1395.551,-113.657,2.689,0.992409,-0.044208,0.114764,0.046606,0.998746,-0.018288,-0.113811,0.023498,0.993224,0,0.40938,-0.94086,18.180,-0.415,-1,726.641,-1,769.904,-1,568.506,573.603,348.444,411.231,-1,-1,-1,-1,-1,693.125,-1,-1,2,0,2,0,2,0,0,0,0,2,2,2,2,2,1,2,2
115,231.727,-1396.732,-115.815,2.213,0.992157,-0.036141,0.119662,0.038343,0.999134,-0.016152,-0.118974,0.020613,0.992683,0,0.40976,-0.93965,18.405,-0.476,-1,714.153,-1,758.707,-1,561.600,567.247,351.910,415.031,-1,-1,-1,-1,-1,676.702,-1,-1,2,0,2,0,2,0,0,0,0,2,2,2,2,2,1,2,2
116,250.410,-1398.433,-117.786,1.699,0.992130,-0.027191,0.122227,0.029428,0.999430,-0.016533,-0.121708,0.019999,0.992364,0,0.41033,-0.93784,18.761,-0.514,-1,714.129,-1,740.127,-1,562.348,567.429,359.417,416.050,-1,-1,-1,-1,-1,660.075,-1,-1,2,0,2,1,2,0,0,0,0,2,2,2,2,2,1,2,2
117,269.362,-1400.350,-119.442,1.213,0.992240,-0.018494,0.122957,0.021009,0.999595,-0.019185,-0.122552,0.021619,0.992227,0,0.41102,-0.93567,19.048,-0.486,-1,724.268,-1,718.251,-1,569.383,573.283,371.389,414.859,-1,-1,-1,-1,-1,642.719,-1,-1,2,0,2,1,2,0,0,0,0,2,2,2,2,2,1,2,2
118,288.404,-1402.770,-120.874,0.678,0.992299,-0.008998,0.123535,0.011737,0.999701,-0.021461,-0.123305,0.022745,0.992108,0,0.41160,-0.93383,19.195,-0.535,-1,732.955,-1,695.617,-1,576.968,579.850,385.191,414.706,-1,-1,-1,-1,-1,625.674,-1,-1,2,0,2,1,2,0,0,0,0,2,2,2,2,2,1,2,2
119,307.592,-1405.356,-122.379,0.129,0.992205,0.000642,0.124616,0.002229,0.999735,-0.022902,-0.124597,0.023002,0.991941,0,0.41233,-0.93149,19.361,-0.549,-1,738.875,-1,672.801,-1,583.125,585.031,398.006,415.600,-1,-1,-1,-1,-1,608.529,-1,-1,2,0,2,1,2,0,0,0,0,2,2,2,2,2,1,2,2
120,326.702,-1408.218,-123.982,-0.465,0.991740,0.011016,0.127793,-0.008048,0.999686,-0.023715,-0.128015,0.022490,0.991517,0,0.41310,-0.92905,19.323,-0.594,-1,736.752,-1,649.659,-1,583.120,584.456,409.503,416.910,-1,-1,-1,-1,-1,591.992,-1,-1,2,0,2,1,2,0,0,0,0,2,2,2,2,2,1,2,2
121,345.840,-1411.563,-125.832,-1.136,0.991045,0.022445,0.131627,-0.019648,0.999554,-0.022511,-0.132074,0.019723,0.991044,0,0.41401,-0.92615,19.428,-0.671,-1,729.788,-1,625.574,-1,580.434,582.422,416.607,420.543,-1,-1,-1,-1,-1,576.057,-1,-1,2,0,2,1,2,0,0,0,0,2,2,2,2,2,1,2,2
122,365.137,-1415.220,-127.999,-1.850,0.990350,0.034312,0.134277,-0.031983,0.999299,-0.019458,-0.134851,0.014976,0.990753,0,0.41517,-0.92247,19.641,-0.714,-1,724.667,-1,602.930,-1,580.226,583.365,421.662,426.780,-1,-1,-1,-1,-1,560.043,-1,-1,2,0,2,1,2,0,0,0,0,2,2,2,2,2,1,2,2
123,384.384,-1419.397,-130.365,-2.628,0.989496,0.047080,0.136681,-0.045418,0.998852,-0.015253,-0.137243,0.008885,0.990498,0,0.41645,-0.91838,19.695,-0.778,-1,717.553,-1,586.847,-1,579.850,584.775,425.356,434.894,-1,-1,-1,-1,-1,-1,-1,-1,2,0,2,1,2,0,0,0,0,2,2,2,2,2,2,2,2
124,403.896,-1423.437,-133.011,-3.298,0.988720,0.058159,0.138025,-0.056976,0.998297,-0.012511,-0.138517,0.004506,0.990350,0,0.41795,-0.91363,19.925,-0.670,-1,711.971,-1,568.885,-1,580.125,586.193,430.491,440.495,-1,-1,-1,-1,-1,-1,-1,-1,2,0,2,1,2,0,0,0,0,2,2,2,2,2,2,2,2
125,423.489,-1427.630,-135.937,-3.965,0.987764,0.069337,0.139698,-0.068460,0.997592,-0.011083,-0.140130,0.001384,0.990132,0,0.41908,-0.91004,20.037,-0.667,-1,705.476,-1,550.728,-1,579.291,586.036,435.461,443.113,-1,-1,-1,-1,-1,-1,-1,-1,2,0,2,1,2,0,0,0,0,2,2,2,2,2,2,2,2
126,443.146,-1432.145,-139.116,-4.628,0.986601,0.080573,0.141865,-0.079860,0.996748,-0.010722,-0.142267,-0.000751,0.989828,0,0.42019,-0.90651,20.169,-0.663,-1,697.654,-1,532.448,-1,577.035,583.617,441.449,443.272,-1,-1,-1,-1,-1,-1,-1,-1,2,0,2,1,2,0,0,0,0,2,2,2,2,2,2,2,2
127,463.006,-1437.074,-142.634,-5.321,0.985387,0.092291,0.143159,-0.091779,0.995727,-0.010188,-0.143487,-0.003100,0.989647,0,0.49599,-0.78956,20.462,-0.693,-1,691.492,-1,513.888,-1,576.092,582.571,447.630,442.944,-1,-1,-1,-1,-1,-1,-1,-1,2,0,2,1,2,0,0,0,0,2,2,2,2,2,2,2,2
128,483.124,-1442.341,-146.377,-6.018,0.984175,0.104136,0.143372,-0.103749,0.994551,-0.010193,-0.143653,-0.004843,0.989616,0,0.49738,-0.78580,20.796,-0.697,-1,687.791,-1,494.671,-1,576.894,583.723,454.706,441.468,-1,-1,-1,-1,-1,-1,-1,-1,2,0,2,1,2,0,0,0,0,2,2,2,2,2,2,2,2
129,503.673,-1447.605,-150.353,-6.637,0.983120,0.114830,0.142437,-0.114394,0.993371,-0.011277,-0.142788,-0.005207,0.989740,0,0.49876,-0.78207,21.213,-0.619,-1,686.625,-1,473.658,-1,578.652,586.763,462.467,438.242,-1,-1,-1,-1,-1,-1,-1,-1,2,0,2,1,2,0,0,0,0,2,2,2,2,2,2,2,2
130,524.490,-1452.934,-154.376,-7.227,0.981827,0.125008,0.142788,-0.124506,0.992140,-0.012476,-0.143226,-0.005529,0.989675,0,0.49982,-0.77920,21.488,-0.590,-1,679.569,-1,451.966,-1,574.619,583.521,469.151,434.999,-1,-1,-1,-1,-1,-1,-1,-1,2,0,2,1,2,0,0,0,0,2,2,2,2,2,2,2,2
131,545.547,-1458.246,-158.085,-7.756,0.980452,0.134098,0.143985,-0.133531,0.990951,-0.013643,-0.144511,-0.005850,0.989486,0,0.50075,-0.77670,21.717,-0.528,-1,671.175,-1,429.140,-1,569.680,578.549,475.932,432.941,-1,-1,-1,-1,-1,-1,-1,-1,2,0,2,1,2,0,0,0,0,2,2,2,2,2,2,2,2
132,566.719,-1463.639,-160.854,-8.205,0.979738,0.142466,0.140774,-0.141271,0.989798,-0.018495,-0.141973,-0.001767,0.989869,0,0.50142,-0.77488,21.848,-0.450,-1,674.535,-1,404.703,-1,574.732,451.149,494.126,426.894,-1,-1,-1,-1,-1,-1,-1,-1,2,0,2,1,2,0,1,0,0,2,2,2,2,2,2,2,2
133,587.992,-1469.754,-162.835,-8.768,0.978898,0.152631,0.135878,-0.150981,0.988282,-0.022430,-0.137709,0.001442,0.990472,0,0.50179,-0.77389,22.134,-0.563,-1,682.750,-1,381.064,-1,585.228,419.968,514.625,423.886,-1,-1,-1,-1,-1,-1,-1,-1,2,0,2,1,2,0,1,0,0,2,2,2,2,2,2,2,2
134,609.319,-1476.059,-164.863,-9.362,0.977388,0.162967,0.134737,-0.161148,0.986629,-0.024374,-0.136908,0.002110,0.990582,0,0.50257,-0.77178,22.240,-0.595,-1,682.438,-1,357.806,-1,587.850,304.683,528.928,424.239,-1,-1,-1,-1,-1,-1,-1,-1,2,0,2,1,2,0,1,0,0,2,2,2,2,2,2,2,2
135,630.758,-1482.035,-167.470,-9.848,0.975534,0.171282,0.137826,-0.169339,0.985220,-0.025794,-0.140207,0.001824,0.990121,0,0.50346,-0.76937,22.256,-0.485,-1,671.423,-1,722.276,-1,579.386,282.563,536.781,425.522,-1,-1,-1,-1,-1,-1,-1,-1,2,0,2,0,2,0,1,0,0,2,2,2,2,2,2,2,2
136,652.129,-1487.738,-170.810,-10.265,0.973351,0.178150,0.144397,-0.176277,0.984003,-0.025770,-0.146678,-0.000371,0.989184,0,0.50392,-0.76813,22.119,-0.418,-1,651.585,-1,704.023,-1,564.306,260.052,537.259,428.220,-1,-1,-1,-1,985.965,-1,-1,-1,2,0,2,0,2,0,1,0,0,2,2,2,2,0,2,2,2
137,673.635,-1493.529,-175.024,-10.718,0.970736,0.185101,0.152997,-0.183744,0.982703,-0.023089,-0.154625,-0.005699,0.987957,0,0.50412,-0.76759,22.272,-0.453,-1,626.069,-1,683.115,-1,545.200,237.309,528.475,433.672,-1,-1,-1,-1,930.697,-1,-1,-1,2,0,2,0,2,0,1,0,0,2,2,2,2,0,2,2,2
138,695.181,-1499.499,-180.032,-11.221,0.967597,0.192291,0.163646,-0.191964,0.981238,-0.017962,-0.164029,-0.014034,0.986356,0,0.50443,-0.76675,22.358,-0.503,-1,595.773,-1,659.843,-1,522.609,214.441,511.788,441.388,-1,-1,-1,-1,874.138,-1,-1,-1,2,0,2,0,2,0,1,0,0,2,2,2,2,0,2,2,2
139,716.776,-1505.710,-185.805,-11.767,0.963965,0.199706,0.175753,-0.200800,0.979562,-0.011725,-0.174502,-0.023989,0.984365,0,0.50492,-0.76543,22.470,-0.545,-1,562.461,-1,634.242,-1,497.611,191.319,489.885,450.199,-1,-1,-1,-1,814.093,-1,-1,-1,2,0,2,0,2,0,1,0,0,2,2,2,2,0,2,2,2
140,738.497,-1512.368,-191.974,-12.354,0.960049,0.207656,0.187579,-0.210275,0.977624,-0.006050,-0.184638,-0.033635,0.982231,0,0.50556,-0.76372,22.719,-0.587,-1,530.530,-1,608.945,-1,473.242,167.839,469.344,458.386,-1,-1,-1,-1,758.426,979.803,-1,-1,2,0,2,0,2,0,1,0,0,2,2,2,2,0,0,2,2
141,760.542,-1519.593,-198.014,-12.971,0.956436,0.216568,0.195777,-0.220293,0.975430,-0.002811,-0.191575,-0.040440,0.980645,0,0.38836,-0.74712,23.198,-0.616,-1,506.698,-1,589.162,-1,454.396,143.778,454.998,462.556,-1,-1,-1,-1,717.903,941.650,969.780,-1,2,0,2,0,2,0,1,0,0,2,2,2,2,0,0,0,2
142,782.899,-1527.309,-203.622,-13.576,0.953392,0.226004,0.199915,-0.230233,0.973133,-0.002148,-0.195030,-0.043979,0.979811,0,0.38902,-0.74479,23.651,-0.606,-1,491.285,-1,575.585,-1,441.554,119.094,448.781,462.639,-1,-1,-1,-1,692.456,917.054,900.924,-1,2,0,2,0,2,0,1,0,0,2,2,2,2,0,0,0,2
143,805.457,-1535.589,-208.520,-14.179,0.950642,0.236001,0.201454,-0.240173,0.970723,-0.003836,-0.196461,-0.044737,0.979491,0,0.38963,-0.74264,24.030,-0.602,-1,481.077,-1,566.029,-1,433.337,455.258,450.385,459.767,-1,-1,-1,-1,677.813,900.459,866.379,-1,2,0,2,0,2,0,0,0,0,2,2,2,2,0,0,0,2
144,828.119,-1544.287,-212.706,-14.770,0.947762,0.246210,0.202801,-0.249872,0.968248,-0.007758,-0.198272,-0.043322,0.979189,0,0.39022,-0.74057,24.274,-0.591,954.618,472.423,-1,556.164,-1,426.386,447.738,457.558,455.024,-1,-1,-1,-1,665.863,881.966,841.725,-1,0,0,2,0,2,0,0,0,0,2,2,2,2,0,0,0,2
145,850.760,-1553.410,-216.295,-15.397,0.944448,0.256981,0.204889,-0.260096,0.965508,-0.012057,-0.200920,-0.041903,0.978711,0,0.39076,-0.73866,24.410,-0.628,896.104,464.011,-1,546.230,-1,419.547,440.282,466.728,451.789,-1,-1,-1,-1,653.626,862.520,815.834,-1,0,0,2,0,2,0,0,0,0,2,2,2,2,0,0,0,2
146,873.467,-1562.931,-219.697,-16.066,0.940870,0.268066,0.207135,-0.270966,0.962475,-0.014787,-0.203326,-0.042214,0.978201,0,0.39141,-0.73639,24.623,-0.669,851.868,455.920,-1,538.184,-1,413.094,433.934,474.186,452.000,-1,-1,-1,-1,641.560,847.581,788.080,-1,0,0,2,0,2,0,0,0,0,2,2,2,2,0,0,0,2
147,896.137,-1572.794,-223.211,-16.781,0.936769,0.279445,0.210654,-0.282480,0.959137,-0.016173,-0.206565,-0.044355,0.977427,0,0.39216,-0.73374,24.722,-0.714,797.087,445.850,-1,528.927,-1,405.492,427.035,477.601,454.829,-1,-1,-1,-1,626.423,832.518,751.556,-1,0,0,2,0,2,0,0,0,0,2,2,2,2,0,0,0,2
148,918.506,-1583.341,-226.894,-17.612,0.931872,0.292179,0.215047,-0.295822,0.955113,-0.015790,-0.210008,-0.048901,0.976476,0,0.39304,-0.73066,24.731,-0.831,738.230,434.516,-1,519.920,-1,396.580,420.060,476.363,460.633,-1,-1,-1,-1,609.508,820.224,712.062,-1,0,0,2,0,2,0,0,0,0,2,2,2,2,0,0,0,2
149,940.761,-1594.280,-230.878,-18.455,0.926843,0.305209,0.218655,-0.309302,0.950827,-0.016132,-0.212827,-0.052678,0.975669,0,0.39426,-0.72636,24.798,-0.843,687.477,424.514,-1,510.949,-1,388.069,413.204,476.531,464.674,-1,-1,-1,-1,594.204,807.506,680.356,-1,0,0,2,0,2,0,0,0,0,2,2,2,2,0,0,0,2
150,962.684,-1605.900,-235.231,-19.376,0.921306,0.319317,0.221880,-0.324011,0.945919,-0.015931,-0.214968,-0.057214,0.974944,0,0.39551,-0.72195,24.812,-0.921,641.271,414.680,-1,502.719,-1,379.898,406.322,474.740,468.416,-1,-1,-1,-1,580.027,796.585,649.765,-1,0,0,2,0,2,0,0,0,0,2,2,2,2,0,0,0,2
151,984.283,-1618.162,-239.947,-20.364,0.915330,0.334425,0.224347,-0.339750,0.940386,-0.015627,-0.216199,-0.061918,0.974384,0,0.39700,-0.71670,24.837,-0.988,606.791,405.362,-1,495.510,-1,372.686,399.741,470.667,470.967,-1,-1,-1,-1,567.545,788.166,622.234,-1,0,0,2,0,2,0,0,0,0,2,2,2,2,0,0,0,2
152,1005.485,-1631.094,-244.925,-21.410,0.908924,0.350524,0.225811,-0.356377,0.934210,-0.015692,-0.216456,-0.066211,0.974045,0,0.39869,-0.71075,24.835,-1.046,576.402,397.315,-1,490.005,-1,366.124,393.859,466.623,471.527,-1,-1,-1,-1,556.889,783.474,599.392,-1,0,0,2,0,2,0,0,0,0,2,2,2,2,0,0,0,2
153,1026.081,-1644.817,-249.898,-22.543,0.901841,0.368036,0.226343,-0.374340,0.927153,-0.016042,-0.215759,-0.070261,0.973916,0,0.40056,-0.70416,24.749,-1.133,550.345,390.674,-1,485.179,-1,360.545,389.126,463.664,470.755,-1,-1,-1,-1,549.268,784.468,583.714,-1,0,0,2,0,2,0,0,0,0,2,2,2,2,0,0,0,2
154,1045.887,-1659.324,-254.581,-23.767,0.893970,0.387169,0.225649,-0.393681,0.919084,-0.017291,-0.214085,-0.073376,0.974055,0,0.40271,-0.69659,24.551,-1.225,536.212,386.330,-1,480.863,-1,357.457,386.711,463.117,467.985,-1,-1,-1,-1,546.052,786.764,576.536,-1,0,0,2,0,2,0,0,0,0,2,2,2,2,0,0,0,2
155,1065.047,-1674.465,-258.936,-25.039,0.885581,0.407223,0.223418,-0.413681,0.910217,-0.019307,-0.211221,-0.075326,0.974532,0,0.40516,-0.68796,24.420,-1.271,533.055,385.429,-1,479.333,-1,356.516,385.877,460.609,463.356,-1,-1,-1,-1,548.347,795.667,580.211,-1,0,0,2,0,2,0,0,0,0,2,2,2,2,0,0,0,2
156,1082.978,-1690.287,-262.748,-26.422,0.875903,0.428725,0.221333,-0.435227,0.900074,-0.021089,-0.208257,-0.077859,0.974970,0,0.40778,-0.67875,23.914,-1.384,533.096,385.371,-1,480.114,-1,356.599,384.874,458.212,459.741,-1,-1,-1,-1,552.702,810.468,587.417,-1,0,0,2,0,2,0,0,0,0,2,2,2,2,0,0,0,2
157,1100.342,-1706.371,-266.180,-27.799,0.865865,0.450183,0.218202,-0.456492,0.889416,-0.023552,-0.204675,-0.079214,0.975619,0,0.41078,-0.66819,23.669,-1.376,542.250,387.521,-1,481.648,-1,357.954,386.312,458.515,454.891,-1,-1,-1,-1,560.842,825.210,604.393,-1,0,0,2,0,2,0,0,0,0,2,2,2,2,0,0,0,2
158,1117.369,-1722.766,-269.346,-29.120,0.855971,0.470738,0.213820,-0.476821,0.878630,-0.025531,-0.199887,-0.080100,0.976539,0,0.41378,-0.65762,23.637,-1.321,561.145,392.314,-1,484.766,-1,361.237,389.719,457.749,450.292,-1,-1,-1,-1,574.117,851.725,657.821,-1,0,0,2,0,2,0,0,0,0,2,2,2,2,0,0,0,2
159,1133.414,-1739.735,-272.102,-30.525,0.844992,0.492022,0.209531,-0.498239,0.866656,-0.025801,-0.194286,-0.082595,0.977462,0,0.41663,-0.64756,23.354,-1.405,605.455,398.696,-1,492.485,-1,366.956,394.648,452.556,448.590,-1,-1,-1,-1,590.277,882.686,750.286,-1,0,0,2,0,2,0,0,0,0,2,2,2,2,0,0,0,2
160,1148.409,-1757.246,-274.500,-32.041,0.832560,0.514355,0.205628,-0.521070,0.853166,-0.024353,-0.187961,-0.086871,0.978327,0,0.41978,-0.63648,23.054,-1.516,668.408,406.167,-1,503.150,-1,373.405,401.339,444.504,449.703,-1,-1,-1,-1,613.295,921.327,886.983,-1,0,0,2,0,2,0,0,0,0,2,2,2,2,0,0,0,2
161,1163.109,-1775.023,-276.760,-33.573,0.819568,0.536792,0.200406,-0.543965,0.838814,-0.022215,-0.180029,-0.090807,0.979461,0,0.42330,-0.62409,23.068,-1.532,930.529,416.929,-1,516.823,-1,382.428,410.210,437.842,450.541,-1,-1,-1,-1,644.102,952.196,-1,970.981,0,0,2,0,2,0,0,0,0,2,2,2,2,0,0,2,1
162,1177.461,-1793.171,-278.786,-35.113,0.805929,0.558798,0.195508,-0.566696,0.823724,-0.018306,-0.171274,-0.096041,0.980531,0,0.42687,-0.61151,23.137,-1.540,-1,430.181,-1,534.594,-1,394.133,422.158,428.897,454.105,-1,-1,-1,-1,680.291,987.657,-1,977.297,2,0,2,0,2,0,0,0,0,2,2,2,2,0,0,2,1
163,1192.098,-1811.517,-280.952,-36.505,0.793256,0.578561,0.189767,-0.587087,0.809410,-0.013609,-0.161473,-0.100614,0.981735,0,0.43048,-0.59881,23.470,-1.392,-1,444.605,-1,555.120,-1,406.725,434.746,419.470,457.459,-1,-1,-1,-1,726.612,976.047,-1,-1,2,0,2,0,2,0,0,0,0,2,2,2,2,0,1,2,2
164,1206.869,-1830.031,-283.144,-37.791,0.781246,0.596742,0.183178,-0.605802,0.795575,-0.008038,-0.150528,-0.104690,0.983047,0,0.43364,-0.58769,23.684,-1.286,-1,463.039,-1,578.878,-1,421.994,450.786,411.921,460.771,-1,-1,-1,-1,784.365,899.550,-1,-1,2,0,2,0,2,0,0,0,0,2,2,2,2,0,1,2,2
165,1222.105,-1848.483,-285.481,-38.888,0.770707,0.612155,0.176854,-0.621626,0.783311,-0.002352,-0.139971,-0.108124,0.984234,0,0.43648,-0.57769,23.929,-1.097,-1,482.203,-1,605.286,-1,437.706,467.614,404.785,463.993,-1,-1,-1,-1,843.881,876.699,-1,-1,2,0,2,0,2,0,0,0,0,2,2,2,2,0,1,2,2
166,1235.427,-1863.895,-287.598,-39.614,0.762938,0.622017,0.176127,-0.631478,0.775388,-0.002992,-0.138428,-0.108938,0.984363,0,0.43874,-0.56974,20.371,-0.726,-1,485.557,-1,606.055,-1,439.883,468.445,400.364,463.572,-1,-1,-1,-1,859.118,865.429,-1,-1,2,0,2,0,2,0,0,0,0,2,2,2,2,0,1,2,2
167,1242.145,-1869.145,-288.680,-39.470,0.761932,0.620703,0.184897,-0.627412,0.778218,-0.027030,-0.160668,-0.095412,0.982386,0,0.60445,-0.38706,8.527,0.145,-1,452.635,-1,542.893,-1,407.584,431.030,414.482,441.086,-1,-1,-1,-1,766.728,853.100,-1,-1,2,0,2,0,2,0,0,0,0,2,2,2,2,0,1,2,2
168,1247.215,-1873.749,-289.433,-39.469,0.759088,0.621832,0.192642,-0.625052,0.778898,-0.051260,-0.181924,-0.081500,0.979929,0,0.60333,-0.38993,6.848,0.001,-1,424.333,-1,490.380,-1,379.146,397.850,430.947,418.696,-1,-1,-1,-1,693.222,844.827,-1,-1,2,0,2,0,2,0,0,0,0,2,2,2,2,0,0,2,2
169,1251.194,-1878.102,-289.572,-39.747,0.753884,0.626623,0.197493,-0.626922,0.776014,-0.069075,-0.196541,-0.071738,0.977868,0,0.60291,-0.39100,5.898,-0.278,983.145,407.254,-1,456.972,-1,362.518,376.716,444.319,403.588,-1,-1,-1,-1,651.246,769.913,-1,-1,0,0,2,0,2,0,0,0,0,2,2,2,2,0,0,2,2
170,1255.224,-1882.986,-289.208,-40.227,0.748108,0.633808,0.196525,-0.632806,0.770552,-0.076201,-0.199729,-0.067356,0.977533,0,0.60367,-0.38905,6.332,-0.481,994.505,407.217,-1,449.622,-1,360.914,373.367,452.114,397.739,-1,-1,-1,-1,651.105,750.142,-1,-1,0,0,2,0,2,0,0,0,0,2,2,2,2,0,0,2,2
171,1259.487,-1888.490,-288.779,-40.755,0.743218,0.641337,0.190563,-0.640504,0.764347,-0.074359,-0.193345,-0.066792,0.978855,0,0.60522,-0.38508,6.961,-0.528,-1,420.639,-1,461.989,-1,371.359,383.105,455.019,398.140,-1,-1,-1,-1,684.919,772.759,-1,-1,2,0,2,0,2,0,0,0,0,2,2,2,2,0,0,2,2
172,1262.780,-1892.571,-288.308,-40.998,0.741720,0.645129,0.183468,-0.644727,0.761192,-0.070093,-0.184874,-0.066297,0.980523,0,0.60694,-0.38068,5.245,-0.244,-1,436.972,-1,479.410,-1,384.537,395.942,457.780,399.673,-1,-1,-1,-1,727.350,804.201,-1,-1,2,0,2,0,2,0,0,0,0,2,2,2,2,0,0,2,2
173,1264.803,-1894.722,-287.964,-41.120,0.741364,0.647162,0.177652,-0.647195,0.759476,-0.065842,-0.177533,-0.066163,0.981888,0,0.60762,-0.37892,2.952,-0.122,-1,450.803,-1,494.885,-1,395.825,407.164,459.457,401.271,-1,-1,-1,-1,763.567,832.044,-1,-1,2,0,2,0,2,0,0,0,0,2,2,2,2,0,0,2,2
174,6115.882,-702.855,-493.220,-142.206,-0.790133,0.611973,0.034329,-0.612751,-0.790029,-0.019759,0.015029,-0.036648,0.999215,1,0.60793,-0.37813,0.000,0.000,-1,607.243,-1,539.478,-1,490.720,480.948,492.900,449.549,-1,666.512,682.417,963.579,-1,813.098,-1,-1,2,0,2,0,2,0,0,0,0,2,0,0,0,2,0,2,2
175,6116.309,-702.344,-488.288,-142.215,-0.790238,0.612067,0.029957,-0.612638,-0.790208,-0.015689,0.014070,-0.030751,0.999428,0,0.29510,0.70534,0.666,-0.009,-1,625.120,-1,545.260,-1,501.361,488.511,523.319,452.084,-1,698.729,708.046,967.413,-1,818.881,-1,-1,2,0,2,0,2,0,0,0,0,2,0,0,0,2,0,2,2
176,6116.332,-702.113,-484.290,-142.220,-0.790286,0.612146,0.026942,-0.612574,-0.790328,-0.011589,0.014199,-0.025663,0.999570,0,0.29510,0.70534,0.232,-0.005,-1,641.746,-1,551.157,-1,511.622,495.880,551.923,453.673,-1,718.380,724.800,965.083,-1,826.010,-1,-1,2,0,2,0,2,0,0,0,0,2,0,0,0,2,0,2,2
177,6116.069,-702.192,-481.451,-142.200,-0.790069,0.612517,0.024797,-0.612836,-0.790174,-0.007556,0.014965,-0.021166,0.999664,0,0.29510,0.70534,0.274,0.019,-1,655.867,-1,555.972,-1,520.328,502.029,575.087,453.424,-1,729.700,733.425,957.050,-1,832.292,-1,-1,2,0,2,0,2,0,0,0,0,2,0,0,0,2,0,2,2
178,6115.545,-702.551,-479.800,-142.164,-0.789664,0.613091,0.023454,-0.613321,-0.789826,-0.003530,0.016360,-0.017173,0.999719,0,0.29510,0.70534,0.635,0.036,-1,667.942,-1,559.600,-1,527.428,506.876,592.958,451.179,-1,732.607,733.827,943.139,-1,837.533,-1,-1,2,0,2,0,2,0,0,0,0,2,0,0,0,2,0,2,2
179,6114.826,-703.189,-479.292,-142.105,-0.789006,0.613966,0.022695,-0.614122,-0.789211,0.000112,0.017980,-0.013850,0.999742,0,0.29510,0.70534,0.961,0.059,-1,676.852,-1,561.589,-1,532.274,509.945,605.070,447.319,-1,729.239,728.282,927.386,-1,840.786,-1,-1,2,0,2,0,2,0,0,0,0,2,0,0,0,2,0,2,2
180,6113.969,-704.036,-479.838,-142.039,-0.788284,0.614904,0.022400,-0.615016,-0.788512,0.002322,0.019090,-0.011946,0.999746,0,0.29510,0.70534,1.206,0.066,-1,680.050,-1,561.244,-1,533.511,510.318,608.988,443.164,-1,723.256,720.969,914.958,-1,840.643,-1,-1,2,0,2,0,2,0,0,0,0,2,0,0,0,2,0,2,2
181,6113.043,-705.045,-481.327,-141.981,-0.787669,0.615690,0.022415,-0.615810,-0.787892,0.001930,0.018849,-0.012283,0.999747,0,0.29510,0.70534,1.369,0.058,-1,674.674,-1,557.772,-1,529.619,506.971,602.224,440.138,-1,718.729,716.498,911.939,-1,835.466,-1,-1,2,0,2,0,2,0,0,0,0,2,0,0,0,2,0,2,2
182,6112.115,-706.172,-483.681,-141.947,-0.787329,0.616120,0.022572,-0.616310,-0.787501,-0.001897,0.016607,-0.015405,0.999743,0,0.29510,0.70534,1.460,0.035,-1,658.821,-1,550.519,-1,519.500,499.134,583.526,439.170,-1,718.743,718.355,923.131,-1,823.915,-1,-1,2,0,2,0,2,0,0,0,0,2,0,0,0,2,0,2,2
183,6111.226,-707.467,-486.775,-141.920,-0.787085,0.616427,0.022717,-0.616715,-0.787142,-0.008432,0.012684,-0.020646,0.999706,0,0.29510,0.70534,1.571,0.027,-1,634.926,-1,540.066,-1,504.398,487.657,556.296,439.593,-1,722.717,725.627,946.667,-1,806.969,-1,-1,2,0,2,0,2,0,0,0,0,2,0,0,0,2,0,2,2
184,6110.201,-709.087,-490.093,-141.869,-0.786562,0.617059,0.023621,-0.617428,-0.786507,-0.013727,0.010108,-0.025381,0.999627,0,0.29510,0.70534,1.917,0.051,-1,613.707,-1,531.232,-1,491.527,477.870,529.965,438.845,-1,719.604,725.485,964.098,-1,793.349,-1,-1,2,0,2,0,2,0,0,0,0,2,0,0,0,2,0,2,2
185,6108.875,-711.102,-492.939,-141.779,-0.785589,0.618201,0.026018,-0.618665,-0.785481,-0.016558,0.010200,-0.029104,0.999524,0,0.29510,0.70534,2.411,0.090,-1,602.067,-1,527.241,-1,484.703,472.900,510.626,437.940,-1,705.824,714.425,967.736,-1,788.665,-1,-1,2,0,2,0,2,0,0,0,0,2,0,0,0,2,0,2,2
186,6107.246,-713.454,-494.764,-141.649,-0.784170,0.619883,0.028666,-0.620430,-0.784079,-0.016943,0.011974,-0.031071,0.999445,0,0.29510,0.70534,2.861,0.130,-1,599.649,-1,527.199,-1,483.439,472.199,499.937,436.941,-1,688.118,699.998,961.309,-1,790.632,-1,-1,2,0,2,0,2,0,0,0,0,2,0,0,0,2,0,2,2
187,6105.284,-716.121,-495.379,-141.489,-0.782411,0.622009,0.030635,-0.622596,-0.782392,-0.015367,0.014410,-0.031096,0.999413,0,0.41786,0.33295,3.312,0.160,-1,604.475,-1,529.755,-1,486.454,474.605,498.080,435.919,-1,674.816,688.275,950.293,-1,796.419,-1,-1,2,0,2,0,2,0,0,0,0,2,0,0,0,2,0,2,2
188,6102.938,-719.131,-494.898,-141.311,-0.780439,0.624432,0.031604,-0.625007,-0.780516,-0.012677,0.016751,-0.029647,0.999420,0,0.41786,0.33295,3.815,0.178,-1,613.882,-1,533.642,-1,492.127,478.824,503.372,435.271,-1,669.020,682.327,940.641,-1,803.666,-1,-1,2,0,2,0,2,0,0,0,0,2,0,0,0,2,0,2,2
189,6100.236,-722.436,-493.647,-141.125,-0.778390,0.626990,0.031517,-0.627514,-0.778542,-0.009912,0.018323,-0.027493,0.999454,0,0.41786,0.33295,4.270,0.186,-1,624.393,-1,537.432,-1,498.374,483.293,512.888,435.352,-1,671.857,682.990,935.774,-1,809.898,-1,-1,2,0,2,0,2,0,0,0,0,2,0,0,0,2,0,2,2
190,6097.192,-726.010,-492.032,-140.940,-0.776350,0.629552,0.030739,-0.630014,-0.776547,-0.007626,0.019069,-0.025286,0.999498,0,0.41786,0.33295,4.694,0.185,-1,633.429,-1,540.475,-1,503.995,487.167,524.064,436.170,-1,681.091,690.413,936.291,-1,814.286,-1,-1,2,0,2,0,2,0,0,0,0,2,0,0,0,2,0,2,2
191,6093.818,-729.866,-490.418,-140.758,-0.774332,0.632066,0.030055,-0.632480,-0.774554,-0.006001,0.019487,-0.023656,0.999530,0,0.41786,0.33295,5.124,0.183,-1,640.866,-1,543.149,-1,508.903,490.541,534.450,437.870,-1,692.101,700.182,940.657,-1,818.012,-1,-1,2,0,2,0,2,0,0,0,0,2,0,0,0,2,0,2,2
192,6090.119,-734.045,-489.075,-140.579,-0.772346,0.634482,0.030245,-0.634882,-0.772593,-0.005038,0.020171,-0.023093,0.999530,0,0.41786,0.33295,5.582,0.179,-1,647.323,-1,546.133,-1,513.461,493.845,540.419,440.632,-1,700.313,707.630,946.967,-1,822.771,-1,-1,2,0,2,0,2,0,0,0,0,2,0,0,0,2,0,2,2
193,6086.104,-738.563,-488.161,-140.407,-0.770420,0.636753,0.031581,-0.637179,-0.770701,-0.004720,0.021335,-0.023759,0.999490,0,0.41786,0.33295,6.044,0.172,-1,652.744,-1,549.545,-1,517.666,497.108,541.370,444.363,-1,703.771,710.762,954.236,-1,828.997,-1,-1,2,0,2,0,2,0,0,0,0,2,0,0,0,2,0,2,2
194,6081.832,-743.438,-487.723,-140.229,-0.768409,0.639073,0.033662,-0.639558,-0.768726,-0.005057,0.022645,-0.025415,0.999420,0,0.41786,0.33295,6.482,0.179,-1,656.318,-1,552.688,-1,520.874,499.759,537.842,448.580,-1,704.049,711.099,962.858,-1,835.339,-1,-1,2,0,2,0,2,0,0,0,0,2,0,0,0,2,0,2,2
195,6077.322,-748.670,-487.722,-140.039,-0.766261,0.641523,0.035941,-0.642085,-0.766612,-0.005726,0.023879,-0.027464,0.999337,0,0.41786,0.33295,6.907,0.190,-1,658.057,-1,554.973,-1,522.870,501.461,531.669,452.413,-1,702.744,709.946,971.708,-1,840.835,-1,-1,2,0,2,0,2,0,0,0,0,2,0,0,0,2,0,2,2
196,6072.551,-754.213,-488.052,-139.841,-0.764019,0.644077,0.037942,-0.644715,-0.764395,-0.006483,0.024827,-0.029415,0.999259,0,0.41786,0.33295,7.313,0.198,-1,658.176,-1,555.973,-1,523.599,502.002,524.555,455.285,-1,701.655,708.926,980.042,-1,844.055,-1,-1,2,0,2,0,2,0,0,0,0,2,0,0,0,2,0,2,2
197,6067.506,-760.027,-488.582,-139.637,-0.761716,0.646724,0.039206,-0.647418,-0.762102,-0.007099,0.025288,-0.030790,0.999206,0,0.41786,0.33295,7.698,0.204,-1,657.012,-1,555.336,-1,523.112,501.242,517.930,456.681,-1,702.594,709.675,987.993,-1,844.048,-1,-1,2,0,2,0,2,0,0,0,0,2,0,0,0,2,0,2,2
198,6062.179,-766.086,-489.192,-139.429,-0.759356,0.649480,0.039420,-0.650190,-0.759735,-0.007427,0.025125,-0.031270,0.999195,0,0.41786,0.33295,8.067,0.209,-1,654.652,-1,552.829,-1,521.405,499.184,513.307,456.335,-1,706.966,713.479,995.236,-1,840.403,-1,-1,2,0,2,0,2,0,0,0,0,2,0,0,0,2,0,2,2
199,6056.573,-772.383,-489.788,-139.213,-0.756925,0.652369,0.038469,-0.653050,-0.757279,-0.007376,0.024320,-0.030705,0.999233,0,0.41786,0.33295,8.431,0.215,-1,651.476,-1,548.627,-1,518.702,495.965,511.336,454.201,-1,715.422,720.907,1001.718,-1,833.591,-1,-1,2,0,2,0,2,0,0,0,0,2,0,0,0,2,0,2,2
200,6050.675,-778.931,-490.341,-138.988,-0.754368,0.655441,0.036399,-0.656044,-0.754693,-0.006637,0.023119,-0.028886,0.999315,0,0.41786,0.33295,8.813,0.226,-1,648.458,-1,543.136,-1,515.594,492.005,512.577,450.073,-1,727.051,730.771,1005.435,-1,823.909,-1,-1,2,0,2,0,2,0,0,0,0,2,0,0,0,2,0,2,2
201,6044.493,-785.730,-490.869,-138.755,-0.751719,0.658636,0.033430,-0.659124,-0.752017,-0.005090,0.021788,-0.025861,0.999428,0,0.41786,0.33295,9.189,0.233,-1,646.179,-1,536.816,-1,512.530,487.688,517.189,443.912,-1,740.470,741.592,1005.408,-1,812.408,-1,-1,2,0,2,0,2,0,0,0,0,2,0,0,0,2,0,2,2
202,6038.045,-792.780,-491.354,-138.509,-0.748902,0.662004,0.029942,-0.662371,-0.749168,-0.003305,0.020243,-0.022308,0.999546,0,0.41786,0.33295,9.554,0.246,-1,643.769,-1,529.968,-1,509.298,483.051,523.468,437.056,-1,755.989,754.121,1004.798,-1,799.899,-1,-1,2,0,2,0,2,0,0,0,0,2,0,0,0,2,0,2,2
203,6031.371,-800.132,-491.724,-138.249,-0.745911,0.665502,0.026900,-0.665776,-0.746150,-0.001688,0.018948,-0.019169,0.999637,0,0.41786,0.33295,9.930,0.260,-1,642.046,-1,524.002,-1,506.754,479.093,529.184,431.243,-1,771.128,766.372,1005.616,-1,789.510,-1,-1,2,0,2,0,2,0,0,0,0,2,0,0,0,2,0,2,2
204,6024.561,-807.751,-491.837,-137.987,-0.742879,0.668951,0.025214,-0.669186,-0.743094,-0.001219,0.017921,-0.017778,0.999681,0,0.41786,0.33295,10.219,0.262,-1,640.352,-1,519.889,-1,505.009,476.300,530.997,428.793,-1,785.827,779.336,-1,-1,782.758,-1,-1,2,0,2,0,2,0,0,0,0,2,0,0,2,2,0,2,2
205,6017.680,-815.714,-491.684,-137.719,-0.739741,0.672434,0.024810,-0.672669,-0.739941,-0.001600,0.017282,-0.017873,0.999691,0,0.41786,0.33295,10.524,0.269,-1,639.264,-1,517.718,-1,504.358,474.865,529.653,429.298,-1,799.403,792.218,-1,-1,779.771,-1,-1,2,0,2,0,2,0,0,0,0,2,0,0,2,2,0,2,2
206,6010.661,-824.071,-491.385,-137.432,-0.736362,0.676110,0.025417,-0.676362,-0.736567,-0.001857,0.017465,-0.018558,0.999675,0,0.41786,0.33295,10.914,0.287,-1,640.375,-1,517.509,-1,505.499,475.100,527.324,431.164,-1,809.116,801.350,-1,-1,780.678,-1,-1,2,0,2,0,2,0,0,0,0,2,0,0,2,2,0,2,2
207,6003.479,-832.786,-491.054,-137.131,-0.732783,0.679945,0.026522,-0.680215,-0.733011,-0.001592,0.018358,-0.019207,0.999647,0,0.41786,0.33295,11.293,0.301,-1,643.568,-1,518.533,-1,508.070,476.469,525.330,433.159,-1,815.212,806.555,-1,-1,784.556,-1,-1,2,0,2,0,2,0,0,0,0,2,0,0,2,2,0,2,2
208,5996.136,-841.783,-490.750,-136.821,-0.729073,0.683879,0.027612,-0.684153,-0.729339,-0.000631,0.019708,-0.019351,0.999619,0,0.41786,0.33295,11.613,0.310,-1,648.394,-1,520.035,-1,511.352,478.423,524.704,434.392,-1,818.983,808.914,-1,-1,789.458,-1,-1,2,0,2,0,2,0,0,0,0,2,0,0,2,2,0,2,2
209,5988.637,-851.021,-490.489,-136.507,-0.725292,0.687860,0.028292,-0.688116,-0.725600,0.000919,0.021161,-0.018802,0.999599,0,0.41786,0.33295,11.899,0.314,-1,654.365,-1,521.325,-1,514.259,480.351,525.853,434.335,-1,822.435,810.456,-1,-1,795.986,-1,-1,2,0,2,0,2,0,0,0,0,2,0,0,2,2,0,2,2
210,5980.960,-860.461,-490.323,-136.196,-0.721542,0.691781,0.028549,-0.692021,-0.721874,0.001976,0.021976,-0.018331,0.999590,0,0.41786,0.33295,12.168,0.310,-1,658.471,-1,521.433,-1,515.756,481.318,526.240,434.059,-1,829.278,815.624,-1,-1,802.531,-1,-1,2,0,2,0,2,0,0,0,0,2,0,0,2,2,0,2,2
211,5973.188,-870.054,-490.244,-135.876,-0.717674,0.695818,0.027947,-0.696048,-0.717992,0.002000,0.021457,-0.018017,0.999607,0,0.36413,1.00000,12.346,0.320,-1,658.336,-1,519.243,-1,514.763,480.170,525.654,433.691,-1,843.478,828.499,-1,-1,803.710,-1,-1,2,0,2,0,2,0,0,0,0,2,0,0,2,2,0,2,2
212,5965.386,-879.820,-490.228,-135.543,-0.713635,0.700013,0.026596,-0.700233,-0.713913,0.001402,0.019968,-0.017623,0.999645,0,0.36413,1.00000,12.500,0.333,-1,655.318,-1,515.332,-1,512.032,477.403,524.967,432.981,-1,863.410,847.181,-1,-1,800.325,-1,-1,2,0,2,0,2,0,0,0,0,2,0,0,2,2,0,2,2
213,5955.996,-891.851,-490.242,-135.118,-0.708452,0.705326,0.024691,-0.705529,-0.708680,0.000689,0.017984,-0.016931,0.999695,0,0.36413,1.00000,15.262,0.425,-1,651.314,-1,510.271,-1,508.490,473.799,524.716,431.745,-1,889.130,871.110,-1,-1,795.169,-1,-1,2,0,2,0,2,0,0,0,0,2,0,0,2,2,0,2,2
214,5949.757,-900.139,-490.286,-134.812,-0.704677,0.709140,0.023453,-0.709318,-0.704888,0.001059,0.017283,-0.015889,0.999724,0,0.36413,1.00000,10.373,0.306,-1,650.898,-1,507.678,-1,507.313,472.345,526.353,429.636,-1,902.902,883.010,-1,-1,793.839,-1,-1,2,0,2,0,2,0,0,0,0,2,0,0,2,2,0,2,2
215,5941.948,-910.758,-490.346,-134.397,-0.699521,0.714262,0.022346,-0.714405,-0.699729,0.002161,0.017180,-0.014453,0.999748,0,0.36413,1.00000,13.182,0.415,-1,652.368,-1,505.754,-1,507.281,471.855,529.115,426.447,-1,915.572,892.903,-1,-1,795.711,-1,-1,2,0,2,0,2,0,0,0,0,2,0,0,2,2,0,2,2
216,5934.271,-921.650,-490.335,-133.930,-0.693672,0.719973,0.021397,-0.720085,-0.693878,0.003322,0.017239,-0.013103,0.999766,0,0.36413,1.00000,13.325,0.467,-1,654.393,-1,504.566,-1,507.879,472.051,532.266,423.616,-1,927.711,902.052,-1,-1,803.576,-1,-1,2,0,2,0,2,0,0,0,0,2,0,0,2,2,0,2,2
217,5926.932,-932.824,-490.183,-133.394,-0.686917,0.726455,0.020194,-0.726543,-0.687110,0.003956,0.016749,-0.011954,0.999788,0,0.36413,1.00000,13.368,0.536,-1,655.234,-1,503.815,-1,508.161,472.021,535.813,420.985,-1,944.097,915.360,-1,-1,816.308,-1,-1,2,0,2,0,2,0,0,0,0,2,0,0,2,2,0,2,2
218,5919.957,-944.330,-489.999,-132.785,-0.679156,0.733750,0.018917,-0.733817,-0.679332,0.004438,0.016108,-0.010867,0.999811,0,0.36413,1.00000,13.455,0.610,-1,656.513,-1,504.624,-1,509.773,472.713,539.832,418.279,-1,960.331,928.864,-1,-1,830.995,-1,-1,2,0,2,0,2,0,0,0,0,2,0,0,2,2,0,2,2
219,5913.564,-956.144,-489.831,-132.085,-0.670155,0.742016,0.017456,-0.742063,-0.670313,0.004900,0.015337,-0.009670,0.999836,0,0.36413,1.00000,13.433,0.699,-1,657.597,-1,505.381,-1,511.321,473.820,544.847,415.506,-1,974.833,942.511,-1,-1,847.862,-1,-1,2,0,2,0,2,0,0,0,0,2,0,0,2,2,0,2,2
220,5907.191,-968.120,-489.680,-131.402,-0.661255,0.749958,0.017446,-0.750001,-0.661416,0.005288,0.015504,-0.009588,0.999834,0,0.36413,1.00000,13.567,0.683,-1,660.332,-1,508.288,-1,513.269,476.579,546.385,414.650,-1,982.274,949.847,-1,-1,885.601,-1,-1,2,0,2,0,2,0,0,0,0,2,0,0,2,2,0,2,2
221,5900.969,-980.300,-489.564,-130.726,-0.652355,0.757704,0.017834,-0.757743,-0.652527,0.005859,0.016077,-0.009691,0.999824,0,0.36413,1.00000,13.676,0.676,-1,663.577,-1,512.031,-1,515.874,480.042,547.291,414.133,-1,986.910,954.422,-1,-1,938.737,-1,-1,2,0,2,0,2,0,0,0,0,2,0,0,2,2,0,2,2
222,5893.976,-995.105,-489.460,-129.864,-0.640890,0.767427,0.017775,-0.767469,-0.641059,0.005797,0.015844,-0.009926,0.999825,0,0.36413,1.00000,16.375,0.862,-1,664.073,-1,515.439,-1,517.479,483.029,548.170,413.670,-1,998.398,966.664,-1,-1,1005.673,-1,-1,2,0,2,0,2,0,0,0,0,2,0,0,2,2,0,2,2
223,5889.496,-1005.048,-489.433,-129.282,-0.633063,0.773899,0.017629,-0.773953,-0.633223,0.005088,0.015101,-0.010424,0.999832,0,0.36413,1.00000,10.905,0.582,-1,662.247,-1,519.513,-1,517.383,484.106,547.517,413.392,-1,-1,979.126,-1,-1,-1,-1,-1,2,0,2,0,2,0,0,0,0,2,2,0,2,2,2,2,2
224,5883.894,-1017.612,-489.495,-128.572,-0.623440,0.781672,0.017668,-0.781740,-0.623591,0.004256,0.014344,-0.011158,0.999835,0,0.36413,1.00000,13.756,0.709,-1,660.857,-1,524.511,-1,518.483,486.453,545.859,412.640,-1,-1,993.333,-1,-1,-1,-1,-1,2,0,2,0,2,0,0,0,0,2,2,0,2,2,2,2,2
225,5878.419,-1030.322,-489.608,-127.843,-0.613448,0.789549,0.017116,-0.789620,-0.613585,0.003775,0.013483,-0.011200,0.999846,0,0.36413,1.00000,13.839,0.729,-1,660.750,-1,527.523,-1,518.821,487.694,546.286,410.884,-1,-1,-1,-1,-1,-1,-1,-1,2,0,2,0,2,0,0,0,0,2,2,2,2,2,2,2,2
226,5873.332,-1043.173,-489.704,-127.055,-0.602535,0.797945,0.015346,-0.797999,-0.602647,0.003716,0.012213,-0.010007,0.999875,0,0.36413,1.00000,13.822,0.788,-1,660.403,-1,529.573,-1,518.061,488.380,551.101,407.536,-1,-1,-1,-1,-1,-1,-1,-1,2,0,2,0,2,0,0,0,0,2,2,2,2,2,2,2,2
227,5868.266,-1056.130,-489.770,-126.267,-0.591512,0.806177,0.013855,-0.806220,-0.591605,0.003540,0.011051,-0.009076,0.999898,0,0.36413,1.00000,13.912,0.788,-1,659.685,-1,532.133,-1,517.540,489.402,555.231,404.204,-1,-1,-1,-1,-1,-1,-1,-1,2,0,2,0,2,0,0,0,0,2,2,2,2,2,2,2,2
228,5863.327,-1069.180,-489.740,-125.482,-0.580424,0.814219,0.012500,-0.814258,-0.580496,0.002925,0.009637,-0.008480,0.999918,0,0.36413,1.00000,13.953,0.785,-1,658.169,-1,537.358,-1,516.724,490.289,558.674,401.587,-1,-1,-1,-1,-1,-1,-1,-1,2,0,2,0,2,0,0,0,0,2,2,2,2,2,2,2,2
229,5858.418,-1082.394,-489.658,-124.719,-0.569527,0.821893,0.011449,-0.821924,-0.569590,0.002974,0.008966,-0.007716,0.999930,0,0.36413,1.00000,14.097,0.763,-1,659.298,-1,544.631,-1,517.447,492.555,562.953,398.514,-1,-1,-1,-1,-1,-1,-1,-1,2,0,2,0,2,0,0,0,0,2,2,2,2,2,2,2,2
230,5853.573,-1095.803,-489.511,-123.969,-0.558719,0.829289,0.010643,-0.829306,-0.558781,0.003872,0.009158,-0.006663,0.999936,0,0.46583,0.91774,14.258,0.750,-1,663.612,-1,551.375,-1,520.203,496.509,568.688,395.527,-1,-1,-1,-1,-1,-1,-1,-1,2,0,2,0,2,0,0,0,0,2,2,2,2,2,2,2,2
231,5848.824,-1109.408,-489.308,-123.216,-0.547773,0.836567,0.010025,-0.836574,-0.547834,0.004742,0.009459,-0.005789,0.999938,0,0.46583,0.91774,14.410,0.753,-1,674.184,-1,558.825,-1,522.981,500.923,574.227,393.018,-1,-1,-1,-1,-1,-1,-1,-1,2,0,2,0,2,0,0,0,0,2,2,2,2,2,2,2,2
