timestep,x_cm,y_cm,z_cm,yaw_deg,basis_xx,basis_xy,basis_xz,basis_yx,basis_yy,basis_yz,basis_zx,basis_zy,basis_zz,teleport_flag,throttle_cmd,steering_cmd,cmd_move_cm,cmd_turn_deg,lidar_cm_0,lidar_cm_1,lidar_cm_2,lidar_cm_3,lidar_cm_4,lidar_cm_5,lidar_cm_6,lidar_cm_7,lidar_cm_8,lidar_cm_9,lidar_cm_10,lidar_cm_11,lidar_cm_12,lidar_cm_13,lidar_cm_14,lidar_cm_15,lidar_cm_16,lidar_class_0,lidar_class_1,lidar_class_2,lidar_class_3,lidar_class_4,lidar_class_5,lidar_class_6,lidar_class_7,lidar_class_8,lidar_class_9,lidar_class_10,lidar_class_11,lidar_class_12,lidar_class_13,lidar_class_14,lidar_class_15,lidar_class_16
0,4919.500,-4919.493,-11.774,-5.676,0.991909,0.098898,0.079601,-0.098396,0.995095,-0.010214,-0.080221,0.002299,0.996774,1,0.00000,0.00000,4.800,-0.240,-1,400.000,-1,400.000,-1,325.000,325.000,325.000,325.000,850.000,425.000,575.000,-1,750.000,775.000,-1,-1,2,0,2,0,2,0,0,0,0,1,1,1,2,0,0,2,2
1,4924.275,-4919.982,-12.158,-5.851,0.991591,0.101936,0.079731,-0.101439,0.994789,-0.010265,-0.080361,0.002091,0.996764,0,0.08000,-0.08747,4.800,-0.175,-1,400.000,-1,400.000,-1,325.000,325.000,325.000,325.000,875.000,425.000,575.000,-1,750.000,775.000,-1,-1,2,0,2,0,2,0,0,0,0,1,1,1,2,0,0,2,2
2,4933.821,-4920.990,-12.928,-6.029,0.991246,0.105039,0.079983,-0.104543,0.994466,-0.010370,-0.080630,0.001918,0.996742,0,0.16000,-0.08937,9.600,-0.179,-1,400.000,-1,400.000,-1,325.000,325.000,325.000,325.000,900.000,450.000,575.000,-1,750.000,775.000,-1,-1,2,0,2,0,2,0,0,0,0,1,1,1,2,0,0,2,2
3,4948.137,-4922.550,-14.084,-6.216,0.990868,0.108273,0.080359,-0.107774,0.994120,-0.010533,-0.081027,0.001776,0.996710,0,0.24000,-0.09319,14.400,-0.186,-1,400.000,-1,400.000,-1,325.000,325.000,325.000,325.000,925.000,450.000,575.000,-1,750.000,775.000,-1,-1,2,0,2,0,2,0,0,0,0,1,1,1,2,0,0,2,2
4,4967.217,-4924.694,-15.625,-6.414,0.990446,0.111706,0.080856,-0.111199,0.993740,-0.010755,-0.081552,0.001661,0.996668,0,0.32000,-0.09893,19.200,-0.198,-1,400.000,-1,400.000,-1,325.000,325.000,325.000,325.000,950.000,475.000,600.000,-1,750.000,750.000,-1,-1,2,0,2,0,2,0,0,0,0,1,1,1,2,0,0,2,2
5,4991.057,-4927.464,-17.553,-6.627,0.989972,0.115403,0.081475,-0.114884,0.993318,-0.011041,-0.082205,0.001570,0.996614,0,0.40000,-0.10660,24.000,-0.213,-1,400.000,-1,400.000,-1,325.000,325.000,325.000,325.000,1000.000,500.000,625.000,-1,750.000,750.000,-1,-1,2,0,2,0,2,0,0,0,0,1,1,1,2,0,0,2,2
6,5019.651,-4930.904,-19.867,-6.859,0.989433,0.119431,0.082214,-0.118896,0.992841,-0.011393,-0.082986,0.001498,0.996550,0,0.48000,-0.11622,28.800,-0.232,-1,375.000,-1,400.000,-1,325.000,325.000,325.000,325.000,-1,550.000,650.000,-1,725.000,750.000,-1,-1,2,0,2,0,2,0,0,0,0,2,1,1,2,0,0,2,2
7,5052.992,-4935.065,-22.567,-7.115,0.988817,0.123859,0.083071,-0.123303,0.992299,-0.011816,-0.083894,0.001441,0.996474,0,0.56000,-0.12780,33.600,-0.256,-1,375.000,-1,400.000,-1,325.000,325.000,325.000,325.000,-1,575.000,675.000,-1,725.000,750.000,-1,-1,2,0,2,0,2,0,0,0,0,2,1,1,2,0,0,2,2
8,5091.073,-4940.010,-25.654,-7.398,0.988109,0.128754,0.084044,-0.128171,0.991676,-0.012315,-0.084930,0.001396,0.996386,0,0.64000,-0.14136,38.400,-0.283,-1,375.000,-1,400.000,-1,300.000,325.000,325.000,325.000,-1,625.000,725.000,-1,725.000,725.000,-1,-1,2,0,2,0,2,0,0,0,0,2,1,1,2,0,0,2,2
9,5132.624,-4945.636,-29.026,-7.711,0.987296,0.134183,0.085099,-0.133571,0.990956,-0.012878,-0.086058,0.001348,0.996289,0,0.69883,-0.15691,41.930,-0.314,-1,375.000,-1,375.000,-1,300.000,325.000,325.000,325.000,-1,675.000,775.000,-1,725.000,725.000,-1,-1,2,0,2,0,2,0,0,0,0,2,1,1,2,0,0,2,2
10,5174.796,-4951.608,-32.451,-8.059,0.986367,0.140198,0.086163,-0.139555,0.990123,-0.013472,-0.087201,0.001264,0.996190,0,0.70988,-0.17396,42.593,-0.348,-1,375.000,-1,375.000,-1,300.000,300.000,325.000,325.000,-1,725.000,825.000,-1,700.000,725.000,-1,-1,2,0,2,0,2,0,0,0,0,2,1,1,2,0,0,2,2
11,5217.603,-4957.961,-36.008,-8.442,0.985336,0.146808,0.086953,-0.146165,0.989165,-0.013749,-0.088030,0.000838,0.996117,0,0.72126,-0.19134,43.276,-0.383,-1,375.000,-1,375.000,-1,300.000,300.000,325.000,325.000,-1,775.000,850.000,-1,700.000,700.000,-1,-1,2,0,2,0,2,0,0,0,0,2,1,1,2,0,0,2,2
12,5261.057,-4964.735,-39.560,-8.860,0.984243,0.154023,0.086852,-0.153370,0.988067,-0.014180,-0.087999,0.000636,0.996120,0,0.73299,-0.20907,43.979,-0.418,-1,375.000,-1,375.000,-1,300.000,300.000,325.000,325.000,-1,800.000,900.000,-1,700.000,700.000,-1,-1,2,0,2,0,2,0,0,0,0,2,1,1,2,0,0,2,2
13,5305.171,-4971.970,-43.253,-9.314,0.983048,0.161852,0.086144,-0.161175,0.986815,-0.014813,-0.087406,0.000678,0.996173,0,0.74506,-0.22715,44.703,-0.454,-1,375.000,-1,375.000,-1,300.000,300.000,325.000,325.000,-1,850.000,925.000,-1,700.000,700.000,-1,-1,2,0,2,0,2,0,0,0,0,2,1,1,2,0,0,2,2
14,5349.955,-4979.710,-46.903,-9.806,0.981731,0.170306,0.084857,-0.169649,0.985391,-0.014946,-0.086163,0.000277,0.996281,0,0.75748,-0.24559,45.449,-0.491,-1,375.000,-1,375.000,-1,300.000,300.000,325.000,325.000,-1,900.000,950.000,-1,675.000,700.000,-1,-1,2,0,2,0,2,0,0,0,0,2,1,1,2,0,0,2,2
15,5395.420,-4988.001,-50.613,-10.334,0.980223,0.179393,0.083547,-0.178761,0.983777,-0.015044,-0.084890,-0.000188,0.996390,0,0.77025,-0.26440,46.215,-0.529,-1,375.000,-1,375.000,-1,300.000,300.000,325.000,325.000,-1,925.000,975.000,-1,675.000,700.000,-1,-1,2,0,2,0,2,0,0,0,0,2,1,1,2,0,0,2,2
16,5441.575,-4996.890,-54.385,-10.902,0.978506,0.189122,0.082215,-0.188520,0.981953,-0.015104,-0.083587,-0.000720,0.996500,0,0.78338,-0.28359,47.003,-0.567,-1,375.000,-1,375.000,-1,300.000,300.000,325.000,325.000,-1,975.000,1000.000,-1,675.000,700.000,-1,-1,2,0,2,0,2,0,0,0,0,2,1,1,2,0,0,2,2
17,5488.426,-5006.429,-58.219,-11.508,0.976555,0.199503,0.080860,-0.198934,0.979896,-0.015117,-0.082251,-0.001323,0.996611,0,0.79688,-0.30316,47.813,-0.606,-1,375.000,-1,375.000,-1,300.000,300.000,325.000,325.000,-1,-1,-1,-1,675.000,700.000,-1,-1,2,0,2,0,2,0,0,0,0,2,2,2,2,0,0,2,2
18,5535.980,-5016.670,-62.117,-12.154,0.974348,0.210542,0.079486,-0.210011,0.977583,-0.015078,-0.080879,-0.002002,0.996722,0,0.81074,-0.32312,48.644,-0.646,-1,375.000,-1,375.000,-1,300.000,325.000,325.000,325.000,-1,-1,-1,-1,675.000,700.000,-1,-1,2,0,2,0,2,0,0,0,0,2,2,2,2,0,0,2,2
19,5585.273,-5028.087,-66.168,-13.040,0.971079,0.225637,0.078060,-0.225160,0.974207,-0.014970,-0.079425,-0.003039,0.996836,0,0.84330,-0.44312,50.598,-0.886,-1,375.000,-1,375.000,-1,325.000,325.000,325.000,325.000,-1,-1,-1,-1,675.000,700.000,-1,-1,2,0,2,0,2,0,0,0,0,2,2,2,2,0,0,2,2
20,5635.199,-5040.689,-70.285,-14.167,0.966557,0.244740,0.076620,-0.244334,0.969578,-0.014775,-0.077905,-0.004440,0.996951,0,0.85821,-0.56312,51.493,-1.126,-1,375.000,-1,375.000,-1,325.000,325.000,325.000,325.000,-1,-1,-1,-1,650.000,675.000,-1,-1,2,0,2,0,2,0,0,0,0,2,2,2,2,0,0,2,2
21,5685.696,-5054.724,-74.466,-15.533,0.960541,0.267786,0.075173,-0.267466,0.963458,-0.014479,-0.076303,-0.006199,0.997065,0,0.87352,-0.68312,52.411,-1.366,-1,375.000,-1,375.000,-1,300.000,325.000,325.000,325.000,-1,-1,400.000,-1,650.000,675.000,-1,-1,2,0,2,0,2,0,0,0,0,2,2,0,2,0,0,2,2
22,5736.273,-5070.321,-78.677,-17.139,0.952745,0.294683,0.073743,-0.294465,0.955559,-0.014064,-0.074610,-0.008315,0.997178,0,0.88213,-0.80312,52.928,-1.606,-1,375.000,-1,375.000,-1,300.000,300.000,325.000,325.000,-1,-1,375.000,-1,650.000,675.000,-1,-1,2,0,2,0,2,0,0,0,0,2,2,0,2,0,0,2,2
23,5786.322,-5087.539,-82.908,-18.985,0.942823,0.325308,0.072526,-0.325215,0.945545,-0.013413,-0.072940,-0.010941,0.997276,0,0.88213,-0.92312,52.928,-1.846,-1,375.000,-1,375.000,-1,300.000,300.000,300.000,325.000,-1,-1,350.000,-1,650.000,675.000,-1,-1,2,0,2,0,2,0,0,0,0,2,2,0,2,0,0,2,2
24,5835.739,-5106.494,-86.846,-20.985,0.930934,0.358101,0.071591,-0.358056,0.933597,-0.013896,-0.071813,-0.012697,0.997337,0,0.88213,-1.00000,52.928,-2.000,1000.000,375.000,-1,375.000,-1,300.000,300.000,300.000,325.000,-1,-1,400.000,-1,650.000,675.000,-1,-1,0,0,2,0,2,0,0,0,0,2,2,0,2,0,0,2,2
25,5884.464,-5127.162,-90.279,-22.985,0.918064,0.390466,0.068526,-0.390357,0.920533,-0.015523,-0.069142,-0.012499,0.997529,0,0.88213,-1.00000,52.928,-2.000,-1,375.000,-1,375.000,-1,300.000,300.000,325.000,325.000,-1,-1,400.000,-1,650.000,675.000,-1,-1,2,0,2,0,2,0,0,0,0,2,2,0,2,0,0,2,2
26,5932.438,-5149.519,-93.688,-24.985,0.904068,0.422355,0.065396,-0.422198,0.906346,-0.016880,-0.066401,-0.012349,0.997717,0,0.88213,-1.00000,52.928,-2.000,-1,375.000,-1,375.000,-1,300.000,300.000,325.000,325.000,-1,750.000,375.000,-1,650.000,700.000,-1,-1,2,0,2,0,2,0,0,0,0,2,0,0,2,0,0,2,2
27,5979.603,-5173.535,-97.028,-26.985,0.888953,0.453728,0.062392,-0.453545,0.891054,-0.017880,-0.063708,-0.012403,0.997892,0,0.88213,-1.00000,52.928,-2.000,-1,375.000,-1,375.000,-1,300.000,300.000,325.000,300.000,-1,700.000,375.000,-1,650.000,700.000,-1,-1,2,0,2,0,2,0,0,0,0,2,0,0,2,0,0,2,2
28,6025.901,-5199.183,-100.150,-28.985,0.872694,0.484544,0.060179,-0.484380,0.874667,-0.018271,-0.061490,-0.013205,0.998020,0,0.88213,-1.00000,52.928,-2.000,-1,375.000,-1,375.000,-1,300.000,300.000,325.000,300.000,-1,725.000,400.000,-1,650.000,700.000,-1,-1,2,0,2,0,2,0,0,0,0,2,0,0,2,0,0,2,2
29,6071.276,-5226.431,-103.250,-30.985,0.855364,0.514769,0.058007,-0.514628,0.857214,-0.018495,-0.059246,-0.014032,0.998145,0,0.88213,-1.00000,52.928,-2.000,-1,375.000,-1,375.000,-1,300.000,300.000,300.000,300.000,-1,750.000,425.000,-1,650.000,700.000,-1,-1,2,0,2,0,2,0,0,0,0,2,0,0,2,0,0,2,2
30,6115.672,-5255.246,-106.164,-32.985,0.836993,0.544360,0.055819,-0.544289,0.838709,-0.017801,-0.056506,-0.015482,0.998282,0,0.88213,-1.00000,52.928,-2.000,-1,375.000,-1,375.000,-1,300.000,300.000,300.000,300.000,-1,750.000,450.000,-1,650.000,725.000,-1,-1,2,0,2,0,2,0,0,0,0,2,0,0,2,0,0,2,2
31,6159.035,-5285.593,-109.008,-34.985,0.817593,0.573283,0.053742,-0.573294,0.819178,-0.016746,-0.053625,-0.017119,0.998414,0,0.88213,-1.00000,52.928,-2.000,-1,375.000,-1,375.000,-1,300.000,300.000,300.000,300.000,-1,725.000,450.000,-1,675.000,725.000,-1,-1,2,0,2,0,2,0,0,0,0,2,0,0,2,0,0,2,2
32,6201.314,-5317.434,-111.828,-36.985,0.797186,0.601505,0.051821,-0.601596,0.798648,-0.015571,-0.050753,-0.018762,0.998535,0,0.88213,-1.00000,52.928,-2.000,-1,375.000,-1,375.000,-1,300.000,325.000,300.000,300.000,-1,725.000,450.000,-1,675.000,750.000,-1,-1,2,0,2,0,2,0,0,0,0,2,0,0,2,0,0,2,2
33,6242.455,-5350.732,-114.664,-38.985,0.775801,0.628989,0.050067,-0.629169,0.777142,-0.014058,-0.047751,-0.020595,0.998647,0,0.88213,-1.00000,52.928,-2.000,-1,375.000,-1,400.000,-1,300.000,325.000,300.000,300.000,-1,700.000,425.000,-1,675.000,750.000,-1,-1,2,0,2,0,2,0,0,0,0,2,0,0,2,0,0,2,2
34,6282.437,-5385.469,-117.476,-40.985,0.753461,0.655701,0.048504,-0.655968,0.754686,-0.012420,-0.044749,-0.022459,0.998746,0,0.88274,-1.00000,52.965,-2.000,-1,375.000,-1,400.000,-1,325.000,325.000,300.000,300.000,-1,675.000,400.000,-1,700.000,750.000,-1,-1,2,0,2,0,2,0,0,0,0,2,0,0,2,0,0,2,2
35,6318.767,-5419.047,-119.718,-42.745,0.733028,0.678567,0.047079,-0.678829,0.734188,-0.012633,-0.043137,-0.022699,0.998811,0,0.82451,-0.88000,49.471,-1.760,-1,375.000,-1,400.000,-1,325.000,325.000,300.000,300.000,-1,700.000,425.000,-1,700.000,750.000,-1,-1,2,0,2,0,2,0,0,0,0,2,0,0,2,0,0,2,2
36,6354.314,-5453.695,-121.820,-44.265,0.714828,0.697809,0.045636,-0.698038,0.715936,-0.013359,-0.041995,-0.022306,0.998869,0,0.82732,-0.76000,49.639,-1.520,-1,375.000,-1,400.000,-1,325.000,325.000,300.000,300.000,-1,800.000,475.000,-1,700.000,750.000,-1,-1,2,0,2,0,2,0,0,0,0,2,0,0,2,0,0,2,2
37,6389.124,-5489.326,-123.905,-45.667,0.697601,0.715120,0.044227,-0.715317,0.698660,-0.013989,-0.040904,-0.021877,0.998924,0,0.83021,-0.70083,49.813,-1.402,-1,375.000,-1,400.000,-1,325.000,325.000,300.000,300.000,-1,875.000,500.000,-1,725.000,750.000,-1,-1,2,0,2,0,2,0,0,0,0,2,0,0,2,0,0,2,2
38,6423.168,-5525.931,-125.975,-47.076,0.679859,0.732088,0.042885,-0.732260,0.680870,-0.014548,-0.039850,-0.021513,0.998974,0,0.83316,-0.70447,49.989,-1.409,-1,375.000,-1,400.000,-1,325.000,325.000,300.000,300.000,-1,975.000,550.000,-1,725.000,750.000,-1,-1,2,0,2,0,2,0,0,0,0,2,0,0,2,0,0,2,2
39,6456.417,-5563.502,-128.067,-48.492,0.661595,0.748694,0.041819,-0.748848,0.662571,-0.015029,-0.038960,-0.021373,0.999012,0,0.83617,-0.70810,50.170,-1.416,-1,375.000,-1,400.000,-1,325.000,325.000,300.000,300.000,-1,-1,600.000,-1,725.000,750.000,-1,-1,2,0,2,0,2,0,0,0,0,2,2,0,2,0,0,2,2
40,6488.842,-5602.029,-130.060,-49.916,0.642846,0.764928,0.040411,-0.765060,0.643774,-0.015468,-0.037848,-0.020973,0.999063,0,0.83926,-0.71171,50.356,-1.423,-1,375.000,-1,400.000,-1,325.000,325.000,300.000,300.000,-1,-1,625.000,-1,750.000,725.000,-1,-1,2,0,2,0,2,0,0,0,0,2,2,0,2,0,0,2,2
41,6520.413,-5641.502,-131.989,-51.346,0.623608,0.780771,0.038853,-0.780878,0.624482,-0.015841,-0.036631,-0.020461,0.999119,0,0.84242,-0.71531,50.545,-1.431,-1,400.000,-1,400.000,-1,325.000,325.000,300.000,300.000,-1,-1,700.000,-1,750.000,725.000,-1,-1,2,0,2,0,2,0,0,0,0,2,2,0,2,0,0,2,2
42,6551.101,-5681.908,-133.916,-52.784,0.603871,0.796200,0.037483,-0.796290,0.604699,-0.016142,-0.035518,-0.020099,0.999167,0,0.84564,-0.71890,50.739,-1.438,-1,400.000,-1,400.000,975.000,325.000,325.000,300.000,300.000,-1,-1,750.000,-1,750.000,725.000,-1,-1,2,0,2,0,1,0,0,0,0,2,2,0,2,0,0,2,2
43,6580.875,-5723.236,-135.852,-54.229,0.583645,0.811200,0.036237,-0.811277,0.584432,-0.016382,-0.034467,-0.019837,0.999209,0,0.84893,-0.72248,50.936,-1.445,-1,400.000,-1,400.000,950.000,325.000,325.000,300.000,300.000,-1,-1,825.000,-1,750.000,725.000,-1,-1,2,0,2,0,1,0,0,0,0,2,2,0,2,0,0,2,2
44,6609.706,-5765.470,-137.782,-55.681,0.562936,0.825752,0.035172,-0.825821,0.563689,-0.016574,-0.033512,-0.019716,0.999244,0,0.85229,-0.72606,51.137,-1.452,-1,400.000,-1,375.000,900.000,325.000,325.000,300.000,300.000,-1,-1,900.000,-1,750.000,725.000,-1,-1,2,0,2,0,1,0,0,0,0,2,2,0,2,0,0,2,2
45,6637.563,-5808.598,-139.537,-57.140,0.541718,0.839828,0.035067,-0.839907,0.542471,-0.016808,-0.033138,-0.020348,0.999244,0,0.85570,-0.72963,51.342,-1.459,-1,400.000,-1,375.000,850.000,325.000,325.000,300.000,300.000,-1,-1,-1,-1,750.000,725.000,-1,-1,2,0,2,0,1,0,0,0,0,2,2,2,2,0,0,2,2
46,6664.416,-5852.601,-141.121,-58.607,0.520034,0.853411,0.035429,-0.853530,0.520786,-0.016393,-0.032441,-0.021714,0.999238,0,0.85917,-0.73319,51.550,-1.466,-1,400.000,-1,375.000,800.000,325.000,325.000,300.000,300.000,-1,-1,-1,-1,750.000,700.000,-1,-1,2,0,2,0,1,0,0,0,0,2,2,2,2,0,0,2,2
47,6690.235,-5897.464,-142.611,-60.080,0.497897,0.866485,0.036080,-0.866664,0.498648,-0.015576,-0.031487,-0.023514,0.999228,0,0.86269,-0.73676,51.761,-1.474,-1,400.000,-1,375.000,750.000,325.000,325.000,300.000,300.000,-1,-1,-1,-1,750.000,700.000,-1,-1,2,0,2,0,1,0,0,0,0,2,2,2,2,0,0,2,2
48,6714.987,-5943.167,-144.100,-61.561,0.475319,0.879041,0.036867,-0.879283,0.476070,-0.014797,-0.030559,-0.025383,0.999211,0,0.86626,-0.74034,51.976,-1.481,-1,400.000,-1,375.000,725.000,325.000,325.000,300.000,300.000,-1,-1,-1,-1,750.000,700.000,-1,-1,2,0,2,0,1,0,0,0,0,2,2,2,2,0,0,2,2
49,6738.643,-5989.691,-145.593,-63.049,0.452310,0.891060,0.037798,-0.891369,0.453062,-0.014035,-0.029631,-0.027344,0.999187,0,0.86987,-0.74393,52.192,-1.488,-1,400.000,-1,375.000,675.000,325.000,325.000,300.000,300.000,-1,-1,-1,-1,750.000,700.000,-1,-1,2,0,2,0,1,0,0,0,0,2,2,2,2,0,0,2,2
50,6761.171,-6037.013,-147.123,-64.544,0.428881,0.902521,0.038951,-0.902909,0.429632,-0.013122,-0.028578,-0.029541,0.999155,0,0.87352,-0.74754,52.411,-1.495,-1,400.000,-1,375.000,650.000,325.000,325.000,300.000,300.000,-1,-1,-1,-1,750.000,700.000,-1,900.000,2,0,2,0,1,0,0,0,0,2,2,2,2,0,0,2,1
51,6784.187,-6089.391,-148.465,-66.279,0.401382,0.915081,0.038978,-0.915518,0.402093,-0.012182,-0.026821,-0.030796,0.999166,0,0.95352,-0.86754,57.211,-1.735,-1,400.000,-1,375.000,600.000,325.000,325.000,300.000,300.000,-1,-1,-1,-1,775.000,700.000,-1,750.000,2,0,2,0,1,0,0,0,0,2,2,2,2,0,0,2,1
52,6806.417,-6145.121,-149.668,-68.254,0.369650,0.928373,0.038495,-0.928840,0.370307,-0.011365,-0.024806,-0.031554,0.999194,0,1.00000,-0.98754,60.000,-1.975,-1,400.000,-1,375.000,550.000,325.000,325.000,300.000,300.000,-1,-1,-1,-1,775.000,675.000,-1,650.000,2,0,2,0,1,0,0,0,0,2,2,2,2,0,1,2,1
53,6826.688,-6201.593,-150.861,-70.254,0.337071,0.940703,0.038218,-0.941207,0.337672,-0.010343,-0.022634,-0.032485,0.999216,0,1.00000,-1.00000,60.000,-2.000,-1,400.000,-1,375.000,500.000,325.000,325.000,300.000,300.000,-1,-1,-1,-1,775.000,650.000,-1,575.000,2,0,2,0,1,0,0,0,0,2,2,2,2,0,1,2,1
54,6844.976,-6258.739,-152.039,-72.254,0.304084,0.951881,0.038154,-0.952428,0.304625,-0.009132,-0.020315,-0.033562,0.999230,0,1.00000,-1.00000,60.000,-2.000,-1,400.000,-1,375.000,450.000,325.000,325.000,300.000,300.000,-1,-1,-1,-1,775.000,625.000,-1,525.000,2,0,2,1,1,0,0,0,0,2,2,2,2,0,1,2,1
55,6861.259,-6316.487,-153.194,-74.254,0.270732,0.961892,0.038304,-0.962489,0.271208,-0.007754,-0.017847,-0.034768,0.999236,0,1.00000,-1.00000,60.000,-2.000,-1,400.000,-1,375.000,400.000,325.000,325.000,300.000,300.000,-1,-1,-1,-1,775.000,600.000,-1,450.000,2,0,2,1,1,0,0,0,0,2,2,2,2,0,1,2,1
56,6875.516,-6374.769,-154.317,-76.254,0.237056,0.970726,0.038668,-0.971377,0.237463,-0.006229,-0.015229,-0.036085,0.999233,0,1.00000,-1.00000,60.000,-2.000,-1,400.000,-1,350.000,350.000,325.000,325.000,300.000,300.000,-1,-1,-1,-1,775.000,550.000,-1,400.000,2,0,2,1,1,0,0,0,0,2,2,2,2,0,1,2,1
57,6887.731,-6433.512,-155.402,-78.254,0.203099,0.978371,0.039243,-0.979079,0.203430,-0.004577,-0.012462,-0.037492,0.999219,0,1.00000,-1.00000,60.000,-2.000,-1,400.000,-1,350.000,325.000,325.000,325.000,300.000,300.000,-1,925.000,-1,-1,800.000,525.000,-1,350.000,2,0,2,1,1,0,0,0,0,2,0,2,2,0,1,2,1
58,6897.889,-6492.647,-156.440,-80.254,0.168905,0.984819,0.040023,-0.985586,0.169151,-0.002817,-0.009544,-0.038970,0.999195,0,1.00000,-1.00000,60.000,-2.000,-1,400.000,-1,325.000,275.000,325.000,325.000,300.000,300.000,-1,750.000,825.000,-1,800.000,475.000,-1,300.000,2,0,2,1,1,0,0,0,0,2,0,0,2,0,1,2,1
59,6905.979,-6552.099,-156.000,-82.254,0.134621,0.989836,0.045837,-0.990891,0.134640,0.002700,-0.003499,-0.045783,0.998945,0,1.00000,-1.00000,60.000,-2.000,-1,400.000,-1,325.000,225.000,325.000,325.000,300.000,300.000,-1,525.000,600.000,-1,800.000,450.000,-1,250.000,2,0,2,1,1,0,0,0,0,2,0,0,2,0,1,2,1
60,6911.993,-6611.797,-153.068,-84.254,0.100613,0.993184,0.058852,-0.994891,0.099938,0.014312,0.008333,-0.059991,0.998164,0,1.00000,-1.00000,60.000,-2.000,-1,425.000,-1,325.000,225.000,350.000,350.000,300.000,350.000,-1,325.000,450.000,-1,875.000,450.000,-1,225.000,2,0,2,1,1,0,0,0,0,2,0,0,2,0,1,2,1
61,6915.923,-6671.670,-149.537,-86.254,0.066860,0.995112,0.072681,-0.997546,0.065153,0.025621,0.020760,-0.074215,0.997026,0,1.00000,-1.00000,60.000,-2.000,-1,450.000,-1,325.000,200.000,375.000,375.000,275.000,375.000,900.000,250.000,375.000,-1,925.000,425.000,-1,225.000,2,0,2,1,1,0,1,0,0,0,0,0,2,0,1,2,1
62,6917.763,-6731.644,-145.559,-88.254,0.033542,0.995501,0.088619,-0.998848,0.030345,0.037176,0.034320,-0.089764,0.995372,0,1.00000,-1.00000,60.000,-2.000,-1,475.000,-1,300.000,175.000,400.000,375.000,275.000,425.000,750.000,200.000,325.000,-1,1000.000,400.000,-1,200.000,2,0,2,1,1,0,1,0,0,0,0,0,2,0,1,2,1
63,6917.513,-6791.646,-141.040,-90.254,0.000866,0.994255,0.107030,-0.998787,-0.004408,0.049033,0.049223,-0.106943,0.993046,0,1.00000,-1.00000,60.000,-2.000,-1,500.000,-1,300.000,175.000,425.000,350.000,275.000,475.000,625.000,125.000,300.000,-1,-1,400.000,-1,175.000,2,0,2,1,1,0,1,0,0,0,0,0,2,2,1,2,1
64,6915.173,-6851.605,-135.894,-92.254,-0.030909,0.991256,0.128284,-0.997364,-0.039017,0.061178,0.065648,-0.126055,0.989849,0,1.00000,-1.00000,60.000,-2.000,-1,550.000,-1,300.000,150.000,450.000,350.000,250.000,550.000,500.000,75.000,250.000,-1,-1,375.000,-1,175.000,2,0,2,1,1,0,1,0,0,0,0,0,2,2,1,2,1
65,6911.058,-6907.709,-130.399,-94.220,-0.061146,0.986595,0.151298,-0.994698,-0.072789,0.072646,0.082685,-0.146054,0.985815,0,0.93748,-0.98273,56.249,-1.965,-1,575.000,-1,275.000,150.000,500.000,325.000,250.000,600.000,400.000,50.000,225.000,-1,-1,375.000,-1,150.000,2,0,2,1,1,0,1,0,1,0,0,0,2,2,1,2,1
66,6904.996,-6963.851,-124.165,-96.195,-0.090123,0.979964,0.177618,-0.990758,-0.106370,0.084162,0.101368,-0.168391,0.980494,0,0.94101,-0.98768,56.460,-1.975,-1,625.000,-1,275.000,125.000,550.000,325.000,250.000,600.000,300.000,25.000,200.000,-1,-1,375.000,-1,150.000,2,0,2,1,1,1,1,0,1,0,0,0,2,2,1,2,1
67,6896.972,-7019.946,-117.118,-98.181,-0.117462,0.971150,0.207534,-0.985590,-0.139616,0.095496,0.121716,-0.193326,0.973555,0,0.94424,-0.99304,56.654,-1.986,-1,675.000,-1,275.000,125.000,525.000,325.000,225.000,650.000,250.000,25.000,175.000,-1,-1,375.000,-1,125.000,2,0,2,1,1,1,1,0,1,0,0,0,2,2,1,2,1
68,6886.978,-7075.901,-109.193,-100.179,-0.142735,0.959901,0.241281,-0.979280,-0.172346,0.106337,0.143657,-0.221103,0.964612,0,0.94711,-0.99888,56.827,-1.998,-1,750.000,-1,275.000,125.000,525.000,325.000,225.000,800.000,200.000,0.000,175.000,-1,-1,400.000,-1,125.000,2,0,2,1,1,1,1,0,1,0,0,0,2,2,1,2,1
69,-7543.220,327.967,-110.824,38.720,0.779716,-0.625449,0.029277,0.625602,0.780128,0.004746,-0.025808,0.014615,0.999560,1,0.00000,0.00000,56.972,-2.000,-1,375.000,-1,375.000,-1,300.000,300.000,275.000,125.000,-1,550.000,450.000,475.000,675.000,675.000,-1,-1,2,0,2,0,2,0,0,0,1,2,0,0,1,0,0,2,2
70,-7539.462,330.954,-110.920,38.480,0.782330,-0.622175,0.029284,0.622332,0.782740,0.004495,-0.025719,0.014708,0.999561,0,0.08000,-0.12000,4.800,-0.240,-1,375.000,-1,375.000,-1,300.000,325.000,275.000,125.000,-1,550.000,450.000,475.000,675.000,675.000,-1,-1,2,0,2,0,2,0,0,0,1,2,0,0,1,0,0,2,2
71,-7531.898,336.864,-111.114,38.000,0.787519,-0.615594,0.029291,0.615761,0.787923,0.003998,-0.025541,0.014888,0.999563,0,0.16000,-0.24000,9.600,-0.480,-1,375.000,-1,375.000,-1,300.000,325.000,275.000,125.000,-1,550.000,450.000,475.000,675.000,675.000,-1,-1,2,0,2,0,2,0,0,0,1,2,0,0,1,0,0,2,2
72,-7520.440,345.586,-111.412,37.280,0.795198,-0.605642,0.029286,0.605823,0.795593,0.003266,-0.025277,0.015145,0.999566,0,0.24000,-0.36000,14.400,-0.720,-1,375.000,-1,375.000,-1,300.000,325.000,275.000,125.000,-1,575.000,450.000,500.000,700.000,675.000,-1,-1,2,0,2,0,2,0,0,0,1,2,0,0,1,0,0,2,2
73,-7504.970,356.958,-111.821,36.320,0.805242,-0.592224,0.029250,0.592422,0.805625,0.002310,-0.024933,0.015468,0.999569,0,0.32000,-0.48000,19.200,-0.960,-1,375.000,-1,375.000,-1,300.000,325.000,300.000,125.000,-1,575.000,475.000,500.000,700.000,675.000,-1,-1,2,0,2,0,2,0,0,0,1,2,0,0,1,0,0,2,2
74,-7485.339,370.765,-112.350,35.120,0.817479,-0.575219,0.029160,0.575436,0.817846,0.001152,-0.024511,0.015838,0.999574,0,0.40000,-0.60000,24.000,-1.200,-1,375.000,-1,375.000,-1,300.000,325.000,300.000,125.000,-1,600.000,475.000,525.000,700.000,675.000,-1,-1,2,0,2,0,2,0,0,0,1,2,0,0,1,0,0,2,2
75,-7461.373,386.737,-113.010,33.680,0.831691,-0.554482,0.028990,0.554719,0.832038,-0.000185,-0.024018,0.016236,0.999580,0,0.48000,-0.72000,28.800,-1.440,-1,375.000,-1,375.000,-1,325.000,325.000,300.000,125.000,-1,625.000,475.000,525.000,700.000,675.000,-1,-1,2,0,2,0,2,0,0,0,1,2,0,0,1,0,0,2,2
76,-7432.879,404.542,-113.812,32.000,0.847607,-0.529847,0.028709,0.530105,0.847930,-0.001671,-0.023457,0.016635,0.999586,0,0.56000,-0.84000,33.600,-1.680,-1,375.000,-1,375.000,-1,325.000,325.000,300.000,125.000,-1,625.000,500.000,550.000,700.000,675.000,-1,-1,2,0,2,0,2,0,0,0,1,2,0,0,1,0,0,2,2
77,-7399.651,423.789,-114.770,30.080,0.864906,-0.501137,0.028285,0.501415,0.865201,-0.003269,-0.022833,0.017010,0.999595,0,0.64000,-0.96000,38.400,-1.920,-1,375.000,-1,375.000,-1,325.000,325.000,300.000,125.000,-1,650.000,525.000,575.000,700.000,675.000,-1,-1,2,0,2,0,2,0,0,0,1,2,0,0,1,0,0,2,2
78,-7361.535,444.123,-114.891,28.080,0.881853,-0.470661,0.028519,0.470860,0.882208,-0.000298,-0.025019,0.013692,0.999593,0,0.72000,-1.00000,43.200,-2.000,-1,375.000,-1,375.000,975.000,325.000,300.000,300.000,125.000,-1,925.000,700.000,625.000,675.000,650.000,-1,-1,2,0,2,0,1,0,0,0,1,2,0,0,1,0,0,2,2
79,-7318.422,465.224,-114.412,26.080,0.897698,-0.439614,0.029638,0.439636,0.898155,0.006131,-0.029315,0.007526,0.999542,0,0.80000,-1.00000,48.000,-2.000,-1,375.000,-1,375.000,850.000,300.000,300.000,275.000,125.000,-1,-1,-1,675.000,650.000,650.000,-1,-1,2,0,2,0,1,0,0,0,1,2,2,2,1,0,0,2,2
80,-7270.217,486.768,-114.124,24.080,0.912469,-0.408012,0.030423,0.407835,0.912975,0.012093,-0.032710,0.001374,0.999464,0,0.88000,-1.00000,52.800,-2.000,-1,375.000,-1,375.000,750.000,300.000,300.000,275.000,125.000,-1,-1,-1,725.000,650.000,650.000,-1,1000.000,2,0,2,0,1,0,0,0,1,2,2,2,1,0,0,2,0
81,-7216.841,508.420,-113.952,22.080,0.926180,-0.375897,0.029853,0.375520,0.926648,0.017587,-0.034274,-0.005078,0.999400,0,0.96000,-1.00000,57.600,-2.000,-1,350.000,-1,375.000,700.000,300.000,300.000,275.000,150.000,-1,-1,-1,800.000,625.000,650.000,-1,975.000,2,0,2,0,1,0,0,0,1,2,2,2,1,0,0,2,0
82,-7161.702,528.577,-114.306,20.080,0.938774,-0.343316,0.028946,0.342806,0.939167,0.021204,-0.034465,-0.009982,0.999356,0,0.97847,-1.00000,58.708,-2.000,-1,350.000,-1,375.000,650.000,300.000,300.000,275.000,150.000,-1,-1,-1,850.000,625.000,625.000,-1,975.000,2,0,2,0,1,0,0,0,1,2,2,2,1,0,0,2,0
83,-7106.188,546.701,-114.968,18.080,0.950214,-0.310322,0.028183,0.309773,0.950551,0.022206,-0.033680,-0.012370,0.999356,0,0.97329,-1.00000,58.397,-2.000,-1,350.000,-1,350.000,600.000,300.000,300.000,275.000,150.000,-1,-1,-1,900.000,625.000,625.000,-1,925.000,2,0,2,0,1,0,0,0,1,2,2,2,1,0,0,2,0
84,-7050.369,562.791,-115.665,16.080,0.960529,-0.276962,0.025989,0.276519,0.960813,0.019402,-0.030344,-0.011449,0.999474,0,0.96821,-1.00000,58.092,-2.000,-1,350.000,-1,375.000,550.000,300.000,300.000,275.000,150.000,-1,-1,-1,925.000,625.000,625.000,-1,925.000,2,0,2,0,1,0,0,0,1,2,2,2,1,0,0,2,0
85,-6994.308,576.851,-116.805,14.080,0.969692,-0.243267,0.022772,0.242965,0.969915,0.015238,-0.025793,-0.009243,0.999625,0,0.96329,-1.00000,57.797,-2.000,-1,375.000,-1,375.000,500.000,300.000,300.000,275.000,150.000,-1,-1,-1,975.000,650.000,625.000,-1,900.000,2,0,2,0,1,0,0,0,1,2,2,2,1,0,0,2,0
86,-6938.067,588.887,-118.333,12.080,0.977682,-0.209275,0.018469,0.209119,0.977839,0.009990,-0.020150,-0.005905,0.999780,0,0.95858,-1.00000,57.515,-2.000,-1,375.000,-1,375.000,475.000,300.000,300.000,300.000,150.000,-1,-1,-1,1000.000,650.000,600.000,-1,900.000,2,0,2,0,1,0,0,0,1,2,2,2,1,0,0,2,0
87,-6881.703,598.906,-120.193,10.080,0.984478,-0.175024,0.013055,0.174987,0.984563,0.003940,-0.013543,-0.001595,0.999907,0,0.95412,-1.00000,57.247,-2.000,-1,375.000,-1,375.000,425.000,300.000,300.000,300.000,150.000,-1,925.000,-1,1000.000,675.000,600.000,-1,900.000,2,0,2,0,1,0,0,0,1,2,0,2,1,0,0,2,1
88,-6825.273,606.917,-122.325,8.080,0.990051,-0.140556,0.006544,0.140575,0.990067,-0.002625,-0.006110,0.003519,0.999975,0,0.94994,-1.00000,56.996,-2.000,-1,375.000,-1,375.000,375.000,325.000,300.000,300.000,150.000,-1,600.000,700.000,300.000,675.000,600.000,-1,825.000,2,0,2,0,1,0,0,0,1,2,0,0,1,0,0,2,1
89,-6768.829,612.930,-123.685,6.080,0.994374,-0.105916,0.001481,0.105923,0.994359,-0.005510,-0.000889,0.005636,0.999984,0,0.94606,-1.00000,56.763,-2.000,-1,375.000,-1,350.000,350.000,325.000,300.000,300.000,150.000,-1,475.000,550.000,275.000,700.000,600.000,-1,775.000,2,0,2,0,1,0,0,0,1,2,0,0,1,0,0,2,1
90,-6712.423,616.953,-124.028,4.080,0.997465,-0.071150,-0.001152,0.071145,0.997458,-0.003995,0.001433,0.003903,0.999991,0,0.94250,-1.00000,56.550,-2.000,-1,375.000,-1,350.000,325.000,300.000,300.000,300.000,150.000,-1,400.000,525.000,275.000,675.000,600.000,-1,675.000,2,0,2,0,1,0,0,0,1,2,0,0,1,0,0,2,1
91,-6656.103,618.999,-124.384,2.080,0.999334,-0.036296,-0.003834,0.036287,0.999339,-0.002299,0.003915,0.002158,0.999990,0,0.93927,-1.00000,56.356,-2.000,-1,375.000,-1,350.000,275.000,300.000,300.000,300.000,150.000,-1,350.000,450.000,300.000,675.000,575.000,-1,600.000,2,0,2,0,1,0,0,0,1,2,0,0,1,0,0,2,1
92,-6599.921,619.077,-124.744,0.080,0.999978,-0.001397,-0.006560,0.001394,0.999999,-0.000422,0.006560,0.000413,0.999978,0,0.93638,-1.00000,56.183,-2.000,-1,375.000,-1,350.000,250.000,300.000,300.000,300.000,150.000,-1,300.000,375.000,300.000,650.000,575.000,-1,500.000,2,0,2,0,1,0,0,0,1,2,0,0,1,0,0,2,1
93,-6543.922,617.200,-124.459,-1.920,0.999397,0.033503,-0.009146,-0.033500,0.999439,0.000484,0.009157,-0.000177,0.999958,0,0.93383,-1.00000,56.030,-2.000,-1,350.000,-1,350.000,225.000,300.000,300.000,300.000,150.000,-1,300.000,375.000,300.000,650.000,575.000,-1,425.000,2,0,2,0,1,0,0,0,1,2,0,0,1,0,1,2,1
94,-6484.063,613.098,-122.496,-3.920,0.997566,0.068363,-0.013717,-0.068340,0.997660,0.002097,0.013828,-0.001154,0.999904,0,1.00000,-1.00000,60.000,-2.000,-1,375.000,-1,350.000,200.000,300.000,300.000,300.000,150.000,-1,325.000,350.000,325.000,650.000,575.000,-1,400.000,2,0,2,0,1,0,0,0,1,2,0,0,1,0,1,2,1
95,-6429.133,607.635,-120.676,-5.680,0.994928,0.098971,-0.017971,-0.098917,0.995088,0.003862,0.018265,-0.002065,0.999831,0,0.92000,-0.88000,55.200,-1.760,-1,375.000,-1,350.000,200.000,300.000,300.000,300.000,150.000,-1,325.000,350.000,325.000,650.000,575.000,-1,400.000,2,0,2,0,1,0,0,0,1,2,0,0,1,0,1,2,1
96,-6379.130,601.318,-117.696,-7.200,0.991797,0.125328,-0.025113,-0.125087,0.992085,0.010991,0.026292,-0.007759,0.999624,0,0.84000,-0.76000,50.400,-1.520,-1,375.000,-1,350.000,200.000,300.000,300.000,325.000,150.000,-1,300.000,350.000,325.000,650.000,600.000,-1,700.000,2,0,2,0,1,0,0,0,1,2,0,0,1,0,1,2,1
97,-6334.028,594.594,-114.740,-8.480,0.988554,0.147449,-0.031932,-0.146906,0.988973,0.018737,0.034343,-0.013832,0.999314,0,0.76000,-0.64000,45.600,-1.280,-1,375.000,-1,375.000,225.000,325.000,325.000,300.000,150.000,-1,275.000,325.000,350.000,650.000,600.000,-1,700.000,2,0,2,1,1,0,0,0,1,2,0,0,1,0,1,2,1
98,-6289.930,587.164,-112.078,-9.564,0.985380,0.166123,-0.037811,-0.165236,0.985924,0.025506,0.041516,-0.018885,0.998959,0,0.74531,-0.54212,44.719,-1.084,-1,400.000,-1,375.000,300.000,325.000,325.000,300.000,150.000,-1,225.000,325.000,350.000,675.000,600.000,-1,675.000,2,0,2,1,1,0,0,0,1,2,0,0,1,0,1,2,1
99,-6246.229,578.944,-109.564,-10.652,0.981831,0.184795,-0.043120,-0.183526,0.982501,0.031770,0.048236,-0.023279,0.998565,0,0.74112,-0.54394,44.467,-1.088,-1,400.000,-1,400.000,725.000,325.000,325.000,300.000,150.000,950.000,200.000,300.000,350.000,675.000,575.000,-1,650.000,2,0,2,1,1,0,0,0,1,0,0,0,1,0,1,2,1
100,-6202.952,569.948,-107.211,-11.743,0.977915,0.203451,-0.047857,-0.201786,0.978714,0.037434,0.054454,-0.026950,0.998153,0,0.73668,-0.54555,44.201,-1.091,-1,400.000,-1,400.000,700.000,325.000,350.000,300.000,150.000,925.000,175.000,250.000,375.000,675.000,550.000,-1,625.000,2,0,2,1,1,0,0,0,1,0,0,0,1,0,1,2,1
101,-6160.126,560.190,-105.032,-12.837,0.973639,0.222081,-0.052031,-0.220027,0.974571,0.042410,0.060126,-0.029843,0.997745,0,0.73205,-0.54696,43.923,-1.094,-1,400.000,-1,400.000,675.000,325.000,350.000,300.000,150.000,875.000,150.000,225.000,375.000,675.000,550.000,-1,600.000,2,0,2,1,1,0,0,0,1,0,0,0,1,0,1,2,1
102,-6117.775,549.683,-103.038,-13.933,0.969010,0.240671,-0.055660,-0.238260,0.970082,0.046614,0.065213,-0.031908,0.997361,0,0.72724,-0.54814,43.634,-1.096,-1,400.000,-1,400.000,650.000,325.000,350.000,300.000,150.000,825.000,150.000,225.000,375.000,675.000,525.000,-1,575.000,2,0,2,1,1,0,1,0,1,0,0,0,1,0,1,2,1
103,-6075.920,538.442,-101.238,-15.032,0.964031,0.259210,-0.058770,-0.256493,0.965254,0.049969,0.069681,-0.033098,0.997020,0,0.72230,-0.54912,43.338,-1.098,-1,400.000,975.000,375.000,600.000,325.000,325.000,300.000,150.000,800.000,125.000,200.000,375.000,675.000,500.000,-1,550.000,2,0,1,1,1,0,1,0,1,0,0,0,1,0,1,2,1
104,-6034.578,526.485,-99.640,-16.131,0.958708,0.277686,-0.061396,-0.274731,0.960092,0.052406,0.073498,-0.033375,0.996737,0,0.71725,-0.54988,43.035,-1.100,-1,400.000,875.000,375.000,575.000,325.000,325.000,300.000,150.000,800.000,125.000,200.000,375.000,675.000,475.000,-1,500.000,2,0,1,1,1,0,1,0,1,0,0,0,1,0,1,2,1
105,-5993.767,513.826,-98.120,-17.232,0.953057,0.296093,-0.063335,-0.293040,0.954617,0.053234,0.076223,-0.032176,0.996571,0,0.71216,-0.55044,42.729,-1.101,-1,375.000,800.000,350.000,525.000,325.000,300.000,300.000,150.000,800.000,125.000,175.000,375.000,650.000,450.000,-1,475.000,2,0,1,1,1,0,1,0,1,0,0,0,1,0,1,2,1
106,-5953.498,500.481,-96.229,-18.334,0.947045,0.314433,-0.065092,-0.311565,0.948878,0.050577,0.077667,-0.027618,0.996597,0,0.70704,-0.55078,42.422,-1.102,-1,375.000,725.000,325.000,500.000,325.000,300.000,300.000,125.000,850.000,150.000,200.000,350.000,650.000,400.000,-1,425.000,2,0,1,1,1,0,1,0,1,0,0,0,1,0,1,2,1
107,-5908.901,484.953,-94.156,-19.195,0.941940,0.328728,-0.068459,-0.326289,0.944222,0.044507,0.079271,-0.019586,0.996661,0,0.78704,-0.43078,47.222,-0.862,-1,375.000,650.000,300.000,425.000,325.000,275.000,300.000,125.000,950.000,175.000,200.000,325.000,650.000,375.000,-1,375.000,2,0,1,1,1,0,1,0,1,0,0,0,1,0,1,2,1
108,-5859.959,467.317,-92.354,-19.817,0.938047,0.339002,-0.071724,-0.337259,0.940741,0.035534,0.079520,-0.009143,0.996791,0,0.86704,-0.31078,52.022,-0.622,-1,375.000,575.000,275.000,375.000,300.000,250.000,325.000,125.000,-1,200.000,200.000,275.000,625.000,325.000,-1,325.000,2,0,1,1,1,0,1,0,1,2,0,0,1,0,1,2,1
109,-5807.947,448.184,-90.452,-20.199,0.935689,0.345274,-0.072611,-0.344400,0.938500,0.024620,0.076646,0.001971,0.997056,0,0.92367,-0.19078,55.420,-0.382,-1,350.000,500.000,225.000,275.000,275.000,225.000,350.000,125.000,-1,250.000,250.000,250.000,600.000,275.000,-1,250.000,2,0,1,1,1,1,1,0,1,2,0,0,1,0,1,2,1
110,-5756.523,429.100,-80.573,-20.358,0.934849,0.347835,-0.071192,-0.345419,0.937406,0.044212,0.082114,-0.016740,0.996482,0,0.91417,-0.07968,54.850,-0.159,-1,350.000,475.000,225.000,250.000,275.000,200.000,325.000,150.000,-1,325.000,350.000,250.000,625.000,250.000,-1,225.000,2,0,1,1,1,1,1,0,1,2,0,0,1,0,1,2,1
111,-5705.688,410.082,-68.665,-20.514,0.933750,0.350117,-0.074352,-0.345011,0.935723,0.073414,0.095277,-0.042897,0.994526,0,0.90456,-0.07814,54.273,-0.156,-1,375.000,450.000,200.000,225.000,275.000,200.000,300.000,200.000,875.000,325.000,400.000,275.000,650.000,250.000,-1,200.000,2,0,1,1,1,1,1,0,1,0,0,0,1,0,1,2,1
112,-5655.400,391.124,-56.574,-20.666,0.932557,0.352072,-0.079896,-0.343470,0.933383,0.104042,0.111204,-0.069583,0.991359,0,0.89563,-0.07613,53.738,-0.152,-1,400.000,450.000,200.000,225.000,275.000,200.000,275.000,250.000,675.000,325.000,400.000,300.000,700.000,250.000,-1,200.000,2,0,1,1,1,1,1,0,1,0,0,0,1,0,1,2,1
113,-5605.615,372.216,-44.296,-20.814,0.931249,0.353664,-0.087730,-0.340509,0.930351,0.136018,0.129724,-0.096794,0.986814,0,0.88749,-0.07368,53.250,-0.147,-1,425.000,425.000,200.000,200.000,275.000,200.000,275.000,325.000,550.000,250.000,400.000,325.000,775.000,250.000,-1,175.000,2,0,1,1,1,1,1,0,1,0,0,0,1,0,1,2,1
114,-5556.281,353.347,-31.825,-20.955,0.929796,0.354856,-0.097753,-0.335835,0.926586,0.169274,0.150645,-0.124561,0.980709,0,0.88019,-0.07081,52.811,-0.142,-1,450.000,500.000,200.000,175.000,275.000,200.000,250.000,400.000,425.000,200.000,400.000,375.000,825.000,225.000,-1,175.000,2,1,1,1,1,1,1,0,1,0,0,0,1,1,1,2,1
115,-5502.422,332.864,-17.714,-20.857,0.929464,0.351632,-0.111590,-0.324219,0.922907,0.207666,0.176009,-0.156838,0.971814,0,0.96019,0.04919,57.611,0.098,-1,450.000,625.000,200.000,175.000,275.000,200.000,225.000,550.000,325.000,150.000,350.000,400.000,900.000,225.000,-1,150.000,2,1,1,1,1,1,1,0,1,0,0,0,1,1,1,2,1
116,-5575.430,-8855.089,218.970,131.363,-0.661414,-0.749935,-0.011373,0.749495,-0.660306,-0.047463,0.028085,-0.039917,0.998808,1,0.00000,0.00000,60.000,0.097,-1,225.000,400.000,225.000,425.000,175.000,200.000,75.000,325.000,-1,775.000,650.000,400.000,300.000,325.000,325.000,375.000,2,1,1,1,1,1,1,1,0,2,1,1,1,1,1,1,1
117,-5578.617,-8851.500,219.523,131.603,-0.664575,-0.747140,-0.011017,0.746652,-0.663421,-0.048811,0.029160,-0.040664,0.998747,0,0.08000,0.12000,4.800,0.240,-1,225.000,375.000,225.000,425.000,175.000,200.000,75.000,325.000,-1,775.000,650.000,400.000,300.000,300.000,325.000,375.000,2,1,1,1,1,1,1,1,0,2,1,1,1,1,1,1,1
118,-5585.051,-8844.375,220.647,132.083,-0.670865,-0.741508,-0.010270,0.740915,-0.669614,-0.051593,0.031379,-0.042221,0.998615,0,0.16000,0.24000,9.600,0.480,-1,225.000,375.000,225.000,400.000,175.000,200.000,75.000,350.000,-1,775.000,650.000,425.000,300.000,300.000,325.000,375.000,2,1,1,1,1,1,1,1,0,2,1,1,1,1,1,1,1
119,-5594.837,-8833.810,222.393,132.803,-0.680214,-0.732957,-0.009051,0.732185,-0.678807,-0.055918,0.034841,-0.044663,0.998394,0,0.24000,0.36000,14.400,0.720,-1,225.000,375.000,225.000,400.000,175.000,200.000,75.000,350.000,-1,775.000,650.000,425.000,275.000,300.000,350.000,350.000,2,1,1,1,1,1,1,1,0,2,1,1,1,1,1,1,1
120,-5608.090,-8819.918,225.907,133.652,-0.690964,-0.722863,-0.006187,0.721975,-0.689633,-0.056196,0.036355,-0.043296,0.998401,0,0.32000,0.42447,19.200,0.849,-1,225.000,375.000,225.000,375.000,175.000,175.000,75.000,350.000,-1,775.000,650.000,450.000,275.000,300.000,450.000,325.000,2,1,1,1,1,1,1,1,0,2,1,1,1,1,1,1,1
121,-5624.909,-8802.797,230.603,134.496,-0.701447,-0.712719,-0.001812,0.711683,-0.700286,-0.055740,0.038458,-0.040388,0.998444,0,0.40000,0.42175,24.000,0.843,-1,225.000,350.000,200.000,350.000,175.000,175.000,100.000,375.000,-1,800.000,650.000,450.000,275.000,275.000,-1,325.000,2,1,1,1,1,1,1,1,0,2,1,1,1,1,1,2,1
122,-330.167,8200.873,299.477,52.333,0.663495,-0.626021,-0.409721,0.742451,0.483268,0.463917,-0.092417,-0.612004,0.785436,1,0.00000,0.00000,28.800,0.838,200.000,375.000,-1,-1,-1,375.000,400.000,175.000,300.000,450.000,-1,-1,350.000,500.000,-1,250.000,-1,1,1,2,2,2,1,1,0,1,0,2,2,1,1,2,1,2
123,-6887.290,983.901,-120.105,46.359,0.690134,-0.723489,0.016713,0.723681,0.689963,-0.015381,-0.000403,0.022710,0.999742,1,0.00000,0.00000,4.800,0.240,-1,400.000,-1,375.000,-1,325.000,325.000,275.000,275.000,-1,825.000,800.000,450.000,725.000,675.000,-1,-1,2,0,2,0,2,0,0,0,0,2,0,0,1,0,0,2,2
124,-6883.963,987.360,-120.092,46.119,0.693160,-0.720592,0.016635,0.720784,0.692987,-0.015488,-0.000367,0.022725,0.999742,0,0.08000,-0.12000,4.800,-0.240,-1,400.000,-1,375.000,-1,325.000,325.000,275.000,275.000,-1,850.000,800.000,450.000,725.000,675.000,-1,-1,2,0,2,0,2,0,0,0,0,2,0,0,1,0,0,2,2
125,-6877.251,994.224,-120.068,45.641,0.699146,-0.714789,0.016472,0.714978,0.698970,-0.015698,-0.000293,0.022752,0.999741,0,0.16000,-0.23885,9.600,-0.478,-1,400.000,-1,375.000,-1,325.000,325.000,300.000,275.000,-1,850.000,800.000,450.000,725.000,675.000,-1,-1,2,0,2,0,2,0,0,0,0,2,0,0,1,0,0,2,2
126,-6867.099,1004.436,-120.046,45.169,0.705014,-0.709008,0.016207,0.709193,0.704833,-0.015999,-0.000080,0.022774,0.999741,0,0.24000,-0.23592,14.400,-0.472,-1,400.000,-1,375.000,-1,325.000,325.000,300.000,275.000,-1,850.000,825.000,475.000,725.000,675.000,-1,-1,2,0,2,0,2,0,0,0,0,2,0,0,1,0,0,2,2
127,-6853.453,1017.943,-120.029,44.706,0.710729,-0.703288,0.015845,0.703466,0.710539,-0.016393,0.000270,0.022798,0.999740,0,0.32000,-0.23154,19.200,-0.463,-1,400.000,-1,375.000,-1,325.000,325.000,300.000,275.000,-1,875.000,825.000,475.000,725.000,675.000,-1,-1,2,0,2,0,2,0,0,0,0,2,0,0,1,0,0,2,2
128,-6836.263,1034.692,-119.970,44.255,0.716254,-0.697665,0.015645,0.697840,0.716054,-0.016912,0.000596,0.023031,0.999735,0,0.40000,-0.22569,24.000,-0.451,-1,400.000,-1,375.000,-1,325.000,325.000,300.000,275.000,-1,875.000,850.000,500.000,725.000,675.000,-1,-1,2,0,2,0,2,0,0,0,0,2,0,0,1,0,0,2,2
129,-6815.483,1054.632,-119.836,43.818,0.721555,-0.692187,0.015323,0.692357,0.721352,-0.017127,0.000802,0.022967,0.999736,0,0.48000,-0.21836,28.800,-0.437,-1,400.000,-1,375.000,-1,325.000,325.000,300.000,275.000,-1,900.000,875.000,525.000,725.000,675.000,-1,-1,2,0,2,0,2,0,0,0,0,2,0,0,1,0,0,2,2
130,-6791.070,1077.718,-119.633,43.399,0.726601,-0.686899,0.014873,0.687059,0.726401,-0.017033,0.000896,0.022595,0.999744,0,0.56000,-0.20952,33.600,-0.419,-1,400.000,-1,375.000,-1,325.000,325.000,300.000,275.000,-1,950.000,900.000,550.000,725.000,675.000,-1,-1,2,0,2,0,2,0,0,0,0,2,0,0,1,0,0,2,2
131,-6762.986,1103.907,-119.431,43.001,0.731361,-0.681841,0.014315,0.681990,0.731166,-0.016918,0.001069,0.022136,0.999754,0,0.64000,-0.19912,38.400,-0.398,-1,400.000,-1,375.000,-1,325.000,325.000,300.000,275.000,-1,975.000,950.000,575.000,725.000,675.000,-1,-1,2,0,2,0,2,0,0,0,0,2,0,0,1,0,0,2,2
