timestep,x_cm,y_cm,z_cm,yaw_deg,basis_xx,basis_xy,basis_xz,basis_yx,basis_yy,basis_yz,basis_zx,basis_zy,basis_zz,teleport_flag,throttle_cmd,steering_cmd,cmd_move_cm,cmd_turn_deg,lidar_cm_0,lidar_cm_1,lidar_cm_2,lidar_cm_3,lidar_cm_4,lidar_cm_5,lidar_cm_6,lidar_cm_7,lidar_cm_8,lidar_cm_9,lidar_cm_10,lidar_cm_11,lidar_cm_12,lidar_cm_13,lidar_cm_14,lidar_cm_15,lidar_cm_16,lidar_class_0,lidar_class_1,lidar_class_2,lidar_class_3,lidar_class_4,lidar_class_5,lidar_class_6,lidar_class_7,lidar_class_8,lidar_class_9,lidar_class_10,lidar_class_11,lidar_class_12,lidar_class_13,lidar_class_14,lidar_class_15,lidar_class_16
0,4919.043,-2946.915,-175.524,95.320,-0.092092,-0.995509,0.021920,0.995291,-0.092696,-0.028332,0.030237,0.019207,0.999358,1,0.08000,0.12000,4.800,0.240,-1,375.000,625.000,375.000,575.000,325.000,325.000,300.000,300.000,-1,900.000,650.000,-1,525.000,475.000,-1,525.000,2,0,1,1,1,0,0,0,0,2,0,0,2,1,1,2,1
1,4918.072,-2937.364,-175.230,95.800,-0.100413,-0.994694,0.022362,0.994474,-0.101032,-0.028520,0.030628,0.019375,0.999343,0,0.16000,0.24000,9.600,0.480,-1,375.000,625.000,375.000,550.000,325.000,325.000,300.000,300.000,-1,875.000,650.000,-1,525.000,450.000,-1,500.000,2,0,1,1,1,0,0,0,0,2,0,0,2,1,1,2,1
2,4916.437,-2923.057,-174.785,96.520,-0.112880,-0.993342,0.023038,0.993118,-0.113523,-0.028808,0.031231,0.019627,0.999319,0,0.24000,0.36000,14.400,0.720,-1,375.000,625.000,375.000,525.000,325.000,325.000,300.000,300.000,-1,850.000,625.000,-1,525.000,450.000,-1,475.000,2,1,1,1,1,0,0,0,0,2,0,0,2,1,1,2,1
3,4913.938,-2904.020,-174.183,97.480,-0.129473,-0.991294,0.023957,0.991064,-0.130149,-0.029202,0.032065,0.019962,0.999286,0,0.32000,0.48000,19.200,0.960,-1,375.000,625.000,350.000,500.000,300.000,325.000,300.000,300.000,-1,825.000,600.000,-1,500.000,425.000,-1,450.000,2,1,1,1,1,0,1,0,0,2,0,0,2,1,1,2,1
4,4910.316,-2880.295,-173.418,98.680,-0.150160,-0.988342,0.025133,0.988106,-0.150879,-0.029708,0.033154,0.020373,0.999243,0,0.40000,0.60000,24.000,1.200,-1,350.000,600.000,325.000,475.000,300.000,300.000,300.000,300.000,-1,775.000,575.000,-1,500.000,400.000,-1,425.000,2,1,1,1,1,0,1,0,0,2,0,0,2,1,1,2,1
5,4905.255,-2851.943,-172.478,100.120,-0.174891,-0.984229,0.026583,0.983982,-0.175667,-0.030335,0.034526,0.020852,0.999186,0,0.48000,0.72000,28.800,1.440,-1,350.000,600.000,325.000,425.000,300.000,300.000,300.000,300.000,-1,725.000,525.000,-1,500.000,375.000,-1,400.000,2,1,1,1,1,1,1,0,0,2,0,0,2,1,1,2,1
6,4898.403,-2819.050,-171.351,101.766,-0.203029,-0.978763,0.028321,0.978504,-0.203874,-0.031084,0.036198,0.021401,0.999115,0,0.56000,0.82332,33.600,1.647,-1,350.000,600.000,300.000,375.000,300.000,275.000,300.000,300.000,-1,700.000,500.000,-1,500.000,350.000,-1,350.000,2,1,1,1,1,1,1,0,0,2,0,0,2,1,1,2,1
7,4889.502,-2781.695,-170.023,103.402,-0.230791,-0.972530,0.030356,0.972257,-0.231724,-0.031951,0.038108,0.022140,0.999028,0,0.64000,0.81779,38.400,1.636,-1,325.000,600.000,275.000,325.000,275.000,250.000,300.000,300.000,-1,650.000,475.000,-1,500.000,325.000,-1,300.000,2,1,1,1,1,1,1,0,0,2,0,0,2,1,1,2,1
8,4878.303,-2739.972,-168.472,105.025,-0.258133,-0.965556,0.032685,0.965270,-0.259171,-0.032934,0.040271,0.023049,0.998923,0,0.72000,0.81153,43.200,1.623,-1,325.000,600.000,250.000,275.000,275.000,225.000,300.000,300.000,-1,625.000,425.000,-1,525.000,300.000,-1,275.000,2,1,1,1,1,1,1,0,0,2,0,0,2,1,1,2,1
9,4864.562,-2693.981,-166.611,106.634,-0.285021,-0.957881,0.035020,0.957578,-0.286170,-0.033919,0.042512,0.023866,0.998811,0,0.80000,0.80436,48.000,1.609,-1,300.000,600.000,225.000,225.000,250.000,225.000,300.000,300.000,-1,600.000,400.000,-1,550.000,275.000,-1,200.000,2,1,1,1,1,1,1,0,0,2,0,0,2,1,1,2,1
10,4848.783,-2646.047,-159.910,108.226,-0.311831,-0.949805,0.025132,0.948357,-0.312756,-0.052936,0.058139,0.007327,0.998282,0,0.84103,0.79610,50.462,1.592,-1,325.000,875.000,225.000,200.000,250.000,225.000,300.000,350.000,-1,375.000,325.000,-1,775.000,275.000,-1,200.000,2,1,1,1,1,1,1,0,0,2,0,0,2,0,1,2,1
11,4831.626,-2598.382,-151.009,109.799,-0.338933,-0.940746,0.011026,0.937403,-0.338678,-0.081077,0.080008,-0.017144,0.996647,0,0.84427,0.78675,50.656,1.573,-1,350.000,-1,225.000,200.000,275.000,225.000,275.000,425.000,-1,225.000,250.000,-1,900.000,300.000,-1,175.000,2,1,2,1,1,1,1,0,0,2,0,0,2,1,1,2,1
12,4813.125,-2551.063,-142.070,111.352,-0.366139,-0.930559,-0.001404,0.925002,-0.363787,-0.109679,0.101552,-0.041456,0.993966,0,0.84670,0.77640,50.802,1.553,-1,425.000,-1,250.000,175.000,300.000,250.000,275.000,450.000,850.000,150.000,225.000,-1,950.000,325.000,-1,175.000,2,1,2,1,1,1,1,0,1,0,0,0,2,1,1,2,1
13,4793.330,-2504.175,-134.013,112.882,-0.392846,-0.919552,-0.009807,0.911788,-0.388097,-0.134250,0.119644,-0.061681,0.990899,0,0.84817,0.76499,50.890,1.530,-1,550.000,-1,250.000,175.000,325.000,250.000,250.000,425.000,575.000,100.000,200.000,-1,-1,375.000,-1,175.000,2,0,2,1,1,1,1,0,1,0,0,0,2,2,1,2,1
14,4772.302,-2457.805,-126.277,114.387,-0.418609,-0.908075,-0.012907,0.897844,-0.411673,-0.156209,0.136536,-0.076979,0.987640,0,0.84849,0.75242,50.909,1.505,-1,600.000,-1,275.000,150.000,375.000,300.000,250.000,400.000,450.000,75.000,175.000,-1,-1,425.000,-1,175.000,2,0,2,1,1,1,1,0,1,0,0,0,2,2,1,2,1
15,4750.113,-2412.049,-119.265,115.864,-0.443412,-0.896216,-0.013526,0.883519,-0.434489,-0.174970,0.150934,-0.089534,0.984481,0,0.84746,0.73862,50.848,1.477,-1,650.000,-1,325.000,150.000,450.000,325.000,250.000,375.000,375.000,50.000,175.000,-1,-1,500.000,-1,175.000,2,0,2,1,1,1,1,0,1,0,0,0,2,2,1,2,1
16,-1639.832,-327.965,29.953,70.152,0.339240,-0.940402,-0.023665,0.940609,0.339450,-0.005352,0.013067,-0.020444,0.999706,1,0.00000,0.00000,50.691,1.447,-1,375.000,-1,375.000,-1,325.000,300.000,300.000,300.000,-1,375.000,400.000,700.000,675.000,700.000,-1,-1,2,0,2,0,2,0,0,0,0,2,0,0,1,0,0,2,2
17,-1638.184,-323.457,29.995,69.912,0.343168,-0.938970,-0.023881,0.939178,0.343385,-0.005562,0.013423,-0.020520,0.999699,0,0.08000,-0.12000,4.800,-0.240,-1,375.000,-1,375.000,-1,325.000,300.000,300.000,300.000,-1,375.000,400.000,700.000,675.000,700.000,-1,-1,2,0,2,0,2,0,0,0,0,2,0,0,1,0,0,2,2
18,-1634.811,-314.469,30.082,69.432,0.351005,-0.936058,-0.024317,0.936267,0.351238,-0.005974,0.014133,-0.020671,0.999686,0,0.16000,-0.24000,9.600,-0.480,-1,375.000,-1,375.000,-1,325.000,300.000,300.000,300.000,-1,350.000,400.000,700.000,675.000,700.000,-1,-1,2,0,2,0,2,0,0,0,0,2,0,0,1,0,0,2,2
19,-1629.625,-301.035,30.220,68.892,0.359798,-0.932696,-0.024957,0.932908,0.360056,-0.006572,0.015116,-0.020918,0.999667,0,0.24000,-0.27039,14.400,-0.541,-1,375.000,-1,375.000,-1,325.000,300.000,300.000,300.000,-1,350.000,400.000,725.000,700.000,725.000,-1,-1,2,0,2,0,2,0,0,0,0,2,0,0,1,0,0,2,2
20,-1622.544,-283.189,30.417,68.359,0.368416,-0.929303,-0.025793,0.929517,0.368705,-0.007343,0.016334,-0.021270,0.999640,0,0.32000,-0.26623,19.200,-0.532,-1,375.000,-1,375.000,-1,325.000,325.000,300.000,300.000,-1,350.000,400.000,725.000,700.000,725.000,-1,-1,2,0,2,0,2,0,0,0,0,2,0,0,1,0,0,2,2
21,-1613.491,-260.962,30.676,67.838,0.376814,-0.925901,-0.026823,0.926118,0.377142,-0.008275,0.017778,-0.021723,0.999606,0,0.40000,-0.26069,24.000,-0.521,-1,375.000,-1,375.000,-1,325.000,325.000,300.000,300.000,-1,350.000,400.000,750.000,700.000,725.000,-1,-1,2,0,2,0,2,0,0,0,0,2,0,0,1,0,0,2,2
22,-1602.391,-234.387,31.004,67.330,0.384947,-0.922512,-0.028043,0.922734,0.385324,-0.009353,0.019434,-0.022276,0.999563,0,0.48000,-0.25375,28.800,-0.507,-1,375.000,-1,375.000,-1,325.000,325.000,300.000,300.000,-1,325.000,375.000,775.000,700.000,750.000,-1,-1,2,0,2,0,2,0,0,0,0,2,0,0,1,0,0,2,2
23,-1589.175,-203.494,31.408,66.839,0.392771,-0.919165,-0.029445,0.919390,0.393206,-0.010561,0.021286,-0.022924,0.999511,0,0.56000,-0.24539,33.600,-0.491,-1,375.000,-1,375.000,-1,325.000,325.000,300.000,300.000,-1,325.000,375.000,775.000,700.000,750.000,-1,-1,2,0,2,0,2,0,0,0,0,2,0,0,1,0,0,2,2
24,-1573.875,-168.526,31.890,66.368,0.400242,-0.915885,-0.031012,0.916113,0.400744,-0.011874,0.023303,-0.023658,0.999448,0,0.63616,-0.23557,38.169,-0.471,-1,375.000,-1,400.000,-1,325.000,325.000,300.000,300.000,-1,325.000,375.000,800.000,700.000,775.000,-1,-1,2,0,2,0,2,0,0,0,0,2,0,0,1,0,0,2,2
25,-1558.195,-133.440,32.512,65.920,0.407346,-0.912713,-0.032001,0.912934,0.407900,-0.012986,0.024906,-0.023925,0.999403,0,0.64050,-0.22431,38.430,-0.449,-1,375.000,-1,400.000,-1,325.000,325.000,300.000,300.000,-1,325.000,375.000,825.000,700.000,775.000,-1,-1,2,0,2,0,2,0,0,0,0,2,0,0,1,0,0,2,2
26,-1542.141,-98.223,33.387,65.494,0.414107,-0.909671,-0.031844,0.909864,0.414677,-0.013768,0.025729,-0.023272,0.999398,0,0.64506,-0.21287,38.703,-0.426,-1,375.000,-1,400.000,-1,325.000,325.000,300.000,300.000,-1,350.000,375.000,850.000,725.000,800.000,-1,-1,2,0,2,0,2,0,0,0,0,2,0,0,1,0,0,2,2
27,-1525.719,-62.861,34.368,65.091,0.420478,-0.906756,-0.031501,0.906907,0.421067,-0.014932,0.026803,-0.022290,0.999392,0,0.64982,-0.20124,38.989,-0.402,-1,375.000,-1,400.000,-1,325.000,325.000,300.000,300.000,-1,375.000,400.000,875.000,725.000,800.000,-1,-1,2,0,2,0,2,0,0,0,0,2,0,0,1,0,0,2,2
28,-1508.937,-27.338,35.466,64.713,0.426456,-0.903978,-0.030957,0.904070,0.427065,-0.016525,0.028159,-0.020940,0.999384,0,0.65479,-0.18941,39.288,-0.379,-1,375.000,-1,400.000,-1,325.000,325.000,300.000,300.000,-1,400.000,425.000,900.000,725.000,825.000,-1,-1,2,0,2,0,2,0,0,0,0,2,0,0,1,0,0,2,2
29,-1491.800,8.361,36.569,64.358,0.432039,-0.901340,-0.030472,0.901375,0.432665,-0.018023,0.029429,-0.019680,0.999373,0,0.65998,-0.17738,39.599,-0.355,-1,400.000,-1,400.000,-1,325.000,325.000,300.000,300.000,-1,425.000,425.000,925.000,750.000,825.000,-1,-1,2,0,2,0,2,0,0,0,0,2,0,0,1,0,0,2,2
30,-1475.489,41.781,37.604,63.984,0.437904,-0.898519,-0.030072,0.898502,0.438543,-0.019329,0.030556,-0.018556,0.999361,0,0.61980,-0.18681,37.188,-0.374,-1,400.000,-1,400.000,-1,325.000,325.000,300.000,300.000,-1,425.000,450.000,950.000,750.000,850.000,-1,-1,2,0,2,0,2,0,0,0,0,2,0,0,1,0,0,2,2
31,-1458.831,75.388,38.688,63.634,0.443388,-0.895834,-0.029806,0.895777,0.444038,-0.020367,0.031480,-0.017669,0.999348,0,0.62514,-0.17522,37.508,-0.350,-1,400.000,-1,400.000,-1,325.000,325.000,300.000,300.000,-1,450.000,475.000,975.000,775.000,875.000,-1,-1,2,0,2,0,2,0,0,0,0,2,0,0,1,0,0,2,2
32,-1441.833,109.195,39.908,63.307,0.448487,-0.893291,-0.029840,0.893218,0.449144,-0.020754,0.031942,-0.017346,0.999339,0,0.63067,-0.16344,37.840,-0.327,-1,400.000,-1,400.000,-1,325.000,325.000,300.000,300.000,-1,500.000,500.000,1000.000,800.000,875.000,-1,-1,2,0,2,0,2,0,0,0,0,2,0,0,1,0,0,2,2
33,-1422.632,146.914,41.257,63.022,0.452911,-0.891054,-0.029901,0.890968,0.453576,-0.021105,0.032368,-0.017082,0.999330,0,0.70541,-0.14224,42.324,-0.284,-1,400.000,-1,400.000,-1,325.000,325.000,300.000,300.000,-1,525.000,525.000,-1,800.000,900.000,-1,-1,2,0,2,0,2,0,0,0,0,2,0,0,2,0,0,2,2
34,-1403.123,184.788,42.545,62.747,0.457197,-0.888868,-0.029726,0.888769,0.457859,-0.021324,0.032565,-0.016670,0.999331,0,0.71007,-0.13778,42.604,-0.276,-1,400.000,-1,400.000,-1,325.000,325.000,300.000,300.000,-1,575.000,575.000,-1,825.000,925.000,-1,-1,2,0,2,0,2,0,0,0,0,2,0,0,2,0,0,2,2
35,-1383.308,222.820,43.805,62.480,0.461337,-0.886735,-0.029482,0.886624,0.461993,-0.021446,0.032637,-0.016245,0.999335,0,0.71473,-0.13328,42.884,-0.267,-1,400.000,-1,425.000,-1,325.000,325.000,300.000,300.000,-1,600.000,600.000,-1,825.000,950.000,-1,-1,2,0,2,0,2,0,0,0,0,2,0,0,2,0,0,2,2
36,-1363.193,261.009,45.041,62.223,0.465330,-0.884656,-0.029182,0.884537,0.465976,-0.021473,0.032594,-0.015821,0.999343,0,0.71938,-0.12873,43.163,-0.257,-1,400.000,-1,425.000,-1,325.000,325.000,300.000,300.000,-1,650.000,650.000,-1,850.000,950.000,-1,-1,2,0,2,0,2,0,0,0,0,2,0,0,2,0,0,2,2
37,-1342.781,299.356,46.228,61.975,0.469180,-0.882636,-0.028711,0.882509,0.469808,-0.021382,0.032362,-0.015305,0.999359,0,0.72401,-0.12414,43.441,-0.248,-1,400.000,-1,425.000,-1,325.000,325.000,300.000,300.000,-1,700.000,700.000,-1,850.000,975.000,-1,-1,2,0,2,0,2,0,0,0,0,2,0,0,2,0,0,2,2
38,-1322.080,337.860,47.363,61.736,0.472887,-0.880676,-0.028055,0.880544,0.473491,-0.021173,0.031930,-0.014691,0.999382,0,0.72860,-0.11950,43.716,-0.239,-1,400.000,-1,425.000,-1,325.000,325.000,300.000,300.000,-1,750.000,750.000,-1,850.000,1000.000,-1,-1,2,0,2,0,2,0,0,0,0,2,0,0,2,0,0,2,2
39,-1301.095,376.520,48.470,61.506,0.476445,-0.878779,-0.027335,0.878644,0.477021,-0.020867,0.031377,-0.014076,0.999409,0,0.73314,-0.11482,43.988,-0.230,-1,400.000,-1,425.000,-1,325.000,325.000,300.000,300.000,-1,800.000,800.000,-1,875.000,1000.000,-1,-1,2,0,2,0,2,0,0,0,0,2,0,0,2,0,0,2,2
40,-1279.832,415.334,49.550,61.286,0.479853,-0.876947,-0.026548,0.876812,0.480399,-0.020463,0.030698,-0.013459,0.999438,0,0.73762,-0.11010,44.257,-0.220,-1,400.000,-1,425.000,-1,325.000,325.000,300.000,300.000,-1,850.000,850.000,-1,875.000,-1,-1,-1,2,0,2,0,2,0,0,0,0,2,0,0,2,0,2,2,2
41,-1256.277,458.367,50.710,61.306,0.479590,-0.877120,-0.025575,0.876988,0.480099,-0.019921,0.029751,-0.012875,0.999474,0,0.81762,0.00990,49.057,0.020,-1,400.000,-1,425.000,-1,325.000,350.000,300.000,300.000,-1,925.000,925.000,-1,900.000,-1,-1,-1,2,0,2,0,2,0,0,0,0,2,0,0,2,0,2,2,2
42,-1230.520,505.665,52.084,61.429,0.477773,-0.878165,-0.023642,0.878035,0.478215,-0.019073,0.028055,-0.011645,0.999539,0,0.89762,0.06173,53.857,0.123,-1,425.000,-1,425.000,-1,325.000,350.000,275.000,300.000,-1,-1,-1,-1,925.000,-1,-1,-1,2,0,2,0,2,0,0,0,0,2,2,2,2,0,2,2,2
43,-1204.455,553.799,53.502,61.563,0.475796,-0.879300,-0.021190,0.879174,0.476161,-0.018007,0.025923,-0.010062,0.999613,0,0.91230,0.06723,54.738,0.134,-1,425.000,-1,425.000,-1,350.000,350.000,300.000,300.000,-1,-1,-1,-1,925.000,-1,-1,-1,2,0,2,0,2,0,0,0,0,2,2,2,2,0,2,2,2
44,-1178.401,602.200,54.715,61.707,0.473667,-0.880498,-0.019045,0.880396,0.473963,-0.016210,0.023299,-0.009089,0.999687,0,0.91613,0.07173,54.968,0.143,-1,425.000,-1,425.000,-1,350.000,350.000,275.000,300.000,-1,-1,-1,-1,950.000,-1,-1,-1,2,0,2,0,2,0,0,0,0,2,2,2,2,0,2,2,2
45,-1152.526,650.546,55.773,61.844,0.471616,-0.881638,-0.017103,0.881568,0.471850,-0.013983,0.020398,-0.008483,0.999756,0,0.91392,0.06877,54.835,0.138,-1,425.000,-1,425.000,-1,350.000,350.000,275.000,300.000,-1,-1,-1,-1,950.000,-1,-1,-1,2,0,2,0,2,0,0,0,0,2,2,2,2,0,2,2,2
46,-1126.834,698.819,56.738,61.977,0.469634,-0.882729,-0.015242,0.882689,0.469814,-0.011623,0.017420,-0.007995,0.999816,0,0.91140,0.06620,54.684,0.132,-1,425.000,-1,425.000,-1,350.000,350.000,275.000,300.000,-1,-1,-1,-1,950.000,-1,-1,-1,2,0,2,0,2,0,0,0,0,2,2,2,2,0,2,2,2
47,-1101.329,746.999,57.573,62.105,0.467712,-0.883779,-0.013392,0.883762,0.467844,-0.009288,0.014474,-0.007491,0.999867,0,0.90858,0.06395,54.515,0.128,-1,425.000,-1,425.000,-1,350.000,350.000,275.000,300.000,-1,-1,-1,-1,950.000,-1,-1,-1,2,0,2,0,2,0,0,0,0,2,2,2,2,0,2,2,2
48,-1076.014,795.072,58.254,62.229,0.465840,-0.884794,-0.011502,0.884793,0.465931,-0.007099,0.011640,-0.006870,0.999909,0,0.90551,0.06203,54.331,0.124,-1,425.000,-1,450.000,-1,350.000,350.000,275.000,300.000,-1,-1,-1,-1,950.000,-1,-1,-1,2,0,2,0,2,0,0,0,0,2,2,2,2,0,2,2,2
49,-1050.893,843.022,58.659,62.350,0.464016,-0.885782,-0.008898,0.885787,0.464067,-0.004767,0.008352,-0.005670,0.999949,0,0.90222,0.06045,54.133,0.121,-1,425.000,-1,425.000,-1,350.000,350.000,275.000,300.000,-1,-1,-1,-1,950.000,-1,-1,-1,2,0,2,0,2,0,0,0,0,2,2,2,2,0,2,2,2
50,-1025.966,890.840,58.822,62.468,0.462219,-0.886746,-0.005891,0.886752,0.462239,-0.002603,0.005031,-0.004021,0.999979,0,0.89875,0.05920,53.925,0.118,-1,425.000,-1,425.000,-1,350.000,350.000,275.000,300.000,-1,-1,-1,-1,950.000,-1,-1,-1,2,0,2,0,2,0,0,0,0,2,2,2,2,0,2,2,2
51,-1001.237,938.517,58.879,62.585,0.460433,-0.887689,-0.002937,0.887693,0.460436,-0.000413,0.001719,-0.002417,0.999996,0,0.89515,0.05829,53.709,0.117,-1,425.000,-1,425.000,-1,350.000,350.000,275.000,300.000,-1,-1,-1,-1,925.000,-1,-1,-1,2,0,2,0,2,0,0,0,0,2,2,2,2,0,2,2,2
52,-976.705,986.047,58.831,62.700,0.458649,-0.888617,-0.000036,0.888616,0.458648,0.001799,-0.001582,-0.000857,0.999998,0,0.89145,0.05771,53.487,0.115,-1,425.000,-1,425.000,-1,350.000,350.000,275.000,300.000,-1,-1,-1,-1,925.000,-1,-1,-1,2,0,2,0,2,0,0,0,0,2,2,2,2,0,2,2,2
53,-952.371,1033.427,58.681,62.815,0.456856,-0.889536,0.002811,0.889527,0.456865,0.004035,-0.004873,0.000658,0.999988,0,0.88772,0.05747,53.263,0.115,-1,425.000,-1,425.000,-1,325.000,350.000,275.000,300.000,-1,-1,-1,-1,925.000,-1,-1,-1,2,0,2,0,2,0,0,0,0,2,2,2,2,0,2,2,2
54,-928.233,1080.656,58.430,62.930,0.455046,-0.890450,0.005606,0.890431,0.455075,0.006291,-0.008153,0.002129,0.999964,0,0.88399,0.05757,53.040,0.115,-1,425.000,-1,425.000,-1,325.000,350.000,300.000,300.000,-1,-1,-1,-1,925.000,1000.000,-1,-1,2,0,2,0,2,0,0,0,0,2,2,2,2,0,0,2,2
55,-904.292,1127.737,58.080,63.046,0.453207,-0.891366,0.008349,0.891332,0.453270,0.008569,-0.011422,0.003558,0.999928,0,0.88032,0.05799,52.819,0.116,-1,425.000,-1,425.000,-1,350.000,350.000,300.000,300.000,-1,-1,-1,-1,925.000,975.000,-1,-1,2,0,2,0,2,0,0,0,0,2,2,2,2,0,0,2,2
56,-880.544,1174.676,57.533,63.164,0.451340,-0.892290,0.010513,0.892237,0.451440,0.010714,-0.014306,0.004545,0.999887,0,0.87673,0.05873,52.604,0.117,-1,425.000,-1,425.000,-1,350.000,350.000,300.000,275.000,-1,-1,-1,-1,925.000,975.000,-1,-1,2,0,2,0,2,0,0,0,0,2,2,2,2,0,0,2,2
57,-856.987,1221.479,56.829,63.283,0.449438,-0.893227,0.012266,0.893152,0.449575,0.012701,-0.016859,0.005247,0.999844,0,0.87329,0.05979,52.397,0.120,-1,425.000,-1,425.000,-1,350.000,350.000,300.000,300.000,-1,-1,-1,-1,925.000,975.000,-1,-1,2,0,2,0,2,0,0,0,0,2,2,2,2,0,0,2,2
58,-833.618,1268.157,55.829,63.406,0.447492,-0.894186,0.013510,0.894064,0.447667,0.015634,-0.020027,0.005083,0.999787,0,0.87001,0.06116,52.200,0.122,-1,425.000,-1,425.000,-1,350.000,350.000,275.000,300.000,-1,-1,-1,-1,925.000,950.000,-1,-1,2,0,2,0,2,0,0,0,0,2,2,2,2,0,0,2,2
59,-810.434,1314.721,54.713,63.531,0.445491,-0.895167,0.014635,0.894985,0.445706,0.018659,-0.023226,0.004786,0.999719,0,0.86693,0.06283,52.016,0.126,-1,425.000,-1,425.000,-1,350.000,350.000,275.000,300.000,-1,-1,-1,-1,900.000,950.000,-1,-1,2,0,2,0,2,0,0,0,0,2,2,2,2,0,0,2,2
60,-787.431,1361.184,53.517,63.661,0.443425,-0.896174,0.015720,0.895924,0.443681,0.021611,-0.026341,0.004501,0.999643,0,0.86410,0.06479,51.846,0.130,-1,425.000,-1,425.000,-1,325.000,350.000,275.000,300.000,-1,-1,-1,-1,900.000,925.000,-1,-1,2,0,2,0,2,0,0,0,0,2,2,2,2,0,0,2,2
61,-764.605,1407.563,52.106,63.795,0.441278,-0.897209,0.017036,0.896902,0.441582,0.023912,-0.028977,0.004728,0.999569,0,0.86152,0.06704,51.691,0.134,-1,425.000,-1,425.000,-1,325.000,350.000,275.000,300.000,-1,-1,-1,-1,900.000,925.000,-1,-1,2,0,2,0,2,0,0,0,0,2,2,2,2,0,0,2,2
62,-741.952,1453.872,50.531,63.934,0.439044,-0.898275,0.018485,0.897921,0.439401,0.025785,-0.031285,0.005278,0.999497,0,0.85922,0.06955,51.553,0.139,-1,425.000,-1,425.000,-1,325.000,350.000,275.000,300.000,-1,-1,-1,-1,900.000,900.000,-1,-1,2,0,2,0,2,0,0,0,0,2,2,2,2,0,0,2,2
63,-719.468,1500.131,48.723,64.079,0.436689,-0.899376,0.020629,0.898970,0.437129,0.027771,-0.033994,0.006418,0.999401,0,0.85722,0.07233,51.433,0.145,-1,400.000,-1,425.000,-1,325.000,350.000,275.000,300.000,-1,-1,-1,-1,900.000,900.000,-1,-1,2,0,2,0,2,0,0,0,0,2,2,2,2,0,0,2,2
64,-697.150,1546.358,46.843,64.229,0.434229,-0.900516,0.022723,0.900057,0.434758,0.029706,-0.036630,0.007553,0.999300,0,0.85553,0.07537,51.332,0.151,-1,400.000,-1,425.000,-1,325.000,325.000,275.000,300.000,-1,-1,-1,-1,875.000,875.000,-1,-1,2,0,2,0,2,0,0,0,0,2,2,2,2,0,0,2,2
65,-674.995,1592.572,44.854,64.387,0.431650,-0.901697,0.024933,0.901185,0.432279,0.031630,-0.039299,0.008816,0.999189,0,0.85417,0.07865,51.250,0.157,-1,400.000,-1,425.000,-1,325.000,325.000,300.000,300.000,-1,-1,-1,-1,875.000,875.000,-1,-1,2,0,2,0,2,0,0,0,0,2,2,2,2,0,0,2,2
66,-652.999,1638.793,42.792,64.551,0.428949,-0.902922,0.027105,0.902356,0.429686,0.033509,-0.041903,0.010085,0.999071,0,0.85313,0.08217,51.188,0.164,-1,400.000,-1,425.000,-1,325.000,325.000,300.000,300.000,-1,-1,-1,-1,875.000,850.000,-1,-1,2,0,2,0,2,0,0,0,0,2,2,2,2,0,0,2,2
67,-631.160,1685.041,40.678,64.723,0.426125,-0.904195,0.029132,0.903575,0.426971,0.035318,-0.044373,0.011273,0.998951,0,0.85242,0.08592,51.145,0.172,-1,400.000,-1,400.000,-1,325.000,325.000,300.000,300.000,-1,-1,-1,-1,875.000,825.000,-1,-1,2,0,2,0,2,0,0,0,0,2,2,2,2,0,0,2,2
68,-609.476,1731.338,38.513,64.903,0.423172,-0.905518,0.031016,0.904845,0.424126,0.037059,-0.046712,0.012382,0.998832,0,0.85205,0.08989,51.123,0.180,-1,400.000,-1,400.000,-1,325.000,325.000,300.000,300.000,-1,-1,-1,-1,850.000,825.000,-1,-1,2,0,2,0,2,0,0,0,0,2,2,2,2,0,0,2,2
69,-586.127,1782.154,36.107,65.322,0.416396,-0.908585,0.032972,0.907856,0.417473,0.038909,-0.049117,0.013732,0.998699,0,0.93205,0.20989,55.923,0.420,-1,400.000,-1,400.000,-1,325.000,325.000,300.000,300.000,-1,-1,-1,-1,850.000,800.000,-1,-1,2,0,2,0,2,0,0,0,0,2,2,2,2,0,0,2,2
70,-561.706,1836.959,33.403,65.982,0.405785,-0.913316,0.034542,0.912531,0.406976,0.040726,-0.051253,0.014994,0.998573,0,1.00000,0.32989,60.000,0.660,-1,400.000,-1,400.000,-1,325.000,325.000,300.000,300.000,-1,-1,-1,-1,850.000,800.000,-1,-1,2,0,2,0,2,0,0,0,0,2,2,2,2,0,0,2,2
71,-538.148,1892.141,30.470,66.882,0.391326,-0.919585,0.035047,0.918748,0.392580,0.042240,-0.052602,0.015670,0.998493,0,1.00000,0.44989,60.000,0.900,-1,400.000,-1,400.000,-1,325.000,325.000,300.000,300.000,-1,-1,-1,-1,850.000,775.000,-1,-1,2,0,2,0,2,0,0,0,0,2,2,2,2,0,0,2,2
72,-515.693,1947.781,27.288,68.022,0.372909,-0.927212,0.034882,0.926268,0.374210,0.044667,-0.054469,0.015654,0.998393,0,1.00000,0.56989,60.000,1.140,-1,400.000,-1,400.000,-1,325.000,325.000,300.000,300.000,-1,-1,-1,-1,850.000,775.000,-1,-1,2,0,2,0,2,0,0,0,0,2,2,2,2,0,0,2,2
73,-494.584,2003.945,24.093,69.401,0.350429,-0.935950,0.034598,0.934909,0.351774,0.046913,-0.056079,0.015906,0.998300,0,1.00000,0.68989,60.000,1.380,-1,400.000,-1,400.000,-1,325.000,325.000,300.000,300.000,-1,-1,-1,-1,825.000,775.000,-1,-1,2,0,2,0,2,0,0,0,0,2,2,2,2,0,0,2,2
74,-475.071,2060.684,20.758,71.021,0.323776,-0.945503,0.034529,0.944414,0.325172,0.048427,-0.057016,0.016931,0.998230,0,1.00000,0.80989,60.000,1.620,-1,400.000,-1,400.000,-1,325.000,325.000,300.000,300.000,-1,-1,-1,-1,825.000,750.000,-1,-1,2,0,2,0,2,0,0,0,0,2,2,2,2,0,0,2,2
75,-457.343,2118.005,17.199,72.815,0.293919,-0.955183,0.035183,0.954085,0.295407,0.049567,-0.057739,0.018999,0.998151,0,1.00000,0.89684,60.000,1.794,-1,400.000,-1,400.000,-1,325.000,325.000,300.000,300.000,-1,-1,-1,-1,825.000,750.000,-1,-1,2,0,2,0,2,0,0,0,0,2,2,2,2,0,0,2,2
76,-441.398,2175.848,13.604,74.588,0.264120,-0.963821,0.035905,0.962732,0.265703,0.050488,-0.058201,0.021232,0.998079,0,1.00000,0.88642,60.000,1.773,-1,400.000,-1,400.000,-1,325.000,325.000,300.000,300.000,-1,-1,-1,-1,825.000,750.000,-1,-1,2,0,2,0,2,0,0,0,0,2,2,2,2,0,0,2,2
77,-427.228,2234.151,10.059,76.340,0.234430,-0.971449,0.036469,0.970366,0.236100,0.051440,-0.058582,0.023329,0.998010,0,1.00000,0.87600,60.000,1.752,-1,400.000,-1,400.000,-1,325.000,325.000,300.000,300.000,-1,-1,-1,-1,825.000,750.000,-1,-1,2,0,2,0,2,0,0,0,0,2,2,2,2,0,0,2,2
78,-414.841,2292.858,6.565,78.085,0.204639,-0.978142,0.036898,0.977065,0.206391,0.052415,-0.058885,0.025325,0.997943,0,1.00000,0.87272,60.000,1.745,-1,400.000,-1,400.000,-1,325.000,325.000,300.000,300.000,-1,-1,-1,-1,825.000,725.000,-1,-1,2,0,2,0,2,0,0,0,0,2,2,2,2,0,0,2,2
79,-404.243,2351.915,3.121,79.826,0.174740,-0.983911,0.037214,0.982838,0.176569,0.053410,-0.059121,0.027243,0.997879,0,1.00000,0.87050,60.000,1.741,-1,400.000,-1,400.000,-1,325.000,325.000,300.000,300.000,-1,-1,-1,-1,800.000,725.000,-1,-1,2,0,2,0,2,0,0,0,0,2,2,2,2,0,0,2,2
80,-395.503,2410.851,-0.250,81.564,0.144736,-0.988762,0.037441,0.987692,0.146640,0.054415,-0.059294,0.029104,0.997816,0,0.99301,0.86897,59.581,1.738,-1,400.000,-1,400.000,-1,325.000,325.000,300.000,300.000,-1,-1,-1,-1,800.000,725.000,-1,-1,2,0,2,0,2,0,0,0,0,2,2,2,2,0,0,2,2
81,-388.607,2469.566,-3.545,83.300,0.114631,-0.992696,0.037603,0.991630,0.116607,0.055434,-0.059414,0.030934,0.997754,0,0.98531,0.86815,59.119,1.736,-1,400.000,-1,400.000,-1,325.000,325.000,300.000,300.000,-1,-1,-1,-1,800.000,725.000,-1,-1,2,0,2,0,2,0,0,0,0,2,2,2,2,0,0,2,2
82,-383.533,2527.995,-6.765,85.037,0.084425,-0.995715,0.037724,0.994652,0.086475,0.056472,-0.059492,0.032755,0.997691,0,0.97749,0.86803,58.649,1.736,-1,400.000,-1,400.000,-1,325.000,325.000,300.000,300.000,-1,-1,-1,-1,800.000,725.000,-1,-1,2,0,2,0,2,0,0,0,0,2,2,2,2,0,0,2,2
83,-380.259,2586.089,-9.911,86.774,0.054122,-0.997818,0.037825,0.996758,0.056246,0.057537,-0.059539,0.034588,0.997627,0,0.96976,0.86861,58.185,1.737,-1,400.000,-1,400.000,-1,325.000,325.000,300.000,300.000,-1,-1,-1,-1,800.000,725.000,-1,-1,2,0,2,0,2,0,0,0,0,2,2,2,2,0,0,2,2
84,-378.762,2643.807,-13.222,88.513,0.023778,-0.999020,0.037341,0.997972,0.025926,0.058132,-0.059043,0.035883,0.997610,0,0.96230,0.86985,57.738,1.740,-1,400.000,-1,400.000,-1,325.000,325.000,300.000,300.000,-1,-1,-1,-1,800.000,725.000,-1,-1,2,0,2,0,2,0,0,0,0,2,2,2,2,0,0,2,2
85,-379.019,2701.124,-16.662,90.257,-0.006648,-0.999296,0.036914,0.998279,-0.004481,0.058475,-0.058269,0.037239,0.997606,0,0.95530,0.87174,57.318,1.743,-1,400.000,-1,400.000,-1,325.000,325.000,300.000,300.000,-1,-1,-1,-1,775.000,725.000,-1,-1,2,0,2,0,2,0,0,0,0,2,2,2,2,0,0,2,2
86,-380.952,2756.290,-19.924,92.005,-0.037161,-0.998640,0.036572,0.997652,-0.034968,0.058886,-0.057527,0.038674,0.997595,0,0.92000,0.87425,55.200,1.748,-1,400.000,-1,400.000,-1,325.000,325.000,300.000,300.000,-1,-1,-1,-1,775.000,725.000,-1,-1,2,0,2,0,2,0,0,0,0,2,2,2,2,0,0,2,2
87,-384.550,2811.035,-23.120,93.760,-0.067750,-0.997041,0.036309,0.996083,-0.065522,0.059382,-0.056827,0.040189,0.997575,0,0.91439,0.87724,54.863,1.754,-1,400.000,-1,400.000,-1,325.000,325.000,300.000,300.000,-1,-1,-1,-1,775.000,725.000,-1,-1,2,0,2,0,2,0,0,0,0,2,2,2,2,0,0,2,2
88,-389.802,2865.354,-26.257,95.521,-0.098405,-0.994490,0.036140,0.993560,-0.096134,0.059977,-0.056172,0.041809,0.997545,0,0.90955,0.88077,54.573,1.762,-1,400.000,-1,400.000,-1,325.000,325.000,300.000,275.000,-1,-1,-1,-1,775.000,725.000,-1,-1,2,0,2,0,2,0,0,0,0,2,2,2,2,0,0,2,2
89,-396.698,2919.248,-29.341,97.291,-0.129115,-0.990973,0.036080,0.990072,-0.126788,0.060683,-0.055561,0.043557,0.997505,0,0.90555,0.88478,54.333,1.770,-1,400.000,-1,400.000,-1,325.000,325.000,300.000,275.000,-1,-1,-1,-1,750.000,725.000,-1,-1,2,0,2,0,2,0,0,0,0,2,2,2,2,0,0,2,2
90,-405.234,2972.716,-32.378,99.070,-0.159865,-0.986477,0.036142,0.985606,-0.157470,0.061519,-0.054996,0.045457,0.997451,0,0.90242,0.88927,54.145,1.779,-1,400.000,-1,400.000,-1,325.000,325.000,300.000,275.000,-1,-1,-1,-1,750.000,725.000,-1,-1,2,0,2,0,2,0,0,0,0,2,2,2,2,0,0,2,2
91,-415.409,3025.760,-35.375,100.858,-0.190639,-0.980987,0.036337,0.980147,-0.188161,0.062503,-0.054477,0.047531,0.997383,0,0.90019,0.89419,54.011,1.788,-1,400.000,-1,400.000,-1,325.000,325.000,300.000,275.000,-1,-1,-1,975.000,750.000,750.000,-1,-1,2,0,2,0,2,0,0,0,0,2,2,2,1,0,0,2,2
92,-427.227,3078.379,-38.338,102.657,-0.221420,-0.974489,0.036673,0.973682,-0.218841,0.063654,-0.054005,0.049803,0.997298,0,0.89884,0.89952,53.930,1.799,-1,400.000,-1,400.000,-1,325.000,325.000,300.000,275.000,-1,-1,-1,975.000,725.000,725.000,-1,-1,2,0,2,0,2,0,0,0,0,2,2,2,1,0,0,2,2
93,-440.695,3130.571,-41.273,104.467,-0.252186,-0.966965,0.037159,0.966194,-0.249487,0.064996,-0.053578,0.052294,0.997193,0,0.89837,0.90523,53.902,1.810,-1,375.000,-1,400.000,-1,325.000,325.000,300.000,275.000,-1,-1,-1,975.000,725.000,725.000,-1,-1,2,0,2,0,2,0,0,0,0,2,2,2,1,0,0,2,2
94,-455.822,3182.330,-44.185,106.290,-0.282915,-0.958400,0.037798,0.957669,-0.280074,0.066553,-0.053198,0.055027,0.997067,0,0.89874,0.91130,53.925,1.823,-1,375.000,-1,375.000,-1,325.000,325.000,300.000,275.000,-1,-1,-1,-1,725.000,700.000,-1,-1,2,0,2,0,2,0,0,0,0,2,2,2,2,0,0,2,2
95,-472.622,3233.646,-46.860,108.125,-0.313512,-0.948821,0.038060,0.948154,-0.310588,0.067375,-0.052106,0.057210,0.997002,0,0.89994,0.91770,53.996,1.835,-1,375.000,-1,375.000,-1,300.000,300.000,300.000,275.000,-1,-1,-1,-1,700.000,700.000,-1,-1,2,0,2,0,2,0,0,0,0,2,2,2,2,0,0,2,2
96,-491.107,3284.504,-49.050,109.974,-0.343883,-0.938268,0.037390,0.937699,-0.341024,0.066506,-0.049649,0.057931,0.997085,0,0.90190,0.92442,54.114,1.849,-1,375.000,-1,375.000,-1,300.000,300.000,300.000,275.000,-1,-1,-1,-1,725.000,700.000,-1,-1,2,0,2,0,2,0,0,0,0,2,2,2,2,0,0,2,2
97,-511.297,3334.884,-51.183,111.837,-0.374128,-0.926640,0.036959,0.926181,-0.371326,0.065616,-0.047079,0.058779,0.997160,0,0.90460,0.93143,54.276,1.863,-1,375.000,-1,375.000,-1,325.000,300.000,300.000,275.000,-1,-1,-1,-1,725.000,700.000,-1,-1,2,0,2,0,2,0,0,0,0,2,2,2,2,0,0,2,2
98,-533.208,3384.761,-53.301,113.715,-0.404204,-0.913933,0.036686,0.913598,-0.401465,0.064533,-0.044251,0.059600,0.997241,0,0.90797,0.93872,54.478,1.877,-1,375.000,-1,375.000,-1,325.000,325.000,300.000,275.000,-1,-1,-1,-1,725.000,700.000,-1,-1,2,0,2,0,2,0,0,0,0,2,2,2,2,0,0,2,2
99,-556.858,3434.104,-55.379,115.607,-0.434081,-0.900126,0.036699,0.899931,-0.431404,0.063359,-0.041199,0.060530,0.997316,0,0.91198,0.94626,54.719,1.893,-1,375.000,-1,375.000,-1,325.000,325.000,300.000,275.000,-1,-1,-1,-1,725.000,700.000,-1,-1,2,0,2,0,2,0,0,0,0,2,2,2,2,0,0,2,2
100,-582.265,3482.877,-57.320,117.515,-0.463730,-0.885183,0.037480,0.885173,-0.461095,0.062126,-0.037711,0.061986,0.997364,0,0.91657,0.95404,54.994,1.908,-1,375.000,-1,375.000,-1,325.000,325.000,300.000,275.000,-1,-1,-1,-1,725.000,700.000,-1,-1,2,0,2,0,2,0,0,0,0,2,2,2,2,0,0,2,2
101,-609.447,3531.036,-59.148,119.439,-0.493105,-0.869098,0.038932,0.869311,-0.490496,0.060927,-0.033856,0.063887,0.997383,0,0.92169,0.96206,55.302,1.924,-1,375.000,-1,375.000,-1,325.000,325.000,300.000,300.000,-1,-1,-1,-1,750.000,700.000,-1,-1,2,0,2,0,2,0,0,0,0,2,2,2,2,0,0,2,2
102,-637.720,3577.857,-60.890,121.123,-0.518349,-0.854192,0.040869,0.854640,-0.515757,0.059872,-0.030063,0.065963,0.997369,0,0.91160,0.84206,54.696,1.684,-1,400.000,-1,400.000,-1,325.000,325.000,300.000,300.000,-1,-1,-1,-1,750.000,700.000,-1,-1,2,0,2,0,2,0,0,0,0,2,2,2,2,0,0,2,2
103,-667.356,3624.251,-62.634,122.567,-0.539624,-0.840804,0.043062,0.841490,-0.537044,0.058976,-0.026461,0.068061,0.997330,0,0.91754,0.72206,55.052,1.444,-1,400.000,-1,400.000,-1,325.000,325.000,300.000,300.000,-1,-1,-1,-1,775.000,700.000,-1,-1,2,0,2,0,2,0,0,0,0,2,2,2,2,0,0,2,2
104,-698.170,3670.325,-64.394,123.772,-0.557084,-0.829210,0.045474,0.830136,-0.554513,0.058225,-0.023065,0.070186,0.997267,0,0.92382,0.60206,55.429,1.204,-1,400.000,-1,375.000,-1,325.000,325.000,300.000,300.000,-1,-1,775.000,-1,775.000,700.000,-1,-1,2,0,2,0,2,0,0,0,0,2,2,0,2,0,0,2,2
105,-729.978,3716.198,-65.914,124.736,-0.570885,-0.819695,0.046811,0.820770,-0.568339,0.057683,-0.020678,0.071351,0.997237,0,0.93038,0.48206,55.823,0.964,-1,400.000,-1,375.000,-1,325.000,325.000,300.000,300.000,-1,900.000,675.000,-1,800.000,700.000,-1,-1,2,0,2,0,2,0,0,0,0,2,0,0,2,0,0,2,2
106,-762.483,3761.837,-67.106,125.460,-0.581159,-0.812456,0.046578,0.813554,-0.578660,0.057301,-0.019602,0.071195,0.997270,0,0.93386,0.36206,56.032,0.724,-1,400.000,-1,375.000,-1,325.000,325.000,300.000,300.000,-1,900.000,700.000,-1,800.000,700.000,-1,-1,2,0,2,0,2,0,0,0,0,2,0,0,2,0,0,2,2
107,-795.373,3807.200,-68.248,125.944,-0.587979,-0.807567,0.045999,0.808651,-0.585525,0.056956,-0.019062,0.070686,0.997316,0,0.93386,0.24206,56.032,0.484,-1,400.000,-1,375.000,-1,325.000,325.000,300.000,300.000,-1,925.000,750.000,-1,800.000,700.000,-1,-1,2,0,2,0,2,0,0,0,0,2,0,0,2,0,0,2,2
108,-828.456,3852.423,-69.422,126.188,-0.591401,-0.805101,0.045358,0.806157,-0.588986,0.056625,-0.018874,0.070054,0.997365,0,0.93386,0.12206,56.032,0.244,-1,400.000,-1,375.000,-1,325.000,325.000,300.000,300.000,-1,975.000,800.000,-1,800.000,700.000,-1,-1,2,0,2,0,2,0,0,0,0,2,0,0,2,0,0,2,2
109,-861.669,3897.817,-70.318,126.192,-0.591392,-0.805170,0.044227,0.806182,-0.589126,0.054791,-0.018061,0.068058,0.997518,0,0.93746,0.00206,56.247,0.004,-1,400.000,-1,375.000,-1,325.000,325.000,300.000,300.000,-1,950.000,825.000,-1,800.000,700.000,-1,-1,2,0,2,0,2,0,0,0,0,2,0,0,2,0,0,2,2
110,-894.883,3943.494,-71.247,126.025,-0.588977,-0.807008,0.042957,0.807962,-0.586861,0.052838,-0.017432,0.065828,0.997679,0,0.94127,-0.08363,56.476,-0.167,-1,400.000,-1,375.000,-1,325.000,325.000,300.000,300.000,-1,950.000,850.000,-1,825.000,725.000,-1,-1,2,0,2,0,2,0,0,0,0,2,0,0,2,0,0,2,2
111,-928.096,3989.436,-72.240,125.866,-0.586685,-0.808746,0.041594,0.809640,-0.584713,0.050937,-0.016874,0.063560,0.997835,0,0.94483,-0.07922,56.690,-0.158,-1,400.000,-1,375.000,-1,325.000,325.000,275.000,300.000,-1,950.000,875.000,-1,825.000,700.000,-1,-1,2,0,2,0,2,0,0,0,0,2,0,0,2,0,0,2,2
112,-961.306,4035.626,-73.231,125.717,-0.584534,-0.810371,0.040234,0.811199,-0.582679,0.049416,-0.016601,0.061523,0.997968,0,0.94816,-0.07463,56.890,-0.149,-1,400.000,-1,375.000,-1,325.000,325.000,275.000,300.000,-1,1000.000,900.000,-1,850.000,700.000,-1,-1,2,0,2,0,2,0,0,0,0,2,0,0,2,0,0,2,2
113,-994.511,4082.046,-74.111,125.577,-0.582550,-0.811857,0.039035,0.812618,-0.580748,0.048821,-0.016967,0.060161,0.998044,0,0.95122,-0.06988,57.073,-0.140,-1,400.000,-1,375.000,-1,325.000,325.000,275.000,300.000,-1,-1,975.000,-1,850.000,700.000,-1,-1,2,0,2,0,2,0,0,0,0,2,2,0,2,0,0,2,2
114,-1027.707,4128.677,-75.104,125.447,-0.580703,-0.813239,0.037759,0.813929,-0.578953,0.048295,-0.017415,0.058778,0.998119,0,0.95401,-0.06497,57.240,-0.130,-1,400.000,-1,375.000,-1,325.000,325.000,275.000,300.000,-1,-1,-1,-1,850.000,700.000,-1,-1,2,0,2,0,2,0,0,0,0,2,2,2,2,0,0,2,2
115,-1060.892,4175.500,-76.059,125.328,-0.578989,-0.814490,0.037119,0.815149,-0.577281,0.047734,-0.017451,0.057895,0.998170,0,0.95650,-0.05990,57.390,-0.120,-1,400.000,-1,375.000,-1,325.000,325.000,275.000,300.000,-1,-1,-1,-1,875.000,675.000,-1,-1,2,0,2,0,2,0,0,0,0,2,2,2,2,0,0,2,2
116,-1094.065,4222.493,-76.939,125.218,-0.577410,-0.815601,0.037309,0.816278,-0.575733,0.047125,-0.016955,0.057665,0.998192,0,0.95869,-0.05468,57.521,-0.109,-1,400.000,-1,375.000,-1,325.000,325.000,300.000,300.000,-1,-1,-1,-1,875.000,675.000,-1,-1,2,0,2,0,2,0,0,0,0,2,2,2,2,0,0,2,2
117,-1127.220,4269.634,-77.920,125.120,-0.575983,-0.816606,0.037396,0.817295,-0.574339,0.046523,-0.016513,0.057359,0.998217,0,0.96056,-0.04931,57.634,-0.099,-1,400.000,-1,400.000,-1,325.000,325.000,300.000,300.000,-1,-1,-1,-1,875.000,675.000,-1,-1,2,0,2,0,2,0,0,0,0,2,2,2,2,0,0,2,2
118,-1160.357,4316.902,-79.003,125.032,-0.574713,-0.817501,0.037381,0.818196,-0.573102,0.045930,-0.016125,0.056981,0.998245,0,0.96210,-0.04381,57.726,-0.088,-1,425.000,-1,375.000,-1,325.000,325.000,300.000,300.000,-1,-1,-1,-1,875.000,675.000,-1,-1,2,0,2,0,2,0,0,0,0,2,2,2,2,0,0,2,2
119,-1193.471,4364.273,-80.187,124.956,-0.573603,-0.818285,0.037265,0.818981,-0.572026,0.045349,-0.015792,0.056532,0.998276,0,0.96329,-0.03819,57.797,-0.076,-1,425.000,-1,375.000,1000.000,325.000,325.000,300.000,275.000,-1,-1,-1,-1,875.000,675.000,-1,-1,2,0,2,0,0,0,0,0,0,2,2,2,2,0,0,2,2
120,-1226.560,4411.723,-81.259,124.891,-0.572671,-0.818992,0.036059,0.819627,-0.571140,0.044847,-0.016135,0.055237,0.998343,0,0.96413,-0.03246,57.848,-0.065,-1,425.000,-1,375.000,975.000,325.000,325.000,300.000,275.000,-1,-1,-1,-1,875.000,650.000,-1,-1,2,0,2,0,0,0,0,0,0,2,2,2,2,0,0,2,2
121,-1259.620,4459.227,-82.375,124.837,-0.571919,-0.819632,0.033351,0.820125,-0.570454,0.044457,-0.017413,0.052778,0.998454,0,0.96461,-0.02664,57.876,-0.053,-1,425.000,-1,375.000,950.000,325.000,325.000,300.000,275.000,-1,-1,-1,-1,850.000,650.000,-1,-1,2,0,2,0,0,0,0,0,0,2,2,2,2,0,0,2,2
122,-1292.651,4506.761,-83.620,124.796,-0.571331,-0.820155,0.030435,0.820504,-0.569937,0.044095,-0.018819,0.050165,0.998564,0,0.96472,-0.02074,57.883,-0.041,1000.000,425.000,-1,375.000,925.000,325.000,300.000,300.000,275.000,-1,-1,-1,-1,825.000,650.000,-1,-1,1,0,2,0,0,0,0,0,0,2,2,2,2,0,0,2,2
123,-1325.647,4554.301,-84.444,124.766,-0.570833,-0.820631,0.026736,0.820852,-0.569639,0.041378,-0.018726,0.045566,0.998786,0,0.96447,-0.01480,57.868,-0.030,975.000,425.000,-1,375.000,950.000,325.000,300.000,300.000,300.000,-1,-1,-1,-1,825.000,650.000,-1,-1,1,0,2,0,0,0,0,0,0,2,2,2,2,0,0,2,2
124,-1358.608,4601.820,-85.285,124.749,-0.570497,-0.820982,0.022849,0.821093,-0.569508,0.038300,-0.018431,0.040611,0.999005,0,0.96386,-0.00882,57.832,-0.018,950.000,400.000,-1,375.000,1000.000,325.000,300.000,300.000,300.000,-1,-1,-1,-1,825.000,650.000,-1,-1,1,0,2,0,0,0,0,0,0,2,2,2,2,0,0,2,2
125,-1392.347,4650.581,-86.265,124.682,-0.569464,-0.821800,0.018867,0.821816,-0.568669,0.035116,-0.018130,0.035502,0.999205,0,0.98825,-0.03312,59.295,-0.066,900.000,400.000,-1,375.000,-1,325.000,300.000,300.000,300.000,-1,-1,-1,-1,800.000,650.000,-1,-1,1,0,2,0,2,0,0,0,0,2,2,2,2,0,0,2,2
126,-1426.123,4699.492,-87.239,124.629,-0.568632,-0.822454,0.015073,0.822390,-0.567992,0.032538,-0.018199,0.030898,0.999357,0,0.99068,-0.02663,59.441,-0.053,875.000,400.000,-1,350.000,-1,325.000,300.000,300.000,300.000,-1,-1,-1,-1,800.000,650.000,-1,-1,1,0,2,0,2,0,0,0,0,2,2,2,2,1,0,2,2
127,-1459.934,4748.525,-88.132,124.590,-0.568013,-0.822938,0.011555,0.822803,-0.567486,0.030912,-0.018882,0.027066,0.999455,0,0.99267,-0.01983,59.560,-0.040,850.000,400.000,-1,350.000,-1,325.000,300.000,300.000,300.000,-1,-1,-1,-1,775.000,650.000,-1,-1,1,0,2,0,2,0,0,0,0,2,2,2,2,1,0,2,2
128,-1493.775,4797.648,-89.144,124.564,-0.567592,-0.823271,0.008016,0.823078,-0.567175,0.029241,-0.019527,0.023195,0.999540,0,0.99419,-0.01274,59.651,-0.025,825.000,400.000,-1,350.000,-1,325.000,300.000,275.000,300.000,-1,-1,-1,-1,750.000,650.000,-1,-1,1,0,2,0,2,0,0,0,0,2,2,2,2,1,0,2,2
129,-1525.744,4843.683,-89.687,124.779,-0.570638,-0.821169,0.007418,0.820999,-0.570272,0.027404,-0.018273,0.021728,0.999597,0,0.93411,0.10726,56.047,0.215,850.000,400.000,-1,375.000,-1,325.000,300.000,300.000,300.000,-1,-1,-1,-1,750.000,650.000,-1,-1,1,0,2,0,2,0,0,0,0,2,2,2,2,1,0,2,2
130,-1558.106,4889.502,-90.235,125.233,-0.577106,-0.816636,0.007383,0.816502,-0.576780,0.025489,-0.016557,0.020738,0.999648,0,0.93492,0.22726,56.095,0.455,-1,400.000,-1,375.000,-1,325.000,300.000,300.000,300.000,-1,-1,-1,-1,775.000,650.000,-1,-1,2,0,2,0,2,0,0,0,0,2,2,2,2,1,0,2,2
131,-1591.046,4934.962,-90.883,125.928,-0.586936,-0.809600,0.007415,0.809500,-0.586647,0.023568,-0.014731,0.019836,0.999695,0,0.93567,0.34726,56.140,0.695,-1,400.000,-1,375.000,-1,325.000,300.000,300.000,300.000,-1,-1,-1,-1,800.000,650.000,-1,-1,2,0,2,0,2,0,0,0,0,2,2,2,2,0,0,2,2
132,-1624.751,4979.914,-91.667,126.862,-0.600035,-0.799939,0.007495,0.799873,-0.599784,0.021481,-0.012688,0.018885,0.999741,0,0.93640,0.46726,56.184,0.935,-1,400.000,-1,375.000,-1,325.000,325.000,300.000,275.000,-1,-1,-1,-1,800.000,675.000,-1,-1,2,0,2,0,2,0,0,0,0,2,2,2,2,0,0,2,2
133,-1659.398,5024.203,-92.659,128.037,-0.616281,-0.787491,0.007501,0.787453,-0.616066,0.019485,-0.010723,0.017915,0.999782,0,0.93719,0.58726,56.231,1.175,-1,400.000,-1,375.000,-1,325.000,325.000,300.000,275.000,-1,-1,-1,-1,800.000,675.000,-1,-1,2,0,2,0,2,0,0,0,0,2,2,2,2,0,0,2,2
134,-1695.162,5067.664,-93.161,129.451,-0.635508,-0.772080,0.004759,0.772020,-0.635349,0.017789,-0.010711,0.014979,0.999830,0,0.93807,0.70726,56.284,1.415,-1,400.000,-1,375.000,-1,325.000,325.000,300.000,275.000,-1,-1,-1,-1,800.000,675.000,-1,-1,2,0,2,0,2,0,0,0,0,2,2,2,2,0,0,2,2
135,-1732.207,5110.122,-93.729,131.106,-0.657510,-0.753443,0.002112,0.753370,-0.657401,0.016050,-0.010705,0.012144,0.999869,0,0.93912,0.82726,56.347,1.655,-1,400.000,-1,375.000,-1,325.000,325.000,300.000,275.000,-1,-1,-1,-1,800.000,675.000,-1,-1,2,1,2,0,2,0,0,0,0,2,2,2,2,0,0,2,2
136,-1770.687,5151.386,-94.361,133.000,-0.682035,-0.731319,-0.000404,0.731241,-0.681970,0.014261,-0.010705,0.009431,0.999898,0,0.94037,0.94726,56.422,1.895,650.000,400.000,-1,375.000,-1,325.000,325.000,300.000,275.000,-1,-1,-1,-1,775.000,675.000,-1,-1,1,1,2,0,2,0,0,0,0,2,2,2,2,0,0,2,2
137,-1810.648,5191.347,-94.948,135.000,-0.707118,-0.707090,-0.002783,0.707019,-0.707094,0.011881,-0.010369,0.006434,0.999926,0,0.94188,1.00000,56.513,2.000,550.000,400.000,-1,375.000,-1,325.000,325.000,300.000,300.000,-1,-1,-1,-1,775.000,675.000,-1,-1,1,1,2,0,2,0,0,0,0,2,2,2,2,0,0,2,2
