timestep,x_cm,y_cm,z_cm,yaw_deg,basis_xx,basis_xy,basis_xz,basis_yx,basis_yy,basis_yz,basis_zx,basis_zy,basis_zz,teleport_flag,throttle_cmd,steering_cmd,cmd_move_cm,cmd_turn_deg,lidar_cm_0,lidar_cm_1,lidar_cm_2,lidar_cm_3,lidar_cm_4,lidar_cm_5,lidar_cm_6,lidar_cm_7,lidar_cm_8,lidar_cm_9,lidar_cm_10,lidar_cm_11,lidar_cm_12,lidar_cm_13,lidar_cm_14,lidar_cm_15,lidar_cm_16,lidar_class_0,lidar_class_1,lidar_class_2,lidar_class_3,lidar_class_4,lidar_class_5,lidar_class_6,lidar_class_7,lidar_class_8,lidar_class_9,lidar_class_10,lidar_class_11,lidar_class_12,lidar_class_13,lidar_class_14,lidar_class_15,lidar_class_16
0,980.041,-9508.160,-55.200,143.469,-0.803382,-0.595255,-0.015807,0.595260,-0.803518,0.004862,-0.015595,-0.005504,0.999863,1,0.08000,-0.12000,4.800,-0.240,-1,400.000,-1,375.000,-1,325.000,325.000,300.000,300.000,-1,-1,-1,-1,725.000,725.000,-1,-1,2,0,2,0,2,0,0,0,0,2,2,2,2,0,0,2,2
1,972.375,-9502.381,-55.357,142.989,-0.798366,-0.601964,-0.015842,0.601973,-0.798502,0.004769,-0.015521,-0.005729,0.999863,0,0.16000,-0.24000,9.600,-0.480,-1,400.000,-1,375.000,-1,325.000,325.000,300.000,300.000,-1,-1,-1,-1,725.000,725.000,-1,-1,2,0,2,0,2,0,0,0,0,2,2,2,2,0,0,2,2
2,960.956,-9493.607,-55.585,142.463,-0.792814,-0.609256,-0.015880,0.609268,-0.792951,0.004633,-0.015415,-0.006002,0.999863,0,0.24000,-0.26256,14.400,-0.525,-1,400.000,-1,375.000,-1,325.000,325.000,300.000,300.000,-1,-1,-1,-1,725.000,725.000,-1,-1,2,0,2,0,2,0,0,0,0,2,2,2,2,0,0,2,2
3,945.839,-9481.771,-55.856,141.938,-0.787199,-0.616497,-0.015777,0.616512,-0.787333,0.004488,-0.015188,-0.006194,0.999865,0,0.32000,-0.26256,19.200,-0.525,-1,400.000,-1,400.000,-1,325.000,325.000,300.000,300.000,-1,-1,-1,-1,725.000,725.000,-1,-1,2,0,2,0,2,0,0,0,0,2,2,2,2,0,0,2,2
4,927.079,-9466.802,-56.192,141.413,-0.781518,-0.623686,-0.015659,0.623704,-0.781648,0.004298,-0.014920,-0.006408,0.999868,0,0.40000,-0.26256,24.000,-0.525,-1,400.000,-1,400.000,-1,325.000,325.000,300.000,300.000,-1,-1,-1,-1,725.000,725.000,-1,-1,2,0,2,0,2,0,0,0,0,2,2,2,2,0,0,2,2
5,904.733,-9448.634,-56.593,140.888,-0.775772,-0.630823,-0.015528,0.630845,-0.775898,0.004066,-0.014614,-0.006641,0.999871,0,0.48000,-0.26256,28.800,-0.525,-1,400.000,-1,400.000,-1,325.000,325.000,300.000,300.000,-1,-1,-1,-1,725.000,725.000,-1,-1,2,0,2,0,2,0,0,0,0,2,2,2,2,0,0,2,2
6,878.858,-9427.200,-57.037,140.363,-0.769960,-0.637907,-0.015384,0.637931,-0.770084,0.003891,-0.014329,-0.006818,0.999874,0,0.56000,-0.26256,33.600,-0.525,-1,400.000,-1,400.000,-1,325.000,325.000,300.000,300.000,-1,-1,-1,-1,725.000,725.000,-1,-1,2,0,2,0,2,0,0,0,0,2,2,2,2,0,0,2,2
7,849.511,-9402.433,-57.541,139.838,-0.764084,-0.644937,-0.015228,0.644964,-0.764204,0.003678,-0.014009,-0.007012,0.999877,0,0.64000,-0.26256,38.400,-0.525,-1,375.000,-1,400.000,-1,325.000,325.000,300.000,300.000,-1,-1,-1,-1,725.000,725.000,-1,-1,2,0,2,0,2,0,0,0,0,2,2,2,2,0,0,2,2
8,816.754,-9374.270,-58.106,139.313,-0.758145,-0.651912,-0.015061,0.651943,-0.758260,0.003422,-0.013651,-0.007224,0.999881,0,0.72000,-0.26256,43.200,-0.525,-1,375.000,-1,400.000,-1,325.000,325.000,300.000,300.000,-1,-1,-1,-1,725.000,725.000,-1,-1,2,0,2,0,2,0,0,0,0,2,2,2,2,0,0,2,2
9,780.645,-9342.645,-58.728,138.788,-0.752142,-0.658833,-0.014885,0.658868,-0.752252,0.003122,-0.013255,-0.007459,0.999884,0,0.80000,-0.26256,48.000,-0.525,-1,375.000,-1,400.000,-1,325.000,325.000,300.000,300.000,-1,-1,-1,-1,725.000,725.000,-1,-1,2,0,2,0,2,0,0,0,0,2,2,2,2,0,0,2,2
10,744.762,-9310.633,-59.334,138.263,-0.746077,-0.665699,-0.014643,0.665737,-0.746181,0.002819,-0.012803,-0.007645,0.999889,0,0.80145,-0.26256,48.087,-0.525,-1,375.000,-1,400.000,-1,325.000,325.000,300.000,300.000,-1,-1,-1,-1,725.000,725.000,-1,-1,2,0,2,0,2,0,0,0,0,2,2,2,2,0,0,2,2
11,709.174,-9278.293,-59.858,137.737,-0.739955,-0.672510,-0.014013,0.672547,-0.740050,0.002563,-0.012094,-0.007527,0.999899,0,0.80145,-0.26256,48.087,-0.525,-1,375.000,-1,400.000,-1,325.000,325.000,300.000,300.000,-1,-1,-1,-1,725.000,725.000,-1,-1,2,0,2,0,2,0,0,0,0,2,2,2,2,0,0,2,2
12,673.884,-9245.628,-60.371,137.212,-0.733771,-0.679265,-0.013403,0.679302,-0.733855,0.002236,-0.011354,-0.007464,0.999908,0,0.80145,-0.26256,48.087,-0.525,-1,375.000,-1,400.000,-1,325.000,325.000,300.000,300.000,-1,-1,-1,-1,725.000,725.000,-1,-1,2,0,2,0,2,0,0,0,0,2,2,2,2,0,0,2,2
13,638.895,-9212.641,-60.856,136.687,-0.727525,-0.685962,-0.012821,0.686000,-0.727599,0.001771,-0.010543,-0.007507,0.999916,0,0.80145,-0.26256,48.087,-0.525,-1,375.000,-1,400.000,-1,325.000,325.000,300.000,300.000,-1,-1,-1,-1,725.000,725.000,-1,-1,2,0,2,0,2,0,0,0,0,2,2,2,2,0,0,2,2
14,604.209,-9179.335,-61.339,136.162,-0.721217,-0.692601,-0.012261,0.692641,-0.721281,0.001278,-0.009728,-0.007571,0.999924,0,0.80145,-0.26256,48.087,-0.525,-1,375.000,-1,400.000,-1,325.000,325.000,300.000,300.000,-1,-1,-1,-1,725.000,725.000,-1,-1,2,0,2,0,2,0,0,0,0,2,2,2,2,0,0,2,2
15,569.831,-9145.712,-61.807,135.637,-0.714847,-0.699182,-0.011770,0.699223,-0.714903,0.000751,-0.008940,-0.007693,0.999930,0,0.80145,-0.26256,48.087,-0.525,-1,375.000,-1,400.000,-1,325.000,325.000,300.000,300.000,-1,-1,-1,-1,725.000,750.000,-1,-1,2,0,2,0,2,0,0,0,0,2,2,2,2,0,0,2,2
16,535.762,-9111.776,-62.258,135.112,-0.708416,-0.705703,-0.011371,0.705747,-0.708464,0.000190,-0.008190,-0.007890,0.999935,0,0.80145,-0.26256,48.087,-0.525,-1,375.000,-1,400.000,-1,325.000,325.000,300.000,300.000,-1,-1,-1,-1,725.000,750.000,-1,-1,2,0,2,0,2,0,0,0,0,2,2,2,2,0,0,2,2
17,502.005,-9077.528,-62.669,134.587,-0.701925,-0.712166,-0.010972,0.712211,-0.701966,-0.000210,-0.007552,-0.007962,0.999940,0,0.80145,-0.26256,48.087,-0.525,-1,375.000,-1,400.000,-1,325.000,325.000,300.000,300.000,-1,-1,-1,-1,725.000,750.000,-1,-1,2,0,2,0,2,0,0,0,0,2,2,2,2,0,0,2,2
18,468.552,-9042.961,-63.035,134.061,-0.695368,-0.718576,-0.010564,0.718620,-0.695403,-0.000419,-0.007046,-0.007883,0.999944,0,0.80174,-0.26282,48.104,-0.526,-1,375.000,-1,400.000,-1,325.000,325.000,300.000,300.000,-1,-1,-1,-1,725.000,750.000,-1,-1,2,0,2,0,2,0,0,0,0,2,2,2,2,0,0,2,2
19,435.269,-9007.923,-63.397,133.529,-0.688664,-0.725009,-0.010169,0.725051,-0.688695,-0.000640,-0.006539,-0.007814,0.999948,0,0.80543,-0.26626,48.326,-0.533,-1,375.000,-1,400.000,-1,325.000,325.000,300.000,300.000,-1,-1,-1,-1,725.000,750.000,-1,-1,2,0,2,0,2,0,0,0,0,2,2,2,2,0,0,2,2
20,402.168,-8972.413,-63.754,132.989,-0.681812,-0.731462,-0.009787,0.731502,-0.681838,-0.000875,-0.006033,-0.007756,0.999952,0,0.80909,-0.26975,48.546,-0.539,-1,375.000,-1,400.000,-1,325.000,325.000,300.000,300.000,-1,-1,-1,-1,725.000,750.000,-1,-1,2,0,2,0,2,0,0,0,0,2,2,2,2,0,0,2,2
21,369.260,-8936.428,-64.107,132.442,-0.674808,-0.737933,-0.009419,0.737973,-0.674830,-0.001122,-0.005528,-0.007708,0.999955,0,0.81272,-0.27329,48.763,-0.547,-1,375.000,-1,400.000,-1,325.000,325.000,300.000,300.000,-1,-1,-1,-1,725.000,750.000,-1,-1,2,0,2,0,2,0,0,0,0,2,2,2,2,0,0,2,2
22,336.558,-8899.967,-64.377,131.889,-0.667650,-0.744421,-0.009022,0.744460,-0.667665,-0.001665,-0.004785,-0.007828,0.999958,0,0.81630,-0.27690,48.978,-0.554,-1,375.000,-1,400.000,-1,325.000,325.000,300.000,300.000,-1,-1,-1,-1,725.000,750.000,-1,-1,2,0,2,0,2,0,0,0,0,2,2,2,2,0,0,2,2
23,304.075,-8863.027,-64.573,131.328,-0.660334,-0.750924,-0.008483,0.750961,-0.660343,-0.002032,-0.004076,-0.007712,0.999962,0,0.81983,-0.28057,49.190,-0.561,-1,375.000,-1,400.000,-1,325.000,325.000,300.000,300.000,-1,-1,-1,-1,725.000,750.000,-1,-1,2,0,2,0,2,0,0,0,0,2,2,2,2,0,0,2,2
24,271.824,-8825.609,-64.711,130.759,-0.652854,-0.757442,-0.007903,0.757475,-0.652860,-0.002130,-0.003546,-0.007377,0.999967,0,0.82332,-0.28430,49.399,-0.569,-1,400.000,-1,400.000,-1,325.000,325.000,300.000,300.000,-1,-1,-1,-1,725.000,750.000,-1,-1,2,0,2,0,2,0,0,0,0,2,2,2,2,0,0,2,2
25,239.818,-8787.712,-64.847,130.183,-0.645208,-0.763971,-0.007330,0.764001,-0.645212,-0.002244,-0.003015,-0.007048,0.999971,0,0.82674,-0.28811,49.605,-0.576,-1,400.000,-1,400.000,-1,325.000,325.000,300.000,300.000,-1,-1,-1,-1,725.000,750.000,-1,-1,2,0,2,0,2,0,0,0,0,2,2,2,2,0,0,2,2
26,208.071,-8749.335,-64.966,129.599,-0.637392,-0.770509,-0.006837,0.770535,-0.637393,-0.002375,-0.002528,-0.006782,0.999974,0,0.83010,-0.29199,49.806,-0.584,-1,400.000,-1,400.000,-1,325.000,325.000,300.000,300.000,-1,-1,-1,-1,725.000,750.000,-1,-1,2,0,2,0,2,0,0,0,0,2,2,2,2,0,0,2,2
27,175.936,-8710.010,-65.065,129.255,-0.632758,-0.774323,-0.006449,0.774347,-0.632756,-0.002535,-0.002118,-0.006598,0.999976,0,0.84641,-0.17199,50.785,-0.344,-1,400.000,-1,400.000,-1,325.000,325.000,300.000,300.000,-1,-1,-1,-1,725.000,750.000,-1,-1,2,0,2,0,2,0,0,0,0,2,2,2,2,0,0,2,2
28,143.755,-8670.484,-65.163,129.151,-0.631354,-0.775471,-0.006079,0.775492,-0.631351,-0.002712,-0.001735,-0.006426,0.999978,0,0.84950,-0.05199,50.970,-0.104,-1,400.000,-1,400.000,-1,325.000,325.000,300.000,300.000,-1,-1,-1,-1,725.000,750.000,-1,-1,2,0,2,0,2,0,0,0,0,2,2,2,2,0,0,2,2
29,111.547,-8630.766,-65.260,129.040,-0.629850,-0.776695,-0.005718,0.776715,-0.629845,-0.002892,-0.001355,-0.006263,0.999979,0,0.85226,-0.05561,51.136,-0.111,-1,375.000,-1,400.000,1000.000,325.000,325.000,300.000,300.000,-1,-1,-1,-1,725.000,750.000,-1,-1,2,0,2,0,1,0,0,0,0,2,2,2,2,0,0,2,2
30,79.326,-8590.861,-65.329,128.919,-0.628213,-0.778023,-0.005300,0.778041,-0.628206,-0.003132,-0.000893,-0.006091,0.999981,0,0.85481,-0.06043,51.289,-0.121,-1,375.000,-1,400.000,975.000,325.000,325.000,300.000,300.000,-1,-1,-1,-1,725.000,750.000,-1,-1,2,0,2,0,1,0,0,0,0,2,2,2,2,0,0,2,2
31,47.109,-8550.774,-65.324,128.788,-0.626439,-0.779457,-0.004635,0.779470,-0.626429,-0.003466,-0.000202,-0.005784,0.999983,0,0.85714,-0.06540,51.428,-0.131,-1,400.000,-1,400.000,975.000,325.000,325.000,300.000,300.000,-1,-1,-1,-1,725.000,750.000,-1,-1,2,0,2,0,1,0,0,0,0,2,2,2,2,0,0,2,2
32,14.913,-8510.511,-65.320,128.647,-0.624521,-0.780998,-0.003990,0.781008,-0.624510,-0.003807,0.000482,-0.005494,0.999985,0,0.85922,-0.07053,51.553,-0.141,-1,400.000,-1,400.000,950.000,325.000,325.000,300.000,300.000,-1,-1,-1,-1,725.000,750.000,-1,-1,2,0,2,0,1,0,0,0,0,2,2,2,2,0,0,2,2
33,-17.244,-8470.076,-65.316,128.495,-0.622454,-0.782649,-0.003366,0.782656,-0.622441,-0.004156,0.001158,-0.005221,0.999986,0,0.86105,-0.07582,51.663,-0.152,-1,400.000,-1,400.000,975.000,325.000,325.000,300.000,300.000,-1,-1,-1,-1,750.000,750.000,-1,-1,2,0,2,0,1,0,0,0,0,2,2,2,2,0,0,2,2
34,-49.345,-8429.477,-65.305,128.333,-0.620233,-0.784413,-0.002754,0.784416,-0.620219,-0.004476,0.001802,-0.004937,0.999986,0,0.86261,-0.08127,51.757,-0.163,-1,400.000,-1,400.000,1000.000,325.000,325.000,300.000,300.000,-1,-1,-1,-1,750.000,750.000,-1,-1,2,0,2,0,1,0,0,0,0,2,2,2,2,0,0,2,2
35,-81.370,-8388.720,-65.213,128.159,-0.617852,-0.786291,-0.002337,0.786291,-0.617838,-0.004624,0.002192,-0.004694,0.999987,0,0.86389,-0.08687,51.833,-0.174,-1,400.000,-1,400.000,-1,325.000,325.000,300.000,300.000,-1,-1,-1,-1,750.000,750.000,-1,-1,2,0,2,0,2,0,0,0,0,2,2,2,2,0,0,2,2
36,-113.300,-8347.814,-65.091,127.974,-0.615307,-0.788285,-0.002082,0.788284,-0.615293,-0.004775,0.002483,-0.004580,0.999986,0,0.86487,-0.09263,51.892,-0.185,-1,400.000,-1,400.000,-1,325.000,325.000,300.000,300.000,-1,-1,-1,-1,750.000,750.000,-1,-1,2,0,2,0,2,0,0,0,0,2,2,2,2,0,0,2,2
37,-145.112,-8306.767,-64.971,127.777,-0.612592,-0.790397,-0.001840,0.790394,-0.612579,-0.004930,0.002770,-0.004474,0.999986,0,0.86553,-0.09853,51.932,-0.197,-1,400.000,-1,400.000,-1,325.000,325.000,300.000,300.000,-1,-1,-1,-1,750.000,750.000,-1,-1,2,0,2,0,2,0,0,0,0,2,2,2,2,0,0,2,2
38,-176.787,-8265.587,-64.835,127.567,-0.609703,-0.792628,-0.001518,0.792624,-0.609690,-0.005090,0.003109,-0.004307,0.999986,0,0.86587,-0.10458,51.952,-0.209,-1,400.000,-1,400.000,-1,325.000,325.000,300.000,300.000,-1,-1,-1,-1,750.000,750.000,-1,-1,2,0,2,0,2,0,0,0,0,2,2,2,2,0,0,2,2
39,-208.303,-8224.285,-64.690,127.346,-0.606634,-0.794980,-0.001156,0.794973,-0.606621,-0.005255,0.003476,-0.004107,0.999986,0,0.86588,-0.11075,51.953,-0.222,-1,400.000,-1,400.000,-1,325.000,325.000,300.000,300.000,-1,-1,-1,-1,750.000,750.000,-1,-1,2,0,2,0,2,0,0,0,0,2,2,2,2,0,0,2,2
40,-239.638,-8182.872,-64.548,127.112,-0.603381,-0.797453,-0.000811,0.797444,-0.603369,-0.005424,0.003836,-0.003920,0.999985,0,0.86554,-0.11705,51.932,-0.234,-1,400.000,-1,400.000,-1,325.000,325.000,300.000,300.000,-1,-1,-1,-1,750.000,750.000,-1,-1,2,0,2,0,2,0,0,0,0,2,2,2,2,0,0,2,2
41,-270.769,-8141.356,-64.407,126.865,-0.599938,-0.800046,-0.000483,0.800035,-0.599927,-0.005598,0.004188,-0.003745,0.999984,0,0.86485,-0.12346,51.891,-0.247,-1,400.000,-1,400.000,-1,325.000,325.000,300.000,300.000,-1,-1,-1,-1,750.000,750.000,-1,-1,2,0,2,0,2,0,0,0,0,2,2,2,2,0,0,2,2
42,-301.673,-8099.751,-64.269,126.605,-0.596302,-0.802760,-0.000173,0.802747,-0.596291,-0.005776,0.004534,-0.003583,0.999983,0,0.86380,-0.12996,51.828,-0.260,-1,400.000,-1,400.000,-1,325.000,325.000,300.000,300.000,-1,-1,-1,-1,750.000,750.000,-1,-1,2,0,2,0,2,0,0,0,0,2,2,2,2,0,0,2,2
43,-332.329,-8058.066,-64.041,126.332,-0.592468,-0.805594,0.000108,0.805581,-0.592459,-0.005606,0.004580,-0.003235,0.999984,0,0.86239,-0.13654,51.743,-0.273,-1,400.000,-1,400.000,-1,325.000,325.000,300.000,300.000,-1,-1,-1,-1,750.000,750.000,-1,-1,2,0,2,0,2,0,0,0,0,2,2,2,2,0,0,2,2
44,-362.715,-8016.315,-63.766,126.046,-0.588434,-0.808545,0.000276,0.808531,-0.588426,-0.005638,0.004721,-0.003095,0.999984,0,0.86063,-0.14318,51.638,-0.286,-1,400.000,-1,400.000,-1,325.000,325.000,300.000,300.000,-1,-1,-1,-1,750.000,750.000,-1,-1,2,0,2,0,2,0,0,0,0,2,2,2,2,0,0,2,2
45,-391.246,-7976.901,-63.512,125.900,-0.586383,-0.810034,0.000417,0.810020,-0.586375,-0.005676,0.004843,-0.002990,0.999984,0,0.81094,-0.07261,48.657,-0.145,-1,400.000,-1,400.000,-1,325.000,325.000,300.000,300.000,-1,-1,-1,-1,750.000,750.000,-1,-1,2,0,2,0,2,0,0,0,0,2,2,2,2,0,0,2,2
46,-419.577,-7937.534,-63.241,125.742,-0.584141,-0.811652,0.000515,0.811636,-0.584134,-0.005824,0.005027,-0.002984,0.999983,0,0.80836,-0.07918,48.502,-0.158,-1,400.000,-1,400.000,-1,325.000,325.000,300.000,300.000,-1,-1,-1,-1,750.000,750.000,-1,-1,2,0,2,0,2,0,0,0,0,2,2,2,2,0,0,2,2
47,-447.694,-7898.226,-62.926,125.576,-0.581782,-0.813345,0.000533,0.813327,-0.581773,-0.006199,0.005352,-0.003173,0.999981,0,0.80548,-0.08322,48.329,-0.166,-1,400.000,-1,400.000,-1,325.000,325.000,300.000,300.000,-1,-1,-1,-1,750.000,750.000,-1,-1,2,0,2,0,2,0,0,0,0,2,2,2,2,0,0,2,2
48,-475.582,-7858.990,-62.620,125.404,-0.579349,-0.815080,0.000539,0.815060,-0.579339,-0.006561,0.005661,-0.003362,0.999978,0,0.80230,-0.08563,48.138,-0.171,-1,400.000,-1,400.000,-1,325.000,325.000,300.000,300.000,-1,-1,-1,-1,750.000,750.000,-1,-1,2,0,2,0,2,0,0,0,1,2,2,2,2,0,0,2,2
49,-503.230,-7819.838,-62.324,125.229,-0.576849,-0.816851,0.000534,0.816829,-0.576838,-0.006910,0.005953,-0.003550,0.999976,0,0.79883,-0.08778,47.930,-0.176,-1,400.000,-1,400.000,-1,325.000,325.000,300.000,275.000,-1,-1,-1,-1,750.000,750.000,-1,-1,2,0,2,0,2,0,0,0,1,2,2,2,2,0,0,2,2
50,-530.627,-7780.782,-62.036,125.049,-0.574290,-0.818652,0.000518,0.818628,-0.574278,-0.007241,0.006226,-0.003734,0.999974,0,0.79511,-0.08967,47.707,-0.179,-1,400.000,-1,400.000,-1,325.000,325.000,300.000,275.000,-1,-1,-1,-1,775.000,750.000,-1,-1,2,0,2,0,2,0,0,0,1,2,2,2,2,0,0,2,2
51,-557.765,-7741.834,-61.733,124.867,-0.571679,-0.820477,0.000528,0.820453,-0.571666,-0.007435,0.006402,-0.003817,0.999972,0,0.79117,-0.09130,47.470,-0.183,-1,400.000,-1,400.000,-1,325.000,325.000,300.000,275.000,-1,-1,-1,-1,775.000,750.000,-1,-1,2,0,2,0,2,0,0,0,1,2,2,2,2,0,0,2,2
52,-584.635,-7703.001,-61.436,124.681,-0.569022,-0.822322,0.000540,0.822296,-0.569009,-0.007620,0.006573,-0.003892,0.999971,0,0.78705,-0.09266,47.223,-0.185,-1,400.000,-1,400.000,-1,325.000,325.000,300.000,275.000,-1,-1,-1,-1,775.000,750.000,-1,-1,2,0,2,0,2,0,0,0,1,2,2,2,2,0,0,2,2
53,-611.233,-7664.292,-61.143,124.494,-0.566329,-0.824179,0.000570,0.824152,-0.566315,-0.007799,0.006750,-0.003947,0.999969,0,0.78276,-0.09375,46.966,-0.187,-1,400.000,-1,400.000,-1,325.000,325.000,300.000,275.000,-1,-1,-1,-1,775.000,750.000,-1,-1,2,0,2,0,2,0,0,0,1,2,2,2,2,0,0,2,2
54,-637.554,-7625.714,-60.823,124.305,-0.563604,-0.826044,0.000785,0.826015,-0.563592,-0.007984,0.007038,-0.003852,0.999968,0,0.77837,-0.09457,46.702,-0.189,-1,400.000,-1,400.000,-1,325.000,325.000,300.000,275.000,-1,-1,-1,-1,775.000,750.000,-1,-1,2,0,2,0,2,0,0,0,1,2,2,2,2,0,0,2,2
55,-663.597,-7587.270,-60.508,124.115,-0.560858,-0.827911,0.001008,0.827880,-0.560846,-0.008164,0.007324,-0.003744,0.999966,0,0.77390,-0.09512,46.434,-0.190,-1,400.000,-1,400.000,-1,325.000,325.000,300.000,275.000,-1,-1,-1,-1,775.000,750.000,-1,-1,2,0,2,0,2,0,0,0,1,2,2,2,2,0,0,2,2
56,-689.360,-7548.965,-60.206,123.924,-0.558097,-0.829775,0.001201,0.829741,-0.558086,-0.008335,0.007586,-0.003655,0.999965,0,0.76940,-0.09541,46.164,-0.191,-1,400.000,-1,400.000,-1,325.000,325.000,300.000,275.000,-1,-1,-1,-1,775.000,750.000,-1,-1,2,0,2,0,2,0,0,0,1,2,2,2,2,0,0,2,2
57,-714.846,-7510.797,-59.908,123.733,-0.555329,-0.831630,0.001327,0.831594,-0.555319,-0.008494,0.007801,-0.003613,0.999963,0,0.76490,-0.09543,45.894,-0.191,-1,400.000,-1,400.000,-1,325.000,325.000,300.000,300.000,-1,-1,-1,-1,775.000,750.000,-1,-1,2,0,2,0,2,0,0,0,1,2,2,2,2,0,0,2,2
58,-740.058,-7472.768,-59.592,123.543,-0.552563,-0.833470,0.001284,0.833434,-0.552552,-0.008632,0.007904,-0.003700,0.999962,0,0.76045,-0.09520,45.627,-0.190,-1,400.000,-1,400.000,-1,325.000,325.000,300.000,300.000,-1,-1,-1,-1,775.000,750.000,-1,-1,2,0,2,0,2,0,0,0,1,2,2,2,2,0,0,2,2
59,-765.000,-7434.875,-59.290,123.353,-0.549805,-0.835292,0.001225,0.835255,-0.549793,-0.008761,0.007992,-0.003794,0.999961,0,0.75609,-0.09472,45.365,-0.189,-1,400.000,-1,400.000,-1,325.000,325.000,300.000,300.000,-1,-1,-1,-1,800.000,750.000,-1,-1,2,0,2,0,2,0,0,0,0,2,2,2,2,0,0,2,2
60,-789.677,-7397.113,-58.979,123.165,-0.547062,-0.837091,0.001038,0.837054,-0.547049,-0.008871,0.007994,-0.003984,0.999960,0,0.75183,-0.09400,45.110,-0.188,-1,400.000,-1,400.000,-1,325.000,325.000,300.000,300.000,-1,-1,-1,-1,800.000,750.000,-1,-1,2,0,2,0,2,0,0,0,0,2,2,2,2,0,0,2,2
61,-814.098,-7359.478,-58.635,122.979,-0.544344,-0.838862,0.000621,0.838826,-0.544327,-0.008951,0.007846,-0.004352,0.999960,0,0.74773,-0.09303,44.864,-0.186,-1,400.000,-1,400.000,-1,325.000,325.000,300.000,300.000,-1,-1,-1,-1,800.000,750.000,-1,-1,2,0,2,0,2,0,0,0,0,2,2,2,2,0,0,2,2
62,-838.270,-7321.964,-58.307,122.795,-0.541654,-0.840601,0.000200,0.840566,-0.541634,-0.009021,0.007691,-0.004718,0.999959,0,0.74379,-0.09184,44.628,-0.184,-1,400.000,-1,400.000,-1,325.000,325.000,300.000,300.000,-1,-1,-1,-1,800.000,750.000,-1,-1,2,0,2,0,2,0,0,0,0,2,2,2,2,0,0,2,2
63,-862.203,-7284.562,-57.982,122.615,-0.539001,-0.842305,-0.000243,0.842271,-0.538977,-0.009133,0.007562,-0.005127,0.999958,0,0.74006,-0.09042,44.404,-0.181,-1,400.000,-1,400.000,-1,325.000,325.000,300.000,300.000,-1,-1,-1,-1,800.000,750.000,-1,-1,2,0,2,0,2,0,0,0,0,2,2,2,2,0,0,2,2
64,-885.907,-7247.264,-57.635,122.437,-0.536392,-0.843969,-0.000748,0.843935,-0.536362,-0.009406,0.007537,-0.005676,0.999955,0,0.73655,-0.08878,44.193,-0.178,-1,400.000,-1,400.000,-1,325.000,325.000,300.000,300.000,-1,-1,-1,-1,800.000,750.000,-1,-1,2,0,2,0,2,0,0,0,0,2,2,2,2,0,0,2,2
65,-909.392,-7210.061,-57.304,122.263,-0.533832,-0.845590,-0.001255,0.845557,-0.533797,-0.009662,0.007500,-0.006219,0.999953,0,0.73327,-0.08694,43.996,-0.174,-1,400.000,-1,400.000,-1,325.000,325.000,300.000,300.000,-1,-1,-1,-1,800.000,750.000,-1,-1,2,0,2,0,2,0,0,0,0,2,2,2,2,0,0,2,2
66,-932.671,-7172.942,-56.987,122.093,-0.531327,-0.847165,-0.001760,0.847134,-0.531287,-0.009888,0.007442,-0.006745,0.999950,0,0.73024,-0.08490,43.814,-0.170,-1,400.000,-1,400.000,-1,325.000,325.000,300.000,300.000,-1,-1,-1,-1,800.000,775.000,-1,-1,2,0,2,0,2,0,0,0,0,2,2,2,2,0,0,2,2
67,-955.754,-7135.897,-56.680,121.928,-0.528883,-0.848692,-0.002258,0.848663,-0.528838,-0.010072,0.007354,-0.007244,0.999947,0,0.72747,-0.08266,43.648,-0.165,-1,400.000,-1,400.000,-1,325.000,325.000,300.000,300.000,-1,-1,-1,-1,800.000,775.000,-1,-1,2,0,2,0,2,0,0,0,0,2,2,2,2,0,0,2,2
68,-976.342,-7102.953,-56.391,122.003,-0.529990,-0.848000,-0.002647,0.847974,-0.529943,-0.010081,0.007146,-0.007587,0.999946,0,0.64747,0.03734,38.848,0.075,-1,400.000,-1,400.000,-1,325.000,325.000,300.000,300.000,-1,-1,-1,-1,800.000,775.000,-1,-1,2,0,2,0,2,0,0,0,0,2,2,2,2,0,0,2,2
69,-994.544,-7074.179,-56.144,122.317,-0.534641,-0.845074,-0.002970,0.845051,-0.534591,-0.010053,0.006908,-0.007884,0.999945,0,0.56747,0.15734,34.048,0.315,-1,400.000,-1,400.000,-1,325.000,325.000,300.000,300.000,-1,-1,-1,-1,800.000,775.000,-1,-1,2,0,2,0,2,0,0,0,0,2,2,2,2,0,0,2,2
70,-1010.419,-7049.614,-55.944,122.872,-0.542797,-0.839858,-0.003238,0.839837,-0.542745,-0.010030,0.006667,-0.008163,0.999944,0,0.48747,0.27734,29.248,0.555,-1,400.000,-1,400.000,-1,325.000,325.000,300.000,300.000,-1,-1,-1,-1,800.000,775.000,-1,-1,2,0,2,0,2,0,0,0,0,2,2,2,2,0,0,2,2
71,-1023.964,-7029.261,-55.794,123.643,-0.554048,-0.832478,-0.003439,0.832460,-0.553995,-0.009980,0.006403,-0.008393,0.999944,0,0.40747,0.38544,24.448,0.771,-1,400.000,-1,400.000,-1,325.000,325.000,300.000,300.000,-1,-1,-1,-1,800.000,775.000,-1,-1,2,0,2,0,2,0,0,0,0,2,2,2,2,0,0,2,2
72,-1035.069,-7013.052,-55.682,124.417,-0.565249,-0.824912,-0.003591,0.824897,-0.565196,-0.009929,0.006161,-0.008574,0.999944,0,0.32747,0.38725,19.648,0.774,-1,400.000,-1,400.000,-1,325.000,325.000,300.000,300.000,-1,-1,-1,900.000,800.000,775.000,-1,-1,2,0,2,0,2,0,0,0,0,2,2,2,1,0,0,2,2
73,-1043.627,-7000.919,-55.603,125.195,-0.576392,-0.817165,-0.003695,0.817152,-0.576337,-0.009884,0.005948,-0.008717,0.999944,0,0.24747,0.38878,14.848,0.778,-1,400.000,-1,400.000,-1,325.000,325.000,300.000,300.000,-1,-1,-1,825.000,800.000,775.000,-1,-1,2,0,2,0,2,0,0,0,0,2,2,2,1,0,0,2,2
74,-1049.530,-6992.787,-55.554,125.975,-0.587461,-0.809243,-0.003754,0.809232,-0.587407,-0.009850,0.005766,-0.008824,0.999944,0,0.16747,0.38998,10.048,0.780,-1,400.000,-1,400.000,-1,325.000,325.000,300.000,300.000,-1,-1,-1,800.000,800.000,775.000,-1,-1,2,0,2,0,2,0,0,0,0,2,2,2,1,0,0,2,2
75,-1052.670,-6988.582,-55.531,126.757,-0.598446,-0.801154,-0.003768,0.801143,-0.598392,-0.009829,0.005620,-0.008901,0.999945,0,0.08747,0.39083,5.248,0.782,-1,400.000,-1,400.000,-1,325.000,325.000,300.000,300.000,-1,-1,-1,775.000,800.000,775.000,-1,-1,2,0,2,0,2,0,0,0,0,2,2,2,1,0,0,2,2
76,-1052.943,-6988.227,-55.534,127.539,-0.609332,-0.792906,-0.003741,0.792896,-0.609278,-0.009825,0.005511,-0.008952,0.999945,0,0.00747,0.39128,0.448,0.783,-1,400.000,-1,400.000,-1,325.000,325.000,300.000,300.000,-1,-1,-1,750.000,800.000,775.000,-1,-1,2,0,2,0,2,0,0,0,0,2,2,2,1,0,0,2,2
77,-1056.180,-6984.096,-55.512,128.082,-0.616813,-0.787101,-0.003764,0.787091,-0.616759,-0.009801,0.005393,-0.009008,0.999945,0,0.08747,0.27128,5.248,0.543,-1,400.000,-1,400.000,-1,325.000,325.000,300.000,300.000,-1,-1,-1,725.000,800.000,775.000,-1,-1,2,0,2,0,2,0,0,0,0,2,2,2,1,0,0,2,2
78,-1062.419,-6976.219,-55.466,128.384,-0.620961,-0.783832,-0.003837,0.783824,-0.620906,-0.009759,0.005267,-0.009067,0.999945,0,0.16747,0.15128,10.048,0.303,-1,400.000,-1,400.000,-1,325.000,325.000,300.000,300.000,-1,-1,-1,725.000,800.000,775.000,-1,-1,2,0,2,0,2,0,0,0,0,2,2,2,1,0,0,2,2
79,-1071.652,-6964.591,-55.393,128.447,-0.621816,-0.783154,-0.003936,0.783147,-0.621762,-0.009696,0.005147,-0.009112,0.999945,0,0.24747,0.03128,14.848,0.063,-1,400.000,-1,400.000,-1,325.000,325.000,300.000,300.000,-1,-1,-1,725.000,800.000,775.000,-1,-1,2,0,2,0,2,0,0,0,0,2,2,2,1,0,0,2,2
80,-1083.821,-6949.165,-55.296,128.269,-0.619387,-0.785075,-0.004069,0.785069,-0.619333,-0.009615,0.005029,-0.009150,0.999945,0,0.32747,-0.08872,19.648,-0.177,-1,400.000,-1,400.000,-1,325.000,325.000,300.000,300.000,-1,-1,-1,725.000,800.000,775.000,-1,-1,2,0,2,0,2,0,0,0,0,2,2,2,1,0,0,2,2
81,-1098.823,-6929.860,-55.178,127.852,-0.613651,-0.789566,-0.004245,0.789562,-0.613597,-0.009516,0.004909,-0.009191,0.999946,0,0.40747,-0.20872,24.448,-0.417,-1,400.000,-1,400.000,-1,325.000,325.000,300.000,300.000,-1,-1,-1,750.000,800.000,775.000,-1,-1,2,0,2,0,2,0,0,0,0,2,2,2,1,0,0,2,2
82,-1116.504,-6906.562,-55.042,127.194,-0.604551,-0.796554,-0.004469,0.796552,-0.604497,-0.009400,0.004786,-0.009243,0.999946,0,0.48747,-0.32872,29.248,-0.657,-1,400.000,-1,400.000,-1,325.000,325.000,300.000,300.000,-1,-1,-1,775.000,800.000,775.000,-1,-1,2,0,2,0,2,0,0,0,0,2,2,2,1,0,0,2,2
83,-1136.719,-6879.164,-54.893,126.421,-0.593747,-0.804638,-0.004744,0.804638,-0.593693,-0.009269,0.004641,-0.009321,0.999946,0,0.56747,-0.38657,34.048,-0.773,-1,400.000,-1,400.000,-1,325.000,325.000,300.000,300.000,-1,-1,-1,775.000,825.000,775.000,-1,-1,2,0,2,0,2,0,0,0,0,2,2,2,1,0,0,2,2
84,-1159.364,-6847.598,-54.736,125.655,-0.582927,-0.812509,-0.005072,0.812512,-0.582873,-0.009119,0.004453,-0.009437,0.999946,0,0.64747,-0.38332,38.848,-0.767,-1,400.000,-1,400.000,-1,325.000,325.000,300.000,300.000,-1,-1,-1,800.000,825.000,775.000,-1,-1,2,0,2,0,2,0,0,0,0,2,2,2,1,0,0,2,2
85,-1184.334,-6811.798,-54.577,124.896,-0.572110,-0.820159,-0.005458,0.820166,-0.572055,-0.008950,0.004218,-0.009597,0.999945,0,0.72747,-0.37958,43.648,-0.759,-1,400.000,-1,400.000,-1,325.000,325.000,300.000,300.000,-1,-1,-1,825.000,825.000,775.000,-1,-1,2,0,2,0,2,0,0,0,0,2,2,2,1,0,0,2,2
86,-1211.527,-6771.702,-54.421,124.145,-0.561315,-0.827581,-0.005906,0.827593,-0.561260,-0.008759,0.003934,-0.009805,0.999944,0,0.80747,-0.37533,48.448,-0.751,-1,400.000,-1,400.000,-1,325.000,325.000,300.000,300.000,-1,-1,-1,850.000,825.000,775.000,-1,-1,2,0,2,0,2,0,0,0,0,2,2,2,1,0,0,2,2
87,-1240.843,-6727.249,-54.242,123.404,-0.550562,-0.834768,-0.006613,0.834787,-0.550507,-0.008527,0.003478,-0.010215,0.999942,0,0.88747,-0.37054,53.248,-0.741,-1,400.000,-1,400.000,-1,325.000,325.000,300.000,300.000,-1,-1,-1,875.000,825.000,775.000,-1,-1,2,0,2,0,2,0,0,0,0,2,2,2,1,0,0,2,2
88,-1271.202,-6679.912,-54.078,122.673,-0.539874,-0.841712,-0.007522,0.841741,-0.539818,-0.008256,0.002889,-0.010789,0.999938,0,0.93727,-0.36518,56.236,-0.730,-1,400.000,-1,400.000,-1,325.000,325.000,300.000,300.000,-1,-1,-1,900.000,825.000,775.000,-1,-1,2,0,2,0,2,0,0,0,0,2,2,2,1,0,0,2,2
89,-1298.598,-6636.379,-53.958,122.183,-0.532647,-0.846296,-0.008362,0.846335,-0.532592,-0.007992,0.002310,-0.011334,0.999933,0,0.85727,-0.24518,51.436,-0.490,-1,400.000,-1,400.000,-1,325.000,325.000,300.000,300.000,-1,-1,-1,925.000,825.000,775.000,-1,-1,2,0,2,0,2,0,0,0,0,2,2,2,1,0,0,2,2
90,-1324.085,-6595.484,-53.869,121.933,-0.528939,-0.848610,-0.009159,0.848658,-0.528885,-0.007742,0.001726,-0.011868,0.999928,0,0.80311,-0.12518,48.186,-0.250,-1,400.000,-1,400.000,-1,325.000,325.000,300.000,300.000,-1,-1,-1,950.000,825.000,775.000,-1,-1,2,0,2,0,2,0,0,0,0,2,2,2,1,0,0,2,2
91,-1349.562,-6554.454,-53.808,121.837,-0.527516,-0.849486,-0.009960,0.849544,-0.527465,-0.007476,0.001097,-0.012405,0.999922,0,0.80495,-0.04782,48.297,-0.096,-1,400.000,-1,400.000,-1,325.000,325.000,300.000,300.000,-1,-1,-1,950.000,825.000,775.000,-1,-1,2,0,2,0,2,0,0,0,0,2,2,2,1,0,0,2,2
92,-1375.697,-6512.222,-53.780,121.751,-0.526239,-0.850269,-0.010758,0.850337,-0.526190,-0.007190,0.000452,-0.012932,0.999916,0,0.82774,-0.04285,49.664,-0.086,-1,400.000,-1,400.000,-1,325.000,325.000,300.000,300.000,-1,-1,-1,975.000,825.000,775.000,-1,-1,2,0,2,0,2,0,0,0,0,2,2,2,1,0,0,2,2
93,-1401.754,-6469.985,-53.786,121.672,-0.525047,-0.850995,-0.011526,0.851073,-0.525002,-0.006883,-0.000194,-0.013423,0.999910,0,0.82713,-0.03989,49.628,-0.080,-1,400.000,-1,400.000,-1,325.000,325.000,300.000,300.000,-1,-1,-1,-1,825.000,800.000,-1,-1,2,0,2,0,2,0,0,0,0,2,2,2,2,0,0,2,2
94,-1427.745,-6427.735,-53.803,121.598,-0.523946,-0.851663,-0.012247,0.851751,-0.523907,-0.006463,-0.000912,-0.013818,0.999904,0,0.82674,-0.03675,49.604,-0.074,-1,400.000,-1,400.000,-1,325.000,325.000,300.000,300.000,-1,-1,-1,-1,825.000,800.000,-1,-1,2,0,2,0,2,0,0,0,0,2,2,2,2,0,0,2,2
95,-1453.681,-6385.464,-53.854,121.531,-0.522942,-0.852269,-0.012964,0.852366,-0.522910,-0.006042,-0.001630,-0.014209,0.999898,0,0.82656,-0.03343,49.594,-0.067,-1,400.000,-1,400.000,-1,325.000,325.000,300.000,300.000,-1,-1,-1,-1,825.000,800.000,-1,-1,2,0,2,0,2,0,0,0,0,2,2,2,2,0,0,2,2
96,-1478.429,-6344.689,-53.933,121.255,-0.518820,-0.854775,-0.013657,0.854881,-0.518794,-0.005635,-0.002268,-0.014598,0.999891,0,0.79497,-0.13805,47.698,-0.276,-1,400.000,-1,400.000,-1,325.000,325.000,300.000,300.000,-1,-1,-1,-1,825.000,800.000,-1,-1,2,0,2,0,2,0,0,0,0,2,2,2,2,0,0,2,2
97,-1503.023,-6303.753,-54.042,120.997,-0.514959,-0.857095,-0.014355,0.857210,-0.514941,-0.005228,-0.002912,-0.014997,0.999883,0,0.79592,-0.12887,47.755,-0.258,-1,400.000,-1,400.000,-1,325.000,325.000,300.000,300.000,-1,-1,-1,-1,825.000,800.000,-1,-1,2,0,2,0,2,0,0,0,0,2,2,2,2,0,0,2,2
98,-1527.487,-6262.647,-54.181,120.759,-0.511373,-0.859227,-0.015053,0.859352,-0.511363,-0.004820,-0.003556,-0.015400,0.999875,0,0.79726,-0.11934,47.835,-0.239,-1,400.000,-1,400.000,-1,325.000,325.000,300.000,300.000,-1,-1,-1,-1,825.000,800.000,-1,-1,2,0,2,0,2,0,0,0,0,2,2,2,2,0,0,2,2
99,-1551.846,-6221.359,-54.350,120.540,-0.508075,-0.861169,-0.015749,0.861303,-0.508073,-0.004412,-0.004202,-0.015806,0.999866,0,0.79897,-0.10945,47.938,-0.219,-1,400.000,-1,400.000,-1,325.000,325.000,300.000,300.000,-1,-1,-1,-1,825.000,800.000,-1,-1,2,0,2,0,2,0,0,0,0,2,2,2,2,0,0,2,2
100,-1576.126,-6179.879,-54.554,120.341,-0.505077,-0.862918,-0.016453,0.863061,-0.505084,-0.004024,-0.004838,-0.016232,0.999857,0,0.80106,-0.09922,48.064,-0.198,-1,400.000,-1,400.000,-1,325.000,325.000,300.000,300.000,-1,-1,-1,-1,825.000,800.000,-1,-1,2,0,2,0,2,0,0,0,0,2,2,2,2,0,0,2,2
101,-1600.352,-6138.194,-54.798,120.164,-0.502392,-0.864470,-0.017175,0.864623,-0.502408,-0.003680,-0.005447,-0.016699,0.999846,0,0.80354,-0.08864,48.213,-0.177,-1,400.000,-1,400.000,-1,325.000,325.000,300.000,300.000,-1,-1,-1,-1,825.000,800.000,-1,-1,2,0,2,0,2,0,0,0,0,2,2,2,2,0,0,2,2
102,-1626.655,-6092.167,-55.095,119.747,-0.496068,-0.868098,-0.017967,0.868262,-0.496094,-0.003302,-0.006047,-0.017238,0.999833,0,0.88354,-0.20864,53.013,-0.417,-1,400.000,-1,400.000,-1,325.000,325.000,300.000,300.000,-1,-1,-1,-1,825.000,800.000,-1,-1,2,0,2,0,2,0,0,0,0,2,2,2,2,0,0,2,2
103,-1653.475,-6043.962,-55.429,119.090,-0.486062,-0.873722,-0.018799,0.873899,-0.486098,-0.002907,-0.006598,-0.017842,0.999819,0,0.91940,-0.32864,55.164,-0.657,-1,400.000,-1,400.000,-1,325.000,325.000,300.000,300.000,-1,-1,-1,-1,825.000,800.000,-1,-1,2,0,2,0,2,0,0,0,0,2,2,2,2,0,0,2,2
104,-1679.665,-5995.101,-55.788,118.192,-0.472305,-0.881217,-0.019638,0.881407,-0.472351,-0.002514,-0.007061,-0.018496,0.999804,0,0.92397,-0.44864,55.438,-0.897,-1,400.000,-1,400.000,-1,325.000,325.000,300.000,300.000,-1,-1,-1,-1,825.000,800.000,-1,-1,2,0,2,0,2,0,0,0,0,2,2,2,2,0,0,2,2
105,-1705.130,-5945.517,-56.210,117.183,-0.456698,-0.889388,-0.020398,0.889589,-0.456757,-0.001942,-0.007589,-0.019032,0.999790,0,0.92900,-0.50444,55.740,-1.009,-1,400.000,-1,400.000,-1,325.000,325.000,300.000,300.000,-1,-1,-1,-1,825.000,800.000,-1,-1,2,0,2,0,2,0,0,0,0,2,2,2,2,0,0,2,2
106,-1729.881,-5895.219,-56.680,116.201,-0.441368,-0.897078,-0.021102,0.897289,-0.441442,-0.001273,-0.008173,-0.019497,0.999777,0,0.93430,-0.49103,56.058,-0.982,-1,400.000,-1,400.000,-1,325.000,325.000,300.000,300.000,-1,-1,-1,-1,825.000,800.000,-1,-1,2,0,2,0,2,0,0,0,0,2,2,2,2,0,0,2,2
107,-1753.930,-5844.220,-57.170,115.246,-0.426338,-0.904301,-0.021801,0.904522,-0.426427,-0.000617,-0.008738,-0.019982,0.999762,0,0.93975,-0.47745,56.385,-0.955,-1,400.000,-1,400.000,-1,325.000,325.000,300.000,300.000,-1,-1,-1,-1,825.000,800.000,-1,-1,2,0,2,0,2,0,0,0,0,2,2,2,2,0,0,2,2
108,-1777.289,-5792.532,-57.682,114.319,-0.411626,-0.911075,-0.022499,0.911305,-0.411731,0.000012,-0.009275,-0.020498,0.999747,0,0.94535,-0.46367,56.721,-0.927,-1,400.000,-1,400.000,-1,325.000,325.000,300.000,300.000,-1,-1,-1,-1,800.000,800.000,-1,-1,2,0,2,0,2,0,0,0,0,2,2,2,2,0,0,2,2
109,-1799.971,-5740.166,-58.237,113.420,-0.397252,-0.917414,-0.023298,0.917657,-0.397374,0.000647,-0.009851,-0.021123,0.999728,0,0.95112,-0.44971,57.067,-0.899,-1,400.000,-1,400.000,-1,325.000,325.000,300.000,300.000,-1,-1,-1,-1,800.000,800.000,-1,-1,2,0,2,0,2,0,0,0,0,2,2,2,2,0,0,2,2
110,-1822.182,-5686.666,-58.839,112.546,-0.383190,-0.923352,-0.024220,0.923610,-0.383332,0.001307,-0.010491,-0.021869,0.999706,0,0.96546,-0.43687,57.927,-0.874,-1,400.000,-1,400.000,-1,325.000,325.000,300.000,300.000,-1,-1,-1,-1,800.000,800.000,-1,-1,2,0,2,0,2,0,0,0,0,2,2,2,2,0,0,2,2
111,-1841.595,-5637.212,-59.397,111.432,-0.365148,-0.930613,-0.025050,0.930886,-0.365306,0.001894,-0.010914,-0.022628,0.999684,0,0.88546,-0.55687,53.127,-1.114,-1,400.000,-1,400.000,-1,325.000,325.000,300.000,300.000,-1,-1,-1,-1,800.000,800.000,-1,-1,2,0,2,0,2,0,0,0,0,2,2,2,2,0,0,2,2
112,-1858.359,-5591.885,-59.905,110.296,-0.346604,-0.937657,-0.025792,0.937944,-0.346777,0.002413,-0.011206,-0.023355,0.999664,0,0.80546,-0.56803,48.327,-1.136,-1,400.000,-1,400.000,-1,325.000,325.000,300.000,300.000,-1,-1,-1,-1,800.000,800.000,-1,-1,2,0,2,0,2,0,0,0,0,2,2,2,2,0,0,2,2
113,-1872.642,-5550.768,-60.360,109.155,-0.327847,-0.944361,-0.026447,0.944662,-0.328032,0.002867,-0.011383,-0.024043,0.999646,0,0.72546,-0.57050,43.527,-1.141,-1,400.000,-1,400.000,-1,325.000,325.000,300.000,300.000,-1,-1,-1,-1,800.000,800.000,-1,-1,2,0,2,0,2,0,0,0,0,2,2,2,2,0,0,2,2
114,-1884.616,-5513.938,-60.760,108.010,-0.308893,-0.950713,-0.027019,0.951028,-0.309088,0.003261,-0.011451,-0.024688,0.999630,0,0.64546,-0.57257,38.727,-1.145,-1,400.000,-1,400.000,-1,325.000,325.000,300.000,300.000,-1,-1,-1,-1,800.000,800.000,-1,-1,2,0,2,0,2,0,0,0,0,2,2,2,2,0,0,2,2
115,-1894.457,-5481.469,-61.102,106.861,-0.289763,-0.956703,-0.027510,0.957030,-0.289966,0.003597,-0.011418,-0.025286,0.999615,0,0.56546,-0.57425,33.927,-1.148,-1,400.000,-1,400.000,-1,325.000,325.000,300.000,300.000,-1,-1,-1,-1,800.000,800.000,-1,-1,2,0,2,0,2,0,0,0,0,2,2,2,2,0,0,2,2
116,-1902.344,-5453.430,-61.388,105.710,-0.270477,-0.962321,-0.027923,0.962660,-0.270685,0.003878,-0.011290,-0.025831,0.999603,0,0.48546,-0.57554,29.127,-1.151,-1,400.000,-1,400.000,-1,325.000,325.000,300.000,300.000,-1,-1,-1,-1,800.000,800.000,-1,1000.000,2,0,2,0,2,0,0,0,0,2,2,2,2,0,0,2,1
117,-1908.459,-5429.883,-61.618,104.558,-0.251054,-0.967560,-0.028259,0.967910,-0.251265,0.004107,-0.011074,-0.026321,0.999592,0,0.40546,-0.57644,24.327,-1.153,-1,400.000,-1,400.000,-1,325.000,325.000,300.000,300.000,-1,-1,-1,-1,800.000,800.000,-1,975.000,2,0,2,0,2,0,0,0,0,2,2,2,2,0,0,2,1
118,-1912.986,-5410.888,-61.794,103.404,-0.231515,-0.972413,-0.028521,0.972772,-0.231726,0.004286,-0.010777,-0.026752,0.999584,0,0.32546,-0.57696,19.527,-1.154,-1,400.000,-1,400.000,-1,325.000,325.000,300.000,300.000,-1,-1,-1,-1,800.000,800.000,-1,975.000,2,0,2,0,2,0,0,0,0,2,2,2,2,0,0,2,1
119,-1916.111,-5396.496,-61.919,102.249,-0.211880,-0.976874,-0.028709,0.977240,-0.212089,0.004419,-0.010405,-0.027120,0.999578,0,0.24546,-0.57711,14.727,-1.154,-1,400.000,-1,400.000,-1,325.000,325.000,300.000,300.000,-1,-1,-1,-1,800.000,800.000,-1,950.000,2,0,2,0,2,0,0,0,0,2,2,2,2,0,0,2,1
120,-1918.021,-5386.754,-61.997,101.096,-0.192167,-0.980939,-0.028827,0.981312,-0.192373,0.004506,-0.009966,-0.027422,0.999574,0,0.16546,-0.57692,9.927,-1.154,-1,400.000,-1,400.000,-1,325.000,325.000,300.000,300.000,-1,-1,-1,-1,800.000,800.000,-1,950.000,2,0,2,0,2,0,0,0,0,2,2,2,2,0,0,2,1
121,-1918.907,-5381.703,-62.031,99.943,-0.172398,-0.984604,-0.028874,0.984982,-0.172597,0.004551,-0.009464,-0.027656,0.999573,0,0.08546,-0.57641,5.127,-1.153,-1,400.000,-1,400.000,-1,325.000,325.000,300.000,300.000,-1,-1,-1,-1,800.000,800.000,-1,950.000,2,0,2,0,2,0,0,0,0,2,2,2,2,0,0,2,1
122,-1918.957,-5381.380,-62.028,98.791,-0.152588,-0.987869,-0.028854,0.988250,-0.152780,0.004555,-0.008908,-0.027820,0.999573,0,0.00546,-0.57561,0.327,-1.151,-1,400.000,-1,400.000,-1,325.000,325.000,300.000,300.000,-1,-1,-1,-1,800.000,800.000,-1,975.000,2,0,2,0,2,0,0,0,0,2,2,2,2,0,0,2,1
123,-1918.362,-5385.812,-61.991,97.642,-0.132755,-0.990731,-0.028766,0.991114,-0.132938,0.004520,-0.008302,-0.027911,0.999576,0,-0.07454,-0.57455,-4.473,-1.149,-1,400.000,-1,400.000,-1,325.000,325.000,300.000,300.000,-1,-1,-1,-1,800.000,800.000,-1,975.000,2,0,2,0,2,0,0,0,0,2,2,2,2,0,0,2,1
124,-1917.313,-5395.025,-61.927,96.496,-0.112915,-0.993193,-0.028614,0.993575,-0.113087,0.004449,-0.007654,-0.027928,0.999581,0,-0.15454,-0.57328,-9.273,-1.147,-1,400.000,-1,400.000,-1,325.000,325.000,300.000,300.000,-1,-1,-1,-1,800.000,800.000,-1,1000.000,2,0,2,0,2,0,0,0,0,2,2,2,2,0,0,2,1
125,-1916.000,-5409.036,-61.841,95.352,-0.093082,-0.995253,-0.028397,0.995634,-0.093241,0.004342,-0.006969,-0.027869,0.999587,0,-0.23454,-0.57183,-14.073,-1.144,-1,400.000,-1,400.000,-1,325.000,325.000,300.000,300.000,-1,-1,-1,-1,800.000,800.000,-1,-1,2,0,2,0,2,0,0,0,0,2,2,2,2,0,0,2,2
126,-1914.614,-5427.858,-61.738,94.212,-0.073267,-0.996916,-0.028117,0.997293,-0.073413,0.004202,-0.006253,-0.027733,0.999596,0,-0.31454,-0.57025,-18.873,-1.141,-1,400.000,-1,400.000,-1,325.000,325.000,300.000,300.000,-1,-1,-1,-1,800.000,775.000,-1,-1,2,0,2,0,2,0,0,0,0,2,2,2,2,0,0,2,2
127,-1913.344,-5451.496,-61.624,93.074,-0.053481,-0.998182,-0.027777,0.998554,-0.053613,0.004031,-0.005513,-0.027522,0.999606,0,-0.39454,-0.56860,-23.673,-1.137,-1,400.000,-1,400.000,-1,325.000,325.000,300.000,300.000,-1,-1,-1,-1,825.000,775.000,-1,-1,2,0,2,0,2,0,0,0,0,2,2,2,2,0,0,2,2
128,-1912.380,-5479.953,-61.504,91.941,-0.033734,-0.999056,-0.027379,0.999420,-0.033851,0.003833,-0.004756,-0.027234,0.999618,0,-0.47454,-0.56692,-28.473,-1.134,-1,400.000,-1,400.000,-1,325.000,325.000,300.000,300.000,-1,-1,-1,-1,825.000,775.000,-1,-1,2,0,2,0,2,0,0,0,0,2,2,2,2,0,0,2,2
129,-1911.961,-5509.527,-61.395,90.810,-0.014030,-0.999538,-0.026974,0.999894,-0.014133,0.003633,-0.004013,-0.026920,0.999630,0,-0.49297,-0.56526,-29.578,-1.131,-1,400.000,-1,400.000,-1,325.000,325.000,300.000,300.000,-1,-1,-1,-1,825.000,775.000,-1,-1,2,0,2,0,2,0,0,0,0,2,2,2,2,0,0,2,2
130,-1912.126,-5539.323,-61.301,89.683,0.005627,-0.999631,-0.026574,0.999979,0.005538,0.003439,-0.003291,-0.026593,0.999641,0,-0.49661,-0.56375,-29.796,-1.128,-1,400.000,-1,400.000,-1,325.000,325.000,300.000,300.000,-1,-1,-1,-1,800.000,775.000,-1,-1,2,0,2,0,2,0,0,0,0,2,2,2,2,0,0,2,2
131,-1912.882,-5569.334,-61.220,88.558,0.025237,-0.999339,-0.026180,0.999678,0.025161,0.003252,-0.002591,-0.026254,0.999652,0,-0.50033,-0.56243,-30.020,-1.125,-1,400.000,-1,400.000,-1,325.000,325.000,300.000,300.000,-1,-1,-1,-1,800.000,775.000,-1,-1,2,0,2,0,2,0,0,0,0,2,2,2,2,0,0,2,2
132,-1914.235,-5599.551,-61.153,87.435,0.044799,-0.998663,-0.025791,0.998994,0.044734,0.003071,-0.001913,-0.025903,0.999663,0,-0.50414,-0.56127,-30.248,-1.123,-1,400.000,-1,400.000,-1,325.000,325.000,300.000,300.000,-1,-1,-1,-1,800.000,775.000,-1,-1,2,0,2,0,2,0,0,0,0,2,2,2,2,0,0,2,2
133,-1916.194,-5629.969,-61.098,86.315,0.064310,-0.997606,-0.025408,0.997929,0.064257,0.002898,-0.001259,-0.025542,0.999673,0,-0.50801,-0.56030,-30.481,-1.121,-1,400.000,-1,400.000,-1,325.000,325.000,300.000,300.000,-1,-1,-1,-1,800.000,775.000,-1,-1,2,0,2,0,2,0,0,0,0,2,2,2,2,0,0,2,2
134,-1918.767,-5660.578,-61.055,85.196,0.083770,-0.996171,-0.025031,0.996485,0.083728,0.002734,-0.000628,-0.025172,0.999683,0,-0.51195,-0.55949,-30.717,-1.119,-1,400.000,-1,400.000,-1,325.000,325.000,300.000,300.000,-1,-1,-1,-1,800.000,750.000,-1,-1,2,0,2,0,2,0,0,0,0,2,2,2,2,0,0,2,2
135,-1921.961,-5691.370,-61.025,84.078,0.103177,-0.994357,-0.024660,0.994663,0.103145,0.002579,-0.000021,-0.024795,0.999693,0,-0.51595,-0.55886,-30.957,-1.118,-1,400.000,-1,400.000,-1,325.000,325.000,300.000,300.000,-1,-1,-1,-1,800.000,750.000,-1,-1,2,0,2,0,2,0,0,0,0,2,2,2,2,0,0,2,2
136,-1925.784,-5722.335,-61.005,82.961,0.122529,-0.992167,-0.024295,0.992465,0.122507,0.002435,0.000561,-0.024410,0.999702,0,-0.52000,-0.55839,-31.200,-1.117,-1,400.000,-1,400.000,-1,325.000,325.000,300.000,300.000,-1,-1,-1,-1,800.000,750.000,-1,-1,2,0,2,0,2,0,0,0,0,2,2,2,2,0,0,2,2
137,-1930.244,-5753.462,-60.996,81.845,0.141826,-0.989602,-0.023935,0.989891,0.141812,0.002300,0.001118,-0.024020,0.999711,0,-0.52409,-0.55809,-31.445,-1.116,-1,400.000,-1,400.000,-1,325.000,325.000,300.000,300.000,-1,-1,-1,-1,800.000,750.000,-1,-1,2,0,2,0,2,0,0,0,0,2,2,2,2,0,0,2,2
