timestep,x_cm,y_cm,z_cm,yaw_deg,basis_xx,basis_xy,basis_xz,basis_yx,basis_yy,basis_yz,basis_zx,basis_zy,basis_zz,teleport_flag,throttle_cmd,steering_cmd,cmd_move_cm,cmd_turn_deg,lidar_cm_0,lidar_cm_1,lidar_cm_2,lidar_cm_3,lidar_cm_4,lidar_cm_5,lidar_cm_6,lidar_cm_7,lidar_cm_8,lidar_cm_9,lidar_cm_10,lidar_cm_11,lidar_cm_12,lidar_cm_13,lidar_cm_14,lidar_cm_15,lidar_cm_16,lidar_class_0,lidar_class_1,lidar_class_2,lidar_class_3,lidar_class_4,lidar_class_5,lidar_class_6,lidar_class_7,lidar_class_8,lidar_class_9,lidar_class_10,lidar_class_11,lidar_class_12,lidar_class_13,lidar_class_14,lidar_class_15,lidar_class_16
0,-8855.093,6231.350,234.016,154.155,-0.897642,-0.435776,-0.065870,0.436629,-0.899640,0.001588,-0.059951,-0.027335,0.997827,1,0.00000,0.00000,4.800,-0.197,275.000,325.000,-1,325.000,775.000,275.000,275.000,250.000,475.000,575.000,50.000,0.000,-1,575.000,525.000,-1,675.000,1,0,2,0,0,0,0,1,1,1,1,1,2,0,0,2,0
1,4923.933,2953.524,247.780,22.179,0.925580,-0.377156,0.032486,0.374905,0.925164,0.059309,-0.052423,-0.042716,0.997711,1,0.08000,-0.12000,4.800,-0.240,-1,375.000,-1,375.000,-1,325.000,325.000,325.000,325.000,-1,-1,-1,-1,725.000,750.000,-1,-1,2,0,2,0,2,0,0,0,0,2,2,2,2,0,0,2,2
2,4932.853,2957.074,247.272,21.699,0.928713,-0.369385,0.032355,0.367144,0.928272,0.059295,-0.051937,-0.043189,0.997716,0,0.16000,-0.24000,9.600,-0.480,-1,375.000,-1,375.000,-1,325.000,325.000,325.000,325.000,-1,-1,-1,-1,725.000,750.000,-1,-1,2,0,2,0,2,0,0,0,0,2,2,2,2,0,0,2,2
3,4946.298,2962.230,246.521,20.979,0.933290,-0.357680,0.032166,0.355454,0.932813,0.059269,-0.051205,-0.043882,0.997724,0,0.24000,-0.36000,14.400,-0.720,-1,375.000,-1,375.000,-1,325.000,325.000,325.000,325.000,-1,-1,-1,-1,725.000,750.000,-1,-1,2,0,2,0,2,0,0,0,0,2,2,2,2,0,0,2,2
4,4964.338,2968.803,245.537,20.019,0.939162,-0.341988,0.031928,0.339783,0.938637,0.059225,-0.050223,-0.044773,0.997734,0,0.32000,-0.48000,19.200,-0.960,-1,375.000,-1,375.000,-1,325.000,325.000,325.000,325.000,-1,-1,-1,-1,725.000,750.000,-1,-1,2,0,2,0,2,0,0,0,0,2,2,2,2,0,0,2,2
5,4987.055,2976.545,244.334,18.819,0.946129,-0.322240,0.031650,0.320063,0.945548,0.059154,-0.048988,-0.045837,0.997747,0,0.40000,-0.60000,24.000,-1.200,-1,375.000,-1,400.000,-1,325.000,325.000,325.000,325.000,-1,-1,-1,-1,725.000,750.000,-1,-1,2,0,2,0,2,0,0,0,0,2,2,2,2,0,0,2,2
6,5014.508,2985.250,242.929,17.592,0.952822,-0.301906,0.031342,0.299762,0.952185,0.059049,-0.047670,-0.046868,0.997763,0,0.48000,-0.61343,28.800,-1.227,-1,375.000,-1,400.000,-1,325.000,325.000,325.000,325.000,-1,-1,-1,-1,725.000,750.000,-1,-1,2,0,2,0,2,0,0,0,0,2,2,2,2,0,0,2,2
7,5046.746,2994.721,241.334,16.371,0.959050,-0.281535,0.031010,0.279428,0.958358,0.058900,-0.046301,-0.047823,0.997782,0,0.56000,-0.61048,33.600,-1.221,-1,375.000,-1,400.000,-1,325.000,325.000,325.000,325.000,-1,-1,-1,-1,725.000,750.000,-1,-1,2,0,2,0,2,0,0,0,0,2,2,2,2,0,0,2,2
8,5080.818,3003.950,239.704,15.156,0.964815,-0.261134,0.030688,0.259066,0.964073,0.058719,-0.044919,-0.048703,0.997803,0,0.58832,-0.60767,35.299,-1.215,-1,375.000,-1,400.000,-1,325.000,325.000,325.000,325.000,-1,-1,-1,-1,725.000,750.000,-1,-1,2,0,2,0,2,0,0,0,0,2,2,2,2,0,0,2,2
9,5114.307,3012.266,238.152,13.945,0.970125,-0.240694,0.030398,0.238664,0.969337,0.058520,-0.043551,-0.049516,0.997823,0,0.57509,-0.60542,34.505,-1.211,-1,375.000,-1,400.000,-1,325.000,325.000,325.000,325.000,-1,-1,-1,-1,725.000,750.000,-1,-1,2,0,2,0,2,0,0,0,0,2,2,2,2,0,0,2,2
10,5147.179,3019.697,236.678,12.737,0.974989,-0.220199,0.030137,0.218209,0.974159,0.058305,-0.042197,-0.050270,0.997844,0,0.56169,-0.60392,33.701,-1.208,-1,375.000,-1,400.000,-1,325.000,325.000,325.000,325.000,-1,-1,-1,-1,725.000,775.000,-1,-1,2,0,2,0,2,0,0,0,0,2,2,2,2,0,0,2,2
11,5179.410,3026.273,235.278,11.531,0.979414,-0.199635,0.029905,0.197684,0.978544,0.058076,-0.040857,-0.050969,0.997864,0,0.54825,-0.60314,32.895,-1.206,-1,375.000,-1,400.000,-1,325.000,325.000,325.000,325.000,-1,-1,-1,-1,725.000,775.000,-1,-1,2,0,2,0,2,0,0,0,0,2,2,2,2,0,0,2,2
12,5210.986,3032.026,233.959,10.325,0.983402,-0.178987,0.029716,0.177074,0.982495,0.057870,-0.039554,-0.051647,0.997882,0,0.53491,-0.60304,32.095,-1.206,-1,375.000,-1,400.000,-1,325.000,325.000,325.000,325.000,-1,-1,-1,-1,725.000,775.000,-1,-1,2,0,2,0,2,0,0,0,0,2,2,2,2,0,0,2,2
13,5241.897,3036.987,232.722,9.118,0.986959,-0.158243,0.029514,0.156366,0.986013,0.057696,-0.038231,-0.052329,0.997898,0,0.52178,-0.60358,31.307,-1.207,-1,375.000,-1,400.000,-1,325.000,325.000,300.000,325.000,-1,-1,-1,-1,725.000,775.000,-1,-1,2,0,2,0,2,0,0,0,0,2,2,2,2,0,0,2,2
14,5272.145,3041.189,231.551,7.908,0.990082,-0.137392,0.029336,0.135551,0.989100,0.057513,-0.036918,-0.052967,0.997914,0,0.50896,-0.60472,30.538,-1.209,-1,375.000,-1,400.000,-1,325.000,325.000,300.000,325.000,-1,-1,-1,-1,725.000,775.000,-1,-1,2,0,2,0,2,0,0,0,0,2,2,2,2,0,0,2,2
15,5301.734,3044.662,230.482,6.695,0.992769,-0.116423,0.029254,0.114621,0.991763,0.057168,-0.035669,-0.053402,0.997936,0,0.49654,-0.60641,29.792,-1.213,-1,375.000,-1,400.000,-1,325.000,325.000,300.000,325.000,-1,-1,-1,-1,725.000,775.000,-1,-1,2,0,2,0,2,0,0,0,0,2,2,2,2,0,0,2,2
16,5330.677,3047.438,229.487,5.478,0.995019,-0.095327,0.029164,0.093565,0.993994,0.056754,-0.034399,-0.053742,0.997962,0,0.48458,-0.60861,29.075,-1.217,-1,375.000,-1,400.000,-1,325.000,325.000,300.000,325.000,-1,-1,-1,-1,725.000,775.000,-1,-1,2,0,2,0,2,0,0,0,0,2,2,2,2,0,0,2,2
17,5358.988,3049.545,228.548,4.255,0.996827,-0.074095,0.029091,0.072374,0.995786,0.056331,-0.033142,-0.054047,0.997988,0,0.47315,-0.61130,28.389,-1.223,-1,375.000,-1,400.000,-1,325.000,325.000,300.000,325.000,-1,-1,-1,-1,725.000,775.000,-1,-1,2,0,2,0,2,0,0,0,0,2,2,2,2,0,0,2,2
18,5386.686,3051.009,227.663,3.027,0.998187,-0.052722,0.029035,0.051040,0.997131,0.055902,-0.031899,-0.054318,0.998014,0,0.46229,-0.61442,27.737,-1.229,-1,375.000,-1,400.000,-1,325.000,325.000,300.000,325.000,-1,-1,-1,-1,725.000,775.000,-1,-1,2,0,2,0,2,0,0,0,0,2,2,2,2,0,0,2,2
19,5413.795,3051.857,226.829,1.791,0.999093,-0.031202,0.028993,0.029559,0.998023,0.055467,-0.030666,-0.054560,0.998039,0,0.45203,-0.61795,27.122,-1.236,-1,375.000,-1,400.000,-1,325.000,325.000,300.000,325.000,-1,-1,-1,-1,725.000,775.000,-1,-1,2,0,2,0,2,0,0,0,0,2,2,2,2,0,0,2,2
20,5440.339,3052.110,226.044,0.547,0.999535,-0.009533,0.028964,0.007928,0.998453,0.055030,-0.029444,-0.054774,0.998065,0,0.44240,-0.62186,26.544,-1.244,-1,375.000,-1,400.000,-1,325.000,325.000,300.000,325.000,-1,-1,-1,-1,725.000,775.000,-1,-1,2,0,2,0,2,0,0,0,0,2,2,2,2,0,0,2,2
21,5466.343,3051.790,225.304,-0.705,0.999505,0.012289,0.028948,-0.013857,0.998413,0.054589,-0.028231,-0.054964,0.998089,0,0.43342,-0.62611,26.005,-1.252,-1,375.000,-1,400.000,-1,325.000,325.000,300.000,325.000,-1,-1,-1,-1,725.000,775.000,-1,-1,2,0,2,0,2,0,0,0,0,2,2,2,2,0,0,2,2
22,5491.834,3050.915,224.607,-1.967,0.998994,0.034264,0.028943,-0.035795,0.997891,0.054148,-0.027027,-0.055130,0.998113,0,0.42510,-0.63068,25.506,-1.261,-1,375.000,-1,400.000,-1,325.000,325.000,300.000,325.000,-1,-1,-1,-1,725.000,775.000,-1,-1,2,0,2,0,2,0,0,0,0,2,2,2,2,0,0,2,2
23,5516.841,3049.500,223.951,-3.238,0.997989,0.056392,0.028949,-0.057887,0.996878,0.053706,-0.025830,-0.055274,0.998137,0,0.41744,-0.63555,25.046,-1.271,-1,375.000,-1,400.000,-1,325.000,325.000,300.000,325.000,-1,-1,-1,-1,725.000,775.000,-1,-1,2,0,2,0,2,0,0,0,0,2,2,2,2,0,0,2,2
24,5541.391,3047.560,223.333,-4.519,0.996480,0.078670,0.028966,-0.080130,0.995360,0.053264,-0.024641,-0.055398,0.998160,0,0.41043,-0.64070,24.626,-1.281,-1,375.000,-1,400.000,-1,325.000,325.000,300.000,325.000,-1,-1,-1,-1,725.000,775.000,-1,-1,2,0,2,0,2,0,0,0,0,2,2,2,2,0,0,2,2
25,5565.512,3045.105,222.753,-5.811,0.994454,0.101096,0.028991,-0.102522,0.993327,0.052824,-0.023458,-0.055503,0.998183,0,0.40409,-0.64611,24.245,-1.292,-1,375.000,-1,400.000,-1,325.000,325.000,300.000,325.000,-1,-1,-1,-1,725.000,775.000,-1,-1,2,0,2,0,2,0,0,0,0,2,2,2,2,0,0,2,2
26,5589.231,3042.144,222.207,-7.115,0.991899,0.123666,0.029026,-0.125058,0.990766,0.052384,-0.022280,-0.055590,0.998205,0,0.39839,-0.65176,23.903,-1.304,-1,375.000,-1,400.000,-1,325.000,325.000,300.000,325.000,-1,-1,-1,-1,725.000,775.000,-1,-1,2,0,2,0,2,0,0,0,0,2,2,2,2,0,0,2,2
27,5612.577,3038.684,221.694,-8.430,0.988802,0.146375,0.029070,-0.147734,0.987662,0.051946,-0.021108,-0.055659,0.998227,0,0.39333,-0.65764,23.600,-1.315,-1,375.000,-1,400.000,-1,325.000,325.000,300.000,325.000,-1,-1,-1,-1,725.000,775.000,-1,-1,2,0,2,0,2,0,0,0,0,2,2,2,2,0,0,2,2
28,5640.587,3033.994,221.103,-9.505,0.985884,0.164885,0.029093,-0.166212,0.984750,0.051398,-0.020175,-0.055508,0.998254,0,0.47333,-0.53764,28.400,-1.075,-1,375.000,-1,400.000,-1,325.000,325.000,300.000,325.000,-1,-1,-1,-1,725.000,775.000,-1,-1,2,0,2,0,2,0,0,0,0,2,2,2,2,0,0,2,2
29,5673.248,3028.034,220.433,-10.341,0.983377,0.179227,0.029096,-0.180525,0.982261,0.050744,-0.019485,-0.055153,0.998288,0,0.55333,-0.41764,33.200,-0.835,-1,375.000,-1,400.000,-1,325.000,325.000,300.000,300.000,-1,-1,-1,-1,725.000,775.000,-1,-1,2,0,2,0,2,0,0,0,0,2,2,2,2,0,0,2,2
30,5710.558,3020.824,219.681,-10.936,0.981464,0.189428,0.029077,-0.190699,0.980375,0.049991,-0.019037,-0.054609,0.998326,0,0.63333,-0.29764,38.000,-0.595,-1,375.000,-1,400.000,-1,325.000,325.000,300.000,300.000,-1,-1,-1,-1,725.000,775.000,-1,-1,2,0,2,0,2,0,0,0,0,2,2,2,2,0,0,2,2
31,5752.523,3012.408,218.839,-11.339,0.980107,0.196335,0.029043,-0.197581,0.979054,0.049148,-0.018785,-0.053908,0.998369,0,0.71333,-0.20176,42.800,-0.404,-1,375.000,-1,400.000,-1,325.000,325.000,300.000,300.000,-1,-1,-1,-1,725.000,775.000,-1,-1,2,0,2,0,2,0,0,0,0,2,2,2,2,0,0,2,2
32,5799.124,3002.706,217.908,-11.760,0.978640,0.203522,0.029009,-0.204741,0.977627,0.048230,-0.018545,-0.053139,0.998415,0,0.79333,-0.21022,47.600,-0.420,-1,375.000,-1,400.000,-1,325.000,325.000,300.000,300.000,-1,-1,-1,-1,725.000,775.000,-1,-1,2,0,2,0,2,0,0,0,0,2,2,2,2,0,0,2,2
33,5846.362,2992.493,216.978,-12.199,0.977051,0.211022,0.029007,-0.212215,0.976079,0.047278,-0.018337,-0.052348,0.998461,0,0.80549,-0.21967,48.329,-0.439,-1,375.000,-1,400.000,-1,325.000,325.000,300.000,300.000,-1,-1,-1,-1,725.000,775.000,-1,-1,2,0,2,0,2,0,0,0,0,2,2,2,2,0,0,2,2
34,5893.484,2981.909,216.157,-12.658,0.975338,0.218842,0.028721,-0.219989,0.974418,0.045976,-0.017924,-0.051161,0.998530,0,0.80494,-0.22932,48.296,-0.459,-1,375.000,-1,400.000,-1,325.000,325.000,300.000,300.000,-1,-1,-1,-1,725.000,775.000,-1,-1,2,0,2,0,2,0,0,0,0,2,2,2,2,0,0,2,2
35,5940.513,2970.933,215.364,-13.136,0.973488,0.226977,0.028342,-0.228074,0.972620,0.044636,-0.017435,-0.049917,0.998601,0,0.80488,-0.23898,48.293,-0.478,-1,375.000,-1,400.000,-1,325.000,325.000,300.000,300.000,-1,-1,-1,-1,700.000,775.000,-1,-1,2,0,2,0,2,0,0,0,0,2,2,2,2,0,0,2,2
36,5990.472,2958.830,214.588,-13.618,0.971554,0.235162,0.027939,-0.236213,0.970727,0.043497,-0.016893,-0.048860,0.998663,0,0.85672,-0.24097,51.403,-0.482,-1,375.000,-1,400.000,-1,325.000,325.000,300.000,300.000,-1,-1,-1,-1,700.000,775.000,-1,-1,2,0,2,0,2,0,0,0,0,2,2,2,2,0,0,2,2
37,6035.623,2947.287,213.961,-14.340,0.968529,0.247382,0.027466,-0.248388,0.967715,0.042788,-0.015995,-0.048264,0.998707,0,0.77672,-0.36097,46.603,-0.722,-1,375.000,-1,400.000,-1,325.000,325.000,300.000,300.000,-1,-1,-1,-1,700.000,775.000,-1,-1,2,0,2,0,2,0,0,0,0,2,2,2,2,0,0,2,2
38,6076.562,2936.086,213.406,-15.302,0.964253,0.263599,0.027066,-0.264562,0.963446,0.042176,-0.014959,-0.047829,0.998744,0,0.70739,-0.48097,42.444,-0.962,-1,375.000,-1,400.000,-1,325.000,325.000,300.000,300.000,-1,-1,-1,-1,700.000,750.000,-1,-1,2,0,2,0,2,0,0,0,0,2,2,2,2,0,0,2,2
39,6117.434,2923.976,212.871,-16.504,0.958525,0.283755,0.026697,-0.284676,0.957721,0.041601,-0.013764,-0.047476,0.998778,0,0.71046,-0.60097,42.628,-1.202,-1,375.000,-1,400.000,-1,325.000,325.000,300.000,300.000,-1,-1,-1,-1,700.000,750.000,-1,-1,2,0,2,0,2,0,0,0,0,2,2,2,2,0,0,2,2
40,6158.197,2910.773,212.363,-17.946,0.951095,0.307770,0.026367,-0.308647,0.950289,0.041071,-0.012416,-0.047201,0.998808,0,0.71413,-0.72097,42.848,-1.442,-1,400.000,-1,400.000,-1,325.000,325.000,300.000,300.000,-1,-1,-1,-1,700.000,-1,-1,-1,2,0,2,0,2,0,0,0,0,2,2,2,2,0,2,2,2
41,6198.808,2896.309,211.888,-19.604,0.941805,0.335146,0.026084,-0.335981,0.940994,0.040592,-0.010941,-0.046994,0.998835,0,0.71849,-0.82920,43.110,-1.658,-1,400.000,-1,400.000,-1,325.000,325.000,300.000,300.000,-1,-1,-1,-1,700.000,-1,-1,-1,2,0,2,0,2,0,0,0,0,2,2,2,2,0,2,2,2
42,6239.262,2880.546,211.446,-21.288,0.931562,0.362662,0.025844,-0.363457,0.930745,0.040166,-0.009488,-0.046811,0.998859,0,0.72360,-0.84213,43.416,-1.684,-1,375.000,-1,400.000,-1,325.000,325.000,300.000,300.000,-1,-1,-1,-1,700.000,-1,-1,-1,2,0,2,0,2,0,0,0,0,2,2,2,2,0,2,2,2
43,6279.534,2863.452,211.037,-22.999,0.920335,0.390289,0.025653,-0.391048,0.919509,0.039798,-0.008056,-0.046659,0.998878,0,0.72915,-0.85537,43.749,-1.711,-1,375.000,-1,400.000,-1,325.000,325.000,300.000,300.000,-1,-1,-1,-1,675.000,-1,-1,-1,2,0,2,0,2,0,0,0,0,2,2,2,2,0,2,2,2
44,6319.595,2844.995,210.661,-24.737,0.908090,0.417997,0.025517,-0.418722,0.907255,0.039489,-0.006644,-0.046544,0.998894,0,0.73513,-0.86892,44.108,-1.738,-1,375.000,-1,400.000,-1,325.000,325.000,300.000,300.000,-1,-1,-1,-1,675.000,-1,-1,-1,2,0,2,0,2,0,0,0,0,2,2,2,2,0,2,2,2
45,6359.409,2825.142,210.349,-26.502,0.894798,0.445755,0.025285,-0.446442,0.893955,0.039169,-0.005143,-0.046337,0.998913,0,0.74149,-0.88278,44.489,-1.766,-1,375.000,-1,400.000,-1,325.000,325.000,300.000,300.000,-1,-1,-1,-1,675.000,-1,-1,-1,2,0,2,0,2,0,0,0,0,2,2,2,2,0,2,2,2
46,6402.918,2801.980,210.085,-28.028,0.882627,0.469406,0.025040,-0.470057,0.881788,0.038683,-0.003922,-0.045913,0.998938,0,0.82149,-0.76278,49.289,-1.526,-1,375.000,-1,400.000,-1,325.000,325.000,300.000,300.000,-1,-1,-1,-1,675.000,-1,-1,-1,2,0,2,0,2,0,0,0,0,2,2,2,2,0,2,2,2
47,6450.060,2775.460,209.915,-29.360,0.871487,0.489789,0.024833,-0.490408,0.870674,0.037772,-0.003121,-0.045096,0.998978,0,0.90149,-0.66580,54.089,-1.332,-1,375.000,-1,725.000,-1,325.000,325.000,300.000,300.000,-1,-1,-1,-1,675.000,-1,-1,-1,2,0,2,1,2,0,0,0,0,2,2,2,2,0,2,2,2
48,6500.683,2745.372,209.978,-30.724,0.859598,0.510429,0.023511,-0.510968,0.858826,0.036462,-0.001581,-0.043356,0.999058,0,0.98149,-0.68247,58.889,-1.365,-1,375.000,-1,750.000,-1,300.000,325.000,300.000,-1,-1,-1,-1,-1,675.000,-1,-1,-1,2,0,2,1,2,0,0,0,2,2,2,2,2,0,2,2,2
49,6551.331,2713.567,210.219,-32.126,0.846896,0.531327,0.021409,-0.531758,0.846172,0.035022,0.000493,-0.041045,0.999157,0,0.99677,-0.70053,59.806,-1.401,-1,375.000,-1,775.000,-1,300.000,325.000,300.000,-1,-1,-1,-1,-1,675.000,-1,-1,-1,2,0,2,1,2,0,0,0,2,2,2,2,2,0,2,2,2
50,6601.103,2680.577,210.476,-33.536,0.833587,0.552050,0.019325,-0.552382,0.832906,0.033790,0.002558,-0.038842,0.999242,0,0.99520,-0.70544,59.712,-1.411,-1,375.000,-1,775.000,-1,300.000,350.000,300.000,-1,-1,-1,-1,-1,675.000,-1,-1,-1,2,0,2,1,2,0,1,0,2,2,2,2,2,0,2,2,2
51,6650.361,2646.318,203.853,-34.811,0.820829,0.570835,0.019658,-0.570942,0.820990,-0.000202,-0.016254,-0.011058,0.999807,0,1.00000,-0.63727,60.000,-1.275,-1,325.000,-1,675.000,-1,275.000,325.000,325.000,-1,-1,-1,-1,-1,600.000,-1,1000.000,-1,2,0,2,1,2,0,1,0,2,2,2,2,2,0,2,0,2
52,6698.842,2610.966,197.091,-36.099,0.807846,0.589089,0.018925,-0.588293,0.807883,-0.035167,-0.036005,0.017276,0.999202,0,1.00000,-0.64387,60.000,-1.288,875.000,300.000,-1,600.000,-1,250.000,325.000,350.000,-1,-1,-1,-1,-1,525.000,875.000,750.000,-1,0,0,2,1,2,0,1,0,2,2,2,2,2,0,1,0,2
53,6746.512,2574.526,190.312,-37.401,0.794721,0.606747,0.016617,-0.604405,0.793577,-0.070217,-0.055791,0.045759,0.997393,0,1.00000,-0.65093,60.000,-1.302,725.000,250.000,-1,500.000,-1,200.000,300.000,375.000,-1,-1,-1,-1,-1,450.000,750.000,550.000,-1,0,0,2,1,2,0,1,0,2,2,2,2,2,0,1,0,2
54,6793.337,2537.006,183.798,-38.718,0.781485,0.623795,0.012681,-0.619433,0.778134,-0.103972,-0.074725,0.073398,0.994499,0,1.00000,-0.65852,60.000,-1.317,600.000,225.000,725.000,450.000,-1,175.000,275.000,400.000,-1,-1,-1,-1,-1,375.000,675.000,425.000,-1,0,0,0,1,2,1,1,0,2,2,2,2,2,1,1,0,2
55,6839.278,2498.407,179.053,-40.051,0.767858,0.640577,0.007390,-0.634471,0.762032,-0.129437,-0.088546,0.094701,0.991560,0,1.00000,-0.66672,60.000,-1.333,500.000,200.000,600.000,400.000,-1,175.000,250.000,425.000,-1,-1,-1,-1,975.000,350.000,600.000,325.000,-1,0,1,0,1,2,1,1,0,2,2,2,2,0,1,1,0,2
56,6884.297,2458.737,174.968,-41.402,0.753841,0.657056,0.001042,-0.649338,0.745227,-0.151649,-0.100418,0.113642,0.988434,0,1.00000,-0.67559,60.000,-1.351,425.000,200.000,525.000,350.000,-1,175.000,250.000,450.000,-1,-1,-1,-1,700.000,325.000,525.000,250.000,-1,0,1,1,1,2,1,1,0,2,2,2,2,0,1,1,0,2
57,6928.355,2418.001,171.527,-42.773,0.739336,0.673308,-0.006151,-0.664224,0.727802,-0.170618,-0.110401,0.130230,0.985318,0,1.00000,-0.68525,60.000,-1.370,350.000,200.000,450.000,325.000,-1,175.000,225.000,475.000,-1,-1,-1,0.000,475.000,300.000,475.000,200.000,-1,0,1,1,1,2,1,1,0,2,2,2,0,0,1,1,0,2
58,3607.622,1639.828,360.106,-146.564,-0.832305,0.550980,0.060736,-0.550328,-0.834462,0.028510,0.066391,-0.009696,0.997747,1,0.00000,0.00000,60.000,-1.392,-1,375.000,-1,375.000,-1,300.000,300.000,325.000,325.000,-1,700.000,700.000,-1,700.000,750.000,-1,-1,2,0,2,0,2,0,0,0,0,2,0,0,2,0,0,2,2
59,3603.627,1637.168,360.433,-146.341,-0.830142,0.554222,0.060843,-0.553575,-0.832309,0.028563,0.066471,-0.009970,0.997739,0,0.08000,0.11148,4.800,0.223,-1,375.000,-1,375.000,-1,300.000,300.000,325.000,325.000,-1,700.000,700.000,-1,700.000,750.000,-1,-1,2,0,2,0,2,0,0,0,0,2,0,0,2,0,0,2,2
60,3595.657,1631.816,361.082,-146.120,-0.827978,0.557426,0.061062,-0.556783,-0.830163,0.028673,0.066675,-0.010257,0.997722,0,0.16000,0.11049,9.600,0.221,-1,375.000,-1,375.000,-1,300.000,300.000,325.000,325.000,-1,700.000,700.000,-1,700.000,750.000,-1,-1,2,0,2,0,2,0,0,0,0,2,0,0,2,0,0,2,2
61,3583.732,1623.744,362.058,-145.902,-0.825824,0.560576,0.061394,-0.559933,-0.828036,0.028841,0.067004,-0.010559,0.997697,0,0.24000,0.10890,14.400,0.218,-1,375.000,-1,375.000,-1,300.000,300.000,325.000,325.000,-1,700.000,700.000,-1,700.000,750.000,-1,-1,2,0,2,0,2,0,0,0,0,2,0,0,2,0,0,2,2
62,3567.873,1612.921,363.341,-145.689,-0.823700,0.563655,0.061739,-0.563006,-0.825940,0.029100,0.067395,-0.010789,0.997668,0,0.32000,0.10670,19.200,0.213,-1,375.000,-1,375.000,-1,300.000,300.000,325.000,325.000,-1,700.000,700.000,-1,700.000,750.000,-1,-1,2,0,2,0,2,0,0,0,0,2,0,0,2,0,0,2,2
63,3548.099,1599.320,364.943,-145.481,-0.821618,0.566645,0.062104,-0.565985,-0.823889,0.029448,0.067853,-0.010955,0.997635,0,0.40000,0.10388,24.000,0.208,-1,375.000,-1,375.000,-1,300.000,300.000,325.000,325.000,-1,700.000,700.000,-1,700.000,750.000,-1,-1,2,0,2,0,2,0,0,0,0,2,0,0,2,0,0,2,2
64,3524.426,1582.917,366.884,-145.280,-0.819588,0.569529,0.062556,-0.568853,-0.821896,0.029866,0.068424,-0.011107,0.997594,0,0.48000,0.10043,28.800,0.201,-1,375.000,-1,375.000,-1,300.000,300.000,325.000,325.000,-1,700.000,700.000,-1,700.000,750.000,-1,-1,2,0,2,0,2,0,0,0,0,2,0,0,2,0,0,2,2
65,3496.873,1563.687,369.178,-145.087,-0.817621,0.572289,0.063097,-0.571594,-0.819975,0.030358,0.069111,-0.011245,0.997546,0,0.56000,0.09636,33.600,0.193,-1,375.000,-1,375.000,-1,300.000,300.000,325.000,325.000,-1,700.000,700.000,-1,725.000,750.000,-1,-1,2,0,2,0,2,0,0,0,0,2,0,0,2,0,0,2,2
66,3465.455,1541.609,371.827,-144.904,-0.815731,0.574909,0.063733,-0.574186,-0.818139,0.030972,0.069948,-0.011330,0.997486,0,0.64000,0.09166,38.400,0.183,-1,375.000,-1,375.000,-1,300.000,300.000,325.000,325.000,-1,700.000,700.000,-1,725.000,750.000,-1,-1,2,0,2,0,2,0,0,0,0,2,0,0,2,0,0,2,2
67,3430.184,1516.664,374.851,-144.731,-0.813932,0.577372,0.064466,-0.576614,-0.816402,0.031695,0.070930,-0.011375,0.997416,0,0.72000,0.08634,43.200,0.173,-1,375.000,-1,400.000,-1,300.000,325.000,325.000,325.000,-1,700.000,700.000,-1,725.000,750.000,-1,-1,2,0,2,0,2,0,0,0,0,2,0,0,2,0,0,2,2
68,3391.072,1488.839,378.274,-144.571,-0.812237,0.579661,0.065299,-0.578861,-0.814778,0.032501,0.072044,-0.011400,0.997336,0,0.80000,0.08040,48.000,0.161,-1,375.000,-1,400.000,-1,300.000,325.000,325.000,325.000,-1,700.000,675.000,-1,725.000,750.000,-1,-1,2,0,2,0,2,0,0,0,0,2,0,0,2,0,0,2,2
69,3348.264,1457.930,382.076,-144.170,-0.808089,0.585345,0.066058,-0.584504,-0.810702,0.033440,0.073127,-0.011589,0.997255,0,0.88000,0.20040,52.800,0.401,-1,375.000,-1,400.000,-1,300.000,325.000,325.000,325.000,-1,675.000,675.000,-1,725.000,750.000,-1,-1,2,0,2,0,2,0,0,0,0,2,0,0,2,0,0,2,2
70,3301.944,1423.692,386.187,-143.529,-0.801447,0.594374,0.066344,-0.593480,-0.804104,0.034609,0.073918,-0.011636,0.997196,0,0.96000,0.32040,57.600,0.641,-1,375.000,-1,400.000,-1,300.000,325.000,325.000,325.000,-1,675.000,675.000,-1,725.000,750.000,-1,-1,2,0,2,0,2,0,0,0,1,2,0,0,2,0,0,2,2
71,3255.238,1388.054,390.451,-142.656,-0.792236,0.606560,0.066687,-0.605634,-0.794945,0.035635,0.074627,-0.012156,0.997137,0,0.97916,0.43674,58.749,0.873,-1,375.000,-1,400.000,-1,300.000,325.000,325.000,300.000,-1,700.000,675.000,-1,725.000,750.000,-1,-1,2,0,2,0,2,0,0,0,1,2,0,0,2,0,0,2,2
72,3209.378,1351.947,394.685,-141.786,-0.782873,0.618553,0.067095,-0.617639,-0.785633,0.036100,0.075042,-0.013179,0.997093,0,0.97280,0.43501,58.368,0.870,-1,375.000,-1,375.000,-1,300.000,325.000,325.000,300.000,-1,700.000,700.000,-1,725.000,750.000,-1,-1,2,0,2,0,2,0,0,0,1,2,0,0,2,0,0,2,2
73,3164.381,1315.403,398.980,-140.918,-0.773348,0.630369,0.067581,-0.629475,-0.776164,0.036487,0.075454,-0.014323,0.997046,0,0.96613,0.43384,57.968,0.868,-1,375.000,-1,375.000,-1,300.000,300.000,325.000,300.000,-1,725.000,725.000,-1,725.000,750.000,-1,-1,2,0,2,0,2,0,0,0,1,2,0,0,2,0,0,2,2
74,3120.257,1278.446,403.333,-140.051,-0.763653,0.642022,0.068135,-0.641156,-0.766528,0.036803,0.075856,-0.015581,0.996997,0,0.95927,0.43324,57.556,0.866,-1,375.000,-1,375.000,-1,325.000,300.000,325.000,325.000,-1,750.000,750.000,-1,725.000,750.000,-1,-1,2,0,2,0,2,0,0,0,1,2,0,0,2,0,0,2,2
75,3077.011,1241.096,407.730,-139.185,-0.753775,0.653525,0.068760,-0.652690,-0.756716,0.037107,0.076282,-0.016908,0.996943,0,0.95237,0.43318,57.142,0.866,-1,375.000,-1,375.000,-1,325.000,325.000,325.000,325.000,-1,750.000,775.000,-1,725.000,750.000,-1,-1,2,0,2,0,2,0,0,0,0,2,0,0,2,0,0,2,2
76,3034.640,1203.369,412.086,-138.318,-0.743706,0.664892,0.069430,-0.664062,-0.746723,0.037784,0.076967,-0.018006,0.996871,0,0.94554,0.43367,56.733,0.867,-1,375.000,-1,375.000,-1,325.000,325.000,325.000,325.000,-1,750.000,775.000,-1,750.000,750.000,-1,-1,2,0,2,0,2,0,0,0,0,2,0,0,2,0,0,2,2
77,2993.140,1165.271,416.455,-137.448,-0.733435,0.676128,0.070177,-0.675329,-0.736529,0.038152,0.077483,-0.019411,0.996805,0,0.93893,0.43469,56.336,0.869,-1,375.000,-1,375.000,-1,325.000,325.000,325.000,325.000,-1,775.000,800.000,-1,750.000,750.000,-1,-1,2,0,2,0,2,0,0,0,0,2,0,0,2,0,0,2,2
78,2952.498,1126.806,420.824,-136.576,-0.722951,0.687240,0.071016,-0.686505,-0.726123,0.038166,0.077796,-0.021160,0.996745,0,0.93264,0.43622,55.959,0.872,-1,375.000,-1,375.000,-1,325.000,325.000,325.000,325.000,-1,775.000,825.000,-1,775.000,775.000,-1,-1,2,0,2,0,2,0,0,0,0,2,0,0,2,0,0,2,2
79,2912.701,1087.968,425.251,-135.699,-0.712243,0.698238,0.071931,-0.697576,-0.715496,0.038130,0.078090,-0.023019,0.996680,0,0.92678,0.43825,55.607,0.876,-1,375.000,-1,375.000,-1,325.000,325.000,325.000,325.000,-1,800.000,850.000,-1,800.000,775.000,-1,-1,2,0,2,0,2,0,0,0,0,2,0,0,2,0,0,2,2
80,2873.734,1048.752,429.642,-134.818,-0.701297,0.709135,0.072871,-0.708519,-0.704642,0.038488,0.078641,-0.024639,0.996598,0,0.92141,0.44074,55.285,0.881,-1,400.000,-1,400.000,-1,325.000,325.000,325.000,325.000,-1,800.000,875.000,-1,800.000,775.000,-1,-1,2,0,2,0,2,0,0,0,0,2,0,0,2,0,0,2,2
81,2835.577,1009.144,433.840,-133.931,-0.690182,0.719948,0.072958,-0.719331,-0.693561,0.039181,0.078809,-0.025439,0.996565,0,0.91662,0.44368,54.997,0.887,-1,400.000,-1,400.000,-1,325.000,325.000,325.000,325.000,-1,800.000,875.000,-1,825.000,775.000,-1,-1,2,0,2,0,2,0,0,0,0,2,0,0,2,0,0,2,2
82,2798.215,969.129,438.060,-133.036,-0.678828,0.730669,0.072909,-0.730055,-0.682229,0.039795,0.078818,-0.026213,0.996544,0,0.91244,0.44705,54.746,0.894,-1,375.000,-1,400.000,-1,325.000,325.000,325.000,325.000,-1,825.000,925.000,-1,850.000,750.000,-1,-1,2,0,2,0,2,0,0,0,0,2,0,0,2,0,0,2,2
83,2764.548,932.235,441.982,-132.382,-0.670415,0.738398,0.072882,-0.737785,-0.673833,0.040269,0.078845,-0.026774,0.996527,0,0.83244,0.32705,49.946,0.654,-1,400.000,-1,400.000,-1,325.000,325.000,325.000,325.000,-1,875.000,950.000,-1,875.000,750.000,-1,-1,2,0,2,0,2,0,0,0,0,2,0,0,2,0,0,2,2
84,2734.357,898.668,445.501,-131.968,-0.664999,0.743235,0.073331,-0.742633,-0.668467,0.040609,0.079201,-0.027453,0.996481,0,0.75244,0.20705,45.146,0.414,-1,400.000,-1,400.000,-1,325.000,325.000,325.000,325.000,-1,875.000,950.000,-1,875.000,750.000,-1,-1,2,0,2,0,2,0,0,0,0,2,0,0,2,0,0,2,2
85,2707.468,868.587,448.688,-131.794,-0.662682,0.745254,0.073812,-0.744655,-0.666197,0.040873,0.079635,-0.027879,0.996434,0,0.67244,0.08705,40.346,0.174,-1,400.000,-1,400.000,-1,325.000,325.000,325.000,325.000,-1,850.000,950.000,975.000,900.000,750.000,-1,-1,2,0,2,0,2,0,0,0,0,2,0,0,1,0,0,2,2
86,2683.747,842.113,451.475,-131.860,-0.663523,0.744490,0.073976,-0.743873,-0.667056,0.041102,0.079946,-0.027757,0.996413,0,0.59244,-0.03295,35.546,-0.066,-1,400.000,-1,400.000,-1,325.000,325.000,325.000,325.000,-1,875.000,975.000,975.000,900.000,775.000,-1,-1,2,0,2,0,2,0,0,0,0,2,0,0,1,0,0,2,2
87,2663.108,819.324,453.862,-132.166,-0.667507,0.740931,0.073857,-0.740275,-0.671034,0.041310,0.080168,-0.027100,0.996413,0,0.51244,-0.15295,30.746,-0.306,-1,400.000,-1,400.000,-1,300.000,325.000,325.000,325.000,-1,875.000,975.000,975.000,925.000,775.000,-1,-1,2,0,2,0,2,0,0,0,0,2,0,0,1,0,0,2,2
88,2645.569,800.203,455.903,-132.528,-0.672193,0.736693,0.073757,-0.735997,-0.675712,0.041490,0.080404,-0.026396,0.996413,0,0.43244,-0.18090,25.946,-0.362,-1,400.000,-1,400.000,-1,325.000,325.000,325.000,325.000,-1,900.000,1000.000,975.000,925.000,775.000,-1,-1,2,0,2,0,2,0,0,0,0,2,0,0,1,0,0,2,2
89,2631.178,784.708,457.584,-132.885,-0.676790,0.732480,0.073674,-0.731748,-0.680302,0.041644,0.080624,-0.025727,0.996412,0,0.35244,-0.17856,21.146,-0.357,-1,400.000,-1,400.000,-1,325.000,325.000,325.000,325.000,-1,925.000,1000.000,975.000,925.000,775.000,-1,-1,2,0,2,0,2,0,0,0,0,2,0,0,1,0,0,2,2
90,2619.980,772.800,458.894,-133.238,-0.681311,0.728283,0.073610,-0.727518,-0.684816,0.041769,0.080829,-0.025095,0.996412,0,0.27244,-0.17663,16.346,-0.353,-1,400.000,-1,400.000,-1,325.000,325.000,325.000,325.000,-1,925.000,1000.000,975.000,950.000,775.000,-1,-1,2,0,2,0,2,0,0,0,0,2,0,0,1,0,0,2,2
91,2612.019,764.437,459.827,-133.588,-0.685767,0.724094,0.073566,-0.723298,-0.689266,0.041863,0.081019,-0.024502,0.996411,0,0.19244,-0.17514,11.546,-0.350,-1,400.000,-1,400.000,-1,325.000,325.000,325.000,325.000,-1,950.000,1000.000,1000.000,950.000,775.000,-1,-1,2,0,2,0,2,0,0,0,0,2,0,0,1,0,0,2,2
92,2607.338,759.578,460.374,-133.937,-0.690168,0.719902,0.073545,-0.719079,-0.693662,0.041922,0.081195,-0.023952,0.996410,0,0.11244,-0.17408,6.746,-0.348,-1,400.000,-1,400.000,-1,325.000,325.000,325.000,325.000,-1,950.000,1000.000,1000.000,950.000,775.000,-1,-1,2,0,2,0,2,0,0,0,0,2,0,0,1,0,0,2,2
93,2605.979,758.185,460.532,-134.283,-0.694527,0.715697,0.073551,-0.714852,-0.698017,0.041942,0.081358,-0.023448,0.996409,0,0.03244,-0.17346,1.946,-0.347,-1,400.000,-1,400.000,-1,325.000,325.000,325.000,325.000,-1,950.000,1000.000,1000.000,950.000,775.000,-1,-1,2,0,2,0,2,0,0,0,0,2,0,0,1,0,0,2,2
94,2607.983,760.216,460.298,-134.630,-0.698853,0.711470,0.073588,-0.710606,-0.702341,0.041919,0.081508,-0.022996,0.996407,0,-0.04756,-0.17328,-2.854,-0.347,-1,400.000,-1,400.000,-1,325.000,325.000,325.000,325.000,-1,950.000,975.000,-1,950.000,775.000,-1,-1,2,0,2,0,2,0,0,0,0,2,0,0,2,0,0,2,2
95,2613.393,765.630,459.674,-134.977,-0.703158,0.707208,0.073659,-0.706331,-0.706644,0.041848,0.081645,-0.022602,0.996405,0,-0.12756,-0.17354,-7.654,-0.347,-1,400.000,-1,400.000,-1,325.000,325.000,325.000,325.000,-1,950.000,975.000,-1,925.000,775.000,-1,-1,2,0,2,0,2,0,0,0,0,2,0,0,2,0,0,2,2
96,2622.249,774.386,458.660,-135.326,-0.707450,0.702903,0.073769,-0.702017,-0.710937,0.041722,0.081772,-0.022271,0.996402,0,-0.20756,-0.17422,-12.454,-0.348,-1,400.000,-1,400.000,-1,325.000,325.000,325.000,325.000,-1,925.000,950.000,-1,925.000,775.000,-1,-1,2,0,2,0,2,0,0,0,0,2,0,0,2,0,0,2,2
97,2634.592,786.441,457.262,-135.676,-0.711739,0.698543,0.073925,-0.697655,-0.715229,0.041536,0.081888,-0.022011,0.996398,0,-0.28756,-0.17531,-17.254,-0.351,-1,400.000,-1,400.000,-1,325.000,325.000,325.000,325.000,-1,925.000,925.000,-1,925.000,775.000,-1,-1,2,0,2,0,2,0,0,0,0,2,0,0,2,0,0,2,2
98,2650.464,801.752,455.486,-136.030,-0.716033,0.694119,0.074131,-0.693234,-0.719529,0.041281,0.081993,-0.021831,0.996394,0,-0.36756,-0.17679,-22.054,-0.354,-1,400.000,-1,400.000,-1,300.000,325.000,325.000,325.000,-1,900.000,925.000,-1,900.000,750.000,-1,-1,2,0,2,0,2,0,0,0,0,2,0,0,2,0,0,2,2
99,2669.727,820.105,453.360,-136.387,-0.720339,0.689621,0.074392,-0.688747,-0.723844,0.040953,0.082090,-0.021737,0.996388,0,-0.44344,-0.17862,-26.606,-0.357,-1,400.000,-1,400.000,-1,300.000,325.000,325.000,325.000,-1,875.000,900.000,-1,900.000,775.000,-1,-1,2,0,2,0,2,0,0,0,0,2,0,0,2,0,0,2,2
100,2689.073,838.304,451.257,-136.749,-0.724668,0.685041,0.074670,-0.684180,-0.728182,0.040602,0.082187,-0.021665,0.996381,0,-0.44268,-0.18076,-26.561,-0.362,-1,400.000,-1,400.000,-1,325.000,325.000,325.000,325.000,-1,850.000,875.000,-1,900.000,775.000,-1,-1,2,0,2,0,2,0,0,0,0,2,0,0,2,0,0,2,2
101,2708.494,856.343,449.133,-137.114,-0.729033,0.680383,0.074763,-0.679530,-0.732542,0.040257,0.082157,-0.021455,0.996388,0,-0.44177,-0.18281,-26.506,-0.366,-1,400.000,-1,400.000,-1,325.000,325.000,325.000,325.000,-1,850.000,850.000,-1,875.000,775.000,-1,-1,2,0,2,0,2,0,0,0,0,2,0,0,2,0,0,2,2
102,2727.985,874.214,446.971,-137.484,-0.733440,0.675650,0.074579,-0.674797,-0.736922,0.039938,0.081943,-0.021033,0.996415,0,-0.44072,-0.18478,-26.443,-0.370,-1,400.000,-1,400.000,-1,325.000,325.000,325.000,325.000,-1,850.000,850.000,-1,875.000,775.000,-1,-1,2,0,2,0,2,0,0,0,0,2,0,0,2,0,0,2,2
103,2747.539,891.909,444.832,-137.857,-0.737860,0.670840,0.074407,-0.669988,-0.741315,0.039603,0.081726,-0.020630,0.996441,0,-0.43953,-0.18666,-26.372,-0.373,-1,375.000,-1,400.000,-1,325.000,325.000,325.000,325.000,-1,825.000,850.000,-1,850.000,775.000,-1,-1,2,0,2,0,2,0,0,0,0,2,0,0,2,0,0,2,2
104,2767.149,909.422,442.716,-138.234,-0.742288,0.665955,0.074245,-0.665105,-0.745717,0.039250,0.081505,-0.020246,0.996467,0,-0.43820,-0.18844,-26.292,-0.377,-1,375.000,-1,400.000,-1,325.000,325.000,325.000,325.000,-1,825.000,850.000,-1,850.000,775.000,-1,-1,2,0,2,0,2,0,0,0,0,2,0,0,2,0,0,2,2
105,2786.809,926.746,440.625,-138.614,-0.746723,0.660996,0.074095,-0.660151,-0.750126,0.038881,0.081281,-0.019880,0.996493,0,-0.43673,-0.19013,-26.204,-0.380,-1,375.000,-1,400.000,-1,325.000,325.000,325.000,325.000,-1,825.000,850.000,-1,850.000,775.000,-1,-1,2,0,2,0,2,0,0,0,0,2,0,0,2,0,0,2,2
106,2806.512,943.875,438.558,-138.998,-0.751159,0.655965,0.073955,-0.655126,-0.754538,0.038496,0.081054,-0.019534,0.996518,0,-0.43513,-0.19173,-26.108,-0.383,-1,375.000,-1,400.000,-1,325.000,325.000,325.000,325.000,-1,825.000,850.000,-1,825.000,775.000,-1,-1,2,0,2,0,2,0,0,0,0,2,0,0,2,0,0,2,2
107,2826.252,960.803,436.516,-139.384,-0.755595,0.650865,0.073826,-0.650033,-0.758950,0.038094,0.080824,-0.019206,0.996543,0,-0.43340,-0.19323,-26.004,-0.386,-1,375.000,-1,400.000,-1,325.000,325.000,325.000,325.000,-1,825.000,875.000,-1,825.000,775.000,-1,-1,2,0,2,0,2,0,0,0,0,2,0,0,2,0,0,2,2
108,2846.021,977.525,434.499,-139.773,-0.760027,0.645698,0.073707,-0.644875,-0.763359,0.037675,0.080592,-0.018898,0.996568,0,-0.43155,-0.19462,-25.893,-0.389,-1,375.000,-1,400.000,-1,325.000,325.000,325.000,325.000,-1,825.000,875.000,-1,800.000,775.000,-1,-1,2,0,2,0,2,0,0,0,0,2,0,0,2,0,0,2,2
109,2865.813,994.036,432.474,-140.165,-0.764441,0.640465,0.073716,-0.639652,-0.767760,0.037265,0.080463,-0.018666,0.996583,0,-0.42958,-0.19592,-25.775,-0.392,-1,375.000,-1,400.000,-1,325.000,325.000,325.000,325.000,-1,825.000,850.000,-1,800.000,775.000,-1,-1,2,0,2,0,2,0,0,0,0,2,0,0,2,0,0,2,2
110,2885.623,1010.332,430.345,-140.559,-0.768854,0.635174,0.073610,-0.634342,-0.772157,0.037193,0.080462,-0.018098,0.996593,0,-0.42751,-0.19712,-25.651,-0.394,-1,375.000,-1,400.000,-1,325.000,325.000,325.000,325.000,-1,800.000,825.000,-1,800.000,775.000,-1,-1,2,0,2,0,2,0,0,0,0,2,0,0,2,0,0,2,2
111,2905.444,1026.407,428.198,-140.956,-0.773271,0.629824,0.073303,-0.628967,-0.776543,0.037154,0.080324,-0.017375,0.996617,0,-0.42534,-0.19821,-25.520,-0.396,-1,375.000,-1,400.000,-1,325.000,325.000,325.000,325.000,-1,775.000,825.000,-1,775.000,775.000,-1,-1,2,0,2,0,2,0,0,0,0,2,0,0,2,0,0,2,2
112,2925.270,1042.260,426.082,-141.354,-0.777671,0.624417,0.073014,-0.623536,-0.780913,0.037105,0.080187,-0.016671,0.996640,0,-0.42308,-0.19920,-25.385,-0.398,-1,375.000,-1,400.000,-1,325.000,325.000,325.000,325.000,-1,775.000,800.000,-1,775.000,775.000,-1,-1,2,0,2,0,2,0,0,0,0,2,0,0,2,0,0,2,2
113,2945.095,1057.887,423.994,-141.754,-0.782051,0.618954,0.072742,-0.618052,-0.785264,0.037045,0.080051,-0.015988,0.996663,0,-0.42073,-0.20009,-25.244,-0.400,-1,375.000,-1,375.000,-1,325.000,325.000,325.000,325.000,-1,775.000,800.000,-1,775.000,775.000,-1,-1,2,0,2,0,2,0,0,0,0,2,0,0,2,0,0,2,2
114,2961.223,1070.451,422.317,-142.081,-0.785594,0.614477,0.072533,-0.613557,-0.788784,0.036987,0.079941,-0.015446,0.996680,0,-0.34073,-0.16318,-20.444,-0.326,-1,375.000,-1,375.000,-1,325.000,325.000,325.000,325.000,-1,750.000,775.000,-1,775.000,775.000,-1,-1,2,0,2,0,2,0,0,0,0,2,0,0,2,0,0,2,2
115,2973.619,1079.995,421.040,-142.408,-0.789118,0.609963,0.072373,-0.609027,-0.792289,0.036939,0.079872,-0.014928,0.996693,0,-0.26073,-0.16374,-15.644,-0.327,-1,375.000,-1,375.000,-1,325.000,325.000,325.000,325.000,-1,750.000,775.000,-1,750.000,775.000,-1,-1,2,0,2,0,2,0,0,0,0,2,0,0,2,0,0,2,2
116,2982.250,1086.560,420.156,-142.736,-0.792620,0.605419,0.072257,-0.604465,-0.795777,0.036905,0.079843,-0.014426,0.996703,0,-0.18073,-0.16413,-10.844,-0.328,-1,375.000,-1,375.000,-1,325.000,325.000,325.000,325.000,-1,750.000,775.000,-1,750.000,775.000,-1,-1,2,0,2,0,2,0,0,0,0,2,0,0,2,0,0,2,2
117,2987.081,1090.192,419.661,-143.065,-0.796098,0.600847,0.072181,-0.599876,-0.799243,0.036886,0.079853,-0.013934,0.996709,0,-0.10073,-0.16437,-6.044,-0.329,-1,375.000,-1,375.000,-1,325.000,325.000,325.000,325.000,-1,750.000,750.000,-1,750.000,775.000,-1,-1,2,0,2,0,2,0,0,0,0,2,0,0,2,0,0,2,2
118,2988.079,1090.934,419.552,-143.394,-0.799549,0.596252,0.072141,-0.595262,-0.802685,0.036887,0.079900,-0.013449,0.996712,0,-0.02073,-0.16449,-1.244,-0.329,-1,375.000,-1,375.000,-1,325.000,325.000,325.000,325.000,-1,750.000,750.000,-1,750.000,775.000,-1,-1,2,0,2,0,2,0,0,0,0,2,0,0,2,0,0,2,2
119,2985.212,1088.830,419.831,-143.723,-0.802971,0.591637,0.072132,-0.590626,-0.806101,0.036910,0.079983,-0.012965,0.996712,0,0.05927,-0.16451,3.556,-0.329,-1,375.000,-1,375.000,-1,325.000,325.000,325.000,325.000,-1,750.000,750.000,-1,750.000,775.000,-1,-1,2,0,2,0,2,0,0,0,0,2,0,0,2,0,0,2,2
120,2978.448,1083.925,420.498,-144.052,-0.806363,0.587003,0.072152,-0.585972,-0.809488,0.036958,0.080100,-0.012478,0.996709,0,0.13927,-0.16445,8.356,-0.329,-1,375.000,-1,375.000,-1,325.000,325.000,325.000,325.000,-1,750.000,775.000,-1,750.000,775.000,-1,-1,2,0,2,0,2,0,0,0,0,2,0,0,2,0,0,2,2
121,2967.753,1076.263,421.558,-144.381,-0.809723,0.582355,0.072196,-0.581300,-0.812847,0.037031,0.080250,-0.011983,0.996703,0,0.21927,-0.16430,13.156,-0.329,-1,375.000,-1,375.000,-1,325.000,325.000,325.000,325.000,-1,775.000,775.000,-1,750.000,775.000,-1,-1,2,0,2,0,2,0,0,0,0,2,0,0,2,0,0,2,2
122,2953.097,1065.889,423.018,-144.709,-0.813049,0.577694,0.072262,-0.576613,-0.816173,0.037132,0.080429,-0.011477,0.996694,0,0.29927,-0.16406,17.956,-0.328,-1,375.000,-1,375.000,-1,325.000,325.000,325.000,325.000,-1,775.000,775.000,-1,750.000,775.000,-1,-1,2,0,2,0,2,0,0,0,0,2,0,0,2,0,0,2,2
123,2934.448,1052.849,424.886,-145.036,-0.816340,0.573023,0.072345,-0.571916,-0.819466,0.037261,0.080636,-0.010957,0.996683,0,0.37927,-0.16371,22.756,-0.327,-1,375.000,-1,400.000,-1,325.000,325.000,325.000,325.000,-1,800.000,800.000,-1,750.000,775.000,-1,-1,2,0,2,0,2,0,0,0,0,2,0,0,2,0,0,2,2
124,2911.776,1037.186,427.172,-145.363,-0.819593,0.568348,0.072443,-0.567210,-0.822722,0.037419,0.080867,-0.010421,0.996670,0,0.45927,-0.16325,27.556,-0.326,-1,375.000,-1,400.000,-1,325.000,325.000,325.000,325.000,-1,825.000,800.000,-1,750.000,800.000,-1,-1,2,0,2,0,2,0,0,0,0,2,0,0,2,0,0,2,2
125,2885.050,1018.947,429.866,-145.688,-0.822797,0.563671,0.072663,-0.562505,-0.825939,0.037572,0.081194,-0.009959,0.996649,0,0.53927,-0.16263,32.356,-0.325,-1,375.000,-1,400.000,-1,325.000,325.000,325.000,325.000,-1,850.000,825.000,-1,775.000,800.000,-1,-1,2,0,2,0,2,0,0,0,0,2,0,0,2,0,0,2,2
126,2854.242,998.176,432.956,-146.012,-0.825938,0.558998,0.073128,-0.557811,-0.829112,0.037678,0.081693,-0.009671,0.996611,0,0.61927,-0.16182,37.156,-0.324,-1,375.000,-1,400.000,-1,325.000,325.000,325.000,325.000,-1,875.000,825.000,-1,775.000,800.000,-1,-1,2,0,2,0,2,0,0,0,0,2,0,0,2,0,0,2,2
127,2819.323,974.917,436.489,-146.333,-0.829027,0.554338,0.073651,-0.553125,-0.832239,0.037823,0.082262,-0.009382,0.996567,0,0.69927,-0.16078,41.956,-0.322,-1,375.000,-1,400.000,-1,325.000,325.000,325.000,325.000,-1,900.000,850.000,-1,800.000,800.000,-1,-1,2,0,2,0,2,0,0,0,0,2,0,0,2,0,0,2,2
128,2780.266,949.214,440.323,-146.652,-0.832069,0.549701,0.074092,-0.548409,-0.835318,0.038617,0.083118,-0.008501,0.996503,0,0.77927,-0.15946,46.756,-0.319,-1,375.000,-1,400.000,-1,325.000,325.000,325.000,325.000,-1,900.000,825.000,-1,800.000,800.000,-1,-1,2,0,2,0,2,0,0,0,0,2,0,0,2,0,0,2,2
129,2737.043,921.111,444.542,-146.968,-0.835082,0.545097,0.074215,-0.543704,-0.838342,0.039607,0.083808,-0.007276,0.996455,0,0.85927,-0.15781,51.556,-0.316,-1,375.000,-1,400.000,-1,325.000,325.000,325.000,325.000,-1,925.000,850.000,-1,825.000,800.000,-1,-1,2,0,2,0,2,0,0,0,0,2,0,0,2,0,0,2,2
130,2691.191,891.651,449.024,-147.279,-0.838053,0.540536,0.074077,-0.539029,-0.841301,0.040740,0.084343,-0.005787,0.996420,0,0.90833,-0.15576,54.500,-0.312,-1,375.000,-1,400.000,-1,325.000,325.000,325.000,325.000,-1,950.000,875.000,-1,825.000,800.000,-1,-1,2,0,2,0,2,0,0,0,0,2,0,0,2,0,0,2,2
131,2645.302,862.513,453.380,-147.586,-0.841031,0.536031,0.073059,-0.534381,-0.844191,0.042172,0.084281,-0.003573,0.996436,0,0.90598,-0.15334,54.359,-0.307,-1,375.000,-1,400.000,-1,325.000,325.000,325.000,325.000,-1,-1,925.000,-1,850.000,800.000,-1,-1,2,0,2,0,2,0,0,0,0,2,2,0,2,0,0,2,2
132,2599.366,833.682,457.807,-147.887,-0.843934,0.531586,0.072047,-0.529797,-0.847003,0.043604,0.084203,-0.001372,0.996448,0,0.90390,-0.15067,54.234,-0.301,-1,375.000,-1,400.000,-1,325.000,325.000,325.000,325.000,-1,-1,975.000,-1,850.000,800.000,-1,-1,2,0,2,0,2,0,0,0,0,2,2,0,2,0,0,2,2
133,2553.374,805.146,462.306,-148.183,-0.846759,0.527211,0.071042,-0.525285,-0.849734,0.045035,0.084110,0.000816,0.996456,0,0.90210,-0.14775,54.126,-0.296,-1,400.000,-1,400.000,-1,325.000,325.000,325.000,325.000,-1,-1,-1,-1,875.000,800.000,-1,-1,2,0,2,0,2,0,0,0,0,2,2,2,2,0,0,2,2
134,2507.314,776.889,466.789,-148.472,-0.849468,0.522913,0.070471,-0.520865,-0.852382,0.046309,0.084284,0.002632,0.996438,0,0.90060,-0.14461,54.036,-0.289,-1,400.000,-1,400.000,-1,325.000,325.000,325.000,325.000,-1,-1,-1,-1,875.000,800.000,-1,-1,2,0,2,0,2,0,0,0,0,2,2,2,2,0,0,2,2
135,2461.178,748.898,471.299,-148.754,-0.852075,0.518701,0.070123,-0.516540,-0.854945,0.047498,0.084589,0.004251,0.996407,0,0.89939,-0.14125,53.963,-0.282,-1,400.000,-1,400.000,-1,325.000,325.000,325.000,325.000,-1,-1,-1,-1,900.000,800.000,-1,-1,2,0,2,0,2,0,0,0,0,2,2,2,2,0,0,2,2
136,2414.955,721.157,475.716,-149.030,-0.854605,0.514585,0.069658,-0.512385,-0.857424,0.047816,0.084332,0.005172,0.996424,0,0.89848,-0.13767,53.909,-0.275,-1,400.000,-1,400.000,-1,325.000,325.000,350.000,325.000,-1,-1,-1,-1,900.000,800.000,-1,-1,2,0,2,0,2,0,0,0,0,2,2,2,2,0,0,2,2
