timestep,x_cm,y_cm,z_cm,yaw_deg,basis_xx,basis_xy,basis_xz,basis_yx,basis_yy,basis_yz,basis_zx,basis_zy,basis_zz,teleport_flag,throttle_cmd,steering_cmd,cmd_move_cm,cmd_turn_deg,lidar_cm_0,lidar_cm_1,lidar_cm_2,lidar_cm_3,lidar_cm_4,lidar_cm_5,lidar_cm_6,lidar_cm_7,lidar_cm_8,lidar_cm_9,lidar_cm_10,lidar_cm_11,lidar_cm_12,lidar_cm_13,lidar_cm_14,lidar_cm_15,lidar_cm_16,lidar_class_0,lidar_class_1,lidar_class_2,lidar_class_3,lidar_class_4,lidar_class_5,lidar_class_6,lidar_class_7,lidar_class_8,lidar_class_9,lidar_class_10,lidar_class_11,lidar_class_12,lidar_class_13,lidar_class_14,lidar_class_15,lidar_class_16
0,5580.205,7543.647,474.815,5.074,0.995900,-0.088416,-0.019141,0.088783,0.995864,0.019275,0.017357,-0.020896,0.999631,1,0.08000,-0.12000,4.800,-0.240,-1,400.000,-1,400.000,-1,325.000,325.000,300.000,300.000,-1,-1,-1,-1,900.000,900.000,-1,-1,2,0,2,0,2,0,0,0,0,2,2,2,2,0,0,2,2
1,5589.774,7544.416,474.987,4.594,0.996608,-0.080070,-0.019001,0.080437,0.996571,0.019390,0.017384,-0.020852,0.999631,0,0.16000,-0.24000,9.600,-0.480,-1,400.000,-1,400.000,-1,325.000,325.000,300.000,300.000,-1,-1,-1,-1,900.000,900.000,-1,-1,2,0,2,0,2,0,0,0,0,2,2,2,2,0,0,2,2
2,5604.141,7545.396,475.248,3.903,0.997505,-0.068046,-0.018793,0.068412,0.997466,0.019554,0.017414,-0.020791,0.999632,0,0.24000,-0.34549,14.400,-0.691,-1,400.000,-1,400.000,-1,325.000,325.000,300.000,300.000,-1,-1,-1,-1,900.000,900.000,-1,-1,2,0,2,0,2,0,0,0,0,2,2,2,2,0,0,2,2
3,5623.311,7546.472,475.601,3.213,0.998257,-0.056029,-0.018515,0.056393,0.998213,0.019762,0.017375,-0.020772,0.999633,0,0.32000,-0.34500,19.200,-0.690,-1,400.000,-1,400.000,-1,325.000,325.000,300.000,300.000,-1,-1,-1,-1,900.000,900.000,-1,-1,2,0,2,0,2,0,0,0,0,2,2,2,2,0,0,2,2
4,5647.288,7547.528,476.047,2.524,0.998865,-0.044025,-0.018170,0.044387,0.998814,0.020008,0.017268,-0.020792,0.999635,0,0.40000,-0.34439,24.000,-0.689,-1,400.000,-1,400.000,-1,325.000,325.000,300.000,300.000,-1,-1,-1,-1,925.000,900.000,-1,-1,2,0,2,0,2,0,0,0,0,2,2,2,2,0,0,2,2
5,5676.073,7548.451,476.589,1.837,0.999329,-0.032042,-0.017759,0.032400,0.999269,0.020290,0.017096,-0.020851,0.999636,0,0.48000,-0.34363,28.800,-0.687,-1,400.000,-1,400.000,-1,325.000,325.000,300.000,300.000,-1,-1,-1,-1,925.000,900.000,-1,-1,2,0,2,0,2,0,0,0,0,2,2,2,2,0,0,2,2
6,5709.666,7549.126,477.228,1.151,0.999649,-0.020086,-0.017282,0.020440,0.999579,0.020602,0.016861,-0.020948,0.999638,0,0.56000,-0.34271,33.600,-0.685,-1,425.000,-1,400.000,-1,325.000,325.000,300.000,300.000,-1,-1,-1,-1,925.000,925.000,-1,-1,2,0,2,0,2,0,0,0,0,2,2,2,2,0,0,2,2
7,5748.065,7549.440,477.968,0.468,0.999827,-0.008166,-0.016741,0.008516,0.999744,0.020941,0.016566,-0.021080,0.999641,0,0.64000,-0.34158,38.400,-0.683,-1,425.000,-1,425.000,-1,325.000,325.000,300.000,300.000,-1,-1,-1,-1,950.000,925.000,-1,-1,2,0,2,0,2,0,0,0,0,2,2,2,2,0,0,2,2
8,5791.264,7549.280,478.810,-0.212,0.999863,0.003706,-0.016138,-0.003361,0.999767,0.021303,0.016213,-0.021246,0.999643,0,0.72000,-0.34018,43.200,-0.680,-1,425.000,-1,425.000,-1,325.000,325.000,300.000,300.000,-1,-1,-1,-1,975.000,950.000,-1,-1,2,0,2,0,2,0,0,0,0,2,2,2,2,0,0,2,2
9,5839.259,7548.535,479.758,-0.889,0.999760,0.015517,-0.015474,-0.015179,0.999650,0.021686,0.015805,-0.021446,0.999645,0,0.80000,-0.33845,48.000,-0.677,-1,425.000,-1,425.000,-1,350.000,350.000,300.000,300.000,-1,-1,-1,-1,1000.000,975.000,-1,-1,2,0,2,0,2,0,0,0,0,2,2,2,2,0,0,2,2
10,5890.712,7547.132,480.782,-1.562,0.999519,0.027250,-0.014787,-0.026920,0.999393,0.022100,0.015380,-0.021691,0.999646,0,0.85787,-0.33631,51.472,-0.673,-1,425.000,-1,425.000,-1,350.000,350.000,300.000,300.000,-1,-1,-1,-1,-1,-1,-1,-1,2,0,2,0,2,0,0,0,0,2,2,2,2,2,2,2,2
11,5942.107,7545.132,480.938,-2.229,0.999165,0.038890,-0.012547,-0.038593,0.998988,0.023120,0.013434,-0.022616,0.999654,0,0.85723,-0.33373,51.434,-0.667,-1,425.000,-1,425.000,-1,350.000,350.000,300.000,300.000,-1,-1,-1,-1,-1,-1,-1,-1,2,0,2,0,2,0,0,0,0,2,2,2,2,2,2,2,2
12,5993.442,7542.540,480.760,-2.891,0.998683,0.050424,-0.009439,-0.050193,0.998467,0.023314,0.010600,-0.022809,0.999684,0,0.85669,-0.33085,51.401,-0.662,-1,425.000,-1,425.000,-1,350.000,350.000,300.000,300.000,-1,-1,-1,-1,1000.000,1000.000,-1,-1,2,0,2,0,2,0,0,0,0,2,2,2,2,0,0,2,2
13,6044.718,7539.362,480.595,-3.546,0.998066,0.061840,-0.006336,-0.061676,0.997821,0.023428,0.007771,-0.022992,0.999705,0,0.85624,-0.32767,51.374,-0.655,-1,425.000,-1,425.000,-1,350.000,350.000,300.000,300.000,-1,-1,-1,-1,1000.000,1000.000,-1,-1,2,0,2,0,2,0,0,0,0,2,2,2,2,0,0,2,2
14,6095.934,7535.606,480.443,-4.195,0.997317,0.073128,-0.003238,-0.073032,0.997054,0.023465,0.004944,-0.023165,0.999719,0,0.85589,-0.32420,51.353,-0.648,-1,425.000,-1,425.000,-1,350.000,350.000,300.000,300.000,-1,-1,-1,-1,1000.000,1000.000,-1,-1,2,0,2,0,2,0,0,0,0,2,2,2,2,0,0,2,2
15,6147.090,7531.278,480.304,-4.836,0.996443,0.084275,-0.000145,-0.084248,0.996169,0.023425,0.002118,-0.023329,0.999726,0,0.85565,-0.32043,51.339,-0.641,-1,425.000,-1,425.000,-1,325.000,325.000,300.000,300.000,-1,-1,-1,-1,975.000,975.000,-1,-1,2,0,2,0,2,0,0,0,0,2,2,2,2,0,0,2,2
16,6198.188,7526.387,480.179,-5.468,0.995447,0.095270,0.002944,-0.095313,0.995174,0.023310,-0.000709,-0.023484,0.999724,0,0.85553,-0.31637,51.332,-0.633,-1,425.000,-1,425.000,-1,325.000,325.000,300.000,300.000,-1,-1,-1,-1,975.000,975.000,-1,-1,2,0,2,0,2,0,0,0,0,2,2,2,2,0,0,2,2
17,6249.230,7520.939,480.068,-6.092,0.994337,0.106103,0.006028,-0.106215,0.994074,0.023121,-0.003539,-0.023630,0.999714,0,0.85553,-0.31201,51.332,-0.624,-1,425.000,-1,400.000,-1,325.000,325.000,300.000,275.000,-1,-1,-1,-1,950.000,975.000,-1,-1,2,0,2,0,2,0,0,0,0,2,2,2,2,0,0,2,2
18,6300.219,7514.943,479.970,-6.707,0.993118,0.116762,0.009109,-0.116943,0.992876,0.022861,-0.006375,-0.023769,0.999697,0,0.85567,-0.30737,51.340,-0.615,-1,425.000,-1,425.000,-1,325.000,325.000,300.000,300.000,-1,-1,-1,-1,950.000,950.000,-1,-1,2,0,2,0,2,0,0,0,0,2,2,2,2,0,0,2,2
19,6351.159,7508.407,479.885,-7.312,0.991798,0.127236,0.012187,-0.127486,0.991584,0.022531,-0.009217,-0.023900,0.999672,0,0.85595,-0.30244,51.357,-0.605,-1,425.000,-1,425.000,-1,325.000,325.000,300.000,300.000,-1,-1,-1,-1,950.000,950.000,-1,-1,2,0,2,0,2,0,0,0,0,2,2,2,2,0,0,2,2
20,6402.053,7501.339,479.815,-7.906,0.990382,0.137516,0.015262,-0.137833,0.990208,0.022133,-0.012069,-0.024023,0.999639,0,0.85637,-0.29721,51.382,-0.594,-1,425.000,-1,425.000,-1,325.000,325.000,300.000,300.000,-1,-1,-1,-1,950.000,950.000,-1,-1,2,0,2,0,2,0,0,0,0,2,2,2,2,0,0,2,2
21,6452.907,7493.748,479.758,-8.490,0.988878,0.147591,0.018336,-0.147974,0.988754,0.021668,-0.014932,-0.024141,0.999597,0,0.85695,-0.29170,51.417,-0.583,-1,425.000,-1,425.000,-1,350.000,325.000,300.000,300.000,-1,-1,-1,-1,950.000,950.000,-1,-1,2,0,2,0,2,0,0,0,0,2,2,2,2,0,0,2,2
22,6508.383,7484.651,479.676,-9.313,0.986590,0.161784,0.021571,-0.162237,0.986524,0.021226,-0.017846,-0.024441,0.999542,0,0.93695,-0.41170,56.217,-0.823,-1,425.000,-1,425.000,-1,350.000,350.000,300.000,300.000,-1,-1,-1,-1,950.000,950.000,-1,-1,2,0,2,0,2,0,0,0,0,2,2,2,2,0,0,2,2
23,6564.483,7474.380,478.794,-10.377,0.983342,0.180047,0.024913,-0.180640,0.983256,0.024019,-0.020172,-0.028119,0.999401,0,0.95054,-0.53170,57.032,-1.063,-1,425.000,-1,425.000,-1,350.000,350.000,300.000,300.000,-1,-1,-1,-1,925.000,950.000,-1,-1,2,0,2,0,2,0,0,0,0,2,2,2,2,0,0,2,2
24,6620.410,7462.819,477.517,-11.680,0.978919,0.202348,0.027783,-0.203067,0.978818,0.026071,-0.021919,-0.031164,0.999274,0,0.95182,-0.65170,57.109,-1.303,-1,425.000,-1,425.000,-1,350.000,350.000,300.000,300.000,-1,-1,-1,-1,925.000,975.000,-1,-1,2,0,2,0,2,0,0,0,0,2,2,2,2,0,0,2,2
25,6676.139,7449.951,475.549,-13.003,0.973905,0.224883,0.030596,-0.225671,0.973876,0.025281,-0.024111,-0.031526,0.999212,0,0.95324,-0.66126,57.194,-1.323,-1,425.000,-1,425.000,-1,350.000,350.000,300.000,300.000,-1,-1,-1,-1,925.000,950.000,-1,-1,2,0,2,0,2,0,0,0,0,2,2,2,2,0,0,2,2
26,6731.644,7435.792,473.611,-14.311,0.968424,0.247063,0.033388,-0.247915,0.968476,0.024352,-0.026319,-0.031860,0.999146,0,0.95470,-0.65429,57.282,-1.309,-1,425.000,-1,425.000,-1,350.000,350.000,300.000,300.000,-1,-1,-1,-1,900.000,950.000,-1,-1,2,0,2,0,2,0,0,0,0,2,2,2,2,0,0,2,2
27,6786.901,7420.358,471.702,-15.606,0.962496,0.268876,0.036156,-0.269791,0.962637,0.023285,-0.028544,-0.032166,0.999075,0,0.95620,-0.64726,57.372,-1.295,-1,425.000,-1,425.000,-1,325.000,325.000,300.000,300.000,-1,-1,-1,-1,900.000,950.000,-1,-1,2,0,2,0,2,0,0,0,0,2,2,2,2,0,0,2,2
28,6841.849,7403.672,469.824,-16.892,0.956110,0.290416,0.038893,-0.291388,0.956350,0.022086,-0.030781,-0.032450,0.998999,0,0.95708,-0.64318,57.425,-1.286,-1,425.000,-1,425.000,-1,325.000,325.000,300.000,300.000,-1,-1,-1,-1,900.000,950.000,-1,-1,2,0,2,0,2,0,0,0,0,2,2,2,2,0,0,2,2
29,6896.408,7385.757,467.974,-18.178,0.949233,0.311810,0.041607,-0.312834,0.949581,0.020766,-0.033035,-0.032728,0.998918,0,0.95708,-0.64318,57.425,-1.286,-1,425.000,-1,425.000,-1,325.000,325.000,300.000,300.000,-1,-1,-1,-1,900.000,925.000,-1,-1,2,0,2,0,2,0,0,0,0,2,2,2,2,0,0,2,2
30,6950.551,7366.622,466.124,-19.465,0.941864,0.333044,0.044427,-0.334124,0.942329,0.019408,-0.035401,-0.033124,0.998824,0,0.95708,-0.64318,57.425,-1.286,-1,425.000,-1,400.000,-1,325.000,325.000,300.000,300.000,-1,-1,-1,-1,875.000,925.000,-1,-1,2,0,2,0,2,0,0,0,0,2,2,2,2,0,0,2,2
31,7004.251,7346.276,464.302,-20.751,0.934011,0.354110,0.047220,-0.355241,0.934603,0.017926,-0.037784,-0.033518,0.998724,0,0.95708,-0.64318,57.425,-1.286,-1,425.000,-1,400.000,-1,325.000,325.000,300.000,300.000,-1,-1,-1,-1,875.000,925.000,-1,-1,2,0,2,0,2,0,0,0,0,2,2,2,2,0,0,2,2
32,7057.481,7324.730,462.509,-22.037,0.925678,0.374997,0.049984,-0.376173,0.926406,0.016320,-0.040185,-0.033910,0.998617,0,0.95708,-0.64318,57.425,-1.286,-1,425.000,-1,400.000,-1,325.000,325.000,300.000,300.000,-1,-1,-1,-1,875.000,900.000,-1,-1,2,0,2,0,2,0,0,0,0,2,2,2,2,0,0,2,2
33,7110.214,7301.994,460.479,-23.324,0.916896,0.395679,0.052351,-0.396938,0.917707,0.015918,-0.041745,-0.035375,0.998502,0,0.95708,-0.64318,57.425,-1.286,-1,425.000,-1,400.000,-1,325.000,325.000,300.000,300.000,-1,-1,-1,-1,875.000,925.000,-1,-1,2,0,2,0,2,0,0,0,0,2,2,2,2,0,0,2,2
34,7162.424,7278.082,458.202,-24.610,0.907639,0.416142,0.054933,-0.417542,0.908507,0.016554,-0.043018,-0.037962,0.998353,0,0.95708,-0.64318,57.425,-1.286,-1,425.000,-1,425.000,-1,325.000,325.000,300.000,300.000,-1,-1,-1,-1,875.000,925.000,-1,-1,2,0,2,0,2,0,0,0,0,2,2,2,2,0,0,2,2
35,7214.083,7253.003,455.860,-25.896,0.897890,0.436381,0.058015,-0.437955,0.898831,0.017284,-0.044604,-0.040927,0.998166,0,0.95708,-0.64318,57.425,-1.286,-1,400.000,-1,425.000,-1,325.000,325.000,300.000,300.000,-1,-1,-1,-1,850.000,925.000,-1,-1,2,0,2,0,2,0,0,0,0,2,2,2,2,0,0,2,2
36,7265.167,7226.771,453.376,-27.183,0.887657,0.456404,0.061328,-0.458131,0.888721,0.017073,-0.046712,-0.043251,0.997972,0,0.95708,-0.64318,57.425,-1.286,-1,400.000,-1,425.000,-1,325.000,325.000,300.000,300.000,-1,-1,-1,-1,850.000,925.000,-1,-1,2,0,2,0,2,0,0,0,0,2,2,2,2,0,0,2,2
37,7315.649,7199.398,450.610,-28.469,0.877035,0.476215,0.063464,-0.478014,0.878205,0.016075,-0.048079,-0.044434,0.997855,0,0.95708,-0.64318,57.425,-1.286,-1,400.000,-1,425.000,-1,325.000,325.000,300.000,300.000,-1,-1,-1,-1,850.000,900.000,-1,-1,2,0,2,0,2,0,0,0,0,2,2,2,2,0,0,2,2
38,7365.503,7170.898,447.693,-29.756,0.866014,0.495799,0.064832,-0.497617,0.867273,0.014661,-0.048958,-0.044958,0.997788,0,0.95708,-0.64318,57.425,-1.286,-1,400.000,-1,425.000,-1,325.000,325.000,300.000,300.000,-1,-1,-1,-1,850.000,900.000,-1,-1,2,0,2,0,2,0,0,0,0,2,2,2,2,0,0,2,2
39,7414.704,7141.286,444.702,-31.042,0.854544,0.515139,0.066227,-0.516956,0.855916,0.012778,-0.050102,-0.045156,0.997723,0,0.95708,-0.64318,57.425,-1.286,-1,400.000,-1,425.000,-1,325.000,325.000,300.000,300.000,-1,-1,-1,-1,825.000,900.000,-1,-1,2,0,2,0,2,0,0,0,0,2,2,2,2,0,0,2,2
40,7463.229,7110.576,441.646,-32.328,0.842638,0.534222,0.067591,-0.536026,0.844134,0.010674,-0.051353,-0.045225,0.997656,0,0.95708,-0.64318,57.425,-1.286,-1,400.000,-1,425.000,-1,325.000,325.000,300.000,300.000,-1,-1,-1,-1,825.000,900.000,-1,-1,2,0,2,0,2,0,0,0,0,2,2,2,2,0,0,2,2
41,7511.078,7078.766,438.614,-33.617,0.830286,0.553063,0.068893,-0.554850,0.831906,0.008533,-0.052594,-0.045310,0.997588,0,0.95763,-0.64413,57.458,-1.288,-1,400.000,-1,425.000,-1,325.000,325.000,300.000,300.000,-1,-1,-1,-1,825.000,900.000,-1,-1,2,0,2,0,2,0,0,0,0,2,2,2,2,0,0,2,2
42,7558.316,7045.796,435.602,-34.913,0.817428,0.571745,0.070134,-0.573511,0.819173,0.006352,-0.053820,-0.045415,0.997517,0,0.96009,-0.64837,57.605,-1.297,-1,400.000,-1,425.000,-1,325.000,325.000,300.000,300.000,-1,-1,-1,-1,825.000,900.000,-1,-1,2,0,2,0,2,0,0,0,0,2,2,2,2,0,0,2,2
43,7604.911,7011.671,432.611,-36.218,0.804062,0.590253,0.071311,-0.591993,0.805933,0.004137,-0.055030,-0.045542,0.997446,0,0.96256,-0.65261,57.754,-1.305,-1,400.000,-1,400.000,-1,325.000,325.000,300.000,300.000,-1,-1,-1,-1,850.000,900.000,-1,-1,2,0,2,0,2,0,0,0,0,2,2,2,2,0,0,2,2
44,7647.044,6979.593,429.842,-37.284,0.792834,0.605128,0.072346,-0.606850,0.794813,0.002323,-0.056095,-0.045745,0.997377,0,0.88256,-0.53261,52.954,-1.065,-1,400.000,-1,400.000,-1,325.000,325.000,300.000,300.000,-1,-1,-1,-1,825.000,900.000,-1,-1,2,0,2,0,2,0,0,0,0,2,2,2,2,0,0,2,2
45,7686.461,6948.677,427.115,-38.109,0.783936,0.616497,0.073313,-0.618230,0.785996,0.001205,-0.056881,-0.046269,0.997308,0,0.83492,-0.41261,50.095,-0.825,-1,400.000,-1,400.000,-1,325.000,325.000,300.000,300.000,-1,-1,-1,-1,825.000,900.000,-1,-1,2,0,2,0,2,0,0,0,0,2,2,2,2,0,0,2,2
46,7725.539,6917.140,424.391,-38.905,0.775193,0.627343,0.074275,-0.629085,0.777337,0.000074,-0.057691,-0.046783,0.997238,0,0.83694,-0.39801,50.216,-0.796,-1,400.000,-1,400.000,-1,325.000,325.000,300.000,300.000,-1,-1,-1,-1,825.000,900.000,-1,-1,2,0,2,0,2,0,0,0,0,2,2,2,2,0,0,2,2
47,7764.261,6884.983,421.658,-39.709,0.766209,0.638166,0.075280,-0.639921,0.768440,-0.001057,-0.058522,-0.047363,0.997162,0,0.83888,-0.40183,50.333,-0.804,-1,400.000,-1,400.000,-1,325.000,325.000,300.000,300.000,-1,-1,-1,-1,825.000,900.000,-1,-1,2,0,2,0,2,0,0,0,0,2,2,2,2,0,0,2,2
48,7802.609,6852.209,418.609,-40.520,0.756923,0.648946,0.077053,-0.650759,0.759281,-0.002048,-0.059834,-0.048593,0.997025,0,0.84075,-0.40569,50.445,-0.811,-1,400.000,-1,400.000,-1,325.000,325.000,300.000,300.000,-1,-1,-1,-1,825.000,900.000,-1,-1,2,0,2,0,2,0,0,0,0,2,2,2,2,0,0,2,2
49,7840.566,6818.818,415.451,-41.339,0.747416,0.659701,0.078511,-0.661556,0.749889,-0.003128,-0.060938,-0.049602,0.996908,0,0.84256,-0.40957,50.553,-0.819,-1,400.000,-1,400.000,-1,325.000,325.000,300.000,300.000,-1,-1,-1,-1,825.000,900.000,-1,-1,2,0,2,0,2,0,0,0,0,2,2,2,2,0,0,2,2
50,7878.115,6784.813,412.302,-42.166,0.737664,0.670422,0.079912,-0.672316,0.740252,-0.004240,-0.061998,-0.050599,0.996793,0,0.84429,-0.41349,50.657,-0.827,-1,400.000,-1,400.000,-1,325.000,325.000,300.000,300.000,-1,-1,-1,-1,825.000,875.000,-1,-1,2,0,2,0,2,0,0,0,0,2,2,2,2,0,0,2,2
51,7915.236,6750.196,409.163,-43.001,0.727665,0.681103,0.081254,-0.683032,0.730368,-0.005382,-0.063011,-0.051583,0.996679,0,0.84595,-0.41744,50.757,-0.835,-1,400.000,-1,400.000,-1,325.000,325.000,300.000,300.000,-1,-1,-1,-1,800.000,875.000,-1,-1,2,0,2,0,2,0,0,0,0,2,2,2,2,0,0,2,2
52,7951.913,6714.972,406.003,-43.844,0.717430,0.691742,0.082388,-0.693695,0.720238,-0.006571,-0.063884,-0.052438,0.996579,0,0.84752,-0.42142,50.851,-0.843,-1,400.000,-1,400.000,-1,325.000,325.000,300.000,300.000,-1,-1,-1,-1,800.000,875.000,-1,-1,2,0,2,0,2,0,0,0,0,2,2,2,2,0,0,2,2
53,7988.125,6679.144,402.746,-44.695,0.706988,0.702345,0.082945,-0.704289,0.709870,-0.007843,-0.064388,-0.052873,0.996523,0,0.84901,-0.42544,50.940,-0.851,-1,400.000,-1,425.000,-1,325.000,325.000,300.000,300.000,-1,-1,-1,-1,800.000,875.000,-1,-1,2,0,2,0,2,0,0,0,0,2,2,2,2,0,0,2,2
54,8023.855,6642.717,399.505,-45.554,0.696291,0.712892,0.083450,-0.714824,0.699245,-0.009116,-0.064851,-0.053305,0.996470,0,0.85040,-0.42949,51.024,-0.859,-1,400.000,-1,425.000,-1,325.000,325.000,300.000,300.000,-1,-1,-1,-1,825.000,875.000,-1,-1,2,0,2,0,2,0,0,0,0,2,2,2,2,0,0,2,2
55,8059.083,6605.697,396.078,-46.421,0.685323,0.723405,0.083770,-0.725253,0.688389,-0.011354,-0.065880,-0.052974,0.996420,0,0.85170,-0.43357,51.102,-0.867,-1,400.000,-1,425.000,-1,325.000,325.000,300.000,300.000,-1,-1,-1,-1,800.000,850.000,-1,-1,2,0,2,0,2,0,0,0,0,2,2,2,2,0,0,2,2
56,8093.789,6568.091,392.620,-47.296,0.674093,0.733858,0.083971,-0.735600,0.677275,-0.013826,-0.067018,-0.052449,0.996372,0,0.85290,-0.43769,51.174,-0.875,-1,400.000,-1,400.000,-1,325.000,325.000,300.000,300.000,-1,-1,-1,-1,800.000,850.000,-1,-1,2,0,2,0,2,0,0,0,0,2,2,2,2,0,0,2,2
57,8127.955,6529.904,389.186,-48.180,0.662603,0.744236,0.084082,-0.745868,0.665895,-0.016277,-0.068103,-0.051929,0.996326,0,0.85399,-0.44184,51.239,-0.884,-1,400.000,-1,400.000,-1,325.000,325.000,300.000,300.000,-1,-1,-1,-1,800.000,850.000,-1,-1,2,0,2,0,2,0,0,0,0,2,2,2,2,0,0,2,2
58,8161.561,6491.146,385.778,-49.072,0.650851,0.754533,0.084104,-0.756052,0.654245,-0.018702,-0.069136,-0.051415,0.996281,0,0.85497,-0.44602,51.298,-0.892,-1,400.000,-1,400.000,-1,325.000,325.000,300.000,300.000,-1,-1,-1,-1,800.000,825.000,-1,-1,2,0,2,0,2,0,0,0,0,2,2,2,2,0,0,2,2
59,8194.588,6451.825,382.299,-49.972,0.638837,0.764731,0.084104,-0.766160,0.642314,-0.020767,-0.069902,-0.051170,0.996241,0,0.85583,-0.45024,51.350,-0.900,-1,400.000,-1,400.000,-1,325.000,325.000,300.000,300.000,-1,-1,-1,-1,800.000,825.000,-1,-1,2,0,2,0,2,0,0,0,0,2,2,2,2,0,0,2,2
60,8227.014,6411.952,378.656,-50.881,0.626565,0.774804,0.084230,-0.776219,0.630085,-0.021860,-0.070010,-0.051684,0.996206,0,0.85657,-0.45449,51.394,-0.909,-1,400.000,-1,400.000,-1,325.000,325.000,300.000,300.000,-1,-1,-1,-1,800.000,825.000,-1,-1,2,0,2,0,2,0,0,0,0,2,2,2,2,0,0,2,2
61,8258.821,6371.534,375.049,-51.799,0.614022,0.784772,0.084319,-0.786176,0.617579,-0.022887,-0.070035,-0.052236,0.996176,0,0.85719,-0.45877,51.431,-0.918,-1,400.000,-1,400.000,-1,325.000,325.000,300.000,300.000,-1,-1,-1,-1,800.000,825.000,-1,-1,2,0,2,0,2,0,0,0,0,2,2,2,2,0,0,2,2
62,8289.988,6330.585,371.490,-52.725,0.601206,0.794629,0.084361,-0.796022,0.604796,-0.023890,-0.070005,-0.052791,0.996149,0,0.85767,-0.46307,51.460,-0.926,-1,400.000,-1,400.000,-1,325.000,325.000,300.000,300.000,-1,-1,-1,-1,800.000,825.000,-1,-1,2,0,2,0,2,0,0,0,0,2,2,2,2,0,0,2,2
63,8320.496,6289.116,367.810,-53.660,0.588029,0.804336,0.085240,-0.805765,0.591712,-0.024901,-0.070466,-0.054041,0.996049,0,0.85803,-0.46740,51.482,-0.935,-1,400.000,-1,400.000,-1,325.000,325.000,300.000,300.000,-1,-1,-1,-1,775.000,825.000,-1,-1,2,0,2,0,2,0,0,0,0,2,2,2,2,0,0,2,2
64,8350.325,6247.140,364.174,-54.603,0.574569,0.813913,0.086111,-0.815379,0.578346,-0.025918,-0.070897,-0.055322,0.995948,0,0.85824,-0.47175,51.495,-0.944,-1,400.000,-1,400.000,-1,325.000,325.000,300.000,300.000,-1,-1,-1,-1,775.000,800.000,-1,-1,2,0,2,0,2,0,0,0,0,2,2,2,2,0,0,2,2
65,8379.454,6204.670,360.599,-55.556,0.560836,0.823355,0.086890,-0.824856,0.564701,-0.026936,-0.071245,-0.056565,0.995854,0,0.85832,-0.47612,51.499,-0.952,-1,400.000,-1,400.000,-1,325.000,325.000,300.000,300.000,-1,-1,-1,-1,775.000,800.000,-1,-1,2,0,2,0,2,0,0,0,0,2,2,2,2,0,0,2,2
66,8407.670,6161.639,357.093,-56.748,0.543461,0.834856,0.087556,-0.836403,0.547401,-0.027966,-0.071276,-0.058034,0.995767,0,0.85761,-0.59612,51.456,-1.192,-1,400.000,-1,400.000,-1,325.000,325.000,300.000,325.000,-1,-1,-1,-1,750.000,800.000,-1,-1,2,0,2,0,2,0,0,0,0,2,2,2,2,0,0,2,2
67,8434.807,6117.909,353.666,-58.180,0.522309,0.848193,0.088100,-0.849797,0.526311,-0.029022,-0.070984,-0.059708,0.995689,0,0.85775,-0.71612,51.465,-1.432,-1,400.000,-1,400.000,-1,325.000,325.000,300.000,325.000,-1,-1,-1,-1,750.000,800.000,-1,-1,2,0,2,0,2,0,0,0,0,2,2,2,2,0,0,2,2
68,8460.667,6073.385,350.296,-59.852,0.497240,0.863098,0.088399,-0.864761,0.501281,-0.030098,-0.070290,-0.061478,0.995630,0,0.85814,-0.83612,51.488,-1.672,-1,400.000,-1,400.000,-1,325.000,325.000,300.000,325.000,-1,-1,-1,-1,750.000,800.000,-1,-1,2,0,2,0,2,0,0,0,0,2,2,2,2,0,0,2,2
69,8485.047,6027.987,346.795,-61.765,0.468152,0.879269,0.087862,-0.880964,0.472161,-0.031086,-0.068818,-0.062850,0.995647,0,0.85882,-0.95612,51.529,-1.912,-1,375.000,-1,400.000,-1,325.000,325.000,300.000,325.000,-1,-1,-1,-1,750.000,800.000,-1,-1,2,0,2,0,2,0,0,0,0,2,2,2,2,0,0,2,2
70,8507.854,5981.711,343.421,-63.765,0.437186,0.895136,0.087175,-0.896861,0.441150,-0.032048,-0.067144,-0.064172,0.995677,0,0.85983,-1.00000,51.590,-2.000,-1,400.000,-1,400.000,-1,325.000,325.000,300.000,325.000,-1,-1,-1,-1,750.000,800.000,-1,-1,2,0,2,0,2,0,0,0,0,2,2,2,2,0,0,2,2
71,8529.059,5934.606,340.088,-65.765,0.405700,0.909937,0.086153,-0.911648,0.409619,-0.033333,-0.065621,-0.065018,0.995724,0,0.86096,-1.00000,51.657,-2.000,-1,400.000,-1,400.000,-1,325.000,325.000,300.000,300.000,-1,-1,-1,-1,750.000,800.000,-1,-1,2,0,2,0,2,0,0,0,0,2,2,2,2,0,0,2,2
72,8548.633,5886.728,336.868,-67.765,0.373734,0.923640,0.084924,-0.925323,0.377597,-0.034617,-0.064040,-0.065645,0.995786,0,0.86205,-1.00000,51.723,-2.000,-1,400.000,-1,400.000,-1,325.000,325.000,325.000,300.000,-1,-1,-1,-1,750.000,800.000,-1,-1,2,0,2,0,2,0,0,0,0,2,2,2,2,0,0,2,2
73,8566.545,5838.137,333.755,-69.765,0.341336,0.936232,0.083430,-0.937874,0.345124,-0.035793,-0.062304,-0.066029,0.995871,0,0.86310,-1.00000,51.786,-2.000,-1,400.000,-1,400.000,-1,325.000,325.000,325.000,300.000,-1,-1,-1,-1,750.000,800.000,-1,-1,2,0,2,0,2,0,0,0,0,2,2,2,2,0,0,2,2
74,8583.577,5786.443,330.388,-71.765,0.308526,0.947632,0.082491,-0.949327,0.312216,-0.036046,-0.059913,-0.067190,0.995940,0,0.90711,-1.00000,54.427,-2.000,-1,400.000,-1,400.000,-1,325.000,325.000,325.000,300.000,-1,-1,-1,-1,750.000,800.000,-1,-1,2,0,2,0,2,0,0,0,0,2,2,2,2,0,0,2,2
75,8598.809,5734.139,327.081,-73.765,0.275299,0.957859,0.081952,-0.959619,0.278927,-0.036495,-0.057816,-0.068596,0.995968,0,0.90793,-1.00000,54.476,-2.000,-1,400.000,-1,400.000,-1,325.000,325.000,325.000,300.000,-1,-1,-1,-1,750.000,800.000,-1,-1,2,0,2,0,2,0,0,0,1,2,2,2,2,0,0,2,2
76,8612.217,5681.292,323.933,-75.765,0.241742,0.966926,0.081331,-0.968740,0.245307,-0.036985,-0.055712,-0.069847,0.996001,0,0.90867,-1.00000,54.520,-2.000,-1,400.000,-1,400.000,-1,325.000,325.000,325.000,300.000,-1,-1,-1,-1,750.000,800.000,-1,-1,2,0,2,0,2,0,0,0,1,2,2,2,2,0,0,2,2
77,8623.780,5627.971,320.944,-77.765,0.207897,0.974822,0.080630,-0.976681,0.211395,-0.037510,-0.053610,-0.070951,0.996038,0,0.90931,-1.00000,54.559,-2.000,-1,400.000,-1,400.000,-1,325.000,325.000,300.000,275.000,-1,-1,-1,-1,750.000,800.000,-1,-1,2,0,2,0,2,0,0,0,1,2,2,2,2,0,0,2,2
78,8633.482,5574.247,318.111,-79.765,0.173801,0.981538,0.079853,-0.983432,0.177234,-0.038066,-0.051516,-0.071914,0.996080,0,0.90986,-1.00000,54.592,-2.000,-1,375.000,-1,400.000,950.000,325.000,325.000,300.000,275.000,-1,-1,-1,-1,750.000,800.000,-1,-1,2,0,2,0,1,0,0,0,1,2,2,2,2,0,0,2,2
79,8641.306,5520.192,315.417,-81.765,0.139498,0.987060,0.079069,-0.988991,0.142861,-0.038579,-0.049376,-0.072817,0.996122,0,0.91029,-1.00000,54.618,-2.000,-1,375.000,-1,400.000,875.000,325.000,325.000,300.000,275.000,-1,-1,-1,-1,750.000,800.000,-1,-1,2,0,2,0,1,0,0,0,1,2,2,2,2,0,0,2,2
80,8647.241,5465.878,312.852,-83.765,0.105027,0.991381,0.078314,-0.993350,0.108319,-0.039030,-0.047177,-0.073694,0.996164,0,0.91060,-1.00000,54.636,-2.000,-1,400.000,-1,400.000,775.000,325.000,325.000,300.000,275.000,-1,-1,-1,-1,750.000,800.000,-1,-1,2,0,2,0,1,0,0,0,1,2,2,2,2,0,0,2,2
81,8651.277,5411.379,310.447,-85.765,0.070429,0.994503,0.077478,-0.996500,0.073651,-0.039539,-0.045028,-0.074422,0.996210,0,0.91079,-1.00000,54.647,-2.000,-1,400.000,-1,400.000,700.000,325.000,325.000,300.000,275.000,-1,-1,-1,-1,750.000,800.000,-1,-1,2,0,2,0,1,0,0,0,1,2,2,2,2,0,0,2,2
82,8653.409,5356.769,308.199,-87.765,0.035743,0.996424,0.076564,-0.998438,0.038896,-0.040099,-0.042934,-0.075011,0.996258,0,0.91083,-1.00000,54.650,-2.000,-1,400.000,-1,400.000,650.000,325.000,325.000,300.000,275.000,-1,-1,-1,-1,750.000,800.000,-1,-1,2,0,2,0,1,0,0,0,1,2,2,2,2,0,0,2,2
83,8653.633,5302.125,306.107,-89.765,0.001011,0.997140,0.075573,-0.999163,0.004098,-0.040705,-0.040898,-0.075469,0.996309,0,0.91072,-1.00000,54.643,-2.000,-1,400.000,-1,400.000,575.000,325.000,325.000,300.000,275.000,-1,-1,-1,-1,775.000,800.000,-1,-1,2,0,2,0,1,0,0,0,1,2,2,2,2,0,0,2,2
84,8651.951,5247.523,304.123,-91.765,-0.033727,0.996637,0.074675,-0.998676,-0.030703,-0.041283,-0.038851,-0.075968,0.996353,0,0.91045,-1.00000,54.627,-2.000,-1,400.000,-1,400.000,525.000,325.000,325.000,300.000,275.000,-1,-1,-1,-1,775.000,800.000,-1,-1,2,0,2,0,1,0,0,0,1,2,2,2,2,0,0,2,2
85,8648.367,5193.038,301.959,-93.765,-0.068428,0.994902,0.074082,-0.996982,-0.065463,-0.041740,-0.036678,-0.076715,0.996378,0,0.91002,-1.00000,54.601,-2.000,-1,400.000,-1,400.000,475.000,325.000,325.000,300.000,250.000,-1,-1,-1,-1,775.000,800.000,-1,925.000,2,0,2,0,1,0,0,0,1,2,2,2,2,0,0,2,1
86,8642.886,5138.748,299.943,-95.765,-0.103047,0.991964,0.073408,-0.994076,-0.100140,-0.042249,-0.034558,-0.077327,0.996407,0,0.90941,-1.00000,54.564,-2.000,-1,400.000,-1,400.000,425.000,325.000,325.000,300.000,250.000,-1,-1,-1,-1,775.000,800.000,-1,725.000,2,0,2,0,1,0,0,0,1,2,2,2,2,0,1,2,1
87,8635.865,5085.594,298.095,-97.525,-0.133414,0.988391,0.072693,-0.990518,-0.130555,-0.042772,-0.032785,-0.077710,0.996437,0,0.89359,-0.88000,53.615,-1.760,-1,400.000,-1,400.000,400.000,325.000,325.000,300.000,250.000,-1,-1,-1,-1,775.000,750.000,-1,625.000,2,0,2,0,1,0,0,0,1,2,2,2,2,0,1,2,1
88,8627.450,5032.731,296.350,-99.045,-0.159549,0.984562,0.071988,-0.986690,-0.156724,-0.043360,-0.031409,-0.077948,0.996463,0,0.89211,-0.76000,53.527,-1.520,-1,400.000,-1,400.000,350.000,325.000,325.000,300.000,250.000,-1,-1,-1,-1,775.000,700.000,-1,550.000,2,0,2,0,1,0,0,0,1,2,2,2,2,0,1,2,1
89,8617.882,4980.206,294.695,-100.325,-0.181481,0.980809,0.071268,-0.982925,-0.178677,-0.043968,-0.030391,-0.078030,0.996488,0,0.88982,-0.64000,53.389,-1.280,-1,400.000,-1,400.000,325.000,325.000,325.000,300.000,225.000,-1,-1,-1,-1,775.000,650.000,-1,500.000,2,0,2,0,1,0,0,0,1,2,2,2,2,0,1,2,1
90,8607.380,4928.052,293.120,-101.384,-0.199571,0.977342,0.070522,-0.979434,-0.196783,-0.044561,-0.029674,-0.077964,0.996514,0,0.88667,-0.52972,53.200,-1.059,-1,400.000,-1,400.000,300.000,325.000,325.000,300.000,225.000,-1,-1,-1,-1,775.000,625.000,-1,450.000,2,0,2,0,1,0,0,0,1,2,2,2,2,0,1,2,1
91,8595.965,4876.334,291.622,-102.447,-0.217660,0.973528,0.069761,-0.975595,-0.214888,-0.045136,-0.028950,-0.077883,0.996542,0,0.88269,-0.53169,52.962,-1.063,-1,400.000,-1,400.000,275.000,325.000,325.000,300.000,225.000,-1,-1,-1,-1,775.000,600.000,-1,400.000,2,0,2,0,1,0,0,0,1,2,2,2,2,0,1,2,1
92,8583.647,4825.085,290.197,-103.514,-0.235733,0.969366,0.068989,-0.971408,-0.232978,-0.045690,-0.028218,-0.077788,0.996571,0,0.87848,-0.53340,52.709,-1.067,-1,400.000,-1,400.000,250.000,325.000,325.000,300.000,200.000,-1,-1,-1,-1,750.000,575.000,-1,350.000,2,0,2,0,1,0,0,0,1,2,2,2,2,0,1,2,1
93,8570.441,4774.330,288.847,-104.584,-0.253772,0.964856,0.068210,-0.966874,-0.251036,-0.046221,-0.027473,-0.077680,0.996600,0,0.87405,-0.53484,52.443,-1.070,-1,400.000,-1,400.000,200.000,325.000,325.000,300.000,200.000,-1,-1,-1,-1,750.000,550.000,-1,300.000,2,0,2,0,1,0,0,0,1,2,2,2,2,0,1,2,1
94,8556.363,4724.097,287.568,-105.656,-0.271763,0.959999,0.067426,-0.961993,-0.269046,-0.046724,-0.026714,-0.077561,0.996630,0,0.86947,-0.53602,52.168,-1.072,-1,400.000,-1,375.000,175.000,325.000,325.000,300.000,200.000,-1,-1,-1,-1,750.000,525.000,-1,250.000,2,0,2,1,1,0,0,0,1,2,2,2,2,0,1,2,1
95,8541.427,4674.408,286.328,-106.730,-0.289685,0.954789,0.066791,-0.956773,-0.286990,-0.047137,-0.025837,-0.077559,0.996653,0,0.86475,-0.53692,51.885,-1.074,-1,400.000,-1,350.000,150.000,325.000,325.000,300.000,175.000,-1,-1,-1,-1,750.000,500.000,-1,200.000,2,0,2,1,1,0,0,0,1,2,2,2,2,0,1,2,1
96,8525.654,4625.280,286.352,-107.805,-0.307357,0.948859,0.072103,-0.951364,-0.304734,-0.045207,-0.020923,-0.082491,0.996372,0,0.85996,-0.53756,51.597,-1.075,-1,400.000,-1,350.000,125.000,325.000,325.000,300.000,175.000,-1,-1,-1,-1,775.000,475.000,-1,175.000,2,0,2,1,1,0,0,0,1,2,2,2,2,0,1,2,1
97,8509.065,4576.727,289.408,-108.881,-0.324267,0.941614,0.090634,-0.945938,-0.322032,-0.038683,-0.007237,-0.098278,0.995133,0,0.85513,-0.53794,51.308,-1.076,-1,425.000,-1,350.000,125.000,350.000,350.000,300.000,175.000,-1,-1,-1,-1,825.000,525.000,-1,175.000,2,0,2,1,1,0,0,0,1,2,2,2,2,0,1,2,1
98,8490.014,4523.952,292.702,-109.868,-0.339064,0.934238,0.110613,-0.940736,-0.337594,-0.032338,0.007131,-0.115022,0.993337,0,0.93513,-0.49350,56.108,-0.987,-1,450.000,-1,375.000,125.000,375.000,400.000,275.000,175.000,-1,325.000,550.000,-1,900.000,-1,-1,200.000,2,0,2,1,1,0,1,0,1,2,0,0,2,0,2,2,1
99,8469.845,4470.998,295.962,-110.872,-0.353543,0.926260,0.130574,-0.935173,-0.353184,-0.026681,0.021403,-0.131542,0.991080,0,0.94439,-0.50210,56.663,-1.004,-1,500.000,-1,400.000,125.000,425.000,400.000,275.000,175.000,-1,175.000,350.000,-1,975.000,-1,-1,225.000,2,0,2,1,1,0,1,0,1,2,0,0,2,0,2,2,1
100,8448.769,4418.507,298.402,-111.894,-0.368210,0.918101,0.146667,-0.929156,-0.368971,-0.022992,0.033007,-0.144743,0.988919,0,0.94269,-0.51126,56.562,-1.023,-1,525.000,-1,425.000,150.000,450.000,425.000,275.000,175.000,775.000,125.000,300.000,-1,-1,-1,-1,275.000,2,0,2,1,1,0,1,0,1,0,0,0,2,2,2,2,1
101,8426.797,4366.542,300.417,-112.936,-0.383059,0.909653,0.160613,-0.922717,-0.384930,-0.020564,0.043119,-0.156078,0.986803,0,0.94026,-0.52087,56.416,-1.042,-1,525.000,-1,475.000,150.000,450.000,450.000,250.000,150.000,625.000,100.000,250.000,-1,-1,-1,-1,-1,2,0,2,1,1,0,1,0,1,0,0,0,2,2,2,2,2
102,8403.943,4315.169,301.990,-113.998,-0.398218,0.900965,0.172292,-0.915832,-0.401098,-0.019302,0.051716,-0.165477,0.984857,0,0.93705,-0.53091,56.223,-1.062,-1,550.000,-1,700.000,150.000,475.000,475.000,250.000,150.000,550.000,75.000,250.000,-1,-1,-1,-1,-1,2,0,2,0,1,0,1,0,1,0,0,0,2,2,2,2,2
103,8380.222,4264.458,303.111,-115.081,-0.413794,0.892073,0.181604,-0.908471,-0.417512,-0.019099,0.058785,-0.172885,0.983186,0,0.93302,-0.54138,55.981,-1.083,-1,575.000,-1,725.000,175.000,500.000,525.000,250.000,150.000,475.000,75.000,225.000,-1,-1,-1,-1,-1,2,0,2,0,1,0,0,0,1,0,0,0,2,2,2,2,2
104,8355.654,4214.478,303.772,-116.185,-0.429873,0.882999,0.188472,-0.900595,-0.434206,-0.019832,0.064324,-0.178262,0.981878,0,0.92814,-0.55222,55.688,-1.104,-1,575.000,-1,750.000,-1,500.000,525.000,250.000,125.000,450.000,50.000,225.000,-1,-1,-1,-1,-1,2,0,2,0,2,0,0,0,1,0,0,0,2,2,2,2,2
105,-983.901,4263.558,325.659,124.571,-0.567089,-0.823252,-0.025820,0.823509,-0.567302,0.001149,-0.015594,-0.020612,0.999666,1,0.00000,0.00000,55.345,-1.127,-1,375.000,-1,400.000,-1,325.000,325.000,300.000,300.000,-1,1000.000,825.000,-1,725.000,725.000,-1,-1,2,0,2,0,2,0,0,0,0,2,1,1,2,0,0,2,2
106,-986.627,4267.508,325.587,124.607,-0.567608,-0.822896,-0.025767,0.823152,-0.567820,0.001139,-0.015568,-0.020564,0.999667,0,0.08000,0.01802,4.800,0.036,-1,375.000,-1,400.000,-1,325.000,325.000,300.000,300.000,-1,1000.000,825.000,-1,725.000,725.000,-1,-1,2,0,2,0,2,0,0,0,0,2,1,1,2,0,0,2,2
107,-992.084,4275.406,325.445,124.642,-0.568118,-0.822547,-0.025660,0.822801,-0.568328,0.001119,-0.015503,-0.020477,0.999670,0,0.16000,0.01766,9.600,0.035,-1,375.000,-1,400.000,-1,325.000,325.000,300.000,300.000,-1,-1,850.000,-1,725.000,725.000,-1,-1,2,0,2,0,2,0,0,0,0,2,2,1,2,0,0,2,2
108,-1000.277,4287.249,325.232,124.676,-0.568609,-0.822213,-0.025498,0.822464,-0.568816,0.001087,-0.015398,-0.020353,0.999674,0,0.24000,0.01695,14.400,0.034,-1,375.000,-1,400.000,-1,325.000,325.000,300.000,300.000,-1,-1,850.000,-1,725.000,725.000,-1,-1,2,0,2,0,2,0,0,0,0,2,2,1,2,0,0,2,2
109,-1011.209,4303.033,324.962,124.708,-0.569072,-0.821899,-0.025297,0.822147,-0.569274,0.000992,-0.015216,-0.020234,0.999679,0,0.32000,0.01592,19.200,0.032,-1,375.000,-1,400.000,-1,325.000,325.000,300.000,300.000,-1,-1,875.000,-1,725.000,725.000,-1,-1,2,0,2,0,2,0,0,0,0,2,2,1,2,0,0,2,2
110,-1024.885,4322.755,324.627,124.737,-0.569499,-0.821610,-0.025045,0.821855,-0.569696,0.000869,-0.014981,-0.020089,0.999686,0,0.40000,0.01463,24.000,0.029,-1,375.000,-1,375.000,-1,325.000,325.000,300.000,300.000,-1,-1,900.000,-1,725.000,725.000,-1,-1,2,0,2,0,2,0,0,0,0,2,2,1,2,0,0,2,2
111,-1041.306,4346.415,324.228,124.763,-0.569885,-0.821352,-0.024740,0.821593,-0.570074,0.000716,-0.014692,-0.019918,0.999694,0,0.48000,0.01314,28.800,0.026,-1,375.000,-1,375.000,-1,325.000,325.000,300.000,300.000,-1,-1,925.000,-1,725.000,725.000,-1,-1,2,0,2,0,2,0,0,0,0,2,2,1,2,0,0,2,2
112,-1058.666,4371.405,323.812,124.786,-0.570226,-0.821125,-0.024415,0.821362,-0.570407,0.000549,-0.014377,-0.019740,0.999702,0,0.50713,0.01152,30.428,0.023,-1,375.000,-1,375.000,-1,325.000,325.000,300.000,300.000,-1,-1,950.000,-1,725.000,725.000,-1,-1,2,0,2,0,2,0,0,0,0,2,2,1,2,0,0,2,2
113,-1075.975,4396.304,323.399,124.806,-0.570523,-0.820929,-0.024075,0.821161,-0.570696,0.000376,-0.014048,-0.019555,0.999710,0,0.50542,0.01003,30.325,0.020,-1,375.000,-1,375.000,-1,325.000,325.000,300.000,300.000,-1,-1,975.000,-1,725.000,725.000,-1,-1,2,0,2,0,2,0,0,0,0,2,2,1,2,0,0,2,2
114,-1093.232,4421.112,322.988,124.824,-0.570785,-0.820757,-0.023717,0.820986,-0.570949,0.000197,-0.013703,-0.019359,0.999719,0,0.50366,0.00875,30.219,0.018,-1,375.000,-1,375.000,-1,325.000,325.000,300.000,300.000,-1,-1,1000.000,-1,725.000,725.000,-1,-1,2,0,2,0,2,0,0,0,0,2,2,1,2,0,0,2,2
115,-1107.770,4441.963,322.648,124.885,-0.571663,-0.820154,-0.023422,0.820378,-0.571821,0.000040,-0.013426,-0.019193,0.999726,0,0.42366,0.03039,25.419,0.061,-1,375.000,-1,375.000,-1,325.000,325.000,300.000,300.000,-1,-1,-1,-1,725.000,700.000,-1,-1,2,0,2,0,2,0,0,0,0,2,2,2,2,0,0,2,2
116,-1119.580,4458.865,322.375,124.944,-0.572519,-0.819563,-0.023187,0.819785,-0.572672,-0.000091,-0.013204,-0.019060,0.999731,0,0.34366,0.02967,20.619,0.059,-1,375.000,-1,375.000,-1,325.000,325.000,300.000,300.000,-1,-1,-1,-1,725.000,700.000,-1,-1,2,0,2,0,2,0,0,0,0,2,2,2,2,0,0,2,2
117,-1128.655,4471.824,322.167,125.002,-0.573360,-0.818980,-0.023009,0.819200,-0.573508,-0.000193,-0.013038,-0.018959,0.999735,0,0.26366,0.02921,15.819,0.058,-1,375.000,-1,375.000,-1,325.000,325.000,300.000,300.000,-1,-1,-1,-1,725.000,700.000,-1,-1,2,0,2,0,2,0,0,0,0,2,2,2,2,0,0,2,2
118,-1134.985,4480.844,322.024,125.060,-0.574190,-0.818402,-0.022886,0.818620,-0.574336,-0.000266,-0.012927,-0.018887,0.999738,0,0.18366,0.02893,11.019,0.058,-1,375.000,-1,375.000,-1,325.000,325.000,300.000,300.000,-1,-1,-1,-1,725.000,700.000,-1,-1,2,0,2,0,2,0,0,0,0,2,2,2,2,0,0,2,2
119,-1138.562,4485.931,321.943,125.118,-0.575014,-0.817825,-0.022817,0.818042,-0.575158,-0.000308,-0.012872,-0.018842,0.999740,0,0.10366,0.02877,6.219,0.058,-1,375.000,-1,375.000,-1,325.000,325.000,300.000,300.000,-1,-1,-1,-1,725.000,700.000,-1,-1,2,0,2,0,2,0,0,0,0,2,2,2,2,0,0,2,2
120,-1139.380,4487.091,321.925,125.175,-0.575833,-0.817249,-0.022803,0.817466,-0.575977,-0.000319,-0.012873,-0.018824,0.999740,0,0.02366,0.02870,1.419,0.057,-1,375.000,-1,375.000,-1,325.000,325.000,300.000,300.000,-1,-1,-1,-1,725.000,700.000,-1,-1,2,0,2,0,2,0,0,0,0,2,2,2,2,0,0,2,2
121,-1137.430,4484.330,321.969,125.233,-0.576650,-0.816672,-0.022842,0.816889,-0.576795,-0.000298,-0.012931,-0.018831,0.999739,0,-0.05634,0.02869,-3.381,0.057,-1,375.000,-1,375.000,-1,325.000,325.000,300.000,300.000,-1,-1,-1,-1,725.000,700.000,-1,-1,2,0,2,0,2,0,0,0,0,2,2,2,2,0,0,2,2
122,-1132.704,4477.653,322.076,125.290,-0.577466,-0.816093,-0.022935,0.816311,-0.577613,-0.000248,-0.013045,-0.018865,0.999737,0,-0.13634,0.02872,-8.181,0.057,-1,375.000,-1,375.000,-1,325.000,325.000,300.000,300.000,-1,-1,-1,-1,725.000,700.000,-1,-1,2,0,2,0,2,0,0,0,0,2,2,2,2,0,0,2,2
123,-1125.194,4467.065,322.247,125.348,-0.578282,-0.815510,-0.023083,0.815730,-0.578433,-0.000167,-0.013215,-0.018926,0.999734,0,-0.21634,0.02881,-12.981,0.058,-1,375.000,-1,375.000,-1,325.000,325.000,300.000,300.000,-1,-1,-1,-1,725.000,700.000,-1,-1,2,0,2,0,2,0,0,0,0,2,2,2,2,0,0,2,2
124,-1115.738,4453.761,322.464,125.406,-0.579101,-0.814924,-0.023270,0.815145,-0.579257,-0.000067,-0.013425,-0.019007,0.999729,0,-0.27203,0.02898,-16.322,0.058,-1,375.000,-1,375.000,-1,325.000,325.000,300.000,300.000,-1,-1,-1,-1,725.000,700.000,-1,-1,2,0,2,0,2,0,0,0,0,2,2,2,2,0,0,2,2
125,-1106.299,4440.511,322.682,125.464,-0.579927,-0.814330,-0.023459,0.814554,-0.580088,0.000031,-0.013634,-0.019090,0.999725,0,-0.27115,0.02925,-16.269,0.058,-1,375.000,-1,375.000,-1,325.000,325.000,300.000,300.000,-1,-1,1000.000,-1,725.000,700.000,-1,-1,2,0,2,0,2,0,0,0,0,2,2,1,2,0,0,2,2
126,-1096.877,4427.313,322.903,125.523,-0.580762,-0.813730,-0.023649,0.813956,-0.580927,0.000127,-0.013842,-0.019176,0.999720,0,-0.27027,0.02956,-16.216,0.059,-1,375.000,-1,375.000,-1,325.000,325.000,300.000,300.000,-1,-1,1000.000,-1,725.000,725.000,-1,-1,2,0,2,0,2,0,0,0,0,2,2,1,2,0,0,2,2
127,-1087.471,4414.166,323.124,125.583,-0.581606,-0.813121,-0.023841,0.813349,-0.581776,0.000221,-0.014050,-0.019262,0.999716,0,-0.26941,0.02993,-16.165,0.060,-1,375.000,-1,375.000,-1,325.000,325.000,300.000,300.000,-1,-1,975.000,-1,725.000,725.000,-1,-1,2,0,2,0,2,0,0,0,0,2,2,1,2,0,0,2,2
128,-1078.081,4401.071,323.348,125.644,-0.582462,-0.812503,-0.024034,0.812733,-0.582636,0.000313,-0.014257,-0.019351,0.999711,0,-0.26856,0.03036,-16.114,0.061,-1,375.000,-1,375.000,-1,325.000,325.000,300.000,300.000,-1,-1,950.000,-1,725.000,725.000,-1,-1,2,0,2,0,2,0,0,0,0,2,2,1,2,0,0,2,2
129,-1068.706,4388.027,323.572,125.706,-0.583330,-0.811874,-0.024228,0.812107,-0.583509,0.000402,-0.014464,-0.019441,0.999706,0,-0.26773,0.03083,-16.064,0.062,-1,375.000,-1,375.000,-1,325.000,325.000,300.000,300.000,-1,-1,950.000,-1,725.000,725.000,-1,-1,2,0,2,0,2,0,0,0,0,2,2,1,2,0,0,2,2
130,-1059.345,4375.034,323.797,125.768,-0.584212,-0.811233,-0.024416,0.811468,-0.584396,0.000489,-0.014665,-0.019527,0.999702,0,-0.26690,0.03135,-16.014,0.063,-1,375.000,-1,375.000,-1,325.000,325.000,300.000,300.000,-1,-1,925.000,-1,725.000,725.000,-1,-1,2,0,2,0,2,0,0,0,0,2,2,1,2,0,0,2,2
131,-1049.999,4362.089,324.020,125.832,-0.585111,-0.810580,-0.024590,0.810817,-0.585299,0.000573,-0.014857,-0.019603,0.999697,0,-0.26610,0.03193,-15.966,0.064,-1,375.000,-1,375.000,-1,325.000,325.000,300.000,300.000,-1,-1,900.000,-1,725.000,725.000,-1,-1,2,0,2,0,2,0,0,0,0,2,2,1,2,0,0,2,2
132,-1040.665,4349.194,324.244,125.897,-0.586026,-0.809914,-0.024764,0.810152,-0.586219,0.000655,-0.015047,-0.019679,0.999693,0,-0.26531,0.03255,-15.919,0.065,-1,375.000,-1,375.000,-1,325.000,325.000,300.000,300.000,-1,-1,900.000,-1,725.000,725.000,-1,-1,2,0,2,0,2,0,0,0,0,2,2,1,2,0,0,2,2
133,-1031.344,4336.347,324.470,125.964,-0.586960,-0.809232,-0.024936,0.809473,-0.587157,0.000734,-0.015236,-0.019754,0.999689,0,-0.26454,0.03323,-15.872,0.066,-1,375.000,-1,375.000,-1,325.000,325.000,300.000,300.000,-1,-1,875.000,-1,725.000,725.000,-1,-1,2,0,2,0,2,0,0,0,0,2,2,1,2,0,0,2,2
134,-1022.034,4323.548,324.696,126.032,-0.587913,-0.808534,-0.025108,0.808777,-0.588115,0.000812,-0.015423,-0.019829,0.999684,0,-0.26378,0.03395,-15.827,0.068,-1,375.000,-1,375.000,-1,325.000,325.000,300.000,300.000,-1,-1,850.000,-1,725.000,725.000,-1,-1,2,0,2,0,2,0,0,0,0,2,2,1,2,0,0,2,2
135,-1012.735,4310.796,324.923,126.101,-0.588887,-0.807820,-0.025278,0.808065,-0.589093,0.000887,-0.015608,-0.019904,0.999680,0,-0.26305,0.03471,-15.783,0.069,-1,375.000,-1,375.000,-1,325.000,325.000,300.000,300.000,-1,1000.000,850.000,-1,725.000,725.000,-1,-1,2,0,2,0,2,0,0,0,0,2,1,1,2,0,0,2,2
136,-1003.445,4298.090,325.152,126.172,-0.589883,-0.807088,-0.025448,0.807334,-0.590094,0.000960,-0.015792,-0.019979,0.999676,0,-0.26234,0.03553,-15.740,0.071,-1,375.000,-1,400.000,-1,325.000,325.000,300.000,300.000,-1,975.000,825.000,-1,725.000,725.000,-1,-1,2,0,2,0,2,0,0,0,0,2,1,1,2,0,0,2,2
137,-994.163,4285.429,325.382,126.245,-0.590902,-0.806336,-0.025617,0.806585,-0.591117,0.001031,-0.015974,-0.020053,0.999671,0,-0.26164,0.03639,-15.699,0.073,-1,375.000,-1,400.000,-1,325.000,325.000,300.000,300.000,-1,975.000,825.000,-1,725.000,725.000,-1,-1,2,0,2,0,2,0,0,0,0,2,1,1,2,0,0,2,2
138,-984.889,4272.813,325.617,126.319,-0.591946,-0.805565,-0.025790,0.805816,-0.592165,0.001081,-0.016143,-0.020142,0.999667,0,-0.26097,0.03729,-15.658,0.075,-1,375.000,-1,400.000,-1,325.000,325.000,300.000,300.000,-1,950.000,800.000,-1,725.000,725.000,-1,-1,2,0,2,0,2,0,0,0,0,2,1,1,2,0,0,2,2
