timestep,x_cm,y_cm,z_cm,yaw_deg,basis_xx,basis_xy,basis_xz,basis_yx,basis_yy,basis_yz,basis_zx,basis_zy,basis_zz,teleport_flag,throttle_cmd,steering_cmd,cmd_move_cm,cmd_turn_deg,lidar_cm_0,lidar_cm_1,lidar_cm_2,lidar_cm_3,lidar_cm_4,lidar_cm_5,lidar_cm_6,lidar_cm_7,lidar_cm_8,lidar_cm_9,lidar_cm_10,lidar_cm_11,lidar_cm_12,lidar_cm_13,lidar_cm_14,lidar_cm_15,lidar_cm_16,lidar_class_0,lidar_class_1,lidar_class_2,lidar_class_3,lidar_class_4,lidar_class_5,lidar_class_6,lidar_class_7,lidar_class_8,lidar_class_9,lidar_class_10,lidar_class_11,lidar_class_12,lidar_class_13,lidar_class_14,lidar_class_15,lidar_class_16
0,-2290.952,984.011,-84.351,1.353,0.994929,-0.023615,-0.097765,0.023845,0.999715,0.001179,0.097710,-0.003504,0.995209,1,0.08000,0.12000,4.800,0.240,-1,450.000,-1,350.000,300.000,375.000,350.000,275.000,350.000,-1,275.000,450.000,-1,925.000,-1,-1,350.000,2,0,2,1,1,0,1,0,1,2,0,0,2,0,2,2,1
1,-2281.357,984.318,-83.481,1.833,0.994605,-0.031990,-0.098679,0.032310,0.999477,0.001651,0.098575,-0.004830,0.995118,0,0.16000,0.24000,9.600,0.480,-1,450.000,-1,350.000,300.000,375.000,350.000,275.000,350.000,-1,275.000,450.000,-1,925.000,-1,-1,350.000,2,0,2,1,1,0,1,0,1,2,0,0,2,0,2,2,1
2,-2266.971,984.959,-82.197,2.550,0.993994,-0.044486,-0.099982,0.044935,0.998987,0.002238,0.099782,-0.006717,0.994987,0,0.24000,0.35829,14.400,0.717,-1,475.000,-1,350.000,300.000,375.000,375.000,275.000,325.000,-1,275.000,425.000,-1,925.000,-1,-1,375.000,2,0,2,1,1,0,1,0,1,2,0,0,2,0,2,2,1
3,-2247.801,986.043,-80.480,3.239,0.993223,-0.056499,-0.101571,0.057112,0.998363,0.003129,0.101228,-0.008909,0.994823,0,0.32000,0.34463,19.200,0.689,-1,475.000,-1,375.000,275.000,400.000,375.000,275.000,325.000,-1,250.000,425.000,-1,950.000,-1,-1,-1,2,0,2,1,1,0,1,0,1,2,0,0,2,0,2,2,2
4,-2223.856,987.673,-78.342,3.895,0.992317,-0.067929,-0.103402,0.068737,0.997626,0.004264,0.102867,-0.011339,0.994630,0,0.40000,0.32814,24.000,0.656,-1,475.000,-1,400.000,275.000,400.000,400.000,275.000,300.000,-1,250.000,400.000,-1,950.000,-1,-1,-1,2,0,2,1,1,0,1,0,1,2,0,0,2,0,2,2,2
5,-2195.145,989.939,-75.797,4.513,0.991311,-0.078670,-0.105424,0.079700,0.996803,0.005583,0.104648,-0.013937,0.994412,0,0.48000,0.30863,28.800,0.617,-1,475.000,-1,425.000,275.000,400.000,400.000,275.000,275.000,-1,225.000,400.000,-1,950.000,-1,-1,-1,2,0,2,1,1,0,1,0,1,2,0,0,2,0,2,2,2
6,-2161.676,992.917,-72.861,5.084,0.990240,-0.088610,-0.107578,0.089882,0.995928,0.007026,0.106518,-0.016627,0.994172,0,0.56000,0.28588,33.600,0.572,-1,475.000,-1,450.000,275.000,400.000,425.000,275.000,275.000,-1,225.000,375.000,-1,975.000,-1,-1,-1,2,0,2,1,1,0,1,0,1,2,0,0,2,0,2,2,2
7,-2123.459,996.666,-69.550,5.604,0.989148,-0.097628,-0.109799,0.099156,0.995035,0.008536,0.108420,-0.019331,0.993917,0,0.64000,0.25964,38.400,0.519,-1,475.000,-1,475.000,-1,400.000,425.000,275.000,250.000,-1,200.000,375.000,-1,975.000,-1,-1,-1,2,0,2,1,2,0,0,0,1,2,0,0,2,0,2,2,2
8,-2080.500,1001.229,-65.881,6.063,0.988080,-0.105596,-0.112015,0.107387,0.994166,0.010058,0.110299,-0.021967,0.993656,0,0.72000,0.22968,43.200,0.459,-1,475.000,-1,500.000,-1,400.000,425.000,275.000,225.000,1000.000,200.000,350.000,-1,1000.000,-1,-1,-1,2,0,2,1,2,0,0,0,1,0,0,0,2,0,2,2,2
9,-2032.804,1006.625,-61.872,6.454,0.987086,-0.112380,-0.114156,0.114430,0.993364,0.011545,0.112101,-0.024459,0.993396,0,0.80000,0.19575,48.000,0.392,-1,500.000,-1,525.000,-1,425.000,425.000,275.000,225.000,975.000,175.000,350.000,-1,1000.000,-1,-1,-1,2,0,2,1,2,0,0,0,1,0,0,0,2,0,2,2,2
10,-1980.373,1012.850,-57.206,6.770,0.986646,-0.117837,-0.112443,0.120216,0.992640,0.014596,0.109895,-0.027918,0.993551,0,0.88000,0.15773,52.800,0.315,-1,475.000,-1,550.000,-1,400.000,425.000,275.000,200.000,975.000,225.000,400.000,-1,975.000,-1,-1,-1,2,0,2,1,2,0,0,0,1,0,0,0,2,0,2,2,2
11,-1923.206,1019.877,-53.264,7.007,0.987317,-0.121943,-0.101662,0.124066,0.992164,0.014800,0.099061,-0.027225,0.994709,0,0.96000,0.11846,57.600,0.237,-1,450.000,-1,525.000,-1,400.000,425.000,275.000,175.000,-1,450.000,700.000,-1,900.000,-1,-1,-1,2,0,2,1,2,0,0,0,1,2,0,0,2,0,2,2,2
12,-1865.731,1027.168,-49.287,7.229,0.987833,-0.125794,-0.091446,0.127694,0.991697,0.015202,0.088774,-0.026694,0.995694,0,0.96563,0.11117,57.938,0.222,-1,425.000,-1,500.000,-1,375.000,400.000,275.000,175.000,-1,925.000,-1,-1,850.000,-1,-1,-1,2,0,2,1,2,0,0,0,1,2,0,2,2,0,2,2,2
13,-1810.283,1034.410,-45.421,7.441,0.988173,-0.129454,-0.082192,0.131157,0.991238,0.015653,0.079446,-0.026248,0.996494,0,0.93202,0.10570,55.921,0.211,-1,425.000,-1,500.000,-1,350.000,375.000,275.000,150.000,-1,-1,-1,-1,775.000,-1,-1,-1,2,0,2,1,2,0,0,0,1,2,2,2,2,0,2,2,2
14,-1756.919,1041.574,-41.675,7.645,0.988361,-0.132993,-0.073863,0.134524,0.990779,0.016130,0.071037,-0.025879,0.997138,0,0.89740,0.10227,53.844,0.205,-1,400.000,-1,475.000,-1,350.000,375.000,275.000,150.000,-1,-1,-1,-1,750.000,-1,-1,-1,2,0,2,1,2,0,0,0,1,2,2,2,2,0,2,2,2
15,-1705.636,1048.642,-38.051,7.847,0.988415,-0.136478,-0.066408,0.137857,0.990313,0.016620,0.063497,-0.025582,0.997654,0,0.86283,0.10076,51.770,0.202,-1,400.000,-1,450.000,-1,325.000,350.000,275.000,150.000,-1,-1,-1,-1,700.000,975.000,-1,-1,2,0,2,0,2,0,0,0,1,2,2,2,2,0,0,2,2
16,-1656.373,1055.608,-34.546,8.049,0.988350,-0.139969,-0.059772,0.141213,0.989831,0.017115,0.056768,-0.025356,0.998065,0,0.82924,0.10098,49.754,0.202,-1,375.000,-1,450.000,-1,325.000,350.000,275.000,150.000,-1,-1,-1,-1,675.000,900.000,-1,-1,2,0,2,0,2,0,0,0,1,2,2,2,2,0,0,2,2
17,-1605.833,1062.721,-30.950,8.011,0.988790,-0.139313,-0.053730,0.140425,0.989937,0.017475,0.050755,-0.024824,0.998403,0,0.85064,-0.01902,51.038,-0.038,950.000,375.000,-1,425.000,-1,325.000,325.000,275.000,175.000,-1,-1,-1,-1,650.000,875.000,-1,-1,0,0,2,0,2,0,0,0,1,2,2,2,2,0,0,2,2
18,-1557.024,1069.348,-27.516,7.733,0.989722,-0.134511,-0.048560,0.135492,0.990624,0.017496,0.045751,-0.023896,0.998667,0,0.82096,-0.13902,49.257,-0.278,850.000,350.000,-1,425.000,-1,300.000,325.000,275.000,200.000,-1,-1,-1,-1,625.000,850.000,-1,-1,0,0,2,0,2,0,0,0,1,2,2,2,2,0,0,2,2
19,-1509.663,1075.344,-24.261,7.215,0.991107,-0.125553,-0.044091,0.126403,0.991833,0.017039,0.041592,-0.022461,0.998882,0,0.79566,-0.25902,47.740,-0.518,800.000,350.000,-1,425.000,-1,300.000,325.000,275.000,200.000,-1,-1,-1,-1,625.000,825.000,-1,-1,0,0,2,0,2,0,0,0,1,2,2,2,2,0,0,2,2
20,-1463.479,1080.570,-21.202,6.456,0.992848,-0.112425,-0.040169,0.113140,0.993450,0.015987,0.038109,-0.020418,0.999065,0,0.77465,-0.37902,46.479,-0.758,750.000,350.000,-1,400.000,-1,300.000,325.000,275.000,225.000,-1,-1,-1,-1,600.000,800.000,975.000,-1,0,0,2,0,2,0,0,0,1,2,2,2,2,0,0,0,2
21,-1418.241,1085.061,-18.281,5.669,0.994439,-0.098772,-0.036540,0.099360,0.994944,0.014618,0.034912,-0.018168,0.999225,0,0.75767,-0.39354,45.460,-0.787,725.000,350.000,-1,400.000,-1,300.000,325.000,275.000,250.000,-1,-1,-1,-1,600.000,775.000,900.000,-1,0,0,2,0,2,0,0,0,1,2,2,2,2,0,0,0,2
22,-1373.826,1088.865,-15.478,4.896,0.995802,-0.085333,-0.033110,0.085803,0.996227,0.013021,0.031874,-0.015808,0.999367,0,0.74297,-0.38680,44.578,-0.774,700.000,350.000,-1,400.000,-1,300.000,325.000,275.000,250.000,925.000,-1,-1,-1,600.000,775.000,875.000,-1,0,0,2,0,2,0,0,0,1,1,2,2,2,0,0,0,2
23,-1330.133,1092.025,-13.119,4.137,0.996922,-0.072133,-0.030717,0.072467,0.997322,0.009904,0.029920,-0.012099,0.999479,0,0.73012,-0.37951,43.807,-0.759,700.000,350.000,-1,400.000,-1,300.000,300.000,275.000,275.000,900.000,-1,-1,-1,575.000,750.000,875.000,-1,0,0,2,0,2,0,0,0,1,1,2,2,2,0,0,0,2
24,-1287.069,1094.578,-11.646,3.393,0.997697,-0.059190,-0.033129,0.059340,0.998231,0.003577,0.032859,-0.005535,0.999445,0,0.71900,-0.37171,43.140,-0.743,800.000,350.000,-1,400.000,-1,300.000,325.000,275.000,275.000,900.000,-1,-1,-1,600.000,750.000,-1,-1,0,0,2,0,2,0,0,0,1,1,2,2,2,0,0,2,2
25,-1244.547,1096.558,-10.152,2.666,0.998293,-0.046522,-0.035299,0.046494,0.998917,-0.001613,0.035336,-0.000031,0.999375,0,0.70946,-0.36346,42.568,-0.727,1000.000,350.000,-1,400.000,-1,300.000,325.000,275.000,275.000,900.000,-1,-1,-1,625.000,775.000,-1,-1,0,0,2,0,2,0,0,0,1,1,2,2,2,0,0,2,2
26,-1202.488,1097.996,-8.602,1.957,0.998720,-0.034146,-0.037305,0.033933,0.999404,-0.006327,0.037499,0.005053,0.999284,0,0.70138,-0.35481,42.083,-0.710,-1,350.000,-1,400.000,-1,300.000,325.000,275.000,300.000,925.000,-1,-1,300.000,625.000,775.000,-1,-1,2,0,2,0,2,0,0,0,1,1,2,2,1,0,0,2,2
27,-1160.821,1098.917,-7.003,1.265,0.998989,-0.022080,-0.039161,0.021680,0.999709,-0.010622,0.039384,0.009762,0.999176,0,0.69462,-0.34578,41.677,-0.692,-1,350.000,-1,400.000,-1,300.000,325.000,275.000,300.000,925.000,-1,-1,325.000,650.000,775.000,-1,-1,2,0,2,0,2,0,0,0,1,1,2,2,1,0,0,2,2
28,-1119.479,1099.346,-5.362,0.592,0.999110,-0.010339,-0.040882,0.009751,0.999847,-0.014550,0.041026,0.014138,0.999058,0,0.68907,-0.33641,41.344,-0.673,-1,350.000,-1,400.000,-1,300.000,325.000,275.000,325.000,950.000,-1,-1,350.000,675.000,800.000,-1,-1,2,0,2,0,2,0,0,0,1,1,2,2,1,0,0,2,2
29,-1078.402,1099.303,-3.685,-0.061,0.999097,0.001064,-0.042483,-0.001837,0.999833,-0.018156,0.042457,0.018218,0.998932,0,0.68462,-0.32672,41.077,-0.653,-1,375.000,-1,400.000,-1,300.000,325.000,275.000,325.000,975.000,-1,-1,350.000,675.000,800.000,-1,-1,2,0,2,0,2,0,0,0,1,1,2,2,1,0,0,2,2
30,-1037.535,1098.810,-1.977,-0.694,0.998959,0.012117,-0.043980,-0.013072,0.999684,-0.021486,0.043706,0.022038,0.998801,0,0.68117,-0.31673,40.870,-0.633,-1,375.000,-1,400.000,-1,300.000,325.000,275.000,350.000,1000.000,-1,-1,375.000,700.000,800.000,-1,-1,2,0,2,0,2,0,0,0,1,1,2,2,1,0,0,2,2
31,-996.826,1097.882,-0.245,-1.307,0.998709,0.022809,-0.045388,-0.023942,0.999411,-0.024577,0.044801,0.025632,0.998667,0,0.67865,-0.30646,40.719,-0.613,-1,375.000,-1,400.000,-1,300.000,325.000,275.000,350.000,-1,-1,-1,375.000,725.000,825.000,-1,-1,2,0,2,0,2,0,0,0,0,2,2,2,1,0,0,2,2
32,-956.231,1096.537,1.506,-1.899,0.998358,0.033127,-0.046725,-0.034435,0.999029,-0.027468,0.045769,0.029032,0.998530,0,0.67696,-0.29591,40.618,-0.592,-1,375.000,-1,400.000,-1,300.000,325.000,275.000,350.000,-1,-1,-1,400.000,750.000,825.000,-1,-1,2,0,2,0,2,0,0,0,0,2,2,2,1,0,0,2,2
33,-915.705,1094.791,3.271,-2.469,0.997918,0.043063,-0.048007,-0.044543,0.998551,-0.030193,0.046637,0.032269,0.998391,0,0.67605,-0.28510,40.563,-0.570,-1,375.000,-1,400.000,-1,325.000,325.000,300.000,325.000,-1,-1,-1,425.000,750.000,825.000,-1,-1,2,0,2,0,2,0,0,0,0,2,2,2,1,0,0,2,2
34,-875.210,1092.659,5.044,-3.017,0.997400,0.052607,-0.049253,-0.054257,0.997989,-0.032785,0.047429,0.035372,0.998248,0,0.67585,-0.27403,40.551,-0.548,-1,375.000,-1,400.000,-1,325.000,325.000,300.000,325.000,-1,-1,-1,425.000,775.000,825.000,-1,-1,2,0,2,0,2,0,0,0,0,2,2,2,1,0,0,2,2
35,-839.538,1090.288,6.577,-3.806,0.996527,0.066321,-0.050350,-0.068131,0.997058,-0.035119,0.047873,0.038428,0.998114,0,0.59585,-0.39403,35.751,-0.788,-1,400.000,-1,400.000,-1,325.000,325.000,300.000,325.000,-1,-1,-1,450.000,800.000,825.000,-1,-1,2,0,2,0,2,0,0,0,0,2,2,2,1,0,0,2,2
36,-806.387,1087.486,7.982,-4.834,0.995126,0.084189,-0.051352,-0.086151,0.995584,-0.037276,0.047987,0.041518,0.997985,0,0.55449,-0.51403,33.269,-1.028,-1,400.000,-1,400.000,-1,325.000,325.000,300.000,325.000,-1,-1,-1,475.000,800.000,850.000,-1,-1,2,0,2,0,2,0,0,0,0,2,2,2,1,0,0,2,2
37,-773.091,1083.929,9.382,-6.102,0.992969,0.106186,-0.052321,-0.108299,0.993339,-0.039355,0.047794,0.044745,0.997855,0,0.55808,-0.63403,33.485,-1.268,-1,400.000,-1,400.000,-1,325.000,325.000,300.000,325.000,-1,-1,-1,475.000,825.000,850.000,-1,-1,2,0,2,0,2,0,0,0,0,2,2,2,1,0,0,2,2
38,-739.620,1079.459,10.778,-7.610,0.989782,0.132271,-0.053251,-0.134530,0.990048,-0.041324,0.047255,0.048066,0.997726,0,0.56280,-0.75403,33.768,-1.508,-1,400.000,-1,400.000,-1,325.000,325.000,300.000,325.000,-1,-1,-1,500.000,850.000,850.000,-1,-1,2,0,2,0,2,0,0,0,0,2,2,2,1,0,0,2,2
39,-705.962,1073.915,12.156,-9.358,0.985240,0.162383,-0.054166,-0.164777,0.985389,-0.043096,0.046377,0.051386,0.997601,0,0.56851,-0.87403,34.111,-1.748,-1,400.000,-1,400.000,-1,325.000,325.000,300.000,300.000,-1,-1,-1,525.000,875.000,850.000,-1,-1,2,0,2,0,2,0,0,0,0,2,2,2,1,0,0,2,2
40,-672.127,1067.128,13.273,-11.346,0.978996,0.196446,-0.054551,-0.198894,0.979043,-0.043764,0.044811,0.053694,0.997551,0,0.57514,-0.99403,34.508,-1.988,-1,425.000,-1,400.000,-1,325.000,325.000,300.000,300.000,-1,-1,-1,550.000,900.000,850.000,-1,-1,2,0,2,0,2,0,0,0,0,2,2,2,1,0,0,2,2
41,-638.114,1059.060,14.299,-13.346,0.971552,0.230472,-0.054500,-0.232929,0.971496,-0.044033,0.042798,0.055475,0.997542,0,0.58259,-1.00000,34.956,-2.000,-1,425.000,-1,400.000,-1,325.000,325.000,300.000,300.000,-1,-1,-1,575.000,900.000,850.000,-1,-1,2,0,2,0,2,0,0,0,0,2,2,2,1,0,0,2,2
42,-603.979,1049.693,15.360,-15.346,0.962943,0.264216,-0.054141,-0.266650,0.962785,-0.044073,0.040482,0.056877,0.997560,0,0.58995,-1.00000,35.397,-2.000,-1,425.000,-1,400.000,-1,325.000,325.000,300.000,300.000,-1,-1,-1,600.000,900.000,850.000,-1,-1,2,0,2,0,2,0,0,0,0,2,2,2,1,0,0,2,2
43,-569.777,1039.010,16.572,-17.346,0.953205,0.297645,-0.052985,-0.299988,0.952946,-0.043601,0.037515,0.057455,0.997643,0,0.59717,-1.00000,35.830,-2.000,-1,425.000,-1,400.000,-1,325.000,325.000,300.000,300.000,-1,-1,-1,625.000,900.000,850.000,-1,-1,2,0,2,0,2,0,0,0,0,2,2,2,1,0,0,2,2
44,-535.569,1027.000,17.624,-19.346,0.942321,0.330704,-0.051637,-0.332960,0.941929,-0.043667,0.034198,0.058341,0.997711,0,0.60425,-1.00000,36.255,-2.000,-1,425.000,-1,400.000,-1,325.000,325.000,300.000,300.000,-1,-1,-1,675.000,900.000,825.000,-1,-1,2,0,2,0,2,0,0,0,0,2,2,2,1,0,0,2,2
45,-497.267,1012.216,18.706,-21.106,0.931813,0.359461,-0.050123,-0.361625,0.931285,-0.044009,0.030859,0.059133,0.997773,0,0.68425,-0.88000,41.055,-1.760,-1,425.000,-1,400.000,-1,325.000,325.000,300.000,300.000,-1,-1,-1,700.000,900.000,825.000,-1,-1,2,0,2,0,2,0,0,0,0,2,2,2,1,0,1,2,2
46,-458.795,996.181,19.736,-22.626,0.922041,0.384024,-0.048639,-0.386096,0.921388,-0.044441,0.027749,0.059756,0.997827,0,0.69467,-0.76000,41.680,-1.520,-1,400.000,-1,400.000,-1,325.000,325.000,300.000,300.000,-1,-1,-1,750.000,900.000,800.000,-1,-1,2,0,2,0,2,0,0,0,0,2,2,2,1,0,1,2,2
47,-420.412,979.168,20.713,-23.906,0.913320,0.404499,-0.047195,-0.406481,0.912553,-0.044939,0.024890,0.060228,0.997874,0,0.69973,-0.64000,41.984,-1.280,-1,400.000,-1,400.000,-1,325.000,325.000,300.000,300.000,-1,-1,-1,775.000,900.000,800.000,-1,-1,2,0,2,0,2,0,0,0,0,2,2,2,1,0,1,2,2
48,-382.109,961.351,21.643,-24.946,0.905911,0.420986,-0.045787,-0.422882,0.905043,-0.045485,0.022291,0.060567,0.997915,0,0.70407,-0.52000,42.244,-1.040,-1,400.000,-1,400.000,-1,325.000,325.000,300.000,300.000,-1,-1,-1,800.000,900.000,775.000,-1,-1,2,0,2,0,2,0,0,0,0,2,2,2,1,0,1,2,2
49,-343.857,942.904,22.534,-25.746,0.900022,0.433576,-0.044409,-0.435387,0.899064,-0.046058,0.019957,0.060789,0.997951,0,0.70778,-0.40000,42.467,-0.800,-1,400.000,-1,400.000,-1,325.000,325.000,300.000,300.000,-1,-1,-1,825.000,875.000,750.000,-1,-1,2,0,2,0,2,0,0,0,0,2,2,2,1,0,1,2,2
50,-305.616,923.998,23.395,-26.306,0.895814,0.442339,-0.043056,-0.444069,0.894777,-0.046644,0.017893,0.060905,0.997983,0,0.71099,-0.28000,42.659,-0.560,-1,400.000,-1,400.000,-1,325.000,325.000,300.000,300.000,-1,-1,-1,850.000,875.000,750.000,-1,-1,2,0,2,0,2,0,0,0,0,2,2,2,1,0,1,2,2
51,-267.329,904.804,24.237,-26.626,0.893396,0.447329,-0.041721,-0.448982,0.892292,-0.047227,0.016101,0.060925,0.998012,0,0.71381,-0.16000,42.829,-0.320,-1,400.000,-1,400.000,-1,325.000,325.000,300.000,300.000,-1,-1,-1,875.000,875.000,725.000,-1,1000.000,2,0,2,0,2,0,0,0,0,2,2,2,1,0,1,2,1
52,-228.931,885.487,25.072,-26.706,0.892831,0.448576,-0.040412,-0.450156,0.891669,-0.047801,0.014592,0.060870,0.998039,0,0.71638,-0.04000,42.983,-0.080,-1,400.000,-1,400.000,-1,325.000,325.000,300.000,300.000,-1,-1,-1,900.000,875.000,700.000,-1,950.000,2,0,2,0,2,0,0,0,0,2,2,2,1,0,1,2,1
53,-190.349,866.212,25.923,-26.546,0.894132,0.446086,-0.039183,-0.447603,0.892923,-0.048379,0.013406,0.060795,0.998060,0,0.71881,0.08000,43.129,0.160,-1,400.000,-1,400.000,1000.000,325.000,325.000,300.000,300.000,-1,-1,-1,925.000,875.000,675.000,-1,900.000,2,0,2,0,1,0,0,0,0,2,2,2,1,0,1,2,1
54,-151.503,847.142,26.735,-26.146,0.897266,0.439852,-0.037994,-0.441309,0.896035,-0.048658,0.012641,0.060426,0.998093,0,0.72124,0.20000,43.275,0.400,-1,425.000,-1,400.000,925.000,325.000,325.000,300.000,300.000,-1,-1,-1,925.000,875.000,675.000,-1,850.000,2,0,2,0,1,0,0,0,0,2,2,2,1,0,1,2,1
55,-112.376,828.300,27.396,-25.713,0.900590,0.433092,-0.036997,-0.434491,0.899393,-0.048062,0.012460,0.059360,0.998159,0,0.72380,0.21660,43.428,0.433,-1,425.000,-1,400.000,875.000,325.000,325.000,300.000,300.000,-1,-1,-1,950.000,875.000,650.000,-1,800.000,2,0,2,0,1,0,0,0,0,2,2,2,1,0,1,2,1
56,-68.710,807.826,28.093,-25.120,0.905056,0.423800,-0.035585,-0.425118,0.903904,-0.047236,0.012147,0.057879,0.998250,0,0.80380,0.29641,48.228,0.593,-1,425.000,-1,400.000,800.000,325.000,325.000,300.000,300.000,-1,-1,-1,975.000,875.000,625.000,-1,775.000,2,0,2,0,1,0,0,0,0,2,2,2,1,0,1,2,1
57,-21.970,786.259,28.673,-24.767,0.907708,0.418280,-0.033286,-0.419459,0.906613,-0.045913,0.010973,0.055638,0.998391,0,0.85793,0.17641,51.476,0.353,-1,425.000,-1,400.000,750.000,325.000,325.000,300.000,300.000,-1,-1,-1,-1,875.000,625.000,-1,725.000,2,0,2,1,1,0,0,0,0,2,2,2,2,0,1,2,1
58,25.275,764.573,29.263,-24.654,0.908587,0.416544,-0.030998,-0.417586,0.907544,-0.044570,0.009567,0.053440,0.998525,0,0.86641,0.05641,51.984,0.113,-1,400.000,-1,400.000,675.000,325.000,325.000,300.000,300.000,-1,-1,-1,-1,850.000,600.000,-1,675.000,2,0,2,1,1,0,0,0,0,2,2,2,2,0,1,2,1
59,72.972,742.551,29.806,-24.781,0.907710,0.418601,-0.028896,-0.419520,0.906711,-0.043329,0.008063,0.051453,0.998643,0,0.87558,-0.06359,52.535,-0.127,-1,400.000,-1,375.000,625.000,325.000,325.000,300.000,300.000,-1,-1,-1,-1,850.000,575.000,-1,625.000,2,0,2,1,1,0,0,0,0,2,2,2,2,0,1,2,1
60,121.060,719.975,30.109,-25.149,0.905037,0.424427,-0.027738,-0.425275,0.904061,-0.042595,0.006998,0.050346,0.998707,0,0.88540,-0.18359,53.124,-0.367,-1,400.000,-1,375.000,575.000,325.000,325.000,300.000,300.000,-1,-1,-1,-1,850.000,550.000,-1,575.000,2,0,2,1,1,0,0,0,0,2,2,2,2,0,1,2,1
61,169.468,696.619,30.246,-25.756,0.900528,0.433995,-0.026407,-0.434766,0.899537,-0.042573,0.005277,0.049819,0.998744,0,0.89579,-0.30359,53.748,-0.607,-1,400.000,-1,350.000,525.000,325.000,325.000,300.000,300.000,-1,-1,-1,-1,850.000,525.000,-1,525.000,2,0,2,1,1,0,0,0,0,2,2,2,2,0,1,2,1
62,218.111,672.256,30.531,-26.603,0.894040,0.447274,-0.025257,-0.447970,0.893073,-0.041767,0.003875,0.048656,0.998808,0,0.90672,-0.42359,54.403,-0.847,-1,400.000,-1,350.000,475.000,325.000,325.000,300.000,300.000,-1,-1,-1,-1,850.000,500.000,-1,475.000,2,0,2,1,1,0,0,0,0,2,2,2,2,0,1,2,1
63,266.890,646.655,31.156,-27.690,0.885396,0.464195,-0.024436,-0.464825,0.884533,-0.039231,0.003404,0.046093,0.998931,0,0.91814,-0.54359,55.089,-1.087,-1,400.000,-1,325.000,425.000,325.000,325.000,300.000,300.000,-1,-1,-1,-1,850.000,450.000,-1,425.000,2,0,2,1,1,0,1,0,0,2,2,2,2,0,1,2,1
64,315.686,619.586,32.077,-29.017,0.874390,0.484640,-0.023796,-0.485209,0.873693,-0.035106,0.003777,0.042242,0.999100,0,0.93002,-0.66359,55.801,-1.327,-1,425.000,-1,325.000,400.000,325.000,300.000,300.000,325.000,-1,-1,-1,-1,850.000,425.000,-1,375.000,2,0,2,1,1,0,1,0,0,2,2,2,2,0,1,2,1
65,364.403,590.894,33.296,-30.493,0.861579,0.507092,-0.023213,-0.507597,0.861096,-0.029317,0.005122,0.037042,0.999301,0,0.94231,-0.73811,56.538,-1.476,-1,425.000,-1,300.000,375.000,350.000,275.000,300.000,325.000,-1,-1,-1,-1,875.000,400.000,-1,350.000,2,0,2,1,1,0,1,0,0,2,2,2,2,0,1,2,1
66,413.014,560.573,34.854,-31.951,0.848353,0.528950,-0.022569,-0.529377,0.848104,-0.021914,0.007550,0.030538,0.999505,0,0.95485,-0.72885,57.291,-1.458,-1,425.000,950.000,275.000,350.000,325.000,275.000,300.000,350.000,-1,-1,-1,-1,800.000,375.000,-1,325.000,2,0,1,1,1,1,1,0,0,2,2,2,2,1,1,2,1
67,461.474,528.627,36.660,-33.391,0.834743,0.550208,-0.021808,-0.550520,0.834732,-0.012251,0.011464,0.022232,0.999687,0,0.96738,-0.71971,58.043,-1.439,-1,450.000,875.000,275.000,325.000,300.000,250.000,300.000,350.000,-1,-1,-1,-1,750.000,375.000,-1,300.000,2,1,1,1,1,1,1,0,0,2,2,2,2,1,1,2,1
68,509.743,495.061,38.576,-34.812,0.820791,0.570849,-0.020825,-0.570963,0.820975,0.000582,0.017429,0.011413,0.999783,0,0.97987,-0.71074,58.792,-1.421,-1,400.000,825.000,250.000,300.000,300.000,250.000,300.000,375.000,-1,400.000,-1,-1,675.000,350.000,-1,275.000,2,1,1,1,1,1,1,0,0,2,0,2,2,1,1,2,1
69,557.777,459.883,40.861,-36.216,0.806562,0.590832,-0.019346,-0.590632,0.806794,0.015403,0.024709,-0.000997,0.999694,0,0.99229,-0.70202,59.537,-1.404,-1,375.000,775.000,250.000,275.000,275.000,225.000,275.000,425.000,975.000,200.000,500.000,-1,625.000,325.000,-1,250.000,2,1,1,1,1,1,1,0,0,0,0,0,2,1,1,2,1
70,605.312,423.271,43.449,-37.604,0.792120,0.610132,-0.016882,-0.609469,0.792153,0.032280,0.033069,-0.015281,0.999336,0,1.00000,-0.69404,60.000,-1.388,-1,350.000,750.000,225.000,275.000,250.000,225.000,275.000,450.000,775.000,100.000,375.000,-1,575.000,300.000,-1,250.000,2,1,1,1,1,1,1,0,0,0,0,0,2,1,1,2,1
71,652.065,385.664,46.425,-38.815,0.779298,0.626499,-0.013897,-0.625187,0.778799,0.051117,0.042847,-0.031147,0.998596,0,1.00000,-0.60525,60.000,-1.210,-1,325.000,725.000,225.000,250.000,250.000,200.000,275.000,500.000,600.000,75.000,300.000,-1,525.000,300.000,-1,225.000,2,1,1,1,1,1,1,0,0,0,0,0,2,1,1,2,1
72,-7543.432,6887.268,-87.137,107.435,-0.267789,-0.943498,0.195195,0.945487,-0.296307,-0.135116,0.185319,0.148372,0.971413,1,0.00000,0.00000,60.000,-1.221,50.000,325.000,-1,1000.000,-1,375.000,625.000,150.000,125.000,-1,500.000,225.000,50.000,425.000,-1,50.000,-1,1,1,2,1,2,1,1,1,1,2,0,1,1,1,2,1,2
73,8859.854,-6231.898,-64.266,-6.730,0.992968,0.117003,-0.018049,-0.117819,0.991564,-0.054035,0.011574,0.055781,0.998376,1,0.08000,-0.12000,4.800,-0.240,-1,400.000,-1,400.000,-1,325.000,325.000,300.000,300.000,-1,-1,-1,-1,800.000,775.000,-1,-1,2,0,2,0,2,0,0,0,0,2,2,2,2,0,0,2,2
74,8869.379,-6233.102,-64.157,-7.210,0.991955,0.125305,-0.017987,-0.126106,0.990543,-0.054057,0.011043,0.055890,0.998376,0,0.16000,-0.24000,9.600,-0.480,-1,400.000,-1,400.000,-1,325.000,325.000,300.000,300.000,-1,-1,-1,-1,800.000,775.000,-1,-1,2,0,2,0,2,0,0,0,0,2,2,2,2,0,0,2,2
75,8883.641,-6235.089,-64.002,-7.930,0.990307,0.137741,-0.017894,-0.138520,0.988881,-0.054092,0.010244,0.056046,0.998376,0,0.24000,-0.36000,14.400,-0.720,-1,400.000,-1,400.000,-1,325.000,325.000,300.000,300.000,-1,-1,-1,-1,800.000,775.000,-1,-1,2,0,2,0,2,0,0,0,0,2,2,2,2,0,0,2,2
76,8902.611,-6238.056,-63.813,-8.890,0.987866,0.154288,-0.017773,-0.155037,0.986424,-0.054141,0.009178,0.056240,0.998375,0,0.32000,-0.48000,19.200,-0.960,-1,400.000,-1,400.000,-1,325.000,325.000,300.000,300.000,-1,-1,-1,-1,825.000,775.000,-1,-1,2,0,2,0,2,0,0,0,0,2,2,2,2,0,0,2,2
77,8926.242,-6242.248,-63.604,-10.059,0.984520,0.174384,-0.017624,-0.175096,0.983058,-0.054207,0.007873,0.056454,0.998374,0,0.40000,-0.58468,24.000,-1.169,-1,400.000,-1,400.000,-1,325.000,325.000,300.000,300.000,-1,-1,-1,-1,825.000,775.000,-1,-1,2,0,2,0,2,0,0,0,0,2,2,2,2,0,0,2,2
78,8954.492,-6247.855,-63.385,-11.226,0.980775,0.194360,-0.017452,-0.195032,0.979293,-0.054283,0.006540,0.056644,0.998373,0,0.48000,-0.58328,28.800,-1.167,-1,400.000,-1,400.000,-1,325.000,325.000,300.000,300.000,-1,-1,-1,-1,825.000,775.000,-1,-1,2,0,2,0,2,0,0,0,0,2,2,2,2,0,0,2,2
79,8987.310,-6255.064,-63.167,-12.389,0.976638,0.214197,-0.017258,-0.214829,0.975137,-0.054373,0.005183,0.056810,0.998372,0,0.56000,-0.58157,33.600,-1.163,-1,400.000,-1,400.000,-1,325.000,325.000,300.000,300.000,-1,-1,-1,-1,825.000,775.000,-1,-1,2,0,2,0,2,0,0,0,0,2,2,2,2,0,0,2,2
80,9024.642,-6264.059,-62.962,-13.548,0.972117,0.233876,-0.017047,-0.234465,0.970597,-0.054476,0.003805,0.056954,0.998370,0,0.64000,-0.57951,38.400,-1.159,-1,400.000,-1,400.000,-1,325.000,325.000,300.000,300.000,-1,-1,-1,-1,825.000,775.000,-1,-1,2,0,2,0,2,0,0,0,0,2,2,2,2,0,0,2,2
81,9066.428,-6275.023,-62.779,-14.702,0.967222,0.253375,-0.016821,-0.253921,0.965683,-0.054594,0.002411,0.057076,0.998367,0,0.72000,-0.57703,43.200,-1.154,-1,400.000,-1,400.000,-1,325.000,325.000,300.000,300.000,-1,-1,-1,-1,800.000,775.000,-1,-1,2,0,2,0,2,0,0,0,0,2,2,2,2,1,0,2,2
82,9112.603,-6288.133,-62.664,-15.850,0.961962,0.272674,-0.016655,-0.273180,0.960414,-0.054571,0.001115,0.057045,0.998371,0,0.80000,-0.57406,48.000,-1.148,-1,400.000,-1,400.000,-1,325.000,325.000,300.000,300.000,-1,-1,-1,-1,775.000,750.000,1000.000,-1,2,0,2,0,2,0,0,0,0,2,2,2,2,1,0,1,2
83,9160.396,-6302.752,-62.773,-17.007,0.956279,0.292018,-0.016016,-0.292457,0.954755,-0.053970,-0.000469,0.056294,0.998414,0,0.83298,-0.57833,49.979,-1.157,-1,400.000,-1,400.000,-1,325.000,325.000,300.000,300.000,-1,-1,-1,-1,750.000,750.000,925.000,-1,2,0,2,0,2,0,0,0,0,2,2,2,2,1,0,1,2
84,9208.185,-6318.423,-62.967,-18.155,0.950251,0.311113,-0.015227,-0.311478,0.948757,-0.053314,-0.002140,0.055405,0.998462,0,0.83821,-0.57428,50.293,-1.149,-1,400.000,-1,400.000,-1,325.000,325.000,300.000,300.000,-1,-1,-1,-1,700.000,750.000,850.000,-1,2,0,2,0,2,0,0,0,0,2,2,2,2,1,0,1,2
85,9255.936,-6335.141,-63.217,-19.295,0.943892,0.329935,-0.014513,-0.330233,0.942424,-0.052754,-0.003728,0.054587,0.998502,0,0.84320,-0.56978,50.592,-1.140,950.000,400.000,-1,400.000,-1,325.000,325.000,300.000,300.000,-1,-1,-1,-1,675.000,750.000,800.000,-1,1,0,2,0,2,0,0,0,0,2,2,2,2,1,0,1,2
86,9303.612,-6352.896,-63.542,-20.424,0.937220,0.348463,-0.013877,-0.348699,0.935771,-0.052367,-0.005262,0.053919,0.998531,0,0.84791,-0.56481,50.875,-1.130,825.000,400.000,-1,400.000,-1,325.000,325.000,300.000,300.000,-1,-1,-1,-1,650.000,750.000,750.000,-1,1,0,2,0,2,0,0,0,0,2,2,2,2,1,0,1,2
87,9351.177,-6371.674,-63.941,-21.543,0.930254,0.366676,-0.013242,-0.366852,0.928814,-0.052191,-0.006837,0.053409,0.998549,0,0.85229,-0.55936,51.137,-1.119,750.000,400.000,-1,400.000,-1,325.000,325.000,300.000,300.000,-1,-1,-1,-1,625.000,750.000,700.000,-1,1,0,2,0,2,0,0,0,0,2,2,2,2,1,0,1,2
88,9398.592,-6391.460,-64.372,-22.650,0.923013,0.384559,-0.012674,-0.384678,0.921583,-0.052038,-0.008332,0.052907,0.998565,0,0.85629,-0.55340,51.377,-1.107,650.000,400.000,-1,400.000,-1,325.000,325.000,300.000,300.000,-1,-1,-1,-1,600.000,750.000,650.000,-1,1,0,2,0,2,0,0,0,0,2,2,2,2,1,0,1,2
89,9445.817,-6412.234,-64.836,-23.744,0.915518,0.402092,-0.012169,-0.402158,0.914098,-0.051901,-0.009745,0.052410,0.998578,0,0.85986,-0.54692,51.591,-1.094,600.000,400.000,-1,375.000,-1,325.000,325.000,300.000,300.000,-1,-1,-1,-1,600.000,725.000,625.000,-1,1,0,2,0,2,0,0,0,0,2,2,2,2,1,0,1,2
90,9492.809,-6433.971,-65.329,-24.823,0.907792,0.419257,-0.011732,-0.419275,0.906381,-0.051777,-0.011074,0.051922,0.998590,0,0.86293,-0.53989,51.776,-1.080,525.000,400.000,-1,375.000,-1,325.000,325.000,300.000,300.000,-1,-1,-1,-1,575.000,725.000,575.000,-1,1,1,2,0,2,0,0,0,0,2,2,2,2,1,0,1,2
91,9539.525,-6456.643,-65.851,-25.888,0.899857,0.436036,-0.011364,-0.436010,0.898458,-0.051662,-0.012316,0.051443,0.998600,0,0.86544,-0.53230,51.927,-1.065,500.000,375.000,-1,375.000,-1,325.000,325.000,300.000,300.000,-1,-1,-1,-1,575.000,725.000,550.000,-1,1,1,2,0,2,0,0,0,0,2,2,2,2,1,0,1,2
92,9585.919,-6480.218,-66.400,-26.936,0.891741,0.452411,-0.011068,-0.452346,0.890351,-0.051551,-0.013468,0.050977,0.998609,0,0.86733,-0.52413,52.040,-1.048,450.000,375.000,-1,375.000,-1,325.000,325.000,300.000,300.000,-1,-1,-1,-1,575.000,725.000,525.000,-1,1,1,2,0,2,1,0,0,0,2,2,2,2,1,0,1,2
93,9631.945,-6504.657,-66.974,-27.967,0.883469,0.468365,-0.010845,-0.468265,0.882089,-0.051440,-0.014527,0.050524,0.998617,0,0.86852,-0.51537,52.111,-1.031,425.000,350.000,-1,375.000,-1,300.000,325.000,325.000,300.000,-1,-1,-1,-1,575.000,725.000,500.000,-1,1,1,2,0,2,1,0,0,0,2,2,2,2,1,0,1,2
94,9677.554,-6529.917,-67.635,-28.979,0.875064,0.483888,-0.010741,-0.483764,0.873708,-0.051057,-0.015321,0.049874,0.998638,0,0.86894,-0.50602,52.137,-1.012,400.000,350.000,-1,375.000,-1,300.000,325.000,325.000,300.000,-1,-1,-1,-1,575.000,725.000,475.000,-1,1,1,2,0,2,1,0,0,0,2,2,2,2,1,0,1,2
95,9722.696,-6555.951,-68.437,-29.971,0.866553,0.498969,-0.010780,-0.498839,0.865242,-0.050151,-0.015696,0.048836,0.998683,0,0.86852,-0.49608,52.111,-0.992,350.000,350.000,-1,375.000,-1,300.000,325.000,325.000,300.000,-1,-1,-1,-1,600.000,725.000,450.000,-1,1,1,2,0,2,1,0,0,0,2,2,2,2,1,0,1,2
96,9767.324,-6582.703,-68.520,-30.942,0.857962,0.513509,-0.014460,-0.513532,0.856574,-0.050651,-0.013624,0.050882,0.998612,0,0.86718,-0.48554,52.031,-0.971,350.000,350.000,-1,400.000,-1,300.000,325.000,325.000,300.000,-1,-1,-1,-1,650.000,725.000,500.000,-1,1,1,2,0,2,1,0,0,0,2,2,2,2,1,0,1,2
97,9811.385,-6610.114,-67.747,-31.891,0.849280,0.527463,-0.022512,-0.527872,0.847693,-0.052614,-0.008668,0.056567,0.998361,0,0.86487,-0.47445,51.892,-0.949,375.000,375.000,-1,400.000,-1,325.000,325.000,350.000,300.000,-1,-1,-1,-1,750.000,750.000,775.000,-1,1,1,2,0,2,1,0,0,0,2,2,2,2,1,0,1,2
98,9854.830,-6638.126,-67.356,-32.817,0.840559,0.540953,-0.028828,-0.541699,0.838851,-0.053767,-0.004903,0.060811,0.998137,0,0.86154,-0.46283,51.692,-0.926,425.000,400.000,-1,400.000,-1,350.000,325.000,325.000,300.000,-1,850.000,800.000,-1,750.000,775.000,825.000,-1,1,1,2,0,2,0,0,1,0,2,0,0,2,1,0,1,2
99,9897.609,-6666.673,-67.342,-33.718,0.831856,0.553986,-0.033384,-0.554986,0.830091,-0.054210,-0.002320,0.063622,0.997971,0,0.85714,-0.45072,51.429,-0.901,525.000,425.000,-1,425.000,-1,350.000,350.000,300.000,300.000,-1,675.000,600.000,-1,750.000,800.000,825.000,1000.000,1,1,2,0,2,0,0,1,0,2,0,0,2,1,1,1,1
100,9939.747,-6695.502,-67.686,-34.380,0.825332,0.563469,-0.036463,-0.564648,0.823549,-0.054220,-0.000522,0.065338,0.997863,0,0.85092,-0.33072,51.055,-0.661,575.000,450.000,-1,425.000,975.000,350.000,350.000,275.000,300.000,-1,575.000,475.000,-1,725.000,775.000,825.000,975.000,1,0,2,0,1,0,0,1,0,2,0,0,2,1,1,1,1
101,9981.377,-6724.436,-68.319,-34.801,0.821116,0.569485,-0.038147,-0.570761,0.819344,-0.053912,0.000553,0.066041,0.997817,0,0.84496,-0.21072,50.698,-0.421,600.000,450.000,-1,425.000,925.000,350.000,350.000,250.000,300.000,-1,525.000,425.000,-1,700.000,750.000,800.000,925.000,1,0,2,0,1,0,0,1,0,2,0,0,2,1,1,1,1
102,10022.603,-6753.285,-69.171,-34.983,0.819288,0.572086,-0.038525,-0.573381,0.817549,-0.053361,0.000969,0.065808,0.997832,0,0.83863,-0.09072,50.318,-0.181,575.000,450.000,-1,425.000,875.000,350.000,350.000,250.000,300.000,-1,500.000,400.000,-1,675.000,750.000,775.000,875.000,1,0,2,0,1,0,0,1,0,2,0,0,2,1,1,1,1
103,10063.536,-6781.866,-70.177,-34.924,0.819877,0.571291,-0.037794,-0.572539,0.818191,-0.052556,0.000898,0.064728,0.997903,0,0.83207,0.02928,49.924,0.059,550.000,450.000,-1,425.000,825.000,350.000,350.000,225.000,300.000,-1,475.000,400.000,-1,650.000,725.000,725.000,825.000,1,0,2,0,1,0,0,1,0,2,0,0,2,1,1,1,1
104,10104.235,-6810.086,-71.324,-34.735,0.821788,0.568655,-0.035998,-0.569793,0.820178,-0.051422,0.000283,0.062770,0.998028,0,0.82542,0.09468,49.525,0.189,525.000,450.000,-1,425.000,775.000,350.000,350.000,225.000,300.000,-1,500.000,425.000,-1,625.000,700.000,675.000,775.000,1,1,2,0,1,0,0,1,0,2,0,0,2,1,1,1,1
105,10144.687,-6837.933,-72.643,-34.541,0.823761,0.565972,-0.033061,-0.566936,0.822248,-0.049921,-0.001070,0.059866,0.998206,0,0.81851,0.09714,49.111,0.194,500.000,425.000,-1,400.000,725.000,350.000,350.000,200.000,300.000,-1,525.000,475.000,-1,600.000,675.000,600.000,725.000,1,1,2,0,1,0,0,1,0,2,0,0,2,1,1,1,1
106,10184.867,-6865.389,-74.127,-34.342,0.825779,0.563246,-0.029027,-0.563985,0.824386,-0.048053,-0.003136,0.056051,0.998423,0,0.81107,0.09921,48.664,0.198,450.000,400.000,-1,400.000,675.000,325.000,325.000,200.000,300.000,-1,600.000,550.000,-1,575.000,650.000,550.000,675.000,1,1,2,0,1,0,0,1,0,2,0,0,2,1,1,1,1
107,10224.752,-6892.438,-75.779,-34.140,0.827821,0.560480,-0.023991,-0.560962,0.826572,-0.045834,-0.005859,0.051400,0.998661,0,0.80321,0.10089,48.192,0.202,400.000,375.000,-1,400.000,625.000,325.000,325.000,175.000,300.000,-1,725.000,750.000,-1,550.000,600.000,475.000,650.000,1,1,2,0,1,0,0,1,0,2,0,0,2,1,1,1,1
108,10264.325,-6919.071,-77.586,-33.936,0.829864,0.557677,-0.017974,-0.557890,0.828787,-0.043259,-0.009228,0.045926,0.998902,0,0.79500,0.10218,47.700,0.204,350.000,350.000,-1,375.000,575.000,325.000,325.000,175.000,300.000,-1,-1,-1,-1,500.000,575.000,425.000,600.000,1,1,2,0,1,0,0,1,0,2,2,2,2,1,1,1,1
109,10303.575,-6945.277,-77.897,-33.730,0.831929,0.554680,-0.014953,-0.554731,0.830771,-0.045751,-0.012955,0.046356,0.998841,0,0.78658,0.10307,47.195,0.206,325.000,325.000,-1,375.000,525.000,300.000,300.000,175.000,300.000,-1,-1,-1,-1,475.000,550.000,375.000,550.000,1,1,2,0,1,1,0,1,0,2,2,2,2,1,1,1,1
110,10342.494,-6971.056,-77.059,-33.523,0.834018,0.551540,-0.014789,-0.551500,0.832570,-0.051719,-0.016212,0.051291,0.998552,0,0.77805,0.10358,46.683,0.207,300.000,325.000,-1,375.000,450.000,300.000,300.000,175.000,300.000,-1,-1,-1,-1,475.000,525.000,350.000,500.000,1,1,2,0,1,1,0,1,0,2,2,2,2,1,1,1,1
111,10381.079,-6996.414,-76.405,-33.315,0.836084,0.548404,-0.014714,-0.548282,0.834382,-0.056511,-0.018714,0.055315,0.998294,0,0.76952,0.10372,46.171,0.207,275.000,300.000,-1,375.000,425.000,275.000,300.000,175.000,300.000,-1,-1,-1,-1,450.000,525.000,300.000,450.000,1,1,2,0,1,1,1,1,0,2,2,2,2,1,1,1,1
112,10419.334,-7021.353,-74.852,-33.108,0.838103,0.545143,-0.020092,-0.545249,0.835984,-0.061924,-0.016961,0.062854,0.997879,0,0.76112,0.10348,45.667,0.207,275.000,300.000,-1,375.000,375.000,275.000,300.000,200.000,300.000,-1,-1,-1,-1,450.000,500.000,300.000,425.000,1,1,2,1,1,1,1,1,0,2,2,2,2,1,1,1,1
113,10457.270,-7045.884,-72.175,-32.902,0.839971,0.541688,-0.031987,-0.542535,0.837243,-0.068409,-0.010275,0.074816,0.997144,0,0.75293,0.10289,45.176,0.206,275.000,325.000,-1,375.000,350.000,300.000,300.000,225.000,300.000,-1,-1,-1,-1,500.000,500.000,325.000,400.000,1,1,2,1,1,1,1,1,0,2,2,2,2,1,1,1,1
114,10494.894,-7070.024,-69.878,-32.699,0.841687,0.538261,-0.042873,-0.539953,0.838474,-0.073559,-0.003646,0.085063,0.996369,0,0.74505,0.10196,44.703,0.204,275.000,325.000,-1,375.000,325.000,300.000,325.000,225.000,275.000,-1,-1,-1,-1,525.000,525.000,350.000,375.000,1,1,2,1,1,1,1,1,0,2,2,2,2,1,1,1,1
115,10532.224,-7093.789,-67.947,-32.497,0.843267,0.534895,-0.052806,-0.537487,0.839710,-0.077423,0.002928,0.093671,0.995599,0,0.73755,0.10072,44.253,0.201,300.000,350.000,-1,375.000,300.000,300.000,325.000,250.000,275.000,-1,-1,950.000,-1,575.000,525.000,375.000,350.000,1,1,2,1,1,1,1,1,0,2,2,0,2,1,1,1,1
116,10569.277,-7117.200,-66.368,-32.299,0.844724,0.531618,-0.061837,-0.535119,0.840976,-0.080042,0.009452,0.100704,0.994872,0,0.73049,0.09917,43.829,0.198,300.000,350.000,-1,350.000,275.000,325.000,350.000,250.000,275.000,-1,975.000,725.000,-1,700.000,525.000,425.000,325.000,1,1,2,1,1,1,1,1,1,2,0,0,2,1,1,1,1
117,10606.075,-7140.277,-65.104,-32.104,0.846077,0.528458,-0.069900,-0.532825,0.842300,-0.081413,0.015853,0.106126,0.994226,0,0.72392,0.09733,43.435,0.195,325.000,375.000,-1,350.000,250.000,325.000,375.000,250.000,250.000,-1,825.000,575.000,-1,1000.000,550.000,525.000,325.000,1,1,2,1,1,1,1,1,1,2,0,0,2,1,1,1,1
118,10646.969,-7165.856,-63.840,-32.035,0.846121,0.527244,-0.078054,-0.532475,0.842626,-0.080323,0.023420,0.109525,0.993708,0,0.80392,0.03462,48.235,0.069,325.000,400.000,-1,375.000,225.000,350.000,375.000,250.000,250.000,-1,675.000,450.000,-1,-1,600.000,-1,325.000,1,1,2,1,1,1,1,1,1,2,0,0,2,2,1,2,1
119,10691.845,-7193.844,-60.719,-31.945,0.845832,0.526291,-0.087094,-0.532071,0.844054,-0.066880,0.038314,0.102910,0.993953,0,0.88145,0.04509,52.887,0.090,375.000,425.000,-1,400.000,250.000,400.000,375.000,250.000,250.000,-1,450.000,300.000,975.000,-1,950.000,-1,-1,1,1,2,1,1,1,1,1,1,2,0,0,0,2,0,2,2
120,10736.581,-7221.623,-58.478,-31.830,0.845815,0.524994,-0.094757,-0.530925,0.845735,-0.053392,0.052109,0.095469,0.994068,0,0.87763,0.05728,52.658,0.115,-1,475.000,-1,425.000,275.000,450.000,400.000,250.000,250.000,600.000,300.000,225.000,925.000,-1,1000.000,-1,-1,2,1,2,1,1,1,1,1,1,1,1,0,0,2,1,2,2
121,10781.131,-7249.135,-57.101,-31.690,0.846120,0.523317,-0.101094,-0.529038,0.847659,-0.039918,0.064803,0.087258,0.994076,0,0.87265,0.07015,52.359,0.140,-1,575.000,-1,475.000,375.000,475.000,450.000,225.000,250.000,475.000,250.000,175.000,900.000,-1,-1,-1,-1,2,1,2,1,1,1,1,1,1,1,1,0,0,2,2,2,2
122,10825.443,-7276.323,-56.564,-31.522,0.846789,0.521226,-0.106167,-0.526413,0.849815,-0.026513,0.076404,0.078339,0.993995,0,0.86644,0.08367,51.986,0.167,-1,650.000,-1,525.000,-1,500.000,475.000,200.000,250.000,400.000,175.000,125.000,875.000,-1,-1,-1,-1,2,1,2,1,2,0,1,1,1,1,0,0,0,2,2,2,2
123,10869.467,-7303.124,-55.635,-31.327,0.848064,0.518511,-0.109238,-0.523351,0.851897,-0.019382,0.083010,0.073607,0.993827,0,0.85898,0.09775,51.539,0.195,-1,675.000,-1,625.000,-1,525.000,500.000,175.000,225.000,400.000,150.000,100.000,875.000,-1,-1,-1,-1,2,1,2,0,2,0,0,1,1,1,0,0,0,2,2,2,2
124,8854.946,9510.932,-174.994,123.505,-0.542358,-0.824694,-0.160398,0.837448,-0.545963,-0.024586,-0.067295,-0.147660,0.986746,1,0.00000,0.00000,51.018,0.225,225.000,275.000,1000.000,375.000,-1,250.000,300.000,225.000,200.000,-1,-1,-1,-1,400.000,600.000,250.000,975.000,0,0,0,0,2,0,0,0,1,2,2,2,2,0,0,0,0
125,4263.560,983.898,70.175,-53.009,0.601753,0.798680,-0.001753,-0.798474,0.601645,0.021485,0.018214,-0.011529,0.999768,1,0.00000,0.00000,4.800,-0.240,-1,375.000,725.000,400.000,-1,325.000,325.000,325.000,325.000,-1,700.000,700.000,-1,750.000,525.000,-1,625.000,2,0,1,1,2,0,0,0,0,2,0,0,2,0,1,2,1
126,4262.023,985.921,70.135,-52.769,0.605094,0.796152,-0.001742,-0.795948,0.604985,0.021454,0.018134,-0.011595,0.999768,0,-0.04233,0.12000,-2.540,0.240,-1,375.000,750.000,400.000,-1,325.000,325.000,325.000,325.000,-1,700.000,700.000,-1,750.000,525.000,-1,625.000,2,0,1,1,2,0,0,0,0,2,0,0,2,0,1,2,1
127,4260.455,987.949,70.095,-52.289,0.611743,0.791055,-0.001742,-0.790852,0.611633,0.021403,0.017996,-0.011715,0.999769,0,-0.04272,0.24000,-2.563,0.480,-1,375.000,750.000,400.000,975.000,325.000,325.000,325.000,325.000,-1,700.000,700.000,-1,750.000,525.000,-1,625.000,2,0,1,1,1,0,0,0,0,2,0,0,2,0,1,2,1
128,4258.849,989.982,70.056,-51.696,0.619901,0.784678,-0.001747,-0.784478,0.619790,0.021342,0.017830,-0.011859,0.999771,0,-0.04319,0.29663,-2.592,0.593,-1,375.000,750.000,400.000,925.000,325.000,325.000,325.000,325.000,-1,700.000,700.000,-1,750.000,525.000,-1,625.000,2,0,1,0,1,0,0,0,0,2,0,0,2,0,1,2,1
129,4257.202,992.023,70.016,-51.105,0.627968,0.778237,-0.001752,-0.778039,0.627856,0.021280,0.017661,-0.012000,0.999772,0,-0.04371,0.29574,-2.623,0.591,-1,375.000,775.000,400.000,875.000,325.000,325.000,325.000,325.000,-1,700.000,700.000,-1,750.000,525.000,-1,600.000,2,0,1,0,1,0,0,0,0,2,0,0,2,0,1,2,1
130,4255.514,994.072,69.972,-50.515,0.635945,0.771732,-0.001753,-0.771536,0.635831,0.021237,0.017504,-0.012154,0.999773,0,-0.04423,0.29486,-2.654,0.590,-1,375.000,775.000,400.000,850.000,325.000,325.000,325.000,325.000,-1,700.000,700.000,-1,750.000,525.000,-1,600.000,2,0,1,0,1,0,0,0,0,2,0,0,2,0,1,2,1
131,4253.785,996.127,69.925,-49.927,0.643832,0.765165,-0.001749,-0.764970,0.643716,0.021212,0.017357,-0.012319,0.999773,0,-0.04477,0.29399,-2.686,0.588,-1,375.000,800.000,400.000,825.000,325.000,325.000,325.000,325.000,-1,700.000,700.000,-1,750.000,525.000,-1,600.000,2,0,1,0,1,0,0,0,0,2,0,0,2,0,1,2,1
132,4252.014,998.190,69.877,-49.341,0.651627,0.758537,-0.001747,-0.758344,0.651510,0.021185,0.017207,-0.012480,0.999774,0,-0.04531,0.29313,-2.719,0.586,-1,375.000,800.000,400.000,800.000,325.000,325.000,325.000,325.000,-1,700.000,700.000,-1,750.000,525.000,-1,600.000,2,0,1,0,1,0,0,0,0,2,0,0,2,0,1,2,1
133,4250.199,1000.259,69.830,-48.756,0.659333,0.751849,-0.001745,-0.751658,0.659214,0.021156,0.017056,-0.012638,0.999775,0,-0.04587,0.29228,-2.752,0.585,-1,375.000,825.000,400.000,775.000,325.000,325.000,325.000,325.000,-1,700.000,700.000,-1,750.000,525.000,-1,600.000,2,0,1,0,1,0,0,0,0,2,0,0,2,0,1,2,1
134,4248.341,1002.335,69.782,-48.173,0.666948,0.745102,-0.001743,-0.744913,0.666827,0.021126,0.016903,-0.012792,0.999775,0,-0.04643,0.29145,-2.786,0.583,-1,400.000,825.000,400.000,750.000,325.000,325.000,325.000,325.000,-1,675.000,700.000,-1,775.000,550.000,-1,600.000,2,0,1,0,1,0,0,0,0,2,0,0,2,0,1,2,1
