timestep,x_cm,y_cm,z_cm,yaw_deg,basis_xx,basis_xy,basis_xz,basis_yx,basis_yy,basis_yz,basis_zx,basis_zy,basis_zz,teleport_flag,throttle_cmd,steering_cmd,cmd_move_cm,cmd_turn_deg,lidar_cm_0,lidar_cm_1,lidar_cm_2,lidar_cm_3,lidar_cm_4,lidar_cm_5,lidar_cm_6,lidar_cm_7,lidar_cm_8,lidar_cm_9,lidar_cm_10,lidar_cm_11,lidar_cm_12,lidar_cm_13,lidar_cm_14,lidar_cm_15,lidar_cm_16,lidar_class_0,lidar_class_1,lidar_class_2,lidar_class_3,lidar_class_4,lidar_class_5,lidar_class_6,lidar_class_7,lidar_class_8,lidar_class_9,lidar_class_10,lidar_class_11,lidar_class_12,lidar_class_13,lidar_class_14,lidar_class_15,lidar_class_16
0,-7544.021,-6892.031,148.990,-99.730,-0.170912,0.985194,0.013514,-0.981154,-0.168925,-0.093814,-0.090142,-0.029293,0.995498,1,0.08000,0.12000,4.800,0.240,-1,425.000,-1,450.000,-1,350.000,350.000,275.000,275.000,-1,-1,-1,-1,1000.000,1000.000,-1,-1,2,0,2,0,2,0,0,0,0,2,2,2,2,0,0,2,2
1,-7545.565,-6901.507,148.123,-99.250,-0.162620,0.986602,0.013102,-0.982425,-0.160670,-0.095004,-0.091626,-0.028321,0.995391,0,0.16000,0.24000,9.600,0.480,-1,425.000,-1,450.000,-1,350.000,350.000,275.000,275.000,-1,-1,-1,-1,1000.000,1000.000,-1,-1,2,0,2,0,2,0,0,0,0,2,2,2,2,0,0,2,2
2,-7547.737,-6915.742,146.822,-98.673,-0.152635,0.988203,0.012508,-0.983824,-0.150734,-0.096802,-0.093775,-0.027081,0.995225,0,0.24000,0.28844,14.400,0.577,-1,425.000,-1,450.000,-1,350.000,350.000,275.000,275.000,-1,-1,-1,-1,975.000,975.000,-1,-1,2,0,2,0,2,0,0,0,0,2,2,2,2,0,0,2,2
3,-7550.441,-6934.751,145.088,-98.097,-0.142643,0.989705,0.011747,-0.985055,-0.140795,-0.099216,-0.096540,-0.025724,0.994997,0,0.32000,0.28805,19.200,0.576,-1,425.000,-1,425.000,-1,350.000,350.000,275.000,275.000,-1,-1,-1,-1,950.000,975.000,-1,-1,2,0,2,0,2,0,0,0,0,2,2,2,2,0,0,2,2
4,-7553.584,-6958.545,142.915,-97.522,-0.132646,0.991104,0.010841,-0.986115,-0.130860,-0.102244,-0.099916,-0.024253,0.994700,0,0.40000,0.28752,24.000,0.575,-1,425.000,-1,425.000,-1,350.000,350.000,275.000,275.000,-1,-1,-1,-1,950.000,950.000,-1,-1,2,0,2,0,2,0,0,0,0,2,2,2,2,0,0,2,2
5,-7557.068,-6987.135,140.300,-96.948,-0.122649,0.992402,0.009812,-0.986997,-0.120934,-0.105884,-0.103893,-0.022671,0.994330,0,0.48000,0.28684,28.800,0.574,-1,425.000,-1,425.000,-1,350.000,350.000,300.000,275.000,-1,-1,-1,-1,925.000,925.000,-1,-1,2,0,2,0,2,0,0,0,0,2,2,2,2,0,0,2,2
6,-7560.800,-7020.528,137.238,-96.376,-0.112657,0.993596,0.008680,-0.987696,-0.111026,-0.110132,-0.108463,-0.020980,0.993879,0,0.56000,0.28598,33.600,0.572,-1,425.000,-1,425.000,-1,325.000,350.000,300.000,275.000,-1,-1,-1,-1,900.000,900.000,-1,-1,2,0,2,0,2,0,0,0,0,2,2,2,2,0,0,2,2
7,-7564.685,-7058.732,133.727,-95.806,-0.102675,0.994687,0.007467,-0.988205,-0.101143,-0.114985,-0.113619,-0.019185,0.993339,0,0.64000,0.28491,38.400,0.570,-1,425.000,-1,425.000,-1,325.000,325.000,300.000,300.000,-1,-1,-1,-1,875.000,875.000,-1,-1,2,0,2,0,2,0,0,0,0,2,2,2,2,0,0,2,2
8,-7568.630,-7101.753,129.763,-95.239,-0.092710,0.995674,0.006194,-0.988514,-0.091295,-0.120436,-0.119350,-0.017288,0.992702,0,0.72000,0.28358,43.200,0.567,-1,400.000,-1,400.000,-1,325.000,325.000,300.000,300.000,-1,-1,-1,-1,850.000,850.000,-1,-1,2,0,2,0,2,0,0,0,0,2,2,2,2,0,0,2,2
9,-7572.543,-7149.596,125.342,-94.675,-0.082772,0.996557,0.004881,-0.988616,-0.081493,-0.126480,-0.125646,-0.015294,0.991957,0,0.80000,0.28196,48.000,0.564,-1,400.000,-1,400.000,-1,325.000,325.000,300.000,300.000,-1,-1,-1,-1,825.000,825.000,-1,-1,2,0,2,0,2,0,0,0,0,2,2,2,2,0,0,2,2
10,-7576.257,-7201.221,120.254,-94.115,-0.073032,0.997318,0.004867,-0.988632,-0.071751,-0.132131,-0.131427,-0.014461,0.991220,0,0.86261,0.27998,51.757,0.560,-1,400.000,-1,400.000,-1,325.000,325.000,300.000,300.000,-1,-1,-1,-1,800.000,800.000,-1,-1,2,0,2,0,2,0,0,0,0,2,2,2,2,0,0,2,2
11,-7579.462,-7252.746,113.665,-93.560,-0.063494,0.997963,0.006277,-0.989025,-0.062082,-0.134069,-0.133406,-0.014721,0.990952,0,0.86040,0.27765,51.624,0.555,-1,400.000,-1,400.000,-1,325.000,325.000,300.000,300.000,-1,-1,-1,-1,775.000,775.000,-1,-1,2,0,2,0,2,0,0,0,0,2,2,2,2,0,0,2,2
12,-7582.319,-7307.177,106.175,-93.004,-0.053692,0.998540,0.006003,-0.989511,-0.052397,-0.134618,-0.134106,-0.013168,0.990879,0,0.90842,0.27797,54.505,0.556,-1,400.000,-1,400.000,-1,325.000,325.000,300.000,300.000,-1,-1,-1,-1,775.000,750.000,-1,-1,2,0,2,0,2,0,0,0,0,2,2,2,2,0,0,2,2
13,-7584.637,-7361.450,98.701,-92.445,-0.043843,0.999022,0.005757,-0.989905,-0.042664,-0.135157,-0.134779,-0.011625,0.990808,0,0.90539,0.27920,54.323,0.558,-1,400.000,-1,400.000,-1,325.000,325.000,300.000,300.000,-1,-1,-1,-1,750.000,750.000,-1,-1,2,0,2,0,2,0,0,0,0,2,2,2,2,0,0,2,2
14,-7586.419,-7415.556,91.244,-91.885,-0.033957,0.999408,0.005538,-0.990206,-0.032892,-0.135687,-0.135425,-0.010092,0.990736,0,0.90224,0.28017,54.135,0.560,-1,400.000,-1,400.000,-1,325.000,325.000,300.000,300.000,-1,-1,-1,-1,750.000,725.000,-1,-1,2,0,2,0,2,0,0,0,0,2,2,2,2,0,0,2,2
15,-7587.665,-7469.483,83.806,-91.323,-0.024044,0.999697,0.005345,-0.990411,-0.023092,-0.136211,-0.136046,-0.008569,0.990665,0,0.89902,0.28088,53.941,0.562,-1,400.000,-1,400.000,-1,325.000,325.000,300.000,300.000,-1,-1,-1,-1,750.000,725.000,-1,-1,2,0,2,0,2,0,0,0,0,2,2,2,2,0,0,2,2
16,-7588.379,-7523.223,76.388,-90.761,-0.014115,0.999887,0.005175,-0.990520,-0.013275,-0.136728,-0.136644,-0.007055,0.990595,0,0.89575,0.28132,53.745,0.563,-1,400.000,-1,400.000,-1,325.000,325.000,300.000,300.000,1000.000,-1,-1,-1,725.000,725.000,-1,-1,2,0,2,0,2,0,0,0,0,1,2,2,2,0,0,2,2
17,-7588.564,-7576.771,68.991,-90.198,-0.004178,0.999979,0.005026,-0.990532,-0.003449,-0.137242,-0.137222,-0.005552,0.990525,0,0.89246,0.28151,53.548,0.563,-1,400.000,-1,400.000,-1,325.000,325.000,300.000,300.000,950.000,-1,-1,-1,725.000,700.000,-1,-1,2,0,2,0,2,0,0,0,0,1,2,2,2,0,0,2,2
18,-7588.224,-7630.121,61.616,-89.635,0.005755,0.999971,0.004898,-0.990446,0.006375,-0.137753,-0.137780,-0.004059,0.990455,0,0.88919,0.28143,53.351,0.563,-1,400.000,-1,375.000,-1,325.000,325.000,300.000,300.000,925.000,-1,-1,-1,725.000,700.000,-1,-1,2,0,2,0,2,0,0,0,0,1,2,2,2,0,0,2,2
19,-7587.364,-7683.272,54.263,-89.073,0.015675,0.999866,0.004789,-0.990263,0.016186,-0.138262,-0.138321,-0.002575,0.990384,0,0.88595,0.28111,53.157,0.562,-1,375.000,-1,375.000,-1,325.000,325.000,300.000,300.000,925.000,-1,-1,-1,725.000,675.000,-1,-1,2,0,2,0,2,0,0,0,0,1,2,2,2,0,0,2,2
20,-7585.988,-7736.221,46.934,-88.511,0.025572,0.999662,0.004697,-0.989984,0.025977,-0.138772,-0.138847,-0.001101,0.990313,0,0.88278,0.28053,52.967,0.561,-1,375.000,-1,375.000,-1,300.000,300.000,300.000,300.000,900.000,-1,-1,-1,700.000,675.000,-1,-1,2,0,2,0,2,0,0,0,0,1,2,2,2,0,0,2,2
21,-7584.102,-7788.970,39.628,-87.952,0.035437,0.999361,0.004621,-0.989607,0.035735,-0.139284,-0.139360,0.000363,0.990242,0,0.87971,0.27971,52.783,0.559,-1,375.000,-1,375.000,-1,300.000,300.000,300.000,300.000,900.000,-1,-1,-1,700.000,650.000,-1,-1,2,0,2,0,2,0,0,0,0,1,2,2,2,0,0,2,2
22,-7581.711,-7841.521,32.345,-87.395,0.045261,0.998965,0.004560,-0.989136,0.045454,-0.139800,-0.139862,0.001817,0.990169,0,0.87676,0.27864,52.605,0.557,-1,375.000,-1,375.000,-1,300.000,300.000,300.000,300.000,900.000,-1,-1,-1,700.000,650.000,-1,-1,2,0,2,0,2,0,0,0,0,1,2,2,2,0,0,2,2
23,-7578.821,-7893.878,25.319,-86.840,0.054900,0.998477,0.005442,-0.988732,0.055123,-0.139178,-0.139266,0.002260,0.990252,0,0.87394,0.27735,52.437,0.555,-1,375.000,-1,375.000,-1,300.000,300.000,300.000,300.000,925.000,-1,-1,-1,700.000,650.000,-1,-1,2,0,2,0,2,0,0,0,0,1,2,2,2,0,0,2,2
24,-7575.437,-7946.045,18.661,-86.288,0.064497,0.997899,0.006164,-0.988462,0.064733,-0.136940,-0.137051,0.002739,0.990560,0,0.87129,0.27582,52.277,0.552,-1,375.000,-1,375.000,-1,300.000,300.000,300.000,300.000,925.000,-1,-1,-1,700.000,650.000,-1,-1,2,0,2,0,2,0,0,0,0,1,2,2,2,0,0,2,2
25,-7571.565,-7998.029,12.014,-85.740,0.074031,0.997232,0.006840,-0.988096,0.074277,-0.134722,-0.134857,0.003216,0.990860,0,0.86881,0.27408,52.129,0.548,-1,375.000,-1,375.000,-1,300.000,300.000,300.000,325.000,925.000,-1,-1,-1,700.000,650.000,-1,-1,2,0,2,0,2,0,0,0,0,1,2,2,2,0,0,2,2
26,-7567.211,-8049.837,5.378,-85.196,0.083494,0.996480,0.007468,-0.987635,0.083746,-0.132527,-0.132686,0.003690,0.991151,0,0.86653,0.27212,51.992,0.544,-1,375.000,-1,375.000,-1,300.000,300.000,300.000,325.000,925.000,-1,-1,-1,700.000,650.000,-1,-1,2,0,2,0,2,0,0,0,0,1,2,2,2,0,0,2,2
27,-7562.287,-8100.160,-1.085,-84.412,0.097159,0.995236,0.008042,-0.986666,0.097376,-0.130411,-0.130573,0.004736,0.991427,0,0.84274,0.39212,50.564,0.784,-1,375.000,-1,375.000,-1,300.000,300.000,325.000,325.000,925.000,-1,-1,-1,700.000,650.000,-1,-1,2,0,2,0,2,0,0,0,0,1,2,2,2,0,0,2,2
28,-7556.474,-8150.303,-7.548,-83.388,0.115007,0.993328,0.008549,-0.985024,0.115150,-0.128328,-0.128457,0.006337,0.991695,0,0.84132,0.51212,50.479,1.024,-1,375.000,-1,375.000,-1,325.000,300.000,325.000,325.000,950.000,-1,-1,-1,725.000,650.000,-1,-1,2,0,2,0,2,0,0,0,0,1,2,2,2,0,0,2,2
29,-7549.563,-8200.255,-14.016,-82.123,0.137006,0.990530,0.008962,-0.982483,0.137036,-0.126290,-0.126323,0.008498,0.991953,0,0.84046,0.63212,50.428,1.264,-1,400.000,-1,375.000,-1,325.000,300.000,325.000,325.000,975.000,875.000,-1,-1,725.000,650.000,-1,-1,2,0,2,0,2,0,0,0,0,1,0,2,2,0,0,2,2
30,-7541.347,-8249.987,-20.492,-80.619,0.163110,0.986565,0.009252,-0.978765,0.162986,-0.124315,-0.124153,0.011221,0.992200,0,0.84011,0.75212,50.407,1.504,-1,400.000,-1,375.000,-1,325.000,325.000,325.000,300.000,1000.000,700.000,850.000,-1,725.000,650.000,-1,-1,2,0,2,0,2,0,0,0,0,1,0,0,2,0,0,2,2
31,-7531.620,-8299.452,-26.979,-78.875,0.193248,0.981105,0.009394,-0.973545,0.192931,-0.122423,-0.121922,0.014512,0.992434,0,0.84023,0.87212,50.414,1.744,-1,400.000,-1,375.000,-1,325.000,300.000,325.000,300.000,-1,575.000,725.000,-1,725.000,650.000,-1,-1,2,0,2,0,2,0,0,0,0,2,0,0,2,0,0,2,2
32,-7520.358,-8348.624,-33.472,-77.100,0.223725,0.974607,0.009399,-0.967278,0.223206,-0.120630,-0.119665,0.017896,0.992653,0,0.84076,0.88721,50.446,1.774,-1,400.000,-1,375.000,-1,325.000,300.000,325.000,300.000,-1,475.000,650.000,-1,725.000,650.000,-1,-1,2,0,2,0,2,0,0,0,0,2,0,0,2,0,0,2,2
33,-7507.574,-8397.461,-39.968,-75.331,0.253899,0.967186,0.009275,-0.960080,0.253174,-0.118949,-0.117394,0.021296,0.992857,0,0.84137,0.88466,50.482,1.769,-1,400.000,-1,375.000,-1,325.000,300.000,300.000,300.000,-1,450.000,575.000,-1,750.000,650.000,-1,-1,2,0,2,0,2,0,0,0,0,2,0,0,2,0,0,2,2
34,-7493.282,-8445.917,-46.383,-73.567,0.283708,0.958865,0.009372,-0.951948,0.282810,-0.117531,-0.115346,0.024423,0.993025,0,0.84201,0.88211,50.521,1.764,-1,400.000,-1,375.000,-1,325.000,300.000,300.000,300.000,-1,450.000,550.000,-1,750.000,675.000,-1,-1,2,0,2,0,2,0,0,0,0,2,0,0,2,0,0,2,2
35,-7477.496,-8493.949,-52.212,-71.808,0.312921,0.949708,0.011631,-0.942904,0.312104,-0.116285,-0.114067,0.025421,0.993148,0,0.84267,0.87955,50.560,1.759,-1,400.000,-1,375.000,-1,325.000,300.000,300.000,300.000,-1,475.000,625.000,-1,750.000,675.000,-1,-1,2,0,2,0,2,0,0,0,0,2,0,0,2,0,0,2,2
36,-7460.234,-8541.514,-57.862,-70.054,0.341703,0.939701,0.014203,-0.933080,0.341023,-0.114299,-0.112251,0.025804,0.993345,0,0.84334,0.87699,50.601,1.754,-1,400.000,-1,375.000,-1,325.000,300.000,300.000,300.000,-1,500.000,650.000,-1,725.000,675.000,-1,-1,2,0,2,0,2,0,0,0,0,2,0,0,2,0,0,2,2
37,-7441.513,-8588.569,-63.515,-68.305,0.370100,0.928844,0.016575,-0.922405,0.369538,-0.112299,-0.110434,0.026273,0.993536,0,0.84404,0.87443,50.642,1.749,-1,400.000,-1,375.000,-1,325.000,300.000,300.000,300.000,-1,525.000,700.000,-1,725.000,675.000,-1,-1,2,0,2,0,2,0,0,0,0,2,0,0,2,0,0,2,2
38,-7421.352,-8635.070,-68.953,-66.561,0.398152,0.917137,0.018294,-0.910797,0.397616,-0.111134,-0.109199,0.027587,0.993637,0,0.84474,0.87186,50.685,1.744,-1,400.000,-1,375.000,-1,325.000,300.000,300.000,300.000,-1,600.000,800.000,-1,725.000,675.000,-1,-1,2,0,2,0,2,0,0,0,0,2,0,0,2,0,0,2,2
39,-7399.771,-8680.978,-74.310,-64.823,0.425791,0.904608,0.019632,-0.898357,0.425239,-0.110118,-0.107962,0.029251,0.993725,0,0.84546,0.86930,50.728,1.739,-1,400.000,-1,375.000,-1,325.000,300.000,300.000,300.000,-1,675.000,900.000,-1,700.000,675.000,-1,-1,2,0,2,0,2,0,0,0,0,2,0,0,2,0,0,2,2
40,-7376.791,-8726.251,-79.497,-63.089,0.453041,0.891265,0.019995,-0.885148,0.452375,-0.108946,-0.106145,0.031658,0.993847,0,0.84619,0.86673,50.771,1.733,-1,400.000,-1,375.000,-1,325.000,325.000,300.000,300.000,-1,725.000,975.000,-1,700.000,675.000,-1,-1,2,0,2,0,2,0,0,0,0,2,0,0,2,0,0,2,2
41,-7352.435,-8770.848,-84.684,-61.361,0.479798,0.877145,0.020245,-0.871157,0.479012,-0.107853,-0.104300,0.034112,0.993961,0,0.84692,0.86418,50.815,1.728,-1,400.000,-1,375.000,-1,325.000,325.000,300.000,300.000,-1,800.000,-1,-1,700.000,675.000,-1,-1,2,0,2,0,2,0,0,0,0,2,0,2,2,0,0,2,2
42,-7326.726,-8814.731,-89.869,-59.638,0.506043,0.862267,0.020381,-0.856405,0.505128,-0.106844,-0.102423,0.036613,0.994067,0,0.84766,0.86162,50.860,1.723,975.000,400.000,-1,375.000,-1,325.000,325.000,300.000,300.000,-1,850.000,-1,-1,700.000,675.000,-1,-1,1,0,2,0,2,0,0,0,0,2,0,2,2,0,0,2,2
43,-7299.690,-8857.862,-95.049,-57.919,0.531755,0.846653,0.020406,-0.840913,0.530703,-0.105925,-0.100511,0.039166,0.994165,0,0.84841,0.85907,50.905,1.718,900.000,375.000,-1,375.000,-1,325.000,325.000,300.000,300.000,-1,925.000,-1,-1,700.000,675.000,-1,-1,1,0,2,0,2,0,0,0,0,2,0,2,2,0,0,2,2
44,-7271.351,-8900.202,-100.088,-56.206,0.556969,0.830302,0.019611,-0.824718,0.555704,-0.105042,-0.098115,0.042331,0.994274,0,0.84916,0.85653,50.949,1.713,875.000,375.000,-1,375.000,-1,325.000,325.000,300.000,300.000,-1,950.000,-1,-1,675.000,675.000,-1,-1,1,0,2,0,2,0,0,0,0,2,0,2,2,0,0,2,2
45,-7239.804,-8944.463,-105.349,-54.523,0.581301,0.813487,0.018143,-0.808089,0.579768,-0.104219,-0.095300,0.045921,0.994389,0,0.90589,0.84186,54.353,1.684,825.000,375.000,-1,375.000,-1,325.000,325.000,300.000,300.000,-1,975.000,-1,-1,675.000,675.000,-1,-1,1,0,2,0,2,0,0,0,0,2,0,2,2,0,0,2,2
46,-7206.884,-8987.880,-110.411,-52.831,0.605182,0.795901,0.017226,-0.790655,0.603434,-0.103596,-0.092847,0.049075,0.994470,0,0.90811,0.84566,54.487,1.691,775.000,375.000,-1,375.000,-1,325.000,325.000,300.000,300.000,-1,-1,-1,-1,675.000,675.000,-1,-1,1,0,2,0,2,0,0,0,0,2,2,2,2,0,0,2,2
47,-7172.607,-9030.406,-115.255,-51.132,0.628585,0.777556,0.016946,-0.772422,0.626682,-0.103121,-0.090802,0.051731,0.994524,0,0.91034,0.84949,54.620,1.699,725.000,375.000,-1,375.000,-1,325.000,325.000,300.000,300.000,-1,-1,-1,-1,675.000,650.000,-1,-1,1,0,2,0,2,0,0,0,0,2,2,2,2,0,0,2,2
48,-7136.993,-9071.993,-120.064,-49.426,0.651546,0.758431,0.016433,-0.753416,0.649464,-0.102767,-0.088615,0.054576,0.994570,0,0.91257,0.85336,54.754,1.707,675.000,375.000,-1,375.000,-1,325.000,325.000,300.000,300.000,-1,-1,-1,-1,650.000,650.000,1000.000,-1,1,0,2,0,2,0,0,0,0,2,2,2,2,0,0,0,2
49,-7100.060,-9112.594,-124.747,-47.711,0.674016,0.738548,0.015808,-0.733683,0.671764,-0.102186,-0.086088,0.057278,0.994640,0,0.91478,0.85727,54.887,1.715,625.000,375.000,-1,375.000,-1,300.000,300.000,300.000,300.000,-1,-1,-1,-1,650.000,625.000,975.000,-1,1,0,2,0,2,0,0,0,0,2,2,2,2,0,0,0,2
50,-7061.833,-9152.162,-129.019,-45.989,0.695921,0.717958,0.015175,-0.713381,0.693598,-0.100043,-0.082352,0.058796,0.994867,0,0.91697,0.86124,55.018,1.722,600.000,375.000,-1,375.000,-1,300.000,300.000,300.000,300.000,-1,-1,-1,-1,650.000,625.000,950.000,-1,1,0,2,0,2,0,0,0,0,2,2,2,2,0,0,0,2
51,-7022.335,-9190.648,-133.245,-44.258,0.717305,0.696615,0.014216,-0.692327,0.714891,-0.098057,-0.078470,0.060495,0.995079,0,0.91914,0.86525,55.148,1.730,550.000,375.000,-1,350.000,-1,300.000,300.000,300.000,300.000,-1,-1,-1,-1,625.000,625.000,925.000,-1,1,0,2,0,2,0,0,0,0,2,2,2,2,0,0,0,2
52,-6981.593,-9228.004,-137.422,-42.520,0.738138,0.674526,0.012940,-0.670530,0.735612,-0.096253,-0.074444,0.062372,0.995273,0,0.92127,0.86932,55.276,1.739,500.000,375.000,-1,350.000,1000.000,300.000,300.000,300.000,275.000,-1,-1,-1,-1,625.000,625.000,900.000,-1,1,0,2,0,0,0,0,0,0,2,2,2,2,0,0,0,2
53,-6939.637,-9264.182,-141.131,-40.773,0.758334,0.651766,0.011439,-0.648197,0.755808,-0.092705,-0.069067,0.062886,0.995628,0,0.92335,0.87346,55.401,1.747,475.000,375.000,-1,350.000,-1,300.000,300.000,300.000,300.000,-1,700.000,825.000,-1,625.000,625.000,875.000,-1,1,0,2,0,2,0,0,0,0,2,0,0,2,0,0,0,2
54,-6896.499,-9299.134,-144.323,-39.017,0.777921,0.628290,0.009534,-0.625157,0.775395,-0.089109,-0.063379,0.063360,0.995976,0,0.92538,0.87767,55.523,1.755,425.000,375.000,-1,350.000,-1,300.000,300.000,300.000,300.000,-1,600.000,675.000,-1,600.000,625.000,875.000,-1,1,0,2,0,2,0,0,0,0,2,0,0,2,0,0,0,2
55,-6854.554,-9331.241,-147.272,-37.434,0.794972,0.606602,0.007365,-0.603871,0.792435,-0.085944,-0.057970,0.063876,0.996273,0,0.88040,0.79177,52.824,1.584,400.000,375.000,-1,375.000,-1,300.000,300.000,300.000,300.000,-1,525.000,600.000,-1,600.000,650.000,875.000,-1,1,0,2,0,2,0,0,0,0,2,0,0,2,0,0,0,2
56,-6811.654,-9362.227,-150.157,-35.842,0.811503,0.584327,0.004855,-0.581995,0.808954,-0.082919,-0.052379,0.064463,0.996544,0,0.88202,0.79610,52.921,1.592,375.000,375.000,-1,375.000,-1,300.000,300.000,300.000,300.000,-1,475.000,500.000,-1,600.000,650.000,850.000,-1,1,0,2,0,2,0,0,0,0,2,0,0,2,0,0,0,2
57,-6767.830,-9392.053,-152.933,-34.240,0.827497,0.561467,0.002033,-0.559521,0.824919,-0.080277,-0.046750,0.065292,0.996771,0,0.88352,0.80052,53.011,1.601,325.000,375.000,-1,375.000,-1,300.000,300.000,300.000,300.000,-1,400.000,400.000,-1,600.000,650.000,850.000,-1,1,0,2,0,2,0,0,0,0,2,0,0,2,0,0,0,2
58,-6723.116,-9420.680,-155.461,-32.630,0.842938,0.538010,-0.001000,-0.536406,0.840279,-0.078737,-0.041521,0.066907,0.996895,0,0.88491,0.80503,53.095,1.610,300.000,350.000,-1,375.000,-1,300.000,300.000,300.000,300.000,-1,350.000,350.000,-1,575.000,625.000,850.000,-1,1,0,2,0,2,0,0,0,0,2,0,0,2,0,0,0,2
59,-6677.545,-9448.071,-157.892,-31.011,0.857787,0.513987,-0.004253,-0.512728,0.855043,-0.077533,-0.036214,0.068687,0.996981,0,0.88616,0.80966,53.170,1.619,275.000,350.000,-1,375.000,-1,300.000,300.000,300.000,300.000,-1,325.000,325.000,-1,575.000,625.000,850.000,-1,1,0,2,0,2,0,0,0,0,2,0,0,2,0,0,0,2
60,-6631.156,-9474.185,-159.117,-29.382,0.872039,0.489313,-0.010955,-0.488597,0.869018,-0.077983,-0.028638,0.073356,0.996895,0,0.88726,0.81440,53.236,1.629,250.000,350.000,-1,375.000,-1,300.000,300.000,300.000,300.000,-1,300.000,300.000,-1,600.000,625.000,925.000,-1,1,0,2,0,2,0,0,0,0,2,0,0,2,0,0,0,2
61,-6583.987,-9498.983,-158.720,-27.744,0.885574,0.463921,-0.023178,-0.464177,0.882000,-0.081340,-0.017293,0.082791,0.996417,0,0.88820,0.81926,53.292,1.639,250.000,375.000,-1,375.000,-1,300.000,300.000,325.000,300.000,-1,275.000,250.000,-1,625.000,625.000,-1,-1,1,0,2,0,2,0,0,0,0,2,0,0,2,0,0,2,2
62,-6536.084,-9522.434,-158.571,-26.095,0.898325,0.438043,-0.033634,-0.439276,0.894343,-0.084784,-0.007059,0.090938,0.995832,0,0.88895,0.82425,53.337,1.648,250.000,375.000,-1,375.000,-1,325.000,325.000,350.000,275.000,-1,275.000,250.000,975.000,675.000,625.000,-1,-1,1,0,2,0,2,0,0,0,0,2,0,0,0,0,0,2,2
63,-6487.492,-9544.502,-158.519,-24.437,0.910337,0.411705,-0.042258,-0.413864,0.906062,-0.088137,0.002002,0.097724,0.995212,0,0.88949,0.82937,53.370,1.659,250.000,400.000,-1,375.000,-1,325.000,325.000,325.000,275.000,-1,275.000,225.000,875.000,700.000,650.000,-1,-1,1,0,2,0,2,0,0,1,0,2,0,0,0,0,0,2,2
64,-6438.262,-9565.156,-158.027,-22.767,0.921704,0.384982,-0.047447,-0.387797,0.917303,-0.090379,0.008729,0.101702,0.994777,0,0.88982,0.83464,53.389,1.669,225.000,400.000,-1,375.000,-1,325.000,325.000,300.000,275.000,-1,300.000,250.000,850.000,700.000,650.000,-1,-1,1,0,2,0,2,0,0,1,0,2,0,0,0,0,0,2,2
65,-6388.443,-9584.364,-156.621,-21.087,0.932234,0.357926,-0.053187,-0.361421,0.928206,-0.088363,0.017741,0.101597,0.994667,0,0.88991,0.84006,53.395,1.680,225.000,400.000,-1,375.000,-1,325.000,325.000,275.000,275.000,-1,300.000,275.000,825.000,750.000,650.000,-1,-1,1,0,2,0,2,0,0,1,0,2,0,0,0,0,0,2,2
66,-6338.089,-9602.091,-155.140,-19.396,0.942014,0.330393,-0.058741,-0.334521,0.938419,-0.086405,0.026576,0.101045,0.994527,0,0.88975,0.84564,53.385,1.691,200.000,425.000,-1,375.000,-1,325.000,325.000,225.000,275.000,-1,300.000,275.000,825.000,775.000,675.000,-1,-1,1,0,2,0,2,0,0,1,0,2,0,0,0,0,0,2,2
67,-6287.256,-9618.306,-153.549,-17.693,0.951011,0.302381,-0.064366,-0.307128,0.947878,-0.084851,0.035354,0.100463,0.994312,0,0.88931,0.85136,53.358,1.703,200.000,425.000,-1,400.000,-1,350.000,325.000,200.000,300.000,-1,300.000,300.000,825.000,800.000,700.000,-1,-1,1,0,2,0,2,0,0,1,0,2,0,0,0,0,0,2,2
68,-6236.001,-9632.980,-151.776,-15.979,0.959183,0.273895,-0.070349,-0.279293,0.956531,-0.083929,0.044303,0.100152,0.993985,0,0.88858,0.85725,53.315,1.715,175.000,425.000,-1,400.000,-1,350.000,350.000,175.000,300.000,-1,275.000,275.000,800.000,825.000,725.000,-1,-1,1,0,2,0,2,0,0,1,0,2,0,0,0,0,0,2,2
69,-6184.388,-9646.087,-149.750,-14.252,0.966479,0.244943,-0.076946,-0.251077,0.964323,-0.083909,0.053648,0.100415,0.993498,0,0.88754,0.86330,53.252,1.727,150.000,450.000,-1,400.000,-1,350.000,350.000,175.000,300.000,-1,250.000,225.000,800.000,875.000,750.000,-1,-1,1,0,2,0,2,0,0,1,0,2,0,0,0,0,0,2,2
70,-6132.481,-9657.603,-147.398,-12.513,0.972842,0.215541,-0.084386,-0.222558,0.971199,-0.085093,0.063614,0.101563,0.992793,0,0.88618,0.86950,53.171,1.739,150.000,475.000,-1,425.000,-1,375.000,350.000,150.000,300.000,-1,250.000,175.000,775.000,925.000,775.000,700.000,-1,1,0,2,0,2,0,0,1,0,2,0,0,0,0,0,1,2
71,-6080.345,-9667.505,-144.648,-10.761,0.978208,0.185707,-0.092856,-0.193832,0.977096,-0.087816,0.074421,0.103901,0.991799,0,0.88448,0.87586,53.069,1.752,125.000,475.000,-1,425.000,-1,375.000,375.000,150.000,300.000,-1,225.000,150.000,750.000,1000.000,825.000,500.000,-1,1,0,2,0,2,0,0,1,0,2,0,0,0,1,0,1,2
72,-6028.049,-9675.776,-141.430,-8.997,0.982509,0.155466,-0.102498,-0.165021,0.981949,-0.092438,0.086277,0.107736,0.990429,0,0.88244,0.88235,52.946,1.765,125.000,500.000,-1,450.000,-1,400.000,375.000,125.000,300.000,-1,225.000,125.000,700.000,975.000,875.000,425.000,-1,1,0,2,0,2,0,0,1,0,2,0,0,0,1,0,1,2
73,-5975.663,-9682.398,-137.676,-7.219,0.985673,0.124858,-0.113397,-0.136287,0.985677,-0.099332,0.099371,0.113363,0.988572,0,0.88005,0.88862,52.803,1.777,125.000,550.000,-1,475.000,-1,425.000,400.000,125.000,275.000,-1,200.000,100.000,625.000,925.000,950.000,375.000,-1,1,0,2,0,2,0,0,1,0,2,0,0,0,1,0,1,2
74,-5923.259,-9687.362,-132.454,-5.436,0.987959,0.094001,-0.122883,-0.107981,0.987762,-0.112544,0.110800,0.124458,0.986019,0,0.87730,0.89156,52.638,1.783,125.000,600.000,-1,475.000,-1,450.000,400.000,125.000,275.000,-1,200.000,100.000,550.000,925.000,-1,375.000,-1,1,1,2,0,2,0,0,1,0,2,0,0,0,1,2,1,2
75,-4919.483,-3607.638,-79.954,-142.306,-0.791205,0.610764,-0.031000,-0.611544,-0.790404,0.035700,-0.002698,0.047204,0.998882,1,0.00000,0.00000,52.451,1.789,-1,375.000,-1,375.000,-1,300.000,300.000,300.000,300.000,425.000,450.000,425.000,-1,675.000,675.000,-1,-1,2,0,2,0,2,0,0,0,0,1,1,0,2,0,0,2,2
76,-4923.269,-3610.589,-79.956,-142.066,-0.788650,0.614068,-0.030843,-0.614838,-0.787836,0.035895,-0.002257,0.047272,0.998879,0,0.08000,0.12000,4.800,0.240,-1,375.000,-1,375.000,-1,300.000,300.000,300.000,300.000,425.000,475.000,400.000,-1,675.000,675.000,-1,-1,2,0,2,0,2,0,0,0,0,1,1,0,2,0,0,2,2
77,-4930.791,-3616.554,-79.956,-141.586,-0.783499,0.620642,-0.030536,-0.621392,-0.782659,0.036289,-0.001377,0.047407,0.998875,0,0.16000,0.24000,9.600,0.480,-1,375.000,-1,375.000,-1,300.000,300.000,300.000,300.000,450.000,450.000,400.000,-1,675.000,675.000,-1,-1,2,0,2,0,2,0,0,0,0,1,0,0,2,0,0,2,2
78,-4941.960,-3625.642,-79.946,-140.866,-0.775669,0.630422,-0.030090,-0.631140,-0.774791,0.036888,-0.000058,0.047605,0.998866,0,0.24000,0.36000,14.400,0.720,-1,375.000,-1,375.000,-1,300.000,300.000,300.000,300.000,450.000,450.000,400.000,-1,675.000,675.000,-1,-1,2,0,2,0,2,0,0,0,0,1,0,0,2,0,0,2,2
79,-4956.647,-3638.008,-79.915,-139.906,-0.765039,0.643307,-0.029524,-0.643982,-0.764111,0.037704,0.001696,0.047858,0.998853,0,0.32000,0.48000,19.200,0.960,-1,375.000,-1,375.000,-1,300.000,300.000,300.000,300.000,475.000,425.000,400.000,-1,675.000,675.000,-1,-1,2,0,2,0,2,0,0,0,0,1,0,0,2,0,0,2,2
80,-4974.679,-3653.846,-79.849,-138.706,-0.751450,0.659159,-0.028862,-0.659779,-0.750460,0.038748,0.003881,0.048159,0.998832,0,0.40000,0.60000,24.000,1.200,-1,375.000,-1,375.000,-1,300.000,325.000,300.000,300.000,475.000,425.000,375.000,-1,700.000,675.000,-1,-1,2,0,2,0,2,0,0,0,0,1,0,0,2,0,0,2,2
81,-4995.832,-3673.390,-79.698,-137.266,-0.734706,0.677802,-0.028127,-0.678355,-0.733650,0.039891,0.006402,0.048388,0.998808,0,0.48000,0.72000,28.800,1.440,-1,375.000,-1,375.000,-1,300.000,325.000,300.000,300.000,500.000,400.000,375.000,-1,700.000,675.000,-1,-1,2,0,2,0,2,0,0,0,0,1,0,0,2,0,0,2,2
82,-5019.832,-3696.904,-79.359,-135.586,-0.714576,0.699025,-0.027310,-0.699500,-0.713469,0.040762,0.009008,0.048231,0.998796,0,0.56000,0.84000,33.600,1.680,1000.000,375.000,-1,375.000,-1,300.000,325.000,300.000,300.000,525.000,400.000,375.000,-1,700.000,675.000,-1,-1,1,0,2,0,2,0,0,0,0,1,0,0,2,0,0,2,2
83,-5044.917,-3723.068,-78.931,-133.794,-0.692434,0.720994,-0.026512,-0.721385,-0.691275,0.041750,0.011775,0.048035,0.998776,0,0.60411,0.89571,36.246,1.791,975.000,375.000,-1,375.000,-1,325.000,325.000,300.000,300.000,550.000,400.000,375.000,-1,700.000,675.000,-1,-1,1,0,2,0,2,0,0,0,0,1,0,0,2,0,0,2,2
84,-5072.394,-3753.561,-78.376,-132.022,-0.669861,0.742040,-0.025742,-0.742342,-0.668645,0.042924,0.014639,0.047863,0.998747,0,0.68411,0.88639,41.046,1.773,925.000,375.000,-1,375.000,-1,325.000,325.000,300.000,300.000,575.000,425.000,400.000,-1,700.000,675.000,1000.000,-1,1,0,2,0,2,0,0,0,0,1,0,0,2,0,0,1,2
85,-5100.125,-3786.306,-77.718,-130.261,-0.646815,0.762235,-0.025061,-0.762446,-0.645542,0.044185,0.017501,0.047687,0.998709,0,0.71517,0.88009,42.910,1.760,900.000,375.000,-1,375.000,-1,325.000,325.000,300.000,300.000,600.000,425.000,400.000,-1,700.000,675.000,950.000,-1,1,0,2,0,2,0,0,0,0,1,0,0,2,0,0,1,2
86,-5127.043,-3820.129,-76.977,-128.514,-0.623336,0.781570,-0.024495,-0.781690,-0.622007,0.045474,0.020305,0.047493,0.998665,0,0.72046,0.87361,43.227,1.747,875.000,375.000,-1,375.000,-1,325.000,325.000,300.000,300.000,625.000,425.000,425.000,-1,700.000,675.000,925.000,-1,1,0,2,0,2,0,0,0,0,1,0,0,2,0,0,1,2
87,-5153.109,-3854.998,-76.151,-126.780,-0.599458,0.800045,-0.024048,-0.800074,-0.598073,0.046788,0.023050,0.047288,0.998615,0,0.72558,0.86717,43.535,1.734,850.000,375.000,-1,375.000,-1,325.000,325.000,300.000,300.000,675.000,425.000,425.000,-1,700.000,675.000,875.000,-1,1,0,2,0,2,0,0,0,0,1,0,0,2,0,0,1,2
88,-5178.286,-3890.878,-75.235,-125.058,-0.575214,0.817659,-0.023730,-0.817598,-0.573774,0.048143,0.025749,0.047094,0.998559,0,0.73055,0.86077,43.833,1.722,800.000,375.000,-1,375.000,-1,325.000,325.000,300.000,300.000,700.000,450.000,450.000,-1,700.000,675.000,850.000,-1,1,0,2,0,2,0,0,0,0,1,0,0,2,0,0,1,2
89,-5205.183,-3931.396,-74.043,-123.577,-0.553944,0.832233,-0.023134,-0.832063,-0.552450,0.049698,0.028580,0.046779,0.998496,0,0.81055,0.74077,48.633,1.482,775.000,375.000,-1,375.000,-1,325.000,325.000,300.000,300.000,725.000,450.000,450.000,-1,725.000,675.000,800.000,-1,1,0,2,0,2,0,0,1,0,1,0,0,2,1,0,1,2
90,-5233.763,-3976.543,-72.578,-122.335,-0.535844,0.844021,-0.022346,-0.843729,-0.534296,0.051469,0.031502,0.046433,0.998425,0,0.89055,0.62077,53.433,1.242,725.000,375.000,-1,375.000,-1,325.000,325.000,300.000,300.000,750.000,475.000,450.000,-1,675.000,675.000,750.000,-1,1,0,2,0,2,0,0,1,0,1,0,0,2,1,0,1,2
91,-5261.814,-4022.868,-70.913,-121.197,-0.519012,0.854494,-0.021582,-0.854091,-0.517432,0.052849,0.033992,0.045863,0.998369,0,0.90260,0.56932,54.156,1.139,700.000,375.000,-1,375.000,-1,325.000,300.000,300.000,300.000,800.000,475.000,475.000,-1,650.000,675.000,700.000,-1,1,0,2,0,2,0,0,1,0,1,0,0,2,1,0,1,2
92,-5289.032,-4069.868,-68.948,-120.074,-0.502184,0.864515,-0.020625,-0.864021,-0.500626,0.053296,0.035750,0.044585,0.998366,0,0.90520,0.56113,54.312,1.122,650.000,375.000,975.000,375.000,-1,325.000,300.000,300.000,300.000,825.000,525.000,525.000,-1,625.000,675.000,650.000,-1,1,0,1,0,2,0,0,1,0,1,0,0,2,1,0,1,2
93,-5315.410,-4117.514,-66.830,-118.969,-0.485416,0.874066,-0.019512,-0.873473,-0.483885,0.053860,0.037636,0.043187,0.998358,0,0.90769,0.55271,54.461,1.105,600.000,375.000,925.000,375.000,-1,325.000,300.000,300.000,300.000,875.000,550.000,550.000,-1,575.000,675.000,600.000,-1,1,0,1,0,2,0,0,1,0,1,0,0,2,1,0,1,2
94,-5340.945,-4165.779,-64.465,-117.881,-0.468725,0.883160,-0.018043,-0.882448,-0.467232,0.054586,0.039778,0.041508,0.998346,0,0.91005,0.54405,54.603,1.088,550.000,375.000,850.000,375.000,-1,325.000,300.000,300.000,300.000,900.000,575.000,575.000,-1,550.000,675.000,550.000,975.000,1,0,1,0,2,0,0,1,0,1,0,0,2,1,0,1,1
95,-5365.635,-4214.633,-62.035,-116.811,-0.452137,0.891794,-0.016594,-0.890962,-0.450684,0.055413,0.041939,0.039839,0.998326,0,0.91231,0.53516,54.738,1.070,525.000,400.000,800.000,375.000,-1,325.000,300.000,300.000,300.000,950.000,600.000,600.000,-1,500.000,675.000,525.000,900.000,1,0,1,0,2,0,0,1,0,1,0,0,2,1,1,1,1
96,-5389.480,-4264.048,-59.540,-115.759,-0.435674,0.899977,-0.015169,-0.899023,-0.434262,0.056338,0.044116,0.038182,0.998297,0,0.91446,0.52603,54.867,1.052,475.000,375.000,725.000,375.000,1000.000,325.000,300.000,300.000,300.000,975.000,625.000,625.000,-1,475.000,625.000,475.000,825.000,1,1,1,0,1,0,0,1,0,1,0,0,2,1,1,1,1
97,-5412.481,-4313.997,-56.984,-114.725,-0.419356,0.907717,-0.013773,-0.906640,-0.417988,0.057355,0.046305,0.036539,0.998259,0,0.91651,0.51664,54.991,1.033,425.000,350.000,675.000,375.000,925.000,325.000,300.000,300.000,300.000,1000.000,650.000,625.000,-1,450.000,575.000,425.000,750.000,1,1,1,0,1,0,0,0,0,1,0,0,2,1,1,1,1
98,-5436.732,-4368.649,-54.147,-113.928,-0.406666,0.913494,-0.012277,-0.912289,-0.405342,0.058544,0.048503,0.035008,0.998209,0,0.99651,0.39854,59.791,0.797,375.000,325.000,625.000,375.000,825.000,300.000,300.000,300.000,300.000,-1,675.000,650.000,-1,400.000,525.000,375.000,675.000,1,1,1,0,1,1,0,0,0,2,0,0,2,1,1,1,1
99,-5460.320,-4423.818,-51.247,-113.149,-0.394181,0.918969,-0.010807,-0.917632,-0.392903,0.059830,0.050736,0.033501,0.998150,0,1.00000,0.38957,60.000,0.779,325.000,300.000,550.000,350.000,750.000,275.000,300.000,300.000,300.000,-1,675.000,675.000,-1,350.000,475.000,300.000,600.000,1,1,1,1,1,1,1,0,0,2,0,0,2,1,1,1,1
100,-5483.173,-4479.295,-48.218,-112.388,-0.381890,0.924162,-0.009187,-0.922700,-0.380680,0.060880,0.052765,0.031726,0.998103,0,1.00000,0.38064,60.000,0.761,250.000,250.000,500.000,325.000,650.000,250.000,275.000,300.000,300.000,-1,700.000,675.000,-1,325.000,425.000,250.000,525.000,1,1,1,1,1,1,1,0,0,2,0,0,2,1,1,1,1
101,-5503.730,-4530.525,-44.069,-111.866,-0.373708,0.927484,-0.010751,-0.925712,-0.372215,0.067177,0.058304,0.035057,0.997683,0,0.92000,0.26064,55.200,0.521,225.000,225.000,450.000,300.000,575.000,225.000,250.000,325.000,300.000,-1,550.000,600.000,-1,300.000,375.000,225.000,450.000,1,1,1,1,1,1,1,0,0,2,0,0,2,1,1,1,1
102,-5522.102,-4577.460,-37.076,-111.392,-0.367261,0.929889,-0.020645,-0.927201,-0.364262,0.087247,0.073609,0.051184,0.995973,0,0.84000,0.23742,50.400,0.475,225.000,225.000,450.000,275.000,500.000,200.000,225.000,375.000,275.000,-1,350.000,325.000,-1,300.000,350.000,225.000,425.000,1,1,1,1,1,1,1,0,0,2,0,0,2,1,1,1,1
103,-5538.378,-4620.060,-30.693,-110.930,-0.361253,0.931985,-0.030018,-0.928356,-0.356454,0.105339,0.087475,0.065921,0.993983,0,0.76000,0.23069,45.600,0.461,225.000,225.000,425.000,250.000,450.000,200.000,225.000,425.000,275.000,-1,275.000,225.000,-1,275.000,350.000,225.000,375.000,1,1,1,1,1,1,1,0,0,2,0,0,2,1,1,1,1
104,-5553.898,-4661.666,-24.373,-110.481,-0.355709,0.933764,-0.039432,-0.929140,-0.348765,0.122727,0.100846,0.080293,0.991657,0,0.74007,0.22468,44.404,0.449,225.000,225.000,425.000,250.000,400.000,200.000,200.000,450.000,275.000,-1,250.000,150.000,800.000,275.000,325.000,200.000,350.000,1,1,1,1,1,1,1,1,0,2,0,0,0,1,1,1,1
105,-5569.246,-4703.810,-17.192,-110.036,-0.350367,0.935470,-0.046244,-0.929421,-0.341146,0.140696,0.115841,0.092275,0.988972,0,0.74746,0.22253,44.848,0.445,225.000,200.000,425.000,225.000,375.000,200.000,200.000,450.000,275.000,-1,225.000,125.000,625.000,275.000,300.000,200.000,300.000,1,1,1,1,1,1,1,1,0,2,0,0,0,1,1,1,1
106,327.946,8199.151,-370.258,155.729,-0.904016,-0.410963,-0.117748,0.410473,-0.911395,0.029519,-0.119446,-0.021647,0.992605,1,0.00000,0.00000,45.133,0.452,325.000,275.000,950.000,325.000,1000.000,250.000,250.000,350.000,500.000,-1,50.000,0.000,-1,400.000,525.000,325.000,725.000,0,0,0,0,0,0,0,0,0,2,1,1,2,0,0,0,0
107,2956.203,-6888.945,-49.188,-20.286,0.937746,0.346318,-0.026377,-0.344307,0.936908,0.060463,0.045652,-0.047617,0.997822,1,0.08000,-0.12000,4.800,-0.240,875.000,375.000,-1,400.000,-1,325.000,325.000,300.000,300.000,-1,-1,-1,775.000,550.000,675.000,650.000,-1,1,1,2,0,2,0,0,0,0,2,2,2,1,1,1,1,2
108,2965.179,-6892.349,-48.737,-20.766,0.934821,0.354163,-0.026063,-0.352171,0.933995,0.060236,0.045676,-0.047132,0.997844,0,0.16000,-0.24000,9.600,-0.480,825.000,375.000,-1,400.000,-1,325.000,325.000,300.000,300.000,-1,-1,-1,775.000,550.000,675.000,625.000,-1,1,1,2,0,2,0,0,0,0,2,2,2,1,1,1,1,2
109,2978.578,-6897.624,-48.051,-21.486,0.930311,0.365879,-0.025594,-0.363914,0.929505,0.059889,0.045702,-0.046401,0.997877,0,0.24000,-0.35984,14.400,-0.720,775.000,375.000,-1,400.000,-1,325.000,325.000,300.000,300.000,-1,-1,-1,800.000,525.000,650.000,600.000,-1,1,1,2,0,2,0,0,0,0,2,2,2,1,1,1,1,2
110,2996.355,-6904.879,-47.132,-22.200,0.925692,0.377452,-0.024969,-0.375528,0.924905,0.059416,0.045521,-0.045625,0.997921,0,0.32000,-0.35717,19.200,-0.714,700.000,375.000,-1,400.000,-1,325.000,325.000,300.000,300.000,-1,-1,-1,825.000,525.000,650.000,575.000,-1,1,1,2,0,2,0,0,0,0,2,2,2,1,1,1,1,2
111,3018.462,-6914.221,-45.975,-22.908,0.920976,0.388867,-0.024190,-0.386996,0.920204,0.058813,0.045130,-0.044804,0.997976,0,0.40000,-0.35401,24.000,-0.708,650.000,350.000,-1,400.000,-1,325.000,325.000,300.000,300.000,-1,-1,-1,825.000,500.000,650.000,550.000,-1,1,1,2,0,2,1,0,0,0,2,2,2,1,1,1,1,2
112,3044.851,-6925.756,-44.580,-23.609,0.916174,0.400105,-0.023260,-0.398299,0.915415,0.058071,0.044527,-0.043939,0.998041,0,0.48000,-0.35031,28.800,-0.701,600.000,350.000,-1,400.000,-1,325.000,325.000,300.000,300.000,925.000,-1,-1,850.000,500.000,625.000,500.000,-1,1,1,2,0,2,1,0,0,0,1,2,2,1,1,1,1,2
113,3075.474,-6939.583,-42.946,-24.301,0.911299,0.411147,-0.022182,-0.409419,0.910553,0.057184,0.043709,-0.043030,0.998117,0,0.56000,-0.34598,33.600,-0.692,525.000,350.000,975.000,400.000,-1,300.000,325.000,300.000,300.000,800.000,-1,-1,875.000,475.000,600.000,475.000,-1,1,1,1,1,2,1,1,0,0,1,2,2,1,1,1,1,2
114,3110.281,-6955.802,-41.073,-24.983,0.906367,0.421972,-0.020961,-0.420331,0.905632,0.056142,0.042673,-0.042075,0.998203,0,0.64000,-0.34094,38.400,-0.682,475.000,325.000,950.000,400.000,-1,300.000,325.000,300.000,300.000,750.000,-1,-1,900.000,450.000,600.000,425.000,-1,1,1,1,1,2,1,1,0,0,1,2,2,1,1,1,1,2
115,3149.223,-6974.504,-39.092,-25.653,0.901397,0.432544,-0.019750,-0.430969,0.900653,0.055590,0.041833,-0.041597,0.998258,0,0.72000,-0.33507,43.200,-0.670,400.000,300.000,900.000,375.000,-1,275.000,300.000,300.000,300.000,725.000,-1,-1,950.000,425.000,575.000,375.000,-1,1,1,1,1,2,1,1,0,0,1,2,2,1,1,1,1,2
116,3192.251,-6995.778,-36.997,-26.309,0.896413,0.442835,-0.018458,-0.441312,0.895639,0.055447,0.041086,-0.041558,0.998291,0,0.80000,-0.32825,48.000,-0.656,350.000,300.000,850.000,350.000,-1,275.000,300.000,300.000,300.000,725.000,-1,-1,975.000,400.000,550.000,325.000,-1,1,1,1,1,2,1,1,0,0,1,2,2,1,1,1,1,2
117,3239.316,-7019.712,-32.474,-26.950,0.891094,0.452974,-0.027657,-0.451327,0.890933,0.050423,0.047481,-0.032449,0.998345,0,0.88000,-0.32031,52.800,-0.641,325.000,275.000,-1,350.000,-1,250.000,275.000,325.000,300.000,725.000,-1,-1,950.000,400.000,550.000,325.000,-1,1,1,2,1,2,1,1,0,0,1,2,2,1,1,1,1,2
118,3290.374,-7046.376,-27.318,-27.572,0.885631,0.462757,-0.038910,-0.461104,0.886222,0.044649,0.055145,-0.021601,0.998245,0,0.96000,-0.31105,57.600,-0.622,325.000,275.000,-1,350.000,-1,250.000,275.000,350.000,275.000,750.000,-1,-1,950.000,400.000,575.000,325.000,-1,1,1,2,1,2,1,1,0,0,1,2,2,1,1,1,1,2
119,3342.240,-7074.155,-22.075,-28.173,0.880097,0.472103,-0.050483,-0.470608,0.881480,0.038989,0.062907,-0.010556,0.997964,0,0.98060,-0.30024,58.836,-0.600,300.000,275.000,-1,325.000,-1,250.000,275.000,375.000,275.000,775.000,-1,-1,925.000,400.000,625.000,325.000,-1,1,1,2,1,2,1,1,1,0,1,2,2,1,1,1,1,2
120,3393.818,-7102.449,-17.110,-28.749,0.874452,0.480974,-0.063233,-0.479836,0.876734,0.033086,0.071352,0.001409,0.997450,0,0.98046,-0.28823,58.828,-0.576,325.000,275.000,-1,325.000,-1,250.000,275.000,375.000,275.000,800.000,-1,550.000,925.000,400.000,700.000,325.000,-1,1,1,2,1,2,1,1,1,0,1,2,0,1,1,1,1,2
121,3445.047,-7131.193,-12.161,-29.299,0.868759,0.489329,-0.076252,-0.488730,0.871998,0.027605,0.079999,0.013284,0.996706,0,0.97901,-0.27514,58.741,-0.550,325.000,275.000,-1,325.000,-1,250.000,250.000,375.000,275.000,850.000,525.000,175.000,900.000,400.000,-1,325.000,-1,1,1,2,1,2,1,1,1,0,1,0,0,1,1,2,1,2
122,3495.859,-7160.318,-4.505,-29.821,0.862812,0.497240,-0.091146,-0.496209,0.867487,0.035258,0.096600,0.014807,0.995213,0,0.97606,-0.26092,58.564,-0.522,350.000,275.000,-1,350.000,-1,250.000,275.000,375.000,300.000,850.000,275.000,125.000,875.000,425.000,-1,350.000,-1,1,1,2,1,2,1,1,1,0,1,0,0,0,1,2,1,2
123,6887.396,-8199.076,-99.495,-50.325,0.627189,0.763289,-0.154999,-0.773916,0.633141,-0.013690,0.087687,0.128543,0.987820,1,0.00000,0.00000,58.286,-0.491,150.000,275.000,-1,400.000,-1,275.000,300.000,-1,250.000,-1,175.000,25.000,250.000,450.000,-1,200.000,-1,1,1,2,1,2,1,1,2,0,2,0,0,0,1,2,1,2
124,4260.828,-2955.645,-192.010,-124.706,-0.569496,0.821938,0.009584,-0.820829,-0.569271,0.046596,0.043755,0.018669,0.998868,1,0.08000,0.12000,4.800,0.240,-1,400.000,-1,375.000,-1,325.000,325.000,300.000,325.000,-1,550.000,675.000,-1,800.000,725.000,-1,-1,2,0,2,0,2,0,0,0,0,2,0,0,2,0,0,2,2
125,4255.429,-2963.583,-191.629,-124.226,-0.562580,0.826685,0.009735,-0.825568,-0.562370,0.046665,0.044052,0.018215,0.998863,0,0.16000,0.24000,9.600,0.480,-1,400.000,-1,375.000,-1,325.000,325.000,300.000,325.000,-1,550.000,675.000,-1,800.000,725.000,-1,-1,2,0,2,0,2,0,0,0,0,2,0,0,2,0,0,2,2
126,4247.479,-2975.590,-191.051,-123.506,-0.552132,0.833697,0.009961,-0.832569,-0.551944,0.046756,0.044478,0.017522,0.998857,0,0.24000,0.36000,14.400,0.720,-1,400.000,-1,375.000,-1,325.000,325.000,300.000,325.000,-1,575.000,700.000,-1,800.000,725.000,-1,-1,2,0,2,0,2,0,0,0,0,2,0,0,2,0,0,2,2
127,4237.150,-2991.774,-190.266,-122.546,-0.538065,0.842841,0.010259,-0.841701,-0.537907,0.046852,0.045007,0.016575,0.998849,0,0.32000,0.48000,19.200,0.960,-1,400.000,-1,375.000,-1,325.000,325.000,300.000,300.000,-1,575.000,725.000,-1,800.000,750.000,-1,-1,2,0,2,0,2,0,0,0,0,2,0,0,2,0,0,2,2
128,4224.665,-3012.271,-189.264,-121.346,-0.520266,0.853938,0.010630,-0.852785,-0.520148,0.046934,0.045608,0.015353,0.998841,0,0.40000,0.60000,24.000,1.200,-1,400.000,-1,375.000,-1,325.000,325.000,300.000,300.000,-1,600.000,750.000,-1,800.000,750.000,-1,-1,2,0,2,0,2,0,0,0,0,2,0,0,2,0,0,2,2
129,4210.305,-3037.236,-188.029,-119.906,-0.498604,0.866759,0.011077,-0.865596,-0.498535,0.046976,0.046239,0.013834,0.998835,0,0.48000,0.72000,28.800,1.440,775.000,400.000,-1,375.000,-1,325.000,325.000,300.000,300.000,-1,625.000,775.000,-1,800.000,775.000,-1,-1,1,0,2,0,2,0,0,0,0,2,0,0,2,0,0,2,2
130,4194.413,-3066.840,-186.548,-118.226,-0.472931,0.881023,0.011607,-0.879853,-0.472921,0.046949,0.046852,0.011991,0.998830,0,0.56000,0.84000,33.600,1.680,650.000,400.000,-1,375.000,-1,325.000,325.000,300.000,300.000,-1,675.000,825.000,-1,800.000,775.000,-1,-1,1,0,2,0,2,0,0,0,0,2,0,0,2,0,0,2,2
131,4177.362,-3101.247,-184.804,-116.362,-0.443959,0.895964,0.012238,-0.894794,-0.444018,0.046813,0.047377,0.009832,0.998829,0,0.64000,0.93219,38.400,1.864,550.000,400.000,-1,375.000,-1,325.000,325.000,300.000,300.000,-1,725.000,900.000,-1,800.000,800.000,-1,-1,1,0,2,0,2,0,0,0,0,2,0,0,2,0,0,2,2
132,4159.455,-3140.561,-182.772,-114.488,-0.414359,0.910021,0.012942,-0.908864,-0.414493,0.046501,0.047681,0.007506,0.998834,0,0.72000,0.93689,43.200,1.874,500.000,400.000,-1,400.000,-1,325.000,325.000,300.000,300.000,-1,800.000,-1,-1,800.000,825.000,-1,-1,1,0,2,0,2,0,0,0,0,2,0,2,2,0,0,2,2
