timestep,x_cm,y_cm,z_cm,yaw_deg,basis_xx,basis_xy,basis_xz,basis_yx,basis_yy,basis_yz,basis_zx,basis_zy,basis_zz,teleport_flag,throttle_cmd,steering_cmd,cmd_move_cm,cmd_turn_deg,lidar_cm_0,lidar_cm_1,lidar_cm_2,lidar_cm_3,lidar_cm_4,lidar_cm_5,lidar_cm_6,lidar_cm_7,lidar_cm_8,lidar_cm_9,lidar_cm_10,lidar_cm_11,lidar_cm_12,lidar_cm_13,lidar_cm_14,lidar_cm_15,lidar_cm_16,lidar_class_0,lidar_class_1,lidar_class_2,lidar_class_3,lidar_class_4,lidar_class_5,lidar_class_6,lidar_class_7,lidar_class_8,lidar_class_9,lidar_class_10,lidar_class_11,lidar_class_12,lidar_class_13,lidar_class_14,lidar_class_15,lidar_class_16
0,-5499.699,-200.066,-94.229,-31.340,0.852779,0.517266,0.072139,-0.519309,0.854505,0.011777,-0.055551,-0.047505,0.997325,0,0.28877,0.42529,0.656,0.000,-1,582.842,-1,630.846,-1,517.779,524.135,442.339,578.946,-1,-1,-1,-1,864.261,-1,-1,-1,2,0,2,0,2,0,0,0,0,2,2,2,2,0,2,2,2
1,-5498.785,-200.319,-91.118,-31.343,0.852588,0.517009,0.076130,-0.519268,0.854525,0.012143,-0.058777,-0.049885,0.997024,0,0.28877,0.42529,0.949,-0.004,-1,582.359,-1,633.583,-1,518.675,525.721,445.842,595.070,-1,-1,-1,-1,859.938,-1,-1,-1,2,0,2,0,2,0,0,0,0,2,2,2,2,0,2,2,2
2,-5497.599,-200.762,-89.157,-31.342,0.852472,0.516716,0.079345,-0.519167,0.854580,0.012608,-0.061292,-0.051942,0.996767,0,0.28877,0.42529,1.266,0.001,-1,580.858,-1,634.481,-1,518.349,526.008,447.319,606.764,-1,-1,-1,-1,854.892,-1,-1,-1,2,0,2,0,2,0,0,0,0,2,2,2,2,0,2,2,2
3,-5496.147,-201.385,-88.443,-31.330,0.852490,0.516314,0.081735,-0.518926,0.854717,0.013176,-0.063057,-0.053647,0.996567,0,0.28877,0.42529,1.579,0.012,-1,578.228,-1,633.669,-1,516.682,524.879,446.602,613.493,-1,-1,-1,-1,848.965,-1,-1,-1,2,0,2,0,2,0,0,0,0,2,2,2,2,0,2,2,2
4,-5494.438,-202.175,-88.934,-31.305,0.852655,0.515785,0.083336,-0.518519,0.854955,0.013743,-0.064160,-0.054930,0.996427,0,0.28877,0.42529,1.884,0.025,-1,574.446,-1,631.031,-1,513.631,522.273,443.896,615.079,-1,-1,-1,-1,842.043,-1,-1,-1,2,0,2,0,2,0,0,0,0,2,2,2,2,0,2,2,2
5,-5492.472,-203.123,-90.457,-31.265,0.852990,0.515085,0.084235,-0.517903,0.855320,0.014294,-0.064685,-0.055818,0.996343,0,0.28877,0.42529,2.182,0.040,-1,569.698,-1,626.848,-1,509.423,518.423,439.541,612.104,-1,-1,-1,-1,834.301,-1,-1,-1,2,0,2,0,2,0,0,0,0,2,2,2,2,0,2,2,2
6,-5490.266,-204.219,-92.713,-31.206,0.853513,0.514163,0.084571,-0.517023,0.855845,0.014681,-0.064831,-0.056255,0.996309,0,0.28877,0.42529,2.463,0.059,-1,564.275,-1,621.394,-1,504.369,513.616,434.261,605.378,-1,-1,-1,-1,826.000,-1,-1,-1,2,0,2,0,2,0,0,0,0,2,2,2,2,0,2,2,2
7,-5487.755,-205.492,-95.271,-31.124,0.854305,0.513062,0.083254,-0.515832,0.856567,0.014490,-0.063878,-0.055324,0.996423,0,0.28877,0.42529,2.816,0.082,-1,560.619,-1,616.709,-1,500.758,509.806,430.432,593.958,-1,-1,-1,-1,821.609,-1,-1,-1,2,0,2,0,2,0,0,0,0,2,2,2,2,0,2,2,2
8,-5484.905,-207.007,-97.757,-31.018,0.855391,0.511819,0.079671,-0.514336,0.857481,0.013602,-0.061355,-0.052613,0.996728,0,0.28877,0.42529,3.228,0.106,-1,560.431,-1,614.482,-1,500.261,508.491,429.553,578.274,-1,-1,-1,-1,824.154,-1,-1,-1,2,0,2,0,2,0,0,0,0,2,2,2,2,0,2,2,2
9,-5481.714,-208.794,-99.926,-30.892,0.856719,0.510441,0.074046,-0.512579,0.858555,0.012073,-0.057410,-0.048297,0.997182,0,0.28877,0.42529,3.657,0.126,-1,563.942,-1,615.132,-1,503.177,509.997,431.984,559.951,-1,-1,-1,-1,833.983,-1,-1,-1,2,0,2,0,2,0,0,0,0,2,2,2,2,0,2,2,2
10,-5478.156,-210.881,-101.654,-30.745,0.858270,0.508802,0.067035,-0.510511,0.859811,0.010177,-0.052459,-0.042957,0.997699,0,0.28877,0.42529,4.125,0.147,-1,570.550,-1,618.525,-1,507.468,514.066,437.219,541.147,-1,-1,-1,-1,849.892,-1,-1,-1,2,0,2,0,2,0,0,0,0,2,2,2,2,0,2,2,2
11,-5474.207,-213.201,-102.930,-30.599,0.859792,0.507182,0.059369,-0.508467,0.861045,0.007913,-0.047106,-0.036990,0.998205,0,0.32802,0.34517,4.580,0.145,-1,579.213,-1,623.628,-1,513.315,519.818,444.793,523.340,-1,-1,-1,-1,869.963,-1,-1,-1,2,0,2,0,2,0,0,0,0,2,2,2,2,0,2,2,2
12,-5469.854,-215.700,-103.748,-30.448,0.861350,0.505417,0.051280,-0.506316,0.862331,0.005438,-0.041472,-0.030647,0.998670,0,0.32802,0.34517,5.018,0.152,-1,589.697,-1,630.441,-1,520.616,527.391,454.390,507.362,-1,-1,-1,-1,894.499,-1,-1,-1,2,0,2,0,2,0,0,0,0,2,2,2,2,0,2,2,2
13,-5465.102,-218.371,-104.128,-30.287,0.862970,0.503444,0.042746,-0.504016,0.863689,0.003070,-0.035374,-0.024194,0.999081,0,0.32802,0.34517,5.452,0.161,-1,602.242,-1,639.599,-1,529.636,537.091,465.645,492.982,-1,-1,-1,-1,923.658,-1,-1,-1,2,0,2,0,2,0,0,0,0,2,2,2,2,0,2,2,2
14,-5459.939,-221.108,-104.122,-30.098,0.864808,0.500975,0.033643,-0.501280,0.865285,0.000739,-0.028741,-0.017503,0.999434,0,0.32802,0.34517,5.843,0.189,-1,617.058,-1,651.405,-1,540.473,549.007,478.630,479.745,-1,-1,-1,-1,958.163,-1,-1,-1,2,0,2,0,2,0,0,0,0,2,2,2,2,0,2,2,2
15,-5454.402,-223.696,-103.760,-29.838,0.867213,0.497320,0.024786,-0.497427,0.867503,-0.002082,-0.022538,-0.010524,0.999691,0,0.32802,0.34517,6.112,0.260,-1,632.548,-1,663.923,-1,551.689,559.771,493.100,467.322,-1,-1,-1,-1,999.951,-1,-1,-1,2,0,2,0,2,0,0,0,0,2,2,2,2,0,2,2,2
16,-5448.613,-226.137,-103.003,-29.538,0.869879,0.492920,0.018442,-0.492920,0.870061,-0.004816,-0.018420,-0.004901,0.999818,0,0.32802,0.34517,6.283,0.300,-1,644.104,-1,673.715,-1,560.271,566.503,506.171,458.631,-1,-1,-1,-1,-1,-1,-1,-1,2,0,2,0,2,0,0,0,0,2,2,2,2,2,2,2,2
17,-5442.639,-228.495,-102.024,-29.232,0.872524,0.488338,0.015119,-0.488285,0.872654,-0.007249,-0.016734,-0.001057,0.999859,0,0.32802,0.34517,6.422,0.306,-1,650.377,-1,679.410,-1,564.930,569.905,516.540,453.686,-1,-1,-1,-1,-1,-1,-1,-1,2,0,2,0,2,0,0,0,0,2,2,2,2,2,2,2,2
18,-5436.471,-230.735,-101.037,-28.908,0.875269,0.483422,0.014399,-0.483335,0.875387,-0.009259,-0.017080,0.001144,0.999853,0,0.32802,0.34517,6.562,0.324,-1,651.594,-1,679.038,-1,565.827,570.120,523.708,451.527,-1,-1,-1,-1,-1,-1,-1,-1,2,0,2,0,2,0,0,0,0,2,2,2,2,2,2,2,2
19,-5430.073,-232.830,-100.241,-28.565,0.878120,0.478188,0.015555,-0.478072,0.878255,-0.010734,-0.018794,0.001990,0.999821,0,0.32802,0.34517,6.733,0.343,-1,648.757,-1,676.043,-1,563.495,567.817,527.653,451.106,-1,-1,-1,-1,-1,-1,-1,-1,2,0,2,0,2,0,0,0,0,2,2,2,2,2,2,2,2
20,-5423.451,-234.792,-99.737,-28.218,0.880955,0.472862,0.017905,-0.472729,0.881135,-0.011297,-0.021119,0.001488,0.999776,0,0.32802,0.34517,6.907,0.347,-1,643.216,-1,671.957,-1,559.146,564.153,528.259,452.229,-1,-1,-1,-1,-1,-1,-1,-1,2,0,2,0,2,0,0,0,0,2,2,2,2,2,2,2,2
21,-5416.563,-236.624,-99.642,-27.855,0.883888,0.467233,0.020855,-0.467099,0.884134,-0.011183,-0.023664,0.000143,0.999720,0,0.32802,0.34517,7.127,0.364,-1,635.820,-1,667.028,-1,553.524,559.409,526.186,454.231,-1,-1,-1,-1,-1,-1,-1,-1,2,0,2,0,2,0,0,0,0,2,2,2,2,2,2,2,2
22,-5409.402,-238.391,-100.039,-27.481,0.886853,0.461414,0.024278,-0.461297,0.887183,-0.010572,-0.026417,-0.001824,0.999649,0,0.32802,0.34517,7.376,0.373,-1,626.557,-1,660.924,-1,546.545,553.420,521.734,455.989,-1,-1,-1,-1,997.198,-1,-1,-1,2,0,2,0,2,0,0,0,0,2,2,2,2,0,2,2,2
23,-5401.980,-240.155,-100.930,-27.112,0.889731,0.455609,0.028271,-0.455533,0.890169,-0.009424,-0.029460,-0.004493,0.999556,0,0.32802,0.34517,7.629,0.369,-1,615.354,-1,653.524,-1,538.116,546.092,514.886,457.262,-1,-1,-1,-1,972.087,-1,-1,-1,2,0,2,0,2,0,0,0,0,2,2,2,2,0,2,2,2
24,-5394.289,-241.959,-102.294,-26.746,0.892534,0.449796,0.032647,-0.449796,0.893098,-0.007777,-0.032655,-0.007743,0.999437,0,0.32802,0.34517,7.900,0.366,-1,602.652,-1,645.101,-1,528.533,537.729,506.024,458.301,-1,-1,-1,-1,943.108,-1,-1,-1,2,0,2,0,2,0,0,0,0,2,2,2,2,0,2,2,2
25,-5386.351,-243.758,-104.029,-26.366,0.895387,0.443702,0.037550,-0.443807,0.896103,-0.005953,-0.036290,-0.011335,0.999277,0,0.32802,0.34517,8.139,0.380,-1,588.338,-1,635.166,-1,517.612,528.099,495.743,458.926,-1,-1,-1,-1,910.947,-1,-1,-1,2,0,2,0,2,0,0,0,0,2,2,2,2,0,2,2,2
26,-5378.184,-245.515,-105.975,-25.977,0.898234,0.437395,0.043142,-0.437642,0.899140,-0.004039,-0.040557,-0.015253,0.999061,0,0.32802,0.34517,8.354,0.389,-1,572.519,-1,623.730,-1,505.431,517.233,484.519,459.515,-1,-1,-1,-1,875.776,-1,-1,-1,2,0,2,0,2,0,0,0,0,2,2,2,2,0,2,2,2
27,-5369.811,-247.175,-107.919,-25.576,0.901087,0.430824,0.049322,-0.431273,0.902220,-0.001675,-0.045221,-0.019762,0.998782,0,0.32802,0.34517,8.536,0.400,-1,556.120,-1,612.016,-1,492.648,506.012,472.517,461.255,-1,-1,-1,-1,842.427,-1,-1,-1,2,0,2,0,2,0,0,0,0,2,2,2,2,0,2,2,2
28,-5361.183,-248.833,-109.771,-25.173,0.903888,0.424092,0.055962,-0.424814,0.905280,0.001098,-0.050195,-0.024766,0.998432,0,0.32802,0.34517,8.786,0.404,-1,539.490,-1,599.897,-1,479.670,494.743,460.248,464.241,-1,-1,-1,-1,809.968,-1,-1,-1,2,0,2,0,2,0,0,0,0,2,2,2,2,0,2,2,2
29,-5352.295,-250.644,-111.516,-24.797,0.906395,0.417707,0.063000,-0.418764,0.908086,0.003984,-0.055545,-0.029993,0.998006,0,0.32802,0.34517,9.070,0.375,-1,522.753,-1,587.484,-1,466.602,483.336,448.351,467.962,-1,-1,-1,-1,777.681,980.368,-1,-1,2,0,2,0,2,0,0,0,0,2,2,2,2,0,0,2,2
30,-5343.189,-252.618,-112.923,-24.456,0.908619,0.411855,0.069181,-0.413241,0.910599,0.006416,-0.060354,-0.034419,0.997583,0,0.32802,0.34517,9.318,0.341,-1,508.295,-1,576.602,-1,455.216,473.374,438.996,470.643,-1,-1,-1,-1,750.313,954.792,-1,-1,2,0,2,0,2,0,0,0,0,2,2,2,2,0,0,2,2
31,-5333.841,-254.773,-113.688,-24.113,0.910902,0.406154,0.072782,-0.407708,0.913083,0.007279,-0.063500,-0.036305,0.997321,0,0.32802,0.34517,9.593,0.343,-1,499.024,-1,569.044,-1,447.598,466.517,435.323,471.743,-1,-1,-1,-1,733.398,936.886,-1,-1,2,0,2,0,2,0,0,0,0,2,2,2,2,0,0,2,2
32,-5324.199,-257.166,-113.906,-23.759,0.913307,0.400504,0.073939,-0.402043,0.915597,0.006607,-0.065053,-0.035761,0.997241,0,0.32802,0.34517,9.934,0.353,-1,494.356,-1,564.418,-1,443.340,462.613,436.782,470.532,-1,-1,-1,-1,725.583,924.905,-1,-1,2,0,2,0,2,0,0,0,0,2,2,2,2,0,0,2,2
33,-5314.247,-259.832,-113.799,-23.407,0.915754,0.395016,0.073194,-0.396408,0.918061,0.004960,-0.065237,-0.033557,0.997305,0,0.32808,0.85914,10.303,0.353,-1,493.082,-1,562.183,-1,441.610,460.991,441.742,467.317,-1,-1,-1,-1,724.491,918.668,-1,-1,2,0,2,0,2,0,0,0,0,2,2,2,2,0,0,2,2
34,-5304.032,-262.714,-113.598,-23.067,0.918107,0.389784,0.071741,-0.390986,0.920392,0.002958,-0.064877,-0.030765,0.997419,0,0.32808,0.85914,10.613,0.339,-1,493.035,-1,559.837,-1,440.869,459.632,448.051,463.382,-1,-1,-1,-1,725.895,914.835,-1,-1,2,0,2,0,2,0,0,0,0,2,2,2,2,0,0,2,2
35,-5293.566,-265.677,-113.525,-22.732,0.920388,0.384568,0.070664,-0.385603,0.922664,0.001088,-0.064781,-0.028250,0.997500,0,0.32808,0.85914,10.878,0.336,-1,492.172,-1,556.603,-1,439.486,457.526,453.677,459.637,-1,-1,-1,-1,725.790,909.536,-1,-1,2,0,2,0,2,0,0,0,0,2,2,2,2,0,0,2,2
36,-5282.861,-268.452,-113.690,-22.354,0.922872,0.378615,0.070408,-0.379523,0.925182,-0.000519,-0.065337,-0.026243,0.997518,0,0.32808,0.85914,11.058,0.377,-1,489.561,-1,551.937,-1,436.697,454.158,457.730,456.123,-1,-1,-1,-1,722.340,900.503,-1,-1,2,0,2,0,2,0,0,0,0,2,2,2,2,0,0,2,2
37,-5271.959,-270.851,-114.050,-21.924,0.925627,0.371698,0.071094,-0.372548,0.928012,-0.001405,-0.066498,-0.025185,0.997469,0,0.32808,0.85914,11.163,0.431,-1,485.166,-1,546.289,-1,432.590,449.694,459.600,453.507,-1,-1,-1,-1,715.399,888.967,-1,-1,2,0,2,0,2,0,0,0,0,2,2,2,2,0,0,2,2
38,-5260.867,-273.022,-114.675,-21.471,0.928428,0.364280,0.072951,-0.365176,0.930938,-0.001121,-0.068321,-0.025599,0.997335,0,0.32808,0.85914,11.303,0.453,-1,478.588,-1,539.731,-1,426.953,444.067,458.434,453.175,-1,-1,-1,-1,704.236,875.408,-1,-1,2,0,2,0,2,0,0,0,0,2,2,2,2,0,0,2,2
39,-5249.603,-275.079,-115.502,-21.039,0.931015,0.357047,0.075690,-0.358119,0.933676,0.000636,-0.070443,-0.027698,0.997131,0,0.32808,0.85914,11.451,0.432,-1,470.465,-1,533.177,-1,420.392,437.964,454.277,457.198,-1,-1,-1,-1,690.145,862.446,-1,-1,2,0,2,0,2,0,0,0,0,2,2,2,2,0,0,2,2
40,-5238.093,-277.081,-116.541,-20.605,0.933591,0.349704,0.078203,-0.351002,0.936370,0.003066,-0.072155,-0.030311,0.996933,0,0.32808,0.85914,11.683,0.435,-1,462.324,-1,527.137,-1,413.904,432.081,448.985,461.715,-1,-1,-1,-1,676.296,851.497,-1,-1,2,0,2,0,2,0,0,0,0,2,2,2,2,0,0,2,2
41,-5226.307,-279.197,-117.753,-20.194,0.936016,0.342768,0.079903,-0.344276,0.938852,0.005496,-0.073133,-0.032653,0.996787,0,0.32808,0.85914,11.974,0.411,-1,455.027,-1,521.846,-1,408.057,426.799,443.893,465.488,-1,-1,-1,-1,664.417,842.744,-1,-1,2,0,2,0,2,0,0,0,0,2,2,2,2,0,0,2,2
42,-5214.298,-281.571,-118.970,-19.821,0.938204,0.336515,0.080810,-0.338163,0.941060,0.007234,-0.073613,-0.034114,0.996703,0,0.32808,0.85914,12.242,0.373,-1,448.811,-1,517.138,-1,402.865,422.037,440.390,467.786,-1,-1,-1,-1,654.800,834.364,-1,-1,2,0,2,0,2,0,0,0,0,2,2,2,2,0,0,2,2
43,-5202.116,-284.196,-120.039,-19.474,0.940198,0.330805,0.081216,-0.332460,0.943089,0.007378,-0.074153,-0.033938,0.996669,0,0.32808,0.85914,12.461,0.347,-1,443.537,-1,511.762,-1,398.017,417.251,439.800,467.638,-1,-1,-1,-1,646.937,824.044,-1,-1,2,0,2,0,2,0,0,0,0,2,2,2,2,0,0,2,2
44,-5189.728,-287.001,-120.914,-19.132,0.942133,0.325316,0.080958,-0.326838,0.945061,0.005957,-0.074573,-0.032072,0.996700,0,0.32808,0.85914,12.702,0.342,-1,439.504,-1,505.826,-1,393.857,412.721,442.251,465.153,-1,-1,-1,-1,641.435,812.161,-1,-1,2,0,2,0,2,0,0,0,0,2,2,2,2,0,0,2,2
45,-5177.198,-289.933,-121.509,-18.808,0.943931,0.320145,0.080633,-0.321490,0.946905,0.003930,-0.075093,-0.029633,0.996736,0,0.32808,0.85914,12.868,0.324,-1,436.108,-1,499.850,-1,390.143,408.473,446.300,462.395,-1,-1,-1,-1,636.983,800.391,-1,-1,2,0,2,0,2,0,0,0,0,2,2,2,2,0,0,2,2
46,-5164.458,-292.749,-121.944,-18.468,0.945782,0.314712,0.080331,-0.315870,0.948801,0.001809,-0.075648,-0.027085,0.996767,0,0.32808,0.85914,13.047,0.340,-1,432.949,-1,494.106,-1,386.651,404.247,450.880,460.782,-1,-1,-1,-1,632.935,789.012,-1,-1,2,0,2,0,2,0,0,0,0,2,2,2,2,0,0,2,2
47,-5148.875,-295.857,-122.434,-18.008,0.948260,0.307279,0.079887,-0.308257,0.951303,-0.000099,-0.076027,-0.024532,0.996804,0,0.32808,0.85914,15.891,0.460,-1,429.285,-1,487.956,-1,382.714,399.558,455.607,460.201,-1,-1,-1,-1,629.339,777.277,-1,-1,2,0,2,0,2,0,0,0,0,2,2,2,2,0,0,2,2
48,-5138.334,-297.872,-122.774,-17.705,0.949863,0.302296,0.079853,-0.303234,0.952916,-0.000397,-0.076213,-0.023838,0.996807,0,0.32808,0.85914,10.731,0.303,-1,426.466,-1,484.327,-1,380.001,396.613,457.237,461.576,-1,-1,-1,-1,626.968,771.129,-1,-1,2,0,2,0,2,0,0,0,0,2,2,2,2,0,0,2,2
49,-5124.975,-300.376,-123.302,-17.349,0.951744,0.296380,0.079635,-0.297326,0.954776,0.000029,-0.076024,-0.023705,0.996824,0,0.30474,0.79810,13.593,0.356,-1,422.985,-1,480.615,-1,376.808,393.345,457.952,464.284,-1,-1,-1,-1,624.253,765.912,-1,-1,2,0,2,0,2,0,0,0,0,2,2,2,2,0,0,2,2
50,-5111.442,-303.001,-123.974,-17.026,0.953495,0.291024,0.078443,-0.291992,0.956420,0.000916,-0.074758,-0.023778,0.996918,0,0.30474,0.79810,13.785,0.323,-1,420.580,-1,478.493,-1,374.570,391.143,457.515,467.029,-1,-1,-1,-1,624.325,765.078,-1,-1,2,0,2,0,2,0,0,0,0,2,2,2,2,0,0,2,2
51,-5097.802,-305.705,-124.770,-16.723,0.955125,0.286018,0.077000,-0.286972,0.957938,0.001390,-0.073364,-0.023424,0.997030,0,0.30474,0.79810,13.906,0.303,-1,418.261,-1,476.099,-1,372.386,388.942,457.510,468.763,-1,-1,-1,-1,624.828,763.779,-1,-1,2,0,2,0,2,0,0,0,0,2,2,2,2,0,0,2,2
52,-5084.082,-308.435,-125.580,-16.425,0.956698,0.281146,0.075403,-0.282025,0.959407,0.001043,-0.072049,-0.022263,0.997153,0,0.30474,0.79810,13.989,0.298,-1,416.116,-1,473.121,-1,370.179,386.496,458.670,469.138,-1,-1,-1,-1,625.865,760.127,-1,-1,2,0,2,0,2,0,0,0,0,2,2,2,2,0,0,2,2
53,-5070.224,-311.239,-126.396,-16.131,0.958268,0.276431,0.072864,-0.277157,0.960825,-0.000153,-0.070052,-0.020048,0.997342,0,0.30474,0.79810,14.138,0.294,-1,415.283,-1,470.460,-1,368.794,384.690,461.300,467.920,-1,-1,-1,-1,630.298,757.559,-1,-1,2,0,2,0,2,0,0,0,0,2,2,2,2,0,0,2,2
54,-5056.230,-314.101,-127.161,-15.845,0.959824,0.271858,0.069512,-0.272411,0.962180,-0.001572,-0.067310,-0.017427,0.997580,0,0.30474,0.79810,14.284,0.287,-1,415.711,-1,468.973,-1,368.393,383.778,464.800,466.345,-1,-1,-1,-1,638.015,757.647,-1,-1,2,0,2,0,2,0,0,0,0,2,2,2,2,0,0,2,2
55,-5042.127,-316.915,-127.813,-15.552,0.961388,0.267165,0.065999,-0.267549,0.963539,-0.003110,-0.064423,-0.014668,0.997815,0,0.30474,0.79810,14.380,0.293,-1,416.702,-1,468.033,-1,368.357,383.059,468.815,464.907,-1,-1,-1,-1,653.931,758.516,-1,-1,2,0,2,0,2,0,0,0,0,2,2,2,2,0,0,2,2
56,-5027.991,-319.683,-128.250,-15.275,0.962817,0.262665,0.063173,-0.262946,0.964802,-0.003965,-0.061991,-0.012794,0.997995,0,0.30474,0.79810,14.405,0.277,-1,417.493,-1,467.306,-1,368.068,382.315,471.959,465.356,-1,-1,-1,-1,670.906,759.764,-1,-1,2,0,2,0,2,0,0,0,0,2,2,2,2,0,0,2,2
57,-5013.769,-322.282,-128.518,-14.987,0.964259,0.257934,0.060614,-0.258144,0.966096,-0.004477,-0.059714,-0.011330,0.998151,0,0.30474,0.79810,14.458,0.288,-1,418.262,-1,466.873,-1,367.822,381.714,474.814,466.899,-1,-1,-1,-1,687.900,761.613,-1,-1,2,0,2,0,2,0,0,0,0,2,2,2,2,0,0,2,2
58,-4999.472,-324.747,-128.665,-14.685,0.965737,0.252939,0.058092,-0.253089,0.967431,-0.004872,-0.057432,-0.009997,0.998299,0,0.30474,0.79810,14.508,0.302,-1,419.221,-1,466.747,-1,367.760,381.326,477.718,469.014,-1,-1,-1,-1,705.930,763.978,-1,-1,2,0,2,0,2,0,0,0,0,2,2,2,2,0,0,2,2
59,-4985.078,-327.247,-128.726,-14.395,0.967185,0.248149,0.054550,-0.248236,0.968685,-0.005285,-0.054153,-0.008430,0.998497,0,0.30474,0.79810,14.609,0.290,-1,421.926,-1,468.395,-1,369.090,382.396,481.255,471.129,-1,-1,-1,-1,744.505,769.945,-1,-1,2,0,2,0,2,0,0,0,0,2,2,2,2,0,0,2,2
60,-4970.569,-329.780,-128.749,-14.115,0.968603,0.243548,0.049928,-0.243566,0.969867,-0.005824,-0.049842,-0.006520,0.998736,0,0.30474,0.79810,14.729,0.280,-1,426.425,-1,471.592,-1,371.982,384.829,484.214,472.787,-1,-1,-1,-1,789.887,780.073,-1,-1,2,0,2,0,2,0,0,0,0,2,2,2,2,0,0,2,2
61,-4955.958,-332.319,-128.754,-13.841,0.969982,0.239033,0.044704,-0.238992,0.971001,-0.006354,-0.044926,-0.004520,0.998980,0,0.30474,0.79810,14.830,0.274,-1,431.986,-1,475.987,-1,375.867,388.066,487.429,474.413,-1,-1,-1,-1,856.995,792.213,-1,-1,2,0,2,0,2,0,0,0,0,2,2,2,2,0,0,2,2
62,-4941.340,-334.731,-128.711,-13.550,0.971371,0.234174,0.040005,-0.234097,0.972190,-0.006678,-0.040456,-0.002878,0.999177,0,0.30474,0.79810,14.815,0.292,-1,437.337,-1,480.095,-1,379.283,391.013,490.154,476.752,-1,-1,-1,-1,928.615,802.576,-1,-1,2,0,2,0,2,0,0,0,0,2,2,2,2,0,0,2,2
63,-4926.822,-336.764,-128.531,-13.207,0.972868,0.228424,0.036738,-0.228313,0.973561,-0.007236,-0.037420,-0.001348,0.999299,0,0.30474,0.79810,14.660,0.342,-1,442.833,-1,481.964,-1,381.152,392.388,492.739,479.622,-1,-1,-1,-1,987.227,808.052,-1,-1,2,0,2,0,2,0,0,0,0,2,2,2,2,0,0,2,2
64,-4912.317,-338.435,-128.250,-12.825,0.974444,0.221992,0.034316,-0.221839,0.975048,-0.008251,-0.035291,0.000427,0.999377,0,0.30474,0.79810,14.601,0.382,-1,447.234,-1,482.216,-1,382.083,392.715,495.625,482.558,-1,-1,-1,-1,-1,809.981,-1,-1,2,0,2,0,2,0,0,0,0,2,2,2,2,2,0,2,2
65,-4897.716,-339.966,-128.001,-12.426,0.976047,0.215270,0.031486,-0.215070,0.976551,-0.009632,-0.032821,0.002629,0.999458,0,0.30474,0.79810,14.681,0.399,-1,452.471,-1,482.709,-1,383.428,393.327,499.187,484.837,-1,-1,-1,-1,-1,812.551,-1,-1,2,0,2,0,2,0,0,0,0,2,2,2,2,2,0,2,2
66,-4883.011,-341.398,-127.799,-12.017,0.977657,0.208354,0.027839,-0.208118,0.978040,-0.011163,-0.029553,0.005120,0.999550,0,0.30474,0.79810,14.775,0.409,-1,459.297,-1,484.574,-1,385.739,394.878,503.220,486.015,-1,-1,-1,-1,-1,817.594,-1,-1,2,0,2,0,2,0,0,0,0,2,2,2,2,2,0,2,2
67,-4868.236,-342.813,-127.596,-11.626,0.979175,0.201695,0.023149,-0.201456,0.979421,-0.012258,-0.025145,0.007339,0.999657,0,0.30474,0.79810,14.842,0.392,-1,468.253,-1,489.080,-1,390.879,398.034,506.929,487.730,-1,-1,-1,-1,-1,826.686,-1,-1,2,0,2,0,2,0,0,0,0,2,2,2,2,2,0,2,2
68,-4853.381,-344.320,-127.391,-11.286,0.980476,0.195863,0.017477,-0.195666,0.980593,-0.012334,-0.019554,0.008673,0.999771,0,0.30474,0.79810,14.932,0.340,-1,484.241,-1,496.328,-1,398.135,403.775,509.236,490.881,-1,-1,-1,-1,-1,843.652,-1,-1,2,0,2,0,2,0,0,0,0,2,2,2,2,2,0,2,2
69,-4838.474,-345.735,-127.235,-10.950,0.981700,0.190076,0.011632,-0.189941,0.981724,-0.011828,-0.013667,0.009402,0.999862,0,0.30474,0.79810,14.974,0.335,-1,503.154,-1,504.538,-1,405.776,410.599,510.387,495.200,-1,-1,-1,-1,-1,864.376,-1,-1,2,0,2,0,2,0,0,0,0,2,2,2,2,2,0,2,2
70,-4823.541,-346.964,-127.133,-10.605,0.982887,0.184110,0.006019,-0.184037,0.982858,-0.010959,-0.007934,0.009664,0.999922,0,0.30474,0.79810,14.984,0.345,-1,521.357,-1,512.761,-1,413.200,417.291,510.374,500.236,-1,-1,-1,-1,-1,883.000,-1,-1,2,0,2,0,2,0,0,0,0,2,2,2,2,2,0,2,2
71,-4808.528,-348.028,-127.133,-10.250,0.984039,0.177953,0.000487,-0.177940,0.983994,-0.009673,-0.002201,0.009432,0.999953,0,0.37910,0.37885,15.050,0.356,-1,539.474,-1,522.053,-1,420.477,423.963,509.237,505.948,-1,-1,-1,-1,-1,902.930,-1,-1,2,0,2,0,2,0,0,0,0,2,2,2,2,2,0,2,2
72,-4790.257,-349.091,-127.326,-9.802,0.985388,0.170184,-0.006885,-0.170237,0.985370,-0.008107,0.005405,0.009160,0.999943,0,0.37910,0.37885,18.302,0.448,-1,574.598,-1,534.835,-1,433.084,432.409,507.447,509.753,-1,-1,-1,-1,-1,932.369,-1,-1,2,0,2,0,2,0,0,0,0,2,2,2,2,2,0,2,2
73,-4777.932,-349.706,-127.557,-9.495,0.986240,0.164866,-0.012209,-0.164957,0.986276,-0.006933,0.010898,0.008852,0.999901,0,0.37910,0.37885,12.341,0.306,-1,597.533,-1,543.871,-1,443.246,440.070,505.807,512.520,-1,-1,-1,-1,-1,952.504,-1,-1,2,0,2,0,2,0,0,0,0,2,2,2,2,2,0,2,2
74,-4762.410,-350.312,-127.966,-9.089,0.987282,0.157815,-0.019224,-0.157949,0.987431,-0.005659,0.018089,0.008624,0.999799,0,0.37910,0.37885,15.533,0.406,-1,629.496,-1,555.734,-1,456.701,451.340,503.757,515.891,-1,-1,-1,-1,-1,982.022,-1,-1,2,0,2,0,2,0,0,0,0,2,2,2,2,2,0,2,2
75,-4746.871,-350.883,-128.339,-8.704,0.988174,0.151147,-0.025805,-0.151280,0.988486,-0.003285,0.025011,0.007150,0.999662,0,0.37910,0.37885,15.550,0.386,-1,667.274,-1,569.034,-1,469.941,462.816,498.985,521.545,-1,-1,-1,-1,-1,-1,-1,-1,2,0,2,0,2,0,0,0,0,2,2,2,2,2,2,2,2
76,-4731.259,-351.451,-128.586,-8.358,0.988860,0.145200,-0.032765,-0.145285,0.989390,-0.000231,0.032384,0.004989,0.999463,0,0.37910,0.37885,15.622,0.346,-1,706.298,-1,585.070,-1,486.858,475.979,493.325,528.822,-1,-1,-1,-1,-1,-1,-1,-1,2,0,2,0,2,0,0,0,0,2,2,2,2,2,2,2,2
77,-4715.515,-351.989,-128.755,-8.025,0.989411,0.139491,-0.040094,-0.139493,0.990219,0.002768,0.040088,0.002855,0.999192,0,0.37910,0.37885,15.754,0.333,-1,755.454,-1,601.954,-1,505.500,489.916,487.952,535.529,-1,-1,-1,-1,-1,-1,-1,-1,2,0,2,0,2,0,0,0,0,2,2,2,2,2,2,2,2
78,-4699.772,-352.462,-128.715,-7.687,0.989929,0.133708,-0.046505,-0.133622,0.991020,0.004953,0.046750,0.001311,0.998906,0,0.37910,0.37885,15.749,0.338,-1,806.209,-1,617.129,-1,523.192,504.702,484.063,539.642,-1,-1,-1,-1,-1,-1,-1,-1,2,0,2,0,2,0,0,0,0,2,2,2,2,2,2,2,2
79,-4684.004,-352.996,-128.577,-7.368,0.990380,0.128203,-0.052073,-0.128070,0.991748,0.005903,0.052400,0.000823,0.998626,0,0.37910,0.37885,15.778,0.319,-1,856.850,-1,630.310,-1,539.615,517.839,482.118,541.764,-1,-1,957.636,-1,-1,-1,-1,-1,2,0,2,0,2,0,0,0,0,2,2,0,2,2,2,2,2
80,-4668.155,-353.531,-128.398,-7.045,0.990822,0.122558,-0.057015,-0.122444,0.992460,0.005511,0.057260,0.001520,0.998358,0,0.37910,0.37885,15.858,0.323,-1,906.980,-1,640.423,-1,557.640,529.484,482.585,541.621,-1,912.418,779.930,-1,-1,-1,-1,-1,2,0,2,0,2,0,0,0,0,2,0,0,2,2,2,2,2
81,-4652.333,-354.010,-128.136,-6.707,0.991317,0.116628,-0.060727,-0.116583,0.993172,0.004300,0.060814,0.002817,0.998145,0,0.37910,0.37885,15.829,0.337,-1,949.858,-1,647.219,-1,571.230,538.121,484.300,540.415,1001.124,798.531,692.184,-1,-1,-1,-1,-1,2,0,2,0,2,0,0,0,0,0,0,0,2,2,2,2,2
82,-4636.445,-354.522,-127.832,-6.391,0.991767,0.111015,-0.063831,-0.111087,0.993808,0.002427,0.063706,0.004684,0.997958,0,0.37910,0.37885,15.896,0.316,-1,988.054,-1,652.044,-1,583.597,546.261,487.037,538.172,998.436,730.721,637.364,-1,-1,-1,-1,-1,2,0,2,0,2,0,0,0,0,0,0,0,2,2,2,2,2
83,-4620.460,-355.324,-127.506,-6.145,0.992017,0.106574,-0.067410,-0.106799,0.994281,0.000269,0.067053,0.006933,0.997725,0,0.37910,0.37885,16.005,0.246,-1,-1,-1,657.750,-1,597.228,555.423,490.366,534.509,994.853,672.531,604.451,-1,-1,-1,-1,-1,2,2,2,0,2,0,0,0,0,0,0,0,2,2,2,2,2
84,-4604.368,-356.342,-127.084,-5.945,0.992081,0.102893,-0.072033,-0.103314,0.994646,-0.002129,0.071429,0.009554,0.997400,0,0.37910,0.37885,16.124,0.199,-1,-1,-1,667.031,-1,617.548,567.444,494.365,529.887,985.967,629.020,567.164,-1,-1,-1,-1,-1,2,2,2,0,2,0,0,0,0,0,0,0,2,2,2,2,2
85,-4588.198,-357.383,-126.557,-5.766,0.992090,0.099557,-0.076458,-0.100179,0.994960,-0.004330,0.075642,0.011956,0.997063,0,0.37910,0.37885,16.203,0.179,-1,-1,-1,675.568,-1,634.802,579.672,498.226,526.054,981.367,595.341,545.573,1001.993,-1,-1,-1,-1,2,2,2,0,2,0,0,0,0,0,0,0,0,2,2,2,2
86,-4571.946,-358.432,-125.979,-5.603,0.992067,0.096536,-0.080524,-0.097324,0.995235,-0.005909,0.079570,0.013699,0.996735,0,0.37910,0.37885,16.286,0.163,-1,-1,-1,684.141,-1,651.580,591.900,500.945,523.695,978.911,576.311,532.703,931.685,-1,-1,-1,-1,2,2,2,0,2,0,0,0,0,0,0,0,0,2,2,2,2
87,-4555.842,-359.377,-125.298,-5.451,0.992119,0.093833,-0.083043,-0.094680,0.995488,-0.006309,0.082076,0.014122,0.996526,0,0.19469,0.89044,16.131,0.152,-1,-1,-1,690.422,-1,665.757,601.143,501.276,524.115,978.361,572.075,529.678,916.165,-1,-1,-1,-1,2,2,2,0,2,0,0,0,0,0,0,0,0,2,2,2,2
88,-4539.928,-359.910,-124.647,-5.234,0.992359,0.089997,-0.084408,-0.090899,0.995836,-0.006898,0.083436,0.014518,0.996407,0,0.19469,0.89044,15.923,0.218,-1,-1,-1,693.970,-1,677.948,608.021,501.686,524.344,983.654,574.492,533.108,908.717,-1,-1,-1,-1,2,2,2,0,2,0,0,0,0,0,0,0,0,2,2,2,2
89,-4524.191,-359.822,-124.031,-4.886,0.992819,0.083800,-0.085365,-0.084874,0.996351,-0.009023,0.084297,0.016204,0.996309,0,0.19469,0.89044,15.738,0.347,-1,-1,-1,696.693,-1,688.593,614.349,505.095,521.216,998.006,579.870,538.490,895.970,-1,-1,-1,-1,2,2,2,0,2,0,0,0,0,0,0,0,0,2,2,2,2
90,-4508.652,-359.240,-123.440,-4.441,0.993378,0.075846,-0.086294,-0.077153,0.996948,-0.011903,0.085128,0.018482,0.996199,0,0.19469,0.89044,15.549,0.445,-1,-1,-1,698.869,-1,700.481,622.130,509.758,517.037,-1,585.113,543.366,885.104,-1,-1,-1,-1,2,2,2,0,2,0,0,0,0,2,0,0,0,2,2,2,2
91,-4493.440,-358.210,-122.720,-3.936,0.993946,0.066869,-0.087176,-0.068382,0.997554,-0.014478,0.085995,0.020351,0.996088,0,0.19469,0.89044,15.247,0.505,-1,-1,-1,702.293,-1,714.072,632.137,514.128,514.082,-1,590.620,548.711,884.310,-1,-1,-1,-1,2,2,2,0,2,0,0,0,0,2,0,0,0,2,2,2,2
92,-4478.508,-356.960,-121.804,-3.433,0.994415,0.058037,-0.088147,-0.059648,0.998095,-0.015753,0.087064,0.020923,0.995983,0,0.19469,0.89044,14.984,0.503,-1,-1,-1,708.071,-1,730.501,642.832,516.533,514.390,-1,595.729,554.742,888.903,-1,-1,-1,-1,2,2,2,0,2,0,0,0,0,2,0,0,0,2,2,2,2
93,-4464.075,-355.194,-120.671,-2.873,0.994953,0.048362,-0.087915,-0.049937,0.998627,-0.015806,0.087030,0.020116,0.996003,0,0.19469,0.89044,14.541,0.559,-1,-1,-1,713.054,-1,744.174,652.115,516.760,517.960,-1,607.653,568.023,905.598,-1,-1,-1,-1,2,2,2,0,2,0,0,0,0,2,0,0,0,2,2,2,2
94,-4450.048,-352.997,-119.457,-2.297,0.995453,0.038529,-0.087118,-0.039930,0.999099,-0.014401,0.086484,0.017814,0.996094,0,0.19469,0.89044,14.198,0.576,-1,-1,-1,721.149,-1,756.068,660.817,514.213,524.632,-1,622.255,584.696,931.832,-1,-1,-1,-1,2,2,2,0,2,0,0,0,0,2,0,0,0,2,2,2,2
95,-4436.325,-350.584,-118.328,-1.728,0.995854,0.028883,-0.086260,-0.030041,0.999475,-0.012153,0.085863,0.014694,0.996199,0,0.19469,0.89044,13.934,0.569,-1,-1,-1,730.604,-1,766.344,670.990,509.860,532.735,-1,636.370,601.528,962.181,-1,-1,-1,-1,2,2,2,0,2,0,0,0,0,2,0,0,0,2,2,2,2
96,-4422.828,-348.028,-117.391,-1.169,0.996125,0.019402,-0.085783,-0.020333,0.999743,-0.009991,0.085567,0.011696,0.996264,0,0.19469,0.89044,13.736,0.558,-1,-1,-1,740.398,-1,777.549,682.328,505.325,540.756,-1,647.332,615.471,989.962,-1,-1,-1,-1,2,2,2,0,2,0,0,0,0,2,0,0,0,2,2,2,2
97,-4409.592,-345.363,-116.641,-0.601,0.996299,0.009677,-0.085405,-0.010447,0.999909,-0.008565,0.085314,0.009426,0.996310,0,0.19469,0.89044,13.501,0.569,-1,-1,-1,748.265,-1,788.854,693.252,501.566,546.647,-1,657.096,627.746,-1,-1,-1,-1,-1,2,2,2,0,2,0,0,0,0,2,0,0,2,2,2,2,2
98,-4396.698,-342.557,-115.996,-0.011,0.996413,-0.000500,-0.084622,-0.000184,0.999967,-0.008079,0.084623,0.008065,0.996380,0,0.19469,0.89044,13.196,0.590,-1,-1,-1,753.832,-1,798.883,702.526,499.319,550.080,-1,669.282,641.468,-1,-1,-1,-1,-1,2,2,2,0,2,0,0,0,0,2,0,0,2,2,2,2,2
99,-4384.120,-339.604,-115.428,0.586,0.996431,-0.010854,-0.083710,0.010186,0.999913,-0.008408,0.083794,0.007525,0.996455,0,0.19469,0.89044,12.920,0.596,-1,-1,-1,761.666,-1,808.597,711.074,498.554,551.351,-1,682.258,655.262,-1,-1,-1,-1,-1,2,2,2,0,2,0,0,0,0,2,0,0,2,2,2,2,2
100,-4371.876,-336.615,-114.829,1.185,0.996379,-0.021249,-0.082323,0.020609,0.999751,-0.008606,0.082486,0.006878,0.996569,0,0.19469,0.89044,12.604,0.599,-1,-1,-1,768.090,-1,816.601,719.418,497.683,552.399,-1,698.545,672.148,-1,-1,-1,-1,-1,2,2,2,0,2,0,0,0,0,2,0,0,2,2,2,2,2
101,-4360.081,-333.403,-114.126,1.801,0.996242,-0.031950,-0.080504,0.031329,0.999469,-0.008958,0.080747,0.006402,0.996714,0,0.19469,0.89044,12.225,0.616,-1,-1,-1,774.992,-1,823.527,726.939,497.517,553.188,-1,718.605,692.330,-1,-1,-1,-1,-1,2,2,2,0,2,0,0,0,0,2,0,0,2,2,2,2,2
102,-4348.729,-330.050,-113.302,2.426,0.996000,-0.042803,-0.078436,0.042205,0.999066,-0.009274,0.078760,0.005926,0.996876,0,0.19469,0.89044,11.836,0.625,-1,-1,-1,782.117,-1,829.751,734.113,497.766,554.333,-1,741.135,715.140,-1,-1,-1,-1,-1,2,2,2,0,2,0,0,0,0,2,0,0,2,2,2,2,2
103,-4337.610,-326.820,-112.467,2.994,0.995669,-0.052618,-0.076641,0.052085,0.998603,-0.008938,0.077005,0.004908,0.997019,0,0.19469,0.89044,11.579,0.568,-1,-1,-1,789.944,-1,835.876,741.423,496.913,557.003,-1,762.334,737.198,-1,-1,-1,-1,-1,2,2,2,0,2,0,0,0,0,2,0,0,2,2,2,2,2
104,-4326.609,-323.665,-111.707,3.532,0.995233,-0.061931,-0.075340,0.061436,0.998072,-0.008872,0.075744,0.004201,0.997118,0,0.19469,0.89044,11.444,0.538,-1,-1,-1,799.191,-1,843.288,749.727,496.489,558.787,-1,780.022,755.664,-1,-1,-1,-1,-1,2,2,2,0,2,0,0,0,0,2,0,0,2,2,2,2,2
105,-4315.792,-320.443,-111.090,4.074,0.994719,-0.071334,-0.073797,0.070844,0.997445,-0.009253,0.074268,0.003976,0.997230,0,0.19469,0.89044,11.286,0.541,-1,-1,-1,807.028,-1,848.653,756.777,496.639,558.880,-1,798.840,774.788,-1,-1,-1,-1,-1,2,2,2,0,2,0,0,0,0,2,0,0,2,2,2,2,2
106,-4305.440,-316.854,-110.594,4.686,0.994094,-0.081985,-0.071100,0.081478,0.996625,-0.010016,0.071682,0.004164,0.997419,0,0.19469,0.89044,10.957,0.612,-1,-1,-1,810.662,-1,849.247,760.369,497.480,556.556,-1,825.742,801.242,-1,-1,-1,-1,-1,2,2,2,0,2,0,0,0,0,2,0,0,2,2,2,2,2
107,-4295.499,-313.035,-110.285,5.310,0.993377,-0.092814,-0.067736,0.092335,0.995676,-0.010168,0.068387,0.003846,0.997651,0,0.19469,0.89044,10.649,0.625,-1,-1,-1,811.629,-1,846.524,761.066,496.882,553.695,-1,858.499,832.828,-1,-1,-1,-1,-1,2,2,2,0,2,0,0,0,0,2,0,0,2,2,2,2,2
108,-4285.863,-309.103,-110.162,5.925,0.992552,-0.103378,-0.064450,0.103001,0.994639,-0.009163,0.065052,0.002456,0.997879,0,0.19469,0.89044,10.407,0.614,-1,-1,-1,812.837,-1,842.587,760.799,493.652,552.952,-1,898.772,865.143,-1,-1,-1,-1,-1,2,2,2,0,2,0,0,0,0,2,0,0,2,2,2,2,2
109,-4276.562,-304.987,-110.129,6.550,0.991571,-0.114089,-0.061413,0.113855,0.993470,-0.007305,0.061846,0.000251,0.998086,0,0.24764,0.89309,10.171,0.626,-1,-1,-1,815.319,-1,838.690,760.863,488.652,554.060,-1,938.200,900.139,-1,-1,-1,-1,-1,2,2,2,0,2,0,0,0,0,2,0,0,2,2,2,2,2
110,-4267.620,-300.664,-110.062,7.196,0.990405,-0.125118,-0.058687,0.125040,0.992139,-0.005024,0.058855,-0.002362,0.998264,0,0.24764,0.89309,9.933,0.645,-1,-1,-1,820.135,-1,835.755,762.092,483.093,556.316,-1,976.977,940.291,-1,-1,-1,-1,-1,2,2,2,0,2,0,0,0,0,2,0,0,2,2,2,2,2
111,-4258.717,-296.373,-109.946,7.814,0.989118,-0.135664,-0.056933,0.135734,0.990742,-0.002647,0.056765,-0.005110,0.998375,0,0.24764,0.89309,9.883,0.618,-1,997.277,-1,828.397,-1,835.935,766.273,477.558,559.298,-1,1005.585,971.093,-1,-1,-1,-1,-1,2,0,2,0,2,0,0,0,0,2,0,0,2,2,2,2,2
112,-4249.730,-292.197,-109.792,8.389,0.987782,-0.145489,-0.055851,0.145677,0.989332,-0.000721,0.055360,-0.007424,0.998439,0,0.24764,0.89309,9.909,0.576,-1,983.516,-1,838.348,-1,838.482,772.353,473.033,561.544,-1,-1,993.287,-1,-1,-1,-1,-1,2,0,2,0,2,0,0,0,0,2,2,0,2,2,2,2,2
113,-4240.660,-288.143,-109.669,8.930,0.986441,-0.154759,-0.054618,0.155004,0.987914,0.000256,0.053919,-0.008718,0.998507,0,0.24764,0.89309,9.935,0.541,-1,971.292,-1,846.392,-1,836.261,777.619,470.323,560.289,-1,-1,-1,-1,-1,-1,-1,-1,2,0,2,0,2,0,0,0,0,2,2,2,2,2,2,2,2
114,-4231.607,-284.120,-109.578,9.466,0.985052,-0.164016,-0.052640,0.164247,0.986419,0.000060,0.051915,-0.008705,0.998614,0,0.24764,0.89309,9.906,0.536,-1,958.643,-1,850.496,-1,831.531,780.547,469.903,555.160,-1,-1,-1,-1,-1,-1,-1,-1,2,0,2,0,2,0,0,0,0,2,2,2,2,2,2,2,2
115,-4222.572,-280.157,-109.500,9.991,0.983638,-0.173092,-0.049963,0.173278,0.984873,-0.000624,0.049316,-0.008044,0.998751,0,0.24764,0.89309,9.867,0.524,-1,944.794,-1,851.209,-1,824.975,781.077,470.586,548.390,-1,-1,-1,-1,-1,-1,-1,-1,2,0,2,0,2,0,0,0,0,2,2,2,2,2,2,2,2
116,-4213.567,-276.203,-109.391,10.497,0.982217,-0.181859,-0.046663,0.181997,0.983298,-0.001309,0.046121,-0.007207,0.998910,0,0.24764,0.89309,9.835,0.507,-1,929.656,-1,849.220,-1,816.697,777.931,471.607,541.355,-1,-1,-1,-1,-1,-1,-1,-1,2,0,2,0,2,0,0,0,0,2,2,2,2,2,2,2,2
117,-4204.556,-272.220,-109.275,10.990,0.980758,-0.190374,-0.043268,0.190467,0.981692,-0.001995,0.042856,-0.006285,0.999061,0,0.24764,0.89309,9.853,0.493,-1,914.946,-1,846.732,-1,808.371,774.200,472.792,534.248,-1,-1,-1,-1,-1,-1,-1,-1,2,0,2,0,2,0,0,0,0,2,2,2,2,2,2,2,2
118,-4195.545,-268.205,-109.134,11.476,0.979239,-0.198731,-0.039951,0.198798,0.980038,-0.002334,0.039617,-0.005657,0.999199,0,0.24764,0.89309,9.865,0.486,-1,900.603,-1,844.675,-1,800.273,770.670,473.604,528.111,-1,-1,-1,-1,-1,-1,-1,-1,2,0,2,0,2,0,0,0,0,2,2,2,2,2,2,2,2
119,-4186.570,-264.148,-108.927,11.953,0.977675,-0.206910,-0.036595,0.206975,0.978344,-0.002045,0.036226,-0.005575,0.999328,0,0.24764,0.89309,9.849,0.477,-1,885.769,-1,842.789,-1,791.908,766.911,473.542,523.839,-1,-1,-1,-1,-1,-1,-1,-1,2,0,2,0,2,0,0,0,0,2,2,2,2,2,2,2,2
120,-4177.623,-260.023,-108.642,12.403,0.976126,-0.214584,-0.033650,0.214673,0.976686,-0.000999,0.033080,-0.006249,0.999433,0,0.24764,0.89309,9.853,0.450,-1,871.703,-1,842.665,-1,784.489,764.127,472.219,521.650,-1,-1,-1,-1,-1,-1,-1,-1,2,0,2,0,2,0,0,0,0,2,2,2,2,2,2,2,2
121,-4168.708,-255.873,-108.272,12.834,0.974571,-0.221903,-0.031141,0.222028,0.975040,0.000560,0.030239,-0.007460,0.999515,0,0.24764,0.89309,9.833,0.431,-1,858.768,-1,844.200,-1,778.223,762.548,470.109,521.285,-1,-1,-1,-1,-1,-1,-1,-1,2,0,2,0,2,0,0,0,0,2,2,2,2,2,2,2,2
122,-4159.792,-251.730,-107.880,13.246,0.973033,-0.228897,-0.028519,0.229053,0.973411,0.002287,0.027238,-0.008758,0.999591,0,0.24764,0.89309,9.832,0.412,-1,845.783,-1,845.010,-1,771.659,760.417,467.861,521.441,-1,-1,-1,-1,-1,-1,-1,-1,2,0,2,0,2,0,0,0,0,2,2,2,2,2,2,2,2
123,-4150.886,-247.515,-107.595,13.666,0.971413,-0.236038,-0.025354,0.236200,0.971698,0.003536,0.023802,-0.009424,0.999672,0,0.24764,0.89309,9.853,0.420,-1,832.018,-1,843.275,-1,761.421,756.612,466.504,519.739,-1,-1,-1,-1,-1,-1,-1,-1,2,0,2,0,2,0,0,0,0,2,2,2,2,2,2,2,2
124,-4141.965,-243.317,-107.426,14.073,0.969792,-0.242953,-0.021846,0.243106,0.969989,0.004608,0.020071,-0.009780,0.999751,0,0.24764,0.89309,9.859,0.407,-1,817.817,-1,839.562,-1,749.756,751.453,465.364,516.892,-1,-1,-1,-1,-1,-1,-1,-1,2,0,2,0,2,0,0,0,0,2,2,2,2,2,2,2,2
125,-4133.014,-239.112,-107.361,14.478,0.968119,-0.249834,-0.018108,0.249968,0.968239,0.005487,0.016162,-0.009839,0.999821,0,0.24764,0.89309,9.890,0.405,-1,803.456,-1,834.566,-1,737.678,745.471,464.476,512.924,-1,-1,-1,-1,-1,-1,-1,-1,2,0,2,0,2,0,0,0,0,2,2,2,2,2,2,2,2
126,-4124.088,-234.824,-107.381,14.895,0.966328,-0.256931,-0.014020,0.257036,0.966382,0.006266,0.011939,-0.009659,0.999882,0,0.24764,0.89309,9.902,0.418,-1,788.457,-1,828.182,-1,724.821,736.874,463.791,508.150,-1,-1,-1,-1,-1,-1,-1,-1,2,0,2,0,2,0,0,0,0,2,2,2,2,2,2,2,2
127,-4115.169,-230.401,-107.462,15.334,0.964373,-0.264358,-0.009948,0.264430,0.964382,0.006712,0.007820,-0.009104,0.999928,0,0.24764,0.89309,9.955,0.438,-1,774.087,-1,821.825,-1,712.285,726.809,463.689,502.388,-1,-1,-1,-1,-1,-1,-1,-1,2,0,2,0,2,0,0,0,0,2,2,2,2,2,2,2,2
128,-4106.199,-225.839,-107.616,15.777,0.962318,-0.271850,-0.006502,0.271893,0.962301,0.007158,0.004311,-0.008656,0.999953,0,0.24764,0.89309,10.064,0.444,-1,761.326,-1,817.578,-1,701.238,718.400,463.236,496.701,-1,-1,-1,-1,-1,-1,-1,-1,2,0,2,0,2,0,0,0,0,2,2,2,2,2,2,2,2
129,-4097.130,-221.237,-107.837,16.200,0.960294,-0.278970,-0.003439,0.278989,0.960262,0.007897,0.001099,-0.008543,0.999963,0,0.24764,0.89309,10.170,0.423,-1,749.266,-1,814.336,-1,690.991,710.867,461.937,491.599,-1,-1,-1,-1,-1,-1,-1,-1,2,0,2,0,2,0,0,0,0,2,2,2,2,2,2,2,2
130,-4088.021,-216.533,-108.072,16.626,0.958188,-0.286138,-0.000306,0.286130,0.958152,0.008623,-0.002174,-0.008350,0.999963,0,0.24764,0.89309,10.252,0.427,-1,737.258,-1,810.887,-1,680.728,703.247,460.737,486.665,-1,-1,-1,-1,-1,-1,-1,-1,2,0,2,0,2,0,0,0,0,2,2,2,2,2,2,2,2
131,-4078.901,-211.719,-108.270,17.059,0.955987,-0.293394,0.003042,0.293355,0.955957,0.009400,-0.005666,-0.008094,0.999951,0,0.24764,0.89309,10.313,0.433,-1,725.034,-1,806.915,-1,670.232,695.294,459.750,482.443,-1,-1,-1,-1,-1,-1,-1,-1,2,0,2,0,2,0,0,0,0,2,2,2,2,2,2,2,2
132,-4069.844,-206.742,-108.360,17.510,0.953624,-0.300930,0.006501,0.300856,0.953614,0.010292,-0.009297,-0.007859,0.999926,0,0.24764,0.89309,10.334,0.451,-1,712.819,-1,803.195,-1,659.874,687.415,459.046,478.961,-1,-1,-1,-1,-1,-1,-1,-1,2,0,2,0,2,0,0,0,0,2,2,2,2,2,2,2,2
133,-4060.600,-201.627,-108.377,17.953,0.951234,-0.308320,0.009608,0.308211,0.951251,0.011319,-0.012629,-0.007806,0.999890,0,0.49354,0.55231,10.565,0.443,-1,701.588,-1,800.961,-1,650.515,680.627,458.201,476.042,-1,-1,-1,-1,-1,-1,-1,-1,2,0,2,0,2,0,0,0,0,2,2,2,2,2,2,2,2
134,-4050.952,-196.324,-108.373,18.388,0.948825,-0.315560,0.012390,0.315416,0.948874,0.012269,-0.015628,-0.007733,0.999848,0,0.49354,0.55231,11.009,0.435,-1,691.382,-1,799.965,-1,642.099,674.829,457.430,473.132,-1,-1,-1,-1,-1,-1,-1,-1,2,0,2,0,2,0,0,0,0,2,2,2,2,2,2,2,2
135,-4040.977,-190.861,-108.374,18.810,0.946424,-0.322550,0.015573,0.322365,0.946522,0.013263,-0.019018,-0.007532,0.999791,0,0.49354,0.55231,11.373,0.421,-1,680.625,-1,797.537,-1,633.069,668.192,456.794,469.925,-1,-1,-1,-1,-1,-1,-1,-1,2,0,2,0,2,0,0,0,0,2,2,2,2,2,2,2,2
136,-4030.708,-185.278,-108.378,19.230,0.943947,-0.329520,0.019523,0.329280,0.944121,0.014514,-0.023215,-0.007272,0.999704,0,0.49354,0.55231,11.688,0.421,-1,668.370,-1,790.953,-1,622.205,659.813,456.144,466.488,-1,-1,-1,-1,-1,-1,-1,-1,2,0,2,0,2,0,0,0,0,2,2,2,2,2,2,2,2
137,-4020.080,-179.558,-108.422,19.641,0.941456,-0.336285,0.023940,0.335998,0.941739,0.015266,-0.027679,-0.006328,0.999597,0,0.49354,0.55231,12.070,0.411,-1,656.191,-1,782.626,-1,610.625,650.798,456.616,461.662,-1,-1,-1,-1,-1,-1,-1,-1,2,0,2,0,2,0,0,0,0,2,2,2,2,2,2,2,2
138,-4009.054,-173.720,-108.525,20.042,0.938965,-0.342838,0.028422,0.342532,0.939384,0.015141,-0.031890,-0.004481,0.999481,0,0.49354,0.55231,12.476,0.401,-1,645.244,-1,774.248,-1,599.805,640.349,458.992,455.092,-1,-1,-1,-1,1006.563,-1,-1,-1,2,0,2,0,2,0,0,0,0,2,2,2,2,0,2,2,2
139,-3997.714,-167.699,-108.713,20.454,0.936330,-0.349528,0.033419,0.349229,0.936924,0.014604,-0.036416,-0.002003,0.999335,0,0.49354,0.55231,12.839,0.412,-1,633.975,-1,764.435,-1,588.454,628.399,462.674,447.805,-1,-1,-1,-1,983.581,-1,-1,-1,2,0,2,0,2,0,0,0,0,2,2,2,2,0,2,2,2
140,-3986.100,-161.424,-109.019,20.883,0.933518,-0.356436,0.038707,0.356152,0.934320,0.014230,-0.041237,0.000502,0.999149,0,0.49354,0.55231,13.201,0.428,-1,621.928,-1,753.831,-1,576.461,615.788,466.091,440.330,-1,-1,-1,-1,959.554,-1,-1,-1,2,0,2,0,2,0,0,0,0,2,2,2,2,0,2,2,2
141,-3974.172,-154.916,-109.391,21.303,0.930693,-0.363198,0.043559,0.362927,0.931708,0.014261,-0.045764,0.002537,0.998949,0,0.49354,0.55231,13.587,0.421,-1,610.222,-1,744.638,-1,565.055,604.018,468.485,434.852,-1,-1,-1,-1,936.496,-1,-1,-1,2,0,2,0,2,0,0,0,0,2,2,2,2,0,2,2,2
142,-3961.905,-148.212,-109.776,21.709,0.927925,-0.369708,0.047649,0.369432,0.929140,0.014804,-0.049746,0.003866,0.998754,0,0.49354,0.55231,13.980,0.405,-1,599.369,-1,737.798,-1,554.748,593.668,469.553,431.242,-1,-1,-1,-1,915.178,-1,-1,-1,2,0,2,0,2,0,0,0,0,2,2,2,2,0,2,2,2
143,-3949.378,-141.290,-110.218,22.105,0.925152,-0.376061,0.051689,0.375754,0.926583,0.015898,-0.053873,0.004715,0.998537,0,0.49354,0.55231,14.312,0.396,993.270,588.086,-1,730.962,-1,544.264,583.225,469.510,428.237,-1,-1,-1,-1,893.265,-1,-1,-1,0,0,2,0,2,0,0,0,0,2,2,2,2,0,2,2,2
144,-3936.653,-134.235,-110.663,22.481,0.922395,-0.382087,0.056537,0.381703,0.924112,0.017869,-0.059075,0.005098,0.998241,0,0.49354,0.55231,14.550,0.376,957.470,574.908,-1,719.886,-1,532.270,571.237,468.432,425.841,-1,-1,-1,-1,868.243,-1,-1,-1,0,0,2,0,2,0,0,0,0,2,2,2,2,0,2,2,2
145,-3923.611,-126.986,-111.192,22.854,0.919581,-0.388003,0.061837,0.387580,0.921636,0.019192,-0.064438,0.006318,0.997902,0,0.49354,0.55231,14.920,0.374,924.366,561.972,-1,704.970,-1,520.203,558.911,468.744,422.025,-1,-1,-1,-1,843.898,-1,-1,-1,0,0,2,0,2,0,0,0,0,2,2,2,2,0,2,2,2
146,-3910.194,-119.531,-111.877,23.235,0.916687,-0.393904,0.067266,0.393564,0.919105,0.018792,-0.069227,0.009248,0.997558,0,0.49354,0.55231,15.349,0.381,898.565,550.754,-1,690.169,-1,509.140,547.160,472.051,415.447,-1,-1,-1,-1,822.990,-1,-1,-1,0,0,2,0,2,0,0,0,0,2,2,2,2,0,2,2,2
147,-3896.402,-111.880,-112.716,23.625,0.913720,-0.399788,0.072702,0.399668,0.916505,0.016822,-0.073357,0.013687,0.997212,0,0.49354,0.55231,15.772,0.390,879.171,541.188,-1,675.852,-1,499.127,536.111,477.741,407.514,-1,-1,-1,-1,805.632,989.935,-1,-1,0,0,2,0,2,0,0,0,0,2,2,2,2,0,0,2,2
148,-3882.261,-104.066,-113.626,24.017,0.910704,-0.405604,0.078128,0.405796,0.913855,0.014120,-0.077125,0.018845,0.996843,0,0.49354,0.55231,16.156,0.392,862.949,532.515,-1,662.098,-1,489.765,525.564,484.868,398.736,-1,-1,-1,-1,789.839,968.061,991.552,-1,0,0,2,0,2,0,0,0,0,2,2,2,2,0,0,0,2
149,-3867.904,-96.167,-114.385,24.402,0.907647,-0.411257,0.083925,0.411773,0.911209,0.011879,-0.081358,0.023776,0.996401,0,0.49354,0.55231,16.387,0.385,845.203,523.405,1004.286,648.192,-1,480.175,514.831,492.141,391.443,-1,-1,-1,-1,773.214,945.822,961.897,-1,0,0,1,0,2,0,0,0,0,2,2,2,2,0,0,0,2
150,-3853.377,-88.023,-115.068,24.780,0.904565,-0.416805,0.089641,0.417575,0.908577,0.010877,-0.085979,0.027593,0.995915,0,0.49354,0.55231,16.654,0.377,823.736,513.392,982.211,634.798,-1,470.107,504.024,497.448,387.488,-1,-1,-1,-1,755.036,923.978,929.294,-1,0,0,1,0,2,0,0,0,0,2,2,2,2,0,0,0,2
151,-3838.673,-79.516,-115.776,25.171,0.901345,-0.422622,0.094703,0.423578,0.905796,0.010759,-0.090329,0.030416,0.995447,0,0.49354,0.55231,16.987,0.391,800.776,503.286,959.776,623.028,-1,460.234,493.303,500.685,384.855,-1,-1,-1,-1,736.757,901.854,896.574,-1,0,0,1,0,2,0,0,0,0,2,2,2,2,0,0,0,2
152,-3823.769,-70.750,-116.560,25.553,0.898149,-0.428329,0.099315,0.429410,0.903039,0.011313,-0.094530,0.032486,0.994992,0,0.49354,0.55231,17.291,0.382,776.702,493.023,937.278,612.205,-1,450.478,482.652,502.118,383.057,-1,-1,-1,-1,718.385,880.064,863.910,-1,0,0,1,0,2,0,0,0,0,2,2,2,2,0,0,0,2
153,-3808.594,-61.698,-117.523,25.941,0.894926,-0.434079,0.103361,0.435344,0.900195,0.011177,-0.097896,0.034995,0.994581,0,0.49354,0.55231,17.670,0.388,756.029,483.913,914.666,599.223,-1,441.637,472.851,504.128,380.553,-1,-1,-1,-1,702.196,859.663,835.594,-1,0,0,1,0,2,0,0,0,0,2,2,2,2,0,0,0,2
154,-3793.420,-52.718,-118.562,26.304,0.891882,-0.439352,0.107314,0.440873,0.897509,0.010392,-0.100881,0.038044,0.994171,0,-0.12316,0.86906,17.632,0.363,738.181,475.670,892.649,585.960,-1,433.458,463.603,507.726,378.300,-1,-1,-1,-1,687.680,839.875,810.685,-1,0,0,1,0,2,0,0,0,0,2,2,2,2,0,0,0,2
155,-3778.855,-43.787,-119.695,26.740,0.888122,-0.445419,0.113318,0.447465,0.894265,0.008116,-0.104951,0.043498,0.993526,0,-0.12316,0.86906,17.085,0.436,721.623,466.559,-1,569.121,-1,423.875,452.214,516.210,373.520,-1,-1,-1,-1,671.865,815.583,785.167,987.107,0,0,2,0,2,0,0,0,0,2,2,2,2,0,0,0,0
156,-3764.804,-35.078,-120.849,27.203,0.883986,-0.451663,0.120700,0.454368,0.890796,0.005677,-0.110083,0.049824,0.992673,0,-0.12316,0.86906,16.531,0.463,703.880,456.338,-1,550.009,-1,413.162,439.426,526.763,367.635,-1,-1,-1,-1,654.363,789.294,757.722,952.801,0,0,2,0,2,0,0,0,0,2,2,2,2,0,0,0,0
157,-3751.147,-26.637,-121.867,27.640,0.879992,-0.457419,0.127994,0.460833,0.887481,0.003285,-0.115095,0.056093,0.991769,0,-0.12316,0.86906,16.055,0.437,687.608,446.812,-1,532.176,822.550,403.186,427.445,535.805,362.069,-1,-1,-1,-1,638.084,764.606,732.766,917.289,0,0,2,0,0,0,0,0,0,2,2,2,2,0,0,0,0
158,-3737.907,-18.400,-122.587,28.044,0.876246,-0.462620,0.134815,0.466781,0.884372,0.000839,-0.119614,0.062194,0.990870,0,-0.12316,0.86906,15.593,0.404,674.147,438.737,-1,516.671,803.854,394.629,416.996,545.635,358.201,-1,-1,-1,-1,624.120,742.522,711.860,885.500,0,0,2,0,0,0,0,0,0,2,2,2,2,0,0,0,0
159,-3725.047,-10.268,-122.970,28.430,0.872691,-0.467524,0.140828,0.472461,0.881350,-0.001850,-0.123254,0.068151,0.990032,0,-0.12316,0.86906,15.215,0.386,664.503,432.612,-1,503.992,787.973,387.889,408.482,557.215,355.184,-1,-1,-1,-1,613.177,722.859,695.963,858.134,0,0,2,0,0,0,0,0,0,2,2,2,2,0,0,0,0
160,-3712.412,-2.307,-123.253,28.789,0.869471,-0.472045,0.145582,0.477769,0.878471,-0.005003,-0.125528,0.073905,0.989334,0,-0.12316,0.86906,14.933,0.358,659.128,428.527,-1,494.338,774.987,383.094,402.061,569.230,352.602,-1,-1,-1,-1,605.667,705.200,685.583,834.422,0,0,2,0,0,0,0,0,0,2,2,2,2,0,0,0,0
161,-3700.040,5.515,-123.527,29.134,0.866442,-0.476400,0.149400,0.482928,0.875618,-0.008600,-0.126720,0.079601,0.988739,0,-0.12316,0.86906,14.638,0.345,656.996,425.733,-1,486.736,764.104,379.586,397.060,581.690,350.144,-1,-1,-1,-1,600.645,690.587,679.279,813.981,0,0,2,0,0,0,0,0,0,2,2,2,2,0,0,0,0
162,-3687.946,13.202,-123.862,29.460,0.863617,-0.480500,0.152597,0.487815,0.872860,-0.012298,-0.127287,0.085060,0.988212,0,-0.12316,0.86906,14.330,0.326,656.229,423.644,-1,479.730,754.505,376.738,392.826,593.858,348.284,-1,-1,-1,-1,596.840,677.828,674.836,795.727,0,0,2,0,0,0,0,0,0,2,2,2,2,0,0,0,0
163,-3676.152,20.747,-124.311,29.769,0.860933,-0.484375,0.155483,0.492435,0.870207,-0.015736,-0.127680,0.090113,0.987713,0,-0.12316,0.86906,14.000,0.309,654.993,421.493,1001.385,472.439,745.516,373.836,388.718,605.018,346.629,-1,-1,-1,-1,593.022,665.840,670.225,778.508,0,0,0,0,0,0,0,0,0,2,2,2,2,0,0,0,0
164,-3664.702,28.179,-124.876,30.067,0.858312,-0.488138,0.158181,0.496885,0.867613,-0.018761,-0.128082,0.094701,0.987232,0,-0.12316,0.86906,13.651,0.298,652.544,418.976,987.439,465.267,736.985,370.724,384.404,613.868,345.168,-1,-1,-1,-1,588.589,654.190,664.634,761.728,0,0,0,0,0,0,0,0,0,2,2,2,2,0,0,0,0
165,-3653.652,35.457,-125.445,30.339,0.855852,-0.491653,0.160610,0.500906,0.865259,-0.020512,-0.128884,0.098006,0.986805,0,-0.12316,0.86906,13.231,0.272,646.591,415.516,972.361,458.312,725.147,367.109,379.876,618.639,344.822,-1,-1,-1,-1,582.668,642.948,656.104,745.758,0,0,0,0,0,0,0,0,0,2,2,2,2,0,0,0,0
166,-3642.912,42.610,-126.021,30.587,0.853620,-0.494986,0.162242,0.504574,0.863100,-0.021521,-0.129379,0.100234,0.986516,0,-0.12316,0.86906,12.904,0.248,639.570,412.064,958.957,452.442,712.987,363.788,375.900,620.831,345.446,-1,-1,-1,-1,576.867,633.371,647.260,732.107,0,0,0,0,0,0,0,0,0,2,2,2,2,0,0,0,0
167,-3632.511,49.682,-126.574,30.828,0.851510,-0.498323,0.163108,0.508171,0.860961,-0.022534,-0.129201,0.102075,0.986351,0,-0.12316,0.86906,12.577,0.241,633.898,409.404,948.577,447.809,703.199,361.230,372.798,622.217,346.482,-1,-1,-1,-1,572.339,625.673,640.243,720.840,0,0,0,0,0,0,0,0,0,2,2,2,2,0,0,0,0
168,-3622.463,56.732,-127.084,31.074,0.849449,-0.501856,0.163025,0.511886,0.858726,-0.023701,-0.128100,0.103583,0.986337,0,-0.12316,0.86906,12.275,0.245,630.338,407.857,941.958,444.687,696.224,359.692,370.815,622.994,347.978,-1,-1,-1,-1,569.575,620.252,635.815,712.172,0,0,0,0,0,0,0,0,0,2,2,2,2,0,0,0,0
169,-3612.705,63.684,-127.615,31.310,0.847552,-0.505384,0.161995,0.515522,0.856508,-0.025103,-0.126064,0.104788,0.986472,0,-0.12316,0.86906,11.981,0.236,628.914,407.399,938.965,443.015,691.276,359.141,369.909,623.035,349.797,-1,-1,-1,-1,568.581,616.985,633.995,705.988,0,0,0,0,0,0,0,0,0,2,2,2,2,0,0,0,0
170,-3603.192,70.526,-128.254,31.522,0.845949,-0.508635,0.160190,0.518852,0.854438,-0.027000,-0.123139,0.105956,0.986717,0,-0.12316,0.86906,11.717,0.212,629.842,407.960,939.575,442.496,687.915,359.457,369.894,622.703,351.437,-1,-1,-1,-1,569.325,614.384,634.659,701.758,0,0,0,0,0,0,0,0,0,2,2,2,2,0,0,0,0
171,-3593.913,77.225,-129.065,31.721,0.844527,-0.511743,0.157773,0.522015,0.852431,-0.029347,-0.119473,0.107144,0.987039,0,-0.12316,0.86906,11.445,0.199,632.624,409.251,942.995,442.753,685.674,360.368,370.478,621.970,352.698,-1,-1,-1,-1,571.238,613.064,636.822,698.896,0,0,0,0,0,0,0,0,0,2,2,2,2,0,0,0,0
172,-3584.880,83.760,-130.040,31.914,0.843156,-0.514828,0.155048,0.525103,0.850449,-0.031661,-0.115561,0.108111,0.987399,0,-0.12316,0.86906,11.149,0.193,635.274,410.538,947.231,443.200,683.963,361.299,371.141,620.230,353.820,-1,-1,-1,-1,572.279,612.004,639.102,696.567,0,0,0,0,0,0,0,0,0,2,2,2,2,0,0,0,0
173,-3576.104,90.138,-131.136,32.097,0.841852,-0.517796,0.152228,0.528032,0.848551,-0.033821,-0.111660,0.108854,0.987767,0,-0.12316,0.86906,10.849,0.183,636.956,411.575,950.017,443.576,682.398,362.046,371.680,617.569,354.851,-1,-1,-1,-1,573.052,610.961,640.774,694.348,0,0,0,0,0,0,0,0,0,2,2,2,2,0,0,0,0
174,-3565.891,97.526,-132.531,32.286,0.840514,-0.520949,0.148823,0.531067,0.846566,-0.035963,-0.107254,0.109262,0.988210,0,-0.12316,0.86906,12.605,0.189,637.359,411.766,952.725,443.831,680.646,362.587,372.100,612.680,356.224,-1,-1,-1,-1,573.326,609.613,641.284,691.716,0,0,0,0,0,0,0,0,0,2,2,2,2,0,0,0,0
175,-3559.253,102.253,-133.463,32.385,0.839843,-0.522669,0.146565,0.532671,0.845509,-0.037105,-0.104528,0.109233,0.988505,0,-0.12316,0.86906,8.149,0.099,636.711,411.472,954.371,443.981,679.569,362.790,372.306,608.195,357.271,-1,-1,-1,-1,573.189,608.705,640.919,690.036,0,0,0,0,0,0,0,0,0,2,2,2,2,0,0,0,0
176,-3551.165,107.970,-134.579,32.490,0.839139,-0.524521,0.143959,0.534393,0.844358,-0.038525,-0.101345,0.109259,0.988833,0,-0.12316,0.86906,9.904,0.105,635.828,411.068,956.105,444.057,677.467,362.785,372.485,602.916,358.457,-1,-1,-1,-1,572.957,607.412,640.366,687.688,0,0,0,0,0,0,0,0,0,2,2,2,2,0,0,0,0
177,-3543.335,113.518,-135.591,32.595,0.838411,-0.526277,0.141773,0.536082,0.843210,-0.040171,-0.098403,0.109682,0.989084,0,-0.12316,0.86906,9.596,0.105,635.450,410.766,957.419,443.879,673.921,362.664,372.519,599.052,359.325,-1,-1,-1,-1,572.846,605.797,640.215,684.763,0,0,0,0,0,0,0,0,0,2,2,2,2,0,0,0,0
178,-3535.816,118.908,-136.425,32.709,0.837547,-0.528064,0.140230,0.537875,0.841983,-0.041896,-0.095947,0.110516,0.989232,0,-0.12316,0.86906,9.252,0.114,635.267,410.358,957.372,443.190,669.458,362.371,372.220,596.872,359.996,-1,-1,-1,-1,572.474,603.534,639.875,680.825,0,0,0,0,0,0,0,0,0,2,2,2,2,0,0,0,0
179,-3528.691,124.138,-136.940,32.836,0.836480,-0.529991,0.139322,0.539828,0.840670,-0.043122,-0.094270,0.111280,0.989308,0,-0.12316,0.86906,8.838,0.128,633.852,409.532,955.095,441.561,664.557,361.745,371.577,595.583,361.182,-1,-1,-1,-1,571.235,600.676,638.105,676.128,0,0,0,0,0,0,0,0,0,2,2,2,2,0,0,0,0
180,-3521.905,129.270,-137.152,32.989,0.835166,-0.532251,0.138591,0.542130,0.839124,-0.044335,-0.092698,0.112161,0.989357,0,-0.12316,0.86906,8.508,0.152,633.496,409.121,953.261,440.025,660.180,361.486,371.119,595.698,362.782,-1,-1,-1,-1,570.468,598.250,637.208,671.988,0,0,0,0,0,0,0,0,0,2,2,2,2,0,0,0,0
181,-3515.412,134.733,-137.137,33.234,0.833060,-0.535775,0.137678,0.545846,0.836545,-0.047373,-0.089792,0.114616,0.989344,0,0.35335,1.00000,8.486,0.245,640.837,410.969,956.765,439.618,656.654,362.933,371.902,601.009,363.642,-1,-1,-1,-1,573.162,597.498,643.039,669.598,0,0,0,0,0,0,0,0,0,2,2,2,2,0,0,0,0
182,-3508.815,140.650,-137.075,33.536,0.830531,-0.540254,0.135436,0.550478,0.833234,-0.051912,-0.084805,0.117669,0.989425,0,0.35335,1.00000,8.862,0.302,655.918,415.408,968.720,441.389,656.173,366.626,374.762,608.414,364.484,-1,-1,-1,-1,579.987,599.968,656.404,671.341,0,0,0,0,0,0,0,0,0,2,2,2,2,0,0,0,0
183,-3502.053,146.878,-137.065,33.861,0.827817,-0.545269,0.131912,0.555446,0.829644,-0.056312,-0.078735,0.119886,0.989661,0,0.35335,1.00000,9.193,0.324,672.706,420.674,985.172,444.635,658.660,371.270,378.775,613.592,366.315,-1,-1,-1,-1,588.013,600.927,671.574,677.240,0,0,0,0,0,0,0,0,0,2,2,2,2,0,1,0,0
184,-3495.211,153.433,-137.165,34.201,0.824904,-0.550646,0.127761,0.560620,0.825885,-0.060167,-0.072385,0.121258,0.989978,0,0.35335,1.00000,9.475,0.340,688.033,425.686,1002.129,448.282,662.567,375.871,382.966,616.130,368.992,-1,-1,-1,-1,595.390,586.125,685.715,683.487,0,0,0,0,0,0,0,0,0,2,2,2,2,0,1,0,1
185,-3488.315,160.316,-137.438,34.554,0.821776,-0.556286,0.123412,0.565932,0.822037,-0.063060,-0.066370,0.121664,0.990350,0,0.35335,1.00000,9.743,0.353,699.212,429.445,-1,451.476,666.744,379.582,386.525,615.348,372.461,-1,-1,-1,-1,600.476,571.034,696.354,668.052,0,0,2,0,0,0,0,0,0,2,2,2,2,0,1,0,1
186,-3481.411,167.527,-137.900,34.928,0.818351,-0.562220,0.119206,0.571487,0.818019,-0.065177,-0.060869,0.121463,0.990728,0,0.35335,1.00000,9.984,0.374,706.134,431.757,-1,453.776,670.668,382.160,389.121,612.174,376.352,-1,-1,-1,-1,603.548,621.380,703.024,652.181,0,0,2,0,0,0,0,0,0,2,2,2,2,0,0,0,1
187,-3473.142,176.564,-138.618,35.411,0.813786,-0.569786,0.114438,0.578556,0.812909,-0.066731,-0.055005,0.120514,0.991187,0,0.35335,1.00000,12.249,0.483,709.004,431.625,-1,455.663,674.888,383.812,390.994,605.799,381.555,-1,-1,-1,-1,604.445,625.548,705.722,632.578,0,0,2,0,0,0,0,0,0,2,2,2,2,0,0,0,1
188,-3467.646,182.797,-139.137,35.755,0.810449,-0.575121,0.111396,0.583543,0.809293,-0.067247,-0.051477,0.119505,0.991498,0,0.35335,1.00000,8.311,0.344,708.230,430.566,-1,456.382,677.463,383.788,391.562,600.379,385.454,-1,-1,-1,-1,603.629,627.660,704.768,619.196,0,0,2,0,0,0,0,0,0,2,2,2,2,0,0,0,1
189,-3460.750,190.842,-139.810,36.205,0.806026,-0.582037,0.107493,0.590022,0.804512,-0.068074,-0.046858,0.118292,0.991873,0,0.35335,1.00000,10.595,0.450,707.760,429.293,-1,457.387,680.995,383.323,392.066,593.702,390.434,-1,-1,-1,-1,602.763,630.580,704.050,602.190,0,0,2,0,0,0,0,0,0,2,2,2,2,0,0,0,1
190,-3453.753,199.198,-140.569,36.656,0.801560,-0.588958,0.103107,0.596504,0.799527,-0.070276,-0.041047,0.117834,0.992185,0,0.35335,1.00000,10.899,0.451,713.446,429.641,-1,459.479,685.377,384.082,393.666,588.827,394.731,-1,-1,-1,-1,604.613,635.266,709.303,585.093,0,0,2,0,0,0,0,0,0,2,2,2,2,0,0,0,1
191,-3446.681,207.802,-141.371,37.125,0.796855,-0.596140,0.098176,0.603194,0.794227,-0.073213,-0.034329,0.117559,0.992472,0,0.35335,1.00000,11.138,0.469,724.014,431.067,-1,462.603,691.666,385.725,396.171,584.396,399.017,-1,-1,-1,-1,608.300,641.939,718.124,567.814,0,0,2,0,0,0,0,0,0,2,2,2,2,0,0,0,1
192,-3439.533,216.552,-142.101,37.590,0.792091,-0.603351,0.092519,0.609781,0.788983,-0.075321,-0.027551,0.116077,0.992858,0,0.35335,1.00000,11.298,0.466,734.315,432.207,-1,466.525,658.715,387.406,399.070,576.994,404.719,-1,-1,-1,-1,611.467,650.104,725.456,550.680,0,0,2,0,1,0,0,0,0,2,2,2,2,0,0,0,1
193,-3432.326,225.565,-142.787,38.064,0.787165,-0.610673,0.086310,0.616412,0.783580,-0.077708,-0.020176,0.114371,0.993233,0,0.35335,1.00000,11.541,0.473,747.442,434.030,-1,471.503,636.040,389.774,402.790,569.238,410.962,-1,-1,-1,-1,615.508,660.082,735.247,533.496,0,0,2,0,1,0,0,0,0,2,2,2,2,0,0,0,1
194,-3425.465,234.979,-143.432,38.637,0.781051,-0.619177,0.081114,0.624342,0.776878,-0.081592,-0.012496,0.114371,0.993360,0,0.35335,1.00000,11.648,0.574,769.077,436.566,-1,475.607,611.962,392.354,406.348,566.342,415.896,-1,-1,-1,871.675,620.888,669.780,749.228,515.379,0,0,2,0,1,0,0,0,0,2,2,2,0,0,0,0,1
195,-3418.781,244.685,-143.997,39.268,0.774184,-0.628372,0.076074,0.632944,0.769403,-0.086028,-0.004474,0.114752,0.993384,0,0.35335,1.00000,11.785,0.631,807.081,439.617,-1,479.278,587.414,395.300,410.275,564.490,420.888,-1,-1,-1,777.970,627.522,680.445,766.112,496.883,0,0,2,0,1,0,0,0,0,2,2,2,0,0,0,0,1
196,-3412.309,254.620,-144.329,39.945,0.766654,-0.637999,0.072110,0.642054,0.761285,-0.090617,0.002918,0.115771,0.993272,0,0.35335,1.00000,11.857,0.677,-1,441.666,-1,482.169,562.626,397.309,412.098,564.899,425.773,-1,-1,-1,707.278,633.690,689.152,790.018,478.131,2,0,2,0,1,0,0,0,0,2,2,2,0,0,0,0,1
197,-3405.943,264.632,-144.317,40.628,0.758917,-0.647495,0.069249,0.651119,0.752991,-0.095123,0.009448,0.117280,0.993054,0,0.35335,1.00000,11.864,0.683,-1,443.441,-1,484.349,538.293,398.141,413.249,567.504,430.723,-1,-1,-1,673.698,639.256,694.216,814.363,459.570,2,0,2,0,1,0,0,0,0,2,2,2,0,0,0,0,1
198,-3399.631,274.651,-143.961,41.306,0.751108,-0.656742,0.067282,0.660003,0.744640,-0.099536,0.015269,0.119169,0.992757,0,0.35335,1.00000,11.841,0.678,-1,445.196,-1,486.100,514.587,398.833,414.140,572.095,435.814,-1,-1,-1,646.029,644.549,698.284,839.188,441.323,2,0,2,0,1,0,0,0,0,2,2,2,0,0,0,0,1
199,-3393.417,284.668,-143.321,41.978,0.743245,-0.665782,0.065735,0.668698,0.736253,-0.103795,0.020708,0.121102,0.992424,0,0.35335,1.00000,11.788,0.672,-1,447.341,-1,487.931,491.584,399.642,415.123,577.758,440.241,-1,-1,-1,628.130,649.900,702.281,946.737,423.465,2,0,2,0,1,0,0,0,0,2,2,2,0,0,0,0,1
200,-3387.067,294.643,-142.522,42.617,0.735645,-0.674353,0.063821,0.676854,0.728153,-0.107991,0.026352,0.122641,0.992101,0,0.35335,1.00000,11.825,0.639,-1,450.137,-1,490.130,469.520,401.107,416.916,582.977,444.467,-1,-1,-1,616.280,656.483,707.974,-1,406.142,2,0,2,0,1,0,0,0,0,2,2,2,0,0,0,2,1
201,-3380.706,304.636,-141.617,43.243,0.728088,-0.682673,0.062010,0.684741,0.720109,-0.112131,0.031894,0.124102,0.991757,0,0.35335,1.00000,11.846,0.626,-1,453.094,-1,491.871,448.050,402.714,418.690,588.385,448.968,-1,-1,-1,608.285,663.585,713.600,-1,389.135,2,0,2,0,1,0,0,0,0,2,2,2,0,0,0,2,1
202,-3374.396,314.693,-140.717,43.854,0.720600,-0.690706,0.060513,0.692346,0.712109,-0.116439,0.037333,0.125801,0.991353,0,0.35335,1.00000,11.872,0.612,-1,456.108,-1,493.220,427.111,404.297,419.847,594.429,453.169,-1,-1,712.070,600.417,670.921,716.410,-1,372.405,2,0,2,0,1,0,0,0,0,2,2,0,0,0,0,2,1
203,-3368.009,324.746,-139.868,44.436,0.713385,-0.698295,0.058866,0.699484,0.704466,-0.120205,0.042470,0.126928,0.991002,0,0.35335,1.00000,11.911,0.582,-1,458.204,-1,494.170,406.847,405.389,420.004,598.744,457.879,-1,-1,641.883,594.698,677.197,718.769,-1,680.309,2,0,2,0,1,0,0,0,0,2,2,0,0,0,0,2,1
204,-3361.572,334.896,-139.107,44.997,0.706346,-0.705544,0.057295,0.706265,0.696994,-0.124050,0.047588,0.128087,0.990621,0,0.35335,1.00000,12.019,0.560,-1,460.211,-1,494.990,387.011,406.044,420.055,603.000,462.380,-1,-1,594.383,588.944,685.272,720.662,-1,992.489,2,0,2,0,1,0,0,0,0,2,2,0,0,0,0,2,0
205,-3355.178,345.155,-138.414,45.557,0.699240,-0.712682,0.056115,0.712957,0.689434,-0.127959,0.052506,0.129481,0.990191,0,0.35335,1.00000,12.089,0.560,-1,461.914,-1,495.267,367.381,406.421,419.702,608.508,466.494,-1,-1,572.531,583.792,693.937,721.616,-1,1000.232,2,0,2,0,1,0,0,0,0,2,2,0,0,0,0,2,0
206,-3349.097,355.546,-137.746,46.165,0.691469,-0.720233,0.055995,0.720169,0.681157,-0.131841,0.056815,0.131490,0.989688,0,0.35335,1.00000,12.039,0.608,-1,463.021,-1,494.040,347.585,405.911,418.282,616.160,469.902,-1,713.892,556.038,580.470,701.385,719.840,-1,998.636,2,0,2,0,1,0,0,0,0,2,0,0,0,0,0,2,0
207,-3343.584,366.049,-137.036,46.850,0.682660,-0.728541,0.056608,0.728224,0.671849,-0.135311,0.060548,0.133595,0.989185,0,0.35335,1.00000,11.862,0.685,-1,463.239,-1,490.528,327.686,404.526,415.940,624.919,472.229,-1,656.122,544.700,578.736,707.073,715.729,-1,991.155,2,0,2,0,1,0,0,0,0,2,0,0,0,0,0,2,0
208,-3337.215,378.306,-136.212,47.635,0.672454,-0.738030,0.055834,0.737342,0.661451,-0.137148,0.064288,0.133394,0.988976,0,-0.09311,0.40325,13.813,0.786,-1,461.409,-1,486.877,305.298,401.888,412.904,626.521,472.979,-1,637.407,536.979,583.749,708.966,711.546,-1,986.475,2,0,2,0,1,0,0,0,0,2,0,0,0,0,0,2,0
209,-3332.776,385.919,-135.709,48.003,0.667606,-0.742592,0.053472,0.741542,0.656810,-0.136808,0.066471,0.130986,0.989153,0,-0.09311,0.40325,8.813,0.368,-1,459.301,-1,485.890,292.473,400.145,411.570,619.258,475.904,-1,626.444,535.096,591.173,707.603,711.263,-1,991.882,2,0,2,0,1,0,0,0,0,2,0,0,0,0,0,2,0
210,-3327.149,394.900,-135.098,48.336,0.663157,-0.746802,0.050101,0.745264,0.652628,-0.136595,0.069312,0.127923,0.989359,0,-0.09311,0.40325,10.598,0.333,-1,457.424,-1,485.528,336.574,398.733,410.550,609.562,479.768,-1,611.848,532.647,599.702,710.143,712.774,-1,1003.285,2,0,2,0,1,0,0,0,0,2,0,0,0,0,0,2,0
211,-3321.606,403.373,-134.482,48.606,0.659500,-0.750191,0.047682,0.748207,0.648997,-0.137802,0.072432,0.126556,0.989311,0,-0.09311,0.40325,10.125,0.269,-1,457.225,-1,485.404,476.013,398.355,410.053,605.222,481.634,-1,596.657,529.623,604.006,724.456,714.574,-1,-1,2,0,2,0,1,0,0,0,0,2,0,0,0,0,0,2,2
212,-3316.215,411.379,-133.868,48.858,0.656038,-0.753282,0.046683,0.750918,0.645270,-0.140529,0.075735,0.127247,0.988975,0,-0.09311,0.40325,9.651,0.252,-1,458.536,-1,484.943,498.800,398.748,409.798,607.482,480.957,-1,584.338,525.077,603.717,744.227,715.534,-1,-1,2,0,2,0,1,0,0,0,0,2,0,0,0,0,0,2,2
213,-3310.997,418.900,-133.212,49.094,0.652774,-0.756114,0.046664,0.753425,0.641563,-0.144040,0.078973,0.129184,0.988471,0,-0.09311,0.40325,9.154,0.236,-1,460.782,-1,484.251,502.260,399.497,409.685,613.372,478.843,-1,577.858,520.541,601.075,767.602,715.830,-1,-1,2,0,2,0,1,0,0,0,0,2,0,0,0,0,0,2,2
214,-3305.989,425.948,-132.486,49.317,0.649684,-0.758743,0.047103,0.755775,0.637980,-0.147603,0.081942,0.131495,0.987924,0,-0.09311,0.40325,8.646,0.223,-1,463.286,-1,483.471,505.622,400.402,409.619,620.667,476.441,-1,573.285,517.192,598.250,813.546,715.738,-1,-1,2,0,2,0,1,0,0,0,0,2,0,0,0,0,0,2,2
215,-3301.275,432.545,-131.667,49.526,0.646784,-0.761189,0.047553,0.757984,0.634654,-0.150578,0.084438,0.133436,0.987454,0,-0.09311,0.40325,8.108,0.209,-1,465.404,-1,482.695,513.309,401.179,409.485,627.416,474.721,-1,571.286,515.776,597.143,-1,715.446,-1,-1,2,0,2,0,1,0,0,0,0,2,0,0,0,2,0,2,2
216,-3296.947,438.722,-130.735,49.725,0.644043,-0.763505,0.047630,0.760099,0.631654,-0.152525,0.086368,0.134436,0.987151,0,-0.09311,0.40325,7.543,0.199,-1,466.711,-1,481.995,525.413,401.585,409.262,631.843,474.423,-1,572.034,516.944,598.922,-1,715.508,-1,-1,2,0,2,0,1,0,0,0,0,2,0,0,0,2,0,2,2
217,-3292.964,444.550,-129.780,49.913,0.641441,-0.765719,0.047192,0.762099,0.628930,-0.153795,0.088083,0.134615,0.986975,0,-0.09311,0.40325,7.058,0.189,-1,467.578,-1,481.664,1000.419,401.874,409.166,633.929,475.239,-1,573.288,518.952,602.375,-1,716.256,-1,-1,2,0,2,0,0,0,0,0,0,2,0,0,0,2,0,2,2
218,-3289.328,450.039,-128.848,50.092,0.638957,-0.767846,0.046334,0.763967,0.626381,-0.154926,0.089936,0.134389,0.986839,0,-0.09311,0.40325,6.584,0.179,-1,468.753,-1,481.973,1007.775,402.453,409.486,634.842,475.392,-1,573.215,520.093,605.922,-1,718.200,-1,-1,2,0,2,0,0,0,0,0,0,2,0,0,0,2,0,2,2
219,-3285.992,455.155,-127.968,50.253,0.636681,-0.769809,0.045077,0.765605,0.624057,-0.156211,0.092122,0.133967,0.986695,0,-0.09311,0.40325,6.108,0.161,-1,470.542,-1,483.115,-1,403.588,410.430,635.129,475.558,-1,570.819,519.453,608.687,-1,721.750,-1,-1,2,0,2,0,2,0,0,0,0,2,0,0,0,2,0,2,2
220,-3282.896,459.898,-127.192,50.389,0.634730,-0.771497,0.043712,0.766951,0.622063,-0.157558,0.094364,0.133531,0.986542,0,-0.09311,0.40325,5.664,0.136,-1,472.490,-1,484.520,-1,404.884,411.568,635.049,475.752,-1,567.339,517.868,610.734,-1,725.798,-1,-1,2,0,2,0,2,0,0,0,0,2,0,0,0,2,0,2,2
221,-3280.031,464.281,-126.560,50.509,0.632993,-0.772987,0.042561,0.768135,0.620276,-0.158827,0.096372,0.133229,0.986389,0,-0.09311,0.40325,5.236,0.120,-1,474.080,-1,485.539,-1,405.885,412.402,634.935,475.623,-1,564.643,516.264,612.299,-1,729.068,-1,-1,2,0,2,0,2,0,0,0,0,2,0,0,0,2,0,2,2
222,-3277.377,468.301,-126.072,50.618,0.631431,-0.774312,0.041657,0.769207,0.618664,-0.159923,0.098058,0.133023,0.986250,0,-0.09311,0.40325,4.817,0.109,-1,475.135,-1,486.033,-1,406.460,412.813,634.672,475.205,-1,562.468,514.977,613.640,-1,731.267,-1,-1,2,0,2,0,2,0,0,0,0,2,0,0,0,2,0,2,2
223,-3274.933,471.963,-125.699,50.718,0.630004,-0.775507,0.041031,0.770204,0.617185,-0.160836,0.099406,0.132930,0.986128,0,-0.09311,0.40325,4.403,0.100,-1,475.680,-1,486.000,-1,406.624,412.807,634.435,474.523,-1,561.028,514.192,614.862,-1,732.359,-1,-1,2,0,2,0,2,0,0,0,0,2,0,0,0,2,0,2,2
224,-3272.699,475.280,-125.400,50.809,0.628710,-0.776577,0.040642,0.771123,0.615836,-0.161605,0.100470,0.132942,0.986018,0,-0.09311,0.40325,3.999,0.091,-1,475.880,-1,485.602,-1,406.515,412.521,634.358,473.672,-1,560.264,513.878,615.992,-1,732.630,-1,-1,2,0,2,0,2,0,0,0,0,2,0,0,0,2,0,2,2
