timestep,x_cm,y_cm,z_cm,yaw_deg,basis_xx,basis_xy,basis_xz,basis_yx,basis_yy,basis_yz,basis_zx,basis_zy,basis_zz,teleport_flag,throttle_cmd,steering_cmd,cmd_move_cm,cmd_turn_deg,lidar_cm_0,lidar_cm_1,lidar_cm_2,lidar_cm_3,lidar_cm_4,lidar_cm_5,lidar_cm_6,lidar_cm_7,lidar_cm_8,lidar_cm_9,lidar_cm_10,lidar_cm_11,lidar_cm_12,lidar_cm_13,lidar_cm_14,lidar_cm_15,lidar_cm_16,lidar_class_0,lidar_class_1,lidar_class_2,lidar_class_3,lidar_class_4,lidar_class_5,lidar_class_6,lidar_class_7,lidar_class_8,lidar_class_9,lidar_class_10,lidar_class_11,lidar_class_12,lidar_class_13,lidar_class_14,lidar_class_15,lidar_class_16
0,6230.906,-7538.436,299.454,95.103,-0.085560,-0.994877,-0.053837,0.994131,-0.088837,0.061745,-0.066211,-0.048238,0.996639,1,0.08000,0.12000,4.800,0.240,325.000,300.000,-1,375.000,-1,275.000,300.000,250.000,550.000,-1,-1,475.000,225.000,475.000,675.000,350.000,-1,0,0,2,0,2,0,0,0,0,2,2,1,1,0,0,0,2
1,6229.975,-7528.882,298.668,95.583,-0.094228,-0.994243,-0.051019,0.993521,-0.097183,0.058924,-0.063543,-0.045137,0.996958,0,0.16000,0.24000,9.600,0.480,325.000,300.000,-1,375.000,-1,275.000,300.000,250.000,525.000,-1,-1,350.000,225.000,475.000,675.000,375.000,-1,0,0,2,0,2,0,0,0,0,2,2,1,1,0,0,0,2
2,6228.398,-7514.569,297.458,96.303,-0.107201,-0.993146,-0.046573,0.992460,-0.109691,0.054688,-0.059422,-0.040359,0.997417,0,0.24000,0.36000,14.400,0.720,350.000,300.000,-1,375.000,-1,275.000,300.000,250.000,525.000,-1,-1,300.000,250.000,500.000,675.000,400.000,-1,0,0,2,0,2,0,0,0,0,2,2,1,1,0,0,0,2
3,6225.982,-7495.523,295.796,97.242,-0.124079,-0.991456,-0.040251,0.990816,-0.125992,0.049093,-0.053745,-0.033789,0.997983,0,0.32000,0.46976,19.200,0.940,400.000,300.000,-1,375.000,-1,275.000,300.000,250.000,500.000,-1,-1,250.000,250.000,500.000,675.000,450.000,-1,0,0,2,0,2,0,0,0,0,2,2,1,1,0,0,0,2
4,6222.566,-7471.768,293.679,98.195,-0.141212,-0.989469,-0.031771,0.988882,-0.142494,0.042520,-0.046600,-0.025413,0.998590,0,0.40000,0.47632,24.000,0.953,450.000,325.000,-1,375.000,-1,275.000,300.000,250.000,475.000,-1,975.000,225.000,250.000,525.000,700.000,525.000,-1,0,0,2,0,2,0,0,0,0,2,1,1,1,0,0,0,2
5,6217.983,-7443.336,291.126,99.164,-0.158576,-0.987121,-0.021135,0.986615,-0.159246,0.035098,-0.038012,-0.015287,0.999160,0,0.48000,0.48470,28.800,0.969,550.000,325.000,-1,375.000,-1,275.000,300.000,275.000,450.000,-1,750.000,175.000,275.000,550.000,700.000,625.000,-1,0,0,2,0,2,0,0,0,0,2,1,1,1,0,0,0,2
6,6212.062,-7410.263,288.173,100.154,-0.176131,-0.984331,-0.008409,0.983967,-0.176296,0.026994,-0.028054,-0.003520,0.999600,0,0.56000,0.49497,33.600,0.990,800.000,350.000,-1,375.000,-1,300.000,300.000,275.000,400.000,-1,575.000,150.000,300.000,575.000,700.000,825.000,-1,0,0,2,0,2,0,0,0,0,2,1,1,1,0,0,0,2
7,6204.624,-7372.591,284.876,101.169,-0.193829,-0.981015,0.006266,0.980891,-0.193687,0.018416,-0.016852,0.009716,0.999811,0,0.64000,0.50720,38.400,1.014,-1,350.000,-1,375.000,-1,300.000,300.000,275.000,375.000,-1,475.000,125.000,325.000,625.000,725.000,-1,-1,2,0,2,0,2,0,0,0,0,2,1,1,1,0,0,2,2
8,6196.282,-7334.059,281.584,102.211,-0.211642,-0.977114,0.021355,0.977332,-0.211465,0.010258,-0.005507,0.023042,0.999719,0,0.65708,0.52146,39.425,1.043,-1,375.000,-1,400.000,-1,300.000,325.000,300.000,350.000,-1,400.000,100.000,350.000,675.000,725.000,-1,-1,2,0,2,0,2,0,0,0,0,2,1,1,1,0,0,2,2
9,6187.161,-7295.450,278.393,103.284,-0.229579,-0.972607,0.036449,0.973274,-0.229633,0.002755,0.005691,0.036107,0.999332,0,0.66119,0.53638,39.672,1.073,-1,375.000,-1,400.000,-1,325.000,325.000,300.000,300.000,-1,325.000,75.000,375.000,725.000,750.000,-1,-1,2,0,2,0,2,0,0,0,0,2,1,1,1,0,0,2,2
10,6177.871,-7258.516,278.125,104.117,-0.243586,-0.969081,0.039352,0.969844,-0.243722,0.001376,0.008258,0.038501,0.999224,0,0.63475,0.41638,38.085,0.833,-1,375.000,-1,400.000,-1,325.000,325.000,300.000,300.000,-1,325.000,100.000,425.000,725.000,750.000,-1,-1,2,0,2,0,2,0,0,0,0,2,1,1,1,0,0,2,2
11,6168.105,-7221.318,278.511,104.710,-0.253568,-0.966503,0.039694,0.967274,-0.253734,0.000881,0.009220,0.038618,0.999212,0,0.64098,0.29638,38.459,0.593,-1,375.000,-1,400.000,-1,325.000,325.000,300.000,300.000,-1,325.000,125.000,475.000,725.000,750.000,-1,-1,2,0,2,0,2,0,0,0,0,2,1,1,1,0,0,2,2
12,6157.995,-7183.751,278.916,105.063,-0.259485,-0.964916,0.040060,0.965695,-0.259678,0.000391,0.010025,0.038787,0.999197,0,0.64840,0.17638,38.904,0.353,-1,375.000,-1,400.000,-1,325.000,325.000,300.000,300.000,-1,350.000,175.000,550.000,725.000,750.000,-1,-1,2,0,2,0,2,0,0,0,0,2,1,1,1,0,0,2,2
13,6147.678,-7145.716,279.350,105.175,-0.261358,-0.964393,0.040480,0.965183,-0.261574,-0.000041,0.010629,0.039060,0.999180,0,0.65682,0.05638,39.409,0.113,-1,375.000,-1,400.000,-1,325.000,325.000,300.000,300.000,-1,400.000,200.000,600.000,725.000,750.000,-1,-1,2,0,2,0,2,0,0,0,0,2,1,1,1,0,0,2,2
14,6137.302,-7107.120,279.805,105.048,-0.259194,-0.964957,0.040943,0.965762,-0.259428,-0.000413,0.011020,0.039435,0.999161,0,0.66610,-0.06362,39.966,-0.127,-1,375.000,-1,400.000,-1,325.000,325.000,300.000,300.000,-1,425.000,250.000,675.000,725.000,750.000,-1,-1,2,0,2,0,2,0,0,0,0,2,1,1,1,0,0,2,2
15,6127.021,-7067.879,280.262,104.681,-0.252986,-0.966584,0.041398,0.967405,-0.253234,-0.000771,0.011229,0.039854,0.999142,0,0.67609,-0.18362,40.566,-0.367,-1,375.000,-1,400.000,-1,325.000,325.000,300.000,300.000,-1,475.000,275.000,725.000,750.000,750.000,-1,-1,2,0,2,0,2,0,0,0,0,2,1,1,1,0,0,2,2
16,6117.001,-7027.913,280.716,104.074,-0.242713,-0.969195,0.041845,0.970033,-0.242971,-0.001117,0.011250,0.040319,0.999124,0,0.68671,-0.30362,41.203,-0.607,-1,375.000,-1,400.000,-1,325.000,325.000,300.000,300.000,-1,550.000,325.000,775.000,750.000,750.000,-1,-1,2,0,2,0,2,0,0,0,0,2,1,1,1,0,0,2,2
17,6107.421,-6987.151,281.160,103.226,-0.228345,-0.972662,0.042279,0.973517,-0.228609,-0.001450,0.011075,0.040829,0.999105,0,0.69787,-0.42362,41.872,-0.847,-1,400.000,-1,400.000,-1,325.000,325.000,300.000,300.000,-1,625.000,375.000,825.000,750.000,750.000,-1,-1,2,0,2,0,2,0,0,0,0,2,1,1,1,0,0,2,2
18,6097.703,-6943.745,281.622,102.619,-0.218010,-0.975011,0.042729,0.975884,-0.218283,-0.001788,0.011070,0.041308,0.999085,0,0.74134,-0.30362,44.481,-0.607,-1,400.000,-1,400.000,-1,325.000,325.000,300.000,300.000,-1,700.000,425.000,875.000,750.000,750.000,-1,-1,2,0,2,0,2,0,0,0,0,2,1,1,1,0,0,2,2
19,6088.113,-6899.575,282.091,102.250,-0.211698,-0.976381,0.043175,0.977271,-0.211985,-0.002117,0.011219,0.041746,0.999065,0,0.75331,-0.18482,45.199,-0.370,-1,400.000,-1,400.000,-1,325.000,325.000,300.000,300.000,-1,775.000,450.000,925.000,750.000,750.000,-1,-1,2,0,2,0,2,0,0,0,0,2,1,1,1,0,0,2,2
20,6078.632,-6854.651,282.564,101.916,-0.205994,-0.977581,0.043617,0.978487,-0.206294,-0.002435,0.011378,0.042177,0.999045,0,0.76522,-0.16676,45.913,-0.334,-1,400.000,-1,400.000,-1,325.000,325.000,300.000,300.000,-1,850.000,500.000,975.000,750.000,750.000,-1,-1,2,0,2,0,2,0,0,0,0,2,1,1,1,0,0,2,2
21,6069.238,-6808.966,283.043,101.619,-0.200911,-0.978618,0.044056,0.979541,-0.201224,-0.002742,0.011549,0.042603,0.999025,0,0.77735,-0.14839,46.641,-0.297,-1,400.000,-1,400.000,-1,325.000,325.000,300.000,300.000,-1,925.000,550.000,-1,750.000,750.000,-1,-1,2,0,2,0,2,0,0,0,0,2,1,1,2,0,0,2,2
22,6059.905,-6762.511,283.529,101.360,-0.196462,-0.979502,0.044491,0.980441,-0.196788,-0.003038,0.011731,0.043024,0.999005,0,0.78971,-0.12969,47.383,-0.259,-1,400.000,-1,400.000,-1,325.000,325.000,300.000,300.000,-1,975.000,600.000,-1,750.000,750.000,-1,-1,2,0,2,0,2,0,0,0,0,2,1,1,2,0,0,2,2
23,6050.605,-6715.279,284.025,101.139,-0.192659,-0.980237,0.044920,0.981193,-0.192999,-0.003326,0.011930,0.043435,0.998985,0,0.80232,-0.11067,48.139,-0.221,-1,400.000,-1,400.000,-1,325.000,325.000,300.000,300.000,-1,-1,650.000,-1,775.000,750.000,-1,-1,2,0,2,0,2,0,0,0,0,2,2,1,2,0,0,2,2
24,6041.309,-6667.260,284.532,100.956,-0.189516,-0.980830,0.045344,0.981802,-0.189871,-0.003607,0.012147,0.043835,0.998965,0,0.81518,-0.09130,48.911,-0.183,-1,400.000,-1,400.000,-1,325.000,325.000,300.000,300.000,-1,-1,700.000,-1,775.000,750.000,-1,-1,2,0,2,0,2,0,0,0,0,2,2,1,2,0,0,2,2
25,6031.985,-6618.443,285.049,100.813,-0.187047,-0.981284,0.045764,0.982273,-0.187416,-0.003870,0.012375,0.044229,0.998945,0,0.82831,-0.07159,49.699,-0.143,-1,400.000,-1,400.000,-1,325.000,325.000,300.000,300.000,-1,-1,750.000,-1,775.000,750.000,-1,-1,2,0,2,0,2,0,0,0,0,2,2,1,2,0,0,2,2
26,6022.600,-6568.820,285.677,100.710,-0.185279,-0.981619,0.045787,0.982608,-0.185651,-0.003958,0.012386,0.044258,0.998943,0,0.84172,-0.05152,50.503,-0.103,-1,400.000,-1,400.000,-1,325.000,325.000,325.000,300.000,-1,-1,800.000,-1,775.000,750.000,-1,-1,2,0,2,0,2,0,0,0,0,2,2,1,2,0,0,2,2
27,6013.117,-6518.378,286.326,100.648,-0.184211,-0.981819,0.045793,0.982808,-0.184585,-0.004057,0.012436,0.044259,0.998943,0,0.85542,-0.03109,51.325,-0.062,-1,400.000,-1,400.000,-1,325.000,325.000,325.000,300.000,-1,-1,850.000,-1,775.000,750.000,-1,-1,2,0,2,0,2,0,0,0,0,2,2,1,2,0,0,2,2
28,6003.497,-6467.107,286.980,100.627,-0.183856,-0.981887,0.045774,0.982874,-0.184234,-0.004133,0.012491,0.044231,0.998943,0,0.86944,-0.01027,52.166,-0.021,-1,400.000,-1,400.000,-1,325.000,325.000,325.000,300.000,-1,-1,900.000,-1,775.000,750.000,-1,-1,2,0,2,0,2,0,0,0,0,2,2,1,2,0,0,2,2
29,5993.698,-6414.994,287.642,100.649,-0.184229,-0.981819,0.045736,0.982803,-0.184609,-0.004195,0.012562,0.044177,0.998945,0,0.88377,0.01094,53.026,0.022,-1,400.000,-1,400.000,-1,325.000,325.000,325.000,300.000,-1,-1,950.000,-1,775.000,750.000,-1,-1,2,0,2,0,2,0,0,0,0,2,2,1,2,0,0,2,2
30,5983.677,-6362.027,288.318,100.714,-0.185342,-0.981611,0.045690,0.982593,-0.185725,-0.004248,0.012656,0.044107,0.998947,0,0.89844,0.03254,53.906,0.065,-1,400.000,-1,400.000,-1,325.000,325.000,325.000,300.000,-1,-1,1000.000,-1,775.000,750.000,-1,-1,2,0,2,0,2,0,0,0,0,2,2,1,2,0,0,2,2
31,5973.385,-6308.195,289.008,100.823,-0.187208,-0.981260,0.045637,0.982237,-0.187595,-0.004294,0.012774,0.044023,0.998949,0,0.91346,0.05456,54.807,0.109,-1,400.000,-1,400.000,-1,325.000,325.000,325.000,300.000,-1,-1,-1,-1,800.000,775.000,-1,-1,2,0,2,0,2,0,0,0,0,2,2,2,2,0,0,2,2
32,5962.773,-6253.484,289.716,100.977,-0.189843,-0.980756,0.045577,0.981730,-0.190232,-0.004330,0.012916,0.043923,0.998951,0,0.92883,0.07700,55.730,0.154,-1,400.000,-1,400.000,-1,325.000,325.000,325.000,300.000,-1,-1,-1,-1,800.000,775.000,-1,-1,2,0,2,0,2,0,0,0,0,2,2,2,2,0,0,2,2
33,5951.787,-6197.884,290.444,101.177,-0.193258,-0.980092,0.045510,0.981061,-0.193652,-0.004356,0.013082,0.043806,0.998954,0,0.94459,0.09988,56.675,0.200,-1,400.000,-1,400.000,-1,325.000,325.000,325.000,300.000,-1,-1,-1,-1,800.000,775.000,-1,-1,2,0,2,0,2,0,0,0,0,2,2,2,2,0,0,2,2
34,5940.410,-6141.538,291.190,101.415,-0.197337,-0.979282,0.045435,0.980246,-0.197734,-0.004371,0.013264,0.043675,0.998958,0,0.95804,0.11933,57.483,0.239,-1,400.000,-1,400.000,-1,325.000,325.000,325.000,300.000,-1,-1,-1,-1,800.000,775.000,-1,-1,2,0,2,0,2,0,0,0,0,2,2,2,2,0,0,2,2
35,5928.799,-6085.241,291.947,101.654,-0.201412,-0.978456,0.045353,0.979414,-0.201812,-0.004375,0.013433,0.043538,0.998961,0,0.95804,0.11933,57.483,0.239,-1,400.000,-1,400.000,-1,325.000,325.000,325.000,300.000,-1,-1,-1,-1,800.000,775.000,-1,-1,2,0,2,0,2,0,0,0,0,2,2,2,2,0,0,2,2
36,5916.953,-6028.992,292.714,101.893,-0.205486,-0.977613,0.045253,0.978566,-0.205888,-0.004361,0.013580,0.043387,0.998966,0,0.95804,0.11933,57.483,0.239,-1,400.000,-1,400.000,-1,325.000,325.000,325.000,300.000,-1,-1,-1,-1,800.000,775.000,-1,-1,2,0,2,0,2,0,0,0,0,2,2,2,2,0,0,2,2
37,5906.097,-5977.440,293.414,101.891,-0.205467,-0.977623,0.045141,0.978571,-0.205866,-0.004332,0.013528,0.043283,0.998971,0,0.87804,-0.00067,52.683,-0.001,-1,400.000,-1,400.000,-1,325.000,325.000,325.000,300.000,-1,-1,-1,-1,800.000,775.000,-1,-1,2,0,2,0,2,0,0,0,0,2,2,2,2,0,0,2,2
38,5895.682,-5926.927,294.038,101.650,-0.201369,-0.978493,0.044748,0.979429,-0.201749,-0.004097,0.013036,0.043003,0.998990,0,0.85959,-0.12067,51.575,-0.241,-1,400.000,-1,400.000,-1,325.000,325.000,325.000,300.000,-1,-1,-1,-1,800.000,775.000,-1,-1,2,0,2,0,2,0,0,0,0,2,2,2,2,0,0,2,2
39,5885.692,-5876.329,294.632,101.169,-0.193167,-0.980158,0.044462,0.981089,-0.193522,-0.003790,0.012319,0.042889,0.999004,0,0.85959,-0.24067,51.575,-0.481,-1,400.000,-1,400.000,-1,325.000,325.000,325.000,300.000,-1,-1,-1,-1,800.000,775.000,-1,-1,2,0,2,0,2,0,0,0,0,2,2,2,2,0,0,2,2
40,5876.340,-5825.608,295.198,100.447,-0.180839,-0.982519,0.044196,0.983446,-0.181168,-0.003528,0.011473,0.042827,0.999017,0,0.85959,-0.36067,51.575,-0.721,-1,400.000,-1,400.000,-1,325.000,325.000,325.000,300.000,-1,-1,-1,-1,800.000,775.000,-1,-1,2,0,2,0,2,0,0,0,0,2,2,2,2,0,0,2,2
41,5867.840,-5774.738,295.729,99.486,-0.164357,-0.985421,0.043963,0.986345,-0.164658,-0.003292,0.010483,0.042821,0.999028,0,0.85959,-0.48067,51.575,-0.961,-1,400.000,-1,400.000,-1,325.000,325.000,325.000,300.000,-1,-1,-1,-1,800.000,775.000,-1,-1,2,0,2,0,2,0,0,0,0,2,2,2,2,0,0,2,2
42,5860.196,-5723.733,296.226,98.524,-0.147806,-0.988048,0.043763,0.988971,-0.148081,-0.003075,0.009519,0.042826,0.999037,0,0.85959,-0.48129,51.575,-0.963,-1,400.000,-1,400.000,-1,325.000,325.000,325.000,300.000,-1,-1,-1,-1,800.000,775.000,-1,-1,2,0,2,0,2,0,0,0,0,2,2,2,2,0,0,2,2
43,5853.410,-5672.606,296.688,97.561,-0.131212,-0.990395,0.043596,0.991317,-0.131461,-0.002876,0.008580,0.042840,0.999045,0,0.85959,-0.48129,51.575,-0.963,-1,400.000,-1,400.000,-1,325.000,325.000,325.000,300.000,-1,-1,-1,-1,775.000,775.000,-1,-1,2,0,2,0,2,0,0,0,0,2,2,2,2,0,0,2,2
44,5847.483,-5621.372,297.115,96.598,-0.114580,-0.992463,0.043461,0.993384,-0.114805,-0.002698,0.007667,0.042864,0.999051,0,0.85959,-0.48129,51.575,-0.963,-1,400.000,-1,400.000,-1,325.000,325.000,325.000,300.000,-1,-1,-1,-1,775.000,775.000,-1,-1,2,0,2,0,2,0,0,0,0,2,2,2,2,0,0,2,2
45,5842.418,-5570.046,297.509,95.636,-0.097914,-0.994250,0.043355,0.995172,-0.098115,-0.002539,0.006778,0.042897,0.999056,0,0.85959,-0.48129,51.575,-0.963,-1,400.000,-1,400.000,-1,325.000,325.000,325.000,300.000,-1,-1,-1,-1,775.000,775.000,-1,-1,2,0,2,0,2,0,0,0,0,2,2,2,2,0,0,2,2
46,5838.216,-5518.642,297.868,94.673,-0.081219,-0.995756,0.043278,0.996679,-0.081399,-0.002401,0.005913,0.042940,0.999060,0,0.85959,-0.48129,51.575,-0.963,-1,400.000,-1,400.000,-1,325.000,325.000,325.000,300.000,-1,-1,-1,-1,775.000,775.000,-1,-1,2,0,2,0,2,0,0,0,0,2,2,2,2,0,0,2,2
47,5835.062,-5466.640,298.195,93.471,-0.060326,-0.997240,0.043268,0.998167,-0.060482,-0.002306,0.004917,0.043050,0.999061,0,0.86830,-0.60129,52.098,-1.203,-1,400.000,-1,400.000,-1,325.000,325.000,325.000,300.000,-1,-1,-1,-1,775.000,775.000,-1,-1,2,0,2,0,2,0,0,0,0,2,2,2,2,0,0,2,2
48,5833.147,-5414.577,298.477,92.107,-0.036602,-0.998391,0.043310,0.999322,-0.036735,-0.002265,0.003852,0.043198,0.999059,0,0.86830,-0.68177,52.098,-1.364,-1,400.000,-1,400.000,-1,325.000,325.000,325.000,300.000,-1,-1,-1,-1,775.000,775.000,-1,-1,2,0,2,0,2,0,0,0,0,2,2,2,2,0,0,2,2
49,5832.471,-5362.483,298.660,90.744,-0.012850,-0.998985,0.043182,0.999913,-0.012966,-0.002422,0.002980,0.043147,0.999064,0,0.86830,-0.68177,52.098,-1.364,-1,400.000,-1,400.000,-1,325.000,325.000,325.000,300.000,-1,-1,-1,-1,775.000,775.000,-1,-1,2,0,2,0,2,0,0,0,0,2,2,2,2,0,0,2,2
50,5833.035,-5310.388,298.804,89.380,0.010910,-0.999011,0.043113,0.999938,0.010809,-0.002576,0.002107,0.043138,0.999067,0,0.86830,-0.68177,52.098,-1.364,-1,400.000,-1,400.000,-1,325.000,325.000,325.000,300.000,-1,-1,-1,-1,775.000,800.000,-1,-1,2,0,2,0,2,0,0,0,0,2,2,2,2,0,0,2,2
51,5834.838,-5258.321,298.902,88.017,0.034663,-0.998470,0.043078,0.999398,0.034579,-0.002716,0.001222,0.043146,0.999068,0,0.86830,-0.68177,52.098,-1.364,-1,400.000,-1,400.000,-1,325.000,325.000,325.000,300.000,-1,-1,-1,-1,775.000,800.000,-1,-1,2,0,2,0,2,0,0,0,0,2,2,2,2,0,0,2,2
52,5837.880,-5206.312,298.805,86.653,0.058384,-0.997368,0.042997,0.998294,0.058329,-0.002553,0.000039,0.043073,0.999072,0,0.86830,-0.68177,52.098,-1.364,-1,400.000,-1,400.000,-1,325.000,325.000,325.000,300.000,-1,-1,-1,-1,775.000,800.000,-1,-1,2,0,2,0,2,0,0,0,0,2,2,2,2,0,0,2,2
53,5842.158,-5154.390,298.605,85.289,0.082066,-0.995693,0.043139,0.996626,0.082045,-0.002254,-0.001295,0.043179,0.999067,0,0.86830,-0.68177,52.098,-1.364,-1,400.000,-1,400.000,-1,325.000,325.000,325.000,300.000,-1,-1,-1,-1,775.000,800.000,-1,-1,2,0,2,0,2,0,0,0,0,2,2,2,2,0,0,2,2
54,5847.671,-5102.585,298.354,83.926,0.105698,-0.993454,0.043329,0.994395,0.105715,-0.001917,-0.002676,0.043289,0.999059,0,0.86830,-0.68177,52.098,-1.364,-1,400.000,-1,400.000,-1,325.000,325.000,325.000,300.000,-1,-1,-1,-1,775.000,800.000,-1,-1,2,0,2,0,2,0,0,0,0,2,2,2,2,0,0,2,2
55,5854.415,-5050.925,298.050,82.562,0.129269,-0.990652,0.043568,0.991601,0.129325,-0.001544,-0.004104,0.043402,0.999049,0,0.86830,-0.68177,52.098,-1.364,-1,400.000,-1,400.000,-1,325.000,325.000,325.000,300.000,-1,-1,-1,-1,775.000,800.000,-1,-1,2,0,2,0,2,0,0,0,0,2,2,2,2,0,0,2,2
56,5862.386,-4999.440,297.693,81.199,0.152763,-0.987289,0.043858,0.988247,0.152861,-0.001136,-0.005583,0.043516,0.999037,0,0.86830,-0.68177,52.098,-1.364,-1,400.000,-1,400.000,-1,325.000,325.000,325.000,300.000,-1,-1,-1,-1,775.000,800.000,-1,-1,2,0,2,0,2,0,0,0,0,2,2,2,2,0,0,2,2
57,5871.581,-4948.160,297.282,79.835,0.176168,-0.983367,0.044201,0.984334,0.176310,-0.000692,-0.007113,0.043631,0.999022,0,0.86830,-0.68177,52.098,-1.364,-1,400.000,-1,400.000,-1,325.000,325.000,325.000,300.000,-1,-1,-1,-1,775.000,800.000,-1,-1,2,0,2,0,2,0,0,0,0,2,2,2,2,0,0,2,2
58,5881.992,-4897.113,296.816,78.472,0.199470,-0.978888,0.044599,0.979865,0.199660,-0.000215,-0.008695,0.043744,0.999005,0,0.86830,-0.68177,52.098,-1.364,-1,400.000,-1,400.000,-1,325.000,325.000,325.000,300.000,-1,-1,-1,-1,775.000,800.000,-1,-1,2,0,2,0,2,0,0,0,0,2,2,2,2,0,0,2,2
59,5892.352,-4850.963,296.353,77.348,0.218581,-0.974780,0.045021,0.975767,0.218814,0.000252,-0.010097,0.043875,0.998986,0,0.78830,-0.56177,47.298,-1.124,-1,400.000,-1,400.000,-1,325.000,325.000,325.000,300.000,-1,-1,-1,-1,775.000,800.000,-1,-1,2,0,2,0,2,0,0,0,0,2,2,2,2,0,0,2,2
60,5902.734,-4807.838,295.892,76.465,0.233544,-0.971282,0.045475,0.972280,0.233818,0.000719,-0.011331,0.044047,0.998965,0,0.73928,-0.44177,44.357,-0.884,-1,400.000,-1,400.000,-1,325.000,325.000,325.000,300.000,-1,-1,-1,-1,775.000,800.000,-1,-1,2,0,2,0,2,0,0,0,0,2,2,2,2,0,0,2,2
61,5913.599,-4764.833,295.413,75.821,0.244396,-0.968584,0.045987,0.969596,0.244709,0.001217,-0.012432,0.044292,0.998941,0,0.73928,-0.32177,44.357,-0.644,-1,400.000,-1,400.000,-1,325.000,325.000,325.000,300.000,-1,-1,-1,-1,775.000,800.000,-1,-1,2,0,2,0,2,0,0,0,0,2,2,2,2,0,0,2,2
62,5924.767,-4721.905,294.868,75.418,0.251177,-0.966829,0.046389,0.967850,0.251523,0.001673,-0.013285,0.044477,0.998922,0,0.73928,-0.20177,44.357,-0.404,-1,400.000,-1,400.000,-1,325.000,325.000,325.000,300.000,-1,-1,-1,-1,775.000,800.000,-1,-1,2,0,2,0,2,0,0,0,0,2,2,2,2,0,0,2,2
63,5936.201,-4679.047,294.293,75.061,0.257157,-0.965239,0.046743,0.966267,0.257533,0.002119,-0.014083,0.044621,0.998905,0,0.73928,-0.17828,44.357,-0.357,-1,400.000,-1,400.000,-1,325.000,325.000,325.000,300.000,-1,-1,-1,-1,775.000,800.000,-1,-1,2,0,2,0,2,0,0,0,0,2,2,2,2,0,0,2,2
64,5947.903,-4636.262,293.674,74.704,0.263129,-0.963616,0.046984,0.964647,0.263535,0.002558,-0.014847,0.044649,0.998892,0,0.73928,-0.17828,44.357,-0.357,-1,400.000,-1,400.000,-1,325.000,325.000,300.000,300.000,-1,-1,-1,-1,775.000,825.000,-1,-1,2,0,2,0,2,0,0,0,0,2,2,2,2,0,0,2,2
65,5959.870,-4593.550,293.020,74.348,0.269088,-0.961960,0.047173,0.962988,0.269527,0.003075,-0.015673,0.044599,0.998882,0,0.73928,-0.17828,44.357,-0.357,-1,400.000,-1,400.000,-1,325.000,325.000,300.000,300.000,-1,-1,-1,-1,775.000,825.000,-1,-1,2,0,2,0,2,0,0,0,0,2,2,2,2,0,0,2,2
66,5972.103,-4550.913,292.344,73.991,0.275037,-0.960267,0.047353,0.961292,0.275509,0.003611,-0.016514,0.044527,0.998872,0,0.73928,-0.17828,44.357,-0.357,-1,400.000,-1,400.000,-1,325.000,325.000,300.000,300.000,-1,-1,-1,-1,775.000,825.000,-1,-1,2,0,2,0,2,0,0,0,0,2,2,2,2,0,0,2,2
67,5984.601,-4508.354,291.578,73.635,0.280980,-0.958527,0.047710,0.959560,0.281477,0.003904,-0.017171,0.044683,0.998854,0,0.73928,-0.17828,44.357,-0.357,-1,400.000,-1,400.000,-1,325.000,325.000,300.000,300.000,-1,-1,-1,-1,775.000,825.000,-1,-1,2,0,2,0,2,0,0,0,0,2,2,2,2,0,0,2,2
68,5997.363,-4465.873,290.730,73.278,0.286903,-0.956741,0.048295,0.957792,0.287432,0.004238,-0.017937,0.045041,0.998824,0,0.73928,-0.17828,44.357,-0.357,-1,400.000,-1,400.000,-1,325.000,325.000,300.000,300.000,-1,-1,-1,-1,775.000,825.000,-1,-1,2,0,2,0,2,0,0,0,0,2,2,2,2,0,0,2,2
69,6010.467,-4423.235,289.850,72.917,0.292894,-0.954894,0.048890,0.955962,0.293456,0.004587,-0.018727,0.045394,0.998794,0,0.74343,-0.18069,44.606,-0.361,-1,400.000,-1,400.000,-1,325.000,325.000,300.000,300.000,-1,-1,-1,-1,775.000,800.000,-1,-1,2,0,2,0,2,0,0,0,0,2,2,2,2,0,0,2,2
70,6023.923,-4380.425,288.938,72.550,0.298959,-0.952982,0.049486,0.954066,0.299556,0.004945,-0.019536,0.045734,0.998763,0,0.74791,-0.18333,44.875,-0.367,-1,400.000,-1,400.000,-1,325.000,325.000,300.000,300.000,-1,-1,-1,-1,775.000,800.000,-1,-1,2,0,2,0,2,0,0,0,0,2,2,2,2,0,0,2,2
71,6037.739,-4337.448,287.994,72.178,0.305101,-0.951002,0.050081,0.952102,0.305733,0.005314,-0.020365,0.046061,0.998731,0,0.75238,-0.18602,45.143,-0.372,-1,400.000,-1,400.000,-1,325.000,325.000,300.000,300.000,-1,-1,-1,-1,775.000,800.000,-1,-1,2,0,2,0,2,0,0,0,0,2,2,2,2,0,0,2,2
72,6051.922,-4294.309,287.017,71.801,0.311319,-0.948953,0.050676,0.950069,0.311989,0.005694,-0.021213,0.046373,0.998699,0,0.75685,-0.18878,45.411,-0.378,-1,400.000,-1,400.000,-1,325.000,325.000,300.000,300.000,-1,-1,-1,-1,775.000,800.000,-1,-1,2,0,2,0,2,0,0,0,0,2,2,2,2,0,0,2,2
73,6066.479,-4251.011,286.006,71.417,0.317615,-0.946833,0.051270,0.947963,0.318324,0.006085,-0.022082,0.046670,0.998666,0,0.76131,-0.19159,45.679,-0.383,-1,400.000,-1,400.000,1000.000,325.000,325.000,300.000,300.000,-1,-1,-1,-1,775.000,800.000,-1,-1,2,0,2,0,1,0,0,0,0,2,2,2,2,0,0,2,2
74,6081.416,-4207.562,284.960,71.029,0.323990,-0.944638,0.051865,0.945781,0.324739,0.006488,-0.022971,0.046951,0.998633,0,0.76576,-0.19446,45.946,-0.389,-1,400.000,-1,400.000,950.000,325.000,325.000,300.000,300.000,-1,-1,-1,-1,775.000,800.000,-1,-1,2,0,2,0,1,0,0,0,0,2,2,2,2,0,0,2,2
75,6098.439,-4159.756,283.760,70.400,0.334287,-0.941007,0.052518,0.942162,0.335085,0.006946,-0.024135,0.047158,0.998596,0,0.84576,-0.31446,50.746,-0.629,-1,400.000,-1,400.000,900.000,325.000,325.000,300.000,300.000,-1,-1,-1,-1,775.000,800.000,-1,1000.000,2,0,2,0,1,0,0,0,0,2,2,2,2,0,0,2,1
76,6117.675,-4107.648,282.390,69.737,0.345080,-0.937062,0.053240,0.938230,0.345933,0.007445,-0.025394,0.047382,0.998554,0,0.92576,-0.33106,55.546,-0.662,-1,400.000,-1,400.000,850.000,325.000,325.000,300.000,300.000,-1,-1,-1,-1,775.000,800.000,-1,950.000,2,0,2,0,1,0,0,0,0,2,2,2,2,0,0,2,1
77,6138.767,-4052.506,280.863,69.068,0.355939,-0.932947,0.054003,0.934128,0.356850,0.007950,-0.026688,0.047616,0.998509,0,0.98397,-0.33460,59.038,-0.669,-1,400.000,-1,400.000,800.000,325.000,325.000,300.000,300.000,-1,-1,-1,-1,775.000,800.000,-1,900.000,2,0,2,0,1,0,0,0,0,2,2,2,2,0,0,2,1
78,6160.633,-3997.304,279.244,68.391,0.366881,-0.928662,0.054643,0.929849,0.367846,0.008432,-0.027931,0.047716,0.998470,0,0.98958,-0.33848,59.375,-0.677,-1,400.000,-1,400.000,750.000,325.000,325.000,300.000,300.000,-1,-1,-1,-1,775.000,800.000,-1,850.000,2,0,2,0,1,0,0,0,0,2,2,2,2,0,0,2,1
79,6183.284,-3942.058,277.560,67.706,0.377899,-0.924195,0.055281,0.925387,0.378919,0.008906,-0.029178,0.047791,0.998431,0,0.99515,-0.34246,59.709,-0.685,-1,400.000,-1,400.000,700.000,325.000,325.000,300.000,300.000,-1,-1,-1,-1,775.000,800.000,-1,775.000,2,0,2,0,1,0,0,0,0,2,2,2,2,0,1,2,1
80,6206.715,-3886.822,275.801,67.013,0.388995,-0.919543,0.055896,0.920736,0.390072,0.009405,-0.030452,0.047807,0.998392,0,1.00000,-0.34657,60.000,-0.693,-1,400.000,-1,400.000,650.000,325.000,325.000,300.000,300.000,-1,-1,-1,-1,750.000,750.000,-1,725.000,2,0,2,0,1,0,0,0,0,2,2,2,2,0,1,2,1
81,6230.821,-3831.877,273.927,66.312,0.400172,-0.914691,0.056591,0.915895,0.401300,0.009728,-0.031608,0.047938,0.998350,0,1.00000,-0.35083,60.000,-0.702,-1,400.000,-1,400.000,600.000,325.000,325.000,300.000,300.000,-1,-1,-1,-1,750.000,700.000,-1,675.000,2,0,2,0,1,0,0,0,0,2,2,2,2,0,1,2,1
82,6255.607,-3777.235,271.973,65.601,0.411431,-0.909641,0.057263,0.910854,0.412609,0.009997,-0.032721,0.048045,0.998309,0,1.00000,-0.35521,60.000,-0.710,-1,400.000,-1,400.000,550.000,325.000,325.000,300.000,300.000,-1,-1,-1,-1,750.000,675.000,-1,625.000,2,0,2,0,1,0,0,0,0,2,2,2,2,0,1,2,1
83,6281.076,-3722.909,269.954,64.882,0.422770,-0.904387,0.057877,0.905605,0.423998,0.010281,-0.033838,0.048067,0.998271,0,1.00000,-0.35974,60.000,-0.719,-1,400.000,-1,400.000,500.000,325.000,325.000,300.000,300.000,-1,-1,-1,-1,750.000,625.000,-1,575.000,2,0,2,0,1,0,0,0,0,2,2,2,2,0,1,2,1
84,6307.235,-3668.911,267.863,64.153,0.434191,-0.898922,0.058456,0.900141,0.435469,0.010590,-0.034975,0.048021,0.998234,0,1.00000,-0.36444,60.000,-0.729,-1,400.000,-1,400.000,450.000,325.000,325.000,300.000,300.000,-1,-1,-1,-1,750.000,600.000,-1,525.000,2,0,2,0,1,0,0,0,0,2,2,2,2,0,1,2,1
85,6334.087,-3615.255,265.705,63.414,0.445695,-0.893237,0.059013,0.894456,0.447023,0.010898,-0.036115,0.047927,0.998198,0,1.00000,-0.36933,60.000,-0.739,-1,400.000,-1,400.000,400.000,325.000,325.000,300.000,300.000,-1,-1,-1,-1,750.000,550.000,-1,450.000,2,0,2,0,1,0,0,0,0,2,2,2,2,0,1,2,1
86,6361.639,-3561.955,263.497,62.665,0.457286,-0.887322,0.059585,0.888542,0.458661,0.011119,-0.037195,0.047859,0.998161,0,1.00000,-0.37443,60.000,-0.749,-1,400.000,-1,400.000,350.000,325.000,325.000,300.000,300.000,-1,-1,-1,-1,750.000,500.000,-1,400.000,2,0,2,0,1,0,0,0,0,2,2,2,2,0,1,2,1
87,6389.894,-3509.024,261.219,61.906,0.468963,-0.881169,0.060130,0.882388,0.470386,0.011339,-0.038276,0.047741,0.998126,0,1.00000,-0.37977,60.000,-0.760,-1,400.000,-1,400.000,300.000,325.000,325.000,300.000,300.000,-1,-1,-1,-1,750.000,475.000,-1,350.000,2,0,2,0,1,0,0,0,0,2,2,2,2,0,1,2,1
88,6418.860,-3456.479,258.871,61.135,0.480731,-0.874768,0.060648,0.875984,0.482201,0.011559,-0.039356,0.047570,0.998092,0,1.00000,-0.38539,60.000,-0.771,-1,400.000,950.000,375.000,275.000,325.000,325.000,300.000,300.000,-1,-1,-1,-1,750.000,425.000,-1,300.000,2,0,1,1,1,0,0,0,0,2,2,2,2,0,1,2,1
89,6448.540,-3404.333,256.461,60.352,0.492590,-0.868108,0.061185,0.869320,0.494109,0.011787,-0.040465,0.047383,0.998057,0,1.00000,-0.39131,60.000,-0.783,-1,400.000,850.000,350.000,225.000,325.000,325.000,300.000,300.000,-1,-1,-1,-1,750.000,375.000,-1,250.000,2,0,1,1,1,0,0,0,0,2,2,2,2,0,1,2,1
90,6478.941,-3352.605,254.006,59.557,0.504549,-0.861173,0.061745,0.862386,0.506111,0.011877,-0.041478,0.047255,0.998021,0,1.00000,-0.39758,60.000,-0.795,-1,400.000,750.000,300.000,175.000,325.000,325.000,300.000,300.000,-1,-1,-1,-1,750.000,350.000,-1,200.000,2,0,1,1,1,0,0,0,1,2,2,2,2,0,1,2,1
91,6510.069,-3301.311,251.700,58.749,0.516664,-0.853966,0.061654,0.855167,0.518224,0.011550,-0.041814,0.046757,0.998031,0,1.00000,-0.40424,60.000,-0.808,-1,400.000,675.000,275.000,125.000,325.000,325.000,300.000,275.000,-1,-1,-1,-1,750.000,300.000,-1,150.000,2,0,1,1,1,0,1,0,1,2,2,2,2,0,1,2,1
92,6541.935,-3250.474,256.069,57.926,0.530487,-0.847175,0.029626,0.847404,0.530895,0.007586,-0.022155,0.021081,0.999532,0,1.00000,-0.41134,60.000,-0.823,-1,425.000,650.000,250.000,125.000,375.000,300.000,275.000,300.000,-1,550.000,750.000,-1,850.000,300.000,-1,150.000,2,0,1,1,1,0,1,0,1,2,0,0,2,0,1,2,1
93,6574.536,-3200.105,261.732,57.088,0.543332,-0.839468,-0.009192,0.839516,0.543321,0.003926,0.001698,-0.009850,0.999950,0,1.00000,-0.41893,60.000,-0.838,-1,500.000,650.000,250.000,125.000,425.000,275.000,275.000,325.000,950.000,175.000,325.000,-1,950.000,275.000,-1,125.000,2,0,1,1,1,1,1,0,1,0,0,0,2,1,1,2,1
94,6607.877,-3150.220,268.713,56.234,0.554410,-0.830424,-0.054994,0.831713,0.555206,0.000979,0.029720,-0.046282,0.998486,0,1.00000,-0.42707,60.000,-0.854,-1,575.000,650.000,250.000,100.000,400.000,275.000,250.000,350.000,475.000,75.000,225.000,-1,-1,275.000,-1,125.000,2,0,1,1,1,1,1,0,1,0,0,0,2,2,1,2,1
95,6641.961,-3100.837,277.019,55.362,0.562773,-0.819537,-0.107910,0.824299,0.566155,-0.000848,0.061789,-0.088473,0.994160,0,1.00000,-0.43583,60.000,-0.872,-1,600.000,725.000,250.000,100.000,400.000,275.000,225.000,400.000,275.000,25.000,200.000,-1,-1,275.000,-1,100.000,2,1,1,1,1,1,1,0,1,0,0,0,2,2,1,2,1
96,6676.798,-3051.978,285.034,54.472,0.568640,-0.806888,-0.159941,0.817347,0.576146,-0.000682,0.092700,-0.130339,0.987126,0,1.00000,-0.44528,60.000,-0.891,-1,575.000,-1,250.000,100.000,375.000,275.000,225.000,450.000,200.000,0.000,175.000,-1,-1,300.000,-1,100.000,2,1,2,1,1,1,1,0,1,0,0,0,2,2,1,2,1
97,6712.400,-3003.671,291.806,53.561,0.573156,-0.793012,-0.206455,0.810674,0.585496,0.001636,0.119581,-0.168305,0.978455,0,1.00000,-0.45550,60.000,-0.911,-1,550.000,-1,250.000,75.000,375.000,250.000,200.000,475.000,125.000,0.000,150.000,-1,-1,300.000,-1,100.000,2,1,2,1,1,1,1,0,1,0,0,0,2,2,1,2,1
98,6748.774,-2955.939,298.586,52.628,0.575658,-0.777464,-0.253314,0.804577,0.593820,0.005871,0.145858,-0.207190,0.967366,0,1.00000,-0.46656,60.000,-0.933,-1,550.000,-1,225.000,75.000,350.000,250.000,200.000,475.000,100.000,0.000,150.000,-1,-1,300.000,-1,100.000,2,1,2,1,1,1,1,0,1,0,0,0,2,2,1,2,1
99,-7543.220,3607.627,342.305,-123.334,-0.549529,0.835442,0.007386,-0.835472,-0.549483,-0.007383,-0.002110,-0.010228,0.999945,1,0.00000,0.00000,60.000,-0.957,-1,400.000,-1,400.000,-1,325.000,325.000,300.000,300.000,-1,-1,-1,-1,750.000,725.000,-1,-1,2,0,2,0,2,0,0,0,0,2,2,2,2,0,0,2,2
100,-7540.573,3611.631,342.314,-123.468,-0.551487,0.834151,0.007380,-0.834181,-0.551442,-0.007367,-0.002076,-0.010219,0.999946,0,-0.08000,-0.06723,-4.800,-0.134,-1,400.000,-1,400.000,-1,325.000,325.000,300.000,300.000,-1,-1,-1,-1,750.000,725.000,-1,-1,2,0,2,0,2,0,0,0,0,2,2,2,2,0,0,2,2
101,-7535.259,3619.626,342.332,-123.606,-0.553492,0.832822,0.007375,-0.832852,-0.553447,-0.007322,-0.002016,-0.010195,0.999946,0,-0.16000,-0.06892,-9.600,-0.138,-1,400.000,-1,400.000,-1,325.000,325.000,300.000,300.000,-1,-1,-1,-1,750.000,725.000,-1,-1,2,0,2,0,2,0,0,0,0,2,2,2,2,0,0,2,2
102,-7527.259,3631.599,342.359,-123.750,-0.555592,0.831422,0.007376,-0.831453,-0.555548,-0.007252,-0.001932,-0.010162,0.999947,0,-0.24000,-0.07231,-14.400,-0.145,-1,400.000,-1,400.000,-1,325.000,325.000,300.000,300.000,-1,-1,-1,-1,750.000,725.000,-1,-1,2,0,2,0,2,0,0,0,0,2,2,2,2,0,0,2,2
103,-7516.549,3647.535,342.391,-123.905,-0.557834,0.829919,0.007385,-0.829950,-0.557792,-0.007150,-0.001815,-0.010118,0.999947,0,-0.32000,-0.07737,-19.200,-0.155,-1,400.000,-1,400.000,-1,325.000,325.000,300.000,300.000,-1,-1,-1,-1,750.000,725.000,-1,-1,2,0,2,0,2,0,0,0,0,2,2,2,2,0,0,2,2
104,-7503.103,3667.414,342.412,-124.073,-0.560266,0.828280,0.007390,-0.828311,-0.560225,-0.006951,-0.001617,-0.010015,0.999949,0,-0.40000,-0.08408,-24.000,-0.168,-1,400.000,-1,400.000,-1,325.000,325.000,300.000,300.000,-1,-1,-1,-1,750.000,750.000,-1,-1,2,0,2,0,2,0,0,0,0,2,2,2,2,0,0,2,2
105,-7486.891,3691.218,342.429,-124.258,-0.562933,0.826469,0.007416,-0.826501,-0.562895,-0.006705,-0.001367,-0.009904,0.999950,0,-0.48000,-0.09241,-28.800,-0.185,-1,400.000,-1,400.000,-1,325.000,325.000,300.000,300.000,-1,-1,-1,-1,750.000,750.000,-1,-1,2,0,2,0,2,0,0,0,0,2,2,2,2,0,0,2,2
106,-7467.877,3718.921,342.439,-124.463,-0.565879,0.824454,0.007475,-0.824487,-0.565844,-0.006412,-0.001057,-0.009792,0.999952,0,-0.56000,-0.10233,-33.600,-0.205,-1,400.000,-1,400.000,-1,325.000,325.000,300.000,300.000,-1,-1,-1,-1,750.000,750.000,-1,-1,2,0,2,0,2,0,0,0,0,2,2,2,2,0,0,2,2
107,-7446.762,3749.426,342.433,-124.690,-0.569147,0.822201,0.007564,-0.822235,-0.569115,-0.006082,-0.000696,-0.009681,0.999953,0,-0.61834,-0.11379,-37.100,-0.228,-1,400.000,-1,400.000,-1,325.000,325.000,300.000,300.000,-1,-1,-1,-1,775.000,750.000,-1,-1,2,0,2,0,2,0,0,0,0,2,2,2,2,0,0,2,2
108,-7425.305,3780.136,342.410,-124.943,-0.572764,0.819685,0.007676,-0.819720,-0.572735,-0.005743,-0.000311,-0.009581,0.999954,0,-0.62439,-0.12630,-37.463,-0.253,-1,400.000,-1,400.000,-1,325.000,325.000,300.000,300.000,-1,-1,-1,-1,775.000,750.000,-1,-1,2,0,2,0,2,0,0,0,0,2,2,2,2,0,0,2,2
109,-7403.500,3811.023,342.371,-125.221,-0.576725,0.816901,0.007825,-0.816939,-0.576699,-0.005393,0.000107,-0.009503,0.999955,0,-0.63014,-0.13877,-37.808,-0.278,-1,400.000,-1,400.000,-1,325.000,325.000,300.000,300.000,-1,-1,-1,-1,775.000,750.000,-1,-1,2,0,2,0,2,0,0,0,0,2,2,2,2,0,0,2,2
110,-7381.343,3842.059,342.316,-125.523,-0.581024,0.813847,0.008013,-0.813886,-0.581002,-0.005033,0.000559,-0.009446,0.999955,0,-0.63555,-0.15117,-38.133,-0.302,-1,400.000,-1,400.000,-1,325.000,325.000,300.000,300.000,-1,-1,-1,-1,775.000,750.000,-1,-1,2,0,2,0,2,0,0,0,0,2,2,2,2,0,0,2,2
111,-7358.834,3873.211,342.229,-125.850,-0.585655,0.810519,0.008223,-0.810560,-0.585638,-0.004596,0.001091,-0.009357,0.999956,0,-0.64056,-0.16348,-38.434,-0.327,-1,400.000,-1,400.000,-1,325.000,325.000,300.000,300.000,-1,-1,-1,-1,775.000,750.000,-1,-1,2,0,2,0,2,0,0,0,0,2,2,2,2,0,0,2,2
112,-7335.972,3904.447,342.105,-126.201,-0.590609,0.806914,0.008449,-0.806956,-0.590598,-0.004052,0.001720,-0.009211,0.999956,0,-0.64515,-0.17567,-38.709,-0.351,-1,400.000,-1,400.000,-1,325.000,325.000,300.000,300.000,-1,-1,-1,1000.000,775.000,775.000,-1,-1,2,0,2,0,2,0,0,0,0,2,2,2,1,0,0,2,2
113,-7312.759,3935.730,341.965,-126.577,-0.595878,0.803027,0.008721,-0.803071,-0.595873,-0.003507,0.002380,-0.009094,0.999956,0,-0.64924,-0.18772,-38.955,-0.375,-1,400.000,-1,400.000,-1,325.000,325.000,300.000,300.000,-1,-1,-1,975.000,775.000,775.000,-1,-1,2,0,2,0,2,0,0,0,0,2,2,2,1,0,0,2,2
114,-7289.200,3967.022,341.802,-126.976,-0.601453,0.798857,0.009078,-0.798903,-0.601453,-0.002961,0.003094,-0.009033,0.999954,0,-0.65281,-0.19958,-39.168,-0.399,-1,400.000,-1,400.000,-1,325.000,325.000,300.000,300.000,-1,-1,-1,950.000,775.000,775.000,-1,-1,2,0,2,0,2,0,0,0,0,2,2,2,1,0,0,2,2
115,-7265.302,3998.280,341.598,-127.398,-0.607319,0.794400,0.009610,-0.794448,-0.607327,-0.002414,0.003919,-0.009101,0.999951,0,-0.65579,-0.21124,-39.347,-0.422,-1,400.000,-1,400.000,-1,325.000,325.000,300.000,300.000,-1,-1,-1,900.000,800.000,775.000,-1,-1,2,0,2,0,2,0,0,0,0,2,2,2,1,0,0,2,2
116,-7241.076,4029.464,341.371,-127.844,-0.613466,0.789655,0.010231,-0.789707,-0.613482,-0.001871,0.004799,-0.009227,0.999946,0,-0.65814,-0.22265,-39.488,-0.445,-1,400.000,-1,400.000,-1,325.000,325.000,300.000,300.000,-1,-1,-1,875.000,800.000,775.000,-1,-1,2,0,2,0,2,0,0,0,0,2,2,2,1,0,0,2,2
117,-7216.534,4060.527,341.117,-128.311,-0.619879,0.784621,0.010944,-0.784676,-0.619904,-0.001357,0.005719,-0.009429,0.999939,0,-0.65980,-0.23378,-39.588,-0.468,-1,400.000,-1,400.000,-1,325.000,325.000,300.000,300.000,-1,-1,-1,850.000,800.000,775.000,-1,-1,2,0,2,0,2,0,0,0,0,2,2,2,1,0,0,2,2
118,-7191.693,4091.423,340.838,-128.800,-0.626544,0.779298,0.011745,-0.779358,-0.626579,-0.000854,0.006694,-0.009688,0.999931,0,-0.66074,-0.24459,-39.644,-0.489,-1,400.000,-1,400.000,-1,325.000,325.000,300.000,300.000,-1,-1,-1,825.000,800.000,800.000,-1,-1,2,0,2,0,2,0,0,0,0,2,2,2,1,0,0,2,2
119,-7165.596,4123.291,340.525,-129.314,-0.633487,0.773650,0.012669,-0.773715,-0.633534,-0.000345,0.007759,-0.010020,0.999920,0,-0.68650,-0.25669,-41.190,-0.513,-1,400.000,-1,400.000,-1,325.000,325.000,300.000,300.000,-1,-1,-1,775.000,800.000,800.000,-1,-1,2,0,2,0,2,0,0,0,0,2,2,2,1,0,0,2,2
120,-7139.089,4155.047,340.175,-129.852,-0.640708,0.767663,0.013641,-0.767733,-0.640769,0.000150,0.008856,-0.010376,0.999907,0,-0.68942,-0.26904,-41.365,-0.538,-1,400.000,-1,400.000,-1,325.000,325.000,300.000,300.000,-1,-1,-1,750.000,800.000,800.000,-1,-1,2,0,2,0,2,0,0,0,0,2,2,2,1,0,0,2,2
121,-7112.188,4186.641,339.767,-130.414,-0.648193,0.761337,0.014559,-0.761412,-0.648268,0.000631,0.009919,-0.010676,0.999894,0,-0.69158,-0.28108,-41.495,-0.562,-1,400.000,-1,400.000,-1,325.000,325.000,300.000,300.000,-1,-1,-1,725.000,800.000,800.000,-1,-1,2,0,2,0,2,0,0,0,0,2,2,2,1,0,0,2,2
122,-7084.911,4218.019,339.323,-131.000,-0.655922,0.754670,0.015508,-0.754749,-0.656013,0.001096,0.011000,-0.010986,0.999879,0,-0.69294,-0.29278,-41.576,-0.586,-1,400.000,-1,400.000,-1,325.000,325.000,300.000,300.000,-1,-1,-1,675.000,800.000,800.000,-1,-1,2,0,2,0,2,0,0,0,0,2,2,2,1,0,0,2,2
123,-7057.285,4249.128,338.847,-131.608,-0.663876,0.747661,0.016471,-0.747745,-0.663984,0.001542,0.012089,-0.011292,0.999863,0,-0.69342,-0.30410,-41.605,-0.608,-1,400.000,-1,400.000,-1,325.000,325.000,300.000,300.000,-1,-1,-1,650.000,825.000,825.000,-1,-1,2,0,2,0,2,0,0,0,0,2,2,2,1,0,0,2,2
124,-7029.335,4279.911,338.338,-132.238,-0.672036,0.740313,0.017447,-0.740401,-0.672162,0.001968,0.013184,-0.011596,0.999846,0,-0.69299,-0.31498,-41.579,-0.630,-1,400.000,-1,400.000,-1,325.000,325.000,300.000,300.000,-1,-1,-1,625.000,825.000,825.000,-1,-1,2,0,2,0,2,0,0,0,0,2,2,2,1,0,0,2,2
125,-7001.094,4310.314,337.797,-132.888,-0.680379,0.732628,0.018434,-0.732721,-0.680525,0.002372,0.014283,-0.011894,0.999827,0,-0.69160,-0.32539,-41.496,-0.651,-1,400.000,-1,400.000,-1,325.000,325.000,300.000,300.000,-1,-1,-1,600.000,825.000,825.000,-1,-1,2,0,2,0,2,0,0,0,0,2,2,2,1,0,0,2,2
126,-6972.597,4340.282,337.215,-133.559,-0.688885,0.724611,0.019373,-0.724708,-0.689051,0.002758,0.015347,-0.012140,0.999809,0,-0.68922,-0.33529,-41.353,-0.671,-1,400.000,-1,400.000,-1,325.000,325.000,300.000,300.000,-1,-1,-1,575.000,825.000,825.000,-1,-1,2,0,2,0,2,0,0,0,0,2,2,2,1,0,0,2,2
127,-6943.885,4369.758,336.575,-134.248,-0.697532,0.716269,0.020188,-0.716367,-0.697716,0.003133,0.016330,-0.012277,0.999791,0,-0.68582,-0.34463,-41.149,-0.689,-1,400.000,-1,400.000,-1,325.000,325.000,300.000,300.000,-1,-1,-1,525.000,825.000,825.000,-1,-1,2,0,2,0,2,0,0,0,0,2,2,2,1,0,0,2,2
128,-6914.998,4398.690,335.808,-134.955,-0.706292,0.707610,0.020965,-0.707702,-0.706500,0.003964,0.017617,-0.012037,0.999772,0,-0.68141,-0.35338,-40.884,-0.707,-1,400.000,-1,400.000,-1,325.000,325.000,300.000,300.000,-1,-1,-1,500.000,825.000,825.000,-1,-1,2,0,2,0,2,0,0,0,0,2,2,2,1,0,0,2,2
129,-6889.084,4423.801,335.060,-135.902,-0.717867,0.695844,0.021639,-0.695923,-0.718100,0.004871,0.018929,-0.011562,0.999754,0,-0.60141,-0.47338,-36.084,-0.947,-1,400.000,-1,400.000,-1,325.000,325.000,300.000,300.000,-1,-1,-1,500.000,825.000,825.000,-1,-1,2,0,2,0,2,0,0,0,0,2,2,2,1,0,0,2,2
130,-6866.171,4445.101,334.377,-137.089,-0.732107,0.680826,0.022228,-0.680891,-0.732363,0.005683,0.020148,-0.010974,0.999737,0,-0.52141,-0.59338,-31.284,-1.187,-1,400.000,-1,400.000,-1,325.000,325.000,300.000,300.000,-1,-1,-1,500.000,825.000,850.000,-1,-1,2,0,2,0,2,0,0,0,0,2,2,2,1,0,0,2,2
131,-6846.331,4462.645,333.771,-138.515,-0.748818,0.662385,0.022727,-0.662434,-0.749093,0.006393,0.021260,-0.010268,0.999721,0,-0.44141,-0.71338,-26.484,-1.427,-1,400.000,-1,400.000,-1,325.000,325.000,300.000,300.000,-1,-1,-1,500.000,825.000,850.000,-1,-1,2,0,2,0,2,0,0,0,0,2,2,2,1,0,0,2,2
132,-6829.676,4476.531,333.251,-140.182,-0.767758,0.640322,0.023134,-0.640353,-0.768049,0.006995,0.022247,-0.009443,0.999708,0,-0.36141,-0.83338,-21.684,-1.667,-1,400.000,-1,400.000,-1,325.000,325.000,300.000,300.000,-1,-1,-1,525.000,850.000,850.000,-1,-1,2,0,2,0,2,0,0,0,0,2,2,2,1,0,0,2,2
133,-6816.357,4486.908,332.828,-142.077,-0.788508,0.614578,0.023444,-0.614591,-0.788810,0.007484,0.023092,-0.008507,0.999697,0,-0.28141,-0.94755,-16.884,-1.895,-1,400.000,-1,400.000,-1,325.000,325.000,300.000,300.000,-1,-1,-1,550.000,850.000,850.000,-1,-1,2,0,2,0,2,0,0,0,0,2,2,2,1,0,0,2,2
134,-6806.583,4494.015,332.513,-143.976,-0.808437,0.588107,0.023661,-0.588103,-0.808748,0.007848,0.023751,-0.007570,0.999689,0,-0.20141,-0.94945,-12.084,-1.899,-1,400.000,-1,400.000,-1,325.000,325.000,300.000,300.000,-1,-1,-1,625.000,850.000,825.000,-1,-1,2,0,2,0,2,0,0,0,0,2,2,2,1,0,0,2,2
135,-6800.553,4498.101,332.314,-145.877,-0.827504,0.560956,0.023780,-0.560937,-0.827819,0.008087,0.024222,-0.006647,0.999685,0,-0.12141,-0.95059,-7.284,-1.901,-1,400.000,-1,400.000,-1,325.000,325.000,300.000,300.000,-1,-1,-1,725.000,850.000,825.000,-1,-1,2,0,2,0,2,0,0,0,0,2,2,2,1,0,0,2,2
136,-6798.451,4499.426,332.233,-147.780,-0.845674,0.533170,0.023795,-0.533138,-0.845989,0.008199,0.024502,-0.005752,0.999683,0,-0.04141,-0.95117,-2.484,-1.902,-1,400.000,-1,400.000,-1,325.000,325.000,300.000,300.000,-1,-1,-1,-1,850.000,825.000,-1,-1,2,0,2,0,2,0,0,0,1,2,2,2,2,0,0,2,2
