timestep,x_cm,y_cm,z_cm,yaw_deg,basis_xx,basis_xy,basis_xz,basis_yx,basis_yy,basis_yz,basis_zx,basis_zy,basis_zz,teleport_flag,throttle_cmd,steering_cmd,cmd_move_cm,cmd_turn_deg,lidar_cm_0,lidar_cm_1,lidar_cm_2,lidar_cm_3,lidar_cm_4,lidar_cm_5,lidar_cm_6,lidar_cm_7,lidar_cm_8,lidar_cm_9,lidar_cm_10,lidar_cm_11,lidar_cm_12,lidar_cm_13,lidar_cm_14,lidar_cm_15,lidar_cm_16,lidar_class_0,lidar_class_1,lidar_class_2,lidar_class_3,lidar_class_4,lidar_class_5,lidar_class_6,lidar_class_7,lidar_class_8,lidar_class_9,lidar_class_10,lidar_class_11,lidar_class_12,lidar_class_13,lidar_class_14,lidar_class_15,lidar_class_16
0,-983.892,6887.158,-406.323,-176.299,-0.997571,0.063938,0.027642,-0.059500,-0.988485,0.139130,0.036219,0.137147,0.989888,1,0.00000,0.00000,4.800,-0.179,-1,425.000,-1,450.000,-1,375.000,400.000,175.000,250.000,-1,775.000,550.000,725.000,-1,825.000,-1,-1,2,1,2,0,2,1,0,1,0,2,0,0,0,2,0,2,2
1,-1639.357,2300.540,-331.458,84.277,0.099240,-0.994471,0.034320,0.994959,0.099671,0.011082,-0.014441,0.033047,0.999349,1,0.08000,-0.07362,4.800,-0.147,-1,400.000,-1,375.000,-1,325.000,325.000,300.000,300.000,-1,-1,-1,-1,775.000,725.000,-1,-1,2,0,2,0,2,0,0,0,0,2,2,2,2,0,0,2,2
2,-1638.375,2310.089,-331.595,84.129,0.101799,-0.994219,0.034151,0.994700,0.102227,0.011045,-0.014472,0.032846,0.999356,0,0.16000,-0.07362,9.600,-0.147,-1,400.000,-1,375.000,-1,325.000,325.000,300.000,300.000,-1,-1,-1,-1,775.000,725.000,-1,-1,2,0,2,0,2,0,0,0,0,2,2,2,2,0,0,2,2
3,-1636.866,2324.410,-331.801,83.982,0.104359,-0.993962,0.033898,0.994434,0.104783,0.010989,-0.014474,0.032562,0.999365,0,0.24000,-0.07362,14.400,-0.147,-1,400.000,-1,375.000,-1,325.000,325.000,300.000,300.000,-1,-1,-1,-1,775.000,725.000,-1,-1,2,0,2,0,2,0,0,0,0,2,2,2,2,0,0,2,2
4,-1634.804,2343.499,-332.078,83.835,0.106920,-0.993701,0.033560,0.994163,0.107338,0.010914,-0.014448,0.032198,0.999377,0,0.32000,-0.07362,19.200,-0.147,-1,400.000,-1,375.000,-1,325.000,325.000,300.000,300.000,-1,-1,-1,-1,775.000,725.000,-1,-1,2,0,2,0,2,0,0,0,0,2,2,2,2,0,0,2,2
5,-1632.165,2367.353,-332.424,83.688,0.109483,-0.993436,0.033139,0.993885,0.109893,0.010820,-0.014391,0.031752,0.999392,0,0.40000,-0.07362,24.000,-0.147,-1,400.000,-1,375.000,-1,325.000,325.000,300.000,300.000,-1,-1,-1,-1,775.000,725.000,-1,-1,2,0,2,0,2,0,0,0,0,2,2,2,2,0,0,2,2
6,-1628.924,2395.971,-332.839,83.540,0.112047,-0.993167,0.032632,0.993600,0.112448,0.010707,-0.014304,0.031224,0.999410,0,0.48000,-0.07362,28.800,-0.147,-1,400.000,-1,375.000,-1,325.000,325.000,300.000,300.000,-1,-1,-1,-1,775.000,725.000,-1,-1,2,0,2,0,2,0,0,0,0,2,2,2,2,0,0,2,2
7,-1625.058,2429.347,-333.322,83.393,0.114613,-0.992893,0.032041,0.993309,0.115002,0.010575,-0.014185,0.030614,0.999431,0,0.56000,-0.07362,33.600,-0.147,-1,400.000,-1,375.000,-1,325.000,325.000,300.000,300.000,-1,-1,-1,-1,775.000,725.000,-1,-1,2,0,2,0,2,0,0,0,0,2,2,2,2,0,0,2,2
8,-1620.542,2467.481,-333.872,83.246,0.117179,-0.992615,0.031364,0.993012,0.117556,0.010424,-0.014034,0.029923,0.999454,0,0.64000,-0.07362,38.400,-0.147,-1,400.000,-1,375.000,-1,325.000,325.000,300.000,300.000,-1,-1,-1,-1,775.000,725.000,-1,-1,2,0,2,0,2,0,0,0,0,2,2,2,2,0,0,2,2
9,-1615.351,2510.368,-334.487,83.099,0.119747,-0.992333,0.030600,0.992708,0.120109,0.010254,-0.013851,0.029149,0.999479,0,0.72000,-0.07362,43.200,-0.147,-1,400.000,-1,375.000,-1,325.000,325.000,300.000,300.000,-1,-1,-1,-1,775.000,725.000,-1,-1,2,0,2,0,2,0,0,0,0,2,2,2,2,0,0,2,2
10,-1609.460,2558.005,-335.165,82.951,0.122316,-0.992045,0.029749,0.992397,0.122662,0.010066,-0.013635,0.028292,0.999507,0,0.80000,-0.07362,48.000,-0.147,-1,400.000,-1,375.000,-1,325.000,325.000,300.000,300.000,-1,-1,-1,-1,775.000,725.000,-1,-1,2,0,2,0,2,0,0,0,0,2,2,2,2,0,0,2,2
11,-1603.158,2607.920,-335.853,82.804,0.124883,-0.991750,0.028925,0.992080,0.125214,0.009896,-0.013436,0.027460,0.999533,0,0.83852,-0.07362,50.311,-0.147,-1,400.000,-1,375.000,-1,325.000,325.000,300.000,300.000,-1,-1,-1,-1,775.000,725.000,-1,-1,2,0,2,0,2,0,0,0,0,2,2,2,2,0,0,2,2
12,-1596.728,2657.819,-336.512,82.657,0.127448,-0.991445,0.028168,0.991757,0.127765,0.009729,-0.013245,0.026696,0.999556,0,0.83852,-0.07362,50.311,-0.147,-1,400.000,-1,375.000,-1,325.000,325.000,300.000,300.000,-1,-1,-1,-1,775.000,725.000,-1,-1,2,0,2,0,2,0,0,0,0,2,2,2,2,0,0,2,2
13,-1590.169,2707.701,-337.156,82.510,0.130012,-0.991134,0.027380,0.991426,0.130315,0.009581,-0.013064,0.025900,0.999579,0,0.83852,-0.07362,50.311,-0.147,-1,400.000,-1,375.000,-1,325.000,325.000,300.000,300.000,-1,-1,-1,-1,775.000,725.000,-1,-1,2,0,2,0,2,0,0,0,0,2,2,2,2,0,0,2,2
14,-1583.482,2757.565,-337.793,82.362,0.132575,-0.990816,0.026591,0.991089,0.132864,0.009433,-0.012879,0.025104,0.999602,0,0.83852,-0.07362,50.311,-0.147,-1,400.000,-1,375.000,-1,325.000,325.000,300.000,300.000,-1,-1,-1,-1,775.000,725.000,-1,-1,2,0,2,0,2,0,0,0,0,2,2,2,2,0,0,2,2
15,-1576.667,2807.413,-338.423,82.215,0.135136,-0.990491,0.025802,0.990746,0.135413,0.009284,-0.012690,0.024309,0.999624,0,0.83852,-0.07362,50.311,-0.147,-1,400.000,-1,375.000,-1,325.000,325.000,300.000,300.000,-1,-1,-1,-1,775.000,725.000,-1,-1,2,0,2,0,2,0,0,0,0,2,2,2,2,0,0,2,2
16,-1569.724,2857.243,-339.046,82.068,0.137697,-0.990159,0.025013,0.990396,0.137960,0.009135,-0.012496,0.023515,0.999645,0,0.83852,-0.07362,50.311,-0.147,-1,400.000,-1,375.000,-1,325.000,325.000,300.000,300.000,-1,-1,-1,-1,775.000,725.000,-1,-1,2,0,2,0,2,0,0,0,0,2,2,2,2,0,0,2,2
17,-1562.653,2907.055,-339.661,81.921,0.140256,-0.989819,0.024223,0.990039,0.140507,0.008986,-0.012298,0.022721,0.999666,0,0.83852,-0.07362,50.311,-0.147,-1,400.000,-1,375.000,-1,325.000,325.000,300.000,300.000,-1,-1,-1,-1,775.000,725.000,-1,-1,2,0,2,0,2,0,0,0,0,2,2,2,2,0,0,2,2
18,-1555.454,2956.848,-340.268,81.773,0.142814,-0.989472,0.023432,0.989676,0.143053,0.008836,-0.012095,0.021928,0.999686,0,0.83852,-0.07362,50.311,-0.147,-1,400.000,-1,375.000,-1,325.000,325.000,300.000,300.000,-1,-1,-1,-1,775.000,725.000,-1,-1,2,0,2,0,2,0,0,0,0,2,2,2,2,0,0,2,2
19,-1548.127,3006.623,-340.867,81.626,0.145371,-0.989118,0.022641,0.989306,0.145598,0.008686,-0.011888,0.021137,0.999706,0,0.83852,-0.07362,50.311,-0.147,-1,400.000,-1,375.000,-1,325.000,325.000,300.000,300.000,-1,-1,-1,-1,775.000,725.000,-1,-1,2,0,2,0,2,0,0,0,0,2,2,2,2,0,0,2,2
20,-1540.672,3056.379,-341.458,81.479,0.147927,-0.988757,0.021850,0.988929,0.148142,0.008537,-0.011677,0.020345,0.999725,0,0.83852,-0.07362,50.311,-0.147,-1,400.000,-1,375.000,-1,325.000,325.000,300.000,300.000,-1,-1,-1,-1,775.000,725.000,-1,-1,2,0,2,0,2,0,0,0,0,2,2,2,2,0,0,2,2
21,-1533.089,3106.116,-342.040,81.332,0.150482,-0.988388,0.021058,0.988546,0.150685,0.008387,-0.011462,0.019555,0.999743,0,0.83852,-0.07362,50.311,-0.147,-1,400.000,-1,375.000,-1,325.000,325.000,300.000,300.000,-1,-1,-1,-1,775.000,725.000,-1,-1,2,0,2,0,2,0,0,0,0,2,2,2,2,0,0,2,2
22,-1525.378,3155.833,-342.613,81.184,0.153035,-0.988013,0.020266,0.988157,0.153227,0.008237,-0.011243,0.018766,0.999761,0,0.83852,-0.07362,50.311,-0.147,-1,400.000,-1,375.000,-1,325.000,325.000,300.000,300.000,-1,-1,-1,-1,775.000,725.000,-1,-1,2,0,2,0,2,0,0,0,0,2,2,2,2,0,0,2,2
23,-1517.540,3205.530,-343.177,81.037,0.155587,-0.987630,0.019474,0.987761,0.155767,0.008087,-0.011020,0.017977,0.999778,0,0.83852,-0.07362,50.311,-0.147,-1,400.000,-1,375.000,-1,325.000,325.000,300.000,300.000,-1,-1,-1,-1,775.000,725.000,-1,-1,2,0,2,0,2,0,0,0,0,2,2,2,2,0,0,2,2
24,-1509.574,3255.206,-343.727,80.890,0.158137,-0.987240,0.018704,0.987358,0.158307,0.007965,-0.010824,0.017208,0.999793,0,0.83852,-0.07362,50.311,-0.147,-1,400.000,-1,375.000,-1,325.000,325.000,300.000,300.000,-1,-1,-1,-1,775.000,725.000,-1,-1,2,0,2,0,2,0,0,0,0,2,2,2,2,0,0,2,2
25,-1501.809,3301.624,-344.238,80.503,0.164817,-0.986160,0.017972,0.986266,0.164978,0.007895,-0.010750,0.016424,0.999807,0,0.78438,-0.19362,47.063,-0.387,-1,400.000,-1,375.000,-1,325.000,325.000,300.000,300.000,-1,-1,-1,-1,775.000,725.000,-1,-1,2,0,2,0,2,0,0,0,0,2,2,2,2,0,0,2,2
26,-1493.599,3347.965,-344.751,79.955,0.174254,-0.984549,0.017269,0.984642,0.174408,0.007845,-0.010736,0.015637,0.999820,0,0.78438,-0.27411,47.063,-0.548,-1,400.000,-1,375.000,-1,325.000,325.000,300.000,300.000,-1,-1,-1,-1,775.000,725.000,-1,-1,2,0,2,0,2,0,0,0,0,2,2,2,2,0,0,2,2
27,-1484.947,3394.226,-345.272,79.406,0.183675,-0.982846,0.016616,0.982928,0.183823,0.007818,-0.010739,0.014896,0.999831,0,0.78438,-0.27411,47.063,-0.548,-1,400.000,-1,375.000,-1,325.000,325.000,300.000,300.000,-1,-1,-1,-1,775.000,725.000,-1,-1,2,0,2,0,2,0,0,0,0,2,2,2,2,0,0,2,2
28,-1475.809,3440.631,-345.792,78.860,0.193039,-0.981061,0.015963,0.981132,0.193180,0.007787,-0.010723,0.014158,0.999842,0,0.78828,-0.27293,47.297,-0.546,-1,400.000,-1,375.000,-1,325.000,325.000,300.000,300.000,-1,-1,-1,-1,775.000,725.000,-1,-1,2,0,2,0,2,0,0,0,0,2,2,2,2,0,0,2,2
29,-1466.075,3487.731,-346.314,78.323,0.202237,-0.979217,0.015302,0.979278,0.202371,0.007751,-0.010686,0.013417,0.999853,0,0.80158,-0.26857,48.095,-0.537,-1,400.000,-1,375.000,-1,325.000,325.000,300.000,300.000,-1,-1,-1,-1,775.000,725.000,-1,-1,2,0,2,0,2,0,0,0,0,2,2,2,2,0,0,2,2
30,-1455.739,3535.521,-346.839,77.796,0.211249,-0.977323,0.014633,0.977374,0.211376,0.007709,-0.010627,0.012673,0.999863,0,0.81492,-0.26365,48.895,-0.527,-1,400.000,-1,375.000,-1,325.000,325.000,300.000,300.000,-1,-1,-1,-1,775.000,725.000,-1,-1,2,0,2,0,2,0,0,0,0,2,2,2,2,0,0,2,2
31,-1444.796,3583.998,-347.364,77.280,0.220056,-0.975387,0.013960,0.975430,0.220176,0.007658,-0.010543,0.011932,0.999873,0,0.82828,-0.25814,49.697,-0.516,-1,400.000,-1,375.000,-1,325.000,325.000,300.000,300.000,-1,-1,-1,-1,800.000,725.000,-1,-1,2,0,2,0,2,0,0,0,0,2,2,2,2,0,0,2,2
32,-1433.244,3633.158,-347.883,76.776,0.228638,-0.973421,0.013292,0.973456,0.228750,0.007588,-0.010427,0.011204,0.999883,0,0.84164,-0.25202,50.498,-0.504,-1,400.000,-1,375.000,-1,325.000,325.000,300.000,300.000,-1,-1,-1,-1,800.000,750.000,-1,-1,2,0,2,0,2,0,0,0,0,2,2,2,2,0,0,2,2
33,-1421.082,3682.993,-348.401,76.285,0.236972,-0.971435,0.012616,0.971462,0.237076,0.007513,-0.010289,0.010476,0.999892,0,0.85496,-0.24525,51.298,-0.491,-1,400.000,-1,375.000,-1,325.000,325.000,300.000,300.000,-1,-1,-1,-1,800.000,750.000,-1,-1,2,0,2,0,2,0,0,0,0,2,2,2,2,0,0,2,2
34,-1407.861,3736.153,-348.940,76.035,0.241227,-0.970396,0.011896,0.970416,0.241323,0.007434,-0.010085,0.009751,0.999902,0,0.91300,-0.12525,54.780,-0.251,-1,400.000,-1,375.000,-1,325.000,325.000,300.000,300.000,-1,-1,-1,-1,800.000,750.000,-1,-1,2,0,2,0,2,0,0,0,0,2,2,2,2,0,0,2,2
35,-1394.428,3790.126,-349.471,76.024,0.241414,-0.970358,0.011165,0.970372,0.241503,0.007358,-0.009836,0.009058,0.999911,0,0.92700,-0.00525,55.620,-0.011,-1,400.000,-1,400.000,-1,325.000,325.000,300.000,300.000,-1,-1,-1,-1,800.000,750.000,-1,-1,2,0,2,0,2,0,0,0,0,2,2,2,2,0,0,2,2
36,-1381.010,3844.977,-349.990,76.254,0.237535,-0.971323,0.010422,0.971332,0.237615,0.007289,-0.009556,0.008392,0.999919,0,0.94112,0.11475,56.467,0.229,-1,400.000,-1,400.000,-1,325.000,325.000,300.000,300.000,-1,-1,-1,-1,775.000,750.000,1000.000,-1,2,0,2,0,2,0,0,0,0,2,2,2,2,1,0,1,2
37,-1367.845,3900.772,-350.530,76.723,0.229578,-0.973244,0.009534,0.973246,0.229650,0.007311,-0.009305,0.007600,0.999928,0,0.95546,0.23475,57.328,0.469,-1,400.000,-1,400.000,-1,325.000,325.000,300.000,300.000,-1,-1,-1,-1,750.000,750.000,950.000,-1,2,0,2,0,2,0,0,0,0,2,2,2,2,1,0,1,2
38,-1355.180,3957.583,-351.120,77.433,0.217519,-0.976020,0.008404,0.976012,0.217582,0.007601,-0.009247,0.006549,0.999936,0,0.97010,0.35475,58.206,0.709,-1,400.000,-1,400.000,-1,325.000,325.000,300.000,300.000,-1,-1,-1,-1,700.000,750.000,900.000,-1,2,0,2,0,2,0,0,0,0,2,2,2,2,1,0,1,2
39,-1343.276,4015.481,-351.768,78.382,0.201322,-0.979496,0.007525,0.979481,0.201380,0.007935,-0.009288,0.005773,0.999940,0,0.98514,0.47475,59.109,0.949,-1,400.000,-1,400.000,-1,325.000,325.000,300.000,300.000,-1,-1,-1,-1,675.000,750.000,850.000,-1,2,0,2,0,2,0,0,0,0,2,2,2,2,1,1,1,2
40,-1332.416,4074.490,-352.519,79.572,0.180946,-0.983467,0.007101,0.983446,0.181003,0.008504,-0.009649,0.005445,0.999939,0,1.00000,0.59475,60.000,1.189,975.000,400.000,-1,400.000,-1,325.000,325.000,300.000,300.000,-1,-1,-1,-1,650.000,700.000,775.000,-1,1,0,2,0,2,0,0,0,0,2,2,2,2,1,1,1,2
41,-1323.031,4133.752,-353.249,81.001,0.156356,-0.987678,0.006660,0.987650,0.156413,0.009110,-0.010040,0.005153,0.999936,0,1.00000,0.71475,60.000,1.429,925.000,400.000,975.000,400.000,-1,325.000,325.000,300.000,300.000,-1,-1,-1,-1,600.000,650.000,725.000,-1,1,0,1,0,2,0,0,0,0,2,2,2,2,1,1,1,2
42,-1315.199,4193.238,-353.953,82.500,0.130468,-0.991433,0.006208,0.991397,0.130524,0.009766,-0.010493,0.004880,0.999933,0,1.00000,0.74945,60.000,1.499,875.000,400.000,925.000,400.000,-1,325.000,325.000,300.000,300.000,-1,-1,-1,-1,575.000,600.000,675.000,925.000,1,0,1,0,2,0,0,0,0,2,2,2,2,1,1,1,1
43,-1308.935,4252.910,-354.636,84.007,0.104348,-0.994524,0.005715,0.994480,0.104403,0.010454,-0.010993,0.004592,0.999929,0,1.00000,0.75356,60.000,1.507,825.000,400.000,850.000,400.000,-1,325.000,325.000,300.000,300.000,-1,-1,-1,-1,525.000,550.000,625.000,775.000,1,1,1,0,2,0,0,0,0,2,2,2,2,1,1,1,1
44,-1304.138,4312.718,-355.302,85.414,0.079902,-0.996789,0.005180,0.996736,0.079956,0.011168,-0.011546,0.004271,0.999924,0,1.00000,0.70338,60.000,1.407,750.000,375.000,800.000,375.000,-1,325.000,325.000,300.000,300.000,-1,-1,-1,-1,500.000,500.000,575.000,675.000,1,1,1,1,2,1,1,0,0,2,2,2,2,1,1,1,1
45,-1300.805,4372.626,-355.953,86.816,0.055496,-0.998448,0.004606,0.998385,0.055548,0.011904,-0.012141,0.003938,0.999919,0,1.00000,0.70089,60.000,1.402,675.000,350.000,725.000,350.000,-1,300.000,300.000,300.000,300.000,-1,-1,-1,-1,450.000,475.000,525.000,575.000,1,1,1,1,2,1,1,0,0,2,2,2,2,1,1,1,1
46,-1298.931,4432.596,-356.592,88.211,0.031175,-0.999506,0.003992,0.999432,0.031223,0.012658,-0.012776,0.003595,0.999912,0,1.00000,0.69752,60.000,1.395,625.000,300.000,675.000,325.000,675.000,275.000,275.000,300.000,300.000,-1,-1,-1,-1,425.000,425.000,450.000,475.000,1,1,1,1,1,1,1,0,0,2,2,2,2,1,1,1,1
47,-1298.509,4492.595,-357.220,89.597,0.006986,-0.999970,0.003339,0.999885,0.007030,0.013425,-0.013449,0.003245,0.999904,0,1.00000,0.69323,60.000,1.386,550.000,275.000,600.000,275.000,500.000,250.000,250.000,300.000,300.000,-1,-1,-1,-1,400.000,375.000,400.000,400.000,1,1,1,1,1,1,1,0,0,2,2,2,2,1,1,1,1
48,-1299.528,4552.586,-357.841,90.973,-0.017023,-0.999852,0.002649,0.999755,-0.016983,0.014203,-0.014156,0.002890,0.999896,0,1.00000,0.68797,60.000,1.376,475.000,250.000,550.000,250.000,375.000,225.000,225.000,300.000,300.000,-1,-1,-1,-1,350.000,350.000,350.000,325.000,1,1,1,1,1,1,1,0,0,2,2,2,2,1,1,1,1
49,-1301.975,4612.536,-356.231,92.337,-0.040748,-0.999165,-0.003007,0.999142,-0.040769,0.007249,-0.007366,-0.002709,0.999969,0,1.00000,0.68170,60.000,1.363,425.000,250.000,525.000,225.000,325.000,200.000,200.000,300.000,325.000,-1,-1,-1,-1,325.000,325.000,325.000,275.000,1,1,1,1,1,1,1,0,0,2,2,2,2,1,1,1,1
50,-1305.831,4672.412,-349.256,93.685,-0.064371,-0.997913,-0.005060,0.997781,-0.064275,-0.017387,0.017026,-0.006168,0.999836,0,1.00000,0.67437,60.000,1.349,-1,250.000,575.000,250.000,350.000,225.000,225.000,325.000,350.000,-1,375.000,475.000,-1,350.000,350.000,375.000,300.000,2,1,1,1,1,1,1,0,0,2,0,0,2,1,1,1,1
51,-1311.078,4732.184,-342.323,95.017,-0.087772,-0.996123,-0.005929,0.995287,-0.087449,-0.041913,0.041232,-0.009580,0.999104,0,1.00000,0.66591,60.000,1.332,-1,275.000,-1,250.000,400.000,225.000,225.000,350.000,375.000,-1,175.000,225.000,-1,375.000,350.000,525.000,300.000,2,1,2,1,1,1,1,0,0,2,0,0,2,1,1,1,1
52,-1317.693,4791.822,-335.438,96.330,-0.110852,-0.993821,-0.005642,0.991696,-0.110239,-0.066230,0.065199,-0.012937,0.997788,0,1.00000,0.65626,60.000,1.313,-1,275.000,-1,275.000,425.000,225.000,225.000,350.000,400.000,1000.000,125.000,150.000,-1,400.000,375.000,-1,325.000,2,1,2,1,1,1,1,0,0,0,0,0,2,1,1,2,1
53,-8855.043,-7543.258,-118.387,-131.876,-0.667866,0.741282,0.066752,-0.744265,-0.664558,-0.066582,-0.004996,-0.094149,0.995546,1,0.00000,0.00000,60.000,1.553,900.000,400.000,925.000,400.000,800.000,325.000,325.000,300.000,300.000,875.000,625.000,-1,-1,575.000,600.000,700.000,700.000,1,0,1,0,1,0,0,0,0,1,1,2,2,1,1,1,1
54,-8858.236,-7546.842,-118.408,-131.707,-0.665691,0.743242,0.066685,-0.746209,-0.662367,-0.066651,-0.005368,-0.094130,0.995545,0,0.08000,0.08458,4.800,0.169,900.000,400.000,925.000,400.000,800.000,325.000,325.000,300.000,300.000,900.000,625.000,-1,-1,575.000,600.000,700.000,700.000,1,0,1,0,1,0,0,0,0,1,1,2,2,1,1,1,1
55,-8864.602,-7554.027,-118.458,-131.537,-0.663501,0.745210,0.066550,-0.748153,-0.660157,-0.066787,-0.005837,-0.094103,0.995545,0,0.16000,0.08516,9.600,0.170,900.000,400.000,925.000,400.000,775.000,325.000,325.000,300.000,300.000,900.000,625.000,-1,-1,575.000,600.000,675.000,700.000,1,0,1,0,1,0,0,0,0,1,1,2,2,1,1,1,1
56,-8874.117,-7564.835,-118.540,-131.364,-0.661281,0.747198,0.066349,-0.750111,-0.657910,-0.066991,-0.006404,-0.094069,0.995545,0,0.24000,0.08633,14.400,0.173,875.000,400.000,900.000,400.000,750.000,325.000,325.000,300.000,300.000,925.000,650.000,-1,-1,575.000,600.000,675.000,675.000,1,1,1,0,1,0,0,0,0,1,1,2,2,1,1,1,1
57,-8886.761,-7579.284,-118.676,-131.188,-0.659012,0.749225,0.066068,-0.752100,-0.655616,-0.067186,-0.007022,-0.093966,0.995551,0,0.32000,0.08809,19.200,0.176,825.000,400.000,875.000,400.000,725.000,325.000,325.000,300.000,300.000,975.000,675.000,-1,-1,550.000,575.000,650.000,650.000,1,1,1,0,1,0,0,0,0,1,1,2,2,1,1,1,1
58,-8902.509,-7597.395,-118.891,-131.007,-0.656673,0.751309,0.065691,-0.754137,-0.653262,-0.067284,-0.007638,-0.093724,0.995569,0,0.40000,0.09047,24.000,0.181,800.000,375.000,850.000,400.000,700.000,325.000,325.000,300.000,300.000,-1,700.000,-1,-1,550.000,575.000,625.000,625.000,1,1,1,0,1,0,0,0,0,2,1,2,2,1,1,1,1
59,-8921.335,-7619.189,-119.162,-130.820,-0.654253,0.753457,0.065238,-0.756230,-0.650824,-0.067409,-0.008331,-0.093438,0.995590,0,0.48000,0.09347,28.800,0.187,750.000,375.000,825.000,400.000,650.000,325.000,325.000,300.000,300.000,-1,975.000,-1,-1,525.000,550.000,600.000,600.000,1,1,1,1,1,0,0,0,0,2,1,2,2,1,1,1,1
60,-8943.108,-7644.779,-119.510,-130.393,-0.648672,0.758312,0.064707,-0.761009,-0.645215,-0.067543,-0.009469,-0.093056,0.995616,0,0.56000,0.21347,33.600,0.427,700.000,375.000,775.000,400.000,600.000,325.000,325.000,300.000,300.000,-1,-1,-1,-1,500.000,550.000,575.000,575.000,1,1,1,1,1,0,0,0,0,2,2,2,2,1,1,1,1
61,-8967.728,-7674.248,-119.952,-129.876,-0.641862,0.764136,0.064105,-0.766744,-0.638373,-0.067704,-0.010812,-0.092609,0.995644,0,0.64000,0.25852,38.400,0.517,650.000,350.000,750.000,375.000,550.000,325.000,325.000,300.000,300.000,-1,-1,-1,-1,475.000,525.000,525.000,525.000,1,1,1,1,1,0,0,0,0,2,2,2,2,1,1,1,1
62,-8995.123,-7707.651,-120.499,-129.357,-0.634973,0.769926,0.063435,-0.772438,-0.631450,-0.067901,-0.012222,-0.092115,0.995673,0,0.72000,0.25965,43.200,0.519,600.000,325.000,700.000,375.000,500.000,325.000,325.000,300.000,300.000,-1,-1,-1,-1,450.000,500.000,475.000,500.000,1,1,1,1,1,1,0,0,0,2,2,2,2,1,1,1,1
63,-9025.222,-7745.040,-121.166,-128.835,-0.627996,0.775687,0.062700,-0.778096,-0.624439,-0.068137,-0.013700,-0.091576,0.995704,0,0.80000,0.26107,48.000,0.522,525.000,325.000,650.000,350.000,450.000,300.000,325.000,300.000,300.000,-1,-1,-1,-1,425.000,475.000,425.000,450.000,1,1,1,1,1,1,0,0,0,2,2,2,2,1,1,1,1
64,-9057.954,-7786.470,-121.704,-128.309,-0.620856,0.781500,0.061599,-0.783792,-0.617390,-0.067080,-0.014392,-0.089928,0.995844,0,0.88000,0.26281,52.800,0.526,475.000,300.000,600.000,350.000,400.000,275.000,325.000,300.000,300.000,-1,-1,-1,-1,400.000,425.000,375.000,400.000,1,1,1,1,1,1,1,0,0,2,2,2,2,1,1,1,1
65,-9093.247,-7831.990,-121.177,-127.779,-0.613321,0.787631,0.058951,-0.789754,-0.610489,-0.059929,-0.011213,-0.083312,0.996460,0,0.96000,0.26492,57.600,0.530,425.000,275.000,550.000,325.000,325.000,250.000,300.000,325.000,300.000,-1,-1,-1,-1,375.000,400.000,350.000,350.000,1,1,1,1,1,1,1,0,0,2,2,2,2,1,1,1,1
66,-9129.565,-7879.749,-119.664,-127.244,-0.605491,0.793704,0.058437,-0.795839,-0.603418,-0.050268,-0.004636,-0.076943,0.997025,0,1.00000,0.26748,60.000,0.535,425.000,250.000,500.000,300.000,300.000,250.000,275.000,325.000,300.000,-1,-1,-1,-1,350.000,375.000,325.000,300.000,1,1,1,1,1,1,1,0,1,2,2,2,2,1,1,1,1
67,-9165.429,-7927.851,-115.993,-126.703,-0.597120,0.799453,0.065745,-0.802105,-0.595967,-0.038102,0.008721,-0.075486,0.997109,0,1.00000,0.27040,60.000,0.541,400.000,250.000,500.000,275.000,275.000,225.000,250.000,350.000,300.000,-1,575.000,400.000,-1,325.000,350.000,325.000,300.000,1,1,1,1,1,1,1,0,1,2,0,0,2,1,1,1,1
68,-9200.832,-7976.293,-111.486,-126.156,-0.588305,0.805191,0.074599,-0.808253,-0.588366,-0.023488,0.024979,-0.074113,0.996937,0,1.00000,0.27357,60.000,0.547,400.000,250.000,500.000,250.000,275.000,225.000,225.000,375.000,300.000,-1,275.000,225.000,-1,325.000,325.000,325.000,275.000,1,1,1,1,1,1,1,0,1,2,0,0,2,1,1,1,1
69,-9235.765,-8025.076,-106.155,-125.602,-0.578967,0.810920,0.084882,-0.814159,-0.580607,-0.006428,0.044070,-0.072830,0.996370,0,1.00000,0.27706,60.000,0.554,425.000,250.000,525.000,250.000,250.000,225.000,225.000,400.000,300.000,-1,175.000,150.000,-1,300.000,325.000,325.000,275.000,1,1,1,1,1,1,1,0,1,2,0,0,2,1,1,1,1
70,-9267.659,-8070.133,-100.437,-125.288,-0.572673,0.814158,0.095883,-0.817227,-0.576199,0.011608,0.064698,-0.071710,0.995325,0,0.92000,0.15706,55.200,0.314,425.000,225.000,600.000,250.000,250.000,200.000,225.000,425.000,300.000,-1,150.000,125.000,-1,300.000,325.000,325.000,250.000,1,1,1,1,1,1,1,0,1,2,0,0,2,1,1,1,1
71,-2295.747,327.965,-271.392,-91.588,-0.027095,0.998206,0.053389,-0.999565,-0.027678,0.010216,0.011675,-0.053089,0.998522,1,0.00000,0.00000,50.400,0.074,700.000,400.000,-1,400.000,-1,325.000,325.000,300.000,300.000,-1,-1,-1,-1,625.000,850.000,725.000,-1,1,1,2,0,2,0,0,0,0,2,2,2,2,1,0,1,2
72,-2295.900,323.168,-271.334,-91.828,-0.031276,0.998084,0.053389,-0.999441,-0.031860,0.010117,0.011798,-0.053042,0.998523,0,0.08000,-0.12000,4.800,-0.240,700.000,400.000,-1,400.000,-1,325.000,325.000,300.000,300.000,-1,-1,-1,-1,625.000,850.000,725.000,-1,1,1,2,0,2,0,0,0,0,2,2,2,2,1,0,1,2
73,-2296.285,313.575,-271.213,-92.298,-0.039449,0.997795,0.053383,-0.999149,-0.040033,0.009920,0.012035,-0.052946,0.998525,0,0.16000,-0.23463,9.600,-0.469,700.000,400.000,-1,400.000,-1,325.000,325.000,300.000,300.000,-1,-1,-1,-1,625.000,850.000,700.000,-1,1,1,2,0,2,0,0,0,0,2,2,2,2,1,0,1,2
74,-2296.978,299.192,-271.026,-92.758,-0.047471,0.997446,0.053373,-0.998799,-0.048051,0.009624,0.012164,-0.052852,0.998528,0,0.24000,-0.23023,14.400,-0.460,675.000,400.000,-1,400.000,-1,325.000,325.000,300.000,300.000,-1,-1,-1,-1,625.000,850.000,700.000,-1,1,1,2,0,2,0,0,0,0,2,2,2,2,1,0,1,2
75,-2298.052,280.022,-270.770,-93.207,-0.055301,0.997043,0.053354,-0.998395,-0.055869,0.009230,0.012183,-0.052758,0.998533,0,0.32000,-0.22461,19.200,-0.449,650.000,375.000,-1,400.000,-1,325.000,325.000,300.000,300.000,-1,-1,-1,-1,625.000,850.000,675.000,-1,1,1,2,0,2,1,0,0,0,2,2,2,2,1,0,1,2
76,-2299.577,256.070,-270.441,-93.643,-0.062891,0.996595,0.053320,-0.997947,-0.063444,0.008737,0.012090,-0.052661,0.998539,0,0.40000,-0.21767,24.000,-0.435,625.000,375.000,-1,400.000,-1,325.000,325.000,300.000,300.000,-1,-1,-1,-1,600.000,850.000,675.000,-1,1,1,2,0,2,1,0,0,0,2,2,2,2,1,0,1,2
77,-2301.617,227.343,-270.035,-94.061,-0.070193,0.996110,0.053266,-0.997463,-0.070724,0.008147,0.011882,-0.052559,0.998547,0,0.48000,-0.20932,28.800,-0.419,600.000,375.000,-1,400.000,-1,325.000,325.000,300.000,300.000,-1,-1,-1,-1,600.000,850.000,650.000,-1,1,1,2,0,2,1,0,0,0,2,2,2,2,1,0,1,2
78,-2304.229,193.844,-269.550,-94.460,-0.077153,0.995600,0.053188,-0.996952,-0.077657,0.007458,0.011556,-0.052450,0.998557,0,0.56000,-0.19942,33.600,-0.399,575.000,375.000,-1,400.000,-1,325.000,325.000,325.000,300.000,-1,-1,-1,-1,600.000,850.000,625.000,-1,1,1,2,0,2,1,0,0,0,2,2,2,2,1,0,1,2
79,-2307.467,155.581,-268.983,-94.836,-0.083713,0.995075,0.053080,-0.996428,-0.084183,0.006672,0.011107,-0.052332,0.998568,0,0.64000,-0.18782,38.400,-0.376,525.000,375.000,-1,400.000,-1,325.000,325.000,325.000,300.000,-1,-1,-1,-1,600.000,850.000,575.000,-1,1,1,2,0,2,1,0,0,0,2,2,2,2,1,0,1,2
80,-2311.370,112.557,-268.331,-95.184,-0.089807,0.994551,0.052938,-0.995904,-0.090237,0.005786,0.010531,-0.052202,0.998581,0,0.72000,-0.17433,43.200,-0.349,500.000,375.000,-1,400.000,-1,325.000,325.000,325.000,300.000,-1,-1,-1,-1,575.000,850.000,550.000,-1,1,1,2,0,2,1,0,0,0,2,2,2,2,1,0,1,2
81,-2315.972,64.778,-267.593,-95.502,-0.095363,0.994043,0.052758,-0.995394,-0.095748,0.004799,0.009822,-0.052058,0.998596,0,0.80000,-0.15875,48.000,-0.318,450.000,350.000,-1,400.000,-1,325.000,325.000,325.000,300.000,-1,-1,-1,-1,575.000,850.000,525.000,-1,1,1,2,0,2,0,0,0,0,2,2,2,2,1,1,1,2
82,-2321.293,12.247,-266.619,-95.783,-0.100259,0.993600,0.052026,-0.994912,-0.100637,0.004683,0.009889,-0.051291,0.998635,0,0.88000,-0.14082,52.800,-0.282,425.000,350.000,-1,400.000,-1,325.000,325.000,325.000,300.000,-1,-1,-1,-1,575.000,800.000,475.000,-1,1,1,2,0,2,0,0,0,0,2,2,2,2,1,1,1,2
83,-2327.341,-45.035,-264.901,-96.024,-0.104319,0.993407,0.047537,-0.994454,-0.104831,0.008410,0.013338,-0.046396,0.998834,0,0.96000,-0.12024,57.600,-0.240,400.000,375.000,-1,425.000,-1,325.000,350.000,325.000,300.000,-1,-1,-1,-1,600.000,775.000,475.000,-1,1,1,2,0,2,0,0,0,0,2,2,2,2,1,1,1,2
84,-2333.642,-104.703,-263.524,-96.024,-0.104286,0.993656,0.042089,-0.994416,-0.104866,0.011812,0.016150,-0.040623,0.999044,0,1.00000,-0.00024,60.000,-0.000,375.000,375.000,-1,425.000,-1,350.000,350.000,350.000,300.000,-1,-1,-1,-1,600.000,750.000,475.000,1000.000,1,1,2,0,2,0,0,0,0,2,2,2,2,1,1,1,1
85,-2339.692,-164.397,-262.235,-95.785,-0.100129,0.994293,0.036826,-0.994802,-0.100732,0.014881,0.018506,-0.035145,0.999211,0,1.00000,0.11976,60.000,0.240,375.000,375.000,-1,450.000,-1,350.000,350.000,350.000,300.000,-1,-1,-1,-1,600.000,700.000,475.000,925.000,1,1,2,0,2,0,0,0,0,2,2,2,2,1,1,1,1
86,-2345.242,-224.140,-261.004,-95.305,-0.091834,0.995274,0.031563,-0.995562,-0.092423,0.017713,0.020546,-0.029797,0.999345,0,1.00000,0.23976,60.000,0.480,350.000,400.000,1000.000,450.000,-1,375.000,350.000,375.000,300.000,-1,-1,-1,-1,600.000,675.000,450.000,875.000,1,1,1,0,2,0,0,0,0,2,2,2,2,1,1,1,1
87,-2350.083,-283.944,-259.800,-94.627,-0.080098,0.996444,0.026143,-0.996534,-0.080641,0.020411,0.022446,-0.024417,0.999450,0,1.00000,0.33929,60.000,0.679,325.000,400.000,950.000,450.000,-1,375.000,375.000,350.000,300.000,-1,-1,-1,-1,600.000,625.000,425.000,800.000,1,1,1,1,2,0,0,1,0,2,2,2,2,1,1,1,1
88,-2354.163,-343.806,-258.608,-93.898,-0.067497,0.997508,0.020552,-0.997421,-0.067967,0.023056,0.024395,-0.018943,0.999523,0,1.00000,0.36443,60.000,0.729,300.000,375.000,875.000,425.000,-1,375.000,375.000,325.000,275.000,-1,-1,350.000,-1,600.000,575.000,-1,725.000,1,1,1,1,2,1,1,1,0,2,2,0,2,1,1,2,1
89,-2357.426,-403.717,-257.409,-93.116,-0.053988,0.998433,0.014698,-0.998191,-0.054354,0.025707,0.026466,-0.013283,0.999561,0,1.00000,0.39093,60.000,0.782,300.000,375.000,825.000,400.000,775.000,350.000,350.000,300.000,275.000,-1,850.000,275.000,-1,650.000,550.000,-1,650.000,1,1,1,1,1,1,1,1,0,2,0,0,2,1,1,2,1
90,-2359.811,-463.670,-256.181,-92.278,-0.039527,0.999183,0.008477,-0.998805,-0.039753,0.028421,0.028735,-0.007343,0.999560,0,1.00000,0.41885,60.000,0.838,275.000,350.000,775.000,375.000,625.000,325.000,325.000,275.000,275.000,-1,475.000,250.000,-1,-1,500.000,-1,575.000,1,1,1,1,1,1,1,1,0,2,0,0,2,2,1,2,1
91,-2361.258,-523.652,-254.901,-91.382,-0.024073,0.999709,0.001776,-0.999221,-0.024117,0.031253,0.031287,-0.001022,0.999510,0,1.00000,0.44821,60.000,0.896,-1,350.000,725.000,350.000,550.000,300.000,300.000,275.000,275.000,-1,425.000,200.000,-1,-1,450.000,-1,500.000,2,1,1,1,1,1,1,1,0,2,0,0,2,2,1,2,1
92,-2361.701,-583.651,-253.545,-90.424,-0.007591,0.999956,-0.005533,-0.999386,-0.007397,0.034249,0.034207,0.005790,0.999398,0,1.00000,0.47903,60.000,0.958,-1,350.000,675.000,300.000,475.000,275.000,275.000,250.000,275.000,-1,375.000,150.000,-1,-1,425.000,-1,425.000,2,1,1,1,1,1,1,1,0,2,0,0,2,2,1,2,1
93,-2361.073,-643.648,-252.088,-89.401,0.009945,0.999858,-0.013587,-0.999244,0.010448,0.037451,0.037588,0.013205,0.999206,0,1.00000,0.51127,60.000,1.023,-1,350.000,625.000,275.000,375.000,275.000,250.000,250.000,275.000,-1,350.000,125.000,975.000,-1,375.000,-1,350.000,2,1,1,1,1,1,1,1,0,2,0,0,0,2,1,2,1
94,-2359.212,-703.620,-246.744,-88.222,0.030700,0.999500,-0.007518,-0.998368,0.031025,0.047942,0.048151,0.006034,0.998822,0,1.00000,0.58962,60.000,1.179,-1,375.000,625.000,275.000,375.000,250.000,250.000,225.000,300.000,-1,275.000,150.000,975.000,-1,375.000,-1,350.000,2,1,1,1,1,1,1,1,0,2,0,0,0,2,1,2,1
95,-2356.047,-763.538,-241.095,-86.975,0.053138,0.998577,0.004570,-0.996842,0.052774,0.059339,0.059014,-0.007709,0.998227,0,1.00000,0.62365,60.000,1.247,-1,450.000,-1,275.000,350.000,250.000,225.000,200.000,350.000,-1,225.000,150.000,-1,-1,375.000,-1,325.000,2,1,2,1,1,1,1,1,0,2,0,0,2,2,1,2,1
96,-2351.504,-823.367,-235.892,-85.657,0.077131,0.996861,0.017835,-0.994642,0.075700,0.070406,0.068835,-0.023170,0.997359,0,1.00000,0.65869,60.000,1.317,-1,-1,-1,250.000,350.000,250.000,225.000,175.000,375.000,-1,200.000,175.000,-1,-1,350.000,-1,325.000,2,2,2,1,1,1,1,1,0,2,0,0,2,2,1,2,1
97,-6887.322,4919.481,-215.004,106.703,-0.287037,-0.955193,0.072217,0.957906,-0.286624,0.016242,0.005185,0.073839,0.997257,1,0.00000,0.00000,60.000,1.336,-1,375.000,-1,375.000,500.000,325.000,300.000,300.000,300.000,-1,525.000,550.000,-1,675.000,475.000,-1,500.000,2,0,2,1,1,0,0,0,0,2,0,0,2,1,1,2,1
98,-6888.682,4924.085,-214.977,106.463,-0.283030,-0.956384,0.072278,0.959098,-0.282620,0.016057,0.005071,0.073866,0.997255,0,0.08000,-0.12000,4.800,-0.240,-1,375.000,-1,375.000,500.000,325.000,300.000,300.000,300.000,-1,525.000,550.000,-1,675.000,475.000,-1,475.000,2,0,2,1,1,0,0,0,0,2,0,0,2,1,1,2,1
99,-6891.326,4933.314,-214.929,105.983,-0.275001,-0.958714,0.072394,0.961432,-0.274597,0.015682,0.004844,0.073914,0.997253,0,0.16000,-0.24000,9.600,-0.480,-1,375.000,-1,350.000,500.000,325.000,300.000,300.000,300.000,-1,525.000,550.000,-1,675.000,475.000,-1,475.000,2,0,2,1,1,0,0,0,0,2,0,0,2,1,1,2,1
100,-6895.116,4947.207,-214.871,105.263,-0.262922,-0.962085,0.072552,0.964806,-0.262526,0.015112,0.004507,0.073972,0.997250,0,0.24000,-0.36000,14.400,-0.720,-1,375.000,-1,350.000,475.000,325.000,325.000,300.000,300.000,-1,525.000,525.000,-1,675.000,450.000,-1,475.000,2,0,2,1,1,0,0,0,0,2,0,0,2,1,1,2,1
101,-6899.860,4965.812,-214.818,104.303,-0.246753,-0.966345,0.072732,0.969070,-0.246370,0.014339,0.004062,0.074021,0.997248,0,0.32000,-0.48000,19.200,-0.960,-1,375.000,-1,350.000,475.000,325.000,325.000,300.000,300.000,-1,525.000,525.000,-1,650.000,450.000,-1,450.000,2,0,2,1,1,0,1,0,0,2,0,0,2,1,1,2,1
102,-6905.301,4989.188,-214.793,103.103,-0.226444,-0.971291,0.072911,0.974018,-0.226078,0.013353,0.003514,0.074040,0.997249,0,0.40000,-0.60000,24.000,-1.200,-1,375.000,950.000,325.000,450.000,325.000,300.000,300.000,300.000,-1,525.000,525.000,-1,625.000,425.000,-1,425.000,2,1,1,1,1,1,1,0,0,2,0,0,2,1,1,2,1
103,-6911.123,5017.394,-214.820,101.663,-0.201943,-0.976669,0.073056,0.979393,-0.201598,0.012143,0.002868,0.074003,0.997254,0,0.48000,-0.72000,28.800,-1.440,-1,375.000,850.000,325.000,450.000,300.000,300.000,300.000,300.000,-1,525.000,525.000,-1,600.000,425.000,-1,425.000,2,1,1,1,1,1,1,0,0,2,0,0,2,1,1,2,1
104,-6916.947,5050.486,-214.929,99.983,-0.173197,-0.982168,0.073131,0.984885,-0.172880,0.010700,0.002134,0.073879,0.997265,0,0.56000,-0.84000,33.600,-1.680,-1,350.000,750.000,300.000,425.000,300.000,275.000,300.000,300.000,-1,525.000,525.000,-1,575.000,400.000,-1,400.000,2,1,1,1,1,1,1,0,0,2,0,0,2,1,1,2,1
105,-6922.375,5088.502,-215.151,98.125,-0.141237,-0.987273,0.073100,0.989975,-0.140955,0.009016,0.001403,0.073641,0.997284,0,0.64000,-0.92876,38.400,-1.858,-1,350.000,675.000,300.000,400.000,275.000,275.000,300.000,300.000,-1,525.000,525.000,-1,525.000,375.000,-1,375.000,2,1,1,1,1,1,1,0,0,2,0,0,2,1,1,2,1
106,-6927.095,5131.445,-215.512,96.273,-0.109205,-0.991339,0.072949,0.994019,-0.108978,0.007092,0.000920,0.073287,0.997310,0,0.72000,-0.92600,43.200,-1.852,-1,325.000,600.000,275.000,350.000,250.000,250.000,300.000,300.000,-1,475.000,475.000,-1,500.000,350.000,-1,325.000,2,1,1,1,1,1,1,0,0,2,0,0,2,1,1,2,1
107,-6930.800,5179.302,-216.034,94.427,-0.077142,-0.994369,0.072653,0.997020,-0.076987,0.004928,0.000693,0.072817,0.997345,0,0.80000,-0.92307,48.000,-1.846,-1,300.000,525.000,250.000,325.000,250.000,225.000,300.000,300.000,-1,425.000,450.000,-1,450.000,325.000,-1,300.000,2,1,1,1,1,1,1,0,0,2,0,0,2,1,1,2,1
108,-6933.183,5232.050,-216.702,92.587,-0.045098,-0.996380,0.072062,0.998982,-0.045026,0.002622,0.000632,0.072107,0.997397,0,0.88000,-0.91989,52.800,-1.840,-1,275.000,450.000,225.000,275.000,225.000,200.000,300.000,300.000,-1,400.000,425.000,-1,400.000,300.000,-1,250.000,2,1,1,1,1,1,1,0,0,2,0,0,2,1,1,2,1
109,-6933.937,5289.646,-211.824,90.755,-0.012259,-0.997862,0.064190,0.999824,-0.013145,-0.013407,0.014222,0.064014,0.997848,0,0.96000,-0.91634,57.600,-1.833,-1,250.000,450.000,225.000,275.000,200.000,200.000,300.000,325.000,-1,275.000,325.000,-1,375.000,275.000,-1,250.000,2,1,1,1,1,1,1,0,0,2,0,0,2,1,1,2,1
110,-6932.816,5349.638,-204.640,88.930,0.020740,-0.998048,0.058907,0.999178,0.018639,-0.035994,0.034826,0.059605,0.997614,0,1.00000,-0.91231,60.000,-1.825,-1,250.000,425.000,225.000,325.000,200.000,200.000,325.000,350.000,-1,200.000,250.000,-1,400.000,300.000,-1,275.000,2,1,1,1,1,1,1,0,0,2,0,0,2,1,1,2,1
111,-6929.860,5404.762,-198.057,86.930,0.056564,-0.996921,0.054309,0.996947,0.053466,-0.056905,0.053826,0.057362,0.996901,0,0.92000,-1.00000,55.200,-2.000,-1,250.000,425.000,225.000,350.000,200.000,200.000,350.000,375.000,925.000,175.000,200.000,-1,400.000,300.000,-1,300.000,2,1,1,1,1,1,1,0,0,0,0,0,2,1,1,2,1
112,-6925.409,5454.969,-192.017,84.931,0.092192,-0.994473,0.050249,0.993171,0.088214,-0.076347,0.071492,0.056945,0.995814,0,0.84000,-0.99961,50.400,-1.999,-1,250.000,475.000,225.000,400.000,200.000,200.000,375.000,400.000,825.000,125.000,175.000,-1,400.000,325.000,-1,325.000,2,1,1,1,1,1,1,0,0,0,0,0,2,1,1,2,1
113,-2951.689,-6231.349,-387.907,-22.464,0.923952,0.381668,0.025335,-0.379608,0.923075,-0.061895,-0.047010,0.047571,0.997761,1,0.00000,0.00000,49.258,-1.985,450.000,375.000,-1,400.000,-1,325.000,325.000,300.000,300.000,-1,-1,-1,-1,450.000,775.000,425.000,-1,1,1,2,0,2,0,0,0,0,2,2,2,2,1,0,1,2
114,-2947.246,-6233.164,-388.125,-22.224,0.925543,0.377794,0.025338,-0.375735,0.924655,-0.061936,-0.046828,0.047804,0.997758,0,0.08000,0.12000,4.800,0.240,450.000,375.000,-1,400.000,-1,325.000,325.000,300.000,300.000,-1,-1,-1,-1,450.000,775.000,425.000,-1,1,1,2,0,2,0,0,0,0,2,2,2,2,1,0,1,2
115,-2938.329,-6236.720,-388.559,-21.744,0.928676,0.370026,0.025339,-0.367971,0.927767,-0.062021,-0.046458,0.048273,0.997753,0,0.16000,0.24000,9.600,0.480,450.000,375.000,-1,400.000,-1,325.000,325.000,300.000,300.000,-1,-1,-1,-1,450.000,775.000,425.000,-1,1,1,2,0,2,0,0,0,0,2,2,2,2,1,0,1,2
116,-2924.887,-6241.886,-389.202,-21.024,0.933253,0.358326,0.025334,-0.356277,0.932311,-0.062151,-0.045889,0.048977,0.997745,0,0.24000,0.36000,14.400,0.720,425.000,350.000,-1,400.000,-1,325.000,325.000,300.000,300.000,-1,-1,-1,-1,425.000,775.000,400.000,-1,1,1,2,0,2,0,0,0,0,2,2,2,2,1,0,1,2
117,-2906.853,-6248.472,-390.048,-20.064,0.939126,0.342639,0.025313,-0.340599,0.938140,-0.062332,-0.045105,0.049916,0.997734,0,0.32000,0.48000,19.200,0.960,425.000,350.000,-1,400.000,-1,325.000,325.000,300.000,300.000,-1,-1,-1,-1,400.000,775.000,400.000,-1,1,1,2,0,2,0,0,0,0,2,2,2,2,1,0,1,2
118,-2884.142,-6256.231,-391.088,-18.864,0.946096,0.322898,0.025266,-0.320871,0.945054,-0.062572,-0.044082,0.051092,0.997721,0,0.40000,0.60000,24.000,1.200,400.000,325.000,-1,400.000,-1,325.000,325.000,300.000,300.000,-1,-1,-1,-1,400.000,750.000,375.000,-1,1,1,2,0,2,1,0,0,0,2,2,2,2,1,0,1,2
119,-2856.663,-6264.854,-392.308,-17.424,0.953913,0.299025,0.025179,-0.297016,0.952800,-0.062878,-0.042793,0.052502,0.997704,0,0.48000,0.72000,28.800,1.440,375.000,300.000,825.000,400.000,-1,300.000,325.000,300.000,300.000,-1,-1,-1,-1,375.000,700.000,350.000,-1,1,1,1,1,2,1,1,0,0,2,2,2,2,1,1,1,2
120,-2824.324,-6273.970,-393.692,-15.744,0.962271,0.270939,0.025040,-0.268955,0.961073,-0.063263,-0.041205,0.054142,0.997683,0,0.56000,0.84000,33.600,1.680,350.000,300.000,675.000,375.000,-1,275.000,300.000,300.000,300.000,-1,-1,-1,-1,350.000,625.000,325.000,-1,1,1,1,1,2,1,1,0,0,2,2,2,2,1,1,1,2
121,-2787.061,-6283.244,-395.227,-13.978,0.970164,0.241175,0.024838,-0.239222,0.968871,-0.063740,-0.039438,0.055896,0.997657,0,0.64000,0.88281,38.400,1.766,325.000,275.000,575.000,350.000,-1,250.000,275.000,300.000,300.000,-1,-1,-1,-1,325.000,575.000,300.000,-1,1,1,1,1,2,1,1,0,0,2,2,2,2,1,1,1,2
122,-2744.840,-6292.386,-396.899,-12.220,0.977108,0.211320,0.024570,-0.209401,0.975712,-0.064318,-0.037564,0.057700,0.997627,0,0.72000,0.87891,43.200,1.758,300.000,250.000,500.000,325.000,-1,225.000,250.000,300.000,300.000,-1,-1,-1,-1,275.000,500.000,275.000,-1,1,1,1,1,2,1,1,0,0,2,2,2,2,1,1,1,2
123,-2697.640,-6301.107,-398.694,-10.470,0.983112,0.181396,0.024227,-0.179517,0.981605,-0.065005,-0.035573,0.059558,0.997591,0,0.80000,0.87524,48.000,1.750,250.000,200.000,425.000,300.000,-1,200.000,225.000,300.000,300.000,-1,-1,-1,-1,250.000,425.000,225.000,-1,1,1,1,1,2,1,1,0,0,2,2,2,2,1,1,1,2
124,-2645.451,-6309.111,-399.220,-8.726,0.988300,0.151376,0.018669,-0.149718,0.986197,-0.070707,-0.029114,0.067085,0.997322,0,0.88000,0.87172,52.800,1.743,225.000,175.000,375.000,250.000,-1,175.000,200.000,300.000,300.000,-1,-1,-1,-1,200.000,375.000,200.000,975.000,1,1,1,1,2,1,1,0,0,2,2,2,2,1,1,1,1
125,-2588.278,-6316.095,-395.734,-6.990,0.992628,0.121190,-0.001664,-0.120833,0.988447,-0.091494,-0.009444,0.091021,0.995804,0,0.96000,0.86826,57.600,1.737,250.000,175.000,350.000,250.000,-1,150.000,200.000,375.000,275.000,-1,550.000,325.000,-1,200.000,350.000,200.000,900.000,1,1,1,1,2,1,1,0,0,2,0,0,2,1,1,1,1
126,-2528.530,-6321.580,-387.242,-5.260,0.995271,0.091244,-0.033308,-0.094030,0.991043,-0.094825,0.024357,0.097509,0.994937,0,1.00000,0.86481,60.000,1.730,325.000,150.000,350.000,250.000,-1,150.000,200.000,425.000,300.000,-1,250.000,150.000,825.000,175.000,400.000,225.000,900.000,1,1,1,1,2,1,1,0,0,2,0,0,0,1,1,1,1
127,-3607.628,-2295.765,-264.945,150.054,-0.866565,-0.499064,-0.000834,0.498923,-0.866279,-0.025234,0.011871,-0.022283,0.999681,1,0.00000,0.00000,60.000,1.722,-1,375.000,-1,375.000,-1,300.000,325.000,300.000,225.000,-1,-1,-1,-1,675.000,700.000,-1,-1,2,0,2,0,2,0,0,0,1,2,2,2,2,0,0,2,2
128,-3611.778,-2293.351,-264.844,149.814,-0.864467,-0.502688,-0.000892,0.502547,-0.864180,-0.025279,0.011936,-0.022301,0.999680,0,0.08000,-0.12000,4.800,-0.240,-1,375.000,-1,375.000,-1,300.000,300.000,300.000,225.000,-1,-1,-1,-1,675.000,700.000,-1,-1,2,0,2,0,2,0,0,0,1,2,2,2,2,0,0,2,2
129,-3620.035,-2288.455,-264.639,149.334,-0.860227,-0.509910,-0.001015,0.509768,-0.859938,-0.025370,0.012063,-0.022342,0.999678,0,0.16000,-0.24000,9.600,-0.480,1000.000,375.000,-1,375.000,-1,300.000,300.000,300.000,225.000,-1,-1,-1,-1,675.000,700.000,-1,-1,1,0,2,0,2,0,0,0,1,2,2,2,2,0,0,2,2
130,-3632.328,-2280.955,-264.327,148.614,-0.853754,-0.520675,-0.001210,0.520532,-0.853461,-0.025507,0.012248,-0.022407,0.999674,0,0.24000,-0.36000,14.400,-0.720,1000.000,375.000,-1,375.000,-1,300.000,300.000,300.000,225.000,-1,-1,-1,-1,675.000,700.000,-1,-1,1,0,2,0,2,0,0,0,1,2,2,2,2,0,0,2,2
131,-3648.549,-2270.683,-263.904,147.654,-0.844914,-0.534900,-0.001481,0.534756,-0.844616,-0.025686,0.012488,-0.022494,0.999669,0,0.32000,-0.48000,19.200,-0.960,975.000,375.000,-1,375.000,-1,300.000,300.000,300.000,225.000,-1,-1,-1,-1,650.000,700.000,-1,-1,1,0,2,0,2,0,0,0,1,2,2,2,2,0,0,2,2
132,-3668.604,-2257.500,-263.305,146.682,-0.835729,-0.549139,-0.002080,0.548999,-0.835418,-0.026034,0.012558,-0.022899,0.999659,0,0.40000,-0.48576,24.000,-0.972,950.000,375.000,-1,375.000,-1,300.000,300.000,300.000,225.000,-1,-1,-1,-1,650.000,700.000,-1,-1,1,0,2,0,2,0,0,0,1,2,2,2,2,0,0,2,2
