timestep,x_cm,y_cm,z_cm,yaw_deg,basis_xx,basis_xy,basis_xz,basis_yx,basis_yy,basis_yz,basis_zx,basis_zy,basis_zz,teleport_flag,throttle_cmd,steering_cmd,cmd_move_cm,cmd_turn_deg,lidar_cm_0,lidar_cm_1,lidar_cm_2,lidar_cm_3,lidar_cm_4,lidar_cm_5,lidar_cm_6,lidar_cm_7,lidar_cm_8,lidar_cm_9,lidar_cm_10,lidar_cm_11,lidar_cm_12,lidar_cm_13,lidar_cm_14,lidar_cm_15,lidar_cm_16,lidar_class_0,lidar_class_1,lidar_class_2,lidar_class_3,lidar_class_4,lidar_class_5,lidar_class_6,lidar_class_7,lidar_class_8,lidar_class_9,lidar_class_10,lidar_class_11,lidar_class_12,lidar_class_13,lidar_class_14,lidar_class_15,lidar_class_16
0,-2953.774,-979.572,-111.483,115.653,-0.432771,-0.901392,0.014179,0.901396,-0.432909,-0.008652,0.013937,0.009037,0.999862,1,0.08000,0.12000,4.800,0.240,-1,325.000,-1,325.000,-1,275.000,275.000,325.000,-1,-1,-1,-1,-1,600.000,-1,-1,-1,2,0,2,0,2,0,0,0,2,2,2,2,2,1,2,2,2
1,-2958.002,-970.953,-110.709,116.133,-0.440308,-0.897748,0.013351,0.897709,-0.440452,-0.010962,0.015721,0.007159,0.999851,0,0.16000,0.24000,9.600,0.480,-1,325.000,-1,325.000,-1,275.000,275.000,325.000,-1,-1,-1,-1,-1,600.000,-1,-1,-1,2,0,2,0,2,0,0,0,2,2,2,2,2,1,2,2,2
2,-2964.506,-958.105,-109.482,116.853,-0.451564,-0.892157,0.012044,0.892045,-0.451706,-0.014751,0.018601,0.004083,0.999819,0,0.24000,0.36000,14.400,0.720,-1,350.000,-1,325.000,-1,275.000,275.000,325.000,-1,-1,-1,-1,-1,600.000,-1,-1,-1,2,0,2,0,2,0,0,0,2,2,2,2,2,1,2,2,2
3,-2973.451,-941.116,-107.747,117.766,-0.465755,-0.884854,0.010278,0.884622,-0.465868,-0.020289,0.022741,-0.000358,0.999741,0,0.32000,0.45648,19.200,0.913,-1,350.000,-1,925.000,-1,275.000,275.000,325.000,-1,-1,-1,-1,-1,-1,-1,-1,-1,2,0,2,1,2,0,0,0,2,2,2,2,2,2,2,2,2
4,-2984.967,-920.059,-105.531,118.675,-0.479800,-0.877339,0.008283,0.876928,-0.479835,-0.027494,0.028097,-0.005928,0.999588,0,0.40000,0.45438,24.000,0.909,-1,350.000,-1,950.000,-1,300.000,300.000,325.000,-1,-1,-1,525.000,-1,-1,-1,-1,-1,2,0,2,1,2,0,0,0,2,2,2,0,2,2,2,2,2
5,-2999.184,-895.012,-102.743,119.579,-0.493722,-0.869599,0.005979,0.868918,-0.493589,-0.036771,0.034928,-0.012959,0.999306,0,0.48000,0.45214,28.800,0.904,-1,375.000,-1,950.000,-1,300.000,300.000,325.000,-1,-1,450.000,425.000,-1,-1,-1,-1,-1,2,0,2,1,2,0,0,0,2,2,0,0,2,2,2,2,2
6,-3016.227,-866.055,-101.125,120.479,-0.507351,-0.861715,0.006438,0.860899,-0.507172,-0.040362,0.038046,-0.014936,0.999164,0,0.56000,0.44998,33.600,0.900,-1,375.000,-1,900.000,-1,300.000,325.000,325.000,-1,-1,400.000,375.000,-1,-1,-1,-1,-1,2,0,2,1,2,0,1,0,2,2,0,0,2,2,2,2,2
7,-3036.220,-833.270,-100.086,121.376,-0.520705,-0.853687,0.009215,0.852765,-0.520596,-0.042094,0.040733,-0.014060,0.999071,0,0.64000,0.44816,38.400,0.896,-1,375.000,-1,850.000,-1,300.000,350.000,325.000,-1,-1,375.000,350.000,-1,-1,-1,-1,-1,2,0,2,1,2,0,1,0,2,2,0,0,2,2,2,2,2
8,-3056.541,-801.087,-100.617,122.270,-0.533590,-0.845521,0.019363,0.844380,-0.533890,-0.044544,0.048001,-0.007419,0.998820,0,0.63434,0.44698,38.060,0.894,-1,400.000,-1,800.000,-1,325.000,375.000,325.000,-1,-1,225.000,175.000,-1,-1,-1,-1,-1,2,0,2,1,2,1,1,0,2,2,0,0,2,2,2,2,2
9,-3076.609,-770.378,-100.842,123.163,-0.546315,-0.837114,0.027910,0.835826,-0.547024,-0.046477,0.054174,-0.002063,0.998529,0,0.61141,0.44674,36.684,0.893,-1,-1,-1,750.000,-1,325.000,400.000,325.000,-1,-1,125.000,75.000,-1,-1,-1,-1,-1,2,2,2,1,2,1,1,0,2,2,0,0,2,2,2,2,2
10,-3096.406,-741.092,-100.782,124.058,-0.558943,-0.828469,0.034947,0.827082,-0.560030,-0.047979,0.059320,0.002087,0.998237,0,0.58914,0.44741,35.348,0.895,-1,-1,-1,700.000,-1,325.000,400.000,325.000,-1,-1,75.000,25.000,-1,-1,-1,-1,-1,2,2,2,1,2,1,1,0,2,2,0,0,2,2,2,2,2
11,-3115.926,-713.175,-103.023,124.956,-0.571376,-0.819507,0.044032,0.818784,-0.572882,-0.037410,0.055883,0.014677,0.998329,0,0.56775,0.44889,34.065,0.898,-1,-1,-1,625.000,-1,325.000,375.000,375.000,-1,-1,75.000,0.000,-1,-1,-1,-1,-1,2,2,2,1,2,1,1,1,2,2,0,1,2,2,2,2,2
12,-3135.168,-686.560,-105.361,125.858,-0.583903,-0.810166,0.051848,0.810250,-0.585556,-0.024898,0.050531,0.027472,0.998345,0,0.54740,0.45108,32.844,0.902,-1,-1,-1,550.000,-1,300.000,350.000,450.000,-1,-1,50.000,0.000,-1,-1,925.000,-1,-1,2,2,2,1,2,1,1,1,2,2,0,1,2,2,1,2,2
13,-3153.828,-661.369,-106.966,126.520,-0.593111,-0.803082,0.057260,0.803832,-0.594685,-0.014291,0.045528,0.037551,0.998257,0,0.52249,0.33108,31.349,0.662,-1,-1,-1,500.000,-1,300.000,325.000,600.000,-1,-1,75.000,0.000,-1,-1,825.000,-1,-1,2,2,2,1,2,1,1,1,2,2,0,1,2,2,1,2,2
14,-3172.085,-637.098,-107.977,126.942,-0.599030,-0.798413,0.060827,0.799693,-0.600386,-0.005204,0.040674,0.045526,0.998135,0,0.50620,0.21108,30.372,0.422,-1,-1,-1,475.000,-1,275.000,325.000,-1,-1,-1,125.000,0.000,-1,-1,775.000,-1,-1,2,2,2,1,2,1,1,2,2,2,0,1,2,2,1,2,2
15,-3189.991,-613.589,-108.500,127.289,-0.603952,-0.794531,0.062951,0.796206,-0.605020,0.002575,0.036040,0.051677,0.998013,0,0.49254,0.17318,29.553,0.346,-1,-1,-1,425.000,-1,275.000,300.000,-1,-1,-1,200.000,0.000,-1,-1,700.000,-1,-1,2,2,2,1,2,1,1,2,2,2,0,0,2,2,1,2,2
16,-3207.591,-590.766,-110.151,127.643,-0.609478,-0.790854,0.055563,0.792358,-0.609985,0.009274,0.026559,0.049678,0.998412,0,0.48036,0.17720,28.822,0.354,-1,-1,-1,400.000,-1,250.000,275.000,-1,-1,-1,375.000,0.000,-1,-1,625.000,-1,-1,2,2,2,1,2,1,1,2,2,2,0,0,2,2,1,2,2
17,-3224.916,-568.587,-112.203,128.006,-0.615185,-0.787226,0.042684,0.788246,-0.615183,0.014747,0.014649,0.042717,0.998980,0,0.46907,0.18154,28.144,0.363,-1,-1,-1,350.000,-1,225.000,250.000,-1,-1,-1,-1,0.000,-1,-1,575.000,-1,900.000,2,2,2,1,2,1,1,2,2,2,2,0,2,2,1,2,1
18,-3245.400,-542.787,-114.097,128.459,-0.621954,-0.782642,0.025409,0.783054,-0.621623,0.020285,-0.000081,0.032513,0.999471,0,0.54907,0.22637,32.944,0.453,-1,950.000,-1,300.000,-1,200.000,225.000,525.000,-1,-1,-1,0.000,-1,-1,475.000,-1,775.000,2,1,2,1,2,1,1,1,2,2,2,0,2,2,1,2,1
19,-3268.321,-514.373,-115.704,128.901,-0.628133,-0.778098,0.003503,0.777921,-0.627879,0.024628,-0.016964,0.018195,0.999691,0,0.60843,0.22134,36.506,0.443,-1,850.000,-1,275.000,-1,225.000,200.000,500.000,-1,-1,-1,0.000,-1,-1,400.000,-1,675.000,2,1,2,1,2,1,1,1,2,2,2,0,2,2,1,2,1
20,-3291.039,-486.649,-116.807,129.333,-0.633490,-0.773470,-0.020857,0.773005,-0.633832,0.026842,-0.033981,0.000882,0.999422,0,0.59737,0.21598,35.842,0.432,-1,750.000,-1,225.000,-1,225.000,175.000,450.000,-1,-1,-1,0.000,-1,-1,350.000,-1,600.000,2,1,2,1,2,1,1,1,2,2,2,0,2,2,1,2,1
21,-1782.788,8093.784,76.295,-50.060,0.642924,0.764009,-0.054213,-0.743886,0.639713,0.193392,0.182434,-0.084008,0.979623,1,0.00000,0.00000,35.194,0.422,-1,800.000,-1,250.000,-1,400.000,275.000,300.000,-1,375.000,25.000,125.000,-1,-1,950.000,-1,225.000,2,1,2,1,2,1,1,0,2,0,0,0,2,2,1,2,1
22,-5575.397,-4263.576,-176.319,-119.779,-0.494705,0.865434,0.079313,-0.868648,-0.495220,-0.014424,0.026795,-0.076031,0.996745,1,0.00000,0.00000,-4.800,-0.240,-1,400.000,-1,450.000,-1,325.000,350.000,200.000,375.000,-1,-1,-1,-1,750.000,900.000,-1,-1,2,0,2,0,2,0,0,0,0,2,2,2,2,0,0,2,2
23,-5577.764,-4267.751,-176.072,-119.539,-0.491171,0.867580,0.077821,-0.870682,-0.491635,-0.014403,0.025764,-0.074832,0.996863,0,0.08000,0.12000,4.800,0.240,-1,400.000,-1,450.000,-1,325.000,350.000,225.000,375.000,-1,-1,-1,-1,725.000,900.000,-1,-1,2,0,2,0,2,0,0,0,0,2,2,2,2,0,0,2,2
24,-5582.428,-4276.141,-175.585,-119.059,-0.484067,0.871821,0.074880,-0.874709,-0.484434,-0.014398,0.023722,-0.072468,0.997089,0,0.16000,0.24000,9.600,0.480,-1,400.000,-1,425.000,-1,325.000,350.000,225.000,375.000,-1,-1,-1,-1,725.000,875.000,-1,-1,2,0,2,0,2,0,0,0,0,2,2,2,2,0,0,2,2
25,-5589.266,-4288.814,-174.873,-118.339,-0.473326,0.878056,0.070579,-0.880644,-0.473557,-0.014478,0.020711,-0.069008,0.997401,0,0.24000,0.36000,14.400,0.720,-1,400.000,-1,425.000,-1,325.000,350.000,225.000,350.000,-1,-1,-1,-1,725.000,850.000,-1,-1,2,0,2,0,2,0,0,0,0,2,2,2,2,0,0,2,2
26,-5598.098,-4305.862,-173.961,-117.379,-0.458846,0.886131,0.065056,-0.888357,-0.458916,-0.014739,0.016794,-0.064556,0.997773,0,0.32000,0.48000,19.200,0.960,-1,400.000,-1,425.000,-1,325.000,325.000,225.000,350.000,-1,-1,-1,-1,725.000,825.000,-1,-1,2,0,2,0,2,0,0,0,0,2,2,2,2,0,0,2,2
27,-5608.688,-4327.398,-172.880,-116.179,-0.440504,0.895843,0.058501,-0.897670,-0.440403,-0.015298,0.012060,-0.059254,0.998170,0,0.40000,0.60000,24.000,1.200,-1,400.000,-1,425.000,-1,325.000,325.000,250.000,350.000,-1,-1,-1,-1,700.000,800.000,-1,-1,2,0,2,0,2,0,0,0,0,2,2,2,2,0,0,2,2
28,-5620.744,-4353.552,-171.672,-114.739,-0.418157,0.906933,0.051160,-0.908351,-0.417892,-0.016274,0.006620,-0.053277,0.998558,0,0.48000,0.72000,28.800,1.440,-1,375.000,-1,400.000,-1,325.000,325.000,250.000,325.000,-1,-1,-1,-1,700.000,750.000,-1,-1,2,0,2,0,2,0,0,0,0,2,2,2,2,0,0,2,2
29,-5633.907,-4384.466,-170.386,-113.059,-0.391654,0.919092,0.043331,-0.920112,-0.391250,-0.017784,0.000608,-0.046835,0.998902,0,0.56000,0.84000,33.600,1.680,-1,375.000,-1,400.000,-1,325.000,325.000,275.000,325.000,-1,-1,-1,-1,700.000,725.000,-1,-1,2,0,2,0,2,0,0,0,0,2,2,2,2,0,0,2,2
30,-5647.404,-4419.365,-169.135,-111.139,-0.360840,0.931947,0.035643,-0.932611,-0.360339,-0.019817,-0.005625,-0.040392,0.999168,0,0.62364,0.96000,37.419,1.920,-1,375.000,-1,375.000,-1,325.000,325.000,275.000,325.000,-1,-1,-1,-1,675.000,700.000,-1,-1,2,0,2,0,2,0,0,0,0,2,2,2,2,0,0,2,2
31,-5659.918,-4455.417,-168.047,-109.139,-0.328217,0.944161,0.028890,-0.944532,-0.327666,-0.022208,-0.011502,-0.034577,0.999336,0,0.63604,1.00000,38.162,2.000,-1,375.000,-1,375.000,-1,300.000,300.000,300.000,300.000,-1,-1,-1,-1,675.000,650.000,-1,-1,2,0,2,0,2,0,0,0,0,2,2,2,2,0,0,2,2
32,-5671.388,-4492.606,-167.269,-107.139,-0.295126,0.955163,0.023772,-0.955315,-0.294560,-0.024637,-0.016530,-0.029981,0.999414,0,0.64862,1.00000,38.917,2.000,-1,375.000,-1,375.000,-1,300.000,300.000,300.000,300.000,-1,-1,-1,-1,650.000,650.000,-1,-1,2,0,2,0,2,0,0,0,0,2,2,2,2,0,0,2,2
33,-5681.749,-4530.902,-167.898,-105.139,-0.261639,0.964830,0.025444,-0.965013,-0.261037,-0.024690,-0.017180,-0.031014,0.999371,0,0.66122,1.00000,39.673,2.000,-1,375.000,-1,350.000,-1,300.000,300.000,300.000,300.000,-1,-1,-1,-1,650.000,625.000,-1,-1,2,0,2,0,2,0,0,0,0,2,2,2,2,0,0,2,2
34,-5690.938,-4570.271,-168.273,-103.139,-0.227795,0.973355,0.026247,-0.973561,-0.227207,-0.023590,-0.016998,-0.030927,0.999377,0,0.67380,1.00000,40.428,2.000,-1,375.000,-1,350.000,-1,300.000,300.000,300.000,300.000,-1,-1,-1,-1,650.000,625.000,-1,-1,2,0,2,0,2,0,0,0,0,2,2,2,2,0,0,2,2
35,-5698.894,-4610.676,-168.630,-101.139,-0.193668,0.980700,0.026843,-0.980924,-0.193101,-0.022364,-0.016749,-0.030663,0.999389,0,0.68634,1.00000,41.181,2.000,-1,375.000,-1,350.000,-1,300.000,300.000,300.000,300.000,-1,-1,-1,-1,650.000,625.000,-1,-1,2,0,2,0,2,0,0,0,0,2,2,2,2,0,0,2,2
36,-5705.560,-4652.072,-168.998,-99.147,-0.159439,0.986824,0.027509,-0.987077,-0.158902,-0.020715,-0.016071,-0.030456,0.999407,0,0.69883,0.99581,41.930,1.992,-1,375.000,-1,350.000,-1,300.000,300.000,300.000,300.000,-1,-1,-1,-1,650.000,625.000,-1,-1,2,0,2,0,2,0,0,0,0,2,2,2,2,0,0,2,2
37,-5710.899,-4694.410,-169.186,-97.187,-0.125548,0.991665,0.028943,-0.991980,-0.125051,-0.018386,-0.014613,-0.031019,0.999412,0,0.71123,0.98014,42.674,1.960,-1,375.000,-1,350.000,-1,300.000,300.000,325.000,300.000,-1,-1,-1,-1,675.000,650.000,-1,-1,2,0,2,0,2,0,0,0,0,2,2,2,2,0,0,2,2
38,-5714.877,-4737.635,-169.405,-95.258,-0.092056,0.995295,0.030224,-0.995667,-0.091603,-0.016028,-0.013184,-0.031569,0.999415,0,0.72347,0.96436,43.408,1.929,-1,375.000,-1,375.000,-1,300.000,300.000,325.000,300.000,-1,-1,-1,-1,675.000,650.000,-1,-1,2,0,2,0,2,0,0,0,0,2,2,2,2,0,0,2,2
39,-5717.465,-4781.692,-169.657,-93.362,-0.059010,0.997765,0.031352,-0.998188,-0.058606,-0.013645,-0.011777,-0.032100,0.999415,0,0.73555,0.94846,44.133,1.897,-1,375.000,-1,375.000,-1,300.000,300.000,325.000,300.000,-1,-1,-1,-1,675.000,650.000,-1,-1,2,0,2,0,2,0,0,0,0,2,2,2,2,0,0,2,2
40,-5718.636,-4826.524,-169.945,-91.497,-0.026455,0.999127,0.032323,-0.999596,-0.026104,-0.011242,-0.010388,-0.032607,0.999414,0,0.74746,0.93247,44.847,1.865,-1,375.000,-1,375.000,-1,300.000,300.000,325.000,300.000,-1,-1,-1,-1,675.000,675.000,-1,-1,2,0,2,0,2,0,0,0,0,2,2,2,2,0,0,2,2
41,-5718.369,-4872.074,-170.270,-89.664,0.005568,0.999435,0.033137,-0.999944,0.005863,-0.008821,-0.009010,-0.033086,0.999412,0,0.75919,0.91637,45.551,1.833,-1,375.000,-1,375.000,-1,300.000,300.000,325.000,300.000,-1,925.000,-1,-1,700.000,675.000,-1,-1,2,0,2,0,2,0,0,0,0,2,0,2,2,0,0,2,2
42,-5716.644,-4918.286,-170.636,-87.864,0.037023,0.998743,0.033790,-0.999285,0.037259,-0.006384,-0.007635,-0.033530,0.999409,0,0.77074,0.90018,46.244,1.800,-1,375.000,-1,375.000,-1,325.000,300.000,325.000,300.000,-1,775.000,-1,-1,700.000,675.000,-1,-1,2,0,2,0,2,0,0,0,0,2,0,2,2,0,0,2,2
43,-5713.950,-4959.643,-170.995,-86.273,0.064792,0.997311,0.034234,-0.997878,0.064974,-0.004219,-0.006432,-0.033888,0.999405,0,0.69074,0.79550,41.444,1.591,-1,375.000,-1,375.000,-1,325.000,300.000,325.000,300.000,-1,675.000,-1,-1,700.000,675.000,-1,-1,2,0,2,0,2,0,0,0,0,2,0,2,2,0,0,2,2
44,-5710.572,-4996.131,-171.343,-84.710,0.092001,0.995161,0.034503,-0.995744,0.092135,-0.002324,-0.005492,-0.034142,0.999402,0,0.61074,0.78103,36.644,1.562,-1,375.000,-1,375.000,-1,325.000,325.000,325.000,300.000,-1,575.000,-1,-1,700.000,700.000,-1,-1,2,0,2,0,2,0,0,0,0,2,0,2,2,0,0,2,2
45,-5706.580,-5029.478,-171.691,-83.174,0.118697,0.992326,0.034637,-0.992919,0.118789,-0.000608,-0.004718,-0.034320,0.999400,0,0.55976,0.76835,33.586,1.537,-1,375.000,-1,375.000,-1,325.000,325.000,325.000,300.000,-1,500.000,825.000,-1,725.000,700.000,-1,-1,2,0,2,0,2,0,0,0,0,2,0,0,2,0,0,2,2
46,-5701.637,-5063.195,-172.073,-81.660,0.144911,0.988837,0.034668,-0.989437,0.144960,0.001115,-0.003923,-0.034464,0.999398,0,0.56796,0.75684,34.078,1.514,-1,375.000,-1,375.000,-1,325.000,325.000,325.000,300.000,-1,450.000,650.000,-1,725.000,700.000,-1,-1,2,0,2,0,2,0,0,0,0,2,0,0,2,0,0,2,2
47,-5695.736,-5097.249,-172.489,-80.170,0.170627,0.984728,0.034594,-0.985331,0.170632,0.002843,-0.003103,-0.034572,0.999397,0,0.57602,0.74529,34.561,1.491,-1,375.000,-1,375.000,-1,325.000,325.000,300.000,300.000,-1,425.000,525.000,-1,725.000,700.000,-1,-1,2,0,2,0,2,0,0,0,0,2,0,0,2,0,0,2,2
48,-5688.872,-5131.606,-172.942,-78.702,0.195833,0.980033,0.034412,-0.980635,0.195792,0.004575,-0.002254,-0.034641,0.999397,0,0.58394,0.73369,35.036,1.467,-1,375.000,-1,375.000,-1,325.000,325.000,300.000,300.000,-1,400.000,500.000,-1,725.000,725.000,-1,-1,2,0,2,0,2,0,0,0,0,2,0,0,2,0,0,2,2
49,-5681.042,-5166.234,-173.433,-77.258,0.220514,0.974787,0.034118,-0.975383,0.220428,0.006308,-0.001372,-0.034670,0.999398,0,0.59171,0.72205,35.503,1.444,-1,400.000,-1,375.000,-1,325.000,325.000,300.000,300.000,-1,400.000,450.000,-1,725.000,725.000,-1,-1,2,0,2,0,2,0,0,0,0,2,0,0,2,0,0,2,2
50,-5672.243,-5201.102,-173.754,-75.837,0.244640,0.968996,0.034608,-0.969613,0.244523,0.007640,-0.001059,-0.035425,0.999372,0,0.59934,0.71037,35.961,1.421,-1,400.000,-1,375.000,-1,325.000,325.000,300.000,300.000,-1,400.000,450.000,-1,725.000,725.000,-1,-1,2,0,2,0,2,0,0,0,0,2,0,0,2,0,0,2,2
51,-5662.476,-5236.177,-173.978,-74.440,0.268220,0.962703,0.035506,-0.963357,0.268067,0.009091,-0.000766,-0.036643,0.999328,0,0.60684,0.69865,36.410,1.397,-1,400.000,-1,400.000,-1,325.000,325.000,300.000,300.000,-1,400.000,450.000,-1,750.000,725.000,-1,-1,2,0,2,0,2,0,0,0,0,2,0,0,2,0,0,2,2
52,-5651.741,-5271.431,-174.243,-73.066,0.291250,0.955957,0.036313,-0.956647,0.291058,0.010585,-0.000450,-0.037821,0.999284,0,0.61420,0.68690,36.852,1.374,-1,400.000,-1,400.000,-1,325.000,325.000,300.000,300.000,-1,400.000,450.000,-1,750.000,750.000,-1,-1,2,0,2,0,2,0,0,0,0,2,0,0,2,0,0,2,2
53,-5640.043,-5306.835,-174.550,-71.716,0.313724,0.948792,0.037031,-0.949514,0.313490,0.012118,-0.000111,-0.038963,0.999241,0,0.62144,0.67511,37.286,1.350,-1,400.000,-1,400.000,-1,325.000,325.000,300.000,300.000,-1,400.000,450.000,-1,750.000,750.000,-1,-1,2,0,2,0,2,0,0,0,0,2,0,0,2,0,0,2,2
54,-5627.386,-5342.360,-174.585,-70.389,0.335598,0.941286,0.036808,-0.942005,0.335373,0.012308,-0.000759,-0.038804,0.999247,0,0.62855,0.66329,37.713,1.327,-1,400.000,-1,400.000,-1,325.000,325.000,300.000,300.000,-1,425.000,500.000,-1,750.000,750.000,-1,-1,2,0,2,0,2,0,0,0,0,2,0,0,2,0,0,2,2
55,-5613.775,-5377.979,-174.639,-69.086,0.356907,0.933427,0.036490,-0.934139,0.356693,0.012419,-0.001424,-0.038519,0.999257,0,0.63553,0.65144,38.132,1.303,-1,400.000,-1,400.000,-1,325.000,325.000,300.000,300.000,-1,475.000,550.000,-1,750.000,750.000,-1,-1,2,0,2,0,2,0,0,0,0,2,0,0,2,0,0,2,2
56,-5599.216,-5413.668,-174.721,-67.807,0.377648,0.925245,0.036096,-0.925947,0.377447,0.012504,-0.002055,-0.038145,0.999270,0,0.64241,0.63956,38.545,1.279,-1,400.000,-1,400.000,-1,325.000,325.000,300.000,300.000,-1,525.000,575.000,-1,750.000,775.000,-1,-1,2,0,2,0,2,0,0,0,0,2,0,0,2,0,0,2,2
57,-5583.717,-5449.403,-174.841,-66.552,0.397820,0.916769,0.035675,-0.917459,0.397632,0.012545,-0.002685,-0.037722,0.999285,0,0.64918,0.62764,38.951,1.255,-1,400.000,-1,400.000,-1,325.000,325.000,300.000,300.000,-1,550.000,625.000,-1,775.000,775.000,-1,-1,2,0,2,0,2,0,0,0,0,2,0,0,2,0,0,2,2
58,-5567.287,-5485.159,-175.000,-65.321,0.417424,0.908029,0.035233,-0.908706,0.417248,0.012541,-0.003313,-0.037251,0.999300,0,0.65584,0.61569,39.351,1.231,-1,400.000,-1,400.000,-1,325.000,325.000,300.000,300.000,-1,600.000,675.000,-1,800.000,775.000,-1,-1,2,0,2,0,2,0,0,0,0,2,0,0,2,0,0,2,2
59,-5548.161,-5524.952,-175.205,-64.329,0.433069,0.900692,0.034726,-0.901353,0.432905,0.012490,-0.003783,-0.036710,0.999319,0,0.73584,0.49569,44.151,0.991,-1,400.000,-1,400.000,-1,325.000,325.000,300.000,300.000,-1,650.000,725.000,-1,825.000,775.000,-1,-1,2,0,2,0,2,0,0,0,0,2,0,0,2,0,0,2,2
60,-5526.379,-5568.789,-175.455,-63.578,0.444843,0.894957,0.034162,-0.895599,0.444689,0.012394,-0.004100,-0.036109,0.999339,0,0.81584,0.37569,48.951,0.751,-1,400.000,-1,400.000,-1,325.000,325.000,300.000,300.000,-1,700.000,775.000,-1,850.000,775.000,-1,-1,2,0,2,0,2,0,0,0,0,2,0,0,2,0,0,2,2
61,-5502.673,-5615.450,-175.736,-63.067,0.452815,0.890972,0.033574,-0.891594,0.452669,0.012281,-0.004256,-0.035495,0.999361,0,0.87230,0.25569,52.338,0.511,-1,400.000,-1,400.000,-1,325.000,325.000,300.000,300.000,-1,750.000,800.000,-1,875.000,775.000,-1,-1,2,0,2,0,2,0,0,0,0,2,0,0,2,0,0,2,2
62,-5478.483,-5662.509,-175.939,-62.795,0.457042,0.888826,0.033164,-0.889436,0.456888,0.012541,-0.004005,-0.035229,0.999371,0,0.88186,0.13569,52.912,0.271,-1,400.000,-1,400.000,975.000,325.000,325.000,300.000,300.000,-1,775.000,850.000,-1,900.000,800.000,-1,1000.000,2,0,2,0,1,0,0,0,0,2,0,0,2,0,0,2,1
63,-5454.003,-5710.069,-176.151,-62.764,0.457542,0.888584,0.032752,-0.889180,0.457378,0.012769,-0.003634,-0.034965,0.999382,0,0.89151,0.01569,53.490,0.031,-1,400.000,-1,400.000,925.000,325.000,325.000,300.000,300.000,-1,825.000,875.000,-1,900.000,800.000,-1,950.000,2,0,2,0,1,0,0,0,0,2,0,0,2,0,0,2,1
64,-5429.308,-5758.182,-176.353,-62.829,0.456538,0.889113,0.032414,-0.889698,0.456366,0.012962,-0.003268,-0.034757,0.999390,0,0.90135,-0.03275,54.081,-0.066,-1,400.000,-1,400.000,875.000,325.000,325.000,300.000,300.000,-1,850.000,925.000,-1,925.000,800.000,-1,900.000,2,0,2,0,1,0,0,0,0,2,0,0,2,0,0,2,1
65,-5404.449,-5806.800,-176.506,-62.919,0.455150,0.889828,0.032335,-0.890410,0.454972,0.013088,-0.003065,-0.034749,0.999391,0,0.91009,-0.04489,54.605,-0.090,-1,400.000,-1,400.000,825.000,325.000,325.000,300.000,300.000,-1,900.000,950.000,-1,950.000,800.000,-1,850.000,2,0,2,0,1,0,0,0,0,2,0,0,2,0,1,2,1
66,-5379.546,-5855.712,-176.703,-63.018,0.453624,0.890612,0.032174,-0.891188,0.453446,0.013038,-0.002977,-0.034587,0.999397,0,0.91476,-0.04919,54.886,-0.098,-1,400.000,-1,400.000,775.000,325.000,325.000,300.000,300.000,-1,950.000,1000.000,-1,975.000,750.000,-1,800.000,2,0,2,0,1,0,0,0,0,2,0,0,2,0,1,2,1
67,-5354.613,-5904.911,-176.962,-63.125,0.451951,0.891472,0.031897,-0.892038,0.451782,0.012743,-0.003051,-0.034212,0.999410,0,0.91928,-0.05370,55.157,-0.107,-1,425.000,-1,400.000,725.000,325.000,325.000,325.000,300.000,-1,-1,-1,-1,975.000,700.000,-1,750.000,2,0,2,0,1,0,0,0,0,2,2,2,2,0,1,2,1
68,-5329.663,-5954.394,-177.251,-63.242,0.450127,0.892407,0.031562,-0.892959,0.449969,0.012331,-0.003198,-0.033734,0.999426,0,0.92361,-0.05844,55.417,-0.117,-1,425.000,-1,400.000,675.000,325.000,325.000,325.000,300.000,-1,-1,-1,-1,1000.000,675.000,-1,700.000,2,0,2,0,1,0,0,0,0,2,2,2,2,0,1,2,1
69,-5304.712,-6004.153,-177.587,-63.369,0.448140,0.893416,0.031284,-0.893957,0.448000,0.011725,-0.003540,-0.033221,0.999442,0,0.92774,-0.06343,55.665,-0.127,-1,425.000,-1,400.000,625.000,325.000,325.000,325.000,300.000,-1,-1,-1,-1,975.000,625.000,-1,650.000,2,0,2,0,1,0,0,0,0,2,2,2,2,1,1,2,1
70,-5279.775,-6054.181,-178.286,-63.506,0.445942,0.894465,0.032684,-0.895047,0.445846,0.010571,-0.005116,-0.033968,0.999410,0,0.93165,-0.06868,55.899,-0.137,-1,425.000,975.000,400.000,575.000,325.000,325.000,325.000,300.000,-1,-1,-1,-1,925.000,575.000,-1,600.000,2,0,1,0,1,0,0,0,0,2,2,2,2,1,1,2,1
71,-5254.870,-6104.469,-179.273,-63.654,0.443528,0.895564,0.035339,-0.896228,0.443501,0.009023,-0.007592,-0.035674,0.999335,0,0.93529,-0.07421,56.117,-0.148,-1,425.000,900.000,400.000,525.000,325.000,325.000,325.000,300.000,-1,-1,-1,-1,875.000,550.000,-1,550.000,2,0,1,0,1,0,0,0,0,2,2,2,2,1,1,2,1
72,-5230.016,-6155.008,-180.313,-63.815,0.440913,0.896743,0.038043,-0.897492,0.440970,0.007335,-0.010198,-0.037377,0.999249,0,0.93865,-0.08003,56.319,-0.160,-1,425.000,825.000,400.000,475.000,325.000,325.000,325.000,300.000,-1,-1,-1,-1,825.000,500.000,-1,500.000,2,0,1,0,1,0,0,0,0,2,2,2,2,1,1,2,1
73,-5204.571,-6206.931,-181.361,-63.893,0.439555,0.897287,0.040838,-0.898121,0.439714,0.005471,-0.013048,-0.039082,0.999151,0,0.96371,-0.03919,57.822,-0.078,-1,425.000,750.000,400.000,425.000,325.000,325.000,325.000,300.000,-1,-1,-1,-1,775.000,450.000,-1,450.000,2,0,1,1,1,0,0,0,0,2,2,2,2,1,1,2,1
74,-5179.018,-6259.265,-182.373,-63.977,0.438089,0.897866,0.043758,-0.898787,0.438371,0.003439,-0.016095,-0.040836,0.999036,0,0.97065,-0.04189,58.239,-0.084,-1,425.000,675.000,350.000,375.000,325.000,325.000,325.000,300.000,-1,-1,-1,-1,725.000,400.000,-1,375.000,2,0,1,1,1,0,0,0,0,2,2,2,2,1,1,2,1
75,-5153.365,-6312.012,-183.406,-64.066,0.436519,0.898491,0.046531,-0.899491,0.436937,0.001299,-0.019164,-0.042421,0.998916,0,0.97757,-0.04481,58.654,-0.090,-1,425.000,600.000,325.000,325.000,325.000,325.000,325.000,300.000,-1,-1,-1,-1,650.000,375.000,-1,325.000,2,0,1,1,1,0,1,0,0,2,2,2,2,1,1,2,1
76,-5127.621,-6365.174,-184.462,-64.162,0.434837,0.899167,0.049151,-0.900234,0.435405,-0.000951,-0.022256,-0.043834,0.998791,0,0.98445,-0.04799,59.067,-0.096,-1,425.000,550.000,275.000,275.000,325.000,275.000,325.000,300.000,-1,-1,-1,-1,600.000,325.000,-1,275.000,2,1,1,1,1,1,1,0,0,2,2,2,2,1,1,2,1
77,-5101.795,-6418.751,-185.548,-64.265,0.433037,0.899899,0.051579,-0.901020,0.433765,-0.003303,-0.025346,-0.045043,0.998663,0,0.99128,-0.05147,59.477,-0.103,-1,375.000,475.000,250.000,225.000,300.000,250.000,325.000,300.000,-1,-1,-1,-1,550.000,275.000,-1,225.000,2,1,1,1,1,1,1,0,0,2,2,2,2,1,1,2,1
78,-5075.898,-6472.743,-186.738,-64.376,0.431128,0.900705,0.053468,-0.901849,0.432013,-0.005679,-0.028214,-0.045772,0.998553,0,0.99802,-0.05529,59.881,-0.111,-1,325.000,400.000,200.000,150.000,250.000,200.000,325.000,300.000,-1,-1,-1,-1,475.000,225.000,-1,150.000,2,1,1,1,1,1,1,0,0,2,2,2,2,1,1,2,1
79,-5050.045,-6526.887,-180.568,-64.495,0.429975,0.900085,0.070489,-0.902796,0.429418,0.023649,-0.008983,-0.073806,0.997232,0,1.00000,-0.05951,60.000,-0.119,-1,325.000,400.000,175.000,150.000,250.000,175.000,300.000,375.000,-1,-1,-1,-1,525.000,200.000,-1,150.000,2,1,1,1,1,1,1,0,0,2,2,2,2,1,1,2,1
80,-5024.295,-6581.081,-171.426,-64.623,0.430475,0.897708,0.093874,-0.902396,0.425819,0.066029,0.019302,-0.113135,0.993392,0,1.00000,-0.06416,60.000,-0.128,-1,325.000,500.000,175.000,125.000,250.000,175.000,275.000,450.000,925.000,200.000,750.000,-1,-1,200.000,-1,125.000,2,1,1,1,1,1,1,0,1,0,0,0,2,2,1,2,1
81,-4998.661,-6635.332,-162.648,-64.762,0.432728,0.893735,0.118251,-0.900212,0.421289,0.110159,0.048635,-0.154120,0.986854,0,1.00000,-0.06931,60.000,-0.139,-1,350.000,-1,175.000,125.000,250.000,175.000,275.000,450.000,450.000,50.000,325.000,-1,-1,200.000,-1,125.000,2,1,2,1,1,1,1,0,1,0,0,0,2,2,1,2,1
82,-4973.151,-6689.645,-154.165,-64.912,0.436891,0.888004,0.143439,-0.896086,0.415747,0.155516,0.078464,-0.196477,0.977364,0,1.00000,-0.07506,60.000,-0.150,-1,375.000,-1,175.000,125.000,250.000,175.000,250.000,450.000,275.000,0.000,225.000,-1,-1,225.000,-1,125.000,2,1,2,1,1,1,1,0,1,0,0,0,2,2,1,2,1
83,2295.773,-8199.155,-283.783,-99.054,-0.158364,0.986885,-0.031289,-0.986931,-0.157255,0.035195,0.029813,0.036454,0.998891,1,0.00000,0.00000,60.000,-0.163,-1,375.000,-1,375.000,875.000,300.000,325.000,300.000,300.000,-1,750.000,650.000,-1,825.000,750.000,-1,-1,2,0,2,0,1,0,0,0,0,2,0,0,2,0,0,2,2
84,2294.998,-8203.892,-283.633,-99.294,-0.162499,0.986211,-0.031340,-0.986261,-0.161387,0.035266,0.029722,0.036640,0.998886,0,0.08000,-0.12000,4.800,-0.240,-1,375.000,-1,375.000,875.000,300.000,325.000,300.000,300.000,-1,750.000,650.000,-1,825.000,750.000,-1,-1,2,0,2,0,1,0,0,0,0,2,0,0,2,0,0,2,2
85,2293.369,-8213.353,-283.335,-99.774,-0.170761,0.984811,-0.031442,-0.984870,-0.169640,0.035412,0.029540,0.037013,0.998878,0,0.16000,-0.24000,9.600,-0.480,-1,375.000,-1,375.000,850.000,300.000,325.000,300.000,300.000,-1,775.000,675.000,-1,825.000,750.000,-1,-1,2,0,2,0,1,0,0,0,0,2,0,0,2,0,0,2,2
86,2290.746,-8227.513,-282.894,-100.494,-0.183131,0.982581,-0.031598,-0.982653,-0.181998,0.035639,0.029268,0.037576,0.998865,0,0.24000,-0.36000,14.400,-0.720,-1,375.000,-1,375.000,825.000,300.000,325.000,300.000,300.000,-1,800.000,675.000,-1,825.000,750.000,-1,-1,2,0,2,0,1,0,0,0,0,2,0,0,2,0,0,2,2
87,2286.934,-8246.330,-282.312,-101.454,-0.199579,0.979365,-0.031811,-0.979455,-0.198430,0.035962,0.028908,0.038335,0.998847,0,0.32000,-0.48000,19.200,-0.960,-1,375.000,-1,375.000,775.000,300.000,325.000,300.000,300.000,-1,825.000,700.000,-1,825.000,750.000,-1,-1,2,0,2,0,1,0,0,0,0,2,0,0,2,0,0,2,2
88,2281.753,-8269.765,-281.596,-102.467,-0.216882,0.975671,-0.032053,-0.975779,-0.215711,0.036392,0.028593,0.039169,0.998823,0,0.40000,-0.50663,24.000,-1.013,-1,400.000,-1,375.000,750.000,300.000,325.000,300.000,300.000,-1,850.000,725.000,-1,825.000,750.000,-1,-1,2,0,2,0,1,0,0,0,0,2,0,0,2,0,0,2,2
89,2275.039,-8297.771,-280.751,-103.483,-0.234167,0.971659,-0.032316,-0.971782,-0.232968,0.036944,0.028369,0.040055,0.998795,0,0.48000,-0.50798,28.800,-1.016,-1,400.000,-1,375.000,725.000,325.000,325.000,300.000,300.000,-1,900.000,750.000,-1,825.000,750.000,-1,-1,2,0,2,0,1,0,0,0,0,2,0,0,2,0,0,2,2
90,2266.625,-8330.301,-279.782,-104.503,-0.251450,0.967321,-0.032603,-0.967458,-0.250217,0.037640,0.028252,0.041007,0.998759,0,0.56000,-0.50996,33.600,-1.020,-1,400.000,-1,400.000,700.000,325.000,325.000,300.000,300.000,-1,925.000,775.000,-1,825.000,750.000,-1,-1,2,0,2,0,1,0,0,0,0,2,0,0,2,0,0,2,2
91,2256.346,-8367.300,-278.697,-105.528,-0.268748,0.962648,-0.032920,-0.962796,-0.267473,0.038506,0.028262,0.042044,0.998716,0,0.64000,-0.51260,38.400,-1.025,-1,400.000,-1,400.000,675.000,325.000,325.000,300.000,300.000,-1,950.000,800.000,-1,825.000,750.000,-1,-1,2,0,2,0,1,0,0,0,0,2,0,0,2,0,0,2,2
92,2246.341,-8401.486,-277.706,-106.313,-0.281947,0.958855,-0.033196,-0.959008,-0.280629,0.039371,0.028435,0.042936,0.998673,0,0.59366,-0.39260,35.620,-0.785,-1,400.000,-1,400.000,650.000,325.000,325.000,325.000,300.000,-1,975.000,825.000,-1,850.000,750.000,-1,-1,2,0,2,0,1,0,0,0,0,2,0,0,2,0,0,2,2
93,2235.994,-8435.632,-276.738,-106.858,-0.291094,0.956111,-0.033411,-0.956259,-0.289731,0.040297,0.028849,0.043680,0.998629,0,0.59465,-0.27260,35.679,-0.545,-1,400.000,-1,400.000,625.000,325.000,325.000,325.000,300.000,-1,975.000,850.000,-1,925.000,750.000,-1,-1,2,0,2,0,1,0,0,0,0,2,0,0,2,0,1,2,2
94,2225.457,-8469.750,-275.830,-107.164,-0.296215,0.954536,-0.033432,-0.954668,-0.294815,0.041144,0.029417,0.044104,0.998594,0,0.59513,-0.15260,35.708,-0.305,-1,400.000,-1,400.000,625.000,325.000,325.000,325.000,300.000,-1,975.000,850.000,-1,1000.000,750.000,-1,-1,2,0,2,0,1,0,0,0,0,2,0,0,2,0,1,2,2
95,2214.882,-8503.851,-275.125,-107.229,-0.297290,0.954220,-0.032903,-0.954332,-0.295907,0.041111,0.029493,0.043622,0.998613,0,0.59504,-0.03260,35.703,-0.065,-1,400.000,-1,400.000,625.000,325.000,325.000,325.000,300.000,-1,975.000,875.000,-1,-1,750.000,-1,-1,2,0,2,0,1,0,0,0,0,2,0,0,2,2,1,2,2
96,2204.424,-8537.942,-274.408,-107.054,-0.294371,0.955140,-0.032444,-0.955228,-0.293001,0.041105,0.029754,0.043092,0.998628,0,0.59432,0.08740,35.659,0.175,-1,400.000,-1,400.000,650.000,325.000,325.000,325.000,300.000,-1,1000.000,875.000,-1,-1,750.000,-1,-1,2,0,2,0,1,0,0,0,0,2,0,0,2,2,1,2,2
97,2194.237,-8572.026,-273.679,-106.639,-0.287445,0.957261,-0.032051,-0.957321,-0.286086,0.041120,0.030193,0.042503,0.998640,0,0.59291,0.20740,35.574,0.415,-1,400.000,-1,400.000,725.000,325.000,325.000,325.000,300.000,-1,1000.000,900.000,-1,-1,750.000,-1,-1,2,0,2,0,1,0,0,0,0,2,0,0,2,2,1,2,2
98,2184.476,-8606.099,-272.757,-105.984,-0.276450,0.960521,-0.031225,-0.960551,-0.275143,0.040461,0.030273,0.041179,0.998693,0,0.59072,0.32740,35.443,0.655,-1,400.000,-1,400.000,-1,325.000,325.000,325.000,300.000,-1,-1,925.000,-1,-1,750.000,-1,-1,2,0,2,0,2,0,0,0,0,2,2,0,2,2,1,2,2
99,2175.295,-8640.145,-271.872,-105.090,-0.261377,0.964749,-0.030696,-0.964765,-0.260123,0.039561,0.030182,0.039955,0.998746,0,0.58771,0.44740,35.263,0.895,-1,400.000,-1,400.000,-1,325.000,325.000,300.000,300.000,-1,-1,975.000,-1,-1,775.000,-1,-1,2,0,2,0,2,0,0,0,0,2,2,0,2,2,0,2,2
100,2166.847,-8674.140,-270.973,-103.955,-0.242180,0.969762,-0.030181,-0.969762,-0.240978,0.038628,0.030187,0.038623,0.998798,0,0.58382,0.56740,35.029,1.135,-1,400.000,-1,400.000,-1,325.000,325.000,300.000,300.000,-1,-1,-1,-1,-1,800.000,-1,-1,2,0,2,0,2,0,0,0,0,2,2,2,2,2,0,2,2
101,2157.846,-8712.939,-269.908,-103.060,-0.226962,0.973453,-0.029629,-0.973443,-0.225815,0.037624,0.029934,0.037381,0.998853,0,0.66382,0.44740,39.829,0.895,-1,400.000,-1,400.000,-1,325.000,325.000,300.000,300.000,-1,-1,-1,-1,-1,825.000,-1,-1,2,0,2,0,2,0,0,0,1,2,2,2,2,2,0,2,2
102,2148.258,-8756.525,-268.670,-102.405,-0.215776,0.976010,-0.029062,-0.975999,-0.214685,0.036558,0.029442,0.036253,0.998909,0,0.74382,0.32740,44.629,0.655,-1,400.000,-1,400.000,-1,325.000,325.000,325.000,300.000,-1,-1,-1,-1,-1,850.000,-1,-1,2,0,2,0,2,0,0,0,1,2,2,2,2,2,0,2,2
103,2137.989,-8804.876,-267.253,-101.991,-0.208656,0.977574,-0.028509,-0.977567,-0.207621,0.035448,0.028734,0.035266,0.998965,0,0.82382,0.20740,49.429,0.415,-1,400.000,-1,400.000,-1,325.000,325.000,325.000,300.000,-1,-1,-1,-1,-1,900.000,-1,-1,2,0,2,0,2,0,0,0,1,2,2,2,2,2,0,2,2
104,2127.074,-8857.048,-265.678,-101.816,-0.205625,0.978230,-0.028010,-0.978234,-0.204643,0.034336,0.027857,0.034460,0.999018,0,0.88837,0.08740,53.302,0.175,-1,425.000,-1,375.000,-1,325.000,325.000,325.000,300.000,-1,-1,-1,-1,-1,925.000,-1,-1,2,0,2,0,2,0,0,0,1,2,2,2,2,2,0,2,2
105,2116.175,-8908.849,-264.072,-101.881,-0.206698,0.978015,-0.027629,-0.978035,-0.205760,0.033333,0.026915,0.033912,0.999062,0,0.88224,-0.03260,52.934,-0.065,-1,450.000,-1,375.000,-1,325.000,325.000,325.000,275.000,-1,-1,-1,-1,-1,950.000,-1,-1,2,0,2,0,2,0,0,0,1,2,2,2,2,2,0,2,2
106,2105.076,-8960.245,-262.434,-102.186,-0.211871,0.976914,-0.027387,-0.976954,-0.210969,0.032462,0.025935,0.033633,0.999098,0,0.87636,-0.15260,52.581,-0.305,-1,450.000,-1,400.000,-1,325.000,325.000,325.000,275.000,-1,-1,-1,-1,-1,975.000,-1,-1,2,0,2,0,2,0,0,0,1,2,2,2,2,2,0,2,2
107,2093.561,-9011.210,-260.851,-102.731,-0.221114,0.974874,-0.027018,-0.974936,-0.220258,0.031397,0.024657,0.033283,0.999142,0,0.87082,-0.27260,52.249,-0.545,-1,475.000,-1,400.000,-1,350.000,325.000,325.000,275.000,-1,-1,-1,-1,-1,1000.000,-1,-1,2,0,2,0,2,0,0,0,1,2,2,2,2,2,0,2,2
108,2081.530,-9061.741,-259.298,-103.392,-0.232291,0.972282,-0.026619,-0.972368,-0.231484,0.030251,0.023250,0.032910,0.999188,0,0.86573,-0.33024,51.944,-0.660,-1,500.000,-1,425.000,-1,350.000,350.000,350.000,275.000,-1,-1,-1,-1,-1,-1,-1,-1,2,0,2,0,2,0,0,0,1,2,2,2,2,2,2,2,2
109,2068.987,-9111.845,-257.819,-104.054,-0.243463,0.969564,-0.025913,-0.969657,-0.242702,0.029363,0.022181,0.032276,0.999233,0,0.86083,-0.33084,51.650,-0.662,-1,500.000,-1,425.000,-1,375.000,350.000,350.000,275.000,-1,-1,-1,-1,-1,-1,-1,-1,2,0,2,0,2,0,0,0,1,2,2,2,2,2,2,2,2
110,2055.940,-9161.514,-257.351,-104.716,-0.254501,0.966831,-0.021621,-0.966871,-0.253928,0.026110,0.019753,0.027550,0.999425,0,0.85590,-0.33114,51.354,-0.662,-1,500.000,-1,450.000,-1,375.000,350.000,325.000,275.000,-1,-1,-1,-1,-1,-1,-1,-1,2,0,2,0,2,0,0,0,1,2,2,2,2,2,2,2,2
111,2042.398,-9210.744,-257.253,-105.378,-0.265484,0.963977,-0.016303,-0.963981,-0.265127,0.021182,0.016097,0.021339,0.999643,0,0.85098,-0.33115,51.059,-0.662,-1,500.000,-1,450.000,-1,375.000,375.000,325.000,275.000,-1,-1,-1,-1,-1,-1,-1,-1,2,0,2,0,2,0,0,0,1,2,2,2,2,2,2,2,2
112,2028.369,-9259.535,-257.203,-106.040,-0.276474,0.960953,-0.011441,-0.960937,-0.276272,0.016549,0.012742,0.015569,0.999798,0,0.84613,-0.33088,50.768,-0.662,-1,500.000,-1,450.000,-1,375.000,375.000,300.000,275.000,-1,-1,-1,-1,-1,-1,-1,-1,2,0,2,0,2,0,0,0,1,2,2,2,2,2,2,2,2
113,2013.861,-9307.888,-258.072,-106.701,-0.287451,0.957733,-0.010964,-0.957771,-0.287343,0.010442,0.006850,0.013503,0.999885,0,0.84138,-0.33033,50.483,-0.661,-1,500.000,-1,450.000,-1,375.000,350.000,300.000,250.000,-1,-1,-1,-1,-1,-1,-1,-1,2,0,2,0,2,0,0,0,1,2,2,2,2,2,2,2,2
114,1998.880,-9355.808,-259.049,-107.360,-0.298373,0.954381,-0.011421,-0.954449,-0.298345,0.004132,0.000536,0.012133,0.999926,0,0.83678,-0.32951,50.207,-0.659,-1,475.000,-1,425.000,-1,375.000,350.000,275.000,250.000,-1,-1,-1,-1,-1,-1,-1,-1,2,0,2,0,2,0,0,1,1,2,2,2,2,2,2,2,2
115,1983.434,-9403.300,-259.969,-108.016,-0.309225,0.950912,-0.012081,-0.950972,-0.309271,-0.002076,-0.005711,0.010847,0.999925,0,0.83236,-0.32843,49.941,-0.657,-1,475.000,-1,425.000,-1,350.000,350.000,275.000,250.000,-1,-1,-1,-1,-1,-1,-1,-1,2,0,2,0,2,0,0,1,1,2,2,2,2,2,2,2,2
116,1967.527,-9450.374,-260.834,-108.671,-0.319995,0.947330,-0.012970,-0.947344,-0.320112,-0.008189,-0.011909,0.009666,0.999882,0,0.82815,-0.32710,49.689,-0.654,-1,475.000,-1,425.000,-1,350.000,350.000,275.000,250.000,-1,-1,-1,-1,-1,-1,-1,-1,2,0,2,0,2,0,0,1,1,2,2,2,2,2,2,2,2
117,1951.164,-9497.040,-261.647,-109.322,-0.330670,0.943641,-0.014103,-0.943573,-0.330859,-0.014210,-0.018075,0.008609,0.999800,0,0.82418,-0.32553,49.451,-0.651,-1,475.000,-1,400.000,-1,350.000,325.000,275.000,250.000,-1,-1,-1,-1,-1,1000.000,-1,-1,2,0,2,0,2,0,0,1,1,2,2,2,2,2,0,2,2
118,1934.352,-9543.309,-262.401,-109.969,-0.341240,0.939849,-0.015455,-0.939665,-0.341504,-0.020126,-0.024194,0.007654,0.999678,0,0.82047,-0.32373,49.228,-0.647,-1,475.000,-1,400.000,-1,350.000,325.000,275.000,250.000,-1,-1,-1,-1,-1,950.000,-1,-1,2,0,2,0,2,0,0,1,1,2,2,2,2,2,0,2,2
119,1917.094,-9589.193,-263.206,-110.613,-0.351711,0.935964,-0.016472,-0.935631,-0.352039,-0.025759,-0.029908,0.006352,0.999532,0,0.81704,-0.32170,49.022,-0.643,-1,475.000,-1,400.000,1000.000,350.000,325.000,275.000,250.000,-1,-1,-1,-1,-1,925.000,-1,-1,2,0,2,0,1,0,0,1,1,2,2,2,2,2,0,2,2
120,1898.289,-9638.141,-264.059,-111.016,-0.358227,0.933469,-0.017570,-0.932944,-0.358623,-0.031705,-0.035897,0.005034,0.999343,0,0.87391,-0.20170,52.435,-0.403,-1,500.000,-1,400.000,950.000,350.000,325.000,275.000,275.000,-1,-1,-1,-1,-1,925.000,-1,-1,2,0,2,0,1,0,0,1,1,2,2,2,2,2,0,2,2
121,1879.489,-9686.661,-264.874,-111.179,-0.360823,0.932448,-0.018666,-0.931697,-0.361285,-0.037600,-0.041803,0.003824,0.999119,0,0.86724,-0.08170,52.034,-0.163,-1,500.000,-1,400.000,900.000,350.000,325.000,300.000,275.000,-1,-1,-1,-1,-1,900.000,-1,-1,2,0,2,0,1,0,0,1,0,2,2,2,2,2,0,2,2
122,1860.842,-9734.838,-266.151,-111.160,-0.360555,0.932579,-0.017218,-0.931601,-0.360966,-0.042697,-0.046034,0.000646,0.998940,0,0.86099,0.00989,51.659,0.020,-1,500.000,-1,400.000,875.000,350.000,325.000,300.000,275.000,-1,-1,-1,-1,-1,900.000,-1,-1,2,0,2,0,1,0,0,1,0,2,2,2,2,2,0,2,2
123,1842.340,-9782.693,-268.229,-111.139,-0.360472,0.932690,-0.012242,-0.931457,-0.360629,-0.048323,-0.049486,-0.006016,0.998757,0,0.85512,0.01014,51.307,0.020,-1,500.000,-1,425.000,850.000,375.000,350.000,300.000,300.000,-1,-1,-1,-1,-1,900.000,-1,-1,2,0,2,0,1,0,0,1,0,2,2,2,2,2,0,2,2
124,1824.139,-9830.415,-270.833,-110.879,-0.356622,0.934231,-0.005683,-0.932628,-0.356355,-0.056701,-0.054997,-0.014921,0.998375,0,0.85123,0.13014,51.074,0.260,-1,500.000,-1,425.000,825.000,375.000,350.000,300.000,300.000,-1,-1,-1,-1,-1,900.000,-1,-1,2,0,2,0,1,0,0,1,0,2,2,2,2,2,0,2,2
125,1806.466,-9878.001,-273.360,-110.379,-0.348924,0.937150,0.000971,-0.935189,-0.348127,-0.065027,-0.060602,-0.023598,0.997883,0,0.84603,0.25014,50.762,0.500,-1,475.000,-1,425.000,800.000,375.000,350.000,300.000,325.000,-1,-1,-1,-1,-1,900.000,-1,1000.000,2,0,2,0,1,0,0,1,0,2,2,2,2,2,0,2,1
126,1789.453,-9925.541,-276.571,-109.694,-0.338076,0.941100,0.005971,-0.938932,-0.336851,-0.070270,-0.064120,-0.029363,0.997510,0,0.84152,0.34236,50.491,0.685,-1,475.000,-1,425.000,775.000,375.000,350.000,275.000,325.000,-1,-1,-1,-1,-1,925.000,-1,1000.000,2,0,2,0,1,0,0,0,0,2,2,2,2,2,0,2,1
127,1773.083,-9973.056,-280.904,-109.011,-0.326984,0.945006,0.006733,-0.942542,-0.325598,-0.074837,-0.068529,-0.030817,0.997173,0,0.83760,0.34140,50.256,0.683,-1,475.000,-1,425.000,750.000,375.000,350.000,275.000,325.000,-1,-1,-1,-1,-1,900.000,-1,975.000,2,0,2,0,1,0,0,0,0,2,2,2,2,2,0,2,1
128,1757.349,-10020.549,-285.578,-108.331,-0.315809,0.948805,0.005900,-0.945926,-0.314353,-0.080040,-0.074088,-0.030858,0.996774,0,0.83384,0.34020,50.030,0.680,-1,475.000,-1,425.000,725.000,350.000,350.000,275.000,300.000,-1,-1,-1,-1,-1,875.000,-1,975.000,2,0,2,0,1,0,0,0,0,2,2,2,2,2,0,2,1
129,1742.242,-10068.021,-290.207,-107.653,-0.304640,0.952453,0.005222,-0.949132,-0.303110,-0.085285,-0.079647,-0.030937,0.996343,0,0.83028,0.33877,49.817,0.678,-1,450.000,-1,425.000,700.000,350.000,350.000,300.000,300.000,-1,-1,-1,-1,-1,850.000,-1,950.000,2,0,2,0,1,0,0,0,0,2,2,2,2,2,0,2,1
130,1727.753,-10115.475,-294.792,-106.979,-0.293491,0.955950,0.004703,-0.952156,-0.291880,-0.090579,-0.085216,-0.031062,0.995878,0,0.82693,0.33712,49.616,0.674,-1,450.000,-1,400.000,675.000,350.000,350.000,300.000,300.000,-1,-1,-1,-1,-1,850.000,-1,950.000,2,0,2,0,1,0,0,0,0,2,2,2,2,2,0,2,1
131,1713.874,-10162.916,-299.334,-106.308,-0.282370,0.959296,0.004342,-0.954999,-0.280672,-0.095918,-0.090795,-0.031231,0.995380,0,0.82381,0.33526,49.429,0.671,-1,450.000,-1,400.000,650.000,350.000,325.000,300.000,300.000,-1,-1,-1,-1,-1,825.000,-1,925.000,2,0,2,0,1,0,0,0,0,2,2,2,2,2,0,2,1
132,1700.593,-10210.349,-303.838,-105.642,-0.271290,0.962489,0.004135,-0.957660,-0.269494,-0.101298,-0.096384,-0.031441,0.994848,0,0.82093,0.33319,49.256,0.666,-1,450.000,-1,400.000,650.000,350.000,325.000,300.000,275.000,-1,-1,-1,-1,1000.000,800.000,-1,925.000,2,0,2,0,1,0,0,0,0,2,2,2,2,0,0,2,1
133,1687.902,-10257.780,-308.305,-104.980,-0.260260,0.965530,0.004078,-0.960137,-0.258356,-0.106716,-0.101984,-0.031689,0.994281,0,0.81831,0.33092,49.099,0.662,-1,425.000,-1,400.000,625.000,350.000,325.000,300.000,275.000,-1,-1,-1,-1,950.000,775.000,-1,900.000,2,0,2,0,1,0,0,0,0,2,2,2,2,0,0,2,1
134,1676.768,-10300.658,-312.302,-104.558,-0.253261,0.967389,0.004112,-0.961466,-0.251236,-0.111638,-0.106965,-0.032227,0.993740,0,0.73831,0.21092,44.299,0.422,-1,425.000,-1,400.000,625.000,350.000,325.000,300.000,275.000,-1,-1,-1,-1,925.000,775.000,-1,900.000,2,0,2,0,1,0,0,0,0,2,2,2,2,0,0,2,1
135,1666.961,-10338.921,-315.833,-104.377,-0.250313,0.968156,0.004156,-0.961745,-0.248158,-0.116037,-0.111311,-0.033043,0.993236,0,0.65831,0.09092,39.499,0.182,-1,425.000,-1,400.000,600.000,325.000,325.000,300.000,275.000,-1,-1,-1,-1,900.000,750.000,-1,875.000,2,0,2,0,1,0,0,0,0,2,2,2,2,0,0,2,1
136,1658.312,-10372.526,-318.899,-104.435,-0.251424,0.967868,0.004147,-0.961020,-0.249131,-0.119893,-0.115008,-0.034130,0.992778,0,0.57831,-0.02908,34.699,-0.058,-1,425.000,-1,375.000,600.000,325.000,325.000,325.000,275.000,-1,-1,-1,-1,875.000,750.000,-1,850.000,2,0,2,0,1,0,0,0,0,2,2,2,2,0,0,2,1
