timestep,x_cm,y_cm,z_cm,yaw_deg,basis_xx,basis_xy,basis_xz,basis_yx,basis_yy,basis_yz,basis_zx,basis_zy,basis_zz,teleport_flag,throttle_cmd,steering_cmd,cmd_move_cm,cmd_turn_deg,lidar_cm_0,lidar_cm_1,lidar_cm_2,lidar_cm_3,lidar_cm_4,lidar_cm_5,lidar_cm_6,lidar_cm_7,lidar_cm_8,lidar_cm_9,lidar_cm_10,lidar_cm_11,lidar_cm_12,lidar_cm_13,lidar_cm_14,lidar_cm_15,lidar_cm_16,lidar_class_0,lidar_class_1,lidar_class_2,lidar_class_3,lidar_class_4,lidar_class_5,lidar_class_6,lidar_class_7,lidar_class_8,lidar_class_9,lidar_class_10,lidar_class_11,lidar_class_12,lidar_class_13,lidar_class_14,lidar_class_15,lidar_class_16
0,2954.359,2947.700,81.637,-56.319,0.553795,0.832112,-0.030017,-0.831595,0.554548,0.030415,0.041955,0.008119,0.999087,1,0.08000,-0.12000,4.800,-0.240,-1,400.000,850.000,375.000,-1,325.000,300.000,325.000,350.000,-1,525.000,625.000,-1,750.000,550.000,-1,775.000,2,0,1,1,2,0,0,0,0,2,0,0,2,1,1,2,1
1,2959.616,2939.667,82.055,-56.799,0.546797,0.836728,-0.029989,-0.836194,0.547558,0.030973,0.042337,0.008141,0.999070,0,0.16000,-0.24000,9.600,-0.480,-1,400.000,825.000,375.000,-1,325.000,300.000,325.000,350.000,-1,500.000,600.000,-1,750.000,550.000,-1,775.000,2,0,1,1,2,0,0,0,0,2,0,0,2,1,1,2,1
2,2967.349,2927.519,82.682,-57.519,0.536227,0.843542,-0.029946,-0.842982,0.537000,0.031805,0.042910,0.008189,0.999045,0,0.24000,-0.36000,14.400,-0.720,-1,400.000,825.000,375.000,-1,325.000,300.000,325.000,350.000,-1,500.000,600.000,-1,725.000,550.000,-1,775.000,2,0,1,1,2,0,0,0,0,2,0,0,2,1,1,2,1
3,2977.448,2911.189,83.523,-58.267,0.525161,0.850478,-0.029875,-0.849878,0.525948,0.032956,0.043741,0.008082,0.999010,0,0.32000,-0.37382,19.200,-0.748,-1,400.000,800.000,375.000,-1,325.000,300.000,325.000,350.000,-1,475.000,575.000,-1,700.000,550.000,1000.000,775.000,2,0,1,1,2,0,0,0,0,2,0,0,2,1,1,1,1
4,2989.804,2890.614,84.584,-59.012,0.514033,0.857253,-0.029768,-0.856597,0.514836,0.034436,0.044846,0.007798,0.998963,0,0.40000,-0.37287,24.000,-0.746,-1,400.000,775.000,375.000,-1,325.000,300.000,325.000,350.000,-1,425.000,550.000,-1,650.000,550.000,950.000,775.000,2,0,1,1,2,0,0,0,0,2,0,0,2,1,1,1,1
5,3004.310,2865.734,85.790,-59.756,0.502842,0.863866,-0.029748,-0.863153,0.503664,0.035908,0.046002,0.007621,0.998912,0,0.48000,-0.37192,28.800,-0.744,-1,400.000,750.000,350.000,-1,325.000,325.000,325.000,350.000,-1,400.000,525.000,-1,625.000,525.000,900.000,775.000,2,0,1,1,2,0,1,0,0,2,0,0,2,1,1,1,1
6,3020.856,2836.491,87.112,-60.498,0.491588,0.870315,-0.029879,-0.869553,0.492435,0.037226,0.047112,0.007681,0.998860,0,0.56000,-0.37096,33.600,-0.742,-1,400.000,725.000,350.000,-1,325.000,300.000,325.000,350.000,-1,350.000,500.000,-1,600.000,525.000,850.000,750.000,2,0,1,1,2,0,1,0,0,2,0,0,2,1,1,1,1
7,3039.333,2802.828,88.630,-61.238,0.480279,0.876602,-0.030025,-0.875779,0.481155,0.038742,0.048408,0.007688,0.998798,0,0.64000,-0.36996,38.400,-0.740,-1,400.000,700.000,350.000,-1,325.000,300.000,325.000,350.000,-1,325.000,475.000,-1,550.000,500.000,775.000,750.000,2,0,1,1,2,0,1,0,0,2,0,0,2,1,1,1,1
8,3059.630,2764.693,90.456,-61.976,0.468947,0.882727,-0.029695,-0.881833,0.469830,0.040382,0.049598,0.007249,0.998743,0,0.72000,-0.36887,43.200,-0.738,1000.000,375.000,650.000,325.000,-1,300.000,275.000,325.000,350.000,-1,275.000,450.000,-1,500.000,475.000,725.000,725.000,1,1,1,1,2,1,1,0,0,2,0,0,2,1,1,1,1
9,3081.637,2722.035,92.596,-62.711,0.457598,0.888690,-0.028891,-0.887713,0.458465,0.042144,0.050699,0.006362,0.998694,0,0.80000,-0.36768,48.000,-0.735,900.000,350.000,600.000,325.000,-1,275.000,275.000,350.000,350.000,-1,225.000,425.000,-1,475.000,450.000,650.000,675.000,1,1,1,1,2,1,1,1,0,2,0,0,2,1,1,1,1
10,3105.242,2674.805,95.128,-63.444,0.446238,0.894487,-0.027640,-0.893382,0.447068,0.044711,0.052350,0.004742,0.998618,0,0.88000,-0.36633,52.800,-0.733,775.000,325.000,550.000,300.000,-1,275.000,250.000,325.000,350.000,-1,200.000,425.000,-1,425.000,425.000,575.000,650.000,1,1,1,1,2,1,1,0,0,2,0,0,2,1,1,1,1
11,3130.335,2622.958,98.364,-64.174,0.434914,0.900117,-0.025276,-0.898763,0.435646,0.049363,0.055444,0.001248,0.998461,0,0.96000,-0.36480,57.600,-0.730,650.000,275.000,500.000,275.000,-1,250.000,250.000,325.000,350.000,-1,200.000,375.000,-1,375.000,400.000,475.000,600.000,1,1,1,1,2,1,1,0,0,2,0,0,2,1,1,1,1
12,3155.787,2568.623,102.142,-64.900,0.423656,0.905559,-0.021873,-0.903850,0.424203,0.055733,0.059748,-0.003841,0.998206,0,1.00000,-0.36301,60.000,-0.726,550.000,250.000,475.000,275.000,-1,225.000,225.000,325.000,375.000,-1,200.000,325.000,-1,325.000,375.000,400.000,575.000,1,1,1,1,2,1,1,0,0,2,0,0,2,1,1,1,1
13,3180.553,2513.972,106.593,-65.621,0.412452,0.910799,-0.018124,-0.908713,0.412746,0.062304,0.064227,-0.009228,0.997893,0,1.00000,-0.36092,60.000,-0.722,425.000,225.000,425.000,250.000,-1,200.000,200.000,325.000,400.000,-1,200.000,300.000,-1,275.000,350.000,325.000,550.000,1,1,1,1,2,1,1,0,0,2,0,0,2,1,1,1,1
14,3204.634,2459.014,113.961,-66.338,0.400540,0.915918,-0.025744,-0.913059,0.401328,0.072524,0.076757,-0.005543,0.997034,0,1.00000,-0.35849,60.000,-0.717,375.000,200.000,400.000,250.000,-1,175.000,200.000,350.000,400.000,-1,200.000,200.000,-1,275.000,350.000,275.000,-1,1,1,1,1,2,1,1,0,0,2,0,0,2,1,1,1,2
15,3228.036,2403.760,125.043,-67.050,0.386954,0.920791,-0.049086,-0.916562,0.389910,0.088793,0.100899,0.010632,0.994840,0,1.00000,-0.35566,60.000,-0.711,375.000,200.000,400.000,250.000,-1,175.000,200.000,400.000,400.000,-1,175.000,125.000,-1,250.000,375.000,275.000,-1,1,1,1,1,2,1,1,0,0,2,0,0,2,1,1,1,2
16,-8855.085,-327.961,242.034,86.554,0.060286,-0.998181,-0.000924,0.996279,0.060114,0.061761,-0.061593,-0.004644,0.998091,1,0.00000,0.00000,60.000,-0.705,525.000,325.000,825.000,350.000,-1,275.000,300.000,350.000,400.000,-1,0.000,0.000,-1,475.000,550.000,500.000,-1,1,0,1,0,2,0,0,0,0,2,1,1,2,1,1,1,2
17,8854.811,2290.971,149.687,86.821,0.055576,-0.997894,-0.033451,0.998449,0.055431,0.005248,-0.003383,-0.033691,0.999427,1,-0.08000,0.12000,-4.800,0.240,-1,400.000,-1,400.000,-1,325.000,325.000,300.000,300.000,-1,-1,-1,-1,925.000,975.000,-1,-1,2,0,2,0,2,0,0,0,0,2,2,2,2,0,0,2,2
18,8854.359,2281.381,149.719,87.301,0.047205,-0.998324,-0.033486,0.998880,0.047070,0.004809,-0.003225,-0.033675,0.999428,0,-0.16000,0.24000,-9.600,0.480,-1,400.000,-1,400.000,-1,325.000,325.000,300.000,300.000,-1,-1,-1,-1,925.000,975.000,-1,-1,2,0,2,0,2,0,0,0,0,2,2,2,2,0,0,2,2
19,8853.862,2266.990,149.775,88.021,0.034641,-0.998838,-0.033521,0.999395,0.034521,0.004149,-0.002987,-0.033644,0.999429,0,-0.24000,0.36000,-14.400,0.720,-1,400.000,-1,400.000,-1,325.000,325.000,300.000,300.000,-1,-1,-1,-1,925.000,975.000,-1,-1,2,0,2,0,2,0,0,0,0,2,2,2,2,0,0,2,2
20,8853.521,2247.858,149.861,88.981,0.017881,-0.999278,-0.033536,0.999837,0.017781,0.003270,-0.002672,-0.033589,0.999432,0,-0.31891,0.48000,-19.134,0.960,-1,400.000,-1,400.000,-1,325.000,325.000,300.000,300.000,-1,-1,-1,-1,925.000,975.000,-1,-1,2,0,2,0,2,0,0,0,0,2,2,2,2,0,0,2,2
21,8853.583,2228.378,149.963,90.181,-0.003069,-0.999434,-0.033508,0.999992,-0.003150,0.002370,-0.002474,-0.033501,0.999436,0,-0.32468,0.60000,-19.481,1.200,-1,400.000,-1,400.000,-1,325.000,325.000,300.000,300.000,-1,-1,-1,-1,925.000,975.000,-1,-1,2,0,2,0,2,0,0,0,0,2,2,2,2,0,0,2,2
22,8854.144,2208.551,150.087,91.621,-0.028201,-0.999043,-0.033425,0.999599,-0.028265,0.001449,-0.002393,-0.033371,0.999440,0,-0.33057,0.72000,-19.834,1.440,-1,400.000,-1,400.000,-1,325.000,325.000,300.000,300.000,-1,-1,-1,-1,925.000,975.000,-1,-1,2,0,2,0,2,0,0,0,0,2,2,2,2,0,0,2,2
23,8855.235,2188.384,150.234,93.098,-0.053965,-0.997988,-0.033285,0.998540,-0.054012,0.000514,-0.002311,-0.033209,0.999446,0,-0.33660,0.73865,-20.196,1.477,-1,400.000,-1,400.000,-1,325.000,325.000,300.000,300.000,-1,-1,-1,-1,925.000,975.000,-1,-1,2,0,2,0,2,0,0,0,0,2,2,2,2,0,0,2,2
24,8856.875,2167.885,150.404,94.573,-0.079663,-0.996272,-0.033089,0.996819,-0.079693,-0.000433,-0.002205,-0.033019,0.999452,0,-0.34275,0.73776,-20.565,1.476,-1,425.000,-1,400.000,-1,325.000,325.000,300.000,300.000,-1,-1,-1,-1,925.000,975.000,-1,-1,2,0,2,0,2,0,0,0,0,2,2,2,2,0,0,2,2
25,8859.081,2147.061,150.598,96.048,-0.105291,-0.993899,-0.032835,0.994439,-0.105303,-0.001390,-0.002076,-0.032799,0.999460,0,-0.34900,0.73724,-20.940,1.474,-1,425.000,-1,400.000,-1,325.000,325.000,300.000,300.000,-1,-1,-1,-1,925.000,975.000,-1,-1,2,0,2,0,2,0,0,0,0,2,2,2,2,0,0,2,2
26,8861.873,2125.924,150.817,97.522,-0.130846,-0.990869,-0.032521,0.991401,-0.130838,-0.002355,-0.001922,-0.032550,0.999468,0,-0.35535,0.73709,-21.321,1.474,-1,425.000,-1,425.000,-1,325.000,325.000,300.000,300.000,-1,-1,-1,-1,925.000,975.000,-1,-1,2,0,2,0,2,0,0,0,0,2,2,2,2,0,0,2,2
27,8865.267,2104.484,151.061,98.997,-0.156322,-0.987183,-0.032146,0.987705,-0.156296,-0.003324,-0.001743,-0.032270,0.999478,0,-0.36178,0.73732,-21.707,1.475,-1,425.000,-1,425.000,-1,325.000,325.000,300.000,300.000,-1,-1,-1,-1,925.000,975.000,-1,-1,2,0,2,0,2,0,0,0,0,2,2,2,2,0,0,2,2
28,8869.284,2082.756,151.331,100.473,-0.181716,-0.982840,-0.031707,0.983350,-0.181672,-0.004296,-0.001538,-0.031960,0.999488,0,-0.36826,0.73793,-22.096,1.476,-1,425.000,-1,425.000,-1,325.000,325.000,325.000,300.000,-1,-1,-1,-1,925.000,975.000,-1,-1,2,0,2,0,2,0,0,0,0,2,2,2,2,0,0,2,2
29,8873.940,2060.755,151.626,101.950,-0.207025,-0.977838,-0.031203,0.978335,-0.206962,-0.005266,-0.001308,-0.031617,0.999499,0,-0.37480,0.73893,-22.488,1.478,-1,425.000,-1,425.000,-1,325.000,325.000,325.000,300.000,-1,-1,-1,-1,925.000,975.000,-1,-1,2,0,2,0,2,0,0,0,0,2,2,2,2,0,0,2,2
30,8879.243,2038.549,151.923,103.431,-0.232233,-0.972174,-0.030753,0.972660,-0.232154,-0.006175,-0.001136,-0.031346,0.999508,0,-0.38052,0.74010,-22.831,1.480,-1,425.000,-1,425.000,-1,325.000,325.000,325.000,300.000,-1,-1,-1,-1,925.000,975.000,-1,-1,2,0,2,0,2,0,0,0,0,2,2,2,2,0,0,2,2
31,8885.118,2016.486,152.063,104.911,-0.257268,-0.965839,-0.031104,0.966339,-0.257185,-0.006690,-0.001538,-0.031778,0.999494,0,-0.38052,0.74010,-22.831,1.480,-1,425.000,-1,425.000,-1,325.000,325.000,325.000,300.000,-1,-1,-1,-1,900.000,975.000,-1,-1,2,0,2,0,2,0,0,0,0,2,2,2,2,0,0,2,2
32,8891.561,1994.583,152.223,106.391,-0.282131,-0.958861,-0.031421,0.959374,-0.282045,-0.007234,-0.001926,-0.032185,0.999480,0,-0.38052,0.74010,-22.831,1.480,-1,425.000,-1,425.000,-1,325.000,325.000,325.000,300.000,-1,-1,-1,-1,900.000,950.000,-1,-1,2,0,2,0,2,0,0,0,0,2,2,2,2,0,0,2,2
33,8897.022,1977.399,152.364,107.631,-0.302818,-0.952523,-0.031644,0.953046,-0.302729,-0.007673,-0.002271,-0.032481,0.999470,0,-0.30052,0.62010,-18.031,1.240,-1,425.000,-1,425.000,-1,325.000,325.000,325.000,300.000,-1,-1,-1,-1,875.000,950.000,-1,-1,2,0,2,0,2,0,0,0,0,2,2,2,2,0,0,2,2
34,8901.249,1964.861,152.476,108.631,-0.319398,-0.947087,-0.031793,0.947617,-0.319308,-0.007999,-0.002576,-0.032682,0.999462,0,-0.22052,0.50010,-13.231,1.000,-1,425.000,-1,425.000,-1,325.000,325.000,300.000,325.000,-1,-1,-1,-1,875.000,950.000,-1,-1,2,0,2,0,2,0,0,0,0,2,2,2,2,0,0,2,2
35,8904.049,1956.909,152.551,109.397,-0.332030,-0.942730,-0.031882,0.943265,-0.331940,-0.008207,-0.002846,-0.032798,0.999458,0,-0.14052,0.38303,-8.431,0.766,-1,425.000,-1,425.000,-1,325.000,325.000,300.000,325.000,-1,-1,-1,-1,875.000,950.000,-1,-1,2,0,2,0,2,0,0,0,0,2,2,2,2,0,0,2,2
36,8905.300,1953.500,152.584,110.164,-0.344599,-0.938207,-0.031928,0.938744,-0.344515,-0.008290,-0.003222,-0.032829,0.999456,0,-0.06052,0.38303,-3.631,0.766,-1,425.000,-1,425.000,-1,325.000,325.000,300.000,325.000,-1,-1,-1,-1,875.000,950.000,-1,-1,2,0,2,0,2,0,0,0,0,2,2,2,2,0,0,2,2
37,8904.883,1954.592,152.571,110.930,-0.357104,-0.933518,-0.031939,0.934057,-0.357028,-0.008249,-0.003702,-0.032779,0.999456,0,0.01948,0.38303,1.169,0.766,-1,425.000,-1,425.000,-1,325.000,325.000,300.000,325.000,-1,-1,-1,-1,875.000,950.000,-1,-1,2,0,2,0,2,0,0,0,0,2,2,2,2,0,0,2,2
38,8902.676,1960.138,152.508,111.696,-0.369542,-0.928665,-0.031926,0.929204,-0.369479,-0.008085,-0.004287,-0.032653,0.999458,0,0.09948,0.38303,5.969,0.766,-1,425.000,-1,425.000,-1,325.000,325.000,300.000,325.000,-1,-1,-1,-1,875.000,950.000,-1,-1,2,0,2,0,2,0,0,0,0,2,2,2,2,0,0,2,2
39,8898.562,1970.090,152.390,112.462,-0.381911,-0.923648,-0.031898,0.924186,-0.381864,-0.007797,-0.004979,-0.032458,0.999461,0,0.17948,0.38303,10.769,0.766,-1,425.000,-1,425.000,-1,325.000,325.000,300.000,325.000,-1,-1,-1,-1,875.000,950.000,-1,-1,2,0,2,0,2,0,0,0,0,2,2,2,2,0,0,2,2
40,8892.422,1984.397,152.214,113.228,-0.394209,-0.918468,-0.031871,0.919003,-0.394182,-0.007385,-0.005780,-0.032201,0.999465,0,0.25948,0.38303,15.569,0.766,-1,425.000,-1,425.000,-1,325.000,325.000,300.000,300.000,-1,-1,-1,-1,875.000,950.000,-1,-1,2,0,2,0,2,0,0,0,0,2,2,2,2,0,0,2,2
41,8884.139,2003.006,151.974,113.994,-0.406433,-0.913125,-0.031857,0.913656,-0.406431,-0.006847,-0.006695,-0.031890,0.999469,0,0.33948,0.38303,20.369,0.766,-1,425.000,-1,425.000,-1,325.000,325.000,300.000,300.000,-1,-1,-1,-1,850.000,950.000,-1,-1,2,0,2,0,2,0,0,0,0,2,2,2,2,0,0,2,2
42,8873.598,2025.861,151.665,114.760,-0.418582,-0.907620,-0.031874,0.908146,-0.418607,-0.006184,-0.007730,-0.031535,0.999473,0,0.41948,0.38303,25.169,0.766,-1,425.000,-1,425.000,-1,325.000,325.000,300.000,300.000,-1,-1,-1,-1,850.000,950.000,-1,-1,2,0,2,0,2,0,0,0,0,2,2,2,2,0,0,2,2
43,8860.684,2052.905,151.283,115.526,-0.430652,-0.901953,-0.031940,0.902474,-0.430710,-0.005394,-0.008892,-0.031148,0.999475,0,0.49948,0.38303,29.969,0.766,-1,425.000,-1,425.000,-1,325.000,325.000,325.000,300.000,-1,-1,-1,-1,850.000,975.000,-1,-1,2,0,2,0,2,0,0,0,0,2,2,2,2,0,0,2,2
44,8845.562,2083.511,150.831,116.292,-0.442642,-0.896125,-0.032075,0.896641,-0.442736,-0.004494,-0.010173,-0.030749,0.999475,0,0.56897,0.38303,34.138,0.766,-1,425.000,-1,425.000,-1,325.000,325.000,325.000,300.000,-1,-1,-1,-1,850.000,975.000,-1,-1,2,0,2,0,2,0,0,0,0,2,2,2,2,0,0,2,2
45,8829.889,2114.204,150.356,117.052,-0.454452,-0.890186,-0.032280,0.890697,-0.454583,-0.003590,-0.011479,-0.030383,0.999472,0,0.57438,0.37982,34.463,0.760,-1,425.000,-1,425.000,-1,325.000,325.000,325.000,300.000,-1,-1,-1,-1,850.000,975.000,-1,-1,2,0,2,0,2,0,0,0,0,2,2,2,2,0,0,2,2
46,8813.588,2145.121,149.792,117.801,-0.466008,-0.884169,-0.032892,0.884685,-0.466183,-0.002614,-0.013022,-0.030317,0.999455,0,0.58252,0.37454,34.951,0.749,-1,425.000,-1,425.000,-1,325.000,325.000,325.000,300.000,-1,-1,-1,-1,825.000,975.000,-1,-1,2,0,2,0,2,0,0,0,0,2,2,2,2,0,0,2,2
47,8796.661,2176.246,149.117,118.538,-0.477292,-0.878086,-0.034022,0.878619,-0.477521,-0.001564,-0.014873,-0.030639,0.999420,0,0.59050,0.36880,35.430,0.738,-1,425.000,-1,425.000,-1,325.000,325.000,300.000,325.000,-1,-1,-1,-1,825.000,975.000,-1,-1,2,0,2,0,2,0,0,0,0,2,2,2,2,0,0,2,2
48,8779.114,2207.562,148.292,119.263,-0.488299,-0.871975,-0.034977,0.872509,-0.488599,0.000038,-0.017123,-0.030499,0.999388,0,0.59829,0.36259,35.897,0.725,-1,425.000,-1,425.000,-1,325.000,325.000,300.000,325.000,-1,-1,-1,-1,800.000,975.000,-1,-1,2,0,2,0,2,0,0,0,0,2,2,2,2,0,0,2,2
49,8760.951,2239.051,147.442,119.975,-0.499022,-0.865842,-0.035996,0.866372,-0.499396,0.001639,-0.019395,-0.030368,0.999351,0,0.60587,0.35591,36.352,0.712,-1,400.000,-1,425.000,-1,325.000,325.000,300.000,325.000,-1,-1,-1,-1,800.000,950.000,-1,-1,2,0,2,0,2,0,0,0,0,2,2,2,2,0,0,2,2
50,8742.182,2270.696,146.579,120.673,-0.509450,-0.859700,-0.037096,0.860228,-0.509900,0.003191,-0.021658,-0.030286,0.999307,0,0.61320,0.34875,36.792,0.697,-1,400.000,-1,400.000,-1,325.000,325.000,300.000,325.000,-1,-1,-1,-1,800.000,950.000,-1,-1,2,0,2,0,2,0,0,0,0,2,2,2,2,0,0,2,2
51,8722.817,2302.476,145.703,121.355,-0.519572,-0.853569,-0.038275,0.854092,-0.520101,0.004689,-0.023910,-0.030254,0.999256,0,0.62026,0.34111,37.216,0.682,-1,400.000,-1,425.000,-1,325.000,325.000,300.000,325.000,-1,-1,-1,-1,775.000,950.000,-1,-1,2,0,2,0,2,0,0,0,0,2,2,2,2,0,0,2,2
52,8702.869,2334.374,144.815,122.021,-0.529376,-0.847466,-0.039532,0.847984,-0.529986,0.006131,-0.026147,-0.030277,0.999199,0,0.62702,0.33299,37.621,0.666,-1,400.000,-1,425.000,-1,325.000,325.000,300.000,325.000,-1,-1,-1,-1,775.000,925.000,-1,-1,2,0,2,0,2,0,0,0,0,2,2,2,2,0,0,2,2
53,8682.353,2366.368,143.916,122.670,-0.538853,-0.841408,-0.040863,0.841922,-0.539547,0.007513,-0.028369,-0.030355,0.999137,0,0.63345,0.32439,38.007,0.649,-1,400.000,-1,425.000,-1,325.000,325.000,300.000,325.000,-1,-1,-1,-1,750.000,925.000,-1,-1,2,0,2,0,2,0,0,0,0,2,2,2,2,0,0,2,2
54,8661.285,2398.439,143.006,123.300,-0.547992,-0.835415,-0.042265,0.835925,-0.548773,0.008830,-0.030571,-0.030492,0.999067,0,0.63953,0.31533,38.372,0.631,-1,400.000,-1,425.000,-1,325.000,325.000,300.000,325.000,-1,-1,-1,-1,750.000,925.000,-1,-1,2,0,2,0,2,0,0,0,0,2,2,2,2,0,0,2,2
55,8639.686,2430.567,142.039,123.912,-0.556795,-0.829509,-0.043508,0.830009,-0.557659,0.010062,-0.032609,-0.030510,0.999002,0,0.64522,0.30579,38.713,0.612,-1,400.000,-1,425.000,-1,325.000,325.000,300.000,325.000,-1,-1,-1,-1,750.000,900.000,-1,-1,2,0,2,0,2,0,0,0,0,2,2,2,2,0,0,2,2
56,8615.003,2466.402,140.666,124.560,-0.566106,-0.823177,-0.043640,0.823630,-0.567015,0.011265,-0.034018,-0.029566,0.998984,0,0.72522,0.32381,43.513,0.648,-1,375.000,-1,425.000,1000.000,325.000,325.000,300.000,325.000,-1,-1,-1,-1,750.000,900.000,-1,-1,2,0,2,0,1,0,0,0,0,2,2,2,2,0,1,2,2
57,8587.165,2505.889,139.263,125.184,-0.575045,-0.816984,-0.043129,0.817371,-0.575976,0.012485,-0.035041,-0.028074,0.998991,0,0.80522,0.31217,48.313,0.624,-1,375.000,-1,425.000,950.000,325.000,325.000,300.000,325.000,-1,-1,-1,-1,750.000,850.000,-1,1000.000,2,0,2,0,1,0,0,0,0,2,2,2,2,0,1,2,1
58,8556.111,2548.978,137.733,125.782,-0.583558,-0.810973,-0.042221,0.811276,-0.584499,0.013894,-0.035946,-0.026145,0.999012,0,0.88522,0.29888,53.113,0.598,-1,375.000,-1,425.000,900.000,325.000,325.000,300.000,325.000,-1,-1,-1,-1,750.000,825.000,-1,950.000,2,0,2,0,1,0,0,0,0,2,2,2,2,0,1,2,1
59,8521.786,2595.623,135.692,126.349,-0.591585,-0.805207,-0.040843,0.805353,-0.592553,0.016959,-0.037857,-0.022861,0.999022,0,0.96522,0.28384,57.913,0.568,-1,375.000,-1,425.000,850.000,325.000,325.000,300.000,300.000,-1,-1,-1,-1,750.000,800.000,-1,900.000,2,0,2,0,1,0,0,0,0,2,2,2,2,0,1,2,1
60,8485.733,2643.583,133.558,126.934,-0.599803,-0.799173,-0.039481,0.799161,-0.600783,0.020026,-0.039724,-0.019540,0.999020,0,1.00000,0.29243,60.000,0.585,-1,375.000,-1,425.000,800.000,325.000,325.000,300.000,300.000,-1,-1,-1,-1,750.000,750.000,-1,850.000,2,0,2,0,1,0,0,0,0,2,2,2,2,0,1,2,1
61,8449.219,2691.194,131.298,127.486,-0.607535,-0.793398,-0.037680,0.793226,-0.608494,0.022970,-0.041153,-0.015934,0.999026,0,1.00000,0.27602,60.000,0.552,-1,375.000,-1,425.000,750.000,325.000,325.000,300.000,300.000,-1,-1,-1,-1,750.000,725.000,-1,800.000,2,0,2,0,1,0,0,0,0,2,2,2,2,0,1,2,1
62,8412.277,2738.473,128.769,128.004,-0.614765,-0.787906,-0.035605,0.787608,-0.615666,0.025089,-0.041689,-0.012619,0.999051,0,1.00000,0.25881,60.000,0.518,-1,375.000,-1,425.000,700.000,325.000,325.000,300.000,300.000,-1,-1,-1,-1,750.000,700.000,-1,750.000,2,0,2,0,1,0,0,0,0,2,2,2,2,0,1,2,1
63,8374.939,2785.439,126.125,128.486,-0.621448,-0.782726,-0.033796,0.782341,-0.622286,0.026513,-0.041783,-0.009963,0.999077,0,1.00000,0.24083,60.000,0.482,-1,400.000,-1,425.000,650.000,325.000,325.000,300.000,300.000,-1,-1,-1,-1,750.000,675.000,-1,700.000,2,0,2,0,1,0,0,0,0,2,2,2,2,0,1,2,1
64,8337.237,2832.114,123.503,128.930,-0.627574,-0.777895,-0.032077,0.777429,-0.628350,0.027930,-0.041882,-0.007410,0.999095,0,1.00000,0.22211,60.000,0.444,-1,400.000,-1,425.000,575.000,325.000,325.000,300.000,300.000,-1,-1,-1,-1,750.000,650.000,-1,650.000,2,0,2,0,1,0,0,0,0,2,2,2,2,0,1,2,1
65,8299.206,2878.522,120.848,129.335,-0.633122,-0.773441,-0.030736,0.772902,-0.633847,0.029333,-0.042169,-0.005185,0.999097,0,1.00000,0.20269,60.000,0.405,-1,400.000,-1,425.000,525.000,325.000,325.000,300.000,300.000,-1,-1,-1,-1,750.000,625.000,-1,625.000,2,0,2,0,1,0,0,0,0,2,2,2,2,0,1,2,1
66,8260.880,2924.685,117.930,129.700,-0.638029,-0.769388,-0.030987,0.768788,-0.638767,0.030688,-0.043405,-0.004243,0.999049,0,1.00000,0.18262,60.000,0.365,-1,400.000,-1,425.000,475.000,325.000,325.000,300.000,300.000,-1,-1,-1,-1,750.000,600.000,-1,575.000,2,0,2,0,1,0,0,0,0,2,2,2,2,0,1,2,1
67,8222.293,2970.632,115.032,130.024,-0.642354,-0.765767,-0.031344,0.765105,-0.643109,0.032008,-0.044668,-0.003421,0.998996,0,1.00000,0.16197,60.000,0.324,-1,400.000,-1,400.000,450.000,325.000,325.000,300.000,300.000,-1,-1,-1,-1,750.000,575.000,-1,525.000,2,0,2,1,1,0,0,0,0,2,2,2,2,0,1,2,1
68,8183.481,3016.388,112.366,130.306,-0.646089,-0.762599,-0.031811,0.761879,-0.646866,0.033253,-0.045937,-0.002751,0.998941,0,1.00000,0.14078,60.000,0.282,-1,400.000,-1,375.000,400.000,325.000,325.000,300.000,325.000,-1,-1,-1,-1,750.000,550.000,-1,475.000,2,0,2,1,1,0,0,0,0,2,2,2,2,0,1,2,1
69,8144.479,3061.983,109.622,130.544,-0.649286,-0.759905,-0.031180,0.759085,-0.650033,0.035304,-0.047096,-0.000746,0.998890,0,1.00000,0.11913,60.000,0.238,-1,400.000,-1,375.000,350.000,325.000,325.000,300.000,325.000,-1,-1,-1,-1,725.000,550.000,-1,450.000,2,0,2,1,1,0,0,0,0,2,2,2,2,0,1,2,1
70,8105.317,3107.440,106.694,130.745,-0.652016,-0.757618,-0.029839,0.756696,-0.652695,0.037412,-0.047820,0.001814,0.998854,0,1.00000,0.10054,60.000,0.201,-1,400.000,-1,350.000,325.000,325.000,325.000,300.000,325.000,-1,-1,-1,-1,725.000,550.000,-1,400.000,2,0,2,1,1,0,1,0,0,2,2,2,2,0,1,2,1
71,8066.019,3152.780,103.758,130.918,-0.654355,-0.755646,-0.028613,0.754622,-0.654966,0.039549,-0.048625,0.004288,0.998808,0,1.00000,0.08617,60.000,0.172,-1,400.000,-1,350.000,275.000,325.000,325.000,300.000,300.000,-1,-1,-1,-1,725.000,575.000,-1,350.000,2,0,2,1,1,0,1,0,0,2,2,2,2,0,1,2,1
72,8027.192,3197.682,100.843,130.850,-0.653518,-0.756410,-0.027541,0.755287,-0.654066,0.041713,-0.049566,0.006459,0.998750,0,0.98936,-0.03383,59.362,-0.068,-1,400.000,-1,325.000,250.000,325.000,300.000,300.000,300.000,-1,-1,-1,-1,725.000,600.000,-1,300.000,2,0,2,1,1,1,1,0,0,2,2,2,2,0,1,2,1
73,7988.740,3242.407,101.026,130.686,-0.651260,-0.758287,-0.029328,0.757723,-0.651913,0.029416,-0.041425,-0.003065,0.999137,0,0.98303,-0.08183,58.982,-0.164,-1,400.000,-1,350.000,250.000,350.000,325.000,275.000,325.000,-1,-1,-1,-1,775.000,925.000,-1,375.000,2,0,2,1,1,0,1,0,1,2,2,2,2,0,0,2,1
74,7950.716,3286.931,100.952,130.496,-0.648722,-0.760400,-0.030839,0.760259,-0.649354,0.018562,-0.034140,-0.011404,0.999352,0,0.97587,-0.09505,58.552,-0.190,-1,425.000,-1,400.000,275.000,350.000,350.000,275.000,300.000,-1,-1,950.000,-1,825.000,1000.000,-1,-1,2,0,2,1,1,0,1,0,1,2,2,0,2,0,0,2,2
75,7913.181,3331.220,100.407,130.280,-0.645894,-0.762783,-0.031353,0.762902,-0.646428,0.010564,-0.028325,-0.017096,0.999453,0,0.96759,-0.10810,58.055,-0.216,-1,450.000,-1,425.000,300.000,375.000,400.000,275.000,275.000,-1,725.000,675.000,-1,850.000,-1,-1,-1,2,0,2,1,1,0,0,0,1,2,0,0,2,0,2,2,2
76,7876.194,3375.239,99.259,130.038,-0.642721,-0.765452,-0.031522,0.765719,-0.643155,0.005102,-0.024179,-0.020858,0.999490,0,0.95826,-0.12097,57.496,-0.242,-1,450.000,-1,500.000,350.000,375.000,400.000,275.000,250.000,-1,550.000,550.000,-1,900.000,-1,-1,-1,2,0,2,1,1,0,0,0,1,2,0,0,2,0,2,2,2
77,7839.808,3418.955,97.262,129.771,-0.639198,-0.768391,-0.031625,0.768762,-0.639535,0.000681,-0.020749,-0.023877,0.999500,0,0.94795,-0.13363,56.877,-0.267,-1,450.000,-1,550.000,450.000,400.000,425.000,275.000,225.000,-1,400.000,425.000,-1,900.000,-1,-1,-1,2,0,2,0,1,0,0,0,1,2,0,0,2,0,2,2,2
78,7804.074,3462.336,94.762,129.479,-0.635310,-0.771620,-0.031385,0.772024,-0.635592,-0.001250,-0.018983,-0.025024,0.999507,0,0.93673,-0.14602,56.204,-0.292,-1,475.000,-1,550.000,-1,400.000,425.000,275.000,200.000,-1,250.000,375.000,-1,925.000,-1,-1,-1,2,0,2,0,2,0,0,0,1,2,0,0,2,0,2,2,2
79,7769.036,3505.355,91.881,129.162,-0.631041,-0.775121,-0.031220,0.775515,-0.631328,-0.000830,-0.019066,-0.024736,0.999512,0,0.92471,-0.15811,55.483,-0.316,-1,475.000,-1,550.000,-1,400.000,425.000,275.000,200.000,-1,250.000,400.000,-1,900.000,-1,-1,-1,2,0,2,0,2,0,0,0,1,2,0,0,2,0,2,2,2
80,7734.731,3547.988,88.493,128.823,-0.626411,-0.778885,-0.030763,0.779218,-0.626750,0.001807,-0.020688,-0.022839,0.999525,0,0.91201,-0.16983,54.721,-0.340,-1,475.000,-1,550.000,-1,400.000,425.000,275.000,175.000,-1,275.000,425.000,-1,900.000,-1,-1,-1,2,0,2,0,2,0,0,0,1,2,0,0,2,0,2,2,2
81,7701.182,3590.209,84.634,128.472,-0.621595,-0.782767,-0.029931,0.782979,-0.622014,0.006545,-0.023741,-0.019367,0.999531,0,0.89878,-0.17547,53.927,-0.351,-1,450.000,-1,525.000,-1,375.000,400.000,275.000,150.000,-1,300.000,450.000,-1,875.000,-1,-1,-1,2,0,2,0,2,0,0,0,1,2,0,0,2,0,2,2,2
82,7668.400,3631.990,80.364,128.119,-0.616744,-0.786646,-0.028524,0.786664,-0.617239,0.013271,-0.028046,-0.014254,0.999505,0,0.88512,-0.17625,53.107,-0.352,-1,450.000,-1,500.000,-1,375.000,400.000,275.000,150.000,-1,350.000,525.000,-1,850.000,975.000,-1,-1,2,0,2,0,2,0,0,0,1,2,0,0,2,0,0,2,2
83,7636.389,3673.310,75.710,127.767,-0.611909,-0.790483,-0.026535,0.790217,-0.612437,0.021856,-0.033528,-0.007594,0.999409,0,0.87113,-0.17609,52.268,-0.352,-1,425.000,-1,475.000,-1,375.000,375.000,275.000,125.000,-1,500.000,625.000,-1,800.000,900.000,-1,-1,2,0,2,0,2,0,0,0,1,2,0,0,2,0,0,2,2
84,7605.145,3714.151,70.798,127.417,-0.607121,-0.794233,-0.024438,0.793581,-0.607613,0.032186,-0.040412,0.000147,0.999183,0,0.85702,-0.17504,51.421,-0.350,-1,425.000,-1,450.000,-1,350.000,350.000,275.000,125.000,-1,-1,-1,-1,775.000,825.000,-1,-1,2,0,2,0,2,0,0,0,1,2,2,2,2,0,0,2,2
85,7574.655,3754.508,68.356,127.071,-0.601791,-0.797890,-0.034923,0.796650,-0.602802,0.044477,-0.056539,-0.001056,0.998400,0,0.84296,-0.17312,50.578,-0.346,-1,375.000,-1,400.000,1000.000,325.000,325.000,275.000,125.000,-1,-1,-1,-1,675.000,725.000,-1,-1,2,0,2,0,1,0,0,0,1,2,2,2,2,0,0,2,2
86,7544.902,3794.382,65.232,126.730,-0.596536,-0.801461,-0.042493,0.799297,-0.598046,0.058871,-0.072596,0.001154,0.997361,0,0.82915,-0.17038,49.749,-0.341,950.000,350.000,-1,375.000,900.000,300.000,300.000,275.000,125.000,-1,-1,-1,-1,600.000,650.000,925.000,925.000,0,0,2,0,1,0,0,0,1,2,2,2,2,0,0,0,1
87,7515.858,3833.780,64.283,126.396,-0.591192,-0.804924,-0.050897,0.802566,-0.593363,0.061714,-0.079876,-0.004364,0.996795,0,0.81574,-0.16686,48.944,-0.334,775.000,350.000,-1,375.000,850.000,300.000,300.000,275.000,125.000,-1,-1,-1,-1,575.000,625.000,800.000,875.000,0,0,2,0,1,0,0,0,1,2,2,2,2,0,0,0,1
88,7487.492,3872.718,63.541,126.071,-0.585985,-0.808242,-0.058028,0.805944,-0.588757,0.061807,-0.084120,-0.010549,0.996400,0,0.80291,-0.16262,48.174,-0.325,675.000,350.000,-1,350.000,825.000,300.000,300.000,275.000,150.000,-1,-1,-1,-1,550.000,600.000,700.000,825.000,0,0,2,0,1,0,0,0,1,2,2,2,2,0,0,0,1
89,7459.765,3911.220,62.658,125.756,-0.581011,-0.811410,-0.063563,0.809289,-0.584255,0.060806,-0.086475,-0.016112,0.996124,0,0.79077,-0.15770,47.446,-0.315,625.000,325.000,-1,350.000,800.000,275.000,300.000,275.000,150.000,-1,-1,-1,-1,550.000,600.000,650.000,800.000,0,0,2,0,1,0,0,0,1,2,2,2,2,0,0,0,1
90,7432.638,3949.316,61.428,125.451,-0.576330,-0.814440,-0.067318,0.812500,-0.579894,0.059721,-0.087676,-0.020277,0.995943,0,0.77944,-0.15215,46.767,-0.304,600.000,325.000,-1,350.000,750.000,275.000,300.000,275.000,175.000,-1,-1,-1,-1,525.000,600.000,600.000,750.000,0,0,2,0,1,0,0,0,1,2,2,2,2,0,0,0,1
91,7406.067,3987.037,59.864,125.159,-0.571971,-0.817335,-0.069376,0.815564,-0.575700,0.058528,-0.087777,-0.023104,0.995872,0,0.76900,-0.14600,46.140,-0.292,575.000,325.000,-1,350.000,725.000,275.000,300.000,275.000,175.000,-1,-1,-1,-1,525.000,600.000,575.000,725.000,0,0,2,0,1,0,0,0,1,2,2,2,2,0,0,0,1
92,7380.007,4024.419,57.981,124.881,-0.567954,-0.820094,-0.069813,0.818468,-0.571698,0.057204,-0.086825,-0.024650,0.995919,0,0.75949,-0.13931,45.569,-0.279,550.000,325.000,-1,350.000,700.000,275.000,300.000,275.000,200.000,-1,-1,-1,-1,500.000,600.000,550.000,700.000,0,0,2,0,1,0,0,0,1,2,2,2,2,0,0,0,1
93,7354.412,4061.498,55.730,124.617,-0.564284,-0.822710,-0.068781,0.821227,-0.567902,0.055441,-0.084673,-0.025200,0.996090,0,0.75094,-0.13210,45.056,-0.264,525.000,325.000,-1,350.000,675.000,275.000,300.000,275.000,200.000,-1,-1,-1,450.000,500.000,600.000,550.000,650.000,0,0,2,0,1,0,0,0,1,2,2,2,1,0,1,0,1
94,7331.836,4094.828,53.346,124.112,-0.557274,-0.827689,-0.066152,0.826290,-0.560649,0.054008,-0.081790,-0.024564,0.996347,0,0.67094,-0.25210,40.256,-0.504,525.000,325.000,-1,350.000,625.000,275.000,300.000,275.000,225.000,-1,-1,-1,375.000,500.000,575.000,550.000,625.000,0,0,2,0,1,0,0,0,1,2,2,2,1,0,1,0,1
95,7311.331,4125.918,50.840,123.408,-0.547391,-0.834548,-0.062398,0.833199,-0.550451,0.052760,-0.078378,-0.023110,0.996656,0,0.62073,-0.35219,37.244,-0.704,550.000,325.000,-1,350.000,600.000,275.000,275.000,275.000,225.000,-1,-1,-1,350.000,500.000,550.000,550.000,600.000,0,0,2,0,1,0,0,0,1,2,2,2,1,0,1,0,1
96,7291.294,4157.112,48.390,122.718,-0.537787,-0.841176,-0.056638,0.839856,-0.540390,0.051192,-0.073668,-0.020037,0.997081,0,0.61792,-0.34524,37.075,-0.690,575.000,325.000,1000.000,350.000,575.000,275.000,300.000,275.000,250.000,-1,-1,-1,325.000,525.000,525.000,575.000,575.000,0,0,1,0,1,0,0,0,1,2,2,2,1,0,1,0,1
97,7271.703,4188.418,46.010,122.041,-0.528439,-0.847566,-0.048821,0.846274,-0.530469,0.049227,-0.067621,-0.015302,0.997594,0,0.61553,-0.33810,36.932,-0.676,625.000,325.000,1000.000,350.000,550.000,275.000,300.000,275.000,250.000,-1,-1,-1,300.000,525.000,525.000,625.000,550.000,0,0,1,0,1,0,0,0,1,2,2,2,1,0,1,0,1
98,7252.536,4219.847,43.464,121.380,-0.519223,-0.853693,-0.040194,0.852459,-0.520683,0.046945,-0.061005,-0.009888,0.998088,0,0.61355,-0.33079,36.813,-0.662,700.000,325.000,-1,350.000,525.000,275.000,300.000,275.000,250.000,-1,-1,-1,275.000,550.000,500.000,700.000,525.000,0,0,2,0,1,0,0,0,1,2,2,2,1,0,1,0,1
99,7233.773,4251.408,40.749,120.733,-0.510122,-0.859550,-0.030799,0.858415,-0.511037,0.044329,-0.053842,-0.003825,0.998542,0,0.61198,-0.32330,36.719,-0.647,775.000,350.000,-1,375.000,500.000,300.000,300.000,275.000,250.000,-1,-1,-1,275.000,575.000,500.000,775.000,500.000,0,0,2,0,1,0,0,0,1,2,2,2,1,0,1,0,1
100,7215.395,4283.112,37.867,120.102,-0.501121,-0.865131,-0.020650,0.864147,-0.501538,0.041359,-0.046137,0.002881,0.998931,0,0.61078,-0.31563,36.647,-0.631,850.000,350.000,-1,350.000,475.000,300.000,300.000,300.000,250.000,-1,-1,-1,250.000,600.000,475.000,875.000,475.000,0,0,2,1,1,0,0,0,1,2,2,2,1,0,1,1,1
101,7197.381,4314.968,34.817,119.486,-0.492200,-0.870428,-0.009759,0.869657,-0.492190,0.038017,-0.037894,0.010225,0.999229,0,0.60995,-0.30779,36.597,-0.616,975.000,350.000,-1,350.000,425.000,300.000,300.000,300.000,250.000,-1,800.000,750.000,250.000,600.000,450.000,975.000,450.000,0,0,2,1,1,0,0,0,1,2,0,0,1,1,1,0,1
102,7179.715,4346.986,31.601,118.887,-0.483339,-0.875431,0.001863,0.874949,-0.483000,0.034288,-0.029117,0.018202,0.999410,0,0.60947,-0.29979,36.568,-0.600,-1,375.000,-1,325.000,400.000,300.000,300.000,300.000,250.000,-1,400.000,375.000,225.000,600.000,450.000,-1,400.000,2,0,2,1,1,0,0,0,1,2,0,1,1,1,1,2,1
103,7162.380,4379.174,29.849,118.303,-0.474449,-0.880258,0.006657,0.879939,-0.474039,0.031530,-0.024599,0.020817,0.999481,0,0.60934,-0.29162,36.560,-0.583,-1,375.000,-1,325.000,375.000,300.000,300.000,325.000,275.000,-1,325.000,325.000,250.000,600.000,425.000,-1,375.000,2,0,2,1,1,0,1,0,1,2,0,0,1,1,1,2,1
104,7145.359,4411.543,28.751,117.737,-0.465709,-0.884898,0.008405,0.884665,-0.465309,0.029237,-0.021960,0.021051,0.999537,0,0.60953,-0.28329,36.572,-0.567,-1,375.000,-1,300.000,350.000,300.000,300.000,325.000,275.000,-1,300.000,300.000,250.000,575.000,400.000,-1,350.000,2,0,2,1,1,0,1,0,1,2,0,0,1,1,1,2,1
105,7128.636,4444.101,27.735,117.187,-0.457179,-0.889321,0.009757,0.889160,-0.456800,0.026967,-0.019526,0.021005,0.999589,0,0.61003,-0.27480,36.602,-0.550,-1,375.000,-1,300.000,325.000,300.000,275.000,325.000,275.000,-1,275.000,300.000,275.000,575.000,375.000,-1,325.000,2,1,2,1,1,1,1,0,1,2,0,0,1,1,1,2,1
106,7112.194,4476.856,26.942,116.655,-0.448867,-0.893542,0.010066,0.893423,-0.448527,0.024872,-0.017709,0.020157,0.999640,0,0.61084,-0.26613,36.650,-0.532,-1,350.000,-1,275.000,300.000,300.000,250.000,325.000,300.000,-1,275.000,300.000,300.000,550.000,375.000,-1,300.000,2,1,2,1,1,1,1,0,1,2,0,0,1,1,1,2,1
107,7096.018,4509.817,26.157,116.140,-0.440792,-0.897550,0.010321,0.897469,-0.440491,0.022761,-0.015883,0.019296,0.999688,0,0.61194,-0.25731,36.716,-0.515,-1,350.000,-1,275.000,250.000,275.000,250.000,325.000,300.000,-1,275.000,300.000,300.000,550.000,350.000,-1,275.000,2,1,2,1,1,1,1,0,1,2,0,0,1,1,1,2,1
108,7077.907,4547.174,27.310,115.866,-0.436328,-0.899765,0.006416,0.899754,-0.436239,0.011748,-0.007772,0.010899,0.999910,0,0.69194,-0.13731,41.516,-0.275,-1,325.000,-1,250.000,250.000,275.000,250.000,300.000,325.000,-1,250.000,275.000,325.000,550.000,350.000,-1,250.000,2,1,2,1,1,1,1,0,1,2,0,0,1,1,1,2,1
109,7057.726,4588.863,29.483,115.831,-0.435724,-0.900081,0.000262,0.900072,-0.435721,-0.004184,0.003881,-0.001587,0.999991,0,0.77194,-0.01731,46.316,-0.035,-1,325.000,-1,250.000,250.000,275.000,225.000,300.000,350.000,-1,200.000,250.000,375.000,575.000,350.000,-1,250.000,2,1,2,1,1,1,1,0,1,2,0,0,1,1,1,2,1
110,7035.428,4634.859,31.916,115.862,-0.436382,-0.899738,-0.006522,0.899605,-0.436160,-0.021800,0.016770,-0.015380,0.999741,0,0.85194,0.01561,51.116,0.031,-1,350.000,-1,250.000,250.000,275.000,225.000,275.000,375.000,925.000,175.000,225.000,400.000,625.000,350.000,-1,250.000,2,1,2,1,1,1,1,0,1,0,0,0,1,1,1,2,1
111,7012.214,4682.659,34.621,115.901,-0.437403,-0.899168,-0.013227,0.898776,-0.436632,-0.039429,0.029678,-0.029135,0.999135,0,0.88563,0.01929,53.138,0.039,-1,350.000,-1,250.000,275.000,275.000,225.000,275.000,375.000,725.000,150.000,225.000,425.000,775.000,350.000,-1,250.000,2,1,2,1,1,1,1,0,1,0,0,0,1,1,1,2,1
112,6988.753,4730.868,37.773,115.947,-0.438703,-0.898429,-0.019094,0.897678,-0.437159,-0.055380,0.041408,-0.041436,0.998283,0,0.89355,0.02285,53.613,0.046,-1,350.000,-1,250.000,275.000,275.000,225.000,275.000,375.000,600.000,125.000,225.000,475.000,850.000,350.000,-1,250.000,2,1,2,1,1,1,1,0,1,0,0,0,1,0,1,2,1
113,6964.110,4781.071,42.499,116.144,-0.442405,-0.896633,-0.018117,0.894967,-0.440106,-0.073082,0.057554,-0.048545,0.997161,0,0.93206,0.09856,55.923,0.197,-1,375.000,-1,250.000,275.000,275.000,250.000,275.000,350.000,550.000,100.000,200.000,500.000,925.000,375.000,-1,275.000,2,1,2,1,1,1,1,0,1,0,0,0,1,1,1,2,1
114,6939.178,4831.458,47.629,116.326,-0.445880,-0.894963,-0.015238,0.891961,-0.442832,-0.091137,0.074816,-0.054228,0.995722,0,0.93692,0.09131,56.215,0.183,-1,425.000,-1,275.000,275.000,300.000,250.000,275.000,350.000,500.000,75.000,175.000,525.000,1000.000,400.000,-1,275.000,2,1,2,1,1,1,1,0,1,0,0,0,1,1,1,2,1
115,-2295.764,-8855.087,-147.119,-179.907,-0.999641,0.001631,0.026731,-0.002307,-0.999678,-0.025286,0.026681,-0.025338,0.999323,1,0.00000,0.00000,56.475,0.166,-1,400.000,-1,400.000,950.000,325.000,325.000,300.000,300.000,-1,-1,-1,-1,725.000,750.000,-1,-1,2,0,2,0,1,0,0,0,0,2,2,2,2,0,0,2,2
116,-2300.564,-8855.075,-146.991,-180.147,-0.999640,-0.002556,0.026727,0.001881,-0.999679,-0.025263,0.026783,-0.025204,0.999323,0,0.08000,-0.12000,4.800,-0.240,-1,400.000,-1,400.000,950.000,325.000,325.000,300.000,300.000,-1,-1,-1,-1,725.000,750.000,-1,-1,2,0,2,0,1,0,0,0,0,2,2,2,2,0,0,2,2
117,-2310.163,-8854.970,-146.734,-180.627,-0.999583,-0.010931,0.026719,0.010258,-0.999629,-0.025222,0.026985,-0.024937,0.999325,0,0.16000,-0.24000,9.600,-0.480,-1,400.000,-1,400.000,925.000,325.000,325.000,300.000,300.000,-1,-1,-1,-1,725.000,750.000,-1,-1,2,0,2,0,1,0,0,0,0,2,2,2,2,0,0,2,2
118,-2324.559,-8854.631,-146.345,-181.347,-0.999367,-0.023492,0.026706,0.022821,-0.999423,-0.025170,0.027282,-0.024544,0.999326,0,0.24000,-0.36000,14.400,-0.720,-1,400.000,-1,400.000,900.000,325.000,325.000,300.000,300.000,-1,-1,-1,-1,725.000,750.000,-1,-1,2,0,2,0,1,0,0,0,0,2,2,2,2,0,0,2,2
119,-2343.744,-8853.858,-145.819,-182.307,-0.998834,-0.040234,0.026685,0.039566,-0.998901,-0.025117,0.027666,-0.024032,0.999328,0,0.32000,-0.48000,19.200,-0.960,-1,400.000,-1,400.000,850.000,325.000,325.000,300.000,300.000,-1,-1,-1,-1,725.000,725.000,-1,-1,2,0,2,0,1,0,0,0,0,2,2,2,2,0,0,2,2
120,-2367.699,-8852.390,-145.151,-183.507,-0.997773,-0.061145,0.026650,0.060480,-0.997854,-0.025078,0.028126,-0.023410,0.999330,0,0.40000,-0.60000,24.000,-1.200,-1,400.000,-1,400.000,825.000,325.000,325.000,300.000,300.000,-1,-1,-1,-1,725.000,725.000,-1,-1,2,0,2,0,1,0,0,0,0,2,2,2,2,0,0,2,2
121,-2396.392,-8849.907,-144.337,-184.947,-0.995923,-0.086204,0.026593,0.085543,-0.996019,-0.025069,0.028649,-0.022692,0.999332,0,0.48000,-0.72000,28.800,-1.440,-1,400.000,-1,400.000,775.000,325.000,325.000,300.000,300.000,-1,-1,-1,-1,725.000,725.000,1000.000,-1,2,0,2,0,1,0,0,0,0,2,2,2,2,0,0,1,2
122,-2429.767,-8846.029,-143.369,-186.627,-0.992969,-0.115369,0.026500,0.114712,-0.993081,-0.025111,0.029214,-0.021894,0.999333,0,0.56000,-0.84000,33.600,-1.680,-1,400.000,-1,400.000,725.000,325.000,325.000,300.000,300.000,-1,-1,-1,-1,725.000,725.000,950.000,-1,2,0,2,0,1,0,0,0,0,2,2,2,2,0,0,1,2
123,-2467.743,-8840.334,-142.243,-188.528,-0.988597,-0.148264,0.026351,0.147611,-0.988724,-0.025221,0.029794,-0.021044,0.999335,0,0.64000,-0.95086,38.400,-1.902,950.000,400.000,-1,400.000,675.000,325.000,325.000,300.000,300.000,-1,-1,-1,-1,725.000,725.000,900.000,-1,1,0,2,0,1,0,0,0,0,2,2,2,2,0,0,1,2
124,-2510.228,-8832.507,-140.952,-190.439,-0.983108,-0.181150,0.026125,0.180500,-0.983247,-0.025405,0.030289,-0.020261,0.999336,0,0.72000,-0.95533,43.200,-1.911,900.000,400.000,-1,375.000,625.000,325.000,325.000,300.000,300.000,-1,-1,-1,-1,725.000,725.000,850.000,950.000,1,0,2,0,1,0,0,0,0,2,2,2,2,0,0,1,1
125,-2557.115,-8822.230,-139.491,-192.362,-0.976483,-0.214047,0.025793,0.213401,-0.976628,-0.025661,0.030683,-0.019553,0.999338,0,0.80000,-0.96156,48.000,-1.923,825.000,375.000,-1,375.000,575.000,325.000,325.000,300.000,300.000,-1,-1,-1,-1,725.000,725.000,800.000,850.000,1,0,2,0,1,0,0,0,0,2,2,2,2,0,0,1,1
126,-2608.279,-8809.187,-137.697,-194.301,-0.968674,-0.246979,0.025920,0.246342,-0.968849,-0.025455,0.031400,-0.018272,0.999340,0,0.88000,-0.96962,52.800,-1.939,775.000,375.000,-1,375.000,525.000,325.000,325.000,300.000,300.000,-1,-1,-1,-1,700.000,700.000,750.000,750.000,1,0,2,0,1,0,0,0,0,2,2,2,2,1,0,1,1
127,-2663.574,-8793.059,-135.650,-196.260,-0.959650,-0.279964,0.026316,0.279338,-0.959864,-0.025133,0.032296,-0.016768,0.999338,0,0.96000,-0.97959,57.600,-1.959,700.000,375.000,-1,375.000,475.000,325.000,325.000,300.000,300.000,-1,-1,-1,-1,650.000,700.000,700.000,675.000,1,0,2,0,1,0,0,0,0,2,2,2,2,1,0,1,1
128,-2718.826,-8774.846,-133.618,-198.244,-0.949369,-0.313021,0.026762,0.312403,-0.949623,-0.024895,0.033207,-0.015274,0.999332,0,0.96960,-0.99158,58.176,-1.983,625.000,375.000,-1,375.000,450.000,325.000,300.000,300.000,300.000,-1,-1,-1,-1,600.000,675.000,625.000,600.000,1,0,2,0,1,0,0,0,0,2,2,2,2,1,1,1,1
129,-2773.579,-8754.653,-131.423,-200.244,-0.937844,-0.345975,0.027371,0.345334,-0.938131,-0.025590,0.034531,-0.014547,0.999298,0,0.97264,-1.00000,58.358,-2.000,575.000,375.000,-1,375.000,400.000,325.000,300.000,300.000,300.000,-1,-1,-1,-1,575.000,625.000,575.000,525.000,1,0,2,0,1,0,0,0,0,2,2,2,2,1,1,1,1
130,-2827.745,-8732.501,-129.234,-202.244,-0.925181,-0.378508,0.027789,0.377839,-0.925492,-0.026495,0.035747,-0.014013,0.999263,0,0.97534,-1.00000,58.520,-2.000,525.000,375.000,-1,375.000,350.000,300.000,300.000,300.000,300.000,-1,-1,-1,-1,525.000,575.000,525.000,450.000,1,0,2,0,1,0,0,0,0,2,2,2,2,1,1,1,1
131,-2881.227,-8708.416,-126.823,-204.244,-0.911359,-0.410584,0.029094,0.409890,-0.911734,-0.027020,0.037620,-0.012699,0.999211,0,0.97758,-1.00000,58.655,-2.000,450.000,375.000,-1,375.000,300.000,325.000,325.000,300.000,300.000,-1,-1,-1,-1,500.000,525.000,475.000,400.000,1,0,2,0,1,0,0,0,0,2,2,2,2,1,1,1,1
132,-2933.927,-8682.434,-124.372,-206.244,-0.896418,-0.442160,0.030488,0.441439,-0.896865,-0.027660,0.039574,-0.011337,0.999152,0,0.97928,-1.00000,58.757,-2.000,400.000,375.000,-1,375.000,275.000,325.000,325.000,300.000,300.000,-1,-1,-1,-1,475.000,475.000,425.000,325.000,1,1,2,0,1,0,0,0,1,2,2,2,2,1,1,1,1
133,-2981.567,-8657.100,-122.122,-208.004,-0.882362,-0.469502,0.031711,0.468752,-0.882872,-0.028424,0.041342,-0.010215,0.999093,0,0.89928,-0.88000,53.957,-1.760,350.000,350.000,1000.000,375.000,225.000,325.000,325.000,300.000,300.000,-1,-1,-1,-1,450.000,450.000,375.000,275.000,1,1,1,1,1,0,0,0,1,2,2,2,2,1,1,1,1
