timestep,x_cm,y_cm,z_cm,yaw_deg,basis_xx,basis_xy,basis_xz,basis_yx,basis_yy,basis_yz,basis_zx,basis_zy,basis_zz,teleport_flag,throttle_cmd,steering_cmd,cmd_move_cm,cmd_turn_deg,lidar_cm_0,lidar_cm_1,lidar_cm_2,lidar_cm_3,lidar_cm_4,lidar_cm_5,lidar_cm_6,lidar_cm_7,lidar_cm_8,lidar_cm_9,lidar_cm_10,lidar_cm_11,lidar_cm_12,lidar_cm_13,lidar_cm_14,lidar_cm_15,lidar_cm_16,lidar_class_0,lidar_class_1,lidar_class_2,lidar_class_3,lidar_class_4,lidar_class_5,lidar_class_6,lidar_class_7,lidar_class_8,lidar_class_9,lidar_class_10,lidar_class_11,lidar_class_12,lidar_class_13,lidar_class_14,lidar_class_15,lidar_class_16
0,-8859.840,-2951.040,-400.811,171.870,-0.989712,-0.141177,0.023236,0.142292,-0.988200,0.056691,0.014958,0.059414,0.998121,1,0.08000,0.12000,4.800,0.240,-1,400.000,-1,375.000,-1,325.000,325.000,300.000,300.000,-1,-1,-1,-1,750.000,700.000,-1,-1,2,0,2,0,2,0,0,0,0,2,2,2,2,0,0,2,2
1,-8869.355,-2949.762,-400.664,172.350,-0.990859,-0.132896,0.023172,0.134017,-0.989368,0.056480,0.015420,0.059069,0.998135,0,0.16000,0.24000,9.600,0.480,-1,400.000,-1,375.000,-1,325.000,325.000,300.000,300.000,-1,-1,-1,-1,750.000,700.000,-1,-1,2,0,2,0,2,0,0,0,0,2,2,2,2,0,0,2,2
2,-8883.649,-2948.024,-400.432,173.070,-0.992450,-0.120457,0.023075,0.121586,-0.990991,0.056166,0.016101,0.058548,0.998155,0,0.24000,0.36000,14.400,0.720,-1,400.000,-1,375.000,-1,325.000,325.000,300.000,300.000,-1,-1,-1,-1,750.000,700.000,-1,-1,2,0,2,0,2,0,0,0,0,2,2,2,2,0,0,2,2
3,-8902.744,-2946.027,-400.104,174.030,-0.994329,-0.103841,0.022941,0.104979,-0.992910,0.055751,0.016989,0.057843,0.998181,0,0.32000,0.48000,19.200,0.960,-1,400.000,-1,375.000,-1,325.000,325.000,300.000,300.000,-1,-1,-1,-1,750.000,700.000,-1,-1,2,0,2,0,2,0,0,0,0,2,2,2,2,0,0,2,2
4,-8926.661,-2944.030,-399.663,175.230,-0.996287,-0.083028,0.022768,0.084177,-0.994919,0.055238,0.018066,0.056949,0.998214,0,0.40000,0.60000,24.000,1.200,-1,400.000,-1,375.000,-1,325.000,325.000,300.000,300.000,-1,-1,-1,-1,750.000,700.000,-1,-1,2,0,2,0,2,0,0,0,0,2,2,2,2,0,0,2,2
5,-8955.412,-2942.356,-399.090,176.670,-0.998062,-0.058003,0.022551,0.059162,-0.996752,0.054630,0.019309,0.055858,0.998252,0,0.48000,0.72000,28.800,1.440,-1,400.000,-1,375.000,-1,325.000,325.000,300.000,300.000,-1,-1,-1,-1,750.000,700.000,-1,-1,2,0,2,0,2,0,0,0,0,2,2,2,2,0,0,2,2
6,-8988.997,-2941.388,-398.367,178.350,-0.999338,-0.028758,0.022285,0.029925,-0.998096,0.053932,0.020691,0.054563,0.998296,0,0.56000,0.84000,33.600,1.680,-1,400.000,-1,375.000,-1,325.000,325.000,300.000,300.000,-1,-1,-1,-1,725.000,700.000,-1,-1,2,0,2,0,2,0,0,0,0,2,2,2,2,0,0,2,2
7,-9027.396,-2941.568,-397.469,180.270,-0.999748,0.004698,0.021961,-0.003525,-0.998580,0.053148,0.022179,0.053057,0.998345,0,0.64000,0.96000,38.400,1.920,-1,400.000,-1,375.000,-1,325.000,325.000,300.000,300.000,-1,-1,-1,-1,725.000,675.000,-1,-1,2,0,2,0,2,0,0,0,0,2,2,2,2,0,0,2,2
8,-9070.562,-2943.278,-396.381,182.270,-0.998985,0.039549,0.021574,-0.038376,-0.997894,0.052288,0.023596,0.051407,0.998399,0,0.72000,1.00000,43.200,2.000,-1,400.000,-1,375.000,-1,325.000,325.000,300.000,300.000,-1,-1,-1,-1,725.000,675.000,-1,-1,2,0,2,0,2,0,0,0,0,2,2,2,2,0,0,2,2
9,-9118.428,-2946.850,-395.088,184.270,-0.997008,0.074357,0.021116,-0.073194,-0.995994,0.051358,0.024850,0.049659,0.998457,0,0.80000,1.00000,48.000,2.000,975.000,375.000,-1,375.000,-1,325.000,325.000,300.000,300.000,-1,-1,-1,-1,725.000,675.000,-1,-1,1,0,2,0,2,0,0,0,0,2,2,2,2,0,0,2,2
10,-9170.912,-2952.615,-393.574,186.270,-0.993814,0.109082,0.020838,-0.107923,-0.992883,0.050361,0.026183,0.047801,0.998514,0,0.88000,1.00000,52.800,2.000,900.000,375.000,-1,375.000,-1,325.000,300.000,300.000,300.000,-1,-1,-1,-1,725.000,675.000,-1,-1,1,0,2,0,2,0,0,0,0,2,2,2,2,0,0,2,2
11,-9227.912,-2960.898,-391.661,188.270,-0.989387,0.143685,0.021635,-0.142506,-0.988597,0.048668,0.028381,0.045068,0.998581,0,0.96000,1.00000,57.600,2.000,825.000,375.000,-1,375.000,-1,300.000,300.000,300.000,300.000,-1,-1,-1,-1,725.000,675.000,-1,-1,1,0,2,0,2,0,0,0,0,2,2,2,2,0,0,2,2
12,-9286.951,-2971.594,-389.388,190.270,-0.983736,0.178114,0.023204,-0.176860,-0.983064,0.048008,0.031362,0.043124,0.998577,0,1.00000,1.00000,60.000,2.000,775.000,375.000,-1,375.000,-1,325.000,300.000,300.000,300.000,-1,-1,-1,-1,725.000,675.000,-1,-1,1,0,2,0,2,0,0,0,0,2,2,2,2,0,0,2,2
13,-9345.580,-2984.344,-387.048,192.270,-0.976885,0.212331,0.024710,-0.211008,-0.976329,0.047512,0.034213,0.041200,0.998565,0,1.00000,1.00000,60.000,2.000,725.000,375.000,-1,375.000,-1,325.000,300.000,300.000,300.000,-1,-1,-1,-1,725.000,675.000,-1,-1,1,0,2,0,2,0,0,0,0,2,2,2,2,0,0,2,2
14,-9403.729,-2999.132,-384.650,194.270,-0.968843,0.246294,0.026141,-0.244908,-0.968398,0.047167,0.036932,0.039295,0.998545,0,1.00000,1.00000,60.000,2.000,675.000,375.000,-1,375.000,-1,325.000,325.000,300.000,300.000,-1,-1,-1,-1,725.000,675.000,-1,-1,1,0,2,0,2,0,0,0,0,2,2,2,2,0,0,2,2
15,-9461.326,-3015.941,-382.201,196.270,-0.959618,0.279961,0.027490,-0.278517,-0.959282,0.046970,0.039521,0.037417,0.998518,0,1.00000,1.00000,60.000,2.000,625.000,400.000,-1,375.000,-1,325.000,325.000,300.000,300.000,-1,-1,-1,-1,725.000,675.000,-1,-1,1,0,2,0,2,0,0,0,0,2,2,2,2,0,0,2,2
16,-9518.302,-3034.749,-379.710,198.270,-0.949222,0.313290,0.028751,-0.311793,-0.948991,0.046917,0.041983,0.035570,0.998485,0,1.00000,1.00000,60.000,2.000,575.000,400.000,-1,375.000,-1,325.000,325.000,300.000,300.000,-1,-1,-1,-1,700.000,675.000,850.000,-1,1,0,2,0,2,0,0,0,0,2,2,2,2,1,0,1,2
17,-9574.587,-3055.535,-377.184,200.270,-0.937669,0.346240,0.029915,-0.344692,-0.937538,0.047003,0.044321,0.033762,0.998447,0,1.00000,1.00000,60.000,2.000,525.000,400.000,-1,375.000,-1,325.000,325.000,300.000,300.000,-1,-1,-1,-1,675.000,675.000,750.000,-1,1,0,2,0,2,0,0,0,0,2,2,2,2,1,0,1,2
18,-9630.111,-3078.272,-374.575,202.270,-0.924963,0.378773,0.031210,-0.377176,-0.924943,0.047094,0.046706,0.031788,0.998403,0,1.00000,1.00000,60.000,2.000,475.000,400.000,-1,375.000,-1,325.000,325.000,300.000,300.000,-1,-1,-1,-1,650.000,675.000,650.000,-1,1,0,2,0,2,0,0,0,0,2,2,2,2,1,0,1,2
19,-9684.809,-3102.933,-371.914,204.270,-0.911123,0.410848,0.032540,-0.409204,-0.911218,0.047262,0.049069,0.029746,0.998352,0,1.00000,1.00000,60.000,2.000,425.000,400.000,-1,375.000,-1,325.000,325.000,300.000,300.000,-1,-1,-1,-1,625.000,675.000,575.000,-1,1,0,2,0,2,0,0,1,0,2,2,2,2,1,0,1,2
20,-9734.410,-3127.156,-369.242,206.030,-0.898024,0.438673,0.033452,-0.437042,-0.898235,0.046562,0.050473,0.027194,0.998355,0,0.92000,0.88000,55.200,1.760,375.000,400.000,-1,375.000,-1,325.000,325.000,300.000,300.000,-1,-1,-1,-1,600.000,675.000,500.000,-1,1,0,2,0,2,0,0,1,0,2,2,2,2,1,0,1,2
21,-9779.633,-3150.746,-366.629,207.550,-0.886012,0.462378,0.034490,-0.460780,-0.886346,0.045520,0.051617,0.024439,0.998368,0,0.85010,0.76000,51.006,1.520,350.000,375.000,-1,375.000,-1,325.000,325.000,275.000,300.000,-1,-1,-1,-1,575.000,700.000,450.000,-1,1,1,2,0,2,0,0,1,0,2,2,2,2,1,0,1,2
22,-9824.228,-3175.291,-363.872,208.830,-0.875370,0.482096,0.036212,-0.480532,-0.875858,0.044291,0.053069,0.021369,0.998362,0,0.84838,0.64000,50.903,1.280,300.000,375.000,-1,375.000,-1,325.000,325.000,275.000,300.000,-1,-1,-1,-1,550.000,700.000,400.000,-1,1,1,2,0,2,0,0,1,0,2,2,2,2,1,0,1,2
23,-9868.240,-3200.567,-361.134,209.870,-0.866380,0.497942,0.037955,-0.496415,-0.867012,0.043156,0.054396,0.018548,0.998347,0,0.84590,0.52000,50.754,1.040,275.000,350.000,-1,375.000,-1,325.000,325.000,250.000,300.000,-1,-1,-1,-1,525.000,700.000,350.000,-1,1,1,2,0,2,0,0,1,0,2,2,2,2,1,0,1,2
24,-9915.598,-3228.653,-356.861,210.670,-0.859223,0.509971,0.040813,-0.508070,-0.859929,0.048855,0.060010,0.021242,0.997972,0,0.91766,0.40000,55.059,0.800,250.000,350.000,-1,400.000,-1,325.000,325.000,250.000,300.000,-1,750.000,800.000,-1,550.000,725.000,350.000,-1,1,1,2,0,2,1,0,1,0,2,0,0,2,1,0,1,2
25,-9962.749,-3257.247,-351.651,211.230,-0.854133,0.518264,0.043117,-0.515672,-0.854760,0.058892,0.067376,0.028067,0.997333,0,0.91904,0.28000,55.142,0.560,250.000,350.000,-1,400.000,-1,325.000,325.000,250.000,300.000,-1,575.000,550.000,-1,600.000,750.000,375.000,-1,1,1,2,0,2,1,0,1,0,2,0,0,2,1,0,1,2
26,-10009.757,-3286.114,-346.445,211.550,-0.851192,0.522912,0.045114,-0.519549,-0.851660,0.068877,0.074438,0.035189,0.996605,0,0.91938,0.16000,55.163,0.320,275.000,375.000,-1,425.000,-1,325.000,350.000,250.000,275.000,-1,500.000,450.000,-1,675.000,775.000,-1,-1,1,1,2,0,2,1,0,1,0,2,0,0,2,1,0,2,2
27,-10056.678,-3315.020,-341.424,211.630,-0.850438,0.523965,0.047065,-0.519814,-0.850709,0.078019,0.080918,0.041885,0.995840,0,0.91849,0.04000,55.109,0.080,325.000,375.000,-1,425.000,-1,350.000,350.000,250.000,275.000,-1,450.000,400.000,-1,900.000,800.000,-1,-1,1,1,2,0,2,1,0,1,0,2,0,0,2,0,0,2,2
28,-10103.560,-3343.721,-336.762,211.470,-0.851867,0.521465,0.048948,-0.516641,-0.851969,0.085035,0.086045,0.047150,0.995175,0,0.91615,-0.08000,54.969,-0.160,400.000,400.000,-1,450.000,-1,350.000,375.000,225.000,275.000,-1,400.000,325.000,-1,925.000,800.000,-1,-1,1,1,2,0,2,1,1,1,0,2,0,0,2,1,0,2,2
29,-10150.437,-3371.969,-332.455,211.070,-0.855436,0.515404,0.050865,-0.510040,-0.855422,0.090067,0.089932,0.051104,0.994636,0,0.91214,-0.20000,54.729,-0.400,875.000,425.000,-1,450.000,-1,350.000,375.000,225.000,275.000,-1,400.000,275.000,-1,925.000,825.000,-1,-1,1,1,2,0,2,1,1,1,0,2,0,0,2,1,0,2,2
30,-10197.322,-3399.512,-328.559,210.430,-0.861062,0.505745,0.052860,-0.499990,-0.861003,0.093186,0.092641,0.053809,0.994245,0,0.90627,-0.32000,54.376,-0.640,950.000,450.000,-1,450.000,-1,375.000,375.000,225.000,275.000,-1,350.000,250.000,-1,925.000,825.000,-1,-1,1,1,2,0,2,1,1,1,0,2,0,0,2,1,0,2,2
31,-10244.212,-3426.096,-325.094,209.550,-0.868622,0.492424,0.054913,-0.486449,-0.868602,0.094333,0.094149,0.055227,0.994025,0,0.89835,-0.44000,53.901,-0.880,975.000,475.000,-1,450.000,-1,375.000,375.000,200.000,275.000,-1,325.000,225.000,-1,925.000,825.000,-1,-1,1,1,2,0,2,1,0,1,0,2,0,0,2,1,0,2,2
32,-10291.082,-3451.470,-322.069,208.430,-0.877952,0.475348,0.056957,-0.469338,-0.878055,0.093495,0.094454,0.055352,0.993989,0,0.88828,-0.56000,53.297,-1.120,-1,500.000,-1,450.000,-1,375.000,375.000,200.000,275.000,-1,325.000,225.000,-1,925.000,825.000,-1,-1,2,0,2,0,2,0,0,1,0,2,0,0,2,1,0,2,2
33,-10337.888,-3475.389,-319.486,207.070,-0.888848,0.454403,0.058886,-0.448545,-0.889145,0.090713,0.093578,0.054217,0.994135,0,0.87604,-0.68000,52.562,-1.360,-1,475.000,-1,425.000,-1,375.000,375.000,175.000,275.000,900.000,325.000,225.000,-1,900.000,825.000,-1,-1,2,0,2,0,2,0,0,1,0,1,0,0,2,1,0,2,2
34,-10384.550,-3497.662,-317.150,205.520,-0.900685,0.430259,0.060361,-0.424803,-0.901247,0.085416,0.091151,0.051291,0.994515,0,0.86175,-0.77479,51.705,-1.550,-1,475.000,-1,425.000,-1,375.000,350.000,175.000,275.000,750.000,325.000,225.000,-1,875.000,800.000,-1,-1,2,0,2,0,2,0,0,1,0,1,0,0,2,1,0,2,2
35,-10430.920,-3518.284,-313.185,203.974,-0.912493,0.405703,0.052550,-0.400839,-0.912349,0.083346,0.081758,0.054988,0.995134,0,0.84584,-0.77313,50.750,-1.546,-1,450.000,-1,400.000,-1,350.000,350.000,175.000,275.000,725.000,550.000,450.000,-1,850.000,750.000,-1,-1,2,0,2,0,2,0,0,1,0,1,0,0,2,1,0,2,2
36,-10476.914,-3537.270,-309.165,202.429,-0.923551,0.380903,0.044343,-0.376715,-0.922801,0.080769,0.071685,0.057890,0.995746,0,0.82933,-0.77223,49.760,-1.544,-1,425.000,-1,400.000,-1,350.000,325.000,175.000,275.000,700.000,900.000,825.000,-1,800.000,700.000,-1,-1,2,0,2,0,2,0,0,1,0,1,0,0,2,0,0,2,2
37,-10522.472,-3554.653,-305.523,200.885,-0.933833,0.355861,0.036320,-0.352388,-0.932635,0.077557,0.061473,0.059626,0.996326,0,0.81270,-0.77207,48.762,-1.544,-1,400.000,-1,375.000,-1,325.000,325.000,175.000,275.000,650.000,-1,-1,-1,725.000,650.000,-1,-1,2,0,2,0,2,0,0,1,0,1,2,2,2,0,0,2,2
38,-10567.559,-3570.476,-302.272,199.340,-0.943346,0.330571,0.028649,-0.327811,-0.941861,0.073739,0.051359,0.060170,0.996866,0,0.79640,-0.77262,47.784,-1.545,-1,375.000,-1,350.000,-1,300.000,300.000,200.000,275.000,625.000,-1,-1,-1,675.000,600.000,-1,-1,2,0,2,0,2,0,0,1,0,1,2,2,2,0,0,2,2
39,-10612.168,-3584.791,-299.045,197.792,-0.952058,0.304997,0.023723,-0.302679,-0.950396,0.071639,0.044396,0.061024,0.997148,0,0.78083,-0.77383,46.850,-1.548,-1,375.000,-1,350.000,975.000,300.000,300.000,200.000,275.000,550.000,-1,-1,-1,650.000,575.000,-1,-1,2,0,2,0,0,0,0,1,0,1,2,2,2,0,0,2,2
40,-10656.310,-3597.655,-294.818,196.241,-0.960001,0.279061,0.022885,-0.276669,-0.957979,0.075694,0.043047,0.066334,0.996868,0,0.76629,-0.77564,45.977,-1.551,-1,375.000,-1,350.000,925.000,300.000,300.000,225.000,275.000,500.000,-1,-1,-1,650.000,575.000,-1,1000.000,2,0,2,0,0,0,0,1,0,1,2,2,2,0,0,2,0
41,-10700.015,-3609.112,-290.994,194.685,-0.967214,0.252875,0.023485,-0.250366,-0.964937,0.078827,0.042594,0.070362,0.996612,0,0.75301,-0.77801,45.181,-1.556,-1,375.000,-1,350.000,925.000,300.000,300.000,250.000,275.000,450.000,-1,-1,-1,650.000,575.000,-1,1000.000,2,0,2,0,0,0,0,1,0,1,2,2,2,0,0,2,0
42,-10743.322,-3619.211,-287.547,193.123,-0.973696,0.226436,0.025342,-0.223764,-0.971271,0.081011,0.042958,0.073210,0.996391,0,0.74114,-0.78087,44.468,-1.562,-1,375.000,-1,350.000,950.000,300.000,300.000,275.000,275.000,400.000,-1,-1,-1,650.000,575.000,-1,-1,2,0,2,0,0,0,0,1,0,1,2,2,2,0,0,2,2
43,-10786.278,-3627.996,-284.448,191.555,-0.979440,0.199742,0.028289,-0.196865,-0.976976,0.082230,0.044062,0.074971,0.996212,0,0.73073,-0.78417,43.844,-1.568,-1,375.000,-1,350.000,-1,300.000,300.000,300.000,275.000,375.000,-1,-1,-1,675.000,600.000,-1,-1,2,0,2,0,2,0,0,1,0,1,2,2,2,0,0,2,2
44,-10828.931,-3635.502,-281.675,189.979,-0.984433,0.172792,0.032166,-0.169677,-0.982043,0.082474,0.045839,0.075733,0.996074,0,0.72179,-0.78787,43.307,-1.576,-1,375.000,-1,350.000,-1,300.000,300.000,350.000,275.000,400.000,-1,-1,-1,675.000,600.000,-1,-1,2,0,2,0,2,0,0,1,0,1,2,2,2,0,0,2,2
45,-10871.330,-3641.759,-279.202,188.395,-0.988661,0.145584,0.036821,-0.142215,-0.986455,0.081742,0.048222,0.075579,0.995973,0,0.71429,-0.79193,42.857,-1.584,-1,375.000,-1,350.000,-1,300.000,300.000,375.000,275.000,400.000,-1,-1,-1,700.000,625.000,-1,-1,2,0,2,0,2,0,0,1,0,1,2,2,2,0,0,2,2
46,-10916.509,-3647.347,-276.862,187.051,-0.991573,0.122424,0.042372,-0.118789,-0.989717,0.079685,0.051692,0.073980,0.995919,0,0.75868,-0.67193,45.521,-1.344,-1,375.000,-1,350.000,-1,300.000,300.000,375.000,275.000,400.000,-1,-1,-1,700.000,650.000,-1,-1,2,0,2,0,2,0,0,1,0,1,2,2,2,0,0,2,2
47,-10961.521,-3652.034,-274.750,185.948,-0.993472,0.103354,0.048285,-0.099483,-0.992081,0.076667,0.055827,0.071363,0.995887,0,0.75424,-0.55193,45.255,-1.104,-1,375.000,-1,375.000,-1,300.000,300.000,350.000,275.000,425.000,-1,-1,-1,725.000,675.000,-1,-1,2,0,2,0,2,0,0,0,0,1,2,2,2,0,0,2,2
48,-11006.432,-3656.027,-272.804,185.084,-0.994598,0.088406,0.054399,-0.084345,-0.993766,0.072908,0.060505,0.067926,0.995854,0,0.75145,-0.43193,45.087,-0.864,-1,375.000,-1,375.000,-1,325.000,300.000,350.000,275.000,425.000,-1,-1,-1,725.000,700.000,-1,-1,2,0,2,0,2,0,0,0,0,1,2,2,2,0,0,2,2
49,-11051.302,-3659.523,-270.968,184.460,-0.995141,0.077602,0.060606,-0.073408,-0.994939,0.068614,0.065624,0.063832,0.995801,0,0.75007,-0.31193,45.004,-0.624,-1,400.000,-1,375.000,-1,325.000,325.000,325.000,300.000,450.000,475.000,-1,-1,750.000,725.000,-1,-1,2,0,2,0,2,0,0,0,0,1,1,2,2,0,0,2,2
50,-11096.183,-3662.709,-269.198,184.065,-0.995250,0.070770,0.066848,-0.066507,-0.995733,0.063977,0.071090,0.059227,0.995710,0,0.74989,-0.19725,44.993,-0.394,-1,400.000,-1,400.000,-1,325.000,325.000,325.000,300.000,450.000,300.000,850.000,-1,775.000,775.000,-1,-1,2,0,2,0,2,0,0,0,0,1,1,0,2,0,0,2,2
51,-11141.135,-3665.580,-267.440,183.659,-0.995291,0.063731,0.073034,-0.059492,-0.996495,0.058813,0.076526,0.054191,0.995594,0,0.75070,-0.20300,45.042,-0.406,-1,400.000,-1,400.000,-1,325.000,325.000,300.000,300.000,475.000,225.000,700.000,-1,800.000,825.000,-1,-1,2,0,2,0,2,0,0,0,0,1,1,0,2,0,0,2,2
52,-11186.185,-3668.131,-264.728,183.242,-0.995593,0.056466,0.074878,-0.052254,-0.997002,0.057069,0.077876,0.052905,0.995558,0,0.75203,-0.20890,45.122,-0.418,-1,400.000,-1,400.000,-1,325.000,325.000,300.000,300.000,500.000,225.000,650.000,-1,825.000,850.000,-1,-1,2,0,2,0,2,0,0,0,0,1,1,0,2,0,0,2,2
53,-11231.361,-3670.350,-261.453,182.812,-0.996046,0.048982,0.074113,-0.044771,-0.997344,0.057450,0.076730,0.053905,0.995594,0,0.75384,-0.21494,45.230,-0.430,-1,400.000,-1,400.000,-1,325.000,325.000,300.000,300.000,550.000,275.000,725.000,-1,850.000,875.000,-1,-1,2,0,2,0,2,0,0,0,0,1,1,0,2,0,0,2,2
54,-11271.749,-3672.200,-258.526,182.622,-0.996254,0.045675,0.073423,-0.041472,-0.997467,0.057789,0.075877,0.054527,0.995625,0,0.67384,-0.09494,40.430,-0.190,-1,400.000,-1,400.000,-1,325.000,325.000,300.000,300.000,575.000,325.000,800.000,-1,850.000,875.000,-1,-1,2,0,2,0,2,0,0,0,0,1,1,0,2,0,0,2,2
55,-11310.875,-3674.026,-255.684,182.672,-0.996263,0.046547,0.072751,-0.042357,-0.997411,0.058112,0.075267,0.054813,0.995656,0,0.65281,0.02506,39.169,0.050,-1,400.000,-1,400.000,-1,325.000,325.000,300.000,300.000,625.000,375.000,850.000,-1,875.000,875.000,-1,-1,2,0,2,0,2,0,0,0,0,1,1,0,2,0,0,2,2
56,-11350.166,-3676.059,-252.813,182.962,-0.996064,0.051597,0.072075,-0.047427,-0.997164,0.058428,0.074885,0.054779,0.995686,0,0.65573,0.14506,39.344,0.290,-1,400.000,-1,400.000,-1,325.000,325.000,300.000,300.000,650.000,425.000,900.000,-1,875.000,875.000,-1,-1,2,0,2,0,2,0,0,0,0,1,1,0,2,0,0,2,2
57,-11389.635,-3678.468,-249.904,183.492,-0.995592,0.060822,0.071398,-0.056676,-0.996664,0.058730,0.074732,0.054425,0.995717,0,0.65905,0.26506,39.543,0.530,-1,400.000,-1,400.000,-1,325.000,325.000,300.000,300.000,675.000,475.000,975.000,-1,900.000,900.000,-1,-1,2,0,2,0,2,0,0,0,0,1,1,0,2,0,0,2,2
58,-11429.287,-3681.422,-246.946,184.262,-0.994731,0.074216,0.070726,-0.070099,-0.995793,0.059013,0.074809,0.053744,0.995749,0,0.66270,0.38506,39.762,0.770,-1,400.000,-1,400.000,-1,325.000,325.000,300.000,300.000,700.000,550.000,-1,-1,900.000,900.000,-1,-1,2,0,2,0,2,0,0,0,0,1,1,2,2,0,0,2,2
59,-11472.276,-3685.389,-243.691,185.272,-0.993317,0.091764,0.070010,-0.087683,-0.994382,0.059294,0.075058,0.052759,0.995782,0,0.71952,0.50506,43.171,1.010,-1,400.000,-1,400.000,-1,325.000,325.000,300.000,300.000,750.000,650.000,-1,-1,900.000,900.000,-1,-1,2,0,2,0,2,0,0,0,0,1,1,2,2,0,0,2,2
60,-11515.148,-3690.290,-240.382,186.523,-0.991123,0.113445,0.069315,-0.109406,-0.992213,0.059536,0.075529,0.051425,0.995817,0,0.71919,0.62506,43.152,1.250,-1,400.000,-1,400.000,-1,325.000,325.000,300.000,300.000,775.000,-1,-1,-1,925.000,925.000,-1,-1,2,0,2,0,2,0,0,0,0,1,2,2,2,0,0,2,2
61,-11557.888,-3696.305,-237.011,188.013,-0.987879,0.139221,0.068647,-0.135230,-0.989012,0.059731,0.076209,0.049724,0.995851,0,0.71937,0.74506,43.162,1.490,-1,400.000,-1,425.000,-1,325.000,325.000,300.000,300.000,800.000,-1,-1,-1,925.000,925.000,-1,-1,2,0,2,0,2,0,0,0,0,1,2,2,2,0,0,2,2
62,-11600.464,-3703.614,-233.565,189.743,-0.983260,0.169034,0.068016,-0.165099,-0.984458,0.059868,0.077079,0.047637,0.995886,0,0.72000,0.86506,43.200,1.730,-1,400.000,-1,425.000,-1,325.000,325.000,300.000,300.000,850.000,-1,-1,-1,950.000,950.000,-1,-1,2,0,2,0,2,0,0,0,0,1,2,2,2,0,0,2,2
63,-11642.846,-3712.297,-230.041,191.580,-0.977363,0.200538,0.067425,-0.196663,-0.978636,0.059952,0.078007,0.045335,0.995922,0,0.72104,0.91882,43.262,1.838,-1,400.000,-1,425.000,-1,325.000,325.000,300.000,300.000,875.000,-1,-1,-1,950.000,975.000,-1,-1,2,0,2,0,2,0,0,0,0,1,2,2,2,0,0,2,2
64,-11684.999,-3722.348,-226.442,193.413,-0.970473,0.231753,0.066872,-0.227942,-0.971825,0.059985,0.078890,0.042971,0.995957,0,0.72225,0.91622,43.335,1.832,-1,425.000,-1,425.000,-1,325.000,350.000,300.000,300.000,900.000,-1,-1,-1,975.000,1000.000,-1,-1,2,0,2,0,2,0,0,0,0,1,2,2,2,0,0,2,2
65,-11726.879,-3733.757,-222.777,195.240,-0.962605,0.262650,0.066379,-0.258903,-0.964038,0.060003,0.079751,0.040574,0.995989,0,0.72345,0.91365,43.407,1.827,-1,425.000,-1,425.000,-1,350.000,350.000,300.000,300.000,950.000,-1,-1,-1,975.000,-1,-1,-1,2,0,2,0,2,0,0,0,0,1,2,2,2,0,2,2,2
66,-11768.444,-3746.513,-219.350,197.062,-0.953815,0.293187,0.065405,-0.289444,-0.955249,0.061006,0.080364,0.039257,0.995992,0,0.72464,0.91110,43.478,1.822,-1,425.000,-1,450.000,-1,350.000,350.000,300.000,300.000,975.000,-1,-1,-1,1000.000,-1,-1,-1,2,0,2,0,2,0,0,0,0,1,2,2,2,0,2,2,2
67,-11809.649,-3760.605,-216.220,198.880,-0.944190,0.323331,0.062943,-0.319580,-0.945472,0.062856,0.079834,0.039233,0.996036,0,0.72581,0.90857,43.549,1.817,-1,425.000,-1,450.000,-1,350.000,350.000,300.000,300.000,-1,-1,-1,-1,1000.000,-1,-1,-1,2,0,2,0,2,0,0,0,0,2,2,2,2,0,2,2,2
68,-11854.948,-3777.503,-212.681,200.457,-0.935110,0.349223,0.060108,-0.345466,-0.936195,0.064746,0.078883,0.039780,0.996090,0,0.80581,0.78857,48.349,1.577,-1,425.000,-1,450.000,-1,350.000,350.000,300.000,300.000,-1,-1,-1,-1,1000.000,-1,-1,-1,2,0,2,0,2,0,0,0,0,2,2,2,2,0,2,2,2
69,-11902.061,-3796.341,-208.998,201.794,-0.926871,0.370965,0.057406,-0.367212,-0.927766,0.066373,0.077881,0.040439,0.996142,0,0.84568,0.66857,50.741,1.337,-1,425.000,-1,450.000,-1,350.000,350.000,300.000,300.000,-1,-1,-1,-1,1000.000,1000.000,-1,-1,2,0,2,0,2,0,0,0,0,2,2,2,2,0,0,2,2
70,-11948.823,-3816.086,-205.436,202.891,-0.919754,0.388656,0.054755,-0.384961,-0.920481,0.067225,0.076529,0.040752,0.996234,0,0.84600,0.54857,50.760,1.097,-1,425.000,-1,450.000,-1,350.000,350.000,300.000,300.000,-1,-1,-1,-1,1000.000,1000.000,-1,-1,2,0,2,0,2,0,0,0,0,2,2,2,2,0,0,2,2
71,-11995.290,-3836.529,-202.243,203.748,-0.914012,0.402399,0.051551,-0.398938,-0.914602,0.065975,0.073697,0.039736,0.996489,0,0.84610,0.42857,50.766,0.857,-1,425.000,-1,425.000,-1,350.000,350.000,300.000,300.000,-1,-1,-1,-1,975.000,1000.000,-1,-1,2,0,2,0,2,0,0,0,0,2,2,2,2,0,0,2,2
72,-12041.530,-3857.470,-199.051,204.365,-0.909792,0.412240,0.048348,-0.409014,-0.910243,0.064544,0.070616,0.038947,0.996743,0,0.84603,0.30857,50.762,0.617,-1,425.000,-1,425.000,-1,350.000,350.000,300.000,300.000,-1,-1,-1,-1,975.000,975.000,-1,-1,2,0,2,0,2,0,0,0,0,2,2,2,2,0,0,2,2
73,-12087.621,-3878.710,-195.868,204.742,-0.907218,0.418232,0.045131,-0.415243,-0.907529,0.062963,0.067291,0.038381,0.996995,0,0.84583,0.18857,50.750,0.377,-1,425.000,-1,425.000,-1,350.000,350.000,300.000,300.000,-1,-1,-1,-1,950.000,950.000,-1,-1,2,0,2,0,2,0,0,0,0,2,2,2,2,0,0,2,2
74,-12133.646,-3900.054,-192.750,204.880,-0.906369,0.420412,0.041823,-0.417678,-0.906544,0.061015,0.063566,0.037834,0.997260,0,0.84556,0.06857,50.733,0.137,1000.000,425.000,-1,425.000,-1,350.000,350.000,300.000,300.000,-1,-1,-1,-1,925.000,950.000,-1,-1,1,0,2,0,2,0,0,0,0,2,2,2,2,0,0,2,2
75,-12179.692,-3921.307,-189.660,204.777,-0.907269,0.418789,0.038459,-0.416308,-0.907309,0.058969,0.059590,0.037490,0.997519,0,0.84525,-0.05143,50.715,-0.103,975.000,425.000,-1,425.000,-1,325.000,350.000,300.000,300.000,-1,-1,-1,-1,900.000,925.000,-1,-1,1,0,2,0,2,0,0,0,0,2,2,2,2,0,0,2,2
76,-12225.850,-3942.277,-186.593,204.434,-0.909896,0.413354,0.035027,-0.411120,-0.909803,0.056916,0.055394,0.037387,0.997764,0,0.84499,-0.17143,50.699,-0.343,950.000,425.000,-1,425.000,-1,325.000,325.000,300.000,300.000,-1,-1,-1,-1,900.000,900.000,-1,-1,1,0,2,0,2,0,0,0,0,2,2,2,2,0,0,2,2
77,-12272.210,-3962.773,-183.555,203.851,-0.914183,0.404076,0.031505,-0.402083,-0.913956,0.054900,0.050978,0.037521,0.997995,0,0.84481,-0.29143,50.689,-0.583,925.000,400.000,-1,425.000,-1,325.000,325.000,275.000,300.000,-1,-1,-1,-1,875.000,875.000,-1,-1,1,0,2,0,2,0,0,0,0,2,2,2,2,0,0,2,2
78,-12323.114,-3984.410,-180.292,203.028,-0.920019,0.390903,0.027563,-0.389164,-0.919651,0.052845,0.046005,0.037892,0.998222,0,0.92187,-0.41143,55.312,-0.823,900.000,400.000,-1,425.000,-1,325.000,325.000,275.000,300.000,-1,-1,-1,-1,850.000,850.000,-1,-1,1,0,2,0,2,0,0,0,0,2,2,2,2,0,0,2,2
79,-12374.464,-4005.122,-177.490,201.965,-0.927220,0.373746,0.024035,-0.372155,-0.926667,0.052809,0.042010,0.040021,0.998315,0,0.92284,-0.53143,55.370,-1.063,900.000,400.000,-1,400.000,-1,325.000,325.000,300.000,300.000,-1,-1,-1,-1,850.000,850.000,-1,-1,1,0,2,0,2,0,0,0,0,2,2,2,2,0,0,2,2
80,-12426.279,-4024.664,-174.932,200.663,-0.935577,0.352535,0.020353,-0.351077,-0.934807,0.053670,0.037947,0.043067,0.998351,0,0.92296,-0.65143,55.378,-1.303,900.000,400.000,-1,400.000,-1,325.000,325.000,300.000,300.000,-1,-1,-1,-1,850.000,825.000,-1,-1,1,0,2,0,2,0,0,0,0,2,2,2,2,0,0,2,2
81,-12478.554,-4042.788,-172.500,199.120,-0.944817,0.327187,0.016438,-0.325884,-0.943813,0.054928,0.033486,0.046540,0.998355,0,0.92212,-0.77143,55.327,-1.543,900.000,400.000,-1,400.000,-1,325.000,325.000,300.000,300.000,-1,-1,-1,-1,825.000,800.000,-1,-1,1,0,2,0,2,0,0,0,0,2,2,2,2,0,0,2,2
82,-12531.259,-4059.242,-170.278,197.337,-0.954594,0.297620,0.013139,-0.296473,-0.953391,0.056115,0.029228,0.049672,0.998338,0,0.92023,-0.89143,55.214,-1.783,925.000,400.000,-1,400.000,-1,325.000,325.000,300.000,300.000,-1,-1,-1,-1,825.000,775.000,-1,-1,1,0,2,0,2,0,0,0,0,2,2,2,2,0,0,2,2
83,-12584.282,-4073.976,-168.822,195.529,-0.963509,0.267393,0.012319,-0.266345,-0.962284,0.055400,0.026668,0.050098,0.998388,0,0.91720,-0.90381,55.032,-1.808,925.000,400.000,-1,400.000,-1,325.000,325.000,300.000,300.000,-1,-1,-1,-1,800.000,750.000,-1,-1,1,0,2,0,2,0,0,0,0,2,2,2,2,0,0,2,2
84,-12637.514,-4086.991,-167.566,193.740,-0.971389,0.237215,0.011524,-0.236271,-0.970165,0.054366,0.024077,0.050087,0.998455,0,0.91331,-0.89469,54.799,-1.789,975.000,400.000,-1,400.000,-1,325.000,325.000,300.000,300.000,-1,-1,-1,-1,800.000,750.000,-1,-1,1,0,2,0,2,0,0,0,0,2,2,2,2,0,0,2,2
85,-12690.851,-4098.296,-166.448,191.967,-0.978260,0.207094,0.010885,-0.206245,-0.977049,0.053278,0.021669,0.049874,0.998520,0,0.90870,-0.88627,54.522,-1.773,-1,400.000,-1,400.000,-1,325.000,325.000,300.000,300.000,-1,-1,-1,-1,775.000,750.000,-1,-1,2,0,2,0,2,0,0,0,0,2,2,2,2,0,0,2,2
86,-12744.203,-4107.895,-165.424,190.200,-0.984182,0.176863,0.010218,-0.176105,-0.982983,0.052272,0.019289,0.049646,0.998581,0,0.90346,-0.88372,54.208,-1.767,-1,400.000,-1,400.000,-1,325.000,325.000,300.000,300.000,-1,-1,-1,-1,775.000,725.000,-1,-1,2,0,2,0,2,0,0,0,0,2,2,2,2,0,0,2,2
87,-12797.482,-4115.796,-164.491,188.436,-0.989160,0.146531,0.009530,-0.145860,-0.987972,0.051344,0.016939,0.049397,0.998636,0,0.89768,-0.88174,53.861,-1.763,-1,400.000,-1,400.000,-1,325.000,325.000,300.000,300.000,-1,-1,-1,-1,750.000,725.000,-1,-1,2,0,2,0,2,0,0,0,0,2,2,2,2,0,0,2,2
88,-12850.610,-4122.014,-163.647,186.676,-0.993197,0.116108,0.008828,-0.115522,-0.992021,0.050489,0.014619,0.049126,0.998686,0,0.89150,-0.88035,53.490,-1.761,-1,400.000,-1,400.000,-1,325.000,325.000,300.000,300.000,-1,-1,-1,-1,750.000,725.000,-1,-1,2,0,2,0,2,0,0,0,0,2,2,2,2,0,0,2,2
89,-12903.517,-4126.565,-162.891,184.917,-0.996296,0.085602,0.008116,-0.085097,-0.995132,0.049703,0.012331,0.048828,0.998731,0,0.88505,-0.87954,53.103,-1.759,-1,400.000,-1,375.000,-1,325.000,325.000,300.000,300.000,-1,-1,-1,-1,725.000,725.000,-1,-1,2,0,2,0,2,0,0,0,0,2,2,2,2,0,0,2,2
90,-12956.147,-4129.468,-162.220,183.158,-0.998458,0.055023,0.007398,-0.054597,-0.997306,0.048980,0.010073,0.048500,0.998772,0,0.87848,-0.87932,52.709,-1.759,-1,400.000,-1,375.000,-1,325.000,325.000,300.000,300.000,-1,-1,-1,-1,725.000,700.000,-1,-1,2,0,2,0,2,0,0,0,0,2,2,2,2,0,0,2,2
91,-13008.448,-4130.744,-161.632,181.399,-0.999680,0.024379,0.006678,-0.024029,-0.998543,0.048315,0.007846,0.048139,0.998810,0,0.87194,-0.87966,52.316,-1.759,-1,375.000,-1,375.000,-1,325.000,325.000,300.000,300.000,-1,-1,-1,-1,725.000,700.000,-1,-1,2,0,2,0,2,0,0,0,0,2,2,2,2,0,0,2,2
92,-13060.381,-4130.415,-161.125,179.637,-0.999962,-0.006320,0.005958,0.006598,-0.998840,0.047703,0.005649,0.047740,0.998844,0,0.86557,-0.88057,51.934,-1.761,-1,375.000,-1,375.000,-1,325.000,300.000,300.000,300.000,-1,-1,-1,-1,700.000,700.000,-1,-1,2,0,2,0,2,0,0,0,0,2,2,2,2,0,0,2,2
93,-13111.916,-4128.501,-160.719,177.873,-0.999299,-0.037066,0.005315,0.037275,-0.998197,0.047040,0.003562,0.047205,0.998879,0,0.85950,-0.88202,51.570,-1.764,-1,375.000,-1,375.000,-1,300.000,300.000,300.000,300.000,-1,-1,-1,-1,700.000,675.000,-1,-1,2,0,2,0,2,0,0,0,0,2,2,2,2,0,0,2,2
94,-13163.029,-4125.022,-160.175,176.105,-0.997674,-0.067844,0.006623,0.068081,-0.996568,0.047090,0.003405,0.047431,0.998869,0,0.85385,-0.88399,51.231,-1.768,-1,375.000,-1,375.000,-1,300.000,300.000,300.000,300.000,-1,-1,-1,-1,700.000,700.000,-1,-1,2,0,2,0,2,0,0,0,0,2,2,2,2,0,0,2,2
95,-13216.140,-4119.757,-159.630,174.339,-0.995099,-0.098534,0.008270,0.098815,-0.994006,0.046782,0.003611,0.047370,0.998871,0,0.88952,-0.88329,53.371,-1.767,-1,375.000,-1,375.000,-1,300.000,300.000,300.000,300.000,-1,-1,-1,-1,700.000,700.000,-1,-1,2,0,2,0,2,0,0,0,0,2,2,2,2,0,0,2,2
96,-13269.150,-4113.072,-159.158,172.812,-0.992110,-0.124981,0.009891,0.125308,-0.991034,0.046363,0.004008,0.047236,0.998876,0,0.89049,-0.76329,53.429,-1.527,-1,375.000,-1,375.000,-1,300.000,300.000,300.000,300.000,-1,-1,-1,-1,700.000,700.000,-1,-1,2,0,2,0,2,0,0,0,0,2,2,2,2,0,0,2,2
97,-13321.162,-4105.232,-158.758,171.429,-0.988791,-0.148869,0.011457,0.149242,-0.987737,0.045858,0.004490,0.047053,0.998882,0,0.87665,-0.69162,52.599,-1.383,-1,375.000,-1,375.000,-1,300.000,300.000,325.000,300.000,975.000,-1,-1,-1,700.000,700.000,-1,-1,2,0,2,0,2,0,0,0,0,1,2,2,2,0,0,2,2
98,-13368.276,-4097.167,-158.442,170.286,-0.985610,-0.168548,0.012851,0.168963,-0.984580,0.045327,0.005013,0.046846,0.998890,0,0.79665,-0.57162,47.799,-1.143,-1,375.000,-1,375.000,-1,325.000,300.000,300.000,300.000,900.000,-1,-1,-1,700.000,700.000,-1,-1,2,0,2,0,2,0,0,0,0,1,2,2,2,0,0,2,2
99,-13411.060,-4089.147,-158.187,169.383,-0.982816,-0.184050,0.014095,0.184504,-0.981811,0.044792,0.005595,0.046623,0.998897,0,0.72548,-0.45162,43.529,-0.903,-1,375.000,-1,375.000,-1,325.000,325.000,300.000,300.000,850.000,-1,-1,-1,700.000,700.000,-1,-1,2,0,2,0,2,0,0,0,0,1,2,2,2,0,0,2,2
100,-13453.197,-4080.742,-157.957,168.719,-0.980603,-0.195405,0.015303,0.195900,-0.979626,0.044229,0.006349,0.046369,0.998904,0,0.71612,-0.33162,42.967,-0.663,-1,375.000,-1,375.000,-1,325.000,325.000,300.000,300.000,850.000,-1,-1,-1,700.000,700.000,-1,-1,2,0,2,0,2,0,0,0,0,1,2,2,2,0,0,2,2
101,-13494.801,-4072.123,-157.741,168.296,-0.979115,-0.202638,0.016482,0.203177,-0.978168,0.043653,0.007276,0.046090,0.998911,0,0.70812,-0.21162,42.487,-0.423,-1,375.000,-1,375.000,-1,325.000,325.000,300.000,300.000,850.000,-1,-1,-1,700.000,725.000,-1,-1,2,0,2,0,2,0,0,0,0,1,2,2,2,0,0,2,2
102,-13535.987,-4063.453,-157.525,168.113,-0.978442,-0.205768,0.017656,0.206354,-0.977528,0.043091,0.008393,0.045806,0.998915,0,0.70148,-0.09162,42.089,-0.183,-1,375.000,-1,375.000,-1,325.000,325.000,300.000,300.000,850.000,875.000,950.000,-1,700.000,725.000,-1,-1,2,0,2,0,2,0,0,0,0,1,0,0,2,0,0,2,2
103,-13576.869,-4054.890,-157.293,168.170,-0.978622,-0.204802,0.018854,0.205438,-0.977744,0.042572,0.009715,0.045535,0.998916,0,0.69615,0.02838,41.769,0.057,-1,375.000,-1,375.000,-1,325.000,325.000,300.000,300.000,850.000,725.000,800.000,-1,700.000,725.000,-1,-1,2,0,2,0,2,0,0,0,0,1,0,0,2,0,0,2,2
104,-13617.555,-4046.587,-157.047,168.466,-0.979645,-0.199738,0.020036,0.200427,-0.978805,0.042071,0.011209,0.045231,0.998914,0,0.69208,0.14838,41.525,0.297,-1,375.000,-1,375.000,-1,325.000,325.000,300.000,300.000,875.000,600.000,700.000,-1,700.000,725.000,-1,-1,2,0,2,0,2,0,0,0,0,1,0,0,2,0,0,2,2
105,-13658.146,-4038.699,-156.780,169.003,-0.981446,-0.190562,0.021210,0.191306,-0.980648,0.041601,0.012872,0.044887,0.998909,0,0.68918,0.26838,41.351,0.537,-1,375.000,-1,375.000,-1,325.000,325.000,300.000,300.000,900.000,550.000,600.000,-1,725.000,725.000,-1,-1,2,0,2,0,2,0,0,0,0,1,0,0,2,0,0,2,2
106,-13698.735,-4031.382,-156.482,169.780,-0.983911,-0.177253,0.022378,0.178054,-0.983159,0.041173,0.014703,0.044495,0.998901,0,0.68738,0.38838,41.243,0.777,-1,375.000,-1,375.000,-1,325.000,325.000,300.000,300.000,900.000,525.000,550.000,-1,725.000,725.000,-1,-1,2,0,2,0,2,0,0,0,0,1,0,0,2,0,0,2,2
107,-13739.400,-4024.793,-156.037,170.797,-0.986878,-0.159779,0.023286,0.160636,-0.986150,0.041283,0.016368,0.044482,0.998876,0,0.68659,0.50838,41.195,1.017,-1,375.000,-1,375.000,-1,325.000,325.000,300.000,300.000,925.000,525.000,550.000,-1,725.000,725.000,-1,-1,2,0,2,0,2,0,0,0,0,1,0,0,2,0,0,2,2
108,-13780.206,-4019.098,-155.378,172.053,-0.990118,-0.138108,0.024357,0.139043,-0.989390,0.042118,0.018282,0.045089,0.998816,0,0.68671,0.62838,41.203,1.257,-1,375.000,-1,375.000,-1,325.000,325.000,300.000,300.000,975.000,525.000,550.000,-1,725.000,725.000,-1,-1,2,0,2,0,2,0,0,0,0,1,0,0,2,0,0,2,2
109,-13821.205,-4014.463,-154.527,173.550,-0.993368,-0.112218,0.025050,0.113209,-0.992662,0.042490,0.020098,0.045044,0.998783,0,0.68767,0.74838,41.260,1.497,-1,375.000,-1,375.000,-1,325.000,325.000,300.000,300.000,1000.000,550.000,575.000,-1,725.000,725.000,-1,-1,2,0,2,0,2,0,0,0,0,1,0,0,2,0,0,2,2
110,-13862.427,-4011.065,-153.482,175.287,-0.996295,-0.082083,0.025661,0.083121,-0.995638,0.042379,0.022071,0.044355,0.998772,0,0.68938,0.86838,41.363,1.737,-1,375.000,-1,375.000,-1,325.000,325.000,300.000,300.000,-1,575.000,600.000,-1,725.000,750.000,-1,-1,2,0,2,0,2,0,0,0,0,2,0,0,2,0,0,2,2
111,-13903.881,-4008.996,-152.374,177.143,-0.998414,-0.049789,0.026279,0.050872,-0.997809,0.042294,0.024115,0.043564,0.998760,0,0.69176,0.92820,41.506,1.856,-1,375.000,-1,375.000,-1,325.000,325.000,300.000,300.000,-1,600.000,650.000,-1,725.000,750.000,-1,-1,2,0,2,0,2,0,0,0,0,2,0,0,2,0,0,2,2
112,-13945.540,-4008.260,-151.188,178.989,-0.999481,-0.017634,0.026950,0.018765,-0.998929,0.042303,0.026176,0.042787,0.998741,0,0.69442,0.92263,41.665,1.845,-1,375.000,-1,375.000,-1,325.000,325.000,300.000,300.000,-1,625.000,675.000,-1,725.000,750.000,-1,-1,2,0,2,0,2,0,0,0,0,2,0,0,2,0,0,2,2
113,-13987.354,-4008.861,-149.936,180.823,-0.999515,0.014351,0.027634,-0.013173,-0.999015,0.042364,0.028215,0.041979,0.998720,0,0.69698,0.91717,41.819,1.834,-1,375.000,-1,400.000,-1,325.000,325.000,300.000,300.000,-1,650.000,700.000,-1,725.000,750.000,-1,-1,2,0,2,0,2,0,0,0,0,2,0,0,2,0,0,2,2
114,-14029.274,-4010.798,-148.621,182.647,-0.998534,0.046138,0.028321,-0.044913,-0.998088,0.042468,0.030226,0.041134,0.998696,0,0.69943,0.91183,41.966,1.824,-1,375.000,-1,400.000,-1,325.000,325.000,300.000,300.000,-1,675.000,725.000,-1,725.000,750.000,-1,-1,2,0,2,0,2,0,0,0,0,2,0,0,2,0,0,2,2
115,-14071.253,-4014.072,-147.238,184.460,-0.996556,0.077698,0.028986,-0.076427,-0.996163,0.042642,0.032188,0.040280,0.998670,0,0.70177,0.90660,42.106,1.813,-1,375.000,-1,400.000,-1,325.000,325.000,300.000,300.000,-1,700.000,725.000,-1,725.000,750.000,-1,-1,2,0,2,0,2,0,0,0,0,2,0,0,2,0,0,2,2
116,-14113.242,-4018.680,-145.791,186.263,-0.993599,0.109005,0.029643,-0.107689,-0.993260,0.042865,0.034115,0.039398,0.998641,0,0.70402,0.90148,42.241,1.803,-1,375.000,-1,400.000,-1,325.000,325.000,300.000,300.000,-1,700.000,750.000,-1,725.000,750.000,-1,-1,2,0,2,0,2,0,0,0,0,2,0,0,2,0,0,2,2
117,-14155.195,-4024.617,-144.286,188.056,-0.989683,0.140033,0.030301,-0.138672,-0.989399,0.043124,0.036019,0.038477,0.998610,0,0.70618,0.89647,42.371,1.793,-1,375.000,-1,400.000,-1,325.000,325.000,300.000,300.000,-1,725.000,775.000,-1,750.000,750.000,-1,-1,2,0,2,0,2,0,0,0,0,2,0,0,2,0,0,2,2
118,-14197.065,-4031.878,-142.723,189.839,-0.984826,0.170758,0.030960,-0.169353,-0.984598,0.043420,0.037898,0.037518,0.998577,0,0.70825,0.89157,42.495,1.783,-1,400.000,-1,400.000,-1,325.000,325.000,300.000,300.000,-1,750.000,800.000,-1,750.000,750.000,-1,-1,2,0,2,0,2,0,0,0,0,2,0,0,2,0,0,2,2
119,-14238.806,-4040.456,-141.104,191.612,-0.979049,0.201156,0.031620,-0.199708,-0.978878,0.043753,0.039753,0.036521,0.998542,0,0.71023,0.88678,42.614,1.774,-1,400.000,-1,400.000,-1,325.000,325.000,300.000,300.000,-1,775.000,800.000,-1,750.000,750.000,-1,-1,2,0,2,0,2,0,0,0,0,2,0,0,2,0,0,2,2
120,-14280.374,-4050.341,-139.432,193.377,-0.972369,0.231206,0.032279,-0.229714,-0.972257,0.044122,0.041585,0.035487,0.998505,0,0.71213,0.88210,42.728,1.764,-1,400.000,-1,400.000,-1,325.000,325.000,300.000,300.000,-1,775.000,825.000,-1,750.000,750.000,-1,-1,2,0,2,0,2,0,0,0,0,2,0,0,2,0,0,2,2
121,-14321.726,-4061.522,-137.706,195.132,-0.964808,0.260884,0.032938,-0.259350,-0.964756,0.044526,0.043394,0.034417,0.998465,0,0.71394,0.87753,42.837,1.755,-1,400.000,-1,400.000,-1,325.000,325.000,300.000,300.000,-1,800.000,825.000,-1,750.000,750.000,-1,-1,2,0,2,0,2,0,0,0,0,2,0,0,2,0,0,2,2
122,-14362.817,-4073.989,-135.881,196.878,-0.956387,0.290173,0.033512,-0.288609,-0.956401,0.044753,0.045037,0.033130,0.998436,0,0.71568,0.87307,42.941,1.746,-1,400.000,-1,400.000,-1,325.000,325.000,300.000,300.000,-1,800.000,850.000,-1,750.000,775.000,-1,-1,2,0,2,0,2,0,0,0,0,2,0,0,2,0,0,2,2
123,-14403.606,-4087.727,-133.964,198.615,-0.947128,0.319052,0.033975,-0.317471,-0.947208,0.044812,0.046479,0.031656,0.998418,0,0.71735,0.86871,43.041,1.737,-1,400.000,-1,400.000,-1,325.000,325.000,300.000,300.000,-1,825.000,875.000,-1,750.000,775.000,-1,-1,2,0,2,0,2,0,0,0,0,2,0,0,2,0,0,2,2
124,-14444.052,-4102.724,-132.003,200.344,-0.937047,0.347501,0.034443,-0.345905,-0.937195,0.044897,0.047881,0.030157,0.998398,0,0.71895,0.86446,43.137,1.729,-1,400.000,-1,400.000,-1,325.000,325.000,300.000,300.000,-1,850.000,900.000,-1,750.000,775.000,-1,-1,2,0,2,0,2,0,0,0,0,2,0,0,2,0,0,2,2
125,-14484.115,-4118.962,-129.994,202.065,-0.926163,0.375501,0.034930,-0.373892,-0.926380,0.044999,0.049256,0.028616,0.998376,0,0.72047,0.86032,43.228,1.721,-1,400.000,-1,400.000,-1,325.000,325.000,300.000,300.000,-1,875.000,925.000,-1,750.000,775.000,-1,-1,2,0,2,0,2,0,0,0,0,2,0,0,2,0,0,2,2
126,-14523.754,-4136.426,-127.882,203.777,-0.914508,0.403034,0.035183,-0.401412,-0.914779,0.045248,0.050421,0.027257,0.998356,0,0.72193,0.85628,43.316,1.713,-1,400.000,-1,400.000,-1,325.000,325.000,300.000,300.000,-1,925.000,950.000,-1,750.000,775.000,-1,-1,2,0,2,0,2,0,0,0,0,2,0,0,2,0,0,2,2
127,-14562.932,-4155.097,-125.678,205.482,-0.902102,0.430082,0.035228,-0.428450,-0.902414,0.045604,0.051404,0.026046,0.998338,0,0.72333,0.85234,43.400,1.705,-1,400.000,-1,400.000,-1,325.000,325.000,300.000,300.000,-1,950.000,975.000,-1,775.000,800.000,-1,-1,2,0,2,0,2,0,0,0,0,2,0,0,2,0,0,2,2
128,-14601.611,-4174.958,-123.428,207.179,-0.888958,0.456633,0.035225,-0.454993,-0.889310,0.045932,0.052300,0.024805,0.998323,0,0.72467,0.84851,43.480,1.697,-1,400.000,-1,400.000,-1,325.000,325.000,300.000,300.000,-1,1000.000,975.000,-1,775.000,800.000,-1,-1,2,0,2,0,2,0,0,0,0,2,0,0,2,0,0,2,2
129,-14639.755,-4195.986,-121.144,208.869,-0.875095,0.482670,0.035189,-0.481029,-0.875487,0.046179,0.053097,0.023484,0.998313,0,0.72595,0.84478,43.557,1.690,-1,400.000,-1,400.000,-1,325.000,325.000,300.000,300.000,-1,-1,975.000,-1,775.000,800.000,-1,-1,2,0,2,0,2,0,0,0,0,2,2,0,2,0,0,2,2
130,-14675.296,-4217.171,-118.935,210.798,-0.858329,0.511893,0.035170,-0.510256,-0.858770,0.046400,0.053955,0.021880,0.998304,0,0.68960,0.96478,41.376,1.930,-1,400.000,-1,400.000,-1,325.000,325.000,300.000,300.000,-1,-1,1000.000,-1,775.000,800.000,-1,-1,2,0,2,0,2,0,0,0,0,2,2,0,2,0,0,2,2
131,-14710.164,-4239.640,-116.682,212.798,-0.839919,0.541572,0.035159,-0.539940,-0.840413,0.046601,0.054785,0.020157,0.998295,0,0.69133,1.00000,41.480,2.000,-1,400.000,-1,400.000,-1,325.000,325.000,300.000,300.000,-1,-1,1000.000,-1,800.000,825.000,-1,-1,2,0,2,0,2,0,0,0,0,2,2,0,2,0,0,2,2
132,-14744.314,-4263.373,-114.387,214.798,-0.820481,0.570591,0.035153,-0.568968,-0.821028,0.046780,0.055554,0.018381,0.998286,0,0.69312,1.00000,41.587,2.000,-1,400.000,-1,400.000,-1,325.000,325.000,300.000,300.000,-1,-1,1000.000,-1,800.000,825.000,-1,-1,2,0,2,0,2,0,0,0,0,2,2,0,2,0,0,2,2
133,-14777.698,-4288.344,-112.062,216.798,-0.800042,0.598916,0.035111,-0.597304,-0.800640,0.046948,0.056229,0.016589,0.998280,0,0.69483,1.00000,41.690,2.000,-1,400.000,-1,400.000,-1,325.000,325.000,300.000,300.000,-1,-1,1000.000,-1,825.000,825.000,-1,-1,2,0,2,0,2,0,0,0,0,2,2,0,2,0,0,2,2
134,-14810.266,-4314.527,-109.715,218.798,-0.778626,0.626511,0.035013,-0.624913,-0.779272,0.047106,0.056797,0.014797,0.998276,0,0.69646,1.00000,41.788,2.000,-1,400.000,-1,400.000,-1,325.000,325.000,300.000,300.000,-1,-1,-1,-1,825.000,825.000,-1,-1,2,0,2,0,2,0,0,0,0,2,2,2,2,0,0,2,2
135,-14841.971,-4341.892,-107.343,220.798,-0.756259,0.653342,0.034886,-0.651761,-0.756952,0.047243,0.057273,0.012990,0.998274,0,0.69803,1.00000,41.882,2.000,-1,400.000,-1,400.000,-1,325.000,325.000,300.000,300.000,-1,-1,-1,-1,825.000,850.000,-1,-1,2,0,2,0,2,0,0,0,0,2,2,2,2,0,0,2,2
