timestep,x_cm,y_cm,z_cm,yaw_deg,basis_xx,basis_xy,basis_xz,basis_yx,basis_yy,basis_yz,basis_zx,basis_zy,basis_zz,teleport_flag,throttle_cmd,steering_cmd,cmd_move_cm,cmd_turn_deg,lidar_cm_0,lidar_cm_1,lidar_cm_2,lidar_cm_3,lidar_cm_4,lidar_cm_5,lidar_cm_6,lidar_cm_7,lidar_cm_8,lidar_cm_9,lidar_cm_10,lidar_cm_11,lidar_cm_12,lidar_cm_13,lidar_cm_14,lidar_cm_15,lidar_cm_16,lidar_class_0,lidar_class_1,lidar_class_2,lidar_class_3,lidar_class_4,lidar_class_5,lidar_class_6,lidar_class_7,lidar_class_8,lidar_class_9,lidar_class_10,lidar_class_11,lidar_class_12,lidar_class_13,lidar_class_14,lidar_class_15,lidar_class_16
0,-9508.733,1644.064,-117.213,61.675,0.471637,-0.880216,0.052701,0.877087,0.474448,0.074951,-0.090977,0.010874,0.995794,1,0.08000,-0.12000,4.800,-0.240,-1,400.000,-1,400.000,-1,325.000,325.000,300.000,300.000,-1,-1,-1,-1,825.000,800.000,-1,-1,2,0,2,0,2,0,0,0,0,2,2,2,2,0,0,2,2
1,-9504.110,1652.478,-118.035,61.211,0.478731,-0.876349,0.053190,0.873159,0.481566,0.075414,-0.091703,0.010341,0.995733,0,0.16000,-0.23209,9.600,-0.464,-1,400.000,-1,400.000,-1,325.000,325.000,300.000,300.000,-1,-1,-1,-1,825.000,800.000,-1,-1,2,0,2,0,2,0,0,0,0,2,2,2,2,0,0,2,2
2,-9497.073,1665.041,-119.281,60.746,0.485772,-0.872423,0.053892,0.869155,0.488652,0.076084,-0.092712,0.009881,0.995644,0,0.24000,-0.23209,14.400,-0.464,-1,400.000,-1,400.000,-1,325.000,325.000,300.000,300.000,-1,-1,-1,-1,825.000,800.000,-1,-1,2,0,2,0,2,0,0,0,0,2,2,2,2,0,0,2,2
3,-9487.554,1681.716,-120.953,60.282,0.492759,-0.868439,0.054802,0.865074,0.495706,0.076955,-0.093996,0.009488,0.995527,0,0.32000,-0.23209,19.200,-0.464,-1,400.000,-1,400.000,-1,325.000,325.000,300.000,300.000,-1,-1,-1,-1,825.000,775.000,-1,-1,2,0,2,0,2,0,0,0,0,2,2,2,2,0,0,2,2
4,-9475.488,1702.463,-123.057,59.818,0.499692,-0.864397,0.055912,0.860918,0.502727,0.078015,-0.095545,0.009152,0.995383,0,0.40000,-0.23209,24.000,-0.464,-1,400.000,-1,400.000,-1,325.000,325.000,300.000,300.000,-1,-1,-1,-1,800.000,775.000,-1,-1,2,0,2,0,2,0,0,0,0,2,2,2,2,0,0,2,2
5,-9460.807,1727.241,-125.597,59.354,0.506571,-0.860298,0.057211,0.856685,0.509715,0.079254,-0.097344,0.008864,0.995211,0,0.48000,-0.23209,28.800,-0.464,-1,400.000,-1,400.000,-1,325.000,325.000,300.000,300.000,-1,-1,-1,-1,800.000,775.000,-1,-1,2,0,2,0,2,0,0,0,0,2,2,2,2,0,0,2,2
6,-9443.446,1756.009,-128.581,58.890,0.513398,-0.856142,0.058680,0.852377,0.516669,0.080670,-0.099383,0.008602,0.995012,0,0.56000,-0.23209,33.600,-0.464,-1,400.000,-1,400.000,-1,325.000,325.000,300.000,300.000,-1,-1,-1,-1,800.000,750.000,-1,-1,2,0,2,0,2,0,0,0,0,2,2,2,2,0,0,2,2
7,-9423.340,1788.724,-132.186,58.425,0.520265,-0.851935,0.059422,0.848002,0.523592,0.082124,-0.101077,0.007664,0.994849,0,0.64000,-0.23209,38.400,-0.464,-1,400.000,-1,400.000,-1,325.000,325.000,300.000,300.000,-1,-1,-1,-1,775.000,750.000,-1,-1,2,0,2,0,2,0,0,0,0,2,2,2,2,0,0,2,2
8,-9400.422,1825.345,-136.444,57.961,0.527202,-0.847674,0.059211,0.843572,0.530484,0.083502,-0.102193,0.005926,0.994747,0,0.72000,-0.23213,43.200,-0.464,-1,400.000,-1,400.000,-1,325.000,325.000,300.000,300.000,-1,-1,-1,-1,775.000,750.000,-1,-1,2,0,2,0,2,0,0,0,0,2,2,2,2,0,0,2,2
9,-9374.630,1865.826,-141.178,57.497,0.534118,-0.843352,0.058946,0.839081,0.537345,0.084874,-0.103253,0.004128,0.994647,0,0.80000,-0.23232,48.000,-0.465,-1,400.000,-1,375.000,-1,325.000,325.000,300.000,300.000,-1,-1,-1,-1,750.000,725.000,-1,-1,2,0,2,0,2,0,0,0,0,2,2,2,2,0,0,2,2
10,-9347.634,1907.446,-146.068,57.032,0.541010,-0.838969,0.058641,0.834545,0.544173,0.086080,-0.104129,0.002368,0.994561,0,0.82680,-0.23244,49.608,-0.465,-1,400.000,-1,375.000,-1,325.000,325.000,300.000,300.000,-1,-1,-1,-1,750.000,725.000,-1,-1,2,0,2,0,2,0,0,0,0,2,2,2,2,0,0,2,2
11,-9320.087,1949.172,-151.000,56.567,0.547874,-0.834528,0.058279,0.829969,0.550964,0.087117,-0.104811,0.000641,0.994492,0,0.83332,-0.23246,49.999,-0.465,-1,400.000,-1,375.000,-1,325.000,325.000,300.000,325.000,-1,-1,-1,-1,750.000,725.000,-1,-1,2,0,2,0,2,0,0,0,0,2,2,2,2,0,0,2,2
12,-9291.982,1991.000,-155.978,56.102,0.554708,-0.830032,0.057850,0.825355,0.557715,0.087993,-0.105301,-0.001063,0.994440,0,0.83988,-0.23238,50.393,-0.465,-1,375.000,-1,375.000,-1,325.000,325.000,300.000,325.000,-1,-1,-1,-1,725.000,725.000,-1,-1,2,0,2,0,2,0,0,0,0,2,2,2,2,0,0,2,2
13,-9263.315,2032.927,-161.002,55.638,0.561508,-0.825482,0.057347,0.820706,0.564422,0.088706,-0.105593,-0.002744,0.994406,0,0.84650,-0.23218,50.790,-0.464,-1,375.000,-1,375.000,-1,325.000,325.000,300.000,325.000,-1,-1,-1,-1,725.000,725.000,-1,-1,2,0,2,0,2,0,0,0,0,2,2,2,2,0,0,2,2
14,-9234.081,2074.949,-166.291,55.174,0.568233,-0.820884,0.057101,0.816124,0.571084,0.088349,-0.105134,-0.003602,0.994452,0,0.85317,-0.23188,51.190,-0.464,-1,375.000,-1,375.000,-1,325.000,325.000,300.000,325.000,-1,-1,-1,-1,725.000,700.000,-1,-1,2,0,2,0,2,0,0,0,0,2,2,2,2,0,0,2,2
15,-9204.276,2117.061,-171.692,54.711,0.574895,-0.816242,0.056973,0.811527,0.577695,0.087707,-0.104503,-0.004188,0.994516,0,0.85989,-0.23145,51.593,-0.463,-1,375.000,-1,375.000,-1,325.000,325.000,300.000,325.000,-1,-1,-1,-1,725.000,700.000,-1,-1,2,0,2,0,2,0,0,0,0,2,2,2,2,0,0,2,2
16,-9173.895,2159.262,-177.105,54.249,0.581518,-0.811557,0.056684,0.806889,0.584253,0.087049,-0.103763,-0.004882,0.994590,0,0.86665,-0.23089,51.999,-0.462,-1,375.000,-1,375.000,-1,325.000,300.000,300.000,325.000,-1,-1,-1,-1,725.000,700.000,-1,-1,2,0,2,0,2,0,0,0,0,2,2,2,2,1,0,2,2
17,-9142.935,2201.547,-182.536,53.789,0.588094,-0.806833,0.056275,0.802215,0.590753,0.086380,-0.102939,-0.005654,0.994672,0,0.87346,-0.23019,52.408,-0.460,-1,375.000,-1,375.000,-1,325.000,300.000,325.000,325.000,-1,-1,-1,-1,700.000,700.000,-1,-1,2,0,2,0,2,0,0,0,0,2,2,2,2,1,0,2,2
18,-9111.392,2243.912,-187.979,53.330,0.594622,-0.802073,0.055711,0.797508,0.597190,0.085702,-0.102009,-0.006531,0.994762,0,0.88031,-0.22935,52.819,-0.459,-1,375.000,1000.000,375.000,-1,325.000,300.000,325.000,325.000,-1,-1,-1,-1,675.000,700.000,-1,-1,2,0,1,0,2,0,0,0,0,2,2,2,2,1,0,2,2
19,-9079.262,2286.354,-193.430,52.873,0.601104,-0.797281,0.054923,0.792771,0.603560,0.085019,-0.100934,-0.007564,0.994864,0,0.88720,-0.22836,53.232,-0.457,-1,375.000,950.000,375.000,-1,300.000,300.000,325.000,325.000,-1,-1,-1,-1,650.000,700.000,-1,-1,2,0,1,0,2,0,0,0,0,2,2,2,2,1,0,2,2
20,-9046.544,2328.869,-198.855,52.419,0.607518,-0.792463,0.054079,0.788009,0.609859,0.084338,-0.099815,-0.008623,0.994969,0,0.89412,-0.22720,53.647,-0.454,-1,375.000,900.000,375.000,-1,300.000,300.000,325.000,325.000,-1,-1,-1,-1,600.000,700.000,950.000,-1,2,1,1,0,2,0,0,0,0,2,2,2,2,1,0,1,2
21,-9013.234,2371.454,-204.245,51.967,0.613857,-0.787622,0.053208,0.783226,0.616082,0.083662,-0.098674,-0.009683,0.995073,0,0.90108,-0.22586,54.065,-0.452,-1,375.000,850.000,375.000,-1,300.000,300.000,325.000,325.000,-1,-1,-1,-1,575.000,700.000,850.000,-1,2,1,1,0,2,0,0,0,0,2,2,2,2,1,0,1,2
22,-8979.332,2414.104,-209.591,51.519,0.620111,-0.782766,0.052350,0.778427,0.622224,0.082991,-0.097536,-0.010713,0.995174,0,0.90806,-0.22434,54.484,-0.449,975.000,375.000,800.000,375.000,-1,300.000,300.000,325.000,325.000,-1,-1,-1,-1,550.000,675.000,775.000,-1,1,1,1,0,2,0,0,0,0,2,2,2,2,1,1,1,2
23,-8944.835,2456.817,-214.898,51.073,0.626280,-0.777898,0.051457,0.773619,0.628281,0.082326,-0.096371,-0.011751,0.995276,0,0.91506,-0.22260,54.904,-0.445,925.000,350.000,750.000,375.000,-1,300.000,300.000,325.000,325.000,-1,-1,-1,-1,525.000,650.000,700.000,-1,1,1,1,0,2,1,0,0,0,2,2,2,2,1,1,1,2
24,-8908.306,2501.715,-220.412,50.868,0.629160,-0.775636,0.050457,0.771428,0.631057,0.081647,-0.095169,-0.012445,0.995383,0,0.96468,-0.10260,57.881,-0.205,850.000,325.000,675.000,375.000,-1,300.000,300.000,325.000,325.000,-1,-1,700.000,-1,475.000,600.000,625.000,-1,1,1,1,0,2,1,0,0,0,2,2,0,2,1,1,1,2
25,-8871.524,2546.980,-225.841,50.903,0.628771,-0.776018,0.049430,0.771906,0.630585,0.080770,-0.093849,-0.012631,0.995506,0,0.97209,0.01740,58.325,0.035,775.000,325.000,625.000,375.000,-1,275.000,300.000,325.000,325.000,-1,775.000,700.000,-1,450.000,550.000,550.000,-1,1,1,1,0,2,1,1,0,0,2,0,0,2,1,1,1,2
26,-8834.678,2592.771,-231.057,51.178,0.625087,-0.779042,0.048563,0.775129,0.626863,0.078852,-0.091872,-0.011646,0.995703,0,0.97959,0.13740,58.775,0.275,725.000,300.000,575.000,375.000,-1,250.000,275.000,325.000,325.000,-1,650.000,675.000,-1,400.000,525.000,500.000,-1,1,1,1,1,2,1,1,0,0,2,0,0,2,1,1,1,2
27,-8797.961,2639.248,-235.792,51.693,0.618031,-0.784670,0.048275,0.781194,0.619860,0.074229,-0.088169,-0.008164,0.996072,0,0.98719,0.25740,59.231,0.515,675.000,275.000,525.000,325.000,-1,250.000,275.000,325.000,325.000,-1,600.000,600.000,-1,375.000,475.000,450.000,-1,1,1,1,1,2,1,1,0,0,2,0,0,2,1,1,1,2
28,-8761.577,2686.572,-240.095,52.447,0.607561,-0.792791,0.048497,0.789905,0.609487,0.067649,-0.083190,-0.002793,0.996530,0,0.99492,0.37740,59.695,0.755,625.000,250.000,475.000,300.000,-1,225.000,250.000,325.000,325.000,-1,525.000,500.000,-1,350.000,400.000,425.000,-1,1,1,1,1,2,1,1,0,0,2,0,0,2,1,1,1,2
29,-8725.839,2734.766,-244.007,53.442,0.593597,-0.803249,0.049337,0.801068,0.595628,0.059303,-0.077022,0.004320,0.997020,0,1.00000,0.49740,60.000,0.995,575.000,250.000,425.000,275.000,-1,200.000,225.000,350.000,300.000,-1,450.000,400.000,-1,325.000,350.000,400.000,-1,1,1,1,1,2,1,1,0,0,2,0,0,2,1,1,1,2
30,-8690.995,2783.610,-247.490,54.498,0.578592,-0.814029,0.050881,0.812634,0.580683,0.049325,-0.069698,0.012809,0.997486,0,1.00000,0.52791,60.000,1.056,550.000,225.000,375.000,225.000,-1,200.000,200.000,375.000,300.000,-1,375.000,300.000,-1,300.000,300.000,375.000,-1,1,1,1,1,2,1,1,0,0,2,0,0,2,1,1,1,2
31,-8657.057,2833.087,-249.549,55.551,0.563806,-0.824482,0.048497,0.823847,0.565574,0.037436,-0.058294,0.018847,0.998122,0,1.00000,0.52642,60.000,1.053,525.000,225.000,350.000,200.000,-1,175.000,175.000,375.000,300.000,-1,275.000,200.000,-1,275.000,275.000,350.000,-1,1,1,1,1,2,1,1,0,0,2,0,0,2,1,1,1,2
32,-8624.030,2883.175,-246.621,56.600,0.549951,-0.834815,0.025262,0.834576,0.550457,0.021924,-0.032208,0.009026,0.999440,0,1.00000,0.52463,60.000,1.049,550.000,225.000,350.000,200.000,-1,175.000,175.000,400.000,350.000,-1,175.000,150.000,-1,300.000,300.000,375.000,-1,1,1,1,1,2,1,1,0,0,2,0,0,2,1,1,1,2
33,8199.140,-6231.350,267.235,73.586,0.280280,-0.957797,0.063776,0.959114,0.282145,0.022224,-0.039280,0.054939,0.997717,1,0.00000,0.00000,60.000,1.045,-1,400.000,-1,400.000,-1,325.000,325.000,300.000,300.000,-1,500.000,425.000,650.000,850.000,875.000,-1,-1,2,0,2,0,2,0,0,0,0,2,1,1,1,0,0,2,2
34,8197.765,-6235.949,267.431,73.346,0.284299,-0.956616,0.063718,0.957929,0.286157,0.022035,-0.039313,0.054773,0.997725,0,-0.08000,-0.12000,-4.800,-0.240,-1,400.000,-1,400.000,-1,325.000,325.000,300.000,300.000,-1,500.000,425.000,625.000,850.000,875.000,-1,-1,2,0,2,0,2,0,0,0,0,2,1,1,1,0,0,2,2
35,8194.937,-6245.123,267.826,72.866,0.292323,-0.954203,0.063599,0.955509,0.294166,0.021661,-0.039377,0.054438,0.997740,0,-0.16000,-0.24000,-9.600,-0.480,-1,400.000,-1,400.000,-1,325.000,325.000,300.000,300.000,-1,500.000,425.000,625.000,850.000,875.000,-1,-1,2,0,2,0,2,0,0,0,0,2,1,1,1,0,0,2,2
36,8190.522,-6258.829,268.429,72.146,0.304320,-0.950457,0.063409,0.951752,0.306142,0.021104,-0.039471,0.053927,0.997764,0,-0.24000,-0.36000,-14.400,-0.720,-1,400.000,-1,400.000,-1,325.000,325.000,300.000,300.000,-1,475.000,400.000,600.000,850.000,875.000,-1,-1,2,0,2,0,2,0,0,0,0,2,1,1,1,0,0,2,2
37,8184.399,-6277.027,269.238,71.403,0.316669,-0.946433,0.063126,0.947717,0.318459,0.020393,-0.039404,0.053368,0.997797,0,-0.32000,-0.37172,-19.200,-0.743,-1,400.000,-1,400.000,-1,325.000,325.000,300.000,300.000,-1,475.000,375.000,575.000,850.000,875.000,-1,-1,2,0,2,0,2,0,0,0,0,2,1,1,1,0,0,2,2
38,8176.445,-6299.670,270.259,70.644,0.329229,-0.942163,0.062751,0.943437,0.330976,0.019531,-0.039170,0.052772,0.997838,0,-0.40000,-0.37942,-24.000,-0.759,-1,400.000,-1,400.000,-1,325.000,325.000,300.000,300.000,-1,450.000,375.000,550.000,850.000,875.000,-1,-1,2,0,2,0,2,0,0,0,0,2,1,1,1,0,0,2,2
39,8166.532,-6326.710,271.500,69.866,0.342056,-0.937613,0.062287,0.938879,0.343748,0.018519,-0.038775,0.052145,0.997886,0,-0.48000,-0.38897,-28.800,-0.778,-1,400.000,-1,400.000,-1,325.000,325.000,300.000,300.000,-1,425.000,325.000,525.000,850.000,875.000,-1,-1,2,0,2,0,2,0,0,0,0,2,1,1,1,0,0,2,2
40,8154.527,-6358.092,272.966,69.065,0.355201,-0.932749,0.061741,0.934008,0.356829,0.017358,-0.038221,0.051501,0.997941,0,-0.56000,-0.40035,-33.600,-0.801,-1,400.000,-1,400.000,-1,325.000,325.000,300.000,300.000,-1,375.000,300.000,475.000,875.000,875.000,-1,-1,2,0,2,0,2,0,0,0,0,2,1,1,1,0,0,2,2
41,8141.743,-6390.118,274.495,68.238,0.368702,-0.927532,0.061182,0.928785,0.370267,0.016173,-0.037655,0.050862,0.997996,0,-0.57472,-0.41349,-34.483,-0.827,-1,400.000,-1,400.000,-1,325.000,325.000,300.000,300.000,-1,350.000,275.000,450.000,875.000,875.000,-1,-1,2,0,2,0,2,0,0,0,0,2,1,1,1,0,0,2,2
42,8128.359,-6422.246,276.064,67.385,0.382555,-0.921942,0.060619,0.923188,0.384057,0.014983,-0.037095,0.050231,0.998049,0,-0.58008,-0.42683,-34.805,-0.854,-1,400.000,-1,425.000,-1,325.000,325.000,300.000,300.000,-1,325.000,225.000,425.000,875.000,875.000,-1,-1,2,0,2,0,2,0,0,0,0,2,1,1,1,0,0,2,2
43,8114.372,-6454.423,277.520,66.504,0.396701,-0.915936,0.060745,0.917203,0.398176,0.013975,-0.036988,0.050172,0.998055,0,-0.58476,-0.44012,-35.085,-0.880,-1,400.000,-1,400.000,-1,325.000,325.000,300.000,300.000,-1,300.000,200.000,375.000,875.000,875.000,-1,-1,2,0,2,0,2,0,0,0,0,2,1,1,1,0,0,2,2
44,8099.781,-6486.585,278.925,65.598,0.411140,-0.909508,0.061311,0.910812,0.412613,0.013106,-0.037217,0.050454,0.998033,0,-0.58863,-0.45332,-35.318,-0.907,-1,400.000,-1,400.000,-1,325.000,325.000,300.000,300.000,-1,250.000,175.000,350.000,875.000,875.000,-1,-1,2,0,2,0,2,0,0,0,0,2,1,1,1,0,0,2,2
45,8084.597,-6518.666,282.427,64.665,0.425803,-0.902978,0.057640,0.903769,0.427510,0.020898,-0.043512,0.043194,0.998119,0,-0.59156,-0.46638,-35.494,-0.933,-1,400.000,-1,400.000,-1,325.000,325.000,300.000,325.000,-1,325.000,175.000,325.000,825.000,850.000,-1,-1,2,0,2,0,2,0,0,0,0,2,1,1,1,0,0,2,2
46,8068.829,-6550.588,286.423,63.707,0.440816,-0.896011,0.053355,0.896138,0.442709,0.030749,-0.051172,0.034259,0.998102,0,-0.59341,-0.47926,-35.605,-0.959,-1,375.000,-1,400.000,-1,325.000,325.000,300.000,350.000,-1,-1,200.000,325.000,750.000,825.000,-1,-1,2,0,2,0,2,0,0,0,0,2,2,1,1,0,0,2,2
47,8052.497,-6582.267,290.224,62.723,0.456167,-0.888495,0.049880,0.887990,0.458140,0.039766,-0.058184,0.026153,0.997963,0,-0.59403,-0.49190,-35.642,-0.984,-1,375.000,-1,400.000,-1,300.000,325.000,275.000,375.000,-1,-1,250.000,325.000,700.000,800.000,-1,-1,2,0,2,0,2,0,0,0,0,2,2,1,1,0,0,2,2
48,8035.631,-6613.612,293.815,61.714,0.471807,-0.880438,0.047205,0.879339,0.473784,0.047866,-0.064508,0.018926,0.997738,0,-0.59326,-0.50423,-35.595,-1.008,-1,375.000,-1,400.000,-1,300.000,325.000,275.000,375.000,-1,-1,-1,325.000,675.000,800.000,-1,-1,2,0,2,0,2,0,0,0,0,2,2,2,1,0,0,2,2
49,8018.271,-6644.525,297.180,60.682,0.487682,-0.871845,0.045307,0.870202,0.489619,0.054970,-0.070108,0.012618,0.997460,0,-0.59092,-0.51619,-35.455,-1.032,-1,350.000,-1,400.000,-1,300.000,300.000,275.000,375.000,-1,-1,-1,325.000,650.000,775.000,-1,-1,2,0,2,0,2,0,0,0,1,2,2,2,1,0,0,2,2
50,8000.467,-6674.904,300.131,59.626,0.503765,-0.862728,0.043821,0.860533,0.505625,0.061853,-0.075519,0.006550,0.997123,0,-0.58688,-0.52772,-35.213,-1.055,-1,350.000,-1,375.000,-1,300.000,300.000,275.000,350.000,-1,-1,-1,325.000,625.000,750.000,-1,-1,2,0,2,0,2,0,0,0,1,2,2,2,1,0,0,2,2
51,7982.279,-6704.640,302.815,58.549,0.519993,-0.853086,0.043038,0.850397,0.521769,0.067690,-0.080201,0.001401,0.996778,0,-0.58097,-0.53873,-34.858,-1.077,-1,350.000,-1,375.000,-1,300.000,300.000,275.000,350.000,-1,-1,-1,325.000,600.000,750.000,-1,-1,2,0,2,0,2,0,0,0,1,2,2,2,1,0,0,2,2
52,7966.028,-6729.925,304.885,57.272,0.538917,-0.841242,0.043355,0.838190,0.540654,0.071630,-0.083698,-0.002263,0.996489,0,-0.50097,-0.63861,-30.058,-1.277,-1,325.000,-1,375.000,-1,275.000,300.000,275.000,325.000,-1,-1,-1,350.000,600.000,725.000,-1,-1,2,0,2,0,2,0,0,0,1,2,2,2,1,0,0,2,2
53,7951.895,-6750.859,306.426,55.977,0.557774,-0.828808,0.044329,0.825511,0.559513,0.074007,-0.086141,-0.004685,0.996272,0,-0.42097,-0.64715,-25.258,-1.294,-1,325.000,-1,375.000,-1,275.000,300.000,275.000,300.000,-1,-1,-1,350.000,575.000,725.000,-1,-1,2,0,2,0,2,0,0,0,1,2,2,2,1,0,0,2,2
54,7940.065,-6767.548,307.467,54.670,0.576513,-0.815815,0.045591,0.812375,0.578279,0.075100,-0.087632,-0.006259,0.996133,0,-0.34097,-0.65394,-20.458,-1.308,-1,325.000,-1,375.000,-1,275.000,300.000,275.000,275.000,-1,-1,-1,375.000,575.000,725.000,-1,-1,2,0,2,0,2,0,0,0,1,2,2,2,1,0,0,2,2
55,7930.718,-6780.111,308.082,53.351,0.595076,-0.802290,0.047062,0.798791,0.596891,0.075193,-0.088418,-0.007153,0.996058,0,-0.26097,-0.65913,-15.658,-1.318,-1,325.000,-1,375.000,-1,275.000,300.000,275.000,275.000,-1,-1,-1,375.000,575.000,725.000,-1,-1,2,0,2,0,2,0,0,0,1,2,2,2,1,0,0,2,2
56,7924.037,-6788.670,308.341,52.026,0.613407,-0.788263,0.048718,0.784767,0.615293,0.074539,-0.088732,-0.007491,0.996027,0,-0.18097,-0.66289,-10.858,-1.326,-1,325.000,-1,375.000,-1,275.000,300.000,275.000,250.000,-1,-1,-1,400.000,575.000,700.000,-1,-1,2,0,2,0,2,0,0,0,1,2,2,2,1,0,0,2,2
57,7920.200,-6793.358,308.285,50.695,0.631464,-0.773762,0.050456,0.770313,0.633433,0.073352,-0.088717,-0.007453,0.996029,0,-0.10097,-0.66535,-6.058,-1.331,-1,325.000,-1,375.000,-1,275.000,300.000,275.000,250.000,-1,-1,-1,425.000,575.000,700.000,-1,-1,2,0,2,0,2,0,0,0,1,2,2,2,1,0,0,2,2
58,7919.381,-6794.313,307.945,49.362,0.649211,-0.758815,0.052203,0.755444,0.651267,0.071809,-0.088488,-0.007183,0.996051,0,-0.02097,-0.66665,-1.258,-1.333,-1,325.000,-1,375.000,-1,275.000,300.000,275.000,250.000,-1,-1,-1,-1,600.000,700.000,-1,-1,2,0,2,0,2,0,0,0,1,2,2,2,2,0,0,2,2
59,7921.750,-6791.679,307.345,48.028,0.666613,-0.743451,0.053917,0.740176,0.668755,0.070045,-0.088133,-0.006785,0.996086,0,0.05903,-0.66691,3.542,-1.334,-1,325.000,-1,375.000,-1,300.000,300.000,275.000,225.000,-1,-1,-1,-1,600.000,725.000,-1,-1,2,0,2,0,2,0,0,0,1,2,2,2,2,0,0,2,2
60,7927.472,-6785.609,306.495,46.695,0.683638,-0.727702,0.055575,0.724532,0.685864,0.068147,-0.087708,-0.006322,0.996126,0,0.13903,-0.66621,8.342,-1.332,-1,325.000,-1,375.000,-1,300.000,300.000,275.000,225.000,-1,-1,-1,-1,600.000,725.000,-1,-1,2,0,2,0,2,0,0,0,1,2,2,2,2,0,0,2,2
61,7936.705,-6776.258,305.400,45.366,0.700257,-0.711598,0.057171,0.708540,0.702563,0.066155,-0.087242,-0.005817,0.996170,0,0.21903,-0.66462,13.142,-1.329,-1,350.000,-1,375.000,-1,300.000,300.000,275.000,225.000,-1,-1,-1,-1,625.000,725.000,-1,-1,2,0,2,0,2,0,0,0,1,2,2,2,2,0,0,2,2
62,7949.603,-6763.785,304.052,44.042,0.716442,-0.695172,0.058711,0.692235,0.718824,0.064054,-0.086732,-0.005249,0.996218,0,0.29903,-0.66217,17.942,-1.324,-1,350.000,-1,375.000,-1,300.000,300.000,275.000,225.000,-1,-1,-1,-1,625.000,725.000,-1,-1,2,0,2,0,2,0,0,0,1,2,2,2,2,0,0,2,2
63,7966.310,-6748.356,302.416,42.724,0.732174,-0.678460,0.060116,0.675656,0.734623,0.061795,-0.086088,-0.004627,0.996277,0,0.37903,-0.65887,22.742,-1.318,-1,350.000,-1,375.000,-1,300.000,300.000,275.000,225.000,-1,-1,-1,-1,625.000,725.000,-1,-1,2,0,2,0,2,0,0,0,1,2,2,2,2,0,0,2,2
64,7986.965,-6730.137,300.425,41.415,0.747446,-0.661498,0.061202,0.658846,0.749937,0.059300,-0.085124,-0.004001,0.996362,0,0.45903,-0.65469,27.542,-1.309,-1,350.000,-1,400.000,-1,300.000,300.000,275.000,225.000,-1,-1,-1,-1,650.000,725.000,-1,-1,2,0,2,0,2,0,0,0,1,2,2,2,2,0,0,2,2
65,8011.699,-6709.298,298.085,40.115,0.762218,-0.644327,0.062180,0.641863,0.764744,0.056380,-0.083878,-0.003063,0.996471,0,0.53903,-0.64958,32.342,-1.299,-1,350.000,-1,400.000,-1,300.000,300.000,275.000,250.000,-1,-1,-1,-1,650.000,725.000,-1,-1,2,0,2,0,2,0,0,0,1,2,2,2,2,0,0,2,2
66,8040.633,-6686.011,295.347,38.829,0.776472,-0.626991,0.063039,0.624764,0.779025,0.052824,-0.082229,-0.001632,0.996612,0,0.61903,-0.64346,37.142,-1.287,-1,350.000,-1,400.000,-1,300.000,300.000,275.000,250.000,-1,-1,-1,550.000,675.000,750.000,-1,-1,2,0,2,0,2,0,0,0,1,2,2,2,1,0,0,2,2
67,8073.211,-6660.964,292.219,37.556,0.790190,-0.609537,0.063754,0.607609,0.792758,0.048447,-0.080072,0.000456,0.996789,0,0.68491,-0.63624,41.094,-1.272,-1,375.000,-1,400.000,-1,300.000,325.000,275.000,250.000,-1,-1,-1,500.000,700.000,750.000,-1,-1,2,0,2,0,2,0,0,0,1,2,2,2,1,0,0,2,2
68,8106.149,-6636.769,288.911,36.300,0.803360,-0.592011,0.064310,0.590403,0.805924,0.043707,-0.077704,0.002856,0.996972,0,0.68116,-0.62799,40.869,-1.256,-1,375.000,-1,400.000,-1,300.000,325.000,300.000,250.000,-1,-1,-1,475.000,725.000,750.000,-1,-1,2,0,2,0,2,0,0,0,1,2,2,2,1,0,0,2,2
69,8139.456,-6613.395,285.276,35.061,0.815982,-0.574442,0.064728,0.573113,0.818530,0.039370,-0.075598,0.004971,0.997126,0,0.67817,-0.61950,40.690,-1.239,-1,375.000,-1,400.000,-1,300.000,325.000,300.000,250.000,-1,-1,-1,450.000,750.000,750.000,-1,-1,2,0,2,0,2,0,0,0,1,2,2,2,1,0,0,2,2
70,8173.139,-6590.813,281.504,33.839,0.828068,-0.556852,0.064961,0.555837,0.830577,0.034447,-0.073137,0.007583,0.997293,0,0.67588,-0.61079,40.553,-1.222,-1,375.000,-1,400.000,-1,300.000,325.000,300.000,250.000,-1,-1,-1,425.000,750.000,750.000,-1,-1,2,0,2,0,2,0,0,0,1,2,2,2,1,0,0,2,2
71,8207.205,-6568.997,277.595,32.636,0.839626,-0.539265,0.064973,0.538594,0.842068,0.028942,-0.070319,0.010693,0.997467,0,0.67423,-0.60187,40.454,-1.204,-1,400.000,-1,400.000,-1,325.000,325.000,300.000,275.000,-1,-1,-1,400.000,775.000,750.000,-1,-1,2,0,2,0,2,0,0,0,1,2,2,2,1,0,0,2,2
72,8241.660,-6547.924,273.548,31.450,0.850667,-0.521704,0.064731,0.521399,0.853007,0.022863,-0.067144,0.014302,0.997641,0,0.67315,-0.59275,40.389,-1.186,-1,400.000,-1,400.000,-1,325.000,325.000,300.000,275.000,-1,-1,-1,375.000,825.000,775.000,-1,-1,2,0,2,0,2,0,0,0,1,2,2,2,1,0,0,2,2
73,8276.509,-6527.574,269.364,30.283,0.861202,-0.504191,0.064205,0.504266,0.863396,0.016219,-0.063612,0.018409,0.997805,0,0.67261,-0.58344,40.357,-1.167,-1,400.000,-1,400.000,-1,325.000,325.000,300.000,275.000,-1,-1,-1,350.000,850.000,775.000,-1,-1,2,0,2,0,2,0,0,0,1,2,2,2,1,0,0,2,2
74,8311.756,-6507.927,265.785,29.135,0.871184,-0.486776,0.063933,0.487039,0.873291,0.012458,-0.061896,0.020285,0.997876,0,0.67255,-0.57394,40.353,-1.148,-1,400.000,-1,400.000,-1,325.000,325.000,300.000,275.000,-1,-1,-1,350.000,850.000,775.000,-1,-1,2,0,2,0,2,0,0,0,1,2,2,2,1,0,0,2,2
75,8347.405,-6488.967,263.174,28.007,0.880583,-0.469497,0.064397,0.469679,0.882738,0.013224,-0.063055,0.018601,0.997837,0,0.67295,-0.56427,40.377,-1.129,-1,400.000,-1,400.000,-1,325.000,325.000,300.000,275.000,-1,-1,-1,375.000,850.000,775.000,-1,-1,2,0,2,0,2,0,0,0,1,2,2,2,1,0,0,2,2
76,8379.206,-6473.016,260.876,26.638,0.891527,-0.448295,0.064892,0.448392,0.893729,0.013892,-0.064223,0.016712,0.997796,0,0.59295,-0.68427,35.577,-1.369,-1,400.000,-1,400.000,-1,325.000,325.000,300.000,275.000,-1,-1,-1,400.000,850.000,750.000,-1,-1,2,0,2,0,2,0,0,0,1,2,2,2,1,0,0,2,2
77,8410.515,-6458.396,258.659,25.030,0.903740,-0.423046,0.065467,0.423045,0.905992,0.014558,-0.065472,0.014539,0.997749,0,0.57590,-0.80427,34.554,-1.609,-1,400.000,-1,400.000,-1,325.000,325.000,300.000,300.000,-1,-1,-1,425.000,850.000,750.000,-1,-1,2,0,2,0,2,0,0,0,1,2,2,2,1,0,0,2,2
78,8442.511,-6444.695,256.421,23.181,0.916895,-0.393613,0.066119,0.393510,0.919196,0.015123,-0.066729,0.012152,0.997697,0,0.58010,-0.92427,34.806,-1.849,-1,400.000,-1,400.000,-1,325.000,325.000,300.000,300.000,-1,-1,-1,450.000,825.000,750.000,-1,-1,2,0,2,0,2,0,0,0,1,2,2,2,1,0,0,2,2
79,8475.263,-6432.004,254.149,21.181,0.930046,-0.361303,0.066887,0.361099,0.932398,0.015546,-0.067982,0.009694,0.997639,0,0.58542,-1.00000,35.125,-2.000,-1,400.000,-1,400.000,-1,325.000,325.000,300.000,300.000,-1,-1,-1,475.000,825.000,750.000,-1,-1,2,0,2,0,2,0,0,0,1,2,2,2,1,0,0,2,2
80,8508.776,-6420.346,251.834,19.181,0.942052,-0.328550,0.067771,0.328252,0.944458,0.015807,-0.069201,0.007355,0.997576,0,0.59137,-1.00000,35.482,-2.000,-1,400.000,-1,375.000,-1,325.000,325.000,325.000,300.000,-1,-1,-1,525.000,825.000,750.000,-1,-1,2,0,2,0,2,0,0,0,1,2,2,2,1,0,0,2,2
81,8543.011,-6409.761,249.497,17.181,0.952904,-0.295393,0.068688,0.295006,0.955362,0.015938,-0.070330,0.005076,0.997511,0,0.59723,-1.00000,35.834,-2.000,-1,400.000,-1,375.000,-1,325.000,325.000,325.000,300.000,-1,-1,-1,550.000,800.000,750.000,-1,-1,2,0,2,0,2,0,0,0,1,2,2,2,1,0,0,2,2
82,8582.011,-6399.179,246.794,15.181,0.962600,-0.261873,0.069456,0.261387,0.965099,0.016162,-0.071264,0.002597,0.997454,0,0.67350,-1.00000,40.410,-2.000,-1,400.000,-1,375.000,-1,325.000,325.000,325.000,300.000,-1,-1,-1,600.000,800.000,750.000,-1,-1,2,0,2,0,2,0,0,0,1,2,2,2,1,0,0,2,2
83,8621.537,-6389.921,243.900,13.181,0.971182,-0.228033,0.069322,0.227414,0.973653,0.016802,-0.071327,-0.000553,0.997453,0,0.67661,-1.00000,40.596,-2.000,-1,400.000,-1,375.000,-1,325.000,325.000,325.000,300.000,-1,-1,-1,650.000,800.000,750.000,-1,-1,2,0,2,0,2,0,0,0,1,2,2,2,1,0,0,2,2
84,8661.544,-6382.013,241.034,11.181,0.978581,-0.193913,0.069112,0.193179,0.981012,0.017215,-0.071137,-0.003495,0.997460,0,0.67968,-1.00000,40.781,-2.000,-1,400.000,-1,375.000,-1,325.000,325.000,325.000,300.000,-1,-1,-1,700.000,775.000,750.000,-1,-1,2,0,2,0,2,0,0,0,1,2,2,2,1,0,0,2,2
85,8701.982,-6375.476,238.164,9.181,0.984782,-0.159556,0.068896,0.158713,0.987168,0.017574,-0.070816,-0.006372,0.997469,0,0.68272,-1.00000,40.963,-2.000,-1,400.000,-1,375.000,-1,325.000,325.000,325.000,300.000,-1,-1,-1,750.000,775.000,750.000,-1,-1,2,0,2,0,2,0,0,0,1,2,2,2,1,0,0,2,2
86,8742.803,-6370.332,235.295,7.181,0.989777,-0.125004,0.068674,0.124059,0.992114,0.017878,-0.070367,-0.009176,0.997479,0,0.68572,-1.00000,41.143,-2.000,-1,400.000,-1,375.000,-1,300.000,325.000,325.000,300.000,-1,-1,-1,875.000,775.000,775.000,-1,-1,2,0,2,0,2,0,0,0,1,2,2,2,1,0,0,2,2
87,8783.954,-6366.600,232.432,5.181,0.993560,-0.090301,0.068441,0.089260,0.995843,0.018123,-0.069793,-0.011897,0.997491,0,0.68867,-1.00000,41.320,-2.000,-1,400.000,-1,400.000,-1,300.000,325.000,325.000,300.000,-1,-1,-1,-1,775.000,775.000,-1,-1,2,0,2,0,2,0,0,0,1,2,2,2,2,0,0,2,2
88,8825.385,-6364.297,229.579,3.181,0.996128,-0.055490,0.068197,0.054361,0.998354,0.018306,-0.069100,-0.014528,0.997504,0,0.69158,-1.00000,41.495,-2.000,-1,400.000,-1,400.000,-1,300.000,325.000,325.000,300.000,-1,-1,-1,-1,775.000,775.000,-1,-1,2,0,2,0,2,0,0,0,1,2,2,2,2,0,0,2,2
89,8867.042,-6363.437,226.741,1.181,0.997477,-0.020613,0.067936,0.019403,0.999642,0.018424,-0.068291,-0.017059,0.997520,0,0.69443,-1.00000,41.666,-2.000,-1,375.000,-1,400.000,-1,325.000,325.000,325.000,300.000,-1,-1,-1,-1,775.000,775.000,-1,-1,2,0,2,0,2,0,0,0,1,2,2,2,2,0,0,2,2
90,8908.871,-6364.034,223.923,-0.819,0.997606,0.014286,0.067656,-0.015569,0.999708,0.018475,-0.067372,-0.019484,0.997538,0,0.69723,-1.00000,41.834,-2.000,-1,375.000,-1,400.000,-1,325.000,325.000,325.000,300.000,-1,-1,-1,-1,775.000,775.000,-1,-1,2,0,2,0,2,0,0,0,1,2,2,2,2,0,0,2,2
91,8950.818,-6366.098,221.131,-2.819,0.996517,0.049164,0.067353,-0.050512,0.998553,0.018456,-0.066349,-0.021794,0.997558,0,0.69996,-1.00000,41.998,-2.000,-1,375.000,-1,400.000,-1,325.000,325.000,325.000,300.000,-1,-1,-1,-1,775.000,800.000,-1,-1,2,0,2,0,2,0,0,0,1,2,2,2,2,0,0,2,2
92,8992.828,-6369.639,218.371,-4.819,0.994211,0.083979,0.067024,-0.085383,0.996179,0.018364,-0.065226,-0.023980,0.997582,0,0.70264,-1.00000,42.159,-2.000,-1,375.000,-1,400.000,-1,325.000,325.000,325.000,300.000,-1,-1,-1,-1,775.000,800.000,-1,-1,2,0,2,0,2,0,0,0,1,2,2,2,2,0,0,2,2
93,9034.844,-6374.663,215.646,-6.819,0.990691,0.118688,0.066663,-0.120140,0.992590,0.018196,-0.064010,-0.026035,0.997610,0,0.70526,-1.00000,42.315,-2.000,-1,400.000,-1,400.000,-1,325.000,325.000,325.000,300.000,-1,-1,-1,-1,775.000,800.000,-1,-1,2,0,2,0,2,0,0,0,1,2,2,2,2,0,0,2,2
94,9076.811,-6381.173,212.963,-8.819,0.985963,0.153248,0.066267,-0.154739,0.987792,0.017950,-0.062707,-0.027952,0.997640,0,0.70781,-1.00000,42.468,-2.000,-1,400.000,-1,400.000,-1,325.000,325.000,325.000,300.000,-1,-1,-1,-1,775.000,800.000,-1,-1,2,0,2,0,2,0,0,0,1,2,2,2,2,0,0,2,2
95,9118.671,-6389.171,210.327,-10.819,0.980034,0.187619,0.065829,-0.189139,0.981792,0.017623,-0.061324,-0.029722,0.997675,0,0.71029,-1.00000,42.617,-2.000,-1,400.000,-1,400.000,-1,325.000,325.000,325.000,300.000,-1,-1,-1,-1,775.000,825.000,-1,-1,2,0,2,0,2,0,0,0,1,2,2,2,2,1,0,2,2
96,9160.368,-6398.658,207.762,-12.819,0.972888,0.221758,0.065672,-0.223300,0.974600,0.017065,-0.060219,-0.031267,0.997695,0,0.71271,-1.00000,42.762,-2.000,-1,400.000,-1,400.000,-1,325.000,325.000,325.000,300.000,-1,-1,-1,-1,750.000,825.000,-1,-1,2,0,2,0,2,0,0,0,1,2,2,2,2,1,0,2,2
97,9201.845,-6409.631,205.198,-14.819,0.964543,0.255623,0.065685,-0.257196,0.966217,0.016578,-0.059228,-0.032884,0.997703,0,0.71506,-1.00000,42.903,-2.000,-1,400.000,1000.000,400.000,-1,325.000,325.000,325.000,300.000,-1,-1,-1,-1,725.000,825.000,-1,-1,2,0,1,0,2,0,0,0,1,2,2,2,2,1,0,2,2
98,9243.044,-6422.083,202.475,-16.819,0.954968,0.289165,0.066481,-0.290823,0.956634,0.016559,-0.058809,-0.035148,0.997650,0,0.71733,-1.00000,43.040,-2.000,-1,400.000,925.000,400.000,-1,325.000,325.000,325.000,300.000,-1,-1,-1,-1,700.000,825.000,-1,-1,2,0,1,0,2,0,0,0,1,2,2,2,2,1,1,2,2
99,9283.910,-6436.009,199.773,-18.819,0.944232,0.322351,0.067195,-0.324079,0.945889,0.016331,-0.058295,-0.037197,0.997606,0,0.71954,-1.00000,43.172,-2.000,-1,400.000,875.000,400.000,-1,325.000,325.000,325.000,275.000,-1,-1,-1,-1,675.000,800.000,-1,1000.000,2,0,1,0,2,0,0,0,1,2,2,2,2,1,1,2,1
100,9324.384,-6451.398,197.105,-20.819,0.932340,0.355141,0.067952,-0.356929,0.933997,0.015879,-0.057828,-0.039059,0.997562,0,0.72168,-1.00000,43.301,-2.000,-1,400.000,850.000,400.000,-1,325.000,325.000,325.000,275.000,-1,-1,-1,-1,625.000,775.000,925.000,975.000,2,0,1,0,2,0,0,0,1,2,2,2,2,1,1,1,1
101,9366.675,-6468.982,194.357,-22.579,0.920924,0.383637,0.068716,-0.385469,0.922595,0.015232,-0.057553,-0.040515,0.997520,0,0.76335,-0.88000,45.801,-1.760,-1,400.000,800.000,400.000,-1,325.000,325.000,325.000,275.000,-1,-1,-1,-1,600.000,750.000,800.000,950.000,2,0,1,0,2,0,0,0,1,2,2,2,2,1,1,1,1
102,9408.525,-6487.701,191.669,-24.099,0.910357,0.407956,0.069438,-0.409818,0.912053,0.014453,-0.057435,-0.041614,0.997482,0,0.76408,-0.76000,45.845,-1.520,-1,400.000,750.000,400.000,-1,325.000,325.000,325.000,275.000,-1,-1,-1,-1,575.000,725.000,700.000,925.000,2,0,1,0,2,0,0,0,1,2,2,2,2,1,1,1,1
103,9449.936,-6507.345,189.036,-25.379,0.900953,0.428214,0.070115,-0.430092,0.902683,0.013560,-0.057485,-0.042372,0.997447,0,0.76389,-0.64000,45.833,-1.280,-1,400.000,725.000,400.000,1000.000,325.000,325.000,300.000,275.000,-1,-1,-1,-1,525.000,700.000,625.000,900.000,2,0,1,0,1,0,0,0,1,2,2,2,2,1,1,1,1
104,9490.927,-6527.709,186.435,-26.419,0.892969,0.444521,0.070760,-0.446396,0.894748,0.012500,-0.057756,-0.042749,0.997415,0,0.76284,-0.52000,45.770,-1.040,800.000,400.000,675.000,400.000,950.000,325.000,325.000,300.000,275.000,-1,-1,-1,-1,500.000,675.000,550.000,875.000,1,1,1,0,1,0,0,0,1,2,2,2,2,1,1,1,1
105,9531.531,-6548.594,183.816,-27.219,0.886609,0.456973,0.071413,-0.458820,0.888460,0.011089,-0.058381,-0.042598,0.997385,0,0.76101,-0.40000,45.661,-0.800,625.000,375.000,650.000,400.000,925.000,325.000,325.000,300.000,275.000,-1,-1,-1,-1,450.000,650.000,500.000,825.000,1,1,1,0,1,0,0,0,1,2,2,2,2,1,1,1,1
106,9571.796,-6569.805,181.244,-27.779,0.882038,0.465642,0.072009,-0.467451,0.883966,0.009681,-0.059145,-0.042200,0.997357,0,0.75849,-0.28000,45.509,-0.560,525.000,350.000,600.000,400.000,875.000,325.000,325.000,300.000,275.000,-1,-1,-1,-1,425.000,600.000,450.000,775.000,1,1,1,0,1,0,0,0,1,2,2,2,2,1,1,1,1
107,9611.777,-6591.151,178.711,-28.099,0.879366,0.470585,0.072559,-0.472344,0.881375,0.008297,-0.060047,-0.041568,0.997330,0,0.75537,-0.16000,45.322,-0.320,450.000,325.000,550.000,400.000,850.000,325.000,325.000,300.000,275.000,-1,-1,-1,-1,400.000,550.000,400.000,725.000,1,1,1,0,1,1,0,0,1,2,2,2,2,1,1,1,1
108,9651.536,-6612.452,176.208,-28.179,0.878655,0.471831,0.073077,-0.473534,0.880748,0.006952,-0.061082,-0.040712,0.997302,0,0.75176,-0.04000,45.105,-0.080,400.000,300.000,500.000,400.000,800.000,275.000,325.000,300.000,300.000,-1,-1,-1,-1,350.000,525.000,350.000,675.000,1,1,1,0,1,1,0,0,1,2,2,2,2,1,1,1,1
109,9695.592,-6635.895,173.259,-28.019,0.879937,0.469378,0.073449,-0.471061,0.882077,0.006489,-0.061742,-0.040308,0.997278,0,0.83176,0.08000,49.905,0.160,325.000,275.000,450.000,375.000,750.000,250.000,300.000,300.000,300.000,-1,-1,-1,-1,325.000,475.000,300.000,625.000,1,1,1,1,1,1,1,0,1,2,2,2,2,1,1,1,1
110,9743.849,-6661.144,169.936,-27.619,0.883176,0.463212,0.073723,-0.464898,0.885340,0.006596,-0.062215,-0.040099,0.997257,0,0.90771,0.20000,54.463,0.400,275.000,225.000,400.000,325.000,700.000,225.000,275.000,300.000,325.000,-1,-1,-1,-1,275.000,400.000,250.000,550.000,1,1,1,1,1,1,1,0,0,2,2,2,2,1,1,1,1
111,9792.749,-6686.045,169.562,-26.979,0.889257,0.453488,0.059755,-0.454317,0.890840,0.000322,-0.053086,-0.027434,0.998213,0,0.91462,0.32000,54.877,0.640,250.000,200.000,350.000,300.000,625.000,200.000,250.000,350.000,300.000,-1,-1,-1,-1,250.000,375.000,225.000,475.000,1,1,1,1,1,1,1,0,0,2,2,2,2,1,1,1,1
112,9842.424,-6710.387,170.283,-26.099,0.897135,0.439897,0.040489,-0.439918,0.897994,-0.008880,-0.040265,-0.009845,0.999141,0,0.92200,0.44000,55.320,0.880,250.000,200.000,325.000,250.000,550.000,175.000,225.000,375.000,300.000,-1,-1,475.000,675.000,225.000,325.000,200.000,400.000,1,1,1,1,1,1,1,0,0,2,2,0,1,1,1,1,1
113,9893.003,-6733.951,171.277,-24.979,0.906254,0.422263,0.019940,-0.421910,0.906425,-0.019629,-0.026363,0.009376,0.999608,0,0.93000,0.56000,55.800,1.120,250.000,175.000,275.000,225.000,450.000,150.000,175.000,450.000,275.000,-1,400.000,225.000,525.000,200.000,275.000,200.000,350.000,1,1,1,1,1,1,1,0,0,2,0,0,1,1,1,1,1
114,9944.612,-6756.513,172.424,-23.619,0.916310,0.400467,-0.001450,-0.400303,0.915818,-0.032159,-0.011550,0.030048,0.999482,0,0.93876,0.68000,56.325,1.360,250.000,150.000,250.000,200.000,350.000,150.000,150.000,500.000,275.000,-1,300.000,125.000,450.000,175.000,225.000,200.000,275.000,1,1,1,1,1,1,1,0,0,2,0,0,1,1,1,1,1
115,2295.769,-3607.630,127.076,-61.721,0.475141,0.879897,0.004690,-0.877360,0.473352,0.078593,0.066933,-0.041458,0.996896,1,0.00000,0.00000,56.903,1.600,-1,375.000,-1,450.000,850.000,325.000,350.000,250.000,200.000,550.000,75.000,0.000,-1,700.000,850.000,-1,-1,2,0,2,0,1,0,0,0,1,1,1,1,2,0,0,2,2
116,2298.060,-3611.848,126.617,-61.481,0.478647,0.878006,0.001578,-0.875400,0.477087,0.077863,0.067611,-0.038651,0.996963,0,0.08000,0.12000,4.800,0.240,-1,375.000,-1,450.000,900.000,325.000,350.000,250.000,200.000,575.000,75.000,0.000,-1,700.000,850.000,-1,-1,2,0,2,0,1,0,0,0,1,1,1,1,2,0,0,2,2
117,2302.712,-3620.246,125.678,-61.001,0.485621,0.874157,-0.004637,-0.871456,0.484525,0.076154,0.068817,-0.032941,0.997085,0,0.16000,0.24000,9.600,0.480,-1,375.000,-1,450.000,-1,325.000,350.000,250.000,200.000,575.000,50.000,0.000,-1,725.000,825.000,-1,-1,2,0,2,0,2,0,0,0,1,1,1,1,2,0,0,2,2
118,2309.850,-3632.753,124.212,-60.281,0.495989,0.868217,-0.013913,-0.865482,0.495596,0.072973,0.070251,-0.024152,0.997237,0,0.24000,0.36000,14.400,0.720,-1,375.000,-1,425.000,-1,325.000,350.000,250.000,175.000,600.000,50.000,0.000,-1,725.000,800.000,-1,-1,2,0,2,0,2,0,0,0,1,1,1,1,2,0,0,2,2
119,2319.605,-3649.290,122.340,-59.461,0.507590,0.861218,-0.025631,-0.858623,0.508083,0.067957,0.071548,-0.012487,0.997359,0,0.32000,0.41014,19.200,0.820,-1,375.000,-1,425.000,-1,325.000,325.000,275.000,150.000,625.000,50.000,0.000,-1,750.000,775.000,-1,-1,2,0,2,0,2,0,0,0,1,1,1,1,2,0,0,2,2
120,2332.096,-3669.784,120.147,-58.642,0.518904,0.853933,-0.039220,-0.851773,0.520380,0.060716,0.072257,0.001900,0.997384,0,0.40000,0.40948,24.000,0.819,-1,375.000,-1,400.000,-1,325.000,325.000,275.000,125.000,675.000,75.000,0.000,-1,750.000,725.000,-1,-1,2,0,2,0,2,0,0,0,1,1,1,1,2,0,0,2,2
121,2347.435,-3694.160,119.791,-57.825,0.530154,0.846371,-0.050919,-0.844280,0.532482,0.060453,0.078279,0.010940,0.996871,0,0.48000,0.40881,28.800,0.818,-1,400.000,-1,400.000,-1,325.000,325.000,275.000,125.000,700.000,75.000,0.000,-1,800.000,725.000,-1,-1,2,0,2,0,2,0,0,0,1,1,1,1,2,0,0,2,2
122,2365.735,-3722.341,120.183,-57.008,0.541163,0.838602,-0.062365,-0.836525,0.544425,0.061876,0.085842,0.018685,0.996134,0,0.56000,0.40820,33.600,0.816,-1,400.000,-1,400.000,-1,325.000,325.000,300.000,125.000,725.000,75.000,0.000,-1,850.000,750.000,-1,-1,2,0,2,0,2,0,0,0,1,1,1,1,2,0,0,2,2
123,2387.100,-3754.249,123.428,-56.193,0.553086,0.830788,-0.062355,-0.828656,0.556318,0.061965,0.086169,0.017398,0.996129,0,0.64000,0.40775,38.400,0.815,-1,400.000,-1,400.000,-1,325.000,325.000,300.000,125.000,750.000,100.000,50.000,-1,875.000,750.000,-1,-1,2,0,2,0,2,0,0,0,1,1,1,1,2,0,0,2,2
124,2408.905,-3785.837,129.345,-55.378,0.566008,0.822898,-0.049745,-0.820648,0.568155,0.061125,0.078562,0.006226,0.996890,0,0.63974,0.40756,38.384,0.815,-1,400.000,-1,400.000,-1,325.000,325.000,275.000,125.000,800.000,175.000,125.000,-1,800.000,750.000,-1,-1,2,0,2,0,2,0,0,0,1,1,1,1,2,0,0,2,2
125,2430.823,-3816.640,134.742,-54.562,0.578503,0.814740,-0.039154,-0.812486,0.579817,0.060651,0.072117,-0.003274,0.997391,0,0.63011,0.40773,37.807,0.815,-1,375.000,-1,400.000,-1,325.000,325.000,275.000,150.000,825.000,225.000,200.000,-1,775.000,725.000,-1,-1,2,0,2,0,2,0,0,0,1,1,1,1,2,0,0,2,2
126,2452.847,-3846.671,139.628,-53.746,0.590649,0.806349,-0.030565,-0.804156,0.591335,0.060461,0.066827,-0.011132,0.997702,0,0.62070,0.40824,37.242,0.816,-1,375.000,-1,400.000,-1,325.000,325.000,275.000,150.000,875.000,275.000,250.000,-1,750.000,725.000,-1,-1,2,0,2,0,2,0,0,0,1,1,1,1,2,0,0,2,2
127,2474.968,-3875.950,144.086,-52.927,0.602518,0.797748,-0.023866,-0.795623,0.602732,0.060810,0.062896,-0.017651,0.997864,0,0.61161,0.40907,36.697,0.818,-1,375.000,-1,400.000,-1,300.000,325.000,275.000,175.000,900.000,325.000,325.000,-1,725.000,725.000,-1,-1,2,0,2,0,2,0,0,0,1,1,1,1,2,0,0,2,2
128,2497.187,-3904.497,148.093,-52.107,0.614154,0.788955,-0.019083,-0.786886,0.614030,0.061461,0.060208,-0.022731,0.997927,0,0.60291,0.41021,36.175,0.820,-1,375.000,-1,400.000,-1,300.000,325.000,250.000,200.000,950.000,375.000,375.000,-1,700.000,725.000,-1,-1,2,0,2,0,2,0,0,0,1,1,1,1,2,0,0,2,2
129,2519.504,-3932.337,151.622,-51.284,0.625589,0.779984,-0.016231,-0.777946,0.625248,0.062165,0.058636,-0.026263,0.997934,0,0.59469,0.41163,35.681,0.823,-1,375.000,-1,400.000,-1,300.000,325.000,250.000,200.000,975.000,425.000,425.000,450.000,700.000,725.000,-1,-1,2,0,2,0,2,0,0,0,1,1,1,1,1,0,0,2,2
130,2545.144,-3963.663,154.934,-50.700,0.633546,0.773549,-0.015550,-0.771506,0.633132,0.062637,0.058298,-0.027687,0.997915,0,0.67469,0.29163,40.481,0.583,-1,375.000,-1,400.000,-1,300.000,325.000,250.000,225.000,1000.000,450.000,450.000,325.000,700.000,725.000,-1,-1,2,0,2,0,2,0,0,0,1,1,1,1,1,0,0,2,2
131,2571.113,-3995.006,157.561,-50.357,0.638117,0.769754,-0.016892,-0.767666,0.637765,0.062813,0.059124,-0.027115,0.997882,0,0.67838,0.17163,40.703,0.343,-1,375.000,-1,400.000,-1,300.000,325.000,250.000,250.000,-1,500.000,500.000,300.000,725.000,725.000,-1,-1,2,0,2,0,2,0,0,0,1,2,1,1,1,0,0,2,2
132,2596.907,-4026.024,159.623,-50.254,0.639324,0.768660,-0.020656,-0.766483,0.639198,0.062688,0.061389,-0.024245,0.997819,0,0.67236,0.05163,40.342,0.103,-1,375.000,-1,400.000,-1,325.000,325.000,275.000,275.000,-1,525.000,525.000,275.000,725.000,750.000,-1,-1,2,0,2,0,2,0,0,0,1,2,1,1,1,0,0,2,2
133,2622.442,-4056.883,161.233,-50.391,0.637159,0.770270,-0.026682,-0.768006,0.637434,0.062003,0.064767,-0.019013,0.997719,0,0.66756,-0.06837,40.054,-0.137,-1,375.000,-1,400.000,-1,325.000,325.000,275.000,275.000,-1,550.000,550.000,250.000,750.000,750.000,-1,-1,2,0,2,0,2,0,0,0,1,2,1,1,1,0,0,2,2
134,2647.636,-4087.738,162.368,-50.767,0.631585,0.774530,-0.034687,-0.772196,0.632425,0.061250,0.069377,-0.011900,0.997520,0,0.66388,-0.18837,39.833,-0.377,-1,400.000,-1,400.000,-1,325.000,325.000,275.000,300.000,-1,575.000,575.000,250.000,775.000,750.000,-1,-1,2,0,2,0,2,0,0,0,1,2,1,1,1,0,0,2,2
135,2672.429,-4118.712,163.076,-51.325,0.623319,0.780704,-0.044443,-0.778354,0.624893,0.060607,0.075088,-0.003185,0.997172,0,0.66123,-0.27901,39.674,-0.558,-1,400.000,-1,400.000,-1,325.000,325.000,300.000,300.000,-1,575.000,575.000,250.000,825.000,750.000,-1,-1,2,0,2,0,2,0,0,0,1,2,1,1,1,0,0,2,2
