timestep,x_cm,y_cm,z_cm,yaw_deg,basis_xx,basis_xy,basis_xz,basis_yx,basis_yy,basis_yz,basis_zx,basis_zy,basis_zz,teleport_flag,throttle_cmd,steering_cmd,cmd_move_cm,cmd_turn_deg,lidar_cm_0,lidar_cm_1,lidar_cm_2,lidar_cm_3,lidar_cm_4,lidar_cm_5,lidar_cm_6,lidar_cm_7,lidar_cm_8,lidar_cm_9,lidar_cm_10,lidar_cm_11,lidar_cm_12,lidar_cm_13,lidar_cm_14,lidar_cm_15,lidar_cm_16,lidar_class_0,lidar_class_1,lidar_class_2,lidar_class_3,lidar_class_4,lidar_class_5,lidar_class_6,lidar_class_7,lidar_class_8,lidar_class_9,lidar_class_10,lidar_class_11,lidar_class_12,lidar_class_13,lidar_class_14,lidar_class_15,lidar_class_16
0,1067.583,-10690.479,-21.051,-131.329,-0.648744,0.742618,0.166281,-0.756491,-0.653080,-0.034756,0.082785,-0.148337,0.985466,0,-0.08000,-0.10057,-4.800,-0.201,-1,600.000,-1,375.000,200.000,425.000,350.000,250.000,250.000,375.000,50.000,200.000,-1,-1,-1,-1,300.000,2,0,2,1,1,1,1,0,1,0,0,0,2,2,2,2,1
1,1073.946,-10683.291,-21.551,-131.527,-0.651749,0.740587,0.163568,-0.754079,-0.655837,-0.035251,0.081168,-0.146318,0.985902,0,-0.16000,-0.09879,-9.600,-0.198,-1,600.000,-1,375.000,200.000,425.000,350.000,250.000,250.000,375.000,50.000,200.000,-1,-1,-1,-1,225.000,2,0,2,1,1,1,1,0,1,0,0,0,2,2,2,2,1
2,1083.526,-10672.539,-22.323,-131.719,-0.654884,0.738727,0.159401,-0.751630,-0.658618,-0.035703,0.078609,-0.143192,0.986568,0,-0.24000,-0.09597,-14.400,-0.192,-1,575.000,-1,350.000,200.000,400.000,350.000,250.000,250.000,400.000,50.000,200.000,-1,-1,-1,-1,225.000,2,1,2,1,1,1,1,0,1,0,0,0,2,2,2,2,1
3,1093.740,-10661.150,-23.153,-131.903,-0.657940,0.736961,0.154929,-0.749241,-0.661312,-0.036107,0.075847,-0.139835,0.987266,0,-0.25497,-0.09217,-15.298,-0.184,-1,550.000,-1,350.000,200.000,400.000,325.000,250.000,250.000,400.000,50.000,200.000,-1,-1,-1,-1,225.000,2,1,2,1,1,1,1,0,1,0,0,0,2,2,2,2,1
4,1103.975,-10649.809,-23.988,-132.080,-0.660872,0.735269,0.150428,-0.746935,-0.663897,-0.036465,0.073057,-0.136459,0.987948,0,-0.25461,-0.08832,-15.276,-0.177,-1,550.000,-1,325.000,200.000,375.000,325.000,250.000,250.000,425.000,50.000,200.000,-1,-1,-1,-1,225.000,2,1,2,1,1,1,1,0,1,0,0,0,2,2,2,2,1
5,1114.233,-10638.508,-24.830,-132.249,-0.663684,0.733647,0.145898,-0.744708,-0.666376,-0.036778,0.070241,-0.133061,0.988616,0,-0.25437,-0.08461,-15.262,-0.169,-1,525.000,-1,325.000,200.000,375.000,325.000,250.000,250.000,450.000,50.000,200.000,-1,-1,-1,-1,225.000,2,1,2,1,1,1,1,0,1,0,0,0,2,2,2,2,1
6,1124.520,-10627.241,-25.678,-132.411,-0.666381,0.732093,0.141338,-0.742560,-0.668755,-0.037049,0.067397,-0.129641,0.989268,0,-0.25426,-0.08104,-15.256,-0.162,-1,525.000,-1,325.000,200.000,375.000,300.000,250.000,250.000,450.000,50.000,200.000,-1,-1,-1,-1,225.000,2,1,2,1,1,1,1,0,1,0,0,0,2,2,2,2,1
7,1134.837,-10616.002,-26.533,-132.566,-0.668966,0.730606,0.136746,-0.740487,-0.671036,-0.037280,0.064524,-0.126198,0.989904,0,-0.25427,-0.07760,-15.256,-0.155,-1,500.000,-1,300.000,200.000,375.000,300.000,250.000,250.000,475.000,75.000,225.000,-1,-1,550.000,-1,225.000,2,1,2,1,1,1,1,0,1,0,0,0,2,2,1,2,1
8,1145.188,-10604.784,-27.394,-132.715,-0.671443,0.729183,0.132121,-0.738490,-0.673223,-0.037473,0.061622,-0.122731,0.990525,0,-0.25439,-0.07428,-15.264,-0.149,-1,500.000,-1,300.000,200.000,350.000,300.000,250.000,275.000,500.000,75.000,225.000,-1,-1,525.000,-1,225.000,2,1,2,1,1,1,1,0,1,0,0,0,2,2,1,2,1
9,1155.577,-10593.582,-28.262,-132.857,-0.673815,0.727823,0.127464,-0.736565,-0.675319,-0.037629,0.058692,-0.119240,0.991129,0,-0.25462,-0.07108,-15.277,-0.142,-1,475.000,-1,300.000,200.000,350.000,300.000,250.000,275.000,525.000,75.000,225.000,-1,-1,500.000,-1,225.000,2,1,2,1,1,1,1,0,1,0,0,0,2,2,1,2,1
10,1166.005,-10582.391,-29.136,-132.993,-0.676086,0.726522,0.122772,-0.734712,-0.677328,-0.037750,0.055731,-0.115724,0.991717,0,-0.25494,-0.06799,-15.296,-0.136,-1,475.000,-1,300.000,200.000,350.000,275.000,250.000,275.000,550.000,75.000,225.000,-1,-1,475.000,-1,225.000,2,1,2,1,1,1,1,0,1,0,0,0,2,2,1,2,1
11,1176.476,-10571.206,-30.017,-133.123,-0.678258,0.725280,0.118046,-0.732929,-0.679253,-0.037838,0.052740,-0.112183,0.992287,0,-0.25536,-0.06500,-15.321,-0.130,-1,475.000,-1,275.000,200.000,350.000,275.000,250.000,275.000,600.000,100.000,250.000,-1,-1,450.000,-1,225.000,2,1,2,1,1,1,1,0,1,0,0,0,2,2,1,2,1
12,1186.991,-10560.021,-30.924,-133.247,-0.680330,0.724099,0.113273,-0.731213,-0.681100,-0.037806,0.049775,-0.108547,0.992844,0,-0.25586,-0.06212,-15.352,-0.124,-1,450.000,-1,275.000,200.000,350.000,275.000,275.000,275.000,625.000,100.000,250.000,-1,-1,425.000,-1,225.000,2,1,2,1,1,1,1,0,1,0,0,0,2,2,1,2,1
13,1197.554,-10548.832,-31.846,-133.366,-0.682308,0.722975,0.108458,-0.729565,-0.682871,-0.037705,0.046803,-0.104854,0.993386,0,-0.25644,-0.05933,-15.387,-0.119,-1,450.000,-1,275.000,200.000,325.000,275.000,275.000,275.000,650.000,100.000,275.000,-1,1000.000,425.000,-1,225.000,2,1,2,1,1,1,1,0,1,0,0,0,2,0,1,2,1
14,1208.166,-10537.636,-32.777,-133.479,-0.684194,0.721904,0.103606,-0.727984,-0.684564,-0.037569,0.043804,-0.101128,0.993909,0,-0.25711,-0.05664,-15.426,-0.113,-1,450.000,-1,275.000,200.000,325.000,275.000,275.000,275.000,700.000,100.000,275.000,-1,1000.000,400.000,-1,225.000,2,1,2,1,1,1,1,0,1,0,0,0,2,0,1,2,1
15,1218.830,-10526.427,-33.715,-133.587,-0.685991,0.720883,0.098715,-0.726467,-0.686183,-0.037401,0.040775,-0.097370,0.994413,0,-0.25784,-0.05403,-15.471,-0.108,-1,450.000,-1,275.000,200.000,325.000,275.000,275.000,275.000,750.000,125.000,300.000,-1,975.000,400.000,-1,225.000,2,1,2,1,1,1,1,0,1,0,0,0,2,0,1,2,1
16,1229.548,-10515.203,-34.655,-133.690,-0.687704,0.719913,0.093749,-0.725012,-0.687731,-0.037197,0.037695,-0.093550,0.994901,0,-0.25865,-0.05151,-15.519,-0.103,-1,450.000,-1,275.000,200.000,325.000,275.000,275.000,275.000,800.000,125.000,325.000,-1,950.000,375.000,-1,225.000,2,1,2,1,1,1,1,0,1,0,0,0,2,0,1,2,1
17,1240.321,-10503.959,-35.597,-133.788,-0.689334,0.718991,0.088711,-0.723618,-0.689210,-0.036960,0.034566,-0.089671,0.995371,0,-0.25953,-0.04907,-15.572,-0.098,-1,425.000,-1,275.000,200.000,325.000,275.000,275.000,275.000,875.000,150.000,325.000,-1,950.000,375.000,-1,225.000,2,1,2,1,1,1,1,0,1,0,0,0,2,0,1,2,1
18,1251.152,-10492.693,-36.548,-133.882,-0.690881,0.718115,0.083629,-0.722286,-0.690620,-0.036693,0.031406,-0.085755,0.995821,0,-0.26047,-0.04670,-15.628,-0.093,-1,425.000,-1,275.000,200.000,325.000,275.000,275.000,275.000,950.000,150.000,350.000,-1,925.000,375.000,-1,225.000,2,1,2,1,1,1,1,0,1,0,0,0,2,0,1,2,1
19,1265.307,-10478.127,-37.774,-134.191,-0.695199,0.714675,0.077059,-0.718293,-0.694783,-0.036504,0.027450,-0.080729,0.996358,0,-0.33851,-0.15478,-20.310,-0.310,-1,425.000,-1,275.000,200.000,325.000,275.000,275.000,300.000,-1,175.000,400.000,-1,900.000,375.000,-1,225.000,2,1,2,1,1,1,1,0,1,2,0,0,2,0,1,2,1
20,1279.411,-10463.764,-39.006,-134.491,-0.699327,0.711319,0.070482,-0.714416,-0.698782,-0.036227,0.023482,-0.075688,0.996855,0,-0.33551,-0.14960,-20.130,-0.299,-1,425.000,-1,275.000,200.000,325.000,275.000,275.000,300.000,-1,200.000,450.000,-1,875.000,350.000,-1,225.000,2,1,2,1,1,1,1,0,1,2,0,0,2,0,1,2,1
21,1293.470,-10449.591,-40.241,-134.780,-0.703268,0.708047,0.063897,-0.710657,-0.702624,-0.035865,0.019501,-0.070632,0.997312,0,-0.33272,-0.14454,-19.963,-0.289,-1,425.000,-1,275.000,200.000,325.000,275.000,275.000,300.000,-1,250.000,500.000,-1,875.000,350.000,-1,225.000,2,1,2,1,1,1,1,0,1,2,0,0,2,0,1,2,1
22,1307.489,-10435.596,-41.482,-135.059,-0.707028,0.704859,0.057305,-0.707015,-0.706311,-0.035422,0.015508,-0.065560,0.997728,0,-0.33014,-0.13961,-19.808,-0.279,-1,425.000,-1,275.000,200.000,325.000,275.000,300.000,300.000,-1,300.000,575.000,-1,825.000,350.000,-1,225.000,2,1,2,1,1,1,1,0,1,2,0,0,2,1,1,2,1
23,1321.472,-10421.768,-42.727,-135.329,-0.710612,0.701754,0.050705,-0.703490,-0.709848,-0.034901,0.011501,-0.060471,0.998104,0,-0.32776,-0.13479,-19.666,-0.270,-1,425.000,-1,275.000,200.000,325.000,275.000,300.000,300.000,-1,400.000,725.000,-1,775.000,350.000,-1,225.000,2,1,2,1,1,1,1,0,1,2,0,0,2,1,1,2,1
24,1335.424,-10408.096,-43.976,-135.589,-0.714024,0.698731,0.044095,-0.700081,-0.713239,-0.034304,0.007481,-0.055364,0.998438,0,-0.32557,-0.13009,-19.534,-0.260,-1,425.000,-1,275.000,200.000,325.000,275.000,300.000,300.000,-1,575.000,-1,-1,725.000,350.000,-1,225.000,2,1,2,1,1,1,1,0,1,2,0,2,2,1,1,2,1
25,1349.350,-10394.569,-45.207,-135.840,-0.717266,0.695792,0.037462,-0.696790,-0.716491,-0.033511,0.003524,-0.050140,0.998736,0,-0.32357,-0.12551,-19.414,-0.251,-1,400.000,-1,275.000,200.000,325.000,275.000,300.000,300.000,-1,-1,-1,-1,725.000,350.000,-1,225.000,2,0,2,1,1,1,1,0,1,2,2,2,2,1,1,2,1
26,1363.254,-10381.176,-46.427,-136.082,-0.720343,0.692933,0.030811,-0.693618,-0.719607,-0.032568,-0.000396,-0.044831,0.998994,0,-0.32175,-0.12105,-19.305,-0.242,-1,400.000,-1,275.000,200.000,325.000,275.000,300.000,325.000,-1,-1,-1,-1,700.000,350.000,-1,225.000,2,0,2,1,1,1,1,0,1,2,2,2,2,1,1,2,1
27,1377.141,-10367.909,-47.653,-136.315,-0.723262,0.690151,0.024149,-0.690560,-0.722586,-0.031560,-0.004332,-0.039503,0.999210,0,-0.32010,-0.11669,-19.206,-0.233,-1,400.000,-1,275.000,200.000,325.000,275.000,300.000,325.000,-1,-1,-1,-1,675.000,350.000,-1,225.000,2,0,2,1,1,1,1,0,1,2,2,2,2,1,1,2,1
28,1391.016,-10354.758,-48.615,-136.540,-0.726017,0.687422,0.018741,-0.687636,-0.725407,-0.030666,-0.007486,-0.035152,0.999354,0,-0.31862,-0.11245,-19.117,-0.225,-1,400.000,-1,275.000,200.000,325.000,275.000,300.000,300.000,-1,-1,-1,-1,675.000,350.000,-1,225.000,2,0,2,1,1,0,1,0,0,2,2,2,2,1,1,2,1
29,1401.406,-10344.907,-48.513,-136.525,-0.725835,0.687618,0.018561,-0.687828,-0.725232,-0.030522,-0.007526,-0.034921,0.999362,0,-0.23862,0.00755,-14.317,0.015,-1,400.000,-1,275.000,225.000,325.000,275.000,300.000,300.000,-1,-1,-1,-1,675.000,350.000,-1,225.000,2,0,2,1,1,0,1,0,0,2,2,2,2,1,1,2,1
30,1408.292,-10338.337,-48.442,-136.348,-0.723705,0.689863,0.018428,-0.690066,-0.723106,-0.030431,-0.007668,-0.034739,0.999367,0,-0.15862,0.08863,-9.517,0.177,-1,400.000,-1,275.000,225.000,325.000,275.000,300.000,300.000,-1,-1,-1,-1,675.000,375.000,-1,250.000,2,0,2,1,1,0,1,0,0,2,2,2,2,1,1,2,1
31,1411.695,-10335.070,-48.406,-136.168,-0.721538,0.692131,0.018353,-0.692330,-0.720940,-0.030390,-0.007802,-0.034634,0.999370,0,-0.07862,0.08989,-4.717,0.180,-1,400.000,-1,275.000,225.000,325.000,275.000,300.000,300.000,-1,-1,-1,-1,700.000,375.000,-1,250.000,2,0,2,1,1,0,1,0,0,2,2,2,2,1,1,2,1
32,1411.636,-10335.128,-48.405,-135.987,-0.719355,0.694400,0.018340,-0.694597,-0.718756,-0.030399,-0.007927,-0.034607,0.999370,0,0.00138,0.09028,0.083,0.181,-1,400.000,-1,275.000,225.000,325.000,275.000,300.000,300.000,-1,-1,-1,-1,700.000,375.000,-1,250.000,2,0,2,1,1,0,1,0,0,2,2,2,2,1,1,2,1
33,1408.135,-10338.531,-48.442,-135.808,-0.717177,0.696649,0.018390,-0.696845,-0.716575,-0.030459,-0.008042,-0.034659,0.999367,0,0.08138,0.08981,4.883,0.180,-1,400.000,-1,275.000,225.000,325.000,275.000,300.000,300.000,-1,-1,-1,-1,700.000,375.000,-1,250.000,2,0,2,1,1,0,1,0,0,2,2,2,2,1,1,2,1
34,1401.213,-10345.302,-48.517,-135.631,-0.715024,0.698855,0.018501,-0.699053,-0.714417,-0.030567,-0.008144,-0.034790,0.999361,0,0.16138,0.08847,9.683,0.177,-1,400.000,-1,275.000,225.000,325.000,275.000,300.000,300.000,-1,-1,-1,-1,700.000,375.000,-1,225.000,2,0,2,1,1,0,1,0,0,2,2,2,2,1,1,2,1
35,1390.891,-10355.461,-48.630,-135.458,-0.712919,0.700998,0.018675,-0.701198,-0.712304,-0.030721,-0.008233,-0.034996,0.999354,0,0.24138,0.08626,14.483,0.173,-1,375.000,-1,275.000,200.000,325.000,275.000,300.000,300.000,-1,-1,-1,-1,675.000,350.000,-1,225.000,2,0,2,1,1,0,1,0,0,2,2,2,2,1,1,2,1
36,1377.188,-10369.027,-47.780,-135.292,-0.710838,0.702958,0.023652,-0.703336,-0.710161,-0.031470,-0.005325,-0.039005,0.999225,0,0.32138,0.08315,19.283,0.166,-1,400.000,-1,275.000,200.000,325.000,275.000,300.000,300.000,-1,-1,-1,-1,700.000,350.000,-1,225.000,2,0,2,1,1,0,1,0,1,2,2,2,2,1,1,2,1
37,1360.121,-10386.018,-46.289,-135.134,-0.708768,0.704720,0.031909,-0.705441,-0.708018,-0.032594,-0.000378,-0.045612,0.998959,0,0.40138,0.07912,24.083,0.158,-1,400.000,-1,275.000,200.000,325.000,275.000,300.000,300.000,-1,-1,-1,-1,700.000,350.000,-1,225.000,2,0,2,1,1,1,1,0,1,2,2,2,2,1,1,2,1
38,1339.706,-10406.449,-44.496,-134.986,-0.706705,0.706275,0.041762,-0.707486,-0.705918,-0.033813,0.005599,-0.053442,0.998555,0,0.48138,0.07413,28.883,0.148,-1,425.000,-1,275.000,200.000,325.000,275.000,300.000,300.000,-1,700.000,-1,-1,725.000,350.000,-1,225.000,2,0,2,1,1,1,1,0,1,2,0,2,2,1,1,2,1
39,1315.955,-10430.333,-42.360,-134.849,-0.704623,0.707588,0.053154,-0.709467,-0.703875,-0.034878,0.012734,-0.062287,0.997977,0,0.56138,0.06813,33.683,0.136,-1,425.000,-1,275.000,200.000,325.000,275.000,300.000,300.000,-1,375.000,675.000,-1,800.000,350.000,-1,225.000,2,1,2,1,1,1,1,0,1,2,0,0,2,1,1,2,1
40,1288.878,-10457.679,-39.932,-134.727,-0.702503,0.708606,0.066080,-0.711375,-0.701889,-0.036020,0.020857,-0.072312,0.997164,0,0.64138,0.06107,38.483,0.122,-1,425.000,-1,275.000,200.000,325.000,275.000,275.000,300.000,-1,225.000,475.000,-1,875.000,350.000,-1,225.000,2,1,2,1,1,1,1,0,1,2,0,0,2,0,1,2,1
41,1258.481,-10488.492,-37.214,-134.621,-0.700315,0.709280,0.080505,-0.713205,-0.699966,-0.037229,0.029945,-0.083489,0.996059,0,0.72138,0.05289,43.283,0.106,-1,425.000,-1,275.000,200.000,325.000,275.000,275.000,300.000,1000.000,175.000,375.000,-1,925.000,350.000,-1,225.000,2,1,2,1,1,1,1,0,1,0,0,0,2,0,1,2,1
42,1224.766,-10522.775,-34.208,-134.534,-0.698028,0.709554,0.096390,-0.714954,-0.698110,-0.038500,0.039973,-0.095789,0.994599,0,0.80138,0.04355,48.083,0.087,-1,450.000,-1,275.000,200.000,325.000,275.000,275.000,275.000,775.000,125.000,300.000,-1,975.000,375.000,-1,225.000,2,1,2,1,1,1,1,0,1,0,0,0,2,0,1,2,1
43,1187.879,-10560.669,-30.926,-134.242,-0.692821,0.712148,0.113334,-0.719338,-0.693540,-0.039428,0.050523,-0.108842,0.992774,0,0.88138,0.14632,52.883,0.293,-1,450.000,-1,275.000,200.000,325.000,275.000,275.000,275.000,625.000,100.000,250.000,-1,-1,425.000,-1,225.000,2,1,2,1,1,1,1,0,1,0,0,0,2,2,1,2,1
44,1147.844,-10602.198,-27.468,-133.966,-0.687343,0.714324,0.131534,-0.723671,-0.688991,-0.039897,0.062126,-0.122611,0.990508,0,0.96138,0.13790,57.683,0.276,-1,475.000,-1,300.000,200.000,350.000,300.000,250.000,275.000,500.000,75.000,225.000,-1,-1,475.000,-1,225.000,2,1,2,1,1,1,1,0,1,0,0,0,2,2,1,2,1
45,1106.394,-10645.582,-23.920,-133.710,-0.681690,0.716055,0.150212,-0.727885,-0.684520,-0.040195,0.074041,-0.136738,0.987836,0,1.00000,0.12782,60.000,0.256,-1,525.000,-1,325.000,200.000,375.000,300.000,250.000,250.000,425.000,50.000,200.000,-1,-1,-1,-1,225.000,2,1,2,1,1,1,1,0,1,0,0,0,2,2,2,2,1
46,1065.122,-10689.134,-20.404,-133.478,-0.675996,0.717349,0.168642,-0.731901,-0.680213,-0.040391,0.085739,-0.150734,0.984849,0,1.00000,0.11614,60.000,0.232,-1,600.000,-1,350.000,200.000,400.000,350.000,250.000,250.000,350.000,50.000,200.000,-1,-1,-1,-1,200.000,2,0,2,1,1,1,1,0,1,0,0,0,2,2,2,2,1
47,1023.844,-10732.683,-16.861,-133.486,-0.672985,0.715626,0.187004,-0.733204,-0.678762,-0.041154,0.097480,-0.164808,0.981497,0,1.00000,-0.00386,60.000,-0.008,-1,625.000,-1,400.000,175.000,475.000,400.000,225.000,250.000,300.000,25.000,175.000,-1,-1,-1,-1,-1,2,0,2,1,1,1,1,0,1,0,0,0,2,2,2,2,2
48,-5575.417,-2295.765,-15.015,-67.238,0.388694,0.921193,0.017910,-0.919403,0.386524,0.072779,0.060121,-0.044755,0.997187,1,0.00000,0.00000,60.000,-0.248,-1,400.000,-1,400.000,-1,325.000,325.000,300.000,300.000,-1,650.000,700.000,-1,800.000,825.000,-1,-1,2,0,2,0,2,0,0,0,0,2,0,0,2,0,0,2,2
49,-5573.577,-2300.198,-14.724,-67.468,0.384979,0.922752,0.017884,-0.920952,0.382817,0.072786,0.060317,-0.044491,0.997187,0,0.08000,-0.11533,4.800,-0.231,-1,400.000,-1,400.000,-1,325.000,325.000,300.000,300.000,-1,675.000,700.000,-1,800.000,825.000,-1,-1,2,0,2,0,2,0,0,0,0,2,0,0,2,0,0,2,2
50,-5569.935,-2309.080,-14.140,-67.700,0.381245,0.924302,0.017836,-0.922490,0.379092,0.072814,0.060540,-0.044214,0.997186,0,0.16000,-0.11569,9.600,-0.231,-1,400.000,-1,400.000,-1,325.000,325.000,300.000,300.000,-1,675.000,700.000,-1,800.000,850.000,-1,-1,2,0,2,0,2,0,0,0,0,2,0,0,2,0,0,2,2
51,-5564.525,-2322.426,-13.262,-67.933,0.377472,0.925851,0.017771,-0.924024,0.375328,0.072864,0.060791,-0.043925,0.997184,0,0.24000,-0.11672,14.400,-0.233,-1,400.000,-1,400.000,-1,325.000,325.000,300.000,300.000,-1,675.000,700.000,-1,800.000,850.000,-1,-1,2,0,2,0,2,0,0,0,0,2,0,0,2,0,0,2,2
52,-5557.385,-2340.249,-12.088,-68.170,0.373637,0.927406,0.017691,-0.925562,0.371503,0.072937,0.061070,-0.043626,0.997180,0,0.32000,-0.11842,19.200,-0.237,-1,400.000,-1,400.000,-1,325.000,325.000,300.000,300.000,-1,700.000,725.000,-1,825.000,850.000,-1,-1,2,0,2,0,2,0,0,0,0,2,0,0,2,0,0,2,2
53,-5548.555,-2362.566,-10.615,-68.411,0.369719,0.928977,0.017601,-0.927114,0.367594,0.073037,0.061380,-0.043321,0.997174,0,0.40000,-0.12079,24.000,-0.242,-1,400.000,-1,400.000,-1,325.000,325.000,300.000,300.000,-1,725.000,750.000,-1,825.000,850.000,-1,-1,2,0,2,0,2,0,0,0,0,2,0,0,2,0,0,2,2
54,-5538.074,-2389.391,-8.841,-68.659,0.365696,0.930570,0.017508,-0.928686,0.363579,0.073165,0.061720,-0.043016,0.997166,0,0.48000,-0.12386,28.800,-0.248,-1,400.000,-1,400.000,-1,325.000,325.000,300.000,300.000,-1,750.000,775.000,-1,825.000,850.000,-1,-1,2,0,2,0,2,0,0,0,0,2,0,0,2,0,0,2,2
55,-5525.986,-2420.741,-6.763,-68.914,0.361544,0.932192,0.017419,-0.930285,0.359434,0.073325,0.062092,-0.042714,0.997156,0,0.56000,-0.12764,33.600,-0.255,-1,400.000,-1,400.000,-1,325.000,325.000,300.000,300.000,-1,775.000,800.000,-1,850.000,875.000,-1,1000.000,2,0,2,0,2,0,0,0,0,2,0,0,2,0,1,2,1
56,-5512.337,-2456.634,-4.379,-69.179,0.357238,0.933852,0.017341,-0.931920,0.355134,0.073519,0.062497,-0.042424,0.997143,0,0.64000,-0.13217,38.400,-0.264,-1,400.000,-1,400.000,-1,325.000,325.000,300.000,300.000,-1,800.000,825.000,-1,850.000,850.000,-1,975.000,2,0,2,0,2,0,0,0,0,2,0,0,2,0,1,2,1
57,-5497.176,-2497.086,-1.685,-69.454,0.352753,0.935557,0.017285,-0.933598,0.350651,0.073750,0.062936,-0.042153,0.997127,0,0.72000,-0.13751,43.200,-0.275,-1,400.000,-1,425.000,-1,325.000,325.000,300.000,300.000,-1,825.000,850.000,-1,875.000,825.000,-1,925.000,2,0,2,0,2,0,0,0,0,2,0,0,2,0,1,2,1
58,-5480.555,-2542.117,1.341,-69.741,0.348062,0.937311,0.017349,-0.935328,0.345957,0.073994,0.063353,-0.041982,0.997108,0,0.80000,-0.14370,48.000,-0.287,-1,400.000,-1,425.000,975.000,325.000,325.000,300.000,300.000,-1,875.000,900.000,-1,900.000,800.000,-1,900.000,2,0,2,0,1,0,0,0,0,2,0,0,2,0,1,2,1
59,-5462.534,-2591.746,4.459,-70.043,0.343071,0.939157,0.016921,-0.937189,0.341031,0.073314,0.063082,-0.041010,0.997165,0,0.88000,-0.15083,52.800,-0.302,-1,400.000,-1,425.000,900.000,325.000,325.000,300.000,300.000,-1,950.000,950.000,-1,900.000,750.000,-1,850.000,2,0,2,0,1,0,0,0,0,2,0,0,2,0,1,2,1
60,-5443.175,-2645.995,7.678,-70.361,0.337746,0.941101,0.015993,-0.939181,0.335837,0.071782,0.062183,-0.039264,0.997292,0,0.96000,-0.15900,57.600,-0.318,-1,425.000,975.000,425.000,850.000,325.000,325.000,300.000,300.000,-1,-1,-1,-1,900.000,700.000,-1,775.000,2,0,1,0,1,0,0,0,0,2,2,2,2,1,1,2,1
61,-5423.342,-2702.622,11.041,-70.697,0.332096,0.943127,0.014984,-0.941261,0.330325,0.070089,0.061153,-0.037380,0.997428,0,1.00000,-0.16832,60.000,-0.337,-1,425.000,900.000,425.000,775.000,325.000,350.000,300.000,300.000,-1,-1,-1,-1,850.000,650.000,-1,725.000,2,0,1,0,1,0,0,0,0,2,2,2,2,1,1,2,1
62,-5403.863,-2759.372,14.256,-71.054,0.326130,0.945208,0.014868,-0.943458,0.324457,0.067934,0.059388,-0.036183,0.997579,0,1.00000,-0.17849,60.000,-0.357,-1,425.000,850.000,425.000,700.000,325.000,350.000,300.000,300.000,-1,-1,-1,-1,800.000,600.000,-1,650.000,2,0,1,0,1,0,0,0,0,2,2,2,2,1,1,2,1
63,-5384.757,-2816.249,17.265,-71.433,0.319840,0.947339,0.015865,-0.945763,0.318213,0.065372,0.056881,-0.035913,0.997735,0,1.00000,-0.18912,60.000,-0.378,-1,425.000,775.000,425.000,625.000,325.000,325.000,300.000,300.000,-1,-1,-1,-1,725.000,550.000,-1,600.000,2,0,1,0,1,0,0,0,0,2,2,2,2,1,1,2,1
64,-5366.050,-2873.257,20.290,-71.833,0.313166,0.949549,0.016866,-0.948141,0.311586,0.062789,0.054366,-0.035655,0.997884,0,1.00000,-0.20025,60.000,-0.401,-1,400.000,700.000,425.000,550.000,325.000,325.000,300.000,300.000,-1,-1,-1,-1,675.000,500.000,-1,525.000,2,0,1,0,1,0,0,0,0,2,2,2,2,1,1,2,1
65,-5347.766,-2930.403,23.332,-72.257,0.306086,0.951836,0.017867,-0.950591,0.304556,0.060182,0.051842,-0.035405,0.998028,0,1.00000,-0.21193,60.000,-0.424,-1,400.000,625.000,400.000,500.000,325.000,325.000,300.000,300.000,-1,-1,-1,-1,600.000,475.000,-1,475.000,2,0,1,1,1,0,0,0,0,2,2,2,2,1,1,2,1
66,-5329.928,-2987.690,26.393,-72.705,0.298578,0.954199,0.018863,-0.953110,0.297100,0.057551,0.049310,-0.035162,0.998164,0,1.00000,-0.22421,60.000,-0.448,-1,400.000,575.000,350.000,425.000,325.000,325.000,300.000,300.000,-1,-1,-1,-1,550.000,425.000,875.000,425.000,2,0,1,1,1,0,0,0,0,2,2,2,2,1,1,1,1
67,-5312.566,-3045.123,29.473,-73.180,0.290617,0.956633,0.019851,-0.955696,0.289193,0.054893,0.046772,-0.034924,0.998295,0,1.00000,-0.23716,60.000,-0.474,-1,375.000,500.000,325.000,375.000,325.000,300.000,300.000,300.000,-1,-1,-1,-1,475.000,375.000,700.000,350.000,2,1,1,1,1,1,1,0,0,2,2,2,2,1,1,1,1
68,-5295.708,-3102.705,32.573,-73.681,0.282175,0.959137,0.020823,-0.958343,0.280808,0.052209,0.044228,-0.034688,0.998419,0,1.00000,-0.25085,60.000,-0.502,-1,350.000,450.000,275.000,300.000,300.000,250.000,300.000,300.000,-1,-1,-1,-1,425.000,325.000,600.000,300.000,2,1,1,1,1,1,1,0,0,2,2,2,2,1,1,1,1
69,-5279.383,-3160.442,35.692,-74.212,0.273221,0.961705,0.021776,-0.961048,0.271913,0.049495,0.041679,-0.034451,0.998537,0,1.00000,-0.26537,60.000,-0.531,-1,300.000,375.000,225.000,250.000,250.000,225.000,300.000,300.000,-1,-1,-1,-1,350.000,275.000,500.000,250.000,2,1,1,1,1,1,1,0,0,2,2,2,2,1,1,1,1
70,-5263.625,-3218.335,38.641,-74.774,0.263708,0.964352,0.021969,-0.963788,0.262481,0.047070,0.039625,-0.033586,0.998650,0,1.00000,-0.28082,60.000,-0.562,-1,250.000,300.000,200.000,200.000,200.000,175.000,300.000,300.000,-1,-1,-1,-1,300.000,225.000,400.000,175.000,2,1,1,1,1,1,1,0,0,2,2,2,2,1,1,1,1
71,-5248.460,-3276.390,48.440,-75.369,0.255532,0.965903,0.041658,-0.964975,0.252166,0.072358,0.059386,-0.058688,0.996508,0,1.00000,-0.29732,60.000,-0.595,-1,225.000,275.000,175.000,175.000,175.000,175.000,300.000,375.000,-1,-1,-1,-1,250.000,200.000,350.000,175.000,2,1,1,1,1,1,1,0,0,2,2,2,2,1,1,1,1
72,-5233.923,-3334.607,60.034,-75.999,0.248555,0.966280,0.067254,-0.964920,0.240947,0.104281,0.084560,-0.090814,0.992271,0,1.00000,-0.31501,60.000,-0.630,-1,200.000,275.000,175.000,175.000,175.000,150.000,275.000,500.000,-1,250.000,700.000,-1,225.000,200.000,300.000,150.000,2,1,1,1,1,1,1,0,0,2,0,0,2,1,1,1,1
73,-7109.781,9065.649,-137.784,-44.001,0.702745,0.694507,0.154302,-0.684407,0.719170,-0.119927,-0.194260,-0.021328,0.980718,1,0.00000,0.00000,60.000,-0.451,-1,-1,-1,350.000,275.000,875.000,500.000,125.000,350.000,-1,-1,-1,-1,-1,850.000,-1,250.000,2,2,2,1,1,1,1,1,1,2,2,2,2,2,1,2,1
74,-6882.567,-8200.018,14.315,-10.401,0.983552,0.180528,0.005941,-0.180429,0.983484,-0.014322,-0.008428,0.013014,0.999880,1,0.08000,0.12000,4.800,0.240,-1,400.000,-1,400.000,-1,325.000,325.000,300.000,300.000,-1,-1,-1,-1,800.000,750.000,-1,-1,2,0,2,0,2,0,0,0,0,2,2,2,2,0,0,2,2
75,-6873.110,-8201.672,14.232,-9.921,0.985029,0.172283,0.005983,-0.172185,0.984962,-0.014199,-0.008339,0.012956,0.999881,0,0.16000,0.24000,9.600,0.480,-1,400.000,-1,400.000,-1,325.000,325.000,300.000,300.000,-1,-1,-1,-1,800.000,750.000,-1,-1,2,0,2,0,2,0,0,0,0,2,2,2,2,0,0,2,2
76,-6858.896,-8203.975,14.111,-9.201,0.987116,0.159893,0.006047,-0.159796,0.987051,-0.014017,-0.008210,0.012870,0.999883,0,0.24000,0.36000,14.400,0.720,-1,400.000,-1,400.000,-1,325.000,325.000,300.000,300.000,-1,-1,-1,-1,800.000,750.000,-1,-1,2,0,2,0,2,0,0,0,0,2,2,2,2,0,0,2,2
77,-6839.894,-8206.727,13.955,-8.241,0.989656,0.143333,0.006136,-0.143238,0.989592,-0.013777,-0.008047,0.012755,0.999886,0,0.32000,0.48000,19.200,0.960,-1,400.000,-1,400.000,-1,325.000,325.000,300.000,300.000,-1,-1,-1,-1,775.000,750.000,-1,-1,2,0,2,0,2,0,0,0,0,2,2,2,2,0,0,2,2
78,-6816.075,-8209.669,13.770,-7.041,0.992439,0.122577,0.006251,-0.122485,0.992379,-0.013482,-0.007856,0.012614,0.999890,0,0.40000,0.60000,24.000,1.200,-1,400.000,-1,400.000,-1,325.000,325.000,300.000,300.000,-1,-1,-1,-1,775.000,750.000,-1,-1,2,0,2,0,2,0,0,0,0,2,2,2,2,0,0,2,2
79,-6787.413,-8212.481,13.559,-5.601,0.995205,0.097600,0.006397,-0.097510,0.995148,-0.013135,-0.007648,0.012449,0.999893,0,0.48000,0.72000,28.800,1.440,-1,400.000,-1,400.000,-1,325.000,325.000,300.000,300.000,-1,-1,-1,-1,775.000,750.000,-1,-1,2,0,2,0,2,0,0,0,0,2,2,2,2,0,0,2,2
80,-6753.891,-8214.778,13.328,-3.921,0.997637,0.068383,0.006576,-0.068296,0.997584,-0.012742,-0.007431,0.012263,0.999897,0,0.56000,0.84000,33.600,1.680,-1,400.000,-1,400.000,-1,325.000,325.000,300.000,300.000,-1,-1,-1,-1,775.000,775.000,-1,-1,2,0,2,0,2,0,0,0,0,2,2,2,2,0,0,2,2
81,-6715.519,-8216.249,13.083,-2.195,0.999244,0.038290,0.006789,-0.038205,0.999194,-0.012304,-0.007255,0.012035,0.999901,0,0.64000,0.86343,38.400,1.727,-1,400.000,-1,400.000,-1,325.000,325.000,300.000,300.000,-1,-1,-1,-1,775.000,775.000,-1,-1,2,0,2,0,2,0,0,0,0,2,2,2,2,0,0,2,2
82,-6672.321,-8216.609,12.827,-0.477,0.999941,0.008328,0.007040,-0.008244,0.999896,-0.011826,-0.007138,0.011767,0.999905,0,0.72000,0.85868,43.200,1.717,-1,400.000,-1,400.000,-1,325.000,325.000,300.000,300.000,-1,-1,-1,-1,775.000,775.000,-1,-1,2,0,2,0,2,0,0,0,0,2,2,2,2,0,0,2,2
83,-6624.332,-8215.579,12.561,1.230,0.999743,-0.021458,0.007329,0.021540,0.999704,-0.011315,-0.007084,0.011470,0.999909,0,0.80000,0.85341,48.000,1.707,-1,400.000,-1,400.000,-1,325.000,325.000,300.000,300.000,-1,-1,-1,-1,775.000,775.000,-1,-1,2,0,2,0,2,0,0,0,0,2,2,2,2,0,0,2,2
84,-6573.849,-8212.999,12.290,2.925,0.998668,-0.051023,0.007620,0.051104,0.998635,-0.010839,-0.007056,0.011214,0.999912,0,0.84248,0.84763,50.549,1.695,-1,400.000,-1,400.000,-1,325.000,325.000,300.000,300.000,-1,-1,-1,-1,775.000,775.000,-1,-1,2,0,2,0,2,0,0,0,0,2,2,2,2,0,0,2,2
85,-6523.238,-8208.920,11.847,4.608,0.996736,-0.080334,0.008002,0.080420,0.996700,-0.010997,-0.007093,0.011605,0.999908,0,0.84626,0.84161,50.776,1.683,-1,400.000,-1,400.000,-1,325.000,325.000,300.000,300.000,-1,-1,-1,-1,750.000,775.000,-1,-1,2,0,2,0,2,0,0,0,0,2,2,2,2,0,0,2,2
86,-6471.406,-8203.261,11.391,6.231,0.994057,-0.108531,0.008435,0.108622,0.994020,-0.011162,-0.007174,0.012012,0.999902,0,0.86900,0.81150,52.140,1.623,-1,400.000,-1,400.000,-1,325.000,325.000,300.000,300.000,-1,-1,-1,-1,750.000,775.000,-1,-1,2,0,2,0,2,0,0,0,0,2,2,2,2,0,0,2,2
87,-6419.593,-8196.122,10.953,7.845,0.990603,-0.136477,0.008882,0.136574,0.990565,-0.011354,-0.007249,0.012460,0.999896,0,0.87171,0.80678,52.303,1.614,-1,400.000,-1,400.000,-1,325.000,325.000,300.000,300.000,-1,-1,-1,-1,750.000,775.000,-1,-1,2,0,2,0,2,0,0,0,0,2,2,2,2,0,0,2,2
88,-6367.870,-8187.515,10.534,9.448,0.986392,-0.164142,0.009342,0.164245,0.986352,-0.011575,-0.007314,0.012952,0.999889,0,0.87390,0.80178,52.434,1.604,-1,400.000,-1,400.000,-1,325.000,325.000,300.000,300.000,-1,-1,-1,-1,750.000,775.000,-1,-1,2,0,2,0,2,0,0,0,0,2,2,2,2,0,0,2,2
89,-6316.310,-8177.454,10.134,11.041,0.981444,-0.191499,0.009813,0.191609,0.981400,-0.011830,-0.007365,0.013491,0.999882,0,0.87555,0.79653,52.533,1.593,-1,400.000,-1,400.000,-1,325.000,325.000,300.000,300.000,-1,-1,-1,-1,725.000,775.000,-1,-1,2,0,2,0,2,0,0,0,0,2,2,2,2,0,0,2,2
90,-6264.983,-8165.959,9.753,12.623,0.975778,-0.218521,0.010297,0.218638,0.975731,-0.012122,-0.007398,0.014080,0.999874,0,0.87664,0.79108,52.599,1.582,-1,400.000,-1,400.000,-1,325.000,325.000,300.000,300.000,-1,-1,-1,-1,725.000,775.000,-1,-1,2,0,2,0,2,0,0,0,0,2,2,2,2,0,0,2,2
91,-6213.959,-8153.053,9.390,14.194,0.969416,-0.245185,0.010793,0.245311,0.969364,-0.012453,-0.007409,0.014720,0.999864,0,0.87718,0.78546,52.631,1.571,-1,400.000,-1,400.000,-1,325.000,325.000,300.000,300.000,-1,-1,-1,-1,725.000,750.000,-1,-1,2,0,2,0,2,0,0,0,0,2,2,2,2,0,0,2,2
92,-6163.307,-8138.764,9.045,15.754,0.962380,-0.271473,0.011303,0.271607,0.962323,-0.012827,-0.007395,0.015415,0.999854,0,0.87715,0.77974,52.629,1.559,-1,375.000,-1,400.000,-1,325.000,325.000,300.000,300.000,-1,-1,-1,-1,725.000,750.000,-1,-1,2,0,2,0,2,0,0,0,0,2,2,2,2,0,0,2,2
93,-6113.091,-8123.121,8.719,17.302,0.954690,-0.297366,0.011826,0.297510,0.954627,-0.013247,-0.007350,0.016165,0.999842,0,0.87659,0.77397,52.595,1.548,-1,375.000,-1,400.000,-1,325.000,325.000,300.000,300.000,-1,-1,-1,-1,725.000,750.000,-1,-1,2,0,2,0,2,0,0,0,0,2,2,2,2,0,0,2,2
94,-6063.374,-8106.159,8.410,18.838,0.946369,-0.322851,0.012365,0.323006,0.946298,-0.013715,-0.007273,0.016973,0.999829,0,0.87551,0.76822,52.531,1.536,-1,375.000,-1,400.000,-1,325.000,325.000,300.000,300.000,-1,-1,-1,-1,700.000,750.000,-1,-1,2,0,2,0,2,0,0,0,0,2,2,2,2,0,0,2,2
95,-6014.214,-8087.912,8.114,20.363,0.937436,-0.347917,0.012915,0.348083,0.937355,-0.014253,-0.007147,0.017857,0.999815,0,0.87396,0.76255,52.437,1.525,-1,375.000,-1,375.000,-1,325.000,325.000,300.000,300.000,-1,-1,-1,-1,700.000,725.000,-1,-1,2,0,2,0,2,0,0,0,0,2,2,2,2,0,0,2,2
96,-5965.666,-8068.413,7.883,21.883,0.927888,-0.372642,0.012731,0.372807,0.927788,-0.014950,-0.006241,0.018618,0.999807,0,0.87197,0.75965,52.318,1.519,-1,375.000,-1,375.000,-1,300.000,325.000,300.000,300.000,-1,-1,-1,-1,700.000,725.000,-1,-1,2,0,2,0,2,0,0,0,0,2,2,2,2,0,0,2,2
97,-5917.781,-8047.693,7.819,23.398,0.917724,-0.397039,0.011974,0.397189,0.917608,-0.015389,-0.004877,0.018878,0.999810,0,0.86959,0.75748,52.176,1.515,-1,375.000,-1,375.000,-1,300.000,325.000,300.000,300.000,-1,-1,-1,-1,700.000,725.000,-1,-1,2,0,2,0,2,0,0,0,0,2,2,2,2,0,0,2,2
98,-5870.605,-8025.786,7.789,24.909,0.906944,-0.421103,0.011192,0.421238,0.906811,-0.015901,-0.003454,0.019136,0.999811,0,0.86690,0.75577,52.014,1.512,-1,375.000,-1,375.000,-1,300.000,325.000,300.000,300.000,-1,-1,-1,-1,700.000,725.000,-1,-1,2,0,2,0,2,0,0,0,0,2,2,2,2,0,0,2,2
99,-5824.182,-8002.723,7.793,26.418,0.895552,-0.444836,0.010391,0.444953,0.895402,-0.016487,-0.001970,0.019389,0.999810,0,0.86395,0.75452,51.837,1.509,-1,375.000,-1,375.000,-1,300.000,325.000,300.000,300.000,-1,-1,-1,-1,700.000,725.000,-1,-1,2,0,2,0,2,0,0,0,0,2,2,2,2,0,0,2,2
100,-5778.546,-7978.533,7.827,27.926,0.883552,-0.468235,0.009560,0.468332,0.883386,-0.017143,-0.000418,0.019624,0.999807,0,0.86084,0.75373,51.650,1.507,-1,375.000,-1,375.000,-1,300.000,325.000,300.000,300.000,-1,-1,-1,-1,700.000,725.000,-1,-1,2,0,2,0,2,0,0,0,0,2,2,2,2,0,0,2,2
101,-5733.730,-7953.247,7.900,29.432,0.870947,-0.491300,0.008737,0.491376,0.870764,-0.017885,0.001179,0.019871,0.999802,0,0.85762,0.75341,51.457,1.507,-1,375.000,-1,375.000,-1,325.000,325.000,300.000,300.000,-1,-1,-1,-1,700.000,700.000,-1,-1,2,0,2,0,2,0,0,0,0,2,2,2,2,0,0,2,2
102,-5689.761,-7926.891,8.091,30.940,0.857738,-0.514026,0.007873,0.514077,0.857531,-0.019135,0.003084,0.020460,0.999786,0,0.85439,0.75356,51.263,1.507,-1,375.000,-1,375.000,-1,325.000,325.000,300.000,300.000,-1,-1,-1,-1,700.000,700.000,-1,-1,2,0,2,0,2,0,0,0,0,2,2,2,2,0,0,2,2
103,-5646.662,-7899.488,8.374,32.448,0.843928,-0.536411,0.007023,0.536431,0.843689,-0.020754,0.005207,0.021282,0.999760,0,0.85122,0.75416,51.073,1.508,-1,375.000,-1,375.000,-1,325.000,325.000,300.000,300.000,-1,-1,-1,-1,700.000,700.000,-1,-1,2,0,2,0,2,0,0,0,0,2,2,2,2,0,0,2,2
104,-5604.450,-7871.060,8.693,33.958,0.829513,-0.558453,0.006239,0.558439,0.829241,-0.022454,0.007366,0.022110,0.999728,0,0.84820,0.75521,50.892,1.510,-1,375.000,-1,375.000,-1,325.000,325.000,300.000,300.000,-1,-1,850.000,-1,700.000,725.000,-1,-1,2,0,2,0,2,0,0,0,0,2,2,0,2,0,0,2,2
105,-5563.141,-7841.625,9.050,35.472,0.814492,-0.580148,0.005528,0.580096,0.814188,-0.024233,0.009558,0.022944,0.999691,0,0.84538,0.75671,50.723,1.513,-1,375.000,-1,400.000,-1,325.000,325.000,300.000,300.000,-1,875.000,700.000,-1,700.000,725.000,-1,-1,2,0,2,0,2,0,0,0,0,2,0,0,2,0,0,2,2
106,-5519.341,-7808.923,9.483,36.745,0.801417,-0.598086,0.004832,0.597990,0.801076,-0.026171,0.011781,0.023863,0.999646,0,0.91102,0.63671,54.661,1.273,-1,375.000,-1,375.000,-1,325.000,325.000,300.000,300.000,-1,750.000,600.000,-1,700.000,725.000,-1,-1,2,0,2,0,2,0,0,0,0,2,0,0,2,0,0,2,2
107,-5476.235,-7775.513,10.121,37.779,0.790512,-0.612432,0.004205,0.612299,0.790153,-0.027364,0.013436,0.024207,0.999617,0,0.90896,0.51671,54.538,1.033,-1,375.000,-1,375.000,-1,325.000,325.000,300.000,300.000,-1,700.000,600.000,-1,725.000,725.000,-1,-1,2,0,2,0,2,0,0,0,0,2,0,0,2,0,0,2,2
108,-5433.666,-7741.564,10.895,38.572,0.781963,-0.623315,0.003597,0.623151,0.781596,-0.028107,0.014708,0.024220,0.999598,0,0.90748,0.39671,54.449,0.793,-1,375.000,-1,375.000,-1,325.000,325.000,300.000,300.000,-1,700.000,600.000,-1,725.000,725.000,-1,-1,2,0,2,0,2,0,0,0,0,2,0,0,2,0,0,2,2
109,-5391.469,-7707.240,11.710,39.125,0.775912,-0.630834,0.002988,0.630642,0.775538,-0.028825,0.015867,0.024250,0.999580,0,0.90657,0.27671,54.394,0.553,-1,375.000,-1,375.000,-1,325.000,325.000,300.000,300.000,-1,700.000,625.000,-1,725.000,725.000,-1,-1,2,0,2,0,2,0,0,0,0,2,0,0,2,0,0,2,2
110,-5349.478,-7672.701,12.554,39.439,0.772454,-0.635066,0.002373,0.634845,0.772075,-0.029549,0.016933,0.024332,0.999561,0,0.90618,0.15671,54.371,0.313,-1,375.000,-1,375.000,-1,325.000,325.000,300.000,300.000,-1,725.000,650.000,-1,725.000,725.000,-1,-1,2,0,2,0,2,0,0,0,0,2,0,0,2,0,0,2,2
111,-5307.562,-7638.060,13.491,39.571,0.770988,-0.636848,0.001440,0.636592,0.770609,-0.030208,0.018128,0.024207,0.999543,0,0.90629,0.06611,54.377,0.132,-1,375.000,-1,375.000,-1,325.000,325.000,300.000,300.000,-1,725.000,650.000,-1,750.000,725.000,-1,-1,2,0,2,0,2,0,0,0,0,2,0,0,2,0,0,2,2
112,-5265.708,-7603.298,14.528,39.711,0.769424,-0.638738,0.000176,0.638440,0.769056,-0.030798,0.019536,0.023809,0.999526,0,0.90680,0.07012,54.408,0.140,-1,375.000,-1,375.000,-1,325.000,325.000,300.000,300.000,-1,725.000,650.000,-1,750.000,725.000,-1,-1,2,0,2,0,2,0,0,0,0,2,0,0,2,0,0,2,2
113,-5223.907,-7568.397,15.576,39.860,0.767760,-0.640737,-0.001000,0.640397,0.767401,-0.031406,0.020891,0.023472,0.999506,0,0.90758,0.07435,54.455,0.149,-1,375.000,-1,375.000,-1,325.000,325.000,300.000,300.000,-1,700.000,675.000,-1,750.000,750.000,-1,-1,2,0,2,0,2,0,0,0,0,2,0,0,2,0,0,2,2
114,-5182.154,-7533.341,16.743,40.018,0.765987,-0.642852,-0.002284,0.642468,0.765644,-0.031995,0.022317,0.023040,0.999485,0,0.90864,0.07878,54.519,0.158,-1,400.000,-1,400.000,-1,325.000,325.000,300.000,300.000,-1,700.000,675.000,-1,775.000,750.000,-1,-1,2,0,2,0,2,0,0,0,0,2,0,0,2,0,0,2,2
115,-5140.442,-7498.111,18.017,40.184,0.764110,-0.645079,-0.003038,0.644661,0.763769,-0.032692,0.023409,0.023022,0.999461,0,0.90998,0.08342,54.599,0.167,-1,400.000,-1,400.000,-1,325.000,325.000,300.000,300.000,-1,700.000,700.000,-1,775.000,775.000,-1,-1,2,0,2,0,2,0,0,0,0,2,0,0,2,0,0,2,2
116,-5098.765,-7462.689,19.332,40.361,0.762121,-0.647425,-0.003476,0.646978,0.761774,-0.033450,0.024304,0.023244,0.999434,0,0.91160,0.08826,54.696,0.177,-1,400.000,-1,400.000,-1,325.000,325.000,300.000,300.000,-1,700.000,700.000,-1,800.000,775.000,-1,-1,2,0,2,0,2,0,0,0,0,2,0,0,2,0,0,2,2
117,-5060.268,-7429.486,20.557,40.777,0.757397,-0.652943,-0.003774,0.652469,0.757044,-0.034185,0.025178,0.023429,0.999408,0,0.84730,0.20826,50.838,0.417,-1,400.000,-1,400.000,-1,325.000,325.000,300.000,300.000,-1,725.000,725.000,-1,800.000,775.000,-1,-1,2,0,2,0,2,0,0,0,0,2,0,0,2,0,0,2,2
118,-5022.065,-7395.765,21.789,41.434,0.749871,-0.661572,-0.003951,0.661070,0.749510,-0.034953,0.026085,0.023598,0.999381,0,0.84926,0.32826,50.956,0.657,-1,400.000,-1,400.000,-1,325.000,325.000,300.000,300.000,-1,725.000,725.000,-1,825.000,800.000,-1,-1,2,0,2,0,2,0,0,0,0,2,0,0,2,0,0,2,2
119,-4984.297,-7361.361,23.034,42.330,0.739435,-0.673216,-0.003989,0.672686,0.739064,-0.035751,0.027017,0.023752,0.999353,0,0.85148,0.44826,51.089,0.897,-1,400.000,-1,400.000,-1,325.000,325.000,300.000,300.000,-1,750.000,750.000,-1,825.000,800.000,-1,-1,2,0,2,0,2,0,0,0,0,2,0,0,2,0,0,2,2
120,-4947.108,-7326.111,24.254,43.467,0.725944,-0.687743,-0.003888,0.687191,0.725566,-0.036371,0.027835,0.023731,0.999331,0,0.85401,0.56826,51.241,1.137,-1,400.000,-1,400.000,-1,325.000,325.000,300.000,300.000,-1,775.000,775.000,-1,825.000,825.000,-1,-1,2,0,2,0,2,0,0,0,0,2,0,0,2,0,0,2,2
121,-4910.653,-7289.855,25.426,44.844,0.709218,-0.704980,-0.003662,0.704416,0.708841,-0.036654,0.028436,0.023416,0.999321,0,0.85690,0.68826,51.414,1.377,-1,400.000,-1,400.000,-1,325.000,325.000,300.000,300.000,-1,825.000,825.000,-1,850.000,825.000,-1,-1,2,0,2,0,2,0,0,0,0,2,0,0,2,0,0,2,2
122,-4875.181,-7252.528,26.564,46.460,0.689050,-0.724706,-0.003325,0.724140,0.688681,-0.036601,0.028815,0.022812,0.999324,0,0.85823,0.80826,51.494,1.617,-1,400.000,-1,400.000,-1,325.000,325.000,300.000,300.000,-1,850.000,875.000,-1,850.000,825.000,-1,-1,2,0,2,0,2,0,0,0,0,2,0,0,2,0,0,2,2
123,-4840.806,-7214.187,27.877,48.122,0.667732,-0.744395,-0.002999,0.743852,0.667389,-0.035728,0.028597,0.021626,0.999357,0,0.85823,0.83103,51.494,1.662,-1,400.000,-1,400.000,-1,325.000,325.000,300.000,300.000,-1,950.000,975.000,-1,850.000,850.000,-1,-1,2,0,2,0,2,0,0,0,0,2,0,0,2,0,0,2,2
124,-4807.558,-7174.866,29.180,49.784,0.645854,-0.763457,-0.002590,0.762936,0.645532,-0.034893,0.028312,0.020560,0.999388,0,0.85823,0.83103,51.494,1.662,-1,400.000,-1,400.000,-1,325.000,325.000,300.000,300.000,-1,-1,-1,-1,850.000,850.000,-1,-1,2,0,2,0,2,0,0,0,0,2,2,2,2,0,0,2,2
125,-4775.465,-7134.597,30.488,51.446,0.623432,-0.781874,-0.002114,0.781379,0.623129,-0.034027,0.027921,0.019562,0.999419,0,0.85823,0.83103,51.494,1.662,-1,400.000,-1,400.000,-1,325.000,325.000,300.000,300.000,-1,-1,-1,-1,850.000,850.000,-1,-1,2,0,2,0,2,0,0,0,0,2,2,2,2,0,0,2,2
126,-4744.553,-7093.414,31.868,53.108,0.600482,-0.799637,-0.001655,0.799175,0.600203,-0.032814,0.027233,0.018382,0.999460,0,0.85823,0.83103,51.494,1.662,-1,400.000,-1,400.000,-1,325.000,325.000,300.000,300.000,-1,-1,-1,-1,850.000,850.000,-1,-1,2,0,2,0,2,0,0,0,0,2,2,2,2,0,0,2,2
127,-4714.786,-7051.258,33.234,54.774,0.576975,-0.816761,-0.001130,0.816331,0.576716,-0.031661,0.026511,0.017345,0.999498,0,0.86011,0.83286,51.606,1.666,-1,400.000,-1,400.000,-1,325.000,325.000,300.000,300.000,-1,-1,-1,-1,850.000,850.000,-1,-1,2,0,2,0,2,0,0,0,0,2,2,2,2,0,0,2,2
128,-4686.132,-7008.054,34.566,56.447,0.552879,-0.833262,-0.000421,0.832866,0.552631,-0.030548,0.025687,0.016539,0.999533,0,0.86405,0.83652,51.843,1.673,-1,400.000,-1,400.000,-1,325.000,325.000,300.000,300.000,-1,-1,-1,-1,850.000,850.000,-1,-1,2,0,2,0,2,0,0,0,0,2,2,2,2,0,0,2,2
129,-4658.627,-6963.819,35.824,58.127,0.528211,-0.849113,0.000661,0.848756,0.527965,-0.029439,0.024648,0.016111,0.999566,0,0.86814,0.84011,52.089,1.680,-1,400.000,-1,400.000,-1,325.000,325.000,300.000,300.000,-1,-1,-1,-1,850.000,850.000,-1,-1,2,0,2,0,2,0,0,0,0,2,2,2,2,0,0,2,2
130,-4632.309,-6918.573,37.073,59.815,0.502984,-0.864294,0.001819,0.863974,0.502738,-0.028345,0.023583,0.015829,0.999597,0,0.87240,0.84360,52.344,1.687,-1,400.000,-1,400.000,-1,325.000,325.000,300.000,300.000,-1,-1,-1,-1,850.000,850.000,-1,-1,2,0,2,0,2,0,0,0,0,2,2,2,2,0,0,2,2
131,-4607.213,-6872.336,38.304,61.509,0.477218,-0.878779,0.003095,0.878497,0.476969,-0.027252,0.022472,0.015724,0.999624,0,0.87681,0.84701,52.608,1.694,-1,400.000,-1,400.000,-1,325.000,325.000,300.000,300.000,-1,-1,-1,-1,825.000,850.000,-1,-1,2,0,2,0,2,0,0,0,0,2,2,2,2,0,0,2,2
132,-4583.377,-6825.131,39.531,63.209,0.450932,-0.892547,0.004424,0.892303,0.450679,-0.026163,0.021358,0.015746,0.999648,0,0.88137,0.85032,52.882,1.701,-1,400.000,-1,400.000,-1,325.000,325.000,300.000,300.000,-1,-1,-1,-1,825.000,850.000,-1,-1,2,0,2,0,2,0,0,0,0,2,2,2,2,0,0,2,2
133,-4560.838,-6776.979,40.757,64.916,0.424147,-0.905575,0.005804,0.905367,0.423889,-0.025075,0.020247,0.015890,0.999669,0,0.88609,0.85354,53.166,1.707,975.000,400.000,-1,400.000,-1,325.000,325.000,300.000,300.000,-1,-1,-1,-1,825.000,850.000,-1,-1,1,0,2,0,2,0,0,0,0,2,2,2,2,0,0,2,2
134,-4539.633,-6727.907,41.974,66.630,0.396885,-0.917840,0.007186,0.917668,0.396623,-0.023993,0.019171,0.016117,0.999686,0,0.89097,0.85666,53.458,1.713,950.000,400.000,-1,400.000,-1,325.000,325.000,300.000,300.000,-1,-1,-1,-1,825.000,850.000,-1,-1,1,0,2,0,2,0,0,0,0,2,2,2,2,0,0,2,2
