timestep,x_cm,y_cm,z_cm,yaw_deg,basis_xx,basis_xy,basis_xz,basis_yx,basis_yy,basis_yz,basis_zx,basis_zy,basis_zz,teleport_flag,throttle_cmd,steering_cmd,cmd_move_cm,cmd_turn_deg,lidar_cm_0,lidar_cm_1,lidar_cm_2,lidar_cm_3,lidar_cm_4,lidar_cm_5,lidar_cm_6,lidar_cm_7,lidar_cm_8,lidar_cm_9,lidar_cm_10,lidar_cm_11,lidar_cm_12,lidar_cm_13,lidar_cm_14,lidar_cm_15,lidar_cm_16,lidar_class_0,lidar_class_1,lidar_class_2,lidar_class_3,lidar_class_4,lidar_class_5,lidar_class_6,lidar_class_7,lidar_class_8,lidar_class_9,lidar_class_10,lidar_class_11,lidar_class_12,lidar_class_13,lidar_class_14,lidar_class_15,lidar_class_16
0,-8855.032,8850.285,216.209,-89.901,0.002501,0.996311,-0.085778,-0.999957,0.001725,-0.009128,-0.008946,0.085797,0.996272,1,0.08000,0.12000,4.800,0.240,200.000,325.000,-1,500.000,-1,350.000,425.000,425.000,275.000,-1,275.000,125.000,-1,525.000,950.000,225.000,-1,1,1,2,0,2,1,0,1,0,2,0,0,2,1,0,1,2
1,-8854.932,8840.686,216.144,-89.421,0.010745,0.996038,-0.088276,-0.999916,0.010069,-0.008101,-0.007180,0.088356,0.996063,0,0.16000,0.24000,9.600,0.480,200.000,325.000,-1,500.000,-1,350.000,425.000,425.000,275.000,-1,275.000,100.000,-1,525.000,950.000,225.000,-1,1,1,2,0,2,1,0,1,0,2,0,0,2,1,0,1,2
2,-8854.601,8826.290,216.071,-88.701,0.023086,0.995478,-0.092145,-0.999724,0.022576,-0.006573,-0.004463,0.092271,0.995724,0,0.24000,0.36000,14.400,0.720,200.000,325.000,-1,500.000,-1,350.000,425.000,425.000,275.000,-1,275.000,100.000,975.000,525.000,975.000,225.000,-1,1,1,2,0,2,1,0,1,0,2,0,0,0,1,0,1,2
3,-8853.837,8807.106,216.017,-87.741,0.039490,0.994448,-0.097535,-0.999220,0.039232,-0.004565,-0.000713,0.097639,0.995222,0,0.32000,0.48000,19.200,0.960,200.000,325.000,-1,500.000,-1,350.000,450.000,425.000,250.000,-1,250.000,100.000,775.000,525.000,975.000,225.000,-1,1,1,2,0,2,1,0,1,0,2,0,0,0,1,0,1,2
4,-8852.378,8783.152,216.024,-86.541,0.059898,0.992703,-0.104653,-0.998196,0.060007,-0.002116,0.004179,0.104591,0.994507,0,0.40000,0.60000,24.000,1.200,175.000,325.000,-1,525.000,-1,350.000,450.000,425.000,250.000,-1,250.000,75.000,650.000,525.000,1000.000,200.000,-1,1,1,2,0,2,1,0,1,0,2,0,0,0,1,1,1,2
5,-8849.905,8754.460,216.142,-85.101,0.084221,0.989931,-0.113771,-0.996393,0.084853,0.000711,0.010358,0.113301,0.993507,0,0.48000,0.72000,28.800,1.440,175.000,300.000,-1,525.000,-1,325.000,475.000,425.000,250.000,-1,225.000,75.000,575.000,525.000,1000.000,200.000,-1,1,1,2,0,2,1,1,1,0,2,0,0,0,1,1,1,2
6,-8846.037,8721.085,216.436,-83.421,0.112324,0.985749,-0.125231,-0.993509,0.113692,0.003811,0.017994,0.123990,0.992120,0,0.56000,0.84000,33.600,1.680,175.000,300.000,-1,550.000,-1,325.000,450.000,450.000,250.000,-1,225.000,50.000,500.000,525.000,975.000,175.000,-1,1,1,2,0,2,1,1,1,0,2,0,0,0,1,1,1,2
7,-8840.337,8683.114,216.986,-81.501,0.144008,0.979702,-0.139450,-0.989200,0.146403,0.007021,0.027294,0.136932,0.990204,0,0.64000,0.96000,38.400,1.920,150.000,300.000,-1,550.000,-1,325.000,450.000,500.000,250.000,-1,200.000,50.000,425.000,525.000,975.000,175.000,-1,1,1,2,0,2,1,1,1,0,2,0,0,0,1,1,1,2
8,-8832.433,8640.646,217.864,-79.501,0.176277,0.971797,-0.156640,-0.983593,0.180098,0.010429,0.038346,0.152232,0.987601,0,0.72000,1.00000,43.200,2.000,150.000,300.000,-1,575.000,-1,325.000,425.000,600.000,250.000,-1,200.000,25.000,350.000,525.000,950.000,175.000,-1,1,1,2,0,2,1,1,1,0,2,0,0,0,1,1,1,2
9,-8199.144,3607.620,105.922,-128.434,-0.620771,0.782487,-0.048555,-0.783741,-0.620948,0.013180,-0.019837,0.046236,0.998734,1,0.00000,0.00000,48.000,2.000,1000.000,375.000,-1,400.000,-1,325.000,325.000,300.000,300.000,-1,-1,-1,-1,675.000,775.000,-1,-1,1,0,2,0,2,0,0,0,0,2,2,2,2,0,0,2,2
10,-8202.112,3603.847,105.850,-128.194,-0.617491,0.785078,-0.048550,-0.786333,-0.617662,0.013208,-0.019618,0.046333,0.998733,0,0.08000,0.12000,4.800,0.240,1000.000,375.000,-1,400.000,-1,325.000,325.000,300.000,300.000,-1,-1,-1,-1,675.000,775.000,-1,-1,1,0,2,0,2,0,0,0,0,2,2,2,2,0,0,2,2
11,-8207.994,3596.261,105.703,-127.790,-0.611943,0.789411,-0.048547,-0.790668,-0.612101,0.013273,-0.019238,0.046507,0.998733,0,0.16000,0.20217,9.600,0.404,1000.000,375.000,-1,400.000,-1,325.000,325.000,300.000,300.000,-1,-1,-1,-1,675.000,775.000,-1,-1,1,0,2,0,2,0,0,0,0,2,2,2,2,0,0,2,2
12,-8216.737,3584.819,105.474,-127.384,-0.606350,0.793714,-0.048558,-0.794975,-0.606494,0.013392,-0.018821,0.046723,0.998731,0,0.24000,0.20271,14.400,0.405,975.000,375.000,-1,400.000,-1,325.000,325.000,300.000,300.000,-1,-1,-1,-1,675.000,775.000,-1,-1,1,0,2,0,2,0,0,0,0,2,2,2,2,0,0,2,2
13,-8228.286,3569.480,105.153,-126.977,-0.600702,0.797995,-0.048580,-0.799262,-0.600830,0.013561,-0.018366,0.046974,0.998727,0,0.32000,0.20362,19.200,0.407,975.000,375.000,-1,400.000,-1,325.000,325.000,300.000,300.000,-1,-1,-1,-1,675.000,775.000,-1,-1,1,0,2,0,2,0,0,0,0,2,2,2,2,0,0,2,2
14,-8242.584,3550.205,104.740,-126.567,-0.594991,0.802261,-0.048614,-0.803534,-0.595098,0.013805,-0.017854,0.047277,0.998722,0,0.40000,0.20491,24.000,0.410,950.000,375.000,-1,400.000,-1,325.000,325.000,300.000,300.000,-1,-1,-1,-1,675.000,775.000,-1,-1,1,0,2,0,2,0,0,0,0,2,2,2,2,0,0,2,2
15,-8259.574,3526.950,104.228,-126.154,-0.589204,0.806518,-0.048658,-0.807800,-0.589287,0.014139,-0.017270,0.047637,0.998715,0,0.48000,0.20659,28.800,0.413,925.000,375.000,-1,400.000,-1,325.000,325.000,300.000,300.000,-1,-1,-1,-1,675.000,775.000,-1,-1,1,0,2,0,2,0,0,0,0,2,2,2,2,0,0,2,2
16,-8279.198,3499.677,103.636,-125.737,-0.583325,0.810768,-0.048861,-0.812067,-0.583382,0.014571,-0.016691,0.048178,0.998699,0,0.56000,0.20867,33.600,0.417,900.000,375.000,-1,400.000,-1,325.000,325.000,300.000,300.000,-1,-1,-1,-1,675.000,775.000,1000.000,-1,1,0,2,0,2,0,0,0,0,2,2,2,2,0,0,1,2
17,-8301.395,3468.342,103.042,-125.314,-0.577325,0.815003,-0.049663,-0.816350,-0.577360,0.015092,-0.016374,0.049255,0.998652,0,0.64000,0.21116,38.400,0.422,875.000,375.000,-1,400.000,-1,325.000,325.000,300.000,300.000,-1,-1,-1,-1,650.000,750.000,975.000,-1,1,0,2,0,2,0,0,0,0,2,2,2,2,0,0,1,2
18,-8326.103,3432.905,102.347,-124.886,-0.571209,0.819243,-0.050614,-0.820648,-0.571217,0.015737,-0.016019,0.050526,0.998594,0,0.72000,0.21409,43.200,0.428,850.000,375.000,-1,400.000,-1,325.000,325.000,300.000,300.000,-1,-1,-1,-1,650.000,750.000,925.000,-1,1,0,2,0,2,0,0,0,0,2,2,2,2,0,0,1,2
19,-8353.256,3393.324,101.540,-124.451,-0.564964,0.823493,-0.051725,-0.824968,-0.564938,0.016526,-0.015612,0.052008,0.998525,0,0.80000,0.21749,48.000,0.435,800.000,375.000,-1,400.000,-1,325.000,325.000,300.000,300.000,-1,-1,-1,-1,650.000,725.000,900.000,-1,1,0,2,0,2,0,0,0,0,2,2,2,2,0,0,1,2
20,-8382.344,3350.208,100.808,-124.008,-0.558597,0.827726,-0.053277,-0.829312,-0.558484,0.018384,-0.014537,0.054452,0.998411,0,0.86684,0.22139,52.011,0.443,775.000,375.000,-1,400.000,-1,300.000,325.000,300.000,300.000,-1,-1,-1,-1,650.000,725.000,850.000,-1,1,0,2,0,2,0,0,0,0,2,2,2,2,0,0,1,2
21,-8411.211,3306.685,100.218,-123.557,-0.552103,0.831946,-0.055211,-0.833678,-0.551841,0.021272,-0.012770,0.057773,0.998248,0,0.87045,0.22576,52.227,0.452,750.000,375.000,-1,400.000,-1,300.000,325.000,300.000,300.000,-1,-1,-1,-1,650.000,700.000,825.000,-1,1,0,2,0,2,0,0,0,0,2,2,2,2,0,0,1,2
22,-8439.841,3262.755,99.600,-123.096,-0.545456,0.836180,-0.057271,-0.838069,-0.545022,0.024326,-0.010873,0.061265,0.998062,0,0.87392,0.23028,52.435,0.461,700.000,375.000,-1,400.000,-1,300.000,325.000,300.000,300.000,-1,-1,-1,-1,650.000,700.000,800.000,-1,1,0,2,0,2,0,0,0,0,2,2,2,2,0,0,1,2
23,-8468.217,3218.424,98.953,-122.626,-0.538653,0.840427,-0.059462,-0.842481,-0.538021,0.027541,-0.008845,0.064930,0.997851,0,0.87725,0.23495,52.635,0.470,675.000,375.000,-1,375.000,-1,300.000,325.000,300.000,300.000,-1,-1,-1,-1,650.000,700.000,775.000,-1,1,0,2,0,2,0,0,0,0,2,2,2,2,1,0,1,2
24,-8496.322,3173.697,98.643,-122.147,-0.531653,0.844760,-0.061038,-0.846930,-0.530880,0.029613,-0.007388,0.067439,0.997696,0,0.88041,0.23978,52.825,0.480,650.000,375.000,-1,375.000,-1,300.000,300.000,300.000,300.000,-1,-1,-1,-1,625.000,675.000,750.000,-1,1,0,2,0,2,0,0,0,0,2,2,2,2,1,0,1,2
25,-8524.139,3128.580,98.453,-121.657,-0.524462,0.849140,-0.062462,-0.851412,-0.523565,0.031273,-0.006147,0.069582,0.997557,0,0.88339,0.24478,53.003,0.490,625.000,375.000,-1,375.000,-1,300.000,300.000,300.000,300.000,-1,-1,-1,-1,625.000,675.000,700.000,-1,1,0,2,0,2,0,0,0,0,2,2,2,2,1,0,1,2
26,-8551.647,3083.079,98.525,-121.157,-0.517140,0.853600,-0.062710,-0.855891,-0.516091,0.033178,-0.004044,0.070830,0.997480,0,0.88617,0.24996,53.170,0.500,575.000,375.000,-1,375.000,-1,300.000,300.000,300.000,300.000,-1,-1,825.000,-1,625.000,675.000,675.000,-1,1,0,2,0,2,0,0,0,0,2,2,0,2,1,0,1,2
27,-8578.828,3037.203,98.996,-120.647,-0.509702,0.858175,-0.061149,-0.860351,-0.508468,0.035447,-0.000672,0.070677,0.997499,0,0.88873,0.25533,53.324,0.511,550.000,375.000,-1,375.000,-1,300.000,300.000,300.000,300.000,-1,-1,650.000,-1,625.000,675.000,675.000,-1,1,0,2,0,2,0,0,0,0,2,2,0,2,1,0,1,2
28,-8607.494,2987.342,99.540,-119.896,-0.498631,0.864775,-0.059420,-0.866808,-0.497188,0.038053,0.003364,0.070480,0.997508,0,0.95857,0.37533,57.514,0.751,525.000,375.000,-1,375.000,-1,300.000,300.000,300.000,300.000,-1,800.000,575.000,-1,625.000,675.000,650.000,-1,1,0,2,0,2,0,0,0,0,2,0,0,2,1,0,1,2
29,-8635.365,2936.864,100.136,-118.905,-0.483834,0.873257,-0.057670,-0.875124,-0.482171,0.040856,0.007871,0.070236,0.997499,0,0.96104,0.49533,57.662,0.991,475.000,375.000,-1,375.000,-1,300.000,300.000,300.000,300.000,-1,675.000,550.000,-1,625.000,675.000,625.000,-1,1,1,2,0,2,0,0,0,0,2,0,0,2,1,0,1,2
30,-8662.216,2885.664,100.804,-117.675,-0.465209,0.883429,-0.055984,-0.885108,-0.463313,0.043881,0.012828,0.069965,0.997467,0,0.96357,0.61533,57.814,1.231,450.000,375.000,-1,375.000,-1,300.000,300.000,300.000,300.000,-1,600.000,500.000,-1,650.000,700.000,575.000,-1,1,1,2,0,2,0,0,0,0,2,0,0,2,1,0,1,2
31,-8687.814,2833.649,101.558,-116.204,-0.442637,0.895048,-0.054418,-0.896515,-0.440496,0.047153,0.018233,0.069658,0.997404,0,0.96621,0.73533,57.973,1.471,425.000,375.000,-1,375.000,-1,300.000,300.000,300.000,325.000,-1,500.000,425.000,-1,650.000,700.000,550.000,-1,1,1,2,0,2,0,0,0,0,2,0,0,2,1,0,1,2
32,-8711.918,2780.740,102.411,-114.493,-0.415989,0.907822,-0.053036,-0.909051,-0.413591,0.050691,0.024084,0.069300,0.997305,0,0.96903,0.85533,58.142,1.711,375.000,350.000,-1,375.000,-1,300.000,325.000,300.000,325.000,-1,400.000,350.000,-1,650.000,700.000,500.000,-1,1,1,2,0,2,0,0,0,0,2,0,0,2,1,0,1,2
33,-8734.472,2726.955,103.651,-112.752,-0.388461,0.919921,-0.053324,-0.921004,-0.385785,0.054058,0.029158,0.070111,0.997113,0,0.97206,0.87088,58.323,1.742,350.000,350.000,-1,375.000,-1,300.000,325.000,300.000,325.000,-1,375.000,325.000,-1,650.000,700.000,450.000,-1,1,1,2,0,2,0,0,0,0,2,0,0,2,1,0,1,2
34,-8755.430,2672.340,105.990,-111.000,-0.360692,0.930973,-0.056477,-0.931960,-0.357363,0.061177,0.036771,0.074700,0.996528,0,0.97498,0.87590,58.499,1.752,325.000,375.000,-1,375.000,-1,325.000,325.000,300.000,300.000,-1,325.000,275.000,-1,650.000,725.000,425.000,-1,1,1,2,0,2,0,0,0,0,2,0,0,2,1,0,1,2
35,-8774.748,2616.949,109.430,-109.238,-0.332835,0.940902,-0.062648,-0.941798,-0.328348,0.072143,0.047309,0.083013,0.995425,0,0.97772,0.88112,58.663,1.762,325.000,375.000,-1,400.000,-1,325.000,325.000,325.000,300.000,-1,300.000,250.000,975.000,675.000,750.000,450.000,-1,1,1,2,0,2,0,0,0,0,2,0,0,0,1,0,1,2
36,-8792.388,2560.842,113.078,-107.464,-0.304576,0.949986,-0.068995,-0.950770,-0.298880,0.081896,0.057179,0.090542,0.994250,0,0.98025,0.88658,58.815,1.773,325.000,400.000,-1,400.000,-1,350.000,350.000,350.000,300.000,-1,275.000,225.000,925.000,725.000,775.000,475.000,-1,1,1,2,0,2,0,0,0,0,2,0,0,0,1,0,1,2
37,-8808.312,2504.083,117.608,-105.680,-0.275689,0.958424,-0.073611,-0.959021,-0.269035,0.088874,0.065375,0.095096,0.993319,0,0.98252,0.89231,58.951,1.785,325.000,400.000,-1,425.000,-1,350.000,350.000,375.000,275.000,-1,300.000,250.000,900.000,725.000,800.000,450.000,-1,1,1,2,0,2,0,0,0,0,2,0,0,0,1,0,1,2
38,-8822.478,2446.738,122.373,-103.883,-0.246427,0.965991,-0.078326,-0.966349,-0.238756,0.095736,0.073780,0.099282,0.992320,0,0.98450,0.89834,59.070,1.797,300.000,400.000,-1,425.000,-1,375.000,350.000,350.000,275.000,-1,325.000,250.000,850.000,750.000,850.000,425.000,-1,1,1,2,0,2,0,0,1,0,2,0,0,0,1,0,1,2
39,-8834.845,2388.878,127.317,-102.074,-0.216827,0.972619,-0.083651,-0.972740,-0.208043,0.102440,0.082232,0.103583,0.991216,0,0.98612,0.90471,59.167,1.809,300.000,400.000,-1,450.000,-1,375.000,375.000,325.000,275.000,-1,325.000,275.000,825.000,750.000,900.000,425.000,-1,1,1,2,0,2,0,0,1,0,2,0,0,0,1,0,1,2
40,-8845.377,2330.582,132.470,-100.251,-0.186936,0.978266,-0.089719,-0.978163,-0.176912,0.109083,0.090840,0.108152,0.989975,0,0.98734,0.91146,59.241,1.823,275.000,425.000,-1,450.000,-1,400.000,375.000,300.000,275.000,-1,325.000,225.000,775.000,750.000,950.000,400.000,-1,1,1,2,0,2,0,0,1,0,2,0,0,0,1,0,1,2
41,-8854.041,2271.934,137.863,-98.413,-0.156809,0.982886,-0.096678,-0.982583,-0.145376,0.115747,0.099711,0.113145,0.988563,0,0.98809,0.91863,59.286,1.837,250.000,425.000,-1,475.000,-1,425.000,400.000,300.000,275.000,-1,300.000,175.000,750.000,750.000,-1,375.000,-1,1,1,2,0,2,0,0,1,0,2,0,0,0,1,2,1,2
42,-8860.803,2213.023,143.529,-96.561,-0.126511,0.986425,-0.104690,-0.985964,-0.113452,0.122490,0.108950,0.118717,0.986933,0,0.98830,0.92625,59.298,1.853,250.000,425.000,-1,500.000,-1,450.000,425.000,275.000,275.000,-1,275.000,150.000,725.000,725.000,-1,425.000,-1,1,1,2,0,2,0,0,1,0,2,0,0,0,1,2,1,2
43,-8865.637,2153.948,149.496,-94.692,-0.096118,0.988828,-0.113929,-0.988272,-0.081161,0.129347,0.118656,0.125025,0.985033,0,0.98790,0.93439,59.274,1.869,225.000,425.000,-1,525.000,-1,475.000,450.000,275.000,275.000,-1,250.000,125.000,675.000,725.000,-1,475.000,-1,1,1,2,0,2,0,0,1,0,2,0,0,0,1,2,1,2
44,-8868.518,2094.812,155.794,-92.806,-0.065716,0.990032,-0.124575,-0.989475,-0.048525,0.136323,0.128919,0.132223,0.982801,0,0.98679,0.94307,59.208,1.886,200.000,425.000,-1,550.000,-1,475.000,475.000,250.000,250.000,-1,250.000,100.000,575.000,725.000,-1,525.000,-1,1,1,2,0,2,1,0,1,0,2,0,0,0,1,2,1,2
45,-8869.426,2035.726,162.447,-90.901,-0.035408,0.989964,-0.136813,-0.989544,-0.015576,0.143391,0.139821,0.140460,0.980164,0,0.98491,0.95232,59.095,1.905,200.000,425.000,-1,575.000,-1,475.000,500.000,250.000,250.000,-1,225.000,100.000,500.000,725.000,-1,550.000,-1,1,1,2,0,2,1,0,1,0,2,0,0,0,1,2,1,2
46,5575.422,-6231.355,-419.815,153.495,-0.894403,-0.446263,0.029868,0.445682,-0.894862,-0.024285,0.037565,-0.008409,0.999259,1,0.00000,0.00000,58.930,1.924,425.000,375.000,-1,400.000,-1,325.000,325.000,300.000,300.000,-1,875.000,825.000,-1,475.000,725.000,425.000,-1,1,1,2,0,2,0,0,0,0,2,0,0,2,1,0,1,2
47,5571.136,-6229.195,-419.637,153.255,-0.892526,-0.450008,0.029845,0.449427,-0.892986,-0.024326,0.037598,-0.008299,0.999258,0,0.08000,-0.12000,4.800,-0.240,425.000,375.000,-1,400.000,-1,325.000,325.000,300.000,300.000,-1,900.000,825.000,-1,475.000,725.000,425.000,-1,1,1,2,0,2,0,0,0,0,2,0,0,2,1,0,1,2
48,5562.599,-6224.803,-419.281,152.775,-0.888724,-0.457474,0.029795,0.456894,-0.889186,-0.024410,0.037660,-0.008080,0.999258,0,0.16000,-0.24000,9.600,-0.480,400.000,375.000,-1,400.000,-1,325.000,325.000,300.000,300.000,-1,900.000,850.000,-1,450.000,725.000,400.000,-1,1,1,2,0,2,0,0,0,0,2,0,0,2,1,0,1,2
49,5549.859,-6218.092,-418.740,152.224,-0.884283,-0.466006,0.029706,0.465426,-0.884746,-0.024542,0.037719,-0.007876,0.999257,0,0.24000,-0.27554,14.400,-0.551,400.000,375.000,-1,400.000,-1,325.000,325.000,300.000,300.000,-1,925.000,875.000,-1,450.000,725.000,400.000,-1,1,1,2,0,2,0,0,0,0,2,0,0,2,1,0,1,2
50,5532.956,-6208.986,-418.015,151.686,-0.879875,-0.474284,0.029574,0.473703,-0.880338,-0.024724,0.037762,-0.007745,0.999257,0,0.32000,-0.26870,19.200,-0.537,375.000,350.000,-1,400.000,-1,325.000,325.000,300.000,300.000,-1,950.000,900.000,-1,450.000,725.000,375.000,-1,1,1,2,0,2,0,0,0,0,2,0,0,2,1,0,1,2
51,5511.931,-6197.411,-417.104,151.165,-0.875530,-0.482268,0.029398,0.481683,-0.875990,-0.024958,0.037789,-0.007691,0.999256,0,0.40000,-0.26043,24.000,-0.521,350.000,350.000,-1,400.000,-1,325.000,325.000,300.000,300.000,-1,975.000,925.000,-1,425.000,725.000,350.000,-1,1,1,2,0,2,0,0,0,0,2,1,0,2,1,0,1,2
52,5486.824,-6183.301,-416.011,150.664,-0.871284,-0.489911,0.029179,0.489321,-0.871738,-0.025241,0.037803,-0.007714,0.999255,0,0.48000,-0.25058,28.800,-0.501,325.000,325.000,-1,400.000,-1,325.000,325.000,300.000,300.000,-1,1000.000,950.000,-1,425.000,725.000,325.000,-1,1,1,2,0,2,1,0,0,0,2,1,0,2,1,0,1,2
53,5457.672,-6166.596,-414.736,150.186,-0.867173,-0.497166,0.028922,0.496569,-0.867620,-0.025571,0.037807,-0.007813,0.999255,0,0.56000,-0.23898,33.600,-0.478,300.000,325.000,-1,400.000,-1,300.000,325.000,300.000,300.000,-1,1000.000,1000.000,-1,400.000,725.000,300.000,-1,1,1,2,0,2,1,0,0,0,2,1,0,2,1,0,1,2
54,5424.505,-6147.242,-413.231,149.735,-0.863234,-0.503978,0.028873,0.503376,-0.863681,-0.025830,0.037954,-0.007763,0.999249,0,0.64000,-0.22545,38.400,-0.451,250.000,300.000,-1,400.000,-1,300.000,325.000,300.000,300.000,-1,-1,-1,-1,400.000,725.000,275.000,-1,1,1,2,0,2,1,0,0,0,2,2,2,2,1,0,1,2
55,5387.353,-6125.197,-411.504,149.316,-0.859516,-0.510288,0.028960,0.509682,-0.859970,-0.026004,0.038175,-0.007590,0.999242,0,0.72000,-0.20973,43.200,-0.419,225.000,275.000,-1,400.000,-1,275.000,325.000,300.000,300.000,-1,-1,-1,-1,375.000,700.000,225.000,-1,1,1,2,1,2,1,1,0,0,2,2,2,2,1,0,1,2
56,5346.238,-6100.427,-409.598,148.933,-0.856079,-0.516027,0.029071,0.515416,-0.856540,-0.026199,0.038420,-0.007445,0.999234,0,0.80000,-0.19154,48.000,-0.383,175.000,275.000,-1,400.000,-1,275.000,300.000,300.000,300.000,-1,-1,-1,-1,350.000,700.000,200.000,-1,1,1,2,1,2,1,1,0,0,2,2,2,2,1,0,1,2
57,5301.172,-6072.912,-403.306,148.592,-0.852025,-0.521105,0.050024,0.520861,-0.853434,-0.018823,0.052501,0.010018,0.998571,0,0.88000,-0.17052,52.800,-0.341,175.000,275.000,-1,425.000,-1,275.000,325.000,350.000,300.000,-1,750.000,650.000,-1,375.000,750.000,175.000,-1,1,1,2,0,2,1,1,0,0,2,0,0,2,1,0,1,2
58,5252.159,-6042.652,-395.925,148.299,-0.847596,-0.525225,0.075631,0.526060,-0.850388,-0.010030,0.069584,0.031285,0.997085,0,0.96000,-0.14627,57.600,-0.293,175.000,300.000,-1,450.000,-1,300.000,350.000,375.000,275.000,-1,425.000,300.000,975.000,450.000,825.000,200.000,-1,1,1,2,0,2,1,1,1,0,2,0,0,0,1,0,1,2
59,5201.230,-6010.923,-388.976,148.063,-0.843275,-0.528315,0.098847,0.530721,-0.847544,-0.002288,0.084986,0.050531,0.995100,0,1.00000,-0.11829,60.000,-0.237,175.000,325.000,-1,475.000,-1,325.000,400.000,350.000,275.000,-1,325.000,200.000,750.000,550.000,875.000,200.000,-1,1,1,2,0,2,1,1,1,0,2,0,0,0,1,0,1,2
60,5150.398,-5979.042,-382.722,147.888,-0.839444,-0.530387,0.118425,0.534554,-0.845124,0.004098,0.097910,0.066745,0.992955,0,1.00000,-0.08723,60.000,-0.174,175.000,375.000,-1,500.000,-1,375.000,450.000,325.000,250.000,-1,275.000,125.000,575.000,750.000,950.000,200.000,-1,1,1,2,0,2,1,0,1,0,2,0,0,0,1,0,1,2
61,5099.625,-5947.065,-377.071,147.780,-0.836344,-0.531472,0.134408,0.537343,-0.843316,0.008964,0.108584,0.079720,0.990886,0,1.00000,-0.05406,60.000,-0.108,175.000,425.000,-1,525.000,-1,475.000,475.000,300.000,250.000,-1,250.000,100.000,475.000,875.000,975.000,225.000,-1,1,1,2,0,2,1,0,1,0,2,0,0,0,1,0,1,2
62,5048.876,-5915.053,-371.931,147.743,-0.834124,-0.531591,0.147130,0.538902,-0.842283,0.011970,0.117562,0.089274,0.989045,0,1.00000,-0.01873,60.000,-0.037,175.000,500.000,-1,525.000,-1,550.000,475.000,250.000,250.000,-1,250.000,75.000,425.000,925.000,-1,300.000,-1,1,1,2,0,2,0,0,1,0,2,0,0,0,1,2,1,2
63,4998.107,-5883.071,-367.380,147.780,-0.832946,-0.530712,0.156667,0.539130,-0.842111,0.013710,0.124654,0.095884,0.987556,0,1.00000,0.01875,60.000,0.037,175.000,550.000,-1,550.000,-1,550.000,500.000,200.000,250.000,-1,225.000,75.000,400.000,950.000,-1,-1,-1,1,1,2,0,2,1,0,1,0,2,0,0,0,1,2,2,2
64,8855.101,5575.434,77.850,-43.492,0.722364,0.687576,0.073684,-0.688939,0.724763,-0.009036,-0.059616,-0.044236,0.997241,1,0.00000,0.00000,60.000,0.117,425.000,375.000,-1,400.000,-1,325.000,325.000,175.000,300.000,-1,-1,-1,-1,575.000,825.000,500.000,-1,1,0,2,0,2,0,0,1,0,2,2,2,2,1,0,1,2
65,8858.597,5572.145,77.578,-43.252,0.725243,0.684542,0.073656,-0.685895,0.727645,-0.009003,-0.059758,-0.043991,0.997243,0,0.08000,0.12000,4.800,0.240,425.000,375.000,-1,400.000,-1,325.000,325.000,175.000,300.000,-1,-1,-1,-1,575.000,825.000,500.000,-1,1,0,2,0,2,0,0,1,0,2,2,2,2,1,0,1,2
66,8865.644,5565.626,77.030,-42.772,0.730963,0.678437,0.073599,-0.679771,0.733370,-0.008935,-0.060037,-0.043500,0.997248,0,0.16000,0.24000,9.600,0.480,425.000,375.000,-1,400.000,-1,325.000,325.000,175.000,300.000,-1,-1,-1,-1,575.000,825.000,500.000,-1,1,0,2,0,2,0,0,1,0,2,2,2,2,1,0,1,2
67,8876.325,5555.968,76.198,-42.119,0.738661,0.670058,0.073505,-0.671367,0.741072,-0.008830,-0.060390,-0.042827,0.997256,0,0.24000,0.32635,14.400,0.653,400.000,375.000,-1,400.000,-1,325.000,325.000,175.000,300.000,-1,-1,-1,-1,550.000,825.000,475.000,-1,1,0,2,0,2,0,0,1,0,2,2,2,2,1,0,1,2
68,8890.712,5543.254,75.047,-41.466,0.746275,0.661592,0.073286,-0.662872,0.748683,-0.008704,-0.060627,-0.042083,0.997273,0,0.32000,0.32642,19.200,0.653,400.000,375.000,-1,400.000,-1,325.000,325.000,175.000,325.000,-1,-1,-1,-1,550.000,825.000,450.000,-1,1,0,2,0,2,0,0,1,0,2,2,2,2,1,0,1,2
69,8908.875,5527.567,73.519,-40.813,0.753824,0.653044,0.072677,-0.654278,0.756206,-0.008606,-0.060579,-0.041064,0.997318,0,0.40000,0.32648,24.000,0.653,375.000,375.000,-1,400.000,-1,325.000,325.000,175.000,325.000,-1,-1,-1,-1,525.000,800.000,450.000,-1,1,1,2,0,2,0,0,1,0,2,2,2,2,1,0,1,2
70,8930.885,5508.993,71.926,-40.160,0.761266,0.644437,0.071934,-0.645541,0.763663,-0.009790,-0.061242,-0.038984,0.997361,0,0.48000,0.32651,28.800,0.653,350.000,375.000,-1,400.000,-1,325.000,325.000,175.000,325.000,-1,-1,-1,-1,525.000,800.000,425.000,-1,1,1,2,0,2,0,0,1,0,2,2,2,2,1,0,1,2
71,8956.807,5487.615,70.689,-39.507,0.768571,0.635805,0.071067,-0.636558,0.771094,-0.014438,-0.063979,-0.034142,0.997367,0,0.56000,0.32647,33.600,0.653,325.000,350.000,-1,400.000,-1,325.000,325.000,175.000,300.000,-1,-1,-1,-1,500.000,775.000,400.000,-1,1,1,2,0,2,0,0,1,0,2,2,2,2,1,0,1,2
72,8986.709,5463.523,69.163,-38.855,0.775783,0.627081,0.070219,-0.627463,0.778409,-0.019223,-0.066713,-0.029147,0.997346,0,0.64000,0.32630,38.400,0.653,300.000,350.000,-1,375.000,-1,325.000,325.000,175.000,300.000,-1,-1,-1,-1,500.000,750.000,350.000,-1,1,1,2,0,2,1,0,1,0,2,2,2,2,1,0,1,2
73,9020.656,5436.804,67.290,-38.203,0.782900,0.618265,0.069397,-0.618281,0.785596,-0.023831,-0.069252,-0.024249,0.997304,0,0.72000,0.32594,43.200,0.652,275.000,325.000,-1,375.000,-1,300.000,300.000,200.000,300.000,-1,-1,-1,-1,475.000,725.000,325.000,-1,1,1,2,0,2,1,0,1,0,2,2,2,2,1,0,1,2
74,9058.709,5407.547,65.000,-37.552,0.789917,0.609365,0.068595,-0.609045,0.792644,-0.027909,-0.071378,-0.019732,0.997254,0,0.80000,0.32531,48.000,0.651,250.000,325.000,-1,375.000,-1,300.000,300.000,200.000,300.000,-1,-1,-1,-1,475.000,700.000,300.000,-1,1,1,2,0,2,1,0,1,0,2,2,2,2,1,0,1,2
75,9100.167,5376.412,63.097,-36.904,0.797149,0.600422,0.063614,-0.599695,0.799585,-0.032102,-0.070139,-0.012559,0.997458,0,0.86412,0.32432,51.847,0.649,225.000,300.000,-1,375.000,-1,275.000,300.000,225.000,300.000,-1,-1,-1,-1,475.000,675.000,275.000,-1,1,1,2,0,2,1,1,1,0,2,2,2,2,1,0,1,2
76,9141.645,5345.986,62.999,-36.258,0.804919,0.591417,0.048275,-0.590212,0.806363,-0.037790,-0.061276,0.001926,0.998119,0,0.85737,0.32291,51.442,0.646,250.000,325.000,-1,400.000,-1,300.000,325.000,250.000,300.000,-1,-1,-1,-1,500.000,700.000,275.000,-1,1,1,2,0,2,1,1,1,0,2,2,2,2,1,0,1,2
77,9183.155,5316.251,62.392,-35.615,0.812262,0.582283,0.034317,-0.580937,0.812862,-0.042034,-0.052371,0.014207,0.998527,0,0.85105,0.32116,51.063,0.642,250.000,325.000,-1,400.000,-1,300.000,325.000,275.000,275.000,-1,-1,925.000,-1,550.000,725.000,300.000,-1,1,1,2,0,2,1,0,1,0,2,2,0,2,1,0,1,2
78,9224.708,5287.182,61.148,-34.977,0.819218,0.573072,0.021685,-0.571803,0.819126,-0.045536,-0.043858,0.024905,0.998727,0,0.84521,0.31911,50.712,0.638,250.000,350.000,-1,425.000,-1,325.000,350.000,275.000,275.000,-1,900.000,550.000,-1,625.000,750.000,325.000,-1,1,1,2,0,2,1,0,1,0,2,0,0,2,1,0,1,2
79,9270.489,5255.787,59.228,-34.444,0.824848,0.565276,0.009450,-0.564283,0.824197,-0.047789,-0.034803,0.034086,0.998813,0,0.92521,0.26644,55.512,0.533,250.000,375.000,-1,425.000,-1,325.000,350.000,275.000,275.000,-1,650.000,350.000,-1,750.000,775.000,375.000,-1,1,1,2,0,2,1,0,1,0,2,0,0,2,1,0,1,2
80,9319.578,5222.816,56.690,-33.891,0.830402,0.557163,-0.001462,-0.556586,0.829417,-0.047755,-0.025395,0.040470,0.998858,0,0.98558,0.27648,59.135,0.553,275.000,375.000,-1,425.000,-1,350.000,350.000,275.000,275.000,-1,475.000,275.000,800.000,825.000,800.000,-1,-1,1,1,2,0,2,1,0,1,0,2,0,0,0,0,0,2,2
81,9368.834,5190.445,53.513,-33.316,0.835935,0.548719,-0.010955,-0.548601,0.834849,-0.045430,-0.015783,0.043987,0.998907,0,0.98236,0.28786,58.941,0.576,275.000,425.000,-1,450.000,-1,375.000,375.000,250.000,275.000,-1,375.000,175.000,700.000,850.000,825.000,-1,-1,1,1,2,0,2,0,0,1,0,2,0,0,0,0,0,2,2
82,9418.209,5158.729,51.298,-32.716,0.841505,0.539914,-0.019036,-0.540209,0.840488,-0.041881,-0.006613,0.045527,0.998941,0,0.97808,0.29983,58.685,0.600,275.000,450.000,-1,450.000,-1,375.000,375.000,225.000,275.000,-1,275.000,125.000,650.000,900.000,875.000,-1,-1,1,1,2,0,2,0,0,1,0,2,0,0,0,0,0,2,2
83,9467.655,5127.725,49.665,-32.091,0.847217,0.530643,-0.025314,-0.531246,0.846203,-0.041448,-0.000573,0.048563,0.998820,0,0.97270,0.31233,58.362,0.625,300.000,475.000,-1,475.000,-1,400.000,375.000,225.000,275.000,675.000,250.000,100.000,600.000,925.000,875.000,-1,-1,1,1,2,0,2,0,0,1,0,1,0,0,0,0,0,2,2
84,9517.116,5097.488,47.796,-31.441,0.853051,0.520952,-0.030223,-0.521808,0.852097,-0.040591,0.004607,0.050397,0.998719,0,0.96620,0.32531,57.972,0.651,-1,500.000,-1,475.000,-1,400.000,400.000,200.000,300.000,625.000,225.000,100.000,600.000,925.000,900.000,-1,-1,2,0,2,0,2,0,0,1,0,1,0,0,0,0,0,2,2
85,9566.539,5068.070,45.713,-30.763,0.859018,0.510824,-0.033874,-0.511867,0.858165,-0.039314,0.008987,0.051110,0.998653,0,0.95860,0.33868,57.516,0.677,-1,500.000,-1,475.000,-1,400.000,400.000,175.000,300.000,600.000,225.000,100.000,600.000,950.000,900.000,-1,-1,2,0,2,0,2,0,0,1,0,1,0,0,0,0,0,2,2
86,9615.868,5039.515,43.435,-30.065,0.865067,0.500335,-0.036374,-0.501497,0.864341,-0.037611,0.012622,0.050777,0.998630,0,0.94995,0.34916,56.997,0.698,-1,500.000,-1,475.000,-1,400.000,400.000,175.000,300.000,600.000,200.000,75.000,625.000,950.000,900.000,-1,-1,2,0,2,0,2,0,0,1,0,1,0,0,0,0,0,2,2
87,1639.831,4919.494,32.683,88.251,0.029988,-0.999469,-0.012715,0.998572,0.030519,-0.043837,0.044201,-0.011383,0.998958,1,0.00000,0.00000,56.421,0.704,-1,425.000,-1,400.000,-1,325.000,325.000,300.000,300.000,-1,-1,-1,-1,875.000,825.000,-1,-1,2,0,2,0,2,0,0,0,0,2,2,2,2,0,0,2,2
88,1639.998,4924.291,32.900,88.011,0.034178,-0.999334,-0.012781,0.998446,0.034706,-0.043591,0.044005,-0.011271,0.998968,0,0.08000,-0.12000,4.800,-0.240,-1,425.000,-1,400.000,-1,325.000,325.000,300.000,300.000,-1,-1,-1,-1,875.000,825.000,-1,-1,2,0,2,0,2,0,0,0,0,2,2,2,2,0,0,2,2
89,1640.411,4933.882,33.336,87.531,0.042557,-0.999011,-0.012905,0.998142,0.043076,-0.043101,0.043614,-0.011047,0.998987,0,0.16000,-0.24000,9.600,-0.480,-1,425.000,-1,400.000,-1,325.000,325.000,300.000,300.000,-1,-1,-1,-1,875.000,825.000,-1,-1,2,0,2,0,2,0,0,0,0,2,2,2,2,0,0,2,2
90,1641.189,4948.261,33.991,86.905,0.053475,-0.998484,-0.013079,0.997642,0.053985,-0.042369,0.043010,-0.010782,0.999016,0,0.24000,-0.31290,14.400,-0.626,-1,425.000,-1,400.000,-1,325.000,325.000,300.000,300.000,-1,-1,-1,-1,875.000,825.000,-1,-1,2,0,2,0,2,0,0,0,0,2,2,2,2,0,0,2,2
91,1642.434,4967.420,34.864,86.282,0.064345,-0.997839,-0.013293,0.997036,0.064845,-0.041395,0.042167,-0.010590,0.999054,0,0.32000,-0.31166,19.200,-0.623,-1,425.000,-1,400.000,-1,325.000,325.000,300.000,300.000,-1,-1,-1,-1,875.000,825.000,-1,-1,2,0,2,0,2,0,0,0,0,2,2,2,2,0,0,2,2
92,1644.249,4991.352,35.956,85.662,0.075156,-0.997080,-0.013540,0.996325,0.075644,-0.040181,0.041087,-0.010471,0.999101,0,0.40000,-0.31017,24.000,-0.620,-1,425.000,-1,400.000,-1,325.000,325.000,300.000,300.000,-1,-1,-1,-1,875.000,800.000,-1,-1,2,0,2,0,2,0,0,0,0,2,2,2,2,0,0,2,2
93,1646.737,5020.044,37.269,85.045,0.085896,-0.996208,-0.013812,0.995510,0.086373,-0.038728,0.039774,-0.010423,0.999154,0,0.48000,-0.30838,28.800,-0.617,-1,400.000,-1,400.000,-1,325.000,325.000,300.000,300.000,-1,-1,-1,-1,875.000,800.000,-1,-1,2,0,2,0,2,0,0,0,0,2,2,2,2,0,0,2,2
94,1649.997,5053.485,38.805,84.432,0.096552,-0.995228,-0.014099,0.994594,0.097015,-0.037037,0.038228,-0.010447,0.999214,0,0.56000,-0.30620,33.600,-0.612,-1,400.000,-1,400.000,-1,325.000,325.000,300.000,300.000,-1,-1,-1,-1,850.000,800.000,-1,-1,2,0,2,0,2,0,0,0,0,2,2,2,2,0,0,2,2
95,1654.127,5091.662,40.568,83.825,0.107108,-0.994143,-0.014393,0.993579,0.107555,-0.035108,0.036451,-0.010541,0.999280,0,0.64000,-0.30356,38.400,-0.607,-1,400.000,-1,400.000,-1,325.000,325.000,300.000,300.000,-1,-1,-1,-1,850.000,775.000,-1,-1,2,0,2,0,2,0,0,0,0,2,2,2,2,1,0,2,2
96,1659.224,5134.560,42.559,83.225,0.117543,-0.992959,-0.014687,0.992470,0.117973,-0.032942,0.034443,-0.010704,0.999349,0,0.72000,-0.30037,43.200,-0.601,-1,400.000,-1,400.000,-1,325.000,325.000,300.000,300.000,-1,-1,-1,-1,825.000,775.000,-1,-1,2,0,2,0,2,0,0,0,0,2,2,2,2,1,0,2,2
97,1665.380,5182.164,44.782,82.631,0.127836,-0.991682,-0.014971,0.991272,0.128244,-0.030538,0.032204,-0.010936,0.999421,0,0.80000,-0.29654,48.000,-0.593,-1,400.000,-1,400.000,-1,325.000,325.000,325.000,300.000,-1,-1,-1,-1,775.000,775.000,975.000,-1,2,0,2,0,2,0,0,0,0,2,2,2,2,1,0,1,2
98,1672.318,5233.334,46.907,82.278,0.133922,-0.990855,-0.016471,0.990526,0.134350,-0.028435,0.030388,-0.012507,0.999460,0,0.86064,-0.17654,51.638,-0.353,-1,400.000,975.000,400.000,-1,325.000,325.000,300.000,300.000,-1,-1,-1,-1,725.000,775.000,900.000,-1,2,0,1,0,2,0,0,0,0,2,2,2,2,1,0,1,2
99,1679.480,5285.384,48.698,82.165,0.135836,-0.990559,-0.018478,0.990303,0.136301,-0.026851,0.029116,-0.014651,0.999469,0,0.87568,-0.05654,52.541,-0.113,-1,400.000,925.000,400.000,-1,325.000,325.000,300.000,325.000,-1,-1,-1,-1,700.000,750.000,825.000,-1,2,0,1,0,2,0,0,0,0,2,2,2,2,1,1,1,2
100,1686.650,5338.362,50.016,82.292,0.133642,-0.990852,-0.018761,0.990623,0.134106,-0.026107,0.028384,-0.015096,0.999483,0,0.89101,0.06346,53.461,0.127,-1,400.000,875.000,400.000,-1,325.000,325.000,300.000,300.000,-1,-1,-1,-1,650.000,725.000,775.000,-1,2,0,1,0,2,0,0,0,0,2,2,2,2,1,1,1,2
101,1693.601,5392.318,51.353,82.659,0.127295,-0.991682,-0.019058,0.991482,0.127757,-0.025334,0.027558,-0.015670,0.999497,0,0.90669,0.18346,54.401,0.367,-1,400.000,800.000,400.000,-1,325.000,325.000,300.000,300.000,-1,-1,-1,-1,600.000,675.000,725.000,-1,2,0,1,0,2,0,0,0,0,2,2,2,2,1,1,1,2
102,1700.093,5447.302,52.712,83.266,0.116784,-0.992968,-0.019397,0.992800,0.117244,-0.024537,0.026639,-0.016392,0.999511,0,0.92277,0.30346,55.366,0.607,-1,400.000,750.000,400.000,-1,325.000,325.000,300.000,300.000,-1,-1,-1,-1,550.000,650.000,650.000,-1,2,0,1,0,2,0,0,0,0,2,2,2,2,1,1,1,2
103,1705.873,5503.362,54.089,84.113,0.102094,-0.994578,-0.019789,0.994445,0.102552,-0.023713,0.025614,-0.017259,0.999523,0,0.93929,0.42346,56.357,0.847,-1,400.000,675.000,400.000,-1,325.000,325.000,300.000,300.000,-1,-1,-1,-1,500.000,600.000,600.000,-1,2,0,1,0,2,0,0,0,0,2,2,2,2,1,1,1,2
104,1710.674,5560.539,55.480,85.200,0.083209,-0.996327,-0.020240,0.996232,0.083666,-0.022857,0.024466,-0.018262,0.999534,0,0.95631,0.54346,57.379,1.087,-1,400.000,600.000,400.000,-1,325.000,325.000,300.000,300.000,-1,-1,-1,-1,475.000,550.000,550.000,-1,2,1,1,0,2,0,0,0,0,2,2,2,2,1,1,1,2
105,1714.214,5618.862,56.879,86.527,0.060117,-0.997976,-0.020750,0.997922,0.060570,-0.021966,0.023178,-0.019386,0.999543,0,0.97385,0.66346,58.431,1.327,-1,350.000,525.000,375.000,-1,325.000,325.000,300.000,300.000,-1,-1,-1,-1,425.000,500.000,500.000,-1,2,1,1,1,2,1,1,0,0,2,2,2,2,1,1,1,2
106,1716.712,5678.810,58.302,87.614,0.041178,-0.998923,-0.021374,0.998912,0.041627,-0.021026,0.021894,-0.020485,0.999550,0,1.00000,0.54346,60.000,1.087,625.000,325.000,450.000,325.000,-1,300.000,300.000,300.000,300.000,-1,-1,-1,-1,375.000,425.000,450.000,650.000,1,1,1,1,2,1,1,0,0,2,2,2,2,1,1,1,1
107,1718.208,5738.792,59.710,88.571,0.024490,-0.999457,-0.022060,0.999488,0.024934,-0.020074,0.020613,-0.021557,0.999555,0,1.00000,0.47858,60.000,0.957,500.000,275.000,400.000,300.000,-1,250.000,250.000,300.000,300.000,-1,-1,-1,-1,325.000,375.000,375.000,500.000,1,1,1,1,2,1,1,0,0,2,2,2,2,1,1,1,1
108,1718.706,5798.789,61.100,89.524,0.007876,-0.999709,-0.022780,0.999783,0.008312,-0.019113,0.019297,-0.022625,0.999558,0,1.00000,0.47636,60.000,0.953,425.000,225.000,325.000,250.000,-1,200.000,225.000,300.000,300.000,-1,-1,-1,-1,275.000,325.000,325.000,400.000,1,1,1,1,2,1,1,0,0,2,2,2,2,1,1,1,1
109,1718.213,5858.787,62.468,90.471,-0.008637,-0.999686,-0.023521,0.999802,-0.008211,-0.018147,0.017948,-0.023673,0.999559,0,1.00000,0.47350,60.000,0.947,325.000,200.000,275.000,200.000,-1,175.000,175.000,300.000,300.000,-1,-1,-1,-1,225.000,250.000,275.000,300.000,1,1,1,1,2,1,1,0,0,2,2,2,2,1,1,1,1
110,1716.735,5918.769,66.183,91.411,-0.025311,-0.999290,-0.027915,0.999378,-0.024607,-0.025280,0.024575,-0.028538,0.999291,0,1.00000,0.46999,60.000,0.940,275.000,150.000,225.000,175.000,-1,125.000,150.000,300.000,325.000,-1,-1,-1,-1,175.000,225.000,225.000,250.000,1,1,1,1,2,1,1,0,0,2,2,2,2,1,1,1,1
111,1714.286,5978.724,80.173,92.342,-0.042524,-0.998801,-0.024251,0.997000,-0.040851,-0.065744,0.064675,-0.026974,0.997542,0,1.00000,0.46576,60.000,0.932,975.000,150.000,200.000,175.000,-1,125.000,150.000,350.000,350.000,-1,225.000,250.000,-1,200.000,225.000,250.000,300.000,1,1,1,1,2,1,1,0,0,2,0,0,2,1,1,1,1
112,3607.625,-1639.844,4.151,177.963,-0.998961,-0.035496,0.028570,0.033927,-0.997983,-0.053652,0.030417,-0.052627,0.998151,1,0.00000,0.00000,60.000,0.921,-1,400.000,-1,400.000,-1,325.000,325.000,300.000,325.000,-1,-1,-1,-1,775.000,775.000,-1,-1,2,0,2,0,2,0,0,0,0,2,2,2,2,0,0,2,2
113,3602.829,-1639.653,4.299,177.723,-0.998805,-0.039676,0.028552,0.038104,-0.997833,-0.053646,0.030619,-0.052494,0.998152,0,0.08000,-0.12000,4.800,-0.240,-1,400.000,-1,400.000,-1,325.000,325.000,325.000,325.000,-1,-1,-1,-1,775.000,775.000,-1,-1,2,0,2,0,2,0,0,0,0,2,2,2,2,0,0,2,2
114,3593.240,-1639.191,4.600,177.243,-0.998438,-0.048035,0.028517,0.046457,-0.997480,-0.053629,0.031022,-0.052220,0.998154,0,0.16000,-0.24000,9.600,-0.480,-1,400.000,-1,400.000,-1,325.000,325.000,325.000,325.000,-1,-1,-1,-1,775.000,775.000,-1,-1,2,0,2,0,2,0,0,0,0,2,2,2,2,0,0,2,2
115,3578.864,-1638.357,5.058,176.680,-0.997921,-0.057829,0.028468,0.056246,-0.996977,-0.053596,0.031481,-0.051883,0.998157,0,0.24000,-0.28134,14.400,-0.563,-1,400.000,-1,400.000,-1,325.000,325.000,325.000,325.000,-1,-1,-1,-1,775.000,775.000,-1,-1,2,0,2,0,2,0,0,0,0,2,2,2,2,0,0,2,2
116,3559.708,-1637.057,5.679,176.118,-0.997307,-0.067619,0.028406,0.066031,-0.996380,-0.053543,0.031924,-0.051523,0.998161,0,0.32000,-0.28134,19.200,-0.563,-1,400.000,-1,400.000,-1,325.000,325.000,325.000,325.000,-1,-1,-1,-1,775.000,775.000,-1,-1,2,0,2,0,2,0,0,0,0,2,2,2,2,0,0,2,2
117,3535.780,-1635.196,6.466,175.555,-0.996597,-0.077402,0.028334,0.075811,-0.995688,-0.053466,0.032350,-0.051136,0.998168,0,0.40000,-0.28134,24.000,-0.563,-1,400.000,-1,400.000,-1,325.000,325.000,325.000,325.000,-1,-1,-1,-1,775.000,775.000,-1,-1,2,0,2,0,2,0,0,0,0,2,2,2,2,0,0,2,2
118,3507.090,-1632.682,7.425,174.992,-0.995792,-0.087178,0.028252,0.085586,-0.994901,-0.053360,0.032760,-0.050718,0.998176,0,0.48000,-0.28134,28.800,-0.563,-1,400.000,-1,400.000,-1,325.000,325.000,325.000,325.000,-1,-1,-1,-1,775.000,775.000,-1,-1,2,0,2,0,2,0,0,0,0,2,2,2,2,0,0,2,2
119,3473.649,-1629.420,8.561,174.430,-0.994891,-0.096947,0.028162,0.095355,-0.994020,-0.053221,0.033154,-0.050264,0.998186,0,0.56000,-0.28134,33.600,-0.563,-1,400.000,-1,400.000,-1,325.000,325.000,325.000,325.000,-1,-1,-1,-1,775.000,775.000,-1,-1,2,0,2,0,2,0,0,0,0,2,2,2,2,0,0,2,2
120,3436.375,-1625.415,9.846,173.867,-0.993894,-0.106706,0.028069,0.105117,-0.993044,-0.053049,0.033535,-0.049774,0.998197,0,0.62480,-0.28134,37.488,-0.563,-1,400.000,-1,400.000,-1,325.000,325.000,325.000,325.000,-1,-1,-1,-1,750.000,775.000,-1,-1,2,0,2,0,2,0,0,0,0,2,2,2,2,0,0,2,2
121,3399.143,-1621.043,11.151,173.304,-0.992802,-0.116456,0.027983,0.114869,-0.991973,-0.052858,0.033915,-0.049263,0.998210,0,0.62480,-0.28134,37.488,-0.563,-1,400.000,-1,400.000,-1,325.000,325.000,325.000,325.000,-1,-1,-1,-1,750.000,775.000,-1,-1,2,0,2,0,2,0,0,0,0,2,2,2,2,0,0,2,2
122,3361.955,-1616.306,12.474,172.742,-0.991613,-0.126196,0.027905,0.124612,-0.990808,-0.052651,0.034293,-0.048732,0.998223,0,0.62480,-0.28134,37.488,-0.563,-1,400.000,-1,400.000,-1,325.000,325.000,325.000,325.000,-1,-1,-1,-1,750.000,775.000,-1,-1,2,0,2,0,2,0,0,0,0,2,2,2,2,0,0,2,2
123,3324.816,-1611.205,13.814,172.179,-0.990328,-0.135924,0.027840,0.134342,-0.989547,-0.052433,0.034676,-0.048185,0.998236,0,0.62480,-0.28134,37.488,-0.563,-1,375.000,-1,400.000,-1,325.000,325.000,325.000,325.000,-1,-1,-1,-1,750.000,775.000,-1,-1,2,0,2,0,2,0,0,0,0,2,2,2,2,0,0,2,2
124,3287.729,-1605.738,15.148,171.616,-0.988946,-0.145638,0.027840,0.144054,-0.988187,-0.052303,0.035129,-0.047714,0.998243,0,0.62480,-0.28134,37.488,-0.563,-1,375.000,-1,400.000,-1,325.000,325.000,325.000,325.000,-1,-1,-1,-1,750.000,775.000,-1,-1,2,0,2,0,2,0,0,0,0,2,2,2,2,0,0,2,2
125,3250.697,-1599.908,16.501,171.053,-0.987468,-0.155339,0.027852,0.153752,-0.986732,-0.052153,0.035584,-0.047217,0.998251,0,0.62480,-0.28134,37.488,-0.563,-1,375.000,-1,400.000,-1,325.000,325.000,325.000,325.000,-1,-1,-1,-1,750.000,775.000,-1,-1,2,0,2,0,2,0,0,0,0,2,2,2,2,0,0,2,2
126,3213.724,-1593.715,17.866,170.491,-0.985894,-0.165026,0.027934,0.163435,-0.985184,-0.051969,0.036097,-0.046671,0.998258,0,0.62480,-0.28134,37.488,-0.563,-1,375.000,-1,400.000,-1,325.000,325.000,325.000,325.000,-1,-1,-1,-1,750.000,775.000,-1,-1,2,0,2,0,2,0,0,0,0,2,2,2,2,0,0,2,2
127,3176.814,-1587.158,19.255,169.928,-0.984223,-0.174698,0.028040,0.173101,-0.983541,-0.051792,0.036627,-0.046121,0.998264,0,0.62480,-0.28134,37.488,-0.563,-1,375.000,-1,400.000,-1,325.000,325.000,325.000,325.000,-1,-1,-1,-1,750.000,775.000,-1,-1,2,0,2,0,2,0,0,0,0,2,2,2,2,0,0,2,2
128,3139.970,-1580.240,20.665,169.365,-0.982457,-0.184353,0.028159,0.182752,-0.981804,-0.051599,0.037159,-0.045547,0.998271,0,0.62480,-0.28134,37.488,-0.563,-1,375.000,-1,400.000,-1,325.000,325.000,325.000,325.000,-1,-1,-1,-1,750.000,775.000,-1,-1,2,0,2,0,2,0,0,0,0,2,2,2,2,0,0,2,2
129,3103.196,-1572.960,22.094,168.803,-0.980595,-0.193991,0.028291,0.192386,-0.979973,-0.051390,0.037694,-0.044950,0.998278,0,0.62480,-0.28134,37.488,-0.563,-1,375.000,-1,400.000,-1,325.000,325.000,325.000,325.000,-1,-1,-1,-1,750.000,775.000,-1,-1,2,0,2,0,2,0,0,0,0,2,2,2,2,0,0,2,2
130,3066.495,-1565.319,23.543,168.240,-0.978639,-0.203611,0.028436,0.202002,-0.978048,-0.051165,0.038230,-0.044328,0.998285,0,0.62480,-0.28134,37.488,-0.563,-1,375.000,-1,400.000,-1,325.000,325.000,325.000,325.000,-1,-1,-1,-1,750.000,775.000,-1,-1,2,0,2,0,2,0,0,0,0,2,2,2,2,0,0,2,2
131,3029.871,-1557.318,25.011,167.677,-0.976587,-0.213213,0.028596,0.211599,-0.976029,-0.050926,0.038769,-0.043683,0.998293,0,0.62480,-0.28134,37.488,-0.563,-1,375.000,-1,400.000,-1,325.000,325.000,325.000,300.000,-1,-1,-1,-1,750.000,775.000,-1,-1,2,0,2,0,2,0,0,0,0,2,2,2,2,0,0,2,2
132,2993.327,-1548.958,26.498,167.115,-0.974441,-0.222794,0.028771,0.221178,-0.973916,-0.050672,0.039310,-0.043013,0.998301,0,0.62480,-0.28134,37.488,-0.563,-1,375.000,-1,400.000,-1,325.000,325.000,325.000,300.000,-1,-1,-1,-1,750.000,775.000,-1,-1,2,0,2,0,2,0,0,0,0,2,2,2,2,0,0,2,2
133,2956.867,-1540.239,28.005,166.552,-0.972200,-0.232354,0.028962,0.230736,-0.971710,-0.050403,0.039854,-0.042319,0.998309,0,0.62480,-0.28134,37.488,-0.563,-1,400.000,-1,400.000,-1,325.000,325.000,325.000,300.000,-1,-1,-1,-1,750.000,775.000,-1,-1,2,0,2,0,2,0,0,0,0,2,2,2,2,0,0,2,2
134,2915.794,-1530.173,29.715,166.229,-0.970869,-0.237829,0.029169,0.236212,-0.970410,-0.050090,0.040219,-0.041740,0.998319,0,0.70480,-0.16134,42.288,-0.323,-1,400.000,-1,400.000,-1,325.000,325.000,325.000,300.000,-1,-1,-1,-1,750.000,775.000,-1,-1,2,0,2,0,2,0,0,0,0,2,2,2,2,0,0,2,2
