timestep,x_cm,y_cm,z_cm,yaw_deg,basis_xx,basis_xy,basis_xz,basis_yx,basis_yy,basis_yz,basis_zx,basis_zy,basis_zz,teleport_flag,throttle_cmd,steering_cmd,cmd_move_cm,cmd_turn_deg,lidar_cm_0,lidar_cm_1,lidar_cm_2,lidar_cm_3,lidar_cm_4,lidar_cm_5,lidar_cm_6,lidar_cm_7,lidar_cm_8,lidar_cm_9,lidar_cm_10,lidar_cm_11,lidar_cm_12,lidar_cm_13,lidar_cm_14,lidar_cm_15,lidar_cm_16,lidar_class_0,lidar_class_1,lidar_class_2,lidar_class_3,lidar_class_4,lidar_class_5,lidar_class_6,lidar_class_7,lidar_class_8,lidar_class_9,lidar_class_10,lidar_class_11,lidar_class_12,lidar_class_13,lidar_class_14,lidar_class_15,lidar_class_16
0,6884.987,-3603.415,-14.007,118.558,-0.477614,-0.877872,-0.035006,0.878464,-0.477795,-0.003538,-0.013620,-0.032441,0.999381,1,0.08000,0.12000,4.800,0.240,-1,375.000,-1,375.000,-1,300.000,300.000,300.000,300.000,-1,650.000,675.000,-1,675.000,650.000,-1,-1,2,0,2,0,2,0,0,0,0,2,0,0,2,0,0,2,2
1,6880.327,-3595.021,-14.160,119.038,-0.484964,-0.873848,-0.034649,0.874430,-0.485137,-0.003768,-0.013517,-0.032125,0.999392,0,0.16000,0.24000,9.600,0.480,-1,375.000,-1,375.000,-1,300.000,300.000,300.000,300.000,-1,650.000,650.000,-1,675.000,650.000,-1,-1,2,0,2,0,2,0,0,0,0,2,0,0,2,0,0,2,2
2,6873.180,-3582.520,-14.397,119.758,-0.495925,-0.867696,-0.034099,0.868263,-0.496088,-0.004100,-0.013359,-0.031640,0.999410,0,0.24000,0.36000,14.400,0.720,-1,375.000,-1,375.000,-1,300.000,300.000,300.000,300.000,-1,625.000,650.000,-1,675.000,650.000,-1,-1,2,0,2,0,2,0,0,0,0,2,0,0,2,0,0,2,2
3,6863.373,-3566.014,-14.724,120.718,-0.510417,-0.859280,-0.033340,0.859827,-0.510566,-0.004516,-0.013141,-0.030972,0.999434,0,0.32000,0.48000,19.200,0.960,-1,375.000,-1,375.000,-1,300.000,300.000,300.000,300.000,-1,625.000,625.000,-1,650.000,650.000,-1,-1,2,0,2,0,2,0,0,0,0,2,0,0,2,0,0,2,2
4,6850.684,-3545.643,-15.148,121.918,-0.528331,-0.848422,-0.032357,0.848941,-0.528464,-0.005010,-0.012849,-0.030116,0.999464,0,0.40000,0.60000,24.000,1.200,-1,375.000,-1,375.000,-1,300.000,300.000,300.000,300.000,-1,600.000,600.000,-1,650.000,650.000,-1,-1,2,0,2,0,2,0,0,0,0,2,0,0,2,0,0,2,2
5,6834.848,-3521.587,-15.512,123.358,-0.549531,-0.834884,-0.031374,0.835388,-0.549625,-0.006316,-0.011971,-0.029680,0.999488,0,0.48000,0.72000,28.800,1.440,-1,375.000,-1,375.000,-1,300.000,300.000,300.000,300.000,-1,575.000,550.000,-1,650.000,650.000,-1,-1,2,0,2,0,2,0,0,0,0,2,0,0,2,0,0,2,2
6,6815.558,-3494.077,-15.975,125.038,-0.573823,-0.818426,-0.030099,0.818906,-0.573875,-0.007749,-0.010931,-0.029095,0.999517,0,0.56000,0.84000,33.600,1.680,-1,375.000,-1,375.000,-1,300.000,300.000,300.000,300.000,-1,525.000,500.000,-1,650.000,650.000,-1,-1,2,0,2,0,2,0,0,0,0,2,0,0,2,0,0,2,2
7,6792.471,-3463.392,-16.335,126.958,-0.600954,-0.798738,-0.029513,0.799216,-0.600973,-0.009228,-0.010366,-0.029133,0.999522,0,0.64000,0.96000,38.400,1.920,-1,375.000,-1,375.000,-1,300.000,300.000,300.000,300.000,-1,500.000,475.000,-1,650.000,650.000,-1,-1,2,0,2,0,2,0,0,0,0,2,0,0,2,0,0,2,2
8,6765.310,-3429.800,-16.736,128.958,-0.628495,-0.777275,-0.028938,0.777752,-0.628479,-0.010776,-0.009811,-0.029280,0.999523,0,0.72000,1.00000,43.200,2.000,975.000,375.000,-1,375.000,-1,325.000,300.000,300.000,300.000,-1,475.000,475.000,-1,650.000,650.000,-1,-1,1,0,2,0,2,0,0,0,0,2,0,0,2,0,0,2,2
9,6733.976,-3393.438,-17.230,130.752,-0.652555,-0.757219,-0.028113,0.757687,-0.652501,-0.012338,-0.009002,-0.029352,0.999529,0,0.80000,0.89691,48.000,1.794,950.000,375.000,-1,375.000,-1,325.000,300.000,300.000,300.000,-1,475.000,475.000,-1,650.000,650.000,-1,-1,1,0,2,0,2,0,0,0,0,2,0,0,2,0,0,2,2
10,6698.272,-3354.540,-17.798,132.549,-0.676024,-0.736381,-0.027100,0.736836,-0.675926,-0.014001,-0.008007,-0.029433,0.999535,0,0.88000,0.89860,52.800,1.797,925.000,375.000,-1,375.000,-1,325.000,300.000,300.000,300.000,-1,475.000,450.000,-1,625.000,650.000,-1,-1,1,0,2,0,2,0,0,0,0,2,0,0,2,0,0,2,2
11,6658.007,-3313.352,-18.152,134.350,-0.698896,-0.714748,-0.026070,0.715199,-0.698712,-0.017123,-0.005977,-0.030612,0.999513,0,0.96000,0.90054,57.600,1.801,875.000,375.000,-1,375.000,-1,325.000,300.000,300.000,300.000,-1,450.000,450.000,-1,625.000,650.000,-1,-1,1,0,2,0,2,0,0,0,0,2,0,0,2,0,0,2,2
12,6616.299,-3273.292,-18.147,136.155,-0.721164,-0.692393,-0.022699,0.692760,-0.720897,-0.019778,-0.002670,-0.029989,0.999547,0,0.96385,0.90273,57.831,1.805,875.000,375.000,-1,375.000,-1,300.000,325.000,300.000,300.000,-1,425.000,425.000,-1,650.000,675.000,-1,-1,1,0,2,0,2,0,0,0,0,2,0,0,2,0,0,2,2
13,6573.278,-3234.508,-18.111,137.965,-0.742755,-0.669300,-0.018764,0.669563,-0.742429,-0.022029,0.000813,-0.028926,0.999581,0,0.96537,0.90495,57.922,1.810,875.000,375.000,-1,375.000,-1,300.000,325.000,300.000,300.000,-1,425.000,425.000,-1,650.000,675.000,-1,-1,1,0,2,0,2,0,0,0,0,2,0,0,2,0,0,2,2
14,6528.981,-3197.045,-18.119,139.780,-0.763636,-0.645480,-0.014673,0.645633,-0.763273,-0.023899,0.004227,-0.027724,0.999607,0,0.96691,0.90717,58.015,1.814,850.000,375.000,-1,375.000,-1,300.000,325.000,300.000,300.000,-1,400.000,400.000,-1,650.000,700.000,-1,-1,1,0,2,0,2,0,0,0,0,2,0,0,2,0,0,2,2
15,6483.444,-3160.950,-17.903,141.598,-0.783765,-0.620969,-0.010488,0.621021,-0.783425,-0.024036,0.006709,-0.025352,0.999656,0,0.96846,0.90941,58.108,1.819,850.000,375.000,-1,375.000,-1,300.000,325.000,300.000,300.000,-1,425.000,400.000,-1,675.000,700.000,-1,-1,1,0,2,0,2,0,0,0,0,2,0,0,2,0,0,2,2
16,6436.706,-3126.267,-17.411,143.422,-0.803134,-0.595748,-0.007718,0.595742,-0.802813,-0.024132,0.008181,-0.023979,0.999679,0,0.97002,0.91166,58.201,1.823,825.000,375.000,-1,375.000,-1,300.000,325.000,300.000,300.000,-1,450.000,400.000,-1,675.000,725.000,-1,-1,1,0,2,0,2,0,0,0,0,2,0,0,2,0,0,2,2
17,6388.808,-3093.038,-16.987,145.250,-0.821729,-0.569857,-0.004880,0.569797,-0.821436,-0.023965,0.009648,-0.022474,0.999701,0,0.97158,0.91394,58.295,1.828,800.000,375.000,-1,375.000,-1,300.000,300.000,300.000,275.000,-1,475.000,425.000,-1,675.000,725.000,-1,-1,1,0,2,0,2,0,0,0,0,2,0,0,2,0,0,2,2
18,6339.794,-3061.307,-16.372,147.082,-0.839532,-0.543307,-0.001870,0.543180,-0.839251,-0.024761,0.011883,-0.021804,0.999692,0,0.97314,0.91623,58.389,1.832,775.000,375.000,-1,375.000,-1,300.000,325.000,300.000,275.000,-1,475.000,400.000,-1,675.000,750.000,-1,-1,1,0,2,0,2,0,0,0,0,2,0,0,2,0,0,2,2
19,6289.708,-3031.116,-15.604,148.919,-0.856514,-0.516122,0.001385,0.515913,-0.856237,-0.026314,0.014767,-0.021823,0.999653,0,0.97470,0.91856,58.482,1.837,750.000,375.000,-1,400.000,-1,325.000,325.000,300.000,275.000,-1,475.000,400.000,-1,700.000,800.000,-1,-1,1,0,2,0,2,0,0,0,0,2,0,0,2,0,0,2,2
20,6238.597,-3002.505,-14.888,150.761,-0.872644,-0.488336,0.004520,0.488048,-0.872384,-0.027482,0.017364,-0.021776,0.999612,0,0.97623,0.92092,58.574,1.842,725.000,375.000,-1,400.000,-1,325.000,325.000,300.000,275.000,-1,425.000,400.000,-1,700.000,825.000,-1,-1,1,0,2,0,2,0,0,0,0,2,0,0,2,0,0,2,2
21,6186.510,-2975.515,-13.994,152.608,-0.887914,-0.459963,0.006549,0.459616,-0.887653,-0.028734,0.019030,-0.022504,0.999566,0,0.97775,0.92332,58.665,1.847,675.000,375.000,-1,400.000,-1,325.000,325.000,300.000,300.000,-1,400.000,400.000,-1,700.000,850.000,-1,-1,1,0,2,0,2,0,0,0,0,2,0,0,2,0,0,2,2
22,6133.497,-2950.183,-13.211,154.459,-0.902291,-0.431039,0.008730,0.430633,-0.902041,-0.029605,0.020636,-0.022952,0.999524,0,0.97923,0.92576,58.754,1.852,650.000,375.000,-1,400.000,-1,325.000,325.000,300.000,300.000,-1,400.000,375.000,-1,700.000,900.000,-1,-1,1,0,2,0,2,0,0,0,0,2,0,0,2,0,0,2,2
23,6079.612,-2926.547,-12.532,156.316,-0.915754,-0.401588,0.011039,0.401126,-0.915528,-0.030107,0.022197,-0.023142,0.999486,0,0.98068,0.92825,58.841,1.857,600.000,375.000,-1,425.000,-1,325.000,325.000,300.000,300.000,-1,375.000,375.000,-1,725.000,925.000,-1,-1,1,0,2,0,2,0,0,0,0,2,0,0,2,0,0,2,2
24,6024.911,-2904.643,-11.841,158.177,-0.928282,-0.371639,0.013285,0.371142,-0.928101,-0.029698,0.023367,-0.022638,0.999471,0,0.98207,0.93081,58.924,1.862,575.000,375.000,-1,425.000,-1,325.000,325.000,300.000,300.000,-1,375.000,375.000,-1,725.000,950.000,-1,-1,1,0,2,0,2,0,0,0,0,2,0,0,2,0,0,2,2
25,5969.449,-2884.504,-10.818,160.044,-0.939861,-0.341225,0.015089,0.340757,-0.939765,-0.026954,0.023378,-0.020192,0.999523,0,0.98340,0.93343,59.004,1.867,525.000,375.000,-1,425.000,-1,325.000,325.000,300.000,300.000,-1,425.000,400.000,-1,725.000,950.000,-1,-1,1,0,2,0,2,0,0,0,0,2,0,0,2,0,0,2,2
26,5913.288,-2866.165,-9.447,161.916,-0.950435,-0.310364,0.018650,0.309937,-0.950487,-0.022666,0.024761,-0.015762,0.999569,0,0.98466,0.93613,59.080,1.872,525.000,375.000,-1,425.000,-1,325.000,325.000,300.000,300.000,-1,450.000,400.000,-1,725.000,975.000,-1,-1,1,0,2,0,2,0,0,0,0,2,0,0,2,0,0,2,2
27,5856.488,-2849.657,-8.185,163.794,-0.960023,-0.279069,0.021841,0.278710,-0.960205,-0.018085,0.026018,-0.011275,0.999598,0,0.98583,0.93891,59.150,1.878,500.000,400.000,-1,425.000,-1,325.000,325.000,300.000,275.000,-1,450.000,425.000,-1,750.000,1000.000,-1,-1,1,0,2,0,2,0,0,0,0,2,0,0,2,0,0,2,2
28,5799.115,-2835.008,-6.428,165.678,-0.968651,-0.247364,0.022931,0.247071,-0.968883,-0.014879,0.025898,-0.008747,0.999626,0,0.98690,0.94179,59.214,1.884,450.000,400.000,-1,425.000,-1,325.000,325.000,325.000,300.000,-1,525.000,475.000,-1,750.000,1000.000,-1,-1,1,0,2,0,2,0,0,0,0,2,0,0,2,0,0,2,2
29,5741.233,-2822.248,-4.686,167.567,-0.976250,-0.215286,0.024236,0.215061,-0.976532,-0.011599,0.026164,-0.006111,0.999639,0,0.98785,0.94478,59.271,1.890,425.000,400.000,-1,425.000,-1,325.000,350.000,325.000,300.000,-1,575.000,500.000,-1,775.000,-1,-1,-1,1,0,2,0,2,0,0,0,0,2,0,0,2,0,2,2,2
30,5682.914,-2811.400,-2.989,169.463,-0.982801,-0.182866,0.025740,0.182722,-0.983133,-0.007877,0.026746,-0.003038,0.999638,0,0.98867,0.94788,59.320,1.896,400.000,400.000,-1,425.000,-1,325.000,350.000,300.000,300.000,-1,600.000,525.000,-1,775.000,-1,-1,-1,1,0,2,0,2,0,0,1,0,2,0,0,2,0,2,2,2
31,5624.227,-2802.489,-1.299,171.365,-0.988283,-0.150131,0.027506,0.150088,-0.988666,-0.003638,0.027741,0.000533,0.999615,0,0.98932,0.95112,59.359,1.902,375.000,400.000,-1,425.000,-1,325.000,350.000,300.000,300.000,-1,625.000,525.000,-1,750.000,-1,-1,-1,1,0,2,0,2,0,0,1,0,2,0,0,2,1,2,2,2
32,5565.248,-2795.534,0.425,173.274,-0.992678,-0.117112,0.029590,0.117199,-0.993108,0.001204,0.029245,0.004663,0.999561,0,0.98980,0.95451,59.388,1.909,350.000,400.000,-1,450.000,-1,325.000,350.000,275.000,300.000,-1,650.000,525.000,-1,750.000,-1,1000.000,-1,1,0,2,0,2,0,0,1,0,2,0,0,2,1,2,1,2
33,5506.052,-2790.554,2.221,175.191,-0.995964,-0.083838,0.032032,0.084095,-0.996435,0.006743,0.031352,0.009409,0.999464,0,0.99007,0.95805,59.404,1.916,325.000,400.000,-1,450.000,-1,350.000,350.000,275.000,300.000,-1,675.000,500.000,-1,725.000,-1,875.000,-1,1,0,2,0,2,0,0,1,0,2,0,0,2,1,2,1,2
34,5446.720,-2787.565,4.131,177.114,-0.998123,-0.050342,0.034861,0.050824,-0.998622,0.013077,0.034155,0.014824,0.999307,0,0.99012,0.96176,59.407,1.924,300.000,425.000,-1,450.000,-1,350.000,350.000,275.000,300.000,-1,650.000,475.000,-1,725.000,-1,800.000,-1,1,1,2,0,2,0,0,1,0,2,0,0,2,1,2,1,2
35,5387.333,-2786.577,6.194,179.045,-0.999135,-0.016656,0.038091,0.017439,-0.999642,0.020312,0.037739,0.020959,0.999068,0,0.98992,0.96566,59.395,1.931,300.000,425.000,-1,475.000,-1,350.000,375.000,275.000,300.000,-1,625.000,350.000,925.000,700.000,-1,775.000,-1,1,1,2,0,2,0,0,1,0,2,0,0,0,1,2,1,2
36,5327.976,-2787.601,8.448,180.985,-0.998982,0.017182,0.041717,-0.015998,-0.999464,0.028555,0.042186,0.027859,0.998721,0,0.98943,0.96975,59.366,1.939,325.000,425.000,-1,475.000,-1,375.000,375.000,250.000,300.000,-1,600.000,250.000,875.000,700.000,-1,750.000,-1,1,1,2,0,2,0,0,1,0,2,0,0,0,1,2,1,2
37,5268.735,-2790.641,10.931,182.933,-0.997645,0.051135,0.045720,-0.049419,-0.998058,0.037912,0.047570,0.035563,0.998235,0,0.98864,0.97404,59.318,1.948,350.000,425.000,-1,475.000,-1,375.000,375.000,250.000,300.000,-1,475.000,200.000,800.000,700.000,-1,775.000,-1,1,1,2,0,2,0,0,1,0,2,0,0,0,1,2,1,2
38,5214.396,-2795.057,13.427,184.641,-0.995589,0.080835,0.047629,-0.078561,-0.995761,0.047827,0.051293,0.043874,0.997719,0,0.90864,0.85404,54.518,1.708,375.000,425.000,-1,500.000,-1,400.000,400.000,250.000,300.000,-1,425.000,175.000,750.000,700.000,-1,775.000,-1,1,1,2,0,2,0,0,1,0,2,0,0,0,1,2,1,2
39,5163.276,-2800.534,15.388,186.109,-0.993255,0.106288,0.046346,-0.103680,-0.993063,0.055463,0.051920,0.050284,0.997385,0,0.85688,0.73404,51.413,1.468,375.000,400.000,-1,500.000,-1,400.000,400.000,250.000,275.000,-1,450.000,200.000,750.000,675.000,-1,725.000,-1,1,1,2,0,2,0,0,1,0,2,0,0,0,1,2,1,2
40,5112.403,-2807.089,17.348,187.337,-0.990817,0.127504,0.044984,-0.124576,-0.990220,0.062803,0.052552,0.056623,0.997012,0,0.85490,0.61404,51.294,1.228,375.000,400.000,-1,500.000,-1,400.000,400.000,250.000,275.000,-1,450.000,200.000,725.000,675.000,-1,675.000,-1,1,1,2,0,2,1,0,1,0,2,0,0,0,1,2,1,2
41,5061.812,-2814.498,19.332,188.325,-0.988549,0.144506,0.043473,-0.141278,-0.987499,0.069906,0.053031,0.062963,0.996606,0,0.85219,0.49404,51.131,0.988,375.000,400.000,-1,500.000,-1,375.000,400.000,225.000,275.000,-1,500.000,225.000,725.000,700.000,-1,-1,-1,1,1,2,0,2,1,0,1,0,2,0,0,0,1,2,2,2
42,5011.529,-2822.535,21.356,189.073,-0.986665,0.157319,0.041740,-0.153821,-0.985108,0.076816,0.053203,0.069372,0.996171,0,0.84869,0.37404,50.922,0.748,375.000,400.000,-1,500.000,-1,375.000,400.000,225.000,275.000,-1,525.000,250.000,725.000,750.000,-1,-1,-1,1,1,2,0,2,1,0,1,0,2,0,0,0,1,2,2,2
43,4961.573,-2830.974,23.436,189.581,-0.985331,0.165969,0.039720,-0.162242,-0.983205,0.083575,0.052924,0.075905,0.995710,0,0.84439,0.25404,50.664,0.508,375.000,400.000,-1,475.000,-1,375.000,400.000,200.000,275.000,-1,575.000,275.000,700.000,825.000,-1,-1,-1,1,1,2,0,2,1,0,1,0,2,0,0,0,1,2,2,2
44,4911.959,-2839.596,25.578,189.850,-0.984653,0.170477,0.037353,-0.166576,-0.981893,0.090215,0.052056,0.082608,0.995222,0,0.83930,0.13404,50.358,0.268,375.000,375.000,-1,475.000,-1,375.000,400.000,200.000,275.000,-1,650.000,325.000,700.000,-1,1000.000,-1,-1,1,1,2,0,2,1,0,1,0,2,0,0,0,2,0,2,2
45,4862.696,-2848.182,27.787,189.878,-0.984689,0.170856,0.034593,-0.166854,-0.981222,0.096767,0.050476,0.089514,0.994706,0,0.83344,0.01404,50.006,0.028,400.000,375.000,-1,475.000,-1,375.000,400.000,200.000,275.000,-1,725.000,375.000,700.000,-1,975.000,-1,-1,1,1,2,0,2,1,0,1,0,2,0,0,0,2,0,2,2
46,4813.789,-2856.521,30.058,189.666,-0.985437,0.167113,0.031403,-0.163102,-0.981190,0.103262,0.048069,0.096636,0.994158,0,0.82688,-0.10596,49.613,-0.212,400.000,400.000,-1,475.000,-1,375.000,400.000,200.000,275.000,-1,875.000,475.000,700.000,-1,950.000,-1,-1,1,1,2,0,2,1,0,1,0,2,0,0,0,2,0,2,2
47,-327.756,-7543.444,35.682,-129.025,-0.583107,0.750761,-0.310393,-0.793332,-0.608507,0.018538,-0.174959,0.257055,0.950427,1,0.00000,0.00000,49.185,-0.452,-1,350.000,650.000,200.000,25.000,250.000,200.000,200.000,175.000,125.000,-1,-1,-1,575.000,250.000,-1,25.000,2,0,0,0,0,0,0,1,0,1,2,2,2,0,0,2,0
48,3607.640,3607.630,-48.048,-70.709,0.331905,0.942519,-0.038686,-0.942677,0.329895,-0.050297,-0.034643,0.053162,0.997985,1,0.00000,0.00000,-4.800,-0.240,500.000,375.000,-1,400.000,-1,300.000,325.000,300.000,300.000,-1,775.000,550.000,-1,650.000,700.000,650.000,-1,1,0,2,0,2,0,0,0,0,2,0,0,2,0,0,1,2
49,3609.245,3603.106,-48.229,-70.469,0.335845,0.941112,-0.038930,-0.941295,0.333835,-0.050184,-0.034232,0.053499,0.997981,0,0.08000,0.12000,4.800,0.240,500.000,375.000,-1,400.000,-1,300.000,325.000,300.000,300.000,-1,750.000,550.000,-1,650.000,700.000,650.000,-1,1,0,2,0,2,0,0,0,0,2,0,0,2,0,0,1,2
50,3612.530,3594.086,-48.586,-69.989,0.343708,0.938248,-0.039427,-0.938482,0.341695,-0.049964,-0.033407,0.054174,0.997973,0,0.16000,0.24000,9.600,0.480,475.000,375.000,-1,400.000,-1,300.000,325.000,300.000,300.000,-1,725.000,525.000,-1,650.000,700.000,625.000,-1,1,0,2,0,2,0,0,0,0,2,0,0,2,0,0,1,2
51,3617.628,3580.619,-49.113,-69.269,0.355456,0.933828,-0.040189,-0.934139,0.353438,-0.049651,-0.032162,0.055191,0.997958,0,0.24000,0.36000,14.400,0.720,475.000,375.000,-1,400.000,-1,300.000,325.000,300.000,300.000,-1,675.000,475.000,-1,650.000,700.000,600.000,-1,1,0,2,0,2,0,0,0,0,2,0,0,2,0,0,1,2
52,3624.725,3562.779,-49.798,-68.309,0.371030,0.927705,-0.041236,-0.928120,0.369006,-0.049267,-0.030489,0.056552,0.997934,0,0.32000,0.48000,19.200,0.960,450.000,375.000,-1,375.000,-1,300.000,325.000,300.000,300.000,-1,625.000,450.000,-1,650.000,700.000,575.000,-1,1,0,2,0,2,0,0,0,0,2,0,0,2,0,0,1,2
53,3634.026,3540.655,-50.623,-67.202,0.388850,0.920316,-0.042585,-0.920861,0.386821,-0.048833,-0.028469,0.058204,0.997899,0,0.40000,0.55343,24.000,1.107,425.000,375.000,-1,375.000,-1,300.000,325.000,300.000,300.000,-1,600.000,425.000,-1,650.000,700.000,550.000,-1,1,0,2,0,2,0,0,0,0,2,0,0,2,1,0,1,2
54,3645.698,3514.327,-51.567,-66.094,0.406540,0.912561,-0.044249,-0.913256,0.404505,-0.048361,-0.026233,0.060071,0.997849,0,0.48000,0.55417,28.800,1.108,400.000,375.000,-1,375.000,-1,300.000,300.000,300.000,300.000,-1,550.000,425.000,-1,625.000,675.000,525.000,-1,1,0,2,0,2,0,0,0,0,2,0,0,2,1,0,1,2
55,3659.908,3483.880,-52.615,-64.984,0.424095,0.904436,-0.046239,-0.905305,0.422055,-0.047875,-0.023785,0.062164,0.997782,0,0.56000,0.55506,33.600,1.110,400.000,375.000,-1,375.000,-1,300.000,300.000,300.000,300.000,-1,525.000,400.000,-1,600.000,675.000,475.000,-1,1,0,2,0,2,0,0,0,0,2,0,0,2,1,0,1,2
56,3676.821,3449.406,-53.751,-63.872,0.441509,0.895941,-0.048566,-0.897008,0.439465,-0.047401,-0.021126,0.064492,0.997695,0,0.64000,0.55609,38.400,1.112,350.000,375.000,-1,375.000,-1,300.000,300.000,300.000,275.000,-1,500.000,400.000,-1,575.000,675.000,450.000,-1,1,0,2,0,2,0,0,0,0,2,0,0,2,1,0,1,2
57,3696.597,3410.999,-54.576,-62.757,0.458740,0.887156,-0.050112,-0.888388,0.456774,-0.046088,-0.017998,0.065661,0.997680,0,0.72000,0.55724,43.200,1.114,325.000,375.000,-1,375.000,-1,300.000,300.000,300.000,275.000,-1,475.000,375.000,-1,550.000,675.000,400.000,-1,1,0,2,0,2,0,0,0,0,2,0,0,2,1,0,1,2
58,3718.915,3369.655,-55.161,-61.640,0.475814,0.878061,-0.051089,-0.879422,0.473968,-0.044403,-0.014774,0.066056,0.997707,0,0.78306,0.55849,46.984,1.117,300.000,375.000,-1,375.000,-1,300.000,300.000,300.000,300.000,-1,475.000,400.000,-1,525.000,675.000,375.000,-1,1,0,2,0,2,0,0,0,0,2,0,0,2,1,0,1,2
59,3742.013,3328.796,-55.546,-60.521,0.492721,0.868634,-0.051965,-0.870116,0.491036,-0.042225,-0.011162,0.066021,0.997756,0,0.78227,0.55979,46.936,1.120,275.000,375.000,-1,375.000,-1,300.000,300.000,300.000,300.000,-1,475.000,400.000,-1,500.000,675.000,325.000,-1,1,0,2,0,2,0,0,0,0,2,0,0,2,1,0,1,2
60,3765.879,3288.444,-55.789,-59.399,0.509464,0.858866,-0.052864,-0.860461,0.507960,-0.039804,-0.007333,0.065766,0.997808,0,0.78138,0.56103,46.883,1.122,250.000,375.000,-1,375.000,-1,300.000,300.000,300.000,300.000,-1,475.000,400.000,-1,475.000,700.000,300.000,-1,1,1,2,0,2,0,0,0,0,2,0,0,2,1,0,1,2
61,3790.502,3248.617,-55.958,-58.274,0.526046,0.848746,-0.053911,-0.850449,0.524723,-0.037450,-0.003497,0.065549,0.997843,0,0.78040,0.56219,46.824,1.124,200.000,350.000,-1,375.000,-1,300.000,300.000,300.000,300.000,-1,450.000,400.000,-1,425.000,700.000,250.000,-1,1,1,2,0,2,0,0,1,0,2,0,0,2,1,0,1,2
62,3816.999,3207.481,-56.065,-57.214,0.541482,0.838900,-0.055170,-0.840712,0.540344,-0.035085,0.000378,0.065380,0.997860,0,0.81554,0.53013,48.933,1.060,175.000,325.000,-1,375.000,-1,300.000,300.000,275.000,300.000,-1,450.000,400.000,-1,400.000,700.000,200.000,-1,1,1,2,0,2,0,0,1,0,2,0,0,2,1,0,1,2
63,3844.300,3166.779,-55.972,-56.148,0.556832,0.828684,-0.056759,-0.830616,0.555842,-0.033401,0.003870,0.065744,0.997829,0,0.81684,0.53293,49.010,1.066,150.000,300.000,-1,375.000,-1,300.000,300.000,250.000,300.000,-1,450.000,400.000,-1,375.000,700.000,175.000,-1,1,1,2,0,2,0,0,1,0,2,0,0,2,1,0,1,2
64,3872.409,3126.546,-52.751,-55.076,0.571312,0.817379,-0.074128,-0.820560,0.570712,-0.031139,0.016854,0.078616,0.996762,0,0.81800,0.53586,49.080,1.072,125.000,300.000,-1,400.000,-1,325.000,325.000,250.000,300.000,-1,400.000,350.000,975.000,375.000,750.000,150.000,-1,1,1,2,0,2,1,0,1,0,2,0,0,0,1,0,1,2
65,3901.322,3086.811,-46.737,-53.999,0.584146,0.804732,-0.105732,-0.810732,0.584704,-0.028900,0.038565,0.102602,0.993975,0,0.81901,0.53895,49.141,1.078,125.000,300.000,-1,450.000,-1,325.000,375.000,250.000,275.000,-1,350.000,225.000,725.000,425.000,850.000,150.000,-1,1,1,2,0,2,1,0,1,0,2,0,0,0,1,0,1,2
66,3931.022,3047.596,-40.505,-52.914,0.595702,0.791255,-0.138040,-0.800925,0.598115,-0.027902,0.060486,0.127181,0.990034,0,0.81985,0.54220,49.191,1.084,125.000,325.000,-1,475.000,-1,350.000,400.000,250.000,275.000,-1,300.000,150.000,550.000,500.000,950.000,150.000,-1,1,1,2,0,2,1,1,1,0,2,0,0,0,1,0,1,2
67,3961.489,3008.924,-34.966,-51.823,0.606672,0.777371,-0.166264,-0.790950,0.611229,-0.028239,0.079673,0.148639,0.985677,0,0.82050,0.54564,49.230,1.091,125.000,350.000,-1,525.000,-1,350.000,425.000,250.000,250.000,-1,225.000,100.000,425.000,-1,-1,150.000,-1,1,1,2,0,2,1,1,1,0,2,0,0,0,2,2,1,2
68,3992.712,2970.827,-29.766,-50.724,0.617097,0.763051,-0.192211,-0.780852,0.624010,-0.029709,0.097272,0.168422,0.980904,0,0.82094,0.54927,49.256,1.099,125.000,375.000,-1,550.000,-1,375.000,450.000,250.000,250.000,-1,200.000,50.000,350.000,-1,-1,175.000,-1,1,1,2,0,2,1,1,1,0,2,0,0,0,2,2,1,2
69,4024.669,2933.330,-24.631,-49.618,0.627412,0.748507,-0.214691,-0.770504,0.636623,-0.032172,0.112596,0.185605,0.976152,0,0.82112,0.55312,49.267,1.106,125.000,425.000,-1,575.000,-1,425.000,525.000,250.000,250.000,-1,200.000,50.000,300.000,-1,-1,175.000,-1,1,1,2,0,2,1,0,1,0,2,0,0,0,2,2,1,2
70,4057.346,2896.466,-19.733,-48.504,0.637678,0.733740,-0.234505,-0.759897,0.649075,-0.035466,0.126188,0.200816,0.971468,0,0.82104,0.55721,49.262,1.114,125.000,475.000,-1,600.000,-1,550.000,550.000,225.000,225.000,-1,175.000,25.000,275.000,-1,-1,200.000,-1,1,1,2,0,2,1,0,1,0,2,0,0,0,2,2,1,2
71,4090.719,2860.266,-15.056,-47.381,0.648056,0.718812,-0.251659,-0.748967,0.661432,-0.039446,0.138101,0.214048,0.967012,0,0.82064,0.56155,49.238,1.123,125.000,1000.000,-1,625.000,-1,625.000,575.000,225.000,225.000,-1,175.000,25.000,250.000,-1,-1,-1,-1,1,0,2,0,2,0,0,1,0,2,0,0,0,2,2,2,2
72,4919.538,5575.445,125.927,-65.031,0.420691,0.903079,-0.086416,-0.907038,0.420524,-0.021019,0.017358,0.087225,0.996037,1,0.00000,0.00000,54.038,1.145,-1,400.000,725.000,400.000,-1,325.000,325.000,300.000,300.000,600.000,-1,-1,675.000,625.000,625.000,875.000,-1,2,0,1,1,2,0,0,0,0,1,2,2,1,1,1,1,2
73,4921.546,5571.085,126.008,-65.271,0.416930,0.904826,-0.086372,-0.908782,0.416735,-0.021140,0.016866,0.087307,0.996039,0,0.08000,-0.12000,4.800,-0.240,-1,400.000,725.000,400.000,-1,325.000,325.000,300.000,300.000,600.000,-1,-1,675.000,625.000,625.000,850.000,-1,2,0,1,1,2,0,0,0,0,1,2,2,1,1,1,1,2
74,4925.489,5562.332,126.163,-65.751,0.409385,0.908273,-0.086284,-0.912223,0.409135,-0.021384,0.015880,0.087464,0.996041,0,0.16000,-0.24000,9.600,-0.480,-1,400.000,725.000,400.000,-1,325.000,325.000,300.000,300.000,600.000,-1,-1,675.000,600.000,625.000,825.000,-1,2,0,1,1,2,0,0,0,0,1,2,2,1,1,1,1,2
75,4931.238,5549.128,126.378,-66.471,0.398015,0.913324,-0.086157,-0.917266,0.397681,-0.021751,0.014397,0.087686,0.996044,0,0.24000,-0.36000,14.400,-0.720,-1,400.000,700.000,400.000,-1,325.000,325.000,300.000,300.000,625.000,-1,-1,700.000,575.000,625.000,800.000,-1,2,0,1,1,2,0,0,0,0,1,2,2,1,1,1,1,2
76,4938.607,5531.398,126.637,-67.431,0.382759,0.919837,-0.085997,-0.923765,0.382314,-0.022246,0.012416,0.087956,0.996047,0,0.32000,-0.48000,19.200,-0.960,-1,400.000,700.000,375.000,-1,325.000,325.000,300.000,300.000,625.000,-1,-1,700.000,550.000,625.000,750.000,-1,2,0,1,1,2,0,0,0,0,1,2,2,1,1,1,1,2
77,4947.353,5509.047,126.915,-68.631,0.363541,0.927617,-0.085814,-0.931525,0.362957,-0.022870,0.009932,0.088253,0.996049,0,0.40000,-0.60000,24.000,-1.200,-1,400.000,675.000,375.000,-1,325.000,325.000,300.000,300.000,650.000,-1,-1,725.000,525.000,625.000,675.000,-1,2,0,1,1,2,0,1,0,0,1,2,2,1,1,1,1,2
78,4957.282,5482.012,127.198,-69.833,0.344134,0.935010,-0.085606,-0.938892,0.343400,-0.023624,0.007308,0.088505,0.996049,0,0.48000,-0.60132,28.800,-1.203,925.000,400.000,650.000,375.000,-1,325.000,325.000,300.000,300.000,675.000,-1,-1,750.000,500.000,650.000,625.000,-1,1,1,1,1,2,0,1,0,0,1,2,2,1,1,1,1,2
79,4968.203,5450.235,127.466,-71.033,0.324641,0.941976,-0.085379,-0.945826,0.323747,-0.024509,0.004554,0.088711,0.996047,0,0.56000,-0.59971,33.600,-1.199,775.000,375.000,625.000,375.000,-1,325.000,300.000,300.000,300.000,700.000,-1,-1,775.000,450.000,650.000,550.000,1000.000,1,1,1,1,2,1,1,0,0,1,2,2,1,1,1,1,1
80,4979.923,5413.666,127.702,-72.228,0.305079,0.948513,-0.085141,-0.952326,0.304014,-0.025523,0.001675,0.088868,0.996042,0,0.64000,-0.59788,38.400,-1.196,675.000,350.000,600.000,375.000,-1,300.000,300.000,300.000,300.000,725.000,-1,-1,800.000,425.000,650.000,500.000,975.000,1,1,1,1,2,1,1,0,0,1,2,2,1,1,1,1,1
81,4992.250,5372.261,127.887,-73.420,0.285466,0.954621,-0.084897,-0.958388,0.284221,-0.026667,-0.001327,0.088977,0.996033,0,0.72000,-0.59580,43.200,-1.192,550.000,300.000,575.000,375.000,-1,275.000,275.000,300.000,300.000,775.000,-1,-1,850.000,375.000,675.000,425.000,925.000,1,1,1,1,2,1,1,0,0,1,2,2,1,1,1,1,1
82,5004.991,5325.982,127.969,-74.607,0.265813,0.960288,-0.084790,-0.964015,0.264383,-0.027881,-0.004357,0.089149,0.996009,0,0.80000,-0.59341,48.000,-1.187,450.000,275.000,525.000,350.000,-1,250.000,275.000,300.000,300.000,825.000,-1,-1,875.000,350.000,700.000,375.000,875.000,1,1,1,1,2,1,1,0,0,1,2,2,1,1,1,1,1
83,5017.655,5275.980,127.625,-75.788,0.246148,0.965416,-0.085925,-0.969204,0.244500,-0.029367,-0.007343,0.090507,0.995869,0,0.85966,-0.59063,51.580,-1.181,350.000,250.000,500.000,350.000,975.000,225.000,250.000,300.000,300.000,900.000,-1,-1,925.000,300.000,700.000,300.000,850.000,1,1,1,1,1,1,1,0,0,1,2,2,1,1,1,1,1
84,5029.332,5225.556,126.964,-76.963,0.226562,0.970036,-0.087745,-0.973935,0.224610,-0.031639,-0.010983,0.092626,0.995640,0,0.86262,-0.58743,51.757,-1.175,275.000,225.000,450.000,325.000,925.000,200.000,250.000,300.000,300.000,1000.000,-1,-1,950.000,275.000,675.000,250.000,800.000,1,1,1,1,1,1,1,0,0,1,2,2,1,1,1,1,1
85,5040.018,5174.743,126.927,-78.131,0.206764,0.973944,-0.093174,-0.978324,0.204697,-0.031327,-0.011439,0.097632,0.995157,0,0.86539,-0.58386,51.923,-1.168,200.000,200.000,425.000,325.000,875.000,175.000,225.000,325.000,300.000,-1,-1,-1,975.000,225.000,625.000,200.000,750.000,1,1,1,1,1,1,1,0,0,2,2,2,1,1,1,1,1
86,5049.740,5123.583,132.680,-79.290,0.184847,0.974693,-0.125720,-0.982736,0.184338,-0.015770,0.007804,0.126464,0.991940,0,0.86792,-0.57988,52.075,-1.160,200.000,200.000,475.000,375.000,850.000,175.000,250.000,400.000,275.000,-1,-1,-1,875.000,225.000,625.000,175.000,725.000,1,1,1,1,1,1,1,0,0,2,2,2,1,1,1,1,1
87,5058.470,5072.104,138.452,-80.441,0.161766,0.974087,-0.158071,-0.986454,0.164031,0.001297,0.027191,0.155721,0.987427,0,0.87018,-0.57546,52.211,-1.151,175.000,200.000,525.000,425.000,850.000,200.000,250.000,525.000,250.000,-1,500.000,175.000,725.000,250.000,625.000,150.000,700.000,1,1,1,1,1,1,1,0,0,2,0,0,1,1,1,1,1
88,-3607.628,7543.213,29.925,-159.942,-0.938524,0.342873,-0.040142,-0.341379,-0.939086,-0.039727,-0.051318,-0.023581,0.998404,1,0.00000,0.00000,52.325,-1.141,-1,375.000,-1,375.000,-1,300.000,300.000,300.000,300.000,-1,575.000,575.000,-1,700.000,675.000,-1,-1,2,0,2,0,2,0,0,0,0,2,0,0,2,0,0,2,2
89,-3612.144,7541.586,29.680,-160.182,-0.939963,0.338935,-0.039919,-0.337449,-0.940509,-0.039626,-0.050975,-0.023777,0.998417,0,0.08000,-0.12000,4.800,-0.240,-1,375.000,-1,375.000,-1,300.000,300.000,300.000,300.000,-1,550.000,575.000,-1,700.000,675.000,-1,-1,2,0,2,0,2,0,0,0,0,2,0,0,2,0,0,2,2
90,-3621.202,7538.407,29.194,-160.662,-0.942791,0.331041,-0.039473,-0.329571,-0.943307,-0.039430,-0.050289,-0.024165,0.998442,0,0.16000,-0.24000,9.600,-0.480,-1,375.000,-1,375.000,-1,300.000,300.000,300.000,300.000,-1,550.000,550.000,-1,700.000,675.000,-1,-1,2,0,2,0,2,0,0,0,0,2,0,0,2,0,0,2,2
91,-3634.848,7533.809,28.469,-161.382,-0.946907,0.319156,-0.038803,-0.317711,-0.947379,-0.039147,-0.049255,-0.024741,0.998480,0,0.24000,-0.36000,14.400,-0.720,-1,375.000,-1,375.000,-1,300.000,300.000,300.000,300.000,-1,525.000,525.000,-1,700.000,675.000,-1,-1,2,0,2,0,2,0,0,0,0,2,0,0,2,0,0,2,2
92,-3653.144,7527.985,27.511,-162.342,-0.952162,0.303233,-0.037905,-0.301820,-0.952575,-0.038790,-0.047870,-0.025494,0.998528,0,0.32000,-0.48000,19.200,-0.960,-1,375.000,-1,375.000,-1,300.000,300.000,300.000,300.000,-1,500.000,500.000,-1,700.000,675.000,-1,-1,2,0,2,0,2,0,0,0,0,2,0,0,2,0,0,2,2
93,-3676.160,7521.186,26.330,-163.542,-0.958352,0.283211,-0.036779,-0.281839,-0.958694,-0.038377,-0.046129,-0.026413,0.998586,0,0.40000,-0.60000,24.000,-1.200,-1,375.000,-1,375.000,-1,325.000,300.000,325.000,300.000,-1,475.000,475.000,-1,700.000,675.000,-1,-1,2,0,2,0,2,0,0,0,0,2,0,0,2,0,0,2,2
94,-3703.975,7513.716,24.934,-164.969,-0.965161,0.259249,-0.035424,-0.257927,-0.965420,-0.037928,-0.044032,-0.027470,0.998652,0,0.48000,-0.71326,28.800,-1.427,-1,375.000,-1,375.000,-1,325.000,300.000,325.000,300.000,-1,450.000,450.000,-1,700.000,675.000,-1,-1,2,0,2,0,2,0,0,0,0,2,0,0,2,0,0,2,2
95,-3736.632,7505.812,23.327,-166.395,-0.971375,0.235128,-0.033848,-0.233865,-0.971548,-0.037442,-0.041688,-0.028455,0.998725,0,0.56000,-0.71326,33.600,-1.427,-1,375.000,-1,375.000,-1,325.000,300.000,325.000,300.000,-1,425.000,425.000,-1,725.000,675.000,-1,-1,2,0,2,0,2,0,0,0,0,2,0,0,2,0,0,2,2
96,-3774.168,7497.712,21.521,-167.822,-0.976990,0.210863,-0.032051,-0.209670,-0.977074,-0.036932,-0.039104,-0.029362,0.998804,0,0.64000,-0.71326,38.400,-1.427,-1,375.000,-1,375.000,-1,325.000,300.000,300.000,300.000,-1,425.000,400.000,-1,725.000,675.000,-1,-1,2,0,2,0,2,0,0,0,0,2,0,0,2,0,0,2,2
97,-3816.609,7489.652,19.523,-169.248,-0.982002,0.186469,-0.030035,-0.185355,-0.981997,-0.036409,-0.036284,-0.030187,0.998885,0,0.72000,-0.71326,43.200,-1.427,-1,375.000,-1,375.000,-1,325.000,300.000,300.000,300.000,-1,400.000,375.000,-1,725.000,675.000,-1,-1,2,0,2,0,2,0,0,0,0,2,0,0,2,0,0,2,2
98,-3863.975,7481.874,17.345,-170.675,-0.986405,0.161961,-0.027800,-0.160935,-0.986312,-0.035889,-0.033232,-0.030927,0.998969,0,0.80000,-0.71326,48.000,-1.427,-1,375.000,-1,375.000,-1,300.000,300.000,300.000,300.000,-1,375.000,375.000,-1,725.000,675.000,-1,-1,2,0,2,0,2,0,0,0,0,2,0,0,2,0,0,2,2
99,-3913.770,7474.965,15.337,-172.101,-0.990186,0.137351,-0.025825,-0.136376,-0.989991,-0.036319,-0.030555,-0.032441,0.999006,0,0.83787,-0.71326,50.272,-1.427,-1,375.000,-1,375.000,-1,300.000,300.000,300.000,300.000,-1,375.000,375.000,-1,725.000,675.000,-1,-1,2,0,2,0,2,0,0,0,0,2,0,0,2,0,0,2,2
100,-3963.722,7469.297,13.810,-173.528,-0.993349,0.112652,-0.023807,-0.111702,-0.993013,-0.038042,-0.027926,-0.035130,0.998992,0,0.83787,-0.71326,50.272,-1.427,-1,375.000,-1,375.000,-1,300.000,300.000,300.000,300.000,-1,375.000,375.000,-1,725.000,700.000,-1,-1,2,0,2,0,2,0,0,0,0,2,0,0,2,0,0,2,2
101,-4013.800,7464.876,12.772,-174.954,-0.995873,0.087894,-0.022636,-0.086992,-0.995478,-0.038148,-0.025887,-0.036021,0.999016,0,0.83787,-0.71326,50.272,-1.427,-1,375.000,-1,375.000,-1,300.000,300.000,300.000,300.000,-1,425.000,425.000,-1,750.000,700.000,-1,-1,2,0,2,0,2,0,0,0,0,2,0,0,2,0,0,2,2
102,-4063.972,7461.702,11.800,-176.381,-0.997779,0.063083,-0.021415,-0.062233,-0.997329,-0.038243,-0.023771,-0.036825,0.999039,0,0.83787,-0.71326,50.272,-1.427,-1,375.000,-1,375.000,-1,300.000,300.000,300.000,300.000,-1,450.000,450.000,-1,750.000,725.000,-1,-1,2,0,2,0,2,0,0,0,0,2,0,0,2,0,0,2,2
103,-4114.208,7459.778,10.877,-177.807,-0.999065,0.038234,-0.020195,-0.037438,-0.998561,-0.038401,-0.021634,-0.037609,0.999058,0,0.83787,-0.71326,50.272,-1.427,-1,375.000,-1,375.000,-1,325.000,300.000,300.000,300.000,-1,475.000,475.000,-1,775.000,725.000,-1,-1,2,0,2,0,2,0,0,0,0,2,0,0,2,0,0,2,2
104,-4164.476,7459.106,10.006,-179.234,-0.999731,0.013362,-0.018975,-0.012622,-0.999175,-0.038613,-0.019475,-0.038363,0.999074,0,0.83787,-0.71326,50.272,-1.427,-1,375.000,-1,375.000,-1,325.000,300.000,300.000,300.000,-1,500.000,500.000,-1,775.000,750.000,-1,-1,2,0,2,0,2,0,0,0,0,2,0,0,2,0,0,2,2
105,-4214.745,7459.685,9.188,-180.660,-0.999776,-0.011516,-0.017751,0.012199,-0.999170,-0.038871,-0.017288,-0.039078,0.999087,0,0.83787,-0.71326,50.272,-1.427,-1,375.000,-1,375.000,-1,325.000,300.000,300.000,325.000,-1,525.000,525.000,-1,800.000,750.000,-1,-1,2,0,2,0,2,0,0,0,0,2,0,0,2,0,0,2,2
106,-4264.984,7461.516,8.424,-182.087,-0.999201,-0.036385,-0.016521,0.037009,-0.998547,-0.039167,-0.015071,-0.039747,0.999096,0,0.83787,-0.71326,50.272,-1.427,-1,400.000,-1,375.000,-1,325.000,300.000,300.000,325.000,-1,550.000,550.000,-1,800.000,750.000,-1,-1,2,0,2,0,2,0,0,0,0,2,0,0,2,0,0,2,2
107,-4315.162,7464.596,7.717,-183.513,-0.998007,-0.061231,-0.015280,0.061793,-0.997307,-0.039494,-0.012821,-0.040359,0.999103,0,0.83787,-0.71326,50.272,-1.427,-1,400.000,-1,375.000,-1,325.000,300.000,300.000,325.000,-1,575.000,575.000,-1,825.000,775.000,-1,-1,2,0,2,0,2,0,0,0,0,2,0,0,2,0,0,2,2
108,-4365.248,7468.925,7.067,-184.940,-0.996193,-0.086038,-0.014025,0.086535,-0.995452,-0.039845,-0.010533,-0.040906,0.999107,0,0.83787,-0.71326,50.272,-1.427,-1,400.000,-1,375.000,-1,325.000,325.000,300.000,300.000,-1,600.000,600.000,-1,825.000,775.000,-1,-1,2,0,2,0,2,0,0,0,0,2,0,0,2,0,0,2,2
109,-4415.211,7474.500,6.476,-186.366,-0.993762,-0.110790,-0.012750,0.111219,-0.992982,-0.040213,-0.008205,-0.041381,0.999110,0,0.83787,-0.71326,50.272,-1.427,-1,400.000,-1,400.000,-1,325.000,325.000,300.000,300.000,-1,625.000,625.000,-1,850.000,800.000,-1,-1,2,0,2,0,2,0,0,0,0,2,0,0,2,0,0,2,2
110,-4465.019,7481.316,5.946,-187.793,-0.990715,-0.135474,-0.011449,0.135832,-0.989900,-0.040595,-0.005834,-0.041773,0.999110,0,0.83787,-0.71326,50.272,-1.427,-1,400.000,-1,400.000,-1,325.000,325.000,300.000,300.000,-1,625.000,625.000,-1,850.000,800.000,-1,-1,2,0,2,0,2,0,0,0,0,2,0,0,2,0,0,2,2
111,-4514.642,7489.371,5.477,-189.219,-0.987053,-0.160073,-0.010116,0.160356,-0.986208,-0.040985,-0.003416,-0.042076,0.999109,0,0.83787,-0.71326,50.272,-1.427,-1,400.000,-1,400.000,-1,325.000,325.000,300.000,300.000,-1,650.000,650.000,-1,875.000,825.000,-1,-1,2,0,2,0,2,0,0,0,0,2,0,0,2,0,0,2,2
112,-4564.050,7498.658,5.087,-190.646,-0.982775,-0.184574,-0.009288,0.184801,-0.981911,-0.041216,-0.001513,-0.042222,0.999107,0,0.83787,-0.71326,50.272,-1.427,-1,425.000,-1,400.000,-1,325.000,325.000,300.000,300.000,-1,675.000,675.000,-1,875.000,825.000,-1,-1,2,0,2,0,2,0,0,0,0,2,0,0,2,0,0,2,2
113,-4613.211,7509.172,4.584,-192.072,-0.977879,-0.208954,-0.009506,0.209170,-0.976980,-0.041936,-0.000524,-0.042997,0.999075,0,0.83787,-0.71326,50.272,-1.427,-1,425.000,-1,400.000,-1,325.000,325.000,300.000,300.000,-1,675.000,725.000,-1,875.000,825.000,-1,-1,2,0,2,0,2,0,0,0,0,2,0,0,2,0,0,2,2
114,-4662.095,7520.907,4.296,-193.499,-0.972374,-0.233198,-0.010361,0.233428,-0.971422,-0.043023,-0.000032,-0.044253,0.999020,0,0.83787,-0.71326,50.272,-1.427,-1,425.000,-1,400.000,-1,325.000,325.000,300.000,300.000,-1,725.000,775.000,-1,875.000,825.000,-1,-1,2,0,2,0,2,0,0,0,0,2,0,0,2,0,0,2,2
115,-4710.671,7533.855,3.910,-194.925,-0.966256,-0.257303,-0.011997,0.257582,-0.965291,-0.043187,-0.000468,-0.044820,0.998995,0,0.83787,-0.71326,50.272,-1.427,-1,400.000,-1,400.000,-1,325.000,325.000,300.000,300.000,-1,850.000,850.000,-1,850.000,825.000,-1,-1,2,0,2,0,2,0,0,0,0,2,0,0,2,0,0,2,2
116,-4758.911,7548.008,3.599,-196.352,-0.959539,-0.281247,-0.013592,0.281574,-0.958564,-0.043249,-0.000865,-0.045326,0.998972,0,0.83787,-0.71326,50.272,-1.427,-1,400.000,-1,400.000,-1,325.000,325.000,300.000,300.000,-1,950.000,950.000,-1,850.000,800.000,-1,-1,2,0,2,0,2,0,0,0,0,2,0,0,2,0,0,2,2
117,-4806.783,7563.358,3.363,-197.778,-0.952226,-0.305017,-0.015143,0.305390,-0.951247,-0.043204,-0.001227,-0.045764,0.998952,0,0.83787,-0.71326,50.272,-1.427,-1,400.000,-1,400.000,-1,325.000,325.000,300.000,300.000,-1,-1,-1,-1,850.000,800.000,-1,-1,2,0,2,0,2,0,0,0,0,2,2,2,2,0,0,2,2
118,-4854.258,7579.895,3.206,-199.205,-0.944323,-0.328598,-0.016644,0.329016,-0.943343,-0.043049,-0.001555,-0.046128,0.998934,0,0.83787,-0.71326,50.272,-1.427,-1,400.000,-1,400.000,-1,325.000,325.000,300.000,300.000,-1,-1,-1,-1,825.000,800.000,-1,-1,2,0,2,0,2,0,0,0,0,2,2,2,2,0,0,2,2
119,-4901.306,7597.608,3.129,-200.631,-0.935834,-0.351976,-0.018088,0.352436,-0.934858,-0.042782,-0.001852,-0.046412,0.998921,0,0.83787,-0.71326,50.272,-1.427,-1,400.000,-1,400.000,-1,325.000,325.000,300.000,300.000,-1,-1,-1,-1,825.000,800.000,-1,-1,2,0,2,0,2,0,0,0,0,2,2,2,2,0,0,2,2
120,-4947.900,7616.488,3.133,-202.058,-0.926765,-0.375136,-0.019471,0.375635,-0.925797,-0.042399,-0.002121,-0.046608,0.998911,0,0.83787,-0.71326,50.272,-1.427,-1,400.000,-1,400.000,-1,325.000,325.000,325.000,300.000,-1,-1,-1,-1,825.000,800.000,-1,-1,2,0,2,0,2,0,0,0,0,2,2,2,2,0,0,2,2
121,-4991.225,7635.097,3.200,-203.244,-0.918781,-0.394225,-0.020720,0.394761,-0.917826,-0.041945,-0.002482,-0.046717,0.998905,0,0.78587,-0.59326,47.152,-1.187,-1,400.000,-1,400.000,-1,325.000,325.000,325.000,300.000,-1,-1,-1,-1,800.000,800.000,-1,-1,2,0,2,0,2,0,0,0,0,2,2,2,2,0,0,2,2
122,-5034.237,7654.419,3.317,-204.191,-0.912122,-0.409331,-0.021933,0.409907,-0.911187,-0.041414,-0.003033,-0.046765,0.998901,0,0.78587,-0.47326,47.152,-0.947,-1,400.000,-1,400.000,-1,325.000,325.000,325.000,300.000,-1,-1,-1,-1,800.000,800.000,-1,-1,2,0,2,0,2,0,0,0,0,2,2,2,2,0,0,2,2
123,-5077.007,7674.270,3.421,-204.898,-0.906977,-0.420532,-0.023365,0.421162,-0.906061,-0.040945,-0.003951,-0.046976,0.998888,0,0.78587,-0.35326,47.152,-0.707,-1,400.000,-1,400.000,-1,325.000,325.000,325.000,300.000,-1,-1,-1,-1,800.000,775.000,-1,-1,2,0,2,0,2,0,0,0,0,2,2,2,2,0,0,2,2
124,-5119.605,7694.487,3.403,-205.390,-0.903309,-0.428287,-0.024573,0.428968,-0.902379,-0.041211,-0.004524,-0.047767,0.998848,0,0.78587,-0.24622,47.152,-0.492,-1,400.000,-1,400.000,-1,325.000,325.000,325.000,300.000,-1,-1,-1,-1,800.000,775.000,-1,-1,2,0,2,0,2,0,0,0,0,2,2,2,2,0,0,2,2
125,-5162.028,7715.070,3.309,-205.882,-0.899582,-0.436001,-0.025601,0.436727,-0.898613,-0.042005,-0.004691,-0.048967,0.998789,0,0.78587,-0.24622,47.152,-0.492,-1,400.000,-1,400.000,-1,325.000,325.000,325.000,300.000,-1,-1,-1,-1,775.000,800.000,-1,-1,2,0,2,0,2,0,0,0,0,2,2,2,2,0,0,2,2
126,-5204.273,7736.016,3.234,-206.375,-0.895788,-0.443681,-0.026660,0.444455,-0.894778,-0.042811,-0.004861,-0.050198,0.998727,0,0.78587,-0.24622,47.152,-0.492,-1,400.000,-1,400.000,-1,325.000,325.000,325.000,300.000,-1,-1,-1,-1,775.000,800.000,-1,-1,2,0,2,0,2,0,0,0,0,2,2,2,2,0,0,2,2
127,-5246.336,7757.325,3.188,-206.867,-0.891929,-0.451327,-0.027702,0.452149,-0.890876,-0.043605,-0.004999,-0.051418,0.998665,0,0.78587,-0.24622,47.152,-0.492,-1,400.000,-1,400.000,-1,325.000,325.000,325.000,300.000,-1,-1,-1,-1,775.000,800.000,-1,-1,2,0,2,0,2,0,0,0,0,2,2,2,2,0,0,2,2
128,-5288.214,7778.994,3.172,-207.360,-0.888004,-0.458938,-0.028720,0.459808,-0.886909,-0.044386,-0.005102,-0.052621,0.998602,0,0.78587,-0.24622,47.152,-0.492,-1,400.000,-1,400.000,-1,325.000,325.000,325.000,325.000,-1,-1,-1,-1,750.000,800.000,-1,-1,2,0,2,0,2,0,0,0,0,2,2,2,2,0,0,2,2
129,-5329.905,7801.023,3.108,-207.852,-0.884022,-0.466521,-0.029376,0.467419,-0.882889,-0.045008,-0.004938,-0.053519,0.998555,0,0.78587,-0.24622,47.152,-0.492,-1,400.000,-1,400.000,-1,325.000,325.000,300.000,325.000,-1,-1,-1,-1,750.000,800.000,-1,-1,2,0,2,0,2,0,0,0,0,2,2,2,2,0,0,2,2
130,-5371.404,7823.409,2.912,-208.345,-0.879991,-0.474085,-0.029300,0.474970,-0.878834,-0.045326,-0.004262,-0.053804,0.998542,0,0.78587,-0.24622,47.152,-0.492,-1,400.000,-1,400.000,-1,325.000,325.000,300.000,325.000,-1,-1,-1,-1,750.000,800.000,-1,-1,2,0,2,0,2,0,0,0,0,2,2,2,2,0,0,2,2
131,-5412.710,7846.152,2.624,-208.837,-0.875886,-0.481625,-0.029344,0.482502,-0.874736,-0.045046,-0.003973,-0.053613,0.998554,0,0.78587,-0.24622,47.152,-0.492,-1,400.000,-1,400.000,-1,325.000,325.000,300.000,325.000,-1,-1,-1,-1,750.000,800.000,-1,-1,2,0,2,0,2,0,0,0,0,2,2,2,2,0,0,2,2
132,-5453.818,7869.249,2.266,-209.329,-0.871707,-0.489141,-0.029474,0.490012,-0.870591,-0.044270,-0.004005,-0.053033,0.998585,0,0.78587,-0.24622,47.152,-0.492,-1,400.000,-1,400.000,-1,325.000,325.000,300.000,325.000,-1,-1,-1,-1,725.000,800.000,-1,-1,2,0,2,0,2,0,0,0,0,2,2,2,2,0,0,2,2
