timestep,x_cm,y_cm,z_cm,yaw_deg,basis_xx,basis_xy,basis_xz,basis_yx,basis_yy,basis_yz,basis_zx,basis_zy,basis_zz,teleport_flag,throttle_cmd,steering_cmd,cmd_move_cm,cmd_turn_deg,lidar_cm_0,lidar_cm_1,lidar_cm_2,lidar_cm_3,lidar_cm_4,lidar_cm_5,lidar_cm_6,lidar_cm_7,lidar_cm_8,lidar_cm_9,lidar_cm_10,lidar_cm_11,lidar_cm_12,lidar_cm_13,lidar_cm_14,lidar_cm_15,lidar_cm_16,lidar_class_0,lidar_class_1,lidar_class_2,lidar_class_3,lidar_class_4,lidar_class_5,lidar_class_6,lidar_class_7,lidar_class_8,lidar_class_9,lidar_class_10,lidar_class_11,lidar_class_12,lidar_class_13,lidar_class_14,lidar_class_15,lidar_class_16
0,-332.608,3608.859,-208.302,164.776,-0.963418,-0.262099,0.055954,0.264822,-0.963077,0.048487,0.041180,0.061531,0.997255,1,0.08000,0.12000,4.800,0.240,-1,350.000,-1,400.000,-1,300.000,325.000,325.000,325.000,-1,475.000,400.000,-1,650.000,750.000,-1,-1,2,0,2,0,2,0,0,0,0,2,0,0,2,0,0,2,2
1,-341.891,3611.302,-207.911,165.256,-0.965552,-0.254023,0.056409,0.256782,-0.965247,0.048591,0.042105,0.061402,0.997225,0,0.16000,0.24000,9.600,0.480,-1,350.000,-1,400.000,-1,300.000,325.000,325.000,325.000,-1,475.000,400.000,-1,650.000,750.000,-1,-1,2,0,2,0,2,0,0,0,0,2,0,0,2,0,0,2,2
2,-355.862,3614.792,-207.315,165.976,-0.968626,-0.241877,0.057091,0.244688,-0.968375,0.048751,0.043494,0.061191,0.997178,0,0.24000,0.36000,14.400,0.720,-1,350.000,-1,400.000,-1,300.000,325.000,325.000,325.000,-1,475.000,400.000,-1,650.000,750.000,-1,-1,2,0,2,0,2,0,0,0,0,2,0,0,2,0,0,2,2
3,-374.555,3619.174,-206.505,166.805,-0.971968,-0.227842,0.058010,0.230723,-0.971786,0.048975,0.045215,0.060987,0.997114,0,0.32000,0.41454,19.200,0.829,-1,350.000,-1,400.000,-1,300.000,325.000,325.000,325.000,-1,475.000,400.000,-1,650.000,750.000,-1,-1,2,0,2,0,2,0,0,0,0,2,0,0,2,0,0,2,2
4,-397.998,3624.314,-205.475,167.634,-0.975093,-0.213759,0.059172,0.216726,-0.974988,0.049269,0.047161,0.060866,0.997031,0,0.40000,0.41454,24.000,0.829,-1,350.000,-1,400.000,-1,300.000,325.000,325.000,350.000,-1,475.000,375.000,-1,650.000,750.000,-1,-1,2,0,2,0,2,0,0,0,0,2,0,0,2,0,0,2,2
5,-426.216,3630.073,-204.218,168.463,-0.977997,-0.199629,0.060576,0.202700,-0.977982,0.049638,0.049333,0.060825,0.996929,0,0.48000,0.41454,28.800,0.829,-1,350.000,-1,400.000,-1,300.000,325.000,325.000,325.000,-1,475.000,325.000,-1,650.000,750.000,-1,-1,2,0,2,0,2,0,0,0,0,2,0,0,2,0,0,2,2
6,-459.231,3636.316,-202.726,169.292,-0.980681,-0.185456,0.062219,0.188650,-0.980766,0.050089,0.051733,0.060859,0.996805,0,0.56000,0.41454,33.600,0.829,-1,350.000,-1,400.000,-1,300.000,325.000,325.000,325.000,-1,425.000,250.000,-1,675.000,725.000,-1,-1,2,0,2,0,2,0,0,0,0,2,0,0,2,0,0,2,2
7,-497.061,3642.903,-200.991,170.121,-0.983141,-0.171244,0.064099,0.174580,-0.983341,0.050627,0.054361,0.060964,0.996659,0,0.64000,0.41454,38.400,0.829,-1,350.000,-1,400.000,-1,300.000,300.000,325.000,325.000,-1,375.000,200.000,-1,675.000,725.000,-1,-1,2,0,2,0,2,0,0,0,0,2,0,0,2,0,0,2,2
8,-539.724,3649.698,-199.007,170.950,-0.985377,-0.156996,0.066214,0.160493,-0.985705,0.051257,0.057220,0.061134,0.996488,0,0.72000,0.41454,43.200,0.829,-1,375.000,-1,400.000,-1,300.000,300.000,325.000,325.000,-1,325.000,175.000,-1,675.000,725.000,-1,-1,2,0,2,0,2,0,0,0,0,2,0,0,2,0,0,2,2
9,-587.231,3656.560,-196.766,171.779,-0.987386,-0.142715,0.068562,0.146393,-0.987860,0.051984,0.060310,0.061365,0.996292,0,0.80000,0.41454,48.000,0.829,-1,375.000,-1,375.000,-1,300.000,300.000,325.000,325.000,-1,275.000,175.000,-1,675.000,725.000,-1,-1,2,0,2,0,2,0,0,0,0,2,0,0,2,0,0,2,2
10,-637.138,3663.033,-194.116,172.609,-0.989212,-0.128395,0.070523,0.132307,-0.989742,0.053908,0.062878,0.062657,0.996052,0,0.83876,0.41454,50.326,0.829,-1,375.000,-1,375.000,-1,300.000,300.000,325.000,325.000,-1,275.000,175.000,-1,675.000,725.000,-1,-1,2,0,2,0,2,0,0,0,0,2,0,0,2,0,0,2,2
11,-687.134,3668.782,-191.045,173.438,-0.990857,-0.114046,0.072078,0.118224,-0.991371,0.056621,0.064998,0.064625,0.995791,0,0.83876,0.41454,50.326,0.829,-1,375.000,-1,375.000,-1,300.000,300.000,325.000,325.000,-1,275.000,200.000,-1,700.000,725.000,-1,-1,2,0,2,0,2,0,0,0,0,2,0,0,2,0,0,2,2
12,-737.208,3673.809,-187.314,174.267,-0.992315,-0.099692,0.073295,0.103969,-0.992943,0.057048,0.067090,0.064230,0.995677,0,0.83876,0.41454,50.326,0.829,-1,375.000,-1,375.000,-1,300.000,300.000,325.000,325.000,-1,300.000,250.000,-1,700.000,725.000,-1,-1,2,0,2,0,2,0,0,0,0,2,0,0,2,0,0,2,2
13,-787.349,3678.112,-183.533,175.096,-0.993561,-0.085316,0.074545,0.089688,-0.994315,0.057400,0.069224,0.063716,0.995564,0,0.83876,0.41454,50.326,0.829,-1,375.000,-1,375.000,-1,300.000,300.000,325.000,325.000,-1,325.000,275.000,-1,700.000,725.000,-1,-1,2,0,2,0,2,0,0,0,0,2,0,0,2,0,0,2,2
14,-837.548,3681.688,-179.713,175.925,-0.994597,-0.070923,0.075802,0.075385,-0.995482,0.057723,0.071366,0.063126,0.995451,0,0.83876,0.41454,50.326,0.829,-1,375.000,-1,375.000,-1,300.000,300.000,325.000,325.000,-1,350.000,325.000,-1,725.000,725.000,-1,-1,2,0,2,0,2,0,0,0,0,2,0,0,2,0,0,2,2
15,-887.792,3684.538,-175.855,176.754,-0.995423,-0.056513,0.077066,0.061063,-0.996446,0.058022,0.073513,0.062462,0.995336,0,0.83876,0.41454,50.326,0.829,-1,375.000,-1,375.000,-1,300.000,300.000,325.000,325.000,-1,375.000,350.000,-1,725.000,725.000,-1,-1,2,0,2,0,2,0,0,0,0,2,0,0,2,0,0,2,2
16,-938.073,3686.661,-171.958,177.583,-0.996038,-0.042091,0.078335,0.046725,-0.997205,0.058299,0.075662,0.061728,0.995221,0,0.83876,0.41454,50.326,0.829,-1,375.000,-1,375.000,-1,300.000,300.000,325.000,325.000,-1,400.000,400.000,-1,725.000,725.000,-1,-1,2,0,2,0,2,0,0,0,0,2,0,0,2,0,0,2,2
17,-988.380,3688.055,-168.022,178.412,-0.996442,-0.027658,0.079609,0.032373,-0.997759,0.058558,0.077811,0.060927,0.995105,0,0.83876,0.41454,50.326,0.829,-1,375.000,-1,375.000,-1,300.000,300.000,325.000,325.000,-1,400.000,425.000,-1,750.000,725.000,-1,-1,2,0,2,0,2,0,0,0,0,2,0,0,2,0,0,2,2
18,-1038.701,3688.722,-164.050,179.241,-0.996636,-0.013219,0.080886,0.018011,-0.998107,0.058802,0.079956,0.060061,0.994987,0,0.83876,0.41454,50.326,0.829,-1,375.000,-1,375.000,-1,300.000,300.000,325.000,325.000,-1,425.000,450.000,-1,750.000,725.000,-1,-1,2,0,2,0,2,0,0,0,0,2,0,0,2,0,0,2,2
19,-1089.026,3688.661,-160.040,180.070,-0.996618,0.001225,0.082167,0.003640,-0.998249,0.059034,0.082096,0.059133,0.994869,0,0.83876,0.41454,50.326,0.829,-1,375.000,-1,375.000,-1,300.000,300.000,325.000,325.000,-1,375.000,475.000,-1,750.000,725.000,-1,-1,2,0,2,0,2,0,0,0,0,2,0,0,2,0,0,2,2
20,-1139.346,3687.872,-155.993,180.899,-0.996389,0.015670,0.083449,-0.010736,-0.998185,0.059258,0.084226,0.058148,0.994749,0,0.83876,0.41454,50.326,0.829,-1,375.000,-1,375.000,-1,300.000,300.000,325.000,325.000,-1,350.000,500.000,-1,775.000,725.000,-1,-1,2,0,2,0,2,0,0,0,0,2,0,0,2,0,0,2,2
21,-1192.284,3686.496,-151.708,181.488,-0.996059,0.025933,0.084823,-0.020921,-0.998012,0.059455,0.086196,0.057446,0.994621,0,0.88261,0.29454,52.956,0.589,-1,400.000,-1,375.000,-1,300.000,300.000,325.000,325.000,-1,300.000,450.000,-1,775.000,725.000,-1,-1,2,0,2,0,2,0,0,0,0,2,0,0,2,0,0,2,2
22,-1245.214,3684.798,-147.407,181.838,-0.995762,0.032014,0.086216,-0.026920,-0.997858,0.059617,0.087940,0.057043,0.994491,0,0.88261,0.17454,52.956,0.349,-1,400.000,-1,375.000,-1,325.000,325.000,325.000,325.000,-1,275.000,425.000,-1,775.000,725.000,-1,-1,2,0,2,0,2,0,0,0,0,2,0,0,2,0,0,2,2
23,-1298.140,3682.999,-143.083,181.947,-0.995580,0.033914,0.087584,-0.028740,-0.997804,0.059680,0.089415,0.056899,0.994368,0,0.88261,0.05454,52.956,0.109,-1,400.000,-1,375.000,-1,325.000,325.000,325.000,325.000,-1,250.000,400.000,-1,800.000,725.000,-1,-1,2,0,2,0,2,0,0,0,0,2,0,0,2,0,0,2,2
24,-1351.070,3681.322,-138.302,181.816,-0.995624,0.031635,0.087934,-0.026517,-0.997919,0.058779,0.089610,0.056190,0.994391,0,0.88261,-0.06546,52.956,-0.131,-1,400.000,-1,375.000,-1,325.000,325.000,325.000,325.000,-1,300.000,425.000,-1,800.000,725.000,-1,-1,2,0,2,0,2,0,0,0,0,2,0,0,2,0,0,2,2
25,-1404.009,3679.987,-133.500,181.445,-0.995792,0.025175,0.088114,-0.020107,-0.998118,0.057939,0.089407,0.055924,0.994424,0,0.88261,-0.18546,52.956,-0.371,-1,400.000,-1,375.000,-1,325.000,325.000,325.000,325.000,-1,325.000,475.000,-1,800.000,725.000,-1,-1,2,0,2,0,2,0,0,0,0,2,0,0,2,0,0,2,2
26,-1456.960,3679.216,-128.728,180.834,-0.995988,0.014531,0.088299,-0.009501,-0.998322,0.057121,0.088981,0.056053,0.994455,0,0.88261,-0.30546,52.956,-0.611,-1,400.000,-1,375.000,-1,325.000,325.000,325.000,325.000,-1,375.000,525.000,-1,825.000,725.000,-1,-1,2,0,2,0,2,0,0,0,0,2,0,0,2,0,0,2,2
27,-1509.917,3679.232,-123.996,179.983,-0.996077,-0.000296,0.088486,0.005301,-0.998398,0.056331,0.088328,0.056579,0.994483,0,0.88261,-0.42546,52.956,-0.851,-1,400.000,-1,375.000,-1,325.000,325.000,325.000,325.000,-1,425.000,550.000,-1,825.000,725.000,-1,-1,2,0,2,0,2,0,0,0,0,2,0,0,2,0,0,2,2
28,-1562.864,3680.255,-119.311,178.892,-0.995873,-0.019303,0.088677,0.024296,-0.998159,0.055576,0.087441,0.057501,0.994509,0,0.88261,-0.54546,52.956,-1.091,-1,400.000,-1,375.000,-1,325.000,325.000,325.000,325.000,-1,500.000,575.000,-1,825.000,725.000,-1,-1,2,0,2,0,2,0,0,0,0,2,0,0,2,0,0,2,2
29,-1615.773,3682.508,-114.686,177.561,-0.995137,-0.042479,0.088874,0.047473,-0.997365,0.054859,0.086309,0.058811,0.994531,0,0.88261,-0.66546,52.956,-1.331,-1,400.000,-1,375.000,-1,325.000,325.000,325.000,325.000,-1,575.000,600.000,-1,825.000,725.000,-1,-1,2,0,2,0,2,0,0,0,0,2,0,0,2,0,0,2,2
30,-1668.600,3686.210,-110.130,175.990,-0.993576,-0.069798,0.089081,0.074806,-0.995725,0.054182,0.084918,0.060498,0.994550,0,0.88261,-0.78546,52.956,-1.571,-1,400.000,-1,375.000,-1,325.000,325.000,325.000,325.000,-1,675.000,625.000,-1,825.000,725.000,-1,-1,2,0,2,0,2,0,0,0,0,2,0,0,2,0,0,2,2
31,-1721.289,3691.530,-105.655,174.232,-0.990941,-0.100301,0.089303,0.105334,-0.992994,0.053547,0.083306,0.062469,0.994564,0,0.88261,-0.87904,52.956,-1.758,-1,400.000,-1,375.000,-1,325.000,325.000,325.000,325.000,-1,775.000,625.000,-1,825.000,725.000,-1,-1,2,0,2,0,2,0,0,0,0,2,0,0,2,0,0,2,2
32,-1773.790,3698.465,-101.264,172.474,-0.987369,-0.130702,0.089548,0.135763,-0.989325,0.052957,0.081671,0.064445,0.994574,0,0.88261,-0.87904,52.956,-1.758,-1,400.000,-1,375.000,-1,325.000,325.000,325.000,325.000,-1,875.000,650.000,-1,825.000,725.000,-1,-1,2,0,2,0,2,0,0,0,0,2,0,0,2,0,0,2,2
33,-1826.054,3707.007,-96.960,170.716,-0.982863,-0.160971,0.089825,0.166064,-0.984722,0.052394,0.080019,0.066413,0.994578,0,0.88261,-0.87904,52.956,-1.758,-1,400.000,-1,375.000,-1,325.000,325.000,325.000,325.000,-1,1000.000,700.000,-1,825.000,725.000,-1,-1,2,0,2,0,2,0,0,0,0,2,0,0,2,0,0,2,2
34,-1878.031,3717.148,-92.748,168.958,-0.977427,-0.191081,0.090140,0.196207,-0.979191,0.051840,0.078359,0.068356,0.994579,0,0.88261,-0.87904,52.956,-1.758,-1,400.000,-1,375.000,-1,325.000,325.000,325.000,325.000,-1,-1,775.000,-1,825.000,700.000,-1,-1,2,0,2,0,2,0,0,0,0,2,2,0,2,0,0,2,2
35,-1929.673,3728.880,-88.682,167.200,-0.971067,-0.221006,0.090472,0.226147,-0.972754,0.051061,0.076722,0.070043,0.994589,0,0.88261,-0.87904,52.956,-1.758,-1,400.000,-1,375.000,-1,325.000,325.000,325.000,325.000,-1,-1,875.000,-1,825.000,700.000,-1,-1,2,0,2,0,2,0,0,0,0,2,2,0,2,0,0,2,2
36,-1980.930,3742.190,-84.816,165.442,-0.963817,-0.250724,0.090520,0.255832,-0.965432,0.049910,0.074877,0.071262,0.994643,0,0.88261,-0.87904,52.956,-1.758,-1,400.000,-1,375.000,-1,325.000,325.000,325.000,325.000,-1,-1,975.000,-1,800.000,700.000,-1,-1,2,0,2,0,2,0,0,0,0,2,2,0,2,0,0,2,2
37,-2031.755,3757.067,-80.988,163.684,-0.955657,-0.280201,0.090598,0.285278,-0.957203,0.048776,0.073054,0.072459,0.994692,0,0.88261,-0.87904,52.956,-1.758,-1,400.000,-1,375.000,-1,325.000,325.000,325.000,325.000,-1,-1,-1,-1,800.000,700.000,-1,-1,2,0,2,0,2,0,0,0,0,2,2,2,2,0,0,2,2
38,-2082.099,3773.497,-77.224,161.926,-0.946615,-0.309410,0.090477,0.314444,-0.948079,0.047655,0.071034,0.073561,0.994758,0,0.88261,-0.87904,52.956,-1.758,-1,400.000,-1,375.000,-1,325.000,325.000,325.000,325.000,-1,-1,-1,-1,800.000,700.000,-1,-1,2,0,2,0,2,0,0,0,0,2,2,2,2,0,0,2,2
39,-2131.916,3791.463,-73.596,160.168,-0.936692,-0.338323,0.090254,0.343311,-0.938064,0.046625,0.068889,0.074658,0.994827,0,0.88261,-0.87904,52.956,-1.758,-1,400.000,-1,375.000,-1,325.000,325.000,325.000,325.000,-1,-1,-1,-1,800.000,700.000,-1,-1,2,0,2,0,2,0,0,0,0,2,2,2,2,0,0,2,2
40,-2176.621,3809.370,-70.366,158.169,-0.924334,-0.370783,0.090143,0.375746,-0.925595,0.045709,0.066488,0.076122,0.994879,0,0.80261,-0.99904,48.156,-1.998,-1,400.000,-1,375.000,-1,325.000,300.000,325.000,325.000,-1,-1,-1,-1,775.000,700.000,-1,-1,2,0,2,0,2,0,0,0,0,2,2,2,2,0,0,2,2
41,-2219.272,3828.208,-67.314,156.169,-0.910831,-0.402813,0.090154,0.407764,-0.911984,0.044873,0.064144,0.077633,0.994916,0,0.77708,-1.00000,46.625,-2.000,-1,400.000,-1,375.000,-1,325.000,300.000,325.000,325.000,-1,-1,-1,-1,775.000,675.000,-1,-1,2,0,2,0,2,0,0,0,0,2,2,2,2,0,0,2,2
42,-2261.240,3848.522,-64.339,154.169,-0.896211,-0.434343,0.090290,0.439293,-0.897262,0.044076,0.061870,0.079165,0.994940,0,0.77708,-1.00000,46.625,-2.000,-1,400.000,-1,375.000,-1,325.000,300.000,325.000,325.000,-1,-1,-1,-1,750.000,675.000,-1,-1,2,0,2,0,2,0,0,0,0,2,2,2,2,0,0,2,2
43,-2302.474,3870.289,-61.443,152.169,-0.880491,-0.465334,0.090554,0.470293,-0.881447,0.043301,0.059669,0.080713,0.994950,0,0.77708,-1.00000,46.625,-2.000,-1,400.000,-1,375.000,-1,325.000,300.000,325.000,325.000,-1,-1,-1,-1,750.000,675.000,-1,-1,2,0,2,0,2,0,0,0,0,2,2,2,2,0,0,2,2
44,-2342.923,3893.481,-58.623,150.169,-0.863690,-0.495750,0.090946,0.500727,-0.864561,0.042516,0.057551,0.082260,0.994948,0,0.77708,-1.00000,46.625,-2.000,-1,375.000,-1,375.000,-1,300.000,300.000,325.000,325.000,-1,-1,-1,-1,750.000,675.000,-1,-1,2,0,2,0,2,0,0,0,0,2,2,2,2,0,0,2,2
45,-2382.538,3918.071,-55.866,148.169,-0.845828,-0.525556,0.091471,0.530555,-0.846628,0.041632,0.055562,0.083744,0.994937,0,0.77708,-1.00000,46.625,-2.000,-1,375.000,-1,375.000,-1,300.000,300.000,325.000,325.000,-1,-1,-1,-1,750.000,675.000,-1,-1,2,0,2,0,2,0,0,0,0,2,2,2,2,0,0,2,2
46,-2421.270,3944.029,-53.219,146.169,-0.826926,-0.554715,0.092112,0.559741,-0.827670,0.040638,0.053696,0.085163,0.994919,0,0.77708,-1.00000,46.625,-2.000,-1,375.000,-1,375.000,-1,300.000,300.000,325.000,325.000,-1,-1,-1,-1,725.000,675.000,-1,-1,2,0,2,0,2,0,0,0,0,2,2,2,2,0,0,2,2
47,-2459.073,3971.323,-50.741,144.169,-0.806998,-0.583206,0.092869,0.588248,-0.807728,0.039234,0.052132,0.086292,0.994905,0,0.77708,-1.00000,46.625,-2.000,-1,375.000,-1,375.000,-1,300.000,300.000,325.000,325.000,-1,-1,-1,-1,725.000,700.000,-1,-1,2,0,2,0,2,0,0,0,0,2,2,2,2,0,0,2,2
48,-2495.901,3999.920,-48.329,142.169,-0.786089,-0.610973,0.093684,0.616045,-0.786796,0.037943,0.050529,0.087540,0.994879,0,0.77708,-1.00000,46.625,-2.000,-1,375.000,-1,375.000,-1,300.000,300.000,325.000,325.000,-1,-1,925.000,-1,725.000,700.000,-1,-1,2,0,2,0,2,0,0,0,0,2,2,0,2,0,0,2,2
49,-2531.708,4029.784,-46.011,140.169,-0.764221,-0.637988,0.094536,0.643095,-0.764909,0.036649,0.048930,0.088804,0.994847,0,0.77708,-1.00000,46.625,-2.000,-1,375.000,-1,375.000,-1,300.000,300.000,325.000,325.000,-1,800.000,725.000,-1,725.000,700.000,-1,-1,2,0,2,0,2,0,0,0,0,2,0,0,2,0,0,2,2
50,-2566.451,4060.880,-43.867,138.169,-0.741446,-0.664237,0.095115,0.669350,-0.742113,0.035199,0.047205,0.089763,0.994844,0,0.77708,-1.00000,46.625,-2.000,-1,375.000,-1,375.000,-1,300.000,300.000,325.000,325.000,-1,700.000,625.000,-1,725.000,700.000,-1,-1,2,0,2,0,2,0,0,0,0,2,0,0,2,0,0,2,2
51,-2600.088,4093.170,-41.793,136.169,-0.717770,-0.689664,0.095759,0.694796,-0.718409,0.033859,0.045443,0.090836,0.994828,0,0.77708,-1.00000,46.625,-2.000,-1,375.000,-1,375.000,-1,300.000,300.000,325.000,325.000,-1,650.000,575.000,-1,725.000,700.000,-1,-1,2,0,2,0,2,0,0,0,0,2,0,0,2,0,0,2,2
52,-2632.578,4126.613,-39.793,134.169,-0.693222,-0.714238,0.096475,0.719402,-0.693827,0.032626,0.043634,0.092021,0.994801,0,0.77708,-1.00000,46.625,-2.000,-1,375.000,-1,375.000,-1,300.000,300.000,325.000,325.000,-1,600.000,525.000,-1,725.000,700.000,-1,-1,2,0,2,0,2,0,0,0,0,2,0,0,2,0,0,2,2
53,-2663.880,4161.171,-37.869,132.169,-0.667834,-0.737928,0.097264,0.743138,-0.668397,0.031498,0.041767,0.093316,0.994760,0,0.77708,-1.00000,46.625,-2.000,-1,375.000,-1,375.000,-1,300.000,300.000,325.000,325.000,-1,550.000,500.000,-1,725.000,725.000,-1,-1,2,0,2,0,2,0,0,0,0,2,0,0,2,0,0,2,2
54,-2693.958,4196.799,-36.042,130.169,-0.641641,-0.760706,0.098099,0.765971,-0.642153,0.030469,0.039817,0.094692,0.994710,0,0.77708,-1.00000,46.625,-2.000,-1,375.000,-1,375.000,-1,300.000,300.000,325.000,325.000,-1,550.000,500.000,-1,725.000,725.000,-1,-1,2,0,2,0,2,0,0,0,0,2,0,0,2,0,0,2,2
55,-2722.774,4233.456,-34.414,128.169,-0.614691,-0.782554,0.098814,0.787868,-0.615135,0.029540,0.037667,0.096010,0.994667,0,0.77708,-1.00000,46.625,-2.000,-1,375.000,-1,375.000,-1,325.000,300.000,325.000,325.000,-1,525.000,500.000,-1,725.000,725.000,-1,-1,2,0,2,0,2,0,0,0,0,2,0,0,2,0,0,2,2
56,-2753.299,4274.843,-32.697,126.409,-0.590342,-0.800982,0.099624,0.806354,-0.590740,0.028637,0.035914,0.097238,0.994613,0,0.85708,-0.88000,51.425,-1.760,-1,375.000,-1,375.000,-1,325.000,325.000,325.000,325.000,-1,525.000,500.000,-1,725.000,725.000,-1,-1,2,0,2,0,2,0,0,0,0,2,0,0,2,0,0,2,2
57,-2785.439,4320.930,-30.881,124.889,-0.568849,-0.816276,0.100523,0.821716,-0.569220,0.027774,0.034548,0.098401,0.994547,0,0.93643,-0.76000,56.186,-1.520,-1,375.000,-1,375.000,-1,325.000,325.000,325.000,325.000,-1,550.000,500.000,-1,725.000,725.000,-1,-1,2,0,2,0,2,0,0,0,0,2,0,0,2,0,0,2,2
58,-2816.541,4367.724,-29.100,123.609,-0.550430,-0.828698,0.101426,0.834211,-0.550783,0.027026,0.033468,0.099487,0.994476,0,0.93643,-0.64000,56.186,-1.280,-1,375.000,-1,375.000,-1,325.000,325.000,325.000,325.000,-1,575.000,525.000,-1,725.000,725.000,-1,-1,2,0,2,0,2,0,0,0,0,2,0,0,2,0,0,2,2
59,-2846.834,4415.145,-27.316,122.569,-0.535255,-0.838477,0.102264,0.844060,-0.535600,0.026385,0.032649,0.100440,0.994407,0,0.93782,-0.52000,56.269,-1.040,-1,375.000,-1,375.000,-1,325.000,325.000,325.000,325.000,-1,600.000,550.000,-1,725.000,725.000,-1,-1,2,0,2,0,2,0,0,0,0,2,0,0,2,0,0,2,2
60,-2876.527,4463.090,-25.499,121.769,-0.523454,-0.845806,0.102996,0.851450,-0.523799,0.025848,0.032087,0.101226,0.994346,0,0.93991,-0.40000,56.395,-0.800,-1,375.000,-1,375.000,-1,325.000,325.000,325.000,325.000,-1,625.000,575.000,-1,725.000,750.000,-1,-1,2,0,2,0,2,0,0,0,0,2,0,0,2,0,0,2,2
61,-2905.707,4511.483,-23.712,121.089,-0.513312,-0.851915,0.103695,0.857613,-0.513678,0.025199,0.031798,0.101865,0.994290,0,0.94181,-0.34042,56.509,-0.681,-1,375.000,-1,375.000,-1,325.000,325.000,325.000,325.000,-1,650.000,600.000,-1,725.000,750.000,-1,-1,2,0,2,0,2,0,0,0,0,2,0,0,2,0,0,2,2
62,-2934.366,4560.305,-21.909,120.413,-0.503166,-0.857870,0.104323,0.863611,-0.503571,0.024358,0.031638,0.102350,0.994245,0,0.94352,-0.33784,56.611,-0.676,-1,375.000,-1,400.000,-1,325.000,325.000,325.000,325.000,-1,675.000,625.000,-1,725.000,750.000,-1,-1,2,0,2,0,2,0,0,0,0,2,0,0,2,0,0,2,2
63,-2962.497,4609.537,-20.111,119.743,-0.493038,-0.863647,0.105007,0.869442,-0.493468,0.023668,0.031377,0.102967,0.994190,0,0.94502,-0.33516,56.701,-0.670,-1,375.000,-1,400.000,-1,325.000,325.000,325.000,325.000,-1,725.000,650.000,-1,725.000,750.000,-1,-1,2,0,2,0,2,0,0,0,0,2,0,0,2,0,0,2,2
64,-2990.092,4659.159,-18.321,119.078,-0.482936,-0.869246,0.105755,0.875106,-0.483377,0.023138,0.031007,0.103721,0.994123,0,0.94631,-0.33237,56.778,-0.665,-1,375.000,-1,400.000,-1,325.000,325.000,325.000,325.000,-1,750.000,675.000,-1,750.000,750.000,-1,-1,2,0,2,0,2,0,0,0,0,2,0,0,2,0,0,2,2
65,-3017.146,4709.151,-16.604,118.419,-0.472855,-0.874684,0.106474,0.880606,-0.473313,0.022530,0.030689,0.104415,0.994060,0,0.94737,-0.32949,56.842,-0.659,-1,400.000,-1,400.000,-1,325.000,325.000,325.000,325.000,-1,775.000,700.000,-1,750.000,750.000,-1,-1,2,0,2,0,2,0,0,0,0,2,0,0,2,0,0,2,2
66,-3043.650,4759.493,-14.960,117.766,-0.462807,-0.879951,0.107220,0.885941,-0.463276,0.022010,0.030305,0.105176,0.993992,0,0.94819,-0.32652,56.892,-0.653,-1,400.000,-1,400.000,-1,325.000,325.000,325.000,325.000,-1,800.000,725.000,-1,750.000,750.000,-1,-1,2,0,2,0,2,0,0,0,0,2,0,0,2,0,0,2,2
67,-3069.601,4810.162,-13.396,117.119,-0.452826,-0.885074,0.107673,0.891105,-0.453284,0.021599,0.029690,0.105729,0.993952,0,0.94879,-0.32349,56.927,-0.647,-1,400.000,-1,400.000,-1,325.000,325.000,325.000,325.000,-1,825.000,750.000,-1,750.000,750.000,-1,-1,2,0,2,0,2,0,0,0,0,2,0,0,2,0,0,2,2
68,-3094.993,4861.137,-11.857,116.478,-0.442890,-0.890034,0.108112,0.896106,-0.443330,0.021248,0.029018,0.106291,0.993912,0,0.94914,-0.32039,56.948,-0.641,-1,400.000,-1,400.000,-1,325.000,325.000,300.000,325.000,-1,875.000,775.000,-1,750.000,750.000,-1,-1,2,0,2,0,2,0,0,0,0,2,0,0,2,0,0,2,2
69,-3119.821,4912.397,-10.346,115.844,-0.433003,-0.894834,0.108538,0.900948,-0.433420,0.020956,0.028291,0.106861,0.993871,0,0.94925,-0.31726,56.955,-0.635,-1,400.000,-1,400.000,-1,325.000,325.000,300.000,300.000,-1,900.000,825.000,-1,750.000,750.000,-1,-1,2,0,2,0,2,0,0,0,0,2,0,0,2,0,0,2,2
70,-3144.083,4963.919,-8.862,115.215,-0.423170,-0.899476,0.108952,0.905633,-0.423557,0.020721,0.027509,0.107439,0.993831,0,0.94913,-0.31410,56.948,-0.628,-1,400.000,-1,400.000,-1,325.000,325.000,300.000,300.000,-1,950.000,850.000,-1,725.000,750.000,-1,-1,2,0,2,0,2,0,0,0,0,2,0,0,2,0,0,2,2
71,-3167.776,5015.682,-7.407,114.594,-0.413392,-0.903962,0.109357,0.910162,-0.413742,0.020544,0.026674,0.108025,0.993790,0,0.94877,-0.31095,56.926,-0.622,-1,400.000,-1,400.000,-1,325.000,325.000,300.000,300.000,-1,1000.000,900.000,-1,725.000,750.000,-1,-1,2,0,2,0,2,0,0,0,0,2,0,0,2,0,0,2,2
72,-3190.896,5067.664,-5.982,113.978,-0.403673,-0.908296,0.109754,0.914540,-0.403980,0.020423,0.025788,0.108618,0.993749,0,0.94820,-0.30781,56.892,-0.616,-1,400.000,-1,400.000,-1,325.000,325.000,300.000,300.000,-1,-1,925.000,-1,725.000,750.000,-1,-1,2,0,2,0,2,0,0,0,0,2,2,0,2,0,0,2,2
73,-3213.443,5119.847,-4.583,113.367,-0.393996,-0.912490,0.110128,0.918776,-0.394253,0.020362,0.024838,0.109206,0.993709,0,0.94740,-0.30526,56.844,-0.611,-1,400.000,-1,400.000,-1,325.000,325.000,300.000,300.000,-1,-1,975.000,-1,725.000,750.000,-1,-1,2,0,2,0,2,0,0,0,0,2,2,0,2,0,0,2,2
74,-3235.412,5172.210,-3.186,112.760,-0.384345,-0.916572,0.110337,0.922884,-0.384536,0.020402,0.023729,0.109670,0.993685,0,0.94642,-0.30374,56.785,-0.607,-1,375.000,-1,400.000,-1,325.000,325.000,300.000,300.000,-1,-1,-1,-1,725.000,750.000,-1,-1,2,0,2,0,2,0,0,0,0,2,2,2,2,0,0,2,2
75,-3256.801,5224.739,-1.857,112.155,-0.374703,-0.920530,0.110552,0.926871,-0.374819,0.020520,0.022548,0.110157,0.993658,0,0.94525,-0.30242,56.715,-0.605,-1,375.000,-1,400.000,-1,325.000,325.000,300.000,300.000,-1,-1,-1,-1,725.000,750.000,-1,-1,2,0,2,0,2,0,0,0,0,2,2,2,2,0,0,2,2
76,-3277.607,5277.415,-0.567,111.552,-0.365050,-0.924362,0.110876,0.930742,-0.365093,0.020649,0.021393,0.110734,0.993620,0,0.94392,-0.30131,56.635,-0.603,-1,375.000,-1,400.000,-1,325.000,325.000,300.000,300.000,-1,-1,-1,-1,725.000,750.000,-1,-1,2,0,2,0,2,0,0,0,0,2,2,2,2,0,0,2,2
77,-3298.119,5331.025,0.680,110.938,-0.355152,-0.928161,0.111285,0.934588,-0.355130,0.020696,0.020311,0.111356,0.993573,0,0.95667,-0.30736,57.400,-0.615,-1,375.000,-1,400.000,-1,325.000,325.000,300.000,300.000,-1,-1,-1,-1,700.000,750.000,-1,-1,2,0,2,0,2,0,0,0,0,2,2,2,2,0,0,2,2
78,-3318.057,5384.832,1.826,110.331,-0.345302,-0.931802,0.111858,0.938288,-0.345249,0.020467,0.019547,0.112022,0.993513,0,0.95636,-0.30356,57.381,-0.607,-1,375.000,-1,400.000,-1,325.000,325.000,300.000,300.000,-1,-1,-1,-1,700.000,750.000,-1,-1,2,0,2,0,2,0,0,0,0,2,2,2,2,0,0,2,2
79,-3337.418,5438.811,2.961,109.731,-0.335525,-0.935278,0.112594,0.941841,-0.335452,0.020170,0.018905,0.112813,0.993436,0,0.95576,-0.29971,57.345,-0.599,-1,375.000,-1,400.000,-1,325.000,325.000,300.000,300.000,-1,-1,-1,-1,700.000,750.000,-1,-1,2,0,2,0,2,0,0,0,0,2,2,2,2,0,0,2,2
80,-3356.204,5492.937,4.057,109.139,-0.325837,-0.938606,0.113357,0.945249,-0.325746,0.019848,0.018297,0.113618,0.993356,0,0.95487,-0.29583,57.292,-0.592,-1,375.000,-1,400.000,-1,325.000,325.000,300.000,300.000,-1,-1,-1,-1,700.000,750.000,-1,-1,2,0,2,0,2,0,0,0,0,2,2,2,2,0,0,2,2
81,-3374.415,5547.185,5.112,108.556,-0.316239,-0.941787,0.114145,0.948514,-0.316134,0.019501,0.017720,0.114435,0.993273,0,0.95371,-0.29194,57.223,-0.584,-1,375.000,-1,400.000,-1,325.000,325.000,300.000,300.000,-1,-1,-1,-1,700.000,750.000,-1,-1,2,0,2,0,2,0,0,0,0,2,2,2,2,0,0,2,2
82,-3392.052,5601.533,6.126,107.979,-0.306723,-0.944831,0.114955,0.951644,-0.306608,0.019130,0.017171,0.115264,0.993186,0,0.95229,-0.28841,57.137,-0.577,-1,375.000,-1,400.000,-1,325.000,325.000,300.000,300.000,-1,-1,-1,-1,700.000,750.000,-1,-1,2,0,2,0,2,0,0,0,0,2,2,2,2,0,0,2,2
83,-3407.915,5651.409,7.044,107.642,-0.301124,-0.946539,0.115710,0.953432,-0.301023,0.018769,0.017065,0.115974,0.993106,0,0.87229,-0.16841,52.337,-0.337,-1,375.000,-1,400.000,-1,325.000,325.000,300.000,300.000,-1,-1,-1,-1,700.000,750.000,-1,-1,2,0,2,0,2,0,0,0,0,2,2,2,2,0,0,2,2
84,-3422.247,5696.735,7.889,107.545,-0.299463,-0.946980,0.116406,0.953949,-0.299402,0.018424,0.017405,0.116562,0.993031,0,0.79229,-0.04841,47.537,-0.097,-1,375.000,-1,400.000,-1,325.000,325.000,300.000,300.000,-1,-1,-1,-1,700.000,750.000,-1,-1,2,0,2,0,2,0,0,0,0,2,2,2,2,0,0,2,2
85,-3435.087,5737.498,8.659,107.483,-0.298371,-0.947246,0.117044,0.954284,-0.298352,0.018097,0.017778,0.117093,0.992962,0,0.71229,-0.03119,42.737,-0.062,-1,375.000,-1,400.000,-1,325.000,325.000,300.000,300.000,-1,-1,-1,-1,700.000,750.000,-1,-1,2,0,2,0,2,0,0,0,0,2,2,2,2,0,0,2,2
86,-3446.446,5773.695,9.350,107.422,-0.297311,-0.947508,0.117620,0.954609,-0.297330,0.017792,0.018114,0.117571,0.992899,0,0.63229,-0.03040,37.937,-0.061,-1,375.000,-1,400.000,-1,325.000,325.000,300.000,300.000,-1,-1,-1,-1,700.000,750.000,-1,-1,2,0,2,0,2,0,0,0,0,2,2,2,2,0,0,2,2
87,-3456.335,5805.322,9.950,107.362,-0.296273,-0.947773,0.118104,0.954925,-0.296331,0.017475,0.018436,0.117958,0.992847,0,0.55229,-0.02978,33.137,-0.060,-1,375.000,-1,400.000,-1,300.000,325.000,300.000,300.000,-1,-1,-1,-1,700.000,750.000,-1,-1,2,0,2,0,2,0,0,0,0,2,2,2,2,0,0,2,2
88,-3464.765,5832.377,10.465,107.304,-0.295257,-0.948035,0.118546,0.955235,-0.295348,0.017199,0.018707,0.118317,0.992800,0,0.47229,-0.02932,28.337,-0.059,-1,375.000,-1,375.000,-1,300.000,325.000,300.000,300.000,-1,-1,-1,-1,675.000,725.000,-1,-1,2,0,2,0,2,0,0,0,0,2,2,2,2,0,0,2,2
89,-3471.743,5854.856,10.906,107.246,-0.294257,-0.948302,0.118895,0.955539,-0.294380,0.016935,0.018941,0.118592,0.992762,0,0.39229,-0.02898,23.537,-0.058,-1,375.000,-1,375.000,-1,300.000,325.000,300.000,300.000,-1,-1,-1,-1,675.000,725.000,-1,-1,2,0,2,0,2,0,0,0,0,2,2,2,2,0,0,2,2
90,-3477.281,5872.756,11.278,107.188,-0.293270,-0.948579,0.119127,0.955838,-0.293423,0.016654,0.019157,0.118751,0.992739,0,0.31229,-0.02873,18.737,-0.057,-1,375.000,-1,375.000,-1,300.000,325.000,300.000,300.000,-1,-1,-1,-1,675.000,725.000,-1,-1,2,0,2,0,2,0,0,0,0,2,2,2,2,0,0,2,2
91,-3481.386,5886.075,11.555,107.131,-0.292299,-0.948857,0.119301,0.956132,-0.292473,0.016444,0.019289,0.118874,0.992722,0,0.23229,-0.02856,13.937,-0.057,-1,375.000,-1,375.000,-1,300.000,325.000,300.000,300.000,-1,-1,-1,-1,675.000,725.000,-1,-1,2,0,2,0,2,0,0,0,0,2,2,2,2,0,0,2,2
92,-3484.069,5894.810,11.737,107.074,-0.291342,-0.949136,0.119414,0.956424,-0.291527,0.016306,0.019336,0.118961,0.992711,0,0.15229,-0.02845,9.137,-0.057,-1,375.000,-1,375.000,-1,300.000,325.000,300.000,300.000,-1,-1,-1,-1,675.000,725.000,-1,-1,2,0,2,0,2,0,0,0,0,2,2,2,2,0,0,2,2
93,-3488.204,5908.119,12.028,107.257,-0.294321,-0.948195,0.119590,0.955498,-0.294558,0.016097,0.019963,0.119006,0.992693,0,0.23229,0.09155,13.937,0.183,-1,375.000,-1,375.000,-1,300.000,325.000,300.000,300.000,-1,-1,-1,-1,675.000,725.000,-1,-1,2,0,2,0,2,0,0,0,0,2,2,2,2,0,0,2,2
94,-3493.895,5925.970,12.443,107.681,-0.301222,-0.945995,0.119828,0.953319,-0.301552,0.015811,0.021177,0.118997,0.992669,0,0.31229,0.21155,18.737,0.423,-1,375.000,-1,375.000,-1,300.000,325.000,300.000,300.000,-1,-1,-1,-1,675.000,725.000,-1,-1,2,0,2,0,2,0,0,0,0,2,2,2,2,0,0,2,2
95,-3501.303,5948.311,13.006,108.344,-0.312018,-0.942451,0.120131,0.949798,-0.312483,0.015439,0.022988,0.118918,0.992638,0,0.39229,0.33155,23.537,0.663,-1,375.000,-1,375.000,-1,300.000,325.000,300.000,300.000,-1,-1,-1,-1,675.000,725.000,-1,-1,2,0,2,0,2,0,0,0,0,2,2,2,2,0,0,2,2
96,-3510.644,5975.063,13.759,109.247,-0.326663,-0.937426,0.120518,0.944800,-0.327304,0.014997,0.025387,0.118764,0.992598,0,0.47229,0.45155,28.337,0.903,-1,375.000,-1,375.000,-1,300.000,325.000,300.000,300.000,-1,-1,1000.000,-1,675.000,725.000,-1,-1,2,0,2,0,2,0,0,0,0,2,2,0,2,0,0,2,2
97,-3522.189,6006.122,14.749,110.390,-0.345091,-0.930735,0.121011,0.938141,-0.345950,0.014506,0.028362,0.118532,0.992545,0,0.55229,0.57155,33.137,1.143,-1,375.000,-1,375.000,-1,300.000,300.000,300.000,325.000,-1,-1,950.000,-1,675.000,725.000,-1,-1,2,0,2,0,2,0,0,0,0,2,2,0,2,0,0,2,2
98,-3536.261,6041.350,16.040,111.773,-0.367195,-0.922149,0.121695,0.929592,-0.368329,0.013865,0.032038,0.118218,0.992471,0,0.63229,0.69155,37.937,1.383,-1,375.000,-1,375.000,-1,300.000,300.000,300.000,325.000,-1,1000.000,900.000,-1,675.000,725.000,-1,-1,2,0,2,0,2,0,0,0,0,2,0,0,2,0,0,2,2
99,-3553.230,6080.572,17.700,113.395,-0.392834,-0.911398,0.122622,0.918887,-0.394306,0.013052,0.036455,0.117803,0.992368,0,0.71229,0.81108,42.737,1.622,-1,375.000,-1,375.000,-1,300.000,300.000,300.000,325.000,-1,925.000,825.000,-1,675.000,725.000,-1,-1,2,0,2,0,2,0,0,0,0,2,0,0,2,0,0,2,2
100,-3573.333,6123.647,19.742,115.018,-0.418147,-0.899922,0.123665,0.907452,-0.419982,0.012103,0.041046,0.117281,0.992250,0,0.79229,0.81134,47.537,1.623,-1,375.000,-1,375.000,-1,300.000,300.000,300.000,325.000,-1,850.000,775.000,-1,675.000,700.000,-1,-1,2,0,2,0,2,0,0,0,0,2,0,0,2,0,0,2,2
101,-3596.552,6169.929,22.187,116.641,-0.443116,-0.887733,0.124814,0.895294,-0.445340,0.011020,0.045802,0.116628,0.992119,0,0.86304,0.81162,51.782,1.623,-1,375.000,-1,375.000,-1,300.000,300.000,300.000,325.000,-1,775.000,725.000,-1,700.000,700.000,-1,-1,2,0,2,0,2,0,0,0,0,2,0,0,2,0,0,2,2
102,-3621.062,6215.515,24.854,118.265,-0.467739,-0.874844,0.125970,0.882417,-0.470364,0.009888,0.050601,0.115783,0.991985,0,0.86266,0.81190,51.760,1.624,-1,375.000,-1,375.000,-1,300.000,300.000,325.000,325.000,-1,725.000,675.000,-1,700.000,700.000,-1,-1,2,0,2,0,2,0,0,0,0,2,0,0,2,0,0,2,2
103,-3646.842,6260.368,27.743,119.889,-0.491996,-0.861264,0.127136,0.868831,-0.495033,0.008707,0.055438,0.114744,0.991847,0,0.86227,0.81215,51.736,1.624,-1,375.000,-1,375.000,-1,300.000,300.000,325.000,325.000,-1,675.000,625.000,-1,725.000,700.000,-1,-1,2,0,2,0,2,0,0,0,0,2,0,0,2,0,0,2,2
104,-3673.871,6304.452,30.838,121.514,-0.515872,-0.846997,0.128343,0.854544,-0.519323,0.007556,0.060252,0.113573,0.991701,0,0.86187,0.81236,51.712,1.625,-1,375.000,-1,375.000,-1,300.000,300.000,325.000,325.000,-1,650.000,600.000,-1,750.000,700.000,-1,-1,2,0,2,0,2,0,0,0,0,2,0,0,2,0,0,2,2
105,-3702.126,6347.732,34.137,123.139,-0.539347,-0.832053,0.129587,0.839569,-0.543215,0.006442,0.065034,0.112272,0.991547,0,0.86147,0.81253,51.688,1.625,-1,375.000,-1,375.000,-1,300.000,300.000,325.000,325.000,-1,600.000,575.000,-1,775.000,700.000,-1,-1,2,0,2,0,2,0,0,0,0,2,0,0,2,0,0,2,2
106,-3731.583,6390.173,37.698,124.764,-0.562432,-0.816462,0.130612,0.823905,-0.566702,0.005361,0.069641,0.110628,0.991419,0,0.86107,0.81267,51.664,1.625,-1,375.000,-1,375.000,-1,300.000,300.000,325.000,325.000,-1,575.000,550.000,-1,800.000,700.000,-1,-1,2,0,2,0,2,0,0,0,0,2,0,0,2,0,0,2,2
107,-3762.217,6431.742,41.501,126.390,-0.585101,-0.800228,0.131498,0.807567,-0.589761,0.004294,0.074117,0.108706,0.991307,0,0.86066,0.81278,51.639,1.626,-1,375.000,-1,375.000,-1,300.000,300.000,325.000,325.000,-1,575.000,550.000,-1,800.000,700.000,-1,-1,2,0,2,0,2,0,0,0,0,2,0,0,2,0,0,2,2
108,-3794.003,6472.406,45.520,128.016,-0.607321,-0.783355,0.132352,0.790567,-0.612367,0.003227,0.078520,0.106593,0.991197,0,0.86025,0.81286,51.615,1.626,-1,400.000,-1,375.000,-1,300.000,300.000,325.000,325.000,-1,550.000,550.000,-1,825.000,700.000,-1,-1,2,0,2,0,2,0,0,1,0,2,0,0,2,0,0,2,2
109,-3826.913,6512.133,49.804,129.641,-0.629066,-0.765868,0.133123,0.772909,-0.634514,0.001932,0.082988,0.104107,0.991098,0,0.85984,0.81290,51.590,1.626,-1,400.000,-1,375.000,-1,300.000,300.000,325.000,325.000,-1,550.000,550.000,-1,850.000,725.000,-1,-1,2,0,2,0,2,0,0,1,0,2,0,0,2,0,0,2,2
110,-3863.129,6553.761,54.401,131.027,-0.647316,-0.750542,0.132927,0.757305,-0.653061,0.000495,0.086438,0.100987,0.991126,0,0.91963,0.69290,55.178,1.386,-1,400.000,-1,375.000,-1,325.000,300.000,325.000,325.000,-1,550.000,575.000,-1,875.000,725.000,-1,-1,2,0,2,0,2,0,0,1,0,2,0,0,2,0,0,2,2
111,-3900.138,6594.622,58.911,132.173,-0.662308,-0.737620,0.131396,0.743982,-0.668199,-0.001005,0.088539,0.097090,0.991330,0,0.91885,0.57290,55.131,1.146,-1,400.000,-1,375.000,-1,325.000,300.000,325.000,325.000,-1,575.000,600.000,-1,875.000,725.000,-1,-1,2,0,2,0,2,0,0,0,0,2,0,0,2,0,0,2,2
112,-3937.748,6634.850,63.561,133.079,-0.674021,-0.727217,0.129811,0.733196,-0.680012,-0.002518,0.090104,0.093480,0.991536,0,0.91786,0.45290,55.071,0.906,-1,400.000,-1,375.000,-1,325.000,300.000,325.000,325.000,-1,625.000,650.000,-1,950.000,750.000,-1,-1,2,0,2,0,2,0,0,0,0,2,0,0,2,0,0,2,2
113,-3975.774,6674.585,68.378,133.745,-0.682585,-0.719472,0.128206,0.725119,-0.688614,-0.003768,0.090995,0.090393,0.991740,0,0.91665,0.33290,54.999,0.666,-1,425.000,-1,375.000,-1,325.000,325.000,325.000,325.000,-1,675.000,725.000,-1,1000.000,750.000,-1,-1,2,0,2,0,2,0,0,0,0,2,0,0,2,0,0,2,2
114,-4014.036,6713.976,73.310,134.170,-0.688088,-0.714503,0.126576,0.719858,-0.694104,-0.004847,0.091320,0.087782,0.991945,0,0.91525,0.21290,54.915,0.426,-1,425.000,-1,375.000,-1,325.000,325.000,325.000,325.000,-1,725.000,800.000,-1,-1,750.000,-1,-1,2,0,2,0,2,0,0,0,0,2,0,0,2,2,0,2,2
115,-4052.360,6753.175,78.290,134.356,-0.690572,-0.712382,0.124985,0.717486,-0.696548,-0.005863,0.091235,0.085626,0.992141,0,0.91368,0.09290,54.821,0.186,-1,425.000,-1,375.000,-1,325.000,325.000,325.000,325.000,-1,775.000,875.000,-1,-1,775.000,-1,-1,2,0,2,0,2,0,0,0,0,2,0,0,2,2,0,2,2
116,-4090.575,6792.337,83.307,134.302,-0.690071,-0.713145,0.123397,0.718033,-0.695976,-0.006792,0.090725,0.083917,0.992334,0,0.91197,-0.02710,54.718,-0.054,-1,425.000,-1,375.000,-1,325.000,325.000,325.000,325.000,-1,850.000,950.000,-1,-1,775.000,-1,-1,2,0,2,0,2,0,0,0,0,2,0,0,2,2,0,2,2
117,-4128.513,6831.615,88.340,134.008,-0.686571,-0.716784,0.121822,0.721496,-0.692377,-0.007602,0.089796,0.082675,0.992523,0,0.91014,-0.14710,54.608,-0.294,-1,425.000,-1,400.000,-1,325.000,325.000,325.000,325.000,-1,925.000,-1,-1,-1,775.000,-1,-1,2,0,2,0,2,0,0,0,0,2,0,2,2,2,0,2,2
118,-4166.005,6871.162,93.347,133.474,-0.680042,-0.723259,0.120163,0.727826,-0.685712,-0.008274,0.088381,0.081831,0.992720,0,0.90823,-0.26710,54.494,-0.534,-1,425.000,-1,400.000,-1,325.000,325.000,325.000,325.000,-1,-1,-1,-1,-1,775.000,-1,-1,2,0,2,0,2,0,0,0,0,2,2,2,2,2,0,2,2
119,-4202.881,6911.127,98.315,132.699,-0.670398,-0.732483,0.118471,0.736942,-0.675899,-0.008772,0.086499,0.081425,0.992919,0,0.90630,-0.38710,54.378,-0.774,-1,425.000,-1,400.000,-1,325.000,325.000,325.000,325.000,-1,-1,-1,-1,-1,800.000,-1,-1,2,0,2,0,2,0,0,0,0,2,2,2,2,2,0,2,2
120,-4238.969,6951.652,103.113,131.685,-0.657536,-0.744302,0.116879,0.748746,-0.662802,-0.008533,0.083819,0.081902,0.993109,0,0.90440,-0.50710,54.264,-1.014,-1,425.000,-1,400.000,-1,325.000,325.000,325.000,325.000,-1,-1,-1,-1,-1,800.000,-1,-1,2,0,2,0,2,0,0,0,0,2,2,2,2,2,0,2,2
121,-4272.511,6990.358,107.338,130.911,-0.647658,-0.753136,0.115434,0.757636,-0.652637,-0.007237,0.080787,0.082770,0.993289,0,0.85362,-0.38710,51.217,-0.774,-1,425.000,-1,400.000,975.000,325.000,325.000,325.000,325.000,-1,-1,-1,-1,-1,775.000,-1,-1,2,0,2,0,1,0,0,0,0,2,2,2,2,2,0,2,2
122,-4305.637,7029.317,111.136,130.377,-0.640804,-0.759258,0.113566,0.763596,-0.645646,-0.007896,0.079319,0.081658,0.993499,0,0.85230,-0.26710,51.138,-0.534,-1,425.000,-1,400.000,950.000,325.000,325.000,325.000,325.000,-1,-1,-1,-1,-1,775.000,-1,-1,2,0,2,0,1,0,0,0,0,2,2,2,2,2,0,2,2
123,-4338.529,7068.404,114.930,130.082,-0.637093,-0.762646,0.111730,0.766819,-0.641808,-0.008386,0.078105,0.080335,0.993703,0,0.85141,-0.14710,51.084,-0.294,-1,400.000,-1,400.000,900.000,325.000,325.000,325.000,325.000,-1,-1,-1,-1,-1,775.000,-1,1000.000,2,0,2,0,1,0,0,0,0,2,2,2,2,2,0,2,1
124,-4371.363,7107.498,118.738,130.028,-0.636568,-0.763347,0.109921,0.767353,-0.641166,-0.008736,0.077146,0.078787,0.993902,0,0.85090,-0.02710,51.054,-0.054,-1,425.000,-1,400.000,875.000,325.000,325.000,325.000,325.000,-1,-1,-1,-1,-1,775.000,-1,950.000,2,0,2,0,1,0,0,0,0,2,2,2,2,2,0,2,1
125,-4404.318,7146.479,122.573,130.214,-0.639237,-0.761370,0.108131,0.765203,-0.643727,-0.008960,0.076429,0.077014,0.994096,0,0.85074,0.09290,51.045,0.186,-1,425.000,-1,400.000,825.000,325.000,325.000,325.000,325.000,-1,-1,-1,-1,-1,775.000,-1,900.000,2,0,2,0,1,0,0,0,0,2,2,2,2,2,0,2,1
126,-4437.568,7185.221,126.439,130.640,-0.645077,-0.756679,0.106356,0.760337,-0.649466,-0.009036,0.075912,0.075038,0.994287,0,0.85090,0.21290,51.054,0.426,-1,425.000,-1,400.000,800.000,325.000,325.000,325.000,325.000,-1,-1,-1,-1,-1,775.000,-1,875.000,2,0,2,0,1,0,0,0,0,2,2,2,2,2,0,2,1
127,-4473.109,7225.673,130.578,131.306,-0.654041,-0.749210,0.104473,0.752677,-0.658328,-0.009043,0.075552,0.072720,0.994487,0,0.89747,0.33290,53.848,0.666,-1,450.000,-1,400.000,750.000,325.000,325.000,325.000,300.000,-1,-1,-1,-1,-1,750.000,-1,825.000,2,0,2,0,1,0,0,0,0,2,2,2,2,2,1,2,1
128,-4509.315,7265.591,134.629,132.211,-0.666115,-0.738883,0.101700,0.742083,-0.670246,-0.009053,0.074853,0.069439,0.994774,0,0.89820,0.45290,53.892,0.906,-1,450.000,-1,400.000,700.000,325.000,325.000,325.000,300.000,-1,-1,-1,-1,-1,725.000,-1,775.000,2,0,2,0,1,0,0,0,0,2,2,2,2,2,1,2,1
129,-4546.263,7304.847,138.162,133.273,-0.680324,-0.726631,0.095738,0.729338,-0.684090,-0.009348,0.072286,0.063465,0.995363,0,0.89850,0.53066,53.910,1.061,-1,450.000,-1,400.000,675.000,325.000,325.000,325.000,300.000,-1,-1,-1,-1,-1,700.000,-1,750.000,2,0,2,0,1,0,0,0,0,2,2,2,2,2,1,2,1
130,-4583.920,7343.410,141.758,134.326,-0.694171,-0.714202,0.089683,0.716432,-0.697586,-0.009934,0.069657,0.057356,0.995921,0,0.89836,0.52649,53.901,1.053,-1,450.000,-1,375.000,625.000,350.000,325.000,325.000,300.000,-1,-1,-1,-1,975.000,700.000,-1,700.000,2,0,2,0,1,0,0,0,0,2,2,2,2,1,1,2,1
131,-4622.254,7381.259,145.428,135.370,-0.707650,-0.701604,0.083560,0.703387,-0.710726,-0.010733,0.066918,0.051180,0.996445,0,0.89785,0.52218,53.871,1.044,-1,450.000,-1,375.000,600.000,350.000,325.000,325.000,300.000,-1,-1,-1,-1,925.000,675.000,-1,675.000,2,0,2,0,1,0,0,0,0,2,2,2,2,1,1,2,1
132,-4661.965,7419.020,149.240,136.448,-0.721279,-0.688322,0.077259,0.689677,-0.724021,-0.011772,0.064040,0.044793,0.996942,0,0.91333,0.53894,54.800,1.078,-1,450.000,-1,400.000,550.000,350.000,325.000,325.000,325.000,-1,-1,-1,-1,900.000,650.000,-1,650.000,2,0,2,0,1,0,0,0,0,2,2,2,2,1,1,2,1
133,-4702.440,7456.089,152.629,137.518,-0.734343,-0.674818,0.073222,0.675895,-0.736889,-0.012671,0.062507,0.040185,0.997235,0,0.91475,0.53484,54.885,1.070,-1,450.000,-1,400.000,525.000,350.000,325.000,325.000,325.000,-1,-1,-1,-1,850.000,650.000,-1,625.000,2,0,2,0,1,0,0,0,0,2,2,2,2,1,1,2,1
134,-4745.387,7494.294,156.207,138.347,-0.744361,-0.664186,0.069164,0.665015,-0.746706,-0.013600,0.060678,0.035872,0.997513,0,0.95803,0.41484,57.482,0.830,-1,450.000,-1,400.000,475.000,350.000,325.000,325.000,325.000,-1,-1,-1,-1,825.000,650.000,-1,600.000,2,0,2,0,1,0,0,0,0,2,2,2,2,1,1,2,1
135,-4788.767,7532.090,159.837,138.937,-0.751462,-0.656555,0.065127,0.657169,-0.753603,-0.014497,0.058598,0.031905,0.997772,0,0.95893,0.29484,57.536,0.590,-1,450.000,-1,400.000,450.000,350.000,350.000,325.000,325.000,-1,-1,-1,-1,800.000,650.000,-1,600.000,2,0,2,0,1,0,0,0,0,2,2,2,2,1,1,2,1
136,-4832.406,7569.647,163.438,139.287,-0.755764,-0.652019,0.060764,0.652440,-0.757685,-0.015374,0.056064,0.028026,0.998034,0,0.95959,0.17484,57.575,0.350,-1,450.000,-1,425.000,425.000,350.000,350.000,325.000,325.000,-1,-1,-1,-1,750.000,650.000,-1,575.000,2,0,2,0,1,0,0,0,0,2,2,2,2,1,1,2,1
