timestep,x_cm,y_cm,z_cm,yaw_deg,basis_xx,basis_xy,basis_xz,basis_yx,basis_yy,basis_yz,basis_zx,basis_zy,basis_zz,teleport_flag,throttle_cmd,steering_cmd,cmd_move_cm,cmd_turn_deg,lidar_cm_0,lidar_cm_1,lidar_cm_2,lidar_cm_3,lidar_cm_4,lidar_cm_5,lidar_cm_6,lidar_cm_7,lidar_cm_8,lidar_cm_9,lidar_cm_10,lidar_cm_11,lidar_cm_12,lidar_cm_13,lidar_cm_14,lidar_cm_15,lidar_cm_16,lidar_class_0,lidar_class_1,lidar_class_2,lidar_class_3,lidar_class_4,lidar_class_5,lidar_class_6,lidar_class_7,lidar_class_8,lidar_class_9,lidar_class_10,lidar_class_11,lidar_class_12,lidar_class_13,lidar_class_14,lidar_class_15,lidar_class_16
0,-323.287,-6230.287,-409.241,-167.136,-0.974898,0.222635,0.002541,-0.222638,-0.974901,-0.000928,0.002271,-0.001470,0.999996,1,-0.08000,-0.12000,-4.800,-0.240,-1,400.000,-1,400.000,-1,325.000,325.000,300.000,300.000,-1,-1,-1,625.000,725.000,800.000,-1,-1,2,0,2,0,2,0,0,0,0,2,2,2,1,0,0,2,2
1,-313.916,-6228.201,-409.267,-167.447,-0.976093,0.217336,0.002634,-0.217339,-0.976096,-0.001027,0.002348,-0.001575,0.999996,0,-0.16000,-0.15562,-9.600,-0.311,-1,400.000,-1,400.000,-1,325.000,325.000,300.000,300.000,-1,-1,-1,625.000,725.000,800.000,-1,-1,2,0,2,0,2,0,0,0,0,2,2,2,1,0,0,2,2
2,-299.843,-6225.148,-409.302,-167.760,-0.977265,0.212001,0.002777,-0.212005,-0.977268,-0.001181,0.002464,-0.001743,0.999995,0,-0.24000,-0.15648,-14.400,-0.313,-1,400.000,-1,400.000,-1,325.000,325.000,300.000,300.000,-1,-1,-1,625.000,725.000,800.000,-1,-1,2,0,2,0,2,0,0,0,0,2,2,2,1,0,0,2,2
3,-281.058,-6221.181,-409.347,-168.076,-0.978417,0.206619,0.002972,-0.206624,-0.978419,-0.001392,0.002620,-0.001976,0.999995,0,-0.32000,-0.15768,-19.200,-0.315,-1,400.000,-1,400.000,-1,325.000,325.000,300.000,300.000,-1,-1,-1,625.000,725.000,800.000,-1,-1,2,0,2,0,2,0,0,0,0,2,2,2,1,0,0,2,2
4,-257.548,-6216.353,-409.399,-168.394,-0.979549,0.201181,0.003219,-0.201187,-0.979551,-0.001661,0.002819,-0.002275,0.999993,0,-0.40000,-0.15913,-24.000,-0.318,-1,400.000,-1,400.000,-1,325.000,325.000,300.000,300.000,-1,-1,-1,625.000,725.000,800.000,-1,-1,2,0,2,0,2,0,0,0,0,2,2,2,1,0,0,2,2
5,-229.305,-6210.717,-409.456,-168.715,-0.980661,0.195682,0.003522,-0.195690,-0.980664,-0.001990,0.003064,-0.002641,0.999992,0,-0.48000,-0.16073,-28.800,-0.321,-1,400.000,-1,400.000,-1,325.000,325.000,300.000,300.000,-1,-1,-1,650.000,725.000,800.000,-1,-1,2,0,2,0,2,0,0,0,0,2,2,2,1,0,0,2,2
6,-200.887,-6205.214,-409.509,-169.040,-0.981753,0.190122,0.003831,-0.190131,-0.981756,-0.002326,0.003319,-0.003012,0.999990,0,-0.48244,-0.16233,-28.947,-0.325,-1,400.000,-1,400.000,-1,325.000,325.000,300.000,300.000,-1,-1,-1,650.000,750.000,800.000,-1,-1,2,0,2,0,2,0,0,0,0,2,2,2,1,0,0,2,2
7,-172.881,-6199.956,-409.557,-169.367,-0.982822,0.184512,0.004141,-0.184524,-0.982824,-0.002662,0.003578,-0.003380,0.999988,0,-0.47491,-0.16361,-28.495,-0.327,-1,400.000,-1,400.000,-1,325.000,325.000,300.000,300.000,-1,-1,-1,625.000,750.000,800.000,-1,-1,2,0,2,0,2,0,0,0,0,2,2,2,1,0,0,2,2
8,-145.292,-6194.940,-409.601,-169.696,-0.983864,0.178864,0.004449,-0.178878,-0.983867,-0.002998,0.003841,-0.003745,0.999986,0,-0.46735,-0.16452,-28.041,-0.329,-1,400.000,-1,400.000,-1,325.000,325.000,300.000,300.000,-1,-1,-1,625.000,750.000,800.000,-1,-1,2,0,2,0,2,0,0,0,0,2,2,2,1,0,0,2,2
9,-118.121,-6190.162,-409.640,-170.027,-0.984877,0.173191,0.004758,-0.173208,-0.984880,-0.003333,0.004109,-0.004107,0.999983,0,-0.45980,-0.16510,-27.588,-0.330,-1,400.000,-1,400.000,-1,325.000,325.000,300.000,300.000,-1,-1,-1,625.000,750.000,800.000,-1,-1,2,0,2,0,2,0,0,0,0,2,2,2,1,0,0,2,2
10,-91.367,-6185.617,-409.676,-170.357,-0.985858,0.167503,0.005065,-0.167523,-0.985861,-0.003668,0.004379,-0.004464,0.999980,0,-0.45230,-0.16535,-27.138,-0.331,-1,400.000,-1,400.000,-1,325.000,325.000,300.000,300.000,-1,-1,-1,625.000,750.000,800.000,-1,-1,2,0,2,0,2,0,0,0,0,2,2,2,1,0,0,2,2
11,-65.026,-6181.297,-409.708,-170.688,-0.986807,0.161813,0.005372,-0.161835,-0.986810,-0.004002,0.004653,-0.004818,0.999978,0,-0.44488,-0.16528,-26.693,-0.331,-1,400.000,-1,400.000,-1,325.000,325.000,300.000,300.000,-1,-1,-1,625.000,750.000,825.000,-1,-1,2,0,2,0,2,0,0,0,0,2,2,2,1,0,0,2,2
12,-39.093,-6177.198,-409.755,-171.018,-0.987721,0.156129,0.005631,-0.156155,-0.987723,-0.004416,0.004872,-0.005241,0.999974,0,-0.43758,-0.16491,-26.255,-0.330,-1,400.000,-1,400.000,-1,325.000,325.000,300.000,300.000,-1,-1,-1,625.000,750.000,825.000,-1,-1,2,0,2,0,2,0,0,0,0,2,2,2,1,0,0,2,2
13,-13.562,-6173.312,-409.856,-171.346,-0.988598,0.150463,0.005948,-0.150493,-0.988598,-0.005059,0.005119,-0.005896,0.999970,0,-0.43042,-0.16426,-25.825,-0.329,-1,400.000,-1,400.000,-1,325.000,325.000,300.000,300.000,-1,-1,-1,625.000,750.000,825.000,-1,-1,2,0,2,0,2,0,0,0,0,2,2,2,1,0,0,2,2
14,11.577,-6169.633,-409.974,-171.673,-0.989437,0.144824,0.006328,-0.144860,-0.989435,-0.005767,0.005426,-0.006622,0.999963,0,-0.42344,-0.16333,-25.406,-0.327,-1,400.000,-1,400.000,-1,325.000,325.000,300.000,300.000,-1,-1,-1,625.000,750.000,825.000,-1,-1,2,0,2,0,2,0,0,0,0,2,2,2,1,0,0,2,2
15,39.898,-6165.652,-410.136,-171.999,-0.990244,0.139188,0.006649,-0.139231,-0.990239,-0.006478,0.005683,-0.007340,0.999957,0,-0.47666,-0.16309,-28.599,-0.326,-1,400.000,-1,400.000,-1,325.000,325.000,300.000,300.000,-1,-1,-1,625.000,750.000,825.000,-1,-1,2,0,2,0,2,0,0,0,0,2,2,2,1,0,0,2,2
16,67.850,-6161.886,-410.396,-172.326,-0.991021,0.133524,0.006953,-0.133571,-0.991016,-0.006811,0.005981,-0.007678,0.999953,0,-0.47008,-0.16377,-28.205,-0.328,-1,400.000,-1,400.000,-1,325.000,325.000,300.000,300.000,-1,-1,-1,625.000,750.000,825.000,-1,-1,2,0,2,0,2,0,0,0,0,2,2,2,1,0,0,2,2
17,95.432,-6158.331,-410.664,-172.655,-0.991768,0.127844,0.007287,-0.127895,-0.991762,-0.007100,0.006319,-0.007974,0.999948,0,-0.46350,-0.16413,-27.810,-0.328,-1,400.000,-1,400.000,-1,325.000,325.000,300.000,300.000,-1,-1,-1,625.000,750.000,825.000,-1,-1,2,0,2,0,2,0,0,0,0,2,2,2,1,0,0,2,2
18,122.643,-6154.981,-410.927,-172.983,-0.992481,0.122158,0.007619,-0.122214,-0.992476,-0.007396,0.006658,-0.008272,0.999944,0,-0.45694,-0.16418,-27.416,-0.328,-1,400.000,-1,400.000,-1,325.000,325.000,300.000,300.000,-1,-1,-1,625.000,750.000,825.000,-1,-1,2,0,2,0,2,0,0,0,0,2,2,2,1,0,0,2,2
19,149.484,-6151.833,-411.184,-173.311,-0.993162,0.116476,0.007950,-0.116537,-0.993156,-0.007698,0.006999,-0.008572,0.999939,0,-0.45043,-0.16393,-27.026,-0.328,-1,400.000,-1,400.000,-1,325.000,325.000,300.000,300.000,-1,-1,-1,625.000,750.000,825.000,-1,-1,2,0,2,0,2,0,0,0,0,2,2,2,1,0,0,2,2
20,175.959,-6148.882,-411.437,-173.638,-0.993807,0.110810,0.008279,-0.110876,-0.993802,-0.008006,0.007341,-0.008874,0.999934,0,-0.44399,-0.16339,-26.639,-0.327,-1,400.000,-1,400.000,-1,325.000,325.000,300.000,300.000,-1,-1,-1,625.000,750.000,825.000,-1,-1,2,0,2,0,2,0,0,0,0,2,2,2,1,0,0,2,2
21,202.072,-6146.120,-411.686,-173.963,-0.994417,0.105168,0.008606,-0.105239,-0.994412,-0.008317,0.007683,-0.009176,0.999928,0,-0.43764,-0.16258,-26.258,-0.325,-1,400.000,-1,400.000,-1,325.000,325.000,300.000,300.000,-1,-1,-1,625.000,750.000,825.000,-1,-1,2,0,2,0,2,0,0,0,0,2,2,2,1,0,0,2,2
22,227.828,-6143.543,-411.930,-174.286,-0.994991,0.099560,0.008931,-0.099637,-0.994986,-0.008632,0.008027,-0.009479,0.999923,0,-0.43141,-0.16150,-25.885,-0.323,-1,400.000,-1,400.000,-1,325.000,325.000,300.000,300.000,-1,-1,-1,625.000,750.000,825.000,-1,-1,2,0,2,0,2,0,0,0,0,2,2,2,1,0,0,2,2
23,253.234,-6141.144,-412.171,-174.606,-0.995530,0.093995,0.009253,-0.094078,-0.995525,-0.008950,0.008371,-0.009780,0.999917,0,-0.42531,-0.16018,-25.519,-0.320,-1,400.000,-1,400.000,1000.000,325.000,325.000,300.000,300.000,-1,-1,-1,625.000,775.000,825.000,-1,-1,2,0,2,0,1,0,0,0,0,2,2,2,1,0,0,2,2
24,278.298,-6138.917,-412.407,-174.923,-0.996031,0.088487,0.009573,-0.088575,-0.996026,-0.009270,0.008715,-0.010081,0.999911,0,-0.41937,-0.15846,-25.162,-0.317,-1,400.000,-1,400.000,975.000,325.000,325.000,300.000,300.000,-1,-1,-1,625.000,775.000,825.000,-1,-1,2,0,2,0,1,0,0,0,0,2,2,2,1,0,0,2,2
25,303.027,-6136.853,-412.640,-175.228,-0.996485,0.083181,0.009891,-0.083276,-0.996480,-0.009593,0.009058,-0.010383,0.999905,0,-0.41359,-0.15256,-24.815,-0.305,-1,400.000,-1,400.000,950.000,325.000,325.000,300.000,300.000,-1,-1,-1,625.000,775.000,825.000,-1,-1,2,0,2,0,1,0,0,0,0,2,2,2,1,0,0,2,2
26,327.434,-6134.941,-412.870,-175.522,-0.996895,0.078079,0.010206,-0.078180,-0.996890,-0.009918,0.009400,-0.010685,0.999899,0,-0.40803,-0.14666,-24.482,-0.293,-1,400.000,-1,400.000,950.000,325.000,325.000,300.000,300.000,-1,-1,-1,625.000,775.000,825.000,-1,-1,2,0,2,0,1,0,0,0,0,2,2,2,1,0,0,2,2
27,351.530,-6133.173,-413.097,-175.803,-0.997263,0.073179,0.010518,-0.073286,-0.997258,-0.010244,0.009740,-0.010987,0.999892,0,-0.40269,-0.14077,-24.161,-0.282,-1,400.000,-1,400.000,925.000,325.000,325.000,300.000,300.000,-1,-1,-1,625.000,775.000,825.000,-1,-1,2,0,2,0,1,0,0,0,0,2,2,2,1,0,0,2,2
28,370.852,-6131.932,-413.280,-176.325,-0.997886,0.064098,0.010758,-0.064211,-0.997881,-0.010485,0.010064,-0.011154,0.999887,0,-0.32269,-0.26077,-19.361,-0.522,-1,400.000,-1,400.000,900.000,325.000,325.000,300.000,300.000,-1,-1,-1,650.000,775.000,825.000,-1,-1,2,0,2,0,1,0,0,0,0,2,2,2,1,0,0,2,2
29,385.394,-6131.192,-413.421,-177.086,-0.998648,0.050829,0.010927,-0.050946,-0.998645,-0.010640,0.010371,-0.011182,0.999884,0,-0.24269,-0.38077,-14.561,-0.762,-1,400.000,-1,400.000,875.000,325.000,325.000,300.000,300.000,-1,-1,-1,675.000,775.000,825.000,-1,-1,2,0,2,0,1,0,0,0,0,2,2,2,1,0,0,2,2
30,395.148,-6130.825,-413.516,-177.847,-0.999233,0.037559,0.011034,-0.037678,-0.999232,-0.010725,0.010622,-0.011133,0.999882,0,-0.16269,-0.38056,-9.761,-0.761,-1,400.000,-1,400.000,825.000,325.000,325.000,300.000,300.000,1000.000,-1,-1,700.000,775.000,825.000,-1,-1,2,0,2,0,1,0,0,0,0,1,2,2,1,0,0,2,2
31,400.108,-6130.704,-413.567,-178.600,-0.999640,0.024436,0.011078,-0.024555,-0.999641,-0.010742,0.010811,-0.011010,0.999881,0,-0.08269,-0.37616,-4.961,-0.752,-1,400.000,-1,400.000,800.000,325.000,325.000,300.000,300.000,1000.000,-1,-1,725.000,775.000,825.000,-1,-1,2,0,2,0,1,0,0,0,0,1,2,2,1,0,0,2,2
32,400.269,-6130.702,-413.570,-179.345,-0.999874,0.011425,0.011059,-0.011543,-0.999876,-0.010689,0.010936,-0.010815,0.999882,0,-0.00269,-0.37283,-0.161,-0.746,-1,400.000,-1,400.000,775.000,325.000,325.000,300.000,300.000,975.000,-1,-1,775.000,775.000,850.000,-1,-1,2,0,2,0,1,0,0,0,0,1,2,2,1,0,0,2,2
33,395.631,-6130.695,-413.526,-180.087,-0.999939,-0.001510,0.010977,0.001394,-0.999943,-0.010566,0.010993,-0.010550,0.999884,0,0.07731,-0.37059,4.639,-0.741,-1,400.000,-1,400.000,750.000,325.000,325.000,300.000,300.000,975.000,-1,-1,800.000,775.000,850.000,-1,-1,2,0,2,0,1,0,0,0,0,1,2,2,1,0,0,2,2
34,386.193,-6130.559,-413.434,-180.825,-0.999838,-0.014406,0.010831,0.014293,-0.999844,-0.010373,0.010979,-0.010217,0.999888,0,0.15731,-0.36946,9.439,-0.739,-1,400.000,-1,400.000,725.000,325.000,325.000,300.000,300.000,975.000,-1,-1,825.000,775.000,850.000,-1,-1,2,0,2,0,1,0,0,0,0,1,2,2,1,0,0,2,2
35,371.959,-6130.170,-413.291,-181.564,-0.999571,-0.027298,0.010620,0.027190,-0.999579,-0.010111,0.010891,-0.009817,0.999892,0,0.23731,-0.36943,14.239,-0.739,-1,400.000,-1,400.000,700.000,325.000,325.000,300.000,300.000,975.000,-1,-1,875.000,775.000,850.000,-1,-1,2,0,2,0,1,0,0,0,0,1,2,2,1,0,0,2,2
36,352.936,-6129.405,-413.098,-182.305,-0.999137,-0.040223,0.010343,0.040122,-0.999147,-0.009776,0.010728,-0.009353,0.999899,0,0.31731,-0.37050,19.039,-0.741,-1,400.000,-1,400.000,675.000,325.000,325.000,300.000,300.000,975.000,-1,-1,900.000,775.000,850.000,-1,-1,2,0,2,0,1,0,0,0,0,1,2,2,1,0,0,2,2
37,329.131,-6128.136,-412.853,-183.051,-0.998533,-0.053217,0.010000,0.053124,-0.998544,-0.009369,0.010484,-0.008824,0.999906,0,0.39731,-0.37269,23.839,-0.745,-1,400.000,-1,400.000,650.000,325.000,325.000,300.000,300.000,1000.000,-1,-1,925.000,775.000,850.000,-1,-1,2,0,2,0,1,0,0,0,0,1,2,2,1,0,0,2,2
38,300.555,-6126.236,-412.556,-183.803,-0.997752,-0.066318,0.009590,0.066234,-0.997765,-0.008885,0.010158,-0.008230,0.999915,0,0.47731,-0.37599,28.639,-0.752,-1,400.000,-1,400.000,650.000,325.000,325.000,300.000,300.000,1000.000,-1,-1,925.000,775.000,850.000,-1,-1,2,0,2,0,1,0,0,0,0,1,2,2,1,0,0,2,2
39,267.223,-6123.576,-412.208,-184.563,-0.996788,-0.079561,0.009111,0.079486,-0.996801,-0.008321,0.009744,-0.007570,0.999924,0,0.55731,-0.38040,33.439,-0.761,-1,400.000,-1,400.000,625.000,325.000,325.000,300.000,300.000,-1,-1,-1,925.000,775.000,850.000,-1,-1,2,0,2,0,1,0,0,0,0,2,2,2,1,0,0,2,2
40,229.149,-6120.020,-411.808,-185.335,-0.995631,-0.092982,0.008564,0.092917,-0.995644,-0.007669,0.009240,-0.006840,0.999934,0,0.63731,-0.38591,38.239,-0.772,-1,400.000,-1,400.000,600.000,325.000,325.000,300.000,300.000,-1,-1,-1,925.000,775.000,850.000,-1,1000.000,2,0,2,0,1,0,0,0,0,2,2,2,1,0,0,2,1
41,186.356,-6115.432,-411.357,-186.120,-0.994269,-0.106615,0.007948,0.106562,-0.994282,-0.006923,0.008641,-0.006036,0.999944,0,0.71731,-0.39254,43.039,-0.785,-1,400.000,-1,400.000,575.000,325.000,325.000,300.000,300.000,-1,-1,-1,900.000,775.000,850.000,-1,950.000,2,0,2,0,1,0,0,0,0,2,2,2,1,0,0,2,1
42,138.866,-6109.667,-410.856,-186.921,-0.992687,-0.120497,0.007263,0.120454,-0.992700,-0.006071,0.007942,-0.005152,0.999955,0,0.79731,-0.40027,47.839,-0.801,-1,400.000,-1,400.000,550.000,325.000,325.000,300.000,300.000,-1,-1,-1,900.000,775.000,850.000,-1,875.000,2,0,2,0,1,0,0,0,0,2,2,2,1,0,0,2,1
43,86.707,-6102.579,-410.307,-187.739,-0.990870,-0.134661,0.006511,0.134629,-0.990883,-0.005100,0.007138,-0.004177,0.999966,0,0.87731,-0.40909,52.639,-0.818,-1,400.000,-1,400.000,525.000,325.000,325.000,300.000,300.000,-1,-1,-1,875.000,775.000,850.000,-1,825.000,2,0,2,0,1,0,0,0,1,2,2,2,1,0,0,2,1
44,33.361,-6094.533,-409.788,-188.577,-0.988799,-0.149139,0.005840,0.149116,-0.988811,-0.004232,0.006406,-0.003314,0.999974,0,0.89915,-0.41901,53.949,-0.838,-1,400.000,-1,400.000,475.000,325.000,325.000,300.000,300.000,-1,-1,-1,875.000,775.000,850.000,-1,750.000,2,0,2,0,1,0,0,0,1,2,2,2,1,0,1,2,1
45,-19.530,-6085.743,-409.501,-189.435,-0.986459,-0.163935,0.004837,0.163915,-0.986466,-0.004186,0.005458,-0.003336,0.999980,0,0.89361,-0.42915,53.617,-0.858,-1,400.000,-1,400.000,450.000,325.000,325.000,300.000,300.000,-1,-1,-1,875.000,775.000,825.000,-1,700.000,2,0,2,0,1,0,0,0,1,2,2,2,1,0,1,2,1
46,-76.055,-6075.473,-409.370,-190.298,-0.983885,-0.178759,0.003985,0.178746,-0.983889,-0.003539,0.004553,-0.002770,0.999986,0,0.95751,-0.43107,57.451,-0.862,-1,400.000,-1,400.000,425.000,325.000,325.000,300.000,300.000,-1,-1,-1,900.000,775.000,775.000,-1,650.000,2,0,2,0,1,0,0,0,1,2,2,2,1,0,1,2,1
47,-132.101,-6064.377,-409.335,-191.199,-0.980955,-0.194211,0.003051,0.194203,-0.980958,-0.002555,0.003490,-0.001914,0.999992,0,0.95222,-0.45055,57.133,-0.901,-1,400.000,-1,400.000,400.000,325.000,325.000,300.000,275.000,-1,-1,-1,900.000,775.000,725.000,-1,600.000,2,0,2,0,1,0,0,0,1,2,2,2,1,0,1,2,1
48,-187.600,-6052.440,-409.316,-192.139,-0.977640,-0.210277,0.002110,0.210274,-0.977641,-0.001554,0.002390,-0.001076,0.999997,0,0.94614,-0.46997,56.768,-0.940,-1,400.000,-1,400.000,375.000,325.000,325.000,300.000,275.000,-1,-1,-1,925.000,775.000,700.000,-1,550.000,2,0,2,0,1,0,0,0,1,2,2,2,1,0,1,2,1
49,-242.491,-6039.660,-409.318,-193.107,-0.973948,-0.226767,0.001150,0.226767,-0.973949,-0.000543,0.001243,-0.000268,0.999999,0,0.93933,-0.48412,56.360,-0.968,-1,400.000,-1,400.000,325.000,325.000,325.000,300.000,275.000,-1,-1,-1,925.000,775.000,650.000,-1,475.000,2,0,2,0,1,0,0,0,1,2,2,2,1,0,1,2,1
50,-292.555,-6027.330,-409.352,-193.835,-0.970988,-0.239128,0.000191,0.239128,-0.970988,0.000355,0.000100,0.000390,1.000000,0,0.85933,-0.36412,51.560,-0.728,-1,400.000,-1,400.000,300.000,325.000,325.000,300.000,250.000,-1,-1,-1,925.000,775.000,625.000,-1,450.000,2,0,2,0,1,0,0,0,1,2,2,2,1,0,1,2,1
51,-337.861,-6015.762,-409.394,-194.323,-0.968915,-0.247393,-0.000675,0.247392,-0.968915,0.001200,-0.000951,0.000995,0.999999,0,0.77933,-0.24412,46.760,-0.488,-1,400.000,-1,400.000,275.000,325.000,325.000,300.000,250.000,-1,-1,-1,925.000,775.000,600.000,-1,400.000,2,0,2,0,1,0,0,0,1,2,2,2,1,0,1,2,1
52,-378.471,-6005.206,-409.441,-194.572,-0.967833,-0.251588,-0.001449,0.251585,-0.967833,0.001978,-0.001900,0.001550,0.999997,0,0.69933,-0.12412,41.960,-0.248,-1,400.000,-1,400.000,275.000,325.000,325.000,300.000,225.000,-1,-1,-1,925.000,775.000,575.000,-1,375.000,2,0,2,0,1,0,0,0,1,2,2,2,1,0,1,2,1
53,-414.406,-5995.746,-409.491,-194.748,-0.967054,-0.254564,-0.002131,0.254558,-0.967054,0.002681,-0.002743,0.002050,0.999994,0,0.61933,-0.08812,37.160,-0.176,-1,400.000,-1,400.000,250.000,325.000,325.000,300.000,225.000,-1,-1,-1,900.000,775.000,550.000,-1,350.000,2,0,2,0,1,0,0,0,1,2,2,2,1,0,1,2,1
54,-445.673,-5987.409,-409.542,-194.930,-0.966237,-0.257640,-0.002724,0.257631,-0.966238,0.003304,-0.003483,0.002490,0.999991,0,0.53933,-0.09116,32.360,-0.182,-1,400.000,-1,400.000,250.000,325.000,325.000,300.000,225.000,-1,-1,-1,900.000,775.000,550.000,-1,325.000,2,0,2,0,1,0,0,0,1,2,2,2,1,0,1,2,1
55,-472.279,-5980.222,-409.591,-195.117,-0.965390,-0.260789,-0.003227,0.260777,-0.965392,0.003842,-0.004118,0.002868,0.999987,0,0.45933,-0.09342,27.560,-0.187,-1,400.000,-1,400.000,225.000,325.000,325.000,300.000,225.000,-1,-1,-1,875.000,775.000,525.000,-1,325.000,2,0,2,0,1,0,0,0,1,2,2,2,1,0,1,2,1
56,-494.231,-5974.214,-409.635,-195.307,-0.964518,-0.263991,-0.003642,0.263975,-0.964520,0.004294,-0.004646,0.003180,0.999984,0,0.37933,-0.09507,22.760,-0.190,-1,400.000,-1,400.000,225.000,325.000,325.000,300.000,200.000,-1,-1,-1,875.000,775.000,525.000,-1,300.000,2,0,2,0,1,0,0,0,1,2,2,2,1,0,1,2,1
57,-511.537,-5969.414,-409.672,-195.500,-0.963625,-0.267230,-0.003968,0.267211,-0.963627,0.004655,-0.005068,0.003426,0.999981,0,0.29933,-0.09624,17.960,-0.192,-1,400.000,-1,400.000,200.000,325.000,325.000,300.000,200.000,-1,-1,-1,875.000,775.000,500.000,-1,300.000,2,0,2,0,1,0,0,0,1,2,2,2,1,0,1,2,1
58,-524.206,-5965.855,-409.701,-195.694,-0.962713,-0.270492,-0.004206,0.270471,-0.962715,0.004924,-0.005382,0.003603,0.999979,0,0.21933,-0.09704,13.160,-0.194,-1,400.000,-1,400.000,200.000,325.000,325.000,300.000,200.000,-1,-1,-1,875.000,775.000,500.000,-1,275.000,2,0,2,0,1,0,0,0,1,2,2,2,1,0,1,2,1
59,-532.246,-5963.566,-409.721,-195.889,-0.961785,-0.273769,-0.004357,0.273747,-0.961788,0.005099,-0.005586,0.003712,0.999978,0,0.13933,-0.09757,8.360,-0.195,-1,400.000,-1,400.000,200.000,325.000,325.000,300.000,200.000,-1,-1,-1,875.000,775.000,500.000,-1,275.000,2,0,2,0,1,0,0,0,1,2,2,2,1,0,1,2,1
60,-535.666,-5962.580,-409.730,-196.085,-0.960844,-0.277054,-0.004420,0.277031,-0.960847,0.005178,-0.005681,0.003751,0.999977,0,0.05933,-0.09788,3.560,-0.196,-1,400.000,-1,400.000,200.000,325.000,325.000,300.000,200.000,-1,-1,-1,875.000,775.000,500.000,-1,275.000,2,0,2,0,1,0,0,0,1,2,2,2,1,0,1,2,1
61,-534.476,-5962.928,-409.728,-196.281,-0.959891,-0.280340,-0.004395,0.280317,-0.959894,0.005159,-0.005665,0.003720,0.999977,0,-0.02067,-0.09801,-1.240,-0.196,-1,400.000,-1,400.000,200.000,325.000,325.000,300.000,200.000,-1,-1,-1,900.000,775.000,475.000,-1,275.000,2,0,2,0,1,0,0,0,1,2,2,2,1,0,1,2,1
62,-528.683,-5964.641,-409.716,-196.477,-0.958927,-0.283621,-0.004282,0.283599,-0.958930,0.005043,-0.005536,0.003622,0.999978,0,-0.10067,-0.09797,-6.040,-0.196,-1,400.000,-1,400.000,200.000,325.000,325.000,300.000,200.000,-1,-1,-1,900.000,775.000,475.000,-1,275.000,2,0,2,0,1,0,0,0,1,2,2,2,1,0,1,2,1
63,-518.298,-5967.751,-409.693,-196.672,-0.957955,-0.286890,-0.004080,0.286871,-0.957957,0.004830,-0.005295,0.003456,0.999980,0,-0.18067,-0.09772,-10.840,-0.195,-1,400.000,-1,400.000,200.000,325.000,325.000,300.000,200.000,-1,-1,-1,925.000,775.000,475.000,-1,275.000,2,0,2,0,1,0,0,0,1,2,2,2,1,0,1,2,1
64,-503.331,-5972.289,-409.662,-196.866,-0.956977,-0.290140,-0.003791,0.290123,-0.956979,0.004520,-0.004939,0.003225,0.999983,0,-0.26067,-0.09724,-15.640,-0.194,-1,400.000,-1,400.000,200.000,325.000,325.000,300.000,200.000,-1,-1,-1,950.000,775.000,500.000,-1,275.000,2,0,2,0,1,0,0,0,1,2,2,2,1,0,1,2,1
65,-483.790,-5978.285,-409.622,-197.059,-0.955996,-0.293360,-0.003411,0.293346,-0.955997,0.004114,-0.004468,0.002932,0.999986,0,-0.34067,-0.09643,-20.440,-0.193,-1,400.000,-1,400.000,200.000,325.000,325.000,300.000,225.000,-1,-1,-1,975.000,775.000,500.000,-1,275.000,2,0,2,0,1,0,0,0,1,2,2,2,1,0,1,2,1
66,-460.934,-5985.382,-409.579,-197.250,-0.955017,-0.296536,-0.002966,0.296525,-0.955018,0.003639,-0.003912,0.002596,0.999989,0,-0.39886,-0.09520,-23.932,-0.190,-1,400.000,-1,400.000,225.000,325.000,325.000,300.000,225.000,-1,-1,-1,1000.000,775.000,500.000,-1,300.000,2,0,2,0,1,0,0,0,1,2,2,2,1,0,1,2,1
67,-438.580,-5992.403,-409.542,-197.437,-0.954045,-0.299652,-0.002529,0.299644,-0.954046,0.003178,-0.003365,0.002274,0.999992,0,-0.39052,-0.09352,-23.431,-0.187,-1,400.000,-1,400.000,225.000,325.000,325.000,300.000,225.000,-1,-1,-1,-1,775.000,500.000,-1,300.000,2,0,2,0,1,0,0,0,1,2,2,2,2,0,1,2,1
68,-416.705,-5999.351,-409.508,-197.620,-0.953083,-0.302702,-0.002100,0.302696,-0.953083,0.002728,-0.002827,0.001964,0.999994,0,-0.38253,-0.09164,-22.952,-0.183,-1,400.000,-1,400.000,225.000,325.000,325.000,300.000,225.000,-1,-1,-1,-1,775.000,525.000,-1,325.000,2,0,2,0,1,0,0,0,1,2,2,2,2,0,1,2,1
69,-395.287,-6006.227,-409.479,-197.799,-0.952133,-0.305681,-0.001677,0.305676,-0.952133,0.002289,-0.002297,0.001667,0.999996,0,-0.37491,-0.08956,-22.495,-0.179,-1,400.000,-1,400.000,250.000,325.000,325.000,300.000,250.000,-1,-1,-1,-1,775.000,525.000,-1,325.000,2,0,2,0,1,0,0,0,1,2,2,2,2,0,1,2,1
70,-374.304,-6013.034,-409.454,-197.974,-0.951197,-0.308581,-0.001261,0.308578,-0.951197,0.001862,-0.001774,0.001382,0.999997,0,-0.36766,-0.08730,-22.060,-0.175,-1,400.000,-1,400.000,250.000,325.000,325.000,300.000,250.000,-1,-1,-1,-1,775.000,525.000,-1,350.000,2,0,2,0,1,0,0,0,1,2,2,2,2,0,1,2,1
71,-353.733,-6019.775,-409.433,-198.143,-0.950279,-0.311398,-0.000852,0.311396,-0.950279,0.001444,-0.001259,0.001107,0.999999,0,-0.36078,-0.08488,-21.647,-0.170,-1,400.000,-1,400.000,250.000,325.000,325.000,300.000,250.000,-1,-1,-1,-1,775.000,525.000,-1,350.000,2,0,2,0,1,0,0,0,1,2,2,2,2,0,1,2,1
72,-333.553,-6026.452,-409.416,-198.308,-0.949381,-0.314127,-0.000448,0.314126,-0.949381,0.001037,-0.000751,0.000843,0.999999,0,-0.35427,-0.08231,-21.256,-0.165,-1,400.000,-1,400.000,275.000,325.000,325.000,300.000,250.000,-1,-1,-1,-1,775.000,550.000,-1,350.000,2,0,2,0,1,0,0,0,1,2,2,2,2,0,1,2,1
73,-317.923,-6031.601,-409.404,-198.233,-0.949794,-0.312877,-0.000134,0.312877,-0.949793,0.000725,-0.000354,0.000647,1.000000,0,-0.27427,0.03769,-16.456,0.075,-1,400.000,-1,400.000,275.000,325.000,325.000,300.000,275.000,-1,-1,-1,-1,775.000,550.000,-1,375.000,2,0,2,0,1,0,0,0,1,2,2,2,2,0,1,2,1
74,-306.835,-6035.195,-409.395,-197.958,-0.951284,-0.308317,0.000090,0.308317,-0.951284,0.000509,-0.000071,0.000512,1.000000,0,-0.19427,0.13746,-11.656,0.275,-1,400.000,-1,400.000,275.000,325.000,325.000,300.000,275.000,-1,-1,-1,-1,775.000,550.000,-1,375.000,2,0,2,0,1,0,0,0,1,2,2,2,2,0,1,2,1
75,-300.302,-6037.277,-409.389,-197.680,-0.952769,-0.303696,0.000223,0.303696,-0.952769,0.000385,0.000096,0.000435,1.000000,0,-0.11427,0.13905,-6.856,0.278,-1,400.000,-1,400.000,275.000,325.000,325.000,300.000,275.000,-1,-1,-1,-1,775.000,575.000,-1,400.000,2,0,2,0,1,0,0,0,1,2,2,2,2,0,1,2,1
76,-298.340,-6037.892,-409.386,-197.400,-0.954242,-0.299036,0.000265,0.299036,-0.954242,0.000352,0.000148,0.000415,1.000000,0,-0.03427,0.13999,-2.056,0.280,-1,400.000,-1,400.000,300.000,325.000,325.000,300.000,275.000,-1,-1,-1,-1,775.000,575.000,-1,400.000,2,0,2,0,1,0,0,0,1,2,2,2,2,0,1,2,1
77,-300.962,-6037.084,-409.385,-197.119,-0.955695,-0.294360,0.000216,0.294360,-0.955694,0.000408,0.000086,0.000453,1.000000,0,0.04573,0.14027,2.744,0.281,-1,400.000,-1,400.000,300.000,325.000,325.000,300.000,275.000,-1,-1,-1,-1,775.000,575.000,-1,400.000,2,0,2,0,1,0,0,0,1,2,2,2,2,0,1,2,1
78,-308.183,-6034.899,-409.387,-196.839,-0.957121,-0.289690,0.000076,0.289690,-0.957121,0.000552,-0.000088,0.000550,1.000000,0,0.12573,0.13990,7.544,0.280,-1,400.000,-1,400.000,300.000,325.000,325.000,300.000,275.000,-1,-1,-1,-1,775.000,575.000,-1,400.000,2,0,2,0,1,0,0,0,1,2,2,2,2,0,1,2,1
79,-320.014,-6031.380,-409.393,-196.562,-0.958514,-0.285045,-0.000155,0.285045,-0.958514,0.000785,-0.000372,0.000708,1.000000,0,0.20573,0.13891,12.344,0.278,-1,400.000,-1,400.000,300.000,325.000,325.000,300.000,250.000,-1,-1,-1,-1,775.000,575.000,-1,400.000,2,0,2,0,1,0,0,0,1,2,2,2,2,0,1,2,1
80,-336.470,-6026.572,-409.404,-196.287,-0.959870,-0.280446,-0.000474,0.280445,-0.959869,0.001107,-0.000766,0.000930,0.999999,0,0.28573,0.13736,17.144,0.275,-1,400.000,-1,400.000,275.000,325.000,325.000,300.000,250.000,-1,-1,-1,-1,775.000,575.000,-1,400.000,2,0,2,0,1,0,0,0,1,2,2,2,2,0,1,2,1
81,-357.562,-6020.518,-409.421,-196.016,-0.961183,-0.275909,-0.000882,0.275907,-0.961183,0.001520,-0.001267,0.001217,0.999998,0,0.36573,0.13532,21.944,0.271,-1,400.000,-1,400.000,275.000,325.000,325.000,300.000,250.000,-1,-1,-1,-1,775.000,575.000,-1,375.000,2,0,2,0,1,0,0,0,1,2,2,2,2,0,1,2,1
82,-383.302,-6013.258,-409.446,-195.750,-0.962453,-0.271447,-0.001378,0.271444,-0.962452,0.002024,-0.001876,0.001574,0.999997,0,0.44573,0.13291,26.744,0.266,-1,400.000,-1,400.000,275.000,325.000,325.000,300.000,250.000,-1,-1,-1,1000.000,775.000,575.000,-1,375.000,2,0,2,0,1,0,0,0,1,2,2,2,1,0,1,2,1
83,-413.700,-6004.834,-409.483,-195.490,-0.963676,-0.267068,-0.001961,0.267062,-0.963676,0.002622,-0.002590,0.002003,0.999995,0,0.52573,0.13025,31.544,0.261,-1,400.000,-1,400.000,250.000,325.000,325.000,300.000,225.000,-1,-1,-1,950.000,775.000,550.000,-1,350.000,2,0,2,0,1,0,0,0,1,2,2,2,1,0,1,2,1
84,-448.727,-5995.140,-409.535,-195.469,-0.963770,-0.266723,-0.002631,0.266714,-0.963770,0.003319,-0.003421,0.002498,0.999991,0,0.60573,0.01025,36.344,0.021,-1,400.000,-1,400.000,250.000,325.000,325.000,300.000,225.000,-1,-1,-1,925.000,775.000,550.000,-1,350.000,2,0,2,0,1,0,0,0,1,2,2,2,1,0,1,2,1
85,-488.338,-5984.014,-409.606,-195.689,-0.962739,-0.270412,-0.003386,0.270398,-0.962740,0.004126,-0.004376,0.003057,0.999986,0,0.68573,-0.10975,41.144,-0.219,-1,400.000,-1,400.000,225.000,325.000,325.000,300.000,225.000,-1,-1,-1,925.000,775.000,525.000,-1,325.000,2,0,2,0,1,0,0,0,1,2,2,2,1,0,1,2,1
86,-532.470,-5971.236,-409.700,-196.148,-0.960536,-0.278124,-0.004226,0.278102,-0.960538,0.005054,-0.005465,0.003680,0.999978,0,0.76573,-0.22975,45.944,-0.459,-1,400.000,-1,400.000,200.000,325.000,325.000,300.000,200.000,-1,-1,-1,900.000,775.000,500.000,-1,275.000,2,0,2,0,1,0,0,0,1,2,2,2,1,0,1,2,1
87,-580.501,-5956.691,-409.883,-196.848,-0.957065,-0.289829,-0.005019,0.289800,-0.957070,0.005808,-0.006487,0.004104,0.999971,0,0.83642,-0.34975,50.185,-0.699,-1,400.000,-1,400.000,175.000,325.000,325.000,300.000,200.000,-1,-1,-1,900.000,750.000,475.000,-1,250.000,2,0,2,1,1,0,0,0,1,2,2,2,1,0,1,2,1
88,-627.617,-5941.575,-410.144,-197.787,-0.952181,-0.305483,-0.005590,0.305448,-0.952188,0.006276,-0.007240,0.004269,0.999965,0,0.82469,-0.46975,49.482,-0.939,-1,400.000,-1,375.000,150.000,325.000,325.000,300.000,200.000,-1,-1,-1,925.000,750.000,425.000,-1,200.000,2,0,2,1,1,0,0,0,1,2,2,2,1,0,1,2,1
89,-673.830,-5925.692,-410.426,-198.967,-0.945688,-0.325018,-0.006140,0.324978,-0.945698,0.006751,-0.008001,0.004389,0.999958,0,0.81444,-0.58975,48.866,-1.179,-1,400.000,-1,350.000,125.000,325.000,325.000,300.000,175.000,-1,-1,-1,950.000,750.000,400.000,-1,175.000,2,0,2,1,1,0,0,0,1,2,2,2,1,0,1,2,1
90,-724.135,-5906.998,-407.695,-200.386,-0.937366,-0.348341,-0.002047,0.348346,-0.937342,-0.006747,0.000432,-0.007038,0.999975,0,0.89444,-0.70975,53.666,-1.419,-1,425.000,-1,325.000,100.000,350.000,350.000,300.000,175.000,-1,-1,-1,1000.000,800.000,375.000,-1,150.000,2,0,2,1,1,0,0,0,1,2,2,2,1,0,1,2,1
91,-773.623,-5886.963,-400.964,-202.046,-0.926942,-0.375136,0.007115,0.374599,-0.926358,-0.039198,0.021296,-0.033669,0.999206,0,0.88980,-0.82975,53.388,-1.659,-1,475.000,-1,300.000,100.000,400.000,400.000,275.000,175.000,-1,375.000,750.000,-1,950.000,375.000,-1,125.000,2,0,2,1,1,0,1,0,1,2,0,0,2,0,1,2,1
92,-822.223,-5865.393,-393.896,-203.945,-0.914165,-0.405086,0.014396,0.403039,-0.912178,-0.074093,0.043145,-0.061931,0.997147,0,0.88617,-0.94975,53.170,-1.899,-1,525.000,-1,300.000,100.000,450.000,375.000,250.000,175.000,850.000,125.000,325.000,-1,-1,375.000,-1,125.000,2,0,2,1,1,0,1,0,1,0,0,0,2,2,1,2,1
93,-869.925,-5842.245,-386.643,-205.907,-0.900180,-0.435089,0.019333,0.430565,-0.895741,-0.110739,0.065499,-0.091361,0.993661,0,0.88364,-0.98095,53.018,-1.962,-1,600.000,-1,300.000,100.000,500.000,350.000,250.000,175.000,500.000,75.000,225.000,-1,-1,350.000,-1,125.000,2,0,2,1,1,1,1,0,1,0,0,0,2,2,1,2,1
94,-916.679,-5817.544,-379.269,-207.880,-0.885500,-0.464131,0.021712,0.456213,-0.877351,-0.148748,0.088088,-0.121811,0.988637,0,0.88119,-0.98612,52.871,-1.972,-1,650.000,-1,300.000,100.000,475.000,350.000,225.000,175.000,325.000,25.000,200.000,-1,-1,350.000,-1,125.000,2,0,2,1,1,1,1,0,1,0,0,0,2,2,1,2,1
95,-962.416,-5791.328,-371.776,-209.862,-0.870314,-0.492034,0.021333,0.479892,-0.856981,-0.187852,0.110711,-0.153253,0.981966,0,0.87850,-0.99137,52.710,-1.983,-1,725.000,-1,275.000,100.000,450.000,325.000,225.000,175.000,225.000,25.000,175.000,-1,-1,350.000,-1,125.000,2,1,2,1,1,1,1,0,1,0,0,0,2,2,1,2,1
96,-1008.252,-5763.182,-364.279,-211.605,-0.856986,-0.514988,0.019021,0.497896,-0.836937,-0.227234,0.132942,-0.185266,0.973654,0,0.89629,-0.87137,53.777,-1.743,-1,725.000,-1,275.000,100.000,425.000,325.000,200.000,175.000,175.000,0.000,175.000,-1,-1,350.000,-1,125.000,2,1,2,1,1,1,1,0,1,0,0,0,2,2,1,2,1
97,-1053.259,-5733.902,-356.939,-213.108,-0.845867,-0.533179,0.015165,0.510628,-0.817654,-0.265898,0.154171,-0.217170,0.963882,0,0.89468,-0.75137,53.681,-1.503,-1,750.000,-1,275.000,100.000,425.000,300.000,200.000,175.000,125.000,0.000,175.000,-1,-1,350.000,-1,100.000,2,1,2,1,1,1,1,0,1,0,0,0,2,2,1,2,1
98,8199.153,-2295.767,-18.223,-106.518,-0.282098,0.958240,-0.046874,-0.957681,-0.284172,-0.045754,-0.057163,0.031983,0.997852,1,0.00000,0.00000,53.502,-1.438,-1,400.000,-1,350.000,975.000,325.000,300.000,300.000,300.000,-1,575.000,750.000,-1,750.000,625.000,-1,1000.000,2,0,2,0,0,0,0,0,0,2,0,0,2,0,0,2,0
99,8197.808,-2300.375,-18.493,-106.278,-0.278096,0.959420,-0.046634,-0.958869,-0.280155,-0.045650,-0.056863,0.032021,0.997868,0,0.08000,0.12000,4.800,0.240,-1,400.000,-1,350.000,975.000,325.000,300.000,300.000,300.000,-1,575.000,750.000,-1,750.000,625.000,-1,1000.000,2,0,2,0,0,0,0,0,0,2,0,0,2,0,0,2,0
100,8195.194,-2309.612,-19.028,-105.798,-0.270078,0.961732,-0.046156,-0.961193,-0.272107,-0.045445,-0.056265,0.032092,0.997900,0,0.16000,0.24000,9.600,0.480,-1,400.000,-1,350.000,975.000,325.000,300.000,300.000,300.000,-1,575.000,775.000,-1,750.000,625.000,-1,-1,2,0,2,0,0,0,0,0,0,2,0,0,2,0,0,2,2
101,8191.449,-2323.516,-19.823,-105.078,-0.258013,0.965072,-0.045444,-0.964553,-0.260000,-0.045139,-0.055378,0.032187,0.997947,0,0.24000,0.36000,14.400,0.720,-1,400.000,-1,350.000,975.000,325.000,300.000,300.000,300.000,-1,575.000,775.000,-1,750.000,625.000,-1,-1,2,0,2,0,0,0,0,0,0,2,0,0,2,0,0,2,2
102,8186.765,-2342.136,-20.866,-104.118,-0.241863,0.969289,-0.044503,-0.968795,-0.243793,-0.044736,-0.054212,0.032294,0.998007,0,0.32000,0.48000,19.200,0.960,-1,400.000,-1,350.000,975.000,325.000,300.000,300.000,300.000,-1,600.000,800.000,-1,750.000,625.000,-1,-1,2,0,2,0,0,0,0,0,0,2,0,0,2,0,0,2,2
103,8181.400,-2365.528,-22.146,-102.918,-0.221578,0.974179,-0.043340,-0.973713,-0.223440,-0.044241,-0.052783,0.032398,0.998080,0,0.40000,0.60000,24.000,1.200,-1,400.000,-1,375.000,975.000,325.000,300.000,300.000,300.000,-1,600.000,800.000,-1,775.000,625.000,-1,-1,2,0,2,0,0,0,0,0,0,2,0,0,2,0,0,2,2
104,8175.670,-2393.752,-23.646,-101.478,-0.197104,0.979484,-0.041970,-0.979049,-0.198888,-0.043661,-0.051113,0.032485,0.998164,0,0.48000,0.72000,28.800,1.440,-1,400.000,-1,375.000,1000.000,325.000,300.000,300.000,300.000,-1,625.000,850.000,-1,775.000,625.000,-1,-1,2,0,2,0,0,0,0,0,0,2,0,0,2,0,0,2,2
105,8169.952,-2426.862,-25.353,-99.798,-0.168390,0.984892,-0.040408,-0.984490,-0.170086,-0.043007,-0.049230,0.032540,0.998257,0,0.56000,0.84000,33.600,1.680,-1,400.000,-1,375.000,1000.000,325.000,300.000,300.000,300.000,-1,625.000,875.000,-1,775.000,625.000,-1,-1,2,0,2,0,0,0,0,0,0,2,0,0,2,0,0,2,2
106,8164.689,-2464.899,-27.248,-97.878,-0.135390,0.990037,-0.038681,-0.989669,-0.136993,-0.042295,-0.047172,0.032555,0.998356,0,0.64000,0.96000,38.400,1.920,-1,400.000,-1,375.000,1000.000,325.000,300.000,300.000,300.000,-1,675.000,950.000,-1,775.000,625.000,-1,-1,2,0,2,0,0,0,0,0,0,2,0,0,2,0,0,2,2
107,8160.265,-2507.872,-29.315,-95.878,-0.100854,0.994220,-0.036803,-0.993879,-0.102358,-0.041552,-0.045079,0.032387,0.998458,0,0.72000,1.00000,43.200,2.000,-1,400.000,-1,375.000,-1,325.000,300.000,300.000,300.000,-1,700.000,-1,-1,800.000,650.000,-1,-1,2,0,2,0,2,0,0,0,0,2,0,2,2,0,0,2,2
108,8157.019,-2555.762,-31.543,-93.878,-0.066196,0.997200,-0.034790,-0.996878,-0.067599,-0.040803,-0.043040,0.031980,0.998561,0,0.80000,1.00000,48.000,2.000,-1,400.000,-1,375.000,-1,325.000,300.000,300.000,300.000,-1,750.000,-1,-1,800.000,650.000,-1,-1,2,0,2,0,2,0,0,0,0,2,0,2,2,0,0,2,2
109,8155.289,-2608.533,-33.924,-91.878,-0.031455,0.998971,-0.032676,-0.998660,-0.032756,-0.040073,-0.041102,0.031372,0.998662,0,0.88000,1.00000,52.800,2.000,-1,400.000,-1,375.000,-1,325.000,325.000,300.000,300.000,-1,825.000,-1,-1,800.000,650.000,-1,-1,2,0,2,0,2,0,0,0,0,2,0,2,2,0,0,2,2
110,8155.404,-2662.782,-36.014,-89.878,0.003327,0.999534,-0.030352,-0.999219,0.002127,-0.039466,-0.039383,0.030459,0.998760,0,0.90415,1.00000,54.249,2.000,-1,400.000,-1,375.000,-1,325.000,325.000,300.000,300.000,-1,950.000,-1,-1,800.000,650.000,-1,-1,2,0,2,0,2,0,0,0,0,2,0,2,2,0,0,2,2
111,8157.413,-2716.993,-37.946,-87.878,0.038109,0.998884,-0.027908,-0.998559,0.037010,-0.038865,-0.037789,0.029349,0.998855,0,0.90415,1.00000,54.249,2.000,-1,400.000,-1,375.000,-1,325.000,325.000,300.000,300.000,-1,-1,-1,-1,800.000,675.000,-1,-1,2,0,2,0,2,0,0,0,0,2,2,2,2,0,0,2,2
112,8161.312,-2771.102,-39.839,-85.878,0.072861,0.997013,-0.025605,-0.996677,0.071851,-0.038370,-0.036415,0.028315,0.998936,0,0.90415,1.00000,54.249,2.000,-1,400.000,-1,375.000,-1,325.000,325.000,300.000,300.000,-1,-1,-1,-1,825.000,675.000,-1,-1,2,0,2,0,2,0,0,0,0,2,2,2,2,0,0,2,2
113,8167.097,-2825.042,-41.705,-83.878,0.107539,0.993924,-0.023443,-0.993575,0.106605,-0.037990,-0.035260,0.027378,0.999003,0,0.90415,1.00000,54.249,2.000,-1,400.000,-1,375.000,-1,325.000,325.000,300.000,300.000,-1,-1,-1,-1,825.000,675.000,-1,-1,2,0,2,0,2,0,0,0,0,2,2,2,2,0,0,2,2
114,8174.792,-2878.990,-43.564,-81.882,0.142030,0.989631,-0.021417,-0.989267,0.141161,-0.037737,-0.034322,0.026546,0.999058,0,0.90824,0.99799,54.494,1.996,-1,400.000,-1,375.000,-1,325.000,325.000,300.000,300.000,-1,-1,-1,-1,825.000,675.000,-1,-1,2,0,2,0,2,0,0,0,0,2,2,2,2,0,0,2,2
115,8184.488,-2933.434,-45.445,-79.902,0.176093,0.984180,-0.019506,-0.983800,0.175279,-0.037619,-0.033605,0.025814,0.999102,0,0.92168,0.99018,55.301,1.980,-1,400.000,-1,375.000,-1,325.000,325.000,300.000,275.000,-1,-1,-1,-1,825.000,700.000,-1,-1,2,0,2,0,2,0,0,0,0,2,2,2,2,0,0,2,2
116,8196.202,-2988.259,-47.361,-77.940,0.209637,0.977619,-0.017715,-0.977219,0.208869,-0.037650,-0.033107,0.025204,0.999134,0,0.93438,0.98083,56.063,1.962,-1,425.000,-1,375.000,-1,325.000,325.000,300.000,275.000,-1,-1,-1,-1,825.000,700.000,-1,-1,2,0,2,0,2,0,0,0,0,2,2,2,2,0,0,2,2
117,8209.936,-3043.344,-49.321,-76.000,0.242577,0.969999,-0.016048,-0.969577,0.241845,-0.037841,-0.032824,0.024739,0.999155,0,0.94618,0.96994,56.771,1.940,-1,400.000,-1,400.000,1000.000,325.000,325.000,300.000,275.000,-1,-1,-1,-1,825.000,700.000,-1,-1,2,0,2,0,1,0,0,0,0,2,2,2,2,0,0,2,2
118,8223.999,-3093.376,-51.145,-74.300,0.271221,0.962406,-0.014638,-0.961960,0.270515,-0.038153,-0.032759,0.024429,0.999165,0,0.86618,0.84994,51.971,1.700,-1,400.000,-1,375.000,950.000,325.000,325.000,300.000,275.000,-1,-1,-1,-1,825.000,700.000,-1,-1,2,0,2,0,1,0,0,0,0,2,2,2,2,0,0,2,2
119,8237.916,-3138.447,-52.832,-72.840,0.295636,0.955206,-0.013449,-0.954736,0.294947,-0.038547,-0.032854,0.024236,0.999166,0,0.78618,0.72994,47.171,1.460,-1,400.000,-1,375.000,900.000,325.000,325.000,300.000,275.000,-1,-1,-1,-1,825.000,700.000,-1,-1,2,0,2,0,1,0,0,0,0,2,2,2,2,0,0,2,2
120,8252.892,-3183.521,-54.549,-71.621,0.315890,0.948716,-0.012274,-0.948216,0.315218,-0.039050,-0.033178,0.023974,0.999162,0,0.79162,0.60994,47.497,1.220,-1,400.000,-1,375.000,850.000,325.000,325.000,275.000,275.000,-1,-1,-1,-1,800.000,700.000,-1,-1,2,0,2,0,1,0,0,0,0,2,2,2,2,0,0,2,2
121,8268.761,-3228.687,-56.195,-70.641,0.332043,0.943204,-0.010658,-0.942657,0.331402,-0.039639,-0.033856,0.023209,0.999157,0,0.79789,0.48994,47.873,0.980,-1,400.000,-1,375.000,825.000,325.000,325.000,275.000,275.000,-1,-1,-1,-1,800.000,700.000,-1,-1,2,0,2,0,1,0,0,0,0,2,2,2,2,0,0,2,2
122,8285.330,-3273.965,-57.756,-69.901,0.344148,0.938875,-0.008722,-0.938290,0.343564,-0.039694,-0.034271,0.021844,0.999174,0,0.80357,0.36994,48.214,0.740,-1,400.000,-1,375.000,800.000,325.000,325.000,275.000,275.000,-1,-1,-1,-1,775.000,700.000,-1,-1,2,0,2,0,1,0,0,0,0,2,2,2,2,0,0,2,2
123,8302.402,-3319.389,-59.370,-69.401,0.352276,0.935872,-0.006784,-0.935249,0.351754,-0.039721,-0.034788,0.020338,0.999188,0,0.80876,0.24994,48.525,0.500,-1,400.000,-1,375.000,775.000,325.000,325.000,275.000,275.000,-1,-1,-1,-1,775.000,700.000,-1,-1,2,0,2,0,1,0,0,0,0,2,2,2,2,0,0,2,2
124,8319.782,-3365.002,-60.959,-69.141,0.356461,0.934298,-0.004795,-0.933641,0.356007,-0.039661,-0.035348,0.018614,0.999202,0,0.81355,0.12994,48.813,0.260,-1,400.000,-1,375.000,775.000,325.000,325.000,275.000,275.000,-1,-1,-1,-1,775.000,700.000,-1,-1,2,0,2,0,1,0,0,0,0,2,2,2,2,0,0,2,2
125,8337.275,-3410.862,-62.440,-69.121,0.356729,0.934203,-0.003029,-0.933524,0.356342,-0.039427,-0.035754,0.016892,0.999218,0,0.81805,0.00994,49.083,0.020,-1,400.000,-1,375.000,750.000,325.000,325.000,275.000,275.000,-1,-1,-1,-1,775.000,700.000,-1,-1,2,0,2,0,1,0,0,0,0,2,2,2,2,0,0,2,2
126,8354.683,-3457.032,-63.809,-69.341,0.353104,0.935581,-0.002245,-0.934907,0.352756,-0.038880,-0.035583,0.015827,0.999241,0,0.82238,-0.11006,49.343,-0.220,-1,400.000,-1,375.000,750.000,325.000,325.000,275.000,275.000,-1,-1,-1,-1,775.000,700.000,-1,-1,2,0,2,0,1,0,0,0,0,2,2,2,2,0,0,2,2
127,8371.808,-3503.581,-65.253,-69.801,0.345544,0.938401,-0.001488,-0.937734,0.345238,-0.038291,-0.035418,0.014626,0.999266,0,0.82665,-0.23006,49.599,-0.460,-1,400.000,-1,375.000,725.000,325.000,325.000,300.000,275.000,-1,-1,-1,-1,775.000,700.000,-1,-1,2,0,2,0,1,0,0,0,0,2,2,2,2,0,0,2,2
128,8388.450,-3550.581,-66.777,-70.502,0.334014,0.942568,-0.000731,-0.941909,0.333752,-0.037636,-0.035230,0.013260,0.999291,0,0.83098,-0.35006,49.859,-0.700,-1,400.000,-1,375.000,725.000,325.000,325.000,300.000,275.000,-1,-1,-1,-1,750.000,700.000,-1,-1,2,0,2,0,1,0,0,0,0,2,2,2,2,0,0,2,2
129,8404.405,-3598.104,-68.380,-71.442,0.318463,0.947935,0.000054,-0.947290,0.318248,-0.036890,-0.034987,0.011697,0.999319,0,0.83550,-0.47006,50.130,-0.940,-1,400.000,-1,375.000,700.000,325.000,325.000,300.000,275.000,-1,-1,-1,-1,750.000,700.000,-1,-1,2,0,2,0,1,0,0,0,0,2,2,2,2,0,0,2,2
130,8419.463,-3646.221,-70.064,-72.622,0.298826,0.954307,0.000899,-0.953678,0.298663,-0.036030,-0.034652,0.009909,0.999350,0,0.84031,-0.59006,50.419,-1.180,-1,400.000,-1,375.000,675.000,325.000,325.000,300.000,275.000,-1,-1,-1,-1,750.000,700.000,-1,-1,2,0,2,0,1,0,0,0,0,2,2,2,2,0,0,2,2
131,8433.411,-3694.999,-71.827,-74.042,0.275032,0.961433,0.001836,-0.960827,0.274925,-0.035033,-0.034187,0.007871,0.999384,0,0.84554,-0.71006,50.732,-1.420,-1,400.000,-1,375.000,625.000,325.000,325.000,300.000,275.000,-1,-1,-1,-1,750.000,700.000,-1,975.000,2,0,2,0,1,0,0,0,0,2,2,2,2,0,0,2,1
132,8446.026,-3744.495,-73.667,-75.702,0.247006,0.969010,0.002899,-0.968433,0.246960,-0.033882,-0.033547,0.005561,0.999422,0,0.85130,-0.83006,51.078,-1.660,-1,400.000,-1,375.000,600.000,325.000,325.000,300.000,275.000,-1,-1,-1,-1,750.000,700.000,-1,925.000,2,0,2,0,1,0,0,0,0,2,2,2,2,0,0,2,1
133,8457.075,-3794.757,-75.579,-77.602,0.214678,0.976676,0.004126,-0.976138,0.214697,-0.032560,-0.032687,0.002962,0.999461,0,0.85771,-0.95006,51.463,-1.900,-1,400.000,-1,375.000,550.000,325.000,325.000,300.000,275.000,-1,-1,-1,-1,750.000,700.000,-1,875.000,2,0,2,0,1,0,0,0,0,2,2,2,2,0,0,2,1
