timestep,x_cm,y_cm,z_cm,yaw_deg,basis_xx,basis_xy,basis_xz,basis_yx,basis_yy,basis_yz,basis_zx,basis_zy,basis_zz,teleport_flag,throttle_cmd,steering_cmd,cmd_move_cm,cmd_turn_deg,lidar_cm_0,lidar_cm_1,lidar_cm_2,lidar_cm_3,lidar_cm_4,lidar_cm_5,lidar_cm_6,lidar_cm_7,lidar_cm_8,lidar_cm_9,lidar_cm_10,lidar_cm_11,lidar_cm_12,lidar_cm_13,lidar_cm_14,lidar_cm_15,lidar_cm_16,lidar_class_0,lidar_class_1,lidar_class_2,lidar_class_3,lidar_class_4,lidar_class_5,lidar_class_6,lidar_class_7,lidar_class_8,lidar_class_9,lidar_class_10,lidar_class_11,lidar_class_12,lidar_class_13,lidar_class_14,lidar_class_15,lidar_class_16
0,986.416,-7539.133,66.069,58.271,0.526349,-0.850072,0.018274,0.850058,0.525618,-0.033583,0.018942,0.033210,0.999269,1,0.08000,0.12000,4.800,0.240,-1,400.000,-1,375.000,-1,325.000,300.000,400.000,250.000,-1,0.000,0.000,-1,800.000,725.000,-1,-1,2,0,2,0,2,0,0,0,0,2,1,1,2,0,0,2,2
1,991.397,-7530.926,65.970,58.751,0.519189,-0.854519,0.015493,0.854415,0.518523,-0.033304,0.020425,0.030528,0.999325,0,0.16000,0.24000,9.600,0.480,-1,400.000,-1,375.000,-1,325.000,300.000,400.000,250.000,-1,0.000,0.000,-1,800.000,725.000,-1,-1,2,0,2,0,2,0,0,0,0,2,1,1,2,0,0,2,2
2,998.713,-7518.523,65.833,59.471,0.508368,-0.861064,0.011427,0.860843,0.507801,-0.032970,0.022587,0.026598,0.999391,0,0.24000,0.36000,14.400,0.720,-1,400.000,-1,375.000,-1,325.000,300.000,400.000,275.000,-1,0.000,0.000,-1,800.000,750.000,-1,-1,2,0,2,0,2,0,0,0,0,2,1,1,2,0,0,2,2
3,1008.189,-7501.825,65.673,60.431,0.493794,-0.869557,0.006208,0.869210,0.493363,-0.032675,0.025350,0.021531,0.999447,0,0.32000,0.48000,19.200,0.960,-1,400.000,-1,375.000,-1,325.000,325.000,375.000,275.000,-1,0.000,25.000,-1,825.000,775.000,-1,-1,2,0,2,0,2,0,0,0,0,2,1,1,2,0,0,2,2
4,1019.594,-7480.708,65.510,61.631,0.475350,-0.879797,0.000022,0.879332,0.475097,-0.032529,0.028608,0.015482,0.999471,0,0.40000,0.60000,24.000,1.200,-1,400.000,-1,375.000,-1,325.000,325.000,375.000,275.000,-1,0.000,50.000,-1,825.000,825.000,-1,-1,2,0,2,0,2,0,0,0,0,2,1,1,2,0,0,2,2
5,1030.789,-7458.673,65.482,63.071,0.452943,-0.891522,-0.005475,0.890988,0.452871,-0.032392,0.031358,0.009794,0.999460,0,0.41191,0.72000,24.715,1.440,-1,400.000,-1,400.000,-1,325.000,325.000,350.000,275.000,-1,0.000,75.000,-1,825.000,875.000,-1,-1,2,0,2,0,2,0,0,0,0,2,1,1,2,0,0,2,2
6,1041.554,-7435.848,65.582,64.751,0.426455,-0.904450,-0.010264,0.903885,0.426555,-0.032293,0.033585,0.004494,0.999426,0,0.42061,0.84000,25.236,1.680,-1,400.000,-1,400.000,-1,325.000,325.000,350.000,275.000,-1,25.000,100.000,-1,825.000,900.000,-1,-1,2,0,2,0,2,0,0,0,0,2,1,1,2,0,0,2,2
7,1051.768,-7412.167,65.796,66.671,0.395755,-0.918243,-0.014413,0.917676,0.396017,-0.032260,0.035330,-0.000459,0.999376,0,0.42983,0.96000,25.790,1.920,-1,400.000,-1,400.000,-1,325.000,325.000,350.000,275.000,475.000,25.000,150.000,-1,825.000,925.000,-1,-1,2,0,2,0,2,0,0,0,0,1,1,1,2,0,0,2,2
8,1061.362,-7387.597,66.053,68.671,0.363302,-0.931492,-0.018276,0.930941,0.363724,-0.032465,0.036889,-0.005220,0.999306,0,0.43961,1.00000,26.376,2.000,-1,400.000,-1,400.000,-1,325.000,325.000,325.000,275.000,450.000,50.000,200.000,-1,825.000,950.000,-1,-1,2,0,2,0,2,0,0,0,0,1,1,1,2,0,0,2,2
9,1070.292,-7362.139,66.326,70.671,0.330399,-0.943586,-0.021965,0.943061,0.330983,-0.032969,0.038379,-0.009821,0.999215,0,0.44965,1.00000,26.979,2.000,-1,400.000,-1,425.000,-1,325.000,325.000,325.000,300.000,450.000,75.000,250.000,-1,825.000,975.000,-1,-1,2,0,2,0,2,0,0,0,0,1,1,1,2,0,0,2,2
10,1078.509,-7335.803,66.626,72.671,0.297089,-0.954511,-0.025416,0.954021,0.297835,-0.033740,0.039775,-0.014223,0.999107,0,0.45979,1.00000,27.587,2.000,-1,400.000,-1,425.000,-1,325.000,325.000,325.000,300.000,450.000,75.000,300.000,-1,825.000,1000.000,-1,-1,2,0,2,0,2,0,0,0,0,1,1,1,2,0,0,2,2
11,1085.964,-7308.608,66.960,74.671,0.263417,-0.964259,-0.028577,0.963808,0.264323,-0.034742,0.041053,-0.018391,0.998988,0,0.46998,1.00000,28.199,2.000,-1,400.000,-1,425.000,-1,325.000,325.000,300.000,300.000,450.000,100.000,375.000,-1,825.000,1000.000,-1,-1,2,0,2,0,2,0,0,0,0,1,1,1,2,0,1,2,2
12,1092.606,-7280.572,68.037,76.671,0.229608,-0.972876,-0.028136,0.972463,0.230506,-0.034393,0.039946,-0.019464,0.999012,0,0.48020,1.00000,28.812,2.000,-1,400.000,-1,425.000,-1,325.000,325.000,300.000,300.000,475.000,150.000,500.000,-1,825.000,975.000,-1,-1,2,0,2,0,2,0,0,0,0,1,1,1,2,0,1,2,2
13,1098.386,-7251.720,69.219,78.671,0.195553,-0.980317,-0.027148,0.979945,0.196410,-0.033629,0.038299,-0.020027,0.999066,0,0.49043,1.00000,29.426,2.000,-1,400.000,-1,425.000,-1,325.000,325.000,300.000,300.000,475.000,200.000,675.000,-1,800.000,950.000,-1,-1,2,0,2,0,2,0,0,0,0,1,1,1,2,0,1,2,2
14,1103.256,-7222.079,70.325,80.671,0.161253,-0.986559,-0.026448,0.986239,0.162075,-0.032623,0.036471,-0.020823,0.999118,0,0.50064,1.00000,30.038,2.000,-1,400.000,-1,425.000,-1,325.000,325.000,300.000,300.000,500.000,300.000,925.000,-1,800.000,925.000,-1,-1,2,0,2,0,2,0,0,0,0,1,1,1,2,0,1,2,2
15,1107.165,-7191.681,71.414,82.671,0.126754,-0.991598,-0.025805,0.991327,0.127544,-0.031680,0.034705,-0.021566,0.999165,0,0.51081,1.00000,30.648,2.000,-1,400.000,-1,425.000,-1,325.000,325.000,300.000,300.000,500.000,400.000,-1,-1,800.000,925.000,-1,-1,2,0,2,0,2,0,0,0,0,1,1,2,2,0,1,2,2
16,1110.068,-7160.562,72.344,84.671,0.092115,-0.995442,-0.024705,0.995200,0.092860,-0.030901,0.033054,-0.021740,0.999217,0,0.52091,1.00000,31.255,2.000,-1,400.000,-1,425.000,-1,325.000,325.000,300.000,300.000,525.000,600.000,-1,-1,800.000,925.000,-1,-1,2,0,2,0,2,0,0,0,0,1,1,2,2,0,0,2,2
17,1111.918,-7128.760,73.226,86.671,0.057366,-0.998076,-0.023540,0.997860,0.058063,-0.030060,0.031369,-0.021765,0.999271,0,0.53093,1.00000,31.856,2.000,-1,400.000,-1,425.000,-1,325.000,325.000,300.000,300.000,550.000,-1,-1,-1,800.000,900.000,-1,-1,2,0,2,0,2,0,0,0,0,1,2,2,2,0,0,2,2
18,1112.671,-7096.317,74.090,88.671,0.022543,-0.999494,-0.022434,0.999303,0.023195,-0.029235,0.029741,-0.021759,0.999321,0,0.54086,1.00000,32.451,2.000,-1,400.000,-1,425.000,-1,325.000,325.000,300.000,300.000,575.000,-1,-1,-1,800.000,900.000,-1,-1,2,0,2,0,2,0,0,0,0,1,2,2,2,0,0,2,2
19,1112.284,-7063.280,74.936,90.671,-0.012311,-0.999695,-0.021391,0.999527,-0.011701,-0.028431,0.028172,-0.021731,0.999367,0,0.55066,1.00000,33.040,2.000,-1,400.000,-1,425.000,-1,325.000,325.000,300.000,300.000,600.000,-1,-1,-1,800.000,875.000,-1,-1,2,0,2,0,2,0,0,0,0,1,2,2,2,0,0,2,2
20,1110.717,-7029.696,75.766,92.671,-0.047155,-0.998679,-0.020416,0.998532,-0.046583,-0.027652,0.026664,-0.021690,0.999409,0,0.56034,1.00000,33.620,2.000,-1,400.000,-1,400.000,-1,325.000,325.000,300.000,300.000,600.000,-1,-1,-1,800.000,875.000,-1,-1,2,0,2,0,2,0,0,0,0,1,2,2,2,0,0,2,2
21,1107.935,-6995.618,76.580,94.667,-0.081887,-0.996451,-0.019514,0.996322,-0.081350,-0.026902,0.025220,-0.021645,0.999448,0,0.56986,0.99832,34.192,1.997,-1,400.000,-1,400.000,-1,325.000,325.000,300.000,300.000,625.000,-1,-1,-1,800.000,875.000,-1,-1,2,0,2,0,2,0,0,0,0,1,2,2,2,0,0,2,2
22,1103.916,-6961.098,77.380,96.641,-0.116127,-0.993059,-0.018688,0.992948,-0.115621,-0.026188,0.023846,-0.021598,0.999482,0,0.57922,0.98690,34.753,1.974,-1,400.000,-1,400.000,-1,325.000,325.000,300.000,325.000,650.000,-1,-1,-1,800.000,875.000,-1,-1,2,0,2,0,2,0,0,0,0,1,2,2,2,0,0,2,2
23,1098.642,-6926.193,78.166,98.592,-0.149839,-0.988548,-0.017943,0.988453,-0.149362,-0.025513,0.022541,-0.021559,0.999513,0,0.58836,0.97546,35.302,1.951,-1,400.000,-1,400.000,-1,325.000,325.000,300.000,325.000,675.000,-1,-1,-1,800.000,850.000,-1,-1,2,0,2,0,2,0,0,0,0,1,2,2,2,0,0,2,2
24,1091.470,-6886.738,79.025,100.303,-0.179259,-0.983651,-0.017206,0.983571,-0.178811,-0.024811,0.021329,-0.021371,0.999544,0,0.66836,0.85546,40.102,1.711,-1,400.000,-1,400.000,-1,325.000,325.000,300.000,325.000,700.000,-1,-1,-1,825.000,850.000,-1,-1,2,0,2,0,2,0,0,0,0,1,2,2,2,0,0,2,2
25,1082.307,-6842.781,79.960,101.774,-0.204423,-0.978744,-0.016487,0.978674,-0.204003,-0.024083,0.020208,-0.021059,0.999574,0,0.74836,0.73546,44.902,1.471,-1,400.000,-1,400.000,-1,325.000,325.000,300.000,325.000,750.000,-1,-1,-1,825.000,850.000,-1,-1,2,0,2,0,2,0,0,0,0,1,2,2,2,0,0,2,2
26,1071.859,-6797.542,80.915,103.005,-0.225377,-0.974143,-0.015839,0.974082,-0.224983,-0.023373,0.019205,-0.020697,0.999601,0,0.77382,0.61546,46.429,1.231,-1,400.000,-1,400.000,-1,325.000,325.000,300.000,325.000,775.000,-1,-1,-1,825.000,850.000,-1,-1,2,0,2,0,2,0,0,0,0,1,2,2,2,0,0,2,2
27,1060.512,-6752.014,81.879,103.996,-0.242169,-0.970114,-0.015265,0.970061,-0.241798,-0.022685,0.018316,-0.020302,0.999626,0,0.78202,0.49546,46.921,0.991,-1,400.000,-1,400.000,-1,325.000,325.000,300.000,325.000,825.000,-1,-1,-1,825.000,850.000,-1,-1,2,0,2,0,2,0,0,0,0,1,2,2,2,0,0,2,2
28,1048.403,-6706.197,82.860,104.804,-0.255815,-0.966613,-0.014755,0.966567,-0.255467,-0.022005,0.017501,-0.019891,0.999649,0,0.78984,0.40430,47.390,0.809,-1,400.000,-1,400.000,-1,325.000,325.000,300.000,325.000,850.000,-1,-1,-1,850.000,850.000,-1,-1,2,0,2,0,2,0,0,0,0,1,2,2,2,0,0,2,2
29,1035.549,-6660.106,83.865,105.583,-0.268903,-0.963061,-0.014312,0.963022,-0.268575,-0.021332,0.016700,-0.019519,0.999670,0,0.79750,0.38915,47.850,0.778,-1,400.000,-1,400.000,-1,325.000,325.000,300.000,325.000,900.000,-1,-1,-1,850.000,850.000,-1,-1,2,0,2,0,2,0,0,0,0,1,2,2,2,0,0,2,2
30,1020.930,-6609.526,84.883,106.121,-0.277918,-0.960511,-0.013430,0.960469,-0.277616,-0.020722,0.016176,-0.018658,0.999695,0,0.87750,0.26915,52.650,0.538,-1,400.000,-1,400.000,-1,325.000,325.000,325.000,325.000,950.000,-1,-1,-1,850.000,850.000,-1,-1,2,0,2,0,2,0,0,0,0,1,2,2,2,0,0,2,2
31,1005.766,-6558.367,85.680,106.511,-0.284407,-0.958631,-0.011790,0.958584,-0.284155,-0.019292,0.015144,-0.016788,0.999744,0,0.88933,0.19495,53.360,0.390,-1,400.000,-1,400.000,-1,325.000,325.000,325.000,325.000,1000.000,-1,-1,-1,875.000,850.000,-1,-1,2,0,2,0,2,0,0,0,0,1,2,2,2,0,0,2,2
32,990.227,-6507.116,86.495,106.867,-0.290327,-0.956874,-0.010133,0.956824,-0.290123,-0.017780,0.014073,-0.014858,0.999791,0,0.89258,0.17824,53.555,0.356,-1,425.000,-1,400.000,-1,325.000,325.000,325.000,325.000,-1,-1,-1,-1,875.000,850.000,-1,-1,2,0,2,0,2,0,0,0,0,2,2,2,2,0,0,2,2
33,975.986,-6460.487,87.028,106.984,-0.292255,-0.956295,-0.009301,0.956242,-0.292072,-0.017174,0.013707,-0.013913,0.999809,0,0.81258,0.05824,48.755,0.116,-1,425.000,-1,400.000,-1,325.000,325.000,325.000,325.000,-1,-1,-1,-1,900.000,850.000,-1,-1,2,0,2,0,2,0,0,0,0,2,2,2,2,0,0,2,2
34,962.570,-6416.222,87.202,106.860,-0.290186,-0.956917,-0.010127,0.956890,-0.290008,-0.016035,0.012407,-0.014344,0.999820,0,0.77089,-0.06176,46.254,-0.124,-1,425.000,-1,400.000,-1,325.000,325.000,325.000,325.000,-1,-1,-1,-1,900.000,850.000,-1,-1,2,0,2,0,2,0,0,0,0,2,2,2,2,0,0,2,2
35,949.385,-6371.702,87.375,106.497,-0.284100,-0.958732,-0.011003,0.958731,-0.283930,-0.014818,0.011082,-0.014759,0.999830,0,0.77385,-0.18176,46.431,-0.364,-1,425.000,-1,400.000,-1,325.000,325.000,300.000,325.000,-1,-1,-1,-1,900.000,850.000,-1,-1,2,0,2,0,2,0,0,0,0,2,2,2,2,0,0,2,2
36,936.617,-6326.857,87.552,105.893,-0.273974,-0.961663,-0.011903,0.961688,-0.273814,-0.013504,0.009727,-0.015147,0.999838,0,0.77713,-0.30176,46.628,-0.604,-1,425.000,-1,400.000,-1,325.000,325.000,300.000,325.000,-1,-1,-1,-1,900.000,850.000,-1,-1,2,0,2,0,2,0,0,0,0,2,2,2,2,0,0,2,2
37,924.452,-6281.615,87.738,105.050,-0.259773,-0.965585,-0.012798,0.965634,-0.259626,-0.012076,0.008338,-0.015495,0.999845,0,0.78082,-0.42176,46.849,-0.844,-1,400.000,-1,400.000,-1,325.000,325.000,300.000,325.000,-1,-1,-1,-1,875.000,850.000,-1,-1,2,0,2,0,2,0,0,0,0,2,2,2,2,0,0,2,2
38,913.084,-6235.907,87.939,103.966,-0.241450,-0.970317,-0.013654,0.970389,-0.241319,-0.010519,0.006912,-0.015790,0.999851,0,0.78501,-0.54176,47.101,-1.084,-1,400.000,-1,400.000,-1,325.000,325.000,300.000,325.000,-1,-1,-1,-1,875.000,850.000,-1,-1,2,0,2,0,2,0,0,0,0,2,2,2,2,0,0,2,2
39,902.712,-6189.668,88.162,102.643,-0.218952,-0.975629,-0.014434,0.975720,-0.218842,-0.008820,0.005446,-0.016015,0.999857,0,0.78979,-0.66176,47.388,-1.324,-1,400.000,-1,400.000,-1,325.000,325.000,300.000,325.000,-1,-1,-1,-1,875.000,825.000,-1,-1,2,0,2,0,2,0,0,0,0,2,2,2,2,0,0,2,2
40,893.543,-6142.843,88.413,101.079,-0.192226,-0.981235,-0.015096,0.981343,-0.192140,-0.006973,0.003941,-0.016154,0.999862,0,0.79523,-0.78176,47.714,-1.564,-1,400.000,-1,400.000,-1,325.000,325.000,300.000,325.000,-1,-1,-1,-1,875.000,825.000,-1,-1,2,0,2,0,2,0,0,0,0,2,2,2,2,0,0,2,2
41,885.746,-6095.396,88.700,99.332,-0.162194,-0.986636,-0.015594,0.986756,-0.162135,-0.004986,0.002391,-0.016196,0.999866,0,0.80140,-0.87354,48.084,-1.747,-1,400.000,-1,400.000,-1,325.000,325.000,300.000,325.000,-1,-1,-1,-1,875.000,825.000,-1,-1,2,0,2,0,2,0,0,0,0,2,2,2,2,0,0,2,2
42,879.367,-6047.323,89.027,97.559,-0.131557,-0.991181,-0.015905,0.991308,-0.131527,-0.002895,0.000777,-0.016147,0.999869,0,0.80824,-0.88662,48.494,-1.773,-1,400.000,-1,400.000,-1,325.000,325.000,300.000,325.000,-1,-1,-1,-1,850.000,800.000,-1,-1,2,0,2,0,2,0,0,0,0,2,2,2,2,0,0,2,2
43,874.468,-5998.843,89.393,95.770,-0.100522,-0.994806,-0.016014,0.994934,-0.100523,-0.000730,-0.000883,-0.016007,0.999871,0,0.81211,-0.89441,48.726,-1.789,-1,400.000,-1,400.000,-1,325.000,325.000,300.000,325.000,-1,-1,-1,-1,850.000,800.000,-1,-1,2,0,2,0,2,0,0,0,0,2,2,2,2,0,0,2,2
44,871.087,-5950.224,89.797,93.978,-0.069333,-0.997467,-0.015915,0.997590,-0.069365,0.001474,-0.002574,-0.015775,0.999872,0,0.81227,-0.89601,48.736,-1.792,-1,400.000,-1,400.000,-1,325.000,325.000,300.000,325.000,-1,-1,-1,-1,850.000,800.000,-1,-1,2,0,2,0,2,0,0,0,0,2,2,2,2,0,0,2,2
45,869.230,-5901.514,90.129,92.183,-0.038026,-0.999161,-0.015196,0.999268,-0.038084,0.003499,-0.004074,-0.015052,0.999878,0,0.81242,-0.89761,48.745,-1.795,-1,400.000,-1,400.000,-1,325.000,325.000,300.000,325.000,-1,-1,-1,-1,825.000,775.000,-1,-1,2,0,2,0,2,0,0,0,0,2,2,2,2,0,0,2,2
46,868.903,-5852.762,89.759,90.384,-0.006639,-0.999852,-0.015860,0.999968,-0.006709,0.004334,-0.004440,-0.015830,0.999865,0,0.81255,-0.89919,48.753,-1.798,-1,400.000,-1,400.000,-1,325.000,325.000,300.000,325.000,-1,-1,-1,-1,825.000,775.000,-1,-1,2,0,2,0,2,0,0,0,0,2,2,2,2,0,0,2,2
47,870.109,-5804.018,89.380,88.583,0.024811,-0.999555,-0.016533,0.999681,0.024727,0.005239,-0.004827,-0.016658,0.999850,0,0.81266,-0.90077,48.759,-1.802,-1,400.000,-1,400.000,-1,325.000,325.000,300.000,325.000,-1,-1,-1,-1,825.000,775.000,-1,-1,2,0,2,0,2,0,0,0,0,2,2,2,2,0,0,2,2
48,872.849,-5755.330,89.027,86.778,0.056290,-0.998268,-0.017088,0.998401,0.056193,0.006118,-0.005147,-0.017405,0.999835,0,0.81274,-0.90234,48.764,-1.805,-1,400.000,-1,400.000,-1,325.000,325.000,300.000,325.000,-1,-1,-1,-1,800.000,775.000,-1,-1,2,0,2,0,2,0,0,0,0,2,2,2,2,0,0,2,2
49,877.125,-5706.750,88.701,84.970,0.087766,-0.995987,-0.017526,0.996126,0.087656,0.006961,-0.005397,-0.018069,0.999822,0,0.81280,-0.90389,48.768,-1.808,-1,400.000,-1,400.000,-1,325.000,325.000,300.000,325.000,-1,-1,-1,-1,800.000,775.000,-1,-1,2,0,2,0,2,0,0,0,0,2,2,2,2,0,0,2,2
50,882.933,-5658.327,88.408,83.160,0.119206,-0.992709,-0.017847,0.992854,0.119084,0.007758,-0.005576,-0.018645,0.999811,0,0.81284,-0.90544,48.770,-1.811,-1,400.000,-1,400.000,-1,325.000,325.000,300.000,325.000,-1,-1,-1,-1,800.000,775.000,-1,-1,2,0,2,0,2,0,0,0,0,2,2,2,2,0,0,2,2
51,890.272,-5610.111,88.148,81.346,0.150579,-0.988433,-0.018056,0.988582,0.150446,0.008498,-0.005684,-0.019129,0.999801,0,0.81285,-0.90696,48.771,-1.814,-1,400.000,-1,400.000,-1,325.000,325.000,300.000,325.000,-1,-1,-1,-1,800.000,775.000,-1,-1,2,0,2,0,2,0,0,0,0,2,2,2,2,0,0,2,2
52,899.135,-5562.153,87.926,79.529,0.181850,-0.983159,-0.018154,0.983310,0.181709,0.009173,-0.005720,-0.019519,0.999793,0,0.81283,-0.90847,48.770,-1.817,-1,400.000,-1,400.000,-1,325.000,325.000,300.000,325.000,-1,-1,-1,-1,775.000,775.000,-1,-1,2,0,2,0,2,0,0,0,0,2,2,2,2,0,0,2,2
53,909.517,-5514.504,87.745,77.709,0.212988,-0.976886,-0.018146,0.977038,0.212839,0.009773,-0.005685,-0.019810,0.999788,0,0.81279,-0.90996,48.767,-1.820,-1,400.000,-1,400.000,-1,325.000,325.000,300.000,325.000,-1,-1,-1,-1,775.000,775.000,-1,-1,2,0,2,0,2,0,0,0,0,2,2,2,2,0,0,2,2
54,921.408,-5467.213,87.606,75.886,0.243958,-0.969618,-0.018035,0.969770,0.243805,0.010288,-0.005578,-0.020000,0.999784,0,0.81271,-0.91144,48.763,-1.823,-1,400.000,-1,400.000,-1,325.000,325.000,325.000,325.000,-1,-1,-1,-1,775.000,775.000,-1,-1,2,0,2,0,2,0,0,0,0,2,2,2,2,0,0,2,2
55,934.798,-5420.331,87.514,74.060,0.274729,-0.961356,-0.017828,0.961506,0.274573,0.010710,-0.005401,-0.020084,0.999784,0,0.81261,-0.91289,48.757,-1.826,-1,400.000,-1,400.000,850.000,325.000,325.000,325.000,325.000,-1,-1,-1,-1,775.000,775.000,-1,-1,2,0,2,0,1,0,0,0,0,2,2,2,2,0,0,2,2
56,949.675,-5373.908,87.469,72.231,0.305267,-0.952106,-0.017529,0.952253,0.305111,0.011031,-0.005154,-0.020059,0.999786,0,0.81248,-0.91431,48.749,-1.829,-1,400.000,-1,400.000,775.000,325.000,325.000,325.000,325.000,-1,-1,-1,-1,775.000,775.000,-1,-1,2,0,2,0,1,0,0,0,0,2,2,2,2,0,0,2,2
57,966.024,-5327.992,87.383,70.400,0.335534,-0.941864,-0.017593,0.942017,0.335382,0.011090,-0.004545,-0.020294,0.999784,0,0.81232,-0.91572,48.739,-1.831,-1,400.000,-1,400.000,700.000,325.000,325.000,325.000,325.000,-1,-1,-1,-1,775.000,775.000,-1,-1,2,0,2,0,1,0,0,0,0,2,2,2,2,0,0,2,2
58,983.831,-5282.635,87.288,68.566,0.365501,-0.930639,-0.017871,0.930803,0.365354,0.011038,-0.003743,-0.020669,0.999779,0,0.81212,-0.91710,48.727,-1.834,-1,400.000,-1,400.000,650.000,325.000,325.000,325.000,325.000,-1,-1,-1,-1,775.000,775.000,-1,-1,2,0,2,0,1,0,0,0,0,2,2,2,2,0,1,2,2
59,1003.077,-5237.884,87.233,66.729,0.395136,-0.918444,-0.018119,0.918618,0.394994,0.010990,-0.002937,-0.020987,0.999775,0,0.81190,-0.91845,48.714,-1.837,-1,400.000,-1,400.000,600.000,325.000,325.000,325.000,325.000,-1,-1,-1,-1,775.000,750.000,-1,-1,2,0,2,0,1,0,0,0,0,2,2,2,2,0,1,2,2
60,1022.342,-5196.320,87.215,65.132,0.420570,-0.907075,-0.018324,0.907257,0.420433,0.010945,-0.002224,-0.021228,0.999772,0,0.76353,-0.79845,45.812,-1.597,-1,400.000,-1,400.000,550.000,325.000,325.000,325.000,325.000,-1,-1,-1,-1,775.000,725.000,-1,-1,2,0,2,0,1,0,0,0,0,2,2,2,2,0,1,2,2
61,1042.646,-5155.101,87.169,63.775,0.441921,-0.896865,-0.018391,0.897053,0.441795,0.010655,-0.001431,-0.021206,0.999774,0,0.76580,-0.67845,45.948,-1.357,-1,400.000,-1,400.000,525.000,325.000,325.000,325.000,325.000,-1,-1,-1,-1,775.000,725.000,-1,-1,2,0,2,0,1,0,0,0,0,2,2,2,2,0,1,2,2
62,1063.799,-5114.191,87.117,62.658,0.459308,-0.888087,-0.018390,0.888277,0.459195,0.010228,-0.000639,-0.021033,0.999779,0,0.76759,-0.55845,46.055,-1.117,-1,400.000,-1,400.000,500.000,325.000,325.000,325.000,325.000,-1,-1,-1,-1,775.000,750.000,-1,-1,2,0,2,0,1,0,0,0,0,2,2,2,2,0,1,2,2
63,1085.611,-5073.545,86.970,61.781,0.472843,-0.880956,-0.018328,0.881147,0.472733,0.010214,-0.000334,-0.020980,0.999780,0,0.76882,-0.43845,46.129,-0.877,-1,400.000,-1,400.000,475.000,325.000,325.000,325.000,325.000,-1,-1,-1,-1,775.000,800.000,-1,-1,2,0,2,0,1,0,0,0,0,2,2,2,2,0,1,2,2
64,1107.890,-5033.112,86.750,61.145,0.482610,-0.875649,-0.018053,0.875835,0.482497,0.010448,-0.000438,-0.020854,0.999782,0,0.76940,-0.31845,46.164,-0.637,-1,400.000,-1,400.000,450.000,325.000,325.000,325.000,325.000,-1,-1,-1,-1,775.000,850.000,-1,-1,2,0,2,0,1,0,0,0,0,2,2,2,2,0,0,2,2
65,1130.443,-4992.844,86.549,60.748,0.488669,-0.872289,-0.017712,0.872469,0.488553,0.010668,-0.000652,-0.020667,0.999786,0,0.76924,-0.19845,46.155,-0.397,-1,400.000,-1,400.000,425.000,325.000,325.000,325.000,325.000,-1,-1,-1,-1,775.000,875.000,-1,-1,2,0,2,0,1,0,0,0,0,2,2,2,2,0,0,2,2
66,1153.078,-4952.689,86.366,60.591,0.491062,-0.870952,-0.017317,0.871124,0.490942,0.010885,-0.000979,-0.020431,0.999791,0,0.76826,-0.07845,46.095,-0.157,-1,400.000,-1,400.000,425.000,325.000,325.000,325.000,325.000,-1,-1,-1,-1,775.000,875.000,-1,-1,2,0,2,1,1,0,0,0,1,2,2,2,2,0,0,2,2
67,1175.677,-4912.645,86.200,60.561,0.491515,-0.870705,-0.016891,0.870868,0.491391,0.011119,-0.001381,-0.020175,0.999796,0,0.76634,-0.01468,45.980,-0.029,-1,400.000,-1,400.000,450.000,325.000,325.000,325.000,300.000,-1,-1,-1,-1,775.000,875.000,-1,-1,2,0,2,1,1,0,0,0,1,2,2,2,2,0,0,2,2
68,1200.386,-4868.646,86.032,60.682,0.489686,-0.871745,-0.016392,0.871897,0.489557,0.011403,-0.001916,-0.019876,0.999801,0,0.84104,0.06041,50.462,0.121,-1,400.000,-1,400.000,-1,325.000,325.000,300.000,275.000,-1,-1,-1,-1,775.000,875.000,-1,-1,2,0,2,1,2,0,0,0,1,2,2,2,2,0,0,2,2
69,1224.902,-4824.809,85.883,60.784,0.488145,-0.872618,-0.015888,0.872759,0.488010,0.011733,-0.002485,-0.019594,0.999805,0,0.83712,0.05091,50.227,0.102,-1,400.000,-1,400.000,-1,325.000,325.000,300.000,275.000,-1,-1,-1,-1,775.000,875.000,-1,-1,2,0,2,1,2,0,0,0,1,2,2,2,2,0,0,2,2
70,1249.222,-4781.174,85.752,60.867,0.486895,-0.873325,-0.015378,0.873455,0.486755,0.012107,-0.003088,-0.019327,0.999808,0,0.83257,0.04127,49.954,0.083,-1,400.000,-1,400.000,-1,325.000,325.000,300.000,250.000,-1,-1,-1,-1,775.000,875.000,-1,-1,2,0,2,1,2,0,0,0,1,2,2,2,2,0,0,2,2
71,1273.344,-4737.782,85.908,60.930,0.485931,-0.873846,-0.016277,0.873993,0.485784,0.012285,-0.002828,-0.020196,0.999792,0,0.82743,0.03157,49.646,0.063,-1,400.000,-1,425.000,-1,325.000,325.000,300.000,225.000,-1,-1,-1,-1,775.000,875.000,-1,-1,2,0,2,0,2,0,0,0,1,2,2,2,2,0,0,2,2
72,1297.263,-4694.668,86.745,60.979,0.485145,-0.874195,-0.020421,0.874434,0.484998,0.011950,-0.000543,-0.023654,0.999720,0,0.82174,0.02455,49.305,0.049,-1,400.000,-1,425.000,-1,325.000,325.000,300.000,225.000,-1,-1,-1,-1,775.000,900.000,-1,-1,2,0,2,0,2,0,0,0,1,2,2,2,2,0,0,2,2
73,1320.968,-4651.861,87.199,61.023,0.484445,-0.874529,-0.022622,0.874822,0.484300,0.011866,0.000578,-0.025539,0.999674,0,0.81555,0.02213,48.933,0.044,-1,400.000,-1,425.000,-1,325.000,350.000,300.000,225.000,-1,-1,-1,-1,800.000,925.000,-1,-1,2,0,2,0,2,0,0,0,1,2,2,2,2,0,0,2,2
74,1344.451,-4609.387,87.268,61.063,0.483832,-0.874860,-0.022951,0.875161,0.483682,0.012086,0.000528,-0.025933,0.999664,0,0.80888,0.02009,48.533,0.040,-1,400.000,-1,450.000,-1,325.000,350.000,300.000,225.000,-1,-1,-1,-1,775.000,925.000,-1,-1,2,0,2,0,2,0,0,0,1,2,2,2,2,0,0,2,2
75,1367.702,-4567.268,86.949,61.100,0.483297,-0.875193,-0.021483,0.875456,0.483131,0.012666,-0.000706,-0.024929,0.999689,0,0.80184,0.01843,48.110,0.037,-1,400.000,-1,450.000,-1,325.000,350.000,300.000,200.000,-1,-1,-1,-1,775.000,925.000,-1,-1,2,0,2,0,2,0,0,0,1,2,2,2,2,0,0,2,2
76,1390.715,-4525.522,86.184,61.134,0.482813,-0.875526,-0.018621,0.875719,0.482631,0.013539,-0.002867,-0.022844,0.999735,0,0.79449,0.01715,47.669,0.034,-1,400.000,-1,425.000,-1,325.000,325.000,300.000,200.000,-1,-1,-1,-1,750.000,900.000,-1,-1,2,0,2,0,2,0,0,0,1,2,2,2,2,0,0,2,2
77,1413.486,-4484.160,84.919,61.167,0.482349,-0.875867,-0.014008,0.875960,0.482172,0.014263,-0.005738,-0.019150,0.999800,0,0.78693,0.01625,47.216,0.032,-1,400.000,-1,425.000,-1,325.000,325.000,300.000,200.000,-1,-1,-1,-1,750.000,875.000,-1,-1,2,0,2,0,2,0,0,0,1,2,2,2,2,0,0,2,2
78,1436.013,-4443.189,83.284,61.198,0.481877,-0.876205,-0.007693,0.876186,0.481732,0.015246,-0.009652,-0.014087,0.999854,0,0.77926,0.01572,46.756,0.031,-1,375.000,-1,400.000,-1,325.000,325.000,300.000,175.000,-1,-1,-1,-1,725.000,825.000,-1,-1,2,0,2,0,2,0,0,0,1,2,2,2,2,0,0,2,2
79,1458.295,-4402.609,82.376,61.229,0.481390,-0.876494,-0.004785,0.876432,0.481271,0.015662,-0.011425,-0.011734,0.999866,0,0.77159,0.01557,46.295,0.031,-1,375.000,-1,400.000,-1,300.000,325.000,300.000,175.000,-1,-1,-1,-1,700.000,800.000,-1,-1,2,0,2,0,2,0,0,0,1,2,2,2,2,0,0,2,2
80,1480.336,-4362.416,81.916,61.261,0.480902,-0.876765,-0.003979,0.876694,0.480792,0.015735,-0.011883,-0.011055,0.999868,0,0.76399,0.01577,45.839,0.032,-1,375.000,-1,400.000,-1,325.000,325.000,300.000,200.000,-1,-1,-1,-1,700.000,800.000,-1,-1,2,0,2,0,2,0,0,0,1,2,2,2,2,0,0,2,2
81,1502.140,-4322.601,81.467,61.294,0.480398,-0.877045,-0.003221,0.876964,0.480295,0.015818,-0.012326,-0.010424,0.999870,0,0.75656,0.01632,45.394,0.033,-1,375.000,-1,400.000,-1,325.000,325.000,300.000,200.000,-1,-1,-1,-1,700.000,800.000,-1,-1,2,0,2,0,2,0,0,0,1,2,2,2,2,0,0,2,2
82,1523.713,-4283.151,81.030,61.328,0.479866,-0.877338,-0.002512,0.877249,0.479771,0.015911,-0.012755,-0.009839,0.999870,0,0.74938,0.01721,44.963,0.034,-1,375.000,-1,400.000,-1,325.000,325.000,300.000,200.000,-1,-1,-1,-1,700.000,800.000,-1,-1,2,0,2,0,2,0,0,0,1,2,2,2,2,0,0,2,2
83,1545.063,-4244.049,80.604,61.365,0.479296,-0.877651,-0.001849,0.877554,0.479210,0.016014,-0.013169,-0.009298,0.999870,0,0.74252,0.01841,44.551,0.037,-1,375.000,-1,400.000,-1,325.000,325.000,300.000,225.000,-1,-1,-1,-1,700.000,775.000,-1,-1,2,0,2,0,2,0,0,0,1,2,2,2,2,0,0,2,2
84,1566.200,-4205.274,80.188,61.405,0.478681,-0.877988,-0.001231,0.877884,0.478601,0.016127,-0.013571,-0.008800,0.999869,0,0.73603,0.01992,44.162,0.040,-1,375.000,-1,400.000,-1,325.000,325.000,300.000,225.000,-1,-1,-1,650.000,700.000,775.000,-1,-1,2,0,2,0,2,0,0,0,1,2,2,2,1,0,0,2,2
85,1587.133,-4166.803,80.263,61.448,0.478034,-0.878340,-0.001534,0.878207,0.477930,0.018331,-0.015368,-0.010110,0.999831,0,0.72996,0.02172,43.797,0.043,-1,375.000,-1,400.000,-1,325.000,325.000,300.000,250.000,-1,-1,-1,475.000,675.000,775.000,-1,-1,2,0,2,0,2,0,0,0,1,2,2,2,1,0,0,2,2
86,1607.873,-4128.611,80.690,61.496,0.477349,-0.878710,-0.002511,0.878526,0.477186,0.022027,-0.018157,-0.012721,0.999754,0,0.72433,0.02379,43.460,0.048,-1,375.000,-1,400.000,-1,300.000,325.000,300.000,275.000,-1,-1,-1,450.000,675.000,775.000,-1,-1,2,0,2,0,2,0,0,0,1,2,2,2,1,0,0,2,2
87,1628.430,-4090.671,80.816,61.548,0.476576,-0.879129,-0.002856,0.878905,0.476375,0.024329,-0.020028,-0.014105,0.999700,0,0.71918,0.02612,43.151,0.052,-1,375.000,-1,400.000,-1,300.000,325.000,300.000,300.000,-1,-1,-1,450.000,650.000,775.000,-1,-1,2,0,2,0,2,0,0,0,1,2,2,2,1,0,0,2,2
88,1648.817,-4052.958,80.642,61.605,0.475701,-0.879603,-0.002600,0.879356,0.475493,0.025264,-0.020986,-0.014304,0.999677,0,0.71452,0.02869,42.871,0.057,-1,375.000,-1,400.000,-1,300.000,325.000,300.000,325.000,-1,-1,-1,450.000,650.000,750.000,-1,-1,2,0,2,0,2,0,0,0,1,2,2,2,1,0,0,2,2
89,1669.044,-4015.442,80.194,61.668,0.474715,-0.880138,-0.001752,0.879892,0.474533,0.024675,-0.020886,-0.013255,0.999694,0,0.71035,0.03149,42.621,0.063,-1,350.000,-1,400.000,-1,300.000,325.000,300.000,350.000,-1,-1,-1,450.000,650.000,750.000,-1,-1,2,0,2,0,2,0,0,0,0,2,2,2,1,0,0,2,2
90,1687.097,-3982.208,79.667,61.491,0.477385,-0.878694,-0.000146,0.878479,0.477265,0.022206,-0.019443,-0.010729,0.999753,0,0.63035,-0.08851,37.821,-0.177,-1,375.000,-1,400.000,-1,300.000,325.000,300.000,350.000,-1,-1,-1,425.000,650.000,775.000,-1,-1,2,0,2,0,2,0,0,0,0,2,2,2,1,0,0,2,2
91,1703.068,-3953.307,79.017,61.074,0.483721,-0.875221,0.001627,0.875045,0.483660,0.019187,-0.017580,-0.007857,0.999815,0,0.55035,-0.20851,33.021,-0.417,-1,375.000,-1,400.000,-1,300.000,325.000,300.000,350.000,-1,-1,-1,425.000,675.000,775.000,-1,-1,2,0,2,0,2,0,0,0,0,2,2,2,1,0,0,2,2
92,1717.814,-3927.332,78.283,60.417,0.493686,-0.869633,0.003411,0.869501,0.493674,0.015942,-0.015547,-0.004904,0.999867,0,0.49780,-0.32851,29.868,-0.657,-1,375.000,-1,400.000,-1,300.000,325.000,325.000,325.000,-1,-1,-1,425.000,675.000,775.000,-1,-1,2,0,2,0,2,0,0,0,0,2,2,2,1,0,0,2,2
93,1732.890,-3901.576,77.357,59.658,0.505131,-0.863027,0.005099,0.862936,0.505153,0.012699,-0.013536,-0.002015,0.999906,0,0.49740,-0.37942,29.844,-0.759,-1,375.000,-1,400.000,-1,300.000,325.000,325.000,325.000,-1,-1,-1,425.000,700.000,775.000,-1,-1,2,0,2,0,2,0,0,0,0,2,2,2,1,0,0,2,2
94,1748.301,-3876.025,76.336,58.904,0.516423,-0.856306,0.006841,0.856260,0.516467,0.009014,-0.011252,0.001203,0.999936,0,0.49732,-0.37701,29.839,-0.754,-1,375.000,-1,400.000,-1,325.000,325.000,325.000,325.000,-1,-1,-1,425.000,700.000,775.000,-1,-1,2,0,2,0,2,0,0,0,0,2,2,2,1,0,0,2,2
95,1764.045,-3850.677,75.609,58.155,0.527565,-0.849477,0.008006,0.849457,0.527616,0.006614,-0.009843,0.003311,0.999946,0,0.49733,-0.37455,29.840,-0.749,-1,375.000,-1,400.000,-1,325.000,325.000,325.000,325.000,-1,-1,-1,425.000,700.000,800.000,-1,-1,2,0,2,0,2,0,0,0,0,2,2,2,1,0,0,2,2
96,1780.120,-3825.530,75.292,57.411,0.538550,-0.842551,0.008472,0.842538,0.538602,0.006028,-0.009642,0.003891,0.999946,0,0.49742,-0.37206,29.845,-0.744,-1,375.000,-1,400.000,-1,325.000,325.000,325.000,325.000,-1,-1,-1,450.000,725.000,800.000,-1,-1,2,0,2,0,2,0,0,0,0,2,2,2,1,0,0,2,2
97,1796.524,-3800.584,74.974,56.672,0.549370,-0.835532,0.008908,0.835526,0.549424,0.005453,-0.009450,0.004447,0.999945,0,0.49760,-0.36954,29.856,-0.739,-1,375.000,-1,400.000,-1,325.000,325.000,325.000,325.000,-1,-1,-1,450.000,725.000,800.000,-1,-1,2,0,2,0,2,0,0,0,0,2,2,2,1,0,0,2,2
98,1813.254,-3775.838,74.657,55.938,0.560025,-0.828423,0.009313,0.828424,0.560081,0.004890,-0.009267,0.004977,0.999945,0,0.49785,-0.36698,29.871,-0.734,-1,375.000,-1,400.000,-1,325.000,325.000,325.000,325.000,-1,-1,-1,475.000,725.000,800.000,-1,-1,2,0,2,0,2,0,0,0,0,2,2,2,1,0,0,2,2
99,1830.309,-3751.290,74.340,55.209,0.570515,-0.821230,0.009688,0.821237,0.570571,0.004340,-0.009092,0.005480,0.999944,0,0.49818,-0.36439,29.891,-0.729,-1,375.000,-1,400.000,-1,325.000,325.000,300.000,325.000,-1,-1,-1,475.000,725.000,800.000,-1,-1,2,0,2,0,2,0,0,0,0,2,2,2,1,0,0,2,2
100,1847.687,-3726.940,74.029,54.486,0.580838,-0.813958,0.010007,0.813971,0.580894,0.003804,-0.008909,0.005936,0.999943,0,0.49858,-0.36176,29.915,-0.724,-1,375.000,-1,400.000,-1,325.000,325.000,300.000,325.000,-1,-1,-1,500.000,725.000,800.000,-1,-1,2,0,2,0,2,0,0,0,0,2,2,2,1,0,0,2,2
101,1865.385,-3702.787,73.747,53.768,0.590996,-0.806611,0.010161,0.806628,0.591050,0.003279,-0.008651,0.006258,0.999943,0,0.49905,-0.35910,29.943,-0.718,-1,375.000,-1,400.000,-1,325.000,325.000,300.000,325.000,-1,-1,-1,525.000,725.000,800.000,-1,-1,2,0,2,0,2,0,0,0,0,2,2,2,1,0,0,2,2
102,1883.402,-3678.830,73.460,53.055,0.600985,-0.799194,0.010312,0.799216,0.601038,0.002777,-0.008417,0.006573,0.999943,0,0.49959,-0.35642,29.975,-0.713,-1,375.000,-1,400.000,-1,325.000,325.000,300.000,325.000,-1,-1,-1,525.000,725.000,825.000,-1,-1,2,0,2,0,2,0,0,0,0,2,2,2,1,0,0,2,2
103,1901.735,-3655.069,73.168,52.347,0.610807,-0.791711,0.010460,0.791737,0.610858,0.002297,-0.008209,0.006878,0.999943,0,0.50019,-0.35370,30.011,-0.707,-1,375.000,-1,400.000,-1,325.000,325.000,300.000,325.000,-1,-1,-1,550.000,725.000,825.000,-1,-1,2,0,2,0,2,0,0,0,0,2,2,2,1,0,0,2,2
104,1920.383,-3631.504,72.808,51.646,0.620456,-0.784165,0.010911,0.784198,0.620508,0.001842,-0.008215,0.007413,0.999939,0,0.50085,-0.35095,30.051,-0.702,-1,375.000,-1,400.000,-1,325.000,325.000,300.000,325.000,-1,-1,-1,575.000,725.000,825.000,-1,-1,2,0,2,0,2,0,0,0,0,2,2,2,1,0,0,2,2
105,1939.342,-3608.133,72.437,50.949,0.629937,-0.776563,0.011387,0.776602,0.629990,0.001403,-0.008263,0.007959,0.999934,0,0.50157,-0.34817,30.094,-0.696,-1,400.000,-1,400.000,-1,325.000,325.000,300.000,325.000,-1,-1,-1,575.000,-1,825.000,-1,-1,2,0,2,0,2,0,0,0,0,2,2,2,1,2,0,2,2
106,1958.612,-3584.956,72.062,50.258,0.639249,-0.768908,0.011865,0.768954,0.639303,0.000979,-0.008338,0.008497,0.999929,0,0.50235,-0.34537,30.141,-0.691,-1,400.000,-1,400.000,-1,325.000,325.000,300.000,325.000,-1,-1,-1,600.000,-1,825.000,-1,-1,2,0,2,0,2,0,0,0,0,2,2,2,1,2,0,2,2
107,1978.190,-3561.974,71.682,49.573,0.648393,-0.761206,0.012344,0.761259,0.648448,0.000572,-0.008439,0.009026,0.999924,0,0.50318,-0.34254,30.191,-0.685,-1,400.000,-1,400.000,-1,325.000,325.000,300.000,325.000,-1,-1,-1,600.000,-1,825.000,-1,-1,2,0,2,0,2,0,0,0,0,2,2,2,1,2,0,2,2
108,1998.074,-3539.185,71.324,48.894,0.657367,-0.753459,0.012963,0.753521,0.657424,0.000174,-0.008653,0.009653,0.999916,0,0.50406,-0.33967,30.244,-0.679,-1,400.000,-1,400.000,-1,325.000,325.000,300.000,325.000,-1,-1,-1,625.000,-1,825.000,-1,-1,2,0,2,0,2,0,0,0,0,2,2,2,1,2,1,2,2
109,2018.262,-3516.590,71.085,48.220,0.666163,-0.745670,0.014226,0.745748,0.666228,-0.000246,-0.009295,0.010773,0.999899,0,0.50500,-0.33679,30.300,-0.674,-1,400.000,-1,400.000,-1,325.000,325.000,300.000,300.000,-1,-1,-1,650.000,-1,-1,-1,-1,2,1,2,0,2,0,0,0,0,2,2,2,1,2,2,2,2
110,2038.751,-3494.189,70.840,47.553,0.674791,-0.737846,0.015485,0.737941,0.674864,-0.000666,-0.009958,0.011876,0.999880,0,0.50598,-0.33387,30.359,-0.668,-1,400.000,-1,400.000,-1,325.000,325.000,300.000,300.000,-1,-1,-1,650.000,-1,-1,-1,-1,2,1,2,0,2,0,0,0,0,2,2,2,1,2,2,2,2
111,2059.540,-3471.980,70.567,46.891,0.683253,-0.729992,0.016622,0.730105,0.683334,-0.001078,-0.010571,0.012872,0.999861,0,0.50701,-0.33093,30.420,-0.662,-1,425.000,-1,400.000,-1,325.000,325.000,300.000,300.000,-1,-1,-1,675.000,-1,-1,-1,-1,2,1,2,0,2,0,0,0,0,2,2,2,1,2,2,2,2
112,2080.626,-3449.965,70.191,46.235,0.691556,-0.722116,0.017259,0.722240,0.691641,-0.001442,-0.010896,0.013462,0.999850,0,0.50808,-0.32796,30.485,-0.656,-1,475.000,-1,400.000,-1,325.000,325.000,300.000,300.000,-1,-1,-1,700.000,-1,-1,-1,-1,2,1,2,0,2,1,0,0,0,2,2,2,1,2,2,2,2
113,2105.217,-3424.660,69.750,45.819,0.696770,-0.717070,0.017952,0.717207,0.696858,-0.001838,-0.011192,0.014156,0.999837,0,0.58808,-0.20796,35.285,-0.416,-1,-1,-1,400.000,-1,325.000,325.000,300.000,300.000,-1,-1,-1,725.000,-1,-1,-1,-1,2,2,2,0,2,1,0,0,0,2,2,2,1,2,2,2,2
114,2133.350,-3396.106,69.241,45.427,0.701651,-0.712275,0.018716,0.712427,0.701742,-0.002247,-0.011533,0.014910,0.999822,0,0.66808,-0.19611,40.085,-0.392,-1,-1,-1,400.000,-1,375.000,325.000,300.000,300.000,-1,-1,-1,725.000,-1,-1,-1,-1,2,2,2,0,2,1,0,0,0,2,2,2,1,2,2,2,2
115,2165.201,-3364.481,68.678,44.795,0.709455,-0.704479,0.019570,0.704650,0.709550,-0.002753,-0.011946,0.015743,0.999805,0,0.74808,-0.31611,44.885,-0.632,-1,-1,-1,400.000,-1,-1,325.000,300.000,300.000,-1,-1,-1,750.000,-1,-1,-1,-1,2,2,2,0,2,2,0,0,0,2,2,2,1,2,2,2,2
116,2200.988,-3330.015,68.084,43.922,0.720082,-0.693585,0.020513,0.693779,0.720180,-0.003497,-0.012348,0.016749,0.999783,0,0.82808,-0.43611,49.685,-0.872,-1,-1,-1,400.000,-1,-1,325.000,300.000,300.000,-1,-1,-1,775.000,-1,-1,-1,-1,2,2,2,0,2,2,0,0,0,2,2,2,1,2,2,2,2
117,2240.959,-3292.989,67.382,42.810,0.733393,-0.679465,0.021492,0.679681,0.733496,-0.004107,-0.012973,0.017620,0.999761,0,0.90808,-0.55611,54.485,-1.112,-1,-1,-1,400.000,-1,-1,-1,300.000,300.000,-1,-1,-1,825.000,-1,-1,-1,-1,2,2,2,0,2,2,2,0,0,2,2,2,1,2,2,2,2
118,2285.236,-3253.565,64.743,41.683,0.746551,-0.664965,0.021983,0.665034,0.746796,0.005047,-0.019773,0.010851,0.999746,0,0.98808,-0.56374,59.285,-1.127,-1,-1,-1,400.000,-1,-1,-1,275.000,300.000,-1,-1,-1,875.000,-1,-1,-1,-1,2,2,2,0,2,2,2,0,0,2,2,2,1,2,2,2,2
119,2330.816,-3214.545,60.895,40.567,0.759313,-0.650333,0.022608,0.650011,0.759649,0.020488,-0.030498,-0.000861,0.999534,0,1.00000,-0.55795,60.000,-1.116,-1,-1,-1,450.000,-1,-1,-1,250.000,325.000,-1,-1,-1,950.000,-1,-1,-1,-1,2,2,2,1,2,2,2,0,0,2,2,2,1,2,2,2,2
120,2377.136,-3176.405,55.952,39.464,0.771741,-0.635495,0.023703,0.634331,0.771904,0.042291,-0.045172,-0.017602,0.998824,0,1.00000,-0.55136,60.000,-1.103,-1,-1,-1,550.000,-1,-1,-1,225.000,325.000,-1,-1,-1,-1,-1,-1,-1,-1,2,2,2,1,2,2,2,0,0,2,2,2,2,2,2,2,2
121,2424.168,-3139.145,49.757,38.376,0.783900,-0.620359,0.025601,0.617671,0.783368,0.069408,-0.063113,-0.038596,0.997260,0,1.00000,-0.54394,60.000,-1.088,-1,-1,-1,550.000,-1,-1,-1,175.000,350.000,-1,-1,-1,-1,-1,-1,-1,-1,2,2,2,1,2,2,2,0,0,2,2,2,2,2,2,2,2
122,2471.882,-3102.761,42.411,37.305,0.795855,-0.604814,0.028550,0.599587,0.793789,0.101953,-0.084325,-0.064021,0.994379,0,1.00000,-0.53558,60.000,-1.071,-1,-1,-1,550.000,-1,-1,-1,150.000,375.000,-1,-1,-1,-1,-1,-1,-1,-1,2,2,2,1,2,2,2,0,0,2,2,2,2,2,2,2,2
123,2520.248,-3067.242,33.985,36.253,0.807665,-0.588730,0.032767,0.579544,0.802848,0.139871,-0.108654,-0.093979,0.989627,0,1.00000,-0.52617,60.000,-1.052,-1,-1,-1,525.000,-1,-1,875.000,125.000,425.000,-1,-1,-1,-1,-1,-1,-1,-1,2,2,2,1,2,2,1,1,0,2,2,2,2,2,2,2,2
124,7543.327,3607.676,178.242,-61.903,0.479548,0.871912,0.099009,-0.874495,0.465491,0.136299,0.072753,-0.151944,0.985708,1,0.00000,0.00000,60.000,-1.031,-1,525.000,-1,325.000,-1,350.000,300.000,225.000,300.000,450.000,725.000,-1,-1,-1,-1,-1,-1,2,1,2,1,2,1,1,0,1,0,0,2,2,2,2,2,2
125,2292.591,-6890.893,60.172,-131.377,-0.659815,0.750073,0.045099,-0.750552,-0.660755,0.008617,0.036263,-0.028164,0.998945,1,0.08000,-0.12000,4.800,-0.240,-1,400.000,-1,425.000,-1,325.000,325.000,300.000,300.000,-1,700.000,575.000,525.000,875.000,-1,-1,-1,2,0,2,0,2,0,0,0,0,2,1,1,1,0,2,2,2
126,2286.185,-6898.043,60.474,-131.857,-0.666090,0.744517,0.044925,-0.744992,-0.667021,0.008390,0.036213,-0.027880,0.998955,0,0.16000,-0.24000,9.600,-0.480,-1,400.000,-1,425.000,-1,325.000,325.000,300.000,300.000,-1,700.000,575.000,525.000,875.000,-1,-1,-1,2,0,2,0,2,0,0,0,0,2,1,1,1,0,2,2,2
127,2276.442,-6908.646,60.929,-132.577,-0.675414,0.736085,0.044659,-0.736554,-0.676331,0.008040,0.036122,-0.027463,0.998970,0,0.24000,-0.36000,14.400,-0.720,-1,400.000,-1,425.000,-1,325.000,325.000,300.000,300.000,-1,750.000,600.000,525.000,875.000,-1,-1,-1,2,0,2,0,2,0,0,0,0,2,1,1,1,0,2,2,2
128,2263.216,-6922.565,61.536,-133.537,-0.687680,0.724661,0.044294,-0.725122,-0.688579,0.007554,0.035973,-0.026924,0.998990,0,0.32000,-0.48000,19.200,-0.960,-1,400.000,-1,425.000,-1,325.000,325.000,300.000,300.000,-1,775.000,650.000,550.000,875.000,-1,-1,-1,2,0,2,0,2,0,0,0,0,2,1,1,1,0,2,2,2
129,2246.323,-6939.613,62.346,-134.737,-0.702754,0.710098,0.043571,-0.710542,-0.703620,0.006945,0.035589,-0.026078,0.999026,0,0.40000,-0.60000,24.000,-1.200,-1,400.000,-1,425.000,-1,325.000,325.000,300.000,300.000,-1,850.000,700.000,575.000,900.000,-1,-1,-1,2,0,2,0,2,0,0,0,0,2,1,1,1,0,2,2,2
130,2225.544,-6959.555,63.325,-136.177,-0.720442,0.692213,0.042478,-0.692630,-0.721265,0.006357,0.035038,-0.024842,0.999077,0,0.48000,-0.72000,28.800,-1.440,-1,400.000,-1,425.000,-1,325.000,325.000,300.000,300.000,-1,900.000,750.000,575.000,900.000,-1,-1,-1,2,0,2,0,2,0,0,0,0,2,1,1,1,0,2,2,2
131,2201.685,-6981.250,64.404,-137.718,-0.738856,0.672598,0.041269,-0.672986,-0.739633,0.005732,0.034379,-0.023538,0.999132,0,0.53747,-0.77008,32.248,-1.540,-1,400.000,-1,425.000,-1,325.000,325.000,300.000,300.000,-1,1000.000,825.000,600.000,925.000,-1,-1,-1,2,0,2,0,2,0,0,0,0,2,1,1,1,0,2,2,2
132,2176.948,-7002.575,65.485,-139.238,-0.756511,0.652753,0.040061,-0.653114,-0.757242,0.005097,0.033663,-0.022309,0.999184,0,0.54434,-0.76030,32.660,-1.521,-1,425.000,-1,425.000,-1,325.000,325.000,300.000,300.000,-1,-1,900.000,625.000,950.000,-1,-1,-1,2,0,2,0,2,0,0,0,0,2,2,1,1,0,2,2,2
133,2151.347,-7023.498,66.565,-140.739,-0.773414,0.632709,0.038858,-0.633047,-0.774100,0.004450,0.032895,-0.021157,0.999235,0,0.55105,-0.75049,33.063,-1.501,-1,425.000,-1,450.000,-1,325.000,325.000,300.000,300.000,-1,-1,1000.000,650.000,1000.000,-1,-1,-1,2,0,2,0,2,0,0,0,0,2,2,1,1,0,2,2,2
134,2129.076,-7040.899,67.477,-142.000,-0.787202,0.615533,0.037842,-0.615853,-0.787851,0.003896,0.032212,-0.020239,0.999276,0,0.47105,-0.63049,28.263,-1.261,-1,425.000,-1,450.000,-1,325.000,350.000,300.000,300.000,-1,-1,-1,675.000,-1,-1,-1,-1,2,0,2,0,2,0,0,0,0,2,2,2,1,2,2,2,2
135,2110.332,-7055.012,68.224,-143.021,-0.798087,0.601405,0.037010,-0.601712,-0.798706,0.003435,0.031626,-0.019527,0.999309,0,0.39105,-0.51049,23.463,-1.021,-1,425.000,-1,450.000,-1,325.000,350.000,275.000,300.000,-1,-1,-1,700.000,-1,-1,-1,-1,2,0,2,0,2,0,0,0,0,2,2,2,1,2,2,2,2
136,2095.271,-7066.034,68.813,-143.802,-0.806241,0.590469,0.036354,-0.590766,-0.806837,0.003070,0.031145,-0.019001,0.999334,0,0.31105,-0.39049,18.663,-0.781,-1,425.000,-1,450.000,-1,325.000,350.000,275.000,300.000,-1,-1,-1,725.000,-1,-1,-1,-1,2,0,2,0,2,0,0,0,0,2,2,2,1,2,2,2,2
137,2084.007,-7074.116,69.246,-144.343,-0.811803,0.582828,0.035872,-0.583120,-0.812381,0.002801,0.030775,-0.018644,0.999352,0,0.23105,-0.27049,13.863,-0.541,-1,425.000,-1,450.000,-1,325.000,350.000,275.000,300.000,-1,-1,-1,725.000,-1,-1,-1,-1,2,0,2,0,2,0,0,0,0,2,2,2,1,2,2,2,2
138,2076.615,-7079.360,69.526,-144.644,-0.814868,0.578555,0.035561,-0.578843,-0.815435,0.002629,0.030519,-0.018442,0.999364,0,0.15105,-0.15049,9.063,-0.301,-1,425.000,-1,450.000,-1,350.000,350.000,275.000,300.000,-1,-1,-1,725.000,-1,-1,-1,-1,2,0,2,0,2,0,0,0,0,2,2,2,1,2,2,2,2
139,2073.135,-7081.823,69.657,-144.705,-0.815489,0.577687,0.035419,-0.577974,-0.816051,0.002554,0.030379,-0.018388,0.999369,0,0.07105,-0.03049,4.263,-0.061,-1,425.000,-1,450.000,-1,350.000,350.000,275.000,300.000,-1,-1,-1,750.000,-1,-1,-1,-1,2,0,2,0,2,0,0,0,0,2,2,2,1,2,2,2,2
