timestep,x_cm,y_cm,z_cm,yaw_deg,basis_xx,basis_xy,basis_xz,basis_yx,basis_yy,basis_yz,basis_zx,basis_zy,basis_zz,teleport_flag,throttle_cmd,steering_cmd,cmd_move_cm,cmd_turn_deg,lidar_cm_0,lidar_cm_1,lidar_cm_2,lidar_cm_3,lidar_cm_4,lidar_cm_5,lidar_cm_6,lidar_cm_7,lidar_cm_8,lidar_cm_9,lidar_cm_10,lidar_cm_11,lidar_cm_12,lidar_cm_13,lidar_cm_14,lidar_cm_15,lidar_cm_16,lidar_class_0,lidar_class_1,lidar_class_2,lidar_class_3,lidar_class_4,lidar_class_5,lidar_class_6,lidar_class_7,lidar_class_8,lidar_class_9,lidar_class_10,lidar_class_11,lidar_class_12,lidar_class_13,lidar_class_14,lidar_class_15,lidar_class_16
0,-8203.278,-981.445,-55.441,149.007,-0.856851,-0.514128,-0.038460,0.515444,-0.855876,-0.042349,-0.011144,-0.056111,0.998362,1,0.08000,0.12000,4.800,0.240,-1,375.000,-1,375.000,-1,300.000,300.000,325.000,325.000,-1,575.000,575.000,-1,700.000,725.000,-1,-1,2,0,2,0,2,0,0,0,0,2,0,0,2,0,0,2,2
1,-8211.549,-976.571,-55.560,149.487,-0.861132,-0.506942,-0.038226,0.508255,-0.860155,-0.042542,-0.011315,-0.056063,0.998363,0,0.16000,0.24000,9.600,0.480,-1,375.000,-1,375.000,-1,300.000,300.000,325.000,325.000,-1,575.000,575.000,-1,700.000,725.000,-1,-1,2,0,2,0,2,0,0,0,0,2,0,0,2,0,0,2,2
2,-8224.045,-969.416,-55.746,150.207,-0.867442,-0.496095,-0.037882,0.497404,-0.866461,-0.042831,-0.011575,-0.055996,0.998364,0,0.24000,0.36000,14.400,0.720,-1,375.000,-1,375.000,-1,300.000,300.000,325.000,325.000,-1,575.000,575.000,-1,700.000,725.000,-1,-1,2,0,2,0,2,0,0,0,0,2,0,0,2,0,0,2,2
3,-8240.864,-960.156,-56.004,151.167,-0.875641,-0.481510,-0.037431,0.482816,-0.874655,-0.043219,-0.011929,-0.055916,0.998364,0,0.32000,0.48000,19.200,0.960,-1,375.000,-1,375.000,-1,325.000,300.000,325.000,325.000,-1,575.000,575.000,-1,700.000,725.000,-1,-1,2,0,2,0,2,0,0,0,0,2,0,0,2,0,0,2,2
4,-8262.126,-949.025,-56.343,152.367,-0.885544,-0.463089,-0.036883,0.464391,-0.884551,-0.043704,-0.012386,-0.055830,0.998363,0,0.40000,0.60000,24.000,1.200,-1,375.000,-1,375.000,-1,325.000,300.000,325.000,325.000,-1,575.000,575.000,-1,700.000,725.000,-1,-1,2,0,2,0,2,0,0,0,0,2,0,0,2,0,0,2,2
5,-8287.969,-936.313,-56.776,153.807,-0.896914,-0.440716,-0.036248,0.442015,-0.895914,-0.044289,-0.012956,-0.055745,0.998361,0,0.48000,0.72000,28.800,1.440,-1,375.000,-1,375.000,-1,325.000,300.000,300.000,325.000,-1,575.000,600.000,-1,700.000,700.000,-1,-1,2,0,2,0,2,0,0,0,0,2,0,0,2,0,0,2,2
6,-8318.539,-922.372,-57.315,155.487,-0.909463,-0.414263,-0.035535,0.415560,-0.908453,-0.044972,-0.013652,-0.055668,0.998356,0,0.56000,0.84000,33.600,1.680,-1,375.000,-1,375.000,-1,325.000,300.000,300.000,325.000,-1,575.000,600.000,-1,700.000,700.000,-1,-1,2,0,2,0,2,0,0,0,0,2,0,0,2,0,0,2,2
7,-8353.992,-907.620,-57.978,157.407,-0.922847,-0.383595,-0.034759,0.384894,-0.921826,-0.045756,-0.014490,-0.055604,0.998348,0,0.64000,0.96000,38.400,1.920,-1,375.000,-1,375.000,-1,300.000,300.000,300.000,325.000,-1,575.000,625.000,-1,700.000,700.000,-1,-1,2,0,2,0,2,0,0,0,0,2,0,0,2,0,0,2,2
8,-8394.431,-892.425,-58.776,159.407,-0.935689,-0.351190,-0.033935,0.352492,-0.934651,-0.046650,-0.015334,-0.055612,0.998335,0,0.72000,1.00000,43.200,2.000,-1,375.000,-1,375.000,-1,300.000,300.000,300.000,325.000,-1,575.000,625.000,-1,700.000,700.000,-1,-1,2,0,2,0,2,0,0,0,0,2,0,0,2,0,0,2,2
9,-8439.925,-877.121,-59.669,161.407,-0.947390,-0.318359,-0.033169,0.319667,-0.946343,-0.047408,-0.016296,-0.055517,0.998325,0,0.80000,1.00000,48.000,2.000,-1,375.000,-1,375.000,-1,300.000,300.000,300.000,325.000,-1,600.000,650.000,-1,700.000,700.000,-1,-1,2,0,2,0,2,0,0,0,0,2,0,0,2,0,0,2,2
10,-8486.356,-863.285,-60.505,163.407,-0.957948,-0.285147,-0.032059,0.286436,-0.956908,-0.047773,-0.017055,-0.054947,0.998344,0,0.80749,1.00000,48.450,2.000,-1,375.000,-1,375.000,-1,300.000,300.000,300.000,300.000,-1,600.000,675.000,-1,700.000,700.000,-1,-1,2,0,2,0,2,0,0,0,0,2,0,0,2,0,0,2,2
11,-8533.270,-851.070,-61.295,165.407,-0.967350,-0.251591,-0.030579,0.252836,-0.966329,-0.047775,-0.017530,-0.053946,0.998390,0,0.80798,1.00000,48.479,2.000,-1,375.000,-1,375.000,-1,300.000,300.000,325.000,300.000,-1,600.000,700.000,-1,700.000,700.000,-1,-1,2,0,2,0,2,0,0,0,0,2,0,0,2,0,0,2,2
12,-8580.609,-840.493,-62.129,167.407,-0.975570,-0.217724,-0.029300,0.218936,-0.974568,-0.047793,-0.018149,-0.053040,0.998427,0,0.80845,1.00000,48.507,2.000,-1,375.000,-1,375.000,-1,300.000,300.000,325.000,300.000,-1,600.000,700.000,-1,700.000,700.000,-1,-1,2,0,2,0,2,0,0,0,0,2,0,0,2,0,0,2,2
13,-8628.317,-831.570,-62.830,169.407,-0.982606,-0.183581,-0.027997,0.184773,-0.981581,-0.048548,-0.018569,-0.052877,0.998428,0,0.80893,1.00000,48.536,2.000,-1,375.000,-1,375.000,-1,300.000,300.000,325.000,300.000,-1,625.000,725.000,-1,675.000,700.000,-1,-1,2,0,2,0,2,0,0,0,0,2,0,0,2,0,0,2,2
14,-8676.335,-824.314,-63.573,171.407,-0.988446,-0.149213,-0.026655,0.150386,-0.987394,-0.049376,-0.018952,-0.052814,0.998425,0,0.80940,1.00000,48.564,2.000,-1,375.000,-1,375.000,-1,300.000,300.000,325.000,300.000,-1,625.000,750.000,-1,675.000,700.000,-1,-1,2,0,2,0,2,0,0,0,0,2,0,0,2,0,0,2,2
15,-8724.606,-818.735,-64.393,173.407,-0.993081,-0.114663,-0.025340,0.115818,-0.992004,-0.050137,-0.019388,-0.052725,0.998421,0,0.80987,1.00000,48.592,2.000,-1,375.000,-1,375.000,-1,325.000,300.000,325.000,300.000,-1,625.000,775.000,-1,675.000,675.000,-1,-1,2,0,2,0,2,0,0,0,0,2,0,0,2,0,0,2,2
16,-8773.069,-814.841,-65.291,175.407,-0.996507,-0.079974,-0.024048,0.081112,-0.995408,-0.050832,-0.019872,-0.052605,0.998418,0,0.81034,1.00000,48.621,2.000,-1,375.000,-1,375.000,-1,325.000,300.000,325.000,300.000,-1,625.000,800.000,-1,675.000,675.000,-1,-1,2,0,2,0,2,0,0,0,0,2,0,0,2,0,0,2,2
17,-8821.667,-812.640,-66.268,177.407,-0.998719,-0.045186,-0.022778,0.046309,-0.997601,-0.051462,-0.020398,-0.052450,0.998415,0,0.81081,1.00000,48.648,2.000,-1,375.000,-1,375.000,-1,325.000,325.000,325.000,325.000,-1,650.000,825.000,-1,650.000,675.000,-1,-1,2,0,2,0,2,0,0,0,0,2,0,0,2,0,0,2,2
18,-8870.340,-812.135,-67.327,179.407,-0.999715,-0.010343,-0.021526,0.011451,-0.998580,-0.052024,-0.020957,-0.052255,0.998414,0,0.81127,1.00000,48.676,2.000,-1,375.000,-1,375.000,-1,325.000,325.000,325.000,300.000,-1,675.000,825.000,-1,650.000,675.000,-1,-1,2,0,2,0,2,0,0,0,0,2,0,0,2,0,0,2,2
19,-8919.028,-813.331,-68.467,181.407,-0.999494,0.024514,-0.020289,-0.023420,-0.998345,-0.052517,-0.021543,-0.052015,0.998414,0,0.81172,1.00000,48.703,2.000,-1,375.000,-1,375.000,-1,325.000,325.000,325.000,300.000,-1,675.000,850.000,-1,650.000,675.000,-1,-1,2,0,2,0,2,0,0,0,0,2,0,0,2,0,0,2,2
20,-8967.672,-816.226,-69.692,183.407,-0.998056,0.059341,-0.019064,-0.058261,-0.996897,-0.052938,-0.022147,-0.051724,0.998416,0,0.81217,1.00000,48.730,2.000,-1,375.000,-1,375.000,-1,300.000,300.000,325.000,300.000,-1,675.000,875.000,-1,650.000,650.000,-1,-1,2,0,2,0,2,0,0,0,0,2,0,0,2,0,0,2,2
21,-9016.211,-820.820,-71.002,185.407,-0.995403,0.094098,-0.017850,-0.093032,-0.994236,-0.053283,-0.022761,-0.051378,0.998420,0,0.81262,1.00000,48.757,2.000,950.000,375.000,-1,375.000,-1,300.000,300.000,300.000,300.000,-1,700.000,875.000,-1,625.000,650.000,-1,-1,1,0,2,0,2,0,0,0,0,2,0,0,2,0,0,2,2
22,-9064.588,-827.109,-72.399,187.407,-0.991538,0.128742,-0.016644,-0.127691,-0.990367,-0.053549,-0.023378,-0.050971,0.998426,0,0.81307,1.00000,48.784,2.000,875.000,375.000,-1,375.000,-1,300.000,300.000,300.000,300.000,-1,700.000,900.000,-1,625.000,650.000,-1,-1,1,0,2,0,2,0,0,0,0,2,0,0,2,0,0,2,2
23,-9117.233,-835.604,-74.010,189.167,-0.987144,0.159101,-0.015309,-0.158076,-0.985961,-0.053784,-0.023651,-0.050673,0.998435,0,0.88878,0.88000,53.327,1.760,825.000,350.000,-1,350.000,-1,300.000,300.000,300.000,300.000,-1,700.000,875.000,-1,625.000,625.000,-1,-1,1,0,2,0,2,0,0,0,0,2,0,0,2,0,0,2,2
24,-9169.568,-845.481,-75.321,190.687,-0.982611,0.185187,-0.013452,-0.184190,-0.981336,-0.055266,-0.023435,-0.051827,0.998381,0,0.88765,0.76000,53.259,1.520,775.000,350.000,-1,350.000,-1,300.000,300.000,300.000,300.000,-1,675.000,850.000,-1,600.000,625.000,1000.000,-1,1,0,2,0,2,0,0,0,0,2,0,0,2,0,0,0,2
25,-9221.549,-856.500,-76.314,191.967,-0.978279,0.207033,-0.010381,-0.206110,-0.976816,-0.057871,-0.022121,-0.054475,0.998270,0,0.88562,0.64000,53.137,1.280,750.000,350.000,-1,350.000,-1,300.000,300.000,300.000,300.000,-1,600.000,775.000,-1,600.000,625.000,975.000,-1,1,0,2,0,2,0,0,0,0,2,0,0,2,0,0,0,2
26,-9275.600,-868.985,-76.871,193.007,-0.974395,0.224719,-0.007453,-0.223918,-0.972856,-0.058410,-0.020376,-0.055245,0.998265,0,0.92459,0.52000,55.475,1.040,700.000,350.000,-1,350.000,-1,300.000,300.000,300.000,325.000,-1,550.000,700.000,-1,600.000,625.000,950.000,-1,1,0,2,0,2,0,0,0,0,2,0,0,2,0,0,0,2
27,-9329.315,-882.184,-77.055,193.807,-0.971187,0.238290,-0.003694,-0.237699,-0.969663,-0.057025,-0.017171,-0.054503,0.998366,0,0.92188,0.40000,55.313,0.800,675.000,350.000,-1,350.000,-1,300.000,300.000,300.000,325.000,-1,500.000,600.000,-1,600.000,625.000,925.000,-1,1,0,2,0,2,0,0,0,0,2,0,0,2,0,0,1,2
28,-9382.678,-895.851,-77.233,194.367,-0.968820,0.247766,0.000102,-0.247389,-0.967326,-0.055495,-0.013651,-0.053790,0.998459,0,0.91810,0.28000,55.086,0.560,650.000,350.000,-1,350.000,-1,300.000,300.000,325.000,325.000,-1,450.000,525.000,-1,625.000,625.000,875.000,-1,1,0,2,0,2,0,0,0,0,2,0,0,2,0,0,1,2
29,-9435.682,-909.743,-77.391,194.687,-0.967413,0.253174,0.003941,-0.253013,-0.965962,-0.053860,-0.009829,-0.053102,0.998541,0,0.91324,0.16000,54.794,0.320,625.000,350.000,-1,375.000,-1,300.000,300.000,325.000,325.000,-1,425.000,475.000,-1,625.000,625.000,850.000,-1,1,0,2,0,2,0,0,0,0,2,0,0,2,0,0,1,2
30,-9488.323,-923.617,-77.523,194.767,-0.967033,0.254531,0.007830,-0.254587,-0.965642,-0.052160,-0.005716,-0.052434,0.998608,0,0.90732,0.04000,54.439,0.080,600.000,350.000,-1,375.000,-1,300.000,300.000,325.000,325.000,-1,400.000,450.000,-1,625.000,625.000,825.000,-1,1,0,2,0,2,0,0,0,0,2,0,0,2,0,0,1,2
31,-9540.599,-937.239,-77.618,194.607,-0.967697,0.251842,0.011772,-0.252114,-0.966382,-0.050440,-0.001327,-0.051778,0.998658,0,0.90036,-0.08000,54.022,-0.160,600.000,375.000,-1,375.000,-1,300.000,300.000,325.000,325.000,-1,400.000,425.000,-1,625.000,650.000,800.000,-1,1,0,2,0,2,0,0,0,0,2,0,0,2,0,0,1,2
32,-9592.509,-950.380,-77.671,194.207,-0.969370,0.245098,0.015769,-0.245582,-0.968150,-0.048744,0.003320,-0.051124,0.998687,0,0.89245,-0.20000,53.547,-0.400,575.000,375.000,-1,375.000,-1,300.000,300.000,325.000,325.000,-1,350.000,350.000,-1,625.000,650.000,800.000,-1,1,0,2,0,2,0,0,0,0,2,0,0,2,0,0,1,2
33,-9644.050,-962.816,-77.676,193.567,-0.971968,0.234276,0.019824,-0.234970,-0.970860,-0.047120,0.008207,-0.050457,0.998693,0,0.88367,-0.32000,53.020,-0.640,575.000,375.000,-1,375.000,-1,300.000,300.000,325.000,325.000,-1,300.000,300.000,-1,625.000,650.000,800.000,-1,1,0,2,0,2,0,0,0,0,2,0,0,2,0,0,1,2
34,-9691.003,-973.799,-77.654,193.167,-0.973493,0.227500,0.023568,-0.228374,-0.972501,-0.045693,0.012525,-0.049864,0.998677,0,0.80367,-0.20000,48.220,-0.400,550.000,375.000,-1,375.000,-1,300.000,300.000,325.000,300.000,-1,275.000,275.000,-1,625.000,650.000,775.000,-1,1,0,2,0,2,0,0,0,0,2,0,0,2,0,0,1,2
35,-9733.309,-983.570,-77.617,193.007,-0.974034,0.224789,0.026974,-0.225816,-0.973157,-0.044414,0.016267,-0.049352,0.998649,0,0.72367,-0.08000,43.420,-0.160,550.000,375.000,-1,375.000,-1,300.000,300.000,325.000,300.000,-1,250.000,250.000,-1,625.000,675.000,775.000,-1,1,0,2,0,2,0,0,0,0,2,0,0,2,0,0,1,2
36,-9774.360,-993.112,-77.500,193.087,-0.973626,0.226149,0.030157,-0.227315,-0.972852,-0.043445,0.019513,-0.049154,0.998601,0,0.70241,0.04000,42.145,0.080,525.000,375.000,-1,375.000,-1,300.000,300.000,325.000,300.000,-1,250.000,225.000,-1,625.000,675.000,750.000,-1,1,0,2,0,2,0,0,0,0,2,0,0,2,0,0,1,2
37,-9815.078,-1002.818,-76.900,193.407,-0.972259,0.231561,0.033052,-0.232885,-0.971495,-0.044296,0.021853,-0.050764,0.998472,0,0.69765,0.16000,41.859,0.320,525.000,350.000,-1,375.000,-1,300.000,300.000,325.000,325.000,-1,250.000,250.000,-1,625.000,675.000,725.000,-1,1,0,2,0,2,0,0,0,0,2,0,0,2,0,0,1,2
38,-9855.486,-1012.869,-76.167,193.967,-0.969838,0.241018,0.036403,-0.242535,-0.969076,-0.045471,0.024318,-0.052929,0.998302,0,0.69399,0.28000,41.639,0.560,500.000,350.000,-1,375.000,-1,300.000,300.000,325.000,325.000,-1,250.000,250.000,-1,625.000,675.000,700.000,-1,1,0,2,0,2,0,0,0,0,2,0,0,2,0,0,1,2
39,-9898.828,-1024.295,-75.233,194.767,-0.966264,0.254498,0.039567,-0.256196,-0.965515,-0.046298,0.026419,-0.054873,0.998144,0,0.74705,0.40000,44.823,0.800,475.000,350.000,-1,375.000,-1,300.000,300.000,300.000,325.000,-1,250.000,250.000,-1,625.000,700.000,650.000,-1,1,0,2,0,2,0,0,0,0,2,0,0,2,0,0,1,2
40,-9941.970,-1036.421,-73.782,195.700,-0.961920,0.270194,0.041290,-0.271951,-0.961241,-0.045373,0.027430,-0.054874,0.998116,0,0.74690,0.46675,44.814,0.934,450.000,350.000,-1,375.000,-1,300.000,300.000,300.000,325.000,-1,275.000,300.000,-1,625.000,700.000,600.000,-1,1,0,2,0,2,0,0,0,0,2,0,0,2,0,0,1,2
41,-9984.920,-1049.252,-72.185,196.633,-0.957301,0.285823,0.043357,-0.287637,-0.956740,-0.043752,0.028976,-0.054355,0.998101,0,0.74711,0.46664,44.826,0.933,425.000,350.000,-1,375.000,-1,300.000,300.000,300.000,325.000,-1,300.000,325.000,-1,625.000,700.000,575.000,-1,1,0,2,0,2,0,0,0,0,2,0,0,2,0,0,1,2
42,-10027.663,-1062.783,-70.581,197.566,-0.952422,0.301372,0.045464,-0.303243,-0.951982,-0.042120,0.030587,-0.053902,0.998078,0,0.74722,0.46651,44.833,0.933,400.000,350.000,-1,375.000,-1,300.000,300.000,325.000,325.000,-1,325.000,350.000,-1,625.000,725.000,525.000,-1,1,0,2,0,2,0,0,0,0,2,0,0,2,0,0,1,2
43,-10070.181,-1077.008,-68.970,198.499,-0.947285,0.316836,0.047613,-0.318765,-0.946969,-0.040478,0.032263,-0.053521,0.998045,0,0.74724,0.46638,44.834,0.933,375.000,375.000,-1,375.000,-1,300.000,300.000,325.000,325.000,-1,350.000,375.000,-1,650.000,725.000,500.000,-1,1,0,2,0,2,0,0,0,0,2,0,0,2,1,0,1,2
44,-10112.456,-1091.921,-67.348,199.432,-0.941890,0.332210,0.049805,-0.334197,-0.941703,-0.038828,0.034002,-0.053216,0.998004,0,0.74714,0.46624,44.828,0.932,350.000,375.000,-1,375.000,-1,300.000,300.000,325.000,325.000,-1,375.000,375.000,-1,625.000,750.000,450.000,-1,1,0,2,0,2,0,0,1,0,2,0,0,2,1,0,1,2
45,-10154.470,-1107.516,-65.737,200.364,-0.936243,0.347492,0.051946,-0.349531,-0.936189,-0.037114,0.035734,-0.052904,0.997960,0,0.74692,0.46609,44.815,0.932,325.000,375.000,-1,375.000,-1,300.000,300.000,325.000,325.000,-1,400.000,400.000,-1,600.000,750.000,425.000,-1,1,0,2,0,2,0,0,1,0,2,0,0,2,1,0,1,2
46,-10196.206,-1123.783,-64.168,201.296,-0.930354,0.362680,0.053896,-0.364755,-0.930436,-0.035261,0.037359,-0.052464,0.997924,0,0.74657,0.46593,44.794,0.932,300.000,375.000,-1,375.000,-1,300.000,300.000,300.000,325.000,-1,425.000,375.000,-1,575.000,775.000,375.000,-1,1,0,2,0,2,0,0,1,0,2,0,0,2,1,0,1,2
47,-10237.645,-1140.716,-62.593,202.227,-0.924219,0.377756,0.055847,-0.379864,-0.924440,-0.033391,0.039013,-0.052075,0.997881,0,0.74608,0.46544,44.765,0.931,275.000,375.000,-1,375.000,-1,300.000,300.000,300.000,325.000,-1,400.000,375.000,-1,550.000,775.000,350.000,-1,1,0,2,0,2,0,0,1,0,2,0,0,2,1,0,1,2
48,-10278.770,-1158.301,-61.009,203.152,-0.917875,0.392638,0.057797,-0.394776,-0.918237,-0.031507,0.040701,-0.051737,0.997831,0,0.74545,0.46250,44.727,0.925,250.000,375.000,-1,400.000,-1,300.000,300.000,275.000,325.000,-1,375.000,350.000,-1,525.000,775.000,325.000,-1,1,0,2,0,2,0,0,1,0,2,0,0,2,1,0,1,2
49,-10319.564,-1176.523,-59.414,204.070,-0.911331,0.407317,0.059746,-0.409484,-0.911837,-0.029612,0.042418,-0.051451,0.997774,0,0.74465,0.45937,44.679,0.919,225.000,375.000,-1,400.000,-1,300.000,325.000,275.000,325.000,-1,350.000,325.000,-1,500.000,800.000,275.000,-1,1,0,2,0,2,0,0,1,0,2,0,0,2,1,0,1,2
50,-10360.011,-1195.369,-57.771,204.982,-0.904599,0.421781,0.061654,-0.423981,-0.905242,-0.027874,0.044055,-0.051355,0.997708,0,0.74369,0.45603,44.622,0.912,200.000,375.000,-1,400.000,-1,300.000,325.000,250.000,325.000,-1,325.000,300.000,-1,475.000,800.000,250.000,-1,1,1,2,0,2,0,0,1,0,2,0,0,2,1,0,1,2
51,-10400.094,-1214.821,-55.890,205.887,-0.897711,0.436008,0.063331,-0.438274,-0.898431,-0.027163,0.045056,-0.052141,0.997623,0,0.74257,0.45249,44.554,0.905,175.000,350.000,-1,400.000,-1,325.000,325.000,225.000,325.000,-1,325.000,325.000,-1,450.000,825.000,200.000,-1,1,1,2,0,2,0,0,1,0,2,0,0,2,1,0,1,2
52,-10439.799,-1234.865,-54.101,206.785,-0.890682,0.450017,0.064572,-0.452318,-0.891470,-0.026250,0.045751,-0.052587,0.997568,0,0.74129,0.44874,44.477,0.897,150.000,325.000,-1,400.000,-1,325.000,325.000,225.000,325.000,-1,350.000,325.000,-1,425.000,850.000,175.000,-1,1,1,2,0,2,0,0,1,0,2,0,0,2,1,0,1,2
53,-10479.114,-1255.480,-51.314,207.674,-0.883395,0.463912,0.066322,-0.465983,-0.884584,-0.019268,0.049729,-0.047926,0.997612,0,0.73985,0.44478,44.391,0.890,125.000,325.000,-1,425.000,-1,325.000,325.000,200.000,325.000,-1,325.000,300.000,-1,400.000,875.000,150.000,-1,1,1,2,0,2,0,0,1,0,2,0,0,2,1,0,1,2
54,-10515.225,-1275.326,-45.380,208.804,-0.873538,0.481594,0.070699,-0.482518,-0.875875,0.004508,0.064094,-0.030175,0.997488,0,0.68673,0.56478,41.204,1.130,125.000,325.000,-1,450.000,-1,350.000,350.000,200.000,300.000,-1,275.000,200.000,-1,425.000,1000.000,150.000,-1,1,1,2,0,2,1,0,1,0,2,0,0,2,1,0,1,2
55,-10554.999,-1298.448,-38.847,210.173,-0.861322,0.502590,0.074342,-0.501768,-0.864457,0.030719,0.079704,-0.010844,0.996760,0,0.76673,0.68478,46.004,1.370,125.000,325.000,-1,475.000,-1,350.000,400.000,200.000,275.000,-1,225.000,150.000,1000.000,475.000,-1,150.000,-1,1,1,2,0,2,1,0,1,0,2,0,0,0,1,2,1,2
56,-10594.344,-1322.832,-32.223,211.783,-0.846654,0.526685,0.076025,-0.523635,-0.850017,0.057253,0.094777,0.008665,0.995461,0,0.77142,0.80478,46.285,1.610,100.000,325.000,-1,525.000,-1,375.000,425.000,200.000,275.000,-1,225.000,75.000,700.000,525.000,-1,150.000,-1,1,1,2,0,2,1,0,1,0,2,0,0,0,1,2,1,2
57,-10633.117,-1348.638,-25.426,213.633,-0.829368,0.553637,0.075065,-0.547947,-0.832263,0.084219,0.109101,0.028717,0.993616,0,0.77621,0.92478,46.572,1.850,100.000,350.000,-1,575.000,-1,375.000,450.000,200.000,275.000,-1,225.000,50.000,525.000,-1,-1,125.000,-1,1,1,2,0,2,1,1,1,0,2,0,0,0,2,2,1,2
58,-10671.271,-1375.888,-18.749,215.514,-0.811246,0.580213,0.072334,-0.571611,-0.813021,0.110714,0.123047,0.048470,0.991217,0,0.78137,0.94047,46.882,1.881,100.000,350.000,-1,600.000,-1,400.000,475.000,200.000,250.000,-1,200.000,25.000,400.000,-1,-1,125.000,-1,1,1,2,0,2,1,1,1,0,2,0,0,0,2,2,1,2
59,-10708.745,-1404.559,-12.257,217.391,-0.792680,0.605842,0.067919,-0.594120,-0.792671,0.136725,0.136671,0.068027,0.988278,0,0.78634,0.93864,47.181,1.877,100.000,375.000,-1,675.000,-1,425.000,500.000,200.000,250.000,-1,200.000,25.000,325.000,-1,-1,125.000,-1,1,1,2,0,2,1,1,1,0,2,0,0,0,2,2,1,2
60,-10745.475,-1434.621,-5.964,219.265,-0.773706,0.630517,0.061870,-0.615633,-0.771294,0.161559,0.149586,0.086910,0.984922,0,0.79101,0.93722,47.461,1.874,100.000,425.000,-1,725.000,-1,450.000,600.000,200.000,225.000,-1,175.000,0.000,250.000,-1,-1,125.000,-1,1,1,2,0,2,1,1,1,0,2,0,0,0,2,2,1,2
61,-10781.396,-1466.039,-0.220,221.138,-0.754249,0.654332,0.054394,-0.636628,-0.749077,0.183270,0.160665,0.103602,0.981557,0,0.79533,0.93625,47.720,1.873,75.000,450.000,-1,750.000,-1,550.000,675.000,175.000,225.000,-1,175.000,0.000,200.000,-1,-1,125.000,-1,1,1,2,0,2,1,0,1,0,2,0,0,0,2,2,1,2
62,983.905,-327.969,214.118,-114.573,-0.415630,0.908834,0.035656,-0.909512,-0.415572,-0.009399,0.006276,-0.036336,0.999320,1,0.00000,0.00000,47.955,1.872,-1,425.000,-1,425.000,-1,350.000,325.000,300.000,300.000,-1,-1,-1,-1,950.000,900.000,-1,-1,2,0,2,0,2,0,0,0,0,2,2,2,2,0,0,2,2
63,981.891,-332.326,214.167,-114.813,-0.419445,0.907087,0.035493,-0.907761,-0.419375,-0.009754,0.006037,-0.036310,0.999322,0,0.08000,-0.12000,4.800,-0.240,-1,425.000,-1,425.000,-1,350.000,325.000,300.000,300.000,-1,-1,-1,-1,950.000,900.000,-1,-1,2,0,2,0,2,0,0,0,0,2,2,2,2,0,0,2,2
64,977.817,-341.019,214.252,-115.113,-0.424213,0.904880,0.035155,-0.905546,-0.424119,-0.010461,0.005444,-0.036272,0.999327,0,0.16000,-0.14997,9.600,-0.300,-1,425.000,-1,425.000,-1,350.000,325.000,300.000,300.000,-1,-1,-1,-1,925.000,900.000,-1,-1,2,0,2,0,2,0,0,0,0,2,2,2,2,0,0,2,2
65,971.637,-354.026,214.370,-115.413,-0.428982,0.902649,0.034633,-0.903302,-0.428851,-0.011517,0.004457,-0.036225,0.999334,0,0.24000,-0.14997,14.400,-0.300,-1,425.000,-1,425.000,-1,350.000,325.000,300.000,300.000,-1,-1,-1,-1,925.000,900.000,-1,-1,2,0,2,0,2,0,0,0,0,2,2,2,2,0,0,2,2
66,963.307,-371.325,214.525,-115.712,-0.433753,0.900393,0.033919,-0.901027,-0.433571,-0.012918,0.003075,-0.036165,0.999341,0,0.32000,-0.14997,19.200,-0.300,-1,425.000,-1,400.000,-1,350.000,325.000,300.000,300.000,-1,-1,-1,-1,925.000,900.000,-1,-1,2,0,2,0,2,0,0,0,0,2,2,2,2,0,0,2,2
67,952.782,-392.893,214.720,-116.012,-0.438523,0.898114,0.033003,-0.898719,-0.438280,-0.014660,0.001298,-0.036089,0.999348,0,0.40000,-0.14997,24.000,-0.300,-1,425.000,-1,400.000,-1,325.000,325.000,325.000,300.000,-1,-1,-1,-1,900.000,875.000,-1,-1,2,0,2,0,2,0,0,0,0,2,2,2,2,0,0,2,2
68,940.016,-418.710,214.957,-116.312,-0.443292,0.895810,0.031875,-0.896377,-0.442977,-0.016743,-0.000879,-0.035994,0.999352,0,0.48000,-0.14997,28.800,-0.300,-1,425.000,-1,400.000,-1,325.000,325.000,325.000,275.000,-1,-1,-1,-1,900.000,875.000,-1,-1,2,0,2,0,2,0,0,0,0,2,2,2,2,0,0,2,2
69,924.965,-448.750,215.240,-116.612,-0.448059,0.893483,0.030523,-0.893997,-0.447662,-0.019164,-0.003458,-0.035874,0.999350,0,0.56000,-0.14997,33.600,-0.300,-1,425.000,-1,400.000,-1,325.000,325.000,325.000,275.000,-1,-1,-1,-1,875.000,850.000,-1,-1,2,0,2,0,2,0,0,0,0,2,2,2,2,0,0,2,2
70,907.584,-482.992,215.574,-116.912,-0.452821,0.891132,0.028935,-0.891578,-0.452336,-0.021921,-0.006446,-0.035724,0.999341,0,0.64000,-0.14997,38.400,-0.300,-1,425.000,-1,400.000,-1,325.000,325.000,325.000,275.000,-1,-1,-1,-1,875.000,850.000,-1,-1,2,0,2,0,2,0,0,0,0,2,2,2,2,0,0,2,2
71,887.830,-521.411,215.501,-117.212,-0.457551,0.888697,0.029399,-0.889143,-0.456967,-0.024598,-0.008426,-0.037394,0.999265,0,0.72000,-0.14997,43.200,-0.300,-1,425.000,-1,400.000,-1,325.000,325.000,325.000,275.000,-1,-1,-1,-1,850.000,850.000,-1,-1,2,0,2,0,2,0,0,0,0,2,2,2,2,0,0,2,2
72,865.659,-563.983,215.268,-117.512,-0.462280,0.886207,0.030582,-0.886673,-0.461568,-0.027671,-0.010407,-0.039908,0.999149,0,0.80000,-0.14997,48.000,-0.300,-1,400.000,-1,400.000,-1,325.000,325.000,325.000,275.000,-1,-1,-1,-1,850.000,850.000,-1,-1,2,0,2,0,2,0,0,0,0,2,2,2,2,0,0,2,2
73,841.031,-610.673,214.975,-117.812,-0.467021,0.883670,0.031935,-0.884154,-0.466144,-0.031345,-0.012812,-0.042874,0.998998,0,0.87978,-0.14997,52.787,-0.300,-1,400.000,-1,400.000,-1,325.000,325.000,325.000,300.000,-1,-1,-1,-1,825.000,850.000,-1,-1,2,0,2,0,2,0,0,0,0,2,2,2,2,0,0,2,2
74,816.160,-657.234,214.686,-118.112,-0.471760,0.881100,0.033252,-0.881594,-0.470701,-0.035103,-0.015278,-0.045875,0.998830,0,0.87978,-0.14997,52.787,-0.300,-1,400.000,-1,400.000,-1,325.000,325.000,300.000,300.000,-1,-1,-1,-1,800.000,850.000,-1,-1,2,0,2,0,2,0,0,0,0,2,2,2,2,0,0,2,2
75,791.045,-703.664,214.411,-118.412,-0.476497,0.878498,0.034515,-0.878996,-0.475239,-0.038905,-0.017776,-0.048876,0.998647,0,0.87978,-0.14997,52.787,-0.300,-1,400.000,-1,400.000,-1,325.000,325.000,300.000,300.000,-1,-1,-1,-1,775.000,850.000,-1,-1,2,0,2,0,2,0,0,0,0,2,2,2,2,0,0,2,2
76,765.687,-749.962,213.742,-118.712,-0.481163,0.875932,0.034987,-0.876422,-0.479795,-0.040989,-0.019117,-0.050386,0.998547,0,0.87978,-0.14997,52.787,-0.300,-1,400.000,-1,400.000,-1,325.000,325.000,300.000,300.000,-1,-1,-1,-1,775.000,850.000,-1,-1,2,0,2,0,2,0,0,0,0,2,2,2,2,0,0,2,2
77,740.086,-796.125,212.698,-119.012,-0.485755,0.873405,0.034728,-0.873881,-0.484372,-0.041422,-0.019357,-0.050469,0.998538,0,0.87978,-0.14997,52.787,-0.300,-1,400.000,-1,400.000,-1,325.000,325.000,300.000,300.000,-1,-1,-1,-1,775.000,850.000,-1,-1,2,0,2,0,2,0,0,0,0,2,2,2,2,0,0,2,2
78,714.243,-842.154,211.636,-119.312,-0.490333,0.870859,0.034323,-0.871313,-0.488939,-0.041873,-0.019684,-0.050438,0.998533,0,0.87978,-0.14997,52.787,-0.300,-1,400.000,-1,400.000,-1,325.000,325.000,300.000,300.000,-1,-1,-1,-1,775.000,850.000,-1,-1,2,0,2,0,2,0,0,0,0,2,2,2,2,0,0,2,2
79,688.160,-888.046,210.481,-119.612,-0.494902,0.868306,0.033416,-0.868711,-0.493501,-0.042397,-0.020323,-0.050011,0.998542,0,0.87978,-0.14997,52.787,-0.300,-1,400.000,-1,400.000,-1,325.000,325.000,300.000,300.000,-1,-1,-1,-1,775.000,850.000,-1,-1,2,0,2,0,2,0,0,0,0,2,2,2,2,0,0,2,2
80,661.837,-933.802,209.257,-119.912,-0.499459,0.865742,0.032115,-0.866078,-0.498058,-0.042970,-0.021206,-0.049276,0.998560,0,0.87978,-0.14997,52.787,-0.300,-1,400.000,-1,400.000,-1,325.000,325.000,300.000,300.000,-1,-1,-1,-1,750.000,850.000,-1,-1,2,0,2,0,2,0,0,0,0,2,2,2,2,0,0,2,2
81,635.274,-979.419,208.040,-120.212,-0.504000,0.863155,0.030776,-0.863421,-0.502603,-0.043532,-0.022106,-0.048513,0.998578,0,0.87978,-0.14997,52.787,-0.300,-1,400.000,-1,400.000,-1,325.000,325.000,300.000,300.000,-1,-1,-1,-1,750.000,850.000,-1,-1,2,0,2,0,2,0,0,0,0,2,2,2,2,0,0,2,2
82,610.737,-1020.659,206.944,-120.752,-0.512120,0.858407,0.029503,-0.858613,-0.510730,-0.044023,-0.022722,-0.047877,0.998595,0,0.79978,-0.26997,47.987,-0.540,-1,400.000,-1,400.000,-1,325.000,325.000,300.000,300.000,-1,-1,-1,-1,750.000,850.000,-1,-1,2,0,2,0,2,0,0,0,0,2,2,2,2,0,0,2,2
83,588.151,-1057.469,205.976,-121.531,-0.523760,0.851396,0.028297,-0.851554,-0.522380,-0.044434,-0.023049,-0.047369,0.998611,0,0.71978,-0.38997,43.187,-0.780,-1,400.000,-1,400.000,-1,325.000,325.000,300.000,300.000,-1,-1,-1,-1,750.000,825.000,-1,-1,2,0,2,0,2,0,0,0,0,2,2,2,2,0,0,2,2
84,567.310,-1090.118,205.097,-122.551,-0.538828,0.841972,0.027342,-0.842103,-0.537459,-0.044736,-0.022971,-0.047130,0.998625,0,0.64556,-0.50997,38.734,-1.020,-1,400.000,-1,400.000,-1,325.000,325.000,300.000,300.000,-1,-1,-1,-1,750.000,825.000,-1,-1,2,0,2,0,2,0,0,0,0,2,2,2,2,0,0,2,2
85,545.756,-1122.301,204.217,-123.811,-0.557203,0.829953,0.026515,-0.830069,-0.555844,-0.044973,-0.022587,-0.047069,0.998636,0,0.64556,-0.62997,38.734,-1.260,-1,375.000,-1,400.000,-1,325.000,325.000,300.000,300.000,-1,-1,-1,-1,750.000,850.000,-1,-1,2,0,2,0,2,0,0,0,0,2,2,2,2,0,0,2,2
86,523.367,-1153.909,203.353,-125.311,-0.578724,0.815116,0.025774,-0.815229,-0.577376,-0.045149,-0.021921,-0.047140,0.998648,0,0.64556,-0.74997,38.734,-1.500,-1,375.000,-1,400.000,-1,325.000,325.000,300.000,300.000,-1,-1,-1,-1,750.000,850.000,-1,-1,2,0,2,0,2,0,0,0,0,2,2,2,2,0,0,2,2
87,500.029,-1184.823,202.537,-127.051,-0.603190,0.797206,0.024998,-0.797320,-0.601857,-0.045267,-0.021042,-0.047236,0.998662,0,0.64556,-0.86997,38.734,-1.740,-1,400.000,-1,400.000,-1,325.000,325.000,300.000,300.000,-1,-1,-1,-1,775.000,850.000,-1,-1,2,0,2,0,2,0,0,0,0,2,2,2,2,0,0,2,2
88,475.747,-1215.001,201.776,-128.820,-0.627495,0.778245,0.024201,-0.778361,-0.626178,-0.045340,-0.020132,-0.047288,0.998678,0,0.64556,-0.88450,38.734,-1.769,-1,400.000,-1,400.000,-1,325.000,325.000,300.000,300.000,-1,-1,-1,-1,775.000,875.000,-1,-1,2,0,2,0,2,0,0,0,0,2,2,2,2,0,0,2,2
89,450.545,-1244.415,201.115,-130.589,-0.651196,0.758551,0.023341,-0.758670,-0.649910,-0.045134,-0.019067,-0.047099,0.998708,0,0.64556,-0.88450,38.734,-1.769,-1,400.000,-1,400.000,-1,325.000,325.000,300.000,300.000,-1,-1,-1,-1,775.000,875.000,-1,-1,2,0,2,0,2,0,0,0,0,2,2,2,2,0,0,2,2
90,424.447,-1273.038,200.508,-132.358,-0.674279,0.738135,0.022483,-0.738258,-0.673024,-0.044884,-0.017999,-0.046862,0.998739,0,0.64556,-0.88450,38.734,-1.769,-1,400.000,-1,400.000,-1,325.000,325.000,300.000,300.000,-1,-1,-1,-1,775.000,900.000,-1,-1,2,0,2,0,2,0,0,0,0,2,2,2,2,0,0,2,2
91,397.478,-1300.841,199.952,-134.127,-0.696721,0.717016,0.021632,-0.717142,-0.695498,-0.044611,-0.016942,-0.046595,0.998770,0,0.64556,-0.88450,38.734,-1.769,-1,400.000,-1,400.000,-1,325.000,325.000,300.000,300.000,-1,-1,-1,-1,800.000,900.000,-1,-1,2,0,2,0,2,0,0,0,0,2,2,2,2,0,0,2,2
92,369.664,-1327.798,199.427,-135.896,-0.718505,0.695211,0.020799,-0.695339,-0.717308,-0.044422,-0.015964,-0.046380,0.998796,0,0.64556,-0.88450,38.734,-1.769,-1,400.000,-1,400.000,-1,325.000,325.000,300.000,300.000,-1,-1,-1,-1,800.000,900.000,-1,-1,2,0,2,0,2,0,0,0,0,2,2,2,2,0,0,2,2
93,341.031,-1353.884,198.748,-137.665,-0.739628,0.672718,0.020039,-0.672834,-0.738406,-0.045290,-0.015671,-0.046981,0.998773,0,0.64556,-0.88450,38.734,-1.769,-1,400.000,-1,400.000,-1,325.000,325.000,300.000,300.000,-1,-1,-1,-1,800.000,900.000,-1,-1,2,0,2,0,2,0,0,0,0,2,2,2,2,0,0,2,2
94,311.606,-1379.074,198.113,-139.434,-0.760047,0.649584,0.019217,-0.649686,-0.758800,-0.046168,-0.015408,-0.047575,0.998749,0,0.64556,-0.88450,38.734,-1.769,-1,400.000,-1,400.000,-1,325.000,325.000,300.000,300.000,-1,-1,-1,-1,800.000,925.000,-1,-1,2,0,2,0,2,0,0,0,0,2,2,2,2,0,0,2,2
95,281.418,-1403.343,197.493,-141.203,-0.779739,0.625836,0.018331,-0.625923,-0.778473,-0.046913,-0.015089,-0.048054,0.998731,0,0.64556,-0.88450,38.734,-1.769,-1,400.000,-1,400.000,-1,325.000,325.000,300.000,300.000,-1,-1,-1,-1,800.000,925.000,-1,-1,2,0,2,0,2,0,0,0,0,2,2,2,2,0,0,2,2
96,250.495,-1426.669,196.923,-142.972,-0.798689,0.601493,0.017390,-0.601562,-0.797403,-0.047665,-0.014803,-0.048531,0.998712,0,0.64556,-0.88450,38.734,-1.769,-1,400.000,-1,425.000,-1,325.000,325.000,300.000,300.000,-1,-1,-1,-1,825.000,925.000,-1,-1,2,0,2,0,2,0,0,0,0,2,2,2,2,0,0,2,2
97,218.867,-1449.030,196.402,-144.741,-0.816878,0.576577,0.016391,-0.576627,-0.815572,-0.048417,-0.014549,-0.049002,0.998693,0,0.64556,-0.88450,38.734,-1.769,-1,400.000,-1,425.000,-1,325.000,325.000,300.000,300.000,-1,-1,-1,-1,825.000,925.000,-1,-1,2,0,2,0,2,0,0,0,0,2,2,2,2,0,0,2,2
98,186.563,-1470.403,195.877,-146.510,-0.834285,0.551119,0.015356,-0.551151,-0.832971,-0.048904,-0.014160,-0.049263,0.998685,0,0.64556,-0.88450,38.734,-1.769,-1,400.000,-1,425.000,-1,325.000,325.000,300.000,300.000,-1,-1,-1,-1,850.000,925.000,-1,-1,2,0,2,0,2,0,0,0,0,2,2,2,2,0,0,2,2
99,153.615,-1490.769,195.338,-148.279,-0.850894,0.525142,0.014317,-0.525161,-0.849587,-0.049071,-0.013606,-0.049273,0.998693,0,0.64556,-0.88450,38.734,-1.769,-1,400.000,-1,425.000,-1,325.000,325.000,300.000,300.000,-1,-1,-1,-1,850.000,925.000,-1,-1,2,0,2,0,2,0,0,0,0,2,2,2,2,0,0,2,2
100,120.054,-1510.107,194.847,-150.048,-0.866693,0.498666,0.013256,-0.498671,-0.865394,-0.049201,-0.013063,-0.049253,0.998701,0,0.64556,-0.88450,38.734,-1.769,-1,400.000,-1,425.000,-1,325.000,325.000,300.000,300.000,-1,-1,-1,-1,875.000,925.000,-1,-1,2,0,2,0,2,0,0,0,0,2,2,2,2,0,0,2,2
101,85.912,-1528.401,194.406,-151.817,-0.881667,0.471715,0.012178,-0.471706,-0.880377,-0.049289,-0.012529,-0.049201,0.998710,0,0.64556,-0.88450,38.734,-1.769,-1,400.000,-1,425.000,-1,325.000,325.000,300.000,300.000,-1,-1,-1,-1,875.000,950.000,-1,-1,2,0,2,0,2,0,0,0,0,2,2,2,2,0,0,2,2
102,51.221,-1545.632,193.884,-153.586,-0.895804,0.444327,0.010431,-0.444275,-0.894548,-0.049026,-0.012453,-0.048552,0.998743,0,0.64556,-0.88450,38.734,-1.769,-1,400.000,-1,425.000,-1,325.000,325.000,300.000,300.000,-1,-1,-1,-1,900.000,950.000,-1,-1,2,0,2,0,2,0,0,0,0,2,2,2,2,0,0,2,2
103,16.015,-1561.783,193.373,-155.355,-0.909088,0.416524,0.008170,-0.416409,-0.907888,-0.048408,-0.012746,-0.047410,0.998794,0,0.64556,-0.88450,38.734,-1.769,-1,425.000,-1,425.000,-1,325.000,325.000,300.000,300.000,-1,-1,-1,-1,900.000,925.000,-1,-1,2,0,2,0,2,0,0,0,0,2,2,2,2,0,0,2,2
104,-19.673,-1576.840,192.911,-157.124,-0.921505,0.388320,0.005961,-0.388147,-0.920363,-0.047675,-0.013027,-0.046246,0.998845,0,0.64556,-0.88450,38.734,-1.769,-1,425.000,-1,425.000,-1,325.000,325.000,300.000,300.000,-1,-1,-1,-1,900.000,925.000,-1,-1,2,0,2,0,2,0,0,0,0,2,2,2,2,0,0,2,2
105,-55.809,-1590.787,192.498,-158.893,-0.933044,0.359743,0.003811,-0.359517,-0.931963,-0.046824,-0.013293,-0.045059,0.998896,0,0.64556,-0.88450,38.734,-1.769,-1,425.000,-1,425.000,-1,325.000,325.000,300.000,300.000,-1,-1,-1,-1,900.000,925.000,-1,-1,2,0,2,0,2,0,0,0,0,2,2,2,2,0,0,2,2
106,-92.358,-1603.613,191.977,-160.662,-0.943694,0.330810,0.002427,-0.330563,-0.942648,-0.046293,-0.013027,-0.044489,0.998925,0,0.64556,-0.88450,38.734,-1.769,-1,425.000,-1,425.000,-1,325.000,325.000,300.000,300.000,-1,-1,-1,-1,925.000,925.000,-1,-1,2,0,2,0,2,0,0,0,0,2,2,2,2,0,0,2,2
107,-129.285,-1615.306,191.252,-162.431,-0.953451,0.301547,0.001059,-0.301265,-0.952392,-0.046792,-0.013102,-0.044933,0.998904,0,0.64556,-0.88450,38.734,-1.769,-1,425.000,-1,425.000,-1,325.000,325.000,300.000,300.000,-1,-1,-1,-1,925.000,900.000,-1,-1,2,0,2,0,2,0,0,0,0,2,2,2,2,0,0,2,2
108,-166.556,-1625.853,190.461,-164.200,-0.962299,0.271992,-0.000529,-0.271657,-0.961207,-0.047785,-0.013505,-0.045839,0.998858,0,0.64556,-0.88450,38.734,-1.769,-1,425.000,-1,400.000,-1,325.000,325.000,300.000,300.000,-1,-1,-1,-1,925.000,900.000,-1,-1,2,0,2,0,2,0,0,0,0,2,2,2,2,0,0,2,2
109,-204.134,-1635.244,189.717,-165.969,-0.970229,0.242180,-0.002136,-0.241792,-0.969105,-0.048706,-0.013865,-0.046739,0.998811,0,0.64556,-0.88450,38.734,-1.769,-1,425.000,-1,400.000,-1,325.000,325.000,300.000,300.000,-1,-1,-1,-1,925.000,900.000,-1,-1,2,0,2,0,2,0,0,0,0,2,2,2,2,0,0,2,2
110,-241.984,-1643.471,189.025,-167.738,-0.977232,0.212140,-0.003759,-0.211699,-0.976078,-0.049550,-0.014181,-0.047626,0.998765,0,0.64556,-0.88450,38.734,-1.769,-1,425.000,-1,400.000,-1,325.000,325.000,300.000,300.000,-1,-1,-1,-1,925.000,900.000,-1,-1,2,0,2,0,2,0,0,0,0,2,2,2,2,0,0,2,2
111,-280.071,-1650.526,188.385,-169.507,-0.983302,0.181900,-0.005395,-0.181405,-0.982121,-0.050313,-0.014450,-0.048494,0.998719,0,0.64556,-0.88450,38.734,-1.769,-1,425.000,-1,400.000,-1,325.000,325.000,300.000,300.000,-1,-1,-1,-1,925.000,900.000,-1,-1,2,0,2,0,2,0,0,0,0,2,2,2,2,0,0,2,2
112,-323.073,-1657.310,187.721,-171.036,-0.987790,0.155623,-0.007225,-0.155059,-0.986584,-0.051082,-0.015078,-0.049338,0.998668,0,0.72556,-0.76450,43.534,-1.529,-1,400.000,-1,400.000,-1,325.000,325.000,300.000,300.000,-1,-1,-1,-1,925.000,875.000,-1,-1,2,0,2,0,2,0,0,0,0,2,2,2,2,0,0,2,2
113,-370.992,-1663.629,187.042,-172.489,-0.991397,0.130558,-0.009253,-0.129912,-0.990169,-0.051856,-0.015932,-0.050207,0.998612,0,0.80556,-0.72628,48.334,-1.453,-1,400.000,-1,400.000,-1,325.000,325.000,300.000,300.000,-1,-1,-1,-1,900.000,875.000,-1,-1,2,0,2,0,2,0,0,0,0,2,2,2,2,0,0,2,2
114,-423.830,-1669.238,186.358,-173.941,-0.994362,0.105411,-0.011478,-0.104672,-0.993114,-0.052615,-0.016945,-0.051117,0.998549,0,0.88556,-0.72628,53.134,-1.453,-1,400.000,-1,400.000,-1,325.000,325.000,300.000,300.000,-1,-1,-1,-1,900.000,875.000,-1,-1,2,0,2,0,2,0,0,0,0,2,2,2,2,0,0,2,2
115,-477.738,-1673.582,185.728,-175.394,-0.996684,0.080199,-0.013740,-0.079363,-0.995421,-0.053283,-0.017950,-0.052016,0.998485,0,0.90137,-0.72628,54.082,-1.453,-1,425.000,-1,400.000,-1,325.000,325.000,300.000,300.000,-1,-1,-1,-1,900.000,875.000,-1,-1,2,0,2,0,2,0,0,0,0,2,2,2,2,0,0,2,2
116,-531.739,-1676.558,185.166,-176.846,-0.998362,0.054938,-0.015994,-0.054005,-0.997088,-0.053835,-0.018905,-0.052883,0.998422,0,0.90137,-0.72628,54.082,-1.453,-1,425.000,-1,400.000,-1,325.000,325.000,300.000,300.000,-1,-1,-1,-1,900.000,875.000,-1,-1,2,0,2,0,2,0,0,0,0,2,2,2,2,0,0,2,2
117,-585.798,-1678.164,184.676,-178.299,-0.999394,0.029644,-0.018235,-0.028616,-0.998116,-0.054265,-0.019810,-0.053710,0.998360,0,0.90137,-0.72628,54.082,-1.453,-1,425.000,-1,400.000,-1,325.000,325.000,300.000,300.000,-1,-1,-1,-1,900.000,875.000,-1,-1,2,0,2,0,2,0,0,0,0,2,2,2,2,0,0,2,2
118,-639.881,-1678.399,184.260,-179.751,-0.999781,0.004332,-0.020457,-0.003210,-0.998505,-0.054566,-0.020663,-0.054488,0.998301,0,0.90137,-0.72628,54.082,-1.453,-1,425.000,-1,400.000,-1,325.000,325.000,300.000,300.000,-1,-1,-1,-1,875.000,875.000,-1,-1,2,0,2,0,2,0,0,0,0,2,2,2,2,0,0,2,2
119,-693.952,-1677.264,182.906,-181.204,-0.999536,-0.020979,-0.022069,0.022168,-0.998236,-0.055086,-0.020875,-0.055549,0.998238,0,0.90137,-0.72628,54.082,-1.453,-1,425.000,-1,400.000,-1,325.000,325.000,300.000,300.000,-1,-1,-1,-1,875.000,875.000,-1,-1,2,0,2,0,2,0,0,0,0,2,2,2,2,0,0,2,2
120,-747.976,-1674.758,181.298,-182.657,-0.998640,-0.046274,-0.024037,0.047549,-0.997326,-0.055504,-0.021405,-0.056571,0.998169,0,0.90137,-0.72628,54.082,-1.453,-1,425.000,-1,400.000,-1,325.000,325.000,300.000,300.000,-1,-1,-1,-1,850.000,850.000,-1,-1,2,0,2,0,2,0,0,0,0,2,2,2,2,0,0,2,2
121,-801.921,-1670.884,179.768,-184.109,-0.997099,-0.071536,-0.025990,0.072896,-0.995777,-0.055804,-0.021888,-0.057536,0.998103,0,0.90137,-0.72628,54.082,-1.453,-1,400.000,-1,400.000,-1,325.000,325.000,300.000,300.000,-1,-1,-1,-1,850.000,850.000,-1,-1,2,0,2,0,2,0,0,0,0,2,2,2,2,0,0,2,2
122,-855.749,-1665.643,178.319,-185.562,-0.994917,-0.096750,-0.027924,0.098193,-0.993592,-0.055981,-0.022329,-0.058438,0.998041,0,0.90137,-0.72628,54.082,-1.453,-1,400.000,-1,400.000,-1,325.000,325.000,300.000,300.000,-1,-1,-1,-1,850.000,850.000,-1,-1,2,0,2,0,2,0,0,0,0,2,2,2,2,0,0,2,2
123,-909.427,-1659.039,176.953,-187.014,-0.992094,-0.121900,-0.029834,0.123423,-0.990771,-0.056030,-0.022729,-0.059269,0.997983,0,0.90137,-0.72628,54.082,-1.453,-1,400.000,-1,400.000,-1,325.000,325.000,300.000,300.000,-1,-1,-1,-1,825.000,825.000,-1,-1,2,0,2,0,2,0,0,0,0,2,2,2,2,0,0,2,2
124,-963.296,-1651.019,175.664,-188.469,-0.988625,-0.147014,-0.031731,0.148614,-0.987312,-0.055946,-0.023104,-0.060025,0.997929,0,0.90769,-0.72755,54.461,-1.455,-1,400.000,-1,400.000,-1,325.000,325.000,300.000,300.000,-1,-1,-1,-1,825.000,825.000,-1,-1,2,0,2,0,2,0,0,0,0,2,2,2,2,0,0,2,2
125,-1012.250,-1642.665,174.554,-189.684,-0.985235,-0.167912,-0.033439,0.169583,-0.983937,-0.055756,-0.023540,-0.060603,0.997884,0,0.82769,-0.60755,49.661,-1.215,-1,400.000,-1,400.000,-1,325.000,325.000,300.000,300.000,-1,-1,-1,-1,800.000,825.000,-1,-1,2,0,2,0,2,0,0,0,0,2,2,2,2,0,0,2,2
126,-1060.412,-1633.600,173.511,-190.659,-0.982181,-0.184627,-0.035109,0.186372,-0.980912,-0.055480,-0.024196,-0.061035,0.997842,0,0.81680,-0.48755,49.008,-0.975,-1,400.000,-1,400.000,-1,325.000,325.000,300.000,300.000,-1,-1,-1,-1,800.000,825.000,-1,-1,2,0,2,0,2,0,0,0,0,2,2,2,2,0,0,2,2
127,-1108.828,-1623.843,172.499,-191.395,-0.979674,-0.197193,-0.036786,0.199016,-0.978444,-0.055133,-0.025121,-0.061334,0.997801,0,0.82314,-0.36755,49.388,-0.735,-1,400.000,-1,400.000,-1,325.000,325.000,300.000,300.000,-1,-1,-1,-1,800.000,800.000,-1,-1,2,0,2,0,2,0,0,0,0,2,2,2,2,0,0,2,2
128,-1157.533,-1613.589,171.507,-191.890,-0.977871,-0.205638,-0.038479,0.207544,-0.976693,-0.054737,-0.026326,-0.061512,0.997759,0,0.82954,-0.24755,49.773,-0.495,-1,400.000,-1,400.000,-1,325.000,325.000,300.000,300.000,-1,-1,-1,-1,775.000,800.000,-1,-1,2,0,2,0,2,0,0,0,0,2,2,2,2,0,0,2,2
129,-1206.570,-1603.036,170.521,-192.145,-0.976878,-0.209984,-0.040197,0.211979,-0.975764,-0.054315,-0.027818,-0.061580,0.997714,0,0.83599,-0.12755,50.160,-0.255,-1,400.000,-1,400.000,-1,325.000,325.000,325.000,300.000,-1,-1,-1,-1,775.000,800.000,-1,-1,2,0,2,0,2,0,0,0,0,2,2,2,2,0,0,2,2
130,-1255.985,-1592.389,169.447,-192.160,-0.976758,-0.210237,-0.041761,0.212328,-0.975690,-0.054274,-0.029335,-0.061879,0.997652,0,0.84248,-0.00755,50.549,-0.015,-1,400.000,-1,400.000,-1,325.000,325.000,325.000,300.000,-1,-1,-1,-1,775.000,800.000,-1,-1,2,0,2,0,2,0,0,0,0,2,2,2,2,0,0,2,2
131,-1305.823,-1581.856,168.179,-191.935,-0.977524,-0.206394,-0.042994,0.208590,-0.976452,-0.055055,-0.030618,-0.062785,0.997557,0,0.84898,0.11245,50.939,0.225,-1,400.000,-1,400.000,-1,325.000,325.000,325.000,300.000,-1,-1,-1,-1,750.000,800.000,-1,1000.000,2,0,2,0,2,0,0,0,0,2,2,2,2,0,0,2,1
132,-1356.127,-1571.649,166.807,-191.470,-0.979120,-0.198458,-0.044029,0.200747,-0.978060,-0.055677,-0.032013,-0.063353,0.997478,0,0.85549,0.23245,51.329,0.465,-1,400.000,975.000,400.000,-1,325.000,325.000,325.000,300.000,-1,-1,-1,-1,750.000,775.000,-1,925.000,2,0,1,0,2,0,0,0,0,2,2,2,2,0,1,2,1
133,-1406.935,-1561.989,165.044,-190.765,-0.981479,-0.186420,-0.044124,0.188714,-0.980476,-0.055262,-0.032961,-0.062566,0.997496,0,0.86197,0.35245,51.718,0.705,-1,400.000,925.000,400.000,-1,325.000,325.000,325.000,300.000,-1,-1,-1,-1,725.000,725.000,-1,850.000,2,0,1,0,2,0,0,0,0,2,2,2,2,0,1,2,1
134,-1458.274,-1553.102,163.195,-189.820,-0.984408,-0.170236,-0.044287,0.172540,-0.983477,-0.054794,-0.034227,-0.061581,0.997515,0,0.86838,0.47245,52.103,0.945,-1,400.000,900.000,400.000,950.000,325.000,325.000,325.000,300.000,-1,-1,-1,-1,725.000,675.000,-1,775.000,2,0,1,0,1,0,0,0,0,2,2,2,2,0,1,2,1
