timestep,x_cm,y_cm,z_cm,yaw_deg,basis_xx,basis_xy,basis_xz,basis_yx,basis_yy,basis_yz,basis_zx,basis_zy,basis_zz,teleport_flag,throttle_cmd,steering_cmd,cmd_move_cm,cmd_turn_deg,lidar_cm_0,lidar_cm_1,lidar_cm_2,lidar_cm_3,lidar_cm_4,lidar_cm_5,lidar_cm_6,lidar_cm_7,lidar_cm_8,lidar_cm_9,lidar_cm_10,lidar_cm_11,lidar_cm_12,lidar_cm_13,lidar_cm_14,lidar_cm_15,lidar_cm_16,lidar_class_0,lidar_class_1,lidar_class_2,lidar_class_3,lidar_class_4,lidar_class_5,lidar_class_6,lidar_class_7,lidar_class_8,lidar_class_9,lidar_class_10,lidar_class_11,lidar_class_12,lidar_class_13,lidar_class_14,lidar_class_15,lidar_class_16
0,-9506.547,-7544.976,63.634,-21.623,0.928087,0.368193,0.055567,-0.369808,0.928849,0.021927,-0.043540,-0.040900,0.998214,1,0.08000,0.12000,4.800,0.240,-1,400.000,-1,375.000,-1,325.000,325.000,300.000,300.000,-1,-1,-1,-1,800.000,725.000,-1,-1,2,0,2,0,2,0,0,0,0,2,2,2,2,0,0,2,2
1,-9497.593,-7548.439,63.215,-21.143,0.931130,0.360403,0.055743,-0.362021,0.931911,0.021986,-0.044023,-0.040652,0.998203,0,0.16000,0.24000,9.600,0.480,-1,400.000,-1,375.000,-1,325.000,325.000,300.000,300.000,-1,-1,-1,-1,800.000,725.000,-1,-1,2,0,2,0,2,0,0,0,0,2,2,2,2,0,0,2,2
2,-9484.099,-7553.464,62.579,-20.423,0.935571,0.348669,0.056009,-0.350292,0.936380,0.022082,-0.044746,-0.040278,0.998186,0,0.24000,0.36000,14.400,0.720,-1,400.000,-1,375.000,-1,325.000,325.000,300.000,300.000,-1,-1,-1,-1,800.000,725.000,-1,-1,2,0,2,0,2,0,0,0,0,2,2,2,2,0,0,2,2
3,-9465.996,-7559.862,61.721,-19.463,0.941262,0.332938,0.056370,-0.334569,0.942109,0.022221,-0.045708,-0.039775,0.998163,0,0.32000,0.48000,19.200,0.960,-1,400.000,-1,375.000,-1,325.000,325.000,300.000,300.000,-1,-1,-1,-1,800.000,725.000,-1,-1,2,0,2,0,2,0,0,0,0,2,2,2,2,0,0,2,2
4,-9443.205,-7567.383,60.633,-18.263,0.948004,0.313143,0.056829,-0.314782,0.948899,0.022414,-0.046906,-0.039138,0.998132,0,0.40000,0.60000,24.000,1.200,-1,400.000,-1,375.000,-1,325.000,325.000,300.000,300.000,-1,-1,-1,-1,800.000,725.000,-1,-1,2,0,2,0,2,0,0,0,0,2,2,2,2,0,0,2,2
5,-9415.638,-7575.718,59.303,-16.823,0.955545,0.289207,0.057393,-0.290857,0.956498,0.022675,-0.048338,-0.038360,0.998094,0,0.48000,0.72000,28.800,1.440,-1,400.000,-1,375.000,-1,325.000,325.000,300.000,300.000,-1,-1,-1,-1,800.000,725.000,-1,-1,2,0,2,0,2,0,0,0,0,2,2,2,2,0,0,2,2
6,-9383.205,-7584.496,57.722,-15.143,0.963577,0.261050,0.058065,-0.262714,0.964599,0.023017,-0.050001,-0.037433,0.998047,0,0.56000,0.84000,33.600,1.680,-1,400.000,-1,375.000,-1,325.000,325.000,300.000,300.000,-1,-1,-1,-1,800.000,725.000,-1,-1,2,0,2,0,2,0,0,0,0,2,2,2,2,0,0,2,2
7,-9345.823,-7593.280,55.874,-13.223,0.971741,0.228595,0.058854,-0.230274,0.972843,0.023457,-0.051893,-0.036347,0.997991,0,0.64000,0.96000,38.400,1.920,-1,400.000,-1,375.000,-1,325.000,325.000,300.000,300.000,-1,-1,-1,-1,800.000,725.000,-1,-1,2,0,2,0,2,0,0,0,0,2,2,2,2,0,0,2,2
8,-9303.450,-7601.689,53.753,-11.223,0.979078,0.194511,0.059762,-0.196213,0.980268,0.023998,-0.053915,-0.035222,0.997924,0,0.72000,1.00000,43.200,2.000,-1,400.000,-1,375.000,-1,325.000,325.000,300.000,300.000,-1,-1,-1,-1,800.000,700.000,-1,-1,2,0,2,0,2,0,0,0,0,2,2,2,2,0,0,2,2
9,-9259.900,-7608.761,51.542,-9.223,0.985218,0.160188,0.060710,-0.161913,0.986498,0.024608,-0.055949,-0.034074,0.997852,0,0.73533,1.00000,44.120,2.000,-1,400.000,-1,375.000,-1,325.000,325.000,300.000,300.000,-1,-1,-1,-1,775.000,700.000,-1,-1,2,0,2,0,2,0,0,0,0,2,2,2,2,0,0,2,2
10,-9216.131,-7614.308,49.233,-7.223,0.990162,0.125667,0.061541,-0.127424,0.991520,0.025503,-0.057815,-0.033094,0.997779,0,0.73533,1.00000,44.120,2.000,-1,400.000,-1,375.000,-1,325.000,325.000,300.000,300.000,-1,-1,-1,-1,775.000,700.000,-1,-1,2,0,2,0,2,0,0,0,0,2,2,2,2,0,0,2,2
11,-9172.194,-7618.325,46.778,-5.223,0.993913,0.090988,0.062110,-0.092797,0.995322,0.026881,-0.059374,-0.032481,0.997707,0,0.73533,1.00000,44.120,2.000,-1,400.000,-1,375.000,-1,325.000,325.000,300.000,300.000,-1,-1,-1,-1,775.000,700.000,-1,-1,2,0,2,0,2,0,0,0,0,2,2,2,2,0,0,2,2
12,-9128.144,-7620.806,44.123,-3.223,0.996491,0.056199,0.062024,-0.058009,0.997930,0.027775,-0.060335,-0.031276,0.997688,0,0.73533,1.00000,44.120,2.000,-1,400.000,-1,375.000,-1,325.000,325.000,300.000,300.000,-1,-1,-1,-1,775.000,700.000,-1,-1,2,0,2,0,2,0,0,0,0,2,2,2,2,0,0,2,2
13,-9084.034,-7621.748,41.424,-1.223,0.997854,0.021338,0.061907,-0.023149,0.999321,0.028673,-0.061253,-0.030045,0.997670,0,0.73533,1.00000,44.120,2.000,-1,400.000,-1,375.000,-1,325.000,325.000,300.000,300.000,-1,-1,-1,-1,775.000,700.000,-1,-1,2,0,2,0,2,0,0,0,0,2,2,2,2,0,0,2,2
14,-9039.919,-7621.151,38.679,0.777,0.997995,-0.013551,0.061818,0.011741,0.999494,0.029554,-0.062187,-0.028769,0.997650,0,0.73533,1.00000,44.120,2.000,-1,400.000,-1,375.000,-1,325.000,325.000,300.000,300.000,-1,-1,-1,-1,775.000,700.000,-1,-1,2,0,2,0,2,0,0,0,0,2,2,2,2,0,0,2,2
15,-8995.851,-7619.014,35.884,2.777,0.996916,-0.048426,0.061759,0.046617,0.998450,0.030415,-0.063137,-0.027442,0.997628,0,0.73533,1.00000,44.120,2.000,-1,400.000,-1,375.000,-1,325.000,325.000,300.000,300.000,-1,-1,-1,-1,775.000,700.000,-1,-1,2,0,2,0,2,0,0,0,0,2,2,2,2,0,0,2,2
16,-8951.884,-7615.340,33.041,4.777,0.994615,-0.083245,0.061736,0.081437,0.996188,0.031254,-0.064103,-0.026058,0.997603,0,0.73533,1.00000,44.120,2.000,-1,400.000,-1,375.000,-1,325.000,325.000,300.000,300.000,-1,-1,-1,-1,775.000,700.000,-1,-1,2,0,2,0,2,0,0,0,0,2,2,2,2,0,0,2,2
17,-8908.072,-7610.134,30.148,6.777,0.991096,-0.117965,0.061751,0.116160,0.992713,0.032070,-0.065084,-0.024612,0.997576,0,0.73533,1.00000,44.120,2.000,-1,400.000,-1,375.000,-1,325.000,325.000,300.000,300.000,-1,-1,-1,-1,775.000,700.000,-1,-1,2,0,2,0,2,0,0,0,0,2,2,2,2,0,0,2,2
18,-8864.469,-7603.403,27.205,8.777,0.986362,-0.152544,0.061808,0.150743,0.988027,0.032862,-0.066081,-0.023097,0.997547,0,0.73533,1.00000,44.120,2.000,-1,400.000,-1,400.000,-1,325.000,325.000,300.000,300.000,-1,-1,-1,-1,800.000,700.000,-1,-1,2,0,2,0,2,0,0,0,0,2,2,2,2,0,0,2,2
19,-8821.127,-7595.153,24.211,10.777,0.980419,-0.186940,0.061911,0.185143,0.982136,0.033629,-0.067092,-0.021508,0.997515,0,0.73533,1.00000,44.120,2.000,-1,400.000,-1,375.000,-1,325.000,325.000,300.000,300.000,-1,-1,-1,-1,800.000,700.000,-1,-1,2,0,2,0,2,0,0,0,0,2,2,2,2,0,0,2,2
20,-8778.099,-7585.397,21.167,12.777,0.973272,-0.221109,0.062064,0.219321,0.975047,0.034372,-0.068115,-0.019841,0.997480,0,0.73533,1.00000,44.120,2.000,-1,400.000,-1,375.000,-1,325.000,325.000,300.000,300.000,-1,-1,-1,-1,800.000,700.000,-1,-1,2,0,2,0,2,0,0,0,0,2,2,2,2,0,0,2,2
21,-8735.438,-7574.144,18.073,14.777,0.964931,-0.255012,0.062269,0.253233,0.966769,0.035090,-0.069148,-0.018091,0.997442,0,0.73533,1.00000,44.120,2.000,-1,400.000,-1,375.000,-1,325.000,325.000,300.000,300.000,-1,-1,-1,-1,800.000,700.000,-1,-1,2,0,2,0,2,0,0,0,0,2,2,2,2,0,0,2,2
22,-8693.196,-7561.410,14.929,16.777,0.955404,-0.288605,0.062529,0.286839,0.957310,0.035784,-0.070187,-0.016252,0.997401,0,0.73533,1.00000,44.120,2.000,-1,400.000,-1,375.000,-1,325.000,325.000,300.000,300.000,-1,-1,-1,-1,800.000,700.000,-1,-1,2,0,2,0,2,0,0,0,0,2,2,2,2,0,0,2,2
23,-8651.424,-7547.209,11.736,18.777,0.944703,-0.321849,0.062848,0.320098,0.946683,0.036456,-0.071231,-0.014322,0.997357,0,0.73533,1.00000,44.120,2.000,-1,400.000,-1,375.000,-1,325.000,325.000,300.000,300.000,-1,-1,-1,-1,800.000,700.000,-1,-1,2,0,2,0,2,0,0,0,0,2,2,2,2,0,0,2,2
24,-8610.173,-7531.558,8.517,20.777,0.932837,-0.354701,0.063261,0.352961,0.934898,0.037209,-0.072341,-0.012381,0.997303,0,0.73533,1.00000,44.120,2.000,-1,400.000,-1,375.000,-1,325.000,325.000,300.000,300.000,-1,-1,-1,-1,800.000,700.000,-1,-1,2,0,2,0,2,0,0,0,0,2,2,2,2,0,0,2,2
25,-8569.493,-7514.478,5.382,22.777,0.919858,-0.387119,0.063254,0.385374,0.921966,0.038275,-0.073134,-0.010831,0.997263,0,0.73533,1.00000,44.120,2.000,-1,400.000,-1,375.000,-1,325.000,325.000,300.000,300.000,-1,-1,-1,-1,775.000,700.000,-1,-1,2,0,2,0,2,0,0,0,0,2,2,2,2,0,0,2,2
26,-8529.356,-7495.952,2.282,24.777,0.905775,-0.419065,0.062892,0.417310,0.907906,0.039477,-0.073644,-0.009512,0.997239,0,0.73676,1.00000,44.206,2.000,-1,400.000,-1,375.000,-1,325.000,325.000,300.000,300.000,-1,-1,-1,-1,775.000,725.000,-1,-1,2,0,2,0,2,0,0,0,0,2,2,2,2,0,0,2,2
27,-8489.442,-7475.810,-0.910,26.777,0.890579,-0.450501,0.062593,0.448741,0.892740,0.040585,-0.074163,-0.008056,0.997214,0,0.74514,1.00000,44.708,2.000,-1,400.000,-1,375.000,-1,325.000,325.000,300.000,300.000,-1,-1,-1,-1,775.000,725.000,-1,-1,2,0,2,0,2,0,0,0,0,2,2,2,2,0,0,2,2
28,-8449.787,-7454.031,-4.157,28.777,0.874299,-0.481388,0.062185,0.479626,0.876483,0.041674,-0.074565,-0.006610,0.997194,0,0.75405,1.00000,45.243,2.000,-1,400.000,-1,375.000,-1,325.000,325.000,300.000,300.000,-1,-1,-1,-1,775.000,725.000,-1,-1,2,0,2,0,2,0,0,0,0,2,2,2,2,0,0,2,2
29,-8415.039,-7433.336,-7.104,30.777,0.856944,-0.511688,0.061826,0.509939,0.859157,0.042556,-0.074893,-0.004941,0.997179,0,0.67405,1.00000,40.443,2.000,-1,400.000,-1,375.000,-1,325.000,325.000,300.000,300.000,-1,-1,-1,-1,775.000,725.000,-1,-1,2,0,2,0,2,0,0,0,0,2,2,2,2,0,0,2,2
30,-8385.071,-7414.041,-9.738,32.777,0.838532,-0.541365,0.061549,0.539644,0.840782,0.043234,-0.075155,-0.003038,0.997167,0,0.59405,1.00000,35.643,2.000,-1,400.000,-1,400.000,-1,325.000,325.000,300.000,300.000,-1,-1,-1,-1,775.000,725.000,-1,-1,2,0,2,0,2,0,0,0,0,2,2,2,2,0,0,2,2
31,-8359.738,-7396.449,-12.046,34.777,0.819086,-0.570380,0.061351,0.568702,0.821380,0.043728,-0.075334,-0.000927,0.997158,0,0.51405,1.00000,30.843,2.000,-1,400.000,-1,400.000,-1,325.000,325.000,300.000,300.000,-1,-1,-1,-1,750.000,725.000,-1,-1,2,0,2,0,2,0,0,0,0,2,2,2,2,0,0,2,2
32,-8338.878,-7380.857,-14.013,36.777,0.798632,-0.598698,0.061221,0.597076,0.800974,0.044060,-0.075415,0.001365,0.997151,0,0.43405,1.00000,26.043,2.000,-1,400.000,-1,400.000,-1,325.000,325.000,300.000,300.000,-1,-1,-1,-1,750.000,750.000,-1,-1,2,0,2,0,2,0,0,0,0,2,2,2,2,0,0,2,2
33,-8322.317,-7367.553,-15.631,38.777,0.777194,-0.626283,0.061147,0.624730,0.779586,0.044251,-0.075383,0.003809,0.997147,0,0.35405,1.00000,21.243,2.000,-1,400.000,-1,400.000,-1,325.000,325.000,300.000,300.000,-1,-1,-1,-1,750.000,750.000,-1,-1,2,0,2,0,2,0,0,0,0,2,2,2,2,0,0,2,2
34,-8309.866,-7356.814,-16.891,40.777,0.754801,-0.653100,0.061118,0.651626,0.757245,0.044319,-0.075226,0.006374,0.997146,0,0.27405,1.00000,16.443,2.000,-1,400.000,-1,400.000,-1,325.000,325.000,300.000,300.000,-1,-1,-1,-1,750.000,750.000,-1,-1,2,0,2,0,2,0,0,0,0,2,2,2,2,0,0,2,2
35,-8301.320,-7348.907,-17.787,42.777,0.731482,-0.679116,0.061120,0.677731,0.733975,0.044284,-0.074934,0.009030,0.997148,0,0.19405,1.00000,11.643,2.000,-1,400.000,-1,400.000,-1,325.000,325.000,300.000,300.000,-1,-1,-1,-1,750.000,750.000,-1,-1,2,0,2,0,2,0,0,0,0,2,2,2,2,0,0,2,2
36,-8296.463,-7344.088,-18.318,44.777,0.707267,-0.704298,0.061141,0.703010,0.709807,0.044163,-0.074502,0.011748,0.997152,0,0.11405,1.00000,6.843,2.000,-1,400.000,-1,400.000,-1,325.000,325.000,300.000,300.000,-1,-1,-1,-1,750.000,775.000,-1,-1,2,0,2,0,2,0,0,0,0,2,2,2,2,0,0,2,2
37,-8295.064,-7342.599,-18.485,46.777,0.682188,-0.728614,0.061166,0.727431,0.684771,0.043972,-0.073924,0.014497,0.997159,0,0.03405,1.00000,2.043,2.000,-1,400.000,-1,400.000,-1,325.000,325.000,300.000,300.000,-1,-1,-1,-1,750.000,775.000,-1,-1,2,0,2,0,2,0,0,0,0,2,2,2,2,0,0,2,2
38,-8296.881,-7344.673,-18.292,48.777,0.656276,-0.752036,0.061184,0.750962,0.658897,0.043727,-0.073198,0.017250,0.997168,0,-0.04595,1.00000,-2.757,2.000,-1,400.000,-1,400.000,-1,325.000,325.000,300.000,300.000,-1,-1,-1,-1,725.000,775.000,-1,-1,2,0,2,0,2,0,0,0,0,2,2,2,2,0,0,2,2
39,-8301.660,-7350.527,-17.745,50.777,0.629567,-0.774533,0.061179,0.773572,0.632217,0.043440,-0.072324,0.019978,0.997181,0,-0.12595,1.00000,-7.557,2.000,-1,400.000,-1,400.000,-1,325.000,325.000,300.000,300.000,-1,-1,-1,-1,725.000,775.000,-1,-1,2,0,2,0,2,0,0,0,0,2,2,2,2,0,0,2,2
40,-8309.136,-7360.367,-16.854,52.777,0.602095,-0.796080,0.061140,0.795234,0.604767,0.043126,-0.071307,0.022655,0.997197,0,-0.20595,1.00000,-12.357,2.000,-1,400.000,-1,400.000,-1,325.000,325.000,300.000,300.000,-1,-1,-1,-1,725.000,775.000,-1,-1,2,0,2,0,2,0,0,0,0,2,2,2,2,0,0,2,2
41,-8316.687,-7371.061,-15.925,54.777,0.573890,-0.816650,0.061093,0.815918,0.576580,0.042827,-0.070199,0.025268,0.997213,0,-0.21820,1.00000,-13.092,2.000,-1,400.000,-1,400.000,-1,325.000,325.000,300.000,300.000,-1,-1,-1,-1,725.000,775.000,-1,-1,2,0,2,0,2,0,0,0,0,2,2,2,2,0,0,2,2
42,-8323.965,-7382.172,-14.998,56.777,0.544989,-0.836218,0.061039,0.835598,0.547691,0.042549,-0.069011,0.027815,0.997228,0,-0.22136,1.00000,-13.282,2.000,-1,400.000,-1,400.000,-1,325.000,325.000,300.000,300.000,-1,-1,-1,-1,725.000,775.000,-1,-1,2,0,2,0,2,0,0,0,0,2,2,2,2,0,0,2,2
43,-8330.956,-7393.704,-14.074,58.777,0.515426,-0.854762,0.060978,0.854252,0.518136,0.042293,-0.067745,0.030292,0.997243,0,-0.22476,1.00000,-13.486,2.000,-1,400.000,-1,400.000,-1,325.000,325.000,300.000,300.000,-1,-1,-1,-1,725.000,775.000,-1,-1,2,0,2,0,2,0,0,0,0,2,2,2,2,0,0,2,2
44,-8337.647,-7405.662,-13.147,60.777,0.485236,-0.872257,0.060948,0.871856,0.487952,0.042064,-0.066431,0.032727,0.997254,0,-0.22838,1.00000,-13.703,2.000,-1,400.000,-1,400.000,-1,325.000,325.000,300.000,300.000,-1,-1,-1,-1,725.000,775.000,-1,-1,2,0,2,0,2,0,0,0,0,2,2,2,2,0,0,2,2
45,-8344.022,-7418.052,-12.212,62.777,0.454452,-0.888682,0.060972,0.888390,0.457176,0.041873,-0.065087,0.035138,0.997261,0,-0.23222,1.00000,-13.933,2.000,-1,400.000,-1,400.000,-1,325.000,325.000,300.000,300.000,-1,-1,-1,-1,725.000,775.000,-1,-1,2,0,2,0,2,0,0,0,0,2,2,2,2,0,0,2,2
46,-8350.063,-7430.875,-11.282,64.777,0.423120,-0.904019,0.060984,0.903833,0.425847,0.041712,-0.063678,0.037470,0.997267,0,-0.23624,1.00000,-14.174,2.000,-1,400.000,-1,400.000,-1,325.000,325.000,300.000,300.000,-1,-1,-1,-1,725.000,775.000,-1,-1,2,0,2,0,2,0,0,0,0,2,2,2,2,0,0,2,2
47,-8355.753,-7444.132,-10.359,66.777,0.391277,-0.918250,0.060984,0.918168,0.394003,0.041581,-0.062209,0.039724,0.997272,0,-0.24043,1.00000,-14.426,2.000,-1,400.000,-1,400.000,-1,325.000,325.000,300.000,300.000,-1,-1,-1,-1,725.000,775.000,-1,-1,2,0,2,0,2,0,0,0,0,2,2,2,2,0,0,2,2
48,-8361.071,-7457.822,-9.444,68.776,0.358971,-0.931355,0.060969,0.931374,0.361694,0.041480,-0.060685,0.041895,0.997277,0,-0.24478,0.99973,-14.687,1.999,-1,400.000,-1,400.000,-1,325.000,325.000,300.000,300.000,-1,-1,-1,-1,725.000,775.000,-1,-1,2,0,2,0,2,0,0,0,0,2,2,2,2,0,0,2,2
49,-8365.997,-7471.944,-8.537,70.772,0.326291,-0.943303,0.060939,0.943419,0.329007,0.041409,-0.059111,0.043979,0.997282,0,-0.24926,0.99798,-14.956,1.996,-1,400.000,-1,400.000,-1,325.000,325.000,300.000,300.000,-1,-1,-1,-1,700.000,775.000,-1,-1,2,0,2,0,2,0,0,0,0,2,2,2,2,0,0,2,2
50,-8370.512,-7486.492,-7.641,72.765,0.293267,-0.954090,0.060892,0.954300,0.295972,0.041369,-0.057492,0.045977,0.997287,0,-0.25386,0.99660,-15.231,1.993,-1,400.000,-1,400.000,-1,325.000,325.000,300.000,300.000,-1,-1,-1,-1,700.000,775.000,-1,-1,2,0,2,0,2,0,0,0,0,2,2,2,2,0,0,2,2
51,-8374.591,-7501.459,-6.757,74.757,0.259927,-0.963711,0.060826,0.964013,0.262619,0.041359,-0.055833,0.047887,0.997291,0,-0.25854,0.99560,-15.513,1.991,-1,400.000,-1,400.000,-1,325.000,325.000,300.000,300.000,-1,-1,-1,-1,700.000,775.000,-1,-1,2,0,2,0,2,0,0,0,0,2,2,2,2,0,0,2,2
52,-8378.215,-7516.836,-5.885,76.747,0.226299,-0.972162,0.060742,0.972552,0.228976,0.041380,-0.054136,0.049711,0.997295,0,-0.26330,0.99498,-15.798,1.990,-1,400.000,-1,400.000,-1,325.000,325.000,300.000,300.000,-1,-1,-1,-1,700.000,775.000,-1,-1,2,0,2,0,2,0,0,0,0,2,2,2,2,0,0,2,2
53,-8381.358,-7532.613,-5.028,78.736,0.192413,-0.979439,0.060638,0.979914,0.195071,0.041430,-0.052407,0.051448,0.997300,0,-0.26810,0.99474,-16.086,1.989,-1,400.000,-1,400.000,-1,325.000,325.000,300.000,300.000,-1,-1,-1,-1,700.000,775.000,-1,-1,2,0,2,0,2,0,0,0,0,2,2,2,2,0,0,2,2
54,-8383.998,-7548.775,-4.158,80.726,0.158294,-0.985542,0.060422,0.986088,0.160933,0.041610,-0.050733,0.052994,0.997305,0,-0.27294,0.99488,-16.376,1.990,-1,400.000,-1,400.000,-1,325.000,325.000,300.000,300.000,-1,-1,-1,-1,700.000,775.000,-1,-1,2,0,2,0,2,0,0,0,0,2,2,2,2,0,0,2,2
55,-8386.112,-7565.307,-3.281,82.717,0.123972,-0.990464,0.060094,0.991070,0.126590,0.041900,-0.049108,0.054363,0.997313,0,-0.27777,0.99540,-16.666,1.991,-1,400.000,-1,400.000,-1,325.000,325.000,300.000,300.000,-1,-1,-1,-1,700.000,775.000,-1,-1,2,0,2,0,2,0,0,0,0,2,2,2,2,0,0,2,2
56,-8387.677,-7582.191,-2.421,84.709,0.089473,-0.994197,0.059724,0.994858,0.092068,0.042212,-0.047466,0.055640,0.997322,0,-0.28259,0.99630,-16.955,1.993,-1,375.000,-1,400.000,-1,325.000,325.000,300.000,300.000,-1,-1,-1,-1,700.000,750.000,-1,-1,2,0,2,0,2,0,0,0,0,2,2,2,2,0,0,2,2
57,-8388.669,-7599.406,-1.580,86.704,0.054825,-0.996733,0.059312,0.997445,0.057396,0.042545,-0.045810,0.056828,0.997332,0,-0.28737,0.99758,-17.242,1.995,-1,375.000,-1,400.000,-1,325.000,325.000,300.000,300.000,-1,-1,-1,-1,700.000,750.000,-1,-1,2,0,2,0,2,0,0,0,0,2,2,2,2,0,0,2,2
58,-8389.067,-7616.927,-0.760,88.703,0.020055,-0.998065,0.058858,0.998824,0.022600,0.042897,-0.044144,0.057928,0.997344,0,-0.29209,0.99923,-17.525,1.998,-1,375.000,-1,400.000,-1,325.000,325.000,300.000,300.000,-1,-1,-1,-1,700.000,750.000,-1,-1,2,0,2,0,2,0,0,0,0,2,2,2,2,0,0,2,2
59,-8388.852,-7634.564,0.030,90.703,-0.014762,-0.998186,0.058363,0.998989,-0.012245,0.043264,-0.042471,0.058943,0.997357,0,-0.29396,1.00000,-17.637,2.000,-1,375.000,-1,400.000,-1,325.000,325.000,300.000,300.000,-1,-1,-1,-1,700.000,750.000,-1,-1,2,0,2,0,2,0,0,0,0,2,2,2,2,0,0,2,2
60,-8388.021,-7652.182,0.785,92.703,-0.049560,-0.997095,0.057833,0.997938,-0.047071,0.043643,-0.040794,0.059876,0.997372,0,-0.29396,1.00000,-17.637,2.000,-1,375.000,-1,400.000,-1,325.000,325.000,300.000,300.000,-1,-1,-1,-1,700.000,750.000,-1,-1,2,0,2,0,2,0,0,0,0,2,2,2,2,0,0,2,2
61,-8387.023,-7664.982,1.318,94.463,-0.080134,-0.995130,0.057410,0.996010,-0.077668,0.043960,-0.039287,0.060703,0.997382,0,-0.21396,0.88000,-12.837,1.760,-1,375.000,-1,400.000,-1,325.000,325.000,300.000,300.000,-1,-1,-1,-1,700.000,750.000,-1,-1,2,0,2,0,2,0,0,0,0,2,2,2,2,0,0,2,2
62,-8386.186,-7672.976,1.645,95.983,-0.106478,-0.992673,0.057112,0.993591,-0.104033,0.044208,-0.037943,0.061453,0.997389,0,-0.13396,0.76000,-8.037,1.520,-1,375.000,-1,400.000,-1,325.000,325.000,300.000,300.000,-1,-1,-1,-1,675.000,750.000,-1,-1,2,0,2,0,2,0,0,0,0,2,2,2,2,0,0,2,2
63,-8385.777,-7676.188,1.783,97.263,-0.128605,-0.990059,0.056954,0.991015,-0.126176,0.044382,-0.036755,0.062150,0.997390,0,-0.05396,0.64000,-3.237,1.280,-1,375.000,-1,400.000,-1,325.000,325.000,300.000,300.000,-1,-1,-1,-1,675.000,750.000,-1,-1,2,0,2,0,2,0,0,0,0,2,2,2,2,0,0,2,2
64,-8386.003,-7674.642,1.741,98.303,-0.146537,-0.987565,0.056947,0.988560,-0.144119,0.044480,-0.035720,0.062813,0.997386,0,0.02604,0.52000,1.563,1.040,-1,375.000,-1,400.000,-1,325.000,325.000,300.000,300.000,-1,-1,-1,-1,675.000,750.000,-1,-1,2,0,2,0,2,0,0,0,0,2,2,2,2,0,0,2,2
65,-8387.011,-7668.360,1.531,99.103,-0.160297,-0.985416,0.057096,0.986454,-0.157888,0.044501,-0.034837,0.063456,0.997376,0,0.10604,0.40000,6.363,0.800,-1,375.000,-1,400.000,-1,300.000,325.000,300.000,300.000,-1,-1,-1,-1,675.000,725.000,-1,-1,2,0,2,0,2,0,0,0,0,2,2,2,2,0,0,2,2
66,-8388.885,-7657.357,1.169,99.663,-0.169907,-0.983789,0.057369,0.984871,-0.167505,0.044403,-0.034074,0.064046,0.997365,0,0.18604,0.28000,11.163,0.560,-1,375.000,-1,400.000,-1,300.000,325.000,300.000,300.000,-1,-1,-1,-1,675.000,725.000,-1,-1,2,0,2,0,2,0,0,0,0,2,2,2,2,0,0,2,2
67,-8391.697,-7641.644,0.665,100.147,-0.178194,-0.982299,0.057756,0.983433,-0.175801,0.044197,-0.033261,0.064675,0.997352,0,0.26604,0.24198,15.963,0.484,-1,375.000,-1,400.000,-1,300.000,325.000,300.000,300.000,-1,-1,-1,-1,675.000,725.000,-1,-1,2,0,2,0,2,0,0,0,0,2,2,2,2,0,0,2,2
68,-8395.528,-7621.238,0.018,100.631,-0.186466,-0.980731,0.058286,0.981929,-0.184083,0.043924,-0.032348,0.065423,0.997333,0,0.34604,0.24198,20.763,0.484,-1,375.000,-1,400.000,-1,300.000,325.000,300.000,300.000,-1,-1,-1,-1,675.000,725.000,-1,-1,2,0,2,0,2,0,0,0,0,2,2,2,2,0,0,2,2
69,-8400.457,-7596.156,-0.764,101.115,-0.194720,-0.979085,0.058959,0.980358,-0.192349,0.043581,-0.031329,0.066287,0.997309,0,0.42604,0.24198,25.563,0.484,-1,375.000,-1,400.000,-1,300.000,325.000,300.000,300.000,-1,-1,-1,-1,675.000,725.000,-1,-1,2,0,2,0,2,0,0,0,0,2,2,2,2,0,0,2,2
70,-8406.561,-7566.413,-1.673,101.597,-0.202922,-0.977369,0.059777,0.978729,-0.200564,0.043169,-0.030203,0.067266,0.997278,0,0.50604,0.24095,30.363,0.482,-1,375.000,-1,400.000,-1,300.000,325.000,300.000,300.000,-1,-1,975.000,-1,675.000,725.000,-1,-1,2,0,2,0,2,0,0,0,0,2,2,0,2,0,0,2,2
71,-8413.913,-7532.028,-2.700,102.068,-0.210923,-0.975614,0.060744,0.977073,-0.208581,0.042688,-0.028977,0.068355,0.997240,0,0.58604,0.23563,35.163,0.471,-1,375.000,-1,400.000,-1,325.000,325.000,300.000,300.000,-1,-1,950.000,-1,675.000,725.000,-1,-1,2,0,2,0,2,0,0,0,0,2,2,0,2,0,0,2,2
72,-8422.582,-7493.018,-3.834,102.526,-0.218686,-0.973833,0.061858,0.975403,-0.216362,0.042138,-0.027652,0.069551,0.997195,0,0.66604,0.22921,39.963,0.458,-1,375.000,-1,400.000,-1,325.000,325.000,300.000,300.000,-1,-1,900.000,-1,675.000,725.000,-1,-1,2,0,2,0,2,0,0,0,0,2,2,0,2,0,0,2,2
73,-8431.876,-7452.666,-4.971,102.969,-0.226172,-0.972046,0.063022,0.973732,-0.223870,0.041567,-0.026296,0.070768,0.997146,0,0.69014,0.22162,41.408,0.443,-1,375.000,-1,375.000,-1,325.000,325.000,300.000,300.000,-1,-1,850.000,-1,675.000,700.000,-1,-1,2,0,2,0,2,0,0,0,0,2,2,0,2,0,0,2,2
74,-8441.575,-7411.952,-6.082,103.396,-0.233363,-0.970268,0.064206,0.972070,-0.231085,0.040988,-0.024932,0.071978,0.997095,0,0.69757,0.21341,41.854,0.427,-1,375.000,-1,375.000,-1,300.000,325.000,300.000,300.000,-1,-1,825.000,-1,675.000,700.000,-1,-1,2,0,2,0,2,0,0,0,0,2,2,0,2,0,0,2,2
75,-8451.666,-7370.892,-7.165,103.806,-0.240246,-0.968506,0.065409,0.970426,-0.237993,0.040404,-0.023564,0.073182,0.997040,0,0.70469,0.20478,42.282,0.410,-1,375.000,-1,375.000,-1,300.000,300.000,300.000,300.000,-1,-1,800.000,-1,675.000,700.000,-1,-1,2,0,2,0,2,0,0,0,0,2,2,0,2,0,0,2,2
76,-8462.137,-7329.507,-8.218,104.197,-0.246806,-0.966772,0.066630,0.968811,-0.244583,0.039814,-0.022195,0.074378,0.996983,0,0.71149,0.19572,42.689,0.391,-1,375.000,-1,375.000,-1,300.000,300.000,300.000,300.000,-1,-1,775.000,-1,675.000,700.000,-1,-1,2,0,2,0,2,0,0,0,0,2,2,0,2,0,0,2,2
77,-8472.974,-7287.817,-9.230,104.570,-0.253033,-0.965077,0.067823,0.967233,-0.250840,0.039240,-0.020857,0.075530,0.996925,0,0.71793,0.18623,43.076,0.372,-1,375.000,-1,375.000,-1,300.000,300.000,300.000,300.000,-1,-1,750.000,-1,675.000,700.000,-1,-1,2,0,2,0,2,0,0,0,0,2,2,0,2,0,0,2,2
78,-8484.161,-7245.844,-10.051,104.922,-0.258889,-0.963474,0.068512,0.965713,-0.256765,0.038334,-0.019342,0.076087,0.996914,0,0.72398,0.17633,43.439,0.353,-1,375.000,-1,375.000,-1,300.000,300.000,300.000,300.000,-1,975.000,725.000,-1,675.000,700.000,-1,-1,2,0,2,0,2,0,0,0,0,2,0,0,2,0,0,2,2
79,-8495.679,-7203.609,-10.695,105.254,-0.264349,-0.961969,0.068816,0.964270,-0.262344,0.036870,-0.017415,0.076104,0.996948,0,0.72963,0.16602,43.778,0.332,-1,375.000,-1,375.000,-1,300.000,300.000,300.000,300.000,-1,875.000,700.000,-1,675.000,700.000,-1,-1,2,0,2,0,2,0,0,0,0,2,0,0,2,0,0,2,2
80,-8507.510,-7161.136,-11.307,105.565,-0.269442,-0.960531,0.069151,0.962892,-0.267555,0.035409,-0.015510,0.076126,0.996978,0,0.73484,0.15532,44.090,0.311,-1,375.000,-1,375.000,-1,300.000,300.000,300.000,300.000,-1,825.000,675.000,-1,675.000,675.000,-1,-1,2,0,2,0,2,0,0,0,0,2,0,0,2,0,0,2,2
81,-8519.633,-7118.449,-11.833,105.854,-0.274161,-0.959154,0.069706,0.961587,-0.272382,0.034045,-0.013667,0.076362,0.996986,0,0.73960,0.14423,44.376,0.288,-1,375.000,-1,375.000,-1,300.000,300.000,300.000,300.000,-1,750.000,650.000,-1,675.000,675.000,-1,-1,2,0,2,0,2,0,0,0,0,2,0,0,2,0,0,2,2
82,-8532.026,-7075.571,-12.159,106.119,-0.278472,-0.957835,0.070745,0.960375,-0.276811,0.032489,-0.011536,0.076989,0.996965,0,0.74388,0.13277,44.633,0.266,-1,375.000,-1,375.000,-1,300.000,300.000,300.000,325.000,-1,725.000,625.000,-1,675.000,675.000,-1,-1,2,0,2,0,2,0,0,0,0,2,0,0,2,0,0,2,2
83,-8546.170,-7028.205,-12.458,106.625,-0.286757,-0.955308,0.071818,0.957962,-0.285237,0.030811,-0.008949,0.077634,0.996942,0,0.82388,0.25277,49.433,0.506,-1,375.000,-1,375.000,-1,300.000,300.000,300.000,325.000,-1,675.000,600.000,-1,700.000,675.000,-1,-1,2,0,2,0,2,0,0,0,0,2,0,0,2,0,0,2,2
84,-8561.223,-6980.086,-12.695,107.370,-0.298990,-0.951467,0.072902,0.954237,-0.297628,0.029127,-0.006015,0.078275,0.996914,0,0.84032,0.37277,50.419,0.746,-1,375.000,-1,375.000,-1,300.000,300.000,300.000,325.000,-1,625.000,575.000,-1,700.000,675.000,-1,-1,2,0,2,0,2,0,0,0,0,2,0,0,2,0,0,2,2
85,-8577.099,-6932.119,-12.852,108.312,-0.314398,-0.946403,0.073992,0.949287,-0.313209,0.027471,-0.002823,0.078877,0.996880,0,0.84211,0.47079,50.527,0.942,-1,375.000,-1,375.000,-1,300.000,300.000,300.000,300.000,-1,600.000,550.000,-1,700.000,675.000,-1,-1,2,0,2,0,2,0,0,0,0,2,0,0,2,0,0,2,2
86,-8593.740,-6884.391,-12.927,109.221,-0.329184,-0.941275,0.075096,0.944266,-0.328168,0.025852,0.000310,0.079420,0.996841,0,0.84244,0.45446,50.546,0.909,-1,375.000,-1,375.000,-1,300.000,300.000,325.000,300.000,-1,575.000,525.000,-1,700.000,675.000,-1,-1,2,0,2,0,2,0,0,0,0,2,0,0,2,0,0,2,2
87,-8611.093,-6836.965,-12.920,110.096,-0.343343,-0.936113,0.076205,0.939204,-0.342501,0.024273,0.003378,0.079906,0.996797,0,0.84170,0.43782,50.502,0.876,-1,375.000,-1,375.000,-1,300.000,300.000,325.000,300.000,-1,550.000,500.000,-1,700.000,675.000,-1,-1,2,0,2,0,2,0,0,0,0,2,0,0,2,0,0,2,2
88,-8629.103,-6789.899,-12.832,110.938,-0.356875,-0.930947,0.077313,0.934131,-0.356206,0.022738,0.006371,0.080335,0.996748,0,0.83991,0.42096,50.394,0.842,-1,375.000,-1,375.000,-1,325.000,300.000,325.000,300.000,-1,525.000,500.000,-1,700.000,675.000,-1,-1,2,0,2,0,2,0,0,0,0,2,0,0,2,0,0,2,2
89,-8647.712,-6743.248,-12.665,111.746,-0.369782,-0.925803,0.078415,0.929072,-0.369288,0.021248,0.009286,0.080710,0.996694,0,0.83710,0.40401,50.226,0.808,-1,375.000,-1,375.000,-1,325.000,300.000,325.000,300.000,-1,500.000,475.000,-1,725.000,675.000,-1,-1,2,0,2,0,2,0,0,0,0,2,0,0,2,0,0,2,2
90,-8666.864,-6697.062,-12.421,112.520,-0.382075,-0.920705,0.079504,0.924052,-0.381753,0.019806,0.012115,0.081033,0.996638,0,0.83333,0.38708,50.000,0.774,-1,375.000,-1,375.000,-1,325.000,300.000,325.000,300.000,-1,475.000,450.000,-1,725.000,675.000,-1,-1,2,0,2,0,2,0,0,0,0,2,0,0,2,0,0,2,2
91,-8686.499,-6651.384,-11.870,113.261,-0.393829,-0.915737,0.079529,0.919074,-0.393640,0.018701,0.014180,0.080458,0.996657,0,0.82866,0.37030,49.720,0.741,-1,375.000,-1,375.000,-1,300.000,300.000,325.000,300.000,-1,475.000,475.000,-1,725.000,675.000,-1,-1,2,0,2,0,2,0,0,0,0,2,0,0,2,0,0,2,2
92,-8706.562,-6606.253,-11.045,113.969,-0.404992,-0.910906,0.078944,0.914173,-0.404963,0.017092,0.016400,0.079090,0.996733,0,0.82317,0.35379,49.390,0.708,-1,375.000,-1,375.000,-1,300.000,300.000,325.000,300.000,-1,500.000,475.000,-1,725.000,675.000,-1,-1,2,0,2,0,2,0,0,0,0,2,0,0,2,0,0,2,2
93,-8727.014,-6561.708,-10.006,114.663,-0.415864,-0.906070,0.078060,0.909227,-0.416035,0.014838,0.019031,0.077145,0.996838,0,0.81694,0.34715,49.017,0.694,-1,375.000,-1,375.000,-1,300.000,300.000,300.000,325.000,-1,475.000,500.000,-1,725.000,675.000,-1,-1,2,0,2,0,2,0,0,0,0,2,0,0,2,0,0,2,2
94,-8747.818,-6517.784,-8.921,115.346,-0.426507,-0.901180,0.077240,0.904227,-0.426866,0.012635,0.021585,0.075232,0.996932,0,0.81002,0.34141,48.601,0.683,-1,375.000,-1,375.000,-1,300.000,300.000,300.000,325.000,-1,475.000,500.000,-1,725.000,675.000,-1,-1,2,0,2,0,2,0,0,0,0,2,0,0,2,0,0,2,2
95,-8768.938,-6474.514,-7.778,116.019,-0.436951,-0.896225,0.076513,0.899164,-0.437484,0.010552,0.024017,0.073409,0.997013,0,0.80250,0.33658,48.150,0.673,-1,375.000,-1,375.000,-1,325.000,300.000,300.000,325.000,-1,475.000,525.000,-1,725.000,700.000,-1,-1,2,0,2,0,2,0,0,0,0,2,0,0,2,0,0,2,2
96,-8789.964,-6433.125,-6.474,116.932,-0.451085,-0.889225,0.076164,0.892095,-0.451755,0.009179,0.026245,0.072086,0.997053,0,0.77373,0.45658,46.424,0.913,-1,375.000,-1,375.000,-1,325.000,300.000,300.000,325.000,-1,500.000,550.000,-1,750.000,700.000,-1,-1,2,0,2,0,2,0,0,0,0,2,0,0,2,0,0,2,2
97,-8811.612,-6392.326,-5.110,117.952,-0.466753,-0.881128,0.075857,0.883926,-0.467562,0.007814,0.028583,0.070699,0.997088,0,0.76978,0.51009,46.187,1.020,-1,375.000,-1,375.000,-1,325.000,300.000,300.000,325.000,-1,525.000,575.000,-1,750.000,700.000,-1,-1,2,0,2,0,2,0,0,0,0,2,0,0,2,0,0,2,2
98,-8833.859,-6352.144,-3.566,118.971,-0.482213,-0.872732,0.076219,0.875495,-0.483185,0.006358,0.031279,0.069795,0.997071,0,0.76550,0.50935,45.930,1.019,-1,400.000,-1,375.000,-1,325.000,300.000,300.000,325.000,-1,525.000,575.000,-1,775.000,700.000,-1,-1,2,0,2,0,2,0,0,0,0,2,0,0,2,0,0,2,2
99,-8856.685,-6312.589,-1.974,119.989,-0.497516,-0.864068,0.076580,0.866792,-0.498646,0.004950,0.033909,0.068841,0.997051,0,0.76115,0.50897,45.669,1.018,-1,400.000,-1,375.000,-1,325.000,325.000,300.000,300.000,-1,550.000,600.000,-1,775.000,725.000,-1,-1,2,0,2,0,2,0,0,0,0,2,0,0,2,0,0,2,2
100,-8880.075,-6273.671,-0.336,121.007,-0.512670,-0.855133,0.076928,0.857811,-0.513953,0.003590,0.036467,0.067830,0.997030,0,0.75677,0.50895,45.406,1.018,-1,400.000,-1,375.000,-1,325.000,325.000,300.000,300.000,-1,550.000,625.000,-1,800.000,725.000,-1,-1,2,0,2,0,2,0,0,0,0,2,0,0,2,0,0,2,2
101,-8904.015,-6235.396,1.304,122.025,-0.527684,-0.845913,0.077328,0.848553,-0.529105,0.002469,0.038826,0.066920,0.997003,0,0.75243,0.50928,45.146,1.019,-1,400.000,-1,375.000,-1,325.000,325.000,300.000,300.000,-1,575.000,625.000,-1,800.000,725.000,-1,-1,2,0,2,0,2,0,0,0,0,2,0,0,2,0,0,2,2
102,-8928.493,-6197.767,2.927,123.045,-0.542566,-0.836403,0.077796,0.839015,-0.544105,0.001674,0.040929,0.066180,0.996968,0,0.74818,0.50995,44.891,1.020,-1,400.000,-1,375.000,-1,325.000,325.000,300.000,300.000,-1,600.000,650.000,-1,825.000,750.000,-1,-1,2,0,2,0,2,0,0,0,0,2,0,0,2,0,0,2,2
103,-8953.501,-6160.784,4.586,124.067,-0.557314,-0.826608,0.078238,0.829191,-0.558964,0.000962,0.042937,0.065410,0.996934,0,0.74409,0.51096,44.645,1.022,-1,400.000,-1,400.000,-1,325.000,325.000,300.000,300.000,-1,600.000,675.000,-1,825.000,750.000,-1,-1,2,0,2,0,2,0,0,0,0,2,0,0,2,0,0,2,2
104,-8979.033,-6124.445,6.280,125.092,-0.571930,-0.816523,0.078651,0.819075,-0.573686,0.000330,0.044851,0.064610,0.996902,0,0.74020,0.51230,44.412,1.025,-1,400.000,-1,400.000,-1,325.000,325.000,300.000,300.000,-1,625.000,700.000,-1,850.000,750.000,-1,-1,2,0,2,0,2,0,0,0,0,2,0,0,2,0,0,2,2
105,-9005.082,-6088.746,8.200,126.120,-0.586489,-0.806179,0.078144,0.808643,-0.588299,-0.000184,0.046120,0.063083,0.996942,0,0.73656,0.51396,44.193,1.028,-1,400.000,-1,400.000,-1,325.000,325.000,300.000,300.000,-1,675.000,750.000,-1,850.000,750.000,-1,-1,2,0,2,0,2,0,0,0,0,2,0,0,2,0,0,2,2
106,-9032.182,-6052.660,10.281,126.908,-0.597562,-0.798098,0.077198,0.800454,-0.599394,-0.000689,0.046822,0.061382,0.997016,0,0.75215,0.39396,45.129,0.788,-1,400.000,-1,400.000,-1,325.000,325.000,300.000,300.000,-1,725.000,825.000,-1,850.000,750.000,-1,-1,2,0,2,0,2,0,0,0,0,2,0,0,2,0,0,2,2
107,-9059.526,-6016.965,12.367,127.455,-0.605214,-0.792401,0.076268,0.794660,-0.607053,-0.001190,0.047241,0.059887,0.997087,0,0.74941,0.27396,44.965,0.548,-1,400.000,-1,400.000,-1,325.000,325.000,300.000,300.000,-1,775.000,875.000,-1,850.000,775.000,-1,-1,2,0,2,0,2,0,0,0,0,2,0,0,2,0,0,2,2
108,-9086.984,-5981.518,14.448,127.763,-0.609513,-0.789188,0.075344,0.791359,-0.611350,-0.001679,0.047387,0.058600,0.997156,0,0.74730,0.15396,44.838,0.308,-1,400.000,-1,400.000,-1,325.000,325.000,300.000,300.000,-1,825.000,925.000,-1,850.000,775.000,-1,-1,2,0,2,0,2,0,0,0,0,2,0,0,2,0,0,2,2
109,-9114.429,-5946.175,16.441,127.831,-0.610531,-0.788527,0.074014,0.790596,-0.612335,-0.002155,0.047021,0.057200,0.997255,0,0.74580,0.03396,44.748,0.068,-1,400.000,-1,400.000,-1,325.000,325.000,300.000,300.000,-1,900.000,1000.000,-1,850.000,775.000,-1,-1,2,0,2,0,2,0,0,0,0,2,0,0,2,0,0,2,2
110,-9141.732,-5910.794,18.362,127.659,-0.608264,-0.790426,0.072404,0.792387,-0.610013,-0.002610,0.046230,0.055784,0.997372,0,0.74485,-0.08604,44.691,-0.172,-1,400.000,-1,400.000,-1,325.000,325.000,300.000,300.000,-1,950.000,-1,-1,850.000,775.000,-1,-1,2,0,2,0,2,0,0,0,0,2,0,2,2,0,0,2,2
111,-9168.765,-5875.239,20.260,127.247,-0.602667,-0.794845,0.070802,0.796711,-0.604352,-0.003035,0.045201,0.054580,0.997486,0,0.74441,-0.20604,44.664,-0.412,-1,400.000,-1,400.000,-1,325.000,325.000,300.000,300.000,-1,1000.000,-1,-1,850.000,775.000,-1,-1,2,0,2,0,2,0,0,0,0,2,0,2,2,0,0,2,2
112,-9195.391,-5839.378,22.125,126.595,-0.593686,-0.801715,0.069205,0.803496,-0.595300,-0.003415,0.043936,0.053579,0.997597,0,0.74442,-0.32604,44.665,-0.652,-1,400.000,-1,400.000,-1,325.000,325.000,300.000,300.000,-1,-1,-1,-1,850.000,775.000,-1,-1,2,0,2,0,2,0,0,0,0,2,2,2,2,0,0,2,2
113,-9221.471,-5803.086,23.990,125.703,-0.581239,-0.810914,0.067669,0.812633,-0.582766,-0.003537,0.042304,0.052934,0.997702,0,0.74484,-0.44604,44.690,-0.892,-1,400.000,-1,400.000,-1,325.000,325.000,300.000,300.000,-1,-1,-1,-1,850.000,775.000,-1,-1,2,0,2,0,2,0,0,0,0,2,2,2,2,0,0,2,2
114,-9246.856,-5766.249,25.873,124.571,-0.565211,-0.822270,0.066406,0.823966,-0.566630,-0.003139,0.040209,0.052942,0.997788,0,0.74561,-0.56604,44.737,-1.132,-1,400.000,-1,400.000,-1,325.000,325.000,300.000,300.000,-1,-1,-1,-1,850.000,775.000,-1,-1,2,0,2,0,2,0,0,0,0,2,2,2,2,0,0,2,2
115,-9271.387,-5728.760,27.629,123.199,-0.545447,-0.835585,0.065456,0.837280,-0.546768,-0.002736,0.038075,0.053313,0.997852,0,0.74669,-0.68604,44.801,-1.372,-1,400.000,-1,400.000,-1,325.000,325.000,300.000,300.000,-1,-1,-1,-1,825.000,775.000,-1,-1,2,0,2,0,2,0,0,0,0,2,2,2,2,0,0,2,2
116,-9294.902,-5690.532,29.313,121.597,-0.521962,-0.850519,0.064597,0.852218,-0.523181,-0.002318,0.035768,0.053841,0.997909,0,0.74802,-0.80094,44.881,-1.602,-1,400.000,-1,400.000,-1,325.000,325.000,300.000,300.000,-1,-1,-1,-1,825.000,775.000,-1,-1,2,0,2,0,2,0,0,0,0,2,2,2,2,0,0,2,2
117,-9317.390,-5651.585,30.927,120.002,-0.498164,-0.864730,0.063836,0.866435,-0.499287,-0.001913,0.033526,0.054357,0.997959,0,0.74955,-0.79762,44.973,-1.595,-1,400.000,-1,400.000,-1,325.000,325.000,300.000,300.000,-1,-1,-1,-1,825.000,775.000,-1,-1,2,0,2,0,2,0,0,0,0,2,2,2,2,0,0,2,2
118,-9338.832,-5611.950,32.460,118.413,-0.474078,-0.878218,0.063113,0.879926,-0.475109,-0.001516,0.031317,0.054816,0.998005,0,0.75105,-0.79433,45.063,-1.589,-1,400.000,-1,375.000,-1,325.000,325.000,300.000,300.000,-1,-1,-1,-1,825.000,775.000,-1,-1,2,0,2,0,2,0,0,0,0,2,2,2,2,0,0,2,2
119,-9359.212,-5571.660,33.909,116.831,-0.449728,-0.890981,0.062429,0.892690,-0.450670,-0.001133,0.029144,0.055220,0.998049,0,0.75252,-0.79107,45.151,-1.582,-1,400.000,-1,375.000,-1,325.000,325.000,300.000,300.000,-1,-1,-1,-1,825.000,775.000,-1,-1,2,0,2,0,2,0,0,0,0,2,2,2,2,0,0,2,2
120,-9378.512,-5530.746,35.276,115.255,-0.425136,-0.903019,0.061781,0.904727,-0.425992,-0.000766,0.027010,0.055569,0.998089,0,0.75395,-0.78784,45.237,-1.576,-1,400.000,-1,375.000,-1,325.000,325.000,325.000,300.000,-1,-1,-1,-1,825.000,750.000,-1,-1,2,0,2,0,2,0,0,0,0,2,2,2,2,0,0,2,2
121,-9396.719,-5489.242,36.538,113.686,-0.400319,-0.914335,0.061117,0.916035,-0.401098,-0.000517,0.024987,0.055778,0.998130,0,0.75536,-0.78463,45.321,-1.569,-1,400.000,-1,400.000,-1,325.000,325.000,325.000,300.000,-1,-1,-1,-1,825.000,750.000,-1,-1,2,0,2,0,2,0,0,0,0,2,2,2,2,0,0,2,2
122,-9413.818,-5447.180,37.602,112.123,-0.375291,-0.924951,0.060192,0.926612,-0.376017,-0.000805,0.023378,0.055473,0.998186,0,0.75673,-0.78145,45.404,-1.563,-1,400.000,-1,400.000,-1,325.000,325.000,325.000,300.000,-1,-1,-1,-1,800.000,775.000,-1,-1,2,0,2,0,2,0,0,0,0,2,2,2,2,0,0,2,2
123,-9429.796,-5404.595,38.592,110.566,-0.350083,-0.934840,0.059292,0.936465,-0.350759,-0.001055,0.021783,0.055155,0.998240,0,0.75807,-0.77830,45.484,-1.557,-1,400.000,-1,400.000,-1,325.000,325.000,325.000,300.000,-1,-1,-1,-1,800.000,775.000,-1,-1,2,0,2,0,2,0,0,0,0,2,2,2,2,0,0,2,2
124,-9444.641,-5361.518,39.509,109.016,-0.324718,-0.944005,0.058418,0.945595,-0.325343,-0.001271,0.020206,0.054827,0.998291,0,0.75937,-0.77518,45.562,-1.550,-1,400.000,-1,400.000,-1,325.000,325.000,325.000,300.000,-1,-1,-1,-1,800.000,775.000,-1,-1,2,0,2,0,2,0,0,0,0,2,2,2,2,0,0,2,2
125,-9458.343,-5317.985,40.354,107.472,-0.299215,-0.952448,0.057567,0.954004,-0.299792,-0.001455,0.018644,0.054484,0.998341,0,0.76064,-0.77209,45.639,-1.544,-1,400.000,-1,400.000,-1,325.000,325.000,300.000,300.000,-1,-1,-1,-1,800.000,775.000,-1,-1,2,0,2,0,2,0,0,0,0,2,2,2,2,0,0,2,2
126,-9470.892,-5274.027,41.059,105.934,-0.273603,-0.960157,0.056927,0.961694,-0.274121,-0.001345,0.016896,0.054379,0.998377,0,0.76188,-0.76903,45.713,-1.538,-1,400.000,-1,400.000,-1,325.000,325.000,300.000,300.000,-1,-1,-1,-1,800.000,775.000,-1,-1,2,0,2,0,2,0,0,0,0,2,2,2,2,0,0,2,2
127,-9482.280,-5229.681,41.654,104.402,-0.247898,-0.967140,0.056443,0.968669,-0.248352,-0.001067,0.015050,0.054411,0.998405,0,0.76308,-0.76601,45.785,-1.532,-1,400.000,-1,400.000,-1,325.000,325.000,300.000,300.000,-1,-1,-1,-1,800.000,775.000,-1,-1,2,0,2,0,2,0,0,0,0,2,2,2,2,0,0,2,2
128,-9492.626,-5184.411,42.192,102.874,-0.222085,-0.973416,0.056029,0.974938,-0.222475,-0.000747,0.013192,0.054459,0.998429,0,0.77393,-0.76397,46.436,-1.528,-1,400.000,-1,400.000,-1,325.000,325.000,300.000,300.000,-1,-1,-1,-1,800.000,775.000,-1,-1,2,0,2,0,2,0,0,0,0,2,2,2,2,0,0,2,2
129,-9501.764,-5138.874,42.639,101.347,-0.196141,-0.979000,0.055571,0.980512,-0.196461,-0.000299,0.011210,0.054429,0.998455,0,0.77407,-0.76338,46.444,-1.527,-1,400.000,-1,400.000,-1,325.000,325.000,300.000,300.000,-1,-1,-1,-1,800.000,775.000,-1,-1,2,0,2,0,2,0,0,0,0,2,2,2,2,0,0,2,2
130,-9510.486,-5089.708,43.050,100.060,-0.174174,-0.983171,0.055120,0.984670,-0.174428,0.000212,0.009406,0.054312,0.998480,0,0.83224,-0.64338,49.934,-1.287,-1,400.000,-1,400.000,-1,325.000,325.000,300.000,300.000,-1,-1,-1,-1,800.000,800.000,-1,-1,2,0,2,0,2,0,0,0,0,2,2,2,2,0,0,2,2
131,-9518.309,-5040.392,43.408,99.014,-0.156244,-0.986201,0.054726,0.987687,-0.156439,0.000729,0.007842,0.054166,0.998501,0,0.83220,-0.52338,49.932,-1.047,-1,400.000,-1,400.000,-1,325.000,325.000,300.000,300.000,-1,-1,-1,-1,775.000,800.000,-1,-1,2,0,2,0,2,0,0,0,0,2,2,2,2,0,0,2,2
132,-9525.435,-4990.980,43.725,98.207,-0.142395,-0.988315,0.054373,0.989788,-0.142539,0.001246,0.006519,0.053995,0.998520,0,0.83205,-0.40338,49.923,-0.807,-1,400.000,-1,400.000,-1,325.000,325.000,300.000,300.000,-1,-1,-1,-1,775.000,800.000,-1,-1,2,0,2,0,2,0,0,0,0,2,2,2,2,0,0,2,2
133,-9531.947,-4941.499,44.006,97.498,-0.130200,-0.990013,0.054055,0.991474,-0.130296,0.001759,0.005302,0.053823,0.998536,0,0.83180,-0.35459,49.908,-0.709,-1,400.000,-1,400.000,-1,325.000,325.000,300.000,300.000,-1,-1,-1,-1,775.000,800.000,-1,-1,2,0,2,0,2,0,0,0,0,2,2,2,2,0,0,2,2
134,-9537.846,-4891.957,44.250,96.790,-0.118014,-0.991555,0.053773,0.993003,-0.118064,0.002268,0.004100,0.053664,0.998551,0,0.83152,-0.35373,49.891,-0.707,-1,400.000,-1,400.000,-1,325.000,325.000,300.000,300.000,-1,-1,-1,-1,775.000,800.000,-1,-1,2,0,2,0,2,0,0,0,0,2,2,2,2,0,0,2,2
135,-9543.132,-4842.361,44.456,96.085,-0.105843,-0.992941,0.053527,0.994379,-0.105846,0.002774,0.002911,0.053520,0.998563,0,0.83128,-0.35276,49.877,-0.706,-1,400.000,-1,400.000,-1,325.000,325.000,300.000,300.000,-1,-1,-1,-1,775.000,800.000,-1,-1,2,0,2,0,2,0,0,0,0,2,2,2,2,0,0,2,2
136,-9547.808,-4792.716,44.626,95.381,-0.093691,-0.994173,0.053318,0.995600,-0.093649,0.003280,0.001733,0.053391,0.998572,0,0.83107,-0.35170,49.864,-0.703,-1,400.000,-1,400.000,-1,325.000,325.000,300.000,300.000,-1,-1,-1,-1,775.000,800.000,-1,-1,2,0,2,0,2,0,0,0,0,2,2,2,2,0,0,2,2
137,-9551.876,-4743.028,44.759,94.680,-0.081564,-0.995250,0.053146,0.996668,-0.081478,0.003785,0.000564,0.053277,0.998580,0,0.83090,-0.35053,49.854,-0.701,-1,400.000,-1,400.000,-1,325.000,325.000,300.000,325.000,-1,-1,-1,-1,775.000,800.000,-1,-1,2,0,2,0,2,0,0,0,0,2,2,2,2,0,0,2,2
138,-9555.337,-4693.301,44.856,93.982,-0.069469,-0.996175,0.053010,0.997584,-0.069339,0.004290,-0.000598,0.053180,0.998585,0,0.83077,-0.34927,49.846,-0.699,-1,400.000,-1,400.000,-1,325.000,325.000,300.000,325.000,-1,-1,-1,-1,775.000,800.000,-1,-1,2,0,2,0,2,0,0,0,0,2,2,2,2,0,0,2,2
