timestep,x_cm,y_cm,z_cm,yaw_deg,basis_xx,basis_xy,basis_xz,basis_yx,basis_yy,basis_yz,basis_zx,basis_zy,basis_zz,teleport_flag,throttle_cmd,steering_cmd,cmd_move_cm,cmd_turn_deg,lidar_cm_0,lidar_cm_1,lidar_cm_2,lidar_cm_3,lidar_cm_4,lidar_cm_5,lidar_cm_6,lidar_cm_7,lidar_cm_8,lidar_cm_9,lidar_cm_10,lidar_cm_11,lidar_cm_12,lidar_cm_13,lidar_cm_14,lidar_cm_15,lidar_cm_16,lidar_class_0,lidar_class_1,lidar_class_2,lidar_class_3,lidar_class_4,lidar_class_5,lidar_class_6,lidar_class_7,lidar_class_8,lidar_class_9,lidar_class_10,lidar_class_11,lidar_class_12,lidar_class_13,lidar_class_14,lidar_class_15,lidar_class_16
0,9512.317,8194.533,202.513,105.793,-0.271401,-0.961918,0.032477,0.962101,-0.272074,-0.018387,0.026523,0.026255,0.999303,1,-0.08000,-0.05317,-4.800,-0.106,-1,375.000,-1,400.000,-1,325.000,325.000,300.000,300.000,-1,-1,-1,-1,700.000,825.000,-1,-1,2,0,2,0,2,0,0,0,0,2,2,2,2,0,0,2,2
1,9514.913,8185.291,202.235,105.687,-0.269617,-0.962424,0.032366,0.962602,-0.270288,-0.018475,0.026528,0.026174,0.999305,0,-0.16000,-0.05317,-9.600,-0.106,-1,375.000,-1,400.000,-1,325.000,325.000,300.000,300.000,-1,-1,-1,-1,700.000,825.000,-1,-1,2,0,2,0,2,0,0,0,0,2,2,2,2,0,0,2,2
2,9518.781,8171.420,201.821,105.581,-0.267833,-0.962928,0.032190,0.963099,-0.268503,-0.018613,0.026566,0.026017,0.999308,0,-0.24000,-0.05317,-14.400,-0.106,-1,375.000,-1,400.000,-1,325.000,325.000,300.000,300.000,-1,-1,-1,-1,700.000,825.000,-1,-1,2,0,2,0,2,0,0,0,0,2,2,2,2,0,0,2,2
3,9523.904,8152.916,201.274,105.474,-0.266048,-0.963430,0.031948,0.963591,-0.266717,-0.018810,0.026643,0.025781,0.999313,0,-0.32000,-0.05317,-19.200,-0.106,-1,375.000,-1,400.000,-1,325.000,325.000,300.000,300.000,-1,-1,-1,-1,700.000,825.000,-1,-1,2,0,2,0,2,0,0,0,0,2,2,2,2,0,0,2,2
4,9529.999,8130.738,200.624,105.368,-0.264264,-0.963931,0.031653,0.964079,-0.264930,-0.019062,0.026760,0.025478,0.999317,0,-0.38334,-0.05317,-23.000,-0.106,-1,375.000,-1,400.000,-1,325.000,325.000,300.000,300.000,-1,-1,-1,-1,725.000,825.000,-1,-1,2,0,2,0,2,0,0,0,0,2,2,2,2,0,0,2,2
5,9536.053,8108.549,199.980,105.262,-0.262478,-0.964429,0.031353,0.964563,-0.263143,-0.019332,0.026894,0.025168,0.999321,0,-0.38334,-0.05317,-23.000,-0.106,-1,375.000,-1,400.000,-1,325.000,325.000,300.000,300.000,-1,-1,-1,-1,725.000,825.000,-1,-1,2,0,2,0,2,0,0,0,0,2,2,2,2,0,0,2,2
6,9542.067,8086.348,199.342,105.155,-0.260690,-0.964923,0.031050,0.965044,-0.261354,-0.019619,0.027046,0.024850,0.999325,0,-0.38334,-0.05317,-23.000,-0.106,-1,375.000,-1,400.000,-1,325.000,325.000,300.000,300.000,-1,-1,-1,-1,725.000,825.000,-1,-1,2,0,2,0,2,0,0,0,0,2,2,2,2,0,0,2,2
7,9548.039,8064.137,198.710,105.049,-0.258902,-0.965414,0.030742,0.965520,-0.259565,-0.019924,0.027215,0.024524,0.999329,0,-0.38334,-0.05317,-23.000,-0.106,-1,375.000,-1,400.000,-1,325.000,325.000,300.000,300.000,-1,-1,-1,-1,725.000,825.000,-1,-1,2,0,2,0,2,0,0,0,0,2,2,2,2,0,0,2,2
8,9553.969,8041.914,198.084,104.943,-0.257113,-0.965902,0.030431,0.965993,-0.257775,-0.020246,0.027400,0.024191,0.999332,0,-0.38334,-0.05317,-23.000,-0.106,-1,375.000,-1,400.000,-1,325.000,325.000,300.000,300.000,-1,-1,-1,-1,725.000,825.000,-1,-1,2,0,2,0,2,0,0,0,0,2,2,2,2,0,0,2,2
9,9559.859,8019.681,197.464,104.836,-0.255322,-0.966387,0.030115,0.966462,-0.255984,-0.020585,0.027602,0.023850,0.999334,0,-0.38334,-0.05317,-23.000,-0.106,-1,375.000,-1,400.000,-1,325.000,325.000,300.000,300.000,-1,-1,-1,-1,725.000,825.000,-1,-1,2,0,2,0,2,0,0,0,0,2,2,2,2,0,0,2,2
10,9565.707,7997.436,196.850,104.730,-0.253531,-0.966868,0.029796,0.966927,-0.254192,-0.020941,0.027821,0.023501,0.999337,0,-0.38334,-0.05317,-23.000,-0.106,-1,375.000,-1,400.000,-1,325.000,325.000,300.000,300.000,-1,-1,-1,-1,725.000,825.000,-1,-1,2,0,2,0,2,0,0,0,0,2,2,2,2,0,0,2,2
11,9571.514,7975.181,196.242,104.624,-0.251739,-0.967346,0.029472,0.967389,-0.252399,-0.021313,0.028056,0.023146,0.999338,0,-0.38334,-0.05317,-23.000,-0.106,-1,400.000,-1,400.000,-1,325.000,325.000,300.000,300.000,-1,-1,-1,-1,725.000,825.000,-1,-1,2,0,2,0,2,0,0,0,0,2,2,2,2,0,0,2,2
12,9577.292,7952.862,195.638,104.514,-0.249884,-0.967837,0.029144,0.967862,-0.250544,-0.021703,0.028307,0.022784,0.999340,0,-0.38424,-0.05498,-23.054,-0.110,-1,400.000,-1,400.000,-1,325.000,325.000,300.000,300.000,-1,-1,-1,-1,725.000,825.000,-1,-1,2,0,2,0,2,0,0,0,0,2,2,2,2,0,0,2,2
13,9583.071,7930.337,195.041,104.390,-0.247798,-0.968383,0.028834,0.968390,-0.248459,-0.022123,0.028588,0.022440,0.999339,0,-0.38759,-0.06177,-23.255,-0.124,-1,400.000,-1,400.000,-1,325.000,325.000,300.000,300.000,-1,-1,-1,-1,725.000,850.000,-1,-1,2,0,2,0,2,0,0,0,0,2,2,2,2,0,0,2,2
14,9588.845,7907.607,194.440,104.253,-0.245482,-0.968982,0.028498,0.968971,-0.246143,-0.022566,0.028880,0.022075,0.999339,0,-0.39086,-0.06855,-23.452,-0.137,-1,400.000,-1,400.000,-1,325.000,325.000,300.000,300.000,-1,-1,-1,-1,725.000,850.000,-1,-1,2,0,2,0,2,0,0,0,0,2,2,2,2,0,0,2,2
15,9594.606,7884.676,193.835,104.102,-0.242936,-0.969634,0.028133,0.969603,-0.243596,-0.023031,0.029185,0.021683,0.999339,0,-0.39405,-0.07532,-23.643,-0.151,-1,400.000,-1,400.000,-1,325.000,325.000,300.000,300.000,-1,-1,-1,-1,725.000,850.000,-1,-1,2,0,2,0,2,0,0,0,0,2,2,2,2,0,0,2,2
16,9600.346,7861.549,193.229,103.938,-0.240161,-0.970337,0.027741,0.970285,-0.240820,-0.023515,0.029498,0.021269,0.999339,0,-0.39715,-0.08206,-23.829,-0.164,-1,400.000,-1,400.000,-1,325.000,325.000,300.000,300.000,-1,-1,-1,-1,750.000,850.000,-1,-1,2,0,2,0,2,0,0,0,0,2,2,2,2,0,0,2,2
17,9606.057,7838.230,192.621,103.761,-0.237156,-0.971087,0.027321,0.971014,-0.237814,-0.024016,0.029819,0.020834,0.999338,0,-0.40014,-0.08877,-24.008,-0.178,-1,400.000,-1,400.000,-1,325.000,325.000,300.000,300.000,-1,-1,-1,-1,750.000,850.000,-1,-1,2,0,2,0,2,0,0,0,0,2,2,2,2,0,0,2,2
18,9611.731,7814.724,191.956,103.570,-0.233923,-0.971879,0.027035,0.971793,-0.234579,-0.024327,0.029985,0.020582,0.999338,0,-0.40302,-0.09544,-24.181,-0.191,-1,400.000,-1,400.000,-1,325.000,325.000,300.000,300.000,-1,-1,-1,-1,750.000,850.000,-1,-1,2,0,2,0,2,0,0,0,0,2,2,2,2,0,0,2,2
19,9617.359,7791.036,191.204,103.366,-0.230457,-0.972708,0.027006,0.972620,-0.231114,-0.024440,0.030014,0.020634,0.999336,0,-0.40578,-0.10207,-24.347,-0.204,-1,400.000,-1,400.000,-1,325.000,325.000,300.000,300.000,-1,-1,-1,-1,750.000,850.000,-1,-1,2,0,2,0,2,0,0,0,0,2,2,2,2,0,0,2,2
20,9622.933,7767.174,190.395,103.148,-0.226755,-0.973572,0.027184,0.973484,-0.227423,-0.024663,0.030193,0.020871,0.999326,0,-0.40842,-0.10864,-24.505,-0.217,-1,400.000,-1,400.000,-1,325.000,325.000,300.000,300.000,-1,-1,-1,-1,750.000,850.000,-1,-1,2,0,2,0,2,0,0,0,0,2,2,2,2,0,0,2,2
21,9628.445,7743.143,189.581,102.918,-0.222828,-0.974474,0.027356,0.974385,-0.223506,-0.024896,0.030375,0.021107,0.999316,0,-0.41091,-0.11516,-24.655,-0.230,-1,400.000,-1,400.000,-1,325.000,325.000,300.000,300.000,-1,-1,-1,-1,750.000,850.000,-1,-1,2,0,2,0,2,0,0,0,0,2,2,2,2,0,0,2,2
22,9633.885,7718.952,188.762,102.675,-0.218678,-0.975409,0.027519,0.975319,-0.219367,-0.025139,0.030557,0.021343,0.999305,0,-0.41326,-0.12160,-24.795,-0.243,-1,400.000,-1,400.000,-1,325.000,325.000,300.000,300.000,-1,-1,-1,-1,750.000,825.000,-1,-1,2,0,2,0,2,0,0,0,0,2,2,2,2,0,0,2,2
23,9639.245,7694.609,187.940,102.419,-0.214307,-0.976374,0.027675,0.976282,-0.215007,-0.025390,0.030741,0.021577,0.999294,0,-0.41544,-0.12796,-24.927,-0.256,-1,400.000,-1,400.000,-1,325.000,325.000,300.000,300.000,-1,-1,-1,-1,750.000,825.000,-1,-1,2,0,2,0,2,0,0,0,0,2,2,2,2,0,0,2,2
24,9644.517,7670.122,187.114,102.150,-0.209718,-0.977366,0.027823,0.977273,-0.210428,-0.025650,0.030925,0.021812,0.999284,0,-0.41747,-0.13424,-25.048,-0.268,-1,400.000,-1,400.000,-1,325.000,325.000,300.000,300.000,-1,-1,-1,-1,750.000,825.000,-1,-1,2,0,2,0,2,0,0,0,0,2,2,2,2,0,0,2,2
25,9649.692,7645.501,186.285,101.870,-0.204914,-0.978381,0.027964,0.978286,-0.205634,-0.025919,0.031109,0.022046,0.999273,0,-0.41932,-0.14041,-25.159,-0.281,-1,400.000,-1,400.000,-1,325.000,325.000,300.000,300.000,-1,-1,-1,-1,750.000,825.000,-1,-1,2,0,2,0,2,0,0,0,0,2,2,2,2,0,0,2,2
26,9653.865,7625.574,185.612,101.829,-0.204208,-0.978526,0.028047,0.978426,-0.204937,-0.026160,0.031346,0.022100,0.999264,0,-0.33932,-0.02041,-20.359,-0.041,-1,400.000,-1,400.000,-1,325.000,325.000,300.000,300.000,-1,-1,-1,-1,775.000,825.000,-1,-1,2,0,2,0,2,0,0,0,0,2,2,2,2,0,0,2,2
27,9657.108,7610.357,185.091,102.028,-0.207604,-0.977810,0.028079,0.977701,-0.208338,-0.026372,0.031637,0.021978,0.999258,0,-0.25932,0.09959,-15.559,0.199,-1,400.000,-1,400.000,-1,325.000,325.000,300.000,300.000,-1,-1,-1,-1,775.000,825.000,-1,-1,2,0,2,0,2,0,0,0,0,2,2,2,2,0,0,2,2
28,9659.430,7599.851,184.723,102.467,-0.215091,-0.976191,0.028064,0.976070,-0.215828,-0.026556,0.031980,0.021681,0.999253,0,-0.17932,0.21959,-10.759,0.439,-1,400.000,-1,400.000,-1,325.000,325.000,300.000,300.000,-1,-1,-1,-1,775.000,825.000,-1,-1,2,0,2,0,2,0,0,0,0,2,2,2,2,0,0,2,2
29,9660.786,7594.049,184.510,103.146,-0.226650,-0.973574,0.028006,0.973438,-0.227386,-0.026709,0.032371,0.021209,0.999251,0,-0.09932,0.33959,-5.959,0.679,-1,400.000,-1,400.000,-1,325.000,325.000,300.000,300.000,-1,-1,-1,-1,775.000,825.000,-1,-1,2,0,2,0,2,0,0,0,0,2,2,2,2,0,0,2,2
30,9661.068,7592.925,184.456,104.065,-0.242244,-0.969814,0.027909,0.969661,-0.242978,-0.026831,0.032802,0.020563,0.999250,0,-0.01932,0.45959,-1.159,0.919,-1,400.000,-1,400.000,-1,325.000,325.000,300.000,300.000,-1,-1,-1,-1,775.000,825.000,-1,-1,2,0,2,0,2,0,0,0,0,2,2,2,2,0,0,2,2
31,9660.112,7596.438,184.566,105.225,-0.261824,-0.964716,0.027777,0.964542,-0.262552,-0.026921,0.033264,0.019744,0.999252,0,0.06068,0.57959,3.641,1.159,-1,400.000,-1,400.000,-1,325.000,325.000,300.000,300.000,-1,-1,-1,-1,775.000,825.000,-1,-1,2,0,2,0,2,0,0,0,0,2,2,2,2,0,0,2,2
32,9657.697,7604.526,184.847,106.624,-0.285317,-0.958035,0.027613,0.957839,-0.286036,-0.026978,0.033745,0.018752,0.999255,0,0.14068,0.69959,8.441,1.399,-1,400.000,-1,400.000,-1,325.000,325.000,300.000,300.000,-1,-1,-1,-1,775.000,825.000,-1,-1,2,0,2,0,2,0,0,0,0,2,2,2,2,0,0,2,2
33,9653.588,7617.113,185.308,108.080,-0.309590,-0.950474,0.027438,0.950256,-0.310298,-0.026978,0.034156,0.017721,0.999259,0,0.22068,0.72818,13.241,1.456,-1,400.000,-1,400.000,-1,325.000,325.000,300.000,300.000,-1,-1,-1,-1,750.000,825.000,-1,-1,2,0,2,0,2,0,0,0,0,2,2,2,2,0,0,2,2
34,9647.553,7634.115,185.956,109.544,-0.333784,-0.942255,0.027256,0.942019,-0.334479,-0.026911,0.034474,0.016693,0.999266,0,0.30068,0.73177,18.041,1.464,-1,400.000,-1,400.000,-1,325.000,325.000,300.000,300.000,-1,-1,-1,-1,750.000,825.000,-1,-1,2,0,2,0,2,0,0,0,0,2,2,2,2,0,0,2,2
35,9639.362,7655.437,186.794,111.017,-0.357928,-0.933357,0.027063,0.933104,-0.358607,-0.026779,0.034699,0.015668,0.999275,0,0.38068,0.73685,22.841,1.474,-1,400.000,-1,400.000,-1,325.000,325.000,300.000,300.000,-1,-1,-1,-1,750.000,825.000,-1,-1,2,0,2,0,2,0,0,0,0,2,2,2,2,0,0,2,2
36,9628.782,7680.973,187.826,112.504,-0.382051,-0.923751,0.026855,0.923485,-0.382713,-0.026586,0.034836,0.014643,0.999286,0,0.46068,0.74351,27.641,1.487,-1,400.000,-1,400.000,-1,325.000,325.000,300.000,300.000,-1,-1,-1,-1,750.000,800.000,-1,-1,2,0,2,0,2,0,0,0,0,2,2,2,2,0,0,2,2
37,9615.583,7710.607,189.055,114.008,-0.406185,-0.913403,0.026624,0.913125,-0.406829,-0.026341,0.034891,0.013612,0.999298,0,0.54068,0.75187,32.441,1.504,-1,400.000,-1,400.000,-1,325.000,325.000,300.000,300.000,-1,-1,-1,-1,750.000,800.000,-1,-1,2,0,2,0,2,0,0,0,0,2,2,2,2,0,0,2,2
38,9599.532,7744.212,190.427,115.532,-0.430350,-0.902270,0.026608,0.901982,-0.430983,-0.026115,0.035030,0.012761,0.999305,0,0.62068,0.76202,37.241,1.524,-1,400.000,-1,400.000,-1,325.000,325.000,300.000,300.000,-1,-1,-1,-1,750.000,800.000,-1,-1,2,0,2,0,2,0,0,0,0,2,2,2,2,0,0,2,2
39,9580.393,7781.644,191.911,117.080,-0.454571,-0.890303,0.026939,0.890009,-0.455205,-0.025937,0.035354,0.012186,0.999301,0,0.70068,0.77407,42.041,1.548,-1,400.000,-1,400.000,-1,325.000,325.000,300.000,300.000,-1,-1,-1,-1,750.000,800.000,-1,-1,2,0,2,0,2,0,0,0,0,2,2,2,2,0,0,2,2
40,9558.123,7822.852,193.487,118.388,-0.474775,-0.879680,0.027426,0.879400,-0.475412,-0.025259,0.035259,0.012126,0.999305,0,0.78068,0.65407,46.841,1.308,-1,400.000,-1,400.000,-1,325.000,325.000,300.000,300.000,-1,-1,-1,-1,725.000,800.000,-1,-1,2,0,2,0,2,0,0,0,0,2,2,2,2,0,0,2,2
41,9532.727,7867.817,195.189,119.457,-0.491089,-0.870661,0.027937,0.870411,-0.491727,-0.024295,0.034890,0.012386,0.999314,0,0.86068,0.53407,51.641,1.068,-1,400.000,-1,400.000,-1,325.000,325.000,300.000,300.000,-1,-1,-1,-1,725.000,775.000,-1,-1,2,0,2,0,2,0,0,0,0,2,2,2,2,0,0,2,2
42,9504.264,7916.555,197.079,120.285,-0.503621,-0.863461,0.028309,0.863236,-0.504258,-0.023406,0.034485,0.012650,0.999325,0,0.94068,0.41407,56.441,0.828,-1,400.000,-1,400.000,-1,325.000,325.000,300.000,300.000,-1,-1,-1,-1,725.000,775.000,-1,-1,2,0,2,0,2,0,0,0,0,2,2,2,2,0,0,2,2
43,9474.695,7966.015,199.028,120.873,-0.512462,-0.858237,0.028498,0.858032,-0.513093,-0.022711,0.034114,0.012814,0.999336,0,0.96042,0.29407,57.625,0.588,-1,375.000,-1,400.000,-1,325.000,325.000,300.000,300.000,-1,-1,-1,-1,725.000,775.000,-1,-1,2,0,2,0,2,0,0,0,0,2,2,2,2,0,0,2,2
44,9444.825,8015.295,200.967,121.221,-0.517673,-0.855102,0.028553,0.854914,-0.518298,-0.022119,0.033713,0.012960,0.999348,0,0.96042,0.17407,57.625,0.348,-1,375.000,-1,400.000,-1,325.000,325.000,300.000,300.000,-1,-1,-1,-1,700.000,750.000,-1,-1,2,0,2,0,2,0,0,0,0,2,2,2,2,0,0,2,2
45,9414.863,8064.518,202.923,121.329,-0.519293,-0.854120,0.028518,0.853947,-0.519910,-0.021635,0.033306,0.013118,0.999359,0,0.96042,0.05407,57.625,0.108,-1,375.000,-1,400.000,-1,325.000,325.000,300.000,300.000,-1,-1,-1,-1,700.000,750.000,-1,-1,2,0,2,0,2,0,0,0,0,2,2,2,2,0,0,2,2
46,9384.860,8113.716,205.035,121.376,-0.519974,-0.853687,0.029093,0.853529,-0.520607,-0.021391,0.033407,0.013709,0.999348,0,0.96042,0.02352,57.625,0.047,-1,375.000,-1,375.000,-1,300.000,325.000,300.000,325.000,-1,-1,-1,-1,700.000,750.000,-1,-1,2,0,2,0,2,0,0,0,0,2,2,2,2,0,0,2,2
47,9354.817,8162.890,207.192,121.423,-0.520652,-0.853253,0.029696,0.853105,-0.521304,-0.021319,0.033671,0.014234,0.999332,0,0.96042,0.02352,57.625,0.047,-1,375.000,-1,375.000,-1,300.000,325.000,300.000,325.000,-1,-1,-1,-1,675.000,750.000,-1,-1,2,0,2,0,2,0,0,0,0,2,2,2,2,0,0,2,2
48,9324.733,8212.039,209.395,121.470,-0.521326,-0.852819,0.030328,0.852676,-0.522001,-0.021418,0.034097,0.014694,0.999311,0,0.96042,0.02352,57.625,0.047,-1,375.000,-1,375.000,-1,300.000,300.000,300.000,325.000,-1,-1,-1,-1,675.000,750.000,-1,-1,2,0,2,0,2,0,0,0,0,2,2,2,2,0,0,2,2
49,9294.609,8261.163,211.644,121.517,-0.521996,-0.852385,0.030989,0.852242,-0.522698,-0.021690,0.034686,0.015088,0.999284,0,0.96042,0.02352,57.625,0.047,-1,375.000,-1,375.000,-1,300.000,300.000,300.000,325.000,-1,-1,-1,-1,675.000,750.000,-1,-1,2,0,2,0,2,0,0,0,0,2,2,2,2,0,0,2,2
50,9264.444,8310.262,213.939,121.564,-0.522662,-0.851951,0.031679,0.851803,-0.523395,-0.022135,0.035438,0.015416,0.999253,0,0.96042,0.02352,57.625,0.047,-1,375.000,-1,375.000,-1,300.000,300.000,300.000,325.000,-1,-1,-1,-1,675.000,750.000,-1,-1,2,0,2,0,2,0,0,0,0,2,2,2,2,0,0,2,2
51,9234.240,8359.337,216.254,121.611,-0.523303,-0.851512,0.032876,0.851358,-0.524089,-0.022809,0.036652,0.016053,0.999199,0,0.96042,0.02352,57.625,0.047,-1,375.000,-1,375.000,-1,300.000,300.000,300.000,325.000,-1,-1,-1,-1,675.000,750.000,-1,-1,2,0,2,0,2,0,0,0,0,2,2,2,2,0,0,2,2
52,9203.994,8408.387,218.510,121.659,-0.523911,-0.851068,0.034657,0.850908,-0.524779,-0.023723,0.038377,0.017061,0.999118,0,0.96042,0.02352,57.625,0.047,-1,375.000,-1,400.000,-1,300.000,325.000,325.000,325.000,-1,-1,-1,-1,675.000,750.000,-1,-1,2,0,2,0,2,0,0,0,0,2,2,2,2,0,0,2,2
53,9173.423,8458.342,220.832,121.466,-0.520947,-0.852814,0.036375,0.852650,-0.521900,-0.024683,0.040034,0.018157,0.999033,0,0.97611,-0.09648,58.567,-0.193,-1,375.000,-1,400.000,-1,300.000,325.000,325.000,325.000,-1,-1,-1,-1,675.000,750.000,-1,-1,2,0,2,0,2,0,0,0,0,2,2,2,2,0,0,2,2
54,9143.230,8508.526,223.080,121.033,-0.514388,-0.856708,0.038152,0.856562,-0.515426,-0.025265,0.041310,0.019684,0.998952,0,0.97611,-0.21648,58.567,-0.433,-1,375.000,-1,400.000,-1,300.000,325.000,325.000,325.000,-1,-1,-1,-1,675.000,750.000,-1,-1,2,0,2,0,2,0,0,0,0,2,2,2,2,0,0,2,2
55,9113.452,8558.958,225.354,120.559,-0.507192,-0.860910,0.039882,0.860774,-0.508319,-0.026057,0.042705,0.021113,0.998865,0,0.97611,-0.23655,58.567,-0.473,-1,375.000,-1,400.000,-1,300.000,325.000,325.000,325.000,-1,-1,-1,-1,700.000,775.000,-1,-1,2,0,2,0,2,0,0,0,0,2,2,2,2,0,0,2,2
56,9084.092,8609.634,227.666,120.086,-0.499959,-0.865054,0.041503,0.864920,-0.501180,-0.027046,0.044197,0.022375,0.998772,0,0.97611,-0.23655,58.567,-0.473,-1,375.000,-1,400.000,-1,300.000,325.000,325.000,325.000,-1,-1,925.000,-1,700.000,775.000,-1,-1,2,0,2,0,2,0,0,0,0,2,2,0,2,0,0,2,2
57,9055.150,8660.550,230.180,119.613,-0.492689,-0.869128,0.043290,0.869028,-0.494000,-0.027460,0.045252,0.024091,0.998685,0,0.97611,-0.23655,58.567,-0.473,-1,375.000,-1,400.000,-1,300.000,325.000,325.000,325.000,-1,-1,850.000,-1,700.000,800.000,-1,-1,2,0,2,0,2,0,0,0,0,2,2,0,2,0,0,2,2
58,9026.631,8711.704,232.768,119.140,-0.485388,-0.873141,0.044974,0.873077,-0.486787,-0.027846,0.046207,0.025749,0.998600,0,0.97611,-0.23655,58.567,-0.473,-1,375.000,-1,400.000,-1,300.000,325.000,300.000,325.000,-1,950.000,775.000,-1,700.000,800.000,-1,-1,2,0,2,0,2,0,0,0,0,2,0,0,2,0,0,2,2
59,8998.534,8763.091,235.381,118.667,-0.478071,-0.877098,0.046334,0.877066,-0.479543,-0.028189,0.046944,0.027162,0.998528,0,0.97611,-0.23655,58.567,-0.473,-1,375.000,-1,400.000,-1,300.000,325.000,300.000,325.000,-1,925.000,750.000,-1,700.000,825.000,-1,-1,2,0,2,0,2,0,0,0,0,2,0,0,2,0,0,2,2
60,8970.863,8814.709,238.078,118.194,-0.470721,-0.880993,0.047679,0.880994,-0.472266,-0.028534,0.047655,0.028573,0.998455,0,0.97611,-0.23655,58.567,-0.473,-1,375.000,-1,400.000,-1,300.000,325.000,300.000,325.000,-1,875.000,725.000,-1,700.000,850.000,-1,-1,2,0,2,0,2,0,0,0,0,2,0,0,2,0,0,2,2
61,8943.620,8866.554,240.860,117.721,-0.463337,-0.884825,0.049014,0.884863,-0.464956,-0.028867,0.048331,0.029996,0.998381,0,0.97611,-0.23655,58.567,-0.473,-1,375.000,-1,400.000,-1,300.000,325.000,300.000,325.000,-1,850.000,700.000,-1,700.000,850.000,-1,-1,2,0,2,0,2,0,0,0,0,2,0,0,2,0,0,2,2
62,8916.805,8918.621,243.770,117.248,-0.455921,-0.888590,0.050434,0.888680,-0.457611,-0.028975,0.048826,0.031609,0.998307,0,0.97611,-0.23655,58.567,-0.473,-1,375.000,-1,400.000,-1,300.000,325.000,300.000,325.000,-1,875.000,700.000,-1,725.000,875.000,-1,-1,2,0,2,0,2,0,0,0,0,2,0,0,2,0,0,2,2
63,8890.420,8970.908,246.744,116.775,-0.448473,-0.892293,0.051814,0.892434,-0.450236,-0.029146,0.049335,0.033170,0.998231,0,0.97611,-0.23655,58.567,-0.473,-1,375.000,-1,400.000,-1,300.000,325.000,300.000,325.000,-1,875.000,725.000,-1,725.000,875.000,-1,-1,2,0,2,0,2,0,0,0,0,2,0,0,2,0,0,2,2
64,8864.469,9023.412,249.782,116.302,-0.440994,-0.895935,0.053154,0.896124,-0.442830,-0.029375,0.049856,0.034678,0.998154,0,0.97611,-0.23655,58.567,-0.473,-1,375.000,-1,425.000,-1,300.000,325.000,300.000,325.000,-1,900.000,750.000,-1,750.000,900.000,-1,-1,2,0,2,0,2,0,0,0,0,2,0,0,2,0,0,2,2
65,8838.951,9076.127,252.763,115.829,-0.433447,-0.899500,0.054991,0.899750,-0.435388,-0.029782,0.050731,0.036569,0.998043,0,0.97611,-0.23655,58.567,-0.473,-1,375.000,-1,425.000,-1,325.000,325.000,300.000,325.000,-1,900.000,725.000,-1,775.000,950.000,-1,-1,2,0,2,0,2,0,0,0,0,2,0,0,2,0,0,2,2
66,8813.870,9129.052,255.613,115.355,-0.425859,-0.902977,0.057244,0.903340,-0.427905,-0.029556,0.051184,0.039124,0.997923,0,0.97611,-0.23655,58.567,-0.473,-1,400.000,-1,425.000,-1,325.000,325.000,325.000,325.000,-1,925.000,750.000,-1,800.000,950.000,-1,-1,2,0,2,0,2,0,0,0,0,2,0,0,2,0,0,2,2
67,8789.225,9182.181,258.158,114.882,-0.418246,-0.906336,0.060216,0.906927,-0.420368,-0.027821,0.050528,0.042976,0.997798,0,0.97611,-0.23655,58.567,-0.473,-1,400.000,-1,425.000,-1,325.000,325.000,325.000,325.000,-1,1000.000,800.000,-1,800.000,975.000,-1,-1,2,0,2,0,2,0,0,0,0,2,0,0,2,0,0,2,2
68,8765.020,9235.512,260.753,114.409,-0.410611,-0.909619,0.063180,0.910448,-0.412799,-0.026097,0.049819,0.046807,0.997661,0,0.97611,-0.23655,58.567,-0.473,-1,400.000,-1,425.000,-1,325.000,325.000,325.000,325.000,-1,-1,875.000,-1,825.000,975.000,-1,-1,2,0,2,0,2,0,0,0,0,2,2,0,2,0,0,2,2
69,8741.256,9289.041,263.313,113.936,-0.402956,-0.912827,0.066135,0.913903,-0.405198,-0.024386,0.049058,0.050614,0.997513,0,0.97611,-0.23655,58.567,-0.473,-1,400.000,-1,425.000,-1,325.000,325.000,325.000,300.000,-1,-1,950.000,-1,825.000,975.000,-1,-1,2,0,2,0,2,0,0,0,0,2,2,0,2,0,0,2,2
70,8717.935,9342.764,265.687,113.463,-0.395366,-0.916007,0.067950,0.917287,-0.397589,-0.022510,0.047635,0.053431,0.997435,0,0.97611,-0.23655,58.567,-0.473,-1,400.000,-1,425.000,-1,325.000,325.000,325.000,300.000,-1,-1,-1,-1,850.000,975.000,-1,-1,2,0,2,0,2,0,0,0,0,2,2,2,2,0,0,2,2
71,8695.060,9396.679,267.787,112.990,-0.387890,-0.919185,0.068116,0.920603,-0.389981,-0.020142,0.045078,0.054895,0.997474,0,0.97611,-0.23655,58.567,-0.473,-1,400.000,-1,425.000,-1,325.000,325.000,325.000,325.000,-1,-1,-1,-1,850.000,975.000,-1,-1,2,0,2,0,2,0,0,0,0,2,2,2,2,0,0,2,2
72,8672.631,9450.780,269.936,112.517,-0.380396,-0.922299,0.068286,0.923849,-0.382347,-0.017713,0.042446,0.056347,0.997509,0,0.97611,-0.23655,58.567,-0.473,-1,400.000,-1,425.000,-1,325.000,325.000,300.000,325.000,-1,-1,-1,-1,850.000,950.000,-1,-1,2,0,2,0,2,0,0,0,0,2,2,2,2,0,0,2,2
73,8650.650,9505.065,272.132,112.044,-0.372885,-0.925348,0.068461,0.927026,-0.374688,-0.015225,0.039740,0.057788,0.997538,0,0.97611,-0.23655,58.567,-0.473,-1,400.000,-1,425.000,-1,325.000,325.000,300.000,325.000,-1,-1,-1,-1,850.000,950.000,-1,-1,2,0,2,0,2,0,0,0,0,2,2,2,2,0,0,2,2
74,8629.117,9559.530,274.375,111.571,-0.365358,-0.928333,0.068645,0.930133,-0.367003,-0.012676,0.036960,0.059218,0.997561,0,0.97611,-0.23655,58.567,-0.473,-1,400.000,-1,425.000,-1,325.000,325.000,300.000,325.000,-1,-1,-1,-1,850.000,950.000,-1,-1,2,0,2,0,2,0,0,0,0,2,2,2,2,0,0,2,2
75,8608.035,9614.171,276.660,111.098,-0.357814,-0.931252,0.068839,0.933170,-0.359295,-0.010066,0.034108,0.060636,0.997577,0,0.97611,-0.23655,58.567,-0.473,-1,375.000,-1,425.000,-1,325.000,325.000,300.000,325.000,-1,-1,-1,-1,850.000,925.000,-1,-1,2,0,2,0,2,0,0,0,0,2,2,2,2,0,0,2,2
76,8587.404,9668.984,278.987,110.624,-0.350255,-0.934106,0.069044,0.936135,-0.351563,-0.007397,0.031183,0.062044,0.997586,0,0.97611,-0.23655,58.567,-0.473,-1,400.000,-1,425.000,-1,325.000,325.000,300.000,325.000,-1,-1,-1,-1,850.000,925.000,-1,-1,2,0,2,0,2,0,0,0,0,2,2,2,2,0,0,2,2
77,8567.227,9723.965,281.354,110.151,-0.342682,-0.936895,0.069263,0.939028,-0.343808,-0.004667,0.028186,0.063441,0.997587,0,0.97611,-0.23655,58.567,-0.473,-1,400.000,-1,425.000,-1,325.000,325.000,300.000,325.000,-1,-1,-1,-1,825.000,925.000,-1,-1,2,0,2,0,2,0,0,0,0,2,2,2,2,0,0,2,2
78,8549.332,9774.667,282.976,109.438,-0.331055,-0.940938,0.070976,0.943253,-0.332064,-0.002569,0.025986,0.066098,0.997475,0,0.89611,-0.35655,53.767,-0.713,-1,400.000,-1,425.000,-1,325.000,325.000,325.000,325.000,-1,-1,-1,-1,850.000,925.000,-1,-1,2,0,2,0,2,0,0,0,0,2,2,2,2,0,0,2,2
79,8532.338,9825.492,284.243,108.485,-0.315475,-0.946076,0.073592,0.948665,-0.316281,0.000743,0.022573,0.070049,0.997288,0,0.89318,-0.47655,53.591,-0.953,-1,400.000,-1,425.000,-1,325.000,325.000,325.000,325.000,-1,-1,-1,-1,850.000,900.000,-1,-1,2,0,2,0,2,0,0,0,0,2,2,2,2,0,0,2,2
80,8516.405,9876.660,285.444,107.292,-0.295854,-0.952157,0.076606,0.955049,-0.296420,0.004136,0.018770,0.074386,0.997053,0,0.89318,-0.59655,53.591,-1.193,-1,400.000,-1,425.000,-1,325.000,325.000,325.000,325.000,-1,-1,-1,-1,825.000,875.000,-1,-1,2,0,2,0,2,0,0,0,0,2,2,2,2,0,0,2,2
81,8501.743,9928.206,286.243,105.875,-0.272327,-0.958956,0.079006,0.962075,-0.272718,0.006010,0.015783,0.077647,0.996856,0,0.89318,-0.70843,53.591,-1.417,-1,400.000,-1,425.000,-1,325.000,325.000,325.000,300.000,-1,-1,-1,-1,850.000,875.000,-1,-1,2,0,2,0,2,0,0,0,0,2,2,2,2,0,0,2,2
82,8488.362,9980.101,286.411,104.458,-0.248734,-0.965332,0.079155,0.968496,-0.248904,0.007870,0.012104,0.078618,0.996831,0,0.89318,-0.70843,53.591,-1.417,-1,400.000,-1,425.000,-1,325.000,325.000,325.000,300.000,-1,-1,-1,-1,825.000,875.000,-1,-1,2,0,2,0,2,0,0,0,0,2,2,2,2,0,0,2,2
83,8476.257,10032.354,286.521,103.043,-0.225016,-0.971108,0.079482,0.974319,-0.224958,0.009801,0.008362,0.079647,0.996788,0,0.89394,-0.70791,53.637,-1.416,-1,400.000,-1,425.000,-1,325.000,325.000,325.000,300.000,-1,-1,-1,-1,825.000,875.000,-1,-1,2,0,2,0,2,0,0,0,0,2,2,2,2,0,0,2,2
84,8465.382,10085.170,286.570,101.634,-0.201294,-0.976259,0.079990,0.979520,-0.200999,0.011802,0.004556,0.080727,0.996726,0,0.89871,-0.70433,53.923,-1.409,-1,400.000,-1,400.000,-1,325.000,325.000,325.000,300.000,-1,-1,-1,-1,825.000,850.000,-1,-1,2,0,2,0,2,0,0,0,0,2,2,2,2,0,0,2,2
85,8455.755,10138.496,286.552,100.233,-0.177599,-0.980790,0.080677,0.984103,-0.177059,0.013859,0.000691,0.081856,0.996644,0,0.90311,-0.70036,54.187,-1.401,-1,400.000,-1,400.000,-1,325.000,325.000,325.000,300.000,-1,-1,-1,-1,800.000,850.000,-1,-1,2,0,2,0,2,0,0,0,0,2,2,2,2,0,0,2,2
86,8447.390,10192.276,286.464,98.841,-0.153960,-0.984707,0.081542,0.988072,-0.153164,0.015963,-0.003229,0.083026,0.996542,0,0.90709,-0.69603,54.426,-1.392,-1,400.000,-1,400.000,-1,325.000,325.000,325.000,300.000,-1,-1,-1,-1,800.000,850.000,-1,-1,2,0,2,0,2,0,0,0,0,2,2,2,2,0,0,2,2
87,8440.297,10246.452,286.299,97.458,-0.130408,-0.988015,0.082581,0.991434,-0.129346,0.018100,-0.007201,0.084234,0.996420,0,0.91063,-0.69133,54.638,-1.383,-1,400.000,-1,400.000,-1,325.000,325.000,325.000,300.000,-1,-1,-1,-1,800.000,825.000,-1,-1,2,0,2,0,2,0,0,0,0,2,2,2,2,0,0,2,2
88,8434.484,10300.965,286.054,96.086,-0.106970,-0.990725,0.083793,0.994199,-0.105631,0.020259,-0.011220,0.085474,0.996277,0,0.91368,-0.68629,54.821,-1.373,-1,400.000,-1,400.000,-1,325.000,325.000,325.000,300.000,-1,-1,-1,-1,800.000,825.000,-1,-1,2,0,2,0,2,0,0,0,0,2,2,2,2,0,0,2,2
89,8430.565,10350.833,285.635,94.494,-0.079639,-0.993213,0.084764,0.996710,-0.078057,0.021814,-0.015049,0.086223,0.996162,0,0.83368,-0.79611,50.021,-1.592,-1,400.000,-1,400.000,-1,325.000,325.000,325.000,300.000,-1,-1,-1,-1,775.000,825.000,-1,-1,2,0,2,0,2,0,0,0,0,2,2,2,2,0,0,2,2
90,8428.268,10395.996,285.166,92.912,-0.052428,-0.994932,0.085803,0.998449,-0.050613,0.023189,-0.018729,0.086886,0.996042,0,0.75368,-0.79075,45.221,-1.582,-1,400.000,-1,400.000,-1,325.000,325.000,325.000,300.000,-1,-1,-1,-1,775.000,825.000,-1,-1,2,0,2,0,2,0,0,0,0,2,2,2,2,0,0,2,2
91,8427.229,10440.357,284.624,91.341,-0.025367,-0.995887,0.086983,0.999427,-0.023312,0.024553,-0.022424,0.087556,0.995907,0,0.73952,-0.78561,44.371,-1.571,-1,400.000,-1,400.000,-1,325.000,325.000,325.000,300.000,-1,-1,-1,-1,775.000,800.000,-1,-1,2,0,2,0,2,0,0,0,0,2,2,2,2,0,0,2,2
92,8427.400,10484.754,284.000,89.780,0.001516,-0.996091,0.088321,0.999656,0.003821,0.025932,-0.026168,0.088251,0.995754,0,0.73994,-0.78037,44.396,-1.561,-1,400.000,-1,400.000,-1,325.000,325.000,325.000,300.000,-1,-1,-1,-1,775.000,800.000,-1,-1,2,0,2,0,2,0,0,0,0,2,2,2,2,0,0,2,2
93,8428.772,10529.128,282.632,88.230,0.028345,-0.995633,0.088947,0.999190,0.030763,0.025934,-0.028557,0.088140,0.995699,0,0.73989,-0.77500,44.393,-1.550,-1,400.000,-1,400.000,-1,325.000,325.000,325.000,300.000,-1,-1,-1,-1,775.000,800.000,-1,-1,2,0,2,0,2,0,0,0,0,2,2,2,2,0,0,2,2
94,8431.333,10573.418,281.123,86.691,0.054957,-0.994460,0.089600,0.998008,0.057495,0.025987,-0.030994,0.087993,0.995639,0,0.73938,-0.76954,44.363,-1.539,-1,400.000,-1,400.000,-1,325.000,325.000,325.000,300.000,-1,-1,-1,-1,775.000,800.000,-1,-1,2,0,2,0,2,0,0,0,0,2,2,2,2,0,0,2,2
95,8435.070,10617.567,279.533,85.163,0.081332,-0.992585,0.090335,0.996125,0.083994,0.026062,-0.033456,0.087866,0.995570,0,0.73843,-0.76404,44.306,-1.528,-1,400.000,-1,400.000,-1,325.000,325.000,325.000,300.000,-1,-1,-1,-1,775.000,800.000,-1,-1,2,0,2,0,2,0,0,0,0,2,2,2,2,0,0,2,2
96,8439.965,10661.519,277.793,83.646,0.107443,-0.990048,0.090892,0.993553,0.110247,0.026409,-0.036166,0.087469,0.995511,0,0.73705,-0.75854,44.223,-1.517,-1,400.000,-1,400.000,-1,325.000,325.000,325.000,300.000,-1,-1,-1,-1,775.000,800.000,-1,-1,2,0,2,0,2,0,0,0,0,2,2,2,2,0,0,2,2
97,8446.000,10705.222,275.922,82.140,0.133277,-0.986860,0.091351,0.990309,0.136240,0.026967,-0.039058,0.086872,0.995454,0,0.73526,-0.75309,44.116,-1.506,-1,400.000,-1,400.000,-1,325.000,325.000,325.000,300.000,-1,-1,-1,-1,775.000,775.000,-1,-1,2,0,2,0,2,0,0,0,0,2,2,2,2,0,0,2,2
98,8453.154,10748.624,273.968,80.641,0.158886,-0.983011,0.091892,0.986404,0.162010,0.027552,-0.041972,0.086265,0.995388,0,0.73311,-0.74929,43.987,-1.499,-1,400.000,-1,400.000,-1,325.000,325.000,325.000,300.000,-1,-1,-1,-1,775.000,775.000,-1,-1,2,0,2,0,2,0,0,0,0,2,2,2,2,0,0,2,2
99,8461.410,10791.679,271.932,79.147,0.184314,-0.978504,0.092513,0.981841,0.187604,0.028153,-0.044904,0.085644,0.995313,0,0.73064,-0.74729,43.838,-1.495,-1,400.000,-1,400.000,-1,325.000,325.000,325.000,300.000,-1,-1,-1,-1,775.000,775.000,-1,-1,2,0,2,0,2,0,0,0,0,2,2,2,2,0,0,2,2
100,8470.748,10834.343,269.815,77.655,0.209558,-0.973344,0.093209,0.976625,0.213018,0.028759,-0.047848,0.085004,0.995231,0,0.72788,-0.74565,43.673,-1.491,-1,400.000,-1,400.000,-1,325.000,325.000,325.000,300.000,-1,-1,-1,-1,775.000,750.000,-1,-1,2,0,2,0,2,0,0,0,0,2,2,2,2,0,0,2,2
101,8481.149,10876.575,267.619,76.167,0.234613,-0.967535,0.093979,0.970761,0.238247,0.029360,-0.050797,0.084343,0.995141,0,0.72488,-0.74436,43.493,-1.489,-1,400.000,-1,400.000,-1,325.000,325.000,325.000,300.000,-1,-1,-1,-1,775.000,750.000,-1,-1,2,0,2,0,2,0,0,0,0,2,2,2,2,0,0,2,2
102,8492.592,10918.340,265.344,74.680,0.259477,-0.961083,0.094819,0.964252,0.263288,0.029946,-0.053745,0.083659,0.995044,0,0.72171,-0.74343,43.302,-1.487,-1,400.000,-1,400.000,-1,325.000,325.000,325.000,300.000,-1,-1,-1,-1,775.000,750.000,975.000,-1,2,0,2,0,2,0,0,0,0,2,2,2,2,0,0,1,2
103,8505.056,10959.604,262.991,73.194,0.284147,-0.953991,0.095723,0.957104,0.288135,0.030509,-0.056686,0.082947,0.994940,0,0.71841,-0.74286,43.105,-1.486,975.000,400.000,-1,400.000,-1,325.000,325.000,325.000,300.000,-1,-1,-1,-1,750.000,725.000,950.000,-1,1,0,2,0,2,0,0,0,0,2,2,2,2,0,0,1,2
104,8518.523,11000.341,260.562,71.709,0.308617,-0.946260,0.096686,0.949317,0.312785,0.031039,-0.059613,0.082207,0.994831,0,0.71505,-0.74265,42.903,-1.485,925.000,400.000,-1,400.000,-1,325.000,325.000,325.000,300.000,-1,-1,-1,-1,750.000,725.000,900.000,-1,1,0,2,0,2,0,0,0,0,2,2,2,2,0,0,1,2
105,8532.973,11040.524,258.041,70.223,0.332897,-0.937899,0.097594,0.940893,0.337237,0.031491,-0.062448,0.081342,0.994728,0,0.71169,-0.74280,42.702,-1.486,875.000,400.000,1000.000,400.000,-1,325.000,325.000,325.000,300.000,-1,-1,-1,-1,750.000,725.000,850.000,-1,1,0,1,0,2,0,0,0,0,2,2,2,2,0,0,1,2
106,8548.390,11080.134,255.348,68.737,0.357029,-0.928934,0.098045,0.931834,0.361494,0.031746,-0.064932,0.080028,0.994675,0,0.70839,-0.74330,42.503,-1.487,825.000,400.000,975.000,375.000,-1,325.000,325.000,325.000,300.000,-1,-1,-1,-1,750.000,725.000,800.000,-1,1,0,1,0,2,0,0,0,0,2,2,2,2,1,0,1,2
107,8564.755,11119.154,252.592,67.248,0.380952,-0.919329,0.098539,0.922138,0.385540,0.031946,-0.067360,0.078696,0.994620,0,0.70519,-0.74414,42.312,-1.488,775.000,400.000,950.000,375.000,-1,325.000,325.000,325.000,300.000,-1,-1,-1,-1,725.000,700.000,750.000,-1,1,0,1,0,2,0,0,0,0,2,2,2,2,1,0,1,2
108,8584.027,11161.695,249.411,65.631,0.406694,-0.908199,0.098866,0.910900,0.411385,0.031982,-0.069718,0.077050,0.994587,0,0.77836,-0.80862,46.702,-1.617,725.000,375.000,900.000,375.000,-1,325.000,325.000,300.000,300.000,-1,-1,-1,-1,675.000,700.000,725.000,-1,1,0,1,0,2,0,0,0,0,2,2,2,2,1,0,1,2
109,8604.622,11203.957,246.063,64.022,0.432036,-0.896416,0.098912,0.898999,0.436793,0.031828,-0.071735,0.075171,0.994587,0,0.78353,-0.80471,47.012,-1.609,675.000,375.000,875.000,375.000,-1,325.000,325.000,300.000,300.000,-1,-1,-1,-1,650.000,700.000,675.000,-1,1,0,1,0,2,0,0,0,0,2,2,2,2,1,0,1,2
110,8624.015,11241.451,242.993,62.652,0.453341,-0.885825,0.098974,0.888316,0.458145,0.031587,-0.073325,0.073600,0.994589,0,0.70353,-0.68471,42.212,-1.369,625.000,375.000,850.000,375.000,-1,325.000,300.000,300.000,300.000,-1,-1,-1,-1,625.000,700.000,625.000,-1,1,0,1,0,2,0,0,0,0,2,2,2,2,1,0,1,2
111,8641.881,11274.322,240.228,61.478,0.471412,-0.876335,0.099033,0.878753,0.476250,0.031303,-0.074596,0.072269,0.994592,0,0.62353,-0.58715,37.412,-1.174,575.000,375.000,825.000,375.000,-1,300.000,300.000,300.000,300.000,-1,-1,-1,-1,600.000,675.000,600.000,-1,1,0,1,0,2,0,0,0,0,2,2,2,2,1,0,1,2
112,8658.034,11302.652,237.783,60.312,0.489165,-0.866545,0.099084,0.868890,0.494033,0.030996,-0.075811,0.070931,0.994596,0,0.54353,-0.58307,32.612,-1.166,550.000,375.000,825.000,375.000,-1,300.000,300.000,300.000,300.000,-1,-1,-1,-1,575.000,675.000,575.000,-1,1,0,1,0,2,0,0,0,0,2,2,2,2,1,0,1,2
113,8672.296,11326.530,235.673,59.154,0.506601,-0.856466,0.099103,0.858738,0.511495,0.030682,-0.076969,0.069559,0.994604,0,0.46353,-0.57901,27.812,-1.158,525.000,375.000,800.000,375.000,-1,300.000,300.000,300.000,300.000,-1,-1,-1,-1,550.000,675.000,550.000,-1,1,0,1,0,2,0,0,0,0,2,2,2,2,1,0,1,2
114,8684.490,11346.046,233.953,58.004,0.523741,-0.846119,0.098888,0.848303,0.528640,0.030355,-0.077960,0.067989,0.994636,0,0.38353,-0.57506,23.012,-1.150,500.000,375.000,800.000,375.000,-1,300.000,300.000,300.000,300.000,-1,-1,-1,-1,550.000,675.000,525.000,-1,1,0,1,0,2,0,0,0,0,2,2,2,2,1,0,1,2
115,8694.448,11361.295,232.568,56.861,0.540552,-0.835496,0.098739,0.837595,0.545464,0.030069,-0.078982,0.066450,0.994659,0,0.30353,-0.57128,18.212,-1.143,475.000,375.000,800.000,375.000,-1,300.000,300.000,300.000,300.000,-1,-1,-1,-1,525.000,675.000,500.000,-1,1,0,1,0,2,0,0,0,0,2,2,2,2,1,0,1,2
116,8702.002,11372.377,231.529,55.726,0.557039,-0.824605,0.098663,0.826620,0.561970,0.029834,-0.080047,0.064938,0.994674,0,0.22353,-0.56775,13.412,-1.136,475.000,375.000,800.000,375.000,-1,300.000,300.000,300.000,300.000,-1,-1,-1,-1,525.000,675.000,500.000,-1,1,0,1,0,2,0,0,0,0,2,2,2,2,1,0,1,2
117,8706.992,11379.396,230.846,54.596,0.573207,-0.813449,0.098663,0.815381,0.578165,0.029654,-0.081165,0.063450,0.994679,0,0.14353,-0.56455,8.612,-1.129,475.000,375.000,800.000,375.000,-1,300.000,300.000,300.000,300.000,-1,-1,-1,-1,525.000,675.000,500.000,-1,1,0,1,0,2,0,0,0,0,2,2,2,2,1,0,1,2
118,8709.262,11382.459,230.528,53.473,0.589063,-0.802031,0.098743,0.803880,0.594057,0.029531,-0.082344,0.061982,0.994675,0,0.06353,-0.56172,3.812,-1.123,450.000,375.000,825.000,375.000,-1,300.000,300.000,300.000,300.000,-1,-1,-1,-1,525.000,675.000,475.000,-1,1,0,1,0,2,0,0,0,0,2,2,2,2,1,0,1,2
119,8708.660,11381.676,230.587,52.354,0.604618,-0.790352,0.098902,0.792118,0.609656,0.029467,-0.083585,0.060526,0.994661,0,-0.01647,-0.55932,-0.988,-1.119,450.000,375.000,850.000,375.000,-1,300.000,300.000,300.000,300.000,-1,-1,-1,-1,525.000,675.000,500.000,-1,1,0,1,0,2,0,0,0,0,2,2,2,2,1,0,1,2
120,8705.037,11377.162,231.041,51.240,0.619884,-0.778410,0.099106,0.780090,0.624973,0.029458,-0.084869,0.059050,0.994641,0,-0.09647,-0.55739,-5.788,-1.115,475.000,375.000,875.000,375.000,-1,300.000,300.000,300.000,300.000,-1,-1,-1,-1,550.000,675.000,500.000,-1,1,0,1,0,2,0,0,0,0,2,2,2,2,1,0,1,2
121,8698.251,11369.036,231.958,50.128,0.634903,-0.766212,0.099083,0.767787,0.640025,0.029511,-0.086027,0.057338,0.994641,0,-0.17647,-0.55597,-10.588,-1.112,475.000,375.000,900.000,375.000,-1,300.000,300.000,300.000,300.000,-1,-1,-1,-1,550.000,675.000,500.000,-1,1,0,1,0,2,0,0,0,0,2,2,2,2,1,0,1,2
122,8689.418,11358.866,233.136,49.017,0.649661,-0.753743,0.099062,0.755209,0.654815,0.029601,-0.087179,0.055582,0.994641,0,-0.22451,-0.55508,-13.470,-1.110,475.000,375.000,925.000,375.000,-1,300.000,300.000,300.000,300.000,-1,-1,-1,-1,575.000,700.000,525.000,-1,1,0,1,0,2,0,0,0,0,2,2,2,2,1,0,1,2
123,8680.309,11348.781,234.339,47.908,0.664162,-0.740999,0.099043,0.742356,0.669347,0.029693,-0.088297,0.053804,0.994640,0,-0.22650,-0.55453,-13.590,-1.109,500.000,375.000,975.000,375.000,-1,300.000,300.000,300.000,300.000,-1,-1,-1,-1,575.000,700.000,525.000,-1,1,0,1,0,2,0,0,0,0,2,2,2,2,1,0,1,2
124,8670.926,11338.787,235.565,46.800,0.678402,-0.727986,0.099026,0.729233,0.683616,0.029787,-0.089380,0.052005,0.994639,0,-0.22848,-0.55403,-13.709,-1.108,500.000,375.000,-1,375.000,-1,300.000,300.000,300.000,300.000,-1,-1,-1,-1,600.000,700.000,550.000,-1,1,0,2,0,2,0,0,0,0,2,2,2,2,1,0,1,2
125,8661.269,11328.892,236.816,45.693,0.692380,-0.714708,0.099010,0.715844,0.697620,0.029882,-0.090428,0.050186,0.994638,0,-0.23045,-0.55359,-13.827,-1.107,525.000,375.000,-1,375.000,-1,300.000,300.000,300.000,300.000,-1,-1,-1,-1,625.000,700.000,575.000,-1,1,0,2,0,2,0,0,0,0,2,2,2,2,1,0,1,2
126,8651.339,11319.103,238.089,44.587,0.706090,-0.701168,0.098996,0.702193,0.711355,0.029977,-0.091440,0.048348,0.994636,0,-0.23239,-0.55319,-13.944,-1.106,525.000,375.000,-1,375.000,-1,300.000,300.000,300.000,300.000,-1,-1,-1,-1,625.000,700.000,575.000,-1,1,0,2,0,2,0,0,0,0,2,2,2,2,1,0,1,2
127,8641.138,11309.428,239.387,43.481,0.719530,-0.687371,0.098983,0.688285,0.724817,0.030073,-0.092416,0.046490,0.994635,0,-0.23432,-0.55285,-14.059,-1.106,550.000,375.000,-1,375.000,-1,300.000,325.000,300.000,300.000,-1,-1,-1,-1,650.000,700.000,600.000,-1,1,0,2,0,2,0,0,0,0,2,2,2,2,1,0,1,2
128,8630.668,11299.875,240.707,42.376,0.732696,-0.673321,0.098972,0.674123,0.738003,0.030170,-0.093356,0.044614,0.994633,0,-0.23623,-0.55255,-14.174,-1.105,550.000,375.000,-1,375.000,-1,300.000,325.000,300.000,300.000,-1,-1,-1,-1,675.000,700.000,625.000,-1,1,0,2,0,2,0,0,0,0,2,2,2,2,1,0,1,2
129,8619.931,11290.450,242.050,41.271,0.745583,-0.659024,0.098962,0.659713,0.750908,0.030266,-0.094258,0.042721,0.994631,0,-0.23812,-0.55231,-14.287,-1.105,575.000,375.000,-1,375.000,-1,325.000,325.000,300.000,300.000,-1,-1,-1,-1,675.000,725.000,650.000,-1,1,0,2,0,2,0,0,0,0,2,2,2,2,1,0,1,2
130,8608.928,11281.161,243.354,40.167,0.758224,-0.644489,0.098642,0.645047,0.763537,0.030425,-0.094926,0.040560,0.994658,0,-0.23999,-0.55210,-14.399,-1.104,575.000,375.000,-1,400.000,-1,325.000,325.000,300.000,300.000,-1,-1,-1,-1,700.000,725.000,650.000,-1,1,0,2,0,2,0,0,0,0,2,2,2,2,1,0,1,2
131,8597.663,11272.017,244.663,39.063,0.770588,-0.629715,0.098246,0.630137,0.775880,0.030614,-0.095505,0.038318,0.994691,0,-0.24183,-0.55194,-14.510,-1.104,600.000,375.000,-1,400.000,-1,325.000,325.000,300.000,300.000,-1,-1,-1,-1,700.000,725.000,675.000,-1,1,0,2,0,2,0,0,0,0,2,2,2,2,0,0,1,2
132,8586.137,11263.024,245.993,37.960,0.782663,-0.614706,0.097850,0.614991,0.787932,0.030817,-0.096043,0.036057,0.994724,0,-0.24365,-0.55183,-14.619,-1.104,600.000,375.000,-1,400.000,-1,325.000,325.000,300.000,300.000,-1,-1,-1,-1,700.000,725.000,700.000,-1,1,0,2,0,2,0,0,0,0,2,2,2,2,0,0,1,2
133,8574.354,11254.190,247.344,36.856,0.794446,-0.599465,0.097454,0.599614,0.799688,0.031036,-0.096538,0.033778,0.994756,0,-0.24545,-0.55175,-14.727,-1.103,625.000,375.000,-1,400.000,-1,325.000,325.000,300.000,300.000,-1,-1,-1,-1,700.000,725.000,725.000,-1,1,0,2,0,2,0,0,0,0,2,2,2,2,0,0,1,2
134,8562.316,11245.523,248.715,35.753,0.805932,-0.583998,0.097060,0.584010,0.811144,0.031270,-0.096991,0.031483,0.994787,0,-0.24723,-0.55171,-14.834,-1.103,650.000,375.000,-1,400.000,-1,325.000,325.000,300.000,300.000,-1,-1,-1,-1,700.000,750.000,750.000,-1,1,0,2,0,2,0,0,0,0,2,2,2,2,0,0,1,2
135,8550.027,11237.029,250.106,34.649,0.817117,-0.568309,0.096667,0.568184,0.822298,0.031518,-0.097401,0.029171,0.994818,0,-0.24898,-0.55172,-14.939,-1.103,650.000,375.000,-1,400.000,-1,325.000,325.000,300.000,300.000,-1,-1,-1,-1,700.000,750.000,775.000,-1,1,0,2,0,2,0,0,0,0,2,2,2,2,0,0,1,2
136,8537.491,11228.716,251.515,33.546,0.827999,-0.552403,0.096276,0.552141,0.833145,0.031781,-0.097767,0.026843,0.994847,0,-0.25070,-0.55176,-15.042,-1.104,675.000,375.000,-1,400.000,-1,325.000,325.000,300.000,300.000,1000.000,-1,-1,-1,700.000,750.000,800.000,-1,1,0,2,0,2,0,0,0,0,1,2,2,2,0,0,1,2
137,8528.870,11223.185,252.481,32.682,0.836293,-0.539809,0.096018,0.539444,0.841414,0.031969,-0.098048,0.025061,0.994866,0,-0.17070,-0.43176,-10.242,-0.864,675.000,375.000,-1,400.000,-1,325.000,325.000,300.000,300.000,975.000,-1,-1,-1,700.000,750.000,825.000,-1,1,0,2,0,2,0,0,0,0,1,2,2,2,0,0,1,2
