timestep,x_cm,y_cm,z_cm,yaw_deg,basis_xx,basis_xy,basis_xz,basis_yx,basis_yy,basis_yz,basis_zx,basis_zy,basis_zz,teleport_flag,throttle_cmd,steering_cmd,cmd_move_cm,cmd_turn_deg,lidar_cm_0,lidar_cm_1,lidar_cm_2,lidar_cm_3,lidar_cm_4,lidar_cm_5,lidar_cm_6,lidar_cm_7,lidar_cm_8,lidar_cm_9,lidar_cm_10,lidar_cm_11,lidar_cm_12,lidar_cm_13,lidar_cm_14,lidar_cm_15,lidar_cm_16,lidar_class_0,lidar_class_1,lidar_class_2,lidar_class_3,lidar_class_4,lidar_class_5,lidar_class_6,lidar_class_7,lidar_class_8,lidar_class_9,lidar_class_10,lidar_class_11,lidar_class_12,lidar_class_13,lidar_class_14,lidar_class_15,lidar_class_16
0,-7441.273,-6448.247,4.247,-83.090,0.118185,0.992514,0.030801,-0.989593,0.120288,-0.078977,-0.082090,-0.021147,0.996401,1,0.08000,-0.12000,4.800,-0.240,-1,-1,-1,-1,-1,-1,-1,300.000,250.000,-1,-1,-1,-1,-1,-1,-1,-1,2,2,2,2,2,2,2,1,1,2,2,2,2,2,2,2,2
1,-7440.192,-6457.786,3.790,-83.536,0.110426,0.993417,0.030474,-0.990411,0.112550,-0.080110,-0.083013,-0.021336,0.996320,0,0.16000,-0.22323,9.600,-0.446,-1,-1,-1,-1,-1,-1,-1,300.000,250.000,-1,-1,-1,-1,-1,-1,-1,-1,2,2,2,2,2,2,2,1,1,2,2,2,2,2,2,2,2
2,-7438.683,-6472.107,3.100,-83.984,0.102636,0.994268,0.029953,-0.991114,0.104779,-0.081944,-0.084613,-0.021277,0.996187,0,0.24000,-0.22401,14.400,-0.448,-1,-1,-1,-1,-1,-1,-1,300.000,250.000,-1,-1,-1,-1,-1,-1,-1,-1,2,2,2,2,2,2,2,0,1,2,2,2,2,2,2,2,2
3,-7436.823,-6491.217,2.181,-84.440,0.094711,0.995076,0.029232,-0.991706,0.096872,-0.084466,-0.086882,-0.020989,0.995997,0,0.32000,-0.22774,19.200,-0.455,-1,-1,-1,-1,-1,-1,-1,300.000,250.000,-1,-1,-1,-1,-1,-1,-1,-1,2,2,2,2,2,2,2,0,1,2,2,2,2,2,2,2,2
4,-7434.587,-6515.114,1.020,-84.655,0.090974,0.995452,0.028260,-0.991773,0.093131,-0.087829,-0.090061,-0.020038,0.995735,0,0.40000,-0.10774,24.000,-0.215,-1,-1,-1,-1,-1,-1,-1,300.000,250.000,-1,-1,-1,-1,-1,-1,-1,-1,2,2,2,2,2,2,2,0,1,2,2,2,2,2,2,2,2
5,-7432.008,-6543.799,-1.292,-84.859,0.087774,0.995859,0.023672,-0.991700,0.089599,-0.092212,-0.093951,-0.015381,0.995458,0,0.48000,-0.10184,28.800,-0.204,-1,-1,-1,-1,-1,-1,-1,300.000,250.000,-1,-1,-1,-1,-1,-1,-1,-1,2,2,2,2,2,2,2,0,1,2,2,2,2,2,2,2,2
6,1003.262,5485.753,-381.357,-68.756,0.362054,0.927786,0.090167,-0.932152,0.360678,0.031681,-0.003128,-0.095520,0.995423,1,0.00000,0.00000,33.600,-0.219,-1,-1,-1,-1,-1,-1,-1,125.000,350.000,-1,-1,-1,-1,-1,-1,-1,-1,2,2,2,2,2,2,2,0,1,2,2,2,2,2,2,2,2
7,6231.195,9506.217,-85.700,-91.992,-0.032789,0.998555,-0.042581,-0.998342,-0.034739,-0.045895,-0.047308,0.041005,0.998038,1,0.08000,-0.12000,4.800,-0.240,-1,400.000,-1,400.000,-1,325.000,325.000,300.000,300.000,-1,-1,-1,-1,900.000,900.000,-1,-1,2,0,2,0,2,0,0,0,0,2,2,2,2,0,0,2,2
8,6230.780,9496.626,-86.150,-92.472,-0.041133,0.998243,-0.042645,-0.997993,-0.043104,-0.046379,-0.048136,0.040651,0.998013,0,0.16000,-0.24000,9.600,-0.480,-1,400.000,-1,400.000,-1,325.000,325.000,300.000,300.000,-1,-1,-1,-1,875.000,900.000,-1,-1,2,0,2,0,2,0,0,0,0,2,2,2,2,0,0,2,2
9,6229.996,9482.247,-86.831,-93.120,-0.052387,0.997711,-0.042763,-0.997408,-0.054390,-0.047098,-0.049316,0.040185,0.997975,0,0.24000,-0.32395,14.400,-0.648,-1,400.000,-1,400.000,-1,325.000,325.000,300.000,300.000,-1,-1,-1,-1,875.000,900.000,-1,-1,2,0,2,0,2,0,0,0,0,2,2,2,2,0,0,2,2
10,6228.734,9463.088,-87.749,-93.768,-0.063623,0.997050,-0.042942,-0.996684,-0.065669,-0.048045,-0.050723,0.039743,0.997922,0,0.32000,-0.32395,19.200,-0.648,-1,400.000,-1,400.000,-1,325.000,325.000,300.000,300.000,-1,-1,-1,-1,875.000,900.000,-1,-1,2,0,2,0,2,0,0,0,0,2,2,2,2,0,0,2,2
11,6226.885,9439.159,-88.907,-94.416,-0.074840,0.996259,-0.043201,-0.995820,-0.076941,-0.049215,-0.052354,0.039337,0.997854,0,0.40000,-0.32395,24.000,-0.648,-1,400.000,-1,400.000,-1,325.000,325.000,325.000,300.000,-1,-1,-1,-1,875.000,900.000,-1,-1,2,0,2,0,2,0,0,0,0,2,2,2,2,0,0,2,2
12,6224.343,9410.471,-90.309,-95.064,-0.086033,0.995340,-0.043558,-0.994816,-0.088202,-0.050603,-0.054209,0.038978,0.997769,0,0.48000,-0.32395,28.800,-0.648,-1,400.000,-1,400.000,-1,325.000,325.000,325.000,300.000,-1,-1,-1,-1,875.000,900.000,-1,-1,2,0,2,0,2,0,0,0,0,2,2,2,2,0,0,2,2
13,6220.998,9377.038,-91.960,-95.712,-0.097201,0.994290,-0.044033,-0.993672,-0.099453,-0.052203,-0.056284,0.038680,0.997665,0,0.56000,-0.32395,33.600,-0.648,-1,400.000,-1,400.000,-1,325.000,325.000,325.000,300.000,-1,-1,-1,-1,850.000,875.000,-1,-1,2,0,2,0,2,0,0,0,0,2,2,2,2,0,0,2,2
14,6216.744,9338.874,-93.862,-96.360,-0.108341,0.993111,-0.044648,-0.992386,-0.110690,-0.054007,-0.058577,0.038457,0.997542,0,0.64000,-0.32395,38.400,-0.648,-1,400.000,-1,400.000,-1,325.000,325.000,325.000,325.000,-1,-1,-1,-1,850.000,875.000,-1,-1,2,0,2,0,2,0,0,0,0,2,2,2,2,0,0,2,2
15,6211.473,9295.996,-96.020,-97.008,-0.119450,0.991801,-0.045424,-0.990959,-0.121913,-0.056007,-0.061085,0.038324,0.997397,0,0.72000,-0.32395,43.200,-0.648,-1,400.000,-1,400.000,-1,325.000,325.000,325.000,325.000,-1,-1,-1,-1,850.000,875.000,-1,-1,2,0,2,0,2,0,0,0,0,2,2,2,2,0,0,2,2
16,6205.079,9248.424,-98.437,-97.656,-0.130523,0.990360,-0.046385,-0.989390,-0.133121,-0.058192,-0.063806,0.038297,0.997227,0,0.80000,-0.32395,48.000,-0.648,-1,400.000,-1,400.000,-1,325.000,325.000,325.000,325.000,-1,-1,-1,-1,825.000,875.000,-1,-1,2,0,2,0,2,0,0,0,0,2,2,2,2,0,0,2,2
17,6197.453,9196.177,-101.474,-98.303,-0.141687,0.988842,-0.046014,-0.987708,-0.144318,-0.060037,-0.066008,0.036942,0.997135,0,0.88000,-0.32395,52.800,-0.648,-1,400.000,-1,400.000,-1,325.000,325.000,325.000,325.000,-1,-1,-1,-1,825.000,875.000,-1,-1,2,0,2,0,2,0,0,0,0,2,2,2,2,0,0,2,2
18,6189.193,9143.746,-104.917,-98.951,-0.152894,0.987216,-0.045027,-0.985914,-0.155501,-0.061591,-0.067805,0.034976,0.997085,0,0.88461,-0.32395,53.077,-0.648,-1,400.000,-1,400.000,-1,325.000,325.000,325.000,325.000,-1,-1,-1,-1,825.000,875.000,-1,-1,2,0,2,0,2,0,0,0,0,2,2,2,2,0,0,2,2
19,6180.342,9091.412,-108.865,-99.599,-0.163973,0.985398,-0.045866,-0.984033,-0.166655,-0.062496,-0.069227,0.034886,0.996991,0,0.88461,-0.32395,53.077,-0.648,-1,400.000,-1,400.000,-1,325.000,325.000,325.000,325.000,-1,-1,-1,-1,800.000,875.000,-1,-1,2,0,2,0,2,0,0,0,0,2,2,2,2,0,0,2,2
20,6170.900,9039.182,-112.854,-100.247,-0.175015,0.983448,-0.046909,-0.982023,-0.177786,-0.063421,-0.070711,0.034967,0.996884,0,0.88461,-0.32395,53.077,-0.648,-1,375.000,-1,400.000,-1,325.000,325.000,325.000,325.000,-1,-1,-1,-1,800.000,875.000,-1,-1,2,0,2,0,2,0,0,0,0,2,2,2,2,0,0,2,2
21,6160.867,8987.054,-116.859,-100.894,-0.185999,0.981374,-0.048060,-0.979895,-0.188868,-0.064306,-0.072185,0.035133,0.996772,0,0.88474,-0.32319,53.085,-0.646,-1,375.000,-1,400.000,-1,325.000,325.000,325.000,325.000,-1,-1,-1,-1,800.000,875.000,-1,-1,2,0,2,0,2,0,0,0,0,2,2,2,2,0,0,2,2
22,6150.248,8935.029,-120.881,-101.537,-0.196896,0.979183,-0.049321,-0.977654,-0.199870,-0.065150,-0.073652,0.035391,0.996656,0,0.88496,-0.32156,53.097,-0.643,-1,375.000,-1,400.000,-1,325.000,325.000,325.000,325.000,-1,-1,-1,-1,800.000,875.000,-1,-1,2,0,2,0,2,0,0,0,0,2,2,2,2,0,0,2,2
23,6139.047,8883.121,-124.917,-102.177,-0.207713,0.976876,-0.050692,-0.975302,-0.210800,-0.065949,-0.075110,0.035742,0.996535,0,0.88504,-0.32024,53.103,-0.640,-1,375.000,-1,400.000,-1,325.000,325.000,325.000,325.000,-1,-1,-1,-1,800.000,875.000,-1,-1,2,0,2,0,2,0,0,0,0,2,2,2,2,0,0,2,2
24,6127.268,8831.341,-128.967,-102.816,-0.218458,0.974450,-0.052176,-0.972838,-0.221668,-0.066699,-0.076561,0.036187,0.996408,0,0.88503,-0.31921,53.102,-0.638,-1,400.000,-1,400.000,-1,325.000,325.000,325.000,300.000,-1,-1,-1,-1,800.000,875.000,-1,-1,2,0,2,0,2,0,0,0,0,2,2,2,2,0,0,2,2
25,6114.915,8779.702,-133.030,-103.453,-0.229141,0.971907,-0.053773,-0.970263,-0.232483,-0.067398,-0.078006,0.036730,0.996276,0,0.88493,-0.31848,53.096,-0.637,-1,400.000,-1,400.000,-1,325.000,325.000,350.000,300.000,-1,-1,-1,-1,800.000,900.000,-1,-1,2,0,2,0,2,0,0,0,0,2,2,2,2,0,0,2,2
26,6101.993,8728.211,-137.104,-104.089,-0.239771,0.969243,-0.055485,-0.967574,-0.243253,-0.068041,-0.079445,0.037372,0.996138,0,0.88479,-0.31806,53.087,-0.636,-1,400.000,-1,425.000,-1,325.000,325.000,350.000,300.000,-1,-1,-1,-1,800.000,900.000,-1,-1,2,0,2,0,2,0,0,0,0,2,2,2,2,0,0,2,2
27,6088.502,8676.877,-141.190,-104.725,-0.250355,0.966456,-0.057313,-0.964770,-0.253987,-0.068624,-0.080879,0.038114,0.995995,0,0.88462,-0.31794,53.077,-0.636,-1,400.000,-1,425.000,-1,325.000,325.000,350.000,300.000,-1,-1,-1,-1,800.000,900.000,-1,-1,2,0,2,0,2,0,0,0,0,2,2,2,2,0,0,2,2
28,6074.444,8625.705,-145.285,-105.361,-0.260902,0.963545,-0.059259,-0.961850,-0.264695,-0.069144,-0.082308,0.038958,0.995845,0,0.88445,-0.31813,53.067,-0.636,-1,400.000,-1,425.000,-1,325.000,325.000,350.000,300.000,-1,-1,-1,-1,825.000,900.000,-1,-1,2,0,2,0,2,0,0,0,0,2,2,2,2,0,0,2,2
29,6059.821,8574.701,-149.603,-105.998,-0.271510,0.960538,-0.060408,-0.958815,-0.275395,-0.069506,-0.083399,0.039048,0.995751,0,0.88431,-0.31863,53.059,-0.637,-1,400.000,-1,425.000,-1,325.000,325.000,350.000,300.000,-1,-1,-1,-1,825.000,900.000,-1,-1,2,0,2,0,2,0,0,0,0,2,2,2,2,0,0,2,2
30,6044.631,8523.868,-154.332,-106.637,-0.282167,0.957461,-0.060418,-0.955537,-0.286103,-0.071371,-0.085621,0.037593,0.995618,0,0.88423,-0.31943,53.054,-0.639,-1,400.000,-1,425.000,-1,325.000,325.000,350.000,325.000,-1,-1,-1,-1,800.000,900.000,-1,-1,2,0,2,0,2,0,0,0,0,2,2,2,2,0,0,2,2
31,6028.873,8473.209,-159.101,-107.278,-0.292817,0.954248,-0.060568,-0.952126,-0.296813,-0.073204,-0.087832,0.036233,0.995476,0,0.88422,-0.32053,53.053,-0.641,-1,400.000,-1,425.000,-1,325.000,325.000,350.000,325.000,-1,-1,-1,-1,800.000,900.000,-1,-1,2,0,2,0,2,0,0,0,0,2,2,2,2,0,0,2,2
32,6011.725,8419.409,-164.422,-107.679,-0.299368,0.952147,-0.061611,-0.949926,-0.303485,-0.074410,-0.089548,0.036250,0.995323,0,0.94109,-0.20053,56.466,-0.401,-1,400.000,-1,425.000,-1,325.000,325.000,350.000,325.000,-1,-1,-1,-1,800.000,900.000,-1,-1,2,0,2,0,2,0,0,0,0,2,2,2,2,0,0,2,2
33,5994.421,8365.644,-169.838,-107.840,-0.301845,0.951260,-0.063207,-0.948964,-0.306150,-0.075757,-0.091415,0.037114,0.995121,0,0.94134,-0.08053,56.480,-0.161,-1,400.000,-1,425.000,-1,325.000,325.000,325.000,325.000,-1,-1,-1,-1,800.000,875.000,-1,-1,2,0,2,0,2,0,0,0,0,2,2,2,2,0,0,2,2
34,5977.191,8311.853,-175.246,-107.761,-0.300306,0.951632,-0.064910,-0.949284,-0.304823,-0.077091,-0.093148,0.038467,0.994909,0,0.94138,0.03947,56.483,0.079,-1,400.000,-1,400.000,-1,325.000,325.000,325.000,325.000,-1,-1,-1,-1,775.000,875.000,-1,-1,2,0,2,0,2,0,0,0,0,2,2,2,2,0,0,2,2
35,5960.261,8257.967,-180.639,-107.442,-0.294748,0.953245,-0.066692,-0.950868,-0.299500,-0.078424,-0.094732,0.040300,0.994687,0,0.94138,0.15947,56.483,0.319,-1,400.000,-1,400.000,-1,325.000,325.000,325.000,325.000,-1,-1,-1,-1,775.000,850.000,-1,-1,2,0,2,0,2,0,0,0,0,2,2,2,2,0,0,2,2
36,5943.667,8203.977,-186.025,-107.085,-0.288541,0.955016,-0.068475,-0.952614,-0.293535,-0.079770,-0.096282,0.042214,0.994459,0,0.94138,0.17839,56.483,0.357,-1,400.000,-1,400.000,-1,325.000,325.000,325.000,325.000,-1,-1,-1,-1,775.000,825.000,-1,-1,2,0,2,0,2,0,0,0,0,2,2,2,2,0,0,2,2
37,5927.409,8149.884,-191.406,-106.729,-0.282317,0.956746,-0.070247,-0.954321,-0.287558,-0.081130,-0.097821,0.044134,0.994225,0,0.94138,0.17839,56.483,0.357,-1,400.000,-1,400.000,-1,325.000,325.000,325.000,325.000,-1,-1,-1,-1,750.000,825.000,-1,-1,2,0,2,0,2,0,0,0,0,2,2,2,2,0,0,2,2
38,5911.489,8095.691,-196.781,-106.372,-0.276077,0.958434,-0.072007,-0.955987,-0.281571,-0.082502,-0.099348,0.046060,0.993986,0,0.94138,0.17839,56.483,0.357,-1,400.000,-1,400.000,-1,325.000,325.000,325.000,325.000,-1,-1,-1,-1,750.000,800.000,-1,-1,2,0,2,0,2,0,0,0,0,2,2,2,2,0,0,2,2
39,5895.906,8041.399,-202.178,-106.015,-0.269806,0.960077,-0.073873,-0.957609,-0.275571,-0.083937,-0.100943,0.048095,0.993729,0,0.94138,0.17839,56.483,0.357,-1,400.000,-1,400.000,-1,325.000,325.000,325.000,325.000,-1,-1,-1,-1,750.000,800.000,-1,-1,2,0,2,0,2,0,0,0,0,2,2,2,2,0,0,2,2
40,5880.662,7987.012,-207.685,-105.658,-0.263529,0.961681,-0.075646,-0.959193,-0.269561,-0.085353,-0.102474,0.050066,0.993475,0,0.94138,0.17839,56.483,0.357,-1,400.000,-1,400.000,-1,325.000,325.000,325.000,325.000,-1,-1,-1,-1,725.000,775.000,-1,-1,2,0,2,0,2,0,0,0,0,2,2,2,2,0,0,2,2
41,5865.757,7932.531,-213.440,-105.301,-0.257406,0.963296,-0.076174,-0.960780,-0.263555,-0.086260,-0.103170,0.050983,0.993356,0,0.94138,0.17839,56.483,0.357,-1,375.000,-1,400.000,-1,325.000,325.000,325.000,325.000,-1,-1,-1,-1,725.000,775.000,-1,-1,2,0,2,0,2,0,0,0,0,2,2,2,2,0,0,2,2
42,5851.191,7877.959,-219.148,-104.945,-0.251300,0.964866,-0.076690,-0.962377,-0.257538,-0.086634,-0.103341,0.052034,0.993284,0,0.94138,0.17839,56.483,0.357,-1,375.000,-1,400.000,-1,325.000,325.000,325.000,325.000,-1,-1,-1,-1,725.000,775.000,-1,-1,2,0,2,0,2,0,0,0,0,2,2,2,2,0,0,2,2
43,5836.965,7823.297,-224.846,-104.588,-0.245183,0.966394,-0.077249,-0.963944,-0.251509,-0.086915,-0.103423,0.053154,0.993216,0,0.94138,0.17839,56.483,0.357,-1,375.000,-1,400.000,-1,325.000,325.000,325.000,325.000,-1,-1,-1,-1,700.000,775.000,-1,-1,2,0,2,0,2,0,0,0,0,2,2,2,2,0,0,2,2
44,5823.081,7768.547,-230.592,-104.231,-0.239084,0.967872,-0.077864,-0.965533,-0.245469,-0.086551,-0.102883,0.054487,0.993200,0,0.94138,0.17839,56.483,0.357,-1,375.000,-1,400.000,-1,325.000,325.000,325.000,325.000,-1,-1,-1,-1,700.000,750.000,-1,-1,2,0,2,0,2,0,0,0,0,2,2,2,2,0,0,2,2
45,5809.537,7713.713,-236.257,-103.874,-0.233020,0.969325,-0.078175,-0.967095,-0.239423,-0.086045,-0.102122,0.055552,0.993220,0,0.94138,0.17839,56.483,0.357,-1,375.000,-1,400.000,-1,325.000,325.000,325.000,325.000,-1,-1,-1,-1,675.000,750.000,-1,-1,2,0,2,0,2,0,0,0,0,2,2,2,2,0,0,2,2
46,5796.335,7658.795,-241.904,-103.518,-0.226952,0.970740,-0.078467,-0.968620,-0.233369,-0.085521,-0.101331,0.056595,0.993242,0,0.94138,0.17839,56.483,0.357,-1,375.000,-1,400.000,-1,325.000,325.000,325.000,325.000,-1,-1,-1,-1,675.000,725.000,-1,-1,2,0,2,0,2,0,0,0,0,2,2,2,2,0,0,2,2
47,5783.222,7603.752,-247.565,-103.401,-0.224959,0.971178,-0.078779,-0.969144,-0.231382,-0.084985,-0.100764,0.057230,0.993263,0,0.94306,0.05839,56.584,0.117,-1,375.000,-1,400.000,-1,325.000,325.000,325.000,325.000,-1,-1,-1,-1,650.000,725.000,-1,-1,2,0,2,0,2,0,0,0,0,2,2,2,2,0,0,2,2
48,5769.990,7548.737,-253.245,-103.524,-0.227047,0.970666,-0.079107,-0.968691,-0.233467,-0.084440,-0.100432,0.057458,0.993283,0,0.94306,-0.06161,56.584,-0.123,-1,375.000,-1,400.000,-1,325.000,325.000,325.000,325.000,-1,-1,-1,-1,650.000,700.000,-1,-1,2,0,2,0,2,0,0,0,0,2,2,2,2,0,0,2,2
49,5756.583,7493.765,-258.941,-103.706,-0.230132,0.969913,-0.079421,-0.967992,-0.236546,-0.083887,-0.100150,0.057574,0.993305,0,0.94306,-0.09095,56.584,-0.182,-1,375.000,-1,400.000,-1,325.000,325.000,325.000,325.000,-1,-1,-1,-1,650.000,700.000,-1,-1,2,0,2,0,2,0,0,0,0,2,2,2,2,0,0,2,2
50,5743.002,7438.835,-264.650,-103.888,-0.233219,0.969152,-0.079713,-0.967284,-0.239622,-0.083324,-0.099854,0.057672,0.993329,0,0.94306,-0.09095,56.584,-0.182,-1,375.000,-1,400.000,-1,300.000,325.000,300.000,325.000,-1,-1,-1,-1,625.000,675.000,-1,-1,2,0,2,0,2,0,0,0,0,2,2,2,2,0,0,2,2
51,5729.246,7383.949,-270.408,-104.070,-0.236301,0.968374,-0.080084,-0.966578,-0.242695,-0.082618,-0.099441,0.057885,0.993358,0,0.94306,-0.09095,56.584,-0.182,1000.000,350.000,-1,375.000,-1,300.000,300.000,300.000,325.000,-1,-1,-1,-1,625.000,675.000,975.000,-1,0,0,2,0,2,0,0,0,0,2,2,2,2,0,0,0,2
52,5715.317,7329.107,-276.219,-104.252,-0.239380,0.967580,-0.080540,-0.965876,-0.245764,-0.081760,-0.098903,0.058220,0.993392,0,0.94306,-0.09095,56.584,-0.182,950.000,350.000,-1,375.000,-1,300.000,300.000,300.000,325.000,-1,-1,-1,-1,600.000,650.000,925.000,-1,0,0,2,0,2,0,0,0,0,2,2,2,2,0,0,0,2
53,5701.213,7274.310,-281.990,-104.434,-0.242426,0.966765,-0.081210,-0.965155,-0.248827,-0.081002,-0.098517,0.058743,0.993400,0,0.94306,-0.09095,56.584,-0.182,900.000,350.000,-1,375.000,-1,300.000,300.000,300.000,325.000,-1,-1,-1,-1,600.000,650.000,875.000,-1,0,0,2,0,2,0,0,0,0,2,2,2,2,0,0,0,2
54,5686.937,7219.557,-287.129,-104.615,-0.245369,0.965787,-0.083965,-0.964626,-0.251847,-0.077907,-0.096388,0.061879,0.993419,0,0.94306,-0.09095,56.584,-0.182,900.000,350.000,-1,375.000,-1,300.000,300.000,300.000,325.000,-1,-1,-1,-1,600.000,650.000,850.000,-1,0,0,2,0,2,0,0,0,0,2,2,2,2,0,0,0,2
55,5672.488,7164.850,-292.206,-104.797,-0.248321,0.964780,-0.086817,-0.964096,-0.254858,-0.074604,-0.094102,0.065174,0.993427,0,0.94306,-0.09095,56.584,-0.182,900.000,350.000,-1,350.000,-1,300.000,300.000,325.000,300.000,-1,-1,-1,-1,600.000,625.000,850.000,-1,0,0,2,0,2,0,0,0,0,2,2,2,2,0,0,0,2
56,5657.864,7110.190,-296.806,-104.979,-0.251513,0.963872,-0.087707,-0.963558,-0.257895,-0.071033,-0.091086,0.066646,0.993610,0,0.94306,-0.09095,56.584,-0.182,875.000,350.000,-1,350.000,-1,300.000,300.000,325.000,325.000,-1,-1,750.000,-1,600.000,625.000,825.000,-1,0,0,2,0,2,0,0,0,0,2,2,0,2,0,0,0,2
57,5643.067,7055.576,-301.068,-105.161,-0.254912,0.963038,-0.087051,-0.963037,-0.260951,-0.066816,-0.087063,0.066801,0.993961,0,0.94306,-0.09095,56.584,-0.182,875.000,350.000,-1,375.000,-1,300.000,300.000,325.000,325.000,-1,725.000,575.000,-1,600.000,650.000,825.000,-1,0,0,2,0,2,0,0,0,0,2,0,0,2,0,0,0,2
58,5628.096,7001.010,-305.337,-105.343,-0.258310,0.962197,-0.086330,-0.962487,-0.264005,-0.062603,-0.083028,0.066921,0.994298,0,0.94306,-0.09095,56.584,-0.182,875.000,350.000,-1,375.000,-1,300.000,300.000,325.000,325.000,-1,575.000,475.000,-1,600.000,650.000,825.000,-1,0,0,2,0,2,0,0,0,0,2,0,0,2,0,0,0,2
59,5612.951,6946.492,-309.613,-105.525,-0.261708,0.961348,-0.085546,-0.961910,-0.267057,-0.058394,-0.078982,0.067005,0.994622,0,0.94306,-0.09095,56.584,-0.182,850.000,350.000,-1,375.000,-1,300.000,300.000,325.000,325.000,-1,500.000,425.000,-1,600.000,650.000,825.000,-1,0,0,2,0,2,0,0,0,0,2,0,0,2,0,0,0,2
60,5597.634,6892.021,-313.896,-105.707,-0.265105,0.960493,-0.084696,-0.961304,-0.270107,-0.054189,-0.074925,0.067053,0.994932,0,0.94306,-0.09095,56.584,-0.182,850.000,375.000,-1,375.000,-1,300.000,300.000,325.000,325.000,-1,450.000,375.000,-1,575.000,625.000,800.000,1000.000,0,0,2,0,2,0,0,0,0,2,0,0,2,0,0,0,0
61,5582.144,6837.600,-318.185,-105.889,-0.268499,0.959630,-0.083780,-0.960670,-0.273155,-0.049991,-0.070857,0.067063,0.995230,0,0.94306,-0.09095,56.584,-0.182,850.000,350.000,-1,375.000,-1,300.000,300.000,325.000,325.000,-1,375.000,300.000,-1,575.000,625.000,800.000,1000.000,0,0,2,0,2,0,0,0,0,2,0,0,2,0,0,0,0
62,5566.481,6783.228,-322.482,-106.071,-0.271892,0.958759,-0.082799,-0.960008,-0.276201,-0.045798,-0.066778,0.067035,0.995513,0,0.94306,-0.09095,56.584,-0.182,825.000,350.000,-1,375.000,-1,300.000,300.000,300.000,325.000,-1,325.000,275.000,-1,575.000,625.000,800.000,975.000,0,0,2,0,2,0,0,0,0,2,0,0,2,0,0,0,0
63,5550.646,6728.906,-326.784,-106.253,-0.275280,0.957882,-0.081750,-0.959318,-0.279245,-0.041613,-0.062688,0.066969,0.995784,0,0.94306,-0.09095,56.584,-0.182,825.000,350.000,-1,375.000,-1,300.000,300.000,300.000,325.000,-1,275.000,225.000,-1,575.000,625.000,800.000,975.000,0,0,2,0,2,0,0,0,0,2,0,0,2,0,0,0,0
64,5534.638,6674.635,-331.093,-106.435,-0.278666,0.956997,-0.080634,-0.958600,-0.282286,-0.037435,-0.058587,0.066864,0.996041,0,0.94306,-0.09095,56.584,-0.182,800.000,350.000,-1,375.000,-1,300.000,300.000,300.000,325.000,-1,250.000,200.000,-1,575.000,600.000,775.000,950.000,0,0,2,0,2,0,0,0,0,2,0,0,2,0,0,0,0
65,5518.459,6620.414,-334.966,-106.616,-0.281838,0.955990,-0.081552,-0.957833,-0.285292,-0.034114,-0.055879,0.068498,0.996085,0,0.94306,-0.09095,56.584,-0.182,775.000,325.000,-1,350.000,-1,275.000,300.000,300.000,325.000,-1,250.000,200.000,-1,550.000,600.000,750.000,925.000,0,0,2,0,2,0,0,0,0,2,0,0,2,0,0,0,0
66,5502.111,6566.244,-337.771,-106.798,-0.284980,0.954670,-0.085972,-0.957175,-0.288202,-0.027476,-0.051007,0.074460,0.995919,0,0.94306,-0.09095,56.584,-0.182,825.000,350.000,-1,350.000,975.000,275.000,300.000,325.000,325.000,-1,275.000,200.000,-1,575.000,600.000,800.000,900.000,0,0,2,0,0,0,0,0,0,2,0,0,2,0,0,0,0
67,5485.592,6512.126,-340.574,-106.980,-0.288172,0.953309,-0.090328,-0.956468,-0.291096,-0.020783,-0.046106,0.080407,0.995695,0,0.94306,-0.09095,56.584,-0.182,875.000,350.000,-1,350.000,925.000,275.000,300.000,325.000,300.000,-1,275.000,200.000,-1,575.000,600.000,825.000,875.000,0,0,2,0,0,0,0,0,0,2,0,0,2,0,0,0,0
68,5468.899,6458.061,-342.482,-107.162,-0.291414,0.952174,-0.091880,-0.955647,-0.294058,-0.016392,-0.042626,0.083028,0.995635,0,0.94306,-0.09095,56.584,-0.182,900.000,350.000,-1,350.000,900.000,275.000,275.000,325.000,300.000,-1,300.000,250.000,-1,575.000,575.000,825.000,850.000,0,0,2,0,0,0,0,0,0,2,0,0,2,0,0,0,0
69,5452.032,6404.051,-343.613,-107.344,-0.294967,0.951260,-0.089994,-0.954789,-0.297087,-0.010845,-0.037052,0.082726,0.995883,0,0.94306,-0.09095,56.584,-0.182,925.000,350.000,-1,350.000,925.000,300.000,300.000,325.000,300.000,-1,325.000,250.000,-1,575.000,600.000,875.000,850.000,0,0,2,0,0,0,0,0,0,2,0,0,2,0,0,0,0
70,5435.323,6351.489,-344.733,-107.636,-0.300312,0.949764,-0.088098,-0.953312,-0.301939,-0.005448,-0.031775,0.082349,0.996097,0,0.91923,-0.14596,55.154,-0.292,975.000,350.000,-1,350.000,925.000,300.000,300.000,325.000,325.000,-1,325.000,275.000,-1,600.000,600.000,900.000,875.000,0,0,2,0,0,0,0,0,0,2,0,0,2,0,0,0,0
71,5418.346,6299.013,-345.864,-107.928,-0.305639,0.948246,-0.086106,-0.951779,-0.306785,-0.000077,-0.026489,0.081930,0.996286,0,0.91923,-0.14596,55.154,-0.292,-1,350.000,-1,350.000,925.000,300.000,300.000,325.000,325.000,-1,350.000,300.000,-1,600.000,625.000,950.000,875.000,2,0,2,0,0,0,0,0,0,2,0,0,2,0,0,0,0
72,5401.102,6246.625,-347.002,-108.220,-0.310948,0.946706,-0.084024,-0.950191,-0.311624,0.005282,-0.021184,0.081481,0.996450,0,0.91923,-0.14596,55.154,-0.292,-1,350.000,-1,350.000,925.000,300.000,300.000,325.000,325.000,-1,300.000,250.000,-1,600.000,625.000,975.000,875.000,2,0,2,0,0,0,0,0,0,2,0,0,2,0,0,0,0
73,5383.591,6194.324,-348.145,-108.512,-0.316237,0.945142,-0.081863,-0.948548,-0.316455,0.010641,-0.015849,0.081016,0.996587,0,0.91923,-0.14596,55.154,-0.292,-1,350.000,-1,375.000,950.000,300.000,300.000,325.000,325.000,-1,250.000,225.000,-1,600.000,625.000,-1,875.000,2,0,2,0,0,0,0,0,0,2,0,0,2,0,0,2,0
74,5365.814,6142.114,-349.290,-108.804,-0.321506,0.943554,-0.079622,-0.946849,-0.321279,0.016001,-0.010483,0.080534,0.996697,0,0.91923,-0.14596,55.154,-0.292,-1,350.000,-1,375.000,950.000,300.000,300.000,300.000,325.000,-1,225.000,200.000,-1,600.000,625.000,-1,900.000,2,0,2,0,0,0,0,0,0,2,0,0,2,0,0,2,0
75,5347.772,6089.995,-350.439,-109.096,-0.326754,0.941943,-0.077300,-0.945096,-0.326095,0.021359,-0.005088,0.080035,0.996779,0,0.91923,-0.14596,55.154,-0.292,-1,350.000,-1,375.000,950.000,300.000,300.000,300.000,350.000,-1,200.000,200.000,-1,625.000,625.000,-1,900.000,2,0,2,0,0,0,0,0,0,2,0,0,2,0,0,2,0
76,5329.463,6037.968,-351.591,-109.387,-0.331980,0.940308,-0.074896,-0.943286,-0.330904,0.026715,0.000337,0.079517,0.996833,0,0.91923,-0.14596,55.154,-0.292,-1,350.000,-1,375.000,950.000,300.000,300.000,300.000,325.000,-1,175.000,175.000,-1,625.000,625.000,-1,900.000,2,0,2,0,0,0,0,0,0,2,0,0,2,0,0,2,0
77,5310.892,5986.034,-352.181,-109.679,-0.337060,0.938480,-0.075145,-0.941475,-0.335644,0.031118,0.003982,0.081236,0.996687,0,0.91923,-0.14596,55.154,-0.292,-1,350.000,-1,375.000,900.000,300.000,300.000,300.000,325.000,-1,200.000,175.000,-1,625.000,600.000,-1,875.000,2,0,2,0,0,0,0,0,0,2,0,0,2,0,0,2,0
78,5292.059,5934.195,-352.193,-109.971,-0.342149,0.936440,-0.077549,-0.939615,-0.340305,0.036272,0.007577,0.085277,0.996328,0,0.91923,-0.14596,55.154,-0.292,-1,350.000,-1,375.000,875.000,300.000,300.000,300.000,325.000,-1,225.000,200.000,-1,625.000,600.000,-1,850.000,2,0,2,0,0,0,0,0,0,2,0,0,2,0,0,2,0
79,5272.963,5882.452,-352.107,-110.263,-0.347284,0.934330,-0.080139,-0.937689,-0.344938,0.041914,0.011519,0.089701,0.995902,0,0.91923,-0.14596,55.154,-0.292,-1,375.000,-1,350.000,825.000,300.000,300.000,300.000,300.000,-1,250.000,200.000,-1,650.000,600.000,-1,825.000,2,0,2,0,0,0,0,0,0,2,0,0,2,0,0,2,0
80,5253.602,5830.808,-351.667,-110.555,-0.352374,0.932291,-0.081646,-0.935740,-0.349593,0.046643,0.014942,0.092835,0.995569,0,0.91923,-0.14596,55.154,-0.292,-1,375.000,-1,350.000,775.000,300.000,300.000,325.000,300.000,-1,275.000,225.000,-1,650.000,600.000,-1,800.000,2,0,2,0,0,0,0,0,0,2,0,0,2,0,0,2,0
81,5233.974,5779.264,-350.342,-110.847,-0.357315,0.930506,-0.080525,-0.933826,-0.354341,0.049102,0.017156,0.092741,0.995542,0,0.91923,-0.14596,55.154,-0.292,-1,375.000,-1,350.000,775.000,300.000,300.000,325.000,300.000,-1,300.000,275.000,-1,650.000,575.000,-1,775.000,2,0,2,0,0,0,0,0,0,2,0,0,2,0,0,2,0
82,5214.083,5727.822,-348.660,-111.139,-0.362305,0.928809,-0.077768,-0.931835,-0.359124,0.052093,0.020456,0.091340,0.995610,0,0.91923,-0.14596,55.154,-0.292,-1,375.000,-1,350.000,775.000,300.000,300.000,325.000,300.000,-1,350.000,300.000,-1,650.000,575.000,-1,800.000,2,0,2,0,0,0,0,0,0,2,0,0,2,0,0,2,0
83,5193.930,5676.481,-346.946,-111.431,-0.367278,0.927095,-0.074843,-0.929805,-0.363901,0.055129,0.023875,0.089838,0.995670,0,0.91923,-0.14596,55.154,-0.292,-1,375.000,-1,350.000,775.000,300.000,300.000,325.000,300.000,-1,375.000,350.000,-1,675.000,575.000,-1,800.000,2,0,2,0,0,0,0,0,0,2,0,0,2,0,0,2,0
84,5173.515,5625.244,-345.195,-111.723,-0.372232,0.925361,-0.071774,-0.927735,-0.368673,0.058201,0.027396,0.088252,0.995721,0,0.91923,-0.14596,55.154,-0.292,-1,375.000,-1,350.000,775.000,300.000,300.000,300.000,300.000,-1,400.000,375.000,-1,675.000,600.000,-1,800.000,2,0,2,0,0,0,0,0,0,2,0,0,2,0,0,2,0
85,5152.840,5574.112,-343.405,-112.015,-0.377163,0.923606,-0.068559,-0.925627,-0.373437,0.061306,0.031020,0.086583,0.995762,0,0.91923,-0.14596,55.154,-0.292,-1,375.000,-1,350.000,775.000,325.000,300.000,300.000,300.000,-1,375.000,400.000,-1,675.000,600.000,-1,800.000,2,0,2,0,0,0,0,0,0,2,0,0,2,0,0,2,0
86,5131.904,5523.085,-341.575,-112.307,-0.382070,0.921831,-0.065198,-0.923480,-0.378195,0.064443,0.034748,0.084830,0.995789,0,0.91923,-0.14596,55.154,-0.292,-1,375.000,-1,350.000,775.000,325.000,300.000,300.000,300.000,-1,350.000,375.000,-1,675.000,575.000,-1,800.000,2,0,2,0,0,0,0,0,0,2,0,0,2,0,0,2,0
87,5110.709,5472.166,-339.705,-112.599,-0.386951,0.920035,-0.061687,-0.921293,-0.382947,0.067610,0.038581,0.082993,0.995803,0,0.91923,-0.14596,55.154,-0.292,-1,375.000,-1,350.000,775.000,325.000,300.000,300.000,300.000,-1,300.000,325.000,-1,675.000,575.000,-1,800.000,2,0,2,0,0,0,0,0,0,2,0,0,2,0,0,2,0
88,5090.927,5425.860,-337.977,-113.130,-0.395617,0.916566,-0.058260,-0.917464,-0.391525,0.070483,0.041792,0.081336,0.995810,0,0.83923,-0.26596,50.354,-0.532,-1,375.000,-1,350.000,775.000,325.000,300.000,300.000,325.000,-1,275.000,300.000,-1,700.000,575.000,-1,800.000,2,0,2,0,0,0,0,0,0,2,0,0,2,0,0,2,0
89,5072.261,5383.745,-336.334,-113.902,-0.408029,0.911299,-0.055187,-0.911898,-0.403878,0.072970,0.044209,0.080099,0.995806,0,0.76775,-0.38596,46.065,-0.772,-1,375.000,-1,350.000,775.000,325.000,300.000,300.000,325.000,-1,250.000,275.000,-1,700.000,575.000,-1,800.000,2,0,2,0,0,0,0,0,0,2,0,0,2,0,0,2,0
90,5052.855,5341.966,-334.420,-114.914,-0.424133,0.904030,-0.053305,-0.904459,-0.419911,0.075022,0.045439,0.080032,0.995756,0,0.76775,-0.50596,46.065,-1.012,-1,375.000,-1,350.000,750.000,325.000,300.000,300.000,325.000,-1,250.000,275.000,-1,700.000,575.000,-1,800.000,2,0,2,0,0,0,0,0,0,2,0,0,2,0,0,2,0
91,5032.542,5300.620,-332.394,-116.166,-0.443886,0.894601,-0.051513,-0.894860,-0.439544,0.077638,0.046813,0.080559,0.995650,0,0.76775,-0.62596,46.065,-1.252,-1,375.000,-1,350.000,750.000,300.000,300.000,300.000,300.000,-1,250.000,275.000,-1,700.000,575.000,-1,775.000,2,0,2,0,0,0,0,0,0,2,0,0,2,0,0,2,0
92,5011.159,5259.817,-330.337,-117.658,-0.467135,0.882793,-0.049608,-0.882875,-0.462655,0.080512,0.048124,0.081408,0.995518,0,0.76775,-0.74596,46.065,-1.492,-1,375.000,-1,350.000,750.000,300.000,300.000,300.000,300.000,-1,250.000,275.000,-1,675.000,575.000,-1,775.000,2,0,2,0,0,0,0,0,0,2,0,0,2,0,0,2,0
93,4988.712,5219.590,-328.324,-119.164,-0.490273,0.870276,-0.047467,-0.870161,-0.485659,0.083402,0.049530,0.082193,0.995385,0,0.76775,-0.75282,46.065,-1.506,-1,375.000,-1,350.000,750.000,300.000,300.000,300.000,300.000,-1,250.000,275.000,-1,675.000,575.000,-1,750.000,2,0,2,0,0,0,0,0,0,2,0,0,2,0,0,2,0
94,4965.215,5179.967,-326.340,-120.669,-0.513063,0.857167,-0.045064,-0.856835,-0.508330,0.086224,0.051002,0.082851,0.995256,0,0.76775,-0.75282,46.065,-1.506,-1,375.000,-1,350.000,725.000,300.000,300.000,300.000,300.000,-1,275.000,275.000,-1,675.000,575.000,-1,750.000,2,0,2,0,0,0,0,0,0,2,0,0,2,0,0,2,0
95,4940.683,5140.976,-323.988,-122.175,-0.535376,0.843579,-0.041801,-0.843048,-0.530717,0.087227,0.051399,0.081939,0.995311,0,0.76775,-0.75282,46.065,-1.506,-1,375.000,-1,350.000,750.000,300.000,300.000,300.000,300.000,-1,275.000,300.000,-1,650.000,575.000,-1,750.000,2,0,2,0,0,0,0,0,0,2,0,0,2,0,0,2,0
96,4915.135,5102.643,-321.618,-123.681,-0.557303,0.829424,-0.038317,-0.828696,-0.552754,0.087896,0.051723,0.080738,0.995392,0,0.76775,-0.75282,46.065,-1.506,-1,375.000,-1,350.000,750.000,300.000,300.000,300.000,300.000,-1,300.000,325.000,-1,650.000,575.000,-1,725.000,2,0,2,0,0,0,0,0,0,2,0,0,2,0,0,2,0
97,4888.589,5064.995,-319.272,-125.186,-0.578841,0.814702,-0.034692,-0.813775,-0.574418,0.088399,0.052091,0.079401,0.995481,0,0.76775,-0.75282,46.065,-1.506,-1,350.000,-1,350.000,750.000,300.000,275.000,300.000,300.000,-1,275.000,325.000,-1,625.000,550.000,-1,725.000,2,0,2,0,0,0,0,0,0,2,0,0,2,0,0,2,0
98,4861.065,5028.055,-316.405,-126.692,-0.600117,0.799290,-0.031529,-0.798071,-0.595598,0.091350,0.054237,0.079983,0.995320,0,0.76775,-0.75282,46.065,-1.506,-1,350.000,-1,350.000,775.000,300.000,275.000,300.000,300.000,-1,275.000,350.000,-1,625.000,550.000,-1,750.000,2,0,2,0,0,0,0,0,0,2,0,0,2,0,0,2,0
99,4832.579,4991.852,-313.441,-128.198,-0.620970,0.783339,-0.027854,-0.781775,-0.616374,0.094398,0.056778,0.080394,0.995145,0,0.76775,-0.75282,46.065,-1.506,-1,350.000,-1,350.000,800.000,300.000,300.000,300.000,325.000,-1,250.000,325.000,-1,625.000,575.000,-1,775.000,2,0,2,0,0,0,0,0,0,2,0,0,2,0,0,2,0
100,4803.152,4956.409,-310.496,-129.703,-0.641379,0.766849,-0.023995,-0.764925,-0.636724,0.097327,0.059357,0.080778,0.994963,0,0.76775,-0.75282,46.065,-1.506,-1,350.000,-1,350.000,825.000,300.000,300.000,300.000,325.000,-1,225.000,300.000,-1,625.000,575.000,-1,800.000,2,0,2,0,0,0,0,0,0,2,0,0,2,0,0,2,0
101,4772.804,4921.752,-307.570,-131.209,-0.661326,0.749833,-0.019961,-0.747535,-0.656634,0.100118,0.061965,0.081132,0.994775,0,0.76775,-0.75282,46.065,-1.506,-1,350.000,-1,350.000,875.000,300.000,300.000,300.000,325.000,-1,225.000,275.000,-1,625.000,575.000,-1,825.000,2,0,2,0,0,0,0,0,0,2,0,0,2,0,0,2,0
102,4741.555,4887.905,-304.665,-132.715,-0.680798,0.732301,-0.015761,-0.729617,-0.676092,0.102756,0.064593,0.081455,0.994582,0,0.76775,-0.75282,46.065,-1.506,-1,350.000,-1,350.000,950.000,300.000,300.000,325.000,325.000,-1,225.000,275.000,-1,650.000,575.000,-1,850.000,2,0,2,0,0,0,0,0,0,2,0,0,2,0,0,2,0
103,4709.428,4854.890,-301.672,-134.220,-0.699797,0.714241,-0.011964,-0.711204,-0.695058,0.105278,0.066878,0.082182,0.994371,0,0.76775,-0.75282,46.065,-1.506,-1,350.000,-1,350.000,-1,300.000,300.000,325.000,325.000,-1,225.000,275.000,-1,650.000,575.000,-1,875.000,2,0,2,0,2,0,0,0,0,2,0,0,2,0,0,2,0
104,4676.445,4822.730,-298.604,-135.726,-0.718312,0.695669,-0.008526,-0.692306,-0.713520,0.107708,0.068845,0.083271,0.994146,0,0.76775,-0.75282,46.065,-1.506,-1,375.000,-1,350.000,-1,300.000,300.000,325.000,325.000,-1,225.000,275.000,-1,650.000,575.000,-1,950.000,2,0,2,0,2,0,0,0,0,2,0,0,2,0,0,2,0
105,4642.628,4791.448,-295.369,-137.231,-0.736286,0.676658,-0.004109,-0.672900,-0.731529,0.109868,0.071337,0.083659,0.993938,0,0.76775,-0.75282,46.065,-1.506,-1,375.000,-1,350.000,-1,300.000,300.000,325.000,325.000,-1,225.000,275.000,-1,650.000,600.000,-1,-1,2,0,2,0,2,0,0,0,0,2,0,0,2,0,0,2,2
106,4608.000,4761.066,-292.088,-138.737,-0.753719,0.657197,0.000708,-0.653019,-0.749048,0.111775,0.073989,0.083785,0.993733,0,0.76775,-0.75282,46.065,-1.506,-1,375.000,-1,350.000,-1,300.000,300.000,325.000,325.000,-1,250.000,275.000,-1,650.000,600.000,-1,-1,2,0,2,0,2,0,0,0,0,2,0,0,2,0,0,2,2
107,4572.586,4731.604,-288.829,-140.243,-0.770610,0.637283,0.005600,-0.632688,-0.766051,0.113458,0.076595,0.083889,0.993527,0,0.76775,-0.75282,46.065,-1.506,-1,375.000,-1,350.000,-1,300.000,300.000,325.000,325.000,-1,250.000,275.000,-1,650.000,625.000,-1,-1,2,0,2,0,2,0,0,0,0,2,0,0,2,0,0,2,2
108,4536.410,4703.083,-285.597,-141.748,-0.786947,0.616930,0.010551,-0.611924,-0.782526,0.114906,0.079146,0.083968,0.993320,0,0.76775,-0.75282,46.065,-1.506,-1,375.000,-1,350.000,-1,300.000,300.000,325.000,325.000,-1,250.000,275.000,-1,650.000,625.000,-1,-1,2,0,2,0,2,0,0,0,0,2,0,0,2,0,0,2,2
109,4499.497,4675.522,-282.365,-143.254,-0.802727,0.596148,0.015394,-0.590746,-0.798454,0.116149,0.081533,0.084142,0.993112,0,0.76775,-0.75282,46.065,-1.506,-1,375.000,-1,350.000,-1,300.000,300.000,325.000,325.000,-1,250.000,275.000,-1,650.000,650.000,-1,-1,2,0,2,0,2,0,0,0,0,2,0,0,2,0,0,2,2
110,4461.875,4648.939,-278.645,-144.760,-0.818068,0.574852,0.017616,-0.569236,-0.813686,0.117836,0.082072,0.086370,0.992877,0,0.76775,-0.75282,46.065,-1.506,-1,375.000,-1,375.000,-1,300.000,300.000,325.000,325.000,-1,275.000,300.000,-1,650.000,650.000,-1,-1,2,0,2,0,2,0,0,0,0,2,0,0,2,0,0,2,2
111,4423.567,4623.353,-274.954,-146.265,-0.832836,0.553165,0.019804,-0.547344,-0.828347,0.119398,0.082451,0.088599,0.992649,0,0.76775,-0.75282,46.065,-1.506,-1,375.000,-1,375.000,-1,300.000,300.000,325.000,325.000,-1,300.000,325.000,-1,650.000,650.000,-1,-1,2,0,2,0,2,0,0,0,0,2,0,0,2,0,0,2,2
112,4384.342,4598.625,-271.213,-147.776,-0.847073,0.531021,0.021992,-0.524978,-0.842450,0.121146,0.082859,0.091074,0.992391,0,0.77278,-0.75516,46.367,-1.510,-1,375.000,-1,375.000,-1,300.000,300.000,325.000,325.000,-1,325.000,350.000,-1,650.000,675.000,-1,-1,2,0,2,0,2,0,0,0,0,2,0,0,2,0,0,2,2
113,4344.210,4574.782,-267.257,-149.290,-0.860775,0.508405,0.024315,-0.502036,-0.855919,0.123941,0.083824,0.094478,0.991992,0,0.77798,-0.75734,46.679,-1.515,-1,375.000,-1,375.000,-1,300.000,300.000,325.000,325.000,-1,350.000,350.000,-1,650.000,675.000,-1,-1,2,0,2,0,2,0,0,0,0,2,0,0,2,0,0,2,2
114,4303.179,4551.853,-263.319,-150.809,-0.873896,0.485382,0.026663,-0.478692,-0.868806,0.126613,0.084621,0.097883,0.991594,0,0.78333,-0.75934,47.000,-1.519,-1,375.000,-1,375.000,-1,300.000,300.000,325.000,325.000,-1,350.000,325.000,-1,650.000,700.000,-1,-1,2,0,2,0,2,0,0,0,0,2,0,0,2,0,0,2,2
115,4261.262,4529.870,-259.322,-152.331,-0.886415,0.461985,0.028957,-0.455018,-0.881119,0.128795,0.085016,0.100990,0.991248,0,0.78883,-0.76116,47.330,-1.522,-1,375.000,-1,375.000,-1,300.000,300.000,325.000,325.000,-1,350.000,325.000,-1,675.000,725.000,-1,-1,2,0,2,0,2,0,0,0,0,2,0,0,2,0,0,2,2
116,4218.470,4508.862,-255.357,-153.857,-0.898324,0.438222,0.031240,-0.430985,-0.892818,0.130873,0.085243,0.104102,0.990907,0,0.79448,-0.76279,47.669,-1.526,-1,375.000,-1,375.000,-1,300.000,300.000,325.000,325.000,-1,350.000,325.000,-1,700.000,750.000,-1,-1,2,0,2,0,2,0,0,0,0,2,0,0,2,0,0,2,2
117,4174.817,4488.857,-251.437,-155.385,-0.909609,0.414112,0.033514,-0.406611,-0.903886,0.132886,0.085322,0.107247,0.990565,0,0.80027,-0.76422,48.016,-1.528,-1,375.000,-1,375.000,-1,300.000,300.000,325.000,325.000,-1,350.000,300.000,-1,700.000,750.000,-1,-1,2,0,2,0,2,0,0,0,0,2,0,0,2,0,0,2,2
118,4135.132,4471.740,-247.966,-156.674,-0.918610,0.393565,0.035536,-0.385823,-0.912696,0.134634,0.085421,0.109965,0.990258,0,0.72027,-0.64422,43.216,-1.288,-1,375.000,-1,375.000,-1,300.000,300.000,325.000,325.000,-1,350.000,300.000,-1,725.000,775.000,-1,-1,2,0,2,0,2,0,0,0,0,2,0,0,2,0,0,2,2
119,4099.583,4457.173,-244.921,-157.722,-0.925583,0.376702,0.037312,-0.368742,-0.919508,0.136143,0.085594,0.112254,0.989986,0,0.64027,-0.52422,38.416,-1.048,-1,375.000,-1,400.000,-1,300.000,300.000,325.000,325.000,-1,325.000,300.000,-1,750.000,775.000,-1,-1,2,0,2,0,2,0,0,0,0,2,0,0,2,0,0,2,2
120,4068.299,4444.866,-242.282,-158.531,-0.930739,0.363614,0.038848,-0.355453,-0.924535,0.137436,0.085890,0.114109,0.989749,0,0.56027,-0.40422,33.616,-0.808,-1,375.000,-1,400.000,-1,300.000,325.000,325.000,325.000,-1,325.000,300.000,-1,750.000,800.000,-1,-1,2,0,2,0,2,0,0,0,0,2,0,0,2,0,1,2,2
121,4041.379,4434.583,-239.956,-159.099,-0.934245,0.354377,0.040041,-0.346075,-0.927974,0.138190,0.086128,0.115247,0.989596,0,0.48027,-0.28422,28.816,-0.568,-1,375.000,-1,400.000,-1,325.000,325.000,325.000,325.000,-1,325.000,300.000,-1,775.000,-1,-1,-1,2,0,2,0,2,0,0,0,0,2,0,0,2,0,2,2,2
122,4018.894,4426.143,-237.935,-159.427,-0.936217,0.349033,0.040900,-0.340645,-0.929942,0.138452,0.086359,0.115689,0.989524,0,0.40027,-0.16422,24.016,-0.328,-1,400.000,-1,400.000,-1,325.000,325.000,325.000,325.000,-1,350.000,300.000,-1,775.000,-1,-1,-1,2,0,2,0,2,0,0,0,0,2,0,0,2,0,2,2,2
123,4000.893,4419.418,-236.308,-159.516,-0.936723,0.347594,0.041567,-0.339121,-0.930470,0.138642,0.086869,0.115773,0.989470,0,0.32027,-0.04422,19.216,-0.088,-1,400.000,-1,400.000,-1,325.000,325.000,325.000,325.000,-1,350.000,300.000,-1,775.000,-1,-1,-1,2,0,2,0,2,0,0,0,0,2,0,0,2,0,2,2,2
124,3987.402,4414.338,-235.121,-159.364,-0.935793,0.350058,0.041851,-0.341514,-0.929558,0.138887,0.087521,0.115677,0.989424,0,0.24027,0.07578,14.416,0.152,-1,400.000,-1,400.000,-1,325.000,325.000,325.000,325.000,-1,350.000,300.000,-1,775.000,-1,-1,-1,2,0,2,0,2,0,0,0,0,2,0,0,2,0,2,2,2
125,3978.427,4410.888,-234.323,-158.973,-0.933382,0.356422,0.041973,-0.347807,-0.927196,0.139060,0.088481,0.115197,0.989394,0,0.16027,0.19578,9.616,0.392,-1,400.000,-1,400.000,-1,325.000,325.000,325.000,325.000,-1,350.000,325.000,-1,775.000,-1,-1,-1,2,0,2,0,2,0,0,0,0,2,0,0,2,0,2,2,2
126,3973.951,4409.112,-233.910,-158.341,-0.929407,0.366660,0.041995,-0.357969,-0.923310,0.139127,0.089786,0.114272,0.989384,0,0.08027,0.31578,4.816,0.632,-1,400.000,-1,400.000,-1,325.000,325.000,325.000,325.000,-1,350.000,325.000,-1,775.000,-1,-1,-1,2,0,2,0,2,0,0,0,0,2,0,0,2,0,2,2,2
127,3973.937,4409.108,-233.894,-157.470,-0.923739,0.380723,0.041917,-0.371952,-0.917772,0.139088,0.091424,0.112890,0.989392,0,0.00027,0.43578,0.016,0.872,-1,400.000,-1,400.000,-1,325.000,325.000,325.000,325.000,-1,350.000,325.000,-1,775.000,-1,-1,-1,2,0,2,0,2,0,0,0,0,2,0,0,2,0,2,2,2
128,3978.320,4411.029,-234.293,-156.358,-0.916201,0.398539,0.041739,-0.389688,-0.910405,0.138944,0.093374,0.111036,0.989420,0,-0.07973,0.55578,-4.784,1.112,-1,400.000,-1,400.000,-1,325.000,325.000,325.000,325.000,-1,350.000,325.000,-1,775.000,-1,-1,-1,2,0,2,0,2,0,0,0,0,2,0,0,2,0,2,2,2
129,3987.006,4415.081,-235.130,-155.007,-0.906572,0.420011,0.041454,-0.411081,-0.900986,0.138696,0.095604,0.108697,0.989467,0,-0.15973,0.67578,-9.584,1.352,-1,400.000,-1,400.000,-1,325.000,325.000,325.000,325.000,-1,350.000,325.000,-1,775.000,-1,-1,-1,2,0,2,0,2,0,0,0,0,2,0,0,2,0,2,2,2
130,3999.876,4421.509,-236.433,-153.473,-0.895037,0.444099,0.041060,-0.435099,-0.889690,0.138348,0.097971,0.105961,0.989532,0,-0.23973,0.76658,-14.384,1.533,-1,375.000,-1,400.000,-1,325.000,325.000,325.000,325.000,-1,325.000,325.000,-1,775.000,-1,-1,-1,2,0,2,0,2,0,0,0,0,2,0,0,2,0,2,2,2
131,4016.806,4430.537,-238.260,-151.942,-0.882885,0.467848,0.040404,-0.458815,-0.877754,0.137976,0.100016,0.103279,0.989611,0,-0.31973,0.76566,-19.184,1.531,-1,375.000,-1,400.000,-1,325.000,325.000,325.000,325.000,-1,325.000,300.000,-1,750.000,-1,-1,-1,2,0,2,0,2,0,0,0,0,2,0,0,2,0,2,2,2
132,4036.434,4441.685,-240.512,-150.412,-0.870127,0.491250,0.039412,-0.482219,-0.865172,0.137628,0.101708,0.100748,0.989700,0,-0.37618,0.76513,-22.571,1.530,-1,375.000,-1,400.000,-1,300.000,325.000,325.000,325.000,-1,325.000,300.000,-1,750.000,775.000,-1,-1,2,0,2,0,2,0,0,0,0,2,0,0,2,0,0,2,2
133,4055.911,4453.447,-242.829,-148.882,-0.856748,0.514305,0.038382,-0.505286,-0.851967,0.137253,0.103289,0.098197,0.989792,0,-0.37919,0.76492,-22.751,1.530,-1,375.000,-1,400.000,-1,300.000,300.000,325.000,325.000,-1,300.000,300.000,-1,750.000,775.000,-1,-1,2,0,2,0,2,0,0,0,0,2,0,0,2,0,0,2,2
134,4075.218,4465.820,-245.209,-147.352,-0.842757,0.537000,0.037313,-0.528002,-0.838145,0.136849,0.104762,0.095629,0.989889,0,-0.38216,0.76485,-22.929,1.530,-1,375.000,-1,375.000,-1,300.000,300.000,325.000,325.000,-1,300.000,300.000,-1,725.000,775.000,-1,-1,2,0,2,0,2,0,0,0,0,2,0,0,2,0,0,2,2
