timestep,x_cm,y_cm,z_cm,yaw_deg,basis_xx,basis_xy,basis_xz,basis_yx,basis_yy,basis_yz,basis_zx,basis_zy,basis_zz,teleport_flag,throttle_cmd,steering_cmd,cmd_move_cm,cmd_turn_deg,lidar_cm_0,lidar_cm_1,lidar_cm_2,lidar_cm_3,lidar_cm_4,lidar_cm_5,lidar_cm_6,lidar_cm_7,lidar_cm_8,lidar_cm_9,lidar_cm_10,lidar_cm_11,lidar_cm_12,lidar_cm_13,lidar_cm_14,lidar_cm_15,lidar_cm_16,lidar_class_0,lidar_class_1,lidar_class_2,lidar_class_3,lidar_class_4,lidar_class_5,lidar_class_6,lidar_class_7,lidar_class_8,lidar_class_9,lidar_class_10,lidar_class_11,lidar_class_12,lidar_class_13,lidar_class_14,lidar_class_15,lidar_class_16
0,-9511.430,-979.099,-56.446,92.084,-0.019470,-0.983607,-0.179270,0.995457,-0.035786,0.088234,-0.093203,-0.176738,0.979835,1,0.08000,0.12000,4.800,0.240,-1,675.000,-1,225.000,-1,275.000,175.000,125.000,450.000,-1,0.000,-1,-1,-1,375.000,-1,650.000,2,1,2,0,2,1,0,1,0,2,0,2,2,2,0,2,0
1,-9511.872,-969.510,-57.426,92.564,-0.026690,-0.982525,-0.184205,0.994925,-0.043992,0.090492,-0.097014,-0.180855,0.978713,0,0.16000,0.24000,9.600,0.480,-1,675.000,-1,200.000,-1,275.000,150.000,125.000,450.000,-1,0.000,-1,-1,-1,375.000,-1,575.000,2,1,2,0,2,1,0,1,0,2,0,2,2,2,0,2,0
2,-9512.716,-955.136,-58.944,93.284,-0.037403,-0.980709,-0.191860,0.993997,-0.056267,0.093833,-0.102818,-0.187199,0.976926,0,0.24000,0.36000,14.400,0.720,-1,675.000,-1,200.000,-1,275.000,150.000,125.000,475.000,-1,0.000,-1,-1,-1,350.000,-1,500.000,2,1,2,0,2,1,0,1,0,2,0,2,2,2,0,2,0
3,-9514.165,-935.993,-61.053,94.244,-0.051460,-0.977921,-0.202538,0.992519,-0.072563,0.098187,-0.110716,-0.195970,0.974340,0,0.32000,0.48000,19.200,0.960,-1,675.000,-1,200.000,-1,275.000,150.000,125.000,475.000,-1,0.000,-1,-1,-1,325.000,-1,425.000,2,1,2,0,2,1,0,1,0,2,0,2,2,2,0,2,0
4,-9516.480,-912.108,-63.830,95.444,-0.068633,-0.973834,-0.216648,0.990298,-0.092803,0.103431,-0.120830,-0.207447,0.970755,0,0.40000,0.60000,24.000,1.200,-1,650.000,-1,175.000,-1,300.000,125.000,125.000,525.000,-1,0.000,-1,-1,-1,300.000,-1,325.000,2,1,2,0,2,1,0,1,0,2,0,2,2,2,0,2,0
5,-9519.903,-883.516,-67.346,96.724,-0.085916,-0.968364,-0.234284,0.987373,-0.114170,0.109813,-0.133087,-0.221891,0.965946,0,0.48000,0.64024,28.800,1.280,-1,650.000,-1,150.000,-1,300.000,125.000,150.000,575.000,-1,0.000,-1,-1,-1,250.000,-1,250.000,2,1,2,0,2,1,0,1,0,2,0,2,2,2,0,2,0
6,-9524.656,-850.257,-71.693,98.016,-0.101763,-0.961367,-0.255768,0.983811,-0.135379,0.117428,-0.147517,-0.239677,0.959580,0,0.56000,0.64576,33.600,1.292,-1,600.000,-1,125.000,-1,300.000,100.000,150.000,650.000,-1,0.000,-1,-1,-1,225.000,-1,200.000,2,1,2,0,2,1,1,1,0,2,0,2,2,2,0,2,0
7,-8855.090,-2295.783,-33.570,167.935,-0.977415,-0.208722,-0.033079,0.210140,-0.976511,-0.047609,-0.022365,-0.053485,0.998318,1,0.00000,0.00000,38.400,1.308,850.000,400.000,-1,400.000,-1,325.000,325.000,300.000,300.000,-1,825.000,900.000,-1,775.000,875.000,-1,-1,1,1,2,0,2,0,0,0,0,2,0,0,2,1,0,2,2
8,-8859.780,-2294.760,-33.681,167.695,-0.976533,-0.212810,-0.033083,0.214224,-0.975625,-0.047579,-0.022151,-0.053550,0.998319,0,0.08000,-0.12000,4.800,-0.240,850.000,400.000,-1,400.000,-1,325.000,325.000,300.000,300.000,-1,825.000,900.000,-1,775.000,875.000,-1,-1,1,1,2,0,2,0,0,0,0,2,0,0,2,1,0,2,2
9,-8869.142,-2292.636,-33.899,167.215,-0.974718,-0.220974,-0.033092,0.222379,-0.973801,-0.047520,-0.021724,-0.053678,0.998322,0,0.16000,-0.24000,9.600,-0.480,850.000,400.000,-1,400.000,-1,325.000,325.000,300.000,300.000,-1,825.000,900.000,-1,775.000,875.000,-1,-1,1,1,2,0,2,0,0,0,0,2,0,0,2,1,0,2,2
10,-8883.144,-2289.273,-34.217,166.495,-0.971867,-0.233191,-0.033107,0.234584,-0.970938,-0.047431,-0.021085,-0.053863,0.998326,0,0.24000,-0.36000,14.400,-0.720,850.000,400.000,-1,400.000,-1,325.000,325.000,300.000,300.000,-1,850.000,900.000,-1,800.000,875.000,-1,-1,1,1,2,0,2,0,0,0,0,2,0,0,2,1,0,2,2
11,-8901.735,-2284.477,-34.625,165.535,-0.967828,-0.249422,-0.033131,0.250798,-0.966883,-0.047311,-0.020234,-0.054098,0.998331,0,0.32000,-0.48000,19.200,-0.960,875.000,400.000,-1,400.000,-1,325.000,325.000,300.000,300.000,-1,850.000,925.000,-1,825.000,875.000,-1,-1,1,1,2,0,2,0,0,0,0,2,0,0,2,1,0,2,2
12,-8924.844,-2277.996,-35.110,164.335,-0.962398,-0.269613,-0.033168,0.270968,-0.961433,-0.047158,-0.019174,-0.054373,0.998337,0,0.40000,-0.60000,24.000,-1.200,875.000,400.000,-1,400.000,-1,325.000,325.000,300.000,300.000,-1,875.000,925.000,-1,850.000,875.000,-1,-1,1,0,2,0,2,0,0,0,0,2,0,0,2,1,0,2,2
13,-8952.371,-2269.526,-35.653,162.895,-0.955325,-0.293684,-0.033220,0.295013,-0.954338,-0.046969,-0.017909,-0.054671,0.998344,0,0.48000,-0.72000,28.800,-1.440,925.000,400.000,-1,400.000,-1,325.000,325.000,300.000,300.000,-1,900.000,950.000,-1,900.000,875.000,-1,-1,1,0,2,0,2,0,0,0,0,2,0,0,2,0,0,2,2
14,-8984.182,-2258.706,-36.237,161.215,-0.946314,-0.321531,-0.033293,0.322831,-0.945302,-0.046737,-0.016444,-0.054976,0.998352,0,0.56000,-0.84000,33.600,-1.680,-1,400.000,-1,400.000,-1,325.000,325.000,300.000,300.000,-1,925.000,975.000,-1,900.000,900.000,-1,-1,2,0,2,0,2,0,0,0,0,2,0,0,2,0,0,2,2
15,-9020.128,-2245.197,-36.840,159.403,-0.935685,-0.351252,-0.033396,0.352522,-0.934650,-0.046451,-0.014898,-0.055236,0.998362,0,0.64000,-0.90591,38.400,-1.812,-1,425.000,-1,400.000,-1,325.000,325.000,300.000,300.000,-1,975.000,1000.000,-1,925.000,900.000,-1,-1,2,0,2,0,2,0,0,0,0,2,0,0,2,0,0,2,2
16,-9060.071,-2228.740,-37.440,157.609,-0.924237,-0.380342,-0.033552,0.381581,-0.923187,-0.046058,-0.013457,-0.055371,0.998375,0,0.72000,-0.89713,43.200,-1.794,-1,425.000,-1,400.000,-1,325.000,325.000,300.000,300.000,-1,-1,-1,-1,950.000,925.000,-1,-1,2,0,2,0,2,0,0,0,0,2,2,2,2,0,0,2,2
17,-9103.865,-2209.090,-38.010,155.834,-0.912020,-0.408753,-0.033777,0.409965,-0.910967,-0.045464,-0.012186,-0.055312,0.998395,0,0.80000,-0.88742,48.000,-1.775,-1,425.000,-1,425.000,-1,350.000,325.000,300.000,300.000,-1,-1,-1,-1,950.000,925.000,-1,-1,2,0,2,0,2,0,0,0,0,2,2,2,2,0,0,2,2
18,-9151.355,-2186.011,-39.023,154.081,-0.899027,-0.436395,-0.036206,0.437715,-0.897946,-0.045812,-0.012519,-0.057034,0.998294,0,0.88000,-0.87675,52.800,-1.754,-1,425.000,-1,425.000,-1,350.000,325.000,300.000,300.000,-1,-1,-1,-1,950.000,925.000,-1,-1,2,0,2,0,2,0,0,0,0,2,2,2,2,0,0,2,2
19,-9198.116,-2161.515,-39.995,152.350,-0.885371,-0.463261,-0.038830,0.464704,-0.884268,-0.046056,-0.013000,-0.058821,0.998184,0,0.87980,-0.86515,52.788,-1.730,-1,425.000,-1,425.000,-1,350.000,325.000,300.000,300.000,-1,-1,-1,-1,950.000,925.000,-1,-1,2,0,2,0,2,0,0,0,0,2,2,2,2,0,0,2,2
20,-9243.791,-2135.826,-40.877,150.643,-0.871107,-0.489345,-0.041402,0.490909,-0.869991,-0.046094,-0.013464,-0.060477,0.998079,0,0.87337,-0.85341,52.402,-1.707,-1,425.000,-1,425.000,-1,325.000,325.000,275.000,300.000,-1,-1,-1,-1,925.000,925.000,-1,-1,2,0,2,0,2,0,0,1,0,2,2,2,2,0,0,2,2
21,-9288.315,-2109.029,-41.704,148.956,-0.856252,-0.514702,-0.043754,0.516374,-0.855133,-0.045879,-0.013801,-0.061878,0.997988,0,0.86609,-0.84356,51.965,-1.687,-1,425.000,-1,425.000,-1,325.000,325.000,275.000,300.000,-1,-1,-1,-1,925.000,925.000,-1,-1,2,0,2,0,2,0,0,1,0,2,2,2,2,0,0,2,2
22,-9331.628,-2081.196,-42.456,147.274,-0.840701,-0.539545,-0.045965,0.541317,-0.839588,-0.045468,-0.014059,-0.063107,0.997908,0,0.85807,-0.84120,51.484,-1.682,-1,425.000,-1,425.000,-1,325.000,325.000,275.000,300.000,-1,-1,-1,-1,925.000,925.000,-1,-1,2,0,2,0,2,0,0,1,0,2,2,2,2,0,0,2,2
23,-9373.680,-2052.398,-43.123,145.595,-0.824462,-0.563872,-0.048067,0.565737,-0.823363,-0.044890,-0.014264,-0.064204,0.997835,0,0.84944,-0.83943,50.967,-1.679,-1,425.000,-1,425.000,-1,325.000,325.000,275.000,300.000,-1,-1,-1,-1,900.000,900.000,-1,-1,2,0,2,0,2,0,0,1,0,2,2,2,2,0,0,2,2
24,-9414.432,-2022.702,-43.888,143.919,-0.807521,-0.587708,-0.050087,0.589649,-0.806498,-0.043294,-0.014951,-0.064495,0.997806,0,0.84038,-0.83825,50.423,-1.677,-1,425.000,-1,425.000,-1,325.000,325.000,275.000,300.000,-1,-1,-1,-1,900.000,900.000,-1,-1,2,0,2,0,2,0,0,1,0,2,2,2,2,0,0,2,2
25,-9453.856,-1992.168,-44.785,142.243,-0.789878,-0.611060,-0.051942,0.613050,-0.789004,-0.040539,-0.016210,-0.063864,0.997827,0,0.83108,-0.83767,49.865,-1.675,-1,400.000,-1,425.000,-1,325.000,325.000,275.000,300.000,-1,-1,-1,-1,925.000,875.000,-1,-1,2,0,2,0,2,0,0,1,0,2,2,2,2,1,0,2,2
26,-9491.938,-1960.852,-45.582,140.568,-0.771564,-0.633894,-0.053546,0.635915,-0.770836,-0.037745,-0.017349,-0.063173,0.997852,0,0.82173,-0.83766,49.304,-1.675,-1,400.000,-1,400.000,-1,325.000,325.000,300.000,300.000,-1,-1,-1,-1,975.000,-1,-1,-1,2,0,2,0,2,0,0,1,0,2,2,2,2,1,2,2,2
27,-9528.670,-1928.798,-46.282,138.892,-0.752583,-0.656205,-0.054902,0.658241,-0.751997,-0.034926,-0.018367,-0.062423,0.997881,0,0.81251,-0.83821,48.750,-1.676,-1,400.000,-1,400.000,-1,325.000,325.000,300.000,300.000,-1,-1,-1,-1,-1,-1,-1,-1,2,1,2,0,2,0,0,1,0,2,2,2,2,2,2,2,2
28,-9564.055,-1896.045,-46.899,137.213,-0.732940,-0.677984,-0.056014,0.680022,-0.732486,-0.032161,-0.019225,-0.061663,0.997912,0,0.80360,-0.83931,48.216,-1.679,-1,400.000,-1,400.000,-1,325.000,325.000,325.000,300.000,-1,-1,-1,-1,-1,-1,-1,-1,2,1,2,0,2,0,0,0,0,2,2,2,2,2,2,2,2
29,-9598.102,-1862.624,-47.852,135.531,-0.712691,-0.699150,-0.057106,0.701232,-0.712232,-0.031607,-0.018575,-0.062571,0.997868,0,0.79515,-0.84092,47.709,-1.682,-1,400.000,-1,400.000,-1,325.000,325.000,325.000,300.000,-1,-1,-1,-1,-1,-1,-1,-1,2,1,2,0,2,0,0,0,0,2,2,2,2,2,2,2,2
30,-9630.825,-1828.556,-48.723,133.845,-0.691785,-0.719763,-0.058096,0.721885,-0.691314,-0.031102,-0.017777,-0.063455,0.997826,0,0.78729,-0.84302,47.237,-1.686,-1,425.000,-1,400.000,-1,325.000,325.000,325.000,300.000,-1,-1,-1,-1,-1,-1,-1,-1,2,1,2,0,2,0,0,0,0,2,2,2,2,2,2,2,2
31,-9662.240,-1793.855,-49.488,132.154,-0.670220,-0.739816,-0.058972,0.741970,-0.669738,-0.030524,-0.016914,-0.064213,0.997793,0,0.78013,-0.84559,46.808,-1.691,-1,425.000,-1,400.000,-1,325.000,325.000,325.000,300.000,-1,-1,-1,-1,-1,-1,-1,-1,2,1,2,0,2,0,0,0,0,2,2,2,2,2,2,2,2
32,-9692.363,-1758.531,-50.150,130.457,-0.647999,-0.759295,-0.059731,0.761473,-0.647507,-0.029880,-0.015988,-0.064846,0.997767,0,0.77373,-0.84858,46.424,-1.697,-1,425.000,-1,400.000,-1,325.000,325.000,325.000,300.000,-1,-1,-1,-1,-1,-1,-1,-1,2,1,2,0,2,0,0,0,0,2,2,2,2,2,2,2,2
33,-9721.214,-1722.587,-50.718,128.753,-0.625121,-0.778186,-0.060415,0.780383,-0.624621,-0.029179,-0.015030,-0.065387,0.997747,0,0.76816,-0.85198,46.089,-1.704,-1,425.000,-1,400.000,-1,325.000,325.000,325.000,300.000,-1,-1,-1,-1,-1,-1,-1,-1,2,1,2,0,2,0,0,0,0,2,2,2,2,2,2,2,2
34,-9751.871,-1681.967,-51.497,127.041,-0.601519,-0.796416,-0.062425,0.798718,-0.601041,-0.028277,-0.015000,-0.066869,0.997649,0,0.84816,-0.85575,50.889,-1.712,-1,450.000,-1,400.000,-1,325.000,325.000,325.000,300.000,-1,-1,-1,-1,-1,-1,-1,-1,2,1,2,0,2,1,0,0,0,2,2,2,2,2,2,2,2
35,-9783.916,-1636.420,-52.436,125.126,-0.574420,-0.815930,-0.065578,0.818413,-0.573993,-0.027060,-0.015563,-0.069214,0.997480,0,0.92816,-0.95773,55.689,-1.915,-1,450.000,-1,-1,-1,325.000,325.000,300.000,325.000,950.000,-1,-1,-1,-1,-1,-1,-1,2,1,2,2,2,1,0,0,0,1,2,2,2,2,2,2,2
36,-9816.797,-1586.230,-53.450,123.228,-0.546878,-0.834320,-0.069531,0.837044,-0.546545,-0.025424,-0.016790,-0.072104,0.997256,0,1.00000,-0.94890,60.000,-1.898,-1,450.000,-1,-1,-1,325.000,325.000,300.000,325.000,925.000,-1,-1,-1,-1,-1,-1,-1,2,1,2,2,2,1,0,0,0,1,2,2,2,2,2,2,2
37,-9848.017,-1534.991,-54.438,121.351,-0.519003,-0.851577,-0.073836,0.854575,-0.518799,-0.023435,-0.018349,-0.075261,0.996995,0,1.00000,-0.93865,60.000,-1.877,-1,450.000,-1,-1,-1,325.000,-1,300.000,325.000,925.000,-1,-1,-1,-1,-1,-1,-1,2,1,2,2,2,1,2,0,0,1,2,2,2,2,2,2,2
38,-9877.563,-1482.769,-55.391,119.496,-0.490877,-0.867694,-0.078408,0.870995,-0.490840,-0.021071,-0.020203,-0.078636,0.996699,0,1.00000,-0.92725,60.000,-1.855,-1,-1,-1,-1,-1,-1,-1,300.000,325.000,950.000,-1,-1,-1,-1,-1,-1,-1,2,2,2,2,2,2,2,0,0,1,2,2,2,2,2,2,2
39,-9905.425,-1429.629,-56.754,117.667,-0.462725,-0.882787,-0.081070,0.886253,-0.462822,-0.018728,-0.020988,-0.080514,0.996532,0,1.00000,-0.91465,60.000,-1.829,-1,-1,-1,-1,-1,-1,-1,300.000,325.000,-1,-1,-1,-1,-1,-1,-1,-1,2,2,2,2,2,2,2,0,0,2,2,2,2,2,2,2,2
40,-9931.600,-1375.637,-59.056,115.865,-0.434351,-0.897022,-0.081799,0.900400,-0.434899,-0.011925,-0.024877,-0.078832,0.996577,0,1.00000,-0.90077,60.000,-1.802,-1,-1,-1,-1,-1,-1,-1,300.000,325.000,-1,-1,-1,-1,-1,-1,-1,-1,2,2,2,2,2,2,2,1,0,2,2,2,2,2,2,2,2
41,-9956.079,-1320.854,-67.288,114.094,-0.405425,-0.911494,-0.069342,0.912922,-0.407620,0.020495,-0.046946,-0.054995,0.997382,0,1.00000,-0.88558,60.000,-1.771,-1,-1,-1,-1,-1,-1,-1,325.000,250.000,-1,-1,-1,-1,-1,-1,-1,-1,2,2,2,2,2,2,2,1,0,2,2,2,2,2,2,2,2
42,-9978.889,-1265.354,-75.888,112.356,-0.377485,-0.924437,-0.054052,0.923317,-0.380197,0.054192,-0.070648,-0.029451,0.997066,0,1.00000,-0.86904,60.000,-1.738,-1,-1,-1,-1,-1,-1,-1,350.000,200.000,-1,-1,-1,-1,-1,-1,-1,-1,2,2,2,2,2,2,2,1,0,2,2,2,2,2,2,2,2
43,2951.686,3607.631,48.102,166.826,-0.970109,-0.227900,-0.083363,0.226312,-0.973648,0.028148,-0.087582,0.008441,0.996122,1,0.00000,0.00000,60.000,-1.702,-1,400.000,-1,375.000,-1,325.000,325.000,300.000,300.000,-1,850.000,950.000,-1,750.000,700.000,-1,-1,2,0,2,0,2,0,0,0,0,2,0,0,2,0,0,2,2
44,2947.017,3608.744,47.682,166.586,-0.969148,-0.231977,-0.083295,0.230414,-0.972688,0.028049,-0.087527,0.007991,0.996130,0,0.08000,-0.12000,4.800,-0.240,-1,400.000,-1,375.000,-1,325.000,325.000,300.000,300.000,-1,850.000,925.000,-1,750.000,700.000,-1,-1,2,0,2,0,2,0,0,0,0,2,0,0,2,0,0,2,2
45,2937.698,3611.049,46.844,166.106,-0.967175,-0.240119,-0.083159,0.238604,-0.970718,0.027847,-0.087410,0.007091,0.996147,0,0.16000,-0.24000,9.600,-0.480,-1,400.000,-1,375.000,-1,325.000,325.000,300.000,300.000,-1,850.000,925.000,-1,750.000,700.000,-1,-1,2,0,2,0,2,0,0,0,0,2,0,0,2,0,0,2,2
46,2923.758,3614.659,45.586,165.481,-0.964504,-0.250699,-0.082953,0.249252,-0.968047,0.027540,-0.087207,0.005886,0.996173,0,0.24000,-0.31262,14.400,-0.625,-1,400.000,-1,375.000,-1,325.000,325.000,300.000,300.000,-1,825.000,900.000,-1,750.000,700.000,-1,-1,2,0,2,0,2,0,0,0,0,2,0,0,2,0,0,2,2
47,2905.225,3619.675,43.910,164.856,-0.961724,-0.261250,-0.082680,0.259879,-0.965260,0.027122,-0.086893,0.004597,0.996207,0,0.32000,-0.31262,19.200,-0.625,-1,400.000,-1,375.000,-1,325.000,325.000,300.000,300.000,-1,800.000,900.000,-1,750.000,700.000,-1,-1,2,0,2,0,2,0,0,0,0,2,0,0,2,0,0,2,2
48,2882.128,3626.198,41.819,164.230,-0.958834,-0.271769,-0.082335,0.270484,-0.962357,0.026591,-0.086463,0.003226,0.996250,0,0.40000,-0.31262,24.000,-0.625,-1,400.000,-1,375.000,-1,325.000,325.000,300.000,300.000,-1,800.000,875.000,-1,750.000,700.000,-1,-1,2,0,2,0,2,0,0,0,0,2,0,0,2,0,0,2,2
49,2854.499,3634.326,39.316,163.605,-0.955835,-0.282255,-0.081919,0.281066,-0.959338,0.025947,-0.085912,0.001777,0.996301,0,0.48000,-0.31262,28.800,-0.625,-1,400.000,-1,375.000,-1,325.000,325.000,300.000,300.000,-1,775.000,850.000,-1,750.000,700.000,-1,-1,2,0,2,0,2,0,0,0,0,2,0,0,2,0,0,2,2
50,2822.371,3644.161,36.406,162.980,-0.952729,-0.292708,-0.081427,0.291622,-0.956202,0.025189,-0.085233,0.000252,0.996361,0,0.56000,-0.31262,33.600,-0.625,-1,400.000,-1,375.000,-1,325.000,325.000,300.000,300.000,-1,750.000,825.000,-1,750.000,700.000,-1,-1,2,0,2,0,2,0,0,0,0,2,0,0,2,0,0,2,2
51,2785.777,3655.801,33.093,162.355,-0.949515,-0.303124,-0.080855,0.302150,-0.952950,0.024314,-0.084421,-0.001344,0.996429,0,0.64000,-0.31262,38.400,-0.625,-1,400.000,-1,375.000,-1,325.000,325.000,300.000,300.000,-1,725.000,825.000,-1,750.000,700.000,-1,-1,2,0,2,0,2,0,0,0,0,2,0,0,2,0,0,2,2
52,2744.755,3669.344,29.384,161.729,-0.946194,-0.313504,-0.080201,0.312649,-0.949582,0.023324,-0.083469,-0.003006,0.996506,0,0.72000,-0.31262,43.200,-0.625,-1,400.000,-1,375.000,-1,325.000,325.000,300.000,300.000,-1,725.000,800.000,-1,750.000,700.000,-1,-1,2,0,2,0,2,0,0,0,0,2,0,0,2,0,0,2,2
53,2699.342,3684.888,25.334,161.104,-0.942761,-0.323845,-0.079540,0.323098,-0.946099,0.022448,-0.082522,-0.004536,0.996579,0,0.80000,-0.31262,48.000,-0.625,-1,400.000,-1,375.000,-1,325.000,325.000,300.000,300.000,-1,700.000,800.000,-1,750.000,725.000,-1,-1,2,0,2,0,2,0,0,0,0,2,0,0,2,0,0,2,2
54,2650.089,3702.350,21.006,160.479,-0.939230,-0.334148,-0.078694,0.333496,-0.942502,0.021673,-0.081412,-0.005888,0.996663,0,0.87096,-0.31262,52.257,-0.625,-1,400.000,-1,375.000,-1,325.000,325.000,300.000,300.000,-1,700.000,775.000,-1,750.000,725.000,-1,-1,2,0,2,0,2,0,0,0,0,2,0,0,2,0,0,2,2
55,2601.029,3720.348,16.710,159.854,-0.935586,-0.344410,-0.077848,0.343851,-0.938792,0.020899,-0.080281,-0.007215,0.996746,0,0.87096,-0.31262,52.257,-0.625,-1,400.000,-1,375.000,-1,325.000,325.000,300.000,300.000,-1,675.000,775.000,-1,750.000,725.000,-1,-1,2,0,2,0,2,0,0,0,0,2,0,0,2,0,0,2,2
56,2552.168,3738.881,12.473,159.228,-0.931818,-0.354630,-0.077160,0.354169,-0.934967,0.020032,-0.079246,-0.008661,0.996817,0,0.87096,-0.31262,52.257,-0.625,-1,400.000,-1,375.000,-1,325.000,325.000,300.000,300.000,-1,675.000,775.000,-1,750.000,725.000,-1,-1,2,0,2,0,2,0,0,0,0,2,0,0,2,0,0,2,2
57,2503.512,3757.945,8.367,158.603,-0.927918,-0.364805,-0.076721,0.364454,-0.931027,0.019037,-0.078374,-0.010296,0.996871,0,0.87096,-0.31262,52.257,-0.625,-1,400.000,-1,375.000,-1,325.000,325.000,300.000,300.000,-1,675.000,775.000,-1,750.000,725.000,-1,-1,2,0,2,0,2,0,0,0,0,2,0,0,2,0,0,2,2
58,2455.068,3777.539,4.289,157.978,-0.923907,-0.374937,-0.076283,0.374685,-0.926975,0.018132,-0.077510,-0.011830,0.996921,0,0.87096,-0.31262,52.257,-0.625,-1,400.000,-1,375.000,-1,325.000,325.000,300.000,300.000,-1,675.000,775.000,-1,750.000,725.000,-1,-1,2,0,2,0,2,0,0,0,0,2,0,0,2,0,0,2,2
59,2406.840,3797.661,0.243,157.353,-0.919783,-0.385023,-0.075867,0.384867,-0.922811,0.017246,-0.076651,-0.013336,0.996969,0,0.87096,-0.31262,52.257,-0.625,-1,400.000,-1,375.000,-1,325.000,325.000,300.000,300.000,-1,700.000,775.000,-1,750.000,725.000,-1,-1,2,0,2,0,2,0,0,0,0,2,0,0,2,0,0,2,2
60,2358.834,3818.307,-3.768,156.727,-0.915549,-0.395062,-0.075474,0.395000,-0.918535,0.016384,-0.075798,-0.014812,0.997013,0,0.87096,-0.31262,52.257,-0.625,-1,400.000,-1,375.000,-1,325.000,325.000,300.000,300.000,-1,700.000,800.000,-1,750.000,750.000,-1,-1,2,0,2,0,2,0,0,0,0,2,0,0,2,0,0,2,2
61,2311.056,3839.477,-7.743,156.102,-0.911204,-0.405052,-0.075104,0.405080,-0.914149,0.015546,-0.074953,-0.016257,0.997055,0,0.87096,-0.31262,52.257,-0.625,-1,400.000,-1,375.000,-1,325.000,325.000,300.000,300.000,-1,725.000,800.000,-1,750.000,750.000,-1,-1,2,0,2,0,2,0,0,0,0,2,0,0,2,0,0,2,2
62,2263.513,3861.166,-11.682,155.477,-0.906748,-0.414994,-0.074757,0.415108,-0.909653,0.014735,-0.074118,-0.017671,0.997093,0,0.87096,-0.31262,52.257,-0.625,-1,400.000,-1,375.000,-1,325.000,325.000,300.000,300.000,-1,725.000,800.000,-1,750.000,750.000,-1,-1,2,0,2,0,2,0,0,0,0,2,0,0,2,0,0,2,2
63,2216.209,3883.373,-15.583,154.852,-0.902182,-0.424885,-0.074432,0.425082,-0.905047,0.013954,-0.073293,-0.019051,0.997128,0,0.87096,-0.31262,52.257,-0.625,-1,400.000,-1,400.000,-1,325.000,325.000,300.000,300.000,-1,750.000,825.000,-1,750.000,750.000,-1,-1,2,0,2,0,2,0,0,0,0,2,0,0,2,0,0,2,2
64,2169.150,3906.095,-19.459,154.227,-0.897506,-0.434724,-0.074144,0.434998,-0.900334,0.013270,-0.072524,-0.020342,0.997159,0,0.87096,-0.31262,52.257,-0.625,-1,400.000,-1,400.000,-1,325.000,325.000,300.000,325.000,-1,750.000,850.000,-1,750.000,775.000,-1,-1,2,0,2,0,2,0,0,0,0,2,0,0,2,0,0,2,2
65,2122.341,3929.329,-23.353,153.601,-0.892714,-0.444514,-0.073948,0.444837,-0.895518,0.012949,-0.071978,-0.021335,0.997178,0,0.87096,-0.31262,52.257,-0.625,-1,400.000,-1,400.000,-1,325.000,325.000,300.000,325.000,-1,800.000,875.000,-1,750.000,775.000,-1,-1,2,0,2,0,2,0,0,0,0,2,0,0,2,0,0,2,2
66,2075.789,3953.073,-27.174,152.976,-0.887812,-0.454251,-0.073791,0.454613,-0.890597,0.012792,-0.071529,-0.022189,0.997192,0,0.87096,-0.31262,52.257,-0.625,-1,400.000,-1,400.000,-1,325.000,325.000,300.000,325.000,-1,825.000,900.000,-1,750.000,775.000,-1,-1,2,0,2,0,2,0,0,0,0,2,0,0,2,0,0,2,2
67,2029.499,3977.323,-30.933,152.351,-0.882816,-0.463935,-0.073493,0.464330,-0.885572,0.012655,-0.070955,-0.022953,0.997215,0,0.87096,-0.31262,52.257,-0.625,-1,400.000,-1,400.000,-1,325.000,325.000,300.000,325.000,-1,850.000,925.000,-1,750.000,775.000,-1,-1,2,0,2,0,2,0,0,0,0,2,0,0,2,0,0,2,2
68,1983.477,4002.077,-34.635,151.726,-0.877719,-0.473563,-0.073127,0.473987,-0.880442,0.012541,-0.070323,-0.023653,0.997244,0,0.87096,-0.31262,52.257,-0.625,-1,400.000,-1,400.000,-1,325.000,325.000,300.000,325.000,-1,875.000,950.000,-1,750.000,800.000,-1,-1,2,0,2,0,2,0,0,0,0,2,0,0,2,0,0,2,2
69,1939.170,4026.778,-38.182,150.860,-0.870472,-0.486793,-0.072875,0.487255,-0.873170,0.012501,-0.069718,-0.024627,0.997263,0,0.84545,-0.43262,50.727,-0.865,-1,400.000,-1,400.000,-1,325.000,325.000,300.000,325.000,-1,925.000,975.000,-1,775.000,800.000,-1,-1,2,0,2,0,2,0,0,0,0,2,0,0,2,0,0,2,2
70,1895.282,4052.217,-41.704,149.901,-0.862196,-0.501329,-0.072711,0.501838,-0.864872,0.012412,-0.069108,-0.025788,0.997276,0,0.84545,-0.47966,50.727,-0.959,-1,400.000,-1,400.000,-1,325.000,325.000,300.000,325.000,-1,950.000,1000.000,-1,775.000,800.000,-1,-1,2,0,2,0,2,0,0,0,0,2,0,0,2,0,0,2,2
71,1851.827,4078.387,-45.212,148.942,-0.853676,-0.515723,-0.072578,0.516281,-0.856331,0.012297,-0.068493,-0.026973,0.997287,0,0.84545,-0.47966,50.727,-0.959,-1,400.000,-1,400.000,-1,325.000,325.000,300.000,325.000,-1,975.000,-1,-1,775.000,800.000,-1,-1,2,0,2,0,2,0,0,0,0,2,0,2,2,0,0,2,2
72,1808.816,4105.281,-48.694,147.982,-0.844910,-0.529969,-0.072531,0.530581,-0.847547,0.012141,-0.067908,-0.028226,0.997292,0,0.84545,-0.47966,50.727,-0.959,-1,400.000,-1,400.000,-1,325.000,325.000,300.000,325.000,-1,1000.000,-1,-1,775.000,825.000,-1,-1,2,0,2,0,2,0,0,0,0,2,0,2,2,0,0,2,2
73,1766.261,4132.892,-52.187,147.023,-0.835896,-0.544066,-0.072592,0.544725,-0.838527,0.012135,-0.067473,-0.029399,0.997288,0,0.84545,-0.47966,50.727,-0.959,-1,400.000,-1,400.000,-1,325.000,325.000,300.000,325.000,-1,-1,-1,-1,775.000,825.000,-1,-1,2,0,2,0,2,0,0,0,0,2,2,2,2,0,0,2,2
74,1724.174,4161.211,-55.731,146.064,-0.826635,-0.558013,-0.072771,0.558698,-0.829277,0.012478,-0.067311,-0.030342,0.997271,0,0.84545,-0.47966,50.727,-0.959,-1,400.000,-1,400.000,-1,325.000,325.000,300.000,325.000,-1,-1,-1,-1,775.000,850.000,-1,-1,2,0,2,0,2,0,0,0,0,2,2,2,2,0,0,2,2
75,1682.490,4190.284,-59.265,145.105,-0.817142,-0.571791,-0.073032,0.572503,-0.819802,0.012859,-0.067224,-0.031304,0.997247,0,0.84702,-0.47927,50.821,-0.959,-1,400.000,-1,400.000,-1,325.000,325.000,300.000,325.000,-1,-1,-1,-1,775.000,850.000,-1,-1,2,0,2,0,2,0,0,0,0,2,2,2,2,0,0,2,2
76,1640.994,4220.267,-62.806,144.150,-0.807447,-0.585359,-0.073375,0.586098,-0.810132,0.013283,-0.067219,-0.032280,0.997216,0,0.85324,-0.47754,51.194,-0.955,-1,400.000,-1,400.000,-1,325.000,325.000,300.000,325.000,-1,-1,-1,-1,775.000,850.000,-1,-1,2,0,2,0,2,0,0,0,0,2,2,2,2,0,0,2,2
77,1599.706,4251.155,-66.353,143.199,-0.797562,-0.598705,-0.073804,0.599470,-0.800279,0.013758,-0.067301,-0.033270,0.997178,0,0.85939,-0.47550,51.563,-0.951,-1,400.000,-1,400.000,-1,325.000,325.000,300.000,300.000,-1,-1,-1,-1,775.000,850.000,-1,-1,2,0,2,0,2,0,0,0,0,2,2,2,2,0,0,2,2
78,1558.646,4282.943,-69.966,142.253,-0.787518,-0.611823,-0.074088,0.612604,-0.790260,0.014345,-0.067325,-0.034089,0.997149,0,0.86544,-0.47314,51.926,-0.946,-1,400.000,-1,400.000,-1,325.000,325.000,300.000,300.000,-1,-1,-1,-1,800.000,875.000,-1,-1,2,0,2,0,2,0,0,0,0,2,2,2,2,0,0,2,2
79,1517.836,4315.623,-73.592,141.312,-0.777301,-0.624702,-0.074503,0.625484,-0.780088,0.015212,-0.067622,-0.034776,0.997105,0,0.87137,-0.47045,52.282,-0.941,-1,400.000,-1,400.000,-1,325.000,325.000,300.000,300.000,-1,-1,-1,-1,800.000,875.000,-1,-1,2,0,2,0,2,0,0,0,0,2,2,2,2,0,0,2,2
80,1477.297,4349.187,-77.222,140.377,-0.766936,-0.637330,-0.074967,0.638115,-0.769773,0.016084,-0.067958,-0.035503,0.997056,0,0.87716,-0.46741,52.630,-0.935,-1,400.000,-1,400.000,-1,325.000,325.000,300.000,300.000,-1,-1,-1,-1,800.000,875.000,-1,-1,2,0,2,0,2,0,0,0,0,2,2,2,2,0,0,2,2
81,1437.051,4383.622,-80.863,139.449,-0.756438,-0.649695,-0.075484,0.650489,-0.759328,0.016915,-0.068306,-0.036307,0.997004,0,0.88278,-0.46401,52.967,-0.928,-1,400.000,-1,400.000,-1,325.000,325.000,300.000,300.000,-1,-1,-1,-1,800.000,875.000,-1,-1,2,0,2,0,2,0,0,0,0,2,2,2,2,0,0,2,2
82,1400.831,4415.373,-84.164,138.761,-0.748516,-0.658752,-0.075960,0.659548,-0.751455,0.017640,-0.068701,-0.036896,0.996955,0,0.80278,-0.34401,48.167,-0.688,-1,400.000,-1,400.000,-1,325.000,325.000,300.000,300.000,-1,-1,-1,-1,800.000,875.000,-1,-1,2,0,2,0,2,0,0,0,0,2,2,2,2,0,0,2,2
83,1367.031,4445.474,-87.240,138.313,-0.743292,-0.664601,-0.076303,0.665387,-0.746274,0.018313,-0.069114,-0.037159,0.996916,0,0.75433,-0.22401,45.260,-0.448,-1,400.000,-1,400.000,-1,325.000,325.000,300.000,300.000,-1,-1,-1,-1,800.000,875.000,-1,-1,2,0,2,0,2,0,0,0,0,2,2,2,2,0,0,2,2
84,1333.145,4475.873,-90.347,138.105,-0.740823,-0.667305,-0.076718,0.668073,-0.743854,0.018954,-0.069715,-0.037212,0.996873,0,0.75872,-0.10401,45.523,-0.208,-1,400.000,-1,425.000,-1,325.000,325.000,300.000,300.000,-1,-1,-1,-1,-1,850.000,-1,-1,2,0,2,0,2,0,0,0,0,2,2,2,2,2,0,2,2
85,1299.047,4506.427,-93.490,138.137,-0.741142,-0.666894,-0.077212,0.667636,-0.744231,0.019560,-0.070508,-0.037053,0.996823,0,0.76308,0.01599,45.785,0.032,-1,400.000,-1,425.000,-1,325.000,325.000,300.000,300.000,-1,-1,-1,-1,-1,850.000,-1,-1,2,0,2,0,2,0,0,0,0,2,2,2,2,2,0,2,2
86,1264.607,4536.995,-96.802,138.409,-0.744236,-0.663374,-0.077761,0.664037,-0.747412,0.020743,-0.071880,-0.036198,0.996756,0,0.76748,0.13599,46.049,0.272,-1,400.000,-1,425.000,-1,325.000,325.000,300.000,300.000,-1,-1,-1,-1,-1,850.000,-1,-1,2,0,2,0,2,0,0,0,0,2,2,2,2,2,0,2,2
87,1229.694,4567.431,-100.284,138.921,-0.750074,-0.656705,-0.078275,0.657239,-0.753350,0.022373,-0.073661,-0.034664,0.996681,0,0.77194,0.25599,46.316,0.512,-1,400.000,-1,400.000,-1,325.000,325.000,300.000,300.000,-1,-1,-1,-1,-1,825.000,-1,-1,2,0,2,0,2,0,0,0,0,2,2,2,2,2,0,2,2
88,1194.175,4597.583,-103.905,139.673,-0.758607,-0.646807,-0.078460,0.647183,-0.761958,0.023987,-0.075298,-0.032581,0.996629,0,0.77651,0.37599,46.591,0.752,-1,400.000,-1,400.000,-1,325.000,325.000,300.000,300.000,-1,-1,-1,-1,-1,825.000,-1,-1,2,0,2,0,2,0,0,0,0,2,2,2,2,2,0,2,2
89,1157.930,4627.306,-107.585,140.648,-0.769484,-0.633798,-0.078705,0.634007,-0.772906,0.025513,-0.077001,-0.030268,0.996571,0,0.78124,0.48733,46.874,0.975,-1,400.000,-1,400.000,-1,325.000,325.000,300.000,300.000,-1,-1,-1,-1,-1,800.000,-1,-1,2,0,2,0,2,0,0,0,0,2,2,2,2,2,0,2,2
90,1120.951,4656.588,-111.330,141.627,-0.780191,-0.620533,-0.079004,0.620579,-0.783681,0.026957,-0.078641,-0.027996,0.996510,0,0.78614,0.48980,47.169,0.980,-1,400.000,-1,400.000,-1,325.000,325.000,300.000,300.000,-1,-1,-1,-1,-1,800.000,-1,-1,2,0,2,0,2,0,0,0,0,2,2,2,2,2,0,2,2
91,1083.238,4685.410,-115.144,142.612,-0.790723,-0.607010,-0.079350,0.606906,-0.794273,0.028197,-0.080142,-0.025862,0.996448,0,0.79109,0.49229,47.465,0.985,-1,400.000,-1,400.000,-1,325.000,325.000,300.000,300.000,-1,-1,-1,-1,-1,775.000,-1,-1,2,0,2,0,2,0,0,0,0,2,2,2,2,2,0,2,2
92,1044.793,4713.754,-118.996,143.601,-0.801076,-0.593229,-0.079728,0.593002,-0.804676,0.029067,-0.081399,-0.023994,0.996393,0,0.79606,0.49481,47.764,0.990,-1,400.000,-1,400.000,-1,325.000,325.000,300.000,300.000,-1,-1,-1,-1,-1,775.000,-1,-1,2,0,2,0,2,0,0,0,0,2,2,2,2,2,0,2,2
93,1005.618,4741.599,-122.888,144.596,-0.811242,-0.579194,-0.080129,0.578853,-0.814887,0.029793,-0.082552,-0.022214,0.996339,0,0.80106,0.49737,48.064,0.995,-1,400.000,-1,400.000,-1,325.000,325.000,300.000,325.000,-1,-1,-1,-1,-1,775.000,-1,-1,2,0,2,0,2,0,0,0,0,2,2,2,2,2,0,2,2
94,965.713,4768.927,-126.820,145.596,-0.821216,-0.564905,-0.080545,0.564461,-0.824901,0.030374,-0.083600,-0.020521,0.996288,0,0.80608,0.49998,48.365,1.000,-1,-1,-1,400.000,-1,325.000,325.000,300.000,325.000,-1,-1,-1,-1,-1,-1,-1,-1,2,2,2,0,2,0,0,0,0,2,2,2,2,2,2,2,2
95,921.209,4798.011,-131.155,146.836,-0.833241,-0.546942,-0.081013,0.546389,-0.836964,0.030823,-0.084663,-0.018581,0.996236,0,0.88608,0.61998,53.165,1.240,-1,-1,-1,400.000,-1,325.000,325.000,300.000,325.000,-1,-1,-1,-1,-1,-1,-1,-1,2,2,2,0,2,0,0,0,0,2,2,2,2,2,2,2,2
96,871.884,4828.457,-135.899,148.316,-0.847089,-0.525163,-0.081513,0.524499,-0.850843,0.031095,-0.085685,-0.016413,0.996187,0,0.96608,0.73998,57.965,1.480,-1,-1,-1,400.000,-1,-1,325.000,300.000,325.000,-1,-1,-1,-1,-1,-1,-1,-1,2,2,2,0,2,2,0,0,0,2,2,2,2,2,2,2,2
97,820.255,4858.222,-140.770,150.036,-0.862477,-0.499408,-0.082011,0.498625,-0.866255,0.031244,-0.086645,-0.013946,0.996142,0,0.99324,0.85998,59.594,1.720,-1,-1,-1,400.000,-1,-1,325.000,300.000,325.000,-1,-1,-1,-1,-1,-1,-1,-1,2,2,2,0,2,2,1,0,0,2,2,2,2,2,2,2,2
98,767.365,4886.546,-145.929,151.830,-0.877802,-0.472060,-0.081385,0.471110,-0.881504,0.031720,-0.086715,-0.010497,0.996178,0,0.99995,0.89712,59.997,1.794,-1,-1,-1,-1,-1,-1,-1,300.000,325.000,-1,-1,-1,-1,-1,-1,-1,-1,2,2,2,2,2,2,2,0,0,2,2,2,2,2,2,2,2
99,713.604,4913.193,-154.968,153.629,-0.890558,-0.444071,-0.098523,0.444021,-0.895704,0.023647,-0.098748,-0.022687,0.994854,0,1.00000,0.89930,60.000,1.799,-1,-1,-1,-1,-1,-1,-1,275.000,325.000,-1,-1,-1,-1,-1,-1,-1,-1,2,2,2,2,2,2,2,0,0,2,2,2,2,2,2,2,2
100,659.019,4938.120,-168.131,155.432,-0.899763,-0.415211,-0.134259,0.418448,-0.908230,0.004492,-0.123803,-0.052139,0.990936,0,1.00000,0.90148,60.000,1.803,-1,-1,-1,-1,-1,-1,-1,200.000,375.000,-1,-1,-1,-1,-1,-1,-1,-1,2,2,2,2,2,2,2,0,0,2,2,2,2,2,2,2,2
101,603.668,4961.297,-181.629,157.239,-0.906858,-0.385538,-0.170204,0.394042,-0.918916,-0.017994,-0.149465,-0.083386,0.985245,0,1.00000,0.90370,60.000,1.807,-1,-1,-1,-1,-1,-1,-1,150.000,400.000,-1,-1,-1,-1,-1,-1,-1,-1,2,2,2,2,2,2,2,0,0,2,2,2,2,2,2,2,2
102,-983.899,-4263.559,9.279,53.429,0.595723,-0.803069,0.013924,0.803144,0.595785,0.000331,-0.008562,0.010986,0.999903,1,0.00000,0.00000,60.000,1.812,-1,400.000,-1,400.000,-1,325.000,325.000,300.000,300.000,-1,-1,-1,-1,750.000,750.000,-1,-1,2,0,2,0,2,0,0,0,0,2,2,2,2,0,0,2,2
103,-981.055,-4259.692,9.231,53.669,0.592354,-0.805557,0.013944,0.805633,0.592415,0.000313,-0.008513,0.011048,0.999903,0,0.08000,0.12000,4.800,0.240,-1,400.000,-1,400.000,-1,325.000,325.000,300.000,300.000,-1,-1,-1,-1,750.000,750.000,-1,-1,2,0,2,0,2,0,0,0,0,2,2,2,2,0,0,2,2
104,-975.432,-4251.911,9.135,54.149,0.585584,-0.810491,0.013985,0.810568,0.585645,0.000280,-0.008417,0.011172,0.999902,0,0.16000,0.24000,9.600,0.480,-1,400.000,-1,400.000,-1,325.000,325.000,300.000,300.000,-1,-1,-1,-1,750.000,750.000,-1,-1,2,0,2,0,2,0,0,0,0,2,2,2,2,0,0,2,2
105,-967.146,-4240.134,8.995,54.869,0.575353,-0.817784,0.014048,0.817863,0.575413,0.000234,-0.008275,0.011354,0.999901,0,0.24000,0.36000,14.400,0.720,-1,400.000,-1,400.000,-1,325.000,325.000,300.000,300.000,-1,-1,-1,-1,750.000,750.000,-1,-1,2,0,2,0,2,0,0,0,0,2,2,2,2,0,0,2,2
106,-956.362,-4224.249,8.811,55.829,0.561571,-0.827308,0.014135,0.827389,0.561629,0.000180,-0.008087,0.011594,0.999900,0,0.32000,0.48000,19.200,0.960,-1,400.000,-1,400.000,-1,325.000,325.000,300.000,300.000,-1,-1,-1,-1,750.000,750.000,-1,-1,2,0,2,0,2,0,0,0,0,2,2,2,2,0,0,2,2
107,-943.245,-4204.150,8.586,56.869,0.546458,-0.837366,0.014241,0.837449,0.546515,0.000133,-0.007894,0.011853,0.999899,0,0.40000,0.52014,24.000,1.040,-1,400.000,-1,400.000,-1,325.000,325.000,300.000,300.000,-1,-1,-1,-1,750.000,750.000,-1,-1,2,0,2,0,2,0,0,0,0,2,2,2,2,0,0,2,2
108,-927.945,-4179.751,8.323,57.909,0.531164,-0.847147,0.014362,0.847234,0.531221,0.000105,-0.007718,0.012112,0.999897,0,0.48000,0.52014,28.800,1.040,-1,400.000,-1,400.000,-1,325.000,325.000,300.000,300.000,-1,-1,-1,-1,750.000,750.000,-1,-1,2,0,2,0,2,0,0,0,0,2,2,2,2,0,0,2,2
109,-910.614,-4150.965,8.028,58.950,0.515696,-0.856649,0.014509,0.856739,0.515751,0.000072,-0.007545,0.012394,0.999895,0,0.56000,0.52014,33.600,1.040,-1,400.000,-1,400.000,-1,325.000,325.000,300.000,300.000,-1,-1,-1,-1,750.000,750.000,-1,-1,2,0,2,0,2,0,0,0,0,2,2,2,2,0,0,2,2
110,-891.408,-4117.713,7.702,59.990,0.500057,-0.865868,0.014694,0.865961,0.500111,0.000068,-0.007408,0.012691,0.999892,0,0.64000,0.52014,38.400,1.040,-1,400.000,-1,400.000,-1,325.000,325.000,300.000,300.000,-1,-1,-1,-1,750.000,750.000,-1,-1,2,0,2,0,2,0,0,0,0,2,2,2,2,0,0,2,2
111,-870.484,-4079.918,7.373,61.030,0.484250,-0.874800,0.015037,0.874898,0.484306,0.000126,-0.007393,0.013095,0.999887,0,0.72000,0.52014,43.200,1.040,-1,400.000,-1,400.000,-1,325.000,325.000,300.000,300.000,-1,-1,-1,-1,750.000,750.000,-1,-1,2,0,2,0,2,0,0,0,0,2,2,2,2,0,0,2,2
112,-848.002,-4037.509,7.014,62.071,0.468283,-0.883444,0.015401,0.883547,0.468342,0.000236,-0.007421,0.013497,0.999881,0,0.80000,0.52014,48.000,1.040,-1,400.000,-1,400.000,-1,325.000,325.000,300.000,300.000,-1,-1,-1,-1,750.000,750.000,-1,-1,2,0,2,0,2,0,0,0,0,2,2,2,2,0,0,2,2
113,-824.925,-3992.000,6.716,63.111,0.452163,-0.891793,0.015931,0.891906,0.452221,0.000034,-0.007234,0.014194,0.999873,0,0.85043,0.52014,51.026,1.040,-1,400.000,-1,400.000,-1,325.000,325.000,300.000,300.000,-1,-1,-1,-1,750.000,750.000,-1,-1,2,0,2,0,2,0,0,0,0,2,2,2,2,0,0,2,2
114,-802.678,-3946.080,6.469,64.151,0.435896,-0.899845,0.016544,0.899971,0.435951,-0.000318,-0.006926,0.015027,0.999863,0,0.85043,0.52014,51.026,1.040,-1,400.000,-1,400.000,-1,325.000,325.000,300.000,300.000,-1,-1,-1,-1,750.000,725.000,-1,-1,2,0,2,0,2,0,0,0,0,2,2,2,2,0,0,2,2
115,-781.268,-3899.763,6.225,65.191,0.419485,-0.907601,0.017141,0.907738,0.419537,-0.000600,-0.006646,0.015811,0.999853,0,0.85043,0.52014,51.026,1.040,-1,400.000,-1,400.000,-1,325.000,325.000,300.000,300.000,-1,-1,-1,-1,750.000,725.000,-1,-1,2,0,2,0,2,0,0,0,0,2,2,2,2,0,0,2,2
116,-760.703,-3853.065,5.974,66.232,0.402936,-0.915056,0.017747,0.915206,0.402985,-0.000874,-0.006352,0.016595,0.999842,0,0.85043,0.52014,51.026,1.040,-1,400.000,-1,400.000,-1,325.000,325.000,300.000,300.000,-1,-1,-1,-1,750.000,725.000,-1,-1,2,0,2,0,2,0,0,0,0,2,2,2,2,0,0,2,2
117,-740.989,-3806.002,5.707,67.272,0.386256,-0.922209,0.018368,0.922372,0.386300,-0.001215,-0.005975,0.017412,0.999831,0,0.85043,0.52014,51.026,1.040,-1,400.000,-1,400.000,-1,325.000,325.000,300.000,300.000,-1,-1,-1,-1,750.000,750.000,-1,-1,2,0,2,0,2,0,0,0,0,2,2,2,2,0,0,2,2
118,-722.132,-3758.588,5.481,68.312,0.369452,-0.929060,0.018790,0.929234,0.369489,-0.001608,-0.005449,0.018054,0.999822,0,0.85043,0.52014,51.026,1.040,-1,400.000,-1,400.000,-1,325.000,325.000,300.000,300.000,-1,-1,-1,-1,750.000,750.000,-1,-1,2,0,2,0,2,0,0,0,0,2,2,2,2,0,0,2,2
119,-704.140,-3710.840,5.248,69.352,0.352528,-0.935603,0.019249,0.935788,0.352557,-0.001990,-0.004925,0.018714,0.999813,0,0.85043,0.52014,51.026,1.040,-1,400.000,-1,400.000,-1,325.000,325.000,300.000,300.000,-1,-1,-1,-1,750.000,750.000,-1,-1,2,0,2,0,2,0,0,0,0,2,2,2,2,0,0,2,2
120,-687.017,-3662.773,5.008,70.393,0.335488,-0.941838,0.019744,0.942034,0.335508,-0.002362,-0.004400,0.019392,0.999802,0,0.85043,0.52014,51.026,1.040,-1,400.000,-1,400.000,-1,325.000,325.000,300.000,300.000,-1,-1,-1,-1,750.000,750.000,-1,-1,2,0,2,0,2,0,0,0,0,2,2,2,2,0,0,2,2
121,-670.770,-3614.403,4.763,71.433,0.318337,-0.947761,0.020271,0.947970,0.318349,-0.002725,-0.003871,0.020084,0.999791,0,0.85043,0.52014,51.026,1.040,-1,400.000,-1,400.000,-1,325.000,325.000,300.000,300.000,-1,-1,-1,-1,750.000,750.000,-1,-1,2,0,2,0,2,0,0,0,0,2,2,2,2,0,0,2,2
122,-655.404,-3565.746,4.553,72.473,0.301086,-0.953373,0.020667,0.953592,0.301086,-0.003144,-0.003225,0.020654,0.999781,0,0.85043,0.52014,51.026,1.040,-1,400.000,-1,400.000,-1,325.000,325.000,300.000,300.000,-1,-1,-1,-1,750.000,750.000,-1,-1,2,0,2,0,2,0,0,0,0,2,2,2,2,0,0,2,2
123,-640.924,-3516.818,4.399,73.514,0.283739,-0.958675,0.020841,0.958898,0.283726,-0.003665,-0.002400,0.021025,0.999776,0,0.85043,0.52014,51.026,1.040,-1,400.000,-1,400.000,-1,325.000,325.000,300.000,275.000,-1,-1,-1,-1,750.000,750.000,-1,-1,2,0,2,0,2,0,0,0,0,2,2,2,2,0,0,2,2
124,-627.374,-3468.567,4.253,74.314,0.270333,-0.962537,0.021042,0.962765,0.270306,-0.004173,-0.001671,0.021387,0.999770,0,0.83529,0.40014,50.117,0.800,-1,400.000,-1,400.000,-1,325.000,325.000,300.000,275.000,-1,-1,-1,-1,750.000,750.000,-1,-1,2,0,2,0,2,0,0,0,0,2,2,2,2,0,0,2,2
125,-614.296,-3420.186,4.108,74.874,0.260919,-0.965127,0.021236,0.965360,0.260879,-0.004679,-0.001025,0.021721,0.999764,0,0.83529,0.28014,50.117,0.560,-1,400.000,-1,400.000,-1,325.000,325.000,300.000,275.000,-1,-1,-1,-1,750.000,750.000,-1,-1,2,0,2,0,2,0,0,0,0,2,2,2,2,0,0,2,2
126,-601.489,-3371.733,3.957,75.194,0.255531,-0.966564,0.021382,0.966801,0.255479,-0.005186,-0.000450,0.021997,0.999758,0,0.83529,0.16014,50.117,0.320,-1,400.000,-1,400.000,-1,325.000,325.000,300.000,275.000,-1,-1,-1,-1,750.000,750.000,-1,-1,2,0,2,0,2,0,0,0,0,2,2,2,2,0,0,2,2
127,-588.750,-3323.262,3.926,75.275,0.254178,-0.966906,0.022067,0.967157,0.254120,-0.005449,-0.000339,0.022727,0.999742,0,0.83529,0.04014,50.117,0.080,-1,400.000,-1,400.000,-1,325.000,325.000,300.000,275.000,-1,-1,-1,-1,750.000,750.000,-1,-1,2,0,2,0,2,0,0,0,0,2,2,2,2,0,0,2,2
128,-575.877,-3274.826,3.911,75.115,0.256874,-0.966176,0.022782,0.966445,0.256810,-0.005747,-0.000298,0.023493,0.999724,0,0.83529,-0.07986,50.117,-0.160,-1,400.000,-1,400.000,-1,325.000,325.000,300.000,275.000,-1,-1,-1,-1,750.000,750.000,-1,-1,2,0,2,0,2,0,0,0,0,2,2,2,2,0,0,2,2
129,-562.665,-3226.481,3.888,74.715,0.263608,-0.964347,0.023373,0.964630,0.263540,-0.006004,-0.000370,0.024129,0.999709,0,0.83529,-0.19986,50.117,-0.400,-1,400.000,-1,400.000,-1,325.000,325.000,300.000,275.000,-1,-1,-1,-1,775.000,750.000,-1,-1,2,0,2,0,2,0,0,0,0,2,2,2,2,0,0,2,2
130,-548.914,-3178.287,3.899,74.075,0.274356,-0.961337,0.023678,0.961628,0.274289,-0.006111,-0.000620,0.024447,0.999701,0,0.83529,-0.31986,50.117,-0.640,-1,400.000,-1,400.000,-1,325.000,325.000,300.000,275.000,-1,-1,-1,-1,775.000,750.000,-1,-1,2,0,2,0,2,0,0,0,0,2,2,2,2,0,0,2,2
131,-534.425,-3130.310,3.894,73.196,0.289081,-0.957009,0.023799,0.957304,0.289015,-0.006236,-0.000911,0.024586,0.999697,0,0.83529,-0.43986,50.117,-0.880,-1,400.000,-1,400.000,-1,325.000,325.000,300.000,275.000,-1,-1,-1,-1,775.000,750.000,-1,-1,2,0,2,0,2,0,0,0,0,2,2,2,2,0,0,2,2
132,-519.001,-3082.625,3.847,72.076,0.307724,-0.951178,0.023803,0.951475,0.307661,-0.006324,-0.001308,0.024594,0.999697,0,0.83529,-0.55986,50.117,-1.120,-1,400.000,-1,400.000,-1,325.000,325.000,300.000,275.000,-1,-1,-1,-1,800.000,750.000,-1,-1,2,0,2,0,2,0,0,0,0,2,2,2,2,0,0,2,2
133,-502.586,-3035.272,3.750,70.880,0.327499,-0.944554,0.023717,0.944850,0.327442,-0.006369,-0.001751,0.024495,0.999698,0,0.83529,-0.59779,50.117,-1.196,-1,400.000,-1,400.000,-1,325.000,325.000,300.000,275.000,-1,-1,-1,-1,800.000,750.000,-1,-1,2,0,2,0,2,0,0,0,0,2,2,2,2,0,0,2,2
134,-485.186,-2988.272,3.599,69.685,0.347132,-0.937520,0.023557,0.937814,0.347081,-0.006368,-0.002206,0.024302,0.999702,0,0.83529,-0.59779,50.117,-1.196,-1,400.000,-1,400.000,-1,325.000,325.000,300.000,275.000,-1,-1,-1,-1,800.000,750.000,-1,-1,2,0,2,0,2,0,0,0,0,2,2,2,2,0,0,2,2
135,-466.809,-2941.646,3.391,68.489,0.366614,-0.930081,0.023321,0.930369,0.366570,-0.006318,-0.002672,0.024014,0.999708,0,0.83529,-0.59779,50.117,-1.196,-1,400.000,-1,400.000,-1,325.000,325.000,300.000,275.000,-1,-1,-1,-1,825.000,750.000,-1,-1,2,0,2,0,2,0,0,0,0,2,2,2,2,0,0,2,2
136,-447.463,-2895.413,3.124,67.294,0.385937,-0.922238,0.023010,0.922520,0.385900,-0.006218,-0.003145,0.023627,0.999716,0,0.83529,-0.59779,50.117,-1.196,-1,400.000,-1,400.000,-1,325.000,325.000,300.000,275.000,-1,-1,-1,-1,825.000,750.000,-1,-1,2,0,2,0,2,0,0,0,0,2,2,2,2,0,0,2,2
137,-427.157,-2849.594,2.796,66.098,0.405092,-0.913996,0.022623,0.914269,0.405063,-0.006062,-0.003623,0.023139,0.999726,0,0.83529,-0.59779,50.117,-1.196,-1,425.000,-1,400.000,-1,325.000,325.000,300.000,275.000,-1,-1,-1,-1,825.000,750.000,-1,-1,2,0,2,0,2,0,0,0,0,2,2,2,2,0,0,2,2
138,-405.899,-2804.208,2.483,64.903,0.424068,-0.905363,0.021999,0.905620,0.424054,-0.005518,-0.004333,0.022262,0.999743,0,0.83529,-0.59779,50.117,-1.196,-1,425.000,-1,400.000,-1,325.000,325.000,300.000,275.000,-1,-1,-1,-1,825.000,750.000,-1,-1,2,0,2,0,2,0,0,0,0,2,2,2,2,0,0,2,2
139,-383.698,-2759.276,2.173,63.707,0.442857,-0.896340,0.021255,0.896577,0.442864,-0.004648,-0.005247,0.021115,0.999763,0,0.83529,-0.59779,50.117,-1.196,-1,400.000,-1,400.000,-1,325.000,325.000,300.000,275.000,-1,-1,-1,-1,825.000,750.000,-1,-1,2,0,2,0,2,0,0,0,0,2,2,2,2,0,0,2,2
