timestep,x_cm,y_cm,z_cm,yaw_deg,basis_xx,basis_xy,basis_xz,basis_yx,basis_yy,basis_yz,basis_zx,basis_zy,basis_zz,teleport_flag,throttle_cmd,steering_cmd,cmd_move_cm,cmd_turn_deg,lidar_cm_0,lidar_cm_1,lidar_cm_2,lidar_cm_3,lidar_cm_4,lidar_cm_5,lidar_cm_6,lidar_cm_7,lidar_cm_8,lidar_cm_9,lidar_cm_10,lidar_cm_11,lidar_cm_12,lidar_cm_13,lidar_cm_14,lidar_cm_15,lidar_cm_16,lidar_class_0,lidar_class_1,lidar_class_2,lidar_class_3,lidar_class_4,lidar_class_5,lidar_class_6,lidar_class_7,lidar_class_8,lidar_class_9,lidar_class_10,lidar_class_11,lidar_class_12,lidar_class_13,lidar_class_14,lidar_class_15,lidar_class_16
0,1635.053,-1640.295,458.593,-174.616,-0.995533,0.093738,-0.011282,-0.093127,-0.994590,-0.046030,-0.015535,-0.044773,0.998876,1,0.08000,0.12000,4.800,0.240,-1,375.000,-1,-1,-1,325.000,325.000,300.000,300.000,-1,550.000,500.000,-1,-1,-1,-1,-1,2,0,2,2,2,0,0,0,0,2,0,0,2,2,2,2,2
1,1625.503,-1641.276,458.439,-174.136,-0.994716,0.102068,-0.011058,-0.101463,-0.993783,-0.045828,-0.015667,-0.044464,0.998888,0,0.16000,0.24000,9.600,0.480,-1,375.000,-1,-1,-1,325.000,325.000,300.000,300.000,-1,550.000,500.000,-1,-1,-1,-1,-1,2,0,2,2,2,0,0,0,0,2,0,0,2,2,2,2,2
2,1611.198,-1642.927,458.200,-173.416,-0.993360,0.114550,-0.010721,-0.113954,-0.992443,-0.045510,-0.015853,-0.043986,0.998906,0,0.24000,0.36000,14.400,0.720,-1,375.000,-1,-1,-1,325.000,325.000,300.000,300.000,-1,550.000,525.000,-1,-1,-1,-1,-1,2,1,2,2,2,0,0,0,0,2,0,0,2,2,2,2,2
3,1592.165,-1645.447,457.869,-172.456,-0.991307,0.131166,-0.010270,-0.130581,-0.990413,-0.045059,-0.016082,-0.043326,0.998932,0,0.32000,0.48000,19.200,0.960,-1,-1,-1,-1,-1,325.000,-1,300.000,300.000,-1,550.000,525.000,-1,-1,-1,-1,-1,2,2,2,2,2,0,2,0,0,2,0,0,2,2,2,2,2
4,1568.444,-1649.095,457.434,-171.256,-0.988351,0.151884,-0.009706,-0.151315,-0.987486,-0.044453,-0.016336,-0.042466,0.998964,0,0.40000,0.60000,24.000,1.200,-1,-1,-1,-1,-1,-1,-1,300.000,300.000,-1,575.000,525.000,-1,-1,-1,-1,-1,2,2,2,2,2,2,2,0,0,2,0,0,2,2,2,2,2
5,1540.098,-1654.187,456.884,-169.816,-0.984231,0.176660,-0.009030,-0.176111,-0.983401,-0.043666,-0.016594,-0.041387,0.999005,0,0.48000,0.72000,28.800,1.440,-1,-1,-1,-1,-1,-1,-1,300.000,300.000,-1,575.000,550.000,-1,-1,-1,-1,-1,2,2,2,2,2,2,2,0,0,2,0,0,2,2,2,2,2
6,1507.216,-1661.094,456.205,-168.136,-0.978638,0.205426,-0.008246,-0.204901,-0.977852,-0.042670,-0.016829,-0.040069,0.999055,0,0.56000,0.84000,33.600,1.680,-1,-1,-1,-1,-1,-1,-1,300.000,300.000,-1,600.000,575.000,-1,-1,-1,-1,-1,2,2,2,2,2,2,2,0,0,2,0,0,2,2,2,2,2
7,1469.922,-1670.242,455.385,-166.216,-0.971216,0.238087,-0.007361,-0.237593,-0.970481,-0.041431,-0.017008,-0.038490,0.999114,0,0.64000,0.96000,38.400,1.920,-1,-1,-1,-1,-1,-1,-1,300.000,300.000,-1,600.000,575.000,-1,-1,-1,-1,-1,2,2,2,2,2,2,2,0,0,2,0,0,2,2,2,2,2
8,1428.335,-1681.938,454.420,-164.291,-0.962678,0.270575,-0.006374,-0.270119,-0.961999,-0.039923,-0.016934,-0.036712,0.999182,0,0.72000,0.96262,43.200,1.925,-1,-1,-1,-1,-1,-1,-1,300.000,300.000,-1,625.000,575.000,-1,-1,-1,-1,-1,2,2,2,2,2,2,2,0,0,2,0,0,2,2,2,2,2
9,1382.587,-1696.466,453.385,-162.381,-0.953137,0.302492,-0.005426,-0.302073,-0.952508,-0.038479,-0.016808,-0.035037,0.999245,0,0.80000,0.95459,48.000,1.909,-1,-1,-1,-1,-1,-1,-1,300.000,300.000,-1,650.000,550.000,-1,-1,-1,-1,-1,2,2,2,2,2,2,2,0,0,2,0,0,2,2,2,2,2
10,1332.813,-1714.090,441.141,-160.491,-0.941273,0.333947,-0.049841,-0.333922,-0.942557,-0.009074,-0.050008,0.008102,0.998716,0,0.88000,0.94535,52.800,1.891,-1,-1,-1,-1,-1,-1,-1,325.000,200.000,-1,-1,-1,-1,-1,-1,-1,-1,2,2,2,2,2,2,2,0,0,2,2,2,2,2,2,2,2
11,1279.173,-1735.105,423.289,-158.621,-0.923972,0.363569,-0.118718,-0.369426,-0.928744,0.030966,-0.099000,0.072469,0.992445,0,0.96000,0.93465,57.600,1.869,-1,-1,-1,-1,-1,-1,-1,400.000,100.000,-1,-1,-1,800.000,-1,-1,-1,-1,2,2,2,2,2,2,2,0,0,2,2,2,0,2,2,2,2
12,1224.043,-1758.820,405.357,-156.777,-0.900684,0.390494,-0.190477,-0.408865,-0.910089,0.067587,-0.146959,0.138754,0.979362,0,1.00000,0.92217,60.000,1.844,975.000,925.000,-1,-1,-1,-1,-1,500.000,25.000,-1,-1,-1,275.000,-1,-1,-1,-1,1,1,2,2,2,2,2,0,0,2,2,2,0,2,2,2,2
13,-2295.710,-3607.368,250.275,3.853,0.965952,-0.065033,0.250414,0.124252,0.965574,-0.228534,-0.226931,0.251867,0.940779,1,0.00000,0.00000,60.000,1.816,-1,750.000,475.000,325.000,600.000,450.000,200.000,0.000,700.000,-1,0.000,0.000,600.000,-1,425.000,-1,500.000,2,1,1,1,1,1,1,1,1,2,1,1,1,2,1,2,1
14,2946.993,984.898,683.236,166.531,-0.972709,-0.230144,0.029520,0.222342,-0.960902,-0.165017,0.066343,-0.153950,0.985849,1,0.08000,-0.12000,4.800,-0.240,-1,700.000,-1,200.000,150.000,350.000,225.000,225.000,825.000,400.000,25.000,200.000,-1,-1,250.000,-1,125.000,2,0,2,1,1,1,1,0,0,0,0,0,2,2,1,2,1
15,2937.672,987.205,684.256,166.051,-0.970787,-0.237999,0.030492,0.229544,-0.958188,-0.170837,0.069876,-0.158847,0.984827,0,0.16000,-0.24000,9.600,-0.480,-1,700.000,-1,200.000,150.000,350.000,225.000,225.000,850.000,375.000,25.000,200.000,-1,-1,250.000,-1,125.000,2,0,2,1,1,1,1,0,0,0,0,0,2,2,1,2,1
16,2923.736,990.841,685.840,165.331,-0.967798,-0.249706,0.031854,0.240207,-0.953921,-0.179822,0.075289,-0.166380,0.983183,0,0.24000,-0.36000,14.400,-0.720,-1,725.000,-1,200.000,125.000,350.000,225.000,225.000,900.000,325.000,25.000,200.000,-1,-1,250.000,-1,125.000,2,0,2,1,1,1,1,0,0,0,0,0,2,2,1,2,1
17,2905.238,995.998,688.049,164.371,-0.963622,-0.265165,0.033469,0.254150,-0.947859,-0.192280,0.082710,-0.176779,0.980769,0,0.32000,-0.48000,19.200,-0.960,-1,775.000,-1,200.000,125.000,325.000,200.000,225.000,1000.000,300.000,0.000,175.000,-1,-1,250.000,-1,125.000,2,0,2,1,1,1,1,0,0,0,0,0,2,2,1,2,1
18,2882.253,1002.925,690.968,163.171,-0.958114,-0.284224,0.035125,0.271104,-0.939671,-0.208618,0.092300,-0.190357,0.977366,0,0.40000,-0.60000,24.000,-1.200,-1,750.000,-1,200.000,125.000,325.000,200.000,225.000,-1,250.000,0.000,175.000,-1,-1,225.000,-1,125.000,2,1,2,1,1,1,1,0,2,0,0,0,2,2,1,2,1
19,-2951.630,983.908,420.327,-81.290,0.153356,0.982885,0.102072,-0.988000,0.150586,0.034354,0.018395,-0.106115,0.994184,1,0.00000,0.00000,28.800,-1.440,350.000,350.000,525.000,400.000,625.000,325.000,375.000,200.000,75.000,825.000,600.000,825.000,-1,475.000,450.000,500.000,525.000,0,0,1,1,1,0,1,0,1,0,1,1,2,1,1,1,1
20,-6234.697,2299.209,199.017,134.093,-0.695902,-0.718112,0.005946,0.718084,-0.695728,0.017811,-0.008654,0.016665,0.999824,1,0.08000,0.12000,4.800,0.240,350.000,425.000,-1,425.000,-1,350.000,350.000,275.000,300.000,-1,-1,-1,-1,500.000,-1,400.000,-1,1,0,2,0,2,0,0,0,0,2,2,2,2,1,2,1,2
21,-6241.434,2306.048,198.923,134.573,-0.701896,-0.712257,0.005757,0.712225,-0.701718,0.018094,-0.008848,0.016800,0.999820,0,0.16000,0.24000,9.600,0.480,350.000,425.000,-1,425.000,-1,350.000,350.000,275.000,300.000,-1,-1,-1,-1,500.000,-1,400.000,-1,1,0,2,0,2,0,0,0,0,2,2,2,2,1,2,1,2
22,-6251.636,2316.210,198.766,135.111,-0.708556,-0.705633,0.005455,0.705594,-0.708374,0.018510,-0.009197,0.016964,0.999814,0,0.24000,0.26905,14.400,0.538,350.000,425.000,-1,425.000,-1,350.000,350.000,275.000,300.000,-1,-1,-1,-1,475.000,-1,375.000,-1,1,1,2,0,2,0,0,0,0,2,2,2,2,1,2,1,2
23,-6265.366,2329.632,198.536,135.651,-0.715177,-0.698925,0.005036,0.698875,-0.714989,0.019060,-0.009721,0.017151,0.999806,0,0.32000,0.26994,19.200,0.540,325.000,400.000,-1,425.000,-1,350.000,350.000,275.000,300.000,-1,-1,-1,-1,450.000,-1,375.000,-1,1,1,2,0,2,0,0,0,0,2,2,2,2,1,2,1,2
24,-6282.687,2346.245,198.246,136.194,-0.721776,-0.692112,0.004606,0.692047,-0.721575,0.019997,-0.010517,0.017621,0.999789,0,0.40000,0.27151,24.000,0.543,300.000,400.000,-1,425.000,-1,350.000,350.000,275.000,300.000,-1,-1,-1,-1,450.000,-1,350.000,-1,1,1,2,0,2,0,0,0,0,2,2,2,2,1,2,1,2
25,-6303.661,2365.981,197.858,136.742,-0.728368,-0.685172,0.004337,0.685089,-0.728144,0.021425,-0.011522,0.018577,0.999761,0,0.48000,0.27379,28.800,0.548,275.000,375.000,-1,425.000,-1,350.000,350.000,275.000,300.000,-1,-1,-1,-1,425.000,-1,325.000,-1,1,1,2,0,2,0,0,0,0,2,2,2,2,1,2,1,2
26,-6328.352,2388.769,197.367,137.295,-0.734968,-0.678090,0.003966,0.677981,-0.734715,0.023130,-0.012770,0.019688,0.999725,0,0.56000,0.27681,33.600,0.554,250.000,350.000,800.000,425.000,-1,350.000,350.000,275.000,300.000,-1,-1,-1,-1,400.000,-1,275.000,-1,1,1,1,0,2,0,0,0,0,2,2,2,2,1,2,1,2
27,-6356.825,2414.535,196.751,137.856,-0.741591,-0.670844,0.003472,0.670701,-0.741303,0.025116,-0.014275,0.020955,0.999679,0,0.64000,0.28061,38.400,0.561,225.000,325.000,700.000,450.000,-1,350.000,350.000,275.000,300.000,-1,-1,-1,-1,350.000,-1,250.000,-1,1,1,1,0,2,0,0,0,0,2,2,2,2,1,2,1,2
28,-6389.143,2443.202,195.990,138.427,-0.748252,-0.663409,0.002833,0.663221,-0.747922,0.027391,-0.016053,0.022374,0.999621,0,0.72000,0.28526,43.200,0.571,200.000,300.000,625.000,450.000,-1,325.000,350.000,275.000,300.000,-1,-1,-1,-1,325.000,-1,225.000,-1,1,1,1,0,2,1,0,0,0,2,2,2,2,1,2,1,2
29,-6425.374,2474.687,195.057,139.009,-0.754968,-0.655758,0.002024,0.655511,-0.754591,0.029959,-0.018119,0.023944,0.999549,0,0.80000,0.29082,48.000,0.582,150.000,250.000,550.000,450.000,-1,300.000,350.000,275.000,300.000,-1,-1,-1,-1,300.000,-1,175.000,-1,1,1,1,0,2,1,0,0,0,2,2,2,2,1,2,1,2
30,-6465.586,2508.905,194.107,139.603,-0.761766,-0.647849,0.001966,0.647547,-0.761310,0.033008,-0.019887,0.026418,0.999453,0,0.88000,0.29740,52.800,0.595,125.000,225.000,475.000,450.000,-1,250.000,350.000,275.000,275.000,-1,-1,-1,-1,250.000,-1,125.000,-1,1,1,1,0,2,1,1,0,0,2,2,2,2,1,2,1,2
31,-6509.867,2545.741,203.039,140.214,-0.767880,-0.638329,0.053822,0.640497,-0.766514,0.047115,0.011181,0.070651,0.997438,0,0.96000,0.30509,57.600,0.610,125.000,225.000,525.000,450.000,-1,250.000,325.000,350.000,250.000,-1,-1,525.000,875.000,250.000,-1,125.000,-1,1,1,1,1,2,1,1,1,0,2,2,0,0,1,2,1,2
32,-6556.226,2583.410,212.017,140.842,-0.771516,-0.627111,0.107220,0.634784,-0.770054,0.063763,0.042578,0.117256,0.992189,0,0.99553,0.31403,59.732,0.628,100.000,225.000,-1,450.000,-1,225.000,325.000,350.000,250.000,-1,400.000,125.000,450.000,250.000,-1,125.000,-1,1,1,2,1,2,1,1,1,0,2,0,0,0,1,2,1,2
33,-6602.953,2620.463,220.796,141.489,-0.772754,-0.614196,0.160047,0.630481,-0.771853,0.082084,0.073117,0.164338,0.983691,0,0.99386,0.32382,59.631,0.648,100.000,200.000,-1,475.000,-1,225.000,300.000,350.000,225.000,-1,300.000,50.000,275.000,250.000,-1,125.000,-1,1,1,2,1,2,1,1,1,0,2,0,0,0,1,2,1,2
34,-6650.014,2656.848,229.451,142.157,-0.771716,-0.599591,0.212002,0.627647,-0.771802,0.101888,0.102532,0.211691,0.971943,0,0.99136,0.33408,59.482,0.668,100.000,200.000,-1,500.000,-1,200.000,300.000,350.000,200.000,-1,250.000,25.000,175.000,250.000,-1,100.000,-1,1,1,2,1,2,1,1,1,0,2,0,0,0,1,2,1,2
