timestep,x_cm,y_cm,z_cm,yaw_deg,basis_xx,basis_xy,basis_xz,basis_yx,basis_yy,basis_yz,basis_zx,basis_zy,basis_zz,teleport_flag,throttle_cmd,steering_cmd,cmd_move_cm,cmd_turn_deg,lidar_cm_0,lidar_cm_1,lidar_cm_2,lidar_cm_3,lidar_cm_4,lidar_cm_5,lidar_cm_6,lidar_cm_7,lidar_cm_8,lidar_cm_9,lidar_cm_10,lidar_cm_11,lidar_cm_12,lidar_cm_13,lidar_cm_14,lidar_cm_15,lidar_cm_16,lidar_class_0,lidar_class_1,lidar_class_2,lidar_class_3,lidar_class_4,lidar_class_5,lidar_class_6,lidar_class_7,lidar_class_8,lidar_class_9,lidar_class_10,lidar_class_11,lidar_class_12,lidar_class_13,lidar_class_14,lidar_class_15,lidar_class_16
0,6232.064,-3602.879,252.674,81.444,0.147725,-0.988210,0.040229,0.988643,0.148681,0.021891,-0.027614,0.036538,0.998951,1,0.08000,0.12000,4.800,0.240,450.000,350.000,625.000,375.000,-1,300.000,300.000,300.000,325.000,-1,375.000,200.000,-1,425.000,550.000,425.000,-1,1,1,1,0,2,0,0,0,0,2,1,0,2,1,1,1,2
1,6233.413,-3593.374,252.420,81.924,0.139463,-0.989396,0.040568,0.989872,0.140393,0.021043,-0.026515,0.037222,0.998955,0,0.16000,0.24000,9.600,0.480,450.000,350.000,600.000,375.000,-1,300.000,300.000,300.000,325.000,-1,400.000,200.000,-1,425.000,550.000,425.000,-1,1,1,1,0,2,0,0,0,0,2,1,0,2,1,1,1,2
2,6235.256,-3579.093,252.042,82.644,0.127055,-0.991044,0.041094,0.991584,0.127944,0.019767,-0.024848,0.038237,0.998960,0,0.24000,0.36000,14.400,0.720,450.000,350.000,575.000,375.000,-1,300.000,325.000,300.000,350.000,-1,400.000,175.000,-1,400.000,525.000,425.000,-1,1,1,1,0,2,0,0,0,0,2,1,0,2,1,1,1,2
3,6237.394,-3560.012,251.548,83.604,0.110486,-0.992997,0.041833,0.993621,0.111316,0.018059,-0.022589,0.039571,0.998961,0,0.32000,0.48000,19.200,0.960,425.000,325.000,550.000,375.000,-1,300.000,325.000,300.000,325.000,-1,350.000,175.000,-1,400.000,500.000,400.000,-1,1,1,1,1,2,0,0,0,0,2,0,0,2,1,1,1,2
4,6239.567,-3536.111,250.944,84.804,0.089740,-0.995045,0.042816,0.995770,0.090490,0.015915,-0.019711,0.041206,0.998956,0,0.40000,0.60000,24.000,1.200,425.000,325.000,525.000,350.000,-1,300.000,300.000,300.000,325.000,-1,300.000,175.000,-1,375.000,475.000,400.000,825.000,1,1,1,1,2,1,1,0,0,2,0,0,2,1,1,1,1
5,6241.452,-3507.373,250.242,86.244,0.064806,-0.996923,0.044088,0.997767,0.065451,0.013333,-0.016177,0.043125,0.998939,0,0.48000,0.72000,28.800,1.440,400.000,300.000,500.000,350.000,-1,275.000,300.000,300.000,325.000,-1,250.000,175.000,-1,375.000,450.000,375.000,650.000,1,1,1,1,2,1,1,0,0,2,0,0,2,1,1,1,1
6,6242.790,-3473.800,249.445,87.714,0.039331,-0.998184,0.045632,0.999153,0.039841,0.010327,-0.012127,0.045187,0.998905,0,0.56000,0.73529,33.600,1.471,375.000,300.000,450.000,325.000,-1,275.000,275.000,300.000,325.000,-1,225.000,150.000,-1,350.000,425.000,350.000,550.000,1,1,1,1,2,1,1,0,0,2,0,0,2,1,1,1,1
7,6243.337,-3435.405,248.564,89.182,0.013923,-0.998776,0.047468,0.999874,0.014266,0.006898,-0.007567,0.047366,0.998849,0,0.64000,0.73366,38.400,1.467,350.000,275.000,425.000,300.000,-1,250.000,250.000,300.000,325.000,-1,200.000,150.000,-1,325.000,375.000,325.000,475.000,1,1,1,1,2,1,1,0,0,2,0,0,2,1,1,1,1
8,6242.849,-3392.208,247.612,90.645,-0.011388,-0.998703,0.049628,0.999932,-0.011251,0.003045,-0.002482,0.049659,0.998763,0,0.72000,0.73189,43.200,1.464,325.000,250.000,375.000,275.000,-1,225.000,225.000,300.000,325.000,-1,200.000,150.000,-1,275.000,350.000,275.000,400.000,1,1,1,1,2,1,1,0,0,2,0,0,2,1,1,1,1
9,6241.083,-3344.241,246.606,92.105,-0.036572,-0.997969,0.052149,0.999326,-0.036686,-0.001229,0.003139,0.052069,0.998639,0,0.80000,0.72991,48.000,1.460,275.000,225.000,325.000,225.000,525.000,200.000,200.000,300.000,300.000,-1,175.000,150.000,-1,250.000,300.000,250.000,325.000,1,1,1,1,1,1,1,0,0,2,0,0,2,1,1,1,1
10,6237.861,-3292.495,245.760,93.561,-0.061633,-0.996618,0.054359,0.998061,-0.062014,-0.005349,0.008702,0.053923,0.998507,0,0.86410,0.72767,51.846,1.455,225.000,175.000,275.000,200.000,325.000,175.000,175.000,300.000,300.000,-1,175.000,150.000,-1,225.000,250.000,200.000,250.000,1,1,1,1,1,1,1,0,0,2,0,0,2,1,1,1,1
11,6233.320,-3240.629,253.242,95.011,-0.085978,-0.995375,0.042847,0.995752,-0.087274,-0.029347,0.032950,0.040142,0.998651,0,0.86773,0.72511,52.064,1.450,200.000,175.000,250.000,175.000,400.000,150.000,150.000,300.000,350.000,-1,150.000,150.000,-1,200.000,225.000,175.000,250.000,1,1,1,1,1,1,1,0,0,2,0,0,2,1,1,1,1
12,6227.434,-3188.680,266.304,96.455,-0.108814,-0.992633,0.053285,0.991363,-0.112310,-0.067726,0.073212,0.045455,0.996280,0,0.87128,0.72218,52.277,1.444,200.000,175.000,275.000,200.000,-1,150.000,150.000,350.000,375.000,-1,125.000,150.000,-1,200.000,250.000,200.000,300.000,1,1,1,1,2,1,1,0,0,2,0,0,2,1,1,1,1
13,327.956,2295.769,262.039,76.810,0.224884,-0.972175,-0.065597,0.972809,0.227839,-0.041623,0.055410,-0.054453,0.996978,1,0.00000,0.00000,52.483,1.438,-1,350.000,-1,400.000,-1,300.000,325.000,275.000,300.000,-1,425.000,400.000,375.000,700.000,875.000,-1,-1,2,0,2,0,2,0,0,0,1,2,1,1,1,0,0,2,2
14,329.032,2300.447,262.419,77.050,0.220801,-0.973105,-0.065672,0.973752,0.223761,-0.041695,0.055269,-0.054741,0.996970,0,0.08000,0.12000,4.800,0.240,-1,350.000,-1,400.000,-1,300.000,325.000,275.000,300.000,-1,450.000,400.000,375.000,700.000,875.000,-1,-1,2,0,2,0,2,0,0,0,1,2,1,1,1,0,0,2,2
15,331.104,2309.820,263.162,77.530,0.212623,-0.974918,-0.065773,0.975583,0.215595,-0.041901,0.055031,-0.055258,0.996954,0,0.16000,0.24000,9.600,0.480,-1,350.000,-1,400.000,-1,300.000,325.000,275.000,325.000,-1,450.000,425.000,375.000,700.000,875.000,-1,-1,2,0,2,0,2,0,0,0,1,2,1,1,1,0,0,2,2
16,334.036,2323.919,264.232,78.250,0.200329,-0.977516,-0.065807,0.978196,0.203320,-0.042353,0.054780,-0.055887,0.996933,0,0.24000,0.36000,14.400,0.720,-1,350.000,-1,400.000,-1,300.000,325.000,275.000,325.000,-1,450.000,425.000,375.000,700.000,875.000,-1,-1,2,0,2,0,2,0,0,0,1,2,1,1,1,0,0,2,2
17,337.666,2342.772,265.563,79.101,0.185763,-0.980408,-0.065517,0.981068,0.188777,-0.043233,0.054754,-0.056246,0.996914,0,0.32000,0.42546,19.200,0.851,-1,350.000,-1,400.000,-1,300.000,325.000,275.000,350.000,-1,475.000,450.000,375.000,725.000,875.000,-1,-1,2,0,2,0,2,0,0,0,1,2,1,1,1,0,0,2,2
18,341.853,2366.404,267.090,79.954,0.171126,-0.983127,-0.064634,0.983702,0.174165,-0.044694,0.055197,-0.055932,0.996908,0,0.40000,0.42647,24.000,0.853,-1,350.000,-1,400.000,-1,300.000,325.000,275.000,375.000,-1,500.000,475.000,375.000,725.000,875.000,-1,-1,2,0,2,0,2,0,0,0,0,2,1,1,1,0,0,2,2
19,346.453,2394.834,268.778,80.810,0.156416,-0.985678,-0.063036,0.986091,0.159475,-0.046812,0.056195,-0.054837,0.996913,0,0.48000,0.42778,28.800,0.856,-1,375.000,-1,400.000,-1,300.000,325.000,300.000,350.000,-1,525.000,500.000,375.000,750.000,900.000,-1,-1,2,0,2,0,2,0,0,0,0,2,1,1,1,0,0,2,2
20,351.323,2428.079,270.592,81.668,0.141629,-0.988063,-0.060600,0.988229,0.144698,-0.049658,0.057834,-0.052854,0.996926,0,0.56000,0.42943,33.600,0.859,-1,375.000,-1,425.000,-1,300.000,325.000,300.000,350.000,-1,550.000,525.000,375.000,775.000,900.000,-1,-1,2,0,2,0,2,0,0,0,0,2,1,1,1,0,0,2,2
21,356.316,2466.154,272.501,82.531,0.126767,-0.990282,-0.057204,0.990104,0.129822,-0.053286,0.060195,-0.049883,0.996939,0,0.64000,0.43143,38.400,0.863,-1,375.000,-1,425.000,-1,300.000,325.000,300.000,350.000,-1,575.000,550.000,400.000,825.000,925.000,-1,-1,2,0,2,0,2,0,0,0,0,2,1,1,1,0,0,2,2
22,361.284,2509.067,274.474,83.399,0.111836,-0.992327,-0.052728,0.991705,0.114834,-0.057740,0.063352,-0.045833,0.996938,0,0.72000,0.43383,43.200,0.868,-1,400.000,-1,425.000,-1,325.000,325.000,300.000,350.000,-1,600.000,600.000,400.000,900.000,950.000,-1,-1,2,0,2,0,2,0,0,0,0,2,1,1,1,0,0,2,2
23,366.077,2556.828,276.483,84.272,0.096848,-0.994186,-0.047066,0.993016,0.099719,-0.063044,0.067371,-0.040631,0.996900,0,0.80000,0.43663,48.000,0.873,-1,425.000,-1,425.000,-1,325.000,350.000,300.000,325.000,-1,650.000,625.000,425.000,-1,-1,-1,-1,2,0,2,0,2,0,0,0,0,2,1,1,1,2,2,2,2
24,370.206,2605.483,278.387,85.152,0.081814,-0.995824,-0.040518,0.994061,0.084461,-0.068621,0.071756,-0.034663,0.996820,0,0.81382,0.43988,48.829,0.880,-1,425.000,-1,450.000,-1,350.000,350.000,300.000,325.000,-1,700.000,675.000,425.000,-1,-1,-1,-1,2,0,2,0,2,0,0,0,0,2,1,1,1,2,2,2,2
25,373.580,2654.204,280.285,86.039,0.066545,-0.997068,-0.037787,0.995204,0.069047,-0.069292,0.071698,-0.032995,0.996881,0,0.81396,0.44330,48.837,0.887,-1,425.000,-1,450.000,-1,350.000,350.000,300.000,300.000,-1,725.000,700.000,450.000,-1,-1,-1,-1,2,0,2,0,2,0,0,0,0,2,1,1,1,2,2,2,2
26,376.195,2703.003,282.783,86.932,0.051123,-0.998002,-0.037123,0.996402,0.053486,-0.065744,0.067598,-0.033628,0.997146,0,0.81451,0.44682,48.870,0.894,-1,425.000,-1,425.000,-1,350.000,350.000,300.000,300.000,-1,775.000,500.000,525.000,-1,-1,-1,-1,2,0,2,0,2,0,0,0,0,2,1,1,1,2,2,2,2
27,378.044,2751.893,285.245,87.833,0.035558,-0.998699,-0.036562,0.997347,0.037787,-0.062212,0.063513,-0.034252,0.997393,0,0.81543,0.45045,48.926,0.901,-1,425.000,-1,425.000,-1,325.000,350.000,300.000,300.000,-1,825.000,525.000,575.000,-1,-1,-1,-1,2,0,2,0,2,0,0,0,0,2,1,1,1,2,2,2,2
28,379.120,2800.881,287.673,88.741,0.019851,-0.999151,-0.036108,0.998035,0.021950,-0.058691,0.059433,-0.034872,0.997623,0,0.81668,0.45416,49.001,0.908,-1,425.000,-1,425.000,-1,325.000,350.000,300.000,300.000,-1,875.000,575.000,625.000,-1,-1,-1,-1,2,0,2,0,2,0,0,0,0,2,1,1,1,2,2,2,2
29,379.413,2849.974,290.067,89.657,0.004005,-0.999352,-0.035768,0.998459,0.005976,-0.055173,0.055351,-0.035492,0.997836,0,0.81823,0.45796,49.094,0.916,-1,425.000,-1,425.000,-1,325.000,325.000,300.000,300.000,-1,950.000,625.000,675.000,-1,-1,-1,-1,2,0,2,0,2,0,0,0,0,2,1,1,1,2,2,2,2
30,378.913,2899.174,292.428,90.581,-0.011980,-0.999296,-0.035548,0.998614,-0.010135,-0.051655,0.051258,-0.036118,0.998032,0,0.82005,0.46184,49.203,0.924,-1,425.000,-1,425.000,-1,325.000,325.000,275.000,300.000,-1,1000.000,675.000,725.000,-1,-1,-1,-1,2,0,2,0,2,0,0,0,0,2,1,1,1,2,2,2,2
31,377.610,2948.482,294.755,91.513,-0.028101,-0.998976,-0.035456,0.998493,-0.026379,-0.048129,0.047145,-0.036755,0.998212,0,0.82211,0.46578,49.326,0.932,-1,425.000,-1,425.000,-1,325.000,325.000,275.000,300.000,-1,-1,725.000,775.000,-1,-1,-1,-1,2,0,2,0,2,0,0,0,0,2,2,1,1,2,2,2,2
32,375.438,2999.284,297.113,92.448,-0.044285,-0.998388,-0.035497,0.998097,-0.042690,-0.044490,0.042903,-0.037400,0.998379,0,0.84747,0.46790,50.848,0.936,-1,425.000,-1,425.000,-1,325.000,325.000,300.000,300.000,-1,-1,775.000,800.000,-1,-1,-1,-1,2,0,2,0,2,0,0,0,0,2,2,1,1,2,2,2,2
33,372.436,3049.965,299.427,93.389,-0.060537,-0.997528,-0.035684,0.997418,-0.059069,-0.040851,0.038642,-0.038065,0.998528,0,0.84618,0.47021,50.771,0.940,-1,425.000,-1,425.000,-1,325.000,325.000,300.000,300.000,-1,-1,850.000,850.000,-1,-1,-1,-1,2,0,2,0,2,0,0,0,0,2,2,1,1,2,2,2,2
34,368.602,3100.533,301.699,94.334,-0.076858,-0.996391,-0.036026,0.996450,-0.075518,-0.037205,0.034350,-0.038758,0.998658,0,0.84523,0.47269,50.714,0.945,-1,450.000,-1,425.000,-1,350.000,325.000,300.000,325.000,-1,-1,900.000,900.000,-1,-1,-1,-1,2,0,2,0,2,0,0,0,0,2,2,1,1,2,2,2,2
35,363.934,3150.995,303.928,95.285,-0.093248,-0.994973,-0.036530,0.995190,-0.092036,-0.033549,0.030019,-0.039483,0.998769,0,0.84463,0.47533,50.678,0.951,-1,450.000,-1,425.000,-1,350.000,350.000,300.000,325.000,-1,-1,975.000,950.000,-1,-1,-1,-1,2,0,2,0,2,0,0,0,0,2,2,1,1,2,2,2,2
36,358.425,3201.357,306.115,96.241,-0.109704,-0.993268,-0.037206,0.993634,-0.108625,-0.029880,0.025637,-0.040247,0.998861,0,0.84437,0.47813,50.662,0.956,-1,450.000,-1,450.000,-1,350.000,350.000,300.000,325.000,-1,-1,-1,1000.000,-1,-1,-1,-1,2,0,2,0,2,0,0,0,0,2,2,2,1,2,2,2,2
37,352.072,3251.623,308.145,97.203,-0.126230,-0.991289,-0.037588,0.991767,-0.125287,-0.026484,0.021544,-0.040621,0.998942,0,0.84444,0.48107,50.666,0.962,-1,475.000,-1,450.000,-1,350.000,350.000,300.000,325.000,-1,-1,-1,-1,-1,-1,-1,-1,2,0,2,0,2,0,0,0,0,2,2,2,2,2,2,2,2
38,344.868,3301.798,309.064,98.172,-0.142723,-0.989166,-0.034359,0.989626,-0.142040,-0.021555,0.016441,-0.037079,0.999177,0,0.84483,0.48415,50.690,0.968,-1,475.000,-1,450.000,-1,350.000,350.000,325.000,300.000,-1,-1,-1,-1,-1,-1,-1,-1,2,0,2,0,2,0,0,0,0,2,2,2,2,2,2,2,2
39,336.804,3351.883,308.997,99.146,-0.159385,-0.986608,-0.034669,0.987143,-0.158847,-0.017783,0.012038,-0.037058,0.999241,0,0.84552,0.48736,50.731,0.975,-1,475.000,-1,425.000,-1,350.000,350.000,325.000,300.000,-1,-1,-1,-1,-1,-1,-1,-1,2,0,2,0,2,0,0,0,0,2,2,2,2,2,2,2,2
40,328.596,3398.995,308.525,99.881,-0.171872,-0.984434,-0.036750,0.985093,-0.171475,-0.013715,0.007200,-0.038559,0.999230,0,0.79703,0.36736,47.822,0.735,-1,475.000,-1,425.000,-1,350.000,350.000,300.000,300.000,-1,-1,-1,-1,-1,-1,-1,-1,2,0,2,0,2,0,0,0,0,2,2,2,2,2,2,2,2
41,319.969,3446.107,308.010,100.376,-0.180199,-0.982856,-0.039017,0.983627,-0.179957,-0.009649,0.002462,-0.040117,0.999192,0,0.79826,0.24736,47.896,0.495,-1,450.000,-1,425.000,-1,350.000,350.000,300.000,300.000,-1,-1,-1,-1,-1,-1,-1,-1,2,0,2,0,2,0,0,0,0,2,2,2,2,2,2,2,2
42,311.057,3493.260,307.457,100.701,-0.185588,-0.981755,-0.041404,0.982625,-0.185518,-0.005573,-0.002210,-0.041718,0.999127,0,0.79979,0.16250,47.987,0.325,-1,450.000,-1,425.000,-1,350.000,350.000,300.000,300.000,-1,-1,-1,-1,-1,1000.000,-1,-1,2,0,2,0,2,0,0,0,0,2,2,2,2,2,0,2,2
43,301.853,3540.462,306.869,101.032,-0.191066,-0.980597,-0.043853,0.981553,-0.191186,-0.001488,-0.006925,-0.043329,0.999037,0,0.80152,0.16588,48.091,0.332,-1,450.000,-1,425.000,-1,350.000,350.000,300.000,300.000,-1,-1,-1,-1,-1,975.000,-1,-1,2,0,2,0,2,0,0,0,0,2,2,2,2,2,0,2,2
44,292.348,3587.719,306.245,101.371,-0.196634,-0.979380,-0.046368,0.980407,-0.196964,0.002607,-0.011686,-0.044947,0.998921,0,0.80340,0.16931,48.204,0.339,-1,450.000,-1,425.000,-1,350.000,325.000,300.000,300.000,-1,-1,-1,-1,-1,950.000,-1,-1,2,0,2,0,2,0,0,0,0,2,2,2,2,2,0,2,2
45,282.533,3635.037,305.584,101.717,-0.202293,-0.978101,-0.048950,0.979186,-0.202853,0.006712,-0.016495,-0.046573,0.998779,0,0.80540,0.17281,48.324,0.346,-1,450.000,-1,425.000,-1,350.000,325.000,275.000,300.000,-1,-1,-1,-1,1000.000,925.000,-1,-1,2,0,2,0,2,0,0,0,0,2,2,2,2,0,0,2,2
46,272.400,3682.417,304.883,102.069,-0.208042,-0.976758,-0.051601,0.977887,-0.208854,0.010826,-0.021352,-0.048208,0.998609,0,0.80753,0.17637,48.452,0.353,-1,425.000,-1,400.000,-1,350.000,325.000,275.000,300.000,-1,-1,-1,-1,975.000,925.000,-1,-1,2,0,2,0,2,0,0,0,0,2,2,2,2,0,0,2,2
47,261.615,3730.955,304.123,102.525,-0.215505,-0.974986,-0.054403,0.976145,-0.216600,0.015031,-0.026439,-0.049866,0.998406,0,0.82869,0.22788,49.721,0.456,-1,425.000,-1,400.000,-1,350.000,325.000,275.000,300.000,-1,-1,-1,-1,950.000,900.000,-1,-1,2,0,2,0,2,0,0,0,0,2,2,2,2,0,0,2,2
48,250.447,3779.389,303.318,102.982,-0.222953,-0.973144,-0.057286,0.974318,-0.224354,0.019227,-0.031563,-0.051528,0.998173,0,0.82842,0.22861,49.705,0.457,-1,425.000,-1,400.000,-1,350.000,325.000,300.000,325.000,-1,-1,-1,-1,925.000,875.000,-1,-1,2,0,2,0,2,0,0,0,0,2,2,2,2,0,0,2,2
49,238.896,3827.715,302.467,103.441,-0.230384,-0.971233,-0.060252,0.972407,-0.232115,0.023413,-0.036724,-0.053195,0.997909,0,0.82811,0.22927,49.687,0.459,-1,425.000,-1,400.000,-1,325.000,325.000,300.000,325.000,-1,-1,-1,-1,900.000,850.000,-1,-1,2,0,2,0,2,0,0,0,0,2,2,2,2,0,0,2,2
50,226.962,3875.927,301.339,103.901,-0.237868,-0.969296,-0.062327,0.970421,-0.239889,0.027139,-0.041257,-0.054028,0.997687,0,0.82778,0.22985,49.667,0.460,-1,425.000,-1,400.000,-1,325.000,325.000,300.000,325.000,-1,-1,-1,-1,875.000,850.000,-1,-1,2,0,2,0,2,0,0,0,0,2,2,2,2,0,0,2,2
51,214.649,3924.021,299.500,104.361,-0.245495,-0.967418,-0.061921,0.968352,-0.247696,0.030668,-0.045007,-0.052432,0.997610,0,0.82742,0.23034,49.645,0.461,-1,425.000,-1,400.000,-1,325.000,325.000,300.000,325.000,-1,-1,-1,-1,850.000,825.000,-1,-1,2,0,2,0,2,0,0,0,0,2,2,2,2,0,0,2,2
52,201.955,3971.992,297.554,104.823,-0.253126,-0.965482,-0.061419,0.966194,-0.255504,0.034447,-0.048951,-0.050623,0.997517,0,0.82704,0.23076,49.622,0.462,-1,400.000,-1,400.000,-1,325.000,325.000,300.000,300.000,-1,-1,-1,-1,850.000,800.000,-1,-1,2,0,2,0,2,0,0,0,0,2,2,2,2,0,0,2,2
53,188.749,4020.317,295.085,105.284,-0.260737,-0.963389,-0.062429,0.964040,-0.263266,0.036309,-0.051415,-0.050717,0.997389,0,0.83494,0.23061,50.096,0.461,-1,400.000,-1,400.000,-1,325.000,325.000,300.000,300.000,-1,-1,-1,-1,825.000,775.000,-1,-1,2,0,2,0,2,0,0,0,0,2,2,2,2,0,0,2,2
54,175.147,4068.543,292.371,105.750,-0.268412,-0.961186,-0.063843,0.961833,-0.271074,0.037372,-0.053227,-0.051375,0.997260,0,0.83513,0.23272,50.108,0.465,-1,400.000,-1,400.000,-1,325.000,325.000,300.000,300.000,-1,-1,-1,-1,800.000,775.000,-1,-1,2,0,2,0,2,0,0,0,0,2,2,2,2,0,0,2,2
55,161.149,4116.663,289.541,106.219,-0.276140,-0.958916,-0.065013,0.959529,-0.278939,0.038686,-0.055231,-0.051699,0.997134,0,0.83524,0.23483,50.114,0.470,-1,400.000,-1,400.000,-1,325.000,325.000,300.000,300.000,-1,-1,-1,-1,800.000,775.000,-1,-1,2,0,2,0,2,0,0,0,0,2,2,2,2,0,0,2,2
56,146.753,4164.667,286.682,106.693,-0.283921,-0.956560,-0.066187,0.957142,-0.286856,0.039910,-0.057162,-0.052020,0.997009,0,0.83528,0.23693,50.117,0.474,-1,400.000,-1,400.000,-1,325.000,325.000,300.000,300.000,-1,-1,-1,-1,775.000,750.000,-1,-1,2,0,2,0,2,0,0,0,0,2,2,2,2,0,0,2,2
57,131.958,4212.547,283.794,107.171,-0.291752,-0.954119,-0.067362,0.954671,-0.294819,0.041040,-0.059017,-0.052335,0.996884,0,0.83523,0.23893,50.114,0.478,-1,400.000,-1,400.000,-1,325.000,325.000,300.000,300.000,-1,-1,-1,-1,750.000,750.000,-1,-1,2,0,2,0,2,0,0,0,0,2,2,2,2,0,0,2,2
58,116.763,4260.295,280.878,107.652,-0.299615,-0.951595,-0.068535,0.952122,-0.302811,0.042074,-0.060791,-0.052647,0.996761,0,0.83512,0.24043,50.107,0.481,-1,400.000,-1,400.000,-1,325.000,325.000,325.000,325.000,-1,-1,-1,-1,750.000,725.000,-1,-1,2,0,2,0,2,0,0,0,0,2,2,2,2,0,0,2,2
59,101.170,4307.902,277.932,108.135,-0.307506,-0.948990,-0.069701,0.949493,-0.310828,0.043008,-0.062479,-0.052955,0.996640,0,0.83492,0.24184,50.095,0.484,-1,400.000,-1,400.000,-1,325.000,325.000,325.000,325.000,-1,-1,-1,-1,725.000,725.000,-1,-1,2,0,2,0,2,0,0,0,0,2,2,2,2,0,0,2,2
60,85.178,4355.359,274.957,108.622,-0.315424,-0.946302,-0.070857,0.946785,-0.318867,0.043838,-0.064078,-0.053259,0.996523,0,0.83466,0.24318,50.079,0.486,-1,400.000,-1,375.000,-1,325.000,325.000,325.000,325.000,-1,-1,-1,-1,725.000,700.000,-1,-1,2,0,2,0,2,0,0,0,0,2,2,2,2,0,0,2,2
61,68.788,4402.660,271.952,109.111,-0.323364,-0.943532,-0.072000,0.943999,-0.326924,0.044563,-0.065585,-0.053557,0.996409,0,0.83432,0.24443,50.059,0.489,-1,375.000,-1,375.000,-1,325.000,325.000,325.000,325.000,-1,-1,-1,-1,700.000,700.000,-1,-1,2,0,2,0,2,0,0,0,0,2,2,2,2,0,0,2,2
62,52.002,4449.795,268.918,109.602,-0.331323,-0.940679,-0.073125,0.941136,-0.334996,0.045179,-0.066995,-0.053851,0.996299,0,0.83391,0.24560,50.035,0.491,-1,375.000,-1,375.000,-1,300.000,300.000,325.000,325.000,-1,-1,-1,-1,700.000,675.000,-1,-1,2,0,2,0,2,0,0,0,0,2,2,2,2,0,0,2,2
63,34.820,4496.757,265.751,110.095,-0.339333,-0.937759,-0.073901,0.938199,-0.343084,0.045575,-0.068092,-0.053869,0.996224,0,0.83344,0.24669,50.007,0.493,-1,375.000,-1,375.000,-1,300.000,300.000,325.000,325.000,-1,-1,-1,-1,675.000,675.000,-1,-1,2,0,2,0,2,0,0,0,0,2,2,2,2,0,0,2,2
64,17.245,4543.539,262.372,110.591,-0.347380,-0.934752,-0.074599,0.935205,-0.351177,0.045466,-0.068697,-0.053972,0.996177,0,0.83291,0.24769,49.974,0.495,-1,375.000,-1,375.000,-1,300.000,300.000,325.000,325.000,-1,-1,-1,-1,675.000,675.000,-1,-1,2,0,2,0,2,0,0,0,0,2,2,2,2,0,0,2,2
65,-0.724,4590.133,259.167,111.088,-0.355424,-0.931623,-0.075837,0.932178,-0.359257,0.044484,-0.068688,-0.054883,0.996127,0,0.83232,0.24860,49.939,0.497,-1,375.000,-1,375.000,-1,300.000,300.000,325.000,325.000,-1,-1,-1,-1,650.000,650.000,-1,-1,2,0,2,0,2,0,0,0,0,2,2,2,2,0,0,2,2
66,-19.083,4636.532,255.952,111.587,-0.363471,-0.928407,-0.077137,0.929081,-0.367333,0.043308,-0.068543,-0.055925,0.996079,0,0.83167,0.24942,49.900,0.499,-1,375.000,-1,375.000,-1,300.000,300.000,325.000,325.000,-1,-1,-1,-1,650.000,650.000,-1,-1,2,0,2,0,2,0,0,0,0,2,2,2,2,0,0,2,2
67,-37.831,4682.731,252.638,112.087,-0.371565,-0.925126,-0.077985,0.925913,-0.375410,0.041862,-0.068004,-0.056653,0.996075,0,0.83097,0.25015,49.858,0.500,-1,350.000,-1,350.000,-1,300.000,300.000,325.000,325.000,-1,-1,-1,-1,650.000,650.000,-1,-1,2,0,2,0,2,0,0,0,0,2,2,2,2,0,0,2,2
68,-56.966,4728.723,249.414,112.589,-0.379680,-0.921774,-0.078582,0.922670,-0.383482,0.040276,-0.067260,-0.057213,0.996094,0,0.83023,0.25079,49.814,0.502,-1,350.000,-1,350.000,-1,300.000,300.000,325.000,325.000,-1,-1,-1,-1,650.000,625.000,-1,-1,2,0,2,0,2,0,0,0,0,2,2,2,2,0,0,2,2
69,-76.483,4774.503,246.604,113.091,-0.387979,-0.918423,-0.077281,0.919360,-0.391575,0.038031,-0.065190,-0.056294,0.996284,0,0.82946,0.25134,49.767,0.503,-1,350.000,-1,350.000,-1,300.000,300.000,325.000,325.000,-1,-1,-1,-1,650.000,625.000,-1,-1,2,0,2,0,2,0,0,0,0,2,2,2,2,0,0,2,2
70,-96.383,4820.065,243.825,113.595,-0.396260,-0.914988,-0.075988,0.915973,-0.399650,0.035688,-0.063023,-0.055461,0.996470,0,0.82865,0.25179,49.719,0.504,-1,350.000,-1,350.000,-1,300.000,300.000,325.000,325.000,-1,-1,-1,-1,650.000,625.000,-1,-1,2,0,2,0,2,0,0,0,0,2,2,2,2,0,0,2,2
71,-117.146,4867.014,241.010,113.858,-0.400701,-0.913170,-0.074558,0.914215,-0.403869,0.033189,-0.060419,-0.054863,0.996664,0,0.85559,0.13179,51.336,0.264,-1,375.000,-1,350.000,-1,300.000,300.000,325.000,325.000,-1,-1,-1,-1,650.000,625.000,-1,-1,2,0,2,0,2,0,0,0,0,2,2,2,2,0,0,2,2
72,-137.903,4913.896,238.265,113.882,-0.401314,-0.913023,-0.073051,0.914135,-0.404253,0.030613,-0.057482,-0.054493,0.996858,0,0.85452,0.01179,51.271,0.024,-1,375.000,-1,350.000,-1,300.000,300.000,325.000,325.000,-1,-1,-1,-1,650.000,625.000,-1,-1,2,0,2,0,2,0,0,0,0,2,2,2,2,0,0,2,2
73,-158.452,4960.786,235.596,113.666,-0.398103,-0.914552,-0.071477,0.915737,-0.400805,0.027964,-0.054223,-0.054322,0.997050,0,0.85327,-0.10821,51.196,-0.216,-1,375.000,-1,350.000,-1,300.000,300.000,325.000,325.000,-1,600.000,600.000,-1,650.000,625.000,-1,-1,2,0,2,0,2,0,0,0,0,2,0,0,2,0,0,2,2
74,-178.594,5007.761,233.014,113.209,-0.391049,-0.917716,-0.069850,0.918975,-0.393507,0.025243,-0.050653,-0.054319,0.997238,0,0.85185,-0.22821,51.111,-0.456,-1,375.000,-1,350.000,-1,300.000,300.000,350.000,325.000,-1,475.000,475.000,-1,650.000,625.000,-1,-1,2,0,2,0,2,0,0,0,0,2,0,0,2,0,0,2,2
75,-198.305,5054.815,230.507,112.730,-0.383604,-0.920973,-0.068240,0.922302,-0.385820,0.022431,-0.046986,-0.054333,0.997417,0,0.85027,-0.23953,51.016,-0.479,-1,375.000,-1,350.000,-1,300.000,300.000,350.000,325.000,-1,425.000,425.000,-1,650.000,625.000,-1,-1,2,0,2,0,2,0,0,0,0,2,0,0,2,0,0,2,2
76,-217.587,5101.946,227.973,112.250,-0.376124,-0.924150,-0.066913,0.925575,-0.378084,0.019061,-0.042914,-0.054764,0.997577,0,0.84872,-0.23994,50.923,-0.480,-1,375.000,-1,350.000,-1,300.000,300.000,350.000,325.000,-1,350.000,375.000,-1,650.000,625.000,-1,-1,2,0,2,0,2,0,0,0,0,2,0,0,2,0,0,2,2
77,-236.440,5149.155,225.617,111.769,-0.368556,-0.927239,-0.066295,0.928784,-0.370290,0.015663,-0.039071,-0.055801,0.997677,0,0.84724,-0.24052,50.834,-0.481,-1,375.000,-1,350.000,-1,300.000,300.000,350.000,325.000,-1,325.000,350.000,-1,650.000,650.000,-1,-1,2,0,2,0,2,0,0,0,0,2,0,0,2,0,0,2,2
78,-254.865,5196.442,223.521,111.287,-0.360905,-0.930231,-0.066467,0.931931,-0.362432,0.012136,-0.035379,-0.057563,0.997715,0,0.84583,-0.24127,50.750,-0.483,-1,375.000,-1,350.000,-1,300.000,300.000,350.000,325.000,-1,300.000,325.000,-1,650.000,650.000,-1,-1,2,0,2,0,2,0,0,0,0,2,0,0,2,0,0,2,2
79,-272.862,5243.811,221.652,110.802,-0.353215,-0.933131,-0.067126,0.935020,-0.354505,0.007988,-0.031250,-0.059942,0.997713,0,0.84454,-0.24220,50.672,-0.484,-1,375.000,-1,350.000,-1,300.000,300.000,325.000,350.000,-1,275.000,300.000,-1,675.000,650.000,-1,-1,2,0,2,0,2,0,0,0,0,2,0,0,2,0,0,2,2
80,-290.432,5291.264,219.859,110.316,-0.345473,-0.935968,-0.067914,0.938036,-0.346516,0.003844,-0.027132,-0.062378,0.997684,0,0.84336,-0.24329,50.601,-0.487,-1,375.000,-1,375.000,-1,300.000,300.000,325.000,350.000,-1,250.000,300.000,-1,675.000,675.000,-1,-1,2,0,2,0,2,0,0,0,0,2,0,0,2,0,0,2,2
81,-307.574,5338.807,218.427,109.827,-0.337638,-0.938813,-0.068056,0.940971,-0.338485,0.000978,-0.023954,-0.063709,0.997681,0,0.84231,-0.24454,50.539,-0.489,-1,375.000,-1,375.000,-1,300.000,300.000,325.000,350.000,-1,275.000,300.000,-1,675.000,675.000,-1,-1,2,0,2,0,2,0,0,0,0,2,0,0,2,0,0,2,2
82,-324.288,5386.445,217.421,109.335,-0.329731,-0.941687,-0.067109,0.943836,-0.330414,-0.000974,-0.021257,-0.063661,0.997745,0,0.84142,-0.24595,50.485,-0.492,-1,375.000,-1,375.000,-1,300.000,300.000,325.000,350.000,-1,300.000,325.000,-1,675.000,675.000,-1,-1,2,0,2,0,2,0,0,0,0,2,0,0,2,0,0,2,2
83,-340.576,5434.184,216.586,108.840,-0.321766,-0.944531,-0.065789,0.946641,-0.322274,-0.003028,-0.018342,-0.063252,0.997829,0,0.84068,-0.24751,50.441,-0.495,-1,375.000,-1,375.000,-1,300.000,300.000,325.000,350.000,-1,325.000,350.000,-1,675.000,675.000,-1,-1,2,0,2,0,2,0,0,0,0,2,0,0,2,0,0,2,2
84,-356.437,5482.030,215.838,108.341,-0.313713,-0.947325,-0.064498,0.949392,-0.314054,-0.005046,-0.015476,-0.062816,0.997905,0,0.84011,-0.24922,50.407,-0.498,-1,375.000,-1,375.000,-1,300.000,300.000,325.000,350.000,-1,325.000,350.000,-1,675.000,700.000,-1,-1,2,0,2,0,2,0,0,0,0,2,0,0,2,0,0,2,2
85,-371.871,5529.992,215.175,107.839,-0.305567,-0.950068,-0.063234,0.952086,-0.305749,-0.007027,-0.012658,-0.062352,0.997974,0,0.83972,-0.25107,50.383,-0.502,-1,375.000,-1,375.000,-1,300.000,300.000,325.000,350.000,-1,350.000,375.000,-1,675.000,700.000,-1,-1,2,0,2,0,2,0,0,0,0,2,0,0,2,0,0,2,2
86,-386.877,5578.075,214.594,107.333,-0.297325,-0.952762,-0.061997,0.954725,-0.297354,-0.008972,-0.009887,-0.061858,0.998036,0,0.83951,-0.25306,50.370,-0.506,-1,375.000,-1,375.000,-1,300.000,300.000,325.000,350.000,-1,375.000,400.000,-1,675.000,700.000,-1,-1,2,0,2,0,2,0,0,0,0,2,0,0,2,0,0,2,2
87,-401.453,5626.288,214.095,106.823,-0.288980,-0.955403,-0.060784,0.957308,-0.288864,-0.010880,-0.007164,-0.061333,0.998092,0,0.83948,-0.25519,50.369,-0.510,-1,375.000,-1,375.000,-1,300.000,300.000,325.000,350.000,-1,375.000,375.000,-1,675.000,700.000,-1,-1,2,0,2,0,2,0,0,0,0,2,0,0,2,0,0,2,2
88,-415.598,5674.640,213.675,106.308,-0.280531,-0.957993,-0.059595,0.959835,-0.280277,-0.012750,-0.004488,-0.060778,0.998141,0,0.83963,-0.25744,50.378,-0.515,-1,375.000,-1,375.000,-1,300.000,300.000,325.000,350.000,-1,325.000,350.000,-1,675.000,700.000,-1,-1,2,0,2,0,2,0,0,0,0,2,0,0,2,0,0,2,2
89,-429.591,5724.519,213.325,105.671,-0.270018,-0.961083,-0.058397,0.962854,-0.269627,-0.014615,-0.001699,-0.060174,0.998186,0,0.86341,-0.31824,51.804,-0.636,-1,375.000,-1,375.000,-1,300.000,300.000,325.000,350.000,-1,300.000,325.000,-1,675.000,725.000,-1,-1,2,0,2,0,2,0,0,0,0,2,0,0,2,0,0,2,2
90,-442.873,5774.814,213.061,104.795,-0.255428,-0.965133,-0.057226,0.966827,-0.254904,-0.016395,0.001237,-0.059516,0.998227,0,0.86698,-0.43824,52.019,-0.876,-1,375.000,-1,375.000,-1,300.000,300.000,325.000,350.000,-1,300.000,300.000,-1,675.000,725.000,-1,-1,2,0,2,0,2,0,0,0,0,2,0,0,2,0,0,2,2
91,-455.178,5825.377,212.892,103.678,-0.236712,-0.969960,-0.056087,0.971570,-0.236061,-0.018068,0.004285,-0.058769,0.998262,0,0.86731,-0.55824,52.039,-1.116,-1,375.000,-1,375.000,-1,300.000,300.000,325.000,350.000,-1,325.000,275.000,-1,675.000,725.000,-1,-1,2,0,2,0,2,0,0,0,0,2,0,0,2,0,0,2,2
92,-466.288,5876.241,213.051,102.322,-0.213803,-0.975278,-0.055876,0.976851,-0.213033,-0.019448,0.007064,-0.058741,0.998248,0,0.86771,-0.67824,52.063,-1.356,-1,375.000,-1,375.000,-1,300.000,300.000,325.000,350.000,-1,350.000,250.000,-1,675.000,725.000,-1,-1,2,0,2,0,2,0,0,0,0,2,0,0,2,0,0,2,2
93,-475.982,5927.424,213.429,100.725,-0.186685,-0.980820,-0.056041,0.982366,-0.185777,-0.021057,0.010242,-0.058984,0.998206,0,0.86819,-0.79824,52.092,-1.596,-1,375.000,-1,375.000,-1,300.000,300.000,325.000,350.000,-1,375.000,250.000,-1,675.000,725.000,-1,-1,2,0,2,0,2,0,0,0,0,2,0,0,2,0,0,2,2
94,-484.096,5978.916,214.149,98.957,-0.156428,-0.986143,-0.055245,0.987602,-0.155426,-0.022022,0.013130,-0.058005,0.998230,0,0.86878,-0.88430,52.127,-1.769,-1,375.000,-1,375.000,-1,300.000,300.000,325.000,350.000,-1,425.000,275.000,-1,675.000,750.000,-1,-1,2,0,2,0,2,0,0,0,0,2,0,0,2,0,0,2,2
95,-490.620,6030.675,215.122,97.185,-0.125949,-0.990579,-0.053753,0.991907,-0.124872,-0.022967,0.016038,-0.056211,0.998290,0,0.86947,-0.88597,52.168,-1.772,-1,375.000,-1,400.000,-1,300.000,325.000,325.000,350.000,-1,475.000,325.000,-1,675.000,750.000,-1,-1,2,0,2,0,2,0,0,0,0,2,0,0,2,0,0,2,2
96,-495.540,6082.653,216.193,95.409,-0.095272,-0.994082,-0.052198,0.995274,-0.094134,-0.023843,0.018789,-0.054223,0.998352,0,0.87016,-0.88765,52.210,-1.775,-1,375.000,-1,400.000,-1,300.000,325.000,325.000,350.000,-1,550.000,375.000,-1,675.000,750.000,-1,-1,2,0,2,0,2,0,0,0,0,2,0,0,2,0,0,2,2
97,-498.847,6134.800,217.354,93.631,-0.064425,-0.996639,-0.050591,0.997693,-0.063241,-0.024664,0.021382,-0.052064,0.998415,0,0.87085,-0.88935,52.251,-1.779,-1,375.000,-1,400.000,-1,300.000,325.000,325.000,350.000,-1,600.000,425.000,-1,675.000,750.000,-1,-1,2,0,2,0,2,0,0,0,0,2,0,0,2,0,0,2,2
98,-500.532,6187.067,218.599,91.849,-0.033436,-0.998242,-0.048944,0.999157,-0.032220,-0.025441,0.023819,-0.049754,0.998477,0,0.87155,-0.89106,52.293,-1.782,-1,375.000,-1,400.000,-1,300.000,325.000,325.000,350.000,-1,675.000,475.000,-1,675.000,750.000,-1,-1,2,0,2,0,2,0,0,0,0,2,0,0,2,0,0,2,2
99,-500.588,6239.402,219.919,90.063,-0.002337,-0.998879,-0.047271,0.999657,-0.001100,-0.026184,0.026103,-0.047316,0.998539,0,0.87224,-0.89279,52.335,-1.786,-1,375.000,-1,400.000,-1,300.000,325.000,325.000,350.000,-1,750.000,525.000,-1,675.000,750.000,-1,-1,2,0,2,0,2,0,0,0,0,2,0,0,2,0,0,2,2
100,-499.009,6291.755,221.305,88.274,0.028843,-0.998544,-0.045587,0.999185,0.030089,-0.026903,0.028235,-0.044774,0.998598,0,0.87294,-0.89453,52.376,-1.789,-1,375.000,-1,400.000,-1,325.000,325.000,325.000,350.000,-1,850.000,575.000,-1,675.000,750.000,-1,-1,2,0,2,0,2,0,0,0,0,2,0,0,2,0,0,2,2
101,-495.791,6344.074,222.750,86.481,0.060071,-0.997228,-0.043906,0.997737,0.061317,-0.027604,0.030220,-0.042149,0.998654,0,0.87363,-0.89629,52.418,-1.793,-1,375.000,-1,400.000,-1,300.000,325.000,325.000,325.000,-1,975.000,650.000,-1,675.000,750.000,-1,-1,2,0,2,0,2,0,0,0,0,2,0,0,2,0,0,2,2
102,-490.930,6396.307,224.245,84.685,0.091318,-0.994925,-0.042246,0.995306,0.092554,-0.028295,0.032061,-0.039464,0.998707,0,0.87431,-0.89807,52.458,-1.796,-1,375.000,-1,400.000,-1,300.000,325.000,300.000,325.000,-1,-1,725.000,-1,675.000,750.000,-1,-1,2,0,2,0,2,0,0,0,0,2,2,0,2,0,0,2,2
103,-484.427,6448.402,225.782,82.886,0.122549,-0.991631,-0.040623,0.991888,0.123768,-0.028978,0.033763,-0.036742,0.998754,0,0.87498,-0.89987,52.499,-1.800,-1,375.000,-1,400.000,-1,300.000,325.000,300.000,325.000,-1,-1,800.000,-1,675.000,750.000,-1,-1,2,0,2,0,2,0,0,0,0,2,2,0,2,0,0,2,2
104,-476.282,6500.305,227.351,81.082,0.153733,-0.987340,-0.039053,0.987481,0.154928,-0.029656,0.035331,-0.034005,0.998797,0,0.87564,-0.90169,52.538,-1.803,-1,375.000,-1,400.000,1000.000,300.000,325.000,300.000,325.000,-1,-1,925.000,-1,675.000,750.000,-1,-1,2,0,2,0,1,0,0,0,0,2,2,0,2,0,0,2,2
105,-466.496,6551.963,229.235,79.275,0.184884,-0.982087,-0.036369,0.982077,0.186009,-0.030432,0.036652,-0.030091,0.998875,0,0.87628,-0.90353,52.577,-1.807,-1,375.000,-1,400.000,925.000,300.000,325.000,300.000,325.000,-1,-1,-1,-1,675.000,725.000,-1,-1,2,0,2,0,1,0,0,0,0,2,2,2,2,0,0,2,2
106,-455.075,6603.323,231.270,77.464,0.215930,-0.975835,-0.033464,0.975667,0.216975,-0.031542,0.038041,-0.025839,0.998942,0,0.87690,-0.90539,52.614,-1.811,-1,375.000,-1,400.000,875.000,300.000,325.000,300.000,325.000,-1,-1,-1,-1,675.000,725.000,-1,-1,2,0,2,0,1,0,0,0,0,2,2,2,2,0,0,2,2
107,-442.025,6654.330,233.598,75.650,0.246796,-0.968551,-0.031625,0.968271,0.247785,-0.032453,0.039269,-0.022612,0.998973,0,0.87750,-0.90728,52.650,-1.815,-1,375.000,-1,375.000,825.000,300.000,325.000,300.000,325.000,-1,-1,-1,-1,675.000,725.000,-1,-1,2,0,2,0,1,0,0,0,0,2,2,2,2,0,0,2,2
108,-427.354,6704.931,236.051,73.831,0.277457,-0.960258,-0.030386,0.959874,0.278410,-0.033627,0.040750,-0.019837,0.998972,0,0.87808,-0.90919,52.685,-1.818,-1,375.000,-1,400.000,775.000,300.000,325.000,300.000,325.000,-1,-1,-1,-1,675.000,725.000,-1,-1,2,0,2,0,1,0,0,0,0,2,2,2,2,0,0,2,2
109,-411.071,6755.071,238.506,72.009,0.307904,-0.950967,-0.029275,0.950483,0.308820,-0.034815,0.042149,-0.017105,0.998965,0,0.87862,-0.91112,52.717,-1.822,-1,375.000,-1,400.000,725.000,300.000,325.000,300.000,325.000,-1,-1,-1,-1,675.000,725.000,-1,950.000,2,0,2,0,1,0,0,0,0,2,2,2,2,0,0,2,1
110,-393.188,6804.695,240.959,70.183,0.338106,-0.940682,-0.028309,0.940104,0.338982,-0.036007,0.043468,-0.014439,0.998950,0,0.87913,-0.91309,52.748,-1.826,-1,375.000,-1,400.000,675.000,325.000,325.000,300.000,325.000,-1,-1,-1,-1,675.000,725.000,-1,875.000,2,0,2,0,1,0,0,0,0,2,2,2,2,0,0,2,1
111,-373.719,6853.749,243.402,68.353,0.368028,-0.929408,-0.027507,0.928739,0.368864,-0.037191,0.044712,-0.011859,0.998930,0,0.87961,-0.91508,52.776,-1.830,-1,375.000,-1,400.000,625.000,325.000,325.000,300.000,325.000,-1,-1,-1,-1,675.000,725.000,-1,800.000,2,0,2,0,1,0,0,0,0,2,2,2,2,0,0,2,1
112,-352.680,6902.179,245.831,66.519,0.397636,-0.917149,-0.026885,0.916395,0.398434,-0.038352,0.045887,-0.009387,0.998903,0,0.88004,-0.91711,52.802,-1.834,-1,375.000,-1,400.000,575.000,325.000,325.000,300.000,325.000,-1,-1,-1,-1,675.000,725.000,-1,725.000,2,0,2,0,1,0,0,0,0,2,2,2,2,0,1,2,1
113,-330.088,6949.929,248.240,64.680,0.426897,-0.903913,-0.026457,0.903078,0.427658,-0.039475,0.046997,-0.007041,0.998870,0,0.88042,-0.91916,52.825,-1.838,950.000,375.000,-1,400.000,525.000,325.000,325.000,300.000,325.000,-1,-1,-1,-1,675.000,675.000,975.000,650.000,1,0,2,0,1,0,0,0,0,2,2,2,2,0,1,1,1
114,-305.963,6996.947,250.622,62.838,0.455777,-0.889707,-0.026235,0.888796,0.456506,-0.040541,0.048046,-0.004840,0.998833,0,0.88076,-0.92125,52.845,-1.843,900.000,375.000,-1,400.000,475.000,325.000,325.000,300.000,325.000,-1,-1,-1,-1,675.000,650.000,925.000,600.000,1,0,2,0,1,0,0,0,0,2,2,2,2,0,1,1,1
115,-280.328,7043.177,253.000,60.991,0.484250,-0.874541,-0.026097,0.873559,0.484945,-0.041509,0.048957,-0.002696,0.998797,0,0.88103,-0.92338,52.862,-1.847,850.000,375.000,-1,400.000,450.000,325.000,325.000,300.000,325.000,-1,-1,-1,-1,675.000,600.000,900.000,525.000,1,0,2,0,1,0,0,0,0,2,2,2,2,0,1,1,1
116,-255.851,7084.540,255.318,59.384,0.508652,-0.860602,-0.025236,0.859564,0.509278,-0.042251,0.049213,-0.000201,0.998788,0,0.80103,-0.80338,48.062,-1.607,825.000,375.000,-1,400.000,400.000,300.000,325.000,300.000,325.000,-1,-1,-1,-1,675.000,550.000,850.000,475.000,1,0,2,0,1,0,0,0,0,2,2,2,2,0,1,1,1
117,-232.937,7121.235,257.446,58.018,0.529097,-0.848208,-0.024480,0.847110,0.529659,-0.043207,0.049614,0.002123,0.998766,0,0.72103,-0.68338,43.262,-1.367,775.000,375.000,-1,375.000,375.000,300.000,325.000,300.000,325.000,-1,-1,-1,-1,675.000,525.000,825.000,450.000,1,0,2,0,1,0,0,0,0,2,2,2,2,0,1,1,1
118,-211.928,7153.452,259.474,56.891,0.545738,-0.837621,-0.023669,0.836435,0.546231,-0.044806,0.050459,0.004655,0.998715,0,0.64103,-0.56338,38.462,-1.127,750.000,375.000,-1,375.000,350.000,300.000,325.000,300.000,325.000,-1,-1,-1,-1,700.000,500.000,800.000,400.000,1,0,2,0,1,0,0,0,0,2,2,2,2,0,1,1,1
119,-193.107,7181.361,261.253,56.004,0.558688,-0.829057,-0.023043,0.827793,0.559122,-0.046279,0.051252,0.006781,0.998663,0,0.56103,-0.44338,33.662,-0.887,725.000,375.000,-1,375.000,325.000,300.000,325.000,300.000,325.000,-1,-1,-1,-1,700.000,475.000,800.000,375.000,1,0,2,1,1,0,0,0,0,2,2,2,2,0,1,1,1
120,-176.700,7205.107,262.770,55.357,0.568052,-0.822683,-0.022585,0.821351,0.568438,-0.047543,0.051951,0.008457,0.998614,0,0.48103,-0.32338,28.862,-0.647,700.000,375.000,-1,375.000,300.000,300.000,325.000,300.000,325.000,-1,-1,-1,-1,700.000,450.000,775.000,350.000,1,0,2,1,1,0,0,0,0,2,2,2,2,0,1,1,1
121,-162.882,7224.805,264.030,54.950,0.573908,-0.818617,-0.022254,0.817231,0.574257,-0.048596,0.052561,0.009703,0.998571,0,0.40103,-0.20338,24.062,-0.407,700.000,375.000,1000.000,350.000,275.000,325.000,325.000,300.000,300.000,-1,-1,-1,-1,700.000,425.000,775.000,325.000,1,0,1,1,1,0,0,0,0,2,2,2,2,0,1,1,1
122,-151.774,7240.542,265.034,54.784,0.576308,-0.816936,-0.022020,0.815506,0.576633,-0.049439,0.053086,0.010535,0.998534,0,0.32103,-0.08338,19.262,-0.167,675.000,375.000,975.000,350.000,275.000,325.000,325.000,300.000,300.000,-1,-1,-1,-1,700.000,425.000,750.000,300.000,1,0,1,1,1,0,0,0,0,2,2,2,2,1,1,1,1
123,-143.449,7252.368,265.786,54.857,0.575274,-0.817668,-0.021858,0.816207,0.575585,-0.050073,0.053524,0.010965,0.998506,0,0.24103,0.03662,14.462,0.073,675.000,375.000,975.000,350.000,250.000,325.000,325.000,300.000,300.000,-1,-1,-1,-1,700.000,425.000,750.000,300.000,1,0,1,1,1,0,0,0,0,2,2,2,2,1,1,1,1
124,-137.931,7260.299,266.285,55.170,0.570798,-0.820803,-0.021755,0.819322,0.571106,-0.050498,0.053874,0.011000,0.998487,0,0.16103,0.15662,9.662,0.313,650.000,375.000,1000.000,350.000,250.000,325.000,325.000,300.000,300.000,-1,-1,-1,-1,700.000,425.000,725.000,300.000,1,0,1,1,1,0,0,0,0,2,2,2,2,1,1,1,1
125,-135.192,7264.316,266.532,55.710,0.563030,-0.826151,-0.021702,0.824662,0.563347,-0.050717,0.054126,0.010659,0.998477,0,0.08103,0.26999,4.862,0.540,650.000,375.000,-1,350.000,250.000,325.000,325.000,300.000,300.000,-1,-1,-1,-1,675.000,425.000,725.000,300.000,1,0,2,1,1,0,0,0,0,2,2,2,2,1,1,1,1
126,-135.157,7264.368,266.528,56.248,0.555241,-0.831407,-0.021700,0.829920,0.555572,-0.050726,0.054230,0.010156,0.998477,0,0.00103,0.26887,0.062,0.538,650.000,375.000,-1,350.000,250.000,325.000,325.000,300.000,300.000,-1,-1,-1,-1,675.000,425.000,725.000,300.000,1,0,2,1,1,0,0,0,0,2,2,2,2,1,1,1,1
127,-137.753,7260.404,266.272,56.784,0.547419,-0.836576,-0.021756,0.835103,0.547769,-0.050526,0.054186,0.009490,0.998486,0,-0.07897,0.26815,-4.738,0.536,650.000,375.000,-1,350.000,250.000,325.000,325.000,300.000,300.000,-1,-1,-1,-1,675.000,425.000,725.000,300.000,1,0,2,1,1,0,0,0,0,2,2,2,2,1,1,1,1
128,-142.903,7252.376,265.764,57.320,0.539554,-0.841667,-0.021879,0.840218,0.539928,-0.050115,0.053993,0.008657,0.998504,0,-0.15897,0.26784,-9.538,0.536,675.000,375.000,-1,350.000,275.000,325.000,325.000,300.000,300.000,-1,-1,-1,-1,675.000,425.000,725.000,300.000,1,0,2,1,1,0,0,0,0,2,2,2,2,1,1,1,1
129,-150.531,7240.235,265.001,57.856,0.531634,-0.846687,-0.022080,0.845273,0.532037,-0.049492,0.053652,0.007648,0.998530,0,-0.23897,0.26793,-14.338,0.536,675.000,375.000,-1,350.000,275.000,325.000,325.000,300.000,300.000,-1,-1,-1,-1,700.000,450.000,725.000,325.000,1,0,2,1,1,0,0,0,0,2,2,2,2,1,1,1,1
130,-160.193,7224.533,264.020,58.393,0.523647,-0.851642,-0.022363,0.850273,0.524085,-0.048688,0.053185,0.006480,0.998564,0,-0.30728,0.26843,-18.437,0.537,675.000,375.000,-1,375.000,275.000,300.000,325.000,300.000,300.000,-1,-1,-1,-1,700.000,450.000,750.000,350.000,1,0,2,1,1,0,0,0,0,2,2,2,2,1,1,1,1
131,-169.728,7208.708,263.035,58.931,0.515589,-0.856536,-0.022675,0.855213,0.516061,-0.047881,0.052714,0.005295,0.998596,0,-0.30793,0.26926,-18.476,0.539,700.000,375.000,-1,375.000,300.000,300.000,325.000,300.000,300.000,-1,-1,-1,-1,700.000,475.000,750.000,350.000,1,0,2,1,1,0,0,0,0,2,2,2,2,1,1,1,1
132,-180.179,7191.035,261.941,59.402,0.508508,-0.860749,-0.023047,0.859475,0.509014,-0.046981,0.052170,0.004082,0.998630,0,-0.34220,0.23521,-20.532,0.470,725.000,375.000,-1,375.000,325.000,300.000,325.000,300.000,325.000,-1,-1,-1,-1,700.000,475.000,775.000,375.000,1,0,2,0,1,0,0,0,0,2,2,2,2,0,1,1,1
133,-190.470,7173.300,260.846,59.873,0.501377,-0.864911,-0.023449,0.863687,0.501917,-0.046081,0.051626,0.002852,0.998662,0,-0.34173,0.23570,-20.504,0.471,725.000,375.000,-1,375.000,325.000,300.000,325.000,300.000,325.000,-1,-1,-1,-1,700.000,500.000,775.000,400.000,1,0,2,0,1,0,0,0,0,2,2,2,2,0,1,1,1
134,-200.602,7155.505,259.751,60.345,0.494196,-0.869022,-0.023880,0.867848,0.494770,-0.045184,0.051081,0.001606,0.998693,0,-0.34129,0.23620,-20.477,0.472,750.000,375.000,-1,375.000,350.000,300.000,325.000,300.000,325.000,-1,-1,-1,-1,700.000,525.000,800.000,425.000,1,0,2,0,1,0,0,0,0,2,2,2,2,0,1,1,1
135,-210.573,7137.648,258.655,60.819,0.486966,-0.873082,-0.024340,0.871958,0.487573,-0.044289,0.050536,0.000344,0.998722,0,-0.34086,0.23671,-20.452,0.473,775.000,375.000,-1,375.000,350.000,300.000,325.000,300.000,325.000,-1,-1,-1,-1,675.000,525.000,800.000,425.000,1,0,2,0,1,0,0,0,0,2,2,2,2,0,1,1,1
