timestep,x_cm,y_cm,z_cm,yaw_deg,basis_xx,basis_xy,basis_xz,basis_yx,basis_yy,basis_yz,basis_zx,basis_zy,basis_zz,teleport_flag,throttle_cmd,steering_cmd,cmd_move_cm,cmd_turn_deg,lidar_cm_0,lidar_cm_1,lidar_cm_2,lidar_cm_3,lidar_cm_4,lidar_cm_5,lidar_cm_6,lidar_cm_7,lidar_cm_8,lidar_cm_9,lidar_cm_10,lidar_cm_11,lidar_cm_12,lidar_cm_13,lidar_cm_14,lidar_cm_15,lidar_cm_16,lidar_class_0,lidar_class_1,lidar_class_2,lidar_class_3,lidar_class_4,lidar_class_5,lidar_class_6,lidar_class_7,lidar_class_8,lidar_class_9,lidar_class_10,lidar_class_11,lidar_class_12,lidar_class_13,lidar_class_14,lidar_class_15,lidar_class_16
0,-4914.777,-8854.222,311.729,-169.238,-0.978382,0.185979,-0.090451,-0.192791,-0.978486,0.073464,-0.074842,0.089314,0.993188,1,-0.08000,0.12000,-4.800,0.240,-1,375.000,-1,300.000,375.000,300.000,275.000,350.000,250.000,200.000,-1,-1,-1,675.000,475.000,-1,425.000,2,0,2,0,0,0,0,1,0,1,2,2,2,0,0,2,0
1,-4905.361,-8852.351,311.909,-168.758,-0.976709,0.194160,-0.091332,-0.201032,-0.976847,0.073190,-0.075007,0.089846,0.993127,0,-0.16000,0.24000,-9.600,0.480,-1,375.000,-1,300.000,375.000,300.000,275.000,350.000,250.000,200.000,-1,-1,-1,675.000,475.000,-1,425.000,2,0,2,0,0,0,0,1,0,1,2,2,2,0,0,2,0
2,-4891.273,-8849.367,312.095,-168.038,-0.974100,0.206412,-0.092320,-0.213322,-0.974289,0.072487,-0.074984,0.090303,0.993087,0,-0.24000,0.36000,-14.400,0.720,-1,375.000,-1,300.000,375.000,300.000,275.000,300.000,250.000,200.000,-1,-1,-1,675.000,475.000,-1,425.000,2,0,2,0,0,0,0,1,0,1,2,2,2,0,0,2,0
3,-4872.558,-8845.074,312.182,-167.078,-0.970441,0.222707,-0.092987,-0.229571,-0.970698,0.071017,-0.074446,0.090265,0.993131,0,-0.32000,0.48000,-19.200,0.960,-1,375.000,-1,300.000,375.000,300.000,275.000,275.000,250.000,175.000,-1,-1,-1,675.000,475.000,-1,425.000,2,0,2,0,0,0,0,1,0,1,2,2,2,0,0,2,0
4,-4849.283,-8839.217,312.025,-165.878,-0.965583,0.243011,-0.092706,-0.249659,-0.965918,0.068357,-0.072935,0.089149,0.993344,0,-0.40000,0.60000,-24.000,1.200,-1,375.000,-1,300.000,375.000,300.000,275.000,250.000,250.000,175.000,-1,-1,-1,675.000,475.000,-1,425.000,2,0,2,0,0,0,0,1,0,1,2,2,2,0,0,2,0
5,2295.752,-6231.350,159.430,60.423,0.493539,-0.868811,0.039837,0.869722,0.493101,-0.020832,-0.001544,0.044928,0.998989,1,0.00000,0.00000,-26.771,1.440,-1,400.000,-1,375.000,700.000,325.000,325.000,300.000,300.000,-1,-1,-1,-1,750.000,650.000,-1,750.000,2,0,2,0,1,0,0,0,0,2,2,2,2,0,1,2,1
6,2298.104,-6227.166,159.425,60.652,0.490066,-0.870777,0.039796,0.871684,0.489623,-0.020863,-0.001318,0.044914,0.998990,0,0.08000,0.11457,4.800,0.229,-1,400.000,-1,375.000,700.000,325.000,325.000,300.000,300.000,-1,-1,-1,-1,750.000,650.000,-1,750.000,2,0,2,0,1,0,0,0,0,2,2,2,2,0,1,2,1
7,2302.776,-6218.779,159.417,60.879,0.486613,-0.872714,0.039716,0.873617,0.486165,-0.020921,-0.001050,0.044877,0.998992,0,0.16000,0.11369,9.600,0.227,-1,400.000,-1,375.000,700.000,325.000,325.000,300.000,300.000,-1,-1,-1,-1,750.000,650.000,-1,750.000,2,0,2,0,1,0,0,0,0,2,2,2,2,0,1,2,1
8,2309.735,-6206.172,159.408,61.104,0.483197,-0.874616,0.039596,0.875511,0.482741,-0.021006,-0.000743,0.044817,0.998995,0,0.24000,0.11230,14.400,0.225,-1,400.000,-1,375.000,675.000,325.000,325.000,300.000,300.000,-1,-1,-1,-1,750.000,650.000,-1,725.000,2,0,2,0,1,0,0,0,0,2,2,2,2,0,1,2,1
9,2318.948,-6189.327,159.401,61.324,0.479834,-0.876473,0.039435,0.877359,0.479369,-0.021117,-0.000396,0.044731,0.998999,0,0.32000,0.11040,19.200,0.221,-1,400.000,-1,375.000,675.000,325.000,325.000,300.000,300.000,-1,-1,-1,-1,750.000,650.000,-1,725.000,2,0,2,0,1,0,0,0,0,2,2,2,2,0,1,2,1
10,2330.385,-6168.228,159.400,61.540,0.476540,-0.878277,0.039229,0.879153,0.476065,-0.021254,-0.000009,0.044617,0.999004,0,0.40000,0.10794,24.000,0.216,-1,400.000,-1,375.000,650.000,325.000,325.000,300.000,300.000,-1,-1,-1,-1,750.000,650.000,-1,700.000,2,0,2,0,1,0,0,0,0,2,2,2,2,0,1,2,1
11,2344.016,-6142.858,159.407,61.750,0.473334,-0.880020,0.038977,0.880883,0.472849,-0.021416,0.000417,0.044471,0.999011,0,0.48000,0.10489,28.800,0.210,-1,400.000,-1,375.000,625.000,325.000,325.000,300.000,300.000,-1,-1,-1,-1,750.000,650.000,-1,700.000,2,0,2,0,1,0,0,0,0,2,2,2,2,0,1,2,1
12,2359.815,-6113.204,159.425,61.953,0.470237,-0.881692,0.038675,0.882540,0.469741,-0.021604,0.000881,0.044291,0.999018,0,0.56000,0.10122,33.600,0.202,-1,400.000,-1,375.000,600.000,325.000,325.000,300.000,300.000,-1,-1,-1,-1,750.000,625.000,-1,675.000,2,0,2,0,1,0,0,0,0,2,2,2,2,0,1,2,1
13,2377.756,-6079.253,159.460,62.146,0.467270,-0.883284,0.038319,0.884114,0.466762,-0.021817,0.001385,0.044073,0.999027,0,0.64000,0.09685,38.400,0.194,-1,400.000,-1,375.000,575.000,325.000,325.000,300.000,300.000,-1,-1,-1,-1,750.000,625.000,-1,650.000,2,0,2,0,1,0,0,0,0,2,2,2,2,0,1,2,1
14,2396.873,-6042.796,159.539,62.330,0.464456,-0.884779,0.038025,0.885594,0.463935,-0.022087,0.001901,0.043933,0.999033,0,0.68609,0.09172,41.165,0.183,-1,400.000,-1,375.000,550.000,325.000,325.000,300.000,300.000,-1,-1,-1,-1,750.000,600.000,-1,625.000,2,0,2,0,1,0,0,0,0,2,2,2,2,0,1,2,1
15,2415.916,-6006.211,159.641,62.502,0.461815,-0.886173,0.037745,0.886973,0.461278,-0.022381,0.002423,0.043814,0.999037,0,0.68742,0.08603,41.245,0.172,-1,400.000,-1,375.000,500.000,325.000,325.000,300.000,300.000,-1,-1,-1,-1,750.000,600.000,-1,600.000,2,0,2,0,1,0,0,0,0,2,2,2,2,0,1,2,1
16,2434.886,-5969.518,159.752,62.662,0.459352,-0.887465,0.037442,0.888250,0.458802,-0.022645,0.002918,0.043660,0.999042,0,0.68844,0.08008,41.306,0.160,-1,400.000,-1,375.000,475.000,325.000,325.000,300.000,300.000,-1,-1,-1,-1,750.000,575.000,-1,575.000,2,0,2,0,1,0,0,0,0,2,2,2,2,0,1,2,1
17,2453.779,-5932.740,159.872,62.810,0.457076,-0.888653,0.037117,0.889421,0.456516,-0.022878,0.003386,0.043470,0.999049,0,0.68912,0.07389,41.347,0.148,-1,400.000,-1,375.000,450.000,325.000,325.000,300.000,300.000,-1,-1,-1,-1,750.000,575.000,-1,550.000,2,0,2,0,1,0,0,0,0,2,2,2,2,0,1,2,1
18,2472.595,-5895.900,160.007,62.945,0.454998,-0.889733,0.036784,0.890484,0.454427,-0.023114,0.003849,0.043273,0.999056,0,0.68945,0.06743,41.367,0.135,-1,400.000,-1,375.000,425.000,325.000,325.000,300.000,300.000,-1,-1,-1,-1,750.000,575.000,-1,525.000,2,0,2,0,1,0,0,0,1,2,2,2,2,0,1,2,1
19,2491.332,-5859.022,160.157,63.066,0.453125,-0.890702,0.036444,0.891436,0.452544,-0.023353,0.004308,0.043069,0.999063,0,0.68941,0.06072,41.364,0.121,-1,400.000,-1,375.000,400.000,325.000,325.000,300.000,300.000,-1,-1,-1,-1,750.000,550.000,-1,500.000,2,0,2,1,1,0,0,0,1,2,2,2,2,0,1,2,1
20,2509.987,-5822.134,160.331,63.174,0.451466,-0.891559,0.036075,0.892276,0.450876,-0.023547,0.004728,0.042820,0.999072,0,0.68896,0.05376,41.337,0.108,-1,400.000,-1,375.000,375.000,325.000,325.000,300.000,300.000,-1,-1,-1,-1,775.000,550.000,-1,475.000,2,0,2,1,1,0,0,0,1,2,2,2,2,0,1,2,1
21,2528.559,-5785.262,160.540,63.267,0.450027,-0.892303,0.035659,0.893000,0.449434,-0.023655,0.005081,0.042488,0.999084,0,0.68809,0.04654,41.285,0.093,-1,400.000,-1,375.000,375.000,325.000,325.000,300.000,300.000,-1,-1,-1,-1,775.000,525.000,-1,450.000,2,0,2,1,1,0,0,0,1,2,2,2,2,0,1,2,1
22,2547.045,-5748.435,160.758,63.345,0.448819,-0.892927,0.035255,0.893606,0.448222,-0.023757,0.005411,0.042167,0.999096,0,0.68677,0.03907,41.206,0.078,-1,400.000,-1,350.000,350.000,325.000,325.000,300.000,300.000,-1,-1,-1,-1,775.000,525.000,-1,425.000,2,0,2,1,1,0,0,0,1,2,2,2,2,0,1,2,1
23,2565.444,-5711.682,160.969,63.407,0.447848,-0.893427,0.034934,0.894092,0.447249,-0.023839,0.005674,0.041910,0.999105,0,0.68501,0.03137,41.100,0.063,-1,400.000,-1,350.000,325.000,325.000,325.000,300.000,275.000,-1,-1,-1,-1,775.000,500.000,-1,400.000,2,0,2,1,1,0,0,0,1,2,2,2,2,0,1,2,1
24,2583.752,-5675.035,161.191,63.454,0.447124,-0.893803,0.034606,0.894453,0.446523,-0.023919,0.005927,0.041648,0.999115,0,0.68277,0.02345,40.966,0.047,-1,400.000,-1,350.000,300.000,325.000,325.000,300.000,275.000,-1,-1,-1,-1,775.000,500.000,-1,375.000,2,0,2,1,1,0,0,0,1,2,2,2,2,0,1,2,1
25,2601.969,-5638.524,162.323,63.485,0.446716,-0.894170,0.030085,0.894632,0.446109,-0.024900,0.008844,0.038038,0.999237,0,0.68005,0.01532,40.803,0.031,-1,400.000,-1,350.000,300.000,325.000,325.000,300.000,275.000,-1,-1,-1,-1,775.000,500.000,-1,375.000,2,0,2,1,1,0,0,0,1,2,2,2,2,0,1,2,1
26,2620.092,-5602.182,163.677,63.499,0.446552,-0.894420,0.024572,0.894672,0.445961,-0.026094,0.012381,0.033636,0.999357,0,0.67685,0.00700,40.611,0.014,-1,400.000,-1,350.000,300.000,325.000,325.000,300.000,275.000,-1,800.000,925.000,-1,800.000,500.000,-1,375.000,2,0,2,1,1,0,1,0,1,2,0,0,2,0,1,2,1
27,2638.117,-5566.037,165.034,63.496,0.446619,-0.894521,0.019077,0.894583,0.446068,-0.027279,0.015892,0.029249,0.999446,0,0.67316,-0.00147,40.390,-0.003,-1,425.000,-1,350.000,300.000,325.000,325.000,300.000,275.000,-1,650.000,775.000,-1,825.000,500.000,-1,375.000,2,0,2,1,1,0,1,0,1,2,0,0,2,0,1,2,1
28,2656.045,-5530.122,166.394,63.476,0.446921,-0.894470,0.013599,0.894363,0.446435,-0.028452,0.019379,0.024878,0.999503,0,0.66901,-0.01007,40.141,-0.020,-1,425.000,-1,325.000,300.000,350.000,325.000,300.000,250.000,-1,525.000,650.000,-1,850.000,500.000,-1,375.000,2,0,2,1,1,0,1,0,1,2,0,0,2,0,1,2,1
29,2673.871,-5494.466,167.757,63.438,0.447462,-0.894266,0.008138,0.894011,0.447065,-0.029608,0.022839,0.020524,0.999528,0,0.66440,-0.01876,39.864,-0.038,-1,425.000,-1,325.000,300.000,350.000,325.000,300.000,250.000,-1,450.000,600.000,-1,875.000,500.000,-1,375.000,2,0,2,1,1,0,1,0,1,2,0,0,2,0,1,2,1
30,2691.597,-5459.097,169.131,63.383,0.448245,-0.893907,0.002747,0.893526,0.447959,-0.030729,0.026238,0.016229,0.999524,0,0.65937,-0.02751,39.562,-0.055,-1,450.000,-1,325.000,300.000,350.000,325.000,300.000,250.000,-1,375.000,525.000,-1,900.000,525.000,-1,375.000,2,0,2,1,1,0,1,0,1,2,0,0,2,0,1,2,1
31,2709.218,-5424.040,170.512,63.315,0.449213,-0.893421,-0.002586,0.892935,0.449060,-0.031817,0.029587,0.011984,0.999490,0,0.65393,-0.03443,39.236,-0.069,-1,450.000,-1,325.000,300.000,375.000,325.000,300.000,250.000,-1,325.000,475.000,-1,925.000,550.000,-1,400.000,2,0,2,1,1,0,1,0,1,2,0,0,2,0,1,2,1
32,2726.728,-5389.317,171.883,63.242,0.450211,-0.892887,-0.007924,0.892315,0.450214,-0.032889,0.032934,0.007737,0.999428,0,0.64813,-0.03642,38.888,-0.073,-1,450.000,-1,325.000,300.000,375.000,325.000,275.000,250.000,-1,275.000,450.000,-1,925.000,575.000,-1,400.000,2,0,2,1,1,1,1,0,1,2,0,0,2,0,1,2,1
33,2746.284,-5350.250,173.376,63.409,0.447422,-0.894219,-0.013641,0.893570,0.447619,-0.034219,0.036705,0.003121,0.999321,0,0.72813,0.08358,43.688,0.167,-1,475.000,-1,350.000,300.000,375.000,325.000,275.000,225.000,-1,250.000,400.000,-1,975.000,650.000,-1,400.000,2,0,2,1,1,1,1,0,1,2,0,0,2,0,1,2,1
34,2766.105,-5309.941,174.843,63.816,0.440839,-0.897381,-0.019217,0.896675,0.441255,-0.035622,0.040446,-0.001528,0.999181,0,0.74863,0.20358,44.918,0.407,-1,475.000,-1,350.000,325.000,375.000,325.000,275.000,225.000,-1,200.000,375.000,-1,1000.000,775.000,-1,-1,2,0,2,1,1,1,1,0,1,2,0,0,2,0,1,2,2
35,2785.224,-5269.925,176.217,64.463,0.430437,-0.902292,-0.024339,0.901549,0.431084,-0.037099,0.043966,-0.005974,0.999015,0,0.73914,0.32358,44.348,0.647,-1,475.000,-1,375.000,325.000,375.000,350.000,275.000,225.000,1000.000,200.000,350.000,-1,1000.000,-1,-1,-1,2,0,2,1,1,1,1,0,1,0,0,0,2,0,2,2,2
36,2803.458,-5230.189,177.516,65.350,0.416169,-0.908829,-0.028873,0.908056,0.417048,-0.038798,0.047302,-0.010071,0.998830,0,0.72866,0.44358,43.720,0.887,-1,475.000,-1,375.000,325.000,375.000,350.000,275.000,225.000,925.000,175.000,350.000,-1,-1,-1,-1,-1,2,0,2,1,1,1,1,0,1,0,0,0,2,2,2,2,2
37,2822.866,-5185.720,178.927,66.421,0.398824,-0.916416,-0.033486,0.915619,0.399969,-0.040821,0.050802,-0.014380,0.998605,0,0.80866,0.53543,48.520,1.071,-1,500.000,-1,425.000,-1,400.000,375.000,275.000,225.000,850.000,150.000,325.000,-1,-1,-1,-1,-1,2,0,2,1,2,1,1,0,1,0,0,0,2,2,2,2,2
38,2842.052,-5139.486,180.353,67.463,0.381778,-0.923475,-0.037932,0.922658,0.383209,-0.043047,0.054289,-0.018564,0.998353,0,0.83428,0.52107,50.057,1.042,-1,500.000,-1,450.000,-1,400.000,375.000,275.000,225.000,800.000,150.000,325.000,-1,-1,-1,-1,-1,2,0,2,1,2,1,1,0,1,0,0,0,2,2,2,2,2
39,2860.278,-5093.274,181.980,68.474,0.365333,-0.930000,-0.040403,0.929471,0.366822,-0.039056,0.051143,-0.023285,0.998420,0,0.82794,0.50539,49.676,1.011,-1,500.000,-1,475.000,-1,400.000,400.000,275.000,200.000,825.000,200.000,400.000,-1,-1,-1,-1,-1,2,0,2,1,2,1,1,0,1,0,0,0,2,2,2,2,2
40,2877.544,-5047.209,183.434,69.452,0.349469,-0.936030,-0.041452,0.935839,0.350866,-0.033156,0.045579,-0.027206,0.998590,0,0.81992,0.48884,49.195,0.978,-1,475.000,-1,500.000,-1,400.000,400.000,275.000,200.000,850.000,325.000,575.000,-1,1000.000,-1,-1,-1,2,0,2,1,2,1,1,0,1,0,0,0,2,0,2,2,2
41,2893.853,-5001.416,184.681,70.395,0.334138,-0.941596,-0.041806,0.941686,0.335383,-0.027313,0.039739,-0.030242,0.998752,0,0.81019,0.47154,48.611,0.943,-1,475.000,-1,500.000,-1,400.000,400.000,275.000,200.000,925.000,475.000,800.000,-1,950.000,-1,-1,-1,2,0,2,1,2,1,1,0,1,0,0,0,2,0,2,2,2
42,3607.624,-3607.630,177.123,-179.756,-0.998884,0.004260,0.047047,-0.005766,-0.999474,-0.031918,0.046886,-0.032154,0.998383,1,0.00000,0.00000,47.928,0.907,-1,425.000,-1,350.000,425.000,350.000,325.000,300.000,350.000,-1,1000.000,-1,-1,875.000,825.000,-1,-1,2,0,2,1,1,0,1,0,1,2,1,2,2,0,1,2,2
43,3602.824,-3607.647,177.354,-179.793,-0.998876,0.003613,0.047266,-0.005142,-0.999466,-0.032279,0.047124,-0.032486,0.998361,0,0.08000,-0.01855,4.800,-0.037,-1,425.000,-1,350.000,425.000,350.000,325.000,300.000,325.000,-1,-1,-1,-1,875.000,850.000,-1,-1,2,0,2,1,1,0,1,0,1,2,2,2,2,0,1,2,2
44,3593.224,-3607.675,177.813,-179.835,-0.998857,0.002886,0.047712,-0.004464,-0.999446,-0.032985,0.047590,-0.033161,0.998316,0,0.16000,-0.02082,9.600,-0.042,-1,425.000,-1,350.000,425.000,350.000,325.000,300.000,325.000,-1,-1,-1,-1,900.000,875.000,-1,-1,2,0,2,1,1,0,1,0,1,2,2,2,2,0,1,2,2
45,3578.824,-3607.704,178.502,-179.886,-0.998827,0.001991,0.048384,-0.003641,-0.999414,-0.034043,0.048288,-0.034179,0.998249,0,0.24000,-0.02566,14.400,-0.051,-1,450.000,-1,350.000,425.000,350.000,325.000,300.000,325.000,-1,-1,-1,-1,900.000,925.000,-1,-1,2,0,2,1,1,0,1,0,1,2,2,2,2,0,1,2,2
46,3559.624,-3607.720,179.422,-179.952,-0.998785,0.000835,0.049281,-0.002585,-0.999368,-0.035458,0.049221,-0.035543,0.998155,0,0.32000,-0.03314,19.200,-0.066,-1,450.000,-1,375.000,400.000,375.000,350.000,300.000,325.000,950.000,675.000,-1,-1,900.000,1000.000,-1,-1,2,0,2,1,1,0,1,0,1,1,0,2,2,0,1,2,2
47,3535.624,-3607.705,180.575,-180.039,-0.998729,-0.000677,0.050406,-0.001202,-0.999306,-0.037242,0.050396,-0.037256,0.998034,0,0.40000,-0.04335,24.000,-0.087,-1,450.000,-1,375.000,-1,375.000,350.000,275.000,325.000,900.000,425.000,-1,-1,900.000,-1,-1,-1,2,0,2,1,2,0,1,0,1,1,0,2,2,0,2,2,2
48,3506.824,-3607.629,181.964,-180.152,-0.998656,-0.002647,0.051758,0.000606,-0.999223,-0.039409,0.051822,-0.039325,0.997882,0,0.48000,-0.05647,28.800,-0.113,-1,450.000,-1,375.000,-1,375.000,350.000,275.000,325.000,850.000,400.000,975.000,-1,925.000,-1,-1,-1,2,0,2,1,2,0,1,0,1,1,0,0,2,0,2,2,2
49,3473.224,-3607.455,183.594,-180.297,-0.998563,-0.005183,0.053343,0.002943,-0.999114,-0.041979,0.053513,-0.041761,0.997694,0,0.56000,-0.07272,33.600,-0.145,-1,450.000,-1,400.000,-1,375.000,350.000,275.000,300.000,800.000,350.000,700.000,-1,925.000,-1,-1,-1,2,0,2,1,2,0,1,0,1,1,0,0,2,0,2,2,2
50,3434.825,-3607.133,185.471,-180.482,-0.998442,-0.008404,0.055165,0.005923,-0.998970,-0.044980,0.055486,-0.044583,0.997464,0,0.64000,-0.09239,38.400,-0.185,-1,450.000,-1,425.000,-1,375.000,350.000,275.000,300.000,775.000,325.000,525.000,-1,950.000,-1,-1,-1,2,0,2,1,2,0,1,0,1,1,0,0,2,0,2,2,2
51,3391.628,-3606.596,187.604,-180.714,-0.998283,-0.012440,0.057233,0.009669,-0.998779,-0.048452,0.057766,-0.047816,0.997184,0,0.72000,-0.11581,43.200,-0.232,-1,475.000,-1,425.000,-1,375.000,375.000,275.000,300.000,775.000,275.000,475.000,-1,950.000,-1,-1,-1,2,0,2,1,2,0,1,0,1,1,0,0,2,0,2,2,2
52,3343.638,-3605.605,190.042,-181.185,-0.998013,-0.020657,0.059534,0.017524,-0.998458,-0.052680,0.060530,-0.051532,0.996835,0,0.80000,-0.23581,48.000,-0.472,-1,475.000,-1,450.000,-1,400.000,375.000,275.000,275.000,750.000,250.000,450.000,-1,975.000,-1,-1,-1,2,0,2,1,2,0,1,0,1,1,0,0,2,0,2,2,2
53,3293.010,-3603.930,192.711,-181.897,-0.997529,-0.033049,0.061991,0.029478,-0.997901,-0.057658,0.063767,-0.055688,0.996410,0,0.84425,-0.35581,50.655,-0.712,-1,475.000,-1,475.000,-1,400.000,400.000,275.000,275.000,725.000,225.000,400.000,-1,1000.000,-1,-1,-1,2,0,2,1,2,0,1,0,1,1,0,0,2,0,2,2,2
54,3243.202,-3601.453,195.097,-182.848,-0.996938,-0.049608,0.060445,0.045846,-0.997016,-0.062103,0.063345,-0.059142,0.996238,0,0.83117,-0.47581,49.870,-0.952,-1,475.000,-1,500.000,-1,400.000,400.000,275.000,275.000,700.000,250.000,450.000,-1,1000.000,-1,-1,-1,2,0,2,1,2,0,1,0,1,1,0,0,2,0,2,2,2
55,3194.282,-3597.999,196.755,-184.040,-0.995972,-0.070328,0.055625,0.066749,-0.995729,-0.063779,0.059873,-0.059809,0.996413,0,0.81737,-0.59581,49.042,-1.192,-1,475.000,-1,500.000,-1,400.000,400.000,275.000,250.000,700.000,325.000,550.000,-1,975.000,-1,-1,-1,2,0,2,1,2,0,1,0,1,1,0,0,2,0,2,2,2
56,3146.313,-3593.405,198.424,-185.472,-0.994157,-0.095180,0.050920,0.091775,-0.993624,-0.065493,0.056829,-0.060437,0.996553,0,0.80314,-0.71581,48.188,-1.432,-1,475.000,-1,500.000,-1,400.000,400.000,275.000,250.000,700.000,400.000,675.000,-1,950.000,-1,-1,-1,2,0,2,1,2,1,1,0,1,1,0,0,2,0,2,2,2
57,3099.353,-3587.520,200.093,-187.143,-0.991187,-0.124121,0.046286,0.120884,-0.990391,-0.067173,0.054179,-0.060986,0.996667,0,0.78879,-0.83581,47.327,-1.672,-1,450.000,-1,500.000,-1,375.000,375.000,275.000,225.000,700.000,500.000,825.000,-1,925.000,-1,-1,-1,2,0,2,1,2,1,1,0,1,1,0,0,2,0,2,2,2
58,3053.454,-3580.206,201.758,-189.055,-0.986705,-0.157085,0.041680,0.154016,-0.985673,-0.068761,0.051884,-0.061428,0.996762,0,0.77463,-0.95581,46.478,-1.912,-1,450.000,-1,525.000,-1,375.000,375.000,275.000,225.000,675.000,600.000,-1,-1,900.000,-1,-1,-1,2,0,2,1,2,1,1,0,1,1,0,2,2,0,2,2,2
59,4263.558,6887.289,104.687,130.946,-0.655367,-0.755239,0.010364,0.754590,-0.655279,-0.034688,0.032989,-0.014913,0.999344,1,0.00000,0.00000,45.658,-2.000,-1,525.000,-1,425.000,-1,400.000,375.000,275.000,250.000,-1,200.000,400.000,-1,-1,-1,-1,-1,2,0,2,1,2,1,1,0,1,2,0,0,2,2,2,2,2
60,4260.428,6890.928,104.778,130.706,-0.652204,-0.757975,0.010167,0.757317,-0.652108,-0.035010,0.033166,-0.015134,0.999335,0,0.08000,-0.12000,4.800,-0.240,-1,525.000,-1,425.000,-1,400.000,375.000,275.000,250.000,-1,200.000,400.000,-1,-1,-1,-1,-1,2,0,2,1,2,1,1,0,1,2,0,0,2,2,2,2,2
61,4254.228,6898.257,104.935,130.226,-0.645847,-0.763405,0.009722,0.762729,-0.645730,-0.035753,0.033571,-0.015676,0.999313,0,0.16000,-0.24000,9.600,-0.480,-1,525.000,-1,425.000,-1,400.000,375.000,275.000,250.000,-1,200.000,400.000,-1,-1,-1,-1,-1,2,0,2,1,2,1,1,0,1,2,0,0,2,2,2,2,2
62,4245.067,6909.368,105.152,129.506,-0.636229,-0.771448,0.008970,0.770744,-0.636077,-0.036886,0.034162,-0.016554,0.999279,0,0.24000,-0.36000,14.400,-0.720,-1,525.000,-1,450.000,-1,400.000,375.000,275.000,250.000,1000.000,175.000,375.000,-1,-1,-1,-1,-1,2,0,2,1,2,1,1,0,1,0,0,0,2,2,2,2,2
63,4233.103,6924.384,105.410,128.546,-0.623254,-0.781980,0.007821,0.781240,-0.623049,-0.038400,0.034900,-0.017823,0.999232,0,0.32000,-0.48000,19.200,-0.960,-1,550.000,-1,450.000,-1,400.000,375.000,275.000,250.000,950.000,175.000,375.000,-1,-1,-1,-1,-1,2,0,2,1,2,1,1,0,1,0,0,0,2,2,2,2,2
64,4218.543,6943.464,105.688,127.346,-0.606800,-0.794831,0.006152,0.794050,-0.606516,-0.040285,0.035751,-0.019560,0.999169,0,0.40000,-0.60000,24.000,-1.200,-1,550.000,-1,475.000,-1,425.000,375.000,275.000,250.000,900.000,150.000,350.000,-1,-1,-1,-1,-1,2,0,2,1,2,1,1,0,1,0,0,0,2,2,2,2,2
65,4201.653,6966.791,105.958,125.906,-0.586717,-0.809783,0.003822,0.808961,-0.586322,-0.042527,0.036678,-0.021860,0.999088,0,0.48000,-0.72000,28.800,-1.440,-1,550.000,-1,475.000,-1,425.000,375.000,275.000,250.000,850.000,150.000,325.000,-1,-1,-1,-1,-1,2,0,2,1,2,1,1,0,1,0,0,0,2,2,2,2,2
66,1639.836,-6231.354,185.770,-52.784,0.603693,0.796173,0.040778,-0.796254,0.604688,-0.018212,-0.039158,-0.021476,0.999002,1,0.00000,0.00000,33.600,-1.680,-1,400.000,-1,400.000,-1,325.000,325.000,300.000,300.000,-1,-1,-1,-1,775.000,750.000,-1,-1,2,0,2,0,2,0,0,0,0,2,2,2,2,0,0,2,2
67,1642.723,-6235.189,185.584,-53.024,0.600351,0.798696,0.040784,-0.798782,0.601345,-0.018218,-0.039076,-0.021640,0.999002,0,0.08000,-0.12000,4.800,-0.240,-1,400.000,-1,400.000,-1,325.000,325.000,300.000,300.000,-1,-1,-1,-1,775.000,750.000,-1,-1,2,0,2,0,2,0,0,0,0,2,2,2,2,0,0,2,2
68,1648.433,-6242.906,185.213,-53.504,0.593634,0.803700,0.040795,-0.803794,0.594629,-0.018229,-0.038909,-0.021969,0.999001,0,0.16000,-0.24000,9.600,-0.480,-1,400.000,-1,400.000,-1,325.000,325.000,300.000,300.000,-1,-1,-1,-1,775.000,750.000,-1,-1,2,0,2,0,2,0,0,0,0,2,2,2,2,0,0,2,2
69,1656.851,-6254.589,184.660,-54.224,0.583482,0.811100,0.040811,-0.811206,0.584476,-0.018245,-0.038652,-0.022461,0.999000,0,0.24000,-0.36000,14.400,-0.720,-1,400.000,-1,400.000,-1,325.000,325.000,300.000,300.000,-1,-1,-1,-1,775.000,750.000,-1,-1,2,0,2,0,2,0,0,0,0,2,2,2,2,0,0,2,2
70,1667.814,-6270.352,183.928,-55.184,0.569803,0.820766,0.040835,-0.820889,0.570796,-0.018262,-0.038297,-0.023115,0.998999,0,0.32000,-0.48000,19.200,-0.960,-1,400.000,-1,400.000,-1,325.000,325.000,300.000,300.000,-1,-1,-1,-1,775.000,750.000,-1,-1,2,0,2,0,2,0,0,0,0,2,2,2,2,0,0,2,2
71,1681.101,-6290.338,183.024,-56.384,0.552479,0.832524,0.040867,-0.832668,0.553471,-0.018279,-0.037836,-0.023930,0.998997,0,0.40000,-0.60000,24.000,-1.200,-1,400.000,-1,400.000,-1,325.000,325.000,300.000,300.000,-1,-1,-1,-1,775.000,750.000,-1,-1,2,0,2,0,2,0,0,0,0,2,2,2,2,0,0,2,2
72,1696.438,-6314.715,181.954,-57.824,0.531372,0.846150,0.040908,-0.846319,0.532363,-0.018292,-0.037255,-0.024902,0.998995,0,0.48000,-0.72000,28.800,-1.440,-1,400.000,-1,400.000,-1,325.000,325.000,300.000,300.000,-1,-1,-1,-1,775.000,750.000,-1,-1,2,0,2,0,2,0,0,0,0,2,2,2,2,0,0,2,2
73,1713.490,-6343.667,180.728,-59.504,0.506325,0.861369,0.040961,-0.861568,0.507312,-0.018297,-0.036540,-0.026027,0.998993,0,0.56000,-0.84000,33.600,-1.680,-1,400.000,-1,400.000,-1,325.000,325.000,300.000,300.000,-1,-1,-1,-1,775.000,750.000,-1,-1,2,0,2,0,2,0,0,0,0,2,2,2,2,0,0,2,2
74,1731.889,-6377.372,179.355,-61.371,0.477972,0.877416,0.041028,-0.877649,0.478954,-0.018291,-0.035699,-0.027266,0.998991,0,0.64000,-0.93382,38.400,-1.868,-1,400.000,-1,400.000,-1,325.000,325.000,300.000,300.000,-1,-1,-1,-1,750.000,750.000,-1,-1,2,0,2,0,2,0,0,0,0,2,2,2,2,0,0,2,2
75,1751.344,-6415.943,177.846,-63.235,0.449165,0.892502,0.041124,-0.892770,0.450142,-0.018272,-0.034819,-0.028507,0.998987,0,0.72000,-0.93212,43.200,-1.864,-1,400.000,-1,400.000,-1,325.000,325.000,300.000,300.000,-1,-1,-1,-1,750.000,750.000,-1,-1,2,0,2,0,2,0,0,0,0,2,2,2,2,0,0,2,2
76,1771.556,-6459.481,176.213,-65.098,0.419913,0.906626,0.041268,-0.906931,0.420884,-0.018244,-0.033910,-0.029766,0.998982,0,0.80000,-0.93115,48.000,-1.862,-1,400.000,-1,400.000,-1,325.000,325.000,300.000,300.000,-1,-1,-1,-1,750.000,750.000,-1,-1,2,0,2,0,2,0,0,0,0,2,2,2,2,0,0,2,2
77,1791.555,-6506.505,174.539,-66.960,0.390217,0.919788,0.041484,-0.920135,0.391182,-0.018118,-0.032893,-0.031100,0.998975,0,0.85168,-0.93120,51.101,-1.862,-1,400.000,-1,375.000,-1,325.000,325.000,300.000,300.000,-1,-1,-1,-1,750.000,725.000,-1,-1,2,0,2,0,2,0,0,0,0,2,2,2,2,0,0,2,2
78,1811.969,-6558.545,172.799,-68.583,0.364012,0.930453,0.041858,-0.930851,0.364967,-0.017773,-0.031814,-0.032493,0.998965,0,0.93168,-0.81120,55.901,-1.622,-1,400.000,-1,375.000,-1,325.000,325.000,300.000,300.000,-1,-1,-1,-1,750.000,725.000,-1,-1,2,0,2,0,2,0,0,0,0,2,2,2,2,0,0,2,2
79,1831.526,-6612.174,171.062,-69.965,0.341453,0.938948,0.042274,-0.939393,0.342399,-0.017413,-0.030825,-0.033766,0.998954,0,0.95139,-0.69120,57.083,-1.382,-1,400.000,-1,375.000,-1,325.000,325.000,300.000,300.000,-1,-1,-1,-1,750.000,725.000,-1,-1,2,0,2,0,2,0,0,0,0,2,2,2,2,0,0,2,2
80,1849.974,-6666.077,169.383,-71.107,0.322660,0.945553,0.042660,-0.946039,0.323599,-0.017139,-0.030010,-0.034828,0.998943,0,0.94954,-0.57120,56.972,-1.142,-1,400.000,-1,375.000,-1,325.000,325.000,300.000,300.000,-1,-1,-1,-1,750.000,725.000,-1,-1,2,0,2,0,2,0,0,0,0,2,2,2,2,0,0,2,2
81,1867.548,-6720.196,167.851,-72.010,0.307752,0.950517,0.042502,-0.951025,0.308662,-0.016678,-0.028971,-0.035288,0.998957,0,0.94835,-0.45120,56.901,-0.902,-1,400.000,-1,375.000,-1,325.000,325.000,300.000,300.000,-1,-1,-1,-1,750.000,725.000,-1,-1,2,0,2,0,2,0,0,0,0,2,2,2,2,0,0,2,2
82,1884.487,-6774.487,166.342,-72.672,0.296766,0.954010,0.042355,-0.954538,0.297649,-0.016192,-0.028055,-0.035624,0.998971,0,0.94787,-0.33120,56.872,-0.662,-1,400.000,-1,400.000,-1,325.000,325.000,300.000,300.000,-1,-1,-1,-1,750.000,725.000,-1,-1,2,0,2,0,2,0,0,0,0,2,2,2,2,0,0,2,2
83,1901.028,-6828.914,164.844,-73.095,0.289748,0.956171,0.042224,-0.956714,0.290606,-0.015690,-0.027273,-0.035850,0.998985,0,0.94808,-0.21120,56.885,-0.422,-1,400.000,-1,400.000,-1,325.000,325.000,300.000,300.000,-1,-1,-1,-1,750.000,725.000,-1,-1,2,0,2,0,2,0,0,0,0,2,2,2,2,0,0,2,2
84,1917.412,-6883.444,163.349,-73.277,0.286725,0.957087,0.042104,-0.957643,0.287559,-0.015174,-0.026630,-0.035970,0.998998,0,0.94896,-0.09120,56.938,-0.182,-1,400.000,-1,400.000,-1,325.000,325.000,300.000,300.000,-1,-1,-1,-1,725.000,725.000,-1,-1,2,0,2,0,2,0,0,0,0,2,2,2,2,0,0,2,2
85,1933.876,-6938.042,161.847,-73.219,0.287709,0.956797,0.041987,-0.957362,0.288521,-0.014646,-0.026127,-0.035983,0.999011,0,0.95044,0.02880,57.027,0.058,-1,400.000,-1,400.000,-1,325.000,325.000,300.000,300.000,-1,-1,-1,-1,725.000,725.000,-1,-1,2,0,2,0,2,0,0,0,0,2,2,2,2,0,0,2,2
86,1950.659,-6992.669,160.326,-72.922,0.292694,0.955288,0.041889,-0.955859,0.293488,-0.014119,-0.025781,-0.035908,0.999023,0,0.95245,0.14880,57.147,0.298,-1,400.000,-1,375.000,-1,325.000,325.000,300.000,300.000,-1,-1,-1,-1,725.000,725.000,-1,-1,2,0,2,0,2,0,0,0,0,2,2,2,2,0,0,2,2
87,1967.002,-7045.676,158.843,-72.864,0.293673,0.954991,0.041816,-0.955571,0.294447,-0.013604,-0.025304,-0.035963,0.999033,0,0.92449,0.02880,55.469,0.058,-1,400.000,-1,375.000,-1,325.000,325.000,300.000,300.000,-1,-1,-1,-1,725.000,725.000,-1,-1,2,0,2,0,2,0,0,0,0,2,2,2,2,0,0,2,2
88,1983.218,-7098.870,157.359,-73.047,0.290653,0.955918,0.041726,-0.956511,0.291404,-0.013065,-0.024648,-0.036114,0.999044,0,0.92685,-0.09120,55.611,-0.182,-1,400.000,-1,375.000,-1,325.000,325.000,300.000,300.000,-1,-1,-1,-1,725.000,725.000,-1,-1,2,0,2,0,2,0,0,0,0,2,2,2,2,0,0,2,2
89,1999.041,-7152.183,155.930,-73.469,0.283614,0.958027,0.041812,-0.958640,0.284345,-0.012577,-0.023938,-0.036515,0.999046,0,0.92685,-0.21120,55.611,-0.422,-1,375.000,-1,375.000,-1,325.000,325.000,300.000,300.000,-1,-1,-1,-1,725.000,725.000,-1,-1,2,0,2,0,2,0,0,0,0,2,2,2,2,0,0,2,2
90,2014.247,-7205.675,154.632,-74.131,0.272535,0.961217,0.042262,-0.961873,0.273241,-0.011835,-0.022924,-0.037425,0.999036,0,0.92685,-0.33120,55.611,-0.662,-1,375.000,-1,375.000,-1,325.000,325.000,300.000,300.000,-1,-1,-1,-1,725.000,725.000,-1,-1,2,0,2,0,2,0,0,0,0,2,2,2,2,0,0,2,2
91,2028.609,-7259.399,153.384,-75.034,0.257382,0.965362,0.042791,-0.966067,0.258058,-0.011022,-0.021682,-0.038502,0.999023,0,0.92685,-0.45120,55.611,-0.902,-1,375.000,-1,375.000,-1,325.000,325.000,300.000,300.000,-1,-1,-1,-1,725.000,725.000,-1,-1,2,0,2,0,2,0,0,0,0,2,2,2,2,0,0,2,2
92,2041.897,-7313.400,152.326,-76.176,0.238112,0.970294,0.042810,-0.971023,0.238755,-0.010506,-0.020415,-0.039068,0.999028,0,0.92685,-0.57120,55.611,-1.142,-1,375.000,-1,375.000,-1,325.000,325.000,300.000,300.000,-1,-1,-1,-1,725.000,725.000,-1,-1,2,0,2,0,2,0,0,0,0,2,2,2,2,0,0,2,2
93,2053.878,-7367.705,151.432,-77.559,0.214686,0.975765,0.042340,-0.976504,0.215275,-0.009825,-0.018702,-0.039236,0.999055,0,0.92685,-0.69120,55.611,-1.382,-1,375.000,-1,375.000,-1,325.000,325.000,300.000,300.000,-1,-1,-1,-1,725.000,725.000,-1,-1,2,0,2,0,2,0,0,0,0,2,2,2,2,0,0,2,2
94,2064.317,-7422.328,150.605,-79.181,0.187029,0.981461,0.041879,-0.982211,0.187561,-0.009121,-0.016807,-0.039428,0.999081,0,0.92685,-0.81120,55.611,-1.622,-1,375.000,-1,375.000,-1,325.000,325.000,300.000,300.000,-1,-1,-1,-1,725.000,750.000,-1,-1,2,0,2,0,2,0,0,0,0,2,2,2,2,0,0,2,2
95,2072.975,-7477.262,149.853,-81.043,0.155092,0.987030,0.041439,-0.987790,0.155564,-0.008394,-0.014732,-0.039631,0.999106,0,0.92685,-0.93120,55.611,-1.862,-1,375.000,-1,400.000,-1,325.000,325.000,300.000,300.000,-1,-1,-1,-1,725.000,750.000,-1,-1,2,0,2,0,2,0,0,0,0,2,2,2,2,0,0,2,2
96,2079.710,-7532.464,149.171,-83.043,0.120612,0.991850,0.041063,-0.992621,0.121022,-0.007623,-0.012531,-0.039841,0.999127,0,0.92685,-1.00000,55.611,-2.000,-1,375.000,-1,400.000,-1,325.000,325.000,300.000,300.000,-1,-1,-1,-1,725.000,750.000,-1,-1,2,0,2,0,2,0,0,0,0,2,2,2,2,0,0,2,2
97,2084.515,-7587.867,148.563,-85.043,0.085985,0.995463,0.040749,-0.996243,0.086332,-0.006835,-0.010322,-0.040008,0.999146,0,0.92685,-1.00000,55.611,-2.000,-1,375.000,-1,400.000,-1,325.000,325.000,300.000,300.000,-1,-1,-1,-1,725.000,750.000,-1,-1,2,0,2,0,2,0,0,0,0,2,2,2,2,0,0,2,2
98,2087.383,-7643.405,148.030,-87.043,0.051252,0.997865,0.040486,-0.998653,0.051538,-0.006050,-0.008124,-0.040122,0.999162,0,0.92685,-1.00000,55.611,-2.000,-1,375.000,-1,400.000,-1,325.000,325.000,300.000,300.000,-1,-1,-1,-1,725.000,750.000,-1,-1,2,0,2,0,2,0,0,0,0,2,2,2,2,0,0,2,2
99,2088.311,-7699.008,147.572,-89.043,0.016456,0.999053,0.040278,-0.999847,0.016682,-0.005276,-0.005943,-0.040185,0.999175,0,0.92685,-1.00000,55.611,-2.000,-1,375.000,-1,400.000,-1,325.000,325.000,300.000,300.000,-1,-1,1000.000,-1,725.000,750.000,-1,-1,2,0,2,0,2,0,0,0,0,2,2,0,2,0,0,2,2
100,2087.298,-7754.611,147.187,-91.043,-0.018362,0.999026,0.040126,-0.999824,-0.018195,-0.004520,-0.003785,-0.040202,0.999184,0,0.92685,-1.00000,55.611,-2.000,-1,375.000,-1,400.000,-1,325.000,325.000,300.000,300.000,-1,1000.000,975.000,-1,725.000,750.000,-1,-1,2,0,2,0,2,0,0,0,0,2,0,0,2,0,0,2,2
101,2084.346,-7810.144,146.875,-93.043,-0.053159,0.997783,0.040029,-0.998585,-0.053049,-0.003790,-0.001658,-0.040174,0.999191,0,0.92685,-1.00000,55.611,-2.000,-1,375.000,-1,400.000,-1,325.000,325.000,300.000,300.000,-1,975.000,975.000,-1,725.000,775.000,-1,-1,2,0,2,0,2,0,0,0,0,2,0,0,2,0,0,2,2
102,2079.457,-7865.540,146.710,-95.043,-0.087900,0.995339,0.039660,-0.996129,-0.087840,-0.003238,0.000261,-0.039791,0.999208,0,0.92685,-1.00000,55.611,-2.000,-1,375.000,-1,400.000,-1,325.000,325.000,300.000,300.000,-1,1000.000,975.000,-1,725.000,775.000,-1,-1,2,0,2,0,2,0,0,0,0,2,0,0,2,0,0,2,2
103,2072.637,-7920.732,146.815,-97.043,-0.122549,0.991696,0.038996,-0.992461,-0.122527,-0.002960,0.001842,-0.039064,0.999235,0,0.92685,-1.00000,55.611,-2.000,-1,400.000,-1,400.000,-1,325.000,325.000,300.000,300.000,-1,-1,-1,-1,750.000,775.000,-1,-1,2,0,2,0,2,0,0,0,0,2,2,2,2,0,0,2,2
104,2063.895,-7975.652,147.041,-99.043,-0.157055,0.986837,0.038551,-0.987584,-0.157066,-0.002760,0.003331,-0.038506,0.999253,0,0.92685,-1.00000,55.611,-2.000,-1,400.000,-1,400.000,-1,325.000,325.000,300.000,300.000,-1,-1,-1,-1,750.000,775.000,-1,-1,2,0,2,0,2,0,0,0,0,2,2,2,2,0,0,2,2
105,2053.242,-8030.234,147.333,-101.043,-0.191373,0.980777,0.038123,-0.981506,-0.191415,-0.002583,0.004764,-0.037913,0.999270,0,0.92685,-1.00000,55.611,-2.000,-1,400.000,-1,400.000,-1,325.000,325.000,300.000,300.000,-1,-1,-1,-1,750.000,775.000,-1,-1,2,0,2,0,2,0,0,0,0,2,2,2,2,0,0,2,2
106,2040.649,-8084.592,147.688,-103.043,-0.225461,0.973522,0.037712,-0.974233,-0.225532,-0.002429,0.006141,-0.037288,0.999286,0,0.92996,-0.99999,55.798,-2.000,-1,400.000,-1,400.000,-1,325.000,325.000,300.000,300.000,-1,-1,-1,-1,750.000,775.000,-1,-1,2,0,2,0,2,0,0,0,0,2,2,2,2,0,0,2,2
107,2026.053,-8138.901,148.107,-105.043,-0.259266,0.965085,0.037317,-0.965777,-0.259363,-0.002298,0.007461,-0.036636,0.999301,0,0.93727,-0.99961,56.236,-1.999,-1,400.000,-1,400.000,-1,325.000,325.000,300.000,300.000,-1,-1,-1,-1,750.000,775.000,-1,-1,2,0,2,0,2,0,0,0,0,2,2,2,2,0,0,2,2
108,2009.445,-8193.089,148.587,-107.040,-0.292727,0.955482,0.036940,-0.956156,-0.292848,-0.002191,0.008724,-0.035961,0.999315,0,0.94460,-0.99867,56.676,-1.997,-1,400.000,-1,400.000,-1,325.000,325.000,300.000,300.000,-1,-1,-1,-1,750.000,775.000,-1,-1,2,0,2,0,2,0,0,0,0,2,2,2,2,0,0,2,2
109,1990.818,-8247.080,149.125,-109.034,-0.325785,0.944736,0.036581,-0.945392,-0.325930,-0.002110,0.009929,-0.035270,0.999328,0,0.95188,-0.99715,57.113,-1.994,-1,400.000,-1,400.000,-1,325.000,325.000,300.000,300.000,-1,-1,-1,-1,750.000,775.000,-1,-1,2,0,2,0,2,0,0,0,0,2,2,2,2,0,0,2,2
110,1970.172,-8300.794,149.721,-111.024,-0.358384,0.932870,0.036246,-0.933509,-0.358549,-0.002055,0.011079,-0.034572,0.999341,0,0.95909,-0.99503,57.545,-1.990,-1,400.000,-1,400.000,-1,325.000,325.000,300.000,300.000,-1,-1,-1,-1,750.000,775.000,-1,-1,2,0,2,0,2,0,0,0,0,2,2,2,2,0,0,2,2
111,1949.754,-8349.427,150.306,-112.774,-0.386697,0.921505,0.035966,-0.922128,-0.386879,-0.002026,0.012047,-0.033948,0.999351,0,0.87909,-0.87503,52.745,-1.750,-1,400.000,-1,400.000,-1,325.000,325.000,300.000,300.000,-1,-1,-1,-1,750.000,775.000,-1,-1,2,0,2,0,2,0,0,0,0,2,2,2,2,0,0,2,2
112,1930.035,-8393.130,150.879,-114.284,-0.410842,0.911008,0.035673,-0.911616,-0.411037,-0.002033,0.012810,-0.033355,0.999361,0,0.79909,-0.75503,47.945,-1.510,-1,400.000,-1,400.000,-1,325.000,325.000,300.000,300.000,-1,-1,-1,-1,750.000,775.000,-1,-1,2,0,2,0,2,0,0,0,0,2,2,2,2,0,0,2,2
113,1911.424,-8432.054,151.445,-115.554,-0.430937,0.901693,0.035273,-0.902284,-0.431137,-0.002087,0.013326,-0.032726,0.999376,0,0.71909,-0.63503,43.145,-1.270,-1,400.000,-1,400.000,-1,325.000,325.000,300.000,300.000,-1,-1,-1,-1,750.000,775.000,1000.000,-1,2,0,2,0,2,0,0,0,0,2,2,2,2,0,0,1,2
114,1892.698,-8469.473,152.022,-116.584,-0.447080,0.893814,0.034867,-0.894388,-0.447286,-0.002064,0.013751,-0.032107,0.999390,0,0.69738,-0.51503,41.843,-1.030,-1,400.000,-1,400.000,-1,325.000,325.000,300.000,300.000,-1,-1,-1,-1,750.000,775.000,950.000,-1,2,0,2,0,2,0,0,0,0,2,2,2,2,1,0,1,2
115,1873.333,-8506.871,152.619,-117.375,-0.459366,0.887578,0.034455,-0.888136,-0.459577,-0.002003,0.014057,-0.031521,0.999404,0,0.70190,-0.39503,42.114,-0.790,-1,400.000,-1,400.000,-1,325.000,325.000,300.000,300.000,-1,-1,-1,-1,725.000,775.000,900.000,-1,2,0,2,0,2,0,0,0,0,2,2,2,2,1,0,1,2
116,1853.485,-8544.320,153.221,-117.925,-0.467872,0.883140,0.034053,-0.883682,-0.468084,-0.001945,0.014222,-0.031002,0.999418,0,0.70639,-0.27503,42.383,-0.550,975.000,400.000,-1,400.000,-1,325.000,325.000,300.000,300.000,-1,-1,-1,-1,700.000,775.000,875.000,-1,1,0,2,0,2,0,0,0,0,2,2,2,2,1,0,1,2
117,1833.307,-8581.896,153.824,-118.235,-0.472652,0.880606,0.033657,-0.881134,-0.472863,-0.001887,0.014253,-0.030548,0.999432,0,0.71085,-0.15503,42.651,-0.310,925.000,400.000,-1,400.000,-1,325.000,325.000,300.000,300.000,-1,-1,-1,-1,675.000,775.000,825.000,-1,1,0,2,0,2,0,0,0,0,2,2,2,2,1,0,1,2
118,1812.956,-8619.684,154.435,-118.305,-0.473738,0.880036,0.033291,-0.880553,-0.473944,-0.001897,0.014109,-0.030213,0.999444,0,0.71533,-0.03503,42.920,-0.070,850.000,400.000,-1,400.000,-1,325.000,325.000,300.000,300.000,-1,-1,-1,-1,650.000,775.000,775.000,-1,1,0,2,0,2,0,0,0,0,2,2,2,2,1,0,1,2
119,1792.568,-8657.761,155.045,-118.167,-0.471636,0.881178,0.032944,-0.881685,-0.471835,-0.001950,0.013826,-0.029966,0.999455,0,0.71986,0.06874,43.192,0.137,800.000,400.000,-1,400.000,-1,325.000,325.000,300.000,300.000,-1,-1,-1,-1,625.000,775.000,725.000,-1,1,0,2,0,2,0,0,0,0,2,2,2,2,1,0,1,2
120,1772.144,-8696.132,155.652,-118.024,-0.469445,0.882358,0.032636,-0.882857,-0.469637,-0.001994,0.013568,-0.029749,0.999465,0,0.72446,0.07150,43.468,0.143,750.000,400.000,-1,400.000,-1,325.000,325.000,300.000,300.000,-1,-1,-1,-1,600.000,775.000,700.000,-1,1,0,2,0,2,0,0,0,0,2,2,2,2,1,0,1,2
121,1751.693,-8734.798,156.263,-117.875,-0.467159,0.883579,0.032410,-0.884072,-0.467346,-0.002020,0.013362,-0.029596,0.999473,0,0.72902,0.07441,43.741,0.149,700.000,400.000,-1,400.000,-1,325.000,325.000,300.000,300.000,-1,-1,-1,-1,575.000,775.000,650.000,-1,1,0,2,0,2,0,0,0,0,2,2,2,2,1,0,1,2
122,1731.221,-8773.758,156.861,-117.720,-0.464775,0.884844,0.032182,-0.885331,-0.464957,-0.002043,0.013155,-0.029441,0.999480,0,0.73353,0.07746,44.012,0.155,650.000,400.000,1000.000,400.000,-1,325.000,325.000,300.000,300.000,-1,-1,-1,-1,550.000,750.000,600.000,-1,1,0,1,0,2,0,0,0,0,2,2,2,2,1,1,1,2
123,1710.735,-8813.012,157.446,-117.559,-0.462289,0.886153,0.031952,-0.886635,-0.462466,-0.002064,0.012948,-0.029284,0.999487,0,0.73797,0.08067,44.278,0.161,600.000,400.000,950.000,400.000,-1,325.000,325.000,300.000,300.000,-1,-1,-1,-1,525.000,725.000,575.000,-1,1,0,1,0,2,0,0,0,0,2,2,2,2,1,1,1,2
124,1690.243,-8852.559,158.017,-117.391,-0.459694,0.887511,0.031722,-0.887986,-0.459865,-0.002084,0.012738,-0.029126,0.999495,0,0.74235,0.08407,44.541,0.168,550.000,375.000,900.000,400.000,-1,325.000,325.000,300.000,300.000,-1,-1,-1,-1,500.000,700.000,525.000,-1,1,1,1,0,2,0,0,0,0,2,2,2,2,1,1,1,2
125,1669.755,-8892.398,158.574,-117.216,-0.456983,0.888918,0.031491,-0.889387,-0.457150,-0.002105,0.012525,-0.028970,0.999502,0,0.74664,0.08765,44.798,0.175,500.000,375.000,875.000,400.000,-1,325.000,325.000,300.000,300.000,-1,-1,-1,-1,475.000,650.000,475.000,-1,1,1,1,0,2,0,0,0,0,2,2,2,2,1,1,1,2
126,1649.280,-8932.526,159.118,-117.033,-0.454150,0.890377,0.031261,-0.890840,-0.454312,-0.002127,0.012309,-0.028814,0.999509,0,0.75083,0.09145,45.050,0.183,475.000,350.000,825.000,400.000,-1,325.000,325.000,300.000,300.000,-1,-1,-1,-1,450.000,625.000,425.000,-1,1,1,1,0,2,1,0,0,0,2,2,2,2,1,1,1,2
127,1628.828,-8972.939,159.647,-116.842,-0.451187,0.891890,0.031031,-0.892347,-0.451344,-0.002149,0.012089,-0.028660,0.999516,0,0.75490,0.09548,45.294,0.191,425.000,325.000,775.000,400.000,-1,300.000,325.000,300.000,300.000,-1,-1,-1,-1,425.000,575.000,400.000,-1,1,1,1,0,2,1,0,0,0,2,2,2,2,1,1,1,2
128,1608.412,-9013.635,160.161,-116.642,-0.448086,0.893460,0.030800,-0.893912,-0.448237,-0.002172,0.011865,-0.028506,0.999523,0,0.75883,0.09976,45.530,0.200,375.000,300.000,725.000,400.000,-1,275.000,325.000,300.000,300.000,-1,-1,-1,-1,400.000,550.000,350.000,-1,1,1,1,1,2,1,1,0,0,2,2,2,2,1,1,1,2
129,1588.043,-9054.607,160.681,-116.434,-0.444839,0.895092,0.030463,-0.895536,-0.444984,-0.002218,0.011571,-0.028267,0.999533,0,0.76260,0.10432,45.756,0.209,325.000,275.000,675.000,375.000,-1,275.000,300.000,300.000,300.000,-1,-1,-1,-1,375.000,525.000,300.000,900.000,1,1,1,1,2,1,1,0,0,2,2,2,2,1,1,1,1
130,1567.736,-9095.849,161.189,-116.215,-0.441435,0.896788,0.030104,-0.897223,-0.441572,-0.002269,0.011258,-0.028011,0.999544,0,0.76618,0.10919,45.971,0.218,275.000,275.000,625.000,350.000,-1,250.000,275.000,300.000,300.000,-1,-1,-1,-1,350.000,475.000,250.000,750.000,1,1,1,1,2,1,1,0,0,2,2,2,2,1,1,1,1
131,1547.502,-9137.353,164.210,-115.987,-0.437778,0.898762,0.024038,-0.898877,-0.438094,0.009701,0.019250,-0.017360,0.999664,0,0.76954,0.11439,46.172,0.229,275.000,250.000,625.000,325.000,-1,250.000,275.000,325.000,300.000,-1,-1,-1,-1,350.000,450.000,250.000,750.000,1,1,1,1,2,1,1,0,0,2,2,2,2,1,1,1,1
132,1527.363,-9179.109,167.602,-115.747,-0.434084,0.900712,0.016984,-0.900421,-0.434386,0.023464,0.028512,-0.005107,0.999580,0,0.77264,0.11997,46.359,0.240,275.000,250.000,600.000,325.000,-1,225.000,250.000,350.000,300.000,-1,800.000,550.000,-1,350.000,450.000,250.000,-1,1,1,1,1,2,1,1,0,0,2,0,0,2,1,1,1,2
133,1507.337,-9221.106,170.977,-115.495,-0.430365,0.902602,0.009795,-0.901864,-0.430417,0.037176,0.037772,0.007165,0.999261,0,0.77544,0.12595,46.527,0.252,250.000,250.000,600.000,300.000,-1,225.000,250.000,375.000,275.000,-1,500.000,325.000,-1,325.000,425.000,250.000,-1,1,1,1,1,2,1,1,1,0,2,0,0,2,1,1,1,2
134,1487.445,-9263.330,174.370,-115.230,-0.426611,0.904432,0.002423,-0.903209,-0.426170,0.050907,0.047074,0.019529,0.998700,0,0.77789,0.13239,46.673,0.265,250.000,250.000,600.000,300.000,-1,225.000,250.000,400.000,275.000,-1,400.000,225.000,975.000,325.000,400.000,250.000,-1,1,1,1,1,2,1,1,1,0,2,0,0,0,1,1,1,2
135,1467.710,-9305.761,177.787,-114.951,-0.422809,0.906204,-0.005125,-0.904463,-0.421632,0.064604,0.056383,0.031951,0.997898,0,0.77993,0.13933,46.796,0.279,250.000,250.000,575.000,275.000,-1,225.000,225.000,425.000,275.000,-1,325.000,150.000,775.000,325.000,400.000,225.000,-1,1,1,1,1,2,1,1,1,0,2,0,0,0,1,1,1,2
