timestep,x_cm,y_cm,z_cm,yaw_deg,basis_xx,basis_xy,basis_xz,basis_yx,basis_yy,basis_yz,basis_zx,basis_zy,basis_zz,teleport_flag,throttle_cmd,steering_cmd,cmd_move_cm,cmd_turn_deg,lidar_cm_0,lidar_cm_1,lidar_cm_2,lidar_cm_3,lidar_cm_4,lidar_cm_5,lidar_cm_6,lidar_cm_7,lidar_cm_8,lidar_cm_9,lidar_cm_10,lidar_cm_11,lidar_cm_12,lidar_cm_13,lidar_cm_14,lidar_cm_15,lidar_cm_16,lidar_class_0,lidar_class_1,lidar_class_2,lidar_class_3,lidar_class_4,lidar_class_5,lidar_class_6,lidar_class_7,lidar_class_8,lidar_class_9,lidar_class_10,lidar_class_11,lidar_class_12,lidar_class_13,lidar_class_14,lidar_class_15,lidar_class_16
0,-8852.739,9506.828,35.686,-60.787,0.488620,0.872414,0.012020,-0.871999,0.487830,0.040492,0.029462,-0.030266,0.999108,1,0.08000,-0.12000,4.800,-0.240,-1,375.000,-1,375.000,-1,325.000,300.000,300.000,300.000,-1,425.000,450.000,-1,725.000,725.000,-1,-1,2,0,2,0,2,0,0,0,0,2,0,0,2,0,0,2,2
1,-8848.124,9498.410,35.963,-61.267,0.481299,0.876477,0.011817,-0.876038,0.480508,0.040867,0.030141,-0.030021,0.999095,0,0.16000,-0.24000,9.600,-0.480,-1,375.000,-1,375.000,-1,325.000,300.000,300.000,300.000,-1,425.000,450.000,-1,725.000,725.000,-1,-1,2,0,2,0,2,0,0,0,0,2,0,0,2,0,0,2,2
2,-8841.361,9485.697,36.384,-61.987,0.470255,0.882455,0.011524,-0.881981,0.469461,0.041433,0.031153,-0.029649,0.999075,0,0.24000,-0.36000,14.400,-0.720,-1,400.000,-1,375.000,-1,325.000,325.000,300.000,300.000,-1,425.000,450.000,-1,750.000,725.000,-1,-1,2,0,2,0,2,0,0,0,0,2,0,0,2,0,0,2,2
3,-8832.628,9468.597,36.955,-62.947,0.455413,0.890210,0.011157,-0.889687,0.454617,0.042192,0.032488,-0.029141,0.999047,0,0.32000,-0.48000,19.200,-0.960,-1,400.000,-1,375.000,-1,325.000,325.000,300.000,300.000,-1,425.000,425.000,-1,750.000,725.000,-1,-1,2,0,2,0,2,0,0,0,0,2,0,0,2,0,0,2,2
4,-8822.163,9446.999,37.687,-64.147,0.436680,0.899553,0.010734,-0.898969,0.435882,0.043146,0.034134,-0.028491,0.999011,0,0.40000,-0.60000,24.000,-1.200,-1,400.000,-1,375.000,-1,325.000,325.000,300.000,300.000,-1,425.000,425.000,-1,750.000,725.000,-1,-1,2,0,2,0,2,0,0,0,0,2,0,0,2,0,0,2,2
5,-8810.260,9420.774,38.589,-65.587,0.413947,0.910243,0.010279,-0.909586,0.413148,0.044298,0.036075,-0.027687,0.998965,0,0.48000,-0.72000,28.800,-1.440,-1,400.000,-1,375.000,-1,325.000,325.000,300.000,300.000,-1,425.000,425.000,-1,750.000,725.000,-1,-1,2,0,2,0,2,0,0,0,0,2,0,0,2,0,0,2,2
6,-8797.276,9389.783,39.672,-67.267,0.387093,0.921988,0.009819,-0.921245,0.386295,0.045647,0.038293,-0.026715,0.998909,0,0.56000,-0.84000,33.600,-1.680,-1,400.000,-1,375.000,-1,325.000,325.000,300.000,300.000,-1,425.000,400.000,-1,775.000,725.000,-1,-1,2,0,2,0,2,0,0,0,0,2,0,0,2,0,0,2,2
7,-8783.552,9353.919,40.944,-69.058,0.358099,0.933637,0.009360,-0.932796,0.357303,0.047189,0.040713,-0.025630,0.998842,0,0.64000,-0.89542,38.400,-1.791,-1,400.000,-1,375.000,-1,325.000,325.000,300.000,300.000,-1,400.000,400.000,-1,775.000,750.000,-1,-1,2,0,2,0,2,0,0,0,0,2,0,0,2,0,0,2,2
8,-8769.386,9313.108,42.410,-70.858,0.328604,0.944426,0.008908,-0.943476,0.327812,0.048915,0.043276,-0.024479,0.998763,0,0.72000,-0.89995,43.200,-1.800,-1,400.000,-1,400.000,-1,325.000,325.000,300.000,300.000,-1,400.000,375.000,-1,800.000,750.000,-1,-1,2,0,2,0,2,0,0,0,0,2,0,0,2,0,0,2,2
9,-8755.087,9267.286,44.187,-72.669,0.298619,0.954330,0.008953,-0.953280,0.297815,0.050637,0.045658,-0.023656,0.998677,0,0.80000,-0.90527,48.000,-1.811,-1,400.000,-1,400.000,-1,325.000,325.000,300.000,300.000,-1,400.000,375.000,-1,800.000,750.000,-1,-1,2,0,2,0,2,0,0,0,0,2,0,0,2,0,0,2,2
10,-8741.286,9217.550,46.389,-74.491,0.268164,0.963320,0.010155,-0.962211,0.267308,0.051930,0.047311,-0.023697,0.998599,0,0.86026,-0.91143,51.616,-1.823,-1,400.000,-1,400.000,-1,325.000,325.000,300.000,300.000,-1,425.000,400.000,-1,825.000,775.000,-1,-1,2,0,2,0,2,0,0,0,0,2,0,0,2,0,0,2,2
11,-8729.050,9167.248,48.623,-76.328,0.237202,0.971394,0.011364,-0.970232,0.236298,0.053046,0.048844,-0.023608,0.998527,0,0.86281,-0.91829,51.769,-1.837,-1,400.000,-1,400.000,-1,325.000,325.000,300.000,300.000,-1,425.000,425.000,-1,825.000,800.000,-1,-1,2,0,2,0,2,0,0,0,0,2,0,0,2,0,0,2,2
12,-8718.406,9116.389,51.045,-78.179,0.205723,0.978534,0.012192,-0.977338,0.204805,0.053524,0.049878,-0.022927,0.998492,0,0.86601,-0.92539,51.961,-1.851,-1,400.000,-1,400.000,-1,325.000,325.000,300.000,300.000,-1,475.000,475.000,-1,850.000,800.000,-1,-1,2,0,2,0,2,0,0,0,0,2,0,0,2,0,0,2,2
13,-8709.383,9064.986,53.577,-80.044,0.173755,0.984704,0.012960,-0.983516,0.172846,0.053101,0.050049,-0.021973,0.998505,0,0.86982,-0.93273,52.189,-1.865,-1,400.000,-1,400.000,-1,325.000,325.000,300.000,300.000,-1,525.000,525.000,-1,850.000,800.000,-1,-1,2,0,2,0,2,0,0,0,0,2,0,0,2,0,0,2,2
14,-8702.016,9013.055,56.153,-81.925,0.141341,0.989866,0.013726,-0.988687,0.140442,0.052671,0.050210,-0.021015,0.998518,0,0.87418,-0.94027,52.451,-1.881,-1,400.000,-1,400.000,-1,325.000,325.000,300.000,300.000,-1,600.000,600.000,-1,875.000,825.000,-1,-1,2,0,2,0,2,0,0,0,0,2,0,0,2,0,0,2,2
15,-8696.339,8960.619,58.775,-83.821,0.108505,0.993990,0.014482,-0.992819,0.107616,0.052236,0.050364,-0.020046,0.998530,0,0.87904,-0.94802,52.743,-1.896,-1,400.000,-1,400.000,-1,325.000,325.000,300.000,300.000,-1,650.000,675.000,-1,900.000,825.000,-1,-1,2,0,2,0,2,0,0,0,0,2,0,0,2,0,0,2,2
16,-8692.391,8907.704,61.445,-85.733,0.075274,0.997047,0.015221,-0.995883,0.074395,0.051801,0.050515,-0.019058,0.998541,0,0.88436,-0.95596,53.062,-1.912,-1,400.000,-1,400.000,-1,325.000,325.000,300.000,300.000,-1,725.000,750.000,-1,900.000,825.000,-1,-1,2,0,2,0,2,0,0,0,0,2,0,0,2,0,0,2,2
17,-8690.211,8854.344,64.166,-87.661,0.041675,0.999004,0.015937,-0.997846,0.040808,0.051369,0.050668,-0.018044,0.998553,0,0.89009,-0.96407,53.405,-1.928,-1,400.000,-1,400.000,-1,325.000,325.000,300.000,300.000,-1,800.000,800.000,-1,925.000,850.000,-1,-1,2,0,2,0,2,0,0,0,0,2,0,0,2,0,0,2,2
18,-8689.841,8800.574,66.939,-89.606,0.007739,0.999832,0.016623,-0.998678,0.006883,0.050947,0.050824,-0.016995,0.998563,0,0.89618,-0.97234,53.771,-1.945,-1,400.000,-1,400.000,-1,325.000,325.000,300.000,300.000,-1,875.000,875.000,-1,925.000,850.000,-1,-1,2,0,2,0,2,0,0,0,0,2,0,0,2,0,0,2,2
19,-8691.161,8742.867,69.948,-91.310,-0.022012,0.999607,0.017331,-0.998461,-0.022863,0.050521,0.050898,-0.016192,0.998573,0,0.96204,-0.85234,57.723,-1.705,-1,425.000,-1,400.000,-1,325.000,325.000,300.000,300.000,-1,975.000,975.000,-1,950.000,850.000,-1,-1,2,0,2,0,2,0,0,0,0,2,0,0,2,0,0,2,2
20,-8693.977,8684.785,73.007,-92.775,-0.047557,0.998706,0.018017,-0.997570,-0.048407,0.050118,0.050925,-0.015590,0.998581,0,0.96916,-0.73234,58.150,-1.465,-1,425.000,-1,400.000,-1,325.000,325.000,300.000,300.000,-1,-1,-1,-1,975.000,875.000,-1,-1,2,0,2,0,2,0,0,0,0,2,2,2,2,0,0,2,2
21,-8698.063,8626.337,76.113,-94.000,-0.068887,0.997449,0.018685,-0.996324,-0.069741,0.049738,0.050915,-0.015190,0.998587,0,0.97651,-0.61234,58.590,-1.225,-1,425.000,-1,400.000,-1,350.000,325.000,300.000,300.000,-1,-1,-1,-1,1000.000,875.000,-1,-1,2,0,2,0,2,0,0,0,0,2,2,2,2,0,0,2,2
22,-8703.158,8567.927,79.242,-94.984,-0.086010,0.996107,0.019335,-0.994995,-0.086873,0.049385,0.050873,-0.014991,0.998593,0,0.97720,-0.49234,58.632,-0.985,-1,425.000,-1,425.000,-1,350.000,325.000,300.000,300.000,-1,-1,-1,-1,-1,900.000,-1,-1,2,0,2,0,2,0,0,0,0,2,2,2,2,2,0,2,2
23,-8709.010,8509.588,81.954,-95.729,-0.098865,0.994865,0.021646,-0.993847,-0.099809,0.048031,0.049945,-0.016765,0.998611,0,0.97720,-0.37234,58.632,-0.745,-1,425.000,-1,425.000,-1,350.000,350.000,300.000,300.000,-1,-1,-1,-1,-1,925.000,-1,-1,2,0,2,0,2,0,0,0,0,2,2,2,2,2,0,2,2
24,-8715.377,8451.302,84.009,-96.234,-0.107630,0.993931,0.022737,-0.993070,-0.108566,0.045014,0.047209,-0.017734,0.998728,0,0.97720,-0.25234,58.632,-0.505,-1,425.000,-1,425.000,-1,350.000,350.000,300.000,300.000,-1,-1,-1,-1,-1,900.000,-1,-1,2,0,2,0,2,0,0,0,0,2,2,2,2,2,0,2,2
25,-8722.012,8393.047,85.958,-96.498,-0.112258,0.993407,0.023252,-0.992701,-0.113155,0.041714,0.044070,-0.018399,0.998859,0,0.97720,-0.13234,58.632,-0.265,-1,425.000,-1,425.000,-1,350.000,325.000,300.000,300.000,-1,-1,-1,-1,1000.000,900.000,-1,-1,2,0,2,0,2,0,0,0,0,2,2,2,2,0,0,2,2
26,-8728.726,8334.801,87.915,-96.576,-0.113645,0.993239,0.023705,-0.992680,-0.114499,0.038421,0.040876,-0.019165,0.998980,0,0.97720,-0.03880,58.632,-0.078,-1,425.000,-1,400.000,-1,325.000,325.000,300.000,300.000,-1,-1,-1,-1,1000.000,900.000,-1,-1,2,0,2,0,2,0,0,0,0,2,2,2,2,0,0,2,2
27,-8735.519,8276.564,89.884,-96.654,-0.115037,0.993068,0.024138,-0.992646,-0.115842,0.035129,0.037682,-0.019919,0.999091,0,0.97720,-0.03880,58.632,-0.078,-1,425.000,-1,400.000,-1,325.000,325.000,300.000,300.000,-1,-1,-1,-1,975.000,875.000,-1,-1,2,0,2,0,2,0,0,0,0,2,2,2,2,0,0,2,2
28,-8742.391,8218.336,91.865,-96.731,-0.116432,0.992895,0.024550,-0.992600,-0.117185,0.031836,0.034487,-0.020662,0.999192,0,0.97720,-0.03880,58.632,-0.078,-1,425.000,-1,400.000,-1,325.000,325.000,300.000,300.000,-1,-1,-1,-1,975.000,875.000,-1,-1,2,0,2,0,2,0,0,0,0,2,2,2,2,0,0,2,2
29,-8749.342,8160.117,93.858,-96.809,-0.117832,0.992720,0.024943,-0.992540,-0.118527,0.028543,0.031292,-0.021393,0.999281,0,0.97720,-0.03880,58.632,-0.078,-1,425.000,-1,400.000,-1,325.000,325.000,300.000,300.000,-1,-1,-1,-1,950.000,875.000,-1,-1,2,0,2,0,2,0,0,0,0,2,2,2,2,0,0,2,2
30,-8756.372,8101.908,95.863,-96.886,-0.119235,0.992543,0.025314,-0.992468,-0.119870,0.025251,0.028097,-0.022113,0.999361,0,0.97720,-0.03880,58.632,-0.078,-1,425.000,-1,400.000,-1,325.000,325.000,300.000,300.000,-1,-1,-1,-1,950.000,850.000,-1,-1,2,0,2,0,2,0,0,0,0,2,2,2,2,0,0,2,2
31,-8763.480,8043.709,97.881,-96.964,-0.120642,0.992364,0.025665,-0.992384,-0.121212,0.021959,0.024902,-0.022821,0.999429,0,0.97720,-0.03880,58.632,-0.078,-1,425.000,-1,400.000,-1,325.000,325.000,300.000,300.000,-1,-1,-1,-1,925.000,850.000,-1,-1,2,0,2,0,2,0,0,0,0,2,2,2,2,0,0,2,2
32,-8770.667,7985.519,99.911,-97.041,-0.122052,0.992183,0.025995,-0.992286,-0.122554,0.018667,0.021707,-0.023516,0.999488,0,0.97720,-0.03880,58.632,-0.078,-1,425.000,-1,400.000,-1,325.000,325.000,300.000,300.000,-1,-1,-1,-1,925.000,850.000,-1,-1,2,0,2,0,2,0,0,0,0,2,2,2,2,0,0,2,2
33,-8777.933,7927.339,101.955,-97.119,-0.123466,0.992000,0.026304,-0.992176,-0.123895,0.015375,0.018511,-0.024199,0.999536,0,0.97720,-0.03880,58.632,-0.078,-1,425.000,-1,400.000,-1,325.000,325.000,300.000,300.000,-1,-1,-1,-1,925.000,850.000,-1,-1,2,0,2,0,2,0,0,0,0,2,2,2,2,0,0,2,2
34,-8785.278,7869.168,103.427,-97.197,-0.124825,0.991754,0.029040,-0.992049,-0.125229,0.012530,0.016063,-0.027245,0.999500,0,0.97720,-0.03880,58.632,-0.078,-1,425.000,-1,400.000,-1,325.000,325.000,300.000,300.000,-1,-1,-1,-1,900.000,850.000,-1,-1,2,0,2,0,2,0,0,0,0,2,2,2,2,0,0,2,2
35,-8792.701,7811.008,104.071,-97.274,-0.126195,0.991526,0.030845,-0.991905,-0.126564,0.010321,0.014138,-0.029293,0.999471,0,0.97720,-0.03880,58.632,-0.078,-1,425.000,-1,400.000,-1,325.000,325.000,300.000,300.000,-1,-1,-1,-1,900.000,850.000,-1,-1,2,0,2,0,2,0,0,0,0,2,2,2,2,0,0,2,2
36,-8800.203,7752.858,104.305,-97.352,-0.127597,0.991339,0.031068,-0.991753,-0.127905,0.008150,0.012053,-0.029772,0.999484,0,0.97720,-0.03880,58.632,-0.078,-1,425.000,-1,400.000,-1,325.000,325.000,300.000,300.000,-1,-1,-1,-1,875.000,850.000,-1,-1,2,0,2,0,2,0,0,0,0,2,2,2,2,0,0,2,2
37,-8807.806,7694.548,104.550,-97.429,-0.128989,0.991152,0.031281,-0.991596,-0.129236,0.005970,0.009959,-0.030248,0.999493,0,0.98006,-0.03850,58.804,-0.077,-1,425.000,-1,400.000,-1,325.000,325.000,300.000,300.000,-1,-1,-1,-1,875.000,825.000,-1,-1,2,0,2,0,2,0,0,0,0,2,2,2,2,0,0,2,2
38,-8815.545,7635.794,104.809,-97.504,-0.130355,0.990967,0.031483,-0.991436,-0.130536,0.003770,0.007846,-0.030722,0.999497,0,0.98769,-0.03766,59.262,-0.075,-1,400.000,-1,400.000,-1,325.000,325.000,300.000,300.000,-1,-1,-1,-1,875.000,825.000,-1,-1,2,0,2,0,2,0,0,0,0,2,2,2,2,0,0,2,2
39,-8823.420,7576.593,105.081,-97.578,-0.131690,0.990785,0.031675,-0.991274,-0.131805,0.001551,0.005711,-0.031194,0.999497,0,0.99538,-0.03674,59.723,-0.073,-1,400.000,-1,400.000,-1,325.000,325.000,300.000,300.000,-1,-1,-1,-1,850.000,825.000,-1,-1,2,0,2,0,2,0,0,0,0,2,2,2,2,0,0,2,2
40,-8831.406,7517.127,105.366,-97.649,-0.132993,0.990605,0.031856,-0.991111,-0.133039,-0.000682,0.003563,-0.031664,0.999492,0,1.00000,-0.03574,60.000,-0.071,-1,400.000,-1,400.000,-1,325.000,325.000,300.000,300.000,-1,-1,-1,-1,850.000,825.000,-1,-1,2,0,2,0,2,0,0,0,0,2,2,2,2,0,0,2,2
41,-8839.464,7457.670,105.663,-97.718,-0.134259,0.990429,0.032026,-0.990945,-0.134235,-0.002917,0.001410,-0.032128,0.999483,0,1.00000,-0.03465,60.000,-0.069,-1,400.000,-1,400.000,-1,325.000,325.000,300.000,300.000,-1,-1,-1,-1,850.000,825.000,-1,-1,2,0,2,0,2,0,0,0,0,2,2,2,2,0,0,2,2
42,-8847.591,7398.223,105.972,-97.785,-0.135487,0.990256,0.032184,-0.990779,-0.135391,-0.005155,-0.000747,-0.032586,0.999469,0,1.00000,-0.03348,60.000,-0.067,-1,400.000,-1,400.000,-1,325.000,325.000,300.000,300.000,-1,-1,-1,-1,825.000,800.000,-1,-1,2,0,2,0,2,0,0,0,0,2,2,2,2,0,0,2,2
43,-8855.786,7338.785,106.293,-97.850,-0.136672,0.990089,0.032332,-0.990612,-0.136502,-0.007396,-0.002909,-0.033039,0.999450,0,1.00000,-0.03222,60.000,-0.064,-1,400.000,-1,400.000,-1,325.000,325.000,300.000,300.000,-1,-1,-1,-1,825.000,800.000,-1,-1,2,0,2,0,2,0,0,0,0,2,2,2,2,1,0,2,2
44,-8864.044,7279.356,106.627,-97.912,-0.137811,0.989926,0.032469,-0.990446,-0.137567,-0.009640,-0.005077,-0.033487,0.999426,0,1.00000,-0.03086,60.000,-0.062,-1,400.000,-1,400.000,-1,325.000,325.000,300.000,300.000,-1,-1,-1,-1,775.000,800.000,1000.000,-1,2,0,2,0,2,0,0,0,0,2,2,2,2,1,0,1,2
45,-8871.535,7224.189,106.668,-97.733,-0.134789,0.990298,0.033792,-0.990852,-0.134479,-0.011303,-0.006649,-0.035007,0.999365,0,0.92789,0.08914,55.673,0.178,975.000,400.000,-1,400.000,-1,325.000,325.000,300.000,300.000,-1,-1,-1,-1,750.000,800.000,925.000,-1,1,0,2,0,2,0,0,0,0,2,2,2,2,1,1,1,2
46,-8878.677,7168.543,106.333,-97.315,-0.127604,0.991204,0.035097,-0.991794,-0.127239,-0.012454,-0.007878,-0.036398,0.999306,0,0.93504,0.20914,56.102,0.418,925.000,400.000,-1,400.000,-1,325.000,325.000,300.000,300.000,-1,-1,-1,-1,700.000,775.000,875.000,-1,1,0,2,0,2,0,0,0,0,2,2,2,2,1,1,1,2
47,-8885.370,7112.404,105.608,-96.799,-0.118708,0.992309,0.035087,-0.992888,-0.118309,-0.013263,-0.009010,-0.036412,0.999296,0,0.94228,0.25797,56.537,0.516,850.000,400.000,-1,400.000,-1,325.000,325.000,300.000,300.000,-1,-1,-1,-1,675.000,750.000,800.000,-1,1,0,2,0,2,0,0,0,0,2,2,2,2,1,1,1,2
48,-8891.604,7055.770,104.863,-96.282,-0.109780,0.993336,0.035100,-0.993904,-0.109344,-0.014097,-0.010165,-0.036433,0.999284,0,0.94961,0.25866,56.977,0.517,800.000,400.000,-1,400.000,-1,325.000,325.000,300.000,300.000,-1,-1,-1,-1,625.000,725.000,750.000,-1,1,0,2,0,2,0,0,0,0,2,2,2,2,1,1,1,2
49,-8897.370,6998.639,104.098,-95.763,-0.100821,0.994284,0.035137,-0.994840,-0.100349,-0.014955,-0.011343,-0.036464,0.999271,0,0.95701,0.25931,57.421,0.519,750.000,400.000,-1,400.000,-1,325.000,325.000,300.000,300.000,-1,-1,-1,-1,600.000,700.000,700.000,-1,1,0,2,0,2,0,0,0,0,2,2,2,2,1,1,1,2
50,-8902.658,6941.013,103.312,-95.243,-0.091834,0.995152,0.035201,-0.995695,-0.091324,-0.015835,-0.012543,-0.036503,0.999255,0,0.96448,0.25991,57.869,0.520,675.000,400.000,-1,400.000,-1,325.000,325.000,300.000,300.000,-1,-1,-1,-1,550.000,675.000,625.000,-1,1,0,2,0,2,0,0,0,0,2,2,2,2,1,1,1,2
51,-8907.459,6882.890,102.505,-94.722,-0.082821,0.995939,0.035290,-0.996469,-0.082272,-0.016736,-0.013764,-0.036552,0.999237,0,0.97201,0.26046,58.321,0.521,625.000,375.000,-1,400.000,-1,325.000,325.000,300.000,300.000,-1,-1,-1,-1,525.000,650.000,575.000,-1,1,1,2,1,2,0,0,0,0,2,2,2,2,1,1,1,2
52,-8911.764,6824.272,101.676,-94.200,-0.073785,0.996645,0.035407,-0.997161,-0.073196,-0.017657,-0.015006,-0.036609,0.999217,0,0.97961,0.26097,58.776,0.522,550.000,350.000,925.000,375.000,-1,325.000,325.000,300.000,300.000,-1,-1,-1,-1,475.000,625.000,525.000,-1,1,1,1,1,2,1,1,0,0,2,2,2,2,1,1,1,2
53,-8915.564,6765.157,100.824,-93.677,-0.064728,0.997269,0.035551,-0.997770,-0.064097,-0.018596,-0.016267,-0.036676,0.999195,0,0.98727,0.26144,59.236,0.523,500.000,325.000,850.000,350.000,-1,300.000,300.000,300.000,300.000,-1,-1,-1,-1,450.000,575.000,450.000,-1,1,1,1,1,2,1,1,0,0,2,2,2,2,1,1,1,2
54,-8918.848,6705.547,99.948,-93.154,-0.055651,0.997811,0.035725,-0.998296,-0.054978,-0.019553,-0.017546,-0.036752,0.999170,0,0.99501,0.26188,59.700,0.524,425.000,300.000,775.000,350.000,-1,275.000,275.000,300.000,300.000,-1,-1,-1,-1,400.000,550.000,400.000,-1,1,1,1,1,2,1,1,0,0,2,2,2,2,1,1,1,2
55,-8921.597,6650.716,99.135,-92.870,-0.050747,0.998066,0.035892,-0.998538,-0.050036,-0.020433,-0.018598,-0.036877,0.999147,0,0.91501,0.14188,54.900,0.284,375.000,275.000,700.000,325.000,-1,250.000,250.000,300.000,300.000,-1,-1,-1,-1,375.000,525.000,350.000,-1,1,1,1,1,2,1,1,0,0,2,2,2,2,1,1,1,2
56,-8924.238,6597.218,98.343,-92.826,-0.050019,0.998098,0.036046,-0.998558,-0.049273,-0.021288,-0.019472,-0.037059,0.999123,0,0.89272,0.02188,53.563,0.044,325.000,250.000,650.000,300.000,-1,225.000,250.000,300.000,300.000,-1,-1,-1,-1,325.000,500.000,300.000,-1,1,1,1,1,2,1,1,0,0,2,2,2,2,1,1,1,2
57,-8927.087,6543.318,99.268,-93.022,-0.053137,0.998161,0.029189,-0.998491,-0.052704,-0.015405,-0.013839,-0.029963,0.999455,0,0.89958,-0.09812,53.975,-0.196,275.000,225.000,625.000,300.000,-1,200.000,225.000,325.000,300.000,-1,-1,-1,-1,325.000,475.000,250.000,1000.000,1,1,1,1,2,1,1,0,0,2,2,2,2,1,1,1,1
58,-8930.355,6489.035,103.681,-93.440,-0.059927,0.997986,0.020803,-0.998195,-0.059995,0.002681,0.003924,-0.020605,0.999780,0,0.90637,-0.20889,54.382,-0.418,275.000,225.000,850.000,300.000,-1,225.000,250.000,375.000,300.000,-1,675.000,575.000,-1,325.000,550.000,275.000,-1,1,1,1,1,2,1,1,0,0,2,0,0,2,1,1,1,2
59,-8934.036,6434.376,108.060,-93.851,-0.066910,0.997681,0.012466,-0.997526,-0.067159,0.020786,0.021575,-0.011045,0.999706,0,0.91304,-0.20540,54.782,-0.411,300.000,250.000,-1,325.000,-1,225.000,250.000,400.000,300.000,-1,325.000,225.000,-1,325.000,650.000,275.000,-1,1,1,2,1,2,1,1,0,0,2,0,0,2,1,1,1,2
60,-8938.130,6379.348,112.382,-94.254,-0.074073,0.997244,0.004113,-0.996489,-0.074177,0.038834,0.039032,-0.001222,0.999237,0,0.91964,-0.20144,55.178,-0.403,300.000,250.000,-1,350.000,-1,225.000,250.000,450.000,300.000,-1,200.000,125.000,-1,350.000,700.000,275.000,-1,1,1,2,1,2,1,1,0,0,2,0,0,2,1,1,1,2
61,-8942.631,6323.961,116.640,-94.648,-0.081400,0.996672,-0.004280,-0.995093,-0.081027,0.056781,0.056246,0.008881,0.998377,0,0.92613,-0.19692,55.568,-0.394,300.000,250.000,-1,375.000,-1,225.000,275.000,475.000,325.000,-1,175.000,100.000,975.000,350.000,725.000,275.000,-1,1,1,2,1,2,1,1,1,0,2,0,0,0,1,1,1,2
62,-2951.689,9511.018,104.959,-70.037,0.340635,0.939604,-0.033346,-0.939810,0.341297,0.016532,0.026914,0.025707,0.999307,1,0.00000,0.00000,55.947,-0.383,-1,400.000,-1,425.000,-1,325.000,350.000,300.000,300.000,-1,-1,-1,-1,825.000,975.000,-1,-1,2,0,2,0,2,0,0,0,0,2,2,2,2,0,0,2,2
63,-2950.031,9506.513,105.102,-69.797,0.344578,0.938168,-0.033277,-0.938378,0.345230,0.016204,0.026690,0.025642,0.999315,0,0.08000,0.12000,4.800,0.240,-1,400.000,-1,425.000,-1,325.000,325.000,300.000,300.000,-1,-1,-1,-1,825.000,975.000,-1,-1,2,0,2,0,2,0,0,0,0,2,2,2,2,0,0,2,2
64,-2946.641,9497.532,105.391,-69.317,0.352445,0.935246,-0.033132,-0.935464,0.353079,0.015553,0.026244,0.025512,0.999330,0,0.16000,0.24000,9.600,0.480,-1,400.000,-1,425.000,-1,325.000,325.000,300.000,300.000,-1,-1,-1,-1,825.000,975.000,-1,-1,2,0,2,0,2,0,0,0,0,2,2,2,2,0,0,2,2
65,-2941.386,9484.125,105.830,-68.597,0.364199,0.930740,-0.032900,-0.930970,0.364805,0.014588,0.025579,0.025316,0.999352,0,0.24000,0.36000,14.400,0.720,-1,400.000,-1,425.000,-1,325.000,325.000,300.000,300.000,-1,-1,-1,-1,800.000,975.000,-1,-1,2,0,2,0,2,0,0,0,0,2,2,2,2,0,0,2,2
66,-2934.081,9466.369,106.427,-67.637,0.379781,0.924503,-0.032561,-0.924747,0.380350,0.013321,0.024700,0.025052,0.999381,0,0.32000,0.48000,19.200,0.960,-1,400.000,-1,425.000,-1,325.000,325.000,300.000,300.000,-1,-1,-1,-1,800.000,950.000,-1,-1,2,0,2,0,2,0,0,0,0,2,2,2,2,0,0,2,2
67,-2924.487,9444.371,107.190,-66.437,0.399107,0.916343,-0.032092,-0.916600,0.399632,0.011771,0.023612,0.024718,0.999416,0,0.40000,0.60000,24.000,1.200,-1,400.000,-1,425.000,-1,325.000,325.000,300.000,300.000,-1,-1,-1,-1,800.000,950.000,-1,-1,2,0,2,0,2,0,0,0,0,2,2,2,2,0,0,2,2
68,-2912.826,9419.366,108.093,-64.997,0.422063,0.906020,-0.031483,-0.906290,0.422538,0.010043,0.022402,0.024293,0.999454,0,0.45984,0.72000,27.591,1.440,-1,400.000,-1,425.000,-1,325.000,325.000,300.000,300.000,-1,-1,-1,-1,775.000,925.000,-1,-1,2,0,2,0,2,0,0,0,0,2,2,2,2,0,0,2,2
69,-2900.297,9394.289,109.039,-63.452,0.446394,0.894307,-0.030781,-0.894585,0.446820,0.008351,0.021222,0.023808,0.999491,0,0.46721,0.77258,28.033,1.545,-1,400.000,-1,425.000,-1,325.000,325.000,300.000,300.000,-1,-1,-1,-1,775.000,900.000,-1,-1,2,0,2,0,2,0,0,0,0,2,2,2,2,0,0,2,2
70,-2886.899,9369.166,110.028,-61.928,0.470068,0.882120,-0.029996,-0.882403,0.470447,0.006716,0.020036,0.023311,0.999527,0,0.47454,0.76183,28.472,1.524,-1,375.000,-1,425.000,-1,325.000,325.000,300.000,300.000,-1,-1,-1,-1,750.000,900.000,-1,-1,2,0,2,0,2,0,0,0,0,2,2,2,2,0,0,2,2
71,-2870.589,9340.166,111.088,-60.645,0.489742,0.871360,-0.029749,-0.871656,0.490090,0.005292,0.019191,0.023339,0.999543,0,0.55454,0.64183,33.272,1.284,-1,375.000,-1,425.000,-1,325.000,325.000,300.000,325.000,-1,-1,-1,-1,750.000,875.000,-1,-1,2,0,2,0,2,0,0,0,0,2,2,2,2,0,0,2,2
72,-2851.323,9307.328,111.942,-59.601,0.505513,0.862255,-0.031178,-0.862607,0.505860,0.003897,0.019132,0.024924,0.999506,0,0.63454,0.52183,38.072,1.044,-1,375.000,-1,425.000,-1,325.000,325.000,300.000,325.000,-1,-1,-1,-1,750.000,875.000,-1,-1,2,0,2,0,2,0,0,0,0,2,2,2,2,0,0,2,2
73,-2830.216,9272.481,112.890,-58.797,0.517541,0.855036,-0.032620,-0.855450,0.517881,0.002349,0.018902,0.026688,0.999465,0,0.67902,0.40183,40.741,0.804,-1,375.000,-1,425.000,-1,325.000,325.000,300.000,325.000,-1,-1,-1,-1,750.000,875.000,-1,-1,2,0,2,0,2,0,0,0,0,2,2,2,2,0,0,2,2
74,-2808.545,9237.485,113.751,-58.234,0.525919,0.849846,-0.034215,-0.850340,0.526233,0.000202,0.018177,0.028989,0.999414,0,0.68605,0.28183,41.163,0.564,-1,375.000,-1,425.000,-1,325.000,325.000,300.000,300.000,-1,-1,-1,-1,750.000,850.000,-1,-1,2,0,2,0,2,0,0,0,0,2,2,2,2,0,0,2,2
75,-2786.676,9202.612,114.567,-57.910,0.530712,0.846793,-0.035871,-0.847379,0.530984,-0.002254,0.017138,0.031593,0.999354,0,0.68605,0.16183,41.163,0.324,-1,375.000,-1,400.000,-1,325.000,325.000,300.000,300.000,-1,-1,-1,-1,750.000,850.000,-1,-1,2,0,2,0,2,0,0,0,0,2,2,2,2,0,0,2,2
76,-2764.623,9167.855,115.405,-57.606,0.535196,0.843895,-0.037501,-0.844574,0.535419,-0.004675,0.016133,0.034174,0.999286,0,0.68605,0.15184,41.163,0.304,-1,400.000,-1,400.000,-1,325.000,325.000,300.000,300.000,-1,-1,-1,-1,750.000,825.000,-1,-1,2,0,2,0,2,0,0,0,0,2,2,2,2,0,0,2,2
77,-2742.386,9133.216,116.264,-57.303,0.539668,0.840969,-0.039105,-0.841741,0.539835,-0.007058,0.015174,0.036726,0.999210,0,0.68605,0.15184,41.163,0.304,-1,400.000,-1,400.000,-1,325.000,325.000,300.000,300.000,-1,-1,-1,-1,750.000,825.000,-1,-1,2,0,2,0,2,0,0,0,0,2,2,2,2,0,0,2,2
78,-2719.966,9098.695,117.144,-56.999,0.544127,0.838016,-0.040685,-0.838882,0.544233,-0.009403,0.014262,0.039246,0.999128,0,0.68605,0.15184,41.163,0.304,-1,400.000,-1,400.000,-1,325.000,325.000,325.000,300.000,-1,-1,-1,-1,750.000,825.000,-1,-1,2,0,2,0,2,0,0,0,0,2,2,2,2,0,0,2,2
79,-2697.363,9064.293,117.701,-56.695,0.548543,0.835083,-0.041675,-0.835997,0.548643,-0.010038,0.014482,0.040346,0.999081,0,0.68605,0.15184,41.163,0.304,-1,400.000,-1,400.000,-1,325.000,325.000,325.000,300.000,-1,-1,-1,-1,750.000,825.000,-1,-1,2,0,2,0,2,0,0,0,0,2,2,2,2,0,0,2,2
80,-2674.579,9030.011,118.216,-56.392,0.552947,0.832136,-0.042425,-0.833087,0.553043,-0.010513,0.014715,0.041156,0.999044,0,0.68605,0.15184,41.163,0.304,-1,400.000,-1,400.000,-1,325.000,325.000,325.000,300.000,-1,-1,-1,-1,750.000,825.000,-1,-1,2,0,2,0,2,0,0,0,0,2,2,2,2,0,0,2,2
81,-2651.613,8995.851,118.758,-56.088,0.557334,0.829165,-0.043173,-0.830154,0.557427,-0.010979,0.014963,0.041959,0.999007,0,0.68605,0.15184,41.163,0.304,-1,400.000,-1,400.000,-1,325.000,325.000,325.000,300.000,-1,-1,-1,-1,775.000,825.000,-1,-1,2,0,2,0,2,0,0,0,0,2,2,2,2,0,0,2,2
82,-2628.467,8961.812,119.281,-55.784,0.561714,0.826178,-0.043679,-0.827194,0.561799,-0.011455,0.015075,0.042565,0.998980,0,0.68605,0.15184,41.163,0.304,-1,400.000,-1,400.000,-1,325.000,325.000,325.000,300.000,-1,-1,-1,-1,750.000,800.000,-1,-1,2,0,2,0,2,0,0,0,0,2,2,2,2,0,0,2,2
83,-2605.140,8927.897,119.736,-55.481,0.566096,0.823182,-0.043680,-0.824205,0.566165,-0.011955,0.014889,0.042769,0.998974,0,0.68605,0.15184,41.163,0.304,-1,400.000,-1,400.000,-1,325.000,325.000,325.000,300.000,-1,-1,-1,-1,750.000,800.000,-1,-1,2,0,2,0,2,0,0,0,0,2,2,2,2,0,0,2,2
84,-2581.635,8894.106,120.220,-55.177,0.570461,0.820162,-0.043694,-0.821193,0.570515,-0.012437,0.014727,0.042976,0.998968,0,0.68605,0.15184,41.163,0.304,-1,400.000,-1,400.000,-1,325.000,325.000,325.000,325.000,-1,-1,-1,-1,750.000,800.000,-1,-1,2,0,2,0,2,0,0,0,0,2,2,2,2,0,0,2,2
85,-2557.950,8860.440,120.763,-54.873,0.574813,0.817123,-0.043590,-0.818156,0.574851,-0.012910,0.014509,0.043085,0.998966,0,0.68605,0.15184,41.163,0.304,-1,400.000,-1,400.000,-1,325.000,325.000,325.000,325.000,-1,-1,-1,-1,750.000,800.000,-1,-1,2,0,2,0,2,0,0,0,0,2,2,2,2,0,0,2,2
86,-2534.088,8826.899,121.381,-54.570,0.579156,0.814066,-0.043288,-0.815093,0.579176,-0.013377,0.014182,0.043031,0.998973,0,0.68605,0.15184,41.163,0.304,-1,400.000,-1,400.000,-1,325.000,325.000,325.000,325.000,-1,-1,-1,-1,750.000,800.000,-1,-1,2,0,2,0,2,0,0,0,0,2,2,2,2,0,0,2,2
87,-2510.048,8793.486,122.035,-54.266,0.583483,0.810988,-0.042977,-0.812007,0.583484,-0.013823,0.013866,0.042964,0.998980,0,0.68605,0.15184,41.163,0.304,-1,400.000,-1,400.000,-1,325.000,325.000,300.000,325.000,-1,-1,-1,-1,750.000,800.000,-1,-1,2,0,2,0,2,0,0,0,0,2,2,2,2,0,0,2,2
88,-2485.831,8760.201,122.724,-53.962,0.587792,0.807886,-0.042657,-0.808898,0.587776,-0.014251,0.013560,0.042882,0.998988,0,0.68605,0.15184,41.163,0.304,-1,400.000,-1,400.000,-1,325.000,325.000,300.000,325.000,-1,-1,-1,-1,750.000,800.000,-1,-1,2,0,2,0,2,0,0,0,0,2,2,2,2,0,0,2,2
89,-2461.439,8727.044,123.363,-53.659,0.592071,0.804752,-0.042728,-0.805772,0.592044,-0.014642,0.013513,0.043098,0.998979,0,0.68605,0.15184,41.163,0.304,-1,375.000,-1,400.000,-1,325.000,325.000,300.000,325.000,-1,-1,-1,-1,750.000,800.000,-1,-1,2,0,2,0,2,0,0,0,0,2,2,2,2,0,0,2,2
90,-2433.851,8690.282,124.008,-53.115,0.599662,0.799077,-0.043370,-0.800131,0.599638,-0.015019,0.014005,0.043708,0.998946,0,0.76605,0.27184,45.963,0.544,-1,375.000,-1,400.000,-1,325.000,325.000,300.000,325.000,-1,-1,-1,-1,775.000,800.000,-1,-1,2,0,2,0,2,0,0,0,0,2,2,2,2,0,0,2,2
91,-2402.996,8649.973,124.783,-52.568,0.607247,0.793291,-0.044043,-0.794380,0.607225,-0.015421,0.014510,0.044351,0.998911,0,0.84605,0.27361,50.763,0.547,-1,375.000,-1,400.000,-1,325.000,325.000,300.000,325.000,-1,-1,-1,-1,775.000,800.000,-1,-1,2,0,2,0,2,0,0,0,0,2,2,2,2,0,0,2,2
92,-2371.566,8609.715,125.627,-52.021,0.614777,0.787434,-0.044687,-0.788558,0.614757,-0.015807,0.015025,0.044956,0.998876,0,0.85123,0.27361,51.074,0.547,-1,375.000,-1,400.000,-1,325.000,325.000,300.000,325.000,-1,-1,-1,-1,800.000,800.000,-1,-1,2,0,2,0,2,0,0,0,0,2,2,2,2,0,0,2,2
93,-2339.753,8569.760,126.422,-51.473,0.622260,0.781492,-0.045420,-0.782663,0.622221,-0.016709,0.015204,0.045946,0.998828,0,0.85123,0.27361,51.074,0.547,-1,400.000,-1,400.000,-1,325.000,325.000,300.000,325.000,-1,-1,-1,-1,800.000,800.000,-1,-1,2,0,2,0,2,0,0,0,0,2,2,2,2,0,0,2,2
94,-2307.559,8530.110,127.258,-50.926,0.629689,0.775476,-0.046136,-0.776696,0.629626,-0.017707,0.015317,0.046984,0.998778,0,0.85123,0.27361,51.074,0.547,-1,400.000,-1,400.000,-1,325.000,325.000,300.000,325.000,-1,-1,-1,-1,825.000,800.000,-1,-1,2,0,2,0,2,0,0,0,0,2,2,2,2,0,0,2,2
95,-2274.989,8490.770,128.039,-50.379,0.637063,0.769387,-0.046836,-0.770659,0.636970,-0.018819,0.015354,0.048083,0.998725,0,0.85123,0.27361,51.074,0.547,-1,400.000,-1,400.000,-1,325.000,325.000,325.000,325.000,-1,-1,-1,-1,825.000,800.000,-1,-1,2,0,2,0,2,0,0,0,0,2,2,2,2,0,0,2,2
96,-2242.044,8451.742,128.872,-49.832,0.644379,0.763230,-0.047483,-0.764551,0.644257,-0.019886,0.015413,0.049117,0.998674,0,0.85123,0.27361,51.074,0.547,-1,400.000,-1,400.000,-1,325.000,325.000,325.000,325.000,-1,-1,-1,-1,850.000,775.000,-1,-1,2,0,2,0,2,0,0,0,0,2,2,2,2,0,0,2,2
97,-2208.728,8413.031,129.654,-49.284,0.651626,0.757021,-0.047983,-0.758376,0.651499,-0.020395,0.015821,0.049680,0.998640,0,0.85123,0.27361,51.074,0.547,-1,400.000,-1,400.000,-1,325.000,325.000,325.000,325.000,-1,-1,-1,-1,850.000,775.000,-1,-1,2,0,2,0,2,0,0,0,0,2,2,2,2,0,0,2,2
98,-2175.044,8374.639,130.429,-48.737,0.658806,0.750755,-0.048390,-0.752133,0.658691,-0.020552,0.016445,0.049936,0.998617,0,0.85123,0.27361,51.074,0.547,-1,400.000,-1,400.000,-1,325.000,325.000,325.000,325.000,-1,-1,-1,-1,875.000,775.000,-1,-1,2,0,2,0,2,0,0,0,0,2,2,2,2,0,0,2,2
99,-2140.995,8336.571,131.265,-48.190,0.665927,0.744421,-0.048774,-0.745822,0.665823,-0.020715,0.017055,0.050171,0.998595,0,0.85123,0.27361,51.074,0.547,-1,400.000,-1,400.000,-1,325.000,325.000,325.000,300.000,-1,-1,-1,-1,875.000,800.000,-1,-1,2,0,2,0,2,0,0,0,0,2,2,2,2,0,0,2,2
100,-2106.584,8298.830,132.164,-47.643,0.672987,0.738020,-0.049134,-0.739443,0.672895,-0.020884,0.017649,0.050386,0.998574,0,0.85123,0.27361,51.074,0.547,-1,400.000,-1,400.000,-1,325.000,325.000,325.000,300.000,-1,-1,-1,-1,900.000,800.000,-1,-1,2,0,2,0,2,0,0,0,0,2,2,2,2,0,0,2,2
101,-2071.814,8261.419,133.126,-47.096,0.679988,0.731553,-0.049470,-0.732997,0.679906,-0.021059,0.018229,0.050581,0.998554,0,0.85123,0.27361,51.074,0.547,-1,425.000,-1,400.000,-1,325.000,325.000,325.000,300.000,-1,-1,-1,-1,900.000,800.000,-1,-1,2,0,2,0,2,0,0,0,0,2,2,2,2,0,0,2,2
102,-2036.689,8224.342,133.830,-46.548,0.686996,0.725067,-0.048106,-0.726445,0.686901,-0.021099,0.017746,0.049441,0.998619,0,0.85123,0.27361,51.074,0.547,-1,425.000,-1,400.000,-1,325.000,325.000,325.000,325.000,-1,-1,-1,-1,900.000,800.000,-1,-1,2,0,2,0,2,0,0,0,0,2,2,2,2,0,0,2,2
103,-2001.212,8187.601,134.433,-46.001,0.693974,0.718538,-0.045866,-0.719806,0.693856,-0.021032,0.016712,0.047611,0.998726,0,0.85123,0.27361,51.074,0.547,-1,425.000,-1,400.000,-1,325.000,325.000,325.000,325.000,-1,-1,-1,-1,900.000,800.000,-1,-1,2,0,2,0,2,0,0,0,0,2,2,2,2,0,0,2,2
104,-1965.386,8151.200,135.093,-45.454,0.700886,0.711941,-0.043576,-0.713102,0.700748,-0.020918,0.015643,0.045735,0.998831,0,0.85123,0.27361,51.074,0.547,-1,425.000,-1,400.000,-1,325.000,325.000,325.000,325.000,-1,-1,-1,-1,900.000,800.000,-1,-1,2,0,2,0,2,0,0,0,0,2,2,2,2,0,0,2,2
105,-1929.214,8115.144,135.708,-44.907,0.707716,0.705265,-0.041711,-0.706342,0.707565,-0.020811,0.014836,0.044191,0.998913,0,0.85123,0.27361,51.074,0.547,-1,425.000,-1,400.000,-1,325.000,325.000,325.000,325.000,-1,-1,-1,-1,900.000,825.000,-1,-1,2,0,2,0,2,0,0,0,0,2,2,2,2,0,0,2,2
106,-1892.698,8079.435,136.339,-44.360,0.714474,0.698519,-0.039982,-0.699520,0.714314,-0.020686,0.014110,0.042748,0.998986,0,0.85123,0.27361,51.074,0.547,-1,425.000,-1,400.000,-1,325.000,325.000,325.000,325.000,-1,-1,-1,-1,900.000,825.000,-1,-1,2,0,2,0,2,0,0,0,0,2,2,2,2,0,0,2,2
107,-1855.844,8044.076,136.950,-43.812,0.721155,0.691700,-0.038561,-0.692641,0.720989,-0.020571,0.013573,0.041544,0.999044,0,0.85123,0.27361,51.074,0.547,-1,425.000,-1,400.000,-1,325.000,325.000,325.000,325.000,-1,-1,-1,-1,900.000,825.000,-1,-1,2,0,2,0,2,0,0,0,0,2,2,2,2,0,0,2,2
108,-1818.653,8009.071,137.612,-43.265,0.727769,0.684817,-0.037114,-0.685699,0.727599,-0.020428,0.013015,0.040316,0.999102,0,0.85123,0.27361,51.074,0.547,-1,425.000,-1,400.000,-1,325.000,325.000,325.000,325.000,-1,-1,-1,-1,900.000,825.000,-1,-1,2,0,2,0,2,0,0,0,0,2,2,2,2,0,0,2,2
109,-1781.129,7974.423,138.325,-42.718,0.734317,0.677871,-0.035642,-0.678693,0.734142,-0.020256,0.012435,0.039064,0.999159,0,0.85123,0.27361,51.074,0.547,-1,425.000,-1,400.000,-1,325.000,325.000,325.000,325.000,-1,-1,-1,-1,900.000,825.000,-1,-1,2,0,2,0,2,0,0,0,0,2,2,2,2,0,0,2,2
110,-1743.277,7940.134,139.082,-42.171,0.740797,0.670861,-0.034147,-0.671625,0.740619,-0.020091,0.011811,0.037817,0.999215,0,0.85123,0.27361,51.074,0.547,-1,425.000,-1,400.000,-1,325.000,325.000,325.000,325.000,-1,-1,-1,-1,900.000,825.000,-1,-1,2,0,2,0,2,0,0,0,0,2,2,2,2,0,0,2,2
111,-1705.098,7906.209,139.644,-41.623,0.747226,0.663766,-0.032686,-0.664488,0.747002,-0.021065,0.010434,0.037460,0.999244,0,0.85123,0.27361,51.074,0.547,-1,425.000,-1,400.000,-1,325.000,325.000,325.000,325.000,-1,-1,-1,-1,900.000,825.000,-1,-1,2,0,2,0,2,0,0,0,0,2,2,2,2,0,0,2,2
112,-1666.597,7872.651,139.965,-41.076,0.753606,0.656583,-0.031237,-0.657275,0.753287,-0.023404,0.008164,0.038168,0.999238,0,0.85123,0.27361,51.074,0.547,-1,400.000,-1,400.000,-1,325.000,325.000,325.000,325.000,-1,-1,-1,-1,900.000,800.000,-1,-1,2,0,2,0,2,0,0,0,0,2,2,2,2,0,0,2,2
113,-1627.777,7839.462,140.337,-40.529,0.759916,0.649342,-0.029713,-0.649995,0.759504,-0.025707,0.005875,0.038849,0.999228,0,0.85123,0.27361,51.074,0.547,-1,400.000,-1,400.000,-1,325.000,325.000,325.000,325.000,-1,-1,-1,-1,875.000,800.000,-1,-1,2,0,2,0,2,0,0,0,0,2,2,2,2,0,0,2,2
114,-1588.641,7806.645,140.760,-39.982,0.766153,0.642042,-0.028116,-0.642648,0.765651,-0.027974,0.003567,0.039501,0.999213,0,0.85123,0.27361,51.074,0.547,-1,400.000,-1,400.000,-1,325.000,325.000,325.000,300.000,-1,-1,-1,-1,875.000,775.000,-1,-1,2,0,2,0,2,0,0,0,0,2,2,2,2,0,0,2,2
115,-1549.195,7774.203,141.034,-39.435,0.772302,0.634705,-0.026432,-0.635253,0.771754,-0.029160,0.001891,0.039312,0.999225,0,0.85123,0.27361,51.074,0.547,-1,400.000,-1,400.000,-1,325.000,325.000,325.000,300.000,-1,-1,-1,-1,850.000,775.000,-1,-1,2,0,2,0,2,0,0,0,0,2,2,2,2,0,0,2,2
116,-1512.123,7744.558,141.075,-38.647,0.780973,0.624073,-0.024781,-0.624563,0.780439,-0.028898,0.001306,0.038046,0.999275,0,0.79112,0.39361,47.467,0.787,-1,400.000,-1,400.000,-1,325.000,325.000,325.000,300.000,-1,-1,-1,-1,850.000,775.000,-1,-1,2,0,2,0,2,0,0,0,0,2,2,2,2,0,0,2,2
117,-1474.526,7715.583,141.172,-37.620,0.792057,0.610012,-0.023071,-0.610447,0.791541,-0.028587,0.000823,0.036726,0.999325,0,0.79112,0.51361,47.467,1.027,-1,400.000,-1,400.000,-1,325.000,325.000,325.000,300.000,-1,-1,-1,-1,850.000,775.000,-1,-1,2,0,2,0,2,0,0,0,0,2,2,2,2,0,0,2,2
118,-1436.318,7687.418,141.329,-36.395,0.804941,0.592973,-0.021298,-0.593355,0.804447,-0.028189,0.000418,0.035328,0.999376,0,0.79112,0.61276,47.467,1.226,-1,400.000,-1,400.000,-1,325.000,325.000,325.000,300.000,-1,-1,-1,-1,850.000,775.000,-1,-1,2,0,2,0,2,0,0,0,0,2,2,2,2,0,0,2,2
119,-1397.517,7660.077,141.513,-35.169,0.817458,0.575664,-0.019314,-0.575988,0.816992,-0.027611,-0.000115,0.033696,0.999432,0,0.79112,0.61276,47.467,1.226,-1,400.000,-1,400.000,-1,325.000,325.000,325.000,300.000,-1,-1,-1,-1,850.000,775.000,-1,-1,2,0,2,0,2,0,0,0,0,2,2,2,2,0,0,2,2
120,-1358.139,7633.572,141.617,-33.944,0.829607,0.558101,-0.016598,-0.558346,0.829179,-0.026674,-0.001124,0.031397,0.999506,0,0.79112,0.61276,47.467,1.226,-1,400.000,-1,400.000,-1,325.000,325.000,325.000,300.000,-1,-1,-1,-1,825.000,775.000,-1,-1,2,0,2,0,2,0,0,0,0,2,2,2,2,0,0,2,2
121,-1318.204,7607.915,141.778,-32.718,0.841372,0.540278,-0.013859,-0.540451,0.840987,-0.025564,-0.002156,0.029000,0.999577,0,0.79112,0.61276,47.467,1.226,-1,400.000,-1,400.000,-1,325.000,325.000,300.000,300.000,-1,-1,-1,-1,825.000,775.000,-1,-1,2,0,2,0,2,0,0,0,0,2,2,2,2,0,0,2,2
122,-1277.729,7583.118,141.990,-31.493,0.852748,0.522203,-0.011128,-0.522312,0.852408,-0.024290,-0.003199,0.026525,0.999643,0,0.79112,0.61276,47.467,1.226,-1,400.000,-1,400.000,-1,325.000,325.000,300.000,325.000,-1,-1,-1,-1,800.000,750.000,-1,-1,2,0,2,0,2,0,0,0,0,2,2,2,2,0,0,2,2
123,-1236.733,7559.192,142.137,-30.267,0.863727,0.503880,-0.008920,-0.503944,0.863429,-0.023049,-0.003912,0.024403,0.999695,0,0.79112,0.61276,47.467,1.226,-1,400.000,-1,400.000,-1,325.000,325.000,300.000,325.000,-1,-1,-1,-1,800.000,750.000,-1,-1,2,0,2,0,2,0,0,0,0,2,2,2,2,0,0,2,2
124,-1199.344,7538.636,141.933,-28.801,0.876327,0.481639,-0.008633,-0.481706,0.876045,-0.022462,-0.003256,0.023843,0.999710,0,0.71112,0.73276,42.667,1.466,-1,400.000,-1,400.000,-1,325.000,325.000,300.000,325.000,-1,-1,-1,-1,800.000,750.000,-1,-1,2,0,2,0,2,0,0,0,0,2,2,2,2,0,0,2,2
125,-1165.682,7521.293,141.796,-27.259,0.888970,0.457889,-0.008375,-0.457958,0.888705,-0.021868,-0.002571,0.023276,0.999726,0,0.63112,0.77127,37.867,1.543,-1,400.000,-1,400.000,-1,325.000,325.000,300.000,325.000,-1,-1,-1,-1,800.000,750.000,-1,-1,2,0,2,0,2,0,0,0,0,2,2,2,2,0,0,2,2
126,-1135.891,7506.944,141.556,-25.716,0.900974,0.433799,-0.007985,-0.433866,0.900708,-0.022016,-0.002358,0.023301,0.999726,0,0.55112,0.77127,33.067,1.543,-1,400.000,-1,400.000,-1,325.000,325.000,300.000,325.000,-1,-1,-1,-1,800.000,750.000,-1,-1,2,0,2,0,2,0,0,0,0,2,2,2,2,0,0,2,2
127,-1110.102,7495.369,141.354,-24.174,0.912325,0.409395,-0.007598,-0.409460,0.912058,-0.022202,-0.002159,0.023367,0.999725,0,0.47112,0.77127,28.267,1.543,-1,400.000,-1,400.000,-1,325.000,325.000,300.000,325.000,-1,-1,-1,-1,800.000,750.000,-1,-1,2,0,2,0,2,0,0,0,0,2,2,2,2,0,0,2,2
128,-1088.442,7486.339,141.201,-22.631,0.923015,0.384695,-0.007252,-0.384759,0.922747,-0.022332,-0.001900,0.023403,0.999724,0,0.39112,0.77127,23.467,1.543,-1,400.000,-1,400.000,-1,325.000,325.000,300.000,300.000,-1,-1,-1,-1,800.000,750.000,-1,-1,2,0,2,0,2,0,0,0,0,2,2,2,2,0,0,2,2
129,-1071.026,7479.622,141.088,-21.089,0.933036,0.359716,-0.006960,-0.359780,0.932768,-0.022420,-0.001573,0.023423,0.999724,0,0.31112,0.77127,18.667,1.543,-1,400.000,-1,400.000,-1,325.000,325.000,300.000,300.000,-1,-1,-1,-1,800.000,750.000,-1,-1,2,0,2,0,2,0,0,0,0,2,2,2,2,0,0,2,2
130,-1057.958,7474.983,141.005,-19.546,0.942380,0.334476,-0.006737,-0.334542,0.942113,-0.022482,-0.001173,0.023440,0.999725,0,0.23112,0.77127,13.867,1.543,-1,400.000,-1,400.000,-1,325.000,325.000,300.000,300.000,-1,-1,-1,-1,800.000,750.000,-1,-1,2,0,2,0,2,0,0,0,0,2,2,2,2,0,0,2,2
131,-1049.335,7472.180,140.945,-18.004,0.951041,0.308994,-0.006595,-0.309064,0.950774,-0.022530,-0.000691,0.023466,0.999724,0,0.15112,0.77127,9.067,1.543,-1,400.000,-1,400.000,-1,325.000,325.000,300.000,300.000,-1,-1,-1,-1,825.000,750.000,-1,-1,2,0,2,0,2,0,0,0,0,2,2,2,2,0,0,2,2
132,-1045.243,7470.971,140.901,-16.461,0.959013,0.283288,-0.006546,-0.283363,0.958747,-0.022579,-0.000121,0.023508,0.999724,0,0.07112,0.77127,4.267,1.543,-1,400.000,-1,400.000,-1,325.000,325.000,300.000,300.000,-1,-1,-1,-1,825.000,750.000,-1,-1,2,0,2,0,2,0,0,0,0,2,2,2,2,0,0,2,2
133,-1045.758,7471.106,140.859,-14.679,0.967358,0.253327,-0.006604,-0.253413,0.967093,-0.022651,0.000649,0.023585,0.999722,0,-0.00888,0.89127,-0.533,1.783,-1,400.000,-1,400.000,-1,325.000,325.000,300.000,300.000,-1,-1,-1,-1,825.000,750.000,-1,-1,2,0,2,0,2,0,0,0,0,2,2,2,2,0,0,2,2
134,-1050.961,7472.277,140.815,-12.679,0.975607,0.219421,-0.006779,-0.219520,0.975342,-0.022763,0.001617,0.023696,0.999718,0,-0.08888,1.00000,-5.333,2.000,-1,400.000,-1,400.000,-1,325.000,325.000,300.000,300.000,-1,-1,-1,-1,825.000,750.000,-1,-1,2,0,2,0,2,0,0,0,0,2,2,2,2,0,0,2,2
135,-1060.919,7474.155,140.765,-10.679,0.982666,0.185248,-0.007074,-0.185363,0.982403,-0.022925,0.002703,0.023839,0.999712,0,-0.16888,1.00000,-10.133,2.000,-1,400.000,-1,400.000,-1,325.000,325.000,300.000,300.000,-1,-1,-1,-1,825.000,775.000,-1,-1,2,0,2,0,2,0,0,0,0,2,2,2,2,0,0,2,2
136,-1075.681,7476.408,140.704,-8.679,0.988528,0.150849,-0.007498,-0.150985,0.988265,-0.023152,0.003917,0.024018,0.999704,0,-0.24888,1.00000,-14.933,2.000,-1,400.000,-1,400.000,-1,325.000,325.000,300.000,300.000,-1,-1,-1,-1,825.000,775.000,-1,-1,2,0,2,0,2,0,0,0,0,2,2,2,2,0,0,2,2
137,-1090.703,7478.167,140.634,-6.679,0.993186,0.116267,-0.007932,-0.116423,0.992924,-0.023420,0.005153,0.024184,0.999694,0,-0.25207,1.00000,-15.124,2.000,-1,400.000,-1,400.000,-1,325.000,325.000,300.000,300.000,-1,-1,-1,-1,850.000,775.000,-1,-1,2,0,2,0,2,0,0,0,0,2,2,2,2,0,0,2,2
138,-1105.777,7479.401,140.556,-4.679,0.996635,0.081543,-0.008370,-0.081721,0.996373,-0.023729,0.006405,0.024333,0.999683,0,-0.25207,1.00000,-15.124,2.000,-1,400.000,-1,400.000,-1,325.000,325.000,300.000,300.000,-1,-1,-1,-1,850.000,775.000,-1,-1,2,0,2,0,2,0,0,0,0,2,2,2,2,0,0,2,2
