timestep,x_cm,y_cm,z_cm,yaw_deg,basis_xx,basis_xy,basis_xz,basis_yx,basis_yy,basis_yz,basis_zx,basis_zy,basis_zz,teleport_flag,throttle_cmd,steering_cmd,cmd_move_cm,cmd_turn_deg,lidar_cm_0,lidar_cm_1,lidar_cm_2,lidar_cm_3,lidar_cm_4,lidar_cm_5,lidar_cm_6,lidar_cm_7,lidar_cm_8,lidar_cm_9,lidar_cm_10,lidar_cm_11,lidar_cm_12,lidar_cm_13,lidar_cm_14,lidar_cm_15,lidar_cm_16,lidar_class_0,lidar_class_1,lidar_class_2,lidar_class_3,lidar_class_4,lidar_class_5,lidar_class_6,lidar_class_7,lidar_class_8,lidar_class_9,lidar_class_10,lidar_class_11,lidar_class_12,lidar_class_13,lidar_class_14,lidar_class_15,lidar_class_16
0,8850.279,-327.665,-71.687,175.631,-0.992205,-0.075569,0.099084,0.061997,-0.989102,-0.133541,0.108096,-0.126357,0.986078,1,0.08000,0.12000,4.800,0.240,-1,625.000,-1,275.000,125.000,550.000,325.000,250.000,850.000,325.000,0.000,150.000,-1,-1,325.000,-1,125.000,2,0,2,1,1,0,1,0,0,0,0,0,2,2,1,2,1
1,8840.700,-327.018,-70.567,176.111,-0.992400,-0.067245,0.103052,0.052822,-0.989189,-0.136802,0.111137,-0.130319,0.985224,0,0.16000,0.24000,9.600,0.480,-1,625.000,-1,275.000,125.000,550.000,325.000,250.000,850.000,325.000,0.000,150.000,-1,-1,325.000,-1,125.000,2,0,2,1,1,0,1,0,1,0,0,0,2,2,1,2,1
2,8826.322,-326.229,-68.952,176.831,-0.992540,-0.054767,0.108930,0.039071,-0.989190,-0.141335,0.115493,-0.136025,0.983951,0,0.24000,0.36000,14.400,0.720,-1,625.000,-1,275.000,125.000,575.000,350.000,250.000,725.000,300.000,0.000,150.000,-1,-1,350.000,-1,125.000,2,0,2,1,1,0,1,0,1,0,0,0,2,2,1,2,1
3,8807.136,-325.463,-66.890,177.687,-0.992395,-0.039939,0.116434,0.022545,-0.988873,-0.147041,0.121011,-0.143297,0.982254,0,0.32000,0.42809,19.200,0.856,-1,650.000,-1,275.000,125.000,575.000,375.000,225.000,575.000,275.000,0.000,150.000,-1,-1,375.000,-1,125.000,2,0,2,1,1,0,1,0,1,0,0,0,2,2,1,2,1
4,8783.143,-324.861,-64.397,178.536,-0.991807,-0.025248,0.125229,0.005703,-0.988048,-0.154044,0.127622,-0.152067,0.980096,0,0.40000,0.42450,24.000,0.849,-1,675.000,-1,300.000,100.000,600.000,425.000,225.000,450.000,250.000,0.000,150.000,-1,-1,450.000,-1,125.000,2,0,2,1,1,0,1,0,1,0,0,0,2,2,1,2,1
5,8754.343,-324.562,-61.524,179.377,-0.990758,-0.010735,0.135213,-0.011432,-0.986707,-0.162106,0.135156,-0.162154,0.977466,0,0.48000,0.42024,28.800,0.840,-1,700.000,-1,325.000,100.000,625.000,475.000,225.000,375.000,225.000,0.000,150.000,-1,-1,525.000,-1,125.000,2,0,2,1,1,0,1,0,1,0,0,0,2,2,1,2,1
6,-2951.694,3607.627,349.779,-14.110,0.969598,0.243786,-0.021157,-0.243598,0.969813,0.011071,0.023218,-0.005581,0.999715,1,0.00000,0.00000,33.600,0.830,500.000,400.000,-1,400.000,-1,325.000,325.000,300.000,300.000,-1,-1,-1,-1,650.000,775.000,575.000,-1,1,1,2,0,2,0,0,0,0,2,2,2,2,1,0,1,2
7,-2947.044,3606.437,349.890,-14.350,0.968570,0.247846,-0.021103,-0.247659,0.968784,0.011086,0.023192,-0.005512,0.999716,0,0.08000,-0.12000,4.800,-0.240,500.000,400.000,-1,400.000,-1,325.000,325.000,300.000,300.000,-1,-1,-1,-1,650.000,775.000,550.000,-1,1,1,2,0,2,0,0,0,0,2,2,2,2,1,0,1,2
8,-2937.764,3603.980,350.112,-14.830,0.966461,0.255953,-0.020994,-0.255768,0.966674,0.011116,0.023140,-0.005373,0.999718,0,0.16000,-0.24000,9.600,-0.480,500.000,400.000,-1,400.000,-1,325.000,325.000,300.000,300.000,-1,-1,-1,-1,675.000,775.000,550.000,-1,1,1,2,0,2,0,0,0,0,2,2,2,2,1,0,1,2
9,-2923.891,3600.120,350.446,-15.550,0.963171,0.268081,-0.020830,-0.267898,0.963383,0.011158,0.023059,-0.005166,0.999721,0,0.24000,-0.36000,14.400,-0.720,475.000,400.000,-1,400.000,-1,325.000,325.000,300.000,300.000,-1,-1,-1,-1,700.000,775.000,550.000,-1,1,1,2,0,2,0,0,0,0,2,2,2,2,1,0,1,2
10,-2905.483,3594.663,350.894,-16.510,0.958548,0.284184,-0.020611,-0.284005,0.958757,0.011209,0.022946,-0.004891,0.999725,0,0.32000,-0.48000,19.200,-0.960,475.000,400.000,-1,400.000,-1,325.000,325.000,300.000,300.000,-1,-1,-1,-1,750.000,775.000,575.000,-1,1,0,2,0,2,0,0,0,0,2,2,2,2,1,0,1,2
11,-2882.620,3587.362,351.456,-17.710,0.952391,0.304201,-0.020335,-0.304027,0.952597,0.011264,0.022797,-0.004546,0.999730,0,0.40000,-0.60000,24.000,-1.200,450.000,400.000,-1,400.000,-1,325.000,325.000,300.000,300.000,-1,-1,-1,-1,775.000,775.000,600.000,-1,1,0,2,0,2,0,0,0,0,2,2,2,2,0,0,1,2
12,-2855.378,3578.019,352.134,-18.931,0.945701,0.324424,-0.019995,-0.324254,0.945902,0.011317,0.022584,-0.004220,0.999736,0,0.48000,-0.61026,28.800,-1.221,450.000,400.000,-1,400.000,-1,325.000,325.000,300.000,300.000,-1,-1,-1,-1,775.000,750.000,675.000,-1,1,0,2,0,2,0,0,0,0,2,2,2,2,0,0,1,2
13,-2823.833,3566.447,352.930,-20.145,0.938622,0.344392,-0.019589,-0.344227,0.938818,0.011360,0.022302,-0.003920,0.999744,0,0.56000,-0.60699,33.600,-1.214,425.000,400.000,-1,400.000,-1,325.000,325.000,300.000,300.000,-1,-1,-1,-1,775.000,750.000,875.000,-1,1,0,2,0,2,0,0,0,0,2,2,2,2,0,0,1,2
14,-2788.069,3552.466,353.844,-21.351,0.931170,0.364084,-0.019115,-0.363924,0.931359,0.011384,0.021948,-0.003644,0.999752,0,0.64000,-0.60328,38.400,-1.207,425.000,400.000,-1,400.000,-1,325.000,325.000,300.000,300.000,-1,-1,-1,-1,775.000,750.000,875.000,-1,1,0,2,0,2,0,0,0,0,2,2,2,2,0,0,1,2
15,-2748.172,3535.900,354.862,-22.550,0.923362,0.383480,-0.018596,-0.383324,0.923543,0.011461,0.021569,-0.003454,0.999761,0,0.72000,-0.59909,43.200,-1.198,425.000,400.000,-1,400.000,-1,325.000,325.000,300.000,300.000,-1,-1,-1,-1,775.000,750.000,850.000,-1,1,0,2,0,2,0,0,0,0,2,2,2,2,0,0,1,2
16,-2704.233,3516.577,355.941,-23.738,0.915216,0.402559,-0.018085,-0.402401,0.915387,0.011803,0.021306,-0.003525,0.999767,0,0.80000,-0.59441,48.000,-1.189,475.000,400.000,-1,400.000,-1,325.000,325.000,300.000,300.000,-1,-1,-1,-1,750.000,750.000,800.000,-1,1,0,2,0,2,0,0,0,0,2,2,2,2,1,0,1,2
17,-2656.259,3494.524,357.149,-24.687,0.908433,0.417661,-0.017574,-0.417502,0.908595,0.012112,0.021027,-0.003666,0.999772,0,0.88000,-0.47441,52.800,-0.949,550.000,400.000,-1,400.000,-1,325.000,325.000,300.000,300.000,-1,-1,-1,-1,725.000,750.000,750.000,-1,1,0,2,0,2,0,0,0,0,2,2,2,2,1,0,1,2
18,-2607.508,3471.380,358.405,-25.396,0.903204,0.428869,-0.017113,-0.428708,0.903358,0.012373,0.020766,-0.003839,0.999777,0,0.89943,-0.35441,53.966,-0.709,650.000,400.000,-1,400.000,-1,325.000,325.000,300.000,300.000,-1,-1,-1,-1,675.000,750.000,700.000,-1,1,0,2,0,2,0,0,0,0,2,2,2,2,1,0,1,2
19,-2559.072,3447.897,359.661,-25.865,0.899673,0.436246,-0.016645,-0.436083,0.899818,0.012619,0.020482,-0.004095,0.999782,0,0.89715,-0.23441,53.829,-0.469,625.000,400.000,-1,400.000,-1,325.000,325.000,300.000,300.000,-1,-1,-1,-1,650.000,725.000,650.000,-1,1,0,2,0,2,0,0,1,0,2,2,2,2,1,0,1,2
20,-2510.859,3424.284,360.787,-26.094,0.897922,0.439836,-0.016720,-0.439674,0.898069,0.012598,0.020556,-0.003961,0.999781,0,0.89474,-0.11441,53.684,-0.229,575.000,400.000,-1,400.000,-1,325.000,325.000,275.000,300.000,-1,-1,-1,-1,625.000,725.000,600.000,-1,1,0,2,0,2,0,0,1,0,2,2,2,2,1,0,1,2
21,-2462.775,3400.746,361.920,-26.082,0.898006,0.439661,-0.016845,-0.439497,0.898155,0.012642,0.020688,-0.003949,0.999778,0,0.89227,0.00559,53.536,0.011,550.000,400.000,-1,400.000,-1,325.000,325.000,250.000,300.000,-1,-1,-1,-1,575.000,725.000,550.000,-1,1,0,2,0,2,0,0,1,0,2,2,2,2,1,0,1,2
22,-2414.721,3377.484,363.085,-25.831,0.899922,0.435719,-0.017015,-0.435549,0.900073,0.012848,0.020913,-0.004152,0.999773,0,0.88980,0.12559,53.388,0.251,500.000,400.000,-1,400.000,-1,325.000,325.000,225.000,300.000,-1,-1,-1,-1,550.000,725.000,525.000,-1,1,0,2,0,2,0,0,1,0,2,2,2,2,1,0,1,2
23,-2366.601,3354.696,364.247,-25.340,0.903621,0.427986,-0.017197,-0.427810,0.903774,0.013063,0.021133,-0.004447,0.999767,0,0.88739,0.24559,53.243,0.491,450.000,400.000,-1,400.000,-1,325.000,325.000,225.000,300.000,-1,-1,-1,-1,500.000,725.000,475.000,-1,1,0,2,0,2,0,0,1,0,2,2,2,2,1,0,1,2
24,-2318.320,3332.583,365.406,-24.609,0.909007,0.416418,-0.017395,-0.416234,0.909161,0.013284,0.021346,-0.004835,0.999760,0,0.88507,0.36559,53.104,0.731,400.000,400.000,-1,400.000,-1,325.000,325.000,200.000,300.000,-1,-1,-1,-1,475.000,725.000,425.000,-1,1,1,2,0,2,0,0,1,0,2,2,2,2,1,0,1,2
25,-2269.790,3311.342,366.559,-23.638,0.915932,0.400947,-0.017609,-0.400755,0.916086,0.013506,0.021547,-0.005314,0.999754,0,0.88290,0.48559,52.974,0.971,350.000,350.000,-1,400.000,-1,325.000,325.000,200.000,300.000,-1,-1,-1,-1,425.000,725.000,375.000,-1,1,1,2,0,2,0,0,1,0,2,2,2,2,1,0,1,2
26,-2220.933,3291.178,367.728,-22.427,0.924199,0.381492,-0.017874,-0.381288,0.924353,0.013836,0.021800,-0.005972,0.999745,0,0.88092,0.60559,52.855,1.211,325.000,325.000,-1,400.000,-1,325.000,325.000,200.000,300.000,-1,-1,-1,-1,400.000,700.000,325.000,-1,1,1,2,0,2,1,0,1,0,2,2,2,2,1,0,1,2
27,-2171.721,3272.188,368.895,-21.102,0.932770,0.360013,-0.018173,-0.359796,0.932923,0.014186,0.022061,-0.006694,0.999734,0,0.87915,0.66253,52.749,1.325,275.000,300.000,-1,400.000,-1,300.000,325.000,225.000,300.000,-1,-1,-1,-1,375.000,700.000,275.000,-1,1,1,2,0,2,1,1,1,0,2,2,2,2,1,0,1,2
28,-2122.178,3254.375,370.049,-19.775,0.940850,0.338319,-0.018492,-0.338089,0.941002,0.014507,0.022309,-0.007397,0.999724,0,0.87746,0.66322,52.647,1.326,225.000,275.000,-1,375.000,-1,275.000,300.000,225.000,300.000,-1,-1,-1,-1,325.000,700.000,225.000,-1,1,1,2,0,2,1,1,1,0,2,2,2,2,1,0,1,2
29,-2072.336,3237.749,371.199,-18.447,0.948431,0.316425,-0.018812,-0.316183,0.948583,0.014753,0.022513,-0.008044,0.999714,0,0.87570,0.66380,52.542,1.328,175.000,250.000,-1,375.000,-1,250.000,300.000,225.000,300.000,-1,-1,-1,-1,300.000,700.000,175.000,-1,1,1,2,0,2,1,1,1,0,2,2,2,2,1,0,1,2
30,-2022.226,3222.315,373.736,-17.119,0.955366,0.294355,-0.025132,-0.294172,0.955692,0.010779,0.027192,-0.002904,0.999626,0,0.87388,0.66427,52.433,1.329,150.000,225.000,-1,400.000,-1,225.000,300.000,225.000,300.000,-1,-1,-1,-1,275.000,700.000,150.000,-1,1,1,2,0,2,1,1,1,0,2,2,2,2,1,0,1,2
31,-1968.523,3207.050,383.821,-15.880,0.959795,0.273467,-0.063323,-0.274978,0.961311,-0.016364,0.056398,0.033118,0.997859,0,0.93046,0.61966,55.827,1.239,150.000,225.000,-1,450.000,-1,250.000,375.000,275.000,275.000,-1,350.000,225.000,-1,275.000,850.000,150.000,-1,1,1,2,0,2,1,1,1,0,2,0,0,2,1,0,1,2
32,-1914.373,3192.944,393.717,-14.634,0.962593,0.252058,-0.099401,-0.257367,0.965284,-0.044588,0.084712,0.068503,0.994048,0,0.93254,0.62256,55.952,1.245,125.000,250.000,-1,500.000,-1,250.000,450.000,300.000,250.000,-1,250.000,100.000,575.000,300.000,1000.000,125.000,-1,1,1,2,0,2,1,0,1,0,2,0,0,0,1,0,1,2
33,-1859.810,3180.015,403.723,-13.383,0.963893,0.230238,-0.133792,-0.241288,0.967700,-0.073052,0.112651,0.102697,0.988313,0,0.93446,0.62566,56.068,1.251,125.000,250.000,-1,575.000,-1,275.000,500.000,325.000,250.000,-1,200.000,50.000,350.000,325.000,-1,125.000,-1,1,1,2,0,2,1,0,1,0,2,0,0,0,1,2,1,2
34,-1804.869,3168.284,413.767,-12.125,0.963801,0.208082,-0.166704,-0.226820,0.968536,-0.102426,0.140146,0.136531,0.980672,0,0.93621,0.62898,56.173,1.258,125.000,275.000,-1,650.000,-1,325.000,600.000,350.000,225.000,-1,175.000,25.000,250.000,350.000,-1,125.000,-1,1,1,2,0,2,1,0,1,0,2,0,0,0,1,2,1,2
35,3607.635,327.970,234.278,21.108,0.929804,-0.360117,0.076022,0.358507,0.932895,0.034329,-0.083283,-0.004664,0.996515,1,0.00000,0.00000,56.265,1.265,-1,400.000,-1,375.000,-1,325.000,300.000,325.000,325.000,-1,-1,-1,-1,800.000,725.000,-1,-1,2,0,2,0,2,0,0,0,0,2,2,2,2,0,0,2,2
36,3612.120,329.680,233.878,20.868,0.931320,-0.356205,0.075905,0.354574,0.934393,0.034445,-0.083195,-0.005165,0.996520,0,0.08000,-0.12000,4.800,-0.240,-1,400.000,-1,375.000,-1,325.000,300.000,325.000,325.000,-1,-1,-1,-1,800.000,725.000,-1,-1,2,0,2,0,2,0,0,0,0,2,2,2,2,0,0,2,2
37,3621.118,333.025,233.076,20.388,0.934300,-0.348363,0.075676,0.346688,0.937339,0.034675,-0.083013,-0.006161,0.996529,0,0.16000,-0.24000,9.600,-0.480,-1,400.000,-1,375.000,-1,325.000,300.000,325.000,325.000,-1,-1,-1,-1,800.000,725.000,-1,-1,2,0,2,0,2,0,0,0,0,2,2,2,2,0,0,2,2
38,3634.678,337.871,231.876,19.668,0.938646,-0.336553,0.075340,0.334815,0.941633,0.035011,-0.082726,-0.007638,0.996543,0,0.24000,-0.36000,14.400,-0.720,-1,400.000,-1,375.000,-1,325.000,300.000,325.000,325.000,-1,-1,-1,-1,775.000,725.000,-1,-1,2,0,2,0,2,0,0,0,0,2,2,2,2,0,0,2,2
39,3652.864,344.030,230.276,18.708,0.944206,-0.320724,0.074908,0.318904,0.947124,0.035446,-0.082316,-0.009580,0.996560,0,0.32000,-0.48000,19.200,-0.960,-1,400.000,-1,375.000,-1,325.000,300.000,325.000,325.000,-1,-1,-1,-1,775.000,725.000,-1,-1,2,0,2,0,2,0,0,0,0,2,2,2,2,0,0,2,2
40,3675.752,351.251,228.282,17.508,0.950778,-0.300811,0.074392,0.298893,0.953609,0.035969,-0.081761,-0.011963,0.996580,0,0.40000,-0.60000,24.000,-1.200,-1,400.000,-1,375.000,-1,325.000,300.000,325.000,325.000,-1,-1,-1,-1,775.000,725.000,-1,-1,2,0,2,0,2,0,0,0,0,2,2,2,2,0,0,2,2
41,3703.426,359.222,225.895,16.068,0.958106,-0.276742,0.073806,0.274712,0.960831,0.036565,-0.081034,-0.014758,0.996602,0,0.48000,-0.72000,28.800,-1.440,-1,400.000,-1,375.000,-1,325.000,300.000,325.000,325.000,-1,-1,-1,-1,775.000,725.000,-1,-1,2,0,2,0,2,0,0,0,0,2,2,2,2,0,0,2,2
42,3735.952,367.652,223.124,14.527,0.965270,-0.250802,0.073157,0.248658,0.967876,0.037218,-0.080142,-0.017734,0.996626,0,0.56000,-0.77016,33.600,-1.540,-1,400.000,-1,375.000,-1,325.000,300.000,325.000,325.000,-1,800.000,-1,-1,775.000,725.000,-1,-1,2,0,2,0,2,0,0,0,0,2,0,2,2,0,0,2,2
43,3773.369,376.284,219.974,12.989,0.971727,-0.224715,0.072451,0.222462,0.974204,0.037909,-0.079101,-0.020719,0.996651,0,0.64000,-0.76917,38.400,-1.538,-1,400.000,-1,375.000,-1,325.000,325.000,325.000,325.000,-1,650.000,-1,-1,775.000,750.000,-1,-1,2,0,2,0,2,0,0,0,0,2,0,2,2,0,0,2,2
44,3815.709,384.862,216.452,11.453,0.977474,-0.198506,0.071689,0.196148,0.979813,0.038621,-0.077909,-0.023689,0.996679,0,0.72000,-0.76805,43.200,-1.536,-1,400.000,-1,375.000,-1,325.000,325.000,325.000,325.000,-1,575.000,975.000,-1,775.000,750.000,-1,-1,2,0,2,0,2,0,0,0,0,2,0,0,2,0,0,2,2
45,3860.415,392.682,212.774,9.919,0.982506,-0.172200,0.070923,0.169748,0.984703,0.039307,-0.076607,-0.026580,0.996707,0,0.75642,-0.76679,45.385,-1.534,-1,400.000,-1,375.000,-1,325.000,325.000,325.000,325.000,-1,450.000,850.000,-1,775.000,750.000,-1,-1,2,0,2,0,2,0,0,0,0,2,0,0,2,0,0,2,2
46,3905.324,399.305,209.154,8.388,0.986812,-0.145819,0.070274,0.143269,0.988872,0.040083,-0.075337,-0.029486,0.996722,0,0.75658,-0.76544,45.395,-1.531,-1,400.000,-1,375.000,-1,325.000,325.000,325.000,325.000,-1,475.000,750.000,-1,775.000,775.000,-1,-1,2,0,2,0,2,0,0,0,0,2,0,0,2,0,0,2,2
47,3950.404,404.730,205.579,6.860,0.990388,-0.119385,0.069854,0.116734,0.992321,0.040894,-0.074200,-0.032347,0.996719,0,0.75677,-0.76408,45.406,-1.528,-1,400.000,-1,400.000,-1,325.000,325.000,325.000,325.000,-1,500.000,700.000,-1,775.000,775.000,-1,-1,2,0,2,0,2,0,0,0,0,2,0,0,2,0,0,2,2
48,3995.627,408.954,202.161,5.335,0.993208,-0.092920,0.070032,0.090192,0.995073,0.041172,-0.073513,-0.034576,0.996695,0,0.75698,-0.76271,45.419,-1.525,-1,400.000,-1,400.000,-1,325.000,325.000,325.000,325.000,-1,575.000,650.000,-1,775.000,800.000,-1,-1,2,0,2,0,2,0,0,0,0,2,0,0,2,0,0,2,2
49,4036.383,411.840,199.126,4.049,0.995026,-0.070570,0.070310,0.067781,0.996845,0.041289,-0.073002,-0.036318,0.996670,0,0.68097,-0.64271,40.858,-1.285,-1,400.000,-1,400.000,-1,325.000,325.000,325.000,325.000,-1,650.000,625.000,-1,775.000,800.000,-1,-1,2,0,2,0,2,0,0,0,0,2,0,0,2,0,0,2,2
50,4077.195,413.983,196.116,3.004,0.996131,-0.052368,0.070574,0.049535,0.997917,0.041318,-0.072591,-0.037662,0.996650,0,0.68114,-0.52271,40.868,-1.045,-1,400.000,-1,400.000,-1,325.000,325.000,325.000,325.000,-1,725.000,625.000,-1,775.000,800.000,-1,-1,2,0,2,0,2,0,0,0,0,2,0,0,2,0,0,2,2
51,4118.033,415.551,193.125,2.199,0.996752,-0.038334,0.070817,0.035469,0.998518,0.041275,-0.072295,-0.038629,0.996635,0,0.68113,-0.40271,40.868,-0.805,-1,400.000,-1,400.000,-1,325.000,325.000,325.000,325.000,-1,825.000,650.000,-1,775.000,800.000,-1,-1,2,0,2,0,2,0,0,0,0,2,0,0,2,0,0,2,2
52,4158.879,416.592,190.152,1.459,0.997148,-0.025449,0.071057,0.022560,0.998897,0.041178,-0.072027,-0.039458,0.996622,0,0.68098,-0.36955,40.859,-0.739,-1,400.000,-1,400.000,-1,325.000,325.000,325.000,325.000,-1,900.000,725.000,-1,775.000,800.000,-1,-1,2,0,2,0,2,0,0,0,0,2,0,0,2,0,0,2,2
53,4199.726,417.108,187.197,0.723,0.997375,-0.012610,0.071301,0.009698,0.999111,0.041030,-0.071755,-0.040231,0.996611,0,0.68083,-0.36818,40.850,-0.736,-1,400.000,-1,400.000,-1,325.000,325.000,325.000,325.000,-1,950.000,825.000,-1,775.000,800.000,-1,-1,2,0,2,0,2,0,0,0,0,2,0,0,2,0,0,2,2
54,4240.570,417.101,184.259,-0.010,0.997437,0.000182,0.071547,-0.003111,0.999161,0.040833,-0.071479,-0.040951,0.996601,0,0.68074,-0.36676,40.844,-0.734,-1,400.000,-1,400.000,-1,325.000,300.000,325.000,325.000,-1,-1,900.000,-1,775.000,825.000,-1,-1,2,0,2,0,2,0,0,0,0,2,2,0,2,0,0,2,2
55,4281.409,416.573,181.339,-0.741,0.997336,0.012922,0.071793,-0.015866,0.999050,0.040587,-0.071200,-0.041618,0.996593,0,0.68070,-0.36531,40.842,-0.731,-1,400.000,-1,400.000,-1,325.000,300.000,325.000,325.000,-1,-1,1000.000,-1,775.000,825.000,-1,-1,2,0,2,0,2,0,0,0,0,2,2,0,2,0,0,2,2
56,4322.239,415.527,178.436,-1.469,0.997073,0.025608,0.072038,-0.028563,0.998780,0.040295,-0.070919,-0.042234,0.996588,0,0.68072,-0.36382,40.843,-0.728,-1,400.000,-1,400.000,-1,325.000,300.000,325.000,325.000,-1,-1,-1,-1,775.000,825.000,-1,-1,2,0,2,0,2,0,0,0,0,2,2,2,2,0,0,2,2
57,4363.056,413.964,175.551,-2.193,0.996651,0.038235,0.072281,-0.041198,0.998352,0.039956,-0.070634,-0.042801,0.996584,0,0.68079,-0.36229,40.847,-0.725,-1,400.000,-1,400.000,-1,325.000,325.000,325.000,325.000,-1,-1,-1,-1,775.000,825.000,-1,-1,2,0,2,0,2,0,0,0,0,2,2,2,2,0,0,2,2
58,4403.859,411.887,172.682,-2.915,0.996072,0.050802,0.072520,-0.053770,0.997769,0.039574,-0.070348,-0.043318,0.996582,0,0.68091,-0.36072,40.855,-0.721,-1,400.000,-1,400.000,-1,325.000,325.000,325.000,325.000,-1,-1,-1,-1,775.000,825.000,-1,-1,2,0,2,0,2,0,0,0,0,2,2,2,2,0,0,2,2
59,4449.433,409.182,169.488,-3.396,0.995593,0.059184,0.072740,-0.062143,0.997301,0.039114,-0.070229,-0.043462,0.996584,0,0.76091,-0.24072,45.655,-0.481,-1,400.000,-1,400.000,-1,325.000,325.000,325.000,325.000,-1,-1,-1,-1,800.000,825.000,-1,-1,2,0,2,0,2,0,0,0,0,2,2,2,2,0,0,2,2
60,4499.775,405.803,165.971,-3.841,0.995087,0.066916,0.072968,-0.069860,0.996811,0.038576,-0.070154,-0.043484,0.996588,0,0.84091,-0.22217,50.455,-0.444,-1,400.000,-1,400.000,-1,325.000,325.000,325.000,325.000,-1,-1,-1,-1,800.000,850.000,-1,-1,2,0,2,0,2,0,0,0,0,2,2,2,2,0,0,2,2
61,4552.685,401.842,162.285,-4.281,0.994525,0.074571,0.073201,-0.077497,0.996269,0.037981,-0.070095,-0.043446,0.996594,0,0.88430,-0.22006,53.058,-0.440,-1,400.000,-1,400.000,-1,325.000,325.000,325.000,325.000,-1,-1,-1,-1,800.000,850.000,-1,-1,2,0,2,0,2,0,0,0,0,2,2,2,2,0,0,2,2
62,4605.578,397.479,158.507,-4.716,0.993896,0.082140,0.073649,-0.085083,0.995658,0.037751,-0.070229,-0.043787,0.996569,0,0.88454,-0.21775,53.072,-0.436,-1,400.000,-1,400.000,-1,325.000,325.000,325.000,325.000,-1,-1,-1,-1,800.000,850.000,-1,-1,2,0,2,0,2,0,0,0,0,2,2,2,2,0,0,2,2
63,4658.459,392.716,154.548,-5.147,0.993190,0.089623,0.074440,-0.092576,0.995010,0.037213,-0.070733,-0.043851,0.996531,0,0.88491,-0.21537,53.095,-0.431,-1,400.000,-1,400.000,-1,325.000,325.000,325.000,325.000,-1,-1,-1,-1,800.000,850.000,-1,-1,2,0,2,0,2,0,0,0,0,2,2,2,2,0,0,2,2
64,4711.332,387.557,150.575,-5.573,0.992431,0.097015,0.075286,-0.099971,0.994320,0.036527,-0.071315,-0.043777,0.996493,0,0.88540,-0.21291,53.124,-0.426,-1,400.000,-1,400.000,-1,325.000,325.000,300.000,325.000,-1,-1,-1,-1,775.000,850.000,-1,-1,2,0,2,0,2,0,0,0,0,2,2,2,2,0,0,2,2
65,4764.203,382.006,146.612,-5.993,0.991627,0.104314,0.076122,-0.107268,0.993586,0.035789,-0.071901,-0.043655,0.996456,0,0.88601,-0.21037,53.161,-0.421,-1,400.000,-1,400.000,-1,325.000,325.000,300.000,325.000,-1,-1,-1,-1,775.000,850.000,-1,-1,2,0,2,0,2,0,0,0,0,2,2,2,2,0,0,2,2
66,4817.075,376.067,142.658,-6.409,0.990779,0.111518,0.076947,-0.114465,0.992811,0.035001,-0.072490,-0.043486,0.996421,0,0.88674,-0.20776,53.205,-0.416,-1,400.000,-1,400.000,-1,325.000,325.000,300.000,325.000,-1,-1,-1,-1,775.000,850.000,-1,-1,2,0,2,0,2,0,0,0,0,2,2,2,2,0,0,2,2
67,4869.954,369.744,138.711,-6.819,0.989890,0.118623,0.077759,-0.121559,0.991996,0.034163,-0.073084,-0.043270,0.996387,0,0.88759,-0.20507,53.255,-0.410,-1,400.000,-1,400.000,-1,300.000,325.000,300.000,325.000,-1,-1,-1,-1,775.000,825.000,-1,-1,2,0,2,0,2,0,0,0,0,2,2,2,2,0,0,2,2
68,4922.843,363.040,134.772,-7.224,0.988962,0.125627,0.078558,-0.128548,0.991145,0.033275,-0.073682,-0.043006,0.996354,0,0.88854,-0.20232,53.312,-0.405,-1,375.000,-1,400.000,-1,300.000,325.000,325.000,325.000,-1,-1,-1,-1,775.000,825.000,-1,-1,2,0,2,0,2,0,0,0,0,2,2,2,2,0,0,2,2
69,4975.747,355.959,130.840,-7.623,0.987998,0.132529,0.079343,-0.135429,0.990259,0.032336,-0.074285,-0.042694,0.996323,0,0.88960,-0.19951,53.376,-0.399,-1,375.000,-1,400.000,-1,300.000,325.000,325.000,325.000,-1,-1,-1,-1,775.000,825.000,-1,-1,2,0,2,0,2,0,0,0,0,2,2,2,2,0,0,2,2
70,5028.670,348.506,126.913,-8.016,0.987001,0.139324,0.080113,-0.142199,0.989341,0.031349,-0.074892,-0.042333,0.996293,0,0.89075,-0.19663,53.445,-0.393,-1,375.000,-1,400.000,-1,300.000,325.000,325.000,325.000,-1,-1,-1,-1,750.000,825.000,-1,-1,2,0,2,0,2,0,0,0,0,2,2,2,2,0,0,2,2
71,5081.617,340.684,122.992,-8.403,0.985972,0.146013,0.080868,-0.148858,0.988394,0.030312,-0.075504,-0.041924,0.996264,0,0.89201,-0.19369,53.521,-0.387,-1,375.000,-1,400.000,-1,300.000,325.000,325.000,325.000,-1,-1,-1,-1,750.000,825.000,-1,-1,2,0,2,0,2,0,0,0,0,2,2,2,2,0,0,2,2
72,5134.808,332.230,119.070,-9.031,0.984249,0.156828,0.081607,-0.159645,0.986743,0.029177,-0.075950,-0.041746,0.996237,0,0.89765,-0.31369,53.859,-0.627,-1,375.000,-1,400.000,-1,300.000,325.000,325.000,325.000,-1,-1,-1,-1,750.000,825.000,-1,-1,2,0,2,0,2,0,0,0,0,2,2,2,2,0,0,2,2
73,5187.953,322.957,115.175,-9.898,0.981697,0.171747,0.082309,-0.174536,0.984255,0.027920,-0.076218,-0.041775,0.996216,0,0.89913,-0.43369,53.948,-0.867,-1,375.000,-1,400.000,-1,300.000,325.000,325.000,325.000,-1,-1,-1,-1,750.000,825.000,-1,-1,2,0,2,0,2,0,0,0,0,2,2,2,2,0,0,2,2
74,5241.002,312.640,111.156,-11.006,0.978158,0.190730,0.082643,-0.193531,0.980716,0.027244,-0.075853,-0.042643,0.996207,0,0.90070,-0.55369,54.042,-1.107,-1,375.000,-1,400.000,-1,300.000,325.000,325.000,325.000,-1,-1,-1,-1,750.000,825.000,-1,-1,2,0,2,0,2,0,0,0,0,2,2,2,2,0,0,2,2
75,5293.888,301.058,107.155,-12.353,0.973372,0.213729,0.082866,-0.216534,0.975919,0.026377,-0.075233,-0.043618,0.996212,0,0.90233,-0.67369,54.140,-1.347,-1,375.000,-1,400.000,-1,300.000,325.000,325.000,325.000,-1,-1,-1,-1,725.000,825.000,-1,-1,2,0,2,0,2,0,0,0,0,2,2,2,2,0,0,2,2
76,5346.529,287.992,103.107,-13.940,0.967078,0.240674,0.082686,-0.243439,0.969594,0.025014,-0.074151,-0.044319,0.996262,0,0.90397,-0.79369,54.238,-1.587,-1,375.000,-1,400.000,-1,325.000,325.000,325.000,325.000,-1,-1,-1,-1,725.000,825.000,-1,-1,2,0,2,0,2,0,0,0,0,2,2,2,2,0,0,2,2
77,5398.821,273.227,99.131,-15.768,0.958916,0.271462,0.082394,-0.274178,0.961393,0.023458,-0.072845,-0.045084,0.996324,0,0.90560,-0.91369,54.336,-1.827,-1,375.000,-1,400.000,-1,325.000,325.000,325.000,325.000,-1,-1,-1,-1,725.000,850.000,-1,-1,2,0,2,0,2,0,0,0,0,2,2,2,2,0,0,2,2
78,5450.903,256.540,95.230,-17.765,0.948885,0.304798,0.081944,-0.307455,0.951314,0.021734,-0.071330,-0.045817,0.996400,0,0.91149,-0.99880,54.690,-1.998,-1,375.000,-1,400.000,-1,325.000,325.000,325.000,325.000,-1,-1,-1,-1,750.000,875.000,-1,-1,2,0,2,0,2,0,0,0,0,2,2,2,2,0,0,2,2
79,5502.568,237.980,91.414,-19.760,0.937727,0.337718,0.081330,-0.340298,0.940108,0.019855,-0.069754,-0.046295,0.996489,0,0.91495,-0.99733,54.897,-1.995,-1,400.000,-1,425.000,-1,325.000,325.000,325.000,325.000,-1,-1,-1,-1,750.000,900.000,-1,-1,2,0,2,0,2,0,0,0,0,2,2,2,2,0,0,2,2
80,5553.739,217.564,87.690,-21.751,0.925465,0.370174,0.080534,-0.372658,0.927797,0.017830,-0.068119,-0.046513,0.996592,0,0.91822,-0.99555,55.093,-1.991,-1,400.000,-1,425.000,-1,325.000,325.000,325.000,300.000,-1,-1,-1,-1,775.000,925.000,-1,-1,2,0,2,0,2,0,0,0,0,2,2,2,2,0,0,2,2
81,5604.341,195.311,83.864,-23.738,0.912053,0.402104,0.080451,-0.404551,0.914373,0.016150,-0.067068,-0.047276,0.996628,0,0.92129,-0.99343,55.278,-1.987,-1,400.000,-1,425.000,-1,325.000,325.000,325.000,300.000,-1,-1,-1,-1,775.000,950.000,-1,-1,2,0,2,0,2,0,0,0,0,2,2,2,2,0,0,2,2
82,5654.296,171.250,79.866,-25.720,0.897487,0.433453,0.081463,-0.435947,0.899849,0.014901,-0.066845,-0.048887,0.996565,0,0.92412,-0.99099,55.447,-1.982,975.000,400.000,-1,425.000,-1,325.000,325.000,325.000,300.000,-1,-1,-1,-1,775.000,950.000,-1,-1,1,0,2,0,2,0,0,0,0,2,2,2,2,0,0,2,2
83,5703.527,145.408,75.938,-27.696,0.881884,0.464196,0.082475,-0.466726,0.884300,0.013461,-0.066684,-0.050364,0.996502,0,0.92667,-0.98822,55.600,-1.976,900.000,400.000,-1,425.000,-1,325.000,325.000,325.000,300.000,-1,-1,-1,-1,775.000,975.000,975.000,-1,1,0,2,0,2,0,0,0,0,2,2,2,2,0,0,1,2
84,5751.956,117.823,72.076,-29.667,0.865282,0.494289,0.083460,-0.496848,0.867756,0.011884,-0.066549,-0.051750,0.996440,0,0.92890,-0.98512,55.734,-1.970,875.000,400.000,-1,425.000,-1,325.000,325.000,325.000,300.000,-1,-1,-1,-1,775.000,975.000,950.000,-1,1,0,2,0,2,0,0,0,0,2,2,2,2,0,0,1,2
85,5799.507,88.536,68.284,-31.630,0.847715,0.523693,0.084405,-0.526274,0.850254,0.010168,-0.066440,-0.053040,0.996380,0,0.93077,-0.98170,55.846,-1.963,825.000,400.000,-1,425.000,-1,325.000,325.000,325.000,325.000,-1,-1,-1,-1,750.000,975.000,950.000,-1,1,0,2,0,2,0,0,0,0,2,2,2,2,0,0,1,2
86,5846.105,57.594,64.625,-33.586,0.829241,0.552380,0.085063,-0.554952,0.831842,0.008185,-0.066238,-0.053994,0.996342,0,0.93224,-0.97796,55.934,-1.956,800.000,400.000,-1,425.000,-1,325.000,325.000,300.000,325.000,-1,-1,-1,-1,750.000,975.000,1000.000,-1,1,0,2,0,2,0,0,0,0,2,2,2,2,0,0,1,2
87,5887.837,28.043,60.972,-35.302,0.812197,0.577070,0.085593,-0.579488,0.814970,0.004252,-0.067302,-0.053054,0.996321,0,0.85224,-0.85796,51.134,-1.716,750.000,400.000,-1,425.000,-1,325.000,325.000,300.000,325.000,-1,-1,-1,-1,750.000,975.000,-1,-1,1,0,2,0,2,0,0,0,0,2,2,2,2,1,0,2,2
88,5924.949,0.300,57.697,-36.778,0.796951,0.597907,0.085884,-0.600153,0.799885,0.000415,-0.068449,-0.051874,0.996305,0,0.77224,-0.73796,46.334,-1.476,750.000,375.000,-1,425.000,-1,325.000,325.000,300.000,300.000,-1,-1,-1,-1,750.000,950.000,-1,-1,1,0,2,0,2,0,0,0,0,2,2,2,2,0,0,2,2
89,5957.673,-25.280,54.804,-38.014,0.783777,0.615061,0.085986,-0.617130,0.786855,-0.003158,-0.069600,-0.050590,0.996291,0,0.69224,-0.61796,41.534,-1.236,725.000,375.000,-1,425.000,-1,325.000,325.000,300.000,300.000,-1,-1,-1,-1,750.000,950.000,-1,-1,1,0,2,0,2,0,0,0,0,2,2,2,2,0,0,2,2
90,5988.357,-50.137,52.083,-39.010,0.772890,0.628694,0.085936,-0.630568,0.776106,-0.006664,-0.070885,-0.049038,0.996278,0,0.65814,-0.49796,39.488,-0.996,725.000,375.000,-1,425.000,-1,325.000,325.000,300.000,300.000,-1,-1,-1,-1,750.000,925.000,-1,-1,1,0,2,0,2,0,0,0,0,2,2,2,2,0,0,2,2
91,6018.704,-75.393,49.379,-39.766,0.764464,0.638938,0.085751,-0.640588,0.767816,-0.010269,-0.072402,-0.047081,0.996264,0,0.65801,-0.37796,39.480,-0.756,725.000,375.000,-1,425.000,-1,325.000,325.000,300.000,300.000,-1,-1,-1,-1,750.000,900.000,-1,-1,1,0,2,0,2,0,0,0,0,2,2,2,2,0,0,2,2
92,6048.813,-100.912,46.495,-40.281,0.758638,0.645872,0.085547,-0.647348,0.762085,-0.012937,-0.073550,-0.045565,0.996250,0,0.65782,-0.25796,39.469,-0.516,750.000,375.000,-1,425.000,-1,325.000,325.000,300.000,300.000,-1,-1,-1,-1,750.000,900.000,-1,-1,1,0,2,0,2,0,0,0,0,2,2,2,2,0,0,2,2
93,6078.790,-126.568,43.499,-40.557,0.755490,0.649574,0.085365,-0.650901,0.759013,-0.015063,-0.074578,-0.044184,0.996236,0,0.65760,-0.13796,39.456,-0.276,825.000,375.000,-1,425.000,-1,325.000,325.000,300.000,300.000,-1,-1,-1,-1,725.000,900.000,-1,-1,1,0,2,0,2,0,0,0,0,2,2,2,2,0,0,2,2
94,6108.741,-152.234,40.489,-40.593,0.755058,0.650098,0.085212,-0.651258,0.758661,-0.017205,-0.075832,-0.042504,0.996214,0,0.65740,-0.01796,39.444,-0.036,-1,375.000,-1,425.000,-1,325.000,325.000,300.000,300.000,-1,-1,-1,-1,725.000,875.000,-1,-1,2,0,2,0,2,0,0,0,0,2,2,2,2,0,0,2,2
95,6142.198,-181.186,37.098,-40.869,0.751894,0.653789,0.084943,-0.654769,0.755574,-0.019646,-0.077025,-0.040847,0.996192,0,0.73740,-0.13796,44.244,-0.276,-1,375.000,-1,425.000,-1,325.000,325.000,300.000,300.000,-1,-1,-1,-1,725.000,875.000,-1,-1,2,0,2,0,2,0,0,0,0,2,2,2,2,0,0,2,2
96,6179.070,-213.524,33.484,-41.251,0.747515,0.658835,0.084604,-0.659671,0.751243,-0.021635,-0.077812,-0.039639,0.996180,0,0.81740,-0.19065,49.044,-0.381,-1,375.000,-1,425.000,-1,325.000,325.000,300.000,300.000,-1,-1,-1,-1,725.000,850.000,-1,-1,2,0,2,0,2,0,0,0,0,2,2,2,2,0,0,2,2
97,6216.303,-246.610,29.840,-41.624,0.743194,0.663753,0.084224,-0.664453,0.746961,-0.023507,-0.078515,-0.038492,0.996170,0,0.83015,-0.18696,49.809,-0.374,-1,400.000,-1,425.000,-1,325.000,325.000,325.000,300.000,-1,-1,-1,-1,725.000,850.000,-1,-1,2,0,2,0,2,0,0,0,0,2,2,2,2,0,0,2,2
98,6253.274,-279.889,26.207,-41.991,0.738935,0.668544,0.083805,-0.669109,0.742733,-0.025319,-0.079171,-0.037365,0.996160,0,0.82904,-0.18318,49.742,-0.366,-1,400.000,-1,425.000,-1,325.000,325.000,325.000,300.000,-1,-1,-1,-1,725.000,850.000,-1,-1,2,0,2,0,2,0,0,0,0,2,2,2,2,0,0,2,2
99,6289.976,-313.344,22.541,-42.350,0.734714,0.673205,0.083606,-0.673647,0.738558,-0.027055,-0.079961,-0.036443,0.996132,0,0.82770,-0.17938,49.662,-0.359,-1,400.000,-1,425.000,-1,325.000,325.000,325.000,300.000,-1,-1,-1,-1,725.000,850.000,-1,-1,2,0,2,0,2,0,0,0,0,2,2,2,2,0,0,2,2
100,6326.405,-346.960,18.612,-42.701,0.730393,0.677713,0.085036,-0.678096,0.734411,-0.028735,-0.081926,-0.036674,0.995963,0,0.82614,-0.17559,49.569,-0.351,-1,375.000,-1,425.000,-1,325.000,325.000,300.000,325.000,-1,-1,-1,-1,700.000,825.000,-1,-1,2,0,2,0,2,0,0,0,0,2,2,2,2,0,0,2,2
101,6362.552,-380.724,14.537,-43.048,0.726175,0.682161,0.085593,-0.682441,0.730303,-0.030528,-0.083334,-0.036243,0.995862,0,0.82438,-0.17358,49.463,-0.347,-1,375.000,-1,400.000,-1,325.000,325.000,300.000,325.000,-1,-1,-1,-1,700.000,825.000,-1,-1,2,0,2,0,2,0,0,0,0,2,2,2,2,0,0,2,2
102,6398.409,-414.625,10.251,-43.393,0.722078,0.686574,0.084971,-0.686694,0.726222,-0.032462,-0.083996,-0.034909,0.995854,0,0.82242,-0.17230,49.345,-0.345,-1,375.000,-1,400.000,-1,325.000,325.000,300.000,325.000,-1,-1,-1,-1,675.000,800.000,-1,-1,2,0,2,0,2,0,0,0,0,2,2,2,2,0,0,2,2
103,6433.970,-448.651,5.984,-43.735,0.717994,0.690934,0.084230,-0.690892,0.722140,-0.034370,-0.084573,-0.033516,0.995853,0,0.82028,-0.17119,49.217,-0.342,-1,375.000,-1,400.000,-1,325.000,325.000,300.000,325.000,-1,-1,-1,-1,675.000,775.000,-1,-1,2,0,2,0,2,0,0,0,0,2,2,2,2,0,0,2,2
104,6469.229,-482.792,1.751,-44.075,0.713926,0.695248,0.083302,-0.695039,0.718057,-0.036259,-0.085024,-0.032012,0.995864,0,0.81800,-0.17026,49.080,-0.341,-1,375.000,-1,400.000,-1,325.000,325.000,300.000,325.000,-1,-1,-1,-1,675.000,775.000,-1,-1,2,0,2,0,2,0,0,0,0,2,2,2,2,0,0,2,2
105,6504.182,-517.039,-2.324,-44.414,0.709935,0.699531,0.081545,-0.699126,0.713977,-0.038207,-0.084948,-0.029886,0.995937,0,0.81558,-0.16951,48.935,-0.339,-1,375.000,-1,400.000,-1,325.000,325.000,300.000,325.000,-1,-1,-1,-1,675.000,750.000,-1,-1,2,0,2,0,2,0,0,1,0,2,2,2,2,0,0,2,2
106,6538.825,-551.386,-6.364,-44.752,0.705950,0.703774,0.079606,-0.703173,0.709885,-0.040121,-0.084747,-0.027653,0.996019,0,0.81306,-0.16894,48.784,-0.338,-1,375.000,-1,400.000,-1,300.000,325.000,275.000,325.000,-1,-1,-1,-1,675.000,750.000,-1,-1,2,0,2,0,2,0,0,1,0,2,2,2,2,0,0,2,2
107,6573.156,-585.826,-10.371,-45.089,0.701966,0.707983,0.077486,-0.707189,0.705776,-0.042001,-0.084423,-0.025314,0.996108,0,0.81047,-0.16856,48.628,-0.337,-1,375.000,-1,400.000,-1,300.000,325.000,275.000,325.000,-1,-1,-1,-1,650.000,750.000,-1,-1,2,0,2,0,2,0,0,1,0,2,2,2,2,0,0,2,2
108,6607.173,-620.354,-14.344,-45.426,0.697979,0.712160,0.075186,-0.711176,0.701645,-0.043849,-0.083981,-0.022865,0.996205,0,0.80783,-0.16836,48.470,-0.337,-1,375.000,-1,400.000,-1,300.000,325.000,275.000,325.000,-1,-1,-1,-1,650.000,725.000,-1,-1,2,0,2,0,2,0,0,1,0,2,2,2,2,0,0,2,2
109,6640.875,-654.967,-18.227,-45.763,0.693960,0.716307,0.072969,-0.715147,0.697483,-0.045624,-0.083575,-0.020522,0.996290,0,0.80519,-0.16834,48.311,-0.337,-1,375.000,-1,400.000,-1,300.000,325.000,300.000,300.000,-1,-1,-1,-1,650.000,725.000,-1,-1,2,0,2,0,2,0,0,1,0,2,2,2,2,0,0,2,2
110,6674.264,-689.665,-21.943,-46.100,0.689870,0.720424,0.071192,-0.719110,0.693285,-0.047294,-0.083428,-0.018569,0.996341,0,0.80256,-0.16850,48.153,-0.337,-1,375.000,-1,375.000,-1,300.000,325.000,300.000,300.000,-1,-1,-1,-1,650.000,700.000,-1,-1,2,0,2,0,2,0,0,0,0,2,2,2,2,0,0,2,2
111,6707.342,-724.447,-25.605,-46.437,0.685754,0.724523,0.069334,-0.723060,0.689051,-0.048914,-0.083214,-0.016590,0.996394,0,0.79998,-0.16884,47.999,-0.338,-1,375.000,-1,375.000,-1,300.000,300.000,300.000,300.000,-1,-1,-1,-1,650.000,700.000,-1,-1,2,0,2,0,2,0,0,0,0,2,2,2,2,0,0,2,2
112,6740.110,-759.314,-29.356,-46.776,0.681605,0.728600,0.067501,-0.727058,0.684771,-0.049757,-0.082476,-0.015163,0.996478,0,0.79748,-0.16936,47.849,-0.339,-1,375.000,-1,375.000,-1,300.000,300.000,325.000,300.000,-1,-1,-1,-1,650.000,675.000,-1,-1,2,0,2,0,2,0,0,0,0,2,2,2,2,0,0,2,2
113,6772.573,-794.269,-33.281,-47.116,0.677411,0.732658,0.065774,-0.731137,0.680440,-0.049399,-0.080948,-0.014626,0.996611,0,0.79508,-0.17005,47.705,-0.340,-1,375.000,-1,375.000,-1,300.000,300.000,325.000,300.000,-1,-1,-1,-1,650.000,675.000,-1,-1,2,0,2,0,2,0,0,0,0,2,2,2,2,0,0,2,2
114,6804.735,-829.316,-37.147,-47.458,0.673174,0.736711,0.063984,-0.735211,0.676063,-0.049030,-0.079378,-0.014036,0.996746,0,0.79281,-0.17090,47.568,-0.342,-1,375.000,-1,375.000,-1,300.000,300.000,325.000,300.000,-1,-1,-1,-1,650.000,675.000,-1,-1,2,0,2,0,2,0,0,0,0,2,2,2,2,0,0,2,2
115,6836.039,-863.550,-40.878,-47.560,0.672017,0.737920,0.062186,-0.736427,0.674761,-0.048702,-0.077899,-0.013067,0.996876,0,0.77314,-0.05090,46.389,-0.102,-1,350.000,-1,375.000,-1,300.000,300.000,325.000,300.000,-1,-1,-1,-1,625.000,675.000,-1,-1,2,0,2,0,2,0,0,0,0,2,2,2,2,0,0,2,2
116,6867.356,-897.634,-44.384,-47.422,0.673950,0.736297,0.060477,-0.734863,0.676545,-0.047578,-0.075947,-0.012377,0.997035,0,0.77145,0.06910,46.287,0.138,-1,350.000,-1,375.000,-1,300.000,300.000,325.000,300.000,-1,-1,-1,-1,625.000,650.000,-1,-1,2,0,2,0,2,0,0,0,0,2,2,2,2,0,0,2,2
117,6898.843,-931.452,-47.708,-47.044,0.678955,0.731820,0.058818,-0.730479,0.681395,-0.045838,-0.073623,-0.011844,0.997216,0,0.77013,0.18910,46.208,0.378,-1,375.000,-1,375.000,-1,300.000,300.000,325.000,300.000,-1,-1,500.000,-1,625.000,650.000,-1,-1,2,0,2,0,2,0,0,0,0,2,2,0,2,0,0,2,2
118,6930.654,-964.887,-50.889,-46.425,0.686978,0.724435,0.057050,-0.723151,0.689260,-0.044435,-0.071513,-0.010730,0.997382,0,0.76917,0.30910,46.150,0.618,-1,375.000,-1,375.000,-1,300.000,300.000,325.000,300.000,-1,-1,475.000,-1,625.000,650.000,-1,-1,2,0,2,0,2,0,0,0,0,2,2,0,2,0,0,2,2
119,6962.936,-997.814,-53.968,-45.567,0.697924,0.714041,0.055202,-0.712794,0.700043,-0.043182,-0.069477,-0.009210,0.997541,0,0.76854,0.42910,46.112,0.858,-1,375.000,-1,375.000,-1,300.000,300.000,325.000,300.000,-1,500.000,450.000,-1,650.000,650.000,-1,-1,2,0,2,0,2,0,0,0,0,2,0,0,2,0,0,2,2
120,6995.736,-1030.198,-56.990,-44.634,0.709637,0.702550,0.053281,-0.701339,0.711593,-0.041928,-0.067371,-0.007614,0.997699,0,0.76822,0.46676,46.093,0.934,-1,375.000,-1,375.000,-1,300.000,300.000,325.000,325.000,-1,475.000,425.000,-1,650.000,650.000,-1,-1,2,0,2,0,2,0,0,0,0,2,0,0,2,0,0,2,2
121,7029.049,-1062.037,-59.959,-43.703,0.721121,0.690910,0.051270,-0.689736,0.722916,-0.040697,-0.065182,-0.006015,0.997855,0,0.76803,0.46524,46.082,0.930,-1,375.000,-1,375.000,-1,300.000,300.000,325.000,325.000,-1,475.000,425.000,-1,650.000,650.000,-1,-1,2,0,2,0,2,0,0,0,0,2,0,0,2,0,0,2,2
122,7062.869,-1093.328,-62.871,-42.776,0.732373,0.679125,0.049185,-0.677990,0.734009,-0.039492,-0.062922,-0.004425,0.998009,0,0.76792,0.46366,46.075,0.927,-1,375.000,-1,375.000,-1,300.000,300.000,325.000,325.000,-1,450.000,400.000,-1,650.000,650.000,-1,-1,2,0,2,0,2,0,0,0,0,2,0,0,2,0,0,2,2
123,7097.187,-1124.068,-65.726,-41.852,0.743390,0.667203,0.047030,-0.666107,0.744871,-0.038316,-0.060596,-0.002843,0.998158,0,0.76788,0.46205,46.073,0.924,-1,375.000,-1,375.000,-1,300.000,300.000,325.000,325.000,-1,425.000,375.000,-1,650.000,650.000,-1,-1,2,0,2,0,2,0,0,0,0,2,0,0,2,0,0,2,2
124,7131.996,-1154.254,-68.487,-40.931,0.754181,0.655149,0.044621,-0.654092,0.755499,-0.037209,-0.058089,-0.001124,0.998311,0,0.76791,0.46038,46.074,0.921,-1,375.000,-1,375.000,-1,300.000,300.000,325.000,325.000,-1,425.000,375.000,-1,650.000,650.000,-1,-1,2,0,2,0,2,0,0,0,0,2,0,0,2,0,0,2,2
125,7167.287,-1183.881,-71.118,-40.014,0.764752,0.642969,0.041768,-0.641949,0.765891,-0.036224,-0.055281,0.000889,0.998470,0,0.76800,0.45867,46.080,0.917,-1,375.000,-1,375.000,-1,300.000,300.000,325.000,325.000,-1,400.000,350.000,-1,650.000,650.000,-1,-1,2,0,2,0,2,0,0,0,0,2,0,0,2,0,0,2,2
126,7204.879,-1214.690,-73.836,-39.336,0.772472,0.633868,0.038713,-0.632893,0.773436,-0.035259,-0.052292,0.002736,0.998628,0,0.81007,0.33867,48.604,0.677,-1,375.000,-1,375.000,-1,300.000,300.000,325.000,325.000,-1,375.000,350.000,-1,675.000,650.000,-1,-1,2,0,2,0,2,0,0,0,0,2,0,0,2,0,0,2,2
127,7242.707,-1245.212,-76.492,-38.899,0.777444,0.627942,0.035620,-0.627018,0.778248,-0.034341,-0.049285,0.004363,0.998775,0,0.81011,0.21867,48.606,0.437,-1,375.000,-1,375.000,-1,300.000,300.000,325.000,325.000,1000.000,375.000,325.000,-1,675.000,650.000,-1,-1,2,0,2,0,2,0,0,0,0,1,0,0,2,0,0,2,2
128,7280.639,-1275.603,-78.926,-38.702,0.779743,0.625256,0.032499,-0.624423,0.780403,-0.032681,-0.045796,0.005190,0.998937,0,0.81009,0.09867,48.605,0.197,-1,375.000,-1,375.000,-1,300.000,300.000,325.000,325.000,925.000,375.000,325.000,-1,675.000,650.000,-1,-1,2,0,2,0,2,0,0,0,0,1,0,0,2,0,0,2,2
129,7318.547,-1306.021,-81.045,-38.744,0.779354,0.625837,0.030564,-0.625098,0.779938,-0.030805,-0.043117,0.004902,0.999058,0,0.81005,-0.02133,48.603,-0.043,-1,375.000,-1,375.000,-1,300.000,300.000,325.000,325.000,900.000,375.000,325.000,-1,700.000,675.000,-1,-1,2,0,2,0,2,0,0,0,0,1,0,0,2,0,0,2,2
130,7356.301,-1336.623,-83.013,-39.027,0.776311,0.629680,0.029076,-0.629031,0.776844,-0.028866,-0.040764,0.004119,0.999160,0,0.81000,-0.14133,48.600,-0.283,-1,375.000,-1,375.000,-1,300.000,300.000,325.000,300.000,900.000,400.000,350.000,-1,700.000,675.000,-1,-1,2,0,2,0,2,0,0,0,0,1,0,0,2,0,0,2,2
131,7393.775,-1367.569,-84.918,-39.550,0.770581,0.636742,0.027641,-0.636179,0.771070,-0.026946,-0.038471,0.003179,0.999255,0,0.81000,-0.26133,48.600,-0.523,-1,375.000,-1,375.000,-1,300.000,300.000,325.000,300.000,900.000,400.000,375.000,-1,700.000,675.000,-1,-1,2,0,2,0,2,0,0,0,0,1,0,0,2,0,0,2,2
132,7430.837,-1399.013,-86.760,-40.312,0.762079,0.646951,0.026267,-0.646469,0.762529,-0.025042,-0.036231,0.002103,0.999341,0,0.81006,-0.38133,48.604,-0.763,-1,375.000,-1,375.000,-1,300.000,300.000,325.000,300.000,900.000,400.000,400.000,-1,700.000,675.000,-1,-1,2,0,2,0,2,0,0,0,0,1,0,0,2,0,0,2,2
133,7467.350,-1431.107,-88.530,-41.315,0.750678,0.660196,0.024964,-0.659792,0.751093,-0.023107,-0.034005,0.000875,0.999421,0,0.81023,-0.50133,48.614,-1.003,-1,375.000,-1,375.000,-1,300.000,300.000,325.000,300.000,900.000,400.000,400.000,-1,725.000,675.000,-1,-1,2,0,2,0,2,0,0,0,0,1,0,0,2,0,0,2,2
134,7503.173,-1463.999,-90.211,-42.558,0.736216,0.676330,0.023748,-0.676002,0.736599,-0.021058,-0.031735,-0.000550,0.999496,0,0.81054,-0.62133,48.632,-1.243,-1,375.000,-1,375.000,-1,300.000,300.000,300.000,300.000,925.000,375.000,400.000,-1,725.000,700.000,-1,-1,2,0,2,0,2,0,0,0,0,1,0,0,2,0,0,2,2
135,7538.153,-1497.826,-91.836,-44.040,0.718498,0.695161,0.022623,-0.694903,0.718851,-0.019061,-0.029513,-0.002026,0.999562,0,0.81102,-0.74133,48.661,-1.483,-1,375.000,-1,375.000,-1,300.000,300.000,300.000,300.000,950.000,375.000,375.000,-1,725.000,700.000,-1,-1,2,0,2,0,2,0,0,0,0,1,0,0,2,0,0,2,2
136,7572.129,-1532.719,-93.403,-45.763,0.697300,0.716453,0.021599,-0.716258,0.697626,-0.017120,-0.027333,-0.003532,0.999620,0,0.81170,-0.86133,48.702,-1.723,-1,375.000,-1,375.000,-1,300.000,300.000,300.000,300.000,975.000,375.000,375.000,-1,725.000,700.000,-1,-1,2,0,2,0,2,0,0,0,0,1,0,0,2,0,0,2,2
137,7605.033,-1568.699,-94.764,-47.557,0.674555,0.737939,0.020534,-0.737778,0.674853,-0.016016,-0.025676,-0.004346,0.999661,0,0.81263,-0.89696,48.758,-1.794,-1,375.000,-1,375.000,-1,300.000,300.000,300.000,300.000,1000.000,400.000,375.000,-1,750.000,700.000,-1,-1,2,0,2,0,2,0,0,0,0,1,0,0,2,0,0,2,2
