timestep,x_cm,y_cm,z_cm,yaw_deg,basis_xx,basis_xy,basis_xz,basis_yx,basis_yy,basis_yz,basis_zx,basis_zy,basis_zz,teleport_flag,throttle_cmd,steering_cmd,cmd_move_cm,cmd_turn_deg,lidar_cm_0,lidar_cm_1,lidar_cm_2,lidar_cm_3,lidar_cm_4,lidar_cm_5,lidar_cm_6,lidar_cm_7,lidar_cm_8,lidar_cm_9,lidar_cm_10,lidar_cm_11,lidar_cm_12,lidar_cm_13,lidar_cm_14,lidar_cm_15,lidar_cm_16,lidar_class_0,lidar_class_1,lidar_class_2,lidar_class_3,lidar_class_4,lidar_class_5,lidar_class_6,lidar_class_7,lidar_class_8,lidar_class_9,lidar_class_10,lidar_class_11,lidar_class_12,lidar_class_13,lidar_class_14,lidar_class_15,lidar_class_16
0,-6889.517,-8850.833,-133.499,117.564,-0.463056,-0.885830,0.029746,0.886274,-0.462391,0.026697,-0.009895,0.038725,0.999201,1,0.08000,-0.12000,4.800,-0.240,-1,375.000,-1,375.000,-1,300.000,300.000,325.000,325.000,-1,450.000,575.000,-1,750.000,825.000,-1,-1,2,0,2,0,2,0,0,0,0,2,0,0,2,0,0,2,2
1,-6893.888,-8842.286,-133.596,117.084,-0.455602,-0.889685,0.029785,0.890132,-0.454960,0.025989,-0.009571,0.038353,0.999218,0,0.16000,-0.24000,9.600,-0.480,-1,375.000,-1,375.000,-1,300.000,300.000,325.000,325.000,-1,450.000,575.000,-1,775.000,825.000,-1,-1,2,0,2,0,2,0,0,0,0,2,0,0,2,0,0,2,2
2,-6900.282,-8829.384,-133.746,116.364,-0.444361,-0.895350,0.029844,0.895802,-0.443754,0.024938,-0.009085,0.037816,0.999243,0,0.24000,-0.36000,14.400,-0.720,-1,375.000,-1,375.000,-1,300.000,300.000,325.000,325.000,-1,425.000,550.000,-1,775.000,850.000,-1,-1,2,0,2,0,2,0,0,0,0,2,0,0,2,0,0,2,2
3,-6908.519,-8812.040,-133.953,115.404,-0.429265,-0.902683,0.029921,0.903139,-0.428701,0.023558,-0.008439,0.037135,0.999275,0,0.32000,-0.48000,19.200,-0.960,-1,375.000,-1,375.000,-1,300.000,300.000,325.000,325.000,-1,400.000,550.000,-1,800.000,875.000,-1,-1,2,0,2,0,2,0,0,0,0,2,0,0,2,0,0,2,2
4,-6918.358,-8790.149,-134.224,114.204,-0.410227,-0.911489,0.030013,0.911951,-0.409715,0.021865,-0.007633,0.036340,0.999310,0,0.40000,-0.60000,24.000,-1.200,-1,375.000,-1,375.000,-1,300.000,300.000,325.000,325.000,-1,325.000,525.000,-1,825.000,900.000,-1,-1,2,0,2,0,2,0,0,0,0,2,0,0,2,0,0,2,2
5,-6929.502,-8763.592,-134.566,112.764,-0.387145,-0.921527,0.030118,0.921995,-0.386692,0.019878,-0.006672,0.035464,0.999349,0,0.48000,-0.72000,28.800,-1.440,-1,375.000,-1,400.000,-1,300.000,300.000,325.000,325.000,-1,250.000,450.000,-1,850.000,925.000,-1,-1,2,0,2,0,2,0,0,0,0,2,0,0,2,0,0,2,2
6,-6941.589,-8732.242,-134.989,111.084,-0.359909,-0.932497,0.030232,0.932971,-0.359521,0.017620,-0.005561,0.034547,0.999388,0,0.56000,-0.84000,33.600,-1.680,-1,375.000,-1,400.000,-1,300.000,325.000,325.000,325.000,-1,200.000,375.000,-1,875.000,975.000,-1,-1,2,0,2,0,2,0,0,0,0,2,0,0,2,0,0,2,2
7,-6954.201,-8695.972,-135.504,109.175,-0.328593,-0.943984,0.030354,0.944462,-0.328273,0.015112,-0.004301,0.033634,0.999425,0,0.64000,-0.95433,38.400,-1.909,-1,400.000,-1,425.000,-1,325.000,325.000,325.000,325.000,-1,150.000,300.000,-1,900.000,-1,-1,-1,2,0,2,0,2,0,0,0,0,2,0,0,2,0,2,2,2
8,-6967.026,-8654.719,-136.120,107.270,-0.296957,-0.954403,0.030526,0.954887,-0.296712,0.012388,-0.002766,0.032827,0.999457,0,0.72000,-0.95273,43.200,-1.905,-1,400.000,-1,425.000,-1,325.000,325.000,325.000,325.000,-1,150.000,250.000,-1,950.000,-1,-1,-1,2,0,2,0,2,0,0,0,0,2,0,0,2,0,2,2,2
9,-6979.746,-8608.435,-136.815,105.367,-0.265037,-0.963752,0.030634,0.964238,-0.264868,0.009507,-0.001049,0.032058,0.999485,0,0.80000,-0.95130,48.000,-1.903,-1,425.000,-1,450.000,-1,350.000,350.000,325.000,325.000,-1,175.000,225.000,-1,1000.000,-1,-1,-1,2,0,2,0,2,0,0,0,0,2,0,0,2,0,2,2,2
10,-6990.901,-8561.851,-137.395,103.467,-0.232908,-0.972040,0.029854,0.972498,-0.232773,0.007985,-0.000813,0.030893,0.999522,0,0.79835,-0.95014,47.901,-1.900,-1,425.000,-1,450.000,-1,350.000,350.000,325.000,325.000,-1,200.000,225.000,-1,-1,-1,-1,-1,2,0,2,0,2,0,0,0,0,2,0,0,2,2,2,2,2
11,-7000.479,-8515.058,-138.502,101.568,-0.200597,-0.979195,0.030614,0.979672,-0.200431,0.008429,-0.002118,0.031683,0.999496,0,0.79605,-0.94943,47.763,-1.899,-1,450.000,-1,475.000,-1,350.000,350.000,325.000,325.000,-1,225.000,225.000,-1,-1,-1,-1,-1,2,0,2,0,2,0,0,0,0,2,0,0,2,2,2,2,2
12,-7008.478,-8468.115,-139.511,99.670,-0.168113,-0.985253,0.031839,0.985757,-0.167876,0.009989,-0.004497,0.033064,0.999443,0,0.79365,-0.94918,47.619,-1.898,-1,450.000,-1,475.000,-1,350.000,375.000,325.000,300.000,-1,300.000,250.000,-1,-1,-1,-1,-1,2,0,2,0,2,0,0,0,0,2,0,0,2,2,2,2,2
13,-7014.897,-8421.076,-141.111,97.771,-0.135534,-0.990303,0.030510,0.990719,-0.135144,0.014538,-0.010274,0.032198,0.999429,0,0.79125,-0.94937,47.475,-1.899,-1,450.000,-1,450.000,-1,350.000,350.000,300.000,300.000,-1,400.000,325.000,-1,-1,-1,-1,-1,2,0,2,0,2,0,0,0,0,2,0,0,2,2,2,2,2
14,-7019.738,-8373.989,-142.741,95.871,-0.102777,-0.994265,0.029576,0.994574,-0.102238,0.019210,-0.016076,0.031390,0.999378,0,0.78891,-0.95001,47.335,-1.900,-1,450.000,-1,450.000,-1,350.000,350.000,300.000,300.000,-1,550.000,450.000,-1,-1,-1,-1,-1,2,0,2,0,2,0,0,0,0,2,0,0,2,2,2,2,2
15,-7023.004,-8326.899,-144.403,93.969,-0.069866,-0.997134,0.029034,0.997316,-0.069180,0.023972,-0.021895,0.030631,0.999291,0,0.78671,-0.95109,47.203,-1.902,-1,425.000,-1,450.000,-1,350.000,350.000,300.000,300.000,-1,800.000,650.000,-1,-1,-1,-1,-1,2,0,2,0,2,0,0,0,0,2,0,0,2,2,2,2,2
16,-7024.699,-8279.846,-146.096,92.064,-0.036824,-0.998904,0.028878,0.998937,-0.035992,0.028793,-0.027722,0.029908,0.999168,0,0.78472,-0.95260,47.083,-1.905,-1,425.000,-1,450.000,-1,350.000,350.000,275.000,300.000,-1,1000.000,925.000,-1,1000.000,-1,-1,-1,2,0,2,0,2,0,0,0,0,2,0,0,2,0,2,2,2
17,-7024.825,-8232.865,-147.821,90.155,-0.003676,-0.999570,0.029103,0.999430,-0.002696,0.033643,-0.033550,0.029210,0.999010,0,0.78300,-0.95453,46.980,-1.909,-1,425.000,-1,425.000,-1,350.000,350.000,275.000,300.000,-1,-1,-1,-1,1000.000,-1,-1,-1,2,0,2,0,2,0,0,0,0,2,2,2,2,0,2,2,2
18,-7023.384,-8185.990,-149.580,88.241,0.029552,-0.999122,0.029700,0.998788,0.030687,0.038492,-0.039370,0.028527,0.998817,0,0.78161,-0.95687,46.897,-1.914,-1,425.000,-1,425.000,-1,350.000,350.000,275.000,300.000,-1,-1,-1,-1,975.000,-1,-1,-1,2,0,2,0,2,0,0,0,0,2,2,2,2,0,2,2,2
19,-7020.379,-8139.250,-151.374,86.322,0.062835,-0.997553,0.030661,0.997001,0.064132,0.043315,-0.045175,0.027847,0.998591,0,0.78060,-0.95961,46.836,-1.919,-1,425.000,-1,425.000,-1,350.000,350.000,275.000,300.000,-1,-1,-1,-1,975.000,-1,-1,-1,2,0,2,0,2,0,0,0,0,2,2,2,2,0,2,2,2
20,-7015.808,-8092.672,-153.203,84.396,0.096146,-0.994854,0.031973,0.994062,0.097615,0.048084,-0.050957,0.027160,0.998331,0,0.78001,-0.96273,46.801,-1.925,-1,425.000,-1,425.000,-1,350.000,350.000,300.000,300.000,-1,-1,-1,-1,950.000,-1,-1,-1,2,0,2,0,2,0,0,0,0,2,2,2,2,0,2,2,2
21,-7009.670,-8046.283,-155.070,82.464,0.129456,-0.991015,0.033625,0.989962,0.131109,0.052775,-0.056710,0.026456,0.998040,0,0.77987,-0.96623,46.792,-1.932,-1,425.000,-1,425.000,-1,350.000,350.000,300.000,300.000,-1,-1,-1,-1,925.000,1000.000,-1,-1,2,0,2,0,2,0,0,0,0,2,2,2,2,0,0,2,2
22,-7001.962,-8000.109,-156.976,80.523,0.162738,-0.986027,0.035604,0.984693,0.164589,0.057365,-0.062424,0.025724,0.997718,0,0.78021,-0.97008,46.813,-1.940,-1,425.000,-1,425.000,-1,350.000,350.000,300.000,300.000,-1,-1,-1,-1,925.000,975.000,-1,-1,2,0,2,0,2,0,0,0,0,2,2,2,2,0,0,2,2
23,-6992.679,-7954.174,-158.921,78.575,0.195960,-0.979879,0.037894,0.978245,0.198025,0.061832,-0.068092,0.024953,0.997367,0,0.78104,-0.97428,46.863,-1.949,-1,425.000,-1,425.000,-1,350.000,350.000,300.000,300.000,-1,-1,-1,-1,900.000,950.000,-1,-1,2,0,2,0,2,0,0,0,0,2,2,2,2,0,0,2,2
24,-6981.812,-7908.505,-161.659,76.617,0.229377,-0.972629,0.037123,0.970676,0.231402,0.065128,-0.071936,0.021095,0.997186,0,0.78238,-0.97881,46.943,-1.958,-1,425.000,-1,425.000,-1,350.000,350.000,300.000,300.000,-1,-1,-1,-1,900.000,925.000,-1,-1,2,0,2,0,2,0,0,0,0,2,2,2,2,0,0,2,2
25,-6969.356,-7863.130,-164.960,74.650,0.262849,-0.964218,0.034568,0.961848,0.264684,0.069208,-0.075881,0.015058,0.997003,0,0.78423,-0.98365,47.054,-1.967,-1,425.000,-1,425.000,-1,350.000,350.000,300.000,300.000,-1,-1,-1,-1,875.000,925.000,-1,-1,2,0,2,0,2,0,0,0,0,2,2,2,2,0,0,2,2
26,-6955.299,-7818.076,-168.352,72.672,0.296197,-0.954578,0.032377,0.951800,0.297822,0.073334,-0.079646,0.009095,0.996782,0,0.78659,-0.98880,47.195,-1.978,-1,425.000,-1,425.000,-1,350.000,350.000,300.000,325.000,-1,-1,-1,-1,850.000,925.000,-1,-1,2,0,2,0,2,0,0,0,0,2,2,2,2,0,0,2,2
27,-6938.876,-7770.555,-172.645,70.935,0.325123,-0.945133,0.031921,0.942148,0.326639,0.075265,-0.081562,0.005604,0.996653,0,0.83796,-0.86880,50.278,-1.738,-1,425.000,-1,425.000,-1,350.000,350.000,300.000,325.000,-1,-1,-1,-1,825.000,900.000,-1,-1,2,0,2,0,2,0,0,0,0,2,2,2,2,0,0,2,2
28,-6921.146,-7723.291,-177.376,69.437,0.349672,-0.936281,0.033279,0.933052,0.351231,0.077786,-0.084518,0.003851,0.996415,0,0.84133,-0.74880,50.480,-1.498,-1,425.000,-1,425.000,-1,350.000,350.000,300.000,325.000,-1,-1,-1,-1,825.000,875.000,-1,-1,2,0,2,0,2,0,0,0,0,2,2,2,2,0,0,2,2
29,-6902.383,-7676.428,-182.149,68.180,0.370077,-0.928351,0.034750,0.924878,0.371697,0.080264,-0.087430,0.002435,0.996168,0,0.84133,-0.62880,50.480,-1.258,-1,425.000,-1,425.000,-1,350.000,350.000,300.000,300.000,-1,-1,-1,-1,800.000,850.000,-1,-1,2,0,2,0,2,0,0,0,0,2,2,2,2,0,0,2,2
30,-6882.790,-7629.905,-186.960,67.162,0.386429,-0.921605,0.036290,0.917887,0.388127,0.082714,-0.090314,0.001347,0.995912,0,0.84133,-0.50880,50.480,-1.018,-1,425.000,-1,425.000,-1,350.000,325.000,300.000,300.000,-1,-1,-1,-1,775.000,850.000,-1,-1,2,0,2,0,2,0,0,0,0,2,2,2,2,0,0,2,2
31,-6862.427,-7583.331,-191.840,66.384,0.398804,-0.916254,0.037879,0.912287,0.400598,0.085169,-0.093211,0.000590,0.995646,0,0.84717,-0.38880,50.830,-0.778,-1,425.000,-1,425.000,-1,325.000,325.000,300.000,300.000,-1,-1,-1,-1,775.000,825.000,-1,-1,2,0,2,0,2,0,0,0,0,2,2,2,2,0,0,2,2
32,-6841.466,-7536.589,-196.791,65.847,0.407268,-0.912455,0.039487,0.908235,0.409178,0.087653,-0.096137,0.000165,0.995368,0,0.85376,-0.26880,51.226,-0.538,-1,400.000,-1,400.000,-1,325.000,325.000,300.000,300.000,-1,-1,-1,-1,750.000,800.000,-1,-1,2,0,2,0,2,0,0,0,0,2,2,2,2,0,0,2,2
33,-6820.099,-7489.596,-201.812,65.549,0.411868,-0.910317,0.041086,0.905838,0.413912,0.090187,-0.099105,0.000072,0.995077,0,0.86037,-0.14880,51.622,-0.298,-1,400.000,-1,400.000,-1,325.000,325.000,300.000,300.000,-1,-1,-1,-1,725.000,775.000,-1,-1,2,0,2,0,2,0,0,0,0,2,2,2,2,0,0,2,2
34,-6798.519,-7442.261,-206.901,65.492,0.412629,-0.909900,0.042644,0.905157,0.414827,0.092790,-0.102120,0.000311,0.994772,0,0.86702,-0.02880,52.021,-0.058,-1,400.000,-1,400.000,-1,325.000,325.000,300.000,300.000,-1,-1,-1,-1,700.000,750.000,-1,-1,2,0,2,0,2,0,0,0,0,2,2,2,2,0,0,2,2
35,-6776.924,-7394.491,-212.055,65.674,0.409558,-0.911216,0.044132,0.906200,0.411928,0.095481,-0.105183,0.000887,0.994452,0,0.87372,0.09120,52.423,0.182,-1,375.000,-1,400.000,-1,325.000,325.000,300.000,300.000,-1,-1,-1,-1,700.000,725.000,1000.000,-1,2,0,2,0,2,0,0,0,0,2,2,2,2,0,0,1,2
36,-6755.444,-7346.226,-217.340,66.009,0.404082,-0.913611,0.045081,0.908344,0.406587,0.097974,-0.107840,0.001360,0.994167,0,0.88048,0.16769,52.829,0.335,-1,375.000,-1,400.000,-1,325.000,325.000,300.000,300.000,-1,-1,-1,-1,675.000,700.000,925.000,-1,2,0,2,0,2,0,0,0,0,2,2,2,2,0,0,1,2
37,-6734.084,-7297.459,-222.911,66.346,0.398702,-0.915987,0.044762,0.910491,0.401206,0.100200,-0.109741,0.000806,0.993960,0,0.88732,0.16851,53.239,0.337,1000.000,375.000,1000.000,375.000,-1,300.000,325.000,300.000,300.000,-1,-1,-1,-1,650.000,700.000,875.000,-1,0,0,1,0,2,0,0,0,0,2,2,2,2,0,0,1,2
38,-6712.849,-7248.188,-228.079,66.685,0.393170,-0.918341,0.045469,0.912843,0.395785,0.100358,-0.110159,0.002049,0.993912,0,0.89421,0.16931,53.652,0.339,975.000,375.000,950.000,375.000,-1,300.000,300.000,300.000,300.000,-1,-1,-1,-1,650.000,675.000,825.000,-1,0,0,1,0,2,0,0,0,0,2,2,2,2,0,0,1,2
39,-6691.744,-7198.407,-233.256,67.025,0.387595,-0.920671,0.046206,0.915192,0.390325,0.100351,-0.110425,0.003392,0.993879,0,0.90115,0.17008,54.069,0.340,925.000,375.000,875.000,375.000,-1,300.000,300.000,300.000,300.000,-1,-1,-1,-1,650.000,675.000,775.000,-1,0,0,1,0,2,0,0,0,0,2,2,2,2,0,0,1,2
40,-6670.774,-7148.114,-238.542,67.367,0.381976,-0.922977,0.046995,0.917541,0.384825,0.100143,-0.110515,0.004867,0.993863,0,0.90816,0.17084,54.490,0.342,900.000,350.000,825.000,375.000,-1,300.000,300.000,300.000,300.000,-1,-1,-1,-1,625.000,675.000,725.000,-1,0,0,1,0,2,0,0,0,0,2,2,2,2,1,0,1,2
41,-6649.946,-7097.304,-244.369,67.710,0.376213,-0.925246,0.048824,0.920078,0.379282,0.097987,-0.109180,0.008058,0.993989,0,0.91523,0.17158,54.914,0.343,875.000,350.000,775.000,375.000,-1,300.000,300.000,300.000,300.000,-1,-1,-1,-1,600.000,675.000,675.000,975.000,0,0,1,0,2,0,0,0,0,2,2,2,2,1,0,1,1
42,-6629.264,-7045.974,-249.692,68.055,0.370717,-0.927502,0.048043,0.922664,0.373707,0.095047,-0.106110,0.009092,0.994313,0,0.92236,0.17231,55.341,0.345,875.000,350.000,725.000,375.000,-1,300.000,300.000,300.000,300.000,-1,-1,-1,-1,550.000,675.000,625.000,900.000,0,0,1,0,2,0,0,0,0,2,2,2,2,1,0,1,1
43,-6608.733,-6994.118,-255.053,68.401,0.365204,-0.929734,0.047117,0.925224,0.368095,0.092012,-0.102891,0.009991,0.994642,0,0.92954,0.17302,55.772,0.346,875.000,375.000,675.000,375.000,-1,300.000,300.000,300.000,300.000,-1,-1,-1,-1,525.000,675.000,575.000,850.000,0,0,1,0,2,0,0,0,0,2,2,2,2,1,1,1,1
44,-6588.360,-6941.734,-260.478,68.748,0.359660,-0.931941,0.046162,0.927753,0.362448,0.088913,-0.099593,0.010848,0.994969,0,0.93678,0.17372,56.207,0.347,750.000,375.000,625.000,375.000,1000.000,300.000,300.000,300.000,300.000,-1,-1,-1,-1,475.000,625.000,525.000,775.000,1,0,1,0,1,0,0,0,0,2,2,2,2,1,1,1,1
45,-6568.150,-6888.818,-265.951,69.097,0.354092,-0.934122,0.045103,0.930253,0.356764,0.085725,-0.096168,0.011603,0.995297,0,0.94409,0.17441,56.645,0.349,650.000,375.000,575.000,375.000,900.000,300.000,300.000,300.000,300.000,-1,-1,-1,-1,450.000,575.000,475.000,700.000,1,1,1,0,1,0,0,0,0,2,2,2,2,1,1,1,1
46,-6548.109,-6835.365,-271.462,69.447,0.348504,-0.936279,0.043899,0.932723,0.351046,0.082431,-0.092589,0.012219,0.995629,0,0.95145,0.17510,57.087,0.350,550.000,325.000,500.000,375.000,825.000,300.000,325.000,300.000,325.000,-1,-1,-1,-1,400.000,525.000,425.000,650.000,1,1,1,0,1,0,0,0,0,2,2,2,2,1,1,1,1
47,-6528.242,-6781.373,-277.032,69.799,0.342886,-0.938409,0.042647,0.935160,0.345292,0.079058,-0.088914,0.012774,0.995957,0,0.95887,0.17579,57.532,0.352,475.000,300.000,450.000,375.000,725.000,300.000,325.000,300.000,325.000,-1,425.000,375.000,-1,375.000,450.000,375.000,575.000,1,1,1,0,1,1,1,0,0,2,0,0,2,1,1,1,1
48,-6508.556,-6726.837,-282.627,70.152,0.337220,-0.940510,0.041517,0.937558,0.339501,0.075662,-0.085255,0.013410,0.996269,0,0.96635,0.17648,57.981,0.353,400.000,275.000,400.000,350.000,650.000,250.000,300.000,300.000,325.000,-1,375.000,325.000,-1,325.000,400.000,325.000,500.000,1,1,1,1,1,1,1,0,0,2,0,0,2,1,1,1,1
49,-6489.057,-6671.754,-288.218,70.506,0.331495,-0.942581,0.040648,0.939913,0.333674,0.072291,-0.081703,0.014241,0.996555,0,0.97389,0.17719,58.433,0.354,325.000,225.000,350.000,300.000,550.000,225.000,250.000,300.000,325.000,-1,325.000,300.000,-1,275.000,350.000,275.000,450.000,1,1,1,1,1,1,1,0,0,2,0,0,2,1,1,1,1
50,-6469.751,-6616.120,-292.475,70.862,0.325369,-0.944528,0.044736,0.942451,0.327776,0.065938,-0.076944,0.020707,0.996820,0,0.98148,0.17792,58.889,0.356,275.000,200.000,300.000,250.000,475.000,200.000,200.000,300.000,300.000,-1,325.000,275.000,-1,250.000,300.000,225.000,375.000,1,1,1,1,1,1,1,0,0,2,0,0,2,1,1,1,1
51,-6450.651,-6559.932,-292.957,71.219,0.318950,-0.945886,0.059751,0.945893,0.321651,0.042733,-0.059640,0.042888,0.997298,0,0.98914,0.17869,59.348,0.357,275.000,175.000,250.000,200.000,375.000,175.000,175.000,350.000,300.000,-1,275.000,200.000,-1,225.000,250.000,225.000,300.000,1,1,1,1,1,1,1,0,0,2,0,0,2,1,1,1,1
52,-6431.767,-6503.184,-292.954,71.578,0.313151,-0.946626,0.076394,0.948829,0.315299,0.017595,-0.040743,0.066975,0.996922,0,0.99684,0.17951,59.811,0.359,300.000,150.000,200.000,175.000,300.000,150.000,150.000,425.000,275.000,-1,250.000,150.000,700.000,200.000,200.000,200.000,250.000,1,1,1,1,1,1,1,0,0,2,0,0,0,1,1,1,1
53,-5575.322,2295.849,-150.178,41.588,0.681104,-0.658583,0.319945,0.658354,0.742086,0.126014,-0.320418,0.124808,0.939018,1,0.00000,0.00000,60.000,0.361,800.000,300.000,525.000,200.000,100.000,250.000,200.000,275.000,225.000,275.000,50.000,150.000,-1,450.000,275.000,575.000,100.000,0,0,0,0,0,0,0,1,0,1,1,1,2,0,0,0,0
54,4264.189,2291.004,-238.908,-82.680,0.126230,0.990609,-0.052534,-0.991728,0.127259,0.016724,0.023253,0.049989,0.998479,1,0.08000,-0.12000,4.800,-0.240,-1,400.000,-1,400.000,-1,325.000,325.000,300.000,300.000,975.000,525.000,525.000,-1,-1,850.000,-1,-1,2,0,2,0,2,0,0,0,0,1,0,0,2,2,0,2,2
55,4265.333,2281.472,-238.687,-83.160,0.117940,0.991637,-0.052401,-0.992759,0.118956,0.016700,0.022794,0.050052,0.998486,0,0.16000,-0.24000,9.600,-0.480,-1,400.000,-1,400.000,-1,325.000,325.000,300.000,300.000,950.000,525.000,550.000,-1,-1,850.000,-1,-1,2,0,2,0,2,0,0,0,0,1,0,0,2,2,0,2,2
56,4266.868,2267.154,-238.364,-83.880,0.105489,0.993049,-0.052203,-0.994175,0.106485,0.016668,0.022111,0.050140,0.998497,0,0.24000,-0.36000,14.400,-0.720,-1,400.000,-1,400.000,-1,325.000,325.000,300.000,300.000,900.000,550.000,550.000,-1,-1,850.000,-1,-1,2,0,2,0,2,0,0,0,0,1,0,0,2,2,0,2,2
57,4268.673,2248.038,-237.949,-84.606,0.092919,0.994319,-0.051930,-0.995443,0.093893,0.016640,0.021422,0.050147,0.998512,0,0.32000,-0.36301,19.200,-0.726,-1,400.000,-1,400.000,-1,325.000,325.000,300.000,300.000,875.000,550.000,575.000,-1,-1,850.000,-1,-1,2,0,2,0,2,0,0,0,0,1,0,0,2,2,0,2,2
58,4270.624,2224.118,-237.448,-85.338,0.080227,0.995441,-0.051582,-0.996561,0.081178,0.016619,0.020731,0.050071,0.998530,0,0.40000,-0.36613,24.000,-0.732,-1,425.000,-1,400.000,-1,325.000,325.000,300.000,300.000,825.000,575.000,600.000,-1,-1,850.000,-1,-1,2,0,2,0,2,0,0,0,0,1,0,0,2,2,0,2,2
59,4272.593,2195.385,-236.866,-86.078,0.067379,0.996415,-0.051158,-0.997526,0.068306,0.016605,0.020040,0.049913,0.998552,0,0.48000,-0.37028,28.800,-0.741,-1,425.000,-1,400.000,-1,325.000,325.000,300.000,300.000,800.000,600.000,625.000,-1,1000.000,875.000,-1,-1,2,0,2,0,2,0,0,0,0,1,0,0,2,1,0,2,2
60,4274.451,2161.836,-236.212,-86.830,0.054335,0.997237,-0.050660,-0.998335,0.055238,0.016599,0.019351,0.049674,0.998578,0,0.56000,-0.37559,33.600,-0.751,-1,425.000,-1,400.000,-1,325.000,325.000,300.000,300.000,775.000,650.000,650.000,-1,975.000,875.000,-1,-1,2,0,2,0,2,0,0,0,0,1,0,0,2,1,0,2,2
61,4276.063,2123.470,-235.491,-87.594,0.041053,0.997901,-0.050088,-0.998983,0.041931,0.016603,0.018669,0.049356,0.998607,0,0.64000,-0.38217,38.400,-0.764,-1,425.000,-1,400.000,-1,325.000,325.000,300.000,300.000,750.000,675.000,700.000,-1,925.000,875.000,-1,1000.000,2,0,2,0,2,0,0,0,0,1,0,0,2,1,1,2,1
62,4277.173,2084.354,-234.783,-88.374,0.027483,0.998396,-0.049507,-0.999460,0.028336,0.016616,0.017992,0.049024,0.998636,0,0.65218,-0.39019,39.131,-0.780,-1,450.000,1000.000,425.000,-1,350.000,325.000,300.000,300.000,750.000,725.000,725.000,-1,875.000,850.000,975.000,975.000,2,0,1,0,2,0,0,0,0,1,0,0,2,1,1,1,1
63,4277.736,2045.390,-234.103,-89.172,0.013604,0.998709,-0.048933,-0.999757,0.014433,0.016636,0.017321,0.048695,0.998663,0,0.64947,-0.39887,38.968,-0.798,-1,450.000,975.000,425.000,-1,350.000,350.000,300.000,300.000,725.000,750.000,775.000,-1,850.000,825.000,925.000,925.000,2,0,1,0,2,0,0,0,0,1,0,0,2,1,1,1,1
64,4277.743,2006.539,-233.450,-89.988,-0.000598,0.998829,-0.048368,-0.999861,0.000209,0.016668,0.016658,0.048372,0.998690,0,0.64752,-0.40800,38.851,-0.816,975.000,450.000,925.000,425.000,1000.000,350.000,350.000,300.000,300.000,725.000,800.000,800.000,-1,800.000,800.000,875.000,900.000,1,0,1,0,1,0,0,0,0,1,0,0,2,1,1,1,1
65,4277.186,1967.764,-232.837,-90.823,-0.015131,0.998746,-0.047723,-0.999758,-0.014350,0.016676,0.015970,0.047964,0.998721,0,0.64632,-0.41756,38.779,-0.835,925.000,475.000,900.000,425.000,950.000,350.000,350.000,300.000,300.000,725.000,825.000,850.000,-1,750.000,750.000,825.000,875.000,1,0,1,0,1,0,0,0,0,1,0,0,2,1,1,1,1
66,4276.106,1924.198,-233.132,-91.418,-0.025322,0.998627,-0.045865,-0.999603,-0.024725,0.013531,0.012378,0.046190,0.998856,0,0.72632,-0.29756,43.579,-0.595,850.000,450.000,850.000,425.000,900.000,350.000,350.000,300.000,300.000,750.000,900.000,925.000,-1,700.000,725.000,775.000,825.000,1,0,1,0,1,0,0,0,0,1,0,0,2,1,1,1,1
67,4274.607,1875.842,-233.547,-91.773,-0.031323,0.998528,-0.044281,-0.999474,-0.030916,0.009839,0.008456,0.044566,0.998971,0,0.80632,-0.17756,48.379,-0.355,800.000,450.000,800.000,425.000,850.000,350.000,350.000,300.000,300.000,750.000,-1,-1,-1,650.000,675.000,725.000,775.000,1,0,1,0,1,0,0,0,0,1,2,2,2,1,1,1,1
68,4272.853,1822.691,-234.004,-91.889,-0.033144,0.998540,-0.042652,-0.999441,-0.032925,0.005814,0.004401,0.042821,0.999073,0,0.88632,-0.05756,53.179,-0.115,725.000,450.000,725.000,425.000,775.000,350.000,350.000,300.000,300.000,775.000,-1,-1,-1,600.000,625.000,675.000,700.000,1,0,1,0,1,0,0,0,0,1,2,2,2,1,1,1,1
69,4271.186,1768.601,-234.460,-91.764,-0.030797,0.998683,-0.041042,-0.999526,-0.030751,0.001739,0.000475,0.041076,0.999156,0,0.90194,0.06244,54.116,0.125,675.000,450.000,675.000,400.000,725.000,350.000,325.000,300.000,300.000,825.000,-1,-1,-1,550.000,575.000,600.000,650.000,1,0,1,0,1,0,0,0,0,1,2,2,2,1,1,1,1
70,4269.849,1713.881,-234.908,-91.399,-0.024280,0.998928,-0.039408,-0.999700,-0.024392,-0.002371,-0.003330,0.039338,0.999220,0,0.91226,0.18244,54.736,0.365,600.000,450.000,600.000,400.000,650.000,350.000,325.000,275.000,300.000,850.000,-1,-1,-1,500.000,525.000,550.000,575.000,1,0,1,0,1,0,0,0,0,1,2,2,2,1,1,1,1
71,4269.080,1658.492,-235.342,-90.794,-0.013591,0.999197,-0.037693,-0.999883,-0.013847,-0.006532,-0.007048,0.037600,0.999268,0,0.92324,0.30244,55.394,0.605,550.000,400.000,550.000,400.000,575.000,350.000,325.000,275.000,300.000,900.000,-1,-1,-1,450.000,475.000,500.000,525.000,1,1,1,1,1,0,0,0,0,1,2,2,2,1,1,1,1
72,4269.129,1602.405,-235.758,-89.949,0.001274,0.999357,-0.035843,-0.999942,0.000888,-0.010757,-0.010718,0.035855,0.999300,0,0.93478,0.42244,56.087,0.845,475.000,375.000,500.000,350.000,500.000,325.000,325.000,300.000,300.000,950.000,-1,-1,-1,400.000,425.000,450.000,450.000,1,1,1,1,1,1,1,0,0,1,2,2,2,1,1,1,1
73,4270.254,1545.610,-236.153,-88.864,0.020311,0.999222,-0.033804,-0.999690,0.019811,-0.015059,-0.014378,0.034099,0.999315,0,0.94678,0.54244,56.807,1.085,425.000,325.000,425.000,325.000,425.000,300.000,300.000,300.000,300.000,1000.000,-1,-1,-1,350.000,350.000,375.000,375.000,1,1,1,1,1,1,1,0,0,1,2,2,2,1,1,1,1
74,4272.724,1488.116,-236.526,-87.539,0.043511,0.998556,-0.031520,-0.998890,0.042911,-0.019450,-0.018069,0.032331,0.999314,0,0.95912,0.66244,57.547,1.325,375.000,275.000,350.000,275.000,350.000,250.000,250.000,300.000,300.000,-1,-1,-1,-1,300.000,300.000,325.000,325.000,1,1,1,1,1,1,1,0,0,2,2,2,2,1,1,1,1
75,4276.660,1429.950,-236.876,-86.128,0.068184,0.997252,-0.028974,-0.997432,0.067501,-0.023942,-0.021921,0.030532,0.999293,0,0.97164,0.70580,58.298,1.412,325.000,225.000,300.000,225.000,275.000,200.000,200.000,300.000,300.000,-1,-1,-1,-1,250.000,250.000,275.000,250.000,1,1,1,1,1,1,1,0,0,2,2,2,2,1,1,1,1
76,4282.065,1371.148,-237.210,-84.747,0.092268,0.995390,-0.026181,-0.995394,0.091518,-0.028545,-0.026018,0.028694,0.999250,0,0.98417,0.69042,59.050,1.381,250.000,175.000,225.000,175.000,200.000,175.000,175.000,300.000,300.000,-1,-1,-1,-1,200.000,200.000,225.000,175.000,1,1,1,1,1,1,1,0,0,2,2,2,2,1,1,1,1
77,4288.937,1311.748,-233.235,-83.398,0.115114,0.993312,-0.008965,-0.993238,0.114959,-0.016192,-0.015053,0.010768,0.999829,0,0.99661,0.67428,59.797,1.349,200.000,125.000,175.000,150.000,150.000,125.000,125.000,300.000,350.000,-1,-1,-1,-1,150.000,175.000,175.000,150.000,1,1,1,1,1,1,1,0,0,2,2,2,2,1,1,1,1
78,4297.200,1252.318,-216.252,-82.084,0.138269,0.990339,0.010513,-0.989554,0.137707,0.042650,0.040790,-0.016300,0.999035,0,1.00000,0.65729,60.000,1.315,150.000,125.000,175.000,150.000,150.000,125.000,125.000,300.000,450.000,975.000,100.000,650.000,-1,125.000,175.000,150.000,150.000,1,1,1,1,1,1,1,0,0,1,0,0,2,1,1,1,1
79,6747.902,-3180.910,-481.008,164.479,-0.962683,-0.267541,-0.040797,0.266439,-0.963369,0.030489,-0.047460,0.018481,0.998702,1,0.00000,0.00000,60.000,1.279,725.000,850.000,-1,-1,-1,-1,-1,275.000,225.000,-1,-1,-1,-1,-1,-1,-1,-1,1,1,2,2,2,2,2,0,1,2,2,2,2,2,2,2,2
80,9514.931,8196.373,-378.634,-35.379,0.815145,0.578976,0.018031,-0.578885,0.815342,-0.010458,-0.020757,-0.001913,0.999783,1,0.08000,-0.12000,4.800,-0.240,-1,400.000,-1,425.000,-1,325.000,325.000,325.000,300.000,-1,950.000,875.000,-1,850.000,900.000,-1,-1,2,0,2,0,2,0,0,0,0,2,0,0,2,0,0,2,2
81,9522.725,8190.768,-378.778,-35.721,0.811667,0.583844,0.017959,-0.583745,0.811864,-0.010854,-0.020917,-0.001674,0.999780,0,0.16000,-0.17139,9.600,-0.343,-1,400.000,-1,425.000,-1,325.000,325.000,325.000,300.000,-1,975.000,900.000,-1,850.000,900.000,-1,-1,2,0,2,0,2,0,0,0,0,2,0,0,2,0,0,2,2
82,9534.365,8182.291,-379.001,-36.064,0.808161,0.588691,0.017878,-0.588581,0.808357,-0.011448,-0.021192,-0.001271,0.999775,0,0.24000,-0.17139,14.400,-0.343,-1,400.000,-1,425.000,-1,325.000,325.000,325.000,300.000,-1,-1,925.000,-1,850.000,900.000,-1,-1,2,0,2,0,2,0,0,0,0,2,2,0,2,0,0,2,2
83,9549.818,8170.896,-379.347,-36.407,0.804621,0.593516,0.017996,-0.593392,0.804821,-0.012192,-0.021720,-0.000868,0.999764,0,0.32000,-0.17139,19.200,-0.343,-1,400.000,-1,425.000,-1,325.000,325.000,325.000,300.000,-1,-1,975.000,-1,850.000,900.000,-1,-1,2,0,2,0,2,0,0,0,0,2,2,0,2,0,0,2,2
84,9569.048,8156.536,-379.927,-36.750,0.801035,0.598321,0.018845,-0.598181,0.801256,-0.012957,-0.022852,-0.000893,0.999738,0,0.40000,-0.17139,24.000,-0.343,-1,400.000,-1,425.000,-1,325.000,325.000,325.000,300.000,-1,-1,-1,-1,850.000,875.000,-1,-1,2,0,2,0,2,0,0,0,0,2,2,2,2,0,0,2,2
85,9592.021,8139.166,-380.627,-37.093,0.797417,0.603104,0.019805,-0.602943,0.797662,-0.013924,-0.024195,-0.000838,0.999707,0,0.48000,-0.17139,28.800,-0.343,-1,400.000,-1,400.000,-1,325.000,325.000,325.000,300.000,-1,-1,-1,-1,825.000,875.000,-1,-1,2,0,2,0,2,0,0,0,0,2,2,2,2,0,0,2,2
86,9618.701,8118.742,-381.551,-37.435,0.793767,0.607865,0.020836,-0.607691,0.794040,-0.014583,-0.025409,-0.001086,0.999677,0,0.56000,-0.17139,33.600,-0.343,-1,400.000,-1,400.000,-1,325.000,325.000,325.000,300.000,-1,-1,-1,-1,825.000,875.000,-1,-1,2,0,2,0,2,0,0,0,0,2,2,2,2,0,0,2,2
87,9649.052,8095.218,-382.686,-37.778,0.790086,0.612604,0.021917,-0.612421,0.790389,-0.015045,-0.026539,-0.001536,0.999647,0,0.64000,-0.17139,38.400,-0.343,-1,400.000,-1,400.000,-1,325.000,325.000,325.000,300.000,-1,-1,-1,-1,825.000,875.000,-1,-1,2,0,2,0,2,0,0,0,0,2,2,2,2,0,0,2,2
88,9683.038,8068.550,-383.969,-38.121,0.786375,0.617321,0.023018,-0.617125,0.786709,-0.015681,-0.027789,-0.001874,0.999612,0,0.72000,-0.17139,43.200,-0.343,-1,400.000,-1,400.000,-1,325.000,325.000,325.000,300.000,-1,-1,-1,-1,800.000,875.000,-1,-1,2,0,2,0,2,0,0,0,0,2,2,2,2,0,0,2,2
89,9719.088,8039.911,-385.345,-38.464,0.782635,0.622016,0.024059,-0.621801,0.783002,-0.016487,-0.029093,-0.002057,0.999575,0,0.76735,-0.17139,46.041,-0.343,-1,400.000,-1,400.000,-1,325.000,325.000,325.000,300.000,-1,-1,-1,-1,800.000,875.000,-1,-1,2,0,2,0,2,0,0,0,0,2,2,2,2,0,0,2,2
90,9754.967,8011.058,-386.769,-38.806,0.778863,0.626689,0.025146,-0.626452,0.779266,-0.017374,-0.030484,-0.002221,0.999533,0,0.76735,-0.17139,46.041,-0.343,-1,400.000,-1,400.000,-1,325.000,325.000,325.000,300.000,-1,-1,-1,-1,800.000,850.000,-1,-1,2,0,2,0,2,0,0,0,0,2,2,2,2,0,0,2,2
91,9790.672,7981.990,-388.280,-39.149,0.775054,0.631339,0.026488,-0.631079,0.775502,-0.018300,-0.032095,-0.002532,0.999482,0,0.76735,-0.17139,46.041,-0.343,-1,400.000,-1,400.000,-1,325.000,325.000,325.000,300.000,-1,-1,-1,-1,775.000,850.000,-1,-1,2,0,2,0,2,0,0,0,0,2,2,2,2,0,0,2,2
92,9826.202,7952.709,-389.786,-39.492,0.771222,0.635968,0.027607,-0.635678,0.771711,-0.019370,-0.033623,-0.002611,0.999431,0,0.76735,-0.17139,46.041,-0.343,-1,400.000,-1,400.000,-1,325.000,325.000,325.000,300.000,-1,-1,-1,-1,775.000,850.000,-1,-1,2,0,2,0,2,0,0,0,0,2,2,2,2,0,0,2,2
93,9861.557,7923.217,-391.330,-39.835,0.767368,0.640573,0.028495,-0.640240,0.767893,-0.020787,-0.035197,-0.002293,0.999378,0,0.76735,-0.17139,46.041,-0.343,-1,400.000,-1,400.000,-1,325.000,325.000,325.000,300.000,-1,-1,-1,-1,775.000,850.000,-1,-1,2,0,2,0,2,0,0,0,0,2,2,2,2,0,0,2,2
94,9896.735,7893.513,-392.918,-40.177,0.763494,0.645157,0.029145,-0.644764,0.764049,-0.022573,-0.036831,-0.001558,0.999320,0,0.76735,-0.17139,46.041,-0.343,-1,400.000,-1,400.000,-1,325.000,325.000,325.000,300.000,-1,-1,-1,-1,750.000,825.000,-1,-1,2,0,2,0,2,0,0,0,0,2,2,2,2,0,0,2,2
95,9931.734,7863.599,-394.539,-40.520,0.759605,0.649717,0.029455,-0.649252,0.760176,-0.024585,-0.038364,-0.000449,0.999264,0,0.76735,-0.17139,46.041,-0.343,-1,400.000,-1,400.000,-1,325.000,325.000,300.000,300.000,-1,-1,-1,-1,750.000,825.000,-1,-1,2,0,2,0,2,0,0,0,0,2,2,2,2,0,0,2,2
96,9966.554,7833.476,-396.169,-40.863,0.755699,0.654253,0.029528,-0.653704,0.756275,-0.026799,-0.039864,0.000949,0.999205,0,0.76735,-0.17139,46.041,-0.343,-1,375.000,-1,400.000,-1,325.000,325.000,300.000,300.000,-1,-1,-1,-1,750.000,825.000,-1,-1,2,0,2,0,2,0,0,0,0,2,2,2,2,0,0,2,2
97,10001.197,7803.142,-397.781,-41.206,0.751775,0.658760,0.029484,-0.658118,0.752349,-0.029188,-0.041410,0.002539,0.999139,0,0.76745,-0.17125,46.047,-0.342,-1,375.000,-1,400.000,-1,325.000,325.000,325.000,300.000,-1,-1,-1,-1,750.000,800.000,-1,-1,2,0,2,0,2,0,0,0,0,2,2,2,2,0,0,2,2
98,10035.768,7772.512,-399.528,-41.541,0.747908,0.663153,0.029361,-0.662439,0.748474,-0.030993,-0.042529,0.003731,0.999088,0,0.76979,-0.16780,46.188,-0.336,-1,375.000,-1,400.000,-1,325.000,325.000,325.000,300.000,-1,-1,-1,-1,750.000,800.000,-1,-1,2,0,2,0,2,0,0,0,0,2,2,2,2,0,0,2,2
99,10070.258,7741.599,-401.490,-41.870,0.744097,0.667433,0.029192,-0.666688,0.744658,-0.031798,-0.042961,0.004199,0.999068,0,0.77194,-0.16427,46.316,-0.329,-1,375.000,-1,400.000,-1,325.000,325.000,325.000,300.000,-1,-1,-1,-1,750.000,800.000,-1,-1,2,0,2,0,2,0,0,0,0,2,2,2,2,0,0,2,2
100,10104.661,7710.414,-403.435,-42.191,0.740351,0.671597,0.028933,-0.670823,0.740901,-0.032590,-0.043325,0.004719,0.999050,0,0.77388,-0.16067,46.433,-0.321,-1,400.000,-1,400.000,-1,325.000,325.000,325.000,300.000,-1,-1,-1,-1,750.000,775.000,-1,-1,2,0,2,0,2,0,0,0,0,2,2,2,2,0,0,2,2
101,10138.969,7678.971,-405.343,-42.505,0.736672,0.675646,0.028590,-0.674845,0.737208,-0.033285,-0.043566,0.005226,0.999037,0,0.77563,-0.15699,46.538,-0.314,-1,400.000,-1,400.000,-1,325.000,325.000,325.000,300.000,-1,-1,-1,-1,750.000,775.000,-1,-1,2,0,2,0,2,0,0,0,0,2,2,2,2,0,0,2,2
102,10173.176,7647.282,-407.238,-42.812,0.733063,0.679577,0.028156,-0.678752,0.733581,-0.033991,-0.043754,0.005807,0.999025,0,0.77716,-0.15325,46.629,-0.307,-1,400.000,-1,400.000,-1,325.000,325.000,325.000,300.000,-1,-1,-1,-1,750.000,775.000,-1,-1,2,0,2,0,2,0,0,0,0,2,2,2,2,0,0,2,2
103,10207.275,7615.361,-409.118,-43.110,0.729528,0.683393,0.027631,-0.682541,0.730023,-0.034708,-0.043890,0.006461,0.999015,0,0.77848,-0.14946,46.709,-0.299,-1,400.000,-1,400.000,-1,325.000,325.000,325.000,300.000,-1,-1,-1,-1,750.000,775.000,-1,-1,2,0,2,0,2,0,0,0,0,2,2,2,2,0,0,2,2
104,10241.259,7583.221,-411.075,-43.402,0.726065,0.687093,0.027055,-0.686237,0.726537,-0.034961,-0.043678,0.006818,0.999022,0,0.77958,-0.14563,46.775,-0.291,-1,400.000,-1,400.000,-1,325.000,325.000,325.000,300.000,-1,-1,-1,-1,750.000,775.000,-1,-1,2,0,2,0,2,0,0,0,0,2,2,2,2,0,0,2,2
105,10275.123,7550.877,-413.189,-43.685,0.722647,0.690681,0.027222,-0.689823,0.723130,-0.035032,-0.043881,0.006537,0.999015,0,0.78047,-0.14177,46.828,-0.284,-1,400.000,-1,400.000,-1,325.000,325.000,325.000,300.000,-1,-1,-1,-1,750.000,775.000,-1,-1,2,0,2,0,2,0,0,0,0,2,2,2,2,0,0,2,2
106,10308.860,7518.342,-415.378,-43.961,0.719285,0.694157,0.027857,-0.693293,0.719799,-0.035128,-0.044436,0.005954,0.998994,0,0.78114,-0.13789,46.869,-0.276,-1,400.000,-1,400.000,-1,325.000,325.000,325.000,300.000,-1,-1,-1,-1,750.000,775.000,-1,-1,2,0,2,0,2,0,0,0,0,2,2,2,2,0,0,2,2
107,10342.464,7485.631,-417.576,-44.229,0.716006,0.697518,0.028362,-0.696645,0.716546,-0.035331,-0.044967,0.005539,0.998973,0,0.78160,-0.13401,46.896,-0.268,-1,400.000,-1,400.000,-1,325.000,325.000,325.000,300.000,-1,-1,-1,-1,725.000,775.000,-1,-1,2,0,2,0,2,0,0,0,0,2,2,2,2,0,0,2,2
108,10373.817,7454.564,-419.698,-44.737,0.709779,0.703845,0.028571,-0.702962,0.710334,-0.035624,-0.045369,0.005201,0.998957,0,0.73564,-0.25401,44.138,-0.508,-1,400.000,-1,400.000,-1,325.000,325.000,325.000,300.000,-1,-1,-1,-1,725.000,750.000,-1,-1,2,0,2,0,2,0,0,0,0,2,2,2,2,0,0,2,2
109,10404.796,7423.133,-421.821,-45.415,0.701391,0.712198,0.028706,-0.711304,0.701962,-0.036007,-0.045794,0.004836,0.998939,0,0.73552,-0.33883,44.131,-0.678,-1,375.000,-1,400.000,-1,325.000,325.000,325.000,300.000,-1,-1,-1,-1,725.000,750.000,-1,-1,2,0,2,0,2,0,0,0,0,2,2,2,2,0,0,2,2
110,10435.386,7391.362,-423.905,-46.085,0.693013,0.720359,0.028579,-0.719449,0.693586,-0.036506,-0.046120,0.004738,0.998925,0,0.73507,-0.33501,44.104,-0.670,-1,375.000,-1,400.000,-1,325.000,325.000,325.000,300.000,-1,-1,-1,-1,725.000,750.000,-1,-1,2,0,2,0,2,0,0,0,0,2,2,2,2,0,0,2,2
111,10465.578,7359.268,-425.974,-46.750,0.684613,0.728357,0.028309,-0.727427,0.685181,-0.037102,-0.046421,0.004808,0.998910,0,0.73440,-0.33237,44.064,-0.665,-1,375.000,-1,400.000,-1,325.000,325.000,300.000,300.000,-1,-1,-1,-1,725.000,750.000,-1,-1,2,0,2,0,2,0,0,0,0,2,2,2,2,0,0,2,2
112,10495.363,7326.865,-428.027,-47.410,0.676182,0.736206,0.027894,-0.735253,0.676738,-0.037791,-0.046699,0.005045,0.998896,0,0.73353,-0.33027,44.012,-0.661,-1,375.000,-1,400.000,-1,325.000,325.000,300.000,300.000,-1,-1,-1,-1,725.000,750.000,-1,-1,2,0,2,0,2,0,0,0,0,2,2,2,2,0,0,2,2
113,10524.732,7294.171,-430.063,-48.067,0.667716,0.743914,0.027330,-0.742934,0.668253,-0.038566,-0.046953,0.005447,0.998882,0,0.73247,-0.32840,43.948,-0.657,-1,375.000,-1,400.000,-1,325.000,325.000,300.000,300.000,-1,-1,-1,-1,700.000,725.000,-1,-1,2,0,2,0,2,0,0,0,0,2,2,2,2,0,0,2,2
114,10553.677,7261.200,-431.953,-48.720,0.659206,0.751488,0.026725,-0.750505,0.659724,-0.038819,-0.046803,0.005532,0.998889,0,0.73124,-0.32677,43.875,-0.654,-1,375.000,-1,400.000,-1,325.000,325.000,300.000,300.000,-1,-1,-1,-1,700.000,725.000,-1,-1,2,0,2,0,2,0,0,0,0,2,2,2,2,0,0,2,2
115,10582.193,7227.964,-433.793,-49.371,0.650646,0.758932,0.026136,-0.757943,0.651146,-0.039142,-0.046724,0.005658,0.998892,0,0.72987,-0.32539,43.792,-0.651,-1,375.000,-1,400.000,-1,325.000,325.000,300.000,300.000,-1,-1,-1,-1,700.000,725.000,-1,1000.000,2,0,2,0,2,0,0,0,0,2,2,2,2,0,0,2,1
116,10610.273,7194.476,-435.595,-50.020,0.642034,0.766252,0.025518,-0.765252,0.642514,-0.039562,-0.046710,0.005873,0.998891,0,0.72838,-0.32425,43.703,-0.648,-1,375.000,-1,400.000,-1,325.000,325.000,300.000,300.000,-1,-1,-1,-1,700.000,725.000,-1,975.000,2,0,2,0,2,0,0,0,0,2,2,2,2,0,1,2,1
117,10637.912,7160.747,-437.371,-50.666,0.633367,0.773453,0.024815,-0.772439,0.633823,-0.040078,-0.046727,0.006216,0.998888,0,0.72678,-0.32335,43.607,-0.647,-1,375.000,-1,375.000,-1,325.000,325.000,300.000,300.000,-1,-1,-1,-1,700.000,700.000,-1,925.000,2,0,2,0,2,0,0,0,0,2,2,2,2,0,1,2,1
118,10666.825,7124.457,-439.237,-51.455,0.622684,0.782106,0.023974,-0.781073,0.623110,-0.040715,-0.046782,0.006627,0.998883,0,0.77333,-0.39450,46.400,-0.789,-1,375.000,-1,375.000,-1,325.000,325.000,300.000,300.000,-1,-1,-1,-1,700.000,675.000,-1,875.000,2,0,2,0,2,0,0,0,0,2,2,2,2,0,1,2,1
119,10695.454,7087.488,-441.369,-52.246,0.611850,0.790629,0.023362,-0.789637,0.612265,-0.040061,-0.045977,0.006064,0.998924,0,0.77930,-0.39517,46.758,-0.790,-1,375.000,-1,375.000,-1,325.000,325.000,300.000,300.000,-1,-1,-1,-1,700.000,650.000,-1,850.000,2,0,2,0,2,0,0,0,0,2,2,2,2,0,1,2,1
120,10723.787,7049.838,-443.512,-53.037,0.600885,0.799013,0.022698,-0.798060,0.601288,-0.039408,-0.045135,0.005565,0.998965,0,0.78534,-0.39573,47.120,-0.791,-1,375.000,975.000,375.000,-1,325.000,325.000,300.000,300.000,-1,-1,-1,-1,700.000,650.000,-1,800.000,2,0,1,0,2,0,0,0,0,2,2,2,2,0,1,2,1
121,10751.814,7011.503,-445.665,-53.830,0.589795,0.807254,0.021982,-0.806340,0.590182,-0.038754,-0.044258,0.005132,0.999007,0,0.79145,-0.39619,47.487,-0.792,-1,375.000,925.000,375.000,-1,325.000,325.000,300.000,300.000,-1,-1,-1,-1,700.000,625.000,-1,775.000,2,0,1,0,2,0,0,0,0,2,2,2,2,0,1,2,1
122,10782.265,6968.998,-448.003,-54.382,0.582017,0.812906,0.020972,-0.812030,0.582372,-0.038075,-0.043165,0.005130,0.999055,0,0.87145,-0.27619,52.287,-0.552,-1,375.000,850.000,375.000,-1,325.000,325.000,300.000,300.000,-1,-1,-1,-1,700.000,575.000,-1,725.000,2,0,1,0,2,0,0,0,0,2,2,2,2,0,1,2,1
123,10815.258,6922.410,-450.504,-54.694,0.577623,0.816067,0.019658,-0.815222,0.577929,-0.037563,-0.042015,0.005672,0.999101,0,0.95145,-0.15619,57.087,-0.312,-1,375.000,800.000,375.000,-1,325.000,325.000,300.000,300.000,-1,-1,-1,-1,700.000,550.000,-1,675.000,2,0,1,0,2,0,0,0,0,2,2,2,2,0,1,2,1
124,10848.780,6874.947,-452.963,-54.767,0.576638,0.816793,0.018361,-0.815984,0.576896,-0.036898,-0.040731,0.006295,0.999150,0,0.96846,-0.03619,58.108,-0.072,-1,375.000,750.000,375.000,900.000,325.000,325.000,300.000,300.000,-1,-1,-1,-1,700.000,525.000,-1,600.000,2,0,1,1,1,0,0,0,0,2,2,2,2,0,1,2,1
125,10882.697,6827.223,-455.308,-54.599,0.579066,0.815100,0.017170,-0.814341,0.579281,-0.035807,-0.039132,0.006753,0.999211,0,0.97582,0.08381,58.549,0.168,-1,375.000,700.000,375.000,750.000,325.000,325.000,300.000,300.000,-1,-1,-1,-1,700.000,475.000,1000.000,550.000,2,0,1,1,1,0,0,0,0,2,2,2,2,1,1,1,1
126,10917.209,6779.386,-457.644,-54.191,0.584893,0.810954,0.015933,-0.810242,0.585062,-0.034784,-0.037529,0.007436,0.999268,0,0.98312,0.20381,58.987,0.408,-1,375.000,650.000,350.000,625.000,325.000,325.000,300.000,300.000,-1,-1,-1,-1,650.000,450.000,925.000,475.000,2,0,1,1,1,0,0,0,0,2,2,2,2,1,1,1,1
127,10952.516,6731.595,-459.785,-53.544,0.594037,0.804288,0.015497,-0.803611,0.594190,-0.033870,-0.036449,0.007667,0.999306,0,0.99031,0.32381,59.418,0.648,-1,375.000,600.000,325.000,500.000,325.000,300.000,300.000,300.000,-1,-1,725.000,-1,600.000,400.000,875.000,425.000,2,0,1,1,1,0,1,0,0,2,2,0,2,1,1,1,1
128,10988.814,6684.023,-461.885,-52.656,0.606441,0.794985,0.015126,-0.794339,0.606577,-0.033023,-0.035428,0.008011,0.999340,0,0.99731,0.44381,59.839,0.888,-1,375.000,550.000,300.000,400.000,325.000,275.000,300.000,300.000,-1,-1,725.000,-1,575.000,375.000,825.000,350.000,2,0,1,1,1,0,1,0,0,2,2,0,2,1,1,1,1
129,11026.141,6637.048,-463.907,-51.529,0.621985,0.782891,0.014708,-0.782284,0.622102,-0.031950,-0.034163,0.008366,0.999381,0,1.00000,0.56381,60.000,1.128,-1,375.000,500.000,275.000,325.000,300.000,250.000,300.000,300.000,-1,750.000,725.000,-1,525.000,325.000,800.000,300.000,2,0,1,1,1,1,1,0,0,2,0,0,2,1,1,1,1
130,11064.579,6590.978,-463.070,-50.161,0.640412,0.767846,0.016850,-0.767644,0.640632,-0.017706,-0.024390,-0.001595,0.999701,0,1.00000,0.68381,60.000,1.368,-1,375.000,475.000,250.000,275.000,300.000,250.000,300.000,325.000,-1,475.000,525.000,-1,500.000,300.000,775.000,250.000,2,1,1,1,1,1,1,0,0,2,0,0,2,1,1,1,1
131,11104.264,6545.978,-461.283,-48.593,0.661237,0.749953,0.018330,-0.750085,0.661341,0.000523,-0.011731,-0.014095,0.999832,0,1.00000,0.78410,60.000,1.568,-1,375.000,475.000,225.000,250.000,275.000,225.000,300.000,350.000,-1,325.000,400.000,-1,500.000,275.000,775.000,225.000,2,1,1,1,1,1,1,0,0,2,0,0,2,1,1,1,1
132,11145.154,6502.068,-458.653,-47.043,0.681515,0.731550,0.019309,-0.731796,0.681146,0.022682,0.003441,-0.029588,0.999556,0,1.00000,0.77469,60.000,1.549,-1,350.000,500.000,225.000,225.000,275.000,200.000,275.000,400.000,-1,225.000,325.000,-1,500.000,275.000,800.000,200.000,2,1,1,1,1,1,1,0,0,2,0,0,2,1,1,1,1
133,11187.202,6459.266,-455.184,-45.515,0.701285,0.712615,0.019488,-0.712571,0.699913,0.048619,0.021007,-0.047983,0.998627,0,1.00000,0.76410,60.000,1.528,-1,350.000,525.000,200.000,200.000,275.000,200.000,275.000,450.000,725.000,125.000,275.000,-1,525.000,250.000,825.000,175.000,2,1,1,1,1,1,1,0,0,0,0,0,2,1,1,1,1
