timestep,x_cm,y_cm,z_cm,yaw_deg,basis_xx,basis_xy,basis_xz,basis_yx,basis_yy,basis_yz,basis_zx,basis_zy,basis_zz,teleport_flag,throttle_cmd,steering_cmd,cmd_move_cm,cmd_turn_deg,lidar_cm_0,lidar_cm_1,lidar_cm_2,lidar_cm_3,lidar_cm_4,lidar_cm_5,lidar_cm_6,lidar_cm_7,lidar_cm_8,lidar_cm_9,lidar_cm_10,lidar_cm_11,lidar_cm_12,lidar_cm_13,lidar_cm_14,lidar_cm_15,lidar_cm_16,lidar_class_0,lidar_class_1,lidar_class_2,lidar_class_3,lidar_class_4,lidar_class_5,lidar_class_6,lidar_class_7,lidar_class_8,lidar_class_9,lidar_class_10,lidar_class_11,lidar_class_12,lidar_class_13,lidar_class_14,lidar_class_15,lidar_class_16
0,-4260.664,4259.729,-154.911,-52.912,0.602581,0.797708,0.023620,-0.797066,0.603044,-0.032000,-0.039771,0.000456,0.999209,1,0.08000,0.12000,4.800,0.240,850.000,375.000,-1,375.000,-1,300.000,300.000,175.000,300.000,-1,-1,-1,-1,650.000,650.000,-1,-1,0,0,2,0,2,0,0,1,0,2,2,2,2,0,0,2,2
1,-4254.810,4252.119,-155.084,-52.432,0.609262,0.792627,0.023263,-0.791972,0.609705,-0.032258,-0.039752,0.001230,0.999209,0,0.16000,0.24000,9.600,0.480,850.000,375.000,1000.000,375.000,-1,300.000,300.000,175.000,300.000,-1,-1,-1,-1,650.000,650.000,-1,-1,0,0,1,0,2,0,0,1,0,2,2,2,2,0,0,2,2
2,-4245.888,4240.817,-155.348,-51.712,0.619204,0.784902,0.022725,-0.784225,0.619616,-0.032661,-0.039716,0.002402,0.999208,0,0.24000,0.36000,14.400,0.720,850.000,375.000,975.000,375.000,-1,300.000,300.000,175.000,300.000,-1,-1,-1,-1,650.000,650.000,1000.000,-1,0,0,1,0,2,0,0,1,0,2,2,2,2,0,0,0,2
3,-4233.797,4225.902,-155.625,-50.971,0.629346,0.776818,0.021860,-0.776098,0.629711,-0.033699,-0.039943,0.004243,0.999193,0,0.32000,0.37050,19.200,0.741,850.000,375.000,950.000,375.000,-1,300.000,300.000,175.000,300.000,-1,-1,-1,-1,650.000,650.000,1000.000,-1,0,0,1,0,2,0,0,1,0,2,2,2,2,0,0,0,2
4,-4218.445,4207.454,-155.934,-50.232,0.639365,0.768625,0.020693,-0.767842,0.639665,-0.035323,-0.040387,0.006695,0.999162,0,0.40000,0.36933,24.000,0.739,825.000,375.000,925.000,375.000,-1,300.000,300.000,175.000,300.000,-1,-1,-1,-1,625.000,625.000,975.000,-1,0,0,1,0,2,0,0,1,0,2,2,2,2,0,0,0,2
5,-4199.740,4185.556,-156.317,-49.497,0.649248,0.760332,0.019272,-0.759474,0.649463,-0.037375,-0.040933,0.009629,0.999115,0,0.48000,0.36775,28.800,0.736,825.000,375.000,900.000,375.000,975.000,300.000,300.000,200.000,300.000,-1,-1,-1,-1,625.000,625.000,975.000,-1,0,0,1,0,0,0,0,1,0,2,2,2,2,0,0,0,2
6,-4177.592,4160.288,-156.777,-48.765,0.658972,0.751955,0.017877,-0.751017,0.659093,-0.039629,-0.041581,0.012688,0.999055,0,0.56000,0.36569,33.600,0.731,825.000,375.000,850.000,375.000,925.000,300.000,300.000,200.000,300.000,-1,-1,-1,-1,625.000,625.000,950.000,1000.000,0,0,1,0,0,0,0,1,0,2,2,2,2,0,0,0,0
7,-4151.917,4131.734,-157.391,-48.039,0.668520,0.743511,0.016500,-0.742501,0.668539,-0.041808,-0.042115,0.015698,0.998989,0,0.64000,0.36300,38.400,0.726,825.000,375.000,825.000,350.000,875.000,300.000,300.000,200.000,300.000,-1,-1,-1,-1,625.000,600.000,950.000,950.000,0,0,1,0,0,0,0,1,0,2,2,2,2,0,0,1,0
8,-4122.631,4099.975,-158.239,-47.320,0.677866,0.735029,0.015164,-0.733967,0.677786,-0.043578,-0.042309,0.018410,0.998935,0,0.72000,0.35954,43.200,0.719,825.000,375.000,775.000,350.000,850.000,300.000,300.000,225.000,275.000,-1,-1,-1,-1,625.000,600.000,925.000,925.000,0,0,1,0,0,0,0,1,0,2,2,2,2,0,0,1,0
9,-4092.058,4067.634,-159.320,-46.610,0.686977,0.726543,0.014050,-0.725467,0.686819,-0.044452,-0.041946,0.020344,0.998913,0,0.74174,0.35512,44.504,0.710,800.000,375.000,725.000,350.000,800.000,325.000,300.000,225.000,275.000,-1,-1,-1,-1,600.000,600.000,900.000,900.000,0,0,1,0,0,0,0,1,0,2,2,2,2,0,0,1,0
10,-4061.521,4036.112,-160.603,-45.910,0.695832,0.718083,0.013199,-0.717034,0.695630,-0.044294,-0.040988,0.021358,0.998931,0,0.73148,0.35001,43.889,0.700,800.000,350.000,675.000,350.000,800.000,300.000,300.000,250.000,275.000,-1,-1,-1,-1,600.000,600.000,875.000,875.000,0,0,1,0,0,0,0,1,0,2,2,2,2,1,0,1,0
11,-4031.002,4005.357,-162.026,-45.221,0.704422,0.709670,0.012593,-0.708693,0.704213,-0.042863,-0.039287,0.021269,0.999002,0,0.72213,0.34441,43.328,0.689,775.000,350.000,650.000,350.000,775.000,300.000,300.000,250.000,275.000,575.000,-1,-1,-1,575.000,600.000,825.000,850.000,0,0,1,0,0,0,0,1,0,1,2,2,2,1,1,1,1
12,-4000.484,3975.320,-162.890,-44.544,0.712801,0.701300,0.009651,-0.700511,0.712543,-0.039575,-0.034631,0.021448,0.999170,0,0.71368,0.33836,42.821,0.677,800.000,350.000,600.000,350.000,800.000,300.000,300.000,275.000,300.000,525.000,-1,-1,-1,550.000,550.000,800.000,800.000,0,0,1,0,0,0,0,1,0,1,2,2,2,1,1,1,1
13,-3969.948,3945.955,-163.891,-43.881,0.720902,0.693006,0.006585,-0.692419,0.720628,-0.035375,-0.029260,0.020942,0.999352,0,0.70609,0.33190,42.365,0.664,800.000,375.000,575.000,350.000,825.000,300.000,300.000,275.000,300.000,475.000,-1,-1,-1,525.000,525.000,775.000,725.000,0,0,1,0,0,1,1,1,0,1,2,2,2,1,1,1,1
14,-3939.375,3917.215,-165.078,-43.230,0.728719,0.684803,0.003618,-0.684415,0.728465,-0.030245,-0.023347,0.019564,0.999536,0,0.69934,0.32506,41.960,0.650,825.000,375.000,525.000,375.000,875.000,300.000,300.000,300.000,300.000,450.000,925.000,750.000,-1,500.000,475.000,750.000,675.000,0,0,1,1,0,1,1,1,0,1,0,0,2,1,1,1,1
15,-3908.749,3889.058,-166.446,-42.595,0.736252,0.676707,0.000713,-0.676496,0.736048,-0.024193,-0.016896,0.017330,0.999707,0,0.69339,0.31785,41.603,0.636,850.000,350.000,500.000,350.000,925.000,275.000,275.000,300.000,275.000,425.000,675.000,575.000,-1,475.000,450.000,725.000,600.000,0,1,1,1,0,1,1,1,0,1,0,0,2,1,1,1,1
16,-3878.051,3861.442,-167.995,-41.974,0.743505,0.668727,-0.002162,-0.668657,0.743371,-0.017223,-0.009910,0.014251,0.999849,0,0.68820,0.31031,41.292,0.621,850.000,350.000,475.000,325.000,850.000,275.000,275.000,300.000,300.000,400.000,500.000,450.000,-1,450.000,400.000,700.000,550.000,0,1,1,1,1,1,1,0,0,1,0,0,2,1,1,1,1
17,-3847.264,3834.329,-168.784,-41.369,0.750503,0.660850,-0.004760,-0.660845,0.750399,-0.013568,-0.005394,0.013328,0.999897,0,0.68373,0.30245,41.024,0.605,875.000,325.000,425.000,300.000,750.000,250.000,250.000,300.000,275.000,400.000,475.000,400.000,-1,425.000,375.000,675.000,500.000,0,1,1,1,1,1,1,0,0,1,0,0,2,1,1,1,1
18,-3816.372,3807.682,-168.817,-40.781,0.757243,0.653096,-0.006981,-0.653125,0.757135,-0.013201,-0.003336,0.014556,0.999888,0,0.67995,0.29429,40.797,0.589,875.000,300.000,400.000,275.000,650.000,250.000,225.000,300.000,275.000,400.000,475.000,425.000,-1,400.000,325.000,625.000,450.000,0,1,1,1,1,1,1,0,0,1,0,0,2,1,1,1,1
19,-3781.418,3778.402,-168.876,-39.952,0.766591,0.642064,-0.009536,-0.642135,0.766483,-0.012903,-0.000975,0.016015,0.999871,0,0.75995,0.41429,45.597,0.829,900.000,275.000,350.000,250.000,550.000,225.000,200.000,275.000,275.000,425.000,500.000,425.000,-1,350.000,300.000,600.000,375.000,0,1,1,1,1,1,1,0,0,1,0,0,2,1,1,1,1
20,-3744.143,3748.344,-168.962,-38.884,0.778405,0.627641,-0.012319,-0.627760,0.778302,-0.012765,0.001577,0.017670,0.999843,0,0.79808,0.53429,47.885,1.069,925.000,250.000,325.000,200.000,425.000,200.000,175.000,275.000,275.000,450.000,500.000,425.000,-1,325.000,250.000,575.000,300.000,0,1,1,1,1,1,1,0,0,1,0,0,2,1,1,1,1
21,-3702.387,3716.216,-167.539,-37.575,0.792447,0.609740,-0.015625,-0.609873,0.792480,-0.005442,0.009064,0.013842,0.999863,0,0.87808,0.65429,52.685,1.309,950.000,225.000,275.000,175.000,325.000,175.000,150.000,275.000,300.000,450.000,475.000,400.000,-1,300.000,225.000,550.000,250.000,0,1,1,1,1,1,1,0,0,1,0,0,2,1,1,1,1
22,-3655.897,3682.404,-160.395,-36.026,0.808501,0.588121,-0.020979,-0.587508,0.808696,0.029068,0.034061,-0.011176,0.999357,0,0.95808,0.77429,57.485,1.549,-1,225.000,275.000,175.000,275.000,175.000,150.000,275.000,350.000,425.000,200.000,250.000,-1,300.000,200.000,575.000,200.000,2,1,1,1,1,1,1,0,0,1,0,0,2,1,1,1,1
23,-3606.288,3648.648,-151.505,-34.238,0.826533,0.562117,-0.029451,-0.559178,0.825958,0.071510,0.064522,-0.042637,0.997005,0,1.00000,0.89429,60.000,1.789,-1,225.000,250.000,150.000,225.000,175.000,150.000,250.000,425.000,375.000,100.000,175.000,-1,300.000,175.000,600.000,175.000,2,1,1,1,1,1,1,0,0,1,0,0,2,1,1,1,1
24,-4263.617,5575.377,-62.522,160.263,-0.922706,-0.336829,-0.187510,0.344355,-0.938804,-0.008116,-0.173301,-0.072059,0.982229,1,0.00000,0.00000,60.000,1.931,275.000,275.000,900.000,300.000,700.000,225.000,250.000,350.000,575.000,-1,25.000,0.000,-1,375.000,475.000,275.000,600.000,0,0,0,0,0,0,0,0,0,2,1,1,2,0,0,0,0
25,-4264.648,-9506.335,-73.487,103.032,-0.228060,-0.973253,-0.027692,0.971017,-0.225263,-0.079890,0.071515,-0.045109,0.996419,1,0.08000,0.12000,4.800,0.240,-1,375.000,-1,350.000,-1,300.000,300.000,325.000,325.000,-1,275.000,325.000,-1,775.000,675.000,-1,-1,2,0,2,0,2,0,0,0,0,2,0,0,2,0,0,2,2
26,-4266.852,-9496.992,-72.836,103.274,-0.232207,-0.972274,-0.027617,0.969990,-0.229370,-0.080675,0.072103,-0.045522,0.996358,0,0.16000,0.12107,9.600,0.242,-1,375.000,-1,350.000,-1,300.000,300.000,325.000,325.000,-1,275.000,325.000,-1,775.000,675.000,-1,-1,2,0,2,0,2,0,0,0,0,2,0,0,2,0,0,2,2
27,-4270.218,-9482.990,-71.859,103.515,-0.236353,-0.971278,-0.027515,0.968916,-0.233460,-0.081837,0.073063,-0.046002,0.996266,0,0.24000,0.12073,14.400,0.241,-1,400.000,-1,350.000,-1,300.000,300.000,325.000,325.000,-1,250.000,325.000,-1,775.000,675.000,-1,-1,2,0,2,0,2,0,0,0,0,2,0,0,2,0,0,2,2
28,-4274.783,-9464.341,-70.560,103.756,-0.240493,-0.970264,-0.027384,0.967796,-0.237529,-0.083369,0.074385,-0.046552,0.996142,0,0.32000,0.12023,19.200,0.240,-1,400.000,-1,375.000,-1,300.000,300.000,325.000,325.000,-1,250.000,300.000,-1,775.000,675.000,-1,-1,2,0,2,0,2,0,0,0,0,2,0,0,2,0,0,2,2
29,-4280.588,-9441.053,-68.942,103.995,-0.244623,-0.969236,-0.027226,0.966630,-0.241571,-0.085260,0.076060,-0.047174,0.995987,0,0.40000,0.11962,24.000,0.239,-1,400.000,-1,375.000,-1,325.000,300.000,325.000,325.000,-1,225.000,300.000,-1,800.000,700.000,-1,-1,2,0,2,0,2,0,0,0,0,2,0,0,2,0,0,2,2
30,-4287.669,-9413.137,-67.006,104.233,-0.248741,-0.968192,-0.027042,0.965418,-0.245584,-0.087498,0.078074,-0.047871,0.995798,0,0.48000,0.11893,28.800,0.238,-1,400.000,-1,375.000,-1,325.000,300.000,325.000,325.000,-1,225.000,275.000,-1,825.000,700.000,-1,-1,2,0,2,0,2,0,0,0,0,2,0,0,2,0,0,2,2
31,-4296.064,-9380.602,-64.757,104.469,-0.252845,-0.967135,-0.026837,0.964160,-0.249568,-0.090067,0.080409,-0.048648,0.995574,0,0.56000,0.11820,33.600,0.236,-1,400.000,-1,375.000,-1,325.000,300.000,325.000,325.000,-1,200.000,250.000,-1,825.000,700.000,-1,-1,2,0,2,0,2,0,0,0,0,2,0,0,2,0,0,2,2
32,-4305.812,-9343.459,-62.197,104.704,-0.256935,-0.966062,-0.026616,0.962854,-0.253521,-0.092949,0.083047,-0.049509,0.995315,0,0.64000,0.11749,38.400,0.235,-1,400.000,-1,375.000,-1,325.000,325.000,325.000,300.000,-1,175.000,250.000,-1,850.000,725.000,-1,-1,2,0,2,0,2,0,0,0,0,2,0,0,2,0,0,2,2
33,-4316.948,-9301.719,-59.331,104.938,-0.261016,-0.964974,-0.026386,0.961499,-0.257447,-0.096123,0.085964,-0.050460,0.995020,0,0.72000,0.11685,43.200,0.234,-1,425.000,-1,375.000,-1,325.000,325.000,325.000,300.000,-1,175.000,225.000,-1,900.000,750.000,-1,-1,2,0,2,0,2,0,0,0,0,2,0,0,2,0,0,2,2
34,-4329.510,-9255.391,-55.969,105.171,-0.265136,-0.963833,-0.026983,0.960135,-0.261341,-0.099208,0.088568,-0.052210,0.994701,0,0.80000,0.11636,48.000,0.233,-1,425.000,-1,400.000,-1,325.000,325.000,325.000,300.000,-1,175.000,225.000,-1,925.000,750.000,-1,-1,2,0,2,0,2,0,0,0,0,2,0,0,2,0,0,2,2
35,-4343.266,-9205.467,-51.776,105.403,-0.269381,-0.962556,-0.030330,0.958917,-0.265187,-0.100768,0.088952,-0.056229,0.994448,0,0.86308,0.11609,51.785,0.232,-1,425.000,-1,400.000,-1,325.000,325.000,300.000,300.000,-1,200.000,275.000,-1,925.000,775.000,-1,-1,2,0,2,0,2,0,0,0,0,2,0,0,2,0,0,2,2
36,-4357.159,-9155.832,-47.716,105.635,-0.273584,-0.961268,-0.033412,0.957718,-0.269029,-0.101980,0.089042,-0.059899,0.994225,0,0.85905,0.11613,51.543,0.232,-1,425.000,-1,400.000,-1,325.000,325.000,300.000,300.000,1000.000,225.000,300.000,-1,925.000,800.000,-1,-1,2,0,2,0,2,0,0,0,0,1,0,0,2,0,0,2,2
37,-4371.189,-9106.484,-43.472,105.868,-0.277685,-0.960006,-0.035779,0.956600,-0.272890,-0.102212,0.088360,-0.062608,0.994119,0,0.85506,0.11650,51.304,0.233,-1,425.000,-1,400.000,-1,325.000,325.000,300.000,300.000,975.000,275.000,375.000,-1,925.000,800.000,-1,-1,2,0,2,0,2,0,0,0,0,1,0,0,2,0,0,2,2
38,-4385.355,-9057.418,-39.079,106.103,-0.281695,-0.958765,-0.037659,0.955581,-0.276781,-0.101281,0.086681,-0.064516,0.994145,0,0.85117,0.11719,51.070,0.234,-1,425.000,-1,400.000,-1,325.000,325.000,300.000,300.000,950.000,350.000,450.000,-1,900.000,825.000,-1,-1,2,0,2,0,2,0,0,0,0,1,0,0,2,0,0,2,2
39,-4399.660,-9008.627,-34.765,106.339,-0.285736,-0.957488,-0.039656,0.954535,-0.280698,-0.100361,0.084963,-0.066530,0.994160,0,0.84741,0.11821,50.845,0.236,-1,425.000,-1,400.000,-1,325.000,325.000,300.000,300.000,925.000,400.000,525.000,-1,900.000,825.000,-1,-1,2,0,2,0,2,0,0,0,0,1,0,0,2,0,0,2,2
40,-4414.107,-8960.103,-30.569,106.578,-0.289787,-0.956191,-0.041509,0.953477,-0.284656,-0.099258,0.083094,-0.068341,0.994196,0,0.84383,0.11953,50.630,0.239,-1,425.000,-1,400.000,-1,325.000,325.000,300.000,300.000,925.000,475.000,600.000,-1,875.000,825.000,-1,-1,2,0,2,0,2,0,0,0,0,1,0,0,2,0,0,2,2
41,-4428.701,-8911.833,-26.489,106.820,-0.293859,-0.954871,-0.043223,0.952404,-0.288665,-0.097974,0.081076,-0.069956,0.994250,0,0.84047,0.12116,50.428,0.242,-1,425.000,-1,400.000,-1,325.000,325.000,300.000,300.000,925.000,575.000,700.000,-1,875.000,825.000,-1,-1,2,0,2,0,2,0,0,0,0,1,0,0,2,0,0,2,2
42,-4443.447,-8863.806,-22.472,107.067,-0.297984,-0.953512,-0.044945,0.951291,-0.292731,-0.096717,0.079064,-0.071575,0.994297,0,0.83735,0.12309,50.241,0.246,-1,425.000,-1,400.000,-1,325.000,325.000,300.000,300.000,925.000,675.000,800.000,-1,850.000,800.000,-1,-1,2,0,2,0,2,0,0,0,0,1,0,0,2,0,0,2,2
43,-4458.352,-8816.006,-18.516,107.317,-0.302172,-0.952110,-0.046674,0.950134,-0.296864,-0.095485,0.077057,-0.073200,0.994336,0,0.83450,0.12530,50.070,0.251,-1,425.000,-1,400.000,-1,325.000,325.000,300.000,300.000,925.000,775.000,925.000,-1,850.000,800.000,-1,-1,2,0,2,0,2,0,0,0,0,1,0,0,2,0,0,2,2
44,-4473.424,-8768.420,-14.620,107.573,-0.306431,-0.950661,-0.048413,0.948930,-0.301071,-0.094280,0.075053,-0.074830,0.994368,0,0.83195,0.12779,49.917,0.256,-1,400.000,-1,400.000,-1,325.000,325.000,300.000,325.000,925.000,875.000,-1,-1,825.000,800.000,-1,-1,2,0,2,0,2,0,0,0,0,1,0,2,2,0,0,2,2
45,-4488.672,-8721.030,-10.783,107.834,-0.310769,-0.949161,-0.050160,0.947674,-0.305362,-0.093101,0.073051,-0.076468,0.994392,0,0.82971,0.13054,49.783,0.261,-1,400.000,-1,400.000,-1,325.000,325.000,300.000,325.000,925.000,1000.000,-1,-1,825.000,800.000,-1,-1,2,0,2,0,2,0,0,0,0,1,0,2,2,0,0,2,2
46,-4504.105,-8673.821,-7.006,108.101,-0.315194,-0.947606,-0.051916,0.946364,-0.309744,-0.091948,0.071050,-0.078113,0.994409,0,0.82781,0.13355,49.668,0.267,-1,400.000,-1,400.000,-1,325.000,325.000,300.000,325.000,950.000,-1,-1,-1,800.000,775.000,-1,-1,2,0,2,0,2,0,0,0,0,1,2,2,2,0,0,2,2
47,-4519.734,-8626.775,-3.293,108.375,-0.319714,-0.945994,-0.053652,0.944993,-0.314225,-0.090834,0.069070,-0.079741,0.994420,0,0.82624,0.13680,49.574,0.274,-1,400.000,-1,400.000,-1,325.000,325.000,300.000,325.000,975.000,-1,-1,-1,800.000,775.000,-1,-1,2,0,2,0,2,0,0,0,0,1,2,2,2,0,0,2,2
48,-4535.569,-8579.875,0.168,108.655,-0.324317,-0.944372,-0.054579,0.943533,-0.318830,-0.089964,0.067558,-0.080674,0.994448,0,0.82501,0.14030,49.501,0.281,-1,400.000,-1,400.000,-1,325.000,325.000,300.000,325.000,975.000,-1,-1,-1,775.000,775.000,-1,-1,2,0,2,0,2,0,0,0,0,1,2,2,2,0,0,2,2
49,-4551.622,-8533.106,3.472,108.943,-0.328991,-0.942714,-0.055276,0.942044,-0.323558,-0.088673,0.065709,-0.081245,0.994526,0,0.82414,0.14402,49.448,0.288,-1,400.000,-1,400.000,-1,325.000,325.000,300.000,325.000,1000.000,-1,-1,-1,775.000,775.000,-1,-1,2,0,2,0,2,0,0,0,0,1,2,2,2,0,0,2,2
50,-4567.907,-8486.450,6.674,109.239,-0.333803,-0.940948,-0.056511,0.940492,-0.328394,-0.087364,0.063647,-0.082310,0.994572,0,0.82362,0.14796,49.417,0.296,-1,400.000,-1,400.000,-1,325.000,325.000,325.000,300.000,-1,-1,-1,-1,750.000,750.000,-1,-1,2,0,2,0,2,0,0,0,0,2,2,2,2,0,0,2,2
51,-4584.957,-8438.410,9.853,109.538,-0.338683,-0.939089,-0.058363,0.938888,-0.333253,-0.086204,0.061503,-0.083992,0.994567,0,0.84960,0.14950,50.976,0.299,-1,375.000,-1,375.000,-1,300.000,300.000,325.000,300.000,-1,-1,-1,-1,750.000,750.000,-1,-1,2,0,2,0,2,0,0,0,0,2,2,2,2,0,0,2,2
52,-4600.810,-8395.041,12.753,110.077,-0.347488,-0.935775,-0.059814,0.935786,-0.342022,-0.085583,0.059629,-0.085712,0.994534,0,0.76960,0.26950,46.176,0.539,-1,375.000,-1,375.000,-1,300.000,300.000,325.000,300.000,-1,-1,-1,-1,725.000,750.000,-1,-1,2,0,2,0,2,0,0,0,0,2,2,2,2,0,0,2,2
53,-4616.747,-8352.809,15.621,110.673,-0.357194,-0.932083,-0.060280,0.932199,-0.351712,-0.085457,0.058452,-0.086717,0.994517,0,0.75233,0.29815,45.140,0.596,-1,375.000,-1,375.000,-1,300.000,300.000,325.000,325.000,-1,-1,-1,-1,725.000,750.000,-1,-1,2,0,2,0,2,0,0,0,0,2,2,2,2,0,0,2,2
54,-4633.079,-8310.865,18.439,111.273,-0.366929,-0.928268,-0.060679,0.928474,-0.361422,-0.085495,0.057431,-0.087710,0.994489,0,0.75021,0.30000,45.013,0.600,-1,375.000,-1,375.000,-1,300.000,300.000,325.000,325.000,-1,-1,-1,-1,725.000,725.000,-1,-1,2,0,2,0,2,0,0,0,0,2,2,2,2,0,0,2,2
55,-4649.811,-8269.200,21.226,111.878,-0.376699,-0.924319,-0.061096,0.924610,-0.371156,-0.085671,0.056511,-0.088762,0.994448,0,0.74832,0.30210,44.899,0.604,-1,375.000,-1,375.000,-1,300.000,300.000,325.000,325.000,-1,-1,-1,-1,725.000,725.000,-1,-1,2,0,2,0,2,0,0,0,0,2,2,2,2,0,0,2,2
56,-4666.947,-8227.807,23.984,112.487,-0.386512,-0.920230,-0.061525,0.920601,-0.380919,-0.085990,0.055694,-0.089876,0.994394,0,0.74667,0.30443,44.800,0.609,-1,375.000,-1,375.000,-1,300.000,300.000,325.000,325.000,-1,-1,-1,-1,725.000,725.000,-1,-1,2,0,2,0,2,0,0,0,0,2,2,2,2,0,0,2,2
57,-4684.492,-8186.677,26.712,113.101,-0.396372,-0.915997,-0.061963,0.916442,-0.390716,-0.086455,0.054982,-0.091054,0.994327,0,0.74527,0.30701,44.716,0.614,-1,375.000,-1,375.000,-1,300.000,300.000,325.000,325.000,-1,-1,-1,-1,725.000,725.000,-1,-1,2,0,2,0,2,0,0,0,0,2,2,2,2,0,0,2,2
58,-4702.454,-8145.801,29.413,113.720,-0.406285,-0.911613,-0.062404,0.912127,-0.400553,-0.087070,0.054378,-0.092296,0.994246,0,0.74415,0.30981,44.649,0.620,-1,375.000,-1,375.000,-1,300.000,300.000,325.000,325.000,-1,-1,-1,-1,725.000,725.000,-1,-1,2,0,2,0,2,0,0,0,0,2,2,2,2,0,0,2,2
59,-4720.840,-8105.170,32.086,114.346,-0.416255,-0.907073,-0.062844,0.907650,-0.410434,-0.087839,0.053883,-0.093604,0.994150,0,0.74330,0.31284,44.598,0.626,-1,375.000,-1,375.000,-1,300.000,300.000,325.000,325.000,-1,-1,-1,-1,725.000,700.000,-1,-1,2,0,2,0,2,0,0,0,0,2,2,2,2,0,0,2,2
60,-4739.660,-8064.775,34.732,114.978,-0.426288,-0.902372,-0.063277,0.903004,-0.420362,-0.088766,0.053500,-0.094979,0.994041,0,0.74274,0.31608,44.565,0.632,-1,375.000,-1,375.000,-1,300.000,300.000,350.000,325.000,-1,-1,-1,-1,725.000,700.000,-1,-1,2,0,2,0,2,0,0,0,0,2,2,2,2,0,0,2,2
61,-4758.922,-8024.606,37.351,115.617,-0.436386,-0.897502,-0.063698,0.898183,-0.430340,-0.089854,0.053233,-0.096424,0.993916,0,0.74248,0.31954,44.549,0.639,-1,375.000,-1,375.000,-1,300.000,300.000,350.000,325.000,-1,-1,-1,-1,725.000,700.000,-1,-1,2,0,2,0,2,0,0,0,0,2,2,2,2,0,0,2,2
62,-4778.637,-7984.655,39.842,116.263,-0.446556,-0.892490,-0.063634,0.893162,-0.440389,-0.091213,0.053383,-0.097568,0.993796,0,0.74252,0.32319,44.551,0.646,-1,375.000,-1,375.000,-1,300.000,300.000,350.000,325.000,-1,-1,-1,-1,725.000,700.000,-1,-1,2,0,2,0,2,0,0,0,0,2,2,2,2,0,0,2,2
63,-4798.816,-7944.913,42.312,116.918,-0.456799,-0.887296,-0.063560,0.887951,-0.450494,-0.092728,0.053644,-0.098796,0.993661,0,0.74286,0.32705,44.572,0.654,-1,375.000,-1,375.000,-1,300.000,300.000,350.000,325.000,-1,-1,-1,-1,725.000,700.000,-1,-1,2,0,2,0,2,0,0,0,0,2,2,2,2,0,0,2,2
64,-4819.471,-7905.373,44.642,117.580,-0.467066,-0.881953,-0.063319,0.882601,-0.460677,-0.093763,0.053525,-0.099679,0.993579,0,0.74351,0.33110,44.610,0.662,-1,375.000,-1,375.000,-1,300.000,300.000,350.000,325.000,-1,-1,-1,-1,725.000,700.000,-1,-1,2,0,2,0,2,0,0,0,0,2,2,2,2,0,0,2,2
65,-4840.614,-7866.028,46.931,118.250,-0.477438,-0.876380,-0.063338,0.877025,-0.470904,-0.095270,0.053667,-0.101035,0.993434,0,0.74445,0.33533,44.667,0.671,-1,375.000,-1,375.000,-1,300.000,300.000,350.000,325.000,-1,-1,-1,-1,725.000,775.000,-1,-1,2,0,2,0,2,0,0,0,0,2,2,2,2,0,0,2,2
66,-4862.259,-7826.870,49.160,118.930,-0.487928,-0.870560,-0.063653,0.871203,-0.481168,-0.097381,0.054148,-0.102969,0.993210,0,0.74570,0.33975,44.742,0.679,-1,375.000,-1,375.000,-1,300.000,300.000,350.000,350.000,-1,-1,-1,-1,725.000,875.000,-1,-1,2,0,2,0,2,0,0,0,0,2,2,2,2,0,0,2,2
67,-4884.419,-7787.896,51.402,119.619,-0.498510,-0.864510,-0.064114,0.865153,-0.491481,-0.099782,0.054751,-0.105211,0.992942,0,0.74724,0.34434,44.834,0.689,-1,400.000,-1,375.000,-1,325.000,300.000,325.000,350.000,-1,-1,-1,-1,750.000,1000.000,-1,-1,2,0,2,0,2,0,0,0,0,2,2,2,2,0,0,2,2
68,-4907.107,-7749.099,53.906,120.317,-0.509088,-0.858312,-0.064270,0.858974,-0.501895,-0.101313,0.054701,-0.106783,0.992776,0,0.74908,0.34911,44.945,0.698,-1,400.000,-1,375.000,-1,325.000,325.000,325.000,350.000,-1,-1,-1,-1,750.000,-1,-1,-1,2,0,2,0,2,0,0,0,0,2,2,2,2,0,2,2,2
69,-4930.340,-7710.477,56.451,121.025,-0.519750,-0.851876,-0.064547,0.852565,-0.512363,-0.103034,0.054700,-0.108583,0.992581,0,0.75120,0.35404,45.072,0.708,-1,400.000,-1,375.000,-1,325.000,325.000,325.000,350.000,-1,925.000,-1,-1,750.000,-1,-1,-1,2,0,2,0,2,0,0,0,0,2,0,2,2,0,2,2,2
70,-4954.131,-7672.026,59.031,121.743,-0.530497,-0.845194,-0.064968,0.845917,-0.522883,-0.104961,0.054742,-0.110639,0.992352,0,0.75361,0.35915,45.217,0.718,-1,400.000,-1,400.000,-1,325.000,325.000,325.000,350.000,-1,725.000,-1,-1,750.000,-1,-1,-1,2,0,2,0,2,0,0,0,0,2,0,2,2,0,2,2,2
71,-4978.494,-7633.744,61.199,122.472,-0.541170,-0.838403,-0.064926,0.839208,-0.533546,-0.105159,0.053525,-0.111396,0.992334,0,0.75630,0.36441,45.378,0.729,-1,400.000,-1,400.000,-1,325.000,325.000,325.000,350.000,-1,725.000,-1,-1,750.000,-1,-1,-1,2,0,2,0,2,0,0,0,0,2,0,2,2,0,2,2,2
72,-5003.447,-7595.632,63.341,123.212,-0.551902,-0.831379,-0.064907,0.832276,-0.544281,-0.105235,0.052162,-0.112100,0.992327,0,0.75926,0.36983,45.556,0.740,-1,400.000,-1,375.000,-1,325.000,325.000,325.000,350.000,-1,750.000,-1,-1,750.000,-1,-1,-1,2,0,2,0,2,0,0,0,0,2,0,2,2,0,2,2,2
73,-5026.067,-7561.731,65.286,123.711,-0.559108,-0.826544,-0.064983,0.827507,-0.551473,-0.105404,0.051285,-0.112706,0.992304,0,0.67926,0.24983,40.756,0.500,-1,400.000,-1,375.000,-1,325.000,325.000,325.000,350.000,-1,775.000,-1,-1,750.000,-1,-1,-1,2,0,2,0,2,0,0,0,0,2,0,2,2,0,2,2,2
74,-5049.121,-7527.795,67.268,124.189,-0.565958,-0.821858,-0.065123,0.822888,-0.558297,-0.105636,0.050459,-0.113374,0.992270,0,0.68378,0.23870,41.027,0.477,-1,375.000,-1,400.000,-1,325.000,325.000,325.000,350.000,-1,800.000,-1,-1,775.000,-1,-1,-1,2,0,2,0,2,0,0,0,0,2,0,2,2,0,2,2,2
75,-5072.617,-7493.818,69.289,124.662,-0.572716,-0.817147,-0.065325,0.818249,-0.565021,-0.105928,0.049648,-0.114119,0.992226,0,0.68850,0.23671,41.310,0.473,-1,375.000,-1,400.000,-1,325.000,325.000,325.000,350.000,-1,825.000,-1,-1,800.000,-1,-1,-1,2,0,2,0,2,0,0,0,0,2,0,2,2,0,2,2,2
76,-5096.551,-7459.804,71.350,125.131,-0.579378,-0.812416,-0.065588,0.813594,-0.571638,-0.106282,0.048852,-0.114940,0.992171,0,0.69318,0.23456,41.591,0.469,-1,375.000,-1,425.000,-1,325.000,325.000,325.000,350.000,-1,875.000,-1,-1,825.000,-1,-1,-1,2,0,2,0,2,0,0,0,0,2,0,2,2,0,2,2,2
77,-5120.922,-7425.761,73.453,125.596,-0.585939,-0.807670,-0.065914,0.808928,-0.578144,-0.106700,0.048071,-0.115839,0.992104,0,0.69780,0.23223,41.868,0.464,-1,375.000,-1,450.000,-1,300.000,300.000,325.000,350.000,-1,925.000,-1,-1,875.000,-1,-1,-1,2,0,2,0,2,0,0,0,0,2,0,2,2,0,2,2,2
78,-5145.725,-7391.693,75.464,126.055,-0.592402,-0.802961,-0.065672,0.804229,-0.584568,-0.107217,0.047701,-0.116331,0.992064,0,0.70235,0.22973,42.141,0.459,-1,375.000,-1,450.000,-1,300.000,325.000,325.000,350.000,-1,900.000,-1,-1,900.000,-1,-1,-1,2,0,2,0,2,0,0,0,0,2,0,2,2,0,2,2,2
79,-5170.957,-7357.607,77.518,126.509,-0.598754,-0.798240,-0.065621,0.799537,-0.590866,-0.107786,0.047266,-0.117004,0.992006,0,0.70683,0.22704,42.410,0.454,-1,375.000,-1,475.000,-1,300.000,325.000,325.000,350.000,-1,900.000,-1,-1,925.000,-1,-1,-1,2,0,2,0,2,0,0,0,0,2,0,2,2,0,2,2,2
80,-5196.613,-7323.509,79.574,126.958,-0.604989,-0.793494,-0.065994,0.794868,-0.597020,-0.108404,0.046618,-0.118040,0.991914,0,0.71121,0.22416,42.672,0.448,-1,400.000,-1,500.000,-1,300.000,350.000,325.000,350.000,-1,925.000,-1,-1,950.000,-1,-1,-1,2,0,2,0,2,0,0,0,0,2,0,2,2,0,2,2,2
81,-5222.688,-7289.407,81.505,127.400,-0.611047,-0.788805,-0.066393,0.790291,-0.603081,-0.108320,0.045403,-0.118659,0.991896,0,0.71549,0.22107,42.929,0.442,-1,375.000,-1,500.000,-1,325.000,350.000,325.000,325.000,-1,1000.000,-1,-1,975.000,-1,-1,-1,2,0,2,0,2,0,0,0,0,2,0,2,2,0,2,2,2
82,-5249.171,-7255.304,82.473,127.835,-0.616658,-0.784464,-0.065940,0.786153,-0.609267,-0.103719,0.041189,-0.115798,0.992418,0,0.71965,0.21778,43.179,0.436,-1,400.000,-1,500.000,-1,325.000,350.000,325.000,325.000,-1,-1,-1,-1,950.000,-1,-1,-1,2,0,2,0,2,0,0,0,0,2,2,2,2,0,2,2,2
83,-5276.059,-7221.210,83.476,128.264,-0.622151,-0.780129,-0.065779,0.782029,-0.615309,-0.099120,0.036852,-0.113109,0.992899,0,0.72369,0.21427,43.421,0.429,-1,400.000,-1,500.000,-1,325.000,350.000,325.000,325.000,-1,-1,-1,-1,950.000,-1,-1,-1,2,0,2,0,2,0,0,0,0,2,2,2,2,0,2,2,2
84,-5303.343,-7187.133,84.517,128.685,-0.627518,-0.775807,-0.065911,0.777928,-0.621203,-0.094530,0.032393,-0.110593,0.993338,0,0.72758,0.21053,43.655,0.421,-1,400.000,-1,500.000,-1,325.000,350.000,325.000,325.000,-1,-1,-1,-1,925.000,-1,-1,-1,2,0,2,0,2,0,0,0,0,2,2,2,2,0,2,2,2
85,-5331.011,-7153.079,85.274,129.098,-0.632788,-0.771606,-0.064839,0.773791,-0.627022,-0.089947,0.028748,-0.107089,0.993834,0,0.73131,0.20656,43.879,0.413,-1,400.000,-1,500.000,-1,325.000,350.000,325.000,325.000,-1,-1,-1,-1,925.000,-1,-1,-1,2,0,2,0,2,0,0,0,0,2,2,2,2,0,2,2,2
86,-5359.055,-7119.056,85.920,129.503,-0.637942,-0.767471,-0.063383,0.769665,-0.632715,-0.085370,0.025415,-0.103245,0.994331,0,0.73486,0.20235,44.092,0.405,-1,400.000,-1,500.000,-1,350.000,375.000,325.000,325.000,-1,-1,-1,-1,925.000,1000.000,-1,-1,2,0,2,0,2,0,0,0,0,2,2,2,2,0,1,2,2
87,-5387.463,-7085.074,86.566,129.898,-0.642966,-0.763372,-0.062114,0.765576,-0.638243,-0.080858,0.022081,-0.099542,0.994788,0,0.73821,0.19789,44.293,0.396,-1,425.000,-1,500.000,-1,350.000,375.000,350.000,325.000,-1,-1,-1,-1,925.000,975.000,-1,-1,2,0,2,0,2,0,0,0,0,2,2,2,2,0,1,2,2
88,-5416.220,-7051.140,87.234,130.285,-0.647846,-0.759324,-0.061009,0.761542,-0.643607,-0.076309,0.018677,-0.095897,0.995216,0,0.74134,0.19316,44.480,0.386,-1,425.000,-1,500.000,-1,350.000,375.000,350.000,325.000,-1,-1,-1,-1,900.000,925.000,-1,-1,2,0,2,0,2,0,0,0,0,2,2,2,2,0,1,2,2
89,-5445.313,-7017.265,87.924,130.661,-0.652577,-0.755338,-0.060068,0.757570,-0.648802,-0.071725,0.015204,-0.092312,0.995614,0,0.74423,0.18816,44.654,0.376,-1,425.000,-1,500.000,-1,350.000,375.000,350.000,325.000,-1,-1,-1,-1,900.000,900.000,-1,-1,2,0,2,0,2,0,0,0,0,2,2,2,2,0,1,2,2
90,-5474.725,-6983.458,88.638,131.027,-0.657153,-0.751422,-0.059290,0.753667,-0.653821,-0.067109,0.011662,-0.088786,0.995982,0,0.74685,0.18289,44.811,0.366,-1,425.000,-1,500.000,-1,350.000,375.000,350.000,350.000,-1,-1,-1,-1,900.000,875.000,-1,-1,2,0,2,0,2,0,0,0,0,2,2,2,2,0,1,2,2
91,-5504.438,-6949.730,89.287,131.382,-0.661551,-0.747565,-0.059140,0.749860,-0.658639,-0.062483,0.007759,-0.085682,0.996292,0,0.74917,0.17733,44.950,0.355,-1,425.000,-1,500.000,-1,350.000,375.000,350.000,350.000,-1,-1,-1,-1,900.000,850.000,-1,-1,2,0,2,1,2,0,0,0,0,2,2,2,2,0,1,2,2
92,-5534.436,-6916.092,89.114,131.724,-0.665615,-0.743584,-0.063559,0.746295,-0.663080,-0.058048,0.001019,-0.086072,0.996288,0,0.75118,0.17147,45.071,0.343,-1,425.000,-1,475.000,-1,350.000,375.000,350.000,350.000,-1,-1,-1,-1,850.000,800.000,-1,-1,2,0,2,1,2,0,0,0,0,2,2,2,2,0,1,2,2
93,-5564.694,-6882.554,88.854,132.055,-0.669441,-0.739751,-0.067957,0.742840,-0.667364,-0.053045,-0.006112,-0.085992,0.996277,0,0.75284,0.16531,45.170,0.331,-1,425.000,-1,450.000,-1,350.000,350.000,325.000,350.000,-1,-1,-1,-1,800.000,750.000,-1,-1,2,0,2,1,2,0,0,0,0,2,2,2,2,0,1,2,2
94,-5595.190,-6849.128,88.596,132.373,-0.673043,-0.736050,-0.072412,0.739483,-0.671465,-0.047958,-0.013323,-0.085825,0.996221,0,0.75412,0.15884,45.247,0.318,-1,400.000,-1,450.000,-1,350.000,350.000,325.000,375.000,-1,-1,-1,-1,775.000,725.000,-1,-1,2,0,2,1,2,0,0,0,0,2,2,2,2,0,1,2,2
95,-5625.897,-6815.825,88.242,132.677,-0.676457,-0.732486,-0.076615,0.736208,-0.675372,-0.043246,-0.020066,-0.085659,0.996122,0,0.75499,0.15205,45.300,0.304,-1,400.000,-1,425.000,-1,325.000,350.000,325.000,375.000,-1,-1,-1,-1,725.000,675.000,-1,-1,2,0,2,1,2,0,0,0,0,2,2,2,2,0,1,2,2
96,-5656.787,-6782.655,86.767,132.967,-0.679991,-0.729323,-0.075508,0.732848,-0.679314,-0.038281,-0.023375,-0.081367,0.996410,0,0.75542,0.14495,45.325,0.290,-1,400.000,-1,400.000,-1,325.000,350.000,325.000,375.000,-1,-1,-1,-1,725.000,650.000,-1,950.000,2,0,2,1,2,0,0,0,0,2,2,2,2,0,1,2,1
97,-5687.834,-6749.636,85.321,133.242,-0.683337,-0.726296,-0.074461,0.729619,-0.683037,-0.033418,-0.026588,-0.077164,0.996664,0,0.75539,0.13753,45.323,0.275,-1,400.000,-1,400.000,-1,325.000,350.000,325.000,350.000,-1,-1,-1,-1,700.000,625.000,-1,875.000,2,0,2,1,2,0,1,0,0,2,2,2,2,0,1,2,1
98,-5719.009,-6716.782,83.907,133.501,-0.686489,-0.723419,-0.073468,0.726533,-0.686534,-0.028660,-0.029705,-0.073052,0.996886,0,0.75485,0.12980,45.291,0.260,-1,375.000,-1,375.000,800.000,325.000,325.000,325.000,350.000,-1,-1,0.000,-1,700.000,600.000,-1,775.000,2,0,2,1,1,0,1,0,0,2,2,0,2,1,1,2,1
99,-5750.278,-6684.106,82.525,133.745,-0.689442,-0.720701,-0.072523,0.723602,-0.689800,-0.024011,-0.032722,-0.069032,0.997078,0,0.75378,0.12176,45.227,0.244,-1,375.000,-1,375.000,700.000,325.000,325.000,325.000,350.000,-1,-1,0.000,-1,675.000,575.000,-1,700.000,2,0,2,1,1,0,1,0,0,2,2,0,2,1,1,2,1
100,-5781.610,-6651.625,81.178,133.972,-0.692188,-0.718155,-0.071621,0.720837,-0.692831,-0.019470,-0.035638,-0.065104,0.997242,0,0.75216,0.11342,45.130,0.227,-1,375.000,-1,350.000,625.000,325.000,300.000,300.000,350.000,-1,-1,0.000,-1,675.000,550.000,-1,625.000,2,0,2,1,1,0,1,0,1,2,2,0,2,1,1,2,1
101,-5812.970,-6619.354,80.399,134.181,-0.694784,-0.715704,-0.071017,0.718274,-0.695540,-0.017512,-0.036862,-0.063177,0.997321,0,0.74997,0.10480,44.998,0.210,-1,375.000,-1,350.000,575.000,325.000,300.000,300.000,350.000,-1,0.000,0.000,-1,675.000,525.000,-1,575.000,2,0,2,1,1,1,1,0,1,2,0,0,2,1,1,2,1
102,-5844.322,-6587.308,80.351,134.373,-0.697266,-0.713391,-0.069961,0.715914,-0.697952,-0.018153,-0.035879,-0.062744,0.997385,0,0.74720,0.09593,44.832,0.192,-1,375.000,-1,325.000,550.000,325.000,300.000,300.000,325.000,-1,0.000,50.000,-1,700.000,525.000,-1,550.000,2,0,2,1,1,1,1,0,1,2,0,0,2,1,1,2,1
103,-5875.629,-6555.501,80.356,134.547,-0.699519,-0.711287,-0.068871,0.713768,-0.700126,-0.018942,-0.034745,-0.062409,0.997446,0,0.74383,0.08682,44.630,0.174,-1,375.000,-1,325.000,525.000,325.000,300.000,300.000,325.000,-1,50.000,175.000,-1,750.000,525.000,-1,550.000,2,1,2,1,1,1,1,0,1,2,0,0,2,1,1,2,1
104,-5906.854,-6523.948,80.416,134.702,-0.701542,-0.709401,-0.067747,0.711842,-0.702058,-0.019877,-0.033462,-0.062169,0.997505,0,0.73987,0.07751,44.392,0.155,-1,375.000,-1,325.000,525.000,325.000,300.000,300.000,325.000,-1,-1,-1,-1,800.000,525.000,-1,525.000,2,1,2,1,1,1,1,0,1,2,2,2,2,0,1,2,1
105,-5941.696,-6489.223,80.527,135.097,-0.706535,-0.704562,-0.066338,0.706950,-0.706950,-0.021031,-0.032080,-0.061756,0.997576,0,0.81987,0.19751,49.192,0.395,-1,400.000,-1,325.000,500.000,325.000,300.000,300.000,325.000,-1,-1,-1,-1,825.000,550.000,-1,500.000,2,1,2,1,1,1,1,0,1,2,2,2,2,0,1,2,1
106,-5980.359,-6451.537,80.078,135.732,-0.714519,-0.696608,-0.064800,0.699031,-0.714638,-0.025436,-0.028589,-0.063472,0.997574,0,0.89987,0.31751,53.992,0.635,-1,400.000,-1,325.000,475.000,325.000,300.000,300.000,300.000,-1,-1,350.000,-1,850.000,625.000,-1,-1,2,1,2,1,1,1,1,0,1,2,2,0,2,0,1,2,2
107,-6022.157,-6412.023,78.853,136.607,-0.725444,-0.685457,-0.062289,0.687917,-0.725028,-0.033224,-0.022388,-0.066951,0.997505,0,0.95865,0.43751,57.519,0.875,-1,425.000,-1,350.000,500.000,325.000,300.000,300.000,300.000,-1,200.000,275.000,-1,875.000,-1,-1,-1,2,1,2,1,1,1,1,0,1,2,0,0,2,0,2,2,2
108,-6064.765,-6373.286,77.686,137.722,-0.739016,-0.671067,-0.059358,0.673489,-0.738063,-0.040929,-0.016343,-0.070224,0.997397,0,0.95976,0.55751,57.586,1.115,-1,450.000,-1,375.000,-1,350.000,325.000,300.000,300.000,-1,175.000,250.000,-1,900.000,-1,-1,-1,2,1,2,1,2,1,1,0,1,2,0,0,2,0,2,2,2
109,-6108.242,-6335.597,76.560,139.077,-0.755044,-0.653283,-0.055946,0.655590,-0.753560,-0.048465,-0.010498,-0.073271,0.997257,0,0.95900,0.67751,57.540,1.355,-1,475.000,-1,425.000,-1,375.000,350.000,300.000,300.000,-1,150.000,225.000,-1,925.000,-1,-1,-1,2,1,2,1,2,1,1,0,1,2,0,0,2,0,2,2,2
110,-6152.603,-6299.252,74.971,140.672,-0.773217,-0.632008,-0.051980,0.634110,-0.771395,-0.053425,-0.006332,-0.074270,0.997218,0,0.95583,0.79751,57.350,1.595,-1,500.000,-1,475.000,-1,400.000,400.000,300.000,275.000,-1,125.000,225.000,-1,925.000,-1,-1,-1,2,0,2,1,2,1,1,0,1,2,0,0,2,0,2,2,2
111,-6197.727,-6264.459,72.053,142.370,-0.791681,-0.609059,-0.047834,0.610902,-0.790020,-0.051640,-0.006338,-0.070104,0.997520,0,0.94968,0.84891,56.981,1.698,-1,500.000,-1,525.000,-1,425.000,425.000,300.000,275.000,-1,150.000,225.000,-1,900.000,-1,-1,-1,2,0,2,1,2,1,1,0,1,2,0,0,2,0,2,2,2
112,4263.316,-983.887,212.150,96.149,-0.077362,-0.980721,-0.179450,0.982428,-0.105649,0.153860,-0.169853,-0.164394,0.971661,1,0.00000,0.00000,56.419,1.654,100.000,200.000,800.000,425.000,-1,225.000,325.000,450.000,225.000,-1,75.000,25.000,325.000,250.000,625.000,100.000,975.000,1,1,1,0,2,1,1,1,1,2,1,1,1,1,0,1,0
113,-327.968,-6231.359,24.622,-147.769,-0.845125,0.533314,-0.036614,-0.532392,-0.845881,-0.032310,-0.048203,-0.007813,0.998807,1,0.00000,0.00000,-4.800,0.240,-1,425.000,-1,450.000,-1,350.000,350.000,300.000,300.000,-1,-1,-1,-1,825.000,900.000,-1,-1,2,0,2,0,2,0,0,0,0,2,2,2,2,0,0,2,2
114,-332.018,-6233.936,24.428,-147.529,-0.842861,0.536853,-0.037072,-0.535908,-0.843640,-0.032763,-0.048865,-0.007748,0.998775,0,0.08000,0.12000,4.800,0.240,-1,425.000,-1,450.000,-1,350.000,350.000,300.000,300.000,-1,-1,-1,-1,825.000,900.000,-1,-1,2,0,2,0,2,0,0,0,0,2,2,2,2,0,0,2,2
115,-340.073,-6239.157,24.039,-147.049,-0.838289,0.543902,-0.037976,-0.542912,-0.839114,-0.033677,-0.050183,-0.007613,0.998711,0,0.16000,0.24000,9.600,0.480,-1,425.000,-1,450.000,-1,350.000,350.000,300.000,300.000,-1,-1,-1,-1,800.000,875.000,-1,-1,2,0,2,0,2,0,0,0,0,2,2,2,2,0,0,2,2
116,-352.058,-6247.141,23.451,-146.329,-0.831319,0.554404,-0.039303,-0.553344,-0.832215,-0.035064,-0.052148,-0.007401,0.998612,0,0.24000,0.36000,14.400,0.720,-1,425.000,-1,425.000,-1,350.000,350.000,300.000,300.000,-1,-1,-1,-1,800.000,875.000,-1,-1,2,0,2,0,2,0,0,0,0,2,2,2,2,0,0,2,2
117,-367.856,-6258.052,22.636,-145.369,-0.821813,0.568271,-0.041132,-0.567115,-0.822811,-0.036910,-0.054819,-0.007006,0.998472,0,0.32000,0.48000,19.200,0.960,-1,425.000,-1,425.000,-1,350.000,350.000,300.000,300.000,-1,-1,-1,-1,775.000,850.000,-1,-1,2,0,2,0,2,0,0,0,0,2,2,2,2,0,0,2,2
118,-387.315,-6272.102,21.591,-144.169,-0.809596,0.585381,-0.043401,-0.584099,-0.810733,-0.039249,-0.058162,-0.006426,0.998286,0,0.40000,0.60000,24.000,1.200,-1,425.000,-1,425.000,-1,325.000,350.000,300.000,300.000,-1,-1,-1,-1,775.000,825.000,-1,-1,2,0,2,0,2,0,0,0,0,2,2,2,2,0,0,2,2
119,-410.286,-6289.475,20.319,-142.901,-0.796277,0.603187,-0.045909,-0.601744,-0.797578,-0.042112,-0.062017,-0.005907,0.998058,0,0.48000,0.63427,28.800,1.269,-1,400.000,-1,425.000,-1,325.000,350.000,300.000,325.000,-1,-1,-1,-1,750.000,800.000,-1,-1,2,0,2,0,2,0,0,0,0,2,2,2,2,0,0,2,2
120,-436.630,-6310.331,18.603,-141.632,-0.782542,0.620700,-0.048575,-0.619120,-0.784034,-0.044517,-0.065716,-0.004762,0.997827,0,0.56000,0.63427,33.600,1.269,-1,400.000,-1,425.000,-1,325.000,325.000,300.000,325.000,-1,-1,-1,-1,725.000,775.000,-1,-1,2,0,2,0,2,0,0,0,0,2,2,2,2,0,0,2,2
121,-466.203,-6334.826,16.042,-140.364,-0.768391,0.637912,-0.051426,-0.636353,-0.770108,-0.044588,-0.068047,-0.001536,0.997681,0,0.64000,0.63427,38.400,1.269,-1,400.000,-1,400.000,-1,325.000,325.000,300.000,325.000,-1,-1,-1,-1,700.000,750.000,-1,-1,2,0,2,0,2,0,0,0,0,2,2,2,2,0,0,2,2
122,-498.854,-6363.114,13.157,-139.095,-0.753836,0.654801,-0.054468,-0.653271,-0.755799,-0.044771,-0.070483,0.001833,0.997511,0,0.72000,0.63416,43.200,1.268,-1,400.000,-1,400.000,-1,325.000,325.000,300.000,325.000,-1,-1,-1,-1,675.000,725.000,-1,-1,2,0,2,0,2,0,0,0,0,2,2,2,2,0,0,2,2
123,-534.563,-6395.190,9.943,-138.067,-0.741697,0.668252,-0.057654,-0.666749,-0.743918,-0.045085,-0.073018,0.005001,0.997318,0,0.80000,0.51416,48.000,1.028,-1,375.000,-1,400.000,-1,325.000,325.000,300.000,325.000,-1,-1,-1,-1,675.000,700.000,-1,-1,2,0,2,0,2,0,0,0,0,2,2,2,2,0,0,2,2
124,-570.993,-6428.857,6.604,-137.257,-0.731909,0.678690,-0.060747,-0.677215,-0.734383,-0.045413,-0.075433,0.007900,0.997120,0,0.82674,0.40500,49.604,0.810,-1,375.000,-1,375.000,-1,325.000,325.000,300.000,325.000,-1,-1,-1,-1,650.000,650.000,1000.000,-1,2,0,2,0,2,0,0,0,0,2,2,2,2,0,0,1,2
125,-607.219,-6463.294,3.392,-136.450,-0.722072,0.688955,-0.062871,-0.687508,-0.724733,-0.045771,-0.077099,0.010174,0.996972,0,0.83302,0.40365,49.981,0.807,-1,375.000,-1,375.000,-1,325.000,300.000,300.000,325.000,-1,-1,-1,-1,625.000,650.000,950.000,950.000,2,0,2,0,2,0,0,0,0,2,2,2,2,0,0,1,1
126,-643.226,-6498.498,0.409,-135.646,-0.712173,0.699036,-0.064482,-0.697696,-0.714971,-0.045135,-0.077653,0.012845,0.996898,0,0.83929,0.40205,50.357,0.804,-1,375.000,-1,375.000,975.000,300.000,300.000,300.000,325.000,-1,-1,-1,-1,625.000,625.000,925.000,900.000,2,0,2,0,0,0,0,0,0,2,2,2,2,0,0,1,1
127,-679.001,-6534.467,-2.513,-134.845,-0.702210,0.708928,-0.065740,-0.707725,-0.705109,-0.044108,-0.077623,0.015552,0.996861,0,0.84551,0.40018,50.731,0.800,-1,375.000,-1,350.000,900.000,300.000,300.000,300.000,325.000,-1,-1,-1,-1,600.000,600.000,875.000,825.000,2,0,2,0,0,0,0,0,0,2,2,2,2,0,0,1,1
128,-714.530,-6571.196,-5.398,-134.049,-0.692199,0.718624,-0.066640,-0.717579,-0.695161,-0.042792,-0.077077,0.018199,0.996859,0,0.85169,0.39803,51.102,0.796,-1,350.000,-1,350.000,850.000,300.000,300.000,325.000,325.000,-1,-1,-1,-1,600.000,575.000,850.000,775.000,2,0,2,0,0,0,0,0,0,2,2,2,2,0,0,1,1
129,-749.800,-6608.680,-8.342,-133.258,-0.682195,0.728123,-0.066682,-0.727242,-0.685143,-0.041206,-0.075690,0.020384,0.996923,0,0.85781,0.39558,51.468,0.791,-1,350.000,-1,350.000,800.000,300.000,300.000,325.000,325.000,-1,-1,-1,-1,575.000,575.000,825.000,725.000,2,0,2,0,0,0,0,0,0,2,2,2,2,0,0,1,1
130,-784.797,-6646.909,-11.770,-132.472,-0.672374,0.737445,-0.063943,-0.736691,-0.675090,-0.039249,-0.072111,0.020716,0.997181,0,0.86384,0.39283,51.830,0.786,-1,350.000,1000.000,350.000,750.000,300.000,300.000,325.000,325.000,-1,-1,-1,-1,575.000,550.000,800.000,700.000,2,0,1,0,1,0,0,0,0,2,2,2,2,0,0,1,1
131,-819.507,-6685.877,-15.158,-131.693,-0.662518,0.746552,-0.061071,-0.745953,-0.664987,-0.036685,-0.067998,0.021252,0.997459,0,0.86976,0.38975,52.186,0.780,-1,350.000,950.000,350.000,700.000,300.000,275.000,325.000,325.000,-1,-1,-1,-1,575.000,550.000,750.000,650.000,2,0,1,0,1,0,0,0,0,2,2,2,2,0,0,1,1
132,-853.916,-6725.572,-18.415,-130.920,-0.652639,0.755445,-0.058013,-0.754994,-0.654854,-0.033916,-0.063612,0.021664,0.997740,0,0.87556,0.38633,52.533,0.773,-1,350.000,925.000,325.000,650.000,275.000,275.000,325.000,325.000,-1,350.000,-1,-1,575.000,550.000,725.000,625.000,2,0,1,0,1,0,0,0,0,2,0,2,2,1,0,1,1
133,-888.010,-6765.982,-21.538,-130.155,-0.642748,0.764117,-0.054775,-0.763806,-0.644704,-0.030936,-0.058952,0.021954,0.998019,0,0.88120,0.38254,52.872,0.765,-1,350.000,875.000,325.000,600.000,275.000,275.000,325.000,325.000,-1,325.000,350.000,-1,550.000,525.000,700.000,575.000,2,0,1,0,1,0,0,0,0,2,0,0,2,1,0,1,1
134,-921.776,-6807.092,-24.377,-129.398,-0.632903,0.772571,-0.050667,-0.772374,-0.634561,-0.027747,-0.053587,0.021573,0.998330,0,0.88666,0.37837,53.199,0.757,1000.000,350.000,850.000,325.000,550.000,275.000,275.000,325.000,325.000,-1,275.000,300.000,-1,550.000,525.000,675.000,550.000,1,0,1,0,1,0,0,0,0,2,0,0,2,1,0,1,1
