timestep,x_cm,y_cm,z_cm,yaw_deg,basis_xx,basis_xy,basis_xz,basis_yx,basis_yy,basis_yz,basis_zx,basis_zy,basis_zz,teleport_flag,throttle_cmd,steering_cmd,cmd_move_cm,cmd_turn_deg,lidar_cm_0,lidar_cm_1,lidar_cm_2,lidar_cm_3,lidar_cm_4,lidar_cm_5,lidar_cm_6,lidar_cm_7,lidar_cm_8,lidar_cm_9,lidar_cm_10,lidar_cm_11,lidar_cm_12,lidar_cm_13,lidar_cm_14,lidar_cm_15,lidar_cm_16,lidar_class_0,lidar_class_1,lidar_class_2,lidar_class_3,lidar_class_4,lidar_class_5,lidar_class_6,lidar_class_7,lidar_class_8,lidar_class_9,lidar_class_10,lidar_class_11,lidar_class_12,lidar_class_13,lidar_class_14,lidar_class_15,lidar_class_16
0,-980.270,-1642.976,26.608,-41.039,0.752848,0.656253,-0.050518,-0.657003,0.753884,0.002271,0.039574,0.031481,0.998721,1,0.08000,-0.12000,4.800,-0.240,850.000,400.000,850.000,400.000,675.000,325.000,325.000,300.000,275.000,-1,350.000,350.000,-1,550.000,600.000,650.000,650.000,1,0,1,0,1,0,0,0,0,2,0,0,2,1,1,1,1
1,-973.082,-1649.340,26.897,-41.519,0.747308,0.662542,-0.050679,-0.663292,0.748356,0.002639,0.039674,0.031642,0.998712,0,0.16000,-0.24000,9.600,-0.480,800.000,400.000,850.000,400.000,675.000,325.000,325.000,300.000,275.000,-1,350.000,350.000,-1,550.000,575.000,625.000,650.000,1,0,1,0,1,0,0,0,0,2,0,0,2,1,1,1,1
2,-962.421,-1659.020,27.325,-42.239,0.738902,0.671888,-0.050895,-0.672637,0.739966,0.003186,0.039801,0.031880,0.998699,0,0.24000,-0.36000,14.400,-0.720,750.000,400.000,825.000,400.000,675.000,325.000,325.000,300.000,275.000,-1,350.000,350.000,-1,550.000,575.000,600.000,625.000,1,1,1,0,1,0,0,0,0,2,0,0,2,1,1,1,1
3,-948.425,-1672.163,27.884,-43.199,0.727513,0.684185,-0.051139,-0.684931,0.728598,0.003900,0.039927,0.032189,0.998684,0,0.32000,-0.48000,19.200,-0.960,700.000,400.000,825.000,400.000,675.000,325.000,325.000,300.000,275.000,-1,350.000,350.000,-1,525.000,575.000,575.000,625.000,1,1,1,0,1,0,0,0,0,2,0,0,2,1,1,1,1
4,-931.277,-1688.955,28.646,-44.399,0.713000,0.699278,-0.051396,-0.700037,0.714094,0.004365,0.039754,0.032867,0.998669,0,0.40000,-0.60000,24.000,-1.200,625.000,400.000,800.000,400.000,650.000,325.000,325.000,300.000,275.000,-1,350.000,350.000,-1,525.000,550.000,550.000,600.000,1,1,1,1,1,0,0,0,0,2,0,0,2,1,1,1,1
5,-911.212,-1709.616,29.730,-45.839,0.695208,0.716985,-0.051180,-0.717758,0.696278,0.004481,0.038848,0.033620,0.998679,0,0.48000,-0.72000,28.800,-1.440,575.000,400.000,775.000,375.000,650.000,325.000,325.000,300.000,275.000,-1,375.000,375.000,-1,500.000,525.000,525.000,575.000,1,1,1,1,1,0,0,0,0,2,0,0,2,1,1,1,1
6,-888.521,-1734.396,30.947,-47.519,0.673902,0.737069,-0.050856,-0.737859,0.674940,0.004579,0.037699,0.034439,0.998696,0,0.56000,-0.84000,33.600,-1.680,500.000,375.000,750.000,375.000,625.000,325.000,325.000,300.000,275.000,-1,425.000,400.000,-1,500.000,500.000,475.000,550.000,1,1,1,1,1,0,0,0,0,2,0,0,2,1,1,1,1
7,-863.551,-1763.569,32.272,-49.439,0.648850,0.759245,-0.050400,-0.760051,0.649846,0.004634,0.036271,0.035300,0.998718,0,0.64000,-0.96000,38.400,-1.920,450.000,375.000,725.000,350.000,600.000,325.000,325.000,300.000,275.000,-1,475.000,450.000,-1,475.000,475.000,450.000,525.000,1,1,1,1,1,0,0,0,0,2,0,0,2,1,1,1,1
8,-836.622,-1797.349,33.691,-51.439,0.621990,0.781440,-0.049790,-0.782259,0.622936,0.004610,0.034618,0.036081,0.998749,0,0.72000,-1.00000,43.200,-2.000,400.000,375.000,675.000,325.000,600.000,325.000,325.000,300.000,275.000,-1,525.000,500.000,-1,450.000,450.000,400.000,500.000,1,1,1,1,1,0,1,0,0,2,0,0,2,1,1,1,1
9,-808.029,-1835.904,35.181,-53.439,0.594384,0.802685,-0.049025,-0.803513,0.595270,0.004467,0.032768,0.036737,0.998788,0,0.80000,-1.00000,48.000,-2.000,350.000,350.000,625.000,325.000,550.000,325.000,300.000,300.000,275.000,-1,600.000,575.000,-1,450.000,425.000,350.000,450.000,1,1,1,1,1,0,1,0,0,2,0,0,2,1,1,1,1
10,-777.895,-1879.261,36.733,-55.199,0.569508,0.820576,-0.048117,-0.821407,0.570328,0.004157,0.030854,0.037156,0.998833,0,0.88000,-0.88000,52.800,-1.760,300.000,350.000,575.000,300.000,525.000,300.000,275.000,300.000,275.000,-1,700.000,650.000,-1,400.000,400.000,300.000,400.000,1,1,1,1,1,1,1,1,0,2,0,0,2,1,1,1,1
11,-746.289,-1927.416,39.584,-56.719,0.547555,0.835546,-0.045240,-0.836134,0.548446,0.009343,0.032618,0.032711,0.998932,0,0.96000,-0.76000,57.600,-1.520,250.000,300.000,525.000,275.000,500.000,275.000,250.000,275.000,300.000,-1,700.000,675.000,-1,375.000,375.000,275.000,375.000,1,1,1,1,1,1,1,1,0,2,0,0,2,1,1,1,1
12,-714.494,-1978.299,44.409,-57.999,0.528429,0.847644,-0.047555,-0.848001,0.529679,0.018313,0.040712,0.030650,0.998701,0,1.00000,-0.64000,60.000,-1.280,225.000,275.000,500.000,275.000,500.000,250.000,225.000,275.000,300.000,-1,575.000,575.000,-1,350.000,350.000,250.000,375.000,1,1,1,1,1,1,1,1,0,2,0,0,2,1,1,1,1
13,-683.623,-2029.751,51.218,-59.039,0.512041,0.857029,-0.057579,-0.857167,0.514153,0.030207,0.055493,0.033887,0.997884,0,1.00000,-0.52000,60.000,-1.040,200.000,275.000,475.000,250.000,525.000,250.000,225.000,275.000,325.000,-1,425.000,425.000,-1,325.000,350.000,225.000,375.000,1,1,1,1,1,1,1,1,0,2,0,0,2,1,1,1,1
14,-653.473,-2081.629,58.942,-59.839,0.498657,0.864003,-0.069572,-0.863674,0.502066,0.044692,0.073544,0.037801,0.996575,0,1.00000,-0.40000,60.000,-0.800,200.000,250.000,475.000,250.000,-1,225.000,225.000,275.000,350.000,-1,275.000,300.000,-1,325.000,350.000,225.000,375.000,1,1,1,1,2,1,1,1,0,2,0,0,2,1,1,1,1
15,-623.829,-2133.800,67.600,-60.399,0.488224,0.868716,-0.083488,-0.867531,0.493511,0.061944,0.095014,0.042186,0.994582,0,1.00000,-0.28000,60.000,-0.560,175.000,250.000,475.000,250.000,-1,225.000,225.000,275.000,350.000,-1,175.000,200.000,-1,300.000,350.000,200.000,375.000,1,1,1,1,2,1,1,1,0,2,0,0,2,1,1,1,1
16,-594.466,-2186.134,79.384,-60.719,0.479119,0.870916,-0.109314,-0.868650,0.488347,0.083456,0.126067,0.054970,0.990498,0,1.00000,-0.16000,60.000,-0.320,200.000,250.000,-1,250.000,-1,225.000,225.000,275.000,375.000,-1,125.000,125.000,825.000,325.000,350.000,200.000,425.000,1,1,2,1,2,1,1,1,0,2,0,0,0,1,1,1,1
17,-8199.160,-2951.705,-31.158,143.253,-0.801373,-0.597678,-0.024143,0.598155,-0.800466,-0.038274,0.003550,-0.045113,0.998976,1,0.00000,0.00000,60.000,-0.080,-1,400.000,-1,400.000,-1,325.000,325.000,300.000,325.000,-1,-1,-1,-1,800.000,775.000,-1,-1,2,0,2,0,2,0,0,0,0,2,2,2,2,0,0,2,2
18,-8203.018,-2948.849,-31.173,143.493,-0.803863,-0.594324,-0.024151,0.594806,-0.802969,-0.038049,0.003221,-0.044951,0.998984,0,0.08000,0.12000,4.800,0.240,-1,400.000,-1,400.000,-1,325.000,325.000,300.000,325.000,-1,-1,-1,-1,800.000,775.000,-1,-1,2,0,2,0,2,0,0,0,0,2,2,2,2,0,0,2,2
19,-8210.782,-2943.203,-31.204,143.973,-0.808801,-0.587585,-0.024179,0.588076,-0.807931,-0.037606,0.002561,-0.044635,0.999000,0,0.16000,0.24000,9.600,0.480,-1,400.000,-1,400.000,-1,325.000,325.000,300.000,325.000,-1,-1,-1,-1,800.000,775.000,-1,-1,2,0,2,0,2,0,0,0,0,2,2,2,2,0,0,2,2
20,-8222.533,-2934.880,-31.255,144.693,-0.816103,-0.577397,-0.024255,0.577904,-0.815267,-0.036956,0.001564,-0.044177,0.999023,0,0.24000,0.36000,14.400,0.720,-1,400.000,-1,400.000,-1,325.000,325.000,300.000,325.000,-1,-1,-1,-1,800.000,775.000,-1,-1,2,0,2,0,2,0,0,0,0,2,2,2,2,0,0,2,2
21,-8238.379,-2924.039,-31.327,145.623,-0.825348,-0.564096,-0.024420,0.564624,-0.824558,-0.036118,0.000239,-0.043598,0.999049,0,0.32000,0.46526,19.200,0.931,-1,400.000,-1,400.000,-1,325.000,325.000,300.000,325.000,-1,-1,-1,-1,800.000,775.000,-1,-1,2,0,2,0,2,0,0,0,0,2,2,2,2,0,0,2,2
22,-8258.404,-2910.810,-31.406,146.549,-0.834329,-0.550710,-0.024761,0.551265,-0.833591,-0.035114,-0.001303,-0.042947,0.999077,0,0.40000,0.46307,24.000,0.926,-1,400.000,-1,400.000,-1,325.000,325.000,300.000,325.000,-1,-1,-1,-1,800.000,775.000,-1,-1,2,0,2,0,2,0,0,0,0,2,2,2,2,0,0,2,2
23,-8282.685,-2895.323,-31.502,147.470,-0.843038,-0.537257,-0.025334,0.537845,-0.842359,-0.033979,-0.003085,-0.042271,0.999101,0,0.48000,0.46044,28.800,0.921,-1,400.000,-1,400.000,-1,325.000,325.000,300.000,325.000,-1,-1,-1,-1,800.000,750.000,-1,-1,2,0,2,0,2,0,0,0,0,2,2,2,2,0,0,2,2
24,-8311.298,-2877.709,-31.614,148.385,-0.851467,-0.523755,-0.026162,0.524383,-0.850853,-0.032743,-0.005110,-0.041599,0.999121,0,0.56000,0.45738,33.600,0.915,-1,400.000,-1,400.000,-1,325.000,325.000,300.000,325.000,-1,-1,-1,-1,775.000,750.000,-1,-1,2,0,2,0,2,0,0,0,0,2,2,2,2,0,0,2,2
25,-8344.314,-2858.100,-31.770,149.293,-0.859614,-0.510221,-0.027189,0.510894,-0.859062,-0.031617,-0.007226,-0.041069,0.999130,0,0.64000,0.45389,38.400,0.908,-1,400.000,-1,400.000,-1,325.000,325.000,300.000,325.000,-1,-1,-1,-1,775.000,750.000,-1,-1,2,0,2,0,2,0,0,0,0,2,2,2,2,0,0,2,2
26,-8381.799,-2836.627,-32.055,150.193,-0.867479,-0.496665,-0.028348,0.497390,-0.866971,-0.031067,-0.009147,-0.041051,0.999115,0,0.72000,0.44998,43.200,0.900,-1,400.000,-1,400.000,-1,325.000,325.000,300.000,300.000,-1,-1,-1,-1,775.000,750.000,-1,-1,2,0,2,0,2,0,0,0,0,2,2,2,2,0,0,2,2
27,-8423.814,-2813.418,-32.383,151.084,-0.875054,-0.483115,-0.029686,0.483898,-0.874585,-0.030711,-0.011126,-0.041239,0.999087,0,0.80000,0.44567,48.000,0.891,-1,400.000,-1,400.000,-1,325.000,325.000,300.000,300.000,-1,-1,-1,-1,750.000,725.000,-1,-1,2,0,2,0,2,0,0,0,0,2,2,2,2,0,0,2,2
28,-8470.368,-2788.630,-32.691,151.966,-0.882344,-0.469591,-0.030867,0.470427,-0.881912,-0.030471,-0.012913,-0.041407,0.999059,0,0.87903,0.44101,52.742,0.882,-1,400.000,-1,400.000,-1,325.000,325.000,300.000,300.000,-1,-1,-1,-1,750.000,725.000,-1,-1,2,0,2,0,2,0,0,0,0,2,2,2,2,0,0,2,2
29,-8517.237,-2764.583,-32.982,152.839,-0.889358,-0.456096,-0.031918,0.456982,-0.888955,-0.030441,-0.014490,-0.041659,0.999027,0,0.87797,0.43648,52.678,0.873,-1,400.000,-1,400.000,-1,325.000,325.000,300.000,300.000,-1,-1,-1,-1,750.000,725.000,-1,-1,2,0,2,0,2,0,0,0,0,2,2,2,2,0,0,2,2
30,-8564.391,-2741.286,-33.296,153.707,-0.896125,-0.442572,-0.033016,0.443513,-0.895742,-0.030695,-0.015989,-0.042149,0.998983,0,0.87659,0.43387,52.595,0.868,-1,400.000,-1,375.000,-1,325.000,325.000,300.000,300.000,-1,-1,-1,-1,725.000,725.000,-1,-1,2,0,2,0,2,0,0,0,0,2,2,2,2,0,0,2,2
31,-8612.823,-2718.284,-33.816,154.596,-0.902868,-0.428617,-0.033437,0.429585,-0.902498,-0.030883,-0.016940,-0.042247,0.998964,0,0.89362,0.44457,53.617,0.889,-1,400.000,-1,375.000,-1,325.000,325.000,300.000,300.000,-1,-1,-1,-1,725.000,725.000,-1,-1,2,0,2,0,2,0,0,0,0,2,2,2,2,0,0,2,2
32,-8661.619,-2696.018,-34.631,155.473,-0.909337,-0.414768,-0.032766,0.415711,-0.908976,-0.030758,-0.017026,-0.041591,0.998990,0,0.89394,0.43839,53.637,0.877,-1,400.000,-1,375.000,-1,325.000,325.000,300.000,300.000,-1,-1,-1,-1,700.000,725.000,-1,-1,2,0,2,0,2,0,0,0,0,2,2,2,2,0,0,2,2
33,-8710.737,-2674.494,-35.534,156.337,-0.915502,-0.401022,-0.032218,0.401945,-0.915154,-0.030559,-0.017229,-0.040927,0.999014,0,0.89378,0.43208,53.627,0.864,-1,400.000,-1,375.000,-1,325.000,325.000,300.000,300.000,-1,-1,-1,-1,700.000,725.000,-1,-1,2,0,2,0,2,0,0,0,0,2,2,2,2,0,0,2,2
34,-8760.132,-2653.718,-36.475,157.188,-0.921371,-0.387388,-0.031729,0.388296,-0.921029,-0.030518,-0.017401,-0.040438,0.999030,0,0.89312,0.42568,53.587,0.851,-1,400.000,-1,375.000,-1,325.000,325.000,300.000,300.000,-1,-1,-1,-1,675.000,725.000,-1,-1,2,0,2,0,2,0,0,0,0,2,2,2,2,0,0,2,2
35,-8809.763,-2633.693,-37.407,158.027,-0.926955,-0.373872,-0.031230,0.374769,-0.926605,-0.030834,-0.017410,-0.040286,0.999037,0,0.89198,0.41922,53.519,0.838,-1,400.000,-1,375.000,-1,325.000,325.000,300.000,300.000,-1,-1,-1,-1,675.000,725.000,-1,-1,2,0,2,0,2,0,0,0,0,2,2,2,2,0,0,2,2
36,-8859.587,-2614.419,-38.360,158.852,-0.932259,-0.360482,-0.030747,0.361374,-0.931893,-0.031359,-0.017349,-0.040346,0.999035,0,0.89037,0.41276,53.422,0.826,-1,400.000,-1,400.000,-1,325.000,325.000,300.000,300.000,-1,-1,-1,-1,675.000,700.000,1000.000,-1,2,0,2,0,2,0,0,0,0,2,2,2,2,0,0,1,2
37,-8909.565,-2595.897,-39.359,159.665,-0.937292,-0.347225,-0.030310,0.348116,-0.936906,-0.031970,-0.017297,-0.040517,0.999029,0,0.88833,0.40635,53.300,0.813,975.000,375.000,-1,400.000,-1,325.000,325.000,300.000,300.000,-1,-1,-1,-1,650.000,700.000,975.000,-1,1,0,2,0,2,0,0,0,0,2,2,2,2,0,0,1,2
38,-8959.659,-2578.128,-40.407,160.469,-0.942087,-0.334034,-0.029905,0.334926,-0.941677,-0.032684,-0.017244,-0.040807,0.999018,0,0.88587,0.40220,53.152,0.804,925.000,375.000,-1,400.000,-1,325.000,325.000,300.000,300.000,-1,-1,-1,-1,650.000,675.000,925.000,-1,1,0,2,0,2,0,0,0,0,2,2,2,2,0,0,1,2
39,-9009.836,-2561.114,-41.473,161.269,-0.946665,-0.320858,-0.029573,0.321755,-0.946235,-0.033369,-0.017277,-0.041104,0.999005,0,0.88305,0.39973,52.983,0.799,875.000,375.000,-1,375.000,-1,300.000,325.000,300.000,300.000,-1,-1,-1,-1,625.000,675.000,875.000,-1,1,0,2,0,2,0,0,0,0,2,2,2,2,0,0,1,2
40,-9060.063,-2544.856,-42.550,162.064,-0.951035,-0.307690,-0.029326,0.308593,-0.950587,-0.033987,-0.017420,-0.041372,0.998992,0,0.87989,0.39765,52.793,0.795,850.000,350.000,975.000,375.000,-1,300.000,300.000,300.000,300.000,-1,-1,-1,-1,625.000,650.000,825.000,-1,1,0,1,0,2,0,0,0,0,2,2,2,2,0,0,1,2
41,-9110.314,-2529.355,-43.566,162.856,-0.955195,-0.294523,-0.029293,0.295435,-0.954750,-0.034212,-0.017891,-0.041334,0.998985,0,0.87645,0.39597,52.587,0.792,800.000,350.000,900.000,375.000,-1,300.000,300.000,300.000,300.000,-1,-1,-1,-1,600.000,650.000,775.000,-1,1,0,1,0,2,0,0,0,0,2,2,2,2,0,0,1,2
42,-9160.561,-2514.608,-44.125,163.645,-0.959206,-0.281364,-0.027534,0.282188,-0.958794,-0.032930,-0.017134,-0.039356,0.999078,0,0.87278,0.39468,52.367,0.789,750.000,350.000,850.000,350.000,-1,300.000,300.000,300.000,300.000,-1,-1,-1,-1,600.000,625.000,725.000,-1,1,0,1,0,2,0,0,0,0,2,2,2,2,0,0,1,2
43,-9210.785,-2500.615,-44.578,164.433,-0.963034,-0.268184,-0.025349,0.268902,-0.962662,-0.031218,-0.016030,-0.036880,0.999191,0,0.86896,0.39379,52.137,0.788,700.000,350.000,800.000,350.000,-1,300.000,300.000,300.000,300.000,-1,-1,-1,-1,600.000,625.000,675.000,-1,1,0,1,0,2,0,0,0,0,2,2,2,2,0,0,1,2
44,-9260.969,-2487.373,-45.060,165.220,-0.966675,-0.254965,-0.023076,0.255580,-0.966339,-0.029451,-0.014791,-0.034367,0.999300,0,0.86503,0.39330,51.902,0.787,650.000,350.000,750.000,350.000,-1,300.000,300.000,325.000,300.000,-1,800.000,-1,-1,600.000,625.000,625.000,950.000,1,0,1,0,2,0,0,0,0,2,0,2,2,1,0,1,1
45,-9311.099,-2474.879,-44.787,166.006,-0.970167,-0.241675,-0.019196,0.242181,-0.969735,-0.031014,-0.011119,-0.034737,0.999335,0,0.86106,0.39321,51.664,0.786,625.000,350.000,700.000,350.000,-1,300.000,300.000,325.000,300.000,-1,675.000,725.000,-1,550.000,625.000,600.000,900.000,1,0,1,0,2,0,0,0,0,2,0,0,2,1,0,1,1
46,-9366.120,-2462.200,-44.517,167.023,-0.974377,-0.224425,-0.014902,0.224804,-0.973858,-0.032623,-0.007191,-0.035137,0.999357,0,0.94106,0.50841,56.464,1.017,575.000,350.000,625.000,350.000,-1,300.000,300.000,325.000,300.000,-1,575.000,600.000,-1,525.000,625.000,550.000,825.000,1,0,1,0,2,0,0,0,0,2,0,0,2,1,1,1,1
47,-9422.310,-2450.296,-44.211,168.039,-0.978258,-0.207116,-0.010717,0.207366,-0.977662,-0.034298,-0.003373,-0.035775,0.999354,0,0.95728,0.50803,57.437,1.016,525.000,350.000,575.000,350.000,-1,300.000,300.000,325.000,300.000,-1,500.000,500.000,-1,475.000,575.000,500.000,750.000,1,0,1,0,2,0,0,0,0,2,0,0,2,1,1,1,1
48,-9479.150,-2439.302,-43.958,169.054,-0.981809,-0.189764,-0.006367,0.189870,-0.981157,-0.035775,0.000542,-0.036333,0.999340,0,0.96489,0.50743,57.894,1.015,475.000,375.000,525.000,375.000,-1,300.000,300.000,325.000,325.000,-1,425.000,425.000,-1,425.000,525.000,450.000,675.000,1,0,1,0,2,0,0,0,0,2,0,0,2,1,1,1,1
49,-9536.630,-2429.236,-43.758,170.067,-0.985028,-0.172382,-0.001864,0.172332,-0.984342,-0.037051,0.004552,-0.036818,0.999312,0,0.97258,0.50659,58.355,1.013,425.000,350.000,450.000,375.000,-1,300.000,300.000,325.000,325.000,-1,375.000,375.000,-1,375.000,475.000,400.000,600.000,1,1,1,0,2,0,0,0,0,2,0,0,2,1,1,1,1
50,-9595.864,-2419.684,-43.606,170.840,-0.987261,-0.159081,0.002877,0.158858,-0.986564,-0.038155,0.008908,-0.037212,0.999268,0,1.00000,0.38659,60.000,0.773,375.000,300.000,400.000,350.000,-1,300.000,300.000,325.000,325.000,-1,325.000,325.000,-1,325.000,400.000,350.000,525.000,1,1,1,1,2,1,1,0,0,2,0,0,2,1,1,1,1
51,-9655.186,-2410.684,-43.492,171.373,-0.988672,-0.149892,0.007697,0.149484,-0.987990,-0.039114,0.013468,-0.037520,0.999205,0,1.00000,0.26659,60.000,0.533,300.000,250.000,350.000,300.000,-1,250.000,275.000,300.000,325.000,-1,275.000,275.000,-1,275.000,350.000,300.000,450.000,1,1,1,1,2,1,1,0,0,2,0,0,2,1,1,1,1
52,-9714.552,-2401.988,-43.402,171.666,-0.989376,-0.144834,0.012574,0.144232,-0.988736,-0.039991,0.018224,-0.037753,0.999121,0,1.00000,0.14659,60.000,0.293,250.000,225.000,275.000,250.000,-1,200.000,225.000,300.000,325.000,-1,250.000,250.000,-1,250.000,300.000,225.000,375.000,1,1,1,1,2,1,1,0,0,2,0,0,2,1,1,1,1
53,-9773.927,-2393.346,-43.324,171.720,-0.989435,-0.143915,0.017488,0.143110,-0.988863,-0.040849,0.023172,-0.037915,0.999012,0,1.00000,0.02659,60.000,0.053,200.000,175.000,225.000,200.000,450.000,150.000,175.000,300.000,325.000,-1,225.000,225.000,-1,200.000,250.000,175.000,325.000,1,1,1,1,1,1,1,0,0,2,0,0,2,1,1,1,1
54,-9833.278,-2384.530,-36.811,171.558,-0.988197,-0.146805,0.043767,0.146132,-0.989097,-0.018212,0.045963,-0.011601,0.998876,0,1.00000,-0.08097,60.000,-0.162,150.000,150.000,200.000,175.000,375.000,125.000,150.000,375.000,300.000,-1,200.000,150.000,875.000,150.000,200.000,150.000,275.000,1,1,1,1,1,1,1,0,0,2,0,0,0,1,1,1,1
55,-9892.614,-2375.572,-20.972,171.398,-0.983779,-0.149463,0.099192,0.152306,-0.988095,0.021693,0.094769,0.036448,0.994832,0,1.00000,-0.07958,60.000,-0.159,150.000,125.000,175.000,175.000,-1,125.000,150.000,500.000,275.000,-1,175.000,100.000,475.000,150.000,200.000,125.000,250.000,1,1,1,1,2,1,1,0,0,2,0,0,0,1,1,1,1
56,-327.913,-2296.039,145.911,-161.650,-0.922091,0.305161,-0.237959,-0.349961,-0.920037,0.176237,-0.165150,0.245783,0.955152,1,0.00000,0.00000,60.000,-0.156,-1,475.000,-1,300.000,225.000,325.000,300.000,300.000,225.000,-1,25.000,175.000,-1,875.000,425.000,-1,275.000,2,1,2,1,0,1,1,1,0,2,1,1,2,0,0,2,0
57,-5573.303,-1644.141,2.502,-63.959,0.441391,0.896896,-0.027415,-0.895391,0.438240,-0.078871,-0.058724,0.059360,0.996508,1,0.08000,-0.12000,4.800,-0.240,-1,400.000,-1,400.000,-1,325.000,325.000,325.000,300.000,-1,-1,-1,-1,750.000,750.000,-1,-1,2,0,2,0,2,0,0,0,0,2,2,2,2,0,0,2,2
58,-5569.161,-1652.802,1.884,-64.439,0.433864,0.900562,-0.027392,-0.899026,0.430723,-0.078926,-0.059280,0.058869,0.996504,0,0.16000,-0.24000,9.600,-0.480,-1,400.000,-1,400.000,-1,325.000,325.000,325.000,300.000,-1,-1,-1,-1,750.000,750.000,-1,-1,2,0,2,0,2,0,0,0,0,2,2,2,2,0,0,2,2
59,-5563.112,-1665.870,0.950,-65.159,0.422516,0.905942,-0.027366,-0.904359,0.419391,-0.079028,-0.060117,0.058140,0.996497,0,0.24000,-0.36000,14.400,-0.720,-1,400.000,-1,400.000,-1,325.000,325.000,325.000,300.000,-1,-1,-1,-1,750.000,750.000,-1,-1,2,0,2,0,2,0,0,0,0,2,2,2,2,0,0,2,2
60,-5555.339,-1683.427,-0.303,-66.119,0.407283,0.912892,-0.027351,-0.911246,0.404176,-0.079195,-0.061242,0.057178,0.996484,0,0.32000,-0.48000,19.200,-0.960,-1,400.000,-1,400.000,-1,325.000,325.000,325.000,300.000,-1,-1,-1,-1,750.000,750.000,-1,-1,2,0,2,0,2,0,0,0,0,2,2,2,2,0,0,2,2
61,-5546.057,-1705.560,-1.882,-67.246,0.389257,0.920722,-0.027374,-0.919000,0.386167,-0.079464,-0.062594,0.056089,0.996462,0,0.40000,-0.56349,24.000,-1.127,-1,400.000,-1,400.000,-1,325.000,325.000,300.000,300.000,-1,-1,-1,-1,750.000,725.000,-1,-1,2,0,2,0,2,0,0,0,0,2,2,2,2,0,0,2,2
62,-5535.443,-1732.333,-3.789,-68.372,0.371105,0.928184,-0.027483,-0.926380,0.368018,-0.079886,-0.064035,0.055105,0.996425,0,0.48000,-0.56302,28.800,-1.126,-1,400.000,-1,400.000,-1,325.000,325.000,300.000,300.000,-1,-1,-1,-1,725.000,725.000,-1,-1,2,0,2,0,2,0,0,0,0,2,2,2,2,0,0,2,2
63,-5523.675,-1763.805,-6.027,-69.497,0.352842,0.935273,-0.027695,-0.933381,0.349746,-0.080480,-0.065585,0.054247,0.996371,0,0.56000,-0.56233,33.600,-1.125,-1,400.000,-1,400.000,-1,325.000,325.000,300.000,300.000,-1,-1,-1,-1,725.000,725.000,-1,-1,2,0,2,0,2,0,0,0,0,2,2,2,2,0,0,2,2
64,-5510.932,-1800.030,-8.598,-70.619,0.334491,0.941982,-0.028031,-0.939995,0.331367,-0.081268,-0.067265,0.053533,0.996298,0,0.64000,-0.56132,38.400,-1.123,-1,375.000,-1,400.000,-1,325.000,325.000,300.000,300.000,-1,-1,-1,-1,725.000,725.000,-1,-1,2,0,2,0,2,0,0,0,0,2,2,2,2,0,0,2,2
65,-5497.396,-1841.055,-11.505,-71.739,0.316075,0.948306,-0.028514,-0.946215,0.312904,-0.082271,-0.069096,0.052984,0.996202,0,0.72000,-0.55989,43.200,-1.120,-1,375.000,-1,375.000,-1,325.000,325.000,300.000,300.000,-1,-1,-1,-1,725.000,700.000,-1,-1,2,0,2,0,2,0,0,0,0,2,2,2,2,0,0,2,2
66,-5483.247,-1886.923,-14.759,-72.855,0.297625,0.954236,-0.029209,-0.952034,0.294383,-0.083488,-0.071068,0.052656,0.996081,0,0.80000,-0.55791,48.000,-1.116,-1,375.000,-1,375.000,-1,325.000,325.000,300.000,300.000,-1,-1,-1,-1,725.000,700.000,-1,-1,2,0,2,0,2,0,0,0,0,2,2,2,2,0,0,2,2
67,-5468.663,-1937.669,-18.210,-73.965,0.279118,0.959795,-0.029778,-0.957512,0.275843,-0.084155,-0.072557,0.052002,0.996008,0,0.88000,-0.55526,52.800,-1.111,-1,375.000,-1,375.000,-1,300.000,300.000,300.000,300.000,-1,-1,-1,-1,725.000,700.000,-1,-1,2,0,2,0,2,0,0,0,0,2,2,2,2,0,1,2,2
68,-5453.823,-1993.325,-21.780,-75.069,0.260561,0.964992,-0.029973,-0.962665,0.257322,-0.084035,-0.073380,0.050750,0.996012,0,0.96000,-0.55180,57.600,-1.104,-1,375.000,-1,375.000,-1,300.000,300.000,300.000,300.000,-1,-1,-1,-1,725.000,675.000,-1,-1,2,0,2,0,2,0,0,0,0,2,2,2,2,0,1,2,2
69,-5439.475,-2051.584,-25.752,-76.164,0.241992,0.969821,-0.029784,-0.967494,0.238861,-0.083071,-0.073450,0.048918,0.996098,0,1.00000,-0.54737,60.000,-1.095,-1,375.000,-1,375.000,-1,300.000,300.000,300.000,300.000,-1,-1,-1,-1,725.000,675.000,950.000,-1,2,0,2,0,2,0,0,0,0,2,2,2,2,0,1,1,2
70,-5426.231,-2110.104,-29.810,-77.248,0.223497,0.974248,-0.029813,-0.971997,0.220494,-0.081271,-0.072604,0.047142,0.996246,0,1.00000,-0.54187,60.000,-1.084,-1,375.000,1000.000,375.000,-1,300.000,300.000,300.000,300.000,-1,-1,-1,-1,700.000,650.000,875.000,-1,2,0,1,0,2,0,0,0,0,2,2,2,2,1,1,1,2
71,-5414.083,-2168.862,-33.933,-78.318,0.205152,0.978274,-0.029872,-0.976097,0.202267,-0.079511,-0.071742,0.045469,0.996386,0,1.00000,-0.53531,60.000,-1.071,925.000,375.000,975.000,375.000,-1,325.000,300.000,300.000,300.000,-1,-1,-1,-1,650.000,650.000,800.000,-1,1,0,1,0,2,0,0,0,0,2,2,2,2,1,1,1,2
72,-5403.020,-2227.833,-38.115,-79.373,0.187002,0.981903,-0.029953,-0.979801,0.184229,-0.077778,-0.070852,0.043893,0.996521,0,1.00000,-0.52763,60.000,-1.055,850.000,375.000,925.000,375.000,-1,325.000,325.000,300.000,300.000,-1,-1,-1,-1,600.000,625.000,725.000,-1,1,0,1,0,2,0,0,0,0,2,2,2,2,1,1,1,2
73,-5393.025,-2286.994,-42.351,-80.411,0.169098,0.985141,-0.030049,-0.983116,0.166430,-0.076057,-0.069925,0.042403,0.996651,0,1.00000,-0.51876,60.000,-1.038,750.000,400.000,900.000,375.000,1000.000,325.000,325.000,300.000,300.000,-1,-1,-1,-1,550.000,625.000,650.000,-1,1,0,1,1,0,0,0,0,0,2,2,2,2,1,1,1,2
74,-5384.083,-2346.324,-46.634,-81.428,0.151490,0.987999,-0.030152,-0.986051,0.148923,-0.074336,-0.068954,0.040993,0.996777,0,1.00000,-0.50864,60.000,-1.017,675.000,375.000,850.000,375.000,1000.000,325.000,325.000,300.000,300.000,-1,-1,-1,-1,500.000,625.000,575.000,-1,1,1,1,1,0,0,1,0,0,2,2,2,2,1,1,1,2
75,-5376.172,-2405.800,-50.959,-82.423,0.134232,0.990488,-0.030252,-0.988619,0.131761,-0.072604,-0.067928,0.039654,0.996902,0,1.00000,-0.49719,60.000,-0.994,575.000,350.000,825.000,350.000,975.000,300.000,300.000,300.000,275.000,-1,-1,-1,-1,475.000,625.000,525.000,-1,1,1,1,1,0,1,1,0,0,2,2,2,2,1,1,1,2
76,-5369.267,-2465.401,-55.319,-83.391,0.117381,0.992624,-0.030333,-0.990835,0.115004,-0.070846,-0.066835,0.038370,0.997026,0,1.00000,-0.48430,60.000,-0.969,500.000,325.000,800.000,350.000,975.000,275.000,275.000,300.000,275.000,-1,-1,-1,-1,425.000,600.000,450.000,-1,1,1,1,1,0,1,1,0,0,2,2,2,2,1,1,1,2
77,-5363.483,-2521.558,-59.444,-84.120,0.104671,0.994042,-0.030394,-0.992338,0.102376,-0.069166,-0.065642,0.037401,0.997142,0,0.94089,-0.36430,56.453,-0.729,425.000,300.000,750.000,350.000,975.000,275.000,275.000,300.000,275.000,-1,-1,550.000,-1,400.000,600.000,375.000,-1,1,1,1,1,0,1,1,0,0,2,2,0,2,1,1,1,2
78,-5358.102,-2578.582,-63.653,-84.608,0.096120,0.994903,-0.030476,-0.993293,0.093898,-0.067466,-0.064260,0.036756,0.997256,0,0.95463,-0.24430,57.278,-0.489,350.000,275.000,725.000,325.000,1000.000,250.000,250.000,300.000,275.000,-1,550.000,525.000,-1,350.000,600.000,325.000,-1,1,1,1,1,0,1,1,0,0,2,0,0,2,1,1,1,2
79,-5352.894,-2636.446,-67.296,-84.857,0.091603,0.995396,-0.028203,-0.993797,0.089589,-0.065887,-0.063057,0.034063,0.997428,0,0.96830,-0.12430,58.098,-0.249,300.000,250.000,725.000,325.000,-1,225.000,250.000,300.000,275.000,-1,550.000,550.000,-1,325.000,600.000,275.000,-1,1,1,1,1,2,1,1,0,0,2,0,0,2,1,1,1,2
80,-5347.701,-2695.130,-67.240,-84.947,0.090186,0.995159,-0.039060,-0.994615,0.087987,-0.054764,-0.051062,0.043789,0.997735,0,0.98192,-0.04513,58.915,-0.090,275.000,250.000,1000.000,325.000,-1,225.000,250.000,325.000,275.000,-1,400.000,400.000,-1,325.000,650.000,250.000,-1,1,1,1,1,2,1,1,0,0,2,0,0,2,1,1,1,2
81,-5342.495,-2754.622,-65.877,-85.008,0.088986,0.994501,-0.055228,-0.995433,0.086871,-0.039586,-0.034570,0.058498,0.997689,0,0.99536,-0.03024,59.721,-0.060,250.000,250.000,-1,350.000,-1,225.000,250.000,375.000,275.000,-1,325.000,275.000,-1,325.000,750.000,225.000,-1,1,1,2,1,2,1,1,0,0,2,0,0,2,1,0,1,2
82,-5337.288,-2814.395,-64.374,-85.035,0.087814,0.993570,-0.071471,-0.995983,0.086313,-0.023827,-0.017504,0.073277,0.997158,0,1.00000,-0.01363,60.000,-0.027,225.000,250.000,-1,350.000,-1,225.000,275.000,425.000,250.000,-1,275.000,225.000,925.000,325.000,850.000,225.000,-1,1,1,2,1,2,1,1,0,0,2,0,0,0,1,0,1,2
83,-5332.067,-2874.167,-62.724,-85.025,0.086709,0.992363,-0.087732,-0.996234,0.086378,-0.007569,0.000067,0.088058,0.996115,0,1.00000,0.00485,60.000,0.010,225.000,250.000,-1,375.000,-1,225.000,275.000,475.000,250.000,-1,225.000,125.000,700.000,325.000,950.000,225.000,-1,1,1,2,1,2,1,1,0,0,2,0,0,0,1,0,1,2
84,-5326.789,-2933.935,-60.914,-84.975,0.085714,0.990874,-0.104028,-0.996154,0.087134,0.009181,0.018162,0.102841,0.994532,0,1.00000,0.02541,60.000,0.051,225.000,250.000,-1,425.000,-1,225.000,275.000,525.000,250.000,-1,200.000,100.000,525.000,325.000,-1,200.000,-1,1,1,2,1,2,1,1,0,0,2,0,0,0,1,2,1,2
85,-5321.405,-2993.694,-58.923,-84.878,0.084879,0.989093,-0.120381,-0.995711,0.088662,0.026421,0.036806,0.117622,0.992376,0,1.00000,0.04841,60.000,0.097,200.000,250.000,-1,450.000,-1,225.000,300.000,550.000,250.000,-1,175.000,75.000,400.000,325.000,-1,200.000,-1,1,1,2,1,2,1,1,1,0,2,0,0,0,1,2,1,2
86,-5315.862,-3053.439,-56.726,-84.729,0.084265,0.987006,-0.136814,-0.994867,0.091056,0.044152,0.056036,0.132391,0.989612,0,1.00000,0.07429,60.000,0.149,200.000,250.000,-1,525.000,-1,250.000,325.000,550.000,250.000,-1,150.000,50.000,325.000,425.000,-1,200.000,-1,1,1,2,1,2,1,1,1,0,2,0,0,0,1,2,1,2
87,8478.864,-6570.980,338.508,122.712,-0.538842,-0.841296,-0.043238,0.840558,-0.540350,0.038525,-0.055775,-0.015585,0.998322,1,0.00000,0.00000,60.000,0.207,400.000,575.000,-1,-1,-1,825.000,1000.000,250.000,200.000,-1,-1,-1,-1,-1,-1,-1,-1,1,1,2,2,2,1,1,1,1,2,2,2,2,2,2,2,2
88,-2951.750,983.885,36.972,105.851,-0.277084,-0.956778,-0.088322,0.959941,-0.271663,-0.068647,0.041686,-0.103805,0.993724,1,0.00000,0.00000,4.800,0.240,-1,550.000,-1,250.000,300.000,325.000,250.000,300.000,375.000,450.000,75.000,175.000,-1,-1,425.000,-1,275.000,2,1,2,1,1,1,1,0,1,0,0,0,2,2,1,2,1
89,-5571.512,2954.478,-179.750,35.223,0.816535,-0.575892,-0.040235,0.577199,0.815686,0.038698,0.010533,-0.054821,0.998441,1,0.08000,0.12000,4.800,0.240,675.000,350.000,-1,400.000,-1,300.000,300.000,275.000,300.000,-1,500.000,325.000,-1,600.000,750.000,800.000,-1,0,0,2,0,2,0,0,0,0,2,0,0,2,0,0,0,2
90,-5563.717,2960.080,-179.651,35.703,0.811689,-0.582723,-0.039943,0.584002,0.810858,0.038093,0.010191,-0.054246,0.998476,0,0.16000,0.24000,9.600,0.480,675.000,350.000,-1,400.000,-1,300.000,300.000,275.000,325.000,-1,500.000,325.000,-1,600.000,725.000,800.000,-1,0,0,2,0,2,0,0,0,0,2,0,0,2,0,0,0,2
91,-5552.130,2968.629,-179.353,36.423,0.804290,-0.592876,-0.040202,0.594151,0.803485,0.037377,0.010142,-0.053948,0.998492,0,0.24000,0.36000,14.400,0.720,675.000,350.000,-1,400.000,-1,300.000,300.000,275.000,325.000,-1,475.000,325.000,-1,600.000,725.000,800.000,-1,0,0,2,0,2,0,0,0,0,2,0,0,2,0,0,0,2
92,-5536.874,2980.286,-178.950,37.383,0.794224,-0.606266,-0.040606,0.607540,0.793454,0.036424,0.010137,-0.053599,0.998511,0,0.32000,0.48000,19.200,0.960,650.000,350.000,-1,400.000,-1,300.000,300.000,275.000,325.000,-1,475.000,325.000,-1,600.000,725.000,775.000,-1,0,0,2,0,2,0,0,0,0,2,0,0,2,0,0,0,2
93,-5518.113,2995.253,-178.458,38.583,0.781329,-0.622765,-0.041099,0.624037,0.780601,0.035206,0.010157,-0.053155,0.998535,0,0.40000,0.60000,24.000,1.200,650.000,350.000,-1,400.000,-1,300.000,300.000,275.000,325.000,-1,475.000,325.000,-1,600.000,725.000,775.000,-1,0,0,2,0,2,0,0,0,0,2,0,0,2,0,0,0,2
94,-5496.058,3013.774,-177.884,40.023,0.765401,-0.642203,-0.041668,0.643472,0.764727,0.033710,0.010216,-0.052614,0.998563,0,0.48000,0.72000,28.800,1.440,650.000,350.000,-1,375.000,-1,300.000,300.000,300.000,325.000,-1,450.000,325.000,-1,600.000,725.000,750.000,-1,0,0,2,0,2,0,0,0,0,2,0,0,2,0,0,0,2
95,-5470.972,3036.126,-177.431,41.703,0.746188,-0.664393,-0.042249,0.665646,0.745622,0.031023,0.010891,-0.051272,0.998625,0,0.56000,0.84000,33.600,1.680,650.000,350.000,-1,375.000,-1,300.000,300.000,300.000,325.000,-1,425.000,300.000,-1,600.000,725.000,750.000,-1,0,0,2,0,2,0,0,0,0,2,0,0,2,0,0,0,2
96,-5443.172,3062.616,-176.989,43.620,0.723475,-0.689024,-0.042781,0.690249,0.723042,0.027695,0.011850,-0.049566,0.998701,0,0.64000,0.95853,38.400,1.917,650.000,350.000,-1,375.000,-1,300.000,300.000,300.000,325.000,-1,400.000,275.000,-1,575.000,725.000,750.000,-1,0,0,2,0,2,0,0,0,0,2,0,0,2,0,0,0,2
97,-5412.913,3093.446,-176.497,45.537,0.699945,-0.712893,-0.043134,0.714078,0.699653,0.024060,0.013026,-0.047641,0.998780,0,0.72000,0.95853,43.200,1.917,650.000,350.000,-1,375.000,-1,300.000,300.000,300.000,325.000,-1,375.000,250.000,-1,575.000,725.000,750.000,-1,0,0,2,0,2,0,0,0,0,2,0,0,2,0,0,0,2
98,-5383.013,3126.022,-175.997,47.454,0.675632,-0.735964,-0.043351,0.737102,0.675472,0.020452,0.014230,-0.045772,0.998851,0,0.73695,0.95853,44.217,1.917,650.000,350.000,-1,375.000,-1,300.000,300.000,300.000,325.000,-1,350.000,250.000,-1,575.000,725.000,750.000,-1,0,0,2,0,2,0,0,0,0,2,0,0,2,0,0,0,2
99,-5354.220,3159.579,-175.502,49.371,0.650564,-0.758208,-0.043452,0.759295,0.650525,0.016967,0.015402,-0.044031,0.998911,0,0.73695,0.95853,44.217,1.917,650.000,350.000,-1,375.000,-1,300.000,300.000,300.000,325.000,-1,350.000,250.000,-1,575.000,700.000,750.000,-1,0,0,2,0,2,0,0,0,0,2,0,0,2,0,0,0,2
100,-5326.566,3194.081,-174.860,51.288,0.624756,-0.779620,-0.043274,0.780634,0.624857,0.012835,0.017034,-0.041800,0.998981,0,0.73695,0.95853,44.217,1.917,675.000,350.000,-1,375.000,-1,300.000,300.000,300.000,325.000,-1,325.000,225.000,-1,575.000,700.000,775.000,-1,0,0,2,0,2,0,0,0,0,2,0,0,2,0,0,0,2
101,-5300.080,3229.488,-173.795,53.205,0.598221,-0.800212,-0.042342,0.801081,0.598520,0.006638,0.020031,-0.037890,0.999081,0,0.73695,0.95853,44.217,1.917,700.000,350.000,-1,375.000,-1,300.000,300.000,325.000,325.000,-1,325.000,225.000,-1,575.000,675.000,800.000,-1,0,0,2,0,2,0,0,0,0,2,0,0,2,0,0,0,2
102,-5274.794,3265.762,-172.753,55.122,0.571034,-0.819898,-0.041083,0.820606,0.571494,0.000669,0.022931,-0.034095,0.999155,0,0.73695,0.95853,44.217,1.917,725.000,350.000,-1,375.000,-1,300.000,300.000,325.000,325.000,-1,300.000,225.000,-1,600.000,675.000,825.000,-1,0,0,2,0,2,0,0,0,0,2,0,0,2,0,0,0,2
103,-5250.736,3302.861,-171.726,57.039,0.543224,-0.838656,-0.039548,0.839193,0.543810,-0.005060,0.025750,-0.030440,0.999205,0,0.73695,0.95853,44.217,1.917,750.000,350.000,-1,375.000,-1,300.000,300.000,325.000,325.000,-1,300.000,225.000,-1,600.000,675.000,850.000,-1,0,0,2,0,2,0,0,0,0,2,0,0,2,0,0,0,2
104,-5227.933,3340.745,-170.716,58.956,0.514822,-0.856465,-0.037753,0.856823,0.515502,-0.010537,0.028487,-0.026923,0.999232,0,0.73695,0.95853,44.217,1.917,775.000,350.000,-1,375.000,-1,300.000,300.000,325.000,300.000,-1,300.000,225.000,-1,600.000,675.000,850.000,-1,0,0,2,0,2,0,0,0,0,2,0,0,2,0,0,0,2
105,-5206.410,3379.371,-169.374,60.874,0.485865,-0.873278,-0.036341,0.873515,0.486589,-0.014228,0.030108,-0.024832,0.999238,0,0.73695,0.95853,44.217,1.917,775.000,350.000,-1,375.000,-1,300.000,300.000,325.000,300.000,-1,300.000,250.000,-1,625.000,650.000,850.000,-1,0,0,2,0,2,0,0,0,0,2,0,0,2,0,0,0,2
106,-5183.814,3422.869,-167.764,62.551,0.460083,-0.887182,-0.035094,0.887309,0.460843,-0.017529,0.031724,-0.023075,0.999230,0,0.81695,0.83853,49.017,1.677,775.000,350.000,-1,375.000,-1,300.000,300.000,325.000,300.000,-1,325.000,275.000,-1,600.000,650.000,850.000,-1,0,0,2,0,2,0,0,0,0,2,0,0,2,0,0,0,2
107,-5161.673,3468.240,-165.615,63.988,0.437546,-0.898452,-0.036586,0.898503,0.438444,-0.021446,0.035309,-0.023490,0.999100,0,0.84142,0.71853,50.485,1.437,775.000,350.000,-1,375.000,-1,300.000,300.000,325.000,300.000,-1,350.000,300.000,-1,600.000,675.000,875.000,-1,0,0,2,0,2,0,0,0,0,2,0,0,2,0,0,0,2
108,-5140.485,3514.064,-163.379,65.185,0.418507,-0.907399,-0.038450,0.907365,0.419571,-0.025478,0.039251,-0.024225,0.998936,0,0.84142,0.59853,50.485,1.197,775.000,350.000,-1,375.000,-1,300.000,300.000,325.000,300.000,-1,350.000,300.000,-1,625.000,675.000,900.000,-1,0,0,2,0,2,0,0,0,0,2,0,0,2,0,0,0,2
109,-5120.065,3560.235,-161.167,66.142,0.403114,-0.914266,-0.040198,0.914129,0.404350,-0.029490,0.043216,-0.024858,0.998756,0,0.84142,0.47853,50.485,0.957,800.000,375.000,-1,375.000,-1,300.000,300.000,300.000,300.000,-1,325.000,300.000,-1,625.000,700.000,925.000,-1,0,0,2,0,2,0,0,0,0,2,0,0,2,0,0,0,2
110,-5100.224,3606.659,-158.976,66.859,0.391457,-0.919243,-0.041880,0.918985,0.392871,-0.033454,0.047206,-0.025391,0.998562,0,0.84142,0.35853,50.485,0.717,800.000,375.000,-1,375.000,-1,300.000,300.000,300.000,325.000,-1,300.000,275.000,-1,625.000,700.000,950.000,-1,0,0,2,0,2,0,0,0,0,2,0,0,2,0,0,0,2
111,-5080.770,3653.246,-156.803,67.336,0.383601,-0.922472,-0.043548,0.922078,0.385199,-0.037341,0.051221,-0.025830,0.998353,0,0.84142,0.23853,50.485,0.477,800.000,375.000,-1,375.000,-1,325.000,325.000,300.000,325.000,-1,275.000,250.000,-1,625.000,700.000,975.000,-1,0,0,2,0,2,0,0,0,0,2,0,0,2,0,0,0,2
112,-5061.509,3699.913,-154.646,67.573,0.379586,-0.924049,-0.045250,0.923505,0.381376,-0.041120,0.055254,-0.026180,0.998129,0,0.84142,0.11853,50.485,0.237,825.000,375.000,-1,400.000,-1,325.000,325.000,300.000,325.000,-1,250.000,225.000,-1,625.000,700.000,1000.000,-1,0,0,2,0,2,0,0,0,0,2,0,0,2,0,0,0,2
113,-5042.217,3746.650,-152.498,67.570,0.379432,-0.924023,-0.047038,0.923317,0.381421,-0.044765,0.059305,-0.026446,0.997890,0,0.84271,-0.00147,50.562,-0.003,825.000,375.000,-1,400.000,-1,325.000,325.000,300.000,325.000,-1,250.000,225.000,-1,625.000,725.000,-1,-1,0,0,2,0,2,0,0,0,0,2,0,0,2,0,0,2,2
114,-5022.672,3793.435,-150.356,67.327,0.383137,-0.922393,-0.048963,0.921516,0.385333,-0.048241,0.063364,-0.026637,0.997635,0,0.84503,-0.12147,50.702,-0.243,850.000,375.000,-1,400.000,-1,300.000,325.000,275.000,325.000,-1,225.000,200.000,-1,650.000,725.000,-1,-1,0,0,2,0,2,0,0,0,0,2,0,0,2,0,0,2,2
115,-5002.682,3840.173,-147.436,66.844,0.391003,-0.919185,-0.047071,0.918099,0.393125,-0.050474,0.064900,-0.023480,0.997616,0,0.84723,-0.24147,50.834,-0.483,850.000,375.000,-1,400.000,-1,300.000,325.000,275.000,325.000,-1,275.000,225.000,-1,650.000,725.000,-1,-1,0,0,2,0,2,0,0,0,0,2,0,0,2,0,0,2,2
116,-4982.052,3886.772,-144.146,66.121,0.402746,-0.914244,-0.044203,0.912856,0.404732,-0.053716,0.067000,-0.018717,0.997577,0,0.84935,-0.36147,50.961,-0.723,900.000,375.000,-1,400.000,-1,300.000,325.000,300.000,325.000,-1,300.000,250.000,-1,650.000,725.000,-1,-1,0,0,2,0,2,0,0,0,0,2,0,0,2,0,0,2,2
117,-4960.590,3933.131,-140.701,65.158,0.418260,-0.907392,-0.041208,0.905658,0.420076,-0.057608,0.069584,-0.013226,0.997488,0,0.85143,-0.48147,51.086,-0.963,975.000,375.000,-1,375.000,-1,300.000,325.000,300.000,300.000,-1,350.000,275.000,-1,675.000,725.000,-1,-1,0,0,2,0,2,0,0,0,0,2,0,0,2,0,0,2,2
118,-4938.104,3979.143,-137.280,63.955,0.437429,-0.898425,-0.038581,0.896362,0.439059,-0.061338,0.072048,-0.007752,0.997371,0,0.85352,-0.60147,51.211,-1.203,-1,375.000,-1,375.000,-1,300.000,325.000,300.000,300.000,-1,375.000,300.000,-1,675.000,725.000,-1,-1,2,0,2,0,2,0,0,0,0,2,0,0,2,0,0,2,2
119,-4914.407,4024.688,-133.638,62.512,0.460091,-0.887106,-0.036865,0.884814,0.461554,-0.063804,0.073616,-0.003263,0.997281,0,0.85568,-0.72147,51.341,-1.443,-1,375.000,-1,375.000,-1,300.000,325.000,300.000,300.000,-1,425.000,325.000,-1,675.000,725.000,-1,-1,2,0,2,0,2,0,0,0,0,2,0,0,2,0,0,2,2
120,-4889.317,4069.637,-129.754,60.829,0.486074,-0.873173,-0.036077,0.870766,0.487411,-0.064784,0.074152,0.000075,0.997247,0,0.85796,-0.84147,51.477,-1.683,-1,375.000,-1,375.000,-1,300.000,325.000,300.000,300.000,-1,475.000,400.000,-1,675.000,725.000,-1,-1,2,0,2,0,2,0,0,0,0,2,0,0,2,0,0,2,2
121,-4862.657,4113.844,-125.924,58.907,0.515208,-0.856321,-0.035698,0.853819,0.516433,-0.065492,0.074518,0.003263,0.997214,0,0.86040,-0.96147,51.624,-1.923,-1,375.000,-1,375.000,-1,300.000,325.000,275.000,300.000,-1,550.000,450.000,-1,675.000,725.000,-1,-1,2,0,2,0,2,0,0,0,0,2,0,0,2,0,0,2,2
122,-4834.383,4157.228,-121.759,56.907,0.544842,-0.837763,-0.036049,0.835093,0.545995,-0.067153,0.075941,0.006484,0.997091,0,0.86305,-1.00000,51.783,-2.000,-1,375.000,-1,400.000,-1,300.000,325.000,275.000,300.000,-1,625.000,500.000,-1,675.000,725.000,-1,-1,2,0,2,0,2,0,0,0,0,2,0,0,2,0,0,2,2
123,-4804.516,4199.736,-117.620,54.907,0.573803,-0.818177,-0.036570,0.815335,0.574885,-0.068817,0.077328,0.009671,0.996959,0,0.86587,-1.00000,51.952,-2.000,-1,375.000,-1,400.000,1000.000,325.000,325.000,275.000,300.000,-1,675.000,550.000,-1,675.000,725.000,-1,-1,2,0,2,0,1,0,0,0,0,2,0,0,2,0,0,2,2
124,-4773.077,4241.317,-113.556,52.907,0.602046,-0.797589,-0.037328,0.794589,0.603069,-0.070259,0.078549,0.012639,0.996830,0,0.86881,-1.00000,52.129,-2.000,-1,375.000,-1,400.000,950.000,325.000,325.000,275.000,300.000,-1,725.000,600.000,-1,700.000,725.000,-1,-1,2,0,2,0,1,0,0,0,0,2,0,0,2,0,0,2,2
125,-4740.090,4281.919,-109.574,50.907,0.629536,-0.776026,-0.038315,0.772882,0.630513,-0.071458,0.079611,0.015373,0.996707,0,0.87187,-1.00000,52.312,-2.000,-1,375.000,-1,400.000,900.000,325.000,325.000,275.000,300.000,-1,775.000,650.000,-1,700.000,725.000,-1,-1,2,0,2,0,1,0,0,0,0,2,0,0,2,0,0,2,2
126,-4705.580,4321.488,-105.679,48.907,0.656239,-0.753518,-0.039519,0.750245,0.657185,-0.072395,0.080522,0.017860,0.996593,0,0.87506,-1.00000,52.504,-2.000,-1,400.000,-1,400.000,850.000,325.000,325.000,275.000,300.000,-1,850.000,700.000,-1,700.000,725.000,-1,975.000,2,0,2,0,1,0,0,0,0,2,0,0,2,0,0,2,1
127,-4669.576,4359.974,-101.434,46.907,0.682284,-0.730065,-0.038641,0.726712,0.683027,-0.073235,0.079859,0.021887,0.996566,0,0.87836,-1.00000,52.702,-2.000,-1,400.000,-1,375.000,800.000,325.000,325.000,275.000,300.000,-1,950.000,800.000,-1,725.000,725.000,-1,900.000,2,0,2,0,1,0,0,0,0,2,0,0,2,0,0,2,1
128,-4632.104,4397.325,-97.094,44.907,0.707431,-0.705729,-0.038582,0.702303,0.708035,-0.073864,0.079446,0.025157,0.996522,0,0.88178,-1.00000,52.907,-2.000,-1,400.000,-1,375.000,750.000,325.000,325.000,275.000,300.000,-1,-1,900.000,-1,725.000,725.000,-1,850.000,2,0,2,0,1,0,0,0,0,2,2,0,2,0,0,2,1
129,-4593.197,4433.490,-92.845,42.907,0.731672,-0.680539,-0.039026,0.677052,0.732180,-0.074246,0.079101,0.027902,0.996476,0,0.88531,-1.00000,53.119,-2.000,-1,400.000,-1,375.000,700.000,325.000,325.000,300.000,300.000,-1,-1,975.000,-1,725.000,725.000,-1,775.000,2,0,2,0,1,0,0,0,0,2,2,0,2,0,0,2,1
130,-4552.887,4468.417,-88.718,40.907,0.754987,-0.654528,-0.039847,0.650992,0.755434,-0.074354,0.078768,0.030196,0.996436,0,0.88895,-1.00000,53.337,-2.000,-1,400.000,-1,375.000,675.000,325.000,325.000,300.000,300.000,-1,-1,-1,-1,725.000,725.000,-1,725.000,2,0,2,0,1,0,0,0,0,2,2,2,2,0,1,2,1
131,-4511.207,4502.057,-84.717,38.907,0.777350,-0.627729,-0.041027,0.624157,0.777772,-0.074151,0.078456,0.032034,0.996403,0,0.89269,-1.00000,53.561,-2.000,-1,375.000,-1,375.000,625.000,325.000,325.000,275.000,300.000,-1,-1,-1,-1,725.000,675.000,-1,675.000,2,0,2,0,1,0,0,0,0,2,2,2,2,0,1,2,1
