timestep,x_cm,y_cm,z_cm,yaw_deg,basis_xx,basis_xy,basis_xz,basis_yx,basis_yy,basis_yz,basis_zx,basis_zy,basis_zz,teleport_flag,throttle_cmd,steering_cmd,cmd_move_cm,cmd_turn_deg,lidar_cm_0,lidar_cm_1,lidar_cm_2,lidar_cm_3,lidar_cm_4,lidar_cm_5,lidar_cm_6,lidar_cm_7,lidar_cm_8,lidar_cm_9,lidar_cm_10,lidar_cm_11,lidar_cm_12,lidar_cm_13,lidar_cm_14,lidar_cm_15,lidar_cm_16,lidar_class_0,lidar_class_1,lidar_class_2,lidar_class_3,lidar_class_4,lidar_class_5,lidar_class_6,lidar_class_7,lidar_class_8,lidar_class_9,lidar_class_10,lidar_class_11,lidar_class_12,lidar_class_13,lidar_class_14,lidar_class_15,lidar_class_16
0,-4919.852,3602.841,195.044,-94.321,-0.075283,0.997022,0.016736,-0.997154,-0.075340,0.002793,0.004045,-0.016478,0.999856,1,0.08000,0.12000,4.800,0.240,-1,400.000,-1,350.000,675.000,325.000,300.000,300.000,300.000,-1,425.000,525.000,-1,650.000,575.000,-1,700.000,2,0,2,0,0,0,0,0,0,2,0,0,2,0,0,2,0
1,-4920.495,3593.262,195.085,-93.841,-0.066914,0.997611,0.017148,-0.997748,-0.066984,0.003555,0.004695,-0.016872,0.999847,0,0.16000,0.24000,9.600,0.480,-1,400.000,-1,350.000,650.000,325.000,300.000,300.000,300.000,-1,450.000,525.000,-1,650.000,575.000,-1,700.000,2,0,2,0,0,0,0,0,0,2,0,0,2,0,0,2,0
2,-4921.279,3578.884,195.140,-93.121,-0.054351,0.998365,0.017714,-0.998506,-0.054442,0.004702,0.005658,-0.017432,0.999832,0,0.24000,0.36000,14.400,0.720,-1,400.000,-1,350.000,650.000,325.000,325.000,300.000,300.000,-1,450.000,525.000,-1,650.000,575.000,-1,700.000,2,0,2,0,0,0,0,0,0,2,0,0,2,0,0,2,0
3,-4922.003,3559.697,195.200,-92.161,-0.037587,0.999124,0.018373,-0.999269,-0.037707,0.006233,0.006920,-0.018126,0.999812,0,0.32000,0.48000,19.200,0.960,-1,375.000,-1,350.000,650.000,325.000,325.000,300.000,300.000,-1,450.000,525.000,-1,675.000,575.000,-1,700.000,2,0,2,0,0,0,0,0,0,2,0,0,2,0,0,2,0
4,-4922.405,3535.701,195.253,-90.961,-0.016617,0.999681,0.019045,-0.999826,-0.016774,0.008143,0.008459,-0.018906,0.999785,0,0.40000,0.60000,24.000,1.200,-1,375.000,-1,350.000,650.000,325.000,325.000,300.000,300.000,-1,475.000,500.000,-1,675.000,575.000,-1,700.000,2,0,2,0,0,0,0,0,0,2,0,0,2,0,0,2,0
5,-4922.165,3506.902,195.284,-89.521,0.008556,0.999771,0.019628,-0.999911,0.008353,0.010414,0.010248,-0.019715,0.999753,0,0.48000,0.72000,28.800,1.440,-1,375.000,-1,350.000,650.000,325.000,325.000,275.000,300.000,-1,475.000,500.000,-1,675.000,575.000,-1,725.000,2,0,2,0,0,0,0,0,0,2,0,0,2,0,0,2,0
6,-4921.000,3473.322,195.281,-88.014,0.034899,0.999190,0.020054,-0.999315,0.034642,0.013018,0.012312,-0.020494,0.999714,0,0.56000,0.75350,33.600,1.507,-1,375.000,-1,350.000,650.000,325.000,325.000,275.000,275.000,-1,500.000,500.000,-1,675.000,575.000,-1,725.000,2,0,2,0,0,0,0,0,0,2,0,0,2,0,0,2,0
7,-4918.661,3434.993,195.236,-86.507,0.061225,0.997918,0.020263,-0.998017,0.060908,0.015915,0.014648,-0.021198,0.999668,0,0.64000,0.75350,38.400,1.507,-1,375.000,-1,350.000,650.000,325.000,325.000,275.000,275.000,-1,475.000,475.000,-1,675.000,600.000,-1,750.000,2,0,2,0,0,0,0,0,0,2,0,0,2,0,0,2,0
8,-4915.016,3393.330,195.135,-85.000,0.087509,0.995959,0.020184,-0.996017,0.087130,0.018960,0.017125,-0.021762,0.999616,0,0.69703,0.75350,41.822,1.507,-1,375.000,-1,350.000,625.000,325.000,325.000,275.000,275.000,1000.000,475.000,425.000,-1,675.000,600.000,-1,750.000,2,0,2,0,0,0,0,0,0,0,0,0,2,0,0,2,0
9,-4910.277,3351.777,194.973,-83.493,0.113726,0.993315,0.019769,-0.993321,0.113292,0.021864,0.019478,-0.022124,0.999565,0,0.69703,0.75350,41.822,1.507,-1,375.000,-1,375.000,625.000,325.000,325.000,275.000,275.000,1000.000,450.000,400.000,-1,675.000,600.000,-1,775.000,2,0,2,0,0,0,0,0,0,0,0,0,2,0,0,2,0
10,-4904.446,3310.364,194.976,-81.986,0.139861,0.989970,0.019954,-0.989948,0.139373,0.024053,0.021031,-0.023117,0.999512,0,0.69703,0.75350,41.822,1.507,-1,375.000,-1,375.000,625.000,325.000,325.000,275.000,275.000,1000.000,450.000,375.000,-1,700.000,600.000,-1,825.000,2,0,2,0,0,0,0,0,0,0,0,0,2,0,0,2,0
11,-4897.528,3269.118,195.904,-80.479,0.165968,0.985851,0.023513,-0.985881,0.165341,0.026468,0.022206,-0.027574,0.999373,0,0.69703,0.75350,41.822,1.507,-1,375.000,-1,375.000,675.000,325.000,325.000,275.000,275.000,950.000,450.000,400.000,-1,675.000,625.000,-1,925.000,2,0,2,0,0,0,0,0,0,0,0,0,2,0,0,2,0
12,-4889.527,3228.069,196.921,-78.972,0.191935,0.981054,0.026329,-0.981142,0.191190,0.028391,0.022819,-0.031282,0.999250,0,0.69703,0.75350,41.822,1.507,-1,375.000,-1,375.000,700.000,300.000,325.000,275.000,275.000,950.000,450.000,425.000,-1,675.000,650.000,-1,-1,2,0,2,0,0,0,0,0,0,0,0,0,2,0,0,2,2
13,-4880.450,3187.244,198.298,-77.465,0.217719,0.975637,0.027032,-0.975735,0.216914,0.029838,0.023247,-0.032872,0.999189,0,0.69703,0.75350,41.822,1.507,-1,375.000,-1,375.000,750.000,300.000,325.000,275.000,275.000,975.000,475.000,450.000,-1,700.000,650.000,-1,-1,2,0,2,0,0,0,0,0,0,0,0,0,2,0,0,2,2
14,-4870.302,3146.671,199.664,-75.958,0.243340,0.969564,0.027026,-0.969650,0.242490,0.031277,0.023771,-0.033817,0.999145,0,0.69703,0.75350,41.822,1.507,-1,375.000,-1,375.000,800.000,300.000,325.000,275.000,275.000,975.000,500.000,475.000,-1,700.000,675.000,-1,-1,2,0,2,0,0,0,0,0,0,0,0,0,2,0,0,2,2
15,-4859.091,3106.380,200.925,-74.451,0.268781,0.962830,0.026725,-0.962900,0.267899,0.032476,0.024109,-0.034463,0.999115,0,0.69703,0.75350,41.822,1.507,-1,375.000,-1,375.000,850.000,300.000,300.000,275.000,275.000,1000.000,525.000,500.000,-1,700.000,675.000,-1,-1,2,0,2,0,0,0,0,0,0,0,0,0,2,0,0,2,2
16,-4846.825,3066.398,202.077,-72.944,0.294023,0.955441,0.026140,-0.955490,0.293124,0.033415,0.024264,-0.034802,0.999100,0,0.69703,0.75350,41.822,1.507,-1,375.000,-1,375.000,925.000,300.000,300.000,275.000,275.000,-1,550.000,525.000,-1,700.000,675.000,-1,-1,2,0,2,0,0,0,0,0,0,2,0,0,2,0,0,2,2
17,-4833.511,3026.752,203.113,-71.437,0.319050,0.947400,0.025284,-0.947428,0.318150,0.034074,0.024238,-0.034826,0.999099,0,0.69703,0.75350,41.822,1.507,-1,375.000,-1,375.000,975.000,300.000,300.000,275.000,275.000,-1,575.000,550.000,-1,700.000,675.000,-1,-1,2,0,2,0,0,0,0,0,0,2,0,0,2,0,0,2,2
18,-4819.159,2987.469,204.027,-69.930,0.343845,0.938715,0.024170,-0.938719,0.342960,0.034433,0.024033,-0.034528,0.999115,0,0.69703,0.75350,41.822,1.507,-1,375.000,-1,375.000,-1,300.000,300.000,275.000,250.000,-1,600.000,600.000,-1,675.000,675.000,-1,-1,2,0,2,0,2,0,0,0,0,2,0,0,2,0,0,2,2
19,-4803.779,2948.578,204.980,-68.423,0.368416,0.929371,0.023208,-0.929347,0.367528,0.035161,0.024148,-0.034522,0.999112,0,0.69703,0.75350,41.822,1.507,-1,375.000,-1,375.000,-1,300.000,300.000,300.000,250.000,-1,625.000,625.000,-1,675.000,675.000,-1,-1,2,0,2,0,2,0,0,0,0,2,0,0,2,0,0,2,2
20,-4787.381,2910.105,206.246,-66.916,0.392788,0.919341,0.022989,-0.919278,0.391825,0.037441,0.025413,-0.035840,0.999034,0,0.69703,0.75350,41.822,1.507,-1,375.000,-1,375.000,-1,300.000,300.000,300.000,250.000,-1,625.000,625.000,-1,675.000,675.000,-1,-1,2,0,2,0,2,0,0,0,0,2,0,0,2,0,0,2,2
21,-4769.977,2872.076,207.414,-65.409,0.416882,0.908682,0.022510,-0.908570,0.415850,0.039605,0.026628,-0.036963,0.998962,0,0.69703,0.75350,41.822,1.507,-1,375.000,-1,375.000,-1,325.000,300.000,300.000,250.000,-1,650.000,650.000,-1,675.000,675.000,-1,-1,2,0,2,0,2,0,0,0,0,2,0,0,2,0,0,2,2
22,-4751.580,2834.518,208.480,-63.902,0.440681,0.897400,0.021774,-0.897233,0.439589,0.041641,0.027797,-0.037887,0.998895,0,0.69703,0.75350,41.822,1.507,-1,400.000,-1,375.000,-1,325.000,325.000,300.000,250.000,-1,650.000,650.000,-1,675.000,675.000,-1,-1,2,0,2,0,2,0,0,0,0,2,0,0,2,0,0,2,2
23,-4732.200,2797.457,209.439,-62.395,0.464167,0.885504,0.020785,-0.885275,0.463025,0.043535,0.028927,-0.038608,0.998836,0,0.69703,0.75350,41.822,1.507,-1,400.000,-1,375.000,-1,325.000,325.000,300.000,250.000,-1,650.000,650.000,-1,675.000,675.000,-1,-1,2,0,2,0,2,0,0,0,0,2,0,0,2,0,0,2,2
24,-4709.347,2756.821,210.751,-60.648,0.490991,0.870908,0.021146,-0.870682,0.489767,0.045179,0.028990,-0.040594,0.998755,0,0.77703,0.87350,46.622,1.747,-1,400.000,-1,375.000,-1,325.000,325.000,300.000,250.000,-1,675.000,675.000,-1,675.000,700.000,-1,-1,2,0,2,0,2,0,0,0,0,2,0,0,2,0,0,2,2
25,-4682.602,2712.902,212.191,-58.661,0.520936,0.853313,0.021980,-0.853120,0.519614,0.046763,0.028482,-0.043112,0.998664,0,0.85703,0.99350,51.422,1.987,-1,375.000,-1,375.000,-1,325.000,325.000,300.000,275.000,-1,725.000,650.000,-1,650.000,675.000,-1,-1,2,0,2,0,2,0,0,0,0,2,0,0,2,0,0,2,2
26,-4651.702,2665.933,213.790,-56.661,0.550443,0.834597,0.021454,-0.834370,0.549038,0.048827,0.028972,-0.044777,0.998577,0,0.93703,1.00000,56.222,2.000,-1,375.000,-1,375.000,-1,325.000,325.000,275.000,275.000,-1,725.000,600.000,-1,650.000,700.000,-1,-1,2,0,2,0,2,0,0,0,0,2,0,0,2,0,0,2,2
27,-4618.853,2619.606,215.482,-54.661,0.579270,0.814910,0.019174,-0.814561,0.577818,0.051155,0.030608,-0.045251,0.998507,0,0.94652,1.00000,56.791,2.000,-1,375.000,-1,375.000,-1,325.000,325.000,275.000,275.000,-1,650.000,550.000,-1,650.000,700.000,-1,-1,2,0,2,0,2,0,0,0,0,2,0,0,2,0,0,2,2
28,-4584.408,2574.453,217.002,-52.661,0.607381,0.794244,0.016266,-0.793742,0.605903,0.053444,0.032591,-0.045372,0.998438,0,0.94652,1.00000,56.791,2.000,-1,375.000,-1,375.000,-1,325.000,325.000,275.000,300.000,-1,600.000,525.000,-1,675.000,700.000,-1,-1,2,0,2,0,2,0,0,0,0,2,0,0,2,0,0,2,2
29,-4548.408,2530.530,218.365,-50.661,0.634734,0.772626,0.012685,-0.771944,0.633262,0.055516,0.034860,-0.045030,0.998377,0,0.94652,1.00000,56.791,2.000,-1,375.000,-1,400.000,-1,325.000,325.000,275.000,300.000,-1,550.000,475.000,-1,675.000,725.000,-1,-1,2,0,2,0,2,0,0,0,0,2,0,0,2,0,0,2,2
30,-4510.898,2487.890,220.238,-48.661,0.661261,0.750095,0.009513,-0.749322,0.659876,0.055494,0.035349,-0.043824,0.998414,0,0.94652,1.00000,56.791,2.000,-1,375.000,-1,375.000,-1,325.000,325.000,275.000,300.000,-1,575.000,500.000,925.000,675.000,725.000,-1,-1,2,0,2,0,2,0,0,0,0,2,0,0,0,0,0,2,2
31,-4471.921,2446.586,222.461,-46.661,0.687014,0.726595,0.008377,-0.725818,0.685639,0.055563,0.034628,-0.044252,0.998420,0,0.94652,1.00000,56.791,2.000,-1,375.000,-1,375.000,-1,300.000,325.000,275.000,300.000,-1,600.000,525.000,875.000,675.000,750.000,-1,-1,2,0,2,0,2,0,0,0,0,2,0,0,0,0,0,2,2
32,-4431.527,2406.667,224.552,-44.661,0.711931,0.702215,0.007021,-0.701421,0.710569,0.055672,0.034105,-0.044559,0.998424,0,0.94652,1.00000,56.791,2.000,-1,375.000,-1,375.000,-1,300.000,325.000,275.000,300.000,-1,625.000,550.000,825.000,675.000,750.000,-1,-1,2,0,2,0,2,0,0,0,0,2,0,0,0,0,0,2,2
33,-4389.764,2368.182,226.505,-42.661,0.735979,0.676983,0.005430,-0.676161,0.734638,0.055799,0.033785,-0.044738,0.998427,0,0.94652,1.00000,56.791,2.000,-1,375.000,-1,375.000,-1,300.000,300.000,275.000,300.000,-1,650.000,575.000,825.000,700.000,750.000,-1,-1,2,0,2,0,2,0,0,0,0,2,0,0,0,0,0,2,2
34,-4346.641,2331.140,228.348,-40.662,0.759120,0.650941,0.003595,-0.650074,0.757800,0.056060,0.033767,-0.044894,0.998421,0,0.94749,0.99950,56.849,1.999,-1,375.000,-1,375.000,-1,300.000,300.000,275.000,300.000,-1,675.000,550.000,825.000,700.000,775.000,-1,-1,2,0,2,0,2,0,0,0,0,2,0,0,0,0,0,2,2
35,-4302.107,2295.504,230.458,-38.667,0.781328,0.624119,0.001489,-0.623129,0.779949,0.058218,0.035174,-0.046416,0.998303,0,0.95061,0.99760,57.037,1.995,-1,375.000,-1,375.000,-1,300.000,325.000,275.000,300.000,-1,675.000,550.000,825.000,700.000,800.000,-1,-1,2,0,2,0,2,0,0,0,0,2,0,0,0,0,0,2,2
36,-4256.224,2261.334,232.552,-36.676,0.802529,0.596612,-0.000925,-0.595489,0.801112,0.060106,0.036600,-0.047686,0.998192,0,0.95348,0.99540,57.209,1.991,-1,375.000,-1,400.000,-1,325.000,325.000,275.000,300.000,-1,650.000,525.000,850.000,725.000,825.000,-1,-1,2,0,2,0,2,0,0,0,0,2,0,0,0,0,0,2,2
37,-4209.057,2228.687,234.566,-34.690,0.822701,0.568463,-0.003516,-0.567204,0.821260,0.061741,0.037985,-0.048800,0.998086,0,0.95606,0.99290,57.363,1.986,-1,375.000,-1,400.000,-1,325.000,325.000,275.000,300.000,-1,625.000,525.000,875.000,725.000,850.000,-1,-1,2,0,2,0,2,0,0,0,0,2,0,0,0,0,0,2,2
38,-4160.677,2197.616,236.436,-32.710,0.841825,0.539716,-0.006105,-0.538323,0.840367,0.063180,0.039230,-0.049900,0.997983,0,0.95831,0.99011,57.498,1.980,-1,375.000,-1,400.000,-1,325.000,325.000,275.000,300.000,-1,525.000,450.000,900.000,750.000,875.000,-1,-1,2,0,2,0,2,0,0,0,0,2,0,0,0,0,0,2,2
39,-4111.158,2168.172,238.342,-30.736,0.859872,0.510438,-0.008560,-0.508959,0.858444,0.063524,0.039773,-0.050266,0.997944,0,0.96020,0.98703,57.612,1.974,-1,400.000,-1,400.000,-1,325.000,325.000,275.000,300.000,-1,450.000,400.000,925.000,750.000,925.000,-1,-1,2,0,2,0,2,0,0,0,0,2,0,0,0,0,0,2,2
40,-4060.578,2140.401,240.367,-28.769,0.876829,0.480683,-0.010714,-0.479188,0.875492,0.062392,0.039371,-0.049573,0.997994,0,0.96171,0.98369,57.702,1.967,-1,400.000,-1,400.000,-1,325.000,325.000,275.000,300.000,-1,475.000,425.000,950.000,775.000,925.000,-1,-1,2,0,2,0,2,0,0,0,0,2,0,0,0,0,0,2,2
41,-4009.019,2114.347,242.275,-26.808,0.892700,0.450473,-0.012679,-0.448978,0.891456,0.061026,0.038793,-0.048785,0.998056,0,0.96280,0.98011,57.768,1.960,-1,400.000,-1,400.000,-1,325.000,325.000,275.000,300.000,-1,475.000,425.000,1000.000,775.000,950.000,-1,-1,2,0,2,0,2,0,0,0,0,2,0,0,0,0,0,2,2
42,-3956.567,2090.048,244.062,-24.856,0.907477,0.419854,-0.014429,-0.418376,0.906325,0.059464,0.038044,-0.047926,0.998126,0,0.96347,0.97632,57.808,1.953,-1,400.000,-1,425.000,-1,325.000,325.000,275.000,300.000,-1,500.000,450.000,-1,775.000,950.000,-1,-1,2,0,2,0,2,0,0,0,0,2,0,0,2,0,0,2,2
43,-3903.308,2067.538,245.735,-22.911,0.921153,0.388873,-0.015985,-0.387424,0.920092,0.057728,0.037156,-0.046983,0.998204,0,0.96368,0.97235,57.821,1.945,-1,400.000,-1,425.000,-1,325.000,325.000,275.000,300.000,-1,500.000,475.000,-1,775.000,975.000,-1,-1,2,0,2,0,2,0,0,0,0,2,0,0,2,0,0,2,2
44,-3849.332,2046.846,247.522,-20.975,0.933744,0.357564,-0.016437,-0.356177,0.932716,0.056377,0.035489,-0.046787,0.998274,0,0.96345,0.96823,57.807,1.936,-1,400.000,-1,425.000,-1,325.000,325.000,275.000,300.000,-1,550.000,500.000,-1,775.000,950.000,-1,-1,2,0,2,0,2,0,0,0,0,2,0,0,2,0,0,2,2
45,-3794.729,2027.995,249.350,-19.047,0.945246,0.325976,-0.015824,-0.324694,0.944207,0.055205,0.032937,-0.047044,0.998350,0,0.96276,0.96403,57.766,1.928,-1,400.000,-1,425.000,-1,325.000,325.000,275.000,300.000,-1,625.000,575.000,-1,775.000,950.000,-1,-1,2,0,2,0,2,0,0,0,0,2,0,0,2,0,0,2,2
46,-3739.589,2011.004,250.983,-17.127,0.955633,0.294168,-0.015219,-0.292995,0.954603,0.053727,0.030333,-0.046884,0.998440,0,0.96165,0.95978,57.699,1.920,-1,400.000,-1,425.000,-1,325.000,325.000,275.000,300.000,-1,700.000,625.000,-1,750.000,925.000,-1,-1,2,0,2,0,2,0,0,0,0,2,0,0,2,0,0,2,2
47,-3684.001,1995.884,252.470,-15.216,0.964909,0.262174,-0.014672,-0.261108,0.963901,0.052129,0.027809,-0.046469,0.998533,0,0.96013,0.95555,57.608,1.911,-1,400.000,-1,425.000,-1,325.000,325.000,300.000,300.000,-1,750.000,675.000,-1,750.000,900.000,-1,-1,2,0,2,0,2,0,0,0,0,2,0,0,2,0,0,2,2
48,-3628.051,1982.648,253.821,-13.310,0.973092,0.229982,-0.014179,-0.229017,0.972116,0.050425,0.025380,-0.045820,0.998627,0,0.95825,0.95286,57.495,1.906,-1,400.000,-1,425.000,-1,325.000,325.000,300.000,325.000,-1,825.000,750.000,-1,750.000,875.000,-1,-1,2,0,2,0,2,0,0,0,0,2,0,0,2,0,0,2,2
49,-3571.821,1971.302,255.047,-11.407,0.980190,0.197580,-0.013739,-0.196710,0.979255,0.048624,0.023061,-0.044958,0.998723,0,0.95606,0.95154,57.363,1.903,-1,400.000,-1,425.000,-1,325.000,325.000,300.000,325.000,-1,875.000,800.000,-1,750.000,875.000,-1,-1,2,0,2,0,2,0,0,0,0,2,0,0,2,0,0,2,2
50,-3515.391,1961.853,256.249,-9.506,0.986207,0.164995,-0.013123,-0.164233,0.985333,0.046332,0.020575,-0.043538,0.998840,0,0.95361,0.95055,57.216,1.901,-1,375.000,-1,425.000,-1,325.000,325.000,300.000,325.000,-1,950.000,850.000,-1,725.000,850.000,-1,-1,2,0,2,0,2,0,0,0,0,2,0,0,2,0,0,2,2
51,-3458.835,1954.300,257.354,-7.606,0.991138,0.132248,-0.012515,-0.131585,0.990330,0.043956,0.018207,-0.041919,0.998955,0,0.95097,0.94991,57.058,1.900,-1,375.000,-1,400.000,-1,325.000,325.000,300.000,325.000,-1,-1,925.000,-1,725.000,825.000,-1,-1,2,0,2,0,2,0,0,0,0,2,2,0,2,0,0,2,2
52,-3402.224,1948.642,258.352,-5.707,0.994979,0.099361,-0.011973,-0.098787,0.994239,0.041601,0.016038,-0.040210,0.999063,0,0.94822,0.94961,56.893,1.899,-1,375.000,-1,400.000,-1,325.000,325.000,300.000,325.000,-1,-1,975.000,-1,725.000,800.000,-1,-1,2,0,2,0,2,0,0,0,0,2,2,0,2,0,0,2,2
53,-3348.484,1944.838,259.216,-4.048,0.997443,0.070536,-0.011520,-0.070034,0.996767,0.039386,0.014261,-0.038479,0.999158,0,0.89792,0.82961,53.875,1.659,-1,375.000,1000.000,400.000,-1,325.000,325.000,300.000,325.000,-1,-1,-1,-1,725.000,775.000,-1,-1,2,0,1,0,2,0,0,0,0,2,2,2,2,0,0,2,2
54,-3294.816,1942.374,260.008,-2.629,0.998887,0.045831,-0.011127,-0.045388,0.998277,0.037190,0.012812,-0.036643,0.999246,0,0.89542,0.70961,53.725,1.419,-1,375.000,975.000,400.000,-1,325.000,325.000,300.000,325.000,-1,-1,-1,-1,725.000,750.000,-1,925.000,2,0,1,0,2,0,0,0,0,2,2,2,2,1,1,2,1
55,-3241.243,1941.018,260.784,-1.449,0.999617,0.025278,-0.011245,-0.024861,0.999050,0.035791,0.012139,-0.035497,0.999296,0,0.89318,0.58961,53.591,1.179,-1,375.000,925.000,400.000,-1,325.000,325.000,300.000,325.000,-1,-1,-1,-1,725.000,700.000,-1,850.000,2,0,1,0,2,0,0,0,0,2,2,2,2,1,1,2,1
56,-3184.863,1940.808,261.687,-0.213,0.999921,0.003712,-0.012030,-0.003289,0.999383,0.034970,0.012153,-0.034927,0.999316,0,0.93967,0.61829,56.380,1.237,-1,375.000,900.000,400.000,-1,325.000,325.000,300.000,325.000,-1,-1,-1,-1,725.000,650.000,-1,775.000,2,0,1,0,2,0,0,0,0,2,2,2,2,1,1,2,1
57,-3128.268,1941.815,262.527,1.020,0.999759,-0.017790,-0.012860,0.018219,0.999252,0.034097,0.012244,-0.034323,0.999336,0,0.94340,0.61636,56.604,1.233,-1,375.000,875.000,400.000,900.000,325.000,325.000,300.000,325.000,-1,-1,-1,-1,750.000,600.000,-1,700.000,2,0,1,0,1,0,0,0,0,2,2,2,2,1,1,2,1
58,-3071.490,1944.044,263.306,2.248,0.999137,-0.039207,-0.013713,0.039644,0.998663,0.033173,0.012394,-0.033688,0.999356,0,0.94703,0.61415,56.822,1.228,-1,375.000,850.000,400.000,750.000,325.000,325.000,300.000,325.000,-1,-1,-1,-1,775.000,550.000,-1,625.000,2,0,1,0,1,0,0,0,0,2,2,2,2,0,1,2,1
59,-3014.562,1947.497,264.027,3.472,0.998061,-0.060519,-0.014568,0.060963,0.997621,0.032200,0.012584,-0.033026,0.999375,0,0.95054,0.61164,57.033,1.223,-1,400.000,850.000,400.000,650.000,325.000,325.000,300.000,325.000,-1,-1,-1,-1,825.000,500.000,-1,550.000,2,0,1,0,1,0,0,0,0,2,2,2,2,0,1,2,1
60,-2957.519,1952.176,264.693,4.689,0.996537,-0.081706,-0.015401,0.082155,0.996132,0.031181,0.012794,-0.032338,0.999395,0,0.95391,0.60879,57.234,1.218,-1,400.000,850.000,375.000,550.000,325.000,325.000,300.000,325.000,-1,-1,-1,-1,875.000,450.000,-1,475.000,2,0,1,1,1,0,0,0,0,2,2,2,2,0,1,2,1
61,-2900.399,1958.079,265.308,5.900,0.994576,-0.102746,-0.016193,0.103198,0.994205,0.030122,0.013004,-0.031630,0.999415,0,0.95709,0.60560,57.425,1.211,-1,375.000,900.000,350.000,475.000,325.000,325.000,300.000,325.000,-1,-1,900.000,-1,925.000,425.000,-1,425.000,2,1,1,1,1,1,1,0,0,2,2,0,2,0,1,2,1
62,-2843.238,1965.203,265.874,7.104,0.992186,-0.123618,-0.016921,0.124071,0.991849,0.029030,0.013194,-0.030903,0.999435,0,0.96004,0.60202,57.603,1.204,-1,375.000,925.000,300.000,375.000,300.000,300.000,300.000,325.000,-1,-1,800.000,-1,975.000,375.000,-1,350.000,2,1,1,1,1,1,1,0,0,2,2,0,2,0,1,2,1
63,-2786.079,1973.541,266.396,8.300,0.989378,-0.144298,-0.017565,0.144749,0.989075,0.027916,0.013344,-0.030162,0.999456,0,0.96273,0.59804,57.764,1.196,-1,400.000,900.000,275.000,300.000,300.000,275.000,325.000,325.000,-1,-1,725.000,-1,975.000,350.000,-1,300.000,2,1,1,1,1,1,1,0,0,2,2,0,2,1,1,2,1
64,-2728.965,1983.086,266.795,9.488,0.986171,-0.164762,-0.017895,0.165207,0.985885,0.027164,0.013166,-0.029745,0.999471,0,0.96510,0.59361,57.906,1.187,-1,400.000,875.000,250.000,250.000,275.000,250.000,325.000,325.000,-1,975.000,700.000,-1,950.000,300.000,-1,250.000,2,1,1,1,1,1,1,0,0,2,0,0,2,1,1,2,1
65,-2671.942,1993.825,267.103,10.665,0.982583,-0.184984,-0.017678,0.185417,0.982282,0.027249,0.012324,-0.030052,0.999472,0,0.96710,0.58871,58.026,1.177,-1,425.000,850.000,225.000,200.000,275.000,225.000,325.000,325.000,-1,950.000,700.000,-1,925.000,275.000,-1,175.000,2,0,1,1,1,1,1,0,0,2,0,0,2,1,1,2,1
66,-2619.897,2004.976,273.481,12.082,0.977156,-0.209017,-0.038431,0.210698,0.976438,0.046645,0.027775,-0.053677,0.998172,0,0.88710,0.70871,53.226,1.417,-1,475.000,875.000,225.000,175.000,300.000,225.000,300.000,375.000,-1,375.000,450.000,-1,925.000,300.000,-1,175.000,2,0,1,1,1,1,1,0,0,2,0,0,2,1,1,2,1
67,-2572.860,2016.493,279.964,13.740,0.969633,-0.236782,-0.061214,0.240628,0.968390,0.065721,0.043717,-0.078455,0.995959,0,0.80710,0.82871,48.426,1.657,-1,550.000,900.000,250.000,150.000,375.000,250.000,300.000,450.000,-1,200.000,350.000,-1,1000.000,325.000,-1,175.000,2,0,1,1,1,1,1,0,0,2,0,0,2,1,1,2,1
68,-2528.013,2029.060,285.190,15.632,0.959945,-0.268099,-0.081410,0.274470,0.958186,0.080909,0.056314,-0.100013,0.993391,0,0.77622,0.94585,46.573,1.892,-1,600.000,950.000,275.000,150.000,450.000,300.000,275.000,525.000,775.000,125.000,300.000,-1,-1,375.000,-1,175.000,2,0,1,1,1,0,1,0,1,0,0,0,2,2,1,2,1
69,-2483.675,2043.069,289.264,17.509,0.949235,-0.298725,-0.098574,0.307668,0.946927,0.093111,0.065528,-0.118712,0.990764,0,0.77499,0.93861,46.499,1.877,-1,650.000,-1,300.000,150.000,500.000,350.000,275.000,475.000,575.000,100.000,300.000,-1,-1,450.000,-1,175.000,2,0,2,1,1,0,1,0,1,0,0,0,2,2,1,2,1
70,-2439.929,2058.470,292.268,19.371,0.937710,-0.328693,-0.112524,0.339940,0.934909,0.101912,0.071702,-0.133815,0.988409,0,0.77298,0.93086,46.379,1.862,-1,700.000,-1,350.000,150.000,550.000,425.000,250.000,400.000,450.000,75.000,275.000,-1,-1,525.000,-1,175.000,2,0,2,1,1,0,1,0,1,0,0,0,2,2,1,2,1
71,-2396.862,2075.206,294.163,21.216,0.925587,-0.358048,-0.122844,0.371074,0.922352,0.107573,0.074789,-0.145153,0.986579,0,0.77012,0.92261,46.207,1.845,-1,700.000,-1,400.000,150.000,575.000,525.000,250.000,300.000,400.000,50.000,275.000,-1,-1,525.000,-1,175.000,2,1,2,1,1,1,1,0,1,0,0,0,2,2,1,2,1
72,-2354.556,2093.216,294.923,23.043,0.913053,-0.386845,-0.129171,0.400931,0.909431,0.110410,0.074760,-0.152599,0.985457,0,0.76637,0.91388,45.982,1.828,-1,700.000,-1,450.000,125.000,550.000,500.000,250.000,250.000,350.000,50.000,275.000,-1,-1,550.000,-1,225.000,2,1,2,1,1,1,1,0,1,0,0,0,2,2,1,2,1
73,-2313.094,2112.429,294.534,24.853,0.900247,-0.415140,-0.131206,0.429452,0.896270,0.110779,0.071607,-0.156075,0.985146,0,0.76170,0.90472,45.702,1.809,-1,700.000,-1,450.000,125.000,550.000,500.000,250.000,200.000,350.000,50.000,300.000,-1,-1,525.000,-1,375.000,2,1,2,1,1,1,1,0,1,0,0,0,2,2,1,2,1
74,-8199.153,4263.558,286.464,-115.258,-0.426570,0.904392,0.010641,-0.903896,-0.426691,0.030111,0.031772,0.003226,0.999490,1,0.00000,0.00000,45.366,1.790,-1,375.000,-1,400.000,-1,325.000,325.000,325.000,300.000,-1,675.000,650.000,-1,675.000,775.000,-1,-1,2,0,2,0,2,0,0,0,0,2,0,0,2,0,0,2,2
75,-8197.086,4267.891,286.304,-115.498,-0.430358,0.902596,0.010592,-0.902100,-0.430475,0.030122,0.031748,0.003408,0.999490,0,-0.08000,-0.12000,-4.800,-0.240,-1,375.000,-1,400.000,-1,325.000,325.000,325.000,300.000,-1,675.000,650.000,-1,675.000,775.000,-1,-1,2,0,2,0,2,0,0,0,0,2,0,0,2,0,0,2,2
76,-8192.917,4276.538,285.985,-115.741,-0.434194,0.900758,0.010500,-0.900263,-0.434306,0.030075,0.031651,0.003606,0.999492,0,-0.16000,-0.12173,-9.600,-0.243,-1,375.000,-1,400.000,-1,325.000,325.000,325.000,300.000,-1,650.000,650.000,-1,675.000,775.000,-1,-1,2,0,2,0,2,0,0,0,0,2,0,0,2,0,0,2,2
77,-8186.608,4289.482,285.508,-115.986,-0.438036,0.898898,0.010353,-0.898406,-0.438141,0.029977,0.031482,0.003830,0.999497,0,-0.24000,-0.12211,-14.400,-0.244,-1,375.000,-1,400.000,-1,325.000,325.000,325.000,300.000,-1,650.000,625.000,-1,675.000,775.000,-1,-1,2,0,2,0,2,0,0,0,0,2,0,0,2,0,0,2,2
78,-8178.122,4306.705,284.871,-116.231,-0.441889,0.897012,0.010130,-0.896525,-0.441986,0.029840,0.031245,0.004104,0.999503,0,-0.32000,-0.12269,-19.200,-0.245,-1,375.000,-1,400.000,-1,325.000,325.000,325.000,300.000,-1,650.000,625.000,-1,675.000,775.000,-1,-1,2,0,2,0,2,0,0,0,0,2,0,0,2,0,0,2,2
79,-8167.421,4328.187,284.071,-116.478,-0.445762,0.895098,0.009807,-0.894617,-0.445848,0.029683,0.030941,0.004458,0.999511,0,-0.40000,-0.12347,-24.000,-0.247,-1,375.000,-1,400.000,-1,325.000,325.000,325.000,300.000,-1,625.000,600.000,-1,675.000,775.000,-1,-1,2,0,2,0,2,0,0,0,0,2,0,0,2,0,0,2,2
80,-8155.031,4352.793,283.149,-116.727,-0.449660,0.893151,0.009372,-0.892676,-0.449731,0.029535,0.030594,0.004915,0.999520,0,-0.45915,-0.12445,-27.549,-0.249,-1,375.000,-1,400.000,-1,325.000,325.000,325.000,275.000,-1,625.000,600.000,-1,675.000,775.000,-1,-1,2,0,2,0,2,0,0,0,0,2,0,0,2,0,0,2,2
81,-8142.505,4377.400,282.219,-116.978,-0.453587,0.891168,0.008865,-0.890698,-0.453640,0.029437,0.030255,0.005456,0.999527,0,-0.46019,-0.12558,-27.611,-0.251,-1,375.000,-1,400.000,-1,325.000,325.000,325.000,275.000,-1,600.000,575.000,-1,675.000,775.000,-1,-1,2,0,2,0,2,0,0,0,0,2,0,0,2,0,0,2,2
82,-8129.842,4402.007,281.282,-117.231,-0.457541,0.889150,0.008286,-0.888685,-0.457575,0.029391,0.029924,0.006084,0.999534,0,-0.46123,-0.12669,-27.674,-0.253,-1,375.000,-1,400.000,-1,325.000,325.000,325.000,275.000,-1,600.000,550.000,-1,700.000,775.000,-1,-1,2,0,2,0,2,0,0,0,0,2,0,0,2,0,0,2,2
83,-8117.040,4426.614,280.470,-117.487,-0.461513,0.887099,0.007889,-0.886653,-0.461537,0.028822,0.029209,0.006307,0.999553,0,-0.46230,-0.12780,-27.738,-0.256,-1,375.000,-1,400.000,-1,325.000,325.000,325.000,275.000,-1,625.000,550.000,-1,700.000,775.000,-1,-1,2,0,2,0,2,0,0,0,0,2,0,0,2,0,0,2,2
84,-8104.107,4451.201,279.736,-117.744,-0.465491,0.885019,0.007716,-0.884592,-0.465512,0.028207,0.028556,0.006305,0.999572,0,-0.46302,-0.12854,-27.781,-0.257,-1,375.000,-1,375.000,-1,325.000,325.000,325.000,275.000,-1,650.000,575.000,-1,700.000,775.000,-1,-1,2,0,2,0,2,0,0,0,0,2,0,0,2,0,0,2,2
85,-8091.064,4475.730,279.052,-118.001,-0.469457,0.882922,0.007695,-0.882511,-0.469479,0.027632,0.028010,0.006181,0.999589,0,-0.46302,-0.12854,-27.781,-0.257,-1,375.000,-1,375.000,-1,325.000,325.000,325.000,275.000,-1,700.000,575.000,-1,700.000,775.000,-1,-1,2,0,2,0,2,0,0,0,0,2,0,0,2,0,0,2,2
86,-8077.911,4500.200,278.375,-118.258,-0.473414,0.880807,0.007622,-0.880412,-0.473436,0.027058,0.027442,0.006099,0.999605,0,-0.46302,-0.12854,-27.781,-0.257,-1,375.000,-1,375.000,-1,325.000,325.000,325.000,275.000,-1,700.000,600.000,-1,700.000,750.000,-1,-1,2,0,2,0,2,0,0,0,0,2,0,0,2,0,0,2,2
87,-8064.649,4524.612,277.729,-118.515,-0.477362,0.878675,0.007542,-0.878299,-0.477384,0.026377,0.026777,0.005967,0.999624,0,-0.46302,-0.12854,-27.781,-0.257,-1,375.000,-1,375.000,-1,325.000,325.000,325.000,275.000,-1,700.000,675.000,-1,700.000,750.000,-1,-1,2,0,2,0,2,0,0,0,0,2,0,0,2,0,0,2,2
88,-8051.277,4548.963,277.249,-118.772,-0.481291,0.876527,0.007694,-0.876186,-0.481323,0.025011,0.025626,0.005296,0.999658,0,-0.46302,-0.12854,-27.781,-0.257,-1,375.000,-1,375.000,-1,325.000,325.000,325.000,275.000,-1,725.000,850.000,-1,700.000,750.000,-1,-1,2,0,2,0,2,0,0,0,0,2,0,0,2,0,0,2,2
89,-8037.796,4573.254,276.764,-119.029,-0.485213,0.874361,0.007763,-0.874053,-0.485253,0.023695,0.024485,0.004712,0.999689,0,-0.46302,-0.12854,-27.781,-0.257,-1,375.000,-1,375.000,-1,325.000,325.000,300.000,300.000,-1,750.000,875.000,-1,700.000,750.000,-1,-1,2,0,2,0,2,0,0,0,0,2,0,0,2,0,0,2,2
90,-8026.638,4593.345,276.349,-119.046,-0.485471,0.874218,0.007734,-0.873935,-0.485514,0.022653,0.023559,0.004238,0.999713,0,-0.38302,-0.00854,-22.981,-0.017,-1,375.000,-1,375.000,-1,325.000,325.000,300.000,300.000,-1,775.000,875.000,-1,700.000,750.000,-1,-1,2,0,2,0,2,0,0,0,0,2,0,0,2,0,0,2,2
91,-8017.873,4609.274,276.010,-118.824,-0.482065,0.876102,0.007652,-0.875838,-0.482110,0.021861,0.022842,0.003837,0.999732,0,-0.30302,0.11146,-18.181,0.223,-1,375.000,-1,375.000,-1,325.000,325.000,300.000,300.000,-1,800.000,875.000,-1,700.000,725.000,-1,-1,2,0,2,0,2,0,0,0,0,2,0,0,2,0,0,2,2
92,-8011.516,4621.049,275.748,-118.361,-0.474969,0.879970,0.007547,-0.879719,-0.475017,0.021302,0.022330,0.003479,0.999745,0,-0.22302,0.23146,-13.381,0.463,-1,375.000,-1,375.000,-1,325.000,325.000,300.000,300.000,-1,825.000,900.000,-1,700.000,725.000,-1,-1,2,0,2,0,2,0,0,0,0,2,0,0,2,0,0,2,2
93,-8007.533,4628.650,275.564,-117.658,-0.464137,0.885732,0.007435,-0.885490,-0.464186,0.020963,0.022019,0.003146,0.999753,0,-0.14302,0.35146,-8.581,0.703,-1,375.000,-1,375.000,-1,325.000,325.000,300.000,300.000,-1,825.000,900.000,-1,700.000,725.000,-1,-1,2,0,2,0,2,0,0,0,0,2,0,0,2,0,0,2,2
94,-8005.833,4632.027,275.456,-116.715,-0.449497,0.893252,0.007322,-0.893013,-0.449548,0.020834,0.021902,0.002826,0.999756,0,-0.06302,0.47146,-3.781,0.943,-1,375.000,-1,375.000,-1,325.000,325.000,300.000,300.000,-1,850.000,900.000,-1,700.000,725.000,-1,-1,2,0,2,0,2,0,0,0,0,2,0,0,2,0,0,2,2
95,-8006.272,4631.108,275.422,-115.532,-0.430959,0.902343,0.007199,-0.902104,-0.431011,0.020915,0.021975,0.002520,0.999755,0,0.01698,0.59146,1.019,1.183,-1,375.000,-1,375.000,-1,300.000,325.000,300.000,300.000,-1,850.000,925.000,-1,700.000,725.000,-1,-1,2,0,2,0,2,0,0,0,0,2,0,0,2,0,0,2,2
96,-8008.649,4625.797,275.459,-114.109,-0.408417,0.912768,0.007044,-0.912525,-0.408472,0.021204,0.022232,0.002233,0.999750,0,0.09698,0.71146,5.819,1.423,-1,375.000,-1,375.000,-1,300.000,325.000,300.000,300.000,-1,875.000,925.000,-1,700.000,725.000,-1,-1,2,0,2,0,2,0,0,0,0,2,0,0,2,0,0,2,2
97,-8012.711,4615.986,275.562,-112.492,-0.382499,0.923931,0.006830,-0.923678,-0.382555,0.021704,0.022666,0.001993,0.999741,0,0.17698,0.80843,10.619,1.617,-1,375.000,-1,375.000,-1,300.000,325.000,300.000,300.000,-1,875.000,875.000,-1,700.000,725.000,-1,-1,2,0,2,0,2,0,0,0,0,2,0,0,2,0,0,2,2
98,-8018.206,4601.579,275.737,-110.875,-0.356278,0.934357,0.006544,-0.934090,-0.356333,0.022410,0.023270,0.001872,0.999727,0,0.25698,0.80843,15.419,1.617,-1,375.000,-1,375.000,-1,300.000,300.000,300.000,300.000,-1,900.000,800.000,-1,700.000,725.000,-1,-1,2,0,2,0,2,0,0,0,0,2,0,0,2,0,0,2,2
99,-8024.874,4582.491,275.981,-109.258,-0.329776,0.944039,0.006146,-0.943753,-0.329827,0.023321,0.024043,0.001890,0.999709,0,0.33698,0.80843,20.219,1.617,-1,375.000,-1,375.000,-1,300.000,300.000,300.000,275.000,-1,875.000,750.000,-1,700.000,725.000,-1,-1,2,0,2,0,2,0,0,0,0,2,0,0,2,0,0,2,2
100,-8032.457,4558.649,276.288,-107.641,-0.303014,0.952970,0.005598,-0.952658,-0.303059,0.024435,0.024983,0.002071,0.999686,0,0.41698,0.80843,25.019,1.617,-1,375.000,-1,375.000,-1,300.000,300.000,300.000,275.000,-1,825.000,600.000,-1,700.000,725.000,-1,-1,2,0,2,0,2,0,0,0,0,2,0,0,2,0,0,2,2
101,-8040.688,4529.989,276.778,-106.025,-0.276008,0.961141,0.005194,-0.960811,-0.276050,0.025275,0.025727,0.001986,0.999667,0,0.49698,0.80843,29.819,1.617,-1,375.000,-1,375.000,-1,300.000,300.000,300.000,275.000,-1,700.000,550.000,-1,700.000,725.000,-1,-1,2,0,2,0,2,0,0,0,0,2,0,0,2,0,0,2,2
102,-8049.302,4496.459,277.711,-104.408,-0.248754,0.968549,0.005795,-0.968218,-0.248821,0.025327,0.025973,0.000689,0.999662,0,0.57698,0.80843,34.619,1.617,-1,375.000,-1,375.000,-1,300.000,300.000,300.000,275.000,-1,675.000,575.000,-1,700.000,725.000,-1,-1,2,0,2,0,2,0,0,0,0,2,0,0,2,0,0,2,2
103,-8058.029,4458.018,278.978,-102.791,-0.221281,0.975184,0.007171,-0.974859,-0.221393,0.025181,0.026144,-0.001419,0.999657,0,0.65698,0.80843,39.419,1.617,-1,375.000,-1,375.000,-1,300.000,300.000,300.000,300.000,-1,675.000,600.000,-1,700.000,725.000,-1,-1,2,0,2,0,2,0,0,0,0,2,0,0,2,0,0,2,2
104,-8066.598,4414.638,280.358,-101.174,-0.193631,0.981037,0.008561,-0.980719,-0.193788,0.025216,0.026397,-0.003514,0.999645,0,0.73698,0.80843,44.219,1.617,-1,375.000,-1,375.000,-1,300.000,300.000,300.000,300.000,-1,700.000,625.000,-1,700.000,725.000,-1,-1,2,0,2,0,2,0,0,0,0,2,0,0,2,0,0,2,2
105,-8072.980,4375.739,281.572,-99.317,-0.161696,0.986792,0.009798,-0.986484,-0.161897,0.025283,0.026536,-0.005578,0.999632,0,0.65698,0.92843,39.419,1.857,-1,375.000,-1,375.000,-1,300.000,300.000,300.000,300.000,-1,700.000,675.000,-1,700.000,725.000,-1,-1,2,0,2,0,2,0,0,0,0,2,0,0,2,0,0,2,2
106,-8077.389,4341.402,282.622,-97.317,-0.127117,0.991828,0.010906,-0.991532,-0.127358,0.025397,0.026579,-0.007585,0.999618,0,0.57698,1.00000,34.619,2.000,-1,375.000,-1,375.000,-1,300.000,300.000,300.000,300.000,-1,725.000,700.000,-1,700.000,700.000,-1,-1,2,0,2,0,2,0,0,0,0,2,0,0,2,0,0,2,2
107,-8080.152,4311.712,283.511,-95.317,-0.092386,0.995652,0.011883,-0.995369,-0.092664,0.025566,0.026556,-0.009466,0.999603,0,0.49698,1.00000,29.819,2.000,-1,400.000,-1,375.000,-1,300.000,300.000,300.000,300.000,-1,725.000,725.000,-1,675.000,700.000,-1,-1,2,0,2,0,2,0,0,0,0,2,0,0,2,0,0,2,2
108,-8081.600,4286.735,284.246,-93.317,-0.057546,0.998261,0.012751,-0.997992,-0.057859,0.025773,0.026466,-0.011243,0.999587,0,0.41698,1.00000,25.019,2.000,-1,400.000,-1,375.000,-1,300.000,300.000,300.000,300.000,-1,725.000,725.000,-1,700.000,675.000,-1,-1,2,0,2,0,2,0,0,0,0,2,0,0,2,0,0,2,2
109,-8082.065,4266.521,284.835,-91.317,-0.022639,0.999652,0.013524,-0.999398,-0.022985,0.026002,0.026304,-0.012928,0.999570,0,0.33698,1.00000,20.219,2.000,-1,400.000,-1,375.000,-1,325.000,300.000,300.000,300.000,-1,750.000,750.000,-1,700.000,675.000,-1,-1,2,0,2,0,2,0,0,0,0,2,0,0,2,0,0,2,2
110,-8081.881,4251.104,285.284,-89.317,0.012292,0.999823,0.014209,-0.999585,0.011916,0.026244,0.026071,-0.014526,0.999555,0,0.25698,1.00000,15.419,2.000,-1,400.000,-1,375.000,-1,325.000,300.000,300.000,300.000,-1,750.000,775.000,-1,700.000,675.000,-1,-1,2,0,2,0,2,0,0,0,0,2,0,0,2,0,0,2,2
111,-8081.383,4240.496,285.601,-87.317,0.047205,0.998775,0.014807,-0.998553,0.046801,0.026488,0.025763,-0.016036,0.999539,0,0.17698,1.00000,10.619,2.000,-1,400.000,-1,375.000,-1,325.000,300.000,300.000,300.000,-1,750.000,775.000,-1,700.000,650.000,-1,-1,2,0,2,0,2,0,0,0,0,2,0,0,2,0,0,2,2
112,-8080.908,4234.697,285.791,-85.317,0.082055,0.996510,0.015319,-0.996305,0.081628,0.026722,0.025379,-0.017455,0.999526,0,0.09698,1.00000,5.819,2.000,-1,400.000,-1,375.000,-1,325.000,300.000,300.000,300.000,-1,750.000,775.000,-1,700.000,650.000,-1,-1,2,0,2,0,2,0,0,0,0,2,0,0,2,0,0,2,2
113,-8080.789,4233.685,285.860,-83.317,0.116802,0.993030,0.015743,-0.992843,0.116353,0.026936,0.024917,-0.018777,0.999513,0,0.01698,1.00000,1.019,2.000,-1,400.000,-1,375.000,-1,325.000,300.000,300.000,300.000,-1,750.000,750.000,-1,700.000,650.000,-1,-1,2,0,2,0,2,0,0,0,0,2,0,0,2,0,0,2,2
114,-8081.360,4237.423,285.813,-81.317,0.151402,0.988341,0.016082,-0.988172,0.150935,0.027118,0.024375,-0.019997,0.999503,0,-0.06302,1.00000,-3.781,2.000,-1,400.000,-1,375.000,-1,325.000,300.000,300.000,300.000,-1,750.000,725.000,-1,725.000,650.000,-1,-1,2,0,2,0,2,0,0,0,0,2,0,0,2,0,0,2,2
115,-8082.950,4245.856,285.656,-79.317,0.185813,0.982449,0.016341,-0.982298,0.185331,0.027256,0.023750,-0.021116,0.999495,0,-0.14302,1.00000,-8.581,2.000,-1,400.000,-1,375.000,-1,325.000,325.000,300.000,300.000,-1,750.000,700.000,-1,725.000,650.000,-1,-1,2,0,2,0,2,0,0,0,0,2,0,0,2,0,0,2,2
116,-8085.154,4255.650,285.469,-77.317,0.219995,0.975360,0.016561,-0.975227,0.219500,0.027407,0.023097,-0.022180,0.999487,0,-0.16731,1.00000,-10.039,2.000,-1,400.000,-1,375.000,-1,325.000,325.000,300.000,325.000,-1,725.000,675.000,-1,750.000,650.000,-1,-1,2,0,2,0,2,0,0,0,0,2,0,0,2,0,0,2,2
117,-8087.709,4265.401,285.283,-75.317,0.253908,0.967083,0.016756,-0.966968,0.253400,0.027594,0.022439,-0.023209,0.999479,0,-0.16800,1.00000,-10.080,2.000,-1,400.000,-1,375.000,-1,325.000,325.000,300.000,325.000,-1,700.000,650.000,-1,750.000,650.000,-1,-1,2,0,2,0,2,0,0,0,0,2,0,0,2,0,0,2,2
118,-8090.615,4275.098,285.099,-73.317,0.287511,0.957628,0.016925,-0.957530,0.286990,0.027813,0.021778,-0.024203,0.999470,0,-0.16872,1.00000,-10.123,2.000,-1,400.000,-1,375.000,-1,325.000,325.000,300.000,325.000,-1,675.000,625.000,-1,750.000,650.000,-1,-1,2,0,2,0,2,0,0,0,0,2,0,0,2,0,0,2,2
119,-8093.871,4284.729,284.916,-71.318,0.320754,0.947009,0.017066,-0.946927,0.320221,0.028062,0.021110,-0.025161,0.999460,0,-0.16945,0.99977,-10.167,2.000,-1,400.000,-1,375.000,-1,325.000,325.000,300.000,325.000,-1,650.000,625.000,-1,775.000,675.000,-1,-1,2,0,2,0,2,0,0,0,0,2,0,0,2,0,0,2,2
120,-8097.477,4294.283,284.734,-69.319,0.353594,0.935241,0.017178,-0.935176,0.353049,0.028337,0.020437,-0.026084,0.999451,0,-0.17020,0.99945,-10.212,1.999,-1,400.000,-1,375.000,-1,325.000,325.000,300.000,325.000,-1,625.000,600.000,-1,775.000,675.000,-1,-1,2,0,2,0,2,0,0,0,0,2,0,0,2,0,0,2,2
121,-8101.432,4303.748,284.552,-67.320,0.385995,0.922340,0.017262,-0.922289,0.385438,0.028633,0.019756,-0.026973,0.999441,0,-0.17095,0.99917,-10.257,1.998,-1,400.000,-1,400.000,-1,325.000,325.000,300.000,325.000,-1,600.000,575.000,-1,800.000,675.000,-1,-1,2,0,2,0,2,0,0,0,0,2,0,0,2,0,0,2,2
122,-8105.733,4313.110,284.339,-65.322,0.417914,0.908323,0.017251,-0.908289,0.417350,0.028820,0.018978,-0.027714,0.999436,0,-0.17172,0.99895,-10.303,1.998,-1,400.000,-1,400.000,-1,325.000,325.000,300.000,325.000,-1,575.000,550.000,-1,800.000,675.000,-1,-1,2,0,2,0,2,0,0,0,0,2,0,0,2,0,0,2,2
123,-8110.379,4322.358,284.115,-63.325,0.449317,0.893207,0.017200,-0.893188,0.448750,0.028972,0.018159,-0.028381,0.999432,0,-0.17248,0.99878,-10.349,1.998,-1,400.000,-1,400.000,-1,325.000,325.000,300.000,325.000,-1,550.000,525.000,-1,825.000,700.000,-1,-1,2,0,2,0,2,0,0,0,0,2,0,0,2,0,0,2,2
124,-8115.366,4331.478,283.895,-61.328,0.480171,0.877008,0.017141,-0.877004,0.479599,0.029147,0.017341,-0.029028,0.999428,0,-0.17325,0.99866,-10.395,1.997,-1,400.000,-1,400.000,-1,325.000,325.000,300.000,325.000,-1,525.000,525.000,-1,825.000,700.000,-1,-1,2,0,2,0,2,0,0,0,0,2,0,0,2,0,0,2,2
125,-8118.200,4336.302,283.754,-59.570,0.506836,0.861874,0.017032,-0.861882,0.506260,0.029339,0.016663,-0.029550,0.999424,0,-0.09325,0.87866,-5.595,1.757,-1,400.000,-1,400.000,-1,325.000,325.000,300.000,325.000,-1,525.000,500.000,-1,850.000,700.000,-1,-1,2,0,2,0,2,0,0,0,0,2,0,0,2,0,0,2,2
126,-8118.620,4336.977,283.687,-58.053,0.529476,0.848157,0.016863,-0.848172,0.528898,0.029523,0.016122,-0.029935,0.999422,0,-0.01325,0.75866,-0.795,1.517,-1,400.000,-1,400.000,-1,325.000,325.000,300.000,325.000,-1,500.000,500.000,-1,850.000,700.000,-1,-1,2,0,2,0,2,0,0,0,0,2,0,0,2,0,0,2,2
127,-8116.426,4333.627,283.690,-56.776,0.548248,0.836150,0.016632,-0.836168,0.547669,0.029681,0.015709,-0.030180,0.999421,0,0.06675,0.63866,4.005,1.277,-1,400.000,-1,400.000,-1,325.000,325.000,300.000,325.000,-1,500.000,500.000,-1,875.000,700.000,-1,-1,2,0,2,0,2,0,0,0,0,2,0,0,2,0,0,2,2
128,-8111.469,4326.350,283.757,-55.738,0.563293,0.826096,0.016345,-0.826114,0.562715,0.029797,0.015417,-0.030287,0.999422,0,0.14675,0.51866,8.805,1.037,-1,400.000,-1,400.000,-1,325.000,325.000,300.000,325.000,-1,500.000,500.000,-1,875.000,725.000,-1,-1,2,0,2,0,2,0,0,0,0,2,0,0,2,0,0,2,2
129,-8103.654,4315.213,283.885,-54.941,0.574731,0.818186,0.016016,-0.818201,0.574157,0.029859,0.015234,-0.030265,0.999426,0,0.22675,0.39866,13.605,0.797,-1,400.000,-1,400.000,-1,325.000,325.000,300.000,300.000,-1,500.000,500.000,-1,875.000,725.000,-1,-1,2,0,2,0,2,0,0,0,0,2,0,0,2,0,0,2,2
130,-8092.935,4300.251,284.070,-54.384,0.582659,0.812566,0.015665,-0.812576,0.582090,0.029862,0.015146,-0.030129,0.999431,0,0.30675,0.27866,18.405,0.557,-1,400.000,-1,400.000,-1,325.000,325.000,300.000,300.000,-1,525.000,500.000,-1,875.000,725.000,-1,-1,2,0,2,0,2,0,0,0,0,2,0,0,2,0,0,2,2
131,-8079.317,4281.462,284.309,-54.066,0.587147,0.809335,0.015319,-0.809339,0.586586,0.029804,0.015135,-0.029897,0.999438,0,0.38675,0.15866,23.205,0.317,-1,400.000,-1,400.000,-1,325.000,325.000,300.000,300.000,-1,525.000,525.000,-1,875.000,725.000,-1,-1,2,0,2,0,2,0,0,0,0,2,0,0,2,0,0,2,2
132,-8062.852,4258.808,284.597,-53.989,0.588236,0.808550,0.015009,-0.808547,0.587683,0.029685,0.015181,-0.029598,0.999447,0,0.46675,0.03866,28.005,0.077,-1,400.000,-1,400.000,-1,325.000,325.000,300.000,300.000,-1,550.000,550.000,-1,875.000,700.000,-1,-1,2,0,2,0,2,0,0,0,0,2,0,0,2,0,0,2,2
133,-8043.640,4232.217,284.931,-54.152,0.585935,0.810223,0.014775,-0.810214,0.585390,0.029511,0.015261,-0.029262,0.999455,0,0.54675,-0.08134,32.805,-0.163,-1,425.000,-1,400.000,-1,325.000,325.000,300.000,300.000,-1,575.000,575.000,-1,875.000,700.000,-1,-1,2,0,2,0,2,0,0,0,0,2,0,0,2,0,0,2,2
134,-8021.832,4201.581,285.309,-54.554,0.580223,0.814325,0.014659,-0.814313,0.579687,0.029285,0.015350,-0.028929,0.999464,0,0.62675,-0.20134,37.605,-0.403,-1,425.000,-1,400.000,-1,325.000,325.000,300.000,300.000,-1,625.000,600.000,-1,875.000,700.000,-1,-1,2,0,2,0,2,0,0,0,0,2,0,0,2,0,0,2,2
