timestep,x_cm,y_cm,z_cm,yaw_deg,basis_xx,basis_xy,basis_xz,basis_yx,basis_yy,basis_yz,basis_zx,basis_zy,basis_zz,teleport_flag,throttle_cmd,steering_cmd,cmd_move_cm,cmd_turn_deg,lidar_cm_0,lidar_cm_1,lidar_cm_2,lidar_cm_3,lidar_cm_4,lidar_cm_5,lidar_cm_6,lidar_cm_7,lidar_cm_8,lidar_cm_9,lidar_cm_10,lidar_cm_11,lidar_cm_12,lidar_cm_13,lidar_cm_14,lidar_cm_15,lidar_cm_16,lidar_class_0,lidar_class_1,lidar_class_2,lidar_class_3,lidar_class_4,lidar_class_5,lidar_class_6,lidar_class_7,lidar_class_8,lidar_class_9,lidar_class_10,lidar_class_11,lidar_class_12,lidar_class_13,lidar_class_14,lidar_class_15,lidar_class_16
0,2955.335,-980.767,-47.057,40.685,0.757365,-0.651697,-0.041111,0.652167,0.758071,-0.002527,0.032812,-0.024897,0.999151,1,0.08000,-0.12000,4.800,-0.240,-1,400.000,-1,400.000,650.000,325.000,325.000,325.000,300.000,-1,-1,-1,-1,750.000,675.000,-1,-1,2,0,2,0,1,0,0,0,0,2,2,2,2,0,1,2,2
1,2962.667,-974.570,-46.781,40.205,0.762806,-0.645325,-0.041015,0.645796,0.763507,-0.002273,0.032782,-0.024754,0.999156,0,0.16000,-0.24000,9.600,-0.480,-1,400.000,-1,400.000,625.000,325.000,325.000,325.000,300.000,-1,-1,-1,-1,750.000,675.000,-1,-1,2,0,2,1,1,0,0,0,0,2,2,2,2,0,1,2,2
2,2973.763,-965.392,-46.356,39.597,0.769627,-0.637185,-0.040867,0.637657,0.770318,-0.001891,0.032685,-0.024603,0.999163,0,0.24000,-0.30417,14.400,-0.608,-1,400.000,-1,400.000,625.000,325.000,325.000,325.000,300.000,-1,-1,-1,-1,750.000,675.000,-1,-1,2,0,2,1,1,0,0,0,0,2,2,2,2,0,1,2,2
3,2988.686,-953.312,-45.764,38.987,0.776380,-0.628956,-0.040616,0.629430,0.777056,-0.001392,0.032437,-0.024484,0.999174,0,0.32000,-0.30478,19.200,-0.610,-1,400.000,-1,400.000,600.000,325.000,325.000,325.000,300.000,-1,-1,-1,-1,750.000,675.000,-1,-1,2,0,2,1,1,0,0,0,0,2,2,2,2,0,1,2,2
4,3007.502,-938.413,-44.999,38.375,0.783077,-0.620620,-0.040251,0.621099,0.783732,-0.000786,0.032034,-0.024384,0.999189,0,0.40000,-0.30603,24.000,-0.612,-1,400.000,-1,400.000,575.000,325.000,325.000,325.000,300.000,-1,-1,-1,-1,750.000,650.000,-1,-1,2,0,2,1,1,0,0,0,0,2,2,2,2,0,1,2,2
5,3030.271,-920.777,-44.053,37.759,0.789732,-0.612162,-0.039758,0.612644,0.790359,-0.000083,0.031474,-0.024292,0.999209,0,0.48000,-0.30793,28.800,-0.616,-1,400.000,-1,375.000,550.000,325.000,325.000,325.000,325.000,-1,-1,-1,-1,750.000,650.000,-1,-1,2,0,2,1,1,0,0,0,0,2,2,2,2,0,1,2,2
6,3057.056,-900.492,-42.917,37.138,0.796357,-0.603561,-0.039123,0.604045,0.796950,0.000703,0.030755,-0.024192,0.999234,0,0.56000,-0.31052,33.600,-0.621,-1,400.000,-1,375.000,525.000,325.000,325.000,325.000,325.000,-1,-1,-1,-1,750.000,650.000,-1,-1,2,0,2,1,1,0,0,0,0,2,2,2,2,0,1,2,2
7,3087.920,-877.645,-41.767,36.510,0.802954,-0.594805,-0.038364,0.595264,0.803530,0.000687,0.030418,-0.023389,0.999264,0,0.64000,-0.31384,38.400,-0.628,-1,400.000,-1,375.000,500.000,325.000,325.000,300.000,325.000,-1,-1,-1,-1,750.000,625.000,-1,975.000,2,0,2,1,1,0,1,0,0,2,2,2,2,0,1,2,1
8,3122.925,-852.330,-40.456,35.874,0.809543,-0.585864,-0.037466,0.586291,0.810101,0.000494,0.030061,-0.022366,0.999298,0,0.72000,-0.31796,43.200,-0.636,-1,375.000,-1,350.000,475.000,325.000,325.000,300.000,325.000,-1,-1,-1,-1,750.000,625.000,-1,900.000,2,0,2,1,1,0,1,0,0,2,2,2,2,0,1,2,1
9,3162.135,-824.642,-38.961,35.229,0.816137,-0.576710,-0.036417,0.577098,0.816675,0.000161,0.029649,-0.021148,0.999337,0,0.80000,-0.32295,48.000,-0.646,-1,375.000,-1,350.000,425.000,325.000,300.000,300.000,325.000,-1,-1,-1,-1,750.000,625.000,-1,850.000,2,0,2,1,1,1,1,0,0,2,2,2,2,0,1,2,1
10,3205.612,-794.682,-37.080,34.571,0.822718,-0.567304,-0.036087,0.567671,0.823255,-0.000080,0.029754,-0.020419,0.999349,0,0.88000,-0.32893,52.800,-0.658,-1,400.000,-1,350.000,400.000,325.000,300.000,300.000,325.000,-1,-1,-1,-1,750.000,650.000,-1,800.000,2,0,2,1,1,1,1,0,0,2,2,2,2,0,1,2,1
11,3253.421,-762.556,-33.355,33.899,0.829032,-0.557543,-0.043041,0.558125,0.829755,0.001848,0.034683,-0.025554,0.999072,0,0.96000,-0.33602,57.600,-0.672,-1,400.000,-1,375.000,425.000,325.000,325.000,300.000,325.000,-1,-1,-1,-1,800.000,700.000,-1,850.000,2,0,2,1,1,1,1,0,0,2,2,2,2,0,1,2,1
12,3303.621,-729.693,-29.676,33.210,0.835394,-0.547465,-0.048986,0.548262,0.836299,0.003473,0.039066,-0.029758,0.998793,0,1.00000,-0.34438,60.000,-0.689,-1,425.000,-1,375.000,450.000,350.000,325.000,300.000,325.000,-1,-1,-1,-1,825.000,725.000,-1,850.000,2,0,2,1,1,0,1,0,1,2,2,2,2,0,1,2,1
13,3354.223,-697.452,-26.131,32.502,0.841840,-0.537050,-0.053693,0.538018,0.842922,0.004347,0.042924,-0.032547,0.998548,0,1.00000,-0.35374,60.000,-0.707,-1,425.000,-1,400.000,500.000,350.000,350.000,300.000,325.000,-1,-1,-1,-1,875.000,725.000,-1,850.000,2,0,2,1,1,0,1,0,1,2,2,2,2,0,1,2,1
14,3405.231,-665.856,-23.113,31.775,0.848298,-0.526251,-0.058748,0.527424,0.849585,0.005416,0.047061,-0.035579,0.998258,0,1.00000,-0.36373,60.000,-0.727,-1,450.000,-1,425.000,525.000,375.000,375.000,300.000,300.000,-1,-1,-1,-1,900.000,700.000,-1,825.000,2,0,2,1,1,0,1,0,1,2,2,2,2,0,1,2,1
15,3456.647,-634.930,-20.403,31.026,0.854826,-0.515056,-0.063168,0.516420,0.856312,0.006339,0.050827,-0.038040,0.997983,0,1.00000,-0.37440,60.000,-0.749,-1,450.000,-1,425.000,575.000,375.000,400.000,300.000,300.000,-1,-1,-1,-1,950.000,700.000,-1,800.000,2,0,2,1,1,0,1,0,1,2,2,2,2,1,1,2,1
16,3504.200,-606.899,-18.401,30.517,0.859195,-0.507382,-0.065933,0.508932,0.860769,0.008078,0.052655,-0.040496,0.997791,0,0.92000,-0.25440,55.200,-0.509,-1,475.000,-1,450.000,575.000,400.000,400.000,275.000,275.000,-1,275.000,-1,-1,950.000,675.000,-1,775.000,2,0,2,1,1,0,0,0,1,2,0,2,2,0,1,2,1
17,3549.939,-580.226,-16.791,30.249,0.861477,-0.503302,-0.067414,0.504981,0.863078,0.009498,0.053403,-0.042226,0.997680,0,0.88246,-0.13440,52.947,-0.269,-1,475.000,-1,450.000,575.000,400.000,400.000,275.000,250.000,-1,275.000,375.000,-1,975.000,650.000,-1,725.000,2,0,2,1,1,0,0,0,1,2,0,0,2,0,1,2,1
18,3595.400,-553.745,-15.435,30.220,0.861720,-0.502852,-0.067671,0.504582,0.863303,0.010268,0.053257,-0.042994,0.997655,0,0.87686,-0.01440,52.611,-0.029,-1,475.000,-1,450.000,550.000,400.000,425.000,275.000,225.000,-1,275.000,400.000,-1,975.000,625.000,-1,675.000,2,0,2,1,1,0,0,0,1,2,0,0,2,0,1,2,1
19,3640.375,-527.326,-14.366,30.431,0.859937,-0.506037,-0.066596,0.507730,0.861454,0.010330,0.052142,-0.042696,0.997727,0,0.86934,0.10560,52.161,0.211,-1,475.000,-1,425.000,500.000,400.000,400.000,275.000,225.000,-1,300.000,425.000,-1,975.000,600.000,-1,625.000,2,0,2,1,1,0,1,0,1,2,0,0,2,0,1,2,1
20,3684.649,-500.848,-13.618,30.882,0.856092,-0.512837,-0.064067,0.514400,0.857496,0.009660,0.049983,-0.041226,0.997899,0,0.85981,0.22560,51.588,0.451,-1,475.000,-1,425.000,450.000,400.000,375.000,275.000,200.000,-1,325.000,450.000,-1,950.000,575.000,-1,550.000,2,0,2,1,1,0,1,0,1,2,0,0,2,0,1,2,1
21,3728.009,-474.201,-13.224,31.573,0.850098,-0.523201,-0.059947,0.524549,0.851340,0.008280,0.046703,-0.038484,0.998167,0,0.84822,0.34560,50.893,0.691,-1,450.000,-1,400.000,400.000,375.000,375.000,275.000,200.000,-1,400.000,525.000,-1,925.000,550.000,-1,500.000,2,0,2,1,1,0,1,0,1,2,0,0,2,0,1,2,1
22,3770.258,-447.313,-12.146,32.473,0.842192,-0.536506,-0.053611,0.537752,0.843028,0.011225,0.039174,-0.038283,0.998499,0,0.83468,0.44976,50.081,0.900,-1,450.000,-1,375.000,350.000,375.000,350.000,275.000,175.000,-1,-1,-1,-1,875.000,500.000,-1,450.000,2,0,2,1,1,1,1,0,1,2,2,2,2,0,1,2,1
23,3811.320,-420.267,-10.560,33.369,0.834186,-0.549588,-0.045684,0.550754,0.834479,0.017762,0.028360,-0.039977,0.998798,0,0.81949,0.44807,49.169,0.896,-1,425.000,-1,350.000,325.000,350.000,325.000,275.000,175.000,-1,-1,-1,-1,800.000,475.000,-1,375.000,2,1,2,1,1,1,1,0,1,2,2,2,2,0,1,2,1
24,3851.173,-393.118,-9.553,34.263,0.825943,-0.562552,-0.036788,0.563481,0.825813,0.022839,0.017532,-0.039594,0.999062,0,0.80371,0.44706,48.222,0.894,-1,400.000,-1,325.000,275.000,325.000,300.000,275.000,175.000,-1,-1,-1,-1,750.000,450.000,-1,325.000,2,1,2,1,1,1,1,0,1,2,2,2,2,0,1,2,1
25,3889.814,-365.899,-6.628,35.156,0.817125,-0.575191,-0.038236,0.576289,0.816701,0.029843,0.014062,-0.046420,0.998823,0,0.78776,0.44671,47.265,0.893,-1,375.000,-1,300.000,250.000,325.000,300.000,250.000,200.000,-1,-1,-1,-1,725.000,450.000,-1,300.000,2,1,2,1,1,1,1,0,1,2,2,2,2,0,1,2,1
26,3927.262,-338.635,-3.323,36.050,0.808012,-0.587628,-0.042543,0.589022,0.807304,0.036251,0.013043,-0.054350,0.998437,0,0.77203,0.44700,46.322,0.894,-1,375.000,-1,300.000,250.000,300.000,275.000,250.000,200.000,-1,-1,-1,-1,725.000,450.000,-1,300.000,2,1,2,1,1,1,1,0,1,2,2,2,2,0,1,2,1
27,3962.241,-312.550,0.329,36.704,0.801054,-0.596473,-0.050316,0.598398,0.800100,0.041961,0.015230,-0.063722,0.997851,0,0.72725,0.32700,43.635,0.654,-1,400.000,-1,300.000,250.000,325.000,300.000,250.000,225.000,-1,-1,-1,-1,750.000,475.000,-1,300.000,2,1,2,1,1,1,1,0,1,2,2,2,2,0,1,2,1
28,3996.406,-286.685,4.188,37.118,0.796354,-0.601817,-0.060308,0.604510,0.795211,0.046971,0.019690,-0.073863,0.997074,0,0.71418,0.20700,42.851,0.414,-1,400.000,-1,325.000,275.000,325.000,300.000,250.000,225.000,-1,-1,-1,-1,775.000,525.000,-1,325.000,2,1,2,1,1,1,1,0,1,2,2,2,2,0,1,2,1
29,4029.949,-261.130,7.489,37.292,0.794112,-0.603836,-0.069051,0.607290,0.792865,0.050634,0.024173,-0.082143,0.996327,0,0.70281,0.08700,42.169,0.174,-1,425.000,-1,325.000,275.000,325.000,300.000,250.000,250.000,-1,-1,-1,-1,800.000,575.000,-1,375.000,2,0,2,1,1,1,1,0,1,2,2,2,2,0,1,2,1
30,4063.060,-235.966,10.135,37.226,0.794312,-0.602537,-0.077570,0.606803,0.793053,0.053455,0.029309,-0.089530,0.995553,0,0.69313,-0.03300,41.588,-0.066,-1,450.000,-1,350.000,300.000,350.000,325.000,250.000,250.000,-1,-1,-1,-1,825.000,-1,-1,425.000,2,0,2,1,1,1,1,0,1,2,2,2,2,0,2,2,1
31,4095.921,-211.268,12.394,36.920,0.796999,-0.597961,-0.085062,0.602992,0.795817,0.055453,0.034535,-0.095488,0.994831,0,0.68510,-0.15300,41.106,-0.306,-1,450.000,-1,350.000,300.000,375.000,325.000,250.000,250.000,-1,-1,-1,-1,850.000,-1,-1,-1,2,0,2,1,1,1,1,0,1,2,2,2,2,0,2,2,2
32,4128.703,-187.116,14.330,36.374,0.802124,-0.590071,-0.091719,0.595821,0.801101,0.056866,0.039921,-0.100261,0.994160,0,0.67863,-0.27300,40.718,-0.546,-1,475.000,-1,375.000,300.000,375.000,350.000,250.000,275.000,-1,-1,-1,-1,875.000,-1,-1,-1,2,0,2,1,1,1,1,0,1,2,2,2,2,0,2,2,2
33,4165.719,-160.624,16.280,35.588,0.809506,-0.578796,-0.098465,0.585275,0.808799,0.057421,0.046403,-0.104111,0.993483,0,0.75863,-0.39300,45.518,-0.786,-1,475.000,-1,400.000,325.000,400.000,350.000,250.000,250.000,875.000,875.000,-1,-1,925.000,-1,-1,-1,2,0,2,1,1,1,1,0,1,0,0,2,2,0,2,2,2
34,4207.157,-132.077,18.296,34.562,0.818976,-0.564084,-0.105301,0.571246,0.818835,0.056454,0.054379,-0.106387,0.992837,0,0.83863,-0.51300,50.318,-1.026,-1,500.000,-1,425.000,325.000,450.000,375.000,250.000,250.000,750.000,575.000,975.000,-1,975.000,-1,-1,-1,2,0,2,1,1,0,1,0,1,0,0,0,2,0,2,2,2
35,4251.261,-103.109,19.780,33.296,0.830482,-0.545707,-0.111816,0.553580,0.830873,0.056564,0.062037,-0.108874,0.992118,0,0.87941,-0.63300,52.765,-1.266,-1,525.000,-1,500.000,325.000,450.000,400.000,250.000,250.000,625.000,350.000,750.000,-1,-1,-1,-1,-1,2,0,2,1,1,0,1,0,1,0,1,0,2,2,2,2,2
36,4295.911,-75.254,20.646,31.957,0.842314,-0.525978,-0.117705,0.534569,0.843150,0.057737,0.068875,-0.111555,0.991369,0,0.87706,-0.66974,52.624,-1.339,-1,525.000,-1,600.000,-1,475.000,450.000,225.000,225.000,550.000,300.000,550.000,-1,-1,-1,-1,-1,2,0,2,1,2,0,1,0,1,0,1,0,2,2,2,2,2
37,-327.967,-2951.693,-226.210,19.524,0.942487,-0.334155,-0.007646,0.333941,0.942362,-0.020889,0.014185,0.017134,0.999753,1,0.00000,0.00000,52.424,-1.362,-1,425.000,-1,450.000,275.000,350.000,375.000,300.000,225.000,-1,125.000,200.000,-1,725.000,800.000,-1,-1,2,0,2,0,1,0,0,0,1,2,0,0,2,0,0,2,2
38,-323.448,-2950.075,-226.380,19.695,0.941487,-0.336963,-0.007659,0.336740,0.941352,-0.021489,0.014451,0.017653,0.999740,0,0.08000,0.08550,4.800,0.171,-1,425.000,-1,450.000,275.000,350.000,375.000,300.000,225.000,-1,125.000,200.000,-1,725.000,800.000,-1,-1,2,0,2,0,1,0,0,0,1,2,0,0,2,0,0,2,2
39,-314.418,-2946.814,-226.646,19.858,0.940526,-0.339629,-0.007902,0.339388,0.940380,-0.022389,0.015035,0.018376,0.999718,0,0.16000,0.08131,9.600,0.163,-1,425.000,-1,450.000,275.000,350.000,375.000,300.000,225.000,-1,125.000,200.000,-1,725.000,800.000,-1,-1,2,0,2,0,1,0,0,0,1,2,0,0,2,0,0,2,2
40,-300.887,-2941.887,-227.022,20.006,0.939642,-0.342060,-0.008290,0.341792,0.939478,-0.023635,0.015873,0.019375,0.999686,0,0.24000,0.07428,14.400,0.149,-1,425.000,-1,450.000,275.000,350.000,375.000,300.000,200.000,-1,125.000,200.000,-1,725.000,775.000,-1,-1,2,0,2,0,1,0,0,0,1,2,0,0,2,0,0,2,2
41,-282.861,-2935.277,-227.530,20.135,0.938870,-0.344162,-0.008708,0.343858,0.938681,-0.025291,0.016878,0.020751,0.999642,0,0.32000,0.06442,19.200,0.129,-1,425.000,-1,450.000,275.000,350.000,375.000,300.000,200.000,-1,125.000,200.000,-1,725.000,775.000,-1,-1,2,0,2,0,1,0,0,0,1,2,0,0,2,0,0,2,2
42,-260.343,-2926.974,-228.197,20.239,0.938250,-0.345841,-0.009010,0.345493,0.938020,-0.027440,0.017941,0.022633,0.999583,0,0.40000,0.05171,24.000,0.103,-1,425.000,-1,450.000,275.000,350.000,350.000,300.000,200.000,-1,125.000,200.000,-1,725.000,775.000,-1,-1,2,0,2,0,1,0,0,0,1,2,0,0,2,0,0,2,2
43,-233.334,-2916.976,-229.055,20.311,0.937821,-0.347003,-0.009023,0.346604,0.937526,-0.030180,0.018932,0.025175,0.999504,0,0.48000,0.03614,28.800,0.072,-1,425.000,-1,425.000,-1,350.000,350.000,300.000,175.000,-1,125.000,175.000,-1,725.000,750.000,-1,-1,2,0,2,0,2,0,0,0,1,2,0,0,2,0,0,2,2
44,-201.835,-2905.282,-230.155,20.365,0.937506,-0.347864,-0.008500,0.347411,0.937108,-0.033670,0.019678,0.028613,0.999397,0,0.56000,0.02730,33.600,0.055,-1,400.000,-1,425.000,-1,350.000,350.000,300.000,175.000,-1,125.000,175.000,-1,700.000,750.000,-1,-1,2,0,2,0,2,0,0,0,1,2,0,0,2,0,0,2,2
45,-165.846,-2891.888,-231.554,20.411,0.937257,-0.348566,-0.007156,0.348066,0.936696,-0.038086,0.019979,0.033205,0.999249,0,0.64000,0.02297,38.400,0.046,-1,400.000,-1,400.000,-1,325.000,350.000,325.000,150.000,-1,125.000,175.000,875.000,700.000,725.000,-1,-1,2,0,2,0,2,0,0,0,1,2,0,0,1,0,0,2,2
46,-125.370,-2876.792,-233.310,20.449,0.937074,-0.349099,-0.004693,0.348579,0.936265,-0.043605,0.019616,0.039225,0.999038,0,0.72000,0.01864,43.200,0.037,-1,400.000,-1,400.000,-1,325.000,325.000,325.000,150.000,-1,150.000,175.000,800.000,700.000,675.000,-1,-1,2,0,2,0,2,0,0,0,1,2,0,0,1,0,0,2,2
47,-80.403,-2860.000,-233.420,20.478,0.936906,-0.349574,0.002251,0.349365,0.936081,-0.041198,0.012294,0.039385,0.999148,0,0.80000,0.01459,48.000,0.029,-1,375.000,-1,375.000,-1,300.000,300.000,300.000,125.000,-1,250.000,275.000,825.000,650.000,650.000,-1,-1,2,0,2,0,2,0,0,0,1,2,0,0,1,0,0,2,2
48,-30.946,-2841.511,-232.906,20.500,0.936707,-0.349963,0.010269,0.350100,0.936012,-0.036212,0.003061,0.037515,0.999291,0,0.88000,0.01114,52.800,0.022,-1,350.000,-1,350.000,-1,300.000,300.000,300.000,125.000,-1,425.000,475.000,900.000,600.000,600.000,-1,975.000,2,0,2,0,2,0,0,0,1,2,0,0,1,0,0,2,0
49,19.380,-2822.681,-230.702,20.517,0.936572,-0.350338,0.009768,0.350474,0.936155,-0.027969,0.000654,0.029619,0.999561,0,0.89557,0.00865,53.734,0.017,-1,350.000,-1,350.000,-1,275.000,300.000,300.000,125.000,-1,550.000,625.000,950.000,575.000,575.000,-1,975.000,2,0,2,0,2,0,0,0,1,2,0,0,1,0,0,2,0
50,68.232,-2804.387,-228.210,20.533,0.936481,-0.350662,0.006270,0.350716,0.936266,-0.020101,0.001178,0.021023,0.999778,0,0.86942,0.00755,52.165,0.015,-1,325.000,-1,350.000,-1,275.000,300.000,275.000,150.000,-1,625.000,725.000,1000.000,550.000,600.000,975.000,-1,2,0,2,0,2,0,0,0,1,2,0,0,1,0,0,0,2
51,115.646,-2786.616,-225.668,20.548,0.936383,-0.350953,0.004363,0.350978,0.936261,-0.015175,0.001241,0.015741,0.999875,0,0.84391,0.00788,50.635,0.016,1000.000,325.000,-1,350.000,-1,275.000,275.000,275.000,150.000,-1,725.000,825.000,-1,550.000,600.000,900.000,-1,0,0,2,0,2,0,0,0,1,2,0,0,2,0,0,0,2
52,161.681,-2769.343,-223.104,20.567,0.936271,-0.351276,0.001482,0.351262,0.936176,-0.013800,0.003460,0.013441,0.999904,0,0.81947,0.00950,49.168,0.019,-1,325.000,-1,350.000,-1,275.000,300.000,275.000,150.000,-1,775.000,875.000,-1,550.000,600.000,925.000,-1,2,0,2,0,2,0,0,0,1,2,0,0,2,0,0,0,2
53,206.413,-2752.536,-220.875,20.592,0.936118,-0.351682,-0.001711,0.351626,0.936037,-0.013904,0.006491,0.012414,0.999902,0,0.79643,0.01230,47.786,0.025,-1,325.000,-1,350.000,-1,275.000,300.000,275.000,175.000,-1,800.000,900.000,-1,575.000,625.000,975.000,-1,2,0,2,0,2,0,0,0,1,2,0,0,2,0,0,0,2
54,249.933,-2736.157,-218.978,20.624,0.935907,-0.352210,-0.005152,0.352100,0.935838,-0.015253,0.010194,0.012461,0.999870,0,0.77499,0.01615,46.499,0.032,-1,325.000,-1,350.000,-1,275.000,300.000,275.000,200.000,-1,800.000,875.000,-1,575.000,625.000,-1,-1,2,0,2,0,2,0,0,0,1,2,0,0,2,0,0,2,2
55,288.889,-2721.284,-217.420,20.896,0.934198,-0.356651,-0.008554,0.356476,0.934148,-0.017086,0.014085,0.012912,0.999817,0,0.69499,0.13615,41.699,0.272,-1,350.000,-1,350.000,-1,275.000,300.000,300.000,200.000,-1,775.000,875.000,1000.000,600.000,625.000,-1,-1,2,0,2,0,2,0,0,0,1,2,0,0,1,0,0,2,2
56,323.254,-2707.844,-216.147,21.359,0.931257,-0.364173,-0.011804,0.363920,0.931232,-0.019212,0.017988,0.013595,0.999746,0,0.61499,0.23112,36.899,0.462,-1,350.000,-1,375.000,-1,300.000,300.000,300.000,225.000,-1,775.000,850.000,375.000,600.000,650.000,-1,-1,2,0,2,0,2,0,0,0,1,2,0,0,1,0,0,2,2
57,353.491,-2695.731,-215.152,21.832,0.928178,-0.371841,-0.014829,0.371495,0.928180,-0.021746,0.021850,0.014675,0.999654,0,0.54289,0.23646,32.573,0.473,-1,350.000,-1,375.000,-1,300.000,300.000,300.000,225.000,-1,750.000,825.000,325.000,625.000,650.000,-1,-1,2,0,2,0,2,0,0,0,1,2,0,0,1,0,0,2,2
58,382.869,-2683.672,-214.319,22.315,0.924957,-0.379651,-0.017905,0.379181,0.924987,-0.024919,0.026023,0.016260,0.999529,0,0.52926,0.24175,31.756,0.483,-1,350.000,-1,375.000,-1,300.000,300.000,300.000,250.000,-1,725.000,800.000,275.000,650.000,675.000,-1,-1,2,0,2,0,2,0,0,0,1,2,0,0,1,0,0,2,2
59,411.457,-2671.648,-213.639,22.810,0.921584,-0.387611,-0.021014,0.386980,0.921641,-0.028715,0.030497,0.018331,0.999367,0,0.51689,0.24740,31.013,0.495,-1,350.000,-1,375.000,-1,300.000,300.000,300.000,250.000,-1,675.000,750.000,250.000,650.000,675.000,-1,-1,2,0,2,0,2,0,0,0,1,2,0,0,1,0,0,2,2
60,439.321,-2659.637,-213.179,23.317,0.918052,-0.395730,-0.024039,0.394909,0.918136,-0.032754,0.035032,0.020577,0.999174,0,0.50571,0.25339,30.343,0.507,-1,375.000,-1,375.000,-1,300.000,300.000,300.000,250.000,-1,650.000,725.000,250.000,675.000,675.000,-1,-1,2,0,2,0,2,0,0,0,1,2,0,0,1,0,0,2,2
61,466.524,-2647.618,-212.869,23.836,0.914353,-0.404012,-0.027062,0.402953,0.914458,-0.037360,0.039841,0.023256,0.998935,0,0.49566,0.25967,29.739,0.519,-1,375.000,-1,375.000,-1,300.000,300.000,300.000,275.000,-1,600.000,675.000,225.000,700.000,700.000,-1,-1,2,0,2,0,2,0,0,0,1,2,0,0,1,0,0,2,2
62,493.122,-2635.568,-212.700,24.369,0.910479,-0.412461,-0.030077,0.411107,0.910593,-0.042562,0.044943,0.026387,0.998641,0,0.48667,0.26623,29.200,0.532,-1,375.000,-1,375.000,-1,300.000,300.000,300.000,275.000,-1,575.000,650.000,225.000,725.000,700.000,-1,-1,2,0,2,0,2,0,0,0,1,2,0,0,1,0,0,2,2
63,519.170,-2623.467,-212.648,24.915,0.906422,-0.421079,-0.033044,0.419370,0.906531,-0.048268,0.050280,0.029893,0.998288,0,0.47868,0.27303,28.721,0.546,-1,375.000,-1,375.000,-1,300.000,300.000,325.000,275.000,-1,475.000,425.000,225.000,750.000,725.000,-1,-1,2,0,2,0,2,0,0,0,1,2,0,1,1,0,0,2,2
64,544.717,-2611.293,-212.476,25.475,0.902180,-0.429880,-0.035701,0.427817,0.902286,-0.053409,0.055172,0.032911,0.997934,0,0.47164,0.28006,28.298,0.560,-1,400.000,-1,375.000,-1,325.000,325.000,325.000,275.000,-1,400.000,400.000,225.000,775.000,725.000,-1,-1,2,0,2,0,2,0,0,0,1,2,0,1,1,0,0,2,2
65,569.808,-2599.026,-212.210,26.049,0.897744,-0.438867,-0.038095,0.436453,0.897849,-0.058110,0.059706,0.035541,0.997583,0,0.46549,0.28730,27.929,0.575,-1,400.000,-1,375.000,-1,325.000,325.000,325.000,275.000,-1,325.000,375.000,250.000,800.000,750.000,-1,-1,2,0,2,0,2,0,0,0,1,2,0,0,1,0,0,2,2
66,599.128,-2584.481,-211.285,26.384,0.895085,-0.444083,-0.040148,0.441424,0.895230,-0.060885,0.062980,0.036775,0.997337,0,0.54549,0.16730,32.729,0.335,-1,400.000,-1,375.000,-1,325.000,325.000,325.000,275.000,-1,300.000,325.000,250.000,825.000,750.000,-1,-1,2,0,2,0,2,0,0,0,1,2,0,0,1,0,0,2,2
67,629.542,-2569.333,-209.359,26.479,0.894285,-0.445592,-0.041245,0.442990,0.894559,-0.059370,0.063351,0.034823,0.997384,0,0.56629,0.04730,33.977,0.095,-1,400.000,-1,400.000,-1,325.000,325.000,325.000,300.000,-1,300.000,350.000,275.000,825.000,750.000,-1,-1,2,0,2,0,2,0,0,0,1,2,0,0,1,0,0,2,2
68,659.895,-2554.310,-207.448,26.333,0.895352,-0.443345,-0.042311,0.440799,0.895736,-0.057907,0.063573,0.033197,0.997425,0,0.56446,-0.07270,33.868,-0.145,-1,400.000,-1,400.000,-1,325.000,325.000,325.000,300.000,-1,325.000,375.000,300.000,825.000,775.000,-1,-1,2,0,2,0,2,0,0,0,1,2,0,0,1,0,0,2,2
69,690.345,-2539.494,-205.549,25.948,0.898257,-0.437329,-0.043337,0.434837,0.898736,-0.056481,0.063649,0.031890,0.997463,0,0.56437,-0.19270,33.862,-0.385,-1,400.000,-1,400.000,-1,325.000,325.000,325.000,300.000,-1,350.000,400.000,325.000,800.000,775.000,-1,-1,2,0,2,0,2,0,0,0,1,2,0,0,1,0,0,2,2
70,721.031,-2524.975,-203.658,25.322,0.902926,-0.427506,-0.044312,0.425068,0.903484,-0.055079,0.063582,0.030896,0.997498,0,0.56580,-0.31270,33.948,-0.625,-1,400.000,-1,400.000,-1,325.000,325.000,300.000,300.000,-1,375.000,425.000,350.000,800.000,775.000,-1,-1,2,0,2,0,2,0,0,0,1,2,0,0,1,0,0,2,2
71,752.085,-2510.851,-201.584,24.457,0.909282,-0.413811,-0.044356,0.411422,0.909836,-0.054135,0.062758,0.030975,0.997548,0,0.56858,-0.43270,34.115,-0.865,-1,400.000,-1,400.000,-1,325.000,325.000,300.000,300.000,-1,400.000,475.000,375.000,800.000,775.000,-1,-1,2,0,2,0,2,0,0,0,0,2,0,0,1,0,0,2,2
72,783.588,-2497.150,-199.414,23.504,0.916070,-0.398609,-0.043888,0.396268,0.916577,-0.053460,0.061536,0.031582,0.997605,0,0.57255,-0.47664,34.353,-0.953,-1,400.000,-1,400.000,-1,325.000,325.000,325.000,300.000,-1,450.000,500.000,400.000,800.000,775.000,-1,-1,2,0,2,0,2,0,0,0,0,2,0,0,1,0,0,2,2
73,815.559,-2483.861,-197.243,22.571,0.922465,-0.383630,-0.043431,0.381332,0.922925,-0.052866,0.060365,0.032205,0.997657,0,0.57705,-0.46630,34.623,-0.933,-1,400.000,-1,400.000,-1,325.000,325.000,325.000,300.000,-1,475.000,550.000,425.000,775.000,775.000,-1,-1,2,0,2,0,2,0,0,0,0,2,0,0,1,0,0,2,2
74,847.993,-2470.980,-195.073,21.659,0.928479,-0.368889,-0.042989,0.366631,0.928893,-0.052342,0.059240,0.032838,0.997704,0,0.58164,-0.45583,34.898,-0.912,-1,400.000,-1,400.000,-1,325.000,325.000,325.000,300.000,-1,525.000,575.000,450.000,775.000,775.000,-1,-1,2,0,2,0,2,0,0,0,0,2,0,0,1,0,0,2,2
75,880.887,-2458.505,-192.907,20.769,0.934124,-0.354402,-0.042557,0.352179,0.934494,-0.051868,0.058151,0.033464,0.997747,0,0.58633,-0.44524,35.180,-0.890,-1,400.000,-1,400.000,-1,325.000,325.000,325.000,300.000,-1,575.000,625.000,475.000,775.000,775.000,-1,-1,2,0,2,0,2,0,0,0,0,2,0,0,1,0,0,2,2
76,914.236,-2446.433,-190.746,19.900,0.939416,-0.340180,-0.042137,0.337991,0.939742,-0.051441,0.057097,0.034083,0.997787,0,0.59111,-0.43452,35.467,-0.869,-1,400.000,-1,400.000,-1,325.000,325.000,325.000,300.000,-1,625.000,675.000,500.000,775.000,775.000,-1,-1,2,0,2,0,2,0,0,0,0,2,0,0,1,0,0,2,2
77,948.037,-2434.760,-188.657,19.053,0.944352,-0.326242,-0.042022,0.324085,0.944659,-0.050874,0.056294,0.034424,0.997821,0,0.59600,-0.42367,35.760,-0.847,-1,400.000,-1,400.000,-1,325.000,325.000,325.000,300.000,-1,650.000,700.000,550.000,775.000,775.000,-1,-1,2,0,2,0,2,0,0,0,0,2,0,0,1,0,0,2,2
78,982.287,-2423.481,-186.602,18.227,0.948954,-0.312598,-0.042053,0.310470,0.949254,-0.050251,0.055627,0.034630,0.997851,0,0.60098,-0.41268,36.059,-0.825,-1,400.000,-1,400.000,-1,325.000,325.000,325.000,300.000,-1,700.000,750.000,575.000,750.000,775.000,-1,-1,2,0,2,0,2,0,0,0,0,2,0,0,1,0,0,2,2
79,1016.982,-2412.592,-184.552,17.424,0.953243,-0.299260,-0.042088,0.297160,0.953536,-0.049658,0.054993,0.034829,0.997879,0,0.60607,-0.40156,36.364,-0.803,-1,400.000,-1,400.000,-1,325.000,325.000,325.000,300.000,-1,725.000,775.000,600.000,750.000,775.000,-1,-1,2,0,2,0,2,0,0,0,0,2,0,0,1,0,0,2,2
80,1052.122,-2402.087,-182.505,16.643,0.957231,-0.286240,-0.042129,0.284165,0.957518,-0.049093,0.054392,0.035022,0.997905,0,0.61126,-0.39030,36.676,-0.781,-1,400.000,-1,400.000,-1,325.000,325.000,325.000,300.000,-1,750.000,825.000,625.000,750.000,775.000,-1,-1,2,0,2,0,2,0,0,0,0,2,0,0,1,0,0,2,2
81,1087.702,-2391.961,-180.462,15.886,0.960933,-0.273549,-0.042177,0.271498,0.961214,-0.048554,0.053823,0.035206,0.997930,0,0.61656,-0.37890,36.994,-0.758,-1,400.000,-1,400.000,-1,325.000,325.000,325.000,300.000,-1,800.000,850.000,650.000,750.000,775.000,-1,-1,2,0,2,0,2,0,0,0,0,2,0,0,1,0,0,2,2
82,1123.723,-2382.208,-178.421,15.151,0.964361,-0.261200,-0.042233,0.259170,0.964636,-0.048040,0.053287,0.035383,0.997952,0,0.62197,-0.36735,37.318,-0.735,-1,400.000,-1,400.000,-1,325.000,325.000,325.000,300.000,-1,825.000,875.000,675.000,750.000,775.000,-1,-1,2,0,2,0,2,0,0,0,0,2,0,0,1,0,0,2,2
83,1164.559,-2371.893,-176.149,14.176,0.968662,-0.244749,-0.042328,0.242741,0.968928,-0.047488,0.052636,0.035725,0.997975,0,0.70197,-0.48735,42.118,-0.975,-1,400.000,-1,400.000,-1,325.000,325.000,325.000,300.000,-1,875.000,925.000,725.000,750.000,775.000,-1,-1,2,0,2,0,2,0,0,0,0,2,0,0,1,0,0,2,2
84,1206.489,-2362.242,-173.867,12.962,0.973629,-0.224150,-0.042469,0.222160,0.973880,-0.046939,0.051881,0.036266,0.997995,0,0.71710,-0.60735,43.026,-1.215,-1,400.000,-1,400.000,-1,325.000,325.000,325.000,300.000,-1,900.000,950.000,750.000,725.000,775.000,-1,-1,2,0,2,0,2,0,0,0,0,2,0,0,1,0,0,2,2
85,1249.065,-2353.455,-171.603,11.661,0.978460,-0.201987,-0.042634,0.200013,0.978694,-0.046399,0.051098,0.036873,0.998013,0,0.72456,-0.65018,43.474,-1.300,-1,400.000,-1,400.000,-1,325.000,325.000,325.000,300.000,-1,925.000,975.000,775.000,725.000,775.000,-1,-1,2,0,2,0,2,0,0,0,0,2,0,0,1,0,0,2,2
86,1292.280,-2345.532,-169.414,10.388,0.982704,-0.180185,-0.042740,0.178219,0.982912,-0.046071,0.050311,0.037657,0.998023,0,0.73225,-0.63660,43.935,-1.273,-1,400.000,-1,400.000,-1,325.000,325.000,325.000,300.000,-1,950.000,-1,800.000,725.000,800.000,-1,-1,2,0,2,0,2,0,0,0,0,2,0,2,1,0,0,2,2
87,1336.111,-2338.478,-167.296,9.142,0.986393,-0.158766,-0.042697,0.156805,0.986562,-0.045916,0.049413,0.038596,0.998032,0,0.73991,-0.62292,44.395,-1.246,-1,400.000,-1,400.000,-1,325.000,325.000,325.000,300.000,-1,1000.000,-1,850.000,725.000,800.000,-1,-1,2,0,2,0,2,0,0,0,0,2,0,2,1,0,0,2,2
88,1380.536,-2332.294,-165.162,7.924,0.989549,-0.137749,-0.042642,0.135786,0.989672,-0.045950,0.048531,0.039680,0.998033,0,0.74755,-0.60913,44.853,-1.218,-1,400.000,-1,400.000,-1,325.000,325.000,300.000,300.000,-1,-1,-1,875.000,725.000,800.000,-1,-1,2,0,2,0,2,0,0,0,0,2,2,2,1,0,0,2,2
89,1425.534,-2326.981,-163.019,6.733,0.992200,-0.117152,-0.042599,0.115178,0.992272,-0.046157,0.047677,0.040891,0.998025,0,0.75517,-0.59523,45.310,-1.190,-1,400.000,-1,400.000,-1,325.000,325.000,300.000,300.000,-1,-1,-1,900.000,725.000,800.000,-1,-1,2,0,2,0,2,0,0,0,0,2,2,2,1,0,0,2,2
90,1471.084,-2322.538,-160.890,5.571,0.994376,-0.096992,-0.042531,0.095008,0.994393,-0.046435,0.046796,0.042133,0.998015,0,0.76277,-0.58122,45.766,-1.162,-1,400.000,-1,400.000,-1,325.000,325.000,300.000,300.000,-1,-1,-1,950.000,725.000,800.000,-1,-1,2,0,2,0,2,0,0,0,0,2,2,2,1,0,0,2,2
91,1517.169,-2318.961,-158.778,4.437,0.996105,-0.077286,-0.042440,0.075290,0.996064,-0.046778,0.045888,0.043400,0.998003,0,0.77038,-0.56709,46.223,-1.134,-1,400.000,-1,400.000,-1,325.000,325.000,300.000,300.000,-1,-1,-1,975.000,725.000,800.000,-1,-1,2,0,2,0,2,0,0,0,0,2,2,2,1,0,0,2,2
92,1563.769,-2316.248,-156.685,3.331,0.997416,-0.058048,-0.042326,0.056040,0.997313,-0.047179,0.044951,0.044685,0.997989,0,0.77799,-0.55284,46.679,-1.106,-1,400.000,-1,400.000,-1,325.000,325.000,300.000,300.000,-1,-1,-1,1000.000,725.000,800.000,-1,-1,2,0,2,0,2,0,0,0,0,2,2,2,1,0,0,2,2
93,1610.870,-2314.393,-154.613,2.254,0.998337,-0.039291,-0.042191,0.037272,0.998169,-0.047633,0.043986,0.045982,0.997973,0,0.78562,-0.53846,47.137,-1.077,-1,400.000,-1,400.000,-1,325.000,325.000,300.000,300.000,-1,-1,-1,-1,725.000,825.000,-1,-1,2,0,2,0,2,0,0,0,0,2,2,2,2,0,0,2,2
94,1658.456,-2313.390,-152.565,1.206,0.998895,-0.021029,-0.042035,0.018998,0.998660,-0.048133,0.042991,0.047281,0.997956,0,0.79327,-0.52395,47.596,-1.048,-1,400.000,-1,400.000,-1,325.000,325.000,300.000,300.000,-1,-1,-1,-1,725.000,825.000,-1,-1,2,0,2,0,2,0,0,0,0,2,2,2,2,0,0,2,2
95,1706.513,-2313.232,-150.543,0.188,0.999118,-0.003272,-0.041855,0.001232,0.998814,-0.048672,0.041965,0.048577,0.997937,0,0.80096,-0.50931,48.057,-1.019,-1,400.000,-1,400.000,-1,325.000,325.000,300.000,300.000,-1,-1,-1,-1,725.000,825.000,-1,-1,2,0,2,0,2,0,0,0,0,2,2,2,2,0,0,2,2
96,1755.030,-2313.910,-148.548,-0.801,0.999035,0.013969,-0.041652,-0.016016,0.998658,-0.049243,0.040908,0.049862,0.997918,0,0.80869,-0.49452,48.521,-0.989,-1,400.000,-1,400.000,-1,325.000,325.000,300.000,300.000,-1,-1,-1,-1,725.000,825.000,-1,-1,2,0,2,0,2,0,0,0,0,2,2,2,2,0,0,2,2
97,1803.996,-2315.414,-146.581,-1.761,0.998671,0.030682,-0.041422,-0.032736,0.998221,-0.049839,0.039819,0.051129,0.997898,0,0.81647,-0.47959,48.988,-0.959,-1,400.000,-1,400.000,-1,325.000,325.000,300.000,300.000,-1,-1,-1,-1,725.000,825.000,-1,-1,2,0,2,0,2,0,0,0,0,2,2,2,2,0,0,2,2
98,1853.401,-2317.735,-144.646,-2.690,0.998053,0.046860,-0.041163,-0.048916,0.997528,-0.050456,0.038697,0.052371,0.997878,0,0.82433,-0.46450,49.460,-0.929,-1,400.000,-1,400.000,-1,325.000,325.000,300.000,300.000,-1,-1,-1,-1,725.000,825.000,-1,-1,2,0,2,0,2,0,0,0,0,2,2,2,2,0,0,2,2
99,1903.239,-2320.859,-142.741,-3.588,0.997208,0.062493,-0.040873,-0.064549,0.996606,-0.051085,0.037541,0.053581,0.997858,0,0.83226,-0.44925,49.935,-0.899,-1,400.000,-1,400.000,-1,325.000,325.000,300.000,300.000,-1,-1,-1,-1,725.000,850.000,-1,-1,2,0,2,0,2,0,0,0,0,2,2,2,2,0,0,2,2
100,1953.503,-2324.775,-140.859,-4.456,0.996163,0.077572,-0.040511,-0.079624,0.995480,-0.051771,0.036312,0.054798,0.997837,0,0.84028,-0.43384,50.417,-0.868,-1,400.000,-1,400.000,-1,325.000,325.000,300.000,300.000,-1,-1,-1,-1,725.000,825.000,-1,-1,2,0,2,0,2,0,0,0,0,2,2,2,2,0,0,2,2
101,2004.190,-2329.469,-139.042,-5.292,0.994940,0.092089,-0.040170,-0.094148,0.994158,-0.052783,0.035074,0.056298,0.997798,0,0.84840,-0.41825,50.904,-0.837,-1,400.000,-1,400.000,-1,325.000,325.000,300.000,300.000,-1,-1,-1,-1,725.000,825.000,-1,-1,2,0,2,0,2,0,0,0,0,2,2,2,2,0,0,2,2
102,2055.298,-2334.927,-137.347,-6.097,0.993561,0.106036,-0.039908,-0.108114,0.992665,-0.054114,0.033877,0.058080,0.997737,0,0.85663,-0.40248,51.398,-0.805,-1,400.000,-1,400.000,-1,325.000,325.000,300.000,300.000,-1,-1,-1,-1,725.000,825.000,-1,-1,2,0,2,0,2,0,0,0,0,2,2,2,2,0,0,2,2
103,2106.825,-2341.134,-135.693,-6.870,0.992054,0.119407,-0.039625,-0.121500,0.991041,-0.055465,0.032647,0.059838,0.997674,0,0.86499,-0.38652,51.900,-0.773,-1,400.000,-1,400.000,-1,325.000,325.000,300.000,300.000,-1,-1,-1,-1,725.000,825.000,-1,-1,2,0,2,0,2,0,0,0,0,2,2,2,2,0,0,2,2
104,2158.774,-2348.075,-134.081,-7.611,0.990444,0.132195,-0.039320,-0.134300,0.989309,-0.056837,0.031386,0.061574,0.997609,0,0.87350,-0.37036,52.410,-0.741,-1,400.000,-1,400.000,-1,325.000,325.000,300.000,300.000,-1,-1,-1,-1,725.000,800.000,-1,-1,2,0,2,0,2,0,0,0,0,2,2,2,2,0,0,2,2
105,2210.848,-2355.705,-132.525,-8.338,0.988704,0.144719,-0.038996,-0.146831,0.987447,-0.058222,0.030081,0.063291,0.997542,0,0.87716,-0.36342,52.630,-0.727,-1,400.000,-1,400.000,-1,325.000,325.000,300.000,300.000,-1,-1,-1,-1,725.000,800.000,-1,-1,2,0,2,0,2,0,0,0,0,2,2,2,2,0,0,2,2
106,2262.821,-2363.996,-131.033,-9.065,0.986807,0.157216,-0.038654,-0.159331,0.985424,-0.059617,0.028718,0.064989,0.997473,0,0.87716,-0.36342,52.630,-0.727,-1,400.000,-1,400.000,-1,325.000,325.000,300.000,300.000,-1,-1,-1,-1,725.000,800.000,-1,-1,2,0,2,0,2,0,0,0,0,2,2,2,2,0,0,2,2
107,2314.685,-2372.945,-129.610,-9.791,0.984754,0.169685,-0.038294,-0.171797,0.983241,-0.061020,0.027298,0.066669,0.997402,0,0.87716,-0.36342,52.630,-0.727,-1,400.000,-1,400.000,-1,325.000,325.000,300.000,300.000,-1,-1,-1,-1,725.000,800.000,-1,-1,2,0,2,0,2,0,0,0,0,2,2,2,2,0,0,2,2
108,2366.431,-2382.551,-128.258,-10.518,0.982544,0.182124,-0.037917,-0.184228,0.980899,-0.062433,0.025822,0.068329,0.997329,0,0.87716,-0.36342,52.630,-0.727,-1,375.000,-1,400.000,-1,325.000,325.000,300.000,300.000,-1,-1,-1,-1,725.000,775.000,-1,-1,2,0,2,0,2,0,0,0,0,2,2,2,2,0,0,2,2
109,2418.051,-2392.813,-126.980,-11.245,0.980179,0.194530,-0.037523,-0.196621,0.978398,-0.063857,0.024290,0.069969,0.997253,0,0.87716,-0.36342,52.630,-0.727,-1,375.000,-1,400.000,-1,325.000,325.000,300.000,300.000,-1,-1,-1,-1,725.000,775.000,-1,-1,2,0,2,0,2,0,0,0,0,2,2,2,2,0,0,2,2
110,2469.536,-2403.730,-125.778,-11.972,0.977658,0.206902,-0.037112,-0.208974,0.975739,-0.065292,0.022703,0.071589,0.997176,0,0.87716,-0.36342,52.630,-0.727,-1,375.000,-1,400.000,-1,325.000,325.000,300.000,300.000,-1,-1,-1,-1,725.000,775.000,-1,-1,2,0,2,0,2,0,0,0,0,2,2,2,2,0,0,2,2
111,2520.879,-2415.298,-124.655,-12.699,0.974982,0.219237,-0.036685,-0.221285,0.972923,-0.066739,0.021060,0.073187,0.997096,0,0.87716,-0.36342,52.630,-0.727,-1,375.000,-1,400.000,-1,325.000,325.000,300.000,300.000,-1,-1,-1,-1,725.000,750.000,-1,-1,2,0,2,0,2,0,0,0,0,2,2,2,2,0,0,2,2
112,2569.889,-2426.779,-123.642,-13.186,0.973109,0.227472,-0.036264,-0.229499,0.970922,-0.068122,0.019713,0.074612,0.997018,0,0.83895,-0.24342,50.337,-0.487,-1,375.000,-1,400.000,-1,325.000,325.000,300.000,300.000,-1,-1,-1,-1,725.000,750.000,-1,-1,2,0,2,0,2,0,0,0,0,2,2,2,2,0,0,2,2
113,2618.850,-2438.471,-122.628,-13.433,0.972138,0.231626,-0.036007,-0.233654,0.969822,-0.069646,0.018789,0.076119,0.996922,0,0.83895,-0.12342,50.337,-0.247,-1,375.000,-1,400.000,-1,325.000,325.000,300.000,300.000,-1,-1,-1,-1,700.000,725.000,-1,-1,2,0,2,0,2,0,0,0,0,2,2,2,2,0,0,2,2
114,2667.827,-2450.173,-121.628,-13.439,0.972124,0.231715,-0.035809,-0.233757,0.969682,-0.071238,0.018217,0.077623,0.996816,0,0.83927,-0.00342,50.356,-0.007,-1,375.000,-1,375.000,-1,300.000,325.000,300.000,300.000,-1,-1,-1,-1,700.000,725.000,-1,-1,2,0,2,0,2,0,0,0,0,2,2,2,2,0,0,2,2
115,2716.974,-2461.705,-120.478,-13.206,0.973048,0.227750,-0.036167,-0.229848,0.970546,-0.072188,0.018660,0.078555,0.996735,0,0.84136,0.11658,50.481,0.233,-1,375.000,-1,375.000,-1,300.000,325.000,300.000,300.000,-1,-1,-1,-1,700.000,725.000,-1,-1,2,0,2,0,2,0,0,0,0,2,2,2,2,0,0,2,2
116,2766.328,-2472.857,-119.119,-12.733,0.974861,0.219725,-0.036980,-0.221910,0.972380,-0.072346,0.020063,0.078733,0.996694,0,0.84331,0.23658,50.598,0.473,-1,375.000,-1,375.000,-1,300.000,325.000,300.000,300.000,-1,-1,-1,-1,725.000,725.000,-1,-1,2,0,2,0,2,0,0,0,0,2,2,2,2,0,0,2,2
117,2815.926,-2483.417,-117.714,-12.020,0.977479,0.207604,-0.037893,-0.209894,0.975033,-0.072487,0.021899,0.078808,0.996649,0,0.84517,0.35658,50.710,0.713,-1,375.000,-1,375.000,-1,300.000,325.000,300.000,300.000,-1,-1,-1,-1,725.000,700.000,-1,-1,2,0,2,0,2,0,0,0,0,2,2,2,2,0,0,2,2
118,2865.800,-2493.171,-116.253,-11.067,0.980749,0.191356,-0.038905,-0.193770,0.978355,-0.072629,0.024165,0.078769,0.996600,0,0.84699,0.47658,50.819,0.953,-1,375.000,-1,375.000,-1,325.000,325.000,300.000,300.000,-1,-1,-1,-1,725.000,700.000,-1,-1,2,0,2,0,2,0,0,0,0,2,2,2,2,0,0,2,2
119,2915.973,-2501.904,-114.723,-9.874,0.984468,0.170944,-0.040011,-0.173498,0.982140,-0.072791,0.026854,0.078603,0.996544,0,0.84881,0.59658,50.929,1.193,-1,375.000,-1,375.000,-1,325.000,325.000,300.000,300.000,-1,-1,-1,-1,725.000,700.000,-1,-1,2,0,2,0,2,0,0,0,0,2,2,2,2,0,0,2,2
120,2966.461,-2509.395,-113.114,-8.440,0.988377,0.146330,-0.041206,-0.149041,0.986133,-0.072997,0.029953,0.078289,0.996481,0,0.85069,0.71658,51.041,1.433,-1,375.000,-1,375.000,-1,325.000,325.000,300.000,325.000,-1,-1,-1,-1,750.000,700.000,-1,-1,2,0,2,0,2,0,0,0,0,2,2,2,2,0,0,2,2
121,3017.264,-2515.423,-111.413,-6.767,0.992167,0.117479,-0.042475,-0.120362,0.990023,-0.073267,0.033444,0.077806,0.996407,0,0.85267,0.83658,51.160,1.673,-1,375.000,-1,375.000,-1,325.000,325.000,300.000,325.000,-1,-1,-1,-1,750.000,700.000,-1,-1,2,0,2,0,2,0,0,0,0,2,2,2,2,0,0,2,2
122,3068.359,-2519.843,-109.614,-4.944,0.995338,0.085925,-0.043800,-0.088990,0.993307,-0.073633,0.037180,0.077187,0.996323,0,0.85479,0.91161,51.288,1.823,-1,400.000,-1,375.000,-1,325.000,325.000,300.000,325.000,-1,-1,-1,-1,775.000,700.000,-1,-1,2,0,2,0,2,0,0,0,0,2,2,2,2,0,0,2,2
123,3119.707,-2522.636,-107.717,-3.114,0.997511,0.054162,-0.045151,-0.057413,0.995596,-0.074108,0.040939,0.076516,0.996228,0,0.85707,0.91505,51.424,1.830,-1,400.000,-1,375.000,-1,325.000,325.000,300.000,300.000,-1,-1,975.000,-1,800.000,700.000,-1,-1,2,0,2,0,2,0,0,0,0,2,2,0,2,0,0,2,2
124,3171.259,-2523.786,-105.720,-1.277,0.998671,0.022221,-0.046504,-0.025660,0.996877,-0.074690,0.044699,0.075784,0.996122,0,0.85944,0.91848,51.566,1.837,-1,400.000,-1,375.000,-1,325.000,325.000,300.000,300.000,-1,-1,750.000,-1,825.000,700.000,-1,-1,2,0,2,0,2,0,0,0,0,2,2,0,2,1,0,2,2
125,3222.969,-2523.274,-103.623,0.567,0.998807,-0.009865,-0.047835,0.006239,0.997136,-0.075370,0.048441,0.074982,0.996008,0,0.86190,0.92191,51.714,1.844,-1,400.000,-1,375.000,-1,325.000,325.000,300.000,300.000,-1,825.000,625.000,-1,825.000,700.000,-1,-1,2,0,2,0,2,0,0,0,0,2,0,0,2,1,0,2,2
126,3274.789,-2521.087,-101.316,2.417,0.997920,-0.042066,-0.048854,0.038294,0.996392,-0.075735,0.051863,0.073707,0.995930,0,0.86445,0.92533,51.867,1.851,-1,400.000,-1,375.000,-1,325.000,325.000,300.000,300.000,-1,700.000,575.000,-1,825.000,700.000,-1,-1,2,0,2,0,2,0,0,0,0,2,0,0,2,1,0,2,2
127,3326.670,-2517.212,-98.438,4.275,0.996027,-0.074358,-0.049006,0.070608,0.994736,-0.074259,0.054270,0.070504,0.996034,0,0.86710,0.92874,52.026,1.857,-1,400.000,-1,375.000,-1,325.000,325.000,300.000,300.000,-1,700.000,600.000,-1,800.000,725.000,-1,-1,2,0,2,0,2,0,0,0,0,2,0,0,2,1,0,2,2
128,3378.559,-2511.633,-95.509,6.139,0.993087,-0.106705,-0.048920,0.103013,0.992025,-0.072625,0.056279,0.067084,0.996159,0,0.86983,0.93215,52.190,1.864,-1,400.000,-1,375.000,-1,325.000,325.000,300.000,300.000,-1,725.000,650.000,-1,800.000,725.000,-1,-1,2,0,2,0,2,0,0,0,0,2,0,0,2,1,0,2,2
129,3430.407,-2504.340,-92.500,8.010,0.989081,-0.139070,-0.048757,0.135452,0.988237,-0.070995,0.058057,0.063615,0.996284,0,0.87265,0.93556,52.359,1.871,-1,400.000,-1,375.000,-1,325.000,325.000,300.000,300.000,-1,775.000,725.000,-1,775.000,750.000,-1,-1,2,0,2,0,2,0,0,0,0,2,0,0,2,1,0,2,2
130,3483.444,-2495.160,-89.348,9.822,0.984200,-0.170287,-0.048497,0.166761,0.983558,-0.069315,0.059503,0.060133,0.996415,0,0.89711,0.90605,53.826,1.812,-1,425.000,-1,375.000,-1,325.000,325.000,300.000,300.000,-1,825.000,800.000,-1,750.000,750.000,1000.000,-1,2,0,2,0,2,0,0,0,0,2,0,0,2,1,0,1,2
131,3531.504,-2485.477,-86.443,11.395,0.979170,-0.197243,-0.048173,0.193813,0.978695,-0.067774,0.060515,0.057025,0.996537,0,0.81711,0.78605,49.026,1.572,-1,425.000,-1,375.000,-1,325.000,325.000,300.000,300.000,-1,875.000,850.000,-1,725.000,750.000,950.000,-1,2,0,2,0,2,0,0,0,0,2,0,0,2,1,0,1,2
132,3575.807,-2475.473,-83.732,12.727,0.974334,-0.219976,-0.047796,0.216645,0.973995,-0.066323,0.061143,0.054266,0.996653,0,0.75698,0.66605,45.419,1.332,1000.000,425.000,-1,375.000,-1,325.000,325.000,300.000,300.000,-1,950.000,925.000,-1,700.000,775.000,900.000,-1,1,0,2,0,2,0,0,0,0,2,0,0,2,1,0,1,2
133,3620.243,-2464.545,-80.990,13.819,0.969980,-0.238531,-0.047340,0.235312,0.969756,-0.064824,0.061371,0.051738,0.996773,0,0.76267,0.54605,45.760,1.092,950.000,425.000,-1,400.000,-1,325.000,325.000,300.000,300.000,-1,-1,-1,-1,675.000,775.000,850.000,-1,1,0,2,0,2,0,0,0,0,2,2,2,2,1,0,1,2
134,3664.840,-2452.871,-78.229,14.671,0.966345,-0.252956,-0.046808,0.249857,0.966214,-0.063265,0.061230,0.049441,0.996898,0,0.76834,0.42605,46.100,0.852,900.000,425.000,-1,400.000,-1,325.000,325.000,300.000,300.000,-1,-1,-1,-1,650.000,775.000,800.000,-1,1,1,2,0,2,0,0,0,0,2,2,2,2,1,0,1,2
135,3709.625,-2440.595,-75.459,15.332,0.963386,-0.264108,-0.046203,0.261137,0.963331,-0.061645,0.060790,0.047322,0.997028,0,0.77395,0.33037,46.437,0.661,850.000,400.000,-1,400.000,-1,325.000,325.000,300.000,300.000,-1,-1,-1,-1,625.000,800.000,750.000,-1,1,1,2,0,2,1,0,0,0,2,2,2,2,1,0,1,2
