timestep,x_cm,y_cm,z_cm,yaw_deg,basis_xx,basis_xy,basis_xz,basis_yx,basis_yy,basis_yz,basis_zx,basis_zy,basis_zz,teleport_flag,throttle_cmd,steering_cmd,cmd_move_cm,cmd_turn_deg,lidar_cm_0,lidar_cm_1,lidar_cm_2,lidar_cm_3,lidar_cm_4,lidar_cm_5,lidar_cm_6,lidar_cm_7,lidar_cm_8,lidar_cm_9,lidar_cm_10,lidar_cm_11,lidar_cm_12,lidar_cm_13,lidar_cm_14,lidar_cm_15,lidar_cm_16,lidar_class_0,lidar_class_1,lidar_class_2,lidar_class_3,lidar_class_4,lidar_class_5,lidar_class_6,lidar_class_7,lidar_class_8,lidar_class_9,lidar_class_10,lidar_class_11,lidar_class_12,lidar_class_13,lidar_class_14,lidar_class_15,lidar_class_16
0,331.200,331.516,67.205,47.558,0.675254,-0.737584,-0.001325,0.736656,0.674492,-0.048969,0.037012,0.032090,0.998799,1,0.08000,0.12000,4.800,0.240,-1,375.000,-1,400.000,-1,300.000,325.000,300.000,300.000,-1,725.000,600.000,-1,725.000,750.000,-1,-1,2,0,2,0,2,0,0,0,0,2,0,0,2,0,0,2,2
1,337.618,338.654,67.575,48.038,0.669050,-0.743216,-0.001560,0.742263,0.668296,-0.049262,0.037655,0.031801,0.998785,0,0.16000,0.24000,9.600,0.480,-1,375.000,-1,400.000,-1,325.000,325.000,300.000,300.000,-1,725.000,600.000,-1,725.000,750.000,-1,-1,2,0,2,0,2,0,0,0,0,2,0,0,2,0,0,2,2
2,347.144,349.453,68.125,48.585,0.661929,-0.749564,-0.001912,0.748576,0.661183,-0.049707,0.038523,0.031471,0.998762,0,0.24000,0.27327,14.400,0.547,-1,375.000,-1,400.000,-1,325.000,325.000,300.000,300.000,-1,700.000,600.000,-1,750.000,750.000,-1,-1,2,0,2,0,2,0,0,0,0,2,0,0,2,0,0,2,2
3,359.707,363.973,68.859,49.131,0.654746,-0.755845,-0.002384,0.754813,0.654010,-0.050278,0.039561,0.031119,0.998732,0,0.32000,0.27327,19.200,0.547,-1,375.000,-1,400.000,-1,325.000,325.000,300.000,300.000,-1,700.000,600.000,-1,750.000,750.000,-1,-1,2,0,2,0,2,0,0,0,0,2,0,0,2,0,0,2,2
4,375.238,382.271,69.783,49.678,0.647501,-0.762059,-0.002977,0.760974,0.646778,-0.050960,0.040760,0.030731,0.998696,0,0.40000,0.27327,24.000,0.547,-1,375.000,-1,400.000,-1,325.000,325.000,300.000,300.000,-1,675.000,575.000,-1,750.000,750.000,-1,-1,2,0,2,0,2,0,0,0,0,2,0,0,2,0,0,2,2
5,393.663,404.405,70.914,50.224,0.640199,-0.768201,-0.003559,0.767056,0.639486,-0.051792,0.042062,0.030427,0.998652,0,0.48000,0.27327,28.800,0.547,-1,375.000,-1,400.000,-1,325.000,325.000,300.000,300.000,-1,625.000,550.000,-1,750.000,750.000,-1,-1,2,0,2,0,2,0,0,0,0,2,0,0,2,0,0,2,2
6,414.913,430.433,72.369,50.771,0.632858,-0.774260,-0.003536,0.773067,0.632124,-0.052778,0.043099,0.030668,0.998600,0,0.56000,0.27327,33.600,0.547,-1,375.000,-1,400.000,-1,325.000,325.000,300.000,300.000,-1,625.000,550.000,-1,750.000,775.000,-1,-1,2,0,2,0,2,0,0,0,0,2,0,0,2,0,0,2,2
7,437.779,458.992,73.963,51.318,0.625463,-0.780247,-0.003458,0.779003,0.624704,-0.053847,0.044174,0.030985,0.998543,0,0.60976,0.27327,36.586,0.547,-1,400.000,-1,400.000,-1,325.000,325.000,300.000,300.000,-1,625.000,550.000,-1,775.000,775.000,-1,-1,2,0,2,0,2,0,0,0,0,2,0,0,2,0,0,2,2
8,460.371,487.769,75.567,51.864,0.618012,-0.786162,-0.003337,0.784867,0.617227,-0.054910,0.045227,0.031316,0.998486,0,0.60976,0.27327,36.586,0.547,-1,400.000,-1,400.000,-1,325.000,325.000,300.000,300.000,-1,625.000,550.000,-1,775.000,775.000,-1,-1,2,0,2,0,2,0,0,0,0,2,0,0,2,0,0,2,2
9,482.688,516.760,77.182,52.411,0.610506,-0.792005,-0.003171,0.790659,0.609693,-0.055966,0.046258,0.031660,0.998428,0,0.60976,0.27327,36.586,0.547,-1,400.000,-1,400.000,-1,325.000,325.000,300.000,300.000,-1,600.000,550.000,-1,775.000,800.000,-1,-1,2,0,2,0,2,0,0,0,0,2,0,0,2,0,0,2,2
10,504.728,545.962,78.807,52.957,0.602947,-0.797776,-0.002961,0.796380,0.602104,-0.057014,0.047267,0.032018,0.998369,0,0.60976,0.27327,36.586,0.547,-1,400.000,-1,400.000,-1,325.000,325.000,300.000,300.000,-1,600.000,525.000,-1,800.000,800.000,-1,-1,2,0,2,0,2,0,0,0,0,2,0,0,2,0,0,2,2
11,529.203,579.335,80.606,53.744,0.591957,-0.805965,-0.002761,0.804520,0.591095,-0.057910,0.048305,0.032059,0.998318,0,0.68976,0.39327,41.386,0.787,-1,400.000,-1,400.000,-1,325.000,325.000,300.000,300.000,-1,600.000,550.000,-1,800.000,800.000,-1,-1,2,0,2,0,2,0,0,0,0,2,0,0,2,0,0,2,2
12,553.377,613.566,82.395,54.770,0.577432,-0.816434,-0.002594,0.814949,0.576568,-0.058549,0.049297,0.031694,0.998281,0,0.69845,0.51327,41.907,1.027,-1,400.000,-1,400.000,-1,325.000,325.000,300.000,300.000,-1,625.000,550.000,-1,825.000,800.000,-1,-1,2,0,2,0,2,0,0,0,0,2,0,0,2,0,0,2,2
13,576.789,648.324,84.211,56.037,0.559253,-0.828994,-0.002385,0.827463,0.558391,-0.059196,0.050405,0.031132,0.998244,0,0.69845,0.63327,41.907,1.267,-1,400.000,-1,400.000,-1,325.000,325.000,300.000,300.000,-1,625.000,550.000,-1,850.000,825.000,-1,-1,2,0,2,0,2,0,0,0,0,2,0,0,2,0,0,2,2
14,599.279,683.685,86.055,57.543,0.537270,-0.843408,-0.002122,0.841829,0.536415,-0.059854,0.051620,0.030372,0.998205,0,0.69845,0.75327,41.907,1.507,-1,400.000,-1,400.000,-1,325.000,325.000,300.000,300.000,-1,625.000,550.000,-1,875.000,825.000,-1,-1,2,0,2,0,2,0,0,0,0,2,0,0,2,0,0,2,2
15,620.681,719.714,87.935,59.290,0.511318,-0.859390,-0.001808,0.857759,0.510475,-0.060529,0.052941,0.029399,0.998165,0,0.69845,0.87327,41.907,1.747,-1,400.000,-1,400.000,-1,325.000,325.000,300.000,300.000,-1,625.000,550.000,-1,900.000,825.000,-1,-1,2,0,2,0,2,0,0,0,0,2,0,0,2,0,0,2,2
16,640.948,756.395,90.080,61.080,0.484192,-0.874960,-0.001822,0.873322,0.483412,-0.060177,0.053533,0.027545,0.998186,0,0.69845,0.89487,41.907,1.790,-1,400.000,-1,400.000,-1,325.000,325.000,300.000,300.000,-1,650.000,600.000,-1,925.000,850.000,-1,-1,2,0,2,0,2,0,0,0,0,2,0,0,2,0,0,2,2
17,660.059,793.690,92.321,62.869,0.456581,-0.889680,-0.001936,0.888050,0.455874,-0.059541,0.053855,0.025466,0.998224,0,0.69845,0.89487,41.907,1.790,-1,400.000,-1,400.000,-1,325.000,325.000,300.000,300.000,-1,700.000,650.000,-1,950.000,850.000,-1,-1,2,0,2,0,2,0,0,0,0,2,0,0,2,0,0,2,2
18,677.996,831.564,94.452,64.659,0.428548,-0.903518,-0.001408,0.901922,0.427882,-0.058772,0.053704,0.023917,0.998270,0,0.69845,0.89487,41.907,1.790,-1,400.000,-1,400.000,-1,325.000,325.000,300.000,300.000,-1,750.000,700.000,-1,950.000,875.000,-1,-1,2,0,2,0,2,0,0,0,0,2,0,0,2,0,0,2,2
19,694.741,869.980,96.560,66.449,0.400104,-0.916470,-0.000659,0.914916,0.399467,-0.057920,0.053345,0.022571,0.998321,0,0.69845,0.89487,41.907,1.790,-1,400.000,-1,400.000,-1,325.000,325.000,300.000,300.000,-1,825.000,775.000,-1,975.000,875.000,-1,-1,2,0,2,0,2,0,0,0,0,2,0,0,2,0,0,2,2
20,710.278,908.900,98.690,68.238,0.371268,-0.928526,0.000073,0.927016,0.370660,-0.057031,0.052927,0.021242,0.998372,0,0.69845,0.89487,41.907,1.790,-1,400.000,-1,400.000,-1,325.000,325.000,300.000,300.000,-1,900.000,850.000,-1,975.000,900.000,-1,-1,2,0,2,0,2,0,0,0,0,2,0,0,2,0,0,2,2
21,724.596,948.300,100.839,70.030,0.342038,-0.939686,0.000768,0.938220,0.341458,-0.056112,0.052465,0.019913,0.998424,0,0.69868,0.89581,41.921,1.792,-1,400.000,-1,400.000,-1,325.000,325.000,300.000,300.000,-1,975.000,925.000,-1,975.000,925.000,-1,-1,2,0,2,0,2,0,0,0,0,2,0,0,2,0,0,2,2
22,737.678,988.147,103.007,71.824,0.312431,-0.949939,0.001422,0.948518,0.311881,-0.055165,0.051960,0.018584,0.998476,0,0.69900,0.89701,41.940,1.794,-1,400.000,-1,400.000,-1,325.000,325.000,300.000,300.000,-1,-1,-1,-1,1000.000,950.000,-1,-1,2,0,2,0,2,0,0,0,0,2,2,2,2,0,0,2,2
23,749.512,1028.405,105.195,73.621,0.282474,-0.959273,0.002029,0.957896,0.281954,-0.054195,0.051415,0.017252,0.998528,0,0.69935,0.89826,41.961,1.797,-1,425.000,-1,400.000,-1,325.000,325.000,300.000,300.000,-1,-1,-1,-1,1000.000,975.000,-1,-1,2,0,2,0,2,0,0,0,0,2,2,2,2,0,0,2,2
24,760.081,1069.037,107.401,75.420,0.252193,-0.967674,0.002581,0.966341,0.251704,-0.053206,0.050836,0.015913,0.998580,0,0.69974,0.89955,41.984,1.799,-1,425.000,-1,400.000,-1,325.000,325.000,300.000,300.000,-1,-1,-1,-1,-1,975.000,-1,-1,2,0,2,0,2,0,0,0,0,2,2,2,2,2,0,2,2
25,769.373,1110.006,109.627,77.221,0.221617,-0.975129,0.003075,0.973839,0.221160,-0.052203,0.050225,0.014563,0.998632,0,0.70017,0.90085,42.010,1.802,-1,425.000,-1,425.000,-1,325.000,325.000,300.000,300.000,-1,-1,-1,-1,-1,1000.000,-1,-1,2,0,2,0,2,0,0,0,0,2,2,2,2,2,0,2,2
26,777.376,1151.275,111.872,79.026,0.190776,-0.981627,0.003503,0.980380,0.190351,-0.051194,0.049586,0.013200,0.998683,0,0.70064,0.90215,42.038,1.804,-1,425.000,-1,425.000,-1,350.000,325.000,300.000,300.000,-1,-1,-1,-1,-1,-1,-1,-1,2,0,2,0,2,0,0,0,0,2,2,2,2,2,2,2,2
27,784.079,1192.807,114.135,80.833,0.159698,-0.987158,0.003861,0.985953,0.159307,-0.050183,0.048924,0.011821,0.998733,0,0.70115,0.90346,42.069,1.807,-1,425.000,-1,425.000,-1,350.000,350.000,300.000,300.000,-1,-1,-1,-1,-1,-1,-1,-1,2,0,2,0,2,0,0,0,0,2,2,2,2,2,2,2,2
28,789.471,1234.562,116.418,82.642,0.128414,-0.991712,0.004141,0.990547,0.128057,-0.049175,0.048237,0.010416,0.998782,0,0.70170,0.90479,42.102,1.810,-1,450.000,-1,425.000,-1,350.000,350.000,300.000,300.000,-1,-1,-1,-1,-1,-1,-1,-1,2,0,2,0,2,0,0,0,0,2,2,2,2,2,2,2,2
29,793.543,1276.503,118.716,84.454,0.096953,-0.995279,0.004348,0.994153,0.096632,-0.048191,0.047543,0.008995,0.998829,0,0.70230,0.90613,42.138,1.812,-1,450.000,-1,450.000,-1,350.000,350.000,300.000,300.000,-1,-1,-1,-1,-1,-1,-1,-1,2,0,2,0,2,0,0,0,0,2,2,2,2,2,2,2,2
30,796.288,1318.589,120.656,86.269,0.065274,-0.997863,0.003010,0.996790,0.065063,-0.046646,0.046350,0.006045,0.998907,0,0.70294,0.90747,42.176,1.815,-1,450.000,-1,450.000,-1,350.000,350.000,300.000,300.000,-1,-1,-1,-1,-1,-1,-1,-1,2,0,2,0,2,0,0,0,0,2,2,2,2,2,2,2,2
31,797.697,1360.783,121.765,88.087,0.033561,-0.999431,0.003397,0.998481,0.033380,-0.043831,0.043693,0.004863,0.999033,0,0.70362,0.90883,42.217,1.818,-1,450.000,-1,450.000,-1,350.000,350.000,300.000,300.000,-1,-1,-1,-1,-1,-1,-1,-1,2,0,2,0,2,0,0,0,0,2,2,2,2,2,2,2,2
32,797.765,1403.044,122.719,89.908,0.001787,-0.999989,0.004232,0.999175,0.001614,-0.040572,0.040564,0.004301,0.999168,0,0.70435,0.91020,42.261,1.820,-1,450.000,-1,450.000,-1,350.000,350.000,300.000,300.000,-1,-1,-1,-1,-1,-1,-1,-1,2,0,2,0,2,0,0,0,0,2,2,2,2,2,2,2,2
33,796.488,1445.332,123.688,91.731,-0.030040,-0.999537,0.004853,0.998847,-0.030201,-0.037325,0.037454,0.003726,0.999291,0,0.70513,0.91157,42.308,1.823,-1,425.000,-1,450.000,-1,350.000,350.000,300.000,300.000,-1,-1,-1,-1,1000.000,-1,-1,-1,2,0,2,0,2,0,0,0,0,2,2,2,2,0,2,2,2
34,793.765,1492.361,124.771,93.314,-0.057661,-0.998323,0.005212,0.997759,-0.057804,-0.033704,0.033949,0.003257,0.999418,0,0.78513,0.79157,47.108,1.583,-1,425.000,-1,425.000,-1,350.000,350.000,300.000,300.000,-1,-1,-1,-1,975.000,1000.000,-1,-1,2,0,2,0,2,0,0,0,0,2,2,2,2,0,0,2,2
35,789.722,1541.987,125.920,94.657,-0.081066,-0.996695,0.005324,0.996251,-0.081189,-0.029886,0.030219,0.002882,0.999539,0,0.82984,0.67157,49.790,1.343,-1,425.000,-1,425.000,-1,350.000,350.000,300.000,300.000,-1,-1,-1,-1,950.000,975.000,-1,-1,2,0,2,0,2,0,0,0,0,2,2,2,2,0,0,2,2
36,784.720,1591.574,127.074,95.760,-0.100260,-0.994948,0.005229,0.994609,-0.100363,-0.026077,0.026470,0.002586,0.999646,0,0.83065,0.55157,49.839,1.103,-1,425.000,-1,425.000,-1,350.000,350.000,300.000,300.000,-1,-1,-1,-1,950.000,950.000,-1,-1,2,0,2,0,2,0,0,0,0,2,2,2,2,0,0,2,2
37,778.967,1641.122,128.232,96.623,-0.115257,-0.993323,0.004972,0.993076,-0.115339,-0.022270,0.022694,0.002371,0.999740,0,0.83137,0.43157,49.882,0.863,-1,425.000,-1,425.000,-1,350.000,350.000,275.000,300.000,-1,-1,-1,-1,925.000,925.000,-1,-1,2,0,2,0,2,0,0,0,0,2,2,2,2,0,0,2,2
38,772.655,1690.639,129.366,97.265,-0.126393,-0.991969,0.004693,0.991802,-0.126459,-0.018362,0.018808,0.002333,0.999820,0,0.83197,0.32091,49.918,0.642,-1,425.000,-1,425.000,-1,325.000,325.000,275.000,300.000,-1,-1,-1,-1,900.000,925.000,-1,-1,2,0,2,0,2,0,0,0,0,2,2,2,2,0,0,2,2
39,765.780,1740.110,130.502,97.911,-0.137587,-0.990480,0.004325,0.990377,-0.137636,-0.014449,0.014906,0.002296,0.999886,0,0.83243,0.32303,49.946,0.646,-1,400.000,-1,425.000,-1,325.000,325.000,300.000,300.000,-1,-1,-1,-1,875.000,900.000,-1,-1,2,0,2,0,2,0,0,0,0,2,2,2,2,0,0,2,2
40,758.341,1789.522,131.646,98.561,-0.148836,-0.988854,0.003858,0.988801,-0.148869,-0.010541,0.010998,0.002245,0.999937,0,0.83283,0.32516,49.970,0.650,-1,400.000,-1,425.000,-1,325.000,325.000,300.000,300.000,-1,-1,-1,-1,875.000,875.000,-1,-1,2,0,2,0,2,0,0,0,0,2,2,2,2,0,0,2,2
41,750.335,1838.867,132.797,99.216,-0.160138,-0.987089,0.003287,0.987069,-0.160156,-0.006640,0.007081,0.002181,0.999973,0,0.83316,0.32729,49.990,0.655,-1,400.000,-1,425.000,-1,325.000,325.000,300.000,300.000,-1,-1,-1,-1,850.000,850.000,-1,-1,2,0,2,0,2,0,0,0,0,2,2,2,2,0,0,2,2
42,741.759,1888.131,133.955,99.875,-0.171489,-0.985182,0.002612,0.985181,-0.171496,-0.002748,0.003155,0.002102,0.999993,0,0.83342,0.32943,50.005,0.659,-1,400.000,-1,400.000,-1,325.000,325.000,300.000,325.000,-1,-1,-1,-1,850.000,825.000,-1,-1,2,0,2,0,2,0,0,0,0,2,2,2,2,0,0,2,2
43,732.612,1937.305,134.738,100.538,-0.182887,-0.983128,0.003403,0.983134,-0.182887,0.000385,0.000244,0.003416,0.999994,0,0.83362,0.33157,50.017,0.663,-1,400.000,-1,400.000,-1,325.000,325.000,300.000,325.000,-1,-1,-1,-1,825.000,825.000,-1,-1,2,0,2,0,2,0,0,0,0,2,2,2,2,0,0,2,2
44,722.891,1986.376,135.068,101.205,-0.194340,-0.980917,0.005889,0.980932,-0.194323,0.003302,-0.002095,0.006419,0.999977,0,0.83375,0.33371,50.025,0.667,-1,400.000,-1,400.000,-1,325.000,325.000,300.000,300.000,-1,-1,-1,-1,825.000,800.000,-1,-1,2,0,2,0,2,0,0,0,0,2,2,2,2,0,0,2,2
45,712.594,2035.333,135.049,101.877,-0.205838,-0.978560,0.007128,0.978580,-0.205806,0.004922,-0.003350,0.007989,0.999962,0,0.83380,0.33584,50.028,0.672,-1,400.000,-1,400.000,-1,325.000,325.000,325.000,300.000,-1,-1,-1,-1,825.000,775.000,-1,-1,2,0,2,0,2,0,0,0,0,2,2,2,2,0,0,2,2
46,701.721,2084.164,134.634,102.553,-0.217374,-0.976065,0.006802,0.976079,-0.217336,0.005887,-0.004268,0.007919,0.999960,0,0.83378,0.33796,50.027,0.676,-1,400.000,-1,400.000,-1,325.000,325.000,300.000,300.000,-1,-1,-1,-1,825.000,775.000,-1,-1,2,0,2,0,2,0,0,0,0,2,2,2,2,0,0,2,2
47,690.271,2132.858,134.223,103.233,-0.228945,-0.973418,0.006441,0.973426,-0.228901,0.006861,-0.005204,0.007841,0.999956,0,0.83370,0.33989,50.022,0.680,-1,400.000,-1,400.000,-1,325.000,325.000,300.000,300.000,-1,-1,-1,-1,800.000,750.000,-1,-1,2,0,2,0,2,0,0,0,0,2,2,2,2,0,0,2,2
48,678.243,2181.402,133.817,103.916,-0.240533,-0.970622,0.006044,0.970621,-0.240484,0.007843,-0.006159,0.007753,0.999951,0,0.83354,0.34138,50.012,0.683,-1,400.000,-1,400.000,-1,325.000,325.000,300.000,300.000,-1,-1,-1,-1,800.000,750.000,-1,-1,2,0,2,0,2,0,0,0,0,2,2,2,2,0,0,2,2
49,665.639,2229.787,133.397,104.601,-0.252135,-0.967676,0.005539,0.967665,-0.252082,0.008863,-0.007180,0.007595,0.999945,0,0.83331,0.34280,49.999,0.686,-1,400.000,-1,400.000,-1,325.000,325.000,300.000,300.000,-1,-1,-1,-1,800.000,750.000,-1,-1,2,0,2,0,2,0,0,0,0,2,2,2,2,0,0,2,2
50,652.459,2277.999,132.923,105.289,-0.263746,-0.964579,0.004984,0.964557,-0.263688,0.009894,-0.008229,0.007417,0.999939,0,0.83302,0.34416,49.981,0.688,-1,400.000,-1,400.000,-1,325.000,325.000,300.000,300.000,-1,-1,-1,-1,775.000,725.000,-1,-1,2,0,2,0,2,0,0,0,0,2,2,2,2,0,0,2,2
51,638.705,2326.027,132.451,105.980,-0.275360,-0.961331,0.004407,0.961296,-0.275300,0.010922,-0.009287,0.007244,0.999931,0,0.83265,0.34544,49.959,0.691,-1,400.000,-1,400.000,-1,325.000,325.000,300.000,300.000,-1,-1,-1,-1,775.000,725.000,-1,-1,2,0,2,0,2,0,0,0,0,2,2,2,2,0,0,2,2
52,624.379,2373.861,131.981,106.674,-0.286974,-0.957931,0.003809,0.957882,-0.286912,0.011948,-0.010353,0.007077,0.999921,0,0.83222,0.34664,49.933,0.693,-1,400.000,-1,400.000,-1,325.000,325.000,300.000,300.000,-1,-1,-1,-1,775.000,700.000,-1,-1,2,0,2,0,2,0,0,0,0,2,2,2,2,0,0,2,2
53,609.481,2421.488,131.513,107.369,-0.298583,-0.954378,0.003189,0.954315,-0.298520,0.012971,-0.011427,0.006916,0.999911,0,0.83172,0.34777,49.903,0.696,-1,400.000,-1,375.000,-1,325.000,325.000,300.000,300.000,-1,-1,-1,-1,750.000,700.000,-1,-1,2,0,2,0,2,0,0,0,0,2,2,2,2,0,0,2,2
54,594.015,2468.899,131.046,108.067,-0.310182,-0.950674,0.002548,0.950595,-0.310119,0.013990,-0.012510,0.006762,0.999899,0,0.83116,0.34882,49.870,0.698,-1,400.000,-1,375.000,-1,325.000,325.000,300.000,300.000,-1,-1,-1,-1,750.000,700.000,-1,-1,2,0,2,0,2,0,0,0,0,2,2,2,2,0,0,2,2
55,577.983,2516.083,130.581,108.766,-0.321766,-0.946817,0.001886,0.946722,-0.321704,0.015006,-0.013602,0.006614,0.999886,0,0.83054,0.34980,49.833,0.700,-1,400.000,-1,375.000,-1,325.000,300.000,300.000,300.000,-1,-1,-1,-1,750.000,675.000,-1,-1,2,0,2,0,2,0,0,0,0,2,2,2,2,0,0,2,2
56,561.389,2563.028,129.980,109.468,-0.333337,-0.942806,0.001819,0.942699,-0.333269,0.015805,-0.014295,0.006983,0.999873,0,0.82987,0.35069,49.792,0.701,-1,375.000,-1,375.000,-1,325.000,300.000,300.000,300.000,-1,-1,-1,-1,750.000,675.000,-1,-1,2,0,2,0,2,0,0,0,0,2,2,2,2,0,0,2,2
57,544.235,2609.726,129.700,110.171,-0.344867,-0.938651,0.000971,0.938548,-0.344813,0.015238,-0.013968,0.006167,0.999883,0,0.82915,0.35150,49.749,0.703,-1,375.000,-1,375.000,-1,300.000,300.000,300.000,300.000,-1,-1,-1,-1,750.000,675.000,-1,-1,2,0,2,0,2,0,0,0,0,2,2,2,2,0,0,2,2
58,526.524,2656.166,129.416,110.875,-0.356370,-0.934345,0.000160,0.934245,-0.356329,0.014679,-0.013658,0.005381,0.999892,0,0.82837,0.35223,49.702,0.704,-1,375.000,-1,375.000,-1,300.000,300.000,300.000,300.000,-1,-1,-1,-1,750.000,675.000,-1,-1,2,0,2,0,2,0,0,0,0,2,2,2,2,0,0,2,2
59,507.852,2703.415,129.080,111.563,-0.367553,-0.930002,-0.000714,0.929908,-0.367526,0.013973,-0.013257,0.004472,0.999902,0,0.84675,0.34407,50.805,0.688,-1,375.000,-1,375.000,-1,300.000,300.000,300.000,325.000,-1,-1,-1,-1,750.000,675.000,-1,-1,2,0,2,0,2,0,0,0,0,2,2,2,2,0,0,2,2
60,490.253,2745.921,128.658,112.492,-0.382555,-0.923931,-0.001731,0.923848,-0.382544,0.012836,-0.012522,0.003311,0.999916,0,0.76675,0.46407,46.005,0.928,-1,375.000,-1,375.000,-1,300.000,300.000,300.000,325.000,-1,-1,-1,-1,750.000,675.000,-1,-1,2,0,2,0,2,0,0,0,0,2,2,2,2,0,0,2,2
61,473.717,2783.662,128.371,113.660,-0.401306,-0.915942,-0.002066,0.915872,-0.401301,0.011660,-0.011509,0.002788,0.999930,0,0.68675,0.58407,41.205,1.168,-1,400.000,-1,375.000,-1,325.000,300.000,300.000,300.000,-1,-1,-1,-1,750.000,675.000,-1,-1,2,0,2,0,2,0,0,0,0,2,2,2,2,0,0,2,2
62,456.596,2820.264,128.107,115.068,-0.423691,-0.905804,-0.002167,0.905747,-0.423689,0.010489,-0.010420,0.002481,0.999943,0,0.67348,0.70407,40.409,1.408,-1,400.000,-1,375.000,-1,325.000,300.000,300.000,300.000,-1,-1,-1,-1,750.000,675.000,-1,-1,2,0,2,0,2,0,0,0,0,2,2,2,2,0,0,2,2
63,438.408,2856.402,127.820,116.716,-0.449566,-0.893244,-0.002234,0.893198,-0.449566,0.009372,-0.009375,0.002218,0.999954,0,0.67427,0.82407,40.456,1.648,-1,400.000,-1,375.000,-1,325.000,300.000,300.000,300.000,-1,-1,-1,-1,775.000,675.000,-1,-1,2,0,2,0,2,0,0,0,0,2,2,2,2,0,0,2,2
64,419.012,2891.972,127.507,118.604,-0.478752,-0.877947,-0.002254,0.877910,-0.478753,0.008319,-0.008383,0.002004,0.999963,0,0.67526,0.94407,40.516,1.888,725.000,400.000,-1,375.000,-1,325.000,325.000,300.000,300.000,-1,-1,-1,-1,775.000,675.000,-1,-1,1,0,2,0,2,0,0,0,0,2,2,2,2,0,0,2,2
65,398.348,2926.906,127.174,120.604,-0.509100,-0.860705,-0.002216,0.860675,-0.509101,0.007348,-0.007452,0.001833,0.999971,0,0.67647,1.00000,40.588,2.000,650.000,400.000,-1,375.000,-1,325.000,325.000,300.000,300.000,-1,-1,-1,-1,775.000,700.000,-1,-1,1,0,2,0,2,0,0,0,0,2,2,2,2,0,0,2,2
66,376.435,2961.165,126.805,122.604,-0.538828,-0.842413,-0.002151,0.842391,-0.538830,0.006377,-0.006531,0.001624,0.999977,0,0.67779,1.00000,40.668,2.000,600.000,400.000,-1,375.000,-1,325.000,325.000,300.000,300.000,-1,-1,-1,-1,800.000,700.000,-1,-1,1,0,2,0,2,0,0,0,0,2,2,2,2,0,0,2,2
67,353.294,2994.706,126.415,124.604,-0.567899,-0.823095,-0.002037,0.823078,-0.567901,0.005472,-0.005661,0.001431,0.999983,0,0.67915,1.00000,40.749,2.000,550.000,400.000,-1,375.000,-1,325.000,325.000,300.000,300.000,-1,-1,-1,-1,800.000,700.000,-1,-1,1,0,2,0,2,0,0,0,0,2,2,2,2,0,0,2,2
68,328.947,3027.484,126.006,126.604,-0.596279,-0.802775,-0.001876,0.802762,-0.596281,0.004650,-0.004852,0.001267,0.999987,0,0.68052,1.00000,40.831,2.000,500.000,400.000,-1,375.000,-1,325.000,325.000,300.000,300.000,-1,-1,-1,-1,800.000,700.000,-1,-1,1,0,2,0,2,0,0,0,0,2,2,2,2,0,0,2,2
69,303.419,3059.458,125.589,128.604,-0.623932,-0.781476,-0.001962,0.781465,-0.623934,0.004218,-0.004521,0.001098,0.999989,0,0.68192,1.00000,40.915,2.000,450.000,400.000,-1,375.000,-1,325.000,325.000,300.000,300.000,-1,-1,-1,-1,825.000,725.000,-1,-1,1,0,2,0,2,0,0,0,0,2,2,2,2,0,0,2,2
70,276.735,3090.586,125.390,130.604,-0.650820,-0.759225,-0.003172,0.759216,-0.650828,0.003842,-0.004982,0.000093,0.999988,0,0.68333,1.00000,41.000,2.000,425.000,400.000,-1,375.000,-1,325.000,325.000,300.000,300.000,-1,-1,-1,-1,825.000,725.000,-1,-1,1,0,2,0,2,0,0,0,0,2,2,2,2,0,0,2,2
71,248.922,3120.828,125.162,132.604,-0.676914,-0.736049,-0.004315,0.736041,-0.676928,0.003455,-0.005464,-0.000837,0.999985,0,0.68476,1.00000,41.086,2.000,375.000,400.000,-1,375.000,-1,325.000,325.000,300.000,300.000,-1,-1,-1,-1,825.000,725.000,-1,-1,1,1,2,0,2,0,0,0,0,2,2,2,2,0,0,2,2
72,220.011,3150.141,124.906,134.604,-0.702184,-0.711975,-0.005389,0.711971,-0.702202,0.003060,-0.005963,-0.001688,0.999981,0,0.68621,1.00000,41.173,2.000,350.000,375.000,-1,375.000,-1,325.000,325.000,300.000,300.000,-1,-1,-1,-1,825.000,725.000,500.000,-1,1,1,2,0,2,0,0,0,0,2,2,2,2,0,0,1,2
73,190.031,3178.488,124.620,136.604,-0.726597,-0.687034,-0.006393,0.687033,-0.726621,0.002663,-0.006475,-0.002458,0.999976,0,0.68766,1.00000,41.260,2.000,300.000,375.000,-1,375.000,-1,325.000,325.000,300.000,300.000,-1,-1,-1,-1,825.000,750.000,400.000,-1,1,1,2,0,2,0,0,0,0,2,2,2,2,0,0,1,2
74,159.013,3205.830,124.307,138.604,-0.750125,-0.661256,-0.007326,0.661259,-0.750154,0.002269,-0.006996,-0.003142,0.999971,0,0.68912,1.00000,41.347,2.000,275.000,350.000,-1,400.000,-1,325.000,325.000,300.000,300.000,-1,-1,-1,-1,825.000,750.000,350.000,-1,1,1,2,0,2,1,0,0,0,2,2,2,2,0,0,1,2
75,126.993,3232.128,124.056,140.604,-0.772739,-0.634671,-0.008193,0.634682,-0.772772,0.001458,-0.007257,-0.004074,0.999965,0,0.69059,1.00000,41.435,2.000,225.000,350.000,-1,400.000,-1,325.000,325.000,300.000,300.000,-1,-1,-1,-1,825.000,750.000,300.000,-1,1,1,2,0,2,1,0,0,0,2,2,2,2,0,0,1,2
76,94.005,3257.345,123.796,142.604,-0.794413,-0.607313,-0.008868,0.607332,-0.794448,0.000679,-0.007457,-0.004846,0.999960,0,0.69205,1.00000,41.523,2.000,200.000,350.000,-1,400.000,-1,325.000,325.000,300.000,300.000,-1,-1,-1,-1,825.000,775.000,250.000,-1,1,1,2,0,2,1,0,0,0,2,2,2,2,1,0,1,2
77,60.085,3281.447,126.322,144.604,-0.815162,-0.579213,0.004844,0.579231,-0.815153,0.004085,0.001582,0.006135,0.999980,0,0.69350,1.00000,41.610,2.000,200.000,350.000,-1,425.000,-1,350.000,350.000,325.000,275.000,-1,-1,-1,-1,800.000,825.000,250.000,-1,1,1,2,0,2,1,0,0,0,2,2,2,2,1,0,1,2
78,25.272,3304.396,128.709,146.604,-0.834748,-0.550344,0.017835,0.550537,-0.834768,0.008413,0.010258,0.016841,0.999806,0,0.69495,1.00000,41.697,2.000,200.000,375.000,-1,425.000,-1,375.000,375.000,350.000,275.000,-1,825.000,825.000,-1,775.000,900.000,250.000,-1,1,1,2,0,2,1,0,1,0,2,0,0,2,1,0,1,2
79,-10.395,3326.160,130.982,148.604,-0.853173,-0.520754,0.030176,0.521294,-0.853268,0.013637,0.018646,0.027365,0.999452,0,0.69637,1.00000,41.782,2.000,200.000,400.000,-1,450.000,-1,400.000,375.000,350.000,275.000,-1,600.000,525.000,-1,750.000,975.000,250.000,-1,1,1,2,0,2,0,0,1,0,2,0,0,2,1,0,1,2
80,-46.874,3346.704,133.179,150.604,-0.870437,-0.490490,0.041927,0.491550,-0.870624,0.019815,0.026784,0.037857,0.998924,0,0.69777,1.00000,41.866,2.000,175.000,400.000,-1,475.000,-1,425.000,400.000,325.000,275.000,-1,475.000,275.000,-1,700.000,-1,250.000,-1,1,1,2,0,2,0,0,1,0,2,0,0,2,1,2,1,2
81,-84.121,3366.000,135.387,152.604,-0.886539,-0.459587,0.053188,0.461363,-0.886786,0.027461,0.034545,0.048884,0.998207,0,0.69913,1.00000,41.948,2.000,175.000,425.000,-1,500.000,-1,450.000,425.000,325.000,250.000,-1,425.000,175.000,875.000,675.000,-1,225.000,-1,1,1,2,0,2,0,0,1,0,2,0,0,0,1,2,1,2
82,-122.091,3384.015,137.508,154.604,-0.901453,-0.428094,0.064174,0.430794,-0.901729,0.036075,0.042424,0.060166,0.997286,0,0.70046,1.00000,42.027,2.000,175.000,425.000,-1,525.000,-1,475.000,450.000,325.000,250.000,-1,325.000,125.000,700.000,625.000,-1,225.000,-1,1,1,2,0,2,0,0,1,0,2,0,0,0,1,2,1,2
83,-160.738,3400.722,139.575,156.604,-0.915181,-0.396058,0.074707,0.399898,-0.915414,0.045802,0.050247,0.071792,0.996153,0,0.70173,1.00000,42.104,2.000,150.000,425.000,-1,550.000,-1,500.000,475.000,300.000,250.000,-1,300.000,100.000,575.000,600.000,-1,225.000,-1,1,1,2,0,2,0,0,1,0,2,0,0,0,1,2,1,2
84,-200.013,3416.095,141.639,158.604,-0.927710,-0.363528,0.084865,0.368743,-0.927807,0.056596,0.058164,0.083798,0.994784,0,0.70294,1.00000,42.177,2.000,150.000,425.000,-1,575.000,-1,525.000,500.000,300.000,250.000,-1,250.000,75.000,475.000,550.000,-1,200.000,-1,1,1,2,0,2,0,0,1,0,2,0,0,0,1,2,1,2
85,-239.866,3430.107,143.750,160.604,-0.939021,-0.330554,0.094731,0.337404,-0.938870,0.068425,0.066322,0.096215,0.993149,0,0.70408,1.00000,42.245,2.000,150.000,425.000,-1,600.000,-1,525.000,525.000,300.000,250.000,-1,250.000,75.000,400.000,525.000,-1,200.000,-1,1,1,2,0,2,1,0,1,0,2,0,0,0,1,2,1,2
86,-280.244,3442.735,145.938,162.604,-0.949100,-0.297187,0.104356,0.305965,-0.948559,0.081371,0.074805,0.109158,0.991206,0,0.70513,1.00000,42.308,2.000,125.000,425.000,-1,600.000,-1,475.000,500.000,275.000,225.000,-1,225.000,50.000,350.000,500.000,-1,175.000,-1,1,1,2,1,2,1,1,1,0,2,0,0,0,1,2,1,2
87,-321.094,3453.957,148.236,164.604,-0.957932,-0.263481,0.113775,0.274522,-0.956824,0.095528,0.083693,0.122743,0.988903,0,0.70608,1.00000,42.365,2.000,125.000,400.000,975.000,575.000,-1,450.000,475.000,275.000,225.000,-1,225.000,50.000,300.000,475.000,-1,175.000,-1,1,1,1,1,2,1,1,1,0,2,0,0,0,1,2,1,2
88,-2951.694,-5575.425,-12.052,-46.171,0.692312,0.721370,-0.018168,-0.720630,0.692467,0.034380,0.037381,-0.010709,0.999244,1,0.00000,0.00000,42.415,2.000,525.000,400.000,925.000,400.000,550.000,325.000,325.000,300.000,300.000,-1,-1,-1,-1,575.000,550.000,550.000,575.000,1,0,1,0,1,0,0,0,0,2,2,2,2,1,1,1,1
89,-2948.355,-5578.874,-11.863,-45.931,0.695331,0.718462,-0.018113,-0.717723,0.695481,0.034345,0.037273,-0.010881,0.999246,0,0.08000,0.12000,4.800,0.240,525.000,400.000,925.000,400.000,550.000,325.000,325.000,300.000,300.000,-1,-1,-1,-1,550.000,550.000,550.000,575.000,1,0,1,0,1,0,0,0,0,2,2,2,2,1,1,1,1
90,-2941.663,-5585.756,-11.487,-45.801,0.696962,0.716882,-0.018020,-0.716147,0.697108,0.034260,0.037123,-0.010973,0.999250,0,0.16000,0.06497,9.600,0.130,525.000,400.000,900.000,400.000,525.000,325.000,325.000,300.000,300.000,-1,-1,-1,-1,550.000,550.000,550.000,575.000,1,0,1,0,1,0,0,0,0,2,2,2,2,1,1,1,1
91,-2931.601,-5596.058,-10.922,-45.673,0.698568,0.715320,-0.017886,-0.714591,0.698710,0.034133,0.036913,-0.011064,0.999257,0,0.24000,0.06410,14.400,0.128,500.000,400.000,900.000,400.000,525.000,325.000,325.000,300.000,300.000,-1,-1,-1,-1,550.000,550.000,525.000,550.000,1,0,1,0,1,0,0,0,0,2,2,2,2,1,1,1,1
92,-2918.155,-5609.763,-10.174,-45.547,0.700142,0.713784,-0.017710,-0.713062,0.700277,0.033988,0.036662,-0.011169,0.999265,0,0.32000,0.06285,19.200,0.126,500.000,400.000,875.000,400.000,500.000,325.000,325.000,300.000,300.000,-1,-1,-1,-1,525.000,525.000,525.000,525.000,1,0,1,1,1,0,0,0,0,2,2,2,2,1,1,1,1
93,-2901.310,-5626.859,-9.261,-45.425,0.701673,0.712285,-0.017482,-0.711567,0.701799,0.033939,0.036443,-0.011375,0.999271,0,0.40000,0.06122,24.000,0.122,475.000,400.000,850.000,400.000,475.000,325.000,325.000,300.000,300.000,-1,-1,-1,-1,525.000,525.000,500.000,525.000,1,1,1,1,1,0,0,0,0,2,2,2,2,1,1,1,1
94,-2881.055,-5647.332,-8.210,-45.307,0.703144,0.710833,-0.017440,-0.710118,0.703268,0.033867,0.036339,-0.011429,0.999274,0,0.48000,0.05917,28.800,0.118,450.000,375.000,825.000,375.000,450.000,325.000,325.000,300.000,300.000,-1,-1,-1,-1,500.000,500.000,475.000,500.000,1,1,1,1,1,0,0,0,0,2,2,2,2,1,1,1,1
95,-2857.376,-5671.171,-6.993,-45.193,0.704549,0.709440,-0.017470,-0.708727,0.704673,0.033789,0.036282,-0.011424,0.999276,0,0.56000,0.05669,33.600,0.113,425.000,375.000,800.000,375.000,425.000,325.000,325.000,300.000,300.000,-1,-1,-1,-1,475.000,500.000,450.000,450.000,1,1,1,1,1,0,0,0,0,2,2,2,2,1,1,1,1
96,-2830.264,-5698.365,-5.595,-45.086,0.705877,0.708117,-0.017515,-0.707406,0.706002,0.033715,0.036240,-0.011408,0.999278,0,0.64000,0.05373,38.400,0.107,375.000,350.000,750.000,350.000,400.000,325.000,325.000,300.000,300.000,-1,-1,-1,-1,475.000,475.000,400.000,425.000,1,1,1,1,1,0,0,0,0,2,2,2,2,1,1,1,1
97,-2799.709,-5728.904,-4.013,-44.985,0.707117,0.706878,-0.017582,-0.706168,0.707244,0.033652,0.036223,-0.011380,0.999279,0,0.72000,0.05027,43.200,0.101,350.000,325.000,700.000,350.000,375.000,325.000,325.000,300.000,300.000,-1,-1,-1,-1,450.000,450.000,375.000,400.000,1,1,1,1,1,0,0,0,0,2,2,2,2,1,1,1,1
98,-2765.704,-5762.781,-2.242,-44.893,0.708255,0.705735,-0.017677,-0.705026,0.708385,0.033606,0.036239,-0.011339,0.999279,0,0.80000,0.04626,48.000,0.093,300.000,325.000,650.000,325.000,325.000,325.000,325.000,300.000,300.000,-1,-1,-1,-1,425.000,425.000,325.000,350.000,1,1,1,1,1,1,1,0,0,2,2,2,2,1,1,1,1
99,-2731.087,-5797.169,-0.429,-44.809,0.709277,0.704705,-0.017795,-0.703995,0.709411,0.033586,0.036292,-0.011294,0.999277,0,0.81325,0.04165,48.795,0.083,275.000,300.000,600.000,300.000,300.000,300.000,300.000,300.000,300.000,-1,-1,-1,-1,400.000,400.000,275.000,300.000,1,1,1,1,1,1,1,0,0,2,2,2,2,1,1,1,1
100,-2696.478,-5831.460,2.945,-44.736,0.709942,0.703823,-0.024822,-0.703042,0.710346,0.033773,0.041402,-0.006526,0.999121,0,0.81199,0.03680,48.720,0.074,250.000,275.000,575.000,300.000,250.000,275.000,275.000,300.000,300.000,-1,-1,-1,-1,375.000,375.000,275.000,275.000,1,1,1,1,1,1,1,1,1,2,2,2,2,1,1,1,1
101,-2661.899,-5865.646,9.749,-44.672,0.710230,0.703036,-0.036250,-0.701657,0.711128,0.044432,0.057016,-0.006122,0.998354,0,0.81039,0.03179,48.623,0.064,250.000,300.000,600.000,300.000,250.000,275.000,275.000,300.000,300.000,-1,600.000,550.000,-1,375.000,375.000,275.000,275.000,1,1,1,1,1,1,1,1,1,2,0,0,2,1,1,1,1
102,-2627.371,-5899.718,16.810,-44.619,0.710161,0.702377,-0.048354,-0.700203,0.711784,0.055498,0.073398,-0.005555,0.997287,0,0.80842,0.02663,48.505,0.053,250.000,300.000,625.000,300.000,275.000,275.000,275.000,300.000,300.000,-1,275.000,250.000,-1,375.000,400.000,275.000,300.000,1,1,1,1,1,1,1,1,1,2,0,0,2,1,1,1,1
103,-2592.726,-5933.557,24.113,-44.326,0.712757,0.698727,-0.061308,-0.695556,0.715372,0.066670,0.090442,-0.004877,0.995890,0,0.80710,0.14663,48.426,0.293,250.000,300.000,700.000,300.000,275.000,275.000,275.000,300.000,300.000,-1,200.000,175.000,-1,375.000,400.000,275.000,300.000,1,1,1,1,1,1,1,1,1,2,0,0,2,1,1,1,1
104,327.966,-983.898,42.869,-27.312,0.888525,0.458827,-0.000862,-0.458822,0.888522,0.003149,0.002211,-0.002402,0.999995,1,0.00000,0.00000,50.768,0.312,-1,400.000,-1,400.000,-1,325.000,325.000,300.000,300.000,-1,-1,-1,-1,800.000,850.000,-1,-1,2,0,2,0,2,0,0,0,0,2,2,2,2,0,0,2,2
105,332.222,-986.119,42.872,-27.552,0.886596,0.462545,-0.000766,-0.462540,0.886593,0.003132,0.002128,-0.002422,0.999995,0,0.08000,-0.12000,4.800,-0.240,-1,400.000,-1,400.000,-1,325.000,325.000,300.000,300.000,-1,-1,-1,-1,800.000,850.000,-1,-1,2,0,2,0,2,0,0,0,0,2,2,2,2,0,0,2,2
106,340.696,-990.630,42.878,-28.032,0.882690,0.469956,-0.000572,-0.469952,0.882687,0.003095,0.001959,-0.002463,0.999995,0,0.16000,-0.24000,9.600,-0.480,-1,400.000,-1,400.000,-1,325.000,325.000,300.000,300.000,-1,-1,-1,-1,800.000,850.000,-1,-1,2,0,2,0,2,0,0,0,0,2,2,2,2,0,0,2,2
107,353.320,-997.557,42.886,-28.752,0.876715,0.481010,-0.000279,-0.481007,0.876711,0.003033,0.001703,-0.002525,0.999995,0,0.24000,-0.36000,14.400,-0.720,-1,400.000,-1,400.000,-1,325.000,325.000,300.000,300.000,-1,-1,-1,-1,800.000,850.000,-1,-1,2,0,2,0,2,0,0,0,0,2,2,2,2,0,0,2,2
108,369.996,-1007.073,42.897,-29.712,0.868533,0.495632,0.000119,-0.495630,0.868529,0.002937,0.001352,-0.002610,0.999996,0,0.32000,-0.48000,19.200,-0.960,-1,400.000,-1,400.000,-1,325.000,325.000,300.000,300.000,-1,-1,-1,-1,800.000,850.000,-1,-1,2,0,2,0,2,0,0,0,0,2,2,2,2,0,0,2,2
109,390.587,-1019.402,42.911,-30.912,0.857963,0.513712,0.000625,-0.513711,0.857959,0.002796,0.000900,-0.002720,0.999996,0,0.40000,-0.60000,24.000,-1.200,-1,400.000,-1,400.000,-1,325.000,325.000,300.000,300.000,-1,-1,-1,-1,800.000,850.000,-1,-1,2,0,2,0,2,0,0,0,0,2,2,2,2,0,0,2,2
110,414.917,-1034.813,42.928,-32.352,0.844782,0.535110,0.001244,-0.535111,0.844778,0.002592,0.000336,-0.002856,0.999996,0,0.48000,-0.72000,28.800,-1.440,-1,400.000,-1,400.000,-1,325.000,325.000,300.000,300.000,-1,-1,-1,-1,800.000,850.000,-1,-1,2,0,2,0,2,0,0,0,0,2,2,2,2,0,0,2,2
111,442.762,-1053.617,42.955,-34.032,0.828729,0.559646,0.001944,-0.559650,0.828726,0.002299,-0.000324,-0.002994,0.999995,0,0.56000,-0.84000,33.600,-1.680,-1,400.000,-1,400.000,-1,325.000,325.000,300.000,300.000,-1,-1,-1,-1,800.000,850.000,-1,-1,2,0,2,0,2,0,0,0,0,2,2,2,2,0,0,2,2
112,473.899,-1076.091,42.916,-35.821,0.810852,0.585245,0.002743,-0.585250,0.810850,0.002246,-0.000909,-0.003426,0.999994,0,0.64000,-0.89450,38.400,-1.789,-1,400.000,-1,400.000,-1,325.000,325.000,300.000,300.000,-1,-1,-1,-1,800.000,850.000,-1,-1,2,0,2,0,2,0,0,0,0,2,2,2,2,0,0,2,2
113,508.122,-1102.455,42.860,-37.610,0.792183,0.610272,0.003687,-0.610281,0.792182,0.002140,-0.001615,-0.003945,0.999991,0,0.72000,-0.89450,43.200,-1.789,-1,400.000,-1,400.000,-1,325.000,325.000,300.000,300.000,-1,-1,-1,-1,800.000,875.000,-1,-1,2,0,2,0,2,0,0,0,0,2,2,2,2,0,0,2,2
114,545.214,-1132.921,42.781,-39.399,0.772740,0.634704,0.004792,-0.634717,0.772742,0.001976,-0.002448,-0.004568,0.999987,0,0.80000,-0.89450,48.000,-1.789,-1,400.000,-1,400.000,-1,325.000,325.000,300.000,300.000,-1,-1,-1,-1,800.000,875.000,-1,-1,2,0,2,0,2,0,0,0,0,2,2,2,2,0,0,2,2
115,584.949,-1167.691,42.693,-41.188,0.752542,0.658517,0.005969,-0.658535,0.752548,0.001732,-0.003351,-0.005234,0.999981,0,0.88000,-0.89450,52.800,-1.789,-1,400.000,-1,400.000,-1,325.000,325.000,300.000,300.000,-1,-1,-1,-1,800.000,875.000,-1,-1,2,0,2,0,2,0,0,0,0,2,2,2,2,0,0,2,2
116,627.091,-1206.957,42.581,-42.977,0.731608,0.681687,0.007285,-0.681711,0.731620,0.001418,-0.004363,-0.006004,0.999972,0,0.96000,-0.89450,57.600,-1.789,-1,400.000,-1,400.000,-1,325.000,325.000,300.000,300.000,-1,-1,-1,-1,825.000,875.000,-1,-1,2,0,2,0,2,0,0,0,0,2,2,2,2,0,0,2,2
117,668.038,-1247.570,42.382,-44.766,0.709957,0.704192,0.008696,-0.704223,0.709978,0.000817,-0.005598,-0.006704,0.999962,0,0.96120,-0.89450,57.672,-1.789,-1,400.000,-1,425.000,-1,325.000,325.000,300.000,300.000,-1,-1,-1,-1,825.000,875.000,-1,-1,2,0,2,0,2,0,0,0,0,2,2,2,2,0,0,2,2
118,707.697,-1289.442,41.982,-46.555,0.687608,0.726012,0.010098,-0.726045,0.687647,-0.000619,-0.007394,-0.006906,0.999949,0,0.96120,-0.89450,57.672,-1.789,-1,400.000,-1,425.000,-1,325.000,325.000,300.000,300.000,-1,-1,-1,-1,825.000,875.000,-1,-1,2,0,2,0,2,0,0,0,0,2,2,2,2,0,0,2,2
119,746.029,-1332.531,41.428,-48.344,0.664591,0.747126,0.010982,-0.747154,0.664647,-0.002135,-0.008895,-0.006786,0.999937,0,0.96120,-0.89450,57.672,-1.789,-1,400.000,-1,425.000,-1,325.000,325.000,300.000,300.000,-1,-1,-1,-1,825.000,875.000,-1,-1,2,0,2,0,2,0,0,0,0,2,2,2,2,0,0,2,2
120,782.998,-1376.796,40.738,-50.133,0.640931,0.767514,0.011414,-0.767532,0.641001,-0.003680,-0.010141,-0.006402,0.999928,0,0.96120,-0.89450,57.672,-1.789,-1,400.000,-1,425.000,-1,325.000,325.000,300.000,300.000,-1,-1,-1,-1,825.000,875.000,-1,-1,2,0,2,0,2,0,0,0,0,2,2,2,2,0,0,2,2
121,818.567,-1422.194,40.013,-51.922,0.616645,0.787153,0.011829,-0.787159,0.616728,-0.005244,-0.011422,-0.006077,0.999916,0,0.96120,-0.89450,57.672,-1.789,-1,400.000,-1,425.000,-1,325.000,325.000,300.000,300.000,-1,-1,-1,-1,825.000,875.000,-1,-1,2,0,2,0,2,0,0,0,0,2,2,2,2,0,0,2,2
122,852.718,-1468.704,39.257,-53.711,0.591747,0.806031,0.012219,-0.806023,0.591845,-0.006826,-0.012733,-0.005809,0.999902,0,0.96170,-0.89486,57.702,-1.790,-1,400.000,-1,425.000,-1,325.000,325.000,300.000,300.000,-1,-1,-1,-1,825.000,875.000,-1,-1,2,0,2,0,2,0,0,0,0,2,2,2,2,0,0,2,2
123,885.497,-1516.408,38.460,-55.505,0.566213,0.824163,0.012591,-0.824139,0.566325,-0.008385,-0.014042,-0.005629,0.999886,0,0.96467,-0.89688,57.880,-1.794,-1,400.000,-1,425.000,-1,325.000,325.000,300.000,300.000,-1,-1,-1,-1,825.000,850.000,-1,-1,2,0,2,0,2,0,0,0,0,2,2,2,2,0,0,2,2
124,916.864,-1565.271,37.423,-57.303,0.540047,0.841519,0.014004,-0.841483,0.540191,-0.010031,-0.016006,-0.006367,0.999852,0,0.96774,-0.89880,58.064,-1.798,-1,400.000,-1,400.000,-1,325.000,325.000,300.000,300.000,-1,-1,-1,-1,825.000,850.000,-1,-1,2,0,2,0,2,0,0,0,0,2,2,2,2,0,0,2,2
125,946.777,-1615.259,36.346,-59.104,0.513286,0.858077,0.015493,-0.858026,0.513470,-0.011857,-0.018130,-0.007208,0.999810,0,0.97091,-0.90063,58.255,-1.801,-1,400.000,-1,400.000,-1,325.000,325.000,300.000,300.000,-1,-1,-1,-1,825.000,850.000,-1,-1,2,0,2,0,2,0,0,0,0,2,2,2,2,0,0,2,2
126,975.196,-1666.336,35.243,-60.909,0.485962,0.873817,0.016913,-0.873746,0.486188,-0.013738,-0.020228,-0.008101,0.999763,0,0.97419,-0.90235,58.451,-1.805,-1,400.000,-1,400.000,-1,325.000,325.000,300.000,300.000,-1,-1,-1,-1,800.000,825.000,-1,-1,2,0,2,0,2,0,0,0,0,2,2,2,2,0,0,2,2
127,1002.083,-1718.465,34.105,-62.717,0.458100,0.888713,0.018282,-0.888622,0.458374,-0.015617,-0.022259,-0.009091,0.999711,0,0.97757,-0.90397,58.654,-1.808,-1,400.000,-1,400.000,-1,325.000,325.000,300.000,300.000,-1,-1,-1,-1,800.000,825.000,-1,-1,2,0,2,0,2,0,0,0,0,2,2,2,2,0,0,2,2
128,1027.399,-1771.606,32.937,-64.528,0.429729,0.902745,0.019597,-0.902633,0.430055,-0.017490,-0.024217,-0.010173,0.999655,0,0.98105,-0.90549,58.863,-1.811,-1,400.000,-1,400.000,975.000,325.000,325.000,300.000,300.000,-1,-1,-1,-1,800.000,800.000,-1,-1,2,0,2,0,1,0,0,0,0,2,2,2,2,0,0,2,2
129,1051.107,-1825.719,31.742,-66.341,0.400880,0.915893,0.020860,-0.915759,0.401262,-0.019355,-0.026098,-0.011344,0.999595,0,0.98463,-0.90689,59.078,-1.814,-1,400.000,-1,400.000,925.000,325.000,325.000,300.000,300.000,-1,-1,-1,-1,800.000,800.000,-1,975.000,2,0,2,0,1,0,0,0,0,2,2,2,2,0,0,2,1
130,1073.169,-1880.760,30.340,-68.158,0.371612,0.928145,0.021241,-0.927985,0.372028,-0.020962,-0.027358,-0.011921,0.999555,0,0.98830,-0.90817,59.298,-1.816,-1,400.000,-1,400.000,875.000,325.000,325.000,300.000,300.000,-1,-1,-1,-1,800.000,775.000,-1,900.000,2,0,2,0,1,0,0,0,0,2,2,2,2,0,1,2,1
131,1092.046,-1931.884,28.955,-69.734,0.345915,0.938025,0.021261,-0.937835,0.346354,-0.022445,-0.028418,-0.012175,0.999522,0,0.90830,-0.78817,54.498,-1.576,-1,400.000,-1,400.000,825.000,325.000,325.000,300.000,300.000,-1,-1,-1,-1,775.000,750.000,-1,850.000,2,0,2,0,1,0,0,0,0,2,2,2,2,0,1,2,1
132,1108.168,-1978.894,27.652,-71.070,0.323925,0.945846,0.021169,-0.945625,0.324383,-0.023833,-0.029410,-0.012298,0.999492,0,0.82830,-0.66817,49.698,-1.336,-1,400.000,-1,400.000,800.000,325.000,325.000,300.000,300.000,-1,-1,-1,-1,775.000,700.000,-1,800.000,2,0,2,0,1,0,0,0,0,2,2,2,2,0,1,2,1
133,1121.919,-2021.635,26.464,-72.167,0.305752,0.951878,0.021060,-0.951630,0.306226,-0.025022,-0.030267,-0.012391,0.999465,0,0.74830,-0.54817,44.898,-1.096,-1,400.000,-1,400.000,750.000,325.000,325.000,300.000,300.000,-1,-1,-1,-1,775.000,675.000,-1,750.000,2,0,2,0,1,0,0,0,0,2,2,2,2,0,1,2,1
134,1134.629,-2063.268,25.151,-73.023,0.291470,0.956341,0.021386,-0.956090,0.291964,-0.025473,-0.030605,-0.013022,0.999447,0,0.72549,-0.42817,43.530,-0.856,-1,400.000,-1,400.000,700.000,325.000,325.000,300.000,300.000,-1,-1,-1,-1,775.000,650.000,-1,700.000,2,0,2,0,1,0,0,0,0,2,2,2,2,0,1,2,1
135,1146.937,-2105.194,23.778,-73.639,0.281140,0.959417,0.021889,-0.959166,0.281657,-0.025868,-0.030983,-0.013722,0.999426,0,0.72826,-0.30817,43.695,-0.616,-1,400.000,-1,400.000,675.000,325.000,325.000,300.000,300.000,-1,-1,-1,-1,775.000,625.000,-1,675.000,2,0,2,0,1,0,0,0,0,2,2,2,2,0,1,2,1
136,1159.015,-2147.355,22.392,-74.016,0.274807,0.961239,0.022387,-0.960986,0.275347,-0.026256,-0.031403,-0.014298,0.999405,0,0.73095,-0.18817,43.857,-0.376,-1,400.000,-1,400.000,625.000,325.000,325.000,300.000,300.000,-1,-1,-1,-1,775.000,575.000,-1,625.000,2,0,2,0,1,0,0,0,0,2,2,2,2,0,1,2,1
137,1171.034,-2189.696,20.991,-74.152,0.272496,0.961885,0.022882,-0.961629,0.273057,-0.026638,-0.031871,-0.014746,0.999383,0,0.73356,-0.06817,44.014,-0.136,-1,400.000,-1,400.000,600.000,325.000,325.000,300.000,300.000,-1,-1,-1,-1,775.000,550.000,-1,575.000,2,0,2,0,1,0,0,0,0,2,2,2,2,0,1,2,1
