timestep,x_cm,y_cm,z_cm,yaw_deg,basis_xx,basis_xy,basis_xz,basis_yx,basis_yy,basis_yz,basis_zx,basis_zy,basis_zz,teleport_flag,throttle_cmd,steering_cmd,cmd_move_cm,cmd_turn_deg,lidar_cm_0,lidar_cm_1,lidar_cm_2,lidar_cm_3,lidar_cm_4,lidar_cm_5,lidar_cm_6,lidar_cm_7,lidar_cm_8,lidar_cm_9,lidar_cm_10,lidar_cm_11,lidar_cm_12,lidar_cm_13,lidar_cm_14,lidar_cm_15,lidar_cm_16,lidar_class_0,lidar_class_1,lidar_class_2,lidar_class_3,lidar_class_4,lidar_class_5,lidar_class_6,lidar_class_7,lidar_class_8,lidar_class_9,lidar_class_10,lidar_class_11,lidar_class_12,lidar_class_13,lidar_class_14,lidar_class_15,lidar_class_16
0,3611.418,2292.790,-78.204,-38.631,0.770976,0.623025,-0.132047,-0.625809,0.779594,0.024411,0.118152,0.063816,0.990943,1,0.08000,-0.12000,4.800,-0.240,-1,375.000,-1,400.000,-1,325.000,325.000,300.000,300.000,-1,425.000,350.000,-1,825.000,-1,-1,-1,2,0,2,0,2,0,0,0,0,2,0,0,2,0,2,2,2
1,3618.868,2286.734,-77.168,-39.111,0.765635,0.629494,-0.132444,-0.632337,0.774298,0.024738,0.118124,0.064809,0.990882,0,0.16000,-0.24000,9.600,-0.480,-1,400.000,-1,425.000,-1,325.000,325.000,300.000,300.000,-1,425.000,350.000,-1,825.000,-1,-1,-1,2,0,2,0,2,0,0,0,0,2,0,0,2,0,2,2,2
2,3629.928,2277.511,-75.676,-39.831,0.757567,0.639121,-0.132727,-0.642028,0.766264,0.025288,0.117866,0.066057,0.990830,0,0.24000,-0.36000,14.400,-0.720,-1,400.000,-1,425.000,-1,325.000,325.000,300.000,300.000,-1,400.000,325.000,-1,825.000,-1,-1,-1,2,0,2,0,2,0,0,0,0,2,0,0,2,0,2,2,2
3,3644.465,2264.969,-73.704,-40.791,0.746640,0.651800,-0.132984,-0.654785,0.755367,0.026019,0.117411,0.067648,0.990777,0,0.32000,-0.48000,19.200,-0.960,-1,400.000,-1,425.000,-1,325.000,325.000,300.000,300.000,-1,425.000,325.000,-1,850.000,-1,-1,-1,2,0,2,0,2,0,0,0,0,2,0,0,2,0,2,2,2
4,3662.372,2248.988,-71.248,-41.752,0.735486,0.664308,-0.133248,-0.667362,0.744250,0.026838,0.116999,0.069186,0.990719,0,0.40000,-0.48052,24.000,-0.961,-1,400.000,-1,-1,-1,325.000,325.000,300.000,300.000,-1,425.000,325.000,-1,875.000,-1,-1,-1,2,0,2,2,2,0,0,0,0,2,0,0,2,0,2,2,2
5,3683.535,2229.454,-68.031,-42.713,0.724157,0.676571,-0.133602,-0.679872,0.732863,0.026192,0.115633,0.071865,0.990689,0,0.48000,-0.48059,28.800,-0.961,-1,400.000,-1,-1,-1,325.000,325.000,300.000,300.000,-1,450.000,375.000,-1,875.000,-1,-1,-1,2,0,2,2,2,0,0,0,0,2,0,0,2,0,2,2,2
6,3707.839,2206.253,-64.282,-43.674,0.712631,0.688623,-0.133999,-0.692224,0.721245,0.025115,0.113941,0.074860,0.990663,0,0.56000,-0.48082,33.600,-0.962,-1,400.000,-1,-1,-1,325.000,325.000,300.000,300.000,-1,500.000,425.000,-1,900.000,-1,-1,-1,2,0,2,2,2,0,0,0,0,2,0,0,2,0,2,2,2
7,3735.166,2179.274,-60.079,-44.637,0.700908,0.700474,-0.134406,-0.704395,0.709407,0.023850,0.112055,0.077958,0.990639,0,0.64000,-0.48123,38.400,-0.962,-1,400.000,-1,-1,-1,325.000,325.000,300.000,300.000,-1,575.000,475.000,-1,-1,-1,-1,-1,2,0,2,2,2,0,0,0,0,2,0,0,2,2,2,2,2
8,3765.394,2148.411,-55.450,-45.601,0.688991,0.712123,-0.134805,-0.716384,0.697348,0.022364,0.109932,0.081163,0.990620,0,0.72000,-0.48181,43.200,-0.964,-1,425.000,-1,-1,-1,325.000,325.000,300.000,300.000,-1,650.000,550.000,-1,-1,-1,-1,-1,2,0,2,2,2,0,0,0,0,2,0,0,2,2,2,2,2
9,3798.398,2113.557,-50.426,-46.566,0.676887,0.723568,-0.135180,-0.728191,0.685064,0.020620,0.107526,0.084480,0.990607,0,0.80000,-0.48259,48.000,-0.965,-1,425.000,-1,-1,-1,325.000,-1,275.000,300.000,-1,750.000,625.000,-1,-1,-1,-1,-1,2,0,2,2,2,0,2,0,0,2,0,0,2,2,2,2,2
10,3834.050,2074.611,-45.039,-47.533,0.664599,0.734809,-0.135516,-0.739816,0.672553,0.018572,0.104788,0.087914,0.990601,0,0.88000,-0.48357,52.800,-0.967,-1,425.000,-1,-1,-1,325.000,-1,275.000,300.000,-1,850.000,725.000,-1,-1,-1,-1,-1,2,0,2,2,2,0,2,0,0,2,0,0,2,2,2,2,2
11,3872.221,2031.476,-40.726,-48.502,0.652405,0.745565,-0.136016,-0.751577,0.659563,0.010399,0.097464,0.095442,0.990652,0,0.96000,-0.48478,57.600,-0.970,-1,425.000,-1,-1,-1,-1,-1,275.000,275.000,-1,-1,1000.000,-1,-1,-1,-1,-1,2,0,2,2,2,2,2,0,0,2,2,0,2,2,2,2,2
12,3911.002,1986.149,-39.784,-49.475,0.640674,0.755073,-0.139290,-0.763670,0.645463,-0.013580,0.079653,0.115071,0.990159,0,0.99426,-0.48627,59.656,-0.973,-1,-1,-1,-1,-1,-1,-1,300.000,250.000,-1,-1,-1,-1,-1,-1,-1,-1,2,2,2,2,2,2,2,0,0,2,2,2,2,2,2,2,2
13,3949.153,1940.001,-39.879,-50.451,0.629277,0.763703,-0.144108,-0.774942,0.630648,-0.041810,0.058951,0.137986,0.988678,0,0.99796,-0.48795,59.877,-0.976,-1,-1,-1,-1,-1,-1,-1,325.000,200.000,-1,-1,-1,-1,-1,-1,-1,-1,2,2,2,2,2,2,2,0,1,2,2,2,2,2,2,2,2
14,3986.595,1893.118,-41.001,-51.430,0.618439,0.771255,-0.150661,-0.785029,0.615015,-0.074065,0.035536,0.164078,0.985807,0,1.00000,-0.48976,60.000,-0.980,-1,-1,-1,-1,-1,-1,-1,350.000,175.000,-1,-1,-1,-1,-1,-1,-1,-1,2,2,2,2,2,2,2,0,1,2,2,2,2,2,2,2,2
15,4023.234,1845.602,-43.073,-52.414,0.608441,0.777782,-0.157653,-0.793541,0.598673,-0.109010,0.009597,0.191431,0.981459,0,1.00000,-0.49172,60.000,-0.983,-1,-1,-1,-1,-1,-1,-1,375.000,150.000,-1,-1,-1,-1,-1,-1,-1,-1,2,2,2,2,2,2,2,0,1,2,2,2,2,2,2,2,2
16,4059.059,1797.466,-46.189,-53.402,0.599424,0.783006,-0.166112,-0.800223,0.581478,-0.146723,-0.018294,0.220876,0.975130,0,1.00000,-0.49387,60.000,-0.988,-1,-1,-1,-1,-1,-1,-1,425.000,125.000,-1,-1,-1,-1,-1,-1,-1,-1,2,2,2,2,2,2,2,0,1,2,2,2,2,2,2,2,2
17,5575.412,8855.070,138.401,150.543,-0.868761,-0.491252,-0.062650,0.493096,-0.869801,-0.017409,-0.045941,-0.046017,0.997884,1,0.00000,0.00000,60.000,-0.993,725.000,375.000,-1,375.000,-1,300.000,300.000,300.000,300.000,-1,500.000,425.000,475.000,575.000,675.000,725.000,-1,0,0,2,0,2,0,0,0,0,2,1,1,1,0,0,0,2
18,5571.243,8857.448,138.166,150.303,-0.866714,-0.494886,-0.062412,0.496731,-0.867726,-0.017603,-0.045444,-0.046259,0.997895,0,0.08000,-0.12000,4.800,-0.240,700.000,375.000,-1,375.000,-1,300.000,300.000,300.000,300.000,-1,500.000,425.000,475.000,575.000,675.000,725.000,-1,0,0,2,0,2,0,0,0,0,2,1,1,1,0,0,0,2
19,5562.924,8862.239,137.713,150.060,-0.864642,-0.498557,-0.061936,0.500402,-0.865606,-0.017998,-0.044639,-0.046555,0.997918,0,0.16000,-0.12157,9.600,-0.243,700.000,375.000,-1,375.000,-1,300.000,300.000,300.000,300.000,-1,500.000,450.000,475.000,575.000,675.000,700.000,-1,0,0,2,0,2,0,0,0,0,2,1,1,1,0,0,0,2
20,5550.476,8869.479,137.045,149.818,-0.862584,-0.502195,-0.061225,0.504038,-0.863481,-0.018599,-0.043527,-0.046904,0.997951,0,0.24000,-0.12083,14.400,-0.242,700.000,375.000,-1,375.000,-1,300.000,300.000,300.000,300.000,-1,500.000,450.000,500.000,575.000,675.000,700.000,-1,0,0,2,0,2,0,0,0,0,2,0,1,1,0,0,0,2
21,5533.919,8879.200,136.164,149.579,-0.860548,-0.505790,-0.060284,0.507626,-0.861359,-0.019412,-0.042108,-0.047306,0.997993,0,0.32000,-0.11972,19.200,-0.239,675.000,375.000,-1,375.000,-1,300.000,300.000,300.000,300.000,-1,475.000,425.000,525.000,575.000,675.000,700.000,-1,0,0,2,0,2,0,0,0,0,2,0,0,1,0,0,0,2
22,5513.274,8891.438,135.074,149.342,-0.858539,-0.509329,-0.059113,0.511156,-0.859245,-0.020442,-0.040381,-0.047766,0.998042,0,0.40000,-0.11824,24.000,-0.236,675.000,350.000,-1,375.000,-1,300.000,300.000,300.000,300.000,-1,425.000,400.000,550.000,575.000,675.000,675.000,-1,0,0,2,0,2,0,0,0,0,2,0,0,1,0,0,0,2
23,5488.559,8906.224,133.777,149.109,-0.856564,-0.512803,-0.057715,0.514614,-0.857147,-0.021697,-0.038344,-0.048285,0.998097,0,0.48000,-0.11638,28.800,-0.233,650.000,350.000,-1,375.000,-1,300.000,300.000,300.000,300.000,-1,400.000,375.000,575.000,550.000,675.000,675.000,-1,0,0,2,0,2,0,0,0,0,2,0,0,1,0,0,0,2
24,5459.795,8923.589,132.291,148.881,-0.854634,-0.516201,-0.056013,0.517985,-0.855076,-0.023155,-0.035943,-0.048802,0.998162,0,0.56000,-0.11414,33.600,-0.228,625.000,350.000,-1,375.000,-1,300.000,300.000,300.000,325.000,-1,375.000,350.000,600.000,550.000,650.000,650.000,-1,0,0,2,0,2,0,0,0,0,2,0,0,1,0,0,0,2
25,5426.998,8943.563,130.806,148.658,-0.852746,-0.519531,-0.053956,0.521246,-0.853069,-0.023984,-0.033568,-0.048576,0.998255,0,0.64000,-0.11152,38.400,-0.223,625.000,350.000,-1,375.000,-1,300.000,300.000,300.000,325.000,-1,350.000,350.000,625.000,550.000,650.000,650.000,-1,0,0,2,0,2,0,0,0,0,2,0,0,1,0,0,0,2
26,5390.188,8966.173,129.357,148.441,-0.850888,-0.522787,-0.051798,0.524395,-0.851140,-0.023875,-0.031606,-0.047477,0.998372,0,0.72000,-0.10851,43.200,-0.217,600.000,350.000,-1,375.000,-1,300.000,325.000,300.000,325.000,-1,375.000,350.000,675.000,550.000,650.000,625.000,-1,0,0,2,0,2,0,0,0,0,2,0,0,1,0,0,0,2
27,5350.253,8990.906,127.801,148.231,-0.849084,-0.525936,-0.049472,0.527432,-0.849265,-0.023767,-0.029515,-0.046273,0.998493,0,0.78290,-0.10511,46.974,-0.210,575.000,325.000,-1,375.000,-1,300.000,300.000,300.000,325.000,-1,375.000,350.000,700.000,525.000,625.000,600.000,-1,0,0,2,0,2,0,0,0,0,2,0,0,1,0,0,0,2
28,5310.281,9015.859,126.853,148.028,-0.847453,-0.529024,-0.044227,0.530256,-0.847535,-0.022629,-0.025513,-0.042629,0.998765,0,0.78536,-0.10140,47.121,-0.203,600.000,325.000,-1,375.000,-1,300.000,300.000,300.000,325.000,-1,375.000,350.000,750.000,525.000,625.000,600.000,-1,0,0,2,0,2,0,0,0,0,2,0,0,1,0,0,0,2
29,5270.267,9041.030,126.182,147.833,-0.845898,-0.532011,-0.037691,0.532944,-0.845888,-0.021063,-0.020677,-0.037904,0.999067,0,0.78788,-0.09765,47.273,-0.195,625.000,325.000,-1,375.000,-1,300.000,300.000,325.000,300.000,-1,375.000,325.000,775.000,550.000,625.000,650.000,-1,0,0,2,0,2,0,0,0,0,2,0,0,1,0,0,0,2
30,5230.204,9066.414,125.524,147.645,-0.844359,-0.534870,-0.031161,0.535542,-0.844283,-0.019525,-0.015865,-0.033174,0.999324,0,0.79046,-0.09387,47.428,-0.188,650.000,325.000,-1,375.000,-1,300.000,300.000,325.000,300.000,-1,375.000,300.000,800.000,550.000,625.000,675.000,-1,0,0,2,0,2,0,0,0,0,2,0,0,1,0,0,0,2
31,5190.087,9092.008,124.880,147.465,-0.842840,-0.537601,-0.024636,0.538051,-0.842720,-0.018012,-0.011078,-0.028437,0.999534,0,0.79311,-0.09007,47.586,-0.180,675.000,325.000,-1,375.000,-1,300.000,300.000,325.000,300.000,-1,350.000,300.000,825.000,550.000,625.000,700.000,-1,0,0,2,0,2,0,0,0,0,2,0,0,1,0,0,0,2
32,5149.911,9117.810,124.535,147.292,-0.841321,-0.540188,-0.019391,0.540488,-0.841181,-0.016952,-0.007154,-0.024743,0.999668,0,0.79580,-0.08623,47.748,-0.172,700.000,325.000,-1,375.000,-1,275.000,300.000,325.000,300.000,-1,375.000,300.000,875.000,550.000,650.000,700.000,-1,0,0,2,0,2,0,0,0,0,2,0,0,1,0,0,0,2
33,5109.670,9143.817,124.427,147.128,-0.839831,-0.542640,-0.014996,0.542835,-0.839680,-0.016345,-0.003723,-0.021867,0.999754,0,0.79854,-0.08236,47.913,-0.165,700.000,325.000,-1,350.000,-1,275.000,300.000,325.000,300.000,-1,400.000,325.000,900.000,550.000,650.000,725.000,-1,0,0,2,0,2,0,0,0,0,2,0,0,1,0,0,0,2
34,5069.361,9170.025,124.362,146.971,-0.838389,-0.544969,-0.010586,0.545072,-0.838239,-0.015887,-0.000216,-0.019090,0.999818,0,0.80134,-0.07847,48.080,-0.157,700.000,325.000,-1,350.000,-1,275.000,300.000,325.000,300.000,-1,400.000,325.000,925.000,550.000,650.000,725.000,-1,0,0,2,0,2,0,0,0,0,2,0,0,1,0,0,0,2
35,5028.977,9196.430,124.938,146.822,-0.837012,-0.547154,-0.005890,0.547161,-0.836824,-0.018429,0.005155,-0.018648,0.999813,0,0.80417,-0.07455,48.250,-0.149,725.000,350.000,-1,375.000,-1,275.000,300.000,300.000,300.000,-1,400.000,350.000,950.000,575.000,675.000,750.000,-1,0,0,2,0,2,0,0,0,0,2,0,0,1,0,0,0,2
36,4988.513,9223.030,125.745,146.680,-0.835683,-0.549211,-0.001112,0.549098,-0.835468,-0.022014,0.011161,-0.019007,0.999757,0,0.80706,-0.07061,48.423,-0.141,750.000,350.000,-1,375.000,-1,300.000,300.000,300.000,300.000,-1,375.000,300.000,975.000,575.000,700.000,800.000,-1,0,0,2,0,2,0,0,0,0,2,0,0,1,0,0,0,2
37,4947.966,9249.820,126.537,146.547,-0.834398,-0.551150,0.003636,0.550897,-0.834184,-0.025477,0.017075,-0.019255,0.999669,0,0.80998,-0.06663,48.599,-0.133,800.000,350.000,-1,375.000,-1,300.000,300.000,300.000,300.000,-1,325.000,250.000,975.000,575.000,725.000,850.000,-1,0,0,2,0,2,0,0,0,0,2,0,0,0,0,0,0,2
38,4907.328,9276.797,127.375,146.422,-0.833157,-0.552974,0.008329,0.552570,-0.832979,-0.028506,0.022701,-0.019148,0.999559,0,0.81294,-0.06264,48.776,-0.125,825.000,350.000,-1,375.000,-1,300.000,300.000,300.000,300.000,-1,300.000,225.000,950.000,600.000,750.000,900.000,-1,0,0,2,0,2,0,0,0,0,2,0,0,0,0,0,0,2
39,4867.664,9303.495,128.168,146.057,-0.829556,-0.558276,0.012852,0.557715,-0.829442,-0.031299,0.028133,-0.018797,0.999427,0,0.79686,-0.18264,47.812,-0.365,875.000,350.000,-1,400.000,-1,300.000,325.000,300.000,300.000,-1,275.000,200.000,925.000,625.000,775.000,-1,-1,0,0,2,0,2,0,0,0,0,2,0,0,0,0,0,2,2
40,4828.137,9330.711,128.919,145.451,-0.823528,-0.567013,0.017277,0.566282,-0.823506,-0.034086,0.033555,-0.018287,0.999270,0,0.79984,-0.30264,47.990,-0.605,-1,350.000,-1,400.000,-1,300.000,325.000,275.000,325.000,-1,250.000,175.000,900.000,625.000,825.000,-1,-1,2,0,2,0,2,0,0,0,0,2,0,0,0,0,0,2,2
41,4788.869,9358.612,130.198,144.606,-0.814956,-0.579128,0.021395,0.578333,-0.815092,-0.033991,0.037124,-0.015328,0.999193,0,0.80284,-0.42264,48.170,-0.845,-1,350.000,-1,400.000,-1,300.000,325.000,275.000,325.000,-1,250.000,175.000,900.000,650.000,850.000,-1,-1,2,0,2,0,2,0,0,0,0,2,0,0,0,0,0,2,2
42,4749.886,9387.215,131.874,143.732,-0.805885,-0.591528,0.025383,0.590770,-0.806215,-0.031765,0.039254,-0.010603,0.999173,0,0.80584,-0.43693,48.351,-0.874,-1,375.000,-1,400.000,-1,325.000,325.000,300.000,300.000,-1,300.000,225.000,875.000,675.000,875.000,-1,-1,2,0,2,0,2,0,0,0,0,2,0,0,0,0,0,2,2
43,4711.205,9416.505,133.532,142.866,-0.796688,-0.603675,0.029396,0.602979,-0.797209,-0.029558,0.041279,-0.005824,0.999131,0,0.80866,-0.43320,48.520,-0.866,-1,375.000,-1,425.000,-1,325.000,325.000,300.000,300.000,-1,325.000,250.000,875.000,700.000,900.000,-1,-1,2,0,2,0,2,0,0,0,0,2,0,0,0,0,0,2,2
44,4672.971,9446.377,135.229,141.999,-0.787281,-0.615671,0.033737,0.615066,-0.788003,-0.027300,0.043393,-0.000742,0.999058,0,0.80866,-0.43320,48.520,-0.866,-1,375.000,-1,425.000,-1,325.000,325.000,300.000,300.000,-1,350.000,250.000,850.000,700.000,925.000,-1,-1,2,0,2,0,2,0,0,0,0,2,0,0,0,0,0,2,2
45,4635.193,9476.824,137.017,141.133,-0.777648,-0.627509,0.038683,0.627032,-0.778594,-0.024941,0.045770,0.004860,0.998940,0,0.80866,-0.43320,48.520,-0.866,-1,375.000,-1,425.000,-1,325.000,325.000,300.000,300.000,-1,400.000,275.000,850.000,750.000,950.000,-1,-1,2,0,2,0,2,0,0,0,0,2,0,0,0,0,0,2,2
46,4597.879,9507.838,138.771,140.267,-0.767818,-0.639182,0.043598,0.638867,-0.768984,-0.022642,0.047999,0.010468,0.998793,0,0.80866,-0.43320,48.520,-0.866,-1,400.000,-1,425.000,-1,325.000,325.000,300.000,300.000,-1,425.000,300.000,825.000,775.000,975.000,-1,-1,2,0,2,0,2,0,0,0,0,2,0,0,0,0,0,2,2
47,4561.038,9539.412,140.286,139.400,-0.757862,-0.650698,0.047294,0.650547,-0.759186,-0.020628,0.049328,0.015134,0.998668,0,0.80866,-0.43320,48.520,-0.866,-1,400.000,-1,425.000,-1,325.000,350.000,300.000,300.000,-1,450.000,325.000,825.000,825.000,975.000,-1,-1,2,0,2,0,2,0,0,0,0,2,0,0,0,0,0,2,2
48,4524.679,9571.540,141.768,138.534,-0.747754,-0.662054,0.050479,0.662075,-0.749204,-0.018718,0.050211,0.019424,0.998550,0,0.80866,-0.43320,48.520,-0.866,-1,400.000,-1,425.000,-1,325.000,350.000,300.000,275.000,-1,500.000,350.000,825.000,850.000,1000.000,-1,-1,2,0,2,0,2,0,0,0,0,2,0,0,0,0,0,2,2
49,4488.811,9604.214,143.846,137.667,-0.737664,-0.673284,0.050413,0.673393,-0.739081,-0.017328,0.048926,0.021166,0.998578,0,0.80866,-0.43320,48.520,-0.866,-1,400.000,-1,425.000,-1,325.000,350.000,300.000,275.000,-1,550.000,425.000,850.000,850.000,-1,-1,-1,2,0,2,0,2,0,0,0,0,2,0,0,0,0,2,2,2
50,4453.441,9637.427,145.991,136.801,-0.727455,-0.684365,0.049533,0.684543,-0.728798,-0.015952,0.047016,0.022303,0.998645,0,0.80866,-0.43320,48.520,-0.866,-1,400.000,-1,425.000,-1,325.000,350.000,300.000,275.000,-1,650.000,500.000,900.000,875.000,-1,-1,-1,2,0,2,0,2,0,0,0,0,2,0,0,0,0,2,2,2
51,4418.578,9671.171,148.037,135.935,-0.717085,-0.695289,0.048606,0.695534,-0.718348,-0.014454,0.044965,0.023442,0.998713,0,0.80866,-0.43320,48.520,-0.866,-1,400.000,-1,425.000,-1,325.000,350.000,300.000,275.000,-1,750.000,575.000,950.000,875.000,-1,-1,-1,2,0,2,0,2,0,0,0,0,2,0,0,0,0,2,2,2
52,4380.673,9708.670,150.185,135.308,-0.709515,-0.703082,0.047587,0.703398,-0.710685,-0.012591,0.042672,0.024539,0.998788,0,0.88866,-0.31320,53.320,-0.626,-1,400.000,-1,425.000,-1,325.000,350.000,300.000,275.000,-1,850.000,675.000,975.000,875.000,-1,-1,-1,2,0,2,0,2,0,0,0,0,2,0,0,0,0,2,2,2
53,4341.926,9747.523,152.287,134.922,-0.704837,-0.707840,0.046552,0.708226,-0.705909,-0.010455,0.040262,0.025601,0.998861,0,0.91453,-0.19320,54.872,-0.386,-1,400.000,-1,425.000,-1,325.000,350.000,275.000,275.000,-1,950.000,775.000,-1,875.000,-1,-1,-1,2,0,2,0,2,0,0,0,0,2,0,0,2,0,2,2,2
54,4303.278,9786.474,154.235,134.775,-0.703111,-0.709619,0.045564,0.710081,-0.704075,-0.007889,0.037679,0.026807,0.998930,0,0.91453,-0.07320,54.872,-0.146,-1,400.000,-1,425.000,-1,325.000,350.000,275.000,275.000,-1,-1,900.000,-1,875.000,1000.000,-1,-1,2,0,2,0,2,0,0,0,0,2,2,0,2,0,0,2,2
55,4264.566,9825.363,156.105,134.869,-0.704355,-0.708446,0.044589,0.708977,-0.705212,-0.005232,0.035151,0.027928,0.998992,0,0.91453,0.04680,54.872,0.094,-1,400.000,-1,425.000,-1,325.000,350.000,275.000,275.000,-1,-1,-1,-1,875.000,1000.000,-1,-1,2,0,2,0,2,0,0,0,0,2,2,2,2,0,0,2,2
56,4225.629,9864.025,157.888,135.203,-0.708555,-0.704305,0.043639,0.704901,-0.709302,-0.002373,0.032625,0.029080,0.999045,0,0.91453,0.16680,54.872,0.334,-1,400.000,-1,425.000,-1,325.000,350.000,275.000,275.000,-1,-1,-1,-1,850.000,975.000,-1,-1,2,0,2,0,2,0,0,0,0,2,2,2,2,0,0,2,2
57,4186.174,9902.425,159.752,135.776,-0.715667,-0.697130,0.042784,0.697814,-0.716277,0.001501,0.029599,0.030930,0.999083,0,0.91762,0.28680,55.057,0.574,-1,400.000,-1,425.000,-1,325.000,350.000,275.000,275.000,-1,-1,-1,-1,850.000,975.000,-1,-1,2,0,2,0,2,0,0,0,0,2,2,2,2,0,0,2,2
58,4146.021,9940.408,161.449,136.590,-0.725587,-0.686855,0.041872,0.687604,-0.726068,0.005099,0.026900,0.032492,0.999110,0,0.92121,0.40680,55.273,0.814,-1,400.000,-1,425.000,-1,350.000,350.000,275.000,275.000,-1,-1,-1,-1,825.000,925.000,-1,-1,2,0,2,0,2,0,0,0,0,2,2,2,2,0,0,2,2
59,4105.016,9977.794,162.902,137.643,-0.738178,-0.673367,0.040881,0.674150,-0.738551,0.007988,0.024814,0.033456,0.999132,0,0.92484,0.52680,55.490,1.054,-1,400.000,-1,425.000,-1,350.000,350.000,275.000,275.000,-1,-1,-1,-1,825.000,900.000,-1,-1,2,0,2,0,2,0,0,0,0,2,2,2,2,0,0,2,2
60,4063.032,10014.416,164.254,138.902,-0.752874,-0.656955,0.039885,0.657767,-0.753143,0.010896,0.022881,0.034439,0.999145,0,0.92853,0.62949,55.712,1.259,-1,400.000,-1,425.000,-1,325.000,350.000,275.000,300.000,-1,-1,-1,-1,800.000,875.000,-1,-1,2,0,2,0,2,0,0,0,0,2,2,2,2,0,0,2,2
61,4020.079,10050.249,165.478,140.163,-0.767229,-0.640202,0.038760,0.641033,-0.767389,0.013824,0.020894,0.035453,0.999153,0,0.93229,0.63040,55.938,1.261,-1,400.000,-1,425.000,-1,325.000,350.000,275.000,300.000,-1,-1,-1,-1,800.000,850.000,975.000,-1,2,0,2,0,2,0,0,0,0,2,2,2,2,0,0,1,2
62,3976.168,10085.271,166.531,141.426,-0.781237,-0.623120,0.037300,0.623954,-0.781282,0.016712,0.018728,0.036330,0.999164,0,0.93612,0.63121,56.167,1.262,-1,400.000,-1,425.000,-1,325.000,350.000,275.000,300.000,-1,-1,-1,-1,775.000,825.000,925.000,-1,2,0,2,0,2,0,0,0,0,2,2,2,2,0,0,1,2
63,3931.310,10119.456,167.514,142.689,-0.794869,-0.605710,0.036022,0.606550,-0.794802,0.019664,0.016720,0.037480,0.999158,0,0.93999,0.63191,56.400,1.264,-1,400.000,-1,425.000,-1,325.000,325.000,275.000,300.000,-1,-1,-1,-1,750.000,800.000,875.000,-1,2,0,2,0,2,0,0,0,0,2,2,2,2,1,0,1,2
64,3885.517,10152.782,168.427,143.954,-0.808118,-0.587984,0.034923,0.588833,-0.807937,0.022689,0.014875,0.038899,0.999132,0,0.94393,0.63250,56.636,1.265,-1,400.000,-1,400.000,-1,325.000,325.000,300.000,300.000,-1,-1,-1,-1,700.000,750.000,825.000,-1,2,0,2,0,2,0,0,0,0,2,2,2,2,1,0,1,2
65,3838.802,10185.223,169.186,145.220,-0.820963,-0.569945,0.034374,0.570823,-0.820665,0.025905,0.013445,0.040888,0.999073,0,0.94791,0.63297,56.875,1.266,-1,375.000,950.000,400.000,-1,325.000,325.000,300.000,300.000,-1,-1,-1,-1,650.000,725.000,750.000,-1,2,0,1,0,2,0,0,0,0,2,2,2,2,1,0,1,2
66,3791.180,10216.758,169.966,146.487,-0.833421,-0.551622,0.033505,0.552511,-0.832998,0.029069,0.011875,0.042739,0.999016,0,0.95195,0.63332,57.117,1.267,-1,375.000,875.000,400.000,-1,325.000,325.000,300.000,300.000,-1,-1,-1,-1,625.000,700.000,700.000,-1,2,0,1,0,2,0,0,0,0,2,2,2,2,1,0,1,2
67,3742.153,10247.975,170.746,147.514,-0.843225,-0.536568,0.032675,0.537461,-0.842684,0.031939,0.010397,0.044493,0.998956,0,0.96869,0.51332,58.121,1.027,-1,375.000,800.000,375.000,-1,300.000,300.000,300.000,300.000,-1,-1,-1,-1,575.000,675.000,650.000,-1,2,0,1,0,2,0,0,0,0,2,2,2,2,1,0,1,2
68,3692.375,10278.457,171.998,148.518,-0.852507,-0.521712,0.032389,0.522607,-0.851956,0.032442,0.010669,0.044584,0.998949,0,0.97283,0.50219,58.370,1.004,950.000,375.000,725.000,375.000,-1,300.000,300.000,300.000,300.000,-1,-1,-1,-1,525.000,675.000,600.000,1000.000,1,0,1,0,2,0,0,0,0,2,2,2,2,1,0,1,1
69,3641.854,10308.189,173.278,149.523,-0.861517,-0.506689,0.032469,0.507601,-0.860972,0.032694,0.011389,0.044648,0.998938,0,0.97701,0.50242,58.621,1.005,875.000,375.000,675.000,375.000,-1,300.000,300.000,300.000,300.000,-1,-1,-1,-1,500.000,650.000,550.000,900.000,1,0,1,0,2,0,0,0,0,2,2,2,2,1,0,1,1
70,3590.599,10337.155,174.587,150.528,-0.870251,-0.491507,0.032922,0.492449,-0.869726,0.032720,0.012551,0.044687,0.998922,0,0.98123,0.50256,58.874,1.005,775.000,375.000,600.000,375.000,-1,300.000,300.000,300.000,300.000,-1,-1,-1,-1,450.000,625.000,500.000,800.000,1,1,1,0,2,0,0,0,0,2,2,2,2,1,1,1,1
71,3538.619,10365.338,175.921,151.533,-0.878703,-0.476174,0.033752,0.477159,-0.878214,0.032543,0.014146,0.044700,0.998900,0,0.98548,0.50260,59.129,1.005,700.000,325.000,550.000,375.000,975.000,300.000,300.000,300.000,325.000,-1,-1,-1,-1,425.000,550.000,450.000,725.000,1,1,1,0,1,0,0,0,0,2,2,2,2,1,1,1,1
72,3485.925,10392.724,177.281,152.538,-0.886869,-0.460696,0.034964,0.461738,-0.886432,0.032186,0.016165,0.044689,0.998870,0,0.98976,0.50254,59.386,1.005,600.000,300.000,475.000,375.000,850.000,300.000,300.000,325.000,325.000,-1,-1,-1,-1,375.000,500.000,400.000,625.000,1,1,1,0,1,1,0,0,0,2,2,2,2,1,1,1,1
73,3432.527,10419.297,178.639,153.543,-0.894741,-0.445084,0.036586,0.446195,-0.894380,0.031543,0.018683,0.044548,0.998833,0,0.99408,0.50236,59.645,1.005,500.000,275.000,425.000,350.000,725.000,250.000,300.000,325.000,325.000,-1,-1,-1,-1,325.000,425.000,350.000,550.000,1,1,1,1,1,1,1,0,0,2,2,2,2,1,1,1,1
74,3378.436,10445.043,179.932,154.547,-0.902308,-0.429352,0.038699,0.430537,-0.902063,0.030330,0.021887,0.044029,0.998790,0,0.99843,0.50208,59.906,1.004,425.000,250.000,375.000,300.000,600.000,225.000,250.000,325.000,325.000,-1,-1,-1,-1,300.000,350.000,300.000,475.000,1,1,1,1,1,1,1,0,0,2,2,2,2,1,1,1,1
75,3323.813,10469.870,183.453,155.550,-0.909143,-0.413324,0.051200,0.415220,-0.909078,0.034188,0.032414,0.052341,0.998103,0,1.00000,0.50167,60.000,1.003,400.000,225.000,325.000,250.000,500.000,200.000,225.000,350.000,300.000,-1,-1,825.000,-1,250.000,300.000,275.000,400.000,1,1,1,1,1,1,1,0,0,2,2,0,2,1,1,1,1
76,3268.761,10493.732,188.575,156.553,-0.915083,-0.397027,0.070656,0.400381,-0.915401,0.041669,0.048135,0.066420,0.996630,0,1.00000,0.50113,60.000,1.002,450.000,200.000,275.000,225.000,400.000,175.000,200.000,375.000,300.000,-1,325.000,250.000,-1,225.000,250.000,250.000,325.000,1,1,1,1,1,1,1,0,0,2,0,0,2,1,1,1,1
77,3213.297,10516.623,194.248,157.554,-0.920192,-0.380522,0.091921,0.385985,-0.921097,0.050943,0.065283,0.082357,0.994462,0,1.00000,0.50045,60.000,1.001,550.000,175.000,225.000,175.000,325.000,150.000,150.000,425.000,275.000,-1,225.000,150.000,825.000,200.000,200.000,250.000,250.000,1,1,1,1,1,1,1,0,0,2,0,0,0,1,1,1,1
78,3157.442,10538.546,202.430,158.553,-0.924277,-0.364073,0.114730,0.371756,-0.926757,0.054029,0.086657,0.092590,0.991926,0,1.00000,0.49960,60.000,0.999,575.000,150.000,200.000,150.000,250.000,125.000,125.000,475.000,275.000,-1,200.000,125.000,675.000,175.000,175.000,250.000,200.000,1,1,1,1,1,1,1,0,0,2,0,0,0,1,1,1,1
79,4919.490,6887.302,52.279,27.128,0.889272,-0.455698,-0.039176,0.453190,0.889455,-0.059064,0.061761,0.034770,0.997485,1,0.00000,0.00000,60.000,0.997,-1,375.000,-1,375.000,-1,300.000,300.000,325.000,325.000,-1,450.000,450.000,-1,750.000,675.000,-1,-1,2,0,2,0,2,0,0,0,0,2,0,0,2,0,0,2,2
80,4923.753,6889.508,52.579,27.368,0.887342,-0.459424,-0.039419,0.456903,0.887548,-0.059151,0.062161,0.034477,0.997470,0,0.08000,0.12000,4.800,0.240,-1,375.000,-1,375.000,-1,300.000,300.000,325.000,325.000,-1,450.000,450.000,-1,750.000,700.000,-1,-1,2,0,2,0,2,0,0,0,0,2,0,0,2,0,0,2,2
81,4932.241,6893.992,53.183,27.848,0.883434,-0.466853,-0.039906,0.464306,0.883686,-0.059323,0.062959,0.033879,0.997441,0,0.16000,0.24000,9.600,0.480,-1,375.000,-1,375.000,-1,300.000,300.000,325.000,325.000,-1,450.000,450.000,-1,750.000,700.000,-1,-1,2,0,2,0,2,0,0,0,0,2,0,0,2,0,0,2,2
82,4944.888,6900.878,54.102,28.568,0.877454,-0.477936,-0.040645,0.475351,0.877777,-0.059577,0.064151,0.032955,0.997396,0,0.24000,0.36000,14.400,0.720,-1,375.000,-1,375.000,-1,325.000,300.000,325.000,325.000,-1,450.000,450.000,-1,750.000,700.000,-1,-1,2,0,2,0,2,0,0,0,0,2,0,0,2,0,0,2,2
83,4961.630,6910.278,55.346,29.315,0.871085,-0.489366,-0.041607,0.486734,0.871494,-0.059910,0.065578,0.031935,0.997336,0,0.32000,0.37387,19.200,0.748,-1,375.000,-1,375.000,-1,325.000,300.000,325.000,325.000,-1,450.000,450.000,-1,775.000,700.000,-1,-1,2,0,2,0,2,0,0,0,0,2,0,0,2,0,0,2,2
84,4982.402,6922.301,56.926,30.062,0.864561,-0.500702,-0.042797,0.498012,0.865071,-0.060308,0.067219,0.030826,0.997262,0,0.40000,0.37344,24.000,0.747,-1,400.000,-1,375.000,-1,325.000,325.000,325.000,325.000,-1,425.000,425.000,-1,775.000,700.000,-1,-1,2,0,2,0,2,0,0,0,0,2,0,0,2,0,0,2,2
85,5007.138,6937.051,58.803,30.808,0.857896,-0.511935,-0.044005,0.509179,0.858508,-0.060839,0.068925,0.029787,0.997177,0,0.48000,0.37288,28.800,0.746,-1,400.000,-1,375.000,-1,325.000,325.000,325.000,325.000,-1,425.000,425.000,-1,800.000,700.000,-1,-1,2,0,2,0,2,0,0,0,0,2,0,0,2,0,0,2,2
86,5035.771,6954.633,60.885,31.552,0.851122,-0.523055,-0.044776,0.520228,0.851800,-0.061645,0.070384,0.029174,0.997093,0,0.56000,0.37219,33.600,0.744,-1,400.000,-1,375.000,-1,325.000,325.000,325.000,325.000,-1,425.000,425.000,-1,800.000,700.000,-1,-1,2,0,2,0,2,0,0,0,0,2,0,0,2,0,0,2,2
87,5068.231,6975.149,63.357,32.295,0.844211,-0.534065,-0.045636,0.531179,0.844969,-0.062253,0.071808,0.028314,0.997017,0,0.64000,0.37133,38.400,0.743,-1,400.000,-1,375.000,-1,325.000,325.000,325.000,325.000,-1,400.000,425.000,-1,825.000,700.000,-1,1000.000,2,0,2,0,2,0,0,0,0,2,0,0,2,0,0,2,1
88,5101.046,6996.488,66.070,33.036,0.837172,-0.544964,-0.046450,0.542079,0.838031,-0.062080,0.072758,0.026792,0.996990,0,0.65239,0.37029,39.143,0.741,-1,400.000,-1,375.000,-1,325.000,325.000,325.000,325.000,-1,425.000,450.000,-1,825.000,700.000,-1,950.000,2,0,2,0,2,0,0,0,0,2,0,0,2,0,0,2,1
89,5133.709,7018.331,68.826,33.774,0.830010,-0.555740,-0.047296,0.552861,0.830974,-0.061853,0.073676,0.025191,0.996964,0,0.65490,0.36913,39.294,0.738,-1,400.000,-1,375.000,-1,325.000,325.000,325.000,325.000,-1,450.000,475.000,-1,850.000,700.000,-1,925.000,2,0,2,0,2,0,0,0,0,2,0,0,2,0,0,2,1
90,5166.211,7040.676,71.627,34.510,0.822730,-0.566387,-0.048177,0.563521,0.823804,-0.061570,0.074561,0.023507,0.996939,0,0.65736,0.36785,39.442,0.736,-1,400.000,-1,375.000,975.000,325.000,325.000,325.000,325.000,-1,450.000,500.000,-1,850.000,700.000,-1,875.000,2,0,2,0,1,0,0,0,0,2,0,0,2,0,0,2,1
91,5198.542,7063.519,74.527,35.242,0.815320,-0.576904,-0.049352,0.574057,0.816528,-0.061155,0.075578,0.021530,0.996907,0,0.65978,0.36645,39.587,0.733,-1,400.000,-1,375.000,900.000,325.000,325.000,325.000,325.000,-1,475.000,525.000,-1,850.000,700.000,-1,850.000,2,0,2,0,1,0,0,0,0,2,0,0,2,0,0,2,1
92,5230.695,7086.854,77.478,35.972,0.807798,-0.587284,-0.050598,0.584464,0.809148,-0.060681,0.076578,0.019445,0.996874,0,0.66213,0.36494,39.728,0.730,-1,400.000,-1,375.000,850.000,325.000,325.000,325.000,325.000,-1,500.000,550.000,-1,875.000,700.000,-1,825.000,2,0,2,0,1,0,0,0,0,2,0,0,2,0,0,2,1
93,5262.659,7110.677,80.474,36.699,0.800172,-0.597521,-0.051897,0.594736,0.801667,-0.060152,0.077546,0.017267,0.996839,0,0.66442,0.36330,39.865,0.727,-1,400.000,-1,375.000,800.000,325.000,325.000,325.000,325.000,-1,500.000,575.000,-1,875.000,700.000,-1,775.000,2,0,2,0,1,0,0,0,0,2,0,0,2,0,0,2,1
94,5294.426,7134.983,83.472,37.422,0.792446,-0.607614,-0.053247,0.604890,0.794094,-0.059348,0.078343,0.014821,0.996816,0,0.66664,0.36152,39.999,0.723,-1,425.000,-1,375.000,750.000,325.000,325.000,325.000,325.000,-1,525.000,600.000,-1,900.000,700.000,-1,750.000,2,0,2,0,1,0,0,0,0,2,0,0,2,0,1,2,1
95,5325.986,7159.765,86.252,38.141,0.784620,-0.617563,-0.054654,0.615018,0.786442,-0.057117,0.078256,0.011202,0.996870,0,0.66878,0.35962,40.127,0.719,-1,425.000,-1,375.000,700.000,325.000,300.000,325.000,325.000,-1,550.000,650.000,-1,875.000,675.000,-1,700.000,2,0,2,0,1,0,0,0,0,2,0,0,2,0,1,2,1
96,5357.330,7185.015,89.177,38.856,0.776751,-0.627351,-0.055586,0.624994,0.778697,-0.054891,0.077721,0.007896,0.996944,0,0.67083,0.35757,40.250,0.715,-1,425.000,-1,375.000,675.000,325.000,300.000,325.000,325.000,-1,600.000,725.000,-1,875.000,650.000,-1,675.000,2,0,2,0,1,0,0,0,0,2,0,0,2,0,1,2,1
97,5388.447,7210.727,92.207,39.567,0.768830,-0.636975,-0.056244,0.634816,0.770870,-0.052606,0.076866,0.004740,0.997030,0,0.67277,0.35538,40.366,0.711,-1,425.000,1000.000,375.000,625.000,325.000,300.000,325.000,325.000,-1,675.000,825.000,-1,875.000,625.000,-1,650.000,2,0,1,0,1,0,0,0,0,2,0,0,2,0,1,2,1
98,5419.330,7236.892,95.271,40.273,0.760841,-0.646432,-0.056984,0.644483,0.762970,-0.050179,0.075914,0.001453,0.997113,0,0.67461,0.35304,40.476,0.706,-1,425.000,950.000,375.000,600.000,325.000,300.000,325.000,325.000,-1,775.000,925.000,-1,875.000,600.000,-1,600.000,2,0,1,0,1,0,0,0,0,2,0,0,2,0,1,2,1
99,5449.967,7263.500,98.369,40.974,0.752789,-0.655719,-0.057809,0.653991,0.755003,-0.047611,0.074865,-0.001965,0.997192,0,0.67631,0.35054,40.579,0.701,-1,400.000,925.000,375.000,550.000,325.000,300.000,300.000,325.000,-1,875.000,-1,-1,850.000,575.000,-1,575.000,2,0,1,0,1,0,0,0,0,2,0,2,2,0,1,2,1
100,5480.350,7290.540,101.433,41.670,0.744684,-0.664831,-0.058706,0.663312,0.746975,-0.045215,0.073912,-0.005269,0.997251,0,0.67789,0.34789,40.673,0.696,-1,400.000,900.000,375.000,525.000,325.000,300.000,300.000,325.000,-1,950.000,-1,-1,850.000,550.000,-1,525.000,2,0,1,0,1,0,0,0,0,2,0,2,2,0,1,2,1
101,5510.467,7318.003,104.350,42.360,0.736533,-0.673767,-0.059633,0.672409,0.738900,-0.043515,0.073382,-0.008047,0.997271,0,0.67931,0.34507,40.759,0.690,-1,400.000,875.000,375.000,475.000,325.000,300.000,300.000,325.000,-1,-1,-1,-1,850.000,550.000,-1,500.000,2,0,1,0,1,0,0,0,0,2,2,2,2,0,1,2,1
102,5540.310,7345.875,107.357,43.044,0.728345,-0.682526,-0.060592,0.681306,0.730785,-0.042145,0.073045,-0.010586,0.997272,0,0.68057,0.34208,40.834,0.684,-1,400.000,850.000,375.000,450.000,325.000,325.000,300.000,325.000,-1,-1,-1,-1,850.000,525.000,-1,475.000,2,0,1,0,1,0,0,0,0,2,2,2,2,0,1,2,1
103,5569.867,7374.142,110.414,43.722,0.720127,-0.691103,-0.061590,0.690015,0.722638,-0.040911,0.072781,-0.013037,0.997263,0,0.68164,0.33892,40.899,0.678,-1,425.000,825.000,375.000,400.000,325.000,325.000,300.000,325.000,-1,-1,-1,-1,850.000,500.000,-1,450.000,2,0,1,0,1,0,0,0,0,2,2,2,2,0,1,2,1
104,5599.129,7402.791,113.496,44.393,0.711886,-0.699496,-0.062635,0.698542,0.714468,-0.039680,0.072506,-0.015506,0.997247,0,0.68252,0.33557,40.951,0.671,-1,425.000,775.000,375.000,375.000,325.000,325.000,300.000,325.000,-1,-1,-1,-1,850.000,475.000,-1,400.000,2,0,1,0,1,0,0,0,0,2,2,2,2,0,1,2,1
105,5628.086,7431.806,116.599,45.057,0.703633,-0.707701,-0.063725,0.706884,0.706283,-0.038452,0.072220,-0.017990,0.997226,0,0.68319,0.33205,40.992,0.664,-1,425.000,750.000,375.000,350.000,325.000,325.000,300.000,325.000,-1,-1,-1,-1,850.000,450.000,-1,375.000,2,0,1,0,1,0,0,0,0,2,2,2,2,0,1,2,1
106,5656.726,7461.169,119.788,45.714,0.695375,-0.715711,-0.064896,0.715058,0.698089,-0.036933,0.071736,-0.020722,0.997208,0,0.68363,0.32834,41.018,0.657,-1,425.000,725.000,375.000,325.000,325.000,325.000,300.000,325.000,-1,-1,-1,-1,850.000,425.000,-1,350.000,2,0,1,1,1,0,0,0,0,2,2,2,2,0,1,2,1
107,5685.039,7490.863,122.814,46.363,0.687193,-0.723538,-0.065252,0.723027,0.689908,-0.035492,0.070698,-0.022789,0.997237,0,0.68382,0.32445,41.029,0.649,-1,425.000,700.000,350.000,300.000,325.000,325.000,325.000,325.000,-1,-1,-1,-1,850.000,400.000,-1,325.000,2,0,1,1,1,0,0,0,0,2,2,2,2,0,1,2,1
108,5713.015,7520.868,125.586,47.004,0.679131,-0.731190,-0.064362,0.730782,0.681757,-0.034137,0.068840,-0.023851,0.997343,0,0.68374,0.32036,41.025,0.641,-1,400.000,675.000,325.000,250.000,325.000,325.000,325.000,325.000,-1,-1,-1,-1,825.000,375.000,-1,300.000,2,0,1,1,1,0,0,0,0,2,2,2,2,0,1,2,1
109,5740.644,7551.165,128.376,47.636,0.671092,-0.738648,-0.063515,0.738343,0.673630,-0.032737,0.066967,-0.024926,0.997444,0,0.68338,0.31609,41.003,0.632,-1,400.000,650.000,325.000,225.000,325.000,325.000,325.000,325.000,-1,-1,-1,-1,825.000,350.000,-1,250.000,2,0,1,1,1,0,0,0,0,2,2,2,2,0,1,2,1
110,5770.989,7585.473,131.491,48.508,0.659843,-0.748789,-0.062633,0.748607,0.662284,-0.031095,0.064765,-0.026369,0.997552,0,0.76338,0.43609,45.803,0.872,-1,400.000,600.000,300.000,200.000,325.000,325.000,325.000,325.000,-1,-1,-1,-1,800.000,325.000,-1,225.000,2,0,1,1,1,0,1,0,0,2,2,2,2,0,1,2,1
111,5803.771,7624.021,134.793,49.620,0.645204,-0.761452,-0.062472,0.761438,0.647583,-0.029147,0.062650,-0.028763,0.997621,0,0.84338,0.55609,50.603,1.112,-1,400.000,575.000,275.000,175.000,325.000,300.000,325.000,300.000,-1,-1,-1,-1,800.000,300.000,-1,175.000,2,0,1,1,1,0,1,0,0,2,2,2,2,0,1,2,1
112,5838.657,7667.062,138.625,50.972,0.626803,-0.776385,-0.065912,0.776679,0.629323,-0.026876,0.062346,-0.034347,0.997463,0,0.92338,0.67609,55.403,1.352,-1,400.000,550.000,250.000,125.000,325.000,275.000,325.000,275.000,-1,-1,-1,-1,800.000,275.000,-1,150.000,2,0,1,1,1,0,1,0,1,2,2,2,2,1,1,2,1
113,5874.375,7713.737,149.092,52.565,0.601728,-0.792382,-0.100266,0.794613,0.606598,-0.025096,0.080707,-0.064572,0.994644,0,0.97950,0.79609,58.770,1.592,-1,450.000,575.000,250.000,125.000,375.000,275.000,300.000,275.000,-1,-1,-1,-1,825.000,275.000,-1,150.000,2,0,1,1,1,0,1,0,1,2,2,2,2,1,1,2,1
114,5908.431,7761.304,159.389,54.380,0.571974,-0.809237,-0.134095,0.814371,0.579793,-0.025286,0.098210,-0.094740,0.990646,0,0.97497,0.90748,58.498,1.815,-1,500.000,650.000,250.000,125.000,400.000,275.000,275.000,250.000,725.000,175.000,675.000,-1,900.000,300.000,-1,150.000,2,0,1,1,1,1,1,0,1,0,0,0,2,1,1,2,1
115,5940.779,7809.635,169.557,56.176,0.540859,-0.824261,-0.167526,0.833199,0.552294,-0.027402,0.115110,-0.124762,0.985487,0,0.96923,0.89824,58.154,1.796,-1,550.000,725.000,250.000,125.000,400.000,275.000,275.000,250.000,500.000,25.000,425.000,-1,975.000,300.000,-1,125.000,2,0,1,1,1,1,1,0,1,0,0,0,2,1,1,2,1
116,5971.392,7858.619,179.543,57.960,0.508428,-0.837500,-0.200235,0.851051,0.524147,-0.031334,0.131195,-0.154479,0.979247,0,0.96267,0.89184,57.760,1.784,-1,600.000,825.000,250.000,125.000,425.000,300.000,250.000,225.000,375.000,25.000,300.000,-1,-1,325.000,-1,125.000,2,0,1,1,1,1,1,0,1,0,0,0,2,2,1,2,1
117,6000.241,7908.160,189.419,59.741,0.474843,-0.849134,-0.231291,0.867891,0.495382,-0.036896,0.145907,-0.183215,0.972185,0,0.95543,0.89054,57.326,1.781,-1,650.000,-1,275.000,125.000,425.000,300.000,250.000,225.000,275.000,25.000,250.000,-1,-1,325.000,-1,125.000,2,0,2,1,1,1,1,0,1,0,0,0,2,2,1,2,1
118,6028.725,7960.969,199.292,61.607,0.438340,-0.859748,-0.262091,0.884284,0.464726,-0.045517,0.160934,-0.211811,0.963969,0,1.00000,0.93314,60.000,1.866,-1,700.000,-1,300.000,125.000,450.000,325.000,225.000,225.000,225.000,25.000,200.000,-1,-1,375.000,-1,125.000,2,0,2,1,1,1,1,0,1,0,0,0,2,2,1,2,1
119,6055.490,8014.670,208.448,63.454,0.400829,-0.868825,-0.290651,0.899040,0.434054,-0.057648,0.176244,-0.238200,0.955091,0,1.00000,0.92338,60.000,1.847,-1,750.000,-1,300.000,125.000,475.000,350.000,225.000,200.000,175.000,0.000,175.000,-1,-1,400.000,-1,150.000,2,0,2,1,1,1,1,0,1,0,0,0,2,2,1,2,1
120,6080.459,8069.008,215.172,65.279,0.365985,-0.878156,-0.308053,0.912029,0.404288,-0.068948,0.185089,-0.255719,0.948868,0,0.99672,0.91280,59.803,1.826,-1,800.000,-1,325.000,100.000,500.000,375.000,225.000,175.000,150.000,0.000,175.000,-1,-1,425.000,-1,150.000,2,0,2,1,1,1,1,0,1,0,0,0,2,2,1,2,1
121,983.902,-7543.219,-273.113,-20.677,0.934365,0.353058,-0.048080,-0.353316,0.935498,0.003301,0.046144,0.013903,0.998838,1,0.00000,0.00000,59.464,1.803,-1,375.000,-1,375.000,-1,300.000,300.000,300.000,325.000,-1,425.000,400.000,-1,675.000,675.000,-1,-1,2,0,2,0,2,0,0,0,0,2,0,0,2,0,0,2,2
122,988.386,-7544.932,-272.906,-20.917,0.932862,0.356973,-0.048369,-0.357233,0.934009,0.003459,0.046411,0.014052,0.998824,0,0.08000,-0.12000,4.800,-0.240,-1,375.000,-1,375.000,-1,300.000,300.000,300.000,325.000,-1,450.000,400.000,-1,675.000,675.000,-1,-1,2,0,2,0,2,0,0,0,0,2,0,0,2,0,0,2,2
123,997.324,-7548.434,-272.495,-21.397,0.929805,0.364783,-0.048940,-0.365046,0.930982,0.003783,0.046942,0.014348,0.998795,0,0.16000,-0.24000,9.600,-0.480,-1,375.000,-1,375.000,-1,300.000,300.000,300.000,325.000,-1,450.000,400.000,-1,675.000,675.000,-1,-1,2,0,2,0,2,0,0,0,0,2,0,0,2,0,0,2,2
124,1010.666,-7553.853,-271.881,-22.105,0.925174,0.376265,-0.049781,-0.376531,0.926394,0.004289,0.047731,0.014776,0.998751,0,0.24000,-0.35425,14.400,-0.709,-1,375.000,-1,375.000,-1,300.000,300.000,300.000,325.000,-1,425.000,400.000,-1,675.000,675.000,1000.000,-1,2,0,2,0,2,0,0,0,0,2,0,0,2,0,0,1,2
125,1028.364,-7561.297,-271.055,-22.812,0.920393,0.387669,-0.050895,-0.387933,0.921674,0.004981,0.048839,0.015159,0.998692,0,0.32000,-0.35360,19.200,-0.707,1000.000,375.000,-1,375.000,-1,300.000,300.000,300.000,325.000,-1,400.000,375.000,-1,675.000,675.000,1000.000,-1,1,0,2,0,2,0,0,0,0,2,0,0,2,0,0,1,2
126,1050.371,-7570.874,-270.019,-23.518,0.915466,0.398987,-0.052268,-0.399244,0.916826,0.005873,0.050264,0.015491,0.998616,0,0.40000,-0.35277,24.000,-0.706,975.000,375.000,-1,375.000,-1,300.000,300.000,300.000,325.000,-1,400.000,350.000,-1,675.000,675.000,975.000,-1,1,0,2,0,2,0,0,0,0,2,0,0,2,0,0,1,2
127,1076.636,-7582.690,-268.774,-24.221,0.910397,0.410212,-0.053888,-0.410455,0.911854,0.006983,0.052003,0.015761,0.998523,0,0.48000,-0.35175,28.800,-0.703,950.000,375.000,-1,375.000,-1,300.000,300.000,300.000,325.000,-1,375.000,325.000,-1,675.000,700.000,950.000,-1,1,0,2,0,2,0,0,0,0,2,0,0,2,0,0,1,2
128,1107.107,-7596.848,-267.321,-24.922,0.905190,0.421335,-0.055739,-0.421555,0.906764,0.008327,0.054050,0.015960,0.998411,0,0.56000,-0.35050,33.600,-0.701,925.000,375.000,-1,375.000,-1,300.000,300.000,300.000,325.000,-1,350.000,325.000,-1,700.000,700.000,925.000,-1,1,0,2,0,2,0,0,0,0,2,0,0,2,0,0,1,2
129,1141.732,-7613.453,-265.661,-25.620,0.899851,0.432350,-0.057803,-0.432535,0.901563,0.009923,0.056403,0.016072,0.998279,0,0.64000,-0.34900,38.400,-0.698,875.000,375.000,-1,375.000,-1,300.000,300.000,300.000,325.000,-1,325.000,300.000,-1,700.000,700.000,875.000,-1,1,0,2,0,2,0,0,0,0,2,0,0,2,0,0,1,2
130,1180.456,-7632.603,-263.463,-26.315,0.894415,0.443235,-0.059698,-0.443462,0.896236,0.010114,0.057987,0.017428,0.998165,0,0.72000,-0.34723,43.200,-0.694,850.000,375.000,-1,375.000,-1,300.000,300.000,300.000,325.000,-1,325.000,300.000,-1,700.000,700.000,850.000,-1,1,0,2,0,2,0,0,0,0,2,0,0,2,0,0,1,2
131,1223.223,-7654.398,-260.788,-27.005,0.888856,0.453981,-0.061929,-0.454314,0.890792,0.009417,0.059441,0.019764,0.998036,0,0.80000,-0.34516,48.000,-0.690,800.000,375.000,-1,375.000,-1,300.000,300.000,300.000,325.000,-1,350.000,325.000,-1,700.000,700.000,800.000,-1,1,0,2,0,2,0,0,0,0,2,0,0,2,0,0,1,2
132,1266.370,-7677.040,-258.010,-27.691,0.883177,0.464581,-0.064524,-0.465036,0.885249,0.008681,0.061153,0.022339,0.997878,0,0.81212,-0.34274,48.727,-0.685,750.000,375.000,-1,375.000,-1,300.000,300.000,300.000,325.000,-1,375.000,325.000,-1,700.000,700.000,775.000,-1,1,0,2,0,2,0,0,0,0,2,0,0,2,0,0,1,2
133,1309.354,-7700.252,-255.217,-28.371,0.877401,0.475029,-0.067193,-0.475614,0.879617,0.008037,0.062922,0.024906,0.997708,0,0.81417,-0.34013,48.850,-0.680,700.000,375.000,975.000,375.000,-1,300.000,300.000,300.000,325.000,-1,375.000,325.000,-1,700.000,700.000,725.000,-1,1,0,1,0,2,0,0,0,0,2,0,0,2,1,0,1,2
