timestep,x_cm,y_cm,z_cm,yaw_deg,basis_xx,basis_xy,basis_xz,basis_yx,basis_yy,basis_yz,basis_zx,basis_zy,basis_zz,teleport_flag,throttle_cmd,steering_cmd,cmd_move_cm,cmd_turn_deg,lidar_cm_0,lidar_cm_1,lidar_cm_2,lidar_cm_3,lidar_cm_4,lidar_cm_5,lidar_cm_6,lidar_cm_7,lidar_cm_8,lidar_cm_9,lidar_cm_10,lidar_cm_11,lidar_cm_12,lidar_cm_13,lidar_cm_14,lidar_cm_15,lidar_cm_16,lidar_class_0,lidar_class_1,lidar_class_2,lidar_class_3,lidar_class_4,lidar_class_5,lidar_class_6,lidar_class_7,lidar_class_8,lidar_class_9,lidar_class_10,lidar_class_11,lidar_class_12,lidar_class_13,lidar_class_14,lidar_class_15,lidar_class_16
0,2293.001,-4923.422,-9.379,-125.124,-0.575131,0.817823,0.019746,-0.816250,-0.575296,0.052634,0.054405,0.014153,0.998419,1,0.08000,0.12000,4.800,0.240,-1,425.000,-1,425.000,-1,325.000,325.000,300.000,300.000,-1,-1,-1,-1,950.000,950.000,-1,-1,2,0,2,0,2,0,0,0,0,2,2,2,2,0,0,2,2
1,2287.544,-4931.320,-8.886,-124.644,-0.568263,0.822618,0.019405,-0.821071,-0.568427,0.052276,0.054034,0.013774,0.998444,0,0.16000,0.24000,9.600,0.480,-1,425.000,-1,425.000,-1,325.000,325.000,300.000,300.000,-1,-1,-1,-1,950.000,950.000,-1,-1,2,0,2,0,2,0,0,0,0,2,2,2,2,0,0,2,2
2,2279.507,-4943.269,-8.146,-123.924,-0.557886,0.829702,0.018894,-0.828194,-0.558050,0.051731,0.053465,0.013212,0.998482,0,0.24000,0.36000,14.400,0.720,-1,425.000,-1,425.000,-1,325.000,325.000,300.000,300.000,-1,-1,-1,-1,950.000,975.000,-1,-1,2,0,2,0,2,0,0,0,0,2,2,2,2,0,0,2,2
3,2269.060,-4959.377,-7.159,-122.964,-0.543913,0.838944,0.018217,-0.837486,-0.544075,0.050985,0.052685,0.012475,0.998533,0,0.32000,0.48000,19.200,0.960,-1,425.000,-1,425.000,-1,325.000,325.000,300.000,300.000,-1,-1,-1,-1,950.000,975.000,-1,-1,2,0,2,0,2,0,0,0,0,2,2,2,2,0,0,2,2
4,2256.426,-4979.782,-5.926,-121.764,-0.526232,0.850163,0.017378,-0.848769,-0.526392,0.050024,0.051676,0.011574,0.998597,0,0.40000,0.60000,24.000,1.200,-1,425.000,-1,425.000,-1,325.000,325.000,300.000,300.000,-1,-1,-1,-1,925.000,975.000,-1,-1,2,0,2,0,2,0,0,0,0,2,2,2,2,0,0,2,2
5,2241.885,-5004.642,-4.447,-120.324,-0.504711,0.863133,0.016387,-0.861815,-0.504867,0.048830,0.050420,0.010523,0.998673,0,0.48000,0.72000,28.800,1.440,-1,425.000,-1,425.000,-1,325.000,325.000,300.000,300.000,-1,-1,-1,-1,925.000,975.000,-1,-1,2,0,2,0,2,0,0,0,0,2,2,2,2,0,0,2,2
6,2225.695,-5034.084,-2.718,-118.805,-0.481665,0.876223,0.015256,-0.874991,-0.481813,0.047391,0.048876,0.009478,0.998760,0,0.56000,0.75954,33.600,1.519,-1,425.000,-1,425.000,-1,325.000,325.000,300.000,300.000,-1,-1,-1,-1,925.000,1000.000,-1,-1,2,0,2,0,2,0,0,0,0,2,2,2,2,0,0,2,2
7,2208.091,-5068.211,-0.743,-117.286,-0.458285,0.888695,0.013992,-0.887560,-0.458419,0.045698,0.047026,0.008524,0.998857,0,0.64000,0.75954,38.400,1.519,-1,425.000,-1,425.000,-1,325.000,325.000,300.000,275.000,-1,-1,-1,-1,900.000,1000.000,-1,-1,2,0,2,0,2,0,0,0,0,2,2,2,2,0,0,2,2
8,2189.311,-5107.115,1.378,-115.767,-0.434568,0.900544,0.013083,-0.899507,-0.434704,0.043825,0.045153,0.007276,0.998954,0,0.72000,0.75954,43.200,1.519,-1,425.000,-1,425.000,-1,325.000,325.000,300.000,275.000,-1,-1,-1,-1,900.000,1000.000,-1,-1,2,0,2,0,2,0,0,0,0,2,2,2,2,0,0,2,2
9,2171.187,-5147.353,3.454,-114.248,-0.410529,0.911761,0.012581,-0.910813,-0.410682,0.041953,0.043418,0.005764,0.999040,0,0.73552,0.75954,44.131,1.519,-1,425.000,-1,425.000,-1,325.000,325.000,300.000,275.000,-1,-1,-1,-1,900.000,1000.000,-1,-1,2,0,2,0,2,0,0,0,0,2,2,2,2,0,0,2,2
10,2154.136,-5188.057,5.450,-112.729,-0.386195,0.922335,0.012316,-0.921485,-0.386370,0.039789,0.041457,0.004017,0.999132,0,0.73552,0.75954,44.131,1.519,-1,425.000,-1,425.000,-1,325.000,350.000,300.000,300.000,-1,-1,-1,-1,875.000,1000.000,-1,-1,2,0,2,0,2,0,0,0,0,2,2,2,2,0,0,2,2
11,2138.169,-5229.198,7.350,-111.210,-0.361580,0.932259,0.012359,-0.931516,-0.361786,0.037277,0.039223,0.001966,0.999229,0,0.73552,0.75954,44.131,1.519,-1,425.000,-1,425.000,-1,325.000,350.000,300.000,300.000,-1,-1,-1,-1,875.000,1000.000,-1,-1,2,0,2,0,2,0,0,0,0,2,2,2,2,0,0,2,2
12,2123.299,-5270.749,9.233,-109.691,-0.336712,0.941524,0.012527,-0.940881,-0.336945,0.034789,0.036976,-0.000072,0.999316,0,0.73552,0.75954,44.131,1.519,-1,400.000,-1,425.000,-1,325.000,350.000,300.000,300.000,-1,-1,-1,-1,850.000,-1,-1,-1,2,0,2,0,2,0,0,0,0,2,2,2,2,0,2,2,2
13,2109.536,-5312.679,10.994,-108.172,-0.311619,0.950124,0.012545,-0.949561,-0.311867,0.032757,0.035035,-0.001705,0.999385,0,0.73552,0.75954,44.131,1.519,-1,400.000,-1,425.000,-1,325.000,350.000,300.000,300.000,-1,-1,-1,-1,850.000,-1,-1,-1,2,0,2,0,2,0,0,0,0,2,2,2,2,0,2,2,2
14,2096.889,-5354.960,12.355,-106.653,-0.286347,0.958058,0.011464,-0.957536,-0.286570,0.031676,0.033632,-0.001906,0.999432,0,0.73552,0.75954,44.131,1.519,-1,400.000,-1,425.000,-1,325.000,350.000,300.000,300.000,-1,-1,-1,-1,850.000,-1,-1,-1,2,0,2,0,2,0,0,0,0,2,2,2,2,0,2,2,2
15,2085.368,-5397.561,13.543,-105.134,-0.260893,0.965318,0.009754,-0.964843,-0.261071,0.030344,0.031838,-0.001495,0.999492,0,0.73552,0.75954,44.131,1.519,-1,400.000,-1,425.000,-1,325.000,350.000,300.000,300.000,-1,-1,-1,-1,825.000,1000.000,-1,-1,2,0,2,0,2,0,0,0,0,2,2,2,2,0,0,2,2
16,2074.980,-5440.452,14.706,-103.615,-0.235253,0.971901,0.008076,-0.971468,-0.235389,0.029007,0.030093,-0.001022,0.999547,0,0.73552,0.75954,44.131,1.519,-1,400.000,-1,425.000,-1,325.000,325.000,300.000,300.000,-1,-1,-1,-1,825.000,1000.000,-1,-1,2,0,2,0,2,0,0,0,0,2,2,2,2,0,0,2,2
17,2065.733,-5483.603,15.847,-102.096,-0.209444,0.977800,0.006434,-0.977408,-0.209542,0.027669,0.028403,-0.000494,0.999596,0,0.73552,0.75954,44.131,1.519,-1,400.000,-1,425.000,-1,325.000,325.000,300.000,300.000,-1,-1,-1,-1,825.000,1000.000,-1,-1,2,0,2,0,2,0,0,0,0,2,2,2,2,0,0,2,2
18,2057.633,-5526.985,16.972,-100.576,-0.183483,0.983011,0.004832,-0.982658,-0.183547,0.026334,0.026774,0.000084,0.999642,0,0.73552,0.75954,44.131,1.519,-1,400.000,-1,425.000,-1,325.000,325.000,300.000,300.000,-1,-1,-1,-1,800.000,975.000,-1,-1,2,0,2,0,2,0,0,0,0,2,2,2,2,0,0,2,2
19,2050.685,-5570.566,18.082,-99.057,-0.157391,0.987531,0.003274,-0.987215,-0.157423,0.025006,0.025210,0.000703,0.999682,0,0.73552,0.75954,44.131,1.519,-1,400.000,-1,425.000,-1,325.000,325.000,300.000,300.000,-1,-1,-1,-1,800.000,975.000,-1,-1,2,0,2,0,2,0,0,0,0,2,2,2,2,0,0,2,2
20,2044.896,-5614.316,19.181,-97.538,-0.131184,0.991357,0.001764,-0.991074,-0.131189,0.023689,0.023716,0.001359,0.999718,0,0.73552,0.75954,44.131,1.519,-1,400.000,-1,425.000,-1,325.000,325.000,300.000,300.000,-1,-1,-1,-1,800.000,950.000,-1,-1,2,0,2,0,2,0,0,0,0,2,2,2,2,0,0,2,2
21,2040.268,-5658.204,20.273,-96.019,-0.104881,0.994485,0.000306,-0.994235,-0.104862,0.022389,0.022297,0.002044,0.999749,0,0.73552,0.75954,44.131,1.519,-1,400.000,-1,425.000,-1,325.000,325.000,300.000,300.000,-1,-1,-1,-1,775.000,950.000,-1,-1,2,0,2,0,2,0,0,0,0,2,2,2,2,0,0,2,2
22,2036.806,-5702.200,21.362,-94.500,-0.078502,0.996913,-0.001098,-0.996694,-0.078461,0.021109,0.020958,0.002752,0.999777,0,0.73552,0.75954,44.131,1.519,-1,400.000,-1,425.000,-1,325.000,325.000,300.000,300.000,-1,-1,-1,-1,775.000,925.000,-1,-1,2,0,2,0,2,0,0,0,0,2,2,2,2,0,0,2,2
23,2034.511,-5746.271,22.451,-92.981,-0.052064,0.998641,-0.002445,-0.998449,-0.052006,0.019855,0.019701,0.003474,0.999800,0,0.73552,0.75954,44.131,1.519,-1,400.000,-1,425.000,-1,325.000,325.000,300.000,300.000,-1,-1,-1,-1,775.000,925.000,-1,-1,2,0,2,0,2,0,0,0,0,2,2,2,2,0,0,2,2
24,2033.385,-5790.388,23.544,-91.462,-0.025587,0.999666,-0.003731,-0.999501,-0.025514,0.018632,0.018531,0.004206,0.999819,0,0.73552,0.75954,44.131,1.519,-1,400.000,-1,425.000,-1,325.000,325.000,300.000,300.000,-1,-1,-1,-1,750.000,925.000,-1,-1,2,0,2,0,2,0,0,0,0,2,2,2,2,0,0,2,2
25,2033.429,-5834.520,24.626,-89.943,0.000912,0.999988,-0.004874,-0.999848,0.000996,0.017381,0.017386,0.004858,0.999837,0,0.73552,0.75954,44.131,1.519,-1,400.000,-1,425.000,-1,325.000,325.000,300.000,325.000,-1,-1,-1,-1,750.000,900.000,-1,-1,2,0,2,0,2,0,0,0,0,2,2,2,2,0,0,2,2
26,2034.643,-5878.635,25.713,-88.424,0.027413,0.999607,-0.005926,-0.999491,0.027505,0.016157,0.016314,0.005480,0.999852,0,0.73552,0.75954,44.131,1.519,-1,400.000,-1,425.000,-1,325.000,325.000,300.000,325.000,-1,-1,-1,-1,750.000,900.000,-1,-1,2,0,2,0,2,0,0,0,0,2,2,2,2,0,0,2,2
27,2037.026,-5922.702,26.463,-86.905,0.053880,0.998517,-0.007734,-0.998422,0.053994,0.015426,0.015821,0.006891,0.999851,0,0.73552,0.75954,44.131,1.519,-1,400.000,-1,425.000,-1,325.000,325.000,300.000,325.000,-1,-1,-1,-1,750.000,900.000,-1,-1,2,0,2,0,2,0,0,0,0,2,2,2,2,0,0,2,2
28,2040.576,-5966.690,26.920,-85.386,0.080318,0.996728,-0.009091,-0.996652,0.080445,0.014639,0.015322,0.007885,0.999852,0,0.73552,0.75954,44.131,1.519,-1,400.000,-1,425.000,-1,325.000,325.000,300.000,325.000,-1,-1,-1,-1,750.000,875.000,-1,-1,2,0,2,0,2,0,0,0,0,2,2,2,2,0,0,2,2
29,2045.292,-6010.569,27.394,-83.867,0.106700,0.994237,-0.010378,-0.994179,0.106839,0.013887,0.014915,0.008836,0.999850,0,0.73552,0.75954,44.131,1.519,-1,375.000,-1,400.000,-1,325.000,325.000,300.000,325.000,-1,-1,-1,-1,750.000,875.000,-1,-1,2,0,2,0,2,0,0,0,0,2,2,2,2,0,0,2,2
30,2051.395,-6057.485,27.920,-82.588,0.128855,0.991595,-0.011690,-0.991557,0.129005,0.013124,0.014521,0.009900,0.999846,0,0.78853,0.63954,47.312,1.279,-1,375.000,-1,400.000,-1,325.000,325.000,300.000,325.000,-1,-1,-1,-1,750.000,875.000,-1,-1,2,0,2,0,2,0,0,0,0,2,2,2,2,0,0,2,2
31,2058.349,-6104.283,28.468,-81.548,0.146804,0.989081,-0.012946,-0.989064,0.146964,0.012394,0.014161,0.010985,0.999839,0,0.78853,0.51954,47.312,1.039,-1,375.000,-1,400.000,-1,325.000,325.000,300.000,300.000,-1,-1,-1,-1,750.000,850.000,-1,-1,2,0,2,0,2,0,0,0,0,2,2,2,2,0,0,2,2
32,2065.955,-6150.980,29.039,-80.749,0.160573,0.986922,-0.014161,-0.986927,0.160741,0.011689,0.013813,0.012099,0.999831,0,0.78853,0.39954,47.312,0.799,-1,375.000,-1,400.000,-1,325.000,325.000,300.000,300.000,-1,-1,-1,-1,750.000,850.000,-1,-1,2,0,2,0,2,0,0,0,0,2,2,2,2,0,0,2,2
33,2074.133,-6197.579,29.637,-80.047,0.172654,0.984863,-0.015338,-0.984890,0.172830,0.011003,0.013488,0.013206,0.999822,0,0.78853,0.35133,47.312,0.703,-1,375.000,-1,400.000,-1,325.000,325.000,300.000,325.000,-1,-1,-1,-1,750.000,850.000,-1,-1,2,0,2,0,2,0,0,0,0,2,2,2,2,0,0,2,2
34,2082.881,-6244.075,30.266,-79.344,0.184709,0.982655,-0.016472,-0.982705,0.184892,0.010335,0.013202,0.014278,0.999811,0,0.78853,0.35133,47.312,0.703,-1,375.000,-1,400.000,-1,325.000,325.000,300.000,325.000,-1,-1,-1,-1,750.000,850.000,-1,-1,2,0,2,0,2,0,0,0,0,2,2,2,2,0,0,2,2
35,2092.199,-6290.460,30.927,-78.641,0.196738,0.980299,-0.017563,-0.980371,0.196926,0.009686,0.012953,0.015312,0.999799,0,0.78853,0.35133,47.312,0.703,-1,375.000,-1,400.000,-1,325.000,325.000,300.000,325.000,-1,-1,-1,-1,725.000,850.000,-1,-1,2,0,2,0,2,0,0,0,0,2,2,2,2,0,0,2,2
36,2102.086,-6336.727,31.616,-77.939,0.208737,0.977795,-0.018586,-0.977888,0.208930,0.009083,0.012765,0.016279,0.999786,0,0.78853,0.35133,47.312,0.703,-1,375.000,-1,400.000,-1,300.000,325.000,300.000,325.000,-1,-1,-1,-1,725.000,825.000,-1,-1,2,0,2,0,2,0,0,0,0,2,2,2,2,0,0,2,2
37,2112.539,-6382.870,32.337,-77.236,0.220705,0.975145,-0.019546,-0.975259,0.220902,0.008525,0.012631,0.017181,0.999773,0,0.78853,0.35133,47.312,0.703,-1,375.000,-1,400.000,-1,325.000,325.000,300.000,325.000,-1,-1,-1,-1,725.000,825.000,-1,-1,2,0,2,0,2,0,0,0,0,2,2,2,2,0,0,2,2
38,2123.557,-6428.881,33.094,-76.533,0.232640,0.972348,-0.020453,-0.972482,0.232841,0.007998,0.012539,0.018029,0.999759,0,0.78853,0.35133,47.312,0.703,-1,375.000,-1,400.000,-1,325.000,325.000,325.000,325.000,-1,-1,-1,-1,725.000,825.000,-1,-1,2,0,2,0,2,0,0,0,0,2,2,2,2,0,0,2,2
39,2136.102,-6479.460,33.960,-76.071,0.240477,0.970418,-0.021433,-0.970576,0.240680,0.007450,0.012389,0.019011,0.999743,0,0.86853,0.23133,52.112,0.463,-1,375.000,-1,400.000,-1,325.000,325.000,325.000,325.000,-1,-1,-1,-1,725.000,825.000,-1,-1,2,0,2,0,2,0,0,0,0,2,2,2,2,0,0,2,2
40,2149.484,-6532.532,34.697,-75.848,0.244223,0.969440,-0.023271,-0.969639,0.244441,0.006993,0.012468,0.020857,0.999705,0,0.91222,0.11133,54.733,0.223,-1,375.000,-1,400.000,-1,325.000,325.000,325.000,325.000,-1,-1,-1,-1,725.000,825.000,-1,-1,2,0,2,0,2,0,0,0,0,2,2,2,2,0,0,2,2
41,2162.851,-6585.608,35.371,-75.865,0.243908,0.969466,-0.025399,-0.969721,0.244136,0.006224,0.012235,0.023112,0.999658,0,0.91222,-0.00867,54.733,-0.017,-1,375.000,-1,400.000,-1,325.000,325.000,325.000,325.000,-1,-1,-1,-1,725.000,825.000,-1,-1,2,0,2,0,2,0,0,0,0,2,2,2,2,0,0,2,2
42,2175.979,-6638.744,35.975,-76.123,0.239529,0.970508,-0.027204,-0.970813,0.239768,0.005840,0.012191,0.025011,0.999613,0,0.91222,-0.12867,54.733,-0.257,-1,375.000,-1,400.000,-1,325.000,325.000,325.000,325.000,-1,-1,-1,-1,750.000,825.000,-1,-1,2,0,2,0,2,0,0,0,0,2,2,2,2,0,0,2,2
43,2188.812,-6691.951,36.399,-76.441,0.234137,0.971797,-0.028128,-0.972131,0.234374,0.005411,0.011851,0.026077,0.999590,0,0.91222,-0.15893,54.733,-0.318,-1,375.000,-1,400.000,-1,325.000,325.000,325.000,325.000,-1,-1,-1,-1,750.000,825.000,-1,-1,2,0,2,0,2,0,0,0,0,2,2,2,2,0,0,2,2
44,2201.349,-6745.229,36.853,-76.758,0.228738,0.973054,-0.029055,-0.973420,0.228973,0.004965,0.011484,0.027147,0.999565,0,0.91222,-0.15893,54.733,-0.318,-1,375.000,-1,400.000,-1,325.000,325.000,325.000,325.000,-1,-1,-1,-1,750.000,825.000,-1,-1,2,0,2,0,2,0,0,0,0,2,2,2,2,0,0,2,2
45,2213.591,-6798.576,37.334,-77.076,0.223335,0.974281,-0.029984,-0.974679,0.223564,0.004503,0.011091,0.028220,0.999540,0,0.91222,-0.15893,54.733,-0.318,-1,375.000,-1,400.000,-1,325.000,325.000,325.000,325.000,-1,-1,-1,-1,750.000,850.000,-1,-1,2,0,2,0,2,0,0,0,0,2,2,2,2,0,0,2,2
46,2225.536,-6851.990,37.841,-77.394,0.217925,0.975476,-0.030918,-0.975907,0.218149,0.004024,0.010670,0.029296,0.999514,0,0.91222,-0.15893,54.733,-0.318,-1,375.000,-1,400.000,-1,325.000,325.000,325.000,325.000,-1,-1,-1,-1,750.000,850.000,-1,-1,2,0,2,0,2,0,0,0,0,2,2,2,2,0,0,2,2
47,2237.185,-6905.469,38.374,-77.712,0.212511,0.976639,-0.031856,-0.977105,0.212728,0.003529,0.010223,0.030377,0.999486,0,0.91222,-0.15893,54.733,-0.318,-1,375.000,-1,400.000,-1,325.000,325.000,300.000,325.000,-1,-1,-1,-1,750.000,850.000,-1,-1,2,0,2,0,2,0,0,0,0,2,2,2,2,0,0,2,2
48,2248.537,-6959.012,38.930,-78.030,0.207092,0.977771,-0.032800,-0.978273,0.207299,0.003017,0.009749,0.031462,0.999457,0,0.91222,-0.15893,54.733,-0.318,-1,375.000,-1,400.000,-1,325.000,325.000,300.000,325.000,-1,-1,-1,-1,750.000,850.000,-1,-1,2,0,2,0,2,0,0,0,0,2,2,2,2,0,0,2,2
49,2259.592,-7012.618,39.509,-78.348,0.201668,0.978872,-0.033749,-0.979410,0.201865,0.002489,0.009249,0.032552,0.999427,0,0.91222,-0.15893,54.733,-0.318,-1,375.000,-1,400.000,-1,325.000,325.000,300.000,325.000,-1,-1,-1,-1,750.000,850.000,-1,-1,2,0,2,0,2,0,0,0,0,2,2,2,2,0,0,2,2
50,2269.611,-7061.535,40.069,-78.426,0.200341,0.979115,-0.034599,-0.979686,0.200528,0.002004,0.008900,0.033495,0.999399,0,0.83222,-0.03893,49.933,-0.078,-1,400.000,-1,400.000,-1,325.000,325.000,300.000,325.000,-1,-1,-1,-1,750.000,850.000,-1,-1,2,0,2,0,2,0,0,0,0,2,2,2,2,0,0,2,2
51,2278.792,-7105.725,40.609,-78.263,0.203112,0.978518,-0.035338,-0.979117,0.203293,0.001575,0.008725,0.034280,0.999374,0,0.75222,0.08107,45.133,0.162,-1,400.000,-1,400.000,-1,325.000,325.000,300.000,325.000,-1,-1,-1,-1,750.000,850.000,-1,-1,2,0,2,0,2,0,0,0,0,2,2,2,2,0,0,2,2
52,2288.075,-7148.880,41.175,-77.861,0.209973,0.977043,-0.036019,-0.977668,0.210151,0.001178,0.008721,0.034967,0.999350,0,0.73570,0.20107,44.142,0.402,-1,400.000,-1,400.000,-1,325.000,325.000,300.000,325.000,-1,-1,-1,-1,750.000,850.000,-1,-1,2,0,2,0,2,0,0,0,0,2,2,2,2,0,0,2,2
53,2297.841,-7191.928,41.593,-77.219,0.220894,0.974581,-0.037378,-0.975256,0.221077,0.000805,0.009048,0.036275,0.999301,0,0.73570,0.32107,44.142,0.642,-1,400.000,-1,400.000,-1,325.000,325.000,325.000,325.000,-1,-1,-1,-1,750.000,850.000,-1,-1,2,0,2,0,2,0,0,0,0,2,2,2,2,0,0,2,2
54,2308.268,-7234.821,41.969,-76.337,0.235859,0.971006,-0.038953,-0.971743,0.236042,0.000113,0.009304,0.037825,0.999241,0,0.73570,0.44107,44.142,0.882,-1,400.000,-1,400.000,-1,325.000,325.000,325.000,325.000,-1,-1,-1,-1,750.000,850.000,-1,-1,2,0,2,0,2,0,0,0,0,2,2,2,2,0,0,2,2
55,2319.534,-7277.502,42.370,-75.215,0.254809,0.966149,-0.040356,-0.966941,0.255000,-0.000435,0.009870,0.039133,0.999185,0,0.73570,0.56107,44.142,1.122,-1,400.000,-1,400.000,-1,325.000,325.000,325.000,325.000,-1,-1,-1,-1,750.000,850.000,-1,-1,2,0,2,0,2,0,0,0,0,2,2,2,2,0,0,2,2
56,2331.772,-7319.913,42.713,-73.904,0.276816,0.960039,-0.041215,-0.960864,0.277021,-0.000766,0.010682,0.039814,0.999150,0,0.73570,0.65522,44.142,1.310,-1,400.000,-1,400.000,-1,325.000,325.000,325.000,325.000,-1,-1,-1,-1,750.000,850.000,-1,-1,2,0,2,0,2,0,0,0,0,2,2,2,2,0,0,2,2
57,2344.977,-7362.034,43.050,-72.594,0.298689,0.953441,-0.041646,-0.954283,0.298901,-0.001199,0.011305,0.040101,0.999132,0,0.73570,0.65522,44.142,1.310,-1,400.000,-1,400.000,-1,325.000,325.000,325.000,325.000,-1,-1,-1,-1,750.000,850.000,-1,-1,2,0,2,0,2,0,0,0,0,2,2,2,2,0,0,2,2
58,2359.142,-7403.841,43.457,-71.284,0.320405,0.946349,-0.042010,-0.947205,0.320625,-0.001573,0.011980,0.040296,0.999116,0,0.73570,0.65522,44.142,1.310,-1,400.000,-1,400.000,-1,325.000,325.000,325.000,325.000,-1,-1,-1,-1,775.000,850.000,-1,-1,2,0,2,0,2,0,0,0,0,2,2,2,2,0,0,2,2
59,2374.259,-7445.314,43.936,-69.973,0.341951,0.938765,-0.042306,-0.939632,0.342182,-0.001887,0.012705,0.040397,0.999103,0,0.73570,0.65522,44.142,1.310,-1,400.000,-1,400.000,-1,325.000,325.000,325.000,325.000,-1,-1,-1,-1,775.000,850.000,-1,-1,2,0,2,0,2,0,0,0,0,2,2,2,2,0,0,2,2
60,2390.321,-7486.430,44.491,-68.663,0.363318,0.930694,-0.042535,-0.931568,0.363562,-0.002136,0.013476,0.040401,0.999093,0,0.73570,0.65522,44.142,1.310,-1,400.000,-1,400.000,-1,325.000,325.000,325.000,325.000,-1,-1,-1,-1,800.000,850.000,-1,-1,2,0,2,0,2,0,0,0,0,2,2,2,2,0,0,2,2
61,2407.318,-7527.169,45.076,-67.352,0.384498,0.922133,-0.042808,-0.923018,0.384750,-0.002519,0.014148,0.040481,0.999080,0,0.73570,0.65522,44.142,1.310,-1,400.000,-1,400.000,-1,325.000,325.000,325.000,325.000,-1,-1,-1,-1,800.000,850.000,-1,-1,2,0,2,0,2,0,0,0,0,2,2,2,2,0,0,2,2
62,2425.243,-7567.507,45.668,-66.042,0.405481,0.913083,-0.043167,-0.913986,0.405734,-0.003144,0.014644,0.040729,0.999063,0,0.73570,0.65522,44.142,1.310,-1,400.000,-1,400.000,-1,325.000,325.000,325.000,325.000,-1,-1,-1,-1,825.000,850.000,-1,-1,2,0,2,0,2,0,0,0,0,2,2,2,2,0,0,2,2
63,2444.086,-7607.426,46.338,-64.731,0.426253,0.903560,-0.043445,-0.904477,0.426507,-0.003721,0.015168,0.040881,0.999049,0,0.73570,0.65522,44.142,1.310,-1,375.000,-1,400.000,-1,325.000,325.000,325.000,325.000,-1,-1,-1,-1,825.000,850.000,-1,-1,2,0,2,0,2,0,0,0,0,2,2,2,2,0,0,2,2
64,2463.837,-7646.903,47.088,-63.421,0.446802,0.893568,-0.043642,-0.894495,0.447058,-0.004246,0.015717,0.040935,0.999038,0,0.73570,0.65522,44.142,1.310,-1,375.000,-1,400.000,-1,325.000,325.000,325.000,325.000,-1,-1,-1,-1,825.000,850.000,-1,-1,2,0,2,0,2,0,0,0,0,2,2,2,2,0,0,2,2
65,2484.485,-7685.917,47.919,-62.110,0.467117,0.883112,-0.043760,-0.884045,0.467377,-0.004717,0.016287,0.040889,0.999031,0,0.73570,0.65522,44.142,1.310,-1,375.000,-1,400.000,-1,325.000,325.000,325.000,325.000,-1,-1,-1,-1,850.000,850.000,-1,-1,2,0,2,0,2,0,0,0,0,2,2,2,2,0,0,2,2
66,2506.020,-7724.450,48.756,-60.800,0.487175,0.872187,-0.044158,-0.873137,0.487449,-0.005069,0.017103,0.041025,0.999012,0,0.73570,0.65522,44.142,1.310,-1,400.000,-1,400.000,-1,325.000,325.000,325.000,325.000,-1,-1,-1,-1,850.000,825.000,-1,-1,2,0,2,0,2,0,0,0,0,2,2,2,2,0,0,2,2
67,2528.431,-7762.480,49.584,-59.490,0.506961,0.860798,-0.044916,-0.861777,0.507260,-0.005315,0.018209,0.041402,0.998977,0,0.73570,0.65522,44.142,1.310,-1,400.000,-1,400.000,-1,325.000,325.000,325.000,325.000,-1,-1,-1,-1,875.000,825.000,-1,-1,2,0,2,0,2,0,0,0,0,2,2,2,2,0,0,2,2
68,2551.706,-7799.987,50.453,-58.179,0.526486,0.848960,-0.045613,-0.849967,0.526805,-0.005684,0.019203,0.041762,0.998943,0,0.73570,0.65522,44.142,1.310,-1,400.000,-1,400.000,-1,325.000,325.000,325.000,325.000,-1,-1,-1,-1,875.000,825.000,-1,-1,2,0,2,0,2,0,0,0,0,2,2,2,2,0,0,2,2
69,2575.832,-7836.953,50.913,-56.869,0.545818,0.836705,-0.044802,-0.837696,0.546092,-0.006950,0.018651,0.041324,0.998972,0,0.73570,0.65522,44.142,1.310,-1,400.000,-1,400.000,-1,325.000,325.000,325.000,325.000,-1,-1,-1,-1,875.000,825.000,-1,-1,2,0,2,0,2,0,0,0,0,2,2,2,2,0,0,2,2
70,2600.797,-7873.357,51.449,-55.558,0.564867,0.824017,-0.043824,-0.824984,0.565098,-0.008115,0.018078,0.040738,0.999006,0,0.73570,0.65522,44.142,1.310,-1,400.000,-1,400.000,-1,325.000,325.000,325.000,325.000,-1,-1,-1,-1,875.000,800.000,-1,-1,2,0,2,0,2,0,0,0,0,2,2,2,2,0,0,2,2
71,2626.588,-7909.181,52.061,-54.248,0.583623,0.810902,-0.042683,-0.811837,0.583813,-0.009172,0.017481,0.040004,0.999047,0,0.73570,0.65522,44.142,1.310,-1,400.000,-1,400.000,-1,325.000,325.000,325.000,325.000,-1,-1,-1,-1,875.000,800.000,-1,-1,2,0,2,0,2,0,0,0,0,2,2,2,2,0,0,2,2
72,2653.191,-7944.405,52.750,-52.937,0.602075,0.797367,-0.041383,-0.798262,0.602226,-0.010111,0.016859,0.039122,0.999092,0,0.73570,0.65522,44.142,1.310,-1,400.000,-1,400.000,-1,325.000,325.000,325.000,325.000,-1,-1,-1,-1,850.000,800.000,-1,-1,2,0,2,0,2,0,0,0,0,2,2,2,2,0,0,2,2
73,2680.593,-7979.012,53.451,-51.627,0.620208,0.783425,-0.039854,-0.784266,0.620334,-0.010602,0.016417,0.037832,0.999149,0,0.73570,0.65522,44.142,1.310,-1,400.000,-1,375.000,-1,325.000,325.000,325.000,325.000,-1,-1,-1,-1,875.000,800.000,-1,-1,2,0,2,0,2,0,0,0,0,2,2,2,2,0,0,2,2
74,2708.779,-8012.984,54.076,-50.317,0.637999,0.769072,-0.038558,-0.769863,0.638121,-0.010654,0.016411,0.036482,0.999200,0,0.73570,0.65522,44.142,1.310,-1,400.000,-1,400.000,-1,325.000,325.000,325.000,325.000,-1,-1,-1,-1,875.000,800.000,-1,-1,2,0,2,0,2,0,0,0,0,2,2,2,2,0,0,2,2
75,2737.735,-8046.302,54.750,-49.006,0.655454,0.754314,-0.037288,-0.755056,0.655575,-0.010592,0.016455,0.035097,0.999248,0,0.73570,0.65522,44.142,1.310,-1,400.000,-1,400.000,-1,325.000,325.000,325.000,325.000,-1,-1,-1,-1,900.000,800.000,-1,-1,2,0,2,0,2,0,0,0,0,2,2,2,2,0,0,2,2
76,2767.445,-8078.949,55.501,-47.696,0.672568,0.739163,-0.035922,-0.739852,0.672689,-0.010413,0.016468,0.033580,0.999300,0,0.73570,0.65522,44.142,1.310,-1,425.000,-1,400.000,-1,325.000,325.000,325.000,325.000,-1,-1,-1,-1,900.000,800.000,-1,-1,2,0,2,0,2,0,0,0,0,2,2,2,2,0,0,2,2
77,2797.894,-8110.908,56.327,-46.385,0.689333,0.723625,-0.034465,-0.724258,0.689455,-0.010110,0.016446,0.031931,0.999355,0,0.73570,0.65522,44.142,1.310,-1,425.000,-1,400.000,-1,325.000,325.000,325.000,325.000,-1,-1,-1,-1,900.000,800.000,-1,-1,2,0,2,0,2,0,0,0,0,2,2,2,2,0,0,2,2
78,2829.066,-8142.162,57.230,-45.075,0.705738,0.707707,-0.032922,-0.708283,0.705862,-0.009681,0.016387,0.030150,0.999411,0,0.73570,0.65522,44.142,1.310,-1,425.000,-1,400.000,-1,325.000,325.000,325.000,325.000,-1,-1,-1,-1,925.000,800.000,-1,-1,2,0,2,0,2,0,0,0,0,2,2,2,2,0,0,2,2
79,2860.944,-8172.696,58.195,-43.764,0.721779,0.691419,-0.031231,-0.691933,0.721904,-0.009112,0.016245,0.028186,0.999471,0,0.73570,0.65522,44.142,1.310,-1,425.000,-1,400.000,-1,325.000,325.000,325.000,325.000,-1,-1,-1,-1,925.000,800.000,-1,-1,2,0,2,0,2,0,0,0,0,2,2,2,2,0,0,2,2
80,2893.513,-8202.492,58.974,-42.454,0.737460,0.674758,-0.029215,-0.675218,0.737560,-0.009312,0.015265,0.026593,0.999530,0,0.73570,0.65522,44.142,1.310,-1,425.000,-1,400.000,-1,325.000,325.000,325.000,325.000,-1,-1,-1,-1,925.000,800.000,-1,-1,2,0,2,0,2,0,0,0,0,2,2,2,2,0,0,2,2
81,2930.234,-8234.847,59.555,-41.383,0.750010,0.660867,-0.027195,-0.661297,0.750042,-0.011093,0.013066,0.026304,0.999569,0,0.81570,0.53522,48.942,1.070,-1,400.000,-1,400.000,-1,325.000,325.000,325.000,325.000,-1,-1,-1,-1,925.000,775.000,-1,-1,2,0,2,0,2,0,0,0,0,2,2,2,2,0,0,2,2
82,2971.067,-8269.788,60.135,-40.553,0.759567,0.649921,-0.025697,-0.650335,0.759535,-0.013083,0.011014,0.026649,0.999584,0,0.89570,0.41522,53.742,0.830,-1,400.000,-1,400.000,-1,325.000,325.000,325.000,325.000,-1,-1,-1,-1,900.000,750.000,-1,-1,2,0,2,0,2,0,0,0,0,2,2,2,2,0,0,2,2
83,3014.083,-8305.834,60.865,-39.963,0.766283,0.642053,-0.024049,-0.642444,0.766184,-0.015081,0.008744,0.027006,0.999597,0,0.93536,0.29522,56.122,0.590,-1,400.000,-1,375.000,-1,325.000,325.000,325.000,325.000,-1,-1,-1,-1,900.000,750.000,-1,-1,2,0,2,0,2,0,0,0,0,2,2,2,2,0,0,2,2
84,3057.427,-8341.484,61.326,-39.436,0.772191,0.634997,-0.022338,-0.635344,0.772082,-0.015063,0.007682,0.025824,0.999637,0,0.93536,0.26355,56.122,0.527,-1,400.000,-1,375.000,-1,325.000,325.000,325.000,325.000,-1,-1,-1,-1,900.000,725.000,-1,-1,2,0,2,0,2,0,0,0,0,2,2,2,2,0,0,2,2
85,3101.098,-8376.733,61.759,-38.908,0.778025,0.627895,-0.020630,-0.628194,0.777925,-0.014308,0.007064,0.024092,0.999685,0,0.93536,0.26355,56.122,0.527,-1,425.000,-1,375.000,-1,325.000,325.000,325.000,325.000,-1,-1,-1,-1,900.000,750.000,-1,-1,2,0,2,0,2,0,0,0,0,2,2,2,2,0,0,2,2
86,3145.091,-8411.579,62.279,-38.381,0.783789,0.620738,-0.018942,-0.620993,0.783701,-0.013423,0.006512,0.022284,0.999730,0,0.93536,0.26355,56.122,0.527,-1,425.000,-1,375.000,-1,325.000,325.000,325.000,325.000,-1,-1,-1,-1,900.000,750.000,-1,-1,2,0,2,0,2,0,0,0,0,2,2,2,2,0,0,2,2
87,3189.403,-8446.019,62.845,-37.854,0.789488,0.613529,-0.017063,-0.613738,0.789413,-0.012358,0.005888,0.020229,0.999778,0,0.93536,0.26355,56.122,0.527,-1,425.000,-1,375.000,-1,325.000,325.000,325.000,300.000,-1,-1,-1,-1,900.000,750.000,-1,-1,2,0,2,0,2,0,0,0,0,2,2,2,2,0,0,2,2
88,3234.030,-8480.050,63.060,-37.327,0.795141,0.606283,-0.013111,-0.606412,0.795078,-0.010765,0.003898,0.016511,0.999856,0,0.93536,0.26355,56.122,0.527,-1,425.000,-1,375.000,-1,325.000,325.000,325.000,300.000,-1,-1,-1,-1,875.000,750.000,-1,-1,2,0,2,0,2,0,0,0,0,2,2,2,2,0,0,2,2
89,3278.968,-8513.669,63.336,-36.800,0.800715,0.598975,-0.009205,-0.599043,0.800665,-0.009144,0.001893,0.012837,0.999916,0,0.93536,0.26355,56.122,0.527,-1,400.000,-1,375.000,-1,325.000,325.000,325.000,325.000,-1,-1,-1,-1,850.000,725.000,-1,-1,2,0,2,0,2,0,0,0,0,2,2,2,2,0,0,2,2
90,3324.213,-8546.873,63.695,-36.273,0.806208,0.591608,-0.005350,-0.591632,0.806174,-0.007380,-0.000053,0.009115,0.999958,0,0.93536,0.26355,56.122,0.527,-1,400.000,-1,375.000,-1,325.000,325.000,325.000,325.000,-1,-1,-1,-1,850.000,725.000,-1,-1,2,0,2,0,2,0,0,0,0,2,2,2,2,0,0,2,2
91,3369.763,-8579.659,63.946,-35.746,0.811620,0.584180,-0.002415,-0.584184,0.811601,-0.005718,-0.001380,0.006052,0.999981,0,0.93536,0.26355,56.122,0.527,-1,400.000,-1,375.000,-1,325.000,325.000,325.000,325.000,-1,-1,-1,-1,825.000,725.000,-1,-1,2,0,2,0,2,0,0,0,0,2,2,2,2,0,0,2,2
92,3415.611,-8612.024,63.872,-35.219,0.816959,0.576695,-0.001251,-0.576694,0.816949,-0.004278,-0.001445,0.004216,0.999990,0,0.93536,0.26355,56.122,0.527,-1,400.000,-1,375.000,-1,325.000,325.000,325.000,325.000,-1,-1,-1,-1,825.000,725.000,-1,-1,2,0,2,0,2,0,0,0,0,2,2,2,2,0,0,2,2
93,3461.756,-8643.967,63.802,-34.692,0.822227,0.569159,-0.000117,-0.569158,0.822225,-0.002290,-0.001207,0.001950,0.999997,0,0.93536,0.26355,56.122,0.527,-1,400.000,-1,375.000,-1,325.000,325.000,325.000,325.000,-1,-1,-1,-1,850.000,725.000,-1,-1,2,0,2,0,2,0,0,0,0,2,2,2,2,0,0,2,2
94,3508.193,-8675.483,63.534,-34.165,0.827427,0.561572,0.001123,-0.561570,0.827428,-0.001719,-0.001894,0.000791,0.999998,0,0.93536,0.26355,56.122,0.527,-1,400.000,-1,375.000,-1,325.000,325.000,325.000,325.000,-1,-1,-1,-1,825.000,725.000,-1,-1,2,0,2,0,2,0,0,0,0,2,2,2,2,0,0,2,2
95,3554.918,-8706.571,63.203,-33.637,0.832555,0.553937,0.002453,-0.553933,0.832559,-0.001906,-0.003098,0.000228,0.999995,0,0.93536,0.26355,56.122,0.527,-1,400.000,-1,375.000,-1,325.000,325.000,325.000,325.000,-1,-1,-1,-1,825.000,700.000,-1,-1,2,0,2,0,2,0,0,0,0,2,2,2,2,0,0,2,2
96,3601.926,-8737.228,62.983,-33.110,0.837611,0.546254,0.003816,-0.546250,0.837619,-0.002022,-0.004301,-0.000391,0.999991,0,0.93536,0.26355,56.122,0.527,-1,400.000,-1,375.000,-1,325.000,325.000,325.000,325.000,-1,-1,-1,-1,825.000,700.000,-1,-1,2,0,2,0,2,0,0,0,0,2,2,2,2,0,0,2,2
97,3649.215,-8767.451,62.872,-32.583,0.842593,0.538525,0.005210,-0.538522,0.842609,-0.002067,-0.005503,-0.001064,0.999984,0,0.93536,0.26355,56.122,0.527,-1,400.000,-1,375.000,-1,325.000,300.000,325.000,325.000,-1,-1,-1,-1,825.000,700.000,-1,-1,2,0,2,0,2,0,0,0,0,2,2,2,2,0,0,2,2
98,3692.964,-8794.593,62.846,-31.816,0.849719,0.527196,0.006565,-0.527195,0.849742,-0.002000,-0.006633,-0.001762,0.999976,0,0.85808,0.38355,51.485,0.767,-1,400.000,-1,375.000,-1,325.000,300.000,325.000,325.000,-1,-1,-1,-1,825.000,700.000,-1,-1,2,0,2,0,2,0,0,0,0,2,2,2,2,0,0,2,2
99,3737.180,-8820.969,62.872,-30.817,0.858774,0.512293,0.007935,-0.512296,0.858807,-0.001832,-0.007753,-0.002492,0.999967,0,0.85808,0.49971,51.485,0.999,-1,400.000,-1,375.000,-1,325.000,300.000,325.000,300.000,-1,-1,-1,-1,825.000,700.000,-1,-1,2,0,2,0,2,0,0,0,0,2,2,2,2,0,0,2,2
100,3781.849,-8846.569,62.627,-29.817,0.867571,0.497232,0.008976,-0.497252,0.867606,0.000016,-0.007779,-0.004477,0.999960,0,0.85808,0.49971,51.485,0.999,-1,400.000,-1,375.000,-1,325.000,300.000,325.000,300.000,-1,-1,-1,-1,825.000,725.000,-1,-1,2,0,2,0,2,0,0,0,0,2,2,2,2,0,0,2,2
101,3826.957,-8871.385,62.390,-28.818,0.876105,0.482017,0.009961,-0.482060,0.876135,0.002322,-0.007608,-0.006836,0.999948,0,0.85808,0.49971,51.485,0.999,-1,400.000,-1,375.000,-1,325.000,300.000,325.000,300.000,-1,-1,-1,-1,825.000,725.000,-1,-1,2,0,2,0,2,0,0,0,0,2,2,2,2,0,0,2,2
102,3872.492,-8895.412,62.148,-27.819,0.884369,0.466651,0.011330,-0.466724,0.884389,0.004881,-0.007743,-0.009605,0.999924,0,0.85808,0.49971,51.485,0.999,-1,400.000,-1,375.000,-1,325.000,300.000,325.000,300.000,-1,-1,-1,-1,825.000,725.000,-1,-1,2,0,2,0,2,0,0,0,0,2,2,2,2,0,0,2,2
103,3918.439,-8918.640,61.895,-26.819,0.892358,0.451138,0.013089,-0.451253,0.892363,0.007720,-0.008198,-0.012795,0.999885,0,0.85808,0.49971,51.485,0.999,-1,400.000,-1,375.000,-1,325.000,325.000,325.000,325.000,-1,-1,-1,-1,825.000,750.000,-1,-1,2,0,2,0,2,0,0,0,0,2,2,2,2,0,0,2,2
104,3964.784,-8941.063,61.705,-25.820,0.900074,0.435484,0.014860,-0.435650,0.900053,0.010681,-0.008724,-0.016088,0.999833,0,0.85808,0.49971,51.485,0.999,-1,400.000,-1,375.000,-1,325.000,325.000,325.000,325.000,-1,-1,-1,-1,825.000,750.000,-1,-1,2,0,2,0,2,0,0,0,0,2,2,2,2,0,0,2,2
105,4011.514,-8962.674,61.473,-24.820,0.907520,0.419696,0.016207,-0.419912,0.907464,0.013548,-0.009022,-0.019100,0.999777,0,0.85808,0.49971,51.485,0.999,-1,400.000,-1,375.000,-1,325.000,325.000,325.000,325.000,-1,-1,-1,-1,825.000,775.000,-1,-1,2,0,2,0,2,0,0,0,0,2,2,2,2,0,0,2,2
106,4058.613,-8983.467,60.911,-23.821,0.914710,0.403789,0.016161,-0.404024,0.914612,0.015786,-0.008407,-0.020969,0.999745,0,0.85808,0.49971,51.485,0.999,-1,400.000,-1,375.000,-1,325.000,325.000,325.000,325.000,-1,-1,-1,-1,850.000,775.000,-1,-1,2,0,2,0,2,0,0,0,0,2,2,2,2,0,0,2,2
107,4106.067,-9003.436,60.117,-22.821,0.921609,0.387767,0.016548,-0.388021,0.921498,0.016753,-0.008752,-0.021861,0.999723,0,0.85808,0.49971,51.485,0.999,-1,400.000,-1,375.000,-1,325.000,325.000,325.000,325.000,-1,-1,-1,-1,850.000,775.000,-1,-1,2,0,2,0,2,0,0,0,0,2,2,2,2,0,0,2,2
108,4153.863,-9022.573,59.332,-21.822,0.928224,0.371628,0.017090,-0.371904,0.928105,0.017573,-0.009331,-0.022667,0.999700,0,0.85808,0.49971,51.485,0.999,-1,400.000,-1,375.000,-1,325.000,325.000,325.000,325.000,-1,-1,-1,-1,850.000,800.000,-1,-1,2,0,2,0,2,0,0,0,0,2,2,2,2,0,0,2,2
109,4201.985,-9040.875,58.593,-20.823,0.934555,0.355376,0.017737,-0.355677,0.934427,0.018434,-0.010023,-0.023536,0.999673,0,0.85808,0.49971,51.485,0.999,-1,400.000,-1,375.000,-1,325.000,325.000,325.000,325.000,-1,-1,-1,-1,850.000,800.000,-1,-1,2,0,2,0,2,0,0,0,0,2,2,2,2,0,0,2,2
110,4250.419,-9058.334,57.898,-19.823,0.940599,0.339015,0.018485,-0.339346,0.940463,0.019341,-0.010828,-0.024465,0.999642,0,0.85808,0.49971,51.485,0.999,-1,400.000,-1,375.000,-1,325.000,325.000,325.000,325.000,-1,-1,-1,-1,850.000,825.000,-1,-1,2,0,2,0,2,0,0,0,0,2,2,2,2,0,0,2,2
111,4299.150,-9074.945,57.241,-18.824,0.946354,0.322552,0.019332,-0.322917,0.946210,0.020297,-0.011745,-0.025451,0.999607,0,0.85808,0.49971,51.485,0.999,-1,400.000,-1,375.000,-1,325.000,325.000,325.000,325.000,-1,-1,-1,-1,850.000,825.000,-1,-1,2,0,2,0,2,0,0,0,0,2,2,2,2,0,0,2,2
112,4348.164,-9090.704,56.621,-17.824,0.951819,0.305990,0.020272,-0.306395,0.951666,0.021307,-0.012773,-0.026491,0.999567,0,0.85808,0.49971,51.485,0.999,-1,400.000,-1,375.000,-1,325.000,325.000,325.000,325.000,-1,-1,-1,-1,850.000,850.000,-1,-1,2,0,2,0,2,0,0,0,0,2,2,2,2,0,0,2,2
113,4397.445,-9105.606,56.034,-16.825,0.956991,0.289336,0.021303,-0.289786,0.956830,0.022373,-0.013910,-0.027584,0.999523,0,0.85808,0.49971,51.485,0.999,-1,400.000,-1,375.000,-1,325.000,325.000,325.000,325.000,-1,-1,-1,-1,850.000,850.000,-1,-1,2,0,2,0,2,0,0,0,0,2,2,2,2,0,0,2,2
114,4446.978,-9119.645,55.475,-15.825,0.961868,0.272594,0.022421,-0.273094,0.961700,0.023498,-0.015157,-0.028725,0.999472,0,0.85808,0.49971,51.485,0.999,-1,400.000,-1,400.000,-1,325.000,325.000,325.000,325.000,-1,-1,-1,-1,850.000,875.000,-1,-1,2,0,2,0,2,0,0,0,0,2,2,2,2,0,0,2,2
115,4496.749,-9132.819,54.942,-14.826,0.966449,0.255769,0.023620,-0.256326,0.966275,0.024685,-0.016510,-0.029911,0.999416,0,0.85808,0.49971,51.485,0.999,-1,425.000,-1,400.000,-1,325.000,325.000,325.000,325.000,-1,-1,-1,-1,850.000,875.000,-1,-1,2,0,2,0,2,0,0,0,0,2,2,2,2,0,0,2,2
116,4546.742,-9145.122,54.275,-13.827,0.970740,0.238862,0.024683,-0.239489,0.970534,0.026634,-0.017594,-0.031766,0.999340,0,0.85808,0.49971,51.485,0.999,-1,425.000,-1,400.000,-1,325.000,325.000,325.000,325.000,-1,-1,-1,-1,850.000,900.000,-1,-1,2,0,2,0,2,0,0,0,0,2,2,2,2,0,0,2,2
117,4596.942,-9156.551,53.486,-12.827,0.974723,0.221879,0.026160,-0.222605,0.974473,0.029142,-0.019026,-0.034229,0.999233,0,0.85808,0.49971,51.485,0.999,-1,425.000,-1,400.000,-1,325.000,325.000,325.000,325.000,-1,-1,-1,-1,850.000,900.000,-1,-1,2,0,2,0,2,0,0,0,0,2,2,2,2,0,0,2,2
118,4647.334,-9167.102,52.574,-11.828,0.978419,0.204833,0.027203,-0.205644,0.978123,0.031390,-0.020179,-0.036307,0.999137,0,0.85808,0.49971,51.485,0.999,-1,425.000,-1,400.000,-1,325.000,325.000,325.000,325.000,-1,-1,-1,-1,825.000,925.000,-1,-1,2,0,2,0,2,0,0,0,0,2,2,2,2,0,0,2,2
119,4697.901,-9176.774,51.012,-10.828,0.981805,0.187743,0.028492,-0.188602,0.981556,0.031241,-0.022102,-0.036047,0.999106,0,0.85808,0.49971,51.485,0.999,-1,425.000,-1,400.000,-1,325.000,325.000,325.000,325.000,-1,-1,-1,-1,825.000,900.000,-1,-1,2,0,2,0,2,0,0,0,0,2,2,2,2,0,0,2,2
120,4745.760,-9184.860,49.456,-9.589,0.985595,0.166471,0.029841,-0.167378,0.985404,0.031031,-0.024239,-0.035579,0.999073,0,0.80895,0.61971,48.537,1.239,-1,400.000,-1,400.000,-1,325.000,325.000,300.000,325.000,-1,-1,-1,-1,800.000,900.000,-1,-1,2,0,2,0,2,0,0,0,0,2,2,2,2,0,0,2,2
121,4793.810,-9191.723,47.863,-8.130,0.989469,0.141328,0.031271,-0.142286,0.989344,0.030884,-0.026573,-0.035008,0.999034,0,0.80895,0.72954,48.537,1.459,-1,400.000,-1,400.000,-1,325.000,325.000,300.000,325.000,-1,-1,-1,-1,800.000,875.000,-1,-1,2,0,2,0,2,0,0,0,0,2,2,2,2,0,0,2,2
122,4842.018,-9197.362,46.249,-6.671,0.992697,0.116093,0.032778,-0.117104,0.992641,0.030820,-0.028959,-0.034433,0.998987,0,0.80895,0.72954,48.537,1.459,-1,400.000,-1,400.000,-1,325.000,325.000,300.000,325.000,-1,-1,-1,-1,775.000,875.000,-1,-1,2,0,2,0,2,0,0,0,0,2,2,2,2,0,0,2,2
123,4890.355,-9201.771,44.615,-5.212,0.995278,0.090781,0.034349,-0.091847,0.995295,0.030844,-0.031387,-0.033854,0.998934,0,0.80895,0.72954,48.537,1.459,-1,400.000,-1,400.000,-1,325.000,325.000,300.000,325.000,-1,-1,-1,-1,775.000,850.000,-1,-1,2,0,2,0,2,0,0,0,0,2,2,2,2,0,0,2,2
124,4938.788,-9204.947,42.959,-3.752,0.997210,0.065410,0.035965,-0.066533,0.997304,0.030962,-0.033843,-0.033269,0.998873,0,0.80895,0.72954,48.537,1.459,-1,400.000,-1,400.000,-1,325.000,325.000,300.000,325.000,-1,-1,-1,-1,750.000,850.000,-1,-1,2,0,2,0,2,0,0,0,0,2,2,2,2,0,0,2,2
125,4987.286,-9206.889,41.284,-2.293,0.998492,0.039995,0.037612,-0.041176,0.998665,0.031176,-0.036315,-0.032678,0.998806,0,0.80895,0.72954,48.537,1.459,-1,400.000,-1,400.000,-1,325.000,325.000,300.000,325.000,-1,-1,-1,-1,750.000,825.000,-1,-1,2,0,2,0,2,0,0,0,0,2,2,2,2,0,0,2,2
126,5035.818,-9207.596,39.588,-0.834,0.999123,0.014553,0.039273,-0.015795,0.999379,0.031488,-0.038791,-0.032080,0.998732,0,0.80895,0.72954,48.537,1.459,-1,400.000,-1,400.000,-1,325.000,325.000,300.000,325.000,-1,-1,-1,-1,725.000,825.000,-1,-1,2,0,2,0,2,0,0,0,0,2,2,2,2,0,0,2,2
127,5084.353,-9207.067,37.871,0.625,0.999103,-0.010899,0.040932,0.009596,0.999445,0.031897,-0.041257,-0.031475,0.998653,0,0.80895,0.72954,48.537,1.459,-1,400.000,-1,400.000,-1,325.000,325.000,300.000,325.000,-1,-1,-1,-1,725.000,800.000,-1,-1,2,0,2,0,2,0,0,0,0,2,2,2,2,0,0,2,2
128,5132.858,-9205.302,36.135,2.084,0.998432,-0.036345,0.042571,0.034979,0.998863,0.032402,-0.043700,-0.030862,0.998568,0,0.80895,0.72954,48.537,1.459,-1,375.000,-1,400.000,-1,325.000,325.000,300.000,325.000,-1,-1,-1,-1,700.000,800.000,-1,-1,2,0,2,0,2,0,0,0,0,2,2,2,2,0,0,2,2
129,5181.302,-9202.303,34.378,3.543,0.997112,-0.061769,0.044174,0.060339,0.997632,0.033001,-0.046108,-0.030240,0.998479,0,0.80895,0.72954,48.537,1.459,-1,375.000,-1,400.000,-1,325.000,325.000,300.000,325.000,-1,-1,-1,-1,700.000,775.000,-1,-1,2,0,2,0,2,0,0,0,0,2,2,2,2,0,0,2,2
130,5229.655,-9198.071,32.492,5.002,0.995158,-0.087154,0.045445,0.085688,0.995767,0.033265,-0.048152,-0.029210,0.998413,0,0.80895,0.72954,48.537,1.459,-1,375.000,-1,400.000,-1,300.000,325.000,300.000,350.000,-1,-1,-1,-1,675.000,750.000,-1,-1,2,0,2,0,2,0,0,0,0,2,2,2,2,0,0,2,2
131,5277.884,-9192.610,30.258,6.461,0.992613,-0.112487,0.045455,0.111076,0.993281,0.032468,-0.048801,-0.027179,0.998439,0,0.80895,0.72954,48.537,1.459,-1,375.000,-1,400.000,-1,300.000,325.000,300.000,325.000,-1,-1,-1,-1,675.000,750.000,-1,-1,2,0,2,0,2,0,0,0,0,2,2,2,2,0,0,2,2
132,5325.958,-9185.923,28.038,7.920,0.989453,-0.137751,0.044801,0.136422,0.990150,0.031488,-0.048697,-0.025044,0.998500,0,0.80895,0.72954,48.537,1.459,-1,375.000,-1,400.000,-1,300.000,325.000,300.000,325.000,-1,-1,-1,-1,675.000,725.000,-1,-1,2,0,2,0,2,0,0,0,0,2,2,2,2,0,0,2,2
133,5373.846,-9178.014,25.826,9.379,0.985654,-0.162927,0.044066,0.161686,0.986373,0.030419,-0.048422,-0.022857,0.998565,0,0.80895,0.72954,48.537,1.459,-1,375.000,-1,400.000,-1,300.000,325.000,300.000,325.000,-1,-1,-1,-1,675.000,725.000,-1,-1,2,0,2,0,2,0,0,0,0,2,2,2,2,0,0,2,2
134,5421.518,-9168.888,23.599,10.838,0.981214,-0.187999,0.043318,0.186843,0.981950,0.029380,-0.048060,-0.020734,0.998629,0,0.80895,0.72954,48.537,1.459,-1,375.000,-1,400.000,-1,300.000,325.000,325.000,325.000,-1,-1,-1,-1,675.000,700.000,-1,-1,2,0,2,0,2,0,0,0,0,2,2,2,2,0,0,2,2
135,5468.941,-9158.550,21.372,12.297,0.976137,-0.212950,0.042531,0.211879,0.976885,0.028334,-0.047582,-0.018647,0.998693,0,0.80895,0.72954,48.537,1.459,-1,375.000,-1,400.000,-1,300.000,325.000,325.000,325.000,-1,-1,-1,-1,650.000,700.000,-1,-1,2,0,2,0,2,0,0,0,0,2,2,2,2,0,0,2,2
136,5516.086,-9147.009,19.151,13.757,0.970428,-0.237764,0.041693,0.236777,0.971181,0.027265,-0.046974,-0.016587,0.998758,0,0.80895,0.72954,48.537,1.459,-1,375.000,-1,400.000,-1,300.000,325.000,325.000,325.000,-1,-1,-1,-1,650.000,675.000,-1,-1,2,0,2,0,2,0,0,0,0,2,2,2,2,0,0,2,2
137,5562.922,-9134.271,16.943,15.216,0.964089,-0.262425,0.040803,0.261522,0.964843,0.026169,-0.046236,-0.014558,0.998824,0,0.80895,0.72954,48.537,1.459,-1,375.000,-1,375.000,-1,300.000,325.000,325.000,325.000,-1,-1,-1,-1,650.000,675.000,-1,-1,2,0,2,0,2,0,0,0,0,2,2,2,2,0,0,2,2
138,5609.418,-9120.344,14.753,16.675,0.957126,-0.286915,0.039858,0.286096,0.957874,0.025044,-0.045364,-0.012567,0.998891,0,0.80895,0.72954,48.537,1.459,-1,375.000,-1,375.000,-1,300.000,325.000,325.000,325.000,-1,-1,-1,-1,625.000,650.000,-1,-1,2,0,2,0,2,0,0,0,0,2,2,2,2,0,0,2,2
139,5655.544,-9105.238,12.584,18.134,0.949543,-0.311220,0.038856,0.310483,0.950279,0.023886,-0.044358,-0.010616,0.998959,0,0.80895,0.72954,48.537,1.459,-1,375.000,-1,375.000,-1,300.000,300.000,325.000,325.000,-1,-1,-1,-1,625.000,650.000,-1,-1,2,0,2,0,2,0,0,0,0,2,2,2,2,0,0,2,2
140,5701.271,-9088.963,10.441,19.593,0.941345,-0.335322,0.037798,0.334667,0.942063,0.022692,-0.043217,-0.008711,0.999028,0,0.80895,0.72954,48.537,1.459,-1,375.000,-1,375.000,-1,300.000,300.000,325.000,325.000,-1,-1,-1,-1,625.000,650.000,1000.000,-1,2,0,2,0,2,0,0,0,0,2,2,2,2,0,0,0,2
141,5746.569,-9071.528,8.329,21.052,0.932537,-0.359206,0.036681,0.358630,0.933233,0.021458,-0.041940,-0.006855,0.999097,0,0.80895,0.72954,48.537,1.459,-1,375.000,-1,375.000,-1,300.000,300.000,325.000,325.000,-1,-1,-1,-1,625.000,625.000,975.000,-1,2,0,2,0,2,0,0,0,0,2,2,2,2,0,0,0,2
