timestep,x_cm,y_cm,z_cm,yaw_deg,basis_xx,basis_xy,basis_xz,basis_yx,basis_yy,basis_yz,basis_zx,basis_zy,basis_zz,teleport_flag,throttle_cmd,steering_cmd,cmd_move_cm,cmd_turn_deg,lidar_cm_0,lidar_cm_1,lidar_cm_2,lidar_cm_3,lidar_cm_4,lidar_cm_5,lidar_cm_6,lidar_cm_7,lidar_cm_8,lidar_cm_9,lidar_cm_10,lidar_cm_11,lidar_cm_12,lidar_cm_13,lidar_cm_14,lidar_cm_15,lidar_cm_16,lidar_class_0,lidar_class_1,lidar_class_2,lidar_class_3,lidar_class_4,lidar_class_5,lidar_class_6,lidar_class_7,lidar_class_8,lidar_class_9,lidar_class_10,lidar_class_11,lidar_class_12,lidar_class_13,lidar_class_14,lidar_class_15,lidar_class_16
0,8200.883,8194.663,-132.100,-69.147,0.361338,0.931645,-0.038376,-0.927488,0.354883,-0.117581,-0.095925,0.078080,0.992322,1,0.08000,0.12000,4.800,0.240,475.000,375.000,-1,400.000,-1,300.000,325.000,325.000,300.000,-1,-1,-1,-1,675.000,700.000,600.000,-1,1,0,2,0,2,0,0,0,0,2,2,2,2,0,0,1,2
1,8204.377,8185.721,-133.026,-68.667,0.369151,0.928570,-0.038554,-0.924486,0.362648,-0.117522,-0.095146,0.079026,0.992322,0,0.16000,0.24000,9.600,0.480,475.000,375.000,-1,400.000,-1,300.000,325.000,325.000,300.000,-1,-1,-1,-1,675.000,700.000,600.000,-1,1,0,2,0,2,0,0,0,0,2,2,2,2,0,0,1,2
2,8209.784,8172.376,-134.401,-67.947,0.380818,0.923834,-0.038829,-0.919863,0.374245,-0.117439,-0.093962,0.080440,0.992321,0,0.24000,0.36000,14.400,0.720,450.000,375.000,-1,375.000,-1,300.000,325.000,325.000,300.000,-1,-1,-1,-1,675.000,700.000,575.000,-1,1,0,2,0,2,0,0,0,0,2,2,2,2,0,0,1,2
3,8217.292,8154.705,-136.210,-66.987,0.396277,0.917293,-0.039211,-0.913474,0.389611,-0.117338,-0.092357,0.082316,0.992318,0,0.32000,0.48000,19.200,0.960,425.000,375.000,-1,375.000,-1,300.000,325.000,325.000,300.000,-1,-1,-1,-1,650.000,700.000,550.000,-1,1,0,2,0,2,0,0,0,0,2,2,2,2,0,0,1,2
4,8227.137,8132.819,-138.432,-65.787,0.415437,0.908755,-0.039714,-0.905128,0.408656,-0.117232,-0.090306,0.084648,0.992310,0,0.40000,0.60000,24.000,1.200,425.000,375.000,-1,375.000,-1,300.000,325.000,325.000,300.000,-1,-1,-1,-1,650.000,700.000,525.000,-1,1,0,2,0,2,0,0,0,0,2,2,2,2,1,0,1,2
5,8239.607,8106.860,-141.042,-64.347,0.438178,0.897982,-0.040356,-0.894591,0.431260,-0.117137,-0.087783,0.087429,0.992295,0,0.48000,0.72000,28.800,1.440,400.000,375.000,-1,375.000,-1,300.000,300.000,325.000,300.000,-1,-1,-1,-1,600.000,675.000,475.000,-1,1,0,2,0,2,0,0,0,0,2,2,2,2,1,0,1,2
6,8255.038,8077.014,-144.007,-62.667,0.464347,0.884696,-0.041161,-0.881589,0.457269,-0.117077,-0.084756,0.090652,0.992269,0,0.56000,0.84000,33.600,1.680,350.000,375.000,-1,375.000,-1,300.000,300.000,325.000,300.000,-1,-1,-1,-1,575.000,675.000,450.000,-1,1,0,2,0,2,0,0,0,0,2,2,2,2,1,0,1,2
7,8273.805,8043.515,-147.156,-60.747,0.493697,0.868623,-0.041922,-0.865871,0.486509,-0.116519,-0.080816,0.093824,0.992303,0,0.64000,0.96000,38.400,1.920,325.000,375.000,-1,375.000,-1,300.000,300.000,325.000,300.000,-1,-1,-1,-1,525.000,675.000,400.000,-1,1,0,2,0,2,0,0,0,0,2,2,2,2,1,0,1,2
8,8296.220,8006.588,-150.339,-58.747,0.523606,0.850912,-0.042257,-0.848526,0.516404,-0.115455,-0.076420,0.096309,0.992413,0,0.72000,1.00000,43.200,2.000,300.000,375.000,-1,375.000,-1,300.000,300.000,325.000,300.000,-1,-1,-1,-1,500.000,650.000,350.000,-1,1,0,2,0,2,0,0,0,0,2,2,2,2,1,0,1,2
9,8322.542,7966.451,-153.668,-56.747,0.552847,0.832185,-0.042749,-0.830198,0.545664,-0.114117,-0.071640,0.098580,0.992547,0,0.80000,1.00000,48.000,2.000,250.000,375.000,-1,375.000,-1,300.000,300.000,325.000,300.000,-1,-1,-1,-1,450.000,650.000,300.000,-1,1,0,2,0,2,0,0,0,0,2,2,2,2,1,0,1,2
10,8353.019,7923.338,-156.946,-54.747,0.581338,0.812509,-0.043307,-0.810982,0.574285,-0.111820,-0.065984,0.100127,0.992784,0,0.88000,1.00000,52.800,2.000,225.000,350.000,-1,375.000,-1,300.000,300.000,325.000,300.000,-1,-1,-1,-1,400.000,650.000,250.000,-1,1,1,2,0,2,0,0,0,0,2,2,2,2,1,0,1,2
11,8387.887,7877.494,-160.173,-52.747,0.609071,0.791887,-0.044139,-0.790875,0.602227,-0.108810,-0.059584,0.101181,0.993082,0,0.96000,1.00000,57.600,2.000,175.000,300.000,-1,375.000,-1,300.000,300.000,325.000,300.000,-1,725.000,875.000,-1,350.000,650.000,200.000,-1,1,1,2,0,2,0,0,1,0,2,0,0,2,1,0,1,2
12,8425.852,7831.036,-163.271,-50.747,0.636054,0.770308,-0.045404,-0.769833,0.629432,-0.105700,-0.052843,0.102185,0.993361,0,1.00000,1.00000,60.000,2.000,150.000,275.000,-1,375.000,-1,300.000,300.000,300.000,325.000,-1,550.000,625.000,-1,300.000,650.000,150.000,-1,1,1,2,0,2,1,0,1,0,2,0,0,2,1,0,1,2
13,8465.445,7785.960,-159.931,-48.747,0.661664,0.745611,-0.079151,-0.749358,0.653950,-0.103986,-0.025772,0.128116,0.991424,0,1.00000,1.00000,60.000,2.000,125.000,250.000,-1,400.000,-1,275.000,350.000,300.000,300.000,-1,300.000,225.000,-1,300.000,750.000,125.000,-1,1,1,2,0,2,1,0,1,0,2,0,0,2,1,0,1,2
14,8506.621,7742.324,-152.656,-46.747,0.683619,0.717893,-0.131508,-0.729734,0.675394,-0.106449,0.012400,0.168736,0.985583,0,1.00000,1.00000,60.000,2.000,125.000,250.000,-1,475.000,-1,275.000,350.000,300.000,275.000,-1,200.000,100.000,625.000,300.000,925.000,125.000,-1,1,1,2,1,2,1,1,1,0,2,0,0,0,1,0,1,2
15,8549.318,7700.175,-144.772,-44.747,0.701557,0.688182,-0.184993,-0.710801,0.694283,-0.112838,0.050785,0.210656,0.976240,0,1.00000,1.00000,60.000,2.000,125.000,250.000,-1,525.000,-1,275.000,375.000,300.000,250.000,-1,175.000,50.000,375.000,325.000,-1,125.000,-1,1,1,2,1,2,1,1,1,0,2,0,0,0,1,2,1,2
16,8593.486,7659.569,-136.304,-42.747,0.715434,0.656541,-0.238973,-0.693011,0.710313,-0.123256,0.088823,0.253792,0.963172,0,1.00000,1.00000,60.000,2.000,125.000,275.000,-1,650.000,-1,300.000,400.000,325.000,225.000,-1,150.000,25.000,250.000,350.000,-1,125.000,-1,1,1,2,0,2,1,1,1,0,2,0,0,0,1,2,1,2
17,8639.065,7620.558,-127.023,-40.747,0.725598,0.623212,-0.291744,-0.676625,0.723347,-0.137652,0.125246,0.297281,0.946540,0,1.00000,1.00000,60.000,2.000,125.000,275.000,-1,750.000,-1,325.000,450.000,350.000,225.000,-1,150.000,0.000,175.000,425.000,-1,125.000,-1,1,1,2,0,2,1,1,1,0,2,0,0,0,1,2,1,2
18,-4263.558,4919.493,220.609,-25.030,0.905842,0.423045,-0.021966,-0.423281,0.905969,-0.007303,0.016811,0.015913,0.999732,1,0.00000,0.00000,60.000,2.000,-1,425.000,-1,425.000,-1,325.000,325.000,300.000,300.000,-1,-1,-1,-1,-1,925.000,-1,-1,2,0,2,0,2,0,0,0,0,2,2,2,2,2,0,2,2
19,-4259.217,4917.444,220.707,-25.270,0.904070,0.426835,-0.021665,-0.427071,0.904187,-0.007517,0.016380,0.016048,0.999737,0,0.08000,-0.12000,4.800,-0.240,-1,425.000,-1,425.000,-1,325.000,325.000,300.000,300.000,-1,-1,-1,-1,-1,925.000,-1,-1,2,0,2,0,2,0,0,0,0,2,2,2,2,2,0,2,2
20,-4250.571,4913.274,220.901,-25.750,0.900477,0.434393,-0.021068,-0.434627,0.900576,-0.007950,0.015520,0.016316,0.999746,0,0.16000,-0.24000,9.600,-0.480,-1,425.000,-1,425.000,-1,325.000,325.000,300.000,300.000,-1,-1,-1,-1,-1,925.000,-1,-1,2,0,2,0,2,0,0,0,0,2,2,2,2,2,0,2,2
21,-4237.680,4906.855,221.189,-26.470,0.894968,0.445673,-0.020185,-0.445903,0.895040,-0.008613,0.014228,0.016709,0.999759,0,0.24000,-0.36000,14.400,-0.720,-1,425.000,-1,425.000,-1,325.000,325.000,300.000,300.000,-1,-1,-1,-1,-1,900.000,-1,-1,2,0,2,0,2,0,0,0,0,2,2,2,2,2,0,2,2
22,-4220.630,4898.028,221.563,-27.372,0.887868,0.459705,-0.019030,-0.459928,0.887905,-0.009516,0.012522,0.017202,0.999774,0,0.32000,-0.45104,19.200,-0.902,-1,425.000,-1,400.000,-1,325.000,325.000,300.000,300.000,-1,-1,-1,-1,-1,900.000,-1,-1,2,0,2,0,2,0,0,0,0,2,2,2,2,2,0,2,2
23,-4199.494,4886.658,222.008,-28.276,0.880536,0.473652,-0.017615,-0.473864,0.880534,-0.010654,0.010464,0.017729,0.999788,0,0.40000,-0.45200,24.000,-0.904,-1,425.000,-1,400.000,-1,325.000,325.000,300.000,300.000,-1,-1,-1,-1,-1,900.000,-1,-1,2,0,2,0,2,0,0,0,0,2,2,2,2,2,0,2,2
24,-4174.350,4872.615,222.518,-29.184,0.872959,0.487532,-0.015954,-0.487726,0.872914,-0.012033,0.008060,0.018285,0.999800,0,0.48000,-0.45369,28.800,-0.907,-1,425.000,-1,400.000,-1,325.000,325.000,300.000,300.000,-1,-1,-1,-1,-1,875.000,-1,-1,2,0,2,0,2,0,0,0,0,2,2,2,2,2,0,2,2
25,-4145.280,4855.766,223.084,-30.096,0.865123,0.501362,-0.014061,-0.501531,0.865032,-0.013658,0.005316,0.018867,0.999808,0,0.56000,-0.45611,33.600,-0.912,-1,425.000,-1,400.000,-1,325.000,325.000,300.000,300.000,-1,-1,-1,-1,-1,875.000,-1,-1,2,0,2,0,2,0,0,0,0,2,2,2,2,2,0,2,2
26,-4112.369,4835.980,223.515,-31.015,0.857006,0.515166,-0.012039,-0.515300,0.856885,-0.014618,0.002785,0.018731,0.999821,0,0.64000,-0.45929,38.400,-0.919,-1,425.000,-1,400.000,-1,325.000,325.000,300.000,300.000,-1,-1,-1,-1,-1,850.000,-1,-1,2,0,2,0,2,0,0,0,0,2,2,2,2,2,0,2,2
27,-4075.710,4813.125,223.686,-31.941,0.848584,0.528967,-0.009981,-0.529060,0.848464,-0.014306,0.000901,0.017420,0.999848,0,0.72000,-0.46324,43.200,-0.926,-1,425.000,-1,400.000,-1,325.000,325.000,300.000,300.000,-1,-1,-1,-1,-1,850.000,-1,-1,2,0,2,0,2,0,0,0,0,2,2,2,2,2,0,2,2
28,-4035.398,4787.068,223.845,-32.877,0.839846,0.542769,-0.007725,-0.542823,0.839730,-0.014031,-0.001129,0.015977,0.999872,0,0.80000,-0.46798,48.000,-0.936,-1,425.000,-1,400.000,-1,350.000,325.000,300.000,300.000,-1,-1,-1,-1,-1,850.000,-1,-1,2,0,2,0,2,0,0,0,0,2,2,2,2,2,0,2,2
29,-3992.545,4758.354,223.636,-33.824,0.830774,0.556599,-0.003638,-0.556593,0.830679,-0.013259,-0.004358,0.013040,0.999905,0,0.85974,-0.47354,51.585,-0.947,-1,425.000,-1,400.000,-1,325.000,325.000,300.000,300.000,-1,-1,-1,-1,1000.000,850.000,-1,-1,2,0,2,0,2,0,0,0,0,2,2,2,2,0,0,2,2
30,-3950.277,4728.994,223.326,-34.784,0.821331,0.570451,0.000707,-0.570399,0.821272,-0.012506,-0.007715,0.009868,0.999922,0,0.85773,-0.47973,51.464,-0.959,-1,425.000,-1,400.000,-1,325.000,325.000,300.000,300.000,-1,-1,-1,-1,975.000,850.000,-1,-1,2,0,2,0,2,0,0,0,0,2,2,2,2,0,0,2,2
31,-3908.623,4699.005,222.996,-35.752,0.811553,0.584258,0.004898,-0.584177,0.811539,-0.011901,-0.010928,0.006797,0.999917,0,0.85544,-0.48397,51.326,-0.968,-1,425.000,-1,400.000,-1,325.000,325.000,300.000,300.000,-1,-1,-1,-1,950.000,825.000,-1,-1,2,0,2,0,2,0,0,0,1,2,2,2,2,0,0,2,2
32,-3867.608,4668.406,222.644,-36.725,0.801470,0.597969,0.008927,-0.597872,0.801510,-0.011437,-0.013994,0.003829,0.999895,0,0.85287,-0.48666,51.172,-0.973,-1,425.000,-1,400.000,-1,325.000,325.000,300.000,300.000,-1,-1,-1,-1,925.000,825.000,-1,-1,2,0,2,0,2,0,0,0,1,2,2,2,2,0,0,2,2
33,-3827.257,4637.215,222.189,-37.703,0.791111,0.611570,0.011146,-0.611487,0.791189,-0.010195,-0.015054,0.001250,0.999886,0,0.85002,-0.48915,51.001,-0.978,-1,425.000,-1,400.000,-1,325.000,325.000,300.000,275.000,-1,-1,-1,-1,925.000,825.000,-1,-1,2,0,2,0,2,0,0,0,1,2,2,2,2,0,0,2,2
34,-3787.592,4605.453,221.604,-38.686,0.780476,0.625052,0.012956,-0.624983,0.780583,-0.009326,-0.015943,-0.000818,0.999873,0,0.84691,-0.49142,50.814,-0.983,-1,425.000,-1,400.000,-1,325.000,325.000,300.000,275.000,-1,-1,-1,-1,925.000,825.000,-1,-1,2,0,2,0,2,0,0,0,1,2,2,2,2,0,0,2,2
35,-3748.635,4573.142,220.693,-39.673,0.769562,0.638404,0.014665,-0.638327,0.769700,-0.010030,-0.017691,-0.001643,0.999842,0,0.84355,-0.49347,50.613,-0.987,-1,425.000,-1,400.000,-1,325.000,325.000,300.000,250.000,-1,-1,-1,-1,925.000,825.000,-1,-1,2,0,2,0,2,0,0,0,1,2,2,2,2,0,1,2,2
36,-3710.405,4540.302,219.462,-40.664,0.758377,0.651615,0.016194,-0.651501,0.758549,-0.012272,-0.020281,-0.001244,0.999794,0,0.83997,-0.49529,50.398,-0.991,-1,400.000,-1,400.000,1000.000,325.000,325.000,300.000,250.000,-1,-1,-1,-1,900.000,800.000,-1,-1,2,0,2,0,1,0,0,0,1,2,2,2,2,0,1,2,2
37,-3672.921,4506.954,218.163,-41.657,0.746928,0.664674,0.017528,-0.664508,0.747133,-0.014841,-0.022960,-0.000562,0.999736,0,0.83619,-0.49689,50.171,-0.994,-1,400.000,-1,400.000,925.000,325.000,325.000,325.000,250.000,-1,-1,-1,-1,875.000,775.000,-1,-1,2,0,2,0,1,0,0,0,1,2,2,2,2,0,1,2,2
38,-3636.196,4473.120,217.048,-42.654,0.735222,0.677567,0.018744,-0.677368,0.735461,-0.016430,-0.024918,-0.000617,0.999689,0,0.83223,-0.49825,49.934,-0.997,-1,400.000,-1,400.000,875.000,325.000,325.000,325.000,225.000,-1,-1,-1,-1,875.000,750.000,-1,-1,2,0,2,0,1,0,0,0,1,2,2,2,2,0,1,2,2
39,-3596.622,4435.308,215.845,-43.696,0.722739,0.690834,0.019920,-0.690597,0.723013,-0.018124,-0.026923,-0.000658,0.999637,0,0.91223,-0.52119,54.734,-1.042,-1,400.000,-1,400.000,825.000,325.000,325.000,325.000,225.000,-1,-1,-1,-1,875.000,750.000,-1,-1,2,0,2,0,1,0,0,0,1,2,2,2,2,0,1,2,2
40,-3556.561,4395.608,214.493,-44.741,0.709991,0.703896,0.021041,-0.703638,0.710302,-0.019116,-0.028401,-0.001234,0.999596,0,0.94001,-0.52216,56.401,-1.044,-1,400.000,-1,400.000,775.000,325.000,325.000,325.000,225.000,-1,-1,-1,-1,850.000,725.000,-1,-1,2,0,2,0,1,0,0,0,1,2,2,2,2,0,1,2,2
41,-3517.446,4355.405,212.860,-45.786,0.696987,0.716739,0.022220,-0.716509,0.697334,-0.018436,-0.028709,-0.003072,0.999583,0,0.93485,-0.52285,56.091,-1.046,-1,400.000,-1,400.000,750.000,325.000,325.000,325.000,225.000,-1,-1,-1,-1,850.000,725.000,-1,-1,2,0,2,0,1,0,0,0,1,2,2,2,2,0,1,2,2
42,-3479.286,4314.722,211.283,-46.833,0.683743,0.729350,0.023308,-0.729148,0.684124,-0.017828,-0.028948,-0.004805,0.999569,0,0.92965,-0.52322,55.779,-1.046,-1,400.000,-1,400.000,725.000,325.000,325.000,325.000,225.000,-1,-1,-1,-1,850.000,750.000,-1,-1,2,0,2,0,1,0,0,0,1,2,2,2,2,0,1,2,2
43,-3442.084,4273.580,209.698,-47.879,0.670261,0.741716,0.024641,-0.741545,0.670681,-0.017268,-0.029335,-0.006698,0.999547,0,0.92446,-0.52328,55.468,-1.047,-1,400.000,-1,400.000,675.000,325.000,325.000,325.000,225.000,-1,-1,-1,-1,850.000,775.000,-1,-1,2,0,2,0,1,0,0,0,1,2,2,2,2,0,1,2,2
44,-3405.841,4231.997,208.175,-48.925,0.656565,0.753827,0.025847,-0.753687,0.657019,-0.016787,-0.029636,-0.008459,0.999525,0,0.91934,-0.52304,55.160,-1.046,-1,400.000,-1,400.000,650.000,325.000,325.000,325.000,250.000,-1,-1,-1,-1,825.000,800.000,-1,-1,2,0,2,1,1,0,0,0,1,2,2,2,2,0,1,2,2
45,-3370.555,4189.991,206.712,-49.970,0.642668,0.765672,0.026926,-0.765563,0.643152,-0.016378,-0.029857,-0.010088,0.999503,0,0.91433,-0.52249,54.860,-1.045,-1,400.000,-1,375.000,650.000,325.000,325.000,325.000,250.000,-1,-1,-1,-1,825.000,850.000,-1,-1,2,0,2,1,1,0,0,0,1,2,2,2,2,0,0,2,2
46,-3336.223,4147.575,205.413,-51.014,0.628478,0.777221,0.030711,-0.777178,0.629077,-0.016015,-0.031767,-0.013802,0.999400,0,0.90949,-0.52164,54.569,-1.043,-1,400.000,-1,375.000,625.000,325.000,325.000,325.000,250.000,-1,-1,-1,-1,825.000,850.000,-1,-1,2,0,2,1,1,0,0,0,1,2,2,2,2,0,0,2,2
47,-3302.838,4104.762,204.075,-52.055,0.614115,0.788481,0.034068,-0.788509,0.614820,-0.015813,-0.033414,-0.017152,0.999294,0,0.90485,-0.52052,54.291,-1.041,-1,400.000,-1,375.000,600.000,325.000,300.000,325.000,275.000,-1,-1,-1,-1,825.000,850.000,-1,-1,2,0,2,1,1,0,1,0,1,2,2,2,2,0,0,2,2
48,-3270.394,4061.561,202.429,-53.093,0.599662,0.799466,0.035505,-0.799537,0.600412,-0.015704,-0.033872,-0.018970,0.999246,0,0.90045,-0.51912,54.027,-1.038,-1,400.000,-1,375.000,575.000,325.000,325.000,325.000,275.000,-1,-1,-1,-1,825.000,875.000,-1,-1,2,0,2,1,1,0,1,0,1,2,2,2,2,0,0,2,2
49,-3238.880,4017.983,200.481,-54.128,0.585139,0.810175,0.035054,-0.810255,0.585871,-0.015588,-0.033166,-0.019282,0.999264,0,0.89632,-0.51746,53.779,-1.035,-1,400.000,-1,375.000,575.000,325.000,325.000,325.000,300.000,-1,-1,-1,-1,825.000,900.000,-1,-1,2,0,2,1,1,0,0,0,1,2,2,2,2,0,0,2,2
50,-3208.287,3974.034,199.565,-55.159,0.570511,0.820521,0.035530,-0.820776,0.571151,-0.010692,-0.029066,-0.023062,0.999311,0,0.89248,-0.51556,53.549,-1.031,-1,400.000,-1,400.000,625.000,325.000,325.000,325.000,325.000,-1,-1,-1,-1,875.000,975.000,-1,-1,2,0,2,1,1,0,0,0,1,2,2,2,2,0,0,2,2
51,-3175.760,3925.592,198.695,-56.122,0.556659,0.829916,0.037016,-0.830337,0.557225,-0.006352,-0.025898,-0.027200,0.999294,0,0.97248,-0.48138,58.349,-0.963,-1,425.000,-1,425.000,-1,350.000,350.000,325.000,325.000,-1,-1,-1,-1,900.000,-1,-1,-1,2,0,2,1,2,0,0,0,1,2,2,2,2,0,2,2,2
52,-3143.170,3875.215,197.569,-57.101,0.542408,0.839249,0.038143,-0.839784,0.542909,-0.003412,-0.023572,-0.030181,0.999266,0,1.00000,-0.48979,60.000,-0.980,-1,425.000,-1,450.000,-1,350.000,350.000,325.000,300.000,-1,-1,-1,-1,925.000,-1,-1,-1,2,0,2,0,2,0,0,0,1,2,2,2,2,0,2,2,2
53,-3111.462,3824.277,196.185,-58.099,0.527725,0.848525,0.038876,-0.849130,0.528182,-0.001752,-0.022020,-0.032087,0.999242,0,1.00000,-0.49887,60.000,-0.998,-1,450.000,-1,475.000,-1,350.000,375.000,325.000,275.000,-1,-1,-1,-1,950.000,-1,-1,-1,2,0,2,0,2,0,0,0,1,2,2,2,2,0,2,2,2
54,-3080.663,3772.785,194.561,-59.116,0.512592,0.857738,0.039178,-0.858370,0.513029,-0.001280,-0.021198,-0.032973,0.999231,0,1.00000,-0.50831,60.000,-1.017,-1,450.000,-1,475.000,-1,375.000,375.000,325.000,275.000,-1,-1,-1,-1,975.000,-1,-1,-1,2,0,2,0,2,0,0,0,1,2,2,2,2,0,2,2,2
55,-3050.831,3720.798,192.438,-60.152,0.496924,0.866844,0.040604,-0.867509,0.497415,-0.002348,-0.022232,-0.034058,0.999173,0,0.99897,-0.51811,59.938,-1.036,-1,450.000,-1,475.000,-1,375.000,375.000,325.000,250.000,-1,-1,-1,-1,975.000,-1,-1,-1,2,0,2,0,2,0,0,0,1,2,2,2,2,0,2,2,2
56,-3022.081,3668.485,189.830,-61.208,0.480723,0.875825,0.042861,-0.876531,0.481325,-0.004376,-0.024463,-0.035465,0.999071,0,0.99487,-0.52823,59.692,-1.056,-1,450.000,-1,475.000,-1,375.000,375.000,325.000,225.000,-1,-1,-1,-1,975.000,-1,-1,-1,2,0,2,0,2,0,0,0,1,2,2,2,2,0,2,2,2
57,-2994.454,3615.899,186.904,-62.285,0.464030,0.884679,0.044931,-0.885415,0.464754,-0.006654,-0.026768,-0.036695,0.998968,0,0.99002,-0.53859,59.401,-1.077,-1,450.000,-1,475.000,-1,350.000,375.000,300.000,225.000,-1,-1,-1,-1,950.000,-1,-1,-1,2,0,2,0,2,0,0,0,1,2,2,2,2,0,2,2,2
58,-2967.989,3563.093,183.879,-63.381,0.446871,0.893393,0.046430,-0.894105,0.447746,-0.009980,-0.029705,-0.037053,0.998872,0,0.98444,-0.54785,59.066,-1.096,-1,425.000,-1,475.000,-1,350.000,375.000,300.000,200.000,-1,-1,-1,-1,925.000,-1,-1,-1,2,0,2,0,2,0,0,0,1,2,2,2,2,0,2,2,2
59,-2942.706,3510.127,180.775,-64.483,0.429443,0.901853,0.047337,-0.902483,0.430490,-0.014232,-0.033213,-0.036609,0.998778,0,0.97817,-0.55094,58.690,-1.102,-1,425.000,-1,475.000,-1,350.000,375.000,300.000,200.000,-1,-1,-1,-1,925.000,-1,-1,-1,2,0,2,0,2,0,0,0,1,2,2,2,2,0,2,2,2
60,-2918.624,3457.062,177.617,-65.590,0.411770,0.910041,0.047656,-0.910527,0.413000,-0.019273,-0.037221,-0.035456,0.998678,0,0.97123,-0.55361,58.274,-1.107,-1,425.000,-1,475.000,-1,350.000,350.000,300.000,175.000,-1,-1,-1,-1,900.000,-1,-1,-1,2,0,2,0,2,0,0,0,1,2,2,2,2,0,2,2,2
61,-2895.754,3403.954,174.622,-66.702,0.393826,0.917916,0.048285,-0.918215,0.395280,-0.025206,-0.042223,-0.034409,0.998516,0,0.96371,-0.55585,57.822,-1.112,-1,425.000,-1,450.000,-1,350.000,350.000,300.000,175.000,-1,-1,-1,-1,875.000,-1,-1,-1,2,0,2,0,2,0,0,0,1,2,2,2,2,0,2,2,2
62,-2875.524,3354.941,172.692,-67.574,0.379341,0.923773,0.052383,-0.923890,0.381249,-0.032798,-0.050269,-0.035955,0.998088,0,0.88371,-0.43585,53.022,-0.872,-1,400.000,-1,450.000,-1,325.000,350.000,300.000,175.000,-1,-1,-1,-1,825.000,975.000,-1,-1,2,0,2,0,2,0,0,0,1,2,2,2,2,0,0,2,2
63,-2857.605,3310.127,170.243,-68.205,0.368762,0.927971,0.053706,-0.927665,0.371062,-0.041838,-0.058752,-0.034393,0.997680,0,0.80437,-0.31585,48.262,-0.632,-1,400.000,-1,425.000,-1,325.000,350.000,300.000,175.000,-1,-1,-1,-1,775.000,925.000,-1,-1,2,0,2,0,2,0,0,0,1,2,2,2,2,0,0,2,2
64,-2840.269,3265.618,167.747,-68.719,0.360145,0.931324,0.054144,-0.930526,0.362759,-0.050276,-0.066464,-0.032276,0.997267,0,0.79609,-0.25665,47.765,-0.513,-1,375.000,-1,425.000,-1,325.000,325.000,300.000,175.000,-1,-1,-1,-1,725.000,850.000,-1,-1,2,0,2,0,2,0,0,0,1,2,2,2,2,0,0,2,2
65,-2823.517,3221.444,166.062,-69.233,0.351508,0.934521,0.055788,-0.933510,0.354382,-0.054519,-0.070719,-0.032914,0.996953,0,0.78738,-0.25700,47.243,-0.514,-1,375.000,-1,425.000,-1,325.000,325.000,300.000,175.000,-1,-1,-1,-1,725.000,850.000,-1,-1,2,0,2,0,2,0,0,0,1,2,2,2,2,0,0,2,2
66,-2807.341,3177.608,163.904,-69.747,0.342888,0.937622,0.057385,-0.936514,0.345970,-0.056979,-0.073278,-0.034205,0.996725,0,0.77874,-0.25698,46.724,-0.514,-1,375.000,-1,425.000,-1,325.000,325.000,300.000,175.000,-1,-1,-1,-1,700.000,825.000,-1,-1,2,0,2,0,2,0,0,0,1,2,2,2,2,0,0,2,2
67,-2791.730,3134.108,161.353,-70.260,0.334228,0.940627,0.059264,-0.939452,0.337538,-0.059153,-0.075644,-0.035905,0.996488,0,0.77027,-0.25660,46.216,-0.513,-1,375.000,-1,400.000,-1,325.000,325.000,300.000,175.000,-1,-1,-1,-1,700.000,825.000,-1,-1,2,0,2,0,2,0,0,0,1,2,2,2,2,0,0,2,2
68,-2776.670,3090.934,158.607,-70.772,0.325597,0.943557,0.060717,-0.942305,0.329106,-0.061243,-0.077768,-0.037273,0.996274,0,0.76208,-0.25588,45.725,-0.512,-1,375.000,-1,400.000,-1,300.000,325.000,300.000,175.000,-1,-1,-1,-1,675.000,800.000,-1,-1,2,0,2,0,2,0,0,0,1,2,2,2,2,0,0,2,2
69,-2762.146,3048.072,155.762,-71.281,0.317049,0.946421,0.061374,-0.945079,0.320692,-0.063103,-0.079404,-0.037996,0.996118,0,0.75425,-0.25483,45.255,-0.510,-1,375.000,-1,400.000,-1,300.000,325.000,300.000,200.000,-1,-1,-1,-1,675.000,800.000,-1,-1,2,0,2,0,2,0,0,0,1,2,2,2,2,0,0,2,2
70,-2748.141,3005.505,152.822,-71.788,0.308594,0.949217,0.061286,-0.947774,0.312304,-0.064730,-0.080583,-0.038110,0.996019,0,0.74685,-0.25347,44.811,-0.507,-1,375.000,-1,400.000,-1,300.000,325.000,300.000,200.000,-1,-1,-1,-1,675.000,800.000,-1,-1,2,0,2,0,2,0,0,0,1,2,2,2,2,0,0,2,2
71,-2734.637,2963.212,149.793,-72.292,0.300241,0.951943,0.060502,-0.950390,0.303954,-0.066120,-0.081332,-0.037649,0.995976,0,0.73993,-0.25182,44.396,-0.504,-1,375.000,-1,400.000,-1,300.000,325.000,300.000,225.000,-1,-1,-1,-1,675.000,800.000,-1,-1,2,0,2,0,2,0,0,0,1,2,2,2,2,0,0,2,2
72,-2721.617,2921.170,146.681,-72.792,0.291997,0.954593,0.059069,-0.952925,0.295649,-0.067270,-0.081680,-0.036645,0.995985,0,0.73353,-0.24990,44.012,-0.500,-1,375.000,-1,400.000,-1,300.000,325.000,300.000,225.000,-1,-1,-1,-1,650.000,775.000,-1,-1,2,0,2,0,2,0,0,0,1,2,2,2,2,0,0,2,2
73,-2709.062,2879.354,143.491,-73.287,0.283867,0.957166,0.057028,-0.955381,0.287400,-0.068179,-0.081649,-0.035129,0.996042,0,0.72767,-0.24772,43.660,-0.495,-1,375.000,-1,400.000,-1,300.000,325.000,300.000,250.000,-1,-1,-1,-1,650.000,775.000,-1,-1,2,0,2,0,2,0,0,0,1,2,2,2,2,0,0,2,2
74,-2696.956,2837.738,140.225,-73.778,0.275854,0.959658,0.054419,-0.957758,0.279212,-0.068845,-0.081263,-0.033129,0.996142,0,0.72235,-0.24530,43.341,-0.491,-1,375.000,-1,400.000,-1,300.000,325.000,300.000,250.000,-1,-1,-1,-1,675.000,775.000,-1,-1,2,0,2,0,2,0,0,0,1,2,2,2,2,0,0,2,2
75,-2685.280,2796.296,136.888,-74.263,0.267962,0.962064,0.051280,-0.960057,0.271095,-0.069268,-0.080542,-0.030670,0.996279,0,0.71759,-0.24267,43.055,-0.485,-1,375.000,-1,400.000,-1,300.000,325.000,300.000,250.000,-1,-1,-1,-1,675.000,775.000,-1,-1,2,0,2,0,2,0,0,0,1,2,2,2,2,0,0,2,2
76,-2674.018,2755.003,133.482,-74.743,0.260190,0.964381,0.047644,-0.962279,0.263054,-0.069447,-0.079506,-0.027777,0.996447,0,0.71336,-0.23983,42.802,-0.480,-1,375.000,-1,400.000,-1,300.000,325.000,300.000,275.000,-1,-1,-1,-1,675.000,775.000,-1,-1,2,0,2,0,2,0,0,0,1,2,2,2,2,0,0,2,2
77,-2663.154,2713.832,130.012,-75.216,0.252540,0.966606,0.043543,-0.964423,0.255095,-0.069382,-0.078173,-0.024472,0.996639,0,0.70967,-0.23680,42.580,-0.474,-1,375.000,-1,400.000,-1,300.000,325.000,300.000,275.000,-1,-1,-1,425.000,675.000,775.000,-1,-1,2,0,2,0,2,0,0,0,1,2,2,2,1,0,0,2,2
78,-2652.675,2672.759,126.142,-75.683,0.245141,0.968759,0.037574,-0.966537,0.247232,-0.068432,-0.075584,-0.019541,0.996948,0,0.70648,-0.23359,42.389,-0.467,-1,375.000,-1,400.000,-1,300.000,325.000,325.000,275.000,-1,-1,-1,350.000,700.000,775.000,-1,-1,2,0,2,0,2,0,0,0,1,2,2,2,1,0,0,2,2
79,-2642.564,2631.761,122.370,-76.144,0.237798,0.970793,0.031817,-0.968573,0.239459,-0.067271,-0.072925,-0.014820,0.997227,0,0.70378,-0.23021,42.227,-0.460,-1,375.000,-1,400.000,-1,300.000,325.000,325.000,275.000,-1,-1,-1,325.000,700.000,775.000,-1,-1,2,0,2,0,2,0,0,0,1,2,2,2,1,0,0,2,2
80,-2632.809,2590.815,119.196,-76.597,0.230341,0.972692,0.028514,-0.970447,0.231778,-0.067169,-0.071944,-0.012200,0.997334,0,0.70154,-0.22668,42.093,-0.453,-1,375.000,-1,400.000,-1,300.000,325.000,325.000,275.000,-1,-1,-1,325.000,700.000,800.000,-1,-1,2,0,2,0,2,0,0,0,1,2,2,2,1,0,0,2,2
81,-2623.395,2549.899,116.225,-77.043,0.222814,0.974471,0.027568,-0.972225,0.224201,-0.067173,-0.071639,-0.011836,0.997360,0,0.69974,-0.22300,41.985,-0.446,-1,375.000,-1,400.000,-1,300.000,325.000,325.000,300.000,-1,-1,-1,350.000,700.000,800.000,-1,-1,2,0,2,0,2,0,0,0,1,2,2,2,1,0,0,2,2
82,-2614.313,2508.994,113.262,-77.482,0.215409,0.976161,0.026608,-0.973945,0.216739,-0.066741,-0.070917,-0.011538,0.997415,0,0.69836,-0.21918,41.901,-0.438,-1,375.000,-1,400.000,-1,300.000,325.000,325.000,300.000,-1,-1,-1,375.000,700.000,825.000,-1,-1,2,0,2,0,2,0,0,0,1,2,2,2,1,0,0,2,2
83,-2605.551,2468.080,110.326,-77.912,0.208126,0.977766,0.025645,-0.975579,0.209400,-0.066314,-0.070209,-0.011217,0.997469,0,0.69736,-0.21524,41.842,-0.430,-1,375.000,-1,400.000,-1,300.000,325.000,325.000,325.000,-1,-1,-1,400.000,725.000,825.000,-1,-1,2,0,2,0,2,0,0,0,1,2,2,2,1,0,0,2,2
84,-2597.099,2427.140,107.416,-78.334,0.200970,0.979286,0.024679,-0.977128,0.202188,-0.065890,-0.069515,-0.010873,0.997522,0,0.69673,-0.21117,41.804,-0.422,-1,375.000,-1,400.000,-1,300.000,325.000,325.000,325.000,-1,-1,-1,425.000,750.000,850.000,-1,-1,2,0,2,0,2,0,0,0,0,2,2,2,1,0,0,2,2
85,-2588.946,2386.157,104.529,-78.748,0.193947,0.980726,0.023710,-0.978594,0.195108,-0.065471,-0.068835,-0.010504,0.997573,0,0.69643,-0.20699,41.786,-0.414,-1,375.000,-1,400.000,-1,300.000,325.000,325.000,325.000,-1,-1,-1,450.000,775.000,850.000,-1,-1,2,0,2,0,2,0,0,0,0,2,2,2,1,0,0,2,2
86,-2581.852,2349.858,101.987,-78.943,0.190673,0.981387,0.022878,-0.979276,0.191781,-0.065109,-0.068285,-0.009989,0.997616,0,0.61643,-0.09719,36.986,-0.194,-1,375.000,-1,400.000,-1,300.000,325.000,325.000,325.000,-1,-1,-1,475.000,775.000,875.000,-1,-1,2,0,2,0,2,0,0,0,0,2,2,2,1,0,0,2,2
87,-2575.782,2318.250,99.787,-79.129,0.187523,0.982010,0.022151,-0.979917,0.188585,-0.064795,-0.067807,-0.009555,0.997653,0,0.53643,-0.09328,32.186,-0.187,-1,375.000,-1,400.000,-1,300.000,325.000,325.000,325.000,-1,-1,-1,500.000,800.000,875.000,-1,-1,2,0,2,0,2,0,0,0,0,2,2,2,1,0,0,2,2
88,-2570.702,2291.339,97.924,-79.309,0.184482,0.982600,0.021528,-0.980522,0.185506,-0.064527,-0.067398,-0.009204,0.997684,0,0.45643,-0.08981,27.386,-0.180,-1,375.000,-1,400.000,-1,300.000,325.000,325.000,325.000,-1,-1,-1,525.000,800.000,900.000,-1,-1,2,0,2,0,2,0,0,0,0,2,2,2,1,0,0,2,2
89,-2566.579,2269.132,96.394,-79.483,0.181535,0.983160,0.021009,-0.981095,0.182528,-0.064306,-0.067058,-0.008938,0.997709,0,0.37643,-0.08681,22.586,-0.174,-1,375.000,-1,400.000,-1,300.000,325.000,325.000,325.000,-1,-1,-1,525.000,825.000,900.000,-1,-1,2,0,2,0,2,0,0,0,0,2,2,2,1,0,0,2,2
90,-2563.384,2251.636,95.194,-79.651,0.178664,0.983694,0.020595,-0.981641,0.179634,-0.064131,-0.066785,-0.008759,0.997729,0,0.29643,-0.08430,17.786,-0.169,-1,375.000,-1,400.000,-1,300.000,325.000,325.000,325.000,-1,-1,-1,550.000,825.000,900.000,-1,-1,2,0,2,0,2,0,0,0,0,2,2,2,1,0,0,2,2
91,-2561.088,2238.854,94.320,-79.816,0.175853,0.984207,0.020286,-0.982162,0.176807,-0.064001,-0.066577,-0.008670,0.997744,0,0.21643,-0.08231,12.986,-0.165,-1,375.000,-1,400.000,-1,300.000,325.000,325.000,325.000,-1,-1,-1,550.000,825.000,925.000,-1,-1,2,0,2,0,2,0,0,0,0,2,2,2,1,0,0,2,2
92,-2559.664,2230.793,93.771,-79.977,0.173084,0.984702,0.020082,-0.982664,0.174029,-0.063917,-0.066434,-0.008671,0.997753,0,0.13643,-0.08085,8.186,-0.162,-1,375.000,-1,400.000,-1,300.000,325.000,325.000,325.000,-1,-1,-1,550.000,825.000,925.000,-1,-1,2,0,2,0,2,0,0,0,0,2,2,2,1,0,0,2,2
93,-2559.084,2227.457,93.546,-80.137,0.170337,0.985183,0.019984,-0.983149,0.171281,-0.063878,-0.066354,-0.008767,0.997758,0,0.05643,-0.07992,3.386,-0.160,-1,375.000,-1,400.000,-1,300.000,325.000,325.000,325.000,-1,-1,-1,550.000,825.000,925.000,-1,-1,2,0,2,0,2,0,0,0,0,2,2,2,1,0,0,2,2
94,-2559.322,2228.851,93.643,-80.296,0.167594,0.985653,0.019992,-0.983622,0.168545,-0.063883,-0.066336,-0.008958,0.997757,0,-0.02357,-0.07954,-1.414,-0.159,-1,375.000,-1,400.000,-1,300.000,325.000,325.000,325.000,-1,-1,-1,550.000,825.000,925.000,-1,-1,2,0,2,0,2,0,0,0,0,2,2,2,1,0,0,2,2
95,-2560.352,2234.979,94.063,-80.456,0.164838,0.986116,0.020106,-0.984085,0.165802,-0.063932,-0.066378,-0.009248,0.997752,0,-0.10357,-0.07970,-6.214,-0.159,-1,375.000,-1,400.000,-1,300.000,325.000,325.000,325.000,-1,-1,-1,550.000,825.000,925.000,-1,-1,2,0,2,0,2,0,0,0,0,2,2,2,1,0,0,2,2
96,-2562.102,2245.853,94.808,-80.855,0.157931,0.987242,0.020294,-0.985214,0.158923,-0.064012,-0.066420,-0.009884,0.997743,0,-0.18357,-0.19970,-11.014,-0.399,-1,375.000,-1,400.000,-1,300.000,325.000,325.000,325.000,-1,-1,-1,550.000,825.000,925.000,-1,-1,2,0,2,0,2,0,0,0,0,2,2,2,1,0,0,2,2
97,-2564.453,2261.491,95.878,-81.452,0.147597,0.988834,0.020563,-0.986812,0.148628,-0.064120,-0.066460,-0.010828,0.997730,0,-0.26357,-0.29843,-15.814,-0.597,-1,375.000,-1,400.000,-1,300.000,325.000,325.000,325.000,-1,-1,-1,550.000,825.000,900.000,-1,-1,2,0,2,0,2,0,0,0,0,2,2,2,1,0,0,2,2
98,-2567.303,2281.907,97.269,-82.052,0.137178,0.990325,0.020947,-0.988309,0.138259,-0.064266,-0.066540,-0.011886,0.997713,0,-0.34357,-0.30015,-20.614,-0.600,-1,375.000,-1,400.000,-1,300.000,325.000,325.000,325.000,-1,-1,-1,525.000,825.000,900.000,-1,-1,2,0,2,0,2,0,0,0,0,2,2,2,1,0,0,2,2
99,-2570.551,2307.113,98.982,-82.657,0.126660,0.991714,0.021447,-0.989704,0.127798,-0.064448,-0.066655,-0.013063,0.997691,0,-0.42357,-0.30234,-25.414,-0.605,-1,375.000,-1,400.000,-1,300.000,325.000,325.000,325.000,-1,-1,-1,525.000,800.000,900.000,-1,-1,2,0,2,0,2,0,0,0,0,2,2,2,1,0,0,2,2
100,-2574.093,2337.118,101.016,-83.267,0.116029,0.993001,0.022067,-0.990997,0.117231,-0.064666,-0.066800,-0.014365,0.997663,0,-0.50357,-0.30496,-30.214,-0.610,-1,375.000,-1,400.000,-1,325.000,325.000,325.000,325.000,-1,-1,-1,500.000,800.000,900.000,-1,-1,2,0,2,0,2,0,0,0,0,2,2,2,1,0,0,2,2
101,-2577.618,2370.018,103.242,-83.883,0.105273,0.994183,0.022761,-0.992187,0.106548,-0.064901,-0.066949,-0.015751,0.997632,0,-0.55148,-0.30797,-33.089,-0.616,-1,375.000,-1,400.000,-1,325.000,325.000,325.000,325.000,-1,-1,-1,475.000,775.000,875.000,-1,-1,2,0,2,0,2,0,0,0,0,2,2,2,1,0,0,2,2
102,-2580.775,2402.836,105.457,-84.505,0.094395,0.995258,0.023460,-0.993273,0.095742,-0.065128,-0.067066,-0.017154,0.997601,0,-0.54948,-0.31113,-32.969,-0.622,-1,375.000,-1,400.000,-1,325.000,325.000,325.000,300.000,-1,-1,-1,475.000,775.000,875.000,-1,-1,2,0,2,0,2,0,0,0,1,2,2,2,1,0,0,2,2
103,-2583.559,2435.543,107.660,-85.133,0.083401,0.996223,0.024162,-0.994251,0.084821,-0.065348,-0.067150,-0.018573,0.997570,0,-0.54709,-0.31413,-32.825,-0.628,-1,375.000,-1,400.000,-1,325.000,325.000,325.000,300.000,-1,-1,-1,475.000,750.000,850.000,-1,-1,2,0,2,0,2,0,0,0,1,2,2,2,1,0,0,2,2
104,-2585.969,2468.111,109.848,-85.767,0.072298,0.997073,0.024866,-0.995117,0.073792,-0.065559,-0.067202,-0.020005,0.997539,0,-0.54429,-0.31697,-32.657,-0.634,-1,375.000,-1,400.000,-1,325.000,325.000,325.000,300.000,-1,-1,-1,500.000,750.000,850.000,-1,-1,2,0,2,0,2,0,0,0,1,2,2,2,1,0,0,2,2
105,-2588.003,2500.512,112.003,-86.407,0.061089,0.997803,0.025632,-0.995863,0.062661,-0.065803,-0.067265,-0.021506,0.997503,0,-0.54109,-0.31963,-32.465,-0.639,-1,375.000,-1,400.000,-1,325.000,325.000,325.000,300.000,-1,-1,-1,600.000,750.000,850.000,-1,-1,2,0,2,0,2,0,0,0,1,2,2,2,1,0,0,2,2
106,-2589.661,2532.719,114.121,-87.051,0.049780,0.998410,0.026463,-0.996487,0.051436,-0.066088,-0.067344,-0.023080,0.997463,0,-0.53749,-0.32211,-32.250,-0.644,-1,375.000,-1,400.000,-1,325.000,325.000,325.000,275.000,-1,-1,-1,-1,725.000,825.000,-1,-1,2,0,2,0,2,0,0,0,1,2,2,2,2,0,0,2,2
107,-2590.880,2560.142,115.924,-87.455,0.042667,0.998720,0.027172,-0.996810,0.044390,-0.066327,-0.067448,-0.024256,0.997428,0,-0.45749,-0.20211,-27.450,-0.404,-1,375.000,-1,400.000,-1,325.000,325.000,325.000,275.000,-1,-1,-1,-1,725.000,825.000,-1,-1,2,0,2,0,2,0,0,0,1,2,2,2,2,0,0,2,2
108,-2591.820,2582.772,117.414,-87.619,0.039753,0.998824,0.027763,-0.996920,0.041527,-0.066522,-0.067597,-0.025033,0.997399,0,-0.37749,-0.08211,-22.650,-0.164,-1,375.000,-1,400.000,-1,325.000,325.000,325.000,275.000,-1,-1,-1,-1,700.000,825.000,-1,-1,2,0,2,0,2,0,0,0,1,2,2,2,2,0,0,2,2
109,-2592.585,2600.605,118.593,-87.543,0.041040,0.998758,0.028238,-0.996854,0.042847,-0.066677,-0.067804,-0.025413,0.997375,0,-0.29749,0.03789,-17.850,0.076,-1,375.000,-1,400.000,-1,325.000,325.000,325.000,275.000,-1,-1,-1,-1,700.000,825.000,-1,-1,2,0,2,0,2,0,0,0,1,2,2,2,2,0,0,2,2
110,-2593.216,2613.639,119.469,-87.228,0.046531,0.998508,0.028562,-0.996596,0.048351,-0.066767,-0.068049,-0.025358,0.997360,0,-0.21749,0.15789,-13.050,0.316,-1,375.000,-1,400.000,-1,325.000,325.000,325.000,275.000,-1,-1,-1,-1,700.000,800.000,-1,-1,2,0,2,0,2,0,0,0,1,2,2,2,2,0,0,2,2
111,-2593.678,2621.876,120.008,-86.789,0.054177,0.998114,0.028855,-0.996200,0.056002,-0.066702,-0.068192,-0.025131,0.997356,0,-0.13749,0.21953,-8.250,0.439,-1,375.000,-1,400.000,-1,325.000,325.000,325.000,275.000,-1,-1,-1,-1,700.000,800.000,-1,-1,2,0,2,0,2,0,0,0,1,2,2,2,2,0,0,2,2
112,-2593.898,2625.318,120.219,-86.351,0.061811,0.997665,0.029058,-0.995749,0.063632,-0.066600,-0.068294,-0.024818,0.997357,0,-0.05749,0.21904,-3.450,0.438,-1,375.000,-1,400.000,-1,325.000,325.000,325.000,275.000,-1,-1,-1,-1,700.000,800.000,-1,-1,2,0,2,0,2,0,0,0,1,2,2,2,2,0,0,2,2
113,-2593.802,2623.972,120.133,-85.913,0.069447,0.997163,0.029050,-0.995234,0.071252,-0.066572,-0.068453,-0.024288,0.997359,0,0.02251,0.21884,1.350,0.438,-1,375.000,-1,400.000,-1,325.000,325.000,325.000,275.000,-1,-1,-1,-1,700.000,800.000,-1,-1,2,0,2,0,2,0,0,0,1,2,2,2,2,0,0,2,2
114,-2593.317,2617.840,119.748,-85.475,0.077095,0.996607,0.028832,-0.994656,0.078872,-0.066619,-0.068667,-0.023542,0.997362,0,0.10251,0.21892,6.150,0.438,-1,375.000,-1,400.000,-1,325.000,325.000,325.000,275.000,-1,-1,-1,-1,700.000,800.000,-1,-1,2,0,2,0,2,0,0,0,1,2,2,2,2,0,0,2,2
115,-2592.416,2606.927,119.043,-85.277,0.080568,0.996343,0.028461,-0.994373,0.082314,-0.066689,-0.068788,-0.022928,0.997368,0,0.18251,0.09892,10.950,0.198,-1,375.000,-1,400.000,-1,325.000,325.000,325.000,275.000,-1,-1,-1,-1,700.000,800.000,-1,-1,2,0,2,0,2,0,0,0,1,2,2,2,2,0,0,2,2
116,-2591.131,2591.229,117.975,-85.319,0.079861,0.996410,0.028101,-0.994440,0.081581,-0.066579,-0.068632,-0.022627,0.997385,0,0.26251,-0.02108,15.750,-0.042,-1,375.000,-1,400.000,-1,325.000,325.000,325.000,275.000,-1,-1,-1,-1,700.000,825.000,-1,-1,2,0,2,0,2,0,0,0,1,2,2,2,2,0,0,2,2
117,-2589.506,2570.743,116.596,-85.466,0.077340,0.996624,0.027568,-0.994659,0.079025,-0.066396,-0.068351,-0.022285,0.997412,0,0.34251,-0.07351,20.550,-0.147,-1,375.000,-1,400.000,-1,325.000,325.000,325.000,275.000,-1,-1,-1,-1,700.000,825.000,-1,-1,2,0,2,0,2,0,0,0,1,2,2,2,2,0,0,2,2
118,-2587.565,2545.467,114.899,-85.606,0.074954,0.996824,0.026917,-0.994864,0.076594,-0.066175,-0.068027,-0.021819,0.997445,0,0.42251,-0.06988,25.350,-0.140,-1,375.000,-1,400.000,-1,325.000,325.000,325.000,275.000,-1,-1,-1,-1,725.000,825.000,-1,-1,2,0,2,0,2,0,0,0,1,2,2,2,2,0,0,2,2
119,-2585.330,2515.492,112.890,-85.737,0.072738,0.997008,0.026151,-0.995053,0.074324,-0.065917,-0.067663,-0.021227,0.997482,0,0.50098,-0.06525,30.059,-0.131,-1,375.000,-1,400.000,-1,325.000,325.000,325.000,275.000,-1,-1,-1,600.000,725.000,850.000,-1,-1,2,0,2,0,2,0,0,0,1,2,2,2,1,0,0,2,2
120,-2583.179,2485.792,110.906,-85.856,0.070720,0.997173,0.025393,-0.995223,0.072253,-0.065662,-0.067311,-0.020628,0.997519,0,0.49629,-0.05953,29.777,-0.119,-1,375.000,-1,400.000,-1,325.000,325.000,325.000,300.000,-1,-1,-1,525.000,750.000,850.000,-1,-1,2,0,2,0,2,0,0,0,1,2,2,2,1,0,0,2,2
121,-2581.100,2456.342,108.942,-85.963,0.068906,0.997319,0.024643,-0.995373,0.070388,-0.065411,-0.066970,-0.020022,0.997554,0,0.49206,-0.05361,29.524,-0.107,-1,375.000,-1,400.000,-1,325.000,325.000,325.000,300.000,-1,-1,-1,500.000,750.000,850.000,-1,-1,2,0,2,0,2,0,0,0,1,2,2,2,1,0,0,2,2
122,-2579.086,2427.114,106.998,-86.058,0.067305,0.997446,0.023900,-0.995505,0.068735,-0.065162,-0.066639,-0.019407,0.997588,0,0.48829,-0.04751,29.297,-0.095,-1,375.000,-1,400.000,-1,325.000,325.000,325.000,300.000,-1,-1,-1,475.000,775.000,875.000,-1,-1,2,0,2,0,2,0,0,0,1,2,2,2,1,0,0,2,2
123,-2577.128,2398.083,105.071,-86.140,0.065921,0.997556,0.023165,-0.995619,0.067300,-0.064917,-0.066317,-0.018784,0.997622,0,0.48495,-0.04123,29.097,-0.082,-1,375.000,-1,400.000,-1,325.000,325.000,325.000,300.000,-1,-1,-1,475.000,775.000,875.000,-1,-1,2,0,2,0,2,0,0,0,1,2,2,2,1,0,0,2,2
124,-2575.217,2369.225,103.159,-86.210,0.064761,0.997649,0.022435,-0.995716,0.066090,-0.064674,-0.066005,-0.018150,0.997654,0,0.48202,-0.03478,28.921,-0.070,-1,375.000,-1,400.000,-1,325.000,325.000,325.000,325.000,-1,-1,-1,500.000,800.000,875.000,-1,-1,2,0,2,0,2,0,0,0,0,2,2,2,1,0,0,2,2
125,-2573.344,2340.516,101.260,-86.266,0.063831,0.997725,0.021711,-0.995796,0.065109,-0.064434,-0.065701,-0.017507,0.997686,0,0.47949,-0.02817,28.770,-0.056,-1,375.000,-1,400.000,-1,325.000,325.000,325.000,325.000,-1,-1,-1,500.000,800.000,900.000,-1,-1,2,0,2,0,2,0,0,0,0,2,2,2,1,0,0,2,2
126,-2571.500,2311.935,99.373,-86.309,0.063136,0.997784,0.020993,-0.995859,0.064365,-0.064197,-0.065406,-0.016853,0.997716,0,0.47735,-0.02139,28.641,-0.043,-1,375.000,-1,400.000,-1,325.000,325.000,325.000,325.000,-1,-1,-1,525.000,825.000,900.000,-1,-1,2,0,2,0,2,0,0,0,0,2,2,2,1,0,0,2,2
127,-2569.678,2283.458,97.495,-86.338,0.062683,0.997827,0.020279,-0.995907,0.063863,-0.063961,-0.065118,-0.016187,0.997746,0,0.47558,-0.01445,28.535,-0.029,-1,375.000,-1,400.000,-1,325.000,325.000,325.000,325.000,-1,-1,-1,525.000,825.000,900.000,-1,-1,2,0,2,0,2,0,0,0,0,2,2,2,1,0,0,2,2
128,-2567.868,2255.066,95.626,-86.353,0.062478,0.997854,0.019570,-0.995938,0.063607,-0.063728,-0.064836,-0.015509,0.997775,0,0.47417,-0.00735,28.450,-0.015,-1,375.000,-1,400.000,-1,325.000,325.000,325.000,325.000,-1,-1,-1,550.000,850.000,925.000,-1,-1,2,0,2,0,2,0,0,0,0,2,2,2,1,0,0,2,2
129,-2566.063,2226.738,93.763,-86.353,0.062524,0.997865,0.018865,-0.995953,0.063605,-0.063496,-0.064561,-0.014819,0.997804,0,0.47310,-0.00010,28.386,-0.000,-1,375.000,-1,400.000,-1,325.000,325.000,325.000,325.000,-1,-1,-1,575.000,850.000,925.000,-1,-1,2,0,2,0,2,0,0,0,0,2,2,2,1,0,0,2,2
130,-2564.253,2198.453,91.905,-86.338,0.062829,0.997859,0.018164,-0.995951,0.063860,-0.063266,-0.064291,-0.014116,0.997831,0,0.47237,0.00732,28.342,0.015,-1,400.000,-1,425.000,-1,325.000,325.000,325.000,325.000,-1,-1,-1,575.000,875.000,950.000,-1,-1,2,0,2,0,2,0,0,0,0,2,2,2,1,0,0,2,2
131,-2562.430,2170.194,90.051,-86.308,0.063397,0.997836,0.017467,-0.995933,0.064379,-0.063038,-0.064026,-0.013399,0.997858,0,0.47197,0.01488,28.318,0.030,-1,400.000,-1,425.000,-1,325.000,325.000,325.000,300.000,-1,-1,-1,600.000,875.000,950.000,-1,-1,2,0,2,0,2,0,0,0,0,2,2,2,1,0,0,2,2
132,-2560.585,2141.940,88.199,-86.263,0.064234,0.997794,0.016772,-0.995896,0.065167,-0.062810,-0.063764,-0.012669,0.997885,0,0.47190,0.02260,28.314,0.045,-1,400.000,-1,425.000,-1,325.000,325.000,325.000,300.000,-1,-1,-1,600.000,900.000,950.000,-1,-1,2,0,2,0,2,0,0,0,0,2,2,2,1,0,0,2,2
133,-2558.709,2113.675,86.348,-86.202,0.065345,0.997733,0.016080,-0.995840,0.066229,-0.062583,-0.063507,-0.011924,0.997910,0,0.47213,0.03048,28.328,0.061,-1,400.000,-1,425.000,-1,325.000,325.000,325.000,300.000,-1,-1,-1,625.000,900.000,975.000,-1,-1,2,0,2,0,2,0,0,0,0,2,2,2,1,0,0,2,2
134,-2556.793,2085.379,84.496,-86.125,0.066736,0.997652,0.015391,-0.995764,0.067571,-0.062358,-0.063251,-0.011164,0.997935,0,0.47267,0.03852,28.360,0.077,-1,400.000,-1,425.000,-1,325.000,350.000,325.000,300.000,-1,-1,-1,625.000,925.000,975.000,-1,-1,2,0,2,0,2,0,0,0,0,2,2,2,1,0,0,2,2
135,-2554.827,2057.037,82.643,-86.032,0.068412,0.997549,0.014704,-0.995666,0.069199,-0.062132,-0.062997,-0.010389,0.997960,0,0.47351,0.04672,28.411,0.093,-1,425.000,-1,425.000,-1,325.000,350.000,325.000,300.000,-1,-1,-1,650.000,925.000,1000.000,-1,-1,2,0,2,0,2,0,0,0,0,2,2,2,1,0,0,2,2
136,-2552.801,2028.630,80.788,-85.922,0.070379,0.997422,0.014018,-0.995545,0.071117,-0.061907,-0.062745,-0.009599,0.997983,0,0.47465,0.05507,28.479,0.110,-1,425.000,-1,425.000,-1,350.000,350.000,325.000,300.000,-1,-1,-1,675.000,925.000,1000.000,-1,-1,2,0,2,0,2,0,0,0,0,2,2,2,1,0,0,2,2
137,-2550.707,2000.141,78.928,-85.794,0.072643,0.997269,0.013335,-0.995398,0.073331,-0.061682,-0.062492,-0.008793,0.998007,0,0.47608,0.06359,28.565,0.127,-1,425.000,-1,450.000,-1,350.000,350.000,325.000,300.000,-1,-1,-1,700.000,950.000,-1,-1,-1,2,0,2,0,2,0,0,0,0,2,2,2,1,0,2,2,2
