timestep,x_cm,y_cm,z_cm,yaw_deg,basis_xx,basis_xy,basis_xz,basis_yx,basis_yy,basis_yz,basis_zx,basis_zy,basis_zz,teleport_flag,throttle_cmd,steering_cmd,cmd_move_cm,cmd_turn_deg,lidar_cm_0,lidar_cm_1,lidar_cm_2,lidar_cm_3,lidar_cm_4,lidar_cm_5,lidar_cm_6,lidar_cm_7,lidar_cm_8,lidar_cm_9,lidar_cm_10,lidar_cm_11,lidar_cm_12,lidar_cm_13,lidar_cm_14,lidar_cm_15,lidar_cm_16,lidar_class_0,lidar_class_1,lidar_class_2,lidar_class_3,lidar_class_4,lidar_class_5,lidar_class_6,lidar_class_7,lidar_class_8,lidar_class_9,lidar_class_10,lidar_class_11,lidar_class_12,lidar_class_13,lidar_class_14,lidar_class_15,lidar_class_16
0,6234.232,-2299.609,-73.970,-53.241,0.598935,0.800784,-0.004640,-0.799330,0.598178,0.057043,0.048454,-0.030456,0.998361,1,0.08000,-0.12000,4.800,-0.240,-1,400.000,-1,400.000,375.000,325.000,325.000,300.000,300.000,-1,-1,-1,-1,850.000,500.000,-1,425.000,2,0,2,1,1,0,0,0,0,2,2,2,2,0,1,2,1
1,6239.912,-2307.348,-73.503,-53.721,0.592204,0.805777,-0.004280,-0.804350,0.591456,0.056588,0.048129,-0.030069,0.998388,0,0.16000,-0.24000,9.600,-0.480,-1,400.000,-1,400.000,375.000,325.000,325.000,300.000,300.000,-1,-1,-1,-1,850.000,475.000,-1,425.000,2,0,2,1,1,0,0,0,0,2,2,2,2,0,1,2,1
2,6248.287,-2319.063,-72.801,-54.441,0.582029,0.813159,-0.003747,-0.811771,0.581293,0.055904,0.047637,-0.029496,0.998429,0,0.24000,-0.36000,14.400,-0.720,-1,400.000,-1,400.000,375.000,325.000,325.000,300.000,300.000,-1,-1,-1,-1,850.000,475.000,-1,400.000,2,0,2,1,1,0,0,0,0,2,2,2,2,0,1,2,1
3,6259.219,-2334.846,-71.858,-55.291,0.569896,0.821711,-0.003040,-0.820376,0.569174,0.054997,0.046922,-0.028849,0.998482,0,0.32000,-0.42512,19.200,-0.850,-1,400.000,-1,375.000,350.000,325.000,325.000,300.000,300.000,-1,-1,-1,-1,850.000,450.000,-1,375.000,2,0,2,1,1,0,0,0,0,2,2,2,2,0,1,2,1
4,6272.590,-2354.776,-70.673,-56.142,0.557630,0.830087,-0.002156,-0.828818,0.556918,0.053878,0.045924,-0.028257,0.998545,0,0.40000,-0.42543,24.000,-0.851,-1,400.000,-1,350.000,325.000,325.000,325.000,300.000,300.000,-1,-1,-1,-1,850.000,425.000,-1,350.000,2,0,2,1,1,0,0,0,0,2,2,2,2,0,1,2,1
5,6288.278,-2378.928,-69.250,-56.994,0.545224,0.838290,-0.001102,-0.837100,0.544520,0.052548,0.044651,-0.027728,0.998618,0,0.48000,-0.42606,28.800,-0.852,-1,400.000,-1,350.000,300.000,325.000,325.000,300.000,300.000,-1,-1,-1,-1,850.000,400.000,-1,325.000,2,0,2,1,1,0,0,0,0,2,2,2,2,0,1,2,1
6,6306.159,-2407.375,-67.594,-57.848,0.532669,0.846323,0.000116,-0.845225,0.531971,0.051012,0.043111,-0.027271,0.998698,0,0.56000,-0.42702,33.600,-0.854,-1,400.000,-1,325.000,275.000,325.000,325.000,300.000,300.000,-1,-1,-1,-1,850.000,375.000,-1,300.000,2,0,2,1,1,0,1,0,0,2,2,2,2,0,1,2,1
7,6326.106,-2440.188,-65.713,-58.705,0.519957,0.854191,0.001493,-0.853193,0.519263,0.049275,0.041315,-0.026895,0.998784,0,0.64000,-0.42834,38.400,-0.857,-1,400.000,-1,300.000,250.000,325.000,300.000,300.000,300.000,-1,-1,-1,-1,850.000,350.000,-1,250.000,2,0,2,1,1,0,1,0,0,2,2,2,2,0,1,2,1
8,6347.989,-2477.435,-63.876,-59.565,0.507045,0.861918,0.001808,-0.860989,0.506399,0.047518,0.040042,-0.025650,0.998869,0,0.72000,-0.43005,43.200,-0.860,-1,400.000,-1,275.000,200.000,325.000,275.000,300.000,300.000,-1,-1,-1,-1,850.000,325.000,-1,225.000,2,1,2,1,1,1,1,0,0,2,2,2,2,0,1,2,1
9,6371.633,-2519.105,-61.884,-60.429,0.493951,0.869488,0.002050,-0.868629,0.493355,0.045651,0.038681,-0.024330,0.998955,0,0.79851,-0.43218,47.910,-0.864,-1,400.000,-1,250.000,175.000,300.000,250.000,300.000,300.000,-1,-1,-1,-1,850.000,300.000,-1,175.000,2,1,2,1,1,1,1,0,0,2,2,2,2,0,1,2,1
10,6392.499,-2556.830,-58.425,-61.053,0.484659,0.874687,0.005333,-0.873672,0.483782,0.051495,0.042462,-0.029617,0.998659,0,0.71851,-0.31218,43.110,-0.624,-1,425.000,-1,225.000,150.000,300.000,225.000,275.000,325.000,-1,-1,-1,-1,900.000,275.000,-1,150.000,2,0,2,1,1,1,1,0,0,2,2,2,2,0,1,2,1
11,6410.824,-2590.476,-50.179,-61.438,0.480112,0.877024,0.017943,-0.875075,0.477420,0.079456,0.061119,-0.053850,0.996677,0,0.63851,-0.19218,38.310,-0.384,-1,475.000,-1,225.000,125.000,325.000,250.000,275.000,375.000,-1,-1,-1,-1,-1,300.000,-1,150.000,2,0,2,1,1,1,1,0,0,2,2,2,2,2,1,2,1
12,6426.781,-2619.946,-43.306,-61.582,0.479489,0.877085,0.028502,-0.874220,0.474593,0.102475,0.076352,-0.074053,0.994327,0,0.55851,-0.07218,33.510,-0.144,-1,525.000,-1,250.000,125.000,350.000,250.000,275.000,425.000,-1,-1,-1,-1,-1,325.000,-1,150.000,2,0,2,1,1,1,1,0,1,2,2,2,2,2,1,2,1
13,6440.498,-2645.171,-37.723,-61.486,0.482541,0.875099,0.036819,-0.871399,0.475408,0.121038,0.088416,-0.090490,0.991965,0,0.47851,0.04782,28.710,0.096,-1,550.000,-1,250.000,125.000,400.000,275.000,250.000,400.000,775.000,175.000,750.000,-1,-1,350.000,-1,150.000,2,0,2,1,1,1,1,0,1,0,0,0,2,2,1,2,1
14,6452.001,-2666.134,-33.332,-61.270,0.487260,0.872196,0.043038,-0.867780,0.478104,0.135554,0.097653,-0.103397,0.989835,0,0.39851,0.10813,23.910,0.216,-1,575.000,-1,275.000,125.000,500.000,300.000,250.000,400.000,625.000,100.000,425.000,-1,-1,375.000,-1,150.000,2,0,2,1,1,0,1,0,1,0,0,0,2,2,1,2,1
15,6461.257,-2682.855,-30.000,-61.059,0.491631,0.869504,0.047560,-0.864511,0.480797,0.146474,0.104493,-0.113128,0.988071,0,0.31851,0.10540,19.110,0.211,-1,600.000,-1,275.000,125.000,525.000,325.000,250.000,375.000,525.000,75.000,325.000,-1,-1,400.000,-1,150.000,2,0,2,1,1,0,1,0,1,0,0,0,2,2,1,2,1
16,6468.234,-2695.351,-27.621,-60.853,0.495629,0.867059,0.050604,-0.861634,0.483527,0.154232,0.109260,-0.120044,0.986738,0,0.23851,0.10310,14.310,0.206,-1,625.000,-1,300.000,125.000,525.000,325.000,250.000,375.000,475.000,75.000,300.000,-1,-1,425.000,-1,150.000,2,0,2,1,1,0,1,0,1,0,0,0,2,2,1,2,1
17,6472.900,-2703.639,-26.111,-60.651,0.499254,0.864873,0.052339,-0.859160,0.486324,0.159164,0.112203,-0.124431,0.985864,0,0.15851,0.10126,9.510,0.203,-1,625.000,-1,300.000,125.000,550.000,350.000,250.000,375.000,450.000,50.000,275.000,-1,-1,450.000,-1,150.000,2,0,2,1,1,0,1,0,1,0,0,0,2,2,1,2,1
18,6475.225,-2707.736,-25.412,-60.451,0.502523,0.862944,0.052899,-0.857081,0.489208,0.161520,0.113504,-0.126506,0.985451,0,0.07851,0.09990,4.710,0.200,-1,625.000,-1,300.000,125.000,550.000,350.000,250.000,375.000,450.000,50.000,275.000,-1,-1,475.000,-1,150.000,2,0,2,1,1,0,1,0,1,0,0,0,2,2,1,2,1
19,6475.180,-2707.658,-25.481,-60.253,0.505457,0.861262,0.052353,-0.855388,0.492198,0.161407,0.113246,-0.126367,0.985498,0,-0.00149,0.09907,-0.090,0.198,-1,625.000,-1,300.000,125.000,550.000,350.000,250.000,350.000,450.000,50.000,275.000,-1,-1,475.000,-1,150.000,2,0,2,1,1,0,1,0,1,0,0,0,2,2,1,2,1
20,6472.737,-2703.422,-26.313,-60.055,0.508084,0.859810,0.050758,-0.854063,0.495308,0.158893,0.111477,-0.124081,0.985990,0,-0.08149,0.09876,-4.890,0.198,-1,625.000,-1,300.000,125.000,550.000,350.000,250.000,350.000,450.000,50.000,275.000,-1,-1,475.000,-1,150.000,2,0,2,1,1,0,1,0,1,0,0,0,2,2,1,2,1
21,6469.982,-2698.682,-27.241,-59.857,0.510685,0.858367,0.049048,-0.852764,0.498434,0.156064,0.109513,-0.121526,0.986528,0,-0.09136,0.09898,-5.482,0.198,-1,625.000,-1,300.000,125.000,550.000,350.000,250.000,350.000,475.000,75.000,300.000,-1,-1,475.000,-1,150.000,2,0,2,1,1,0,1,0,1,0,0,0,2,2,1,2,1
22,6467.205,-2693.944,-28.174,-59.659,0.513297,0.856904,0.047351,-0.851447,0.501563,0.153207,0.107534,-0.118958,0.987059,0,-0.09152,0.09926,-5.491,0.199,-1,625.000,-1,300.000,125.000,525.000,350.000,250.000,375.000,500.000,75.000,300.000,-1,-1,450.000,-1,150.000,2,0,2,1,1,0,1,0,1,0,0,0,2,2,1,2,1
23,6464.408,-2689.207,-29.112,-59.460,0.515919,0.855419,0.045668,-0.850111,0.504692,0.150321,0.105540,-0.116376,0.987582,0,-0.09167,0.09954,-5.500,0.199,-1,600.000,-1,300.000,125.000,525.000,350.000,250.000,375.000,525.000,75.000,325.000,-1,-1,450.000,-1,150.000,2,0,2,1,1,0,1,0,1,0,0,0,2,2,1,2,1
24,6461.589,-2684.472,-30.055,-59.260,0.518551,0.853914,0.043998,-0.848756,0.507824,0.147407,0.103530,-0.113782,0.988097,0,-0.09183,0.09982,-5.510,0.200,-1,600.000,-1,300.000,125.000,525.000,350.000,250.000,375.000,550.000,75.000,325.000,-1,-1,450.000,-1,150.000,2,0,2,1,1,0,1,0,1,0,0,0,2,2,1,2,1
25,6458.749,-2679.738,-31.003,-59.060,0.521194,0.852388,0.042342,-0.847381,0.510956,0.144464,0.101504,-0.111173,0.988604,0,-0.09199,0.10010,-5.520,0.200,-1,600.000,-1,300.000,125.000,500.000,325.000,250.000,375.000,575.000,75.000,350.000,-1,-1,450.000,-1,150.000,2,0,2,1,1,0,1,0,1,0,0,0,2,2,1,2,1
26,6455.887,-2675.006,-31.956,-58.859,0.523846,0.850840,0.040700,-0.845986,0.514089,0.141491,0.099463,-0.108551,0.989103,0,-0.09216,0.10037,-5.529,0.201,-1,600.000,-1,300.000,125.000,500.000,325.000,250.000,375.000,600.000,75.000,375.000,-1,-1,450.000,-1,150.000,2,0,2,1,1,0,1,0,1,0,0,0,2,2,1,2,1
27,6455.504,-2674.384,-32.180,-58.418,0.530272,0.846903,0.039594,-0.842054,0.520645,0.140976,0.098779,-0.108096,0.989221,0,-0.01216,0.22037,-0.729,0.441,-1,575.000,-1,300.000,125.000,500.000,325.000,250.000,350.000,600.000,75.000,375.000,-1,-1,450.000,-1,150.000,2,0,2,1,1,0,1,0,1,0,0,0,2,2,1,2,1
28,6457.665,-2677.834,-31.645,-57.957,0.537206,0.842530,0.039418,-0.837549,0.527345,0.142895,0.099606,-0.109778,0.988953,0,0.06784,0.23051,4.071,0.461,-1,600.000,-1,300.000,125.000,500.000,350.000,250.000,350.000,600.000,75.000,350.000,-1,-1,475.000,-1,150.000,2,0,2,1,1,0,1,0,1,0,0,0,2,2,1,2,1
29,6462.435,-2685.313,-30.397,-57.499,0.544295,0.837935,0.040087,-0.832691,0.533853,0.147064,0.101829,-0.113427,0.988314,0,0.14784,0.22934,8.871,0.459,-1,600.000,-1,325.000,125.000,525.000,375.000,250.000,350.000,550.000,75.000,325.000,-1,-1,525.000,-1,150.000,2,0,2,1,1,0,1,0,1,0,0,0,2,2,1,2,1
30,6469.877,-2696.781,-28.510,-57.043,0.551504,0.833142,0.041446,-0.827507,0.540154,0.153187,0.105240,-0.118780,0.987328,0,0.22784,0.22765,13.671,0.455,-1,600.000,-1,325.000,125.000,525.000,400.000,250.000,325.000,525.000,75.000,300.000,-1,-1,-1,-1,150.000,2,0,2,1,1,0,1,0,1,0,0,0,2,2,2,2,1
31,6480.053,-2712.197,-26.089,-56.593,0.558792,0.828176,0.043317,-0.822038,0.546237,0.160872,0.109569,-0.125502,0.986024,0,0.30784,0.22540,18.471,0.451,-1,625.000,-1,350.000,125.000,550.000,525.000,250.000,325.000,475.000,75.000,275.000,-1,-1,-1,-1,150.000,2,0,2,1,1,0,1,0,1,0,0,0,2,2,2,2,1
32,6493.024,-2731.518,-23.360,-56.147,0.566154,0.823035,0.045633,-0.816268,0.552069,0.170077,0.114787,-0.133539,0.984374,0,0.38784,0.22257,23.271,0.445,-1,650.000,-1,400.000,125.000,575.000,625.000,250.000,300.000,425.000,50.000,250.000,-1,-1,-1,-1,150.000,2,0,2,1,1,0,0,0,1,0,0,0,2,2,2,2,1
33,6508.848,-2754.705,-20.391,-55.709,0.573473,0.817814,0.048049,-0.810357,0.557683,0.179755,0.120210,-0.142021,0.982537,0,0.46784,0.21910,28.071,0.438,-1,675.000,-1,450.000,125.000,575.000,650.000,225.000,275.000,375.000,50.000,225.000,-1,-1,-1,-1,150.000,2,0,2,1,1,0,0,0,1,0,0,0,2,2,2,2,1
34,6527.580,-2781.717,-17.363,-55.279,0.580646,0.812599,0.050335,-0.804449,0.563106,0.189142,0.125353,-0.150317,0.980659,0,0.54784,0.21495,32.871,0.430,-1,675.000,-1,-1,125.000,600.000,675.000,225.000,250.000,325.000,50.000,225.000,-1,-1,-1,-1,175.000,2,0,2,2,1,0,0,0,1,0,0,0,2,2,2,2,1
35,6549.272,-2812.516,-14.479,-54.859,0.587537,0.807509,0.052244,-0.798739,0.568388,0.197360,0.129675,-0.157686,0.978938,0,0.62784,0.21007,37.671,0.420,-1,700.000,-1,-1,125.000,625.000,700.000,225.000,200.000,300.000,25.000,225.000,-1,-1,-1,-1,225.000,2,0,2,2,1,0,0,0,1,0,0,0,2,2,2,2,1
36,6573.972,-2847.066,-11.978,-54.450,0.593990,0.802687,0.053561,-0.793476,0.573601,0.203414,0.132555,-0.163325,0.977627,0,0.70784,0.20437,42.471,0.409,-1,725.000,-1,-1,125.000,650.000,725.000,225.000,175.000,275.000,25.000,225.000,-1,-1,-1,-1,-1,2,0,2,2,1,0,0,0,1,0,0,0,2,2,2,2,2
37,-7543.202,8855.089,-449.373,-75.322,0.252528,0.966038,0.054780,-0.967451,0.253045,-0.002599,-0.016372,-0.052341,0.998495,1,0.00000,0.00000,44.943,0.396,-1,375.000,-1,400.000,-1,325.000,325.000,300.000,300.000,-1,-1,-1,-1,725.000,800.000,-1,-1,2,0,2,0,2,0,0,0,0,2,2,2,2,0,0,2,2
38,-7542.005,8850.441,-449.446,-75.562,0.248485,0.967089,0.054717,-0.968501,0.248996,-0.002625,-0.016163,-0.052341,0.998498,0,0.08000,-0.12000,4.800,-0.240,-1,375.000,-1,400.000,-1,325.000,325.000,300.000,300.000,-1,-1,-1,-1,725.000,800.000,-1,-1,2,0,2,0,2,0,0,0,0,2,2,2,2,0,0,2,2
39,-7539.689,8841.124,-449.587,-76.042,0.240385,0.969141,0.054594,-0.970550,0.240885,-0.002675,-0.015743,-0.052343,0.998505,0,0.16000,-0.24000,9.600,-0.480,-1,400.000,-1,400.000,-1,325.000,325.000,300.000,300.000,-1,-1,-1,-1,725.000,775.000,-1,-1,2,0,2,0,2,0,0,0,0,2,2,2,2,0,0,2,2
40,-7536.345,8827.118,-449.794,-76.571,0.231425,0.971330,0.054411,-0.972732,0.231914,-0.002758,-0.015297,-0.052289,0.998515,0,0.24000,-0.26491,14.400,-0.530,-1,400.000,-1,400.000,-1,325.000,325.000,300.000,300.000,-1,-1,-1,-1,725.000,775.000,-1,-1,2,0,2,0,2,0,0,0,0,2,2,2,2,0,0,2,2
41,-7532.059,8808.402,-450.065,-77.101,0.222446,0.973439,0.054168,-0.974832,0.222924,-0.002875,-0.014874,-0.052165,0.998528,0,0.32000,-0.26491,19.200,-0.530,-1,400.000,-1,400.000,-1,325.000,325.000,300.000,300.000,-1,-1,-1,-1,725.000,775.000,-1,-1,2,0,2,0,2,0,0,0,0,2,2,2,2,0,0,2,2
42,-7526.918,8784.959,-450.394,-77.631,0.213447,0.975469,0.053867,-0.976848,0.213915,-0.003022,-0.014471,-0.051974,0.998544,0,0.40000,-0.26491,24.000,-0.530,-1,400.000,-1,400.000,-1,325.000,325.000,300.000,300.000,-1,-1,-1,-1,725.000,775.000,-1,-1,2,0,2,0,2,0,0,0,0,2,2,2,2,0,0,2,2
43,-7521.010,8756.771,-450.776,-78.161,0.204429,0.977418,0.053507,-0.978780,0.204889,-0.003198,-0.014088,-0.051718,0.998562,0,0.48000,-0.26491,28.800,-0.530,-1,400.000,-1,400.000,-1,325.000,325.000,300.000,300.000,-1,-1,-1,-1,725.000,775.000,-1,-1,2,0,2,0,2,0,0,0,0,2,2,2,2,0,0,2,2
44,-7514.421,8723.823,-451.207,-78.691,0.195393,0.979287,0.053090,-0.980629,0.195845,-0.003397,-0.013725,-0.051398,0.998584,0,0.56000,-0.26491,33.600,-0.530,-1,400.000,-1,400.000,-1,325.000,325.000,300.000,275.000,-1,-1,-1,-1,725.000,775.000,-1,-1,2,0,2,0,2,0,0,0,0,2,2,2,2,0,0,2,2
45,-7507.239,8686.101,-451.682,-79.221,0.186341,0.981075,0.052616,-0.982394,0.186785,-0.003619,-0.013378,-0.051016,0.998608,0,0.64000,-0.26491,38.400,-0.530,-1,375.000,-1,400.000,-1,325.000,325.000,300.000,275.000,-1,-1,-1,-1,725.000,775.000,-1,-1,2,0,2,0,2,0,0,0,0,2,2,2,2,0,0,2,2
46,-7499.553,8643.590,-452.195,-79.750,0.177272,0.982783,0.052085,-0.984075,0.177709,-0.003858,-0.013048,-0.050571,0.998635,0,0.72000,-0.26491,43.200,-0.530,-1,375.000,-1,400.000,-1,325.000,325.000,300.000,275.000,-1,-1,-1,-1,725.000,775.000,-1,-1,2,0,2,0,2,0,0,0,0,2,2,2,2,0,0,2,2
47,-7492.063,8599.864,-452.701,-80.280,0.168188,0.984407,0.051542,-0.985673,0.168618,-0.004090,-0.012717,-0.050116,0.998662,0,0.73938,-0.26491,44.363,-0.530,-1,375.000,-1,400.000,-1,325.000,325.000,300.000,275.000,-1,-1,-1,-1,725.000,775.000,-1,-1,2,0,2,0,2,0,0,0,0,2,2,2,2,0,0,2,2
48,-7484.979,8556.071,-453.210,-80.810,0.159094,0.985950,0.050904,-0.987187,0.159513,-0.004244,-0.012305,-0.049577,0.998695,0,0.73938,-0.26491,44.363,-0.530,-1,375.000,-1,400.000,-1,325.000,325.000,300.000,275.000,-1,-1,-1,-1,725.000,775.000,-1,-1,2,0,2,0,2,0,0,0,0,2,2,2,2,0,0,2,2
49,-7478.299,8512.214,-453.708,-81.340,0.149991,0.987411,0.050218,-0.988617,0.150393,-0.004302,-0.011800,-0.049002,0.998729,0,0.73938,-0.26491,44.363,-0.530,-1,375.000,-1,400.000,-1,325.000,325.000,300.000,275.000,-1,-1,-1,-1,725.000,775.000,-1,-1,2,0,2,0,2,0,0,0,0,2,2,2,2,0,0,2,2
50,-7472.026,8468.297,-454.191,-81.870,0.140877,0.988785,0.049566,-0.989963,0.141260,-0.004280,-0.011234,-0.048465,0.998762,0,0.73938,-0.26491,44.363,-0.530,-1,375.000,-1,400.000,-1,325.000,325.000,300.000,275.000,-1,-1,-1,-1,725.000,775.000,-1,-1,2,0,2,0,2,0,0,0,0,2,2,2,2,0,0,2,2
51,-7466.158,8424.324,-454.641,-82.399,0.131754,0.990076,0.048890,-0.991226,0.132114,-0.004190,-0.010608,-0.047909,0.998795,0,0.73938,-0.26491,44.363,-0.530,-1,375.000,-1,400.000,-1,325.000,325.000,300.000,275.000,-1,-1,-1,-1,725.000,775.000,-1,-1,2,0,2,0,2,0,0,0,0,2,2,2,2,0,0,2,2
52,-7460.698,8380.298,-455.068,-82.929,0.122619,0.991281,0.048230,-0.992404,0.122957,-0.004087,-0.009982,-0.047363,0.998828,0,0.73938,-0.26491,44.363,-0.530,-1,375.000,-1,400.000,-1,325.000,325.000,300.000,275.000,-1,-1,-1,-1,725.000,750.000,-1,-1,2,0,2,0,2,0,0,0,0,2,2,2,2,0,0,2,2
53,-7455.645,8336.224,-455.471,-83.459,0.113472,0.992401,0.047589,-0.993497,0.113788,-0.003971,-0.009356,-0.046829,0.998859,0,0.73938,-0.26491,44.363,-0.530,-1,375.000,-1,400.000,-1,325.000,325.000,300.000,275.000,-1,-1,-1,-1,725.000,750.000,-1,-1,2,0,2,0,2,0,0,0,0,2,2,2,2,0,0,2,2
54,-7450.495,8289.210,-455.890,-83.749,0.108470,0.992993,0.046902,-0.994059,0.108770,-0.003886,-0.008960,-0.046201,0.998892,0,0.78826,-0.14491,47.296,-0.290,-1,375.000,-1,400.000,-1,325.000,325.000,300.000,275.000,-1,-1,-1,-1,725.000,750.000,-1,-1,2,0,2,0,2,0,0,0,0,2,2,2,2,0,0,2,2
55,-7445.387,8242.191,-456.310,-83.799,0.107619,0.993118,0.046195,-0.994153,0.107910,-0.003840,-0.008798,-0.045511,0.998925,0,0.78826,-0.02491,47.296,-0.050,-1,375.000,-1,400.000,-1,325.000,325.000,300.000,275.000,-1,-1,-1,-1,725.000,750.000,-1,-1,2,0,2,0,2,0,0,0,0,2,2,2,2,0,0,2,2
56,-7440.122,8195.189,-456.740,-83.609,0.110922,0.992789,0.045452,-0.993790,0.111210,-0.003842,-0.008869,-0.044744,0.998959,0,0.78826,0.09509,47.296,0.190,-1,375.000,-1,400.000,-1,325.000,325.000,300.000,275.000,-1,-1,-1,-1,725.000,750.000,-1,-1,2,0,2,0,2,0,0,0,0,2,2,2,2,0,0,2,2
57,-7434.505,8148.228,-457.193,-83.178,0.118375,0.991964,0.044658,-0.992927,0.118665,-0.003901,-0.009169,-0.043880,0.998995,0,0.78826,0.21509,47.296,0.430,-1,375.000,-1,400.000,-1,325.000,325.000,300.000,275.000,-1,-1,-1,-1,725.000,750.000,-1,-1,2,0,2,0,2,0,0,0,0,2,2,2,2,0,0,2,2
58,-7428.339,8101.336,-457.680,-82.508,0.129967,0.990551,0.043795,-0.991471,0.130266,-0.004030,-0.009697,-0.042898,0.999032,0,0.78826,0.33509,47.296,0.670,-1,375.000,-1,400.000,-1,325.000,325.000,300.000,275.000,-1,-1,-1,-1,700.000,750.000,-1,-1,2,0,2,0,2,0,0,0,0,2,2,2,2,0,0,2,2
59,-7421.429,8054.548,-458.213,-81.598,0.145678,0.988404,0.042848,-0.989277,0.145991,-0.004243,-0.010449,-0.041770,0.999073,0,0.78826,0.45509,47.296,0.910,-1,375.000,-1,400.000,-1,325.000,325.000,300.000,275.000,-1,-1,-1,-1,700.000,750.000,-1,-1,2,0,2,0,2,0,0,0,0,2,2,2,2,0,0,2,2
60,-7413.723,8007.885,-458.792,-80.622,0.162479,0.985825,0.041815,-0.986648,0.162806,-0.004510,-0.011254,-0.040524,0.999115,0,0.78826,0.48777,47.296,0.976,-1,375.000,-1,400.000,-1,325.000,325.000,300.000,275.000,-1,-1,-1,-1,700.000,750.000,-1,-1,2,0,2,0,2,0,0,0,0,2,2,2,2,0,0,2,2
61,-7405.224,7961.359,-459.417,-79.647,0.179237,0.982964,0.040698,-0.983732,0.179577,-0.004821,-0.012048,-0.039172,0.999160,0,0.78826,0.48777,47.296,0.976,-1,375.000,-1,400.000,-1,325.000,325.000,300.000,275.000,-1,-1,-1,-1,700.000,750.000,-1,-1,2,0,2,0,2,0,0,0,0,2,2,2,2,0,0,2,2
62,-7395.934,7914.985,-460.083,-78.671,0.195945,0.979819,0.039509,-0.980531,0.196297,-0.005189,-0.012840,-0.037723,0.999206,0,0.78826,0.48777,47.296,0.976,-1,375.000,-1,400.000,-1,325.000,325.000,300.000,275.000,-1,-1,-1,-1,700.000,750.000,-1,-1,2,0,2,0,2,0,0,0,0,2,2,2,2,0,0,2,2
63,-7385.856,7868.776,-460.717,-77.696,0.212604,0.976381,0.038471,-0.977046,0.212960,-0.005364,-0.013430,-0.036448,0.999245,0,0.78826,0.48777,47.296,0.976,-1,375.000,-1,400.000,-1,300.000,325.000,300.000,275.000,-1,-1,-1,-1,700.000,750.000,-1,-1,2,0,2,0,2,0,0,0,0,2,2,2,2,0,0,2,2
64,-7374.992,7822.745,-461.318,-76.720,0.229209,0.972652,0.037559,-0.973280,0.229562,-0.005311,-0.013788,-0.035338,0.999280,0,0.78826,0.48777,47.296,0.976,-1,375.000,-1,375.000,-1,300.000,325.000,300.000,275.000,-1,-1,-1,-1,675.000,725.000,-1,-1,2,0,2,0,2,0,0,0,0,2,2,2,2,0,0,2,2
65,-7363.346,7776.905,-461.729,-75.745,0.245764,0.968625,0.036965,-0.969235,0.246094,-0.004578,-0.013531,-0.034703,0.999306,0,0.78826,0.48777,47.296,0.976,-1,375.000,-1,375.000,-1,300.000,325.000,300.000,275.000,-1,-1,-1,-1,675.000,725.000,-1,-1,2,0,2,0,2,0,0,0,0,2,2,2,2,0,0,2,2
66,-7350.922,7731.271,-462.131,-74.769,0.262257,0.964322,0.036128,-0.964909,0.262557,-0.003747,-0.013099,-0.033877,0.999340,0,0.78826,0.48777,47.296,0.976,-1,375.000,-1,375.000,-1,300.000,325.000,300.000,275.000,-1,-1,-1,-1,675.000,725.000,-1,-1,2,0,2,0,2,0,0,0,0,2,2,2,2,0,0,2,2
67,-7337.722,7685.855,-462.558,-73.794,0.278675,0.959740,0.035209,-0.960303,0.278945,-0.002900,-0.012604,-0.033004,0.999376,0,0.78826,0.48777,47.296,0.976,-1,375.000,-1,400.000,-1,300.000,325.000,300.000,275.000,-1,-1,-1,-1,675.000,725.000,-1,-1,2,0,2,0,2,0,0,0,0,2,2,2,2,0,0,2,2
68,-7323.751,7640.670,-463.009,-72.818,0.295015,0.954880,0.034208,-0.955417,0.295254,-0.002040,-0.012048,-0.032081,0.999413,0,0.78826,0.48777,47.296,0.976,-1,375.000,-1,400.000,-1,300.000,325.000,300.000,275.000,-1,-1,-1,-1,675.000,725.000,-1,-1,2,0,2,0,2,0,0,0,0,2,2,2,2,0,0,2,2
69,-7309.013,7595.729,-463.484,-71.843,0.311270,0.949744,0.033121,-0.950253,0.311478,-0.001170,-0.011428,-0.031109,0.999451,0,0.78826,0.48777,47.296,0.976,-1,375.000,-1,400.000,-1,300.000,325.000,300.000,275.000,-1,-1,1000.000,-1,675.000,725.000,-1,-1,2,0,2,0,2,0,0,0,0,2,2,0,2,0,0,2,2
70,-7293.512,7551.046,-463.983,-70.867,0.327437,0.944333,0.031946,-0.944812,0.327613,-0.000294,-0.010744,-0.030087,0.999490,0,0.78826,0.48777,47.296,0.976,-1,375.000,-1,400.000,-1,325.000,325.000,300.000,275.000,-1,-1,900.000,-1,650.000,725.000,-1,-1,2,0,2,0,2,0,0,0,0,2,2,0,2,0,0,2,2
71,-7277.252,7506.633,-464.504,-69.892,0.343509,0.938648,0.030682,-0.939096,0.343654,0.000583,-0.009996,-0.029013,0.999529,0,0.78826,0.48777,47.296,0.976,-1,375.000,-1,400.000,-1,325.000,325.000,300.000,275.000,-1,-1,825.000,-1,650.000,725.000,-1,-1,2,0,2,0,2,0,0,0,0,2,2,0,2,0,0,2,2
72,-7260.238,7462.504,-465.048,-68.916,0.359482,0.932691,0.029326,-0.933107,0.359596,0.001460,-0.009184,-0.027889,0.999569,0,0.78826,0.48777,47.296,0.976,1000.000,375.000,-1,375.000,-1,325.000,325.000,300.000,300.000,-1,1000.000,775.000,-1,650.000,725.000,-1,-1,0,0,2,0,2,0,0,0,0,2,0,0,2,0,0,2,2
73,-7242.476,7418.670,-465.415,-67.940,0.375375,0.926483,0.026883,-0.926841,0.375444,0.002626,-0.007660,-0.025902,0.999635,0,0.78826,0.48777,47.296,0.976,-1,375.000,-1,400.000,-1,325.000,325.000,300.000,300.000,-1,925.000,700.000,-1,650.000,725.000,-1,-1,2,0,2,0,2,0,0,0,0,2,0,0,2,0,0,2,2
74,-7223.971,7375.145,-465.749,-66.965,0.391160,0.920008,0.024060,-0.920304,0.391185,0.003826,-0.005892,-0.023639,0.999703,0,0.78826,0.48777,47.296,0.976,-1,375.000,-1,400.000,-1,325.000,325.000,300.000,300.000,-1,850.000,650.000,-1,650.000,750.000,-1,-1,2,0,2,0,2,0,0,0,0,2,0,0,2,0,0,2,2
75,-7204.727,7331.942,-466.067,-65.989,0.406822,0.913261,0.021229,-0.913498,0.406813,0.004942,-0.004123,-0.021403,0.999762,0,0.78826,0.48777,47.296,0.976,-1,375.000,-1,400.000,-1,325.000,325.000,300.000,300.000,-1,775.000,600.000,-1,650.000,750.000,-1,-1,2,0,2,0,2,0,0,0,0,2,0,0,2,0,0,2,2
76,-7184.749,7289.072,-466.327,-65.014,0.422354,0.906240,0.018577,-0.906427,0.422320,0.005930,-0.002471,-0.019343,0.999810,0,0.78826,0.48777,47.296,0.976,-1,375.000,-1,400.000,-1,325.000,325.000,300.000,300.000,-1,750.000,550.000,-1,675.000,750.000,-1,-1,2,0,2,0,2,0,0,0,0,2,0,0,2,0,0,2,2
77,-7164.045,7246.549,-466.304,-64.038,0.437749,0.898937,0.017000,-0.899096,0.437697,0.006866,-0.001269,-0.018290,0.999832,0,0.78826,0.48777,47.296,0.976,-1,375.000,-1,400.000,-1,325.000,325.000,300.000,300.000,-1,725.000,550.000,-1,675.000,750.000,-1,-1,2,0,2,0,2,0,0,0,0,2,0,0,2,0,0,2,2
78,-7142.620,7204.385,-466.271,-63.063,0.453014,0.891371,0.015373,-0.891504,0.452947,0.007791,-0.000018,-0.017234,0.999851,0,0.78826,0.48777,47.296,0.976,-1,375.000,-1,400.000,-1,325.000,325.000,300.000,300.000,-1,700.000,550.000,-1,675.000,750.000,-1,-1,2,0,2,0,2,0,0,0,0,2,0,0,2,0,0,2,2
79,-7120.480,7162.592,-466.233,-62.087,0.468144,0.883546,0.013686,-0.883651,0.468065,0.008681,0.001264,-0.016158,0.999869,0,0.78826,0.48777,47.296,0.976,-1,375.000,-1,400.000,-1,325.000,325.000,300.000,300.000,-1,650.000,550.000,-1,675.000,750.000,-1,-1,2,0,2,0,2,0,0,0,0,2,0,0,2,0,0,2,2
80,-7097.631,7121.181,-466.173,-61.112,0.483135,0.875465,0.011909,-0.875542,0.483049,0.009456,0.002526,-0.014996,0.999884,0,0.78826,0.48777,47.296,0.976,-1,375.000,-1,400.000,-1,325.000,325.000,300.000,300.000,-1,625.000,550.000,-1,675.000,775.000,-1,-1,2,0,2,0,2,0,0,0,0,2,0,0,2,0,0,2,2
81,-7074.081,7080.166,-466.067,-60.136,0.497981,0.867131,0.010004,-0.867180,0.497894,0.009999,0.003690,-0.013655,0.999900,0,0.78826,0.48777,47.296,0.976,-1,375.000,-1,400.000,-1,325.000,325.000,300.000,300.000,-1,600.000,550.000,-1,675.000,750.000,-1,-1,2,0,2,0,2,0,0,0,0,2,0,0,2,0,0,2,2
82,-7049.836,7039.557,-465.955,-59.161,0.512678,0.858543,0.008054,-0.858567,0.512594,0.010498,0.004884,-0.012297,0.999912,0,0.78826,0.48777,47.296,0.976,-1,375.000,-1,400.000,-1,325.000,325.000,300.000,300.000,-1,600.000,525.000,-1,675.000,750.000,-1,-1,2,0,2,0,2,0,0,0,0,2,0,0,2,0,0,2,2
83,-7024.903,6999.367,-465.828,-58.185,0.527223,0.849705,0.006014,-0.849704,0.527145,0.010955,0.006138,-0.010886,0.999922,0,0.78826,0.48777,47.296,0.976,-1,375.000,-1,400.000,-1,325.000,325.000,300.000,300.000,-1,575.000,500.000,-1,675.000,750.000,-1,-1,2,0,2,0,2,0,0,0,0,2,0,0,2,0,0,2,2
84,-6999.289,6959.607,-465.692,-57.210,0.541612,0.840620,0.003932,-0.840596,0.541543,0.011362,0.007422,-0.009459,0.999928,0,0.78826,0.48777,47.296,0.976,-1,375.000,-1,400.000,-1,300.000,325.000,300.000,300.000,-1,550.000,500.000,-1,675.000,750.000,-1,-1,2,0,2,0,2,0,0,0,0,2,0,0,2,0,0,2,2
85,-6973.002,6920.290,-465.555,-56.234,0.555839,0.831288,0.001840,-0.831244,0.555784,0.011713,0.008714,-0.008040,0.999930,0,0.78826,0.48777,47.296,0.976,-1,375.000,-1,400.000,-1,300.000,325.000,300.000,300.000,-1,550.000,475.000,-1,675.000,750.000,-1,-1,2,0,2,0,2,0,0,0,0,2,0,0,2,0,0,2,2
86,-6948.932,6885.269,-465.431,-55.499,0.566455,0.824092,-0.000013,-0.824033,0.566415,0.012027,0.009919,-0.006803,0.999928,0,0.70826,0.36777,42.496,0.736,-1,375.000,-1,400.000,-1,300.000,325.000,300.000,300.000,-1,525.000,450.000,-1,675.000,750.000,-1,-1,2,0,2,0,2,0,0,0,0,2,0,0,2,0,0,2,2
87,-6925.694,6852.078,-465.312,-55.003,0.573550,0.819169,-0.001736,-0.819095,0.573525,0.012367,0.011126,-0.005671,0.999922,0,0.67528,0.24777,40.517,0.496,-1,375.000,-1,400.000,-1,300.000,325.000,300.000,300.000,-1,525.000,425.000,-1,675.000,750.000,-1,-1,2,0,2,0,2,0,0,0,0,2,0,0,2,0,0,2,2
88,-6902.309,6818.992,-464.948,-54.747,0.577177,0.816610,-0.003751,-0.816537,0.577178,0.011565,0.011609,-0.003612,0.999926,0,0.67528,0.12777,40.517,0.256,-1,375.000,-1,400.000,-1,300.000,325.000,300.000,300.000,-1,550.000,450.000,-1,675.000,725.000,-1,-1,2,0,2,0,2,0,0,0,0,2,0,0,2,0,0,2,2
89,-6878.914,6785.911,-464.549,-54.732,0.577376,0.816458,-0.005741,-0.816390,0.577402,0.010703,0.012054,-0.001493,0.999926,0,0.67528,0.00777,40.517,0.016,-1,375.000,-1,400.000,-1,300.000,325.000,300.000,300.000,-1,575.000,450.000,-1,675.000,725.000,-1,-1,2,0,2,0,2,0,0,0,0,2,0,0,2,0,0,2,2
90,-6855.650,6752.740,-463.915,-54.956,0.574153,0.818715,-0.007349,-0.818645,0.574200,0.010728,0.013003,-0.000143,0.999915,0,0.67528,-0.11223,40.517,-0.224,-1,375.000,-1,400.000,-1,300.000,325.000,300.000,300.000,-1,600.000,475.000,-1,675.000,725.000,-1,-1,2,0,2,0,2,0,0,0,0,2,0,0,2,0,0,2,2
91,-6832.655,6719.381,-463.215,-55.421,0.567477,0.823342,-0.008772,-0.823271,0.567544,0.010861,0.013921,0.001059,0.999903,0,0.67528,-0.23223,40.517,-0.464,-1,375.000,-1,400.000,-1,300.000,325.000,300.000,300.000,-1,625.000,500.000,-1,675.000,725.000,-1,-1,2,0,2,0,2,0,0,0,0,2,0,0,2,0,0,2,2
92,-6810.072,6685.742,-462.518,-56.125,0.557289,0.830256,-0.010186,-0.830188,0.557377,0.010924,0.014747,0.002368,0.999888,0,0.67528,-0.35223,40.517,-0.704,-1,375.000,-1,400.000,-1,300.000,325.000,300.000,300.000,-1,650.000,525.000,-1,700.000,725.000,-1,-1,2,0,2,0,2,0,0,0,0,2,0,0,2,0,0,2,2
93,-6788.046,6651.735,-461.828,-57.070,0.543503,0.839327,-0.011586,-0.839264,0.543614,0.010934,0.015476,0.003780,0.999873,0,0.67528,-0.47223,40.517,-0.944,-1,375.000,-1,400.000,-1,300.000,325.000,300.000,300.000,-1,700.000,550.000,-1,700.000,725.000,-1,-1,2,0,2,0,2,0,0,0,0,2,0,0,2,0,0,2,2
94,-6766.710,6617.291,-461.119,-58.225,0.526452,0.850107,-0.012923,-0.850051,0.526585,0.011029,0.016181,0.005179,0.999856,0,0.67528,-0.57738,40.517,-1.155,-1,375.000,-1,400.000,-1,325.000,325.000,300.000,300.000,-1,725.000,575.000,-1,700.000,725.000,-1,-1,2,0,2,0,2,0,0,0,0,2,0,0,2,0,0,2,2
95,-6746.073,6582.424,-460.392,-59.379,0.509186,0.860540,-0.014175,-0.860491,0.509342,0.011230,0.016884,0.006480,0.999836,0,0.67528,-0.57738,40.517,-1.155,-1,375.000,-1,400.000,-1,325.000,325.000,300.000,300.000,-1,775.000,600.000,-1,700.000,725.000,-1,-1,2,0,2,0,2,0,0,0,0,2,0,0,2,0,0,2,2
96,-6726.142,6547.149,-459.668,-60.534,0.491712,0.870622,-0.015372,-0.870581,0.491891,0.011448,0.017528,0.007753,0.999816,0,0.67528,-0.57738,40.517,-1.155,-1,375.000,-1,400.000,-1,325.000,325.000,300.000,300.000,-1,800.000,650.000,-1,700.000,725.000,-1,-1,2,0,2,0,2,0,0,0,0,2,0,0,2,0,0,2,2
97,-6706.927,6511.479,-458.947,-61.689,0.474038,0.880349,-0.016513,-0.880318,0.474241,0.011681,0.018114,0.008999,0.999795,0,0.67528,-0.57738,40.517,-1.155,-1,375.000,-1,400.000,-1,325.000,325.000,300.000,300.000,-1,850.000,675.000,-1,725.000,725.000,-1,-1,2,0,2,0,2,0,0,0,0,2,0,0,2,0,0,2,2
98,-6686.075,6471.245,-458.127,-62.604,0.459893,0.887798,-0.017679,-0.887776,0.460120,0.011994,0.018783,0.010179,0.999772,0,0.75528,-0.45738,45.317,-0.915,-1,375.000,-1,400.000,-1,325.000,325.000,300.000,300.000,-1,875.000,700.000,-1,725.000,725.000,-1,-1,2,0,2,0,2,0,0,0,0,2,0,0,2,0,0,2,2
99,-6665.183,6429.747,-457.270,-63.278,0.449376,0.893145,-0.018802,-0.893131,0.449628,0.012306,0.019445,0.011262,0.999747,0,0.77433,-0.33738,46.460,-0.675,-1,375.000,-1,400.000,-1,325.000,325.000,300.000,300.000,-1,925.000,725.000,-1,725.000,725.000,-1,-1,2,0,2,0,2,0,0,0,0,2,0,0,2,0,0,2,2
100,-6644.608,6388.091,-456.399,-63.713,0.442555,0.896521,-0.019892,-0.896515,0.442833,0.012667,0.020165,0.012227,0.999722,0,0.77433,-0.21738,46.460,-0.435,-1,375.000,-1,400.000,-1,325.000,325.000,300.000,300.000,-1,950.000,750.000,-1,725.000,700.000,-1,-1,2,0,2,0,2,0,0,0,0,2,0,0,2,0,0,2,2
101,-6624.295,6346.307,-455.510,-64.074,0.436866,0.899281,-0.021024,-0.899283,0.437173,0.013060,0.020936,0.013201,0.999694,0,0.77433,-0.18040,46.460,-0.361,-1,375.000,-1,400.000,-1,325.000,325.000,300.000,300.000,-1,950.000,775.000,-1,725.000,700.000,-1,-1,2,0,2,0,2,0,0,0,0,2,0,0,2,0,0,2,2
102,-6604.245,6304.396,-454.595,-64.435,0.431156,0.902003,-0.022271,-0.902015,0.431495,0.013492,0.021779,0.014272,0.999661,0,0.77433,-0.18040,46.460,-0.361,-1,400.000,-1,400.000,-1,325.000,325.000,300.000,300.000,-1,975.000,775.000,-1,725.000,700.000,-1,-1,2,0,2,0,2,0,0,0,0,2,0,0,2,0,0,2,2
103,-6584.460,6262.360,-453.664,-64.796,0.425424,0.904687,-0.023577,-0.904710,0.425799,0.013951,0.022660,0.015395,0.999625,0,0.77433,-0.18040,46.460,-0.361,-1,400.000,-1,400.000,-1,325.000,325.000,300.000,300.000,-1,1000.000,800.000,-1,725.000,700.000,-1,-1,2,0,2,0,2,0,0,0,0,2,0,0,2,0,0,2,2
104,-6564.940,6220.199,-452.741,-65.156,0.419676,0.907335,-0.024821,-0.907370,0.420086,0.014410,0.023502,0.016474,0.999588,0,0.77433,-0.18040,46.460,-0.361,-1,400.000,-1,400.000,-1,325.000,325.000,300.000,300.000,-1,1000.000,800.000,-1,725.000,700.000,-1,-1,2,0,2,0,2,0,0,0,0,2,0,0,2,0,0,2,2
105,-6545.685,6177.917,-451.825,-65.517,0.413911,0.909946,-0.026003,-0.909993,0.414357,0.014868,0.024303,0.017509,0.999551,0,0.77433,-0.18040,46.460,-0.361,-1,400.000,-1,375.000,-1,325.000,325.000,300.000,300.000,-1,-1,825.000,-1,725.000,700.000,-1,-1,2,0,2,0,2,0,0,0,0,2,2,0,2,0,0,2,2
106,-6526.698,6135.514,-450.849,-65.878,0.408141,0.912525,-0.026814,-0.912580,0.408613,0.015244,0.024867,0.018249,0.999524,0,0.77433,-0.18040,46.460,-0.361,-1,400.000,-1,375.000,-1,325.000,325.000,300.000,300.000,-1,-1,825.000,-1,725.000,675.000,-1,-1,2,0,2,0,2,0,0,0,0,2,2,0,2,0,0,2,2
107,-6507.978,6092.992,-449.734,-66.239,0.402380,0.915078,-0.026898,-0.915132,0.402858,0.015436,0.024961,0.018404,0.999519,0,0.77433,-0.18040,46.460,-0.361,-1,400.000,-1,375.000,-1,325.000,325.000,300.000,300.000,-1,-1,875.000,-1,725.000,675.000,-1,-1,2,0,2,0,2,0,0,0,0,2,2,0,2,0,0,2,2
108,-6489.526,6050.354,-448.634,-66.600,0.396604,0.917594,-0.026962,-0.917648,0.397086,0.015621,0.025040,0.018546,0.999514,0,0.77433,-0.18040,46.460,-0.361,-1,400.000,-1,375.000,-1,325.000,325.000,300.000,300.000,-1,-1,925.000,-1,725.000,675.000,-1,-1,2,0,2,0,2,0,0,0,0,2,2,0,2,0,0,2,2
109,-6471.343,6007.600,-447.515,-66.960,0.390818,0.920076,-0.026851,-0.920128,0.391300,0.015758,0.025005,0.018548,0.999515,0,0.77433,-0.18040,46.460,-0.361,-1,375.000,-1,375.000,1000.000,325.000,300.000,300.000,300.000,-1,-1,975.000,-1,700.000,675.000,-1,-1,2,0,2,0,0,0,0,0,0,2,2,0,2,0,0,2,2
110,-6453.430,5964.732,-446.348,-67.321,0.385021,0.922526,-0.026534,-0.922568,0.385500,0.016042,0.025028,0.018303,0.999519,0,0.77433,-0.18040,46.460,-0.361,-1,375.000,-1,375.000,975.000,325.000,300.000,300.000,300.000,-1,-1,-1,-1,700.000,650.000,-1,1000.000,2,0,2,0,0,0,0,0,0,2,2,2,2,0,0,2,0
111,-6435.787,5921.752,-444.877,-67.682,0.379213,0.924959,-0.025459,-0.924944,0.379693,0.017655,0.025997,0.016853,0.999520,0,0.77433,-0.18040,46.460,-0.361,-1,375.000,-1,375.000,950.000,325.000,300.000,300.000,300.000,-1,-1,-1,-1,700.000,675.000,-1,975.000,2,0,2,0,0,0,0,0,0,2,2,2,2,0,0,2,0
112,-6418.416,5878.662,-443.423,-68.043,0.373393,0.927354,-0.024354,-0.927282,0.373870,0.019250,0.026957,0.015396,0.999518,0,0.77433,-0.18040,46.460,-0.361,-1,375.000,-1,375.000,925.000,300.000,300.000,300.000,300.000,-1,-1,-1,-1,700.000,675.000,-1,950.000,2,0,2,0,0,0,0,0,0,2,2,2,2,0,0,2,0
113,-6401.316,5835.464,-441.985,-68.404,0.367561,0.929709,-0.023221,-0.929581,0.368030,0.020825,0.027907,0.013931,0.999513,0,0.77433,-0.18040,46.460,-0.361,-1,375.000,-1,375.000,925.000,300.000,300.000,300.000,300.000,-1,-1,-1,-1,700.000,650.000,-1,950.000,2,0,2,0,0,0,0,0,0,2,2,2,2,0,0,2,0
114,-6384.488,5792.158,-440.534,-68.764,0.361717,0.932025,-0.022136,-0.931845,0.362175,0.022249,0.028754,0.012580,0.999507,0,0.77433,-0.18040,46.460,-0.361,-1,375.000,-1,375.000,900.000,300.000,300.000,300.000,325.000,-1,-1,-1,-1,700.000,650.000,-1,925.000,2,0,2,0,0,0,0,0,0,2,2,2,2,0,0,2,0
115,-6367.933,5748.748,-438.840,-69.125,0.355813,0.934291,-0.022308,-0.934062,0.356300,0.024041,0.030410,0.012283,0.999462,0,0.77433,-0.18040,46.460,-0.361,-1,375.000,-1,375.000,875.000,300.000,300.000,300.000,300.000,-1,-1,-1,-1,700.000,625.000,-1,900.000,2,0,2,0,0,0,0,0,0,2,2,2,2,0,0,2,0
116,-6351.652,5705.234,-437.027,-69.486,0.349877,0.936513,-0.023009,-0.936243,0.350408,0.025755,0.032182,0.012531,0.999403,0,0.77433,-0.18040,46.460,-0.361,-1,375.000,-1,375.000,850.000,300.000,300.000,300.000,300.000,-1,975.000,-1,-1,700.000,625.000,-1,875.000,2,0,2,0,0,0,0,0,0,2,0,2,2,0,0,2,0
117,-6335.645,5661.618,-435.234,-69.847,0.343926,0.938699,-0.023669,-0.938383,0.344503,0.027490,0.033958,0.012756,0.999342,0,0.77433,-0.18040,46.460,-0.361,-1,375.000,-1,375.000,825.000,300.000,300.000,300.000,300.000,-1,850.000,950.000,-1,700.000,625.000,-1,850.000,2,0,2,0,0,0,0,0,0,2,0,0,2,0,0,2,0
118,-6319.913,5617.903,-433.461,-70.208,0.337960,0.940847,-0.024287,-0.940481,0.338584,0.029246,0.035739,0.012957,0.999277,0,0.77433,-0.18040,46.460,-0.361,-1,375.000,-1,375.000,800.000,325.000,300.000,300.000,300.000,-1,750.000,825.000,-1,700.000,600.000,-1,825.000,2,0,2,0,0,0,0,0,0,2,0,0,2,0,0,2,0
119,-6304.456,5574.089,-431.706,-70.568,0.331981,0.942958,-0.024863,-0.942539,0.332652,0.031023,0.037524,0.013135,0.999209,0,0.77433,-0.18040,46.460,-0.361,-1,375.000,-1,375.000,800.000,325.000,325.000,300.000,300.000,-1,675.000,725.000,-1,675.000,600.000,-1,825.000,2,0,2,0,0,0,0,0,0,2,0,0,2,0,0,2,0
120,-6289.276,5530.179,-429.971,-70.929,0.325989,0.945032,-0.025397,-0.944556,0.326707,0.032821,0.039314,0.013290,0.999139,0,0.77433,-0.18040,46.460,-0.361,-1,400.000,-1,375.000,775.000,325.000,325.000,300.000,300.000,-1,600.000,675.000,-1,675.000,600.000,-1,800.000,2,0,2,0,0,0,0,0,0,2,0,0,2,0,0,2,0
121,-6274.372,5486.174,-428.254,-71.290,0.319984,0.947069,-0.025890,-0.946531,0.320749,0.034638,0.041109,0.013422,0.999065,0,0.77433,-0.18040,46.460,-0.361,-1,400.000,-1,350.000,750.000,325.000,300.000,300.000,300.000,-1,550.000,600.000,-1,650.000,575.000,-1,775.000,2,0,2,0,0,0,0,0,0,2,0,0,2,0,0,2,0
122,-6259.746,5442.076,-426.555,-71.651,0.313966,0.949069,-0.026341,-0.948464,0.314778,0.036474,0.042908,0.013532,0.998987,0,0.77433,-0.18040,46.460,-0.361,-1,375.000,-1,350.000,725.000,325.000,300.000,300.000,300.000,-1,525.000,575.000,-1,650.000,575.000,-1,750.000,2,0,2,0,0,0,0,0,0,2,0,0,2,0,0,2,0
123,-6245.398,5397.887,-424.875,-72.012,0.307935,0.951031,-0.026751,-0.950356,0.308795,0.038329,0.044712,0.013620,0.998907,0,0.77433,-0.18040,46.460,-0.361,-1,375.000,-1,350.000,700.000,300.000,300.000,300.000,300.000,-1,475.000,525.000,-1,650.000,550.000,-1,725.000,2,0,2,0,0,0,0,0,0,2,0,0,2,0,0,2,0
124,-6231.329,5353.609,-423.213,-72.372,0.301893,0.952956,-0.027120,-0.952206,0.302800,0.040201,0.046522,0.013687,0.998824,0,0.77433,-0.18040,46.460,-0.361,-1,375.000,-1,350.000,675.000,300.000,300.000,300.000,300.000,-1,450.000,475.000,-1,625.000,550.000,-1,700.000,2,0,2,0,0,0,0,0,0,2,0,0,2,0,0,2,0
125,-6217.529,5309.203,-421.275,-72.735,0.295874,0.954868,-0.026173,-0.954046,0.296759,0.041597,0.047486,0.012663,0.998792,0,0.77501,-0.18152,46.500,-0.363,-1,350.000,-1,325.000,650.000,300.000,275.000,300.000,300.000,-1,450.000,475.000,-1,625.000,550.000,-1,675.000,2,0,2,0,0,0,0,0,0,2,0,0,2,0,0,2,0
126,-6203.994,5264.647,-418.514,-73.102,0.289882,0.956791,-0.022798,-0.955730,0.290653,0.045838,0.050484,0.008501,0.998689,0,0.77610,-0.18341,46.566,-0.367,-1,350.000,-1,325.000,675.000,300.000,275.000,300.000,300.000,-1,400.000,450.000,-1,625.000,550.000,-1,700.000,2,0,2,0,0,0,0,0,0,2,0,0,2,0,0,2,0
127,-6189.174,5215.465,-415.321,-73.229,0.287960,0.957462,-0.018600,-0.956102,0.288543,0.051105,0.054298,0.003068,0.998520,0,0.85610,-0.06341,51.366,-0.127,-1,350.000,-1,325.000,700.000,300.000,275.000,300.000,325.000,-1,375.000,425.000,-1,600.000,550.000,-1,700.000,2,0,2,0,0,0,0,0,0,2,0,0,2,0,0,2,0
128,-6172.998,5162.169,-411.649,-73.116,0.290071,0.956892,-0.014692,-0.955260,0.290435,0.055917,0.057773,-0.002186,0.998327,0,0.92826,0.05659,55.695,0.113,-1,350.000,-1,325.000,700.000,300.000,275.000,300.000,325.000,-1,375.000,450.000,-1,600.000,550.000,-1,700.000,2,0,2,0,0,0,0,0,0,2,0,0,2,0,0,2,0
129,-6156.675,5108.857,-407.054,-72.977,0.292397,0.956179,-0.015038,-0.954212,0.292762,0.061408,0.063119,-0.003606,0.997999,0,0.92924,0.06972,55.755,0.139,-1,350.000,-1,325.000,700.000,300.000,275.000,300.000,325.000,-1,375.000,425.000,-1,625.000,575.000,-1,725.000,2,0,2,0,0,0,0,0,0,2,0,0,2,0,0,2,0
130,-6140.212,5055.535,-402.300,-72.842,0.294588,0.955486,-0.016282,-0.953128,0.295007,0.067219,0.069030,-0.004283,0.997605,0,0.93008,0.06731,55.805,0.135,-1,350.000,-1,350.000,725.000,300.000,300.000,300.000,325.000,-1,350.000,425.000,-1,650.000,575.000,-1,725.000,2,0,2,0,0,0,0,0,0,2,0,0,2,0,0,2,0
131,-6123.616,5002.210,-397.570,-72.712,0.296692,0.954812,-0.017538,-0.952030,0.297169,0.073001,0.074914,-0.004962,0.997178,0,0.93078,0.06488,55.847,0.130,-1,375.000,-1,350.000,725.000,300.000,300.000,300.000,325.000,-1,350.000,400.000,-1,650.000,575.000,-1,750.000,2,0,2,0,0,0,0,0,0,2,0,0,2,0,0,2,0
132,-6106.894,4948.890,-392.864,-72.587,0.298710,0.954159,-0.018805,-0.950920,0.299248,0.078752,0.080770,-0.005642,0.996717,0,0.93132,0.06243,55.879,0.125,-1,375.000,-1,350.000,750.000,300.000,300.000,325.000,300.000,-1,350.000,400.000,-1,650.000,575.000,-1,775.000,2,0,2,0,0,0,0,0,0,2,0,0,2,0,0,2,0
133,-6090.053,4895.583,-388.176,-72.467,0.300643,0.953526,-0.020056,-0.949795,0.301244,0.084506,0.086620,-0.006357,0.996221,0,0.93172,0.05999,55.903,0.120,-1,375.000,-1,350.000,750.000,300.000,300.000,325.000,300.000,-1,300.000,350.000,-1,675.000,575.000,-1,800.000,2,0,2,0,0,0,0,0,0,2,0,0,2,0,0,2,0
134,-6073.100,4842.294,-383.496,-72.352,0.302494,0.952914,-0.021268,-0.948653,0.303157,0.090295,0.092491,-0.007137,0.995688,0,0.93198,0.05754,55.919,0.115,-1,375.000,-1,350.000,775.000,300.000,300.000,325.000,300.000,-1,250.000,300.000,-1,675.000,575.000,-1,825.000,2,0,2,0,0,0,0,0,0,2,0,0,2,0,0,2,0
