timestep,x_cm,y_cm,z_cm,yaw_deg,basis_xx,basis_xy,basis_xz,basis_yx,basis_yy,basis_yz,basis_zx,basis_zy,basis_zz,teleport_flag,throttle_cmd,steering_cmd,cmd_move_cm,cmd_turn_deg,lidar_cm_0,lidar_cm_1,lidar_cm_2,lidar_cm_3,lidar_cm_4,lidar_cm_5,lidar_cm_6,lidar_cm_7,lidar_cm_8,lidar_cm_9,lidar_cm_10,lidar_cm_11,lidar_cm_12,lidar_cm_13,lidar_cm_14,lidar_cm_15,lidar_cm_16,lidar_class_0,lidar_class_1,lidar_class_2,lidar_class_3,lidar_class_4,lidar_class_5,lidar_class_6,lidar_class_7,lidar_class_8,lidar_class_9,lidar_class_10,lidar_class_11,lidar_class_12,lidar_class_13,lidar_class_14,lidar_class_15,lidar_class_16
0,-6231.312,979.098,174.367,-89.513,0.008208,0.999810,0.017680,-0.999828,0.008500,-0.016502,-0.016649,-0.017541,0.999708,1,0.08000,-0.12000,4.800,-0.240,800.000,375.000,-1,400.000,-1,325.000,325.000,300.000,300.000,-1,525.000,500.000,-1,650.000,675.000,-1,-1,1,0,2,0,2,0,0,0,0,2,0,0,2,0,0,2,2
1,-6231.286,969.498,174.204,-89.842,0.002466,0.999841,0.017665,-0.999866,0.002751,-0.016116,-0.016162,-0.017623,0.999714,0,0.16000,-0.16472,9.600,-0.329,800.000,375.000,-1,400.000,-1,325.000,325.000,300.000,300.000,-1,525.000,525.000,-1,650.000,675.000,-1,-1,1,0,2,0,2,0,0,0,0,2,0,0,2,0,0,2,2
2,-6231.327,955.098,173.960,-90.163,-0.003111,0.999840,0.017628,-0.999875,-0.002837,-0.015546,-0.015493,-0.017675,0.999724,0,0.24000,-0.16010,14.400,-0.320,825.000,375.000,-1,400.000,-1,325.000,325.000,300.000,300.000,-1,525.000,525.000,-1,650.000,675.000,-1,-1,1,0,2,0,2,0,0,0,0,2,0,0,2,0,0,2,2
3,-6231.485,935.899,173.637,-90.470,-0.008469,0.999810,0.017578,-0.999857,-0.008209,-0.014792,-0.014644,-0.017701,0.999736,0,0.32000,-0.15394,19.200,-0.308,825.000,375.000,-1,375.000,-1,325.000,325.000,300.000,300.000,-1,525.000,525.000,-1,650.000,675.000,-1,-1,1,0,2,0,2,0,0,0,0,2,0,0,2,0,0,2,2
4,-6231.804,911.901,173.236,-90.763,-0.013555,0.999755,0.017522,-0.999815,-0.013313,-0.013854,-0.013617,-0.017707,0.999750,0,0.40000,-0.14624,24.000,-0.292,850.000,375.000,-1,375.000,-1,325.000,325.000,300.000,300.000,-1,525.000,525.000,-1,650.000,675.000,-1,-1,1,0,2,0,2,0,0,0,0,2,0,0,2,0,0,2,2
5,-6232.325,883.106,172.756,-91.037,-0.018315,0.999680,0.017467,-0.999755,-0.018094,-0.012734,-0.012413,-0.017696,0.999766,0,0.48000,-0.13701,28.800,-0.274,850.000,375.000,-1,375.000,-1,325.000,325.000,300.000,300.000,-1,550.000,550.000,-1,650.000,675.000,-1,-1,1,0,2,0,2,0,0,0,0,2,0,0,2,0,0,2,2
6,-6233.082,849.514,172.200,-91.289,-0.022697,0.999591,0.017419,-0.999681,-0.022500,-0.011431,-0.011035,-0.017673,0.999783,0,0.56000,-0.12627,33.600,-0.253,850.000,375.000,-1,375.000,-1,325.000,325.000,275.000,275.000,-1,550.000,550.000,-1,650.000,675.000,-1,-1,1,0,2,0,2,0,0,0,0,2,0,0,2,0,0,2,2
7,-6234.099,811.128,171.566,-91.518,-0.026650,0.999494,0.017385,-0.999600,-0.026480,-0.009948,-0.009482,-0.017644,0.999799,0,0.64000,-0.11406,38.400,-0.228,875.000,375.000,-1,375.000,-1,325.000,325.000,275.000,275.000,-1,575.000,575.000,-1,650.000,675.000,-1,-1,1,0,2,0,2,0,0,0,0,2,0,0,2,0,0,2,2
8,-6235.404,767.948,170.856,-91.731,-0.030350,0.999388,0.017376,-0.999509,-0.030209,-0.008283,-0.007753,-0.017618,0.999815,0,0.72000,-0.10691,43.200,-0.214,875.000,375.000,-1,375.000,-1,325.000,325.000,275.000,275.000,-1,575.000,575.000,-1,650.000,650.000,-1,-1,1,0,2,0,2,0,0,0,0,2,0,0,2,0,0,2,2
9,-6237.024,719.975,170.070,-91.934,-0.033853,0.999275,0.017400,-0.999410,-0.033745,-0.006440,-0.005848,-0.017607,0.999828,0,0.80000,-0.10136,48.000,-0.203,900.000,375.000,-1,375.000,-1,325.000,325.000,275.000,275.000,-1,550.000,575.000,-1,650.000,650.000,-1,-1,1,0,2,0,2,0,0,0,0,2,0,0,2,0,0,2,2
10,-6238.983,667.211,169.250,-92.126,-0.037163,0.999160,0.017288,-0.999302,-0.037090,-0.004551,-0.003906,-0.017445,0.999840,0,0.88000,-0.09589,52.800,-0.192,900.000,375.000,-1,375.000,-1,325.000,325.000,275.000,275.000,-1,525.000,550.000,-1,650.000,650.000,-1,-1,1,0,2,0,2,0,0,0,0,2,0,0,2,0,0,2,2
11,-6241.276,610.313,169.608,-92.307,-0.040286,0.999054,0.016357,-0.999187,-0.040254,-0.002276,-0.001616,-0.016436,0.999864,0,0.94908,-0.09071,56.945,-0.181,925.000,375.000,-1,375.000,-1,325.000,325.000,275.000,275.000,-1,550.000,550.000,-1,650.000,650.000,-1,-1,1,0,2,0,2,0,0,0,0,2,0,0,2,0,0,2,2
12,-6243.712,554.051,170.257,-92.480,-0.043246,0.998931,0.016332,-0.999064,-0.043257,0.000369,0.001075,-0.016300,0.999867,0,0.93858,-0.08613,56.315,-0.172,925.000,375.000,-1,375.000,-1,325.000,325.000,275.000,275.000,-1,550.000,575.000,-1,650.000,675.000,-1,-1,1,0,2,0,2,0,0,0,0,2,0,0,2,0,0,2,2
13,-6246.281,498.454,170.899,-92.645,-0.046084,0.998804,0.016341,-0.998931,-0.046139,0.002979,0.003729,-0.016186,0.999862,0,0.92761,-0.08264,55.657,-0.165,950.000,375.000,-1,375.000,-1,325.000,325.000,275.000,275.000,-1,550.000,575.000,-1,650.000,675.000,-1,-1,1,0,2,0,2,0,0,0,0,2,0,0,2,0,0,2,2
14,-6248.972,443.539,171.534,-92.805,-0.048839,0.998672,0.016384,-0.998786,-0.048936,0.005553,0.006348,-0.016092,0.999850,0,0.91634,-0.08023,54.981,-0.160,975.000,375.000,-1,375.000,-1,325.000,325.000,275.000,275.000,-1,575.000,575.000,-1,650.000,675.000,-1,-1,1,0,2,0,2,0,0,0,0,2,0,0,2,0,0,2,2
15,-6251.778,389.315,172.161,-92.963,-0.051547,0.998535,0.016458,-0.998631,-0.051685,0.008091,0.008930,-0.016019,0.999832,0,0.90494,-0.07887,54.296,-0.158,-1,375.000,-1,375.000,-1,325.000,325.000,275.000,300.000,-1,575.000,575.000,-1,650.000,675.000,-1,-1,2,0,2,0,2,0,0,0,0,2,0,0,2,0,0,2,2
16,-6254.697,335.782,172.781,-93.120,-0.054242,0.998390,0.016565,-0.998462,-0.054422,0.010593,0.011477,-0.015964,0.999807,0,0.89354,-0.07853,53.612,-0.157,-1,375.000,-1,375.000,-1,325.000,325.000,275.000,300.000,-1,575.000,600.000,-1,650.000,675.000,-1,-1,2,0,2,0,2,0,0,0,0,2,0,0,2,0,0,2,2
17,-6257.724,282.930,173.393,-93.278,-0.056960,0.998237,0.016702,-0.998278,-0.057181,0.013058,0.013990,-0.015929,0.999775,0,0.88231,-0.07918,52.938,-0.158,-1,375.000,-1,375.000,-1,325.000,325.000,275.000,300.000,-1,575.000,600.000,-1,650.000,675.000,-1,-1,2,0,2,0,2,0,0,0,0,2,0,0,2,0,0,2,2
18,-6260.861,230.743,173.997,-93.440,-0.059734,0.998072,0.016871,-0.998078,-0.059996,0.015488,0.016470,-0.015913,0.999738,0,0.87136,-0.08077,52.282,-0.162,-1,375.000,-1,375.000,-1,325.000,325.000,275.000,275.000,-1,575.000,600.000,-1,650.000,675.000,-1,-1,2,0,2,0,2,0,0,0,0,2,0,0,2,0,0,2,2
19,-6264.202,180.987,174.571,-93.842,-0.066686,0.997627,0.017117,-0.997595,-0.066989,0.017786,0.018891,-0.015890,0.999695,0,0.83112,-0.20077,49.867,-0.402,-1,375.000,-1,375.000,-1,325.000,325.000,275.000,275.000,-1,575.000,600.000,-1,650.000,675.000,-1,-1,2,0,2,0,2,0,0,0,0,2,0,0,2,0,0,2,2
20,-6268.050,131.914,175.138,-94.483,-0.077810,0.996815,0.017492,-0.996740,-0.078155,0.020025,0.021328,-0.015876,0.999646,0,0.82039,-0.32077,49.224,-0.642,-1,375.000,-1,375.000,-1,325.000,325.000,275.000,275.000,-1,575.000,600.000,-1,650.000,675.000,-1,-1,2,0,2,0,2,0,0,0,0,2,0,0,2,0,0,2,2
21,-6272.590,83.568,175.698,-95.365,-0.093092,0.995494,0.018037,-0.995374,-0.093482,0.022189,0.023775,-0.015888,0.999591,0,0.80931,-0.44077,48.559,-0.882,-1,375.000,-1,375.000,-1,325.000,325.000,275.000,275.000,-1,550.000,625.000,-1,650.000,675.000,-1,-1,2,0,2,0,2,0,0,0,0,2,0,0,2,0,0,2,2
22,-6278.000,35.990,176.282,-96.486,-0.112515,0.993475,0.018650,-0.993307,-0.112950,0.024168,0.026117,-0.015806,0.999534,0,0.79808,-0.56077,47.885,-1.122,-1,375.000,-1,375.000,-1,325.000,300.000,275.000,275.000,700.000,525.000,600.000,-1,650.000,675.000,-1,-1,2,0,2,0,2,0,0,0,0,1,0,0,2,0,0,2,2
23,-6284.407,-10.789,177.500,-97.799,-0.135268,0.990665,0.016867,-0.990407,-0.135678,0.026167,0.028211,-0.013165,0.999515,0,0.78693,-0.65616,47.216,-1.312,-1,375.000,-1,375.000,-1,325.000,300.000,275.000,275.000,675.000,525.000,600.000,-1,650.000,675.000,-1,-1,2,0,2,0,2,0,0,0,0,1,0,0,2,0,0,2,2
24,-6292.251,-59.634,179.219,-99.123,-0.158148,0.987283,0.016143,-0.986956,-0.158552,0.027917,0.030121,-0.011518,0.999480,0,0.82451,-0.66247,49.471,-1.325,-1,375.000,-1,375.000,-1,300.000,300.000,275.000,275.000,650.000,525.000,600.000,-1,675.000,700.000,-1,-1,2,0,2,0,2,0,0,0,0,1,0,0,2,0,0,2,2
25,-6301.105,-107.603,181.195,-100.458,-0.181076,0.983329,0.016594,-0.982940,-0.181507,0.029741,0.032257,-0.010926,0.999420,0,0.81297,-0.66734,48.778,-1.335,-1,375.000,-1,375.000,-1,300.000,300.000,275.000,275.000,625.000,525.000,600.000,-1,675.000,700.000,-1,-1,2,0,2,0,2,0,0,0,0,1,0,0,2,0,0,2,2
26,-6310.953,-154.722,183.147,-101.805,-0.204107,0.978799,0.017135,-0.978346,-0.204564,0.031509,0.034346,-0.010333,0.999357,0,0.80228,-0.67323,48.137,-1.346,-1,375.000,-1,375.000,-1,300.000,300.000,275.000,275.000,625.000,550.000,625.000,-1,675.000,725.000,-1,-1,2,0,2,0,2,0,0,0,0,1,0,0,2,0,0,2,2
27,-6321.783,-201.024,185.075,-103.165,-0.227257,0.973673,0.017753,-0.973155,-0.227742,0.033223,0.036392,-0.009726,0.999290,0,0.79253,-0.68008,47.552,-1.360,-1,375.000,-1,375.000,-1,300.000,300.000,300.000,275.000,625.000,550.000,625.000,-1,675.000,725.000,-1,-1,2,0,2,0,2,0,0,0,0,1,0,0,2,0,0,2,2
28,-6333.591,-246.547,186.983,-104.540,-0.250541,0.967931,0.018437,-0.967344,-0.251053,0.034888,0.038398,-0.009094,0.999221,0,0.78382,-0.68784,47.029,-1.376,-1,375.000,-1,375.000,-1,300.000,325.000,300.000,275.000,625.000,550.000,625.000,-1,675.000,750.000,-1,-1,2,0,2,0,2,0,0,0,0,1,0,0,2,0,0,2,2
29,-6346.376,-291.331,188.870,-105.933,-0.273968,0.961547,0.019178,-0.960891,-0.274509,0.036507,0.040367,-0.008426,0.999149,0,0.77621,-0.69645,46.573,-1.393,-1,375.000,-1,375.000,-1,300.000,325.000,275.000,300.000,625.000,550.000,625.000,-1,700.000,750.000,-1,-1,2,0,2,0,2,0,0,0,0,1,0,0,2,0,0,2,2
30,-6360.145,-335.415,190.739,-107.345,-0.297548,0.954498,0.019967,-0.953769,-0.298117,0.038085,0.042304,-0.007712,0.999075,0,0.76975,-0.70586,46.185,-1.412,-1,375.000,-1,400.000,-1,325.000,325.000,275.000,300.000,625.000,575.000,625.000,-1,700.000,775.000,-1,-1,2,0,2,0,2,0,0,0,0,1,0,0,2,0,0,2,2
31,-6375.389,-380.929,192.690,-108.517,-0.316970,0.948206,0.020851,-0.947402,-0.317575,0.039706,0.044271,-0.007169,0.998994,0,0.79996,-0.58586,47.998,-1.172,-1,375.000,-1,400.000,-1,325.000,325.000,275.000,300.000,625.000,575.000,625.000,-1,700.000,775.000,-1,-1,2,0,2,0,2,0,0,0,0,1,0,0,2,0,0,2,2
32,-6391.303,-425.999,194.709,-109.449,-0.332318,0.942921,0.021540,-0.942024,-0.332953,0.041635,0.046430,-0.006455,0.998901,0,0.79662,-0.46586,47.797,-0.932,-1,375.000,-1,400.000,-1,325.000,325.000,275.000,300.000,625.000,575.000,650.000,-1,725.000,800.000,-1,-1,2,0,2,0,2,0,0,0,0,1,0,0,2,0,0,2,2
33,-6407.837,-470.748,196.734,-110.278,-0.345904,0.938008,0.022172,-0.937010,-0.346568,0.043630,0.048609,-0.005684,0.998802,0,0.79510,-0.41467,47.706,-0.829,-1,375.000,-1,400.000,-1,325.000,325.000,275.000,300.000,650.000,600.000,650.000,-1,725.000,825.000,-1,-1,2,0,2,0,2,0,0,0,0,1,0,0,2,0,0,2,2
34,-6425.032,-515.235,198.712,-111.132,-0.359826,0.932739,0.022871,-0.931643,-0.360518,0.045471,0.050658,-0.004946,0.998704,0,0.79490,-0.42722,47.694,-0.854,-1,375.000,-1,400.000,-1,325.000,325.000,275.000,300.000,650.000,575.000,650.000,-1,750.000,875.000,-1,-1,2,0,2,0,2,0,0,0,0,1,0,0,2,0,0,2,2
35,-6442.925,-559.494,200.897,-112.013,-0.374160,0.927094,0.022378,-0.925919,-0.374815,0.046781,0.051758,-0.003217,0.998654,0,0.79566,-0.44035,47.740,-0.881,-1,400.000,-1,400.000,-1,325.000,325.000,275.000,300.000,675.000,575.000,675.000,-1,750.000,900.000,-1,-1,2,0,2,0,2,0,0,0,0,1,0,0,2,0,0,2,2
36,-6461.558,-603.559,203.133,-112.921,-0.388874,0.921042,0.021423,-0.919803,-0.389462,0.047760,0.052332,-0.001132,0.998629,0,0.79738,-0.45404,47.843,-0.908,-1,400.000,-1,400.000,-1,325.000,325.000,300.000,275.000,700.000,600.000,700.000,-1,750.000,900.000,-1,-1,2,0,2,0,2,0,0,0,0,1,0,0,2,0,0,2,2
37,-6480.974,-647.461,205.331,-113.858,-0.403949,0.914553,0.020446,-0.913262,-0.404465,0.048586,0.052704,0.000954,0.998610,0,0.80006,-0.46828,48.003,-0.937,-1,400.000,-1,400.000,-1,325.000,325.000,300.000,275.000,700.000,600.000,725.000,-1,775.000,925.000,-1,-1,2,0,2,0,2,0,0,0,0,1,0,0,2,0,0,2,2
38,-6501.218,-691.227,207.504,-114.824,-0.419389,0.907599,0.019406,-0.906263,-0.419827,0.049315,0.052905,0.003095,0.998595,0,0.80368,-0.48308,48.221,-0.966,-1,400.000,-1,425.000,-1,325.000,325.000,300.000,275.000,725.000,625.000,750.000,-1,775.000,950.000,-1,-1,2,0,2,0,2,0,0,0,0,1,0,0,2,0,0,2,2
39,-6522.340,-734.880,209.732,-115.821,-0.435188,0.900151,0.018450,-0.898796,-0.435550,0.049616,0.052698,0.005010,0.998598,0,0.80825,-0.49843,48.495,-0.997,-1,400.000,-1,425.000,-1,325.000,325.000,300.000,275.000,750.000,675.000,775.000,-1,800.000,975.000,-1,-1,2,0,2,0,2,0,0,0,0,1,0,0,2,0,0,2,2
40,-6544.391,-778.442,212.187,-116.849,-0.451316,0.892181,0.018059,-0.890851,-0.451637,0.049081,0.051945,0.006063,0.998632,0,0.81375,-0.51432,48.825,-1.029,-1,400.000,-1,425.000,-1,325.000,325.000,300.000,275.000,775.000,725.000,825.000,-1,800.000,1000.000,-1,-1,2,0,2,0,2,0,0,0,0,1,0,0,2,0,0,2,2
41,-6567.426,-821.928,214.612,-117.911,-0.467811,0.883655,0.017527,-0.882354,-0.468084,0.048463,0.051029,0.007207,0.998671,0,0.82017,-0.53076,49.210,-1.062,-1,400.000,-1,425.000,-1,325.000,325.000,300.000,275.000,800.000,775.000,875.000,-1,800.000,1000.000,-1,-1,2,0,2,0,2,0,0,0,0,1,0,0,2,0,0,2,2
42,-6591.501,-865.349,217.029,-119.006,-0.484665,0.874536,0.016938,-0.873270,-0.484888,0.047784,0.050002,0.008368,0.998714,0,0.82749,-0.54775,49.650,-1.095,-1,400.000,-1,425.000,-1,325.000,325.000,300.000,275.000,825.000,825.000,925.000,-1,800.000,1000.000,-1,-1,2,0,2,0,2,0,0,0,0,1,0,0,2,0,0,2,2
43,-6616.676,-908.715,219.392,-120.137,-0.501880,0.864788,0.016065,-0.863564,-0.502043,0.047011,0.048720,0.009721,0.998765,0,0.83572,-0.56528,50.143,-1.131,-1,400.000,-1,425.000,-1,325.000,350.000,300.000,275.000,850.000,900.000,1000.000,-1,800.000,1000.000,-1,-1,2,0,2,0,2,0,0,0,0,1,0,0,2,0,0,2,2
44,-6643.013,-952.025,221.778,-121.304,-0.519466,0.854369,0.014479,-0.853203,-0.519538,0.046106,0.046914,0.011597,0.998832,0,0.84483,-0.58338,50.690,-1.167,-1,400.000,-1,425.000,-1,325.000,350.000,300.000,275.000,900.000,1000.000,-1,-1,800.000,1000.000,-1,-1,2,0,2,0,2,0,0,0,0,1,0,2,2,0,0,2,2
45,-6670.575,-995.277,224.119,-122.508,-0.537392,0.843240,0.012495,-0.842143,-0.537362,0.045146,0.044783,0.013738,0.998902,0,0.85480,-0.60203,51.288,-1.204,-1,400.000,-1,425.000,-1,325.000,350.000,300.000,275.000,950.000,-1,-1,-1,825.000,1000.000,-1,-1,2,0,2,0,2,0,0,0,0,1,2,2,2,0,0,2,2
46,-6699.430,-1038.462,226.350,-123.750,-0.555632,0.831363,0.010405,-0.830341,-0.555502,0.044181,0.042510,0.015909,0.998969,0,0.86562,-0.62124,51.937,-1.242,-1,400.000,-1,425.000,-1,325.000,350.000,300.000,275.000,-1,-1,-1,-1,825.000,975.000,-1,-1,2,0,2,0,2,0,0,0,0,2,2,2,2,0,0,2,2
47,-6729.381,-1081.224,228.446,-125.009,-0.573839,0.818927,0.008224,-0.817985,-0.573613,0.043228,0.040118,0.018079,0.999031,0,0.87013,-0.62948,52.208,-1.259,-1,400.000,-1,450.000,-1,350.000,350.000,300.000,275.000,-1,-1,-1,-1,825.000,975.000,-1,-1,2,0,2,0,2,0,0,0,0,2,2,2,2,0,0,2,2
48,-6760.422,-1123.508,230.384,-126.282,-0.591956,0.805947,0.006050,-0.805089,-0.591643,0.042298,0.037670,0.020168,0.999087,0,0.87425,-0.63658,52.455,-1.273,-1,400.000,-1,450.000,-1,350.000,350.000,300.000,275.000,-1,-1,-1,-1,825.000,950.000,-1,-1,2,0,2,0,2,0,0,0,0,2,2,2,2,0,0,2,2
49,-6792.570,-1165.300,232.181,-127.570,-0.609974,0.792413,0.003767,-0.791644,-0.609579,0.041393,0.035097,0.022267,0.999136,0,0.87877,-0.64386,52.726,-1.288,-1,400.000,-1,450.000,-1,350.000,350.000,300.000,275.000,-1,-1,-1,-1,825.000,950.000,-1,-1,2,0,2,0,2,0,0,0,0,2,2,2,2,0,0,2,2
50,-6825.845,-1206.579,233.839,-128.873,-0.627878,0.778311,0.001348,-0.777638,-0.627405,0.040523,0.032385,0.024395,0.999178,0,0.88368,-0.65134,53.021,-1.303,-1,425.000,-1,450.000,-1,350.000,350.000,300.000,275.000,-1,-1,-1,-1,850.000,925.000,-1,-1,2,0,2,0,2,0,0,0,0,2,2,2,2,0,0,2,2
51,-6856.798,-1243.554,235.205,-129.935,-0.642237,0.766505,-0.000964,-0.765925,-0.641702,0.039718,0.029826,0.026246,0.999210,0,0.80368,-0.53134,48.221,-1.063,-1,425.000,-1,450.000,-1,350.000,350.000,300.000,275.000,-1,-1,-1,-1,850.000,900.000,-1,-1,2,0,2,0,2,0,0,0,0,2,2,2,2,0,0,2,2
52,-6885.146,-1276.444,236.312,-130.758,-0.653198,0.757180,-0.003144,-0.756689,-0.652613,0.038954,0.027444,0.027824,0.999236,0,0.72368,-0.41134,43.421,-0.823,-1,425.000,-1,450.000,-1,350.000,350.000,300.000,275.000,-1,-1,-1,-1,825.000,900.000,-1,-1,2,0,2,0,2,0,0,0,0,2,2,2,2,0,0,2,2
53,-6910.656,-1305.441,237.063,-131.341,-0.660865,0.750488,-0.005053,-0.750094,-0.660265,0.037543,0.024840,0.028601,0.999282,0,0.64368,-0.29134,38.621,-0.583,-1,425.000,-1,450.000,-1,350.000,350.000,300.000,275.000,-1,-1,-1,-1,825.000,875.000,-1,-1,2,0,2,0,2,0,0,0,0,2,2,2,2,0,0,2,2
54,-6933.172,-1330.678,237.720,-131.738,-0.666047,0.745879,-0.006791,-0.745572,-0.665444,0.036154,0.022448,0.029144,0.999323,0,0.56368,-0.19870,33.821,-0.397,-1,400.000,-1,450.000,-1,350.000,350.000,300.000,275.000,-1,-1,-1,-1,825.000,875.000,-1,-1,2,0,2,0,2,0,0,0,0,2,2,2,2,0,0,2,2
55,-6952.641,-1352.198,238.241,-132.135,-0.671195,0.741234,-0.008338,-0.741001,-0.670590,0.035012,0.020360,0.029678,0.999352,0,0.48368,-0.19870,29.021,-0.397,-1,400.000,-1,425.000,-1,350.000,350.000,300.000,275.000,-1,-1,-1,-1,800.000,850.000,-1,-1,2,0,2,0,2,0,0,0,0,2,2,2,2,0,0,2,2
56,-6969.015,-1370.047,238.637,-132.533,-0.676310,0.736553,-0.009668,-0.736382,-0.675705,0.034136,0.018610,0.030206,0.999370,0,0.40368,-0.19870,24.221,-0.397,-1,400.000,-1,425.000,-1,325.000,350.000,300.000,275.000,-1,-1,-1,-1,800.000,850.000,-1,-1,2,0,2,0,2,0,0,0,0,2,2,2,2,0,0,2,2
57,-6982.243,-1384.266,238.928,-132.930,-0.681393,0.731839,-0.010753,-0.731716,-0.680787,0.033487,0.017187,0.030686,0.999381,0,0.32368,-0.19870,19.421,-0.397,-1,400.000,-1,425.000,-1,325.000,350.000,300.000,275.000,-1,-1,-1,-1,800.000,825.000,-1,-1,2,0,2,0,2,0,0,0,0,2,2,2,2,0,0,2,2
58,-6992.275,-1394.902,239.150,-133.328,-0.686443,0.727092,-0.011556,-0.727007,-0.685839,0.032943,0.016027,0.031015,0.999390,0,0.24368,-0.19870,14.621,-0.397,-1,400.000,-1,425.000,-1,325.000,350.000,300.000,275.000,-1,-1,-1,-1,800.000,825.000,-1,-1,2,0,2,0,2,0,0,0,0,2,2,2,2,0,0,2,2
59,-6999.063,-1402.000,239.292,-133.725,-0.691462,0.722312,-0.012080,-0.722253,-0.690860,0.032590,0.015195,0.031260,0.999396,0,0.16368,-0.19870,9.821,-0.397,-1,400.000,-1,425.000,-1,325.000,350.000,300.000,275.000,-1,-1,-1,-1,800.000,825.000,-1,-1,2,0,2,0,2,0,0,0,0,2,2,2,2,0,0,2,2
60,-7002.559,-1405.604,239.361,-134.122,-0.696450,0.717500,-0.012316,-0.717455,-0.695850,0.032420,0.014691,0.031415,0.999398,0,0.08368,-0.19870,5.021,-0.397,-1,400.000,-1,425.000,-1,325.000,350.000,300.000,275.000,-1,-1,-1,-1,800.000,825.000,-1,-1,2,0,2,0,2,0,0,0,0,2,2,2,2,0,0,2,2
61,-7002.714,-1405.761,239.362,-134.520,-0.701408,0.712655,-0.012260,-0.712612,-0.700808,0.032426,0.014517,0.031480,0.999399,0,0.00368,-0.19870,0.221,-0.397,-1,400.000,-1,425.000,-1,325.000,350.000,300.000,275.000,-1,-1,-1,-1,800.000,825.000,-1,-1,2,0,2,0,2,0,0,0,0,2,2,2,2,0,0,2,2
62,-6999.480,-1402.519,239.295,-134.917,-0.706335,0.707777,-0.011915,-0.707725,-0.705735,0.032608,0.014671,0.031464,0.999397,0,-0.07632,-0.19870,-4.579,-0.397,-1,400.000,-1,425.000,-1,325.000,350.000,300.000,275.000,-1,-1,-1,-1,800.000,825.000,-1,-1,2,0,2,0,2,0,0,0,0,2,2,2,2,0,0,2,2
63,-6992.812,-1395.923,239.158,-135.315,-0.711232,0.702867,-0.011288,-0.702794,-0.710628,0.032975,0.015155,0.031386,0.999392,0,-0.15632,-0.19870,-9.379,-0.397,-1,400.000,-1,425.000,-1,325.000,350.000,300.000,275.000,-1,-1,-1,-1,800.000,825.000,-1,-1,2,0,2,0,2,0,0,0,0,2,2,2,2,0,0,2,2
64,-6982.704,-1385.980,238.945,-135.472,-0.713168,0.700916,-0.010435,-0.700809,-0.712560,0.033537,0.016072,0.031230,0.999383,0,-0.23632,-0.07870,-14.179,-0.157,-1,400.000,-1,425.000,-1,325.000,350.000,300.000,275.000,-1,-1,-1,-1,800.000,825.000,-1,-1,2,0,2,0,2,0,0,0,0,2,2,2,2,0,0,2,2
65,-6970.739,-1374.177,238.696,-135.389,-0.712165,0.701948,-0.009482,-0.701801,-0.711554,0.034157,0.017229,0.030980,0.999372,0,-0.28011,0.04130,-16.807,0.083,-1,400.000,-1,425.000,-1,350.000,350.000,300.000,275.000,-1,-1,-1,-1,825.000,850.000,-1,-1,2,0,2,0,2,0,0,0,0,2,2,2,2,0,0,2,2
66,-6958.841,-1362.307,238.438,-135.067,-0.708210,0.705950,-0.008588,-0.705760,-0.707597,0.034782,0.018477,0.030694,0.999358,0,-0.28011,0.16130,-16.807,0.323,-1,400.000,-1,425.000,-1,350.000,350.000,300.000,275.000,-1,-1,-1,-1,825.000,850.000,-1,-1,2,0,2,0,2,0,0,0,0,2,2,2,2,0,0,2,2
67,-6947.061,-1350.321,238.166,-134.504,-0.701253,0.712871,-0.007751,-0.712637,-0.700638,0.035434,0.019829,0.030372,0.999342,0,-0.28011,0.28130,-16.807,0.563,-1,400.000,-1,425.000,-1,350.000,350.000,300.000,275.000,-1,-1,-1,-1,825.000,850.000,-1,-1,2,0,2,0,2,0,0,0,0,2,2,2,2,0,0,2,2
68,-6935.449,-1338.170,237.881,-133.702,-0.691207,0.722623,-0.006969,-0.722343,-0.690591,0.036111,0.021282,0.029994,0.999323,0,-0.28011,0.40130,-16.807,0.803,-1,400.000,-1,450.000,-1,350.000,350.000,300.000,275.000,-1,-1,-1,-1,825.000,875.000,-1,-1,2,0,2,0,2,0,0,0,0,2,2,2,2,0,0,2,2
69,-6924.060,-1325.811,237.586,-132.659,-0.677952,0.735080,-0.006240,-0.734751,-0.677337,0.036805,0.022828,0.029537,0.999303,0,-0.28011,0.52130,-16.807,1.043,-1,400.000,-1,450.000,-1,350.000,350.000,300.000,275.000,-1,-1,-1,-1,825.000,875.000,-1,-1,2,0,2,0,2,0,0,0,0,2,2,2,2,0,0,2,2
70,-6912.951,-1313.199,237.289,-131.376,-0.661335,0.750070,-0.005556,-0.749692,-0.660725,0.037476,0.024438,0.028949,0.999282,0,-0.28011,0.64130,-16.807,1.283,-1,400.000,-1,450.000,-1,350.000,350.000,300.000,275.000,-1,-1,-1,-1,825.000,875.000,-1,-1,2,0,2,0,2,0,0,0,0,2,2,2,2,0,0,2,2
71,-6902.138,-1300.333,236.977,-130.046,-0.643752,0.765219,-0.004891,-0.764790,-0.643148,0.038161,0.026055,0.028307,0.999260,0,-0.28011,0.66504,-16.807,1.330,-1,400.000,-1,450.000,-1,350.000,350.000,300.000,275.000,-1,-1,-1,-1,825.000,875.000,-1,-1,2,0,2,0,2,0,0,0,0,2,2,2,2,0,0,2,2
72,-6891.626,-1287.219,236.630,-128.716,-0.625818,0.779958,-0.004216,-0.779481,-0.625226,0.038753,0.027589,0.027538,0.999240,0,-0.28011,0.66504,-16.807,1.330,-1,400.000,-1,450.000,-1,350.000,350.000,300.000,275.000,-1,-1,-1,-1,825.000,900.000,-1,-1,2,0,2,0,2,0,0,0,0,2,2,2,2,0,0,2,2
73,-6881.392,-1273.826,236.157,-127.384,-0.607501,0.794312,-0.003407,-0.793799,-0.606942,0.038791,0.028744,0.026270,0.999242,0,-0.28093,0.66616,-16.856,1.332,-1,400.000,-1,450.000,-1,350.000,350.000,300.000,275.000,-1,-1,-1,-1,825.000,900.000,-1,-1,2,0,2,0,2,0,0,0,0,2,2,2,2,0,0,2,2
74,-6871.412,-1260.112,235.673,-126.047,-0.588785,0.808286,-0.002586,-0.807737,-0.588260,0.038874,0.029900,0.024977,0.999241,0,-0.28269,0.66859,-16.961,1.337,-1,400.000,-1,450.000,-1,350.000,350.000,300.000,275.000,-1,-1,-1,-1,825.000,900.000,-1,-1,2,0,2,0,2,0,0,0,0,2,2,2,2,0,0,2,2
75,-6861.698,-1246.084,235.177,-124.705,-0.569676,0.821868,-0.001757,-0.821283,-0.569187,0.039002,0.031054,0.023662,0.999238,0,-0.28437,0.67101,-17.062,1.342,-1,400.000,-1,450.000,-1,325.000,350.000,300.000,275.000,-1,-1,-1,-1,800.000,900.000,-1,-1,2,0,2,0,2,0,0,0,0,2,2,2,2,0,0,2,2
76,-6852.262,-1231.752,234.670,-123.358,-0.550182,0.835044,-0.000927,-0.834424,-0.549729,0.039175,0.032204,0.022327,0.999232,0,-0.28599,0.67340,-17.159,1.347,-1,400.000,-1,450.000,-1,325.000,350.000,300.000,275.000,-1,-1,-1,-1,800.000,900.000,-1,-1,2,0,2,0,2,0,0,0,0,2,2,2,2,0,0,2,2
77,-6843.119,-1217.122,234.147,-122.006,-0.530311,0.847803,-0.000089,-0.847148,-0.529896,0.039368,0.033329,0.020953,0.999225,0,-0.28753,0.67576,-17.252,1.352,-1,400.000,-1,450.000,-1,325.000,350.000,300.000,275.000,-1,-1,-1,-1,800.000,900.000,-1,-1,2,0,2,0,2,0,0,0,0,2,2,2,2,0,0,2,2
78,-6834.280,-1202.205,233.595,-120.650,-0.510069,0.860133,0.000781,-0.859446,-0.509697,0.039503,0.034376,0.019478,0.999219,0,-0.28899,0.67810,-17.339,1.356,-1,400.000,-1,450.000,-1,325.000,350.000,300.000,275.000,-1,-1,-1,-1,800.000,900.000,-1,-1,2,0,2,0,2,0,0,0,0,2,2,2,2,0,0,2,2
79,-6825.757,-1187.010,233.024,-119.289,-0.489467,0.872020,0.001662,-0.871303,-0.489141,0.039642,0.035382,0.017955,0.999213,0,-0.29036,0.68041,-17.422,1.361,-1,400.000,-1,450.000,-1,325.000,350.000,300.000,275.000,-1,-1,-1,-1,800.000,925.000,-1,-1,2,0,2,0,2,0,0,0,0,2,2,2,2,0,0,2,2
80,-6815.267,-1167.420,232.280,-118.168,-0.472278,0.881445,0.002815,-0.880695,-0.472003,0.039879,0.036480,0.016355,0.999201,0,-0.37036,0.56041,-22.222,1.121,-1,400.000,-1,450.000,-1,325.000,350.000,300.000,275.000,-1,-1,-1,-1,775.000,925.000,-1,-1,2,0,2,0,2,0,0,0,0,2,2,2,2,0,0,2,2
81,-6802.880,-1143.405,231.348,-117.288,-0.458625,0.888620,0.004216,-0.887831,-0.458409,0.040212,0.037666,0.014699,0.999182,0,-0.45036,0.44041,-27.022,0.881,-1,400.000,-1,450.000,-1,325.000,350.000,300.000,275.000,-1,-1,-1,-1,775.000,925.000,-1,-1,2,0,2,0,2,0,0,0,0,2,2,2,2,0,0,2,2
82,-6788.608,-1114.964,230.202,-116.647,-0.448602,0.893712,0.005877,-0.892882,-0.448453,0.040645,0.038961,0.012986,0.999156,0,-0.53036,0.32041,-31.822,0.641,-1,400.000,-1,450.000,-1,325.000,350.000,300.000,275.000,-1,-1,-1,-1,775.000,925.000,-1,-1,2,0,2,0,2,0,0,0,0,2,2,2,2,0,0,2,2
83,-6773.815,-1084.960,228.950,-116.246,-0.442280,0.896845,0.007587,-0.895974,-0.442198,0.041125,0.040238,0.011391,0.999125,0,-0.55755,0.20041,-33.453,0.401,-1,400.000,-1,450.000,-1,325.000,350.000,300.000,275.000,-1,-1,-1,-1,775.000,950.000,-1,-1,2,0,2,0,2,0,0,0,0,2,2,2,2,0,0,2,2
84,-6759.048,-1054.795,227.645,-116.085,-0.439702,0.898096,0.009261,-0.897186,-0.439686,0.041626,0.041456,0.009995,0.999090,0,-0.55975,0.08041,-33.585,0.161,-1,400.000,-1,450.000,-1,325.000,350.000,300.000,275.000,-1,-1,-1,-1,775.000,950.000,-1,-1,2,0,2,0,2,0,0,0,0,2,2,2,2,0,0,2,2
85,-6744.181,-1024.534,226.287,-116.164,-0.440885,0.897497,0.010894,-0.896550,-0.440932,0.042148,0.042631,0.008815,0.999052,0,-0.56193,-0.03959,-33.716,-0.079,-1,400.000,-1,450.000,-1,325.000,350.000,300.000,275.000,-1,-1,-1,-1,775.000,975.000,-1,-1,2,0,2,0,2,0,0,0,0,2,2,2,2,0,0,2,2
86,-6729.087,-994.239,224.874,-116.484,-0.445823,0.895034,0.012481,-0.894050,-0.445928,0.042689,0.043774,0.007873,0.999010,0,-0.56411,-0.15959,-33.847,-0.319,-1,400.000,-1,425.000,-1,325.000,350.000,300.000,275.000,1000.000,-1,-1,-1,775.000,975.000,-1,-1,2,0,2,0,2,0,0,0,0,1,2,2,2,0,0,2,2
87,-6713.638,-963.974,223.408,-117.043,-0.454485,0.890644,0.014019,-0.889622,-0.454645,0.043251,0.044895,0.007185,0.998966,0,-0.56634,-0.27959,-33.980,-0.559,-1,400.000,-1,425.000,-1,325.000,350.000,300.000,275.000,975.000,-1,-1,-1,775.000,975.000,-1,-1,2,0,2,0,2,0,0,0,0,1,2,2,2,0,0,2,2
88,-6697.811,-933.748,221.885,-117.637,-0.463654,0.885881,0.015501,-0.884821,-0.463866,0.043829,0.046017,0.006606,0.998919,0,-0.56865,-0.29733,-34.119,-0.595,-1,400.000,-1,425.000,-1,325.000,350.000,300.000,275.000,950.000,-1,-1,-1,800.000,1000.000,-1,-1,2,0,2,0,2,0,0,0,0,1,2,2,2,0,0,2,2
89,-6681.531,-903.403,220.297,-118.214,-0.472491,0.881173,0.016930,-0.880073,-0.472755,0.044426,0.047151,0.006091,0.998869,0,-0.57395,-0.28818,-34.437,-0.576,-1,400.000,-1,425.000,-1,325.000,350.000,300.000,275.000,925.000,-1,-1,-1,800.000,1000.000,-1,-1,2,0,2,0,2,0,0,0,0,1,2,2,2,0,0,2,2
90,-6664.756,-872.846,218.635,-118.766,-0.480909,0.876579,0.018309,-0.875439,-0.481225,0.045045,0.048296,0.005635,0.998817,0,-0.58098,-0.27604,-34.859,-0.552,-1,400.000,-1,425.000,-1,325.000,350.000,300.000,275.000,900.000,975.000,-1,-1,800.000,-1,-1,-1,2,0,2,0,2,0,0,0,0,1,0,2,2,0,2,2,2
91,-6647.492,-842.074,216.896,-119.293,-0.488910,0.872113,0.019633,-0.870931,-0.489276,0.045689,0.049452,0.005239,0.998763,0,-0.58806,-0.26377,-35.283,-0.528,-1,400.000,-1,425.000,-1,325.000,350.000,300.000,275.000,875.000,900.000,1000.000,-1,800.000,-1,-1,-1,2,0,2,0,2,0,0,0,0,1,0,0,2,0,2,2,2
92,-6629.747,-811.085,215.104,-119.796,-0.496488,0.867789,0.021022,-0.866562,-0.496910,0.046379,0.050693,0.004810,0.998703,0,-0.59518,-0.25135,-35.711,-0.503,-1,400.000,-1,425.000,-1,325.000,350.000,275.000,275.000,850.000,800.000,925.000,-1,800.000,-1,-1,-1,2,0,2,0,2,0,0,0,0,1,0,0,2,0,2,2,2
93,-6614.265,-784.331,213.639,-120.059,-0.500430,0.865502,0.021813,-0.864241,-0.500884,0.046933,0.051547,0.004635,0.998660,0,-0.51518,-0.13135,-30.911,-0.263,-1,400.000,-1,425.000,-1,325.000,350.000,275.000,275.000,825.000,750.000,850.000,-1,800.000,-1,-1,-1,2,0,2,0,2,0,0,0,0,1,0,0,2,0,2,2,2
94,-6601.177,-761.737,212.408,-120.082,-0.500756,0.865304,0.022184,-0.864019,-0.501227,0.047369,0.052108,0.004553,0.998631,0,-0.43518,-0.01135,-26.111,-0.023,-1,400.000,-1,425.000,-1,325.000,325.000,300.000,275.000,800.000,725.000,825.000,-1,800.000,-1,-1,-1,2,0,2,0,2,0,0,0,0,1,0,0,2,0,2,2,2
95,-6590.566,-743.256,211.380,-119.864,-0.497455,0.867200,0.022422,-0.865897,-0.497942,0.047714,0.052542,0.004320,0.998609,0,-0.35518,0.10865,-21.311,0.217,-1,400.000,-1,425.000,-1,325.000,325.000,300.000,275.000,800.000,675.000,800.000,-1,800.000,-1,-1,-1,2,0,2,0,2,0,0,0,0,1,0,0,2,0,2,2,2
96,-6582.384,-728.916,210.573,-119.707,-0.495059,0.868566,0.022561,-0.867251,-0.495555,0.047974,0.052849,0.004184,0.998594,0,-0.27518,0.07878,-16.511,0.158,-1,400.000,-1,425.000,-1,325.000,325.000,300.000,275.000,775.000,675.000,775.000,-1,800.000,-1,-1,-1,2,0,2,0,2,0,0,0,0,1,0,0,2,0,2,2,2
97,-6576.609,-718.728,210.047,-119.545,-0.492601,0.869959,0.022731,-0.868646,-0.493110,0.047926,0.052902,0.003863,0.998592,0,-0.19518,0.08062,-11.711,0.161,-1,400.000,-1,425.000,-1,325.000,325.000,300.000,275.000,775.000,650.000,750.000,-1,800.000,-1,-1,-1,2,0,2,0,2,0,0,0,0,1,0,0,2,0,2,2,2
98,-6573.218,-712.706,209.739,-119.382,-0.490102,0.871366,0.022837,-0.870057,-0.490621,0.047868,0.052915,0.003591,0.998593,0,-0.11518,0.08191,-6.911,0.164,-1,400.000,-1,425.000,-1,325.000,325.000,300.000,275.000,775.000,650.000,750.000,-1,800.000,-1,-1,-1,2,0,2,0,2,0,0,0,0,1,0,0,2,0,2,2,2
99,-6572.188,-710.864,209.640,-119.216,-0.487580,0.872779,0.022873,-0.871472,-0.488105,0.047850,0.052927,0.003398,0.998593,0,-0.03518,0.08267,-2.111,0.165,-1,400.000,-1,425.000,-1,325.000,325.000,300.000,275.000,775.000,650.000,750.000,-1,800.000,-1,-1,-1,2,0,2,0,2,0,0,0,0,1,0,0,2,0,2,2,2
100,-6573.494,-713.214,209.753,-119.050,-0.485051,0.874188,0.022840,-0.872882,-0.485577,0.047873,0.052940,0.003284,0.998592,0,0.04482,0.08289,2.689,0.166,-1,400.000,-1,425.000,-1,325.000,325.000,300.000,275.000,775.000,650.000,750.000,-1,800.000,-1,-1,-1,2,0,2,0,2,0,0,0,0,1,0,0,2,0,2,2,2
101,-6577.112,-719.772,210.077,-118.885,-0.482531,0.875584,0.022729,-0.874277,-0.483055,0.047937,0.052953,0.003259,0.998592,0,0.12482,0.08260,7.489,0.165,-1,400.000,-1,425.000,-1,325.000,325.000,300.000,275.000,775.000,675.000,775.000,-1,800.000,-1,-1,-1,2,0,2,0,2,0,0,0,0,1,0,0,2,0,2,2,2
102,-6583.017,-730.549,210.634,-118.722,-0.480034,0.876960,0.022569,-0.875655,-0.480553,0.047929,0.052877,0.003245,0.998596,0,0.20482,0.08179,12.289,0.164,-1,400.000,-1,425.000,-1,325.000,325.000,300.000,275.000,800.000,675.000,775.000,-1,800.000,-1,-1,-1,2,0,2,0,2,0,0,0,0,1,0,0,2,0,2,2,2
103,-6591.187,-745.559,211.460,-118.561,-0.477573,0.878306,0.022405,-0.877017,-0.478088,0.047670,0.052581,0.003116,0.998612,0,0.28482,0.08046,17.089,0.161,-1,400.000,-1,425.000,-1,325.000,325.000,300.000,275.000,800.000,700.000,800.000,-1,800.000,-1,-1,-1,2,0,2,0,2,0,0,0,0,1,0,0,2,0,2,2,2
104,-6601.600,-764.813,212.507,-118.404,-0.475172,0.879615,0.022124,-0.878345,-0.475677,0.047339,0.052164,0.003062,0.998634,0,0.36482,0.07860,21.889,0.157,-1,400.000,-1,425.000,-1,325.000,325.000,300.000,275.000,825.000,725.000,850.000,-1,800.000,-1,-1,-1,2,0,2,0,2,0,0,0,0,1,0,0,2,0,2,2,2
105,-6614.233,-788.323,213.764,-118.251,-0.472849,0.880877,0.021675,-0.879631,-0.473335,0.046933,0.051602,0.003126,0.998663,0,0.44482,0.07620,26.689,0.152,-1,400.000,-1,425.000,-1,325.000,325.000,275.000,275.000,825.000,775.000,900.000,-1,800.000,-1,-1,-1,2,0,2,0,2,0,0,0,0,1,0,0,2,0,2,2,2
106,-6629.067,-816.099,215.302,-118.105,-0.470642,0.882083,0.020646,-0.880870,-0.471081,0.046383,0.050639,0.003643,0.998710,0,0.52482,0.07325,31.489,0.146,-1,400.000,-1,425.000,-1,325.000,325.000,300.000,275.000,850.000,850.000,950.000,-1,800.000,-1,-1,-1,2,0,2,0,2,0,0,0,0,1,0,0,2,0,2,2,2
107,-6646.084,-848.151,217.146,-117.965,-0.468553,0.883224,0.019322,-0.882050,-0.468931,0.045745,0.049464,0.004391,0.998766,0,0.60482,0.06974,36.289,0.139,-1,400.000,-1,425.000,-1,325.000,350.000,300.000,275.000,875.000,925.000,-1,-1,800.000,-1,-1,-1,2,0,2,0,2,0,0,0,0,1,0,2,2,0,2,2,2
108,-6664.251,-882.559,219.057,-117.834,-0.466593,0.884292,0.017831,-0.883159,-0.466904,0.045073,0.048183,0.005283,0.998825,0,0.64850,0.06564,38.910,0.131,-1,400.000,-1,425.000,-1,325.000,350.000,300.000,275.000,900.000,1000.000,-1,-1,800.000,1000.000,-1,-1,2,0,2,0,2,0,0,0,0,1,0,2,2,0,0,2,2
109,-6682.403,-917.118,220.907,-117.712,-0.464769,0.885283,0.016262,-0.884190,-0.465011,0.044410,0.046878,0.006262,0.998881,0,0.65060,0.06119,39.036,0.122,-1,400.000,-1,425.000,-1,325.000,350.000,300.000,275.000,925.000,-1,-1,-1,800.000,1000.000,-1,-1,2,0,2,0,2,0,0,0,0,1,2,2,2,0,0,2,2
110,-6702.867,-955.884,222.902,-117.829,-0.466663,0.884318,0.014421,-0.883271,-0.466823,0.043678,0.045357,0.007645,0.998942,0,0.73060,-0.05881,43.836,-0.118,-1,400.000,-1,425.000,-1,325.000,350.000,300.000,275.000,975.000,-1,-1,-1,800.000,1000.000,-1,-1,2,0,2,0,2,0,0,0,0,1,2,2,2,0,0,2,2
111,-6725.840,-998.752,225.013,-118.187,-0.472261,0.881373,0.012286,-0.880380,-0.472327,0.042877,0.043593,0.009433,0.999005,0,0.81060,-0.17881,48.636,-0.358,-1,400.000,-1,425.000,-1,325.000,350.000,300.000,275.000,1000.000,-1,-1,-1,800.000,975.000,-1,-1,2,0,2,0,2,0,0,0,0,1,2,2,2,0,0,2,2
112,-6749.920,-1042.694,227.074,-118.723,-0.480577,0.876896,0.009988,-0.875961,-0.480544,0.042064,0.041685,0.011466,0.999065,0,0.83512,-0.26810,50.107,-0.536,-1,400.000,-1,450.000,-1,325.000,350.000,300.000,275.000,-1,-1,-1,-1,800.000,975.000,-1,-1,2,0,2,0,2,0,0,0,0,2,2,2,2,0,0,2,2
113,-6774.514,-1086.572,229.025,-119.272,-0.489034,0.872232,0.007577,-0.871361,-0.488904,0.041261,0.039694,0.013576,0.999120,0,0.83835,-0.27427,50.301,-0.549,-1,400.000,-1,450.000,-1,325.000,350.000,300.000,275.000,-1,-1,-1,-1,800.000,950.000,-1,-1,2,0,2,0,2,0,0,0,0,2,2,2,2,0,0,2,2
114,-6799.642,-1130.391,230.862,-119.833,-0.497632,0.867374,0.005056,-0.866572,-0.497408,0.040473,0.037620,0.015759,0.999168,0,0.84188,-0.28059,50.513,-0.561,-1,400.000,-1,450.000,-1,325.000,350.000,300.000,275.000,-1,-1,-1,-1,800.000,925.000,-1,-1,2,0,2,0,2,0,0,0,0,2,2,2,2,0,0,2,2
115,-6825.323,-1174.153,232.576,-120.407,-0.506369,0.862313,0.002450,-0.861587,-0.506055,0.039708,0.035480,0.017996,0.999208,0,0.84568,-0.28707,50.741,-0.574,-1,400.000,-1,450.000,-1,325.000,350.000,300.000,275.000,-1,-1,-1,-1,800.000,925.000,-1,-1,2,0,2,0,2,0,0,0,0,2,2,2,2,0,0,2,2
116,-6851.578,-1217.859,234.226,-120.994,-0.515242,0.857045,-0.000239,-0.856406,-0.514847,0.038749,0.033087,0.020170,0.999249,0,0.84976,-0.29370,50.986,-0.587,-1,400.000,-1,450.000,-1,325.000,350.000,300.000,275.000,-1,-1,-1,-1,800.000,900.000,-1,-1,2,0,2,0,2,0,0,0,0,2,2,2,2,0,0,2,2
117,-6878.426,-1261.509,235.772,-121.595,-0.524246,0.851562,-0.002962,-0.851027,-0.523786,0.037438,0.030329,0.022148,0.999295,0,0.85410,-0.30048,51.246,-0.601,-1,400.000,-1,425.000,-1,325.000,350.000,300.000,275.000,-1,-1,-1,-1,800.000,875.000,-1,-1,2,0,2,0,2,0,0,0,0,2,2,2,2,0,0,2,2
118,-6905.888,-1305.102,237.202,-122.210,-0.533392,0.845847,-0.005961,-0.845416,-0.532864,0.036420,0.027630,0.024465,0.999319,0,0.85870,-0.30740,51.522,-0.615,-1,400.000,-1,425.000,-1,325.000,350.000,300.000,275.000,-1,-1,-1,-1,775.000,875.000,-1,-1,2,0,2,0,2,0,0,0,0,2,2,2,2,0,0,2,2
119,-6933.931,-1348.560,238.517,-122.834,-0.542615,0.839931,-0.009235,-0.839609,-0.542014,0.035743,0.025016,0.027149,0.999318,0,0.86201,-0.31224,51.720,-0.624,-1,400.000,-1,425.000,-1,325.000,350.000,300.000,275.000,-1,-1,-1,-1,775.000,850.000,-1,-1,2,0,2,0,2,0,0,0,0,2,2,2,2,0,0,2,2
120,-6962.446,-1391.710,239.513,-123.459,-0.551741,0.833923,-0.012410,-0.833731,-0.551103,0.034323,0.021783,0.029284,0.999334,0,0.86201,-0.31224,51.720,-0.624,-1,400.000,-1,425.000,-1,325.000,325.000,300.000,275.000,-1,-1,-1,-1,775.000,825.000,-1,-1,2,0,2,0,2,0,0,0,0,2,2,2,2,0,0,2,2
121,-6991.429,-1434.546,240.416,-124.083,-0.560780,0.827816,-0.015672,-0.827763,-0.560126,0.032672,0.018268,0.031295,0.999343,0,0.86201,-0.31224,51.720,-0.624,-1,400.000,-1,425.000,-1,325.000,325.000,300.000,275.000,-1,-1,-1,-1,750.000,800.000,-1,-1,2,0,2,0,2,0,0,0,0,2,2,2,2,0,0,2,2
122,-7020.878,-1477.064,241.182,-124.708,-0.569739,0.821602,-0.019169,-0.821693,-0.569073,0.031260,0.014775,0.033561,0.999327,0,0.86201,-0.31224,51.720,-0.624,-1,400.000,-1,400.000,-1,325.000,325.000,300.000,275.000,-1,-1,-1,-1,750.000,775.000,-1,-1,2,0,2,0,2,0,0,0,0,2,2,2,2,0,0,2,2
123,-7050.788,-1519.258,241.843,-125.332,-0.578617,0.815283,-0.022726,-0.815520,-0.577946,0.030108,0.011412,0.035954,0.999288,0,0.86201,-0.31224,51.720,-0.624,-1,375.000,-1,400.000,-1,325.000,325.000,300.000,275.000,-1,-1,-1,-1,725.000,750.000,-1,-1,2,0,2,0,2,0,0,0,0,2,2,2,2,0,0,2,2
124,-7081.157,-1561.124,242.816,-125.957,-0.587433,0.808907,-0.024347,-0.809218,-0.586777,0.029312,0.009424,0.036921,0.999274,0,0.86201,-0.31224,51.720,-0.624,-1,375.000,-1,400.000,-1,325.000,325.000,300.000,275.000,-1,-1,-1,-1,725.000,750.000,-1,-1,2,0,2,0,2,0,0,0,0,2,2,2,2,0,0,2,2
125,-7111.980,-1602.656,243.696,-126.581,-0.596180,0.802432,-0.025948,-0.802815,-0.595535,0.028745,0.007613,0.037968,0.999250,0,0.86201,-0.31224,51.720,-0.624,-1,375.000,-1,400.000,-1,325.000,325.000,300.000,275.000,-1,-1,-1,-1,725.000,725.000,-1,-1,2,0,2,0,2,0,0,0,0,2,2,2,2,0,0,2,2
126,-7140.195,-1640.146,244.431,-126.966,-0.601523,0.798388,-0.027331,-0.798831,-0.600884,0.028413,0.006262,0.038924,0.999223,0,0.78201,-0.19224,46.920,-0.384,-1,375.000,-1,400.000,-1,325.000,325.000,300.000,275.000,-1,-1,-1,-1,725.000,725.000,-1,-1,2,0,2,0,2,0,0,0,0,2,2,2,2,0,0,2,2
127,-7165.608,-1673.736,245.131,-127.110,-0.603520,0.796853,-0.028091,-0.797328,-0.602883,0.028277,0.005597,0.039463,0.999205,0,0.70201,-0.07224,42.120,-0.144,-1,375.000,-1,375.000,-1,325.000,325.000,300.000,275.000,-1,-1,-1,-1,725.000,725.000,-1,-1,2,0,2,0,2,0,0,0,0,2,2,2,2,0,0,2,2
128,-7188.076,-1703.536,245.782,-127.015,-0.602187,0.797849,-0.028410,-0.798336,-0.601548,0.028285,0.005478,0.039713,0.999196,0,0.62201,0.04776,37.320,0.096,-1,375.000,-1,375.000,-1,325.000,325.000,300.000,275.000,-1,-1,-1,-1,725.000,725.000,-1,-1,2,0,2,0,2,0,0,0,0,2,2,2,2,0,0,2,2
129,-7207.502,-1729.617,246.329,-126.679,-0.597508,0.801351,-0.028653,-0.801843,-0.596860,0.028391,0.005650,0.039940,0.999186,0,0.54201,0.16776,32.520,0.336,-1,375.000,-1,375.000,-1,325.000,325.000,300.000,300.000,-1,-1,-1,-1,725.000,725.000,-1,-1,2,0,2,0,2,0,0,0,0,2,2,2,2,0,0,2,2
130,-7223.836,-1752.013,246.775,-126.104,-0.589438,0.807301,-0.028772,-0.807790,-0.588778,0.028564,0.006119,0.040079,0.999178,0,0.46201,0.28776,27.720,0.576,-1,375.000,-1,375.000,-1,325.000,325.000,300.000,300.000,-1,-1,-1,-1,725.000,725.000,-1,-1,2,0,2,0,2,0,0,0,0,2,2,2,2,0,0,2,2
131,-7237.076,-1770.722,247.147,-125.288,-0.577902,0.815596,-0.028862,-0.816078,-0.577225,0.028769,0.006804,0.040179,0.999169,0,0.38201,0.40776,22.920,0.816,-1,375.000,-1,375.000,-1,325.000,325.000,300.000,300.000,-1,-1,-1,-1,725.000,725.000,-1,-1,2,0,2,0,2,0,0,0,0,2,2,2,2,0,0,2,2
132,-7247.270,-1785.703,247.456,-124.233,-0.562796,0.826089,-0.028940,-0.826560,-0.562102,0.028972,0.007667,0.040226,0.999161,0,0.30201,0.52776,18.120,1.056,-1,375.000,-1,375.000,-1,325.000,325.000,300.000,300.000,-1,-1,-1,-1,725.000,725.000,-1,-1,2,0,2,0,2,0,0,0,0,2,2,2,2,0,0,2,2
133,-7254.512,-1796.882,247.701,-122.937,-0.543994,0.838588,-0.028995,-0.839044,-0.543282,0.029147,0.008690,0.040184,0.999155,0,0.22201,0.64776,13.320,1.296,-1,375.000,-1,375.000,-1,325.000,325.000,300.000,300.000,-1,-1,-1,-1,725.000,725.000,-1,-1,2,0,2,0,2,0,0,0,0,2,2,2,2,0,0,2,2
134,-7259.012,-1804.117,247.864,-121.882,-0.528470,0.848455,-0.029039,-0.848899,-0.527744,0.029278,0.009516,0.040123,0.999149,0,0.14201,0.52776,8.520,1.056,-1,375.000,-1,375.000,-1,325.000,325.000,300.000,300.000,-1,-1,-1,-1,725.000,700.000,-1,-1,2,0,2,0,2,0,0,0,0,2,2,2,2,0,0,2,2
135,-7260.932,-1807.304,247.946,-121.066,-0.516351,0.855884,-0.029048,-0.856317,-0.515617,0.029333,0.010128,0.040021,0.999148,0,0.06201,0.40776,3.720,0.816,-1,375.000,-1,375.000,-1,325.000,325.000,300.000,300.000,-1,-1,-1,-1,725.000,700.000,-1,-1,2,0,2,0,2,0,0,0,0,2,2,2,2,0,0,2,2
