timestep,x_cm,y_cm,z_cm,yaw_deg,basis_xx,basis_xy,basis_xz,basis_yx,basis_yy,basis_yz,basis_zx,basis_zy,basis_zz,teleport_flag,throttle_cmd,steering_cmd,cmd_move_cm,cmd_turn_deg,lidar_cm_0,lidar_cm_1,lidar_cm_2,lidar_cm_3,lidar_cm_4,lidar_cm_5,lidar_cm_6,lidar_cm_7,lidar_cm_8,lidar_cm_9,lidar_cm_10,lidar_cm_11,lidar_cm_12,lidar_cm_13,lidar_cm_14,lidar_cm_15,lidar_cm_16,lidar_class_0,lidar_class_1,lidar_class_2,lidar_class_3,lidar_class_4,lidar_class_5,lidar_class_6,lidar_class_7,lidar_class_8,lidar_class_9,lidar_class_10,lidar_class_11,lidar_class_12,lidar_class_13,lidar_class_14,lidar_class_15,lidar_class_16
0,7942.829,434.452,433.029,123.638,-0.554004,-0.831676,0.037356,0.832513,-0.553364,0.026655,-0.001497,0.045867,0.998946,1,0.08000,-0.12000,4.800,-0.240,-1,300.000,550.000,250.000,325.000,250.000,225.000,300.000,275.000,250.000,775.000,850.000,-1,475.000,350.000,725.000,300.000,2,1,1,1,1,1,1,1,0,1,1,1,2,1,1,1,1
1,7937.574,442.487,433.705,123.183,-0.547300,-0.836017,0.039208,0.836936,-0.546721,0.025168,0.000395,0.046589,0.998914,0,0.16000,-0.22759,9.600,-0.455,-1,300.000,550.000,250.000,325.000,250.000,225.000,325.000,275.000,250.000,775.000,850.000,-1,475.000,350.000,725.000,300.000,2,1,1,1,1,1,1,1,0,1,1,1,2,1,1,1,1
2,7929.788,454.600,434.578,122.730,-0.540536,-0.840311,0.041224,0.841314,-0.540088,0.022274,0.003547,0.046722,0.998902,0,0.24000,-0.22660,14.400,-0.453,-1,300.000,525.000,250.000,325.000,250.000,225.000,325.000,275.000,250.000,775.000,850.000,-1,475.000,325.000,700.000,300.000,2,1,1,1,1,1,1,1,0,1,1,1,2,1,1,1,1
3,7919.534,470.833,435.620,122.279,-0.533705,-0.844563,0.043275,0.845631,-0.533474,0.017698,0.008139,0.046040,0.998906,0,0.32000,-0.22551,19.200,-0.451,-1,300.000,525.000,250.000,325.000,225.000,225.000,350.000,275.000,250.000,775.000,850.000,-1,475.000,325.000,700.000,300.000,2,1,1,1,1,1,1,1,0,1,1,1,2,1,1,1,1
4,6887.283,-8855.078,319.110,122.357,-0.536023,-0.844118,0.012001,0.840179,-0.534801,-0.089925,0.082326,-0.038119,0.995876,1,0.00000,0.00000,24.000,-0.449,-1,400.000,-1,400.000,-1,325.000,325.000,300.000,325.000,-1,450.000,425.000,-1,775.000,-1,-1,-1,2,0,2,0,2,0,0,0,0,2,1,0,2,0,2,2,2
5,6884.731,-8851.013,319.499,122.117,-0.532464,-0.846366,0.012094,0.842428,-0.531270,-0.089822,0.082448,-0.037639,0.995884,0,0.08000,-0.12000,4.800,-0.240,-1,400.000,-1,400.000,-1,325.000,325.000,300.000,325.000,-1,450.000,425.000,-1,800.000,-1,-1,-1,2,0,2,0,2,0,0,0,0,2,1,0,2,0,2,2,2
6,6879.696,-8842.839,320.280,121.637,-0.525318,-0.850817,0.012277,0.846879,-0.524180,-0.089619,0.082685,-0.036681,0.995900,0,0.16000,-0.24000,9.600,-0.480,-1,400.000,-1,400.000,-1,325.000,325.000,300.000,325.000,-1,450.000,450.000,-1,800.000,-1,-1,-1,2,0,2,0,2,0,0,0,0,2,1,0,2,0,2,2,2
7,6872.267,-8830.503,321.458,121.058,-0.516648,-0.856106,0.012558,0.852169,-0.515582,-0.089342,0.082961,-0.035457,0.995922,0,0.24000,-0.28935,14.400,-0.579,-1,400.000,-1,400.000,-1,325.000,325.000,300.000,325.000,-1,475.000,475.000,-1,825.000,-1,-1,-1,2,0,2,0,2,0,0,0,0,2,1,0,2,0,2,2,2
8,6862.529,-8813.956,323.037,120.477,-0.507877,-0.861332,0.012930,0.857399,-0.506895,-0.089016,0.083227,-0.034123,0.995946,0,0.32000,-0.29062,19.200,-0.581,-1,400.000,-1,425.000,-1,325.000,325.000,300.000,325.000,-1,475.000,500.000,-1,850.000,-1,-1,-1,2,0,2,0,2,0,0,0,0,2,1,0,2,0,2,2,2
9,6850.569,-8793.148,325.026,119.892,-0.498996,-0.866501,0.013377,0.862575,-0.498103,-0.088645,0.083474,-0.032695,0.995973,0,0.40000,-0.29232,24.000,-0.585,-1,400.000,-1,425.000,-1,325.000,325.000,300.000,325.000,-1,500.000,525.000,-1,875.000,-1,-1,-1,2,0,2,0,2,0,0,0,0,2,1,0,2,0,2,2,2
10,6836.473,-8768.033,327.431,119.303,-0.489992,-0.871617,0.013873,0.867700,-0.489194,-0.088235,0.083694,-0.031197,0.996003,0,0.48000,-0.29445,28.800,-0.589,-1,400.000,-1,425.000,-1,325.000,325.000,300.000,325.000,-1,525.000,550.000,-1,900.000,-1,-1,-1,2,0,2,0,2,0,0,0,0,2,1,0,2,0,2,2,2
11,6820.333,-8738.564,330.255,118.709,-0.480852,-0.876683,0.014402,0.872782,-0.480154,-0.087766,0.083858,-0.029633,0.996037,0,0.56000,-0.29701,33.600,-0.594,-1,400.000,-1,425.000,-1,325.000,325.000,300.000,325.000,-1,575.000,600.000,-1,925.000,-1,-1,-1,2,0,2,0,2,0,0,0,0,2,1,1,2,0,2,2,2
12,6802.241,-8704.693,333.502,118.109,-0.471565,-0.881705,0.014945,0.877827,-0.470970,-0.087218,0.083939,-0.028010,0.996077,0,0.64000,-0.30000,38.400,-0.600,-1,400.000,-1,450.000,-1,325.000,325.000,300.000,325.000,-1,600.000,650.000,-1,975.000,-1,-1,-1,2,0,2,0,2,0,0,0,0,2,1,1,2,0,2,2,2
13,6782.292,-8666.374,337.146,117.502,-0.462109,-0.886686,0.015619,0.882835,-0.461628,-0.086617,0.084012,-0.026237,0.996119,0,0.72000,-0.30341,43.200,-0.607,-1,400.000,-1,450.000,-1,325.000,350.000,300.000,325.000,-1,650.000,675.000,-1,1000.000,-1,-1,-1,2,0,2,0,2,0,0,0,0,2,1,1,2,0,2,2,2
14,6760.585,-8623.563,341.185,116.888,-0.452467,-0.891629,0.016447,0.887808,-0.452114,-0.085966,0.084086,-0.024296,0.996162,0,0.80000,-0.30725,48.000,-0.614,-1,425.000,-1,475.000,-1,350.000,350.000,300.000,325.000,-1,700.000,725.000,-1,-1,-1,-1,-1,2,0,2,0,2,0,0,0,0,2,1,1,2,2,2,2,2
15,6737.725,-8576.896,345.163,116.098,-0.439920,-0.897854,0.018114,0.894205,-0.439815,-0.083428,0.082873,-0.020504,0.996349,0,0.86609,-0.39499,51.965,-0.790,-1,425.000,-1,475.000,-1,350.000,350.000,300.000,300.000,-1,750.000,775.000,-1,-1,-1,-1,-1,2,0,2,0,2,0,0,0,0,2,1,1,2,2,2,2,2
16,6715.407,-8529.719,348.718,115.317,-0.427343,-0.903852,0.020739,0.900527,-0.427581,-0.078896,0.080178,-0.015040,0.996667,0,0.86984,-0.39037,52.191,-0.781,-1,425.000,-1,475.000,-1,350.000,375.000,300.000,300.000,-1,825.000,825.000,-1,-1,-1,-1,-1,2,0,2,0,2,0,0,0,0,2,1,1,2,2,2,2,2
17,6693.632,-8482.039,352.304,114.546,-0.414851,-0.909588,0.023422,0.906597,-0.415401,-0.074327,0.077337,-0.009601,0.996959,0,0.87362,-0.38573,52.417,-0.771,-1,450.000,-1,475.000,-1,350.000,375.000,300.000,300.000,-1,900.000,900.000,-1,-1,-1,-1,-1,2,0,2,0,2,0,0,0,0,2,1,1,2,2,2,2,2
18,6672.401,-8433.866,355.853,113.784,-0.402465,-0.915066,0.026002,0.912393,-0.403280,-0.070029,0.074567,-0.004460,0.997206,0,0.87741,-0.38108,52.645,-0.762,-1,450.000,-1,475.000,-1,375.000,375.000,300.000,275.000,-1,975.000,975.000,-1,-1,-1,-1,-1,2,0,2,0,2,0,0,0,0,2,1,1,2,2,2,2,2
19,6651.716,-8385.209,359.182,113.031,-0.390247,-0.920295,0.027657,0.917925,-0.391226,-0.065996,0.071556,-0.000368,0.997437,0,0.88121,-0.37640,52.873,-0.753,-1,475.000,-1,475.000,-1,375.000,375.000,300.000,275.000,-1,-1,-1,-1,-1,-1,-1,-1,2,0,2,0,2,0,0,0,0,2,2,2,2,2,2,2,2
20,6631.577,-8336.075,361.650,112.287,-0.378435,-0.925293,0.024889,0.923304,-0.379252,-0.060640,0.065549,0.000031,0.997849,0,0.88503,-0.37171,53.102,-0.743,-1,450.000,-1,475.000,-1,375.000,375.000,300.000,275.000,-1,-1,-1,-1,-1,-1,-1,-1,2,0,2,0,2,0,0,0,0,2,2,2,2,2,2,2,2
21,6612.216,-8287.628,364.090,111.784,-0.370441,-0.928590,0.022232,0.926945,-0.371108,-0.055241,0.059547,0.000144,0.998226,0,0.86955,-0.25171,52.173,-0.503,-1,450.000,-1,450.000,-1,350.000,350.000,300.000,300.000,-1,-1,-1,-1,-1,-1,-1,-1,2,0,2,0,2,0,0,0,0,2,2,2,2,2,2,2,2
22,6592.995,-8238.884,366.537,111.521,-0.366316,-0.930286,0.019495,0.928958,-0.366835,-0.049686,0.053373,-0.000091,0.998575,0,0.87330,-0.13171,52.398,-0.263,-1,450.000,-1,450.000,-1,350.000,350.000,300.000,300.000,-1,-1,-1,-1,-1,-1,-1,-1,2,0,2,0,2,0,0,0,0,2,2,2,2,2,2,2,2
23,6573.711,-8189.922,368.989,111.497,-0.366078,-0.930436,0.016620,0.929395,-0.366454,-0.044006,0.047035,-0.000664,0.998893,0,0.87706,-0.01171,52.624,-0.023,-1,425.000,-1,450.000,-1,350.000,350.000,275.000,300.000,-1,-1,-1,-1,-1,-1,-1,-1,2,0,2,0,2,0,0,0,0,2,2,2,2,2,2,2,2
24,6554.161,-8140.830,371.465,111.714,-0.369720,-0.929043,0.013642,0.928256,-0.369968,-0.038266,0.040598,-0.001485,0.999174,0,0.88070,0.10829,52.842,0.217,-1,425.000,-1,450.000,-1,350.000,350.000,275.000,300.000,-1,-1,-1,-1,-1,-1,-1,-1,2,0,2,0,2,0,0,0,0,2,2,2,2,2,2,2,2
25,6534.221,-8091.895,373.945,112.170,-0.377220,-0.926064,0.010538,0.925495,-0.377359,-0.032534,0.034105,-0.002519,0.999415,0,0.88070,0.22829,52.842,0.457,-1,425.000,-1,450.000,-1,350.000,350.000,275.000,300.000,-1,-1,-1,-1,1000.000,-1,-1,-1,2,0,2,0,2,0,0,0,0,2,2,2,2,0,2,2,2
26,6513.687,-8043.207,376.408,112.867,-0.388536,-0.921404,0.007342,0.921020,-0.388588,-0.026874,0.027615,-0.003679,0.999612,0,0.88070,0.34829,52.842,0.697,-1,425.000,-1,450.000,-1,350.000,350.000,275.000,300.000,-1,-1,-1,-1,975.000,-1,-1,-1,2,0,2,0,2,0,0,0,0,2,2,2,2,0,2,2,2
27,6492.361,-7994.860,378.658,113.803,-0.403589,-0.914927,0.004873,0.914683,-0.403596,-0.021558,0.021691,-0.004244,0.999756,0,0.88070,0.46829,52.842,0.937,-1,425.000,-1,450.000,-1,350.000,350.000,275.000,325.000,-1,-1,-1,-1,925.000,-1,-1,-1,2,0,2,0,2,0,0,0,0,2,2,2,2,0,2,2,2
28,6470.045,-7946.962,380.023,114.980,-0.422260,-0.906454,0.006160,0.906290,-0.422301,-0.017318,0.018299,-0.001730,0.999831,0,0.88070,0.58829,52.842,1.177,-1,425.000,-1,450.000,-1,350.000,350.000,275.000,300.000,-1,-1,-1,-1,925.000,-1,-1,-1,2,0,2,0,2,0,0,0,0,2,2,2,2,0,2,2,2
29,6446.502,-7898.512,380.913,115.917,-0.436990,-0.899428,0.008315,0.899368,-0.437060,-0.010758,0.013310,0.002777,0.999908,0,0.89779,0.46829,53.868,0.937,-1,425.000,-1,450.000,-1,350.000,350.000,300.000,300.000,-1,-1,-1,-1,900.000,-1,-1,-1,2,0,2,0,2,0,0,0,0,2,2,2,2,0,2,2,2
30,6422.371,-7850.352,381.722,116.613,-0.447894,-0.894026,0.010439,0.894050,-0.447951,-0.003800,0.008073,0.007631,0.999938,0,0.89779,0.34829,53.868,0.697,-1,425.000,-1,450.000,-1,350.000,350.000,300.000,300.000,-1,-1,-1,-1,900.000,1000.000,-1,-1,2,0,2,0,2,0,0,0,0,2,2,2,2,0,0,2,2
31,6397.857,-7802.385,382.512,117.070,-0.455041,-0.890383,0.012485,0.890466,-0.455038,0.003260,0.002778,0.012601,0.999917,0,0.89779,0.22829,53.868,0.457,-1,425.000,-1,425.000,-1,350.000,350.000,300.000,275.000,-1,-1,-1,-1,875.000,950.000,-1,-1,2,0,2,0,2,0,0,0,0,2,2,2,2,0,0,2,2
32,6373.162,-7754.512,382.579,117.286,-0.458441,-0.888629,0.013062,0.888725,-0.458386,0.007085,-0.000309,0.014857,0.999890,0,0.89779,0.10829,53.868,0.217,-1,425.000,-1,425.000,-1,350.000,350.000,300.000,275.000,-1,-1,-1,-1,850.000,925.000,-1,-1,2,0,2,0,2,0,0,0,0,2,2,2,2,0,0,2,2
33,6348.486,-7706.628,382.382,117.263,-0.458112,-0.888797,0.013179,0.888890,-0.458013,0.009909,-0.002771,0.016254,0.999864,0,0.89779,-0.01171,53.868,-0.023,-1,425.000,-1,425.000,-1,350.000,350.000,300.000,275.000,-1,-1,-1,-1,850.000,925.000,-1,-1,2,0,2,0,2,0,0,0,0,2,2,2,2,0,0,2,2
34,6324.031,-7658.632,381.737,116.999,-0.454065,-0.890897,0.011298,0.890944,-0.453923,0.013102,-0.006544,0.016015,0.999850,0,0.89779,-0.13171,53.868,-0.263,-1,425.000,-1,425.000,-1,350.000,350.000,300.000,300.000,-1,-1,-1,-1,825.000,900.000,-1,-1,2,0,2,0,2,0,0,0,0,2,2,2,2,0,0,2,2
35,6299.959,-7610.442,381.007,116.544,-0.446999,-0.894485,0.009448,0.894477,-0.446825,0.016066,-0.010149,0.015632,0.999826,0,0.89779,-0.22788,53.868,-0.456,-1,400.000,-1,425.000,-1,325.000,350.000,300.000,300.000,-1,-1,-1,-1,800.000,875.000,-1,-1,2,0,2,0,2,0,0,0,0,2,2,2,2,0,0,2,2
36,6276.271,-7562.062,380.251,116.088,-0.439897,-0.898015,0.007759,0.897943,-0.439698,0.019072,-0.013715,0.015357,0.999788,0,0.89779,-0.22788,53.868,-0.456,-1,400.000,-1,425.000,-1,325.000,325.000,300.000,300.000,-1,-1,-1,-1,800.000,850.000,-1,-1,2,0,2,0,2,0,0,0,0,2,2,2,2,0,0,2,2
37,6252.968,-7513.495,379.471,115.632,-0.432763,-0.901486,0.006230,0.901343,-0.432542,0.022115,-0.017242,0.015186,0.999736,0,0.89779,-0.22788,53.868,-0.456,-1,400.000,-1,425.000,-1,325.000,325.000,300.000,300.000,-1,-1,-1,-1,775.000,825.000,-1,-1,2,0,2,0,2,0,0,0,0,2,2,2,2,0,0,2,2
38,6230.053,-7464.745,378.667,115.176,-0.425598,-0.904899,0.004859,0.904675,-0.425358,0.025191,-0.020729,0.015117,0.999671,0,0.89779,-0.22788,53.868,-0.456,-1,400.000,-1,400.000,-1,325.000,325.000,300.000,300.000,-1,-1,-1,-1,750.000,825.000,-1,-1,2,0,2,0,2,0,0,0,0,2,2,2,2,0,0,2,2
39,6207.526,-7415.813,377.839,114.721,-0.418404,-0.908254,0.003644,0.907939,-0.418146,0.028298,-0.024178,0.015148,0.999593,0,0.89779,-0.22788,53.868,-0.456,-1,400.000,-1,400.000,-1,325.000,325.000,300.000,300.000,-1,-1,-1,-1,750.000,800.000,-1,-1,2,0,2,0,2,0,0,0,0,2,2,2,2,0,0,2,2
40,6185.389,-7366.704,376.987,114.265,-0.411183,-0.911549,0.002583,0.911135,-0.410907,0.031430,-0.027588,0.015277,0.999503,0,0.89779,-0.22788,53.868,-0.456,-1,375.000,-1,400.000,-1,325.000,325.000,300.000,300.000,-1,-1,-1,-1,725.000,775.000,-1,-1,2,0,2,0,2,0,0,0,0,2,2,2,2,0,0,2,2
41,6163.643,-7317.421,375.757,113.809,-0.403970,-0.914766,0.003290,0.914283,-0.403633,0.034157,-0.029918,0.016807,0.999411,0,0.89779,-0.22788,53.868,-0.456,-1,375.000,-1,400.000,-1,325.000,325.000,300.000,300.000,-1,-1,-1,-1,725.000,775.000,-1,-1,2,0,2,0,2,0,0,0,0,2,2,2,2,0,0,2,2
42,6142.289,-7267.966,374.382,113.353,-0.396750,-0.917914,0.004794,0.917383,-0.396329,0.036487,-0.031592,0.018874,0.999323,0,0.89779,-0.22788,53.868,-0.456,-1,375.000,-1,400.000,-1,325.000,325.000,300.000,300.000,-1,-1,-1,-1,700.000,750.000,-1,-1,2,0,2,0,2,0,0,0,0,2,2,2,2,0,0,2,2
43,6121.330,-7218.343,373.157,112.898,-0.389491,-0.921011,0.006050,0.920450,-0.389004,0.038048,-0.032689,0.020388,0.999258,0,0.89779,-0.22788,53.868,-0.456,-1,375.000,-1,400.000,-1,325.000,325.000,300.000,300.000,-1,-1,-1,-1,700.000,725.000,-1,-1,2,0,2,0,2,0,0,0,0,2,2,2,2,0,0,2,2
44,6100.766,-7168.555,371.961,112.442,-0.382206,-0.924048,0.007320,0.923467,-0.381654,0.039355,-0.033573,0.021801,0.999198,0,0.89779,-0.22788,53.868,-0.456,-1,375.000,-1,375.000,-1,325.000,325.000,300.000,300.000,-1,-1,-1,-1,700.000,725.000,-1,-1,2,0,2,0,2,0,0,0,0,2,2,2,2,0,0,2,2
45,6080.599,-7118.605,370.514,111.986,-0.374866,-0.927044,0.008115,0.926469,-0.374287,0.039562,-0.033639,0.022348,0.999184,0,0.89779,-0.22788,53.868,-0.456,-1,375.000,-1,375.000,-1,325.000,325.000,300.000,300.000,-1,-1,-1,-1,700.000,725.000,-1,-1,2,0,2,0,2,0,0,0,0,2,2,2,2,0,0,2,2
46,6060.830,-7068.496,368.850,111.530,-0.367473,-0.929995,0.008496,0.929449,-0.366902,0.038824,-0.032989,0.022163,0.999210,0,0.89779,-0.22788,53.868,-0.456,-1,375.000,-1,400.000,-1,325.000,325.000,300.000,300.000,-1,-1,-1,-1,700.000,725.000,-1,-1,2,0,2,0,2,0,0,0,0,2,2,2,2,0,0,2,2
47,6041.460,-7018.232,367.175,111.074,-0.360060,-0.932886,0.008964,0.932369,-0.359494,0.038112,-0.032332,0.022080,0.999233,0,0.89779,-0.22788,53.868,-0.456,-1,375.000,-1,400.000,-1,325.000,325.000,300.000,300.000,-1,-1,-1,-1,700.000,725.000,-1,-1,2,0,2,0,2,0,0,0,0,2,2,2,2,0,0,2,2
48,6023.989,-6972.380,365.646,110.859,-0.356543,-0.934231,0.009439,0.933742,-0.355977,0.037486,-0.031660,0.022178,0.999253,0,0.81779,-0.10788,49.068,-0.216,-1,375.000,-1,400.000,-1,325.000,325.000,300.000,300.000,-1,-1,-1,-1,700.000,725.000,-1,-1,2,0,2,0,2,0,0,0,0,2,2,2,2,0,0,2,2
49,6007.724,-6929.750,364.224,110.883,-0.356939,-0.934075,0.009924,0.933615,-0.356371,0.036920,-0.030949,0.022444,0.999269,0,0.76046,0.01212,45.627,0.024,-1,375.000,-1,400.000,-1,325.000,325.000,300.000,300.000,-1,-1,-1,-1,700.000,700.000,-1,-1,2,0,2,0,2,0,0,0,0,2,2,2,2,0,0,2,2
50,5991.257,-6887.179,362.806,111.147,-0.361245,-0.932412,0.010458,0.931984,-0.360671,0.036371,-0.030141,0.022886,0.999284,0,0.76075,0.13212,45.645,0.264,-1,400.000,-1,400.000,-1,325.000,325.000,300.000,300.000,-1,-1,-1,-1,700.000,700.000,-1,-1,2,0,2,0,2,0,0,0,0,2,2,2,2,0,0,2,2
51,5974.382,-6844.663,361.392,111.648,-0.369388,-0.929210,0.011049,0.928816,-0.368805,0.035840,-0.029228,0.023502,0.999296,0,0.76237,0.25050,45.742,0.501,-1,375.000,-1,375.000,-1,325.000,325.000,300.000,300.000,-1,-1,-1,-1,700.000,700.000,-1,-1,2,0,2,0,2,0,0,0,0,2,2,2,2,0,0,2,2
52,5957.105,-6802.212,359.976,112.145,-0.377440,-0.925960,0.011710,0.925602,-0.376847,0.035332,-0.028303,0.024174,0.999307,0,0.76387,0.24855,45.832,0.497,-1,375.000,-1,375.000,-1,325.000,325.000,300.000,300.000,-1,-1,-1,-1,700.000,700.000,-1,-1,2,0,2,0,2,0,0,0,0,2,2,2,2,0,0,2,2
53,5939.432,-6759.834,358.623,112.638,-0.385403,-0.922660,0.012771,0.922349,-0.384792,0.034753,-0.027151,0.025173,0.999314,0,0.76525,0.24654,45.915,0.493,-1,375.000,-1,375.000,-1,325.000,325.000,300.000,300.000,-1,-1,-1,-1,725.000,700.000,-1,-1,2,0,2,0,2,0,0,0,0,2,2,2,2,0,0,2,2
54,5921.368,-6717.541,357.332,113.127,-0.393273,-0.919312,0.014218,0.919060,-0.392638,0.034120,-0.025784,0.026486,0.999317,0,0.76650,0.24447,45.990,0.489,-1,375.000,-1,375.000,-1,325.000,325.000,300.000,300.000,-1,-1,-1,-1,725.000,725.000,-1,-1,2,0,2,0,2,0,0,0,0,2,2,2,2,0,0,2,2
55,5902.919,-6675.339,356.094,113.612,-0.401043,-0.915927,0.015537,0.915731,-0.400387,0.033582,-0.024538,0.027696,0.999315,0,0.76762,0.24233,46.057,0.485,-1,375.000,-1,375.000,-1,325.000,325.000,300.000,300.000,-1,-1,-1,-1,725.000,725.000,-1,-1,2,0,2,0,2,0,0,0,0,2,2,2,2,0,0,2,2
56,5883.943,-6632.958,354.939,114.120,-0.409153,-0.912315,0.016579,0.912163,-0.408482,0.033175,-0.023494,0.028696,0.999312,0,0.77393,0.25404,46.436,0.508,-1,375.000,-1,375.000,-1,325.000,325.000,300.000,300.000,-1,-1,-1,-1,725.000,725.000,-1,-1,2,0,2,0,2,0,0,0,0,2,2,2,2,0,0,2,2
57,5864.508,-6590.564,354.062,114.629,-0.417210,-0.908652,0.016943,0.908542,-0.416562,0.032052,-0.022067,0.028765,0.999343,0,0.77727,0.25425,46.636,0.509,-1,400.000,-1,375.000,-1,325.000,325.000,300.000,300.000,-1,-1,-1,-1,750.000,725.000,-1,-1,2,0,2,0,2,0,0,0,0,2,2,2,2,0,0,2,2
58,5844.612,-6548.163,353.254,115.137,-0.425238,-0.904919,0.017130,0.904843,-0.424616,0.030987,-0.020767,0.028677,0.999373,0,0.78062,0.25442,46.837,0.509,-1,400.000,-1,400.000,-1,325.000,325.000,300.000,300.000,-1,-1,775.000,-1,750.000,750.000,-1,-1,2,0,2,0,2,0,0,0,0,2,2,0,2,0,0,2,2
59,5824.252,-6505.758,352.441,115.647,-0.433241,-0.901110,0.017423,0.901067,-0.432639,0.030038,-0.019530,0.028713,0.999397,0,0.78400,0.25455,47.040,0.509,-1,400.000,-1,400.000,-1,325.000,325.000,300.000,300.000,-1,-1,750.000,-1,750.000,750.000,-1,-1,2,0,2,0,2,0,0,0,0,2,2,0,2,0,0,2,2
60,5803.426,-6463.352,351.625,116.156,-0.441215,-0.897225,0.017825,0.897214,-0.440629,0.029219,-0.018362,0.028884,0.999414,0,0.78739,0.25462,47.243,0.509,-1,400.000,1000.000,400.000,-1,325.000,325.000,300.000,300.000,-1,800.000,750.000,-1,775.000,750.000,-1,-1,2,0,1,0,2,0,0,0,0,2,0,0,2,0,0,2,2
61,5782.133,-6420.950,350.799,116.665,-0.449157,-0.893265,0.018325,0.893286,-0.448583,0.028515,-0.017251,0.029177,0.999425,0,0.79080,0.25464,47.448,0.509,-1,400.000,950.000,400.000,-1,325.000,325.000,300.000,300.000,-1,800.000,750.000,-1,775.000,750.000,-1,-1,2,0,1,0,2,0,0,0,0,2,0,0,2,0,0,2,2
62,5760.369,-6378.557,349.950,117.174,-0.457064,-0.889234,0.018859,0.889286,-0.456499,0.027921,-0.016219,0.029533,0.999432,0,0.79423,0.25461,47.654,0.509,-1,400.000,900.000,400.000,-1,325.000,325.000,300.000,300.000,-1,800.000,750.000,-1,775.000,775.000,-1,-1,2,0,1,0,2,0,0,0,0,2,0,0,2,0,0,2,2
63,5738.134,-6336.175,349.062,117.683,-0.464935,-0.885133,0.019354,0.885213,-0.464376,0.027453,-0.015312,0.029896,0.999436,0,0.79768,0.25452,47.861,0.509,-1,400.000,850.000,400.000,-1,325.000,325.000,300.000,300.000,-1,800.000,750.000,-1,775.000,750.000,1000.000,-1,2,0,1,0,2,0,0,0,0,2,0,0,2,1,1,1,2
64,5715.425,-6293.809,348.141,118.192,-0.472766,-0.880965,0.019838,0.881069,-0.472211,0.027108,-0.014513,0.030294,0.999436,0,0.80114,0.25437,48.069,0.509,-1,400.000,800.000,400.000,-1,325.000,325.000,300.000,300.000,-1,800.000,775.000,-1,750.000,700.000,950.000,-1,2,0,1,0,2,0,0,0,0,2,0,0,2,1,1,1,2
65,5692.240,-6251.463,347.186,118.700,-0.480556,-0.876729,0.020309,0.876855,-0.480002,0.026887,-0.013824,0.030728,0.999432,0,0.80462,0.25416,48.277,0.508,-1,400.000,750.000,400.000,-1,325.000,325.000,300.000,300.000,-1,800.000,775.000,-1,700.000,650.000,900.000,-1,2,0,1,1,2,0,0,0,0,2,0,0,2,1,1,1,2
66,5668.579,-6209.141,346.197,119.208,-0.488301,-0.872428,0.020761,0.872574,-0.487746,0.026793,-0.013249,0.031198,0.999425,0,0.80812,0.25389,48.487,0.508,-1,400.000,725.000,400.000,-1,325.000,325.000,300.000,300.000,-1,825.000,800.000,-1,650.000,600.000,850.000,1000.000,2,0,1,1,2,0,0,0,0,2,0,0,2,1,1,1,1
67,5644.440,-6166.847,345.216,119.715,-0.496006,-0.868059,0.021274,0.868223,-0.495437,0.027038,-0.012931,0.031882,0.999408,0,0.81163,0.25354,48.698,0.507,-1,400.000,675.000,375.000,-1,325.000,325.000,275.000,275.000,-1,850.000,825.000,-1,625.000,550.000,800.000,900.000,2,0,1,1,2,0,0,0,0,2,0,0,2,1,1,1,1
68,5619.822,-6124.586,344.291,120.221,-0.503672,-0.863616,0.021930,0.863797,-0.503070,0.027862,-0.013030,0.032976,0.999371,0,0.81515,0.25313,48.909,0.506,-1,400.000,625.000,375.000,-1,325.000,325.000,275.000,275.000,-1,925.000,875.000,-1,575.000,500.000,750.000,775.000,2,0,1,1,2,0,1,0,0,2,0,0,2,1,1,1,1
69,5592.185,-6078.533,343.262,120.968,-0.514899,-0.856954,0.022542,0.857148,-0.514253,0.028996,-0.013256,0.034252,0.999325,0,0.89515,0.37313,53.709,0.746,975.000,400.000,550.000,350.000,-1,325.000,300.000,275.000,275.000,-1,1000.000,925.000,-1,525.000,450.000,700.000,675.000,1,0,1,1,2,0,1,0,0,2,0,0,2,1,1,1,1
70,5561.220,-6028.890,342.361,121.954,-0.529608,-0.847957,0.021997,0.848121,-0.528916,0.030647,-0.014353,0.034887,0.999288,0,0.97515,0.49313,58.509,0.986,900.000,400.000,500.000,300.000,-1,300.000,275.000,275.000,275.000,-1,-1,-1,-1,475.000,400.000,650.000,550.000,1,1,1,1,2,1,1,0,0,2,2,2,2,1,1,1,1
71,5528.384,-5978.673,341.555,123.180,-0.547653,-0.836435,0.021267,0.836572,-0.546935,0.031765,-0.014938,0.035188,0.999269,0,1.00000,0.61313,60.000,1.226,850.000,350.000,450.000,275.000,-1,275.000,250.000,275.000,275.000,-1,-1,-1,-1,425.000,350.000,600.000,425.000,1,1,1,1,2,1,1,0,0,2,2,2,2,1,1,1,1
72,5494.452,-5929.190,342.059,124.441,-0.565811,-0.824322,0.018757,0.824454,-0.565290,0.026863,-0.011541,0.030664,0.999463,0,1.00000,0.63036,60.000,1.261,800.000,325.000,375.000,250.000,625.000,250.000,225.000,275.000,300.000,-1,-1,-1,-1,400.000,300.000,550.000,350.000,1,1,1,1,1,1,1,0,0,2,2,2,2,1,1,1,1
73,5459.444,-5880.462,343.934,125.697,-0.583565,-0.811932,0.014790,0.812057,-0.583372,0.015531,-0.003982,0.021073,0.999770,0,1.00000,0.62814,60.000,1.256,750.000,300.000,350.000,225.000,450.000,225.000,200.000,275.000,325.000,-1,900.000,975.000,-1,350.000,275.000,525.000,300.000,1,1,1,1,1,1,1,0,0,2,0,0,2,1,1,1,1
74,5423.380,-5832.510,347.188,126.948,-0.601037,-0.799162,0.009775,0.799183,-0.601082,-0.002378,0.007776,0.006383,0.999949,0,1.00000,0.62557,60.000,1.251,700.000,250.000,300.000,200.000,350.000,200.000,175.000,275.000,350.000,-1,500.000,625.000,-1,300.000,225.000,475.000,250.000,1,1,1,1,1,1,1,0,0,2,0,0,2,1,1,1,1
75,5386.280,-5785.354,351.806,128.194,-0.618397,-0.785855,0.004104,0.785505,-0.618264,-0.027054,0.023798,-0.013506,0.999626,0,1.00000,0.62260,60.000,1.245,650.000,225.000,275.000,175.000,275.000,200.000,150.000,250.000,400.000,-1,300.000,450.000,-1,275.000,200.000,425.000,200.000,1,1,1,1,1,1,1,0,0,2,0,0,2,1,1,1,1
76,5348.166,-5739.013,357.769,129.432,-0.635863,-0.771800,-0.001840,0.770541,-0.634685,-0.058670,0.044114,-0.038724,0.998276,0,1.00000,0.61920,60.000,1.238,600.000,200.000,225.000,150.000,250.000,175.000,150.000,250.000,475.000,600.000,175.000,325.000,-1,250.000,175.000,400.000,175.000,1,1,1,1,1,1,1,0,0,0,0,0,2,1,1,1,1
77,5575.429,-6231.354,349.024,-64.940,0.424018,0.905351,0.023430,-0.905499,0.423325,0.029464,0.016757,-0.033709,0.999291,1,0.00000,0.00000,60.000,1.231,-1,375.000,-1,400.000,-1,325.000,325.000,300.000,300.000,-1,425.000,475.000,-1,725.000,750.000,-1,-1,2,0,2,0,2,0,0,0,0,2,1,1,2,0,0,2,2
78,5577.480,-6235.693,349.113,-64.700,0.427804,0.903568,0.023432,-0.903719,0.427113,0.029425,0.016580,-0.033764,0.999292,0,0.08000,0.12000,4.800,0.240,-1,375.000,-1,400.000,-1,325.000,325.000,300.000,300.000,-1,425.000,475.000,-1,725.000,750.000,-1,-1,2,0,2,0,2,0,0,0,0,2,1,1,2,0,0,2,2
79,5581.656,-6244.338,349.286,-64.220,0.435353,0.899955,0.023432,-0.900114,0.434666,0.029346,0.016225,-0.033867,0.999295,0,0.16000,0.24000,9.600,0.480,-1,375.000,-1,400.000,-1,325.000,325.000,300.000,300.000,-1,450.000,500.000,-1,725.000,750.000,-1,-1,2,0,2,0,2,0,0,0,0,2,1,1,2,0,0,2,2
80,5588.076,-6257.227,349.540,-63.522,0.446281,0.894586,0.023418,-0.894755,0.445600,0.029221,0.015706,-0.033994,0.999299,0,0.24000,0.34917,14.400,0.698,-1,375.000,-1,400.000,-1,325.000,325.000,300.000,300.000,-1,475.000,525.000,-1,700.000,750.000,-1,-1,2,0,2,0,2,0,0,0,0,2,1,1,2,0,0,2,2
81,5596.846,-6274.307,349.875,-62.821,0.457181,0.889067,0.023347,-0.889244,0.456509,0.029046,0.015166,-0.034040,0.999305,0,0.32000,0.35045,19.200,0.701,-1,375.000,-1,400.000,-1,325.000,325.000,300.000,300.000,-1,475.000,525.000,-1,700.000,750.000,-1,-1,2,0,2,0,2,0,0,0,0,2,1,1,2,0,0,2,2
82,5608.158,-6295.474,350.272,-61.880,0.471706,0.881450,0.023243,-0.881638,0.471046,0.028824,0.014459,-0.034088,0.999314,0,0.40000,0.47045,24.000,0.941,-1,375.000,-1,400.000,-1,325.000,325.000,300.000,300.000,-1,525.000,575.000,-1,700.000,725.000,-1,-1,2,0,2,0,2,0,0,0,0,2,1,1,2,0,0,2,2
83,5622.148,-6320.647,350.728,-60.936,0.486145,0.873574,0.023053,-0.873770,0.485501,0.028552,0.013750,-0.034023,0.999326,0,0.48000,0.47185,28.800,0.944,-1,375.000,-1,375.000,-1,325.000,325.000,300.000,300.000,-1,550.000,600.000,-1,700.000,725.000,-1,-1,2,0,2,0,2,0,0,0,0,2,1,1,2,0,0,2,2
84,5638.949,-6349.745,351.325,-59.998,0.500385,0.865500,0.022919,-0.865700,0.499743,0.028643,0.013337,-0.034173,0.999327,0,0.56000,0.46929,33.600,0.939,-1,375.000,-1,375.000,-1,325.000,325.000,300.000,300.000,-1,575.000,650.000,-1,700.000,725.000,-1,-1,2,0,2,0,2,0,0,0,0,2,1,1,2,0,0,2,2
85,5658.690,-6382.683,352.030,-59.065,0.514410,0.857242,0.022761,-0.857442,0.513759,0.029065,0.013222,-0.034467,0.999318,0,0.64000,0.46631,38.400,0.933,-1,375.000,-1,375.000,-1,325.000,325.000,300.000,300.000,-1,625.000,700.000,-1,700.000,725.000,-1,-1,2,0,2,0,2,0,0,0,0,2,1,1,2,0,0,2,2
86,5681.493,-6419.374,352.719,-58.139,0.528201,0.848829,0.022214,-0.849014,0.527542,0.029576,0.013386,-0.034482,0.999316,0,0.72000,0.46291,43.200,0.926,-1,375.000,-1,375.000,-1,325.000,325.000,300.000,300.000,-1,675.000,750.000,-1,700.000,725.000,-1,-1,2,0,2,0,2,0,0,0,0,2,1,1,2,0,0,2,2
87,5706.052,-6457.513,353.405,-57.221,0.541743,0.840266,0.021621,-0.840434,0.541076,0.030122,0.013612,-0.034489,0.999312,0,0.75605,0.45908,45.363,0.918,-1,375.000,-1,375.000,-1,325.000,325.000,300.000,300.000,-1,725.000,800.000,-1,700.000,725.000,-1,-1,2,0,2,0,2,0,0,0,0,2,1,1,2,0,0,2,2
88,5731.324,-6495.423,354.057,-56.311,0.555031,0.831564,0.021017,-0.831714,0.554355,0.030702,0.013880,-0.034521,0.999308,0,0.75934,0.45507,45.561,0.910,-1,375.000,-1,375.000,-1,325.000,325.000,300.000,300.000,-1,775.000,850.000,-1,700.000,725.000,-1,-1,2,0,2,0,2,0,0,0,0,2,1,1,2,0,0,2,2
89,5757.302,-6533.092,354.686,-55.409,0.568064,0.822731,0.020418,-0.822861,0.567376,0.031368,0.014222,-0.034620,0.999299,0,0.76264,0.45105,45.758,0.902,-1,375.000,-1,375.000,-1,325.000,325.000,300.000,300.000,-1,825.000,925.000,-1,700.000,725.000,-1,-1,2,0,2,0,2,0,0,0,0,2,1,1,2,0,0,2,2
90,5783.979,-6570.512,355.291,-54.515,0.580845,0.813773,0.019823,-0.813883,0.580140,0.032127,0.014644,-0.034794,0.999287,0,0.76594,0.44701,45.956,0.894,-1,375.000,-1,375.000,-1,325.000,325.000,300.000,300.000,-1,875.000,975.000,-1,700.000,725.000,-1,-1,2,0,2,0,2,0,0,0,0,2,1,1,2,0,0,2,2
91,5811.349,-6607.676,355.873,-53.629,0.593372,0.804699,0.019227,-0.804786,0.592648,0.032984,0.015147,-0.035045,0.999271,0,0.76924,0.44296,46.154,0.886,-1,375.000,-1,375.000,-1,325.000,325.000,300.000,300.000,-1,950.000,-1,-1,700.000,725.000,-1,-1,2,0,2,0,2,0,0,0,0,2,1,2,2,0,0,2,2
92,5839.405,-6644.573,356.563,-52.751,0.605648,0.795531,0.017928,-0.795568,0.604911,0.033960,0.016172,-0.034831,0.999262,0,0.77254,0.43891,46.352,0.878,-1,375.000,-1,375.000,-1,325.000,325.000,300.000,300.000,-1,1000.000,-1,-1,700.000,750.000,-1,-1,2,0,2,0,2,0,0,0,0,2,1,2,2,0,0,2,2
93,5868.140,-6681.196,357.422,-51.881,0.617657,0.786282,0.016135,-0.786262,0.616936,0.034374,0.017074,-0.033917,0.999279,0,0.77584,0.43484,46.550,0.870,-1,375.000,-1,375.000,-1,325.000,325.000,300.000,300.000,-1,-1,-1,-1,700.000,750.000,-1,-1,2,0,2,0,2,0,0,0,0,2,2,2,2,0,0,2,2
94,5897.546,-6717.536,358.283,-51.020,0.629409,0.776942,0.014343,-0.776867,0.628708,0.034696,0.017939,-0.032981,0.999295,0,0.77913,0.43077,46.748,0.862,-1,375.000,-1,375.000,-1,325.000,325.000,300.000,300.000,-1,-1,-1,-1,700.000,775.000,-1,-1,2,0,2,0,2,0,0,0,0,2,2,2,2,0,0,2,2
95,5927.617,-6753.586,359.127,-50.167,0.640909,0.767514,0.012578,-0.767386,0.640228,0.035027,0.018831,-0.032101,0.999307,0,0.78242,0.42668,46.945,0.853,-1,375.000,-1,375.000,-1,325.000,325.000,300.000,300.000,-1,-1,-1,-1,700.000,775.000,-1,-1,2,0,2,0,2,0,0,0,0,2,2,2,2,0,0,2,2
96,5954.958,-6785.659,359.867,-49.553,0.649086,0.760635,0.011036,-0.760459,0.648424,0.035335,0.019721,-0.031328,0.999315,0,0.70242,0.30668,42.145,0.613,-1,375.000,-1,375.000,-1,325.000,325.000,300.000,300.000,-1,-1,725.000,-1,725.000,800.000,-1,-1,2,0,2,0,2,0,0,0,0,2,2,0,2,0,0,2,2
97,5980.801,-6815.578,360.620,-49.180,0.654028,0.756404,0.009983,-0.756193,0.653376,0.035659,0.020450,-0.030871,0.999314,0,0.65891,0.18668,39.534,0.373,-1,375.000,-1,375.000,-1,325.000,325.000,300.000,300.000,-1,900.000,675.000,-1,725.000,800.000,-1,-1,2,0,2,0,2,0,0,0,0,2,0,0,2,0,0,2,2
98,6006.728,-6845.452,361.531,-49.046,0.655788,0.754890,0.009091,-0.754646,0.655142,0.036028,0.021242,-0.030487,0.999309,0,0.65927,0.06668,39.556,0.133,-1,375.000,-1,400.000,-1,325.000,325.000,300.000,300.000,-1,850.000,675.000,-1,725.000,825.000,-1,-1,2,0,2,0,2,0,0,0,0,2,0,0,2,0,0,2,2
99,6032.615,-6875.393,362.445,-49.153,0.654384,0.756118,0.008221,-0.755837,0.653745,0.036446,0.022183,-0.030064,0.999302,0,0.65966,-0.05332,39.580,-0.107,-1,375.000,-1,400.000,-1,325.000,325.000,300.000,300.000,-1,825.000,675.000,-1,725.000,850.000,-1,-1,2,0,2,0,2,0,0,0,0,2,0,0,2,0,0,2,2
100,6058.336,-6905.509,363.360,-49.500,0.649800,0.760069,0.007418,-0.759750,0.649167,0.036922,0.023248,-0.029627,0.999291,0,0.66008,-0.17332,39.605,-0.347,-1,375.000,-1,400.000,-1,325.000,325.000,300.000,300.000,-1,825.000,675.000,-1,750.000,850.000,-1,-1,2,0,2,0,2,0,0,0,0,2,0,0,2,0,0,2,2
101,6083.766,-6935.908,364.278,-50.086,0.641988,0.766686,0.006693,-0.766326,0.641359,0.037462,0.024429,-0.029179,0.999276,0,0.66056,-0.29332,39.634,-0.587,-1,375.000,-1,400.000,-1,325.000,325.000,300.000,300.000,-1,825.000,700.000,-1,750.000,875.000,-1,-1,2,0,2,0,2,0,0,0,0,2,0,0,2,0,0,2,2
102,6108.776,-6966.698,365.203,-50.913,0.630865,0.775869,0.006062,-0.775467,0.630240,0.038071,0.025717,-0.028719,0.999257,0,0.66111,-0.41332,39.667,-0.827,-1,400.000,-1,400.000,-1,325.000,325.000,300.000,300.000,-1,825.000,700.000,-1,775.000,900.000,-1,-1,2,0,2,0,2,0,0,0,0,2,0,0,2,0,0,2,2
103,6133.233,-6997.978,366.141,-51.980,0.616319,0.787477,0.005555,-0.787031,0.615696,0.038748,0.027093,-0.028253,0.999234,0,0.66177,-0.53332,39.706,-1.067,-1,400.000,-1,400.000,-1,325.000,325.000,300.000,300.000,-1,825.000,725.000,-1,800.000,925.000,-1,-1,2,0,2,0,2,0,0,0,0,2,0,0,2,0,0,2,2
104,6156.982,-7029.825,367.101,-53.286,0.598210,0.801323,0.005216,-0.800832,0.597586,0.039489,0.028526,-0.027800,0.999206,0,0.66212,-0.65332,39.727,-1.307,-1,400.000,-1,425.000,-1,325.000,325.000,300.000,300.000,-1,850.000,750.000,-1,825.000,950.000,-1,-1,2,0,2,0,2,0,0,0,0,2,0,0,2,0,0,2,2
105,6179.864,-7062.301,368.079,-54.833,0.576374,0.817170,0.005044,-0.816635,0.575748,0.040282,0.030013,-0.027337,0.999176,0,0.66212,-0.77332,39.727,-1.547,-1,400.000,-1,425.000,-1,325.000,325.000,300.000,300.000,-1,875.000,775.000,-1,850.000,-1,-1,-1,2,0,2,0,2,0,0,0,0,2,0,0,2,0,2,2,2
106,6201.834,-7095.401,369.214,-56.424,0.553464,0.832859,0.004815,-0.832295,0.552855,0.040446,0.031024,-0.026393,0.999170,0,0.66212,-0.79537,39.727,-1.591,-1,400.000,-1,425.000,-1,325.000,325.000,300.000,300.000,-1,900.000,825.000,-1,875.000,-1,-1,-1,2,0,2,0,2,0,0,0,0,2,0,0,2,0,2,2,2
107,6222.878,-7129.097,370.467,-58.014,0.530116,0.847913,0.004536,-0.847334,0.529539,0.040179,0.031666,-0.025143,0.999182,0,0.66212,-0.79537,39.727,-1.591,-1,400.000,-1,425.000,-1,325.000,350.000,300.000,300.000,-1,925.000,900.000,-1,900.000,-1,-1,-1,2,0,2,0,2,0,0,0,0,2,0,0,2,0,2,2,2
108,6242.978,-7163.364,371.454,-59.605,0.506331,0.862330,0.003909,-0.861764,0.505823,0.038816,0.031495,-0.023023,0.999239,0,0.66212,-0.79537,39.727,-1.591,-1,400.000,-1,425.000,-1,325.000,350.000,300.000,300.000,-1,-1,1000.000,-1,925.000,-1,-1,-1,2,0,2,0,2,0,0,0,0,2,2,0,2,0,2,2,2
109,6262.119,-7198.176,372.344,-61.196,0.482147,0.876085,0.003147,-0.875541,0.481714,0.037127,0.031011,-0.020656,0.999306,0,0.66212,-0.79537,39.727,-1.591,-1,425.000,-1,425.000,-1,325.000,350.000,300.000,300.000,-1,-1,-1,-1,950.000,-1,-1,-1,2,0,2,0,2,0,0,0,0,2,2,2,2,0,2,2,2
110,6280.286,-7233.506,373.234,-62.787,0.457593,0.889159,0.002402,-0.888639,0.457229,0.035540,0.030502,-0.018398,0.999365,0,0.66212,-0.79537,39.727,-1.591,-1,425.000,-1,425.000,-1,350.000,350.000,300.000,300.000,-1,-1,-1,-1,950.000,-1,-1,-1,2,0,2,0,2,0,0,0,0,2,2,2,2,0,2,2,2
111,6297.466,-7269.327,374.125,-64.377,0.432688,0.901542,0.001679,-0.901046,0.432386,0.034051,0.029972,-0.016246,0.999419,0,0.66212,-0.79537,39.727,-1.591,-1,425.000,-1,425.000,-1,350.000,350.000,300.000,300.000,-1,-1,-1,-1,975.000,-1,-1,-1,2,0,2,0,2,0,0,0,0,2,2,2,2,0,2,2,2
112,6313.644,-7305.611,375.060,-65.968,0.407446,0.913229,0.000874,-0.912759,0.407206,0.032458,0.029286,-0.014023,0.999473,0,0.66212,-0.79537,39.727,-1.591,-1,425.000,-1,425.000,-1,350.000,350.000,300.000,300.000,-1,-1,-1,-1,-1,-1,-1,-1,2,0,2,0,2,0,0,0,0,2,2,2,2,2,2,2,2
113,6328.809,-7342.330,376.060,-67.559,0.381887,0.924209,-0.000078,-0.923773,0.381710,0.030675,0.028380,-0.011642,0.999529,0,0.66212,-0.79537,39.727,-1.591,-1,425.000,-1,425.000,-1,350.000,350.000,300.000,300.000,-1,-1,-1,-1,-1,-1,-1,-1,2,0,2,0,2,0,0,0,0,2,2,2,2,2,2,2,2
114,6342.949,-7379.455,376.639,-69.150,0.356080,0.934455,0.001097,-0.934092,0.355909,0.028306,0.026060,-0.011104,0.999599,0,0.66212,-0.79537,39.727,-1.591,-1,425.000,-1,425.000,-1,350.000,350.000,300.000,300.000,-1,-1,-1,-1,-1,-1,-1,-1,2,0,2,0,2,0,0,0,0,2,2,2,2,2,2,2,2
115,6356.053,-7416.959,377.185,-70.740,0.330000,0.943978,0.002402,-0.943686,0.329832,0.025848,0.023608,-0.010797,0.999663,0,0.66212,-0.79537,39.727,-1.591,-1,425.000,-1,425.000,-1,350.000,350.000,300.000,300.000,-1,-1,-1,-1,-1,-1,-1,-1,2,0,2,0,2,0,0,0,0,2,2,2,2,2,2,2,2
116,6368.111,-7454.812,377.735,-72.331,0.303663,0.952773,0.003654,-0.952545,0.303501,0.023352,0.021140,-0.010571,0.999721,0,0.66212,-0.79537,39.727,-1.591,-1,425.000,-1,425.000,-1,350.000,350.000,300.000,300.000,-1,-1,-1,-1,-1,-1,-1,-1,2,0,2,0,2,0,0,0,0,2,2,2,2,2,2,2,2
117,6379.114,-7492.985,378.292,-73.922,0.277089,0.960832,0.004851,-0.960663,0.276935,0.020827,0.018668,-0.010431,0.999771,0,0.66212,-0.79537,39.727,-1.591,-1,425.000,-1,425.000,-1,350.000,350.000,300.000,300.000,-1,-1,-1,-1,-1,-1,-1,-1,2,0,2,0,2,0,0,0,0,2,2,2,2,2,2,2,2
118,6389.052,-7531.449,378.857,-75.512,0.250299,0.968150,0.005987,-0.968033,0.250156,0.018277,0.016197,-0.010370,0.999815,0,0.66212,-0.79537,39.727,-1.591,-1,425.000,-1,425.000,-1,350.000,325.000,300.000,300.000,-1,-1,-1,-1,-1,-1,-1,-1,2,0,2,0,2,0,0,0,0,2,2,2,2,2,2,2,2
119,6397.919,-7570.174,379.433,-77.103,0.223314,0.974721,0.007055,-0.974650,0.223184,0.015704,0.013732,-0.010383,0.999852,0,0.66212,-0.79537,39.727,-1.591,-1,425.000,-1,425.000,-1,325.000,325.000,275.000,300.000,-1,-1,-1,-1,-1,-1,-1,-1,2,0,2,0,2,0,0,0,0,2,2,2,2,2,2,2,2
120,6405.708,-7609.130,380.015,-78.694,0.196153,0.980540,0.008037,-0.980509,0.196039,0.013095,0.011265,-0.010449,0.999882,0,0.66212,-0.79537,39.727,-1.591,-1,425.000,-1,450.000,-1,325.000,350.000,275.000,300.000,-1,-1,-1,-1,-1,-1,-1,-1,2,0,2,0,2,0,0,0,0,2,2,2,2,2,2,2,2
121,6412.412,-7648.288,380.607,-80.285,0.168839,0.985603,0.008928,-0.985604,0.168744,0.010461,0.008803,-0.010566,0.999905,0,0.66212,-0.79537,39.727,-1.591,-1,450.000,-1,450.000,-1,350.000,350.000,275.000,300.000,-1,-1,-1,-1,-1,-1,-1,-1,2,0,2,0,2,0,0,0,0,2,2,2,2,2,2,2,2
122,6418.027,-7687.616,381.211,-81.875,0.141391,0.989906,0.009723,-0.989933,0.141318,0.007806,0.006353,-0.010728,0.999922,0,0.66212,-0.79537,39.727,-1.591,-1,450.000,-1,450.000,-1,350.000,350.000,300.000,300.000,-1,-1,-1,-1,-1,-1,-1,-1,2,0,2,0,2,0,0,0,0,2,2,2,2,2,2,2,2
123,6422.547,-7727.086,381.828,-83.466,0.113832,0.993445,0.010411,-0.993492,0.113784,0.005136,0.003918,-0.010928,0.999933,0,0.66212,-0.79537,39.727,-1.591,-1,450.000,-1,450.000,-1,350.000,350.000,300.000,300.000,-1,-1,-1,-1,-1,-1,-1,-1,2,0,2,0,2,0,0,0,0,2,2,2,2,2,2,2,2
124,6426.335,-7768.835,382.496,-84.817,0.090354,0.995848,0.011113,-0.995909,0.090334,0.002333,0.001320,-0.011279,0.999936,0,0.69869,-0.67537,41.921,-1.351,-1,475.000,-1,475.000,-1,375.000,375.000,300.000,300.000,-1,-1,-1,-1,-1,-1,-1,-1,2,0,2,0,2,0,0,0,0,2,2,2,2,2,2,2,2
125,6429.312,-7810.651,383.175,-85.928,0.071002,0.997406,0.011795,-0.997475,0.071012,-0.000460,-0.001296,-0.011733,0.999930,0,0.69869,-0.55537,41.921,-1.111,-1,475.000,-1,475.000,-1,375.000,375.000,300.000,300.000,-1,-1,-1,-1,-1,-1,-1,-1,2,0,2,0,2,0,0,0,0,2,2,2,2,2,2,2,2
126,6431.653,-7852.506,383.826,-86.798,0.055804,0.998366,0.012336,-0.998434,0.055847,-0.003137,-0.003821,-0.012142,0.999919,0,0.69869,-0.43537,41.921,-0.871,-1,500.000,-1,475.000,-1,375.000,375.000,300.000,300.000,-1,-1,-1,-1,-1,-1,-1,-1,2,0,2,0,2,0,0,0,0,2,2,2,2,2,2,2,2
127,6433.534,-7894.385,383.124,-87.429,0.044785,0.998942,0.010465,-0.998973,0.044854,-0.006474,-0.006936,-0.010165,0.999924,0,0.69869,-0.31537,41.921,-0.631,-1,500.000,-1,475.000,-1,375.000,375.000,300.000,300.000,-1,-1,-1,-1,-1,-1,-1,-1,2,0,2,0,2,0,0,0,0,2,2,2,2,2,2,2,2
128,6435.129,-7936.276,381.341,-87.820,0.037908,0.999215,0.011540,-0.999210,0.038040,-0.011503,-0.011933,-0.011095,0.999867,0,0.69869,-0.19537,41.921,-0.391,-1,475.000,-1,475.000,-1,375.000,375.000,300.000,300.000,-1,-1,-1,-1,-1,-1,-1,-1,2,0,2,0,2,0,0,0,0,2,2,2,2,2,2,2,2
129,6436.614,-7978.171,379.557,-87.971,0.035208,0.999303,0.012442,-0.999236,0.035411,-0.016526,-0.016955,-0.011851,0.999786,0,0.69869,-0.07537,41.921,-0.151,-1,475.000,-1,475.000,-1,375.000,375.000,300.000,300.000,-1,-1,-1,-1,-1,-1,-1,-1,2,0,2,0,2,0,0,0,0,2,2,2,2,2,2,2,2
130,6438.164,-8020.064,377.767,-87.881,0.036688,0.999239,0.013224,-0.999084,0.036968,-0.021548,-0.022020,-0.012421,0.999680,0,0.69869,0.04463,41.921,0.089,-1,475.000,-1,450.000,-1,375.000,375.000,300.000,300.000,-1,-1,-1,-1,-1,-1,-1,-1,2,0,2,0,2,0,0,0,0,2,2,2,2,2,2,2,2
131,6439.810,-8061.953,375.972,-87.749,0.038907,0.999145,0.013999,-0.998875,0.039269,-0.026574,-0.027101,-0.012950,0.999549,0,0.69869,0.06599,41.921,0.132,-1,450.000,-1,450.000,-1,375.000,350.000,275.000,275.000,-1,-1,-1,-1,-1,-1,-1,-1,2,0,2,0,2,0,0,0,0,2,2,2,2,2,2,2,2
132,6441.553,-8103.839,374.171,-87.617,0.041119,0.999045,0.014788,-0.998636,0.041570,-0.031606,-0.032191,-0.013468,0.999391,0,0.69869,0.06599,41.921,0.132,-1,450.000,-1,450.000,-1,350.000,350.000,275.000,275.000,-1,-1,-1,-1,-1,1000.000,-1,-1,2,0,2,0,2,0,0,0,0,2,2,2,2,2,0,2,2
133,6443.393,-8145.720,372.364,-87.485,0.043324,0.998939,0.015588,-0.998365,0.043871,-0.036645,-0.037290,-0.013975,0.999207,0,0.69869,0.06599,41.921,0.132,-1,450.000,-1,450.000,-1,350.000,350.000,275.000,275.000,-1,-1,-1,-1,-1,975.000,-1,-1,2,0,2,0,2,0,0,0,0,2,2,2,2,2,0,2,2
134,6445.329,-8187.597,370.551,-87.353,0.045522,0.998829,0.016400,-0.998063,0.046171,-0.041689,-0.042398,-0.014471,0.998996,0,0.69869,0.06599,41.921,0.132,-1,450.000,-1,425.000,-1,350.000,350.000,275.000,275.000,-1,-1,-1,-1,-1,950.000,-1,-1,2,0,2,0,2,0,0,0,0,2,2,2,2,2,0,2,2
135,6447.362,-8229.469,368.731,-87.221,0.047712,0.998713,0.017223,-0.997730,0.048471,-0.046740,-0.047515,-0.014954,0.998759,0,0.69869,0.06599,41.921,0.132,-1,450.000,-1,425.000,-1,350.000,350.000,275.000,275.000,-1,-1,-1,-1,1000.000,925.000,-1,-1,2,0,2,0,2,0,0,0,0,2,2,2,2,0,0,2,2
136,6449.402,-8266.535,367.105,-86.849,0.054097,0.998374,0.017969,-0.997174,0.054954,-0.051226,-0.052130,-0.015147,0.998525,0,0.61869,0.18599,37.121,0.372,-1,425.000,-1,425.000,-1,350.000,350.000,275.000,275.000,-1,-1,-1,-1,975.000,925.000,-1,-1,2,0,2,0,2,0,0,0,0,2,2,2,2,0,0,2,2
137,6451.523,-8298.787,365.672,-86.237,0.064673,0.997732,0.018675,-0.996320,0.065614,-0.055152,-0.056252,-0.015039,0.998303,0,0.53869,0.30599,32.321,0.612,-1,425.000,-1,425.000,-1,350.000,350.000,275.000,275.000,-1,-1,-1,-1,950.000,900.000,-1,-1,2,0,2,0,2,0,0,0,0,2,2,2,2,0,0,2,2
