timestep,x_cm,y_cm,z_cm,yaw_deg,basis_xx,basis_xy,basis_xz,basis_yx,basis_yy,basis_yz,basis_zx,basis_zy,basis_zz,teleport_flag,throttle_cmd,steering_cmd,cmd_move_cm,cmd_turn_deg,lidar_cm_0,lidar_cm_1,lidar_cm_2,lidar_cm_3,lidar_cm_4,lidar_cm_5,lidar_cm_6,lidar_cm_7,lidar_cm_8,lidar_cm_9,lidar_cm_10,lidar_cm_11,lidar_cm_12,lidar_cm_13,lidar_cm_14,lidar_cm_15,lidar_cm_16,lidar_class_0,lidar_class_1,lidar_class_2,lidar_class_3,lidar_class_4,lidar_class_5,lidar_class_6,lidar_class_7,lidar_class_8,lidar_class_9,lidar_class_10,lidar_class_11,lidar_class_12,lidar_class_13,lidar_class_14,lidar_class_15,lidar_class_16
0,-5574.227,-3612.277,222.496,-75.610,0.247876,0.968433,0.026364,-0.968381,0.248471,-0.022370,-0.028215,-0.019986,0.999402,1,0.08000,0.12000,4.800,0.240,-1,400.000,-1,400.000,-1,325.000,325.000,300.000,300.000,-1,-1,-1,-1,725.000,750.000,-1,-1,2,0,2,0,2,0,0,0,0,2,2,2,2,0,0,2,2
1,-5571.763,-3621.555,222.240,-75.130,0.255977,0.966323,0.026381,-0.966260,0.256577,-0.022583,-0.028591,-0.019710,0.999397,0,0.16000,0.24000,9.600,0.480,-1,400.000,-1,400.000,-1,325.000,325.000,300.000,300.000,-1,-1,-1,-1,725.000,750.000,-1,-1,2,0,2,0,2,0,0,0,0,2,2,2,2,0,0,2,2
2,-5567.893,-3635.425,221.852,-74.410,0.268096,0.963030,0.026411,-0.962951,0.268702,-0.022897,-0.029147,-0.019294,0.999389,0,0.24000,0.36000,14.400,0.720,-1,400.000,-1,400.000,-1,325.000,325.000,300.000,300.000,-1,-1,-1,-1,725.000,750.000,-1,-1,2,0,2,0,2,0,0,0,0,2,2,2,2,0,0,2,2
3,-5562.424,-3653.830,221.331,-73.450,0.284188,0.958403,0.026461,-0.958303,0.284802,-0.023307,-0.029873,-0.018734,0.999378,0,0.32000,0.48000,19.200,0.960,-1,400.000,-1,400.000,-1,325.000,325.000,300.000,300.000,-1,-1,-1,-1,725.000,750.000,-1,-1,2,0,2,0,2,0,0,0,0,2,2,2,2,0,0,2,2
4,-5555.108,-3676.687,220.673,-72.250,0.304192,0.952241,0.026537,-0.952114,0.304815,-0.023804,-0.030756,-0.018025,0.999364,0,0.40000,0.60000,24.000,1.200,-1,400.000,-1,400.000,-1,325.000,325.000,300.000,300.000,-1,-1,-1,-1,725.000,750.000,-1,-1,2,0,2,0,2,0,0,0,0,2,2,2,2,0,0,2,2
5,-5545.641,-3703.887,219.873,-70.810,0.328021,0.944295,0.026646,-0.944136,0.328654,-0.024377,-0.031777,-0.017161,0.999348,0,0.48000,0.72000,28.800,1.440,-1,375.000,-1,400.000,-1,325.000,325.000,300.000,300.000,-1,-1,-1,-1,700.000,750.000,-1,-1,2,0,2,0,2,0,0,0,0,2,2,2,2,0,0,2,2
6,-5533.671,-3735.283,218.928,-69.130,0.355560,0.934269,0.026794,-0.934074,0.356203,-0.025013,-0.032913,-0.016134,0.999328,0,0.56000,0.84000,33.600,1.680,-1,375.000,-1,400.000,-1,325.000,325.000,300.000,300.000,-1,-1,-1,-1,700.000,725.000,-1,-1,2,0,2,0,2,0,0,0,0,2,2,2,2,0,0,2,2
7,-5518.797,-3770.685,217.832,-67.210,0.386659,0.921828,0.026985,-0.921591,0.387312,-0.025694,-0.034137,-0.014934,0.999306,0,0.64000,0.96000,38.400,1.920,-1,375.000,-1,375.000,-1,325.000,325.000,300.000,300.000,-1,-1,-1,-1,700.000,725.000,-1,-1,2,0,2,0,2,0,0,0,0,2,2,2,2,0,0,2,2
8,-5500.684,-3809.904,216.507,-65.210,0.418608,0.907769,0.026870,-0.907486,0.419256,-0.026318,-0.035156,-0.013367,0.999292,0,0.72000,1.00000,43.200,2.000,-1,375.000,-1,375.000,-1,325.000,325.000,300.000,300.000,-1,-1,-1,-1,675.000,700.000,-1,-1,2,0,2,0,2,0,0,0,0,2,2,2,2,0,0,2,2
9,-5479.597,-3851.669,214.916,-63.210,0.450085,0.892608,0.025960,-0.892284,0.450694,-0.026552,-0.035400,-0.011213,0.999310,0,0.77977,1.00000,46.786,2.000,-1,375.000,-1,375.000,-1,300.000,300.000,300.000,300.000,-1,-1,-1,-1,675.000,700.000,-1,-1,2,0,2,0,2,0,0,0,0,2,2,2,2,0,0,2,2
10,-5457.065,-3892.672,213.495,-61.210,0.481007,0.876349,0.025375,-0.876016,0.481578,-0.026048,-0.035048,-0.009700,0.999339,0,0.77977,1.00000,46.786,2.000,-1,375.000,-1,375.000,-1,300.000,300.000,300.000,300.000,-1,-1,-1,-1,675.000,700.000,-1,-1,2,0,2,0,2,0,0,0,0,2,2,2,2,0,0,2,2
11,-5433.115,-3932.864,212.124,-59.210,0.511341,0.859019,0.024835,-0.858687,0.511875,-0.025314,-0.034458,-0.008381,0.999371,0,0.77977,1.00000,46.786,2.000,-1,375.000,-1,375.000,-1,300.000,300.000,300.000,300.000,-1,-1,-1,-1,675.000,700.000,-1,-1,2,0,2,0,2,0,0,0,0,2,2,2,2,0,0,2,2
12,-5407.778,-3972.196,210.758,-57.210,0.541052,0.840640,0.024240,-0.840311,0.541548,-0.024567,-0.033779,-0.007078,0.999404,0,0.77977,1.00000,46.786,2.000,-1,375.000,-1,375.000,-1,300.000,300.000,300.000,300.000,-1,-1,-1,-1,675.000,700.000,-1,-1,2,0,2,0,2,0,0,0,0,2,2,2,2,0,0,2,2
13,-5381.083,-4010.619,209.398,-55.210,0.570102,0.821235,0.023591,-0.820910,0.570561,-0.023811,-0.033014,-0.005792,0.999438,0,0.77977,1.00000,46.786,2.000,-1,375.000,-1,375.000,-1,300.000,300.000,300.000,300.000,-1,-1,-1,-1,675.000,675.000,-1,-1,2,0,2,0,2,0,0,0,0,2,2,2,2,0,0,2,2
14,-5353.063,-4048.087,207.989,-53.210,0.598456,0.800827,0.022963,-0.800517,0.598877,-0.022760,-0.031979,-0.004762,0.999477,0,0.77977,1.00000,46.786,2.000,-1,375.000,-1,375.000,-1,300.000,300.000,300.000,300.000,-1,-1,-1,-1,675.000,675.000,-1,-1,2,0,2,0,2,0,0,0,0,2,2,2,2,0,0,2,2
15,-5323.753,-4084.555,206.607,-51.210,0.626087,0.779442,0.022032,-0.779153,0.626464,-0.021546,-0.030596,-0.003677,0.999525,0,0.77977,1.00000,46.786,2.000,-1,375.000,-1,375.000,-1,300.000,300.000,300.000,300.000,-1,-1,-1,-1,675.000,675.000,-1,-1,2,0,2,0,2,0,0,0,0,2,2,2,2,0,0,2,2
16,-5293.188,-4119.977,205.359,-49.210,0.652972,0.757107,0.020399,-0.756835,0.653287,-0.020401,-0.028772,-0.002117,0.999584,0,0.77977,1.00000,46.786,2.000,-1,375.000,-1,375.000,-1,300.000,300.000,300.000,300.000,-1,-1,-1,-1,675.000,675.000,-1,-1,2,0,2,0,2,0,0,0,0,2,2,2,2,0,0,2,2
17,-5261.406,-4154.312,204.127,-47.210,0.679056,0.733848,0.018694,-0.733593,0.679313,-0.019353,-0.026902,-0.000572,0.999638,0,0.77977,1.00000,46.786,2.000,-1,375.000,-1,375.000,-1,300.000,300.000,300.000,300.000,-1,-1,-1,-1,675.000,675.000,-1,-1,2,0,2,0,2,0,0,0,0,2,2,2,2,0,0,2,2
18,-5230.340,-4185.869,202.977,-45.450,0.701325,0.712638,0.017040,-0.712400,0.701531,-0.018450,-0.025102,0.000800,0.999685,0,0.73804,0.88000,44.283,1.760,-1,375.000,-1,375.000,-1,300.000,300.000,300.000,300.000,-1,-1,-1,-1,700.000,675.000,-1,-1,2,0,2,0,2,0,0,0,0,2,2,2,2,0,0,2,2
19,-5198.449,-4216.591,201.844,-43.930,0.720025,0.693777,0.015371,-0.693557,0.720187,-0.017617,-0.023293,0.002024,0.999727,0,0.73804,0.76000,44.283,1.520,-1,375.000,-1,375.000,-1,300.000,300.000,300.000,300.000,-1,725.000,575.000,-1,700.000,675.000,-1,-1,2,0,2,0,2,0,0,0,0,2,0,0,2,0,0,2,2
20,-5165.879,-4246.593,200.760,-42.650,0.735381,0.677515,0.013709,-0.677312,0.735503,-0.016839,-0.021492,0.003098,0.999764,0,0.73804,0.64000,44.283,1.280,-1,375.000,-1,375.000,-1,300.000,300.000,300.000,300.000,-1,525.000,550.000,-1,700.000,675.000,-1,-1,2,0,2,0,2,0,0,0,0,2,0,0,2,0,0,2,2
21,-5132.770,-4275.999,199.798,-41.610,0.747590,0.664051,0.012059,-0.663868,0.747676,-0.016099,-0.019707,0.004030,0.999798,0,0.73804,0.52000,44.283,1.040,-1,375.000,-1,375.000,-1,300.000,300.000,300.000,300.000,-1,525.000,525.000,-1,700.000,675.000,-1,-1,2,0,2,0,2,0,0,0,0,2,0,0,2,0,0,2,2
22,-5099.215,-4304.897,198.944,-40.736,0.757658,0.652562,0.010824,-0.652398,0.757722,-0.015317,-0.018197,0.004543,0.999824,0,0.73804,0.43721,44.283,0.874,-1,375.000,-1,375.000,-1,300.000,325.000,300.000,300.000,-1,500.000,500.000,-1,700.000,675.000,-1,-1,2,0,2,0,2,0,0,0,0,2,0,0,2,0,0,2,2
23,-5065.224,-4333.279,198.183,-39.861,0.767542,0.640922,0.009950,-0.640776,0.767591,-0.014499,-0.016930,0.004753,0.999845,0,0.73804,0.43721,44.283,0.874,-1,375.000,-1,375.000,-1,325.000,325.000,300.000,300.000,-1,500.000,525.000,-1,725.000,675.000,-1,-1,2,0,2,0,2,0,0,0,0,2,0,0,2,0,0,2,2
24,-5030.804,-4361.139,197.443,-38.987,0.777245,0.629133,0.009094,-0.629003,0.777282,-0.013705,-0.015691,0.004932,0.999865,0,0.73804,0.43721,44.283,0.874,-1,375.000,-1,375.000,-1,325.000,325.000,300.000,300.000,-1,525.000,525.000,-1,725.000,675.000,-1,-1,2,0,2,0,2,0,0,0,0,2,0,0,2,0,0,2,2
25,-4995.962,-4388.470,196.794,-38.112,0.786765,0.617198,0.008255,-0.617088,0.786793,-0.012596,-0.014269,0.004816,0.999887,0,0.73804,0.43721,44.283,0.874,-1,375.000,-1,375.000,-1,325.000,325.000,300.000,300.000,-1,525.000,525.000,-1,725.000,675.000,-1,-1,2,0,2,0,2,0,0,0,0,2,0,0,2,0,0,2,2
26,-4960.708,-4415.266,196.189,-37.238,0.796100,0.605119,0.007421,-0.605029,0.796122,-0.011393,-0.012803,0.004580,0.999908,0,0.73804,0.43721,44.283,0.874,-1,375.000,-1,375.000,-1,325.000,325.000,300.000,300.000,-1,525.000,525.000,-1,725.000,675.000,-1,-1,2,0,2,0,2,0,0,0,0,2,0,0,2,0,0,2,2
27,-4925.048,-4441.522,195.596,-36.363,0.805249,0.592900,0.006595,-0.592827,0.805265,-0.010259,-0.011393,0.004351,0.999926,0,0.73804,0.43721,44.283,0.874,-1,375.000,-1,375.000,-1,325.000,325.000,300.000,300.000,-1,525.000,525.000,-1,725.000,675.000,-1,-1,2,0,2,0,2,0,0,0,0,2,0,0,2,0,0,2,2
28,-4888.992,-4467.230,195.013,-35.489,0.814210,0.580542,0.005778,-0.580484,0.814220,-0.009191,-0.010041,0.004129,0.999941,0,0.73804,0.43721,44.283,0.874,-1,375.000,-1,375.000,-1,325.000,325.000,300.000,300.000,-1,500.000,550.000,-1,725.000,700.000,-1,-1,2,0,2,0,2,0,0,0,0,2,0,0,2,0,0,2,2
29,-4852.548,-4492.385,194.441,-34.615,0.822980,0.568049,0.004973,-0.568004,0.822985,-0.008188,-0.008744,0.003914,0.999954,0,0.73804,0.43721,44.283,0.874,-1,375.000,-1,375.000,-1,325.000,325.000,300.000,300.000,-1,500.000,550.000,-1,725.000,700.000,-1,-1,2,0,2,0,2,0,0,0,0,2,0,0,2,0,0,2,2
30,-4815.724,-4516.980,193.881,-33.740,0.831557,0.555424,0.004182,-0.555389,0.831559,-0.007249,-0.007504,0.003706,0.999965,0,0.73804,0.43721,44.283,0.874,-1,400.000,-1,375.000,-1,325.000,325.000,300.000,300.000,-1,525.000,550.000,-1,750.000,700.000,-1,-1,2,0,2,0,2,0,0,0,0,2,0,0,2,0,0,2,2
31,-4778.529,-4541.011,193.463,-32.866,0.839940,0.542669,0.003443,-0.542640,0.839938,-0.006743,-0.006551,0.003795,0.999971,0,0.73804,0.43721,44.283,0.874,-1,400.000,-1,375.000,-1,325.000,325.000,300.000,300.000,-1,525.000,575.000,-1,750.000,700.000,-1,-1,2,0,2,0,2,0,0,0,0,2,0,0,2,0,0,2,2
32,-4740.972,-4564.472,193.265,-31.991,0.848126,0.529788,0.002690,-0.529767,0.848123,-0.005927,-0.005421,0.003602,0.999979,0,0.73804,0.43721,44.283,0.874,-1,400.000,-1,375.000,-1,325.000,325.000,300.000,300.000,-1,550.000,600.000,-1,750.000,700.000,-1,-1,2,0,2,0,2,0,0,0,0,2,0,0,2,0,0,2,2
33,-4703.061,-4587.356,193.067,-31.117,0.856114,0.516783,0.001955,-0.516769,0.856110,-0.005172,-0.004346,0.003417,0.999985,0,0.73804,0.43721,44.283,0.874,-1,400.000,-1,375.000,-1,325.000,325.000,300.000,300.000,-1,550.000,600.000,-1,750.000,700.000,-1,-1,2,0,2,0,2,0,0,0,0,2,0,0,2,0,0,2,2
34,-4664.805,-4609.660,192.883,-30.242,0.863902,0.503658,0.001177,-0.503649,0.863897,-0.004500,-0.003283,0.003295,0.999989,0,0.73804,0.43721,44.283,0.874,-1,400.000,-1,375.000,-1,325.000,325.000,300.000,300.000,-1,575.000,625.000,-1,750.000,700.000,-1,-1,2,0,2,0,2,0,0,0,0,2,0,0,2,0,0,2,2
35,-4626.214,-4631.377,192.720,-29.368,0.871489,0.490416,0.000331,-0.490411,0.871483,-0.003924,-0.002213,0.003257,0.999992,0,0.73804,0.43721,44.283,0.874,-1,400.000,-1,375.000,-1,325.000,325.000,300.000,300.000,-1,575.000,650.000,-1,750.000,700.000,-1,-1,2,0,2,0,2,0,0,0,0,2,0,0,2,0,0,2,2
36,-4587.295,-4652.502,192.557,-28.494,0.878871,0.477059,-0.000491,-0.477058,0.878865,-0.003409,-0.001195,0.003230,0.999994,0,0.73804,0.43721,44.283,0.874,-1,400.000,-1,375.000,-1,325.000,325.000,300.000,300.000,-1,600.000,650.000,-1,775.000,700.000,-1,-1,2,0,2,0,2,0,0,0,0,2,0,0,2,0,0,2,2
37,-4548.059,-4673.031,192.460,-27.619,0.886049,0.463591,-0.001226,-0.463592,0.886043,-0.003277,-0.000433,0.003472,0.999994,0,0.73804,0.43721,44.283,0.874,-1,400.000,-1,375.000,-1,325.000,325.000,300.000,300.000,-1,625.000,675.000,-1,775.000,700.000,-1,-1,2,0,2,0,2,0,0,0,0,2,0,0,2,0,0,2,2
38,-4508.514,-4692.959,192.404,-26.745,0.893019,0.450015,-0.001758,-0.450018,0.893014,-0.003120,0.000166,0.003578,0.999994,0,0.73804,0.43721,44.283,0.874,-1,400.000,-1,375.000,-1,325.000,325.000,300.000,300.000,-1,650.000,700.000,-1,775.000,700.000,-1,-1,2,0,2,0,2,0,0,0,0,2,0,0,2,0,0,2,2
39,-4468.669,-4712.281,192.408,-25.870,0.899783,0.436334,-0.002000,-0.436338,0.899778,-0.002870,0.000547,0.003455,0.999994,0,0.73804,0.43721,44.283,0.874,-1,400.000,-1,375.000,-1,325.000,325.000,300.000,300.000,-1,700.000,725.000,-1,775.000,725.000,-1,-1,2,0,2,0,2,0,0,0,0,2,0,0,2,0,0,2,2
40,-4428.534,-4730.993,192.432,-24.996,0.906336,0.422552,-0.002292,-0.422557,0.906333,-0.002514,0.001015,0.003247,0.999994,0,0.73804,0.43721,44.283,0.874,-1,400.000,-1,375.000,-1,325.000,325.000,300.000,300.000,-1,725.000,750.000,-1,775.000,725.000,-1,-1,2,0,2,0,2,0,0,0,0,2,0,0,2,0,0,2,2
41,-4388.118,-4749.090,192.471,-24.122,0.912678,0.408672,-0.002632,-0.408677,0.912677,-0.002084,0.001550,0.002977,0.999994,0,0.73804,0.43721,44.283,0.874,-1,400.000,-1,375.000,-1,325.000,325.000,300.000,300.000,-1,750.000,775.000,-1,775.000,725.000,-1,-1,2,0,2,0,2,0,0,0,0,2,0,0,2,0,0,2,2
42,-4347.431,-4766.568,192.502,-23.247,0.918807,0.394696,-0.002994,-0.394702,0.918808,-0.001688,0.002084,0.002732,0.999994,0,0.73804,0.43721,44.283,0.874,-1,400.000,-1,375.000,-1,325.000,325.000,300.000,300.000,-1,775.000,800.000,-1,775.000,725.000,-1,-1,2,0,2,0,2,0,0,0,0,2,0,0,2,0,0,2,2
43,-4302.122,-4785.440,192.534,-22.613,0.923119,0.384499,-0.003384,-0.384504,0.923122,-0.001224,0.002654,0.002432,0.999994,0,0.81804,0.31721,49.083,0.634,-1,400.000,-1,375.000,-1,325.000,325.000,300.000,275.000,-1,800.000,800.000,-1,775.000,725.000,-1,-1,2,0,2,0,2,0,0,0,0,2,0,0,2,0,0,2,2
44,-4252.171,-4805.647,192.561,-22.025,0.927015,0.375005,-0.003822,-0.375010,0.927020,-0.000722,0.003273,0.002103,0.999992,0,0.89804,0.29401,53.883,0.588,-1,400.000,-1,375.000,-1,325.000,325.000,300.000,275.000,-1,825.000,825.000,-1,800.000,725.000,-1,-1,2,0,2,0,2,0,0,0,0,2,0,0,2,0,0,2,2
45,-4197.548,-4827.094,192.736,-21.437,0.930815,0.365472,-0.003675,-0.365474,0.930822,0.000177,0.003485,0.001178,0.999993,0,0.97804,0.29401,58.683,0.588,-1,400.000,-1,375.000,-1,325.000,325.000,300.000,300.000,-1,875.000,875.000,-1,800.000,725.000,-1,-1,2,0,2,0,2,0,0,0,0,2,0,0,2,0,0,2,2
46,-4142.532,-4848.046,192.950,-20.849,0.934518,0.355900,-0.003348,-0.355898,0.934524,0.001189,0.003552,0.000080,0.999994,0,0.98118,0.29401,58.871,0.588,-1,400.000,-1,375.000,-1,325.000,325.000,300.000,300.000,-1,925.000,950.000,-1,800.000,725.000,-1,-1,2,0,2,0,2,0,0,0,0,2,0,0,2,0,0,2,2
47,-4087.304,-4868.432,193.146,-20.261,0.938122,0.346290,-0.003075,-0.346285,0.938127,0.002178,0.003639,-0.000978,0.999993,0,0.98118,0.29401,58.871,0.588,-1,400.000,-1,375.000,-1,325.000,325.000,300.000,300.000,-1,975.000,1000.000,-1,775.000,725.000,-1,-1,2,0,2,0,2,0,0,0,0,2,0,0,2,0,0,2,2
48,-4031.870,-4888.250,193.344,-19.673,0.941628,0.336644,-0.002823,-0.336636,0.941630,0.003053,0.003686,-0.001925,0.999991,0,0.98118,0.29401,58.871,0.588,-1,400.000,-1,375.000,-1,325.000,325.000,300.000,300.000,-1,-1,-1,-1,775.000,725.000,-1,-1,2,0,2,0,2,0,0,0,0,2,2,2,2,0,0,2,2
49,-3976.235,-4907.499,193.530,-19.085,0.945034,0.326962,-0.002483,-0.326951,0.945033,0.003834,0.003600,-0.002812,0.999990,0,0.98118,0.29401,58.871,0.588,-1,400.000,-1,375.000,-1,325.000,325.000,300.000,300.000,-1,-1,-1,-1,775.000,725.000,-1,-1,2,0,2,0,2,0,0,0,0,2,2,2,2,0,0,2,2
50,-3920.405,-4926.175,193.686,-18.497,0.948341,0.317245,-0.002124,-0.317233,0.948336,0.004630,0.003483,-0.003717,0.999987,0,0.98118,0.29401,58.871,0.588,-1,400.000,-1,375.000,-1,325.000,325.000,300.000,300.000,-1,-1,-1,-1,775.000,700.000,-1,-1,2,0,2,0,2,0,0,0,0,2,2,2,2,0,0,2,2
51,-3864.387,-4944.278,193.859,-17.908,0.951548,0.307494,-0.001759,-0.307481,0.951539,0.005433,0.003344,-0.004629,0.999984,0,0.98118,0.29401,58.871,0.588,-1,400.000,-1,375.000,-1,325.000,325.000,300.000,300.000,-1,-1,-1,-1,775.000,700.000,-1,-1,2,0,2,0,2,0,0,0,0,2,2,2,2,0,0,2,2
52,-3808.186,-4961.805,194.122,-17.320,0.954655,0.297711,-0.001369,-0.297696,0.954638,0.006526,0.003250,-0.005823,0.999978,0,0.98118,0.29401,58.871,0.588,-1,400.000,-1,375.000,-1,325.000,325.000,300.000,300.000,-1,-1,-1,-1,775.000,700.000,-1,-1,2,0,2,0,2,0,0,0,0,2,2,2,2,0,0,2,2
53,-3751.808,-4978.753,194.416,-16.732,0.957661,0.287896,-0.001112,-0.287879,0.957636,0.007730,0.003290,-0.007083,0.999970,0,0.98118,0.29401,58.871,0.588,-1,400.000,-1,375.000,-1,325.000,325.000,300.000,300.000,-1,-1,-1,-1,775.000,700.000,-1,-1,2,0,2,0,2,0,0,0,0,2,2,2,2,0,0,2,2
54,-3695.259,-4995.123,194.712,-16.144,0.960566,0.278050,-0.000934,-0.278031,0.960531,0.008913,0.003375,-0.008302,0.999960,0,0.98118,0.29401,58.871,0.588,-1,400.000,-1,375.000,-1,325.000,325.000,300.000,300.000,-1,-1,-1,-1,775.000,700.000,-1,-1,2,0,2,0,2,0,0,0,0,2,2,2,2,0,0,2,2
55,-3638.545,-5010.911,195.010,-15.556,0.963370,0.268175,-0.000833,-0.268153,0.963324,0.010072,0.003504,-0.009480,0.999949,0,0.98118,0.29401,58.871,0.588,-1,400.000,-1,375.000,-1,325.000,325.000,300.000,300.000,-1,-1,-1,-1,775.000,700.000,-1,-1,2,0,2,0,2,0,0,0,0,2,2,2,2,0,0,2,2
56,-3581.672,-5026.116,195.309,-14.968,0.966072,0.258271,-0.000806,-0.258246,0.966014,0.011207,0.003673,-0.010619,0.999937,0,0.98118,0.29401,58.871,0.588,-1,400.000,-1,375.000,-1,325.000,325.000,300.000,300.000,-1,-1,-1,-1,775.000,700.000,-1,-1,2,0,2,0,2,0,0,0,0,2,2,2,2,0,0,2,2
57,-3524.646,-5040.737,195.608,-14.380,0.968672,0.248341,-0.000848,-0.248312,0.968602,0.012314,0.003879,-0.011717,0.999924,0,0.98118,0.29401,58.871,0.588,-1,400.000,-1,375.000,-1,325.000,325.000,300.000,300.000,-1,-1,-1,-1,775.000,700.000,-1,-1,2,0,2,0,2,0,0,0,0,2,2,2,2,0,0,2,2
58,-3467.472,-5054.772,195.907,-13.792,0.971171,0.238384,-0.000956,-0.238350,0.971087,0.013391,0.004121,-0.012777,0.999910,0,0.98118,0.29401,58.871,0.588,-1,400.000,-1,375.000,-1,325.000,325.000,300.000,300.000,-1,-1,-1,-1,775.000,725.000,-1,-1,2,0,2,0,2,0,0,0,0,2,2,2,2,0,0,2,2
59,-3410.158,-5068.219,196.205,-13.204,0.973566,0.228402,-0.001128,-0.228363,0.973469,0.014437,0.004395,-0.013798,0.999895,0,0.98118,0.29401,58.871,0.588,-1,400.000,-1,375.000,-1,325.000,325.000,300.000,300.000,-1,-1,-1,-1,775.000,725.000,-1,-1,2,0,2,0,2,0,0,0,0,2,2,2,2,0,0,2,2
60,-3352.709,-5081.078,196.502,-12.616,0.975859,0.218397,-0.001361,-0.218350,0.975748,0.015456,0.004704,-0.014786,0.999880,0,0.98118,0.29401,58.871,0.588,-1,400.000,-1,375.000,-1,325.000,325.000,300.000,300.000,-1,-1,-1,-1,775.000,725.000,-1,-1,2,0,2,0,2,0,0,0,0,2,2,2,2,0,0,2,2
61,-3295.131,-5093.346,196.745,-12.028,0.978049,0.208368,-0.001698,-0.208311,0.977921,0.016663,0.005133,-0.015943,0.999860,0,0.98118,0.29401,58.871,0.588,-1,400.000,-1,375.000,-1,325.000,325.000,300.000,300.000,-1,-1,-1,-1,775.000,725.000,-1,-1,2,0,2,0,2,0,0,0,0,2,2,2,2,0,0,2,2
62,-3237.430,-5105.022,196.999,-11.440,0.980136,0.198317,-0.002002,-0.198250,0.979989,0.017846,0.005501,-0.017095,0.999839,0,0.98118,0.29401,58.871,0.588,-1,400.000,-1,375.000,-1,325.000,325.000,300.000,300.000,-1,-1,-1,-1,775.000,725.000,-1,-1,2,0,2,0,2,0,0,0,0,2,2,2,2,0,0,2,2
63,-3179.612,-5116.106,197.314,-10.852,0.982120,0.188245,-0.002057,-0.188172,0.981950,0.019092,0.005614,-0.018363,0.999816,0,0.98118,0.29401,58.871,0.588,-1,400.000,-1,375.000,-1,325.000,325.000,300.000,300.000,-1,-1,-1,-1,775.000,725.000,-1,-1,2,0,2,0,2,0,0,0,0,2,2,2,2,0,0,2,2
64,-3121.684,-5126.596,197.635,-10.264,0.984001,0.178153,-0.002116,-0.178075,0.983808,0.020256,0.005690,-0.019555,0.999793,0,0.98118,0.29401,58.871,0.588,-1,400.000,-1,375.000,-1,325.000,325.000,300.000,300.000,-1,-1,-1,-1,775.000,725.000,-1,-1,2,0,2,0,2,0,0,0,0,2,2,2,2,0,0,2,2
65,-3063.651,-5136.491,197.995,-9.676,0.985777,0.168044,-0.002301,-0.167958,0.985565,0.021263,0.005841,-0.020575,0.999771,0,0.98118,0.29401,58.871,0.588,-1,400.000,-1,375.000,-1,325.000,325.000,300.000,300.000,-1,-1,-1,-1,775.000,725.000,-1,-1,2,0,2,0,2,0,0,0,0,2,2,2,2,0,0,2,2
66,-3005.519,-5145.789,198.361,-9.088,0.987449,0.157917,-0.002486,-0.157824,0.987217,0.022223,0.005964,-0.021551,0.999750,0,0.98118,0.29401,58.871,0.588,-1,400.000,-1,375.000,-1,325.000,325.000,300.000,300.000,-1,-1,-1,-1,775.000,750.000,-1,-1,2,0,2,0,2,0,0,0,0,2,2,2,2,0,0,2,2
67,-2947.295,-5154.491,198.730,-8.500,0.989018,0.147774,-0.002656,-0.147674,0.988765,0.023147,0.006047,-0.022501,0.999729,0,0.98118,0.29401,58.871,0.588,-1,400.000,-1,375.000,-1,325.000,325.000,300.000,300.000,-1,-1,-1,-1,775.000,750.000,-1,-1,2,0,2,0,2,0,0,0,0,2,2,2,2,0,0,2,2
68,-2888.985,-5162.594,199.098,-7.912,0.990482,0.137616,-0.002810,-0.137510,0.990209,0.024039,0.006091,-0.023424,0.999707,0,0.98118,0.29401,58.871,0.588,-1,400.000,-1,375.000,-1,325.000,325.000,300.000,300.000,-1,-1,-1,-1,775.000,750.000,-1,-1,2,0,2,0,2,0,0,0,0,2,2,2,2,0,0,2,2
69,-2830.595,-5170.099,199.467,-7.324,0.991841,0.127443,-0.002948,-0.127332,0.991548,0.024899,0.006096,-0.024320,0.999686,0,0.98118,0.29401,58.871,0.588,-1,400.000,-1,400.000,-1,325.000,325.000,300.000,300.000,-1,-1,-1,-1,775.000,750.000,-1,-1,2,0,2,0,2,0,0,0,0,2,2,2,2,0,0,2,2
70,-2776.924,-5176.666,199.815,-6.976,0.992597,0.121416,-0.003054,-0.121299,0.992285,0.025636,0.006143,-0.025076,0.999667,0,0.90118,0.17401,54.071,0.348,-1,400.000,-1,400.000,-1,325.000,325.000,300.000,300.000,-1,-1,-1,-1,775.000,750.000,-1,-1,2,0,2,0,2,0,0,0,0,2,2,2,2,0,0,2,2
71,-2728.007,-5182.557,200.146,-6.868,0.992824,0.119543,-0.003132,-0.119421,0.992496,0.026262,0.006248,-0.025700,0.999650,0,0.82118,0.05401,49.271,0.108,-1,400.000,-1,400.000,-1,325.000,325.000,300.000,300.000,-1,-1,-1,-1,775.000,750.000,-1,-1,2,0,2,0,2,0,0,0,0,2,2,2,2,0,0,2,2
72,-2683.861,-5187.920,200.456,-6.926,0.992703,0.120547,-0.003190,-0.120419,0.992361,0.026798,0.006396,-0.026219,0.999636,0,0.74118,-0.02902,44.471,-0.058,-1,400.000,-1,400.000,-1,325.000,325.000,300.000,300.000,-1,-1,-1,-1,775.000,750.000,-1,-1,2,0,2,0,2,0,0,0,0,2,2,2,2,0,0,2,2
73,-2643.927,-5192.812,200.730,-6.984,0.992580,0.121551,-0.003249,-0.121418,0.992225,0.027333,0.006546,-0.026736,0.999621,0,0.67054,-0.02902,40.232,-0.058,-1,400.000,-1,400.000,-1,325.000,325.000,300.000,300.000,-1,-1,-1,-1,775.000,775.000,-1,-1,2,0,2,0,2,0,0,0,0,2,2,2,2,0,0,2,2
74,-2603.999,-5197.744,200.984,-7.042,0.992457,0.122554,-0.003250,-0.122416,0.992085,0.027962,0.006651,-0.027353,0.999604,0,0.67054,-0.02902,40.232,-0.058,-1,400.000,-1,400.000,-1,325.000,325.000,300.000,300.000,-1,-1,-1,-1,775.000,775.000,-1,-1,2,0,2,0,2,0,0,0,0,2,2,2,2,0,0,2,2
75,-2564.075,-5202.717,201.186,-7.100,0.992332,0.123557,-0.003188,-0.123419,0.991949,0.028369,0.006668,-0.027758,0.999592,0,0.67054,-0.02902,40.232,-0.058,-1,400.000,-1,400.000,-1,325.000,325.000,300.000,300.000,-1,-1,-1,-1,775.000,775.000,-1,-1,2,0,2,0,2,0,0,0,0,2,2,2,2,0,0,2,2
76,-2524.156,-5207.730,201.366,-7.158,0.992207,0.124561,-0.003048,-0.124424,0.991815,0.028657,0.006593,-0.028054,0.999585,0,0.67054,-0.02902,40.232,-0.058,-1,400.000,-1,400.000,-1,325.000,325.000,300.000,300.000,-1,-1,-1,-1,775.000,775.000,-1,-1,2,0,2,0,2,0,0,0,0,2,2,2,2,0,0,2,2
77,-2484.243,-5212.784,201.549,-7.216,0.992081,0.125565,-0.002899,-0.125430,0.991680,0.028937,0.006508,-0.028344,0.999577,0,0.67054,-0.02902,40.232,-0.058,-1,400.000,-1,400.000,-1,325.000,325.000,300.000,300.000,-1,-1,-1,-1,775.000,775.000,-1,-1,2,0,2,0,2,0,0,0,0,2,2,2,2,0,0,2,2
78,-2444.334,-5217.878,201.736,-7.274,0.991954,0.126569,-0.002741,-0.126436,0.991545,0.029210,0.006415,-0.028628,0.999570,0,0.67054,-0.02902,40.232,-0.058,-1,400.000,-1,400.000,-1,325.000,325.000,300.000,300.000,-1,-1,-1,-1,775.000,775.000,-1,-1,2,0,2,0,2,0,0,0,0,2,2,2,2,0,0,2,2
79,-2404.431,-5223.012,201.928,-7.332,0.991826,0.127572,-0.002574,-0.127442,0.991408,0.029475,0.006312,-0.028906,0.999562,0,0.67054,-0.02902,40.232,-0.058,-1,400.000,-1,400.000,-1,325.000,325.000,300.000,300.000,-1,-1,-1,-1,775.000,775.000,-1,-1,2,0,2,0,2,0,0,0,0,2,2,2,2,0,0,2,2
80,-2364.533,-5228.187,202.125,-7.390,0.991697,0.128576,-0.002397,-0.128448,0.991270,0.029732,0.006199,-0.029178,0.999555,0,0.67054,-0.02902,40.232,-0.058,-1,400.000,-1,400.000,-1,325.000,325.000,300.000,300.000,-1,-1,-1,-1,775.000,775.000,-1,-1,2,0,2,0,2,0,0,0,0,2,2,2,2,0,0,2,2
81,-2324.641,-5233.403,202.349,-7.448,0.991567,0.129579,-0.002149,-0.129458,0.991135,0.029879,0.006002,-0.029349,0.999551,0,0.67054,-0.02902,40.232,-0.058,-1,400.000,-1,400.000,-1,325.000,325.000,300.000,300.000,-1,-1,-1,-1,775.000,775.000,-1,-1,2,0,2,0,2,0,0,0,0,2,2,2,2,0,0,2,2
82,-2284.753,-5238.659,202.577,-7.507,0.991436,0.130583,-0.001893,-0.130468,0.990998,0.030019,0.005796,-0.029515,0.999548,0,0.67054,-0.02902,40.232,-0.058,-1,400.000,-1,400.000,-1,325.000,325.000,300.000,300.000,-1,-1,-1,-1,775.000,775.000,-1,-1,2,0,2,0,2,0,0,0,0,2,2,2,2,0,0,2,2
83,-2244.848,-5243.958,202.809,-7.565,0.991303,0.131591,-0.001631,-0.131482,0.990860,0.030158,0.005585,-0.029681,0.999544,0,0.67093,-0.02917,40.256,-0.058,-1,400.000,-1,400.000,-1,325.000,325.000,300.000,300.000,-1,-1,-1,-1,775.000,775.000,-1,-1,2,0,2,0,2,0,0,0,0,2,2,2,2,0,0,2,2
84,-2204.794,-5249.320,203.044,-7.625,0.991164,0.132632,-0.001363,-0.132530,0.990716,0.030296,0.005369,-0.029848,0.999540,0,0.67351,-0.03012,40.411,-0.060,-1,400.000,-1,400.000,-1,325.000,325.000,300.000,300.000,-1,-1,-1,-1,775.000,775.000,-1,-1,2,0,2,0,2,0,0,0,0,2,2,2,2,0,0,2,2
85,-2164.594,-5254.746,203.283,-7.687,0.991020,0.133707,-0.001089,-0.133612,0.990566,0.030433,0.005148,-0.030014,0.999536,0,0.67609,-0.03110,40.565,-0.062,-1,400.000,-1,400.000,-1,325.000,325.000,300.000,300.000,-1,-1,-1,-1,775.000,775.000,-1,-1,2,0,2,0,2,0,0,0,0,2,2,2,2,0,0,2,2
86,-2124.246,-5260.238,203.527,-7.752,0.990870,0.134816,-0.000808,-0.134729,0.990411,0.030569,0.004922,-0.030181,0.999532,0,0.67865,-0.03212,40.719,-0.064,-1,400.000,-1,400.000,-1,325.000,325.000,300.000,300.000,-1,-1,-1,-1,775.000,775.000,-1,-1,2,0,2,0,2,0,0,0,0,2,2,2,2,0,0,2,2
87,-2083.753,-5265.798,203.775,-7.818,0.990714,0.135962,-0.000521,-0.135882,0.990249,0.030705,0.004691,-0.030349,0.999528,0,0.68122,-0.03317,40.873,-0.066,-1,400.000,-1,400.000,-1,325.000,325.000,300.000,300.000,-1,-1,-1,-1,775.000,775.000,-1,-1,2,0,2,0,2,0,0,0,0,2,2,2,2,0,0,2,2
88,-2043.115,-5271.427,204.027,-7.886,0.990551,0.137145,-0.000227,-0.137073,0.990081,0.030839,0.004454,-0.030516,0.999524,0,0.68377,-0.03425,41.026,-0.069,-1,400.000,-1,400.000,-1,325.000,325.000,300.000,300.000,-1,-1,-1,-1,775.000,775.000,-1,-1,2,0,2,0,2,0,0,0,0,2,2,2,2,0,0,2,2
89,-2002.333,-5277.128,204.275,-7.957,0.990381,0.138367,0.000052,-0.138302,0.989905,0.031008,0.004238,-0.030717,0.999519,0,0.68631,-0.03538,41.179,-0.071,-1,400.000,-1,400.000,-1,325.000,325.000,300.000,300.000,-1,-1,-1,-1,775.000,775.000,-1,-1,2,0,2,0,2,0,0,0,0,2,2,2,2,0,0,2,2
90,-1961.408,-5282.901,204.472,-8.030,0.990204,0.139628,0.000446,-0.139573,0.989714,0.031390,0.003941,-0.031145,0.999507,0,0.68884,-0.03655,41.330,-0.073,-1,400.000,-1,400.000,-1,325.000,325.000,300.000,300.000,-1,-1,-1,-1,775.000,775.000,-1,-1,2,0,2,0,2,0,0,0,0,2,2,2,2,0,1,2,2
91,-1920.341,-5288.750,204.622,-8.106,0.990019,0.140931,0.000721,-0.140883,0.989521,0.031629,0.003744,-0.031415,0.999499,0,0.69136,-0.03776,41.481,-0.076,-1,400.000,-1,400.000,-1,325.000,325.000,300.000,300.000,-1,-1,-1,-1,775.000,750.000,-1,-1,2,0,2,0,2,0,0,0,0,2,2,2,2,0,1,2,2
92,-1879.133,-5294.676,204.722,-8.184,0.989826,0.142279,0.000948,-0.142237,0.989326,0.031676,0.003569,-0.031488,0.999498,0,0.69386,-0.03902,41.631,-0.078,-1,400.000,-1,400.000,-1,325.000,325.000,300.000,300.000,-1,-1,-1,-1,775.000,750.000,-1,1000.000,2,0,2,0,2,0,0,0,0,2,2,2,2,0,1,2,1
93,-1837.787,-5300.682,204.825,-8.264,0.989625,0.143671,0.001173,-0.143635,0.989122,0.031721,0.003397,-0.031561,0.999496,0,0.69634,-0.04033,41.780,-0.081,-1,400.000,-1,400.000,1000.000,325.000,325.000,300.000,300.000,-1,-1,-1,-1,775.000,725.000,-1,975.000,2,0,2,0,1,0,0,0,0,2,2,2,2,0,1,2,1
94,-1796.303,-5306.769,204.931,-8.348,0.989415,0.145110,0.001398,-0.145080,0.988910,0.031764,0.003227,-0.031631,0.999494,0,0.69880,-0.04169,41.928,-0.083,-1,400.000,-1,400.000,975.000,325.000,325.000,300.000,300.000,-1,-1,-1,-1,775.000,700.000,-1,925.000,2,0,2,0,1,0,0,0,0,2,2,2,2,0,1,2,1
95,-1754.684,-5312.940,205.040,-8.434,0.989195,0.146597,0.001621,-0.146574,0.988688,0.031805,0.003060,-0.031699,0.999493,0,0.70124,-0.04310,42.074,-0.086,-1,400.000,-1,400.000,925.000,325.000,325.000,300.000,300.000,-1,-1,-1,-1,775.000,700.000,-1,875.000,2,0,2,0,1,0,0,0,0,2,2,2,2,0,1,2,1
96,-1712.931,-5319.197,205.153,-8.523,0.988965,0.148135,0.001843,-0.148118,0.988457,0.031844,0.002896,-0.031766,0.999491,0,0.70365,-0.04458,42.219,-0.089,-1,400.000,-1,400.000,875.000,325.000,325.000,300.000,300.000,-1,-1,-1,-1,775.000,675.000,-1,850.000,2,0,2,0,1,0,0,0,0,2,2,2,2,0,1,2,1
97,-1666.413,-5326.043,205.274,-8.372,0.989351,0.145532,0.002085,-0.145524,0.988841,0.031889,0.002579,-0.031853,0.999489,0,0.78365,0.07542,47.019,0.151,-1,400.000,-1,400.000,825.000,325.000,325.000,300.000,300.000,-1,-1,-1,-1,775.000,650.000,-1,800.000,2,0,2,0,1,0,0,0,0,2,2,2,2,0,1,2,1
98,-1617.422,-5332.912,205.393,-7.981,0.990320,0.138782,0.002335,-0.138786,0.989807,0.031941,0.002121,-0.031956,0.999487,0,0.82449,0.19542,49.470,0.391,-1,400.000,-1,400.000,775.000,325.000,325.000,300.000,300.000,-1,-1,-1,-1,775.000,650.000,-1,750.000,2,0,2,1,1,0,0,0,0,2,2,2,2,0,1,2,1
99,-1568.213,-5339.260,205.494,-7.351,0.991787,0.127875,0.002583,-0.127892,0.991272,0.032003,0.001532,-0.032071,0.999484,0,0.82696,0.31542,49.618,0.631,-1,400.000,-1,400.000,700.000,325.000,325.000,300.000,300.000,-1,-1,-1,-1,775.000,625.000,-1,725.000,2,0,2,1,1,0,0,0,0,2,2,2,2,0,1,2,1
100,-1518.779,-5344.875,205.573,-6.480,0.993614,0.112794,0.002828,-0.112827,0.993097,0.032079,0.000810,-0.032194,0.999481,0,0.82920,0.43542,49.752,0.871,-1,400.000,-1,375.000,650.000,325.000,325.000,300.000,300.000,-1,-1,-1,-1,775.000,600.000,-1,675.000,2,0,2,1,1,0,0,0,0,2,2,2,2,0,1,2,1
101,-1469.129,-5349.541,205.621,-5.369,0.995613,0.093520,0.003070,-0.093570,0.995093,0.032174,-0.000046,-0.032320,0.999478,0,0.83115,0.55542,49.869,1.111,-1,400.000,-1,375.000,600.000,325.000,325.000,300.000,300.000,-1,-1,-1,-1,775.000,600.000,-1,650.000,2,0,2,1,1,0,0,0,0,2,2,2,2,0,1,2,1
102,-1419.288,-5353.042,205.631,-4.018,0.997539,0.070035,0.003309,-0.070105,0.997017,0.032291,-0.001038,-0.032443,0.999473,0,0.83273,0.67542,49.964,1.351,-1,400.000,-1,375.000,550.000,325.000,325.000,300.000,300.000,-1,-1,-1,-1,775.000,600.000,-1,625.000,2,0,2,1,1,0,0,0,0,2,2,2,2,0,1,2,1
103,-1369.301,-5355.160,205.596,-2.427,0.999097,0.042328,0.003539,-0.042421,0.998573,0.032429,-0.002161,-0.032550,0.999468,0,0.83387,0.79542,50.032,1.591,-1,400.000,-1,400.000,525.000,325.000,325.000,300.000,300.000,-1,-1,-1,-1,775.000,600.000,-1,600.000,2,0,2,1,1,0,0,0,0,2,2,2,2,0,1,2,1
104,-1319.238,-5355.864,205.508,-0.805,0.999894,0.014039,0.003745,-0.014153,0.999368,0.032598,-0.003285,-0.032647,0.999462,0,0.83446,0.81122,50.068,1.622,-1,400.000,-1,400.000,475.000,325.000,325.000,300.000,300.000,-1,-1,-1,-1,775.000,625.000,-1,575.000,2,0,2,0,1,0,0,0,0,2,2,2,2,0,1,2,1
105,-1269.169,-5355.158,205.447,0.807,0.999895,-0.014081,0.003289,0.013964,0.999344,0.033413,-0.003758,-0.033364,0.999436,0,0.83456,0.80605,50.074,1.612,-1,400.000,-1,400.000,475.000,325.000,325.000,300.000,300.000,-1,-1,-1,-1,775.000,650.000,-1,600.000,2,0,2,0,1,0,0,0,0,2,2,2,2,0,1,2,1
106,-1219.164,-5353.054,205.215,2.408,0.999113,-0.041998,0.003183,0.041867,0.998552,0.033776,-0.004597,-0.033613,0.999424,0,0.83416,0.80054,50.050,1.601,-1,400.000,-1,400.000,450.000,325.000,325.000,300.000,300.000,-1,-1,-1,-1,775.000,675.000,-1,600.000,2,0,2,0,1,0,0,0,0,2,2,2,2,0,1,2,1
107,-1169.293,-5349.569,204.801,3.998,0.997563,-0.069680,0.003512,0.069523,0.997012,0.033668,-0.005847,-0.033341,0.999427,0,0.83322,0.79472,49.993,1.589,-1,400.000,-1,400.000,425.000,325.000,325.000,300.000,300.000,-1,-1,-1,-1,775.000,700.000,-1,675.000,2,0,2,0,1,0,0,0,0,2,2,2,2,0,1,2,1
108,-1119.626,-5344.721,204.459,5.575,0.995269,-0.097095,0.003473,0.096922,0.994711,0.033990,-0.006755,-0.033492,0.999416,0,0.83171,0.78861,49.903,1.577,-1,400.000,-1,400.000,450.000,325.000,325.000,300.000,300.000,-1,-1,-1,-1,775.000,750.000,-1,825.000,2,0,2,0,1,0,0,0,0,2,2,2,2,0,0,2,1
109,-1070.236,-5338.534,204.065,7.139,0.992249,-0.124215,0.003450,0.124025,0.991686,0.034306,-0.007683,-0.033612,0.999405,0,0.82961,0.78222,49.776,1.564,-1,400.000,-1,400.000,450.000,325.000,325.000,300.000,300.000,-1,-1,-1,-1,750.000,750.000,-1,-1,2,0,2,0,1,0,0,0,1,2,2,2,2,0,0,2,2
110,-1021.192,-5331.037,203.622,8.691,0.988526,-0.151014,0.003446,0.150807,0.987957,0.034618,-0.008632,-0.033701,0.999395,0,0.82691,0.77561,49.614,1.551,-1,400.000,-1,400.000,475.000,325.000,325.000,300.000,275.000,-1,-1,-1,-1,750.000,750.000,-1,-1,2,0,2,0,1,0,0,0,1,2,2,2,2,0,0,2,2
111,-972.560,-5322.262,203.128,10.228,0.984120,-0.177470,0.003462,0.177244,0.983547,0.034928,-0.009604,-0.033760,0.999384,0,0.82361,0.76881,49.417,1.538,-1,400.000,-1,400.000,550.000,325.000,325.000,300.000,250.000,-1,-1,-1,-1,750.000,725.000,-1,-1,2,0,2,0,1,0,0,0,1,2,2,2,2,0,0,2,2
112,-924.406,-5312.244,202.585,11.752,0.979056,-0.203561,0.003500,0.203315,0.978479,0.035237,-0.010597,-0.033787,0.999373,0,0.81975,0.76188,49.185,1.524,-1,400.000,-1,400.000,650.000,325.000,325.000,300.000,250.000,-1,-1,-1,-1,750.000,725.000,-1,-1,2,0,2,0,1,0,0,0,1,2,2,2,2,0,0,2,2
113,-876.790,-5301.022,201.994,13.262,0.973356,-0.229271,0.003560,0.229005,0.972776,0.035546,-0.011613,-0.033784,0.999362,0,0.81536,0.75490,48.922,1.510,-1,400.000,-1,400.000,750.000,325.000,325.000,300.000,250.000,-1,-1,-1,-1,750.000,725.000,-1,-1,2,0,2,0,1,0,0,0,1,2,2,2,2,0,0,2,2
114,-829.766,-5288.628,201.354,14.765,0.967009,-0.254718,0.003645,0.254429,0.966426,0.035858,-0.012656,-0.033748,0.999350,0,0.81050,0.75179,48.630,1.504,-1,400.000,-1,375.000,875.000,325.000,325.000,300.000,225.000,-1,-1,-1,-1,750.000,725.000,-1,-1,2,0,2,0,1,0,0,0,1,2,2,2,2,0,0,2,2
115,-783.386,-5275.094,200.667,16.267,0.960006,-0.279953,0.003754,0.279641,0.959423,0.036174,-0.013729,-0.033678,0.999338,0,0.80523,0.75071,48.314,1.501,-1,400.000,-1,375.000,-1,325.000,325.000,300.000,225.000,-1,-1,-1,-1,725.000,725.000,-1,-1,2,0,2,0,2,0,0,0,1,2,2,2,2,0,0,2,2
116,-737.695,-5260.454,200.010,17.767,0.952354,-0.304970,0.003917,0.304632,0.951768,0.036571,-0.014881,-0.033636,0.999323,0,0.79965,0.74993,47.979,1.500,-1,400.000,-1,375.000,-1,325.000,325.000,300.000,225.000,-1,-1,-1,-1,725.000,725.000,-1,-1,2,0,2,0,2,0,0,0,1,2,2,2,2,0,0,2,2
117,-692.731,-5244.738,199.380,19.266,0.944056,-0.329761,0.003878,0.329401,0.943463,0.037053,-0.015877,-0.033703,0.999306,0,0.79386,0.74945,47.632,1.499,-1,400.000,-1,375.000,-1,325.000,325.000,300.000,225.000,-1,-1,-1,-1,725.000,725.000,-1,-1,2,0,2,0,2,0,0,0,1,2,2,2,2,0,0,2,2
118,-648.524,-5227.977,198.677,20.764,0.935117,-0.354323,0.003450,0.353960,0.934520,0.037209,-0.016408,-0.033574,0.999302,0,0.78796,0.74928,47.278,1.499,-1,375.000,-1,375.000,-1,325.000,325.000,300.000,250.000,-1,-1,-1,-1,725.000,725.000,-1,-1,2,0,2,0,2,0,0,0,1,2,2,2,2,0,0,2,2
119,-605.098,-5210.199,198.001,22.263,0.925537,-0.378645,0.003083,0.378272,0.924932,0.037571,-0.017077,-0.033607,0.999289,0,0.78208,0.74941,46.925,1.499,-1,375.000,-1,375.000,-1,325.000,325.000,300.000,250.000,-1,-1,-1,-1,725.000,725.000,-1,-1,2,0,2,0,2,0,0,0,1,2,2,2,2,0,0,2,2
120,-562.468,-5191.430,197.287,23.763,0.915319,-0.402722,0.002665,0.402342,0.914705,0.037884,-0.017694,-0.033604,0.999279,0,0.77632,0.74983,46.579,1.500,-1,375.000,-1,375.000,-1,325.000,325.000,300.000,275.000,-1,-1,-1,-1,725.000,725.000,-1,-1,2,0,2,0,2,0,0,0,1,2,2,2,2,0,0,2,2
121,-520.645,-5171.692,196.535,25.264,0.904463,-0.426546,0.002194,0.426160,0.903843,0.038145,-0.018254,-0.033566,0.999270,0,0.77078,0.75054,46.247,1.501,-1,375.000,-1,375.000,-1,325.000,325.000,300.000,275.000,-1,-1,-1,-1,725.000,725.000,-1,-1,2,0,2,0,2,0,0,0,1,2,2,2,2,0,0,2,2
122,-479.634,-5151.006,195.809,26.767,0.892971,-0.450111,0.001633,0.449731,0.892354,0.038043,-0.018581,-0.033237,0.999275,0,0.76555,0.75152,45.933,1.503,-1,375.000,-1,375.000,-1,325.000,325.000,300.000,300.000,-1,-1,-1,-1,725.000,700.000,-1,-1,2,0,2,0,2,0,0,0,1,2,2,2,2,0,0,2,2
123,-439.437,-5129.388,195.092,28.272,0.880842,-0.473410,0.001020,0.473040,0.880236,0.037648,-0.018721,-0.032679,0.999291,0,0.76070,0.75275,45.642,1.506,-1,375.000,-1,375.000,-1,325.000,325.000,300.000,300.000,-1,-1,-1,-1,725.000,700.000,-1,-1,2,0,2,0,2,0,0,0,0,2,2,2,2,0,0,2,2
124,-404.073,-5108.956,194.402,30.018,0.866018,-0.500013,0.000482,0.499650,0.865426,0.037265,-0.019051,-0.032031,0.999305,0,0.68070,0.87275,40.842,1.746,-1,375.000,-1,375.000,-1,325.000,325.000,300.000,300.000,-1,-1,-1,600.000,725.000,700.000,-1,-1,2,0,2,0,2,0,0,0,0,2,2,2,1,0,0,2,2
125,-373.431,-5089.981,193.752,31.768,0.850351,-0.526215,0.000024,0.525856,0.849773,0.036894,-0.019434,-0.031360,0.999319,0,0.60070,0.87486,36.042,1.750,-1,375.000,-1,375.000,-1,325.000,325.000,300.000,300.000,-1,-1,-1,525.000,725.000,700.000,-1,-1,2,0,2,0,2,0,0,0,0,2,2,2,1,0,0,2,2
126,-347.385,-5072.729,193.152,33.520,0.833862,-0.551973,-0.000353,0.551615,0.833298,0.036545,-0.019877,-0.030668,0.999332,0,0.52070,0.87640,31.242,1.753,-1,375.000,-1,375.000,-1,325.000,325.000,300.000,300.000,-1,-1,-1,475.000,725.000,700.000,-1,-1,2,0,2,0,2,0,0,0,0,2,2,2,1,0,0,2,2
127,-325.798,-5057.458,192.613,35.276,0.816562,-0.577258,-0.000650,0.576898,0.816012,0.036230,-0.020384,-0.029959,0.999343,0,0.44070,0.87787,26.442,1.756,-1,375.000,-1,375.000,-1,325.000,325.000,300.000,300.000,-1,-1,-1,475.000,725.000,700.000,-1,-1,2,0,2,0,2,0,0,0,0,2,2,2,1,0,0,2,2
128,-308.522,-5044.424,192.144,37.035,0.798467,-0.602039,-0.000867,0.601674,0.797932,0.035961,-0.020958,-0.029235,0.999353,0,0.36070,0.87921,21.642,1.758,-1,375.000,-1,375.000,-1,325.000,325.000,300.000,300.000,-1,-1,-1,450.000,725.000,700.000,-1,-1,2,0,2,0,2,0,0,0,0,2,2,2,1,0,0,2,2
129,-295.395,-5033.872,191.755,38.795,0.779593,-0.626285,-0.001008,0.625913,0.779073,0.035749,-0.021604,-0.028501,0.999360,0,0.28070,0.88039,16.842,1.761,-1,375.000,-1,375.000,-1,325.000,325.000,300.000,300.000,-1,-1,-1,450.000,725.000,700.000,-1,-1,2,0,2,0,2,0,0,0,0,2,2,2,1,0,0,2,2
130,-286.246,-5026.042,191.455,40.558,0.759962,-0.649967,-0.001081,0.649584,0.759456,0.035605,-0.022321,-0.027760,0.999365,0,0.20070,0.88135,12.042,1.763,-1,375.000,-1,375.000,-1,325.000,325.000,300.000,300.000,-1,-1,-1,450.000,725.000,700.000,-1,-1,2,0,2,0,2,0,0,0,0,2,2,2,1,0,0,2,2
131,-280.892,-5021.166,191.252,42.322,0.739594,-0.673052,-0.001092,0.672656,0.739101,0.035537,-0.023112,-0.027018,0.999368,0,0.12070,0.88207,7.242,1.764,-1,375.000,-1,375.000,-1,325.000,325.000,300.000,300.000,-1,-1,-1,425.000,725.000,700.000,-1,-1,2,0,2,0,2,0,0,0,0,2,2,2,1,0,0,2,2
132,-279.138,-5019.467,191.156,44.087,0.718514,-0.695512,-0.001052,0.695099,0.718034,0.035554,-0.023973,-0.026277,0.999367,0,0.04070,0.88252,2.442,1.765,-1,375.000,-1,375.000,-1,325.000,325.000,300.000,300.000,-1,-1,-1,425.000,725.000,700.000,-1,-1,2,0,2,0,2,0,0,0,0,2,2,2,1,0,0,2,2
133,-280.780,-5021.160,191.175,45.853,0.696748,-0.717315,-0.000973,0.716883,0.696280,0.035662,-0.024904,-0.025545,0.999363,0,-0.03930,0.88268,-2.358,1.765,-1,375.000,-1,375.000,-1,325.000,325.000,300.000,300.000,-1,-1,-1,425.000,725.000,700.000,-1,-1,2,0,2,0,2,0,0,0,0,2,2,2,1,0,0,2,2
134,-285.605,-5026.447,191.332,47.618,0.674326,-0.738433,-0.000879,0.737978,0.673867,0.035934,-0.025943,-0.024880,0.999354,0,-0.11930,0.88252,-7.158,1.765,-1,375.000,-1,375.000,-1,325.000,325.000,300.000,300.000,-1,-1,525.000,425.000,725.000,700.000,-1,-1,2,0,2,0,2,0,0,0,0,2,2,1,1,0,0,2,2
135,-293.390,-5035.524,191.611,49.382,0.651276,-0.758840,-0.000773,0.758359,0.650827,0.036272,-0.027022,-0.024209,0.999342,0,-0.19930,0.88204,-11.958,1.764,-1,375.000,-1,375.000,-1,325.000,325.000,300.000,300.000,-1,-1,450.000,425.000,725.000,700.000,-1,-1,2,0,2,0,2,0,0,0,0,2,2,1,1,0,0,2,2
136,-303.903,-5048.574,192.022,51.144,0.627632,-0.778510,-0.000668,0.778002,0.627191,0.036679,-0.028136,-0.023541,0.999327,0,-0.27930,0.88121,-16.758,1.762,-1,375.000,-1,375.000,-1,325.000,325.000,300.000,300.000,-1,-1,400.000,400.000,725.000,700.000,-1,-1,2,0,2,0,2,0,0,0,0,2,2,1,1,0,0,2,2
137,-316.906,-5065.770,192.598,52.904,0.603424,-0.797420,-0.000546,0.796886,0.602994,0.037019,-0.029191,-0.022773,0.999314,0,-0.35930,0.88002,-21.558,1.760,-1,375.000,-1,375.000,-1,325.000,325.000,300.000,300.000,-1,-1,375.000,400.000,725.000,700.000,-1,-1,2,0,2,0,2,0,0,0,0,2,2,1,1,0,0,2,2
138,-332.151,-5087.271,193.385,54.661,0.578684,-0.815552,-0.000352,0.814998,0.578275,0.037099,-0.030052,-0.021755,0.999312,0,-0.43930,0.87848,-26.358,1.757,-1,375.000,-1,375.000,-1,325.000,325.000,300.000,300.000,-1,-1,325.000,375.000,725.000,700.000,-1,-1,2,0,2,0,2,0,0,0,0,2,2,1,1,0,0,2,2
