timestep,x_cm,y_cm,z_cm,yaw_deg,basis_xx,basis_xy,basis_xz,basis_yx,basis_yy,basis_yz,basis_zx,basis_zy,basis_zz,teleport_flag,throttle_cmd,steering_cmd,cmd_move_cm,cmd_turn_deg,lidar_cm_0,lidar_cm_1,lidar_cm_2,lidar_cm_3,lidar_cm_4,lidar_cm_5,lidar_cm_6,lidar_cm_7,lidar_cm_8,lidar_cm_9,lidar_cm_10,lidar_cm_11,lidar_cm_12,lidar_cm_13,lidar_cm_14,lidar_cm_15,lidar_cm_16,lidar_class_0,lidar_class_1,lidar_class_2,lidar_class_3,lidar_class_4,lidar_class_5,lidar_class_6,lidar_class_7,lidar_class_8,lidar_class_9,lidar_class_10,lidar_class_11,lidar_class_12,lidar_class_13,lidar_class_14,lidar_class_15,lidar_class_16
0,7544.889,9515.518,86.463,69.630,0.347489,-0.937196,-0.030250,0.937422,0.347974,-0.012423,0.022169,-0.024040,0.999465,1,0.08000,-0.00008,4.800,-0.000,-1,425.000,-1,500.000,-1,375.000,375.000,300.000,200.000,-1,175.000,375.000,-1,775.000,-1,-1,-1,2,0,2,1,2,1,1,0,1,2,1,1,2,0,2,2,2
1,7548.231,9524.518,86.445,69.627,0.347519,-0.937148,-0.031375,0.937411,0.348018,-0.011993,0.022158,-0.025243,0.999436,0,0.16000,-0.00166,9.600,-0.003,-1,425.000,-1,500.000,-1,375.000,375.000,300.000,200.000,-1,175.000,375.000,-1,775.000,-1,-1,-1,2,0,2,1,2,0,1,0,1,2,1,1,2,0,2,2,2
2,7553.245,9538.017,86.414,69.623,0.347556,-0.937079,-0.032976,0.937399,0.348073,-0.011323,0.022089,-0.026977,0.999392,0,0.24000,-0.00218,14.400,-0.004,-1,425.000,-1,500.000,-1,375.000,375.000,300.000,200.000,-1,200.000,400.000,-1,775.000,-1,-1,-1,2,0,2,0,2,0,1,0,1,2,1,1,2,0,2,2,2
3,7559.931,9556.015,86.369,69.617,0.347613,-0.936986,-0.034953,0.937382,0.348148,-0.010387,0.021901,-0.029154,0.999335,0,0.32000,-0.00293,19.200,-0.006,-1,425.000,-1,500.000,-1,350.000,375.000,300.000,200.000,-1,200.000,400.000,-1,775.000,-1,-1,-1,2,0,2,0,2,0,1,0,1,2,1,1,2,0,2,2,2
4,7568.293,9578.511,86.303,69.609,0.347702,-0.936868,-0.037170,0.937358,0.348247,-0.009147,0.021513,-0.031661,0.999267,0,0.40000,-0.00384,24.000,-0.008,-1,425.000,-1,500.000,-1,350.000,375.000,275.000,200.000,-1,225.000,425.000,-1,750.000,-1,-1,-1,2,0,2,0,2,0,0,0,1,2,1,1,2,0,2,2,2
5,7578.331,9605.505,86.213,69.599,0.347834,-0.936725,-0.039457,0.937325,0.348375,-0.007556,0.020824,-0.034356,0.999193,0,0.48000,-0.00487,28.800,-0.010,-1,400.000,-1,500.000,-1,350.000,375.000,275.000,175.000,-1,250.000,450.000,-1,750.000,-1,-1,-1,2,0,2,0,2,0,0,0,1,2,1,1,2,0,2,2,2
6,7590.048,9636.996,86.091,69.588,0.348021,-0.936563,-0.041613,0.937279,0.348534,-0.005560,0.019711,-0.037068,0.999118,0,0.56000,-0.00592,33.600,-0.012,-1,400.000,-1,500.000,-1,350.000,375.000,275.000,200.000,-1,275.000,500.000,-1,725.000,-1,-1,-1,2,0,2,0,2,0,0,0,1,2,1,1,2,0,2,2,2
7,7602.132,9669.447,85.947,69.574,0.348269,-0.936396,-0.043260,0.937218,0.348729,-0.003343,0.018216,-0.039379,0.999058,0,0.57713,-0.00688,34.628,-0.014,-1,400.000,-1,500.000,-1,350.000,375.000,275.000,200.000,-1,325.000,525.000,-1,725.000,-1,-1,-1,2,0,2,0,2,0,0,0,1,2,1,1,2,0,2,2,2
8,7613.989,9701.259,85.787,69.559,0.348567,-0.936236,-0.044306,0.937140,0.348951,-0.001013,0.016409,-0.041168,0.999017,0,0.56584,-0.00758,33.950,-0.015,-1,400.000,-1,475.000,-1,350.000,375.000,250.000,200.000,-1,350.000,575.000,-1,700.000,-1,-1,-1,2,0,2,0,2,0,0,0,1,2,1,1,2,0,2,2,2
9,7625.617,9732.432,85.962,69.543,0.348970,-0.936144,-0.043071,0.937041,0.349213,0.001986,0.013182,-0.041052,0.999070,0,0.55452,-0.00796,33.271,-0.016,950.000,375.000,-1,475.000,-1,325.000,375.000,250.000,200.000,-1,400.000,625.000,-1,675.000,975.000,-1,-1,0,0,2,0,2,0,0,0,1,2,1,1,2,0,0,2,2
10,7637.019,9762.972,86.404,69.527,0.349434,-0.936110,-0.039915,0.936920,0.349500,0.005535,0.008769,-0.039332,0.999188,0,0.54332,-0.00805,32.599,-0.016,900.000,375.000,-1,475.000,-1,325.000,350.000,250.000,200.000,-1,475.000,675.000,-1,650.000,950.000,-1,-1,0,0,2,0,2,0,0,0,1,2,1,1,2,0,0,2,2
11,7648.201,9792.894,86.788,69.511,0.349871,-0.936086,-0.036517,0.936788,0.349783,0.008989,0.004359,-0.037353,0.999293,0,0.53238,-0.00785,31.943,-0.016,825.000,375.000,-1,450.000,-1,325.000,350.000,250.000,200.000,-1,550.000,725.000,-1,650.000,900.000,-1,-1,0,0,2,0,2,0,0,0,1,2,1,1,2,0,0,2,2
12,7660.927,9827.363,87.168,69.735,0.346396,-0.937530,-0.032358,0.938087,0.346146,0.013218,-0.001192,-0.034933,0.999389,0,0.61238,0.11215,36.743,0.224,750.000,350.000,-1,450.000,-1,325.000,350.000,250.000,225.000,-1,625.000,800.000,-1,625.000,850.000,950.000,-1,0,0,2,0,2,0,0,0,1,2,1,1,2,0,0,0,2
13,7675.000,9866.449,87.501,70.200,0.338972,-0.940399,-0.027356,0.940763,0.338572,0.018271,-0.007920,-0.031929,0.999459,0,0.69238,0.23215,41.543,0.464,675.000,350.000,-1,425.000,-1,300.000,325.000,250.000,225.000,-1,750.000,875.000,-1,600.000,800.000,825.000,-1,0,0,2,0,2,0,0,0,1,2,1,1,2,0,0,0,2
14,7688.436,9905.254,87.508,70.904,0.327498,-0.944604,-0.021622,0.944742,0.327026,0.022704,-0.014376,-0.027863,0.999508,0,0.68442,0.35215,41.065,0.704,625.000,325.000,-1,400.000,-1,300.000,325.000,275.000,225.000,-1,850.000,975.000,-1,575.000,750.000,725.000,-1,0,0,2,0,2,0,0,0,1,2,1,1,2,0,0,0,2
15,7700.968,9943.474,87.171,71.848,0.311877,-0.949989,-0.015942,0.949949,0.311455,0.024355,-0.018171,-0.022740,0.999576,0,0.67036,0.47215,40.222,0.944,600.000,325.000,-1,375.000,-1,275.000,300.000,275.000,225.000,-1,950.000,-1,-1,550.000,700.000,675.000,-1,0,0,2,0,2,0,0,0,1,2,1,2,2,0,0,0,2
16,7712.472,9981.176,88.133,73.033,0.292160,-0.956226,-0.016589,0.956213,0.291754,0.023174,-0.017319,-0.022633,0.999594,0,0.65697,0.59215,39.418,1.184,600.000,325.000,-1,375.000,-1,275.000,300.000,275.000,250.000,-1,1000.000,-1,-1,550.000,700.000,675.000,-1,0,0,2,0,2,0,0,0,1,2,1,2,2,0,0,0,2
17,7722.833,10018.428,88.981,74.457,0.268272,-0.963191,-0.017107,0.963211,0.267898,0.021330,-0.015962,-0.022200,0.999626,0,0.64443,0.71215,38.666,1.424,600.000,325.000,-1,375.000,-1,275.000,300.000,275.000,275.000,-1,-1,-1,-1,550.000,700.000,675.000,-1,0,0,2,0,2,0,0,0,1,2,2,2,2,0,0,0,2
18,7732.039,10055.268,89.674,75.971,0.242685,-0.969953,-0.017193,0.970003,0.242364,0.018806,-0.014074,-0.021241,0.999675,0,0.63287,0.75692,37.972,1.514,625.000,325.000,-1,375.000,-1,300.000,300.000,275.000,300.000,-1,-1,-1,-1,550.000,700.000,700.000,-1,0,0,2,0,2,0,0,0,1,2,2,2,2,0,0,0,2
19,7740.132,10091.747,90.207,77.491,0.216796,-0.976074,-0.016697,0.976147,0.216544,0.015669,-0.011679,-0.019696,0.999738,0,0.62278,0.76036,37.367,1.521,650.000,325.000,-1,375.000,-1,300.000,300.000,275.000,325.000,-1,-1,-1,550.000,550.000,700.000,725.000,-1,0,0,2,0,2,0,0,0,1,2,2,2,1,0,0,0,2
20,7747.153,10127.931,90.592,79.020,0.190619,-0.981540,-0.015605,0.981625,0.190445,0.012006,-0.008813,-0.017607,0.999806,0,0.61431,0.76408,36.859,1.528,700.000,325.000,-1,375.000,-1,300.000,300.000,275.000,350.000,-1,-1,-1,425.000,575.000,700.000,750.000,-1,0,0,2,0,2,0,0,0,1,2,2,2,1,0,0,0,2
21,7753.134,10163.878,90.834,80.556,0.164169,-0.986334,-0.013925,0.986417,0.164071,0.007920,-0.005527,-0.015036,0.999872,0,0.60735,0.76804,36.441,1.536,750.000,350.000,-1,375.000,-1,300.000,300.000,275.000,375.000,-1,-1,-1,425.000,575.000,700.000,825.000,-1,0,0,2,0,2,0,0,0,1,2,2,2,1,0,0,0,2
22,7758.097,10199.641,90.950,82.100,0.137465,-0.990438,-0.011640,0.990505,0.137433,0.003476,-0.001843,-0.012008,0.999926,0,0.60177,0.77223,36.106,1.544,825.000,350.000,-1,375.000,-1,300.000,300.000,275.000,400.000,-1,-1,-1,425.000,575.000,700.000,875.000,-1,0,0,2,0,2,0,0,0,1,2,2,2,1,0,0,0,2
23,7762.060,10235.268,90.950,83.653,0.110525,-0.993835,-0.008743,0.993871,0.110540,-0.001257,0.002215,-0.008550,0.999961,0,0.59744,0.77661,35.847,1.553,900.000,350.000,-1,375.000,-1,300.000,300.000,275.000,400.000,-1,-1,-1,450.000,600.000,700.000,975.000,-1,0,0,2,0,2,0,0,0,0,2,2,2,1,0,0,0,2
24,7765.034,10270.798,90.846,85.216,0.083373,-0.996505,-0.005232,0.996496,0.083405,-0.006205,0.006620,-0.004697,0.999967,0,0.59424,0.78116,35.654,1.562,-1,350.000,-1,375.000,-1,300.000,300.000,275.000,400.000,-1,-1,275.000,475.000,600.000,700.000,-1,-1,2,0,2,0,2,0,0,0,0,2,2,1,1,0,0,2,2
25,7767.025,10306.265,90.649,86.787,0.056033,-0.998428,-0.001116,0.998365,0.056042,-0.011296,0.011341,-0.000481,0.999936,0,0.59204,0.78587,35.523,1.572,-1,350.000,-1,375.000,-1,300.000,300.000,300.000,375.000,-1,-1,200.000,500.000,625.000,700.000,-1,-1,2,0,2,0,2,0,0,0,0,2,2,1,1,0,0,2,2
26,7768.034,10341.696,90.369,88.369,0.028529,-0.999587,0.003594,0.999459,0.028466,-0.016458,0.016349,0.004062,0.999858,0,0.59076,0.79072,35.445,1.581,-1,350.000,-1,375.000,-1,300.000,300.000,300.000,350.000,-1,-1,150.000,525.000,650.000,700.000,-1,-1,2,0,2,0,2,0,0,0,0,2,2,1,1,0,0,2,2
27,7768.058,10377.114,90.018,89.960,0.000887,-0.999960,0.008880,0.999766,0.000695,-0.021621,0.021614,0.008897,0.999727,0,0.59028,0.79570,35.417,1.591,-1,375.000,-1,375.000,-1,300.000,300.000,300.000,350.000,-1,350.000,125.000,525.000,675.000,700.000,-1,-1,2,0,2,0,2,0,0,0,0,2,1,1,1,0,0,2,2
28,7767.091,10412.533,89.606,91.562,-0.026866,-0.999531,0.014716,0.999272,-0.027252,-0.026715,0.027103,0.013988,0.999535,0,0.59054,0.80080,35.432,1.602,-1,375.000,-1,375.000,-1,300.000,300.000,300.000,325.000,-1,250.000,125.000,550.000,675.000,725.000,-1,-1,2,0,2,0,2,0,0,0,0,2,1,1,1,0,0,2,2
29,7765.124,10447.965,89.146,93.174,-0.054704,-0.998280,0.021071,0.997964,-0.055355,-0.031671,0.032783,0.019295,0.999276,0,0.59144,0.80601,35.487,1.612,-1,375.000,-1,375.000,-1,300.000,325.000,300.000,325.000,-1,175.000,100.000,575.000,725.000,725.000,-1,-1,2,0,2,0,2,0,0,0,0,2,1,1,1,0,0,2,2
30,7762.148,10483.417,89.418,94.796,-0.082763,-0.996258,0.024911,0.995902,-0.083596,-0.034503,0.036456,0.021954,0.999094,0,0.59293,0.81133,35.576,1.623,-1,375.000,-1,375.000,-1,325.000,325.000,300.000,300.000,-1,175.000,125.000,600.000,725.000,725.000,-1,-1,2,0,2,0,2,0,0,0,0,2,1,1,1,0,0,2,2
31,7758.151,10518.888,90.853,96.430,-0.111151,-0.993503,0.024453,0.993099,-0.111965,-0.034905,0.037416,0.020404,0.999091,0,0.59494,0.81674,35.696,1.633,-1,375.000,-1,375.000,-1,325.000,325.000,300.000,300.000,-1,200.000,150.000,675.000,725.000,725.000,-1,-1,2,0,2,0,2,0,0,0,0,2,1,1,1,0,0,2,2
32,7753.117,10554.378,92.360,98.074,-0.139633,-0.989907,0.024222,0.989459,-0.140434,-0.035350,0.038395,0.019030,0.999081,0,0.59741,0.82224,35.845,1.644,-1,375.000,-1,375.000,-1,325.000,325.000,300.000,300.000,-1,225.000,175.000,750.000,725.000,725.000,-1,-1,2,0,2,0,2,0,0,0,0,2,1,1,1,0,0,2,2
33,7747.030,10589.878,93.912,99.730,-0.168187,-0.985460,0.024113,0.984967,-0.168981,-0.035866,0.039419,0.017718,0.999066,0,0.60031,0.82783,36.018,1.656,-1,375.000,-1,375.000,-1,325.000,325.000,300.000,300.000,-1,250.000,225.000,825.000,725.000,725.000,-1,-1,2,0,2,0,2,0,0,0,0,2,1,1,1,0,0,2,2
34,7739.874,10625.378,95.486,101.397,-0.196798,-0.980150,0.024023,0.979611,-0.197581,-0.036387,0.040411,0.016372,0.999049,0,0.60357,0.83350,36.214,1.667,-1,375.000,-1,375.000,-1,325.000,325.000,300.000,300.000,-1,275.000,250.000,925.000,725.000,725.000,-1,-1,2,0,2,0,2,0,0,0,0,2,1,1,1,0,0,2,2
35,7731.632,10660.863,97.080,103.076,-0.225438,-0.973963,0.023952,0.973379,-0.226211,-0.036911,0.041368,0.014993,0.999031,0,0.60716,0.83924,36.430,1.678,-1,375.000,-1,375.000,-1,325.000,325.000,300.000,300.000,-1,300.000,300.000,-1,750.000,700.000,-1,-1,2,0,2,0,2,0,0,0,0,2,1,1,2,0,0,2,2
36,7722.289,10696.316,98.696,104.766,-0.254083,-0.966887,0.023900,0.966257,-0.254843,-0.037436,0.042287,0.013582,0.999013,0,0.61105,0.84505,36.663,1.690,-1,400.000,-1,375.000,-1,325.000,325.000,300.000,300.000,-1,325.000,325.000,-1,750.000,700.000,-1,-1,2,0,2,0,2,0,0,0,0,2,1,1,2,0,0,2,2
37,7711.825,10731.714,100.331,106.468,-0.282705,-0.958910,0.023867,0.958235,-0.283451,-0.037965,0.043170,0.012137,0.998994,0,0.61520,0.85093,36.912,1.702,-1,400.000,-1,375.000,-1,325.000,325.000,300.000,300.000,-1,350.000,375.000,-1,750.000,700.000,-1,-1,2,0,2,0,2,0,0,0,0,2,1,1,2,0,0,2,2
38,7700.226,10767.033,101.986,108.181,-0.311276,-0.950020,0.023857,0.949300,-0.312007,-0.038488,0.044008,0.010667,0.998974,0,0.61958,0.85687,37.175,1.714,-1,400.000,-1,375.000,-1,325.000,325.000,300.000,300.000,-1,400.000,400.000,-1,750.000,700.000,-1,-1,2,0,2,0,2,0,0,0,0,2,1,1,2,0,0,2,2
39,7687.475,10802.245,103.661,109.907,-0.339766,-0.940207,0.023869,0.939442,-0.340480,-0.039005,0.044799,0.009171,0.998954,0,0.62416,0.86287,37.450,1.726,-1,400.000,-1,375.000,-1,325.000,325.000,300.000,300.000,-1,425.000,450.000,-1,750.000,700.000,-1,-1,2,0,2,0,2,0,0,0,0,2,1,1,2,0,0,2,2
40,7672.064,10841.585,105.557,111.393,-0.364048,-0.931074,0.023900,0.930264,-0.364748,-0.039601,0.045589,0.007816,0.998930,0,0.70416,0.74287,42.250,1.486,-1,400.000,-1,375.000,-1,325.000,325.000,300.000,300.000,-1,475.000,500.000,-1,750.000,700.000,-1,-1,2,0,2,0,2,0,0,0,0,2,1,1,2,0,0,2,2
41,7653.954,10885.009,107.674,112.638,-0.384218,-0.922932,0.023951,0.922077,-0.384907,-0.040270,0.046385,0.006612,0.998902,0,0.78416,0.62287,47.050,1.246,-1,400.000,-1,375.000,-1,325.000,325.000,300.000,300.000,-1,500.000,550.000,-1,750.000,700.000,-1,-1,2,0,2,0,2,0,0,0,0,2,1,1,2,0,0,2,2
42,7633.506,10931.714,109.973,113.644,-0.400368,-0.916039,0.024019,0.915139,-0.401050,-0.040991,0.047182,0.005569,0.998871,0,0.84975,0.50287,50.985,1.006,-1,400.000,-1,375.000,-1,325.000,325.000,300.000,300.000,-1,550.000,600.000,-1,750.000,725.000,-1,-1,2,0,2,0,2,0,0,0,0,2,1,1,2,0,0,2,2
43,7612.269,10978.509,112.294,114.410,-0.412582,-0.910602,0.024096,0.909658,-0.413258,-0.041709,0.047938,0.004711,0.998839,0,0.85647,0.38287,51.388,0.766,-1,400.000,-1,375.000,-1,325.000,325.000,300.000,300.000,-1,600.000,650.000,-1,750.000,725.000,-1,-1,2,0,2,0,2,0,0,0,0,2,1,1,2,0,0,2,2
44,7590.433,11025.476,114.684,114.936,-0.420933,-0.906775,0.023966,0.905793,-0.421597,-0.042372,0.048525,0.003872,0.998814,0,0.86325,0.26287,51.795,0.526,-1,400.000,-1,375.000,-1,325.000,325.000,300.000,300.000,-1,650.000,700.000,-1,750.000,725.000,-1,-1,2,0,2,0,2,0,0,0,0,2,1,1,2,0,0,2,2
45,7568.188,11072.703,117.192,115.221,-0.425483,-0.904664,0.023391,0.903650,-0.426115,-0.042927,0.048802,0.002873,0.998804,0,0.87006,0.14287,52.204,0.286,-1,400.000,-1,375.000,-1,325.000,325.000,300.000,300.000,-1,700.000,750.000,-1,750.000,725.000,-1,-1,2,0,2,0,2,0,0,0,0,2,1,1,2,0,0,2,2
46,7545.656,11120.249,119.843,115.356,-0.427651,-0.903662,0.022574,0.902591,-0.428244,-0.044013,0.049441,0.001553,0.998776,0,0.87691,0.06740,52.614,0.135,-1,400.000,-1,375.000,-1,325.000,325.000,300.000,300.000,-1,750.000,800.000,-1,775.000,725.000,-1,-1,2,0,2,0,2,0,0,0,0,2,1,1,2,0,0,2,2
47,7522.849,11168.122,122.535,115.474,-0.429553,-0.902780,0.021727,0.901649,-0.430102,-0.045185,0.050137,0.000181,0.998742,0,0.88379,0.05892,53.028,0.118,-1,400.000,-1,375.000,-1,325.000,325.000,300.000,300.000,-1,800.000,850.000,-1,775.000,725.000,-1,-1,2,0,2,0,2,0,0,0,0,2,1,1,2,0,0,2,2
48,7499.778,11216.330,125.245,115.575,-0.431183,-0.902022,0.020899,0.900832,-0.431688,-0.046339,0.050821,-0.001154,0.998707,0,0.89074,0.05036,53.444,0.101,-1,400.000,-1,375.000,-1,325.000,325.000,300.000,300.000,-1,850.000,900.000,-1,775.000,725.000,-1,-1,2,0,2,0,2,0,0,0,0,2,1,1,2,0,0,2,2
49,7476.455,11264.882,128.046,115.658,-0.432532,-0.901391,0.020255,0.900160,-0.433001,-0.047134,0.051257,-0.002154,0.998683,0,0.89773,0.04174,53.864,0.083,-1,400.000,-1,375.000,-1,325.000,325.000,300.000,300.000,-1,900.000,950.000,-1,775.000,750.000,-1,-1,2,0,2,0,2,0,0,0,0,2,1,1,2,0,0,2,2
50,7452.892,11313.789,130.893,115.724,-0.433597,-0.900889,0.019811,0.899626,-0.434040,-0.047771,0.051636,-0.002891,0.998662,0,0.90478,0.03305,54.287,0.066,-1,400.000,-1,375.000,-1,325.000,325.000,300.000,300.000,-1,950.000,1000.000,-1,775.000,750.000,-1,-1,2,0,2,0,2,0,0,0,0,2,1,1,2,0,0,2,2
51,7429.103,11363.059,133.809,115.773,-0.434365,-0.900520,0.019783,0.899224,-0.434803,-0.048404,0.052190,-0.003235,0.998632,0,0.91188,0.02429,54.713,0.049,-1,400.000,-1,375.000,-1,325.000,325.000,300.000,300.000,-1,1000.000,-1,-1,775.000,750.000,-1,-1,2,0,2,0,2,0,0,0,0,2,1,2,2,0,0,2,2
52,7405.100,11412.704,136.737,115.804,-0.434854,-0.900284,0.019752,0.898956,-0.435288,-0.049018,0.052728,-0.003560,0.998603,0,0.91905,0.01546,55.143,0.031,-1,400.000,-1,375.000,-1,325.000,325.000,300.000,300.000,-1,-1,-1,-1,800.000,750.000,-1,-1,2,0,2,0,2,0,0,0,0,2,2,2,2,0,0,2,2
53,7380.896,11462.733,139.677,115.817,-0.435064,-0.900183,0.019717,0.898823,-0.435494,-0.049616,0.053250,-0.003864,0.998574,0,0.92626,0.00656,55.576,0.013,-1,400.000,-1,400.000,-1,325.000,325.000,300.000,300.000,-1,-1,-1,-1,800.000,750.000,-1,-1,2,0,2,0,2,0,0,0,0,2,2,2,2,0,0,2,2
54,7356.507,11513.157,142.629,115.812,-0.434993,-0.900219,0.019677,0.898828,-0.435418,-0.050196,0.053755,-0.004149,0.998546,0,0.93354,-0.00241,56.012,-0.005,-1,400.000,-1,400.000,-1,325.000,325.000,300.000,300.000,-1,-1,-1,-1,825.000,775.000,-1,-1,2,0,2,0,2,0,0,0,0,2,2,2,2,0,0,2,2
55,7331.947,11563.986,145.594,115.789,-0.434637,-0.900392,0.019632,0.898971,-0.435057,-0.050759,0.054243,-0.004413,0.998518,0,0.94087,-0.01145,56.452,-0.023,-1,400.000,-1,400.000,-1,325.000,325.000,300.000,300.000,-1,-1,-1,-1,825.000,775.000,-1,-1,2,0,2,0,2,0,0,0,0,2,2,2,2,0,0,2,2
56,7307.320,11615.027,148.559,115.757,-0.434140,-0.900633,0.019581,0.899183,-0.434556,-0.051301,0.054712,-0.004664,0.998491,0,0.94451,-0.01594,56.671,-0.032,-1,400.000,-1,400.000,-1,325.000,325.000,300.000,300.000,-1,-1,-1,-1,850.000,775.000,-1,-1,2,0,2,0,2,0,0,0,0,2,2,2,2,0,0,2,2
57,7282.722,11666.080,151.530,115.725,-0.433647,-0.900873,0.019450,0.899396,-0.434054,-0.051803,0.055110,-0.004971,0.998468,0,0.94451,-0.01594,56.671,-0.032,-1,400.000,-1,400.000,-1,325.000,325.000,300.000,300.000,-1,-1,-1,-1,850.000,775.000,-1,-1,2,0,2,0,2,0,0,0,0,2,2,2,2,0,0,2,2
58,7258.152,11717.148,154.584,115.694,-0.433201,-0.901109,0.018414,0.899623,-0.433551,-0.052077,0.054910,-0.005994,0.998473,0,0.94451,-0.01594,56.671,-0.032,-1,400.000,-1,400.000,-1,325.000,325.000,300.000,300.000,-1,-1,-1,-1,850.000,800.000,-1,-1,2,0,2,0,2,0,0,0,0,2,2,2,2,0,0,2,2
59,7233.610,11768.229,157.529,115.662,-0.432758,-0.901345,0.017284,0.899867,-0.433047,-0.052051,0.054401,-0.006972,0.998495,0,0.94451,-0.01594,56.671,-0.032,-1,400.000,-1,400.000,-1,325.000,325.000,300.000,300.000,-1,-1,-1,-1,850.000,800.000,-1,-1,2,0,2,0,2,0,0,0,0,2,2,2,2,0,0,2,2
60,7209.097,11819.324,160.425,115.630,-0.432309,-0.901580,0.016218,0.900121,-0.432542,-0.051860,0.053771,-0.007821,0.998523,0,0.94451,-0.01594,56.671,-0.032,-1,400.000,-1,400.000,-1,325.000,325.000,300.000,300.000,-1,-1,-1,-1,850.000,800.000,-1,-1,2,0,2,0,2,0,0,0,0,2,2,2,2,0,0,2,2
61,7184.612,11870.432,163.301,115.598,-0.431859,-0.901814,0.015155,0.900376,-0.432038,-0.051633,0.053111,-0.008653,0.998551,0,0.94451,-0.01594,56.671,-0.032,-1,400.000,-1,400.000,-1,325.000,325.000,300.000,300.000,-1,-1,-1,-1,850.000,825.000,-1,-1,2,0,2,0,2,0,0,0,0,2,2,2,2,0,0,2,2
62,7160.156,11921.554,166.200,115.566,-0.431389,-0.902051,0.014407,0.900650,-0.431535,-0.051066,0.052282,-0.009054,0.998591,0,0.94451,-0.01594,56.671,-0.032,-1,400.000,-1,400.000,-1,325.000,325.000,300.000,300.000,-1,-1,-1,-1,875.000,825.000,-1,-1,2,0,2,0,2,0,0,0,0,2,2,2,2,0,0,2,2
63,7135.728,11972.690,169.070,115.534,-0.430922,-0.902287,0.013564,0.900933,-0.431031,-0.050324,0.051253,-0.009466,0.998641,0,0.94451,-0.01594,56.671,-0.032,-1,400.000,-1,400.000,-1,325.000,325.000,300.000,300.000,-1,-1,-1,-1,875.000,825.000,-1,-1,2,0,2,0,2,0,0,0,0,2,2,2,2,0,0,2,2
64,7113.591,12019.600,171.612,115.262,-0.426677,-0.904319,0.012443,0.903015,-0.426743,-0.049544,0.050113,-0.009903,0.998694,0,0.86451,-0.13594,51.871,-0.272,-1,400.000,-1,400.000,-1,325.000,325.000,300.000,300.000,-1,-1,-1,-1,875.000,850.000,-1,-1,2,0,2,0,2,0,0,0,0,2,2,2,2,0,0,2,2
65,7093.884,12062.346,173.907,114.751,-0.418611,-0.908094,0.011435,0.906837,-0.418647,-0.048810,0.049112,-0.010063,0.998743,0,0.78451,-0.25594,47.071,-0.512,-1,400.000,-1,400.000,-1,325.000,325.000,300.000,300.000,-1,-1,-1,-1,875.000,850.000,-1,-1,2,0,2,0,2,0,0,0,0,2,2,2,2,0,0,2,2
66,7076.692,12100.963,175.961,113.999,-0.406679,-0.913510,0.010551,0.912296,-0.406695,-0.048123,0.048252,-0.009945,0.998786,0,0.70451,-0.37594,42.271,-0.752,-1,400.000,-1,400.000,-1,325.000,325.000,300.000,300.000,-1,-1,-1,-1,875.000,850.000,-1,-1,2,0,2,0,2,0,0,0,0,2,2,2,2,0,0,2,2
67,7062.047,12135.453,177.781,113.007,-0.390816,-0.920417,0.009801,0.919241,-0.390822,-0.047484,0.047536,-0.009548,0.998824,0,0.62451,-0.49594,37.471,-0.992,-1,400.000,-1,400.000,-1,325.000,325.000,300.000,300.000,-1,-1,-1,-1,900.000,850.000,-1,-1,2,0,2,0,2,0,0,0,0,2,2,2,2,0,0,2,2
68,7049.928,12165.793,179.372,111.775,-0.370938,-0.928612,0.009195,0.927469,-0.370946,-0.046896,0.046959,-0.008867,0.998857,0,0.54451,-0.61594,32.671,-1.232,-1,400.000,-1,400.000,-1,325.000,325.000,300.000,300.000,-1,-1,-1,-1,900.000,850.000,-1,-1,2,0,2,0,2,0,0,0,0,2,2,2,2,0,0,2,2
69,7040.257,12191.932,180.736,110.303,-0.346954,-0.937841,0.008738,0.936728,-0.346974,-0.046362,0.046512,-0.007900,0.998886,0,0.46451,-0.73594,27.871,-1.472,-1,400.000,-1,400.000,-1,325.000,325.000,300.000,300.000,-1,-1,-1,-1,900.000,850.000,-1,-1,2,0,2,0,2,0,0,0,0,2,2,2,2,0,0,2,2
70,7032.902,12213.799,181.845,108.591,-0.318768,-0.947796,0.008353,0.946702,-0.318806,-0.046019,0.046280,-0.006762,0.998906,0,0.38451,-0.85594,23.071,-1.712,-1,400.000,-1,400.000,-1,325.000,325.000,300.000,300.000,-1,-1,-1,-1,900.000,850.000,-1,-1,2,0,2,0,2,0,0,0,0,2,2,2,2,0,0,2,2
71,7027.628,12231.292,182.695,106.776,-0.288577,-0.957423,0.007999,0.956339,-0.288633,-0.045891,0.046246,-0.005593,0.998914,0,0.30451,-0.90736,18.271,-1.815,-1,400.000,-1,400.000,-1,325.000,325.000,300.000,300.000,-1,-1,-1,-1,900.000,850.000,-1,-1,2,0,2,0,2,0,0,0,0,2,2,2,2,0,0,2,2
72,7024.150,12244.306,183.324,104.962,-0.258090,-0.966090,0.007770,0.965013,-0.258171,-0.045811,0.046263,-0.004325,0.998920,0,0.22451,-0.90736,13.471,-1.815,-1,400.000,-1,400.000,-1,325.000,325.000,300.000,300.000,-1,-1,-1,-1,900.000,850.000,-1,-1,2,0,2,0,2,0,0,0,0,2,2,2,2,0,0,2,2
73,7022.178,12252.750,183.729,103.147,-0.227339,-0.973786,0.007657,0.972713,-0.227449,-0.045784,0.046325,-0.002961,0.998922,0,0.14451,-0.90736,8.671,-1.815,-1,400.000,-1,400.000,-1,325.000,325.000,300.000,300.000,-1,-1,-1,-1,900.000,850.000,-1,-1,2,0,2,0,2,0,0,0,0,2,2,2,2,0,0,2,2
74,7021.418,12256.545,183.908,101.332,-0.196355,-0.980503,0.007646,0.979433,-0.196498,-0.045817,0.046426,-0.001508,0.998921,0,0.06451,-0.90736,3.871,-1.815,-1,400.000,-1,400.000,-1,325.000,325.000,300.000,300.000,-1,-1,-1,-1,900.000,850.000,-1,-1,2,0,2,0,2,0,0,0,0,2,2,2,2,0,0,2,2
75,7021.571,12255.629,183.861,99.518,-0.165169,-0.986235,0.007726,0.985166,-0.165350,-0.045912,0.046558,0.000028,0.998916,0,-0.01549,-0.90736,-0.929,-1.815,-1,400.000,-1,400.000,-1,325.000,325.000,300.000,300.000,-1,-1,-1,-1,900.000,850.000,-1,-1,2,0,2,0,2,0,0,0,0,2,2,2,2,0,0,2,2
76,7022.339,12249.951,183.587,97.703,-0.133813,-0.990975,0.007883,0.989905,-0.134035,-0.046072,0.046713,0.001639,0.998907,0,-0.09549,-0.90736,-5.729,-1.815,-1,400.000,-1,400.000,-1,325.000,325.000,300.000,300.000,-1,-1,-1,-1,900.000,850.000,-1,-1,2,0,2,0,2,0,0,0,0,2,2,2,2,0,0,2,2
77,7023.419,12239.477,183.083,95.888,-0.102319,-0.994719,0.008103,0.993646,-0.102585,-0.046296,0.046883,0.003314,0.998895,0,-0.17549,-0.90736,-10.529,-1.815,-1,400.000,-1,400.000,-1,325.000,325.000,300.000,300.000,-1,-1,-1,-1,900.000,825.000,-1,-1,2,0,2,0,2,0,0,0,0,2,2,2,2,0,0,2,2
78,7024.369,12226.134,182.445,94.073,-0.070720,-0.997461,0.008343,0.996387,-0.071033,-0.046559,0.047033,0.005020,0.998881,0,-0.22295,-0.90736,-13.377,-1.815,-1,400.000,-1,400.000,-1,325.000,325.000,300.000,300.000,-1,-1,-1,-1,900.000,825.000,-1,-1,2,0,2,0,2,0,0,0,0,2,2,2,2,0,0,2,2
79,7024.896,12212.767,181.811,92.259,-0.039051,-0.999201,0.008561,0.998126,-0.039410,-0.046822,0.047122,0.006716,0.998867,0,-0.22295,-0.90736,-13.377,-1.815,-1,400.000,-1,400.000,-1,325.000,325.000,300.000,300.000,-1,-1,-1,-1,900.000,825.000,-1,-1,2,0,2,0,2,0,0,0,0,2,2,2,2,0,0,2,2
80,7024.999,12199.390,181.181,90.444,-0.007343,-0.999935,0.008755,0.998861,-0.007748,-0.047086,0.047150,0.008399,0.998852,0,-0.22295,-0.90736,-13.377,-1.815,-1,400.000,-1,400.000,-1,325.000,325.000,300.000,300.000,-1,-1,-1,-1,900.000,825.000,-1,-1,2,0,2,0,2,0,0,0,0,2,2,2,2,0,0,2,2
81,7024.679,12186.017,180.556,88.629,0.024370,-0.999663,0.008926,0.998592,0.023921,-0.047347,0.047117,0.010067,0.998839,0,-0.22295,-0.90736,-13.377,-1.815,-1,400.000,-1,400.000,-1,325.000,325.000,325.000,300.000,-1,-1,-1,-1,900.000,825.000,-1,-1,2,0,2,0,2,0,0,0,0,2,2,2,2,0,0,2,2
82,7023.935,12172.660,179.937,86.814,0.056058,-0.998386,0.009073,0.997320,0.055565,-0.047605,0.047024,0.011717,0.998825,0,-0.22295,-0.90736,-13.377,-1.815,-1,400.000,-1,400.000,-1,325.000,325.000,325.000,300.000,-1,-1,-1,-1,875.000,800.000,-1,-1,2,0,2,0,2,0,0,0,0,2,2,2,2,0,0,2,2
83,7022.797,12158.989,179.305,85.240,0.083510,-0.996465,0.009197,0.995402,0.082979,-0.047846,0.046914,0.013150,0.998812,0,-0.22864,-0.78736,-13.719,-1.575,-1,400.000,-1,400.000,-1,325.000,325.000,325.000,300.000,-1,-1,-1,-1,875.000,800.000,-1,-1,2,0,2,0,2,0,0,0,0,2,2,2,2,0,0,2,2
84,7021.340,12145.348,178.675,83.905,0.106729,-0.994245,0.009299,0.993186,0.106165,-0.048068,0.046804,0.014366,0.998801,0,-0.22864,-0.66736,-13.719,-1.335,-1,400.000,-1,400.000,-1,325.000,325.000,325.000,300.000,-1,-1,-1,-1,875.000,800.000,-1,-1,2,0,2,0,2,0,0,0,0,2,2,2,2,0,0,2,2
85,7019.622,12131.737,178.046,82.810,0.125730,-0.992020,0.009383,0.990964,0.125140,-0.048268,0.046709,0.015367,0.998790,0,-0.22864,-0.54736,-13.719,-1.095,-1,400.000,-1,400.000,-1,325.000,325.000,325.000,300.000,-1,-1,-1,-1,875.000,800.000,-1,-1,2,0,2,0,2,0,0,0,0,2,2,2,2,0,0,2,2
86,7017.702,12118.154,177.417,81.956,0.140534,-0.990031,0.009453,0.988977,0.139922,-0.048449,0.046643,0.016158,0.998781,0,-0.22864,-0.42736,-13.719,-0.855,-1,400.000,-1,400.000,-1,325.000,325.000,325.000,300.000,-1,-1,-1,-1,875.000,800.000,-1,-1,2,0,2,0,2,0,0,0,0,2,2,2,2,0,0,2,2
87,7015.637,12104.592,176.787,81.341,0.151163,-0.988463,0.009513,0.987409,0.150534,-0.048611,0.046618,0.016742,0.998772,0,-0.22864,-0.30736,-13.719,-0.615,-1,400.000,-1,400.000,-1,325.000,325.000,325.000,300.000,-1,-1,-1,-1,875.000,800.000,-1,-1,2,0,2,0,2,0,0,0,0,2,2,2,2,0,0,2,2
88,7013.483,12091.043,176.155,80.966,0.157636,-0.987451,0.009568,0.986395,0.156995,-0.048755,0.046641,0.017123,0.998765,0,-0.22864,-0.18736,-13.719,-0.375,-1,400.000,-1,400.000,-1,325.000,325.000,325.000,300.000,-1,-1,-1,-1,875.000,800.000,-1,-1,2,0,2,0,2,0,0,0,0,2,2,2,2,0,0,2,2
89,7011.297,12077.500,175.520,80.831,0.159964,-0.987076,0.009620,0.986017,0.159316,-0.048885,0.046720,0.017306,0.998758,0,-0.22864,-0.06736,-13.719,-0.135,-1,400.000,-1,400.000,-1,325.000,325.000,325.000,300.000,-1,-1,-1,-1,850.000,800.000,-1,-1,2,0,2,0,2,0,0,0,0,2,2,2,2,0,0,2,2
90,7009.136,12063.953,174.882,80.937,0.158152,-0.987367,0.009674,0.986302,0.157502,-0.049001,0.046858,0.017291,0.998752,0,-0.22864,0.05264,-13.719,0.105,-1,400.000,-1,400.000,-1,325.000,325.000,325.000,300.000,-1,-1,-1,-1,850.000,800.000,-1,-1,2,0,2,0,2,0,0,0,0,2,2,2,2,0,0,2,2
91,7007.056,12050.393,174.239,81.282,0.152198,-0.988302,0.009733,0.987229,0.151549,-0.049106,0.047056,0.017083,0.998746,0,-0.22864,0.17264,-13.719,0.345,-1,400.000,-1,400.000,-1,325.000,325.000,325.000,300.000,-1,-1,-1,-1,850.000,800.000,-1,-1,2,0,2,0,2,0,0,0,0,2,2,2,2,0,0,2,2
92,7005.116,12036.812,173.592,81.867,0.142090,-0.989805,0.009801,0.988722,0.141447,-0.049203,0.047315,0.016681,0.998741,0,-0.22864,0.29264,-13.719,0.585,-1,400.000,-1,400.000,-1,325.000,325.000,300.000,300.000,-1,-1,-1,-1,850.000,800.000,-1,-1,2,0,2,0,2,0,0,0,0,2,2,2,2,0,0,2,2
93,7003.907,12027.976,173.172,82.213,0.136120,-0.990643,0.009848,0.989554,0.135480,-0.049269,0.047474,0.016451,0.998737,0,-0.14864,0.17264,-8.919,0.345,-1,400.000,-1,400.000,-1,325.000,325.000,300.000,300.000,-1,-1,-1,-1,850.000,800.000,-1,-1,2,0,2,0,2,0,0,0,0,2,2,2,2,0,0,2,2
94,7003.357,12023.894,172.979,82.318,0.134299,-0.990892,0.009869,0.989800,0.133660,-0.049303,0.047535,0.016390,0.998735,0,-0.06864,0.05264,-4.119,0.105,-1,400.000,-1,400.000,-1,325.000,325.000,300.000,300.000,-1,-1,-1,-1,850.000,800.000,-1,-1,2,0,2,0,2,0,0,0,0,2,2,2,2,0,0,2,2
95,7003.449,12024.569,173.012,82.183,0.136630,-0.990573,0.009864,0.989483,0.135989,-0.049304,0.047497,0.016497,0.998735,0,0.01136,-0.06736,0.681,-0.135,-1,400.000,-1,400.000,-1,325.000,325.000,300.000,300.000,-1,-1,-1,-1,850.000,800.000,-1,-1,2,0,2,0,2,0,0,0,0,2,2,2,2,0,0,2,2
96,7004.230,12029.994,173.272,81.808,0.143110,-0.989658,0.009835,0.988573,0.142464,-0.049271,0.047361,0.016774,0.998737,0,0.09136,-0.18736,5.481,-0.375,-1,400.000,-1,400.000,-1,325.000,325.000,300.000,300.000,-1,-1,-1,-1,850.000,800.000,-1,-1,2,0,2,0,2,0,0,0,0,2,2,2,2,0,0,2,2
97,7005.767,12040.160,173.755,81.403,0.150111,-0.988621,0.009786,0.987543,0.149461,-0.049198,0.047176,0.017050,0.998741,0,0.17136,-0.20267,10.281,-0.405,-1,400.000,-1,400.000,-1,325.000,325.000,300.000,300.000,-1,-1,-1,-1,850.000,800.000,-1,-1,2,0,2,0,2,0,0,0,0,2,2,2,2,0,0,2,2
98,7008.127,12055.056,174.460,80.998,0.157104,-0.987534,0.009723,0.986465,0.156450,-0.049084,0.046951,0.017302,0.998747,0,0.25136,-0.20267,15.081,-0.405,-1,400.000,-1,400.000,-1,325.000,325.000,325.000,300.000,-1,-1,-1,-1,850.000,800.000,-1,-1,2,0,2,0,2,0,0,0,0,2,2,2,2,0,0,2,2
99,7011.377,12074.670,175.388,80.592,0.164087,-0.986399,0.009647,0.985340,0.163432,-0.048932,0.046690,0.017535,0.998756,0,0.33136,-0.20267,19.881,-0.405,-1,400.000,-1,400.000,-1,325.000,325.000,325.000,300.000,-1,-1,-1,-1,850.000,800.000,-1,-1,2,0,2,0,2,0,0,0,0,2,2,2,2,0,0,2,2
100,7015.583,12098.990,176.537,80.187,0.171060,-0.985214,0.009564,0.984168,0.170405,-0.048745,0.046395,0.017751,0.998765,0,0.41136,-0.20267,24.681,-0.405,-1,400.000,-1,400.000,-1,325.000,325.000,325.000,300.000,-1,-1,-1,-1,875.000,800.000,-1,-1,2,0,2,0,2,0,0,0,0,2,2,2,2,0,0,2,2
101,7020.813,12128.004,177.909,79.782,0.178025,-0.983980,0.009476,0.982947,0.177370,-0.048526,0.046067,0.017953,0.998777,0,0.49136,-0.20267,29.481,-0.405,-1,400.000,-1,400.000,-1,325.000,325.000,325.000,300.000,-1,-1,-1,-1,875.000,800.000,-1,-1,2,0,2,0,2,0,0,0,0,2,2,2,2,0,0,2,2
102,7027.133,12161.698,179.504,79.376,0.184979,-0.982698,0.009389,0.981679,0.184326,-0.048277,0.045711,0.018147,0.998790,0,0.57136,-0.20267,34.281,-0.405,-1,400.000,-1,400.000,-1,325.000,325.000,325.000,300.000,-1,-1,-1,-1,875.000,800.000,-1,-1,2,0,2,0,2,0,0,0,0,2,2,2,2,0,0,2,2
103,7034.610,12200.057,181.325,78.971,0.191924,-0.981366,0.009305,0.980362,0.191273,-0.048004,0.045330,0.018335,0.998804,0,0.65136,-0.20267,39.081,-0.405,-1,400.000,-1,400.000,-1,325.000,325.000,325.000,300.000,-1,-1,-1,-1,875.000,800.000,-1,-1,2,0,2,0,2,0,0,0,0,2,2,2,2,0,0,2,2
104,7041.556,12233.679,182.930,78.326,0.202969,-0.979141,0.009257,0.978154,0.202312,-0.047803,0.044933,0.018758,0.998814,0,0.57220,-0.32267,34.332,-0.645,-1,400.000,-1,400.000,-1,325.000,325.000,325.000,300.000,-1,-1,-1,-1,875.000,800.000,-1,-1,2,0,2,0,2,0,0,0,0,2,2,2,2,0,0,2,2
105,7048.955,12267.204,184.537,77.555,0.216133,-0.976320,0.009238,0.975349,0.215467,-0.047635,0.044516,0.019305,0.998822,0,0.57220,-0.38549,34.332,-0.771,-1,400.000,-1,400.000,-1,325.000,325.000,325.000,300.000,-1,-1,-1,-1,875.000,800.000,-1,-1,2,0,2,0,2,0,0,0,0,2,2,2,2,0,0,2,2
106,7056.804,12300.626,186.145,76.784,0.229258,-0.973322,0.009243,0.972366,0.228582,-0.047489,0.044110,0.019875,0.998829,0,0.57220,-0.38549,34.332,-0.771,-1,425.000,-1,400.000,-1,325.000,325.000,325.000,300.000,-1,-1,-1,-1,900.000,800.000,-1,-1,2,0,2,0,2,0,0,0,0,2,2,2,2,0,0,2,2
107,7065.102,12333.940,187.752,76.013,0.242343,-0.970146,0.009273,0.969205,0.241655,-0.047369,0.043714,0.020467,0.998834,0,0.57220,-0.38549,34.332,-0.771,-1,425.000,-1,400.000,-1,325.000,325.000,325.000,300.000,-1,-1,-1,-1,900.000,825.000,-1,-1,2,0,2,0,2,0,0,0,0,2,2,2,2,0,0,2,2
108,7073.848,12367.139,189.325,75.242,0.255378,-0.966797,0.009217,0.965875,0.254685,-0.047126,0.043214,0.020938,0.998846,0,0.57220,-0.38549,34.332,-0.771,-1,425.000,-1,400.000,-1,325.000,325.000,325.000,300.000,-1,-1,-1,-1,900.000,825.000,-1,-1,2,0,2,0,2,0,0,0,0,2,2,2,2,0,0,2,2
109,7083.039,12400.218,190.811,74.471,0.268354,-0.963280,0.008817,0.962368,0.267670,-0.046919,0.042836,0.021076,0.998860,0,0.57220,-0.38549,34.332,-0.771,-1,425.000,-1,400.000,-1,325.000,325.000,325.000,300.000,-1,-1,-1,-1,925.000,825.000,-1,-1,2,0,2,0,2,0,0,0,0,2,2,2,2,0,0,2,2
110,7092.675,12433.169,192.081,73.700,0.281242,-0.959606,0.007761,0.958723,0.280612,-0.045905,0.041872,0.020351,0.998916,0,0.57220,-0.38549,34.332,-0.771,-1,425.000,-1,400.000,-1,325.000,325.000,325.000,300.000,-1,-1,-1,-1,925.000,825.000,-1,-1,2,0,2,0,2,0,0,0,0,2,2,2,2,0,0,2,2
111,7102.754,12465.988,193.320,72.929,0.294076,-0.955759,0.006660,0.954910,0.293503,-0.044743,0.040809,0.019518,0.998976,0,0.57220,-0.38549,34.332,-0.771,-1,425.000,-1,400.000,-1,325.000,325.000,325.000,300.000,-1,-1,-1,-1,900.000,825.000,-1,-1,2,0,2,0,2,0,0,0,0,2,2,2,2,0,0,2,2
112,7113.274,12498.669,194.561,72.158,0.306862,-0.951738,0.005615,0.950924,0.306342,-0.043577,0.039754,0.018711,0.999034,0,0.57220,-0.38549,34.332,-0.771,-1,425.000,-1,400.000,-1,325.000,325.000,325.000,325.000,-1,-1,-1,-1,900.000,825.000,-1,-1,2,0,2,0,2,0,0,0,0,2,2,2,2,0,0,2,2
113,7124.232,12531.205,195.777,71.387,0.319599,-0.947541,0.004693,0.946759,0.319125,-0.042512,0.038784,0.018030,0.999085,0,0.57220,-0.38549,34.332,-0.771,-1,425.000,-1,400.000,-1,325.000,325.000,300.000,325.000,-1,-1,-1,-1,900.000,825.000,-1,-1,2,0,2,0,2,0,0,0,0,2,2,2,2,0,0,2,2
114,7135.627,12563.590,196.968,70.616,0.332286,-0.943171,0.003893,0.942417,0.331849,-0.041556,0.037903,0.017477,0.999129,0,0.57220,-0.38549,34.332,-0.771,-1,425.000,-1,400.000,-1,325.000,325.000,300.000,325.000,-1,-1,-1,-1,900.000,825.000,-1,-1,2,0,2,0,2,0,0,0,0,2,2,2,2,0,0,2,2
115,7147.456,12595.819,197.996,69.845,0.344935,-0.938618,0.003896,0.937915,0.344509,-0.040351,0.036532,0.017573,0.999178,0,0.57220,-0.38549,34.332,-0.771,-1,425.000,-1,400.000,-1,325.000,325.000,300.000,325.000,-1,-1,-1,-1,900.000,825.000,-1,-1,2,0,2,0,2,0,0,0,0,2,2,2,2,0,0,2,2
116,7159.718,12627.887,199.018,69.074,0.357525,-0.933895,0.004000,0.933242,0.357107,-0.039157,0.035141,0.017733,0.999225,0,0.57220,-0.38549,34.332,-0.771,-1,425.000,-1,400.000,-1,325.000,325.000,300.000,325.000,-1,-1,-1,-1,875.000,800.000,-1,-1,2,0,2,0,2,0,0,0,0,2,2,2,2,0,0,2,2
117,7172.411,12659.786,200.045,68.303,0.370050,-0.929002,0.004150,0.928398,0.369640,-0.037995,0.033763,0.017913,0.999269,0,0.57220,-0.38549,34.332,-0.771,-1,400.000,-1,400.000,-1,325.000,325.000,300.000,325.000,-1,-1,-1,-1,875.000,800.000,-1,-1,2,0,2,0,2,0,0,0,0,2,2,2,2,0,0,2,2
118,7185.531,12691.511,201.079,67.532,0.382510,-0.923941,0.004346,0.923383,0.382105,-0.036864,0.032399,0.018114,0.999311,0,0.57220,-0.38549,34.332,-0.771,-1,400.000,-1,400.000,-1,325.000,325.000,300.000,300.000,-1,-1,-1,-1,875.000,800.000,-1,-1,2,0,2,0,2,0,0,0,0,2,2,2,2,0,0,2,2
119,7199.077,12723.058,202.102,66.761,0.394902,-0.918711,0.004672,0.918200,0.394501,-0.035744,0.030995,0.018405,0.999350,0,0.57220,-0.38549,34.332,-0.771,-1,400.000,-1,400.000,-1,325.000,325.000,325.000,300.000,-1,-1,-1,-1,875.000,800.000,-1,-1,2,0,2,0,2,0,0,0,0,2,2,2,2,0,0,2,2
120,7213.047,12754.419,203.115,65.990,0.407225,-0.913313,0.005115,0.912849,0.406824,-0.034643,0.029559,0.018777,0.999387,0,0.57220,-0.38549,34.332,-0.771,-1,400.000,-1,400.000,-1,325.000,325.000,325.000,300.000,-1,-1,-1,-1,850.000,800.000,-1,-1,2,0,2,0,2,0,0,0,0,2,2,2,2,0,0,2,2
121,7227.437,12785.589,204.134,65.219,0.419475,-0.907750,0.005611,0.907331,0.419074,-0.033580,0.028131,0.019177,0.999420,0,0.57220,-0.38549,34.332,-0.771,-1,400.000,-1,400.000,-1,325.000,325.000,325.000,300.000,-1,-1,-1,-1,850.000,775.000,-1,-1,2,0,2,0,2,0,0,0,0,2,2,2,2,0,0,2,2
122,7242.245,12816.563,205.159,64.448,0.431648,-0.902021,0.006160,0.901646,0.431247,-0.032558,0.026712,0.019608,0.999451,0,0.57220,-0.38549,34.332,-0.771,-1,400.000,-1,400.000,-1,325.000,325.000,325.000,300.000,-1,-1,-1,-1,850.000,775.000,-1,-1,2,0,2,0,2,0,0,0,0,2,2,2,2,0,0,2,2
123,7257.468,12847.335,206.189,63.677,0.443743,-0.896128,0.006760,0.895797,0.443341,-0.031578,0.025301,0.020068,0.999478,0,0.57220,-0.38549,34.332,-0.771,-1,400.000,-1,400.000,-1,325.000,325.000,325.000,300.000,-1,-1,-1,-1,850.000,775.000,-1,-1,2,0,2,0,2,0,0,0,0,2,2,2,2,0,0,2,2
124,7273.105,12877.899,207.225,62.906,0.455758,-0.890073,0.007410,0.889783,0.455354,-0.030641,0.023899,0.020559,0.999503,0,0.57220,-0.38549,34.332,-0.771,-1,400.000,-1,400.000,-1,325.000,325.000,325.000,300.000,-1,-1,-1,-1,825.000,775.000,-1,-1,2,0,2,0,2,0,0,0,0,2,2,2,2,0,0,2,2
125,7289.151,12908.250,208.209,62.135,0.467686,-0.883860,0.007812,0.883603,0.467287,-0.029806,0.022694,0.020843,0.999525,0,0.57220,-0.38549,34.332,-0.771,-1,400.000,-1,400.000,-1,325.000,325.000,325.000,300.000,-1,-1,-1,-1,825.000,775.000,-1,-1,2,0,2,0,2,0,0,0,0,2,2,2,2,0,0,2,2
126,7305.604,12938.382,209.196,61.364,0.479530,-0.877487,0.008241,0.877262,0.479135,-0.029014,0.021511,0.021142,0.999545,0,0.57220,-0.38549,34.332,-0.771,-1,400.000,-1,375.000,-1,325.000,325.000,325.000,300.000,-1,-1,-1,-1,825.000,775.000,-1,-1,2,0,2,0,2,0,0,0,0,2,2,2,2,0,0,2,2
127,7322.462,12968.290,209.978,60.593,0.491277,-0.870970,0.007640,0.870750,0.490904,-0.028435,0.021016,0.020622,0.999566,0,0.57220,-0.38549,34.332,-0.771,-1,400.000,-1,375.000,-1,325.000,325.000,325.000,300.000,-1,-1,-1,-1,825.000,775.000,-1,-1,2,0,2,0,2,0,0,0,0,2,2,2,2,0,0,2,2
128,7341.991,13002.201,210.856,60.062,0.499309,-0.866397,0.006874,0.866179,0.498962,-0.027771,0.020631,0.019820,0.999591,0,0.65220,-0.26549,39.132,-0.531,-1,400.000,-1,400.000,-1,325.000,325.000,325.000,300.000,-1,-1,-1,-1,825.000,775.000,-1,-1,2,0,2,0,2,0,0,0,0,2,2,2,2,0,0,2,2
129,7364.109,13040.158,211.825,59.771,0.503678,-0.863871,0.005992,0.863656,0.503367,-0.026818,0.020151,0.018683,0.999622,0,0.73220,-0.14549,43.932,-0.291,-1,400.000,-1,400.000,-1,325.000,325.000,325.000,300.000,-1,-1,-1,-1,825.000,775.000,-1,-1,2,0,2,0,2,0,0,0,0,2,2,2,2,0,0,2,2
130,7388.681,13082.241,212.816,59.720,0.504411,-0.863450,0.004835,0.863248,0.504152,-0.025188,0.019311,0.016879,0.999671,0,0.81220,-0.02549,48.732,-0.051,-1,400.000,-1,400.000,-1,325.000,325.000,325.000,300.000,-1,-1,-1,-1,825.000,775.000,-1,-1,2,0,2,0,2,0,0,0,0,2,2,2,2,0,0,2,2
131,7415.215,13128.030,213.930,59.909,0.501523,-0.865137,0.003587,0.864947,0.501317,-0.023401,0.018446,0.014839,0.999720,0,0.88202,0.09451,52.921,0.189,-1,400.000,-1,400.000,-1,325.000,325.000,300.000,300.000,-1,-1,-1,-1,800.000,775.000,-1,-1,2,0,2,0,2,0,0,0,0,2,2,2,2,0,0,2,2
132,7441.426,13174.054,215.086,60.338,0.494997,-0.868892,0.002314,0.868716,0.494839,-0.021595,0.017618,0.012699,0.999764,0,0.88275,0.21451,52.965,0.429,-1,400.000,-1,400.000,-1,325.000,325.000,300.000,325.000,-1,-1,-1,-1,800.000,775.000,-1,-1,2,0,2,0,2,0,0,0,0,2,2,2,2,0,0,2,2
133,7467.112,13220.407,216.085,61.007,0.484796,-0.874626,0.001343,0.874454,0.484669,-0.020649,0.017409,0.011185,0.999786,0,0.88323,0.33451,52.994,0.669,-1,400.000,-1,400.000,-1,325.000,325.000,300.000,325.000,-1,-1,-1,-1,800.000,775.000,-1,-1,2,0,2,0,2,0,0,0,0,2,2,2,2,0,0,2,2
134,7492.066,13267.171,217.000,61.916,0.470844,-0.882216,0.000555,0.882041,0.470738,-0.020252,0.017605,0.010025,0.999795,0,0.88343,0.45451,53.006,0.909,-1,400.000,-1,400.000,-1,325.000,325.000,300.000,325.000,-1,-1,-1,-1,825.000,775.000,-1,-1,2,0,2,0,2,0,0,0,0,2,2,2,2,0,0,2,2
135,7516.073,13314.422,217.719,63.065,0.453056,-0.891482,0.000739,0.891314,0.452954,-0.019787,0.017305,0.009624,0.999804,0,0.88334,0.57451,53.000,1.149,-1,400.000,-1,400.000,-1,325.000,325.000,300.000,325.000,-1,-1,-1,-1,825.000,775.000,-1,-1,2,0,2,0,2,0,0,0,0,2,2,2,2,0,0,2,2
136,7538.919,13362.220,218.437,64.454,0.431311,-0.902203,0.001064,0.902046,0.431213,-0.019219,0.016880,0.009249,0.999815,0,0.88294,0.69451,52.977,1.389,-1,400.000,-1,400.000,-1,325.000,325.000,300.000,300.000,-1,-1,-1,-1,825.000,800.000,-1,-1,2,0,2,0,2,0,0,0,0,2,2,2,2,0,0,2,2
137,7560.379,13410.611,219.189,66.083,0.405485,-0.914101,0.001343,0.913954,0.405392,-0.018561,0.016422,0.008754,0.999827,0,0.88226,0.81451,52.936,1.629,-1,400.000,-1,400.000,-1,325.000,325.000,325.000,300.000,-1,-1,-1,-1,825.000,800.000,-1,-1,2,0,2,0,2,0,0,0,0,2,2,2,2,0,0,2,2
138,7580.229,13459.623,219.974,67.952,0.375450,-0.926841,0.001555,0.926706,0.375366,-0.017799,0.015914,0.008123,0.999840,0,0.88133,0.93451,52.880,1.869,-1,400.000,-1,400.000,-1,325.000,325.000,325.000,300.000,-1,-1,-1,-1,825.000,800.000,-1,-1,2,0,2,0,2,0,0,0,0,2,2,2,2,0,0,2,2
