timestep,x_cm,y_cm,z_cm,yaw_deg,basis_xx,basis_xy,basis_xz,basis_yx,basis_yy,basis_yz,basis_zx,basis_zy,basis_zz,teleport_flag,throttle_cmd,steering_cmd,cmd_move_cm,cmd_turn_deg,lidar_cm_0,lidar_cm_1,lidar_cm_2,lidar_cm_3,lidar_cm_4,lidar_cm_5,lidar_cm_6,lidar_cm_7,lidar_cm_8,lidar_cm_9,lidar_cm_10,lidar_cm_11,lidar_cm_12,lidar_cm_13,lidar_cm_14,lidar_cm_15,lidar_cm_16,lidar_class_0,lidar_class_1,lidar_class_2,lidar_class_3,lidar_class_4,lidar_class_5,lidar_class_6,lidar_class_7,lidar_class_8,lidar_class_9,lidar_class_10,lidar_class_11,lidar_class_12,lidar_class_13,lidar_class_14,lidar_class_15,lidar_class_16
0,-6884.176,-9507.362,-145.145,49.417,0.649612,-0.758467,0.052272,0.759985,0.649704,-0.017542,-0.020656,0.051121,0.998479,1,0.08000,-0.11828,4.800,-0.237,400.000,400.000,-1,375.000,750.000,325.000,325.000,300.000,-1,775.000,-1,-1,-1,550.000,600.000,475.000,725.000,1,0,2,0,1,0,0,0,2,1,2,2,2,1,1,1,1
1,-6877.900,-9500.097,-145.284,49.180,0.652725,-0.755782,0.052375,0.757305,0.652826,-0.017525,-0.020947,0.051103,0.998474,0,0.16000,-0.11812,9.600,-0.236,400.000,400.000,-1,375.000,750.000,325.000,325.000,300.000,-1,750.000,-1,-1,-1,550.000,600.000,475.000,725.000,1,1,2,0,1,0,0,0,2,1,2,2,2,1,1,1,1
2,-6868.442,-9489.238,-145.509,48.945,0.655817,-0.753092,0.052505,0.754620,0.655928,-0.017494,-0.021265,0.051095,0.998467,0,0.24000,-0.11778,14.400,-0.236,400.000,400.000,-1,375.000,725.000,325.000,325.000,300.000,-1,750.000,-1,-1,-1,550.000,600.000,450.000,700.000,1,1,2,0,1,0,0,0,2,1,2,2,2,1,1,1,1
3,-6855.773,-9474.812,-146.050,48.710,0.658903,-0.750370,0.052838,0.751936,0.658976,-0.018493,-0.020942,0.051916,0.998432,0,0.32000,-0.11722,19.200,-0.234,375.000,400.000,-1,375.000,700.000,325.000,325.000,300.000,-1,750.000,-1,-1,-1,550.000,600.000,450.000,675.000,1,1,2,0,1,0,0,0,2,1,2,2,2,1,1,1,1
4,-6839.865,-9456.842,-147.130,48.478,0.662001,-0.747590,0.053523,0.749254,0.661933,-0.021534,-0.019330,0.054358,0.998334,0,0.40000,-0.11636,24.000,-0.233,375.000,400.000,-1,375.000,675.000,325.000,325.000,300.000,-1,750.000,-1,-1,-1,550.000,575.000,450.000,675.000,1,1,2,0,1,0,0,0,2,1,2,2,2,1,1,1,1
5,-6820.688,-9435.355,-148.456,48.247,0.665085,-0.744832,0.053737,0.746568,0.664848,-0.024781,-0.017270,0.056600,0.998248,0,0.48000,-0.11509,28.800,-0.230,350.000,375.000,-1,375.000,650.000,325.000,325.000,300.000,-1,750.000,-1,-1,-1,575.000,575.000,425.000,625.000,1,1,2,0,1,0,0,0,2,1,2,2,2,1,1,1,1
6,-6798.215,-9410.376,-149.934,48.021,0.668127,-0.742111,0.053641,0.743895,0.667711,-0.027972,-0.015059,0.058592,0.998168,0,0.56000,-0.11328,33.600,-0.227,350.000,375.000,-1,375.000,625.000,325.000,325.000,300.000,-1,750.000,-1,-1,-1,575.000,550.000,425.000,600.000,1,1,2,1,1,0,0,0,2,1,2,2,2,1,1,1,1
7,-6772.422,-9381.928,-151.464,47.799,0.671090,-0.739452,0.053370,0.741261,0.670510,-0.030800,-0.013010,0.060231,0.998100,0,0.64000,-0.11076,38.400,-0.222,325.000,375.000,-1,375.000,575.000,325.000,325.000,300.000,850.000,800.000,-1,-1,-1,600.000,550.000,400.000,575.000,1,1,2,1,1,0,0,0,1,1,2,2,2,1,1,1,1
8,-6743.284,-9350.034,-152.971,47.585,0.673943,-0.736890,0.052867,0.738696,0.673235,-0.032899,-0.011349,0.061225,0.998059,0,0.72000,-0.10735,43.200,-0.215,300.000,350.000,-1,350.000,525.000,325.000,325.000,325.000,700.000,825.000,-1,-1,-1,675.000,525.000,375.000,525.000,1,1,2,1,1,1,0,0,1,1,2,2,2,1,1,1,1
9,-6710.781,-9314.713,-154.372,47.379,0.676643,-0.734467,0.052075,0.736239,0.675875,-0.033849,-0.010335,0.061243,0.998069,0,0.80000,-0.10283,48.000,-0.206,275.000,350.000,-1,350.000,500.000,325.000,325.000,325.000,575.000,875.000,325.000,-1,-1,900.000,500.000,350.000,500.000,1,1,2,1,1,1,0,0,1,1,0,2,2,1,1,1,1
10,-6678.188,-9279.536,-155.473,47.185,0.679146,-0.732227,0.051039,0.733932,0.678406,-0.033309,-0.010235,0.060081,0.998141,0,0.79927,-0.09699,47.956,-0.194,250.000,350.000,-1,325.000,450.000,325.000,325.000,325.000,450.000,925.000,225.000,325.000,-1,875.000,475.000,325.000,450.000,1,1,2,1,1,1,1,0,1,1,0,0,2,1,1,1,1
11,-6648.623,-9248.097,-153.907,46.751,0.684980,-0.726744,0.051437,0.728552,0.683628,-0.043183,-0.003781,0.067054,0.997742,0,0.71927,-0.21699,43.156,-0.434,250.000,400.000,-1,325.000,425.000,350.000,325.000,325.000,350.000,975.000,175.000,175.000,-1,900.000,475.000,-1,425.000,1,1,2,1,1,1,1,1,1,1,0,0,2,1,1,2,1
12,-6622.018,-9220.467,-152.169,46.077,0.693762,-0.718509,0.049387,0.720203,0.691992,-0.049538,0.001418,0.069937,0.997550,0,0.63927,-0.33699,38.356,-0.674,275.000,450.000,-1,325.000,425.000,375.000,300.000,300.000,300.000,-1,175.000,150.000,-1,900.000,450.000,-1,425.000,1,1,2,1,1,1,1,1,1,2,0,0,2,1,1,2,1
13,-6598.234,-9196.549,-150.348,45.163,0.705353,-0.707470,0.044319,0.708834,0.703455,-0.052007,0.005617,0.068098,0.997663,0,0.56216,-0.45699,33.730,-0.914,325.000,500.000,-1,325.000,425.000,375.000,300.000,275.000,275.000,-1,200.000,175.000,-1,900.000,450.000,-1,425.000,1,1,2,1,1,1,1,1,1,2,0,0,2,1,1,2,1
14,-6574.096,-9173.237,-148.753,44.009,0.719571,-0.693359,0.038352,0.694371,0.717768,-0.051558,0.008220,0.063730,0.997933,0,0.55929,-0.57699,33.557,-1.154,-1,500.000,-1,325.000,425.000,350.000,300.000,250.000,275.000,-1,200.000,200.000,-1,875.000,450.000,-1,425.000,2,1,2,1,1,1,1,1,1,2,0,0,2,1,1,2,1
15,-6545.864,-9147.270,-147.230,42.615,0.736249,-0.676008,0.030841,0.676644,0.734766,-0.047671,0.009565,0.055967,0.998387,0,0.63929,-0.69699,38.357,-1.394,-1,475.000,-1,325.000,450.000,350.000,300.000,225.000,300.000,-1,225.000,225.000,-1,825.000,450.000,-1,425.000,2,1,2,1,1,1,1,1,1,2,0,0,2,1,1,2,1
16,-6514.961,-9120.434,-145.984,40.981,0.755157,-0.655164,0.022321,0.655483,0.754183,-0.039361,0.008954,0.044355,0.998976,0,0.68214,-0.81699,40.929,-1.634,-1,450.000,-1,300.000,450.000,325.000,300.000,200.000,325.000,-1,275.000,300.000,-1,750.000,450.000,-1,425.000,2,1,2,1,1,1,1,1,1,2,0,0,2,1,1,2,1
17,-6479.473,-9091.594,-146.418,39.107,0.776137,-0.630435,0.012815,0.630485,0.775554,-0.031709,0.010052,0.032691,0.999415,0,0.76214,-0.93699,45.729,-1.874,-1,425.000,-1,300.000,450.000,325.000,275.000,200.000,325.000,-1,250.000,300.000,-1,700.000,425.000,-1,400.000,2,1,2,1,1,1,1,1,1,2,0,0,2,1,1,2,1
18,-6442.455,-9063.597,-147.538,37.107,0.797582,-0.603197,0.004160,0.603140,0.797364,-0.020788,0.009222,0.019089,0.999775,0,0.77353,-1.00000,46.412,-2.000,-1,375.000,-1,275.000,450.000,300.000,250.000,175.000,350.000,-1,250.000,300.000,-1,625.000,400.000,-1,375.000,2,1,2,1,1,1,1,1,1,2,0,0,2,1,1,2,1
19,-6400.682,-9033.971,-149.123,35.347,0.815650,-0.578527,-0.004708,0.578503,0.815661,-0.005568,0.007061,0.001818,0.999973,0,0.85353,-0.88000,51.212,-1.760,-1,350.000,-1,275.000,450.000,275.000,250.000,150.000,375.000,950.000,250.000,350.000,-1,550.000,375.000,1000.000,350.000,2,1,2,1,1,1,1,1,1,1,0,0,2,1,1,1,1
20,-6354.153,-9002.788,-151.300,33.827,0.830676,-0.556576,-0.014197,0.556745,0.830554,0.014683,0.003619,-0.020101,0.999791,0,0.93353,-0.76000,56.012,-1.520,-1,300.000,-1,250.000,425.000,250.000,225.000,125.000,425.000,600.000,225.000,400.000,-1,450.000,350.000,650.000,325.000,2,1,2,1,1,1,1,1,1,1,0,0,2,1,1,1,1
21,-6305.250,-8971.578,-147.683,32.547,0.842576,-0.537885,-0.027299,0.538219,0.842782,0.006238,0.019652,-0.019949,0.999608,0,0.96689,-0.64000,58.013,-1.280,-1,300.000,-1,250.000,-1,250.000,225.000,150.000,425.000,425.000,150.000,275.000,-1,475.000,375.000,700.000,325.000,2,1,2,1,2,1,1,1,1,1,0,0,2,1,1,1,1
22,-6255.535,-8941.105,-143.562,31.507,0.851595,-0.522507,-0.042115,0.522853,0.852417,-0.003200,0.037572,-0.019294,0.999108,0,0.97182,-0.52000,58.309,-1.040,-1,300.000,-1,250.000,-1,250.000,225.000,175.000,450.000,300.000,125.000,200.000,-1,500.000,375.000,875.000,350.000,2,1,2,1,2,1,1,1,1,1,0,0,2,1,1,1,1
23,1796.095,912.720,24.485,-72.308,0.305972,0.951842,0.019460,-0.949551,0.303631,0.078498,0.068809,-0.042496,0.996724,1,0.00000,0.00000,58.561,-0.800,-1,600.000,-1,350.000,-1,375.000,325.000,275.000,425.000,525.000,150.000,225.000,-1,-1,975.000,-1,-1,2,0,2,1,2,1,1,0,1,0,0,0,2,2,1,2,2
24,1797.573,908.154,24.570,-72.068,0.310000,0.950537,0.019478,-0.948191,0.307607,0.079448,0.069527,-0.043098,0.996649,0,0.08000,0.12000,4.800,0.240,-1,600.000,-1,375.000,-1,375.000,325.000,275.000,425.000,525.000,150.000,225.000,-1,-1,1000.000,-1,-1,2,0,2,1,2,1,1,0,1,0,0,0,2,2,1,2,2
25,1800.605,899.045,24.721,-71.588,0.318038,0.947878,0.019477,-0.945423,0.315543,0.081291,0.070908,-0.044268,0.996500,0,0.16000,0.24000,9.600,0.480,-1,600.000,-1,375.000,-1,375.000,325.000,275.000,425.000,500.000,125.000,225.000,-1,-1,-1,-1,-1,2,0,2,1,2,1,1,0,1,0,0,0,2,2,2,2,2
26,1805.326,885.440,24.905,-70.868,0.330043,0.943767,0.019382,-0.941151,0.327405,0.083913,0.072848,-0.045936,0.996285,0,0.24000,0.36000,14.400,0.720,-1,600.000,-1,400.000,-1,400.000,350.000,275.000,425.000,500.000,125.000,225.000,-1,-1,-1,-1,-1,2,0,2,1,2,1,1,0,1,0,0,0,2,2,2,2,2
27,1811.875,867.391,25.114,-70.059,0.343484,0.938960,0.019293,-0.936138,0.340661,0.087151,0.075259,-0.047996,0.996008,0,0.32000,0.40438,19.200,0.809,-1,600.000,-1,400.000,-1,425.000,350.000,275.000,400.000,475.000,125.000,225.000,-1,-1,-1,-1,-1,2,0,2,1,2,1,1,0,1,0,0,0,2,2,2,2,2
28,1820.372,844.945,25.330,-69.268,0.356604,0.934056,0.019317,-0.930992,0.353556,0.090845,0.078025,-0.050380,0.995678,0,0.40000,0.39571,24.000,0.791,-1,600.000,-1,425.000,-1,425.000,375.000,275.000,400.000,450.000,125.000,225.000,-1,-1,-1,-1,-1,2,0,2,1,2,1,1,0,1,0,0,0,2,2,2,2,2
29,1830.929,818.149,25.500,-68.497,0.369341,0.929090,0.019470,-0.925760,0.366030,0.094823,0.080973,-0.053046,0.995304,0,0.48000,0.38512,28.800,0.770,-1,600.000,-1,450.000,-1,450.000,400.000,250.000,400.000,450.000,100.000,225.000,-1,-1,-1,-1,-1,2,0,2,1,2,1,1,0,1,0,0,0,2,2,2,2,2
30,1639.826,8855.093,104.536,36.720,0.800416,-0.597318,0.050454,0.598707,0.800769,-0.017857,-0.029736,0.044501,0.998567,1,0.00000,0.00000,33.600,0.744,-1,375.000,-1,375.000,-1,300.000,300.000,300.000,300.000,-1,350.000,300.000,775.000,650.000,650.000,-1,-1,2,0,2,0,2,0,0,0,0,2,0,0,1,0,0,2,2
31,1643.661,8857.979,104.388,36.960,0.797922,-0.600660,0.050277,0.602051,0.798251,-0.018155,-0.029229,0.044755,0.998570,0,0.08000,0.12000,4.800,0.240,-1,375.000,-1,375.000,-1,300.000,300.000,300.000,300.000,-1,350.000,300.000,800.000,650.000,650.000,-1,-1,2,0,2,0,2,0,0,0,0,2,0,0,1,0,0,2,2
32,1651.283,8863.815,104.132,37.440,0.792900,-0.607316,0.049773,0.608703,0.793177,-0.018715,-0.028113,0.045136,0.998585,0,0.16000,0.24000,9.600,0.480,-1,375.000,-1,375.000,-1,300.000,300.000,300.000,300.000,-1,350.000,300.000,825.000,675.000,650.000,-1,-1,2,0,2,0,2,0,0,0,0,2,0,0,1,0,0,2,2
33,1662.605,8872.713,103.757,38.160,0.785262,-0.617219,0.049037,0.618599,0.785463,-0.019570,-0.026437,0.045702,0.998605,0,0.24000,0.36000,14.400,0.720,-1,375.000,-1,375.000,-1,300.000,300.000,300.000,300.000,-1,325.000,300.000,850.000,675.000,650.000,-1,-1,2,0,2,0,2,0,0,0,0,2,0,0,1,0,0,2,2
34,1677.500,8884.827,103.276,39.120,0.774885,-0.630271,0.048092,0.631639,0.774985,-0.020736,-0.024201,0.046445,0.998628,0,0.32000,0.48000,19.200,0.960,-1,375.000,-1,375.000,-1,300.000,300.000,300.000,300.000,-1,325.000,275.000,900.000,675.000,675.000,-1,-1,2,0,2,0,2,0,0,0,0,2,0,0,1,0,0,2,2
35,1695.866,8900.277,102.704,40.069,0.764431,-0.642989,0.047016,0.644342,0.764415,-0.022225,-0.021649,0.047283,0.998647,0,0.40000,0.47429,24.000,0.949,-1,375.000,-1,375.000,-1,300.000,300.000,300.000,300.000,-1,300.000,275.000,975.000,675.000,675.000,-1,-1,2,0,2,0,2,0,0,0,0,2,0,0,1,0,0,2,2
36,1717.600,8919.172,102.055,41.002,0.753959,-0.655321,0.045834,0.656653,0.753810,-0.024038,-0.018798,0.048221,0.998660,0,0.48000,0.46648,28.800,0.933,-1,375.000,-1,375.000,-1,300.000,300.000,300.000,300.000,-1,300.000,275.000,-1,700.000,675.000,-1,-1,2,0,2,0,2,0,0,0,0,2,0,0,2,0,0,2,2
37,1742.602,8941.619,101.531,41.916,0.743498,-0.667254,0.044529,0.668541,0.743244,-0.025296,-0.016217,0.048577,0.998688,0,0.56000,0.45714,33.600,0.914,-1,375.000,-1,375.000,-1,300.000,300.000,300.000,300.000,-1,300.000,275.000,-1,700.000,675.000,-1,-1,2,0,2,0,2,0,0,0,0,2,0,0,2,0,0,2,2
38,1770.773,8967.714,101.005,42.809,0.733111,-0.678740,0.043138,0.679975,0.732750,-0.026673,-0.013506,0.048887,0.998713,0,0.64000,0.44624,38.400,0.892,-1,375.000,-1,375.000,-1,300.000,300.000,300.000,300.000,-1,325.000,300.000,-1,700.000,675.000,-1,-1,2,0,2,0,2,0,0,0,0,2,0,0,2,0,0,2,2
39,1802.017,8997.547,100.475,43.676,0.722851,-0.689745,0.041697,0.690923,0.722377,-0.028250,-0.010636,0.049230,0.998731,0,0.72000,0.43379,43.200,0.868,-1,375.000,-1,375.000,-1,300.000,300.000,300.000,300.000,-1,325.000,300.000,-1,725.000,700.000,-1,-1,2,0,2,0,2,0,0,0,0,2,0,0,2,0,0,2,2
40,1836.243,9031.200,99.961,44.516,0.712771,-0.700242,0.040238,0.701355,0.712180,-0.030015,-0.007639,0.049615,0.998739,0,0.80000,0.41975,48.000,0.839,-1,375.000,-1,375.000,-1,300.000,300.000,300.000,300.000,-1,325.000,325.000,-1,725.000,700.000,-1,-1,2,0,2,0,2,0,0,0,0,2,0,0,2,0,0,2,2
41,1871.279,9066.636,99.508,45.324,0.702924,-0.710203,0.038868,0.711250,0.702218,-0.031842,-0.004680,0.050027,0.998737,0,0.83053,0.40409,49.832,0.808,-1,375.000,-1,375.000,-1,325.000,300.000,300.000,300.000,-1,350.000,325.000,-1,750.000,725.000,-1,-1,2,0,2,0,2,0,0,0,0,2,0,0,2,0,0,2,2
42,1906.188,9102.911,99.170,46.099,0.693345,-0.719638,0.037336,0.720603,0.692536,-0.033532,-0.001726,0.050153,0.998740,0,0.83906,0.38776,50.344,0.776,-1,400.000,-1,375.000,-1,325.000,325.000,300.000,300.000,-1,375.000,350.000,-1,775.000,725.000,-1,-1,2,0,2,0,2,0,0,0,0,2,0,0,2,0,0,2,2
43,1940.980,9140.015,98.948,46.842,0.684058,-0.728562,0.035513,0.729426,0.683166,-0.034959,0.001209,0.049818,0.998758,0,0.84775,0.37119,50.865,0.742,-1,400.000,-1,375.000,-1,325.000,325.000,300.000,300.000,-1,375.000,375.000,-1,775.000,750.000,-1,-1,2,0,2,0,2,0,0,0,0,2,0,0,2,0,0,2,2
44,1975.668,9177.939,98.763,47.551,0.675077,-0.736965,0.033961,0.737737,0.674109,-0.036348,0.003894,0.049592,0.998762,0,0.85659,0.35436,51.396,0.709,-1,400.000,-1,400.000,-1,325.000,325.000,300.000,300.000,-1,400.000,375.000,-1,800.000,775.000,-1,-1,2,0,2,0,2,0,0,0,0,2,0,0,2,0,0,2,2
45,2007.742,9213.585,98.620,48.019,0.669090,-0.742459,0.032764,0.743157,0.668061,-0.037574,0.006009,0.049490,0.998757,0,0.79920,0.23436,47.952,0.469,-1,400.000,-1,400.000,-1,325.000,325.000,300.000,300.000,-1,400.000,400.000,-1,825.000,775.000,-1,-1,2,0,2,0,2,0,0,0,0,2,0,0,2,0,0,2,2
46,2039.956,9249.675,98.499,48.248,0.666173,-0.745120,0.031784,0.745757,0.665091,-0.038723,0.007714,0.049499,0.998744,0,0.80627,0.11436,48.376,0.229,-1,400.000,-1,400.000,-1,325.000,325.000,300.000,300.000,-1,425.000,425.000,-1,825.000,800.000,-1,-1,2,0,2,0,2,0,0,0,0,2,0,0,2,0,0,2,2
47,2072.458,9286.073,98.700,48.237,0.666328,-0.745008,0.031140,0.745615,0.665255,-0.038659,0.008085,0.048978,0.998767,0,0.81329,-0.00564,48.798,-0.011,-1,400.000,-1,400.000,-1,325.000,325.000,300.000,300.000,-1,475.000,475.000,-1,850.000,800.000,-1,-1,2,0,2,0,2,0,0,0,0,2,0,0,2,0,0,2,2
48,2105.404,9322.644,98.991,47.985,0.669580,-0.742100,0.030832,0.742700,0.668531,-0.038258,0.007779,0.048516,0.998792,0,0.82037,-0.12564,49.222,-0.251,-1,400.000,-1,400.000,-1,325.000,325.000,300.000,300.000,-1,525.000,525.000,-1,850.000,800.000,-1,-1,2,0,2,0,2,0,0,0,0,2,0,0,2,0,0,2,2
49,2138.955,9359.250,99.245,47.494,0.675902,-0.736355,0.030627,0.736957,0.674882,-0.037793,0.007159,0.048116,0.998816,0,0.82759,-0.24564,49.655,-0.491,-1,400.000,-1,400.000,-1,325.000,325.000,300.000,300.000,-1,575.000,575.000,-1,875.000,800.000,-1,-1,2,0,2,0,2,0,0,0,0,2,0,0,2,0,0,2,2
50,2173.276,9395.751,99.453,46.763,0.685222,-0.727694,0.030529,0.728307,0.684237,-0.037263,0.006227,0.047768,0.998839,0,0.83503,-0.36564,50.102,-0.731,-1,400.000,-1,400.000,-1,325.000,325.000,300.000,300.000,-1,625.000,625.000,-1,875.000,775.000,-1,-1,2,0,2,0,2,0,0,0,0,2,0,0,2,0,0,2,2
51,2208.535,9431.997,99.603,45.792,0.697431,-0.716001,0.030541,0.716635,0.696484,-0.036669,0.004983,0.047460,0.998861,0,0.84278,-0.48564,50.567,-0.971,-1,400.000,-1,400.000,-1,325.000,325.000,300.000,300.000,-1,675.000,675.000,-1,875.000,775.000,-1,-1,2,0,2,0,2,0,0,0,0,2,0,0,2,0,0,2,2
52,2244.550,9467.488,99.660,44.580,0.712374,-0.701124,0.030783,0.701792,0.711470,-0.036035,0.003364,0.047274,0.998876,0,0.84273,-0.60564,50.564,-1.211,-1,425.000,-1,400.000,-1,325.000,325.000,300.000,300.000,-1,750.000,725.000,-1,875.000,775.000,-1,-1,2,0,2,0,2,0,0,0,0,2,0,0,2,0,0,2,2
53,2281.456,9502.059,99.575,43.129,0.729855,-0.682887,0.031277,0.683601,0.729006,-0.035207,0.001241,0.047076,0.998891,0,0.84280,-0.72564,50.568,-1.451,-1,425.000,-1,400.000,-1,325.000,325.000,300.000,300.000,-1,825.000,800.000,-1,875.000,750.000,-1,-1,2,0,2,0,2,0,0,0,0,2,0,0,2,0,0,2,2
54,2319.269,9535.663,99.375,41.628,0.747448,-0.663561,0.031750,0.664320,0.746664,-0.034239,-0.000987,0.046684,0.998909,0,0.84313,-0.75078,50.588,-1.502,-1,425.000,-1,400.000,-1,325.000,325.000,300.000,300.000,-1,900.000,875.000,-1,875.000,750.000,-1,-1,2,0,2,0,2,0,0,0,0,2,0,0,2,0,0,2,2
55,2357.970,9568.273,99.034,40.119,0.764611,-0.643694,0.032056,0.644484,0.763899,-0.033142,-0.003154,0.046000,0.998936,0,0.84345,-0.75431,50.607,-1.509,-1,425.000,-1,400.000,1000.000,325.000,325.000,300.000,300.000,-1,975.000,950.000,-1,875.000,725.000,-1,-1,2,0,2,0,1,0,0,0,0,2,0,0,2,0,0,2,2
56,2397.531,9599.857,98.615,38.603,0.781321,-0.623288,0.032409,0.624106,0.780690,-0.031858,-0.005445,0.045118,0.998967,0,0.84370,-0.75787,50.622,-1.516,-1,425.000,-1,400.000,975.000,325.000,325.000,300.000,300.000,-1,-1,-1,-1,850.000,725.000,-1,-1,2,0,2,0,1,0,0,0,0,2,2,2,2,0,0,2,2
57,2437.926,9630.385,98.199,37.081,0.797544,-0.602367,0.032834,0.603207,0.797019,-0.030026,-0.008082,0.043753,0.999010,0,0.84388,-0.76106,50.633,-1.522,-1,425.000,-1,400.000,925.000,325.000,325.000,300.000,300.000,-1,-1,-1,-1,825.000,700.000,-1,1000.000,2,0,2,0,1,0,0,0,0,2,2,2,2,0,0,2,1
58,2482.013,9661.823,97.629,35.493,0.813871,-0.580085,0.033381,0.580943,0.813460,-0.028080,-0.010866,0.042246,0.999048,0,0.90246,-0.79403,54.147,-1.588,-1,425.000,-1,375.000,875.000,325.000,325.000,300.000,300.000,-1,-1,-1,-1,800.000,700.000,-1,950.000,2,0,2,0,1,0,0,0,0,2,2,2,2,0,0,2,1
59,2526.953,9692.019,96.933,33.899,0.829635,-0.557269,0.034015,0.558139,0.829335,-0.026156,-0.013634,0.040686,0.999079,0,0.90237,-0.79701,54.142,-1.594,-1,400.000,-1,375.000,825.000,325.000,325.000,300.000,300.000,-1,-1,-1,-1,800.000,675.000,-1,875.000,2,0,2,0,1,0,0,0,0,2,2,2,2,0,0,2,1
60,2572.709,9720.942,96.369,32.299,0.844848,-0.533951,0.033584,0.534778,0.844655,-0.023870,-0.015621,0.038127,0.999151,0,0.90217,-0.79992,54.130,-1.600,-1,400.000,-1,375.000,775.000,325.000,325.000,300.000,300.000,-1,-1,-1,-1,775.000,675.000,-1,825.000,2,0,2,0,1,0,0,0,0,2,2,2,2,0,0,2,1
61,2619.241,9748.562,95.872,30.694,0.859481,-0.510138,0.032428,0.510884,0.859387,-0.021253,-0.017027,0.034833,0.999248,0,0.90186,-0.80275,54.111,-1.606,-1,400.000,-1,375.000,725.000,325.000,300.000,300.000,300.000,-1,-1,-1,-1,750.000,675.000,-1,775.000,2,0,2,0,1,0,0,0,0,2,2,2,2,0,0,2,1
62,2666.508,9774.850,95.266,29.083,0.873491,-0.485830,0.031344,0.486494,0.873487,-0.018550,-0.018367,0.031452,0.999337,0,0.90142,-0.80550,54.085,-1.611,-1,400.000,-1,375.000,700.000,325.000,300.000,300.000,300.000,-1,-1,-1,-1,750.000,650.000,-1,725.000,2,0,2,0,1,0,0,0,1,2,2,2,2,0,1,2,1
63,2714.467,9799.779,94.542,27.466,0.886858,-0.461048,0.030304,0.461625,0.886936,-0.015719,-0.019631,0.027930,0.999417,0,0.90086,-0.80815,54.051,-1.616,-1,400.000,-1,375.000,650.000,325.000,300.000,300.000,300.000,-1,-1,-1,-1,725.000,625.000,-1,675.000,2,0,2,0,1,0,0,0,1,2,2,2,2,0,1,2,1
64,2763.076,9823.323,93.698,25.845,0.899568,-0.435808,0.029127,0.436294,0.899712,-0.012841,-0.020610,0.024259,0.999493,0,0.90017,-0.81072,54.010,-1.621,-1,375.000,-1,375.000,625.000,300.000,300.000,300.000,300.000,-1,-1,-1,-1,725.000,600.000,-1,625.000,2,0,2,0,1,0,0,0,1,2,2,2,2,0,1,2,1
65,2812.288,9845.458,93.230,24.219,0.911625,-0.410115,0.027319,0.410544,0.911757,-0.012337,-0.019848,0.022462,0.999551,0,0.89935,-0.81318,53.961,-1.626,-1,375.000,-1,375.000,575.000,300.000,300.000,300.000,300.000,-1,-1,-1,-1,725.000,550.000,-1,600.000,2,0,2,0,1,0,0,0,1,2,2,2,2,0,1,2,1
66,2862.058,9866.162,92.795,22.587,0.922988,-0.384007,0.025141,0.384389,0.923086,-0.012541,-0.018392,0.021239,0.999605,0,0.89841,-0.81554,53.905,-1.631,-1,375.000,-1,375.000,550.000,300.000,300.000,300.000,300.000,-1,-1,-1,-1,700.000,525.000,-1,550.000,2,0,2,0,1,0,0,0,1,2,2,2,2,1,1,2,1
67,2912.338,9885.415,92.226,20.952,0.933633,-0.357511,0.022716,0.357847,0.933692,-0.012847,-0.016617,0.020123,0.999659,0,0.89734,-0.81780,53.840,-1.636,-1,375.000,-1,375.000,500.000,300.000,300.000,300.000,275.000,-1,-1,-1,-1,675.000,500.000,-1,500.000,2,0,2,0,1,0,0,0,1,2,2,2,2,1,1,2,1
68,2963.081,9903.196,91.579,19.312,0.943538,-0.330653,0.020117,0.330939,0.943563,-0.013002,-0.014682,0.018926,0.999713,0,0.89614,-0.81994,53.768,-1.640,-1,375.000,950.000,350.000,475.000,325.000,300.000,325.000,275.000,-1,-1,-1,-1,650.000,475.000,-1,475.000,2,0,1,1,1,0,0,0,1,2,2,2,2,1,1,2,1
69,3014.237,9919.491,90.859,17.668,0.952688,-0.303455,0.017354,0.303690,0.952682,-0.012996,-0.012589,0.017651,0.999765,0,0.89481,-0.82197,53.689,-1.644,-1,400.000,850.000,325.000,425.000,325.000,300.000,325.000,275.000,-1,700.000,-1,-1,600.000,450.000,-1,425.000,2,0,1,1,1,0,0,0,1,2,0,2,2,1,1,2,1
70,3065.758,9934.284,90.070,16.020,0.961066,-0.275941,0.014443,0.276125,0.961036,-0.012815,-0.010344,0.016304,0.999814,0,0.89337,-0.82388,53.602,-1.648,-1,375.000,775.000,325.000,400.000,300.000,300.000,325.000,275.000,-1,500.000,700.000,-1,550.000,425.000,-1,375.000,2,1,1,1,1,1,1,0,1,2,0,0,2,1,1,2,1
71,3117.592,9947.562,89.217,14.369,0.968658,-0.248138,0.011397,0.248272,0.968610,-0.012449,-0.007950,0.014889,0.999858,0,0.89180,-0.82566,53.508,-1.651,-1,350.000,700.000,300.000,350.000,300.000,275.000,325.000,275.000,-1,400.000,525.000,-1,525.000,375.000,-1,350.000,2,1,1,1,1,1,1,0,1,2,0,0,2,1,1,2,1
72,3174.416,9960.637,88.211,12.958,0.974508,-0.224211,0.007979,0.224295,0.974449,-0.011914,-0.005104,0.013400,0.999897,0,0.97180,-0.70566,58.308,-1.411,-1,325.000,625.000,275.000,300.000,275.000,250.000,325.000,275.000,-1,325.000,425.000,-1,475.000,350.000,-1,300.000,2,1,1,1,1,1,1,0,1,2,0,0,2,1,1,2,1
73,3233.187,9972.718,87.278,11.616,0.979511,-0.201337,0.004701,0.201376,0.979458,-0.010489,-0.002492,0.011221,0.999934,0,1.00000,-0.67089,60.000,-1.342,-1,300.000,550.000,250.000,250.000,250.000,225.000,300.000,275.000,-1,300.000,375.000,-1,425.000,325.000,-1,250.000,2,1,1,1,1,1,1,0,1,2,0,0,2,1,1,2,1
74,3292.224,9983.425,90.434,10.280,0.983879,-0.178461,-0.011548,0.178521,0.983926,0.004424,0.010573,-0.006414,0.999924,0,1.00000,-0.66777,60.000,-1.336,-1,275.000,550.000,225.000,250.000,225.000,225.000,300.000,325.000,-1,200.000,300.000,-1,400.000,300.000,-1,250.000,2,1,1,1,1,1,1,0,1,2,0,0,2,1,1,2,1
75,3351.494,9992.762,95.722,8.952,0.987354,-0.155580,-0.030437,0.156083,0.987632,0.014891,0.027744,-0.019453,0.999426,0,1.00000,-0.66410,60.000,-1.328,-1,275.000,550.000,225.000,250.000,225.000,200.000,300.000,350.000,925.000,175.000,250.000,-1,400.000,325.000,-1,250.000,2,1,1,1,1,1,1,0,1,0,0,0,2,1,1,2,1
76,3410.965,10000.731,103.476,7.633,0.989669,-0.132786,-0.054073,0.133783,0.990893,0.015244,0.051557,-0.022321,0.998421,0,1.00000,-0.65981,60.000,-1.320,-1,275.000,-1,250.000,275.000,225.000,225.000,325.000,350.000,800.000,150.000,225.000,-1,450.000,325.000,-1,250.000,2,1,2,1,1,1,1,0,1,0,0,0,2,1,1,2,1
77,3470.604,10007.338,111.221,6.323,0.990880,-0.110096,-0.077690,0.111708,0.993601,0.016701,0.075354,-0.025227,0.996838,0,1.00000,-0.65482,60.000,-1.310,-1,300.000,-1,250.000,300.000,225.000,225.000,325.000,375.000,700.000,125.000,175.000,-1,500.000,350.000,-1,275.000,2,1,2,1,1,1,1,0,1,0,0,0,2,1,1,2,1
78,6230.975,-1639.511,166.308,64.216,0.319028,-0.846775,-0.425667,0.902075,0.409047,-0.137629,0.290659,-0.340076,0.894352,1,0.00000,0.00000,60.000,-1.298,-1,-1,-1,275.000,125.000,375.000,275.000,175.000,325.000,75.000,50.000,300.000,-1,-1,375.000,-1,150.000,2,2,2,1,1,1,1,0,1,0,0,0,2,2,1,2,1
79,-4260.739,-9514.904,-230.400,-54.092,0.585398,0.809801,0.039141,-0.809781,0.586374,-0.020504,-0.039555,-0.019693,0.999023,1,0.08000,0.12000,4.800,0.240,-1,375.000,-1,375.000,-1,325.000,325.000,325.000,325.000,-1,500.000,575.000,-1,725.000,750.000,-1,-1,2,0,2,0,2,0,0,0,0,2,1,1,2,0,0,2,2
80,-4255.044,-9522.632,-230.790,-53.612,0.592173,0.804865,0.039018,-0.804841,0.593142,-0.020355,-0.039526,-0.019349,0.999031,0,0.16000,0.24000,9.600,0.480,-1,375.000,-1,375.000,-1,325.000,325.000,325.000,325.000,-1,525.000,600.000,-1,725.000,750.000,-1,-1,2,0,2,0,2,0,0,0,0,2,1,1,2,0,0,2,2
81,-4246.357,-9534.116,-231.388,-52.892,0.602258,0.797357,0.038821,-0.797323,0.603215,-0.020187,-0.039513,-0.018795,0.999042,0,0.24000,0.36000,14.400,0.720,-1,375.000,-1,375.000,-1,325.000,325.000,325.000,325.000,-1,525.000,600.000,-1,725.000,750.000,-1,-1,2,0,2,0,2,0,0,0,0,2,1,1,2,0,0,2,2
82,-4234.518,-9549.232,-232.187,-51.932,0.615556,0.787149,0.038564,-0.787103,0.616498,-0.019960,-0.039487,-0.018067,0.999057,0,0.32000,0.48000,19.200,0.960,-1,375.000,-1,375.000,-1,325.000,325.000,325.000,325.000,-1,550.000,625.000,-1,725.000,750.000,-1,-1,2,0,2,0,2,0,0,0,0,2,1,1,2,0,0,2,2
83,-4219.328,-9567.812,-233.187,-50.732,0.631934,0.774078,0.038253,-0.774018,0.632858,-0.019675,-0.039439,-0.017175,0.999074,0,0.40000,0.60000,24.000,1.200,-1,375.000,-1,375.000,-1,325.000,325.000,325.000,325.000,-1,575.000,675.000,-1,725.000,750.000,-1,-1,2,0,2,0,2,0,0,0,0,2,1,1,2,0,0,2,2
84,-4200.544,-9589.644,-234.387,-49.292,0.651220,0.757942,0.037892,-0.757868,0.652122,-0.019331,-0.039362,-0.016129,0.999095,0,0.48000,0.72000,28.800,1.440,-1,375.000,-1,375.000,-1,325.000,325.000,325.000,325.000,-1,625.000,725.000,-1,725.000,750.000,-1,-1,2,0,2,0,2,0,0,0,0,2,1,1,2,0,0,2,2
85,-4177.893,-9614.461,-235.744,-47.612,0.673188,0.738510,0.037691,-0.738422,0.674073,-0.018911,-0.039372,-0.015101,0.999110,0,0.56000,0.84000,33.600,1.680,-1,375.000,-1,375.000,-1,325.000,325.000,325.000,300.000,-1,675.000,750.000,-1,700.000,750.000,-1,-1,2,0,2,0,2,0,0,0,0,2,1,1,2,0,0,2,2
86,-4151.140,-9642.008,-237.286,-45.837,0.695763,0.717292,0.037503,-0.717194,0.696631,-0.018402,-0.039326,-0.014093,0.999127,0,0.64000,0.88732,38.400,1.775,-1,375.000,-1,375.000,-1,325.000,325.000,325.000,300.000,-1,725.000,750.000,-1,700.000,750.000,-1,-1,2,0,2,0,2,0,0,0,0,2,1,1,2,0,0,2,2
87,-4120.095,-9672.048,-239.013,-44.058,0.717730,0.695321,0.037305,-0.695218,0.718578,-0.017798,-0.039182,-0.013161,0.999145,0,0.72000,0.88977,43.200,1.780,-1,375.000,-1,375.000,-1,325.000,325.000,325.000,300.000,-1,775.000,775.000,-1,700.000,750.000,-1,-1,2,0,2,0,2,0,0,0,0,2,1,1,2,0,0,2,2
88,-4091.792,-9698.000,-240.536,-42.518,0.736175,0.675771,0.037141,-0.675665,0.737007,-0.017246,-0.039027,-0.012399,0.999161,0,0.64000,0.76977,38.400,1.540,-1,375.000,-1,375.000,-1,325.000,325.000,325.000,300.000,-1,800.000,775.000,-1,700.000,750.000,-1,-1,2,0,2,0,2,0,0,0,0,2,0,1,2,0,0,2,2
89,-4064.237,-9722.138,-241.976,-41.219,0.751332,0.658887,0.036992,-0.658782,0.752149,-0.016702,-0.038828,-0.011821,0.999176,0,0.61053,0.64977,36.632,1.300,-1,375.000,-1,375.000,-1,325.000,325.000,325.000,300.000,-1,800.000,800.000,-1,700.000,750.000,-1,-1,2,0,2,0,2,0,0,0,0,2,0,1,2,0,0,2,2
90,-4036.320,-9745.696,-243.399,-40.159,0.763404,0.644869,0.036849,-0.644768,0.764207,-0.016145,-0.038572,-0.011434,0.999190,0,0.60881,0.52977,36.529,1.060,-1,375.000,-1,375.000,-1,325.000,325.000,325.000,300.000,-1,825.000,825.000,-1,700.000,750.000,-1,-1,2,0,2,0,2,0,0,0,0,2,0,1,2,0,0,2,2
91,-4008.118,-9768.812,-244.707,-39.339,0.772585,0.633877,0.036222,-0.633776,0.773358,-0.015684,-0.037954,-0.010839,0.999221,0,0.60776,0.40977,36.465,0.820,-1,375.000,-1,400.000,-1,325.000,325.000,325.000,300.000,-1,825.000,850.000,-1,700.000,750.000,-1,-1,2,0,2,0,2,0,0,0,0,2,0,1,2,0,0,2,2
92,-3979.704,-9791.624,-246.001,-38.760,0.778994,0.626026,0.035484,-0.625921,0.779735,-0.015385,-0.037300,-0.010225,0.999252,0,0.60731,0.28977,36.439,0.580,-1,375.000,-1,400.000,-1,325.000,325.000,325.000,300.000,-1,825.000,875.000,-1,700.000,750.000,-1,-1,2,0,2,0,2,0,0,0,0,2,0,1,2,0,0,2,2
93,-3951.136,-9814.252,-247.287,-38.381,0.783147,0.620863,0.034780,-0.620755,0.783859,-0.015119,-0.036649,-0.009750,0.999281,0,0.60740,0.18932,36.444,0.379,-1,375.000,-1,400.000,-1,325.000,325.000,325.000,300.000,-1,825.000,875.000,-1,725.000,750.000,-1,-1,2,0,2,0,2,0,0,0,0,2,0,0,2,0,0,2,2
94,-3922.390,-9836.707,-248.562,-37.995,0.787344,0.615570,0.034113,-0.615460,0.788028,-0.014872,-0.036036,-0.009286,0.999307,0,0.60794,0.19302,36.476,0.386,-1,375.000,-1,400.000,-1,325.000,325.000,325.000,300.000,-1,825.000,875.000,-1,725.000,750.000,-1,-1,2,0,2,0,2,0,0,0,0,2,0,0,2,0,0,2,2
95,-3893.455,-9858.992,-249.827,-37.602,0.791583,0.610144,0.033482,-0.610032,0.792241,-0.014645,-0.035461,-0.008832,0.999332,0,0.60869,0.19683,36.522,0.394,-1,375.000,-1,400.000,-1,325.000,325.000,300.000,300.000,-1,825.000,875.000,-1,725.000,750.000,-1,-1,2,0,2,0,2,0,0,0,0,2,0,0,2,0,0,2,2
96,-3864.319,-9881.108,-251.082,-37.200,0.795865,0.604580,0.032887,-0.604466,0.796500,-0.014436,-0.034922,-0.008390,0.999355,0,0.60966,0.20074,36.580,0.401,-1,375.000,-1,400.000,-1,325.000,325.000,300.000,300.000,-1,825.000,875.000,-1,700.000,750.000,-1,-1,2,0,2,0,2,0,0,0,0,2,0,0,2,0,0,2,2
97,-3834.968,-9903.057,-252.369,-36.791,0.800198,0.598874,0.032144,-0.598754,0.800805,-0.014293,-0.034301,-0.007808,0.999381,0,0.61083,0.20477,36.650,0.410,-1,375.000,-1,400.000,-1,325.000,325.000,300.000,300.000,-1,825.000,875.000,-1,700.000,750.000,-1,-1,2,0,2,0,2,0,0,0,0,2,0,0,2,0,0,2,2
98,-3805.392,-9924.841,-253.651,-36.373,0.804574,0.593022,0.031406,-0.592896,0.805154,-0.014190,-0.033702,-0.007203,0.999406,0,0.61221,0.20889,36.733,0.418,-1,375.000,-1,400.000,-1,325.000,325.000,300.000,300.000,-1,825.000,875.000,-1,700.000,750.000,-1,-1,2,0,2,0,2,0,0,0,0,2,0,0,2,0,0,2,2
99,-3775.578,-9946.460,-254.922,-35.947,0.808992,0.587018,0.030702,-0.586885,0.809547,-0.014125,-0.033147,-0.006591,0.999429,0,0.61379,0.21312,36.827,0.426,-1,375.000,-1,400.000,-1,325.000,325.000,300.000,300.000,-1,825.000,875.000,-1,700.000,750.000,-1,-1,2,0,2,0,2,0,0,0,0,2,0,0,2,0,0,2,2
100,-3745.514,-9967.914,-256.189,-35.512,0.813450,0.580858,0.030031,-0.580719,0.813982,-0.014068,-0.032616,-0.005996,0.999450,0,0.61556,0.21745,36.934,0.435,-1,375.000,-1,400.000,-1,325.000,325.000,300.000,300.000,-1,825.000,875.000,-1,700.000,750.000,-1,-1,2,0,2,0,2,0,0,0,0,2,0,0,2,0,0,2,2
101,-3715.189,-9989.201,-257.417,-35.068,0.817950,0.574538,0.029383,-0.574398,0.818459,-0.013862,-0.032013,-0.005539,0.999472,0,0.61752,0.22188,37.051,0.444,-1,375.000,-1,400.000,-1,325.000,325.000,300.000,300.000,-1,825.000,875.000,-1,700.000,750.000,-1,-1,2,0,2,0,2,0,0,0,0,2,0,0,2,0,0,2,2
102,-3684.590,-10010.322,-258.615,-34.615,0.822489,0.568053,0.028757,-0.567916,0.822975,-0.013534,-0.031355,-0.005200,0.999495,0,0.61967,0.22640,37.180,0.453,-1,375.000,-1,400.000,-1,325.000,325.000,300.000,300.000,-1,825.000,875.000,-1,700.000,775.000,-1,-1,2,0,2,0,2,0,0,0,0,2,0,0,2,0,0,2,2
103,-3649.952,-10034.041,-259.966,-34.402,0.824617,0.564993,0.028090,-0.564862,0.825080,-0.013175,-0.030621,-0.005003,0.999519,0,0.69967,0.10640,41.980,0.213,-1,375.000,-1,400.000,-1,325.000,325.000,300.000,300.000,-1,800.000,875.000,-1,700.000,775.000,-1,-1,2,0,2,0,2,0,0,0,0,2,0,0,2,0,0,2,2
104,-3611.367,-10060.490,-261.468,-34.429,0.824372,0.565385,0.027402,-0.565262,0.824812,-0.012788,-0.029832,-0.004947,0.999543,0,0.77967,-0.01360,46.780,-0.027,-1,375.000,-1,400.000,-1,325.000,325.000,300.000,300.000,-1,800.000,850.000,-1,700.000,775.000,-1,-1,2,0,2,0,2,0,0,0,0,2,0,0,2,0,0,2,2
105,-3569.444,-10089.516,-263.099,-34.697,0.821747,0.569225,0.026724,-0.569112,0.822167,-0.012384,-0.029020,-0.005032,0.999566,0,0.84984,-0.13360,50.990,-0.267,-1,375.000,-1,400.000,-1,325.000,325.000,300.000,300.000,-1,800.000,850.000,-1,700.000,775.000,-1,-1,2,0,2,0,2,0,0,0,0,2,0,0,2,0,0,2,2
106,-3527.581,-10119.051,-264.730,-35.204,0.816694,0.576480,0.026121,-0.576379,0.817095,-0.011994,-0.028258,-0.005260,0.999587,0,0.85389,-0.25360,51.234,-0.507,-1,375.000,-1,400.000,-1,325.000,325.000,300.000,300.000,-1,800.000,825.000,-1,700.000,775.000,-1,-1,2,0,2,0,2,0,0,0,0,2,0,0,2,0,0,2,2
107,-3485.901,-10149.279,-266.265,-35.951,0.809119,0.587086,0.025625,-0.586985,0.809508,-0.012114,-0.027855,-0.005240,0.999598,0,0.85812,-0.37360,51.487,-0.747,-1,375.000,-1,400.000,-1,325.000,325.000,300.000,300.000,-1,825.000,850.000,-1,700.000,775.000,-1,-1,2,0,2,0,2,0,0,0,0,2,0,0,2,0,0,2,2
108,-3444.493,-10180.313,-267.715,-36.850,0.799819,0.599716,0.025096,-0.599597,0.800199,-0.012856,-0.027791,-0.004765,0.999602,0,0.86245,-0.44949,51.747,-0.899,-1,375.000,-1,400.000,-1,325.000,325.000,300.000,300.000,-1,875.000,900.000,-1,700.000,775.000,-1,-1,2,0,2,0,2,0,0,0,0,2,0,0,2,0,0,2,2
109,-3403.362,-10212.143,-269.220,-37.736,0.790461,0.612014,0.024705,-0.611880,0.790835,-0.013528,-0.027817,-0.004423,0.999603,0,0.86682,-0.44281,52.009,-0.886,-1,375.000,-1,400.000,-1,325.000,325.000,300.000,300.000,-1,925.000,950.000,-1,700.000,775.000,-1,-1,2,0,2,0,2,0,0,0,0,2,0,0,2,0,0,2,2
110,-3362.514,-10244.761,-270.664,-38.608,0.781072,0.623982,0.023947,-0.623831,0.781429,-0.014251,-0.027605,-0.003807,0.999612,0,0.87121,-0.43609,52.273,-0.872,-1,375.000,-1,400.000,-1,325.000,325.000,300.000,300.000,-1,975.000,975.000,-1,700.000,775.000,-1,-1,2,0,2,0,2,0,0,0,0,2,0,0,2,0,0,2,2
111,-3322.029,-10278.101,-271.919,-39.471,0.771627,0.635688,0.022190,-0.635512,0.771943,-0.015143,-0.026755,-0.002417,0.999639,0,0.87411,-0.43165,52.447,-0.863,-1,375.000,-1,400.000,-1,325.000,325.000,300.000,300.000,-1,1000.000,975.000,-1,700.000,775.000,-1,-1,2,0,2,0,2,0,0,0,0,2,0,0,2,0,0,2,2
112,-3282.050,-10312.047,-273.193,-40.334,0.762003,0.647248,0.020529,-0.647052,0.762279,-0.015939,-0.025965,-0.001138,0.999662,0,0.87411,-0.43165,52.447,-0.863,-1,375.000,-1,400.000,-1,325.000,325.000,300.000,300.000,-1,-1,975.000,-1,700.000,775.000,-1,-1,2,0,2,0,2,0,0,0,0,2,2,0,2,0,0,2,2
113,-3242.587,-10346.591,-274.487,-41.198,0.752202,0.658660,0.018969,-0.658450,0.752441,-0.016644,-0.025236,0.000030,0.999682,0,0.87411,-0.43165,52.447,-0.863,-1,375.000,-1,400.000,-1,325.000,325.000,300.000,300.000,-1,-1,975.000,-1,725.000,775.000,-1,-1,2,0,2,0,2,0,0,0,0,2,2,0,2,0,0,2,2
114,-3203.649,-10381.726,-275.796,-42.061,0.742225,0.669922,0.017533,-0.669700,0.742431,-0.017260,-0.024580,0.001069,0.999697,0,0.87411,-0.43165,52.447,-0.863,-1,375.000,-1,400.000,-1,325.000,325.000,300.000,300.000,-1,-1,975.000,-1,725.000,775.000,-1,-1,2,0,2,0,2,0,0,0,0,2,2,0,2,0,0,2,2
115,-3165.245,-10417.444,-277.055,-42.924,0.732068,0.681031,0.016523,-0.680802,0.732253,-0.017747,-0.024185,0.001743,0.999706,0,0.87411,-0.43165,52.447,-0.863,-1,375.000,-1,400.000,-1,325.000,325.000,300.000,300.000,-1,-1,-1,-1,725.000,775.000,-1,-1,2,0,2,0,2,0,0,0,0,2,2,2,2,0,0,2,2
116,-3127.383,-10453.736,-278.416,-43.788,0.721744,0.691985,0.015558,-0.691742,0.721907,-0.018538,-0.024060,0.002617,0.999707,0,0.87411,-0.43165,52.447,-0.863,-1,375.000,-1,400.000,-1,325.000,325.000,300.000,300.000,-1,-1,-1,-1,725.000,775.000,-1,-1,2,0,2,0,2,0,0,0,0,2,2,2,2,0,0,2,2
117,-3090.073,-10490.595,-279.808,-44.651,0.711255,0.702782,0.014661,-0.702525,0.711397,-0.019296,-0.023991,0.003425,0.999706,0,0.87411,-0.43165,52.447,-0.863,-1,375.000,-1,400.000,-1,325.000,325.000,300.000,300.000,-1,-1,-1,-1,700.000,775.000,-1,-1,2,0,2,0,2,0,0,0,0,2,2,2,2,0,0,2,2
118,-3053.322,-10528.012,-281.219,-45.514,0.700602,0.713419,0.013837,-0.713151,0.700726,-0.019971,-0.023943,0.004124,0.999705,0,0.87411,-0.43165,52.447,-0.863,-1,375.000,-1,400.000,-1,325.000,325.000,300.000,300.000,-1,-1,-1,-1,700.000,775.000,-1,-1,2,0,2,0,2,0,0,0,0,2,2,2,2,0,0,2,2
119,-3017.139,-10565.978,-282.649,-46.378,0.689788,0.723893,0.013089,-0.723617,0.689896,-0.020565,-0.023917,0.004714,0.999703,0,0.87411,-0.43165,52.447,-0.863,-1,375.000,-1,400.000,-1,325.000,325.000,300.000,300.000,-1,-1,-1,-1,700.000,775.000,-1,-1,2,0,2,0,2,0,0,0,0,2,2,2,2,0,0,2,2
120,-2981.532,-10604.485,-284.064,-47.241,0.678813,0.734205,0.012475,-0.733929,0.678910,-0.020724,-0.023685,0.004912,0.999707,0,0.87411,-0.43165,52.447,-0.863,-1,375.000,-1,400.000,-1,325.000,325.000,300.000,300.000,-1,-1,-1,-1,700.000,775.000,-1,-1,2,0,2,0,2,0,0,0,0,2,2,2,2,0,0,2,2
121,-2946.509,-10643.524,-285.430,-48.104,0.667679,0.744352,0.012035,-0.744089,0.667772,-0.020321,-0.023162,0.004613,0.999721,0,0.87411,-0.43165,52.447,-0.863,-1,375.000,-1,400.000,-1,325.000,325.000,300.000,300.000,-1,-1,-1,-1,700.000,775.000,-1,-1,2,0,2,0,2,0,0,0,0,2,2,2,2,0,0,2,2
122,-2912.079,-10683.086,-286.584,-48.967,0.656399,0.754326,0.011475,-0.754049,0.656479,-0.021102,-0.023451,0.005199,0.999711,0,0.87411,-0.43165,52.447,-0.863,-1,375.000,-1,400.000,-1,325.000,325.000,300.000,300.000,-1,-1,-1,-1,700.000,775.000,-1,-1,2,0,2,0,2,0,0,0,0,2,2,2,2,0,0,2,2
123,-2878.248,-10723.163,-287.721,-49.831,0.644971,0.764129,0.010938,-0.763833,0.645037,-0.022060,-0.023912,0.005873,0.999697,0,0.87411,-0.43165,52.447,-0.863,-1,375.000,-1,400.000,-1,325.000,325.000,300.000,300.000,-1,-1,-1,-1,700.000,775.000,-1,-1,2,0,2,0,2,0,0,0,0,2,2,2,2,0,0,2,2
124,-2845.026,-10763.745,-288.884,-50.694,0.633396,0.773758,0.010410,-0.773446,0.633448,-0.022920,-0.024329,0.006466,0.999683,0,0.87411,-0.43165,52.447,-0.863,-1,375.000,-1,400.000,-1,325.000,325.000,300.000,300.000,-1,-1,-1,-1,700.000,775.000,-1,-1,2,0,2,0,2,0,0,0,0,2,2,2,2,0,0,2,2
125,-2812.418,-10804.822,-290.059,-51.557,0.621678,0.783211,0.009824,-0.782885,0.621716,-0.023684,-0.024657,0.007033,0.999671,0,0.87411,-0.43165,52.447,-0.863,-1,375.000,-1,400.000,-1,325.000,325.000,300.000,300.000,-1,-1,-1,-1,675.000,775.000,-1,-1,2,0,2,0,2,0,0,0,0,2,2,2,2,0,0,2,2
126,-2780.433,-10846.387,-291.256,-52.421,0.609819,0.792487,0.009244,-0.792148,0.609843,-0.024351,-0.024935,0.007527,0.999661,0,0.87411,-0.43165,52.447,-0.863,-1,375.000,-1,400.000,-1,325.000,325.000,300.000,300.000,-1,-1,-1,-1,675.000,775.000,-1,-1,2,0,2,0,2,0,0,0,0,2,2,2,2,0,0,2,2
127,-2749.078,-10888.428,-292.477,-53.284,0.597821,0.801583,0.008674,-0.801235,0.597831,-0.024921,-0.025162,0.007948,0.999652,0,0.87411,-0.43165,52.447,-0.863,-1,375.000,-1,400.000,-1,325.000,325.000,300.000,300.000,-1,-1,-1,-1,675.000,775.000,-1,-1,2,0,2,0,2,0,0,0,0,2,2,2,2,0,0,2,2
128,-2718.360,-10930.937,-293.719,-54.147,0.585687,0.810497,0.008119,-0.810141,0.585684,-0.025397,-0.025339,0.008297,0.999644,0,0.87411,-0.43165,52.447,-0.863,-1,375.000,-1,400.000,-1,325.000,325.000,300.000,300.000,-1,-1,-1,-1,675.000,775.000,-1,-1,2,0,2,0,2,0,0,0,0,2,2,2,2,0,0,2,2
129,-2688.285,-10973.905,-294.939,-55.011,0.573438,0.819222,0.006638,-0.818871,0.573401,-0.025719,-0.024876,0.009312,0.999647,0,0.87411,-0.43165,52.447,-0.863,-1,375.000,-1,400.000,-1,325.000,325.000,300.000,300.000,-1,-1,-1,-1,675.000,775.000,-1,-1,2,0,2,0,2,0,0,0,0,2,2,2,2,0,0,2,2
130,-2658.862,-11017.320,-296.096,-55.874,0.561068,0.827757,0.004603,-0.827421,0.560985,-0.025876,-0.024001,0.010710,0.999655,0,0.87411,-0.43165,52.447,-0.863,-1,375.000,-1,400.000,-1,325.000,325.000,300.000,300.000,-1,-1,-1,-1,675.000,775.000,-1,-1,2,0,2,0,2,0,0,0,0,2,2,2,2,0,0,2,2
131,-2630.096,-11061.174,-297.274,-56.737,0.548566,0.836103,0.002654,-0.835787,0.548442,-0.025903,-0.023113,0.011991,0.999661,0,0.87411,-0.43165,52.447,-0.863,-1,375.000,-1,400.000,-1,325.000,325.000,300.000,300.000,-1,-1,-1,-1,675.000,775.000,-1,-1,2,0,2,0,2,0,0,0,0,2,2,2,2,0,0,2,2
132,-2603.325,-11103.751,-298.479,-57.840,0.532395,0.846496,0.000819,-0.846198,0.532233,-0.026011,-0.022454,0.013155,0.999661,0,0.83824,-0.55165,50.294,-1.103,-1,375.000,-1,400.000,-1,325.000,325.000,300.000,300.000,-1,-1,-1,-1,675.000,775.000,-1,-1,2,0,2,0,2,0,0,0,0,2,2,2,2,0,0,2,2
133,-2577.560,-11146.944,-299.731,-59.184,0.512430,0.858729,-0.000924,-0.858450,0.512236,-0.026037,-0.021886,0.014135,0.999661,0,0.83824,-0.67165,50.294,-1.343,-1,375.000,-1,400.000,-1,325.000,325.000,300.000,300.000,-1,-1,-1,-1,675.000,775.000,-1,-1,2,0,2,0,2,0,0,0,0,2,2,2,2,0,0,2,2
134,-2552.998,-11190.833,-300.878,-60.767,0.488519,0.872551,-0.001872,-0.872282,0.488312,-0.025994,-0.021767,0.014331,0.999660,0,0.83824,-0.79165,50.294,-1.583,-1,375.000,-1,400.000,-1,325.000,325.000,300.000,300.000,-1,-1,-1,-1,675.000,775.000,-1,-1,2,0,2,0,2,0,0,0,0,2,2,2,2,0,0,2,2
