timestep,x_cm,y_cm,z_cm,yaw_deg,basis_xx,basis_xy,basis_xz,basis_yx,basis_yy,basis_yz,basis_zx,basis_zy,basis_zz,teleport_flag,throttle_cmd,steering_cmd,cmd_move_cm,cmd_turn_deg,lidar_cm_0,lidar_cm_1,lidar_cm_2,lidar_cm_3,lidar_cm_4,lidar_cm_5,lidar_cm_6,lidar_cm_7,lidar_cm_8,lidar_cm_9,lidar_cm_10,lidar_cm_11,lidar_cm_12,lidar_cm_13,lidar_cm_14,lidar_cm_15,lidar_cm_16,lidar_class_0,lidar_class_1,lidar_class_2,lidar_class_3,lidar_class_4,lidar_class_5,lidar_class_6,lidar_class_7,lidar_class_8,lidar_class_9,lidar_class_10,lidar_class_11,lidar_class_12,lidar_class_13,lidar_class_14,lidar_class_15,lidar_class_16
0,-983.903,983.929,30.556,11.870,0.978455,-0.205270,-0.022119,0.203306,0.976620,-0.069853,0.035940,0.063852,0.997312,1,0.00000,0.00000,4.800,0.059,-1,375.000,-1,400.000,-1,325.000,325.000,300.000,300.000,-1,975.000,825.000,-1,700.000,700.000,-1,-1,2,0,2,0,2,0,0,0,0,2,0,0,2,0,0,2,2
1,-979.210,984.936,30.724,12.110,0.977586,-0.209360,-0.022218,0.207378,0.975756,-0.069955,0.036326,0.063779,0.997303,0,0.08000,0.12000,4.800,0.240,-1,375.000,-1,400.000,-1,325.000,325.000,300.000,300.000,-1,950.000,800.000,-1,700.000,700.000,-1,-1,2,0,2,0,2,0,0,0,0,2,0,0,2,0,0,2,2
2,-969.841,987.029,31.064,12.590,0.975796,-0.217529,-0.022415,0.215512,0.973977,-0.070162,0.037094,0.063633,0.997284,0,0.16000,0.24000,9.600,0.480,-1,375.000,-1,400.000,-1,325.000,325.000,300.000,300.000,-1,925.000,800.000,-1,700.000,700.000,-1,-1,2,0,2,0,2,0,0,0,0,2,0,0,2,0,0,2,2
3,-955.828,990.344,31.586,13.310,0.972984,-0.229754,-0.022702,0.227684,0.971181,-0.070485,0.038242,0.063412,0.997254,0,0.24000,0.36000,14.400,0.720,-1,375.000,-1,400.000,-1,325.000,325.000,300.000,300.000,-1,900.000,775.000,-1,700.000,700.000,-1,-1,2,0,2,0,2,0,0,0,0,2,0,0,2,0,0,2,2
4,-937.221,995.076,32.299,14.270,0.968996,-0.245998,-0.023070,0.243857,0.967213,-0.070938,0.039764,0.063113,0.997214,0,0.32000,0.48000,19.200,0.960,-1,375.000,-1,400.000,-1,325.000,325.000,300.000,300.000,-1,850.000,750.000,-1,725.000,725.000,-1,-1,2,0,2,0,2,0,0,0,0,2,0,0,2,0,0,2,2
5,-914.091,1001.478,33.218,15.470,0.963629,-0.266206,-0.023503,0.263976,0.961873,-0.071538,0.041651,0.062732,0.997161,0,0.40000,0.60000,24.000,1.200,-1,375.000,-1,400.000,-1,325.000,325.000,300.000,300.000,-1,825.000,700.000,-1,725.000,725.000,-1,-1,2,0,2,0,2,0,0,0,0,2,0,0,2,0,0,2,2
6,-886.537,1009.855,34.361,16.910,0.956634,-0.290303,-0.023982,0.287966,0.954907,-0.072307,0.043891,0.062266,0.997094,0,0.48000,0.72000,28.800,1.440,-1,375.000,-1,400.000,-1,325.000,325.000,300.000,300.000,-1,775.000,675.000,-1,725.000,725.000,-1,-1,2,0,2,0,2,0,0,0,0,2,0,0,2,0,0,2,2
7,-854.686,1020.552,35.748,18.566,0.947847,-0.317783,-0.024479,0.315323,0.946152,-0.073266,0.046444,0.061726,0.997012,0,0.56000,0.82786,33.600,1.656,-1,375.000,-1,375.000,-1,325.000,325.000,300.000,300.000,-1,725.000,650.000,-1,725.000,725.000,-1,-1,2,0,2,0,2,0,0,0,0,2,0,0,2,0,0,2,2
8,-818.652,1033.823,37.400,20.218,0.938288,-0.344950,-0.024988,0.342355,0.936619,-0.074413,0.049073,0.061267,0.996914,0,0.64000,0.82639,38.400,1.653,-1,375.000,-1,375.000,-1,325.000,325.000,300.000,300.000,-1,675.000,625.000,-1,725.000,725.000,-1,-1,2,0,2,0,2,0,0,0,0,2,0,0,2,0,0,2,2
9,-778.562,1049.916,39.332,21.871,0.927952,-0.371827,-0.025479,0.369086,0.926302,-0.075767,0.051774,0.060904,0.996800,0,0.72000,0.82633,43.200,1.653,-1,375.000,-1,375.000,-1,325.000,325.000,300.000,300.000,-1,650.000,600.000,-1,725.000,700.000,-1,-1,2,0,2,0,2,0,0,0,0,2,0,0,2,0,0,2,2
10,-734.552,1069.075,41.821,23.526,0.916832,-0.398451,-0.025604,0.395633,0.915244,-0.076174,0.053786,0.059708,0.996766,0,0.80000,0.82741,48.000,1.655,-1,375.000,-1,375.000,-1,325.000,325.000,300.000,300.000,-1,675.000,625.000,-1,750.000,700.000,-1,-1,2,0,2,0,2,0,0,0,0,2,0,0,2,0,0,2,2
11,-687.601,1091.150,44.899,25.183,0.904880,-0.424810,-0.026996,0.421874,0.903458,-0.076062,0.056701,0.057438,0.996738,0,0.86472,0.82863,51.883,1.657,-1,375.000,-1,375.000,-1,325.000,325.000,300.000,300.000,-1,650.000,600.000,-1,750.000,725.000,-1,-1,2,0,2,0,2,0,0,0,0,2,0,0,2,0,0,2,2
12,-641.289,1114.586,48.152,26.843,0.892128,-0.450868,-0.028744,0.447802,0.890902,-0.075936,0.059845,0.054873,0.996698,0,0.86508,0.82997,51.905,1.660,-1,375.000,-1,375.000,-1,325.000,325.000,300.000,300.000,-1,625.000,600.000,-1,750.000,725.000,-1,-1,2,0,2,0,2,0,0,0,0,2,0,0,2,0,0,2,2
13,-595.657,1139.366,51.467,28.506,0.878601,-0.476590,-0.030371,0.473398,0.877561,-0.076032,0.062888,0.052424,0.996643,0,0.86544,0.83132,51.926,1.663,-1,400.000,-1,375.000,-1,325.000,325.000,300.000,300.000,-1,625.000,600.000,-1,775.000,750.000,-1,-1,2,0,2,0,2,0,0,0,0,2,0,0,2,0,0,2,2
14,-550.746,1165.473,54.908,30.171,0.864323,-0.501946,-0.031550,0.498637,0.863432,-0.076460,0.065620,0.050355,0.996573,0,0.86581,0.83269,51.948,1.665,-1,400.000,-1,400.000,-1,325.000,325.000,300.000,300.000,-1,625.000,600.000,-1,775.000,750.000,-1,-1,2,0,2,0,2,0,0,0,0,2,0,0,2,0,0,2,2
15,-506.595,1192.889,58.468,31.839,0.849307,-0.526912,-0.032257,0.523495,0.848525,-0.077184,0.068040,0.048666,0.996495,0,0.86618,0.83406,51.971,1.668,1000.000,400.000,-1,400.000,-1,325.000,325.000,300.000,300.000,-1,625.000,625.000,-1,800.000,775.000,-1,-1,1,0,2,0,2,0,0,0,0,2,0,0,2,0,0,2,2
16,-464.649,1220.407,61.941,33.267,0.835881,-0.547930,-0.032786,0.544412,0.835182,-0.078020,0.070132,0.047367,0.996413,0,0.83612,0.71406,50.167,1.428,950.000,400.000,-1,400.000,-1,325.000,325.000,300.000,300.000,-1,650.000,625.000,-1,800.000,800.000,-1,-1,1,0,2,0,2,0,0,0,0,2,0,0,2,0,0,2,2
17,-422.257,1249.493,65.469,34.455,0.824315,-0.565160,-0.033153,0.561562,0.823684,-0.078697,0.071784,0.046254,0.996347,0,0.85685,0.59406,51.411,1.188,925.000,400.000,1000.000,400.000,-1,325.000,325.000,300.000,300.000,-1,675.000,650.000,-1,825.000,800.000,-1,-1,1,0,1,0,2,0,0,0,0,2,0,0,2,0,0,2,2
18,-380.170,1279.406,68.972,35.404,0.814831,-0.578737,-0.033370,0.575086,0.814255,-0.079158,0.072983,0.045310,0.996303,0,0.86058,0.47406,51.635,0.948,875.000,400.000,950.000,400.000,-1,325.000,325.000,300.000,300.000,-1,700.000,675.000,-1,825.000,825.000,975.000,-1,1,0,1,0,2,0,0,0,0,2,0,0,2,0,0,1,2
19,-338.274,1309.970,72.485,36.112,0.807606,-0.588772,-0.033467,0.585076,0.807062,-0.079609,0.073882,0.044712,0.996264,0,0.86432,0.35406,51.859,0.708,825.000,400.000,900.000,400.000,-1,325.000,325.000,300.000,300.000,-1,725.000,700.000,-1,825.000,800.000,925.000,-1,1,0,1,0,2,0,0,0,0,2,0,0,2,1,1,1,2
20,-296.449,1341.009,75.999,36.580,0.802768,-0.595353,-0.033455,0.591621,0.802234,-0.080035,0.074488,0.044456,0.996231,0,0.86808,0.23406,52.085,0.468,775.000,400.000,850.000,400.000,-1,325.000,325.000,300.000,300.000,-1,750.000,750.000,-1,800.000,725.000,875.000,-1,1,0,1,0,2,0,0,0,0,2,0,0,2,1,1,1,2
21,-254.567,1372.350,79.511,36.808,0.800398,-0.598540,-0.033344,0.594784,0.799854,-0.080404,0.074796,0.044523,0.996204,0,0.87184,0.11406,52.310,0.228,750.000,400.000,800.000,400.000,-1,325.000,325.000,300.000,300.000,-1,775.000,775.000,-1,750.000,675.000,825.000,-1,1,0,1,0,2,0,0,0,0,2,0,0,2,1,1,1,2
22,-212.497,1403.818,83.237,36.796,0.800523,-0.598386,-0.033113,0.594695,0.799994,-0.079666,0.074161,0.044082,0.996271,0,0.87562,-0.00594,52.537,-0.012,700.000,400.000,750.000,400.000,-1,325.000,325.000,300.000,300.000,-1,850.000,850.000,-1,675.000,625.000,775.000,975.000,1,0,1,1,2,0,1,0,0,2,0,0,2,1,1,1,1
23,-170.105,1435.236,87.075,36.544,0.803147,-0.594880,-0.032773,0.591310,0.802639,-0.078255,0.072857,0.043472,0.996395,0,0.87941,-0.12594,52.765,-0.252,650.000,400.000,675.000,400.000,-1,325.000,325.000,300.000,300.000,-1,950.000,950.000,-1,625.000,600.000,750.000,925.000,1,0,1,1,2,0,1,0,0,2,0,0,2,1,1,1,1
24,-127.261,1466.423,90.868,36.052,0.808234,-0.587973,-0.032331,0.584528,0.807724,-0.076863,0.071308,0.043225,0.996517,0,0.88322,-0.24594,52.993,-0.492,625.000,400.000,625.000,375.000,-1,325.000,300.000,300.000,300.000,-1,-1,-1,-1,575.000,550.000,700.000,850.000,1,0,1,1,2,1,1,0,0,2,2,2,2,1,1,1,1
25,-83.835,1497.194,94.607,35.320,0.815697,-0.577606,-0.031777,0.574288,0.815165,-0.075491,0.069508,0.043329,0.996640,0,0.88705,-0.36594,53.223,-0.732,575.000,400.000,575.000,350.000,1000.000,300.000,300.000,300.000,300.000,-1,-1,-1,-1,500.000,525.000,625.000,800.000,1,1,1,1,1,1,1,0,0,2,2,2,2,1,1,1,1
26,-39.704,1527.353,98.157,34.349,0.825434,-0.563673,-0.030518,0.560501,0.824812,-0.074324,0.067066,0.044244,0.996767,0,0.89087,-0.48594,53.452,-0.972,550.000,350.000,525.000,325.000,950.000,275.000,275.000,300.000,300.000,-1,-1,-1,-1,450.000,475.000,575.000,775.000,1,1,1,1,1,1,1,0,0,2,2,2,2,1,1,1,1
27,5.247,1556.697,101.614,33.137,0.837236,-0.546070,-0.029029,0.543050,0.836499,-0.073251,0.064283,0.045564,0.996891,0,0.89468,-0.60594,53.681,-1.212,525.000,300.000,475.000,300.000,875.000,250.000,250.000,300.000,300.000,-1,-1,-1,-1,375.000,450.000,500.000,725.000,1,1,1,1,1,1,1,0,0,2,2,2,2,1,1,1,1
28,51.118,1585.013,104.972,31.685,0.850868,-0.524661,-0.027449,0.521798,0.850004,-0.072253,0.061241,0.047155,0.997009,0,0.89845,-0.72594,53.907,-1.452,475.000,250.000,425.000,300.000,825.000,225.000,225.000,300.000,300.000,-1,-1,-1,-1,325.000,400.000,425.000,700.000,1,1,1,1,1,1,1,0,0,2,2,2,2,1,1,1,1
29,101.716,1614.785,108.430,30.473,0.861822,-0.506542,-0.026020,0.503835,0.860869,-0.071096,0.058413,0.048162,0.997130,0,0.97845,-0.60594,58.707,-1.212,400.000,225.000,350.000,275.000,775.000,200.000,200.000,300.000,300.000,-1,-1,-1,-1,275.000,375.000,325.000,650.000,1,1,1,1,1,1,1,0,0,2,2,2,2,1,1,1,1
30,153.599,1644.140,111.776,29.501,0.870326,-0.491854,-0.024724,0.489297,0.869313,-0.069880,0.055863,0.048721,0.997249,0,0.99352,-0.48594,59.611,-0.972,325.000,175.000,300.000,225.000,725.000,150.000,175.000,300.000,300.000,-1,-1,-1,-1,225.000,325.000,250.000,600.000,1,1,1,1,1,1,1,0,0,2,2,2,2,1,1,1,1
31,206.053,1672.960,119.255,28.769,0.876728,-0.480220,-0.027130,0.476273,0.874632,-0.090457,0.067168,0.066385,0.995531,0,0.99746,-0.36594,59.848,-0.732,250.000,150.000,275.000,225.000,700.000,150.000,175.000,350.000,275.000,-1,-1,-1,-1,200.000,300.000,200.000,550.000,1,1,1,1,1,1,1,0,0,2,2,2,2,1,1,1,1
32,-4919.670,-6231.630,-170.782,-118.267,-0.337588,0.867837,-0.364545,-0.805732,-0.466645,-0.364745,-0.486652,0.170592,0.856778,1,0.00000,0.00000,60.000,-0.492,450.000,250.000,350.000,200.000,200.000,225.000,200.000,275.000,425.000,325.000,-1,300.000,-1,325.000,250.000,375.000,200.000,0,0,0,0,0,0,0,1,1,1,2,1,2,0,0,0,0
33,-8199.117,-4263.584,-235.455,-115.799,-0.438641,0.898141,0.030591,-0.895671,-0.434153,-0.096353,-0.073258,-0.069664,0.994877,1,0.00000,0.00000,4.800,-0.122,-1,400.000,925.000,400.000,-1,325.000,325.000,300.000,300.000,-1,-1,-1,-1,625.000,675.000,-1,-1,2,1,1,0,2,0,0,0,0,2,2,2,2,1,1,2,2
34,-8201.188,-4267.914,-235.813,-115.559,-0.434876,0.899973,0.030532,-0.897475,-0.430397,-0.096423,-0.073637,-0.069333,0.994872,0,0.08000,0.12000,4.800,0.240,-1,400.000,925.000,400.000,-1,325.000,325.000,300.000,300.000,-1,-1,-1,-1,625.000,675.000,-1,-1,2,1,1,0,2,0,0,0,0,2,2,2,2,1,1,2,2
35,-8205.257,-4276.609,-236.536,-115.079,-0.427320,0.903589,0.030414,-0.901035,-0.422862,-0.096562,-0.074391,-0.068667,0.994862,0,0.16000,0.24000,9.600,0.480,-1,400.000,925.000,400.000,-1,325.000,325.000,300.000,300.000,-1,-1,-1,-1,625.000,650.000,-1,-1,2,1,1,0,2,0,0,0,0,2,2,2,2,1,1,2,2
36,-8211.197,-4289.726,-237.633,-114.359,-0.415930,0.908894,0.030239,-0.906256,-0.411503,-0.096772,-0.075512,-0.067655,0.994847,0,0.24000,0.36000,14.400,0.720,-1,400.000,925.000,400.000,-1,325.000,325.000,300.000,300.000,-1,-1,-1,-1,625.000,650.000,-1,-1,2,1,1,0,2,0,0,0,0,2,2,2,2,1,1,2,2
37,-8218.823,-4307.347,-239.118,-113.399,-0.400637,0.915745,0.030010,-0.912997,-0.396254,-0.097056,-0.076987,-0.066283,0.994826,0,0.32000,0.48000,19.200,0.960,-1,375.000,900.000,400.000,-1,325.000,325.000,300.000,300.000,-1,-1,-1,-1,625.000,625.000,-1,1000.000,2,1,1,0,2,0,0,0,0,2,2,2,2,1,1,2,1
38,-8227.891,-4329.567,-241.011,-112.199,-0.381358,0.923949,0.029729,-0.921063,-0.377032,-0.097413,-0.078796,-0.064531,0.994800,0,0.40000,0.60000,24.000,1.200,-1,375.000,875.000,400.000,-1,325.000,325.000,300.000,300.000,-1,-1,-1,-1,625.000,600.000,-1,875.000,2,1,1,0,2,1,0,0,0,2,2,2,2,1,1,2,1
39,-8238.100,-4356.496,-243.331,-110.759,-0.357995,0.933260,0.029402,-0.930211,-0.353743,-0.097847,-0.080916,-0.062378,0.994767,0,0.48000,0.72000,28.800,1.440,-1,375.000,875.000,400.000,-1,325.000,325.000,300.000,300.000,-1,-1,-1,-1,625.000,575.000,-1,775.000,2,1,1,0,2,1,0,0,0,2,2,2,2,1,1,2,1
40,-8249.085,-4388.249,-246.101,-109.079,-0.330443,0.943379,0.029035,-0.940141,-0.326282,-0.098358,-0.083316,-0.059799,0.994727,0,0.56000,0.84000,33.600,1.680,-1,375.000,850.000,375.000,-1,300.000,325.000,300.000,300.000,-1,-1,-1,-1,625.000,525.000,1000.000,675.000,2,1,1,1,2,1,1,0,0,2,2,2,2,1,1,1,1
41,-8260.415,-4424.939,-249.347,-107.159,-0.298594,0.953951,0.028639,-0.950502,-0.294544,-0.098948,-0.085956,-0.056766,0.994680,0,0.64000,0.96000,38.400,1.920,-1,375.000,825.000,350.000,-1,300.000,300.000,300.000,300.000,-1,-1,-1,-1,625.000,500.000,950.000,575.000,2,1,1,1,2,1,1,0,0,2,2,2,2,1,1,1,1
42,-8271.731,-4466.630,-253.085,-105.182,-0.265439,0.963715,0.028218,-0.960046,-0.261512,-0.099614,-0.088620,-0.053532,0.994626,0,0.72000,0.98831,43.200,1.977,-1,350.000,825.000,350.000,725.000,300.000,300.000,300.000,300.000,-1,-1,-1,-1,650.000,475.000,925.000,525.000,2,1,1,1,1,1,1,0,0,2,2,2,2,1,1,1,1
43,-8281.837,-4509.665,-256.994,-103.212,-0.232068,0.972302,0.027819,-0.968418,-0.228272,-0.100296,-0.091168,-0.050216,0.994569,0,0.73677,0.98489,44.206,1.970,1000.000,350.000,800.000,325.000,550.000,275.000,275.000,300.000,300.000,-1,-1,-1,-1,650.000,425.000,900.000,450.000,1,1,1,1,1,1,1,0,0,2,2,2,2,1,1,1,1
44,-8290.490,-4553.155,-261.011,-101.250,-0.198538,0.979705,0.027578,-0.975641,-0.194878,-0.100733,-0.093315,-0.046906,0.994531,0,0.73904,0.98107,44.343,1.962,975.000,350.000,800.000,300.000,425.000,275.000,250.000,300.000,300.000,-1,-1,-1,975.000,675.000,400.000,850.000,400.000,1,1,1,1,1,1,1,0,0,2,2,2,1,0,1,1,1
45,-8297.675,-4597.033,-264.921,-99.296,-0.164815,0.985963,0.026704,-0.981771,-0.161395,-0.100382,-0.094663,-0.042762,0.994591,0,0.74104,0.97685,44.463,1.954,1000.000,350.000,800.000,275.000,375.000,275.000,250.000,300.000,300.000,-1,-1,-1,875.000,675.000,375.000,825.000,350.000,1,1,1,1,1,1,1,0,0,2,2,2,1,1,1,1,1
46,-8303.378,-4641.229,-268.259,-97.352,-0.131208,0.990945,0.028502,-0.986935,-0.127858,-0.098035,-0.093503,-0.040993,0.994775,0,0.74272,0.97222,44.563,1.944,-1,375.000,800.000,275.000,325.000,275.000,250.000,300.000,300.000,-1,-1,-1,825.000,650.000,375.000,825.000,300.000,2,0,1,1,1,1,1,0,0,2,2,2,1,1,1,1,1
47,-8307.589,-4685.669,-269.430,-95.418,-0.098108,0.994408,0.039079,-0.991521,-0.094310,-0.089398,-0.085212,-0.047518,0.995229,0,0.74402,0.96713,44.641,1.934,-1,400.000,850.000,275.000,300.000,300.000,250.000,300.000,325.000,-1,-1,-1,800.000,650.000,375.000,825.000,300.000,2,0,1,1,1,1,1,0,0,2,2,2,1,1,1,1,1
48,-8310.308,-4730.276,-270.784,-93.495,-0.064902,0.996707,0.048607,-0.994908,-0.060867,-0.080333,-0.077110,-0.053573,0.995582,0,0.74489,0.96158,44.693,1.923,-1,400.000,875.000,275.000,300.000,300.000,250.000,300.000,375.000,-1,625.000,750.000,800.000,650.000,375.000,850.000,300.000,2,0,1,1,1,1,1,0,0,2,0,0,1,1,1,1,1
49,-8311.540,-4774.971,-272.349,-91.584,-0.031664,0.997875,0.056943,-0.997092,-0.027586,-0.071038,-0.069316,-0.059026,0.995847,0,0.74524,0.95554,44.714,1.911,-1,425.000,900.000,275.000,275.000,325.000,275.000,300.000,400.000,-1,325.000,450.000,800.000,650.000,400.000,900.000,275.000,2,0,1,1,1,1,1,0,0,2,0,0,1,1,1,1,1
50,-8311.291,-4819.669,-274.154,-89.686,0.001521,0.997951,0.063966,-0.998078,0.005477,-0.061723,-0.061947,-0.063749,0.996041,0,0.74500,0.94899,44.700,1.898,-1,450.000,925.000,300.000,275.000,350.000,275.000,275.000,425.000,-1,225.000,325.000,825.000,650.000,425.000,-1,275.000,2,0,1,1,1,1,1,0,0,2,0,0,1,1,1,2,1
51,-8309.576,-4864.280,-276.224,-87.802,0.034567,0.996977,0.069586,-0.997882,0.038270,-0.052610,-0.055114,-0.067620,0.996188,0,0.74411,0.94191,44.647,1.884,-1,450.000,925.000,300.000,250.000,375.000,300.000,275.000,425.000,-1,175.000,275.000,850.000,650.000,450.000,-1,275.000,2,1,1,1,1,1,1,0,1,2,0,0,1,1,1,2,1
52,-8306.414,-4908.714,-278.580,-85.933,0.067386,0.994998,0.073741,-0.996527,0.070744,-0.043925,-0.048922,-0.070525,0.996310,0,0.74247,0.93430,44.548,1.869,-1,450.000,950.000,325.000,250.000,400.000,325.000,275.000,400.000,950.000,150.000,250.000,900.000,650.000,450.000,-1,300.000,2,1,1,1,1,1,1,0,1,0,0,0,1,1,1,2,1
53,-8301.835,-4952.876,-281.242,-84.081,0.099891,0.992061,0.076397,-0.994049,0.102855,-0.035894,-0.043467,-0.072357,0.996431,0,0.74001,0.92614,44.401,1.852,-1,450.000,950.000,325.000,250.000,375.000,325.000,275.000,325.000,825.000,125.000,225.000,975.000,650.000,475.000,-1,300.000,2,1,1,1,1,1,1,0,1,0,0,0,1,1,1,2,1
54,-8295.872,-4996.670,-284.226,-82.246,0.132002,0.988211,0.077555,-0.990488,0.134561,-0.028740,-0.038837,-0.073023,0.996574,0,0.73666,0.91746,44.200,1.835,-1,425.000,-1,325.000,250.000,375.000,325.000,275.000,300.000,750.000,100.000,225.000,-1,675.000,475.000,-1,325.000,2,1,2,1,1,1,1,0,1,0,0,0,2,1,1,2,1
55,-8288.567,-5039.999,-287.542,-80.429,0.163646,0.983491,0.077242,-0.985894,0.165827,-0.022675,-0.035109,-0.072442,0.996754,0,0.73237,0.90828,43.942,1.817,-1,425.000,-1,350.000,250.000,375.000,325.000,275.000,275.000,700.000,100.000,200.000,-1,675.000,475.000,-1,350.000,2,1,2,1,1,1,1,0,1,0,0,0,2,1,1,2,1
56,-8279.970,-5082.768,-291.199,-78.632,0.194762,0.977939,0.075520,-0.980317,0.196618,-0.017896,-0.032350,-0.070548,0.996984,0,0.72711,0.89865,43.626,1.797,-1,425.000,-1,325.000,250.000,350.000,325.000,275.000,225.000,650.000,100.000,200.000,-1,700.000,475.000,-1,350.000,2,1,2,1,1,1,1,0,1,0,0,0,2,1,1,2,1
57,-8269.141,-5129.967,-295.503,-77.075,0.221588,0.972392,0.073155,-0.974682,0.223159,-0.013942,-0.029882,-0.068214,0.997223,0,0.80711,0.77865,48.426,1.557,-1,400.000,-1,325.000,250.000,350.000,325.000,275.000,200.000,650.000,100.000,200.000,-1,725.000,450.000,-1,325.000,2,1,2,1,1,1,1,0,1,0,0,0,2,1,1,2,1
58,-8199.152,8855.075,-105.363,-156.246,-0.913156,0.402330,0.065397,-0.404546,-0.914186,-0.024615,0.049882,-0.048933,0.997556,1,0.00000,0.00000,51.226,1.317,-1,375.000,-1,400.000,-1,300.000,300.000,300.000,300.000,-1,450.000,400.000,-1,650.000,775.000,-1,-1,2,0,2,0,2,0,0,0,0,2,0,0,2,0,0,2,2
59,-8194.766,8857.027,-105.598,-156.006,-0.911475,0.406148,0.065241,-0.408373,-0.912476,-0.024855,0.049437,-0.049297,0.997560,0,-0.08000,0.12000,-4.800,0.240,-1,375.000,-1,375.000,-1,300.000,300.000,300.000,300.000,-1,450.000,400.000,-1,650.000,775.000,-1,-1,2,0,2,0,2,0,0,0,0,2,0,0,2,0,0,2,2
60,-8186.014,8860.971,-106.060,-155.743,-0.909623,0.410326,0.064951,-0.412565,-0.910575,-0.025347,0.048742,-0.049853,0.997567,0,-0.16000,0.13164,-9.600,0.263,-1,375.000,-1,375.000,-1,300.000,300.000,300.000,300.000,-1,450.000,400.000,-1,650.000,750.000,-1,-1,2,0,2,0,2,0,0,0,0,2,0,0,2,0,0,2,2
61,-8172.912,8866.947,-106.742,-155.480,-0.907770,0.414475,0.064525,-0.416734,-0.908654,-0.026094,0.047816,-0.050577,0.997575,0,-0.24000,0.13116,-14.400,0.262,-1,375.000,-1,375.000,-1,300.000,300.000,300.000,300.000,-1,425.000,400.000,-1,650.000,750.000,-1,-1,2,0,2,0,2,0,0,0,0,2,0,0,2,0,0,2,2
62,-8155.480,8874.994,-107.637,-155.219,-0.905920,0.418590,0.063961,-0.420871,-0.906716,-0.027094,0.046653,-0.051465,0.997585,0,-0.32000,0.13048,-19.200,0.261,-1,375.000,-1,375.000,-1,300.000,300.000,300.000,300.000,-1,425.000,400.000,-1,650.000,750.000,-1,-1,2,0,2,0,2,0,0,0,0,2,0,0,2,0,0,2,2
63,-8134.033,8885.011,-108.723,-154.960,-0.904075,0.422665,0.063262,-0.424969,-0.904764,-0.028328,0.045264,-0.052495,0.997595,0,-0.39451,0.12958,-23.670,0.259,-1,375.000,-1,375.000,-1,300.000,300.000,300.000,300.000,-1,425.000,400.000,-1,650.000,750.000,-1,-1,2,0,2,0,2,0,0,0,0,2,0,0,2,0,0,2,2
64,-8112.625,8895.129,-109.790,-154.703,-0.902229,0.426696,0.062551,-0.429020,-0.902811,-0.029560,0.043859,-0.053506,0.997604,0,-0.39465,0.12850,-23.679,0.257,-1,375.000,-1,375.000,-1,300.000,300.000,300.000,300.000,-1,425.000,400.000,-1,650.000,750.000,-1,-1,2,0,2,0,2,0,0,0,0,2,0,0,2,0,0,2,2
65,-8091.252,8905.346,-110.840,-154.448,-0.900382,0.430684,0.061830,-0.433025,-0.900856,-0.030790,0.042439,-0.054497,0.997612,0,-0.39482,0.12742,-23.689,0.255,-1,375.000,-1,375.000,-1,300.000,300.000,300.000,300.000,-1,400.000,400.000,-1,625.000,725.000,-1,-1,2,0,2,0,2,0,0,0,0,2,0,0,2,0,0,2,2
66,-8069.913,8915.663,-111.872,-154.196,-0.898535,0.434629,0.061097,-0.436983,-0.898900,-0.032019,0.041004,-0.055468,0.997618,0,-0.39503,0.12634,-23.702,0.253,-1,350.000,-1,375.000,-1,300.000,300.000,300.000,300.000,-1,400.000,375.000,-1,625.000,725.000,-1,-1,2,0,2,0,2,0,0,0,0,2,0,0,2,0,0,2,2
67,-8048.606,8926.079,-112.886,-153.945,-0.896687,0.438532,0.060352,-0.440895,-0.896943,-0.033245,0.039554,-0.056419,0.997623,0,-0.39527,0.12526,-23.716,0.251,-1,350.000,-1,375.000,-1,300.000,300.000,300.000,300.000,-1,400.000,375.000,-1,625.000,725.000,-1,-1,2,0,2,0,2,0,0,0,0,2,0,0,2,0,0,2,2
68,-8027.330,8936.595,-113.882,-153.697,-0.894839,0.442393,0.059596,-0.444761,-0.894986,-0.034468,0.038089,-0.057349,0.997627,0,-0.39555,0.12419,-23.733,0.248,-1,350.000,-1,375.000,-1,300.000,300.000,300.000,300.000,-1,400.000,375.000,-1,625.000,725.000,-1,-1,2,0,2,0,2,0,0,0,0,2,0,0,2,0,0,2,2
69,-8006.082,8947.211,-114.792,-153.451,-0.892983,0.446219,0.058902,-0.448580,-0.893044,-0.035339,0.036833,-0.057980,0.997638,0,-0.39587,0.12311,-23.752,0.246,-1,350.000,-1,375.000,-1,300.000,300.000,300.000,300.000,-1,375.000,375.000,-1,625.000,725.000,-1,-1,2,0,2,0,2,0,0,0,0,2,0,0,2,0,0,2,2
70,-7984.861,8957.928,-115.663,-153.206,-0.891133,0.450005,0.058114,-0.452350,-0.891107,-0.036155,0.035516,-0.058507,0.997655,0,-0.39622,0.12205,-23.773,0.244,-1,350.000,-1,375.000,-1,300.000,300.000,300.000,300.000,-1,375.000,375.000,-1,625.000,725.000,-1,-1,2,0,2,0,2,0,0,0,0,2,0,0,2,0,0,2,2
71,-7963.664,8968.744,-116.498,-152.964,-0.889287,0.453753,0.057239,-0.456073,-0.889176,-0.036920,0.034143,-0.058938,0.997678,0,-0.39661,0.12099,-23.796,0.242,-1,350.000,-1,375.000,-1,300.000,300.000,300.000,325.000,-1,375.000,375.000,-1,625.000,700.000,-1,-1,2,0,2,0,2,0,0,0,0,2,0,0,2,0,0,2,2
72,-7946.817,8977.520,-117.116,-152.482,-0.885498,0.461207,0.056404,-0.463494,-0.885309,-0.037445,0.032665,-0.059300,0.997706,0,-0.31661,0.24099,-18.996,0.482,-1,350.000,-1,375.000,-1,300.000,300.000,300.000,325.000,-1,375.000,375.000,-1,625.000,700.000,-1,-1,2,0,2,0,2,0,0,0,0,2,0,0,2,0,0,2,2
73,-7934.286,8984.194,-117.517,-151.958,-0.881300,0.469280,0.055549,-0.471523,-0.881046,-0.037731,0.031234,-0.059445,0.997743,0,-0.23661,0.26201,-14.196,0.524,-1,350.000,-1,375.000,-1,300.000,300.000,300.000,325.000,-1,375.000,375.000,-1,625.000,700.000,-1,-1,2,0,2,0,2,0,0,0,0,2,0,0,2,0,0,2,2
74,-7926.033,8988.686,-117.771,-151.436,-0.877023,0.477294,0.054960,-0.479504,-0.876720,-0.037911,0.030090,-0.059602,0.997769,0,-0.15661,0.26134,-9.396,0.523,-1,350.000,-1,375.000,-1,300.000,300.000,300.000,325.000,-1,375.000,375.000,-1,625.000,700.000,-1,-1,2,0,2,0,2,0,0,0,0,2,0,0,2,0,0,2,2
75,-7922.016,8990.921,-117.886,-150.914,-0.872665,0.485253,0.054636,-0.487443,-0.872328,-0.037978,0.029231,-0.059774,0.997784,0,-0.07661,0.26088,-4.596,0.522,-1,350.000,-1,375.000,-1,300.000,300.000,300.000,325.000,-1,375.000,375.000,-1,625.000,700.000,-1,-1,2,0,2,0,2,0,0,0,0,2,0,0,2,0,0,2,2
76,-7922.193,8990.820,-117.869,-150.393,-0.868223,0.493163,0.054573,-0.495345,-0.867868,-0.037928,0.028658,-0.059963,0.997789,0,0.00339,0.26063,0.204,0.521,-1,350.000,-1,375.000,-1,300.000,300.000,300.000,325.000,-1,375.000,375.000,-1,625.000,700.000,-1,-1,2,0,2,0,2,0,0,0,0,2,0,0,2,0,0,2,2
77,-7926.521,8988.308,-117.725,-149.872,-0.863695,0.501031,0.054771,-0.503217,-0.863335,-0.037753,0.028370,-0.060169,0.997785,0,0.08339,0.26059,5.004,0.521,-1,350.000,-1,375.000,-1,300.000,300.000,300.000,325.000,-1,375.000,375.000,-1,625.000,700.000,-1,-1,2,0,2,0,2,0,0,0,0,2,0,0,2,0,0,2,2
78,-7934.954,8983.311,-117.458,-149.350,-0.859075,0.508861,0.055228,-0.511062,-0.858728,-0.037442,0.028373,-0.060390,0.997772,0,0.16339,0.26075,9.804,0.522,-1,350.000,-1,375.000,-1,300.000,300.000,300.000,300.000,-1,375.000,375.000,-1,625.000,700.000,-1,-1,2,0,2,0,2,0,0,0,0,2,0,0,2,0,0,2,2
79,-7947.449,8975.752,-117.070,-148.828,-0.854361,0.516660,0.055942,-0.518888,-0.854042,-0.036983,0.028669,-0.060625,0.997749,0,0.24339,0.26112,14.604,0.522,-1,350.000,-1,375.000,-1,300.000,300.000,300.000,300.000,-1,375.000,375.000,-1,625.000,700.000,-1,-1,2,0,2,0,2,0,0,0,0,2,0,0,2,0,0,2,2
80,-7963.959,8965.557,-116.531,-148.304,-0.849556,0.524436,0.056761,-0.526692,-0.849281,-0.036309,0.029164,-0.060742,0.997727,0,0.32339,0.26169,19.404,0.523,-1,350.000,-1,375.000,-1,300.000,300.000,300.000,300.000,-1,375.000,375.000,-1,625.000,700.000,-1,-1,2,0,2,0,2,0,0,0,0,2,0,0,2,0,0,2,2
81,-7984.435,8952.652,-115.807,-147.779,-0.844662,0.532199,0.057527,-0.534471,-0.844447,-0.035351,0.029765,-0.060606,0.997718,0,0.40339,0.26247,24.204,0.525,-1,350.000,-1,375.000,-1,300.000,300.000,300.000,300.000,-1,375.000,375.000,-1,625.000,700.000,-1,-1,2,0,2,0,2,0,0,0,0,2,0,0,2,0,0,2,2
82,-8008.829,8936.963,-114.939,-147.253,-0.839665,0.539950,0.058452,-0.542240,-0.839528,-0.034172,0.030620,-0.060388,0.997705,0,0.48339,0.26346,29.004,0.527,-1,350.000,-1,375.000,-1,300.000,300.000,300.000,300.000,-1,375.000,375.000,-1,625.000,700.000,-1,-1,2,0,2,0,2,0,0,0,0,2,0,0,2,0,0,2,2
83,-8037.090,8918.416,-113.924,-146.723,-0.834559,0.547693,0.059531,-0.550004,-0.834520,-0.032753,0.031741,-0.060077,0.997689,0,0.56339,0.26467,33.804,0.529,-1,350.000,-1,375.000,-1,300.000,300.000,300.000,300.000,-1,375.000,375.000,-1,625.000,700.000,-1,-1,2,0,2,0,2,0,0,0,0,2,0,0,2,0,0,2,2
84,-8069.166,8896.937,-112.740,-146.191,-0.829342,0.555436,0.060686,-0.557761,-0.829421,-0.031048,0.033089,-0.059598,0.997674,0,0.64339,0.26609,38.604,0.532,-1,350.000,-1,375.000,-1,300.000,300.000,300.000,300.000,-1,400.000,375.000,-1,625.000,700.000,-1,-1,2,0,2,0,2,0,0,0,0,2,0,0,2,0,0,2,2
85,-8105.003,8872.450,-111.281,-145.656,-0.824015,0.563199,0.061700,-0.565505,-0.824245,-0.028697,0.034694,-0.058538,0.997682,0,0.72339,0.26774,43.404,0.535,-1,350.000,-1,375.000,-1,300.000,300.000,300.000,300.000,-1,400.000,375.000,-1,625.000,700.000,-1,-1,2,0,2,0,2,0,0,0,0,2,0,0,2,0,0,2,2
86,-8144.546,8844.883,-109.604,-145.116,-0.818565,0.570977,0.062734,-0.573246,-0.818974,-0.025894,0.036593,-0.057158,0.997694,0,0.80339,0.26962,48.204,0.539,-1,350.000,-1,375.000,-1,300.000,300.000,325.000,300.000,-1,400.000,375.000,-1,625.000,700.000,-1,-1,2,0,2,0,2,0,0,0,0,2,0,0,2,0,0,2,2
87,-8187.737,8814.159,-107.471,-144.573,-0.812924,0.578742,0.064898,-0.581033,-0.813552,-0.023094,0.039433,-0.056481,0.997625,0,0.88339,0.27175,53.004,0.544,-1,375.000,-1,375.000,-1,300.000,300.000,325.000,300.000,-1,400.000,350.000,-1,650.000,725.000,-1,-1,2,0,2,0,2,0,0,0,0,2,0,0,2,0,0,2,2
88,-8231.309,8782.532,-105.217,-144.025,-0.807144,0.586520,0.067178,-0.588830,-0.808004,-0.020241,0.042408,-0.055894,0.997536,0,0.89734,0.27414,53.840,0.548,1000.000,375.000,-1,375.000,-1,300.000,300.000,325.000,300.000,-1,375.000,325.000,-1,650.000,750.000,-1,-1,1,0,2,0,2,0,0,0,0,2,0,0,2,0,0,2,2
89,-8274.626,8750.446,-102.915,-143.471,-0.801237,0.594315,0.069345,-0.596627,-0.802332,-0.017323,0.045342,-0.055252,0.997442,0,0.89843,0.27660,53.906,0.553,975.000,375.000,-1,375.000,-1,300.000,300.000,325.000,300.000,-1,375.000,325.000,-1,650.000,750.000,-1,-1,1,0,2,0,2,0,0,0,0,2,0,0,2,0,0,2,2
90,-8317.676,8717.904,-100.503,-142.913,-0.795209,0.602119,0.071388,-0.604429,-0.796525,-0.014634,0.048051,-0.054786,0.997341,0,0.89943,0.27909,53.966,0.558,950.000,375.000,-1,375.000,-1,300.000,300.000,325.000,300.000,-1,350.000,300.000,-1,675.000,775.000,-1,-1,1,0,2,0,2,0,0,0,0,2,0,0,2,0,0,2,2
91,-8360.447,8684.906,-97.840,-142.350,-0.789072,0.609912,0.073302,-0.612253,-0.790558,-0.012834,0.050122,-0.055006,0.997227,0,0.90034,0.28161,54.020,0.563,900.000,375.000,-1,400.000,-1,300.000,300.000,325.000,300.000,-1,350.000,325.000,-1,700.000,800.000,-1,-1,1,0,2,0,2,0,0,0,0,2,0,0,2,0,0,2,2
92,-8402.927,8651.456,-95.130,-141.782,-0.782803,0.617719,0.075117,-0.620080,-0.784462,-0.010969,0.052151,-0.055165,0.997114,0,0.90116,0.28417,54.069,0.568,875.000,375.000,-1,400.000,-1,300.000,325.000,325.000,300.000,-1,375.000,325.000,-1,700.000,800.000,-1,-1,1,0,2,0,2,0,0,0,0,2,0,0,2,0,0,2,2
93,-8445.104,8617.555,-92.374,-141.208,-0.776403,0.625537,0.076831,-0.627908,-0.778235,-0.009040,0.054138,-0.055262,0.997003,0,0.90188,0.28677,54.113,0.574,825.000,375.000,-1,400.000,-1,300.000,325.000,325.000,300.000,-1,375.000,350.000,-1,725.000,825.000,1000.000,-1,1,0,2,0,2,0,0,0,0,2,0,0,2,0,0,1,2
94,-8486.965,8583.206,-89.796,-140.629,-0.769956,0.633402,0.077265,-0.635685,-0.771920,-0.006648,0.055432,-0.054235,0.996988,0,0.90249,0.28939,54.150,0.579,800.000,375.000,-1,400.000,-1,300.000,325.000,325.000,300.000,-1,400.000,350.000,-1,750.000,875.000,975.000,-1,1,0,2,0,2,0,0,0,0,2,0,0,2,0,0,1,2
95,-8528.498,8548.413,-87.222,-140.045,-0.763395,0.641281,0.077370,-0.643453,-0.765474,-0.004200,0.056532,-0.052990,0.996994,0,0.90300,0.29205,54.180,0.584,750.000,375.000,-1,400.000,-1,325.000,325.000,325.000,300.000,-1,425.000,375.000,-1,750.000,900.000,925.000,-1,1,0,2,0,2,0,0,0,0,2,0,0,2,0,0,1,2
96,-8570.203,8512.775,-84.605,-139.484,-0.757037,0.648791,0.077232,-0.650834,-0.759218,-0.001716,0.057523,-0.051564,0.997012,0,0.91430,0.28039,54.858,0.561,725.000,375.000,-1,400.000,-1,325.000,325.000,325.000,300.000,-1,425.000,400.000,-1,775.000,950.000,900.000,-1,1,0,2,0,2,0,0,0,0,2,0,0,2,0,0,1,2
97,-8611.651,8476.643,-81.971,-138.919,-0.750568,0.656309,0.076847,-0.658211,-0.752833,0.000769,0.058358,-0.050004,0.997043,0,0.91643,0.28294,54.986,0.566,675.000,400.000,-1,425.000,-1,325.000,325.000,325.000,300.000,-1,450.000,425.000,-1,775.000,975.000,850.000,-1,1,0,2,0,2,0,0,0,0,2,0,0,2,1,0,1,2
98,-8652.827,8440.017,-79.073,-138.347,-0.744030,0.663827,0.075851,-0.665599,-0.746305,0.002534,0.058290,-0.048601,0.997116,0,0.91847,0.28557,55.108,0.571,650.000,400.000,-1,425.000,-1,325.000,325.000,325.000,300.000,-1,500.000,450.000,-1,750.000,1000.000,800.000,-1,1,0,2,0,2,0,0,0,0,2,0,0,2,1,0,1,2
99,-8693.719,8402.901,-76.015,-137.771,-0.737382,0.671335,0.074685,-0.673013,-0.739622,0.003575,0.057638,-0.047628,0.997201,0,0.92042,0.28829,55.225,0.577,600.000,400.000,-1,425.000,-1,325.000,325.000,325.000,300.000,-1,550.000,500.000,-1,725.000,-1,775.000,-1,1,0,2,0,2,0,0,0,0,2,0,0,2,1,2,1,2
100,-8734.313,8365.296,-72.953,-137.189,-0.730601,0.678848,0.073396,-0.680432,-0.732797,0.004541,0.056867,-0.046623,0.997293,0,0.92226,0.29111,55.336,0.582,575.000,400.000,-1,425.000,-1,325.000,325.000,325.000,300.000,-1,600.000,550.000,-1,700.000,-1,725.000,-1,1,0,2,0,2,0,0,0,0,2,0,0,2,1,2,1,2
101,-8774.594,8327.205,-69.889,-136.601,-0.723684,0.686367,0.071986,-0.687858,-0.725825,0.005427,0.055974,-0.045589,0.997391,0,0.92398,0.29405,55.439,0.588,550.000,400.000,-1,425.000,-1,325.000,325.000,325.000,300.000,-1,675.000,625.000,-1,700.000,-1,675.000,-1,1,0,2,0,2,0,0,0,0,2,0,0,2,1,2,1,2
102,-8812.139,8290.660,-67.027,-135.772,-0.713784,0.696805,0.070534,-0.698227,-0.715851,0.006033,0.054695,-0.044943,0.997491,0,0.87324,0.41405,52.394,0.828,500.000,400.000,-1,425.000,-1,325.000,325.000,325.000,300.000,-1,725.000,675.000,-1,675.000,-1,625.000,-1,1,0,2,0,2,0,0,0,0,2,0,0,2,1,2,1,2
103,-8849.061,8253.354,-64.476,-134.704,-0.700795,0.710003,0.069146,-0.711456,-0.702713,0.004973,0.052121,-0.045709,0.997594,0,0.87481,0.53405,52.489,1.068,450.000,400.000,-1,425.000,-1,325.000,325.000,325.000,300.000,-1,800.000,750.000,-1,650.000,-1,575.000,-1,1,0,2,0,2,0,0,0,0,2,0,0,2,1,2,1,2
104,-8885.190,8215.142,-61.935,-133.396,-0.684531,0.725828,0.067756,-0.727317,-0.686291,0.003808,0.049264,-0.046673,0.997695,0,0.87646,0.65405,52.588,1.308,425.000,400.000,-1,425.000,-1,325.000,325.000,325.000,300.000,-1,900.000,850.000,-1,600.000,-1,500.000,-1,1,0,2,0,2,0,0,0,0,2,0,0,2,1,2,1,2
105,-8920.344,8175.890,-59.647,-131.848,-0.664789,0.744093,0.066188,-0.745566,-0.666422,0.003568,0.046765,-0.046976,0.997801,0,0.87823,0.77405,52.694,1.548,375.000,400.000,-1,425.000,-1,325.000,325.000,325.000,300.000,-1,950.000,900.000,-1,575.000,-1,450.000,-1,1,1,2,0,2,0,0,0,0,2,0,0,2,1,2,1,2
106,-8954.373,8135.509,-57.503,-130.121,-0.642172,0.763842,0.064494,-0.765278,-0.643689,0.003672,0.044319,-0.046998,0.997911,0,0.88013,0.86366,52.808,1.727,350.000,375.000,-1,425.000,-1,325.000,325.000,325.000,300.000,-1,-1,975.000,-1,550.000,-1,400.000,-1,1,1,2,0,2,0,0,0,0,2,2,0,2,1,2,1,2
107,-8987.242,8094.022,-55.418,-128.389,-0.618924,0.782949,0.062637,-0.784339,-0.620321,0.003722,0.041769,-0.046825,0.998029,0,0.88215,0.86573,52.929,1.731,300.000,350.000,-1,425.000,-1,325.000,325.000,325.000,300.000,-1,-1,-1,-1,525.000,-1,350.000,-1,1,1,2,0,2,0,0,0,0,2,2,2,2,1,2,1,2
108,-9018.910,8051.464,-53.413,-126.654,-0.595052,0.801390,0.060720,-0.802731,-0.596329,0.003709,0.039182,-0.046535,0.998148,0,0.88414,0.86786,53.049,1.736,250.000,325.000,-1,425.000,-1,325.000,325.000,325.000,300.000,-1,-1,-1,-1,475.000,-1,300.000,-1,1,1,2,0,2,1,0,0,0,2,2,2,2,1,2,1,2
109,-9049.338,8007.868,-51.496,-124.914,-0.570569,0.819143,0.058784,-0.820434,-0.571729,0.003633,0.036585,-0.046156,0.998264,0,0.88609,0.87007,53.165,1.740,225.000,325.000,-1,425.000,-1,300.000,325.000,325.000,300.000,-1,-1,-1,-1,450.000,-1,250.000,-1,1,1,2,0,2,1,1,0,0,2,2,2,2,1,2,1,2
110,-9078.487,7963.271,-49.669,-123.169,-0.545490,0.836188,0.056835,-0.837428,-0.546536,0.003493,0.033983,-0.045690,0.998377,0,0.88798,0.87235,53.279,1.745,175.000,300.000,-1,425.000,-1,275.000,325.000,325.000,300.000,-1,-1,-1,-1,425.000,-1,200.000,-1,1,1,2,0,2,1,1,0,0,2,2,2,2,1,2,1,2
111,-9106.325,7917.714,-43.529,-121.419,-0.519688,0.853063,0.046994,-0.853124,-0.521106,0.025059,0.045866,-0.027069,0.998581,0,0.88980,0.87474,53.388,1.749,175.000,300.000,-1,475.000,-1,300.000,350.000,375.000,300.000,-1,1000.000,800.000,-1,450.000,-1,200.000,-1,1,1,2,0,2,1,1,0,0,2,0,0,2,1,2,1,2
112,-9132.802,7871.232,-37.663,-119.665,-0.493665,0.868900,0.036153,-0.867771,-0.494905,0.045198,0.057166,-0.009060,0.998324,0,0.89153,0.87725,53.492,1.755,175.000,325.000,-1,500.000,-1,325.000,400.000,375.000,300.000,-1,650.000,225.000,-1,500.000,-1,200.000,-1,1,1,2,0,2,1,0,1,0,2,0,0,2,1,2,1,2
113,-9157.880,7823.871,-32.287,-117.905,-0.467492,0.883688,0.023395,-0.881437,-0.467987,0.063693,0.067234,0.009154,0.997695,0,0.89316,0.87990,53.590,1.760,175.000,325.000,-1,550.000,-1,350.000,425.000,375.000,275.000,-1,400.000,150.000,825.000,550.000,-1,200.000,-1,1,1,2,0,2,1,0,1,0,2,0,0,0,1,2,1,2
114,-9181.523,7775.677,-27.186,-116.140,-0.441122,0.897395,0.009609,-0.894165,-0.440399,0.080738,0.076686,0.027024,0.996689,0,0.89466,0.88270,53.680,1.765,150.000,350.000,-1,575.000,-1,375.000,450.000,375.000,275.000,-1,300.000,100.000,625.000,575.000,-1,200.000,-1,1,1,2,0,2,1,0,1,0,2,0,0,0,1,2,1,2
115,-9203.694,7726.700,-22.264,-114.368,-0.414553,0.910012,-0.004913,-0.905971,-0.412191,0.096518,0.085808,0.044463,0.995319,0,0.89600,0.88569,53.760,1.771,150.000,350.000,-1,600.000,-1,400.000,475.000,350.000,275.000,-1,275.000,75.000,500.000,675.000,-1,175.000,-1,1,1,2,0,2,1,0,1,0,2,0,0,0,1,2,1,2
116,-9224.357,7676.993,-17.495,-112.590,-0.387809,0.921518,-0.020220,-0.916861,-0.383410,0.111185,0.094706,0.061658,0.993594,0,0.89716,0.88889,53.829,1.778,150.000,375.000,-1,625.000,-1,425.000,525.000,350.000,250.000,-1,250.000,50.000,400.000,800.000,-1,175.000,-1,1,1,2,0,2,1,0,1,0,2,0,0,0,1,2,1,2
117,-9243.479,7626.613,-13.064,-110.806,-0.360858,0.931959,-0.035124,-0.926767,-0.354125,0.125293,0.104330,0.077765,0.991498,0,0.89809,0.89234,53.885,1.785,125.000,375.000,-1,675.000,-1,450.000,550.000,325.000,250.000,-1,225.000,50.000,325.000,875.000,-1,175.000,-1,1,1,2,0,2,1,0,1,0,2,0,0,0,1,2,1,2
118,-9261.024,7575.621,-8.721,-109.014,-0.333811,0.941272,-0.050767,-0.935708,-0.324356,0.138721,0.114108,0.093809,0.989029,0,0.89876,0.89606,53.925,1.792,125.000,375.000,-1,700.000,-1,500.000,600.000,300.000,250.000,-1,225.000,25.000,275.000,925.000,-1,150.000,-1,1,1,2,0,2,1,0,1,0,2,0,0,0,1,2,1,2
119,-7543.219,-8855.088,-353.550,-59.005,0.514561,0.857182,-0.021583,-0.855697,0.514955,0.051034,0.054860,-0.007792,0.998464,1,0.00000,0.00000,53.947,1.800,-1,375.000,-1,375.000,-1,325.000,325.000,300.000,300.000,-1,500.000,500.000,-1,700.000,625.000,-1,-1,2,0,2,1,2,0,0,0,0,2,0,0,2,1,1,2,2
120,-7540.764,-8859.213,-353.282,-59.245,0.510954,0.859333,-0.021720,-0.857846,0.511361,0.051096,0.055016,-0.007475,0.998458,0,0.08000,-0.12000,4.800,-0.240,-1,375.000,-1,375.000,-1,325.000,325.000,300.000,300.000,-1,500.000,500.000,-1,700.000,625.000,-1,-1,2,0,2,1,2,0,0,0,0,2,0,0,2,1,1,2,2
121,-7535.924,-8867.504,-352.746,-59.725,0.503713,0.863591,-0.021992,-0.862098,0.504146,0.051224,0.055324,-0.006843,0.998445,0,0.16000,-0.24000,9.600,-0.480,-1,375.000,-1,375.000,-1,325.000,325.000,300.000,300.000,-1,500.000,525.000,-1,675.000,625.000,-1,-1,2,0,2,1,2,0,0,0,0,2,0,0,2,1,1,2,2
122,-7528.821,-8880.030,-351.940,-60.445,0.492784,0.869863,-0.022393,-0.868362,0.493258,0.051425,0.055778,-0.005897,0.998426,0,0.24000,-0.36000,14.400,-0.720,-1,375.000,-1,375.000,-1,325.000,325.000,300.000,300.000,-1,500.000,525.000,-1,675.000,625.000,-1,-1,2,0,2,1,2,0,0,0,0,2,0,0,2,1,1,2,2
123,-7519.567,-8896.853,-350.871,-61.183,0.481480,0.876157,-0.022922,-0.874644,0.482001,0.051709,0.056354,-0.004849,0.998399,0,0.32000,-0.36949,19.200,-0.739,-1,375.000,-1,375.000,-1,325.000,325.000,300.000,300.000,-1,525.000,525.000,-1,650.000,625.000,975.000,-1,2,0,2,1,2,0,0,0,0,2,0,0,2,1,1,1,2
124,-7508.270,-8918.028,-349.536,-61.921,0.470106,0.882295,-0.023571,-0.880764,0.470682,0.052082,0.057046,-0.003724,0.998365,0,0.40000,-0.36886,24.000,-0.738,-1,375.000,1000.000,375.000,-1,325.000,325.000,300.000,300.000,-1,525.000,550.000,-1,625.000,625.000,950.000,-1,2,0,1,1,2,0,0,0,0,2,0,0,2,1,1,1,2
125,-7495.042,-8943.610,-347.933,-62.658,0.458668,0.888275,-0.024331,-0.886723,0.459305,0.052548,0.057852,-0.002527,0.998322,0,0.48000,-0.36820,28.800,-0.736,-1,375.000,975.000,375.000,-1,325.000,325.000,300.000,300.000,-1,550.000,550.000,-1,625.000,625.000,900.000,-1,2,0,1,1,2,0,1,0,0,2,0,0,2,1,1,1,2
126,-7479.993,-8973.652,-346.057,-63.393,0.447167,0.894096,-0.025191,-0.892518,0.447874,0.053110,0.058768,-0.001266,0.998271,0,0.56000,-0.36750,33.600,-0.735,-1,375.000,950.000,375.000,-1,325.000,300.000,300.000,300.000,-1,575.000,550.000,-1,600.000,600.000,850.000,-1,2,0,1,1,2,0,1,0,0,2,0,0,2,1,1,1,2
127,-7463.236,-9008.203,-343.904,-64.126,0.435609,0.899757,-0.026131,-0.898148,0.436392,0.053787,0.059798,0.000039,0.998210,0,0.64000,-0.36674,38.400,-0.733,-1,375.000,925.000,375.000,-1,325.000,300.000,300.000,300.000,-1,575.000,550.000,-1,575.000,600.000,800.000,-1,2,1,1,1,2,1,1,0,0,2,0,0,2,1,1,1,2
128,-7444.881,-9047.310,-341.413,-64.858,0.424011,0.905256,-0.026947,-0.903605,0.424865,0.054654,0.060925,0.001176,0.998142,0,0.72000,-0.36589,43.200,-0.732,975.000,375.000,900.000,350.000,-1,300.000,300.000,300.000,300.000,-1,600.000,550.000,-1,550.000,600.000,750.000,-1,1,1,1,1,2,1,1,0,0,2,0,0,2,1,1,1,2
129,-7425.842,-9089.259,-338.611,-65.588,0.412410,0.910594,-0.027153,-0.908907,0.413299,0.055431,0.061697,0.001820,0.998093,0,0.76779,-0.36492,46.067,-0.730,875.000,350.000,850.000,350.000,-1,300.000,300.000,300.000,300.000,-1,650.000,575.000,-1,500.000,575.000,675.000,-1,1,1,1,1,2,1,1,0,0,2,0,0,2,1,1,1,2
130,-7407.257,-9131.627,-335.786,-66.315,0.400779,0.915768,-0.027319,-0.914043,0.401701,0.056219,0.062458,0.002439,0.998045,0,0.77108,-0.36382,46.265,-0.728,800.000,325.000,825.000,350.000,-1,275.000,275.000,300.000,300.000,-1,675.000,600.000,-1,475.000,550.000,625.000,-1,1,1,1,1,2,1,1,0,0,2,0,0,2,1,1,1,2
131,-7389.133,-9174.409,-332.865,-67.041,0.389133,0.920777,-0.027279,-0.918996,0.390079,0.057322,0.063422,0.002764,0.997983,0,0.77437,-0.36258,46.462,-0.725,700.000,325.000,800.000,325.000,-1,275.000,275.000,300.000,300.000,-1,675.000,600.000,-1,450.000,550.000,550.000,-1,1,1,1,1,2,1,1,0,0,2,0,0,2,1,1,1,2
