timestep,x_cm,y_cm,z_cm,yaw_deg,basis_xx,basis_xy,basis_xz,basis_yx,basis_yy,basis_yz,basis_zx,basis_zy,basis_zz,teleport_flag,throttle_cmd,steering_cmd,cmd_move_cm,cmd_turn_deg,lidar_cm_0,lidar_cm_1,lidar_cm_2,lidar_cm_3,lidar_cm_4,lidar_cm_5,lidar_cm_6,lidar_cm_7,lidar_cm_8,lidar_cm_9,lidar_cm_10,lidar_cm_11,lidar_cm_12,lidar_cm_13,lidar_cm_14,lidar_cm_15,lidar_cm_16,lidar_class_0,lidar_class_1,lidar_class_2,lidar_class_3,lidar_class_4,lidar_class_5,lidar_class_6,lidar_class_7,lidar_class_8,lidar_class_9,lidar_class_10,lidar_class_11,lidar_class_12,lidar_class_13,lidar_class_14,lidar_class_15,lidar_class_16
0,2294.860,332.681,18.199,100.806,-0.187057,-0.982125,-0.020977,0.982088,-0.187457,0.019076,-0.022667,-0.017033,0.999598,1,0.08000,-0.12000,4.800,-0.240,625.000,400.000,-1,375.000,-1,325.000,325.000,325.000,300.000,-1,375.000,400.000,-1,750.000,750.000,925.000,-1,1,0,2,0,2,0,0,0,0,2,1,1,2,0,0,1,2
1,2293.139,342.126,17.987,100.326,-0.178824,-0.983657,-0.020991,0.983627,-0.179222,0.018888,-0.022341,-0.017270,0.999601,0,0.16000,-0.24000,9.600,-0.480,625.000,400.000,-1,375.000,-1,325.000,325.000,325.000,300.000,-1,375.000,400.000,-1,750.000,750.000,950.000,-1,1,0,2,0,2,0,0,0,0,2,1,1,2,0,0,1,2
2,2290.736,356.324,17.673,99.606,-0.166453,-0.985825,-0.021016,0.985807,-0.166846,0.018605,-0.021848,-0.017621,0.999606,0,0.24000,-0.36000,14.400,-0.720,650.000,400.000,-1,375.000,-1,325.000,325.000,325.000,300.000,-1,375.000,400.000,-1,750.000,775.000,975.000,-1,1,0,2,0,2,0,0,0,0,2,1,1,2,0,0,1,2
3,2287.850,375.306,17.258,98.646,-0.149917,-0.988474,-0.021055,0.988472,-0.150305,0.018227,-0.021181,-0.018080,0.999612,0,0.32000,-0.48000,19.200,-0.960,650.000,400.000,-1,400.000,-1,325.000,325.000,325.000,300.000,-1,400.000,425.000,-1,750.000,775.000,-1,-1,1,0,2,0,2,0,0,0,0,2,1,1,2,0,0,2,2
4,2284.739,399.103,16.747,97.446,-0.129189,-0.991395,-0.021113,0.991411,-0.129569,0.017753,-0.020335,-0.018638,0.999619,0,0.40000,-0.60000,24.000,-1.200,675.000,400.000,-1,400.000,-1,325.000,325.000,325.000,300.000,-1,425.000,450.000,-1,750.000,775.000,-1,-1,1,0,2,0,2,0,0,0,0,2,1,1,2,0,0,2,2
5,2281.726,427.745,16.145,96.006,-0.104243,-0.994326,-0.021199,0.994365,-0.104613,0.017182,-0.019303,-0.019288,0.999628,0,0.48000,-0.72000,28.800,-1.440,700.000,400.000,-1,400.000,-1,325.000,325.000,325.000,300.000,-1,450.000,475.000,-1,750.000,775.000,-1,-1,1,0,2,0,2,0,0,0,0,2,1,1,2,0,0,2,2
6,2279.191,461.249,15.459,94.326,-0.075058,-0.996951,-0.021321,0.997015,-0.075416,0.016518,-0.018075,-0.020017,0.999636,0,0.56000,-0.84000,33.600,-1.680,750.000,400.000,-1,400.000,-1,325.000,325.000,300.000,300.000,-1,475.000,500.000,-1,775.000,775.000,-1,-1,1,0,2,0,2,0,0,0,0,2,1,1,2,0,0,2,2
7,2277.474,499.611,14.695,92.562,-0.044352,-0.998785,-0.021482,0.998876,-0.044696,0.015764,-0.016704,-0.020758,0.999645,0,0.64000,-0.88187,38.400,-1.764,800.000,400.000,-1,400.000,-1,325.000,325.000,300.000,300.000,-1,525.000,525.000,-1,775.000,800.000,-1,-1,1,0,2,0,2,0,0,0,0,2,1,1,2,0,0,2,2
8,2276.860,542.807,13.858,90.815,-0.013900,-0.999668,-0.021680,0.999787,-0.014225,0.014924,-0.015228,-0.021468,0.999654,0,0.72000,-0.87351,43.200,-1.747,850.000,400.000,-1,400.000,-1,325.000,325.000,300.000,300.000,-1,575.000,575.000,-1,775.000,800.000,-1,-1,1,0,2,0,2,0,0,0,0,2,1,1,2,0,0,2,2
9,2277.626,590.801,12.955,89.085,0.016274,-0.999627,-0.021923,0.999774,0.015969,0.014003,-0.013648,-0.022146,0.999662,0,0.80000,-0.86523,48.000,-1.730,925.000,400.000,-1,400.000,-1,325.000,325.000,300.000,300.000,-1,625.000,625.000,-1,775.000,800.000,-1,-1,1,0,2,0,2,0,0,0,0,2,1,1,2,0,0,2,2
10,2280.059,643.545,12.021,87.359,0.046351,-0.998681,-0.022097,0.998852,0.046069,0.013092,-0.012056,-0.022678,0.999670,0,0.88000,-0.86297,52.800,-1.726,-1,400.000,-1,400.000,-1,325.000,325.000,300.000,300.000,-1,675.000,675.000,-1,800.000,825.000,-1,-1,2,0,2,0,2,0,0,0,0,2,1,1,2,0,0,2,2
11,2284.159,697.285,11.204,85.637,0.076344,-0.996838,-0.022015,0.997012,0.076059,0.013527,-0.011810,-0.022982,0.999666,0,0.89827,-0.86103,53.896,-1.722,-1,400.000,-1,400.000,-1,325.000,325.000,300.000,300.000,-1,725.000,725.000,-1,800.000,825.000,-1,-1,2,0,2,0,2,0,0,0,0,2,1,1,2,0,0,2,2
12,2289.822,750.424,10.380,83.918,0.106228,-0.994104,-0.021732,0.994270,0.105932,0.014342,-0.011956,-0.023131,0.999661,0,0.89066,-0.85963,53.440,-1.719,-1,400.000,-1,400.000,-1,325.000,325.000,300.000,300.000,-1,800.000,775.000,-1,825.000,825.000,-1,-1,2,0,2,0,2,0,0,0,0,2,1,1,2,0,0,2,2
13,2297.010,802.900,9.594,82.200,0.135988,-0.990479,-0.021397,0.990637,0.135682,0.015156,-0.012108,-0.023258,0.999656,0,0.88277,-0.85885,52.966,-1.718,-1,400.000,-1,400.000,-1,325.000,325.000,300.000,300.000,-1,850.000,825.000,-1,825.000,825.000,-1,-1,2,0,2,0,2,0,0,0,0,2,1,1,2,0,0,2,2
14,2305.689,854.663,8.845,80.482,0.165620,-0.985966,-0.021012,0.986113,0.165304,0.015967,-0.012269,-0.023365,0.999652,0,0.87475,-0.85867,52.485,-1.717,-1,400.000,-1,400.000,-1,325.000,325.000,300.000,300.000,-1,925.000,900.000,-1,850.000,825.000,-1,-1,2,0,2,0,2,0,0,0,0,2,1,1,2,0,0,2,2
15,2315.822,905.675,8.132,78.764,0.195117,-0.980564,-0.020582,0.980701,0.194792,0.016774,-0.012439,-0.023457,0.999647,0,0.86680,-0.85909,52.008,-1.718,-1,400.000,-1,400.000,-1,325.000,325.000,300.000,300.000,-1,975.000,950.000,-1,850.000,825.000,-1,-1,2,0,2,0,2,0,0,0,0,2,1,1,2,0,0,2,2
16,2327.379,955.907,7.454,77.044,0.224472,-0.974273,-0.020107,0.974399,0.224138,0.017578,-0.012619,-0.023538,0.999643,0,0.85908,-0.86008,51.545,-1.720,-1,400.000,-1,400.000,-1,325.000,325.000,300.000,300.000,-1,-1,-1,-1,850.000,825.000,-1,-1,2,0,2,0,2,0,0,0,0,2,2,2,2,0,0,2,2
17,2340.329,1005.344,6.808,75.321,0.253677,-0.967091,-0.019592,0.967204,0.253334,0.018377,-0.012809,-0.023611,0.999639,0,0.85174,-0.86162,51.104,-1.723,-1,400.000,-1,400.000,-1,325.000,325.000,300.000,300.000,-1,-1,-1,-1,875.000,825.000,-1,-1,2,0,2,0,2,0,0,0,0,2,2,2,2,0,0,2,2
18,2354.647,1053.974,6.196,73.594,0.282722,-0.959013,-0.019037,0.959114,0.282371,0.019171,-0.013010,-0.023679,0.999635,0,0.84490,-0.86369,50.694,-1.727,-1,400.000,-1,400.000,-1,325.000,325.000,300.000,300.000,-1,-1,-1,-1,875.000,825.000,-1,-1,2,0,2,0,2,0,0,0,0,2,2,2,2,0,0,2,2
19,2370.314,1101.795,5.614,71.861,0.311595,-0.950036,-0.018444,0.950123,0.311236,0.019961,-0.013223,-0.023744,0.999631,0,0.83869,-0.86627,50.321,-1.733,-1,400.000,-1,400.000,-1,325.000,325.000,300.000,300.000,800.000,-1,-1,-1,875.000,825.000,-1,-1,2,0,2,0,2,0,0,0,0,1,2,2,2,0,0,2,2
20,2387.311,1148.807,5.062,70.122,0.340283,-0.940154,-0.017814,0.940227,0.339917,0.020745,-0.013449,-0.023809,0.999626,0,0.83317,-0.86932,49.990,-1.739,-1,425.000,-1,400.000,-1,325.000,325.000,300.000,300.000,675.000,-1,-1,-1,875.000,825.000,-1,-1,2,0,2,0,2,0,0,0,0,1,2,2,2,0,0,2,2
21,2405.627,1195.014,4.514,68.377,0.368772,-0.929359,-0.017272,0.929420,0.368397,0.021487,-0.013607,-0.023977,0.999620,0,0.82842,-0.87282,49.705,-1.746,-1,425.000,-1,400.000,-1,325.000,325.000,300.000,300.000,650.000,-1,-1,-1,875.000,800.000,-1,-1,2,0,2,0,2,0,0,0,0,1,2,2,2,0,0,2,2
22,2425.255,1240.423,3.865,66.623,0.397048,-0.917636,-0.017228,0.917696,0.396655,0.022329,-0.013657,-0.024676,0.999602,0,0.82448,-0.87674,49.469,-1.753,-1,425.000,-1,400.000,-1,325.000,325.000,300.000,300.000,650.000,-1,-1,-1,875.000,800.000,-1,-1,2,0,2,0,2,0,0,0,0,1,2,2,2,0,0,2,2
23,2446.190,1285.037,2.961,64.861,0.425120,-0.904962,-0.017806,0.905018,0.424664,0.024537,-0.014643,-0.026546,0.999540,0,0.82136,-0.88105,49.282,-1.762,-1,425.000,-1,400.000,-1,325.000,325.000,300.000,300.000,625.000,-1,-1,-1,850.000,800.000,-1,-1,2,0,2,0,2,0,0,0,0,1,2,2,2,0,0,2,2
24,2468.432,1328.860,2.110,63.090,0.452934,-0.891358,-0.018203,0.891409,0.452414,0.026676,-0.015543,-0.028309,0.999478,0,0.81908,-0.88573,49.145,-1.771,-1,400.000,-1,400.000,-1,325.000,325.000,300.000,300.000,650.000,-1,-1,-1,850.000,775.000,-1,-1,2,0,2,0,2,0,0,0,0,1,2,2,2,0,0,2,2
25,2492.953,1373.669,1.283,61.310,0.480431,-0.876839,-0.018439,0.876879,0.479847,0.028816,-0.016419,-0.030013,0.999415,0,0.85132,-0.88958,51.079,-1.779,-1,400.000,-1,400.000,-1,325.000,325.000,300.000,300.000,650.000,-1,-1,-1,825.000,775.000,-1,-1,2,0,2,0,2,0,0,0,0,1,2,2,2,0,0,2,2
26,2520.032,1420.142,0.352,59.771,0.503839,-0.863602,-0.018352,0.863629,0.503207,0.030461,-0.017071,-0.031197,0.999367,0,0.89644,-0.76958,53.787,-1.539,-1,400.000,-1,400.000,-1,325.000,325.000,300.000,300.000,675.000,-1,-1,-1,800.000,775.000,-1,-1,2,0,2,0,2,0,0,0,0,1,2,2,2,0,0,2,2
27,2548.034,1465.789,-0.562,58.472,0.523315,-0.851947,-0.018135,0.851957,0.522643,0.031854,-0.017660,-0.032120,0.999328,0,0.89252,-0.64958,53.551,-1.299,-1,400.000,-1,400.000,-1,325.000,325.000,300.000,300.000,700.000,-1,-1,-1,800.000,750.000,-1,-1,2,0,2,0,2,0,0,0,0,1,2,2,2,0,0,2,2
28,2576.779,1510.760,-1.474,57.413,0.538996,-0.842122,-0.017716,0.842108,0.538290,0.033136,-0.018368,-0.032778,0.999294,0,0.88955,-0.52958,53.373,-1.059,-1,400.000,-1,400.000,-1,325.000,325.000,300.000,300.000,725.000,-1,-1,-1,800.000,750.000,-1,-1,2,0,2,0,2,0,0,0,0,1,2,2,2,0,0,2,2
29,2606.096,1555.212,-2.403,56.594,0.551001,-0.834330,-0.017078,0.834283,0.550267,0.034312,-0.019230,-0.033154,0.999265,0,0.88748,-0.40958,53.249,-0.819,-1,400.000,-1,400.000,-1,325.000,325.000,300.000,300.000,750.000,-1,-1,-1,775.000,725.000,-1,-1,2,0,2,0,2,0,0,0,0,1,2,2,2,0,0,2,2
30,2635.820,1599.304,-3.303,56.015,0.559425,-0.828717,-0.016508,0.828638,0.558667,0.035370,-0.020089,-0.033467,0.999238,0,0.88626,-0.28958,53.176,-0.579,-1,400.000,-1,375.000,-1,325.000,325.000,300.000,300.000,775.000,-1,-1,-1,775.000,725.000,-1,-1,2,0,2,0,2,0,0,0,0,1,2,2,2,0,0,2,2
31,2665.790,1643.198,-4.184,55.676,0.564338,-0.825388,-0.016025,0.825278,0.563558,0.036327,-0.020953,-0.033726,0.999211,0,0.88581,-0.16958,53.149,-0.339,-1,400.000,-1,375.000,-1,325.000,325.000,300.000,300.000,825.000,-1,-1,-1,775.000,725.000,-1,-1,2,0,2,0,2,0,0,0,0,1,2,2,2,0,0,2,2
32,2695.843,1687.052,-5.055,55.576,0.565783,-0.824406,-0.015641,0.824265,0.564981,0.037199,-0.021830,-0.033939,0.999185,0,0.88606,-0.04958,53.163,-0.099,-1,400.000,-1,375.000,-1,325.000,325.000,325.000,300.000,850.000,-1,-1,-1,750.000,700.000,-1,-1,2,0,2,0,2,0,0,0,0,1,2,2,2,0,0,2,2
33,2725.818,1731.021,-5.938,55.717,0.563773,-0.825786,-0.015433,0.825618,0.562949,0.037992,-0.022685,-0.034160,0.999159,0,0.88691,0.07042,53.215,0.141,-1,400.000,-1,375.000,-1,325.000,325.000,325.000,300.000,875.000,-1,-1,-1,750.000,700.000,-1,-1,2,0,2,0,2,0,0,0,0,1,2,2,2,0,0,2,2
34,2755.600,1775.221,-6.962,56.027,0.559323,-0.828794,-0.016045,0.828628,0.558463,0.038658,-0.023079,-0.034917,0.999124,0,0.88829,0.15482,53.297,0.310,-1,400.000,-1,375.000,-1,325.000,325.000,325.000,300.000,900.000,-1,-1,-1,750.000,700.000,-1,-1,2,0,2,0,2,0,0,0,0,1,2,2,2,0,0,2,2
35,2785.210,1819.664,-8.111,56.326,0.555013,-0.831660,-0.017400,0.831526,0.554103,0.039177,-0.022941,-0.036212,0.999081,0,0.89006,0.14955,53.404,0.299,-1,400.000,-1,375.000,-1,325.000,325.000,325.000,300.000,950.000,-1,-1,-1,750.000,700.000,-1,-1,2,0,2,0,2,0,0,0,0,1,2,2,2,0,0,2,2
36,2814.662,1864.356,-9.243,56.614,0.550842,-0.834399,-0.018757,0.834300,0.549886,0.039608,-0.022735,-0.037467,0.999039,0,0.89207,0.14416,53.524,0.288,-1,400.000,-1,375.000,-1,325.000,325.000,325.000,300.000,975.000,-1,-1,-1,750.000,700.000,-1,-1,2,0,2,0,2,0,0,0,0,1,2,2,2,0,0,2,2
37,2843.971,1909.302,-10.319,56.892,0.546810,-0.837016,-0.020055,0.836958,0.545820,0.039769,-0.022341,-0.038532,0.999008,0,0.89429,0.13863,53.657,0.277,-1,400.000,-1,375.000,-1,325.000,325.000,325.000,300.000,1000.000,-1,-1,-1,750.000,700.000,-1,-1,2,0,2,0,2,0,0,0,0,1,2,2,2,0,0,2,2
38,2873.149,1954.506,-11.375,57.157,0.542929,-0.839507,-0.021347,0.839494,0.541907,0.039832,-0.021871,-0.039546,0.998978,0,0.89673,0.13297,53.804,0.266,-1,400.000,-1,375.000,-1,325.000,325.000,325.000,300.000,-1,-1,-1,-1,750.000,725.000,-1,-1,2,0,2,0,2,0,0,0,0,2,2,2,2,0,0,2,2
39,2902.213,1999.972,-12.424,57.412,0.539204,-0.841870,-0.022655,0.841904,0.538153,0.039866,-0.021370,-0.040569,0.998948,0,0.89937,0.12718,53.962,0.254,-1,400.000,-1,375.000,-1,325.000,325.000,300.000,300.000,-1,-1,-1,-1,725.000,725.000,-1,-1,2,0,2,0,2,0,0,0,0,2,2,2,2,0,0,2,2
40,2928.333,2041.622,-13.366,57.906,0.531930,-0.846452,-0.023870,0.846525,0.530850,0.039920,-0.021119,-0.041442,0.998918,0,0.81937,0.24718,49.162,0.494,-1,400.000,-1,375.000,-1,325.000,325.000,300.000,300.000,-1,-1,-1,-1,725.000,725.000,-1,-1,2,0,2,0,2,0,0,0,0,2,2,2,2,0,0,2,2
41,2953.410,2082.771,-14.393,58.641,0.521035,-0.853172,-0.024914,0.853283,0.519949,0.039506,-0.020752,-0.041843,0.998909,0,0.80314,0.36718,48.188,0.734,-1,400.000,-1,375.000,-1,325.000,325.000,300.000,300.000,-1,-1,-1,-1,725.000,725.000,-1,-1,2,0,2,0,2,0,0,0,0,2,2,2,2,0,0,2,2
42,2978.915,2126.269,-15.464,59.615,0.506451,-0.861876,-0.026034,0.862024,0.505357,0.039111,-0.020552,-0.042249,0.998896,0,0.84042,0.48718,50.425,0.974,-1,400.000,-1,375.000,-1,325.000,325.000,300.000,300.000,-1,-1,-1,-1,700.000,725.000,-1,-1,2,0,2,0,2,0,0,0,0,2,2,2,2,0,0,2,2
43,3003.532,2170.370,-16.613,60.829,0.488076,-0.872388,-0.026839,0.872554,0.486975,0.038800,-0.020778,-0.042356,0.998887,0,0.84178,0.60718,50.507,1.214,-1,400.000,-1,375.000,-1,325.000,325.000,300.000,300.000,-1,-1,-1,-1,700.000,725.000,-1,-1,2,0,2,0,2,0,0,0,0,2,2,2,2,0,0,2,2
44,3027.045,2215.125,-17.812,62.284,0.465787,-0.884470,-0.027495,0.884640,0.464678,0.038557,-0.021326,-0.042282,0.998878,0,0.84260,0.72718,50.556,1.454,-1,400.000,-1,375.000,-1,325.000,325.000,300.000,300.000,-1,-1,-1,-1,700.000,725.000,-1,-1,2,0,2,0,2,0,0,0,0,2,2,2,2,0,0,2,2
45,3049.230,2260.566,-19.046,63.978,0.439445,-0.897829,-0.028113,0.897997,0.438326,0.038366,-0.022123,-0.042105,0.998868,0,0.84279,0.84718,50.568,1.694,-1,400.000,-1,375.000,-1,325.000,325.000,300.000,300.000,-1,-1,-1,-1,675.000,725.000,-1,-1,2,0,2,0,2,0,0,0,0,2,2,2,2,0,0,2,2
46,3069.881,2306.694,-20.310,65.882,0.409384,-0.911911,-0.028678,0.912070,0.408254,0.038181,-0.023110,-0.041787,0.998859,0,0.84232,0.95216,50.539,1.904,-1,400.000,-1,400.000,-1,325.000,325.000,300.000,300.000,-1,-1,-1,-1,675.000,700.000,-1,-1,2,0,2,0,2,0,0,0,0,2,2,2,2,0,0,2,2
47,3088.970,2353.414,-21.608,67.775,0.379058,-0.924911,-0.029225,0.925058,0.377915,0.038046,-0.024144,-0.041457,0.998849,0,0.84117,0.94643,50.470,1.893,-1,375.000,-1,400.000,-1,325.000,325.000,300.000,300.000,-1,-1,-1,-1,675.000,700.000,-1,-1,2,0,2,0,2,0,0,0,0,2,2,2,2,0,0,2,2
48,3106.481,2400.642,-22.945,69.657,0.348506,-0.936834,-0.029773,0.936967,0.347348,0.037981,-0.025240,-0.041133,0.998835,0,0.83951,0.94079,50.370,1.882,-1,375.000,-1,400.000,-1,325.000,325.000,300.000,300.000,-1,-1,-1,-1,650.000,700.000,-1,-1,2,0,2,0,2,0,0,0,0,2,2,2,2,0,0,2,2
49,3122.396,2448.298,-24.319,71.533,0.317675,-0.947715,-0.030327,0.947832,0.316499,0.037981,-0.026396,-0.040811,0.998818,0,0.83739,0.93794,50.243,1.876,-1,375.000,-1,375.000,-1,300.000,325.000,300.000,300.000,-1,-1,-1,-1,650.000,675.000,-1,-1,2,0,2,0,2,0,0,0,0,2,2,2,2,0,0,2,2
50,3136.703,2496.303,-25.731,73.405,0.286575,-0.957560,-0.030892,0.957660,0.285378,0.038041,-0.027610,-0.040486,0.998799,0,0.83487,0.93593,50.092,1.872,975.000,375.000,-1,375.000,-1,300.000,300.000,300.000,300.000,-1,-1,-1,-1,625.000,675.000,1000.000,-1,0,0,2,0,2,0,0,0,0,2,2,2,2,0,0,0,2
51,3149.394,2544.585,-27.170,75.273,0.255224,-0.966371,-0.031434,0.966450,0.254003,0.038172,-0.028904,-0.040122,0.998777,0,0.83204,0.93439,49.922,1.869,925.000,350.000,-1,375.000,-1,300.000,300.000,300.000,300.000,-1,-1,-1,-1,625.000,650.000,950.000,-1,0,0,2,0,2,0,0,0,0,2,2,2,2,0,0,0,2
52,3160.465,2593.075,-28.403,77.140,0.223592,-0.974185,-0.031165,0.974233,0.222402,0.037524,-0.029624,-0.038752,0.998810,0,0.82896,0.93333,49.738,1.867,900.000,350.000,-1,375.000,-1,300.000,300.000,300.000,300.000,-1,-1,-1,-1,625.000,650.000,925.000,-1,0,0,2,0,2,0,0,0,0,2,2,2,2,0,0,0,2
53,3169.915,2641.709,-29.395,79.006,0.191679,-0.981001,-0.029933,0.981016,0.190589,0.035827,-0.029441,-0.036232,0.998910,0,0.82573,0.93276,49.544,1.866,900.000,350.000,-1,350.000,-1,300.000,300.000,300.000,300.000,-1,-1,-1,-1,625.000,650.000,900.000,-1,0,0,2,0,2,0,0,0,0,2,2,2,2,0,0,0,2
54,3177.937,2691.622,-30.297,80.871,0.159557,-0.986753,-0.029327,0.986782,0.158568,0.033413,-0.028320,-0.034270,0.999011,0,0.84257,0.93262,50.554,1.865,900.000,350.000,-1,350.000,-1,300.000,300.000,300.000,300.000,-1,-1,-1,-1,625.000,650.000,900.000,-1,0,0,2,0,2,0,0,0,0,2,2,2,2,0,0,0,2
55,3184.316,2741.621,-30.881,82.729,0.127389,-0.991396,-0.030106,0.991514,0.126494,0.029974,-0.025907,-0.033669,0.999097,0,0.84008,0.92903,50.405,1.858,900.000,350.000,-1,375.000,-1,300.000,300.000,325.000,300.000,-1,-1,-1,-1,625.000,650.000,900.000,-1,0,0,2,0,2,0,0,0,0,2,2,2,2,0,0,0,2
56,3189.059,2791.626,-31.519,84.583,0.095155,-0.994991,-0.030649,0.995186,0.094358,0.026494,-0.023469,-0.033023,0.999179,0,0.83716,0.92692,50.229,1.854,900.000,350.000,-1,375.000,-1,300.000,300.000,325.000,300.000,-1,900.000,-1,-1,625.000,650.000,900.000,-1,0,0,2,0,2,0,0,0,0,2,0,2,2,0,0,0,2
57,3192.172,2841.562,-32.189,86.433,0.062872,-0.997543,-0.030894,0.997802,0.062178,0.022928,-0.020950,-0.032268,0.999260,0,0.83389,0.92530,50.033,1.851,925.000,350.000,-1,375.000,-1,300.000,300.000,325.000,325.000,-1,700.000,775.000,-1,625.000,650.000,900.000,-1,0,0,2,0,2,0,0,0,0,2,0,0,2,0,0,0,2
58,3193.667,2891.360,-32.904,88.282,0.030560,-0.999055,-0.030894,0.999364,0.029972,0.019341,-0.018397,-0.031465,0.999336,0,0.83036,0.92417,49.821,1.848,925.000,375.000,-1,375.000,-1,300.000,300.000,325.000,325.000,-1,575.000,600.000,-1,625.000,650.000,900.000,-1,0,0,2,0,2,0,0,0,0,2,0,0,2,0,0,0,2
59,3193.556,2940.959,-33.660,90.129,-0.001762,-0.999529,-0.030650,0.999874,-0.002245,0.015746,-0.015807,-0.030618,0.999406,0,0.82665,0.92353,49.599,1.847,950.000,375.000,-1,375.000,-1,300.000,300.000,325.000,325.000,-1,475.000,475.000,-1,600.000,650.000,925.000,-1,0,0,2,0,2,0,0,0,0,2,0,0,2,0,0,0,2
60,3191.854,2990.301,-34.454,91.975,-0.034077,-0.998964,-0.030163,0.999332,-0.034457,0.012152,-0.013179,-0.029729,0.999471,0,0.82287,0.92339,49.372,1.847,950.000,375.000,-1,375.000,-1,300.000,300.000,325.000,325.000,-1,400.000,400.000,-1,600.000,625.000,925.000,-1,0,0,2,0,2,0,0,0,0,2,0,0,2,0,0,0,2
61,3188.578,3039.337,-35.284,93.823,-0.066367,-0.997361,-0.029433,0.997740,-0.066646,0.008571,-0.010510,-0.028798,0.999530,0,0.81910,0.92373,49.146,1.847,975.000,375.000,-1,375.000,-1,300.000,300.000,325.000,300.000,-1,350.000,350.000,-1,600.000,625.000,950.000,-1,0,0,2,0,2,0,0,0,0,2,0,0,2,0,0,0,2
62,3183.743,3088.024,-36.146,95.672,-0.098615,-0.994719,-0.028462,0.995095,-0.098796,0.005012,-0.007797,-0.027828,0.999582,0,0.81544,0.92455,48.927,1.849,1000.000,375.000,-1,375.000,-1,300.000,300.000,325.000,300.000,-1,325.000,300.000,-1,600.000,625.000,950.000,-1,0,0,2,0,2,0,0,0,0,2,0,0,2,0,0,0,2
63,3177.365,3136.324,-37.038,97.524,-0.130800,-0.991034,-0.027250,0.991396,-0.130889,0.001486,-0.005039,-0.026821,0.999628,0,0.81199,0.92583,48.719,1.852,-1,350.000,-1,350.000,-1,300.000,300.000,325.000,300.000,-1,275.000,275.000,-1,600.000,625.000,975.000,-1,2,0,2,0,2,0,0,0,0,2,0,0,2,0,0,0,2
64,3169.457,3184.204,-37.951,99.379,-0.162904,-0.986305,-0.025769,0.986639,-0.162908,-0.001967,-0.002258,-0.025745,0.999666,0,0.80881,0.92758,48.529,1.855,-1,350.000,-1,350.000,-1,300.000,300.000,300.000,300.000,-1,250.000,250.000,-1,600.000,625.000,1000.000,-1,2,0,2,0,2,0,0,0,0,2,0,0,2,0,0,0,2
65,3160.033,3231.635,-38.742,101.238,-0.194895,-0.980513,-0.024686,0.980824,-0.194829,-0.005049,0.000141,-0.025196,0.999683,0,0.80598,0.92976,48.359,1.860,-1,350.000,-1,350.000,-1,300.000,300.000,300.000,300.000,-1,250.000,250.000,-1,600.000,625.000,-1,-1,2,0,2,0,2,0,0,0,0,2,0,0,2,0,0,2,2
66,3149.101,3278.594,-38.571,103.103,-0.226780,-0.973574,-0.026920,0.973942,-0.226614,-0.009114,0.002773,-0.028285,0.999596,0,0.80358,0.93238,48.215,1.865,-1,350.000,-1,350.000,-1,300.000,300.000,300.000,300.000,-1,250.000,250.000,-1,600.000,625.000,-1,-1,2,0,2,0,2,0,0,0,0,2,0,0,2,0,0,2,2
67,3135.743,3329.408,-38.329,104.728,-0.254418,-0.966646,-0.029441,0.967074,-0.254098,-0.014226,0.006270,-0.032091,0.999465,0,0.87567,0.81238,52.540,1.625,-1,350.000,-1,350.000,-1,300.000,300.000,300.000,325.000,-1,250.000,275.000,-1,600.000,625.000,-1,-1,2,0,2,0,2,0,0,0,0,2,0,0,2,0,0,2,2
68,3121.182,3379.813,-37.469,106.113,-0.277787,-0.960188,-0.029552,0.960605,-0.277373,-0.017363,0.008474,-0.033211,0.999412,0,0.87444,0.69238,52.466,1.385,-1,350.000,-1,350.000,-1,300.000,300.000,300.000,325.000,-1,275.000,300.000,-1,600.000,625.000,-1,-1,2,0,2,0,2,0,0,0,0,2,0,0,2,0,0,2,2
69,3105.627,3429.888,-36.245,107.257,-0.297016,-0.954471,-0.027691,0.954798,-0.296506,-0.021103,0.011931,-0.032707,0.999394,0,0.87393,0.57238,52.436,1.145,-1,350.000,-1,350.000,-1,300.000,300.000,300.000,325.000,-1,300.000,325.000,-1,625.000,625.000,-1,-1,2,0,2,0,2,0,0,0,0,2,0,0,2,0,0,2,2
70,3089.280,3479.720,-35.014,108.162,-0.312143,-0.949688,-0.025660,0.949908,-0.311547,-0.024765,0.015525,-0.032105,0.999364,0,0.87408,0.45238,52.445,0.905,-1,350.000,-1,375.000,-1,300.000,300.000,300.000,325.000,-1,325.000,350.000,-1,625.000,650.000,-1,-1,2,0,2,0,2,0,0,0,0,2,0,0,2,0,0,2,2
71,3072.341,3529.402,-33.766,108.827,-0.323223,-0.946031,-0.023504,0.946127,-0.322551,-0.028366,0.019254,-0.031406,0.999321,0,0.87484,0.33238,52.490,0.665,-1,350.000,-1,375.000,-1,300.000,300.000,300.000,325.000,-1,350.000,350.000,-1,625.000,650.000,-1,-1,2,0,2,0,2,0,0,0,0,2,0,0,2,0,0,2,2
72,3055.009,3579.031,-32.492,109.252,-0.330298,-0.943637,-0.021264,0.943594,-0.329563,-0.031924,0.023117,-0.030609,0.999264,0,0.87613,0.21238,52.568,0.425,-1,375.000,-1,375.000,-1,300.000,300.000,300.000,325.000,-1,350.000,375.000,-1,650.000,650.000,-1,-1,2,0,2,0,2,0,0,0,0,2,0,0,2,0,0,2,2
73,3037.482,3628.703,-31.184,109.436,-0.333398,-0.942595,-0.018983,0.942396,-0.332614,-0.035462,0.027113,-0.029713,0.999191,0,0.87790,0.09238,52.674,0.185,-1,375.000,-1,375.000,-1,300.000,300.000,325.000,325.000,-1,350.000,350.000,-1,650.000,650.000,-1,-1,2,0,2,0,2,0,0,0,0,2,0,0,2,0,0,2,2
74,3019.000,3681.242,-29.758,109.381,-0.332537,-0.942944,-0.016576,0.942565,-0.331715,-0.039196,0.031461,-0.028658,0.999094,0,0.92824,-0.02762,55.694,-0.055,-1,375.000,-1,375.000,-1,300.000,300.000,325.000,300.000,-1,325.000,300.000,-1,675.000,675.000,-1,975.000,2,0,2,0,2,0,0,0,0,2,0,0,2,0,0,2,1
75,3000.660,3734.249,-28.274,109.086,-0.327708,-0.944672,-0.014200,0.944095,-0.326862,-0.042969,0.035951,-0.027488,0.998975,0,0.93483,-0.14762,56.090,-0.295,-1,375.000,-1,375.000,1000.000,300.000,300.000,325.000,300.000,-1,300.000,275.000,-1,675.000,675.000,-1,950.000,2,0,2,0,1,0,0,0,0,2,0,0,2,0,0,2,1
76,2982.689,3787.804,-26.725,108.551,-0.318889,-0.947717,-0.011901,0.946923,-0.318034,-0.046805,0.040573,-0.026195,0.998833,0,0.94149,-0.26762,56.490,-0.535,-1,375.000,-1,375.000,950.000,300.000,300.000,325.000,300.000,-1,275.000,250.000,-1,700.000,700.000,-1,900.000,2,0,2,0,1,0,0,0,0,2,0,0,2,0,0,2,1
77,2965.320,3841.984,-25.053,107.775,-0.306049,-0.951963,-0.009963,0.950944,-0.305192,-0.050630,0.045158,-0.024970,0.998668,0,0.94825,-0.38762,56.895,-0.775,-1,375.000,-1,375.000,925.000,300.000,300.000,325.000,300.000,-1,250.000,250.000,-1,700.000,700.000,-1,850.000,2,0,2,0,1,0,0,0,0,2,0,0,2,0,0,2,1
78,2948.794,3896.858,-22.713,106.760,-0.289224,-0.957202,-0.010711,0.956038,-0.288271,-0.053778,0.048389,-0.025794,0.998495,0,0.95513,-0.50762,57.308,-1.015,-1,375.000,-1,375.000,875.000,300.000,300.000,325.000,300.000,-1,275.000,275.000,-1,700.000,700.000,-1,800.000,2,0,2,0,1,0,0,0,0,2,0,0,2,0,0,2,1
79,2933.361,3952.488,-20.186,105.505,-0.268308,-0.963259,-0.011947,0.961925,-0.267225,-0.057377,0.052076,-0.026887,0.998281,0,0.96218,-0.62762,57.731,-1.255,-1,375.000,-1,375.000,825.000,325.000,325.000,300.000,300.000,-1,275.000,275.000,-1,725.000,675.000,-1,750.000,2,0,2,0,1,0,0,0,0,2,0,0,2,0,1,2,1
80,2919.280,4008.924,-17.309,104.010,-0.243142,-0.969910,-0.012529,0.968433,-0.242000,-0.059777,0.054946,-0.026667,0.998133,0,0.96942,-0.74762,58.165,-1.495,-1,375.000,1000.000,375.000,800.000,325.000,325.000,300.000,300.000,-1,300.000,300.000,-1,725.000,625.000,-1,700.000,2,0,1,0,1,0,0,0,0,2,0,0,2,0,1,2,1
81,2906.820,4066.197,-13.877,102.274,-0.213601,-0.976852,-0.011635,0.975269,-0.212532,-0.060666,0.056789,-0.024305,0.998090,0,0.97689,-0.86762,58.613,-1.735,-1,375.000,900.000,375.000,750.000,325.000,325.000,300.000,300.000,-1,375.000,350.000,-1,700.000,600.000,-1,650.000,2,0,1,0,1,0,0,0,0,2,0,0,2,1,1,2,1
82,2896.103,4124.293,-10.353,100.452,-0.182366,-0.983172,-0.010795,0.981485,-0.181377,-0.061557,0.058563,-0.021821,0.998045,0,0.98459,-0.91098,59.075,-1.822,-1,375.000,800.000,400.000,725.000,325.000,325.000,300.000,300.000,-1,425.000,400.000,-1,675.000,550.000,-1,625.000,2,0,1,0,1,0,0,0,0,2,0,0,2,1,1,2,1
83,2887.167,4183.167,-6.746,98.631,-0.150956,-0.988490,-0.010034,0.986705,-0.150049,-0.062439,0.060215,-0.019326,0.997998,0,0.99247,-0.91054,59.548,-1.821,-1,375.000,700.000,400.000,675.000,325.000,325.000,300.000,300.000,-1,475.000,450.000,-1,625.000,500.000,-1,575.000,2,0,1,0,1,0,0,0,0,2,0,0,2,1,1,2,1
84,2880.050,4242.743,-3.062,96.812,-0.119417,-0.992800,-0.009348,0.990922,-0.118595,-0.063309,0.061745,-0.016823,0.997950,0,1.00000,-0.90971,60.000,-1.819,-1,375.000,625.000,400.000,625.000,325.000,325.000,300.000,300.000,-1,500.000,500.000,-1,575.000,450.000,-1,525.000,2,0,1,1,1,0,0,0,0,2,0,0,2,1,1,2,1
85,2874.827,4302.516,0.664,94.995,-0.087797,-0.996100,-0.008733,0.994135,-0.087061,-0.064162,0.063151,-0.014315,0.997901,0,1.00000,-0.90847,60.000,-1.817,-1,375.000,550.000,350.000,575.000,325.000,325.000,300.000,300.000,-1,550.000,550.000,-1,500.000,425.000,-1,475.000,2,1,1,1,1,0,1,0,0,2,0,0,2,1,1,2,1
86,2871.497,4362.424,4.427,93.182,-0.056144,-0.998389,-0.008186,0.996341,-0.055496,-0.064997,0.064438,-0.011805,0.997852,0,1.00000,-0.90675,60.000,-1.814,-1,350.000,475.000,325.000,525.000,300.000,300.000,300.000,300.000,-1,600.000,600.000,-1,450.000,375.000,-1,425.000,2,1,1,1,1,1,1,0,0,2,0,0,2,1,1,2,1
87,2870.060,4422.406,8.220,91.372,-0.024510,-0.999670,-0.007699,0.997544,-0.023951,-0.065819,0.065612,-0.009293,0.997802,0,1.00000,-0.90454,60.000,-1.809,-1,300.000,400.000,275.000,475.000,250.000,250.000,300.000,300.000,-1,650.000,650.000,-1,375.000,325.000,-1,375.000,2,1,1,1,1,1,1,0,0,2,0,0,2,1,1,2,1
88,2870.511,4482.405,12.037,89.569,0.007055,-0.999949,-0.007267,0.997749,0.007524,-0.066628,0.066680,-0.006781,0.997751,0,1.00000,-0.90178,60.000,-1.804,-1,250.000,325.000,225.000,425.000,225.000,200.000,300.000,300.000,-1,700.000,675.000,-1,325.000,275.000,450.000,325.000,2,1,1,1,1,1,1,0,0,2,0,0,2,1,1,1,1
89,2872.844,4542.360,15.871,87.772,0.038498,-0.999235,-0.006886,0.996966,0.038875,-0.067430,0.067646,-0.004270,0.997700,0,1.00000,-0.89844,60.000,-1.797,-1,200.000,275.000,200.000,350.000,175.000,175.000,300.000,300.000,-1,750.000,725.000,-1,250.000,250.000,325.000,275.000,2,1,1,1,1,1,1,0,0,2,0,0,2,1,1,1,1
90,2877.045,4602.214,22.031,85.983,0.070431,-0.997514,0.002361,0.994639,0.070048,-0.076074,0.075720,0.007707,0.997099,0,1.00000,-0.89445,60.000,-1.789,-1,175.000,225.000,175.000,300.000,150.000,150.000,325.000,300.000,-1,725.000,650.000,-1,225.000,200.000,250.000,225.000,2,1,1,1,1,1,1,0,0,2,0,0,2,1,1,1,1
91,2883.101,4661.916,37.825,84.204,0.102115,-0.994763,0.004277,0.988448,0.100980,-0.113023,0.111999,0.015769,0.993583,0,1.00000,-0.88975,60.000,-1.780,-1,175.000,200.000,175.000,-1,150.000,150.000,375.000,325.000,-1,250.000,200.000,-1,200.000,200.000,275.000,275.000,2,1,1,1,2,1,1,0,0,2,0,0,2,1,1,1,1
92,-983.859,328.010,46.986,-35.462,0.808827,0.578146,0.107453,-0.583565,0.811665,0.025523,-0.072460,-0.083349,0.993883,1,0.00000,0.00000,60.000,-1.769,375.000,400.000,-1,400.000,-1,325.000,325.000,300.000,300.000,-1,625.000,550.000,-1,475.000,750.000,400.000,-1,1,1,2,0,2,0,0,0,0,2,1,1,2,1,0,1,2
93,-979.961,325.209,46.660,-35.702,0.806387,0.581532,0.107519,-0.586954,0.809225,0.025313,-0.072286,-0.083521,0.993881,0,0.08000,-0.12000,4.800,-0.240,350.000,400.000,-1,400.000,-1,325.000,325.000,300.000,300.000,-1,625.000,550.000,-1,475.000,750.000,400.000,-1,1,1,2,0,2,0,0,0,0,2,1,1,2,1,0,1,2
94,-972.212,319.541,46.013,-36.182,0.801465,0.588274,0.107646,-0.593700,0.804301,0.024897,-0.071934,-0.083863,0.993877,0,0.16000,-0.24000,9.600,-0.480,350.000,400.000,-1,400.000,-1,325.000,325.000,300.000,300.000,-1,650.000,575.000,-1,475.000,750.000,375.000,-1,1,1,2,0,2,0,0,0,0,2,1,1,2,1,0,1,2
95,-960.696,310.895,45.055,-36.902,0.793977,0.598308,0.107828,-0.603741,0.796811,0.024280,-0.071392,-0.084378,0.993873,0,0.24000,-0.36000,14.400,-0.720,350.000,375.000,-1,400.000,-1,325.000,325.000,300.000,300.000,-1,675.000,600.000,-1,475.000,750.000,375.000,-1,1,1,2,0,2,0,0,0,0,2,1,1,2,1,0,1,2
96,-945.536,299.111,43.793,-37.862,0.783799,0.611538,0.108077,-0.616982,0.786627,0.023480,-0.070658,-0.085085,0.993865,0,0.32000,-0.48000,19.200,-0.960,325.000,375.000,-1,400.000,-1,325.000,325.000,300.000,300.000,-1,725.000,625.000,-1,450.000,750.000,350.000,-1,1,1,2,0,2,0,0,0,0,2,1,1,2,1,0,1,2
97,-926.895,283.993,42.253,-39.043,0.770983,0.627575,0.108330,-0.633030,0.773800,0.022503,-0.069704,-0.085926,0.993860,0,0.40000,-0.59048,24.000,-1.181,300.000,375.000,-1,400.000,-1,325.000,325.000,300.000,300.000,-1,750.000,650.000,-1,450.000,750.000,350.000,-1,1,1,2,0,2,0,0,0,0,2,1,1,2,1,0,1,2
98,-904.894,265.406,40.405,-40.194,0.758187,0.642941,0.108536,-0.648409,0.760985,0.021618,-0.068695,-0.086766,0.993857,0,0.48000,-0.57535,28.800,-1.151,300.000,350.000,-1,400.000,-1,325.000,325.000,300.000,300.000,-1,825.000,700.000,-1,450.000,725.000,325.000,-1,1,1,2,0,2,0,0,0,0,2,1,1,2,1,0,1,2
99,-879.654,243.226,38.198,-41.310,0.745504,0.657579,0.108695,-0.663085,0.748244,0.021190,-0.067396,-0.087871,0.993849,0,0.56000,-0.55809,33.600,-1.116,275.000,350.000,-1,400.000,-1,325.000,325.000,300.000,300.000,-1,875.000,750.000,-1,450.000,725.000,300.000,-1,1,1,2,0,2,0,0,0,0,2,1,1,2,1,0,1,2
100,-851.290,217.339,35.742,-42.387,0.733006,0.671468,0.108780,-0.677004,0.735687,0.020754,-0.066092,-0.088857,0.993849,0,0.64000,-0.53852,38.400,-1.077,250.000,325.000,-1,400.000,-1,325.000,325.000,300.000,300.000,-1,925.000,800.000,-1,450.000,725.000,275.000,-1,1,1,2,0,2,0,0,0,0,2,1,1,2,1,0,1,2
101,-819.912,187.646,33.049,-43.420,0.720790,0.684567,0.108766,-0.690122,0.723407,0.020339,-0.064758,-0.089722,0.993859,0,0.72000,-0.51642,43.200,-1.033,225.000,325.000,-1,400.000,-1,325.000,325.000,300.000,300.000,-1,1000.000,875.000,-1,450.000,725.000,250.000,-1,1,1,2,0,2,1,0,0,0,2,1,1,2,1,0,1,2
102,-785.618,154.060,30.131,-44.403,0.708961,0.696832,0.108626,-0.702396,0.711506,0.019980,-0.063365,-0.090463,0.993882,0,0.80000,-0.49160,48.000,-0.983,175.000,325.000,-1,375.000,-1,300.000,325.000,300.000,300.000,-1,-1,925.000,-1,450.000,700.000,225.000,-1,1,1,2,0,2,1,0,0,0,2,2,1,2,1,0,1,2
103,-748.377,116.629,27.007,-45.146,0.699914,0.705981,0.108221,-0.711523,0.702386,0.019716,-0.062094,-0.090802,0.993931,0,0.88000,-0.37160,52.800,-0.743,150.000,300.000,-1,375.000,-1,300.000,325.000,300.000,300.000,-1,-1,1000.000,-1,500.000,700.000,175.000,-1,1,1,2,0,2,1,0,0,0,2,2,1,2,1,0,1,2
104,-708.132,75.424,28.454,-45.649,0.695990,0.713256,0.082846,-0.716606,0.697268,0.017139,-0.045541,-0.071296,0.996415,0,0.96000,-0.25160,57.600,-0.503,150.000,350.000,-1,425.000,-1,325.000,350.000,300.000,300.000,-1,-1,-1,-1,675.000,750.000,200.000,-1,1,1,2,0,2,1,0,1,0,2,2,2,2,0,0,1,2
105,-666.399,32.316,28.858,-45.913,0.694137,0.717200,0.061628,-0.719133,0.694708,0.015135,-0.031958,-0.054824,0.997984,0,1.00000,-0.13160,60.000,-0.263,150.000,425.000,-1,450.000,-1,350.000,350.000,250.000,300.000,-1,-1,300.000,-1,750.000,775.000,225.000,-1,1,1,2,0,2,0,0,1,0,2,2,0,2,0,0,1,2
106,-624.679,-10.804,28.286,-45.936,0.694641,0.717917,0.045475,-0.719031,0.694840,0.013873,-0.021639,-0.042335,0.998869,0,1.00000,-0.01160,60.000,-0.023,175.000,450.000,-1,450.000,-1,375.000,375.000,225.000,275.000,-1,400.000,150.000,-1,800.000,800.000,-1,-1,1,0,2,0,2,0,0,1,0,2,0,0,2,0,0,2,2
107,-582.792,-53.763,26.798,-45.719,0.697760,0.715522,0.034048,-0.716188,0.697785,0.013121,-0.014370,-0.033540,0.999334,0,1.00000,0.10840,60.000,0.217,175.000,475.000,-1,450.000,-1,375.000,375.000,200.000,275.000,-1,275.000,125.000,950.000,825.000,825.000,-1,-1,1,0,2,0,2,0,0,1,0,2,0,0,0,0,0,2,2
108,-540.563,-96.385,24.475,-45.262,0.703628,0.710052,0.027095,-0.710499,0.703582,0.012807,-0.009970,-0.028262,0.999551,0,1.00000,0.22840,60.000,0.457,225.000,475.000,-1,450.000,-1,375.000,375.000,175.000,275.000,-1,250.000,100.000,750.000,825.000,800.000,-1,-1,1,0,2,0,2,0,0,1,0,2,0,0,0,0,0,2,2
109,-497.816,-138.489,21.388,-44.565,0.712274,0.701482,0.024270,-0.701853,0.712204,0.012950,-0.008201,-0.026258,0.999622,0,1.00000,0.34840,60.000,0.697,-1,475.000,-1,450.000,-1,375.000,375.000,175.000,275.000,-1,250.000,100.000,725.000,825.000,800.000,-1,-1,2,0,2,0,2,0,0,1,0,2,0,0,0,0,0,2,2
110,-454.387,-179.887,17.651,-43.629,0.723632,0.689730,0.025086,-0.690129,0.723563,0.013387,-0.008918,-0.027000,0.999596,0,1.00000,0.46840,60.000,0.937,-1,450.000,-1,425.000,-1,375.000,350.000,150.000,275.000,-1,250.000,100.000,750.000,775.000,775.000,-1,-1,2,0,2,0,2,0,0,1,0,2,0,0,0,0,0,2,2
111,-410.238,-220.518,13.204,-42.626,0.735488,0.676885,0.029755,-0.677432,0.735441,0.014572,-0.012019,-0.030875,0.999451,0,1.00000,0.50143,60.000,1.003,-1,425.000,-1,425.000,-1,350.000,350.000,125.000,275.000,-1,250.000,125.000,800.000,725.000,725.000,-1,-1,2,0,2,0,2,0,0,1,0,2,0,0,0,0,0,2,2
112,-365.375,-260.359,8.712,-41.612,0.747156,0.663536,0.038445,-0.664470,0.747047,0.020032,-0.015428,-0.040512,0.999060,0,1.00000,0.50697,60.000,1.014,-1,400.000,-1,400.000,-1,325.000,325.000,100.000,300.000,-1,250.000,150.000,925.000,675.000,700.000,-1,-1,2,0,2,0,2,0,0,1,0,2,0,0,0,0,0,2,2
113,-319.805,-299.390,3.646,-40.589,0.758506,0.649689,0.050729,-0.651337,0.758296,0.027341,-0.020704,-0.053781,0.998338,0,1.00000,0.51136,60.000,1.023,875.000,375.000,-1,375.000,-1,300.000,325.000,75.000,325.000,-1,250.000,175.000,-1,625.000,675.000,875.000,-1,0,0,2,0,2,0,0,1,0,2,0,0,2,0,0,0,2
114,-273.632,-337.522,-0.918,-39.560,0.769718,0.635533,0.060257,-0.637921,0.769320,0.034695,-0.024307,-0.065144,0.997580,0,0.99805,0.51456,59.883,1.029,675.000,350.000,-1,375.000,-1,300.000,300.000,75.000,325.000,-1,250.000,200.000,-1,550.000,650.000,700.000,-1,0,0,2,0,2,0,0,1,0,2,0,0,2,0,0,0,2
115,-227.679,-374.119,-0.391,-38.527,0.781157,0.621916,0.054908,-0.623801,0.781101,0.027458,-0.025812,-0.055700,0.998114,0,0.97911,0.51653,58.747,1.033,700.000,350.000,-1,350.000,-1,300.000,300.000,75.000,325.000,-1,375.000,300.000,-1,550.000,625.000,700.000,-1,0,0,2,0,2,0,0,1,0,2,0,0,2,0,0,0,2
116,-181.966,-409.199,2.118,-37.492,0.792194,0.608200,0.050224,-0.609345,0.792838,0.010264,-0.033577,-0.038735,0.998685,0,0.96036,0.51728,57.622,1.035,750.000,350.000,-1,350.000,-1,300.000,300.000,100.000,300.000,-1,650.000,525.000,-1,550.000,575.000,725.000,875.000,0,0,2,0,2,0,0,1,0,2,0,0,2,0,0,0,0
117,-136.507,-442.795,3.894,-36.459,0.803095,0.594054,0.046235,-0.594583,0.804029,-0.002808,-0.038843,-0.025235,0.998927,0,0.94209,0.51686,56.526,1.034,800.000,350.000,-1,325.000,775.000,275.000,275.000,125.000,300.000,-1,925.000,750.000,-1,550.000,550.000,725.000,725.000,0,0,2,0,0,0,0,1,0,2,0,0,2,0,0,0,0
118,-91.307,-474.954,5.011,-35.428,0.813778,0.579615,0.042570,-0.579680,0.814755,-0.012056,-0.041672,-0.014866,0.999021,0,0.92455,0.51536,55.473,1.031,825.000,325.000,-1,325.000,650.000,275.000,275.000,125.000,300.000,-1,-1,925.000,-1,550.000,525.000,725.000,650.000,0,0,2,0,0,0,0,1,0,2,2,0,2,0,0,0,0
119,-46.361,-505.734,6.069,-34.402,0.824301,0.564992,0.036219,-0.564710,0.825080,-0.018588,-0.040386,-0.005131,0.999171,0,0.90792,0.51285,54.475,1.026,925.000,350.000,-1,325.000,600.000,275.000,275.000,150.000,300.000,-1,-1,975.000,-1,550.000,500.000,775.000,600.000,0,0,2,0,0,0,0,1,0,2,2,0,2,0,0,0,0
120,-1.654,-535.195,6.500,-33.383,0.834466,0.550238,0.030083,-0.549809,0.835006,-0.021805,-0.037117,0.001656,0.999310,0,0.89236,0.50943,53.541,1.019,-1,350.000,-1,325.000,575.000,275.000,275.000,175.000,275.000,-1,-1,950.000,-1,550.000,500.000,850.000,575.000,2,0,2,0,0,0,0,1,0,2,2,0,2,0,0,0,0
121,42.835,-563.400,6.344,-32.373,0.844244,0.535422,0.023985,-0.535003,0.844566,-0.021923,-0.031995,0.005677,0.999472,0,0.87794,0.50515,52.677,1.010,-1,350.000,-1,325.000,550.000,275.000,275.000,175.000,275.000,325.000,-1,875.000,-1,575.000,500.000,900.000,550.000,2,0,2,0,0,0,0,1,0,1,2,0,2,0,0,0,0
122,87.133,-590.411,5.869,-31.373,0.853596,0.520596,0.018795,-0.520295,0.853780,-0.018768,-0.025817,0.006241,0.999647,0,0.86474,0.50010,51.884,1.000,-1,350.000,-1,325.000,575.000,275.000,275.000,200.000,275.000,275.000,950.000,800.000,-1,575.000,500.000,975.000,575.000,2,0,2,0,0,0,0,1,0,1,0,0,2,0,0,0,0
123,131.271,-616.290,5.363,-30.384,0.862516,0.505794,0.015457,-0.505658,0.862650,-0.012036,-0.019422,0.002565,0.999808,0,0.85276,0.49435,51.165,0.989,-1,350.000,-1,325.000,600.000,275.000,275.000,225.000,275.000,250.000,875.000,725.000,-1,600.000,525.000,-1,600.000,2,0,2,0,0,0,0,1,0,1,0,0,2,0,0,2,0
124,175.281,-641.096,4.454,-29.408,0.871068,0.491027,0.011517,-0.491036,0.871136,-0.002203,-0.011115,-0.003737,0.999931,0,0.84200,0.48794,50.520,0.976,-1,350.000,-1,325.000,700.000,275.000,275.000,225.000,275.000,225.000,750.000,625.000,-1,600.000,525.000,-1,700.000,2,0,2,0,0,0,0,1,0,1,0,0,2,0,0,2,0
125,219.197,-664.886,3.464,-28.446,0.879262,0.476293,0.006586,-0.476338,0.879181,0.011949,-0.000099,-0.013643,0.999907,0,0.83243,0.48094,49.946,0.962,-1,350.000,-1,350.000,975.000,300.000,275.000,250.000,300.000,200.000,625.000,525.000,-1,625.000,575.000,-1,875.000,2,0,2,0,0,0,0,1,0,1,0,0,2,0,0,2,0
126,263.053,-687.714,1.997,-27.500,0.887091,0.461593,0.000857,-0.461430,0.886726,0.028265,0.012287,-0.025469,0.999600,0,0.82402,0.47340,49.441,0.947,-1,350.000,-1,350.000,-1,300.000,300.000,250.000,300.000,200.000,500.000,450.000,-1,625.000,625.000,-1,-1,2,0,2,0,2,0,0,1,0,1,0,0,2,0,0,2,2
127,306.882,-709.628,0.074,-26.569,0.894550,0.446932,-0.005749,-0.446214,0.893712,0.046600,0.025965,-0.039120,0.998897,0,0.81670,0.46536,49.002,0.931,-1,375.000,-1,375.000,-1,300.000,300.000,250.000,300.000,200.000,325.000,325.000,-1,650.000,675.000,-1,-1,2,0,2,0,2,0,0,1,0,1,0,0,2,0,0,2,2
128,350.715,-730.680,0.898,-25.655,0.901545,0.432579,-0.009621,-0.431599,0.900633,0.050823,0.030650,-0.041667,0.998661,0,0.81043,0.45685,48.626,0.914,-1,375.000,-1,375.000,-1,300.000,300.000,250.000,325.000,200.000,275.000,275.000,-1,675.000,700.000,-1,-1,2,0,2,0,2,0,0,1,0,1,0,0,2,0,0,2,2
129,394.583,-750.912,2.134,-24.759,0.908156,0.418430,-0.012989,-0.417258,0.907252,0.052814,0.033883,-0.042544,0.998520,0,0.80515,0.44790,48.309,0.896,-1,375.000,-1,375.000,-1,300.000,300.000,275.000,325.000,225.000,250.000,250.000,-1,675.000,700.000,-1,-1,2,0,2,0,2,0,0,1,0,1,0,0,2,0,0,2,2
130,438.517,-770.365,3.364,-23.882,0.914403,0.404477,-0.016305,-0.403110,0.913516,0.054691,0.037016,-0.043437,0.998370,0,0.80079,0.43855,48.048,0.877,-1,375.000,-1,375.000,-1,300.000,325.000,275.000,325.000,250.000,250.000,225.000,-1,700.000,725.000,975.000,-1,2,0,2,0,2,0,0,1,0,1,0,0,2,0,0,1,2
131,481.808,-788.960,4.567,-23.245,0.918783,0.394280,-0.019502,-0.392712,0.917924,0.056506,0.040180,-0.044258,0.998212,0,0.78526,0.31855,47.116,0.637,-1,375.000,-1,375.000,-1,325.000,325.000,300.000,325.000,250.000,225.000,225.000,-1,700.000,725.000,950.000,-1,2,0,2,0,2,0,0,1,0,1,0,0,2,0,0,1,2
132,525.088,-807.027,5.854,-22.658,0.922705,0.384850,-0.022517,-0.383100,0.921894,0.057838,0.043017,-0.044741,0.998072,0,0.78166,0.29342,46.900,0.587,-1,375.000,-1,400.000,-1,325.000,325.000,300.000,325.000,275.000,225.000,225.000,-1,725.000,750.000,925.000,-1,2,0,2,0,2,0,0,1,0,1,0,0,2,0,0,1,2
133,568.385,-824.602,7.623,-22.092,0.926391,0.375747,-0.024767,-0.373954,0.925710,0.056739,0.044247,-0.043301,0.998082,0,0.77879,0.28302,46.727,0.566,-1,375.000,-1,400.000,-1,325.000,325.000,300.000,325.000,300.000,250.000,250.000,-1,725.000,750.000,875.000,-1,2,0,2,0,2,0,0,0,0,1,0,0,2,0,0,1,2
134,611.732,-841.720,9.413,-21.548,0.929845,0.366957,-0.027046,-0.365125,0.929298,0.055575,0.045528,-0.041801,0.998088,0,0.77675,0.27225,46.605,0.544,1000.000,375.000,-1,400.000,-1,325.000,325.000,300.000,325.000,325.000,275.000,250.000,-1,725.000,750.000,850.000,-1,1,0,2,0,2,0,0,0,0,1,0,0,2,1,0,1,2
