timestep,x_cm,y_cm,z_cm,yaw_deg,basis_xx,basis_xy,basis_xz,basis_yx,basis_yy,basis_yz,basis_zx,basis_zy,basis_zz,teleport_flag,throttle_cmd,steering_cmd,cmd_move_cm,cmd_turn_deg,lidar_cm_0,lidar_cm_1,lidar_cm_2,lidar_cm_3,lidar_cm_4,lidar_cm_5,lidar_cm_6,lidar_cm_7,lidar_cm_8,lidar_cm_9,lidar_cm_10,lidar_cm_11,lidar_cm_12,lidar_cm_13,lidar_cm_14,lidar_cm_15,lidar_cm_16,lidar_class_0,lidar_class_1,lidar_class_2,lidar_class_3,lidar_class_4,lidar_class_5,lidar_class_6,lidar_class_7,lidar_class_8,lidar_class_9,lidar_class_10,lidar_class_11,lidar_class_12,lidar_class_13,lidar_class_14,lidar_class_15,lidar_class_16
0,-8850.492,6885.903,-50.201,163.260,-0.957030,-0.287852,-0.035133,0.286141,-0.957047,0.046740,-0.047078,0.034679,0.998289,1,-0.08000,0.12000,-4.800,0.240,-1,375.000,-1,400.000,-1,325.000,325.000,300.000,300.000,-1,-1,-1,-1,725.000,775.000,-1,-1,2,0,2,0,2,0,0,0,0,2,2,2,2,0,0,2,2
1,-8841.276,6883.215,-49.750,163.740,-0.959408,-0.279822,-0.035165,0.278118,-0.959418,0.046559,-0.046766,0.034889,0.998296,0,-0.16000,0.24000,-9.600,0.480,-1,375.000,-1,400.000,-1,325.000,325.000,300.000,300.000,-1,-1,-1,-1,725.000,775.000,-1,-1,2,0,2,0,2,0,0,0,0,2,2,2,2,0,0,2,2
2,-8827.402,6879.357,-49.082,164.460,-0.962847,-0.267741,-0.035213,0.266048,-0.962848,0.046290,-0.046298,0.035202,0.998307,0,-0.24000,0.36000,-14.400,0.720,-1,375.000,-1,400.000,-1,325.000,325.000,300.000,300.000,-1,-1,-1,-1,725.000,775.000,-1,-1,2,0,2,0,2,0,0,0,0,2,2,2,2,0,0,2,2
3,-8808.820,6874.524,-48.203,165.420,-0.967197,-0.251568,-0.035274,0.249889,-0.967184,0.045935,-0.045672,0.035613,0.998321,0,-0.32000,0.48000,-19.200,0.960,-1,375.000,-1,400.000,-1,325.000,325.000,300.000,300.000,-1,-1,-1,-1,725.000,775.000,-1,-1,2,0,2,0,2,0,0,0,0,2,2,2,2,0,0,2,2
4,-8785.472,6868.970,-47.126,166.620,-0.972251,-0.231253,-0.035348,0.229592,-0.972223,0.045497,-0.044888,0.036119,0.998339,0,-0.40000,0.60000,-24.000,1.200,-1,375.000,-1,400.000,-1,325.000,325.000,300.000,300.000,-1,-1,-1,-1,725.000,775.000,-1,-1,2,0,2,0,2,0,0,0,0,2,2,2,2,0,0,2,2
5,-8757.295,6863.011,-45.864,168.060,-0.977753,-0.206744,-0.035434,0.205103,-0.977706,0.044983,-0.043944,0.036715,0.998359,0,-0.48000,0.72000,-28.800,1.440,-1,375.000,-1,400.000,-1,325.000,325.000,300.000,300.000,-1,-1,-1,-1,725.000,775.000,-1,-1,2,0,2,0,2,0,0,0,0,2,2,2,2,0,0,2,2
6,-8726.512,6857.439,-44.532,169.740,-0.983391,-0.177992,-0.035522,0.176374,-0.983320,0.044438,-0.042839,0.037435,0.998380,0,-0.52137,0.83984,-31.282,1.680,-1,375.000,-1,400.000,-1,325.000,325.000,300.000,325.000,-1,-1,-1,-1,725.000,775.000,-1,-1,2,0,2,0,2,0,0,0,0,2,2,2,2,0,0,2,2
7,-8695.400,6852.756,-43.230,171.441,-0.988238,-0.148722,-0.035609,0.147125,-0.988143,0.043906,-0.041716,0.038151,0.998401,0,-0.52438,0.85047,-31.463,1.701,-1,375.000,-1,400.000,-1,325.000,325.000,300.000,325.000,-1,-1,-1,-1,725.000,775.000,-1,-1,2,0,2,0,2,0,0,0,0,2,2,2,2,0,0,2,2
8,-8664.029,6848.993,-41.964,173.163,-0.992257,-0.118963,-0.035696,0.117388,-0.992138,0.043389,-0.040577,0.038863,0.998420,0,-0.52659,0.86084,-31.595,1.722,-1,375.000,-1,400.000,-1,325.000,325.000,300.000,325.000,-1,-1,-1,-1,725.000,775.000,-1,-1,2,0,2,0,2,0,0,0,0,2,2,2,2,0,0,2,2
9,-8632.478,6846.180,-40.734,174.904,-0.995411,-0.088750,-0.035787,0.087195,-0.995267,0.042891,-0.039424,0.039574,0.998439,0,-0.52794,0.87088,-31.676,1.742,-1,375.000,-1,400.000,-1,325.000,325.000,300.000,325.000,-1,-1,900.000,-1,725.000,775.000,-1,-1,2,0,2,0,2,0,0,0,0,2,2,1,2,0,0,2,2
10,-8600.830,6844.335,-39.545,176.665,-0.997665,-0.058119,-0.035882,0.056584,-0.997497,0.042413,-0.038257,0.040284,0.998456,0,-0.52836,0.88056,-31.702,1.761,-1,375.000,-1,400.000,-1,325.000,325.000,300.000,325.000,-1,-1,825.000,-1,725.000,775.000,-1,-1,2,0,2,0,2,0,0,0,0,2,2,1,2,0,0,2,2
11,-8569.172,6843.475,-38.398,178.445,-0.998984,-0.027113,-0.035985,0.025596,-0.998791,0.041958,-0.037079,0.040995,0.998471,0,-0.52781,0.88983,-31.669,1.780,-1,375.000,-1,400.000,-1,325.000,325.000,300.000,325.000,-1,-1,775.000,-1,725.000,775.000,-1,-1,2,0,2,0,2,0,0,0,0,2,2,1,2,0,0,2,2
12,-8537.597,6843.608,-37.296,180.242,-0.999339,0.004226,-0.036098,-0.005725,-0.999121,0.041528,-0.035890,0.041707,0.998485,0,-0.52625,0.89863,-31.575,1.797,-1,375.000,-1,400.000,-1,325.000,325.000,300.000,325.000,-1,850.000,725.000,-1,725.000,775.000,-1,-1,2,0,2,0,2,0,0,0,0,2,1,1,2,0,0,2,2
13,-8506.198,6844.735,-36.243,182.056,-0.998710,0.035847,-0.035957,-0.037317,-0.998459,0.041067,-0.034429,0.042356,0.998509,0,-0.52366,0.90693,-31.419,1.814,-1,375.000,-1,400.000,-1,325.000,325.000,300.000,325.000,-1,750.000,700.000,-1,725.000,775.000,-1,-1,2,0,2,0,2,0,0,0,0,2,1,1,2,0,0,2,2
14,-8475.067,6846.849,-35.289,183.886,-0.997070,0.067701,-0.035596,-0.069134,-0.996778,0.040681,-0.032727,0.043023,0.998538,0,-0.52002,0.91469,-31.201,1.829,-1,375.000,-1,400.000,-1,325.000,325.000,300.000,325.000,-1,675.000,675.000,-1,725.000,775.000,-1,-1,2,0,2,0,2,0,0,0,0,2,1,1,2,0,0,2,2
15,-8444.300,6849.935,-34.383,185.729,-0.994389,0.099733,-0.035257,-0.101130,-0.994054,0.040353,-0.031023,0.043692,0.998563,0,-0.51536,0.92187,-30.921,1.844,-1,375.000,-1,400.000,-1,325.000,325.000,300.000,325.000,-1,650.000,650.000,-1,725.000,775.000,-1,-1,2,0,2,0,2,0,0,0,0,2,1,1,2,0,0,2,2
16,-8411.443,6854.311,-33.458,187.587,-0.990647,0.131906,-0.034924,-0.133268,-0.990270,0.040065,-0.029299,0.044345,0.998587,0,-0.55245,0.92898,-33.147,1.858,-1,375.000,-1,400.000,-1,325.000,325.000,300.000,325.000,-1,600.000,625.000,-1,725.000,775.000,-1,-1,2,0,2,0,2,0,0,0,0,2,1,1,2,0,0,2,2
17,-8378.734,6859.763,-32.576,189.464,-0.985810,0.164258,-0.034621,-0.165587,-0.985390,0.039837,-0.027572,0.045004,0.998606,0,-0.55266,0.93828,-33.159,1.877,-1,375.000,-1,400.000,-1,325.000,325.000,300.000,325.000,-1,575.000,600.000,-1,725.000,775.000,-1,-1,2,0,2,0,2,0,0,0,0,2,1,1,2,0,0,2,2
18,-8346.256,6866.287,-31.739,191.358,-0.979855,0.196735,-0.034355,-0.198033,-0.979392,0.039667,-0.025843,0.045671,0.998622,0,-0.55211,0.94714,-33.127,1.894,-1,400.000,-1,400.000,-1,325.000,325.000,300.000,325.000,-1,525.000,550.000,-1,750.000,775.000,-1,-1,2,0,2,0,2,0,0,0,0,2,1,1,2,0,0,2,2
19,-8314.090,6873.872,-30.947,193.269,-0.972762,0.229280,-0.034129,-0.230548,-0.972257,0.039556,-0.024113,0.046347,0.998634,0,-0.55080,0.95554,-33.048,1.911,-1,400.000,-1,400.000,-1,325.000,325.000,300.000,325.000,-1,500.000,525.000,-1,750.000,750.000,-1,-1,2,0,2,0,2,0,0,0,0,2,1,1,2,0,0,2,2
20,-8282.316,6882.501,-30.203,195.196,-0.964516,0.261833,-0.033949,-0.263074,-0.963967,0.039502,-0.022383,0.047031,0.998643,0,-0.54874,0.96344,-32.924,1.927,-1,400.000,-1,400.000,-1,325.000,325.000,300.000,325.000,-1,475.000,525.000,-1,750.000,750.000,-1,-1,2,0,2,0,2,0,0,0,0,2,1,1,2,0,0,2,2
21,-8251.014,6892.153,-29.505,197.138,-0.955104,0.294333,-0.033820,-0.295549,-0.954511,0.039503,-0.020654,0.047725,0.998647,0,-0.54593,0.97080,-32.756,1.942,-1,400.000,-1,400.000,-1,325.000,325.000,325.000,325.000,-1,450.000,500.000,-1,750.000,750.000,-1,-1,2,0,2,0,2,0,0,0,0,2,1,1,2,0,0,2,2
22,-8220.260,6902.798,-28.854,199.093,-0.944520,0.326717,-0.033745,-0.327909,-0.943881,0.039557,-0.018928,0.048427,0.998647,0,-0.54240,0.97761,-32.544,1.955,-1,400.000,-1,400.000,-1,325.000,325.000,325.000,325.000,-1,425.000,475.000,-1,750.000,750.000,-1,-1,2,0,2,0,2,0,0,0,0,2,1,1,2,0,0,2,2
23,-8190.125,6914.401,-28.252,201.061,-0.932758,0.358921,-0.033730,-0.360091,-0.932074,0.039660,-0.017204,0.049139,0.998644,0,-0.53818,0.98384,-32.291,1.968,-1,400.000,-1,400.000,-1,325.000,325.000,325.000,325.000,-1,400.000,450.000,-1,750.000,750.000,-1,-1,2,0,2,0,2,0,0,0,0,2,1,1,2,0,0,2,2
24,-8160.678,6926.924,-27.697,203.040,-0.919822,0.390879,-0.033777,-0.392030,-0.919091,0.039810,-0.015483,0.049859,0.998636,0,-0.53331,0.98947,-31.999,1.979,-1,400.000,-1,400.000,-1,325.000,325.000,325.000,325.000,-1,375.000,425.000,-1,750.000,750.000,-1,-1,2,0,2,0,2,0,0,0,0,2,1,1,2,0,0,2,2
25,-8135.983,6938.323,-27.255,204.778,-0.907550,0.418576,-0.033869,-0.419711,-0.906777,0.039970,-0.013981,0.050490,0.998627,0,-0.45331,0.86947,-27.199,1.739,-1,400.000,-1,400.000,-1,325.000,325.000,325.000,325.000,-1,350.000,425.000,-1,750.000,750.000,-1,-1,2,0,2,0,2,0,0,0,0,2,1,1,2,0,0,2,2
26,-8115.898,6948.239,-26.911,206.277,-0.896302,0.442141,-0.033984,-0.443263,-0.895493,0.040123,-0.012693,0.051027,0.998617,0,-0.37331,0.74947,-22.399,1.499,-1,400.000,-1,400.000,-1,325.000,325.000,325.000,325.000,-1,325.000,400.000,-1,750.000,750.000,-1,-1,2,0,2,0,2,0,0,0,0,2,1,1,2,0,0,2,2
27,-8100.293,6956.375,-26.653,207.536,-0.886381,0.461698,-0.034104,-0.462810,-0.885543,0.040257,-0.011614,0.051467,0.998607,0,-0.29331,0.62947,-17.599,1.259,-1,400.000,-1,400.000,-1,325.000,325.000,325.000,325.000,-1,325.000,400.000,-1,750.000,750.000,-1,-1,2,0,2,0,2,0,0,0,0,2,1,1,2,0,0,2,2
28,-8089.051,6962.492,-26.471,208.555,-0.878039,0.477364,-0.034212,-0.478468,-0.877177,0.040361,-0.010743,0.051807,0.998599,0,-0.21331,0.50947,-12.799,1.019,-1,400.000,-1,400.000,-1,325.000,325.000,325.000,325.000,-1,325.000,400.000,-1,775.000,750.000,-1,-1,2,0,2,0,2,0,0,0,0,2,1,1,2,0,0,2,2
29,-8082.077,6966.411,-26.359,209.334,-0.871476,0.489239,-0.034283,-0.490335,-0.870596,0.040423,-0.010070,0.052038,0.998594,0,-0.13331,0.38947,-7.999,0.779,-1,400.000,-1,400.000,-1,325.000,325.000,325.000,325.000,-1,325.000,375.000,-1,775.000,750.000,-1,-1,2,0,2,0,2,0,0,0,0,2,1,1,2,0,0,2,2
30,-8079.303,6968.004,-26.331,209.873,-0.866843,0.497405,-0.034214,-0.498490,-0.865954,0.040405,-0.009530,0.052080,0.998597,0,-0.05331,0.26947,-3.199,0.539,-1,400.000,-1,400.000,-1,325.000,325.000,325.000,325.000,-1,300.000,400.000,-1,775.000,750.000,-1,-1,2,0,2,0,2,0,0,0,0,2,1,1,2,0,0,2,2
31,-8080.688,6967.199,-26.344,210.172,-0.864240,0.501916,-0.034191,-0.502994,-0.863346,0.040378,-0.009252,0.052094,0.998599,0,0.02669,0.14947,1.601,0.299,-1,400.000,-1,400.000,-1,325.000,325.000,325.000,325.000,-1,325.000,400.000,-1,775.000,750.000,-1,-1,2,0,2,0,2,0,0,0,0,2,1,1,2,0,0,2,2
32,-8086.218,6963.976,-26.396,210.231,-0.863723,0.502804,-0.034211,-0.503882,-0.862830,0.040340,-0.009235,0.052081,0.998600,0,0.10669,0.02947,6.401,0.059,-1,400.000,-1,400.000,-1,325.000,325.000,325.000,325.000,-1,325.000,400.000,-1,775.000,750.000,-1,-1,2,0,2,0,2,0,0,0,0,2,1,1,2,0,0,2,2
33,-8095.914,6958.367,-26.499,210.050,-0.865304,0.500077,-0.034228,-0.501158,-0.864418,0.040274,-0.009447,0.052002,0.998602,0,0.18669,-0.09053,11.201,-0.181,-1,400.000,-1,400.000,-1,325.000,325.000,325.000,325.000,-1,325.000,400.000,-1,775.000,750.000,-1,-1,2,0,2,0,2,0,0,0,0,2,1,1,2,0,0,2,2
34,-8109.824,6950.457,-26.683,209.629,-0.868953,0.493718,-0.034114,-0.494798,-0.868081,0.040132,-0.009800,0.051752,0.998612,0,0.26669,-0.21053,16.001,-0.421,-1,400.000,-1,400.000,-1,325.000,325.000,325.000,325.000,-1,350.000,425.000,-1,775.000,750.000,-1,-1,2,0,2,0,2,0,0,0,0,2,1,1,2,0,0,2,2
35,-8127.986,6940.317,-26.924,209.174,-0.872838,0.486825,-0.033981,-0.487904,-0.871983,0.039953,-0.010181,0.051452,0.998624,0,0.34669,-0.22720,20.801,-0.454,-1,400.000,-1,400.000,-1,325.000,325.000,325.000,325.000,-1,375.000,450.000,-1,750.000,750.000,-1,-1,2,0,2,0,2,0,0,0,0,2,1,1,2,0,0,2,2
36,-8150.439,6928.016,-27.221,208.716,-0.876706,0.479834,-0.033834,-0.480910,-0.875869,0.039739,-0.010566,0.051111,0.998637,0,0.42669,-0.22945,25.601,-0.459,-1,400.000,-1,400.000,-1,325.000,325.000,325.000,325.000,-1,375.000,450.000,-1,750.000,750.000,-1,-1,2,0,2,0,2,0,0,0,0,2,1,1,2,0,0,2,2
37,-8177.220,6913.627,-27.574,208.251,-0.880568,0.472722,-0.033677,-0.473793,-0.879750,0.039495,-0.010957,0.050734,0.998652,0,0.50669,-0.23241,30.401,-0.465,-1,400.000,-1,400.000,-1,325.000,325.000,325.000,325.000,-1,425.000,475.000,-1,750.000,750.000,-1,-1,2,0,2,0,2,0,0,0,0,2,1,1,2,0,0,2,2
38,-8208.364,6897.221,-27.985,207.778,-0.884433,0.465463,-0.033514,-0.466529,-0.883636,0.039224,-0.011357,0.050327,0.998668,0,0.58669,-0.23619,35.201,-0.472,-1,400.000,-1,400.000,-1,325.000,325.000,325.000,325.000,-1,450.000,525.000,-1,750.000,750.000,-1,-1,2,0,2,0,2,0,0,0,0,2,1,1,2,0,0,2,2
39,-8243.912,6878.877,-28.451,207.297,-0.888313,0.458026,-0.033350,-0.459087,-0.887538,0.038931,-0.011768,0.049894,0.998685,0,0.66669,-0.24090,40.001,-0.482,-1,400.000,-1,400.000,-1,325.000,325.000,325.000,325.000,-1,475.000,550.000,-1,750.000,750.000,-1,-1,2,0,2,0,2,0,0,0,0,2,1,1,2,0,0,2,2
40,-8283.900,6858.675,-28.973,206.803,-0.892222,0.450376,-0.033189,-0.451433,-0.891469,0.038620,-0.012193,0.049441,0.998703,0,0.74669,-0.24668,44.801,-0.493,-1,400.000,-1,400.000,-1,325.000,325.000,325.000,325.000,-1,525.000,600.000,-1,750.000,750.000,-1,-1,2,0,2,0,2,0,0,0,0,2,1,1,2,0,0,2,2
41,-8326.164,6837.791,-29.522,206.296,-0.896172,0.442475,-0.033044,-0.443527,-0.895442,0.038313,-0.012636,0.048991,0.998719,0,0.78571,-0.25366,47.142,-0.507,-1,400.000,-1,400.000,-1,325.000,325.000,325.000,325.000,-1,575.000,625.000,-1,750.000,750.000,-1,-1,2,0,2,0,2,0,0,0,0,2,1,1,2,0,0,2,2
42,-8368.574,6817.314,-30.072,205.773,-0.900171,0.434290,-0.032925,-0.435339,-0.899463,0.038027,-0.013100,0.048564,0.998734,0,0.78490,-0.26158,47.094,-0.523,-1,400.000,-1,400.000,-1,325.000,325.000,300.000,325.000,-1,625.000,675.000,-1,750.000,750.000,-1,-1,2,0,2,0,2,0,0,0,0,2,1,1,2,0,0,2,2
43,-8411.149,6797.251,-30.706,205.233,-0.904222,0.425794,-0.032903,-0.426849,-0.903521,0.038065,-0.013521,0.048464,0.998733,0,0.78443,-0.27006,47.066,-0.540,-1,400.000,-1,400.000,-1,325.000,325.000,300.000,325.000,-1,650.000,725.000,-1,750.000,750.000,-1,-1,2,0,2,0,2,0,0,0,0,2,1,1,2,0,0,2,2
44,-8457.499,6775.948,-31.464,204.683,-0.908255,0.417110,-0.033050,-0.418183,-0.907553,0.038342,-0.014002,0.048646,0.998718,0,0.85018,-0.27460,51.011,-0.549,-1,400.000,-1,400.000,-1,325.000,325.000,300.000,325.000,-1,700.000,775.000,-1,750.000,750.000,-1,-1,2,0,2,0,2,0,0,0,0,2,1,1,2,0,0,2,2
45,-8503.603,6755.300,-32.173,204.125,-0.912272,0.408252,-0.033031,-0.409334,-0.911570,0.038551,-0.014371,0.048690,0.998711,0,0.84195,-0.27897,50.517,-0.558,-1,400.000,-1,400.000,-1,325.000,325.000,300.000,325.000,-1,750.000,800.000,-1,725.000,750.000,-1,-1,2,0,2,0,2,0,0,0,0,2,1,1,2,0,0,2,2
46,-8549.493,6735.292,-32.877,203.557,-0.916274,0.399188,-0.033019,-0.400279,-0.915572,0.038777,-0.014752,0.048747,0.998702,0,0.83436,-0.28419,50.061,-0.568,-1,375.000,-1,400.000,-1,325.000,325.000,300.000,325.000,-1,800.000,850.000,-1,725.000,750.000,-1,-1,2,0,2,0,2,0,0,0,0,2,1,1,2,0,0,2,2
47,-8599.907,6713.655,-33.641,203.229,-0.918547,0.393930,-0.033016,-0.395030,-0.917837,0.039064,-0.014915,0.048925,0.998691,0,0.91436,-0.16419,54.861,-0.328,-1,375.000,-1,400.000,-1,325.000,325.000,300.000,325.000,-1,850.000,900.000,-1,725.000,750.000,-1,-1,2,0,2,0,2,0,0,0,0,2,1,1,2,0,0,2,2
48,-8650.283,6692.126,-34.461,203.140,-0.919165,0.392515,-0.032663,-0.393600,-0.918446,0.039188,-0.014617,0.048877,0.998698,0,0.91306,-0.04419,54.784,-0.088,-1,375.000,-1,400.000,-1,325.000,325.000,300.000,325.000,-1,900.000,950.000,-1,725.000,725.000,-1,-1,2,0,2,0,2,0,0,0,0,2,1,1,2,0,0,2,2
49,-8700.373,6670.561,-35.219,203.292,-0.918139,0.394941,-0.032281,-0.396010,-0.917398,0.039466,-0.014027,0.049018,0.998699,0,0.90892,0.07581,54.535,0.152,-1,375.000,-1,400.000,-1,325.000,325.000,300.000,325.000,-1,950.000,-1,-1,725.000,725.000,-1,-1,2,0,2,0,2,0,0,0,0,2,1,2,2,0,0,2,2
50,-8750.170,6648.719,-35.921,203.684,-0.915436,0.401198,-0.031890,-0.402246,-0.914666,0.039797,-0.013202,0.049259,0.998699,0,0.90627,0.19581,54.376,0.392,975.000,375.000,-1,400.000,-1,325.000,325.000,300.000,325.000,-1,1000.000,-1,-1,725.000,725.000,-1,-1,1,0,2,0,2,0,0,0,0,2,1,2,2,0,0,2,2
51,-8799.652,6626.361,-36.567,204.315,-0.910978,0.411250,-0.031498,-0.412275,-0.910175,0.040135,-0.012163,0.049548,0.998698,0,0.90498,0.31581,54.299,0.632,950.000,375.000,-1,400.000,-1,325.000,325.000,325.000,325.000,-1,-1,-1,-1,725.000,725.000,-1,-1,1,0,2,0,2,0,0,0,0,2,2,2,2,0,0,2,2
52,-8848.784,6603.255,-37.156,205.187,-0.904638,0.425043,-0.031114,-0.426039,-0.903802,0.040410,-0.010945,0.049812,0.998699,0,0.90491,0.43581,54.294,0.872,900.000,375.000,-1,400.000,-1,325.000,325.000,325.000,325.000,-1,-1,-1,-1,725.000,725.000,-1,-1,1,0,2,0,2,0,0,0,0,2,2,2,2,0,0,2,2
53,-8897.512,6579.173,-37.683,206.298,-0.896245,0.442492,-0.030737,-0.443456,-0.895377,0.040581,-0.009564,0.050001,0.998703,0,0.90590,0.55581,54.354,1.112,875.000,375.000,-1,375.000,-1,325.000,325.000,325.000,325.000,-1,-1,-1,-1,725.000,725.000,-1,-1,1,0,2,0,2,0,0,0,0,2,2,2,2,0,0,2,2
54,-8948.980,6552.208,-38.141,207.650,-0.885586,0.463486,-0.030307,-0.464408,-0.884684,0.040740,-0.007930,0.050154,0.998710,0,0.96842,0.67581,58.105,1.352,825.000,375.000,-1,375.000,-1,325.000,325.000,325.000,325.000,-1,-1,-1,-1,725.000,725.000,-1,-1,1,0,2,0,2,0,0,0,0,2,2,2,2,0,0,2,2
55,-8999.803,6523.756,-38.481,209.242,-0.872402,0.487877,-0.029843,-0.488752,-0.871465,0.040872,-0.006067,0.050243,0.998719,0,0.97075,0.79581,58.245,1.592,775.000,375.000,-1,375.000,-1,325.000,325.000,325.000,325.000,-1,-1,-1,-1,725.000,725.000,975.000,-1,1,0,2,0,2,0,0,0,0,2,2,2,2,0,0,1,2
56,-9049.840,6493.603,-38.724,211.073,-0.856401,0.515479,-0.029311,-0.516297,-0.855421,0.041148,-0.003862,0.050372,0.998723,0,0.97367,0.91581,58.420,1.832,725.000,375.000,-1,375.000,-1,325.000,325.000,325.000,300.000,-1,-1,-1,-1,725.000,700.000,900.000,-1,1,0,2,0,2,0,0,0,0,2,2,2,2,0,0,1,2
57,-9098.975,6461.619,-38.841,213.061,-0.838046,0.544843,-0.028727,-0.545598,-0.837020,0.041485,-0.001443,0.050440,0.998726,0,0.97715,0.99406,58.629,1.988,675.000,375.000,-1,375.000,-1,325.000,300.000,325.000,300.000,-1,-1,-1,-1,725.000,700.000,825.000,-1,1,0,2,0,2,0,0,0,0,2,2,2,2,0,0,1,2
58,-9147.162,6427.824,-38.707,215.043,-0.818756,0.573476,-0.027619,-0.574140,-0.817696,0.041676,0.001316,0.049980,0.998749,0,0.98094,0.99090,58.857,1.982,625.000,375.000,-1,375.000,-1,325.000,325.000,325.000,300.000,-1,-1,-1,-1,725.000,700.000,750.000,-1,1,0,2,0,2,0,0,0,0,2,2,2,2,0,0,1,2
59,-9194.332,6392.254,-38.419,217.019,-0.798552,0.601346,-0.026426,-0.601912,-0.797463,0.041888,0.004115,0.049356,0.998773,0,0.98464,0.98788,59.079,1.976,575.000,375.000,-1,375.000,-1,325.000,325.000,300.000,325.000,-1,-1,-1,-1,700.000,700.000,675.000,-1,1,0,2,0,2,0,0,0,0,2,2,2,2,1,0,1,2
60,-9241.019,6354.569,-37.989,218.910,-0.778324,0.627356,-0.025210,-0.627825,-0.777213,0.042142,0.006844,0.048628,0.998794,0,1.00000,0.94553,60.000,1.891,525.000,375.000,-1,375.000,-1,325.000,325.000,300.000,300.000,-1,-1,-1,-1,650.000,700.000,600.000,-1,1,0,2,0,2,0,0,0,0,2,2,2,2,1,0,1,2
61,-9286.442,6315.368,-37.410,220.795,-0.757318,0.652603,-0.024037,-0.652977,-0.756188,0.042440,0.009520,0.047837,0.998810,0,1.00000,0.94237,60.000,1.885,475.000,375.000,-1,375.000,-1,325.000,325.000,300.000,300.000,-1,-1,-1,-1,625.000,700.000,550.000,-1,1,0,2,0,2,0,0,0,0,2,2,2,2,1,0,1,2
62,-9330.556,6274.700,-36.670,222.673,-0.735562,0.677067,-0.022980,-0.677349,-0.734417,0.042784,0.012091,0.047036,0.998820,0,1.00000,0.93928,60.000,1.879,425.000,375.000,-1,375.000,-1,325.000,325.000,300.000,300.000,-1,-1,-1,-1,575.000,700.000,500.000,-1,1,0,2,0,2,0,0,0,0,2,2,2,2,1,0,1,2
63,-9373.317,6232.611,-35.847,224.546,-0.713085,0.700727,-0.022176,-0.700928,-0.711924,0.043175,0.014466,0.046332,0.998821,0,1.00000,0.93628,60.000,1.873,375.000,375.000,-1,375.000,-1,325.000,325.000,300.000,300.000,-1,-1,-1,-1,525.000,700.000,425.000,-1,1,0,2,0,2,0,0,0,0,2,2,2,2,1,0,1,2
64,-9414.685,6189.152,-34.890,226.413,-0.689917,0.723573,-0.021391,-0.723694,-0.688744,0.043565,0.016789,0.045536,0.998822,0,1.00000,0.93339,60.000,1.867,325.000,375.000,-1,375.000,-1,325.000,325.000,300.000,300.000,-1,-1,-1,-1,475.000,700.000,375.000,-1,1,0,2,0,2,0,0,0,0,2,2,2,2,1,0,1,2
65,-9454.619,6144.372,-33.831,228.274,-0.666085,0.745596,-0.020434,-0.745629,-0.664911,0.043937,0.019173,0.044502,0.998825,0,1.00000,0.93063,60.000,1.861,275.000,350.000,-1,375.000,-1,325.000,325.000,300.000,300.000,-1,-1,-1,-1,450.000,700.000,325.000,-1,1,1,2,0,2,0,0,0,0,2,2,2,2,1,0,1,2
66,-9489.898,6101.918,-32.737,230.274,-0.639689,0.768386,-0.019547,-0.768332,-0.638517,0.044296,0.021555,0.043354,0.998827,0,0.92000,1.00000,55.200,2.000,250.000,325.000,-1,375.000,-1,325.000,325.000,300.000,300.000,-1,-1,-1,-1,400.000,700.000,275.000,-1,1,1,2,0,2,0,0,0,0,2,2,2,2,1,0,1,2
67,-9520.737,6062.055,-31.609,232.274,-0.612505,0.790245,-0.018725,-0.790110,-0.611345,0.044542,0.023752,0.042077,0.998832,0,0.84000,1.00000,50.400,2.000,200.000,300.000,-1,375.000,-1,300.000,325.000,300.000,300.000,-1,-1,-1,-1,350.000,700.000,225.000,-1,1,1,2,0,2,1,0,0,0,2,2,2,2,1,0,1,2
68,-9547.364,6025.037,-30.400,234.274,-0.584562,0.811152,-0.017898,-0.810945,-0.583432,0.044457,0.025619,0.040502,0.998851,0,0.76000,1.00000,45.600,2.000,175.000,275.000,-1,375.000,-1,275.000,325.000,300.000,300.000,-1,-1,-1,-1,325.000,700.000,175.000,-1,1,1,2,0,2,1,1,0,0,2,2,2,2,1,0,1,2
69,-9570.016,5991.103,-28.388,236.274,-0.556035,0.830953,-0.018501,-0.830611,-0.554723,0.048658,0.030170,0.042423,0.998644,0,0.68000,1.00000,40.800,2.000,150.000,250.000,-1,375.000,-1,250.000,300.000,325.000,300.000,-1,900.000,-1,-1,300.000,725.000,150.000,-1,1,1,2,1,2,1,1,0,0,2,0,2,2,1,0,1,2
70,-9588.932,5960.471,-21.936,238.274,-0.527858,0.848890,-0.027436,-0.847902,-0.524819,0.075022,0.049286,0.062864,0.996804,0,0.60000,1.00000,36.000,2.000,150.000,250.000,-1,400.000,-1,250.000,300.000,375.000,300.000,-1,425.000,375.000,-1,300.000,825.000,150.000,-1,1,1,2,1,2,1,1,0,0,2,0,0,2,1,0,1,2
71,-9604.385,5933.366,-16.344,240.274,-0.499365,0.865610,-0.036803,-0.863897,-0.494257,0.096908,0.065694,0.080186,0.994613,0,0.52000,1.00000,31.200,2.000,125.000,250.000,-1,450.000,-1,250.000,300.000,425.000,275.000,-1,325.000,225.000,-1,300.000,900.000,150.000,-1,1,1,2,1,2,1,1,1,0,2,0,0,2,1,0,1,2
72,-9616.649,5909.986,-11.596,242.274,-0.470444,0.881217,-0.046252,-0.878838,-0.463161,0.114571,0.079540,0.094547,0.992338,0,0.44000,1.00000,26.400,2.000,125.000,250.000,-1,475.000,-1,250.000,325.000,425.000,275.000,-1,275.000,150.000,950.000,300.000,975.000,150.000,-1,1,1,2,1,2,1,1,1,0,2,0,0,0,1,0,1,2
73,-9626.006,5890.519,-7.704,244.274,-0.440978,0.895807,-0.055397,-0.892904,-0.431625,0.128148,0.090885,0.105975,0.990207,0,0.36000,1.00000,21.600,2.000,125.000,225.000,-1,500.000,-1,250.000,300.000,450.000,250.000,-1,250.000,125.000,700.000,300.000,-1,150.000,-1,1,1,2,0,2,1,1,1,0,2,0,0,0,1,2,1,2
74,-9632.750,5875.133,-4.703,246.274,-0.410843,0.909471,-0.063797,-0.906237,-0.399724,0.137678,0.099713,0.114379,0.988420,0,0.28000,1.00000,16.800,2.000,125.000,225.000,-1,525.000,-1,225.000,300.000,475.000,250.000,-1,250.000,100.000,600.000,275.000,-1,125.000,-1,1,1,2,0,2,1,1,1,0,2,0,0,0,1,2,1,2
75,-9637.182,5863.984,-2.738,248.274,-0.379853,0.922339,-0.070724,-0.918993,-0.367530,0.142734,0.105656,0.119213,0.987231,0,0.20000,1.00000,12.000,2.000,125.000,225.000,-1,500.000,-1,225.000,300.000,500.000,250.000,-1,225.000,100.000,550.000,275.000,-1,125.000,-1,1,1,2,1,2,1,1,1,0,2,0,0,0,1,2,1,2
76,-9639.608,5857.208,-1.952,250.274,-0.347827,0.934524,-0.075377,-0.931278,-0.335088,0.142957,0.108339,0.119922,0.986854,0,0.12000,1.00000,7.200,2.000,125.000,200.000,-1,450.000,-1,225.000,275.000,525.000,250.000,-1,225.000,75.000,525.000,250.000,-1,125.000,-1,1,1,2,1,2,1,1,1,0,2,0,0,0,1,2,1,2
77,-9640.343,5854.928,-2.295,252.274,-0.314753,0.946008,-0.077455,-0.943012,-0.302384,0.138897,0.107976,0.116760,0.987273,0,0.04000,1.00000,2.400,2.000,150.000,200.000,-1,400.000,-1,200.000,275.000,550.000,250.000,-1,250.000,100.000,550.000,250.000,-1,125.000,-1,1,1,2,1,2,1,1,1,0,2,0,0,0,1,2,1,2
78,-9639.703,5857.247,-3.820,254.274,-0.280617,0.956775,-0.076394,-0.954122,-0.269407,0.130656,0.104427,0.109554,0.988480,0,-0.04000,1.00000,-2.400,2.000,150.000,200.000,-1,350.000,-1,200.000,250.000,575.000,250.000,-1,250.000,100.000,600.000,225.000,-1,125.000,-1,1,1,2,1,2,1,1,0,0,2,0,0,0,1,2,1,2
79,-9638.606,5861.803,-5.996,256.274,-0.245779,0.966565,-0.073105,-0.964251,-0.236089,0.120337,0.099054,0.100068,0.990038,0,-0.07803,1.00000,-4.682,2.000,150.000,175.000,525.000,325.000,-1,175.000,225.000,525.000,250.000,-1,275.000,125.000,675.000,225.000,-1,125.000,-1,1,1,1,1,2,1,1,0,0,2,0,0,0,1,2,1,2
80,-9637.697,5866.260,-8.279,258.274,-0.210604,0.975146,-0.068818,-0.973112,-0.202406,0.109934,0.093272,0.090120,0.991554,0,-0.07573,1.00000,-4.544,2.000,150.000,175.000,425.000,300.000,-1,175.000,225.000,500.000,275.000,-1,300.000,150.000,800.000,200.000,-1,150.000,-1,1,1,1,1,2,1,1,0,0,2,0,0,0,1,2,1,2
81,-9636.964,5870.620,-10.668,260.274,-0.175155,0.982490,-0.063508,-0.980682,-0.168400,0.099516,0.087079,0.079712,0.993007,0,-0.07364,1.00000,-4.418,2.000,150.000,175.000,350.000,275.000,-1,175.000,200.000,475.000,275.000,-1,325.000,175.000,975.000,200.000,450.000,150.000,-1,1,1,1,1,2,1,1,0,0,2,0,0,0,1,1,1,2
82,-9636.398,5874.892,-13.162,262.274,-0.139502,0.988571,-0.057155,-0.986947,-0.134118,0.089157,0.080472,0.068847,0.994376,0,-0.07176,1.00000,-4.306,2.000,150.000,150.000,325.000,250.000,-1,150.000,200.000,425.000,275.000,-1,375.000,225.000,-1,175.000,375.000,150.000,-1,1,1,1,1,2,1,1,0,0,2,0,0,2,1,1,1,2
83,-9635.990,5879.081,-15.760,264.274,-0.103714,0.993362,-0.049745,-0.991891,-0.099607,0.078929,0.073450,0.057528,0.995638,0,-0.07010,1.00000,-4.206,2.000,150.000,150.000,275.000,225.000,-1,150.000,175.000,400.000,275.000,-1,475.000,325.000,-1,175.000,325.000,150.000,-1,1,1,1,1,2,1,1,0,0,2,0,0,2,1,1,1,2
84,-9635.732,5883.195,-18.409,266.271,-0.067909,0.996846,-0.041076,-0.995495,-0.064971,0.069061,0.066174,0.045581,0.996766,0,-0.06866,0.99851,-4.119,1.997,150.000,150.000,250.000,200.000,-1,150.000,175.000,375.000,275.000,-1,625.000,500.000,-1,175.000,275.000,150.000,-1,1,1,1,1,2,1,1,0,0,2,0,0,2,1,1,1,2
85,-9635.618,5887.241,-20.757,268.256,-0.032277,0.999032,-0.029886,-0.997695,-0.030419,0.060658,0.059690,0.031775,0.997711,0,-0.06743,0.99250,-4.046,1.985,175.000,150.000,225.000,200.000,-1,150.000,175.000,350.000,300.000,-1,-1,-1,-1,175.000,250.000,150.000,350.000,1,1,1,1,2,1,1,0,0,2,2,2,2,1,1,1,1
86,-9635.641,5891.228,-23.192,270.229,0.003063,0.999837,-0.017771,-0.998598,0.003997,0.052779,0.052842,0.017585,0.998448,0,-0.06643,0.98656,-3.986,1.973,175.000,150.000,225.000,175.000,-1,125.000,150.000,325.000,300.000,-1,-1,-1,-1,150.000,225.000,150.000,300.000,1,1,1,1,2,1,1,0,0,2,2,2,2,1,1,1,1
87,-9635.794,5895.165,-24.620,272.190,0.037803,0.999241,-0.009425,-0.998072,0.038220,0.048897,0.049220,0.007558,0.998759,0,-0.06565,0.98068,-3.939,1.961,175.000,150.000,200.000,175.000,-1,125.000,150.000,300.000,325.000,-1,-1,-1,-1,150.000,225.000,150.000,250.000,1,1,1,1,2,1,1,0,0,2,2,2,2,1,1,1,1
88,-9635.736,5894.306,-23.786,273.912,0.067965,0.997665,-0.006681,-0.996329,0.068220,0.051719,0.052054,0.003142,0.998639,0,0.01435,0.86068,0.861,1.721,200.000,150.000,200.000,175.000,-1,125.000,150.000,300.000,325.000,-1,-1,-1,-1,175.000,200.000,175.000,250.000,1,1,1,1,2,1,1,0,0,2,2,2,2,1,1,1,1
89,-9635.205,5888.669,-22.318,275.393,0.093991,0.995570,-0.002602,-0.993997,0.093989,0.056006,0.056002,-0.002678,0.998427,0,0.09435,0.74068,5.661,1.481,200.000,150.000,200.000,175.000,-1,125.000,150.000,300.000,325.000,-1,-1,-1,-1,175.000,200.000,175.000,250.000,1,1,1,1,2,1,1,0,0,2,2,2,2,1,1,1,1
90,-9633.996,5878.278,-20.177,276.634,0.115927,0.993254,0.002864,-0.991373,0.115529,0.061914,0.061165,-0.010016,0.998077,0,0.17435,0.62068,10.461,1.241,200.000,150.000,200.000,175.000,-1,125.000,150.000,275.000,350.000,-1,-1,-1,-1,175.000,200.000,175.000,225.000,1,1,1,1,2,1,1,0,0,2,2,2,2,1,1,1,1
91,-9631.968,5863.151,-17.334,277.636,0.133846,0.990954,0.009798,-0.988690,0.132852,0.069581,0.067650,-0.019000,0.997528,0,0.25435,0.50068,15.261,1.001,200.000,150.000,200.000,150.000,-1,125.000,125.000,275.000,375.000,-1,525.000,-1,-1,150.000,200.000,175.000,225.000,1,1,1,1,2,1,1,0,0,2,0,2,2,1,1,1,1
92,-9629.039,5843.302,-10.763,278.397,0.146968,0.989130,0.004664,-0.985457,0.146012,0.086914,0.085288,-0.017370,0.996205,0,0.33435,0.38068,20.061,0.761,200.000,150.000,200.000,150.000,-1,125.000,125.000,300.000,375.000,-1,250.000,375.000,-1,150.000,200.000,175.000,225.000,1,1,1,1,2,1,1,0,0,2,0,0,2,1,1,1,1
93,-9625.184,5818.735,-1.838,278.919,0.155283,0.987850,-0.006220,-0.981783,0.155021,0.109865,0.109494,-0.010953,0.993927,0,0.41435,0.26068,24.861,0.521,200.000,150.000,200.000,150.000,-1,125.000,150.000,325.000,400.000,-1,175.000,200.000,-1,150.000,200.000,175.000,250.000,1,1,1,1,2,1,1,0,0,2,0,0,2,1,1,1,1
94,-9620.439,5789.447,9.159,279.200,0.158465,0.987136,-0.021240,-0.977506,0.159879,0.137551,0.139177,-0.001035,0.990267,0,0.49435,0.14068,29.661,0.281,200.000,150.000,200.000,175.000,-1,125.000,150.000,375.000,400.000,925.000,125.000,125.000,-1,175.000,200.000,175.000,275.000,1,1,1,1,2,1,1,0,0,0,0,0,2,1,1,1,1
95,-5575.424,-4263.559,-195.884,85.614,0.076345,-0.997056,0.007192,0.996867,0.076476,0.020207,-0.020697,0.005627,0.999770,1,0.00000,0.00000,34.461,0.041,-1,-1,-1,325.000,-1,275.000,275.000,275.000,325.000,-1,-1,-1,-1,-1,-1,-1,-1,2,2,2,0,2,1,0,1,0,2,2,2,2,2,2,2,2
96,-5575.077,-4258.771,-195.977,85.854,0.072179,-0.997370,0.006543,0.997170,0.072299,0.020630,-0.021049,0.005036,0.999766,0,0.08000,0.12000,4.800,0.240,-1,-1,-1,325.000,-1,275.000,275.000,275.000,325.000,-1,-1,-1,-1,-1,-1,-1,-1,2,2,2,0,2,1,0,1,0,2,2,2,2,2,2,2,2
97,-5574.463,-4249.191,-196.165,86.334,0.063844,-0.997946,0.005212,0.997722,0.063942,0.021478,-0.021768,0.003828,0.999756,0,0.16000,0.24000,9.600,0.480,-1,-1,-1,325.000,-1,275.000,250.000,275.000,325.000,-1,-1,-1,-1,-1,-1,-1,-1,2,2,2,0,2,1,0,1,0,2,2,2,2,2,2,2,2
98,-5573.723,-4234.810,-196.451,87.054,0.051339,-0.998676,0.003131,0.998419,0.051397,0.022748,-0.022879,0.001958,0.999736,0,0.24000,0.36000,14.400,0.720,-1,-1,-1,325.000,-1,275.000,250.000,275.000,350.000,-1,-1,-1,-1,-1,-1,-1,-1,2,2,2,0,2,1,0,1,0,2,2,2,2,2,2,2,2
99,-5573.057,-4215.621,-196.842,88.014,0.034663,-0.999399,0.000199,0.999101,0.034657,0.024432,-0.024424,-0.000648,0.999701,0,0.32000,0.48000,19.200,0.960,-1,-1,-1,325.000,-1,275.000,250.000,275.000,350.000,-1,-1,-1,-1,-1,-1,-1,-1,2,2,2,0,2,1,0,1,0,2,2,2,2,2,2,2,2
100,-5572.671,-4191.624,-197.332,89.077,0.016205,-0.999862,-0.003539,0.999517,0.016105,0.026570,-0.026509,-0.003968,0.999641,0,0.40000,0.53166,24.000,1.063,-1,-1,-1,400.000,-1,275.000,250.000,275.000,350.000,-1,-1,-1,-1,-1,-1,-1,-1,2,2,2,1,2,1,0,1,0,2,2,2,2,2,2,2,2
101,-5572.745,-4162.824,-197.921,90.145,-0.002291,-0.999965,-0.008078,0.999570,-0.002526,0.029210,-0.029230,-0.008008,0.999541,0,0.48000,0.53377,28.800,1.068,-1,-1,-1,500.000,-1,450.000,250.000,275.000,350.000,-1,-1,-1,-1,-1,-1,-1,-1,2,2,2,1,2,1,0,1,0,2,2,2,2,2,2,2,2
102,-5573.460,-4129.232,-198.621,91.219,-0.020839,-0.999691,-0.013555,0.999250,-0.021269,0.032372,-0.032650,-0.012871,0.999384,0,0.56000,0.53704,33.600,1.074,-1,-1,-1,600.000,-1,975.000,325.000,275.000,350.000,-1,-1,-1,-1,-1,-1,-1,-1,2,2,2,1,2,1,1,1,0,2,2,2,2,2,2,2,2
103,-5575.005,-4090.862,-199.451,92.302,-0.039451,-0.999019,-0.020132,0.998542,-0.040159,0.036075,-0.036848,-0.018679,0.999146,0,0.64000,0.54158,38.400,1.083,-1,-1,-1,675.000,-1,950.000,775.000,300.000,375.000,-1,-1,-1,-1,-1,-1,-1,-1,2,2,2,1,2,1,1,1,0,2,2,2,2,2,2,2,2
104,-5577.567,-4047.738,-200.430,93.397,-0.058131,-0.997916,-0.027998,0.997428,-0.059235,0.040344,-0.041919,-0.025581,0.998793,0,0.72000,0.54751,43.200,1.095,-1,-1,-1,775.000,-1,925.000,900.000,300.000,375.000,-1,-1,-1,-1,-1,-1,-1,-1,2,2,2,1,2,1,1,1,0,2,2,2,2,2,2,2,2
105,-5581.344,-3999.886,-201.584,94.507,-0.076875,-0.996340,-0.037386,0.995886,-0.078537,0.045205,-0.047976,-0.033757,0.998278,0,0.80000,0.55501,48.000,1.110,-1,-1,-1,825.000,-1,900.000,875.000,325.000,400.000,-1,-1,-1,-1,-1,-1,-1,-1,2,2,2,1,2,1,1,1,0,2,2,2,2,2,2,2,2
106,-5586.534,-3947.341,-203.693,95.636,-0.095723,-0.994346,-0.045971,0.993759,-0.098120,0.053057,-0.057267,-0.040605,0.997533,0,0.88000,0.56427,52.800,1.129,-1,-1,-1,825.000,-1,875.000,850.000,325.000,400.000,-1,-1,-1,-1,-1,-1,-1,-1,2,2,2,1,2,1,1,1,0,2,2,2,2,2,2,2,2
107,-5593.339,-3890.140,-212.548,96.787,-0.114951,-0.992405,-0.043805,0.989942,-0.118103,0.077882,-0.082463,-0.034411,0.996000,0,0.96000,0.57555,57.600,1.151,-1,975.000,-1,775.000,-1,800.000,775.000,350.000,350.000,-1,-1,-1,-1,-1,1000.000,-1,-1,2,1,2,1,2,1,1,1,0,2,2,2,2,2,1,2,2
108,4263.586,8855.562,144.958,-3.027,0.998605,0.050696,0.014789,-0.044514,0.958742,-0.280772,-0.028413,0.279722,0.959661,1,0.00000,0.00000,58.305,1.178,-1,375.000,-1,275.000,450.000,225.000,225.000,-1,825.000,-1,0.000,0.000,925.000,-1,425.000,-1,400.000,2,0,2,1,1,0,1,2,1,2,0,1,1,2,1,2,1
109,6888.922,3603.121,11.728,110.849,-0.347911,-0.930150,0.117386,0.934406,-0.354233,-0.037479,0.076443,0.096647,0.992379,1,-0.08000,0.12000,-4.800,0.240,-1,400.000,-1,325.000,525.000,300.000,275.000,225.000,250.000,175.000,-1,-1,-1,775.000,550.000,-1,725.000,2,0,2,0,0,0,0,1,0,1,2,2,2,0,0,2,0
110,6892.407,3594.176,10.125,111.270,-0.354759,-0.927731,0.116025,0.931696,-0.361146,-0.038945,0.078033,0.094284,0.992482,0,-0.16000,0.21069,-9.600,0.421,-1,400.000,-1,325.000,550.000,300.000,275.000,200.000,250.000,175.000,-1,-1,-1,775.000,550.000,-1,775.000,2,0,2,0,0,0,0,1,0,1,2,2,2,0,0,2,0
111,6897.733,3580.797,7.793,111.694,-0.361628,-0.925271,0.114451,0.928880,-0.368107,-0.040972,0.080040,0.091495,0.992584,0,-0.24000,0.21229,-14.400,0.425,-1,400.000,-1,325.000,575.000,300.000,275.000,200.000,250.000,175.000,-1,-1,-1,775.000,575.000,-1,825.000,2,0,2,0,0,0,0,1,0,1,2,2,2,0,0,2,0
112,6904.968,3563.012,4.659,112.124,-0.368541,-0.922779,0.112499,0.925927,-0.375146,-0.043862,0.082678,0.088001,0.992683,0,-0.32000,0.21459,-19.200,0.429,-1,400.000,-1,325.000,625.000,300.000,275.000,175.000,250.000,175.000,-1,-1,-1,775.000,575.000,-1,925.000,2,0,2,0,0,0,0,1,0,1,2,2,2,0,0,2,0
113,6914.179,3540.850,0.637,112.559,-0.375522,-0.920266,0.109972,0.922795,-0.382290,-0.047997,0.086212,0.083457,0.992775,0,-0.40000,0.21746,-24.000,0.435,-1,400.000,-1,325.000,700.000,300.000,300.000,150.000,250.000,175.000,-1,-1,-1,775.000,575.000,-1,-1,2,0,2,0,0,0,0,1,0,1,2,2,2,0,0,2,2
114,6925.438,3514.343,-4.381,113.000,-0.382600,-0.917739,0.106642,0.919426,-0.389559,-0.053841,0.090956,0.077450,0.992839,0,-0.48000,0.22077,-28.800,0.442,-1,400.000,-1,325.000,850.000,300.000,300.000,150.000,250.000,175.000,-1,-1,-1,775.000,600.000,-1,-1,2,0,2,0,0,0,0,1,0,1,2,2,2,0,0,2,2
115,6937.199,3487.248,-9.816,113.449,-0.389817,-0.915155,0.102641,0.915804,-0.396948,-0.061115,0.096673,0.070176,0.992839,0,-0.49230,0.22432,-29.538,0.449,-1,400.000,-1,350.000,-1,300.000,300.000,125.000,275.000,175.000,-1,-1,-1,775.000,625.000,-1,-1,2,0,2,0,2,0,0,1,0,1,2,2,2,0,0,2,2
116,6948.816,3461.056,-15.397,113.904,-0.397186,-0.912476,0.098135,0.911923,-0.404425,-0.069543,0.103145,0.061870,0.992740,0,-0.47756,0.22749,-28.653,0.455,-1,400.000,-1,350.000,-1,325.000,300.000,100.000,275.000,175.000,-1,-1,-1,775.000,650.000,-1,-1,2,0,2,0,2,0,0,1,0,1,2,2,2,0,0,2,2
117,6960.271,3435.781,-21.102,114.364,-0.404713,-0.909682,0.093201,0.907766,-0.411960,-0.079052,0.110307,0.052611,0.992504,0,-0.46252,0.23010,-27.751,0.460,-1,400.000,-1,375.000,-1,325.000,300.000,100.000,275.000,175.000,-1,-1,-1,800.000,675.000,-1,-1,2,0,2,0,2,0,0,1,0,1,2,2,2,0,0,2,2
118,6971.543,3411.425,-25.681,114.828,-0.411493,-0.906545,0.094069,0.903215,-0.419426,-0.091020,0.121969,0.047511,0.991396,0,-0.44735,0.23217,-26.841,0.464,-1,425.000,-1,375.000,-1,325.000,325.000,75.000,275.000,175.000,-1,-1,-1,850.000,750.000,-1,-1,2,0,2,0,2,0,0,1,0,1,2,2,2,0,0,2,2
119,6982.620,3387.986,-29.451,115.296,-0.417638,-0.903186,0.099159,0.898227,-0.426852,-0.104813,0.136992,0.045294,0.989536,0,-0.43216,0.23373,-25.930,0.467,-1,450.000,-1,400.000,-1,350.000,350.000,75.000,275.000,200.000,700.000,650.000,-1,975.000,850.000,-1,-1,2,0,2,0,2,0,0,1,0,1,0,0,2,0,0,2,2
120,6993.496,3365.453,-33.072,115.765,-0.423861,-0.899740,0.103972,0.893135,-0.434281,-0.117088,0.150501,0.043232,0.987664,0,-0.41709,0.23482,-25.025,0.470,-1,475.000,-1,450.000,-1,375.000,375.000,75.000,275.000,250.000,350.000,325.000,-1,-1,950.000,-1,-1,2,0,2,0,2,0,0,1,0,1,0,0,2,2,0,2,2
121,7004.158,3343.804,-34.453,116.236,-0.429690,-0.895868,0.113083,0.889415,-0.441527,-0.118300,0.155910,0.049745,0.986518,0,-0.40223,0.23548,-24.134,0.471,-1,500.000,-1,450.000,-1,375.000,375.000,75.000,275.000,325.000,325.000,275.000,-1,-1,1000.000,-1,-1,2,0,2,0,2,0,0,1,0,1,0,0,2,2,0,2,2
122,7014.605,3323.024,-35.867,116.708,-0.435597,-0.891925,0.121345,0.885710,-0.448744,-0.118942,0.160540,0.055666,0.985458,0,-0.38768,0.23574,-23.261,0.471,-1,525.000,-1,450.000,-1,400.000,375.000,100.000,275.000,400.000,300.000,250.000,950.000,-1,-1,-1,-1,2,0,2,0,2,0,0,1,0,1,0,0,0,2,2,2,2
123,7024.835,3303.085,-37.357,117.179,-0.441595,-0.887936,0.128701,0.881986,-0.455927,-0.119295,0.164605,0.060832,0.984482,0,-0.37351,0.23564,-22.411,0.471,-1,525.000,-1,475.000,-1,400.000,400.000,100.000,275.000,475.000,275.000,225.000,875.000,-1,-1,-1,-1,2,0,2,0,2,0,0,1,0,1,0,0,0,2,2,2,2
124,7034.847,3283.961,-38.914,117.650,-0.447680,-0.883913,0.135207,0.878242,-0.463072,-0.119396,0.168146,0.065293,0.983597,0,-0.35979,0.23522,-21.587,0.470,-1,550.000,-1,475.000,-1,425.000,400.000,100.000,275.000,575.000,275.000,200.000,800.000,-1,-1,-1,-1,2,0,2,0,2,0,0,1,0,1,0,0,0,2,2,2,2
125,7044.642,3265.620,-40.530,118.119,-0.453846,-0.879866,0.140921,0.874478,-0.470171,-0.119277,0.171204,0.069099,0.982809,0,-0.34656,0.23450,-20.793,0.469,-1,575.000,-1,475.000,-1,425.000,400.000,100.000,275.000,675.000,250.000,175.000,750.000,-1,-1,-1,-1,2,0,2,0,2,0,0,1,0,1,0,0,0,2,2,2,2
126,7054.221,3248.029,-42.197,118.586,-0.460086,-0.875806,0.145895,0.870694,-0.477219,-0.118967,0.173816,0.072295,0.982121,0,-0.33385,0.23353,-20.031,0.467,-1,575.000,-1,500.000,-1,425.000,425.000,125.000,275.000,825.000,250.000,175.000,700.000,-1,-1,-1,-1,2,0,2,0,2,0,0,1,0,1,0,0,0,2,2,2,2
127,7063.589,3231.155,-43.909,119.050,-0.466391,-0.871737,0.150181,0.866890,-0.484212,-0.118496,0.176017,0.074925,0.981532,0,-0.32168,0.23233,-19.301,0.465,-1,600.000,-1,500.000,-1,450.000,425.000,125.000,250.000,-1,250.000,150.000,650.000,-1,-1,-1,-1,2,0,2,0,2,0,0,1,0,2,0,0,0,2,2,2,2
128,7072.750,3214.964,-45.659,119.512,-0.472751,-0.867666,0.153827,0.863065,-0.491144,-0.117886,0.177837,0.077032,0.981040,0,-0.31006,0.23092,-18.603,0.462,-1,600.000,-1,500.000,-1,450.000,425.000,125.000,250.000,-1,250.000,150.000,625.000,-1,-1,-1,-1,2,0,2,0,2,0,0,1,0,2,0,0,0,2,2,2,2
129,7081.709,3199.422,-47.442,119.971,-0.479156,-0.863597,0.156877,0.859219,-0.498011,-0.117163,0.179308,0.078652,0.980644,0,-0.29899,0.22934,-17.939,0.459,-1,625.000,-1,500.000,-1,450.000,425.000,125.000,250.000,-1,225.000,125.000,600.000,-1,-1,-1,-1,2,0,2,0,2,0,0,1,0,2,0,0,0,2,2,2,2
130,7090.472,3184.497,-49.252,120.426,-0.485597,-0.859533,0.159371,0.855354,-0.504809,-0.116349,0.180458,0.079820,0.980339,0,-0.28847,0.22761,-17.308,0.455,-1,625.000,-1,500.000,-1,450.000,425.000,150.000,250.000,-1,225.000,125.000,600.000,-1,-1,-1,-1,2,0,2,0,2,0,0,1,0,2,0,0,0,2,2,2,2
131,7099.046,3170.155,-51.086,120.877,-0.492064,-0.855476,0.161350,0.851470,-0.511536,-0.115458,0.181308,0.080572,0.980120,0,-0.27849,0.22574,-16.709,0.451,-1,625.000,-1,500.000,-1,450.000,425.000,150.000,250.000,-1,225.000,125.000,575.000,-1,-1,-1,-1,2,0,2,0,2,0,0,1,0,2,0,0,0,2,2,2,2
132,7107.438,3156.365,-52.942,121.325,-0.498546,-0.851429,0.162849,0.847568,-0.518186,-0.114507,0.181881,0.080939,0.979984,0,-0.26903,0.22376,-16.142,0.448,-1,625.000,-1,500.000,-1,450.000,425.000,150.000,250.000,-1,225.000,125.000,575.000,-1,-1,-1,-1,2,0,2,0,2,0,0,1,0,2,0,0,0,2,2,2,2
133,7115.653,3143.097,-54.815,121.768,-0.505036,-0.847393,0.163902,0.843649,-0.524759,-0.113510,0.182197,0.080949,0.979924,0,-0.26008,0.22168,-15.605,0.443,-1,625.000,-1,500.000,-1,475.000,425.000,150.000,250.000,-1,225.000,125.000,550.000,-1,-1,-1,-1,2,0,2,0,2,0,0,1,0,2,0,0,0,2,2,2,2
134,7123.701,3130.322,-56.704,122.207,-0.511523,-0.843369,0.164538,0.839715,-0.531251,-0.112480,0.182273,0.080628,0.979937,0,-0.25162,0.21952,-15.097,0.439,225.000,625.000,-1,500.000,-1,475.000,425.000,175.000,250.000,-1,225.000,125.000,550.000,-1,-1,-1,-1,1,0,2,0,2,0,0,1,0,2,0,0,0,2,2,2,2
135,7131.583,3118.011,-58.613,122.628,-0.517801,-0.839489,0.164746,0.835895,-0.537455,-0.111448,0.182103,0.080002,0.980019,0,-0.24363,0.21033,-14.618,0.421,200.000,625.000,-1,500.000,-1,450.000,425.000,175.000,250.000,-1,225.000,125.000,550.000,-1,-1,-1,-1,1,0,2,0,2,0,0,1,0,2,0,0,0,2,2,2,2
