timestep,x_cm,y_cm,z_cm,yaw_deg,basis_xx,basis_xy,basis_xz,basis_yx,basis_yy,basis_yz,basis_zx,basis_zy,basis_zz,teleport_flag,throttle_cmd,steering_cmd,cmd_move_cm,cmd_turn_deg,lidar_cm_0,lidar_cm_1,lidar_cm_2,lidar_cm_3,lidar_cm_4,lidar_cm_5,lidar_cm_6,lidar_cm_7,lidar_cm_8,lidar_cm_9,lidar_cm_10,lidar_cm_11,lidar_cm_12,lidar_cm_13,lidar_cm_14,lidar_cm_15,lidar_cm_16,lidar_class_0,lidar_class_1,lidar_class_2,lidar_class_3,lidar_class_4,lidar_class_5,lidar_class_6,lidar_class_7,lidar_class_8,lidar_class_9,lidar_class_10,lidar_class_11,lidar_class_12,lidar_class_13,lidar_class_14,lidar_class_15,lidar_class_16
0,8855.085,-7543.221,-44.577,-113.078,-0.391953,0.919966,0.005871,-0.919705,-0.391983,0.022159,0.022687,0.003285,0.999737,1,0.00000,0.00000,4.800,0.240,725.000,400.000,-1,400.000,-1,325.000,325.000,300.000,300.000,-1,-1,-1,-1,850.000,875.000,-1,-1,1,0,2,0,2,0,0,0,0,2,2,2,2,0,0,2,2
1,8853.222,-7547.645,-44.468,-112.838,-0.388096,0.921601,0.005833,-0.921341,-0.388126,0.022091,0.022623,0.003199,0.999739,0,0.08000,0.12000,4.800,0.240,725.000,400.000,-1,400.000,-1,325.000,325.000,300.000,300.000,-1,-1,-1,-1,850.000,875.000,-1,-1,1,0,2,0,2,0,0,0,0,2,2,2,2,0,0,2,2
2,8849.570,-7556.523,-44.250,-112.358,-0.380361,0.924820,0.005755,-0.924565,-0.380392,0.021958,0.022496,0.003031,0.999742,0,0.16000,0.24000,9.600,0.480,700.000,400.000,-1,400.000,-1,325.000,325.000,300.000,300.000,-1,-1,-1,-1,850.000,900.000,-1,-1,1,0,2,0,2,0,0,0,0,2,2,2,2,0,0,2,2
3,8844.260,-7569.908,-43.925,-111.638,-0.368709,0.929528,0.005638,-0.929277,-0.368741,0.021760,0.022305,0.002784,0.999747,0,0.24000,0.36000,14.400,0.720,700.000,400.000,-1,400.000,-1,325.000,325.000,300.000,300.000,-1,-1,-1,-1,850.000,900.000,-1,-1,1,0,2,0,2,0,0,0,0,2,2,2,2,0,0,2,2
4,8837.480,-7587.871,-43.493,-110.678,-0.353082,0.935576,0.005480,-0.935332,-0.353116,0.021500,0.022050,0.002466,0.999754,0,0.32000,0.48000,19.200,0.960,650.000,400.000,-1,400.000,-1,325.000,325.000,300.000,300.000,-1,-1,-1,-1,850.000,900.000,-1,-1,1,0,2,0,2,0,0,0,0,2,2,2,2,0,0,2,2
5,8829.451,-7610.488,-42.955,-109.545,-0.334512,0.942377,0.005280,-0.942141,-0.334547,0.021184,0.021730,0.002112,0.999762,0,0.40000,0.56652,24.000,1.133,625.000,400.000,-1,400.000,-1,325.000,325.000,300.000,300.000,-1,-1,-1,-1,850.000,900.000,-1,-1,1,0,2,0,2,0,0,0,0,2,2,2,2,0,0,2,2
6,8820.357,-7637.815,-42.316,-108.406,-0.315721,0.948839,0.005034,-0.948612,-0.315756,0.020821,0.021345,0.001799,0.999771,0,0.48000,0.56929,28.800,1.139,600.000,400.000,-1,400.000,-1,325.000,325.000,300.000,300.000,-1,-1,-1,-1,850.000,925.000,-1,-1,1,0,2,0,2,0,0,0,0,2,2,2,2,0,0,2,2
7,8810.388,-7669.902,-41.576,-107.259,-0.296661,0.954971,0.004737,-0.954754,-0.296695,0.020412,0.020898,0.001533,0.999780,0,0.56000,0.57364,33.600,1.147,575.000,400.000,-1,400.000,-1,325.000,325.000,300.000,300.000,-1,-1,-1,-1,850.000,925.000,-1,-1,1,0,2,0,2,0,0,0,0,2,2,2,2,0,0,2,2
8,8799.739,-7706.796,-40.738,-106.100,-0.277282,0.960779,0.004387,-0.960572,-0.277314,0.019958,0.020392,0.001320,0.999791,0,0.64000,0.57962,38.400,1.159,550.000,400.000,-1,400.000,-1,325.000,325.000,300.000,300.000,-1,-1,-1,-1,850.000,950.000,-1,-1,1,0,2,0,2,0,0,0,0,2,2,2,2,0,0,2,2
9,8788.613,-7748.538,-39.804,-104.925,-0.257532,0.966262,0.003982,-0.966066,-0.257560,0.019462,0.019831,0.001166,0.999803,0,0.72000,0.58731,43.200,1.175,500.000,400.000,-1,425.000,-1,325.000,325.000,300.000,300.000,-1,-1,-1,-1,875.000,950.000,-1,-1,1,0,2,0,2,0,0,0,0,2,2,2,2,0,0,2,2
10,8777.219,-7795.166,-38.783,-103.732,-0.237352,0.971417,0.003545,-0.971233,-0.237376,0.018938,0.019238,0.001051,0.999814,0,0.80000,0.59680,48.000,1.194,475.000,425.000,-1,425.000,-1,325.000,325.000,300.000,300.000,-1,-1,-1,-1,850.000,975.000,-1,-1,1,0,2,0,2,0,0,0,0,2,2,2,2,1,0,2,2
11,8765.777,-7846.712,-37.482,-102.515,-0.216692,0.976237,0.002487,-0.976045,-0.216699,0.019435,0.019512,0.001784,0.999808,0,0.88000,0.60823,52.800,1.216,450.000,425.000,-1,425.000,-1,350.000,350.000,300.000,300.000,-1,-1,-1,-1,825.000,-1,-1,-1,1,0,2,0,2,0,0,0,0,2,2,2,2,1,2,2,2
12,8754.519,-7903.201,-35.846,-101.272,-0.195494,0.980705,0.000493,-0.980489,-0.195461,0.020900,0.020593,0.003603,0.999781,0,0.96000,0.62176,57.600,1.244,425.000,425.000,-1,425.000,-1,350.000,350.000,300.000,300.000,-1,-1,-1,-1,825.000,-1,-1,-1,1,0,2,0,2,0,0,0,0,2,2,2,2,1,2,2,2
13,8744.104,-7962.290,-34.590,-99.997,-0.173693,0.984795,-0.003168,-0.984576,-0.173584,0.021891,0.021008,0.006921,0.999755,0,1.00000,0.63761,60.000,1.275,400.000,425.000,-1,450.000,-1,350.000,350.000,325.000,300.000,-1,-1,-1,-1,825.000,-1,-1,-1,1,0,2,0,2,0,0,0,0,2,2,2,2,1,2,2,2
14,8735.043,-8021.602,-33.538,-98.687,-0.151223,0.988469,-0.007729,-0.988279,-0.151019,0.022326,0.020902,0.011015,0.999721,0,1.00000,0.65500,60.000,1.310,350.000,450.000,-1,450.000,-1,350.000,350.000,325.000,300.000,-1,-1,-1,-1,800.000,-1,550.000,-1,1,0,2,0,2,0,0,0,0,2,2,2,2,1,2,1,2
15,8727.378,-8081.110,-32.458,-97.340,-0.128056,0.991688,-0.012500,-0.991545,-0.127750,0.022746,0.020960,0.015307,0.999663,0,1.00000,0.67303,60.000,1.346,325.000,450.000,-1,450.000,-1,350.000,350.000,325.000,275.000,-1,-1,-1,-1,800.000,-1,500.000,-1,1,0,2,0,2,0,0,0,0,2,2,2,2,1,2,1,2
16,8721.152,-8140.786,-31.307,-95.957,-0.104181,0.994402,-0.017620,-0.994330,-0.103761,0.023274,0.021315,0.019945,0.999574,0,1.00000,0.69175,60.000,1.383,300.000,450.000,-1,450.000,-1,375.000,375.000,300.000,275.000,-1,-1,-1,-1,775.000,-1,450.000,-1,1,1,2,0,2,0,0,1,0,2,2,2,2,1,2,1,2
17,8716.410,-8200.599,-30.042,-94.535,-0.079594,0.996556,-0.023246,-0.996582,-0.079035,0.024022,0.022102,0.025078,0.999441,0,1.00000,0.71122,60.000,1.422,275.000,450.000,-1,450.000,-1,375.000,375.000,300.000,275.000,-1,-1,-1,-1,750.000,-1,425.000,-1,1,1,2,0,2,0,0,1,0,2,2,2,2,1,2,1,2
18,8713.198,-8260.513,-28.619,-93.072,-0.054292,0.998088,-0.029549,-0.998250,-0.053558,0.025088,0.023457,0.030859,0.999248,0,1.00000,0.73149,60.000,1.463,250.000,450.000,-1,475.000,-1,375.000,375.000,275.000,275.000,-1,-1,-1,-1,750.000,-1,425.000,-1,1,1,2,0,2,0,0,1,0,2,2,2,2,1,2,1,2
19,8711.561,-8320.490,-26.993,-91.566,-0.028281,0.998925,-0.036718,-0.999274,-0.027315,0.026551,0.025520,0.037442,0.998973,0,1.00000,0.75261,60.000,1.505,225.000,450.000,-1,475.000,-1,400.000,400.000,250.000,275.000,-1,-1,-1,-1,725.000,-1,450.000,-1,1,1,2,0,2,0,0,1,0,2,2,2,2,1,2,1,2
20,8711.548,-8380.490,-25.118,-90.017,-0.001578,0.998988,-0.044956,-0.999595,-0.000298,0.028471,0.028429,0.044983,0.998583,0,1.00000,0.77463,60.000,1.549,200.000,425.000,-1,500.000,-1,400.000,400.000,250.000,275.000,-1,-1,750.000,-1,725.000,-1,475.000,-1,1,1,2,0,2,0,0,1,0,2,2,0,2,1,2,1,2
21,8713.207,-8440.467,-22.949,-88.422,0.025790,0.998182,-0.054482,-0.999145,0.027500,0.030881,0.032323,0.053639,0.998037,0,1.00000,0.79759,60.000,1.595,200.000,425.000,-1,500.000,-1,425.000,425.000,250.000,275.000,-1,-1,425.000,-1,725.000,-1,525.000,-1,1,1,2,0,2,0,0,1,0,2,2,0,2,1,2,1,2
22,8716.587,-8500.371,-20.441,-86.779,0.053776,0.996401,-0.065524,-0.997855,0.056077,0.033785,0.037338,0.063567,0.997279,0,1.00000,0.82152,60.000,1.643,200.000,425.000,-1,525.000,-1,450.000,425.000,225.000,275.000,-1,800.000,300.000,900.000,725.000,-1,575.000,-1,1,1,2,0,2,0,0,1,0,2,0,0,0,1,2,1,2
23,8721.438,-8560.175,-18.383,-85.376,0.077290,0.993796,-0.079972,-0.996107,0.080382,0.036180,0.042384,0.076864,0.996140,0,1.00000,0.70152,60.000,1.403,225.000,450.000,-1,550.000,-1,450.000,450.000,225.000,275.000,-1,625.000,200.000,750.000,725.000,-1,725.000,-1,1,1,2,0,2,1,0,1,0,2,0,0,0,1,2,1,2
24,8727.499,-8619.867,-17.355,-84.213,0.097138,0.991180,-0.090146,-0.994393,0.100458,0.033036,0.041801,0.086431,0.995380,0,1.00000,0.58152,60.000,1.163,250.000,425.000,-1,550.000,-1,450.000,450.000,225.000,250.000,-1,675.000,175.000,675.000,700.000,-1,650.000,-1,1,1,2,0,2,1,0,1,0,2,0,0,0,1,2,1,2
25,8734.521,-8679.454,-16.313,-83.290,0.112842,0.988582,-0.099866,-0.992771,0.116312,0.029615,0.040893,0.095802,0.994560,0,1.00000,0.46152,60.000,0.923,250.000,425.000,-1,525.000,-1,425.000,450.000,200.000,250.000,-1,725.000,175.000,625.000,675.000,-1,625.000,-1,1,1,2,0,2,1,0,1,0,2,0,0,0,1,2,1,2
26,6231.352,-6887.284,2.747,84.761,0.092101,-0.995673,0.012333,0.994313,0.091296,-0.054833,0.053470,0.017313,0.998419,1,0.00000,0.00000,59.774,0.683,-1,375.000,-1,375.000,-1,300.000,300.000,325.000,325.000,975.000,375.000,350.000,-1,650.000,675.000,-1,-1,2,0,2,0,2,0,0,0,0,1,1,1,2,0,0,2,2
27,6230.934,-6892.066,2.492,85.001,0.087918,-0.996052,0.012276,0.994697,0.087125,-0.054648,0.053363,0.017015,0.998430,0,-0.08000,0.12000,-4.800,0.240,-1,375.000,-1,375.000,-1,300.000,300.000,325.000,325.000,950.000,375.000,350.000,-1,650.000,675.000,-1,-1,2,0,2,0,2,0,0,0,0,1,1,1,2,0,0,2,2
28,6230.149,-6901.634,1.979,85.311,0.082504,-0.996516,0.012174,0.995175,0.081730,-0.054278,0.053094,0.016593,0.998452,0,-0.16000,0.15517,-9.600,0.310,-1,375.000,-1,375.000,-1,300.000,300.000,325.000,325.000,900.000,350.000,350.000,-1,650.000,675.000,-1,-1,2,0,2,0,2,0,0,0,0,1,1,1,2,0,0,2,2
29,6229.049,-6915.992,1.207,85.619,0.077136,-0.996948,0.012031,0.995630,0.076385,-0.053721,0.052638,0.016122,0.998483,0,-0.24000,0.15362,-14.400,0.307,-1,375.000,-1,375.000,-1,300.000,300.000,325.000,325.000,850.000,350.000,325.000,-1,650.000,675.000,-1,-1,2,0,2,0,2,0,0,0,0,1,1,1,2,0,0,2,2
30,6227.684,-6935.143,0.176,85.921,0.071842,-0.997346,0.011847,0.996060,0.071120,-0.052979,0.051996,0.015606,0.998525,0,-0.32000,0.15130,-19.200,0.303,-1,375.000,-1,375.000,-1,300.000,300.000,325.000,325.000,800.000,325.000,300.000,-1,650.000,675.000,-1,-1,2,0,2,0,2,0,0,0,0,1,1,1,2,0,0,2,2
31,6226.101,-6959.091,-1.117,86.218,0.066649,-0.997709,0.011622,0.996464,0.065960,-0.052051,0.051165,0.015050,0.998577,0,-0.40000,0.14821,-24.000,0.296,-1,375.000,-1,375.000,-1,300.000,300.000,325.000,325.000,725.000,300.000,275.000,-1,650.000,675.000,-1,-1,2,0,2,0,2,0,0,0,0,1,1,1,2,0,0,2,2
32,6224.346,-6987.838,-2.672,86.506,0.061586,-0.998037,0.011355,0.996841,0.060933,-0.050937,0.050145,0.014456,0.998637,0,-0.48000,0.14434,-28.800,0.289,-1,375.000,-1,375.000,-1,300.000,300.000,325.000,325.000,675.000,275.000,250.000,-1,650.000,675.000,-1,-1,2,0,2,0,2,0,0,0,0,1,1,1,2,0,0,2,2
33,6222.462,-7021.385,-4.489,86.786,0.056680,-0.998331,0.011046,0.997192,0.056066,-0.049638,0.048936,0.013829,0.998706,0,-0.56000,0.13969,-33.600,0.279,-1,375.000,-1,375.000,-1,300.000,300.000,325.000,325.000,600.000,225.000,225.000,-1,650.000,675.000,-1,-1,2,0,2,0,2,0,0,0,0,1,1,1,2,0,0,2,2
34,6220.611,-7057.367,-6.442,87.054,0.051960,-0.998592,0.010715,0.997513,0.051387,-0.048247,0.047628,0.013195,0.998778,0,-0.60049,0.13427,-36.029,0.269,-1,375.000,-1,375.000,-1,300.000,300.000,300.000,325.000,550.000,200.000,200.000,-1,650.000,675.000,-1,-1,2,0,2,0,2,0,0,0,0,1,1,1,2,0,0,2,2
35,6218.907,-7093.641,-8.412,87.311,0.047444,-0.998820,0.010379,0.997800,0.046909,-0.046845,0.046302,0.012578,0.998848,0,-0.60522,0.12846,-36.313,0.257,-1,375.000,-1,375.000,-1,300.000,300.000,300.000,325.000,500.000,150.000,150.000,-1,675.000,675.000,-1,-1,2,0,2,0,2,0,0,0,0,1,1,1,2,0,0,2,2
36,6217.347,-7130.208,-10.400,87.556,0.043132,-0.999019,0.010037,0.998057,0.042634,-0.045432,0.044959,0.011977,0.998917,0,-0.61000,0.12260,-36.600,0.245,-1,375.000,-1,375.000,-1,300.000,300.000,300.000,300.000,450.000,125.000,125.000,-1,675.000,700.000,-1,-1,2,0,2,0,2,0,0,0,0,1,1,1,2,0,0,2,2
37,6215.925,-7167.069,-12.407,87.790,0.039027,-0.999191,0.009690,0.998287,0.038565,-0.044008,0.043598,0.011391,0.998984,0,-0.61481,0.11669,-36.889,0.233,-1,375.000,-1,375.000,-1,300.000,300.000,300.000,300.000,375.000,75.000,75.000,-1,675.000,700.000,-1,-1,2,0,2,0,2,0,0,0,0,1,1,1,2,0,0,2,2
38,6214.635,-7204.226,-14.426,88.011,0.035129,-0.999339,0.009319,0.998490,0.034702,-0.042586,0.042235,0.010801,0.999049,0,-0.61966,0.11074,-37.180,0.221,-1,375.000,-1,375.000,-1,300.000,300.000,300.000,300.000,325.000,50.000,50.000,-1,675.000,700.000,-1,-1,2,0,2,0,2,0,0,0,0,1,1,1,2,0,0,2,2
39,6213.472,-7241.682,-11.019,88.221,0.031152,-0.999509,0.003402,0.999158,0.031050,-0.026830,0.026711,0.004235,0.999634,0,-0.62454,0.10474,-37.473,0.209,-1,350.000,-1,375.000,-1,300.000,300.000,300.000,325.000,300.000,25.000,25.000,-1,625.000,650.000,-1,-1,2,0,2,0,2,0,0,0,0,1,1,1,2,0,0,2,2
40,6212.429,-7279.437,-1.153,88.418,0.027492,-0.999536,0.013141,0.999583,0.027604,0.008432,-0.008791,0.012904,0.999878,0,-0.62947,0.09869,-37.768,0.197,950.000,325.000,-1,325.000,-1,275.000,275.000,350.000,350.000,300.000,25.000,25.000,-1,550.000,550.000,800.000,850.000,0,0,2,0,2,0,0,0,0,1,1,1,2,0,0,0,0
41,-1640.389,4920.050,121.942,47.961,0.701117,-0.704323,0.111193,0.692297,0.635042,-0.342705,0.170763,0.317255,0.932839,1,0.00000,0.00000,-38.066,0.185,-1,1000.000,-1,425.000,0.000,400.000,350.000,-1,525.000,-1,0.000,0.000,750.000,-1,500.000,-1,0.000,2,0,2,1,1,1,1,2,1,2,1,1,1,2,1,2,1
42,985.989,332.288,162.105,64.115,0.435523,-0.899106,-0.043912,0.899758,0.436291,-0.009249,0.027474,-0.035482,0.998993,1,0.08000,-0.12000,4.800,-0.240,-1,425.000,-1,425.000,-1,350.000,350.000,300.000,300.000,-1,-1,-1,-1,850.000,900.000,-1,-1,2,0,2,0,2,0,0,0,0,2,2,2,2,0,0,2,2
43,990.253,340.889,162.386,63.635,0.443075,-0.895433,-0.043411,0.896077,0.443814,-0.008682,0.027041,-0.035053,0.999020,0,0.16000,-0.24000,9.600,-0.480,-1,425.000,-1,425.000,-1,350.000,350.000,300.000,300.000,-1,-1,-1,-1,850.000,875.000,-1,-1,2,0,2,0,2,0,0,0,0,2,2,2,2,0,0,2,2
44,996.809,353.710,162.810,62.915,0.454344,-0.889805,-0.042652,0.890436,0.455041,-0.007834,0.026379,-0.034420,0.999059,0,0.24000,-0.36000,14.400,-0.720,-1,425.000,-1,425.000,-1,350.000,350.000,300.000,300.000,-1,-1,-1,-1,850.000,875.000,-1,-1,2,0,2,0,2,0,0,0,0,2,2,2,2,0,0,2,2
45,1005.796,370.677,163.373,62.094,0.467115,-0.883216,-0.041630,0.883831,0.467757,-0.006716,0.025404,-0.033656,0.999111,0,0.32000,-0.41053,19.200,-0.821,-1,425.000,-1,425.000,-1,350.000,350.000,300.000,300.000,-1,-1,-1,-1,825.000,875.000,-1,-1,2,0,2,0,2,0,0,0,0,2,2,2,2,0,0,2,2
46,1017.331,391.723,164.066,61.273,0.479805,-0.876447,-0.040343,0.877045,0.480378,-0.005334,0.024055,-0.032823,0.999172,0,0.40000,-0.41051,24.000,-0.821,-1,425.000,-1,425.000,-1,350.000,350.000,300.000,300.000,-1,-1,-1,-1,825.000,850.000,-1,-1,2,0,2,0,2,0,0,0,0,2,2,2,2,0,0,2,2
47,1031.534,416.777,164.886,60.452,0.492409,-0.869499,-0.038790,0.870078,0.492901,-0.003688,0.022327,-0.031934,0.999241,0,0.48000,-0.41048,28.800,-0.821,-1,400.000,-1,425.000,-1,325.000,350.000,300.000,300.000,-1,-1,-1,-1,825.000,850.000,-1,-1,2,0,2,0,2,0,0,0,0,2,2,2,2,0,0,2,2
48,1048.521,445.767,165.824,59.631,0.504919,-0.862374,-0.036973,0.862930,0.505321,-0.001777,0.020216,-0.031008,0.999315,0,0.56000,-0.41039,33.600,-0.821,-1,400.000,-1,425.000,-1,325.000,325.000,300.000,275.000,-1,-1,-1,-1,825.000,825.000,-1,-1,2,0,2,0,2,0,0,0,0,2,2,2,2,0,0,2,2
49,1068.407,478.617,166.754,58.811,0.517305,-0.855064,-0.035529,0.855608,0.517624,0.000240,0.018185,-0.030523,0.999369,0,0.64000,-0.41020,38.400,-0.820,-1,400.000,-1,425.000,-1,325.000,325.000,300.000,275.000,-1,-1,-1,-1,800.000,800.000,-1,-1,2,0,2,0,2,0,0,0,0,2,2,2,2,0,0,2,2
50,1091.046,514.835,167.581,57.991,0.529547,-0.847565,-0.034851,0.848121,0.529798,0.002341,0.016480,-0.030797,0.999390,0,0.71186,-0.40981,42.711,-0.820,-1,400.000,-1,425.000,-1,325.000,325.000,300.000,275.000,-1,-1,-1,-1,800.000,800.000,-1,-1,2,0,2,0,2,0,0,0,0,2,2,2,2,0,0,2,2
51,1114.095,550.562,168.375,57.173,0.541659,-0.839904,-0.034170,0.840468,0.541842,0.004434,0.014791,-0.031121,0.999406,0,0.70862,-0.40913,42.517,-0.818,-1,400.000,-1,400.000,-1,325.000,325.000,300.000,275.000,-1,-1,-1,-1,800.000,775.000,-1,-1,2,0,2,0,2,0,0,0,0,2,2,2,2,0,0,2,2
52,1137.544,585.799,169.188,56.357,0.553627,-0.832094,-0.033405,0.832658,0.553752,0.006253,0.013295,-0.031277,0.999422,0,0.70544,-0.40819,42.327,-0.816,-1,400.000,-1,400.000,-1,325.000,325.000,300.000,275.000,-1,-1,-1,-1,775.000,775.000,-1,-1,2,0,2,0,2,0,0,0,0,2,2,2,2,0,0,2,2
53,1161.387,620.546,170.003,55.543,0.565445,-0.824142,-0.032594,0.824700,0.565516,0.007882,0.011937,-0.031337,0.999438,0,0.70235,-0.40700,42.141,-0.814,-1,400.000,-1,400.000,-1,325.000,325.000,300.000,275.000,-1,-1,-1,-1,775.000,750.000,-1,-1,2,0,2,0,2,0,0,0,0,2,2,2,2,0,0,2,2
54,1185.615,654.805,170.787,54.731,0.577105,-0.816051,-0.031794,0.816601,0.577124,0.009482,0.010612,-0.031435,0.999449,0,0.69933,-0.40556,41.960,-0.811,-1,400.000,-1,400.000,-1,325.000,325.000,300.000,300.000,-1,-1,-1,-1,750.000,750.000,-1,-1,2,0,2,0,2,0,0,0,0,2,2,2,2,0,0,2,2
55,1210.220,688.576,171.540,53.924,0.588599,-0.807831,-0.031007,0.808372,0.588569,0.011053,0.009321,-0.031571,0.999458,0,0.69640,-0.40387,41.784,-0.808,-1,400.000,-1,400.000,-1,325.000,325.000,300.000,300.000,-1,-1,-1,-1,750.000,750.000,-1,-1,2,0,2,0,2,0,0,0,0,2,2,2,2,0,0,2,2
56,1235.195,721.864,172.260,53.120,0.599919,-0.799489,-0.030235,0.800020,0.599841,0.012597,0.008065,-0.031745,0.999463,0,0.69358,-0.40194,41.615,-0.804,-1,400.000,-1,400.000,-1,325.000,325.000,300.000,300.000,-1,-1,-1,-1,725.000,725.000,-1,-1,2,0,2,0,2,0,0,0,0,2,2,2,2,0,0,2,2
57,1260.532,754.670,172.762,52.320,0.611042,-0.791052,-0.029398,0.791562,0.610948,0.013109,0.007591,-0.031281,0.999482,0,0.69085,-0.39978,41.451,-0.800,-1,400.000,-1,400.000,-1,325.000,325.000,300.000,300.000,-1,-1,-1,-1,725.000,725.000,-1,-1,2,0,2,0,2,0,0,0,0,2,2,2,2,0,0,2,2
58,1286.224,786.999,173.204,51.525,0.621967,-0.782514,-0.028774,0.783007,0.621872,0.013225,0.007545,-0.030756,0.999498,0,0.68824,-0.39739,41.295,-0.795,-1,400.000,-1,400.000,-1,325.000,325.000,300.000,300.000,-1,-1,-1,-1,725.000,725.000,-1,-1,2,0,2,0,2,0,0,0,0,2,2,2,2,0,0,2,2
59,1312.265,818.854,173.639,50.736,0.632699,-0.773880,-0.028322,0.774361,0.632604,0.013340,0.007593,-0.030372,0.999510,0,0.68574,-0.39477,41.145,-0.790,-1,400.000,-1,375.000,-1,325.000,325.000,300.000,300.000,-1,-1,-1,-1,700.000,700.000,-1,-1,2,0,2,0,2,0,0,0,0,2,2,2,2,0,0,2,2
60,1338.647,850.242,174.068,49.952,0.643231,-0.765159,-0.028042,0.765633,0.643137,0.013460,0.007735,-0.030128,0.999516,0,0.68337,-0.39194,41.002,-0.784,-1,400.000,-1,375.000,-1,325.000,325.000,300.000,300.000,-1,-1,-1,-1,700.000,700.000,-1,-1,2,0,2,0,2,0,0,0,0,2,2,2,2,0,0,2,2
61,1365.364,881.166,174.490,49.174,0.653559,-0.756360,-0.027931,0.756834,0.653466,0.013592,0.007972,-0.030023,0.999517,0,0.68111,-0.38889,40.867,-0.778,-1,400.000,-1,375.000,-1,325.000,325.000,300.000,300.000,-1,-1,-1,-1,700.000,700.000,-1,-1,2,0,2,0,2,0,0,0,0,2,2,2,2,0,0,2,2
62,1392.410,911.632,174.934,48.403,0.663674,-0.747493,-0.028128,0.747975,0.663585,0.013749,0.008388,-0.030163,0.999510,0,0.67899,-0.38563,40.739,-0.771,-1,400.000,-1,375.000,-1,325.000,325.000,300.000,300.000,-1,-1,-1,-1,675.000,700.000,-1,-1,2,0,2,0,2,0,0,0,0,2,2,2,2,0,0,2,2
63,1419.780,941.646,175.439,47.639,0.673572,-0.738565,-0.028684,0.739066,0.673488,0.013944,0.009020,-0.030592,0.999491,0,0.67699,-0.38216,40.619,-0.764,-1,400.000,-1,375.000,-1,325.000,325.000,300.000,300.000,-1,-1,-1,-1,675.000,700.000,-1,-1,2,0,2,0,2,0,0,0,0,2,2,2,2,0,1,2,2
64,1450.719,974.769,176.004,46.952,0.682354,-0.730430,-0.029415,0.730958,0.682275,0.014189,0.009705,-0.031183,0.999467,0,0.75542,-0.34321,45.325,-0.686,-1,375.000,-1,375.000,-1,325.000,300.000,300.000,300.000,-1,-1,-1,-1,650.000,700.000,-1,-1,2,0,2,0,2,0,0,0,0,2,2,2,2,0,1,2,2
65,1482.090,1007.555,176.560,46.263,0.691072,-0.722152,-0.030267,0.722710,0.691000,0.014468,0.010466,-0.031872,0.999437,0,0.75627,-0.34472,45.376,-0.689,-1,375.000,-1,375.000,-1,325.000,300.000,300.000,300.000,-1,-1,-1,-1,650.000,700.000,-1,-1,2,0,2,0,2,0,0,0,0,2,2,2,2,0,1,2,2
66,1513.890,1039.995,177.146,45.571,0.699728,-0.713735,-0.031029,0.714322,0.699661,0.014763,0.011173,-0.032495,0.999409,0,0.75712,-0.34616,45.427,-0.692,1000.000,375.000,-1,375.000,-1,300.000,300.000,300.000,300.000,-1,-1,-1,-1,650.000,700.000,-1,-1,0,0,2,0,2,0,0,0,0,2,2,2,2,0,1,2,2
67,1546.118,1072.083,177.778,44.875,0.708318,-0.705184,-0.031632,0.705795,0.708256,0.015064,0.011781,-0.032996,0.999386,0,0.75796,-0.34752,45.478,-0.695,975.000,375.000,-1,375.000,-1,300.000,300.000,300.000,300.000,-1,-1,-1,-1,625.000,700.000,-1,-1,0,0,2,0,2,0,0,0,0,2,2,2,2,0,1,2,2
68,1578.769,1103.811,178.404,44.178,0.716833,-0.696495,-0.032331,0.697133,0.716776,0.015396,0.012451,-0.033576,0.999359,0,0.75879,-0.34882,45.527,-0.698,950.000,375.000,-1,375.000,-1,300.000,300.000,300.000,300.000,-1,-1,-1,-1,625.000,700.000,-1,-1,0,0,2,0,2,0,0,0,0,2,2,2,2,0,1,2,2
69,1611.840,1135.169,179.224,43.478,0.725255,-0.687687,-0.033037,0.688341,0.725237,0.014725,0.013834,-0.033420,0.999346,0,0.75958,-0.35008,45.575,-0.700,925.000,375.000,-1,375.000,-1,300.000,300.000,300.000,300.000,-1,-1,-1,-1,625.000,700.000,-1,-1,0,0,2,0,2,0,0,0,0,2,2,2,2,0,1,2,2
70,1648.745,1169.457,180.293,42.896,0.732147,-0.680302,-0.033921,0.680961,0.732203,0.013098,0.015926,-0.032689,0.999339,0,0.83958,-0.29099,50.375,-0.582,950.000,375.000,-1,375.000,-1,300.000,300.000,300.000,300.000,-1,-1,-1,-1,625.000,700.000,-1,-1,0,0,2,0,2,0,0,0,0,2,2,2,2,0,1,2,2
71,1688.263,1205.429,181.443,42.310,0.738992,-0.672803,-0.035022,0.673465,0.739133,0.011258,0.018312,-0.031906,0.999323,0,0.89063,-0.29267,53.438,-0.585,950.000,350.000,-1,375.000,-1,300.000,300.000,300.000,300.000,-1,-1,-1,-1,625.000,675.000,-1,-1,0,0,2,1,2,0,0,0,0,2,2,2,2,0,1,2,2
72,1728.145,1240.988,182.888,41.721,0.745781,-0.665205,-0.036224,0.665840,0.746051,0.008125,0.021620,-0.030179,0.999311,0,0.89055,-0.29450,53.433,-0.589,-1,350.000,-1,375.000,-1,300.000,300.000,300.000,300.000,-1,-1,-1,-1,625.000,675.000,-1,-1,2,0,2,1,2,0,0,0,0,2,2,2,2,0,0,2,2
73,1768.383,1276.124,184.602,41.129,0.752521,-0.657494,-0.037594,0.658077,0.752938,0.004365,0.025436,-0.028024,0.999284,0,0.89032,-0.29632,53.419,-0.593,-1,375.000,-1,375.000,-1,300.000,300.000,300.000,300.000,-1,-1,-1,-1,650.000,675.000,-1,-1,2,0,2,1,2,0,0,0,0,2,2,2,2,0,0,2,2
74,1808.966,1310.824,186.325,40.532,0.759218,-0.649656,-0.039184,0.650183,0.759777,0.000939,0.029161,-0.026190,0.999232,0,0.88991,-0.29813,53.395,-0.596,-1,375.000,-1,375.000,-1,300.000,325.000,300.000,300.000,-1,700.000,650.000,-1,650.000,700.000,-1,-1,2,0,2,1,2,0,0,0,0,2,0,0,2,0,0,2,2
75,1849.882,1345.073,188.055,39.933,0.765868,-0.641690,-0.040985,0.642160,0.766567,-0.002145,0.032794,-0.024676,0.999157,0,0.88930,-0.29995,53.358,-0.600,-1,375.000,-1,375.000,-1,300.000,325.000,300.000,300.000,-1,550.000,525.000,-1,675.000,700.000,-1,-1,2,0,2,1,2,0,0,0,0,2,0,0,2,0,0,2,2
76,1891.117,1378.858,189.749,39.329,0.772480,-0.633599,-0.042732,0.634009,0.773310,-0.004893,0.036146,-0.023313,0.999075,0,0.88846,-0.30181,53.307,-0.604,-1,375.000,-1,375.000,-1,300.000,325.000,300.000,300.000,-1,500.000,475.000,-1,700.000,700.000,-1,-1,2,0,2,0,2,0,0,0,0,2,0,0,2,0,0,2,2
77,1932.655,1412.161,190.649,38.722,0.779240,-0.625420,-0.040442,0.625669,0.780050,-0.007738,0.036387,-0.019274,0.999152,0,0.88734,-0.30369,53.240,-0.607,-1,375.000,-1,375.000,-1,300.000,300.000,300.000,300.000,-1,525.000,475.000,-1,675.000,700.000,-1,-1,2,0,2,0,2,0,0,0,0,2,0,0,2,0,0,2,2
78,1974.480,1444.967,191.816,38.110,0.785893,-0.617093,-0.039594,0.617232,0.786717,-0.010076,0.037367,-0.016521,0.999165,0,0.88593,-0.30562,53.156,-0.611,-1,375.000,-1,375.000,-1,300.000,300.000,300.000,325.000,-1,525.000,475.000,-1,700.000,675.000,-1,-1,2,0,2,0,2,0,0,0,1,2,0,0,2,0,0,2,2
79,2016.572,1477.260,193.244,37.495,0.792441,-0.608625,-0.040146,0.608695,0.793315,-0.011869,0.039072,-0.015031,0.999123,0,0.88420,-0.30758,53.052,-0.615,-1,375.000,-1,375.000,-1,300.000,300.000,300.000,375.000,-1,500.000,475.000,-1,700.000,675.000,-1,-1,2,0,2,0,2,0,0,0,1,2,0,0,2,0,1,2,2
80,2058.910,1509.021,194.937,36.876,0.798882,-0.600020,-0.041999,0.600058,0.799849,-0.013095,0.041450,-0.014741,0.999032,0,0.88212,-0.30957,52.927,-0.619,-1,375.000,-1,375.000,-1,300.000,300.000,300.000,425.000,-1,475.000,450.000,-1,700.000,-1,-1,-1,2,0,2,0,2,0,0,0,1,2,0,0,2,0,2,2,2
81,2101.475,1540.233,197.264,36.253,0.805299,-0.591291,-0.043218,0.591288,0.806335,-0.014235,0.043265,-0.014091,0.998964,0,0.87970,-0.31157,52.782,-0.623,-1,375.000,-1,375.000,-1,300.000,300.000,275.000,475.000,-1,500.000,475.000,-1,725.000,-1,-1,-1,2,0,2,0,2,0,0,0,1,2,0,0,2,0,2,2,2
82,2144.242,1570.881,199.859,35.626,0.811606,-0.582427,-0.045546,0.582419,0.812753,-0.014818,0.045649,-0.014501,0.998852,0,0.87692,-0.31355,52.615,-0.627,-1,375.000,-1,375.000,-1,300.000,300.000,275.000,550.000,-1,500.000,475.000,-1,725.000,-1,-1,-1,2,0,2,0,2,0,0,0,1,2,0,0,2,0,2,2,2
83,2183.526,1598.141,202.365,34.759,0.820186,-0.570054,-0.048299,0.570065,0.821465,-0.014908,0.048174,-0.015306,0.998722,0,0.79692,-0.43355,47.815,-0.867,-1,375.000,-1,375.000,-1,300.000,300.000,275.000,600.000,-1,500.000,475.000,-1,750.000,-1,-1,-1,2,0,2,0,2,0,0,0,1,2,0,0,2,0,2,2,2
84,2219.333,1621.978,205.119,33.652,0.831011,-0.554084,-0.049117,0.554051,0.832338,-0.015520,0.049481,-0.014316,0.998672,0,0.71692,-0.55355,43.015,-1.107,-1,375.000,-1,375.000,-1,325.000,325.000,275.000,625.000,-1,525.000,525.000,-1,775.000,-1,-1,-1,2,0,2,0,2,0,0,0,1,2,0,0,2,0,2,2,2
85,2251.633,1642.400,207.567,32.304,0.843791,-0.534372,-0.049634,0.534294,0.845148,-0.015955,0.050474,-0.013057,0.998640,0,0.63692,-0.67355,38.215,-1.347,-1,400.000,-1,375.000,-1,325.000,325.000,275.000,625.000,-1,575.000,550.000,-1,800.000,-1,-1,-1,2,0,2,0,2,0,0,0,1,2,0,0,2,0,2,2,2
86,2280.360,1659.469,209.612,30.717,0.858281,-0.510770,-0.049670,0.510634,0.859643,-0.016345,0.051047,-0.011334,0.998632,0,0.55692,-0.79355,33.415,-1.587,-1,400.000,-1,375.000,-1,325.000,325.000,275.000,650.000,-1,625.000,600.000,-1,800.000,-1,-1,-1,2,0,2,0,2,0,0,0,1,2,0,0,2,0,2,2,2
87,2305.414,1673.293,211.204,28.890,0.874186,-0.483114,-0.048981,0.482901,0.875512,-0.016884,0.051041,-0.008893,0.998657,0,0.47692,-0.91355,28.615,-1.827,-1,400.000,-1,600.000,-1,325.000,325.000,275.000,650.000,-1,675.000,650.000,-1,800.000,-1,-1,-1,2,0,2,1,2,0,0,0,1,2,0,0,2,0,2,2,2
88,2326.654,1684.065,212.334,26.890,0.890610,-0.452275,-0.047553,0.451964,0.891860,-0.017715,0.050422,-0.005715,0.998712,0,0.39692,-1.00000,23.815,-2.000,-1,400.000,-1,825.000,-1,325.000,325.000,300.000,625.000,-1,725.000,700.000,-1,800.000,-1,-1,-1,2,0,2,1,2,0,0,0,1,2,0,0,2,0,2,2,2
89,2343.902,1692.068,213.055,24.890,0.905966,-0.420880,-0.045665,0.420464,0.907114,-0.018837,0.049351,-0.002135,0.998779,0,0.31692,-1.00000,19.015,-2.000,-1,400.000,-1,1000.000,-1,325.000,300.000,300.000,625.000,-1,800.000,750.000,-1,800.000,-1,-1,-1,2,0,2,1,2,0,0,0,1,2,0,0,2,0,2,2,2
90,2356.998,1697.597,213.383,22.890,0.920230,-0.388966,-0.043378,0.388440,0.921250,-0.020316,0.047864,0.001846,0.998852,0,0.23692,-1.00000,14.215,-2.000,-1,400.000,-1,-1,-1,325.000,300.000,300.000,600.000,-1,875.000,800.000,-1,800.000,-1,-1,-1,2,0,2,2,2,0,0,0,1,2,0,0,2,0,2,2,2
91,2365.793,1700.955,213.343,20.890,0.933377,-0.356572,-0.040800,0.355935,0.934248,-0.022176,0.046025,0.006177,0.998921,0,0.15692,-1.00000,9.415,-2.000,-1,375.000,-1,-1,-1,300.000,300.000,300.000,600.000,-1,950.000,875.000,-1,775.000,-1,-1,-1,2,0,2,2,2,0,0,0,1,2,0,0,2,0,2,2,2
92,2370.159,1702.450,212.971,18.890,0.945380,-0.323737,-0.038080,0.322996,0.946086,-0.024399,0.043926,0.010767,0.998977,0,0.07692,-1.00000,4.615,-2.000,-1,375.000,-1,-1,-1,300.000,300.000,300.000,550.000,-1,-1,975.000,-1,775.000,-1,-1,-1,2,0,2,2,2,0,1,0,1,2,2,0,2,0,2,2,2
93,2369.982,1702.397,212.307,16.890,0.956219,-0.290504,-0.035388,0.289669,0.956748,-0.026921,0.041678,0.015491,0.999011,0,-0.00308,-1.00000,-0.185,-2.000,-1,375.000,-1,-1,-1,300.000,300.000,300.000,500.000,-1,-1,-1,-1,750.000,-1,-1,-1,2,0,2,2,2,0,1,0,1,2,2,2,2,0,2,2,2
94,2365.164,1701.117,211.400,14.890,0.965874,-0.256915,-0.032905,0.255999,0.966223,-0.029634,0.039407,0.020199,0.999019,0,-0.08308,-1.00000,-4.985,-2.000,-1,375.000,-1,-1,-1,300.000,275.000,300.000,450.000,-1,-1,-1,-1,775.000,-1,-1,-1,2,0,2,2,2,0,0,0,1,2,2,2,2,1,2,2,2
95,2358.049,1699.491,210.428,12.890,0.974328,-0.223016,-0.030819,0.222031,0.974502,-0.032389,0.037257,0.024715,0.999000,0,-0.12164,-1.00000,-7.298,-2.000,-1,375.000,-1,-1,-1,300.000,275.000,300.000,400.000,-1,-1,-1,-1,800.000,-1,-1,-1,2,1,2,2,2,0,0,0,1,2,2,2,2,1,2,2,2
96,2351.302,1698.194,209.548,10.890,0.981573,-0.188849,-0.029182,0.187806,0.981579,-0.035103,0.035273,0.028975,0.998958,0,-0.11451,-1.00000,-6.871,-2.000,-1,350.000,-1,-1,-1,275.000,275.000,300.000,375.000,-1,-1,-1,-1,825.000,-1,-1,-1,2,0,2,2,2,0,0,0,1,2,2,2,2,1,2,2,2
97,2339.772,1696.392,208.527,8.890,0.987600,-0.154458,-0.028080,0.153364,0.987452,-0.037653,0.033544,0.032880,0.998896,0,-0.19451,-1.00000,-11.671,-2.000,-1,350.000,-1,-1,-1,275.000,275.000,300.000,350.000,-1,-1,-1,-1,850.000,-1,-1,-1,2,0,2,2,2,0,0,0,1,2,2,2,2,1,2,2,2
98,2323.420,1694.418,207.413,6.890,0.992403,-0.119888,-0.027632,0.118745,0.992125,-0.039855,0.032193,0.036271,0.998823,0,-0.27451,-1.00000,-16.471,-2.000,-1,350.000,-1,-1,-1,275.000,275.000,325.000,325.000,-1,-1,-1,-1,900.000,-1,-1,-1,2,0,2,2,2,0,0,0,1,2,2,2,2,1,2,2,2
99,2302.227,1692.606,206.252,4.890,0.995974,-0.085182,-0.027920,0.083986,0.995601,-0.041521,0.031334,0.039009,0.998747,0,-0.35451,-1.00000,-21.271,-2.000,-1,350.000,-1,-1,-1,275.000,275.000,325.000,300.000,-1,-1,-1,-1,950.000,-1,-1,-1,2,0,2,2,2,0,0,0,1,2,2,2,2,1,2,2,2
100,2279.384,1691.451,205.185,2.899,0.998307,-0.050528,-0.028825,0.049275,0.997875,-0.042633,0.030918,0.041140,0.998675,0,-0.38122,-0.99575,-22.873,-1.992,-1,350.000,-1,-1,-1,275.000,275.000,325.000,275.000,-1,-1,-1,-1,-1,-1,-1,-1,2,0,2,2,2,0,0,0,1,2,2,2,2,2,2,2,2
101,2256.922,1691.088,204.276,0.927,0.999414,-0.016169,-0.030180,0.014856,0.998954,-0.043249,0.030847,0.042776,0.998608,0,-0.37441,-0.98571,-22.465,-1.971,-1,350.000,-1,-1,-1,275.000,275.000,325.000,250.000,-1,-1,-1,-1,-1,-1,-1,-1,2,0,2,2,2,0,1,0,1,2,2,2,2,2,2,2,2
102,2234.829,1691.484,203.510,-1.024,0.999332,0.017859,-0.031893,-0.019236,0.998873,-0.043383,0.031083,0.043968,0.998549,0,-0.36830,-0.97580,-22.098,-1.952,-1,350.000,-1,-1,-1,275.000,300.000,325.000,250.000,-1,-1,-1,-1,-1,-1,-1,-1,2,0,2,2,2,0,1,0,0,2,2,2,2,2,2,2,2
103,2213.086,1692.607,202.870,-2.956,0.998097,0.051525,-0.033884,-0.052964,0.997668,-0.043055,0.031587,0.044768,0.998498,0,-0.36287,-0.96605,-21.772,-1.932,-1,350.000,-1,-1,-1,275.000,300.000,325.000,250.000,-1,-1,-1,-1,-1,-1,-1,-1,2,0,2,2,2,0,1,0,0,2,2,2,2,2,2,2,2
104,2191.677,1694.431,202.344,-4.869,0.995745,0.084797,-0.036076,-0.086297,0.995371,-0.042291,0.032323,0.045224,0.998454,0,-0.35812,-0.95646,-21.487,-1.913,-1,350.000,-1,-1,-1,300.000,325.000,325.000,250.000,-1,-1,-1,-1,-1,-1,-1,-1,2,0,2,2,2,0,1,0,0,2,2,2,2,2,2,2,2
105,2170.583,1696.933,201.915,-6.763,0.992313,0.117648,-0.038402,-0.119205,0.992018,-0.041123,0.033258,0.045384,0.998416,0,-0.35403,-0.94703,-21.242,-1.894,-1,375.000,-1,-1,-1,300.000,325.000,325.000,250.000,-1,900.000,900.000,-1,-1,-1,-1,-1,2,0,2,2,2,0,1,0,0,2,0,0,2,2,2,2,2
106,2149.788,1700.093,201.572,-8.639,0.987836,0.150052,-0.040801,-0.151658,0.987640,-0.039588,0.034357,0.045294,0.998383,0,-0.35058,-0.93775,-21.035,-1.875,-1,375.000,-1,-1,-1,300.000,325.000,325.000,250.000,-1,750.000,775.000,-1,-1,-1,-1,-1,2,0,2,2,2,0,1,0,0,2,0,0,2,2,2,2,2
107,2129.272,1703.894,201.300,-10.496,0.982351,0.181985,-0.043220,-0.183630,0.982271,-0.037726,0.035588,0.044997,0.998353,0,-0.34776,-0.92862,-20.865,-1.857,-1,375.000,-1,-1,-1,300.000,350.000,325.000,250.000,-1,650.000,675.000,-1,-1,-1,-1,-1,2,0,2,2,2,0,1,0,0,2,0,0,2,2,2,2,2
108,2109.019,1708.322,201.087,-12.335,0.975895,0.213423,-0.045611,-0.215096,0.975944,-0.035584,0.036919,0.044537,0.998325,0,-0.34554,-0.91965,-20.732,-1.839,-1,375.000,-1,-1,-1,300.000,350.000,325.000,275.000,-1,550.000,575.000,-1,-1,-1,-1,-1,2,0,2,2,2,0,1,0,0,2,0,0,2,2,2,2,2
109,2089.012,1713.369,200.921,-14.157,0.968503,0.244344,-0.047935,-0.246036,0.968692,-0.033208,0.038320,0.043955,0.998298,0,-0.34390,-0.91082,-20.634,-1.822,-1,375.000,-1,-1,-1,300.000,375.000,300.000,275.000,-1,450.000,500.000,-1,-1,-1,-1,-1,2,0,2,2,2,1,1,0,0,2,0,0,2,2,2,2,2
110,2069.236,1719.025,200.791,-15.961,0.960212,0.274730,-0.050159,-0.276427,0.960546,-0.030649,0.039760,0.043295,0.998271,0,-0.34284,-0.90213,-20.570,-1.804,-1,400.000,-1,-1,-1,325.000,375.000,300.000,275.000,-1,400.000,425.000,-1,-1,-1,-1,-1,2,0,2,2,2,1,1,0,0,2,0,0,2,2,2,2,2
111,2049.674,1725.285,200.380,-17.746,0.951104,0.304507,-0.051740,-0.306231,0.951506,-0.029310,0.040306,0.043721,0.998230,0,-0.34233,-0.89237,-20.540,-1.785,-1,400.000,-1,-1,-1,325.000,375.000,300.000,275.000,-1,350.000,375.000,-1,-1,-1,-1,-1,2,0,2,2,2,1,1,0,0,2,0,0,2,2,2,2,2
112,2030.313,1732.147,199.483,-19.512,0.941236,0.333647,-0.052475,-0.335450,0.941575,-0.030173,0.039342,0.046003,0.998166,0,-0.34235,-0.88287,-20.541,-1.766,-1,400.000,-1,700.000,1000.000,325.000,375.000,300.000,275.000,-1,325.000,350.000,-1,-1,-1,-1,-1,2,0,2,1,1,1,1,0,0,2,0,0,2,2,2,2,2
113,2015.622,1737.799,198.910,-21.038,0.932013,0.358575,-0.052693,-0.360411,0.932293,-0.030569,0.038164,0.047482,0.998143,0,-0.26235,-0.76287,-15.741,-1.526,-1,400.000,-1,650.000,1000.000,325.000,375.000,325.000,275.000,-1,300.000,325.000,-1,-1,-1,-1,-1,2,0,2,1,1,1,1,0,0,2,0,0,2,2,2,2,2
114,2005.501,1741.955,198.563,-22.323,0.923735,0.379386,-0.052726,-0.381235,0.923967,-0.030728,0.037060,0.048486,0.998136,0,-0.18235,-0.64287,-10.941,-1.286,-1,400.000,-1,600.000,975.000,350.000,375.000,325.000,275.000,-1,300.000,300.000,-1,-1,-1,-1,-1,2,0,2,1,1,1,1,0,0,2,0,0,2,2,2,2,2
115,1999.864,1744.391,198.472,-23.369,0.916677,0.396178,-0.052404,-0.398009,0.916872,-0.030563,0.035939,0.048874,0.998158,0,-0.10235,-0.52287,-6.141,-1.046,-1,400.000,-1,600.000,975.000,350.000,375.000,325.000,275.000,-1,300.000,300.000,-1,-1,-1,-1,-1,2,0,2,1,1,1,1,0,0,2,0,0,2,2,2,2,2
116,1998.641,1744.940,198.514,-24.175,0.911028,0.409028,-0.052199,-0.410844,0.911201,-0.030332,0.035158,0.049079,0.998176,0,-0.02235,-0.40287,-1.341,-0.806,-1,400.000,-1,575.000,975.000,350.000,375.000,325.000,275.000,-1,300.000,300.000,-1,-1,-1,-1,-1,2,0,2,1,1,1,1,0,0,2,0,0,2,2,2,2,2
117,2001.782,1743.492,198.635,-24.741,0.906938,0.418001,-0.052324,-0.419817,0.907108,-0.030126,0.034871,0.049289,0.998176,0,0.05765,-0.28287,3.459,-0.566,-1,400.000,-1,600.000,950.000,350.000,375.000,325.000,275.000,-1,300.000,300.000,-1,-1,-1,-1,-1,2,0,2,1,1,1,1,0,0,2,0,0,2,2,2,2,2
118,2009.264,1739.993,198.836,-25.066,0.904522,0.423147,-0.052784,-0.424980,0.904707,-0.029940,0.035085,0.049514,0.998157,0,0.13765,-0.16287,8.259,-0.326,-1,400.000,-1,625.000,950.000,350.000,375.000,325.000,275.000,-1,300.000,300.000,-1,-1,-1,-1,-1,2,1,2,1,1,1,1,0,0,2,0,0,2,2,2,2,2
119,2021.084,1734.443,199.116,-25.152,0.903844,0.424495,-0.053582,-0.426363,0.904062,-0.029783,0.035798,0.049765,0.998119,0,0.21765,-0.04287,13.059,-0.086,-1,400.000,-1,675.000,950.000,350.000,400.000,325.000,275.000,-1,275.000,300.000,-1,-1,-1,-1,-1,2,1,2,1,1,1,1,0,0,2,0,0,2,2,2,2,2
120,2037.270,1726.897,199.523,-24.998,0.904927,0.422056,-0.054546,-0.423965,0.905195,-0.029591,0.036886,0.049903,0.998073,0,0.29765,0.07713,17.859,0.154,-1,400.000,-1,825.000,925.000,350.000,400.000,325.000,275.000,-1,275.000,300.000,-1,-1,-1,-1,-1,2,1,2,1,1,1,1,0,0,2,0,0,2,2,2,2,2
121,2057.872,1717.462,200.409,-24.604,0.907818,0.415843,-0.054226,-0.417699,0.908133,-0.028663,0.037326,0.048671,0.998117,0,0.37765,0.19713,22.659,0.394,-1,400.000,-1,850.000,925.000,375.000,425.000,325.000,275.000,-1,300.000,325.000,-1,-1,-1,-1,-1,2,1,2,1,1,1,1,0,0,2,0,0,2,2,2,2,2
122,2082.962,1706.306,201.505,-23.969,0.912379,0.405795,-0.053808,-0.407588,0.912749,-0.027596,0.037914,0.047110,0.998170,0,0.45765,0.31713,27.459,0.634,-1,400.000,-1,850.000,925.000,375.000,425.000,325.000,275.000,-1,325.000,350.000,-1,-1,-1,-1,-1,2,1,2,1,1,1,1,0,0,2,0,0,2,2,2,2,2
123,2112.635,1693.653,202.162,-23.095,0.918547,0.391811,-0.052505,-0.393604,0.918809,-0.029415,0.036717,0.047685,0.998187,0,0.53765,0.43713,32.259,0.874,-1,400.000,-1,875.000,900.000,375.000,450.000,325.000,275.000,-1,375.000,400.000,-1,-1,-1,-1,-1,2,1,2,1,1,1,1,0,0,2,0,0,2,2,2,2,2
124,2147.000,1679.784,202.260,-21.981,0.926156,0.373810,-0.050007,-0.375663,0.926107,-0.034690,0.033344,0.050915,0.998146,0,0.61765,0.55713,37.059,1.114,-1,400.000,-1,900.000,875.000,375.000,450.000,325.000,275.000,-1,475.000,500.000,-1,-1,-1,-1,-1,2,1,2,1,1,1,1,0,0,2,0,0,2,2,2,2,2
125,2186.176,1665.041,202.276,-20.626,0.934930,0.351739,-0.046754,-0.353631,0.934475,-0.041250,0.029181,0.055099,0.998054,0,0.69765,0.67713,41.859,1.354,-1,375.000,-1,925.000,850.000,375.000,450.000,325.000,250.000,-1,625.000,625.000,-1,-1,-1,-1,-1,2,1,2,1,1,1,1,0,0,2,0,0,2,2,2,2,2
126,2230.285,1649.829,202.206,-19.032,0.944581,0.325506,-0.042568,-0.327386,0.943614,-0.049106,0.024183,0.060321,0.997886,0,0.77765,0.79713,46.659,1.594,-1,375.000,-1,950.000,850.000,350.000,450.000,325.000,250.000,-1,925.000,875.000,-1,-1,-1,-1,-1,2,1,2,1,1,1,1,0,0,2,0,0,2,2,2,2,2
127,2279.421,1634.548,202.073,-17.280,0.954339,0.296382,-0.037345,-0.298162,0.952742,-0.058157,0.018343,0.066637,0.997609,0,0.85765,0.87610,51.459,1.752,-1,350.000,-1,1000.000,875.000,350.000,450.000,325.000,225.000,-1,-1,-1,-1,-1,-1,-1,-1,2,1,2,1,1,1,1,0,0,2,2,2,2,2,2,2,2
128,2329.422,1620.630,201.913,-15.561,0.963031,0.267541,-0.031500,-0.269113,0.960741,-0.067485,0.012208,0.073467,0.997223,0,0.86505,0.85945,51.903,1.719,-1,-1,-1,-1,950.000,325.000,650.000,350.000,200.000,-1,-1,-1,-1,-1,-1,-1,-1,2,2,2,2,1,1,1,0,0,2,2,2,2,2,2,2,2
129,2379.752,1608.204,201.758,-13.875,0.970689,0.239025,-0.025113,-0.240267,0.967662,-0.076818,0.005940,0.080600,0.996729,0,0.86404,0.84304,51.842,1.686,-1,-1,-1,-1,-1,750.000,800.000,350.000,200.000,-1,-1,-1,-1,-1,-1,-1,-1,2,2,2,2,2,1,1,0,1,2,2,2,2,2,2,2,2
130,2430.255,1597.270,201.640,-12.223,0.977338,0.210895,-0.018264,-0.211685,0.973551,-0.085957,-0.000347,0.087875,0.996131,0,0.86125,0.82610,51.675,1.652,-1,975.000,-1,-1,-1,950.000,900.000,350.000,225.000,-1,-1,-1,-1,-1,-1,-1,-1,2,1,2,2,2,1,1,0,1,2,2,2,2,2,2,2,2
131,2480.769,1587.818,201.590,-10.606,0.983011,0.183214,-0.011051,-0.183430,0.978459,-0.094713,-0.006540,0.095131,0.995443,0,0.85653,0.80859,51.392,1.617,-1,925.000,-1,-1,-1,925.000,950.000,375.000,225.000,-1,-1,-1,-1,-1,-1,-1,-1,2,1,2,2,2,1,1,0,1,2,2,2,2,2,2,2,2
132,2531.123,1579.828,201.636,-9.025,0.987744,0.156040,-0.003592,-0.155578,0.982448,-0.102916,-0.012530,0.102213,0.994684,0,0.84975,0.79045,50.985,1.581,-1,900.000,-1,-1,-1,875.000,900.000,375.000,250.000,-1,-1,-1,-1,-1,-1,-1,-1,2,1,2,2,2,1,1,0,1,2,2,2,2,2,2,2,2
133,2581.140,1573.267,201.808,-7.481,0.991581,0.129429,0.003996,-0.128201,0.985581,-0.110432,-0.018232,0.108990,0.993876,0,0.84078,0.77167,50.447,1.543,-1,850.000,-1,1000.000,-1,850.000,850.000,400.000,275.000,-1,-1,-1,-1,-1,-1,-1,-1,2,1,2,1,2,1,1,0,1,2,2,2,2,2,2,2,2
134,2630.638,1568.075,199.519,-5.977,0.994390,0.103558,0.021530,-0.100687,0.989121,-0.107248,-0.032402,0.104479,0.993999,0,0.82951,0.75227,49.770,1.505,-1,800.000,-1,925.000,-1,800.000,800.000,375.000,325.000,-1,-1,-1,-1,1000.000,-1,-1,-1,2,1,2,1,2,1,1,0,1,2,2,2,2,1,2,2,2
135,1639.830,-6887.288,-135.447,127.848,-0.613564,-0.789638,-0.003366,0.789635,-0.613572,0.002476,-0.004020,-0.001139,0.999991,1,0.00000,0.00000,48.954,1.465,-1,375.000,-1,375.000,-1,325.000,325.000,300.000,300.000,-1,550.000,550.000,-1,725.000,700.000,-1,-1,2,0,2,0,2,0,0,0,0,2,0,0,2,0,0,2,2
136,1636.869,-6883.510,-135.468,128.088,-0.616867,-0.787061,-0.003221,0.787058,-0.616874,0.002373,-0.003855,-0.001071,0.999992,0,0.08000,0.12000,4.800,0.240,-1,375.000,-1,375.000,-1,325.000,325.000,300.000,300.000,-1,550.000,550.000,-1,725.000,700.000,-1,-1,2,0,2,0,2,0,0,0,0,2,0,0,2,0,0,2,2
137,1630.888,-6876.001,-135.509,128.537,-0.623018,-0.782202,-0.002930,0.782199,-0.623024,0.002178,-0.003529,-0.000935,0.999993,0,0.16000,0.22453,9.600,0.449,-1,375.000,-1,375.000,-1,325.000,325.000,300.000,300.000,-1,550.000,525.000,-1,725.000,700.000,-1,-1,2,0,2,0,2,0,0,0,0,2,0,0,2,0,0,2,2
138,1621.829,-6864.808,-135.561,128.986,-0.629126,-0.777299,-0.002495,0.777297,-0.629131,0.001927,-0.003068,-0.000726,0.999995,0,0.24000,0.22435,14.400,0.449,-1,375.000,-1,375.000,-1,325.000,325.000,300.000,300.000,-1,550.000,525.000,-1,725.000,700.000,-1,-1,2,0,2,0,2,0,0,0,0,2,0,0,2,0,0,2,2
