timestep,x_cm,y_cm,z_cm,yaw_deg,basis_xx,basis_xy,basis_xz,basis_yx,basis_yy,basis_yz,basis_zx,basis_zy,basis_zz,teleport_flag,throttle_cmd,steering_cmd,cmd_move_cm,cmd_turn_deg,lidar_cm_0,lidar_cm_1,lidar_cm_2,lidar_cm_3,lidar_cm_4,lidar_cm_5,lidar_cm_6,lidar_cm_7,lidar_cm_8,lidar_cm_9,lidar_cm_10,lidar_cm_11,lidar_cm_12,lidar_cm_13,lidar_cm_14,lidar_cm_15,lidar_cm_16,lidar_class_0,lidar_class_1,lidar_class_2,lidar_class_3,lidar_class_4,lidar_class_5,lidar_class_6,lidar_class_7,lidar_class_8,lidar_class_9,lidar_class_10,lidar_class_11,lidar_class_12,lidar_class_13,lidar_class_14,lidar_class_15,lidar_class_16
0,8199.150,-6887.287,-348.487,134.903,-0.705141,-0.708294,-0.033103,0.707891,-0.705892,0.024641,-0.040820,-0.006058,0.999148,1,0.00000,0.00000,4.800,-0.240,475.000,425.000,-1,400.000,-1,325.000,325.000,300.000,300.000,-1,-1,-1,-1,550.000,725.000,525.000,-1,1,0,2,0,2,0,0,0,0,2,2,2,2,1,0,1,2
1,8195.776,-6883.873,-348.658,134.663,-0.702159,-0.711243,-0.033240,0.710839,-0.702918,0.024780,-0.040990,-0.006229,0.999140,0,0.08000,-0.12000,4.800,-0.240,475.000,425.000,-1,400.000,-1,325.000,325.000,300.000,300.000,-1,-1,-1,-1,550.000,725.000,525.000,-1,1,0,2,0,2,0,0,0,0,2,2,2,2,1,0,1,2
2,8189.086,-6876.989,-348.999,134.183,-0.696159,-0.717106,-0.033508,0.716698,-0.696934,0.025057,-0.041322,-0.006571,0.999124,0,0.16000,-0.24000,9.600,-0.480,475.000,425.000,-1,400.000,-1,325.000,325.000,300.000,300.000,-1,-1,-1,-1,550.000,725.000,525.000,-1,1,0,2,0,2,0,0,0,0,2,2,2,2,1,0,1,2
3,8179.157,-6866.559,-349.522,133.591,-0.688687,-0.724266,-0.033900,0.723852,-0.689485,0.025472,-0.041822,-0.006996,0.999101,0,0.24000,-0.29600,14.400,-0.592,450.000,425.000,-1,400.000,-1,325.000,325.000,300.000,300.000,-1,-1,-1,-1,550.000,725.000,500.000,-1,1,0,2,0,2,0,0,0,0,2,2,2,2,1,0,1,2
4,8166.058,-6852.521,-350.324,133.016,-0.681353,-0.731143,-0.034472,0.730736,-0.682180,0.025596,-0.042230,-0.007750,0.999078,0,0.32000,-0.28743,19.200,-0.575,450.000,425.000,-1,400.000,-1,325.000,325.000,300.000,300.000,-1,-1,-1,-1,550.000,725.000,500.000,-1,1,1,2,0,2,0,0,0,0,2,2,2,2,1,0,1,2
5,8149.856,-6834.816,-351.381,132.462,-0.674211,-0.737699,-0.035212,0.737307,-0.675074,0.025557,-0.042624,-0.008731,0.999053,0,0.40000,-0.27699,24.000,-0.554,425.000,425.000,-1,400.000,-1,325.000,325.000,300.000,300.000,-1,-1,-1,-1,525.000,725.000,475.000,-1,1,1,2,0,2,0,0,0,0,2,2,2,2,1,0,1,2
6,8130.610,-6813.390,-352.662,131.933,-0.667321,-0.743895,-0.036096,0.743521,-0.668225,0.025519,-0.043103,-0.009809,0.999022,0,0.48000,-0.26459,28.800,-0.529,400.000,400.000,-1,400.000,-1,325.000,325.000,300.000,300.000,-1,-1,-1,-1,525.000,700.000,450.000,-1,1,1,2,0,2,0,0,0,0,2,2,2,2,1,0,1,2
7,8108.375,-6788.199,-354.126,131.432,-0.660734,-0.749690,-0.037349,0.749341,-0.661695,0.025459,-0.043800,-0.011166,0.998978,0,0.56000,-0.25013,33.600,-0.500,375.000,400.000,-1,400.000,-1,325.000,325.000,300.000,300.000,-1,-1,-1,-1,500.000,700.000,425.000,-1,1,1,2,0,2,0,0,0,0,2,2,2,2,1,0,1,2
8,8083.200,-6759.204,-355.816,130.965,-0.654525,-0.755045,-0.038794,0.754724,-0.655551,0.025374,-0.044590,-0.012671,0.998925,0,0.64000,-0.23350,38.400,-0.467,350.000,375.000,-1,375.000,-1,325.000,325.000,300.000,300.000,-1,-1,-1,-1,475.000,700.000,400.000,-1,1,1,2,0,2,0,0,0,0,2,2,2,2,1,0,1,2
9,8055.122,-6726.372,-357.740,130.536,-0.648763,-0.759916,-0.040430,0.759632,-0.649863,0.025250,-0.045462,-0.014330,0.998863,0,0.72000,-0.21456,43.200,-0.429,325.000,350.000,-1,375.000,-1,325.000,325.000,300.000,300.000,-1,-1,-1,-1,450.000,675.000,350.000,-1,1,1,2,0,2,0,0,0,0,2,2,2,2,1,0,1,2
10,8024.172,-6689.683,-359.906,130.150,-0.643522,-0.764260,-0.042259,0.764020,-0.644706,0.025068,-0.046403,-0.016155,0.998792,0,0.80000,-0.19320,48.000,-0.386,275.000,350.000,-1,375.000,-1,325.000,325.000,300.000,300.000,-1,-1,-1,-1,425.000,675.000,325.000,-1,1,1,2,0,2,0,0,0,0,2,2,2,2,1,0,1,2
11,7990.365,-6649.125,-362.323,129.811,-0.638880,-0.768031,-0.044288,0.767845,-0.640156,0.024806,-0.047403,-0.018158,0.998711,0,0.88000,-0.16931,52.800,-0.339,250.000,325.000,-1,375.000,-1,325.000,325.000,300.000,300.000,-1,-1,-1,-1,400.000,675.000,275.000,-1,1,1,2,0,2,1,0,1,0,2,2,2,2,1,0,1,2
12,7953.707,-6604.696,-364.333,129.526,-0.635046,-0.771194,-0.044455,0.771084,-0.636304,0.023401,-0.046334,-0.019418,0.998737,0,0.96000,-0.14282,57.600,-0.286,200.000,300.000,-1,375.000,-1,300.000,325.000,300.000,300.000,-1,-1,-1,-1,375.000,675.000,225.000,-1,1,1,2,0,2,1,0,1,0,2,2,2,2,1,0,1,2
13,7917.911,-6561.235,-363.236,129.480,-0.635185,-0.771819,-0.028915,0.771559,-0.635786,0.021750,-0.035171,-0.008494,0.999345,0,0.93843,-0.02282,56.306,-0.046,200.000,300.000,-1,400.000,-1,300.000,325.000,275.000,300.000,-1,-1,-1,-1,375.000,725.000,225.000,-1,1,1,2,0,2,1,0,1,0,2,2,2,2,1,1,1,2
14,7882.432,-6518.460,-362.044,129.674,-0.638297,-0.769682,-0.012886,0.769426,-0.638421,0.020065,-0.023670,0.002893,0.999716,0,0.92625,0.09718,55.575,0.194,200.000,300.000,-1,425.000,-1,300.000,350.000,275.000,275.000,-1,-1,-1,-1,400.000,775.000,225.000,-1,1,1,2,0,2,1,1,1,0,2,2,2,2,1,0,1,2
15,7844.253,-6472.894,-360.667,129.958,-0.642318,-0.766422,0.004922,0.766361,-0.642150,0.018254,-0.010829,0.015497,0.999821,0,0.99078,0.14188,59.447,0.284,175.000,300.000,-1,450.000,-1,300.000,350.000,275.000,275.000,-1,300.000,200.000,-1,425.000,825.000,200.000,-1,1,1,2,0,2,1,1,1,0,2,0,0,2,1,0,1,2
16,7806.039,-6427.790,-359.019,130.268,-0.646326,-0.762700,0.023469,0.763059,-0.646096,0.017371,0.001914,0.029136,0.999574,0,0.98528,0.15519,59.117,0.310,175.000,300.000,-1,450.000,-1,300.000,350.000,275.000,275.000,-1,275.000,150.000,-1,475.000,875.000,200.000,-1,1,1,2,1,2,1,1,1,0,2,0,0,2,1,0,1,2
17,7767.827,-6383.229,-357.629,130.605,-0.650213,-0.758455,0.044376,0.759581,-0.650196,0.016799,0.016112,0.044630,0.998874,0,0.97834,0.16841,58.701,0.337,175.000,325.000,-1,475.000,-1,325.000,375.000,275.000,250.000,-1,225.000,100.000,875.000,625.000,950.000,200.000,-1,1,1,2,1,2,1,1,1,0,2,0,0,0,1,0,1,2
18,7729.658,-6339.292,-356.142,130.968,-0.653931,-0.753687,0.065814,0.755933,-0.654443,0.016454,0.030670,0.060511,0.997696,0,0.97000,0.18160,58.200,0.363,175.000,350.000,-1,525.000,-1,350.000,400.000,275.000,250.000,-1,200.000,75.000,625.000,-1,-1,175.000,-1,1,1,2,1,2,1,1,1,0,2,0,0,0,2,2,1,2
19,7691.572,-6296.056,-354.593,131.358,-0.657460,-0.748390,0.087515,0.752120,-0.658822,0.016377,0.045401,0.076588,0.996029,0,0.96028,0.19480,57.617,0.390,150.000,400.000,-1,575.000,-1,400.000,450.000,275.000,250.000,-1,200.000,50.000,450.000,-1,-1,300.000,-1,1,1,2,0,2,1,1,1,0,2,0,0,0,2,2,1,2
20,7653.620,-6253.588,-354.835,131.774,-0.661758,-0.743072,0.099603,0.747754,-0.663782,0.016010,0.054218,0.085074,0.994898,0,0.94924,0.20808,56.955,0.416,150.000,475.000,-1,575.000,-1,450.000,500.000,250.000,250.000,-1,175.000,50.000,400.000,-1,-1,-1,-1,1,1,2,0,2,1,1,1,0,2,0,0,0,2,2,2,2
21,327.979,-4263.574,-136.869,-138.542,-0.749612,0.661069,0.032710,-0.661858,-0.748300,-0.044621,-0.005020,-0.055098,0.998468,1,0.00000,0.00000,56.216,0.443,-1,400.000,-1,400.000,-1,325.000,325.000,300.000,300.000,-1,-1,-1,-1,775.000,875.000,-1,-1,2,0,2,0,2,0,0,0,0,2,2,2,2,0,0,2,2
22,324.368,-4266.737,-136.914,-138.782,-0.752374,0.657927,0.032631,-0.658718,-0.751061,-0.044701,-0.004902,-0.055127,0.998467,0,0.08000,-0.12000,4.800,-0.240,-1,400.000,-1,400.000,-1,325.000,325.000,300.000,300.000,-1,-1,-1,-1,775.000,875.000,-1,-1,2,0,2,0,2,0,0,0,0,2,2,2,2,0,0,2,2
23,317.094,-4273.002,-136.973,-139.262,-0.757861,0.651614,0.032329,-0.652398,-0.756549,-0.044838,-0.004759,-0.055073,0.998471,0,0.16000,-0.24000,9.600,-0.480,-1,400.000,-1,400.000,-1,325.000,325.000,300.000,300.000,-1,-1,-1,-1,775.000,875.000,-1,-1,2,0,2,0,2,0,0,0,0,2,2,2,2,0,0,2,2
24,306.066,-4282.262,-137.017,-139.982,-0.765996,0.642064,0.031688,-0.642829,-0.764687,-0.045006,-0.004666,-0.054845,0.998484,0,0.24000,-0.36000,14.400,-0.720,-1,400.000,-1,400.000,-1,325.000,325.000,300.000,300.000,-1,-1,-1,-1,775.000,875.000,-1,-1,2,0,2,0,2,0,0,0,0,2,2,2,2,0,0,2,2
25,291.157,-4294.360,-137.063,-140.942,-0.776654,0.629172,0.030837,-0.629911,-0.775349,-0.045224,-0.004544,-0.054548,0.998501,0,0.32000,-0.48000,19.200,-0.960,-1,400.000,-1,425.000,-1,325.000,325.000,300.000,300.000,-1,-1,-1,-1,775.000,875.000,-1,-1,2,0,2,0,2,0,0,0,0,2,2,2,2,0,0,2,2
26,272.207,-4309.089,-137.103,-142.142,-0.789670,0.612809,0.029781,-0.613516,-0.788371,-0.045486,-0.004395,-0.054190,0.998521,0,0.40000,-0.60000,24.000,-1.200,-1,400.000,-1,425.000,-1,325.000,325.000,300.000,300.000,-1,-1,-1,-1,775.000,875.000,-1,-1,2,0,2,0,2,0,0,0,0,2,2,2,2,0,0,2,2
27,249.031,-4326.187,-137.123,-143.582,-0.804832,0.592816,0.028526,-0.593487,-0.803540,-0.045783,-0.004220,-0.053777,0.998544,0,0.48000,-0.72000,28.800,-1.440,-1,400.000,-1,425.000,-1,325.000,325.000,300.000,300.000,-1,-1,-1,-1,775.000,875.000,-1,-1,2,0,2,0,2,0,0,0,0,2,2,2,2,0,0,2,2
28,221.420,-4345.333,-137.110,-145.262,-0.821879,0.569018,0.027077,-0.569648,-0.820595,-0.046108,-0.004017,-0.053320,0.998569,0,0.56000,-0.84000,33.600,-1.680,-1,400.000,-1,425.000,-1,325.000,325.000,300.000,300.000,-1,-1,-1,-1,775.000,875.000,-1,-1,2,0,2,0,2,0,0,0,0,2,2,2,2,0,0,2,2
29,189.148,-4366.145,-137.070,-147.182,-0.840494,0.541222,0.025456,-0.541807,-0.839224,-0.046340,-0.003717,-0.052741,0.998601,0,0.64000,-0.96000,38.400,-1.920,-1,400.000,-1,425.000,-1,325.000,325.000,300.000,300.000,-1,-1,-1,-1,775.000,875.000,-1,-1,2,0,2,0,2,0,0,0,0,2,2,2,2,0,0,2,2
30,152.047,-4388.277,-137.140,-149.182,-0.858872,0.511637,0.023814,-0.512182,-0.857657,-0.045767,-0.002992,-0.051505,0.998668,0,0.72000,-1.00000,43.200,-2.000,-1,400.000,-1,425.000,-1,325.000,325.000,300.000,300.000,-1,-1,-1,-1,775.000,875.000,-1,-1,2,0,2,0,2,0,0,0,0,2,2,2,2,0,0,2,2
31,109.990,-4411.414,-137.161,-151.182,-0.876207,0.481426,0.022142,-0.481929,-0.875049,-0.045095,-0.002335,-0.050183,0.998737,0,0.80000,-1.00000,48.000,-2.000,-1,400.000,-1,425.000,-1,325.000,325.000,300.000,300.000,-1,-1,-1,-1,775.000,875.000,-1,-1,2,0,2,0,2,0,0,0,0,2,2,2,2,0,0,2,2
32,62.868,-4435.234,-137.205,-153.182,-0.892484,0.450631,0.020088,-0.451075,-0.891392,-0.044178,-0.002001,-0.048489,0.998822,0,0.88000,-1.00000,52.800,-2.000,-1,400.000,-1,425.000,-1,325.000,325.000,300.000,300.000,-1,-1,-1,-1,775.000,875.000,-1,-1,2,0,2,0,2,0,0,0,0,2,2,2,2,0,0,2,2
33,12.860,-4458.359,-137.498,-155.182,-0.907691,0.419304,0.016742,-0.419630,-0.906698,-0.042533,-0.002655,-0.045632,0.998955,0,0.91827,-1.00000,55.096,-2.000,-1,400.000,-1,425.000,-1,325.000,325.000,300.000,300.000,-1,-1,-1,-1,775.000,875.000,-1,-1,2,0,2,0,2,0,0,0,0,2,2,2,2,0,0,2,2
34,-38.047,-4479.776,-137.712,-157.182,-0.921789,0.387453,0.013598,-0.387677,-0.920892,-0.040800,-0.003286,-0.042880,0.999075,0,0.92046,-1.00000,55.228,-2.000,-1,400.000,-1,425.000,-1,325.000,325.000,300.000,300.000,-1,-1,-1,-1,750.000,875.000,-1,-1,2,0,2,0,2,0,0,0,0,2,2,2,2,0,0,2,2
35,-89.728,-4499.425,-137.959,-159.182,-0.934758,0.355111,0.011152,-0.355268,-0.933939,-0.039280,-0.003534,-0.040679,0.999166,0,0.92150,-1.00000,55.290,-2.000,-1,400.000,-1,400.000,-1,325.000,325.000,300.000,300.000,-1,-1,-1,-1,750.000,875.000,-1,-1,2,0,2,0,2,0,0,0,0,2,2,2,2,0,0,2,2
36,-142.063,-4517.260,-138.355,-161.182,-0.946585,0.322316,0.009483,-0.322437,-0.945808,-0.038483,-0.003434,-0.039485,0.999214,0,0.92150,-1.00000,55.290,-2.000,-1,400.000,-1,400.000,-1,325.000,325.000,300.000,300.000,-1,-1,-1,-1,750.000,875.000,-1,-1,2,0,2,0,2,0,0,0,0,2,2,2,2,0,0,2,2
37,-194.989,-4533.257,-138.713,-163.182,-0.957260,0.289122,0.007801,-0.289206,-0.956517,-0.037883,-0.003492,-0.038520,0.999252,0,0.92150,-1.00000,55.290,-2.000,-1,400.000,-1,400.000,-1,325.000,325.000,300.000,300.000,-1,-1,-1,-1,750.000,875.000,-1,-1,2,0,2,0,2,0,0,0,0,2,2,2,2,0,0,2,2
38,-248.441,-4547.397,-138.980,-165.182,-0.966770,0.255574,0.006182,-0.255624,-0.966060,-0.037206,-0.003536,-0.037550,0.999288,0,0.92150,-1.00000,55.290,-2.000,-1,400.000,-1,400.000,-1,325.000,325.000,300.000,300.000,-1,-1,-1,-1,750.000,900.000,-1,-1,2,0,2,0,2,0,0,0,0,2,2,2,2,0,0,2,2
39,-302.354,-4559.664,-139.161,-167.182,-0.975102,0.221711,0.004612,-0.221730,-0.974426,-0.036463,-0.003590,-0.036578,0.999324,0,0.92150,-1.00000,55.290,-2.000,-1,375.000,-1,400.000,-1,325.000,325.000,300.000,300.000,-1,-1,-1,-1,725.000,900.000,-1,-1,2,0,2,0,2,0,0,0,0,2,2,2,2,0,0,2,2
40,-356.662,-4570.041,-139.255,-169.182,-0.982246,0.187575,0.003049,-0.187563,-0.981603,-0.035707,-0.003705,-0.035645,0.999358,0,0.92150,-1.00000,55.290,-2.000,-1,375.000,-1,400.000,-1,325.000,325.000,300.000,300.000,-1,-1,-1,-1,725.000,925.000,-1,-1,2,0,2,0,2,0,0,0,0,2,2,2,2,0,0,2,2
41,-411.299,-4578.517,-139.263,-171.182,-0.988193,0.153208,0.001460,-0.153165,-0.987582,-0.034958,-0.003914,-0.034769,0.999388,0,0.92150,-1.00000,55.290,-2.000,-1,375.000,-1,425.000,-1,325.000,325.000,300.000,300.000,-1,-1,-1,-1,725.000,950.000,-1,-1,2,0,2,0,2,0,0,0,0,2,2,2,2,0,0,2,2
42,-466.199,-4585.080,-139.218,-173.182,-0.992936,0.118653,-0.000116,-0.118580,-0.992359,-0.034109,-0.004162,-0.033854,0.999418,0,0.92150,-1.00000,55.290,-2.000,-1,375.000,-1,425.000,-1,325.000,325.000,300.000,300.000,-1,-1,-1,-1,700.000,950.000,-1,-1,2,0,2,0,2,0,0,0,0,2,2,2,2,0,0,2,2
43,-521.294,-4589.724,-139.125,-175.182,-0.996469,0.083950,-0.001696,-0.083848,-0.995926,-0.033168,-0.004474,-0.032909,0.999448,0,0.92150,-1.00000,55.290,-2.000,-1,375.000,-1,425.000,-1,325.000,325.000,300.000,300.000,-1,-1,-1,-1,700.000,975.000,-1,-1,2,0,2,0,2,0,0,0,0,2,2,2,2,0,0,2,2
44,-576.517,-4592.442,-138.991,-177.182,-0.998786,0.049143,-0.003302,-0.049012,-0.998281,-0.032141,-0.004875,-0.031940,0.999478,0,0.92150,-1.00000,55.290,-2.000,-1,375.000,-1,425.000,-1,325.000,325.000,300.000,300.000,-1,-1,-1,-1,700.000,1000.000,-1,-1,2,0,2,0,2,0,0,0,0,2,2,2,2,0,0,2,2
45,-631.802,-4593.232,-138.819,-179.182,-0.999886,0.014274,-0.004952,-0.014114,-0.999419,-0.031028,-0.005392,-0.030955,0.999506,0,0.92150,-1.00000,55.290,-2.000,-1,375.000,-1,425.000,-1,325.000,325.000,300.000,300.000,-1,-1,-1,-1,675.000,-1,-1,-1,2,0,2,0,2,0,0,0,0,2,2,2,2,0,2,2,2
46,-687.081,-4592.090,-139.150,-181.182,-0.999770,-0.020615,-0.005878,0.020775,-0.999378,-0.028510,-0.005286,-0.028625,0.999576,0,0.92150,-1.00000,55.290,-2.000,-1,375.000,-1,425.000,-1,325.000,325.000,300.000,300.000,-1,-1,-1,-1,700.000,-1,-1,-1,2,0,2,0,2,0,0,0,0,2,2,2,2,0,2,2,2
47,-742.286,-4589.021,-139.762,-183.182,-0.998436,-0.055485,-0.006855,0.055641,-0.998134,-0.025138,-0.005448,-0.025480,0.999660,0,0.92150,-1.00000,55.290,-2.000,-1,375.000,-1,450.000,-1,325.000,350.000,300.000,300.000,-1,-1,-1,-1,700.000,-1,-1,-1,2,0,2,0,2,0,0,0,0,2,2,2,2,0,2,2,2
48,-797.351,-4584.026,-140.378,-185.182,-0.995883,-0.090292,-0.007961,0.090446,-0.995664,-0.021748,-0.005963,-0.022378,0.999732,0,0.92150,-1.00000,55.290,-2.000,-1,375.000,-1,450.000,-1,325.000,350.000,300.000,300.000,-1,-1,-1,-1,725.000,-1,-1,-1,2,0,2,0,2,0,0,0,0,2,2,2,2,0,2,2,2
49,-852.207,-4577.113,-141.017,-187.182,-0.992115,-0.124993,-0.009218,0.125145,-0.991969,-0.018342,-0.006851,-0.019351,0.999789,0,0.92150,-1.00000,55.290,-2.000,-1,400.000,-1,450.000,-1,325.000,350.000,300.000,300.000,-1,-1,-1,-1,750.000,-1,-1,-1,2,0,2,0,2,0,0,0,0,2,2,2,2,0,2,2,2
50,-906.789,-4568.290,-141.698,-189.182,-0.987133,-0.159545,-0.010645,0.159693,-0.987054,-0.014917,-0.008127,-0.016425,0.999832,0,0.92150,-1.00000,55.290,-2.000,-1,400.000,-1,450.000,-1,325.000,350.000,300.000,300.000,-1,-1,-1,-1,750.000,-1,-1,-1,2,0,2,0,2,0,0,0,0,2,2,2,2,0,2,2,2
51,-961.030,-4557.567,-142.450,-191.182,-0.980944,-0.193904,-0.012288,0.194043,-0.980926,-0.011420,-0.009839,-0.013586,0.999859,0,0.92150,-1.00000,55.290,-2.000,-1,400.000,-1,450.000,-1,325.000,350.000,300.000,300.000,-1,-1,-1,-1,775.000,-1,-1,-1,2,0,2,0,2,0,0,0,0,2,2,2,2,0,2,2,2
52,-1014.553,-4545.267,-143.273,-192.942,-0.974499,-0.223947,-0.014135,0.224071,-0.974541,-0.007853,-0.012017,-0.010820,0.999869,0,0.91530,-0.88000,54.918,-1.760,-1,400.000,-1,450.000,-1,325.000,350.000,300.000,275.000,-1,-1,-1,-1,775.000,-1,-1,-1,2,0,2,0,2,0,0,0,0,2,2,2,2,0,2,2,2
53,-1067.731,-4531.552,-144.170,-194.462,-0.968182,-0.249725,-0.016161,0.249822,-0.968282,-0.004252,-0.014587,-0.008154,0.999860,0,0.91530,-0.76000,54.918,-1.520,-1,400.000,-1,450.000,-1,325.000,350.000,300.000,275.000,-1,-1,-1,-1,800.000,-1,-1,-1,2,0,2,0,2,0,0,0,0,2,2,2,2,0,2,2,2
54,-1120.590,-4516.652,-145.150,-195.742,-0.962320,-0.271297,-0.018361,0.271354,-0.962479,-0.000612,-0.017506,-0.005571,0.999831,0,0.91530,-0.64000,54.918,-1.280,-1,400.000,-1,450.000,-1,325.000,350.000,300.000,275.000,-1,-1,-1,-1,800.000,-1,-1,-1,2,0,2,0,2,0,0,0,0,2,2,2,2,0,2,2,2
55,-1173.169,-4500.796,-146.221,-196.782,-0.957188,-0.288725,-0.020728,0.288725,-0.957407,0.003067,-0.020730,-0.003048,0.999780,0,0.91530,-0.52000,54.918,-1.040,-1,400.000,-1,450.000,-1,325.000,350.000,300.000,275.000,-1,-1,-1,-1,800.000,-1,-1,-1,2,0,2,0,2,0,0,0,0,2,2,2,2,0,2,2,2
56,-1225.522,-4484.207,-147.389,-197.582,-0.953003,-0.302066,-0.023251,0.301990,-0.953287,0.006777,-0.024212,-0.000563,0.999707,0,0.91530,-0.40000,54.918,-0.800,-1,400.000,-1,450.000,-1,325.000,350.000,300.000,275.000,-1,-1,-1,-1,800.000,-1,-1,-1,2,0,2,0,2,0,0,0,0,2,2,2,2,0,2,2,2
57,-1277.669,-4466.980,-148.760,-198.281,-0.949166,-0.313677,-0.026266,0.313514,-0.949529,0.010203,-0.028141,0.001449,0.999603,0,0.91530,-0.34962,54.918,-0.699,-1,400.000,-1,450.000,-1,325.000,350.000,275.000,275.000,-1,-1,-1,-1,775.000,-1,-1,-1,2,0,2,0,2,0,0,0,0,2,2,2,2,0,2,2,2
58,-1329.602,-4449.118,-150.302,-198.980,-0.945169,-0.325240,-0.029561,0.324976,-0.945626,0.013474,-0.032336,0.003129,0.999472,0,0.91530,-0.34962,54.918,-0.699,-1,400.000,-1,425.000,-1,325.000,350.000,275.000,300.000,-1,-1,-1,-1,775.000,1000.000,-1,-1,2,0,2,0,2,0,0,0,0,2,2,2,2,0,0,2,2
59,-1381.312,-4430.624,-152.043,-199.679,-0.941033,-0.336753,-0.032466,0.336362,-0.941579,0.017014,-0.036299,0.005090,0.999328,0,0.91530,-0.34962,54.918,-0.699,-1,400.000,-1,425.000,-1,325.000,350.000,275.000,300.000,-1,-1,-1,-1,750.000,975.000,-1,-1,2,0,2,0,2,0,0,0,0,2,2,2,2,0,0,2,2
60,-1432.794,-4411.499,-154.109,-200.379,-0.936790,-0.348213,-0.034227,0.347666,-0.937383,0.020996,-0.039395,0.007769,0.999194,0,0.91530,-0.34962,54.918,-0.699,-1,400.000,-1,425.000,-1,325.000,325.000,275.000,300.000,-1,-1,-1,-1,750.000,950.000,-1,-1,2,0,2,0,2,0,0,0,0,2,2,2,2,0,0,2,2
61,-1484.038,-4391.749,-156.167,-201.078,-0.932417,-0.359620,-0.035670,0.358931,-0.933046,0.024369,-0.042046,0.009919,0.999066,0,0.91530,-0.34962,54.918,-0.699,-1,400.000,-1,425.000,-1,325.000,325.000,275.000,300.000,-1,-1,-1,-1,750.000,925.000,-1,-1,2,0,2,0,2,0,0,0,0,2,2,2,2,0,0,2,2
62,-1535.037,-4371.374,-158.351,-201.777,-0.927908,-0.370971,-0.036982,0.370131,-0.928566,0.027705,-0.044618,0.012019,0.998932,0,0.91530,-0.34962,54.918,-0.699,-1,400.000,-1,425.000,-1,325.000,325.000,275.000,300.000,-1,-1,-1,-1,750.000,900.000,-1,-1,2,0,2,0,2,0,0,0,0,2,2,2,2,0,0,2,2
63,-1585.784,-4350.378,-160.687,-202.476,-0.923268,-0.382265,-0.038076,0.381265,-0.923944,0.031040,-0.047046,0.014141,0.998793,0,0.91530,-0.34962,54.918,-0.699,-1,400.000,-1,425.000,-1,325.000,325.000,275.000,300.000,-1,-1,-1,-1,725.000,900.000,-1,-1,2,0,2,0,2,0,0,0,0,2,2,2,2,0,0,2,2
64,-1636.270,-4328.765,-163.151,-203.176,-0.918494,-0.393500,-0.039060,0.392336,-0.919182,0.034301,-0.049401,0.016181,0.998648,0,0.91530,-0.34962,54.918,-0.699,-1,400.000,-1,425.000,-1,325.000,325.000,275.000,300.000,-1,-1,-1,-1,725.000,875.000,-1,-1,2,0,2,0,2,0,0,0,0,2,2,2,2,0,0,2,2
65,-1686.490,-4306.537,-165.749,-203.875,-0.913588,-0.404675,-0.039931,0.403343,-0.914281,0.037481,-0.051676,0.018137,0.998499,0,0.91530,-0.34962,54.918,-0.699,-1,400.000,-1,425.000,-1,325.000,325.000,275.000,300.000,-1,-1,-1,-1,725.000,850.000,-1,-1,2,0,2,0,2,0,0,0,0,2,2,2,2,0,0,2,2
66,-1736.434,-4283.698,-168.483,-204.574,-0.908551,-0.415788,-0.040686,0.414287,-0.909242,0.040571,-0.053863,0.020005,0.998348,0,0.91530,-0.34962,54.918,-0.699,-1,400.000,-1,425.000,-1,325.000,325.000,300.000,300.000,-1,-1,-1,-1,725.000,825.000,-1,-1,2,0,2,0,2,0,0,0,0,2,2,2,2,0,0,2,2
67,-1785.587,-4260.743,-171.316,-205.033,-0.905166,-0.423045,-0.041314,0.421376,-0.905843,0.043492,-0.055824,0.021959,0.998199,0,0.90415,-0.22962,54.249,-0.459,-1,375.000,-1,425.000,-1,325.000,325.000,300.000,300.000,-1,-1,-1,-1,725.000,800.000,-1,-1,2,0,2,0,2,0,0,0,0,2,2,2,2,0,0,2,2
68,-1834.652,-4237.600,-174.336,-205.253,-0.903528,-0.426489,-0.041757,0.424670,-0.904178,0.046013,-0.057380,0.023841,0.998068,0,0.90415,-0.10962,54.249,-0.219,-1,375.000,-1,425.000,-1,325.000,325.000,300.000,300.000,-1,-1,-1,-1,725.000,800.000,-1,-1,2,0,2,0,2,0,0,0,0,2,2,2,2,0,0,2,2
69,-1883.726,-4214.474,-177.540,-205.232,-0.903680,-0.426142,-0.042012,0.424192,-0.904291,0.048153,-0.058511,0.025694,0.997956,0,0.90415,0.01038,54.249,0.021,-1,375.000,-1,400.000,-1,325.000,325.000,300.000,300.000,-1,-1,-1,-1,725.000,775.000,-1,-1,2,0,2,0,2,0,0,0,0,2,2,2,2,0,0,2,2
70,-1932.904,-4191.573,-180.689,-204.971,-0.905651,-0.421990,-0.041474,0.419900,-0.906152,0.050721,-0.058986,0.028520,0.997851,0,0.90415,0.13038,54.249,0.261,-1,375.000,-1,400.000,-1,325.000,325.000,300.000,300.000,-1,-1,-1,-1,725.000,775.000,-1,-1,2,0,2,0,2,0,0,0,0,2,2,2,2,0,0,2,2
71,-1982.281,-4169.102,-183.911,-204.470,-0.909357,-0.414013,-0.040774,0.411781,-0.909715,0.053431,-0.059214,0.031798,0.997739,0,0.90415,0.25038,54.249,0.501,-1,375.000,-1,400.000,-1,325.000,325.000,300.000,300.000,-1,-1,-1,-1,700.000,750.000,-1,-1,2,0,2,0,2,0,0,0,0,2,2,2,2,0,0,2,2
72,-2031.944,-4147.272,-187.209,-203.730,-0.914693,-0.402168,-0.039967,0.399790,-0.914878,0.056280,-0.059199,0.035501,0.997615,0,0.90415,0.37038,54.249,0.741,-1,375.000,-1,400.000,-1,325.000,325.000,300.000,300.000,-1,-1,-1,-1,700.000,750.000,-1,-1,2,0,2,0,2,0,0,0,0,2,2,2,2,0,0,2,2
73,-2081.973,-4126.296,-190.381,-202.749,-0.921462,-0.386402,-0.040019,0.383871,-0.921514,0.058770,-0.059587,0.038793,0.997469,0,0.90415,0.49038,54.249,0.981,-1,375.000,-1,400.000,-1,325.000,325.000,300.000,300.000,-1,-1,-1,-1,700.000,750.000,-1,-1,2,0,2,0,2,0,0,0,0,2,2,2,2,0,0,2,2
74,-2132.438,-4106.390,-193.225,-201.528,-0.929519,-0.366647,-0.039540,0.364079,-0.929450,0.059741,-0.058654,0.041135,0.997430,0,0.90415,0.61038,54.249,1.221,-1,375.000,-1,400.000,-1,325.000,325.000,300.000,300.000,-1,-1,-1,-1,700.000,750.000,-1,-1,2,0,2,0,2,0,0,0,0,2,2,2,2,0,0,2,2
75,-2183.394,-4087.777,-195.998,-200.067,-0.938606,-0.342799,-0.038824,0.340224,-0.938399,0.060451,-0.057155,0.043531,0.997416,0,0.90415,0.73038,54.249,1.461,-1,375.000,-1,400.000,-1,325.000,325.000,300.000,300.000,-1,-1,-1,-1,700.000,725.000,-1,-1,2,0,2,0,2,0,0,0,0,2,2,2,2,0,0,2,2
76,-2234.879,-4070.684,-198.748,-198.367,-0.948413,-0.314759,-0.037942,0.312188,-0.948046,0.061219,-0.055240,0.046216,0.997403,0,0.90415,0.85038,54.249,1.701,-1,375.000,-1,400.000,-1,325.000,325.000,300.000,300.000,-1,-1,-1,-1,700.000,725.000,-1,-1,2,0,2,0,2,0,0,0,0,2,2,2,2,0,0,2,2
77,-2286.914,-4055.346,-201.461,-196.426,-0.958578,-0.282432,-0.036886,0.279881,-0.958026,0.062075,-0.052870,0.049180,0.997390,0,0.90415,0.97038,54.249,1.941,-1,375.000,-1,400.000,-1,325.000,325.000,300.000,300.000,-1,-1,-1,-1,700.000,725.000,-1,-1,2,0,2,0,2,0,0,0,0,2,2,2,2,0,0,2,2
78,-2339.453,-4041.833,-204.132,-194.426,-0.967901,-0.248787,-0.035665,0.246269,-0.967148,0.063060,-0.050182,0.052252,0.997372,0,0.90415,1.00000,54.249,2.000,-1,375.000,-1,400.000,-1,325.000,325.000,300.000,300.000,-1,-1,-1,-1,700.000,700.000,-1,-1,2,0,2,0,2,0,0,0,0,2,2,2,2,0,0,2,2
79,-2392.431,-4030.162,-206.756,-192.426,-0.976046,-0.214846,-0.034297,0.212377,-0.975077,0.064186,-0.047233,0.055364,0.997348,0,0.90415,1.00000,54.249,2.000,-1,375.000,-1,400.000,-1,325.000,325.000,300.000,300.000,-1,-1,-1,-1,700.000,700.000,-1,-1,2,0,2,0,2,0,0,0,0,2,2,2,2,0,0,2,2
80,-2445.784,-4020.348,-209.322,-190.426,-0.983000,-0.180653,-0.032803,0.178249,-0.981806,0.065461,-0.044031,0.058501,0.997316,0,0.90415,1.00000,54.249,2.000,-1,375.000,-1,400.000,-1,325.000,325.000,300.000,300.000,-1,-1,825.000,-1,700.000,700.000,-1,-1,2,0,2,0,2,0,0,0,0,2,2,0,2,0,0,2,2
81,-2499.447,-4012.402,-211.819,-188.426,-0.988755,-0.146251,-0.031202,0.143928,-0.987325,0.066890,-0.040589,0.061647,0.997272,0,0.90415,1.00000,54.249,2.000,-1,375.000,-1,400.000,-1,325.000,325.000,300.000,300.000,-1,-1,675.000,-1,700.000,700.000,-1,-1,2,0,2,0,2,0,0,0,0,2,2,0,2,0,0,2,2
82,-2553.355,-4006.333,-214.236,-186.426,-0.993306,-0.111682,-0.029516,0.109459,-0.991630,0.068474,-0.036916,0.064785,0.997216,0,0.90415,1.00000,54.249,2.000,-1,375.000,-1,375.000,-1,300.000,325.000,300.000,300.000,-1,850.000,600.000,-1,725.000,700.000,-1,-1,2,0,2,0,2,0,0,0,0,2,0,0,2,0,0,2,2
83,-2607.441,-4002.150,-216.519,-184.426,-0.996642,-0.076990,-0.027894,0.074870,-0.994705,0.070405,-0.033167,0.068080,0.997128,0,0.90415,1.00000,54.249,2.000,-1,375.000,-1,375.000,-1,300.000,300.000,300.000,300.000,-1,725.000,500.000,-1,725.000,700.000,-1,-1,2,0,2,0,2,0,0,0,0,2,0,0,2,0,0,2,2
84,-2661.641,-3999.856,-218.157,-182.426,-0.998747,-0.042222,-0.026849,0.040209,-0.996628,0.071528,-0.029779,0.070359,0.997077,0,0.90415,1.00000,54.249,2.000,-1,375.000,-1,375.000,-1,300.000,300.000,300.000,300.000,-1,675.000,475.000,-1,725.000,700.000,-1,-1,2,0,2,0,2,0,0,0,0,2,0,0,2,0,0,2,2
85,-2715.888,-3999.454,-219.259,-180.426,-0.999642,-0.007414,-0.025723,0.005567,-0.997452,0.071123,-0.026185,0.070954,0.997136,0,0.90415,1.00000,54.249,2.000,-1,375.000,-1,375.000,-1,325.000,300.000,300.000,300.000,-1,625.000,500.000,-1,725.000,700.000,-1,-1,2,0,2,0,2,0,0,0,0,2,0,0,2,0,0,2,2
86,-2770.115,-4000.946,-220.265,-178.426,-0.999322,0.027400,-0.024586,-0.029080,-0.997069,0.070769,-0.022575,0.071436,0.997190,0,0.90415,1.00000,54.249,2.000,-1,375.000,-1,375.000,-1,325.000,325.000,300.000,300.000,-1,600.000,500.000,-1,750.000,675.000,-1,-1,2,0,2,0,2,0,0,0,0,2,0,0,2,0,0,2,2
87,-2824.257,-4004.328,-221.175,-176.426,-0.997790,0.062179,-0.023413,-0.063689,-0.995478,0.070476,-0.018925,0.071812,0.997239,0,0.90415,1.00000,54.249,2.000,-1,400.000,-1,375.000,-1,325.000,325.000,300.000,300.000,-1,600.000,525.000,-1,750.000,675.000,-1,-1,2,0,2,0,2,0,0,0,0,2,0,0,2,0,0,2,2
88,-2877.678,-4009.317,-221.984,-174.666,-0.995442,0.092722,-0.022293,-0.094076,-0.993080,0.070291,-0.015621,0.072068,0.997277,0,0.89424,0.88000,53.655,1.760,-1,400.000,-1,375.000,-1,325.000,325.000,300.000,300.000,-1,600.000,525.000,-1,750.000,675.000,-1,-1,2,0,2,0,2,0,0,0,0,2,0,0,2,0,0,2,2
89,-2930.949,-4015.721,-222.711,-173.146,-0.992664,0.119031,-0.021231,-0.120244,-0.990260,0.070185,-0.012670,0.072223,0.997308,0,0.89424,0.76000,53.655,1.520,-1,400.000,-1,375.000,-1,325.000,325.000,300.000,300.000,-1,600.000,550.000,-1,775.000,675.000,-1,-1,2,0,2,0,2,0,0,0,0,2,0,0,2,0,0,2,2
90,-2984.063,-4023.313,-223.370,-171.866,-0.989785,0.141121,-0.020240,-0.142208,-0.987349,0.070133,-0.010087,0.072295,0.997332,0,0.89424,0.64000,53.655,1.280,-1,400.000,-1,375.000,-1,325.000,325.000,300.000,300.000,-1,600.000,575.000,-1,775.000,675.000,-1,-1,2,0,2,0,2,0,0,0,0,2,0,0,2,0,0,2,2
91,-3037.030,-4031.868,-223.970,-170.826,-0.987086,0.159018,-0.019329,-0.159995,-0.984625,0.070112,-0.007883,0.072299,0.997352,0,0.89424,0.52000,53.655,1.040,-1,400.000,-1,375.000,-1,325.000,325.000,300.000,300.000,-1,625.000,600.000,-1,800.000,675.000,-1,-1,2,0,2,0,2,0,0,0,0,2,0,0,2,0,0,2,2
92,-3089.873,-4041.161,-224.525,-170.026,-0.984792,0.172751,-0.018500,-0.173633,-0.982312,0.070101,-0.006063,0.072247,0.997368,0,0.89424,0.40000,53.655,0.800,-1,400.000,-1,375.000,-1,325.000,325.000,300.000,300.000,-1,650.000,625.000,-1,800.000,675.000,-1,-1,2,0,2,0,2,0,0,0,0,2,0,0,2,0,0,2,2
93,-3142.623,-4050.970,-225.047,-169.466,-0.983074,0.182345,-0.017752,-0.183149,-0.980584,0.070081,-0.004629,0.072146,0.997383,0,0.89424,0.28000,53.655,0.560,-1,400.000,-1,375.000,-1,325.000,325.000,300.000,300.000,-1,675.000,675.000,-1,825.000,675.000,-1,-1,2,0,2,0,2,0,0,0,0,2,0,0,2,0,0,2,2
94,-3195.318,-4061.074,-225.549,-169.146,-0.982055,0.187821,-0.017073,-0.188561,-0.979561,0.070029,-0.003571,0.071992,0.997399,0,0.89424,0.16000,53.655,0.320,-1,400.000,-1,375.000,-1,325.000,300.000,300.000,300.000,-1,700.000,700.000,-1,825.000,675.000,-1,-1,2,0,2,0,2,0,0,0,0,2,0,0,2,0,0,2,2
95,-3247.998,-4071.250,-225.844,-169.066,-0.981797,0.189202,-0.016670,-0.189907,-0.979367,0.069102,-0.003252,0.071010,0.997470,0,0.89424,0.04000,53.655,0.080,-1,400.000,-1,375.000,-1,325.000,300.000,300.000,300.000,-1,750.000,750.000,-1,825.000,675.000,-1,-1,2,0,2,0,2,0,0,0,0,2,0,0,2,0,0,2,2
96,-3300.707,-4081.278,-225.726,-169.226,-0.982331,0.186500,-0.015582,-0.187128,-0.980067,0.066715,-0.002829,0.068452,0.997650,0,0.89424,-0.08000,53.655,-0.160,-1,400.000,-1,375.000,-1,325.000,300.000,300.000,300.000,-1,775.000,800.000,-1,825.000,675.000,-1,-1,2,0,2,0,2,0,0,0,0,2,0,0,2,0,0,2,2
97,-3353.485,-4090.938,-225.612,-169.626,-0.983617,0.179681,-0.014538,-0.180249,-0.981500,0.064561,-0.002668,0.066123,0.997808,0,0.89424,-0.20000,53.655,-0.400,-1,400.000,-1,375.000,-1,325.000,300.000,300.000,300.000,-1,825.000,825.000,-1,825.000,675.000,-1,-1,2,0,2,0,2,0,0,0,0,2,0,0,2,0,0,2,2
98,-3406.368,-4100.009,-225.490,-170.266,-0.985572,0.168729,-0.013378,-0.169239,-0.983576,0.062735,-0.002573,0.064094,0.997941,0,0.89424,-0.32000,53.655,-0.640,-1,400.000,-1,375.000,-1,325.000,300.000,300.000,300.000,-1,850.000,875.000,-1,825.000,675.000,-1,-1,2,0,2,0,2,0,0,0,0,2,0,0,2,0,0,2,2
99,-3459.384,-4108.266,-225.445,-171.146,-0.988054,0.153623,-0.012244,-0.154086,-0.986181,0.060868,-0.002724,0.062028,0.998071,0,0.89424,-0.44000,53.655,-0.880,-1,400.000,-1,375.000,-1,325.000,300.000,300.000,300.000,-1,875.000,900.000,-1,825.000,675.000,-1,-1,2,0,2,0,2,0,0,0,0,2,0,0,2,0,0,2,2
100,-3512.551,-4115.485,-225.484,-172.266,-0.990874,0.134335,-0.011124,-0.134760,-0.989123,0.058952,-0.003084,0.059913,0.998199,0,0.89424,-0.56000,53.655,-1.120,-1,400.000,-1,375.000,-1,325.000,300.000,300.000,300.000,-1,850.000,925.000,-1,825.000,675.000,-1,-1,2,0,2,0,2,0,0,0,0,2,0,0,2,0,0,2,2
101,-3565.874,-4121.440,-225.608,-173.626,-0.993788,0.110835,-0.010000,-0.111227,-0.992160,0.056982,-0.003606,0.057741,0.998325,0,0.89424,-0.68000,53.655,-1.360,-1,400.000,-1,375.000,-1,325.000,300.000,300.000,300.000,-1,825.000,925.000,-1,825.000,675.000,-1,-1,2,0,2,0,2,0,0,0,0,2,0,0,2,0,0,2,2
102,-3619.344,-4125.904,-225.820,-175.226,-0.996502,0.083100,-0.008855,-0.083463,-0.994994,0.054955,-0.004244,0.055501,0.998450,0,0.89424,-0.80000,53.655,-1.600,-1,400.000,-1,375.000,-1,325.000,300.000,300.000,300.000,-1,775.000,900.000,-1,825.000,675.000,-1,-1,2,0,2,0,2,0,0,0,0,2,0,0,2,0,0,2,2
103,-3672.436,-4128.624,-226.115,-177.066,-0.998663,0.051116,-0.007679,-0.051451,-0.997274,0.052887,-0.004955,0.053212,0.998571,0,0.88603,-0.92000,53.162,-1.840,-1,400.000,-1,375.000,-1,325.000,300.000,300.000,300.000,-1,700.000,850.000,-1,800.000,650.000,-1,-1,2,0,2,0,2,0,0,0,0,2,0,0,2,0,0,2,2
104,-3725.592,-4129.489,-226.493,-179.066,-0.999847,0.016282,-0.006438,-0.016588,-0.998573,0.050767,-0.005602,0.050866,0.998690,0,0.88603,-1.00000,53.162,-2.000,-1,400.000,-1,375.000,-1,325.000,300.000,300.000,300.000,-1,650.000,800.000,-1,800.000,650.000,-1,-1,2,0,2,0,2,0,0,0,0,2,0,0,2,0,0,2,2
105,-3778.792,-4128.497,-226.945,-181.066,-0.999814,-0.018580,-0.005111,0.018310,-0.998650,0.048601,-0.006007,0.048498,0.998805,0,0.88681,-1.00000,53.208,-2.000,-1,400.000,-1,375.000,-1,325.000,300.000,300.000,300.000,-1,575.000,750.000,-1,775.000,650.000,-1,-1,2,0,2,0,2,0,0,0,0,2,0,0,2,0,0,2,2
106,-3832.226,-4125.634,-227.464,-183.066,-0.998565,-0.053427,-0.003674,0.053200,-0.997506,0.046380,-0.006143,0.046118,0.998917,0,0.89184,-1.00000,53.511,-2.000,-1,400.000,-1,375.000,-1,325.000,300.000,300.000,300.000,-1,500.000,675.000,-1,775.000,650.000,-1,-1,2,0,2,0,2,0,0,0,0,2,0,0,2,0,0,2,2
107,-3885.843,-4120.880,-228.039,-185.066,-0.996099,-0.088216,-0.002111,0.088038,-0.995140,0.044102,-0.005992,0.043744,0.999025,0,0.89712,-1.00000,53.827,-2.000,-1,400.000,-1,375.000,-1,325.000,300.000,325.000,300.000,-1,450.000,625.000,-1,775.000,650.000,-1,-1,2,0,2,0,2,0,0,0,0,2,0,0,2,0,0,2,2
108,-3939.590,-4114.217,-228.452,-187.066,-0.992419,-0.122900,-0.000191,0.122781,-0.991520,0.042578,-0.005423,0.042231,0.999093,0,0.90262,-1.00000,54.157,-2.000,-1,400.000,-1,375.000,-1,325.000,300.000,325.000,300.000,-1,400.000,550.000,-1,775.000,650.000,-1,-1,2,0,2,0,2,0,0,0,0,2,0,0,2,0,0,2,2
109,-3993.411,-4105.629,-228.563,-189.066,-0.987527,-0.157440,0.001618,0.157374,-0.986695,0.040832,-0.004832,0.040577,0.999165,0,0.90836,-1.00000,54.502,-2.000,-1,400.000,-1,375.000,-1,325.000,300.000,325.000,300.000,-1,375.000,500.000,-1,775.000,650.000,-1,-1,2,0,2,0,2,0,0,0,0,2,0,0,2,0,0,2,2
110,-4047.250,-4095.098,-228.595,-191.066,-0.981430,-0.191794,0.003256,0.191776,-0.980678,0.038646,-0.004220,0.038553,0.999248,0,0.91432,-1.00000,54.859,-2.000,-1,400.000,-1,375.000,-1,325.000,300.000,325.000,300.000,-1,375.000,475.000,-1,775.000,675.000,-1,-1,2,0,2,0,2,0,0,0,0,2,0,0,2,0,0,2,2
111,-4101.050,-4082.611,-228.655,-193.066,-0.974133,-0.225919,0.004993,0.225949,-0.973457,0.036444,-0.003373,0.036629,0.999323,0,0.92050,-1.00000,55.230,-2.000,-1,400.000,-1,375.000,1000.000,325.000,300.000,325.000,300.000,-1,375.000,475.000,-1,775.000,675.000,-1,1000.000,2,0,2,0,1,0,0,0,0,2,0,0,2,0,1,2,1
112,-4154.753,-4068.155,-228.781,-195.066,-0.965647,-0.259773,0.006600,0.259845,-0.965049,0.034072,-0.002482,0.034617,0.999398,0,0.92690,-1.00000,55.614,-2.000,-1,400.000,-1,375.000,975.000,325.000,300.000,325.000,300.000,-1,375.000,450.000,-1,800.000,675.000,-1,975.000,2,0,2,0,1,0,0,0,0,2,0,0,2,0,1,2,1
113,-4208.298,-4051.716,-228.949,-197.066,-0.955982,-0.293315,0.008093,0.293422,-0.955461,0.031594,-0.001535,0.032578,0.999468,0,0.93352,-1.00000,56.011,-2.000,-1,400.000,-1,375.000,975.000,325.000,300.000,325.000,300.000,-1,375.000,450.000,-1,825.000,675.000,-1,925.000,2,0,2,0,1,0,0,0,0,2,0,0,2,0,1,2,1
114,-4261.623,-4033.286,-229.128,-199.066,-0.945149,-0.326502,0.009541,0.326641,-0.944701,0.029099,-0.000487,0.030620,0.999531,0,0.94034,-1.00000,56.420,-2.000,-1,400.000,-1,375.000,950.000,325.000,300.000,325.000,300.000,-1,375.000,450.000,-1,825.000,675.000,-1,900.000,2,0,2,0,1,0,0,0,0,2,0,0,2,0,1,2,1
115,-4314.666,-4012.854,-229.303,-201.066,-0.933161,-0.359292,0.010933,0.359458,-0.932782,0.026612,0.000637,0.028763,0.999586,0,0.94736,-1.00000,56.842,-2.000,-1,400.000,-1,375.000,925.000,325.000,300.000,325.000,300.000,-1,350.000,450.000,-1,850.000,650.000,-1,850.000,2,0,2,0,1,0,0,0,0,2,0,0,2,0,1,2,1
116,-4367.362,-3990.414,-229.463,-203.066,-0.920034,-0.391646,0.012257,0.391833,-0.919719,0.024157,0.001812,0.027028,0.999633,0,0.95457,-1.00000,57.274,-2.000,-1,400.000,-1,375.000,900.000,325.000,300.000,325.000,300.000,-1,350.000,425.000,-1,875.000,625.000,-1,825.000,2,0,2,0,1,0,0,0,0,2,0,0,2,0,1,2,1
117,-4419.644,-3965.960,-229.592,-205.066,-0.905785,-0.423523,0.013509,0.423727,-0.905529,0.021746,0.003023,0.025421,0.999672,0,0.96197,-1.00000,57.718,-2.000,-1,400.000,-1,375.000,900.000,325.000,300.000,325.000,300.000,-1,350.000,400.000,-1,875.000,625.000,-1,775.000,2,0,2,1,1,0,0,0,0,2,0,0,2,1,1,2,1
118,-4473.073,-3938.659,-229.413,-207.066,-0.890433,-0.454880,0.014615,0.455097,-0.890221,0.019849,0.003982,0.024326,0.999696,0,1.00000,-1.00000,60.000,-2.000,-1,425.000,-1,375.000,925.000,325.000,325.000,325.000,300.000,-1,350.000,400.000,-1,850.000,600.000,-1,750.000,2,0,2,1,1,0,1,0,0,2,0,0,2,1,1,2,1
119,-4525.517,-3909.510,-229.295,-209.066,-0.874009,-0.485686,0.014774,0.485893,-0.873830,0.018118,0.004110,0.023014,0.999727,0,1.00000,-1.00000,60.000,-2.000,-1,425.000,-1,375.000,1000.000,325.000,325.000,325.000,300.000,-1,400.000,425.000,-1,825.000,575.000,-1,700.000,2,0,2,1,1,0,1,0,0,2,0,0,2,1,1,2,1
120,-4576.911,-3878.548,-229.439,-211.066,-0.856537,-0.515913,0.013376,0.516077,-0.856392,0.016036,0.003182,0.020638,0.999782,0,1.00000,-1.00000,60.000,-2.000,-1,425.000,-1,350.000,-1,350.000,300.000,300.000,300.000,-1,425.000,475.000,-1,775.000,550.000,950.000,650.000,2,0,2,1,2,0,1,0,0,2,0,0,2,1,1,1,1
121,-4627.193,-3845.811,-229.631,-213.066,-0.838021,-0.545514,0.011649,0.545634,-0.837907,0.013964,0.002144,0.018058,0.999835,0,1.00000,-1.00000,60.000,-2.000,950.000,425.000,925.000,350.000,-1,325.000,300.000,300.000,300.000,-1,475.000,525.000,-1,725.000,525.000,875.000,625.000,1,0,1,1,2,1,1,0,0,2,0,0,2,1,1,1,1
122,-4676.302,-3811.339,-229.868,-215.066,-0.818483,-0.574451,0.009559,0.574530,-0.818397,0.011904,0.000985,0.015236,0.999883,0,1.00000,-1.00000,60.000,-2.000,850.000,425.000,825.000,325.000,-1,325.000,275.000,300.000,325.000,-1,550.000,575.000,-1,675.000,475.000,800.000,575.000,1,1,1,1,2,1,1,0,0,2,0,0,2,1,1,1,1
123,-4724.179,-3775.175,-230.115,-217.066,-0.797946,-0.602687,0.007078,0.602729,-0.797883,0.010031,-0.000398,0.012270,0.999925,0,1.00000,-1.00000,60.000,-2.000,750.000,375.000,750.000,325.000,-1,300.000,275.000,300.000,325.000,-1,600.000,650.000,-1,600.000,450.000,725.000,525.000,1,1,1,1,2,1,1,0,0,2,0,0,2,1,1,1,1
124,-4770.764,-3737.362,-230.393,-219.066,-0.776432,-0.630186,0.004315,0.630198,-0.776389,0.008409,-0.001949,0.009248,0.999955,0,1.00000,-1.00000,60.000,-2.000,675.000,350.000,675.000,300.000,-1,275.000,250.000,300.000,325.000,-1,675.000,725.000,-1,525.000,425.000,650.000,475.000,1,1,1,1,2,1,1,0,0,2,0,0,2,1,1,1,1
125,-4816.001,-3697.946,-230.697,-221.066,-0.753965,-0.656913,0.001289,0.656904,-0.753941,0.007071,-0.003673,0.006178,0.999974,0,1.00000,-1.00000,60.000,-2.000,600.000,325.000,600.000,275.000,-1,250.000,250.000,300.000,325.000,-1,775.000,825.000,-1,450.000,400.000,550.000,450.000,1,1,1,1,2,1,1,0,0,2,0,0,2,1,1,1,1
126,-4860.006,-3657.160,-230.648,-222.826,-0.733421,-0.679771,-0.002054,0.679760,-0.733422,0.004208,-0.004368,0.001690,0.999989,0,1.00000,-0.88000,60.000,-1.760,525.000,275.000,525.000,250.000,-1,225.000,225.000,300.000,325.000,-1,850.000,900.000,-1,400.000,350.000,475.000,400.000,1,1,1,1,2,1,1,0,0,2,0,0,2,1,1,1,1
127,-4902.914,-3615.220,-228.416,-224.346,-0.715133,-0.698988,0.000991,0.698986,-0.715133,-0.001569,0.001806,-0.000429,0.999998,0,1.00000,-0.76000,60.000,-1.520,450.000,250.000,500.000,250.000,-1,225.000,200.000,300.000,325.000,-1,750.000,800.000,-1,375.000,350.000,425.000,400.000,1,1,1,1,2,1,1,0,0,2,0,0,2,1,1,1,1
128,-4944.875,-3572.333,-224.086,-225.626,-0.699234,-0.714785,0.012407,0.714742,-0.699338,-0.008397,0.014678,0.002996,0.999888,0,1.00000,-0.64000,60.000,-1.280,425.000,250.000,475.000,250.000,-1,200.000,200.000,325.000,350.000,-1,450.000,550.000,-1,350.000,325.000,375.000,-1,1,1,1,1,2,1,1,0,0,2,0,0,2,1,1,1,2
129,-4986.051,-3528.691,-219.215,-226.666,-0.685803,-0.727355,0.025080,0.727116,-0.686243,-0.019295,0.031245,0.005003,0.999499,0,1.00000,-0.52000,60.000,-1.040,400.000,250.000,450.000,250.000,-1,200.000,200.000,375.000,350.000,-1,250.000,325.000,-1,325.000,325.000,350.000,-1,1,1,1,1,2,1,1,0,0,2,0,0,2,1,1,1,2
130,-5026.614,-3484.477,-213.492,-227.466,-0.674929,-0.736859,0.038842,0.736157,-0.676015,-0.032812,0.050436,0.006448,0.998707,0,1.00000,-0.40000,60.000,-0.800,375.000,250.000,-1,250.000,-1,200.000,200.000,400.000,375.000,-1,150.000,200.000,-1,325.000,-1,350.000,-1,1,1,2,1,2,1,1,0,0,2,0,0,2,1,2,1,2
131,5575.552,-4263.922,-326.858,-158.987,-0.937092,0.349068,-0.003325,-0.337626,-0.908714,-0.245455,-0.088701,-0.228891,0.969402,1,0.00000,0.00000,60.000,-0.560,100.000,250.000,850.000,400.000,-1,225.000,300.000,200.000,275.000,-1,-1,-1,200.000,325.000,650.000,100.000,-1,0,0,0,0,2,0,0,0,1,2,2,2,1,0,0,0,2
132,7543.215,-8855.079,-277.612,96.831,-0.121596,-0.991981,0.034462,0.990216,-0.118839,0.073147,-0.068466,0.043019,0.996726,1,0.00000,0.00000,4.800,-0.240,-1,400.000,-1,325.000,800.000,300.000,300.000,400.000,275.000,325.000,-1,-1,-1,825.000,600.000,-1,-1,2,0,2,0,0,0,0,1,0,1,2,2,2,0,0,2,2
133,7542.629,-8850.315,-277.918,97.017,-0.124754,-0.991619,0.033581,0.989841,-0.122061,0.072905,-0.068195,0.042335,0.996773,0,0.08000,0.09299,4.800,0.186,-1,400.000,-1,350.000,800.000,300.000,300.000,400.000,275.000,325.000,-1,-1,-1,825.000,600.000,-1,-1,2,0,2,0,0,0,0,1,0,1,2,2,2,0,0,2,2
134,7541.426,-8840.791,-278.497,97.201,-0.127817,-0.991279,0.032072,0.989481,-0.125243,0.072399,-0.067750,0.040988,0.996860,0,0.16000,0.09173,9.600,0.183,-1,400.000,-1,350.000,825.000,300.000,300.000,400.000,275.000,325.000,-1,-1,-1,825.000,600.000,-1,-1,2,0,2,0,0,0,0,1,0,1,2,2,2,0,0,2,2
