timestep,x_cm,y_cm,z_cm,yaw_deg,basis_xx,basis_xy,basis_xz,basis_yx,basis_yy,basis_yz,basis_zx,basis_zy,basis_zz,teleport_flag,throttle_cmd,steering_cmd,cmd_move_cm,cmd_turn_deg,lidar_cm_0,lidar_cm_1,lidar_cm_2,lidar_cm_3,lidar_cm_4,lidar_cm_5,lidar_cm_6,lidar_cm_7,lidar_cm_8,lidar_cm_9,lidar_cm_10,lidar_cm_11,lidar_cm_12,lidar_cm_13,lidar_cm_14,lidar_cm_15,lidar_cm_16,lidar_class_0,lidar_class_1,lidar_class_2,lidar_class_3,lidar_class_4,lidar_class_5,lidar_class_6,lidar_class_7,lidar_class_8,lidar_class_9,lidar_class_10,lidar_class_11,lidar_class_12,lidar_class_13,lidar_class_14,lidar_class_15,lidar_class_16
0,-1638.235,988.426,181.679,70.584,0.332387,-0.943081,0.010792,0.943137,0.332404,-0.000251,-0.003350,0.010262,0.999942,1,0.08000,-0.12000,4.800,-0.240,-1,400.000,-1,375.000,-1,325.000,325.000,300.000,300.000,-1,-1,-1,-1,775.000,700.000,-1,-1,2,0,2,0,2,0,0,0,0,2,2,2,2,0,0,2,2
1,-1634.968,997.453,181.658,70.104,0.340276,-0.940266,0.010627,0.940319,0.340294,-0.000173,-0.003454,0.010051,0.999944,0,0.16000,-0.24000,9.600,-0.480,-1,400.000,-1,375.000,-1,325.000,325.000,300.000,300.000,-1,-1,-1,-1,775.000,700.000,-1,-1,2,0,2,0,2,0,0,0,0,2,2,2,2,0,0,2,2
2,-1629.898,1010.930,181.627,69.384,0.352065,-0.935918,0.010380,0.935969,0.352083,-0.000057,-0.003601,0.009736,0.999946,0,0.24000,-0.36000,14.400,-0.720,-1,400.000,-1,375.000,-1,325.000,325.000,300.000,300.000,-1,-1,-1,-1,775.000,700.000,-1,-1,2,0,2,0,2,0,0,0,0,2,2,2,2,0,0,2,2
3,-1622.838,1028.785,181.585,68.424,0.367697,-0.929892,0.010053,0.929938,0.367716,0.000093,-0.003784,0.009315,0.999949,0,0.32000,-0.48000,19.200,-0.960,-1,400.000,-1,375.000,-1,325.000,325.000,300.000,300.000,-1,-1,-1,-1,775.000,700.000,-1,-1,2,0,2,0,2,0,0,0,0,2,2,2,2,0,0,2,2
4,-1613.547,1050.914,181.533,67.224,0.387091,-0.921991,0.009648,0.922033,0.387111,0.000276,-0.003989,0.008789,0.999953,0,0.40000,-0.60000,24.000,-1.200,-1,400.000,-1,375.000,-1,325.000,325.000,300.000,300.000,-1,-1,-1,-1,775.000,700.000,-1,-1,2,0,2,0,2,0,0,0,0,2,2,2,2,0,0,2,2
5,-1601.733,1077.179,181.473,65.784,0.410140,-0.911977,0.009167,0.912013,0.410161,0.000486,-0.004203,0.008161,0.999958,0,0.48000,-0.72000,28.800,-1.440,-1,400.000,-1,375.000,-1,325.000,325.000,300.000,300.000,-1,-1,-1,-1,750.000,700.000,-1,-1,2,0,2,0,2,0,0,0,0,2,2,2,2,0,0,2,2
6,-1587.059,1107.406,181.407,64.104,0.436702,-0.899565,0.008612,0.899595,0.436724,0.000722,-0.004410,0.007432,0.999963,0,0.56000,-0.84000,33.600,-1.680,-1,400.000,-1,375.000,-1,325.000,300.000,300.000,300.000,-1,-1,-1,-1,750.000,700.000,-1,-1,2,0,2,0,2,0,0,0,0,2,2,2,2,0,0,2,2
7,-1569.140,1141.369,181.335,62.184,0.466599,-0.884433,0.007982,0.884457,0.466620,0.000977,-0.004589,0.006604,0.999968,0,0.64000,-0.96000,38.400,-1.920,-1,400.000,-1,375.000,-1,325.000,300.000,300.000,300.000,-1,-1,-1,-1,750.000,700.000,-1,-1,2,0,2,0,2,0,0,0,0,2,2,2,2,0,0,2,2
8,-1547.661,1178.850,181.210,60.184,0.497189,-0.867615,0.006815,0.867632,0.497206,0.000876,-0.004149,0.005477,0.999976,0,0.72000,-1.00000,43.200,-2.000,-1,400.000,-1,375.000,-1,325.000,300.000,300.000,300.000,-1,-1,-1,-1,750.000,700.000,-1,-1,2,0,2,0,2,0,0,0,0,2,2,2,2,0,0,2,2
9,-1522.843,1218.853,181.151,58.184,0.527174,-0.849739,0.005648,0.849750,0.527185,0.000507,-0.003409,0.004533,0.999984,0,0.78459,-1.00000,47.076,-2.000,-1,375.000,-1,375.000,-1,325.000,300.000,300.000,300.000,-1,-1,-1,-1,725.000,700.000,-1,-1,2,0,2,0,2,0,0,0,0,2,2,2,2,0,0,2,2
10,-1496.632,1257.982,181.134,56.184,0.556515,-0.830825,0.004500,0.830834,0.556521,0.000060,-0.002554,0.003705,0.999990,0,0.78494,-1.00000,47.097,-2.000,-1,375.000,-1,375.000,-1,325.000,300.000,300.000,300.000,-1,-1,-1,-1,725.000,700.000,-1,-1,2,0,2,0,2,0,0,0,0,2,2,2,2,0,0,2,2
11,-1469.060,1296.190,181.143,54.184,0.585177,-0.810899,0.003339,0.810904,0.585179,-0.000375,-0.001649,0.002927,0.999994,0,0.78529,-1.00000,47.118,-2.000,-1,375.000,-1,375.000,-1,325.000,300.000,300.000,300.000,-1,900.000,-1,-1,725.000,725.000,-1,-1,2,0,2,0,2,0,0,0,0,2,0,2,2,0,0,2,2
12,-1440.158,1333.429,181.178,52.184,0.613124,-0.789984,0.002167,0.789987,0.613124,-0.000791,-0.000704,0.002197,0.999997,0,0.78564,-1.00000,47.139,-2.000,-1,375.000,-1,375.000,-1,325.000,300.000,300.000,300.000,-1,850.000,-1,-1,725.000,725.000,-1,-1,2,0,2,0,2,0,0,0,0,2,0,2,2,0,0,2,2
13,-1409.961,1369.652,181.240,50.184,0.640322,-0.768106,0.000988,0.768107,0.640321,-0.001184,0.000276,0.001517,0.999999,0,0.78599,-1.00000,47.160,-2.000,-1,375.000,-1,375.000,-1,325.000,300.000,300.000,325.000,-1,775.000,900.000,-1,725.000,725.000,-1,-1,2,0,2,0,2,0,0,0,0,2,0,0,2,0,0,2,2
14,-1378.504,1404.816,181.288,48.184,0.666739,-0.745292,-0.000130,0.745290,0.666738,-0.001708,0.001360,0.001042,0.999999,0,0.78634,-1.00000,47.181,-2.000,-1,375.000,-1,375.000,-1,325.000,325.000,325.000,325.000,-1,725.000,825.000,-1,725.000,725.000,-1,-1,2,0,2,0,2,0,0,0,0,2,0,0,2,0,0,2,2
15,-1345.824,1438.875,181.287,46.184,0.692342,-0.721569,-0.001004,0.721566,0.692342,-0.002358,0.002396,0.000908,0.999997,0,0.78669,-1.00000,47.201,-2.000,-1,375.000,-1,375.000,-1,325.000,325.000,325.000,325.000,-1,675.000,775.000,-1,725.000,725.000,-1,-1,2,0,2,0,2,0,0,0,0,2,0,0,2,0,0,2,2
16,-1311.961,1471.787,181.316,44.184,0.717101,-0.696967,-0.001888,0.696961,0.717103,-0.002984,0.003434,0.000824,0.999994,0,0.78704,-1.00000,47.222,-2.000,-1,375.000,-1,375.000,-1,325.000,325.000,325.000,325.000,-1,625.000,725.000,-1,725.000,725.000,-1,-1,2,0,2,0,2,0,0,0,0,2,0,0,2,0,0,2,2
17,-1276.954,1503.511,181.374,42.184,0.740985,-0.671516,-0.002777,0.671507,0.740990,-0.003585,0.004465,0.000791,0.999990,0,0.78738,-1.00000,47.243,-2.000,-1,375.000,-1,400.000,-1,325.000,325.000,325.000,325.000,-1,600.000,675.000,-1,750.000,750.000,-1,-1,2,0,2,0,2,0,0,0,0,2,0,0,2,0,0,2,2
18,-1240.846,1534.008,181.462,40.184,0.763965,-0.645247,-0.003665,0.645234,0.763974,-0.004156,0.005482,0.000810,0.999985,0,0.78773,-1.00000,47.264,-2.000,-1,375.000,-1,400.000,-1,325.000,325.000,325.000,325.000,-1,575.000,650.000,-1,750.000,750.000,-1,-1,2,0,2,0,2,0,0,0,0,2,0,0,2,0,0,2,2
19,-1203.680,1563.239,181.632,38.184,0.786016,-0.618191,-0.004280,0.618174,0.786027,-0.004761,0.006307,0.001096,0.999980,0,0.78807,-1.00000,47.284,-2.000,-1,375.000,-1,400.000,-1,325.000,325.000,300.000,325.000,-1,600.000,625.000,-1,750.000,775.000,-1,-1,2,0,2,0,2,0,0,0,0,2,0,0,2,0,0,2,2
20,-1165.499,1591.167,181.896,36.184,0.807111,-0.590382,-0.004555,0.590360,0.807122,-0.005441,0.006889,0.001703,0.999975,0,0.78841,-1.00000,47.305,-2.000,-1,375.000,-1,400.000,-1,325.000,325.000,300.000,325.000,-1,625.000,625.000,-1,750.000,775.000,-1,-1,2,0,2,0,2,0,0,0,0,2,0,0,2,0,0,2,2
21,-1126.350,1617.757,182.202,34.184,0.827223,-0.561854,-0.004753,0.561825,0.827233,-0.006154,0.007389,0.002420,0.999970,0,0.78875,-1.00000,47.325,-2.000,-1,375.000,-1,400.000,-1,325.000,325.000,300.000,325.000,-1,650.000,650.000,-1,750.000,800.000,-1,-1,2,0,2,0,2,0,0,0,0,2,0,0,2,0,0,2,2
22,-1086.279,1642.975,182.500,32.184,0.846328,-0.532640,-0.004878,0.532607,0.846336,-0.006675,0.007683,0.003051,0.999966,0,0.78909,-1.00000,47.346,-2.000,-1,375.000,-1,400.000,-1,325.000,325.000,300.000,325.000,-1,675.000,675.000,-1,750.000,800.000,-1,-1,2,0,2,0,2,0,0,0,0,2,0,0,2,0,0,2,2
23,-1045.336,1666.790,182.785,30.184,0.864401,-0.502778,-0.004947,0.502742,0.864408,-0.007019,0.007805,0.003580,0.999963,0,0.78943,-1.00000,47.366,-2.000,-1,375.000,-1,400.000,-1,325.000,325.000,300.000,325.000,-1,725.000,700.000,-1,750.000,800.000,-1,-1,2,0,2,0,2,0,0,0,0,2,0,0,2,0,0,2,2
24,-1003.568,1689.170,183.091,28.184,0.881422,-0.472304,-0.004974,0.472264,0.881426,-0.007380,0.007869,0.004156,0.999960,0,0.78977,-1.00000,47.386,-2.000,-1,375.000,-1,400.000,-1,325.000,325.000,300.000,325.000,-1,775.000,750.000,-1,725.000,825.000,-1,-1,2,0,2,0,2,0,0,0,0,2,0,0,2,1,0,2,2
25,-965.367,1707.992,183.380,26.229,0.897026,-0.441951,-0.004952,0.441909,0.897027,-0.007721,0.007854,0.004738,0.999958,0,0.70977,-0.97773,42.586,-1.955,-1,375.000,-1,400.000,-1,325.000,325.000,300.000,325.000,-1,825.000,775.000,-1,725.000,825.000,1000.000,-1,2,0,2,0,2,0,0,0,0,2,0,0,2,1,0,1,2
26,-929.093,1724.350,183.658,24.273,0.911584,-0.411086,-0.004887,0.411041,0.911581,-0.008060,0.007768,0.005338,0.999956,0,0.66319,-0.97766,39.791,-1.955,-1,375.000,-1,400.000,-1,325.000,325.000,300.000,325.000,-1,875.000,825.000,-1,700.000,850.000,950.000,-1,2,0,2,0,2,0,0,0,0,2,0,0,2,1,0,1,2
27,-892.243,1739.477,183.944,22.318,0.925080,-0.379742,-0.004783,0.379696,0.925073,-0.008421,0.007622,0.005974,0.999953,0,0.66390,-0.97763,39.834,-1.955,1000.000,375.000,-1,400.000,-1,325.000,325.000,300.000,325.000,-1,950.000,875.000,-1,700.000,850.000,900.000,-1,1,0,2,0,2,0,0,0,0,2,0,0,2,1,0,1,2
28,-854.859,1753.352,184.237,20.363,0.937499,-0.347956,-0.004640,0.347908,0.937487,-0.008808,0.007415,0.006644,0.999950,0,0.66461,-0.97766,39.876,-1.955,925.000,400.000,-1,400.000,-1,325.000,325.000,300.000,325.000,-1,-1,925.000,-1,700.000,850.000,875.000,-1,1,0,2,0,2,0,0,0,0,2,2,0,2,1,0,1,2
29,-816.982,1765.957,184.534,18.407,0.948828,-0.315763,-0.004457,0.315713,0.948810,-0.009223,0.007141,0.007343,0.999948,0,0.66531,-0.97773,39.919,-1.955,850.000,400.000,-1,400.000,-1,325.000,325.000,300.000,325.000,-1,-1,1000.000,-1,700.000,875.000,850.000,-1,1,0,2,0,2,0,0,0,0,2,2,0,2,1,0,1,2
30,-778.658,1777.275,184.833,16.452,0.959052,-0.283197,-0.004236,0.283147,0.959028,-0.009666,0.006800,0.008071,0.999944,0,0.66601,-0.97786,39.961,-1.956,800.000,400.000,-1,425.000,-1,325.000,325.000,300.000,325.000,-1,-1,-1,-1,725.000,875.000,825.000,-1,1,0,2,0,2,0,0,0,0,2,2,2,2,1,0,1,2
31,-739.928,1787.288,185.131,14.496,0.968161,-0.250296,-0.003977,0.250246,0.968129,-0.010142,0.006388,0.008824,0.999941,0,0.66672,-0.97804,40.003,-1.956,750.000,400.000,-1,425.000,-1,325.000,325.000,300.000,325.000,-1,-1,-1,-1,725.000,900.000,800.000,-1,1,0,2,0,2,0,0,0,0,2,2,2,2,1,0,1,2
32,-700.838,1795.982,185.388,12.539,0.976143,-0.217095,-0.003761,0.217044,0.976102,-0.010818,0.006020,0.009744,0.999934,0,0.66742,-0.97826,40.045,-1.957,700.000,400.000,-1,425.000,-1,325.000,325.000,300.000,325.000,-1,-1,-1,-1,750.000,925.000,800.000,-1,1,0,2,0,2,0,0,0,0,2,2,2,2,1,0,1,2
33,-661.433,1803.344,185.443,10.582,0.982991,-0.183630,-0.002861,0.183583,0.982929,-0.012147,0.005042,0.011415,0.999922,0,0.66812,-0.97854,40.087,-1.957,675.000,400.000,-1,425.000,-1,325.000,325.000,300.000,300.000,-1,-1,-1,-1,775.000,925.000,825.000,-1,1,0,2,0,2,0,0,0,0,2,2,2,2,1,0,1,2
34,-621.757,1809.361,185.467,8.624,0.988693,-0.149940,-0.001965,0.149901,0.988608,-0.013573,0.003978,0.013125,0.999906,0,0.66882,-0.97887,40.129,-1.958,675.000,400.000,-1,425.000,-1,325.000,325.000,300.000,300.000,-1,-1,-1,-1,800.000,925.000,850.000,-1,1,0,2,0,2,0,0,0,0,2,2,2,2,1,0,1,2
35,-577.945,1814.668,185.195,6.906,0.992745,-0.120238,-0.000640,0.120217,0.992649,-0.013994,0.002318,0.013816,0.999902,0,0.73555,-0.85887,44.133,-1.718,650.000,400.000,-1,425.000,-1,325.000,325.000,300.000,300.000,-1,-1,-1,-1,825.000,925.000,925.000,-1,1,0,2,0,2,0,0,0,0,2,2,2,2,1,0,1,2
36,-534.019,1818.762,184.845,5.324,0.995686,-0.092786,0.000916,0.092789,0.995584,-0.014211,0.000407,0.014234,0.999899,0,0.73526,-0.79103,44.116,-1.582,625.000,400.000,-1,425.000,-1,325.000,325.000,300.000,300.000,-1,-1,-1,-1,825.000,925.000,-1,-1,1,0,2,0,2,0,0,0,0,2,2,2,2,0,0,2,2
37,-490.048,1821.651,184.484,3.759,0.997846,-0.065550,0.002511,0.065580,0.997742,-0.014528,-0.001553,0.014661,0.999891,0,0.73443,-0.78279,44.066,-1.566,625.000,400.000,-1,425.000,-1,325.000,325.000,300.000,300.000,-1,-1,-1,-1,825.000,925.000,-1,-1,1,0,2,0,2,0,0,0,0,2,2,2,2,0,0,2,2
38,-446.107,1823.347,184.111,2.210,0.999248,-0.038565,0.004139,0.038623,0.999142,-0.014946,-0.003559,0.015094,0.999880,0,0.73289,-0.77422,43.973,-1.548,625.000,400.000,-1,425.000,-1,325.000,325.000,300.000,300.000,-1,-1,-1,-1,850.000,925.000,-1,-1,1,0,2,0,2,0,0,0,0,2,2,2,2,0,0,2,2
39,-402.272,1823.867,183.723,0.680,0.999913,-0.011861,0.005790,0.011949,0.999809,-0.015463,-0.005606,0.015531,0.999864,0,0.73064,-0.76536,43.838,-1.531,675.000,400.000,-1,400.000,-1,325.000,325.000,300.000,300.000,-1,-1,-1,-1,850.000,925.000,-1,-1,1,0,2,0,2,0,0,0,0,2,2,2,2,0,0,2,2
40,-358.617,1823.232,183.319,-0.833,0.999867,0.014533,0.007458,-0.014412,0.999767,-0.016079,-0.007690,0.015969,0.999843,0,0.72767,-0.75626,43.660,-1.513,725.000,400.000,-1,400.000,-1,325.000,325.000,300.000,300.000,-1,-1,-1,-1,850.000,925.000,-1,-1,1,0,2,0,2,0,0,1,0,2,2,2,2,0,0,2,2
41,-315.213,1821.469,182.898,-2.327,0.999134,0.040594,0.009134,-0.040436,0.999041,-0.016792,-0.009807,0.016408,0.999817,0,0.72399,-0.74698,43.439,-1.494,775.000,400.000,-1,400.000,-1,325.000,325.000,300.000,300.000,-1,-1,-1,-1,850.000,925.000,-1,-1,1,0,2,0,2,0,0,1,0,2,2,2,2,0,0,2,2
42,-272.130,1818.606,182.459,-3.802,0.997741,0.066299,0.010811,-0.066102,0.997658,-0.017599,-0.011952,0.016844,0.999787,0,0.71964,-0.73759,43.178,-1.475,850.000,400.000,-1,425.000,-1,325.000,325.000,300.000,300.000,-1,-1,-1,-1,850.000,925.000,-1,-1,1,0,2,0,2,0,0,1,0,2,2,2,2,0,0,2,2
43,-229.431,1814.676,182.001,-5.258,0.995715,0.091631,0.012481,-0.091393,0.995643,-0.018497,-0.014121,0.017277,0.999751,0,0.71465,-0.72814,42.879,-1.456,925.000,400.000,-1,425.000,-1,325.000,325.000,300.000,300.000,-1,-1,-1,-1,850.000,925.000,-1,-1,1,0,2,0,2,0,0,1,0,2,2,2,2,0,0,2,2
44,-187.176,1809.715,181.522,-6.696,0.993081,0.116578,0.014137,-0.116294,0.993024,-0.019483,-0.016309,0.017704,0.999710,0,0.70908,-0.71872,42.545,-1.437,-1,400.000,-1,425.000,-1,325.000,325.000,300.000,300.000,-1,-1,-1,-1,850.000,925.000,-1,-1,2,0,2,0,2,0,0,1,0,2,2,2,2,0,0,2,2
45,-145.419,1803.754,181.023,-8.125,0.989840,0.141311,0.015772,-0.140978,0.989799,-0.020555,-0.018516,0.018122,0.999664,0,0.70301,-0.71469,42.180,-1.429,-1,400.000,-1,425.000,-1,325.000,325.000,300.000,300.000,-1,-1,-1,-1,-1,925.000,-1,-1,2,0,2,0,2,0,0,1,0,2,2,2,2,2,0,2,2
46,-104.209,1796.820,180.501,-9.551,0.985990,0.165895,0.017381,-0.165509,0.985969,-0.021710,-0.020739,0.018529,0.999613,0,0.69648,-0.71290,41.789,-1.426,-1,400.000,-1,425.000,-1,325.000,325.000,300.000,300.000,-1,-1,-1,-1,-1,-1,-1,-1,2,0,2,0,2,0,0,1,0,2,2,2,2,2,2,2,2
47,-63.591,1788.944,179.949,-10.974,0.981538,0.190328,0.018936,-0.189886,0.981539,-0.022905,-0.022945,0.018886,0.999558,0,0.68958,-0.71151,41.375,-1.423,-1,425.000,-1,425.000,-1,325.000,325.000,300.000,300.000,-1,-1,-1,-1,-1,-1,-1,-1,2,0,2,0,2,0,0,1,0,2,2,2,2,2,2,2,2
48,-23.600,1780.155,178.983,-12.395,0.976486,0.214615,0.020395,-0.214156,0.976539,-0.022539,-0.024754,0.017641,0.999538,0,0.68241,-0.71051,40.945,-1.421,-1,425.000,-1,425.000,-1,325.000,325.000,300.000,300.000,-1,-1,-1,-1,-1,-1,-1,-1,2,0,2,0,2,0,0,1,0,2,2,2,2,2,2,2,2
49,15.732,1770.483,177.886,-13.815,0.970823,0.238753,0.022363,-0.238279,0.970950,-0.021902,-0.026943,0.015934,0.999510,0,0.67507,-0.70990,40.504,-1.420,-1,400.000,-1,425.000,-1,325.000,325.000,300.000,300.000,-1,-1,-1,-1,-1,-1,-1,-1,2,0,2,0,2,0,0,1,0,2,2,2,2,2,2,2,2
50,54.384,1759.956,176.716,-15.234,0.964566,0.262736,0.024151,-0.262249,0.964760,-0.021546,-0.028961,0.014449,0.999476,0,0.66765,-0.70968,40.059,-1.419,-1,400.000,-1,425.000,-1,325.000,325.000,300.000,300.000,-1,-1,-1,-1,-1,-1,-1,-1,2,0,2,0,2,0,0,0,0,2,2,2,2,2,2,2,2
51,92.338,1748.603,175.345,-16.654,0.957725,0.286561,0.025423,-0.286052,0.957965,-0.021860,-0.030619,0.013664,0.999438,0,0.66027,-0.70984,39.616,-1.420,-1,400.000,-1,425.000,-1,325.000,325.000,300.000,300.000,-1,-1,-1,-1,-1,975.000,-1,-1,2,0,2,0,2,0,0,0,0,2,2,2,2,2,1,2,2
52,134.620,1735.000,173.613,-17.833,0.951574,0.306222,0.027094,-0.305659,0.951862,-0.023043,-0.032846,0.013645,0.999367,0,0.74027,-0.58984,44.416,-1.180,-1,400.000,-1,425.000,-1,325.000,325.000,300.000,300.000,-1,-1,-1,-1,-1,950.000,-1,-1,2,0,2,0,2,0,0,0,0,2,2,2,2,2,1,2,2
53,180.580,1719.378,171.685,-18.773,0.946371,0.321790,0.028864,-0.321160,0.946710,-0.024433,-0.035188,0.013853,0.999285,0,0.80904,-0.46984,48.542,-0.940,-1,400.000,-1,425.000,-1,325.000,325.000,300.000,300.000,-1,-1,-1,-1,-1,925.000,-1,-1,2,0,2,0,2,0,0,0,0,2,2,2,2,2,1,2,2
54,225.971,1703.328,169.740,-19.473,0.942316,0.333325,0.030579,-0.332623,0.942705,-0.025878,-0.037453,0.014214,0.999197,0,0.80241,-0.34984,48.145,-0.700,-1,400.000,-1,425.000,-1,325.000,325.000,300.000,300.000,-1,-1,-1,-1,-1,900.000,-1,-1,2,0,2,0,2,0,0,0,0,2,2,2,2,2,1,2,2
55,270.910,1687.032,167.777,-19.932,0.939555,0.340875,0.032250,-0.340095,0.939993,-0.027357,-0.039640,0.014735,0.999105,0,0.79671,-0.22984,47.802,-0.460,-1,400.000,-1,425.000,-1,325.000,325.000,300.000,300.000,-1,-1,-1,-1,-1,875.000,-1,-1,2,0,2,0,2,0,0,0,0,2,2,2,2,2,1,2,2
56,315.517,1670.662,165.796,-20.152,0.938185,0.344473,0.033888,-0.343609,0.938670,-0.028853,-0.041749,0.015425,0.999009,0,0.79192,-0.10984,47.515,-0.220,-1,-1,-1,425.000,-1,325.000,325.000,300.000,300.000,-1,-1,-1,-1,-1,850.000,-1,-1,2,2,2,0,2,0,0,0,0,2,2,2,2,2,1,2,2
57,359.872,1654.285,163.800,-20.265,0.937444,0.346320,0.035506,-0.345367,0.937977,-0.030353,-0.043816,0.016192,0.998908,0,0.78802,-0.05653,47.281,-0.113,-1,-1,-1,425.000,-1,325.000,325.000,300.000,300.000,-1,-1,-1,-1,-1,825.000,-1,-1,2,2,2,0,2,0,0,0,0,2,2,2,2,2,1,2,2
58,408.626,1635.968,161.576,-20.592,0.935386,0.351660,0.037273,-0.350605,0.935975,-0.032035,-0.046152,0.016897,0.998792,0,0.86802,-0.16338,52.081,-0.327,-1,-1,-1,400.000,1000.000,850.000,325.000,300.000,300.000,-1,-1,-1,-1,-1,800.000,-1,1000.000,2,2,2,0,1,1,0,0,0,2,2,2,2,2,1,2,1
59,461.729,1615.680,159.112,-20.909,0.933347,0.356830,0.039180,-0.355658,0.934001,-0.033896,-0.048689,0.017702,0.998657,0,0.94744,-0.15858,56.846,-0.317,-1,-1,-1,450.000,925.000,875.000,450.000,300.000,300.000,-1,-1,-1,-1,-1,775.000,-1,925.000,2,2,2,1,1,1,1,0,0,2,2,2,2,2,1,2,1
60,514.934,1594.758,156.598,-21.466,0.929751,0.365892,0.041061,-0.364595,0.930477,-0.035827,-0.051315,0.018340,0.998514,0,0.95283,-0.27858,57.170,-0.557,-1,-1,-1,475.000,850.000,850.000,525.000,300.000,300.000,-1,-1,-1,-1,-1,750.000,-1,875.000,2,2,2,1,1,1,1,0,0,2,2,2,2,2,1,2,1
61,568.108,1572.989,153.772,-22.263,0.924499,0.378806,0.042523,-0.377454,0.925306,-0.036568,-0.053199,0.017757,0.998426,0,0.95762,-0.39858,57.457,-0.797,-1,-1,-1,475.000,800.000,825.000,525.000,300.000,300.000,-1,-1,-1,-1,-1,725.000,-1,800.000,2,2,2,1,1,1,1,0,0,2,2,2,2,2,1,2,1
62,621.107,1550.171,142.116,-23.301,0.914615,0.395483,0.084103,-0.395643,0.918274,-0.015461,-0.083344,-0.019134,0.996337,0,0.96162,-0.51858,57.697,-1.037,-1,-1,-1,425.000,700.000,675.000,450.000,225.000,325.000,725.000,-1,-1,-1,-1,625.000,-1,675.000,2,2,2,1,1,1,1,0,0,1,2,2,2,2,1,2,1
63,673.765,1526.132,128.010,-24.578,0.899366,0.415013,0.137492,-0.420165,0.907398,0.009455,-0.120836,-0.066273,0.990458,0,0.96460,-0.63858,57.876,-1.277,-1,-1,-1,350.000,600.000,525.000,350.000,150.000,375.000,625.000,-1,-1,-1,-1,500.000,-1,525.000,2,2,2,1,1,1,1,0,1,1,2,2,2,2,1,2,1
64,725.888,1500.723,115.411,-26.052,0.880539,0.436657,0.184339,-0.448785,0.893203,0.027933,-0.152455,-0.107325,0.982466,0,0.96623,-0.73735,57.974,-1.475,-1,-1,-1,300.000,500.000,400.000,275.000,75.000,375.000,600.000,-1,-1,-1,-1,425.000,-1,400.000,2,2,2,1,1,1,1,0,1,1,2,2,2,2,1,2,1
65,777.357,1474.015,103.940,-27.500,0.860806,0.457098,0.223773,-0.476804,0.878075,0.040531,-0.177963,-0.141585,0.973798,0,0.96619,-0.72380,57.972,-1.448,-1,750.000,-1,250.000,400.000,325.000,250.000,50.000,375.000,575.000,0.000,-1,-1,-1,350.000,-1,300.000,2,1,2,1,1,1,1,0,1,1,0,2,2,2,1,2,1
66,828.062,1446.088,93.592,-28.918,0.840785,0.476636,0.256708,-0.503392,0.862791,0.046773,-0.199191,-0.168551,0.965357,0,0.96454,-0.70888,57.872,-1.418,-1,475.000,550.000,225.000,300.000,275.000,200.000,150.000,375.000,575.000,0.000,-1,-1,-1,300.000,-1,200.000,2,1,1,1,1,1,1,1,1,1,0,2,2,2,1,2,1
67,877.889,1417.038,84.283,-30.303,0.821225,0.495616,0.282763,-0.527863,0.848048,0.046640,-0.216681,-0.187562,0.958055,0,0.96100,-0.69252,57.660,-1.385,-1,375.000,425.000,175.000,200.000,225.000,175.000,400.000,375.000,0.000,0.000,-1,-1,-1,250.000,-1,125.000,2,1,1,1,1,1,1,1,1,0,0,2,2,2,1,2,1
68,926.722,1386.997,77.397,-31.652,0.803302,0.513743,0.301287,-0.550689,0.833373,0.047231,-0.226820,-0.203856,0.952363,0,0.95533,-0.67471,57.320,-1.349,-1,300.000,350.000,150.000,150.000,200.000,150.000,675.000,375.000,0.000,0.000,-1,-1,-1,200.000,-1,100.000,2,1,1,1,1,1,1,1,1,0,0,2,2,2,1,2,1
69,-983.896,-2295.776,65.921,-164.738,-0.964530,0.263034,-0.022253,-0.261792,-0.963969,-0.047211,-0.033869,-0.039710,0.998637,1,0.00000,0.00000,56.837,-1.311,-1,400.000,675.000,375.000,450.000,325.000,325.000,325.000,300.000,-1,-1,-1,-1,625.000,425.000,-1,425.000,2,0,1,1,1,0,0,0,0,2,2,2,2,1,1,2,1
70,-988.522,-2297.059,65.759,-164.498,-0.963419,0.267071,-0.022273,-0.265826,-0.962865,-0.047196,-0.034050,-0.039549,0.998637,0,0.08000,0.12000,4.800,0.240,-1,400.000,675.000,375.000,450.000,325.000,325.000,325.000,300.000,-1,-1,-1,-1,625.000,425.000,-1,425.000,2,0,1,1,1,0,0,0,0,2,2,2,2,1,1,2,1
71,-997.750,-2299.702,65.433,-164.018,-0.961148,0.275132,-0.022312,-0.273882,-0.960606,-0.047167,-0.034410,-0.039224,0.998638,0,0.16000,0.24000,9.600,0.480,-1,400.000,675.000,350.000,425.000,325.000,325.000,325.000,300.000,-1,-1,-1,-1,625.000,425.000,-1,425.000,2,0,1,1,1,0,0,0,0,2,2,2,2,1,1,2,1
72,-1011.543,-2303.840,64.935,-163.298,-0.957613,0.287187,-0.022374,-0.285929,-0.957091,-0.047122,-0.034946,-0.038727,0.998639,0,0.24000,0.36000,14.400,0.720,-1,375.000,700.000,350.000,400.000,325.000,325.000,325.000,300.000,-1,-1,-1,-1,625.000,400.000,-1,400.000,2,0,1,1,1,0,0,0,0,2,2,2,2,1,1,2,1
73,-1029.838,-2309.665,64.258,-162.338,-0.952666,0.303190,-0.022459,-0.301923,-0.952170,-0.047057,-0.035652,-0.038049,0.998640,0,0.32000,0.48000,19.200,0.960,-1,375.000,700.000,350.000,400.000,325.000,325.000,325.000,300.000,-1,-1,-1,-1,625.000,400.000,-1,375.000,2,0,1,1,1,0,1,0,0,2,2,2,2,1,1,2,1
74,-1052.549,-2317.424,63.390,-161.138,-0.946104,0.323074,-0.022573,-0.321796,-0.945643,-0.046968,-0.036521,-0.037173,0.998641,0,0.40000,0.60000,24.000,1.200,-1,375.000,725.000,325.000,350.000,325.000,325.000,325.000,300.000,-1,-1,-1,-1,650.000,375.000,-1,350.000,2,0,1,1,1,0,1,0,0,2,2,2,2,1,1,2,1
75,-1079.560,-2327.416,62.318,-159.698,-0.937682,0.346750,-0.022722,-0.345460,-0.937263,-0.046848,-0.037541,-0.036079,0.998644,0,0.48000,0.72000,28.800,1.440,-1,375.000,825.000,300.000,325.000,325.000,300.000,325.000,300.000,-1,-1,-1,-1,700.000,350.000,-1,325.000,2,0,1,1,1,0,1,0,0,2,2,2,2,0,1,2,1
76,-1110.717,-2339.993,61.025,-158.018,-0.927106,0.374097,-0.022914,-0.372795,-0.926739,-0.046686,-0.038700,-0.034741,0.998647,0,0.56000,0.84000,33.600,1.680,-1,375.000,-1,300.000,300.000,325.000,275.000,325.000,300.000,-1,-1,-1,-1,700.000,350.000,-1,300.000,2,1,2,1,1,1,1,0,0,2,2,2,2,0,1,2,1
77,-1145.882,-2355.419,59.501,-156.314,-0.915566,0.401501,-0.023130,-0.400190,-0.915253,-0.046469,-0.039827,-0.033289,0.998652,0,0.64000,0.85176,38.400,1.704,-1,375.000,-1,275.000,250.000,300.000,275.000,325.000,300.000,-1,-1,-1,-1,700.000,325.000,-1,250.000,2,1,2,1,1,1,1,0,0,2,2,2,2,0,1,2,1
78,-1184.923,-2373.912,57.731,-154.653,-0.903530,0.427887,-0.023368,-0.426573,-0.903275,-0.046147,-0.040853,-0.031727,0.998661,0,0.72000,0.83061,43.200,1.661,-1,375.000,-1,250.000,200.000,300.000,250.000,325.000,300.000,-1,-1,-1,-1,700.000,300.000,-1,200.000,2,1,2,1,1,1,1,0,0,2,2,2,2,0,1,2,1
79,-1227.707,-2395.674,55.824,-153.040,-0.891127,0.453165,-0.023113,-0.451862,-0.890906,-0.045904,-0.041394,-0.030462,0.998678,0,0.80000,0.80661,48.000,1.613,-1,350.000,-1,225.000,175.000,275.000,225.000,325.000,300.000,-1,-1,-1,-1,675.000,275.000,-1,175.000,2,1,2,1,1,1,1,0,0,2,2,2,2,0,1,2,1
80,-1274.093,-2420.892,59.769,-151.481,-0.878998,0.476810,0.003918,-0.476239,-0.877479,-0.056804,-0.023646,-0.051796,0.998378,0,0.88000,0.77930,52.800,1.559,-1,400.000,-1,225.000,150.000,300.000,250.000,300.000,350.000,-1,425.000,725.000,-1,750.000,300.000,-1,150.000,2,1,2,1,1,1,1,0,0,2,0,0,2,0,1,2,1
81,-1323.958,-2449.721,64.933,-149.985,-0.865948,0.498688,0.038006,-0.500132,-0.863222,-0.068670,-0.001438,-0.078473,0.996915,0,0.96000,0.74812,57.600,1.496,-1,475.000,-1,250.000,150.000,325.000,275.000,275.000,400.000,-1,150.000,300.000,-1,875.000,350.000,-1,150.000,2,0,2,1,1,1,1,0,1,2,0,0,2,0,1,2,1
82,-1375.138,-2481.035,68.943,-148.560,-0.852102,0.518924,0.068113,-0.523072,-0.848796,-0.077081,0.017815,-0.101310,0.994695,0,1.00000,0.71244,60.000,1.425,-1,500.000,-1,275.000,150.000,400.000,300.000,275.000,350.000,650.000,75.000,225.000,-1,950.000,425.000,-1,150.000,2,0,2,1,1,1,1,0,1,0,0,0,2,0,1,2,1
83,-1425.569,-2513.541,71.600,-147.214,-0.838082,0.537646,0.092498,-0.544538,-0.834719,-0.081992,0.033127,-0.119084,0.992331,0,1.00000,0.67279,60.000,1.346,-1,525.000,-1,325.000,150.000,475.000,350.000,250.000,325.000,500.000,50.000,200.000,-1,-1,625.000,-1,175.000,2,0,2,1,1,0,1,0,1,0,0,0,2,2,1,2,1
84,-1475.275,-2547.145,72.936,-145.954,-0.824426,0.554972,0.111035,-0.564209,-0.821355,-0.083929,0.044621,-0.131840,0.990266,0,1.00000,0.63016,60.000,1.260,-1,550.000,-1,400.000,150.000,500.000,475.000,250.000,275.000,400.000,50.000,200.000,-1,-1,950.000,-1,200.000,2,0,2,1,1,0,1,0,1,0,0,0,2,2,1,2,1
85,-1524.289,-2581.751,73.057,-144.785,-0.811553,0.571023,0.123752,-0.581894,-0.809019,-0.082987,0.052730,-0.139359,0.988837,0,1.00000,0.58460,60.000,1.169,-1,575.000,-1,525.000,150.000,525.000,575.000,250.000,225.000,375.000,25.000,175.000,-1,-1,-1,-1,300.000,2,0,2,1,1,0,0,0,1,0,0,0,2,2,2,2,1
86,-1572.649,-2617.263,71.970,-143.712,-0.799816,0.585855,0.130646,-0.597485,-0.797899,-0.079802,0.057490,-0.141885,0.988212,0,1.00000,0.53630,60.000,1.073,-1,600.000,-1,625.000,150.000,525.000,575.000,250.000,175.000,350.000,25.000,175.000,-1,-1,-1,-1,-1,2,0,2,1,1,0,1,0,1,0,0,0,2,2,2,2,2
87,-1619.892,-2653.193,69.707,-142.741,-0.789467,0.599480,0.131776,-0.610961,-0.788100,-0.074997,0.058893,-0.139718,0.988438,0,0.98926,0.48557,59.356,0.971,-1,575.000,-1,650.000,175.000,525.000,575.000,250.000,150.000,350.000,25.000,175.000,-1,-1,-1,-1,-1,2,0,2,1,1,0,1,0,1,0,0,0,2,2,2,2,2
88,95.722,-6101.014,-177.549,-12.938,0.967204,0.221173,0.124894,-0.236955,0.962775,0.130065,-0.091478,-0.155394,0.983608,1,0.00000,0.00000,57.625,0.867,-1,-1,-1,625.000,650.000,950.000,800.000,200.000,525.000,350.000,0.000,-1,-1,-1,850.000,-1,850.000,2,2,2,1,1,1,1,1,0,1,1,2,2,2,1,2,1
89,-2951.698,-4919.488,-27.897,98.068,-0.142010,-0.989511,-0.026490,0.988346,-0.140260,-0.059150,0.054814,-0.034581,0.997898,1,0.00000,0.00000,4.800,0.157,-1,400.000,-1,425.000,-1,325.000,325.000,300.000,300.000,-1,-1,-1,-1,-1,975.000,-1,-1,2,0,2,0,2,0,0,0,0,2,2,2,2,2,0,2,2
90,-2952.392,-4914.739,-27.624,98.308,-0.146149,-0.988907,-0.026514,0.987767,-0.144402,-0.058863,0.054381,-0.034792,0.997914,0,0.08000,0.12000,4.800,0.240,-1,400.000,-1,425.000,-1,325.000,325.000,300.000,300.000,-1,-1,-1,-1,-1,975.000,-1,-1,2,0,2,0,2,0,0,0,0,2,2,2,2,2,0,2,2
91,-2953.859,-4905.252,-27.080,98.788,-0.154419,-0.987648,-0.026572,0.986555,-0.152679,-0.058292,0.053515,-0.035216,0.997946,0,0.16000,0.24000,9.600,0.480,-1,400.000,-1,425.000,-1,325.000,325.000,300.000,300.000,-1,-1,-1,-1,-1,975.000,-1,-1,2,0,2,0,2,0,0,0,0,2,2,2,2,2,0,2,2
92,-2956.232,-4891.049,-26.268,99.486,-0.166421,-0.985694,-0.026685,0.984671,-0.164693,-0.057447,0.052230,-0.035837,0.997992,0,0.24000,0.34891,14.400,0.698,-1,400.000,-1,425.000,-1,325.000,325.000,300.000,300.000,-1,-1,-1,-1,-1,975.000,-1,-1,2,1,2,0,2,0,0,0,0,2,2,2,2,2,0,2,2
93,-2959.626,-4872.151,-25.199,100.181,-0.178358,-0.983599,-0.026868,0.982660,-0.176649,-0.056333,0.050663,-0.036449,0.998050,0,0.32000,0.34797,19.200,0.696,-1,425.000,-1,425.000,-1,325.000,325.000,300.000,300.000,-1,-1,-1,-1,-1,950.000,-1,-1,2,1,2,0,2,0,1,0,0,2,2,2,2,2,0,2,2
94,-2964.155,-4848.583,-23.876,100.877,-0.190251,-0.981360,-0.027134,0.980521,-0.188569,-0.054959,0.048818,-0.037061,0.998120,0,0.40000,0.34768,24.000,0.695,-1,475.000,-1,425.000,-1,325.000,325.000,300.000,300.000,-1,-1,-1,-1,-1,950.000,-1,-1,2,1,2,0,2,1,1,0,0,2,2,2,2,2,1,2,2
95,-2969.934,-4820.369,-22.300,101.573,-0.202120,-0.978975,-0.027498,0.978247,-0.200471,-0.053335,0.046702,-0.037680,0.998198,0,0.48000,0.34800,28.800,0.696,-1,-1,-1,425.000,-1,350.000,325.000,300.000,325.000,-1,-1,-1,-1,-1,925.000,-1,-1,2,2,2,0,2,1,1,0,0,2,2,2,2,2,1,2,2
96,-2977.075,-4787.537,-20.474,102.271,-0.213982,-0.976437,-0.027973,0.975832,-0.212375,-0.051473,0.044320,-0.038311,0.998283,0,0.56000,0.34893,33.600,0.698,-1,-1,-1,425.000,-1,350.000,350.000,300.000,325.000,-1,-1,-1,-1,-1,900.000,-1,-1,2,2,2,0,2,1,1,0,0,2,2,2,2,2,1,2,2
97,-2985.695,-4750.117,-18.399,102.972,-0.225857,-0.973741,-0.028571,0.973268,-0.224298,-0.049384,0.041679,-0.038961,0.998371,0,0.64000,0.35046,38.400,0.701,-1,-1,-1,425.000,-1,400.000,350.000,300.000,325.000,-1,-1,-1,-1,-1,875.000,-1,-1,2,2,2,0,2,1,1,0,0,2,2,2,2,2,1,2,2
98,-2995.910,-4708.143,-16.077,103.677,-0.237762,-0.970881,-0.029305,0.970549,-0.236260,-0.047082,0.038787,-0.039636,0.998461,0,0.72000,0.35260,43.200,0.705,-1,-1,-1,425.000,-1,425.000,375.000,300.000,325.000,-1,-1,-1,-1,-1,850.000,-1,-1,2,2,2,1,2,1,1,0,0,2,2,2,2,2,1,2,2
99,-3007.837,-4661.648,-13.610,104.388,-0.249713,-0.967863,-0.029752,0.967652,-0.248282,-0.044776,0.035950,-0.039970,0.998554,0,0.80000,0.35540,48.000,0.711,-1,-1,-1,425.000,-1,500.000,400.000,300.000,325.000,-1,-1,-1,-1,-1,800.000,-1,-1,2,2,2,1,2,1,1,0,0,2,2,2,2,2,1,2,2
100,-3021.596,-4610.673,-11.612,105.105,-0.261682,-0.964761,-0.027533,0.964558,-0.260411,-0.042584,0.033913,-0.037701,0.998713,0,0.88000,0.35891,52.800,0.718,-1,-1,-1,450.000,-1,600.000,450.000,300.000,325.000,-1,-1,-1,-1,-1,800.000,-1,-1,2,2,2,1,2,1,1,0,0,2,2,2,2,2,1,2,2
101,-3037.309,-4555.258,-9.580,105.832,-0.273728,-0.961487,-0.024798,0.961297,-0.272652,-0.039619,0.031332,-0.034683,0.998907,0,0.96000,0.36323,57.600,0.726,-1,-1,-1,475.000,-1,800.000,500.000,325.000,325.000,-1,-1,-1,-1,-1,800.000,-1,975.000,2,2,2,1,2,1,1,0,0,2,2,2,2,2,1,2,1
102,-3054.419,-4497.749,-7.846,106.569,-0.285987,-0.957952,-0.023227,0.957771,-0.285011,-0.037990,0.029773,-0.033111,0.999008,0,1.00000,0.36848,60.000,0.737,-1,-1,-1,525.000,-1,-1,600.000,325.000,325.000,-1,-1,-1,-1,-1,825.000,-1,900.000,2,2,2,1,2,2,1,0,0,2,2,2,2,2,1,2,1
103,-3072.287,-4440.473,-10.420,107.318,-0.298347,-0.953510,-0.042514,0.954337,-0.297308,-0.029117,0.015124,-0.049260,0.998671,0,1.00000,0.37440,60.000,0.749,-1,-1,-1,550.000,-1,-1,625.000,275.000,325.000,-1,-1,-1,-1,-1,800.000,-1,775.000,2,2,2,1,2,2,1,0,0,2,2,2,2,2,1,2,1
104,-3089.499,-4388.025,-13.317,108.155,-0.311591,-0.948270,-0.060786,0.950216,-0.310956,-0.019885,-0.000045,-0.063956,0.997953,0,0.92000,0.41883,55.200,0.838,-1,-1,-1,525.000,825.000,-1,625.000,250.000,350.000,-1,-1,-1,-1,-1,825.000,-1,725.000,2,2,2,1,1,2,1,0,0,2,2,2,2,2,1,2,1
105,-3105.922,-4340.376,-17.228,109.003,-0.324319,-0.942880,-0.076117,0.945782,-0.324717,-0.007425,-0.017716,-0.074398,0.997071,0,0.84000,0.42390,50.400,0.848,-1,-1,-1,525.000,650.000,-1,600.000,200.000,350.000,-1,-1,-1,-1,-1,825.000,-1,700.000,2,2,2,1,1,2,1,0,0,2,2,2,2,2,1,2,1
106,-3121.425,-4297.491,-21.339,109.860,-0.336720,-0.937272,-0.090226,0.940938,-0.338540,0.005224,-0.035441,-0.083139,0.995908,0,0.76000,0.42822,45.600,0.856,-1,-1,-1,500.000,525.000,-1,600.000,175.000,350.000,-1,-1,-1,-1,-1,825.000,-1,650.000,2,2,2,1,1,2,1,0,0,2,2,2,2,2,1,2,1
107,-3135.874,-4259.334,-25.511,110.723,-0.348879,-0.931487,-0.103027,0.935680,-0.352406,0.017687,-0.052783,-0.090230,0.994521,0,0.68000,0.43168,40.800,0.863,-1,-1,-1,500.000,425.000,-1,600.000,150.000,325.000,-1,-1,-1,-1,-1,825.000,-1,625.000,2,2,2,1,1,2,1,0,0,2,2,2,2,2,1,2,1
108,-4919.496,4919.492,163.460,94.232,-0.073188,-0.997021,-0.024351,0.996988,-0.073770,0.023941,-0.025666,-0.022525,0.999417,1,0.00000,0.00000,36.000,0.868,-1,375.000,-1,375.000,-1,325.000,300.000,300.000,325.000,-1,525.000,575.000,-1,725.000,700.000,-1,-1,2,0,2,0,2,0,0,0,0,2,0,0,2,0,0,2,2
109,-4919.830,4924.280,163.336,93.992,-0.069013,-0.997318,-0.024364,0.997292,-0.069593,0.023790,-0.025422,-0.022656,0.999420,0,0.08000,-0.12000,4.800,-0.240,-1,375.000,-1,375.000,-1,325.000,300.000,300.000,325.000,-1,525.000,575.000,-1,725.000,700.000,-1,-1,2,0,2,0,2,0,0,0,0,2,0,0,2,0,0,2,2
110,-4920.418,4933.862,163.091,93.512,-0.060661,-0.997860,-0.024393,0.997847,-0.061235,0.023488,-0.024932,-0.022915,0.999426,0,0.16000,-0.24000,9.600,-0.480,-1,375.000,-1,375.000,-1,325.000,300.000,300.000,325.000,-1,550.000,575.000,-1,725.000,700.000,-1,-1,2,0,2,0,2,0,0,0,0,2,0,0,2,0,0,2,2
111,-4921.179,4948.242,162.726,93.029,-0.052267,-0.998334,-0.024431,0.998338,-0.052831,0.023033,-0.024285,-0.023187,0.999436,0,0.24000,-0.24121,14.400,-0.482,-1,375.000,-1,375.000,-1,325.000,300.000,300.000,325.000,-1,550.000,575.000,-1,725.000,700.000,-1,-1,2,0,2,0,2,0,0,0,0,2,0,0,2,0,0,2,2
112,-4922.033,4967.423,162.243,92.547,-0.043872,-0.998737,-0.024482,0.998761,-0.044423,0.022425,-0.023484,-0.023468,0.999449,0,0.32000,-0.24121,19.200,-0.482,-1,375.000,-1,375.000,-1,325.000,300.000,300.000,325.000,-1,550.000,550.000,-1,725.000,700.000,-1,-1,2,0,2,0,2,0,0,0,0,2,0,0,2,0,0,2,2
113,-4922.897,4991.408,161.643,92.064,-0.035478,-0.999069,-0.024546,0.999117,-0.036012,0.021664,-0.022528,-0.023755,0.999464,0,0.40000,-0.24121,24.000,-0.482,-1,375.000,-1,375.000,-1,325.000,300.000,300.000,300.000,-1,550.000,550.000,-1,725.000,700.000,-1,-1,2,0,2,0,2,0,0,0,0,2,0,0,2,0,0,2,2
114,-4923.692,5020.197,160.930,91.582,-0.027085,-0.999330,-0.024625,0.999404,-0.027599,0.020750,-0.021415,-0.024048,0.999481,0,0.48000,-0.24121,28.800,-0.482,-1,375.000,-1,375.000,-1,325.000,300.000,300.000,300.000,-1,550.000,550.000,-1,750.000,700.000,-1,-1,2,0,2,0,2,0,0,0,0,2,0,0,2,0,0,2,2
115,-4924.337,5053.790,160.104,91.100,-0.018695,-0.999520,-0.024721,0.999622,-0.019183,0.019682,-0.020147,-0.024344,0.999501,0,0.56000,-0.24121,33.600,-0.482,-1,375.000,-1,375.000,-1,325.000,300.000,300.000,300.000,-1,550.000,550.000,-1,750.000,700.000,-1,-1,2,0,2,0,2,0,0,0,0,2,0,0,2,0,0,2,2
116,-4924.751,5092.188,159.169,90.617,-0.010307,-0.999638,-0.024836,0.999772,-0.010767,0.018460,-0.018720,-0.024640,0.999521,0,0.64000,-0.24121,38.400,-0.482,-1,375.000,-1,375.000,-1,325.000,300.000,300.000,300.000,-1,550.000,550.000,-1,750.000,700.000,-1,-1,2,0,2,0,2,0,0,0,0,2,0,0,2,0,0,2,2
117,-4924.819,5125.788,158.359,90.116,-0.001598,-0.999687,-0.024952,0.999847,-0.002032,0.017390,-0.017436,-0.024921,0.999537,0,0.56000,-0.25031,33.600,-0.501,-1,375.000,-1,375.000,-1,325.000,300.000,300.000,300.000,-1,525.000,525.000,-1,750.000,725.000,-1,-1,2,0,2,0,2,0,0,0,0,2,0,0,2,0,0,2,2
118,-4924.626,5154.587,157.673,89.616,0.007114,-0.999660,-0.025066,0.999842,0.006702,0.016473,-0.016300,-0.025179,0.999550,0,0.48000,-0.25031,28.800,-0.501,-1,375.000,-1,375.000,-1,325.000,300.000,300.000,300.000,-1,525.000,500.000,-1,750.000,725.000,-1,-1,2,0,2,0,2,0,0,0,0,2,0,0,2,0,0,2,2
119,-4924.255,5178.585,157.107,89.115,0.015829,-0.999558,-0.025176,0.999757,0.015436,0.015709,-0.015314,-0.025419,0.999560,0,0.40000,-0.25031,24.000,-0.501,-1,375.000,-1,375.000,-1,325.000,300.000,300.000,300.000,-1,500.000,475.000,-1,750.000,725.000,-1,-1,2,0,2,0,2,0,0,0,0,2,0,0,2,0,0,2,2
120,-4923.791,5197.779,156.660,88.615,0.024545,-0.999379,-0.025280,0.999594,0.024169,0.015098,-0.014478,-0.025641,0.999566,0,0.32000,-0.25031,19.200,-0.501,-1,375.000,-1,375.000,-1,325.000,300.000,300.000,300.000,-1,500.000,475.000,-1,750.000,725.000,-1,-1,2,0,2,0,2,0,0,0,0,2,0,0,2,0,0,2,2
121,-4923.317,5212.171,156.330,88.114,0.033264,-0.999124,-0.025376,0.999351,0.032899,0.014641,-0.013793,-0.025847,0.999571,0,0.24000,-0.25031,14.400,-0.501,-1,375.000,-1,375.000,-1,325.000,300.000,300.000,300.000,-1,475.000,475.000,-1,750.000,725.000,-1,-1,2,0,2,0,2,0,0,0,0,2,0,0,2,0,0,2,2
122,-4922.918,5221.763,156.113,87.613,0.041983,-0.998794,-0.025462,0.999030,0.041628,0.014338,-0.013261,-0.026039,0.999573,0,0.16000,-0.25031,9.600,-0.501,-1,375.000,-1,375.000,-1,325.000,300.000,300.000,300.000,-1,475.000,450.000,-1,750.000,725.000,-1,-1,2,0,2,0,2,0,0,0,0,2,0,0,2,0,0,2,2
123,-4922.676,5226.557,156.013,87.113,0.050703,-0.998388,-0.025517,0.998630,0.050352,0.014204,-0.012897,-0.026202,0.999573,0,0.08000,-0.25031,4.800,-0.501,-1,375.000,-1,375.000,-1,325.000,300.000,300.000,300.000,-1,475.000,450.000,-1,750.000,725.000,-1,-1,2,0,2,0,2,0,0,0,0,2,0,0,2,0,0,2,2
124,-4922.676,5226.557,156.027,86.612,0.059423,-0.997906,-0.025532,0.998152,0.059073,0.014244,-0.012706,-0.026331,0.999573,0,-0.00000,-0.25031,-0.000,-0.501,-1,375.000,-1,375.000,-1,300.000,300.000,300.000,300.000,-1,475.000,450.000,-1,750.000,725.000,-1,-1,2,0,2,0,2,0,0,0,0,2,0,0,2,0,0,2,2
125,-4923.001,5221.768,156.130,86.112,0.068142,-0.997347,-0.025612,0.997596,0.067790,0.014381,-0.012607,-0.026531,0.999569,0,-0.08000,-0.25031,-4.800,-0.501,-1,375.000,-1,375.000,-1,300.000,300.000,300.000,300.000,-1,475.000,450.000,-1,750.000,725.000,-1,-1,2,0,2,0,2,0,0,0,0,2,0,0,2,0,0,2,2
126,-4923.736,5212.196,156.340,85.611,0.076860,-0.996712,-0.025657,0.996961,0.076501,0.014688,-0.012677,-0.026708,0.999563,0,-0.16000,-0.25031,-9.600,-0.501,-1,375.000,-1,375.000,-1,300.000,300.000,300.000,300.000,-1,500.000,475.000,-1,750.000,725.000,-1,-1,2,0,2,0,2,0,0,0,0,2,0,0,2,0,0,2,2
127,-4924.964,5197.849,156.658,85.110,0.085576,-0.996001,-0.025659,0.996248,0.085206,0.015168,-0.012921,-0.026860,0.999556,0,-0.24000,-0.25031,-14.400,-0.501,-1,375.000,-1,375.000,-1,300.000,300.000,300.000,300.000,-1,500.000,475.000,-1,750.000,725.000,-1,-1,2,0,2,0,2,0,0,0,0,2,0,0,2,0,0,2,2
128,-4926.767,5178.734,157.076,84.610,0.094289,-0.995215,-0.025637,0.995456,0.093905,0.015805,-0.013322,-0.027011,0.999546,0,-0.32000,-0.25031,-19.200,-0.501,-1,375.000,-1,375.000,-1,300.000,300.000,300.000,300.000,-1,525.000,500.000,-1,725.000,725.000,-1,-1,2,0,2,0,2,0,0,0,0,2,0,0,2,0,0,2,2
129,-4929.231,5154.860,157.591,84.109,0.102999,-0.994352,-0.025591,0.994585,0.102596,0.016600,-0.013881,-0.027162,0.999535,0,-0.40000,-0.25031,-24.000,-0.501,-1,375.000,-1,375.000,-1,300.000,300.000,300.000,300.000,-1,550.000,500.000,-1,725.000,725.000,-1,-1,2,0,2,0,2,0,0,0,0,2,0,0,2,0,0,2,2
130,-4932.437,5126.240,158.201,83.609,0.111706,-0.993414,-0.025519,0.993634,0.111280,0.017550,-0.014595,-0.027317,0.999520,0,-0.48000,-0.25031,-28.800,-0.501,-1,375.000,-1,375.000,-1,300.000,325.000,300.000,300.000,-1,575.000,525.000,-1,725.000,725.000,-1,-1,2,0,2,0,2,0,0,0,0,2,0,0,2,0,0,2,2
131,-4936.213,5094.997,158.860,83.108,0.120406,-0.992399,-0.025428,0.992605,0.119955,0.018587,-0.015395,-0.027478,0.999504,0,-0.52451,-0.25031,-31.470,-0.501,-1,375.000,-1,375.000,-1,300.000,325.000,300.000,300.000,-1,600.000,550.000,-1,725.000,725.000,-1,-1,2,0,2,0,2,0,0,0,0,2,0,0,2,0,0,2,2
132,-4940.263,5063.788,159.511,82.607,0.129097,-0.991308,-0.025331,0.991500,0.128620,0.019622,-0.016193,-0.027648,0.999487,0,-0.52451,-0.25031,-31.470,-0.501,-1,375.000,-1,375.000,-1,300.000,325.000,300.000,325.000,-1,625.000,550.000,-1,725.000,725.000,-1,-1,2,0,2,0,2,0,0,0,0,2,0,0,2,0,0,2,2
133,-4944.585,5032.616,160.155,82.107,0.137778,-0.990142,-0.025225,0.990317,0.137276,0.020654,-0.016988,-0.027827,0.999468,0,-0.52451,-0.25031,-31.470,-0.501,-1,375.000,-1,375.000,-1,300.000,325.000,300.000,325.000,-1,650.000,575.000,-1,725.000,725.000,-1,-1,2,0,2,0,2,0,0,0,0,2,0,0,2,0,0,2,2
134,-4949.179,5001.482,160.790,81.606,0.146448,-0.988900,-0.025113,0.989059,0.145921,0.021685,-0.017780,-0.028014,0.999449,0,-0.52451,-0.25031,-31.470,-0.501,-1,375.000,-1,375.000,-1,300.000,325.000,300.000,325.000,-1,675.000,575.000,-1,725.000,700.000,-1,-1,2,0,2,0,2,0,0,0,0,2,0,0,2,0,0,2,2
135,-4954.045,4970.390,161.418,81.105,0.155108,-0.987581,-0.024994,0.987723,0.154555,0.022713,-0.018568,-0.028210,0.999430,0,-0.52451,-0.25031,-31.470,-0.501,-1,375.000,-1,375.000,-1,300.000,325.000,300.000,325.000,-1,700.000,600.000,-1,725.000,700.000,-1,-1,2,0,2,0,2,0,0,0,0,2,0,0,2,0,0,2,2
136,-4958.509,4944.096,161.941,80.365,0.167880,-0.985493,-0.024889,0.985623,0.167306,0.023591,-0.019085,-0.028492,0.999412,0,-0.44451,-0.37031,-26.670,-0.741,-1,375.000,-1,375.000,-1,300.000,300.000,300.000,325.000,-1,750.000,625.000,-1,700.000,700.000,-1,-1,2,0,2,0,2,0,0,0,0,2,0,0,2,0,0,2,2
137,-4962.538,4922.600,162.358,79.384,0.184736,-0.982475,-0.024793,0.982598,0.184145,0.024322,-0.019330,-0.028854,0.999397,0,-0.36451,-0.49031,-21.870,-0.981,-1,375.000,-1,375.000,-1,300.000,300.000,300.000,325.000,-1,825.000,650.000,-1,700.000,700.000,-1,-1,2,0,2,0,2,0,0,0,0,2,0,0,2,0,0,2,2
