timestep,x_cm,y_cm,z_cm,yaw_deg,basis_xx,basis_xy,basis_xz,basis_yx,basis_yy,basis_yz,basis_zx,basis_zy,basis_zz,teleport_flag,throttle_cmd,steering_cmd,cmd_move_cm,cmd_turn_deg,lidar_cm_0,lidar_cm_1,lidar_cm_2,lidar_cm_3,lidar_cm_4,lidar_cm_5,lidar_cm_6,lidar_cm_7,lidar_cm_8,lidar_cm_9,lidar_cm_10,lidar_cm_11,lidar_cm_12,lidar_cm_13,lidar_cm_14,lidar_cm_15,lidar_cm_16,lidar_class_0,lidar_class_1,lidar_class_2,lidar_class_3,lidar_class_4,lidar_class_5,lidar_class_6,lidar_class_7,lidar_class_8,lidar_class_9,lidar_class_10,lidar_class_11,lidar_class_12,lidar_class_13,lidar_class_14,lidar_class_15,lidar_class_16
0,-331.079,-2948.038,-65.096,130.048,-0.645410,-0.763180,-0.031666,0.762607,-0.641466,-0.083380,0.043322,-0.077963,0.996015,1,0.08000,0.12000,4.800,0.240,-1,400.000,-1,400.000,-1,325.000,325.000,325.000,325.000,-1,-1,-1,-1,825.000,825.000,-1,-1,2,0,2,0,2,0,0,0,0,2,2,2,2,0,0,2,2
1,-337.317,-2940.742,-64.703,130.528,-0.651759,-0.757747,-0.032102,0.757251,-0.647809,-0.083158,0.042217,-0.078508,0.996019,0,0.16000,0.24000,9.600,0.480,-1,400.000,-1,400.000,-1,325.000,325.000,325.000,325.000,-1,-1,-1,-1,825.000,825.000,-1,-1,2,0,2,0,2,0,0,0,0,2,2,2,2,0,0,2,2
2,-346.812,-2929.916,-64.129,131.248,-0.661195,-0.749498,-0.032764,0.749117,-0.657237,-0.082844,0.040558,-0.079320,0.996024,0,0.24000,0.36000,14.400,0.720,-1,400.000,-1,400.000,-1,325.000,325.000,325.000,325.000,-1,-1,-1,-1,825.000,825.000,-1,-1,2,0,2,0,2,0,0,0,0,2,2,2,2,0,0,2,2
3,-359.711,-2915.696,-63.389,132.208,-0.673613,-0.738318,-0.033660,0.738089,-0.669645,-0.082463,0.038344,-0.080392,0.996026,0,0.32000,0.48000,19.200,0.960,-1,400.000,-1,400.000,-1,325.000,325.000,325.000,325.000,-1,-1,-1,-1,825.000,825.000,-1,-1,2,0,2,0,2,0,0,0,0,2,2,2,2,0,0,2,2
4,-376.204,-2898.262,-62.506,133.408,-0.688865,-0.724054,-0.034798,0.724016,-0.684886,-0.082048,0.035575,-0.081714,0.996021,0,0.40000,0.60000,24.000,1.200,-1,400.000,-1,400.000,-1,325.000,325.000,325.000,325.000,-1,-1,-1,-1,825.000,825.000,-1,-1,2,0,2,0,2,0,0,0,0,2,2,2,2,0,0,2,2
5,-396.515,-2877.845,-61.593,134.848,-0.706767,-0.706540,-0.035795,0.706700,-0.702792,-0.081600,0.032497,-0.082968,0.996022,0,0.48000,0.72000,28.800,1.440,-1,400.000,-1,400.000,-1,325.000,325.000,325.000,300.000,-1,-1,-1,-1,800.000,800.000,-1,-1,2,0,2,0,2,0,0,0,0,2,2,2,2,0,0,2,2
6,-420.900,-2854.731,-60.658,136.528,-0.727087,-0.685560,-0.036768,0.685931,-0.723128,-0.081148,0.029044,-0.084222,0.996024,0,0.56000,0.84000,33.600,1.680,-1,400.000,-1,400.000,-1,325.000,325.000,325.000,300.000,-1,-1,-1,-1,800.000,800.000,-1,-1,2,0,2,0,2,0,0,0,0,2,2,2,2,0,0,2,2
7,-449.636,-2829.263,-59.693,138.448,-0.749542,-0.660868,-0.037950,0.661482,-0.745601,-0.080758,0.025075,-0.085635,0.996011,0,0.64000,0.96000,38.400,1.920,-1,400.000,-1,400.000,-1,325.000,325.000,325.000,300.000,-1,-1,-1,-1,800.000,800.000,-1,-1,2,0,2,0,2,0,0,0,0,2,2,2,2,0,0,2,2
8,-482.946,-2801.756,-58.729,140.447,-0.772034,-0.634363,-0.039350,0.635240,-0.768107,-0.080511,0.020848,-0.087153,0.995977,0,0.72000,0.99992,43.200,2.000,-1,400.000,-1,400.000,-1,325.000,325.000,325.000,300.000,-1,-1,-1,-1,800.000,800.000,-1,-1,2,0,2,0,2,0,0,0,0,2,2,2,2,0,0,2,2
9,-521.000,-2772.504,-57.795,142.447,-0.793582,-0.607083,-0.040958,0.608239,-0.789665,-0.080463,0.016505,-0.088767,0.995916,0,0.80000,1.00000,48.000,2.000,-1,400.000,-1,400.000,-1,325.000,325.000,325.000,300.000,-1,-1,-1,-1,800.000,800.000,-1,-1,2,0,2,0,2,0,0,0,0,2,2,2,2,0,0,2,2
10,-563.958,-2741.807,-56.922,144.447,-0.814160,-0.579064,-0.042755,0.580515,-0.810245,-0.080656,0.012063,-0.090487,0.995825,0,0.88000,1.00000,52.800,2.000,-1,400.000,-1,400.000,-1,325.000,325.000,300.000,300.000,-1,-1,-1,-1,775.000,800.000,-1,-1,2,0,2,0,2,0,0,0,0,2,2,2,2,0,0,2,2
11,-611.960,-2709.975,-56.120,146.447,-0.833745,-0.550345,-0.044616,0.552098,-0.829826,-0.081096,0.007608,-0.092246,0.995707,0,0.96000,1.00000,57.600,2.000,-1,400.000,-1,400.000,-1,325.000,325.000,300.000,300.000,-1,-1,-1,-1,775.000,800.000,-1,-1,2,0,2,0,2,0,0,0,0,2,2,2,2,0,0,2,2
12,-662.860,-2678.723,-55.473,148.447,-0.852311,-0.520959,-0.046559,0.523026,-0.848381,-0.081813,0.003122,-0.094082,0.995560,0,0.99549,1.00000,59.730,2.000,-1,400.000,-1,400.000,-1,325.000,325.000,300.000,300.000,-1,-1,-1,-1,750.000,825.000,-1,-1,2,0,2,0,2,0,0,0,0,2,2,2,2,0,0,2,2
13,-715.044,-2649.139,-55.108,150.447,-0.869820,-0.490972,-0.048578,0.493367,-0.865915,-0.082343,-0.001636,-0.095590,0.995419,0,0.99981,0.99969,59.988,1.999,-1,400.000,-1,400.000,-1,325.000,325.000,300.000,325.000,-1,-1,-1,-1,750.000,825.000,-1,-1,2,0,2,0,2,0,0,0,0,2,2,2,2,0,0,2,2
14,-768.236,-2621.384,-55.336,152.444,-0.886320,-0.460489,-0.048849,0.463044,-0.882498,-0.082388,-0.005170,-0.095642,0.995402,0,1.00000,0.99876,60.000,1.998,-1,400.000,-1,400.000,-1,325.000,325.000,300.000,325.000,-1,-1,-1,-1,750.000,825.000,-1,-1,2,0,2,0,2,0,0,0,0,2,2,2,2,0,0,2,2
15,-822.362,-2595.497,-55.893,154.439,-0.901749,-0.429507,-0.048713,0.432179,-0.898032,-0.082215,-0.008434,-0.095190,0.995423,0,1.00000,0.99748,60.000,1.995,-1,400.000,-1,400.000,1000.000,325.000,325.000,300.000,325.000,-1,-1,-1,-1,725.000,825.000,-1,-1,2,0,2,0,1,0,0,0,0,2,2,2,2,0,1,2,2
16,-877.355,-2571.506,-56.720,156.431,-0.916062,-0.398065,-0.048736,0.400860,-0.912479,-0.081814,-0.011903,-0.094483,0.995455,0,1.00000,0.99583,60.000,1.992,-1,400.000,-1,400.000,975.000,325.000,325.000,300.000,325.000,-1,-1,-1,-1,725.000,750.000,-1,975.000,2,0,2,0,1,0,0,0,0,2,2,2,2,0,1,2,1
17,-933.147,-2549.438,-57.756,158.419,-0.929254,-0.366201,-0.048819,0.369123,-0.925794,-0.081575,-0.015324,-0.093824,0.995471,0,1.00000,0.99379,60.000,1.988,-1,400.000,-1,400.000,925.000,325.000,325.000,300.000,325.000,-1,-1,-1,-1,725.000,675.000,-1,875.000,2,0,2,0,1,0,0,0,0,2,2,2,2,0,1,2,1
18,-989.669,-2529.313,-58.966,160.401,-0.941308,-0.333975,-0.048993,0.337026,-0.937973,-0.081359,-0.018782,-0.093096,0.995480,0,1.00000,0.99134,60.000,1.983,-1,400.000,-1,400.000,875.000,325.000,325.000,300.000,325.000,-1,-1,-1,-1,700.000,625.000,-1,775.000,2,0,2,0,1,0,0,0,0,2,2,2,2,0,1,2,1
19,-1046.852,-2511.149,-60.350,162.378,-0.952212,-0.301441,-0.049246,0.304624,-0.949007,-0.081182,-0.022263,-0.092304,0.995482,0,1.00000,0.98847,60.000,1.977,-1,375.000,-1,400.000,800.000,325.000,325.000,300.000,325.000,-1,-1,-1,-1,700.000,575.000,-1,700.000,2,0,2,0,1,0,0,0,0,2,2,2,2,0,1,2,1
20,-1104.625,-2494.962,-61.902,164.348,-0.961960,-0.268656,-0.049566,0.271973,-0.958885,-0.081059,-0.025751,-0.091456,0.995476,0,1.00000,0.98514,60.000,1.970,-1,375.000,-1,375.000,700.000,325.000,325.000,300.000,300.000,-1,-1,-1,-1,700.000,550.000,-1,625.000,2,0,2,1,1,0,1,0,0,2,2,2,2,0,1,2,1
21,-1162.919,-2480.763,-63.621,166.311,-0.970548,-0.235677,-0.049938,0.239130,-0.967603,-0.081003,-0.029229,-0.090559,0.995462,0,1.00000,0.98135,60.000,1.963,-1,375.000,-1,350.000,600.000,300.000,300.000,300.000,325.000,-1,-1,-1,-1,675.000,500.000,-1,550.000,2,0,2,1,1,0,1,0,0,2,2,2,2,0,1,2,1
22,-1221.663,-2468.561,-65.514,168.265,-0.977976,-0.202563,-0.050309,0.206147,-0.975163,-0.080995,-0.032653,-0.089583,0.995444,0,1.00000,0.97706,60.000,1.954,-1,375.000,-1,350.000,525.000,300.000,300.000,300.000,325.000,-1,-1,-1,-1,675.000,475.000,-1,475.000,2,0,2,1,1,0,1,0,0,2,2,2,2,0,1,2,1
23,-1280.788,-2458.357,-67.597,170.210,-0.984269,-0.169382,-0.050245,0.173038,-0.981615,-0.080564,-0.035675,-0.087990,0.995482,0,1.00000,0.97225,60.000,1.944,-1,375.000,-1,325.000,425.000,300.000,300.000,300.000,325.000,-1,-1,-1,-1,675.000,450.000,-1,425.000,2,0,2,1,1,0,1,0,0,2,2,2,2,0,1,2,1
24,-1340.222,-2450.153,-69.531,172.144,-0.989459,-0.136195,-0.049211,0.139796,-0.987009,-0.079190,-0.037786,-0.085234,0.995644,0,1.00000,0.96690,60.000,1.934,-1,375.000,-1,325.000,375.000,300.000,300.000,300.000,325.000,-1,-1,-1,-1,675.000,450.000,-1,375.000,2,0,2,1,1,0,1,0,0,2,2,2,2,0,1,2,1
25,-1399.899,-2443.954,-69.825,174.065,-0.993752,-0.102980,-0.043036,0.106346,-0.990685,-0.085055,-0.033877,-0.089100,0.995446,0,1.00000,0.96098,60.000,1.922,-1,375.000,-1,325.000,325.000,325.000,325.000,300.000,325.000,-1,-1,-1,-1,675.000,450.000,-1,350.000,2,0,2,1,1,0,0,0,0,2,2,2,2,0,1,2,1
26,-1459.749,-2439.746,-70.076,175.974,-0.996909,-0.069892,-0.035879,0.072916,-0.993147,-0.091339,-0.029249,-0.093673,0.995173,0,1.00000,0.95449,60.000,1.909,-1,400.000,-1,350.000,300.000,325.000,325.000,300.000,350.000,-1,700.000,800.000,-1,700.000,475.000,-1,325.000,2,0,2,1,1,0,0,0,0,2,0,0,2,0,1,2,1
27,-1519.706,-2437.519,-70.748,177.869,-0.998894,-0.037003,-0.029015,0.039637,-0.994574,-0.096185,-0.025299,-0.097229,0.994940,0,1.00000,0.94741,60.000,1.895,-1,400.000,-1,350.000,275.000,325.000,350.000,300.000,375.000,-1,425.000,525.000,-1,725.000,500.000,-1,325.000,2,0,2,1,1,0,0,0,0,2,0,0,2,0,1,2,1
28,-1579.703,-2437.259,-71.925,179.749,-0.999730,-0.004363,-0.022844,0.006612,-0.995035,-0.099308,-0.022298,-0.099432,0.994795,0,1.00000,0.93974,60.000,1.879,-1,400.000,-1,375.000,275.000,350.000,350.000,300.000,400.000,-1,325.000,400.000,-1,750.000,575.000,-1,325.000,2,0,2,1,1,0,0,0,0,2,0,0,2,0,1,2,1
29,-1639.683,-2438.713,-73.587,181.388,-0.999554,0.024105,-0.017633,-0.022207,-0.994652,-0.100865,-0.019970,-0.100428,0.994744,0,1.00000,0.81974,60.000,1.639,-1,425.000,-1,400.000,250.000,350.000,350.000,300.000,350.000,-1,250.000,325.000,-1,775.000,700.000,-1,325.000,2,0,2,1,1,0,0,0,1,2,0,0,2,0,1,2,1
30,-1699.610,-2441.630,-75.696,182.788,-0.998737,0.048390,-0.013490,-0.046785,-0.993781,-0.101052,-0.018296,-0.100293,0.994790,0,1.00000,0.69974,60.000,1.399,-1,425.000,-1,425.000,250.000,350.000,375.000,300.000,275.000,-1,225.000,300.000,-1,775.000,1000.000,-1,350.000,2,0,2,1,1,0,0,0,1,2,0,0,2,0,0,2,1
31,-1759.467,-2445.759,-78.199,183.947,-0.997597,0.068498,-0.010421,-0.067116,-0.992711,-0.100101,-0.017202,-0.099161,0.994923,0,1.00000,0.57974,60.000,1.159,-1,425.000,-1,450.000,225.000,350.000,375.000,300.000,250.000,-1,200.000,275.000,-1,775.000,1000.000,-1,-1,2,0,2,1,1,0,0,0,1,2,0,0,2,0,0,2,2
32,-1819.249,-2450.846,-81.028,184.867,-0.996394,0.084435,-0.008341,-0.083213,-0.991675,-0.098267,-0.016569,-0.097218,0.995125,0,1.00000,0.45974,60.000,0.919,-1,425.000,-1,450.000,225.000,350.000,375.000,300.000,200.000,-1,200.000,250.000,-1,775.000,1000.000,-1,-1,2,0,2,1,1,0,0,0,1,2,0,0,2,0,0,2,2
33,-1878.783,-2456.624,-84.097,185.546,-0.995336,0.096213,-0.007087,-0.095096,-0.990846,-0.095821,-0.016241,-0.094700,0.995373,0,0.99690,0.33974,59.814,0.679,-1,425.000,-1,475.000,-1,350.000,350.000,300.000,175.000,-1,200.000,250.000,-1,775.000,975.000,-1,-1,2,0,2,0,2,0,0,0,1,2,0,0,2,0,0,2,2
34,-1937.954,-2462.825,-87.149,185.986,-0.994572,0.103832,-0.006814,-0.102743,-0.990288,-0.093668,-0.016473,-0.092460,0.995580,0,0.99160,0.21974,59.496,0.439,-1,425.000,-1,450.000,-1,350.000,350.000,300.000,175.000,-1,200.000,250.000,-1,775.000,975.000,-1,-1,2,0,2,0,2,0,0,0,1,2,0,0,2,0,0,2,2
35,-1996.767,-2469.201,-89.373,186.185,-0.994142,0.107275,-0.013171,-0.105560,-0.989884,-0.094796,-0.023207,-0.092850,0.995410,0,0.98595,0.09974,59.157,0.199,-1,400.000,-1,450.000,-1,325.000,350.000,300.000,150.000,-1,325.000,375.000,-1,725.000,900.000,-1,-1,2,0,2,0,2,0,0,0,1,2,0,0,2,0,0,2,2
36,-2055.235,-2475.495,-91.086,186.145,-0.994120,0.106587,-0.019116,-0.104343,-0.990075,-0.094154,-0.028962,-0.091605,0.995374,0,0.98009,-0.02026,58.806,-0.041,-1,375.000,-1,425.000,-1,325.000,350.000,300.000,150.000,-1,525.000,575.000,-1,700.000,875.000,-1,-1,2,0,2,0,2,0,0,0,1,2,0,0,2,0,0,2,2
37,-2113.380,-2481.467,-92.629,185.864,-0.994534,0.101745,-0.023435,-0.099141,-0.990654,-0.093674,-0.032747,-0.090838,0.995327,0,0.97418,-0.14026,58.451,-0.281,-1,375.000,-1,425.000,-1,325.000,325.000,300.000,150.000,-1,750.000,800.000,-1,675.000,825.000,-1,-1,2,0,2,0,2,0,0,0,1,2,0,0,2,0,0,2,2
38,-2171.230,-2486.878,-94.067,185.343,-0.995342,0.092745,-0.026304,-0.089933,-0.991581,-0.093163,-0.034723,-0.090363,0.995303,0,0.96835,-0.26026,58.101,-0.521,-1,375.000,-1,425.000,-1,325.000,325.000,300.000,125.000,-1,975.000,-1,-1,650.000,825.000,-1,-1,2,0,2,0,2,0,0,0,1,2,0,2,2,0,0,2,2
39,-2228.811,-2491.493,-95.447,184.583,-0.996438,0.079579,-0.027913,-0.076696,-0.992762,-0.092416,-0.035065,-0.089946,0.995329,0,0.96275,-0.38026,57.765,-0.761,1000.000,375.000,-1,425.000,-1,325.000,325.000,300.000,125.000,-1,-1,-1,-1,625.000,800.000,-1,-1,0,0,2,0,2,0,0,0,1,2,2,2,2,0,0,2,2
40,-2286.149,-2495.082,-96.818,183.582,-0.997655,0.062234,-0.028484,-0.059404,-0.994053,-0.091265,-0.033994,-0.089359,0.995419,0,0.95749,-0.50026,57.449,-1.001,975.000,375.000,-1,425.000,-1,300.000,325.000,300.000,125.000,-1,-1,-1,-1,625.000,800.000,-1,-1,0,0,2,0,2,0,0,0,1,2,2,2,2,0,0,2,2
41,-2343.262,-2497.416,-98.228,182.342,-0.998772,0.040703,-0.028259,-0.038025,-0.995255,-0.089568,-0.031771,-0.088384,0.995580,0,0.95266,-0.62026,57.159,-1.241,950.000,375.000,-1,425.000,-1,325.000,325.000,300.000,150.000,-1,-1,-1,-1,625.000,800.000,-1,-1,0,0,2,0,2,0,0,0,1,2,2,2,2,0,0,2,2
42,-2400.157,-2498.268,-99.724,180.861,-0.999510,0.014976,-0.027486,-0.012528,-0.996112,-0.087196,-0.028685,-0.086809,0.995812,0,0.94833,-0.74026,56.900,-1.481,950.000,375.000,-1,425.000,-1,325.000,325.000,300.000,150.000,-1,-1,-1,-1,625.000,825.000,-1,-1,0,0,2,0,2,0,0,0,1,2,2,2,2,0,0,2,2
43,-2456.825,-2497.415,-101.351,179.141,-0.999540,-0.014941,-0.026403,0.017112,-0.996317,-0.084023,-0.025050,-0.084436,0.996114,0,0.94456,-0.86026,56.673,-1.721,950.000,375.000,-1,425.000,-1,325.000,325.000,300.000,150.000,-1,-1,-1,-1,625.000,825.000,-1,-1,0,0,2,0,2,0,0,0,1,2,2,2,2,0,0,2,2
44,-2513.239,-2494.632,-103.149,177.180,-0.998479,-0.049031,-0.025223,0.050904,-0.995500,-0.079923,-0.021190,-0.081085,0.996482,0,0.94135,-0.98026,56.481,-1.961,975.000,375.000,-1,425.000,-1,325.000,325.000,300.000,175.000,-1,-1,-1,-1,650.000,850.000,-1,-1,0,0,2,0,2,0,0,0,1,2,2,2,2,0,0,2,2
45,-2569.365,-2489.895,-105.071,175.180,-0.996182,-0.083772,-0.024564,0.085398,-0.993516,-0.075056,-0.018117,-0.076867,0.996877,0,0.93873,-1.00000,56.324,-2.000,950.000,375.000,-1,400.000,-1,300.000,325.000,300.000,175.000,-1,-1,-1,-1,650.000,825.000,-1,-1,0,0,2,0,2,0,0,0,1,2,2,2,2,0,0,2,2
46,-2625.150,-2483.217,-106.866,173.180,-0.992654,-0.118446,-0.024676,0.119882,-0.990424,-0.068479,-0.016329,-0.070934,0.997347,0,0.93637,-1.00000,56.182,-2.000,950.000,375.000,-1,400.000,-1,300.000,325.000,300.000,175.000,-1,-1,-1,325.000,650.000,825.000,-1,-1,0,0,2,0,2,0,0,0,1,2,2,2,1,0,0,2,2
47,-2680.540,-2474.616,-108.392,171.180,-0.987932,-0.153010,-0.024071,0.154223,-0.986140,-0.061176,-0.014377,-0.064150,0.997837,0,0.93420,-1.00000,56.052,-2.000,975.000,375.000,-1,400.000,-1,300.000,325.000,300.000,175.000,-1,-1,-1,275.000,650.000,825.000,-1,-1,0,0,2,0,2,0,0,0,1,2,2,2,1,0,0,2,2
48,-2735.481,-2464.113,-108.943,169.180,-0.982041,-0.187372,-0.022091,0.188357,-0.980410,-0.057606,-0.010864,-0.060732,0.998095,0,0.93225,-1.00000,55.935,-2.000,1000.000,375.000,-1,400.000,-1,300.000,325.000,300.000,175.000,-1,-1,-1,225.000,650.000,825.000,-1,-1,0,0,2,0,2,0,0,0,1,2,2,2,1,0,0,2,2
49,-2789.920,-2451.723,-109.215,167.180,-0.974934,-0.221508,-0.020935,0.222343,-0.973423,-0.054881,-0.008222,-0.058160,0.998273,0,0.93051,-1.00000,55.831,-2.000,1000.000,375.000,-1,400.000,-1,325.000,325.000,300.000,200.000,-1,-1,-1,250.000,675.000,850.000,-1,-1,0,0,2,0,2,0,0,0,1,2,2,2,1,0,0,2,2
50,-2843.806,-2437.464,-109.270,165.180,-0.966625,-0.255373,-0.020492,0.256116,-0.965204,-0.052778,-0.006301,-0.056265,0.998396,0,0.92899,-1.00000,55.739,-2.000,-1,375.000,-1,400.000,-1,325.000,325.000,300.000,200.000,-1,-1,-1,275.000,675.000,850.000,-1,-1,2,0,2,0,2,0,0,0,1,2,2,2,1,0,0,2,2
51,-2897.085,-2421.357,-109.170,163.180,-0.957130,-0.288925,-0.020626,0.289618,-0.955778,-0.051096,-0.004951,-0.054879,0.998481,0,0.92768,-1.00000,55.661,-2.000,-1,375.000,-1,400.000,-1,325.000,325.000,300.000,225.000,-1,-1,-1,275.000,675.000,875.000,-1,-1,2,0,2,0,2,0,0,0,1,2,2,2,1,0,0,2,2
52,-2945.295,-2405.150,-108.971,161.420,-0.947800,-0.318158,-0.021210,0.318837,-0.946498,-0.049848,-0.004216,-0.054009,0.998532,0,0.84768,-0.88000,50.861,-1.760,-1,375.000,-1,425.000,-1,325.000,325.000,300.000,225.000,-1,-1,-1,300.000,675.000,900.000,-1,-1,2,0,2,0,2,0,0,0,1,2,2,2,1,0,0,2,2
53,-2990.273,-2388.685,-108.713,159.893,-0.938974,-0.343278,-0.022111,0.343967,-0.937709,-0.048867,-0.003959,-0.053491,0.998561,0,0.79827,-0.76353,47.896,-1.527,-1,375.000,-1,425.000,-1,325.000,325.000,275.000,250.000,-1,-1,-1,325.000,675.000,900.000,-1,-1,2,0,2,0,2,0,0,0,1,2,2,2,1,0,0,2,2
54,-3034.746,-2371.048,-108.493,158.369,-0.929500,-0.368106,-0.022973,0.368803,-0.928277,-0.047808,-0.003727,-0.052910,0.998592,0,0.79737,-0.76197,47.842,-1.524,-1,375.000,-1,425.000,-1,325.000,325.000,275.000,275.000,-1,-1,-1,350.000,700.000,900.000,-1,-1,2,0,2,0,2,0,0,0,1,2,2,2,1,0,0,2,2
55,-3078.694,-2352.256,-108.343,156.849,-0.919393,-0.392626,-0.023674,0.393324,-0.918217,-0.046617,-0.003435,-0.052171,0.998632,0,0.79662,-0.76034,47.797,-1.521,-1,375.000,-1,425.000,-1,325.000,325.000,275.000,300.000,-1,-1,-1,350.000,700.000,900.000,-1,-1,2,0,2,0,2,0,0,0,1,2,2,2,1,0,0,2,2
56,-3122.097,-2332.321,-108.297,155.331,-0.908668,-0.416823,-0.024089,0.417508,-0.907545,-0.045258,-0.002997,-0.051182,0.998685,0,0.79602,-0.75866,47.761,-1.517,-1,375.000,-1,425.000,-1,325.000,325.000,275.000,300.000,-1,-1,-1,375.000,700.000,925.000,-1,-1,2,0,2,0,2,0,0,0,1,2,2,2,1,0,0,2,2
57,-3164.932,-2311.258,-108.217,153.817,-0.897327,-0.440698,-0.024278,0.441357,-0.896307,-0.042859,-0.002873,-0.049174,0.998786,0,0.79556,-0.75692,47.733,-1.514,-1,375.000,-1,425.000,-1,325.000,325.000,275.000,325.000,-1,-1,-1,400.000,725.000,925.000,-1,-1,2,0,2,0,2,0,0,0,0,2,2,2,1,0,0,2,2
58,-3207.180,-2289.082,-108.234,152.307,-0.885398,-0.464228,-0.023712,0.464827,-0.884496,-0.040036,-0.002387,-0.046470,0.998917,0,0.79522,-0.75513,47.713,-1.510,-1,375.000,-1,425.000,-1,325.000,325.000,275.000,325.000,-1,-1,-1,400.000,725.000,925.000,-1,-1,2,0,2,0,2,0,0,0,0,2,2,2,1,0,0,2,2
59,-3248.818,-2265.809,-108.356,150.801,-0.872902,-0.487401,-0.021965,0.487894,-0.872124,-0.036853,-0.001194,-0.042886,0.999079,0,0.79502,-0.75329,47.701,-1.507,-1,400.000,-1,425.000,-1,325.000,325.000,275.000,300.000,-1,-1,-1,425.000,750.000,925.000,-1,-1,2,0,2,0,2,0,0,0,0,2,2,2,1,0,0,2,2
60,-3289.828,-2241.455,-108.712,149.298,-0.859842,-0.510191,-0.019414,0.510560,-0.859187,-0.033559,0.000441,-0.038768,0.999248,0,0.79492,-0.75140,47.695,-1.503,-1,400.000,-1,425.000,-1,325.000,325.000,275.000,300.000,-1,-1,-1,425.000,775.000,925.000,-1,-1,2,0,2,0,2,0,0,0,0,2,2,2,1,0,0,2,2
61,-3330.186,-2216.036,-109.343,147.799,-0.846227,-0.532583,-0.015998,0.532817,-0.845691,-0.030203,0.002556,-0.034083,0.999416,0,0.79494,-0.74947,47.696,-1.499,-1,400.000,-1,425.000,-1,325.000,350.000,300.000,300.000,-1,-1,-1,425.000,825.000,925.000,-1,-1,2,0,2,0,2,0,0,0,0,2,2,2,1,0,0,2,2
62,-3369.875,-2189.570,-109.776,146.304,-0.832050,-0.554528,-0.013857,0.554688,-0.831602,-0.027541,0.003749,-0.030602,0.999525,0,0.79506,-0.74750,47.703,-1.495,-1,400.000,-1,425.000,-1,325.000,350.000,300.000,300.000,-1,-1,-1,450.000,850.000,900.000,-1,-1,2,0,2,0,2,0,0,0,0,2,2,2,1,0,0,2,2
63,-3408.872,-2162.073,-109.639,144.813,-0.817322,-0.575994,-0.014695,0.576174,-0.816915,-0.025957,0.002946,-0.029682,0.999555,0,0.79527,-0.74550,47.716,-1.491,-1,400.000,-1,425.000,-1,350.000,350.000,275.000,300.000,-1,-1,-1,475.000,850.000,900.000,-1,-1,2,0,2,0,2,0,0,0,0,2,2,2,1,0,0,2,2
64,-3447.156,-2133.563,-109.570,143.326,-0.802080,-0.597010,-0.015696,0.597213,-0.801710,-0.024460,0.002019,-0.028993,0.999578,0,0.79557,-0.74346,47.734,-1.487,-1,425.000,-1,425.000,-1,350.000,350.000,275.000,300.000,-1,-1,-1,500.000,875.000,900.000,-1,-1,2,0,2,0,2,0,0,0,0,2,2,2,1,0,0,2,2
65,-3484.709,-2104.058,-109.572,141.843,-0.786340,-0.617564,-0.016864,0.617793,-0.786003,-0.023044,0.000975,-0.028539,0.999592,0,0.79594,-0.74139,47.757,-1.483,-1,425.000,-1,425.000,-1,350.000,350.000,275.000,300.000,-1,-1,-1,525.000,900.000,875.000,-1,-1,2,0,2,0,2,0,0,0,0,2,2,2,1,0,0,2,2
66,-3521.508,-2073.577,-109.659,140.365,-0.770115,-0.637645,-0.018200,0.637905,-0.769812,-0.021629,-0.000219,-0.028267,0.999600,0,0.79640,-0.73930,47.784,-1.479,-1,425.000,-1,425.000,-1,350.000,350.000,275.000,300.000,-1,-1,-1,550.000,900.000,875.000,-1,-1,2,0,2,0,2,0,0,0,0,2,2,2,1,0,0,2,2
67,-3557.535,-2042.138,-109.862,138.890,-0.753420,-0.657244,-0.019695,0.657537,-0.753155,-0.020074,-0.001640,-0.028074,0.999604,0,0.79692,-0.73718,47.815,-1.474,-1,425.000,-1,425.000,-1,350.000,350.000,275.000,300.000,-1,-1,-1,575.000,875.000,850.000,-1,-1,2,0,2,0,2,0,0,0,0,2,2,2,1,0,0,2,2
68,-3592.769,-2009.762,-110.164,137.420,-0.736270,-0.676351,-0.021339,0.676680,-0.736046,-0.018451,-0.003227,-0.028024,0.999602,0,0.79750,-0.73503,47.850,-1.470,-1,425.000,-1,425.000,-1,350.000,350.000,275.000,300.000,-1,-1,-1,600.000,875.000,850.000,-1,-1,2,0,2,0,2,0,0,0,0,2,2,2,1,0,0,2,2
69,-3627.191,-1976.468,-110.527,135.954,-0.718684,-0.694952,-0.023140,0.695320,-0.718500,-0.016940,-0.004853,-0.028264,0.999589,0,0.79814,-0.73287,47.889,-1.466,-1,425.000,-1,425.000,-1,350.000,350.000,275.000,300.000,-1,-1,-1,650.000,850.000,825.000,-1,-1,2,0,2,0,2,0,0,0,0,2,2,2,1,0,0,2,2
70,-3660.781,-1942.278,-110.879,134.493,-0.700671,-0.713045,-0.025062,0.713453,-0.700538,-0.015199,-0.006719,-0.028530,0.999570,0,0.79884,-0.73068,47.930,-1.461,-1,425.000,-1,400.000,-1,350.000,325.000,275.000,300.000,-1,-1,-1,675.000,825.000,800.000,-1,-1,2,0,2,0,2,0,0,0,0,2,2,2,1,0,0,2,2
71,-3693.523,-1907.212,-111.223,133.036,-0.682248,-0.730619,-0.027085,0.731068,-0.682176,-0.013243,-0.008801,-0.028835,0.999545,0,0.79958,-0.72848,47.975,-1.457,-1,425.000,-1,400.000,-1,325.000,325.000,275.000,300.000,-1,-1,-1,725.000,825.000,800.000,-1,-1,2,0,2,0,2,0,0,0,0,2,2,2,1,0,0,2,2
72,-3725.396,-1871.292,-111.638,131.584,-0.663434,-0.747662,-0.029254,0.748156,-0.663424,-0.011455,-0.010843,-0.029487,0.999506,0,0.80036,-0.72625,48.022,-1.453,-1,425.000,-1,400.000,-1,325.000,325.000,275.000,300.000,-1,-1,-1,750.000,800.000,775.000,-1,-1,2,0,2,0,2,0,0,0,0,2,2,2,1,0,0,2,2
73,-3756.383,-1834.541,-112.136,130.136,-0.644247,-0.764164,-0.031592,0.764710,-0.644298,-0.009902,-0.012788,-0.030538,0.999452,0,0.80119,-0.72402,48.071,-1.448,-1,400.000,-1,400.000,-1,325.000,325.000,275.000,300.000,-1,-1,-1,800.000,775.000,750.000,-1,-1,2,0,2,0,2,0,0,0,0,2,2,2,1,0,0,2,2
74,-3786.467,-1796.981,-112.712,128.692,-0.624702,-0.780118,-0.034102,0.780726,-0.624815,-0.008537,-0.014647,-0.031958,0.999382,0,0.80205,-0.72177,48.123,-1.444,-1,400.000,-1,400.000,-1,325.000,325.000,275.000,300.000,-1,-1,-1,850.000,750.000,750.000,-1,-1,2,0,2,0,2,0,0,0,0,2,2,2,1,0,0,2,2
75,-3815.631,-1758.634,-113.362,127.253,-0.604813,-0.795517,-0.036792,0.796198,-0.604991,-0.007349,-0.016412,-0.033738,0.999296,0,0.80294,-0.71951,48.176,-1.439,-1,400.000,-1,375.000,-1,325.000,325.000,275.000,300.000,-1,-1,-1,900.000,725.000,725.000,-1,-1,2,0,2,0,2,0,0,0,0,2,2,2,1,0,0,2,2
76,-3843.857,-1719.525,-113.847,125.819,-0.584643,-0.810381,-0.038408,0.811106,-0.584864,-0.006384,-0.017290,-0.034885,0.999242,0,0.80385,-0.71724,48.231,-1.434,-1,400.000,-1,375.000,-1,325.000,325.000,275.000,300.000,-1,-1,-1,950.000,725.000,700.000,-1,-1,2,0,2,0,2,0,0,0,0,2,2,2,1,0,0,2,2
77,-3871.130,-1679.677,-114.105,124.389,-0.564225,-0.824716,-0.038650,0.825444,-0.564454,-0.005744,-0.017079,-0.035145,0.999236,0,0.80479,-0.71496,48.288,-1.430,-1,375.000,-1,375.000,-1,325.000,325.000,275.000,300.000,-1,-1,-1,975.000,725.000,700.000,-1,-1,2,0,2,0,2,0,0,0,0,2,2,2,1,0,0,2,2
78,-3897.435,-1639.114,-114.351,122.963,-0.543537,-0.838493,-0.038683,0.839223,-0.543760,-0.005418,-0.016491,-0.035408,0.999237,0,0.80576,-0.71268,48.346,-1.425,-1,375.000,-1,375.000,-1,325.000,325.000,300.000,300.000,-1,-1,-1,-1,700.000,700.000,-1,-1,2,0,2,0,2,0,0,0,0,2,2,2,2,0,0,2,2
79,-3922.757,-1597.861,-114.619,121.543,-0.522590,-0.851706,-0.038696,0.852441,-0.522796,-0.005396,-0.015634,-0.035806,0.999236,0,0.80674,-0.71038,48.404,-1.421,-1,375.000,-1,375.000,-1,325.000,325.000,300.000,300.000,-1,-1,-1,-1,700.000,700.000,-1,-1,2,0,2,0,2,0,0,0,0,2,2,2,2,0,0,2,2
80,-3947.082,-1555.943,-114.908,120.126,-0.501399,-0.864350,-0.038716,0.865094,-0.501577,-0.005676,-0.014513,-0.036339,0.999234,0,0.80774,-0.70808,48.464,-1.416,-1,375.000,-1,375.000,-1,325.000,325.000,300.000,300.000,-1,-1,-1,-1,700.000,700.000,-1,-1,2,0,2,0,2,0,0,0,0,2,2,2,2,0,0,2,2
81,-3970.396,-1513.386,-115.218,118.715,-0.479982,-0.876422,-0.038764,0.877180,-0.480121,-0.006252,-0.013132,-0.037004,0.999229,0,0.80875,-0.70578,48.525,-1.412,-1,375.000,-1,375.000,-1,325.000,325.000,300.000,300.000,-1,-1,-1,-1,700.000,700.000,-1,-1,2,0,2,0,2,0,0,0,0,2,2,2,2,0,0,2,2
82,-3992.687,-1470.214,-115.592,117.308,-0.458361,-0.887925,-0.038661,0.888693,-0.458446,-0.007157,-0.011369,-0.037638,0.999227,0,0.80977,-0.70347,48.586,-1.407,-1,375.000,-1,375.000,-1,325.000,325.000,300.000,300.000,-1,-1,-1,-1,700.000,700.000,-1,-1,2,0,2,0,2,0,0,0,0,2,2,2,2,0,0,2,2
83,-4015.096,-1424.554,-116.059,116.141,-0.440240,-0.897057,-0.038431,0.897832,-0.440258,-0.008442,-0.009346,-0.038221,0.999226,0,0.84771,-0.58347,50.862,-1.167,-1,375.000,-1,375.000,-1,325.000,325.000,325.000,300.000,-1,-1,-1,-1,700.000,700.000,-1,-1,2,0,2,0,2,0,0,0,0,2,2,2,2,0,0,2,2
84,-4036.788,-1378.486,-116.529,115.214,-0.425731,-0.904036,-0.038377,0.904820,-0.425676,-0.010013,-0.007284,-0.038987,0.999213,0,0.84866,-0.46347,50.919,-0.927,-1,375.000,-1,375.000,-1,325.000,325.000,300.000,300.000,-1,-1,-1,-1,700.000,700.000,-1,-1,2,0,2,0,2,0,0,0,0,2,2,2,2,0,0,2,2
85,-4057.948,-1332.113,-116.900,114.527,-0.414937,-0.909027,-0.038701,0.909837,-0.414785,-0.012252,-0.004915,-0.040295,0.999176,0,0.84954,-0.34347,50.972,-0.687,-1,375.000,-1,375.000,-1,325.000,325.000,300.000,300.000,-1,-1,-1,-1,700.000,700.000,-1,-1,2,0,2,0,2,0,0,0,0,2,2,2,2,0,0,2,2
86,-4078.766,-1285.531,-117.272,114.080,-0.407914,-0.912180,-0.039164,0.913017,-0.407657,-0.014707,-0.002550,-0.041757,0.999125,0,0.85038,-0.22347,51.023,-0.447,-1,375.000,-1,375.000,-1,325.000,325.000,300.000,300.000,-1,-1,-1,-1,700.000,700.000,-1,-1,2,0,2,0,2,0,0,0,0,2,2,2,2,0,0,2,2
87,-4099.652,-1238.340,-117.650,113.873,-0.404705,-0.913584,-0.039732,0.914447,-0.404331,-0.017390,-0.000178,-0.043371,0.999059,0,0.86010,-0.10347,51.606,-0.207,-1,375.000,-1,375.000,-1,300.000,325.000,300.000,300.000,-1,-1,-1,-1,700.000,700.000,-1,-1,2,0,2,0,2,0,0,0,0,2,2,2,2,0,0,2,2
88,-4120.556,-1191.183,-117.603,113.906,-0.405271,-0.913350,-0.039335,0.914196,-0.404858,-0.018298,0.000787,-0.043375,0.999059,0,0.85971,0.01653,51.583,0.033,-1,375.000,-1,375.000,-1,300.000,325.000,300.000,300.000,-1,-1,-1,-1,700.000,700.000,-1,-1,2,0,2,0,2,0,0,0,0,2,2,2,2,0,0,2,2
89,-4141.673,-1144.147,-117.460,114.179,-0.409665,-0.911422,-0.038520,0.912234,-0.409212,-0.019348,0.001872,-0.043066,0.999070,0,0.85931,0.13653,51.559,0.273,-1,375.000,-1,375.000,-1,300.000,325.000,300.000,300.000,-1,-1,-1,-1,700.000,700.000,-1,-1,2,0,2,0,2,0,0,0,0,2,2,2,2,0,0,2,2
90,-4163.201,-1097.324,-117.224,114.692,-0.417854,-0.907746,-0.037346,0.908510,-0.417368,-0.020337,0.002874,-0.042428,0.999095,0,0.85892,0.25653,51.535,0.513,-1,375.000,-1,375.000,-1,300.000,325.000,300.000,300.000,-1,-1,-1,-1,700.000,700.000,-1,-1,2,0,2,0,2,0,0,0,0,2,2,2,2,0,0,2,2
91,-4185.334,-1050.807,-116.976,115.445,-0.429785,-0.902208,-0.036139,0.902924,-0.429275,-0.021253,0.003661,-0.041765,0.999121,0,0.85857,0.37653,51.514,0.753,-1,375.000,-1,375.000,-1,325.000,325.000,300.000,300.000,-1,725.000,-1,-1,700.000,700.000,-1,-1,2,0,2,0,2,0,0,0,0,2,0,2,2,0,0,2,2
92,-4208.262,-1004.695,-116.745,116.438,-0.445390,-0.894655,-0.034939,0.895326,-0.444857,-0.022191,0.004310,-0.041166,0.999143,0,0.85829,0.49653,51.498,0.993,-1,375.000,-1,375.000,-1,325.000,325.000,300.000,300.000,-1,675.000,-1,-1,700.000,700.000,-1,-1,2,0,2,0,2,0,0,0,0,2,0,2,2,0,0,2,2
93,-4229.948,-963.339,-116.561,117.671,-0.464565,-0.884892,-0.033849,0.885527,-0.464016,-0.023065,0.004703,-0.040689,0.999161,0,0.77829,0.61653,46.698,1.233,-1,375.000,-1,375.000,-1,325.000,325.000,300.000,300.000,-1,650.000,-1,-1,700.000,700.000,-1,-1,2,0,2,0,2,0,0,0,0,2,0,2,2,0,0,2,2
94,-4251.918,-923.938,-116.414,119.144,-0.487181,-0.872686,-0.032779,0.873287,-0.486618,-0.023923,0.004927,-0.040281,0.999176,0,0.75187,0.73653,45.112,1.473,-1,375.000,-1,375.000,-1,325.000,325.000,300.000,300.000,-1,650.000,700.000,-1,700.000,700.000,-1,-1,2,0,2,0,2,0,0,0,0,2,0,0,2,0,0,2,2
95,-4275.059,-885.207,-116.306,120.858,-0.513071,-0.857761,-0.031681,0.858331,-0.512496,-0.024789,0.005027,-0.039912,0.999191,0,0.75195,0.85653,45.117,1.713,-1,375.000,-1,375.000,-1,325.000,325.000,300.000,300.000,-1,650.000,650.000,-1,700.000,700.000,-1,-1,2,0,2,0,2,0,0,0,0,2,0,0,2,0,0,2,2
96,-4299.514,-847.275,-116.237,122.811,-0.542024,-0.839807,-0.030555,0.840348,-0.541439,-0.025680,0.005023,-0.039596,0.999203,0,0.75222,0.97653,45.133,1.953,-1,375.000,-1,375.000,-1,325.000,325.000,300.000,300.000,-1,625.000,625.000,-1,700.000,700.000,-1,-1,2,0,2,0,2,0,0,0,0,2,0,0,2,0,0,2,2
97,-4325.273,-810.180,-116.071,124.777,-0.570526,-0.820732,-0.029982,0.821266,-0.569925,-0.026592,0.004737,-0.039795,0.999197,0,0.75269,0.98297,45.162,1.966,-1,375.000,-1,375.000,-1,325.000,325.000,300.000,300.000,-1,625.000,600.000,-1,700.000,700.000,-1,-1,2,0,2,0,2,0,0,0,0,2,0,0,2,0,0,2,2
98,-4352.320,-773.957,-115.957,126.748,-0.598425,-0.800640,-0.029392,0.801167,-0.597812,-0.027414,0.004377,-0.039953,0.999192,0,0.75345,0.98550,45.207,1.971,-1,400.000,-1,375.000,-1,325.000,325.000,300.000,300.000,-1,625.000,600.000,-1,700.000,700.000,-1,-1,2,0,2,0,2,0,0,0,0,2,0,0,2,0,0,2,2
99,-4380.639,-738.640,-115.893,128.724,-0.625687,-0.779543,-0.028799,0.780064,-0.625066,-0.028145,0.003939,-0.040075,0.999189,0,0.75448,0.98820,45.269,1.976,-1,400.000,-1,375.000,-1,325.000,325.000,300.000,300.000,-1,600.000,575.000,-1,700.000,700.000,-1,-1,2,0,2,0,2,0,0,0,0,2,0,0,2,0,0,2,2
100,-4410.213,-704.265,-115.750,130.706,-0.652291,-0.757439,-0.028329,0.757959,-0.651639,-0.029393,0.003803,-0.040645,0.999166,0,0.75578,0.99104,45.347,1.982,-1,375.000,-1,375.000,-1,325.000,325.000,300.000,300.000,-1,600.000,575.000,-1,700.000,700.000,-1,-1,2,0,2,0,2,0,0,0,0,2,0,0,2,0,0,2,2
101,-4441.026,-670.867,-115.645,132.694,-0.678189,-0.734360,-0.027845,0.734879,-0.677507,-0.030603,0.003608,-0.041217,0.999144,0,0.75735,0.99403,45.441,1.988,-1,375.000,-1,375.000,-1,325.000,325.000,300.000,300.000,-1,575.000,575.000,-1,700.000,725.000,-1,-1,2,0,2,0,2,0,0,0,0,2,0,0,2,0,0,2,2
102,-4473.059,-638.484,-115.595,134.688,-0.703345,-0.710323,-0.027345,0.710841,-0.702638,-0.031696,0.003301,-0.041731,0.999123,0,0.75917,0.99715,45.550,1.994,-1,375.000,-1,375.000,-1,325.000,325.000,300.000,300.000,-1,575.000,575.000,-1,700.000,725.000,-1,-1,2,0,2,0,2,0,0,0,0,2,0,0,2,0,0,2,2
103,-4506.281,-607.165,-115.567,136.688,-0.727716,-0.685359,-0.026683,0.685872,-0.726990,-0.032651,0.002979,-0.042061,0.999111,0,0.76097,1.00000,45.658,2.000,-1,375.000,-1,375.000,-1,325.000,325.000,300.000,300.000,-1,575.000,575.000,-1,700.000,725.000,-1,-1,2,0,2,0,2,0,0,0,0,2,0,0,2,0,0,2,2
104,-4540.576,-577.024,-115.492,138.688,-0.751207,-0.659573,-0.025521,0.660061,-0.750470,-0.033388,0.002869,-0.041926,0.999117,0,0.76097,1.00000,45.658,2.000,-1,375.000,-1,400.000,-1,325.000,325.000,300.000,300.000,-1,575.000,600.000,-1,700.000,725.000,-1,-1,2,0,2,0,2,0,0,0,0,2,0,0,2,0,0,2,2
105,-4575.901,-548.098,-115.388,140.688,-0.773773,-0.632994,-0.024356,0.633458,-0.773048,-0.033582,0.002429,-0.041413,0.999139,0,0.76097,1.00000,45.658,2.000,-1,375.000,-1,375.000,-1,325.000,325.000,300.000,300.000,-1,600.000,600.000,-1,700.000,725.000,-1,-1,2,0,2,0,2,0,0,0,0,2,0,0,2,0,0,2,2
106,-4612.215,-520.422,-115.313,142.688,-0.795395,-0.605646,-0.023238,0.606089,-0.794689,-0.033546,0.001850,-0.040766,0.999167,0,0.76097,1.00000,45.658,2.000,-1,375.000,-1,375.000,-1,325.000,325.000,300.000,300.000,-1,600.000,625.000,-1,700.000,700.000,-1,-1,2,0,2,0,2,0,0,0,0,2,0,0,2,0,0,2,2
107,-4649.491,-494.016,-115.290,144.687,-0.816029,-0.577585,-0.022185,0.578010,-0.815346,-0.033403,0.001205,-0.040081,0.999196,0,0.76137,0.99907,45.682,1.998,-1,375.000,-1,375.000,-1,325.000,325.000,300.000,300.000,-1,625.000,650.000,-1,700.000,700.000,-1,-1,2,0,2,0,2,0,0,0,0,2,0,0,2,0,0,2,2
108,-4687.692,-468.904,-115.299,146.681,-0.835638,-0.548868,-0.021298,0.549281,-0.834978,-0.033193,0.000435,-0.039436,0.999222,0,0.76193,0.99740,45.716,1.995,-1,375.000,-1,375.000,-1,325.000,325.000,300.000,300.000,-1,650.000,675.000,-1,700.000,700.000,-1,-1,2,0,2,0,2,0,0,0,0,2,0,0,2,0,0,2,2
109,-4726.761,-445.124,-115.363,148.673,-0.854205,-0.519533,-0.020480,0.519937,-0.853571,-0.032899,-0.000389,-0.038750,0.999249,0,0.76229,0.99576,45.737,1.992,-1,375.000,-1,375.000,-1,300.000,300.000,300.000,300.000,-1,700.000,700.000,-1,675.000,700.000,-1,-1,2,0,2,0,2,0,0,0,0,2,0,0,2,0,0,2,2
110,-4766.641,-422.709,-115.442,150.661,-0.871720,-0.489612,-0.019602,0.490003,-0.871104,-0.032779,-0.001027,-0.038179,0.999270,0,0.76246,0.99429,45.748,1.989,-1,375.000,-1,375.000,-1,300.000,300.000,300.000,300.000,-1,725.000,725.000,-1,675.000,700.000,-1,-1,2,0,2,0,2,0,0,0,0,2,0,0,2,0,0,2,2
111,-4807.273,-401.690,-115.345,152.648,-0.888182,-0.459120,-0.018469,0.459491,-0.887542,-0.033724,-0.000909,-0.038439,0.999261,0,0.76246,0.99316,45.748,1.986,-1,375.000,-1,375.000,-1,300.000,300.000,300.000,300.000,-1,700.000,700.000,-1,675.000,700.000,-1,-1,2,0,2,0,2,0,0,0,0,2,0,0,2,0,0,2,2
112,-4848.602,-382.095,-115.185,154.632,-0.903556,-0.428099,-0.017799,0.428468,-0.902885,-0.034836,-0.001157,-0.039102,0.999235,0,0.76232,0.99224,45.739,1.984,-1,375.000,-1,375.000,-1,325.000,300.000,300.000,300.000,-1,725.000,725.000,-1,675.000,700.000,-1,-1,2,0,2,0,2,0,0,0,0,2,0,0,2,0,0,2,2
113,-4890.571,-363.947,-115.090,156.615,-0.917838,-0.396590,-0.017049,0.396954,-0.917137,-0.035888,-0.001404,-0.039707,0.999210,0,0.76207,0.99154,45.724,1.983,-1,375.000,-1,375.000,-1,325.000,325.000,300.000,300.000,-1,725.000,725.000,-1,675.000,700.000,-1,-1,2,0,2,0,2,0,0,0,0,2,0,0,2,0,0,2,2
114,-4937.533,-345.314,-115.076,158.358,-0.929489,-0.368501,-0.016055,0.368848,-0.928756,-0.036926,-0.001304,-0.040244,0.999189,0,0.84207,0.87154,50.524,1.743,-1,375.000,-1,375.000,-1,325.000,325.000,300.000,300.000,-1,725.000,750.000,-1,675.000,700.000,-1,-1,2,0,2,0,2,0,0,0,0,2,0,0,2,0,0,2,2
115,-4989.474,-326.267,-115.143,159.861,-0.938851,-0.344005,-0.014817,0.344323,-0.938084,-0.037939,-0.000848,-0.040721,0.999170,0,0.92207,0.75154,55.324,1.503,-1,375.000,-1,375.000,-1,325.000,325.000,300.000,300.000,-1,725.000,725.000,-1,650.000,700.000,-1,-1,2,0,2,0,2,0,0,0,0,2,0,0,2,0,0,2,2
116,-5042.460,-308.151,-115.277,161.125,-0.946222,-0.323238,-0.013447,0.323518,-0.945424,-0.038859,-0.000152,-0.041120,0.999154,0,0.93329,0.63154,55.998,1.263,-1,375.000,-1,375.000,-1,300.000,325.000,300.000,300.000,-1,700.000,725.000,-1,650.000,675.000,-1,-1,2,0,2,0,2,0,0,0,0,2,0,0,2,0,0,2,2
117,-5095.741,-290.991,-115.464,162.148,-0.951859,-0.306302,-0.011983,0.306535,-0.951032,-0.039689,0.000761,-0.041451,0.999140,0,0.93293,0.51154,55.976,1.023,-1,375.000,-1,375.000,-1,300.000,300.000,300.000,300.000,-1,675.000,700.000,-1,650.000,675.000,-1,-1,2,0,2,0,2,0,0,0,0,2,0,0,2,0,0,2,2
118,-5149.234,-274.566,-115.681,162.931,-0.955972,-0.293272,-0.010463,0.293453,-0.955120,-0.040396,0.001853,-0.041688,0.999129,0,0.93264,0.39154,55.958,0.783,-1,375.000,-1,375.000,-1,300.000,300.000,300.000,300.000,-1,675.000,675.000,-1,650.000,675.000,-1,-1,2,0,2,0,2,0,0,0,0,2,0,0,2,0,0,2,2
119,-5202.869,-258.651,-115.633,163.474,-0.958720,-0.284218,-0.008673,0.284334,-0.957896,-0.039872,0.003025,-0.040692,0.999167,0,0.93243,0.27154,55.946,0.543,-1,375.000,-1,375.000,-1,300.000,300.000,300.000,300.000,-1,650.000,675.000,-1,650.000,675.000,-1,-1,2,0,2,0,2,0,0,0,0,2,0,0,2,0,0,2,2
120,-5256.579,-243.022,-115.295,163.777,-0.960225,-0.279172,-0.005618,0.279178,-0.959473,-0.038364,0.005320,-0.038407,0.999248,0,0.93230,0.15154,55.938,0.303,-1,375.000,-1,375.000,-1,300.000,300.000,300.000,300.000,-1,600.000,600.000,-1,650.000,675.000,-1,-1,2,0,2,0,2,0,0,0,0,2,0,0,2,0,0,2,2
121,-5310.318,-227.496,-114.856,163.886,-0.960761,-0.277361,-0.002878,0.277275,-0.960078,-0.037009,0.007502,-0.036355,0.999311,0,0.93228,0.05469,55.937,0.109,-1,375.000,-1,375.000,-1,300.000,300.000,325.000,300.000,-1,575.000,575.000,-1,650.000,675.000,-1,-1,2,0,2,0,2,0,0,0,0,2,0,0,2,0,0,2,2
122,-5364.090,-212.075,-113.915,163.998,-0.961302,-0.275495,-0.000498,0.275320,-0.960625,-0.037388,0.009822,-0.036078,0.999301,0,0.93233,0.05576,55.940,0.112,-1,375.000,-1,375.000,-1,300.000,300.000,325.000,300.000,-1,550.000,550.000,-1,675.000,675.000,-1,-1,2,0,2,0,2,0,0,0,0,2,0,0,2,0,0,2,2
123,-5417.901,-196.758,-112.802,164.112,-0.961846,-0.273581,0.002203,0.273298,-0.961161,-0.038436,0.012633,-0.036367,0.999259,0,0.93247,0.05696,55.948,0.114,-1,375.000,-1,375.000,-1,300.000,300.000,325.000,300.000,-1,550.000,550.000,-1,700.000,700.000,-1,-1,2,0,2,0,2,0,0,0,0,2,0,0,2,0,0,2,2
124,-5471.755,-181.547,-111.684,164.228,-0.962391,-0.271623,0.004918,0.271229,-0.961708,-0.039411,0.015434,-0.036595,0.999211,0,0.93269,0.05829,55.961,0.117,-1,375.000,-1,375.000,-1,300.000,300.000,325.000,300.000,-1,525.000,525.000,-1,725.000,725.000,-1,-1,2,0,2,0,2,0,0,0,0,2,0,0,2,0,0,2,2
125,-5525.659,-166.444,-110.561,164.348,-0.962938,-0.269615,0.007645,0.269106,-0.962266,-0.040315,0.018226,-0.036763,0.999158,0,0.93299,0.05976,55.980,0.120,-1,375.000,-1,375.000,-1,300.000,300.000,325.000,300.000,-1,525.000,525.000,-1,750.000,725.000,-1,-1,2,0,2,0,2,0,0,0,0,2,0,0,2,0,0,2,2
126,-5579.613,-151.450,-109.437,164.470,-0.963485,-0.267563,0.010372,0.266939,-0.962834,-0.041155,0.020998,-0.036884,0.999099,0,0.93331,0.06103,55.999,0.122,-1,375.000,-1,375.000,-1,300.000,300.000,300.000,300.000,-1,500.000,525.000,-1,750.000,750.000,-1,-1,2,0,2,0,2,0,0,0,0,2,0,0,2,0,0,2,2
127,-5633.599,-136.572,-108.323,164.592,-0.964020,-0.265510,0.013050,0.264770,-0.963398,-0.041967,0.023715,-0.037002,0.999034,0,0.93331,0.06103,55.999,0.122,-1,375.000,-1,375.000,-1,300.000,325.000,300.000,325.000,-1,500.000,500.000,-1,775.000,775.000,-1,-1,2,0,2,0,2,0,0,0,0,2,0,0,2,0,0,2,2
128,-5687.617,-121.808,-107.214,164.714,-0.964544,-0.263456,0.015707,0.262600,-0.963958,-0.042732,0.026398,-0.037092,0.998963,0,0.93331,0.06103,55.999,0.122,-1,400.000,-1,400.000,-1,325.000,325.000,300.000,325.000,-1,500.000,500.000,-1,800.000,800.000,-1,-1,2,0,2,0,2,0,0,0,0,2,0,0,2,0,0,2,2
129,-5741.666,-107.160,-106.108,164.836,-0.965056,-0.261401,0.018342,0.260429,-0.964515,-0.043449,0.029049,-0.037154,0.998887,0,0.93331,0.06103,55.999,0.122,-1,400.000,-1,400.000,-1,325.000,325.000,300.000,300.000,-1,450.000,450.000,-1,825.000,825.000,-1,-1,2,0,2,0,2,0,0,0,0,2,0,0,2,0,0,2,2
130,-5795.746,-92.626,-105.006,164.958,-0.965557,-0.259346,0.020956,0.258257,-0.965068,-0.044120,0.031666,-0.037188,0.998806,0,0.93331,0.06103,55.999,0.122,-1,400.000,-1,400.000,-1,325.000,325.000,300.000,300.000,-1,425.000,400.000,-1,850.000,850.000,-1,-1,2,0,2,0,2,0,0,0,0,2,0,0,2,0,0,2,2
131,-5849.856,-78.208,-103.643,165.080,-0.966060,-0.257299,0.022911,0.256161,-0.965656,-0.043470,0.033309,-0.036126,0.998792,0,0.93331,0.06103,55.999,0.122,-1,425.000,-1,425.000,-1,325.000,325.000,300.000,300.000,-1,425.000,375.000,-1,900.000,875.000,-1,-1,2,0,2,0,2,0,0,0,0,2,0,0,2,0,0,2,2
132,-5903.998,-63.905,-102.488,165.202,-0.966602,-0.255244,0.023034,0.254111,-0.966211,-0.043179,0.033277,-0.035884,0.998802,0,0.93331,0.06103,55.999,0.122,-1,425.000,-1,425.000,-1,325.000,325.000,300.000,300.000,-1,450.000,425.000,-1,900.000,875.000,-1,-1,2,0,2,0,2,0,0,0,0,2,0,0,2,0,0,2,2
133,-5958.169,-49.718,-101.246,165.324,-0.967150,-0.253184,0.022792,0.252064,-0.966750,-0.043109,0.032949,-0.035948,0.998810,0,0.93331,0.06103,55.999,0.122,-1,425.000,-1,425.000,-1,350.000,350.000,300.000,300.000,-1,500.000,450.000,-1,925.000,900.000,-1,-1,2,0,2,0,2,0,0,0,0,2,0,0,2,0,0,2,2
134,-6012.371,-35.647,-99.906,165.446,-0.967734,-0.251120,0.020711,0.250082,-0.967273,-0.042911,0.030809,-0.036347,0.998864,0,0.93331,0.06103,55.999,0.122,-1,425.000,-1,425.000,-1,350.000,325.000,300.000,300.000,-1,600.000,550.000,-1,925.000,900.000,-1,-1,2,0,2,0,2,0,0,0,0,2,0,0,2,0,0,2,2
