timestep,x_cm,y_cm,z_cm,yaw_deg,basis_xx,basis_xy,basis_xz,basis_yx,basis_yy,basis_yz,basis_zx,basis_zy,basis_zz,teleport_flag,throttle_cmd,steering_cmd,cmd_move_cm,cmd_turn_deg,lidar_cm_0,lidar_cm_1,lidar_cm_2,lidar_cm_3,lidar_cm_4,lidar_cm_5,lidar_cm_6,lidar_cm_7,lidar_cm_8,lidar_cm_9,lidar_cm_10,lidar_cm_11,lidar_cm_12,lidar_cm_13,lidar_cm_14,lidar_cm_15,lidar_cm_16,lidar_class_0,lidar_class_1,lidar_class_2,lidar_class_3,lidar_class_4,lidar_class_5,lidar_class_6,lidar_class_7,lidar_class_8,lidar_class_9,lidar_class_10,lidar_class_11,lidar_class_12,lidar_class_13,lidar_class_14,lidar_class_15,lidar_class_16
0,7944.703,4441.855,-522.435,99.497,-0.164780,-0.986329,0.001443,0.985010,-0.164635,-0.051477,0.051011,-0.007061,0.998673,0,0.56543,0.65622,2.053,-0.035,-1,442.485,-1,373.521,619.755,362.138,340.321,396.524,822.340,-1,-1,-1,-1,676.926,509.702,-1,545.022,2,0,2,0,0,0,0,0,0,2,2,2,2,0,0,2,0
1,7944.957,4440.787,-517.929,99.488,-0.164645,-0.986352,0.001164,0.985190,-0.164508,-0.048348,0.047880,-0.006814,0.998830,0,0.56532,0.65648,1.098,-0.009,-1,447.841,-1,378.086,630.691,366.624,344.759,406.041,835.391,-1,-1,-1,-1,683.035,514.588,-1,552.999,2,0,2,0,0,0,0,0,0,2,2,2,2,0,0,2,0
2,7945.083,4440.322,-514.619,99.488,-0.164666,-0.986349,0.001058,0.985232,-0.164530,-0.047417,0.046944,-0.006766,0.998875,0,0.56530,0.65653,0.482,0.001,-1,453.663,-1,382.843,643.676,371.247,349.298,412.938,845.009,-1,-1,-1,-1,691.740,520.519,-1,562.479,2,0,2,0,0,0,0,0,0,2,2,2,2,0,0,2,0
3,7945.136,4440.240,-512.577,99.491,-0.164707,-0.986342,0.001182,0.985210,-0.164575,-0.047713,0.047255,-0.006694,0.998860,0,0.56531,0.65650,0.098,0.003,-1,458.563,-1,386.561,654.762,374.991,352.927,417.295,850.621,-1,-1,-1,-1,700.040,525.651,-1,570.589,2,0,2,0,0,0,0,0,0,2,2,2,2,0,0,2,0
4,7945.120,4440.462,-511.812,99.495,-0.164773,-0.986330,0.001554,0.985135,-0.164651,-0.048972,0.048558,-0.006538,0.998799,0,0.56533,0.65647,0.223,0.004,-1,462.133,-1,389.107,662.966,377.621,355.410,419.161,852.082,-1,-1,-1,-1,707.239,529.545,-1,576.648,2,0,2,0,0,0,0,0,0,2,2,2,2,0,0,2,0
5,7945.047,4440.976,-512.322,99.506,-0.164932,-0.986303,0.002117,0.984996,-0.164824,-0.051143,0.050791,-0.006350,0.998689,0,0.56534,0.65644,0.518,0.010,-1,464.328,-1,390.443,668.174,379.080,356.705,418.476,849.518,-1,-1,-1,-1,713.013,532.144,-1,580.586,2,0,2,0,0,0,0,0,0,2,2,2,2,0,0,2,0
6,7944.926,4441.784,-514.105,99.519,-0.165133,-0.986267,0.002838,0.984794,-0.165042,-0.054247,0.053970,-0.006163,0.998524,0,0.56537,0.65636,0.818,0.013,-1,465.232,-1,390.595,670.624,379.376,356.825,415.197,843.088,-1,-1,-1,-1,717.458,533.496,-1,582.510,2,0,2,0,0,0,0,0,0,2,2,2,2,0,0,2,0
7,7944.708,4442.757,-516.990,99.549,-0.165624,-0.986177,0.004821,0.984562,-0.165629,-0.056608,0.056624,-0.004629,0.998385,0,0.56541,0.65626,0.997,0.030,-1,463.680,-1,387.794,660.589,377.396,354.395,411.291,829.284,-1,-1,-1,-1,717.868,530.481,-1,576.587,2,0,2,0,0,0,0,0,0,2,2,2,2,0,0,2,0
8,7944.521,4443.959,-520.246,99.585,-0.166239,-0.986069,0.005732,0.984427,-0.166293,-0.057006,0.057165,-0.003834,0.998357,0,0.56551,0.65600,1.217,0.036,-1,457.674,-1,382.109,641.222,372.243,349.099,405.481,815.543,-1,-1,-1,-1,708.776,522.869,-1,563.597,2,0,2,0,0,0,0,0,0,2,2,2,2,0,0,2,0
9,7944.177,4445.558,-523.142,99.633,-0.167072,-0.985933,0.004757,0.984345,-0.167074,-0.056135,0.056140,-0.004696,0.998412,0,0.56564,0.65570,1.636,0.048,-1,448.823,-1,375.591,620.846,365.600,342.796,398.113,805.073,-1,-1,-1,-1,693.024,513.862,-1,549.171,2,0,2,0,0,0,0,0,0,2,2,2,2,0,0,2,0
10,7943.609,4447.661,-525.052,99.683,-0.167945,-0.985790,0.003516,0.984251,-0.167880,-0.055369,0.055172,-0.005838,0.998460,0,0.56580,0.65529,2.178,0.050,-1,441.848,-1,370.582,605.474,360.444,338.005,392.350,799.076,-1,-1,-1,-1,680.455,507.061,-1,538.394,2,0,2,0,0,0,0,0,0,2,2,2,2,0,0,2,0
11,7942.882,4450.256,-525.708,99.747,-0.169044,-0.985605,0.002459,0.984096,-0.168922,-0.054954,0.054579,-0.006870,0.998486,0,0.56597,0.65488,2.695,0.064,-1,438.060,-1,367.897,597.003,357.632,335.446,389.286,796.614,-1,-1,-1,-1,673.612,503.428,-1,532.518,2,0,2,0,0,0,0,0,0,2,2,2,2,0,0,2,0
12,7942.038,4453.326,-525.183,99.828,-0.170437,-0.985367,0.001773,0.983867,-0.170276,-0.054878,0.054377,-0.007609,0.998492,0,0.56618,0.65436,3.184,0.081,-1,437.412,-1,367.370,594.369,357.090,335.000,389.005,796.273,-1,-1,-1,-1,672.449,502.725,-1,531.034,2,0,2,0,0,0,0,0,0,2,2,2,2,0,0,2,0
13,7941.104,4456.882,-523.755,99.927,-0.172136,-0.985072,0.001440,0.983571,-0.171954,-0.054955,0.054382,-0.008044,0.998488,0,0.56646,0.65368,3.676,0.099,-1,439.009,-1,368.157,594.698,358.145,336.012,390.923,797.277,-1,-1,-1,-1,675.321,503.963,-1,532.356,2,0,2,0,0,0,0,0,0,2,2,2,2,0,0,2,0
14,7940.061,4460.943,-521.806,100.042,-0.174110,-0.984725,0.001351,0.983222,-0.173920,-0.055018,0.054412,-0.008251,0.998484,0,0.56679,0.65285,4.193,0.115,-1,441.610,-1,369.487,595.845,359.949,337.678,394.142,798.490,-1,-1,-1,-1,680.150,506.069,-1,534.677,2,0,2,0,0,0,0,0,0,2,2,2,2,0,0,2,0
15,7938.859,4465.529,-519.752,100.168,-0.176268,-0.984341,0.001450,0.982835,-0.176079,-0.055053,0.054446,-0.008279,0.998482,0,0.56719,0.65188,4.740,0.126,-1,444.093,-1,370.859,596.043,361.761,339.292,397.714,798.585,-1,-1,-1,-1,685.287,508.326,-1,536.486,2,0,2,0,0,0,0,0,0,2,2,2,2,0,0,2,0
16,7937.488,4470.652,-517.911,100.299,-0.178519,-0.983935,0.001388,0.982413,-0.178321,-0.055378,0.054736,-0.008522,0.998464,0,0.56762,0.65083,5.304,0.131,-1,446.189,-1,372.094,595.800,363.403,340.640,400.508,797.955,-1,-1,-1,-1,689.725,510.389,-1,537.935,2,0,2,0,0,0,0,0,0,2,2,2,2,0,0,2,0
17,7936.008,4476.335,-516.449,100.428,-0.180728,-0.983533,0.000972,0.981963,-0.180495,-0.056303,0.055551,-0.009221,0.998413,0,0.56806,0.64974,5.873,0.129,-1,447.809,-1,373.164,596.030,364.913,341.734,401.906,797.057,-1,-1,-1,-1,693.659,512.489,-1,539.797,2,0,2,0,0,0,0,0,0,2,2,2,2,0,0,2,0
18,7934.234,4482.468,-515.431,100.600,-0.183659,-0.982989,0.001117,0.981352,-0.183419,-0.057503,0.056729,-0.009465,0.998345,0,0.56848,0.64870,6.384,0.172,-1,449.200,-1,373.584,593.039,366.081,342.322,402.912,791.369,-1,-1,-1,-1,697.748,513.826,-1,540.109,2,0,2,0,0,0,0,0,0,2,2,2,2,0,0,2,0
19,7932.243,4489.062,-514.779,100.797,-0.187011,-0.982357,0.001131,0.980628,-0.186750,-0.059107,0.058276,-0.009945,0.998251,0,0.56907,0.64725,6.887,0.197,-1,450.155,-1,373.600,589.096,366.906,342.578,402.824,784.188,-1,-1,-1,-1,702.498,514.958,-1,539.934,2,0,2,0,0,0,0,0,0,2,2,2,2,0,0,2,0
20,7930.006,4496.018,-514.347,101.015,-0.190724,-0.981644,0.000674,0.979825,-0.190412,-0.060708,0.059722,-0.010918,0.998155,0,0.56975,0.64557,7.307,0.218,-1,450.502,-1,373.135,584.022,367.018,342.309,401.580,777.655,-1,-1,-1,-1,705.442,515.540,-1,538.905,2,0,2,0,0,0,0,0,0,2,2,2,2,0,0,2,0
21,7927.374,4503.221,-514.054,101.287,-0.195358,-0.980732,0.000332,0.978846,-0.195004,-0.061925,0.060796,-0.011773,0.998081,0,0.57051,0.64370,7.669,0.272,-1,450.371,-1,371.914,575.365,366.393,341.419,400.100,770.116,-1,-1,-1,-1,706.830,515.039,-1,535.620,2,0,2,0,0,0,0,0,0,2,2,2,2,0,0,2,0
22,7924.188,4510.501,-513.866,101.657,-0.201673,-0.979453,0.000697,0.977545,-0.201324,-0.062238,0.061100,-0.011870,0.998061,0,0.57149,0.64129,7.947,0.370,-1,449.539,-1,369.459,559.968,365.102,339.629,399.247,757.847,-1,-1,-1,-1,705.230,512.615,-1,528.110,2,0,2,0,0,0,0,0,0,2,2,2,2,0,0,2,0
23,7920.763,4518.062,-513.648,102.067,-0.208661,-0.977988,0.000002,0.976061,-0.208250,-0.062747,0.061367,-0.013091,0.998029,0,0.57287,0.63789,8.300,0.410,-1,448.203,-1,367.320,546.284,363.679,337.954,397.019,748.600,-1,-1,-1,-1,702.345,510.540,-1,521.959,2,0,2,0,0,0,0,0,0,2,2,2,2,0,0,2,0
24,7917.042,4525.856,-513.295,102.494,-0.215920,-0.976409,-0.002023,0.974458,-0.215357,-0.063667,0.061730,-0.015718,0.997969,0,0.57441,0.63410,8.636,0.427,-1,446.613,-1,365.946,536.186,362.383,336.735,393.293,743.957,-1,-1,-1,-1,698.634,510.633,-1,518.556,2,0,2,0,0,0,0,0,0,2,2,2,2,0,0,2,0
25,7912.820,4533.619,-512.723,102.961,-0.223838,-0.974616,-0.004422,0.972609,-0.223081,-0.065317,0.062673,-0.018921,0.997855,0,0.57602,0.63015,8.837,0.467,-1,445.365,-1,366.536,529.624,362.207,336.705,389.300,740.653,-1,-1,-1,-1,697.277,513.584,-1,519.659,2,0,2,0,0,0,0,0,0,2,2,2,2,0,0,2,0
26,7908.123,4541.213,-511.980,103.463,-0.232340,-0.972614,-0.006387,0.970535,-0.231402,-0.067192,0.063874,-0.021810,0.997720,0,0.31571,0.10398,8.929,0.502,-1,444.346,-1,367.952,523.537,363.297,337.399,385.996,734.832,-1,-1,-1,-1,698.051,517.885,-1,525.081,2,0,2,0,0,0,0,0,0,2,2,2,2,0,0,2,0
27,7903.405,4548.778,-511.131,103.951,-0.240582,-0.970589,-0.008744,0.968452,-0.239430,-0.069096,0.064970,-0.025091,0.997572,0,0.31676,0.09925,8.916,0.488,-1,443.218,-1,369.607,524.107,364.614,338.369,382.445,731.038,-1,-1,-1,-1,698.699,522.590,-1,532.855,2,0,2,0,0,0,0,0,0,2,2,2,2,0,0,2,0
28,7898.873,4556.485,-510.160,104.381,-0.247813,-0.968739,-0.011558,0.966520,-0.246391,-0.071623,0.066536,-0.028920,0.997365,0,0.31778,0.09466,8.941,0.430,-1,442.671,-1,372.106,530.828,366.386,340.458,378.545,730.741,-1,-1,-1,-1,701.466,528.828,-1,544.001,2,0,2,0,0,0,0,0,0,2,2,2,2,0,0,2,0
29,7894.488,4564.274,-509.066,104.781,-0.254528,-0.966966,-0.013852,0.964656,-0.252858,-0.074180,0.068227,-0.032244,0.997149,0,0.31866,0.09067,8.938,0.400,-1,442.915,-1,374.567,538.526,367.931,342.740,375.532,729.595,-1,-1,-1,-1,705.667,536.130,-1,555.410,2,0,2,0,0,0,0,0,0,2,2,2,2,0,0,2,0
30,7890.418,4572.156,-507.851,105.131,-0.260400,-0.965375,-0.015601,0.963006,-0.258532,-0.076035,0.069369,-0.034823,0.996983,0,0.31948,0.08697,8.871,0.350,-1,443.526,-1,376.036,543.282,368.594,344.345,373.625,727.347,-1,-1,-1,-1,708.830,541.843,-1,565.619,2,0,2,0,0,0,0,0,0,2,2,2,2,0,0,2,0
31,7886.638,4580.133,-506.537,105.412,-0.265110,-0.964068,-0.017007,0.961678,-0.263091,-0.077198,0.069950,-0.036821,0.996871,0,0.32019,0.08379,8.827,0.281,-1,443.577,-1,377.067,545.277,368.677,345.183,372.537,725.029,-1,-1,-1,-1,710.467,545.624,-1,572.375,2,0,2,0,0,0,0,0,0,2,2,2,2,0,0,2,0
32,7883.196,4588.256,-505.110,105.599,-0.268234,-0.963168,-0.018917,0.960763,-0.266022,-0.078535,0.070610,-0.039241,0.996732,0,0.32074,0.08131,8.823,0.187,-1,443.558,-1,378.373,549.371,368.736,346.033,371.165,726.335,-1,-1,-1,-1,711.684,549.622,-1,580.297,2,0,2,0,0,0,0,0,0,2,2,2,2,0,0,2,0
33,7879.914,4596.463,-503.552,105.734,-0.270469,-0.962501,-0.020952,0.960041,-0.268025,-0.080523,0.071888,-0.041893,0.996533,0,0.32108,0.07978,8.839,0.135,-1,444.571,-1,380.605,558.160,369.625,347.665,369.809,729.988,-1,-1,-1,-1,714.766,555.388,-1,607.995,2,0,2,0,0,0,0,0,0,2,2,2,2,0,0,2,0
34,7876.787,4604.789,-501.924,105.831,-0.272051,-0.962009,-0.022967,0.959451,-0.269343,-0.083108,0.073765,-0.044645,0.996276,0,0.32130,0.07879,8.894,0.097,-1,446.542,-1,383.490,570.378,371.782,349.968,368.519,734.293,-1,-1,-1,-1,720.810,566.581,-1,648.655,2,0,2,0,0,0,0,0,0,2,2,2,2,0,0,2,0
35,7874.017,4613.271,-500.346,105.840,-0.272172,-0.961913,-0.025416,0.959266,-0.269156,-0.085812,0.075703,-0.047736,0.995987,0,0.32143,0.07818,8.923,0.010,-1,447.699,-1,386.186,590.645,373.581,351.980,366.744,741.313,-1,-1,-1,-1,724.859,578.239,-1,742.565,2,0,2,0,0,0,0,0,0,2,2,2,2,0,0,2,0
36,7871.478,4621.840,-498.887,105.794,-0.271369,-0.962086,-0.027392,0.959373,-0.268101,-0.087897,0.077221,-0.050131,0.995753,0,0.32137,0.07846,8.937,-0.046,-1,447.941,-1,387.687,616.722,374.515,353.013,365.480,746.481,-1,-1,-1,-1,727.233,586.931,-1,-1,2,0,2,0,0,0,0,0,0,2,2,2,2,0,0,2,2
37,7869.147,4630.433,-497.503,105.719,-0.270091,-0.962408,-0.028670,0.959667,-0.266670,-0.089027,0.078035,-0.051558,0.995617,0,0.32119,0.07930,8.903,-0.075,-1,447.318,-1,387.672,631.449,374.148,352.866,365.117,748.362,-1,-1,-1,-1,727.630,591.666,-1,-1,2,0,2,0,0,0,0,0,0,2,2,2,2,0,0,2,2
38,7867.038,4639.065,-496.169,105.610,-0.268250,-0.962900,-0.029407,0.960144,-0.264745,-0.089627,0.078517,-0.052277,0.995541,0,0.32093,0.08044,8.886,-0.109,-1,446.317,-1,386.740,639.763,373.266,352.025,365.431,748.065,-1,-1,-1,-1,727.201,593.939,-1,-1,2,0,2,0,0,0,0,0,0,2,2,2,2,0,0,2,2
39,7865.193,4647.801,-494.859,105.447,-0.265500,-0.963632,-0.030384,0.960815,-0.261857,-0.090912,0.079650,-0.053331,0.995395,0,0.32060,0.08193,8.928,-0.163,-1,446.416,-1,386.545,656.111,372.884,351.740,365.348,750.100,-1,-1,-1,-1,728.366,598.170,-1,-1,2,0,2,0,0,0,0,0,0,2,2,2,2,0,0,2,2
40,7863.473,4656.636,-493.592,105.266,-0.262418,-0.964446,-0.031311,0.961474,-0.258581,-0.093294,0.081881,-0.054587,0.995146,0,0.32015,0.08396,9.001,-0.181,-1,448.219,-1,387.808,749.819,373.634,352.583,364.971,753.203,-1,-1,-1,-1,733.193,606.102,-1,-1,2,0,2,0,0,0,0,0,0,2,2,2,2,0,0,2,2
41,7861.762,4665.547,-492.346,105.097,-0.259524,-0.965221,-0.031546,0.962015,-0.255521,-0.096100,0.084697,-0.055288,0.994872,0,0.38763,0.35233,9.074,-0.169,-1,451.285,-1,389.945,-1,375.152,354.003,365.254,753.818,-1,-1,-1,-1,741.034,618.410,-1,-1,2,0,2,0,2,0,0,0,0,2,2,2,2,0,0,2,2
42,7859.702,4676.449,-490.856,104.895,-0.256023,-0.966150,-0.031738,0.962546,-0.251763,-0.100604,0.089208,-0.056306,0.994420,0,0.38707,0.35443,11.095,-0.202,-1,456.766,-1,394.234,-1,378.271,356.986,365.461,755.039,-1,-1,-1,-1,753.901,641.399,-1,-1,2,0,2,0,2,0,0,0,0,2,2,2,2,0,0,2,2
43,7858.297,4683.856,-489.892,104.764,-0.253742,-0.966745,-0.031931,0.962809,-0.249266,-0.104233,0.092807,-0.057192,0.994040,0,0.38639,0.35697,7.540,-0.131,-1,461.283,-1,397.956,-1,381.023,359.636,365.349,756.261,-1,-1,-1,-1,764.414,660.342,-1,-1,2,0,2,0,2,0,0,0,0,2,2,2,2,0,0,2,2
44,7856.538,4693.245,-488.733,104.601,-0.250890,-0.967479,-0.032211,0.963080,-0.246117,-0.109100,0.097624,-0.058394,0.993509,0,0.38594,0.35862,9.552,-0.163,-1,467.372,-1,403.032,-1,385.375,363.253,365.036,757.901,-1,-1,-1,-1,778.697,686.494,-1,-1,2,0,2,0,2,0,0,0,0,2,2,2,2,0,0,2,2
45,7854.770,4702.711,-487.600,104.444,-0.248116,-0.968188,-0.032404,0.963296,-0.243048,-0.113967,0.102465,-0.059492,0.992956,0,0.38538,0.36069,9.630,-0.158,-1,473.222,-1,408.121,-1,389.784,367.333,364.788,758.849,-1,-1,-1,-1,793.533,716.851,-1,-1,2,0,2,0,2,0,0,0,0,2,2,2,2,0,0,2,2
46,7852.988,4712.250,-486.447,104.288,-0.245383,-0.968884,-0.032431,0.963487,-0.240046,-0.118620,0.107144,-0.060354,0.992410,0,0.38484,0.36271,9.704,-0.155,-1,479.190,-1,412.978,-1,394.104,371.465,364.814,758.750,-1,-1,-1,-1,806.330,747.484,-1,-1,2,0,2,0,2,0,0,0,0,2,2,2,2,0,0,2,2
47,7851.203,4721.869,-485.264,104.137,-0.242721,-0.969566,-0.032068,0.963675,-0.237185,-0.122778,0.111435,-0.060704,0.991916,0,0.38430,0.36471,9.783,-0.151,-1,485.436,-1,417.144,-1,398.001,375.112,365.419,756.402,-1,-1,-1,-1,818.011,776.374,-1,-1,2,0,2,0,2,0,0,0,0,2,2,2,2,0,0,2,2
48,7849.458,4731.528,-484.017,103.988,-0.240113,-0.970238,-0.031366,0.963891,-0.234460,-0.126262,0.115150,-0.060551,0.991501,0,0.38377,0.36667,9.815,-0.149,-1,491.127,-1,420.380,-1,401.346,378.075,366.603,751.981,-1,-1,-1,-1,828.722,803.326,-1,-1,2,0,2,0,2,0,0,0,0,2,2,2,2,0,0,2,2
49,7847.761,4741.140,-482.602,103.847,-0.237653,-0.970881,-0.030184,0.964154,-0.232003,-0.128773,0.118020,-0.059705,0.991215,0,0.38325,0.36861,9.761,-0.141,-1,496.138,-1,422.431,-1,404.030,380.197,368.773,743.911,-1,-1,-1,-1,839.552,824.500,-1,-1,2,0,2,0,2,0,0,0,0,2,2,2,2,0,0,2,2
50,7846.111,4750.750,-480.977,103.710,-0.235275,-0.971501,-0.028847,0.964425,-0.229674,-0.130896,0.120540,-0.058618,0.990976,0,0.38275,0.37048,9.751,-0.137,-1,501.224,-1,425.389,-1,406.714,382.250,371.600,735.629,-1,-1,-1,-1,849.664,844.033,-1,-1,2,0,2,0,2,0,0,0,0,2,2,2,2,0,0,2,2
51,7844.479,4760.437,-479.191,103.563,-0.232709,-0.972143,-0.028015,0.964646,-0.227059,-0.133798,0.123710,-0.058161,0.990613,0,0.38226,0.37231,9.823,-0.147,-1,507.649,-1,431.428,-1,410.519,385.567,373.957,730.693,-1,-1,-1,-1,860.056,871.606,-1,-1,2,0,2,0,2,0,0,0,0,2,2,2,2,0,0,2,2
52,7843.175,4769.381,-477.168,103.286,-0.227915,-0.973219,-0.030004,0.965222,-0.221774,-0.138431,0.128069,-0.060511,0.989918,0,0.38174,0.37423,9.039,-0.277,-1,515.434,-1,441.768,-1,416.483,391.379,373.586,742.362,-1,-1,-1,-1,872.692,918.378,-1,-1,2,0,2,0,2,0,0,0,0,2,2,2,2,0,0,2,2
53,7842.578,4777.376,-474.667,102.860,-0.220570,-0.974690,-0.036453,0.966185,-0.213222,-0.144994,0.133551,-0.067202,0.988761,0,0.43414,0.91291,8.017,-0.426,-1,524.295,-1,458.008,-1,424.314,400.434,369.604,780.751,-1,-1,-1,-1,886.431,987.123,-1,-1,2,0,2,0,2,0,0,0,0,2,2,2,2,0,0,2,2
54,7842.300,4784.738,-471.624,102.353,-0.211819,-0.976259,-0.045278,0.967213,-0.202764,-0.152925,0.140114,-0.076186,0.987200,0,0.43272,0.91756,7.367,-0.507,-1,535.522,-1,479.845,-1,434.888,414.568,364.441,-1,-1,-1,-1,-1,906.173,-1,-1,-1,2,0,2,0,2,0,0,0,2,2,2,2,2,0,2,2,2
55,7842.212,4791.674,-468.022,101.831,-0.202783,-0.977742,-0.053853,0.968062,-0.191889,-0.161352,0.147427,-0.084852,0.985426,0,0.43105,0.92300,6.937,-0.522,-1,550.479,-1,506.644,-1,450.024,432.613,360.919,-1,-1,-1,-1,-1,930.337,-1,-1,-1,2,0,2,0,2,0,0,0,2,2,2,2,2,0,2,2,2
56,7842.074,4798.352,-463.957,101.390,-0.195093,-0.979018,-0.058842,0.968394,-0.182776,-0.169721,0.155405,-0.090093,0.983734,0,0.42934,0.92856,6.680,-0.441,-1,571.448,-1,540.985,-1,469.046,453.324,361.960,-1,-1,-1,-1,-1,963.646,-1,-1,-1,2,0,2,0,2,0,0,0,2,2,2,2,2,0,2,2,2
57,7841.320,4804.611,-459.914,101.193,-0.191555,-0.979739,-0.058467,0.968018,-0.178759,-0.176027,0.162009,-0.090316,0.982647,0,0.42789,0.93330,6.304,-0.197,-1,594.232,-1,570.148,-1,488.254,472.520,368.210,-1,-1,-1,-1,-1,999.897,-1,-1,-1,2,0,2,0,2,0,0,0,2,2,2,2,2,0,2,2,2
58,7839.373,4809.908,-456.404,101.364,-0.194301,-0.979533,-0.052551,0.966772,-0.182146,-0.179374,0.166131,-0.085657,0.982376,0,0.42719,0.93558,5.643,0.171,-1,615.631,-1,589.632,-1,504.840,487.441,378.704,-1,-1,-1,-1,-1,-1,-1,-1,-1,2,0,2,0,2,0,0,0,2,2,2,2,2,2,2,2,2
59,7837.078,4815.030,-453.394,101.678,-0.199422,-0.978823,-0.046219,0.964875,-0.187911,-0.183591,0.171019,-0.081208,0.981915,0,0.42764,0.93411,5.613,0.314,-1,638.600,-1,612.338,-1,523.008,505.490,388.423,-1,-1,-1,-1,-1,-1,-1,-1,-1,2,0,2,0,2,0,0,0,2,2,2,2,2,2,2,2,2
60,7834.499,4820.213,-450.960,102.080,-0.205952,-0.977744,-0.039996,0.962302,-0.194941,-0.189667,0.177649,-0.077550,0.981034,0,0.42854,0.93119,5.789,0.403,-1,663.658,-1,641.844,-1,546.314,528.239,396.562,-1,-1,-1,-1,-1,-1,-1,-1,-1,2,0,2,0,2,0,0,0,2,2,2,2,2,2,2,2,2
61,7831.626,4825.526,-449.167,102.557,-0.213617,-0.976346,-0.033413,0.959080,-0.203088,-0.197284,0.185831,-0.074188,0.979777,0,0.42970,0.92738,6.040,0.476,-1,690.103,-1,676.027,-1,572.323,554.550,403.459,-1,-1,-1,-1,-1,-1,-1,-1,-1,2,0,2,0,2,0,0,0,2,2,2,2,2,2,2,2,2
62,7828.482,4831.007,-448.018,103.097,-0.222253,-0.974649,-0.025752,0.955312,-0.212412,-0.205572,0.194891,-0.070291,0.978303,0,0.43110,0.92284,6.319,0.540,-1,719.547,-1,713.463,-1,599.653,582.310,409.966,824.622,-1,-1,-1,-1,-1,-1,-1,-1,2,0,2,0,2,0,0,0,0,2,2,2,2,2,2,2,2
63,7825.168,4836.769,-447.485,103.685,-0.231588,-0.972672,-0.016632,0.951126,-0.222802,-0.213817,0.204269,-0.065336,0.976732,0,0.43269,0.91766,6.646,0.588,-1,749.583,-1,751.092,-1,628.067,611.654,416.714,800.032,969.924,-1,-1,-1,-1,-1,-1,-1,2,0,2,0,2,0,0,0,0,0,2,2,2,2,2,2,2
64,7821.759,4842.884,-447.545,104.288,-0.241108,-0.970482,-0.005629,0.946750,-0.233929,-0.221229,0.213382,-0.058670,0.975206,0,0.43442,0.91202,7.002,0.603,-1,781.093,-1,785.131,-1,653.058,640.120,424.504,776.638,899.251,495.268,-1,-1,-1,-1,-1,-1,2,0,2,0,2,0,0,0,0,0,0,2,2,2,2,2,2
65,7818.240,4849.326,-448.190,104.905,-0.250828,-0.968000,0.007841,0.942331,-0.246015,-0.226912,0.221580,-0.049527,0.973884,0,0.43619,0.90624,7.340,0.618,-1,808.311,-1,810.862,-1,674.932,664.328,434.344,690.591,902.806,422.223,454.938,-1,-1,-1,-1,-1,2,0,2,0,2,0,0,0,0,0,0,0,2,2,2,2,2
66,7814.514,4855.992,-449.447,105.577,-0.261444,-0.964908,0.024476,0.937831,-0.259942,-0.230009,0.228300,-0.037180,0.972881,0,0.43800,0.90033,7.636,0.672,-1,833.751,-1,823.763,-1,691.986,680.568,447.427,618.089,983.182,380.996,393.120,-1,-1,-1,-1,-1,2,0,2,0,2,0,0,0,0,0,0,0,2,2,2,2,2
67,7810.559,4862.861,-451.351,106.304,-0.272987,-0.961008,0.044073,0.933281,-0.275669,-0.230201,0.233375,-0.021710,0.972145,0,0.43998,0.89389,7.927,0.727,-1,857.385,-1,822.373,-1,701.464,688.012,464.086,541.581,-1,350.369,354.587,-1,-1,-1,-1,-1,2,0,2,0,2,0,0,0,0,2,0,0,2,2,2,2,2
68,7806.575,4869.710,-453.499,107.031,-0.284803,-0.956657,0.060788,0.929727,-0.291116,-0.225521,0.233442,-0.007713,0.972340,0,0.44212,0.88690,7.923,0.727,-1,863.404,-1,798.463,-1,696.088,679.134,478.828,478.480,-1,342.636,336.770,-1,-1,-1,-1,-1,2,0,2,0,2,0,0,0,0,2,0,0,2,2,2,2,2
69,7802.667,4876.383,-455.410,107.650,-0.295198,-0.952945,0.068951,0.927776,-0.303143,-0.217566,0.228230,-0.000254,0.973607,0,0.44427,0.87991,7.733,0.619,-1,847.364,-1,760.690,-1,675.407,655.405,484.480,439.044,-1,352.363,340.812,-1,-1,-1,-1,-1,2,0,2,0,2,0,0,0,0,2,0,0,2,2,2,2,2
70,7798.457,4882.838,-456.678,108.195,-0.304527,-0.950103,0.067590,0.926519,-0.311935,-0.210377,0.220963,-0.001442,0.975281,0,0.44608,0.87400,7.707,0.545,-1,818.788,-1,729.605,-1,649.826,629.897,478.339,422.170,-1,370.406,359.155,-1,-1,-1,-1,-1,2,0,2,0,2,0,0,0,0,2,0,0,2,2,2,2,2
71,7793.811,4889.015,-457.389,108.697,-0.313172,-0.947854,0.059125,0.925368,-0.318559,-0.205460,0.213581,-0.009632,0.976878,0,0.44767,0.86882,7.729,0.503,-1,784.432,-1,709.976,-1,625.010,608.306,463.147,422.266,-1,390.556,385.221,-1,-1,-1,-1,-1,2,0,2,0,2,0,0,0,0,2,0,0,2,2,2,2,2
72,7788.771,4894.841,-457.614,109.181,-0.321418,-0.945819,0.046018,0.923970,-0.323890,-0.203410,0.207294,-0.022860,0.978012,0,0.44914,0.86403,7.703,0.484,-1,750.537,-1,703.074,-1,604.008,593.287,442.633,435.382,-1,411.176,413.610,-1,-1,-1,-1,-1,2,0,2,0,2,0,0,0,0,2,0,0,2,2,2,2,2
73,7782.246,4901.762,-457.446,109.775,-0.331405,-0.943057,0.028539,0.921749,-0.330076,-0.203540,0.201370,-0.041148,0.978651,0,0.45056,0.85940,9.512,0.594,-1,715.900,-1,706.302,-1,584.771,582.315,417.220,459.422,-1,430.334,446.108,-1,-1,-1,-1,-1,2,0,2,0,2,0,0,0,0,2,0,0,2,2,2,2,2
74,7777.559,4906.329,-457.199,110.236,-0.339067,-0.940587,0.018157,0.919790,-0.335499,-0.203534,0.197533,-0.052311,0.978899,0,0.45231,0.85371,6.544,0.460,-1,696.269,-1,708.646,-1,573.304,576.057,402.725,473.395,-1,445.053,473.075,-1,-1,-1,-1,-1,2,0,2,0,2,0,0,0,0,2,0,0,2,2,2,2,2
75,7771.707,4912.257,-456.612,110.754,-0.347689,-0.937594,0.005407,0.917523,-0.341422,-0.203915,0.193036,-0.065938,0.978974,0,0.45367,0.84926,8.330,0.518,-1,674.106,-1,712.775,-1,560.557,569.700,386.167,492.877,-1,465.991,516.812,-1,-1,-1,-1,-1,2,0,2,0,2,0,0,0,0,2,0,0,2,2,2,2,2
76,7765.827,4918.468,-455.771,111.229,-0.355637,-0.934604,-0.006231,0.915529,-0.347022,-0.203425,0.187960,-0.078050,0.979071,0,0.45520,0.84429,8.553,0.475,-1,651.965,-1,713.598,-1,547.612,561.494,372.301,510.697,897.065,499.106,584.567,-1,-1,-1,-1,-1,2,0,2,0,2,0,0,0,0,0,0,0,2,2,2,2,2
77,7759.961,4925.007,-454.757,111.674,-0.363171,-0.931577,-0.016466,0.913809,-0.352684,-0.201413,0.181825,-0.088194,0.979368,0,0.45659,0.83976,8.784,0.446,-1,629.883,-1,708.464,-1,533.399,550.284,361.215,524.267,849.833,549.659,-1,-1,-1,-1,-1,-1,2,0,2,0,2,0,0,0,0,0,0,2,2,2,2,2,2
78,7754.151,4931.844,-453.556,112.088,-0.370242,-0.928579,-0.025719,0.912326,-0.358270,-0.198254,0.174880,-0.096866,0.979813,0,0.45788,0.83554,8.973,0.414,-1,608.169,-1,699.113,-1,518.527,537.687,352.220,535.147,844.149,-1,-1,-1,971.730,-1,-1,-1,2,0,2,0,2,0,0,0,0,0,2,2,2,0,2,2,2
79,7748.432,4938.951,-452.027,112.496,-0.377178,-0.925571,-0.032483,0.910769,-0.364326,-0.194336,0.168037,-0.102883,0.980397,0,0.43646,0.34201,9.122,0.408,-1,590.181,-1,688.445,-1,505.504,525.952,346.726,539.184,882.239,-1,-1,-1,938.380,-1,-1,-1,2,0,2,0,2,0,0,0,0,0,2,2,2,0,2,2,2
80,7742.894,4946.433,-450.054,112.871,-0.383436,-0.922883,-0.035551,0.908988,-0.370291,-0.191379,0.163456,-0.105697,0.980872,0,0.43757,0.33821,9.309,0.375,-1,580.734,-1,683.810,-1,498.660,519.688,345.423,535.123,946.286,-1,-1,-1,918.515,-1,-1,-1,2,0,2,0,2,0,0,0,0,0,2,2,2,0,2,2,2
81,7737.666,4954.475,-447.741,113.165,-0.388172,-0.920877,-0.036160,0.907214,-0.374921,-0.190777,0.162126,-0.106859,0.980967,0,0.43858,0.33475,9.592,0.293,-1,579.786,-1,687.804,-1,498.605,520.632,346.116,528.759,-1,-1,-1,-1,912.566,-1,-1,-1,2,0,2,0,2,0,0,0,0,2,2,2,2,0,2,2,2
82,7732.538,4962.936,-445.384,113.422,-0.392133,-0.919247,-0.034868,0.905232,-0.378856,-0.192417,0.163669,-0.107016,0.980694,0,0.43934,0.33214,9.894,0.257,-1,585.500,-1,699.935,-1,503.087,527.396,348.110,519.629,977.569,-1,-1,-1,917.470,-1,-1,-1,2,0,2,0,2,0,0,0,0,0,2,2,2,0,2,2,2
83,7727.346,4971.708,-443.212,113.697,-0.396213,-0.917604,-0.031901,0.902722,-0.382972,-0.196023,0.167654,-0.106464,0.980080,0,0.43999,0.32992,10.193,0.276,-1,596.477,-1,719.628,-1,511.653,538.528,350.615,506.923,925.879,-1,-1,-1,930.480,-1,-1,-1,2,0,2,0,2,0,0,0,0,0,2,2,2,0,2,2,2
84,7722.136,4980.810,-441.461,113.975,-0.400243,-0.915982,-0.027963,0.900007,-0.387149,-0.200255,0.172604,-0.105318,0.979345,0,0.44069,0.32753,10.487,0.278,-1,607.219,-1,741.103,-1,521.191,548.903,352.930,491.832,867.419,-1,-1,-1,946.544,-1,-1,-1,2,0,2,0,2,0,0,0,0,0,2,2,2,0,2,2,2
85,7716.917,4990.183,-440.196,114.262,-0.404399,-0.914289,-0.023177,0.897220,-0.391680,-0.203920,0.177363,-0.103260,0.978713,0,0.44139,0.32514,10.728,0.287,-1,617.197,-1,757.409,-1,529.562,557.650,355.293,476.564,834.536,-1,-1,-1,962.005,-1,-1,-1,2,0,2,0,2,0,0,0,0,0,2,2,2,0,2,2,2
86,7711.689,4999.820,-439.340,114.543,-0.408446,-0.912610,-0.017767,0.894472,-0.396298,-0.207045,0.181910,-0.100459,0.978170,0,0.44211,0.32266,10.964,0.281,-1,626.340,-1,770.485,-1,536.586,564.875,357.644,458.382,807.336,610.848,-1,-1,975.781,-1,-1,-1,2,0,2,0,2,0,0,0,0,0,0,2,2,0,2,2,2
87,7706.422,5009.737,-438.798,114.817,-0.412331,-0.910954,-0.012046,0.891677,-0.400824,-0.210361,0.186802,-0.097479,0.977549,0,0.44281,0.32027,11.229,0.274,-1,635.837,-1,783.110,-1,543.565,572.084,359.583,439.028,774.114,559.179,678.454,-1,989.725,-1,-1,-1,2,0,2,0,2,0,0,0,0,0,0,0,2,0,2,2,2
88,7701.072,5019.867,-438.533,115.094,-0.416230,-0.909242,-0.005689,0.888816,-0.405544,-0.213399,0.191724,-0.093880,0.976949,0,0.44348,0.31796,11.456,0.277,-1,644.212,-1,793.518,-1,550.143,577.521,361.661,417.784,755.302,526.767,596.582,-1,1004.130,-1,-1,-1,2,0,2,0,2,0,0,0,0,0,0,0,2,0,2,2,2
89,7695.698,5030.027,-438.340,115.365,-0.420070,-0.907491,0.001227,0.886044,-0.410434,-0.215571,0.196132,-0.089467,0.976488,0,0.44416,0.31562,11.495,0.272,-1,652.256,-1,800.431,-1,555.787,581.682,364.485,397.061,745.971,502.621,562.095,-1,-1,-1,-1,-1,2,0,2,0,2,0,0,0,0,0,0,0,2,2,2,2,2
90,7690.274,5040.192,-437.972,115.631,-0.423789,-0.905727,0.007782,0.883286,-0.415160,-0.217826,0.200522,-0.085439,0.975957,0,0.44483,0.31334,11.522,0.266,-1,660.641,-1,808.521,-1,561.868,586.429,367.240,383.256,732.494,481.210,533.941,-1,-1,-1,-1,-1,2,0,2,0,2,0,0,0,0,0,0,0,2,2,2,2,2
91,7684.708,5050.255,-437.192,115.893,-0.427585,-0.903903,0.011412,0.880844,-0.419448,-0.219492,0.203187,-0.083800,0.975547,0,0.44548,0.31112,11.500,0.262,-1,664.439,-1,813.419,-1,563.645,588.974,368.289,374.660,718.667,470.734,521.186,-1,-1,-1,-1,-1,2,0,2,0,2,0,0,0,0,0,0,0,2,2,2,2,2
92,7679.011,5060.156,-435.981,116.137,-0.431320,-0.902131,0.011038,0.879013,-0.422960,-0.220093,0.203222,-0.085228,0.975416,0,0.44611,0.30894,11.423,0.243,-1,660.773,-1,811.260,-1,560.787,587.405,366.561,371.475,706.369,474.696,526.124,-1,-1,-1,-1,-1,2,0,2,0,2,0,0,0,0,0,0,0,2,2,2,2,2
93,7673.131,5069.887,-434.373,116.365,-0.435045,-0.900382,0.006973,0.877723,-0.425799,-0.219767,0.200843,-0.089488,0.975527,0,0.44670,0.30692,11.370,0.229,-1,650.346,-1,804.266,-1,553.802,581.792,362.184,373.431,696.940,490.900,546.398,-1,-1,-1,-1,-1,2,0,2,0,2,0,0,0,0,0,0,0,2,2,2,2,2
94,7667.016,5079.638,-432.481,116.580,-0.438658,-0.898654,0.000501,0.876738,-0.428082,-0.219264,0.197257,-0.095743,0.975665,0,0.59247,0.35020,11.510,0.215,-1,636.495,-1,796.367,-1,544.876,574.342,356.028,379.497,691.631,514.722,576.527,-1,985.375,-1,-1,-1,2,0,2,0,2,0,0,0,0,0,0,0,2,0,2,2,2
95,7660.519,5089.639,-430.359,116.812,-0.442459,-0.896773,-0.005335,0.875478,-0.430648,-0.219273,0.194340,-0.101690,0.975649,0,0.59315,0.34846,11.926,0.231,-1,625.128,-1,790.837,-1,537.710,568.584,350.718,385.664,685.873,537.635,606.352,-1,961.989,-1,-1,-1,2,0,2,0,2,0,0,0,0,0,0,0,2,0,2,2,2
96,7653.732,5099.959,-428.085,117.062,-0.446413,-0.894782,-0.008937,0.873812,-0.433755,-0.219795,0.192792,-0.105929,0.975505,0,0.59388,0.34656,12.352,0.250,-1,617.975,-1,787.814,-1,533.540,565.361,347.615,389.574,681.188,555.335,629.527,-1,947.144,-1,-1,-1,2,0,2,0,2,0,0,0,0,0,0,0,2,0,2,2,2
97,7646.855,5110.544,-425.621,117.324,-0.450507,-0.892715,-0.010225,0.871944,-0.437508,-0.219775,0.191723,-0.107925,0.975497,0,0.59468,0.34449,12.623,0.262,-1,613.455,-1,783.807,-1,530.898,562.921,346.652,390.741,685.075,572.870,652.444,-1,937.739,-1,-1,-1,2,0,2,0,2,0,0,0,0,0,0,0,2,0,2,2,2
98,7639.781,5121.422,-423.197,117.610,-0.454936,-0.890471,-0.009716,0.869833,-0.442001,-0.219149,0.190852,-0.108150,0.975643,0,0.59552,0.34231,12.975,0.286,-1,610.274,-1,778.215,-1,528.687,560.249,347.533,389.032,696.031,590.050,672.942,-1,931.185,-1,-1,-1,2,0,2,0,2,0,0,0,0,0,0,0,2,0,2,2,2
99,7632.542,5132.594,-420.970,117.916,-0.459683,-0.888043,-0.008476,0.867613,-0.447029,-0.217744,0.189577,-0.107447,0.975969,0,0.59645,0.33990,13.313,0.305,-1,606.339,-1,769.740,-1,525.391,556.018,348.987,385.122,712.402,609.018,695.109,-1,923.481,-1,-1,-1,2,0,2,0,2,0,0,0,0,0,0,0,2,0,2,2,2
100,7625.173,5144.032,-418.925,118.229,-0.464606,-0.885487,-0.007358,0.865442,-0.452299,-0.215488,0.187484,-0.106485,0.976479,0,0.59745,0.33732,13.605,0.313,-1,600.430,-1,758.046,-1,520.104,549.933,350.770,380.128,733.516,632.379,723.444,-1,912.211,-1,-1,-1,2,0,2,0,2,0,0,0,0,0,0,0,2,0,2,2,2
101,7617.644,5155.685,-417.001,118.545,-0.469645,-0.882829,-0.006772,0.863354,-0.457654,-0.212538,0.184536,-0.105664,0.977129,0,0.59848,0.33467,13.874,0.316,-1,592.416,-1,743.584,-1,513.014,542.216,352.380,375.134,758.454,661.257,760.784,-1,897.051,-1,-1,-1,2,0,2,0,2,0,0,0,0,0,0,0,2,0,2,2,2
102,7609.934,5167.457,-415.064,118.853,-0.474615,-0.880163,-0.007299,0.861424,-0.462775,-0.209257,0.180803,-0.105604,0.977833,0,0.59951,0.33199,14.072,0.308,-1,582.412,-1,727.300,-1,504.484,532.714,353.013,374.379,784.691,696.941,812.260,-1,878.109,-1,-1,-1,2,0,2,0,2,0,0,0,0,0,0,0,2,0,2,2,2
103,7602.025,5179.336,-413.003,119.146,-0.479368,-0.877575,-0.008285,0.859613,-0.467612,-0.205923,0.176839,-0.105834,0.978533,0,0.60051,0.32941,14.271,0.293,-1,572.040,-1,710.793,-1,495.814,522.995,353.450,375.748,824.089,737.227,-1,-1,858.497,-1,-1,-1,2,0,2,0,2,0,0,0,0,0,0,2,2,0,2,2,2
104,7593.933,5191.304,-410.903,119.435,-0.484039,-0.875002,-0.008809,0.857809,-0.472492,-0.202273,0.172827,-0.105464,0.979290,0,0.42125,0.39064,14.448,0.288,-1,562.055,-1,693.775,-1,487.305,513.256,354.293,376.364,875.760,781.761,-1,-1,839.776,-1,-1,-1,2,0,2,0,2,0,0,0,0,0,0,2,2,0,2,2,2
105,7584.050,5205.656,-408.508,119.785,-0.489702,-0.871832,-0.010036,0.855574,-0.478290,-0.198072,0.167886,-0.105583,0.980136,0,0.42189,0.38826,17.425,0.351,983.243,549.434,-1,673.554,-1,476.719,501.389,354.317,377.652,938.177,859.177,-1,-1,816.364,-1,-1,-1,0,0,2,0,2,0,0,0,0,0,0,2,2,0,2,2,2
106,7577.396,5215.179,-406.946,120.009,-0.493315,-0.869772,-0.011694,0.854152,-0.481826,-0.195624,0.164513,-0.106493,0.980609,0,0.42268,0.38535,11.618,0.223,950.738,540.311,-1,660.849,-1,469.451,493.568,353.307,379.709,-1,928.935,-1,-1,799.789,-1,-1,-1,0,0,2,0,2,0,0,0,0,2,0,2,2,0,2,2,2
107,7568.930,5227.062,-405.022,120.292,-0.497848,-0.867154,-0.013814,0.852238,-0.486207,-0.193115,0.160744,-0.107915,0.981079,0,0.42318,0.38352,14.589,0.283,913.104,529.603,-1,646.449,-1,461.093,484.606,351.898,382.951,-1,-1,-1,-1,780.552,-1,-1,-1,0,0,2,0,2,0,0,0,0,2,2,2,2,0,2,2,2
108,7560.389,5238.878,-403.019,120.571,-0.502276,-0.864564,-0.015769,0.850273,-0.490491,-0.190928,0.157335,-0.109306,0.981477,0,0.42381,0.38118,14.581,0.279,881.765,519.820,-1,633.387,-1,453.586,476.552,351.218,386.455,-1,-1,-1,-1,763.119,-1,-1,-1,0,0,2,0,2,0,0,0,0,2,2,2,2,0,2,2,2
109,7551.817,5250.729,-400.932,120.839,-0.506454,-0.862114,-0.016253,0.848260,-0.494755,-0.188870,0.154787,-0.109441,0.981867,0,0.42443,0.37888,14.626,0.268,861.239,512.280,-1,621.834,-1,447.798,470.096,352.131,388.659,-1,-1,-1,-1,750.035,-1,-1,-1,0,0,2,0,2,0,0,0,0,2,2,2,2,0,2,2,2
110,7543.248,5262.582,-398.732,121.113,-0.510682,-0.859626,-0.015735,0.846149,-0.499262,-0.186465,0.152434,-0.108538,0.982336,0,0.42502,0.37669,14.625,0.273,845.719,505.649,-1,610.401,-1,442.237,464.069,354.112,391.826,-1,-1,-1,-1,739.079,-1,-1,-1,0,0,2,0,2,0,0,0,0,2,2,2,2,0,2,2,2
111,7534.625,5274.388,-396.484,121.393,-0.515049,-0.857020,-0.015530,0.844008,-0.503901,-0.183671,0.149584,-0.107707,0.982865,0,0.42563,0.37446,14.620,0.281,828.290,498.393,-1,598.193,-1,435.781,457.447,356.001,395.147,-1,-1,-1,-1,726.884,-1,979.508,-1,0,0,2,0,2,0,0,0,0,2,2,2,2,0,2,0,2
112,7525.853,5286.166,-394.310,121.673,-0.519381,-0.854403,-0.015446,0.841844,-0.508475,-0.180977,0.146773,-0.107000,0.983366,0,0.42626,0.37214,14.686,0.279,810.514,491.030,-1,586.166,-1,429.278,450.220,357.577,398.363,-1,-1,-1,-1,714.584,-1,950.129,-1,0,0,2,0,2,0,0,0,0,2,2,2,2,0,2,0,2
113,7517.051,5297.858,-392.159,121.950,-0.523696,-0.851743,-0.016609,0.839727,-0.512827,-0.178512,0.143528,-0.107433,0.983798,0,0.42688,0.36984,14.635,0.277,787.884,482.529,-1,574.759,-1,422.112,442.396,357.757,403.331,-1,-1,-1,-1,700.104,-1,913.397,-1,0,0,2,0,2,0,0,0,0,2,2,2,2,0,2,0,2
114,7508.115,5309.501,-390.032,122.233,-0.528074,-0.849005,-0.018139,0.837507,-0.517152,-0.176456,0.140431,-0.108373,0.984141,0,0.42750,0.36755,14.677,0.283,764.866,474.140,-1,563.987,-1,415.487,435.254,357.691,409.142,-1,-1,-1,-1,685.774,-1,875.507,-1,0,0,2,0,2,0,0,0,0,2,2,2,2,0,2,0,2
115,7499.004,5321.257,-387.828,122.527,-0.532492,-0.846228,-0.018701,0.834986,-0.521540,-0.175483,0.138746,-0.109059,0.984305,0,0.67743,0.15876,14.873,0.294,748.718,468.119,-1,555.380,-1,410.919,430.355,358.673,414.945,-1,-1,-1,-1,675.765,-1,852.120,-1,0,0,2,0,2,0,0,0,0,2,2,2,2,0,2,0,2
116,7489.631,5333.309,-385.464,122.853,-0.537233,-0.843244,-0.017924,0.831929,-0.526287,-0.175832,0.138836,-0.109374,0.984257,0,0.67848,0.15630,15.268,0.326,741.027,465.111,-1,550.055,-1,408.959,428.035,360.533,421.005,-1,-1,-1,-1,670.696,-1,845.910,-1,0,0,2,0,2,0,0,0,0,2,2,2,2,0,2,0,2
117,7479.958,5344.980,-382.743,123.323,-0.543882,-0.839057,-0.013246,0.827243,-0.533440,-0.176380,0.140927,-0.106888,0.984233,0,0.67966,0.15354,15.158,0.470,751.646,467.717,-1,547.325,-1,410.992,428.881,366.918,424.281,-1,-1,-1,-1,674.951,-1,868.335,-1,0,0,2,0,2,0,0,0,0,2,2,2,2,0,2,0,2
118,7470.027,5356.451,-379.537,123.851,-0.551222,-0.834321,-0.007883,0.821811,-0.541276,-0.177896,0.144156,-0.104539,0.984018,0,0.68147,0.14931,15.173,0.528,771.621,472.977,-1,547.714,-1,414.431,431.827,373.814,429.289,-1,-1,-1,-1,683.896,-1,905.341,-1,0,0,2,0,2,0,0,0,0,2,2,2,2,0,2,0,2
119,7459.889,5367.885,-375.988,124.339,-0.557992,-0.829829,-0.005354,0.816786,-0.548058,-0.180257,0.146649,-0.104955,0.983605,0,0.68353,0.14450,15.281,0.488,784.818,476.217,-1,549.121,-1,417.128,433.761,377.816,439.819,-1,-1,-1,-1,690.105,-1,940.460,-1,0,0,2,0,2,0,0,0,0,2,2,2,2,0,2,0,2
120,7449.491,5379.373,-372.649,124.785,-0.564301,-0.825541,-0.006854,0.812383,-0.553790,-0.182622,0.146966,-0.108621,0.983159,0,0.68543,0.14008,15.495,0.446,773.371,473.145,-1,547.275,-1,416.119,432.863,377.274,455.268,-1,-1,-1,-1,687.404,-1,932.085,-1,0,0,2,0,2,0,0,0,0,2,2,2,2,0,2,0,2
121,7439.069,5390.768,-369.886,125.202,-0.570480,-0.821212,-0.012795,0.808640,-0.558883,-0.183715,0.143718,-0.115152,0.982896,0,0.68714,0.13608,15.443,0.417,731.575,462.790,-1,539.800,-1,409.200,426.717,372.122,473.932,-1,-1,-1,-1,669.382,-1,865.763,-1,0,0,2,0,2,0,0,0,0,2,2,2,2,0,2,0,2
122,7428.758,5402.222,-367.745,125.522,-0.575430,-0.817582,-0.020945,0.806059,-0.562615,-0.183664,0.138377,-0.122569,0.982766,0,0.68873,0.13236,15.411,0.320,681.789,448.084,-1,528.093,-1,398.361,416.979,364.657,493.434,-1,-1,-1,-1,642.712,-1,791.744,-1,0,0,2,0,2,0,0,0,0,2,2,2,2,0,2,0,2
123,7418.311,5413.990,-365.917,125.777,-0.579412,-0.814576,-0.027331,0.804045,-0.565790,-0.182738,0.133391,-0.127856,0.982782,0,0.68990,0.12962,15.736,0.255,641.080,434.086,-1,515.236,-1,387.531,407.086,358.944,508.556,-1,-1,-1,-1,618.824,-1,733.677,-1,0,0,2,0,2,0,0,0,0,2,2,2,2,0,2,0,2
124,7407.729,5426.266,-364.306,126.017,-0.583019,-0.811890,-0.030387,0.801948,-0.569077,-0.181743,0.130263,-0.130328,0.982876,0,0.69079,0.12755,16.208,0.240,613.321,423.056,-1,503.465,-1,378.623,398.777,355.832,517.823,-1,-1,-1,-1,601.608,-1,695.473,-1,0,0,2,0,2,0,0,0,0,2,2,2,2,0,2,0,2
125,7397.037,5439.020,-362.874,126.256,-0.586450,-0.809446,-0.029566,0.799641,-0.572760,-0.180334,0.129037,-0.129399,0.983161,0,0.69160,0.12565,16.643,0.239,598.673,415.206,-1,492.555,-1,371.687,391.461,356.179,519.608,-1,-1,-1,-1,590.923,-1,675.790,-1,0,0,2,0,2,0,0,0,0,2,2,2,2,0,2,0,2
126,7386.933,5452.536,-361.279,126.332,-0.587453,-0.808791,-0.027489,0.798794,-0.574077,-0.179899,0.129720,-0.127640,0.983301,0,0.69240,0.12379,16.875,0.076,591.082,409.668,-1,484.971,-1,366.863,385.979,357.581,519.770,-1,-1,-1,-1,585.716,-1,667.531,-1,0,0,2,0,2,0,0,0,0,2,2,2,2,0,2,0,2
127,7377.805,5466.747,-359.342,126.148,-0.584808,-0.810759,-0.025896,0.800551,-0.571707,-0.179633,0.130834,-0.125782,0.983393,0,0.69248,0.12362,16.890,-0.183,584.550,404.711,-1,479.292,-1,362.540,381.548,359.567,520.347,-1,-1,-1,-1,581.209,-1,661.165,-1,0,0,2,0,2,0,0,0,0,2,2,2,2,0,2,0,2
128,7369.215,5481.255,-357.050,125.840,-0.580483,-0.813930,-0.023622,0.803689,-0.568035,-0.177255,0.130855,-0.121878,0.983881,0,0.69142,0.12608,16.861,-0.309,579.878,399.837,-1,471.542,-1,357.586,376.366,364.563,517.445,-1,-1,-1,-1,575.942,-1,652.814,-1,0,0,2,0,2,0,0,0,0,2,2,2,2,0,2,0,2
129,7361.211,5496.133,-354.354,125.411,-0.574469,-0.818259,-0.020921,0.808026,-0.562834,-0.174104,0.130687,-0.116923,0.984505,0,0.68981,0.12983,16.895,-0.429,577.921,395.537,-1,464.066,-1,352.991,371.493,371.473,513.409,-1,-1,-1,-1,571.599,-1,650.363,-1,0,0,2,0,2,0,0,0,0,2,2,2,2,0,2,0,2
130,7353.831,5511.452,-351.401,124.872,-0.566783,-0.823682,-0.017460,0.813325,-0.556026,-0.171283,0.131374,-0.111281,0.985067,0,0.68768,0.13481,17.004,-0.540,584.090,392.245,-1,458.438,-1,349.639,367.956,378.951,508.711,-1,-1,-1,-1,569.897,-1,655.860,-1,0,0,2,0,2,0,0,0,0,2,2,2,2,0,2,0,2
131,7347.088,5526.455,-348.066,124.387,-0.559690,-0.828640,-0.010106,0.817801,-0.550315,-0.168389,0.133973,-0.102510,0.985669,0,0.68506,0.14093,16.448,-0.484,607.112,393.663,-1,455.409,-1,349.750,367.224,389.760,499.255,-1,-1,-1,-1,576.990,-1,685.556,-1,0,0,2,0,2,0,0,0,0,2,2,2,2,0,2,0,2
132,7341.222,5540.657,-343.946,123.914,-0.552474,-0.833528,0.001742,0.821726,-0.545000,-0.166558,0.139780,-0.090588,0.986030,0,0.68268,0.14649,15.366,-0.473,673.449,402.755,-1,458.285,-1,355.593,371.339,406.243,486.792,-1,-1,-1,-1,603.079,-1,789.664,-1,0,0,2,0,2,0,0,0,0,2,2,2,2,0,2,0,2
133,7337.496,5554.591,-339.317,123.135,-0.540809,-0.841102,0.008611,0.828492,-0.534414,-0.167343,0.145354,-0.083366,0.985861,0,0.68036,0.15191,14.424,-0.779,737.189,411.853,-1,464.705,-1,361.900,377.204,418.847,484.259,-1,-1,-1,-1,624.671,-1,-1,-1,0,0,2,0,2,0,0,0,0,2,2,2,2,0,2,2,2
134,7335.433,5568.485,-334.839,122.052,-0.524711,-0.851226,0.009608,0.838008,-0.518483,-0.170055,0.149737,-0.081178,0.985388,0,0.67672,0.16041,14.046,-1.083,783.526,416.644,-1,471.628,-1,366.255,383.097,424.824,489.984,-1,-1,-1,-1,640.456,-1,-1,-1,0,0,2,0,2,0,0,0,0,2,2,2,2,0,2,2,2
135,7333.394,5582.408,-331.088,120.863,-0.506932,-0.861950,0.007858,0.848274,-0.500467,-0.173104,0.153139,-0.081087,0.984872,0,0.67177,0.17196,14.071,-1.190,811.659,416.895,-1,477.257,-1,367.959,387.295,425.326,497.635,-1,-1,-1,-1,647.056,-1,-1,-1,0,0,2,0,2,0,0,0,0,2,2,2,2,0,2,2,2
136,7329.516,5595.713,-328.243,120.136,-0.495919,-0.868291,0.011609,0.854254,-0.490215,-0.173032,0.155933,-0.075893,0.984848,0,0.66636,0.18459,13.859,-0.726,878.698,417.934,-1,476.679,-1,368.602,388.071,431.110,494.095,-1,-1,-1,-1,656.796,-1,-1,-1,0,0,2,0,2,0,0,0,0,2,2,2,2,0,2,2,2
137,7322.166,5609.153,-326.223,120.341,-0.499235,-0.866136,0.023915,0.852922,-0.496105,-0.162495,0.152607,-0.060726,0.986419,0,0.66296,0.19253,15.318,0.205,1005.120,414.720,-1,457.204,-1,362.026,376.901,449.079,471.053,-1,-1,-1,-1,657.504,-1,-1,-1,0,0,2,0,2,0,0,0,0,2,2,2,2,0,2,2,2
138,7316.546,5617.190,-325.433,120.767,-0.506011,-0.861953,0.031458,0.849952,-0.504507,-0.151834,0.146744,-0.050092,0.987905,0,0.66357,0.19111,9.807,0.426,-1,407.746,-1,438.018,-1,353.243,364.287,461.813,454.512,-1,-1,-1,-1,645.372,-1,-1,-1,2,0,2,0,2,0,0,0,0,2,2,2,2,0,2,2,2
139,7309.396,5625.930,-324.189,121.314,-0.514643,-0.856639,0.036231,0.845966,-0.514203,-0.141197,0.139585,-0.042016,0.989318,0,0.66524,0.18721,11.292,0.547,986.348,398.405,-1,418.454,-1,343.071,350.774,472.228,443.639,-1,-1,-1,-1,627.560,-1,-1,-1,0,0,2,0,2,0,0,0,0,2,2,2,2,0,2,2,2
140,7302.178,5633.414,-322.060,121.852,-0.522669,-0.851791,0.035634,0.841278,-0.522087,-0.140273,0.138088,-0.043338,0.989471,0,0.66742,0.18212,10.397,0.538,956.837,395.837,-1,412.374,-1,340.114,347.129,472.347,449.691,-1,-1,-1,-1,623.321,-1,-1,-1,0,0,2,0,2,0,0,0,0,2,2,2,2,0,2,2,2
141,7294.481,5640.204,-319.282,122.427,-0.530604,-0.846992,0.032610,0.835236,-0.529017,-0.150072,0.144362,-0.052392,0.988137,0,0.71333,0.39610,10.264,0.575,983.278,402.989,-1,420.212,-1,346.102,354.305,463.994,470.511,-1,-1,-1,-1,646.028,-1,-1,-1,0,0,2,0,2,0,0,0,0,2,2,2,2,0,2,2,2
142,7286.100,5646.697,-316.315,123.084,-0.539088,-0.841758,0.028767,0.827478,-0.535693,-0.168268,0.157052,-0.066907,0.985321,0,0.71584,0.39061,10.602,0.657,-1,418.026,-1,439.165,-1,359.319,369.820,449.877,501.751,-1,-1,-1,-1,693.250,-1,-1,-1,2,0,2,0,2,0,0,0,0,2,2,2,2,0,2,2,2
143,7276.889,5653.109,-313.831,123.841,-0.548445,-0.835778,0.026136,0.817999,-0.542737,-0.190564,0.173454,-0.083135,0.981327,0,0.71873,0.38428,11.223,0.757,-1,436.711,-1,465.788,-1,376.911,389.907,433.679,537.433,-1,-1,-1,-1,761.123,-1,-1,-1,2,0,2,0,2,0,0,0,0,2,2,2,2,0,2,2,2
144,7267.314,5659.982,-312.109,124.598,-0.557344,-0.829943,0.023717,0.807970,-0.548723,-0.214680,0.191186,-0.100488,0.976396,0,0.72208,0.37693,11.786,0.757,-1,458.376,-1,814.832,-1,396.805,412.990,415.337,576.660,976.912,-1,-1,-1,864.533,-1,-1,-1,2,0,2,0,2,0,0,0,0,0,2,2,2,0,2,2,2
145,7257.650,5667.169,-310.740,125.314,-0.565674,-0.824311,0.022894,0.798517,-0.554481,-0.234353,0.205874,-0.114286,0.971882,0,0.72542,0.36960,12.044,0.716,-1,477.270,-1,879.601,-1,413.415,430.238,400.615,608.914,845.073,-1,-1,-1,973.873,-1,-1,-1,2,0,2,0,2,0,0,0,0,0,2,2,2,0,2,2,2
146,7248.320,5674.772,-309.288,125.934,-0.573065,-0.819171,0.023571,0.790666,-0.560230,-0.246962,0.215509,-0.122889,0.968738,0,0.72857,0.36270,12.035,0.620,-1,490.062,-1,922.303,-1,424.305,440.571,391.428,627.930,775.745,958.596,-1,-1,-1,-1,-1,-1,2,0,2,0,2,0,0,0,0,0,0,2,2,2,2,2,2
147,7239.578,5683.063,-307.544,126.396,-0.578787,-0.815079,0.025526,0.785165,-0.565454,-0.252543,0.220277,-0.126126,0.967249,0,0.73127,0.35679,12.049,0.462,-1,496.622,-1,940.378,-1,430.235,444.777,387.794,636.114,750.987,932.083,997.519,-1,-1,-1,-1,-1,2,0,2,0,2,0,0,0,0,0,0,0,2,2,2,2,2
148,7231.672,5692.068,-305.523,126.651,-0.582230,-0.812553,0.027684,0.782509,-0.569294,-0.252160,0.220653,-0.125152,0.967290,0,0.73322,0.35251,11.982,0.255,-1,497.213,-1,936.038,-1,429.637,442.918,388.295,635.561,758.312,938.256,1000.102,-1,-1,-1,-1,-1,2,0,2,0,2,0,0,0,0,0,0,0,2,2,2,2,2
149,7224.912,5701.937,-303.329,126.582,-0.581586,-0.812966,0.029036,0.783610,-0.569455,-0.248347,0.218433,-0.121683,0.968236,0,0.73421,0.35034,11.962,-0.069,-1,492.884,-1,920.017,-1,424.485,436.106,390.663,630.202,782.804,964.192,-1,-1,-1,-1,-1,-1,2,0,2,0,2,0,0,0,0,0,0,2,2,2,2,2,2
150,7218.927,5712.540,-301.202,126.333,-0.578558,-0.815029,0.031616,0.786647,-0.567815,-0.242429,0.215539,-0.115388,0.969654,0,0.73369,0.35149,12.176,-0.249,-1,487.882,-1,899.245,-1,417.908,427.149,395.401,618.960,819.960,996.638,-1,-1,-1,-1,-1,-1,2,0,2,0,2,0,0,0,0,0,0,2,2,2,2,2,2
151,7214.005,5723.809,-299.221,125.892,-0.572716,-0.818981,0.035589,0.791416,-0.563713,-0.236408,0.213676,-0.107229,0.971002,0,0.73232,0.35448,12.297,-0.442,-1,484.935,-1,882.366,-1,412.367,418.730,401.584,604.264,859.305,-1,-1,-1,-1,-1,-1,-1,2,0,2,0,2,0,0,0,0,0,2,2,2,2,2,2,2
152,7210.565,5735.550,-297.530,125.217,-0.563481,-0.825166,0.039885,0.798285,-0.556282,-0.230850,0.212677,-0.098240,0.972171,0,0.73005,0.35946,12.235,-0.675,-1,482.755,-1,870.123,-1,407.191,410.601,406.954,588.129,896.622,-1,-1,-1,-1,-1,-1,-1,2,0,2,0,2,0,0,0,0,0,2,2,2,2,2,2,2
153,7207.365,5747.642,-296.164,124.492,-0.553210,-0.831666,0.047848,0.805160,-0.548548,-0.225419,0.213720,-0.086179,0.973086,0,0.72670,0.36681,12.508,-0.725,-1,485.541,-1,861.453,-1,404.795,404.176,415.162,566.547,937.691,-1,-1,-1,-1,-1,-1,-1,2,0,2,0,2,0,0,0,0,0,2,2,2,2,2,2,2
154,7204.161,5760.078,-294.934,123.777,-0.542823,-0.837870,0.057599,0.811576,-0.540960,-0.220696,0.216073,-0.073053,0.973640,0,0.72310,0.37469,12.842,-0.716,-1,492.361,-1,857.694,-1,403.136,399.076,424.686,543.894,978.543,-1,-1,-1,-1,-1,-1,-1,2,0,2,0,2,0,0,0,0,0,2,2,2,2,2,2,2
155,7200.770,5772.785,-293.690,123.080,-0.532546,-0.843770,0.066677,0.817541,-0.533185,-0.217577,0.219136,-0.061358,0.973763,0,0.71954,0.38249,13.152,-0.696,-1,501.316,-1,859.461,-1,401.809,395.122,432.547,524.698,-1,-1,-1,-1,-1,-1,-1,-1,2,0,2,0,2,0,0,0,0,2,2,2,2,2,2,2,2
156,7196.908,5785.542,-292.205,122.442,-0.523072,-0.849079,0.073904,0.822907,-0.525709,-0.215532,0.221856,-0.051923,0.973696,0,0.71606,0.39012,13.329,-0.639,-1,507.537,-1,863.266,-1,401.513,391.503,437.068,510.238,-1,-1,-1,767.921,-1,-1,-1,-1,2,0,2,0,2,0,0,0,0,2,2,2,0,2,2,2,2
157,7192.494,5798.273,-290.311,121.909,-0.515129,-0.853414,0.079535,0.827284,-0.519324,-0.214250,0.224149,-0.044569,0.973535,0,0.71285,0.39717,13.475,-0.532,-1,513.013,-1,868.384,-1,401.712,508.210,440.053,499.915,-1,-1,-1,728.142,-1,-1,-1,-1,2,0,2,0,2,0,0,0,0,2,2,2,0,2,2,2,2
158,7187.392,5810.907,-287.976,121.523,-0.509287,-0.856422,0.084670,0.830323,-0.514853,-0.213284,0.226254,-0.038319,0.973314,0,0.71012,0.40314,13.625,-0.386,-1,519.360,-1,873.323,-1,402.940,518.112,443.098,492.109,-1,-1,-1,698.471,-1,-1,-1,-1,2,0,2,0,2,0,0,0,0,2,2,2,0,2,2,2,2
159,7181.471,5823.401,-285.281,121.325,-0.506141,-0.857741,0.090003,0.831652,-0.513041,-0.212469,0.228419,-0.032688,0.973014,0,0.70807,0.40764,13.825,-0.199,-1,531.643,-1,878.052,-1,405.668,527.006,446.947,485.775,-1,-1,-1,675.082,-1,-1,-1,-1,2,0,2,0,2,0,0,0,0,2,2,2,0,2,2,2,2
160,7175.253,5836.108,-282.141,121.206,-0.504056,-0.858633,0.093147,0.832101,-0.511692,-0.213963,0.231379,-0.030341,0.972390,0,0.70688,0.41025,14.147,-0.119,-1,545.528,-1,890.221,-1,410.332,537.779,447.596,485.119,-1,-1,997.688,666.574,-1,-1,-1,-1,2,0,2,0,2,0,0,0,0,2,2,0,0,2,2,2,2
161,7168.736,5849.012,-278.602,121.098,-0.502020,-0.859705,0.094246,0.832263,-0.509858,-0.217675,0.235189,-0.030840,0.971460,0,0.70605,0.41206,14.456,-0.108,-1,558.234,-1,910.066,-1,421.893,623.392,445.244,489.423,-1,994.024,976.406,665.982,-1,-1,-1,-1,2,0,2,0,2,0,0,0,0,2,0,0,0,2,2,2,2
162,7162.141,5862.090,-274.720,120.912,-0.498767,-0.861687,0.093421,0.832972,-0.506335,-0.223118,0.239560,-0.033467,0.970305,0,0.70527,0.41378,14.647,-0.186,-1,576.796,-1,942.041,-1,420.764,650.068,440.204,497.864,-1,976.711,935.815,673.042,-1,-1,-1,-1,2,0,2,0,2,0,0,0,0,2,0,0,0,2,2,2,2
163,7155.651,5875.345,-270.556,120.658,-0.494303,-0.864389,0.092178,0.833881,-0.501450,-0.230631,0.245577,-0.037136,0.968666,0,0.70412,0.41629,14.759,-0.254,-1,600.075,-1,980.171,-1,423.741,685.761,433.092,508.537,-1,950.701,892.489,679.709,-1,-1,-1,-1,2,0,2,0,2,0,0,0,0,2,0,0,0,2,2,2,2
164,7149.271,5888.912,-266.243,120.342,-0.488582,-0.867709,0.091479,0.834706,-0.495363,-0.240588,0.254075,-0.041189,0.966307,0,0.70266,0.41949,14.992,-0.316,-1,638.536,-1,-1,-1,433.603,714.752,424.804,519.896,964.622,882.357,776.924,680.266,-1,-1,-1,-1,2,0,2,2,2,0,0,0,0,0,0,0,0,2,2,2,2
165,7142.859,5902.610,-261.838,120.001,-0.482343,-0.871276,0.090676,0.835421,-0.488672,-0.251538,0.263470,-0.045575,0.963591,0,0.70091,0.42333,15.125,-0.341,-1,683.554,-1,-1,-1,445.199,749.113,416.248,532.425,901.081,775.409,678.934,680.162,-1,-1,-1,-1,2,0,2,2,2,0,0,0,0,0,0,0,0,2,2,2,2
166,7136.344,5916.318,-257.266,119.692,-0.476619,-0.874435,0.090541,0.835858,-0.482667,-0.261484,0.272352,-0.048948,0.960952,0,0.69904,0.42743,15.177,-0.308,-1,748.028,-1,-1,-1,563.054,798.208,410.254,543.792,852.784,690.847,598.774,680.710,-1,-1,-1,-1,2,0,2,2,2,0,0,0,0,0,0,0,0,2,2,2,2
167,7129.741,5930.030,-252.554,119.435,-0.471739,-0.876947,0.091791,0.835998,-0.477931,-0.269609,0.280303,-0.050448,0.958585,0,0.69732,0.43120,15.219,-0.257,-1,816.081,-1,-1,-1,570.043,835.720,407.947,552.231,824.748,603.108,552.441,679.177,-1,-1,-1,-1,2,0,2,2,2,0,0,0,0,0,0,0,0,2,2,2,2
168,7123.066,5943.757,-247.846,119.232,-0.467865,-0.878793,0.093946,0.836043,-0.474545,-0.275391,0.286593,-0.050303,0.956731,0,0.69583,0.43447,15.264,-0.203,-1,897.854,-1,-1,-1,723.312,867.296,407.990,557.518,812.912,555.523,523.844,677.795,-1,-1,-1,-1,2,0,2,2,2,0,0,0,0,0,0,0,0,2,2,2,2
169,7116.430,5957.113,-243.363,119.078,-0.465099,-0.879936,0.096934,0.836361,-0.472655,-0.277665,0.290143,-0.048070,0.955775,0,-0.00476,0.87117,14.914,-0.154,-1,937.568,-1,-1,-1,735.812,883.221,410.132,558.420,820.481,546.897,518.299,677.699,-1,-1,-1,-1,2,0,2,2,2,0,0,0,0,0,0,0,0,2,2,2,2
170,7109.424,5969.365,-239.482,119.168,-0.466557,-0.878615,0.101788,0.835894,-0.475614,-0.273992,0.289145,-0.042749,0.956330,0,-0.00475,0.87338,14.114,0.090,-1,956.446,-1,-1,-1,726.285,879.303,416.620,551.539,859.417,569.002,533.186,678.876,-1,-1,-1,-1,2,0,2,2,2,0,0,0,0,0,0,0,0,2,2,2,2
171,7102.450,5980.861,-236.371,119.363,-0.469997,-0.876264,0.106134,0.835372,-0.480418,-0.267118,0.285055,-0.036883,0.957801,0,-0.00475,0.87308,13.446,0.195,-1,952.288,-1,-1,-1,709.986,863.167,423.673,541.856,914.576,612.020,561.988,683.997,-1,-1,-1,-1,2,0,2,2,2,0,0,0,0,0,0,0,0,2,2,2,2
172,7096.160,5991.743,-233.435,119.496,-0.472222,-0.874419,0.111350,0.834771,-0.484192,-0.262136,0.283131,-0.030835,0.958585,0,-0.00475,0.87170,12.569,0.133,-1,962.832,-1,-1,-1,698.671,848.719,432.107,532.513,971.347,644.564,577.751,682.239,-1,-1,-1,-1,2,0,2,2,2,0,0,0,0,0,0,0,0,2,2,2,2
173,7090.731,6002.137,-230.011,119.492,-0.471594,-0.873879,0.118045,0.833811,-0.485474,-0.262820,0.286981,-0.025517,0.957596,0,-0.00476,0.87090,11.726,-0.004,-1,996.158,-1,-1,-1,699.324,848.792,440.270,526.932,990.938,619.796,561.459,669.050,-1,-1,-1,-1,2,0,2,2,2,0,0,0,0,0,0,0,0,2,2,2,2
174,7085.087,6010.998,-226.610,119.783,-0.475181,-0.870374,0.129042,0.830267,-0.492089,-0.261735,0.291308,-0.017232,0.956474,0,-0.00476,0.87147,10.505,0.291,-1,-1,-1,-1,-1,697.003,843.035,455.557,516.490,-1,602.764,534.004,647.525,-1,-1,-1,-1,2,2,2,2,2,0,0,0,0,2,0,0,0,2,2,2,2
175,7079.135,6018.173,-223.490,120.312,-0.482666,-0.864327,0.141324,0.825593,-0.502884,-0.255937,0.292283,-0.006856,0.956307,0,-0.00476,0.86899,9.323,0.528,-1,-1,-1,-1,-1,686.774,826.401,476.392,502.162,-1,611.588,527.546,629.671,-1,-1,-1,-1,2,2,2,2,2,0,0,0,0,2,0,0,0,2,2,2,2
176,7073.357,6023.899,-220.663,120.900,-0.491600,-0.858238,0.147504,0.821399,-0.513251,-0.248750,0.289193,-0.001126,0.957270,0,-0.00478,0.86404,8.135,0.588,-1,-1,-1,-1,-1,670.831,804.412,490.772,492.277,-1,648.003,554.796,630.908,-1,-1,-1,-1,2,2,2,2,2,0,0,0,0,2,0,0,0,2,2,2,2
177,7067.836,6028.628,-218.184,121.474,-0.500628,-0.853236,0.146152,0.817786,-0.521520,-0.243398,0.283898,-0.002331,0.958852,0,-0.00480,0.85841,7.269,0.574,-1,-1,-1,-1,-1,652.800,782.125,493.254,492.946,-1,718.480,591.711,651.328,-1,-1,-1,-1,2,2,2,2,2,0,0,0,0,2,0,0,0,2,2,2,2
178,7062.633,6032.800,-216.194,121.880,-0.507161,-0.850554,0.139090,0.815428,-0.525805,-0.242089,0.279044,-0.009360,0.960233,0,-0.00481,0.85287,6.669,0.406,-1,1004.123,-1,-1,-1,637.609,765.414,484.030,503.043,-1,777.281,630.781,683.867,-1,-1,-1,-1,2,0,2,2,2,0,0,0,0,2,0,0,0,2,2,2,2
179,7057.441,6036.253,-214.974,122.291,-0.513569,-0.848183,0.129741,0.812655,-0.529337,-0.243711,0.275388,-0.019728,0.961131,0,-0.00483,0.84899,6.235,0.412,-1,977.339,-1,-1,-1,623.438,750.856,468.520,517.692,-1,804.767,666.143,721.512,-1,-1,-1,-1,2,0,2,2,2,0,0,0,0,2,0,0,0,2,2,2,2
180,7052.315,6039.346,-214.558,122.666,-0.519074,-0.846399,0.119044,0.809582,-0.531531,-0.249100,0.274113,-0.032926,0.961134,0,-0.00484,0.84500,5.987,0.375,-1,951.996,-1,-1,-1,610.322,740.495,447.729,536.735,-1,799.863,674.569,759.083,-1,-1,-1,-1,2,0,2,2,2,0,0,0,0,2,0,0,0,2,2,2,2
181,7047.167,6042.065,-214.765,122.922,-0.522260,-0.845617,0.110343,0.806622,-0.531830,-0.257910,0.276777,-0.045691,0.959847,0,-0.00485,0.84136,5.823,0.255,-1,942.360,-1,-1,-1,604.389,737.000,426.871,556.130,-1,749.091,642.851,783.786,-1,-1,-1,-1,2,0,2,2,2,0,0,0,0,2,0,0,0,2,2,2,2
182,7042.065,6044.446,-215.506,123.122,-0.523975,-0.845189,0.105383,0.803097,-0.531471,-0.269397,0.283700,-0.056524,0.957246,0,-0.00486,0.83890,5.630,0.200,-1,951.443,-1,-1,-1,606.873,739.597,408.584,572.257,930.909,643.218,589.764,788.868,-1,-1,-1,-1,2,0,2,2,2,0,0,0,0,0,0,0,0,2,2,2,2
183,7037.636,6046.730,-216.351,123.388,-0.526409,-0.843886,0.103683,0.798692,-0.532621,-0.280011,0.291521,-0.064590,0.954381,0,-0.00486,0.83697,4.983,0.266,-1,968.457,-1,-1,-1,632.739,742.479,395.196,583.435,852.990,564.660,531.154,782.236,-1,-1,-1,-1,2,0,2,2,2,0,0,0,0,0,0,0,0,2,2,2,2
184,7034.109,6048.894,-216.833,123.644,-0.529002,-0.842176,0.104386,0.794894,-0.534819,-0.286552,0.297155,-0.068610,0.952361,0,-0.00487,0.83438,4.138,0.255,-1,983.632,-1,-1,-1,654.475,742.702,388.330,588.214,814.525,514.570,488.103,772.473,-1,-1,-1,-1,2,0,2,2,2,0,0,0,0,0,0,0,0,2,2,2,2
185,7031.385,6050.824,-216.769,123.845,-0.531358,-0.840371,0.106936,0.792377,-0.537681,-0.288162,0.299661,-0.068384,0.951592,0,-0.00488,0.83191,3.339,0.202,-1,991.935,-1,-1,-1,667.733,739.513,388.060,586.461,806.361,499.097,472.265,762.957,-1,-1,-1,-1,2,0,2,2,2,0,0,0,0,0,0,0,0,2,2,2,2
186,7029.355,6052.481,-216.163,123.993,-0.533467,-0.838590,0.110366,0.791103,-0.540860,-0.285703,0.299280,-0.065103,0.951942,0,-0.00489,0.82997,2.621,0.148,-1,993.847,-1,-1,-1,672.169,733.514,392.827,579.131,822.125,503.901,473.739,756.543,-1,-1,-1,-1,2,0,2,2,2,0,0,0,0,0,0,0,0,2,2,2,2
187,7027.883,6053.907,-215.150,124.103,-0.535366,-0.836920,0.113785,0.790653,-0.543974,-0.280998,0.297069,-0.060472,0.952939,0,-0.00489,0.82856,2.049,0.110,-1,991.952,-1,-1,-1,670.887,726.301,400.325,570.372,852.305,521.874,486.762,753.879,-1,-1,-1,-1,2,0,2,2,2,0,0,0,0,0,0,0,0,2,2,2,2
188,7026.504,6055.584,-213.807,124.230,-0.537392,-0.835110,0.117477,0.789867,-0.547226,-0.276864,0.295498,-0.055993,0.953701,0,0.76500,0.82060,2.171,0.127,-1,993.291,-1,-1,-1,677.474,720.402,408.543,562.725,885.991,542.745,498.677,750.679,-1,-1,-1,-1,2,0,2,2,2,0,0,0,0,0,0,0,0,2,2,2,2
189,7024.589,6058.029,-212.236,124.423,-0.539960,-0.832782,0.122135,0.787922,-0.551148,-0.274618,0.296012,-0.052050,0.953765,0,0.76558,0.81941,3.106,0.193,-1,1002.057,-1,-1,-1,702.406,716.258,416.641,556.174,909.730,548.940,499.568,743.005,-1,-1,-1,-1,2,0,2,2,2,0,0,0,0,0,0,0,0,2,2,2,2
190,7022.149,6061.172,-210.724,124.648,-0.542865,-0.830248,0.126435,0.785532,-0.555235,-0.273228,0.297048,-0.049008,0.953604,0,0.76647,0.81759,3.979,0.225,-1,-1,-1,-1,-1,732.023,711.836,423.180,550.721,925.259,548.786,497.035,735.812,-1,-1,-1,-1,2,2,2,2,2,0,0,0,0,0,0,0,0,2,2,2,2
191,7019.224,6064.953,-209.463,124.876,-0.545950,-0.827740,0.129553,0.783289,-0.559152,-0.271675,0.297316,-0.046843,0.953629,0,0.76749,0.81550,4.781,0.229,-1,-1,-1,1006.936,-1,746.074,705.487,427.472,545.865,939.275,550.408,496.529,732.347,-1,-1,-1,-1,2,2,2,0,2,0,0,0,0,0,0,0,0,2,2,2,2
192,7015.798,6069.289,-208.471,125.111,-0.549314,-0.825240,0.131277,0.781280,-0.562943,-0.269625,0.296406,-0.045545,0.953975,0,0.76852,0.81339,5.526,0.234,-1,-1,-1,997.209,-1,747.522,696.606,429.434,541.487,953.729,555.782,500.031,733.553,-1,-1,-1,-1,2,2,2,0,2,0,0,0,0,0,0,0,0,2,2,2,2
193,7011.877,6074.109,-207.697,125.353,-0.552982,-0.822690,0.131883,0.779481,-0.566724,-0.266897,0.294315,-0.044789,0.954658,0,0.76957,0.81125,6.214,0.242,-1,1001.716,-1,985.401,-1,742.870,685.239,429.655,537.130,970.493,565.910,507.926,738.596,-1,-1,-1,-1,2,0,2,0,2,0,0,0,0,0,0,0,0,2,2,2,2
194,7007.452,6079.404,-207.021,125.610,-0.556989,-0.819963,0.132001,0.777706,-0.570712,-0.263554,0.291439,-0.044139,0.955571,0,0.77064,0.80906,6.900,0.257,-1,988.129,-1,971.844,-1,734.637,671.949,429.096,530.690,990.489,579.687,518.918,745.816,-1,-1,-1,-1,2,0,2,0,2,0,0,0,0,0,0,0,0,2,2,2,2
195,7002.530,6085.167,-206.319,125.881,-0.561222,-0.817046,0.132157,0.775853,-0.574947,-0.259786,0.288241,-0.043263,0.956580,0,0.77177,0.80674,7.578,0.271,-1,973.399,-1,957.113,-1,724.228,657.567,428.539,522.852,-1,595.581,531.467,753.508,-1,-1,-1,-1,2,0,2,0,2,0,0,0,0,2,0,0,0,2,2,2,2
196,6997.169,6091.286,-205.436,126.150,-0.565473,-0.814109,0.132160,0.774049,-0.579167,-0.255760,0.284760,-0.042327,0.957664,0,0.77296,0.80430,8.135,0.269,-1,958.086,-1,941.782,-1,713.040,642.731,428.510,515.051,-1,614.796,548.098,762.708,-1,-1,-1,-1,2,0,2,0,2,0,0,0,0,2,0,0,0,2,2,2,2
197,6990.210,6099.102,-203.937,126.493,-0.570803,-0.810373,0.132209,0.771590,-0.584454,-0.251122,0.280773,-0.041330,0.958884,0,0.77414,0.80190,10.465,0.344,-1,941.408,-1,924.167,-1,703.217,624.785,429.001,502.833,-1,639.763,570.334,775.158,-1,-1,-1,-1,2,0,2,0,2,0,0,0,0,2,0,0,0,2,2,2,2
198,6985.206,6104.539,-202.630,126.728,-0.574414,-0.807787,0.132395,0.769843,-0.588079,-0.248004,0.278193,-0.040534,0.959670,0,0.77564,0.79883,7.390,0.235,-1,931.485,-1,912.566,-1,698.837,612.935,430.016,493.732,-1,658.424,585.588,784.114,-1,-1,-1,-1,2,0,2,0,2,0,0,0,0,2,0,0,0,2,2,2,2
199,6978.593,6111.649,-200.654,127.029,-0.578964,-0.804447,0.132910,0.767506,-0.592719,-0.244171,0.275200,-0.039357,0.960581,0,0.77666,0.79673,9.710,0.301,-1,920.923,-1,898.161,-1,696.336,598.756,432.122,482.562,-1,687.327,603.081,795.426,-1,-1,-1,-1,2,0,2,0,2,0,0,0,0,2,0,0,0,2,2,2,2
200,6971.572,6119.208,-198.381,127.350,-0.583632,-0.800919,0.133800,0.764746,-0.597543,-0.241053,0.273015,-0.038363,0.961245,0,0.77797,0.79405,10.317,0.321,-1,913.527,-1,884.358,-1,699.168,586.061,434.479,485.012,-1,712.004,617.500,805.703,-1,-1,-1,-1,2,0,2,0,2,0,0,0,0,2,0,0,0,2,2,2,2
201,6964.144,6127.204,-195.859,127.692,-0.588428,-0.797226,0.134845,0.761565,-0.602496,-0.238784,0.271608,-0.037814,0.961665,0,0.77937,0.79119,10.914,0.342,-1,908.706,-1,871.169,-1,705.631,574.074,436.577,510.878,-1,729.332,628.515,815.538,-1,-1,-1,-1,2,0,2,0,2,0,0,0,0,2,0,0,0,2,2,2,2
202,6956.268,6135.542,-193.122,128.039,-0.593209,-0.793467,0.136064,0.758220,-0.607468,-0.236822,0.270565,-0.037319,0.961978,0,0.78086,0.78814,11.470,0.347,-1,905.320,-1,858.099,-1,712.535,569.348,438.820,528.627,-1,743.892,638.440,825.178,-1,-1,-1,-1,2,0,2,0,2,0,0,0,0,2,0,0,0,2,2,2,2
203,6947.941,6144.218,-190.285,128.403,-0.598160,-0.789546,0.137192,0.754599,-0.612563,-0.235259,0.269787,-0.037198,0.962201,0,0.78236,0.78506,12.025,0.365,-1,902.372,-1,844.982,-1,719.488,594.621,440.521,534.178,-1,754.921,646.978,835.395,-1,-1,-1,-1,2,0,2,0,2,0,0,0,0,2,0,0,0,2,2,2,2
204,6939.282,6153.171,-187.321,128.779,-0.603298,-0.785617,0.137250,0.750919,-0.617538,-0.234026,0.268612,-0.038124,0.962494,0,0.78395,0.78181,12.455,0.376,-1,897.119,-1,826.961,-1,721.730,619.733,440.635,540.898,-1,770.138,658.534,850.422,-1,-1,-1,-1,2,0,2,0,2,0,0,0,0,2,0,0,0,2,2,2,2
205,6930.276,6162.254,-184.164,129.163,-0.608600,-0.781622,0.136648,0.747208,-0.622497,-0.232761,0.266995,-0.039554,0.962886,0,0.78558,0.77847,12.791,0.384,-1,890.252,-1,803.120,-1,722.397,636.477,440.164,550.805,-1,791.114,673.894,869.306,-1,-1,-1,-1,2,0,2,0,2,0,0,0,0,2,0,0,0,2,2,2,2
206,6920.943,6171.324,-180.945,129.568,-0.614261,-0.777299,0.135978,0.743353,-0.627813,-0.230818,0.264784,-0.040703,0.963448,0,0.78725,0.77505,13.014,0.405,-1,881.840,-1,777.306,-1,721.710,649.812,439.852,569.392,-1,811.785,693.014,889.814,-1,-1,-1,-1,2,0,2,0,2,0,0,0,0,2,0,0,0,2,2,2,2
207,6911.513,6180.480,-177.715,129.939,-0.619656,-0.773359,0.133950,0.740069,-0.632548,-0.228434,0.261391,-0.042418,0.964301,0,0.78903,0.77141,13.144,0.371,-1,869.174,-1,750.753,-1,717.063,652.234,438.885,588.263,-1,843.079,720.794,916.973,-1,-1,-1,-1,2,0,2,0,2,0,0,0,0,2,0,0,0,2,2,2,2
208,6901.969,6189.747,-174.494,130.268,-0.624647,-0.769955,0.130331,0.737395,-0.636502,-0.226084,0.257030,-0.045117,0.965350,0,0.79064,0.76812,13.302,0.329,-1,852.712,-1,724.433,-1,708.984,648.930,436.062,622.308,-1,892.564,757.080,953.192,-1,-1,-1,-1,2,0,2,0,2,0,0,0,0,2,0,0,0,2,2,2,2
209,6892.184,6199.146,-171.315,130.597,-0.629637,-0.766520,0.126508,0.734700,-0.640429,-0.223758,0.252535,-0.047941,0.966399,0,0.79204,0.76526,13.568,0.329,-1,835.911,-1,698.128,-1,700.482,644.401,432.470,663.002,-1,941.598,799.827,992.335,-1,-1,-1,-1,2,0,2,0,2,0,0,0,0,2,0,0,0,2,2,2,2
210,6882.470,6208.259,-168.243,130.900,-0.634401,-0.763162,0.122959,0.732364,-0.644293,-0.220295,0.247342,-0.049705,0.967652,0,-0.24917,0.67731,13.319,0.304,-1,818.370,-1,670.896,-1,690.219,637.126,430.242,685.772,-1,-1,849.541,-1,-1,-1,-1,-1,2,0,2,0,2,0,0,0,0,2,2,0,2,2,2,2,2
211,6873.267,6216.678,-165.436,131.174,-0.638975,-0.759906,0.119391,0.730560,-0.648091,-0.215080,0.240817,-0.050209,0.969271,0,-0.24957,0.67469,12.473,0.274,-1,798.531,-1,651.319,-1,676.432,625.163,429.596,692.406,-1,-1,909.325,-1,-1,-1,-1,-1,2,0,2,0,2,0,0,0,0,2,2,0,2,2,2,2,2
212,6864.616,6224.616,-162.843,131.415,-0.643062,-0.756868,0.116716,0.729019,-0.651687,-0.209368,0.234526,-0.049548,0.970846,0,-0.24993,0.67234,11.741,0.241,-1,780.888,-1,640.327,-1,663.529,613.376,430.521,696.411,-1,-1,976.612,-1,-1,-1,-1,-1,2,0,2,0,2,0,0,0,0,2,2,0,2,2,2,2,2
213,6856.489,6232.137,-160.424,131.635,-0.646742,-0.753926,0.115414,0.727546,-0.655238,-0.203324,0.228915,-0.047529,0.972285,0,-0.25025,0.67029,11.073,0.220,-1,766.672,-1,629.798,-1,652.778,603.118,433.510,697.762,-1,-1,-1,-1,-1,-1,-1,-1,2,0,2,0,2,0,0,0,0,2,2,2,2,2,2,2,2
214,6848.908,6239.236,-158.194,131.831,-0.650074,-0.751188,0.114544,0.726282,-0.658561,-0.197009,0.223425,-0.044879,0.973687,0,-0.25053,0.66843,10.386,0.196,-1,753.580,-1,618.519,-1,642.392,592.787,437.372,697.653,-1,-1,-1,-1,-1,-1,-1,-1,2,0,2,0,2,0,0,0,0,2,2,2,2,2,2,2,2
215,6841.898,6245.765,-156.184,132.007,-0.653201,-0.748630,0.113498,0.725280,-0.661662,-0.190189,0.217478,-0.041913,0.975165,0,-0.25078,0.66680,9.580,0.176,-1,739.830,-1,605.114,-1,630.897,580.953,441.620,696.526,-1,-1,-1,-1,-1,-1,-1,-1,2,0,2,0,2,0,0,0,0,2,2,2,2,2,2,2,2
216,6835.391,6251.759,-154.423,132.170,-0.656169,-0.746161,0.112631,0.724427,-0.664658,-0.182851,0.211298,-0.038388,0.976668,0,-0.25100,0.66534,8.847,0.163,-1,726.097,-1,590.221,-1,618.909,568.212,446.710,692.964,-1,-1,-1,-1,-1,-1,-1,-1,2,0,2,0,2,0,0,0,0,2,2,2,2,2,2,2,2
217,6829.421,6257.291,-152.864,132.322,-0.659033,-0.743841,0.111245,0.723704,-0.667433,-0.175461,0.204763,-0.035126,0.978181,0,-0.25121,0.66399,8.139,0.153,-1,711.440,-1,574.460,-1,606.103,554.589,451.877,689.467,-1,-1,-1,-1,-1,-1,-1,-1,2,0,2,0,2,0,0,0,0,2,2,2,2,2,2,2,2
218,6823.953,6262.307,-151.443,132.469,-0.661829,-0.741621,0.109450,0.723058,-0.670053,-0.167977,0.197913,-0.032033,0.979696,0,-0.25141,0.66272,7.421,0.146,-1,696.212,-1,557.659,-1,592.865,540.493,456.832,686.056,-1,-1,-1,-1,-1,-1,-1,-1,2,0,2,0,2,0,0,0,0,2,2,2,2,2,2,2,2
219,6818.919,6266.884,-150.120,132.609,-0.664486,-0.739453,0.108015,0.722385,-0.672599,-0.160535,0.191359,-0.028645,0.981102,0,-0.25160,0.66149,6.803,0.141,-1,682.443,-1,541.725,-1,579.690,527.408,462.473,680.580,-1,-1,-1,-1,-1,983.385,-1,-1,2,0,2,0,2,0,0,0,0,2,2,2,2,2,0,2,2
220,6814.317,6271.056,-148.887,132.742,-0.666926,-0.737346,0.107382,0.721678,-0.675065,-0.153194,0.185447,-0.024674,0.982344,0,-0.25178,0.66029,6.212,0.133,-1,671.040,-1,527.448,-1,567.925,515.937,469.348,671.682,-1,-1,-1,-1,-1,949.786,-1,-1,2,0,2,0,2,0,0,0,0,2,2,2,2,2,0,2,2
221,6810.345,6274.703,-147.668,132.831,-0.668757,-0.735733,0.107054,0.721396,-0.676964,-0.145968,0.179865,-0.020389,0.983480,0,-0.25195,0.65916,5.392,0.089,-1,661.264,-1,513.807,-1,557.452,505.028,476.920,662.866,-1,-1,-1,-1,-1,920.499,-1,-1,2,0,2,0,2,0,0,0,0,2,2,2,2,2,0,2,2
222,6807.421,6277.248,-146.449,132.794,-0.669087,-0.735582,0.106028,0.722706,-0.677255,-0.137916,0.173257,-0.015650,0.984752,0,-0.25207,0.65843,3.876,-0.038,-1,650.468,-1,496.260,-1,544.887,491.461,485.080,654.464,-1,-1,-1,-1,-1,889.210,-1,-1,2,0,2,0,2,0,0,0,0,2,2,2,2,2,0,2,2
223,6805.273,6278.890,-145.260,132.706,-0.668734,-0.735921,0.105901,0.724548,-0.676998,-0.129248,0.166811,-0.009702,0.985941,0,-0.25199,0.65892,2.704,-0.088,-1,641.636,-1,478.587,-1,533.512,478.413,495.885,644.596,-1,-1,-1,-1,1003.952,856.394,-1,-1,2,0,2,0,2,0,0,0,0,2,2,2,2,0,0,2,2
224,6803.930,6280.128,-144.131,132.648,-0.668623,-0.735950,0.106401,0.725901,-0.677025,-0.121265,0.161281,-0.003844,0.986901,0,-0.25184,0.65987,1.827,-0.058,-1,635.262,-1,463.974,-1,524.682,467.854,507.499,635.208,-1,-1,-1,-1,990.548,827.623,-1,-1,2,0,2,0,2,0,0,0,0,2,2,2,2,0,0,2,2
225,6803.107,6281.124,-143.129,132.628,-0.668839,-0.735501,0.108134,0.726636,-0.677520,-0.113876,0.157019,0.002409,0.987593,0,-0.25175,0.66051,1.292,-0.020,-1,631.981,-1,452.327,-1,518.889,460.088,520.623,625.146,-1,-1,-1,-1,983.426,807.387,-1,-1,2,0,2,0,2,0,0,0,0,2,2,2,2,0,0,2,2
226,6802.752,6281.812,-142.320,132.613,-0.669026,-0.734973,0.110542,0.727228,-0.678038,-0.106790,0.153439,0.008944,0.988118,0,-0.25171,0.66076,0.775,-0.015,-1,630.227,-1,441.814,-1,514.392,453.398,534.658,614.649,-1,-1,-1,-1,979.396,789.714,-1,-1,2,0,2,0,2,0,0,0,0,2,2,2,2,0,0,2,2
227,6802.847,6282.152,-141.756,132.588,-0.669062,-0.734568,0.112988,0.727917,-0.678359,-0.099828,0.149977,0.015455,0.988569,0,-0.25168,0.66094,0.353,-0.025,-1,628.463,-1,430.453,-1,509.665,446.425,548.381,604.196,-1,-1,-1,-1,975.532,771.492,-1,-1,2,0,2,0,2,0,0,0,0,2,2,2,2,0,0,2,2
228,6803.386,6282.130,-141.472,132.546,-0.668912,-0.734389,0.115023,0.728808,-0.678383,-0.092929,0.146276,0.021669,0.989006,0,-0.25164,0.66122,0.540,-0.041,-1,625.675,-1,416.552,-1,503.777,438.387,561.211,594.167,-1,-1,-1,-1,969.959,750.444,-1,-1,2,0,2,0,2,0,0,0,0,2,2,2,2,0,0,2,2
229,6804.361,6281.747,-141.489,132.486,-0.668546,-0.734483,0.116541,0.729941,-0.678069,-0.086070,0.142240,0.027527,0.989449,0,-0.25157,0.66164,1.048,-0.060,-1,621.596,-1,401.188,750.485,496.498,429.087,573.053,584.429,-1,-1,-1,-1,962.193,728.621,-1,997.580,2,0,2,0,0,0,0,0,0,2,2,2,2,0,0,2,0
230,6805.750,6281.011,-141.809,132.405,-0.667918,-0.734861,0.117747,0.731329,-0.677405,-0.079240,0.137993,0.033186,0.989877,0,-0.25148,0.66223,1.572,-0.081,-1,616.583,-1,384.632,745.080,488.325,418.168,584.132,574.397,-1,-1,-1,-1,953.219,706.333,-1,942.392,2,0,2,0,0,0,0,0,0,2,2,2,2,0,0,2,0
231,6807.509,6279.935,-142.424,132.309,-0.667083,-0.735413,0.119028,0.732872,-0.676501,-0.072428,0.133787,0.038917,0.990246,0,-0.25136,0.66301,2.062,-0.096,-1,611.127,-1,381.056,740.369,479.886,404.841,595.071,564.051,-1,-1,-1,-1,944.928,683.634,-1,885.207,2,0,2,0,0,0,0,0,0,2,2,2,2,0,0,2,0
232,6809.609,6278.578,-143.307,132.197,-0.665986,-0.736145,0.120636,0.734568,-0.675339,-0.065784,0.129897,0.044804,0.990515,0,-0.25122,0.66393,2.500,-0.113,-1,606.090,-1,378.503,736.527,471.639,387.054,606.105,553.329,-1,-1,-1,-1,937.525,658.383,-1,825.361,2,0,2,0,0,0,0,0,0,2,2,2,2,0,0,2,0
233,6812.096,6276.965,-144.435,132.060,-0.664543,-0.737148,0.122458,0.736494,-0.673828,-0.059441,0.126332,0.050689,0.990692,0,-0.25106,0.66500,2.964,-0.136,-1,601.447,-1,376.782,733.766,463.576,369.165,607.206,542.562,-1,-1,-1,-1,930.849,634.299,-1,671.203,2,0,2,0,0,0,0,1,0,2,2,2,2,0,0,2,0
234,6814.948,6275.069,-145.725,131.894,-0.662674,-0.738501,0.124419,0.738709,-0.671890,-0.053599,0.123179,0.056391,0.990781,0,-0.25086,0.66630,3.425,-0.166,-1,597.268,-1,376.164,732.420,455.988,351.668,608.153,532.224,-1,-1,-1,-1,924.926,609.617,-1,669.523,2,0,2,0,0,0,0,1,0,2,2,2,2,0,0,2,0
235,6818.093,6272.955,-146.853,131.730,-0.660666,-0.740063,0.125806,0.740740,-0.669880,-0.050643,0.121754,0.059732,0.990761,0,-0.25062,0.66788,3.789,-0.165,-1,595.436,-1,378.493,734.835,451.648,341.193,609.363,526.167,-1,-1,-1,-1,922.855,585.645,-1,671.064,2,0,2,0,0,0,0,1,0,2,2,2,2,0,0,2,0
236,6821.422,6270.602,-147.713,131.551,-0.658286,-0.742053,0.126557,0.742727,-0.667628,-0.051274,0.122541,0.060244,0.990633,0,-0.25038,0.66944,4.077,-0.179,-1,597.172,-1,384.577,741.988,451.469,339.004,610.708,525.234,-1,-1,-1,-1,926.065,579.332,-1,676.616,2,0,2,0,0,0,0,1,0,2,2,2,2,0,0,2,0
237,6824.583,6268.394,-148.300,131.392,-0.655859,-0.744018,0.127617,0.744138,-0.665640,-0.056407,0.126915,0.057969,0.990218,0,0.55643,0.60962,3.856,-0.159,-1,605.938,-1,394.949,754.161,457.990,344.329,612.125,529.189,-1,-1,-1,-1,939.177,598.184,-1,686.713,2,0,2,0,0,0,0,1,0,2,2,2,2,0,0,2,0
238,6827.096,6266.591,-148.727,131.288,-0.653801,-0.745445,0.129828,0.744529,-0.664382,-0.065368,0.134984,0.053923,0.989379,0,0.55592,0.61112,3.092,-0.104,-1,621.394,-1,408.467,769.857,471.717,357.498,613.343,536.159,-1,-1,-1,-1,962.730,641.657,-1,700.327,2,0,2,0,0,0,0,1,0,2,2,2,2,0,0,2,0
239,6829.006,6264.984,-149.190,131.197,-0.651740,-0.746819,0.132274,0.744551,-0.663224,-0.076013,0.144495,0.048944,0.988294,0,0.55559,0.61209,2.497,-0.091,-1,638.407,-1,423.213,787.241,488.517,379.876,607.472,544.631,-1,-1,-1,-1,990.598,680.560,-1,937.856,2,0,2,0,0,0,0,0,0,2,2,2,2,0,0,2,0
240,6830.524,6263.565,-149.732,131.137,-0.649986,-0.748175,0.133236,0.744121,-0.662186,-0.088284,0.154279,0.041760,0.987144,0,0.55531,0.61292,2.078,-0.060,-1,654.667,-1,438.537,806.113,505.996,405.666,591.723,556.549,-1,-1,-1,-1,-1,738.909,-1,-1,2,0,2,0,0,0,0,0,0,2,2,2,2,2,0,2,2
241,6831.667,6262.270,-150.348,131.099,-0.648457,-0.749642,0.132437,0.743364,-0.661056,-0.102054,0.164052,0.032271,0.985924,0,0.55513,0.61345,1.727,-0.038,-1,669.409,-1,454.443,-1,523.610,434.185,571.427,572.469,-1,-1,-1,-1,-1,786.180,-1,-1,2,0,2,0,2,0,0,0,0,2,2,2,2,2,0,2,2
242,6832.378,6261.058,-151.025,131.070,-0.646959,-0.751293,0.130399,0.742398,-0.659635,-0.117162,0.174038,0.021009,0.984515,0,0.55502,0.61377,1.406,-0.029,-1,683.442,-1,471.248,-1,542.498,462.861,548.248,592.061,-1,-1,-1,-1,-1,840.539,-1,-1,2,0,2,0,2,0,0,0,0,2,2,2,2,2,0,2,2
243,6832.688,6259.979,-151.733,131.064,-0.645617,-0.752962,0.127386,0.741019,-0.658015,-0.133815,0.184579,0.008003,0.982785,0,0.55494,0.61400,1.122,-0.006,-1,697.645,-1,489.016,-1,563.483,488.842,522.607,615.845,-1,-1,-1,-1,-1,904.743,-1,-1,2,0,2,0,2,0,0,0,0,2,2,2,2,2,0,2,2
244,6832.593,6259.039,-152.441,131.081,-0.644379,-0.754608,0.123868,0.739153,-0.656145,-0.152075,0.196032,-0.006436,0.980576,0,0.55494,0.61400,0.945,0.017,-1,713.185,-1,507.848,-1,585.772,517.236,495.313,643.640,-1,-1,-1,-1,-1,974.304,-1,-1,2,0,2,0,2,0,0,0,0,2,2,2,2,2,0,2,2
245,6832.114,6258.264,-153.108,131.127,-0.643252,-0.756174,0.120115,0.736666,-0.653994,-0.172091,0.208685,-0.022213,0.977731,0,0.55502,0.61377,0.912,0.046,-1,730.518,-1,554.315,-1,609.646,550.750,467.031,668.873,-1,-1,-1,-1,-1,-1,-1,-1,2,0,2,0,2,0,0,0,0,2,2,2,2,2,2,2,2
246,6831.302,6257.573,-153.716,131.208,-0.642295,-0.757605,0.116153,0.733485,-0.651536,-0.193652,0.222389,-0.039186,0.974170,0,0.55519,0.61326,1.066,0.081,-1,750.332,-1,612.093,-1,636.550,588.384,438.638,696.691,-1,-1,-1,-1,-1,-1,-1,-1,2,0,2,0,2,0,0,0,0,2,2,2,2,2,2,2,2
247,6830.451,6256.851,-154.032,131.258,-0.640937,-0.759382,0.111978,0.730655,-0.648276,-0.214198,0.235251,-0.055470,0.970350,0,0.55548,0.61240,1.116,0.050,-1,770.237,-1,685.266,-1,663.651,626.407,413.734,725.792,-1,-1,-1,-1,-1,-1,-1,-1,2,0,2,0,2,0,0,0,0,2,2,2,2,2,2,2,2
248,6829.736,6256.134,-153.564,131.312,-0.640099,-0.760565,0.108694,0.728315,-0.645731,-0.229325,0.244604,-0.067627,0.967262,0,0.55567,0.61185,1.012,0.054,-1,787.056,-1,731.092,-1,682.820,654.194,397.899,750.275,-1,-1,928.708,-1,-1,-1,-1,-1,2,0,2,0,2,0,0,0,0,2,2,0,2,2,2,2,2
249,6829.162,6255.565,-152.295,131.373,-0.639917,-0.760976,0.106873,0.726543,-0.644442,-0.238390,0.250282,-0.074902,0.965271,0,0.55587,0.61126,0.808,0.061,-1,800.134,-1,774.259,-1,697.052,673.530,391.120,767.606,-1,1004.366,889.519,-1,-1,-1,-1,-1,2,0,2,0,2,0,0,0,0,2,0,0,2,2,2,2,2
250,6828.678,6255.262,-150.440,131.433,-0.640255,-0.760733,0.106576,0.725385,-0.644407,-0.241983,0.252763,-0.077622,0.964409,0,0.55610,0.61061,0.571,0.060,-1,809.283,-1,791.255,-1,706.154,685.191,391.819,777.131,-1,986.801,880.586,-1,-1,-1,-1,-1,2,0,2,0,2,0,0,0,0,2,0,0,2,2,2,2,2
251,6828.188,6255.351,-148.334,131.488,-0.640911,-0.760058,0.107449,0.724730,-0.645279,-0.241621,0.252981,-0.076986,0.964403,0,0.55631,0.60998,0.498,0.055,-1,815.488,-1,797.802,-1,711.028,691.069,397.441,780.216,-1,1001.975,892.098,-1,-1,-1,-1,-1,2,0,2,0,2,0,0,0,0,2,0,0,2,2,2,2,2
252,6827.572,6255.926,-146.332,131.537,-0.641715,-0.759159,0.108999,0.724388,-0.646638,-0.239002,0.251923,-0.074413,0.964882,0,0.55650,0.60943,0.843,0.049,-1,819.246,-1,797.308,-1,712.902,692.810,405.295,779.005,-1,-1,913.185,-1,-1,-1,-1,-1,2,0,2,0,2,0,0,0,0,2,2,0,2,2,2,2,2
253,6826.711,6257.024,-144.725,131.583,-0.642578,-0.758177,0.110727,0.724179,-0.648156,-0.235497,0.250317,-0.071139,0.965547,0,0.55666,0.60897,1.395,0.046,-1,820.732,-1,792.669,-1,712.509,691.714,413.066,775.487,-1,-1,932.073,-1,-1,-1,-1,-1,2,0,2,0,2,0,0,0,0,2,2,0,2,2,2,2,2
254,6825.519,6258.631,-143.686,131.631,-0.643484,-0.757193,0.112193,0.723996,-0.649639,-0.231945,0.248512,-0.068026,0.966237,0,0.55680,0.60856,2.001,0.047,-1,819.711,-1,785.511,-1,710.108,688.408,419.123,771.087,-1,-1,949.272,-1,-1,-1,-1,-1,2,0,2,0,2,0,0,0,0,2,2,0,2,2,2,2,2
255,6823.950,6260.690,-143.259,131.681,-0.644458,-0.756230,0.113093,0.723812,-0.651022,-0.228620,0.246515,-0.065478,0.966925,0,0.55693,0.60817,2.589,0.050,-1,815.775,-1,776.250,-1,705.611,682.955,422.735,766.517,-1,-1,965.530,-1,-1,-1,-1,-1,2,0,2,0,2,0,0,0,0,2,2,0,2,2,2,2,2
256,6822.001,6263.132,-143.372,131.736,-0.645550,-0.755263,0.113325,0.723645,-0.652341,-0.225364,0.244136,-0.063477,0.967661,0,0.55707,0.60777,3.124,0.055,-1,808.658,-1,764.587,-1,698.836,675.153,424.051,761.868,-1,-1,981.858,-1,-1,-1,-1,-1,2,0,2,0,2,0,0,0,0,2,2,0,2,2,2,2,2
257,6819.703,6265.899,-143.872,131.796,-0.646799,-0.754248,0.112966,0.723519,-0.653678,-0.221870,0.241189,-0.061772,0.968510,0,0.55721,0.60734,3.597,0.060,-1,798.549,-1,750.281,-1,689.839,664.990,423.783,756.947,-1,-1,1001.315,-1,-1,-1,-1,-1,2,0,2,0,2,0,0,0,0,2,2,0,2,2,2,2,2
258,6817.093,6268.971,-144.563,131.858,-0.648165,-0.753185,0.112221,0.723462,-0.655059,-0.217944,0.237664,-0.060076,0.969488,0,0.55737,0.60688,4.030,0.062,-1,786.262,-1,728.083,-1,678.964,652.957,422.802,751.606,-1,-1,-1,-1,-1,-1,-1,-1,2,0,2,0,2,0,0,0,0,2,2,2,2,2,2,2,2
259,6814.260,6272.274,-145.281,131.916,-0.649579,-0.752097,0.111341,0.723564,-0.656500,-0.213220,0.233458,-0.057941,0.970639,0,0.55753,0.60641,4.352,0.058,-1,772.226,-1,708.366,-1,666.545,639.254,422.178,745.365,-1,-1,-1,-1,-1,-1,-1,-1,2,0,2,0,2,0,0,0,0,2,2,2,2,2,2,2,2
260,6811.318,6275.868,-145.830,131.947,-0.650695,-0.751291,0.110261,0.724027,-0.657626,-0.208117,0.228867,-0.055589,0.971869,0,0.55767,0.60599,4.644,0.031,-1,757.594,-1,687.905,-1,653.716,624.979,421.942,739.019,-1,-1,-1,-1,-1,-1,-1,-1,2,0,2,0,2,0,0,0,0,2,2,2,2,2,2,2,2
261,6808.340,6279.412,-146.025,131.950,-0.651540,-0.750765,0.108849,0.724875,-0.658436,-0.202533,0.223724,-0.053056,0.973207,0,0.55772,0.60586,4.629,0.004,-1,742.816,-1,667.193,-1,640.757,610.367,422.611,733.076,-1,-1,-1,-1,-1,-1,-1,-1,2,0,2,0,2,0,0,0,0,2,2,2,2,2,2,2,2
262,6805.635,6282.414,-145.817,131.882,-0.651594,-0.751081,0.106310,0.726668,-0.658247,-0.196633,0.217666,-0.050873,0.974697,0,0.55767,0.60600,4.041,-0.068,-1,727.047,-1,645.851,-1,627.282,594.362,423.506,728.624,-1,-1,-1,-1,-1,-1,-1,-1,2,0,2,0,2,0,0,0,0,2,2,2,2,2,2,2,2
263,6803.092,6284.983,-145.206,131.797,-0.651324,-0.751669,0.103783,0.728548,-0.657715,-0.191385,0.212117,-0.049043,0.976013,0,0.55739,0.60682,3.615,-0.085,-1,714.044,-1,628.444,-1,616.082,580.383,424.961,725.785,-1,-1,-1,-1,-1,-1,-1,-1,2,0,2,0,2,0,0,0,0,2,2,2,2,2,2,2,2
264,6800.625,6287.212,-144.301,131.730,-0.651058,-0.752121,0.102170,0.729974,-0.657324,-0.187255,0.207997,-0.047332,0.976984,0,0.55706,0.60780,3.325,-0.067,-1,705.532,-1,614.732,-1,608.548,570.879,427.297,724.008,-1,-1,-1,-1,-1,-1,-1,-1,2,0,2,0,2,0,0,0,0,2,2,2,2,2,2,2,2
265,6798.488,6289.094,-143.274,131.671,-0.650772,-0.752519,0.101048,0.731153,-0.656979,-0.183828,0.204721,-0.045748,0.977751,0,-0.26225,0.10178,2.847,-0.058,-1,699.638,-1,604.136,-1,603.183,564.220,430.109,722.823,-1,-1,-1,-1,-1,-1,-1,-1,2,0,2,0,2,0,0,0,0,2,2,2,2,2,2,2,2
266,6796.795,6290.668,-142.284,131.660,-0.651009,-0.752396,0.100442,0.731704,-0.657230,-0.180714,0.201982,-0.044153,0.978393,0,-0.26214,0.10245,2.312,-0.011,-1,695.347,-1,596.278,-1,598.983,559.320,433.472,721.577,-1,-1,-1,-1,-1,-1,-1,-1,2,0,2,0,2,0,0,0,0,2,2,2,2,2,2,2,2
267,6795.488,6291.893,-141.400,131.656,-0.651263,-0.752196,0.100285,0.732102,-0.657574,-0.177831,0.199708,-0.042396,0.978938,0,-0.26211,0.10264,1.791,-0.004,-1,692.355,-1,589.768,-1,595.822,555.437,437.219,719.939,-1,-1,-1,-1,-1,-1,-1,-1,2,0,2,0,2,0,0,0,0,2,2,2,2,2,2,2,2
268,6794.538,6292.798,-140.670,131.649,-0.651423,-0.752030,0.100494,0.732451,-0.657880,-0.175240,0.197898,-0.040548,0.979383,0,-0.26209,0.10274,1.312,-0.007,-1,690.435,-1,584.269,-1,593.513,552.379,440.917,717.946,-1,-1,-1,-1,-1,-1,-1,-1,2,0,2,0,2,0,0,0,0,2,2,2,2,2,2,2,2
269,6793.957,6293.353,-140.146,131.635,-0.651462,-0.751950,0.100840,0.732847,-0.658085,-0.172799,0.196298,-0.038671,0.979782,0,-0.26208,0.10285,0.803,-0.014,-1,688.842,-1,578.629,-1,591.366,549.367,444.409,715.587,-1,-1,-1,-1,-1,-1,-1,-1,2,0,2,0,2,0,0,0,0,2,2,2,2,2,2,2,2
270,6793.734,6293.565,-139.853,131.617,-0.651416,-0.751931,0.101278,0.733274,-0.658215,-0.170476,0.194849,-0.036786,0.980143,0,-0.26205,0.10301,0.308,-0.019,-1,687.355,-1,572.584,-1,589.197,546.201,447.660,712.846,-1,-1,-1,-1,-1,1006.582,-1,-1,2,0,2,0,2,0,0,0,0,2,2,2,2,2,0,2,2
271,6793.859,6293.434,-139.800,131.593,-0.651284,-0.751976,0.101794,0.733742,-0.658267,-0.168246,0.193524,-0.034886,0.980475,0,-0.26202,0.10321,0.182,-0.024,-1,685.892,-1,567.275,-1,586.931,542.793,450.651,709.699,-1,-1,-1,-1,-1,998.696,-1,-1,2,0,2,0,2,0,0,0,0,2,2,2,2,2,0,2,2
272,6794.317,6292.982,-139.971,131.564,-0.651057,-0.752087,0.102420,0.734237,-0.658237,-0.166194,0.192409,-0.033001,0.980760,0,-0.26198,0.10344,0.644,-0.029,-1,684.641,-1,562.038,-1,584.753,539.376,453.356,706.235,-1,-1,-1,-1,-1,991.568,-1,-1,2,0,2,0,2,0,0,0,0,2,2,2,2,2,0,2,2
273,6795.112,6292.183,-140.349,131.530,-0.650748,-0.752256,0.103139,0.734767,-0.658136,-0.164240,0.191430,-0.031095,0.981014,0,-0.26194,0.10371,1.127,-0.034,-1,683.513,-1,556.583,-1,582.578,535.836,455.882,701.827,-1,-1,-1,-1,-1,984.902,-1,-1,2,0,2,0,2,0,0,0,0,2,2,2,2,2,0,2,2
