timestep,x_cm,y_cm,z_cm,yaw_deg,basis_xx,basis_xy,basis_xz,basis_yx,basis_yy,basis_yz,basis_zx,basis_zy,basis_zz,teleport_flag,throttle_cmd,steering_cmd,cmd_move_cm,cmd_turn_deg,lidar_cm_0,lidar_cm_1,lidar_cm_2,lidar_cm_3,lidar_cm_4,lidar_cm_5,lidar_cm_6,lidar_cm_7,lidar_cm_8,lidar_cm_9,lidar_cm_10,lidar_cm_11,lidar_cm_12,lidar_cm_13,lidar_cm_14,lidar_cm_15,lidar_cm_16,lidar_class_0,lidar_class_1,lidar_class_2,lidar_class_3,lidar_class_4,lidar_class_5,lidar_class_6,lidar_class_7,lidar_class_8,lidar_class_9,lidar_class_10,lidar_class_11,lidar_class_12,lidar_class_13,lidar_class_14,lidar_class_15,lidar_class_16
0,-7543.199,-9510.963,-243.912,-15.884,0.958338,0.272726,0.084906,-0.278345,0.958398,0.063227,-0.064131,-0.084226,0.994381,1,0.00000,0.00000,4.800,0.240,-1,275.000,-1,325.000,-1,250.000,250.000,550.000,350.000,-1,-1,-1,-1,600.000,650.000,-1,-1,2,1,2,0,2,0,0,1,0,2,2,2,2,1,0,2,2
1,-7538.577,-9512.256,-244.204,-15.644,0.959425,0.268700,0.085465,-0.274400,0.959500,0.063757,-0.064873,-0.084622,0.994299,0,0.08000,0.12000,4.800,0.240,-1,275.000,-1,325.000,-1,250.000,250.000,550.000,350.000,-1,-1,-1,-1,600.000,650.000,-1,-1,2,1,2,0,2,0,0,1,0,2,2,2,2,1,0,2,2
2,-7529.311,-9514.766,-244.794,-15.164,0.961545,0.260634,0.086605,-0.266504,0.961649,0.064858,-0.066379,-0.085445,0.994129,0,0.16000,0.24000,9.600,0.480,-1,275.000,-1,325.000,-1,250.000,250.000,550.000,350.000,-1,-1,-1,-1,625.000,650.000,-1,-1,2,1,2,0,2,0,0,1,0,2,2,2,2,1,0,2,2
3,-7515.366,-9518.356,-245.695,-14.444,0.964593,0.248501,0.088363,-0.254641,0.964739,0.066611,-0.068694,-0.086753,0.993859,0,0.24000,0.36000,14.400,0.720,-1,275.000,-1,325.000,-1,225.000,250.000,550.000,350.000,-1,-1,-1,-1,675.000,650.000,-1,-1,2,1,2,0,2,0,0,1,0,2,2,2,2,1,0,2,2
4,-7496.695,-9522.830,-246.926,-13.484,0.968406,0.232264,0.090789,-0.238794,0.968606,0.069139,-0.071881,-0.088635,0.993467,0,0.32000,0.48000,19.200,0.960,-1,275.000,-1,325.000,-1,225.000,250.000,550.000,350.000,-1,-1,-1,-1,800.000,625.000,-1,-1,2,1,2,0,2,0,0,1,0,2,2,2,2,1,0,2,2
5,-7473.245,-9527.932,-248.512,-12.284,0.972770,0.211879,0.093950,-0.218949,0.973030,0.072619,-0.076029,-0.091211,0.992925,0,0.40000,0.60000,24.000,1.200,-1,275.000,-1,300.000,-1,225.000,250.000,550.000,350.000,-1,-1,-1,-1,-1,625.000,-1,-1,2,1,2,0,2,0,0,1,0,2,2,2,2,2,0,2,2
6,-7444.958,-9533.344,-250.491,-10.844,0.977411,0.187299,0.097917,-0.195104,0.977732,0.077290,-0.081260,-0.094648,0.992189,0,0.48000,0.72000,28.800,1.440,-1,300.000,-1,300.000,-1,225.000,250.000,550.000,350.000,-1,-1,-1,-1,-1,600.000,-1,-1,2,1,2,0,2,0,0,1,0,2,2,2,2,2,0,2,2
7,-7411.787,-9538.687,-252.911,-9.164,0.981999,0.158484,0.102766,-0.167279,0.982370,0.083471,-0.087725,-0.099159,0.991197,0,0.56000,0.84000,33.600,1.680,-1,300.000,-1,300.000,-1,200.000,225.000,550.000,375.000,-1,-1,-1,-1,-1,600.000,-1,-1,2,1,2,0,2,0,0,1,0,2,2,2,2,2,0,2,2
8,-7373.693,-9543.518,-255.835,-7.244,0.986148,0.125406,0.108560,-0.135535,0.986532,0.091569,-0.095615,-0.105015,0.989863,0,0.64000,0.96000,38.400,1.920,-1,325.000,-1,300.000,-1,200.000,225.000,550.000,375.000,-1,-1,-1,-1,-1,575.000,-1,-1,2,1,2,0,2,0,0,1,0,2,2,2,2,2,0,2,2
9,-7330.673,-9547.452,-259.260,-5.244,0.989177,0.090827,0.115235,-0.102692,0.989512,0.101585,-0.104800,-0.112320,0.988130,0,0.72000,1.00000,43.200,2.000,-1,350.000,-1,275.000,-1,175.000,225.000,550.000,400.000,-1,-1,-1,-1,-1,550.000,-1,-1,2,1,2,0,2,0,0,1,0,2,2,2,2,2,0,2,2
10,-7282.750,-9550.149,-263.220,-3.244,0.990842,0.056179,0.122788,-0.070277,0.991029,0.113678,-0.115300,-0.121266,0.985901,0,0.80000,1.00000,48.000,2.000,-1,400.000,-1,275.000,-1,175.000,200.000,550.000,400.000,-1,0.000,-1,-1,-1,525.000,-1,-1,2,1,2,0,2,1,0,1,0,2,0,2,2,2,0,2,2
11,-7231.329,-9551.242,-267.704,-1.244,0.991144,0.021528,0.131032,-0.038454,0.991022,0.128046,-0.127099,-0.131951,0.983074,0,0.85723,1.00000,51.434,2.000,-1,450.000,-1,250.000,-1,200.000,200.000,550.000,425.000,-1,0.000,-1,-1,-1,475.000,-1,-1,2,1,2,0,2,1,0,1,0,2,0,2,2,2,0,2,2
12,6887.283,-6887.284,-387.928,50.326,0.638532,-0.769331,-0.020155,0.769578,0.638122,0.023451,-0.005180,-0.030486,0.999522,1,0.00000,0.00000,51.075,2.000,-1,375.000,-1,350.000,-1,300.000,300.000,325.000,325.000,-1,425.000,475.000,-1,650.000,600.000,-1,975.000,2,0,2,0,2,0,0,0,0,2,0,0,2,0,0,2,0
13,6884.204,-6890.966,-387.916,50.086,0.641752,-0.766653,-0.019934,0.766894,0.641341,0.023574,-0.005289,-0.030416,0.999523,0,-0.08000,-0.12000,-4.800,-0.240,-1,375.000,-1,350.000,-1,300.000,300.000,325.000,325.000,-1,425.000,475.000,-1,650.000,600.000,-1,975.000,2,0,2,0,2,0,0,0,0,2,0,0,2,0,0,2,0
14,6878.318,-6897.883,-387.892,49.606,0.648157,-0.761256,-0.019516,0.761487,0.647743,0.023806,-0.005481,-0.030291,0.999526,0,-0.15138,-0.24000,-9.083,-0.480,-1,375.000,-1,350.000,-1,300.000,300.000,325.000,325.000,-1,425.000,475.000,-1,650.000,600.000,-1,975.000,2,0,2,0,2,0,0,0,0,2,0,0,2,0,0,2,0
15,6872.345,-6904.726,-387.865,48.886,0.657676,-0.753059,-0.019079,0.753280,0.657260,0.024026,-0.005553,-0.030173,0.999529,0,-0.15138,-0.36000,-9.083,-0.720,-1,375.000,-1,350.000,-1,300.000,300.000,325.000,325.000,-1,450.000,475.000,-1,650.000,600.000,-1,1000.000,2,0,2,0,2,0,0,0,0,2,0,0,2,0,0,2,0
16,6866.266,-6911.474,-387.836,47.982,0.669480,-0.742597,-0.018629,0.742810,0.669064,0.024236,-0.005533,-0.030063,0.999533,0,-0.15138,-0.45207,-9.083,-0.904,-1,375.000,-1,350.000,-1,300.000,300.000,325.000,325.000,-1,450.000,475.000,-1,650.000,625.000,-1,1000.000,2,0,2,0,2,0,0,0,0,2,0,0,2,0,0,2,0
17,6860.080,-6918.125,-387.808,47.078,0.681117,-0.731949,-0.018188,0.732154,0.680700,0.024445,-0.005512,-0.029967,0.999536,0,-0.15138,-0.45207,-9.083,-0.904,-1,375.000,-1,350.000,-1,300.000,300.000,325.000,325.000,-1,450.000,475.000,-1,650.000,625.000,-1,-1,2,0,2,0,2,0,0,0,0,2,0,0,2,0,0,2,2
18,6853.791,-6924.678,-387.781,46.174,0.692584,-0.721118,-0.017757,0.721316,0.692167,0.024655,-0.005488,-0.029884,0.999538,0,-0.15138,-0.45207,-9.083,-0.904,-1,375.000,-1,350.000,-1,300.000,300.000,325.000,325.000,-1,450.000,475.000,-1,650.000,625.000,-1,-1,2,0,2,0,2,0,0,0,0,2,0,0,2,0,0,2,2
19,6847.399,-6931.130,-387.754,45.269,0.703879,-0.710108,-0.017335,0.710298,0.703461,0.024864,-0.005462,-0.029814,0.999541,0,-0.15138,-0.45207,-9.083,-0.904,-1,375.000,-1,350.000,-1,300.000,300.000,325.000,325.000,-1,450.000,475.000,-1,625.000,625.000,-1,-1,2,0,2,0,2,0,0,0,0,2,0,0,2,0,0,2,2
20,6840.906,-6937.481,-387.728,44.365,0.714999,-0.698920,-0.016923,0.699104,0.714580,0.025074,-0.005432,-0.029759,0.999542,0,-0.15138,-0.45207,-9.083,-0.904,-1,375.000,-1,350.000,-1,300.000,300.000,325.000,325.000,-1,450.000,475.000,-1,625.000,625.000,-1,-1,2,0,2,0,2,0,0,0,0,2,0,0,2,0,0,2,2
21,6834.313,-6943.728,-387.694,43.461,0.725941,-0.687558,-0.016564,0.687736,0.725520,0.025291,-0.005372,-0.029751,0.999543,0,-0.15138,-0.45207,-9.083,-0.904,-1,350.000,-1,350.000,-1,300.000,300.000,325.000,325.000,-1,475.000,475.000,-1,625.000,625.000,-1,-1,2,0,2,0,2,0,0,0,0,2,0,0,2,0,0,2,2
22,6827.623,-6949.871,-387.660,42.557,0.736701,-0.676024,-0.016218,0.676197,0.736279,0.025509,-0.005304,-0.029759,0.999543,0,-0.15138,-0.45207,-9.083,-0.904,-1,350.000,-1,375.000,-1,300.000,300.000,325.000,325.000,-1,500.000,475.000,-1,625.000,625.000,-1,-1,2,0,2,0,2,0,0,0,0,2,0,0,2,0,0,2,2
23,6820.837,-6955.908,-387.627,41.653,0.747279,-0.664321,-0.015879,0.664490,0.746854,0.025730,-0.005234,-0.029779,0.999543,0,-0.15138,-0.45207,-9.083,-0.904,-1,350.000,-1,375.000,-1,300.000,300.000,325.000,325.000,-1,525.000,475.000,-1,625.000,625.000,-1,-1,2,0,2,0,2,0,0,0,0,2,0,0,2,0,0,2,2
24,6813.956,-6961.836,-387.596,40.749,0.757670,-0.652453,-0.015546,0.652617,0.757243,0.025952,-0.005160,-0.029808,0.999542,0,-0.15138,-0.45207,-9.083,-0.904,-1,350.000,-1,375.000,-1,300.000,300.000,325.000,325.000,-1,575.000,475.000,-1,625.000,625.000,-1,-1,2,0,2,0,2,0,0,0,0,2,0,0,2,0,0,2,2
25,6806.982,-6967.656,-387.566,39.845,0.767873,-0.640422,-0.015220,0.640582,0.767443,0.026175,-0.005083,-0.029849,0.999542,0,-0.15138,-0.45207,-9.083,-0.904,-1,350.000,-1,375.000,-1,300.000,300.000,325.000,325.000,-1,625.000,475.000,-1,625.000,625.000,-1,-1,2,0,2,0,2,0,0,0,0,2,0,0,2,0,0,2,2
26,6799.918,-6973.364,-387.537,38.940,0.777884,-0.628231,-0.014900,0.628388,0.777452,0.026400,-0.005001,-0.029899,0.999540,0,-0.15138,-0.45207,-9.083,-0.904,-1,350.000,-1,375.000,-1,300.000,300.000,325.000,325.000,-1,650.000,475.000,-1,625.000,650.000,-1,-1,2,0,2,0,2,0,0,0,0,2,0,0,2,0,0,2,2
27,6792.764,-6978.960,-387.510,38.036,0.787702,-0.615884,-0.014588,0.616037,0.787267,0.026626,-0.004914,-0.029960,0.999539,0,-0.15138,-0.45207,-9.083,-0.904,-1,350.000,-1,375.000,-1,300.000,300.000,325.000,325.000,-1,700.000,500.000,-1,625.000,650.000,-1,-1,2,0,2,0,2,0,0,0,0,2,0,0,2,0,0,2,2
28,6785.523,-6984.443,-387.484,37.132,0.797324,-0.603383,-0.014282,0.603533,0.796886,0.026854,-0.004822,-0.030031,0.999537,0,-0.15138,-0.45207,-9.083,-0.904,-1,350.000,-1,375.000,-1,300.000,300.000,325.000,325.000,-1,-1,-1,-1,625.000,650.000,-1,-1,2,0,2,0,2,0,0,0,0,2,2,2,2,0,0,2,2
29,6778.196,-6989.811,-387.460,36.228,0.806747,-0.590732,-0.013983,0.590879,0.806306,0.027084,-0.004725,-0.030112,0.999535,0,-0.15138,-0.45207,-9.083,-0.904,-1,350.000,-1,375.000,-1,300.000,300.000,325.000,325.000,-1,-1,-1,-1,625.000,650.000,-1,-1,2,0,2,0,2,0,0,0,0,2,2,2,2,0,0,2,2
30,6770.786,-6995.063,-387.437,35.324,0.815969,-0.577934,-0.013691,0.578077,0.815525,0.027314,-0.004620,-0.030202,0.999533,0,-0.15138,-0.45207,-9.083,-0.904,-1,350.000,-1,375.000,-1,300.000,300.000,325.000,325.000,-1,-1,-1,-1,625.000,650.000,-1,-1,2,0,2,0,2,0,0,0,0,2,2,2,2,0,0,2,2
31,6763.293,-7000.196,-387.416,34.420,0.824988,-0.564991,-0.013407,0.565133,0.824540,0.027547,-0.004509,-0.030302,0.999531,0,-0.15138,-0.45207,-9.083,-0.904,-1,350.000,-1,375.000,-1,300.000,300.000,325.000,325.000,-1,-1,-1,-1,625.000,650.000,-1,-1,2,0,2,0,2,0,0,0,0,2,2,2,2,0,0,2,2
32,6755.721,-7005.212,-387.397,33.516,0.833801,-0.551908,-0.013130,0.552047,0.833350,0.027780,-0.004390,-0.030412,0.999528,0,-0.15138,-0.45207,-9.083,-0.904,-1,350.000,-1,375.000,-1,300.000,300.000,325.000,325.000,-1,-1,-1,-1,625.000,650.000,-1,-1,2,0,2,0,2,0,0,0,0,2,2,2,2,0,0,2,2
33,6748.070,-7010.106,-387.379,32.611,0.842407,-0.538688,-0.012861,0.538825,0.841952,0.028016,-0.004264,-0.030530,0.999525,0,-0.15138,-0.45207,-9.083,-0.904,-1,350.000,-1,375.000,-1,300.000,300.000,325.000,325.000,-1,-1,-1,-1,625.000,675.000,-1,-1,2,0,2,0,2,0,0,0,0,2,2,2,2,0,0,2,2
34,6740.343,-7014.880,-387.362,31.707,0.850803,-0.525333,-0.012599,0.525468,0.850344,0.028253,-0.004129,-0.030658,0.999521,0,-0.15138,-0.45207,-9.083,-0.904,-1,350.000,-1,375.000,-1,300.000,300.000,325.000,325.000,-1,-1,-1,-1,625.000,675.000,-1,-1,2,0,2,0,2,0,0,0,0,2,2,2,2,0,0,2,2
35,6732.542,-7019.531,-387.348,30.803,0.858988,-0.511848,-0.012345,0.511981,0.858524,0.028491,-0.003985,-0.030794,0.999518,0,-0.15138,-0.45207,-9.083,-0.904,-1,350.000,-1,375.000,-1,300.000,300.000,325.000,325.000,-1,-1,-1,-1,625.000,675.000,-1,-1,2,0,2,0,2,0,0,0,0,2,2,2,2,0,0,2,2
36,6724.668,-7024.059,-387.335,29.899,0.866958,-0.498234,-0.012098,0.498367,0.866490,0.028731,-0.003832,-0.030938,0.999514,0,-0.15138,-0.45207,-9.083,-0.904,-1,350.000,-1,375.000,-1,300.000,300.000,325.000,325.000,-1,-1,-1,-1,625.000,675.000,-1,-1,2,0,2,0,2,0,0,0,0,2,2,2,2,0,0,2,2
37,6716.724,-7028.461,-387.323,28.995,0.874712,-0.484497,-0.011860,0.484629,0.874240,0.028972,-0.003669,-0.031090,0.999510,0,-0.15138,-0.45207,-9.083,-0.904,-1,350.000,-1,375.000,-1,300.000,300.000,325.000,325.000,-1,-1,-1,-1,625.000,675.000,-1,-1,2,0,2,0,2,0,0,0,0,2,2,2,2,0,0,2,2
38,6712.953,-7030.491,-387.320,28.289,0.880614,-0.473690,-0.011740,0.473823,0.880141,0.029063,-0.003434,-0.031156,0.999509,0,-0.07138,-0.35293,-4.283,-0.706,-1,350.000,-1,375.000,-1,300.000,300.000,325.000,325.000,-1,-1,-1,-1,625.000,675.000,-1,-1,2,0,2,0,2,0,0,0,0,2,2,2,2,0,0,2,2
39,6713.411,-7030.251,-387.323,27.583,0.886379,-0.462811,-0.011726,0.462950,0.885910,0.028985,-0.003026,-0.031120,0.999511,0,0.00862,-0.35293,0.517,-0.706,-1,350.000,-1,375.000,-1,300.000,300.000,325.000,325.000,-1,-1,-1,-1,625.000,700.000,-1,-1,2,0,2,0,2,0,0,0,0,2,2,2,2,0,0,2,2
40,6718.154,-7027.847,-387.330,26.877,0.892008,-0.451865,-0.011815,0.452012,0.891549,0.028736,-0.002451,-0.030973,0.999517,0,0.08862,-0.35293,5.317,-0.706,-1,350.000,-1,375.000,-1,300.000,300.000,325.000,325.000,-1,-1,-1,-1,625.000,700.000,-1,-1,2,0,2,0,2,0,0,0,0,2,2,2,2,0,0,2,2
41,6727.234,-7023.385,-387.318,26.171,0.897499,-0.440852,-0.012021,0.441012,0.897057,0.028226,-0.001660,-0.030635,0.999529,0,0.16862,-0.35293,10.117,-0.706,-1,350.000,-1,375.000,-1,300.000,300.000,325.000,325.000,-1,-1,-1,-1,625.000,700.000,-1,-1,2,0,2,0,2,0,0,0,0,2,2,2,2,0,0,2,2
42,6740.703,-7016.972,-387.287,25.466,0.902852,-0.429774,-0.012336,0.429950,0.902434,0.027497,-0.000685,-0.030130,0.999546,0,0.24862,-0.35293,14.917,-0.706,-1,350.000,-1,375.000,-1,300.000,300.000,325.000,325.000,-1,-1,-1,-1,625.000,700.000,-1,-1,2,0,2,0,2,0,0,0,0,2,2,2,2,0,0,2,2
43,6758.607,-7008.714,-387.228,24.760,0.908066,-0.418632,-0.012759,0.418826,0.907678,0.026550,0.000466,-0.029453,0.999566,0,0.32862,-0.35293,19.717,-0.706,-1,350.000,-1,375.000,-1,300.000,300.000,325.000,325.000,-1,-1,-1,-1,625.000,700.000,-1,-1,2,0,2,0,2,0,0,0,0,2,2,2,2,0,0,2,2
44,6780.996,-6998.721,-387.148,24.054,0.913139,-0.407428,-0.013387,0.407643,0.912787,0.025427,0.001860,-0.028675,0.999587,0,0.40862,-0.35293,24.517,-0.706,-1,350.000,-1,375.000,-1,300.000,300.000,325.000,325.000,-1,-1,-1,-1,625.000,700.000,-1,-1,2,0,2,0,2,0,0,0,0,2,2,2,2,0,0,2,2
45,6807.913,-6987.103,-387.062,23.348,0.918069,-0.396161,-0.014348,0.396404,0.917757,0.024188,0.003586,-0.027894,0.999604,0,0.48862,-0.35293,29.317,-0.706,-1,350.000,-1,375.000,-1,300.000,300.000,325.000,325.000,-1,-1,900.000,-1,625.000,700.000,-1,-1,2,0,2,0,2,0,0,0,0,2,2,0,2,0,0,2,2
46,6839.401,-6973.969,-386.903,22.642,0.922857,-0.384835,-0.015415,0.385105,0.922593,0.022709,0.005482,-0.026894,0.999623,0,0.56862,-0.35293,34.117,-0.706,-1,350.000,-1,375.000,-1,300.000,300.000,325.000,325.000,-1,-1,775.000,-1,625.000,700.000,-1,-1,2,0,2,0,2,0,0,0,0,2,2,0,2,0,0,2,2
47,6875.501,-6959.431,-386.649,21.936,0.927501,-0.373453,-0.016578,0.373744,0.927295,0.020972,0.007541,-0.025647,0.999643,0,0.64862,-0.35293,38.917,-0.706,-1,350.000,-1,375.000,-1,300.000,300.000,325.000,325.000,-1,-1,625.000,-1,625.000,700.000,1000.000,-1,2,0,2,0,2,0,0,0,0,2,2,0,2,0,0,0,2
48,6916.251,-6943.600,-386.280,21.230,0.932002,-0.362014,-0.017830,0.362322,0.931860,0.018955,0.009753,-0.024126,0.999661,0,0.72862,-0.35293,43.717,-0.706,-1,350.000,-1,375.000,-1,300.000,300.000,325.000,325.000,-1,875.000,475.000,-1,625.000,700.000,1000.000,-1,2,0,2,0,2,0,0,0,0,2,0,0,2,0,0,0,2
49,6961.465,-6926.674,-385.774,20.525,0.936359,-0.350522,-0.019155,0.350836,0.936289,0.016651,0.012098,-0.022312,0.999678,0,0.80463,-0.35293,48.278,-0.706,-1,350.000,-1,375.000,-1,300.000,300.000,325.000,325.000,-1,750.000,450.000,-1,600.000,700.000,1000.000,-1,2,0,2,0,2,0,0,0,0,2,0,0,2,0,0,0,2
50,7006.883,-6910.306,-385.172,19.819,0.940573,-0.338975,-0.020435,0.339286,0.940575,0.014268,0.014384,-0.020353,0.999689,0,0.80463,-0.35293,48.278,-0.706,-1,350.000,-1,375.000,-1,300.000,300.000,325.000,325.000,-1,650.000,425.000,-1,600.000,700.000,1000.000,-1,2,0,2,0,2,0,0,0,0,2,0,0,2,0,0,0,2
51,7052.500,-6894.499,-384.478,19.113,0.944646,-0.327375,-0.021672,0.327671,0.944718,0.011809,0.016607,-0.018257,0.999695,0,0.80463,-0.35293,48.278,-0.706,-1,350.000,-1,375.000,-1,300.000,300.000,325.000,325.000,-1,550.000,425.000,-1,600.000,700.000,1000.000,-1,2,0,2,0,2,0,0,0,0,2,0,0,2,0,0,0,2
52,7098.308,-6879.255,-383.696,18.407,0.948575,-0.315724,-0.022868,0.315995,0.948716,0.009278,0.018766,-0.016027,0.999695,0,0.80463,-0.35293,48.278,-0.706,-1,350.000,-1,375.000,-1,300.000,300.000,325.000,325.000,-1,550.000,400.000,-1,600.000,725.000,1000.000,-1,2,0,2,0,2,0,0,0,0,2,0,0,2,0,0,0,2
53,7144.300,-6864.577,-382.820,17.701,0.952362,-0.304023,-0.024010,0.304258,0.952566,0.006722,0.020828,-0.013707,0.999689,0,0.80463,-0.35293,48.278,-0.706,-1,350.000,-1,375.000,-1,300.000,300.000,325.000,325.000,-1,525.000,400.000,-1,600.000,725.000,1000.000,-1,2,0,2,0,2,0,0,0,0,2,0,0,2,0,0,0,2
54,7190.470,-6850.466,-381.720,16.995,0.955992,-0.292273,-0.025627,0.292476,0.956262,0.004499,0.023191,-0.011796,0.999661,0,0.80463,-0.35293,48.278,-0.706,-1,350.000,-1,375.000,-1,300.000,300.000,325.000,325.000,-1,525.000,400.000,-1,600.000,725.000,1000.000,-1,2,0,2,0,2,0,0,0,0,2,0,0,2,0,0,0,2
55,7236.809,-6836.924,-380.472,16.289,0.959468,-0.280475,-0.027458,0.280644,0.959809,0.002430,0.025673,-0.010038,0.999620,0,0.80463,-0.35293,48.278,-0.706,-1,350.000,-1,375.000,-1,300.000,300.000,325.000,325.000,-1,525.000,375.000,-1,600.000,725.000,1000.000,-1,2,0,2,0,2,0,0,0,0,2,0,0,2,0,0,0,2
56,7283.313,-6823.955,-379.126,15.584,0.962801,-0.268635,-0.029155,0.268757,0.963208,0.000280,0.028007,-0.008105,0.999575,0,0.80463,-0.35293,48.278,-0.706,-1,350.000,-1,375.000,-1,300.000,300.000,325.000,325.000,-1,500.000,375.000,-1,600.000,725.000,975.000,-1,2,0,2,0,2,0,0,0,0,2,0,0,2,0,0,0,2
57,7330.541,-6811.351,-377.536,14.942,0.965694,-0.257844,-0.030861,0.257889,0.966171,-0.002573,0.030481,-0.005474,0.999520,0,0.81468,-0.32059,48.881,-0.641,-1,350.000,-1,375.000,-1,300.000,300.000,325.000,325.000,-1,500.000,375.000,-1,600.000,725.000,975.000,-1,2,0,2,0,2,0,0,0,0,2,0,0,2,0,0,0,2
58,7377.907,-6799.277,-375.811,14.301,0.968460,-0.247019,-0.032670,0.246964,0.969008,-0.005755,0.033079,-0.002495,0.999450,0,0.81468,-0.32059,48.881,-0.641,-1,350.000,-1,400.000,-1,300.000,300.000,325.000,325.000,-1,500.000,375.000,-1,600.000,725.000,1000.000,-1,2,0,2,0,2,0,0,0,0,2,0,0,2,0,0,0,2
59,7425.406,-6787.733,-374.020,13.660,0.971103,-0.236160,-0.034447,0.235991,0.971714,-0.008949,0.035586,0.000561,0.999366,0,0.81468,-0.32059,48.881,-0.641,-1,350.000,-1,400.000,-1,300.000,300.000,325.000,325.000,-1,500.000,350.000,-1,600.000,725.000,1000.000,-1,2,0,2,0,2,0,0,0,0,2,0,0,2,0,0,0,2
60,7473.030,-6776.721,-372.168,13.019,0.973624,-0.225270,-0.036195,0.224972,0.974289,-0.012152,0.038002,0.003689,0.999271,0,0.81468,-0.32059,48.881,-0.641,-1,350.000,-1,400.000,-1,300.000,300.000,325.000,325.000,-1,500.000,350.000,-1,600.000,725.000,-1,-1,2,0,2,0,2,0,0,0,0,2,0,0,2,0,0,2,2
61,7520.775,-6766.242,-370.258,12.378,0.976021,-0.214350,-0.037914,0.213909,0.976733,-0.015363,0.040325,0.006885,0.999163,0,0.81468,-0.32059,48.881,-0.641,-1,350.000,-1,400.000,-1,300.000,325.000,325.000,325.000,-1,500.000,350.000,-1,600.000,700.000,-1,-1,2,0,2,0,2,0,0,0,0,2,0,0,2,0,0,2,2
62,7568.634,-6756.299,-368.295,11.736,0.978294,-0.203400,-0.039605,0.202804,0.979043,-0.018579,0.042554,0.010144,0.999043,0,0.81468,-0.32059,48.881,-0.641,-1,350.000,-1,400.000,-1,300.000,325.000,325.000,325.000,-1,525.000,350.000,-1,600.000,700.000,-1,-1,2,0,2,0,2,0,0,0,0,2,0,0,2,0,0,2,2
63,7616.602,-6746.891,-366.284,11.095,0.980444,-0.192424,-0.041270,0.191659,0.981219,-0.021797,0.044689,0.013461,0.998910,0,0.81468,-0.32059,48.881,-0.641,-1,350.000,-1,400.000,-1,300.000,325.000,325.000,325.000,-1,525.000,350.000,-1,600.000,700.000,-1,-1,2,0,2,0,2,0,0,0,0,2,0,0,2,0,0,2,2
64,7664.672,-6738.020,-364.229,10.454,0.982469,-0.181423,-0.042908,0.180477,0.983261,-0.025015,0.046728,0.016832,0.998766,0,0.81468,-0.32059,48.881,-0.641,-1,350.000,-1,375.000,-1,300.000,300.000,325.000,300.000,-1,525.000,350.000,-1,600.000,700.000,-1,-1,2,0,2,0,2,0,0,0,0,2,0,0,2,0,0,2,2
65,7712.837,-6729.688,-362.135,9.813,0.984369,-0.170397,-0.044521,0.169259,0.985167,-0.028229,0.048671,0.020252,0.998610,0,0.81468,-0.32059,48.881,-0.641,-1,350.000,-1,375.000,-1,300.000,300.000,325.000,300.000,-1,525.000,350.000,-1,600.000,700.000,-1,-1,2,0,2,0,2,0,0,0,0,2,0,0,2,0,0,2,2
66,7761.093,-6721.895,-360.005,9.172,0.986145,-0.159350,-0.046110,0.158008,0.986937,-0.031439,0.050518,0.023717,0.998442,0,0.81468,-0.32059,48.881,-0.641,-1,350.000,-1,375.000,-1,300.000,300.000,325.000,300.000,-1,550.000,350.000,-1,600.000,700.000,-1,-1,2,0,2,0,2,0,0,0,0,2,0,0,2,0,0,2,2
67,7809.434,-6714.643,-357.845,8.531,0.987795,-0.148283,-0.047675,0.146727,0.988570,-0.034640,0.052266,0.027222,0.998262,0,0.81468,-0.32059,48.881,-0.641,-1,350.000,-1,375.000,-1,300.000,300.000,325.000,300.000,-1,550.000,350.000,-1,600.000,700.000,-1,-1,2,0,2,0,2,0,0,0,0,2,0,0,2,0,0,2,2
68,7857.852,-6707.932,-355.400,7.889,0.989317,-0.137201,-0.049275,0.135472,0.990095,-0.036873,0.053846,0.029803,0.998104,0,0.81468,-0.32059,48.881,-0.641,-1,350.000,-1,375.000,-1,300.000,300.000,325.000,300.000,-1,550.000,350.000,-1,600.000,700.000,-1,-1,2,0,2,0,2,0,0,0,0,2,0,0,2,0,0,2,2
69,7906.343,-6701.764,-352.569,7.248,0.990683,-0.126107,-0.051416,0.124235,0.991521,-0.038109,0.055786,0.031366,0.997950,0,0.81468,-0.32059,48.881,-0.641,-1,350.000,-1,375.000,-1,300.000,300.000,325.000,300.000,-1,550.000,350.000,-1,600.000,725.000,-1,-1,2,0,2,0,2,0,0,0,0,2,0,0,2,0,0,2,2
70,7954.899,-6696.138,-349.350,6.607,0.991916,-0.114991,-0.053654,0.112880,0.992768,-0.040850,0.057963,0.034463,0.997724,0,0.81468,-0.32059,48.881,-0.641,-1,350.000,-1,375.000,-1,300.000,300.000,325.000,300.000,-1,550.000,375.000,-1,600.000,725.000,-1,-1,2,0,2,0,2,0,0,0,0,2,0,0,2,0,0,2,2
71,8003.516,-6691.055,-346.098,5.966,0.993018,-0.103863,-0.055923,0.101495,0.993878,-0.043639,0.060113,0.037659,0.997481,0,0.81468,-0.32059,48.881,-0.641,-1,350.000,-1,375.000,-1,300.000,300.000,325.000,300.000,-1,575.000,375.000,-1,625.000,725.000,-1,-1,2,0,2,0,2,0,0,0,0,2,0,0,2,0,0,2,2
72,8052.186,-6686.517,-342.840,5.325,0.993992,-0.092723,-0.058163,0.090089,0.994853,-0.046377,0.062164,0.040859,0.997229,0,0.81468,-0.32059,48.881,-0.641,-1,350.000,-1,400.000,-1,300.000,300.000,325.000,325.000,-1,575.000,400.000,-1,625.000,725.000,-1,-1,2,0,2,0,2,0,0,0,0,2,0,0,2,0,0,2,2
73,8100.904,-6682.523,-339.579,4.684,0.994837,-0.081573,-0.060373,0.078665,0.995693,-0.049064,0.064116,0.044061,0.996969,0,0.81468,-0.32059,48.881,-0.641,-1,350.000,-1,400.000,-1,300.000,300.000,325.000,325.000,-1,575.000,400.000,-1,625.000,725.000,-1,-1,2,0,2,0,2,0,0,0,0,2,0,0,2,0,0,2,2
74,8149.664,-6679.075,-336.321,4.042,0.995554,-0.070415,-0.062555,0.067226,0.996397,-0.051698,0.065970,0.047263,0.996702,0,0.81468,-0.32059,48.881,-0.641,-1,350.000,-1,400.000,-1,300.000,325.000,325.000,325.000,-1,575.000,400.000,-1,625.000,750.000,-1,-1,2,0,2,0,2,0,0,0,0,2,0,0,2,0,0,2,2
75,8198.459,-6676.172,-333.068,3.401,0.996144,-0.059251,-0.064708,0.055774,0.996967,-0.054281,0.067728,0.050463,0.996427,0,0.81468,-0.32059,48.881,-0.641,-1,375.000,-1,400.000,-1,300.000,325.000,325.000,300.000,-1,575.000,425.000,-1,650.000,750.000,-1,-1,2,0,2,0,2,0,0,0,0,2,0,0,2,0,0,2,2
76,8247.284,-6673.816,-329.827,2.760,0.996605,-0.048083,-0.066833,0.044312,0.997401,-0.056812,0.069391,0.053658,0.996145,0,0.81468,-0.32059,48.881,-0.641,-1,375.000,-1,400.000,-1,300.000,325.000,325.000,300.000,-1,575.000,425.000,-1,650.000,750.000,-1,-1,2,0,2,0,2,0,0,0,0,2,0,0,2,0,0,2,2
77,8296.132,-6672.005,-326.600,2.119,0.996938,-0.036912,-0.068930,0.032841,0.997700,-0.059292,0.070960,0.056846,0.995858,0,0.81468,-0.32059,48.881,-0.641,-1,375.000,-1,400.000,-1,300.000,325.000,325.000,300.000,-1,600.000,425.000,-1,650.000,750.000,-1,-1,2,0,2,0,2,0,0,0,0,2,0,0,2,0,0,2,2
78,8344.997,-6670.742,-323.393,1.478,0.997144,-0.025740,-0.070999,0.021364,0.997865,-0.061719,0.072436,0.060026,0.995565,0,0.81468,-0.32059,48.881,-0.641,-1,375.000,-1,400.000,-1,300.000,325.000,325.000,300.000,-1,600.000,400.000,-1,675.000,775.000,-1,-1,2,0,2,0,2,0,0,0,0,2,0,0,2,0,0,2,2
79,8393.873,-6670.025,-320.210,0.836,0.997223,-0.014569,-0.073040,0.009885,0.997895,-0.064093,0.073820,0.063193,0.995267,0,0.81468,-0.32059,48.881,-0.641,-1,375.000,-1,400.000,-1,300.000,325.000,325.000,300.000,-1,600.000,375.000,-1,675.000,775.000,-1,-1,2,0,2,0,2,0,0,0,0,2,0,0,2,0,0,2,2
80,8442.755,-6669.855,-317.055,0.195,0.997174,-0.003401,-0.075054,-0.001596,0.997791,-0.066415,0.075114,0.066347,0.994965,0,0.81468,-0.32059,48.881,-0.641,-1,375.000,-1,400.000,-1,300.000,325.000,325.000,300.000,-1,600.000,375.000,-1,675.000,775.000,-1,-1,2,0,2,0,2,0,0,0,0,2,0,0,2,0,0,2,2
81,8491.635,-6670.232,-313.932,-0.446,0.996998,0.007763,-0.077042,-0.013075,0.997553,-0.068684,0.076320,0.069486,0.994659,0,0.81468,-0.32059,48.881,-0.641,-1,375.000,-1,400.000,-1,300.000,325.000,325.000,300.000,-1,550.000,350.000,-1,700.000,775.000,-1,-1,2,0,2,0,2,0,0,0,0,2,0,0,2,0,0,2,2
82,8540.508,-6671.156,-310.540,-1.087,0.996753,0.018922,-0.078270,-0.024499,0.997181,-0.070923,0.076708,0.072610,0.994406,0,0.81468,-0.32059,48.881,-0.641,-1,375.000,-1,400.000,-1,325.000,325.000,325.000,300.000,-1,575.000,350.000,-1,700.000,800.000,-1,-1,2,0,2,0,2,0,0,0,0,2,0,0,2,0,0,2,2
83,8589.367,-6672.628,-306.638,-1.728,0.996431,0.030074,-0.078875,-0.035810,0.996737,-0.072336,0.076443,0.074903,0.994257,0,0.81468,-0.32059,48.881,-0.641,-1,375.000,-1,400.000,-1,325.000,325.000,325.000,300.000,-1,625.000,400.000,-1,700.000,800.000,-1,-1,2,0,2,0,2,0,0,0,0,2,0,0,2,0,0,2,2
84,8638.207,-6674.646,-302.777,-2.369,0.995986,0.041219,-0.079457,-0.047109,0.996165,-0.073729,0.076113,0.077176,0.994108,0,0.81468,-0.32059,48.881,-0.641,-1,375.000,-1,400.000,-1,325.000,325.000,325.000,300.000,-1,700.000,450.000,-1,725.000,800.000,-1,-1,2,0,2,0,2,0,0,0,0,2,0,0,2,0,0,2,2
85,8687.021,-6677.211,-298.961,-3.011,0.995418,0.052355,-0.080016,-0.058394,0.995465,-0.075103,0.075721,0.079432,0.993960,0,0.81468,-0.32059,48.881,-0.641,-1,375.000,-1,400.000,-1,325.000,325.000,325.000,300.000,-1,750.000,500.000,-1,750.000,825.000,-1,-1,2,0,2,0,2,0,0,0,0,2,0,0,2,0,0,2,2
86,8735.803,-6680.322,-295.191,-3.652,0.994727,0.063480,-0.080555,-0.069666,0.994636,-0.076460,0.075270,0.081669,0.993813,0,0.81468,-0.32059,48.881,-0.641,-1,375.000,-1,400.000,-1,325.000,325.000,325.000,300.000,-1,825.000,550.000,-1,750.000,825.000,-1,-1,2,0,2,0,2,0,0,0,0,2,0,0,2,0,0,2,2
87,8779.775,-6683.436,-291.816,-4.053,0.994220,0.070432,-0.081025,-0.076747,0.994021,-0.077661,0.075070,0.083431,0.993682,0,0.73468,-0.20059,44.081,-0.401,-1,375.000,-1,400.000,-1,325.000,325.000,325.000,300.000,-1,875.000,600.000,-1,775.000,825.000,-1,-1,2,0,2,0,2,0,0,0,0,2,0,0,2,0,0,2,2
88,8818.950,-6686.321,-288.817,-4.214,0.993986,0.073220,-0.081434,-0.079649,0.993710,-0.078715,0.075159,0.084728,0.993566,0,0.65468,-0.08059,39.281,-0.161,-1,375.000,-1,400.000,-1,325.000,325.000,325.000,300.000,-1,900.000,625.000,-1,775.000,850.000,-1,-1,2,0,2,0,2,0,0,0,0,2,0,0,2,0,0,2,2
89,8857.162,-6689.082,-285.888,-4.135,0.994053,0.071847,-0.081832,-0.078387,0.993729,-0.079732,0.075590,0.085673,0.993452,0,0.63853,0.03941,38.312,0.079,-1,375.000,-1,400.000,-1,325.000,325.000,325.000,300.000,-1,925.000,650.000,-1,800.000,850.000,-1,-1,2,0,2,0,2,0,0,0,0,2,0,0,2,0,0,2,2
90,8895.389,-6691.631,-282.941,-3.816,0.994404,0.066313,-0.082237,-0.072968,0.994060,-0.080746,0.076394,0.086295,0.993336,0,0.63853,0.15941,38.312,0.319,-1,375.000,-1,400.000,-1,325.000,325.000,325.000,300.000,-1,925.000,650.000,-1,800.000,850.000,-1,-1,2,0,2,0,2,0,0,0,0,2,0,0,2,0,0,2,2
91,8933.638,-6693.807,-279.965,-3.258,0.994969,0.056613,-0.082656,-0.063387,0.994634,-0.081765,0.077583,0.086593,0.993218,0,0.63853,0.27941,38.312,0.559,-1,400.000,-1,400.000,-1,325.000,325.000,325.000,300.000,-1,925.000,675.000,-1,800.000,850.000,-1,-1,2,0,2,0,2,0,0,0,0,2,0,0,2,0,0,2,2
92,8971.915,-6695.451,-276.947,-2.459,0.995624,0.042741,-0.083098,-0.049639,0.995329,-0.082798,0.079171,0.086560,0.993096,0,0.63853,0.39941,38.312,0.799,-1,400.000,-1,400.000,-1,325.000,325.000,325.000,300.000,-1,900.000,675.000,-1,825.000,875.000,-1,-1,2,0,2,0,2,0,0,0,0,2,0,0,2,0,0,2,2
93,9010.214,-6696.400,-273.873,-1.420,0.996196,0.024689,-0.083568,-0.031718,0.995973,-0.083851,0.081162,0.086183,0.992968,0,0.63853,0.51941,38.312,1.039,-1,400.000,-1,400.000,-1,325.000,325.000,325.000,300.000,-1,875.000,675.000,-1,825.000,875.000,-1,-1,2,0,2,0,2,0,0,0,0,2,0,0,2,0,0,2,2
94,9048.525,-6696.495,-270.730,-0.141,0.996457,0.002456,-0.084074,-0.009621,0.996340,-0.084934,0.083557,0.085442,0.992833,0,0.63853,0.63941,38.312,1.279,-1,400.000,-1,425.000,-1,325.000,325.000,325.000,300.000,-1,850.000,675.000,-1,850.000,875.000,-1,-1,2,0,2,0,2,0,0,0,0,2,0,0,2,0,0,2,2
95,9086.825,-6695.574,-267.506,1.378,0.996125,-0.023956,-0.084617,0.016647,0.996151,-0.086053,0.086353,0.084311,0.992691,0,0.63853,0.75941,38.312,1.519,-1,400.000,-1,425.000,-1,325.000,325.000,325.000,300.000,-1,825.000,675.000,-1,850.000,900.000,-1,-1,2,0,2,0,2,0,0,0,0,2,0,0,2,0,0,2,2
96,9129.889,-6693.576,-263.809,2.656,0.995287,-0.046185,-0.085264,0.038708,0.995426,-0.087348,0.088908,0.083636,0.992522,0,0.71853,0.63941,43.112,1.279,-1,400.000,-1,425.000,-1,325.000,325.000,325.000,300.000,-1,800.000,675.000,-1,875.000,925.000,-1,-1,2,0,2,0,2,0,0,0,0,2,0,0,2,0,0,2,2
97,9177.701,-6690.488,-259.601,3.695,0.994251,-0.064226,-0.085674,0.056597,0.994451,-0.088677,0.090894,0.083318,0.992369,0,0.79853,0.51941,47.912,1.039,-1,425.000,-1,425.000,-1,325.000,350.000,325.000,300.000,-1,825.000,700.000,-1,900.000,925.000,-1,-1,2,0,2,0,2,0,0,0,0,2,0,0,2,0,0,2,2
98,9226.690,-6686.637,-255.503,4.494,0.993376,-0.078083,-0.084309,0.070449,0.993446,-0.090009,0.090785,0.083474,0.992366,0,0.81902,0.39941,49.141,0.799,-1,425.000,-1,425.000,-1,350.000,350.000,325.000,300.000,-1,875.000,775.000,-1,900.000,925.000,-1,-1,2,0,2,0,2,0,0,0,0,2,0,0,2,0,0,2,2
99,9275.639,-6682.310,-251.575,5.053,0.992738,-0.087770,-0.082271,0.080272,0.992665,-0.090404,0.089602,0.083144,0.992501,0,0.81902,0.27941,49.141,0.559,-1,425.000,-1,425.000,-1,325.000,350.000,325.000,300.000,-1,975.000,850.000,-1,900.000,925.000,-1,-1,2,0,2,0,2,0,0,0,0,2,0,0,2,0,0,2,2
100,9324.563,-6677.710,-247.630,5.372,0.992402,-0.093293,-0.080220,0.085936,0.992161,-0.090730,0.088056,0.083147,0.992639,0,0.81902,0.15941,49.141,0.319,-1,425.000,-1,425.000,-1,325.000,325.000,325.000,300.000,-1,-1,925.000,-1,900.000,925.000,-1,-1,2,0,2,0,2,0,0,0,0,2,2,0,2,0,0,2,2
101,9373.482,-6673.042,-243.684,5.451,0.992438,-0.094655,-0.078150,0.087447,0.992003,-0.091006,0.086140,0.083484,0.992779,0,0.81902,0.03941,49.141,0.079,-1,400.000,-1,425.000,-1,325.000,325.000,300.000,300.000,-1,-1,-1,-1,900.000,925.000,-1,-1,2,0,2,0,2,0,0,0,0,2,2,2,2,0,0,2,2
102,9422.413,-6668.512,-239.750,5.289,0.992863,-0.091859,-0.076054,0.084808,0.992210,-0.091253,0.083844,0.084152,0.992919,0,0.81902,-0.08059,49.141,-0.161,-1,400.000,-1,425.000,-1,325.000,325.000,300.000,300.000,-1,-1,-1,-1,900.000,900.000,-1,-1,2,0,2,0,2,0,0,0,0,2,2,2,2,0,0,2,2
103,9471.359,-6664.140,-235.823,5.104,0.993316,-0.088644,-0.073935,0.081755,0.992443,-0.091502,0.081487,0.084846,0.993056,0,0.81902,-0.09267,49.141,-0.185,-1,400.000,-1,400.000,-1,325.000,325.000,300.000,300.000,-1,-1,-1,-1,900.000,900.000,-1,-1,2,0,2,0,2,0,0,0,0,2,2,2,2,0,0,2,2
104,9520.377,-6659.922,-231.898,4.918,0.993756,-0.085408,-0.071792,0.078686,0.992668,-0.091755,0.079102,0.085533,0.993190,0,0.82000,-0.09323,49.200,-0.186,-1,400.000,-1,400.000,-1,325.000,325.000,300.000,300.000,-1,-1,-1,-1,900.000,900.000,-1,-1,2,0,2,0,2,0,0,0,0,2,2,2,2,0,0,2,2
105,9569.704,-6655.844,-227.958,4.725,0.994192,-0.082071,-0.069614,0.075521,0.992890,-0.092014,0.076671,0.086223,0.993321,0,0.82493,-0.09615,49.496,-0.192,-1,400.000,-1,425.000,-1,325.000,325.000,300.000,300.000,-1,-1,-1,-1,900.000,900.000,-1,-1,2,0,2,0,2,0,0,0,0,2,2,2,2,0,0,2,2
106,9619.339,-6651.914,-224.003,4.527,0.994623,-0.078629,-0.067403,0.072256,0.993108,-0.092282,0.074195,0.086915,0.993449,0,0.82983,-0.09916,49.790,-0.198,-1,400.000,-1,425.000,-1,325.000,325.000,300.000,300.000,-1,-1,-1,-1,900.000,875.000,-1,-1,2,0,2,0,2,0,0,0,0,2,2,2,2,0,0,2,2
107,9669.277,-6648.139,-220.035,4.322,0.995046,-0.075079,-0.065159,0.068888,0.993321,-0.092558,0.071673,0.087610,0.993573,0,0.83468,-0.10227,50.081,-0.205,-1,400.000,-1,425.000,-1,325.000,325.000,300.000,300.000,-1,-1,-1,-1,900.000,875.000,-1,-1,2,0,2,0,2,0,0,0,0,2,2,2,2,0,1,2,2
108,9719.516,-6644.528,-216.054,4.111,0.995462,-0.071417,-0.062883,0.065413,0.993530,-0.092844,0.069107,0.088309,0.993693,0,0.83949,-0.10549,50.369,-0.211,-1,425.000,-1,425.000,-1,325.000,325.000,325.000,300.000,-1,-1,-1,-1,875.000,875.000,-1,-1,2,0,2,0,2,0,0,0,0,2,2,2,2,0,1,2,2
109,9772.031,-6641.001,-211.909,3.841,0.995936,-0.066727,-0.060483,0.060925,0.993785,-0.093162,0.066324,0.089098,0.993812,0,0.87722,-0.13507,52.633,-0.270,-1,425.000,-1,425.000,-1,325.000,325.000,325.000,300.000,-1,-1,-1,-1,875.000,850.000,-1,-1,2,0,2,0,2,0,0,0,0,2,2,2,2,0,1,2,2
110,9825.238,-6637.697,-207.794,3.552,0.996396,-0.061709,-0.058204,0.056086,0.994015,-0.093748,0.063641,0.090146,0.993893,0,0.88849,-0.14444,53.309,-0.289,-1,425.000,-1,425.000,1000.000,325.000,325.000,325.000,300.000,-1,-1,-1,-1,875.000,825.000,-1,-1,2,0,2,0,1,0,0,0,0,2,2,2,2,0,1,2,2
111,9879.132,-6634.641,-204.617,3.244,0.996824,-0.056350,-0.056267,0.050848,0.994192,-0.094848,0.061285,0.091686,0.993900,0,0.89967,-0.15420,53.980,-0.308,-1,425.000,-1,425.000,925.000,325.000,325.000,325.000,300.000,-1,-1,-1,-1,875.000,825.000,-1,-1,2,0,2,0,1,0,0,0,0,2,2,2,2,0,1,2,2
112,9933.706,-6631.863,-201.831,2.915,0.997240,-0.050644,-0.054288,0.045362,0.994494,-0.094470,0.058774,0.091747,0.994046,0,0.91076,-0.16438,54.646,-0.329,-1,425.000,-1,400.000,875.000,325.000,325.000,325.000,300.000,-1,-1,-1,-1,875.000,800.000,-1,975.000,2,0,2,0,1,0,0,0,0,2,2,2,2,0,1,2,1
113,9988.954,-6629.388,-199.043,2.565,0.997637,-0.044568,-0.052282,0.039508,0.994778,-0.094109,0.056203,0.091821,0.994188,0,0.92172,-0.17500,55.303,-0.350,-1,425.000,-1,400.000,825.000,325.000,325.000,325.000,300.000,-1,-1,-1,-1,850.000,775.000,-1,925.000,2,0,2,0,1,0,0,0,0,2,2,2,2,0,1,2,1
114,10044.864,-6627.247,-196.257,2.193,0.998010,-0.038105,-0.050248,0.033270,0.995038,-0.093767,0.053572,0.091908,0.994325,0,0.93251,-0.18610,55.951,-0.372,-1,400.000,-1,400.000,775.000,325.000,325.000,325.000,300.000,-1,-1,-1,-1,850.000,775.000,-1,875.000,2,0,2,0,1,0,0,0,0,2,2,2,2,0,1,2,1
115,10101.423,-6625.473,-193.475,1.798,0.998350,-0.031237,-0.048188,0.026630,0.995268,-0.093446,0.050879,0.092009,0.994457,0,0.94312,-0.19769,56.587,-0.395,-1,400.000,-1,400.000,725.000,325.000,325.000,300.000,300.000,-1,-1,-1,-1,825.000,750.000,-1,825.000,2,0,2,0,1,0,0,0,0,2,2,2,2,0,1,2,1
116,10158.616,-6624.097,-190.701,1.378,0.998650,-0.023947,-0.046103,0.019570,0.995460,-0.093151,0.048124,0.092123,0.994584,0,0.95349,-0.20981,57.210,-0.420,-1,400.000,-1,400.000,675.000,325.000,325.000,300.000,300.000,-1,-1,-1,-1,825.000,725.000,-1,775.000,2,0,2,0,1,0,0,0,0,2,2,2,2,0,1,2,1
117,10216.057,-6622.896,-187.933,1.198,0.998814,-0.020827,-0.044011,0.016666,0.995538,-0.092877,0.045749,0.092033,0.994704,0,0.95755,-0.08981,57.453,-0.180,-1,400.000,-1,400.000,625.000,325.000,325.000,300.000,300.000,-1,-1,-1,-1,825.000,725.000,-1,725.000,2,0,2,0,1,0,0,0,0,2,2,2,2,0,1,2,1
118,10274.043,-6621.623,-185.133,1.259,0.998882,-0.021876,-0.041901,0.017919,0.995542,-0.092596,0.043740,0.091742,0.994822,0,0.96668,0.03019,58.001,0.060,-1,400.000,-1,400.000,575.000,325.000,325.000,300.000,300.000,-1,-1,-1,-1,800.000,725.000,-1,675.000,2,0,2,0,1,0,0,0,0,2,2,2,2,0,1,2,1
119,10332.498,-6620.033,-182.284,1.559,0.998841,-0.027096,-0.039775,0.023330,0.995459,-0.092284,0.042095,0.091249,0.994938,0,0.97461,0.15019,58.477,0.300,-1,400.000,-1,400.000,525.000,325.000,325.000,325.000,300.000,-1,-1,-1,-1,800.000,725.000,-1,650.000,2,0,2,0,1,0,0,0,0,2,2,2,2,0,1,2,1
120,10391.318,-6617.878,-179.368,2.100,0.998625,-0.036486,-0.037637,0.032898,0.995223,-0.091914,0.040811,0.090550,0.995055,0,0.98101,0.27019,58.861,0.540,-1,400.000,-1,400.000,475.000,325.000,325.000,325.000,300.000,-1,-1,-1,-1,775.000,725.000,-1,625.000,2,0,2,0,1,0,0,0,0,2,2,2,2,0,1,2,1
121,10450.373,-6614.908,-176.369,2.880,0.998116,-0.050042,-0.035491,0.046619,0.994717,-0.091460,0.039880,0.089634,0.995176,0,0.98550,0.39019,59.130,0.780,-1,400.000,-1,400.000,450.000,325.000,325.000,325.000,300.000,-1,-1,-1,-1,775.000,750.000,-1,625.000,2,0,2,0,1,0,0,0,0,2,2,2,2,0,1,2,1
122,10509.496,-6610.888,-173.587,3.890,0.997139,-0.067562,-0.033898,0.064206,0.993700,-0.091857,0.039891,0.089418,0.995195,0,0.98768,0.50480,59.261,1.010,-1,400.000,-1,400.000,425.000,325.000,325.000,325.000,300.000,-1,-1,-1,-1,775.000,775.000,-1,650.000,2,0,2,0,1,0,0,0,0,2,2,2,2,0,0,2,1
123,10568.510,-6605.884,-171.227,4.848,0.995889,-0.084176,-0.033471,0.080803,0.992491,-0.091829,0.040949,0.088746,0.995212,0,0.98712,0.47912,59.227,0.958,-1,400.000,-1,400.000,425.000,325.000,325.000,325.000,300.000,-1,-1,-1,-1,775.000,775.000,-1,725.000,2,0,2,0,1,0,0,0,0,2,2,2,2,0,0,2,1
124,10627.283,-6599.964,-168.787,5.752,0.994454,-0.099840,-0.033052,0.096452,0.991097,-0.091781,0.041921,0.088084,0.995231,0,0.98451,0.45227,59.071,0.905,-1,400.000,-1,400.000,425.000,325.000,325.000,325.000,300.000,-1,-1,-1,-1,775.000,775.000,-1,850.000,2,0,2,0,1,0,0,0,0,2,2,2,2,0,0,2,1
125,10685.679,-6593.206,-166.278,6.601,0.992885,-0.114517,-0.032650,0.111118,0.989566,-0.091721,0.042813,0.087441,0.995249,0,0.97978,0.42441,58.787,0.849,-1,400.000,-1,400.000,425.000,325.000,325.000,325.000,300.000,-1,-1,-1,-1,775.000,775.000,-1,-1,2,0,2,0,1,0,0,0,0,2,2,2,2,0,0,2,2
126,10743.568,-6585.696,-163.713,7.393,0.991226,-0.128182,-0.032269,0.124774,0.987943,-0.091651,0.043628,0.086821,0.995268,0,0.97292,0.39572,58.375,0.791,-1,400.000,-1,400.000,450.000,325.000,325.000,325.000,275.000,-1,-1,-1,-1,775.000,775.000,-1,-1,2,0,2,0,1,0,0,0,1,2,2,2,2,0,0,2,2
127,10800.826,-6577.522,-161.104,8.126,0.989521,-0.140816,-0.031911,0.137401,0.986273,-0.091574,0.044368,0.086230,0.995287,0,0.96398,0.36646,57.839,0.733,-1,400.000,-1,400.000,475.000,325.000,325.000,325.000,250.000,-1,-1,-1,-1,775.000,775.000,-1,-1,2,0,2,0,1,0,0,0,1,2,2,2,2,0,0,2,2
128,10857.336,-6568.774,-158.463,8.799,0.987812,-0.152412,-0.031579,0.148991,0.984597,-0.091492,0.045037,0.085672,0.995305,0,0.95306,0.33689,57.184,0.674,-1,400.000,-1,400.000,500.000,325.000,325.000,325.000,250.000,-1,-1,-1,-1,775.000,775.000,-1,-1,2,0,2,0,1,0,0,0,1,2,2,2,2,0,0,2,2
129,10912.995,-6559.547,-155.805,9.414,0.986135,-0.162971,-0.031274,0.159546,0.982949,-0.091409,0.045638,0.085152,0.995322,0,0.94033,0.30729,56.420,0.615,-1,400.000,-1,400.000,550.000,325.000,325.000,325.000,225.000,-1,-1,-1,-1,775.000,775.000,-1,-1,2,0,2,0,1,0,0,0,1,2,2,2,2,0,0,2,2
130,10967.716,-6549.928,-153.162,9.970,0.984522,-0.172510,-0.030941,0.169091,0.981370,-0.091221,0.046101,0.084577,0.995350,0,0.92600,0.27798,55.560,0.556,-1,400.000,-1,400.000,600.000,325.000,325.000,325.000,225.000,-1,-1,-1,-1,800.000,750.000,-1,-1,2,0,2,0,1,0,0,0,1,2,2,2,2,0,0,2,2
131,11017.660,-6540.865,-150.772,10.286,0.983569,-0.177928,-0.030542,0.174543,0.980451,-0.090835,0.046107,0.084012,0.995398,0,0.84600,0.15798,50.760,0.316,-1,400.000,-1,400.000,650.000,325.000,325.000,325.000,225.000,-1,-1,-1,-1,800.000,750.000,-1,975.000,2,0,2,0,1,0,0,0,1,2,2,2,2,0,0,2,1
132,11065.252,-6532.164,-148.485,10.362,0.983343,-0.179232,-0.030193,0.175888,0.980241,-0.090498,0.045817,0.083680,0.995439,0,0.80636,0.03798,48.381,0.076,-1,400.000,-1,400.000,675.000,325.000,325.000,325.000,225.000,-1,-1,-1,-1,775.000,750.000,-1,925.000,2,0,2,0,1,0,0,0,1,2,2,2,2,0,0,2,1
133,11112.064,-6523.743,-146.279,10.198,0.983858,-0.176425,-0.029955,0.173117,0.980749,-0.090348,0.045318,0.083704,0.995460,0,0.79272,-0.08202,47.563,-0.164,-1,400.000,-1,400.000,700.000,325.000,325.000,325.000,225.000,-1,-1,-1,-1,775.000,725.000,-1,875.000,2,0,2,0,1,0,0,0,1,2,2,2,2,0,1,2,1
134,11158.179,-6515.782,-144.157,9.794,0.985075,-0.169500,-0.029943,0.166213,0.981939,-0.090381,0.044721,0.084055,0.995457,0,0.77995,-0.20202,46.797,-0.404,-1,400.000,975.000,400.000,700.000,325.000,325.000,325.000,225.000,-1,-1,-1,-1,775.000,700.000,-1,825.000,2,0,1,0,1,0,0,0,1,2,2,2,2,0,1,2,1
135,11203.689,-6508.452,-142.100,9.150,0.986913,-0.158444,-0.029963,0.155188,0.983736,-0.090446,0.043806,0.084612,0.995451,0,0.76827,-0.32202,46.096,-0.644,-1,400.000,950.000,400.000,700.000,325.000,325.000,325.000,225.000,-1,-1,-1,-1,750.000,675.000,-1,775.000,2,0,1,0,1,0,0,0,1,2,2,2,2,1,1,2,1
136,11248.660,-6501.734,-140.117,8.495,0.988653,-0.147194,-0.029975,0.143971,0.985435,-0.090496,0.042859,0.085153,0.995446,0,0.75782,-0.32712,45.469,-0.654,-1,400.000,900.000,400.000,675.000,325.000,325.000,325.000,225.000,-1,-1,-1,-1,725.000,650.000,-1,750.000,2,0,1,0,1,0,0,0,1,2,2,2,2,1,1,2,1
