timestep,x_cm,y_cm,z_cm,yaw_deg,basis_xx,basis_xy,basis_xz,basis_yx,basis_yy,basis_yz,basis_zx,basis_zy,basis_zz,teleport_flag,throttle_cmd,steering_cmd,cmd_move_cm,cmd_turn_deg,lidar_cm_0,lidar_cm_1,lidar_cm_2,lidar_cm_3,lidar_cm_4,lidar_cm_5,lidar_cm_6,lidar_cm_7,lidar_cm_8,lidar_cm_9,lidar_cm_10,lidar_cm_11,lidar_cm_12,lidar_cm_13,lidar_cm_14,lidar_cm_15,lidar_cm_16,lidar_class_0,lidar_class_1,lidar_class_2,lidar_class_3,lidar_class_4,lidar_class_5,lidar_class_6,lidar_class_7,lidar_class_8,lidar_class_9,lidar_class_10,lidar_class_11,lidar_class_12,lidar_class_13,lidar_class_14,lidar_class_15,lidar_class_16
0,-2951.067,982.737,1.783,118.906,-0.483462,-0.874592,0.036796,0.875362,-0.482918,0.023066,-0.002404,0.043361,0.999057,1,-0.02200,-0.12000,-1.320,-0.240,-1,450.000,-1,475.000,-1,375.000,375.000,275.000,125.000,-1,375.000,475.000,-1,875.000,-1,-1,-1,2,0,2,0,2,0,0,0,1,2,0,0,2,0,2,2,2
1,-2950.496,981.684,2.278,118.426,-0.476081,-0.878679,0.035650,0.879400,-0.475613,0.021158,-0.001635,0.041423,0.999140,0,-0.01997,-0.24000,-1.198,-0.480,-1,450.000,-1,500.000,325.000,375.000,375.000,275.000,150.000,-1,350.000,450.000,-1,900.000,-1,-1,-1,2,0,2,0,1,0,0,0,1,2,0,0,2,0,2,2,2
2,-2950.036,980.811,2.957,117.706,-0.464954,-0.884684,0.033953,0.885335,-0.464585,0.018524,-0.000614,0.038673,0.999252,0,-0.01645,-0.36000,-0.987,-0.720,-1,450.000,-1,500.000,300.000,375.000,400.000,275.000,150.000,-1,325.000,425.000,-1,900.000,-1,-1,-1,2,0,2,0,1,0,0,0,1,2,0,0,2,0,2,2,2
3,-2949.725,980.197,3.810,116.746,-0.450014,-0.892460,0.031660,0.893021,-0.449757,0.015240,0.000638,0.035131,0.999382,0,-0.01147,-0.48000,-0.688,-0.960,-1,450.000,-1,500.000,250.000,375.000,400.000,275.000,150.000,-1,300.000,400.000,-1,925.000,-1,-1,-1,2,0,2,0,1,0,0,0,1,2,0,0,2,0,2,2,2
4,-2949.592,979.922,4.823,115.546,-0.431174,-0.901812,0.028711,0.902266,-0.431029,0.011392,0.002102,0.030817,0.999523,0,-0.00510,-0.60000,-0.306,-1.200,-1,475.000,-1,525.000,225.000,400.000,400.000,275.000,150.000,-1,275.000,400.000,-1,925.000,-1,-1,-1,2,0,2,0,1,0,0,0,1,2,0,0,2,0,2,2,2
5,-2949.655,980.067,5.984,114.106,-0.408333,-0.912490,0.025036,0.912825,-0.408289,0.007083,0.003759,0.025746,0.999661,0,0.00263,-0.72000,0.158,-1.440,-1,475.000,-1,525.000,225.000,400.000,425.000,275.000,175.000,-1,250.000,375.000,-1,950.000,-1,-1,-1,2,0,2,0,1,0,0,0,1,2,0,0,2,0,2,2,2
6,-2949.922,980.713,7.125,112.622,-0.384540,-0.922867,0.021095,0.923093,-0.384566,0.002967,0.005374,0.020614,0.999773,0,0.01165,-0.74199,0.699,-1.484,-1,475.000,-1,550.000,200.000,400.000,425.000,275.000,175.000,-1,225.000,350.000,-1,975.000,-1,-1,-1,2,0,2,0,1,0,0,0,1,2,0,0,2,0,2,2,2
7,-2950.369,981.871,8.197,111.160,-0.360864,-0.932462,0.017067,0.932593,-0.360929,-0.000783,0.006890,0.015634,0.999854,0,0.02069,-0.73098,1.241,-1.462,-1,500.000,-1,575.000,175.000,425.000,425.000,275.000,175.000,-1,200.000,325.000,-1,1000.000,-1,-1,-1,2,0,2,0,1,0,0,0,1,2,0,0,2,0,2,2,2
8,-2950.963,983.529,9.205,109.719,-0.337312,-0.941304,0.012957,0.941356,-0.337389,-0.004203,0.008328,0.010780,0.999907,0,0.02935,-0.72045,1.761,-1.441,-1,500.000,-1,575.000,175.000,425.000,450.000,275.000,200.000,-1,175.000,325.000,-1,1000.000,-1,-1,-1,2,0,2,0,1,0,0,0,1,2,0,0,2,0,2,2,2
9,-2951.672,985.675,10.157,108.298,-0.313893,-0.949418,0.008769,0.949409,-0.313958,-0.007325,0.009708,0.006026,0.999935,0,0.03766,-0.71040,2.259,-1.421,-1,500.000,-1,600.000,175.000,425.000,450.000,275.000,200.000,-1,175.000,300.000,-1,-1,-1,-1,-1,2,0,2,0,1,0,0,0,1,2,0,0,2,2,2,2,2
10,-2952.467,988.295,11.058,106.897,-0.290614,-0.956830,0.004503,0.956776,-0.290646,-0.010179,0.011048,0.001350,0.999938,0,0.04563,-0.70079,2.738,-1.402,-1,525.000,-1,600.000,150.000,425.000,450.000,275.000,200.000,975.000,150.000,300.000,-1,-1,-1,-1,-1,2,0,2,1,1,0,0,0,1,0,0,0,2,2,2,2,2
11,-2954.450,995.567,11.964,105.255,-0.263148,-0.964755,-0.000804,0.964671,-0.263114,-0.013412,0.012728,-0.004305,0.999910,0,0.12563,-0.82079,7.538,-1.642,-1,525.000,-1,550.000,150.000,450.000,475.000,250.000,225.000,850.000,125.000,275.000,-1,-1,-1,-1,275.000,2,0,2,1,1,0,0,0,1,0,0,0,2,2,2,2,1
12,-2957.310,1007.569,12.899,103.399,-0.231874,-0.972718,-0.007351,0.972631,-0.231724,-0.017094,0.014924,-0.011114,0.999827,0,0.20563,-0.92781,12.338,-1.856,-1,525.000,-1,525.000,150.000,450.000,475.000,250.000,225.000,725.000,125.000,275.000,-1,-1,975.000,-1,250.000,2,0,2,1,1,0,0,0,1,0,0,0,2,2,1,2,1
13,-2960.745,1024.360,13.758,101.558,-0.200646,-0.979554,-0.014687,0.979505,-0.200321,-0.021014,0.017642,-0.018602,0.999671,0,0.28563,-0.92084,17.138,-1.842,-1,550.000,-1,500.000,125.000,475.000,500.000,250.000,225.000,600.000,100.000,275.000,-1,-1,900.000,-1,200.000,2,0,2,1,1,0,0,0,1,0,0,0,2,2,1,2,1
14,-2964.452,1045.983,14.594,99.724,-0.169428,-0.985272,-0.023097,0.985317,-0.168841,-0.025364,0.021091,-0.027055,0.999411,0,0.36563,-0.91685,21.938,-1.834,-1,550.000,-1,475.000,125.000,475.000,525.000,250.000,225.000,525.000,100.000,250.000,-1,-1,825.000,-1,200.000,2,0,2,1,1,0,0,0,1,0,0,0,2,2,1,2,1
15,-2968.126,1072.468,15.465,97.892,-0.138196,-0.989858,-0.032903,0.990077,-0.137219,-0.030307,0.025485,-0.036765,0.998999,0,0.44563,-0.91586,26.738,-1.832,-1,575.000,-1,450.000,125.000,500.000,550.000,250.000,225.000,450.000,75.000,250.000,-1,-1,750.000,-1,175.000,2,0,2,1,1,0,0,0,1,0,0,0,2,2,1,2,1
16,2951.695,4263.562,-237.258,89.965,0.000089,-0.999936,-0.011334,0.998945,0.000609,-0.045912,0.045916,-0.011318,0.998881,1,0.00000,0.00000,31.538,-1.836,-1,375.000,-1,375.000,-1,325.000,325.000,300.000,300.000,-1,375.000,375.000,-1,750.000,775.000,-1,-1,2,0,2,0,2,0,0,0,0,2,1,1,2,0,0,2,2
17,2951.718,4268.362,-237.038,89.725,0.004281,-0.999927,-0.011328,0.998928,0.004798,-0.046032,0.046083,-0.011118,0.998876,0,0.08000,-0.12000,4.800,-0.240,-1,375.000,-1,375.000,-1,325.000,325.000,300.000,300.000,-1,375.000,375.000,-1,750.000,775.000,-1,-1,2,0,2,0,2,0,0,0,0,2,1,1,2,0,0,2,2
18,2951.845,4277.961,-236.597,89.245,0.012664,-0.999856,-0.011322,0.998842,0.013175,-0.046272,0.046414,-0.010723,0.998865,0,0.16000,-0.24000,9.600,-0.480,-1,375.000,-1,400.000,1000.000,325.000,325.000,300.000,300.000,-1,400.000,400.000,-1,750.000,775.000,-1,-1,2,0,2,0,1,0,0,0,0,2,1,1,2,0,0,2,2
19,2952.162,4292.358,-235.935,88.740,0.021477,-0.999705,-0.011338,0.998671,0.021984,-0.046622,0.046857,-0.010321,0.998848,0,0.24000,-0.25241,14.400,-0.505,-1,375.000,-1,400.000,1000.000,325.000,325.000,300.000,300.000,-1,400.000,400.000,-1,750.000,775.000,-1,-1,2,0,2,0,1,0,0,0,0,2,1,1,2,0,0,2,2
20,2952.751,4311.549,-235.051,88.240,0.030206,-0.999479,-0.011382,0.998419,0.030710,-0.047081,0.047406,-0.009942,0.998826,0,0.32000,-0.25008,19.200,-0.500,-1,400.000,-1,400.000,975.000,325.000,325.000,300.000,300.000,-1,425.000,425.000,-1,750.000,775.000,-1,-1,2,0,2,0,1,0,0,0,0,2,1,1,2,0,0,2,2
21,2953.695,4335.530,-233.945,87.746,0.038821,-0.999180,-0.011460,0.998090,0.039325,-0.047646,0.048058,-0.009588,0.998799,0,0.40000,-0.24698,24.000,-0.494,-1,400.000,-1,400.000,950.000,325.000,325.000,300.000,300.000,-1,450.000,450.000,-1,750.000,775.000,-1,-1,2,0,2,0,1,0,0,0,0,2,1,1,2,0,0,2,2
22,2955.072,4364.297,-232.616,87.260,0.047296,-0.998814,-0.011574,0.997688,0.047803,-0.048316,0.048812,-0.009263,0.998765,0,0.48000,-0.24311,28.800,-0.486,-1,400.000,-1,400.000,925.000,325.000,325.000,300.000,300.000,-1,475.000,475.000,-1,750.000,800.000,-1,-1,2,0,2,0,1,0,0,0,0,2,1,1,2,0,0,2,2
23,2956.958,4397.845,-231.063,86.783,0.055604,-0.998384,-0.011729,0.997217,0.056115,-0.049088,0.049667,-0.008967,0.998726,0,0.56000,-0.23846,33.600,-0.477,-1,400.000,-1,400.000,925.000,325.000,325.000,300.000,300.000,-1,500.000,500.000,-1,750.000,800.000,-1,-1,2,0,2,0,1,0,0,0,0,2,1,1,2,0,0,2,2
24,2959.424,4436.165,-229.287,86.317,0.063715,-0.997897,-0.011924,0.996684,0.064235,-0.049959,0.050620,-0.008702,0.998680,0,0.64000,-0.23303,38.400,-0.466,-1,400.000,-1,400.000,900.000,325.000,325.000,300.000,300.000,-1,550.000,550.000,-1,775.000,800.000,-1,-1,2,0,2,0,1,0,0,0,0,2,1,1,2,0,0,2,2
25,2962.541,4479.253,-227.286,85.863,0.071604,-0.997359,-0.012160,0.996094,0.072134,-0.050924,0.051667,-0.008467,0.998628,0,0.72000,-0.22684,43.200,-0.454,-1,400.000,-1,400.000,875.000,325.000,325.000,300.000,300.000,-1,600.000,575.000,-1,775.000,825.000,-1,-1,2,0,2,0,1,0,0,0,0,2,1,1,2,0,0,2,2
26,2966.371,4527.100,-225.059,85.424,0.079243,-0.996778,-0.012435,0.995456,0.079787,-0.051979,0.052804,-0.008259,0.998571,0,0.80000,-0.21987,48.000,-0.440,-1,400.000,-1,400.000,850.000,325.000,325.000,300.000,300.000,-1,625.000,625.000,-1,775.000,825.000,-1,-1,2,0,2,0,1,0,0,0,0,2,1,1,2,0,0,2,2
27,2970.588,4575.298,-222.743,84.999,0.086627,-0.996163,-0.012415,0.994795,0.087166,-0.052782,0.053662,-0.007778,0.998529,0,0.80637,-0.21213,48.382,-0.424,-1,400.000,-1,400.000,825.000,325.000,325.000,300.000,300.000,-1,675.000,675.000,-1,800.000,850.000,-1,-1,2,0,2,0,1,0,0,0,0,2,1,1,2,0,0,2,2
28,2975.185,4623.844,-220.319,84.591,0.093754,-0.995521,-0.012201,0.994159,0.094269,-0.052549,0.053464,-0.007203,0.998544,0,0.81271,-0.20434,48.763,-0.409,-1,400.000,-1,400.000,800.000,325.000,325.000,300.000,300.000,-1,725.000,725.000,-1,800.000,850.000,-1,-1,2,0,2,0,1,0,0,0,0,2,1,1,2,0,0,2,2
29,2980.565,4677.135,-217.751,84.235,0.099976,-0.994923,-0.011562,0.993606,0.100443,-0.051552,0.052451,-0.006334,0.998603,0,0.89271,-0.17770,53.563,-0.355,-1,400.000,-1,400.000,775.000,325.000,325.000,300.000,300.000,-1,775.000,775.000,-1,800.000,850.000,-1,-1,2,0,2,0,1,0,0,0,0,2,1,1,2,0,0,2,2
30,2986.605,4733.362,-215.047,83.869,0.106389,-0.994265,-0.010887,0.992998,0.106806,-0.050481,0.051354,-0.005440,0.998666,0,0.94251,-0.18325,56.551,-0.366,-1,400.000,-1,400.000,750.000,325.000,325.000,300.000,300.000,-1,850.000,850.000,-1,800.000,850.000,-1,-1,2,0,2,0,1,0,0,0,0,2,1,1,2,0,0,2,2
31,2993.028,4789.649,-212.347,83.490,0.113005,-0.993542,-0.010211,0.992324,0.113374,-0.049389,0.050228,-0.004551,0.998727,0,0.94421,-0.18931,56.652,-0.379,-1,400.000,-1,400.000,725.000,325.000,325.000,300.000,300.000,-1,900.000,900.000,-1,800.000,850.000,-1,-1,2,0,2,0,1,0,0,0,0,2,1,1,2,0,0,2,2
32,2999.845,4845.972,-209.653,83.099,0.119832,-0.992748,-0.009535,0.991581,0.120155,-0.048275,0.049071,-0.003670,0.998789,0,0.94557,-0.19557,56.734,-0.391,-1,400.000,-1,400.000,700.000,325.000,325.000,300.000,300.000,-1,975.000,950.000,-1,800.000,850.000,-1,-1,2,0,2,0,1,0,0,0,0,2,1,1,2,0,0,2,2
33,3007.067,4902.306,-206.967,82.695,0.126875,-0.991879,-0.008858,0.990762,0.127153,-0.047137,0.047880,-0.002795,0.998849,0,0.94658,-0.20203,56.795,-0.404,-1,400.000,-1,400.000,675.000,325.000,325.000,300.000,300.000,-1,-1,-1,-1,800.000,850.000,-1,-1,2,0,2,0,1,0,0,0,0,2,2,2,2,0,0,2,2
34,3014.703,4958.623,-204.290,82.277,0.134140,-0.990929,-0.008179,0.989863,0.134376,-0.045973,0.046655,-0.001929,0.998909,0,0.94721,-0.20869,56.833,-0.417,-1,400.000,-1,400.000,650.000,325.000,325.000,300.000,300.000,-1,-1,-1,-1,825.000,825.000,-1,-1,2,0,2,0,1,0,0,0,0,2,2,2,2,0,0,2,2
35,3022.766,5014.895,-201.626,81.846,0.141633,-0.989891,-0.007500,0.988878,0.141828,-0.044783,0.045394,-0.001073,0.998969,0,0.94745,-0.21554,56.847,-0.431,-1,400.000,-1,400.000,625.000,325.000,325.000,300.000,300.000,-1,-1,-1,-1,825.000,825.000,-1,-1,2,0,2,0,1,0,0,0,0,2,2,2,2,0,0,2,2
36,3031.264,5071.093,-198.977,81.401,0.149359,-0.988760,-0.006818,0.987799,0.149514,-0.043566,0.044095,-0.000228,0.999027,0,0.94727,-0.22258,56.836,-0.445,-1,400.000,-1,400.000,600.000,325.000,325.000,300.000,300.000,-1,-1,-1,-1,825.000,825.000,-1,975.000,2,0,2,0,1,0,0,0,0,2,2,2,2,0,0,2,1
37,3040.206,5127.184,-196.345,80.942,0.157322,-0.987528,-0.006135,0.986621,0.157440,-0.042319,0.042757,0.000605,0.999085,0,0.94666,-0.22979,56.800,-0.460,-1,400.000,-1,400.000,575.000,325.000,325.000,300.000,300.000,-1,-1,-1,-1,825.000,825.000,-1,925.000,2,0,2,0,1,0,0,0,0,2,2,2,2,0,0,2,1
38,3049.602,5183.137,-193.732,80.467,0.165527,-0.986190,-0.005448,0.985337,0.165610,-0.041041,0.041376,0.001425,0.999143,0,0.94561,-0.23717,56.737,-0.474,-1,400.000,-1,400.000,550.000,325.000,325.000,300.000,300.000,-1,-1,-1,-1,825.000,825.000,-1,875.000,2,0,2,0,1,0,0,0,0,2,2,2,2,0,0,2,1
39,3059.460,5238.918,-191.371,79.978,0.173940,-0.984740,-0.005680,0.983946,0.174028,-0.039551,0.039936,0.001291,0.999201,0,0.94410,-0.24469,56.646,-0.489,-1,400.000,-1,400.000,525.000,325.000,325.000,300.000,300.000,-1,-1,-1,-1,825.000,825.000,-1,825.000,2,0,2,0,1,0,0,0,0,2,2,2,2,0,0,2,1
40,3069.787,5294.495,-189.218,79.473,0.182593,-0.983169,-0.006169,0.982440,0.182695,-0.037866,0.038355,0.000853,0.999264,0,0.94213,-0.25234,56.528,-0.505,-1,400.000,-1,400.000,500.000,325.000,325.000,300.000,300.000,-1,-1,-1,-1,825.000,825.000,-1,800.000,2,0,2,0,1,0,0,0,0,2,2,2,2,0,1,2,1
41,3079.898,5345.225,-187.502,78.729,0.195374,-0.980711,-0.005854,0.980032,0.195457,-0.036518,0.036958,0.001397,0.999316,0,0.86213,-0.37234,51.728,-0.745,-1,400.000,-1,400.000,475.000,325.000,325.000,300.000,300.000,-1,-1,-1,-1,825.000,775.000,-1,725.000,2,0,2,0,1,0,0,0,0,2,2,2,2,0,1,2,1
42,3089.798,5391.096,-185.980,77.822,0.210890,-0.977494,-0.005565,0.976861,0.210954,-0.035215,0.035596,0.001990,0.999364,0,0.78213,-0.45343,46.928,-0.907,-1,400.000,-1,400.000,450.000,325.000,325.000,275.000,300.000,-1,-1,-1,-1,825.000,750.000,-1,675.000,2,0,2,0,1,0,0,0,1,2,2,2,2,0,1,2,1
43,3099.717,5433.734,-184.577,76.904,0.226537,-0.973988,-0.005326,0.973399,0.226586,-0.033965,0.034288,0.002510,0.999409,0,0.72960,-0.45894,43.776,-0.918,-1,400.000,-1,400.000,425.000,325.000,325.000,275.000,300.000,-1,-1,-1,-1,825.000,725.000,-1,625.000,2,0,2,0,1,0,0,0,1,2,2,2,2,0,1,2,1
44,3110.302,5476.112,-183.195,75.976,0.242294,-0.970189,-0.005115,0.969643,0.242330,-0.032690,0.032955,0.002961,0.999452,0,0.72800,-0.46397,43.680,-0.928,-1,400.000,-1,400.000,400.000,325.000,325.000,275.000,300.000,-1,-1,-1,-1,825.000,700.000,-1,575.000,2,0,2,0,1,0,0,0,1,2,2,2,2,0,1,2,1
45,3121.547,5518.208,-181.835,75.043,0.258068,-0.966114,-0.004935,0.965610,0.258094,-0.031389,0.031599,0.003336,0.999495,0,0.72621,-0.46647,43.573,-0.933,-1,400.000,-1,400.000,375.000,325.000,325.000,275.000,275.000,-1,-1,-1,-1,825.000,650.000,-1,525.000,2,0,2,0,1,0,0,0,1,2,2,2,2,0,1,2,1
46,3133.448,5560.000,-180.434,74.105,0.273855,-0.961760,-0.004585,0.961289,0.273866,-0.030344,0.030440,0.003902,0.999529,0,0.72423,-0.46875,43.454,-0.937,-1,400.000,-1,400.000,350.000,325.000,325.000,275.000,275.000,-1,-1,-1,-1,825.000,625.000,-1,475.000,2,0,2,0,1,0,0,0,1,2,2,2,2,0,1,2,1
47,3145.996,5601.468,-179.003,73.164,0.289643,-0.957126,-0.004114,0.956682,0.289636,-0.029519,0.029445,0.004615,0.999556,0,0.72208,-0.47088,43.325,-0.942,-1,400.000,-1,400.000,325.000,325.000,325.000,275.000,275.000,-1,-1,-1,-1,825.000,600.000,-1,450.000,2,0,2,0,1,0,0,0,1,2,2,2,2,0,1,2,1
48,3159.185,5642.589,-177.584,72.218,0.305418,-0.952211,-0.003650,0.951792,0.305393,-0.028746,0.028487,0.005306,0.999580,0,0.71974,-0.47288,43.184,-0.946,-1,400.000,-1,400.000,300.000,325.000,325.000,300.000,250.000,-1,-1,-1,-1,825.000,575.000,-1,400.000,2,0,2,0,1,0,0,0,1,2,2,2,2,0,1,2,1
49,3173.005,5683.344,-176.178,71.268,0.321168,-0.947017,-0.003198,0.946621,0.321129,-0.028026,0.027568,0.005974,0.999602,0,0.71724,-0.47473,43.034,-0.949,-1,400.000,-1,400.000,275.000,325.000,325.000,300.000,250.000,-1,-1,-1,-1,800.000,550.000,-1,350.000,2,0,2,0,1,0,0,0,1,2,2,2,2,0,1,2,1
50,3187.446,5723.713,-174.788,70.316,0.336885,-0.941542,-0.002762,0.941167,0.336832,-0.027360,0.026691,0.006617,0.999622,0,0.71458,-0.47643,42.875,-0.953,-1,400.000,-1,400.000,250.000,325.000,325.000,300.000,250.000,-1,-1,-1,-1,800.000,525.000,-1,325.000,2,0,2,0,1,0,0,0,1,2,2,2,2,0,1,2,1
51,3202.500,5763.678,-173.413,69.360,0.352558,-0.935787,-0.002348,0.935432,0.352492,-0.026750,0.025860,0.007234,0.999639,0,0.71177,-0.47798,42.706,-0.956,-1,400.000,-1,375.000,200.000,325.000,325.000,300.000,225.000,-1,-1,-1,-1,800.000,500.000,-1,275.000,2,0,2,1,1,0,0,0,1,2,2,2,2,0,1,2,1
52,3218.156,5803.221,-172.171,68.401,0.368165,-0.929757,-0.002532,0.929412,0.368101,-0.026371,0.025450,0.007356,0.999649,0,0.70882,-0.47938,42.529,-0.959,-1,400.000,-1,350.000,175.000,325.000,325.000,300.000,225.000,-1,-1,-1,-1,800.000,475.000,-1,250.000,2,0,2,1,1,0,0,0,1,2,2,2,2,0,1,2,1
53,3234.402,5842.326,-171.047,67.440,0.383699,-0.923453,-0.003151,0.923115,0.383648,-0.025939,0.025162,0.007044,0.999659,0,0.70576,-0.48063,42.346,-0.961,-1,400.000,-1,350.000,150.000,325.000,325.000,300.000,200.000,-1,-1,-1,-1,825.000,450.000,-1,200.000,2,0,2,1,1,0,0,0,1,2,2,2,2,0,1,2,1
54,3251.228,5880.978,-170.008,66.476,0.399154,-0.916875,-0.003964,0.916551,0.399122,-0.025212,0.024698,0.006430,0.999674,0,0.70260,-0.48171,42.156,-0.963,-1,400.000,-1,325.000,125.000,325.000,325.000,300.000,200.000,-1,-1,-1,-1,825.000,425.000,-1,175.000,2,0,2,1,1,0,0,0,1,2,2,2,2,0,1,2,1
55,3268.622,5919.165,-165.529,65.511,0.414049,-0.910017,-0.020794,0.909598,0.414510,-0.028528,0.034580,-0.007103,0.999377,0,0.69934,-0.48264,41.961,-0.965,-1,425.000,-1,325.000,125.000,350.000,350.000,275.000,200.000,-1,-1,-1,-1,875.000,450.000,-1,175.000,2,0,2,1,1,0,0,0,1,2,2,2,2,0,1,2,1
56,3288.636,5961.427,-160.241,64.658,0.426566,-0.903519,-0.041175,0.903255,0.427903,-0.032077,0.046602,-0.023509,0.998637,0,0.77934,-0.42648,46.761,-0.853,-1,450.000,-1,325.000,125.000,375.000,350.000,275.000,200.000,-1,725.000,-1,-1,975.000,500.000,-1,175.000,2,0,2,1,1,0,1,0,1,2,0,2,2,0,1,2,1
57,3309.402,6003.621,-154.980,63.792,0.438743,-0.896482,-0.061841,0.896671,0.441278,-0.035415,0.059038,-0.039913,0.997458,0,0.78377,-0.43293,47.026,-0.866,-1,475.000,-1,350.000,125.000,400.000,375.000,275.000,200.000,925.000,225.000,550.000,-1,-1,650.000,-1,150.000,2,0,2,1,1,0,1,0,1,0,0,0,2,2,1,2,1
58,3330.814,6045.499,-149.713,62.913,0.450569,-0.888892,-0.082812,0.889863,0.454623,-0.038235,0.071635,-0.056464,0.995831,0,0.78387,-0.43975,47.032,-0.880,-1,525.000,-1,375.000,125.000,425.000,375.000,250.000,200.000,650.000,125.000,350.000,-1,-1,-1,-1,175.000,2,0,2,1,1,0,1,0,1,0,0,0,2,2,2,2,1
59,3352.069,6085.950,-145.456,62.273,0.458769,-0.883067,-0.098612,0.884860,0.464150,-0.039847,0.080959,-0.068977,0.994328,0,0.76154,-0.31975,45.692,-0.640,-1,550.000,-1,400.000,125.000,450.000,400.000,250.000,200.000,525.000,100.000,275.000,-1,-1,-1,-1,200.000,2,0,2,1,1,1,1,0,1,0,0,0,2,2,2,2,1
60,3373.621,6126.150,-141.860,61.796,0.464630,-0.878533,-0.110905,0.881113,0.471143,-0.040783,0.088081,-0.078770,0.992994,0,0.76020,-0.23851,45.612,-0.477,-1,575.000,-1,425.000,125.000,475.000,425.000,250.000,175.000,450.000,75.000,250.000,-1,-1,-1,-1,225.000,2,0,2,1,1,1,1,0,1,0,0,0,2,2,2,2,1
61,3395.453,6166.039,-138.652,61.301,0.470848,-0.873824,-0.121382,0.877188,0.478379,-0.041166,0.094039,-0.087092,0.991752,0,0.75784,-0.24737,45.471,-0.495,-1,575.000,-1,475.000,125.000,475.000,450.000,250.000,175.000,425.000,75.000,250.000,-1,-1,-1,-1,-1,2,0,2,1,1,1,1,0,1,0,0,0,2,2,2,2,2
62,3417.553,6205.574,-135.833,60.788,0.477490,-0.868962,-0.130034,0.873060,0.485882,-0.041037,0.098841,-0.093933,0.990660,0,0.75486,-0.25659,45.291,-0.513,-1,600.000,-1,750.000,125.000,500.000,500.000,250.000,175.000,375.000,50.000,225.000,-1,-1,-1,-1,-1,2,0,2,0,1,0,1,0,1,0,0,0,2,2,2,2,2
63,3439.912,6244.711,-133.403,60.256,0.484608,-0.863959,-0.136858,0.868705,0.493676,-0.040441,0.102503,-0.099291,0.989765,0,0.75121,-0.26615,45.072,-0.532,-1,625.000,-1,800.000,150.000,525.000,550.000,250.000,150.000,375.000,50.000,225.000,-1,-1,-1,-1,-1,2,0,2,0,1,0,0,0,1,0,0,0,2,2,2,2,2
64,9511.017,6231.357,-152.365,-29.765,0.868087,0.496413,0.000334,-0.496369,0.868001,0.013890,0.006605,-0.012224,0.999903,1,0.00000,0.00000,44.813,-0.552,-1,400.000,-1,375.000,-1,325.000,300.000,275.000,300.000,-1,450.000,525.000,-1,725.000,650.000,-1,-1,2,0,2,0,2,0,0,0,0,2,0,0,2,0,0,2,2
65,9515.174,6228.956,-152.361,-30.005,0.866001,0.500042,0.000387,-0.499997,0.865911,0.014211,0.006771,-0.012500,0.999899,0,0.08000,-0.12000,4.800,-0.240,-1,400.000,-1,375.000,-1,325.000,300.000,275.000,300.000,-1,450.000,525.000,-1,725.000,650.000,-1,-1,2,0,2,0,2,0,0,0,0,2,0,0,2,0,0,2,2
66,9523.456,6224.100,-152.345,-30.385,0.862671,0.505765,0.000493,-0.505716,0.862572,0.014848,0.007084,-0.013058,0.999890,0,0.16000,-0.18983,9.600,-0.380,-1,400.000,-1,375.000,-1,325.000,300.000,275.000,300.000,-1,425.000,525.000,-1,725.000,650.000,-1,-1,2,0,2,0,2,0,0,0,0,2,0,0,2,0,0,2,2
67,9535.829,6216.734,-152.304,-30.768,0.859277,0.511511,0.000651,-0.511456,0.859164,0.015795,0.007520,-0.013905,0.999875,0,0.24000,-0.19138,14.400,-0.383,-1,375.000,-1,375.000,-1,325.000,300.000,275.000,300.000,-1,425.000,525.000,-1,725.000,650.000,-1,-1,2,0,2,0,2,0,0,0,0,2,0,0,2,0,0,2,2
68,9552.260,6206.801,-152.238,-31.156,0.855799,0.517308,0.000880,-0.517246,0.855667,0.017061,0.008073,-0.015056,0.999854,0,0.32000,-0.19399,19.200,-0.388,-1,375.000,-1,375.000,-1,300.000,300.000,275.000,300.000,-1,425.000,525.000,-1,725.000,650.000,-1,-1,2,0,2,0,2,0,0,0,0,2,0,0,2,0,0,2,2
69,9572.712,6194.243,-152.145,-31.551,0.852217,0.523187,0.001203,-0.523116,0.852057,0.018655,0.008735,-0.016527,0.999825,0,0.40000,-0.19766,24.000,-0.395,-1,375.000,-1,375.000,-1,300.000,300.000,275.000,300.000,-1,425.000,525.000,-1,725.000,650.000,-1,-1,2,0,2,0,2,0,0,0,0,2,0,0,2,0,0,2,2
70,9597.148,6179.000,-152.024,-31.956,0.848510,0.529177,0.001646,-0.529094,0.848313,0.020586,0.009498,-0.018338,0.999787,0,0.48000,-0.20238,28.800,-0.405,-1,375.000,-1,375.000,-1,300.000,300.000,275.000,300.000,-1,425.000,525.000,-1,725.000,675.000,-1,-1,2,0,2,0,2,0,0,0,0,2,0,0,2,0,0,2,2
71,9625.526,6161.010,-151.611,-32.372,0.844651,0.535317,0.000924,-0.535200,0.844428,0.022413,0.011218,-0.019425,0.999748,0,0.56000,-0.20819,33.600,-0.416,-1,375.000,-1,375.000,-1,300.000,300.000,275.000,300.000,-1,400.000,525.000,-1,725.000,675.000,-1,-1,2,0,2,0,2,0,0,0,0,2,0,0,2,0,0,2,2
72,9657.803,6140.207,-150.906,-32.802,0.840613,0.541637,-0.000192,-0.541480,0.840378,0.023729,0.013013,-0.019843,0.999718,0,0.64000,-0.21508,38.400,-0.430,-1,375.000,-1,375.000,-1,300.000,300.000,275.000,300.000,-1,400.000,525.000,-1,725.000,675.000,-1,-1,2,0,2,0,2,0,0,0,0,2,0,0,2,0,0,2,2
73,9693.931,6116.522,-150.034,-33.249,0.836372,0.548161,-0.001346,-0.547962,0.836131,0.024952,0.014803,-0.020132,0.999688,0,0.72000,-0.22307,43.200,-0.446,-1,375.000,-1,375.000,-1,300.000,300.000,275.000,300.000,-1,400.000,525.000,-1,725.000,675.000,1000.000,-1,2,0,2,0,2,0,0,0,0,2,0,0,2,0,0,1,2
74,9733.979,6090.061,-149.070,-33.455,0.834397,0.551159,-0.002484,-0.550912,0.834143,0.026477,0.016665,-0.020724,0.999646,0,0.80000,-0.10307,48.000,-0.206,-1,375.000,-1,375.000,-1,325.000,300.000,275.000,300.000,-1,425.000,525.000,-1,750.000,700.000,975.000,-1,2,0,2,0,2,0,0,0,0,2,0,0,2,0,0,1,2
75,9778.048,6060.979,-148.004,-33.421,0.834725,0.550655,-0.003630,-0.550353,0.834453,0.028285,0.018605,-0.021612,0.999593,0,0.88000,0.01693,52.800,0.034,-1,400.000,-1,375.000,-1,325.000,300.000,275.000,300.000,-1,425.000,525.000,-1,750.000,700.000,925.000,-1,2,0,2,0,2,0,0,0,0,2,0,0,2,0,0,1,2
76,9826.275,6029.484,-146.854,-33.147,0.837351,0.546645,-0.004709,-0.546279,0.837052,0.030392,0.020556,-0.022876,0.999527,0,0.96000,0.13693,57.600,0.274,-1,400.000,-1,375.000,-1,325.000,325.000,275.000,300.000,-1,450.000,550.000,-1,750.000,725.000,875.000,-1,2,0,2,0,2,0,0,0,0,2,0,0,2,1,0,1,2
77,9876.239,5997.243,-145.675,-32.834,0.840332,0.542043,-0.005676,-0.541607,0.839997,0.032660,0.022470,-0.024371,0.999450,0,0.99105,0.15657,59.463,0.313,950.000,400.000,-1,375.000,-1,325.000,325.000,300.000,300.000,-1,475.000,575.000,-1,700.000,725.000,825.000,-1,1,0,2,0,2,0,0,0,0,2,0,0,2,1,0,1,2
78,9926.673,5965.073,-144.450,-32.533,0.843175,0.537601,-0.006314,-0.537094,0.842792,0.035095,0.024189,-0.026199,0.999364,0,0.99702,0.15037,59.821,0.301,875.000,400.000,-1,375.000,-1,325.000,325.000,300.000,300.000,-1,500.000,600.000,-1,675.000,750.000,775.000,-1,1,0,2,0,2,0,0,0,0,2,0,0,2,1,0,1,2
79,9977.423,5933.065,-143.136,-32.240,0.845932,0.533253,-0.006370,-0.532680,0.845475,0.037741,0.025512,-0.028533,0.999267,0,1.00000,0.14643,60.000,0.293,800.000,400.000,-1,400.000,-1,325.000,325.000,300.000,300.000,-1,525.000,625.000,-1,625.000,750.000,700.000,-1,1,0,2,0,2,0,0,0,0,2,0,0,2,1,0,1,2
80,10028.333,5901.314,-141.875,-31.951,0.848636,0.528939,-0.006370,-0.528301,0.848099,0.040337,0.026738,-0.030866,0.999166,0,1.00000,0.14470,60.000,0.289,725.000,400.000,-1,400.000,-1,325.000,325.000,300.000,300.000,-1,550.000,650.000,-1,600.000,775.000,650.000,-1,1,0,2,0,2,0,0,0,0,2,0,0,2,1,0,1,2
81,10079.403,5869.819,-140.769,-31.663,0.851298,0.524645,-0.006254,-0.523957,0.850689,0.042400,0.027565,-0.032818,0.999081,0,1.00000,0.14372,60.000,0.287,650.000,400.000,-1,400.000,-1,325.000,325.000,300.000,300.000,-1,575.000,675.000,-1,550.000,775.000,600.000,-1,1,0,2,0,2,0,0,0,0,2,0,0,2,1,0,1,2
82,10130.629,5838.580,-139.694,-31.376,0.853937,0.520340,-0.006088,-0.519603,0.853248,0.044510,0.028355,-0.034846,0.998990,0,1.00000,0.14354,60.000,0.287,575.000,400.000,-1,400.000,-1,325.000,325.000,300.000,300.000,-1,600.000,725.000,-1,525.000,775.000,525.000,-1,1,0,2,0,2,0,0,0,0,2,0,0,2,1,1,1,2
83,10182.012,5807.599,-138.201,-31.088,0.856550,0.516034,-0.005570,-0.515322,0.855847,0.044367,0.027662,-0.035132,0.999000,0,1.00000,0.14418,60.000,0.288,500.000,375.000,-1,400.000,-1,325.000,325.000,300.000,300.000,-1,675.000,800.000,-1,475.000,775.000,475.000,-1,1,1,2,0,2,0,0,0,0,2,0,0,2,1,1,1,2
84,10233.551,5776.880,-136.661,-30.797,0.859166,0.511674,-0.004927,-0.511002,0.858459,0.043871,0.026677,-0.035175,0.999025,0,1.00000,0.14569,60.000,0.291,425.000,350.000,-1,400.000,-1,325.000,325.000,300.000,300.000,-1,750.000,875.000,-1,425.000,750.000,425.000,-1,1,1,2,0,2,0,0,0,0,2,0,0,2,1,1,1,2
85,10285.249,5746.427,-135.144,-30.500,0.861802,0.507227,-0.004205,-0.506597,0.861091,0.043388,0.025628,-0.035261,0.999049,0,1.00000,0.14812,60.000,0.296,375.000,325.000,-1,400.000,-1,300.000,325.000,300.000,300.000,-1,825.000,950.000,-1,375.000,775.000,350.000,-1,1,1,2,0,2,1,0,0,0,2,0,0,2,1,1,1,2
86,10337.106,5716.249,-133.644,-30.197,0.864475,0.502664,-0.003400,-0.502078,0.863758,0.042881,0.024492,-0.035363,0.999074,0,1.00000,0.15151,60.000,0.303,300.000,275.000,-1,400.000,-1,275.000,325.000,300.000,300.000,-1,925.000,-1,-1,350.000,775.000,300.000,-1,1,1,2,0,2,1,1,0,0,2,0,2,2,1,0,1,2
87,10389.128,5686.353,-132.176,-29.885,0.867201,0.497952,-0.002524,-0.497413,0.866476,0.042428,0.023314,-0.035538,0.999096,0,1.00000,0.15592,60.000,0.312,250.000,250.000,-1,375.000,-1,250.000,300.000,300.000,300.000,-1,-1,-1,-1,300.000,775.000,250.000,-1,1,1,2,1,2,1,1,0,0,2,2,2,2,1,0,1,2
88,10441.315,5656.746,-127.729,-29.563,0.869740,0.493240,-0.016323,-0.492469,0.869578,0.036172,0.032036,-0.023422,0.999212,0,1.00000,0.16139,60.000,0.323,225.000,225.000,-1,375.000,-1,225.000,275.000,325.000,300.000,-1,925.000,1000.000,-1,300.000,825.000,200.000,-1,1,1,2,1,2,1,1,0,0,2,0,0,2,1,0,1,2
89,10493.677,5627.448,-121.384,-29.227,0.871804,0.488263,-0.039466,-0.487584,0.872690,0.025979,0.047126,-0.003405,0.998883,0,1.00000,0.16798,60.000,0.336,225.000,225.000,-1,375.000,-1,225.000,275.000,375.000,275.000,-1,675.000,450.000,-1,300.000,925.000,200.000,-1,1,1,2,1,2,1,1,1,0,2,0,0,2,1,0,1,2
90,10546.222,5598.478,-114.611,-28.875,0.873318,0.482819,-0.064823,-0.482957,0.875523,0.014568,0.063787,0.018584,0.997790,0,1.00000,0.17578,60.000,0.352,200.000,225.000,-1,400.000,-1,225.000,300.000,425.000,275.000,-1,400.000,200.000,975.000,300.000,-1,200.000,-1,1,1,2,1,2,1,1,1,0,2,0,0,0,1,2,1,2
91,10598.959,5569.855,-107.507,-28.505,0.874111,0.476802,-0.092678,-0.478723,0.877964,0.001710,0.082183,0.042872,0.995695,0,1.00000,0.18487,60.000,0.370,200.000,250.000,-1,450.000,-1,250.000,300.000,500.000,250.000,-1,300.000,100.000,600.000,325.000,-1,175.000,-1,1,1,2,1,2,1,1,1,0,2,0,0,0,1,2,1,2
92,-6887.284,-8199.149,135.451,-43.670,0.723010,0.690246,0.028583,-0.690709,0.723055,0.010602,-0.013349,-0.027408,0.999535,1,0.00000,0.00000,60.000,0.391,-1,400.000,-1,400.000,-1,325.000,325.000,300.000,325.000,-1,-1,-1,-1,875.000,850.000,-1,-1,2,0,2,0,2,0,0,0,0,2,2,2,2,0,0,2,2
93,-6883.826,-8202.478,135.393,-43.910,0.720108,0.693268,0.028697,-0.693732,0.720157,0.010487,-0.013396,-0.027460,0.999533,0,0.08000,-0.12000,4.800,-0.240,-1,400.000,-1,400.000,-1,325.000,325.000,300.000,325.000,-1,-1,-1,-1,875.000,850.000,-1,-1,2,0,2,0,2,0,0,0,0,2,2,2,2,0,0,2,2
94,-6876.966,-8209.193,135.279,-44.390,0.714268,0.699275,0.028920,-0.699743,0.714321,0.010256,-0.013487,-0.027562,0.999529,0,0.16000,-0.24000,9.600,-0.480,-1,400.000,-1,400.000,-1,325.000,325.000,300.000,325.000,-1,-1,-1,-1,875.000,850.000,-1,-1,2,0,2,0,2,0,0,0,0,2,2,2,2,0,0,2,2
95,-6866.803,-8219.395,135.113,-45.110,0.705413,0.708193,0.029248,-0.708666,0.705475,0.009905,-0.013620,-0.027714,0.999523,0,0.24000,-0.36000,14.400,-0.720,-1,400.000,-1,400.000,-1,325.000,325.000,300.000,325.000,-1,-1,-1,-1,875.000,850.000,-1,-1,2,0,2,0,2,0,0,0,0,2,2,2,2,0,0,2,2
96,-6853.482,-8233.223,134.883,-46.070,0.693435,0.719908,0.029683,-0.720389,0.693505,0.009521,-0.013731,-0.027986,0.999514,0,0.32000,-0.48000,19.200,-0.960,-1,400.000,-1,400.000,-1,325.000,325.000,300.000,325.000,-1,-1,-1,-1,875.000,850.000,-1,-1,2,0,2,0,2,0,0,0,0,2,2,2,2,0,0,2,2
97,-6837.164,-8250.822,134.556,-47.163,0.679568,0.732989,0.030250,-0.733484,0.679644,0.009285,-0.013753,-0.028498,0.999499,0,0.40000,-0.54624,24.000,-1.092,-1,400.000,-1,400.000,-1,325.000,325.000,300.000,325.000,-1,-1,-1,-1,875.000,850.000,-1,-1,2,0,2,0,2,0,0,0,0,2,2,2,2,0,0,2,2
98,-6817.988,-8272.310,134.177,-48.255,0.665450,0.745802,0.030921,-0.746313,0.665534,0.008982,-0.013880,-0.029054,0.999481,0,0.48000,-0.54624,28.800,-1.092,-1,400.000,-1,400.000,-1,325.000,325.000,300.000,325.000,-1,-1,-1,-1,875.000,850.000,-1,-1,2,0,2,0,2,0,0,0,0,2,2,2,2,0,0,2,2
99,-6796.099,-8297.801,133.683,-49.348,0.651095,0.758347,0.031386,-0.758869,0.651186,0.008604,-0.013913,-0.029420,0.999470,0,0.56000,-0.54624,33.600,-1.092,-1,400.000,-1,400.000,-1,325.000,325.000,300.000,325.000,-1,-1,-1,-1,875.000,850.000,-1,-1,2,0,2,0,2,0,0,0,0,2,2,2,2,0,0,2,2
100,-6771.642,-8327.406,133.120,-50.440,0.636502,0.770617,0.031841,-0.771148,0.636603,0.008178,-0.013968,-0.029760,0.999459,0,0.64000,-0.54624,38.400,-1.092,-1,400.000,-1,400.000,-1,325.000,325.000,300.000,325.000,-1,-1,-1,-1,875.000,850.000,-1,-1,2,0,2,0,2,0,0,0,0,2,2,2,2,0,0,2,2
101,-6744.769,-8361.230,132.501,-51.533,0.621676,0.782606,0.032345,-0.783148,0.621788,0.007716,-0.014073,-0.030128,0.999447,0,0.72000,-0.54624,43.200,-1.092,-1,400.000,-1,400.000,-1,325.000,325.000,300.000,325.000,-1,-1,-1,-1,875.000,850.000,-1,-1,2,0,2,0,2,0,0,0,0,2,2,2,2,0,0,2,2
102,-6715.631,-8399.375,131.832,-52.625,0.606622,0.794309,0.032907,-0.794863,0.606746,0.007228,-0.014225,-0.030541,0.999432,0,0.80000,-0.54624,48.000,-1.092,-1,400.000,-1,400.000,-1,325.000,325.000,300.000,325.000,-1,-1,-1,-1,875.000,850.000,-1,-1,2,0,2,0,2,0,0,0,0,2,2,2,2,0,0,2,2
103,-6684.385,-8441.937,131.116,-53.718,0.591345,0.805721,0.033539,-0.806290,0.591482,0.006724,-0.014420,-0.031019,0.999415,0,0.88000,-0.54624,52.800,-1.092,-1,400.000,-1,425.000,-1,325.000,325.000,300.000,325.000,-1,-1,-1,-1,875.000,875.000,-1,-1,2,0,2,0,2,0,0,0,0,2,2,2,2,0,0,2,2
104,-6653.263,-8486.073,130.128,-54.810,0.575836,0.816864,0.033845,-0.817420,0.576021,0.004971,-0.015435,-0.030528,0.999415,0,0.90009,-0.54624,54.005,-1.092,-1,400.000,-1,425.000,-1,325.000,325.000,300.000,300.000,-1,-1,-1,-1,875.000,850.000,-1,-1,2,0,2,0,2,0,0,0,0,2,2,2,2,0,0,2,2
105,-6625.849,-8526.934,129.172,-56.142,0.556640,0.830043,0.034344,-0.830591,0.556873,0.003239,-0.016436,-0.030329,0.999405,0,0.82009,-0.66624,49.205,-1.332,-1,400.000,-1,400.000,-1,325.000,325.000,300.000,300.000,-1,-1,-1,-1,875.000,850.000,-1,-1,2,0,2,0,2,0,0,0,0,2,2,2,2,0,0,2,2
106,-6602.131,-8564.474,128.292,-57.715,0.533605,0.845006,0.035065,-0.845557,0.533882,0.001695,-0.017288,-0.030554,0.999384,0,0.74009,-0.78624,44.405,-1.572,-1,400.000,-1,400.000,-1,325.000,325.000,300.000,300.000,-1,-1,-1,-1,875.000,850.000,-1,-1,2,0,2,0,2,0,0,0,0,2,2,2,2,0,0,2,2
107,-6581.504,-8599.529,127.533,-59.527,0.506571,0.861461,0.035646,-0.862014,0.506884,0.000303,-0.017807,-0.030881,0.999364,0,0.67788,-0.90624,40.673,-1.812,-1,400.000,-1,400.000,-1,325.000,325.000,300.000,300.000,-1,-1,-1,-1,850.000,850.000,-1,-1,2,0,2,0,2,0,0,0,0,2,2,2,2,0,0,2,2
108,-6562.010,-8635.226,126.789,-61.361,0.478705,0.877229,0.036195,-0.877787,0.479050,-0.000965,-0.018186,-0.031309,0.999344,0,0.67788,-0.91695,40.673,-1.834,-1,400.000,-1,400.000,-1,325.000,325.000,325.000,300.000,-1,-1,-1,-1,850.000,850.000,-1,-1,2,0,2,0,2,0,0,0,0,2,2,2,2,0,0,2,2
109,-6543.668,-8671.529,126.080,-63.195,0.450350,0.892098,0.036678,-0.892660,0.450725,-0.002203,-0.018497,-0.031749,0.999325,0,0.67788,-0.91695,40.673,-1.834,-1,400.000,-1,400.000,-1,325.000,325.000,325.000,300.000,-1,-1,-1,-1,850.000,850.000,-1,-1,2,0,2,0,2,0,0,0,0,2,2,2,2,0,0,2,2
110,-6526.497,-8708.400,125.259,-65.029,0.421513,0.906040,0.037673,-0.906620,0.421933,-0.003614,-0.019170,-0.032632,0.999284,0,0.67788,-0.91695,40.673,-1.834,-1,400.000,-1,400.000,-1,325.000,325.000,325.000,300.000,-1,-1,-1,-1,825.000,825.000,-1,-1,2,0,2,0,2,0,0,0,0,2,2,2,2,0,0,2,2
111,-6510.515,-8745.802,124.317,-66.863,0.392253,0.919059,0.038329,-0.919647,0.392713,-0.005023,-0.019669,-0.033279,0.999253,0,0.67788,-0.91695,40.673,-1.834,-1,400.000,-1,400.000,-1,325.000,325.000,325.000,300.000,-1,-1,-1,-1,825.000,825.000,-1,-1,2,0,2,0,2,0,0,0,0,2,2,2,2,0,0,2,2
112,-6495.738,-8783.695,123.430,-68.697,0.362593,0.931138,0.038841,-0.931730,0.363093,-0.006462,-0.020120,-0.033846,0.999225,0,0.67788,-0.91695,40.673,-1.834,-1,400.000,-1,400.000,-1,325.000,325.000,325.000,300.000,-1,-1,-1,-1,800.000,825.000,-1,-1,2,0,2,0,2,0,0,0,0,2,2,2,2,0,0,2,2
113,-6482.182,-8822.043,122.598,-70.531,0.332565,0.942265,0.039210,-0.942857,0.333104,-0.007924,-0.020528,-0.034334,0.999200,0,0.67788,-0.91695,40.673,-1.834,-1,400.000,-1,400.000,-1,325.000,325.000,325.000,300.000,-1,-1,-1,-1,800.000,825.000,-1,-1,2,0,2,0,2,0,0,0,0,2,2,2,2,0,0,2,2
114,-6469.859,-8860.804,121.821,-72.365,0.302199,0.952429,0.039437,-0.953016,0.302774,-0.009402,-0.020895,-0.034743,0.999178,0,0.67788,-0.91695,40.673,-1.834,-1,400.000,-1,400.000,-1,325.000,325.000,325.000,300.000,-1,-1,-1,-1,775.000,825.000,-1,-1,2,0,2,0,2,0,0,0,0,2,2,2,2,0,0,2,2
115,-6458.784,-8899.941,121.098,-74.199,0.271526,0.961619,0.039523,-0.962197,0.272136,-0.010888,-0.021226,-0.035073,0.999159,0,0.67788,-0.91695,40.673,-1.834,-1,400.000,-1,400.000,-1,325.000,325.000,325.000,300.000,-1,-1,-1,-1,775.000,825.000,-1,-1,2,0,2,0,2,0,0,0,0,2,2,2,2,0,0,2,2
116,-6448.966,-8939.411,120.430,-76.032,0.240577,0.969827,0.039470,-0.970391,0.241221,-0.012376,-0.021523,-0.035324,0.999144,0,0.67788,-0.91695,40.673,-1.834,-1,400.000,-1,400.000,-1,325.000,325.000,325.000,300.000,-1,-1,-1,-1,750.000,825.000,-1,-1,2,0,2,0,2,0,0,0,0,2,2,2,2,0,0,2,2
117,-6440.394,-8979.297,119.813,-77.871,0.209310,0.977060,0.039278,-0.977606,0.209984,-0.013864,-0.021793,-0.035497,0.999132,0,0.67993,-0.91916,40.796,-1.838,-1,400.000,-1,400.000,-1,325.000,325.000,325.000,300.000,-1,-1,-1,-1,750.000,825.000,-1,-1,2,0,2,0,2,0,0,0,0,2,2,2,2,0,0,2,2
118,-6433.079,-9019.609,119.214,-79.715,0.177730,0.983304,0.039066,-0.983835,0.178431,-0.015214,-0.021930,-0.035730,0.999121,0,0.68285,-0.92209,40.971,-1.844,-1,400.000,-1,400.000,-1,325.000,325.000,325.000,300.000,-1,-1,-1,-1,750.000,825.000,-1,-1,2,0,2,0,2,0,0,0,0,2,2,2,2,0,0,2,2
119,-6427.041,-9060.321,118.607,-81.565,0.145874,0.988537,0.038934,-0.989062,0.146594,-0.016336,-0.021856,-0.036125,0.999108,0,0.68594,-0.92492,41.156,-1.850,-1,375.000,-1,400.000,-1,325.000,325.000,325.000,325.000,-1,-1,-1,-1,750.000,825.000,-1,-1,2,0,2,0,2,0,0,0,0,2,2,2,2,0,0,2,2
120,-6422.303,-9101.400,118.053,-83.420,0.113772,0.992753,0.038685,-0.993268,0.114512,-0.017468,-0.021771,-0.036437,0.999099,0,0.68919,-0.92766,41.351,-1.855,-1,375.000,-1,400.000,-1,325.000,325.000,325.000,325.000,-1,-1,-1,-1,725.000,825.000,-1,-1,2,0,2,0,2,0,0,0,0,2,2,2,2,0,0,2,2
121,-6418.884,-9142.816,117.552,-85.281,0.081462,0.995940,0.038314,-0.996441,0.082218,-0.018609,-0.021683,-0.036662,0.999092,0,0.69262,-0.93029,41.557,-1.861,-1,375.000,-1,400.000,-1,325.000,325.000,325.000,325.000,-1,-1,-1,-1,725.000,825.000,-1,-1,2,0,2,0,2,0,0,0,0,2,2,2,2,0,0,2,2
122,-6416.804,-9184.538,116.919,-87.146,0.049010,0.998108,0.037116,-0.998574,0.049752,-0.019359,-0.021169,-0.036114,0.999123,0,0.69622,-0.93281,41.773,-1.866,-1,375.000,-1,400.000,-1,325.000,325.000,325.000,325.000,-1,-1,-1,-1,725.000,825.000,-1,-1,2,0,2,0,2,0,0,0,0,2,2,2,2,0,0,2,2
123,-6416.084,-9226.531,116.011,-89.017,0.016442,0.999212,0.036137,-0.999666,0.017148,-0.019331,-0.019936,-0.035807,0.999160,0,0.69999,-0.93522,41.999,-1.870,-1,375.000,-1,400.000,-1,325.000,325.000,325.000,325.000,-1,-1,-1,-1,725.000,825.000,-1,-1,2,0,2,0,2,0,0,0,0,2,2,2,2,0,0,2,2
124,-6416.742,-9268.762,115.136,-90.892,-0.016226,0.999249,0.035178,-0.999693,-0.015554,-0.019288,-0.018726,-0.035480,0.999195,0,0.70393,-0.93750,42.236,-1.875,-1,375.000,-1,400.000,-1,325.000,325.000,325.000,325.000,-1,-1,-1,-1,725.000,825.000,-1,-1,2,0,2,0,2,0,0,0,0,2,2,2,2,0,0,2,2
125,-6418.796,-9311.195,114.307,-92.771,-0.048955,0.998216,0.034180,-0.998646,-0.048316,-0.019283,-0.017597,-0.035078,0.999230,0,0.70804,-0.93965,42.483,-1.879,-1,375.000,-1,400.000,-1,325.000,325.000,325.000,300.000,-1,-1,-1,-1,750.000,850.000,-1,-1,2,0,2,0,2,0,0,0,0,2,2,2,2,0,0,2,2
126,-6422.729,-9358.314,113.441,-94.771,-0.083732,0.995941,0.033031,-0.996351,-0.083125,-0.019344,-0.016520,-0.034530,0.999267,0,0.78804,-1.00000,47.283,-2.000,-1,400.000,-1,400.000,-1,325.000,325.000,325.000,300.000,-1,-1,-1,-1,750.000,850.000,-1,-1,2,0,2,0,2,0,0,0,0,2,2,2,2,0,0,2,2
127,-6428.870,-9410.034,112.542,-96.771,-0.118413,0.992458,0.031719,-0.992842,-0.117836,-0.019507,-0.015622,-0.033802,0.999306,0,0.86804,-1.00000,52.083,-2.000,-1,400.000,-1,400.000,-1,325.000,325.000,325.000,300.000,-1,-1,-1,-1,750.000,825.000,-1,-1,2,0,2,0,2,0,0,0,0,2,2,2,2,0,1,2,2
128,-6437.544,-9466.251,111.612,-98.771,-0.152956,0.987770,0.030238,-0.988120,-0.152405,-0.019792,-0.014941,-0.032906,0.999347,0,0.94804,-1.00000,56.883,-2.000,-1,400.000,-1,400.000,-1,325.000,325.000,325.000,300.000,-1,-1,-1,-1,750.000,800.000,-1,-1,2,0,2,0,2,0,0,0,0,2,2,2,2,0,1,2,2
129,-6448.758,-9525.195,110.623,-100.771,-0.187329,0.981874,0.028817,-0.982188,-0.186789,-0.020423,-0.014670,-0.032129,0.999376,0,1.00000,-1.00000,60.000,-2.000,-1,400.000,-1,425.000,975.000,325.000,325.000,325.000,300.000,-1,-1,-1,-1,750.000,775.000,-1,-1,2,0,2,0,1,0,0,0,0,2,2,2,2,0,1,2,2
130,-6462.022,-9583.710,109.628,-102.771,-0.221486,0.974777,0.027476,-0.975052,-0.220947,-0.021343,-0.014734,-0.031518,0.999395,0,1.00000,-1.00000,60.000,-2.000,-1,400.000,-1,425.000,925.000,325.000,325.000,300.000,300.000,-1,-1,-1,-1,750.000,750.000,-1,950.000,2,0,2,0,1,0,0,0,0,2,2,2,2,0,1,2,1
131,-6477.319,-9641.728,108.673,-104.771,-0.255376,0.966491,0.026025,-0.966726,-0.254836,-0.022347,-0.014966,-0.030866,0.999411,0,1.00000,-1.00000,60.000,-2.000,-1,400.000,-1,400.000,875.000,325.000,325.000,300.000,300.000,-1,-1,-1,-1,750.000,700.000,-1,875.000,2,0,2,0,1,0,0,0,0,2,2,2,2,0,1,2,1
132,-6494.633,-9699.176,107.755,-106.771,-0.288959,0.957029,0.024457,-0.957218,-0.288417,-0.023428,-0.015368,-0.030180,0.999426,0,1.00000,-1.00000,60.000,-2.000,-1,400.000,-1,400.000,825.000,325.000,325.000,300.000,300.000,-1,-1,-1,-1,775.000,675.000,-1,800.000,2,0,2,0,1,0,0,0,0,2,2,2,2,0,1,2,1
133,-6513.940,-9755.985,106.861,-108.771,-0.322192,0.946400,0.022803,-0.946541,-0.321648,-0.024565,-0.015914,-0.029498,0.999438,0,1.00000,-1.00000,60.000,-2.000,-1,400.000,-1,400.000,775.000,325.000,325.000,300.000,300.000,-1,-1,-1,-1,750.000,625.000,-1,750.000,2,0,2,1,1,0,0,0,0,2,2,2,2,1,1,2,1
134,-6535.219,-9812.085,105.982,-110.771,-0.355033,0.934616,0.021108,-0.934708,-0.354488,-0.025680,-0.016519,-0.028847,0.999447,0,1.00000,-1.00000,60.000,-2.000,-1,400.000,-1,400.000,725.000,325.000,325.000,300.000,300.000,-1,-1,-1,-1,725.000,600.000,-1,675.000,2,0,2,1,1,0,0,0,0,2,2,2,2,1,1,2,1
