timestep,x_cm,y_cm,z_cm,yaw_deg,basis_xx,basis_xy,basis_xz,basis_yx,basis_yy,basis_yz,basis_zx,basis_zy,basis_zz,teleport_flag,throttle_cmd,steering_cmd,cmd_move_cm,cmd_turn_deg,lidar_cm_0,lidar_cm_1,lidar_cm_2,lidar_cm_3,lidar_cm_4,lidar_cm_5,lidar_cm_6,lidar_cm_7,lidar_cm_8,lidar_cm_9,lidar_cm_10,lidar_cm_11,lidar_cm_12,lidar_cm_13,lidar_cm_14,lidar_cm_15,lidar_cm_16,lidar_class_0,lidar_class_1,lidar_class_2,lidar_class_3,lidar_class_4,lidar_class_5,lidar_class_6,lidar_class_7,lidar_class_8,lidar_class_9,lidar_class_10,lidar_class_11,lidar_class_12,lidar_class_13,lidar_class_14,lidar_class_15,lidar_class_16
0,2951.695,4263.560,-25.524,-2.011,0.999206,0.035086,-0.018872,-0.034762,0.999247,0.017210,0.019461,-0.016540,0.999674,1,0.00000,0.00000,4.800,0.240,-1,400.000,-1,400.000,-1,325.000,325.000,300.000,300.000,-1,-1,-1,-1,750.000,725.000,-1,-1,2,0,2,0,2,0,0,0,0,2,2,2,2,0,0,2,2
1,2946.899,4263.749,-25.618,-2.251,0.999051,0.039271,-0.018835,-0.038949,0.999094,0.017166,0.019492,-0.016417,0.999675,0,-0.08000,-0.12000,-4.800,-0.240,-1,400.000,-1,400.000,-1,325.000,325.000,300.000,300.000,-1,-1,-1,-1,750.000,725.000,-1,-1,2,0,2,0,2,0,0,0,0,2,2,2,2,0,0,2,2
2,2937.310,4264.206,-25.807,-2.731,0.998688,0.047640,-0.018761,-0.047321,0.998734,0.017075,0.019551,-0.016165,0.999678,0,-0.16000,-0.24000,-9.600,-0.480,-1,400.000,-1,400.000,-1,325.000,325.000,300.000,300.000,-1,-1,-1,-1,750.000,725.000,-1,-1,2,0,2,0,2,0,0,0,0,2,2,2,2,0,0,2,2
3,2922.936,4265.073,-26.094,-3.451,0.998013,0.060186,-0.018652,-0.059873,0.998062,0.016927,0.019634,-0.015777,0.999683,0,-0.24000,-0.36000,-14.400,-0.720,-1,400.000,-1,400.000,-1,325.000,325.000,300.000,300.000,-1,-1,-1,-1,750.000,725.000,-1,-1,2,0,2,0,2,0,0,0,0,2,2,2,2,0,0,2,2
4,2903.793,4266.549,-26.483,-4.411,0.996867,0.076901,-0.018510,-0.076595,0.996922,0.016709,0.019738,-0.015239,0.999689,0,-0.32000,-0.48000,-19.200,-0.960,-1,400.000,-1,400.000,-1,325.000,325.000,300.000,300.000,-1,-1,-1,-1,750.000,725.000,-1,-1,2,0,2,0,2,0,0,0,0,2,2,2,2,0,0,2,2
5,2879.908,4268.896,-26.979,-5.611,0.995041,0.097763,-0.018339,-0.097466,0.995104,0.016404,0.019853,-0.014536,0.999697,0,-0.40000,-0.60000,-24.000,-1.200,-1,400.000,-1,375.000,-1,325.000,325.000,300.000,300.000,-1,-1,-1,-1,750.000,725.000,-1,-1,2,0,2,0,2,0,0,0,0,2,2,2,2,0,0,2,2
6,2851.326,4272.431,-27.587,-7.051,0.992273,0.122740,-0.018147,-0.122457,0.992345,0.015991,0.019971,-0.013645,0.999707,0,-0.48000,-0.72000,-28.800,-1.440,-1,400.000,-1,375.000,-1,325.000,325.000,300.000,300.000,-1,-1,-1,-1,750.000,725.000,-1,-1,2,0,2,0,2,0,0,0,0,2,2,2,2,0,0,2,2
7,2820.695,4277.135,-28.257,-8.731,0.988251,0.151783,-0.017968,-0.151514,0.988334,0.015483,0.020108,-0.012579,0.999719,0,-0.51650,-0.84000,-30.990,-1.680,-1,400.000,-1,375.000,-1,325.000,325.000,300.000,300.000,-1,975.000,-1,-1,750.000,725.000,-1,-1,2,0,2,0,2,0,0,0,0,2,0,2,2,0,0,2,2
8,2790.215,4282.738,-28.942,-10.417,0.983357,0.180807,-0.017815,-0.180554,0.983452,0.014915,0.020217,-0.011450,0.999730,0,-0.51650,-0.84325,-30.990,-1.686,-1,400.000,-1,375.000,-1,325.000,325.000,300.000,300.000,-1,900.000,-1,-1,750.000,725.000,-1,-1,2,0,2,0,2,0,0,0,0,2,0,2,2,0,0,2,2
9,2759.914,4289.237,-29.643,-12.104,0.977611,0.209674,-0.017693,-0.209439,0.977717,0.014288,0.020295,-0.010263,0.999741,0,-0.51650,-0.84325,-30.990,-1.686,-1,400.000,-1,375.000,-1,325.000,325.000,300.000,300.000,-1,850.000,1000.000,-1,750.000,725.000,-1,-1,2,0,2,0,2,0,0,0,0,2,0,0,2,0,0,2,2
10,2729.817,4296.624,-30.357,-13.790,0.971017,0.238361,-0.017607,-0.238144,0.971135,0.013604,0.020341,-0.009016,0.999752,0,-0.51650,-0.84325,-30.990,-1.686,-1,400.000,-1,375.000,-1,325.000,325.000,300.000,300.000,-1,800.000,950.000,-1,750.000,725.000,-1,-1,2,0,2,0,2,0,0,0,0,2,0,0,2,0,0,2,2
11,2699.950,4304.893,-31.080,-15.477,0.963580,0.266842,-0.017569,-0.266643,0.963709,0.012881,0.020369,-0.007727,0.999763,0,-0.51650,-0.84325,-30.990,-1.686,-1,400.000,-1,375.000,-1,325.000,325.000,300.000,300.000,-1,750.000,875.000,-1,750.000,700.000,-1,-1,2,0,2,0,2,0,0,0,0,2,0,0,2,0,0,2,2
12,2670.340,4314.038,-31.770,-17.163,0.955307,0.295091,-0.017620,-0.294908,0.955447,0.012298,0.020464,-0.006552,0.999769,0,-0.51650,-0.84325,-30.990,-1.686,-1,400.000,-1,375.000,-1,325.000,325.000,300.000,300.000,-1,675.000,800.000,-1,750.000,700.000,-1,-1,2,0,2,0,2,0,0,0,0,2,0,0,2,0,0,2,2
13,2641.012,4324.051,-32.413,-18.850,0.946209,0.323085,-0.017482,-0.322916,0.946354,0.011810,0.020360,-0.005530,0.999777,0,-0.51650,-0.84325,-30.990,-1.686,-1,400.000,-1,375.000,-1,325.000,325.000,300.000,300.000,-1,650.000,750.000,-1,750.000,700.000,-1,-1,2,0,2,0,2,0,0,0,0,2,0,0,2,0,0,2,2
14,2611.991,4334.922,-33.066,-20.536,0.936290,0.350798,-0.017371,-0.350646,0.936440,0.011268,0.020219,-0.004459,0.999786,0,-0.51650,-0.84325,-30.990,-1.686,-1,400.000,-1,375.000,-1,325.000,325.000,300.000,300.000,-1,625.000,725.000,-1,750.000,700.000,-1,-1,2,0,2,0,2,0,0,0,0,2,0,0,2,0,0,2,2
15,2583.303,4346.643,-33.726,-22.223,0.925559,0.378208,-0.017291,-0.378072,0.925715,0.010673,0.020043,-0.003341,0.999794,0,-0.51650,-0.84325,-30.990,-1.686,-1,400.000,-1,375.000,-1,325.000,325.000,300.000,300.000,-1,575.000,675.000,-1,750.000,700.000,-1,-1,2,0,2,0,2,0,0,0,0,2,0,0,2,0,0,2,2
16,2554.972,4359.203,-34.381,-23.909,0.914026,0.405290,-0.017196,-0.405171,0.914186,0.010053,0.019795,-0.002221,0.999802,0,-0.51650,-0.84325,-30.990,-1.686,-1,400.000,-1,375.000,-1,325.000,325.000,300.000,300.000,1000.000,550.000,625.000,-1,750.000,700.000,-1,-1,2,0,2,0,2,0,0,0,0,0,0,0,2,0,0,2,2
17,2527.023,4372.592,-34.808,-25.596,0.901716,0.432020,-0.016372,-0.431913,0.901863,0.009755,0.018979,-0.001725,0.999818,0,-0.51650,-0.84325,-30.990,-1.686,-1,400.000,-1,375.000,-1,325.000,325.000,300.000,300.000,975.000,550.000,625.000,-1,750.000,700.000,-1,-1,2,0,2,0,2,0,0,0,0,0,0,0,2,0,0,2,2
18,2499.480,4386.797,-35.217,-27.282,0.888622,0.458375,-0.015614,-0.458281,0.888758,0.009344,0.018160,-0.001147,0.999834,0,-0.51650,-0.84325,-30.990,-1.686,-1,400.000,-1,375.000,-1,325.000,325.000,300.000,300.000,975.000,550.000,625.000,-1,750.000,700.000,-1,-1,2,0,2,0,2,0,0,0,0,0,0,0,2,0,0,2,2
19,2472.367,4401.807,-35.622,-28.969,0.874757,0.484334,-0.014854,-0.484253,0.874883,0.008857,0.017285,-0.000555,0.999850,0,-0.51650,-0.84325,-30.990,-1.686,-1,400.000,-1,375.000,-1,325.000,325.000,300.000,300.000,950.000,575.000,625.000,-1,750.000,700.000,-1,-1,2,0,2,0,2,0,0,0,0,0,0,0,2,0,0,2,2
20,2445.708,4417.608,-36.024,-30.655,0.860135,0.509872,-0.014098,-0.509805,0.860250,0.008296,0.016357,0.000051,0.999866,0,-0.51650,-0.84325,-30.990,-1.686,-1,400.000,-1,375.000,-1,325.000,325.000,300.000,300.000,925.000,550.000,650.000,-1,750.000,675.000,-1,-1,2,0,2,0,2,0,0,0,0,0,0,0,2,0,0,2,2
21,2419.525,4434.187,-36.417,-32.342,0.844766,0.534969,-0.013349,-0.534915,0.844871,0.007640,0.015365,0.000687,0.999882,0,-0.51650,-0.84325,-30.990,-1.686,-1,400.000,-1,375.000,-1,325.000,325.000,300.000,300.000,925.000,500.000,650.000,-1,725.000,675.000,-1,-1,2,0,2,0,2,0,0,0,0,0,0,0,2,0,0,2,2
22,2393.841,4451.529,-36.785,-34.028,0.828666,0.559602,-0.012608,-0.559562,0.828760,0.006800,0.014254,0.001421,0.999897,0,-0.51650,-0.84325,-30.990,-1.686,-1,400.000,-1,375.000,-1,325.000,300.000,300.000,300.000,900.000,475.000,625.000,-1,725.000,675.000,-1,-1,2,0,2,0,2,0,0,0,0,0,0,0,2,0,0,2,2
23,2368.679,4469.619,-37.148,-35.715,0.811847,0.583749,-0.011898,-0.583724,0.811931,0.005892,0.013099,0.002162,0.999912,0,-0.51650,-0.84325,-30.990,-1.686,-1,400.000,-1,375.000,-1,325.000,300.000,300.000,300.000,900.000,425.000,575.000,-1,725.000,675.000,-1,-1,2,0,2,0,2,0,0,0,0,0,0,0,2,0,0,2,2
24,2344.061,4488.443,-37.507,-37.401,0.794324,0.607391,-0.011223,-0.607378,0.794398,0.004917,0.011902,0.002911,0.999925,0,-0.51650,-0.84325,-30.990,-1.686,-1,400.000,-1,375.000,-1,325.000,300.000,300.000,300.000,875.000,400.000,525.000,-1,725.000,675.000,-1,-1,2,0,2,0,2,0,0,0,0,0,0,0,2,0,0,2,2
25,2320.007,4507.982,-37.861,-39.088,0.776112,0.630506,-0.010589,-0.630505,0.776176,0.003879,0.010665,0.003666,0.999936,0,-0.51650,-0.84325,-30.990,-1.686,-1,400.000,-1,375.000,-1,325.000,300.000,300.000,300.000,875.000,350.000,500.000,-1,725.000,675.000,-1,-1,2,0,2,0,2,0,0,0,0,0,0,0,2,0,0,2,2
26,2296.538,4528.222,-37.796,-40.774,0.757232,0.653068,-0.010084,-0.653097,0.757274,0.000637,0.008052,0.006103,0.999949,0,-0.51650,-0.84325,-30.990,-1.686,-1,400.000,-1,375.000,-1,325.000,300.000,300.000,300.000,875.000,350.000,475.000,-1,700.000,650.000,-1,-1,2,0,2,0,2,0,0,0,0,0,0,0,2,0,0,2,2
27,2273.676,4549.143,-37.718,-42.461,0.737698,0.675060,-0.009759,-0.675109,0.737713,-0.002699,0.005377,0.008579,0.999949,0,-0.51650,-0.84325,-30.990,-1.686,-1,375.000,-1,375.000,-1,325.000,300.000,300.000,300.000,900.000,325.000,450.000,-1,700.000,650.000,-1,-1,2,0,2,0,2,0,0,0,0,0,0,0,2,0,0,2,2
28,2251.439,4570.728,-37.629,-44.147,0.717529,0.696462,-0.009622,-0.696523,0.717508,-0.006101,0.002655,0.011079,0.999935,0,-0.51650,-0.84325,-30.990,-1.686,-1,375.000,-1,375.000,-1,325.000,300.000,325.000,300.000,925.000,325.000,425.000,-1,700.000,650.000,-1,-1,2,0,2,0,2,0,0,0,0,0,0,0,2,0,0,2,2
29,2229.847,4592.958,-37.501,-45.834,0.696743,0.717256,-0.009662,-0.717321,0.696679,-0.009422,-0.000027,0.013496,0.999909,0,-0.51650,-0.84325,-30.990,-1.686,-1,375.000,-1,350.000,-1,300.000,300.000,325.000,300.000,950.000,300.000,400.000,-1,700.000,625.000,-1,-1,2,0,2,0,2,0,0,0,0,0,0,0,2,0,0,2,2
30,2212.079,4612.200,-37.357,-47.280,0.678437,0.734593,-0.009827,-0.734655,0.678332,-0.012120,-0.002237,0.015442,0.999878,0,-0.43650,-0.72325,-26.190,-1.446,-1,375.000,-1,350.000,-1,300.000,300.000,325.000,300.000,975.000,300.000,400.000,-1,700.000,625.000,-1,-1,2,0,2,0,2,0,0,0,0,0,0,0,2,0,0,2,2
31,2197.902,4628.217,-37.233,-48.487,0.662840,0.748693,-0.010064,-0.748750,0.662698,-0.014332,-0.004061,0.017036,0.999847,0,-0.35650,-0.60325,-21.390,-1.206,-1,375.000,-1,350.000,-1,300.000,300.000,325.000,300.000,975.000,300.000,375.000,-1,675.000,625.000,-1,-1,2,0,2,0,2,0,0,0,0,0,0,0,2,0,0,2,2
32,2187.117,4640.824,-37.133,-49.453,0.650135,0.759748,-0.010318,-0.759799,0.649960,-0.016050,-0.005487,0.018274,0.999818,0,-0.27650,-0.48325,-16.590,-0.966,-1,375.000,-1,350.000,-1,300.000,300.000,325.000,300.000,1000.000,275.000,375.000,-1,675.000,625.000,-1,-1,2,0,2,0,2,0,0,0,0,0,0,0,2,0,0,2,2
33,2179.567,4649.879,-37.061,-50.180,0.640464,0.767916,-0.010542,-0.767960,0.640264,-0.017267,-0.006510,0.019155,0.999795,0,-0.19650,-0.36325,-11.790,-0.726,-1,375.000,-1,350.000,-1,300.000,300.000,325.000,300.000,-1,275.000,350.000,-1,675.000,625.000,-1,-1,2,0,2,0,2,0,0,0,0,2,0,0,2,0,0,2,2
34,2175.136,4655.286,-37.017,-50.666,0.633930,0.773317,-0.010702,-0.773358,0.633715,-0.017982,-0.007124,0.019676,0.999781,0,-0.11650,-0.24325,-6.990,-0.486,-1,375.000,-1,350.000,-1,300.000,300.000,325.000,300.000,-1,275.000,350.000,-1,675.000,600.000,-1,-1,2,0,2,0,2,0,0,0,0,2,0,0,2,0,0,2,2
35,2173.756,4656.986,-37.004,-50.913,0.630600,0.776033,-0.010777,-0.776073,0.630380,-0.018196,-0.007327,0.019838,0.999776,0,-0.03650,-0.12325,-2.190,-0.246,-1,375.000,-1,350.000,-1,300.000,300.000,325.000,300.000,-1,275.000,350.000,-1,675.000,600.000,-1,-1,2,0,2,0,2,0,0,0,0,2,0,0,2,0,0,2,2
36,2175.401,4654.960,-37.020,-50.919,0.630509,0.776108,-0.010757,-0.776149,0.630295,-0.017908,-0.007119,0.019640,0.999782,0,0.04350,-0.00325,2.610,-0.006,-1,375.000,-1,350.000,-1,300.000,300.000,325.000,300.000,-1,275.000,350.000,-1,675.000,600.000,-1,-1,2,0,2,0,2,0,0,0,0,2,0,0,2,0,0,2,2
37,2180.095,4649.227,-37.066,-50.686,0.633657,0.773541,-0.010647,-0.773587,0.633459,-0.017122,-0.006500,0.019085,0.999797,0,0.12350,0.11675,7.410,0.234,-1,375.000,-1,350.000,-1,300.000,300.000,325.000,300.000,-1,275.000,350.000,-1,675.000,625.000,-1,-1,2,0,2,0,2,0,0,0,0,2,0,0,2,0,0,2,2
38,2187.909,4639.845,-37.139,-50.212,0.640014,0.768292,-0.010462,-0.768344,0.639841,-0.015838,-0.005474,0.018175,0.999820,0,0.20350,0.23675,12.210,0.474,-1,375.000,-1,350.000,-1,300.000,300.000,325.000,300.000,1000.000,275.000,350.000,-1,675.000,625.000,-1,-1,2,0,2,0,2,0,0,0,0,0,0,0,2,0,0,2,2
39,2192.674,4634.171,-37.182,-49.979,0.643131,0.765686,-0.010370,-0.765741,0.642973,-0.015053,-0.004858,0.017622,0.999833,0,0.12350,0.11675,7.410,0.234,-1,375.000,-1,350.000,-1,300.000,300.000,325.000,300.000,1000.000,275.000,350.000,-1,675.000,625.000,-1,-1,2,0,2,0,2,0,0,0,0,0,0,0,2,0,0,2,2
40,2194.353,4632.173,-37.198,-49.959,0.643386,0.765472,-0.010351,-0.765528,0.643234,-0.014770,-0.004648,0.017426,0.999837,0,0.04350,0.00966,2.610,0.019,-1,375.000,-1,350.000,-1,300.000,300.000,325.000,300.000,1000.000,275.000,350.000,-1,675.000,625.000,-1,-1,2,0,2,0,2,0,0,0,0,0,0,0,2,0,0,2,2
41,2192.943,4633.849,-37.185,-49.940,0.643647,0.765253,-0.010361,-0.765308,0.643490,-0.015011,-0.004820,0.017591,0.999834,0,-0.03650,0.00966,-2.190,0.019,-1,375.000,-1,350.000,-1,300.000,300.000,325.000,300.000,1000.000,275.000,350.000,-1,675.000,625.000,-1,-1,2,0,2,0,2,0,0,0,0,0,0,0,2,0,0,2,2
42,2188.442,4639.198,-37.144,-49.921,0.643912,0.765029,-0.010399,-0.765080,0.643742,-0.015774,-0.005373,0.018114,0.999821,0,-0.11650,0.00966,-6.990,0.019,-1,375.000,-1,350.000,-1,300.000,300.000,325.000,300.000,1000.000,275.000,350.000,-1,675.000,625.000,-1,-1,2,0,2,0,2,0,0,0,0,0,0,0,2,0,0,2,2
43,2180.848,4648.217,-37.075,-49.901,0.644184,0.764799,-0.010466,-0.764845,0.643989,-0.017060,-0.006307,0.018994,0.999800,0,-0.19650,0.00966,-11.790,0.019,-1,375.000,-1,350.000,-1,300.000,300.000,325.000,300.000,1000.000,275.000,350.000,-1,675.000,625.000,-1,-1,2,0,2,0,2,0,0,0,0,0,0,0,2,0,0,2,2
44,2170.158,4660.904,-36.976,-49.882,0.644462,0.764563,-0.010560,-0.764598,0.644231,-0.018864,-0.007619,0.020231,0.999766,0,-0.27650,0.00966,-16.590,0.019,-1,375.000,-1,350.000,-1,300.000,300.000,325.000,300.000,-1,275.000,350.000,-1,675.000,600.000,-1,-1,2,0,2,0,2,0,0,0,0,2,0,0,2,0,0,2,2
45,2156.370,4677.257,-36.781,-49.863,0.644744,0.764325,-0.010620,-0.764344,0.644470,-0.020884,-0.009118,0.021583,0.999725,0,-0.35650,0.00966,-21.390,0.019,-1,375.000,-1,350.000,-1,300.000,300.000,325.000,300.000,-1,275.000,350.000,-1,675.000,600.000,-1,-1,2,0,2,0,2,0,0,0,0,2,0,0,2,0,0,2,2
46,2140.073,4696.571,-36.452,-49.843,0.645027,0.764086,-0.010603,-0.764086,0.644710,-0.022825,-0.010605,0.022825,0.999683,0,-0.42119,0.00966,-25.271,0.019,-1,375.000,-1,350.000,-1,300.000,300.000,325.000,300.000,-1,275.000,350.000,-1,675.000,600.000,-1,-1,2,0,2,0,2,0,0,0,0,2,0,0,2,0,0,2,2
47,2123.770,4715.881,-36.118,-49.824,0.645311,0.763847,-0.010584,-0.763824,0.644949,-0.024758,-0.012085,0.024061,0.999637,0,-0.42119,0.00966,-25.271,0.019,-1,375.000,-1,350.000,-1,300.000,300.000,325.000,300.000,-1,275.000,350.000,-1,675.000,600.000,-1,-1,2,0,2,0,2,0,0,0,0,2,0,0,2,0,0,2,2
48,2107.460,4735.184,-35.780,-49.805,0.645596,0.763606,-0.010562,-0.763559,0.645187,-0.026682,-0.013560,0.025290,0.999588,0,-0.42119,0.00966,-25.271,0.019,-1,375.000,-1,350.000,975.000,300.000,300.000,325.000,300.000,-1,250.000,350.000,-1,675.000,600.000,-1,1000.000,2,0,2,0,0,0,0,0,0,2,0,0,2,0,0,2,0
49,2091.144,4754.482,-35.436,-49.786,0.645882,0.763364,-0.010537,-0.763289,0.645424,-0.028597,-0.015029,0.026513,0.999535,0,-0.42119,0.00966,-25.271,0.019,-1,375.000,-1,350.000,950.000,300.000,300.000,325.000,300.000,-1,250.000,325.000,-1,700.000,600.000,-1,975.000,2,0,2,0,0,0,0,0,0,2,0,0,2,0,0,2,0
50,2074.821,4773.775,-35.087,-49.766,0.646169,0.763122,-0.010510,-0.763016,0.645660,-0.030504,-0.016492,0.027730,0.999479,0,-0.42119,0.00966,-25.271,0.019,-1,375.000,-1,350.000,900.000,300.000,300.000,325.000,300.000,-1,250.000,325.000,-1,700.000,600.000,-1,950.000,2,0,2,0,0,0,0,0,0,2,0,0,2,0,0,2,0
51,2058.492,4793.062,-34.734,-49.747,0.646458,0.762878,-0.010481,-0.762739,0.645895,-0.032402,-0.017949,0.028940,0.999420,0,-0.42119,0.00966,-25.271,0.019,-1,375.000,-1,350.000,875.000,300.000,300.000,325.000,300.000,-1,250.000,325.000,-1,700.000,600.000,-1,925.000,2,0,2,0,0,0,0,0,0,2,0,0,2,0,0,2,0
52,2042.156,4812.344,-34.375,-49.728,0.646747,0.762633,-0.010449,-0.762458,0.646129,-0.034291,-0.019400,0.030144,0.999357,0,-0.42119,0.00966,-25.271,0.019,-1,375.000,-1,350.000,875.000,300.000,300.000,300.000,300.000,-1,225.000,325.000,-1,700.000,600.000,-1,900.000,2,0,2,0,0,0,0,0,0,2,0,0,2,0,0,2,0
53,2025.814,4831.620,-34.014,-49.708,0.647038,0.762387,-0.010426,-0.762173,0.646362,-0.036172,-0.020838,0.031352,0.999291,0,-0.42119,0.00966,-25.271,0.019,-1,375.000,-1,350.000,850.000,300.000,300.000,300.000,300.000,-1,225.000,300.000,-1,700.000,600.000,-1,900.000,2,0,2,0,0,0,0,0,0,2,0,0,2,0,0,2,0
54,2009.465,4850.890,-33.333,-49.689,0.647318,0.762168,-0.008921,-0.761867,0.646618,-0.037999,-0.023194,0.031394,0.999238,0,-0.42119,0.00966,-25.271,0.019,-1,375.000,-1,350.000,825.000,300.000,300.000,300.000,300.000,-1,250.000,325.000,-1,675.000,600.000,-1,875.000,2,0,2,0,0,0,0,0,0,2,0,0,2,0,0,2,0
55,1993.110,4870.155,-32.607,-49.670,0.647593,0.761952,-0.007225,-0.761555,0.646877,-0.039810,-0.025660,0.031283,0.999181,0,-0.42119,0.00966,-25.271,0.019,-1,375.000,-1,350.000,825.000,300.000,300.000,300.000,300.000,-1,250.000,350.000,-1,675.000,600.000,-1,875.000,2,0,2,0,0,0,0,0,0,2,0,0,2,0,0,2,0
56,1976.748,4889.414,-31.878,-49.650,0.647863,0.761737,-0.005537,-0.761238,0.647136,-0.041612,-0.028114,0.031174,0.999119,0,-0.42119,0.00966,-25.271,0.019,-1,375.000,-1,350.000,825.000,300.000,300.000,300.000,300.000,-1,275.000,375.000,-1,675.000,600.000,-1,850.000,2,0,2,0,0,0,0,0,0,2,0,0,2,0,0,2,0
57,1960.379,4908.668,-31.146,-49.631,0.648128,0.761521,-0.003857,-0.760918,0.647395,-0.043403,-0.030555,0.031066,0.999050,0,-0.42119,0.00966,-25.271,0.019,-1,375.000,-1,350.000,800.000,300.000,300.000,300.000,300.000,-1,300.000,400.000,-1,675.000,575.000,-1,850.000,2,0,2,0,0,0,0,0,0,2,0,0,2,0,0,2,0
58,1944.004,4927.916,-30.412,-49.612,0.648389,0.761306,-0.002185,-0.760594,0.647654,-0.045185,-0.032984,0.030959,0.998976,0,-0.42119,0.00966,-25.271,0.019,-1,375.000,-1,350.000,800.000,300.000,300.000,300.000,300.000,-1,325.000,450.000,-1,650.000,575.000,-1,825.000,2,0,2,0,0,0,0,0,0,2,0,0,2,0,0,2,0
59,1927.623,4947.159,-29.675,-49.592,0.648646,0.761090,-0.000520,-0.760266,0.647912,-0.046956,-0.035401,0.030854,0.998897,0,-0.42119,0.00966,-25.271,0.019,-1,375.000,-1,350.000,775.000,300.000,300.000,300.000,300.000,-1,350.000,500.000,-1,650.000,575.000,-1,825.000,2,0,2,0,0,0,0,0,0,2,0,0,2,0,0,2,0
60,1911.235,4966.396,-28.934,-49.573,0.648899,0.760874,0.001136,-0.759935,0.648171,-0.048718,-0.037805,0.030750,0.998812,0,-0.42119,0.00966,-25.271,0.019,-1,375.000,-1,350.000,775.000,300.000,300.000,300.000,300.000,-1,400.000,550.000,-1,650.000,575.000,-1,800.000,2,0,2,0,0,0,0,0,0,2,0,0,2,0,0,2,0
61,1894.840,4985.627,-28.191,-49.554,0.649147,0.760658,0.002785,-0.759600,0.648429,-0.050470,-0.040196,0.030647,0.998722,0,-0.42119,0.00966,-25.271,0.019,-1,375.000,-1,350.000,775.000,300.000,300.000,300.000,300.000,-1,425.000,575.000,-1,650.000,575.000,-1,800.000,2,0,2,0,0,0,0,0,0,2,0,0,2,0,0,2,0
62,1878.440,5004.854,-27.197,-49.534,0.649427,0.760417,0.003119,-0.759276,0.648667,-0.052252,-0.041756,0.031566,0.998629,0,-0.42119,0.00966,-25.271,0.019,-1,375.000,-1,350.000,775.000,300.000,300.000,300.000,300.000,-1,425.000,575.000,-1,650.000,575.000,-1,800.000,2,0,2,0,0,0,0,0,0,2,0,0,2,0,0,2,0
63,1865.084,5020.368,-26.282,-49.275,0.652901,0.757438,0.002681,-0.756255,0.652071,-0.053685,-0.042411,0.033023,0.998554,0,-0.34119,0.12966,-20.471,0.259,-1,375.000,-1,350.000,775.000,300.000,300.000,300.000,300.000,-1,450.000,600.000,-1,650.000,575.000,-1,800.000,2,0,2,0,0,0,0,0,0,2,0,0,2,0,0,2,0
64,1854.757,5032.155,-25.588,-48.776,0.659512,0.751691,0.002216,-0.750485,0.658616,-0.054756,-0.042619,0.034449,0.998497,0,-0.26119,0.24966,-15.671,0.499,-1,375.000,-1,350.000,775.000,300.000,300.000,300.000,300.000,-1,450.000,600.000,-1,650.000,575.000,-1,800.000,2,0,2,0,0,0,0,0,0,2,0,0,2,0,0,2,0
65,1847.488,5040.239,-25.116,-48.037,0.669185,0.743093,0.001727,-0.741886,0.668227,-0.055478,-0.042379,0.035844,0.998458,0,-0.18119,0.36966,-10.871,0.739,-1,375.000,-1,350.000,775.000,300.000,300.000,300.000,300.000,-1,450.000,600.000,-1,650.000,575.000,-1,800.000,2,0,2,0,0,0,0,0,0,2,0,0,2,0,0,2,0
66,1843.352,5044.684,-24.861,-47.057,0.681811,0.731527,0.001209,-0.730339,0.680796,-0.055867,-0.041691,0.037208,0.998437,0,-0.10119,0.48966,-6.071,0.979,-1,375.000,-1,350.000,775.000,300.000,300.000,300.000,300.000,-1,475.000,625.000,-1,650.000,600.000,-1,800.000,2,0,2,0,0,0,0,0,0,2,0,0,2,0,0,2,0
67,1842.467,5045.597,-24.820,-45.838,0.697239,0.716839,0.000648,-0.715691,0.696173,-0.055945,-0.040555,0.038544,0.998434,0,-0.02119,0.60966,-1.271,1.219,-1,375.000,-1,350.000,775.000,300.000,300.000,300.000,300.000,-1,475.000,625.000,-1,675.000,600.000,-1,825.000,2,0,2,0,0,0,0,0,0,2,0,0,2,0,0,2,0
68,1844.989,5043.130,-24.984,-44.379,0.715277,0.698841,0.000023,-0.697753,0.714166,-0.055739,-0.038969,0.039852,0.998445,0,0.05881,0.72966,3.529,1.459,-1,375.000,-1,350.000,775.000,300.000,300.000,300.000,300.000,-1,475.000,650.000,-1,675.000,600.000,-1,825.000,2,0,2,0,0,0,0,0,0,2,0,0,2,0,0,2,0
69,1851.112,5037.485,-25.341,-42.679,0.735688,0.677320,-0.000690,-0.676313,0.734538,-0.055280,-0.036935,0.041136,0.998471,0,0.13881,0.84966,8.329,1.699,-1,375.000,-1,350.000,775.000,300.000,300.000,300.000,300.000,-1,500.000,675.000,-1,675.000,600.000,-1,825.000,2,0,2,0,0,0,0,0,0,2,0,0,2,0,0,2,0
70,1861.060,5028.918,-25.879,-40.740,0.758183,0.652040,-0.001523,-0.651131,0.756998,-0.054610,-0.034455,0.042396,0.998507,0,0.21881,0.96966,13.129,1.939,-1,375.000,-1,350.000,775.000,300.000,300.000,300.000,300.000,-1,500.000,675.000,-1,700.000,600.000,-1,850.000,2,0,2,0,0,0,0,0,0,2,0,0,2,0,0,2,0
71,1875.044,5017.699,-26.574,-38.740,0.780465,0.625195,-0.002431,-0.624395,0.779257,-0.053754,-0.031713,0.043471,0.998551,0,0.29881,1.00000,17.929,2.000,-1,400.000,-1,350.000,775.000,300.000,300.000,300.000,300.000,-1,525.000,700.000,-1,700.000,600.000,-1,850.000,2,0,2,0,0,0,0,0,0,2,0,0,2,0,0,2,0
72,1893.258,5004.104,-27.392,-36.740,0.801791,0.597595,-0.003490,-0.596914,0.800569,-0.052753,-0.028731,0.044381,0.998601,0,0.37881,1.00000,22.729,2.000,-1,400.000,-1,350.000,800.000,325.000,300.000,300.000,275.000,-1,525.000,725.000,-1,700.000,600.000,-1,875.000,2,0,2,0,0,0,0,0,0,2,0,0,2,0,0,2,0
73,1915.879,4988.418,-28.326,-34.740,0.822135,0.569273,-0.004650,-0.568718,0.820911,-0.051622,-0.025570,0.045085,0.998656,0,0.45881,1.00000,27.529,2.000,-1,400.000,-1,350.000,800.000,325.000,300.000,300.000,275.000,-1,500.000,675.000,-1,725.000,625.000,-1,900.000,2,0,2,0,0,0,0,0,0,2,0,0,2,0,0,2,0
74,1943.072,4970.934,-29.358,-32.740,0.841474,0.540265,-0.005929,-0.539839,0.840259,-0.050391,-0.022243,0.045604,0.998712,0,0.53881,1.00000,32.329,2.000,-1,400.000,-1,350.000,800.000,325.000,300.000,300.000,275.000,-1,475.000,650.000,-1,725.000,625.000,-1,900.000,2,0,2,0,0,0,0,0,0,2,0,0,2,0,0,2,0
75,1974.983,4951.957,-30.192,-30.740,0.859781,0.510626,-0.006144,-0.510288,0.858627,-0.048642,-0.019562,0.044957,0.998797,0,0.61881,1.00000,37.129,2.000,-1,400.000,-1,350.000,800.000,325.000,300.000,300.000,275.000,-1,475.000,675.000,-1,750.000,625.000,-1,925.000,2,0,2,0,0,0,0,0,0,2,0,0,2,0,0,2,0
76,2011.746,4931.795,-30.711,-28.740,0.877039,0.480394,-0.004933,-0.480089,0.876007,-0.046108,-0.017829,0.042807,0.998924,0,0.69881,1.00000,41.929,2.000,-1,400.000,-1,350.000,825.000,325.000,300.000,275.000,275.000,-1,550.000,775.000,-1,725.000,625.000,-1,950.000,2,0,2,0,0,0,0,0,0,2,0,0,2,0,0,2,0
77,2053.477,4910.769,-31.245,-26.740,0.893235,0.449573,-0.003889,-0.449305,0.892326,-0.043357,-0.016021,0.040475,0.999052,0,0.77881,1.00000,46.729,2.000,-1,400.000,-1,350.000,850.000,325.000,300.000,275.000,275.000,-1,625.000,900.000,-1,725.000,625.000,-1,975.000,2,0,2,0,0,0,0,0,0,2,0,0,2,0,0,2,0
78,2096.291,4891.040,-31.724,-24.740,0.908352,0.418194,-0.003124,-0.417965,0.907551,-0.040689,-0.014180,0.038265,0.999167,0,0.78570,1.00000,47.142,2.000,-1,400.000,-1,350.000,875.000,325.000,300.000,275.000,275.000,-1,725.000,1000.000,-1,725.000,625.000,-1,1000.000,2,0,2,0,0,0,0,0,0,2,0,0,2,0,0,2,0
79,2139.768,4872.817,-32.038,-22.740,0.922369,0.386301,-0.002725,-0.386123,0.921677,-0.037690,-0.012048,0.035816,0.999286,0,0.78570,1.00000,47.142,2.000,-1,400.000,-1,350.000,900.000,325.000,300.000,275.000,275.000,-1,800.000,-1,-1,725.000,625.000,-1,-1,2,0,2,0,0,0,0,0,0,2,0,2,2,0,0,2,2
80,2179.302,4857.656,-32.257,-20.980,0.933780,0.357839,-0.002590,-0.357705,0.933177,-0.035052,-0.010126,0.033657,0.999382,0,0.70570,0.88000,42.342,1.760,-1,400.000,-1,350.000,925.000,325.000,300.000,275.000,275.000,-1,875.000,-1,-1,725.000,650.000,-1,-1,2,0,2,0,0,0,0,0,0,2,0,2,2,0,0,2,2
81,2218.220,4843.904,-32.436,-19.460,0.942930,0.332982,-0.002605,-0.332886,0.942403,-0.032598,-0.008399,0.031605,0.999465,0,0.68793,0.76000,41.276,1.520,-1,400.000,-1,375.000,950.000,325.000,300.000,275.000,275.000,-1,950.000,-1,-1,750.000,650.000,-1,-1,2,0,2,0,0,0,0,0,0,2,0,2,2,0,0,2,2
82,2257.435,4831.026,-32.589,-18.180,0.950122,0.311866,-0.002721,-0.311803,0.949665,-0.030259,-0.006853,0.029598,0.999538,0,0.68793,0.64000,41.276,1.280,-1,400.000,-1,375.000,1000.000,325.000,300.000,275.000,300.000,-1,1000.000,-1,-1,750.000,650.000,-1,-1,2,0,2,0,0,0,0,0,0,2,0,2,2,0,0,2,2
83,2296.878,4818.861,-32.720,-17.140,0.955618,0.294594,-0.002902,-0.294558,0.955223,-0.028020,-0.005483,0.027631,0.999603,0,0.68793,0.52000,41.276,1.040,-1,400.000,-1,375.000,-1,325.000,300.000,275.000,300.000,-1,-1,-1,-1,750.000,650.000,-1,-1,2,0,2,0,2,0,0,0,0,2,2,2,2,0,0,2,2
84,2336.486,4807.248,-32.832,-16.340,0.959631,0.281243,-0.003116,-0.281228,0.959292,-0.025865,-0.004285,0.025698,0.999661,0,0.68793,0.40000,41.276,0.800,-1,400.000,-1,375.000,-1,325.000,300.000,275.000,300.000,-1,-1,-1,-1,725.000,650.000,-1,-1,2,0,2,0,2,0,0,0,0,2,2,2,2,0,0,2,2
85,2376.206,4796.023,-32.930,-15.780,0.962329,0.271867,-0.003336,-0.271868,0.962041,-0.023776,-0.003254,0.023788,0.999712,0,0.68793,0.28000,41.276,0.560,-1,400.000,-1,375.000,-1,325.000,300.000,275.000,300.000,-1,-1,-1,-1,725.000,650.000,-1,-1,2,0,2,0,2,0,0,0,0,2,2,2,2,0,0,2,2
86,2416.015,4785.114,-33.012,-15.324,0.964457,0.264216,-0.003579,-0.264230,0.964215,-0.021734,-0.002291,0.021907,0.999757,0,0.68793,0.22792,41.276,0.456,-1,400.000,-1,375.000,-1,325.000,300.000,275.000,300.000,-1,-1,-1,-1,725.000,650.000,-1,-1,2,0,2,0,2,0,0,0,0,2,2,2,2,0,0,2,2
87,2455.908,4774.522,-33.074,-14.868,0.966524,0.256546,-0.003869,-0.256572,0.966324,-0.019729,-0.001323,0.020062,0.999798,0,0.68793,0.22792,41.276,0.456,-1,400.000,-1,375.000,-1,325.000,300.000,275.000,300.000,-1,-1,-1,-1,725.000,650.000,-1,-1,2,0,2,0,2,0,0,0,0,2,2,2,2,0,0,2,2
88,2495.885,4764.248,-33.115,-14.412,0.968531,0.248859,-0.004204,-0.248894,0.968368,-0.017765,-0.000350,0.018252,0.999833,0,0.68793,0.22792,41.276,0.456,-1,400.000,-1,375.000,-1,325.000,300.000,275.000,300.000,-1,-1,-1,-1,725.000,650.000,-1,-1,2,0,2,0,2,0,0,0,0,2,2,2,2,0,0,2,2
89,2535.942,4754.293,-33.137,-13.957,0.970476,0.241154,-0.004582,-0.241197,0.970347,-0.015841,0.000626,0.016479,0.999864,0,0.68793,0.22792,41.276,0.456,-1,375.000,-1,375.000,-1,325.000,300.000,275.000,300.000,-1,-1,-1,-1,725.000,650.000,-1,-1,2,0,2,0,2,0,0,0,0,2,2,2,2,0,0,2,2
90,2576.078,4744.656,-33.106,-13.501,0.972360,0.233433,-0.004968,-0.233480,0.972259,-0.014107,0.001537,0.014877,0.999888,0,0.68793,0.22792,41.276,0.456,-1,375.000,-1,375.000,-1,300.000,300.000,275.000,300.000,-1,-1,-1,-1,725.000,650.000,-1,-1,2,0,2,0,2,0,0,0,0,2,2,2,2,0,0,2,2
91,2616.288,4735.339,-32.982,-13.045,0.974182,0.225694,-0.005642,-0.225749,0.974103,-0.012672,0.002636,0.013618,0.999904,0,0.68793,0.22792,41.276,0.456,-1,375.000,-1,375.000,-1,300.000,300.000,275.000,300.000,-1,-1,-1,-1,725.000,675.000,-1,-1,2,0,2,0,2,0,0,0,0,2,2,2,2,0,0,2,2
92,2656.572,4726.343,-32.826,-12.589,0.975941,0.217941,-0.006374,-0.218002,0.975883,-0.011335,0.003750,0.012452,0.999915,0,0.68793,0.22792,41.276,0.456,-1,375.000,-1,375.000,-1,300.000,300.000,275.000,300.000,-1,-1,-1,-1,725.000,675.000,-1,-1,2,0,2,0,2,0,0,0,0,2,2,2,2,0,0,2,2
93,2696.926,4717.667,-32.469,-12.133,0.977638,0.210173,-0.007236,-0.210238,0.977599,-0.010037,0.004965,0.011334,0.999923,0,0.68793,0.22792,41.276,0.456,-1,375.000,-1,375.000,-1,300.000,300.000,275.000,300.000,-1,-1,-1,-1,725.000,675.000,-1,-1,2,0,2,0,2,0,0,0,0,2,2,2,2,0,0,2,2
94,2737.347,4709.313,-32.032,-11.677,0.979271,0.202391,-0.008173,-0.202459,0.979254,-0.008523,0.006278,0.010000,0.999930,0,0.68793,0.22792,41.276,0.456,-1,375.000,-1,375.000,-1,300.000,300.000,275.000,300.000,-1,-1,-1,-1,725.000,675.000,-1,-1,2,0,2,0,2,0,0,0,0,2,2,2,2,0,0,2,2
95,2777.834,4701.280,-31.579,-11.222,0.980841,0.194596,-0.009102,-0.194663,0.980845,-0.007058,0.007554,0.008695,0.999934,0,0.68793,0.22792,41.276,0.456,-1,375.000,-1,375.000,-1,325.000,300.000,275.000,300.000,-1,-1,-1,-1,725.000,675.000,-1,-1,2,0,2,0,2,0,0,0,0,2,2,2,2,0,0,2,2
96,2818.384,4693.570,-31.112,-10.766,0.982349,0.186789,-0.010025,-0.186851,0.982372,-0.005644,0.008794,0.007417,0.999934,0,0.68793,0.22792,41.276,0.456,-1,375.000,-1,375.000,-1,325.000,300.000,275.000,300.000,-1,-1,-1,-1,725.000,675.000,-1,-1,2,0,2,0,2,0,0,0,0,2,2,2,2,0,0,2,2
97,2858.993,4686.182,-30.630,-10.310,0.983794,0.178969,-0.010939,-0.179024,0.983835,-0.004278,0.009996,0.006167,0.999931,0,0.68793,0.22792,41.276,0.456,-1,400.000,-1,375.000,-1,325.000,300.000,275.000,300.000,-1,-1,-1,-1,725.000,675.000,-1,-1,2,0,2,0,2,0,0,0,0,2,2,2,2,0,0,2,2
98,2899.660,4679.118,-30.135,-9.854,0.985176,0.171137,-0.011844,-0.171183,0.985235,-0.002961,0.011162,0.004945,0.999925,0,0.68793,0.22792,41.276,0.456,-1,400.000,-1,375.000,-1,325.000,300.000,275.000,300.000,-1,-1,-1,-1,725.000,700.000,-1,-1,2,0,2,0,2,0,0,0,0,2,2,2,2,0,0,2,2
99,2940.382,4672.378,-29.627,-9.398,0.986495,0.163294,-0.012740,-0.163328,0.986570,-0.001691,0.012292,0.003749,0.999917,0,0.68793,0.22792,41.276,0.456,-1,400.000,-1,375.000,-1,325.000,300.000,275.000,300.000,-1,-1,-1,-1,725.000,700.000,-1,-1,2,0,2,0,2,0,0,0,0,2,2,2,2,0,0,2,2
100,2981.156,4665.962,-29.107,-8.942,0.987751,0.155441,-0.013625,-0.155461,0.987842,-0.000468,0.013387,0.002581,0.999907,0,0.68793,0.22792,41.276,0.456,-1,400.000,-1,375.000,-1,325.000,325.000,275.000,300.000,-1,-1,-1,-1,725.000,700.000,-1,-1,2,0,2,0,2,0,0,0,0,2,2,2,2,0,0,2,2
101,3021.980,4659.871,-28.575,-8.487,0.988944,0.147577,-0.014500,-0.147582,0.989050,0.000709,0.014445,0.001439,0.999895,0,0.68793,0.22792,41.276,0.456,-1,400.000,-1,375.000,-1,325.000,325.000,275.000,300.000,-1,-1,-1,-1,725.000,700.000,-1,-1,2,0,2,0,2,0,0,0,0,2,2,2,2,0,0,2,2
102,3062.852,4654.104,-28.031,-8.031,0.990074,0.139704,-0.015363,-0.139692,0.990193,0.001841,0.015469,0.000324,0.999880,0,0.68793,0.22792,41.276,0.456,-1,375.000,-1,375.000,-1,325.000,325.000,275.000,300.000,-1,-1,-1,-1,725.000,700.000,-1,-1,2,0,2,0,2,0,0,0,0,2,2,2,2,0,0,2,2
103,3103.767,4648.663,-27.476,-7.575,0.991141,0.131821,-0.016214,-0.131791,0.991273,0.002928,0.016458,-0.000765,0.999864,0,0.68793,0.22792,41.276,0.456,-1,375.000,-1,375.000,-1,325.000,325.000,275.000,300.000,-1,-1,-1,-1,725.000,700.000,-1,-1,2,0,2,0,2,0,0,0,0,2,2,2,2,0,0,2,2
104,3144.725,4643.548,-26.910,-7.119,0.992144,0.123931,-0.017053,-0.123881,0.992289,0.003971,0.017413,-0.001827,0.999847,0,0.68793,0.22792,41.276,0.456,-1,375.000,-1,375.000,-1,325.000,325.000,275.000,300.000,-1,-1,-1,-1,725.000,700.000,-1,-1,2,0,2,0,2,0,0,0,0,2,2,2,2,0,0,2,2
105,3185.722,4638.758,-26.335,-6.663,0.993085,0.116032,-0.017878,-0.115961,0.993241,0.004971,0.018334,-0.002864,0.999828,0,0.68793,0.22792,41.276,0.456,-1,375.000,-1,375.000,-1,325.000,325.000,275.000,300.000,-1,1000.000,-1,-1,725.000,700.000,-1,-1,2,0,2,0,2,0,0,0,0,2,0,2,2,0,0,2,2
106,3226.756,4634.295,-25.751,-6.207,0.993961,0.108126,-0.018690,-0.108033,0.994130,0.005929,0.019221,-0.003874,0.999808,0,0.68793,0.22792,41.276,0.456,-1,375.000,-1,375.000,-1,325.000,325.000,275.000,300.000,-1,975.000,-1,-1,725.000,725.000,-1,-1,2,0,2,0,2,0,0,0,0,2,0,2,2,0,0,2,2
107,3267.824,4630.159,-25.084,-5.752,0.994776,0.100213,-0.019458,-0.100103,0.994956,0.006542,0.020015,-0.004560,0.999789,0,0.68793,0.22792,41.276,0.456,-1,375.000,-1,375.000,-1,325.000,325.000,275.000,300.000,-1,950.000,-1,-1,725.000,725.000,-1,-1,2,0,2,0,2,0,0,0,0,2,0,2,2,0,0,2,2
108,3308.924,4626.349,-24.276,-5.296,0.995525,0.092294,-0.020313,-0.092173,0.995720,0.006833,0.020856,-0.004930,0.999770,0,0.68793,0.22792,41.276,0.456,-1,375.000,-1,375.000,-1,325.000,325.000,275.000,300.000,-1,925.000,1000.000,-1,725.000,725.000,-1,-1,2,0,2,0,2,0,0,0,0,2,0,0,2,0,0,2,2
109,3350.053,4622.867,-23.333,-4.840,0.996210,0.084369,-0.021139,-0.084228,0.996418,0.007474,0.021694,-0.005665,0.999749,0,0.68793,0.22792,41.276,0.456,-1,375.000,-1,375.000,-1,325.000,325.000,275.000,300.000,-1,900.000,1000.000,-1,725.000,725.000,-1,-1,2,0,2,0,2,0,0,0,0,2,0,0,2,0,0,2,2
110,3395.979,4619.152,-22.182,-4.624,0.996507,0.080615,-0.021791,-0.080463,0.996727,0.007752,0.022345,-0.005972,0.999732,0,0.76793,0.10792,46.076,0.216,-1,375.000,-1,375.000,-1,325.000,325.000,275.000,300.000,-1,925.000,1000.000,-1,725.000,725.000,-1,-1,2,0,2,0,2,0,0,0,0,2,0,0,2,0,0,2,2
111,3446.257,4615.245,-20.920,-4.443,0.996741,0.077472,-0.022501,-0.077309,0.996975,0.008050,0.023056,-0.006284,0.999714,0,0.84049,0.09031,50.430,0.181,-1,375.000,-1,375.000,-1,325.000,325.000,275.000,300.000,-1,925.000,1000.000,-1,725.000,725.000,-1,-1,2,0,2,0,2,0,0,0,0,2,0,0,2,0,0,2,2
112,3496.547,4611.497,-19.656,-4.263,0.996964,0.074329,-0.023204,-0.074153,0.997212,0.008343,0.023760,-0.006597,0.999696,0,0.84049,0.09031,50.430,0.181,-1,400.000,-1,375.000,-1,325.000,325.000,275.000,300.000,-1,950.000,-1,-1,725.000,725.000,-1,-1,2,0,2,0,2,0,0,0,0,2,0,2,2,0,0,2,2
113,3546.849,4607.907,-18.392,-4.082,0.997177,0.071185,-0.023902,-0.070996,0.997439,0.008631,0.024456,-0.006909,0.999677,0,0.84049,0.09031,50.430,0.181,-1,400.000,-1,375.000,-1,325.000,325.000,275.000,300.000,-1,950.000,-1,-1,725.000,725.000,-1,-1,2,0,2,0,2,0,0,0,0,2,0,2,2,0,0,2,2
114,3597.162,4604.476,-17.126,-3.902,0.997379,0.068040,-0.024596,-0.067839,0.997656,0.008914,0.025144,-0.007222,0.999658,0,0.84049,0.09031,50.430,0.181,-1,400.000,-1,375.000,-1,325.000,325.000,275.000,300.000,-1,950.000,-1,-1,725.000,725.000,-1,-1,2,0,2,0,2,0,0,0,0,2,0,2,2,0,0,2,2
115,3647.485,4601.203,-15.860,-3.721,0.997572,0.064894,-0.025284,-0.064680,0.997864,0.009193,0.025827,-0.007536,0.999638,0,0.84049,0.09031,50.430,0.181,-1,400.000,-1,400.000,-1,325.000,325.000,275.000,300.000,-1,925.000,-1,-1,725.000,725.000,-1,-1,2,0,2,0,2,0,0,0,0,2,0,2,2,0,0,2,2
116,3697.818,4598.089,-14.593,-3.540,0.997754,0.061748,-0.025968,-0.061521,0.998061,0.009468,0.026502,-0.007849,0.999618,0,0.84049,0.09031,50.430,0.181,-1,375.000,-1,400.000,-1,325.000,325.000,275.000,300.000,-1,925.000,1000.000,-1,725.000,725.000,-1,-1,2,0,2,0,2,0,0,0,0,2,0,0,2,0,0,2,2
117,3748.161,4595.134,-13.325,-3.360,0.997926,0.058601,-0.026647,-0.058360,0.998248,0.009739,0.027171,-0.008163,0.999597,0,0.84049,0.09031,50.430,0.181,-1,375.000,-1,375.000,-1,325.000,325.000,275.000,300.000,-1,900.000,1000.000,-1,725.000,725.000,-1,-1,2,0,2,0,2,0,0,0,0,2,0,0,2,0,0,2,2
118,3798.513,4592.337,-12.057,-3.179,0.998087,0.055454,-0.027323,-0.055199,0.998425,0.010005,0.027835,-0.008477,0.999577,0,0.84049,0.09031,50.430,0.181,-1,375.000,-1,375.000,-1,325.000,325.000,275.000,300.000,-1,900.000,975.000,-1,725.000,725.000,-1,-1,2,0,2,0,2,0,0,0,0,2,0,0,2,0,0,2,2
119,3848.874,4589.699,-10.789,-2.998,0.998239,0.052306,-0.027995,-0.052037,0.998592,0.010266,0.028492,-0.008792,0.999555,0,0.84049,0.09031,50.430,0.181,-1,375.000,-1,375.000,-1,325.000,325.000,275.000,300.000,-1,900.000,975.000,-1,725.000,725.000,-1,-1,2,0,2,0,2,0,0,0,0,2,0,0,2,0,0,2,2
120,3899.242,4587.220,-9.520,-2.818,0.998380,0.049158,-0.028663,-0.048874,0.998750,0.010524,0.029145,-0.009106,0.999534,0,0.84049,0.09031,50.430,0.181,-1,375.000,-1,375.000,-1,325.000,325.000,275.000,300.000,-1,875.000,950.000,-1,725.000,750.000,-1,-1,2,0,2,0,2,0,0,0,0,2,0,0,2,0,0,2,2
121,3949.618,4584.900,-8.082,-2.637,0.998514,0.046009,-0.029202,-0.045728,0.998902,0.010227,0.029641,-0.008877,0.999521,0,0.84049,0.09031,50.430,0.181,-1,375.000,-1,375.000,-1,325.000,325.000,275.000,300.000,-1,900.000,950.000,-1,725.000,750.000,-1,-1,2,0,2,0,2,0,0,0,0,2,0,0,2,0,0,2,2
122,4000.002,4582.738,-6.389,-2.457,0.998634,0.042860,-0.029871,-0.042577,0.999043,0.010049,0.030273,-0.008764,0.999503,0,0.84049,0.09031,50.430,0.181,-1,375.000,-1,375.000,-1,325.000,325.000,275.000,300.000,-1,925.000,975.000,-1,725.000,750.000,-1,-1,2,0,2,0,2,0,0,0,0,2,0,0,2,0,0,2,2
123,4050.392,4580.736,-4.697,-2.276,0.998744,0.039710,-0.030539,-0.039426,0.999174,0.009870,0.030906,-0.008654,0.999485,0,0.84049,0.09031,50.430,0.181,-1,375.000,-1,400.000,-1,325.000,325.000,275.000,300.000,-1,925.000,975.000,-1,725.000,750.000,-1,-1,2,0,2,0,2,0,0,0,0,2,0,0,2,0,0,2,2
124,4100.787,4578.892,-3.007,-2.095,0.998844,0.036560,-0.031205,-0.036274,0.999295,0.009687,0.031537,-0.008544,0.999466,0,0.84049,0.09031,50.430,0.181,-1,375.000,-1,400.000,-1,325.000,325.000,300.000,300.000,-1,950.000,1000.000,-1,725.000,750.000,-1,-1,2,0,2,0,2,0,0,0,0,2,0,0,2,0,0,2,2
125,4151.189,4577.207,-1.318,-1.915,0.998933,0.033410,-0.031869,-0.033123,0.999406,0.009499,0.032168,-0.008433,0.999447,0,0.84049,0.09031,50.430,0.181,-1,375.000,-1,400.000,-1,325.000,325.000,300.000,300.000,-1,975.000,1000.000,-1,700.000,750.000,-1,-1,2,0,2,0,2,0,0,0,0,2,0,0,2,0,0,2,2
126,4201.595,4575.681,0.369,-1.734,0.999013,0.030259,-0.032532,-0.029971,0.999507,0.009307,0.032797,-0.008323,0.999427,0,0.84049,0.09031,50.430,0.181,-1,375.000,-1,400.000,-1,325.000,325.000,300.000,300.000,-1,975.000,1000.000,-1,700.000,750.000,-1,-1,2,0,2,0,2,0,0,0,0,2,0,0,2,0,0,2,2
127,4252.006,4574.314,2.054,-1.553,0.999081,0.027108,-0.033193,-0.026820,0.999599,0.009111,0.033426,-0.008212,0.999407,0,0.84049,0.09031,50.430,0.181,-1,375.000,-1,400.000,-1,325.000,325.000,300.000,300.000,-1,975.000,-1,-1,700.000,750.000,-1,-1,2,0,2,0,2,0,0,0,0,2,0,2,2,0,0,2,2
128,4302.422,4573.106,3.738,-1.373,0.999140,0.023957,-0.033852,-0.023668,0.999680,0.008911,0.034055,-0.008102,0.999387,0,0.84049,0.09031,50.430,0.181,-1,375.000,-1,400.000,-1,325.000,325.000,300.000,300.000,-1,975.000,1000.000,-1,700.000,750.000,-1,-1,2,0,2,0,2,0,0,0,0,2,0,0,2,0,0,2,2
129,4352.840,4572.056,5.421,-1.192,0.999188,0.020806,-0.034511,-0.020517,0.999752,0.008706,0.034684,-0.007991,0.999366,0,0.84049,0.09031,50.430,0.181,-1,375.000,-1,400.000,-1,325.000,325.000,300.000,300.000,-1,975.000,1000.000,-1,700.000,750.000,-1,-1,2,0,2,0,2,0,0,0,0,2,0,0,2,0,0,2,2
130,4403.262,4571.166,7.103,-1.012,0.999225,0.017654,-0.035170,-0.017365,0.999813,0.008497,0.035313,-0.007880,0.999345,0,0.84049,0.09031,50.430,0.181,-1,375.000,-1,400.000,-1,325.000,325.000,300.000,300.000,-1,950.000,975.000,-1,700.000,750.000,-1,-1,2,0,2,0,2,0,0,0,0,2,0,0,2,0,0,2,2
131,4453.686,4570.435,8.783,-0.831,0.999253,0.014502,-0.035828,-0.014214,0.999865,0.008284,0.035944,-0.007769,0.999324,0,0.84049,0.09031,50.430,0.181,-1,375.000,-1,400.000,-1,325.000,325.000,300.000,300.000,-1,950.000,975.000,-1,700.000,750.000,-1,-1,2,0,2,0,2,0,0,0,0,2,0,0,2,0,0,2,2
132,4504.113,4569.862,10.462,-0.650,0.999270,0.011350,-0.036487,-0.011062,0.999906,0.008067,0.036575,-0.007658,0.999302,0,0.84049,0.09031,50.430,0.181,-1,375.000,-1,375.000,-1,325.000,325.000,300.000,300.000,-1,950.000,950.000,-1,700.000,750.000,-1,-1,2,0,2,0,2,0,0,0,0,2,0,0,2,0,0,2,2
133,4554.541,4569.449,12.141,-0.470,0.999276,0.008198,-0.037146,-0.007911,0.999938,0.007846,0.037208,-0.007546,0.999279,0,0.84049,0.09031,50.430,0.181,-1,375.000,-1,375.000,-1,300.000,325.000,300.000,300.000,-1,925.000,925.000,-1,700.000,750.000,-1,-1,2,0,2,0,2,0,0,0,0,2,0,0,2,0,0,2,2
134,4604.970,4569.194,13.979,-0.289,0.999275,0.005045,-0.037736,-0.004769,0.999961,0.007420,0.037771,-0.007235,0.999260,0,0.84049,0.09031,50.430,0.181,-1,375.000,-1,375.000,-1,300.000,325.000,300.000,300.000,-1,950.000,925.000,-1,700.000,725.000,-1,-1,2,0,2,0,2,0,0,0,0,2,0,0,2,0,0,2,2
135,4655.399,4569.099,16.192,-0.108,0.999247,0.001893,-0.038750,-0.001632,0.999976,0.006775,0.038762,-0.006707,0.999226,0,0.84049,0.09031,50.430,0.181,-1,375.000,-1,375.000,-1,300.000,325.000,300.000,300.000,-1,950.000,925.000,-1,700.000,725.000,-1,-1,2,0,2,0,2,0,0,0,0,2,0,0,2,0,0,2,2
