timestep,x_cm,y_cm,z_cm,yaw_deg,basis_xx,basis_xy,basis_xz,basis_yx,basis_yy,basis_yz,basis_zx,basis_zy,basis_zz,teleport_flag,throttle_cmd,steering_cmd,cmd_move_cm,cmd_turn_deg,lidar_cm_0,lidar_cm_1,lidar_cm_2,lidar_cm_3,lidar_cm_4,lidar_cm_5,lidar_cm_6,lidar_cm_7,lidar_cm_8,lidar_cm_9,lidar_cm_10,lidar_cm_11,lidar_cm_12,lidar_cm_13,lidar_cm_14,lidar_cm_15,lidar_cm_16,lidar_class_0,lidar_class_1,lidar_class_2,lidar_class_3,lidar_class_4,lidar_class_5,lidar_class_6,lidar_class_7,lidar_class_8,lidar_class_9,lidar_class_10,lidar_class_11,lidar_class_12,lidar_class_13,lidar_class_14,lidar_class_15,lidar_class_16
0,5572.907,332.056,-101.870,121.432,-0.523057,-0.851864,0.027189,0.851302,-0.520639,0.064964,-0.041185,0.057126,0.997517,1,0.08000,0.12000,4.800,0.240,-1,425.000,-1,375.000,-1,325.000,325.000,175.000,275.000,-1,-1,-1,-1,875.000,750.000,-1,-1,2,0,2,0,2,0,0,1,0,2,2,2,2,0,0,2,2
1,5567.832,340.205,-102.077,121.912,-0.530186,-0.847460,0.026732,0.846870,-0.527749,0.065518,-0.041416,0.057375,0.997493,0,0.16000,0.24000,9.600,0.480,-1,425.000,-1,375.000,-1,325.000,325.000,175.000,275.000,-1,-1,-1,-1,875.000,750.000,-1,-1,2,0,2,0,2,0,0,1,0,2,2,2,2,0,0,2,2
2,5560.106,352.357,-102.283,122.447,-0.538110,-0.842465,0.026286,0.841816,-0.535611,0.066830,-0.042223,0.058090,0.997418,0,0.24000,0.26728,14.400,0.535,-1,425.000,-1,375.000,-1,325.000,325.000,175.000,275.000,-1,-1,-1,-1,875.000,750.000,-1,-1,2,0,2,0,2,0,0,1,0,2,2,2,2,0,0,2,2
3,5549.655,368.463,-102.480,122.978,-0.545979,-0.837399,0.025869,0.836659,-0.543366,0.068959,-0.043690,0.059294,0.997284,0,0.32000,0.26582,19.200,0.532,-1,425.000,-1,375.000,-1,325.000,325.000,175.000,275.000,375.000,-1,-1,-1,875.000,750.000,-1,-1,2,0,2,0,2,0,0,1,0,1,2,2,2,0,0,2,2
4,5536.405,388.474,-102.709,123.506,-0.553771,-0.832282,0.025405,0.831413,-0.551003,0.071748,-0.045717,0.060854,0.997099,0,0.40000,0.26381,24.000,0.528,-1,425.000,-1,375.000,-1,325.000,325.000,200.000,275.000,400.000,-1,-1,-1,875.000,725.000,-1,-1,2,0,2,0,2,0,0,1,0,1,2,2,2,0,0,2,2
5,5520.288,412.342,-103.026,124.028,-0.561454,-0.827137,0.024791,0.826106,-0.558508,0.074948,-0.048146,0.062560,0.996879,0,0.48000,0.26116,28.800,0.522,-1,400.000,-1,375.000,-1,325.000,325.000,200.000,275.000,400.000,-1,-1,-1,850.000,725.000,-1,-1,2,0,2,0,2,0,0,1,0,1,2,2,2,0,0,2,2
6,5501.235,440.018,-103.504,124.544,-0.568993,-0.821995,0.023914,0.820773,-0.565871,0.078237,-0.050778,0.064145,0.996648,0,0.56000,0.25778,33.600,0.516,-1,400.000,-1,375.000,-1,325.000,325.000,225.000,275.000,400.000,-1,-1,-1,850.000,725.000,-1,-1,2,0,2,0,2,0,0,1,0,1,2,2,2,0,0,2,2
7,5479.181,471.454,-104.289,125.051,-0.576347,-0.816884,0.022911,0.815471,-0.573073,0.081204,-0.053204,0.065485,0.996434,0,0.64000,0.25353,38.400,0.507,-1,400.000,-1,375.000,-1,325.000,325.000,225.000,275.000,400.000,-1,-1,-1,850.000,700.000,-1,-1,2,0,2,0,2,0,0,1,0,1,2,2,2,0,0,2,2
8,5454.065,506.603,-105.485,125.548,-0.583465,-0.811850,0.021623,0.810264,-0.580104,0.083379,-0.055147,0.066169,0.996283,0,0.72000,0.24826,43.200,0.497,-1,400.000,-1,375.000,-1,325.000,325.000,250.000,275.000,375.000,-1,-1,-1,825.000,700.000,-1,-1,2,0,2,0,2,0,0,1,0,1,2,2,2,0,0,2,2
9,5425.831,545.420,-107.193,126.031,-0.590284,-0.806953,0.019787,0.805227,-0.586956,0.084213,-0.056342,0.065642,0.996251,0,0.80000,0.24180,48.000,0.484,-1,400.000,-1,375.000,-1,325.000,325.000,275.000,275.000,375.000,-1,-1,-1,825.000,700.000,-1,-1,2,0,2,0,2,0,0,1,0,1,2,2,2,0,0,2,2
10,5396.870,584.562,-109.380,126.499,-0.596753,-0.802235,0.017478,0.800439,-0.593603,0.083268,-0.056425,0.063680,0.996374,0,0.81152,0.23397,48.691,0.468,-1,400.000,-1,375.000,-1,325.000,325.000,300.000,275.000,375.000,-1,-1,-1,825.000,725.000,-1,-1,2,0,2,0,2,0,0,1,0,1,2,2,2,0,0,2,2
11,5367.922,623.051,-112.043,126.950,-0.602870,-0.797702,0.014822,0.795909,-0.600016,0.080677,-0.055463,0.060434,0.996630,0,0.80267,0.22535,48.160,0.451,-1,400.000,-1,375.000,-1,325.000,325.000,325.000,275.000,350.000,-1,-1,-1,825.000,725.000,-1,-1,2,0,2,0,2,0,0,1,0,1,2,2,2,0,0,2,2
12,5338.959,660.961,-115.123,127.382,-0.608626,-0.793370,0.011791,0.791665,-0.606186,0.076190,-0.053300,0.055706,0.997024,0,0.79512,0.21620,47.707,0.432,-1,400.000,-1,375.000,-1,325.000,325.000,325.000,275.000,350.000,-1,-1,-1,825.000,750.000,-1,-1,2,0,2,0,2,0,0,0,0,1,2,2,2,0,0,2,2
13,5312.749,694.932,-118.291,127.655,-0.612131,-0.790709,0.008699,0.789147,-0.610146,0.070495,-0.050433,0.050017,0.997474,0,0.71512,0.13658,42.907,0.273,-1,400.000,-1,400.000,-1,325.000,325.000,325.000,275.000,325.000,-1,-1,-1,825.000,775.000,-1,-1,2,0,2,0,2,0,0,0,0,1,2,2,2,0,0,2,2
14,5289.337,724.999,-121.423,127.910,-0.615373,-0.788215,0.005691,0.786834,-0.613833,0.064038,-0.046983,0.043885,0.997931,0,0.63512,0.12739,38.107,0.255,-1,400.000,-1,400.000,-1,325.000,325.000,300.000,275.000,325.000,-1,-1,-1,825.000,800.000,-1,-1,2,0,2,0,2,0,0,0,0,1,2,2,2,0,0,2,2
15,5268.765,751.193,-124.105,128.148,-0.618442,-0.785824,0.003253,0.784587,-0.617225,0.058792,-0.044192,0.038912,0.998265,0,0.55512,0.11885,33.307,0.238,-1,400.000,-1,400.000,-1,325.000,325.000,300.000,300.000,325.000,-1,-1,-1,850.000,825.000,-1,-1,2,0,2,0,2,0,0,0,0,1,2,2,2,0,0,2,2
16,5251.069,773.544,-125.371,128.370,-0.621483,-0.783423,0.002461,0.782126,-0.620267,0.059563,-0.045136,0.038942,0.998222,0,0.47512,0.11111,28.507,0.222,-1,400.000,-1,400.000,-1,325.000,325.000,300.000,300.000,325.000,-1,-1,-1,825.000,825.000,-1,-1,2,0,2,0,2,0,0,0,0,1,2,2,2,0,0,2,2
17,5235.656,792.867,-126.484,128.579,-0.624330,-0.781158,0.001795,0.779809,-0.623113,0.060228,-0.045929,0.039002,0.998183,0,0.41196,0.10429,24.718,0.209,-1,400.000,-1,400.000,-1,325.000,325.000,300.000,300.000,350.000,-1,-1,-1,825.000,825.000,-1,-1,2,0,2,0,2,0,0,0,0,1,2,2,2,0,0,2,2
18,5220.216,812.087,-127.609,128.775,-0.627005,-0.779015,0.001151,0.777614,-0.625787,0.060889,-0.046713,0.039073,0.998144,0,0.41089,0.09825,24.653,0.197,-1,400.000,-1,400.000,-1,325.000,325.000,300.000,300.000,350.000,-1,-1,-1,825.000,800.000,-1,-1,2,0,2,0,2,0,0,0,0,1,2,2,2,1,0,2,2
19,5204.747,831.218,-128.745,128.959,-0.629505,-0.776996,0.000530,0.775544,-0.628287,0.061546,-0.047488,0.039155,0.998104,0,0.41004,0.09211,24.603,0.184,-1,400.000,-1,400.000,-1,325.000,325.000,300.000,300.000,375.000,-1,-1,-1,825.000,800.000,1000.000,-1,2,0,2,0,2,0,0,0,0,1,2,2,2,1,0,1,2
20,5189.244,850.273,-129.894,129.131,-0.631831,-0.775107,-0.000070,0.773603,-0.630610,0.062201,-0.048256,0.039246,0.998064,0,0.40942,0.08587,24.565,0.172,-1,400.000,-1,400.000,-1,325.000,325.000,300.000,300.000,375.000,-1,-1,-1,800.000,800.000,975.000,-1,2,0,2,0,2,0,0,0,0,1,2,2,2,1,0,1,2
21,5173.703,869.267,-131.059,129.290,-0.633979,-0.773350,-0.000640,0.771795,-0.632757,0.062853,-0.049012,0.039353,0.998023,0,0.40902,0.07952,24.541,0.159,1000.000,400.000,-1,400.000,-1,325.000,325.000,300.000,300.000,400.000,-1,-1,-1,800.000,800.000,950.000,-1,1,0,2,0,2,0,0,0,0,1,2,2,2,1,0,1,2
22,5158.122,888.212,-132.238,129.436,-0.635949,-0.771730,-0.001186,0.770125,-0.634724,0.063503,-0.049759,0.039471,0.997981,0,0.40882,0.07307,24.529,0.146,975.000,400.000,-1,400.000,-1,325.000,325.000,300.000,300.000,425.000,-1,-1,-1,775.000,800.000,925.000,-1,1,0,2,0,2,0,0,0,0,1,2,2,2,1,0,1,2
23,5142.496,907.121,-133.433,129.569,-0.637739,-0.770250,-0.001720,0.768595,-0.636512,0.064150,-0.050506,0.039589,0.997939,0,0.40883,0.06652,24.530,0.133,925.000,400.000,-1,400.000,-1,325.000,325.000,300.000,300.000,425.000,-1,-1,-1,775.000,775.000,900.000,-1,1,0,2,0,2,0,0,0,0,1,2,2,2,1,0,1,2
24,5126.823,926.006,-134.657,129.689,-0.639345,-0.768916,-0.002303,0.767207,-0.638118,0.064794,-0.051291,0.039659,0.997896,0,0.40904,0.05986,24.542,0.120,900.000,400.000,-1,400.000,-1,325.000,325.000,300.000,300.000,450.000,-1,-1,-1,750.000,775.000,875.000,-1,1,0,2,0,2,0,0,0,0,1,2,2,2,1,0,1,2
25,5111.099,944.882,-135.896,129.795,-0.640767,-0.767730,-0.002866,0.765967,-0.639540,0.065437,-0.052071,0.039734,0.997853,0,0.40944,0.05310,24.566,0.106,875.000,400.000,-1,400.000,-1,325.000,325.000,300.000,300.000,450.000,-1,-1,-1,725.000,775.000,850.000,-1,1,0,2,0,2,0,0,0,0,1,2,2,2,1,0,1,2
26,5095.322,963.759,-137.152,129.888,-0.642003,-0.766694,-0.003408,0.764879,-0.640776,0.066078,-0.052845,0.039815,0.997809,0,0.41004,0.04623,24.602,0.092,850.000,400.000,-1,400.000,-1,325.000,325.000,300.000,300.000,475.000,-1,-1,-1,725.000,775.000,825.000,-1,1,0,2,0,2,0,0,0,0,1,2,2,2,1,0,1,2
27,5079.489,982.651,-138.426,129.966,-0.643051,-0.765813,-0.003929,0.763944,-0.641824,0.066717,-0.053615,0.039901,0.997764,0,0.41082,0.03925,24.649,0.079,825.000,400.000,-1,400.000,-1,325.000,325.000,300.000,300.000,475.000,-1,-1,-1,700.000,775.000,800.000,-1,1,0,2,0,2,0,0,0,0,1,2,2,2,1,0,1,2
28,5063.597,1001.570,-139.718,130.031,-0.643909,-0.765089,-0.004429,0.763167,-0.642681,0.067356,-0.054380,0.039991,0.997719,0,0.41180,0.03217,24.708,0.064,775.000,400.000,-1,400.000,-1,325.000,325.000,300.000,300.000,500.000,-1,-1,-1,700.000,750.000,775.000,-1,1,0,2,0,2,0,0,0,0,1,2,2,2,1,0,1,2
29,5044.498,1024.063,-141.278,130.335,-0.647964,-0.761654,-0.005013,0.759673,-0.646727,0.068118,-0.055124,0.040330,0.997665,0,0.49180,0.15217,29.508,0.304,750.000,400.000,-1,400.000,-1,325.000,325.000,300.000,300.000,525.000,-1,-1,-1,675.000,750.000,750.000,-1,1,0,2,0,2,0,0,0,0,1,2,2,2,1,0,1,2
30,5022.044,1050.003,-143.110,130.879,-0.655174,-0.755457,-0.005665,0.753412,-0.653918,0.069007,-0.055837,0.040944,0.997600,0,0.57180,0.27217,34.308,0.544,725.000,400.000,-1,400.000,-1,325.000,325.000,300.000,300.000,550.000,-1,-1,-1,650.000,750.000,700.000,-1,1,0,2,0,2,0,0,0,0,1,2,2,2,1,0,1,2
31,4996.103,1079.155,-145.248,131.664,-0.665466,-0.746403,-0.006208,0.744295,-0.664169,0.070037,-0.056399,0.041987,0.997525,0,0.65037,0.39217,39.022,0.784,675.000,400.000,-1,400.000,-1,325.000,325.000,300.000,300.000,575.000,-1,-1,-1,625.000,725.000,675.000,-1,1,0,2,0,2,0,0,0,0,1,2,2,2,1,0,1,2
32,4969.450,1108.050,-147.446,132.688,-0.678724,-0.734364,-0.006590,0.732203,-0.677364,0.071106,-0.056681,0.043437,0.997447,0,0.65518,0.51217,39.311,1.024,650.000,400.000,-1,400.000,-1,325.000,325.000,300.000,300.000,600.000,-1,-1,-1,600.000,725.000,625.000,-1,1,0,2,0,2,0,0,0,0,1,2,2,2,1,0,1,2
33,4941.930,1136.595,-149.567,133.952,-0.694772,-0.719196,-0.007012,0.717012,-0.693361,0.071727,-0.056448,0.044806,0.997400,0,0.66085,0.63217,39.651,1.264,600.000,400.000,-1,400.000,-1,325.000,325.000,300.000,300.000,625.000,-1,-1,-1,575.000,725.000,600.000,-1,1,0,2,0,2,0,0,0,0,1,2,2,2,1,0,1,2
34,4910.461,1167.990,-151.903,135.067,-0.708632,-0.705540,-0.007433,0.703336,-0.707180,0.072214,-0.056207,0.045945,0.997361,0,0.74085,0.55715,44.451,1.114,575.000,400.000,-1,400.000,-1,325.000,325.000,300.000,300.000,650.000,-1,-1,-1,550.000,725.000,550.000,-1,1,0,2,0,2,0,0,0,0,1,2,2,2,1,0,1,2
35,4874.932,1202.098,-154.493,136.168,-0.722066,-0.691780,-0.007813,0.689560,-0.720570,0.072706,-0.055927,0.047111,0.997323,0,0.82085,0.55064,49.251,1.101,525.000,400.000,1000.000,375.000,-1,325.000,325.000,300.000,300.000,700.000,-1,-1,-1,500.000,700.000,500.000,-1,1,1,1,0,2,0,0,0,0,1,2,2,2,1,0,1,2
36,4837.666,1236.540,-157.183,137.255,-0.735066,-0.677947,-0.008119,0.675720,-0.733528,0.073071,-0.055494,0.048226,0.997294,0,0.84575,0.54362,50.745,1.087,475.000,375.000,925.000,375.000,-1,325.000,325.000,300.000,300.000,725.000,-1,-1,-1,475.000,700.000,450.000,-1,1,1,1,0,2,0,0,0,0,1,2,2,2,1,0,1,2
37,4799.324,1270.667,-159.736,138.328,-0.747620,-0.664074,-0.008365,0.661885,-0.746072,0.072694,-0.054515,0.048811,0.997319,0,0.85551,0.53644,51.331,1.073,425.000,350.000,850.000,375.000,-1,325.000,325.000,300.000,300.000,750.000,-1,-1,-1,450.000,700.000,425.000,-1,1,1,1,0,2,0,0,0,0,1,2,2,2,1,0,1,2
38,4759.906,1304.468,-162.289,139.386,-0.759749,-0.650161,-0.008484,0.648021,-0.758191,0.072218,-0.053386,0.049370,0.997353,0,0.86543,0.52923,51.926,1.058,375.000,325.000,800.000,375.000,-1,325.000,325.000,300.000,300.000,800.000,-1,-1,-1,400.000,675.000,375.000,-1,1,1,1,0,2,1,0,0,0,1,2,2,2,1,1,1,2
39,4719.414,1337.929,-164.854,140.430,-0.771461,-0.636220,-0.008467,0.634136,-0.769889,0.071715,-0.052145,0.049956,0.997389,0,0.87549,0.52201,52.529,1.044,325.000,300.000,725.000,375.000,-1,300.000,325.000,300.000,300.000,825.000,-1,-1,-1,375.000,625.000,325.000,925.000,1,1,1,0,2,1,0,0,0,1,2,2,2,1,1,1,1
40,4677.848,1371.037,-167.002,141.460,-0.782829,-0.622207,-0.006096,0.620275,-0.781101,0.071696,-0.049371,0.052344,0.997408,0,0.88567,0.51480,53.140,1.030,300.000,275.000,675.000,375.000,-1,275.000,325.000,300.000,300.000,875.000,-1,-1,-1,350.000,575.000,275.000,850.000,1,1,1,0,2,1,1,0,0,1,2,2,2,1,1,1,1
41,4635.210,1403.774,-167.173,142.475,-0.793989,-0.607897,0.006593,0.606622,-0.791520,0.074201,-0.039889,0.062914,0.997221,0,0.89595,0.50766,53.757,1.015,300.000,250.000,625.000,375.000,-1,250.000,300.000,325.000,300.000,900.000,-1,-1,-1,325.000,525.000,275.000,775.000,1,1,1,1,2,1,1,1,0,1,2,2,2,1,1,1,1
42,4592.301,1435.245,-167.045,143.731,-0.807193,-0.589927,0.020633,0.589568,-0.803989,0.077537,-0.029153,0.074752,0.996776,0,0.88690,0.62766,53.214,1.255,275.000,250.000,600.000,350.000,-1,225.000,275.000,350.000,300.000,950.000,-1,500.000,-1,325.000,500.000,250.000,700.000,1,1,1,1,2,1,1,1,0,1,2,0,2,1,1,1,1
43,4548.138,1466.068,-166.611,145.071,-0.820615,-0.570336,0.036171,0.571222,-0.816689,0.082007,-0.017231,0.087958,0.995975,0,0.89763,0.67040,53.858,1.341,275.000,225.000,575.000,325.000,-1,225.000,250.000,375.000,275.000,1000.000,450.000,275.000,-1,300.000,450.000,250.000,625.000,1,1,1,1,2,1,1,1,0,1,0,0,2,1,1,1,1
44,4502.723,1496.221,-165.808,146.397,-0.833134,-0.550533,0.052928,0.553054,-0.828526,0.087614,-0.004383,0.102266,0.994747,0,0.90857,0.66281,54.514,1.326,275.000,225.000,550.000,300.000,-1,200.000,250.000,425.000,275.000,-1,325.000,175.000,825.000,275.000,425.000,225.000,550.000,1,1,1,1,2,1,1,1,0,2,0,0,0,1,1,1,1
45,4456.075,1525.673,-164.549,147.708,-0.844725,-0.530544,0.070455,0.535124,-0.839492,0.094313,0.009110,0.117371,0.993046,0,0.91948,0.65543,55.169,1.311,275.000,200.000,525.000,275.000,-1,200.000,225.000,450.000,250.000,-1,275.000,125.000,650.000,275.000,400.000,225.000,500.000,1,1,1,1,2,1,1,1,0,2,0,0,0,1,1,1,1
46,-8198.942,-3607.461,-311.487,-48.504,0.643382,0.736025,-0.210539,-0.757943,0.651091,-0.040031,0.107616,0.185332,0.976765,1,0.00000,0.00000,55.820,1.297,200.000,-1,-1,750.000,-1,750.000,675.000,200.000,225.000,-1,200.000,25.000,250.000,-1,-1,-1,-1,1,2,2,0,2,0,0,1,0,2,0,0,0,2,2,2,2
47,-2296.994,3602.988,-280.957,-104.897,-0.257136,0.966162,-0.020322,-0.966373,-0.257030,0.007688,0.002204,0.021616,0.999764,1,0.08000,0.12000,4.800,0.240,-1,375.000,-1,375.000,-1,325.000,325.000,300.000,300.000,-1,-1,-1,-1,675.000,675.000,-1,-1,2,0,2,0,2,0,0,0,0,2,2,2,2,0,0,2,2
48,-2299.384,3593.690,-280.926,-104.417,-0.249040,0.968282,-0.020213,-0.968489,-0.248927,0.007958,0.002674,0.021558,0.999764,0,0.16000,0.24000,9.600,0.480,-1,375.000,-1,375.000,-1,325.000,325.000,300.000,300.000,-1,-1,-1,-1,675.000,675.000,-1,-1,2,0,2,0,2,0,0,0,0,2,2,2,2,0,0,2,2
49,-2302.794,3579.700,-280.875,-103.697,-0.236865,0.971336,-0.020059,-0.971537,-0.236741,0.008367,0.003379,0.021470,0.999764,0,0.24000,0.36000,14.400,0.720,-1,375.000,-1,375.000,-1,325.000,325.000,300.000,325.000,-1,-1,-1,-1,675.000,675.000,-1,-1,2,0,2,0,2,0,0,0,0,2,2,2,2,0,0,2,2
50,-2307.045,3560.976,-280.803,-102.792,-0.221504,0.974957,-0.019867,-0.975150,-0.221366,0.008919,0.004297,0.021349,0.999763,0,0.32000,0.45263,19.200,0.905,-1,375.000,-1,375.000,-1,325.000,325.000,300.000,325.000,-1,-1,-1,-1,675.000,675.000,-1,-1,2,0,2,0,2,0,0,0,0,2,2,2,2,0,0,2,2
51,-2311.986,3537.490,-280.708,-101.881,-0.205986,0.978358,-0.019645,-0.978540,-0.205832,0.009611,0.005359,0.021204,0.999761,0,0.40000,0.45566,24.000,0.911,-1,375.000,-1,375.000,-1,325.000,325.000,300.000,325.000,-1,-1,-1,-1,675.000,675.000,-1,-1,2,0,2,0,2,0,0,0,0,2,2,2,2,0,0,2,2
52,-2317.463,3509.216,-280.586,-100.962,-0.190289,0.981536,-0.019399,-0.981706,-0.190116,0.010448,0.006567,0.021032,0.999757,0,0.48000,0.45946,28.800,0.919,-1,375.000,-1,375.000,-1,325.000,325.000,300.000,325.000,-1,-1,-1,-1,675.000,675.000,-1,-1,2,0,2,0,2,0,0,0,0,2,2,2,2,0,0,2,2
53,-2323.317,3476.130,-280.434,-100.034,-0.174388,0.984491,-0.019134,-0.984645,-0.174193,0.011431,0.007920,0.020834,0.999752,0,0.56000,0.46403,33.600,0.928,-1,375.000,-1,375.000,-1,325.000,325.000,300.000,300.000,-1,-1,-1,-1,675.000,675.000,-1,-1,2,0,2,0,2,0,0,0,0,2,2,2,2,0,0,2,2
54,-2329.387,3438.213,-280.249,-99.095,-0.158259,0.987217,-0.018859,-0.987353,-0.158041,0.012563,0.009421,0.020609,0.999743,0,0.64000,0.46939,38.400,0.939,-1,375.000,-1,375.000,-1,300.000,300.000,300.000,300.000,-1,950.000,825.000,-1,675.000,675.000,-1,-1,2,0,2,0,2,0,0,0,0,2,0,0,2,0,0,2,2
55,-2334.995,3399.025,-280.046,-98.144,-0.141875,0.989710,-0.018612,-0.989824,-0.141633,0.013740,0.010962,0.020372,0.999732,0,0.65978,0.47553,39.587,0.951,-1,375.000,-1,375.000,-1,300.000,300.000,300.000,300.000,-1,725.000,700.000,-1,675.000,675.000,-1,-1,2,0,2,0,2,0,0,0,0,2,0,0,2,0,0,2,2
56,-2340.026,3359.066,-279.826,-97.176,-0.125166,0.991965,-0.018401,-0.992057,-0.124901,0.014947,0.012528,0.020125,0.999719,0,0.67125,0.48380,40.275,0.968,-1,375.000,-1,375.000,-1,300.000,300.000,300.000,300.000,-1,600.000,625.000,-1,675.000,675.000,-1,-1,2,0,2,0,2,0,0,0,0,2,0,0,2,0,0,2,2
57,-2344.411,3318.790,-279.592,-96.214,-0.108507,0.993929,-0.018229,-0.993996,-0.108218,0.016167,0.014096,0.019874,0.999703,0,0.67524,0.48132,40.514,0.963,-1,375.000,-1,375.000,-1,300.000,300.000,300.000,300.000,-1,575.000,575.000,-1,675.000,675.000,-1,-1,2,0,2,0,2,0,0,0,0,2,0,0,2,0,0,2,2
58,-2348.144,3278.217,-279.090,-95.257,-0.091926,0.995582,-0.019141,-0.995644,-0.091597,0.017422,0.015592,0.020659,0.999665,0,0.67907,0.47862,40.744,0.957,-1,375.000,-1,375.000,-1,300.000,300.000,300.000,300.000,-1,550.000,550.000,-1,700.000,650.000,-1,-1,2,0,2,0,2,0,0,0,0,2,0,0,2,0,0,2,2
59,-2350.988,3242.386,-278.324,-94.539,-0.079483,0.996648,-0.019383,-0.996693,-0.079127,0.018518,0.016922,0.020790,0.999641,0,0.59907,0.35862,35.944,0.717,-1,375.000,-1,375.000,-1,300.000,300.000,300.000,300.000,-1,550.000,550.000,-1,700.000,650.000,-1,-1,2,0,2,0,2,0,0,0,0,2,0,0,2,0,0,2,2
60,-2353.195,3211.320,-277.455,-94.062,-0.071195,0.997284,-0.018878,-0.997295,-0.070823,0.019670,0.018280,0.020228,0.999628,0,0.51907,0.23862,31.144,0.477,-1,375.000,-1,375.000,-1,300.000,300.000,300.000,300.000,-1,550.000,550.000,-1,700.000,675.000,-1,-1,2,0,2,0,2,0,0,0,0,2,0,0,2,0,0,2,2
61,-2354.952,3185.035,-276.718,-93.825,-0.067078,0.997576,-0.018490,-0.997560,-0.066694,0.020646,0.019363,0.019830,0.999616,0,0.43907,0.11862,26.344,0.237,-1,375.000,-1,375.000,-1,300.000,300.000,300.000,300.000,-1,550.000,550.000,-1,700.000,675.000,-1,-1,2,0,2,0,2,0,0,0,0,2,0,0,2,0,0,2,2
62,-2356.390,3163.539,-276.115,-93.828,-0.067136,0.997578,-0.018202,-0.997540,-0.066742,0.021445,0.020178,0.019597,0.999604,0,0.35907,-0.00138,21.544,-0.003,-1,375.000,-1,375.000,-1,300.000,300.000,300.000,300.000,-1,550.000,550.000,-1,700.000,675.000,-1,-1,2,0,2,0,2,0,0,0,0,2,0,0,2,0,0,2,2
63,-2357.579,3146.837,-275.647,-94.070,-0.071371,0.997287,-0.018005,-0.997234,-0.070969,0.022065,0.020727,0.019530,0.999594,0,0.27907,-0.12138,16.744,-0.243,-1,375.000,-1,375.000,-1,300.000,300.000,300.000,300.000,-1,550.000,550.000,-1,700.000,675.000,-1,-1,2,0,2,0,2,0,0,0,0,2,0,0,2,0,0,2,2
64,-2358.527,3134.931,-275.317,-94.553,-0.079778,0.996652,-0.017894,-0.996591,-0.079369,0.022506,0.021011,0.019628,0.999587,0,0.19907,-0.24138,11.944,-0.483,-1,375.000,-1,375.000,-1,300.000,300.000,300.000,300.000,-1,550.000,550.000,-1,700.000,675.000,-1,-1,2,0,2,0,2,0,0,0,0,2,0,0,2,0,0,2,2
65,-2359.158,3127.815,-275.121,-95.065,-0.088684,0.995900,-0.017847,-0.995836,-0.088271,0.022769,0.021101,0.019792,0.999581,0,0.11907,-0.25598,7.144,-0.512,-1,375.000,-1,375.000,-1,300.000,300.000,300.000,300.000,-1,550.000,550.000,-1,700.000,675.000,-1,-1,2,0,2,0,2,0,0,0,0,2,0,0,2,0,0,2,2
66,-2359.385,3125.482,-275.058,-95.578,-0.097590,0.995066,-0.017866,-0.995005,-0.097174,0.022854,0.021006,0.020007,0.999579,0,0.03907,-0.25623,2.344,-0.512,-1,375.000,-1,375.000,-1,300.000,300.000,300.000,300.000,-1,550.000,550.000,-1,700.000,675.000,-1,-1,2,0,2,0,2,0,0,0,0,2,0,0,2,0,0,2,2
67,-2359.125,3127.924,-275.127,-96.090,-0.106482,0.994152,-0.017956,-0.994099,-0.106065,0.022761,0.020724,0.020274,0.999580,0,-0.04093,-0.25610,-2.456,-0.512,-1,375.000,-1,375.000,-1,300.000,300.000,300.000,300.000,-1,550.000,550.000,-1,700.000,675.000,-1,-1,2,0,2,0,2,0,0,0,0,2,0,0,2,0,0,2,2
68,-2358.291,3135.132,-275.327,-96.601,-0.115345,0.993160,-0.018123,-0.993119,-0.114930,0.022491,0.020254,0.020593,0.999583,0,-0.12093,-0.25561,-7.256,-0.511,-1,375.000,-1,375.000,-1,300.000,300.000,300.000,300.000,-1,550.000,550.000,-1,700.000,675.000,-1,-1,2,0,2,0,2,0,0,0,0,2,0,0,2,0,0,2,2
69,-2356.824,3146.887,-275.648,-97.111,-0.124168,0.992091,-0.018368,-0.992068,-0.123757,0.022051,0.019604,0.020961,0.999588,0,-0.19743,-0.25477,-11.846,-0.510,-1,375.000,-1,375.000,-1,300.000,300.000,300.000,300.000,-1,550.000,550.000,-1,700.000,675.000,-1,-1,2,0,2,0,2,0,0,0,0,2,0,0,2,0,0,2,2
70,-2355.247,3158.680,-275.969,-97.618,-0.132941,0.990949,-0.018622,-0.990943,-0.132534,0.021611,0.018947,0.021327,0.999593,0,-0.19832,-0.25362,-11.899,-0.507,-1,375.000,-1,375.000,-1,300.000,300.000,300.000,300.000,-1,550.000,550.000,-1,700.000,675.000,-1,-1,2,0,2,0,2,0,0,0,0,2,0,0,2,0,0,2,2
71,-2353.558,3170.515,-276.290,-98.123,-0.141664,0.989735,-0.018885,-0.989746,-0.141261,0.021171,0.018286,0.021691,0.999597,0,-0.19924,-0.25249,-11.954,-0.505,-1,375.000,-1,375.000,-1,300.000,300.000,300.000,300.000,-1,550.000,550.000,-1,700.000,675.000,-1,-1,2,0,2,0,2,0,0,0,0,2,0,0,2,0,0,2,2
72,-2351.756,3182.391,-276.609,-98.626,-0.150337,0.988449,-0.019157,-0.988478,-0.149939,0.020731,0.017619,0.022053,0.999602,0,-0.20019,-0.25139,-12.012,-0.503,-1,375.000,-1,375.000,-1,300.000,300.000,300.000,300.000,-1,550.000,550.000,-1,700.000,675.000,-1,-1,2,0,2,0,2,0,0,0,0,2,0,0,2,0,0,2,2
73,-2349.841,3194.309,-276.928,-99.126,-0.158961,0.987094,-0.019438,-0.987139,-0.158569,0.020291,0.016947,0.022413,0.999605,0,-0.20119,-0.25031,-12.071,-0.501,-1,375.000,-1,375.000,-1,300.000,300.000,300.000,300.000,-1,550.000,550.000,-1,700.000,675.000,-1,-1,2,0,2,0,2,0,0,0,0,2,0,0,2,0,0,2,2
74,-2347.813,3206.271,-277.246,-99.625,-0.167536,0.985669,-0.019727,-0.985732,-0.167150,0.019851,0.016269,0.022771,0.999608,0,-0.20221,-0.24926,-12.133,-0.499,-1,375.000,-1,375.000,-1,300.000,300.000,300.000,300.000,-1,575.000,550.000,-1,700.000,675.000,-1,-1,2,0,2,0,2,0,0,0,0,2,0,0,2,0,0,2,2
75,-2345.669,3218.278,-277.563,-100.121,-0.176064,0.984175,-0.020025,-0.984255,-0.175683,0.019411,0.015586,0.023127,0.999611,0,-0.20328,-0.24824,-12.197,-0.496,-1,375.000,-1,375.000,-1,300.000,300.000,300.000,300.000,-1,575.000,550.000,-1,700.000,650.000,-1,-1,2,0,2,0,2,0,0,0,0,2,0,0,2,0,0,2,2
76,-2343.410,3230.330,-277.850,-100.616,-0.184543,0.982617,-0.020211,-0.982710,-0.184169,0.019036,0.014983,0.023374,0.999615,0,-0.20437,-0.24724,-12.262,-0.494,-1,375.000,-1,375.000,-1,300.000,300.000,300.000,300.000,-1,575.000,550.000,-1,675.000,650.000,-1,-1,2,0,2,0,2,0,0,0,0,2,0,0,2,0,0,2,2
77,-2341.035,3242.430,-278.069,-101.108,-0.192976,0.980997,-0.020115,-0.981095,-0.192609,0.018810,0.014578,0.023364,0.999621,0,-0.20550,-0.24627,-12.330,-0.493,-1,375.000,-1,375.000,-1,300.000,300.000,300.000,300.000,-1,575.000,550.000,-1,675.000,650.000,-1,-1,2,0,2,0,2,0,0,0,0,2,0,0,2,0,0,2,2
78,-2338.542,3254.576,-278.233,-101.599,-0.201356,0.979317,-0.019865,-0.979418,-0.201004,0.018390,0.014017,0.023159,0.999634,0,-0.20667,-0.24533,-12.400,-0.491,-1,375.000,-1,375.000,-1,300.000,300.000,300.000,300.000,-1,575.000,550.000,-1,675.000,675.000,-1,-1,2,0,2,0,2,0,0,0,0,2,0,0,2,0,0,2,2
79,-2336.981,3262.014,-278.323,-101.850,-0.205630,0.978432,-0.019678,-0.978535,-0.205288,0.018082,0.013652,0.022973,0.999643,0,-0.12667,-0.12533,-7.600,-0.251,-1,375.000,-1,375.000,-1,300.000,300.000,300.000,300.000,-1,575.000,550.000,-1,675.000,675.000,-1,-1,2,0,2,0,2,0,0,0,0,2,0,0,2,0,0,2,2
80,-2336.406,3264.755,-278.358,-101.860,-0.205809,0.978396,-0.019610,-0.978498,-0.205470,0.017966,0.013549,0.022886,0.999646,0,-0.04667,-0.00533,-2.800,-0.011,-1,375.000,-1,375.000,-1,300.000,300.000,300.000,300.000,-1,575.000,550.000,-1,675.000,675.000,-1,-1,2,0,2,0,2,0,0,0,0,2,0,0,2,0,0,2,2
81,-2336.809,3262.796,-278.341,-101.631,-0.201894,0.979210,-0.019661,-0.979312,-0.201552,0.018044,0.013707,0.022898,0.999644,0,0.03333,0.11467,2.000,0.229,-1,375.000,-1,375.000,-1,300.000,300.000,300.000,300.000,-1,575.000,550.000,-1,675.000,675.000,-1,-1,2,0,2,0,2,0,0,0,0,2,0,0,2,0,0,2,2
82,-2338.136,3256.127,-278.265,-101.254,-0.195454,0.980512,-0.019834,-0.980612,-0.195103,0.018316,0.014090,0.023029,0.999636,0,0.11333,0.18853,6.800,0.377,-1,375.000,-1,375.000,-1,300.000,300.000,300.000,300.000,-1,575.000,550.000,-1,675.000,675.000,-1,-1,2,0,2,0,2,0,0,0,0,2,0,0,2,0,0,2,2
83,-2340.325,3244.735,-278.112,-100.878,-0.189028,0.981766,-0.020091,-0.981863,-0.188663,0.018736,0.014604,0.023268,0.999623,0,0.19333,0.18801,11.600,0.376,-1,375.000,-1,375.000,-1,300.000,300.000,300.000,300.000,-1,575.000,550.000,-1,675.000,650.000,-1,-1,2,0,2,0,2,0,0,0,0,2,0,0,2,0,0,2,2
84,-2343.315,3228.610,-277.812,-100.503,-0.182619,0.982976,-0.020228,-0.983069,-0.182244,0.019061,0.015050,0.023367,0.999614,0,0.27333,0.18718,16.400,0.374,-1,375.000,-1,375.000,-1,300.000,300.000,300.000,300.000,-1,575.000,550.000,-1,675.000,650.000,-1,-1,2,0,2,0,2,0,0,0,0,2,0,0,2,0,0,2,2
85,-2347.044,3207.740,-277.280,-100.131,-0.176245,0.984146,-0.019838,-0.984216,-0.175859,0.019800,0.015997,0.023015,0.999607,0,0.35333,0.18603,21.200,0.372,-1,375.000,-1,375.000,-1,300.000,300.000,300.000,300.000,-1,575.000,550.000,-1,700.000,675.000,-1,-1,2,0,2,0,2,0,0,0,0,2,0,0,2,0,0,2,2
86,-2351.452,3182.117,-276.607,-99.762,-0.169917,0.985269,-0.019317,-0.985309,-0.169517,0.020749,0.017169,0.022559,0.999598,0,0.43333,0.18454,26.000,0.369,-1,375.000,-1,375.000,-1,300.000,300.000,300.000,300.000,-1,550.000,550.000,-1,700.000,675.000,-1,-1,2,0,2,0,2,0,0,0,0,2,0,0,2,0,0,2,2
87,-2356.481,3151.730,-275.803,-99.397,-0.163647,0.986341,-0.018723,-0.986345,-0.163233,0.021880,0.018525,0.022047,0.999585,0,0.51333,0.18268,30.800,0.365,-1,375.000,-1,375.000,-1,300.000,300.000,300.000,300.000,-1,550.000,550.000,-1,700.000,675.000,-1,-1,2,0,2,0,2,0,0,0,0,2,0,0,2,0,0,2,2
88,-2362.073,3116.572,-274.866,-99.036,-0.157450,0.987362,-0.018059,-0.987323,-0.157019,0.023193,0.020065,0.021482,0.999568,0,0.59333,0.18043,35.600,0.361,-1,375.000,-1,375.000,-1,300.000,300.000,300.000,300.000,-1,550.000,550.000,-1,700.000,675.000,-1,-1,2,0,2,0,2,0,0,0,0,2,0,0,2,0,0,2,2
89,-2368.170,3076.635,-273.793,-98.681,-0.151339,0.988330,-0.017328,-0.988242,-0.150893,0.024692,0.021789,0.020861,0.999545,0,0.67333,0.17774,40.400,0.355,-1,375.000,-1,375.000,-1,300.000,300.000,325.000,300.000,-1,550.000,550.000,-1,700.000,675.000,-1,-1,2,0,2,0,2,0,0,0,0,2,0,0,2,0,0,2,2
90,-2374.720,3031.912,-272.583,-98.331,-0.145331,0.989245,-0.016534,-0.989099,-0.144869,0.026376,0.023697,0.020187,0.999515,0,0.75333,0.17458,45.200,0.349,-1,375.000,-1,375.000,-1,300.000,300.000,300.000,300.000,-1,550.000,550.000,-1,700.000,675.000,-1,-1,2,0,2,0,2,0,0,0,0,2,0,0,2,0,0,2,2
91,-2381.669,2982.397,-271.232,-97.990,-0.139444,0.990106,-0.015677,-0.989894,-0.138967,0.028248,0.025789,0.019458,0.999478,0,0.83333,0.17090,50.000,0.342,-1,375.000,-1,375.000,-1,300.000,300.000,300.000,325.000,-1,525.000,550.000,-1,700.000,675.000,-1,-1,2,0,2,0,2,0,0,0,0,2,0,0,2,0,0,2,2
92,-2388.971,2928.085,-269.738,-97.656,-0.133697,0.990912,-0.014762,-0.990625,-0.133207,0.030308,0.028066,0.018675,0.999432,0,0.91333,0.16665,54.800,0.333,-1,375.000,-1,375.000,-1,325.000,300.000,300.000,325.000,-1,525.000,550.000,-1,700.000,700.000,-1,-1,2,0,2,0,2,0,0,0,0,2,0,0,2,0,0,2,2
93,-2396.558,2869.127,-268.103,-97.333,-0.128112,0.991664,-0.013791,-0.991290,-0.127611,0.032552,0.030521,0.017841,0.999375,0,0.99073,0.16178,59.444,0.324,-1,375.000,-1,375.000,-1,325.000,300.000,300.000,325.000,-1,525.000,550.000,-1,725.000,700.000,-1,-1,2,0,2,0,2,0,0,0,0,2,0,0,2,0,0,2,2
94,-2403.853,2809.884,-266.446,-97.020,-0.122711,0.992359,-0.012838,-0.991894,-0.122204,0.034815,0.032980,0.017007,0.999311,0,0.99486,0.15621,59.691,0.312,-1,375.000,-1,375.000,1000.000,325.000,325.000,300.000,300.000,-1,525.000,550.000,-1,725.000,700.000,-1,-1,2,0,2,0,1,0,0,0,0,2,0,0,2,0,0,2,2
95,-2410.865,2750.378,-264.770,-96.720,-0.117508,0.993001,-0.011903,-0.992439,-0.116997,0.037095,0.035443,0.016172,0.999241,0,0.99862,0.15031,59.917,0.301,-1,375.000,-1,375.000,975.000,325.000,325.000,300.000,300.000,-1,500.000,525.000,-1,725.000,700.000,-1,-1,2,0,2,0,1,0,0,0,0,2,0,0,2,0,0,2,2
96,-2417.586,2690.755,-263.079,-96.432,-0.112514,0.993589,-0.010987,-0.992927,-0.112004,0.039386,0.037903,0.015341,0.999164,0,1.00000,0.14405,60.000,0.288,-1,400.000,-1,375.000,950.000,325.000,325.000,300.000,300.000,-1,450.000,475.000,-1,725.000,725.000,-1,-1,2,0,2,0,1,0,0,0,0,2,0,0,2,0,0,2,2
97,-2424.021,2631.101,-261.169,-96.157,-0.107772,0.994115,-0.010966,-0.993373,-0.107235,0.041348,0.039929,0.015349,0.999085,0,1.00000,0.13745,60.000,0.275,-1,400.000,-1,375.000,925.000,325.000,325.000,300.000,300.000,-1,425.000,475.000,-1,750.000,725.000,-1,-1,2,0,2,0,1,0,0,0,0,2,0,0,2,0,0,2,2
98,-2430.184,2571.418,-258.745,-95.896,-0.103259,0.994593,-0.011027,-0.993805,-0.102706,0.042473,0.041111,0.015345,0.999037,0,1.00000,0.13050,60.000,0.261,-1,400.000,-1,375.000,900.000,325.000,325.000,300.000,300.000,-1,475.000,500.000,-1,750.000,725.000,-1,-1,2,0,2,0,1,0,0,0,0,2,0,0,2,0,0,2,2
99,-2436.090,2511.710,-256.114,-95.649,-0.098963,0.995037,-0.010424,-0.994208,-0.098429,0.043149,0.041909,0.014634,0.999014,0,1.00000,0.12320,60.000,0.246,-1,400.000,-1,375.000,925.000,325.000,325.000,300.000,300.000,-1,500.000,525.000,-1,750.000,725.000,-1,-1,2,0,2,0,1,0,0,0,0,2,0,0,2,0,0,2,2
100,-2441.756,2451.978,-253.473,-95.418,-0.094931,0.995435,-0.009830,-0.994568,-0.094415,0.043812,0.042684,0.013936,0.998991,0,1.00000,0.11555,60.000,0.231,-1,400.000,-1,375.000,925.000,325.000,325.000,300.000,300.000,-1,550.000,575.000,-1,750.000,750.000,-1,-1,2,0,2,0,1,0,0,0,0,2,0,0,2,0,0,2,2
101,-2447.197,2392.225,-250.823,-95.203,-0.091174,0.995792,-0.009245,-0.994887,-0.090678,0.044462,0.043437,0.013252,0.998968,0,1.00000,0.10755,60.000,0.215,-1,400.000,-1,375.000,950.000,325.000,325.000,300.000,300.000,-1,600.000,625.000,-1,750.000,750.000,-1,-1,2,0,2,0,1,0,0,0,0,2,0,0,2,0,0,2,2
102,-2452.431,2332.454,-248.163,-95.005,-0.087705,0.996109,-0.008668,-0.995167,-0.087230,0.045101,0.044170,0.012582,0.998945,0,1.00000,0.09921,60.000,0.198,-1,400.000,-1,375.000,950.000,325.000,325.000,300.000,300.000,-1,625.000,650.000,-1,750.000,775.000,-1,-1,2,0,2,0,1,0,0,0,0,2,0,0,2,0,0,2,2
103,-2457.477,2272.666,-245.496,-94.824,-0.084537,0.996387,-0.008098,-0.995409,-0.084082,0.045729,0.044883,0.011927,0.998921,0,1.00000,0.09054,60.000,0.181,-1,400.000,-1,400.000,950.000,325.000,325.000,300.000,300.000,-1,675.000,700.000,-1,750.000,775.000,-1,-1,2,0,2,0,1,0,0,0,1,2,0,0,2,0,0,2,2
104,-2462.352,2212.864,-242.821,-94.660,-0.081679,0.996630,-0.007535,-0.995616,-0.081246,0.046347,0.045578,0.011287,0.998897,0,1.00000,0.08155,60.000,0.163,-1,400.000,-1,400.000,975.000,325.000,325.000,300.000,300.000,-1,700.000,725.000,-1,750.000,800.000,-1,-1,2,0,2,0,1,0,0,0,1,2,0,0,2,0,0,2,2
105,-2467.076,2153.051,-240.139,-94.516,-0.079144,0.996839,-0.006977,-0.995789,-0.078732,0.046954,0.046256,0.010663,0.998873,0,1.00000,0.07227,60.000,0.145,-1,400.000,-1,400.000,975.000,325.000,325.000,300.000,300.000,-1,725.000,775.000,-1,750.000,800.000,-1,-1,2,0,2,0,1,0,0,0,1,2,0,0,2,0,0,2,2
106,-2471.670,2093.227,-237.451,-94.390,-0.076939,0.997015,-0.006423,-0.995931,-0.076549,0.047551,0.046918,0.010055,0.998848,0,1.00000,0.06274,60.000,0.125,-1,400.000,-1,400.000,975.000,325.000,325.000,300.000,300.000,-1,775.000,800.000,-1,750.000,825.000,-1,-1,2,0,2,0,1,0,0,0,1,2,0,0,2,0,0,2,2
107,-2476.152,2033.394,-234.757,-94.284,-0.075073,0.997161,-0.005873,-0.996043,-0.074705,0.048139,0.047564,0.009463,0.998823,0,1.00000,0.05298,60.000,0.106,-1,400.000,-1,400.000,1000.000,325.000,325.000,300.000,300.000,-1,800.000,825.000,-1,750.000,825.000,-1,-1,2,0,2,0,1,0,0,0,1,2,0,0,2,0,0,2,2
108,-2480.535,1973.695,-232.012,-94.198,-0.073561,0.997275,-0.005547,-0.996133,-0.073207,0.048575,0.048036,0.009099,0.998804,0,0.99766,0.04307,59.859,0.086,-1,400.000,-1,400.000,-1,325.000,325.000,300.000,300.000,-1,850.000,875.000,-1,775.000,850.000,-1,-1,2,0,2,0,2,0,0,0,1,2,0,0,2,0,0,2,2
109,-2484.827,1914.281,-229.290,-94.132,-0.072427,0.997356,-0.005998,-0.996232,-0.072055,0.048269,0.047710,0.009471,0.998816,0,0.99282,0.03307,59.569,0.066,-1,400.000,-1,400.000,-1,325.000,325.000,300.000,300.000,-1,925.000,950.000,-1,775.000,875.000,-1,-1,2,0,2,0,2,0,0,0,1,2,0,0,2,0,0,2,2
110,-2488.939,1859.667,-226.892,-94.306,-0.075486,0.997124,-0.006787,-0.996040,-0.075080,0.047625,0.046979,0.010355,0.998842,0,0.91282,-0.08693,54.769,-0.174,-1,400.000,-1,400.000,-1,325.000,325.000,300.000,300.000,-1,1000.000,-1,-1,775.000,875.000,-1,-1,2,0,2,0,2,0,0,0,1,2,0,2,2,0,0,2,2
111,-2493.051,1809.868,-224.715,-94.720,-0.082720,0.996545,-0.007488,-0.995500,-0.082280,0.047016,0.046238,0.011344,0.998866,0,0.83282,-0.20693,49.969,-0.414,-1,400.000,-1,400.000,-1,325.000,325.000,300.000,275.000,-1,-1,-1,-1,775.000,875.000,-1,-1,2,0,2,0,2,0,0,0,1,2,2,2,2,0,1,2,2
112,-2497.473,1762.851,-222.674,-95.374,-0.094119,0.995528,-0.008134,-0.994523,-0.093645,0.046416,0.045446,0.012458,0.998889,0,0.78706,-0.32693,47.224,-0.654,-1,400.000,-1,400.000,-1,325.000,325.000,300.000,275.000,-1,-1,-1,-1,775.000,875.000,-1,-1,2,0,2,0,2,0,0,0,1,2,2,2,2,0,1,2,2
113,-2502.430,1716.117,-220.664,-96.055,-0.105985,0.994329,-0.008777,-0.993367,-0.105478,0.045787,0.044602,0.013572,0.998913,0,0.78327,-0.34076,46.996,-0.682,-1,400.000,-1,400.000,-1,325.000,325.000,300.000,275.000,-1,-1,-1,-1,775.000,875.000,-1,-1,2,0,2,0,2,0,0,0,1,2,2,2,2,0,1,2,2
114,-2507.918,1669.680,-218.687,-96.740,-0.117884,0.992983,-0.009420,-0.992065,-0.117347,0.045127,0.043705,0.014665,0.998937,0,0.77935,-0.34223,46.761,-0.684,-1,400.000,-1,400.000,-1,325.000,325.000,300.000,275.000,-1,-1,-1,-1,775.000,875.000,-1,-1,2,0,2,0,2,0,0,0,1,2,2,2,2,0,1,2,2
115,-2513.930,1623.553,-216.744,-97.427,-0.129807,0.991488,-0.010063,-0.990617,-0.129242,0.044431,0.042752,0.015736,0.998962,0,0.77527,-0.34348,46.516,-0.687,-1,400.000,-1,400.000,-1,325.000,325.000,300.000,275.000,-1,-1,-1,-1,775.000,875.000,-1,-1,2,0,2,0,2,0,0,0,1,2,2,2,2,0,1,2,2
116,-2520.461,1577.753,-214.831,-98.116,-0.141744,0.989845,-0.010728,-0.989022,-0.141152,0.043719,0.041760,0.016807,0.998986,0,0.77107,-0.34450,46.264,-0.689,-1,400.000,-1,400.000,-1,325.000,325.000,300.000,275.000,-1,-1,-1,-1,775.000,875.000,-1,-1,2,0,2,0,2,0,0,0,1,2,2,2,2,0,1,2,2
117,-2527.504,1532.289,-212.939,-98.806,-0.153688,0.988053,-0.011450,-0.987279,-0.153069,0.043022,0.040756,0.017916,0.999008,0,0.76677,-0.34528,46.006,-0.691,-1,400.000,-1,425.000,-1,325.000,325.000,300.000,275.000,-1,-1,-1,-1,775.000,875.000,-1,-1,2,0,2,0,2,0,0,0,1,2,2,2,2,0,1,2,2
118,-2535.052,1487.172,-211.085,-99.498,-0.165626,0.986113,-0.012180,-0.985389,-0.164982,0.042289,0.039692,0.019007,0.999031,0,0.76240,-0.34585,45.744,-0.692,-1,400.000,-1,425.000,-1,325.000,325.000,300.000,275.000,-1,-1,-1,-1,775.000,875.000,-1,-1,2,0,2,0,2,0,0,0,1,2,2,2,2,0,1,2,2
119,-2543.098,1442.408,-209.267,-100.190,-0.177549,0.984027,-0.012921,-0.983356,-0.176883,0.041516,0.038568,0.020077,0.999054,0,0.75801,-0.34618,45.481,-0.692,1000.000,400.000,-1,425.000,-1,325.000,325.000,300.000,275.000,-1,-1,-1,-1,800.000,875.000,-1,-1,1,0,2,0,2,0,0,0,1,2,2,2,2,0,1,2,2
120,-2551.635,1398.004,-207.488,-100.883,-0.189446,0.981796,-0.013674,-0.981179,-0.188760,0.040702,0.037380,0.021127,0.999078,0,0.75363,-0.34630,45.218,-0.693,950.000,400.000,-1,425.000,-1,325.000,325.000,300.000,250.000,-1,-1,-1,-1,800.000,900.000,-1,-1,1,0,2,0,2,0,0,0,1,2,2,2,2,0,1,2,2
121,-2560.656,1353.962,-205.750,-101.575,-0.201308,0.979422,-0.014438,-0.978863,-0.200606,0.039803,0.036087,0.022146,0.999103,0,0.74928,-0.34619,44.957,-0.692,925.000,400.000,-1,425.000,-1,325.000,325.000,300.000,250.000,-1,-1,-1,-1,800.000,925.000,-1,-1,1,0,2,0,2,0,0,0,1,2,2,2,2,0,0,2,2
122,-2570.153,1310.282,-204.176,-102.267,-0.213102,0.976918,-0.014808,-0.976427,-0.212414,0.038355,0.034324,0.022633,0.999154,0,0.74500,-0.34587,44.700,-0.692,900.000,400.000,-1,425.000,-1,325.000,325.000,300.000,250.000,-1,-1,-1,-1,825.000,925.000,-1,-1,1,0,2,0,2,0,0,0,1,2,2,2,2,0,0,2,2
123,-2581.210,1262.033,-202.520,-102.908,-0.224005,0.974467,-0.015358,-0.974046,-0.223327,0.036872,0.032501,0.023219,0.999202,0,0.82500,-0.32051,49.500,-0.641,875.000,400.000,-1,425.000,-1,325.000,350.000,300.000,250.000,-1,-1,-1,-1,825.000,925.000,-1,-1,1,0,2,0,2,0,0,0,1,2,2,2,2,0,0,2,2
124,-2591.933,1216.705,-201.251,-103.309,-0.230833,0.972849,-0.016758,-0.972501,-0.230134,0.035778,0.030950,0.024556,0.999219,0,0.77632,-0.20051,46.579,-0.401,850.000,400.000,-1,425.000,-1,325.000,350.000,300.000,250.000,-1,-1,-1,-1,825.000,900.000,-1,-1,1,0,2,1,2,0,0,0,1,2,2,2,2,0,0,2,2
125,-2602.871,1171.617,-200.092,-103.637,-0.236407,0.971479,-0.018432,-0.971215,-0.235687,0.034548,0.029218,0.026069,0.999233,0,0.77327,-0.16391,46.396,-0.328,850.000,400.000,-1,425.000,-1,325.000,325.000,300.000,250.000,-1,-1,-1,-1,825.000,900.000,-1,-1,1,0,2,1,2,0,0,0,1,2,2,2,2,0,0,2,2
126,-2614.026,1126.813,-198.980,-103.981,-0.242251,0.970005,-0.020101,-0.969825,-0.241515,0.033310,0.027456,0.027564,0.999243,0,0.76954,-0.17227,46.172,-0.345,850.000,400.000,-1,425.000,-1,325.000,325.000,300.000,225.000,-1,-1,-1,-1,850.000,900.000,-1,-1,1,0,2,1,2,0,0,0,1,2,2,2,2,0,0,2,2
127,-2625.401,1082.323,-197.919,-104.343,-0.248365,0.968422,-0.021766,-0.968327,-0.247619,0.032065,0.025663,0.029041,0.999249,0,0.76535,-0.18072,45.921,-0.361,875.000,400.000,-1,425.000,-1,325.000,325.000,300.000,225.000,-1,-1,-1,-1,850.000,900.000,-1,-1,1,0,2,1,2,0,0,0,1,2,2,2,2,0,0,2,2
128,-2637.000,1038.177,-196.718,-104.721,-0.254745,0.966744,-0.022585,-0.966700,-0.254005,0.031186,0.024412,0.029778,0.999258,0,0.76073,-0.18922,45.644,-0.378,875.000,400.000,-1,425.000,-1,325.000,350.000,300.000,225.000,-1,-1,-1,-1,850.000,900.000,-1,-1,1,0,2,1,2,0,0,0,1,2,2,2,2,0,0,2,2
129,-2648.816,994.402,-195.265,-105.105,-0.261195,0.965030,-0.022213,-0.964989,-0.260475,0.030804,0.023941,0.029481,0.999279,0,0.75570,-0.19183,45.342,-0.384,925.000,400.000,-1,425.000,-1,325.000,350.000,300.000,225.000,-1,-1,-1,-1,875.000,900.000,-1,-1,1,0,2,1,2,0,0,0,1,2,2,2,2,0,0,2,2
130,-2660.841,951.021,-193.935,-105.493,-0.267706,0.963246,-0.022154,-0.963221,-0.267003,0.030248,0.023221,0.029437,0.999297,0,0.75028,-0.19397,45.017,-0.388,975.000,400.000,-1,425.000,-1,325.000,350.000,275.000,225.000,-1,-1,-1,-1,875.000,925.000,-1,-1,1,0,2,1,2,0,0,0,1,2,2,2,2,0,0,2,2
131,-2673.067,908.056,-192.732,-105.885,-0.274267,0.961393,-0.022405,-0.961396,-0.273580,0.029527,0.022258,0.029638,0.999313,0,0.74450,-0.19583,44.670,-0.392,-1,425.000,-1,425.000,-1,350.000,350.000,275.000,225.000,-1,-1,-1,-1,900.000,925.000,-1,-1,2,0,2,0,2,0,0,0,1,2,2,2,2,0,0,2,2
132,-2685.486,865.528,-191.657,-106.279,-0.280867,0.959472,-0.022970,-0.959516,-0.280194,0.028648,0.021051,0.030087,0.999326,0,0.73841,-0.19741,44.305,-0.395,-1,425.000,-1,425.000,-1,350.000,350.000,275.000,225.000,-1,-1,-1,-1,900.000,925.000,-1,-1,2,0,2,0,2,0,0,0,1,2,2,2,2,0,0,2,2
133,-2698.091,823.451,-190.711,-106.677,-0.287495,0.957485,-0.023855,-0.957582,-0.286836,0.027617,0.019601,0.030783,0.999334,0,0.73208,-0.19869,43.925,-0.397,-1,425.000,-1,425.000,-1,350.000,350.000,300.000,225.000,-1,-1,-1,-1,925.000,925.000,-1,-1,2,0,2,0,2,0,0,0,1,2,2,2,2,0,0,2,2
134,-2712.538,777.107,-189.789,-107.314,-0.298100,0.954205,-0.025094,-0.954372,-0.297460,0.026315,0.017646,0.031793,0.999339,0,0.80905,-0.31869,48.543,-0.637,-1,425.000,-1,425.000,-1,350.000,350.000,300.000,225.000,-1,-1,-1,-1,925.000,900.000,-1,-1,2,0,2,0,2,0,0,0,1,2,2,2,2,0,0,2,2
