timestep,x_cm,y_cm,z_cm,yaw_deg,basis_xx,basis_xy,basis_xz,basis_yx,basis_yy,basis_yz,basis_zx,basis_zy,basis_zz,teleport_flag,throttle_cmd,steering_cmd,cmd_move_cm,cmd_turn_deg,lidar_cm_0,lidar_cm_1,lidar_cm_2,lidar_cm_3,lidar_cm_4,lidar_cm_5,lidar_cm_6,lidar_cm_7,lidar_cm_8,lidar_cm_9,lidar_cm_10,lidar_cm_11,lidar_cm_12,lidar_cm_13,lidar_cm_14,lidar_cm_15,lidar_cm_16,lidar_class_0,lidar_class_1,lidar_class_2,lidar_class_3,lidar_class_4,lidar_class_5,lidar_class_6,lidar_class_7,lidar_class_8,lidar_class_9,lidar_class_10,lidar_class_11,lidar_class_12,lidar_class_13,lidar_class_14,lidar_class_15,lidar_class_16
0,-3606.730,3602.912,32.023,-79.244,0.186565,0.982324,-0.015240,-0.982433,0.186609,0.001494,0.004311,0.014694,0.999883,1,0.08000,0.12000,4.800,0.240,-1,400.000,-1,400.000,-1,325.000,325.000,300.000,300.000,800.000,-1,-1,-1,725.000,700.000,-1,-1,2,0,2,0,2,0,0,0,0,1,2,2,2,0,0,2,2
1,-3604.859,3593.496,32.063,-78.764,0.194787,0.980727,-0.015243,-0.980835,0.194832,0.001533,0.004474,0.014652,0.999883,0,0.16000,0.24000,9.600,0.480,-1,400.000,-1,400.000,-1,325.000,325.000,300.000,300.000,825.000,-1,-1,-1,725.000,700.000,-1,-1,2,0,2,0,2,0,0,0,0,1,2,2,2,0,0,2,2
2,-3601.876,3579.408,32.125,-78.044,0.207093,0.978202,-0.015249,-0.978310,0.207141,0.001592,0.004716,0.014589,0.999882,0,0.24000,0.36000,14.400,0.720,-1,400.000,-1,400.000,-1,325.000,325.000,300.000,300.000,825.000,-1,-1,-1,725.000,700.000,-1,-1,2,0,2,0,2,0,0,0,0,1,2,2,2,0,0,2,2
3,-3597.605,3560.689,32.212,-77.147,0.222373,0.974842,-0.015261,-0.974949,0.222423,0.001667,0.005019,0.014508,0.999882,0,0.32000,0.44831,19.200,0.897,-1,400.000,-1,375.000,-1,325.000,325.000,300.000,300.000,825.000,-1,-1,-1,725.000,700.000,-1,-1,2,0,2,0,2,0,0,0,0,1,2,2,2,0,0,2,2
4,-3591.903,3537.376,32.327,-76.255,0.237515,0.971264,-0.015278,-0.971369,0.237568,0.001758,0.005337,0.014423,0.999882,0,0.40000,0.44588,24.000,0.892,-1,400.000,-1,375.000,-1,325.000,325.000,300.000,300.000,850.000,-1,-1,-1,725.000,700.000,-1,-1,2,0,2,0,2,0,0,0,0,1,2,2,2,0,0,2,2
5,-3584.629,3509.510,32.470,-75.370,0.252498,0.967476,-0.015304,-0.967581,0.252554,0.001864,0.005668,0.014337,0.999881,0,0.48000,0.44286,28.800,0.886,-1,400.000,-1,375.000,-1,325.000,325.000,300.000,300.000,875.000,-1,-1,-1,725.000,700.000,-1,-1,2,0,2,0,2,0,0,0,0,1,2,2,2,0,0,2,2
6,-3575.644,3477.134,32.644,-74.491,0.267298,0.963492,-0.015339,-0.963595,0.267359,0.001983,0.006011,0.014251,0.999880,0,0.56000,0.43925,33.600,0.879,-1,400.000,-1,375.000,-1,325.000,325.000,300.000,300.000,900.000,-1,-1,-1,725.000,700.000,-1,-1,2,0,2,0,2,0,0,0,0,1,2,2,2,0,0,2,2
7,-3564.816,3440.292,32.850,-73.621,0.281895,0.959322,-0.015384,-0.959424,0.281959,0.002112,0.006364,0.014165,0.999879,0,0.64000,0.43505,38.400,0.870,-1,400.000,-1,375.000,-1,325.000,325.000,300.000,300.000,925.000,-1,-1,-1,725.000,700.000,-1,-1,2,0,2,0,2,0,0,0,0,1,2,2,2,0,0,2,2
8,-3552.646,3401.072,33.078,-72.761,0.296267,0.954980,-0.015440,-0.955081,0.296335,0.002244,0.006718,0.014081,0.999878,0,0.68442,0.43025,41.065,0.861,-1,375.000,-1,375.000,-1,325.000,325.000,300.000,300.000,950.000,-1,-1,-1,725.000,700.000,-1,-1,2,0,2,0,2,0,0,0,0,1,2,2,2,0,0,2,2
9,-3539.835,3361.854,33.329,-71.910,0.310403,0.950480,-0.015431,-0.950579,0.310474,0.002340,0.007015,0.013941,0.999878,0,0.68762,0.42511,41.257,0.850,-1,375.000,-1,375.000,-1,325.000,300.000,300.000,300.000,975.000,-1,-1,-1,725.000,675.000,-1,-1,2,0,2,0,2,0,0,0,0,1,2,2,2,0,0,2,2
10,-3526.389,3322.645,33.705,-71.070,0.324300,0.945834,-0.015080,-0.945924,0.324376,0.002771,0.007512,0.013366,0.999882,0,0.69084,0.41995,41.451,0.840,-1,375.000,-1,375.000,-1,300.000,300.000,300.000,300.000,1000.000,-1,-1,-1,700.000,675.000,-1,-1,2,0,2,0,2,0,0,0,0,1,2,2,2,0,0,2,2
11,-3512.310,3283.451,34.235,-70.241,0.337956,0.941052,-0.014380,-0.941124,0.338039,0.003802,0.008439,0.012248,0.999889,0,0.69410,0.41476,41.646,0.830,-1,375.000,-1,375.000,-1,300.000,300.000,300.000,300.000,-1,-1,-1,-1,700.000,675.000,-1,-1,2,0,2,0,2,0,0,0,0,2,2,2,2,0,0,2,2
12,-3497.603,3244.278,34.769,-69.422,0.351371,0.936136,-0.013718,-0.936190,0.351462,0.004840,0.009352,0.011142,0.999894,0,0.69737,0.40953,41.842,0.819,-1,375.000,-1,375.000,-1,300.000,300.000,300.000,300.000,-1,-1,-1,-1,700.000,675.000,-1,-1,2,0,2,0,2,0,0,0,0,2,2,2,2,0,0,2,2
13,-3482.273,3205.133,35.323,-68.613,0.364545,0.931094,-0.013081,-0.931129,0.364641,0.005907,0.010270,0.010027,0.999897,0,0.70068,0.40428,42.041,0.809,-1,375.000,-1,375.000,-1,300.000,300.000,300.000,300.000,-1,-1,-1,-1,700.000,675.000,-1,-1,2,0,2,0,2,0,0,0,0,2,2,2,2,0,0,2,2
14,-3466.323,3166.020,35.906,-67.815,0.377477,0.925934,-0.012529,-0.925952,0.377577,0.006896,0.011115,0.008998,0.999898,0,0.70400,0.39900,42.240,0.798,-1,375.000,-1,375.000,-1,300.000,300.000,300.000,300.000,-1,-1,-1,-1,700.000,675.000,-1,-1,2,0,2,0,2,0,0,0,0,2,2,2,2,0,0,2,2
15,-3449.759,3126.944,36.585,-67.028,0.390158,0.920663,-0.012478,-0.920666,0.390268,0.008018,0.012252,0.008360,0.999890,0,0.70735,0.39369,42.441,0.787,-1,375.000,-1,375.000,-1,300.000,300.000,300.000,300.000,-1,-1,-1,-1,700.000,675.000,-1,-1,2,0,2,0,2,0,0,0,0,2,2,2,2,0,0,2,2
16,-3432.586,3087.912,37.343,-66.251,0.402589,0.915291,-0.012848,-0.915279,0.402714,0.009230,0.013623,0.008043,0.999875,0,0.71072,0.38836,42.643,0.777,-1,375.000,-1,375.000,-1,300.000,300.000,300.000,300.000,-1,-1,-1,-1,725.000,675.000,-1,-1,2,0,2,0,2,0,0,0,0,2,2,2,2,0,0,2,2
17,-3415.361,3049.737,38.090,-65.715,0.411131,0.911480,-0.013255,-0.911454,0.411271,0.010391,0.014922,0.007809,0.999858,0,0.69802,0.26836,41.881,0.537,-1,375.000,-1,375.000,-1,325.000,300.000,300.000,300.000,-1,-1,-1,-1,725.000,675.000,-1,-1,2,0,2,0,2,0,0,0,0,2,2,2,2,0,0,2,2
18,-3397.857,3011.473,38.843,-65.418,0.415831,0.909339,-0.013693,-0.909298,0.415986,0.011535,0.016185,0.007654,0.999840,0,0.70129,0.14836,42.077,0.297,-1,375.000,-1,375.000,-1,325.000,300.000,300.000,300.000,-1,-1,-1,-1,725.000,650.000,-1,-1,2,0,2,0,2,0,0,0,0,2,2,2,2,0,0,2,2
19,-3380.233,2973.049,39.601,-65.361,0.416715,0.908927,-0.014147,-0.908870,0.416886,0.012671,0.017415,0.007578,0.999820,0,0.70455,0.02836,42.273,0.057,-1,375.000,-1,375.000,-1,325.000,325.000,300.000,300.000,-1,975.000,-1,-1,700.000,650.000,-1,-1,2,0,2,0,2,0,0,0,0,2,0,2,2,0,0,2,2
20,-3362.651,2934.389,40.362,-65.544,0.413788,0.910256,-0.014604,-0.910183,0.413976,0.013810,0.018616,0.007578,0.999798,0,0.70783,-0.09164,42.470,-0.183,-1,375.000,-1,375.000,-1,325.000,325.000,300.000,300.000,-1,900.000,950.000,-1,700.000,650.000,-1,-1,2,0,2,0,2,0,0,0,0,2,0,0,2,0,0,2,2
21,-3345.273,2895.416,41.126,-65.968,0.407034,0.913289,-0.015047,-0.913199,0.407240,0.014962,0.019793,0.007650,0.999775,0,0.71120,-0.21164,42.672,-0.423,-1,400.000,-1,375.000,-1,325.000,325.000,300.000,300.000,-1,825.000,875.000,-1,700.000,650.000,-1,-1,2,0,2,0,2,0,0,0,0,2,0,0,2,0,0,2,2
22,-3328.264,2856.053,41.891,-66.631,0.396415,0.917941,-0.015464,-0.917832,0.396640,0.016138,0.020947,0.007796,0.999750,0,0.71468,-0.33164,42.881,-0.663,-1,400.000,-1,375.000,-1,325.000,325.000,300.000,300.000,-1,750.000,800.000,-1,700.000,650.000,-1,-1,2,0,2,0,2,0,0,0,0,2,0,0,2,0,0,2,2
23,-3311.794,2816.224,42.687,-67.534,0.381870,0.924077,-0.015997,-0.923950,0.382119,0.017393,0.022185,0.008139,0.999721,0,0.71833,-0.45164,43.100,-0.903,-1,400.000,-1,375.000,-1,325.000,300.000,300.000,300.000,-1,700.000,750.000,-1,700.000,650.000,-1,-1,2,0,2,0,2,0,0,0,0,2,0,0,2,0,0,2,2
24,-3296.038,2775.860,43.477,-68.678,0.363331,0.931515,-0.016448,-0.931366,0.363603,0.018689,0.023390,0.008529,0.999690,0,0.72217,-0.57164,43.330,-1.143,-1,375.000,-1,375.000,-1,325.000,300.000,300.000,300.000,-1,650.000,675.000,-1,700.000,650.000,-1,-1,2,0,2,0,2,0,0,0,0,2,0,0,2,0,0,2,2
25,-3281.178,2734.897,44.257,-70.061,0.340713,0.940017,-0.016796,-0.939847,0.341009,0.020034,0.024559,0.008960,0.999658,0,0.72625,-0.69164,43.575,-1.383,-1,375.000,-1,375.000,-1,325.000,300.000,300.000,300.000,-1,600.000,625.000,-1,700.000,650.000,-1,-1,2,0,2,0,2,0,0,0,0,2,0,0,2,0,0,2,2
26,-3267.423,2693.343,45.218,-71.684,0.313949,0.949302,-0.016170,-0.949107,0.314244,0.021115,0.025126,0.008718,0.999646,0,0.72952,-0.81164,43.771,-1.623,-1,375.000,-1,350.000,-1,300.000,300.000,300.000,300.000,-1,575.000,625.000,-1,675.000,625.000,-1,-1,2,0,2,0,2,0,0,0,0,2,0,0,2,0,0,2,2
27,-3255.026,2651.364,46.407,-73.547,0.282933,0.959027,-0.014724,-0.958778,0.283214,0.023124,0.026347,0.007574,0.999624,0,0.72952,-0.93164,43.771,-1.863,-1,375.000,-1,350.000,-1,300.000,300.000,300.000,300.000,-1,550.000,600.000,-1,675.000,650.000,-1,-1,2,0,2,0,2,0,0,0,0,2,0,0,2,0,0,2,2
28,-3242.766,2605.055,47.832,-75.171,0.255687,0.966677,-0.012630,-0.966351,0.255937,0.025736,0.028111,0.005625,0.999589,0,0.79841,-0.81164,47.904,-1.623,-1,375.000,-1,350.000,-1,300.000,300.000,300.000,300.000,-1,500.000,550.000,-1,675.000,650.000,-1,-1,2,0,2,0,2,0,0,0,0,2,0,0,2,0,0,2,2
29,-3231.627,2558.464,49.348,-76.554,0.232315,0.972582,-0.010699,-0.972190,0.232528,0.027874,0.029597,0.003926,0.999554,0,0.79841,-0.69164,47.904,-1.383,-1,375.000,-1,350.000,-1,300.000,300.000,300.000,300.000,-1,475.000,550.000,-1,675.000,650.000,-1,-1,2,0,2,0,2,0,0,0,0,2,0,0,2,0,0,2,2
30,-3221.419,2511.659,51.373,-77.697,0.212840,0.977027,-0.010867,-0.976570,0.213076,0.030161,0.031784,0.004193,0.999486,0,0.79841,-0.57164,47.904,-1.143,-1,375.000,-1,375.000,-1,300.000,300.000,300.000,325.000,-1,475.000,525.000,-1,675.000,650.000,-1,-1,2,0,2,0,2,0,0,0,0,2,0,0,2,0,0,2,2
31,-3211.951,2464.700,53.458,-78.601,0.197378,0.980263,-0.011261,-0.979729,0.197646,0.032655,0.034237,0.004588,0.999403,0,0.79841,-0.45164,47.904,-0.903,-1,375.000,-1,375.000,-1,300.000,300.000,300.000,325.000,-1,475.000,500.000,-1,675.000,650.000,-1,-1,2,0,2,0,2,0,0,0,0,2,0,0,2,0,0,2,2
32,-3203.027,2417.634,55.529,-79.264,0.185988,0.982484,-0.011555,-0.981866,0.186285,0.035175,0.036711,0.004803,0.999314,0,0.79841,-0.33164,47.904,-0.663,-1,375.000,-1,375.000,-1,300.000,300.000,300.000,325.000,-1,450.000,500.000,-1,675.000,650.000,-1,-1,2,0,2,0,2,0,0,0,0,2,0,0,2,0,0,2,2
33,-3194.451,2370.503,57.590,-79.687,0.178699,0.983833,-0.011781,-0.983122,0.179022,0.037709,0.039208,0.004844,0.999219,0,0.79841,-0.21164,47.904,-0.423,-1,375.000,-1,375.000,-1,300.000,300.000,300.000,325.000,-1,450.000,500.000,-1,700.000,650.000,-1,-1,2,0,2,0,2,0,0,0,0,2,0,0,2,0,0,2,2
34,-3186.026,2323.345,59.641,-79.870,0.175529,0.984401,-0.011976,-0.983590,0.175874,0.040248,0.041726,0.004715,0.999118,0,0.79841,-0.09164,47.904,-0.183,-1,375.000,-1,375.000,-1,300.000,300.000,300.000,325.000,-1,450.000,475.000,-1,700.000,675.000,-1,-1,2,0,2,0,2,0,0,0,0,2,0,0,2,0,0,2,2
35,-3177.554,2276.196,61.684,-79.814,0.176484,0.984228,-0.012173,-0.983308,0.176848,0.042782,0.044260,0.004419,0.999010,0,0.79841,0.02836,47.904,0.057,-1,375.000,-1,375.000,-1,325.000,300.000,300.000,300.000,-1,450.000,475.000,-1,700.000,675.000,-1,-1,2,0,2,0,2,0,0,0,0,2,0,0,2,0,0,2,2
36,-3168.838,2229.091,63.719,-79.517,0.181563,0.983301,-0.012407,-0.982265,0.181943,0.045303,0.046804,0.003962,0.998896,0,0.79841,0.14836,47.904,0.297,-1,375.000,-1,375.000,-1,325.000,300.000,300.000,300.000,-1,450.000,475.000,-1,700.000,675.000,-1,-1,2,0,2,0,2,0,0,0,0,2,0,0,2,0,0,2,2
37,-3159.681,2182.069,65.746,-78.980,0.190753,0.981556,-0.012712,-0.980397,0.191146,0.047800,0.049348,0.003345,0.998776,0,0.79841,0.26836,47.904,0.537,-1,375.000,-1,375.000,-1,325.000,325.000,300.000,300.000,-1,425.000,450.000,-1,725.000,675.000,-1,-1,2,0,2,0,2,0,0,0,0,2,0,0,2,0,0,2,2
38,-3149.888,2135.176,67.765,-78.204,0.204029,0.978877,-0.013127,-0.977589,0.204435,0.050252,0.051874,0.002580,0.998650,0,0.79841,0.38836,47.904,0.777,-1,400.000,-1,375.000,-1,325.000,325.000,300.000,300.000,-1,375.000,425.000,-1,725.000,675.000,-1,-1,2,0,2,0,2,0,0,0,0,2,0,0,2,0,0,2,2
39,-3139.264,2088.465,69.782,-77.187,0.221355,0.975097,-0.013705,-0.973678,0.221773,0.052617,0.054346,0.001697,0.998521,0,0.79841,0.50836,47.904,1.017,-1,400.000,-1,375.000,-1,325.000,325.000,300.000,300.000,-1,350.000,375.000,-1,725.000,700.000,-1,-1,2,0,2,0,2,0,0,0,0,2,0,0,2,0,0,2,2
40,-3127.618,2041.997,71.811,-75.930,0.242684,0.970000,-0.014322,-0.968447,0.243105,0.054859,0.056694,0.000556,0.998391,0,0.79841,0.62836,47.904,1.257,-1,400.000,-1,375.000,-1,325.000,325.000,300.000,300.000,-1,325.000,350.000,-1,750.000,700.000,-1,-1,2,0,2,0,2,0,0,0,0,2,0,0,2,0,0,2,2
41,-3113.900,1991.109,74.653,-74.913,0.259989,0.965530,-0.012536,-0.963872,0.260278,0.056630,0.057941,-0.002640,0.998317,0,0.87841,0.50836,52.704,1.017,-1,400.000,-1,375.000,-1,325.000,325.000,300.000,300.000,-1,350.000,375.000,-1,750.000,700.000,-1,-1,2,0,2,0,2,0,0,0,0,2,0,0,2,0,0,2,2
42,-3099.133,1939.142,77.638,-74.137,0.273202,0.961899,-0.010519,-0.960116,0.273339,0.058841,0.059474,-0.005976,0.998212,0,0.90040,0.38836,54.024,0.777,-1,400.000,-1,375.000,-1,325.000,325.000,300.000,300.000,-1,350.000,400.000,-1,750.000,725.000,-1,-1,2,0,2,0,2,0,0,0,0,2,0,0,2,0,0,2,2
43,-3083.880,1887.316,80.808,-73.600,0.282303,0.959281,-0.009172,-0.957426,0.282333,0.060192,0.060331,-0.008211,0.998145,0,0.90040,0.26836,54.024,0.537,-1,400.000,-1,375.000,-1,325.000,325.000,300.000,300.000,-1,400.000,450.000,-1,750.000,725.000,-1,-1,2,0,2,0,2,0,0,0,0,2,0,0,2,0,0,2,2
44,-3068.359,1835.569,84.275,-73.303,0.287292,0.957801,-0.008982,-0.955907,0.287295,0.060862,0.060874,-0.008899,0.998106,0,0.90040,0.14836,54.024,0.297,-1,400.000,-1,375.000,-1,325.000,325.000,300.000,300.000,-1,425.000,500.000,-1,750.000,725.000,-1,-1,2,0,2,0,2,0,0,0,0,2,0,0,2,0,0,2,2
45,-3052.786,1783.838,87.762,-73.247,0.288249,0.957514,-0.008971,-0.955575,0.288242,0.061579,0.061549,-0.009178,0.998062,0,0.90040,0.02836,54.024,0.057,-1,400.000,-1,375.000,-1,325.000,325.000,300.000,300.000,-1,475.000,525.000,-1,750.000,750.000,-1,-1,2,0,2,0,2,0,0,0,0,2,0,0,2,0,0,2,2
46,-3037.379,1732.058,91.238,-73.430,0.285185,0.958431,-0.008956,-0.956449,0.285178,0.062288,0.062252,-0.009198,0.998018,0,0.90040,-0.09164,54.024,-0.183,-1,400.000,-1,375.000,-1,325.000,325.000,300.000,300.000,-1,525.000,575.000,-1,775.000,750.000,-1,-1,2,0,2,0,2,0,0,0,0,2,0,0,2,0,0,2,2
47,-3022.355,1680.164,94.705,-73.853,0.278091,0.960513,-0.008923,-0.958487,0.278090,0.062999,0.062993,-0.008967,0.997974,0,0.90040,-0.21164,54.024,-0.423,-1,400.000,-1,375.000,-1,325.000,325.000,300.000,300.000,-1,550.000,600.000,-1,775.000,750.000,-1,-1,2,0,2,0,2,0,0,0,0,2,0,0,2,0,0,2,2
48,-3007.932,1628.101,98.164,-74.516,0.266941,0.963672,-0.008857,-0.961600,0.266953,0.063726,0.063775,-0.008494,0.997928,0,0.90040,-0.33164,54.024,-0.663,-1,400.000,-1,400.000,-1,325.000,325.000,300.000,300.000,-1,600.000,650.000,-1,775.000,750.000,-1,-1,2,0,2,0,2,0,0,0,0,2,0,0,2,0,0,2,2
49,-2994.332,1575.816,101.618,-75.420,0.251698,0.967766,-0.008744,-0.965647,0.251729,0.064476,0.064599,-0.007785,0.997881,0,0.90040,-0.45164,54.024,-0.903,-1,400.000,-1,400.000,-1,325.000,325.000,300.000,300.000,-1,625.000,675.000,-1,800.000,775.000,-1,-1,2,0,2,0,2,0,0,0,0,2,0,0,2,0,0,2,2
50,-2981.663,1523.299,105.064,-76.438,0.234447,0.972091,-0.008575,-0.969923,0.234499,0.065259,0.065448,-0.006983,0.997832,0,0.90040,-0.50893,54.024,-1.018,-1,400.000,-1,400.000,-1,325.000,325.000,300.000,300.000,-1,650.000,700.000,-1,800.000,775.000,-1,-1,2,0,2,0,2,0,0,0,0,2,0,0,2,0,0,2,2
51,-2969.929,1470.564,108.502,-77.455,0.217123,0.976108,-0.008351,-0.973890,0.217195,0.066072,0.066307,-0.006213,0.997780,0,0.90040,-0.50893,54.024,-1.018,-1,400.000,-1,400.000,-1,325.000,325.000,300.000,300.000,-1,675.000,725.000,-1,800.000,775.000,-1,-1,2,0,2,0,2,0,0,0,0,2,0,0,2,0,0,2,2
52,-2959.134,1417.629,111.931,-78.473,0.199734,0.979817,-0.008072,-0.977545,0.199822,0.066914,0.067176,-0.005475,0.997726,0,0.90040,-0.50893,54.024,-1.018,-1,400.000,-1,400.000,-1,325.000,325.000,300.000,300.000,-1,700.000,750.000,-1,825.000,775.000,-1,-1,2,0,2,0,2,0,0,0,0,2,0,0,2,0,0,2,2
53,-2949.281,1364.511,115.370,-79.491,0.182288,0.983215,-0.007661,-0.980891,0.182385,0.067743,0.068003,-0.004834,0.997673,0,0.90040,-0.50893,54.024,-1.018,-1,400.000,-1,400.000,-1,325.000,325.000,300.000,300.000,-1,725.000,775.000,-1,825.000,800.000,-1,-1,2,0,2,0,2,0,0,0,0,2,0,0,2,0,0,2,2
54,-2940.373,1311.227,118.847,-80.509,0.164804,0.986302,-0.006920,-0.983971,0.164891,0.067906,0.068117,-0.004382,0.997668,0,0.90040,-0.50893,54.024,-1.018,-1,400.000,-1,400.000,-1,325.000,325.000,300.000,300.000,-1,775.000,825.000,-1,825.000,825.000,-1,-1,2,0,2,0,2,0,0,0,0,2,0,0,2,0,0,2,2
55,-2932.413,1257.792,122.325,-81.527,0.147244,0.989079,-0.006490,-0.986774,0.147344,0.067580,0.067798,-0.003546,0.997693,0,0.90040,-0.50893,54.024,-1.018,-1,400.000,-1,400.000,-1,325.000,325.000,300.000,300.000,-1,825.000,875.000,-1,850.000,850.000,-1,-1,2,0,2,0,2,0,0,0,0,2,0,0,2,0,0,2,2
56,-2925.403,1204.225,125.769,-82.545,0.129651,0.991542,-0.005843,-0.989306,0.129751,0.066617,0.066812,-0.002856,0.997762,0,0.90040,-0.50893,54.024,-1.018,-1,400.000,-1,400.000,-1,325.000,325.000,300.000,300.000,-1,900.000,950.000,-1,850.000,850.000,-1,-1,2,0,2,0,2,0,0,0,0,2,0,0,2,0,0,2,2
57,-2919.346,1150.541,129.209,-83.563,0.112017,0.993693,-0.005210,-0.991523,0.112117,0.065668,0.065838,-0.002191,0.997828,0,0.90040,-0.50893,54.024,-1.018,-1,400.000,-1,400.000,-1,325.000,325.000,300.000,300.000,-1,975.000,-1,-1,875.000,850.000,-1,-1,2,0,2,0,2,0,0,0,0,2,0,2,2,0,0,2,2
58,-2914.243,1096.759,132.643,-84.581,0.094348,0.995529,-0.004589,-0.993423,0.094447,0.064731,0.064875,-0.001549,0.997892,0,0.90040,-0.50893,54.024,-1.018,-1,400.000,-1,400.000,-1,325.000,325.000,300.000,300.000,-1,-1,-1,-1,875.000,850.000,-1,-1,2,0,2,0,2,0,0,0,0,2,2,2,2,0,0,2,2
59,-2909.982,1044.272,135.985,-85.358,0.080833,0.996720,-0.004002,-0.994675,0.080923,0.063825,0.063939,-0.001178,0.997953,0,0.87766,-0.38893,52.659,-0.778,-1,400.000,-1,400.000,-1,325.000,325.000,300.000,300.000,-1,-1,-1,-1,875.000,875.000,-1,-1,2,0,2,0,2,0,0,0,0,2,2,2,2,0,0,2,2
60,-2906.214,991.748,139.322,-85.896,0.071489,0.997436,-0.003428,-0.995449,0.071563,0.062922,0.063006,-0.001085,0.998013,0,0.87766,-0.26893,52.659,-0.538,-1,400.000,-1,400.000,-1,325.000,325.000,300.000,300.000,-1,-1,-1,-1,900.000,875.000,-1,-1,2,0,2,0,2,0,0,0,0,2,2,2,2,0,0,2,2
61,-2902.718,939.205,142.653,-86.194,0.066327,0.997794,-0.002860,-0.995865,0.066376,0.062020,0.062073,-0.001266,0.998071,0,0.87766,-0.14893,52.659,-0.298,-1,400.000,-1,400.000,-1,325.000,325.000,300.000,300.000,-1,-1,-1,-1,900.000,875.000,-1,-1,2,0,2,0,2,0,0,0,0,2,2,2,2,0,0,2,2
62,-2899.276,886.658,145.979,-86.252,0.065351,0.997860,-0.002289,-0.995988,0.065369,0.061116,0.061135,-0.001714,0.998128,0,0.87766,-0.02893,52.659,-0.058,-1,400.000,-1,400.000,-1,325.000,325.000,300.000,300.000,-1,-1,-1,-1,900.000,900.000,-1,-1,2,0,2,0,2,0,0,0,0,2,2,2,2,0,0,2,2
63,-2895.667,834.123,149.299,-86.070,0.068562,0.997645,-0.001710,-0.995830,0.068540,0.060209,0.060184,-0.002425,0.998184,0,0.87766,0.09107,52.659,0.182,-1,425.000,-1,425.000,-1,325.000,325.000,300.000,300.000,-1,-1,-1,-1,900.000,925.000,-1,-1,2,0,2,0,2,0,0,0,0,2,2,2,2,0,0,2,2
64,-2891.748,781.610,152.614,-85.732,0.074480,0.997222,-0.001118,-0.995463,0.074415,0.059298,0.059217,-0.003304,0.998240,0,0.87766,0.16873,52.659,0.337,-1,425.000,-1,425.000,-1,325.000,325.000,300.000,300.000,-1,-1,-1,-1,925.000,950.000,-1,-1,2,0,2,0,2,0,0,0,0,2,2,2,2,0,0,2,2
65,-2887.521,729.121,155.924,-85.395,0.080394,0.996763,-0.000519,-0.995060,0.080287,0.058388,0.058241,-0.004178,0.998294,0,0.87766,0.16873,52.659,0.337,-1,425.000,-1,425.000,-1,350.000,350.000,300.000,300.000,-1,-1,-1,-1,950.000,975.000,-1,-1,2,0,2,0,2,0,0,0,0,2,2,2,2,0,0,2,2
66,-2882.984,676.657,159.198,-85.057,0.086297,0.996269,-0.000027,-0.994618,0.086156,0.057554,0.057341,-0.004940,0.998342,0,0.87766,0.16873,52.659,0.337,-1,425.000,-1,425.000,-1,350.000,350.000,300.000,300.000,-1,-1,-1,-1,975.000,-1,-1,-1,2,0,2,0,2,0,0,0,0,2,2,2,2,0,2,2,2
67,-2878.138,624.221,161.766,-84.720,0.092078,0.995751,-0.001567,-0.994210,0.092023,0.055490,0.055398,-0.003551,0.998458,0,0.87766,0.16873,52.659,0.337,-1,425.000,-1,425.000,-1,350.000,350.000,300.000,300.000,-1,-1,-1,-1,975.000,-1,-1,-1,2,0,2,0,2,0,0,0,0,2,2,2,2,0,2,2,2
68,-2872.983,571.815,163.833,-84.383,0.097956,0.995190,-0.001246,-0.993812,0.097886,0.052504,0.052374,-0.003905,0.998620,0,0.87766,0.16873,52.659,0.337,-1,425.000,-1,425.000,-1,350.000,350.000,300.000,300.000,-1,-1,-1,-1,950.000,-1,-1,-1,2,0,2,0,2,0,0,0,0,2,2,2,2,0,2,2,2
69,-2867.520,519.441,165.898,-84.045,0.103829,0.994595,-0.000893,-0.993370,0.103745,0.049528,0.049353,-0.004256,0.998772,0,0.87766,0.16873,52.659,0.337,-1,425.000,-1,425.000,-1,350.000,350.000,300.000,300.000,-1,-1,-1,-1,950.000,-1,-1,-1,2,0,2,0,2,0,0,0,0,2,2,2,2,0,2,2,2
70,-2861.748,467.099,167.961,-83.708,0.109697,0.993965,-0.000508,-0.992884,0.109601,0.046563,0.046337,-0.004603,0.998915,0,0.87766,0.16873,52.659,0.337,-1,425.000,-1,425.000,-1,350.000,350.000,300.000,275.000,-1,-1,-1,-1,950.000,1000.000,-1,-1,2,0,2,0,2,0,0,0,0,2,2,2,2,0,0,2,2
71,-2855.668,414.792,170.020,-83.370,0.115560,0.993301,-0.000093,-0.992355,0.115454,0.043609,0.043327,-0.004947,0.999049,0,0.87766,0.16873,52.659,0.337,-1,425.000,-1,425.000,-1,325.000,325.000,300.000,275.000,-1,-1,-1,-1,925.000,1000.000,-1,-1,2,0,2,0,2,0,0,0,0,2,2,2,2,0,0,2,2
72,-2849.281,362.522,172.077,-83.033,0.121417,0.992602,0.000353,-0.991782,0.121302,0.040668,0.040324,-0.005288,0.999173,0,0.87766,0.16873,52.659,0.337,-1,400.000,-1,425.000,-1,325.000,325.000,300.000,275.000,-1,-1,-1,-1,925.000,1000.000,-1,-1,2,0,2,0,2,0,0,0,0,2,2,2,2,0,0,2,2
73,-2842.585,310.290,174.130,-82.695,0.127268,0.991868,0.000829,-0.991166,0.127146,0.037741,0.037329,-0.005625,0.999287,0,0.87766,0.16873,52.659,0.337,-1,400.000,-1,425.000,-1,325.000,325.000,300.000,300.000,-1,-1,-1,-1,900.000,1000.000,-1,-1,2,0,2,0,2,0,0,0,0,2,2,2,2,0,0,2,2
74,-2835.582,258.099,176.180,-82.358,0.133112,0.991100,0.001336,-0.990506,0.132985,0.034830,0.034342,-0.005960,0.999392,0,0.87766,0.16873,52.659,0.337,-1,400.000,-1,425.000,-1,325.000,325.000,300.000,300.000,-1,-1,-1,-1,900.000,1000.000,-1,-1,2,0,2,0,2,0,0,0,0,2,2,2,2,0,0,2,2
75,-2828.272,205.949,178.226,-82.020,0.138950,0.990298,0.001873,-0.989803,0.138820,0.031935,0.031365,-0.006292,0.999488,0,0.87766,0.16873,52.659,0.337,-1,400.000,-1,425.000,-1,325.000,325.000,300.000,300.000,-1,-1,-1,-1,900.000,1000.000,-1,-1,2,0,2,0,2,0,0,0,0,2,2,2,2,0,0,2,2
76,-2820.654,153.844,180.268,-81.683,0.144781,0.989461,0.002440,-0.989056,0.144650,0.029059,0.028399,-0.006620,0.999575,0,0.87766,0.16873,52.659,0.337,-1,425.000,-1,425.000,-1,325.000,350.000,300.000,300.000,-1,-1,-1,-1,875.000,1000.000,-1,-1,2,0,2,0,2,0,0,0,0,2,2,2,2,0,0,2,2
77,-2812.730,101.784,182.305,-81.345,0.150605,0.988589,0.003036,-0.988267,0.150475,0.026201,0.025445,-0.006946,0.999652,0,0.87766,0.16873,52.659,0.337,-1,425.000,-1,425.000,-1,325.000,350.000,300.000,300.000,-1,-1,-1,-1,875.000,1000.000,-1,-1,2,0,2,0,2,0,0,0,0,2,2,2,2,0,0,2,2
78,-2804.500,49.772,184.334,-81.008,0.156421,0.987684,0.003643,-0.987434,0.156295,0.023374,0.022516,-0.007254,0.999720,0,0.87766,0.16873,52.659,0.337,-1,425.000,-1,425.000,-1,350.000,350.000,300.000,300.000,-1,-1,-1,-1,875.000,1000.000,-1,-1,2,0,2,0,2,0,0,0,0,2,2,2,2,0,0,2,2
79,-2795.963,-2.190,185.473,-80.670,0.162166,0.986763,0.000954,-0.986557,0.162112,0.020618,0.020191,-0.004285,0.999787,0,0.87766,0.16873,52.659,0.337,-1,425.000,-1,425.000,-1,350.000,350.000,300.000,300.000,-1,-1,-1,-1,875.000,975.000,-1,-1,2,0,2,0,2,0,0,0,0,2,2,2,2,0,0,2,2
80,-2787.120,-54.102,186.254,-80.333,0.167920,0.985799,-0.001638,-0.985639,0.167923,0.017838,0.017860,-0.001381,0.999840,0,0.87766,0.16873,52.659,0.337,-1,425.000,-1,425.000,-1,350.000,350.000,300.000,300.000,-1,-1,-1,-1,875.000,975.000,-1,-1,2,0,2,0,2,0,0,0,0,2,2,2,2,0,0,2,2
81,-2777.972,-105.960,186.438,-79.995,0.173720,0.984794,-0.001693,-0.984679,0.173726,0.015029,0.015095,-0.000943,0.999886,0,0.87766,0.16873,52.659,0.337,-1,425.000,-1,425.000,-1,350.000,350.000,300.000,300.000,-1,-1,-1,-1,850.000,950.000,-1,-1,2,0,2,0,2,0,0,0,0,2,2,2,2,0,0,2,2
82,-2768.518,-157.764,186.630,-79.658,0.179516,0.983754,-0.001718,-0.983677,0.179523,0.012246,0.012356,-0.000508,0.999924,0,0.87766,0.16873,52.659,0.337,-1,400.000,-1,425.000,-1,325.000,350.000,300.000,275.000,-1,-1,-1,-1,850.000,950.000,-1,-1,2,0,2,0,2,0,0,0,0,2,2,2,2,0,0,2,2
83,-2758.760,-209.511,186.847,-79.321,0.185307,0.982679,-0.001661,-0.982633,0.185314,0.009550,0.009693,-0.000137,0.999953,0,0.87766,0.16873,52.659,0.337,-1,400.000,-1,425.000,-1,325.000,325.000,300.000,275.000,-1,-1,-1,-1,825.000,925.000,-1,-1,2,0,2,0,2,0,0,0,0,2,2,2,2,0,0,2,2
84,-2748.696,-261.200,187.073,-78.983,0.191093,0.981571,-0.001577,-0.981547,0.191099,0.006882,0.007057,0.000232,0.999975,0,0.87766,0.16873,52.659,0.337,-1,400.000,-1,425.000,-1,325.000,325.000,300.000,300.000,-1,-1,-1,-1,825.000,925.000,-1,-1,2,0,2,0,2,0,0,0,0,2,2,2,2,0,0,2,2
85,-2738.329,-312.829,187.307,-78.646,0.196873,0.980428,-0.001464,-0.980419,0.196877,0.004243,0.004449,0.000600,0.999990,0,0.87766,0.16873,52.659,0.337,-1,400.000,-1,425.000,-1,325.000,325.000,300.000,300.000,-1,-1,-1,-1,800.000,900.000,-1,-1,2,0,2,0,2,0,0,0,0,2,2,2,2,0,0,2,2
86,-2727.658,-364.396,187.550,-78.308,0.202646,0.979251,-0.001325,-0.979250,0.202648,0.001634,0.001869,0.000966,0.999998,0,0.87766,0.16873,52.659,0.337,-1,400.000,-1,425.000,-1,325.000,325.000,300.000,300.000,-1,-1,-1,-1,800.000,900.000,-1,-1,2,0,2,0,2,0,0,0,0,2,2,2,2,0,0,2,2
87,-2716.683,-415.899,187.802,-77.971,0.208413,0.978040,-0.001159,-0.978041,0.208412,-0.000944,-0.000681,0.001330,0.999999,0,0.87766,0.16873,52.659,0.337,-1,400.000,-1,425.000,-1,325.000,325.000,300.000,300.000,-1,-1,-1,-1,775.000,875.000,-1,-1,2,0,2,0,2,0,0,0,0,2,2,2,2,0,0,2,2
88,-2705.218,-469.257,188.064,-77.873,0.210080,0.977684,-0.001006,-0.977679,0.210075,-0.003592,-0.003300,0.001738,0.999993,0,0.90960,0.04873,54.576,0.097,-1,400.000,-1,425.000,-1,325.000,325.000,300.000,300.000,-1,-1,-1,-1,775.000,875.000,-1,-1,2,0,2,0,2,0,0,0,0,2,2,2,2,0,0,2,2
89,-2693.885,-522.644,188.325,-78.016,0.207652,0.978202,-0.000901,-0.978185,0.207642,-0.006228,-0.005905,0.002175,0.999980,0,0.90960,-0.07127,54.576,-0.143,-1,400.000,-1,400.000,-1,325.000,325.000,300.000,300.000,-1,-1,-1,-1,775.000,850.000,-1,-1,2,0,2,0,2,0,0,0,0,2,2,2,2,0,0,2,2
90,-2682.910,-576.105,188.586,-78.398,0.201122,0.979566,-0.000878,-0.979529,0.201107,-0.008863,-0.008506,0.002643,0.999960,0,0.90960,-0.19127,54.576,-0.383,-1,400.000,-1,400.000,-1,325.000,325.000,300.000,300.000,-1,-1,-1,-1,750.000,850.000,-1,-1,2,0,2,0,2,0,0,0,0,2,2,2,2,0,0,2,2
91,-2672.515,-629.682,188.466,-79.021,0.190488,0.981686,-0.002501,-0.981636,0.190451,-0.010906,-0.010230,0.004533,0.999937,0,0.90960,-0.31127,54.576,-0.623,-1,400.000,-1,400.000,-1,325.000,325.000,300.000,300.000,-1,-1,-1,-1,750.000,850.000,-1,-1,2,0,2,0,2,0,0,0,0,2,2,2,2,0,0,2,2
92,-2662.929,-683.410,188.065,-79.883,0.175728,0.984425,-0.005263,-0.984366,0.175648,-0.013064,-0.011936,0.007476,0.999901,0,0.90960,-0.43127,54.576,-0.863,-1,400.000,-1,400.000,-1,325.000,325.000,300.000,300.000,-1,-1,-1,-1,750.000,825.000,-1,-1,2,0,2,0,2,0,0,0,0,2,2,2,2,0,0,2,2
93,-2654.208,-737.285,187.216,-80.805,0.159886,0.987115,-0.006368,-0.987053,0.159786,-0.013920,-0.012724,0.008511,0.999883,0,0.90960,-0.46092,54.576,-0.922,-1,400.000,-1,400.000,-1,325.000,325.000,300.000,300.000,-1,-1,-1,-1,750.000,825.000,-1,-1,2,0,2,0,2,0,0,0,0,2,2,2,2,0,0,2,2
94,-2646.355,-791.293,186.261,-81.727,0.143998,0.989554,-0.006937,-0.989484,0.143884,-0.014794,-0.013641,0.008995,0.999866,0,0.90960,-0.46092,54.576,-0.922,-1,400.000,-1,400.000,-1,325.000,325.000,300.000,300.000,-1,-1,-1,-1,750.000,825.000,-1,-1,2,0,2,0,2,0,0,0,0,2,2,2,2,0,0,2,2
95,-2639.372,-845.421,185.309,-82.649,0.128074,0.991736,-0.007540,-0.991657,0.127944,-0.015682,-0.014588,0.009486,0.999849,0,0.90960,-0.46092,54.576,-0.922,-1,400.000,-1,400.000,-1,325.000,325.000,300.000,300.000,-1,-1,-1,-1,750.000,825.000,-1,-1,2,0,2,0,2,0,0,0,0,2,2,2,2,0,0,2,2
96,-2633.261,-899.654,184.358,-83.571,0.112118,0.993661,-0.008176,-0.993573,0.111972,-0.016585,-0.015565,0.009983,0.999829,0,0.90960,-0.46092,54.576,-0.922,-1,400.000,-1,400.000,-1,325.000,325.000,300.000,300.000,-1,-1,-1,-1,750.000,825.000,-1,-1,2,0,2,0,2,0,0,0,0,2,2,2,2,0,0,2,2
97,-2628.023,-953.978,183.407,-84.493,0.096135,0.995329,-0.008846,-0.995230,0.095970,-0.017502,-0.016572,0.010486,0.999808,0,0.90960,-0.46092,54.576,-0.922,-1,400.000,-1,400.000,-1,325.000,325.000,300.000,300.000,-1,-1,-1,-1,750.000,825.000,-1,-1,2,0,2,0,2,0,0,0,0,2,2,2,2,0,0,2,2
98,-2623.659,-1008.380,182.454,-85.414,0.080130,0.996739,-0.009548,-0.996629,0.079944,-0.018434,-0.017610,0.010993,0.999784,0,0.90960,-0.46092,54.576,-0.922,-1,400.000,-1,400.000,-1,325.000,325.000,300.000,300.000,-1,-1,-1,-1,750.000,825.000,-1,-1,2,0,2,0,2,0,0,0,0,2,2,2,2,0,0,2,2
99,-2620.172,-1062.844,181.496,-86.336,0.064105,0.997890,-0.010283,-0.997768,0.063898,-0.019379,-0.018681,0.011502,0.999759,0,0.90960,-0.46092,54.576,-0.922,-1,400.000,-1,400.000,-1,325.000,325.000,300.000,300.000,-1,-1,-1,-1,750.000,825.000,-1,-1,2,0,2,0,2,0,0,0,0,2,2,2,2,0,0,2,2
100,-2617.561,-1117.358,180.533,-87.258,0.048066,0.998783,-0.011049,-0.998648,0.047834,-0.020337,-0.019784,0.012012,0.999732,0,0.90960,-0.46092,54.576,-0.922,-1,400.000,-1,400.000,-1,325.000,325.000,300.000,300.000,-1,-1,-1,-1,750.000,825.000,-1,-1,2,0,2,0,2,0,0,0,0,2,2,2,2,0,0,2,2
101,-2615.827,-1171.907,179.563,-88.180,0.032017,0.999417,-0.011848,-0.999268,0.031759,-0.021309,-0.020921,0.012522,0.999703,0,0.90960,-0.46092,54.576,-0.922,-1,400.000,-1,400.000,-1,325.000,325.000,300.000,300.000,-1,-1,-1,-1,750.000,825.000,-1,-1,2,0,2,0,2,0,0,0,0,2,2,2,2,0,0,2,2
102,-2614.972,-1226.477,178.583,-89.102,0.015961,0.999792,-0.012679,-0.999629,0.015676,-0.022295,-0.022091,0.013030,0.999671,0,0.90960,-0.46092,54.576,-0.922,-1,400.000,-1,400.000,-1,325.000,325.000,300.000,300.000,-1,-1,-1,-1,750.000,825.000,-1,-1,2,0,2,0,2,0,0,0,0,2,2,2,2,0,0,2,2
103,-2614.994,-1281.053,177.592,-90.024,-0.000096,0.999908,-0.013541,-0.999729,-0.000411,-0.023293,-0.023296,0.013536,0.999637,0,0.90960,-0.46092,54.576,-0.922,-1,400.000,-1,400.000,-1,325.000,325.000,300.000,300.000,-1,-1,-1,-1,750.000,825.000,-1,-1,2,0,2,0,2,0,0,0,0,2,2,2,2,0,0,2,2
104,-2615.895,-1335.622,176.340,-90.945,-0.016158,0.999767,-0.014327,-0.999578,-0.016498,-0.023919,-0.024150,0.013934,0.999611,0,0.90960,-0.46092,54.576,-0.922,-1,400.000,-1,400.000,-1,325.000,325.000,300.000,300.000,-1,-1,-1,-1,750.000,825.000,-1,-1,2,0,2,0,2,0,0,0,0,2,2,2,2,0,0,2,2
105,-2617.401,-1388.662,174.886,-91.627,-0.028029,0.999493,-0.015134,-0.999298,-0.028394,-0.024429,-0.024846,0.014439,0.999587,0,0.88436,-0.34092,53.062,-0.682,-1,400.000,-1,400.000,-1,325.000,325.000,300.000,300.000,-1,-1,-1,-1,775.000,825.000,-1,-1,2,0,2,0,2,0,0,0,0,2,2,2,2,0,0,2,2
106,-2619.385,-1441.686,173.425,-92.142,-0.036986,0.999188,-0.015957,-0.998990,-0.037377,-0.024944,-0.025521,0.015019,0.999561,0,0.88436,-0.25753,53.062,-0.515,-1,400.000,-1,400.000,-1,325.000,325.000,300.000,300.000,-1,-1,-1,-1,775.000,825.000,-1,-1,2,0,2,0,2,0,0,0,0,2,2,2,2,0,0,2,2
107,-2621.845,-1494.691,171.954,-92.657,-0.045939,0.998803,-0.016789,-0.998600,-0.046357,-0.025467,-0.026214,0.015596,0.999535,0,0.88436,-0.25753,53.062,-0.515,-1,400.000,-1,400.000,-1,325.000,325.000,300.000,300.000,-1,-1,-1,-1,775.000,825.000,-1,-1,2,0,2,0,2,0,0,0,0,2,2,2,2,0,0,2,2
108,-2624.781,-1547.671,170.471,-93.172,-0.054886,0.998337,-0.017629,-0.998129,-0.055334,-0.025995,-0.026927,0.016169,0.999507,0,0.88436,-0.25753,53.062,-0.515,-1,400.000,-1,400.000,-1,325.000,325.000,300.000,300.000,-1,-1,-1,-1,775.000,825.000,-1,-1,2,0,2,0,2,0,0,0,0,2,2,2,2,0,0,2,2
109,-2628.194,-1600.623,168.976,-93.687,-0.063828,0.997790,-0.018477,-0.997578,-0.064305,-0.026530,-0.027659,0.016739,0.999477,0,0.88436,-0.25753,53.062,-0.515,-1,400.000,-1,400.000,-1,325.000,325.000,300.000,300.000,-1,-1,-1,-1,775.000,825.000,-1,-1,2,0,2,0,2,0,0,0,0,2,2,2,2,0,0,2,2
110,-2632.082,-1653.542,167.467,-94.203,-0.072762,0.997162,-0.019333,-0.996945,-0.073271,-0.027070,-0.028410,0.017304,0.999447,0,0.88436,-0.25753,53.062,-0.515,-1,400.000,-1,400.000,-1,325.000,325.000,300.000,300.000,-1,-1,-1,-1,775.000,825.000,-1,-1,2,0,2,0,2,0,0,0,0,2,2,2,2,0,0,2,2
111,-2636.446,-1706.424,165.943,-94.718,-0.081690,0.996453,-0.020197,-0.996231,-0.082232,-0.027616,-0.029179,0.017865,0.999415,0,0.88436,-0.25753,53.062,-0.515,-1,400.000,-1,400.000,-1,325.000,325.000,300.000,300.000,-1,-1,-1,-1,775.000,825.000,-1,-1,2,0,2,0,2,0,0,0,0,2,2,2,2,0,0,2,2
112,-2641.286,-1759.265,164.403,-95.233,-0.090610,0.995664,-0.021069,-0.995436,-0.091185,-0.028166,-0.029965,0.018420,0.999381,0,0.88436,-0.25753,53.062,-0.515,-1,400.000,-1,400.000,-1,325.000,325.000,300.000,300.000,-1,-1,-1,-1,775.000,825.000,-1,-1,2,0,2,0,2,0,0,0,0,2,2,2,2,0,0,2,2
113,-2646.600,-1812.059,162.847,-95.748,-0.099520,0.994793,-0.021948,-0.994560,-0.100131,-0.028722,-0.030770,0.018970,0.999346,0,0.88436,-0.25753,53.062,-0.515,-1,400.000,-1,400.000,-1,325.000,325.000,300.000,300.000,-1,-1,-1,-1,800.000,825.000,-1,-1,2,0,2,0,2,0,0,0,0,2,2,2,2,0,0,2,2
114,-2652.388,-1864.804,161.273,-96.263,-0.108421,0.993843,-0.022835,-0.993603,-0.109068,-0.029282,-0.031592,0.019514,0.999310,0,0.88436,-0.25753,53.062,-0.515,-1,400.000,-1,400.000,-1,325.000,325.000,300.000,300.000,-1,-1,-1,-1,800.000,825.000,-1,-1,2,0,2,0,2,0,0,0,0,2,2,2,2,0,0,2,2
115,-2658.650,-1917.495,159.680,-96.778,-0.117312,0.992812,-0.023729,-0.992565,-0.117996,-0.029846,-0.032431,0.020051,0.999273,0,0.88436,-0.25753,53.062,-0.515,-1,400.000,-1,400.000,-1,325.000,325.000,300.000,300.000,-1,-1,-1,-1,800.000,825.000,-1,-1,2,0,2,0,2,0,0,0,0,2,2,2,2,0,0,2,2
116,-2665.386,-1970.128,157.909,-97.293,-0.126212,0.991713,-0.023995,-0.991442,-0.126917,-0.030562,-0.033354,0.019932,0.999245,0,0.88436,-0.25753,53.062,-0.515,-1,400.000,-1,400.000,-1,325.000,325.000,300.000,300.000,-1,-1,-1,-1,800.000,825.000,-1,-1,2,0,2,0,2,0,0,0,0,2,2,2,2,0,0,2,2
117,-2672.595,-2022.697,155.961,-97.808,-0.135099,0.990535,-0.024245,-0.990234,-0.135827,-0.031425,-0.034421,0.019763,0.999212,0,0.88436,-0.25753,53.062,-0.515,-1,400.000,-1,400.000,-1,325.000,325.000,300.000,300.000,-1,-1,-1,-1,800.000,825.000,-1,-1,2,0,2,0,2,0,0,0,0,2,2,2,2,0,0,2,2
118,-2680.276,-2075.200,153.883,-98.323,-0.143956,0.989270,-0.024945,-0.988941,-0.144725,-0.032410,-0.035673,0.020004,0.999163,0,0.88436,-0.25753,53.062,-0.515,-1,400.000,-1,400.000,-1,325.000,325.000,300.000,300.000,-1,-1,-1,-1,800.000,825.000,-1,-1,2,0,2,0,2,0,0,0,0,2,2,2,2,0,0,2,2
119,-2688.428,-2127.632,151.787,-98.838,-0.152799,0.987924,-0.025657,-0.987567,-0.153612,-0.033393,-0.036931,0.020236,0.999113,0,0.88436,-0.25753,53.062,-0.515,-1,400.000,-1,400.000,-1,325.000,325.000,300.000,300.000,-1,-1,-1,-1,800.000,825.000,-1,-1,2,0,2,0,2,0,0,0,0,2,2,2,2,0,0,2,2
120,-2697.052,-2179.988,149.670,-99.353,-0.161630,0.986499,-0.026382,-0.986112,-0.162485,-0.034373,-0.038196,0.020460,0.999061,0,0.88436,-0.25753,53.062,-0.515,-1,400.000,-1,400.000,-1,325.000,325.000,300.000,300.000,-1,-1,-1,-1,800.000,825.000,-1,-1,2,0,2,0,2,0,0,0,0,2,2,2,2,0,0,2,2
121,-2706.146,-2232.265,147.534,-99.868,-0.170445,0.984994,-0.027118,-0.984577,-0.171346,-0.035349,-0.039465,0.020674,0.999007,0,0.88436,-0.25753,53.062,-0.515,-1,400.000,-1,400.000,-1,325.000,325.000,300.000,300.000,-1,-1,-1,-1,800.000,825.000,-1,-1,2,0,2,0,2,0,0,0,0,2,2,2,2,0,0,2,2
122,-2715.709,-2284.458,145.376,-100.383,-0.179246,0.983410,-0.027865,-0.982960,-0.180193,-0.036321,-0.040740,0.020880,0.998952,0,0.88436,-0.25753,53.062,-0.515,-1,400.000,-1,400.000,-1,325.000,325.000,300.000,300.000,-1,-1,-1,-1,800.000,825.000,-1,-1,2,0,2,0,2,0,0,0,0,2,2,2,2,0,0,2,2
123,-2725.742,-2336.562,143.197,-100.898,-0.188030,0.981746,-0.028623,-0.981264,-0.189025,-0.037288,-0.042018,0.021075,0.998895,0,0.88436,-0.25753,53.062,-0.515,-1,400.000,-1,400.000,-1,325.000,325.000,300.000,300.000,-1,-1,-1,-1,800.000,825.000,-1,-1,2,0,2,0,2,0,0,0,0,2,2,2,2,0,0,2,2
124,-2736.242,-2388.575,140.995,-101.413,-0.196799,0.980003,-0.029391,-0.979487,-0.197842,-0.038249,-0.043299,0.021261,0.998836,0,0.88436,-0.25753,53.062,-0.515,-1,400.000,-1,400.000,-1,325.000,325.000,300.000,300.000,-1,-1,-1,-1,800.000,825.000,-1,-1,2,0,2,0,2,0,0,0,0,2,2,2,2,0,0,2,2
125,-2747.209,-2440.491,138.769,-101.928,-0.205550,0.978182,-0.030170,-0.977631,-0.206643,-0.039204,-0.044583,0.021437,0.998776,0,0.88436,-0.25753,53.062,-0.515,-1,400.000,-1,400.000,-1,325.000,325.000,300.000,300.000,-1,-1,-1,-1,800.000,800.000,-1,-1,2,0,2,0,2,0,0,0,0,2,2,2,2,0,0,2,2
126,-2758.643,-2492.306,136.520,-102.444,-0.214283,0.976281,-0.030958,-0.975694,-0.215427,-0.040152,-0.045869,0.021602,0.998714,0,0.88436,-0.25753,53.062,-0.515,-1,400.000,-1,400.000,-1,325.000,325.000,300.000,300.000,-1,-1,-1,-1,800.000,800.000,-1,-1,2,0,2,0,2,0,0,0,0,2,2,2,2,0,0,2,2
127,-2770.542,-2544.016,134.246,-102.959,-0.222997,0.974302,-0.031756,-0.973678,-0.224194,-0.041093,-0.047157,0.021756,0.998651,0,0.88436,-0.25753,53.062,-0.515,-1,400.000,-1,400.000,-1,325.000,325.000,300.000,300.000,-1,-1,-1,-1,800.000,800.000,-1,-1,2,0,2,0,2,0,0,0,0,2,2,2,2,0,0,2,2
128,-2782.906,-2595.618,131.760,-103.474,-0.231740,0.972260,-0.031743,-0.971589,-0.232946,-0.041847,-0.048081,0.021143,0.998620,0,0.88436,-0.25753,53.062,-0.515,-1,400.000,-1,400.000,-1,325.000,325.000,300.000,300.000,-1,-1,-1,-1,775.000,800.000,-1,-1,2,0,2,0,2,0,0,0,0,2,2,2,2,0,0,2,2
129,-2795.732,-2647.106,129.200,-103.989,-0.240472,0.970144,-0.031531,-0.969411,-0.241681,-0.042814,-0.049156,0.020271,0.998585,0,0.88436,-0.25753,53.062,-0.515,-1,400.000,-1,400.000,-1,325.000,325.000,300.000,300.000,-1,-1,-1,-1,775.000,800.000,-1,-1,2,0,2,0,2,0,0,0,0,2,2,2,2,0,0,2,2
130,-2809.022,-2698.476,126.542,-104.504,-0.249178,0.967944,-0.031548,-0.967165,-0.250396,-0.043509,-0.050013,0.019671,0.998555,0,0.88436,-0.25753,53.062,-0.515,-1,400.000,-1,400.000,-1,325.000,325.000,300.000,300.000,-1,-1,-1,-1,775.000,800.000,-1,-1,2,0,2,0,2,0,0,0,0,2,2,2,2,0,0,2,2
131,-2822.772,-2749.725,123.747,-105.019,-0.257841,0.965657,-0.032003,-0.964844,-0.259088,-0.044157,-0.050932,0.019492,0.998512,0,0.88436,-0.25753,53.062,-0.515,-1,400.000,-1,400.000,-1,325.000,325.000,300.000,300.000,-1,-1,-1,-1,775.000,800.000,-1,-1,2,0,2,0,2,0,0,0,0,2,2,2,2,0,0,2,2
132,-2836.982,-2800.849,120.929,-105.534,-0.266484,0.963293,-0.032462,-0.962444,-0.267759,-0.044805,-0.051852,0.019303,0.998468,0,0.88436,-0.25753,53.062,-0.515,-1,400.000,-1,400.000,-1,325.000,325.000,300.000,300.000,-1,-1,-1,-1,775.000,800.000,-1,-1,2,0,2,0,2,0,0,0,0,2,2,2,2,0,0,2,2
133,-2850.130,-2847.285,118.351,-105.809,-0.271076,0.961996,-0.032887,-0.961118,-0.272380,-0.045393,-0.052626,0.019303,0.998428,0,0.80436,-0.13753,48.262,-0.275,-1,400.000,-1,400.000,-1,325.000,325.000,300.000,300.000,-1,-1,-1,-1,775.000,800.000,-1,-1,2,0,2,0,2,0,0,0,0,2,2,2,2,0,0,2,2
134,-2861.996,-2889.096,116.020,-105.844,-0.271633,0.961825,-0.033275,-0.960926,-0.272968,-0.045922,-0.053252,0.019501,0.998391,0,0.72436,-0.01753,43.462,-0.035,-1,400.000,-1,400.000,-1,325.000,325.000,300.000,300.000,-1,-1,-1,-1,775.000,800.000,-1,-1,2,0,2,0,2,0,0,0,0,2,2,2,2,0,0,2,2
135,-2872.419,-2926.326,113.942,-105.639,-0.268158,0.962788,-0.033622,-0.961876,-0.269524,-0.046391,-0.053727,0.019900,0.998357,0,0.64436,0.10247,38.662,0.205,-1,400.000,-1,400.000,-1,325.000,325.000,300.000,300.000,-1,-1,-1,-1,775.000,800.000,-1,-1,2,0,2,0,2,0,0,0,0,2,2,2,2,0,0,2,2
136,-2882.008,-2961.637,111.975,-105.194,-0.260636,0.964840,-0.033950,-0.963921,-0.262036,-0.046832,-0.054081,0.020519,0.998326,0,0.60984,0.22247,36.590,0.445,-1,400.000,-1,400.000,-1,325.000,325.000,300.000,300.000,-1,-1,-1,-1,775.000,800.000,-1,-1,2,0,2,0,2,0,0,0,0,2,2,2,2,0,0,2,2
137,-2891.176,-2997.061,110.011,-104.509,-0.249041,0.967886,-0.034275,-0.966968,-0.250479,-0.047268,-0.054335,0.021371,0.998294,0,0.60984,0.34247,36.590,0.685,-1,400.000,-1,400.000,-1,325.000,325.000,300.000,300.000,-1,-1,-1,-1,775.000,775.000,-1,-1,2,0,2,0,2,0,0,0,0,2,2,2,2,0,0,2,2
138,-2899.769,-3032.627,108.054,-103.584,-0.233337,0.971780,-0.034594,-0.970869,-0.234816,-0.047699,-0.054476,0.022456,0.998263,0,0.60984,0.46247,36.590,0.925,-1,400.000,-1,400.000,-1,325.000,325.000,300.000,300.000,-1,-1,-1,-1,750.000,775.000,-1,-1,2,0,2,0,2,0,0,0,0,2,2,2,2,0,0,2,2
