timestep,x_cm,y_cm,z_cm,yaw_deg,basis_xx,basis_xy,basis_xz,basis_yx,basis_yy,basis_yz,basis_zx,basis_zy,basis_zz,teleport_flag,throttle_cmd,steering_cmd,cmd_move_cm,cmd_turn_deg,lidar_cm_0,lidar_cm_1,lidar_cm_2,lidar_cm_3,lidar_cm_4,lidar_cm_5,lidar_cm_6,lidar_cm_7,lidar_cm_8,lidar_cm_9,lidar_cm_10,lidar_cm_11,lidar_cm_12,lidar_cm_13,lidar_cm_14,lidar_cm_15,lidar_cm_16,lidar_class_0,lidar_class_1,lidar_class_2,lidar_class_3,lidar_class_4,lidar_class_5,lidar_class_6,lidar_class_7,lidar_class_8,lidar_class_9,lidar_class_10,lidar_class_11,lidar_class_12,lidar_class_13,lidar_class_14,lidar_class_15,lidar_class_16
0,-4919.493,8199.153,-228.703,179.570,-0.999419,-0.007501,-0.033237,0.007180,-0.999927,0.009767,-0.033308,0.009522,0.999400,1,0.00000,0.00000,4.800,0.240,-1,375.000,-1,375.000,-1,325.000,325.000,325.000,300.000,-1,600.000,700.000,-1,650.000,700.000,-1,-1,2,0,2,0,2,0,0,0,0,2,0,0,2,0,0,2,2
1,-4924.293,8199.177,-228.864,179.712,-0.999440,-0.005033,-0.033090,0.004712,-0.999941,0.009764,-0.033138,0.009602,0.999405,0,0.08000,0.07070,4.800,0.141,-1,375.000,-1,375.000,-1,325.000,325.000,325.000,300.000,-1,600.000,700.000,-1,650.000,700.000,-1,-1,2,0,2,0,2,0,0,0,0,2,0,0,2,0,0,2,2
2,-4933.893,8199.202,-229.185,179.853,-0.999459,-0.002565,-0.032788,0.002246,-0.999950,0.009753,-0.032812,0.009674,0.999415,0,0.16000,0.07070,9.600,0.141,-1,375.000,-1,375.000,-1,325.000,325.000,325.000,300.000,-1,600.000,700.000,-1,650.000,700.000,-1,-1,2,0,2,0,2,0,0,0,0,2,0,0,2,0,0,2,2
3,-4948.293,8199.203,-229.667,179.994,-0.999477,-0.000097,-0.032330,-0.000218,-0.999953,0.009734,-0.032330,0.009736,0.999430,0,0.24000,0.07070,14.400,0.141,-1,375.000,-1,375.000,-1,325.000,325.000,325.000,300.000,-1,600.000,700.000,-1,650.000,700.000,-1,-1,2,0,2,0,2,0,0,0,0,2,0,0,2,0,0,2,2
4,-4967.493,8199.157,-230.307,180.136,-0.999494,0.002371,-0.031717,-0.002680,-0.999949,0.009710,-0.031692,0.009790,0.999450,0,0.32000,0.07070,19.200,0.141,-1,375.000,-1,375.000,-1,325.000,325.000,325.000,300.000,-1,575.000,675.000,-1,650.000,700.000,-1,-1,2,0,2,0,2,0,0,0,0,2,0,0,2,0,0,2,2
5,-4991.492,8199.041,-231.107,180.277,-0.999509,0.004838,-0.030948,-0.005140,-0.999940,0.009681,-0.030899,0.009835,0.999474,0,0.40000,0.07070,24.000,0.141,-1,375.000,-1,375.000,-1,325.000,325.000,325.000,300.000,-1,575.000,650.000,-1,650.000,700.000,-1,-1,2,0,2,0,2,0,0,0,0,2,0,0,2,0,0,2,2
6,-5020.291,8198.831,-232.066,180.419,-0.999523,0.007306,-0.030022,-0.007599,-0.999925,0.009648,-0.029949,0.009872,0.999503,0,0.48000,0.07070,28.800,0.141,-1,375.000,-1,375.000,-1,300.000,325.000,325.000,300.000,-1,550.000,625.000,-1,650.000,700.000,-1,-1,2,0,2,0,2,0,0,0,0,2,0,0,2,0,0,2,2
7,-5053.890,8198.502,-233.183,180.560,-0.999533,0.009774,-0.028940,-0.010056,-0.999903,0.009613,-0.028843,0.009899,0.999535,0,0.56000,0.07070,33.600,0.141,-1,375.000,-1,375.000,-1,300.000,325.000,325.000,300.000,-1,550.000,600.000,-1,650.000,700.000,-1,-1,2,0,2,0,2,0,0,0,0,2,0,0,2,0,0,2,2
8,-5092.287,8198.032,-234.458,180.701,-0.999541,0.012241,-0.027699,-0.012511,-0.999876,0.009576,-0.027578,0.009918,0.999570,0,0.64000,0.07070,38.400,0.141,-1,375.000,-1,375.000,-1,300.000,300.000,325.000,300.000,-1,525.000,575.000,-1,650.000,700.000,-1,-1,2,0,2,0,2,0,0,0,0,2,0,0,2,0,0,2,2
9,-5135.482,8197.397,-235.890,180.843,-0.999546,0.014709,-0.026299,-0.014964,-0.999843,0.009540,-0.026155,0.009929,0.999609,0,0.72000,0.07070,43.200,0.141,-1,375.000,-1,375.000,-1,300.000,300.000,325.000,300.000,-1,500.000,550.000,-1,650.000,700.000,-1,-1,2,0,2,0,2,0,0,0,0,2,0,0,2,0,0,2,2
10,-5182.162,8196.590,-237.436,180.990,-0.999544,0.017271,-0.024781,-0.017512,-0.999801,0.009509,-0.024612,0.009939,0.999648,0,0.77812,0.07342,46.687,0.147,-1,375.000,-1,375.000,-1,300.000,300.000,300.000,300.000,-1,450.000,500.000,-1,650.000,700.000,-1,-1,2,0,2,0,2,0,0,0,0,2,0,0,2,0,0,2,2
11,-5229.390,8195.639,-238.997,181.153,-0.999527,0.020126,-0.023241,-0.020352,-0.999748,0.009491,-0.023044,0.009959,0.999685,0,0.78728,0.08181,47.237,0.164,1000.000,350.000,-1,375.000,-1,300.000,300.000,300.000,300.000,-1,425.000,450.000,-1,625.000,700.000,-1,-1,1,0,2,0,2,0,0,0,0,2,0,0,2,0,0,2,2
12,-5277.156,8194.527,-239.838,181.334,-0.999494,0.023285,-0.021650,-0.023499,-0.999677,0.009705,-0.021417,0.010209,0.999719,0,0.79633,0.09051,47.780,0.181,975.000,350.000,-1,375.000,-1,300.000,300.000,300.000,300.000,-1,425.000,450.000,-1,625.000,700.000,-1,-1,1,0,2,0,2,0,0,0,0,2,0,0,2,0,0,2,2
13,-5325.454,8193.234,-240.240,181.533,-0.999452,0.026757,-0.019463,-0.026970,-0.999578,0.010759,-0.019167,0.011279,0.999753,0,0.80526,0.09952,48.316,0.199,950.000,350.000,-1,375.000,-1,300.000,300.000,300.000,300.000,-1,450.000,450.000,-1,650.000,700.000,-1,-1,1,0,2,0,2,0,0,0,0,2,0,0,2,0,0,2,2
14,-5374.275,8191.741,-240.642,181.751,-0.999384,0.030555,-0.017248,-0.030762,-0.999457,0.011841,-0.016877,0.012364,0.999781,0,0.81405,0.10886,48.843,0.218,925.000,375.000,-1,375.000,-1,300.000,300.000,300.000,300.000,-1,450.000,450.000,-1,650.000,700.000,-1,-1,1,0,2,0,2,0,0,0,0,2,0,0,2,0,0,2,2
15,-5423.606,8190.028,-241.041,181.988,-0.999286,0.034690,-0.015004,-0.034885,-0.999307,0.012951,-0.014544,0.013465,0.999804,0,0.82269,0.11854,49.361,0.237,925.000,375.000,-1,375.000,-1,300.000,300.000,325.000,325.000,-1,450.000,450.000,-1,650.000,700.000,-1,-1,1,0,2,0,2,0,0,0,0,2,0,0,2,0,0,2,2
16,-5477.735,8188.152,-241.476,181.985,-0.999321,0.034638,-0.012530,-0.034815,-0.999293,0.014200,-0.012029,0.014627,0.999821,0,0.90269,-0.00146,54.161,-0.003,900.000,375.000,-1,375.000,-1,300.000,300.000,325.000,325.000,-1,450.000,425.000,-1,650.000,700.000,-1,-1,1,0,2,0,2,0,0,0,0,2,0,0,2,0,0,2,2
17,-5536.669,8186.359,-241.951,181.742,-0.999489,0.030400,-0.009828,-0.030551,-0.999412,0.015564,-0.009349,0.015856,0.999831,0,0.98269,-0.12146,58.961,-0.243,900.000,375.000,-1,375.000,-1,300.000,325.000,325.000,325.000,-1,475.000,425.000,-1,650.000,700.000,-1,-1,1,0,2,0,2,0,0,0,0,2,0,0,2,0,0,2,2
18,-5596.655,8185.040,-242.442,181.259,-0.999733,0.021975,-0.007076,-0.022092,-0.999613,0.016921,-0.006702,0.017073,0.999832,0,1.00000,-0.24146,60.000,-0.483,900.000,375.000,-1,400.000,-1,300.000,325.000,325.000,325.000,-1,475.000,425.000,-1,650.000,700.000,-1,-1,1,0,2,0,2,0,0,0,0,2,0,0,2,0,0,2,2
19,-5656.652,8184.478,-242.949,180.536,-0.999947,0.009361,-0.004330,-0.009438,-0.999790,0.018214,-0.004158,0.018254,0.999825,0,1.00000,-0.36146,60.000,-0.723,900.000,375.000,-1,375.000,-1,300.000,325.000,325.000,300.000,-1,475.000,425.000,-1,650.000,700.000,-1,-1,1,0,2,0,2,0,0,0,0,2,0,0,2,0,0,2,2
20,-5716.651,8184.924,-243.482,179.574,-0.999971,-0.007442,-0.001599,0.007410,-0.999784,0.019403,-0.001743,0.019391,0.999810,0,1.00000,-0.48146,60.000,-0.963,900.000,375.000,-1,375.000,-1,300.000,325.000,300.000,300.000,-1,500.000,400.000,-1,650.000,725.000,-1,-1,1,0,2,0,2,0,0,0,0,2,0,0,2,0,0,2,2
21,-5776.626,8186.630,-244.053,178.371,-0.999595,-0.028429,0.001099,0.028446,-0.999386,0.020449,0.000517,0.020472,0.999790,0,1.00000,-0.60146,60.000,-1.203,925.000,375.000,-1,375.000,-1,300.000,325.000,300.000,300.000,-1,450.000,350.000,-1,650.000,725.000,-1,-1,1,0,2,0,2,0,0,0,0,2,0,0,2,0,0,2,2
22,-5836.546,8189.738,-244.669,177.030,-0.998650,-0.051802,0.003744,0.051870,-0.998426,0.021334,0.002633,0.021500,0.999765,0,1.00000,-0.67030,60.000,-1.341,975.000,375.000,-1,375.000,-1,300.000,325.000,300.000,300.000,-1,425.000,325.000,-1,650.000,725.000,-1,-1,1,0,2,0,2,0,0,0,0,2,0,0,2,0,0,2,2
23,-5896.379,8194.204,-245.114,175.731,-0.997208,-0.074427,0.005996,0.074546,-0.996952,0.022994,0.004266,0.023377,0.999718,0,1.00000,-0.64971,60.000,-1.299,-1,375.000,-1,375.000,-1,300.000,300.000,300.000,300.000,-1,425.000,325.000,-1,650.000,725.000,-1,-1,2,0,2,0,2,0,0,0,0,2,0,0,2,0,0,2,2
24,-5956.101,8199.982,-244.553,174.474,-0.995324,-0.096272,0.007825,0.096443,-0.995010,0.025580,0.005323,0.026215,0.999642,0,1.00000,-0.62851,60.000,-1.257,-1,375.000,-1,375.000,-1,300.000,300.000,300.000,300.000,-1,475.000,375.000,-1,675.000,750.000,-1,-1,2,0,2,0,2,0,0,0,0,2,0,0,2,0,0,2,2
25,-6015.686,8207.023,-243.742,173.260,-0.993046,-0.117323,0.009750,0.117547,-0.992701,0.026956,0.006517,0.027915,0.999589,0,1.00000,-0.60689,60.000,-1.214,-1,375.000,-1,375.000,-1,300.000,325.000,300.000,300.000,-1,525.000,400.000,-1,675.000,750.000,-1,-1,2,0,2,0,2,0,0,0,0,2,0,0,2,0,0,2,2
26,-6075.116,8215.280,-242.986,172.090,-0.990425,-0.137563,0.011643,0.137843,-0.990051,0.028247,0.007641,0.029582,0.999533,0,1.00000,-0.58503,60.000,-1.170,-1,375.000,-1,400.000,-1,300.000,325.000,300.000,300.000,-1,550.000,450.000,-1,700.000,775.000,-1,-1,2,0,2,0,2,0,0,0,0,2,0,0,2,0,0,2,2
27,-6134.371,8224.703,-242.289,170.963,-0.987508,-0.156989,0.013503,0.157328,-0.987107,0.029458,0.008705,0.031214,0.999475,0,1.00000,-0.56314,60.000,-1.126,-1,375.000,-1,400.000,-1,300.000,325.000,300.000,300.000,-1,600.000,500.000,-1,725.000,775.000,-1,-1,2,0,2,0,2,0,0,0,0,2,0,0,2,0,0,2,2
28,-6193.438,8235.245,-241.653,169.881,-0.984341,-0.175607,0.015334,0.176007,-0.983913,0.030591,0.009715,0.032811,0.999414,0,1.00000,-0.54144,60.000,-1.083,-1,375.000,-1,400.000,-1,325.000,325.000,300.000,300.000,-1,625.000,525.000,-1,750.000,800.000,-1,-1,2,0,2,0,2,0,0,0,0,2,0,0,2,0,0,2,2
29,-6252.299,8246.881,-241.085,168.816,-0.980883,-0.193841,0.017135,0.194304,-0.980431,0.031652,0.010664,0.034376,0.999352,0,1.00000,-0.53212,60.000,-1.064,-1,375.000,-1,400.000,-1,325.000,325.000,300.000,300.000,-1,675.000,550.000,-1,750.000,825.000,-1,-1,2,0,2,0,2,0,0,0,0,2,0,0,2,0,0,2,2
30,-6310.806,8259.567,-240.589,167.765,-0.977134,-0.211782,0.018903,0.212310,-0.976657,0.032637,0.011550,0.035904,0.999288,0,0.99777,-0.52555,59.866,-1.051,-1,375.000,-1,400.000,-1,325.000,325.000,300.000,300.000,-1,700.000,575.000,-1,775.000,825.000,-1,-1,2,0,2,0,2,0,0,0,0,2,0,0,2,0,0,2,2
31,-6368.416,8273.159,-240.173,166.724,-0.973096,-0.229475,0.020624,0.230068,-0.972596,0.033540,0.012362,0.037383,0.999225,0,0.98652,-0.52041,59.191,-1.041,-1,400.000,-1,400.000,-1,325.000,325.000,300.000,300.000,-1,725.000,600.000,-1,800.000,850.000,-1,-1,2,0,2,0,2,0,0,0,0,2,0,0,2,0,0,2,2
32,-6425.077,8287.610,-239.840,165.691,-0.968767,-0.246967,0.022296,0.247625,-0.968246,0.034361,0.013102,0.038809,0.999161,0,0.97458,-0.51675,58.475,-1.033,-1,400.000,-1,400.000,-1,325.000,325.000,300.000,300.000,-1,750.000,625.000,-1,825.000,850.000,-1,-1,2,0,2,0,2,0,0,0,0,2,0,0,2,0,0,2,2
33,-6480.753,8302.881,-239.527,164.662,-0.964147,-0.264300,0.023789,0.265021,-0.963592,0.035403,0.013566,0.040438,0.999090,0,0.96221,-0.51455,57.732,-1.029,975.000,400.000,-1,425.000,-1,325.000,325.000,300.000,300.000,-1,775.000,675.000,-1,850.000,875.000,-1,-1,1,0,2,0,2,0,0,0,0,2,0,0,2,0,0,2,2
34,-6535.425,8318.935,-239.260,163.634,-0.959261,-0.281517,0.023802,0.282249,-0.958630,0.036943,0.012417,0.042156,0.999034,0,0.94967,-0.51377,56.980,-1.028,950.000,400.000,-1,425.000,-1,325.000,325.000,300.000,300.000,-1,875.000,725.000,-1,875.000,875.000,-1,-1,1,0,2,0,2,0,0,0,0,2,0,0,2,0,0,2,2
35,-6587.452,8334.993,-239.181,162.847,-0.955319,-0.294653,0.023348,0.295369,-0.954623,0.038099,0.011062,0.043293,0.999001,0,0.90746,-0.39377,54.448,-0.788,950.000,400.000,-1,425.000,-1,325.000,325.000,300.000,300.000,-1,950.000,800.000,-1,900.000,875.000,-1,-1,1,0,2,0,2,0,0,0,0,2,0,0,2,0,0,2,2
36,-6638.695,8351.348,-238.965,162.299,-0.952490,-0.303755,0.022277,0.304426,-0.951744,0.038844,0.009403,0.043781,0.998997,0,0.89650,-0.27377,53.790,-0.548,925.000,400.000,-1,425.000,-1,325.000,325.000,300.000,300.000,-1,-1,900.000,-1,900.000,875.000,-1,-1,1,0,2,0,2,0,0,0,0,2,2,0,2,0,0,2,2
37,-6689.301,8367.799,-238.767,161.992,-0.950888,-0.308855,0.020502,0.309451,-0.950084,0.039763,0.007198,0.044155,0.998999,0,0.88688,-0.15377,53.213,-0.308,925.000,400.000,-1,425.000,-1,325.000,325.000,300.000,300.000,-1,-1,-1,-1,900.000,875.000,-1,-1,1,0,2,0,2,0,0,0,0,2,2,2,2,0,0,2,2
38,-6739.420,8384.157,-238.641,161.924,-0.950563,-0.309967,0.018709,0.310490,-0.949698,0.040875,0.005098,0.044664,0.998989,0,0.87867,-0.03377,52.720,-0.068,900.000,400.000,-1,400.000,-1,325.000,325.000,300.000,300.000,-1,-1,-1,-1,900.000,875.000,-1,-1,1,0,2,0,2,0,0,0,0,2,2,2,2,0,0,2,2
39,-6789.199,8400.238,-238.531,162.097,-0.951526,-0.307100,0.016986,0.307553,-0.950605,0.041981,0.003255,0.045170,0.998974,0,0.87187,0.08623,52.312,0.172,900.000,400.000,-1,400.000,-1,325.000,325.000,300.000,300.000,-1,-1,-1,-1,900.000,850.000,-1,-1,1,0,2,0,2,0,0,0,0,2,2,2,2,0,0,2,2
40,-6838.783,8415.863,-238.427,162.509,-0.953740,-0.300242,0.015326,0.300629,-0.952768,0.043067,0.001672,0.045682,0.998955,0,0.86646,0.20623,51.988,0.412,875.000,400.000,-1,400.000,-1,325.000,325.000,300.000,300.000,-1,-1,-1,-1,900.000,850.000,-1,-1,1,0,2,0,2,0,0,0,0,2,2,2,2,0,0,2,2
41,-6888.307,8430.852,-238.319,163.161,-0.957120,-0.289367,0.013723,0.289692,-0.956102,0.044122,0.000353,0.046206,0.998932,0,0.86237,0.32623,51.742,0.652,850.000,400.000,-1,400.000,-1,325.000,325.000,300.000,300.000,-1,-1,-1,-1,900.000,850.000,-1,-1,1,0,2,0,2,0,0,0,0,2,2,2,2,0,0,2,2
42,-6937.894,8445.020,-238.199,164.054,-0.961529,-0.274433,0.012170,0.274702,-0.960470,0.045136,-0.000698,0.046743,0.998907,0,0.85953,0.44623,51.572,0.892,825.000,400.000,-1,400.000,-1,325.000,325.000,300.000,300.000,-1,-1,-1,-1,925.000,850.000,-1,-1,1,0,2,0,2,0,0,0,0,2,2,2,2,0,0,2,2
43,-6992.226,8459.389,-238.042,165.186,-0.966781,-0.255389,0.010524,0.255601,-0.965678,0.046199,-0.001636,0.047354,0.998877,0,0.93667,0.56623,56.200,1.132,775.000,425.000,-1,400.000,-1,325.000,325.000,300.000,300.000,-1,-1,-1,-1,925.000,850.000,-1,-1,1,0,2,0,2,0,0,0,0,2,2,2,2,0,0,2,2
44,-7046.985,8472.475,-237.849,166.559,-0.972632,-0.232180,0.008918,0.232339,-0.971489,0.047201,-0.002296,0.047981,0.998846,0,0.93836,0.68623,56.301,1.372,725.000,425.000,-1,400.000,-1,325.000,325.000,300.000,300.000,-1,-1,-1,-1,925.000,850.000,-1,-1,1,0,2,0,2,0,0,0,0,2,2,2,2,0,0,2,2
45,-7102.233,8484.046,-237.607,168.171,-0.978788,-0.204745,0.007347,0.204859,-0.977607,0.048133,-0.002673,0.048618,0.998814,0,0.94078,0.80623,56.447,1.612,675.000,425.000,-1,400.000,-1,325.000,325.000,300.000,300.000,-1,-1,-1,-1,925.000,850.000,-1,-1,1,0,2,0,2,0,0,0,0,2,2,2,2,0,0,2,2
46,-7158.013,8493.857,-237.316,170.024,-0.984899,-0.173031,0.005840,0.173108,-0.983687,0.048922,-0.002720,0.049194,0.998786,0,0.94395,0.92623,56.637,1.852,625.000,425.000,-1,400.000,-1,350.000,325.000,300.000,300.000,-1,-1,-1,-1,950.000,850.000,-1,-1,1,0,2,0,2,0,0,0,0,2,2,2,2,0,0,2,2
47,-7214.333,8501.749,-237.465,172.024,-0.990339,-0.138606,0.004039,0.138640,-0.989200,0.047572,-0.002599,0.047672,0.998860,0,0.94784,1.00000,56.870,2.000,550.000,425.000,-1,425.000,-1,350.000,325.000,300.000,300.000,-1,-1,-1,-1,950.000,850.000,-1,-1,1,0,2,0,2,0,0,0,0,2,2,2,2,0,0,2,2
48,-7271.151,8507.698,-237.980,174.024,-0.994575,-0.104004,0.001810,0.103975,-0.993487,0.046613,-0.003050,0.046548,0.998911,0,0.95216,1.00000,57.130,2.000,500.000,425.000,-1,425.000,-1,350.000,325.000,300.000,300.000,-1,-1,-1,-1,950.000,875.000,-1,-1,1,0,2,0,2,0,0,0,0,2,2,2,2,0,0,2,2
49,-7328.399,8511.678,-238.749,176.024,-0.997598,-0.069268,-0.000796,0.069155,-0.996509,0.046760,-0.004032,0.046593,0.998906,0,0.95645,1.00000,57.387,2.000,450.000,425.000,-1,425.000,-1,350.000,325.000,300.000,300.000,-1,-1,-1,-1,925.000,850.000,875.000,-1,1,0,2,0,2,0,0,0,0,2,2,2,2,0,0,1,2
50,-7386.006,8513.666,-239.432,178.024,-0.999401,-0.034448,-0.003429,0.034251,-0.998320,0.046732,-0.005033,0.046587,0.998902,0,0.96068,1.00000,57.641,2.000,400.000,425.000,-1,400.000,-1,325.000,325.000,300.000,300.000,-1,-1,-1,-1,875.000,850.000,675.000,-1,1,0,2,0,2,0,0,0,0,2,2,2,2,1,0,1,2
51,-7438.846,8513.644,-239.980,180.024,-0.999983,0.000413,-0.005848,-0.000685,-0.998915,0.046570,-0.005822,0.046573,0.998898,0,0.88068,1.00000,52.841,2.000,350.000,425.000,-1,400.000,-1,325.000,325.000,300.000,300.000,-1,-1,-1,-1,775.000,850.000,525.000,-1,1,0,2,0,2,0,0,0,0,2,2,2,2,1,0,1,2
52,-7489.846,8511.842,-240.434,182.024,-0.999344,0.035275,-0.008195,-0.035617,-0.998294,0.046270,-0.006549,0.046532,0.998895,0,0.85054,1.00000,51.032,2.000,300.000,425.000,-1,400.000,-1,325.000,325.000,300.000,300.000,-1,-1,-1,-1,725.000,850.000,450.000,-1,1,0,2,0,2,0,0,0,0,2,2,2,2,1,0,1,2
53,-7541.004,8508.243,-240.816,184.024,-0.997484,0.070094,-0.010570,-0.070507,-0.996458,0.045820,-0.007321,0.046450,0.998894,0,0.85475,1.00000,51.285,2.000,250.000,425.000,-1,400.000,-1,325.000,325.000,300.000,300.000,-1,-1,-1,-1,650.000,850.000,375.000,-1,1,0,2,0,2,0,0,0,0,2,2,2,2,1,0,1,2
54,-7592.250,8502.836,-241.128,186.024,-0.994406,0.104827,-0.012971,-0.105312,-0.993411,0.045217,-0.008146,0.046330,0.998893,0,0.85885,1.00000,51.531,2.000,225.000,425.000,-1,400.000,-1,325.000,325.000,275.000,300.000,-1,-1,-1,-1,600.000,850.000,300.000,-1,1,0,2,0,2,0,0,1,0,2,2,2,2,1,0,1,2
55,-7643.511,8495.606,-239.768,188.024,-0.990175,0.139389,-0.011112,-0.139780,-0.988832,0.051692,-0.003783,0.052738,0.998601,0,0.86281,1.00000,51.769,2.000,200.000,425.000,-1,425.000,-1,350.000,350.000,250.000,300.000,-1,-1,-1,-1,550.000,875.000,275.000,-1,1,1,2,0,2,0,0,1,0,2,2,2,2,1,0,1,2
56,-7694.712,8486.548,-237.722,190.024,-0.984760,0.173725,-0.008239,-0.173902,-0.982863,0.061139,0.002524,0.061640,0.998095,0,0.86661,1.00000,51.997,2.000,175.000,400.000,-1,425.000,-1,375.000,350.000,250.000,300.000,-1,-1,-1,-1,525.000,900.000,225.000,-1,1,1,2,0,2,0,0,1,0,2,2,2,2,1,0,1,2
57,-7745.777,8475.661,-235.048,192.024,-0.978167,0.207764,-0.004803,-0.207550,-0.975466,0.073410,0.010566,0.072804,0.997290,0,0.87022,1.00000,52.213,2.000,175.000,375.000,-1,450.000,-1,375.000,375.000,250.000,275.000,-1,-1,-1,-1,500.000,950.000,200.000,-1,1,1,2,0,2,0,0,1,0,2,2,2,2,1,0,1,2
58,-7796.626,8462.944,-231.729,194.024,-0.970421,0.241417,-0.001001,-0.240549,-0.966565,0.088821,0.020475,0.086434,0.996047,0,0.87360,1.00000,52.416,2.000,150.000,375.000,-1,475.000,-1,425.000,400.000,275.000,275.000,-1,-1,-1,-1,475.000,-1,200.000,-1,1,1,2,0,2,0,0,1,0,2,2,2,2,1,2,1,2
59,-7847.177,8448.399,-228.190,196.024,-0.961573,0.274529,0.003216,-0.272544,-0.955903,0.109405,0.033109,0.104325,0.993992,0,0.87672,1.00000,52.603,2.000,150.000,350.000,-1,500.000,-1,425.000,425.000,275.000,275.000,-1,-1,375.000,-1,450.000,-1,175.000,-1,1,1,2,0,2,1,0,1,0,2,2,0,2,1,2,1,2
60,-7897.347,8432.036,-224.017,198.024,-0.951693,0.306977,0.006771,-0.303367,-0.943449,0.133686,0.047427,0.125174,0.991001,0,0.87954,1.00000,52.772,2.000,125.000,350.000,-1,550.000,-1,400.000,475.000,275.000,250.000,-1,500.000,125.000,725.000,425.000,-1,150.000,-1,1,1,2,0,2,1,0,1,0,2,0,0,0,1,2,1,2
61,-7947.050,8413.870,-219.191,200.024,-0.940870,0.338618,0.010091,-0.332669,-0.929148,0.161291,0.063992,0.148396,0.986855,0,0.88200,1.00000,52.920,2.000,125.000,325.000,-1,600.000,-1,375.000,525.000,300.000,250.000,-1,350.000,75.000,475.000,425.000,-1,150.000,-1,1,1,2,0,2,1,0,1,0,2,0,0,0,1,2,1,2
62,-7996.198,8393.921,-213.901,202.024,-0.929204,0.369312,0.013727,-0.360034,-0.912992,0.191887,0.083399,0.173360,0.981321,0,0.88406,1.00000,53.044,2.000,125.000,325.000,-1,650.000,-1,375.000,500.000,300.000,225.000,-1,250.000,50.000,350.000,425.000,-1,150.000,-1,1,1,2,0,2,1,1,1,0,2,0,0,0,1,2,1,2
63,-8044.704,8372.230,-209.352,204.024,-0.916713,0.399297,0.014110,-0.386838,-0.895838,0.218703,0.099968,0.195030,0.975689,0,0.88566,1.00000,53.140,2.000,125.000,300.000,-1,700.000,-1,350.000,475.000,300.000,225.000,-1,200.000,25.000,275.000,400.000,-1,150.000,-1,1,1,2,0,2,1,1,1,0,2,0,0,0,1,2,1,2
64,-8092.476,8348.822,-204.556,206.024,-0.903576,0.428238,0.012746,-0.412211,-0.877097,0.246540,0.116758,0.217514,0.969049,0,0.88673,1.00000,53.204,2.000,100.000,300.000,-1,725.000,-1,325.000,450.000,325.000,225.000,-1,200.000,25.000,200.000,400.000,-1,150.000,-1,1,1,2,1,2,1,1,1,0,2,0,0,0,1,2,1,2
65,-1639.833,3607.596,-22.099,175.925,-0.997484,-0.070879,0.001097,0.070777,-0.994949,0.071179,-0.003954,0.071078,0.997463,1,0.00000,0.00000,53.232,2.000,275.000,350.000,-1,450.000,-1,375.000,375.000,350.000,300.000,-1,400.000,250.000,575.000,600.000,875.000,325.000,-1,1,1,2,0,2,1,0,1,0,2,0,0,1,1,0,1,2
66,-1644.619,3607.957,-22.182,175.685,-0.997179,-0.075045,0.001715,0.074975,-0.994622,0.071457,-0.003657,0.071383,0.997442,0,0.08000,-0.12000,4.800,-0.240,275.000,375.000,-1,450.000,-1,375.000,375.000,325.000,300.000,-1,400.000,225.000,575.000,625.000,875.000,350.000,-1,1,1,2,0,2,1,0,1,0,2,0,0,1,1,0,1,2
67,-1654.187,3608.749,-22.354,175.264,-0.996599,-0.082350,0.002907,0.082345,-0.993998,0.072016,-0.003041,0.072011,0.997399,0,0.16000,-0.21059,9.600,-0.421,275.000,375.000,-1,450.000,-1,375.000,375.000,325.000,300.000,-1,375.000,225.000,600.000,625.000,875.000,350.000,-1,1,1,2,0,2,1,0,1,0,2,0,0,1,1,0,1,2
68,-1668.529,3610.041,-22.601,174.849,-0.995973,-0.089533,0.004600,0.089630,-0.993297,0.072988,-0.001966,0.073106,0.997322,0,0.24000,-0.20729,14.400,-0.415,275.000,375.000,-1,450.000,-1,375.000,375.000,325.000,300.000,-1,375.000,225.000,600.000,650.000,875.000,350.000,-1,1,1,2,0,2,1,0,1,0,2,0,0,1,1,0,1,2
69,-1687.639,3611.898,-22.937,174.444,-0.995305,-0.096555,0.006757,0.096790,-0.992526,0.074318,-0.000469,0.074623,0.997212,0,0.32000,-0.20290,19.200,-0.406,275.000,375.000,-1,450.000,-1,400.000,375.000,300.000,275.000,-1,350.000,200.000,600.000,675.000,875.000,375.000,-1,1,1,2,0,2,1,0,1,0,2,0,0,1,1,0,1,2
70,-1711.510,3614.384,-23.379,174.049,-0.994598,-0.103377,0.009336,0.103788,-0.991695,0.075949,0.001407,0.076508,0.997068,0,0.40000,-0.19739,24.000,-0.395,275.000,400.000,-1,450.000,-1,400.000,375.000,300.000,275.000,-1,350.000,200.000,625.000,700.000,900.000,725.000,-1,1,1,2,0,2,0,0,1,0,2,0,0,1,1,0,1,2
71,-1740.135,3617.558,-23.944,173.668,-0.993861,-0.109956,0.012282,0.110581,-0.990816,0.077821,0.003613,0.078701,0.996892,0,0.48000,-0.19067,28.800,-0.381,250.000,400.000,-1,475.000,-1,400.000,400.000,275.000,275.000,-1,325.000,175.000,650.000,725.000,900.000,975.000,-1,1,1,2,0,2,0,0,1,0,2,0,0,1,1,0,1,2
72,-1773.506,3621.474,-24.653,173.302,-0.993099,-0.116248,0.015534,0.117123,-0.989901,0.079866,0.006093,0.081134,0.996685,0,0.56000,-0.18266,33.600,-0.365,250.000,425.000,-1,475.000,-1,400.000,400.000,250.000,275.000,-1,300.000,175.000,675.000,750.000,925.000,950.000,-1,1,1,2,0,2,0,0,1,0,2,0,0,1,1,0,1,2
73,-1811.617,3626.180,-25.529,172.956,-0.992322,-0.122207,0.019020,0.123365,-0.988966,0.082014,0.008788,0.083731,0.996450,0,0.64000,-0.17327,38.400,-0.347,300.000,425.000,-1,475.000,-1,425.000,400.000,250.000,275.000,-1,300.000,150.000,675.000,800.000,925.000,925.000,-1,1,1,2,0,2,0,0,1,0,2,0,0,0,1,0,1,2
74,-1854.461,3631.718,-26.596,172.631,-0.991543,-0.127781,0.022659,0.129253,-0.988031,0.084190,0.011630,0.086407,0.996192,0,0.72000,-0.16239,43.200,-0.325,375.000,450.000,-1,475.000,-1,425.000,400.000,225.000,275.000,-1,275.000,150.000,650.000,825.000,925.000,900.000,-1,1,1,2,0,2,0,0,1,0,2,0,0,0,1,1,1,2
75,-1902.033,3638.120,-27.882,172.331,-0.990776,-0.132920,0.026363,0.134726,-0.987116,0.086317,0.014550,0.089073,0.995919,0,0.80000,-0.14995,48.000,-0.300,500.000,475.000,-1,475.000,-1,425.000,400.000,225.000,275.000,-1,275.000,125.000,625.000,800.000,925.000,850.000,-1,1,1,2,0,2,0,0,1,0,2,0,0,0,1,1,1,2
76,-1952.018,3645.086,-28.512,172.059,-0.990164,-0.137527,0.025710,0.139334,-0.985953,0.092102,0.012683,0.094778,0.995418,0,0.84114,-0.13588,50.468,-0.272,650.000,475.000,-1,475.000,-1,425.000,400.000,200.000,275.000,-1,325.000,175.000,625.000,750.000,900.000,825.000,-1,1,1,2,0,2,0,0,1,0,2,0,0,0,1,1,1,2
77,-2001.343,3652.183,-29.213,171.807,-0.989682,-0.141796,0.020576,0.143137,-0.984874,0.097645,0.006420,0.099583,0.995009,0,0.83054,-0.12601,49.832,-0.252,700.000,475.000,-1,450.000,-1,400.000,400.000,200.000,275.000,-1,425.000,250.000,650.000,725.000,850.000,750.000,-1,1,1,2,0,2,0,0,1,0,2,0,0,0,1,1,1,2
78,-8199.150,-2951.696,-48.877,-17.688,0.951860,0.303841,0.040544,-0.303561,0.952723,-0.013039,-0.042589,0.000104,0.999093,1,0.00000,0.00000,49.141,-0.247,650.000,375.000,-1,400.000,-1,325.000,325.000,300.000,325.000,-1,450.000,425.000,-1,750.000,825.000,-1,-1,1,0,2,0,2,0,0,0,0,2,1,1,2,1,0,2,2
79,-8194.571,-2953.135,-49.087,-17.448,0.953129,0.299847,0.040460,-0.299561,0.953987,-0.013107,-0.042528,0.000372,0.999095,0,0.08000,0.12000,4.800,0.240,650.000,375.000,-1,400.000,-1,325.000,325.000,300.000,325.000,-1,450.000,425.000,-1,750.000,825.000,-1,-1,1,0,2,0,2,0,0,0,0,2,1,1,2,1,0,2,2
80,-8185.389,-2955.937,-49.508,-16.968,0.955617,0.291845,0.040292,-0.291545,0.956465,-0.013242,-0.042403,0.000907,0.999100,0,0.16000,0.24000,9.600,0.480,625.000,375.000,-1,400.000,-1,325.000,325.000,300.000,325.000,-1,450.000,425.000,-1,750.000,825.000,-1,-1,1,0,2,0,2,0,0,0,0,2,1,1,2,1,0,2,2
81,-8171.565,-2959.967,-50.138,-16.253,0.959199,0.279880,0.040045,-0.279562,0.960034,-0.013444,-0.042208,0.001700,0.999107,0,0.24000,0.35769,14.400,0.715,625.000,375.000,-1,400.000,-1,325.000,325.000,300.000,325.000,-1,450.000,450.000,-1,725.000,825.000,925.000,-1,1,0,2,0,2,0,0,0,0,2,1,1,2,1,0,1,2
82,-8153.067,-2965.112,-50.979,-15.544,0.962605,0.267980,0.039725,-0.267642,0.963421,-0.013700,-0.041943,0.002556,0.999117,0,0.32000,0.35446,19.200,0.709,600.000,375.000,-1,400.000,-1,325.000,325.000,300.000,325.000,-1,475.000,450.000,-1,725.000,825.000,875.000,-1,1,0,2,0,2,0,0,0,0,2,1,1,2,1,0,1,2
83,-8129.868,-2971.260,-52.031,-14.843,0.965831,0.256169,0.039335,-0.255809,0.966626,-0.014010,-0.041611,0.003469,0.999128,0,0.40000,0.35059,24.000,0.701,600.000,375.000,-1,400.000,-1,325.000,325.000,300.000,325.000,-1,500.000,475.000,-1,725.000,825.000,825.000,-1,1,1,2,0,2,0,0,0,0,2,1,1,2,1,0,1,2
84,-8101.942,-2978.301,-53.293,-14.151,0.968877,0.244472,0.038877,-0.244090,0.969646,-0.014370,-0.041210,0.004433,0.999141,0,0.48000,0.34609,28.800,0.692,575.000,375.000,-1,400.000,-1,325.000,325.000,300.000,300.000,-1,525.000,500.000,-1,725.000,850.000,800.000,-1,1,1,2,0,2,0,0,0,0,2,1,1,2,1,0,1,2
85,-8069.266,-2986.127,-54.766,-13.469,0.971741,0.232912,0.038356,-0.232507,0.972482,-0.014780,-0.040743,0.005445,0.999155,0,0.56000,0.34100,33.600,0.682,550.000,400.000,-1,400.000,-1,325.000,325.000,300.000,300.000,-1,550.000,550.000,-1,700.000,850.000,750.000,-1,1,1,2,0,2,0,0,0,0,2,1,1,2,1,0,1,2
86,-8031.820,-2994.633,-56.451,-12.798,0.974426,0.221511,0.037774,-0.221082,0.975136,-0.015238,-0.040210,0.006497,0.999170,0,0.64000,0.33535,38.400,0.671,525.000,400.000,-1,400.000,-1,325.000,325.000,300.000,300.000,-1,575.000,575.000,-1,700.000,850.000,725.000,-1,1,1,2,0,2,0,0,0,0,2,1,1,2,1,0,1,2
87,-7989.586,-3003.718,-58.347,-12.140,0.976934,0.210289,0.037135,-0.209837,0.977610,-0.015740,-0.039614,0.007584,0.999186,0,0.72000,0.32921,43.200,0.658,500.000,400.000,-1,400.000,-1,325.000,325.000,300.000,300.000,-1,625.000,600.000,-1,700.000,850.000,700.000,-1,1,1,2,0,2,0,0,0,0,2,1,1,2,1,0,1,2
88,-7942.549,-3013.283,-60.454,-11.494,0.979268,0.199264,0.036443,-0.198788,0.979907,-0.016284,-0.038955,0.008702,0.999203,0,0.80000,0.32264,48.000,0.645,475.000,400.000,-1,400.000,-1,325.000,325.000,300.000,300.000,-1,675.000,650.000,-1,700.000,875.000,650.000,-1,1,1,2,0,2,0,0,0,0,2,1,1,2,1,0,1,2
89,-7890.695,-3023.234,-62.323,-10.863,0.981463,0.188447,0.034895,-0.187892,0.982014,-0.018589,-0.037770,0.011688,0.999218,0,0.88000,0.31572,52.800,0.631,450.000,400.000,-1,425.000,-1,325.000,325.000,300.000,300.000,-1,700.000,700.000,-1,700.000,875.000,625.000,-1,1,1,2,0,2,0,0,0,0,2,1,1,2,1,0,1,2
90,-7834.014,-3033.479,-64.007,-10.246,0.983537,0.177849,0.032026,-0.177194,0.983924,-0.022259,-0.035470,0.016218,0.999239,0,0.96000,0.30854,57.600,0.617,425.000,425.000,-1,425.000,-1,325.000,350.000,325.000,300.000,-1,750.000,650.000,-1,725.000,900.000,625.000,-1,1,1,2,0,2,0,0,0,0,2,1,0,2,1,0,1,2
91,-7776.198,-3043.302,-65.860,-9.643,0.985412,0.167479,0.030240,-0.166720,0.985659,-0.026105,-0.034179,0.020682,0.999202,0,0.97740,0.30124,58.644,0.602,425.000,425.000,-1,425.000,-1,350.000,350.000,325.000,300.000,-1,800.000,600.000,-1,750.000,900.000,625.000,-1,1,1,2,0,2,0,0,0,0,2,1,0,2,1,0,1,2
92,-7723.059,-3051.984,-67.698,-9.281,0.986490,0.161227,0.029046,-0.160378,0.986614,-0.029525,-0.033418,0.024468,0.999142,0,0.89740,0.18124,53.844,0.362,400.000,425.000,-1,425.000,-1,350.000,350.000,325.000,300.000,-1,850.000,600.000,-1,750.000,925.000,700.000,-1,1,0,2,0,2,0,0,0,0,2,1,0,2,1,0,1,2
93,-7669.678,-3060.590,-69.664,-9.158,0.986857,0.159104,0.028253,-0.158176,0.986875,-0.032518,-0.033056,0.027622,0.999072,0,0.90118,0.06124,54.071,0.122,375.000,425.000,-1,425.000,-1,350.000,350.000,325.000,300.000,-1,900.000,600.000,-1,775.000,925.000,775.000,-1,1,0,2,0,2,0,0,1,0,2,1,0,2,1,0,1,2
94,-7615.884,-3069.366,-71.807,-9.266,0.986566,0.160952,0.027978,-0.159951,0.986506,-0.034956,-0.033227,0.030011,0.998997,0,0.90842,-0.05396,54.505,-0.108,375.000,425.000,-1,425.000,-1,350.000,350.000,300.000,300.000,-1,975.000,650.000,-1,800.000,925.000,875.000,-1,1,0,2,0,2,0,0,1,0,2,1,0,2,1,0,1,2
95,-7561.752,-3078.309,-74.110,-9.381,0.986235,0.162923,0.028210,-0.161848,0.986124,-0.036942,-0.033838,0.031868,0.998919,0,0.91443,-0.05753,54.866,-0.115,350.000,450.000,-1,425.000,-1,350.000,350.000,275.000,300.000,-1,-1,700.000,-1,825.000,925.000,975.000,-1,1,0,2,0,2,0,0,1,0,2,2,0,2,1,0,1,2
96,-7507.333,-3087.418,-76.579,-9.503,0.985867,0.165003,0.028973,-0.163851,0.985735,-0.038461,-0.034906,0.033170,0.998840,0,0.91959,-0.06064,55.175,-0.121,350.000,450.000,-1,425.000,-1,350.000,350.000,250.000,300.000,-1,-1,775.000,-1,850.000,900.000,1000.000,-1,1,0,2,0,2,0,0,1,0,2,2,0,2,1,0,1,2
97,-7452.684,-3096.690,-79.216,-9.629,0.985461,0.167178,0.030288,-0.165944,0.985344,-0.039495,-0.036447,0.033895,0.998761,0,0.92383,-0.06333,55.430,-0.127,350.000,450.000,-1,425.000,-1,350.000,350.000,250.000,300.000,-1,-1,925.000,-1,850.000,900.000,975.000,-1,1,0,2,0,2,0,0,1,0,2,2,0,2,1,0,1,2
98,-7397.947,-3106.101,-82.017,-9.756,0.985030,0.169356,0.032167,-0.168037,0.984967,-0.040038,-0.038464,0.034034,0.998680,0,0.92567,-0.06335,55.540,-0.127,350.000,450.000,-1,425.000,-1,350.000,350.000,225.000,300.000,-1,-1,-1,-1,875.000,900.000,925.000,-1,1,0,2,0,2,0,0,1,0,2,2,2,2,1,0,1,2
99,-7343.632,-3115.540,-84.946,-9.858,0.984645,0.171112,0.034561,-0.169709,0.984677,-0.040128,-0.040898,0.033647,0.998597,0,0.91881,-0.05103,55.129,-0.102,375.000,425.000,-1,425.000,-1,350.000,350.000,200.000,300.000,-1,-1,-1,-1,850.000,875.000,875.000,-1,1,0,2,0,2,0,0,1,0,2,2,2,2,1,0,1,2
100,-7289.786,-3124.977,-87.995,-9.940,0.984294,0.172519,0.037451,-0.171035,0.984462,-0.039778,-0.043732,0.032748,0.998506,0,0.91110,-0.04080,54.666,-0.082,375.000,425.000,-1,425.000,-1,350.000,350.000,200.000,300.000,-1,-1,-1,-1,800.000,850.000,825.000,-1,1,0,2,0,2,0,0,1,0,2,2,2,2,1,0,1,2
101,-7236.453,-3134.396,-90.698,-10.016,0.983859,0.173827,0.042485,-0.172112,0.984217,-0.041169,-0.048970,0.033192,0.998249,0,0.90262,-0.03813,54.157,-0.076,375.000,425.000,-1,425.000,-1,350.000,350.000,175.000,300.000,-1,-1,-1,-1,750.000,825.000,775.000,-1,1,0,2,0,2,0,0,1,0,2,2,2,2,1,0,1,2
102,-7183.674,-3143.787,-93.512,-10.088,0.983357,0.175063,0.048605,-0.173088,0.983998,-0.042281,-0.055230,0.033165,0.997923,0,0.89346,-0.03598,53.607,-0.072,375.000,400.000,-1,400.000,-1,325.000,325.000,175.000,300.000,-1,-1,-1,-1,700.000,800.000,725.000,-1,1,0,2,0,2,0,0,1,0,2,2,2,2,1,0,1,2
103,-7131.479,-3153.138,-96.664,-10.157,0.982869,0.176243,0.053916,-0.174031,0.983787,-0.043327,-0.060678,0.033202,0.997605,0,0.88375,-0.03435,53.025,-0.069,375.000,400.000,-1,400.000,-1,325.000,325.000,175.000,300.000,-1,-1,-1,-1,650.000,750.000,675.000,-1,1,0,2,0,2,0,0,1,0,2,2,2,2,1,0,1,2
104,-7079.890,-3162.442,-99.732,-10.223,0.982422,0.177382,0.058160,-0.174955,0.983570,-0.044496,-0.065097,0.033539,0.997315,0,0.87368,-0.03324,52.421,-0.066,375.000,400.000,-1,375.000,-1,325.000,325.000,175.000,300.000,-1,-1,-1,-1,600.000,725.000,625.000,-1,1,0,2,0,2,0,0,1,0,2,2,2,2,1,0,1,2
105,-7028.917,-3171.694,-102.326,-10.288,0.982121,0.178490,0.059830,-0.175835,0.983293,-0.047078,-0.067234,0.035716,0.997098,0,0.86343,-0.03265,51.806,-0.065,400.000,400.000,-1,375.000,-1,325.000,325.000,150.000,300.000,-1,-1,-1,-1,575.000,700.000,575.000,-1,1,0,2,0,2,0,0,1,0,2,2,2,2,1,0,1,2
106,-6978.560,-3180.894,-105.009,-10.354,0.981836,0.179596,0.061181,-0.176754,0.983029,-0.049116,-0.068964,0.037410,0.996917,0,0.85317,-0.03257,51.190,-0.065,425.000,400.000,-1,375.000,-1,325.000,325.000,175.000,300.000,-1,-1,-1,-1,525.000,675.000,550.000,-1,1,0,2,0,2,0,0,1,0,2,2,2,2,1,0,1,2
107,-6928.808,-3190.043,-107.781,-10.420,0.981565,0.180719,0.062222,-0.177733,0.982776,-0.050627,-0.070299,0.038635,0.996777,0,0.84310,-0.03298,50.586,-0.066,425.000,400.000,-1,375.000,-1,325.000,325.000,175.000,300.000,-1,-1,-1,-1,500.000,675.000,500.000,-1,1,1,2,0,2,0,0,1,0,2,2,2,2,1,0,1,2
108,-6879.641,-3199.144,-110.637,-10.487,0.981304,0.181875,0.062963,-0.178790,0.982532,-0.051624,-0.071253,0.039401,0.996680,0,0.83336,-0.03385,50.001,-0.068,400.000,375.000,-1,375.000,-1,325.000,300.000,175.000,300.000,-1,-1,-1,-1,450.000,650.000,450.000,-1,1,1,2,0,2,0,0,1,0,2,2,2,2,1,0,1,2
109,-6831.033,-3208.203,-113.577,-10.558,0.981051,0.183079,0.063416,-0.179942,0.982295,-0.052120,-0.071835,0.039721,0.996625,0,0.82409,-0.03517,49.445,-0.070,375.000,350.000,-1,375.000,-1,325.000,300.000,175.000,300.000,-1,-1,-1,-1,425.000,625.000,400.000,-1,1,1,2,1,2,1,0,1,0,2,2,2,2,1,0,1,2
110,-6782.949,-3217.229,-116.600,-10.631,0.980802,0.184345,0.063588,-0.181202,0.982063,-0.052129,-0.072057,0.039606,0.996614,0,0.81540,-0.03691,48.924,-0.074,350.000,325.000,-1,375.000,-1,300.000,300.000,175.000,300.000,-1,-1,-1,-1,400.000,625.000,375.000,-1,1,1,2,1,2,1,1,1,0,2,2,2,2,1,0,1,2
111,-6735.350,-3226.231,-119.706,-10.709,0.980556,0.185687,0.063488,-0.182584,0.981832,-0.051659,-0.071927,0.039063,0.996645,0,0.80738,-0.03904,48.443,-0.078,300.000,300.000,-1,350.000,1000.000,275.000,300.000,175.000,300.000,-1,-1,-1,-1,375.000,625.000,325.000,1000.000,1,1,2,1,0,1,1,1,0,2,2,2,2,1,0,1,0
112,-6692.046,-3234.671,-122.565,-11.028,0.979521,0.191141,0.063279,-0.188088,0.980818,-0.051183,-0.071849,0.038233,0.996683,0,0.73530,-0.15904,44.118,-0.318,275.000,275.000,-1,350.000,975.000,250.000,275.000,175.000,300.000,-1,-1,-1,-1,325.000,600.000,275.000,950.000,1,1,2,1,0,1,1,1,0,2,2,2,2,1,0,1,0
113,-6649.219,-3243.451,-125.432,-11.586,0.977628,0.200694,0.062968,-0.197703,0.978952,-0.050656,-0.071809,0.037074,0.996729,0,0.72864,-0.27904,43.718,-0.558,250.000,250.000,-1,325.000,950.000,225.000,275.000,175.000,300.000,-1,-1,-1,-1,325.000,600.000,225.000,925.000,1,1,2,1,0,1,1,1,0,2,2,2,2,1,0,1,0
114,-6606.900,-3252.744,-128.441,-12.384,0.974775,0.214326,0.062271,-0.211464,0.976133,-0.049469,-0.071387,0.035053,0.996833,0,0.72212,-0.39904,43.327,-0.798,200.000,225.000,-1,325.000,950.000,225.000,250.000,200.000,300.000,400.000,-1,-1,-1,300.000,600.000,200.000,925.000,1,1,2,1,0,1,1,1,0,1,2,2,2,1,0,1,0
115,-6565.123,-3262.704,-126.703,-13.422,0.971889,0.231801,0.041243,-0.228981,0.971359,-0.063470,-0.054774,0.052242,0.997131,0,0.71584,-0.51904,42.951,-1.038,175.000,225.000,-1,375.000,-1,225.000,275.000,225.000,275.000,375.000,-1,-1,-1,300.000,650.000,175.000,-1,1,1,2,1,2,1,1,1,0,1,2,2,2,1,0,1,2
116,-6523.921,-3273.501,-125.269,-14.700,0.967200,0.253170,0.020705,-0.250984,0.965033,-0.075616,-0.039125,0.067939,0.996922,0,0.70990,-0.63904,42.594,-1.278,175.000,250.000,-1,400.000,-1,250.000,300.000,250.000,275.000,375.000,-1,550.000,-1,325.000,700.000,175.000,-1,1,1,2,0,2,1,1,1,0,1,2,0,2,1,0,1,2
117,-6478.409,-3286.722,-124.254,-16.218,0.960485,0.278328,-0.001278,-0.277401,0.956891,-0.086073,-0.022734,0.083027,0.996288,0,0.78990,-0.75904,47.394,-1.518,175.000,250.000,-1,425.000,-1,250.000,325.000,275.000,275.000,375.000,450.000,225.000,825.000,350.000,750.000,175.000,-1,1,1,2,0,2,1,1,1,0,1,0,0,0,1,0,1,2
118,-6428.757,-3302.815,-123.417,-17.976,0.951309,0.307242,-0.024764,-0.308205,0.946941,-0.091178,-0.004564,0.094371,0.995527,0,0.86990,-0.87904,52.194,-1.758,175.000,275.000,-1,450.000,-1,275.000,375.000,300.000,250.000,400.000,275.000,100.000,600.000,400.000,825.000,175.000,-1,1,1,2,0,2,1,1,1,0,1,0,0,0,1,0,1,2
119,-6376.818,-3321.432,-122.844,-19.738,0.940795,0.335859,-0.045871,-0.338797,0.936056,-0.094950,0.011048,0.104870,0.994425,0,0.91955,-0.88103,55.173,-1.762,150.000,325.000,-1,500.000,-1,325.000,425.000,300.000,250.000,400.000,225.000,75.000,475.000,475.000,900.000,175.000,-1,1,1,2,0,2,1,0,1,0,1,0,0,0,1,0,1,2
120,-6325.714,-3341.513,-122.707,-21.467,0.929426,0.363603,-0.062936,-0.368303,0.924604,-0.097269,0.022824,0.113584,0.993266,0,0.91509,-0.86462,54.905,-1.729,150.000,350.000,-1,525.000,-1,375.000,450.000,275.000,250.000,400.000,200.000,50.000,425.000,925.000,950.000,200.000,-1,1,1,2,0,2,1,0,1,0,1,0,0,0,1,0,1,2
121,-6275.586,-3362.946,-123.398,-23.161,0.917420,0.390532,-0.076321,-0.396635,0.912879,-0.096607,0.031943,0.118901,0.992392,0,0.90858,-0.84701,54.515,-1.694,150.000,400.000,-1,525.000,-1,475.000,475.000,250.000,250.000,425.000,175.000,50.000,375.000,-1,1000.000,225.000,-1,1,1,2,0,2,1,0,1,0,1,0,0,0,2,0,1,2
122,-6226.574,-3385.606,-124.913,-24.818,0.905007,0.416663,-0.085763,-0.423662,0.901001,-0.093314,0.038392,0.120784,0.991936,0,0.89989,-0.82826,53.993,-1.657,150.000,525.000,-1,550.000,-1,525.000,475.000,200.000,250.000,425.000,175.000,50.000,350.000,-1,-1,300.000,-1,1,1,2,0,2,0,0,1,0,1,0,0,0,2,2,1,2
123,327.965,-2951.694,-117.251,66.238,0.403024,-0.915169,0.006091,0.915133,0.402916,-0.013818,0.010191,0.011143,0.999886,1,0.00000,0.00000,53.338,-1.617,-1,400.000,-1,425.000,-1,325.000,325.000,300.000,275.000,-1,-1,-1,-1,800.000,850.000,-1,-1,2,0,2,0,2,0,0,0,0,2,2,2,2,0,0,2,2
124,329.893,-2947.299,-117.201,66.320,0.401706,-0.915748,0.006171,0.915713,0.401598,-0.013745,0.010108,0.011172,0.999886,0,0.08000,0.04125,4.800,0.083,-1,400.000,-1,425.000,-1,325.000,325.000,300.000,275.000,-1,-1,-1,-1,800.000,850.000,-1,-1,2,0,2,0,2,0,0,0,0,2,2,2,2,0,0,2,2
125,333.736,-2938.501,-117.103,66.403,0.400385,-0.916325,0.006336,0.916293,0.400277,-0.013609,0.009935,0.011255,0.999887,0,0.16000,0.04129,9.600,0.083,-1,400.000,-1,425.000,-1,325.000,325.000,300.000,275.000,-1,-1,-1,-1,800.000,850.000,-1,-1,2,0,2,0,2,0,0,0,0,2,2,2,2,0,0,2,2
126,339.481,-2925.297,-116.963,66.486,0.399061,-0.916901,0.006590,0.916873,0.398953,-0.013414,0.009671,0.011395,0.999888,0,0.24000,0.04138,14.400,0.083,-1,400.000,-1,425.000,-1,325.000,325.000,300.000,275.000,-1,-1,-1,-1,800.000,850.000,-1,-1,2,0,2,0,2,0,0,0,0,2,2,2,2,0,0,2,2
127,347.116,-2907.680,-116.784,66.569,0.397730,-0.917476,0.006939,0.917455,0.397622,-0.013163,0.009318,0.011601,0.999889,0,0.32000,0.04154,19.200,0.083,-1,400.000,-1,425.000,-1,325.000,325.000,300.000,300.000,-1,-1,-1,-1,800.000,850.000,-1,-1,2,0,2,0,2,0,0,0,0,2,2,2,2,0,0,2,2
128,356.627,-2885.645,-116.573,66.652,0.396391,-0.918052,0.007393,0.918039,0.396282,-0.012859,0.008876,0.011885,0.999890,0,0.40000,0.04179,24.000,0.084,-1,400.000,-1,425.000,-1,325.000,325.000,300.000,300.000,-1,-1,-1,-1,800.000,850.000,-1,-1,2,0,2,0,2,0,0,0,0,2,2,2,2,0,0,2,2
129,368.002,-2859.187,-116.339,66.737,0.395038,-0.918630,0.007963,0.918627,0.394928,-0.012509,0.008347,0.012257,0.999890,0,0.48000,0.04216,28.800,0.084,-1,400.000,-1,425.000,-1,325.000,325.000,300.000,300.000,-1,-1,-1,-1,800.000,850.000,-1,-1,2,0,2,0,2,0,0,0,0,2,2,2,2,0,0,2,2
130,381.227,-2828.299,-116.091,66.822,0.393667,-0.919212,0.008662,0.919221,0.393556,-0.012119,0.007731,0.012733,0.999889,0,0.56000,0.04270,33.600,0.085,-1,400.000,-1,425.000,-1,325.000,325.000,300.000,300.000,-1,-1,-1,-1,800.000,850.000,1000.000,-1,2,0,2,0,2,0,0,0,0,2,2,2,2,0,0,1,2
131,396.287,-2792.975,-115.840,66.909,0.392270,-0.919801,0.009505,0.919823,0.392158,-0.011694,0.007029,0.013330,0.999886,0,0.64000,0.04345,38.400,0.087,975.000,400.000,-1,425.000,-1,325.000,325.000,300.000,300.000,-1,-1,-1,-1,825.000,850.000,950.000,-1,1,0,2,0,2,0,0,0,0,2,2,2,2,0,0,1,2
132,413.168,-2753.210,-115.591,66.998,0.390838,-0.920399,0.010547,0.920439,0.390726,-0.011232,0.006217,0.014098,0.999881,0,0.72000,0.04447,43.200,0.089,950.000,400.000,-1,425.000,-1,325.000,325.000,300.000,300.000,-1,-1,-1,-1,800.000,850.000,900.000,-1,1,0,2,0,2,0,0,0,0,2,2,2,2,1,0,1,2
