timestep,x_cm,y_cm,z_cm,yaw_deg,basis_xx,basis_xy,basis_xz,basis_yx,basis_yy,basis_yz,basis_zx,basis_zy,basis_zz,teleport_flag,throttle_cmd,steering_cmd,cmd_move_cm,cmd_turn_deg,lidar_cm_0,lidar_cm_1,lidar_cm_2,lidar_cm_3,lidar_cm_4,lidar_cm_5,lidar_cm_6,lidar_cm_7,lidar_cm_8,lidar_cm_9,lidar_cm_10,lidar_cm_11,lidar_cm_12,lidar_cm_13,lidar_cm_14,lidar_cm_15,lidar_cm_16,lidar_class_0,lidar_class_1,lidar_class_2,lidar_class_3,lidar_class_4,lidar_class_5,lidar_class_6,lidar_class_7,lidar_class_8,lidar_class_9,lidar_class_10,lidar_class_11,lidar_class_12,lidar_class_13,lidar_class_14,lidar_class_15,lidar_class_16
0,-7546.860,-2948.556,278.167,139.191,-0.756806,-0.653061,0.027490,0.649938,-0.756325,-0.074523,0.069460,-0.038532,0.996840,1,0.08000,-0.12000,4.800,-0.240,375.000,150.000,200.000,125.000,300.000,125.000,125.000,275.000,425.000,-1,225.000,350.000,-1,175.000,150.000,300.000,200.000,1,1,1,1,1,1,1,0,0,2,0,0,2,1,1,1,1
1,-7554.073,-2942.219,280.618,138.711,-0.750970,-0.659450,0.034186,0.655897,-0.750914,-0.076986,0.076439,-0.035392,0.996446,0,0.16000,-0.24000,9.600,-0.480,375.000,150.000,175.000,125.000,300.000,125.000,125.000,275.000,425.000,-1,200.000,275.000,-1,175.000,150.000,300.000,200.000,1,1,1,1,1,1,1,0,0,2,0,0,2,1,1,1,1
2,1639.974,8855.089,374.811,-88.298,0.031036,0.987838,0.152359,-0.999480,0.029344,0.013338,0.008705,-0.152694,0.988235,1,0.00000,0.00000,14.400,-0.720,-1,400.000,-1,475.000,-1,350.000,375.000,250.000,150.000,-1,-1,-1,-1,775.000,975.000,-1,-1,2,0,2,0,2,0,0,0,1,2,2,2,2,0,0,2,2
3,1640.137,8850.292,374.876,-88.058,0.034975,0.987686,0.152492,-0.999363,0.033481,0.012354,0.007096,-0.152827,0.988227,0,0.08000,0.12000,4.800,0.240,-1,400.000,-1,475.000,-1,350.000,375.000,250.000,150.000,-1,-1,-1,-1,775.000,975.000,-1,-1,2,0,2,0,2,0,0,0,1,2,2,2,2,0,0,2,2
4,1640.544,8840.702,375.002,-87.578,0.042851,0.987327,0.152805,-0.999074,0.041752,0.010392,0.003880,-0.153109,0.988202,0,0.16000,0.24000,9.600,0.480,-1,400.000,-1,475.000,-1,350.000,375.000,250.000,150.000,-1,-1,-1,-1,750.000,950.000,-1,-1,2,0,2,0,2,0,0,0,1,2,2,2,2,0,0,2,2
5,1641.336,8826.326,375.189,-86.858,0.054658,0.986653,0.153391,-0.998505,0.054152,0.007476,-0.000931,-0.153571,0.988137,0,0.24000,0.36000,14.400,0.720,-1,400.000,-1,475.000,-1,350.000,350.000,250.000,175.000,-1,-1,-1,-1,725.000,925.000,-1,-1,2,0,2,0,2,0,0,0,1,2,2,2,2,0,0,2,2
6,1642.661,8807.174,375.428,-86.054,0.067765,0.985697,0.154304,-0.997678,0.068000,0.003761,-0.006786,-0.154201,0.988016,0,0.32000,0.40245,19.200,0.805,-1,400.000,-1,450.000,-1,325.000,350.000,250.000,175.000,-1,-1,-1,-1,700.000,900.000,-1,-1,2,0,2,0,2,0,0,0,1,2,2,2,2,0,0,2,2
7,1644.653,8783.258,375.706,-85.248,0.080749,0.984520,0.155564,-0.996645,0.081843,-0.000632,-0.013354,-0.154991,0.987826,0,0.40000,0.40284,24.000,0.806,-1,375.000,-1,450.000,-1,325.000,350.000,250.000,175.000,-1,-1,-1,-1,675.000,875.000,-1,-1,2,0,2,0,2,0,0,0,1,2,2,2,2,0,0,2,2
8,1647.448,8754.596,376.016,-84.441,0.093619,0.983118,0.157207,-0.995396,0.095687,-0.005622,-0.020570,-0.155956,0.987550,0,0.48000,0.40351,28.800,0.807,925.000,375.000,-1,425.000,-1,325.000,350.000,250.000,200.000,-1,-1,-1,-1,650.000,850.000,-1,-1,0,0,2,0,2,0,0,0,1,2,2,2,2,0,0,2,2
9,1651.180,8721.206,376.346,-83.632,0.106392,0.981487,0.159260,-0.993920,0.109540,-0.011098,-0.028338,-0.157111,0.987174,0,0.56000,0.40456,33.600,0.809,800.000,350.000,-1,425.000,-1,300.000,325.000,250.000,225.000,-1,-1,-1,-1,625.000,800.000,-1,-1,0,0,2,0,2,0,0,0,1,2,2,2,2,0,0,2,2
10,1655.986,8683.110,376.684,-82.820,0.119090,0.979621,0.161741,-0.992211,0.123414,-0.016920,-0.036537,-0.158466,0.986688,0,0.64000,0.40609,38.400,0.812,700.000,350.000,-1,425.000,-1,300.000,325.000,250.000,250.000,-1,-1,-1,-1,600.000,775.000,1000.000,-1,0,0,2,0,2,0,0,0,1,2,2,2,2,0,0,0,2
11,1662.002,8640.332,377.018,-82.003,0.131748,0.977513,0.164651,-0.990261,0.137325,-0.022910,-0.045006,-0.160029,0.986086,0,0.72000,0.40821,43.200,0.816,625.000,350.000,-1,400.000,-1,300.000,325.000,250.000,275.000,-1,-1,-1,-1,575.000,750.000,825.000,-1,0,0,2,0,2,0,0,0,1,2,2,2,2,0,0,0,2
12,1669.141,8594.361,377.333,-81.181,0.144441,0.975161,0.167925,-0.988073,0.151292,-0.028682,-0.053375,-0.161779,0.985382,0,0.77539,0.41105,46.524,0.822,550.000,325.000,-1,400.000,-1,300.000,300.000,250.000,300.000,-1,-1,-1,-1,550.000,725.000,675.000,-1,0,0,2,0,2,0,0,0,1,2,2,2,2,0,0,0,2
13,1675.949,8553.198,376.078,-80.599,0.154383,0.974191,0.164674,-0.986469,0.161294,-0.029373,-0.055176,-0.157911,0.985911,0,0.69539,0.29105,41.724,0.582,550.000,325.000,-1,400.000,975.000,275.000,300.000,250.000,325.000,-1,-1,-1,-1,550.000,700.000,700.000,975.000,0,0,2,0,1,0,0,0,1,2,2,2,2,0,1,0,1
14,1682.186,8516.807,374.498,-80.257,0.161040,0.974000,0.159342,-0.985567,0.167243,-0.026231,-0.052197,-0.152818,0.986875,0,0.61539,0.17105,36.924,0.342,600.000,325.000,-1,400.000,950.000,300.000,300.000,250.000,325.000,-1,-1,-1,-1,575.000,700.000,800.000,975.000,0,0,2,0,1,0,0,0,1,2,2,2,2,0,1,0,1
15,1687.668,8485.155,373.106,-80.155,0.163490,0.974362,0.154565,-0.985314,0.169093,-0.023739,-0.049266,-0.148414,0.987697,0,0.53539,0.05105,32.124,0.102,650.000,350.000,-1,400.000,925.000,300.000,300.000,250.000,325.000,-1,-1,-1,-1,575.000,700.000,850.000,950.000,0,0,2,0,1,0,0,0,1,2,2,2,2,0,1,0,1
16,1692.268,8458.222,371.878,-80.293,0.161725,0.975282,0.150563,-0.985742,0.166836,-0.021870,-0.046448,-0.144880,0.988358,0,0.45539,-0.06895,27.324,-0.138,725.000,350.000,-1,400.000,900.000,300.000,300.000,250.000,350.000,-1,-1,-1,350.000,600.000,700.000,900.000,950.000,0,0,2,0,1,0,0,0,1,2,2,2,1,0,1,0,1
17,1695.913,8435.994,370.854,-80.671,0.155757,0.976765,0.147210,-0.986826,0.160466,-0.020600,-0.043744,-0.142062,0.988891,0,0.37539,-0.18895,22.524,-0.378,750.000,350.000,-1,400.000,875.000,300.000,300.000,275.000,350.000,-1,-1,-1,375.000,600.000,700.000,925.000,925.000,0,0,2,0,1,0,0,0,1,2,2,2,1,0,1,0,1
18,1698.592,8418.473,370.049,-81.289,0.145600,0.978753,0.144368,-0.988492,0.149971,-0.019811,-0.041041,-0.139822,0.989326,0,0.29539,-0.30895,17.724,-0.618,800.000,350.000,-1,400.000,850.000,300.000,300.000,275.000,350.000,-1,-1,-1,375.000,625.000,675.000,950.000,900.000,0,0,2,0,1,0,0,0,1,2,2,2,1,0,1,0,1
19,1700.354,8405.669,369.445,-82.146,0.131251,0.981130,0.141974,-0.990609,0.135333,-0.019448,-0.038294,-0.138089,0.989679,0,0.21539,-0.42895,12.924,-0.858,850.000,350.000,-1,400.000,850.000,300.000,300.000,275.000,350.000,-1,-1,-1,375.000,625.000,675.000,975.000,875.000,0,0,2,0,1,0,0,0,1,2,2,2,1,0,1,0,1
20,1701.307,8397.599,369.012,-83.244,0.112701,0.983725,0.139939,-0.992996,0.116531,-0.019457,-0.035448,-0.136766,0.989969,0,0.13539,-0.54895,8.124,-1.098,850.000,350.000,-1,400.000,825.000,300.000,325.000,275.000,350.000,-1,-1,-1,375.000,625.000,675.000,-1,850.000,0,0,2,0,1,0,0,0,1,2,2,2,1,0,1,2,1
21,1701.618,8394.287,368.707,-84.582,0.089944,0.986320,0.138143,-0.995419,0.093544,-0.019779,-0.032431,-0.135731,0.990215,0,0.05539,-0.66895,3.324,-1.338,875.000,350.000,-1,400.000,825.000,300.000,325.000,275.000,325.000,-1,-1,-1,375.000,625.000,675.000,-1,850.000,0,0,2,0,1,0,0,0,1,2,2,2,1,0,1,2,1
22,1701.514,8395.757,368.491,-86.075,0.064431,0.988537,0.136540,-0.997491,0.067821,-0.020315,-0.029343,-0.134888,0.990426,0,-0.02461,-0.74651,-1.476,-1.493,900.000,350.000,-1,400.000,825.000,300.000,325.000,275.000,325.000,-1,-1,-1,375.000,625.000,650.000,-1,825.000,0,0,2,0,1,0,0,0,1,2,2,2,1,0,1,2,1
23,1701.246,8402.024,368.337,-87.569,0.038831,0.990060,0.135179,-0.998896,0.042040,-0.020968,-0.026443,-0.134216,0.990599,0,-0.10461,-0.74666,-6.276,-1.493,925.000,350.000,-1,375.000,850.000,300.000,325.000,275.000,300.000,-1,-1,-1,-1,625.000,650.000,-1,825.000,0,0,2,0,1,0,0,0,1,2,2,2,2,0,1,2,1
24,1701.063,8413.096,368.193,-89.063,0.013158,0.990902,0.133944,-0.999633,0.016206,-0.021691,-0.023665,-0.133610,0.990751,0,-0.18461,-0.74724,-11.076,-1.494,925.000,350.000,-1,375.000,875.000,300.000,325.000,275.000,300.000,-1,-1,-1,-1,625.000,675.000,-1,825.000,0,0,2,0,1,0,0,0,1,2,2,2,2,0,1,2,1
25,1701.216,8428.969,368.005,-90.559,-0.012570,0.991074,0.132716,-0.999702,-0.009677,-0.022420,-0.020936,-0.132958,0.990900,0,-0.26461,-0.74821,-15.876,-1.496,950.000,350.000,-1,375.000,900.000,300.000,300.000,275.000,275.000,-1,-1,-1,-1,625.000,675.000,-1,850.000,0,0,2,0,1,0,0,0,1,2,2,2,2,0,1,2,1
26,1701.956,8449.629,367.718,-92.058,-0.038334,0.990592,0.131369,-0.999100,-0.035605,-0.023065,-0.018170,-0.132135,0.991065,0,-0.34461,-0.74952,-20.676,-1.499,975.000,350.000,-1,375.000,925.000,300.000,300.000,275.000,275.000,-1,-1,-1,-1,625.000,675.000,-1,875.000,0,0,2,0,1,0,0,0,1,2,2,2,2,0,1,2,1
27,1703.535,8475.054,367.268,-93.561,-0.064111,0.989469,0.129770,-0.997826,-0.061570,-0.023504,-0.015266,-0.130995,0.991265,0,-0.42461,-0.75109,-25.476,-1.502,1000.000,350.000,-1,375.000,975.000,300.000,300.000,275.000,250.000,-1,-1,-1,-1,625.000,700.000,-1,900.000,0,0,2,0,1,0,0,0,1,2,2,2,2,0,1,2,1
28,1706.205,8505.210,366.673,-95.066,-0.089847,0.987682,0.128108,-0.995885,-0.087563,-0.023359,-0.011853,-0.129679,0.991485,0,-0.50461,-0.75283,-30.276,-1.506,-1,350.000,-1,375.000,-1,300.000,300.000,275.000,225.000,-1,-1,-1,-1,650.000,700.000,-1,925.000,2,0,2,0,2,0,0,0,1,2,2,2,2,0,0,2,1
29,1709.718,8535.736,365.723,-96.576,-0.114941,0.985341,0.126060,-0.993367,-0.113583,-0.017934,-0.003353,-0.127286,0.991860,0,-0.51218,-0.75465,-30.731,-1.509,-1,375.000,-1,400.000,-1,300.000,325.000,275.000,225.000,-1,-1,-1,-1,675.000,725.000,-1,975.000,2,0,2,0,2,0,0,0,1,2,2,2,2,0,0,2,1
30,1713.944,8565.533,364.453,-98.088,-0.139963,0.982412,0.123600,-0.990139,-0.139608,-0.011571,0.005888,-0.124000,0.992265,0,-0.50163,-0.75620,-30.098,-1.512,-1,375.000,-1,400.000,-1,325.000,325.000,275.000,200.000,-1,-1,-1,-1,700.000,750.000,-1,-1,2,0,2,0,2,0,0,0,1,2,2,2,2,0,0,2,2
31,1718.847,8594.555,363.163,-99.603,-0.165016,0.978727,0.121917,-0.986179,-0.165590,-0.005483,0.014822,-0.121137,0.992525,0,-0.49059,-0.75743,-29.435,-1.515,-1,400.000,-1,425.000,-1,325.000,325.000,275.000,200.000,-1,-1,-1,-1,725.000,775.000,-1,-1,2,0,2,0,2,0,0,0,1,2,2,2,2,0,0,2,2
32,1724.385,8622.765,361.890,-101.120,-0.190050,0.974308,0.120855,-0.981493,-0.191497,0.000367,0.023501,-0.118548,0.992670,0,-0.47919,-0.75833,-28.751,-1.517,-1,400.000,-1,425.000,-1,325.000,350.000,275.000,175.000,-1,-1,-1,-1,775.000,800.000,-1,-1,2,0,2,0,2,0,0,0,1,2,2,2,2,0,0,2,2
33,1730.517,8650.139,360.645,-102.637,-0.215035,0.969167,0.120311,-0.976087,-0.217299,0.005871,0.031833,-0.116171,0.992719,0,-0.46759,-0.75893,-28.055,-1.518,-1,400.000,-1,425.000,-1,350.000,350.000,275.000,175.000,-1,-1,-1,-1,800.000,825.000,-1,-1,2,0,2,0,2,0,0,0,1,2,2,2,2,0,0,2,2
34,1736.177,8672.692,359.590,-104.102,-0.239093,0.963527,0.120208,-0.970207,-0.242054,0.010446,0.039162,-0.114129,0.992694,0,-0.38759,-0.73221,-23.255,-1.464,-1,425.000,-1,450.000,-1,350.000,350.000,275.000,175.000,-1,875.000,-1,-1,825.000,875.000,-1,-1,2,0,2,0,2,0,0,0,1,2,0,2,2,0,0,2,2
35,1741.125,8690.469,358.724,-105.566,-0.263088,0.957225,0.120437,-0.963687,-0.266655,0.014238,0.045744,-0.112317,0.992619,0,-0.30759,-0.73224,-18.455,-1.464,-1,425.000,-1,450.000,-1,350.000,350.000,275.000,175.000,-1,700.000,850.000,-1,850.000,875.000,-1,-1,2,0,2,0,2,0,0,0,1,2,0,0,2,0,0,2,2
36,1745.120,8703.525,358.058,-107.031,-0.286982,0.950272,0.120934,-0.956542,-0.291081,0.017329,0.051669,-0.110705,0.992509,0,-0.22759,-0.73210,-13.655,-1.464,-1,425.000,-1,450.000,-1,350.000,375.000,275.000,175.000,-1,600.000,700.000,-1,875.000,900.000,-1,-1,2,0,2,0,2,0,0,0,1,2,0,0,2,0,0,2,2
37,1747.925,8711.922,357.606,-108.494,-0.310744,0.942677,0.121648,-0.948782,-0.315311,0.019802,0.057024,-0.109264,0.992376,0,-0.14759,-0.73190,-8.855,-1.464,-1,450.000,-1,450.000,-1,375.000,375.000,275.000,175.000,-1,475.000,625.000,-1,900.000,925.000,-1,-1,2,0,2,0,2,0,0,0,1,2,0,0,2,0,0,2,2
38,1749.306,8715.732,357.380,-109.958,-0.334347,0.934450,0.122540,-0.940416,-0.339331,0.021731,0.061888,-0.107973,0.992226,0,-0.06759,-0.73171,-4.055,-1.463,-1,450.000,-1,475.000,-1,375.000,375.000,300.000,175.000,-1,375.000,550.000,-1,925.000,950.000,-1,-1,2,0,2,0,2,0,0,0,1,2,0,0,2,0,0,2,2
39,1749.031,8715.038,357.396,-111.421,-0.357770,0.925596,0.123579,-0.931451,-0.363127,0.023173,0.066324,-0.106817,0.992064,0,0.01241,-0.73160,0.745,-1.463,-1,450.000,-1,475.000,-1,375.000,375.000,300.000,175.000,-1,300.000,500.000,-1,925.000,975.000,-1,-1,2,0,2,0,2,0,0,0,1,2,0,0,2,0,0,2,2
40,1746.873,8709.928,357.940,-112.884,-0.381033,0.916028,0.125325,-0.921939,-0.386647,0.023063,0.069583,-0.106754,0.991848,0,0.09241,-0.73163,5.545,-1.463,-1,450.000,-1,475.000,-1,375.000,375.000,300.000,175.000,1000.000,275.000,450.000,-1,950.000,975.000,-1,-1,2,0,2,0,2,0,0,0,1,0,0,0,2,0,0,2,2
41,1742.606,8700.502,358.776,-114.348,-0.404087,0.905843,0.127132,-0.911848,-0.409914,0.022436,0.072437,-0.106858,0.991632,0,0.17241,-0.73182,10.345,-1.464,-1,450.000,-1,475.000,-1,375.000,375.000,300.000,175.000,975.000,275.000,450.000,-1,925.000,1000.000,-1,-1,2,0,2,0,2,0,0,0,1,0,0,0,2,1,0,2,2
42,1736.010,8686.867,359.824,-115.812,-0.426911,0.895080,0.128761,-0.901164,-0.432934,0.021699,0.075167,-0.106772,0.991438,0,0.25241,-0.73220,15.145,-1.464,-1,450.000,-1,475.000,-1,375.000,375.000,275.000,175.000,975.000,250.000,425.000,-1,925.000,1000.000,-1,-1,2,0,2,0,2,0,0,0,1,0,0,0,2,1,0,2,2
43,1726.868,8669.140,361.063,-117.278,-0.449479,0.883732,0.130332,-0.889891,-0.455694,0.020897,0.077859,-0.106589,0.991250,0,0.33241,-0.73278,19.945,-1.466,-1,450.000,-1,475.000,-1,375.000,375.000,275.000,175.000,975.000,250.000,425.000,-1,900.000,-1,-1,-1,2,0,2,0,2,0,0,0,1,0,0,0,2,1,2,2,2
44,1714.966,8647.443,362.525,-118.745,-0.471810,0.871816,0.131653,-0.878027,-0.478193,0.020012,0.080402,-0.106153,0.991094,0,0.41241,-0.73356,24.745,-1.467,-1,450.000,-1,475.000,-1,375.000,375.000,275.000,175.000,950.000,250.000,400.000,-1,900.000,-1,-1,-1,2,0,2,0,2,0,0,0,1,0,0,0,2,1,2,2,2
45,1700.096,8621.911,364.212,-120.214,-0.493910,0.859342,0.132607,-0.865568,-0.500428,0.019053,0.082733,-0.105370,0.990986,0,0.49241,-0.73451,29.545,-1.469,-1,450.000,-1,475.000,-1,375.000,375.000,275.000,175.000,950.000,225.000,400.000,-1,875.000,-1,-1,-1,2,0,2,0,2,0,0,0,1,0,0,0,2,1,2,2,2
46,1682.054,8592.685,366.072,-121.685,-0.515793,0.846304,0.133145,-0.852524,-0.522385,0.017802,0.084618,-0.104327,0.990937,0,0.57241,-0.73561,34.345,-1.471,-1,450.000,-1,475.000,-1,375.000,375.000,275.000,175.000,975.000,225.000,400.000,-1,850.000,-1,-1,-1,2,0,2,0,2,0,0,0,1,0,0,0,2,1,2,2,2
47,1660.782,8559.824,368.710,-122.916,-0.534084,0.834811,0.133589,-0.841299,-0.540401,0.013540,0.083495,-0.105157,0.990944,0,0.65241,-0.61561,39.145,-1.231,-1,450.000,-1,475.000,-1,375.000,375.000,275.000,175.000,1000.000,275.000,475.000,-1,825.000,-1,-1,-1,2,0,2,0,2,0,0,0,1,0,0,0,2,1,2,2,2
48,1636.270,8523.351,371.946,-123.908,-0.548938,0.825165,0.133300,-0.832057,-0.554646,0.006950,0.079670,-0.107098,0.991051,0,0.73241,-0.49561,43.945,-0.991,-1,425.000,-1,475.000,-1,350.000,375.000,275.000,175.000,-1,425.000,650.000,-1,775.000,1000.000,-1,-1,2,0,2,0,2,0,0,0,1,2,0,0,2,1,0,2,2
49,1608.554,8483.253,375.691,-124.659,-0.560515,0.817577,0.131874,-0.824919,-0.565248,-0.001864,0.073017,-0.109830,0.991265,0,0.81241,-0.37561,48.745,-0.751,-1,425.000,-1,450.000,-1,350.000,350.000,275.000,175.000,-1,750.000,1000.000,-1,725.000,950.000,975.000,-1,2,0,2,0,2,0,0,0,1,2,0,0,2,1,0,1,2
50,1580.578,8443.542,379.456,-125.170,-0.568789,0.812286,0.129117,-0.819922,-0.572368,-0.011123,0.064867,-0.112192,0.991567,0,0.80961,-0.25561,48.577,-0.511,-1,400.000,-1,450.000,-1,325.000,350.000,275.000,175.000,-1,-1,-1,-1,675.000,875.000,875.000,-1,2,0,2,0,2,0,0,0,1,2,2,2,2,1,0,1,2
51,1552.802,8404.513,382.471,-125.441,-0.573673,0.809589,0.124358,-0.817094,-0.576222,-0.018031,0.057060,-0.111956,0.992074,0,0.79841,-0.13561,47.905,-0.271,950.000,375.000,-1,425.000,-1,325.000,325.000,275.000,175.000,-1,-1,-1,-1,650.000,825.000,775.000,-1,1,0,2,0,2,0,0,0,1,2,2,2,2,1,0,1,2
52,1525.417,8366.081,385.045,-125.472,-0.575231,0.809415,0.118138,-0.816552,-0.576763,-0.024258,0.048503,-0.110420,0.992701,0,0.78654,-0.01561,47.193,-0.031,800.000,375.000,-1,400.000,-1,300.000,325.000,275.000,175.000,-1,-1,-1,-1,600.000,775.000,700.000,-1,1,0,2,0,2,0,0,0,1,2,2,2,2,1,0,1,2
53,1498.500,8328.221,387.150,-125.409,-0.575452,0.810324,0.110594,-0.816869,-0.576065,-0.029558,0.039757,-0.107350,0.993426,0,0.77424,0.03155,46.454,0.063,700.000,350.000,950.000,375.000,-1,300.000,300.000,275.000,175.000,-1,-1,-1,-1,550.000,700.000,625.000,-1,1,0,1,0,2,0,0,0,1,2,2,2,2,1,0,1,2
54,1472.047,8290.915,390.728,-125.344,-0.574777,0.810770,0.110832,-0.817483,-0.574992,-0.033246,0.036772,-0.109713,0.993283,0,0.76221,0.03266,45.733,0.065,625.000,350.000,900.000,375.000,-1,300.000,300.000,275.000,200.000,-1,-1,-1,-1,525.000,700.000,575.000,-1,1,0,1,0,2,0,0,0,1,2,2,2,2,1,0,1,2
55,1446.030,8254.128,394.420,-125.276,-0.573855,0.811199,0.112461,-0.818186,-0.573842,-0.035746,0.035538,-0.112527,0.993013,0,0.75096,0.03420,45.057,0.068,550.000,350.000,850.000,375.000,-1,300.000,300.000,275.000,200.000,-1,-1,-1,-1,500.000,700.000,525.000,-1,1,0,1,0,2,0,0,0,1,2,2,2,2,1,0,1,2
56,1420.416,8217.819,397.878,-125.203,-0.572827,0.811736,0.113816,-0.818930,-0.572686,-0.037208,0.034978,-0.114521,0.992805,0,0.74058,0.03615,44.435,0.072,500.000,350.000,800.000,375.000,-1,300.000,300.000,275.000,225.000,-1,-1,-1,-1,475.000,700.000,475.000,-1,1,0,1,0,2,0,0,0,1,2,2,2,2,1,0,1,2
57,1395.176,8181.938,401.114,-125.126,-0.571681,0.812390,0.114905,-0.819726,-0.571515,-0.037676,0.035063,-0.115729,0.992662,0,0.73116,0.03847,43.869,0.077,475.000,350.000,775.000,375.000,1000.000,300.000,300.000,275.000,225.000,-1,-1,-1,-1,450.000,700.000,450.000,1000.000,1,0,1,0,1,0,0,0,1,2,2,2,2,1,0,1,1
58,1370.277,8146.436,404.133,-125.044,-0.570411,0.813168,0.115712,-0.820581,-0.570319,-0.037187,0.035754,-0.116163,0.992586,0,0.72272,0.04112,43.363,0.082,425.000,325.000,725.000,375.000,950.000,300.000,300.000,275.000,250.000,-1,-1,-1,-1,425.000,700.000,400.000,950.000,1,1,1,0,1,0,0,0,1,2,2,2,2,1,1,1,1
59,1345.688,8111.263,406.803,-124.956,-0.569072,0.814123,0.115587,-0.821472,-0.569123,-0.035818,0.036623,-0.115335,0.992651,0,0.71526,0.04408,42.916,0.088,400.000,325.000,700.000,375.000,925.000,275.000,300.000,275.000,275.000,-1,-1,-1,-1,425.000,650.000,375.000,925.000,1,1,1,0,1,0,0,0,1,2,2,2,2,1,1,1,1
60,1321.378,8076.371,409.249,-124.861,-0.567578,0.815197,0.115365,-0.822434,-0.567871,-0.033538,0.038172,-0.113916,0.992757,0,0.70876,0.04731,42.526,0.095,375.000,300.000,650.000,375.000,875.000,275.000,300.000,275.000,275.000,-1,-1,-1,-1,400.000,625.000,350.000,875.000,1,1,1,0,1,0,0,0,1,2,2,2,2,1,1,1,1
61,1294.552,8037.383,411.746,-124.527,-0.562573,0.818671,0.115276,-0.825762,-0.563219,-0.030019,0.040350,-0.112079,0.992880,0,0.78876,0.16731,47.326,0.335,325.000,300.000,600.000,375.000,850.000,275.000,300.000,275.000,300.000,-1,-1,-1,475.000,375.000,575.000,325.000,825.000,1,1,1,0,1,1,0,0,1,2,2,2,1,1,1,1,1
62,1266.149,7995.204,414.159,-123.952,-0.554023,0.824527,0.114947,-0.831377,-0.555148,-0.024949,0.043242,-0.109387,0.993058,0,0.84751,0.28731,50.851,0.575,300.000,275.000,575.000,375.000,825.000,250.000,300.000,300.000,325.000,-1,-1,-1,450.000,350.000,525.000,275.000,750.000,1,1,1,0,1,1,1,0,1,2,2,2,1,1,1,1,1
63,1238.522,7952.900,416.726,-123.137,-0.541775,0.832826,0.113497,-0.839133,-0.543688,-0.016072,0.048322,-0.103946,0.993408,0,0.84211,0.40731,50.526,0.815,275.000,250.000,525.000,375.000,775.000,225.000,275.000,300.000,350.000,-1,-1,-1,425.000,325.000,500.000,250.000,675.000,1,1,1,1,1,1,1,0,1,2,2,2,1,1,1,1,1
64,1211.817,7910.332,420.648,-122.083,-0.525627,0.843796,0.108282,-0.848644,-0.528960,0.002437,0.059333,-0.090612,0.994117,0,0.83752,0.52731,50.251,1.055,275.000,250.000,500.000,325.000,725.000,225.000,275.000,325.000,375.000,-1,-1,-1,375.000,300.000,450.000,250.000,625.000,1,1,1,1,1,1,1,0,0,2,2,2,1,1,1,1,1
65,1186.106,7867.417,424.344,-120.908,-0.507663,0.855561,0.101453,-0.858555,-0.512195,0.023241,0.071848,-0.075304,0.994569,0,0.83377,0.58766,50.026,1.175,300.000,225.000,475.000,300.000,675.000,200.000,250.000,350.000,350.000,-1,-1,225.000,325.000,300.000,425.000,250.000,550.000,1,1,1,1,1,1,1,0,0,2,2,1,1,1,1,1,1
66,1159.102,7819.700,428.088,-119.492,-0.486143,0.869046,0.091784,-0.869511,-0.491526,0.048508,0.087270,-0.056226,0.994597,0,0.91377,0.70766,54.826,1.415,350.000,225.000,450.000,275.000,625.000,200.000,225.000,400.000,300.000,-1,300.000,150.000,300.000,275.000,375.000,275.000,475.000,1,1,1,1,1,1,1,0,0,2,1,1,1,1,1,1,1
67,1131.251,7766.974,433.970,-117.837,-0.461023,0.883534,0.082614,-0.881799,-0.466562,0.068927,0.099444,-0.041072,0.994195,0,0.99377,0.82766,59.626,1.655,375.000,200.000,425.000,250.000,525.000,175.000,200.000,450.000,300.000,-1,250.000,150.000,300.000,275.000,350.000,275.000,400.000,1,1,1,1,1,1,1,0,0,2,1,1,1,1,1,1,1
68,1104.801,7713.115,442.618,-116.154,-0.434434,0.897068,0.080842,-0.893608,-0.440516,0.086083,0.112834,-0.034844,0.993003,0,1.00000,0.84150,60.000,1.683,425.000,200.000,400.000,225.000,425.000,175.000,200.000,475.000,300.000,-1,250.000,125.000,350.000,250.000,300.000,275.000,350.000,1,1,1,1,1,1,1,0,0,2,0,0,1,1,1,1,1
69,9511.013,327.961,-19.242,-127.480,-0.605362,0.793259,0.065396,-0.792752,-0.608249,0.039710,0.071277,-0.027804,0.997069,1,0.00000,0.00000,55.200,1.443,-1,400.000,-1,375.000,-1,325.000,325.000,300.000,275.000,-1,575.000,600.000,-1,825.000,725.000,-1,-1,2,0,2,0,2,0,0,0,0,2,0,0,2,0,0,2,2
70,9508.076,324.164,-18.916,-127.720,-0.608675,0.790706,0.065571,-0.790202,-0.611568,0.039565,0.071385,-0.027732,0.997063,0,0.08000,-0.12000,4.800,-0.240,-1,400.000,-1,375.000,-1,325.000,325.000,300.000,275.000,-1,575.000,600.000,-1,825.000,725.000,-1,-1,2,0,2,0,2,0,0,0,0,2,0,0,2,0,0,2,2
71,9502.139,316.620,-18.255,-128.200,-0.615267,0.785557,0.065929,-0.785063,-0.618172,0.039232,0.071574,-0.027620,0.997053,0,0.16000,-0.24000,9.600,-0.480,-1,400.000,-1,375.000,-1,325.000,325.000,300.000,275.000,-1,575.000,625.000,-1,825.000,725.000,-1,-1,2,0,2,0,2,0,0,0,0,2,0,0,2,0,0,2,2
72,9493.093,305.417,-17.163,-128.920,-0.625076,0.777739,0.066351,-0.777222,-0.628004,0.039200,0.072156,-0.027067,0.997026,0,0.24000,-0.36000,14.400,-0.720,-1,400.000,-1,375.000,-1,325.000,325.000,300.000,275.000,-1,575.000,625.000,-1,825.000,750.000,-1,-1,2,0,2,0,2,0,0,0,0,2,0,0,2,0,0,2,2
73,9480.782,290.683,-15.676,-129.880,-0.638000,0.767125,0.066896,-0.766569,-0.640961,0.039253,0.072989,-0.026237,0.996988,0,0.32000,-0.48000,19.200,-0.960,-1,400.000,-1,375.000,-1,325.000,325.000,300.000,275.000,-1,550.000,625.000,-1,850.000,750.000,-1,-1,2,0,2,0,2,0,0,0,0,2,0,0,2,0,0,2,2
74,9465.011,272.592,-13.806,-131.080,-0.653903,0.753553,0.067593,-0.752952,-0.656903,0.039270,0.073994,-0.025215,0.996940,0,0.40000,-0.60000,24.000,-1.200,-1,400.000,-1,375.000,-1,325.000,325.000,300.000,275.000,-1,550.000,650.000,-1,850.000,750.000,-1,-1,2,0,2,0,2,0,0,0,0,2,0,0,2,0,0,2,2
75,9445.546,251.365,-11.551,-132.520,-0.672603,0.736829,0.068471,-0.736177,-0.675652,0.039219,0.075160,-0.024028,0.996882,0,0.48000,-0.72000,28.800,-1.440,-1,400.000,-1,375.000,-1,325.000,325.000,300.000,275.000,-1,525.000,650.000,-1,850.000,750.000,-1,-1,2,0,2,0,2,0,0,0,0,2,0,0,2,0,0,2,2
76,9422.121,227.277,-8.906,-134.200,-0.693879,0.716726,0.069535,-0.716021,-0.696986,0.039057,0.076459,-0.022688,0.996815,0,0.56000,-0.84000,33.600,-1.680,-1,400.000,-1,375.000,-1,325.000,325.000,300.000,300.000,-1,525.000,650.000,-1,850.000,750.000,-1,-1,2,0,2,0,2,0,0,0,0,2,0,0,2,0,0,2,2
77,9394.442,200.660,-5.866,-136.120,-0.717460,0.692995,0.070781,-0.692236,-0.720631,0.038740,0.077854,-0.021203,0.996739,0,0.64000,-0.96000,38.400,-1.920,-1,400.000,-1,375.000,-1,325.000,325.000,300.000,300.000,-1,525.000,625.000,-1,875.000,750.000,-1,-1,2,0,2,0,2,0,0,0,0,2,0,0,2,0,0,2,2
78,9362.277,171.821,-2.428,-138.120,-0.741155,0.667442,0.072187,-0.666643,-0.744398,0.038184,0.079221,-0.019823,0.996660,0,0.72000,-1.00000,43.200,-2.000,-1,400.000,-1,400.000,-1,325.000,325.000,300.000,300.000,-1,500.000,625.000,-1,875.000,750.000,-1,-1,2,0,2,0,2,0,0,0,0,2,0,0,2,0,0,2,2
79,9325.902,141.429,1.356,-140.120,-0.763934,0.641070,0.073709,-0.640253,-0.767255,0.037359,0.080503,-0.018653,0.996580,0,0.79001,-1.00000,47.400,-2.000,-1,400.000,-1,400.000,-1,325.000,325.000,300.000,300.000,-1,500.000,625.000,-1,900.000,775.000,-1,-1,2,0,2,0,2,0,0,0,0,2,0,0,2,0,0,2,2
80,9288.374,112.236,5.159,-142.120,-0.785780,0.613915,0.075217,-0.613089,-0.789177,0.036355,0.081678,-0.017548,0.996504,0,0.79243,-1.00000,47.546,-2.000,-1,425.000,-1,400.000,1000.000,325.000,325.000,300.000,300.000,-1,500.000,625.000,-1,900.000,775.000,-1,-1,2,0,2,0,1,0,0,0,0,2,0,0,2,0,0,2,2
81,9249.735,84.287,8.981,-144.120,-0.806665,0.586010,0.076709,-0.585186,-0.810136,0.035176,0.082758,-0.016514,0.996433,0,0.79479,-1.00000,47.688,-2.000,-1,425.000,-1,400.000,950.000,325.000,325.000,300.000,300.000,-1,500.000,625.000,-1,925.000,775.000,-1,-1,2,0,2,0,1,0,0,0,0,2,0,0,2,0,0,2,2
82,9210.030,57.626,12.737,-146.120,-0.826568,0.557385,0.078144,-0.556610,-0.830102,0.033399,0.083483,-0.015889,0.996383,0,0.79709,-1.00000,47.825,-2.000,-1,425.000,-1,400.000,900.000,325.000,325.000,300.000,300.000,-1,525.000,625.000,-1,925.000,775.000,-1,-1,2,0,2,0,1,0,0,0,0,2,0,0,2,0,1,2,2
83,9169.305,32.298,16.491,-148.120,-0.845466,0.528080,0.079489,-0.527368,-0.849056,0.031415,0.084080,-0.015359,0.996341,0,0.79931,-1.00000,47.959,-2.000,-1,425.000,-1,400.000,850.000,325.000,325.000,300.000,300.000,-1,525.000,625.000,-1,925.000,775.000,-1,-1,2,0,2,0,1,0,0,0,0,2,0,0,2,0,1,2,2
84,9127.609,8.341,20.254,-150.120,-0.863335,0.498130,0.080743,-0.497490,-0.866975,0.029302,0.084598,-0.014871,0.996304,0,0.80146,-1.00000,48.088,-2.000,-1,425.000,-1,400.000,800.000,325.000,325.000,300.000,300.000,-1,525.000,650.000,-1,925.000,750.000,-1,-1,2,0,2,0,1,0,0,0,1,2,0,0,2,0,1,2,2
85,9084.993,-14.203,24.160,-152.120,-0.880210,0.467576,0.081259,-0.466982,-0.883844,0.027354,0.084611,-0.013869,0.996318,0,0.80353,-1.00000,48.212,-2.000,-1,425.000,-1,400.000,750.000,325.000,325.000,300.000,300.000,-1,550.000,675.000,-1,925.000,750.000,-1,-1,2,0,2,0,1,0,0,0,1,2,0,0,2,0,1,2,2
86,9041.510,-35.299,28.295,-154.120,-0.896104,0.436457,0.080641,-0.435853,-0.899646,0.025883,0.083845,-0.011954,0.996407,0,0.80551,-1.00000,48.331,-2.000,-1,425.000,-1,400.000,725.000,325.000,325.000,300.000,300.000,-1,600.000,750.000,-1,950.000,725.000,-1,-1,2,0,2,0,1,0,0,0,1,2,0,0,2,0,1,2,2
87,8997.213,-54.910,32.355,-156.120,-0.910896,0.404802,0.080020,-0.404189,-0.914349,0.024441,0.083060,-0.010080,0.996494,0,0.80741,-1.00000,48.444,-2.000,-1,425.000,-1,400.000,675.000,325.000,325.000,300.000,300.000,-1,675.000,800.000,-1,950.000,700.000,-1,875.000,2,0,2,0,1,0,0,0,1,2,0,0,2,0,1,2,1
88,8952.158,-73.003,36.399,-158.120,-0.924569,0.372651,0.079390,-0.372034,-0.927934,0.022982,0.082233,-0.008287,0.996579,0,0.80921,-1.00000,48.553,-2.000,-1,425.000,-1,400.000,625.000,325.000,325.000,300.000,300.000,-1,725.000,850.000,-1,950.000,650.000,-1,750.000,2,0,2,0,1,0,0,0,1,2,0,0,2,0,1,2,1
89,8906.403,-89.548,40.435,-160.120,-0.937105,0.340044,0.078767,-0.339423,-0.940387,0.021554,0.081401,-0.006537,0.996660,0,0.81091,-1.00000,48.655,-2.000,-1,425.000,-1,400.000,575.000,325.000,325.000,300.000,300.000,-1,775.000,925.000,-1,950.000,625.000,-1,675.000,2,0,2,0,1,0,0,0,1,2,0,0,2,0,1,2,1
90,8860.006,-104.516,44.461,-162.120,-0.948488,0.307021,0.078158,-0.306396,-0.951691,0.020163,0.080573,-0.004823,0.996737,0,0.81252,-1.00000,48.751,-2.000,-1,425.000,-1,375.000,550.000,325.000,325.000,300.000,300.000,-1,850.000,975.000,-1,975.000,600.000,-1,625.000,2,0,2,1,1,0,0,0,1,2,0,0,2,0,1,2,1
91,8813.030,-117.880,48.477,-164.120,-0.958704,0.273622,0.077573,-0.272993,-0.961832,0.018816,0.079760,-0.003138,0.996809,0,0.81401,-1.00000,48.841,-2.000,-1,425.000,-1,375.000,500.000,325.000,325.000,300.000,300.000,-1,900.000,-1,-1,975.000,575.000,-1,550.000,2,0,2,1,1,0,1,0,1,2,0,2,2,0,1,2,1
92,8770.051,-128.691,52.106,-165.880,-0.966720,0.243953,0.077067,-0.243322,-0.969785,0.017628,0.079039,-0.001711,0.996870,0,0.73863,-0.88000,44.318,-1.760,-1,425.000,-1,350.000,450.000,325.000,325.000,300.000,300.000,-1,950.000,-1,-1,975.000,550.000,-1,500.000,2,0,2,1,1,0,1,0,1,2,0,2,2,0,1,2,1
93,8726.743,-138.372,55.699,-167.400,-0.972901,0.218143,0.076659,-0.217527,-0.975916,0.016396,0.078390,-0.000724,0.996923,0,0.73962,-0.76000,44.377,-1.520,-1,425.000,-1,350.000,425.000,325.000,300.000,300.000,300.000,-1,1000.000,-1,-1,975.000,525.000,-1,450.000,2,0,2,1,1,0,1,0,1,2,0,2,2,0,1,2,1
94,8683.221,-147.068,59.214,-168.700,-0.977628,0.195939,0.076497,-0.195366,-0.980616,0.014980,0.077949,-0.000300,0.996957,0,0.73971,-0.65021,44.383,-1.300,-1,425.000,-1,325.000,400.000,325.000,300.000,325.000,300.000,-1,-1,-1,-1,975.000,500.000,-1,425.000,2,0,2,1,1,0,1,0,1,2,2,2,2,0,1,2,1
95,8639.555,-154.769,62.713,-169.998,-0.981837,0.173690,0.076345,-0.173158,-0.984800,0.013587,0.077544,0.000120,0.996989,0,0.73899,-0.64857,44.340,-1.297,-1,425.000,-1,325.000,350.000,325.000,300.000,325.000,300.000,-1,-1,-1,-1,1000.000,475.000,-1,375.000,2,0,2,1,1,0,1,0,1,2,2,2,2,0,1,2,1
96,8591.003,-162.345,66.574,-171.131,-0.985104,0.154176,0.076161,-0.153704,-0.988043,0.012059,0.077109,0.000174,0.997023,0,0.81899,-0.56672,49.140,-1.133,-1,425.000,-1,300.000,325.000,325.000,275.000,325.000,300.000,-1,-1,-1,-1,-1,450.000,-1,325.000,2,0,2,1,1,0,1,0,1,2,2,2,2,2,1,2,1
97,8541.817,-169.026,71.076,-172.264,-0.987820,0.134602,0.078061,-0.134349,-0.990898,0.008514,0.078497,-0.002077,0.996912,0,0.82729,-0.56669,49.637,-1.133,-1,425.000,-1,300.000,275.000,350.000,275.000,325.000,300.000,-1,-1,-1,-1,-1,425.000,-1,300.000,2,0,2,1,1,0,1,0,1,2,2,2,2,2,1,2,1
98,8492.238,-174.763,77.231,-173.398,-0.989685,0.114966,0.085473,-0.115446,-0.993314,-0.000668,0.084825,-0.010528,0.996340,0,0.83181,-0.56679,49.908,-1.134,-1,450.000,-1,300.000,275.000,350.000,300.000,300.000,325.000,-1,875.000,-1,-1,-1,425.000,-1,300.000,2,0,2,1,1,1,1,0,1,2,0,2,2,2,1,2,1
99,8442.289,-179.544,83.113,-174.532,-0.991192,0.095270,0.091991,-0.096743,-0.995241,-0.011682,0.090441,-0.020478,0.995691,0,0.83626,-0.56702,50.176,-1.134,-1,475.000,-1,300.000,275.000,375.000,300.000,300.000,325.000,-1,700.000,925.000,-1,-1,425.000,-1,275.000,2,0,2,1,1,1,1,0,1,2,0,0,2,2,1,2,1
100,8391.995,-183.355,89.060,-175.667,-0.992285,0.075520,0.098327,-0.078151,-0.996672,-0.023183,0.096249,-0.030688,0.994884,0,0.84062,-0.56744,50.437,-1.135,-1,500.000,-1,300.000,250.000,375.000,300.000,300.000,350.000,-1,350.000,825.000,-1,-1,425.000,-1,275.000,2,0,2,1,1,1,1,0,1,2,0,0,2,2,1,2,1
101,8341.382,-186.183,95.099,-176.803,-0.992959,0.055721,0.104536,-0.059688,-0.997596,-0.035207,0.102323,-0.041198,0.993898,0,0.84485,-0.56809,50.691,-1.136,-1,500.000,-1,300.000,250.000,375.000,300.000,275.000,350.000,-1,225.000,600.000,-1,-1,425.000,-1,250.000,2,0,2,1,1,1,1,0,1,2,0,0,2,2,1,2,1
102,8290.479,-188.016,101.251,-177.941,-0.993212,0.035879,0.110651,-0.041380,-0.997998,-0.047824,0.108713,-0.052078,0.992708,0,0.84889,-0.56901,50.933,-1.138,-1,525.000,-1,300.000,225.000,400.000,300.000,275.000,375.000,850.000,150.000,475.000,-1,-1,425.000,-1,250.000,2,0,2,1,1,1,1,0,1,0,0,0,2,2,1,2,1
103,8239.322,-188.840,107.538,-179.082,-0.993039,0.015996,0.116695,-0.023254,-0.997860,-0.061111,0.115468,-0.063399,0.991286,0,0.85270,-0.57029,51.162,-1.141,-1,550.000,-1,300.000,225.000,400.000,300.000,275.000,375.000,700.000,100.000,375.000,-1,-1,400.000,-1,225.000,2,0,2,1,1,1,1,0,1,0,0,0,2,2,1,2,1
104,8187.947,-188.643,113.979,-180.226,-0.992438,-0.003926,0.122686,-0.005345,-0.997158,-0.075147,0.122632,-0.075234,0.989596,0,0.85621,-0.57198,51.373,-1.144,-1,600.000,-1,300.000,200.000,400.000,300.000,250.000,375.000,600.000,75.000,325.000,-1,-1,-1,-1,225.000,2,0,2,1,1,1,1,0,1,0,0,0,2,2,2,2,1
105,8136.399,-187.413,120.595,-181.374,-0.991405,-0.023885,0.128633,0.012313,-0.995864,-0.090015,0.130251,-0.087657,0.987598,0,0.85934,-0.57417,51.560,-1.148,-1,625.000,-1,275.000,200.000,425.000,300.000,250.000,375.000,500.000,50.000,300.000,-1,-1,-1,-1,200.000,2,0,2,1,1,1,1,0,1,0,0,0,2,2,2,2,1
106,8084.726,-185.140,127.406,-182.528,-0.989937,-0.043881,0.134535,0.029680,-0.993944,-0.105800,0.138363,-0.100742,0.985244,0,0.86199,-0.57696,51.719,-1.154,-1,650.000,-1,275.000,175.000,450.000,325.000,250.000,350.000,425.000,25.000,275.000,-1,-1,-1,-1,200.000,2,0,2,1,1,1,1,0,1,0,0,0,2,2,2,2,1
107,8032.986,-181.816,134.431,-183.689,-0.988033,-0.063913,0.140379,0.046711,-0.991358,-0.122586,0.147001,-0.114562,0.982480,0,0.86405,-0.58045,51.843,-1.161,-1,700.000,-1,400.000,175.000,500.000,400.000,250.000,350.000,375.000,25.000,250.000,-1,-1,-1,-1,175.000,2,0,2,1,1,1,1,0,1,0,0,0,2,2,2,2,1
108,7981.245,-177.431,141.687,-184.858,-0.985693,-0.083982,0.146138,0.063359,-0.988057,-0.140457,0.156189,-0.129188,0.979242,0,0.86536,-0.58478,51.922,-1.170,-1,750.000,-1,-1,150.000,550.000,500.000,250.000,350.000,300.000,0.000,225.000,-1,-1,-1,-1,175.000,2,0,2,2,1,1,1,0,1,0,0,0,2,2,2,2,1
109,4263.544,-328.314,244.295,-178.163,-0.989757,0.031363,-0.139274,-0.001458,-0.977740,-0.209813,-0.142754,-0.207461,0.967771,1,0.00000,0.00000,51.946,-1.180,175.000,275.000,875.000,425.000,-1,275.000,325.000,275.000,175.000,-1,150.000,125.000,-1,375.000,675.000,200.000,-1,0,0,0,0,2,0,1,0,1,2,1,1,2,0,0,0,2
110,3603.024,-4918.117,40.557,163.376,-0.956876,-0.286081,0.050452,0.285424,-0.958194,-0.019935,0.054046,-0.004675,0.998528,1,0.08000,0.12000,4.800,0.240,-1,400.000,-1,400.000,-1,325.000,325.000,300.000,300.000,-1,-1,-1,-1,750.000,750.000,-1,-1,2,0,2,0,2,0,0,0,0,2,2,2,2,0,0,2,2
111,3593.803,-4915.448,41.088,163.856,-0.959244,-0.278043,0.050429,0.277370,-0.960554,-0.020031,0.054009,-0.005227,0.998527,0,0.16000,0.24000,9.600,0.480,-1,400.000,-1,400.000,-1,325.000,325.000,300.000,300.000,-1,-1,-1,-1,750.000,750.000,-1,-1,2,0,2,0,2,0,0,0,0,2,2,2,2,0,0,2,2
112,3579.922,-4911.618,41.883,164.576,-0.962668,-0.265950,0.050405,0.265253,-0.963968,-0.020163,0.053951,-0.006040,0.998525,0,0.24000,0.36000,14.400,0.720,-1,400.000,-1,400.000,-1,325.000,325.000,300.000,300.000,-1,-1,-1,-1,750.000,750.000,-1,-1,2,0,2,0,2,0,0,0,0,2,2,2,2,0,0,2,2
113,3561.330,-4906.822,42.938,165.536,-0.966996,-0.249760,0.050391,0.249034,-0.968282,-0.020317,0.053867,-0.007098,0.998523,0,0.32000,0.48000,19.200,0.960,-1,400.000,-1,400.000,-1,325.000,325.000,300.000,300.000,-1,-1,-1,-1,750.000,750.000,-1,-1,2,0,2,0,2,0,0,0,0,2,2,2,2,0,0,2,2
114,3537.970,-4901.316,44.250,166.736,-0.972021,-0.229425,0.050401,0.228663,-0.973290,-0.020474,0.053752,-0.008377,0.998519,0,0.40000,0.60000,24.000,1.200,-1,400.000,-1,400.000,-1,325.000,325.000,300.000,300.000,-1,-1,-1,-1,750.000,750.000,-1,-1,2,0,2,0,2,0,0,0,0,2,2,2,2,0,0,2,2
115,3509.781,-4895.415,45.812,168.176,-0.977484,-0.204891,0.050451,0.204089,-0.978735,-0.020610,0.053601,-0.009849,0.998514,0,0.48000,0.72000,28.800,1.440,-1,400.000,-1,400.000,-1,325.000,325.000,300.000,300.000,-1,-1,-1,-1,750.000,750.000,-1,-1,2,0,2,0,2,0,0,0,0,2,2,2,2,0,0,2,2
116,3476.706,-4889.497,47.619,169.856,-0.983072,-0.176106,0.050554,0.175262,-0.984304,-0.020693,0.053405,-0.011482,0.998507,0,0.56000,0.84000,33.600,1.680,-1,400.000,-1,400.000,-1,325.000,325.000,300.000,300.000,-1,-1,-1,-1,725.000,750.000,-1,-1,2,0,2,0,2,0,0,0,0,2,2,2,2,0,0,2,2
117,3438.720,-4883.877,49.658,171.584,-0.987932,-0.146347,0.050717,0.145464,-0.989147,-0.020704,0.053197,-0.013077,0.998498,0,0.64000,0.86383,38.400,1.728,-1,400.000,-1,400.000,-1,325.000,325.000,300.000,300.000,-1,-1,-1,-1,725.000,750.000,-1,-1,2,0,2,0,2,0,0,0,0,2,2,2,2,0,0,2,2
118,3399.948,-4879.331,51.710,173.312,-0.991889,-0.116456,0.050925,0.115539,-0.993089,-0.020621,0.052974,-0.014570,0.998490,0,0.65063,0.86383,39.038,1.728,-1,400.000,-1,400.000,-1,325.000,325.000,300.000,300.000,-1,-1,-1,-1,725.000,750.000,-1,-1,2,0,2,0,2,0,0,0,0,2,2,2,2,0,0,2,2
119,3361.057,-4875.955,53.739,175.039,-0.994940,-0.086461,0.051169,0.085513,-0.996127,-0.020437,0.052738,-0.015959,0.998481,0,0.65063,0.86383,39.038,1.728,-1,400.000,-1,400.000,-1,325.000,325.000,300.000,300.000,-1,-1,-1,-1,725.000,750.000,-1,-1,2,0,2,0,2,0,0,0,0,2,2,2,2,0,0,2,2
120,3322.081,-4873.754,55.745,176.767,-0.997083,-0.056388,0.051441,0.055415,-0.998260,-0.020153,0.052488,-0.017244,0.998473,0,0.65063,0.86383,39.038,1.728,-1,375.000,-1,400.000,-1,325.000,325.000,300.000,300.000,-1,-1,-1,-1,700.000,750.000,-1,-1,2,0,2,0,2,0,0,0,0,2,2,2,2,0,0,2,2
121,3283.057,-4872.729,57.744,178.495,-0.998318,-0.026266,0.051691,0.025277,-0.999486,-0.019695,0.052182,-0.018356,0.998469,0,0.65063,0.86383,39.038,1.728,-1,375.000,-1,400.000,-1,325.000,325.000,300.000,300.000,-1,-1,-1,-1,700.000,750.000,-1,-1,2,0,2,0,2,0,0,0,0,2,2,2,2,0,0,2,2
122,3244.020,-4872.880,59.927,180.222,-0.998626,0.003880,0.052251,-0.004884,-0.999806,-0.019101,0.052167,-0.019330,0.998451,0,0.65063,0.86383,39.038,1.728,-1,375.000,-1,400.000,-1,325.000,325.000,300.000,300.000,-1,-1,-1,-1,700.000,750.000,-1,-1,2,0,2,0,2,0,0,0,0,2,2,2,2,0,0,2,2
123,3205.005,-4874.209,62.114,181.950,-0.998020,0.034020,0.052896,-0.035042,-0.999215,-0.018502,0.052225,-0.020319,0.998429,0,0.65063,0.86383,39.038,1.728,-1,375.000,-1,400.000,-1,325.000,325.000,300.000,300.000,-1,-1,-1,-1,700.000,750.000,-1,-1,2,0,2,0,2,0,0,0,0,2,2,2,2,0,0,2,2
124,3166.048,-4876.713,64.276,183.678,-0.996504,0.064129,0.053543,-0.065163,-0.997716,-0.017791,0.052280,-0.021217,0.998407,0,0.65063,0.86383,39.038,1.728,-1,375.000,-1,400.000,-1,325.000,325.000,300.000,300.000,-1,-1,-1,-1,675.000,750.000,-1,-1,2,0,2,0,2,0,0,0,0,2,2,2,2,0,0,2,2
125,3127.047,-4880.404,66.420,185.405,-0.994080,0.094175,0.054187,-0.095216,-0.995312,-0.016963,0.052335,-0.022022,0.998387,0,0.65291,0.86373,39.175,1.727,-1,375.000,-1,400.000,-1,325.000,325.000,300.000,300.000,-1,-1,-1,-1,675.000,750.000,-1,-1,2,0,2,0,2,0,0,0,0,2,2,2,2,0,0,2,2
126,3087.871,-4885.305,68.556,187.132,-0.990752,0.124118,0.054821,-0.125161,-0.992007,-0.016016,0.052395,-0.022729,0.998368,0,0.65802,0.86327,39.481,1.727,-1,375.000,-1,400.000,-1,325.000,325.000,300.000,300.000,-1,-1,-1,-1,675.000,750.000,-1,-1,2,0,2,0,2,0,0,0,0,2,2,2,2,0,0,2,2
127,3048.558,-4891.431,70.682,188.857,-0.986527,0.153920,0.055438,-0.154960,-0.987808,-0.014948,0.052461,-0.023337,0.998350,0,0.66313,0.86246,39.788,1.725,-1,375.000,-1,400.000,-1,325.000,325.000,300.000,300.000,-1,-1,975.000,-1,675.000,750.000,-1,-1,2,0,2,0,2,0,0,0,0,2,2,0,2,0,0,2,2
128,3009.148,-4898.792,72.799,190.579,-0.981414,0.183543,0.056028,-0.184573,-0.982722,-0.013760,0.052535,-0.023845,0.998334,0,0.66820,0.86131,40.092,1.723,-1,375.000,-1,400.000,-1,325.000,325.000,300.000,300.000,-1,-1,925.000,-1,675.000,750.000,-1,-1,2,0,2,0,2,0,0,0,0,2,2,0,2,0,0,2,2
129,2965.247,-4908.173,75.152,192.062,-0.976293,0.208908,0.056655,-0.209911,-0.977643,-0.012316,0.052816,-0.023917,0.998318,0,0.74820,0.74131,44.892,1.483,-1,375.000,-1,400.000,-1,325.000,325.000,300.000,300.000,-1,-1,850.000,-1,675.000,750.000,-1,-1,2,0,2,0,2,0,0,0,0,2,2,0,2,0,0,2,2
130,2916.889,-4919.609,77.746,193.304,-0.971487,0.230062,0.057317,-0.231021,-0.972891,-0.010611,0.053322,-0.023550,0.998300,0,0.82820,0.62131,49.692,1.243,-1,375.000,-1,400.000,-1,325.000,325.000,300.000,300.000,-1,1000.000,800.000,-1,675.000,725.000,-1,-1,2,0,2,0,2,0,0,0,0,2,0,0,2,0,0,2,2
131,2864.129,-4933.235,80.582,194.481,-0.966506,0.250002,0.058005,-0.250900,-0.967975,-0.008632,0.053990,-0.022897,0.998279,0,0.90820,0.58850,54.492,1.177,-1,375.000,-1,400.000,-1,325.000,325.000,300.000,300.000,-1,925.000,750.000,-1,650.000,725.000,-1,1000.000,2,0,2,0,2,0,0,0,0,2,0,0,2,0,0,2,1
132,2807.036,-4949.232,83.660,195.653,-0.961141,0.269744,0.058706,-0.270564,-0.962681,-0.006359,0.054800,-0.021996,0.998255,0,0.98820,0.58571,59.292,1.171,-1,375.000,1000.000,400.000,1000.000,300.000,325.000,300.000,300.000,-1,875.000,700.000,-1,650.000,725.000,-1,925.000,2,0,1,0,1,0,0,0,0,2,0,0,2,0,0,2,1
133,2749.602,-4966.592,86.768,196.817,-0.955409,0.289260,0.059355,-0.289993,-0.957021,-0.003937,0.055665,-0.020974,0.998229,0,1.00000,0.58229,60.000,1.165,-1,375.000,950.000,400.000,925.000,300.000,325.000,300.000,300.000,-1,825.000,650.000,-1,650.000,725.000,-1,875.000,2,0,1,0,1,0,0,0,0,2,0,0,2,0,0,2,1
