timestep,x_cm,y_cm,z_cm,yaw_deg,basis_xx,basis_xy,basis_xz,basis_yx,basis_yy,basis_yz,basis_zx,basis_zy,basis_zz,teleport_flag,throttle_cmd,steering_cmd,cmd_move_cm,cmd_turn_deg,lidar_cm_0,lidar_cm_1,lidar_cm_2,lidar_cm_3,lidar_cm_4,lidar_cm_5,lidar_cm_6,lidar_cm_7,lidar_cm_8,lidar_cm_9,lidar_cm_10,lidar_cm_11,lidar_cm_12,lidar_cm_13,lidar_cm_14,lidar_cm_15,lidar_cm_16,lidar_class_0,lidar_class_1,lidar_class_2,lidar_class_3,lidar_class_4,lidar_class_5,lidar_class_6,lidar_class_7,lidar_class_8,lidar_class_9,lidar_class_10,lidar_class_11,lidar_class_12,lidar_class_13,lidar_class_14,lidar_class_15,lidar_class_16
0,3607.548,-7543.273,-427.144,123.496,-0.552395,-0.827496,0.100549,0.833567,-0.547623,0.072629,-0.005038,0.123934,0.992278,1,0.00000,0.00000,4.800,0.240,-1,375.000,-1,350.000,575.000,300.000,300.000,300.000,275.000,-1,625.000,900.000,-1,675.000,550.000,-1,600.000,2,0,2,0,0,0,0,0,0,2,0,0,2,0,0,2,0
1,3610.180,-7547.286,-427.091,123.256,-0.548983,-0.829784,0.100376,0.835813,-0.544153,0.072905,-0.005876,0.123919,0.992275,0,-0.08000,-0.12000,-4.800,-0.240,-1,375.000,-1,350.000,575.000,300.000,300.000,300.000,275.000,-1,625.000,900.000,-1,675.000,550.000,-1,600.000,2,0,2,0,0,0,0,0,0,2,0,0,2,0,0,2,0
2,3615.377,-7555.357,-426.978,122.776,-0.542132,-0.834317,0.100042,0.840259,-0.537184,0.073471,-0.007557,0.123892,0.992267,0,-0.16000,-0.24000,-9.600,-0.480,-1,375.000,-1,350.000,575.000,300.000,300.000,300.000,275.000,-1,625.000,900.000,-1,675.000,550.000,-1,600.000,2,0,2,0,0,0,0,0,0,2,0,0,2,0,0,2,0
3,3623.020,-7567.560,-426.794,122.056,-0.531787,-0.841004,0.099572,0.846818,-0.526660,0.074353,-0.010090,0.123859,0.992248,0,-0.24000,-0.36000,-14.400,-0.720,-1,375.000,-1,350.000,575.000,300.000,300.000,300.000,275.000,-1,650.000,925.000,-1,675.000,550.000,-1,625.000,2,0,2,0,0,0,0,0,0,2,0,0,2,0,0,2,0
4,3632.957,-7583.986,-426.532,121.169,-0.518942,-0.849058,0.098995,0.854705,-0.513579,0.075604,-0.013350,0.123845,0.992212,0,-0.32000,-0.44347,-19.200,-0.887,-1,375.000,-1,350.000,575.000,300.000,300.000,300.000,275.000,-1,650.000,950.000,-1,675.000,550.000,-1,625.000,2,0,2,0,0,0,0,0,0,2,0,0,2,0,0,2,0
5,3645.060,-7604.709,-426.201,120.284,-0.506047,-0.856882,0.098333,0.862338,-0.500399,0.077296,-0.017028,0.123911,0.992147,0,-0.40000,-0.44252,-24.000,-0.885,-1,375.000,-1,350.000,600.000,300.000,300.000,300.000,300.000,-1,700.000,1000.000,-1,650.000,550.000,-1,625.000,2,0,2,0,0,0,0,0,0,2,0,0,2,0,0,2,0
6,3659.199,-7629.798,-425.790,119.401,-0.493110,-0.864471,0.097629,0.869710,-0.487125,0.079459,-0.021132,0.124091,0.992046,0,-0.48000,-0.44145,-28.800,-0.883,-1,375.000,-1,350.000,600.000,300.000,300.000,300.000,300.000,-1,750.000,-1,-1,650.000,550.000,-1,650.000,2,0,2,0,0,0,0,0,0,2,0,2,2,0,0,2,0
7,3674.008,-7657.048,-425.321,118.520,-0.480118,-0.871824,0.096997,0.876834,-0.473765,0.081901,-0.025450,0.124373,0.991909,0,-0.51694,-0.44028,-31.016,-0.881,-1,375.000,-1,350.000,600.000,300.000,300.000,300.000,300.000,-1,825.000,-1,-1,650.000,550.000,-1,650.000,2,0,2,0,0,0,0,0,0,2,0,2,2,0,0,2,0
8,3688.445,-7684.612,-424.819,117.642,-0.467058,-0.878944,0.096505,0.883724,-0.460327,0.084446,-0.029799,0.124725,0.991744,0,-0.51862,-0.43911,-31.117,-0.878,-1,375.000,-1,350.000,625.000,300.000,300.000,300.000,300.000,-1,950.000,-1,-1,650.000,575.000,-1,650.000,2,0,2,0,0,0,0,0,0,2,0,2,2,0,0,2,0
9,3702.506,-7712.487,-424.272,116.766,-0.453931,-0.885827,0.096209,0.890382,-0.446808,0.087075,-0.034147,0.125189,0.991545,0,-0.52036,-0.43801,-31.222,-0.876,-1,350.000,-1,350.000,625.000,300.000,300.000,300.000,300.000,-1,-1,-1,-1,625.000,575.000,-1,650.000,2,0,2,0,0,0,0,0,0,2,2,2,2,0,0,2,0
10,3716.185,-7740.672,-423.362,115.892,-0.440657,-0.892330,0.097819,0.896905,-0.433142,0.089158,-0.037189,0.127023,0.991202,0,-0.52218,-0.43700,-31.331,-0.874,-1,375.000,-1,350.000,625.000,300.000,300.000,300.000,300.000,-1,-1,-1,-1,625.000,575.000,-1,675.000,2,0,2,0,0,0,0,0,0,2,2,2,2,0,0,2,0
11,3729.481,-7769.164,-422.426,115.020,-0.427320,-0.898602,0.099562,0.903208,-0.419409,0.091171,-0.040169,0.128884,0.990846,0,-0.52406,-0.43607,-31.443,-0.872,-1,375.000,-1,350.000,650.000,300.000,300.000,300.000,300.000,-1,-1,-1,-1,650.000,575.000,-1,675.000,2,0,2,0,0,0,0,0,0,2,2,2,2,0,0,2,0
12,3742.390,-7797.960,-421.444,114.150,-0.413929,-0.904636,0.101470,0.909286,-0.405605,0.093184,-0.043142,0.130837,0.990465,0,-0.52599,-0.43521,-31.560,-0.870,-1,375.000,-1,350.000,650.000,300.000,300.000,300.000,300.000,-1,-1,-1,-1,650.000,575.000,-1,675.000,2,0,2,0,0,0,0,0,0,2,2,2,2,0,0,2,0
13,3754.865,-7826.961,-420.374,113.279,-0.400488,-0.910422,0.103642,0.915134,-0.391702,0.095392,-0.046250,0.133049,0.990030,0,-0.52619,-0.43513,-31.571,-0.870,-1,375.000,-1,350.000,650.000,300.000,300.000,300.000,300.000,-1,-1,-1,-1,650.000,575.000,-1,700.000,2,0,2,0,0,0,0,0,0,2,2,2,2,0,0,2,0
14,3766.897,-7856.147,-419.257,112.409,-0.386979,-0.915978,0.105978,0.920767,-0.377710,0.097590,-0.049362,0.135346,0.989568,0,-0.52619,-0.43513,-31.571,-0.870,-1,375.000,-1,350.000,650.000,300.000,300.000,300.000,300.000,-1,-1,-1,-1,650.000,575.000,-1,700.000,2,0,2,0,0,0,0,0,0,2,2,2,2,0,0,2,0
15,3778.318,-7885.446,-418.082,111.299,-0.369576,-0.922845,0.108489,0.927684,-0.359782,0.099796,-0.053064,0.137526,0.989076,0,-0.52414,-0.55513,-31.448,-1.110,-1,375.000,-1,350.000,625.000,300.000,300.000,325.000,300.000,-1,-1,-1,-1,650.000,575.000,-1,700.000,2,0,2,0,0,0,0,0,0,2,2,2,2,0,0,2,0
16,3789.044,-7915.005,-416.827,109.949,-0.348206,-0.930797,0.111214,0.935661,-0.337838,0.102000,-0.057369,0.139576,0.988548,0,-0.52414,-0.67513,-31.448,-1.350,-1,375.000,-1,350.000,625.000,300.000,300.000,325.000,300.000,-1,-1,-1,-1,650.000,550.000,-1,700.000,2,0,2,0,0,0,0,0,0,2,2,2,2,0,0,2,0
17,3798.948,-7944.849,-415.180,108.358,-0.322621,-0.939706,0.113442,0.944532,-0.311841,0.103025,-0.061438,0.140388,0.988189,0,-0.52414,-0.79513,-31.448,-1.590,-1,375.000,-1,350.000,625.000,300.000,300.000,325.000,275.000,-1,-1,-1,-1,650.000,550.000,-1,675.000,2,0,2,0,0,0,0,0,0,2,2,2,2,0,0,2,0
18,3807.961,-7974.975,-412.988,106.651,-0.294723,-0.948696,0.114517,0.953356,-0.283741,0.102969,-0.065193,0.139523,0.988070,0,-0.52414,-0.85362,-31.448,-1.707,-1,375.000,-1,350.000,625.000,300.000,300.000,325.000,300.000,-1,-1,-1,-1,650.000,550.000,-1,700.000,2,0,2,0,0,0,0,0,0,2,2,2,2,0,0,2,0
19,3816.074,-8005.354,-410.441,104.944,-0.266600,-0.956966,0.114630,0.961284,-0.255415,0.103425,-0.069696,0.137765,0.988010,0,-0.52414,-0.85362,-31.448,-1.707,-1,375.000,-1,350.000,650.000,325.000,300.000,325.000,300.000,-1,-1,-1,-1,650.000,575.000,-1,725.000,2,0,2,0,0,0,0,0,0,2,2,2,2,0,0,2,0
20,3823.308,-8036.074,-407.776,103.242,-0.238333,-0.964369,0.114844,0.968344,-0.226932,0.103985,-0.074218,0.135992,0.987926,0,-0.52606,-0.85110,-31.563,-1.702,-1,400.000,-1,350.000,675.000,325.000,300.000,325.000,300.000,-1,-1,-1,-1,675.000,575.000,-1,725.000,2,0,2,0,0,0,0,0,0,2,2,2,2,0,0,2,0
21,3829.653,-8067.115,-404.992,101.545,-0.209951,-0.970905,0.115166,0.974535,-0.198324,0.104637,-0.078752,0.134202,0.987820,0,-0.52811,-0.84845,-31.687,-1.697,-1,400.000,-1,350.000,700.000,325.000,300.000,325.000,300.000,-1,-1,-1,-1,675.000,575.000,-1,750.000,2,0,2,0,0,0,0,0,0,2,2,2,2,0,0,2,0
22,3835.101,-8098.455,-402.089,99.853,-0.181482,-0.976576,0.115600,0.979860,-0.169620,0.105370,-0.083293,0.132395,0.987691,0,-0.53023,-0.84576,-31.814,-1.692,-1,400.000,-1,350.000,725.000,325.000,300.000,325.000,300.000,-1,-1,-1,-1,675.000,575.000,-1,750.000,2,0,2,0,0,0,0,0,0,2,2,2,2,0,0,2,0
23,3839.643,-8130.071,-399.068,98.167,-0.152954,-0.981384,0.116148,0.984322,-0.140847,0.106170,-0.087835,0.130566,0.987541,0,-0.53239,-0.84304,-31.944,-1.686,-1,400.000,-1,375.000,725.000,325.000,325.000,325.000,300.000,-1,-1,-1,-1,675.000,575.000,-1,775.000,2,0,2,0,0,0,0,0,0,2,2,2,2,0,0,2,0
24,3843.270,-8161.939,-395.927,96.487,-0.124393,-0.985333,0.116810,0.987924,-0.112032,0.107026,-0.092370,0.128713,0.987371,0,-0.53461,-0.84029,-32.077,-1.681,-1,400.000,-1,375.000,750.000,325.000,325.000,325.000,300.000,-1,-1,-1,-1,675.000,600.000,-1,775.000,2,0,2,0,0,0,0,0,0,2,2,2,2,0,0,2,0
25,3845.976,-8194.034,-392.704,94.812,-0.095797,-0.988447,0.117457,0.990684,-0.083204,0.107804,-0.096785,0.126690,0.987209,0,-0.53688,-0.83751,-32.213,-1.675,-1,400.000,-1,375.000,775.000,325.000,300.000,325.000,300.000,-1,-1,-1,-1,675.000,600.000,-1,800.000,2,0,2,0,0,0,0,0,0,2,2,2,2,0,0,2,0
26,3847.595,-8221.396,-389.919,93.377,-0.071207,-0.990462,0.117962,0.992391,-0.058438,0.108377,-0.100449,0.124781,0.987086,0,-0.45688,-0.71751,-27.413,-1.435,-1,400.000,-1,375.000,775.000,325.000,300.000,325.000,325.000,-1,-1,-1,-1,675.000,600.000,-1,825.000,2,0,2,0,0,0,0,0,0,2,2,2,2,0,0,2,0
27,3848.459,-8243.990,-387.575,92.182,-0.050689,-0.991670,0.118413,0.993340,-0.037776,0.108853,-0.103473,0.123142,0.986980,0,-0.37688,-0.59751,-22.613,-1.195,-1,400.000,-1,375.000,800.000,325.000,300.000,325.000,325.000,-1,-1,-1,-1,675.000,600.000,-1,825.000,2,0,2,0,0,0,0,0,0,2,2,2,2,0,0,2,0
28,3848.863,-8262.727,-385.599,91.227,-0.034277,-0.992325,0.118815,0.993787,-0.021246,0.109254,-0.105891,0.121822,0.986887,0,-0.31239,-0.47751,-18.743,-0.955,-1,400.000,-1,375.000,800.000,325.000,300.000,325.000,325.000,-1,-1,-1,-1,675.000,600.000,-1,850.000,2,0,2,0,0,0,0,0,0,2,2,2,2,0,0,2,0
29,3849.019,-8281.551,-383.587,90.468,-0.021263,-0.992636,0.119257,0.993933,-0.008113,0.109685,-0.107909,0.120866,0.986786,0,-0.31376,-0.37912,-18.825,-0.758,-1,400.000,-1,375.000,825.000,325.000,300.000,325.000,325.000,-1,-1,-1,-1,700.000,625.000,-1,850.000,2,0,2,0,0,0,0,0,0,2,2,2,2,0,0,2,0
30,3848.926,-8300.457,-381.540,89.713,-0.008302,-0.992774,0.119716,0.993906,0.004967,0.110115,-0.109914,0.119900,0.986683,0,-0.31512,-0.37747,-18.907,-0.755,-1,400.000,-1,375.000,825.000,325.000,300.000,325.000,325.000,-1,-1,-1,-1,700.000,625.000,-1,850.000,2,0,2,0,0,0,0,0,0,2,2,2,2,0,0,2,0
31,3848.584,-8319.442,-379.459,88.962,0.004603,-0.992740,0.120188,0.993708,0.017991,0.110545,-0.111905,0.118923,0.986577,0,-0.31650,-0.37580,-18.990,-0.752,-1,400.000,-1,375.000,850.000,325.000,300.000,325.000,325.000,-1,-1,-1,-1,700.000,625.000,-1,875.000,2,0,2,0,0,0,0,0,0,2,2,2,2,0,0,2,0
32,3847.991,-8338.505,-377.344,88.214,0.017451,-0.992539,0.120674,0.993341,0.030958,0.110973,-0.113880,0.117934,0.986470,0,-0.31789,-0.37412,-19.073,-0.748,-1,400.000,-1,375.000,850.000,325.000,300.000,325.000,325.000,-1,-1,-1,-1,700.000,625.000,-1,875.000,2,0,2,0,0,0,0,0,0,2,2,2,2,0,0,2,0
33,3847.147,-8357.642,-375.195,87.469,0.030239,-0.992171,0.121172,0.992807,0.043863,0.111398,-0.115841,0.116932,0.986361,0,-0.31928,-0.37243,-19.157,-0.745,-1,400.000,-1,375.000,875.000,325.000,300.000,325.000,325.000,-1,-1,-1,-1,700.000,625.000,-1,875.000,2,0,2,0,0,0,0,0,0,2,2,2,2,0,0,2,0
34,3846.051,-8376.851,-373.011,86.727,0.042964,-0.991639,0.121679,0.992109,0.056706,0.111820,-0.117785,0.115915,0.986251,0,-0.32069,-0.37074,-19.241,-0.741,-1,400.000,-1,375.000,875.000,325.000,300.000,325.000,300.000,-1,-1,-1,-1,700.000,625.000,-1,900.000,2,0,2,0,0,0,0,0,0,2,2,2,2,0,0,2,0
35,3844.701,-8396.128,-370.792,85.989,0.055626,-0.990946,0.122196,0.991249,0.069483,0.112237,-0.119712,0.114883,0.986139,0,-0.32210,-0.36903,-19.326,-0.738,-1,400.000,-1,375.000,900.000,300.000,300.000,325.000,300.000,-1,-1,-1,-1,700.000,650.000,-1,900.000,2,0,2,0,0,0,0,0,0,2,2,2,2,0,0,2,0
36,3843.097,-8415.471,-368.539,85.254,0.068220,-0.990094,0.122719,0.990229,0.082193,0.112651,-0.121621,0.113835,0.986027,0,-0.32351,-0.36732,-19.411,-0.735,-1,375.000,-1,375.000,900.000,300.000,300.000,325.000,300.000,-1,-1,-1,-1,700.000,650.000,-1,925.000,2,0,2,0,0,0,0,0,0,2,2,2,2,0,0,2,0
37,3841.239,-8434.877,-366.252,84.523,0.080747,-0.989085,0.123248,0.989052,0.094832,0.113058,-0.123512,0.112770,0.985915,0,-0.32493,-0.36559,-19.496,-0.731,-1,375.000,-1,375.000,925.000,300.000,300.000,325.000,300.000,-1,-1,-1,-1,700.000,650.000,-1,925.000,2,0,2,0,0,0,0,0,0,2,2,2,2,0,0,2,0
38,3839.124,-8454.343,-363.930,83.796,0.093203,-0.987923,0.123781,0.987721,0.107400,0.113460,-0.125384,0.111686,0.985802,0,-0.32635,-0.36386,-19.581,-0.728,-1,375.000,-1,375.000,925.000,300.000,300.000,325.000,300.000,-1,-1,-1,-1,725.000,650.000,-1,925.000,2,0,2,0,0,0,0,0,0,2,2,2,2,0,0,2,0
39,3836.754,-8473.865,-361.575,83.071,0.105588,-0.986610,0.124306,0.986235,0.119894,0.113866,-0.127244,0.110572,0.985689,0,-0.32778,-0.36212,-19.667,-0.724,-1,375.000,-1,375.000,950.000,300.000,300.000,325.000,300.000,-1,-1,-1,-1,725.000,650.000,-1,950.000,2,0,2,0,0,0,0,0,0,2,2,2,2,0,0,2,0
40,3834.127,-8493.441,-359.157,82.351,0.117934,-0.985170,0.124630,0.984606,0.132315,0.114212,-0.129008,0.109242,0.985608,0,-0.32921,-0.36037,-19.752,-0.721,-1,375.000,-1,375.000,950.000,300.000,300.000,325.000,300.000,-1,-1,-1,-1,725.000,650.000,-1,950.000,2,0,2,0,0,0,0,0,0,2,2,2,2,0,0,2,0
41,3831.242,-8513.067,-356.703,81.633,0.130319,-0.983583,0.124827,0.982931,0.144658,0.113666,-0.129857,0.107883,0.985646,0,-0.33064,-0.35862,-19.838,-0.717,-1,375.000,-1,375.000,975.000,300.000,300.000,325.000,300.000,-1,-1,-1,-1,725.000,650.000,-1,975.000,2,0,2,0,0,0,0,0,0,2,2,2,2,0,0,2,0
42,3828.035,-8532.730,-354.405,80.731,0.145863,-0.981306,0.125549,0.980668,0.160153,0.112436,-0.130442,0.106721,0.985695,0,-0.33207,-0.45127,-19.924,-0.903,-1,375.000,-1,375.000,1000.000,300.000,300.000,325.000,300.000,-1,-1,-1,-1,725.000,650.000,-1,1000.000,2,0,2,0,0,0,0,0,0,2,2,2,2,0,0,2,0
43,3824.502,-8552.425,-352.069,79.825,0.161440,-0.978777,0.126224,0.978151,0.175674,0.111175,-0.130989,0.105519,0.985752,0,-0.33349,-0.45304,-20.010,-0.906,-1,375.000,-1,375.000,-1,325.000,300.000,325.000,300.000,-1,-1,-1,-1,750.000,650.000,-1,-1,2,0,2,0,2,0,0,0,0,2,2,2,2,0,0,2,2
44,3821.215,-8569.595,-349.998,79.159,0.172869,-0.976749,0.126796,0.976162,0.187056,0.110084,-0.131242,0.104744,0.985801,0,-0.29137,-0.33304,-17.482,-0.666,-1,400.000,-1,375.000,-1,325.000,300.000,350.000,300.000,-1,-1,-1,-1,750.000,650.000,-1,-1,2,0,2,0,2,0,0,0,0,2,2,2,2,0,0,2,2
45,3817.785,-8586.812,-347.860,78.733,0.180166,-0.975343,0.127462,0.974870,0.194316,0.108944,-0.131026,0.104631,0.985842,0,-0.29260,-0.21304,-17.556,-0.426,-1,400.000,-1,375.000,-1,325.000,325.000,350.000,300.000,-1,-1,-1,-1,750.000,675.000,-1,-1,2,0,2,0,2,0,0,0,0,2,2,2,2,0,0,2,2
46,3814.284,-8604.092,-345.839,78.546,0.183486,-0.974721,0.127485,0.974393,0.197486,0.107510,-0.129969,0.104494,0.985997,0,-0.29384,-0.09304,-17.631,-0.186,-1,400.000,-1,375.000,-1,325.000,325.000,350.000,300.000,-1,-1,-1,-1,775.000,675.000,-1,-1,2,0,2,0,2,0,0,0,0,2,2,2,2,0,0,2,2
47,3810.784,-8621.449,-343.933,78.600,0.182826,-0.974919,0.126915,0.974764,0.196571,0.105807,-0.128101,0.104367,0.986254,0,-0.29510,0.02696,-17.706,0.054,-1,400.000,-1,375.000,-1,325.000,325.000,325.000,300.000,-1,-1,-1,-1,775.000,675.000,-1,-1,2,0,2,0,2,0,0,0,0,2,2,2,2,0,0,2,2
48,3807.357,-8638.899,-342.049,78.894,0.178076,-0.975886,0.126234,0.975935,0.191562,0.104189,-0.125859,0.104642,0.986514,0,-0.29637,0.14696,-17.782,0.294,-1,400.000,-1,375.000,-1,325.000,325.000,325.000,300.000,-1,-1,-1,-1,775.000,700.000,-1,-1,2,0,2,0,2,0,0,0,0,2,2,2,2,0,0,2,2
49,3804.079,-8656.457,-340.209,79.428,0.169225,-0.977566,0.125414,0.977837,0.182448,0.102706,-0.123283,0.105254,0.986774,0,-0.29767,0.26696,-17.860,0.534,-1,400.000,-1,400.000,-1,325.000,325.000,325.000,300.000,-1,-1,-1,-1,800.000,700.000,-1,-1,2,0,2,0,2,0,0,0,0,2,2,2,2,0,0,2,2
50,3800.950,-8674.122,-338.373,79.961,0.160383,-0.979155,0.124631,0.979649,0.173345,0.101195,-0.120690,0.105864,0.987029,0,-0.29898,0.26621,-17.939,0.532,-1,400.000,-1,400.000,-1,325.000,325.000,325.000,300.000,-1,-1,-1,-1,800.000,725.000,-1,-1,2,0,2,0,2,0,0,0,0,2,2,2,2,0,0,2,2
51,3797.972,-8691.892,-336.544,80.490,0.151582,-0.980651,0.123885,0.981366,0.164282,0.099658,-0.118081,0.106470,0.987280,0,-0.30029,0.26462,-18.017,0.529,-1,400.000,-1,400.000,-1,325.000,325.000,325.000,300.000,-1,-1,-1,-1,800.000,725.000,-1,-1,2,0,2,0,2,0,0,0,0,2,2,2,2,0,0,2,2
52,3795.914,-8704.949,-335.221,81.050,0.142165,-0.982132,0.123313,0.983038,0.154670,0.098555,-0.115866,0.107210,0.987462,0,-0.22029,0.28022,-13.217,0.560,-1,400.000,-1,400.000,-1,325.000,325.000,325.000,300.000,-1,-1,-1,-1,825.000,725.000,-1,-1,2,0,2,0,2,0,0,0,0,2,2,2,2,0,0,2,2
53,3794.684,-8713.277,-334.394,81.608,0.132708,-0.983505,0.122908,0.984565,0.145084,0.097886,-0.114103,0.108021,0.987579,0,-0.14029,0.27904,-8.417,0.558,-1,400.000,-1,400.000,-1,325.000,325.000,325.000,300.000,-1,-1,-1,-1,825.000,725.000,-1,-1,2,0,2,0,2,0,0,0,0,2,2,2,2,0,0,2,2
54,3794.189,-8716.862,-334.054,82.165,0.123199,-0.984773,0.122652,0.985951,0.135510,0.097659,-0.112792,0.108897,0.987633,0,-0.06029,0.27830,-3.617,0.557,-1,400.000,-1,400.000,-1,325.000,325.000,325.000,300.000,-1,-1,-1,-1,825.000,725.000,-1,-1,2,0,2,0,2,0,0,0,0,2,2,2,2,0,0,2,2
55,3794.337,-8715.689,-334.192,82.721,0.113626,-0.985939,0.122527,0.987198,0.125935,0.097879,-0.111933,0.109837,0.987627,0,0.01971,0.27797,1.183,0.556,-1,400.000,-1,400.000,-1,325.000,325.000,325.000,300.000,-1,-1,-1,-1,825.000,725.000,-1,-1,2,0,2,0,2,0,0,0,0,2,2,2,2,0,0,2,2
56,3795.011,-8709.745,-334.806,83.517,0.099847,-0.987440,0.122447,0.988781,0.112210,0.098597,-0.111098,0.111229,0.987565,0,0.09971,0.39797,5.983,0.796,-1,400.000,-1,400.000,-1,325.000,325.000,325.000,300.000,-1,-1,-1,-1,825.000,725.000,-1,-1,2,0,2,0,2,0,0,0,0,2,2,2,2,0,0,2,2
57,3796.073,-8699.016,-335.872,84.334,0.085625,-0.988774,0.122449,0.990162,0.098101,0.099775,-0.110667,0.112702,0.987447,0,0.17971,0.40853,10.783,0.817,-1,400.000,-1,400.000,-1,325.000,325.000,325.000,300.000,-1,-1,-1,-1,825.000,725.000,-1,-1,2,0,2,0,2,0,0,0,0,2,2,2,2,0,0,2,2
58,3797.389,-8683.490,-337.377,85.149,0.071358,-0.989898,0.122516,0.991291,0.084009,0.101413,-0.110681,0.114213,0.987272,0,0.25971,0.40757,15.583,0.815,-1,400.000,-1,400.000,-1,325.000,325.000,325.000,300.000,-1,-1,-1,-1,800.000,725.000,-1,-1,2,0,2,0,2,0,0,0,0,2,2,2,2,0,0,2,2
59,3798.823,-8663.158,-339.306,85.961,0.057064,-0.990811,0.122625,0.992165,0.069953,0.103514,-0.111141,0.115757,0.987040,0,0.33971,0.40619,20.383,0.812,-1,400.000,-1,400.000,-1,325.000,325.000,325.000,300.000,-1,-1,-1,-1,800.000,700.000,-1,-1,2,0,2,0,2,0,0,0,0,2,2,2,2,0,0,2,2
60,3800.239,-8638.016,-341.645,86.770,0.042763,-0.991516,0.122752,0.992782,0.055951,0.106080,-0.112048,0.117330,0.986752,0,0.41971,0.40438,25.183,0.809,-1,400.000,-1,375.000,-1,325.000,325.000,325.000,300.000,-1,-1,-1,-1,800.000,700.000,-1,-1,2,0,2,0,2,0,0,0,0,2,2,2,2,0,0,2,2
61,3801.507,-8608.061,-344.379,87.575,0.028472,-0.992014,0.122875,0.993141,0.042019,0.109112,-0.113404,0.118925,0.986406,0,0.49971,0.40215,29.983,0.804,-1,400.000,-1,375.000,-1,325.000,325.000,325.000,300.000,-1,-1,-1,-1,775.000,675.000,-1,-1,2,0,2,0,2,0,0,0,0,2,2,2,2,0,0,2,2
62,3802.492,-8573.292,-347.496,88.374,0.014208,-0.992309,0.122967,0.993240,0.028176,0.112611,-0.115210,0.120536,0.986001,0,0.57971,0.39949,34.783,0.799,-1,375.000,-1,375.000,-1,325.000,300.000,325.000,300.000,-1,-1,-1,-1,750.000,675.000,-1,-1,2,0,2,0,2,0,0,0,0,2,2,2,2,0,0,2,2
63,3803.038,-8535.705,-350.861,89.166,0.000065,-0.992436,0.122761,0.993120,0.014441,0.116212,-0.117105,0.121909,0.985609,0,0.62652,0.39641,37.591,0.793,-1,375.000,-1,375.000,975.000,300.000,300.000,325.000,300.000,-1,-1,-1,-1,750.000,650.000,-1,1000.000,2,0,2,0,0,0,0,0,0,2,2,2,2,0,0,2,0
64,3803.067,-8497.952,-355.021,89.953,-0.013399,-0.992453,0.121895,0.993264,0.000822,0.115874,-0.115099,0.122627,0.985756,0,0.62925,0.39309,37.755,0.786,-1,375.000,-1,375.000,950.000,300.000,300.000,325.000,300.000,-1,-1,-1,-1,725.000,650.000,-1,975.000,2,0,2,0,0,0,0,0,0,2,2,2,2,0,0,2,0
65,3802.581,-8460.037,-359.080,90.732,-0.026661,-0.992306,0.120905,0.993289,-0.012680,0.114965,-0.112547,0.123159,0.985984,0,0.63199,0.38976,37.919,0.780,-1,375.000,-1,375.000,925.000,300.000,300.000,325.000,300.000,-1,-1,-1,-1,725.000,650.000,-1,950.000,2,0,2,0,0,0,0,0,0,2,2,2,2,0,0,2,0
66,3801.579,-8421.968,-363.102,91.505,-0.039802,-0.991984,0.119933,0.993134,-0.026061,0.114039,-0.109999,0.123649,0.986210,0,0.63473,0.38642,38.084,0.773,-1,400.000,-1,375.000,925.000,325.000,300.000,325.000,325.000,-1,-1,-1,-1,725.000,650.000,-1,950.000,2,0,2,0,0,0,0,0,0,2,2,2,2,0,0,2,0
67,3799.693,-8379.127,-367.548,92.518,-0.057059,-0.991270,0.118862,0.992638,-0.043587,0.113009,-0.106841,0.124435,0.986459,0,0.71473,0.50642,42.884,1.013,-1,400.000,-1,375.000,900.000,325.000,300.000,325.000,325.000,-1,-1,-1,-1,725.000,650.000,-1,925.000,2,0,2,0,0,0,0,0,0,2,2,2,2,0,0,2,0
68,3796.555,-8331.549,-372.379,93.771,-0.078416,-0.989946,0.117723,0.991578,-0.065241,0.111874,-0.103068,0.125504,0.986725,0,0.79473,0.62642,47.684,1.253,-1,400.000,-1,375.000,875.000,325.000,300.000,325.000,325.000,-1,-1,-1,-1,700.000,625.000,-1,900.000,2,0,2,0,0,0,0,0,0,2,2,2,2,0,0,2,0
69,3791.838,-8279.280,-377.562,95.152,-0.101936,-0.987940,0.116552,0.989862,-0.089083,0.110626,-0.098909,0.126647,0.987004,0,0.87473,0.69094,52.484,1.382,-1,400.000,-1,375.000,850.000,325.000,300.000,325.000,325.000,-1,-1,-1,-1,700.000,625.000,-1,875.000,2,0,2,0,0,0,0,0,0,2,2,2,2,0,0,2,0
70,3785.326,-8222.370,-383.077,96.525,-0.125223,-0.985397,0.115376,0.987602,-0.112710,0.109261,-0.094662,0.127628,0.987294,0,0.95473,0.68636,57.284,1.373,-1,400.000,-1,375.000,825.000,325.000,325.000,325.000,325.000,-1,-1,-1,-1,675.000,600.000,-1,850.000,2,0,2,0,0,0,0,0,0,2,2,2,2,0,0,2,0
71,3777.320,-8164.608,-388.545,97.888,-0.148278,-0.982317,0.114310,0.984802,-0.136097,0.107900,-0.090435,0.128572,0.987568,0,0.97195,0.68138,58.317,1.363,-1,400.000,-1,375.000,775.000,325.000,325.000,325.000,300.000,-1,-1,-1,-1,675.000,600.000,-1,800.000,2,0,2,0,0,0,0,0,0,2,2,2,2,0,0,2,0
72,3767.914,-8106.809,-393.891,99.241,-0.171092,-0.978709,0.113384,0.981472,-0.159228,0.106583,-0.086259,0.129519,0.987818,0,0.97602,0.67633,58.561,1.353,-1,400.000,-1,350.000,750.000,325.000,300.000,325.000,300.000,-1,-1,-1,-1,675.000,575.000,-1,775.000,2,0,2,0,0,0,0,0,0,2,2,2,2,0,0,2,0
73,3757.112,-8049.009,-399.116,100.583,-0.193658,-0.974585,0.112612,0.977624,-0.182091,0.105329,-0.082146,0.130490,0.988041,0,0.98006,0.67127,58.804,1.343,-1,375.000,-1,350.000,700.000,325.000,300.000,325.000,300.000,-1,-1,-1,-1,650.000,575.000,-1,750.000,2,0,2,0,0,0,0,0,0,2,2,2,2,0,0,2,0
74,3744.918,-7991.240,-404.219,101.916,-0.215966,-0.969955,0.112005,0.973272,-0.204677,0.104159,-0.078105,0.131506,0.988234,0,0.98407,0.66622,59.044,1.332,-1,375.000,-1,350.000,675.000,300.000,300.000,325.000,300.000,-1,-1,-1,-1,650.000,550.000,-1,700.000,2,0,2,0,0,0,0,0,0,2,2,2,2,0,0,2,0
75,3731.341,-7933.536,-409.123,103.238,-0.238013,-0.964870,0.111245,0.968410,-0.226982,0.103252,-0.074374,0.132306,0.988415,0,0.98805,0.66117,59.283,1.322,-1,375.000,-1,325.000,625.000,300.000,300.000,325.000,300.000,-1,-1,-1,-1,625.000,550.000,-1,675.000,2,0,2,0,0,0,0,0,0,2,2,2,2,0,0,2,0
76,3716.424,-7876.077,-412.668,104.557,-0.259462,-0.959841,0.106700,0.963244,-0.249245,0.100188,-0.069570,0.128773,0.989231,0,0.98944,0.65939,59.366,1.319,-1,350.000,-1,325.000,650.000,300.000,300.000,325.000,300.000,-1,-1,-1,-1,625.000,550.000,-1,700.000,2,0,2,0,0,0,0,0,0,2,2,2,2,0,0,2,0
77,3700.189,-7818.976,-415.749,105.875,-0.280661,-0.954414,0.101609,0.957685,-0.271430,0.095738,-0.063794,0.124179,0.990207,0,0.98944,0.65939,59.366,1.319,-1,350.000,-1,325.000,675.000,300.000,300.000,300.000,300.000,-1,675.000,-1,-1,625.000,550.000,1000.000,675.000,2,0,2,0,0,0,0,0,0,2,0,2,2,0,0,0,0
78,3682.643,-7762.265,-418.408,107.194,-0.301823,-0.948295,0.098184,0.951619,-0.293442,0.091172,-0.057646,0.120951,0.990983,0,0.98944,0.65939,59.366,1.319,-1,350.000,-1,350.000,650.000,300.000,300.000,300.000,325.000,-1,600.000,-1,-1,625.000,575.000,975.000,675.000,2,0,2,0,0,0,0,0,0,2,0,2,2,0,0,0,0
79,3663.777,-7705.927,-420.330,108.513,-0.322810,-0.941354,0.098215,0.945169,-0.315203,0.085456,-0.049486,0.120415,0.991489,0,0.99027,0.65916,59.416,1.318,-1,350.000,-1,350.000,650.000,300.000,300.000,300.000,300.000,-1,475.000,750.000,-1,625.000,575.000,975.000,650.000,2,0,2,0,0,0,0,0,0,2,0,0,2,0,0,0,0
80,3643.542,-7649.815,-422.159,109.828,-0.343616,-0.933910,0.098687,0.938198,-0.336752,0.079893,-0.041380,0.120041,0.991906,0,0.99419,0.65791,59.651,1.316,-1,375.000,-1,350.000,625.000,300.000,300.000,300.000,300.000,-1,425.000,625.000,-1,650.000,550.000,975.000,650.000,2,0,2,0,0,0,0,0,0,2,0,0,2,0,0,0,0
81,3621.944,-7593.968,-423.901,111.141,-0.364217,-0.925971,0.099615,0.930717,-0.358068,0.074517,-0.033331,0.119854,0.992232,0,0.99801,0.65640,59.880,1.313,-1,375.000,-1,350.000,600.000,300.000,300.000,325.000,300.000,-1,375.000,550.000,-1,650.000,550.000,975.000,625.000,2,0,2,0,0,0,0,0,0,2,0,0,2,0,0,0,0
82,3599.029,-7538.519,-425.554,112.450,-0.384589,-0.917545,0.101006,0.922739,-0.379130,0.069371,-0.025357,0.119881,0.992464,0,1.00000,0.65462,60.000,1.309,-1,375.000,-1,350.000,600.000,300.000,300.000,325.000,300.000,-1,325.000,500.000,-1,625.000,550.000,975.000,625.000,2,0,2,0,0,0,0,0,0,2,0,0,2,0,0,0,0
83,3574.858,-7483.606,-427.120,113.756,-0.404708,-0.908642,0.102862,0.914279,-0.399917,0.064499,-0.017471,0.120148,0.992602,0,1.00000,0.65257,60.000,1.305,-1,375.000,-1,350.000,575.000,300.000,300.000,325.000,275.000,-1,275.000,425.000,-1,625.000,525.000,975.000,600.000,2,0,2,0,0,0,0,0,0,2,0,0,2,0,0,0,0
84,3549.445,-7429.255,-428.603,115.056,-0.424550,-0.899274,0.105184,0.905353,-0.420410,0.059934,-0.009677,0.120673,0.992645,0,1.00000,0.65024,60.000,1.300,-1,375.000,-1,350.000,525.000,300.000,300.000,325.000,275.000,-1,225.000,325.000,-1,625.000,525.000,975.000,575.000,2,0,2,0,0,0,0,0,0,2,0,0,2,0,0,0,0
85,3522.811,-7375.493,-429.930,116.351,-0.444065,-0.889484,0.107821,0.895993,-0.440601,0.055384,-0.001757,0.121201,0.992626,0,1.00000,0.64762,60.000,1.295,-1,375.000,-1,325.000,500.000,300.000,300.000,325.000,275.000,-1,200.000,275.000,-1,625.000,500.000,1000.000,525.000,2,0,2,0,0,0,0,0,0,2,0,0,2,0,0,0,0
86,3494.980,-7322.341,-429.952,117.641,-0.463512,-0.879729,0.105990,0.886082,-0.460707,0.051062,0.003910,0.117584,0.993055,0,1.00000,0.64471,60.000,1.289,-1,375.000,-1,325.000,500.000,300.000,275.000,325.000,275.000,-1,225.000,300.000,-1,600.000,500.000,975.000,500.000,2,0,2,0,0,0,0,0,0,2,0,0,2,0,0,0,0
87,3465.968,-7269.823,-429.097,118.924,-0.482571,-0.869821,0.102645,0.875792,-0.480637,0.044454,0.010668,0.111348,0.993724,0,1.00000,0.64151,60.000,1.283,-1,375.000,-1,325.000,500.000,300.000,275.000,325.000,275.000,-1,250.000,325.000,-1,600.000,500.000,950.000,500.000,2,0,2,0,0,0,0,0,0,2,0,0,2,0,0,0,0
88,3435.797,-7217.963,-427.234,120.200,-0.501135,-0.859770,0.098283,0.865136,-0.500393,0.033854,0.020074,0.101993,0.994583,0,1.00000,0.63801,60.000,1.276,-1,375.000,-1,325.000,525.000,300.000,275.000,300.000,300.000,1000.000,250.000,325.000,-1,600.000,500.000,950.000,550.000,2,0,2,0,0,0,0,0,0,0,0,0,2,0,0,0,0
89,3404.484,-7166.783,-425.283,121.468,-0.519456,-0.849243,0.094611,0.853991,-0.519768,0.023268,0.029415,0.092884,0.995242,0,1.00000,0.63420,60.000,1.268,-1,350.000,-1,325.000,575.000,300.000,275.000,300.000,300.000,900.000,250.000,350.000,-1,600.000,525.000,950.000,600.000,2,0,2,0,0,0,0,0,0,0,0,0,2,0,0,0,0
90,3372.051,-7116.304,-423.043,122.728,-0.537538,-0.838210,0.091964,0.842382,-0.538706,0.013735,0.038029,0.084852,0.995668,0,1.00000,0.63009,60.000,1.260,-1,350.000,-1,325.000,550.000,300.000,275.000,300.000,300.000,825.000,275.000,350.000,-1,600.000,525.000,975.000,600.000,2,0,2,0,1,0,0,0,0,0,0,0,2,0,0,0,1
91,3338.521,-7066.548,-420.023,123.980,-0.555359,-0.826584,0.091300,0.830405,-0.557111,0.007379,0.044764,0.079914,0.995796,0,1.00000,0.62567,60.000,1.251,-1,350.000,-1,325.000,525.000,300.000,275.000,275.000,300.000,800.000,300.000,400.000,-1,600.000,550.000,-1,550.000,2,0,2,0,1,0,0,0,0,0,0,0,2,0,1,2,1
92,3303.920,-7017.531,-416.852,125.222,-0.572754,-0.814592,0.091612,0.818089,-0.575090,0.001096,0.051792,0.075575,0.995794,0,1.00000,0.62095,60.000,1.242,-1,350.000,-1,325.000,475.000,300.000,275.000,275.000,300.000,775.000,325.000,425.000,-1,600.000,525.000,-1,525.000,2,0,2,0,1,0,0,0,0,0,0,0,2,0,1,2,1
93,3268.270,-6969.270,-413.147,126.453,-0.589507,-0.802170,0.094894,0.805506,-0.592566,-0.005131,0.060347,0.073413,0.995474,0,1.00000,0.61594,60.000,1.232,-1,350.000,-1,325.000,450.000,300.000,275.000,300.000,300.000,775.000,350.000,425.000,-1,600.000,525.000,-1,475.000,2,0,2,0,1,0,0,0,0,0,0,0,2,0,1,2,1
94,3231.597,-6921.781,-408.920,127.675,-0.605554,-0.789358,0.101086,0.792685,-0.609530,-0.011112,0.070386,0.073401,0.994816,0,1.00000,0.61066,60.000,1.221,-1,350.000,-1,350.000,400.000,300.000,300.000,300.000,300.000,750.000,250.000,350.000,-1,625.000,525.000,-1,450.000,2,0,2,0,1,0,0,0,0,0,0,0,2,0,0,2,1
95,3193.930,-6875.077,-404.480,128.885,-0.621204,-0.776336,0.106809,0.779573,-0.626089,-0.016683,0.079823,0.072902,0.994140,0,1.00000,0.60512,60.000,1.210,-1,375.000,-1,350.000,375.000,300.000,300.000,300.000,275.000,750.000,200.000,300.000,-1,650.000,525.000,-1,450.000,2,0,2,0,1,0,0,0,0,0,0,0,2,0,0,2,1
96,3155.294,-6829.170,-399.866,130.084,-0.636445,-0.763115,0.112218,0.766197,-0.642233,-0.021879,0.088766,0.072056,0.993443,0,1.00000,0.59936,60.000,1.199,-1,375.000,-1,350.000,350.000,300.000,300.000,300.000,275.000,750.000,175.000,250.000,-1,675.000,525.000,-1,475.000,2,0,2,0,1,0,0,0,0,0,0,0,2,0,0,2,1
97,3118.703,-6787.840,-394.991,131.522,-0.654963,-0.746933,0.114519,0.749612,-0.661353,-0.026358,0.095425,0.068581,0.993071,0,0.92000,0.71936,55.200,1.439,-1,375.000,-1,350.000,350.000,300.000,300.000,300.000,275.000,750.000,175.000,250.000,-1,-1,525.000,-1,550.000,2,0,2,0,1,0,0,0,0,0,0,0,2,2,0,2,0
98,3084.206,-6751.097,-389.757,133.201,-0.676642,-0.727549,0.113263,0.729560,-0.683242,-0.030382,0.099490,0.062074,0.993100,0,0.84000,0.83936,50.400,1.679,-1,375.000,-1,350.000,375.000,300.000,300.000,300.000,275.000,750.000,225.000,300.000,-1,-1,525.000,-1,550.000,2,0,2,0,1,0,0,0,0,0,0,0,2,2,0,2,0
99,3051.940,-6718.875,-384.982,135.045,-0.699816,-0.705454,0.112215,0.706830,-0.706571,-0.033884,0.103191,0.055605,0.993106,0,0.76000,0.92208,45.600,1.844,-1,375.000,-1,350.000,500.000,300.000,300.000,300.000,275.000,775.000,250.000,350.000,-1,-1,525.000,-1,550.000,2,0,2,0,0,0,0,0,0,0,0,0,2,2,0,2,0
100,3022.163,-6690.984,-380.680,136.880,-0.722164,-0.682688,0.111430,0.683483,-0.729032,-0.036919,0.106440,0.049499,0.993086,0,0.68000,0.91745,40.800,1.835,-1,375.000,-1,350.000,500.000,300.000,300.000,300.000,275.000,775.000,275.000,400.000,-1,-1,525.000,-1,550.000,2,0,2,0,0,0,0,0,0,0,0,0,2,2,0,2,0
101,2995.115,-6667.227,-376.632,138.713,-0.743740,-0.659224,0.110789,0.659366,-0.750725,-0.040604,0.109939,0.042851,0.993014,0,0.60000,0.91643,36.000,1.833,-1,375.000,-1,350.000,500.000,300.000,300.000,300.000,275.000,775.000,300.000,425.000,-1,-1,525.000,-1,575.000,2,0,2,0,0,0,0,0,0,0,0,0,2,2,0,2,0
102,2971.027,-6647.396,-373.094,140.545,-0.764544,-0.635054,0.110357,0.634593,-0.771603,-0.043817,0.112978,0.036532,0.992926,0,0.52000,0.91572,31.200,1.831,-1,375.000,-1,350.000,500.000,300.000,300.000,300.000,275.000,775.000,325.000,475.000,-1,-1,550.000,-1,600.000,2,0,2,0,0,0,0,0,0,0,0,0,2,2,0,2,0
103,2950.120,-6631.277,-370.084,142.375,-0.784559,-0.610205,0.110079,0.609192,-0.791655,-0.046553,0.115552,0.030536,0.992832,0,0.44000,0.91527,26.400,1.831,-1,375.000,-1,350.000,525.000,300.000,300.000,300.000,275.000,775.000,350.000,500.000,-1,-1,550.000,-1,625.000,2,0,2,0,0,0,0,0,1,0,0,0,2,2,0,2,0
104,2932.601,-6618.640,-367.575,144.205,-0.803765,-0.584707,0.109909,0.583172,-0.810868,-0.049020,0.117784,0.024695,0.992732,0,0.36000,0.91501,21.600,1.830,-1,-1,-1,350.000,550.000,300.000,300.000,300.000,250.000,775.000,375.000,525.000,-1,-1,550.000,-1,650.000,2,2,2,0,0,0,0,0,1,0,0,0,2,2,0,2,0
105,2918.669,-6609.252,-365.520,146.035,-0.822140,-0.558590,0.109831,0.556526,-0.829232,-0.051512,0.119850,0.018774,0.992615,0,0.28000,0.91489,16.800,1.830,-1,-1,-1,350.000,575.000,300.000,300.000,300.000,250.000,775.000,400.000,550.000,-1,-1,575.000,-1,675.000,2,2,2,0,0,0,0,0,1,0,0,0,2,2,0,2,0
106,2908.509,-6602.867,-364.111,147.865,-0.839681,-0.531874,0.109753,0.529376,-0.846717,-0.053202,0.121227,0.013428,0.992534,0,0.20000,0.91488,12.000,1.830,-1,-1,-1,350.000,600.000,325.000,300.000,300.000,250.000,775.000,425.000,575.000,-1,-1,575.000,-1,725.000,2,2,2,0,0,0,0,0,1,0,0,0,2,2,0,2,0
107,2902.293,-6599.233,-363.347,149.694,-0.856373,-0.504593,0.109599,0.501750,-0.863315,-0.054173,0.121954,0.008599,0.992499,0,0.12000,0.91491,7.200,1.830,-1,-1,-1,350.000,600.000,325.000,300.000,275.000,250.000,775.000,450.000,600.000,-1,-1,575.000,-1,-1,2,2,2,0,0,0,0,0,1,0,0,0,2,2,0,2,2
108,2900.184,-6598.088,-363.226,151.524,-0.872200,-0.476781,0.109306,0.473674,-0.879012,-0.054507,0.122069,0.004234,0.992513,0,0.04000,0.91496,2.400,1.830,-1,-1,-1,350.000,625.000,300.000,300.000,275.000,250.000,775.000,500.000,625.000,-1,-1,-1,-1,-1,2,2,2,0,0,0,0,0,1,0,0,0,2,2,2,2,2
109,2902.330,-6599.163,-363.671,153.354,-0.887139,-0.448472,0.108891,0.445131,-0.893797,-0.054639,0.121830,-0.000002,0.992551,0,-0.04000,0.91498,-2.400,1.830,-1,-1,-1,350.000,650.000,300.000,300.000,275.000,250.000,800.000,525.000,650.000,-1,-1,-1,-1,-1,2,2,2,0,0,0,0,0,1,0,0,0,2,2,2,2,2
110,2908.865,-6602.184,-364.608,155.184,-0.901166,-0.419698,0.108416,0.416107,-0.907653,-0.054960,0.121471,-0.004415,0.992585,0,-0.12000,0.91495,-7.200,1.830,-1,-1,-1,350.000,675.000,300.000,300.000,275.000,250.000,800.000,550.000,675.000,-1,-1,-1,-1,-1,2,2,2,0,0,0,0,0,1,0,0,0,2,2,2,2,2
111,2911.071,-6603.131,-364.977,156.774,-0.912574,-0.394343,0.108176,0.390506,-0.918925,-0.055525,0.121302,-0.008427,0.992580,0,-0.04000,0.79495,-2.400,1.590,-1,-1,-1,375.000,700.000,300.000,300.000,275.000,250.000,800.000,575.000,700.000,-1,-1,-1,-1,-1,2,2,2,0,0,0,0,0,1,0,0,0,2,2,2,2,2
112,2908.844,-6602.236,-364.772,158.124,-0.921677,-0.372572,0.108176,0.368494,-0.927926,-0.056269,0.121344,-0.012000,0.992538,0,0.04000,0.67495,2.400,1.350,-1,-1,-1,375.000,725.000,300.000,300.000,275.000,250.000,800.000,575.000,700.000,950.000,-1,-1,-1,-1,2,2,2,0,0,0,0,0,1,0,0,0,1,2,2,2,2
113,2902.111,-6599.683,-363.988,159.234,-0.928745,-0.354513,0.108413,0.350203,-0.934929,-0.057145,0.121617,-0.015107,0.992462,0,0.12000,0.55495,7.200,1.110,-1,-1,-1,375.000,-1,300.000,300.000,275.000,250.000,825.000,600.000,725.000,875.000,-1,-1,-1,-1,2,2,2,0,2,0,0,0,1,0,0,0,1,2,2,2,2
114,2890.827,-6595.599,-362.624,160.104,-0.934005,-0.340264,0.108878,0.335732,-0.940163,-0.058118,0.122139,-0.017729,0.992355,0,0.20000,0.43495,12.000,0.870,-1,-1,-1,375.000,-1,325.000,300.000,275.000,250.000,825.000,600.000,750.000,800.000,-1,-1,-1,-1,2,2,2,0,2,1,0,0,1,0,0,0,1,2,2,2,2
115,2874.968,-6590.056,-360.679,160.734,-0.937639,-0.329894,0.109561,0.325151,-0.943809,-0.059169,0.122924,-0.019855,0.992217,0,0.28000,0.31495,16.800,0.630,-1,-1,-1,375.000,-1,-1,325.000,275.000,250.000,825.000,625.000,750.000,750.000,-1,-1,-1,-1,2,2,2,0,2,2,0,0,1,0,0,0,1,2,2,2,2
116,2854.520,-6583.094,-358.156,161.197,-0.940195,-0.322233,0.110453,0.317277,-0.946412,-0.060324,0.123972,-0.021672,0.992049,0,0.36000,0.23184,21.600,0.464,-1,-1,-1,375.000,-1,-1,325.000,275.000,275.000,825.000,625.000,750.000,700.000,-1,-1,-1,-1,2,2,2,0,2,2,1,0,1,0,0,0,1,2,2,2,2
117,2829.426,-6574.893,-355.087,161.901,-0.943980,-0.310568,0.111578,0.305330,-0.950243,-0.061739,0.125200,-0.024213,0.991836,0,0.44000,0.35184,26.400,0.704,-1,-1,-1,-1,-1,-1,-1,275.000,275.000,825.000,650.000,725.000,650.000,-1,-1,-1,-1,2,2,2,2,2,2,2,0,0,0,0,0,1,2,2,2,2
118,2799.651,-6565.570,-351.458,162.614,-0.947643,-0.298696,0.112934,0.293148,-0.953970,-0.063286,0.126639,-0.026866,0.991585,0,0.52000,0.35657,31.200,0.713,-1,-1,-1,-1,-1,-1,-1,275.000,275.000,825.000,650.000,700.000,600.000,-1,-1,-1,-1,2,2,2,2,2,2,2,0,0,0,0,0,1,2,2,2,2
119,2765.163,-6555.243,-347.179,163.330,-0.951121,-0.286734,0.114684,0.280792,-0.957542,-0.065340,0.128550,-0.029944,0.991251,0,0.60000,0.35777,36.000,0.716,-1,-1,-1,-1,-1,-1,-1,275.000,275.000,825.000,675.000,650.000,550.000,-1,-1,-1,-1,2,2,2,2,2,2,2,0,0,0,0,0,1,2,2,2,2
120,2725.950,-6543.972,-342.238,163.964,-0.954003,-0.276094,0.116838,0.269677,-0.960555,-0.067879,0.130971,-0.033248,0.990829,0,0.68000,0.31696,40.800,0.634,-1,-1,-1,-1,-1,-1,-1,275.000,275.000,825.000,675.000,625.000,525.000,-1,-1,-1,-1,2,2,2,2,2,2,2,0,0,0,0,0,1,2,2,2,2
121,2681.988,-6531.860,-336.330,164.596,-0.956814,-0.265462,0.118477,0.258813,-0.963485,-0.068647,0.132374,-0.035019,0.990581,0,0.76000,0.31613,45.600,0.632,-1,-1,-1,-1,-1,-1,-1,275.000,275.000,825.000,625.000,575.000,500.000,-1,-1,-1,-1,2,2,2,2,2,2,2,0,0,0,0,0,1,2,2,2,2
122,2635.374,-6519.580,-337.026,165.226,-0.962837,-0.254461,0.090525,0.246471,-0.964891,-0.090763,0.110442,-0.065078,0.991750,0,0.80350,0.31519,48.210,0.630,-1,-1,-1,-1,-1,-1,-1,225.000,275.000,725.000,-1,-1,550.000,-1,-1,-1,-1,2,2,2,2,2,2,2,0,0,0,2,2,1,2,2,2,2
123,2588.423,-6507.777,-338.106,165.855,-0.968022,-0.243241,0.061381,0.235243,-0.965142,-0.114719,0.087146,-0.096611,0.991500,0,0.80696,0.31413,48.418,0.628,-1,-1,-1,-1,-1,-1,-1,175.000,300.000,625.000,-1,-1,600.000,-1,-1,-1,-1,2,2,2,2,2,2,2,0,0,0,2,2,1,2,2,2,2
124,-7543.216,-1639.830,368.438,6.224,0.992352,-0.108389,-0.059077,0.109600,0.993819,0.017653,0.056798,-0.023993,0.998097,1,0.00000,0.00000,48.625,0.626,-1,400.000,-1,400.000,-1,325.000,325.000,300.000,275.000,-1,-1,-1,-1,775.000,925.000,-1,-1,2,0,2,0,2,0,0,0,0,2,2,2,2,0,0,2,2
125,-7538.445,-1639.308,368.714,6.238,0.992330,-0.108620,-0.059010,0.109828,0.993795,0.017615,0.056730,-0.023960,0.998102,0,0.08000,0.00665,4.800,0.013,-1,400.000,-1,400.000,-1,325.000,325.000,300.000,275.000,-1,-1,-1,-1,775.000,925.000,-1,-1,2,0,2,0,2,0,0,0,0,2,2,2,2,0,0,2,2
126,-7528.902,-1638.263,369.267,6.252,0.992311,-0.108865,-0.058877,0.110066,0.993770,0.017537,0.056601,-0.023883,0.998111,0,0.16000,0.00707,9.600,0.014,-1,400.000,-1,400.000,-1,325.000,325.000,300.000,275.000,-1,-1,-1,-1,775.000,925.000,-1,-1,2,0,2,0,2,0,0,0,0,2,2,2,2,0,0,2,2
127,-7514.588,-1636.691,370.096,6.267,0.992293,-0.109140,-0.058679,0.110329,0.993742,0.017420,0.056411,-0.023759,0.998125,0,0.24000,0.00790,14.400,0.016,-1,400.000,-1,425.000,-1,325.000,325.000,300.000,275.000,-1,-1,-1,-1,775.000,925.000,-1,-1,2,0,2,0,2,0,0,0,0,2,2,2,2,0,0,2,2
128,-7495.503,-1634.589,371.202,6.286,0.992273,-0.109457,-0.058419,0.110632,0.993712,0.017259,0.056163,-0.023588,0.998143,0,0.32000,0.00915,19.200,0.018,-1,400.000,-1,425.000,-1,325.000,325.000,300.000,275.000,-1,-1,-1,-1,775.000,925.000,-1,-1,2,0,2,0,2,0,0,0,0,2,2,2,2,0,0,2,2
129,-7471.649,-1631.952,372.585,6.307,0.992251,-0.109833,-0.058097,0.110989,0.993675,0.017052,0.055857,-0.023368,0.998165,0,0.40000,0.01082,24.000,0.022,-1,400.000,-1,425.000,-1,325.000,350.000,300.000,275.000,-1,-1,-1,-1,775.000,950.000,-1,-1,2,0,2,0,2,0,0,0,0,2,2,2,2,0,0,2,2
130,-7443.025,-1628.775,374.244,6.333,0.992223,-0.110282,-0.057717,0.111415,0.993632,0.016794,0.055498,-0.023094,0.998192,0,0.48000,0.01291,28.800,0.026,-1,400.000,-1,425.000,-1,325.000,350.000,300.000,300.000,-1,-1,-1,-1,775.000,950.000,-1,-1,2,0,2,0,2,0,0,0,0,2,2,2,2,0,0,2,2
131,-7409.632,-1625.051,376.181,6.364,0.992189,-0.110817,-0.057282,0.111924,0.993580,0.016480,0.055088,-0.022763,0.998222,0,0.56000,0.01542,33.600,0.031,-1,400.000,-1,425.000,-1,325.000,350.000,300.000,300.000,-1,-1,-1,-1,775.000,975.000,-1,-1,2,0,2,0,2,0,0,0,0,2,2,2,2,0,0,2,2
132,-7371.471,-1620.771,378.394,6.400,0.992147,-0.111437,-0.056795,0.112513,0.993520,0.016105,0.054632,-0.022368,0.998256,0,0.64000,0.01783,38.400,0.036,-1,400.000,-1,425.000,-1,325.000,350.000,300.000,300.000,-1,-1,-1,-1,775.000,1000.000,-1,-1,2,0,2,0,2,0,0,0,0,2,2,2,2,0,0,2,2
133,-7328.543,-1615.929,380.884,6.435,0.992108,-0.112056,-0.056261,0.113097,0.993461,0.015661,0.054138,-0.021900,0.998293,0,0.72000,0.01783,43.200,0.036,-1,400.000,-1,425.000,-1,325.000,350.000,300.000,300.000,-1,-1,-1,-1,775.000,-1,-1,-1,2,0,2,0,2,0,0,0,0,2,2,2,2,0,2,2,2
134,-7286.979,-1611.391,383.296,6.231,0.992529,-0.108514,-0.055783,0.109515,0.993869,0.015215,0.053790,-0.021210,0.998327,0,0.69685,-0.10217,41.811,-0.204,-1,400.000,-1,450.000,-1,325.000,350.000,300.000,300.000,-1,-1,-1,-1,775.000,-1,-1,-1,2,0,2,0,2,0,0,0,0,2,2,2,2,0,2,2,2
