timestep,x_cm,y_cm,z_cm,yaw_deg,basis_xx,basis_xy,basis_xz,basis_yx,basis_yy,basis_yz,basis_zx,basis_zy,basis_zz,teleport_flag,throttle_cmd,steering_cmd,cmd_move_cm,cmd_turn_deg,lidar_cm_0,lidar_cm_1,lidar_cm_2,lidar_cm_3,lidar_cm_4,lidar_cm_5,lidar_cm_6,lidar_cm_7,lidar_cm_8,lidar_cm_9,lidar_cm_10,lidar_cm_11,lidar_cm_12,lidar_cm_13,lidar_cm_14,lidar_cm_15,lidar_cm_16,lidar_class_0,lidar_class_1,lidar_class_2,lidar_class_3,lidar_class_4,lidar_class_5,lidar_class_6,lidar_class_7,lidar_class_8,lidar_class_9,lidar_class_10,lidar_class_11,lidar_class_12,lidar_class_13,lidar_class_14,lidar_class_15,lidar_class_16
0,-2299.979,4265.857,37.262,151.414,-0.877509,-0.478474,0.032271,0.477933,-0.878088,-0.023295,0.039482,-0.005018,0.999208,1,0.08000,0.12000,4.800,0.240,-1,400.000,-1,400.000,-1,325.000,325.000,300.000,300.000,-1,-1,-1,-1,925.000,775.000,-1,-1,2,0,2,0,2,0,0,0,0,2,2,2,2,0,0,2,2
1,-2308.447,4270.380,37.648,151.894,-0.881492,-0.471100,0.032195,0.470558,-0.882064,-0.023201,0.039328,-0.005302,0.999212,0,0.16000,0.24000,9.600,0.480,-1,400.000,-1,400.000,-1,325.000,325.000,300.000,300.000,-1,-1,-1,-1,925.000,775.000,-1,-1,2,0,2,0,2,0,0,0,0,2,2,2,2,0,0,2,2
2,-2321.229,4277.012,38.225,152.574,-0.887032,-0.460593,0.032080,0.460050,-0.887593,-0.023064,0.039097,-0.005700,0.999219,0,0.24000,0.34016,14.400,0.680,-1,400.000,-1,400.000,-1,325.000,325.000,300.000,300.000,-1,-1,-1,-1,950.000,775.000,-1,-1,2,0,2,0,2,0,0,0,0,2,2,2,2,0,0,2,2
3,-2338.375,4285.652,38.994,153.256,-0.892462,-0.449992,0.031916,0.449451,-0.893012,-0.022880,0.038797,-0.006075,0.999229,0,0.32000,0.34106,19.200,0.682,-1,400.000,-1,400.000,-1,325.000,325.000,300.000,300.000,-1,-1,-1,-1,950.000,800.000,-1,-1,2,0,2,0,2,0,0,0,0,2,2,2,2,0,0,2,2
4,-2359.935,4296.196,39.952,153.941,-0.897786,-0.439290,0.031703,0.438753,-0.898322,-0.022655,0.038432,-0.006430,0.999241,0,0.40000,0.34228,24.000,0.685,-1,400.000,-1,400.000,-1,325.000,325.000,300.000,300.000,-1,-1,-1,-1,950.000,800.000,-1,-1,2,0,2,0,2,0,0,0,0,2,2,2,2,0,0,2,2
5,-2385.957,4308.536,41.098,154.628,-0.903006,-0.428476,0.031442,0.427944,-0.903528,-0.022399,0.038006,-0.006771,0.999255,0,0.48000,0.34383,28.800,0.688,-1,425.000,-1,400.000,-1,325.000,325.000,300.000,300.000,-1,-1,-1,-1,975.000,800.000,-1,-1,2,0,2,0,2,0,0,0,0,2,2,2,2,0,0,2,2
6,-2416.488,4322.566,42.429,155.320,-0.908125,-0.417541,0.031135,0.417015,-0.908631,-0.022119,0.037526,-0.007103,0.999270,0,0.56000,0.34572,33.600,0.691,-1,425.000,-1,400.000,-1,325.000,325.000,300.000,300.000,-1,-1,-1,-1,1000.000,800.000,-1,-1,2,0,2,0,2,0,0,0,0,2,2,2,2,0,0,2,2
7,-2451.572,4338.175,43.941,156.016,-0.913145,-0.406472,0.030782,0.405954,-0.913633,-0.021825,0.036995,-0.007433,0.999288,0,0.64000,0.34798,38.400,0.696,-1,425.000,-1,400.000,-1,325.000,325.000,300.000,300.000,-1,-1,-1,-1,-1,825.000,-1,-1,2,0,2,0,2,0,0,0,0,2,2,2,2,2,0,2,2
8,-2491.254,4355.250,45.615,156.717,-0.918064,-0.395264,0.030410,0.394751,-0.918534,-0.021609,0.036473,-0.007834,0.999304,0,0.72000,0.35046,43.200,0.701,-1,425.000,-1,400.000,-1,325.000,325.000,300.000,300.000,-1,-1,-1,-1,-1,825.000,-1,-1,2,0,2,0,2,0,0,0,0,2,2,2,2,2,0,2,2
9,-2532.589,4372.441,47.282,157.418,-0.922844,-0.383996,0.030110,0.383476,-0.923296,-0.021696,0.036131,-0.008476,0.999311,0,0.74611,0.35046,44.767,0.701,-1,425.000,-1,400.000,-1,350.000,325.000,300.000,300.000,-1,-1,-1,-1,-1,850.000,-1,-1,2,0,2,0,2,0,0,0,0,2,2,2,2,2,0,2,2
10,-2574.130,4389.125,48.663,158.119,-0.927525,-0.372666,0.028573,0.372126,-0.927909,-0.022535,0.034911,-0.010269,0.999338,0,0.74611,0.35046,44.767,0.701,-1,450.000,-1,400.000,-1,350.000,325.000,300.000,300.000,-1,-1,-1,-1,-1,850.000,-1,-1,2,0,2,0,2,0,0,0,0,2,2,2,2,2,0,2,2
11,-2615.873,4405.299,49.869,158.820,-0.932086,-0.361277,0.026343,0.360713,-0.932371,-0.023868,0.033185,-0.012745,0.999368,0,0.74611,0.35046,44.767,0.701,-1,450.000,-1,425.000,-1,350.000,350.000,300.000,300.000,-1,-1,-1,-1,-1,850.000,-1,-1,2,0,2,0,2,0,0,0,0,2,2,2,2,2,0,2,2
12,-2657.810,4420.962,51.071,159.520,-0.936500,-0.349832,0.024197,0.349250,-0.936689,-0.025264,0.031503,-0.015209,0.999388,0,0.74611,0.35046,44.767,0.701,-1,450.000,-1,425.000,-1,350.000,350.000,300.000,300.000,-1,-1,-1,-1,-1,850.000,-1,-1,2,0,2,0,2,0,0,0,0,2,2,2,2,2,0,2,2
13,-2699.936,4436.110,52.244,160.221,-0.940765,-0.338334,0.022173,0.337740,-0.940861,-0.026697,0.029894,-0.017627,0.999398,0,0.74611,0.35046,44.767,0.701,-1,450.000,-1,425.000,-1,350.000,350.000,275.000,300.000,-1,-1,-1,-1,-1,850.000,-1,-1,2,0,2,0,2,0,0,0,0,2,2,2,2,2,0,2,2
14,-2742.244,4450.741,53.169,160.922,-0.944887,-0.326790,0.019906,0.326223,-0.944902,-0.027169,0.027687,-0.019178,0.999433,0,0.74611,0.35046,44.767,0.701,-1,450.000,-1,425.000,-1,350.000,350.000,275.000,300.000,-1,-1,-1,-1,-1,850.000,-1,-1,2,0,2,0,2,0,0,0,0,2,2,2,2,2,0,2,2
15,-2784.727,4464.854,53.724,161.623,-0.948871,-0.315205,0.017037,0.314722,-0.948825,-0.026100,0.024392,-0.019404,0.999514,0,0.74611,0.35046,44.767,0.701,-1,425.000,-1,425.000,-1,350.000,350.000,275.000,300.000,-1,-1,-1,-1,-1,850.000,-1,-1,2,0,2,0,2,0,0,0,0,2,2,2,2,2,0,2,2
16,-2827.380,4478.447,54.272,162.324,-0.952703,-0.303573,0.014129,0.303170,-0.952605,-0.025131,0.021088,-0.019659,0.999584,0,0.74611,0.35046,44.767,0.701,-1,425.000,-1,425.000,-1,350.000,350.000,275.000,300.000,-1,-1,-1,-1,-1,850.000,-1,-1,2,0,2,0,2,0,0,0,0,2,2,2,2,2,0,2,2
17,-2870.197,4491.516,54.812,163.025,-0.956385,-0.291896,0.011183,0.291569,-0.956242,-0.024261,0.017776,-0.019942,0.999643,0,0.74611,0.35046,44.767,0.701,-1,425.000,-1,425.000,-1,350.000,325.000,275.000,300.000,-1,-1,-1,-1,-1,850.000,-1,-1,2,0,2,0,2,0,0,0,0,2,2,2,2,2,0,2,2
18,-2913.170,4504.061,55.344,163.726,-0.959914,-0.280175,0.008204,0.279922,-0.959735,-0.023490,0.014455,-0.020252,0.999690,0,0.74611,0.35046,44.767,0.701,-1,425.000,-1,400.000,-1,350.000,325.000,300.000,300.000,-1,-1,-1,-1,1000.000,825.000,-1,-1,2,0,2,0,2,0,0,0,0,2,2,2,2,0,0,2,2
19,-2956.293,4516.079,55.868,164.427,-0.963290,-0.268412,0.005193,0.268231,-0.963084,-0.022819,0.011126,-0.020589,0.999726,0,0.74611,0.35046,44.767,0.701,-1,425.000,-1,400.000,-1,325.000,325.000,300.000,275.000,-1,-1,-1,-1,975.000,825.000,-1,-1,2,0,2,0,2,0,0,0,0,2,2,2,2,0,0,2,2
20,-2999.560,4527.569,56.384,165.128,-0.966513,-0.256608,0.002152,0.256499,-0.966288,-0.022246,0.007788,-0.020950,0.999750,0,0.74611,0.35046,44.767,0.701,-1,425.000,-1,400.000,-1,325.000,325.000,300.000,275.000,-1,-1,-1,-1,975.000,825.000,-1,-1,2,0,2,0,2,0,0,0,0,2,2,2,2,0,0,2,2
21,-3047.567,4539.905,56.964,165.589,-0.968548,-0.248825,-0.001235,0.248792,-0.968314,-0.021682,0.004199,-0.021308,0.999764,0,0.82611,0.23046,49.567,0.461,-1,425.000,-1,400.000,-1,325.000,325.000,300.000,275.000,-1,-1,-1,-1,950.000,825.000,-1,-1,2,0,2,0,2,0,0,0,0,2,2,2,2,0,0,2,2
22,-3098.363,4552.571,57.574,165.999,-0.970292,-0.241889,-0.004826,0.241937,-0.970061,-0.021159,0.000437,-0.021698,0.999764,0,0.87253,0.20496,52.352,0.410,-1,425.000,-1,400.000,-1,325.000,325.000,300.000,275.000,-1,-1,-1,-1,925.000,800.000,-1,-1,2,0,2,0,2,0,0,0,0,2,2,2,2,0,0,2,2
23,-3149.249,4564.873,58.178,166.409,-0.971973,-0.234940,-0.008427,0.235068,-0.971758,-0.020716,-0.003322,-0.022117,0.999750,0,0.87253,0.20496,52.352,0.410,-1,425.000,-1,400.000,-1,325.000,325.000,300.000,275.000,-1,-1,-1,-1,925.000,800.000,-1,-1,2,0,2,0,2,0,0,0,0,2,2,2,2,0,0,2,2
24,-3200.222,4576.811,58.777,166.818,-0.973591,-0.227980,-0.012040,0.228188,-0.973404,-0.020354,-0.007079,-0.022563,0.999720,0,0.87253,0.20496,52.352,0.410,-1,425.000,-1,400.000,-1,325.000,325.000,300.000,275.000,-1,-1,-1,-1,900.000,800.000,-1,-1,2,0,2,0,2,0,0,0,0,2,2,2,2,0,0,2,2
25,-3251.279,4588.383,58.718,167.228,-0.975161,-0.220993,-0.014950,0.221294,-0.974937,-0.022947,-0.009504,-0.025685,0.999625,0,0.87253,0.20496,52.352,0.410,-1,425.000,-1,400.000,-1,350.000,325.000,300.000,300.000,-1,-1,-1,-1,875.000,800.000,-1,-1,2,0,2,0,2,0,0,0,0,2,2,2,2,0,0,2,2
26,-3302.417,4599.589,58.465,167.638,-0.976661,-0.213990,-0.018511,0.214427,-0.976387,-0.026246,-0.012457,-0.029602,0.999484,0,0.87253,0.20496,52.352,0.410,-1,425.000,-1,400.000,-1,325.000,325.000,300.000,300.000,-1,-1,-1,-1,850.000,800.000,-1,-1,2,0,2,0,2,0,0,0,0,2,2,2,2,0,0,2,2
27,-3353.635,4610.430,57.638,168.048,-0.978128,-0.206988,-0.020521,0.207508,-0.977842,-0.027657,-0.014342,-0.031311,0.999407,0,0.87253,0.20496,52.352,0.410,-1,425.000,-1,400.000,-1,325.000,325.000,300.000,300.000,-1,-1,-1,-1,850.000,800.000,-1,-1,2,0,2,0,2,0,0,0,0,2,2,2,2,0,0,2,2
28,-3404.928,4620.905,56.378,168.458,-0.979543,-0.199986,-0.022394,0.200564,-0.979294,-0.027517,-0.016427,-0.031445,0.999370,0,0.87253,0.20496,52.352,0.410,-1,425.000,-1,400.000,-1,325.000,325.000,275.000,300.000,-1,-1,-1,-1,825.000,775.000,-1,-1,2,0,2,0,2,0,0,0,0,2,2,2,2,0,0,2,2
29,-3456.295,4631.012,55.125,168.868,-0.980904,-0.192974,-0.024249,0.193611,-0.980694,-0.027469,-0.018480,-0.031639,0.999329,0,0.87253,0.20496,52.352,0.410,-1,425.000,-1,400.000,-1,325.000,325.000,275.000,275.000,-1,-1,-1,-1,825.000,775.000,-1,-1,2,0,2,0,2,0,0,0,0,2,2,2,2,0,0,2,2
30,-3507.733,4640.752,53.862,169.278,-0.982212,-0.185951,-0.026125,0.186649,-0.982043,-0.027438,-0.020553,-0.031826,0.999282,0,0.87253,0.20496,52.352,0.410,-1,425.000,-1,400.000,-1,325.000,325.000,275.000,275.000,-1,-1,-1,-1,800.000,775.000,-1,-1,2,0,2,0,2,0,0,0,0,2,2,2,2,0,0,2,2
31,-3559.239,4650.123,52.590,169.688,-0.983465,-0.178920,-0.028020,0.179679,-0.983343,-0.027425,-0.022646,-0.032006,0.999231,0,0.87253,0.20496,52.352,0.410,-1,400.000,-1,400.000,-1,325.000,325.000,275.000,275.000,-1,-1,-1,-1,800.000,750.000,-1,-1,2,0,2,0,2,0,0,0,0,2,2,2,2,0,0,2,2
32,-3610.811,4659.126,51.307,170.098,-0.984663,-0.171879,-0.029934,0.172701,-0.984592,-0.027429,-0.024758,-0.032178,0.999175,0,0.87253,0.20496,52.352,0.410,-1,400.000,-1,400.000,-1,325.000,325.000,300.000,275.000,-1,-1,-1,-1,775.000,750.000,-1,-1,2,0,2,0,2,0,0,0,0,2,2,2,2,0,0,2,2
33,-3662.447,4667.759,50.013,170.508,-0.985807,-0.164830,-0.031867,0.165715,-0.985792,-0.027451,-0.026889,-0.032342,0.999115,0,0.87253,0.20496,52.352,0.410,-1,400.000,-1,400.000,-1,325.000,325.000,300.000,275.000,-1,-1,-1,-1,775.000,750.000,-1,-1,2,0,2,0,2,0,0,0,0,2,2,2,2,0,0,2,2
34,-3714.142,4676.023,48.708,170.918,-0.986896,-0.157772,-0.033818,0.158721,-0.986941,-0.027490,-0.029039,-0.032497,0.999050,0,0.87253,0.20496,52.352,0.410,-1,400.000,-1,400.000,-1,325.000,325.000,300.000,275.000,-1,-1,-1,-1,750.000,725.000,-1,-1,2,0,2,0,2,0,0,0,0,2,2,2,2,0,0,2,2
35,-3765.896,4683.917,47.393,171.327,-0.987931,-0.150707,-0.035786,0.151721,-0.988039,-0.027546,-0.031207,-0.032643,0.998980,0,0.87253,0.20496,52.352,0.410,-1,400.000,-1,400.000,-1,325.000,325.000,300.000,275.000,-1,-1,-1,-1,750.000,725.000,-1,-1,2,0,2,0,2,0,0,0,0,2,2,2,2,0,0,2,2
36,-3817.704,4691.440,46.067,171.737,-0.988910,-0.143633,-0.037772,0.144714,-0.989088,-0.027620,-0.033393,-0.032779,0.998905,0,0.87253,0.20496,52.352,0.410,-1,400.000,-1,400.000,-1,325.000,325.000,300.000,275.000,-1,-1,-1,-1,725.000,725.000,-1,-1,2,0,2,0,2,0,0,0,0,2,2,2,2,0,0,2,2
37,-3869.565,4698.592,44.729,172.147,-0.989834,-0.136553,-0.039774,0.137701,-0.990086,-0.027710,-0.035596,-0.032905,0.998824,0,0.87253,0.20496,52.352,0.410,-1,375.000,-1,375.000,-1,325.000,325.000,300.000,275.000,-1,-1,-1,-1,725.000,700.000,-1,-1,2,0,2,0,2,0,0,0,0,2,2,2,2,0,0,2,2
38,-3921.476,4705.373,43.250,172.557,-0.990734,-0.129463,-0.041062,0.130679,-0.991017,-0.028438,-0.037012,-0.033541,0.998752,0,0.87253,0.20496,52.352,0.410,-1,375.000,-1,375.000,-1,325.000,325.000,300.000,275.000,-1,-1,-1,-1,725.000,700.000,-1,-1,2,0,2,0,2,0,0,0,0,2,2,2,2,0,0,2,2
39,-3973.434,4711.783,41.658,172.967,-0.991635,-0.122370,-0.041060,0.123595,-0.991917,-0.028739,-0.037212,-0.033574,0.998743,0,0.87253,0.20496,52.352,0.410,-1,375.000,-1,375.000,-1,325.000,325.000,300.000,275.000,-1,-1,-1,-1,700.000,700.000,-1,-1,2,0,2,0,2,0,0,0,0,2,2,2,2,0,0,2,2
40,-4025.437,4717.821,40.010,173.377,-0.992534,-0.115271,-0.039859,0.116464,-0.992771,-0.029031,-0.036224,-0.033456,0.998784,0,0.87253,0.20496,52.352,0.410,-1,375.000,-1,375.000,-1,325.000,325.000,300.000,275.000,-1,-1,-1,-1,700.000,700.000,-1,-1,2,0,2,0,2,0,0,0,0,2,2,2,2,0,0,2,2
41,-4077.481,4723.487,38.375,173.787,-0.993377,-0.108165,-0.038768,0.109333,-0.993571,-0.029385,-0.035340,-0.033429,0.998816,0,0.87253,0.20496,52.352,0.410,-1,375.000,-1,375.000,-1,325.000,325.000,300.000,275.000,-1,-1,-1,-1,700.000,700.000,-1,-1,2,0,2,0,2,0,0,0,0,2,2,2,2,0,0,2,2
42,-4129.564,4728.781,36.720,174.197,-0.994167,-0.101054,-0.037679,0.102196,-0.994321,-0.029697,-0.034464,-0.033374,0.998849,0,0.87253,0.20496,52.352,0.410,-1,375.000,-1,375.000,-1,325.000,325.000,300.000,275.000,-1,-1,-1,-1,700.000,700.000,-1,-1,2,0,2,0,2,0,0,0,0,2,2,2,2,0,0,2,2
43,-4181.878,4733.718,35.040,174.609,-0.994909,-0.093900,-0.036587,0.095013,-0.995025,-0.029967,-0.033591,-0.033290,0.998881,0,0.87578,0.20606,52.547,0.412,-1,375.000,-1,375.000,-1,325.000,325.000,300.000,275.000,-1,-1,-1,-1,700.000,700.000,-1,-1,2,0,2,0,2,0,0,0,0,2,2,2,2,0,0,2,2
44,-4234.431,4738.294,33.335,175.023,-0.995602,-0.086701,-0.035491,0.087784,-0.995682,-0.030196,-0.032720,-0.033178,0.998914,0,0.87920,0.20722,52.752,0.414,-1,375.000,-1,400.000,-1,325.000,325.000,300.000,275.000,-1,-1,-1,-1,700.000,700.000,-1,-1,2,0,2,0,2,0,0,0,0,2,2,2,2,0,0,2,2
45,-4287.222,4742.504,31.604,175.440,-0.996245,-0.079456,-0.034392,0.080509,-0.996291,-0.030384,-0.031850,-0.033039,0.998946,0,0.88264,0.20839,52.958,0.417,-1,375.000,-1,400.000,-1,325.000,325.000,300.000,275.000,-1,-1,-1,-1,700.000,700.000,-1,-1,2,0,2,0,2,0,0,0,0,2,2,2,2,0,0,2,2
46,-4340.248,4746.343,29.847,175.859,-0.996837,-0.072166,-0.033288,0.073187,-0.996851,-0.030533,-0.030980,-0.032872,0.998979,0,0.88608,0.20958,53.165,0.419,-1,375.000,-1,400.000,-1,325.000,325.000,300.000,275.000,-1,-1,-1,-1,700.000,700.000,-1,-1,2,0,2,0,2,0,0,0,0,2,2,2,2,0,0,2,2
47,-4393.507,4749.805,28.066,176.281,-0.997377,-0.064830,-0.032178,0.065818,-0.997361,-0.030641,-0.030107,-0.032679,0.999012,0,0.88954,0.21078,53.372,0.422,-1,375.000,-1,375.000,-1,325.000,325.000,300.000,275.000,-1,-1,-1,-1,700.000,700.000,-1,-1,2,0,2,0,2,0,0,0,0,2,2,2,2,0,0,2,2
48,-4446.999,4752.885,26.259,176.705,-0.997865,-0.057449,-0.031062,0.058402,-0.997821,-0.030710,-0.029230,-0.032459,0.999046,0,0.89300,0.21199,53.580,0.424,-1,375.000,-1,375.000,-1,325.000,325.000,300.000,275.000,-1,-1,-1,-1,675.000,700.000,975.000,-1,2,0,2,0,2,0,0,0,0,2,2,2,2,0,0,1,2
49,-4500.719,4755.577,24.428,177.131,-0.998299,-0.050020,-0.029939,0.050939,-0.998229,-0.030740,-0.028349,-0.032213,0.999079,0,0.89647,0.21323,53.788,0.426,1000.000,375.000,-1,375.000,-1,325.000,325.000,300.000,275.000,-1,-1,-1,-1,675.000,675.000,925.000,-1,1,0,2,0,2,0,0,0,0,2,2,2,2,0,0,1,2
50,-4554.667,4757.876,22.572,177.560,-0.998679,-0.042545,-0.028809,0.043428,-0.998584,-0.030731,-0.027460,-0.031941,0.999112,0,0.89994,0.21449,53.997,0.429,950.000,375.000,-1,375.000,-1,300.000,325.000,300.000,275.000,-1,-1,-1,-1,675.000,675.000,875.000,-1,1,0,2,0,2,0,0,0,0,2,2,2,2,0,0,1,2
51,-4608.838,4759.776,21.039,177.992,-0.999000,-0.035024,-0.027801,0.035855,-0.998907,-0.029978,-0.026721,-0.030945,0.999164,0,0.90342,0.21578,54.205,0.432,900.000,375.000,-1,375.000,-1,300.000,325.000,300.000,275.000,-1,-1,-1,-1,675.000,675.000,825.000,-1,1,0,2,0,2,0,0,0,0,2,2,2,2,0,0,1,2
52,-4665.576,4761.575,20.078,178.183,-0.999159,-0.031684,-0.026027,0.032458,-0.999027,-0.029867,-0.025056,-0.030687,0.999215,0,0.94611,0.09578,56.767,0.192,850.000,375.000,-1,375.000,-1,300.000,325.000,300.000,300.000,-1,700.000,725.000,-1,650.000,675.000,775.000,-1,1,0,2,0,2,0,0,0,0,2,0,0,2,1,0,1,2
53,-4722.526,4763.430,19.111,178.135,-0.999178,-0.032529,-0.024193,0.033242,-0.999006,-0.029713,-0.023202,-0.030493,0.999266,0,0.94967,-0.02422,56.980,-0.048,800.000,375.000,-1,375.000,-1,325.000,325.000,300.000,300.000,-1,700.000,700.000,-1,625.000,675.000,725.000,-1,1,0,2,0,2,0,0,0,0,2,0,0,2,1,0,1,2
54,-4779.673,4765.579,18.149,177.847,-0.999046,-0.037557,-0.022302,0.038209,-0.998832,-0.029566,-0.021166,-0.030390,0.999314,0,0.95313,-0.14422,57.188,-0.288,725.000,375.000,-1,375.000,-1,325.000,325.000,300.000,300.000,-1,675.000,675.000,-1,600.000,675.000,675.000,-1,1,0,2,0,2,0,0,0,0,2,0,0,2,1,0,1,2
55,-4836.997,4768.264,17.204,177.318,-0.998698,-0.046768,-0.020358,0.047357,-0.998443,-0.029480,-0.018948,-0.030406,0.999358,0,0.95644,-0.26422,57.386,-0.528,675.000,375.000,-1,375.000,-1,325.000,325.000,300.000,300.000,-1,650.000,675.000,-1,575.000,675.000,625.000,-1,1,0,2,0,2,0,0,0,0,2,0,0,2,1,0,1,2
56,-4894.477,4771.535,16.281,176.743,-0.998217,-0.056785,-0.018401,0.057312,-0.997921,-0.029493,-0.016688,-0.030495,0.999396,0,0.95956,-0.28750,57.574,-0.575,600.000,375.000,-1,375.000,-1,325.000,325.000,300.000,300.000,-1,650.000,650.000,-1,550.000,650.000,575.000,-1,1,0,2,0,2,0,0,0,0,2,0,0,2,1,0,1,2
57,-4952.100,4775.389,15.381,176.174,-0.997638,-0.066694,-0.016442,0.067159,-0.997303,-0.029610,-0.014423,-0.030644,0.999426,0,0.96251,-0.28454,57.751,-0.569,525.000,375.000,-1,375.000,-1,325.000,325.000,300.000,300.000,-1,625.000,625.000,-1,500.000,650.000,525.000,-1,1,1,2,0,2,0,0,0,0,2,0,0,2,1,0,1,2
58,-5009.846,4779.820,14.503,175.611,-0.996966,-0.076483,-0.014481,0.076887,-0.996593,-0.029831,-0.012150,-0.030854,0.999450,0,0.96528,-0.28130,57.917,-0.563,475.000,350.000,-1,375.000,-1,300.000,325.000,300.000,300.000,-1,625.000,625.000,-1,475.000,650.000,475.000,-1,1,1,2,0,2,1,1,0,0,2,0,0,2,1,0,1,2
59,-5067.700,4784.825,13.648,175.056,-0.996204,-0.086141,-0.012519,0.086485,-0.995797,-0.030159,-0.009868,-0.031127,0.999467,0,0.96783,-0.27777,58.070,-0.556,425.000,325.000,-1,375.000,-1,300.000,325.000,300.000,300.000,-1,600.000,625.000,-1,475.000,650.000,425.000,-1,1,1,2,0,2,1,1,0,0,2,0,0,2,1,0,1,2
60,-5125.640,4790.396,12.814,174.508,-0.995358,-0.095657,-0.010557,0.095939,-0.994917,-0.030593,-0.007577,-0.031464,0.999476,0,0.97013,-0.27392,58.208,-0.548,375.000,325.000,-1,375.000,-1,300.000,325.000,300.000,300.000,-1,600.000,600.000,-1,450.000,650.000,375.000,-1,1,1,2,0,2,1,0,0,0,2,0,0,2,1,0,1,2
61,-5183.645,4796.525,12.001,173.969,-0.994433,-0.105018,-0.008595,0.105238,-0.993960,-0.031133,-0.005274,-0.031865,0.999478,0,0.97213,-0.26971,58.328,-0.539,300.000,300.000,-1,375.000,-1,275.000,300.000,300.000,300.000,-1,575.000,600.000,-1,425.000,625.000,325.000,-1,1,1,2,0,2,1,0,0,0,2,0,0,2,1,0,1,2
62,-5241.691,4803.203,12.448,173.438,-0.993449,-0.114229,-0.003154,0.114272,-0.993081,-0.027069,-0.000040,-0.027252,0.999629,0,0.97380,-0.26514,58.428,-0.530,275.000,300.000,-1,375.000,-1,275.000,325.000,300.000,275.000,-1,475.000,475.000,-1,425.000,650.000,275.000,-1,1,1,2,0,2,1,0,0,0,2,0,0,2,1,0,1,2
63,-5299.749,4810.420,15.430,172.918,-0.992327,-0.123274,0.009503,0.123108,-0.992257,-0.016434,0.011456,-0.015138,0.999820,0,0.97508,-0.26016,58.505,-0.520,275.000,300.000,-1,375.000,-1,300.000,325.000,325.000,275.000,-1,375.000,350.000,-1,425.000,675.000,275.000,-1,1,1,2,0,2,1,0,0,0,2,0,0,2,1,0,1,2
64,-5357.790,4818.157,18.797,172.409,-0.990986,-0.132105,0.022241,0.131940,-0.991219,-0.008756,0.023202,-0.005743,0.999714,0,0.97591,-0.25475,58.554,-0.509,250.000,325.000,-1,400.000,-1,300.000,350.000,350.000,275.000,-1,325.000,275.000,975.000,450.000,725.000,275.000,-1,1,1,2,0,2,1,0,0,0,2,0,0,0,1,0,1,2
65,-5415.781,4826.398,22.001,171.911,-0.989453,-0.140713,0.034395,0.140729,-0.990046,-0.001984,0.034332,0.002877,0.999406,0,0.97621,-0.24887,58.573,-0.498,250.000,325.000,-1,425.000,-1,325.000,350.000,375.000,275.000,-1,300.000,225.000,825.000,475.000,775.000,300.000,-1,1,1,2,0,2,1,0,0,0,2,0,0,0,1,0,1,2
66,-5473.683,4835.127,25.030,171.426,-0.987759,-0.149081,0.045892,0.149413,-0.988767,0.003867,0.044800,0.010677,0.998939,0,0.97592,-0.24251,58.555,-0.485,250.000,350.000,-1,425.000,-1,350.000,375.000,375.000,275.000,-1,300.000,200.000,750.000,550.000,825.000,300.000,-1,1,1,2,0,2,1,0,1,0,2,0,0,0,1,0,1,2
67,-5531.454,4844.321,27.874,170.955,-0.985941,-0.157193,0.056666,0.157932,-0.987411,0.008791,0.054570,0.017617,0.998355,0,0.97495,-0.23562,58.497,-0.471,250.000,350.000,-1,450.000,-1,375.000,400.000,350.000,275.000,-1,250.000,175.000,675.000,625.000,850.000,300.000,-1,1,1,2,0,2,1,0,1,0,2,0,0,0,1,0,1,2
68,-5589.048,4853.958,30.524,170.498,-0.984033,-0.165033,0.066652,0.166229,-0.986004,0.012786,0.063609,0.023661,0.997694,0,0.97322,-0.22821,58.393,-0.456,225.000,375.000,-1,475.000,-1,400.000,400.000,300.000,275.000,-1,225.000,150.000,625.000,725.000,900.000,300.000,-1,1,1,2,0,2,1,0,1,0,2,0,0,0,1,0,1,2
69,-5646.414,4864.011,32.972,170.058,-0.982074,-0.172585,0.075798,0.174248,-0.984574,0.015855,0.071892,0.028778,0.996997,0,0.97065,-0.22025,58.239,-0.440,225.000,425.000,-1,475.000,-1,450.000,425.000,275.000,275.000,-1,225.000,125.000,600.000,825.000,950.000,-1,-1,1,1,2,0,2,1,0,1,0,2,0,0,0,1,0,2,2
70,-5703.500,4874.450,35.210,169.634,-0.980099,-0.179835,0.084054,0.181939,-0.983145,0.018011,0.079398,0.032945,0.996298,0,0.96717,-0.21176,58.030,-0.424,225.000,450.000,-1,500.000,-1,450.000,425.000,250.000,250.000,-1,200.000,125.000,550.000,-1,1000.000,-1,-1,1,1,2,0,2,0,0,1,0,2,0,0,0,2,0,2,2
71,8199.152,-1639.831,104.803,172.286,-0.990619,-0.134222,0.025649,0.134228,-0.990949,-0.001485,0.025616,0.001971,0.999670,1,0.00000,0.00000,57.764,-0.406,-1,375.000,-1,425.000,-1,300.000,325.000,350.000,325.000,-1,-1,-1,-1,775.000,-1,-1,-1,2,0,2,0,2,0,0,0,0,2,2,2,2,0,2,2,2
72,8194.398,-1639.166,104.923,172.046,-0.990051,-0.138371,0.025546,0.138383,-0.990378,-0.001319,0.025483,0.002230,0.999673,0,0.08000,-0.12000,4.800,-0.240,-1,375.000,-1,425.000,-1,300.000,325.000,350.000,325.000,-1,-1,-1,-1,775.000,-1,-1,-1,2,0,2,0,2,0,0,0,0,2,2,2,2,0,2,2,2
73,8184.902,-1637.758,105.161,171.566,-0.988862,-0.146663,0.025343,0.146686,-0.989183,-0.000973,0.025211,0.002755,0.999678,0,0.16000,-0.24000,9.600,-0.480,-1,375.000,-1,425.000,-1,300.000,325.000,350.000,325.000,-1,-1,-1,-1,775.000,-1,-1,-1,2,0,2,0,2,0,0,0,0,2,2,2,2,0,2,2,2
74,8170.685,-1635.468,105.518,170.846,-0.986948,-0.159081,0.025044,0.159121,-0.987259,-0.000427,0.024793,0.003563,0.999686,0,0.24000,-0.36000,14.400,-0.720,-1,375.000,-1,425.000,-1,300.000,325.000,350.000,325.000,-1,-1,-1,-1,775.000,-1,-1,-1,2,0,2,0,2,0,0,0,0,2,2,2,2,0,2,2,2
75,8151.783,-1632.096,105.991,169.886,-0.984153,-0.175599,0.024658,0.175661,-0.984451,0.000351,0.024213,0.004677,0.999696,0,0.32000,-0.48000,19.200,-0.960,-1,375.000,-1,425.000,-1,300.000,325.000,350.000,325.000,-1,-1,-1,-1,775.000,-1,-1,-1,2,0,2,0,2,0,0,0,0,2,2,2,2,0,2,2,2
76,8128.250,-1627.388,106.577,168.686,-0.980270,-0.196176,0.024198,0.196266,-0.980550,0.001402,0.023452,0.006123,0.999706,0,0.40000,-0.60000,24.000,-1.200,-1,375.000,-1,425.000,-1,300.000,325.000,350.000,325.000,-1,-1,-1,-1,750.000,-1,-1,-1,2,0,2,0,2,0,0,0,0,2,2,2,2,0,2,2,2
77,8100.160,-1621.031,107.274,167.246,-0.975042,-0.220752,0.023681,0.220878,-0.975298,0.002779,0.022483,0.007940,0.999716,0,0.48000,-0.72000,28.800,-1.440,-1,375.000,-1,425.000,-1,300.000,325.000,350.000,325.000,-1,-1,0.000,-1,750.000,-1,-1,-1,2,0,2,0,2,0,0,0,0,2,2,0,2,0,2,2,2
78,8067.586,-1612.791,108.072,165.804,-0.969191,-0.245227,0.023100,0.245391,-0.969414,0.004526,0.021283,0.010055,0.999723,0,0.56000,-0.72117,33.600,-1.442,-1,375.000,-1,425.000,-1,325.000,325.000,350.000,325.000,-1,-1,0.000,-1,750.000,-1,-1,-1,2,0,2,0,2,0,0,0,0,2,2,0,2,0,2,2,2
79,8030.607,-1602.443,108.963,164.367,-0.962750,-0.269460,0.022465,0.269667,-0.962930,0.006697,0.019828,0.012506,0.999725,0,0.64000,-0.71871,38.400,-1.437,-1,375.000,-1,450.000,-1,325.000,325.000,350.000,325.000,-1,-1,0.000,-1,750.000,-1,-1,-1,2,0,2,0,2,0,0,0,0,2,2,0,2,0,2,2,2
80,7989.309,-1589.766,109.942,162.935,-0.955733,-0.293428,0.021794,0.293680,-0.955858,0.009352,0.018088,0.015338,0.999719,0,0.72000,-0.71600,43.200,-1.432,-1,375.000,-1,450.000,-1,325.000,350.000,350.000,325.000,-1,-1,0.000,-1,775.000,-1,-1,-1,2,0,2,0,2,0,0,0,0,2,2,0,2,0,2,2,2
81,7944.739,-1574.861,110.927,161.508,-0.948151,-0.317111,0.021214,0.317405,-0.948211,0.012240,0.016234,0.018339,0.999700,0,0.78326,-0.71307,46.996,-1.426,-1,400.000,-1,450.000,-1,325.000,350.000,350.000,325.000,-1,-1,0.000,-1,800.000,-1,-1,-1,2,0,2,0,2,0,0,0,0,2,2,0,2,0,2,2,2
82,7900.618,-1558.879,111.779,160.087,-0.940017,-0.340512,0.020479,0.340834,-0.940004,0.014999,0.014143,0.021079,0.999678,0,0.78211,-0.71057,46.927,-1.421,-1,400.000,-1,450.000,-1,325.000,350.000,350.000,325.000,-1,-1,0.000,-1,825.000,-1,-1,-1,2,0,2,0,2,0,0,0,0,2,2,0,2,0,2,2,2
83,7856.981,-1541.839,112.562,158.669,-0.931323,-0.363659,0.019768,0.364001,-0.931227,0.017864,0.011912,0.023833,0.999645,0,0.78077,-0.70936,46.846,-1.419,-1,400.000,-1,450.000,-1,350.000,350.000,350.000,325.000,-1,-1,0.000,-1,825.000,-1,-1,-1,2,0,2,0,2,0,0,0,0,2,2,0,2,0,2,2,2
84,7813.863,-1523.761,113.284,157.252,-0.922072,-0.386544,0.019145,0.386899,-0.921886,0.020861,0.009586,0.026643,0.999599,0,0.77924,-0.70836,46.755,-1.417,-1,400.000,-1,475.000,-1,350.000,350.000,350.000,325.000,-1,-1,25.000,-1,850.000,-1,-1,-1,2,0,2,0,2,0,0,0,0,2,2,0,2,0,2,2,2
85,7771.296,-1504.664,113.265,155.837,-0.912288,-0.409171,0.017590,0.409498,-0.912010,0.023446,0.006449,0.028592,0.999570,0,0.77757,-0.70757,46.654,-1.415,-1,425.000,-1,475.000,-1,350.000,350.000,325.000,325.000,-1,-1,100.000,-1,875.000,-1,-1,-1,2,0,2,0,2,0,0,0,0,2,2,0,2,0,2,2,2
86,7729.310,-1484.568,112.979,154.423,-0.901965,-0.431533,0.015447,0.431800,-0.901597,0.025897,0.002752,0.030028,0.999545,0,0.77579,-0.70699,46.547,-1.414,-1,425.000,-1,475.000,-1,350.000,350.000,325.000,325.000,-1,-1,-1,-1,875.000,-1,-1,-1,2,0,2,0,2,0,0,0,0,2,2,2,2,0,2,2,2
87,7687.932,-1463.494,112.450,153.010,-0.891104,-0.453610,0.013124,0.453797,-0.890626,0.029205,-0.001559,0.031981,0.999487,0,0.77392,-0.70662,46.435,-1.413,-1,425.000,-1,450.000,-1,350.000,350.000,325.000,325.000,-1,-1,-1,-1,875.000,-1,-1,-1,2,0,2,0,2,0,0,0,0,2,2,2,2,0,2,2,2
88,7647.187,-1441.461,111.825,151.597,-0.879702,-0.475403,0.010810,0.475488,-0.879115,0.032676,-0.006031,0.033885,0.999408,0,0.77202,-0.70647,46.321,-1.413,-1,425.000,-1,450.000,-1,350.000,350.000,325.000,300.000,-1,-1,-1,-1,850.000,-1,-1,-1,2,0,2,0,2,0,0,0,0,2,2,2,2,0,2,2,2
89,7607.097,-1418.486,111.103,150.184,-0.867763,-0.496906,0.008515,0.496865,-0.867068,0.036306,-0.010658,0.035736,0.999304,0,0.77010,-0.70654,46.206,-1.413,-1,425.000,-1,450.000,-1,350.000,350.000,325.000,300.000,-1,-1,-1,-1,850.000,-1,-1,-1,2,0,2,0,2,0,0,0,0,2,2,2,2,0,2,2,2
90,7567.683,-1394.588,110.283,148.770,-0.855290,-0.518111,0.006251,0.517919,-0.854490,0.040093,-0.015431,0.037528,0.999176,0,0.76821,-0.70681,46.093,-1.414,-1,425.000,-1,450.000,-1,350.000,350.000,300.000,300.000,-1,-1,-1,-1,850.000,-1,-1,-1,2,0,2,0,2,0,0,0,0,2,2,2,2,0,2,2,2
91,7528.963,-1369.784,109.362,147.355,-0.842288,-0.539012,0.004028,0.538643,-0.841383,0.044032,-0.020345,0.039257,0.999022,0,0.76639,-0.70730,45.983,-1.415,-1,425.000,-1,450.000,-1,350.000,350.000,300.000,300.000,-1,-1,-1,-1,850.000,-1,-1,-1,2,0,2,0,2,0,0,0,0,2,2,2,2,0,2,2,2
92,7490.954,-1344.088,108.223,145.939,-0.828766,-0.559592,0.001813,0.559003,-0.827736,0.048676,-0.025738,0.041354,0.998813,0,0.76466,-0.70800,45.880,-1.416,-1,425.000,-1,450.000,-1,350.000,350.000,300.000,300.000,-1,-1,-1,-1,825.000,1000.000,-1,-1,2,0,2,0,2,0,0,0,0,2,2,2,2,0,0,2,2
93,7453.670,-1317.515,106.969,144.521,-0.814723,-0.579850,-0.000315,0.579005,-0.813565,0.053535,-0.031299,0.043434,0.998566,0,0.76306,-0.70890,45.784,-1.418,-1,400.000,-1,450.000,-1,350.000,350.000,300.000,300.000,-1,-1,-1,-1,825.000,975.000,-1,-1,2,0,2,0,2,0,0,0,0,2,2,2,2,0,0,2,2
94,7417.126,-1290.079,105.563,143.101,-0.800157,-0.599786,-0.002328,0.598662,-0.798883,0.058220,-0.036779,0.045191,0.998301,0,0.76161,-0.70999,45.697,-1.420,-1,400.000,-1,425.000,-1,350.000,350.000,300.000,300.000,-1,-1,-1,-1,825.000,925.000,-1,-1,2,0,2,0,2,0,0,0,0,2,2,2,2,0,0,2,2
95,7381.333,-1261.790,104.031,141.679,-0.785072,-0.619390,-0.004238,0.617962,-0.783691,0.062856,-0.042254,0.046728,0.998014,0,0.76035,-0.71128,45.621,-1.423,-1,400.000,-1,425.000,-1,325.000,350.000,275.000,300.000,-1,-1,-1,-1,800.000,900.000,-1,-1,2,0,2,0,2,0,0,0,0,2,2,2,2,0,0,2,2
96,7346.305,-1232.661,102.396,140.253,-0.769472,-0.638652,-0.006047,0.636890,-0.767989,0.067561,-0.047792,0.048135,0.997697,0,0.75929,-0.71276,45.557,-1.426,-1,400.000,-1,425.000,-1,325.000,350.000,300.000,300.000,-1,-1,-1,-1,800.000,875.000,-1,-1,2,0,2,0,2,0,0,0,0,2,2,2,2,0,0,2,2
97,7312.052,-1202.699,100.188,138.825,-0.753306,-0.657623,-0.007857,0.655620,-0.751847,0.069911,-0.051883,0.047513,0.997522,0,0.75844,-0.71441,45.507,-1.429,-1,400.000,-1,425.000,-1,325.000,350.000,300.000,300.000,-1,-1,-1,-1,775.000,850.000,-1,-1,2,0,2,0,2,0,0,0,0,2,2,2,2,0,0,2,2
98,7278.586,-1171.916,97.852,137.392,-0.736624,-0.676240,-0.009206,0.674037,-0.735202,0.071776,-0.055306,0.046667,0.997378,0,0.75783,-0.71624,45.470,-1.432,-1,400.000,-1,425.000,-1,325.000,350.000,300.000,300.000,-1,-1,-1,-1,775.000,825.000,-1,-1,2,0,2,0,2,0,0,0,0,2,2,2,2,0,0,2,2
99,7242.347,-1137.163,95.177,136.200,-0.722380,-0.691415,-0.010589,0.689004,-0.720991,0.073786,-0.058652,0.046005,0.997218,0,0.83683,-0.59624,50.210,-1.192,-1,400.000,-1,425.000,-1,325.000,325.000,300.000,300.000,-1,-1,-1,-1,775.000,825.000,-1,-1,2,0,2,0,2,0,0,0,0,2,2,2,2,0,0,2,2
100,7206.690,-1101.811,92.401,135.247,-0.710772,-0.703322,-0.011911,0.700710,-0.709415,0.075731,-0.061713,0.045481,0.997057,0,0.83685,-0.47624,50.211,-0.952,-1,400.000,-1,425.000,-1,325.000,325.000,300.000,300.000,-1,-1,-1,-1,750.000,800.000,-1,-1,2,0,2,0,2,0,0,0,0,2,2,2,2,0,0,2,2
101,7171.460,-1066.004,89.535,134.535,-0.701954,-0.712100,-0.013184,0.709296,-0.700626,0.077608,-0.064502,0.045126,0.996897,0,0.83720,-0.35624,50.232,-0.712,-1,400.000,-1,425.000,-1,325.000,325.000,300.000,300.000,-1,-1,-1,-1,750.000,775.000,-1,-1,2,0,2,0,2,0,0,0,0,2,2,2,2,0,0,2,2
102,7136.500,-1029.879,86.545,134.062,-0.696048,-0.717854,-0.014228,0.714870,-0.694730,0.079438,-0.066909,0.045122,0.996738,0,0.83785,-0.23624,50.271,-0.472,-1,400.000,-1,400.000,-1,325.000,325.000,300.000,300.000,-1,-1,-1,-1,750.000,775.000,-1,-1,2,0,2,0,2,0,0,0,0,2,2,2,2,0,0,2,2
103,7101.648,-993.574,83.277,133.830,-0.693139,-0.720650,-0.014877,0.717509,-0.691795,0.081235,-0.068834,0.045633,0.996584,0,0.83876,-0.11624,50.325,-0.232,-1,400.000,-1,400.000,-1,325.000,325.000,300.000,300.000,-1,-1,-1,-1,725.000,750.000,-1,-1,2,0,2,0,2,0,0,0,0,2,2,2,2,0,0,2,2
104,7066.745,-957.225,79.937,133.837,-0.693251,-0.720532,-0.015419,0.717244,-0.691863,0.082980,-0.070457,0.046467,0.996432,0,0.83988,0.00376,50.393,0.008,-1,375.000,-1,400.000,-1,325.000,325.000,300.000,300.000,-1,-1,-1,-1,725.000,725.000,-1,-1,2,0,2,0,2,0,0,0,0,2,2,2,2,0,0,2,2
105,7030.915,-920.232,76.440,134.085,-0.696388,-0.717493,-0.015758,0.714071,-0.694927,0.084728,-0.071742,0.047752,0.996279,0,0.85834,0.12376,51.500,0.248,-1,375.000,-1,400.000,-1,325.000,325.000,300.000,300.000,-1,-1,-1,-1,700.000,725.000,-1,-1,2,0,2,0,2,0,0,0,0,2,2,2,2,0,0,2,2
106,6994.743,-883.517,72.710,134.572,-0.702550,-0.711473,-0.015159,0.707963,-0.700928,0.086535,-0.072192,0.050063,0.996134,0,0.85900,0.24376,51.540,0.488,-1,375.000,-1,400.000,-1,325.000,325.000,300.000,300.000,-1,-1,-1,-1,700.000,700.000,-1,-1,2,0,2,0,2,0,0,0,0,2,2,2,2,0,0,2,2
107,6958.235,-847.098,68.940,135.068,-0.708766,-0.705295,-0.014505,0.701704,-0.706974,0.088316,-0.072543,0.052417,0.995987,0,0.85945,0.24795,51.567,0.496,-1,375.000,-1,375.000,-1,325.000,325.000,300.000,300.000,-1,-1,-1,-1,675.000,700.000,-1,-1,2,0,2,0,2,0,0,0,0,2,2,2,2,0,0,2,2
108,6921.406,-810.981,65.354,135.559,-0.714835,-0.699155,-0.013906,0.695561,-0.712932,0.089014,-0.072149,0.053957,0.995933,0,0.85973,0.24543,51.584,0.491,-1,375.000,-1,375.000,-1,325.000,325.000,300.000,300.000,-1,-1,-1,-1,675.000,675.000,-1,-1,2,0,2,0,2,0,0,0,0,2,2,2,2,0,0,2,2
109,6884.266,-775.173,61.864,136.045,-0.720772,-0.693044,-0.013294,0.689498,-0.718792,0.089052,-0.071273,0.055020,0.995938,0,0.85984,0.24291,51.590,0.486,-1,375.000,-1,375.000,-1,325.000,325.000,300.000,300.000,-1,-1,-1,-1,675.000,675.000,-1,-1,2,0,2,0,2,0,0,0,0,2,2,2,2,0,0,2,2
110,6846.830,-739.680,58.354,136.526,-0.726596,-0.686949,-0.012604,0.683464,-0.724542,0.088976,-0.070254,0.056035,0.995954,0,0.85978,0.24040,51.587,0.481,-1,375.000,-1,375.000,-1,325.000,325.000,300.000,300.000,-1,-1,-1,-1,675.000,675.000,-1,-1,2,0,2,0,2,0,0,0,0,2,2,2,2,0,0,2,2
111,6809.110,-704.508,55.127,137.001,-0.732294,-0.680885,-0.011867,0.677502,-0.730195,0.088351,-0.068822,0.056660,0.996019,0,0.85957,0.23790,51.574,0.476,-1,375.000,-1,375.000,-1,325.000,325.000,300.000,300.000,-1,-1,-1,-1,650.000,675.000,-1,-1,2,0,2,0,2,0,0,0,0,2,2,2,2,0,0,2,2
112,6771.118,-669.662,52.011,137.473,-0.737883,-0.674838,-0.011053,0.671583,-0.735754,0.087421,-0.067127,0.057083,0.996110,0,0.85921,0.23568,51.552,0.471,-1,375.000,-1,375.000,-1,325.000,325.000,300.000,300.000,-1,-1,-1,-1,650.000,675.000,-1,-1,2,0,2,0,2,0,0,0,0,2,2,2,2,0,0,2,2
113,6732.865,-635.149,48.904,137.941,-0.743389,-0.668782,-0.010136,0.665659,-0.741228,0.086484,-0.065352,0.057544,0.996202,0,0.85870,0.23424,51.522,0.468,-1,375.000,-1,375.000,-1,325.000,300.000,300.000,300.000,-1,-1,-1,-1,650.000,675.000,-1,-1,2,0,2,0,2,0,0,0,0,2,2,2,2,0,0,2,2
114,6694.362,-600.973,45.807,138.407,-0.748818,-0.662713,-0.009117,0.659727,-0.746620,0.085544,-0.063499,0.058042,0.996293,0,0.85806,0.23296,51.483,0.466,-1,375.000,-1,375.000,-1,325.000,300.000,300.000,300.000,-1,-1,-1,-1,650.000,675.000,-1,-1,2,0,2,0,2,0,0,0,0,2,2,2,2,0,0,2,2
115,6655.617,-567.140,42.714,138.871,-0.754171,-0.656630,-0.007998,0.653788,-0.751936,0.084580,-0.061551,0.058559,0.996385,0,0.85729,0.23184,51.438,0.464,-1,375.000,-1,375.000,-1,300.000,300.000,300.000,300.000,-1,-1,-1,-1,625.000,650.000,-1,-1,2,0,2,0,2,0,0,0,0,2,2,2,2,0,0,2,2
116,6616.641,-533.656,39.902,139.333,-0.759503,-0.650484,-0.005135,0.647885,-0.757128,0.083674,-0.058316,0.060224,0.996480,0,0.85642,0.23088,51.385,0.462,-1,375.000,-1,375.000,-1,300.000,300.000,300.000,300.000,-1,-1,-1,-1,650.000,650.000,-1,-1,2,0,2,0,2,0,0,0,0,2,2,2,2,0,0,2,2
117,6577.622,-500.957,37.164,140.034,-0.767471,-0.641080,-0.002028,0.638748,-0.764941,0.082866,-0.054675,0.062302,0.996559,0,0.84849,0.35088,50.909,0.702,-1,375.000,-1,375.000,1000.000,300.000,300.000,300.000,300.000,-1,-1,-1,-1,650.000,650.000,-1,-1,2,0,2,0,0,0,0,0,0,2,2,2,2,0,0,2,2
118,6538.125,-468.949,34.471,140.976,-0.777951,-0.628323,0.001281,0.626280,-0.775254,0.082190,-0.050649,0.064742,0.996616,0,0.84732,0.47088,50.839,0.942,-1,375.000,-1,375.000,975.000,300.000,300.000,300.000,300.000,-1,-1,525.000,-1,650.000,650.000,-1,1000.000,2,0,2,0,0,0,0,0,0,2,2,0,2,0,0,2,0
119,6498.041,-437.813,31.837,142.158,-0.790776,-0.612087,0.004806,0.610358,-0.787900,0.081707,-0.046226,0.067545,0.996645,0,0.84595,0.59088,50.757,1.182,-1,375.000,-1,375.000,950.000,300.000,300.000,300.000,300.000,-1,525.000,450.000,-1,650.000,650.000,-1,975.000,2,0,2,0,0,0,0,0,0,2,0,0,2,0,0,2,0
120,6457.271,-407.735,29.506,143.580,-0.805716,-0.592255,0.007484,0.590806,-0.802717,0.081203,-0.042085,0.069849,0.996669,0,0.84442,0.71088,50.665,1.422,-1,375.000,-1,375.000,925.000,300.000,300.000,300.000,300.000,-1,475.000,425.000,-1,650.000,650.000,-1,975.000,2,0,2,0,0,0,0,0,0,2,0,0,2,0,0,2,0
121,6415.729,-378.911,27.399,145.241,-0.822527,-0.568642,0.009741,0.567458,-0.819430,0.080782,-0.037953,0.071973,0.996684,0,0.84273,0.83088,50.564,1.662,-1,375.000,-1,375.000,900.000,300.000,300.000,300.000,300.000,-1,475.000,425.000,-1,650.000,625.000,-1,950.000,2,0,2,0,0,0,0,0,0,2,0,0,2,0,0,2,0
122,6373.356,-351.518,25.483,147.115,-0.840643,-0.541461,0.011775,0.540538,-0.837459,0.080501,-0.033727,0.074038,0.996685,0,0.84095,0.93692,50.457,1.874,-1,375.000,-1,350.000,875.000,300.000,300.000,300.000,300.000,-1,450.000,425.000,-1,650.000,625.000,-1,950.000,2,0,2,0,0,0,0,0,0,2,0,0,2,0,0,2,0
123,6330.205,-325.580,24.450,148.990,-0.857812,-0.513799,0.013033,0.513159,-0.854774,0.077650,-0.028756,0.073297,0.996896,0,0.83914,0.93751,50.348,1.875,-1,375.000,-1,375.000,900.000,300.000,300.000,300.000,300.000,-1,450.000,425.000,-1,675.000,625.000,-1,975.000,2,0,2,0,0,0,0,0,0,2,0,0,2,0,0,2,0
124,6286.316,-301.119,23.558,150.867,-0.874083,-0.485559,0.014544,0.485199,-0.871194,0.074848,-0.023673,0.072480,0.997089,0,0.83745,0.93837,50.247,1.877,-1,375.000,-1,375.000,925.000,300.000,300.000,300.000,300.000,-1,450.000,450.000,-1,675.000,650.000,-1,1000.000,2,0,2,0,0,0,0,0,0,2,0,0,2,0,0,2,0
125,6241.728,-278.151,22.788,152.746,-0.889441,-0.456760,0.016284,0.456674,-0.886699,0.072207,-0.018542,0.071660,0.997257,0,0.83594,0.93948,50.157,1.879,-1,375.000,-1,375.000,950.000,300.000,300.000,300.000,300.000,-1,450.000,450.000,-1,675.000,650.000,-1,-1,2,0,2,0,0,0,0,0,0,2,0,0,2,0,0,2,2
126,6196.481,-256.693,22.139,154.628,-0.903868,-0.427423,0.018241,0.427603,-0.901272,0.069741,-0.013369,0.070836,0.997398,0,0.83465,0.94085,50.079,1.882,-1,375.000,-1,375.000,975.000,300.000,300.000,300.000,300.000,-1,450.000,475.000,-1,700.000,650.000,-1,-1,2,0,2,0,0,0,0,0,0,2,0,0,2,0,0,2,2
127,6150.609,-236.759,21.611,156.513,-0.917345,-0.397570,0.020399,0.398010,-0.914897,0.067464,-0.008158,0.070007,0.997513,0,0.83361,0.94246,50.017,1.885,-1,375.000,-1,375.000,1000.000,300.000,300.000,300.000,300.000,-1,425.000,475.000,-1,700.000,650.000,-1,-1,2,0,2,0,0,0,0,0,0,2,0,0,2,0,0,2,2
128,6106.785,-219.193,21.202,158.157,-0.928292,-0.371166,0.022588,0.371837,-0.925986,0.065480,-0.003387,0.069184,0.997598,0,0.78690,0.82246,47.214,1.645,-1,375.000,-1,375.000,-1,300.000,300.000,300.000,300.000,-1,400.000,450.000,-1,700.000,675.000,-1,-1,2,0,2,0,2,0,0,0,0,2,0,0,2,0,0,2,2
129,6062.566,-202.716,20.866,159.562,-0.937026,-0.348371,0.024879,0.349257,-0.934864,0.063634,0.001091,0.068316,0.997663,0,0.78650,0.70246,47.190,1.405,-1,375.000,-1,375.000,-1,300.000,300.000,300.000,325.000,-1,375.000,450.000,-1,725.000,675.000,-1,-1,2,0,2,0,2,0,0,0,0,2,0,0,2,0,0,2,2
130,6018.025,-187.141,20.593,160.727,-0.943828,-0.329313,0.027234,0.330395,-0.941810,0.061911,0.005261,0.067432,0.997710,0,0.78643,0.58246,47.186,1.165,-1,375.000,-1,375.000,-1,325.000,300.000,275.000,300.000,-1,375.000,425.000,-1,725.000,675.000,-1,-1,2,0,2,0,2,0,0,0,0,2,0,0,2,0,0,2,2
131,5973.225,-172.284,20.717,161.652,-0.948959,-0.314056,0.029073,0.315296,-0.946970,0.061933,0.008081,0.067938,0.997657,0,0.78668,0.46246,47.201,0.925,-1,375.000,-1,375.000,-1,325.000,300.000,275.000,300.000,-1,375.000,450.000,-1,725.000,675.000,-1,-1,2,0,2,0,2,0,0,0,0,2,0,0,2,0,0,2,2
132,5928.219,-157.955,20.890,162.337,-0.952586,-0.302702,0.030835,0.304087,-0.950620,0.062064,0.010526,0.068498,0.997596,0,0.78720,0.34246,47.232,0.685,-1,400.000,-1,375.000,-1,325.000,300.000,275.000,300.000,-1,400.000,450.000,-1,750.000,675.000,-1,-1,2,0,2,0,2,0,0,0,0,2,0,0,2,0,0,2,2
133,5883.060,-143.961,21.107,162.782,-0.954850,-0.295298,0.032556,0.296819,-0.952900,0.062296,0.012627,0.069147,0.997527,0,0.78797,0.22246,47.278,0.445,-1,400.000,-1,375.000,-1,325.000,300.000,300.000,300.000,-1,425.000,475.000,-1,750.000,675.000,-1,-1,2,0,2,0,2,0,0,0,0,2,0,0,2,0,0,2,2
134,5837.795,-130.111,21.513,162.987,-0.955860,-0.291884,0.033689,0.293489,-0.953935,0.062222,0.013976,0.069362,0.997494,0,0.78894,0.10246,47.337,0.205,-1,400.000,-1,375.000,-1,325.000,300.000,300.000,300.000,-1,450.000,475.000,-1,750.000,675.000,-1,-1,2,0,2,0,2,0,0,0,0,2,0,0,2,0,0,2,2
135,5792.472,-116.212,22.272,162.952,-0.955671,-0.292485,0.033840,0.294086,-0.953813,0.061268,0.014357,0.068504,0.997548,0,0.79010,-0.01754,47.406,-0.035,-1,400.000,-1,375.000,-1,325.000,300.000,300.000,300.000,-1,475.000,525.000,-1,750.000,675.000,-1,-1,2,0,2,0,2,0,0,0,0,2,0,0,2,0,0,2,2
136,5747.096,-102.224,23.098,162.868,-0.955227,-0.293900,0.034125,0.295500,-0.953450,0.060105,0.014872,0.067497,0.997609,0,0.79139,-0.04189,47.484,-0.084,-1,400.000,-1,375.000,-1,325.000,300.000,300.000,300.000,-1,525.000,550.000,-1,750.000,675.000,-1,-1,2,0,2,0,2,0,0,0,0,2,0,0,2,0,0,2,2
137,5697.090,-86.958,24.036,163.024,-0.956003,-0.291323,0.034486,0.292931,-0.954326,0.058764,0.015791,0.066281,0.997676,0,0.87139,0.07811,52.284,0.156,-1,400.000,-1,375.000,-1,325.000,300.000,300.000,300.000,-1,550.000,600.000,-1,750.000,650.000,-1,-1,2,0,2,0,2,0,0,0,0,2,0,0,2,0,0,2,2
