timestep,x_cm,y_cm,z_cm,yaw_deg,basis_xx,basis_xy,basis_xz,basis_yx,basis_yy,basis_yz,basis_zx,basis_zy,basis_zz,teleport_flag,throttle_cmd,steering_cmd,cmd_move_cm,cmd_turn_deg,lidar_cm_0,lidar_cm_1,lidar_cm_2,lidar_cm_3,lidar_cm_4,lidar_cm_5,lidar_cm_6,lidar_cm_7,lidar_cm_8,lidar_cm_9,lidar_cm_10,lidar_cm_11,lidar_cm_12,lidar_cm_13,lidar_cm_14,lidar_cm_15,lidar_cm_16,lidar_class_0,lidar_class_1,lidar_class_2,lidar_class_3,lidar_class_4,lidar_class_5,lidar_class_6,lidar_class_7,lidar_class_8,lidar_class_9,lidar_class_10,lidar_class_11,lidar_class_12,lidar_class_13,lidar_class_14,lidar_class_15,lidar_class_16
0,7538.486,327.140,69.981,-170.144,-0.982577,0.171031,-0.072742,-0.173416,-0.984456,0.027800,-0.066857,0.039930,0.996963,1,0.08000,0.12000,4.800,0.240,-1,400.000,-1,425.000,-1,325.000,325.000,300.000,300.000,-1,-1,-1,-1,875.000,975.000,-1,-1,2,0,2,0,2,0,0,0,0,2,2,2,2,0,0,2,2
1,7529.042,325.418,69.354,-169.664,-0.981073,0.179268,-0.073207,-0.181689,-0.982963,0.027816,-0.066973,0.040590,0.996929,0,0.16000,0.24000,9.600,0.480,-1,400.000,-1,425.000,-1,325.000,325.000,300.000,300.000,-1,-1,-1,-1,850.000,975.000,-1,-1,2,0,2,0,2,0,0,0,0,2,2,2,2,0,0,2,2
2,7514.908,322.664,68.421,-168.977,-0.978798,0.191032,-0.073898,-0.193505,-0.980705,0.027824,-0.067157,0.041534,0.996878,0,0.24000,0.34347,14.400,0.687,-1,400.000,-1,425.000,-1,325.000,325.000,300.000,300.000,-1,-1,-1,-1,850.000,975.000,-1,-1,2,0,2,0,2,0,0,0,0,2,2,2,2,0,0,2,2
3,7496.108,318.766,67.183,-168.289,-0.976358,0.202798,-0.074816,-0.205332,-0.978297,0.027819,-0.067551,0.042523,0.996809,0,0.32000,0.34435,19.200,0.689,-1,400.000,-1,425.000,-1,325.000,325.000,300.000,300.000,-1,-1,-1,-1,850.000,975.000,-1,-1,2,0,2,0,2,0,0,0,0,2,2,2,2,0,0,2,2
4,7472.668,313.611,65.647,-167.597,-0.973750,0.214575,-0.075955,-0.217181,-0.975736,0.027789,-0.068150,0.043556,0.996724,0,0.40000,0.34560,24.000,0.691,-1,400.000,-1,425.000,-1,325.000,325.000,300.000,300.000,-1,-1,-1,-1,850.000,975.000,-1,-1,2,0,2,0,2,0,0,0,0,2,2,2,2,0,0,2,2
5,7444.617,307.085,63.821,-166.903,-0.970967,0.226375,-0.077311,-0.229060,-0.973017,0.027724,-0.068949,0.044628,0.996621,0,0.48000,0.34722,28.800,0.694,-1,400.000,-1,425.000,-1,325.000,325.000,300.000,300.000,-1,-1,-1,-1,850.000,975.000,-1,-1,2,0,2,0,2,0,0,0,0,2,2,2,2,0,0,2,2
6,7411.986,299.072,61.712,-166.205,-0.968006,0.238207,-0.078878,-0.240981,-0.970137,0.027614,-0.069944,0.045739,0.996502,0,0.56000,0.34922,33.600,0.698,-1,400.000,-1,425.000,-1,325.000,325.000,300.000,300.000,-1,-1,-1,-1,850.000,975.000,-1,-1,2,0,2,0,2,0,0,0,0,2,2,2,2,0,0,2,2
7,7374.809,289.458,59.331,-165.501,-0.964860,0.250082,-0.080648,-0.252954,-0.967089,0.027447,-0.071130,0.046883,0.996365,0,0.64000,0.35159,38.400,0.703,-1,400.000,-1,425.000,-1,325.000,325.000,300.000,300.000,-1,-1,-1,-1,825.000,975.000,-1,-1,2,0,2,0,2,0,0,0,0,2,2,2,2,0,0,2,2
8,7333.122,278.126,56.686,-164.793,-0.961522,0.262010,-0.082617,-0.264987,-0.963868,0.027211,-0.072502,0.048056,0.996210,0,0.72000,0.35436,43.200,0.709,-1,400.000,-1,425.000,-1,325.000,325.000,300.000,325.000,-1,-1,-1,-1,825.000,975.000,-1,-1,2,0,2,0,2,0,0,0,0,2,2,2,2,0,0,2,2
9,7286.963,264.957,53.647,-164.078,-0.958010,0.273995,-0.084518,-0.277117,-0.960442,0.027511,-0.073637,0.049777,0.996042,0,0.80000,0.35751,48.000,0.715,-1,400.000,-1,425.000,-1,325.000,350.000,300.000,325.000,-1,-1,-1,-1,825.000,950.000,-1,-1,2,0,2,0,2,0,0,0,0,2,2,2,2,0,0,2,2
10,7236.376,249.832,49.743,-163.355,-0.954262,0.286018,-0.087050,-0.289488,-0.956711,0.029998,-0.074702,0.053826,0.995752,0,0.88000,0.36107,52.800,0.722,-1,400.000,-1,425.000,-1,325.000,350.000,300.000,300.000,-1,-1,-1,-1,825.000,950.000,-1,-1,2,0,2,0,2,0,0,0,0,2,2,2,2,0,0,2,2
11,7184.833,233.702,45.634,-162.625,-0.950248,0.298105,-0.090340,-0.302014,-0.952735,0.032913,-0.076258,0.058559,0.995367,0,0.90012,0.36503,54.007,0.730,-1,400.000,-1,425.000,-1,325.000,350.000,300.000,300.000,-1,-1,-1,-1,825.000,925.000,-1,-1,2,0,2,0,2,0,0,0,0,2,2,2,2,0,0,2,2
12,7133.444,216.890,41.393,-161.887,-0.946096,0.310280,-0.092894,-0.314555,-0.948586,0.035217,-0.077191,0.062539,0.995053,0,0.90115,0.36911,54.069,0.738,-1,400.000,-1,425.000,-1,325.000,325.000,300.000,300.000,-1,-1,-1,-1,825.000,925.000,-1,-1,2,0,2,0,2,0,0,0,0,2,2,2,2,1,0,2,2
13,7082.226,199.394,36.787,-161.141,-0.941787,0.322564,-0.094819,-0.327047,-0.944327,0.035884,-0.077965,0.064805,0.994848,0,0.90206,0.37319,54.124,0.746,-1,400.000,-1,425.000,-1,325.000,325.000,300.000,300.000,-1,-1,-1,-1,800.000,900.000,-1,-1,2,0,2,0,2,0,0,0,0,2,2,2,2,1,0,2,2
14,7031.199,181.209,32.082,-160.386,-0.937232,0.334936,-0.097028,-0.339588,-0.939895,0.035750,-0.079222,0.066456,0.994639,0,0.90285,0.37728,54.171,0.755,-1,400.000,-1,425.000,-1,325.000,325.000,300.000,300.000,-1,-1,-1,-1,775.000,900.000,-1,-1,2,0,2,0,2,0,0,0,0,2,2,2,2,1,0,2,2
15,6980.381,162.333,27.449,-159.623,-0.932464,0.347380,-0.099187,-0.352199,-0.935249,0.035555,-0.080413,0.068088,0.994433,0,0.90350,0.38138,54.210,0.763,-1,400.000,-1,425.000,-1,325.000,325.000,300.000,300.000,-1,-1,-1,-1,750.000,875.000,-1,-1,2,0,2,0,2,0,0,0,0,2,2,2,2,1,0,2,2
16,6929.793,142.763,22.891,-158.853,-0.927479,0.359892,-0.101293,-0.364876,-0.930387,0.035300,-0.081537,0.069700,0.994230,0,0.90403,0.38548,54.242,0.771,-1,400.000,-1,425.000,-1,325.000,325.000,300.000,300.000,-1,-1,-1,-1,725.000,875.000,1000.000,-1,2,0,2,0,2,0,0,0,0,2,2,2,2,1,0,1,2
17,6877.550,121.830,18.236,-158.166,-0.922863,0.370981,-0.103422,-0.376125,-0.925909,0.034972,-0.082786,0.071174,0.994023,0,0.93801,0.34345,56.280,0.687,-1,400.000,-1,400.000,-1,325.000,325.000,300.000,300.000,-1,-1,-1,-1,700.000,850.000,925.000,-1,2,0,2,0,2,0,0,0,0,2,2,2,2,1,0,1,2
18,6825.193,100.115,13.627,-157.474,-0.918084,0.382085,-0.105511,-0.387385,-0.921269,0.034589,-0.083988,0.072629,0.993816,0,0.94470,0.34562,56.682,0.691,-1,400.000,-1,400.000,-1,325.000,325.000,300.000,300.000,-1,-1,-1,-1,675.000,850.000,875.000,-1,2,0,2,0,2,0,0,0,0,2,2,2,2,1,0,1,2
19,6777.427,79.862,9.460,-157.023,-0.914831,0.389298,-0.107386,-0.394730,-0.918160,0.034207,-0.085281,0.073682,0.993629,0,0.86470,0.22562,51.882,0.451,-1,400.000,-1,400.000,-1,325.000,325.000,300.000,300.000,-1,-1,-1,-1,650.000,825.000,825.000,-1,2,0,2,0,2,0,0,0,0,2,2,2,2,1,0,1,2
20,6734.149,61.323,5.707,-156.812,-0.913192,0.392661,-0.109073,-0.398202,-0.916673,0.033859,-0.086689,0.074352,0.993457,0,0.78470,0.10562,47.082,0.211,850.000,375.000,-1,400.000,-1,325.000,325.000,300.000,325.000,-1,-1,-1,-1,625.000,825.000,775.000,-1,1,1,2,0,2,0,0,0,0,2,2,2,2,1,0,1,2
21,6695.274,44.694,2.344,-156.841,-0.913211,0.392192,-0.110590,-0.397820,-0.916849,0.033570,-0.088229,0.074652,0.993299,0,0.70470,-0.01438,42.282,-0.029,800.000,375.000,-1,400.000,-1,325.000,325.000,300.000,325.000,-1,-1,-1,-1,600.000,825.000,725.000,-1,1,1,2,0,2,0,0,0,0,2,2,2,2,1,0,1,2
22,6660.744,30.114,-0.873,-157.109,-0.914928,0.387864,-0.111660,-0.393631,-0.918624,0.034410,-0.089227,0.075435,0.993151,0,0.62470,-0.13438,37.482,-0.269,750.000,375.000,-1,400.000,-1,325.000,325.000,300.000,325.000,-1,-1,-1,-1,575.000,800.000,675.000,-1,1,1,2,0,2,0,0,0,0,2,2,2,2,1,0,1,2
23,6630.524,17.669,-3.730,-157.618,-0.918244,0.379680,-0.112567,-0.385568,-0.922002,0.035354,-0.090364,0.075866,0.993015,0,0.54470,-0.25438,32.682,-0.509,700.000,375.000,-1,400.000,-1,325.000,325.000,300.000,325.000,-1,-1,-1,-1,575.000,800.000,650.000,-1,1,1,2,0,2,0,0,0,0,2,2,2,2,1,0,1,2
24,6604.605,7.391,-6.220,-158.367,-0.923030,0.367598,-0.113520,-0.373593,-0.926883,0.036267,-0.091888,0.075886,0.992874,0,0.46470,-0.37438,27.882,-0.749,675.000,375.000,-1,400.000,-1,325.000,325.000,300.000,300.000,-1,-1,-1,-1,550.000,800.000,625.000,-1,1,1,2,0,2,0,0,0,0,2,2,2,2,1,0,1,2
25,6583.004,-0.747,-8.308,-159.356,-0.929151,0.351564,-0.114374,-0.357631,-0.933127,0.037072,-0.093692,0.075349,0.992746,0,0.38470,-0.49438,23.082,-0.989,625.000,375.000,-1,400.000,-1,325.000,325.000,300.000,300.000,-1,-1,-1,-1,550.000,800.000,600.000,-1,1,1,2,0,2,0,0,0,0,2,2,2,2,1,0,1,2
26,6565.761,-6.823,-9.981,-160.584,-0.936409,0.331501,-0.115088,-0.337600,-0.940533,0.037742,-0.095733,0.074196,0.992638,0,0.30470,-0.61438,18.282,-1.229,600.000,375.000,-1,400.000,-1,325.000,325.000,300.000,300.000,-1,-1,-1,-1,550.000,775.000,575.000,-1,1,1,2,0,2,0,0,0,0,2,2,2,2,1,0,1,2
27,6552.934,-10.976,-11.232,-162.053,-0.944550,0.307325,-0.115656,-0.313411,-0.948845,0.038291,-0.097972,0.072415,0.992551,0,0.22470,-0.73438,13.482,-1.469,575.000,375.000,-1,400.000,-1,325.000,325.000,300.000,300.000,-1,-1,-1,-1,550.000,775.000,550.000,-1,1,1,2,0,2,0,0,0,0,2,2,2,2,1,0,1,2
28,6544.599,-13.409,-12.044,-163.708,-0.953001,0.279847,-0.116078,-0.285876,-0.957485,0.038692,-0.100315,0.070058,0.992486,0,0.14470,-0.82731,8.682,-1.655,550.000,375.000,-1,400.000,-1,325.000,325.000,300.000,300.000,-1,-1,-1,-1,550.000,775.000,550.000,-1,1,1,2,0,2,0,0,0,0,2,2,2,2,1,0,1,2
29,6540.842,-14.389,-12.398,-165.354,-0.960639,0.252263,-0.116344,-0.258202,-0.965307,0.038918,-0.102491,0.067427,0.992446,0,0.06470,-0.82334,3.882,-1.647,550.000,375.000,-1,400.000,-1,325.000,325.000,300.000,300.000,-1,-1,-1,-1,575.000,775.000,550.000,-1,1,1,2,0,2,0,0,0,0,2,2,2,2,1,0,1,2
30,6541.735,-14.180,-12.276,-166.994,-0.967471,0.224583,-0.116458,-0.230397,-0.972317,0.038952,-0.104486,0.064517,0.992431,0,-0.01530,-0.81980,-0.918,-1.640,525.000,375.000,-1,400.000,-1,325.000,325.000,300.000,300.000,-1,-1,-1,-1,575.000,800.000,550.000,-1,1,1,2,0,2,0,0,0,0,2,2,2,2,1,0,1,2
31,6547.340,-13.050,-11.659,-168.628,-0.973504,0.196815,-0.116424,-0.202467,-0.978521,0.038779,-0.106291,0.061323,0.992442,0,-0.09530,-0.81675,-5.718,-1.633,525.000,375.000,-1,400.000,-1,325.000,325.000,300.000,300.000,-1,-1,-1,-1,600.000,800.000,575.000,-1,1,1,2,0,2,0,0,0,0,2,2,2,2,1,0,1,2
32,6557.705,-11.268,-10.532,-170.256,-0.978743,0.168962,-0.116249,-0.174416,-0.983924,0.038384,-0.107894,0.057844,0.992478,0,-0.17530,-0.81423,-10.518,-1.628,550.000,400.000,-1,400.000,-1,325.000,325.000,300.000,300.000,-1,-1,-1,-1,600.000,800.000,600.000,-1,1,1,2,0,2,0,0,0,0,2,2,2,2,1,0,1,2
33,6572.869,-9.102,-8.873,-171.881,-0.983195,0.141029,-0.115928,-0.146248,-0.988527,0.037772,-0.109271,0.054091,0.992539,0,-0.25530,-0.81230,-15.318,-1.625,550.000,400.000,-1,400.000,-1,325.000,325.000,300.000,300.000,-1,-1,-1,-1,625.000,800.000,625.000,-1,1,0,2,0,2,0,0,0,0,2,2,2,2,1,0,1,2
34,6592.857,-6.824,-6.691,-173.503,-0.986853,0.113016,-0.115539,-0.117974,-0.992327,0.036992,-0.110472,0.050136,0.992614,0,-0.33530,-0.81098,-20.118,-1.622,575.000,400.000,-1,400.000,-1,325.000,325.000,300.000,300.000,-1,-1,-1,-1,650.000,800.000,650.000,-1,1,0,2,0,2,0,0,0,0,2,2,2,2,1,0,1,2
35,6616.597,-4.797,-4.342,-175.123,-0.989779,0.084921,-0.114569,-0.089681,-0.995282,0.037040,-0.110883,0.046936,0.992724,0,-0.39711,-0.81027,-23.826,-1.621,600.000,400.000,-1,400.000,-1,325.000,325.000,300.000,300.000,-1,-1,-1,-1,675.000,825.000,700.000,-1,1,0,2,0,2,0,0,0,0,2,2,2,2,1,0,1,2
36,6640.568,-3.431,-1.975,-176.743,-0.991919,0.056756,-0.113474,-0.061323,-0.997426,0.037164,-0.111073,0.043823,0.992846,0,-0.40016,-0.81006,-24.009,-1.620,600.000,400.000,-1,400.000,-1,325.000,325.000,300.000,300.000,-1,-1,-1,-1,700.000,825.000,750.000,-1,1,0,2,0,2,0,0,0,0,2,2,2,2,1,0,1,2
37,6664.747,-2.739,0.444,-178.363,-0.993259,0.028542,-0.112345,-0.032910,-0.998765,0.037220,-0.111144,0.040667,0.992972,0,-0.40315,-0.80994,-24.189,-1.620,650.000,400.000,-1,400.000,-1,325.000,325.000,300.000,300.000,-1,-1,-1,-1,725.000,850.000,800.000,-1,1,0,2,0,2,0,0,0,0,2,2,2,2,1,0,1,2
38,6689.112,-2.731,2.914,-179.983,-0.993800,0.000298,-0.111186,-0.004462,-0.999298,0.037207,-0.111097,0.037472,0.993103,0,-0.40609,-0.80991,-24.365,-1.620,675.000,400.000,-1,400.000,-1,325.000,325.000,300.000,300.000,-1,-1,-1,-1,775.000,850.000,875.000,-1,1,0,2,0,2,0,0,0,0,2,2,2,2,1,0,1,2
39,6713.641,-3.416,5.430,-181.603,-0.993538,-0.027955,-0.110002,0.023999,-0.999022,0.037124,-0.110933,0.034244,0.993238,0,-0.40897,-0.80997,-24.538,-1.620,700.000,400.000,-1,400.000,-1,325.000,325.000,300.000,300.000,-1,-1,-1,-1,800.000,850.000,975.000,-1,1,0,2,0,2,0,0,0,0,2,2,2,2,0,0,1,2
40,6738.310,-4.804,7.991,-183.223,-0.992474,-0.056197,-0.108797,0.052454,-0.997939,0.036970,-0.110650,0.030985,0.993376,0,-0.41180,-0.81011,-24.708,-1.620,725.000,400.000,-1,400.000,-1,325.000,325.000,300.000,300.000,-1,-1,-1,-1,800.000,850.000,-1,-1,1,0,2,0,2,0,0,0,0,2,2,2,2,0,0,2,2
41,6763.096,-6.904,10.593,-184.844,-0.990608,-0.084406,-0.107574,0.080880,-0.996046,0.036745,-0.110250,0.027700,0.993518,0,-0.41457,-0.81033,-24.874,-1.621,775.000,400.000,-1,400.000,-1,325.000,325.000,300.000,300.000,-1,-1,-1,-1,800.000,850.000,-1,-1,1,0,2,0,2,0,0,0,0,2,2,2,2,0,0,2,2
42,6787.973,-9.723,13.234,-186.465,-0.987938,-0.112563,-0.106337,0.109256,-0.993345,0.036450,-0.109733,0.024392,0.993662,0,-0.41727,-0.81063,-25.036,-1.621,800.000,400.000,-1,400.000,-1,325.000,325.000,300.000,300.000,-1,-1,-1,-1,800.000,850.000,-1,-1,1,0,2,0,2,0,0,0,0,2,2,2,2,0,0,2,2
43,6812.918,-13.267,15.911,-188.087,-0.984467,-0.140645,-0.105092,0.137560,-0.989836,0.036084,-0.109099,0.021067,0.993808,0,-0.41992,-0.81099,-25.195,-1.622,850.000,400.000,-1,400.000,-1,325.000,325.000,300.000,300.000,-1,-1,-1,-1,825.000,875.000,-1,-1,1,0,2,0,2,0,0,0,0,2,2,2,2,0,0,2,2
44,6837.905,-17.542,18.611,-189.710,-0.980196,-0.168632,-0.103820,0.165777,-0.985520,0.035608,-0.108322,0.017692,0.993958,0,-0.42250,-0.81142,-25.350,-1.623,900.000,400.000,-1,425.000,-1,325.000,325.000,300.000,300.000,-1,-1,-1,-1,825.000,875.000,-1,-1,1,0,2,0,2,0,0,0,0,2,2,2,2,0,0,2,2
45,6862.910,-22.553,21.339,-191.334,-0.975126,-0.196502,-0.102544,0.193879,-0.980399,0.035049,-0.107421,0.014296,0.994111,0,-0.42502,-0.81192,-25.501,-1.624,950.000,400.000,-1,425.000,-1,325.000,325.000,300.000,300.000,-1,-1,-1,-1,825.000,875.000,-1,-1,1,0,2,0,2,0,0,0,0,2,2,2,2,0,0,2,2
46,6887.905,-28.305,24.092,-192.959,-0.969259,-0.224234,-0.101273,0.221845,-0.974474,0.034418,-0.106405,0.010893,0.994263,0,-0.42748,-0.81247,-25.649,-1.625,-1,400.000,-1,425.000,-1,325.000,325.000,300.000,300.000,-1,-1,-1,-1,850.000,875.000,-1,-1,2,0,2,0,2,0,0,0,0,2,2,2,2,0,0,2,2
47,6916.762,-35.781,27.296,-194.525,-0.962880,-0.250796,-0.099815,0.248648,-0.968010,0.033613,-0.105052,0.007546,0.994438,0,-0.49681,-0.78322,-29.809,-1.566,-1,400.000,-1,425.000,-1,325.000,325.000,300.000,300.000,-1,-1,-1,-1,850.000,875.000,-1,-1,2,0,2,0,2,0,0,0,0,2,2,2,2,0,0,2,2
48,6945.457,-44.058,30.508,-196.089,-0.955783,-0.277130,-0.098377,0.275223,-0.960823,0.032733,-0.103595,0.004210,0.994611,0,-0.49774,-0.78205,-29.864,-1.564,-1,425.000,-1,425.000,-1,325.000,325.000,300.000,300.000,-1,-1,-1,-1,875.000,900.000,-1,-1,2,0,2,0,2,0,0,0,0,2,2,2,2,0,0,2,2
49,6969.309,-51.760,33.213,-197.893,-0.946653,-0.307245,-0.097206,0.305585,-0.951630,0.031900,-0.102305,0.000494,0.994753,0,-0.41774,-0.90205,-25.064,-1.804,-1,425.000,-1,425.000,-1,325.000,325.000,300.000,300.000,-1,-1,-1,-1,875.000,900.000,-1,-1,2,0,2,0,2,0,0,0,0,2,2,2,2,0,0,2,2
50,6988.388,-58.590,35.405,-199.696,-0.936556,-0.337030,-0.096296,0.335603,-0.941489,0.031146,-0.101158,-0.003147,0.994865,0,-0.33774,-0.90144,-20.264,-1.803,-1,425.000,-1,425.000,-1,325.000,350.000,300.000,300.000,-1,-1,-1,-1,875.000,900.000,-1,-1,2,0,2,0,2,0,0,0,0,2,2,2,2,0,0,2,2
51,7002.776,-64.258,37.087,-201.497,-0.925510,-0.366447,-0.095642,0.365238,-0.930415,0.030492,-0.100160,-0.006712,0.994949,0,-0.25774,-0.90052,-15.464,-1.801,-1,425.000,-1,425.000,-1,350.000,350.000,300.000,300.000,-1,-1,-1,-1,900.000,900.000,-1,-1,2,0,2,0,2,0,0,0,0,2,2,2,2,0,0,2,2
52,7012.571,-68.476,38.261,-203.297,-0.913527,-0.395472,-0.095239,0.394468,-0.918421,0.029958,-0.099317,-0.010201,0.995004,0,-0.17774,-0.89977,-10.664,-1.800,-1,425.000,-1,425.000,-1,350.000,350.000,300.000,300.000,-1,-1,-1,-1,900.000,900.000,-1,-1,2,0,2,0,2,0,0,0,0,2,2,2,2,0,0,2,2
53,7017.881,-70.964,38.930,-205.095,-0.900619,-0.424083,-0.095076,0.423271,-0.905521,0.029563,-0.098631,-0.013618,0.995031,0,-0.09774,-0.89921,-5.864,-1.798,-1,425.000,-1,425.000,-1,350.000,350.000,300.000,300.000,-1,-1,-1,-1,900.000,900.000,-1,-1,2,0,2,0,2,0,0,0,0,2,2,2,2,0,0,2,2
54,7018.830,-71.446,39.099,-206.893,-0.886797,-0.452259,-0.095145,0.451626,-0.891725,0.029323,-0.098105,-0.016967,0.995031,0,-0.01774,-0.89888,-1.064,-1.798,-1,425.000,-1,425.000,-1,350.000,350.000,300.000,300.000,-1,-1,-1,-1,900.000,900.000,-1,-1,2,0,2,0,2,0,0,0,0,2,2,2,2,0,0,2,2
55,7015.552,-69.654,38.772,-208.691,-0.872073,-0.479980,-0.095434,0.479515,-0.877046,0.029252,-0.097740,-0.020252,0.995006,0,0.06226,-0.89881,3.736,-1.798,-1,425.000,-1,425.000,-1,350.000,350.000,300.000,300.000,-1,-1,-1,-1,900.000,900.000,-1,-1,2,0,2,0,2,0,0,0,0,2,2,2,2,0,0,2,2
56,7008.196,-65.324,37.955,-210.489,-0.856457,-0.507227,-0.095929,0.506921,-0.861492,0.029364,-0.097536,-0.023479,0.994955,0,0.14226,-0.89906,8.536,-1.798,-1,425.000,-1,425.000,-1,350.000,350.000,300.000,300.000,-1,-1,-1,-1,900.000,875.000,-1,-1,2,0,2,0,2,0,0,0,0,2,2,2,2,0,0,2,2
57,6996.921,-58.202,36.656,-212.288,-0.839956,-0.533985,-0.096615,0.533826,-0.845074,0.029669,-0.097490,-0.026655,0.994879,0,0.22226,-0.89966,13.336,-1.799,-1,425.000,-1,425.000,-1,350.000,325.000,300.000,300.000,-1,-1,-1,-1,900.000,875.000,-1,-1,2,0,2,0,2,0,0,0,0,2,2,2,2,0,0,2,2
58,6981.901,-48.038,34.872,-214.089,-0.822577,-0.560236,-0.097482,0.560212,-0.827798,0.030211,-0.097620,-0.029759,0.994779,0,0.30226,-0.90068,18.136,-1.801,-1,425.000,-1,425.000,-1,350.000,325.000,300.000,300.000,-1,-1,-1,-1,900.000,875.000,-1,-1,2,0,2,0,2,0,0,0,0,2,2,2,2,0,0,2,2
59,6963.319,-34.592,32.614,-215.894,-0.804326,-0.585966,-0.098508,0.586065,-0.809671,0.030992,-0.097919,-0.032804,0.994654,0,0.38226,-0.90216,22.936,-1.804,-1,425.000,-1,425.000,-1,350.000,325.000,300.000,300.000,-1,-1,-1,-1,900.000,850.000,-1,-1,2,0,2,0,2,0,0,0,0,2,2,2,2,0,0,2,2
60,6941.373,-17.631,29.892,-217.702,-0.785205,-0.611161,-0.099673,0.611374,-0.790695,0.031993,-0.098364,-0.035817,0.994506,0,0.46226,-0.90417,27.736,-1.808,-1,425.000,-1,400.000,-1,325.000,325.000,300.000,300.000,-1,-1,-1,-1,900.000,850.000,-1,-1,2,0,2,0,2,0,0,0,0,2,2,2,2,0,0,2,2
61,6916.271,3.070,26.717,-219.515,-0.765216,-0.635807,-0.100961,0.636124,-0.770872,0.033213,-0.098945,-0.038809,0.994336,0,0.54226,-0.90676,32.536,-1.814,-1,425.000,-1,400.000,-1,325.000,325.000,300.000,300.000,-1,-1,-1,-1,900.000,825.000,-1,-1,2,0,2,0,2,0,0,0,0,2,2,2,2,0,0,2,2
62,6888.236,27.728,23.098,-221.335,-0.744358,-0.659890,-0.102352,0.660303,-0.750199,0.034649,-0.099649,-0.041792,0.994145,0,0.62226,-0.91001,37.336,-1.820,-1,425.000,-1,400.000,-1,325.000,325.000,300.000,300.000,-1,-1,-1,-1,875.000,825.000,-1,-1,2,0,2,0,2,0,0,0,0,2,2,2,2,0,0,2,2
63,6858.314,55.785,19.154,-223.160,-0.722673,-0.683353,-0.103790,0.683858,-0.728714,0.036253,-0.100407,-0.044779,0.993938,0,0.68363,-0.91231,41.018,-1.825,-1,425.000,-1,400.000,-1,325.000,325.000,300.000,300.000,-1,-1,-1,-1,875.000,800.000,-1,-1,2,0,2,0,2,0,0,0,0,2,2,2,2,0,0,2,2
64,6829.462,84.615,15.113,-224.983,-0.700287,-0.706064,-0.105226,0.706754,-0.706489,0.037026,-0.100484,-0.048441,0.993759,0,0.67977,-0.91132,40.786,-1.823,-1,425.000,-1,400.000,-1,325.000,325.000,300.000,300.000,-1,-1,-1,-1,875.000,800.000,-1,-1,2,0,2,0,2,0,0,0,0,2,2,2,2,0,0,2,2
65,6801.706,114.172,10.984,-226.804,-0.677214,-0.728003,-0.106735,0.728974,-0.683541,0.036995,-0.099890,-0.052753,0.993599,0,0.67577,-0.91072,40.546,-1.821,-1,425.000,-1,400.000,-1,325.000,325.000,300.000,300.000,-1,-1,-1,-1,850.000,800.000,-1,-1,2,0,2,0,2,0,0,0,0,2,2,2,2,0,0,2,2
66,6775.064,144.412,6.933,-228.625,-0.653463,-0.749179,-0.108245,0.750437,-0.659906,0.036994,-0.099147,-0.057057,0.993436,0,0.67169,-0.91048,40.301,-1.821,-1,400.000,-1,400.000,-1,325.000,325.000,300.000,300.000,-1,-1,-1,-1,850.000,800.000,-1,-1,2,0,2,0,2,0,0,0,0,2,2,2,2,0,0,2,2
67,6749.553,175.295,2.969,-230.446,-0.629051,-0.769577,-0.109752,0.771128,-0.635602,0.037038,-0.098262,-0.061334,0.993269,0,0.66760,-0.91061,40.056,-1.821,-1,400.000,-1,400.000,-1,325.000,325.000,300.000,300.000,-1,-1,-1,-1,850.000,775.000,-1,-1,2,0,2,0,2,0,0,0,0,2,2,2,2,0,0,2,2
68,6725.184,206.783,-0.907,-232.269,-0.603995,-0.789186,-0.111251,0.791035,-0.610644,0.037128,-0.097235,-0.065578,0.993099,0,0.66358,-0.91111,39.815,-1.822,-1,400.000,-1,400.000,-1,325.000,325.000,300.000,300.000,-1,-1,-1,-1,850.000,775.000,-1,-1,2,0,2,0,2,0,0,0,0,2,2,2,2,0,0,2,2
69,6698.863,242.807,-5.182,-233.851,-0.581704,-0.805535,-0.112842,0.807659,-0.588467,0.037333,-0.096477,-0.069421,0.992911,0,0.74358,-0.79111,44.615,-1.582,-1,400.000,-1,400.000,-1,325.000,325.000,300.000,300.000,-1,-1,-1,-1,825.000,775.000,-1,-1,2,0,2,0,2,0,0,0,0,2,2,2,2,0,0,2,2
70,6671.219,282.564,-9.751,-235.193,-0.562415,-0.818900,-0.114424,0.821270,-0.569299,0.037620,-0.095949,-0.072814,0.992719,0,0.80703,-0.67111,48.422,-1.342,-1,400.000,-1,400.000,-1,325.000,325.000,300.000,300.000,-1,-1,-1,-1,825.000,775.000,-1,-1,2,0,2,0,2,0,0,0,0,2,2,2,2,0,0,2,2
71,6644.452,322.686,-14.259,-236.295,-0.546312,-0.829517,-0.115950,0.832105,-0.553319,0.037941,-0.095630,-0.075755,0.992530,0,0.80385,-0.55111,48.231,-1.102,-1,400.000,-1,400.000,-1,325.000,325.000,300.000,300.000,-1,-1,-1,-1,825.000,775.000,-1,-1,2,0,2,0,2,0,0,0,0,2,2,2,2,0,0,2,2
72,6618.376,363.077,-18.750,-237.157,-0.533516,-0.837580,-0.117558,0.840366,-0.540665,0.038292,-0.095632,-0.078362,0.992328,0,0.80126,-0.43111,48.076,-0.862,-1,400.000,-1,400.000,-1,325.000,325.000,300.000,300.000,-1,-1,-1,-1,800.000,775.000,-1,-1,2,0,2,0,2,0,0,0,0,2,2,2,2,0,0,2,2
73,6592.805,403.646,-23.228,-237.780,-0.524139,-0.843252,-0.119183,0.846212,-0.531443,0.038658,-0.095937,-0.080592,0.992119,0,0.79926,-0.31111,47.955,-0.622,-1,400.000,-1,400.000,-1,325.000,325.000,300.000,300.000,-1,-1,-1,-1,800.000,750.000,-1,-1,2,0,2,0,2,0,0,0,0,2,2,2,2,0,0,2,2
74,6567.626,444.359,-27.687,-238.268,-0.516688,-0.847614,-0.120766,0.850733,-0.524148,0.039018,-0.096372,-0.082579,0.991914,0,0.79781,-0.24425,47.869,-0.489,-1,400.000,-1,400.000,-1,325.000,325.000,300.000,300.000,-1,-1,-1,-1,800.000,750.000,-1,-1,2,0,2,0,2,0,0,0,0,2,2,2,2,0,0,2,2
75,6542.831,485.235,-32.137,-238.763,-0.509121,-0.851966,-0.122270,0.855244,-0.516729,0.039361,-0.096714,-0.084531,0.991716,0,0.79680,-0.24724,47.808,-0.494,-1,400.000,-1,400.000,-1,325.000,325.000,300.000,300.000,-1,-1,-1,-1,775.000,750.000,-1,-1,2,0,2,0,2,0,0,0,0,2,2,2,2,0,0,2,2
76,6518.417,526.290,-36.592,-239.264,-0.501441,-0.856314,-0.123627,0.859746,-0.509178,0.039675,-0.096922,-0.086393,0.991535,0,0.79608,-0.25047,47.765,-0.501,-1,400.000,-1,400.000,-1,325.000,325.000,300.000,300.000,-1,-1,-1,-1,775.000,750.000,-1,-1,2,0,2,0,2,0,0,0,0,2,2,2,2,0,0,2,2
77,6494.381,567.538,-41.198,-239.771,-0.493736,-0.860699,-0.124185,0.864231,-0.501514,0.039863,-0.096590,-0.087643,0.991458,0,0.79566,-0.25393,47.740,-0.508,-1,400.000,-1,400.000,-1,325.000,325.000,300.000,300.000,-1,-1,-1,-1,775.000,750.000,-1,-1,2,0,2,0,2,0,0,0,0,2,2,2,2,0,0,2,2
78,6470.720,608.994,-45.807,-240.287,-0.485915,-0.865083,-0.124569,0.868714,-0.493702,0.039916,-0.096031,-0.088819,0.991408,0,0.79555,-0.25760,47.733,-0.515,-1,400.000,-1,400.000,-1,325.000,325.000,300.000,300.000,-1,-1,-1,-1,775.000,750.000,-1,-1,2,0,2,0,2,0,0,0,0,2,2,2,2,0,0,2,2
79,6447.432,650.676,-50.382,-240.810,-0.477940,-0.869457,-0.124975,0.873197,-0.485731,0.039903,-0.095398,-0.090056,0.991357,0,0.79575,-0.26150,47.745,-0.523,-1,400.000,-1,400.000,-1,325.000,325.000,300.000,300.000,-1,-1,-1,-1,775.000,750.000,-1,-1,2,0,2,0,2,0,0,0,0,2,2,2,2,0,0,2,2
80,6424.518,692.598,-54.933,-241.341,-0.469803,-0.873821,-0.125389,0.877676,-0.477594,0.039854,-0.094711,-0.091327,0.991307,0,0.79625,-0.26560,47.775,-0.531,-1,400.000,-1,400.000,-1,325.000,325.000,300.000,300.000,-1,-1,-1,-1,775.000,750.000,-1,-1,2,0,2,0,2,0,0,0,0,2,2,2,2,0,0,2,2
81,6401.976,734.777,-59.459,-241.881,-0.461496,-0.878175,-0.125814,0.882151,-0.469284,0.039772,-0.093969,-0.092632,0.991256,0,0.79707,-0.26990,47.824,-0.540,-1,400.000,-1,400.000,-1,325.000,325.000,300.000,300.000,-1,-1,-1,-1,775.000,725.000,-1,-1,2,0,2,0,2,0,0,0,0,2,2,2,2,0,0,2,2
82,6379.808,777.230,-63.937,-242.429,-0.453012,-0.882527,-0.126199,0.886614,-0.460797,0.039773,-0.093253,-0.093873,0.991207,0,0.79820,-0.27440,47.892,-0.549,-1,400.000,-1,400.000,-1,325.000,325.000,300.000,300.000,-1,-1,-1,-1,775.000,725.000,-1,-1,2,0,2,0,2,0,0,0,0,2,2,2,2,0,0,2,2
83,6358.016,819.975,-68.380,-242.988,-0.444346,-0.886870,-0.126562,0.891068,-0.452125,0.039769,-0.092492,-0.095104,0.991161,0,0.79964,-0.27909,47.979,-0.558,-1,400.000,-1,400.000,-1,325.000,325.000,300.000,300.000,-1,-1,-1,-1,750.000,725.000,-1,-1,2,0,2,0,2,0,0,0,0,2,2,2,2,0,0,2,2
84,6336.601,863.027,-72.741,-243.556,-0.435528,-0.891219,-0.126664,0.895510,-0.443267,0.039703,-0.091530,-0.096137,0.991151,0,0.80139,-0.28397,48.083,-0.568,-1,400.000,-1,400.000,-1,325.000,325.000,300.000,300.000,-1,-1,-1,-1,750.000,725.000,-1,-1,2,0,2,0,2,0,0,0,0,2,2,2,2,0,0,2,2
85,6315.569,906.403,-77.103,-244.134,-0.426516,-0.895545,-0.126822,0.899949,-0.434204,0.039477,-0.090420,-0.097296,0.991140,0,0.80343,-0.28903,48.206,-0.578,-1,400.000,-1,400.000,-1,325.000,325.000,300.000,300.000,-1,-1,-1,-1,750.000,725.000,-1,-1,2,0,2,0,2,0,0,0,0,2,2,2,2,0,0,2,2
86,6294.923,950.120,-81.440,-244.722,-0.417303,-0.899851,-0.126989,0.904376,-0.424932,0.039198,-0.089234,-0.098488,0.991129,0,0.80577,-0.29427,48.346,-0.589,-1,400.000,-1,400.000,-1,325.000,325.000,300.000,300.000,-1,-1,-1,-1,750.000,700.000,-1,-1,2,0,2,0,2,0,0,0,0,2,2,2,2,0,0,2,2
87,6274.670,994.193,-85.745,-245.321,-0.407879,-0.904140,-0.127144,0.908785,-0.415447,0.038912,-0.088004,-0.099675,0.991121,0,0.80840,-0.29968,48.504,-0.599,-1,400.000,-1,375.000,-1,325.000,325.000,300.000,300.000,-1,-1,-1,-1,750.000,700.000,-1,-1,2,0,2,0,2,0,0,0,0,2,2,2,2,0,0,2,2
88,6254.817,1038.640,-90.015,-245.932,-0.398240,-0.908407,-0.127288,0.913172,-0.405741,0.038620,-0.086729,-0.100856,0.991114,0,0.81131,-0.30526,48.679,-0.611,-1,400.000,-1,375.000,-1,325.000,325.000,300.000,300.000,-1,-1,-1,-1,725.000,700.000,-1,-1,2,0,2,0,2,0,0,0,0,2,2,2,2,0,0,2,2
89,6235.192,1083.874,-94.289,-246.548,-0.388477,-0.912605,-0.127424,0.917491,-0.395907,0.038319,-0.085418,-0.102024,0.991108,0,0.82178,-0.30789,49.307,-0.616,-1,400.000,-1,375.000,-1,325.000,325.000,300.000,300.000,-1,-1,-1,-1,725.000,700.000,-1,-1,2,0,2,0,2,0,0,0,0,2,2,2,2,0,0,2,2
90,6216.062,1129.296,-98.510,-247.163,-0.378689,-0.916693,-0.127548,0.921697,-0.386045,0.038012,-0.084084,-0.103166,0.991104,0,0.82141,-0.30745,49.285,-0.615,-1,400.000,-1,375.000,-1,325.000,325.000,300.000,300.000,-1,-1,-1,-1,725.000,700.000,-1,-1,2,0,2,0,2,0,0,0,0,2,2,2,2,0,0,2,2
91,6197.430,1174.898,-102.677,-247.777,-0.368867,-0.920673,-0.127663,0.925793,-0.376146,0.037699,-0.082728,-0.104283,0.991101,0,0.82102,-0.30728,49.261,-0.615,-1,400.000,-1,375.000,-1,325.000,325.000,300.000,300.000,-1,-1,-1,-1,700.000,700.000,-1,-1,2,0,2,0,2,0,0,0,0,2,2,2,2,0,0,2,2
92,6179.296,1220.675,-106.770,-248.392,-0.358993,-0.924542,-0.127848,0.929784,-0.366201,0.037404,-0.081399,-0.105443,0.991088,0,0.82062,-0.30739,49.237,-0.615,-1,375.000,-1,375.000,-1,325.000,300.000,300.000,300.000,-1,-1,-1,-1,700.000,675.000,-1,-1,2,0,2,0,2,0,0,0,0,2,2,2,2,0,0,2,2
93,6161.664,1266.623,-110.701,-249.008,-0.349075,-0.928270,-0.128301,0.933693,-0.356189,0.036713,-0.079779,-0.106978,0.991056,0,0.82025,-0.30777,49.215,-0.616,-1,375.000,-1,375.000,-1,300.000,300.000,300.000,300.000,-1,-1,-1,-1,700.000,675.000,-1,-1,2,0,2,0,2,0,0,0,0,2,2,2,2,0,0,2,2
94,6144.246,1313.560,-114.489,-249.643,-0.338810,-0.931950,-0.129138,0.937646,-0.345785,0.035396,-0.077641,-0.109094,0.990995,0,0.83440,-0.31794,50.064,-0.636,-1,375.000,-1,375.000,-1,300.000,300.000,300.000,300.000,-1,-1,-1,-1,675.000,675.000,-1,-1,2,0,2,0,2,0,0,0,0,2,2,2,2,0,0,2,2
95,6127.225,1361.025,-118.241,-250.275,-0.328578,-0.935486,-0.130012,0.941456,-0.335410,0.034068,-0.075477,-0.111207,0.990927,0,0.84039,-0.31586,50.423,-0.632,-1,375.000,-1,375.000,-1,300.000,300.000,300.000,300.000,-1,-1,-1,-1,675.000,675.000,-1,-1,2,0,2,0,2,0,0,0,0,2,2,2,2,0,0,2,2
96,6109.934,1410.883,-122.061,-250.876,-0.318821,-0.938741,-0.130840,0.944966,-0.325515,0.032860,-0.073437,-0.113163,0.990859,0,0.87951,-0.30024,52.771,-0.600,-1,375.000,-1,375.000,-1,300.000,300.000,300.000,325.000,-1,-1,-1,-1,675.000,675.000,950.000,-1,2,0,2,0,2,0,0,0,0,2,2,2,2,0,0,1,2
97,6092.888,1461.714,-125.597,-251.462,-0.309448,-0.941942,-0.130339,0.948290,-0.315860,0.031270,-0.070624,-0.113922,0.990976,0,0.89354,-0.29327,53.613,-0.587,-1,375.000,-1,375.000,-1,300.000,300.000,300.000,325.000,-1,-1,-1,-1,675.000,650.000,900.000,-1,2,0,2,0,2,0,0,0,0,2,2,2,2,0,0,1,2
98,6076.092,1513.508,-129.057,-252.033,-0.300348,-0.944994,-0.129531,0.951432,-0.306441,0.029520,-0.067590,-0.114374,0.991136,0,0.90748,-0.28553,54.449,-0.571,975.000,375.000,-1,375.000,-1,300.000,300.000,300.000,325.000,-1,-1,-1,-1,675.000,650.000,825.000,-1,1,0,2,0,2,0,0,0,0,2,2,2,2,1,0,1,2
99,6059.551,1566.252,-132.501,-252.587,-0.291508,-0.947867,-0.128727,0.954389,-0.297276,0.027705,-0.064529,-0.114779,0.991293,0,0.92128,-0.27696,55.277,-0.554,900.000,375.000,-1,375.000,-1,300.000,300.000,300.000,325.000,-1,875.000,1000.000,-1,650.000,650.000,775.000,-1,1,0,2,0,2,0,0,0,0,2,0,0,2,1,0,1,2
100,6043.266,1619.930,-135.927,-253.122,-0.282960,-0.950562,-0.127926,0.957162,-0.288400,0.025826,-0.061443,-0.115138,0.991447,0,0.93488,-0.26753,56.093,-0.535,825.000,375.000,-1,375.000,-1,300.000,300.000,300.000,300.000,-1,750.000,825.000,-1,625.000,625.000,725.000,-1,1,0,2,0,2,0,0,0,0,2,0,0,2,1,0,1,2
101,6027.619,1674.130,-139.272,-253.897,-0.270417,-0.954312,-0.127135,0.961005,-0.275497,0.023893,-0.057827,-0.115717,0.991598,0,0.94021,-0.38753,56.413,-0.775,750.000,375.000,-1,375.000,-1,300.000,300.000,300.000,300.000,-1,650.000,725.000,-1,600.000,625.000,675.000,1000.000,1,0,2,0,2,0,0,0,0,2,0,0,2,1,0,1,1
102,6012.738,1729.328,-142.533,-254.912,-0.253840,-0.958955,-0.126374,0.965757,-0.258524,0.021885,-0.053658,-0.116492,0.991741,0,0.95280,-0.50753,57.168,-1.015,650.000,375.000,1000.000,375.000,-1,325.000,300.000,300.000,300.000,-1,600.000,625.000,-1,575.000,625.000,600.000,975.000,1,0,1,0,2,0,0,0,0,2,0,0,2,1,0,1,1
103,5998.902,1785.519,-145.677,-256.167,-0.233177,-0.964280,-0.125670,0.971202,-0.237431,0.019801,-0.048932,-0.117433,0.991875,0,0.96447,-0.62753,57.868,-1.255,575.000,375.000,950.000,350.000,-1,300.000,300.000,300.000,300.000,-1,550.000,550.000,-1,575.000,600.000,550.000,950.000,1,0,1,0,2,0,0,0,0,2,0,0,2,1,0,1,1
104,5986.205,1842.618,-148.695,-257.463,-0.211738,-0.969296,-0.125030,0.976333,-0.215552,0.017652,-0.044060,-0.118333,0.991996,0,0.97486,-0.64758,58.492,-1.295,500.000,350.000,875.000,350.000,-1,300.000,300.000,300.000,300.000,-1,525.000,500.000,-1,550.000,600.000,500.000,925.000,1,0,1,0,2,0,0,0,0,2,0,0,2,1,0,1,1
105,5974.657,1900.519,-151.584,-258.721,-0.190822,-0.973704,-0.124452,0.980841,-0.194195,0.015448,-0.039210,-0.119120,0.992105,0,0.98398,-0.62918,59.039,-1.258,450.000,350.000,825.000,350.000,-1,300.000,300.000,300.000,300.000,-1,475.000,450.000,-1,550.000,600.000,450.000,925.000,1,0,1,0,2,0,0,0,0,2,0,0,2,1,0,1,1
106,5964.259,1959.109,-153.708,-259.939,-0.170467,-0.977255,-0.126152,0.984775,-0.173387,0.012457,-0.034047,-0.122107,0.991933,0,0.99174,-0.60910,59.504,-1.218,400.000,350.000,775.000,350.000,-1,300.000,300.000,300.000,300.000,-1,425.000,425.000,-1,550.000,600.000,425.000,975.000,1,0,1,0,2,0,0,0,0,2,0,0,2,1,0,1,0
107,5955.004,2018.269,-155.091,-261.114,-0.150878,-0.980121,-0.128836,0.988152,-0.153240,0.008564,-0.028137,-0.126017,0.991629,0,0.99795,-0.58735,59.877,-1.175,350.000,350.000,700.000,350.000,-1,275.000,275.000,300.000,325.000,-1,400.000,425.000,-1,550.000,600.000,400.000,1000.000,1,0,1,0,2,0,0,0,0,2,0,0,2,1,0,1,0
108,5946.909,2077.722,-155.071,-262.242,-0.132470,-0.983093,-0.126415,0.990985,-0.133939,0.003149,-0.020028,-0.124858,0.991973,0,1.00000,-0.56391,60.000,-1.128,325.000,350.000,650.000,350.000,-1,300.000,300.000,300.000,325.000,-1,400.000,400.000,-1,575.000,600.000,375.000,-1,1,0,1,0,2,0,0,0,0,2,0,0,2,1,1,1,2
109,5939.933,2137.316,-154.912,-263.319,-0.114840,-0.985594,-0.124161,0.993311,-0.115442,-0.002356,-0.012011,-0.123601,0.992259,0,1.00000,-0.53889,60.000,-1.078,300.000,350.000,600.000,350.000,-1,300.000,300.000,300.000,325.000,-1,375.000,375.000,-1,575.000,550.000,375.000,-1,1,0,1,0,2,0,0,0,0,2,0,0,2,1,1,1,2
110,5934.024,2197.026,-154.616,-264.344,-0.098047,-0.987663,-0.122103,0.995173,-0.097814,-0.007913,-0.004128,-0.122289,0.992486,0,1.00000,-0.51234,60.000,-1.025,275.000,350.000,550.000,350.000,-1,300.000,300.000,300.000,325.000,-1,375.000,350.000,-1,525.000,525.000,350.000,-1,1,0,1,0,2,0,0,0,0,2,0,0,2,1,1,1,2
111,5929.126,2256.828,-154.191,-265.313,-0.082153,-0.989340,-0.120236,0.996613,-0.081116,-0.013502,0.003605,-0.120938,0.992654,0,1.00000,-0.48434,60.000,-0.969,250.000,350.000,500.000,375.000,-1,300.000,300.000,325.000,325.000,-1,350.000,350.000,-1,450.000,500.000,350.000,-1,1,0,1,0,2,0,0,0,0,2,0,0,2,1,1,1,2
112,5925.179,2316.674,-153.649,-266.223,-0.067217,-0.990671,-0.118547,0.997676,-0.065406,-0.019108,0.011176,-0.119556,0.992765,0,0.99957,-0.45496,59.974,-0.910,250.000,350.000,450.000,350.000,-1,300.000,300.000,300.000,325.000,-1,350.000,300.000,-1,400.000,475.000,350.000,-1,1,0,1,1,2,0,0,1,0,2,0,0,2,1,1,1,2
113,5922.139,2376.182,-153.003,-267.071,-0.053286,-0.991698,-0.117031,0.998407,-0.050734,-0.024684,0.018542,-0.118160,0.992821,0,0.99307,-0.42435,59.584,-0.849,250.000,325.000,400.000,325.000,-1,300.000,300.000,250.000,325.000,-1,300.000,250.000,-1,350.000,425.000,350.000,-1,1,1,1,1,2,1,1,1,0,2,0,0,2,1,1,1,2
114,5919.935,2435.192,-152.267,-267.857,-0.040398,-0.992466,-0.115673,0.998854,-0.037138,-0.030206,0.025683,-0.116761,0.992828,0,0.98416,-0.39281,59.049,-0.786,225.000,275.000,350.000,300.000,-1,250.000,250.000,225.000,325.000,-1,250.000,225.000,-1,300.000,400.000,325.000,-1,1,1,1,1,2,1,1,1,0,2,0,0,2,1,1,1,2
115,5918.490,2493.549,-151.455,-268.578,-0.028581,-0.993017,-0.114457,0.999060,-0.024645,-0.035654,0.032584,-0.115368,0.992788,0,0.97289,-0.36064,58.374,-0.721,225.000,225.000,300.000,275.000,-1,200.000,225.000,200.000,325.000,-1,225.000,200.000,-1,250.000,350.000,250.000,-1,1,1,1,1,2,1,1,1,0,2,0,0,2,1,1,1,2
116,5917.725,2551.111,-150.579,-269.235,-0.017849,-0.993393,-0.113366,0.999071,-0.013271,-0.041008,0.039232,-0.113992,0.992707,0,0.95943,-0.32816,57.566,-0.656,200.000,175.000,250.000,225.000,-1,175.000,200.000,200.000,300.000,-1,225.000,175.000,-1,200.000,300.000,200.000,-1,1,1,1,1,2,1,1,1,0,2,0,0,2,1,1,1,2
117,5917.557,2607.751,-149.654,-269.826,-0.008204,-0.993631,-0.112381,0.998925,-0.003016,-0.046253,0.045620,-0.112640,0.992588,0,0.94398,-0.29572,56.639,-0.591,150.000,125.000,200.000,200.000,-1,125.000,150.000,175.000,300.000,-1,200.000,175.000,-1,150.000,250.000,150.000,-1,1,1,1,1,2,1,1,1,0,2,0,0,2,1,1,1,2
118,5917.967,2663.370,-132.400,-270.365,0.000194,-0.997924,-0.064406,0.995415,0.006353,-0.095440,0.095651,-0.064092,0.993349,0,0.92685,-0.26935,55.611,-0.539,125.000,125.000,200.000,225.000,-1,125.000,175.000,225.000,275.000,-1,175.000,100.000,575.000,125.000,325.000,125.000,-1,1,1,1,1,2,1,1,1,0,2,0,0,0,1,1,1,2
119,2951.670,-4919.491,-80.213,162.086,-0.941960,-0.307547,-0.134630,0.306879,-0.951387,0.026208,-0.136145,-0.016628,0.990549,1,0.00000,0.00000,60.000,-0.779,850.000,375.000,-1,375.000,-1,300.000,300.000,300.000,325.000,-1,400.000,425.000,-1,600.000,625.000,850.000,925.000,0,0,2,0,2,0,0,0,0,2,0,0,2,0,0,0,0
120,2947.097,-4918.034,-80.867,162.326,-0.943296,-0.303562,-0.134324,0.302873,-0.952675,0.026037,-0.135871,-0.016122,0.990595,0,0.08000,0.12000,4.800,0.240,850.000,375.000,-1,375.000,-1,300.000,300.000,300.000,325.000,-1,400.000,400.000,-1,600.000,625.000,850.000,925.000,0,0,2,0,2,0,0,0,0,2,0,0,2,0,0,0,0
121,2937.927,-4915.196,-82.177,162.806,-0.945916,-0.295575,-0.133708,0.294843,-0.955200,0.025703,-0.135315,-0.015110,0.990687,0,0.16000,0.24000,9.600,0.480,850.000,375.000,-1,375.000,1000.000,300.000,300.000,300.000,325.000,-1,400.000,400.000,-1,600.000,625.000,850.000,925.000,0,0,2,0,0,0,0,0,0,2,0,0,2,0,0,0,0
122,2924.118,-4911.112,-84.142,163.526,-0.949719,-0.283555,-0.132779,0.282758,-0.958860,0.025218,-0.134467,-0.013594,0.990825,0,0.24000,0.36000,14.400,0.720,850.000,375.000,-1,375.000,1000.000,300.000,300.000,300.000,325.000,-1,375.000,400.000,-1,600.000,600.000,850.000,900.000,0,0,2,0,0,0,0,0,0,2,0,0,2,0,0,0,0
123,2905.618,-4905.976,-86.765,164.486,-0.954550,-0.267457,-0.131531,0.266574,-0.963500,0.024604,-0.133311,-0.011577,0.991007,0,0.32000,0.48000,19.200,0.960,850.000,375.000,-1,375.000,975.000,300.000,300.000,300.000,325.000,-1,375.000,375.000,-1,600.000,600.000,850.000,900.000,0,0,2,0,0,0,0,0,0,2,0,0,2,0,0,0,0
124,2882.364,-4900.042,-90.045,165.686,-0.960203,-0.247226,-0.129956,0.246236,-0.968915,0.023891,-0.131823,-0.009060,0.991232,0,0.40000,0.60000,24.000,1.200,875.000,375.000,-1,375.000,950.000,300.000,300.000,300.000,325.000,-1,350.000,375.000,-1,600.000,600.000,850.000,875.000,0,0,2,0,0,0,0,0,0,2,0,0,2,0,0,0,0
125,2854.289,-4893.624,-93.983,167.126,-0.966417,-0.222804,-0.128050,0.221684,-0.974844,0.023116,-0.129979,-0.006047,0.991498,0,0.48000,0.72000,28.800,1.440,875.000,375.000,-1,375.000,925.000,300.000,300.000,300.000,325.000,-1,325.000,350.000,-1,600.000,600.000,850.000,875.000,0,0,2,0,0,0,0,0,0,2,0,0,2,0,0,0,0
126,2821.329,-4887.101,-98.577,168.806,-0.972875,-0.194132,-0.125806,0.192860,-0.980972,0.022331,-0.127747,-0.002538,0.991803,0,0.56000,0.84000,33.600,1.680,875.000,350.000,-1,375.000,900.000,300.000,300.000,300.000,325.000,-1,325.000,350.000,-1,575.000,600.000,850.000,850.000,0,0,2,0,0,0,0,0,0,2,0,0,2,0,0,0,0
127,2783.432,-4880.912,-103.823,170.726,-0.979206,-0.161157,-0.123226,0.159710,-0.986928,0.021597,-0.125095,0.001468,0.992144,0,0.64000,0.96000,38.400,1.920,875.000,350.000,-1,350.000,875.000,300.000,300.000,300.000,325.000,-1,300.000,325.000,-1,575.000,575.000,825.000,825.000,0,0,2,0,0,0,0,0,0,2,0,0,2,0,0,0,0
128,2740.581,-4875.442,-109.719,172.726,-0.984627,-0.126613,-0.120326,0.124995,-0.991936,0.020936,-0.122006,0.005574,0.992514,0,0.72000,1.00000,43.200,2.000,875.000,350.000,-1,350.000,850.000,300.000,300.000,300.000,300.000,-1,275.000,325.000,-1,575.000,575.000,825.000,800.000,0,0,2,0,0,0,0,0,0,2,0,0,2,0,0,0,0
129,2692.785,-4871.030,-116.257,174.726,-0.988855,-0.091915,-0.117120,0.090140,-0.995721,0.020375,-0.118492,0.009590,0.992909,0,0.80000,1.00000,48.000,2.000,875.000,350.000,-1,350.000,800.000,300.000,300.000,300.000,300.000,-1,275.000,300.000,-1,575.000,550.000,825.000,775.000,0,0,2,0,0,0,0,0,0,2,0,0,2,0,0,0,0
130,2643.173,-4868.192,-122.960,176.726,-0.991843,-0.057106,-0.113956,0.055153,-0.998273,0.020223,-0.114914,0.013773,0.993280,0,0.82823,1.00000,49.694,2.000,875.000,350.000,-1,325.000,775.000,300.000,275.000,300.000,300.000,-1,250.000,275.000,-1,575.000,550.000,800.000,750.000,0,0,2,0,0,0,0,0,0,2,0,0,2,0,0,0,0
131,2593.493,-4867.087,-127.942,178.726,-0.993683,-0.022230,-0.109999,0.019998,-0.999572,0.021356,-0.110427,0.019022,0.993702,0,0.82823,1.00000,49.694,2.000,900.000,350.000,-1,325.000,750.000,300.000,275.000,300.000,300.000,-1,275.000,300.000,-1,575.000,550.000,825.000,750.000,0,0,2,0,0,0,0,0,0,2,0,0,2,0,0,0,0
132,2543.805,-4867.718,-131.823,180.726,-0.994434,0.012667,-0.104596,-0.014824,-0.999693,0.019874,-0.104312,0.021313,0.994316,0,0.82823,1.00000,49.694,2.000,950.000,350.000,-1,350.000,800.000,300.000,275.000,300.000,300.000,-1,300.000,325.000,-1,575.000,575.000,875.000,775.000,0,0,2,0,0,0,0,0,0,2,0,0,2,0,0,0,0
133,2494.168,-4870.082,-135.678,182.726,-0.993931,0.047546,-0.099196,-0.049647,-0.998589,0.018823,-0.098161,0.023634,0.994890,0,0.82823,1.00000,49.694,2.000,1000.000,350.000,-1,350.000,800.000,300.000,300.000,300.000,300.000,-1,300.000,325.000,-1,600.000,575.000,900.000,775.000,0,0,2,0,0,0,0,0,0,2,0,0,2,0,0,0,0
134,2444.645,-4874.177,-139.506,184.726,-0.992176,0.082362,-0.093830,-0.084424,-0.996264,0.018209,-0.091979,0.025988,0.995422,0,0.82823,1.00000,49.694,2.000,-1,350.000,-1,350.000,825.000,300.000,300.000,300.000,325.000,-1,325.000,350.000,-1,600.000,575.000,950.000,800.000,2,0,2,0,0,0,0,0,0,2,0,0,2,0,0,0,0
